1.12722 1.1276 1.12796 1.12831 1.12864 1.12894 1.12921 1.12945 1.12967 1.12985 1.13 1.13013 1.13023 1.13032 1.13039 1.13044 1.13048 1.13051 1.13053 1.13055 1.13056 1.13057 1.13058 1.13059 1.13059 1.1306 1.1306 1.13061 1.13062 1.13063 1.13064 1.13066 1.13067 1.13069 1.13071 1.13074 1.13076 1.13079 1.13082 1.13085 1.13088 1.13091 1.13094 1.13097 1.13099 1.13102 1.13104 1.13106 1.13107 1.13108 1.13109 1.13109 1.13109 1.13108 1.13107 1.13105 1.13103 1.13101 1.13099 1.13096 1.13093 1.1309 1.13087 1.13084 1.13081 1.13079 1.13076 1.13074 1.13071 1.13069 1.13068 1.13066 1.13065 1.13064 1.13063 1.13062 1.13061 1.13061 1.13061 1.13061 1.13062 1.13063 1.13064 1.13067 1.1307 1.13074 1.1308 1.13088 1.13098 1.1311 1.13125 1.13143 1.13164 1.13188 1.13216 1.13246 1.13279 1.13314 1.13351 1.13388 
1.1276 1.12797 1.12834 1.12869 1.12901 1.12932 1.12959 1.12983 1.13004 1.13022 1.13038 1.13051 1.13061 1.13069 1.13076 1.13081 1.13085 1.13088 1.13091 1.13092 1.13094 1.13095 1.13095 1.13096 1.13097 1.13097 1.13098 1.13098 1.13099 1.131 1.13101 1.13102 1.13104 1.13106 1.13108 1.1311 1.13112 1.13115 1.13118 1.1312 1.13123 1.13126 1.13129 1.13132 1.13135 1.13137 1.1314 1.13141 1.13143 1.13144 1.13145 1.13145 1.13144 1.13144 1.13143 1.13141 1.13139 1.13137 1.13134 1.13132 1.13129 1.13126 1.13123 1.1312 1.13117 1.13115 1.13112 1.1311 1.13108 1.13106 1.13104 1.13103 1.13102 1.13101 1.131 1.13099 1.13099 1.13098 1.13098 1.13099 1.13099 1.131 1.13102 1.13104 1.13107 1.13112 1.13118 1.13126 1.13135 1.13148 1.13163 1.13181 1.13202 1.13226 1.13253 1.13284 1.13317 1.13352 1.13388 1.13426 
1.12796 1.12834 1.1287 1.12905 1.12938 1.12968 1.12995 1.1302 1.13041 1.13059 1.13074 1.13087 1.13098 1.13106 1.13113 1.13118 1.13122 1.13125 1.13127 1.13129 1.1313 1.13131 1.13132 1.13133 1.13133 1.13134 1.13134 1.13135 1.13136 1.13137 1.13138 1.1314 1.13142 1.13144 1.13146 1.13149 1.13151 1.13155 1.13158 1.13161 1.13165 1.13168 1.13172 1.13175 1.13179 1.13182 1.13184 1.13187 1.13188 1.1319 1.1319 1.1319 1.1319 1.13189 1.13188 1.13186 1.13184 1.13181 1.13178 1.13175 1.13171 1.13168 1.13164 1.13161 1.13158 1.13154 1.13151 1.13149 1.13146 1.13144 1.13142 1.1314 1.13139 1.13138 1.13137 1.13136 1.13135 1.13135 1.13135 1.13135 1.13136 1.13137 1.13138 1.13141 1.13144 1.13148 1.13154 1.13162 1.13172 1.13184 1.13199 1.13217 1.13238 1.13262 1.1329 1.1332 1.13353 1.13388 1.13425 1.13462 
1.12831 1.12869 1.12905 1.1294 1.12973 1.13003 1.1303 1.13054 1.13076 1.13094 1.13109 1.13122 1.13132 1.13141 1.13147 1.13153 1.13157 1.1316 1.13162 1.13164 1.13165 1.13166 1.13167 1.13168 1.13168 1.13169 1.1317 1.13171 1.13172 1.13174 1.13176 1.13178 1.1318 1.13183 1.13186 1.1319 1.13194 1.13198 1.13203 1.13208 1.13213 1.13218 1.13223 1.13227 1.13232 1.13236 1.1324 1.13243 1.13245 1.13247 1.13248 1.13248 1.13248 1.13246 1.13244 1.13241 1.13238 1.13234 1.1323 1.13226 1.13221 1.13216 1.13211 1.13206 1.13202 1.13197 1.13193 1.1319 1.13186 1.13183 1.1318 1.13178 1.13176 1.13174 1.13173 1.13172 1.13171 1.13171 1.1317 1.1317 1.13171 1.13172 1.13173 1.13176 1.13179 1.13183 1.13189 1.13197 1.13207 1.13219 1.13234 1.13252 1.13273 1.13297 1.13325 1.13355 1.13388 1.13423 1.1346 1.13497 
1.12864 1.12901 1.12938 1.12973 1.13006 1.13036 1.13063 1.13087 1.13108 1.13126 1.13142 1.13155 1.13165 1.13173 1.1318 1.13185 1.13189 1.13192 1.13195 1.13197 1.13198 1.13199 1.132 1.13201 1.13202 1.13203 1.13204 1.13206 1.13208 1.1321 1.13213 1.13216 1.1322 1.13224 1.13229 1.13235 1.13241 1.13248 1.13255 1.13262 1.13269 1.13277 1.13284 1.13291 1.13298 1.13304 1.13309 1.13314 1.13317 1.1332 1.13321 1.13321 1.1332 1.13318 1.13315 1.13311 1.13306 1.133 1.13294 1.13287 1.1328 1.13273 1.13266 1.13258 1.13252 1.13245 1.13239 1.13233 1.13228 1.13224 1.13219 1.13216 1.13213 1.1321 1.13208 1.13207 1.13205 1.13204 1.13204 1.13204 1.13204 1.13205 1.13206 1.13208 1.13212 1.13216 1.13222 1.1323 1.13239 1.13252 1.13267 1.13285 1.13306 1.1333 1.13357 1.13388 1.13421 1.13456 1.13492 1.1353 
1.12894 1.12932 1.12968 1.13003 1.13036 1.13066 1.13093 1.13117 1.13138 1.13156 1.13172 1.13185 1.13195 1.13204 1.1321 1.13215 1.1322 1.13223 1.13225 1.13227 1.13228 1.1323 1.13231 1.13232 1.13234 1.13235 1.13237 1.1324 1.13243 1.13247 1.13251 1.13256 1.13262 1.13269 1.13277 1.13286 1.13295 1.13305 1.13316 1.13327 1.13339 1.1335 1.13361 1.13372 1.13382 1.13391 1.13399 1.13406 1.13411 1.13414 1.13416 1.13417 1.13415 1.13412 1.13407 1.13401 1.13393 1.13384 1.13375 1.13364 1.13353 1.13342 1.13331 1.1332 1.1331 1.133 1.1329 1.13282 1.13274 1.13267 1.1326 1.13255 1.1325 1.13246 1.13243 1.1324 1.13238 1.13237 1.13236 1.13235 1.13235 1.13236 1.13237 1.13239 1.13242 1.13246 1.13252 1.1326 1.1327 1.13282 1.13297 1.13315 1.13336 1.1336 1.13387 1.13418 1.13451 1.13486 1.13522 1.1356 
1.12921 1.12959 1.12995 1.1303 1.13063 1.13093 1.1312 1.13144 1.13165 1.13184 1.13199 1.13212 1.13222 1.13231 1.13237 1.13243 1.13247 1.1325 1.13253 1.13255 1.13256 1.13258 1.1326 1.13262 1.13264 1.13266 1.13269 1.13273 1.13278 1.13284 1.13291 1.13299 1.13309 1.1332 1.13332 1.13345 1.1336 1.13376 1.13392 1.13409 1.13427 1.13444 1.13461 1.13477 1.13492 1.13506 1.13518 1.13528 1.13535 1.13541 1.13543 1.13543 1.13541 1.13536 1.13528 1.13519 1.13507 1.13494 1.13479 1.13463 1.13447 1.1343 1.13413 1.13396 1.1338 1.13365 1.1335 1.13337 1.13325 1.13314 1.13305 1.13296 1.13289 1.13283 1.13278 1.13273 1.1327 1.13267 1.13266 1.13264 1.13264 1.13264 1.13265 1.13267 1.1327 1.13274 1.1328 1.13287 1.13297 1.13309 1.13324 1.13342 1.13363 1.13387 1.13415 1.13445 1.13478 1.13513 1.1355 1.13587 
1.12945 1.12983 1.1302 1.13054 1.13087 1.13117 1.13144 1.13169 1.1319 1.13208 1.13223 1.13236 1.13247 1.13255 1.13262 1.13267 1.13271 1.13275 1.13277 1.1328 1.13282 1.13284 1.13286 1.13289 1.13292 1.13296 1.13301 1.13308 1.13315 1.13325 1.13336 1.13348 1.13363 1.1338 1.13399 1.13419 1.13442 1.13466 1.13491 1.13516 1.13543 1.13569 1.13594 1.13618 1.1364 1.13661 1.13678 1.13693 1.13704 1.13711 1.13715 1.13715 1.13711 1.13703 1.13692 1.13678 1.1366 1.1364 1.13618 1.13594 1.13569 1.13544 1.13519 1.13494 1.13469 1.13446 1.13424 1.13404 1.13386 1.13369 1.13354 1.13342 1.13331 1.13321 1.13313 1.13307 1.13301 1.13297 1.13294 1.13292 1.1329 1.1329 1.1329 1.13292 1.13294 1.13298 1.13304 1.13312 1.13321 1.13334 1.13348 1.13366 1.13387 1.13412 1.13439 1.13469 1.13502 1.13537 1.13574 1.13611 
1.12967 1.13004 1.13041 1.13076 1.13108 1.13138 1.13165 1.1319 1.13211 1.13229 1.13244 1.13257 1.13268 1.13276 1.13283 1.13289 1.13293 1.13297 1.133 1.13302 1.13305 1.13308 1.13311 1.13315 1.13321 1.13327 1.13335 1.13345 1.13357 1.13371 1.13388 1.13407 1.1343 1.13456 1.13484 1.13515 1.13549 1.13584 1.13622 1.1366 1.13699 1.13737 1.13774 1.13809 1.13842 1.13871 1.13897 1.13918 1.13934 1.13944 1.1395 1.13949 1.13943 1.13931 1.13915 1.13893 1.13867 1.13838 1.13805 1.1377 1.13734 1.13696 1.13659 1.13622 1.13585 1.13551 1.13519 1.13488 1.13461 1.13436 1.13414 1.13395 1.13378 1.13363 1.13351 1.13341 1.13333 1.13326 1.13321 1.13318 1.13315 1.13314 1.13313 1.13314 1.13317 1.1332 1.13326 1.13333 1.13343 1.13355 1.1337 1.13388 1.13409 1.13433 1.1346 1.1349 1.13523 1.13558 1.13595 1.13632 
1.12985 1.13022 1.13059 1.13094 1.13126 1.13156 1.13184 1.13208 1.13229 1.13247 1.13263 1.13276 1.13286 1.13295 1.13302 1.13307 1.13312 1.13316 1.13319 1.13323 1.13326 1.1333 1.13336 1.13342 1.1335 1.1336 1.13372 1.13387 1.13405 1.13427 1.13452 1.13482 1.13516 1.13554 1.13596 1.13643 1.13692 1.13744 1.13799 1.13855 1.13911 1.13966 1.1402 1.1407 1.14117 1.14159 1.14195 1.14225 1.14247 1.14262 1.14269 1.14268 1.14259 1.14242 1.14217 1.14186 1.14149 1.14106 1.14059 1.14008 1.13955 1.13901 1.13846 1.13792 1.1374 1.13689 1.13642 1.13598 1.13557 1.13521 1.13488 1.13459 1.13434 1.13413 1.13395 1.13379 1.13367 1.13357 1.13349 1.13343 1.13339 1.13336 1.13335 1.13335 1.13336 1.1334 1.13345 1.13352 1.13361 1.13373 1.13388 1.13406 1.13427 1.13451 1.13478 1.13509 1.13542 1.13577 1.13613 1.13651 
1.13 1.13038 1.13074 1.13109 1.13142 1.13172 1.13199 1.13223 1.13244 1.13263 1.13278 1.13291 1.13302 1.1331 1.13317 1.13323 1.13328 1.13333 1.13337 1.13341 1.13347 1.13353 1.1336 1.1337 1.13382 1.13397 1.13415 1.13438 1.13465 1.13498 1.13536 1.1358 1.1363 1.13686 1.13747 1.13814 1.13886 1.13961 1.1404 1.14119 1.14199 1.14278 1.14353 1.14425 1.1449 1.14549 1.146 1.14641 1.14672 1.14692 1.14701 1.14699 1.14686 1.14661 1.14626 1.14582 1.14529 1.14468 1.14401 1.14329 1.14254 1.14177 1.14099 1.14022 1.13946 1.13874 1.13806 1.13742 1.13684 1.13631 1.13583 1.13541 1.13505 1.13473 1.13446 1.13424 1.13405 1.1339 1.13378 1.13369 1.13362 1.13357 1.13354 1.13353 1.13354 1.13357 1.13361 1.13368 1.13377 1.13389 1.13404 1.13422 1.13442 1.13467 1.13494 1.13524 1.13557 1.13592 1.13629 1.13666 
1.13013 1.13051 1.13087 1.13122 1.13155 1.13185 1.13212 1.13236 1.13257 1.13276 1.13291 1.13304 1.13315 1.13324 1.13331 1.13337 1.13343 1.13348 1.13354 1.1336 1.13367 1.13376 1.13387 1.13401 1.13419 1.13442 1.13469 1.13503 1.13543 1.13591 1.13647 1.13711 1.13783 1.13863 1.13952 1.14047 1.14149 1.14255 1.14365 1.14477 1.14588 1.14697 1.14802 1.14901 1.14992 1.15073 1.15142 1.15198 1.1524 1.15267 1.15279 1.15275 1.15256 1.15221 1.15173 1.15111 1.15037 1.14952 1.14859 1.14759 1.14654 1.14546 1.14437 1.14329 1.14223 1.14121 1.14025 1.13935 1.13852 1.13776 1.13708 1.13648 1.13595 1.1355 1.13511 1.13478 1.13451 1.13429 1.13411 1.13397 1.13387 1.13379 1.13374 1.13371 1.1337 1.13372 1.13376 1.13382 1.13391 1.13403 1.13417 1.13435 1.13455 1.1348 1.13507 1.13537 1.1357 1.13605 1.13641 1.13679 
1.13023 1.13061 1.13098 1.13132 1.13165 1.13195 1.13222 1.13247 1.13268 1.13286 1.13302 1.13315 1.13326 1.13335 1.13343 1.1335 1.13356 1.13362 1.1337 1.13378 1.13388 1.13401 1.13418 1.13439 1.13466 1.13499 1.13539 1.13588 1.13647 1.13716 1.13796 1.13887 1.13989 1.14103 1.14227 1.1436 1.14501 1.14649 1.14801 1.14954 1.15107 1.15256 1.15399 1.15533 1.15656 1.15765 1.15858 1.15933 1.15989 1.16025 1.1604 1.16033 1.16006 1.15959 1.15892 1.15807 1.15706 1.15591 1.15464 1.15327 1.15183 1.15035 1.14885 1.14736 1.1459 1.14449 1.14316 1.1419 1.14074 1.13968 1.13873 1.13788 1.13713 1.13649 1.13593 1.13547 1.13508 1.13476 1.1345 1.1343 1.13414 1.13402 1.13394 1.13388 1.13386 1.13386 1.13389 1.13394 1.13403 1.13414 1.13428 1.13446 1.13466 1.1349 1.13517 1.13548 1.1358 1.13615 1.13652 1.13689 
1.13032 1.13069 1.13106 1.13141 1.13173 1.13204 1.13231 1.13255 1.13276 1.13295 1.1331 1.13324 1.13335 1.13344 1.13353 1.13361 1.13368 1.13377 1.13386 1.13398 1.13413 1.13432 1.13456 1.13487 1.13526 1.13573 1.13632 1.13702 1.13786 1.13883 1.13995 1.14123 1.14266 1.14423 1.14594 1.14777 1.1497 1.15171 1.15377 1.15584 1.15789 1.15989 1.1618 1.16359 1.16521 1.16665 1.16788 1.16886 1.1696 1.17006 1.17025 1.17015 1.16978 1.16914 1.16825 1.16711 1.16576 1.16421 1.1625 1.16066 1.15873 1.15674 1.15472 1.1527 1.15072 1.14881 1.14699 1.14527 1.14368 1.14222 1.1409 1.13973 1.13869 1.13779 1.13701 1.13635 1.1358 1.13535 1.13498 1.13469 1.13446 1.13428 1.13415 1.13406 1.13401 1.134 1.13401 1.13405 1.13413 1.13424 1.13437 1.13455 1.13475 1.13499 1.13526 1.13556 1.13589 1.13624 1.1366 1.13698 
1.13039 1.13076 1.13113 1.13147 1.1318 1.1321 1.13237 1.13262 1.13283 1.13302 1.13317 1.13331 1.13343 1.13353 1.13362 1.13371 1.13381 1.13392 1.13405 1.13422 1.13443 1.1347 1.13505 1.13549 1.13605 1.13673 1.13755 1.13854 1.13971 1.14106 1.14262 1.14437 1.14632 1.14846 1.15077 1.15324 1.15583 1.15851 1.16125 1.16399 1.16671 1.16934 1.17184 1.17417 1.17629 1.17816 1.17975 1.18102 1.18196 1.18255 1.18278 1.18265 1.18215 1.1813 1.18012 1.17863 1.17685 1.17481 1.17257 1.17015 1.1676 1.16496 1.16228 1.15961 1.15697 1.15442 1.15197 1.14967 1.14752 1.14555 1.14376 1.14215 1.14073 1.13949 1.13842 1.13751 1.13674 1.13611 1.13559 1.13518 1.13485 1.13459 1.1344 1.13427 1.13418 1.13414 1.13413 1.13416 1.13422 1.13432 1.13445 1.13462 1.13482 1.13506 1.13533 1.13563 1.13596 1.13631 1.13667 1.13705 
1.13044 1.13081 1.13118 1.13153 1.13185 1.13215 1.13243 1.13267 1.13289 1.13307 1.13323 1.13337 1.1335 1.13361 1.13371 1.13382 1.13395 1.13409 1.13428 1.13451 1.13481 1.1352 1.13569 1.13632 1.13709 1.13804 1.13919 1.14056 1.14216 1.14401 1.14612 1.14849 1.15111 1.15397 1.15705 1.16031 1.16372 1.16724 1.17081 1.17438 1.1779 1.18129 1.18451 1.18751 1.19022 1.1926 1.19462 1.19623 1.19742 1.19816 1.19843 1.19824 1.19759 1.1965 1.19497 1.19304 1.19075 1.18813 1.18523 1.18209 1.17879 1.17537 1.17188 1.16839 1.16494 1.16159 1.15837 1.15532 1.15247 1.14985 1.14745 1.1453 1.14339 1.14171 1.14026 1.13901 1.13797 1.13709 1.13638 1.1358 1.13534 1.13498 1.13471 1.13451 1.13437 1.13429 1.13425 1.13426 1.13431 1.1344 1.13452 1.13468 1.13488 1.13512 1.13538 1.13568 1.13601 1.13636 1.13672 1.1371 
1.13048 1.13085 1.13122 1.13157 1.13189 1.1322 1.13247 1.13271 1.13293 1.13312 1.13328 1.13343 1.13356 1.13368 1.13381 1.13395 1.13411 1.1343 1.13456 1.13488 1.13531 1.13585 1.13654 1.13741 1.13848 1.13979 1.14136 1.14321 1.14537 1.14786 1.15067 1.15381 1.15727 1.16103 1.16505 1.16929 1.17371 1.17824 1.18282 1.18738 1.19185 1.19615 1.20023 1.204 1.2074 1.21039 1.21291 1.21491 1.21638 1.21729 1.21761 1.21736 1.21653 1.21514 1.2132 1.21076 1.20786 1.20454 1.20086 1.19689 1.19268 1.18832 1.18386 1.17938 1.17495 1.17062 1.16645 1.16249 1.15877 1.15533 1.15218 1.14934 1.1468 1.14457 1.14263 1.14096 1.13955 1.13837 1.13739 1.1366 1.13597 1.13547 1.13509 1.1348 1.1346 1.13446 1.13439 1.13437 1.1344 1.13447 1.13458 1.13474 1.13493 1.13516 1.13543 1.13573 1.13605 1.1364 1.13677 1.13714 
1.13051 1.13088 1.13125 1.1316 1.13192 1.13223 1.1325 1.13275 1.13297 1.13316 1.13333 1.13348 1.13362 1.13377 1.13392 1.13409 1.1343 1.13457 1.13492 1.13537 1.13596 1.13671 1.13766 1.13884 1.1403 1.14206 1.14417 1.14665 1.14952 1.1528 1.15649 1.16059 1.16507 1.16992 1.17508 1.18049 1.18611 1.19184 1.19761 1.20334 1.20892 1.21429 1.21934 1.22401 1.22821 1.23188 1.23497 1.23742 1.23921 1.2403 1.24069 1.24035 1.23931 1.23757 1.23517 1.23215 1.22854 1.22441 1.21983 1.21488 1.20962 1.20415 1.19855 1.1929 1.18729 1.1818 1.17649 1.17142 1.16665 1.16221 1.15814 1.15444 1.15114 1.14821 1.14565 1.14345 1.14158 1.14 1.1387 1.13763 1.13677 1.13609 1.13557 1.13517 1.13488 1.13468 1.13455 1.13449 1.13449 1.13455 1.13465 1.13479 1.13498 1.1352 1.13547 1.13576 1.13609 1.13643 1.1368 1.13717 
1.13053 1.13091 1.13127 1.13162 1.13195 1.13225 1.13253 1.13277 1.133 1.13319 1.13337 1.13354 1.1337 1.13386 1.13405 1.13428 1.13456 1.13492 1.1354 1.13601 1.13681 1.13783 1.13911 1.14071 1.14266 1.145 1.14778 1.15103 1.15478 1.15903 1.16379 1.16905 1.17477 1.18092 1.18742 1.19423 1.20124 1.20837 1.21552 1.22257 1.22944 1.236 1.24216 1.24783 1.25292 1.25736 1.26108 1.26404 1.26617 1.26747 1.26791 1.26749 1.2662 1.26408 1.26116 1.25747 1.25307 1.24804 1.24244 1.23636 1.22991 1.22317 1.21625 1.20925 1.20228 1.19542 1.18877 1.18239 1.17636 1.17073 1.16554 1.16081 1.15656 1.15278 1.14947 1.1466 1.14415 1.14208 1.14036 1.13895 1.1378 1.13689 1.13618 1.13563 1.13523 1.13494 1.13475 1.13464 1.1346 1.13463 1.13471 1.13484 1.13502 1.13524 1.1355 1.13579 1.13611 1.13646 1.13682 1.1372 
1.13055 1.13092 1.13129 1.13164 1.13197 1.13227 1.13255 1.1328 1.13302 1.13323 1.13341 1.1336 1.13378 1.13398 1.13422 1.13451 1.13488 1.13537 1.13601 1.13685 1.13792 1.13928 1.14099 1.1431 1.14566 1.14873 1.15234 1.15654 1.16135 1.16678 1.17282 1.17945 1.18662 1.19429 1.20237 1.21076 1.21938 1.22809 1.23679 1.24534 1.25363 1.26152 1.2689 1.27568 1.28174 1.28701 1.29142 1.2949 1.29742 1.29894 1.29943 1.29891 1.29736 1.29483 1.29133 1.28691 1.28165 1.27562 1.26889 1.26158 1.25378 1.24563 1.23722 1.22869 1.22016 1.21174 1.20353 1.19564 1.18814 1.18111 1.17459 1.16863 1.16325 1.15845 1.15421 1.15053 1.14737 1.14469 1.14245 1.14061 1.1391 1.1379 1.13695 1.13622 1.13567 1.13527 1.13499 1.13482 1.13474 1.13473 1.13478 1.1349 1.13506 1.13527 1.13553 1.13581 1.13613 1.13648 1.13684 1.13721 
1.13056 1.13094 1.1313 1.13165 1.13198 1.13228 1.13256 1.13282 1.13305 1.13326 1.13347 1.13367 1.13388 1.13413 1.13443 1.13481 1.13531 1.13596 1.13681 1.13792 1.13934 1.14114 1.14337 1.14612 1.14944 1.15338 1.15801 1.16335 1.16942 1.17624 1.18378 1.192 1.20086 1.21027 1.22013 1.23032 1.24073 1.25121 1.26161 1.2718 1.28163 1.29096 1.29966 1.30762 1.31472 1.32087 1.326 1.33004 1.33296 1.3347 1.33526 1.33462 1.3328 1.32981 1.32571 1.32053 1.31434 1.30723 1.29929 1.29064 1.28139 1.27168 1.26164 1.25141 1.24114 1.23096 1.221 1.21137 1.20219 1.19354 1.18549 1.17809 1.17137 1.16535 1.16002 1.15537 1.15135 1.14793 1.14506 1.14268 1.14073 1.13917 1.13793 1.13696 1.13623 1.13568 1.1353 1.13505 1.1349 1.13485 1.13487 1.13496 1.13511 1.13531 1.13555 1.13584 1.13615 1.13649 1.13685 1.13723 
1.13057 1.13095 1.13131 1.13166 1.13199 1.1323 1.13258 1.13284 1.13308 1.1333 1.13353 1.13376 1.13401 1.13432 1.1347 1.1352 1.13585 1.13671 1.13783 1.13928 1.14114 1.14347 1.14636 1.14988 1.15411 1.15911 1.16493 1.17161 1.17917 1.18759 1.19686 1.20691 1.21767 1.22903 1.24087 1.25305 1.26542 1.27781 1.29006 1.30201 1.31348 1.32432 1.3344 1.34358 1.35175 1.35881 1.36468 1.3693 1.37262 1.37459 1.37521 1.37446 1.37235 1.36891 1.36417 1.3582 1.35105 1.34282 1.33362 1.32355 1.31276 1.30138 1.28958 1.27752 1.26535 1.25323 1.24132 1.22977 1.21869 1.2082 1.1984 1.18934 1.18108 1.17365 1.16703 1.16122 1.15619 1.15189 1.14826 1.14523 1.14275 1.14074 1.13914 1.13789 1.13692 1.1362 1.13568 1.13532 1.1351 1.13499 1.13497 1.13503 1.13516 1.13535 1.13558 1.13586 1.13617 1.13651 1.13687 1.13724 
1.13058 1.13095 1.13132 1.13167 1.132 1.13231 1.1326 1.13286 1.13311 1.13336 1.1336 1.13387 1.13418 1.13456 1.13505 1.13569 1.13654 1.13766 1.13911 1.14099 1.14337 1.14636 1.15003 1.15448 1.15979 1.16603 1.17325 1.18149 1.19074 1.201 1.21222 1.22431 1.23718 1.25069 1.26469 1.27901 1.29348 1.3079 1.32209 1.33586 1.34903 1.36143 1.37291 1.38334 1.39259 1.40056 1.40717 1.41236 1.41607 1.41827 1.41894 1.41808 1.41569 1.41179 1.40643 1.39966 1.39155 1.38219 1.37169 1.36017 1.34779 1.33468 1.32104 1.30702 1.29282 1.27862 1.26461 1.25093 1.23777 1.22524 1.21347 1.20254 1.19253 1.18346 1.17537 1.16822 1.162 1.15666 1.15213 1.14834 1.14521 1.14267 1.14063 1.13902 1.13778 1.13684 1.13616 1.13567 1.13535 1.13517 1.1351 1.13512 1.13522 1.13539 1.13561 1.13588 1.13619 1.13652 1.13688 1.13725 
1.13059 1.13096 1.13133 1.13168 1.13201 1.13232 1.13262 1.13289 1.13315 1.13342 1.1337 1.13401 1.13439 1.13487 1.13549 1.13632 1.13741 1.13884 1.14071 1.1431 1.14612 1.14988 1.15448 1.16002 1.16659 1.17426 1.18309 1.1931 1.20427 1.21658 1.22996 1.24429 1.25944 1.27527 1.29157 1.30816 1.32483 1.34135 1.35753 1.37316 1.38804 1.40199 1.41486 1.42651 1.4368 1.44566 1.45298 1.45871 1.4628 1.46522 1.46595 1.46498 1.46232 1.45799 1.45203 1.44449 1.43544 1.42497 1.41319 1.40023 1.38624 1.37138 1.35584 1.33981 1.3235 1.30711 1.29084 1.2749 1.25947 1.24472 1.23078 1.21778 1.20581 1.19491 1.18513 1.17646 1.16887 1.16232 1.15674 1.15205 1.14817 1.14499 1.14244 1.14041 1.13883 1.13763 1.13674 1.1361 1.13566 1.13539 1.13526 1.13523 1.1353 1.13544 1.13565 1.13591 1.1362 1.13653 1.13689 1.13725 
1.13059 1.13097 1.13133 1.13168 1.13202 1.13234 1.13264 1.13292 1.13321 1.1335 1.13382 1.13419 1.13466 1.13526 1.13605 1.13709 1.13848 1.1403 1.14266 1.14566 1.14944 1.15411 1.15979 1.16659 1.17461 1.18391 1.19455 1.20653 1.21983 1.23439 1.25011 1.26685 1.28445 1.30271 1.32142 1.34034 1.35925 1.37791 1.39607 1.41353 1.43009 1.44554 1.45974 1.47254 1.48383 1.4935 1.50149 1.50772 1.51216 1.51478 1.51556 1.51449 1.51159 1.50686 1.50035 1.49209 1.48216 1.47065 1.45765 1.4433 1.42774 1.41116 1.39373 1.37567 1.35721 1.33856 1.31996 1.30164 1.2838 1.26666 1.25039 1.23512 1.22099 1.20807 1.19641 1.18602 1.17689 1.16896 1.16218 1.15645 1.15168 1.14777 1.1446 1.14208 1.1401 1.13858 1.13744 1.13661 1.13604 1.13566 1.13545 1.13537 1.13539 1.13551 1.13569 1.13594 1.13622 1.13655 1.1369 1.13726 
1.1306 1.13097 1.13134 1.13169 1.13203 1.13235 1.13266 1.13296 1.13327 1.1336 1.13397 1.13442 1.13499 1.13573 1.13673 1.13804 1.13979 1.14206 1.145 1.14873 1.15338 1.15911 1.16603 1.17426 1.18391 1.19504 1.20768 1.22183 1.23745 1.25443 1.27264 1.29193 1.31207 1.33285 1.35401 1.3753 1.39644 1.41719 1.43729 1.45651 1.47464 1.4915 1.50693 1.52079 1.53296 1.54337 1.55193 1.55861 1.56336 1.56616 1.56698 1.56584 1.56272 1.55765 1.55065 1.54177 1.53106 1.51859 1.50448 1.48883 1.4718 1.45356 1.43431 1.41427 1.39366 1.37274 1.35177 1.33099 1.31066 1.29102 1.27226 1.25458 1.23811 1.22298 1.20925 1.19696 1.1861 1.17663 1.16849 1.16158 1.1558 1.15103 1.14716 1.14405 1.14161 1.13972 1.13829 1.13724 1.13649 1.13598 1.13568 1.13553 1.13551 1.13558 1.13575 1.13597 1.13625 1.13656 1.13691 1.13727 
1.1306 1.13098 1.13134 1.1317 1.13204 1.13237 1.13269 1.13301 1.13335 1.13372 1.13415 1.13469 1.13539 1.13632 1.13755 1.13919 1.14136 1.14417 1.14778 1.15234 1.15801 1.16493 1.17325 1.18309 1.19455 1.20768 1.22251 1.239 1.25708 1.27662 1.29746 1.31937 1.34212 1.36545 1.38906 1.41266 1.43597 1.45872 1.48064 1.50149 1.52106 1.53918 1.55569 1.57047 1.5834 1.59443 1.60348 1.61053 1.61553 1.61847 1.61934 1.61813 1.61485 1.60951 1.60212 1.59271 1.58134 1.56806 1.55297 1.53617 1.51781 1.49805 1.47709 1.45515 1.43248 1.40933 1.386 1.36275 1.33988 1.31765 1.29631 1.27608 1.25714 1.23964 1.22368 1.20931 1.19655 1.18537 1.17571 1.16748 1.16056 1.15482 1.15014 1.14637 1.14339 1.14107 1.1393 1.13798 1.13703 1.13637 1.13595 1.13572 1.13564 1.13568 1.13581 1.13601 1.13628 1.13658 1.13692 1.13728 
1.13061 1.13098 1.13135 1.13171 1.13206 1.1324 1.13273 1.13308 1.13345 1.13387 1.13438 1.13503 1.13588 1.13702 1.13854 1.14056 1.14321 1.14665 1.15103 1.15654 1.16335 1.17161 1.18149 1.1931 1.20653 1.22183 1.239 1.25798 1.27865 1.30085 1.32437 1.34895 1.37432 1.40015 1.42614 1.45197 1.47733 1.50193 1.5255 1.5478 1.56864 1.58783 1.60525 1.62077 1.63431 1.64582 1.65525 1.66256 1.66776 1.67081 1.67172 1.67048 1.66709 1.66154 1.65387 1.64407 1.63218 1.61826 1.60236 1.5846 1.56509 1.54399 1.52148 1.4978 1.47319 1.44792 1.42229 1.39662 1.37121 1.34637 1.32239 1.29952 1.27799 1.25799 1.23965 1.22306 1.20825 1.19521 1.18388 1.17418 1.16598 1.15916 1.15357 1.14904 1.14545 1.14263 1.14047 1.13885 1.13766 1.13683 1.13628 1.13595 1.1358 1.13579 1.13588 1.13606 1.13631 1.13661 1.13694 1.13729 
1.13062 1.13099 1.13136 1.13172 1.13208 1.13243 1.13278 1.13315 1.13357 1.13405 1.13465 1.13543 1.13647 1.13786 1.13971 1.14216 1.14537 1.14952 1.15478 1.16135 1.16942 1.17917 1.19074 1.20427 1.21983 1.23745 1.25708 1.27865 1.302 1.32691 1.35314 1.38037 1.40829 1.43655 1.46481 1.49271 1.51993 1.54618 1.57119 1.59473 1.61661 1.63666 1.65477 1.67084 1.68482 1.69666 1.70633 1.71383 1.71914 1.72227 1.72321 1.72196 1.71851 1.71287 1.70501 1.69497 1.68273 1.66835 1.65186 1.63334 1.6129 1.59068 1.56684 1.54162 1.51524 1.48801 1.46022 1.43222 1.40433 1.3769 1.35027 1.32472 1.30054 1.27795 1.25712 1.23817 1.22116 1.20612 1.19298 1.18168 1.17209 1.16407 1.15746 1.15209 1.14781 1.14443 1.14183 1.13986 1.1384 1.13737 1.13666 1.13622 1.13599 1.13592 1.13597 1.13612 1.13635 1.13663 1.13695 1.1373 
1.13063 1.131 1.13137 1.13174 1.1321 1.13247 1.13284 1.13325 1.13371 1.13427 1.13498 1.13591 1.13716 1.13883 1.14106 1.14401 1.14786 1.1528 1.15903 1.16678 1.17624 1.18759 1.201 1.21658 1.23439 1.25443 1.27662 1.30085 1.32691 1.35454 1.38344 1.41327 1.44364 1.47418 1.50452 1.53429 1.56316 1.59083 1.61703 1.64156 1.66422 1.68489 1.70347 1.71989 1.73411 1.74612 1.75591 1.76348 1.76885 1.77201 1.77297 1.77174 1.76829 1.76263 1.75473 1.74458 1.73218 1.71753 1.70067 1.68163 1.66051 1.63741 1.6125 1.58597 1.55807 1.52907 1.49931 1.46911 1.43886 1.40893 1.37968 1.35146 1.3246 1.29936 1.27595 1.25455 1.23524 1.21807 1.20301 1.18998 1.17888 1.16955 1.16183 1.15553 1.15047 1.14648 1.14337 1.14101 1.13925 1.13799 1.13711 1.13654 1.13621 1.13607 1.13607 1.13619 1.1364 1.13666 1.13697 1.13732 
1.13064 1.13101 1.13138 1.13176 1.13213 1.13251 1.13291 1.13336 1.13388 1.13452 1.13536 1.13647 1.13796 1.13995 1.14262 1.14612 1.15067 1.15649 1.16379 1.17282 1.18378 1.19686 1.21222 1.22996 1.25011 1.27264 1.29746 1.32437 1.35314 1.38344 1.41494 1.44722 1.47989 1.51253 1.54473 1.57613 1.60639 1.6352 1.66233 1.68756 1.71075 1.73178 1.75059 1.76715 1.78143 1.79345 1.80322 1.81076 1.81611 1.81927 1.82025 1.81905 1.81567 1.81007 1.80224 1.79215 1.77976 1.76506 1.74805 1.72874 1.7072 1.68351 1.65779 1.63023 1.60106 1.57055 1.53902 1.50683 1.47438 1.44207 1.4103 1.37947 1.34994 1.32203 1.29601 1.27209 1.2504 1.231 1.2139 1.19905 1.18633 1.17559 1.16666 1.15935 1.15345 1.14877 1.14511 1.14231 1.14022 1.13869 1.13761 1.1369 1.13646 1.13624 1.13619 1.13627 1.13645 1.1367 1.137 1.13733 
1.13066 1.13102 1.1314 1.13178 1.13216 1.13256 1.13299 1.13348 1.13407 1.13482 1.1358 1.13711 1.13887 1.14123 1.14437 1.14849 1.15381 1.16059 1.16905 1.17945 1.192 1.20691 1.22431 1.24429 1.26685 1.29193 1.31937 1.34895 1.38037 1.41327 1.44722 1.48181 1.51657 1.55107 1.5849 1.61765 1.64901 1.67868 1.70643 1.73209 1.75553 1.77668 1.7955 1.81198 1.82614 1.83801 1.84763 1.85506 1.86031 1.86343 1.86442 1.86328 1.86001 1.85457 1.84692 1.83702 1.82482 1.81026 1.79333 1.77401 1.75231 1.7283 1.70207 1.67377 1.64361 1.61186 1.57883 1.54489 1.51045 1.47592 1.44177 1.40842 1.37628 1.34574 1.31711 1.29063 1.2665 1.24481 1.2256 1.20883 1.1944 1.18217 1.17195 1.16354 1.15673 1.1513 1.14704 1.14376 1.14129 1.13948 1.13818 1.1373 1.13674 1.13644 1.13633 1.13636 1.13651 1.13674 1.13703 1.13735 
1.13067 1.13104 1.13142 1.1318 1.1322 1.13262 1.13309 1.13363 1.1343 1.13516 1.1363 1.13783 1.13989 1.14266 1.14632 1.15111 1.15727 1.16507 1.17477 1.18662 1.20086 1.21767 1.23718 1.25944 1.28445 1.31207 1.34212 1.37432 1.40829 1.44364 1.47989 1.51657 1.5532 1.58931 1.62447 1.65829 1.69045 1.72068 1.74878 1.77459 1.79802 1.81905 1.83765 1.85386 1.86772 1.8793 1.88867 1.89588 1.90098 1.90401 1.90501 1.90395 1.90084 1.89563 1.88826 1.87869 1.86682 1.8526 1.83596 1.81685 1.79526 1.77121 1.74475 1.71601 1.68517 1.65248 1.61823 1.5828 1.54659 1.51007 1.47371 1.43798 1.40334 1.37023 1.33901 1.30999 1.2834 1.25938 1.238 1.21925 1.20304 1.18923 1.17765 1.16808 1.1603 1.15407 1.14916 1.14536 1.14248 1.14035 1.13881 1.13775 1.13706 1.13666 1.13648 1.13647 1.13658 1.13679 1.13706 1.13737 
1.13069 1.13106 1.13144 1.13183 1.13224 1.13269 1.1332 1.1338 1.13456 1.13554 1.13686 1.13863 1.14103 1.14423 1.14846 1.15397 1.16103 1.16992 1.18092 1.19429 1.21027 1.22903 1.25069 1.27527 1.30271 1.33285 1.36545 1.40015 1.43655 1.47418 1.51253 1.55107 1.58931 1.62675 1.66296 1.69755 1.73022 1.76073 1.78888 1.81458 1.83777 1.85844 1.87662 1.89239 1.90581 1.91698 1.92598 1.9329 1.9378 1.94072 1.94171 1.94075 1.93783 1.93291 1.92591 1.91677 1.90539 1.89166 1.8755 1.85683 1.83558 1.81175 1.78534 1.75646 1.72524 1.69189 1.65672 1.62007 1.58237 1.54409 1.50572 1.46779 1.4308 1.39522 1.36149 1.32997 1.30093 1.27457 1.25099 1.2302 1.21216 1.19673 1.18373 1.17294 1.16413 1.15705 1.15145 1.1471 1.14378 1.1413 1.13951 1.13825 1.13742 1.13691 1.13665 1.13658 1.13666 1.13684 1.13709 1.1374 
1.13071 1.13108 1.13146 1.13186 1.13229 1.13277 1.13332 1.13399 1.13484 1.13596 1.13747 1.13952 1.14227 1.14594 1.15077 1.15705 1.16505 1.17508 1.18742 1.20237 1.22013 1.24087 1.26469 1.29157 1.32142 1.35401 1.38906 1.42614 1.46481 1.50452 1.54473 1.5849 1.62447 1.66296 1.69993 1.735 1.7679 1.7984 1.82636 1.85171 1.87443 1.89456 1.91216 1.92733 1.94019 1.95084 1.9594 1.96596 1.97061 1.9734 1.97436 1.97351 1.97081 1.96623 1.95967 1.95105 1.94026 1.92717 1.91165 1.8936 1.87291 1.84953 1.82344 1.79468 1.76336 1.72966 1.69386 1.65628 1.61736 1.57757 1.53744 1.4975 1.45832 1.42042 1.38428 1.35033 1.31888 1.2902 1.26442 1.24159 1.22169 1.20459 1.19013 1.17808 1.1682 1.16023 1.1539 1.14896 1.14517 1.14233 1.14026 1.13879 1.1378 1.13718 1.13684 1.13671 1.13674 1.1369 1.13713 1.13743 
1.13074 1.1311 1.13149 1.1319 1.13235 1.13286 1.13345 1.13419 1.13515 1.13643 1.13814 1.14047 1.1436 1.14777 1.15324 1.16031 1.16929 1.18049 1.19423 1.21076 1.23032 1.25305 1.27901 1.30816 1.34034 1.3753 1.41266 1.45197 1.49271 1.53429 1.57613 1.61765 1.65829 1.69755 1.735 1.7703 1.80316 1.83341 1.86095 1.88574 1.90781 1.92723 1.94411 1.95857 1.97076 1.98082 1.98887 1.99503 1.9994 2.00203 2.00297 2.00222 1.99977 1.99555 1.98948 1.98145 1.97134 1.95898 1.94424 1.92696 1.90701 1.88429 1.85874 1.83035 1.79919 1.76542 1.72926 1.69104 1.65118 1.61014 1.56848 1.52676 1.48559 1.44552 1.40711 1.37083 1.33706 1.3061 1.27814 1.25328 1.23151 1.21273 1.19678 1.18344 1.17246 1.16357 1.15648 1.15092 1.14665 1.14343 1.14106 1.13937 1.13821 1.13747 1.13704 1.13685 1.13684 1.13696 1.13717 1.13746 
1.13076 1.13112 1.13151 1.13194 1.13241 1.13295 1.1336 1.13442 1.13549 1.13692 1.13886 1.14149 1.14501 1.1497 1.15583 1.16372 1.17371 1.18611 1.20124 1.21938 1.24073 1.26542 1.29348 1.32483 1.35925 1.39644 1.43597 1.47733 1.51993 1.56316 1.60639 1.64901 1.69045 1.73022 1.7679 1.80316 1.83576 1.86555 1.89247 1.91654 1.93781 1.9564 1.97245 1.98612 1.99758 2.00699 2.01449 2.02022 2.02428 2.02674 2.02764 2.02701 2.0248 2.02097 2.01541 2.00802 1.99863 1.98709 1.97322 1.95683 1.93776 1.91586 1.89103 1.86323 1.83247 1.79886 1.76262 1.72402 1.68347 1.64145 1.59851 1.55524 1.51228 1.47024 1.42971 1.39122 1.35523 1.32207 1.29199 1.26513 1.2415 1.22104 1.2036 1.18896 1.17686 1.16703 1.15916 1.15298 1.1482 1.14458 1.14191 1.13998 1.13865 1.13777 1.13725 1.137 1.13694 1.13703 1.13722 1.13749 
1.13079 1.13115 1.13155 1.13198 1.13248 1.13305 1.13376 1.13466 1.13584 1.13744 1.13961 1.14255 1.14649 1.15171 1.15851 1.16724 1.17824 1.19184 1.20837 1.22809 1.25121 1.27781 1.3079 1.34135 1.37791 1.41719 1.45872 1.50193 1.54618 1.59083 1.6352 1.67868 1.72068 1.76073 1.7984 1.83341 1.86555 1.89471 1.92087 1.94408 1.96445 1.98212 1.99728 2.0101 2.02078 2.02951 2.03644 2.04172 2.04546 2.04774 2.04861 2.04808 2.04612 2.04267 2.03764 2.0309 2.02227 2.01159 1.99864 1.98322 1.96513 1.94418 1.92023 1.89318 1.86301 1.82979 1.79368 1.75495 1.71397 1.67121 1.62723 1.58264 1.53811 1.49428 1.45181 1.41127 1.37317 1.33791 1.30579 1.27698 1.25154 1.22943 1.2105 1.19457 1.18135 1.17057 1.16192 1.15509 1.1498 1.14578 1.14279 1.14062 1.13911 1.1381 1.13748 1.13715 1.13704 1.1371 1.13727 1.13752 
1.13082 1.13118 1.13158 1.13203 1.13255 1.13316 1.13392 1.13491 1.13622 1.13799 1.1404 1.14365 1.14801 1.15377 1.16125 1.17081 1.18282 1.19761 1.21552 1.23679 1.26161 1.29006 1.32209 1.35753 1.39607 1.43729 1.48064 1.5255 1.57119 1.61703 1.66233 1.70643 1.74878 1.78888 1.82636 1.86095 1.89247 1.92087 1.94616 1.96843 1.98782 2.00453 2.01875 2.0307 2.04059 2.04863 2.05499 2.05982 2.06324 2.06533 2.06616 2.06573 2.06401 2.06094 2.05643 2.05033 2.04247 2.03266 2.02066 2.00626 1.98921 1.96928 1.94631 1.92014 1.89072 1.85806 1.82228 1.78362 1.74243 1.69916 1.65437 1.60869 1.5628 1.51739 1.47316 1.43073 1.39067 1.35344 1.31937 1.28869 1.2615 1.23778 1.2174 1.20019 1.18587 1.17415 1.16471 1.15724 1.15143 1.147 1.14369 1.14127 1.13958 1.13843 1.13771 1.13731 1.13715 1.13717 1.13732 1.13756 
1.13085 1.1312 1.13161 1.13208 1.13262 1.13327 1.13409 1.13516 1.1366 1.13855 1.14119 1.14477 1.14954 1.15584 1.16399 1.17438 1.18738 1.20334 1.22257 1.24534 1.2718 1.30201 1.33586 1.37316 1.41353 1.45651 1.50149 1.5478 1.59473 1.64156 1.68756 1.73209 1.77459 1.81458 1.85171 1.88574 1.91654 1.94408 1.96843 1.9897 2.00809 2.02381 2.0371 2.04818 2.0573 2.06466 2.07045 2.07484 2.07795 2.07986 2.08064 2.0803 2.0788 2.0761 2.07208 2.06661 2.0595 2.05054 2.0395 2.02612 2.01012 1.99128 1.96934 1.94415 1.91557 1.8836 1.84831 1.8099 1.76869 1.72512 1.67973 1.63316 1.58612 1.53934 1.49353 1.44939 1.40752 1.36845 1.33255 1.30011 1.27124 1.24597 1.2242 1.20574 1.19034 1.1777 1.16749 1.15939 1.15306 1.14822 1.14459 1.14194 1.14005 1.13877 1.13795 1.13747 1.13727 1.13725 1.13737 1.1376 
1.13088 1.13123 1.13165 1.13213 1.13269 1.13339 1.13427 1.13543 1.13699 1.13911 1.14199 1.14588 1.15107 1.15789 1.16671 1.1779 1.19185 1.20892 1.22944 1.25363 1.28163 1.31348 1.34903 1.38804 1.43009 1.47464 1.52106 1.56864 1.61661 1.66422 1.71075 1.75553 1.79802 1.83777 1.87443 1.90781 1.93781 1.96445 1.98782 2.00809 2.02548 2.04023 2.0526 2.06284 2.07121 2.07792 2.08318 2.08714 2.08995 2.09169 2.09242 2.09215 2.09087 2.08851 2.08495 2.08007 2.07367 2.06554 2.05542 2.04303 2.02809 2.01032 1.98945 1.96527 1.93762 1.90643 1.87174 1.83371 1.79263 1.74892 1.70312 1.65586 1.60787 1.55989 1.51271 1.46703 1.42352 1.38276 1.34517 1.31107 1.28063 1.25389 1.23079 1.21115 1.19471 1.18118 1.17022 1.1615 1.15468 1.14944 1.14549 1.14259 1.14053 1.13911 1.13818 1.13764 1.13738 1.13733 1.13743 1.13764 
1.13091 1.13126 1.13168 1.13218 1.13277 1.1335 1.13444 1.13569 1.13737 1.13966 1.14278 1.14697 1.15256 1.15989 1.16934 1.18129 1.19615 1.21429 1.236 1.26152 1.29096 1.32432 1.36143 1.40199 1.44554 1.4915 1.53918 1.58783 1.63666 1.68489 1.73178 1.77668 1.81905 1.85844 1.89456 1.92723 1.9564 1.98212 2.00453 2.02381 2.04023 2.05404 2.06554 2.07499 2.08265 2.08876 2.09351 2.09709 2.09962 2.10119 2.10187 2.10167 2.10058 2.09852 2.09539 2.09106 2.08532 2.07796 2.0687 2.05727 2.04334 2.02662 2.0068 1.98364 1.95693 1.92657 1.89256 1.85501 1.81418 1.77048 1.72441 1.67663 1.62787 1.57889 1.5305 1.48347 1.43849 1.39619 1.35706 1.32143 1.28954 1.26144 1.23709 1.21632 1.19891 1.18453 1.17286 1.16355 1.15624 1.15062 1.14637 1.14324 1.14099 1.13944 1.13842 1.1378 1.13749 1.1374 1.13748 1.13768 
1.13094 1.13129 1.13172 1.13223 1.13284 1.13361 1.13461 1.13594 1.13774 1.1402 1.14353 1.14802 1.15399 1.1618 1.17184 1.18451 1.20023 1.21934 1.24216 1.2689 1.29966 1.3344 1.37291 1.41486 1.45974 1.50693 1.55569 1.60525 1.65477 1.70347 1.75059 1.7955 1.83765 1.87662 1.91216 1.94411 1.97245 1.99728 2.01875 2.0371 2.0526 2.06554 2.07622 2.08494 2.09195 2.09751 2.10181 2.10502 2.1073 2.10872 2.10935 2.10921 2.10828 2.10649 2.10375 2.09991 2.09477 2.08811 2.07966 2.06911 2.05613 2.0404 2.0216 1.99943 1.97365 1.94413 1.91083 1.87381 1.83332 1.78972 1.74352 1.69537 1.64598 1.59617 1.54675 1.49854 1.45227 1.4086 1.36807 1.33107 1.29784 1.26849 1.24299 1.22119 1.20286 1.1877 1.17536 1.16549 1.15773 1.15174 1.14721 1.14386 1.14144 1.13976 1.13864 1.13796 1.1376 1.13748 1.13753 1.13771 
1.13097 1.13132 1.13175 1.13227 1.13291 1.13372 1.13477 1.13618 1.13809 1.1407 1.14425 1.14901 1.15533 1.16359 1.17417 1.18751 1.204 1.22401 1.24783 1.27568 1.30762 1.34358 1.38334 1.42651 1.47254 1.52079 1.57047 1.62077 1.67084 1.71989 1.76715 1.81198 1.85386 1.89239 1.92733 1.95857 1.98612 2.0101 2.0307 2.04818 2.06284 2.07499 2.08494 2.09299 2.09943 2.10448 2.10837 2.11127 2.11332 2.1146 2.11519 2.1151 2.11431 2.11276 2.11035 2.10694 2.10234 2.09631 2.08858 2.07883 2.06673 2.05191 2.03405 2.01281 1.98792 1.95922 1.92661 1.89016 1.85004 1.80662 1.76039 1.71197 1.66211 1.61161 1.56133 1.5121 1.46471 1.41985 1.37808 1.33985 1.30544 1.27496 1.24842 1.22568 1.20652 1.19063 1.17769 1.1673 1.15913 1.1528 1.148 1.14444 1.14186 1.14006 1.13886 1.13811 1.1377 1.13755 1.13758 1.13775 
1.13099 1.13135 1.13179 1.13232 1.13298 1.13382 1.13492 1.1364 1.13842 1.14117 1.1449 1.14992 1.15656 1.16521 1.17629 1.19022 1.2074 1.22821 1.25292 1.28174 1.31472 1.35175 1.39259 1.4368 1.48383 1.53296 1.5834 1.63431 1.68482 1.73411 1.78143 1.82614 1.86772 1.90581 1.94019 1.97076 1.99758 2.02078 2.04059 2.0573 2.07121 2.08265 2.09195 2.09943 2.10535 2.10997 2.11351 2.11613 2.11797 2.11914 2.11968 2.11963 2.11896 2.11761 2.1155 2.11246 2.10833 2.10285 2.09575 2.08671 2.07537 2.06138 2.04436 2.02397 1.99991 1.97196 1.94002 1.90411 1.86439 1.82119 1.77498 1.72639 1.67616 1.62512 1.57413 1.52405 1.4757 1.4298 1.38697 1.34767 1.31221 1.28075 1.25329 1.22972 1.20981 1.19329 1.17979 1.16895 1.16039 1.15376 1.14872 1.14497 1.14225 1.14034 1.13905 1.13825 1.1378 1.13762 1.13763 1.13779 
1.13102 1.13137 1.13182 1.13236 1.13304 1.13391 1.13506 1.13661 1.13871 1.14159 1.14549 1.15073 1.15765 1.16665 1.17816 1.1926 1.21039 1.23188 1.25736 1.28701 1.32087 1.35881 1.40056 1.44566 1.4935 1.54337 1.59443 1.64582 1.69666 1.74612 1.79345 1.83801 1.8793 1.91698 1.95084 1.98082 2.00699 2.02951 2.04863 2.06466 2.07792 2.08876 2.09751 2.10448 2.10997 2.11423 2.11746 2.11985 2.12152 2.12258 2.12309 2.12307 2.12249 2.12132 2.11944 2.11673 2.11298 2.10797 2.10141 2.09297 2.08231 2.06902 2.05274 2.03309 2.00975 1.98249 1.95116 1.91575 1.8764 1.83343 1.78728 1.73859 1.6881 1.63662 1.58505 1.53427 1.48513 1.43837 1.39464 1.35444 1.31809 1.28578 1.25753 1.23324 1.2127 1.19562 1.18164 1.1704 1.16151 1.15462 1.14936 1.14544 1.1426 1.14059 1.13923 1.13837 1.13789 1.13768 1.13767 1.13782 
1.13104 1.1314 1.13184 1.1324 1.13309 1.13399 1.13518 1.13678 1.13897 1.14195 1.146 1.15142 1.15858 1.16788 1.17975 1.19462 1.21291 1.23497 1.26108 1.29142 1.326 1.36468 1.40717 1.45298 1.50149 1.55193 1.60348 1.65525 1.70633 1.75591 1.80322 1.84763 1.88867 1.92598 1.9594 1.98887 2.01449 2.03644 2.05499 2.07045 2.08318 2.09351 2.10181 2.10837 2.11351 2.11746 2.12045 2.12264 2.12418 2.12515 2.12563 2.12563 2.12513 2.12409 2.12241 2.11996 2.11653 2.1119 2.10578 2.09785 2.08773 2.07504 2.05937 2.04034 2.01762 1.99093 1.96011 1.92514 1.88613 1.84337 1.79731 1.74856 1.69786 1.64606 1.59404 1.5427 1.49292 1.44547 1.40101 1.36007 1.32299 1.28998 1.26108 1.2362 1.21513 1.19758 1.18321 1.17163 1.16247 1.15534 1.14991 1.14585 1.14289 1.1408 1.13938 1.13848 1.13796 1.13773 1.13771 1.13784 
1.13106 1.13141 1.13187 1.13243 1.13314 1.13406 1.13528 1.13693 1.13918 1.14225 1.14641 1.15198 1.15933 1.16886 1.18102 1.19623 1.21491 1.23742 1.26404 1.2949 1.33004 1.3693 1.41236 1.45871 1.50772 1.55861 1.61053 1.66256 1.71383 1.76348 1.81076 1.85506 1.89588 1.9329 1.96596 1.99503 2.02022 2.04172 2.05982 2.07484 2.08714 2.09709 2.10502 2.11127 2.11613 2.11985 2.12264 2.12468 2.12611 2.12702 2.12747 2.12748 2.12705 2.12612 2.12459 2.12233 2.11915 2.11482 2.10905 2.10151 2.09183 2.0796 2.06441 2.04587 2.02363 1.9974 1.96699 1.93237 1.89363 1.85105 1.80506 1.75628 1.70544 1.65339 1.60103 1.54928 1.49901 1.45103 1.40601 1.36449 1.32686 1.29331 1.2639 1.23856 1.21707 1.19915 1.18446 1.17262 1.16324 1.15593 1.15035 1.14618 1.14314 1.14098 1.13951 1.13857 1.13802 1.13777 1.13774 1.13787 
1.13107 1.13143 1.13188 1.13245 1.13317 1.13411 1.13535 1.13704 1.13934 1.14247 1.14672 1.1524 1.15989 1.1696 1.18196 1.19742 1.21638 1.23921 1.26617 1.29742 1.33296 1.37262 1.41607 1.4628 1.51216 1.56336 1.61553 1.66776 1.71914 1.76885 1.81611 1.86031 1.90098 1.9378 1.97061 1.9994 2.02428 2.04546 2.06324 2.07795 2.08995 2.09962 2.1073 2.11332 2.11797 2.12152 2.12418 2.12611 2.12746 2.12832 2.12875 2.12878 2.12839 2.12753 2.12611 2.124 2.121 2.11688 2.11136 2.1041 2.09473 2.08283 2.06798 2.0498 2.0279 2.00199 1.97187 1.93749 1.89895 1.85649 1.81056 1.76176 1.71082 1.6586 1.60601 1.55396 1.50335 1.455 1.40959 1.36767 1.32964 1.29571 1.26594 1.24027 1.21848 1.2003 1.18539 1.17335 1.16381 1.15637 1.15069 1.14643 1.14332 1.14111 1.13961 1.13864 1.13807 1.13781 1.13776 1.13789 
1.13108 1.13144 1.1319 1.13247 1.1332 1.13414 1.13541 1.13711 1.13944 1.14262 1.14692 1.15267 1.16025 1.17006 1.18255 1.19816 1.21729 1.2403 1.26747 1.29894 1.3347 1.37459 1.41827 1.46522 1.51478 1.56616 1.61847 1.67081 1.72227 1.77201 1.81927 1.86343 1.90401 1.94072 1.9734 2.00203 2.02674 2.04774 2.06533 2.07986 2.09169 2.10119 2.10872 2.1146 2.11914 2.12258 2.12515 2.12702 2.12832 2.12915 2.12957 2.12961 2.12924 2.12843 2.12708 2.12506 2.12217 2.11819 2.11282 2.10572 2.09653 2.08482 2.07018 2.0522 2.03049 2.00476 1.97481 1.94056 1.90211 1.85972 1.81381 1.76499 1.71399 1.66167 1.60893 1.55672 1.50591 1.45734 1.41171 1.36956 1.3313 1.29715 1.26718 1.24131 1.21935 1.20102 1.18597 1.17381 1.16417 1.15665 1.1509 1.1466 1.14344 1.1412 1.13967 1.13868 1.13811 1.13783 1.13778 1.1379 
