4.53115 4.53134 4.53158 4.53186 4.5322 4.53259 4.53304 4.53353 4.53408 4.53469 4.53536 4.53609 4.53688 4.53773 4.53866 4.53965 4.54072 4.54186 4.54307 4.54435 4.54571 4.54714 4.54865 4.55022 4.55185 4.55354 4.55529 4.55708 4.55892 4.56079 4.56268 4.56459 4.5665 4.5684 4.57028 4.57213 4.57394 4.57569 4.57738 4.57898 4.58049 4.5819 4.5832 4.58437 4.58541 4.58631 4.58705 4.58765 4.58808 4.58836 4.58847 4.58841 4.58819 4.58781 4.58726 4.58657 4.58572 4.58474 4.58362 4.58238 4.58103 4.57957 4.57802 4.5764 4.57471 4.57296 4.57117 4.56935 4.56752 4.56568 4.56384 4.56202 4.56023 4.55848 4.55677 4.55511 4.55352 4.55199 4.55053 4.54915 4.54785 4.54663 4.5455 4.54445 4.54348 4.5426 4.5418 4.54109 4.54045 4.5399 4.53942 4.53901 4.53868 4.53841 4.5382 4.53806 4.53798 4.53796 4.53799 4.53807 
4.53134 4.53153 4.53176 4.53205 4.53239 4.53279 4.53323 4.53373 4.53428 4.53489 4.53556 4.5363 4.53709 4.53796 4.53889 4.53989 4.54096 4.54211 4.54333 4.54463 4.546 4.54745 4.54896 4.55055 4.5522 4.55391 4.55567 4.55748 4.55934 4.56123 4.56314 4.56506 4.56699 4.56891 4.57081 4.57268 4.57451 4.57628 4.57798 4.57961 4.58113 4.58256 4.58387 4.58505 4.5861 4.58701 4.58776 4.58836 4.5888 4.58908 4.58919 4.58913 4.58891 4.58852 4.58797 4.58727 4.58642 4.58542 4.58429 4.58304 4.58167 4.5802 4.57863 4.57699 4.57528 4.57351 4.5717 4.56987 4.56801 4.56615 4.5643 4.56246 4.56065 4.55888 4.55715 4.55548 4.55387 4.55232 4.55085 4.54946 4.54814 4.54691 4.54577 4.5447 4.54373 4.54284 4.54204 4.54131 4.54067 4.54011 4.53963 4.53922 4.53888 4.53861 4.5384 4.53826 4.53817 4.53815 4.53818 4.53826 
4.53158 4.53176 4.53201 4.5323 4.53264 4.53304 4.53349 4.534 4.53457 4.53519 4.53588 4.53663 4.53744 4.53833 4.53928 4.54031 4.54141 4.54259 4.54384 4.54518 4.54658 4.54807 4.54963 4.55125 4.55295 4.55471 4.55652 4.55838 4.56029 4.56223 4.56419 4.56617 4.56815 4.57013 4.57208 4.574 4.57588 4.5777 4.57944 4.58111 4.58268 4.58414 4.58548 4.5867 4.58778 4.58871 4.58948 4.5901 4.59055 4.59083 4.59094 4.59088 4.59065 4.59025 4.58969 4.58896 4.58809 4.58706 4.5859 4.58461 4.58321 4.58169 4.58009 4.5784 4.57664 4.57482 4.57296 4.57108 4.56917 4.56726 4.56535 4.56346 4.5616 4.55978 4.558 4.55628 4.55462 4.55303 4.55152 4.55008 4.54873 4.54746 4.54628 4.54519 4.54418 4.54327 4.54244 4.54169 4.54103 4.54045 4.53995 4.53952 4.53917 4.53888 4.53867 4.53852 4.53843 4.53839 4.53842 4.5385 
4.53186 4.53205 4.5323 4.5326 4.53295 4.53336 4.53383 4.53435 4.53494 4.53558 4.5363 4.53707 4.53792 4.53884 4.53984 4.54091 4.54206 4.54329 4.5446 4.54599 4.54746 4.54901 4.55064 4.55234 4.55411 4.55595 4.55784 4.55979 4.56178 4.5638 4.56585 4.56792 4.56999 4.57205 4.57408 4.57609 4.57804 4.57994 4.58176 4.5835 4.58513 4.58665 4.58805 4.58932 4.59044 4.5914 4.59221 4.59285 4.59332 4.59361 4.59372 4.59366 4.59342 4.593 4.59241 4.59165 4.59074 4.58967 4.58846 4.58711 4.58564 4.58406 4.58239 4.58062 4.57879 4.57689 4.57495 4.57298 4.57099 4.56899 4.567 4.56503 4.56308 4.56118 4.55932 4.55752 4.55579 4.55412 4.55254 4.55103 4.54961 4.54829 4.54705 4.5459 4.54484 4.54388 4.543 4.54222 4.54152 4.54091 4.54038 4.53992 4.53955 4.53924 4.53901 4.53884 4.53874 4.5387 4.53872 4.53879 
4.5322 4.53239 4.53264 4.53295 4.53332 4.53374 4.53423 4.53478 4.53539 4.53607 4.53682 4.53764 4.53854 4.53951 4.54057 4.5417 4.54292 4.54422 4.54561 4.54708 4.54864 4.55029 4.55201 4.55381 4.55569 4.55763 4.55964 4.5617 4.56381 4.56596 4.56813 4.57031 4.5725 4.57468 4.57683 4.57895 4.58102 4.58302 4.58494 4.58677 4.5885 4.5901 4.59158 4.59291 4.59409 4.59511 4.59596 4.59663 4.59712 4.59743 4.59754 4.59747 4.59722 4.59677 4.59615 4.59535 4.59438 4.59325 4.59196 4.59054 4.58899 4.58732 4.58554 4.58368 4.58174 4.57973 4.57768 4.57559 4.57348 4.57136 4.56925 4.56716 4.5651 4.56308 4.56111 4.5592 4.55736 4.55559 4.55391 4.55231 4.5508 4.54938 4.54806 4.54684 4.54571 4.54468 4.54374 4.5429 4.54215 4.54149 4.54091 4.54042 4.54001 4.53968 4.53942 4.53923 4.53911 4.53906 4.53906 4.53914 
4.53259 4.53279 4.53304 4.53336 4.53374 4.53419 4.5347 4.53528 4.53594 4.53666 4.53746 4.53834 4.53929 4.54033 4.54146 4.54268 4.54398 4.54538 4.54687 4.54845 4.55013 4.55189 4.55374 4.55567 4.55769 4.55977 4.56193 4.56414 4.56639 4.56869 4.57101 4.57335 4.57569 4.57802 4.58033 4.58259 4.5848 4.58694 4.58899 4.59094 4.59278 4.5945 4.59607 4.59749 4.59875 4.59983 4.60073 4.60145 4.60197 4.60229 4.60241 4.60233 4.60205 4.60158 4.60091 4.60005 4.59901 4.5978 4.59643 4.59491 4.59325 4.59146 4.58956 4.58757 4.58549 4.58334 4.58114 4.57891 4.57665 4.57438 4.57212 4.56988 4.56766 4.5655 4.56338 4.56133 4.55935 4.55745 4.55563 4.55391 4.55229 4.55076 4.54933 4.54801 4.54679 4.54567 4.54465 4.54374 4.54292 4.5422 4.54157 4.54102 4.54057 4.5402 4.5399 4.53969 4.53954 4.53947 4.53947 4.53953 
4.53304 4.53323 4.53349 4.53383 4.53423 4.5347 4.53525 4.53587 4.53657 4.53735 4.53821 4.53915 4.54019 4.54131 4.54253 4.54385 4.54526 4.54678 4.54839 4.55011 4.55192 4.55383 4.55584 4.55793 4.56011 4.56237 4.5647 4.56709 4.56953 4.57202 4.57453 4.57705 4.57958 4.5821 4.58458 4.58702 4.5894 4.59171 4.59392 4.59602 4.598 4.59984 4.60153 4.60306 4.60441 4.60557 4.60654 4.6073 4.60786 4.6082 4.60833 4.60824 4.60794 4.60742 4.60669 4.60577 4.60465 4.60334 4.60186 4.60022 4.59843 4.5965 4.59445 4.5923 4.59005 4.58773 4.58536 4.58294 4.5805 4.57805 4.5756 4.57317 4.57078 4.56843 4.56614 4.56391 4.56176 4.5597 4.55773 4.55585 4.55408 4.55242 4.55086 4.54941 4.54808 4.54685 4.54574 4.54473 4.54383 4.54303 4.54233 4.54173 4.54122 4.5408 4.54046 4.54021 4.54004 4.53995 4.53993 4.53998 
4.53353 4.53373 4.534 4.53435 4.53478 4.53528 4.53587 4.53654 4.53729 4.53814 4.53907 4.5401 4.54122 4.54245 4.54378 4.54522 4.54676 4.54841 4.55018 4.55205 4.55403 4.55612 4.55831 4.56059 4.56297 4.56544 4.56797 4.57058 4.57324 4.57594 4.57868 4.58142 4.58417 4.5869 4.5896 4.59225 4.59484 4.59733 4.59973 4.60201 4.60415 4.60615 4.60798 4.60963 4.61108 4.61234 4.61338 4.61421 4.61481 4.61517 4.61531 4.61521 4.61487 4.61431 4.61352 4.61251 4.61129 4.60987 4.60827 4.60648 4.60454 4.60244 4.60022 4.59787 4.59544 4.59292 4.59033 4.5877 4.58505 4.58238 4.57971 4.57706 4.57445 4.57189 4.56938 4.56695 4.5646 4.56235 4.56019 4.55813 4.55619 4.55436 4.55265 4.55106 4.54959 4.54824 4.547 4.54589 4.54488 4.54399 4.54321 4.54254 4.54196 4.54148 4.5411 4.54081 4.5406 4.54048 4.54044 4.54048 
4.53408 4.53428 4.53457 4.53494 4.53539 4.53594 4.53657 4.53729 4.53811 4.53903 4.54005 4.54118 4.54241 4.54375 4.54521 4.54679 4.54848 4.5503 4.55223 4.55429 4.55646 4.55876 4.56116 4.56367 4.56627 4.56897 4.57176 4.57461 4.57752 4.58048 4.58347 4.58647 4.58947 4.59246 4.5954 4.59829 4.60111 4.60383 4.60644 4.60892 4.61125 4.61342 4.61541 4.6172 4.61878 4.62015 4.62128 4.62217 4.62282 4.62321 4.62335 4.62324 4.62287 4.62225 4.62139 4.62029 4.61896 4.61741 4.61565 4.61371 4.61158 4.6093 4.60687 4.60431 4.60165 4.59889 4.59607 4.5932 4.59029 4.58737 4.58445 4.58155 4.57869 4.57588 4.57313 4.57046 4.56788 4.5654 4.56303 4.56076 4.55862 4.5566 4.55471 4.55295 4.55132 4.54982 4.54845 4.54721 4.54609 4.54509 4.54421 4.54345 4.5428 4.54226 4.54181 4.54147 4.54123 4.54107 4.54101 4.54104 
4.53469 4.53489 4.53519 4.53558 4.53607 4.53666 4.53735 4.53814 4.53903 4.54004 4.54116 4.54239 4.54375 4.54523 4.54683 4.54857 4.55044 4.55244 4.55457 4.55683 4.55923 4.56175 4.5644 4.56716 4.57003 4.573 4.57606 4.57919 4.58239 4.58564 4.58891 4.59221 4.5955 4.59876 4.60199 4.60515 4.60823 4.6112 4.61405 4.61676 4.6193 4.62167 4.62384 4.62579 4.62751 4.62899 4.63022 4.63119 4.63189 4.63232 4.63247 4.63234 4.63193 4.63125 4.6303 4.6291 4.62764 4.62595 4.62403 4.6219 4.61957 4.61707 4.61441 4.61161 4.60869 4.60568 4.60258 4.59943 4.59625 4.59304 4.58984 4.58665 4.58351 4.58041 4.57739 4.57445 4.57161 4.56887 4.56625 4.56375 4.56138 4.55914 4.55705 4.55509 4.55328 4.55161 4.55008 4.5487 4.54744 4.54633 4.54534 4.54448 4.54374 4.54312 4.54261 4.54221 4.54192 4.54173 4.54164 4.54165 
4.53536 4.53556 4.53588 4.5363 4.53682 4.53746 4.53821 4.53907 4.54005 4.54116 4.54239 4.54375 4.54524 4.54687 4.54864 4.55056 4.55262 4.55483 4.55719 4.55969 4.56233 4.56512 4.56804 4.57108 4.57424 4.57751 4.58088 4.58433 4.58785 4.59142 4.59502 4.59863 4.60224 4.60583 4.60936 4.61282 4.61619 4.61945 4.62257 4.62553 4.62831 4.63089 4.63326 4.63539 4.63727 4.63888 4.64022 4.64128 4.64204 4.6425 4.64265 4.64251 4.64206 4.64131 4.64027 4.63895 4.63735 4.63549 4.63339 4.63105 4.62851 4.62576 4.62285 4.61978 4.61658 4.61327 4.60988 4.60642 4.60291 4.59939 4.59587 4.59237 4.5889 4.5855 4.58216 4.57892 4.57578 4.57276 4.56986 4.56709 4.56447 4.56199 4.55966 4.55749 4.55548 4.55362 4.55191 4.55036 4.54896 4.5477 4.54659 4.54562 4.54478 4.54407 4.54349 4.54303 4.54268 4.54245 4.54234 4.54233 
4.53609 4.5363 4.53663 4.53707 4.53764 4.53834 4.53915 4.5401 4.54118 4.54239 4.54375 4.54525 4.5469 4.5487 4.55066 4.55277 4.55505 4.5575 4.5601 4.56286 4.56578 4.56886 4.57208 4.57544 4.57892 4.58253 4.58624 4.59004 4.59391 4.59783 4.60179 4.60576 4.60972 4.61365 4.61753 4.62133 4.62502 4.62858 4.632 4.63524 4.63828 4.6411 4.64368 4.64601 4.64806 4.64982 4.65128 4.65242 4.65325 4.65374 4.65391 4.65374 4.65325 4.65243 4.65129 4.64983 4.64808 4.64605 4.64374 4.64118 4.63839 4.63539 4.63219 4.62882 4.62531 4.62168 4.61795 4.61415 4.6103 4.60643 4.60255 4.5987 4.59489 4.59113 4.58746 4.58388 4.58041 4.57707 4.57386 4.5708 4.5679 4.56515 4.56257 4.56015 4.55791 4.55584 4.55393 4.5522 4.55063 4.54922 4.54797 4.54687 4.54592 4.54512 4.54445 4.54392 4.54352 4.54324 4.5431 4.54307 
4.53688 4.53709 4.53744 4.53792 4.53854 4.53929 4.54019 4.54122 4.54241 4.54375 4.54524 4.5469 4.54872 4.55071 4.55287 4.55521 4.55773 4.56043 4.56331 4.56636 4.56958 4.57298 4.57653 4.58023 4.58408 4.58805 4.59213 4.59631 4.60057 4.60488 4.60923 4.61359 4.61794 4.62225 4.6265 4.63066 4.6347 4.6386 4.64234 4.64588 4.6492 4.65228 4.6551 4.65764 4.65987 4.66179 4.66338 4.66462 4.66552 4.66606 4.66623 4.66605 4.6655 4.6646 4.66335 4.66175 4.65984 4.65761 4.65508 4.65228 4.64922 4.64593 4.64243 4.63874 4.63489 4.63091 4.62681 4.62264 4.61842 4.61416 4.6099 4.60566 4.60146 4.59733 4.59328 4.58933 4.58551 4.58182 4.57827 4.57489 4.57167 4.56862 4.56576 4.56308 4.56059 4.55828 4.55616 4.55422 4.55246 4.55089 4.54948 4.54825 4.54718 4.54626 4.5455 4.54489 4.54443 4.54411 4.54392 4.54387 
4.53773 4.53796 4.53833 4.53884 4.53951 4.54033 4.54131 4.54245 4.54375 4.54523 4.54687 4.5487 4.55071 4.55291 4.5553 4.55788 4.56066 4.56364 4.56682 4.57018 4.57374 4.57748 4.5814 4.58548 4.58971 4.59408 4.59857 4.60316 4.60784 4.61257 4.61735 4.62213 4.62689 4.63161 4.63626 4.64081 4.64524 4.6495 4.65358 4.65744 4.66107 4.66443 4.6675 4.67027 4.6727 4.67479 4.67652 4.67787 4.67884 4.67942 4.67961 4.6794 4.6788 4.67781 4.67644 4.6747 4.6726 4.67016 4.6674 4.66434 4.66099 4.65739 4.65356 4.64952 4.6453 4.64094 4.63646 4.63189 4.62725 4.62258 4.6179 4.61324 4.60863 4.60408 4.59963 4.59528 4.59107 4.587 4.58308 4.57935 4.57579 4.57242 4.56925 4.56628 4.56351 4.56094 4.55858 4.55643 4.55447 4.5527 4.55113 4.54974 4.54854 4.54751 4.54665 4.54595 4.54542 4.54504 4.54481 4.54474 
4.53866 4.53889 4.53928 4.53984 4.54057 4.54146 4.54253 4.54378 4.54521 4.54683 4.54864 4.55066 4.55287 4.5553 4.55793 4.56078 4.56385 4.56713 4.57063 4.57434 4.57826 4.58238 4.58668 4.59117 4.59582 4.60062 4.60555 4.61059 4.61572 4.6209 4.62613 4.63136 4.63658 4.64174 4.64682 4.65179 4.65661 4.66127 4.66571 4.66992 4.67387 4.67753 4.68088 4.68389 4.68653 4.6888 4.69068 4.69215 4.6932 4.69382 4.69402 4.69379 4.69313 4.69205 4.69055 4.68865 4.68636 4.6837 4.68068 4.67734 4.67369 4.66976 4.66557 4.66116 4.65655 4.65178 4.64688 4.64188 4.6368 4.63169 4.62656 4.62145 4.61639 4.6114 4.60651 4.60173 4.59709 4.59261 4.5883 4.58418 4.58026 4.57654 4.57303 4.56975 4.56668 4.56384 4.56122 4.55882 4.55664 4.55467 4.55292 4.55137 4.55001 4.54885 4.54788 4.54709 4.54648 4.54604 4.54578 4.54568 
4.53965 4.53989 4.54031 4.54091 4.5417 4.54268 4.54385 4.54522 4.54679 4.54857 4.55056 4.55277 4.55521 4.55788 4.56078 4.56392 4.56729 4.57091 4.57475 4.57883 4.58314 4.58766 4.59239 4.59731 4.60241 4.60767 4.61307 4.61859 4.6242 4.62987 4.63558 4.64129 4.64698 4.65262 4.65816 4.66357 4.66883 4.67389 4.67873 4.68331 4.6876 4.69158 4.69521 4.69847 4.70134 4.70381 4.70584 4.70743 4.70856 4.70924 4.70945 4.70919 4.70847 4.70729 4.70566 4.70359 4.70109 4.6982 4.69491 4.69127 4.6873 4.68301 4.67845 4.67364 4.66862 4.66342 4.65807 4.65261 4.64706 4.64147 4.63587 4.63028 4.62474 4.61928 4.61391 4.60868 4.60359 4.59867 4.59393 4.5894 4.58508 4.58098 4.57712 4.57349 4.5701 4.56696 4.56406 4.5614 4.55898 4.5568 4.55485 4.55312 4.5516 4.55031 4.54921 4.54832 4.54763 4.54713 4.54681 4.54668 
4.54072 4.54096 4.54141 4.54206 4.54292 4.54398 4.54526 4.54676 4.54848 4.55044 4.55262 4.55505 4.55773 4.56066 4.56385 4.56729 4.571 4.57496 4.57918 4.58366 4.58838 4.59333 4.59851 4.6039 4.60948 4.61523 4.62113 4.62715 4.63327 4.63946 4.64568 4.65191 4.6581 4.66423 4.67026 4.67614 4.68185 4.68735 4.6926 4.69757 4.70222 4.70653 4.71047 4.714 4.71711 4.71977 4.72197 4.72368 4.72491 4.72564 4.72586 4.72557 4.72479 4.7235 4.72173 4.71948 4.71677 4.71363 4.71006 4.70611 4.70179 4.69714 4.69218 4.68695 4.68149 4.67583 4.67001 4.66406 4.65802 4.65193 4.64582 4.63972 4.63367 4.6277 4.62184 4.61611 4.61054 4.60515 4.59996 4.59499 4.59025 4.58575 4.5815 4.57751 4.57378 4.57031 4.56711 4.56418 4.5615 4.55908 4.55691 4.55499 4.55331 4.55186 4.55064 4.54964 4.54886 4.54829 4.54792 4.54776 
4.54186 4.54211 4.54259 4.54329 4.54422 4.54538 4.54678 4.54841 4.5503 4.55244 4.55483 4.5575 4.56043 4.56364 4.56713 4.57091 4.57496 4.5793 4.58392 4.58882 4.59397 4.59939 4.60504 4.61092 4.61701 4.62328 4.62971 4.63627 4.64293 4.64966 4.65642 4.66319 4.66991 4.67656 4.6831 4.68948 4.69566 4.70162 4.7073 4.71267 4.71771 4.72236 4.72662 4.73043 4.73379 4.73666 4.73903 4.74088 4.7422 4.74298 4.74321 4.7429 4.74204 4.74065 4.73873 4.73629 4.73336 4.72996 4.7261 4.72182 4.71714 4.7121 4.70673 4.70106 4.69514 4.689 4.68268 4.67622 4.66966 4.66304 4.65639 4.64976 4.64317 4.63667 4.63028 4.62403 4.61795 4.61206 4.60639 4.60095 4.59576 4.59083 4.58618 4.5818 4.5777 4.57389 4.57037 4.56714 4.56419 4.56152 4.55913 4.557 4.55513 4.55353 4.55217 4.55105 4.55017 4.54953 4.54911 4.54892 
4.54307 4.54333 4.54384 4.5446 4.54561 4.54687 4.54839 4.55018 4.55223 4.55457 4.55719 4.5601 4.56331 4.56682 4.57063 4.57475 4.57918 4.58392 4.58896 4.5943 4.59992 4.60582 4.61198 4.61838 4.625 4.63182 4.6388 4.64593 4.65315 4.66045 4.66779 4.67511 4.68239 4.68959 4.69666 4.70355 4.71023 4.71666 4.72279 4.72859 4.73402 4.73904 4.74362 4.74773 4.75134 4.75443 4.75698 4.75896 4.76038 4.76121 4.76146 4.76112 4.76019 4.75869 4.75661 4.75398 4.75082 4.74715 4.74298 4.73836 4.73331 4.72786 4.72206 4.71593 4.70953 4.70289 4.69605 4.68906 4.68195 4.67478 4.66757 4.66037 4.65323 4.64616 4.63922 4.63242 4.6258 4.61939 4.61321 4.60728 4.60162 4.59624 4.59114 4.58636 4.58187 4.5777 4.57384 4.57029 4.56705 4.56412 4.56148 4.55913 4.55707 4.5553 4.55379 4.55255 4.55157 4.55084 4.55037 4.55014 
4.54435 4.54463 4.54518 4.54599 4.54708 4.54845 4.55011 4.55205 4.55429 4.55683 4.55969 4.56286 4.56636 4.57018 4.57434 4.57883 4.58366 4.58882 4.5943 4.6001 4.60622 4.61263 4.61931 4.62626 4.63344 4.64083 4.64839 4.6561 4.66392 4.67182 4.67974 4.68765 4.69551 4.70327 4.71089 4.71832 4.72552 4.73244 4.73904 4.74527 4.75111 4.7565 4.76142 4.76583 4.76971 4.77302 4.77575 4.77789 4.7794 4.78029 4.78055 4.78018 4.77918 4.77756 4.77533 4.7725 4.7691 4.76514 4.76066 4.75568 4.75025 4.74438 4.73813 4.73154 4.72463 4.71747 4.71009 4.70255 4.69487 4.68712 4.67933 4.67154 4.66381 4.65616 4.64863 4.64126 4.63409 4.62713 4.62041 4.61397 4.6078 4.60194 4.5964 4.59118 4.58629 4.58173 4.57751 4.57363 4.57008 4.56686 4.56397 4.5614 4.55913 4.55717 4.55551 4.55414 4.55305 4.55224 4.55171 4.55145 
4.54571 4.546 4.54658 4.54746 4.54864 4.55013 4.55192 4.55403 4.55646 4.55923 4.56233 4.56578 4.56958 4.57374 4.57826 4.58314 4.58838 4.59397 4.59992 4.60622 4.61284 4.61979 4.62702 4.63454 4.6423 4.65029 4.65846 4.66678 4.67521 4.68372 4.69226 4.70078 4.70923 4.71758 4.72577 4.73375 4.74148 4.74891 4.75598 4.76267 4.76892 4.7747 4.77997 4.78469 4.78884 4.79238 4.79531 4.79758 4.7992 4.80015 4.80042 4.80002 4.79895 4.79721 4.79481 4.79178 4.78813 4.78389 4.77908 4.77374 4.76791 4.76161 4.7549 4.74782 4.7404 4.7327 4.72477 4.71664 4.70838 4.70003 4.69164 4.68324 4.67489 4.66664 4.65851 4.65054 4.64278 4.63525 4.62798 4.62099 4.61431 4.60795 4.60193 4.59625 4.59094 4.58598 4.58138 4.57715 4.57328 4.56976 4.5666 4.56378 4.5613 4.55915 4.55732 4.55581 4.55461 4.55372 4.55312 4.55282 
4.54714 4.54745 4.54807 4.54901 4.55029 4.55189 4.55383 4.55612 4.55876 4.56175 4.56512 4.56886 4.57298 4.57748 4.58238 4.58766 4.59333 4.59939 4.60582 4.61263 4.61979 4.62728 4.63509 4.6432 4.65157 4.66017 4.66896 4.67792 4.68699 4.69613 4.7053 4.71444 4.72351 4.73246 4.74124 4.74979 4.75806 4.766 4.77357 4.78072 4.7874 4.79357 4.7992 4.80424 4.80866 4.81244 4.81556 4.81798 4.81971 4.82071 4.821 4.82057 4.81942 4.81756 4.815 4.81175 4.80785 4.80332 4.79818 4.79247 4.78623 4.7795 4.77231 4.76472 4.75678 4.74853 4.74002 4.73131 4.72244 4.71348 4.70446 4.69543 4.68645 4.67757 4.66881 4.66023 4.65186 4.64374 4.63589 4.62834 4.62112 4.61424 4.60772 4.60157 4.59581 4.59043 4.58544 4.58084 4.57663 4.57281 4.56936 4.56629 4.56358 4.56123 4.55923 4.55758 4.55626 4.55527 4.55461 4.55427 
4.54865 4.54896 4.54963 4.55064 4.55201 4.55374 4.55584 4.55831 4.56116 4.5644 4.56804 4.57208 4.57653 4.5814 4.58668 4.59239 4.59851 4.60504 4.61198 4.61931 4.62702 4.63509 4.6435 4.65221 4.6612 4.67044 4.67988 4.68948 4.69921 4.709 4.71882 4.7286 4.73831 4.74787 4.75725 4.76637 4.7752 4.78368 4.79175 4.79936 4.80648 4.81305 4.81904 4.8244 4.82911 4.83313 4.83643 4.83901 4.84084 4.84191 4.84221 4.84175 4.84052 4.83853 4.8358 4.83235 4.8282 4.82336 4.81789 4.8118 4.80515 4.79796 4.7903 4.7822 4.77372 4.7649 4.75581 4.74649 4.73701 4.72741 4.71775 4.70808 4.69845 4.68891 4.67952 4.6703 4.66131 4.65257 4.64412 4.63599 4.62821 4.62079 4.61376 4.60712 4.6009 4.59508 4.58968 4.5847 4.58014 4.57599 4.57225 4.56891 4.56597 4.56341 4.56123 4.55943 4.55798 4.5569 4.55617 4.55579 
4.55022 4.55055 4.55125 4.55234 4.55381 4.55567 4.55793 4.56059 4.56367 4.56716 4.57108 4.57544 4.58023 4.58548 4.59117 4.59731 4.6039 4.61092 4.61838 4.62626 4.63454 4.6432 4.65221 4.66155 4.67118 4.68107 4.69117 4.70144 4.71183 4.72229 4.73277 4.74321 4.75356 4.76375 4.77373 4.78345 4.79284 4.80185 4.81043 4.81852 4.82608 4.83305 4.8394 4.84509 4.85008 4.85434 4.85785 4.86058 4.86252 4.86365 4.86396 4.86347 4.86216 4.86005 4.85715 4.85349 4.84907 4.84394 4.83812 4.83166 4.82458 4.81695 4.80879 4.80017 4.79114 4.78176 4.77207 4.76214 4.75202 4.74178 4.73146 4.72113 4.71084 4.70064 4.69059 4.68072 4.67108 4.66171 4.65265 4.64392 4.63557 4.62759 4.62003 4.61289 4.60618 4.59991 4.59409 4.58872 4.58379 4.57931 4.57526 4.57165 4.56846 4.56569 4.56332 4.56136 4.55978 4.5586 4.5578 4.55738 
4.55185 4.5522 4.55295 4.55411 4.55569 4.55769 4.56011 4.56297 4.56627 4.57003 4.57424 4.57892 4.58408 4.58971 4.59582 4.60241 4.60948 4.61701 4.625 4.63344 4.6423 4.65157 4.6612 4.67118 4.68147 4.69202 4.7028 4.71375 4.72482 4.73595 4.7471 4.75821 4.7692 4.78003 4.79063 4.80094 4.8109 4.82045 4.82954 4.83811 4.84611 4.8535 4.86022 4.86623 4.87151 4.87601 4.87972 4.8826 4.88464 4.88583 4.88617 4.88564 4.88425 4.88202 4.87895 4.87507 4.8704 4.86497 4.8588 4.85196 4.84446 4.83636 4.82772 4.81858 4.80899 4.79903 4.78874 4.77818 4.76742 4.75653 4.74555 4.73455 4.72358 4.71271 4.70198 4.69144 4.68115 4.67114 4.66145 4.65211 4.64316 4.63462 4.62651 4.61885 4.61165 4.60491 4.59866 4.59288 4.58758 4.58275 4.57839 4.57449 4.57104 4.56805 4.56549 4.56336 4.56166 4.56037 4.5595 4.55903 
4.55354 4.55391 4.55471 4.55595 4.55763 4.55977 4.56237 4.56544 4.56897 4.573 4.57751 4.58253 4.58805 4.59408 4.60062 4.60767 4.61523 4.62328 4.63182 4.64083 4.65029 4.66017 4.67044 4.68107 4.69202 4.70325 4.71471 4.72635 4.7381 4.74993 4.76175 4.77353 4.78518 4.79664 4.80786 4.81877 4.8293 4.8394 4.849 4.85805 4.8665 4.87429 4.88138 4.88772 4.89328 4.89803 4.90193 4.90497 4.90712 4.90837 4.90872 4.90816 4.9067 4.90434 4.90111 4.89701 4.89208 4.88634 4.87984 4.87261 4.86469 4.85614 4.847 4.83733 4.82719 4.81664 4.80574 4.79456 4.78316 4.7716 4.75995 4.74827 4.73662 4.72506 4.71365 4.70244 4.69147 4.68081 4.67048 4.66052 4.65096 4.64184 4.63317 4.62498 4.61727 4.61007 4.60336 4.59717 4.59148 4.58629 4.58161 4.57742 4.57371 4.57049 4.56773 4.56543 4.56359 4.5622 4.56125 4.56074 
4.55529 4.55567 4.55652 4.55784 4.55964 4.56193 4.5647 4.56797 4.57176 4.57606 4.58088 4.58624 4.59213 4.59857 4.60555 4.61307 4.62113 4.62971 4.6388 4.64839 4.65846 4.66896 4.67988 4.69117 4.7028 4.71471 4.72686 4.73919 4.75164 4.76415 4.77666 4.7891 4.80141 4.81352 4.82536 4.83687 4.84797 4.85861 4.86873 4.87826 4.88715 4.89534 4.9028 4.90947 4.91531 4.9203 4.9244 4.92759 4.92985 4.93116 4.93152 4.93093 4.9294 4.92692 4.92351 4.9192 4.91402 4.90798 4.90114 4.89352 4.88518 4.87617 4.86654 4.85635 4.84565 4.83452 4.82301 4.8112 4.79915 4.78693 4.7746 4.76223 4.7499 4.73765 4.72555 4.71365 4.70201 4.69068 4.6797 4.66911 4.65894 4.64923 4.63999 4.63126 4.62304 4.61535 4.60819 4.60157 4.59548 4.58994 4.58492 4.58043 4.57646 4.573 4.57004 4.56757 4.56559 4.56409 4.56306 4.56251 
4.55708 4.55748 4.55838 4.55979 4.5617 4.56414 4.56709 4.57058 4.57461 4.57919 4.58433 4.59004 4.59631 4.60316 4.61059 4.61859 4.62715 4.63627 4.64593 4.6561 4.66678 4.67792 4.68948 4.70144 4.71375 4.72635 4.73919 4.75221 4.76536 4.77856 4.79175 4.80487 4.81784 4.83058 4.84304 4.85515 4.86682 4.878 4.88862 4.89863 4.90796 4.91656 4.92437 4.93137 4.93749 4.94272 4.94701 4.95035 4.95272 4.95409 4.95447 4.95385 4.95224 4.94964 4.94607 4.94155 4.93611 4.92978 4.92259 4.9146 4.90584 4.89638 4.88626 4.87554 4.86429 4.85258 4.84047 4.82803 4.81533 4.80244 4.78944 4.77639 4.76336 4.75041 4.73762 4.72504 4.71272 4.70072 4.68908 4.67785 4.66707 4.65676 4.64695 4.63766 4.62892 4.62074 4.61312 4.60606 4.59958 4.59366 4.58831 4.58351 4.57927 4.57557 4.5724 4.56976 4.56764 4.56603 4.56492 4.56432 
4.55892 4.55934 4.56029 4.56178 4.56381 4.56639 4.56953 4.57324 4.57752 4.58239 4.58785 4.59391 4.60057 4.60784 4.61572 4.6242 4.63327 4.64293 4.65315 4.66392 4.67521 4.68699 4.69921 4.71183 4.72482 4.7381 4.75164 4.76536 4.7792 4.79309 4.80696 4.82075 4.83437 4.84775 4.86082 4.87352 4.88575 4.89747 4.90859 4.91907 4.92883 4.93782 4.946 4.95331 4.95972 4.96518 4.96966 4.97315 4.97562 4.97705 4.97745 4.9768 4.97511 4.97239 4.96866 4.96393 4.95824 4.95162 4.94411 4.93574 4.92657 4.91666 4.90606 4.89482 4.88303 4.87074 4.85802 4.84496 4.83162 4.81807 4.80439 4.79066 4.77694 4.7633 4.74982 4.73654 4.72355 4.71087 4.69858 4.68671 4.6753 4.66438 4.654 4.64416 4.6349 4.62621 4.61812 4.61063 4.60374 4.59745 4.59176 4.58666 4.58214 4.57819 4.57482 4.572 4.56973 4.56801 4.56682 4.56618 
4.56079 4.56123 4.56223 4.5638 4.56596 4.56869 4.57202 4.57594 4.58048 4.58564 4.59142 4.59783 4.60488 4.61257 4.6209 4.62987 4.63946 4.64966 4.66045 4.67182 4.68372 4.69613 4.709 4.72229 4.73595 4.74993 4.76415 4.77856 4.79309 4.80766 4.82221 4.83666 4.85092 4.86493 4.87861 4.89189 4.90468 4.91692 4.92854 4.93948 4.94966 4.95905 4.96757 4.9752 4.98187 4.98756 4.99224 4.99587 4.99844 4.99993 5.00034 4.99967 4.99791 4.99507 4.99118 4.98626 4.98032 4.97341 4.96557 4.95684 4.94727 4.93692 4.92584 4.9141 4.90176 4.8889 4.8756 4.86192 4.84793 4.83373 4.81939 4.80498 4.79057 4.77625 4.76207 4.74811 4.73444 4.72109 4.70814 4.69563 4.68359 4.67208 4.66111 4.65072 4.64093 4.63175 4.62319 4.61526 4.60796 4.60129 4.59526 4.58984 4.58504 4.58086 4.57727 4.57427 4.57186 4.57002 4.56876 4.56806 
4.56268 4.56314 4.56419 4.56585 4.56813 4.57101 4.57453 4.57868 4.58347 4.58891 4.59502 4.60179 4.60923 4.61735 4.62613 4.63558 4.64568 4.65642 4.66779 4.67974 4.69226 4.7053 4.71882 4.73277 4.7471 4.76175 4.77666 4.79175 4.80696 4.82221 4.83742 4.85252 4.86742 4.88205 4.89632 4.91017 4.9235 4.93626 4.94836 4.95975 4.97035 4.98012 4.98898 4.99691 5.00385 5.00976 5.01462 5.0184 5.02107 5.02262 5.02304 5.02234 5.02051 5.01757 5.01352 5.0084 5.00223 4.99504 4.98689 4.9778 4.96784 4.95705 4.94551 4.93327 4.9204 4.90699 4.8931 4.87881 4.8642 4.84936 4.83435 4.81927 4.80419 4.78918 4.77433 4.75969 4.74534 4.73133 4.71772 4.70457 4.69192 4.6798 4.66826 4.65732 4.64699 4.63731 4.62828 4.61991 4.61221 4.60516 4.59878 4.59306 4.58798 4.58354 4.57974 4.57657 4.57401 4.57206 4.57071 4.56997 
4.56459 4.56506 4.56617 4.56792 4.57031 4.57335 4.57705 4.58142 4.58647 4.59221 4.59863 4.60576 4.61359 4.62213 4.63136 4.64129 4.65191 4.66319 4.67511 4.68765 4.70078 4.71444 4.7286 4.74321 4.75821 4.77353 4.7891 4.80487 4.82075 4.83666 4.85252 4.86825 4.88378 4.89901 4.91387 4.92827 4.94213 4.95539 4.96796 4.97979 4.99079 5.00093 5.01013 5.01835 5.02554 5.03167 5.03671 5.04062 5.04339 5.045 5.04544 5.04471 5.04281 5.03976 5.03557 5.03026 5.02386 5.0164 5.00794 4.99851 4.98816 4.97696 4.96496 4.95224 4.93886 4.9249 4.91044 4.89556 4.88034 4.86486 4.84921 4.83347 4.81772 4.80205 4.78652 4.77121 4.75619 4.74153 4.72727 4.71349 4.70022 4.68751 4.67539 4.6639 4.65306 4.64288 4.63338 4.62457 4.61646 4.60904 4.60232 4.59628 4.59092 4.58624 4.58223 4.57888 4.57617 4.57411 4.57268 4.57189 
4.5665 4.56699 4.56815 4.56999 4.5725 4.57569 4.57958 4.58417 4.58947 4.5955 4.60224 4.60972 4.61794 4.62689 4.63658 4.64698 4.6581 4.66991 4.68239 4.69551 4.70923 4.72351 4.73831 4.75356 4.7692 4.78518 4.80141 4.81784 4.83437 4.85092 4.86742 4.88378 4.89991 4.91573 4.93115 4.94609 4.96047 4.97421 4.98724 4.99949 5.01088 5.02137 5.03089 5.0394 5.04684 5.05318 5.05839 5.06243 5.06529 5.06696 5.06741 5.06666 5.0647 5.06154 5.05721 5.05172 5.0451 5.03739 5.02862 5.01886 5.00814 4.99654 4.9841 4.97091 4.95703 4.94255 4.92753 4.91208 4.89626 4.88016 4.86388 4.8475 4.8311 4.81477 4.79858 4.78261 4.76694 4.75163 4.73674 4.72234 4.70846 4.69517 4.68248 4.67045 4.65909 4.64842 4.63846 4.62921 4.6207 4.61291 4.60584 4.5995 4.59387 4.58894 4.58472 4.58118 4.57833 4.57616 4.57466 4.57382 
4.5684 4.56891 4.57013 4.57205 4.57468 4.57802 4.5821 4.5869 4.59246 4.59876 4.60583 4.61365 4.62225 4.63161 4.64174 4.65262 4.66423 4.67656 4.68959 4.70327 4.71758 4.73246 4.74787 4.76375 4.78003 4.79664 4.81352 4.83058 4.84775 4.86493 4.88205 4.89901 4.91573 4.93211 4.94808 4.96354 4.97842 4.99263 5.00609 5.01875 5.03052 5.04135 5.05118 5.05995 5.06763 5.07418 5.07955 5.08372 5.08667 5.08839 5.08886 5.08808 5.08606 5.08281 5.07834 5.07267 5.06584 5.05788 5.04884 5.03875 5.02768 5.01569 5.00283 4.98919 4.97483 4.95984 4.94429 4.92827 4.91187 4.89518 4.87829 4.86128 4.84425 4.82728 4.81045 4.79384 4.77753 4.76159 4.74608 4.73106 4.7166 4.70272 4.68949 4.67692 4.66505 4.65389 4.64348 4.63381 4.6249 4.61674 4.60934 4.60269 4.59678 4.59162 4.58719 4.58348 4.58049 4.5782 4.57662 4.57574 
4.57028 4.57081 4.57208 4.57408 4.57683 4.58033 4.58458 4.5896 4.5954 4.60199 4.60936 4.61753 4.6265 4.63626 4.64682 4.65816 4.67026 4.6831 4.69666 4.71089 4.72577 4.74124 4.75725 4.77373 4.79063 4.80786 4.82536 4.84304 4.86082 4.87861 4.89632 4.91387 4.93115 4.94808 4.96457 4.98053 4.99588 5.01054 5.02443 5.03747 5.0496 5.06076 5.07088 5.07992 5.08782 5.09456 5.10009 5.10438 5.10742 5.10918 5.10967 5.10887 5.1068 5.10345 5.09885 5.09302 5.08599 5.0778 5.06848 5.05809 5.04668 5.03432 5.02106 5.00698 4.99216 4.97668 4.96061 4.94406 4.9271 4.90984 4.89235 4.87474 4.8571 4.83951 4.82205 4.80482 4.78789 4.77134 4.75523 4.73962 4.72457 4.71014 4.69636 4.68327 4.6709 4.65928 4.64842 4.63833 4.62903 4.62051 4.61278 4.60584 4.59967 4.59427 4.58963 4.58575 4.58261 4.58022 4.57856 4.57764 
4.57213 4.57268 4.574 4.57609 4.57895 4.58259 4.58702 4.59225 4.59829 4.60515 4.61282 4.62133 4.63066 4.64081 4.65179 4.66357 4.67614 4.68948 4.70355 4.71832 4.73375 4.74979 4.76637 4.78345 4.80094 4.81877 4.83687 4.85515 4.87352 4.89189 4.91017 4.92827 4.94609 4.96354 4.98053 4.99697 5.01278 5.02786 5.04215 5.05556 5.06803 5.0795 5.0899 5.09918 5.1073 5.11422 5.1199 5.12431 5.12743 5.12924 5.12974 5.12893 5.1268 5.12336 5.11864 5.11266 5.10544 5.09702 5.08745 5.07677 5.06504 5.05232 5.03868 5.02419 5.00893 4.99298 4.97642 4.95936 4.94187 4.92405 4.906 4.88781 4.86958 4.85139 4.83333 4.8155 4.79798 4.78083 4.76413 4.74795 4.73235 4.71737 4.70307 4.68947 4.67662 4.66454 4.65325 4.64276 4.63308 4.62421 4.61616 4.60892 4.60249 4.59686 4.59202 4.58797 4.5847 4.58221 4.58047 4.5795 
4.57394 4.57451 4.57588 4.57804 4.58102 4.5848 4.5894 4.59484 4.60111 4.60823 4.61619 4.62502 4.6347 4.64524 4.65661 4.66883 4.68185 4.69566 4.71023 4.72552 4.74148 4.75806 4.7752 4.79284 4.8109 4.8293 4.84797 4.86682 4.88575 4.90468 4.9235 4.94213 4.96047 4.97842 4.99588 5.01278 5.02901 5.0445 5.05916 5.07293 5.08572 5.09748 5.10814 5.11766 5.12598 5.13307 5.13889 5.14341 5.1466 5.14846 5.14898 5.14814 5.14596 5.14245 5.13761 5.13148 5.12409 5.11546 5.10565 5.0947 5.08266 5.06961 5.05561 5.04073 5.02505 5.00866 4.99164 4.97408 4.95608 4.93774 4.91915 4.90041 4.88161 4.86285 4.84423 4.82582 4.80772 4.79001 4.77275 4.75602 4.73988 4.72438 4.70957 4.69549 4.68217 4.66965 4.65794 4.64705 4.63701 4.6278 4.61944 4.61192 4.60524 4.59939 4.59436 4.59015 4.58674 4.58414 4.58234 4.58133 
4.57569 4.57628 4.5777 4.57994 4.58302 4.58694 4.59171 4.59733 4.60383 4.6112 4.61945 4.62858 4.6386 4.6495 4.66127 4.67389 4.68735 4.70162 4.71666 4.73244 4.74891 4.766 4.78368 4.80185 4.82045 4.8394 4.85861 4.878 4.89747 4.91692 4.93626 4.95539 4.97421 4.99263 5.01054 5.02786 5.0445 5.06037 5.07539 5.08948 5.10257 5.11461 5.12552 5.13525 5.14377 5.15101 5.15696 5.16158 5.16485 5.16676 5.16729 5.16644 5.16421 5.16062 5.15568 5.14941 5.14185 5.13303 5.12299 5.11178 5.09946 5.0861 5.07176 5.05651 5.04044 5.02363 5.00617 4.98815 4.96967 4.95083 4.93173 4.91247 4.89313 4.87384 4.85467 4.83571 4.81707 4.79881 4.78102 4.76377 4.74711 4.73111 4.71582 4.70127 4.68751 4.67456 4.66245 4.65119 4.6408 4.63127 4.62261 4.61482 4.60789 4.60183 4.59662 4.59225 4.58872 4.58602 4.58414 4.58309 
4.57738 4.57798 4.57944 4.58176 4.58494 4.58899 4.59392 4.59973 4.60644 4.61405 4.62257 4.632 4.64234 4.65358 4.66571 4.67873 4.6926 4.7073 4.72279 4.73904 4.75598 4.77357 4.79175 4.81043 4.82954 4.849 4.86873 4.88862 4.90859 4.92854 4.94836 4.96796 4.98724 5.00609 5.02443 5.04215 5.05916 5.07539 5.09074 5.10514 5.11851 5.1308 5.14194 5.15188 5.16057 5.16797 5.17404 5.17875 5.18209 5.18404 5.18458 5.18371 5.18144 5.17778 5.17274 5.16635 5.15864 5.14963 5.13938 5.12794 5.11536 5.1017 5.08704 5.07145 5.05501 5.03781 5.01994 5.00149 4.98257 4.96326 4.94368 4.92392 4.90408 4.88428 4.86459 4.84512 4.82596 4.8072 4.7889 4.77115 4.754 4.73753 4.72178 4.70679 4.69261 4.67926 4.66677 4.65515 4.64442 4.63458 4.62564 4.6176 4.61044 4.60417 4.59878 4.59426 4.59061 4.58782 4.58588 4.58479 
4.57898 4.57961 4.58111 4.5835 4.58677 4.59094 4.59602 4.60201 4.60892 4.61676 4.62553 4.63524 4.64588 4.65744 4.66992 4.68331 4.69757 4.71267 4.72859 4.74527 4.76267 4.78072 4.79936 4.81852 4.83811 4.85805 4.87826 4.89863 4.91907 4.93948 4.95975 4.97979 4.99949 5.01875 5.03747 5.05556 5.07293 5.08948 5.10514 5.11982 5.13346 5.14598 5.15733 5.16746 5.17631 5.18385 5.19003 5.19483 5.19823 5.20022 5.20077 5.19989 5.19759 5.19386 5.18873 5.18223 5.17437 5.1652 5.15475 5.14309 5.13027 5.11634 5.10139 5.08548 5.0687 5.05114 5.03288 5.01403 4.99469 4.97495 4.95492 4.9347 4.91439 4.89411 4.87394 4.85399 4.83435 4.8151 4.79633 4.77811 4.76052 4.7436 4.72742 4.71201 4.69743 4.68371 4.67086 4.6589 4.64786 4.63773 4.62852 4.62023 4.61286 4.6064 4.60084 4.59618 4.59242 4.58953 4.58753 4.58641 
4.58049 4.58113 4.58268 4.58513 4.5885 4.59278 4.598 4.60415 4.61125 4.6193 4.62831 4.63828 4.6492 4.66107 4.67387 4.6876 4.70222 4.71771 4.73402 4.75111 4.76892 4.7874 4.80648 4.82608 4.84611 4.8665 4.88715 4.90796 4.92883 4.94966 4.97035 4.99079 5.01088 5.03052 5.0496 5.06803 5.08572 5.10257 5.11851 5.13346 5.14733 5.16007 5.17162 5.18192 5.19092 5.19858 5.20487 5.20975 5.21321 5.21523 5.21579 5.2149 5.21256 5.20878 5.20357 5.19696 5.18897 5.17964 5.16903 5.15716 5.14411 5.12994 5.11472 5.09852 5.08143 5.06353 5.04493 5.02571 5.00597 4.98583 4.96539 4.94474 4.92401 4.90328 4.88267 4.86227 4.84219 4.82249 4.80328 4.78463 4.76661 4.74927 4.73269 4.7169 4.70195 4.68787 4.67469 4.66242 4.65108 4.64068 4.63122 4.62271 4.61513 4.60849 4.60278 4.59799 4.59411 4.59115 4.58909 4.58793 
4.5819 4.58256 4.58414 4.58665 4.5901 4.5945 4.59984 4.60615 4.61342 4.62167 4.63089 4.6411 4.65228 4.66443 4.67753 4.69158 4.70653 4.72236 4.73904 4.7565 4.7747 4.79357 4.81305 4.83305 4.8535 4.87429 4.89534 4.91656 4.93782 4.95905 4.98012 5.00093 5.02137 5.04135 5.06076 5.0795 5.09748 5.11461 5.1308 5.14598 5.16007 5.17301 5.18473 5.19519 5.20432 5.2121 5.21848 5.22344 5.22695 5.229 5.22957 5.22867 5.2263 5.22247 5.21718 5.21047 5.20237 5.19291 5.18213 5.17009 5.15683 5.14244 5.12697 5.11051 5.09313 5.07493 5.05601 5.03645 5.01636 4.99586 4.97503 4.954 4.93287 4.91174 4.89072 4.86991 4.84941 4.82931 4.8097 4.79065 4.77223 4.75452 4.73757 4.72143 4.70614 4.69173 4.67824 4.66568 4.65407 4.64342 4.63373 4.625 4.61724 4.61043 4.60458 4.59967 4.59569 4.59265 4.59054 4.58935 
4.5832 4.58387 4.58548 4.58805 4.59158 4.59607 4.60153 4.60798 4.61541 4.62384 4.63326 4.64368 4.6551 4.6675 4.68088 4.69521 4.71047 4.72662 4.74362 4.76142 4.77997 4.7992 4.81904 4.8394 4.86022 4.88138 4.9028 4.92437 4.946 4.96757 4.98898 5.01013 5.03089 5.05118 5.07088 5.0899 5.10814 5.12552 5.14194 5.15733 5.17162 5.18473 5.19661 5.20721 5.21646 5.22434 5.23081 5.23583 5.23939 5.24147 5.24205 5.24114 5.23874 5.23486 5.22951 5.22272 5.21451 5.20493 5.194 5.1818 5.16836 5.15377 5.13808 5.12138 5.10375 5.08528 5.06606 5.0462 5.0258 5.00496 4.9838 4.96241 4.94092 4.91943 4.89804 4.87687 4.85599 4.83552 4.81554 4.79613 4.77736 4.75931 4.74202 4.72556 4.70995 4.69525 4.68148 4.66866 4.6568 4.64592 4.63603 4.62711 4.61918 4.61222 4.60623 4.60121 4.59715 4.59404 4.59187 4.59066 
4.58437 4.58505 4.5867 4.58932 4.59291 4.59749 4.60306 4.60963 4.6172 4.62579 4.63539 4.64601 4.65764 4.67027 4.68389 4.69847 4.714 4.73043 4.74773 4.76583 4.78469 4.80424 4.8244 4.84509 4.86623 4.88772 4.90947 4.93137 4.95331 4.9752 4.99691 5.01835 5.0394 5.05995 5.07992 5.09918 5.11766 5.13525 5.15188 5.16746 5.18192 5.19519 5.20721 5.21792 5.22729 5.23526 5.24179 5.24688 5.25048 5.25258 5.25317 5.25226 5.24983 5.24591 5.2405 5.23364 5.22534 5.21564 5.20459 5.19224 5.17865 5.16388 5.148 5.13108 5.11323 5.09451 5.07504 5.05491 5.03423 5.0131 4.99163 4.96994 4.94813 4.92631 4.9046 4.88309 4.86189 4.84109 4.82078 4.80105 4.78196 4.7636 4.74601 4.72926 4.71338 4.69842 4.6844 4.67134 4.65926 4.64818 4.63809 4.62901 4.62092 4.61383 4.60772 4.6026 4.59846 4.59528 4.59308 4.59184 
4.58541 4.5861 4.58778 4.59044 4.59409 4.59875 4.60441 4.61108 4.61878 4.62751 4.63727 4.64806 4.65987 4.6727 4.68653 4.70134 4.71711 4.73379 4.75134 4.76971 4.78884 4.80866 4.82911 4.85008 4.87151 4.89328 4.91531 4.93749 4.95972 4.98187 5.00385 5.02554 5.04684 5.06763 5.08782 5.1073 5.12598 5.14377 5.16057 5.17631 5.19092 5.20432 5.21646 5.22729 5.23674 5.24479 5.25139 5.25652 5.26016 5.26229 5.26289 5.26197 5.25952 5.25556 5.25011 5.24317 5.23479 5.225 5.21385 5.20137 5.18764 5.17271 5.15666 5.13957 5.12152 5.10259 5.0829 5.06254 5.04161 5.02022 4.99849 4.97652 4.95444 4.93234 4.91034 4.88854 4.86706 4.84597 4.82538 4.80536 4.786 4.76737 4.74952 4.73252 4.7164 4.7012 4.68696 4.6737 4.66143 4.65017 4.63992 4.63068 4.62246 4.61525 4.60904 4.60383 4.59962 4.59639 4.59415 4.59288 
4.58631 4.58701 4.58871 4.5914 4.59511 4.59983 4.60557 4.61234 4.62015 4.62899 4.63888 4.64982 4.66179 4.67479 4.6888 4.70381 4.71977 4.73666 4.75443 4.77302 4.79238 4.81244 4.83313 4.85434 4.87601 4.89803 4.9203 4.94272 4.96518 4.98756 5.00976 5.03167 5.05318 5.07418 5.09456 5.11422 5.13307 5.15101 5.16797 5.18385 5.19858 5.2121 5.22434 5.23526 5.24479 5.2529 5.25956 5.26474 5.2684 5.27055 5.27116 5.27023 5.26777 5.26378 5.25828 5.25129 5.24284 5.23298 5.22173 5.20915 5.1953 5.18024 5.16405 5.1468 5.12858 5.10948 5.08959 5.06903 5.04789 5.02629 5.00434 4.98214 4.95982 4.93748 4.91524 4.8932 4.87147 4.85014 4.8293 4.80905 4.78946 4.7706 4.75253 4.73531 4.71898 4.70359 4.68916 4.67572 4.66329 4.65187 4.64148 4.63212 4.62378 4.61647 4.61018 4.6049 4.60062 4.59735 4.59507 4.59378 
4.58705 4.58776 4.58948 4.59221 4.59596 4.60073 4.60654 4.61338 4.62128 4.63022 4.64022 4.65128 4.66338 4.67652 4.69068 4.70584 4.72197 4.73903 4.75698 4.77575 4.79531 4.81556 4.83643 4.85785 4.87972 4.90193 4.9244 4.94701 4.96966 4.99224 5.01462 5.03671 5.05839 5.07955 5.10009 5.1199 5.13889 5.15696 5.17404 5.19003 5.20487 5.21848 5.23081 5.24179 5.25139 5.25956 5.26627 5.27148 5.27517 5.27733 5.27794 5.27701 5.27453 5.27052 5.26498 5.25795 5.24945 5.23952 5.22819 5.21552 5.20158 5.18641 5.1701 5.15273 5.13437 5.11512 5.09509 5.07436 5.05306 5.03128 5.00914 4.98676 4.96424 4.94171 4.91927 4.89703 4.8751 4.85357 4.83253 4.81209 4.7923 4.77325 4.755 4.73761 4.72111 4.70556 4.69098 4.67739 4.66483 4.65329 4.64278 4.63331 4.62488 4.61749 4.61112 4.60578 4.60145 4.59814 4.59584 4.59454 
4.58765 4.58836 4.5901 4.59285 4.59663 4.60145 4.6073 4.61421 4.62217 4.63119 4.64128 4.65242 4.66462 4.67787 4.69215 4.70743 4.72368 4.74088 4.75896 4.77789 4.79758 4.81798 4.83901 4.86058 4.8826 4.90497 4.92759 4.95035 4.97315 4.99587 5.0184 5.04062 5.06243 5.08372 5.10438 5.12431 5.14341 5.16158 5.17875 5.19483 5.20975 5.22344 5.23583 5.24688 5.25652 5.26474 5.27148 5.27671 5.28042 5.28259 5.28321 5.28228 5.27979 5.27576 5.2702 5.26313 5.25458 5.2446 5.23321 5.22048 5.20646 5.19121 5.17481 5.15733 5.13887 5.11951 5.09936 5.07851 5.05707 5.03515 5.01287 4.99034 4.96768 4.94499 4.9224 4.90001 4.87792 4.85623 4.83505 4.81445 4.79452 4.77532 4.75693 4.7394 4.72278 4.7071 4.6924 4.6787 4.66603 4.6544 4.6438 4.63425 4.62575 4.61829 4.61187 4.60648 4.60212 4.59877 4.59645 4.59514 
4.58808 4.5888 4.59055 4.59332 4.59712 4.60197 4.60786 4.61481 4.62282 4.63189 4.64204 4.65325 4.66552 4.67884 4.6932 4.70856 4.72491 4.7422 4.76038 4.7794 4.7992 4.81971 4.84084 4.86252 4.88464 4.90712 4.92985 4.95272 4.97562 4.99844 5.02107 5.04339 5.06529 5.08667 5.10742 5.12743 5.1466 5.16485 5.18209 5.19823 5.21321 5.22695 5.23939 5.25048 5.26016 5.2684 5.27517 5.28042 5.28415 5.28633 5.28695 5.28601 5.28352 5.27947 5.27389 5.2668 5.25822 5.2482 5.23677 5.22399 5.20991 5.1946 5.17814 5.16059 5.14205 5.12261 5.10237 5.08143 5.0599 5.03789 5.01551 4.99288 4.97011 4.94732 4.92462 4.90212 4.87992 4.85813 4.83683 4.81613 4.79609 4.7768 4.75831 4.74068 4.72396 4.7082 4.69342 4.67964 4.6669 4.65519 4.64454 4.63493 4.62638 4.61887 4.61241 4.60699 4.6026 4.59923 4.59689 4.59557 
4.58836 4.58908 4.59083 4.59361 4.59743 4.60229 4.6082 4.61517 4.62321 4.63232 4.6425 4.65374 4.66606 4.67942 4.69382 4.70924 4.72564 4.74298 4.76121 4.78029 4.80015 4.82071 4.84191 4.86365 4.88583 4.90837 4.93116 4.95409 4.97705 4.99993 5.02262 5.045 5.06696 5.08839 5.10918 5.12924 5.14846 5.16676 5.18404 5.20022 5.21523 5.229 5.24147 5.25258 5.26229 5.27055 5.27733 5.28259 5.28633 5.28851 5.28914 5.2882 5.28569 5.28164 5.27605 5.26894 5.26034 5.2503 5.23884 5.22603 5.21192 5.19658 5.18007 5.16249 5.1439 5.12442 5.10413 5.08313 5.06155 5.03948 5.01704 4.99435 4.97152 4.94867 4.92591 4.90334 4.88108 4.85923 4.83788 4.81711 4.79702 4.77766 4.75912 4.74144 4.72467 4.70885 4.69402 4.6802 4.66742 4.65567 4.64498 4.63534 4.62676 4.61923 4.61275 4.6073 4.6029 4.59952 4.59717 4.59585 
