4.12177 4.12197 4.1222 4.12246 4.12276 4.1231 4.12348 4.12389 4.12435 4.12484 4.12538 4.12597 4.12661 4.1273 4.12805 4.12885 4.12971 4.13063 4.13162 4.13268 4.1338 4.13498 4.13623 4.13755 4.13892 4.14036 4.14184 4.14338 4.14496 4.14658 4.14823 4.14989 4.15157 4.15325 4.15491 4.15656 4.15817 4.15974 4.16126 4.1627 4.16407 4.16535 4.16652 4.16759 4.16854 4.16936 4.17004 4.17059 4.17099 4.17124 4.17135 4.1713 4.1711 4.17075 4.17026 4.16963 4.16886 4.16797 4.16696 4.16584 4.16461 4.1633 4.16191 4.16045 4.15893 4.15737 4.15578 4.15417 4.15255 4.15093 4.14932 4.14774 4.14619 4.14467 4.14321 4.1418 4.14044 4.13916 4.13794 4.1368 4.13573 4.13474 4.13383 4.13299 4.13224 4.13156 4.13095 4.13042 4.12995 4.12956 4.12923 4.12896 4.12875 4.1286 4.12849 4.12844 4.12843 4.12847 4.12855 4.12867 
4.12197 4.12216 4.12239 4.12266 4.12296 4.1233 4.12368 4.12409 4.12455 4.12505 4.12559 4.12618 4.12683 4.12752 4.12827 4.12908 4.12995 4.13088 4.13188 4.13294 4.13407 4.13527 4.13653 4.13786 4.13925 4.1407 4.14221 4.14376 4.14536 4.147 4.14866 4.15035 4.15204 4.15374 4.15543 4.15709 4.15873 4.16031 4.16184 4.16331 4.16469 4.16598 4.16717 4.16825 4.16921 4.17004 4.17074 4.17129 4.17169 4.17195 4.17205 4.172 4.1718 4.17145 4.17095 4.17031 4.16954 4.16864 4.16761 4.16647 4.16524 4.16391 4.1625 4.16102 4.15949 4.15791 4.1563 4.15467 4.15303 4.15139 4.14976 4.14816 4.14659 4.14505 4.14357 4.14214 4.14078 4.13948 4.13825 4.13709 4.13601 4.13501 4.13409 4.13325 4.13248 4.13179 4.13118 4.13064 4.13017 4.12977 4.12944 4.12917 4.12895 4.1288 4.12869 4.12864 4.12863 4.12867 4.12875 4.12886 
4.1222 4.12239 4.12262 4.12289 4.1232 4.12354 4.12393 4.12435 4.12482 4.12533 4.12588 4.12649 4.12715 4.12786 4.12863 4.12947 4.13036 4.13132 4.13235 4.13345 4.13461 4.13585 4.13715 4.13852 4.13996 4.14145 4.14301 4.14461 4.14626 4.14795 4.14967 4.15141 4.15316 4.15491 4.15665 4.15837 4.16006 4.16169 4.16327 4.16478 4.16621 4.16754 4.16877 4.16988 4.17087 4.17172 4.17244 4.173 4.17342 4.17368 4.17379 4.17374 4.17353 4.17317 4.17265 4.17199 4.17119 4.17026 4.1692 4.16803 4.16675 4.16538 4.16392 4.1624 4.16081 4.15918 4.15752 4.15583 4.15414 4.15245 4.15077 4.14911 4.14749 4.14591 4.14438 4.1429 4.14149 4.14014 4.13887 4.13768 4.13656 4.13553 4.13457 4.1337 4.1329 4.13219 4.13155 4.13099 4.13051 4.13009 4.12974 4.12945 4.12923 4.12906 4.12895 4.12889 4.12887 4.1289 4.12898 4.1291 
4.12246 4.12266 4.12289 4.12317 4.12348 4.12383 4.12423 4.12467 4.12515 4.12568 4.12626 4.1269 4.12758 4.12833 4.12914 4.13001 4.13095 4.13196 4.13304 4.13419 4.13542 4.13672 4.13809 4.13953 4.14104 4.14262 4.14425 4.14594 4.14768 4.14945 4.15126 4.15309 4.15493 4.15677 4.1586 4.1604 4.16217 4.16389 4.16555 4.16713 4.16863 4.17002 4.17131 4.17248 4.17351 4.17441 4.17515 4.17575 4.17618 4.17646 4.17657 4.17651 4.17629 4.1759 4.17536 4.17467 4.17383 4.17284 4.17173 4.1705 4.16916 4.16771 4.16618 4.16458 4.16292 4.1612 4.15946 4.15768 4.1559 4.15412 4.15235 4.15061 4.1489 4.14724 4.14562 4.14407 4.14258 4.14116 4.13982 4.13856 4.13738 4.13628 4.13527 4.13435 4.1335 4.13275 4.13207 4.13147 4.13095 4.13051 4.13013 4.12982 4.12957 4.12939 4.12926 4.12918 4.12916 4.12918 4.12925 4.12936 
4.12276 4.12296 4.1232 4.12348 4.1238 4.12417 4.12459 4.12505 4.12555 4.12611 4.12673 4.1274 4.12813 4.12892 4.12979 4.13072 4.13172 4.1328 4.13395 4.13519 4.1365 4.13789 4.13936 4.1409 4.14252 4.1442 4.14595 4.14776 4.14961 4.15151 4.15344 4.1554 4.15736 4.15932 4.16128 4.1632 4.16509 4.16692 4.16868 4.17037 4.17196 4.17345 4.17482 4.17605 4.17715 4.1781 4.1789 4.17953 4.17999 4.18028 4.18039 4.18033 4.18009 4.17968 4.1791 4.17835 4.17746 4.17641 4.17522 4.1739 4.17247 4.17093 4.1693 4.16759 4.16581 4.16398 4.16211 4.16022 4.15832 4.15641 4.15452 4.15266 4.15083 4.14905 4.14732 4.14565 4.14406 4.14254 4.14109 4.13974 4.13847 4.13729 4.1362 4.1352 4.13429 4.13347 4.13273 4.13208 4.13152 4.13103 4.13061 4.13027 4.12999 4.12978 4.12963 4.12953 4.12949 4.1295 4.12956 4.12967 
4.1231 4.1233 4.12354 4.12383 4.12417 4.12456 4.125 4.12548 4.12602 4.12662 4.12728 4.128 4.12879 4.12965 4.13058 4.13159 4.13267 4.13384 4.13509 4.13643 4.13785 4.13936 4.14096 4.14263 4.14438 4.14621 4.14811 4.15006 4.15208 4.15413 4.15622 4.15834 4.16046 4.16258 4.16469 4.16677 4.16881 4.17078 4.17269 4.1745 4.17622 4.17782 4.17929 4.18063 4.18181 4.18283 4.18368 4.18436 4.18485 4.18515 4.18527 4.1852 4.18494 4.1845 4.18387 4.18306 4.18209 4.18096 4.17968 4.17825 4.1767 4.17504 4.17328 4.17143 4.16951 4.16753 4.16551 4.16346 4.1614 4.15934 4.15729 4.15527 4.15328 4.15135 4.14947 4.14766 4.14593 4.14427 4.1427 4.14122 4.13984 4.13855 4.13736 4.13626 4.13526 4.13436 4.13355 4.13283 4.1322 4.13165 4.13118 4.13079 4.13048 4.13023 4.13005 4.12993 4.12987 4.12986 4.12991 4.13001 
4.12348 4.12368 4.12393 4.12423 4.12459 4.125 4.12546 4.12598 4.12657 4.12721 4.12793 4.12871 4.12957 4.13051 4.13152 4.13263 4.13382 4.1351 4.13647 4.13794 4.1395 4.14115 4.1429 4.14473 4.14666 4.14866 4.15074 4.15288 4.15508 4.15733 4.15962 4.16193 4.16425 4.16657 4.16887 4.17113 4.17335 4.1755 4.17758 4.17955 4.18142 4.18316 4.18476 4.18621 4.18749 4.1886 4.18952 4.19025 4.19078 4.19111 4.19123 4.19115 4.19086 4.19038 4.18969 4.18881 4.18775 4.18651 4.18511 4.18356 4.18187 4.18006 4.17813 4.17611 4.17402 4.17186 4.16965 4.16741 4.16516 4.1629 4.16066 4.15845 4.15627 4.15415 4.15209 4.15011 4.1482 4.14638 4.14465 4.14302 4.14149 4.14007 4.13875 4.13754 4.13643 4.13542 4.13452 4.13371 4.133 4.13238 4.13185 4.13141 4.13104 4.13075 4.13053 4.13038 4.13029 4.13027 4.1303 4.13039 
4.12389 4.12409 4.12435 4.12467 4.12505 4.12548 4.12598 4.12655 4.12718 4.12789 4.12867 4.12953 4.13047 4.1315 4.13262 4.13384 4.13515 4.13657 4.13809 4.13971 4.14143 4.14326 4.14519 4.14722 4.14935 4.15156 4.15385 4.15622 4.15864 4.16112 4.16364 4.16618 4.16873 4.17128 4.17381 4.1763 4.17873 4.1811 4.18337 4.18553 4.18758 4.18948 4.19123 4.19281 4.19421 4.19542 4.19643 4.19722 4.1978 4.19815 4.19829 4.19819 4.19787 4.19733 4.19658 4.19561 4.19444 4.19308 4.19155 4.18984 4.18799 4.18599 4.18388 4.18166 4.17935 4.17698 4.17455 4.17209 4.16961 4.16712 4.16465 4.16221 4.15981 4.15747 4.15519 4.153 4.15088 4.14887 4.14695 4.14514 4.14344 4.14186 4.14039 4.13903 4.13779 4.13666 4.13564 4.13473 4.13393 4.13323 4.13262 4.13211 4.13168 4.13134 4.13107 4.13088 4.13077 4.13072 4.13073 4.13081 
4.12435 4.12455 4.12482 4.12515 4.12555 4.12602 4.12657 4.12718 4.12788 4.12865 4.12951 4.13046 4.1315 4.13264 4.13389 4.13524 4.1367 4.13827 4.13996 4.14176 4.14368 4.14571 4.14786 4.15011 4.15247 4.15492 4.15746 4.16008 4.16277 4.16552 4.1683 4.17112 4.17394 4.17675 4.17954 4.18229 4.18497 4.18757 4.19008 4.19246 4.19471 4.1968 4.19872 4.20046 4.20199 4.20332 4.20442 4.20529 4.20592 4.2063 4.20644 4.20634 4.20598 4.20538 4.20455 4.20348 4.20219 4.20069 4.19899 4.19712 4.19507 4.19287 4.19053 4.18809 4.18554 4.18291 4.18023 4.17751 4.17476 4.17201 4.16928 4.16657 4.16391 4.16131 4.15879 4.15634 4.15399 4.15175 4.14961 4.14759 4.1457 4.14392 4.14227 4.14075 4.13936 4.13808 4.13693 4.1359 4.13499 4.13419 4.13349 4.13289 4.1324 4.13199 4.13168 4.13144 4.13129 4.13121 4.13121 4.13127 
4.12484 4.12505 4.12533 4.12568 4.12611 4.12662 4.12721 4.12789 4.12865 4.12951 4.13046 4.13151 4.13267 4.13394 4.13532 4.13683 4.13845 4.14021 4.14209 4.1441 4.14624 4.1485 4.15089 4.1534 4.15603 4.15876 4.16159 4.1645 4.16749 4.17054 4.17363 4.17675 4.17987 4.18299 4.18608 4.18911 4.19208 4.19496 4.19772 4.20035 4.20283 4.20513 4.20725 4.20916 4.21085 4.2123 4.21351 4.21447 4.21516 4.21558 4.21572 4.2156 4.2152 4.21454 4.21361 4.21243 4.211 4.20935 4.20747 4.20539 4.20313 4.20069 4.19811 4.1954 4.19258 4.18968 4.1867 4.18369 4.18064 4.17759 4.17455 4.17155 4.16859 4.1657 4.16288 4.16016 4.15754 4.15503 4.15265 4.15039 4.14826 4.14627 4.14442 4.14271 4.14113 4.1397 4.1384 4.13723 4.13618 4.13526 4.13446 4.13378 4.1332 4.13272 4.13235 4.13206 4.13187 4.13176 4.13173 4.13178 
4.12538 4.12559 4.12588 4.12626 4.12673 4.12728 4.12793 4.12867 4.12951 4.13046 4.13151 4.13268 4.13397 4.13539 4.13693 4.13861 4.14043 4.14239 4.14449 4.14673 4.14912 4.15165 4.15432 4.15712 4.16005 4.16309 4.16624 4.16948 4.17281 4.17619 4.17963 4.18309 4.18656 4.19001 4.19343 4.19679 4.20008 4.20326 4.20631 4.20921 4.21195 4.21449 4.21682 4.21893 4.22079 4.22239 4.22372 4.22477 4.22552 4.22598 4.22614 4.22599 4.22555 4.22481 4.22378 4.22247 4.2209 4.21906 4.21699 4.21469 4.21218 4.20949 4.20663 4.20363 4.2005 4.19728 4.19398 4.19063 4.18725 4.18387 4.18049 4.17715 4.17386 4.17064 4.1675 4.16446 4.16154 4.15873 4.15606 4.15353 4.15115 4.14892 4.14683 4.14491 4.14313 4.14151 4.14003 4.13871 4.13752 4.13647 4.13555 4.13476 4.13409 4.13353 4.13308 4.13274 4.1325 4.13235 4.1323 4.13233 
4.12597 4.12618 4.12649 4.1269 4.1274 4.128 4.12871 4.12953 4.13046 4.13151 4.13268 4.13398 4.13542 4.137 4.13873 4.1406 4.14263 4.14482 4.14717 4.14968 4.15235 4.15517 4.15815 4.16127 4.16454 4.16793 4.17143 4.17504 4.17874 4.1825 4.18631 4.19015 4.194 4.19783 4.20162 4.20534 4.20897 4.21249 4.21586 4.21907 4.22208 4.22489 4.22746 4.22978 4.23183 4.23359 4.23505 4.23619 4.23702 4.23752 4.23769 4.23753 4.23703 4.23621 4.23507 4.23362 4.23188 4.22985 4.22755 4.22501 4.22223 4.21925 4.21609 4.21277 4.20931 4.20574 4.20208 4.19837 4.19462 4.19085 4.1871 4.18339 4.17973 4.17614 4.17264 4.16926 4.16599 4.16286 4.15988 4.15704 4.15437 4.15186 4.14952 4.14736 4.14535 4.14352 4.14185 4.14035 4.139 4.1378 4.13675 4.13584 4.13507 4.13442 4.13389 4.13348 4.13319 4.133 4.13291 4.13293 
4.12661 4.12683 4.12715 4.12758 4.12813 4.12879 4.12957 4.13047 4.1315 4.13267 4.13397 4.13542 4.13703 4.13879 4.14071 4.14281 4.14507 4.14752 4.15014 4.15294 4.15592 4.15907 4.16239 4.16587 4.16951 4.17328 4.17718 4.18119 4.18529 4.18947 4.1937 4.19796 4.20222 4.20646 4.21065 4.21476 4.21877 4.22265 4.22638 4.22991 4.23324 4.23633 4.23916 4.24171 4.24396 4.2459 4.2475 4.24876 4.24966 4.25021 4.25039 4.2502 4.24965 4.24874 4.24748 4.24588 4.24395 4.24171 4.23917 4.23636 4.2333 4.23001 4.22651 4.22283 4.21901 4.21506 4.21101 4.20689 4.20274 4.19856 4.1944 4.19028 4.18621 4.18222 4.17833 4.17455 4.17092 4.16742 4.16409 4.16092 4.15793 4.15512 4.1525 4.15006 4.14781 4.14575 4.14386 4.14216 4.14063 4.13927 4.13807 4.13703 4.13614 4.13539 4.13478 4.13429 4.13394 4.1337 4.13358 4.13358 
4.1273 4.12752 4.12786 4.12833 4.12892 4.12965 4.13051 4.1315 4.13264 4.13394 4.13539 4.137 4.13879 4.14075 4.1429 4.14523 4.14776 4.15049 4.15341 4.15653 4.15985 4.16336 4.16705 4.17093 4.17497 4.17916 4.18349 4.18794 4.19249 4.19712 4.2018 4.20651 4.21122 4.2159 4.22053 4.22507 4.22949 4.23377 4.23787 4.24176 4.24542 4.24881 4.25192 4.25473 4.2572 4.25932 4.26107 4.26245 4.26344 4.26403 4.26423 4.26402 4.26341 4.2624 4.26101 4.25925 4.25712 4.25465 4.25185 4.24875 4.24538 4.24175 4.23789 4.23383 4.22961 4.22524 4.22077 4.21622 4.21162 4.207 4.20239 4.19782 4.19331 4.18888 4.18456 4.18037 4.17632 4.17243 4.16871 4.16518 4.16184 4.1587 4.15577 4.15304 4.15051 4.14819 4.14607 4.14415 4.14242 4.14088 4.13952 4.13833 4.13731 4.13645 4.13574 4.13518 4.13475 4.13446 4.13431 4.13428 
4.12805 4.12827 4.12863 4.12914 4.12979 4.13058 4.13152 4.13262 4.13389 4.13532 4.13693 4.13873 4.14071 4.1429 4.14529 4.14789 4.1507 4.15374 4.15699 4.16046 4.16415 4.16805 4.17215 4.17645 4.18092 4.18557 4.19037 4.19529 4.20032 4.20544 4.21061 4.21581 4.221 4.22616 4.23126 4.23626 4.24112 4.24582 4.25032 4.2546 4.25861 4.26234 4.26575 4.26882 4.27152 4.27384 4.27576 4.27727 4.27835 4.27899 4.2792 4.27896 4.27829 4.27718 4.27565 4.27371 4.27137 4.26865 4.26558 4.26217 4.25846 4.25447 4.25022 4.24576 4.2411 4.2363 4.23137 4.22635 4.22128 4.21618 4.21109 4.20603 4.20104 4.19614 4.19135 4.1867 4.18221 4.17789 4.17376 4.16983 4.16611 4.16261 4.15933 4.15628 4.15345 4.15085 4.14848 4.14632 4.14437 4.14263 4.14109 4.13974 4.13858 4.1376 4.13678 4.13613 4.13563 4.13529 4.13509 4.13504 
4.12885 4.12908 4.12947 4.13001 4.13072 4.13159 4.13263 4.13384 4.13524 4.13683 4.13861 4.1406 4.14281 4.14523 4.14789 4.15077 4.1539 4.15727 4.16088 4.16473 4.16882 4.17314 4.17768 4.18243 4.18739 4.19252 4.19782 4.20325 4.2088 4.21444 4.22013 4.22585 4.23157 4.23724 4.24284 4.24832 4.25366 4.25881 4.26374 4.26842 4.27281 4.27689 4.28062 4.28397 4.28692 4.28946 4.29155 4.29319 4.29436 4.29506 4.29528 4.29502 4.29427 4.29306 4.29138 4.28925 4.28669 4.28371 4.28034 4.27661 4.27254 4.26816 4.2635 4.2586 4.2535 4.24822 4.2428 4.23728 4.2317 4.22608 4.22047 4.2149 4.20939 4.20398 4.1987 4.19356 4.18859 4.1838 4.17923 4.17487 4.17074 4.16685 4.1632 4.1598 4.15665 4.15375 4.15109 4.14867 4.14649 4.14453 4.1428 4.14128 4.13996 4.13884 4.13791 4.13716 4.13658 4.13618 4.13593 4.13585 
4.12971 4.12995 4.13036 4.13095 4.13172 4.13267 4.13382 4.13515 4.1367 4.13845 4.14043 4.14263 4.14507 4.14776 4.1507 4.1539 4.15736 4.16109 4.16508 4.16934 4.17386 4.17863 4.18365 4.1889 4.19436 4.20001 4.20584 4.21182 4.21793 4.22412 4.23037 4.23665 4.24291 4.24913 4.25525 4.26125 4.26709 4.27272 4.2781 4.28321 4.288 4.29245 4.29651 4.30016 4.30338 4.30613 4.30841 4.31019 4.31146 4.31222 4.31245 4.31216 4.31134 4.31001 4.30818 4.30585 4.30305 4.2998 4.29612 4.29205 4.2876 4.28281 4.27772 4.27236 4.26677 4.26098 4.25505 4.249 4.24288 4.23672 4.23056 4.22443 4.21838 4.21242 4.2066 4.20094 4.19545 4.19018 4.18512 4.1803 4.17573 4.17142 4.16737 4.1636 4.1601 4.15687 4.15391 4.15121 4.14877 4.14658 4.14464 4.14293 4.14144 4.14018 4.13912 4.13827 4.13761 4.13713 4.13684 4.13673 
4.13063 4.13088 4.13132 4.13196 4.1328 4.13384 4.1351 4.13657 4.13827 4.14021 4.14239 4.14482 4.14752 4.15049 4.15374 4.15727 4.16109 4.1652 4.16961 4.1743 4.17928 4.18454 4.19006 4.19583 4.20183 4.20804 4.21444 4.221 4.22769 4.23447 4.24131 4.24817 4.25502 4.2618 4.26849 4.27503 4.28139 4.28752 4.29339 4.29894 4.30415 4.30898 4.31339 4.31736 4.32085 4.32384 4.3263 4.32823 4.32961 4.33042 4.33067 4.33035 4.32946 4.32801 4.32601 4.32348 4.32043 4.31689 4.31289 4.30845 4.3036 4.29839 4.29284 4.28699 4.2809 4.27459 4.26811 4.2615 4.25481 4.24807 4.24132 4.23462 4.22798 4.22145 4.21506 4.20884 4.20281 4.197 4.19144 4.18613 4.18108 4.17633 4.17186 4.16768 4.1638 4.16022 4.15694 4.15394 4.15122 4.14878 4.14661 4.1447 4.14304 4.14162 4.14042 4.13946 4.1387 4.13816 4.13781 4.13767 
4.13162 4.13188 4.13235 4.13304 4.13395 4.13509 4.13647 4.13809 4.13996 4.14209 4.14449 4.14717 4.15014 4.15341 4.15699 4.16088 4.16508 4.16961 4.17445 4.17961 4.18508 4.19085 4.1969 4.20323 4.2098 4.2166 4.2236 4.23077 4.23807 4.24547 4.25293 4.26041 4.26786 4.27525 4.28252 4.28963 4.29654 4.30319 4.30955 4.31558 4.32122 4.32645 4.33123 4.33552 4.33929 4.34253 4.34519 4.34727 4.34876 4.34963 4.34989 4.34954 4.34857 4.347 4.34483 4.34208 4.33878 4.33494 4.3306 4.32578 4.32052 4.31486 4.30884 4.30249 4.29586 4.289 4.28195 4.27475 4.26746 4.26011 4.25276 4.24544 4.23819 4.23105 4.22406 4.21725 4.21065 4.20428 4.19817 4.19234 4.1868 4.18157 4.17665 4.17204 4.16777 4.16381 4.16018 4.15686 4.15385 4.15114 4.14873 4.1466 4.14474 4.14315 4.14182 4.14073 4.13987 4.13925 4.13885 4.13867 
4.13268 4.13294 4.13345 4.13419 4.13519 4.13643 4.13794 4.13971 4.14176 4.1441 4.14673 4.14968 4.15294 4.15653 4.16046 4.16473 4.16934 4.1743 4.17961 4.18526 4.19125 4.19756 4.20418 4.21108 4.21826 4.22568 4.23331 4.24111 4.24906 4.25711 4.26521 4.27334 4.28143 4.28943 4.29731 4.30502 4.31249 4.31969 4.32657 4.33308 4.33917 4.34482 4.34997 4.3546 4.35866 4.36214 4.36502 4.36726 4.36885 4.36979 4.37007 4.36968 4.36863 4.36693 4.36458 4.36162 4.35805 4.3539 4.34921 4.344 4.33832 4.33219 4.32567 4.3188 4.31162 4.30418 4.29654 4.28873 4.28081 4.27284 4.26484 4.25688 4.24899 4.24121 4.2336 4.22617 4.21896 4.212 4.20532 4.19894 4.19287 4.18714 4.18174 4.17668 4.17198 4.16763 4.16363 4.15997 4.15665 4.15365 4.15098 4.14862 4.14656 4.14479 4.1433 4.14208 4.14112 4.14042 4.13996 4.13974 
4.1338 4.13407 4.13461 4.13542 4.1365 4.13785 4.1395 4.14143 4.14368 4.14624 4.14912 4.15235 4.15592 4.15985 4.16415 4.16882 4.17386 4.17928 4.18508 4.19125 4.19778 4.20466 4.21186 4.21938 4.22719 4.23525 4.24354 4.25201 4.26063 4.26935 4.27813 4.28692 4.29567 4.30432 4.31283 4.32114 4.32921 4.33697 4.34438 4.35138 4.35794 4.36402 4.36955 4.37453 4.37889 4.38263 4.38571 4.38811 4.38982 4.39083 4.39112 4.3907 4.38956 4.38773 4.38521 4.38202 4.37817 4.37371 4.36866 4.36305 4.35692 4.35032 4.34329 4.33588 4.32813 4.3201 4.31184 4.3034 4.29484 4.2862 4.27754 4.26891 4.26035 4.25191 4.24364 4.23556 4.22772 4.22015 4.21287 4.20591 4.19929 4.19303 4.18712 4.1816 4.17645 4.17168 4.16728 4.16326 4.15961 4.15632 4.15337 4.15077 4.14849 4.14653 4.14488 4.14352 4.14245 4.14165 4.14113 4.14088 
4.13498 4.13527 4.13585 4.13672 4.13789 4.13936 4.14115 4.14326 4.14571 4.1485 4.15165 4.15517 4.15907 4.16336 4.16805 4.17314 4.17863 4.18454 4.19085 4.19756 4.20466 4.21213 4.21995 4.22811 4.23657 4.2453 4.25427 4.26343 4.27275 4.28217 4.29164 4.30112 4.31055 4.31987 4.32902 4.33796 4.34663 4.35496 4.36292 4.37044 4.37747 4.38398 4.38991 4.39524 4.39991 4.40391 4.4072 4.40977 4.4116 4.41267 4.41297 4.41252 4.4113 4.40933 4.40663 4.40321 4.39909 4.3943 4.38888 4.38286 4.37628 4.36919 4.36164 4.35367 4.34534 4.3367 4.3278 4.31871 4.30948 4.30017 4.29082 4.2815 4.27225 4.26312 4.25417 4.24542 4.23692 4.2287 4.2208 4.21324 4.20604 4.19922 4.1928 4.18677 4.18115 4.17594 4.17114 4.16674 4.16274 4.15913 4.1559 4.15304 4.15053 4.14837 4.14654 4.14504 4.14385 4.14296 4.14238 4.14209 
4.13623 4.13653 4.13715 4.13809 4.13936 4.14096 4.1429 4.14519 4.14786 4.15089 4.15432 4.15815 4.16239 4.16705 4.17215 4.17768 4.18365 4.19006 4.1969 4.20418 4.21186 4.21995 4.22842 4.23724 4.24637 4.2558 4.26547 4.27535 4.28538 4.29552 4.30571 4.31589 4.32601 4.33602 4.34584 4.35542 4.3647 4.37362 4.38213 4.39016 4.39768 4.40463 4.41097 4.41665 4.42163 4.4259 4.42941 4.43214 4.43409 4.43522 4.43555 4.43506 4.43376 4.43165 4.42876 4.4251 4.4207 4.41559 4.40979 4.40336 4.39632 4.38874 4.38065 4.37211 4.36319 4.35392 4.34438 4.33462 4.32471 4.31469 4.30464 4.29461 4.28465 4.27481 4.26515 4.25571 4.24653 4.23765 4.2291 4.22091 4.21311 4.20572 4.19874 4.1922 4.18609 4.18042 4.17519 4.1704 4.16603 4.16209 4.15856 4.15542 4.15268 4.1503 4.1483 4.14664 4.14532 4.14434 4.14369 4.14335 
4.13755 4.13786 4.13852 4.13953 4.1409 4.14263 4.14473 4.14722 4.15011 4.1534 4.15712 4.16127 4.16587 4.17093 4.17645 4.18243 4.1889 4.19583 4.20323 4.21108 4.21938 4.22811 4.23724 4.24673 4.25657 4.26671 4.27711 4.28771 4.29848 4.30935 4.32027 4.33118 4.34201 4.35271 4.3632 4.37343 4.38334 4.39285 4.40192 4.41049 4.41849 4.42589 4.43263 4.43867 4.44397 4.4485 4.45223 4.45513 4.4572 4.4584 4.45874 4.45822 4.45683 4.45459 4.45152 4.44762 4.44294 4.43749 4.43132 4.42446 4.41696 4.40887 4.40025 4.39114 4.3816 4.3717 4.3615 4.35106 4.34045 4.32973 4.31895 4.30819 4.2975 4.28693 4.27655 4.26639 4.25651 4.24695 4.23773 4.2289 4.22048 4.21249 4.20494 4.19786 4.19125 4.1851 4.17943 4.17422 4.16948 4.16519 4.16134 4.15792 4.15492 4.15233 4.15013 4.14832 4.14687 4.14579 4.14507 4.14469 
4.13892 4.13925 4.13996 4.14104 4.14252 4.14438 4.14666 4.14935 4.15247 4.15603 4.16005 4.16454 4.16951 4.17497 4.18092 4.18739 4.19436 4.20183 4.2098 4.21826 4.22719 4.23657 4.24637 4.25657 4.26713 4.27799 4.28913 4.30048 4.312 4.32362 4.33528 4.34692 4.35847 4.36987 4.38105 4.39194 4.40247 4.41259 4.42222 4.43132 4.43981 4.44766 4.45481 4.46121 4.46683 4.47162 4.47557 4.47864 4.48082 4.4821 4.48245 4.48189 4.48042 4.47805 4.47479 4.47066 4.46569 4.45991 4.45336 4.44608 4.43811 4.42952 4.42035 4.41066 4.40051 4.38997 4.37911 4.36798 4.35666 4.34521 4.3337 4.32219 4.31076 4.29945 4.28833 4.27744 4.26684 4.25657 4.24667 4.23718 4.22812 4.21951 4.21138 4.20374 4.1966 4.18997 4.18383 4.1782 4.17307 4.16842 4.16424 4.16053 4.15727 4.15445 4.15206 4.15007 4.14849 4.14731 4.14651 4.14608 
4.14036 4.1407 4.14145 4.14262 4.1442 4.14621 4.14866 4.15156 4.15492 4.15876 4.16309 4.16793 4.17328 4.17916 4.18557 4.19252 4.20001 4.20804 4.2166 4.22568 4.23525 4.2453 4.2558 4.26671 4.27799 4.2896 4.30149 4.3136 4.32588 4.33826 4.35067 4.36305 4.37533 4.38743 4.3993 4.41085 4.42202 4.43273 4.44294 4.45256 4.46155 4.46984 4.47739 4.48416 4.49009 4.49515 4.49932 4.50256 4.50486 4.5062 4.50657 4.50598 4.50442 4.50191 4.49847 4.4941 4.48885 4.48274 4.47581 4.46811 4.45968 4.45058 4.44087 4.4306 4.41983 4.40865 4.39711 4.38529 4.37325 4.36107 4.34882 4.33656 4.32437 4.31231 4.30043 4.2888 4.27747 4.26648 4.25589 4.24571 4.236 4.22677 4.21804 4.20983 4.20215 4.195 4.1884 4.18233 4.17678 4.17176 4.16725 4.16324 4.15971 4.15665 4.15405 4.1519 4.15018 4.14889 4.14801 4.14754 
4.14184 4.14221 4.14301 4.14425 4.14595 4.14811 4.15074 4.15385 4.15746 4.16159 4.16624 4.17143 4.17718 4.18349 4.19037 4.19782 4.20584 4.21444 4.2236 4.23331 4.24354 4.25427 4.26547 4.27711 4.28913 4.30149 4.31414 4.32702 4.34006 4.3532 4.36637 4.37949 4.3925 4.40531 4.41787 4.43008 4.44188 4.45319 4.46396 4.47411 4.48359 4.49233 4.50028 4.5074 4.51365 4.51898 4.52336 4.52677 4.52918 4.53059 4.53098 4.53036 4.52872 4.52608 4.52244 4.51785 4.51231 4.50588 4.49857 4.49045 4.48156 4.47196 4.4617 4.45085 4.43948 4.42765 4.41544 4.40292 4.39016 4.37725 4.36425 4.35123 4.33828 4.32545 4.31282 4.30044 4.28836 4.27665 4.26534 4.25447 4.24409 4.23422 4.22488 4.21608 4.20785 4.20019 4.1931 4.18658 4.18062 4.17522 4.17036 4.16604 4.16223 4.15893 4.15612 4.15379 4.15193 4.15052 4.14956 4.14905 
4.14338 4.14376 4.14461 4.14594 4.14776 4.15006 4.15288 4.15622 4.16008 4.1645 4.16948 4.17504 4.18119 4.18794 4.19529 4.20325 4.21182 4.221 4.23077 4.24111 4.25201 4.26343 4.27535 4.28771 4.30048 4.3136 4.32702 4.34066 4.35447 4.36838 4.3823 4.39617 4.4099 4.42343 4.43666 4.44953 4.46196 4.47387 4.4852 4.49587 4.50583 4.51501 4.52336 4.53084 4.53739 4.54298 4.54757 4.55114 4.55367 4.55515 4.55556 4.5549 4.55318 4.55041 4.5466 4.54178 4.53597 4.5292 4.52153 4.513 4.50365 4.49355 4.48275 4.47133 4.45935 4.44688 4.43399 4.42078 4.40731 4.39366 4.37991 4.36614 4.35242 4.33883 4.32543 4.31228 4.29946 4.28701 4.27498 4.26342 4.25236 4.24184 4.23187 4.22249 4.2137 4.20551 4.19792 4.19094 4.18456 4.17877 4.17356 4.16891 4.16482 4.16127 4.15825 4.15574 4.15373 4.15221 4.15117 4.15061 
4.14496 4.14536 4.14626 4.14768 4.14961 4.15208 4.15508 4.15864 4.16277 4.16749 4.17281 4.17874 4.18529 4.19249 4.20032 4.2088 4.21793 4.22769 4.23807 4.24906 4.26063 4.27275 4.28538 4.29848 4.312 4.32588 4.34006 4.35447 4.36905 4.38372 4.39839 4.413 4.42746 4.44168 4.4556 4.46912 4.48216 4.49466 4.50654 4.51773 4.52816 4.53777 4.54652 4.55434 4.56119 4.56703 4.57183 4.57557 4.57821 4.57975 4.58018 4.57949 4.5777 4.57479 4.57081 4.56576 4.55968 4.55261 4.54457 4.53563 4.52584 4.51525 4.50392 4.49193 4.47934 4.46624 4.45269 4.43879 4.4246 4.41022 4.39573 4.3812 4.36672 4.35236 4.33819 4.32429 4.31072 4.29753 4.28478 4.27251 4.26077 4.24959 4.239 4.22902 4.21966 4.21093 4.20285 4.1954 4.18858 4.1824 4.17683 4.17186 4.16748 4.16368 4.16043 4.15774 4.15558 4.15394 4.15282 4.15221 
4.14658 4.147 4.14795 4.14945 4.15151 4.15413 4.15733 4.16112 4.16552 4.17054 4.17619 4.1825 4.18947 4.19712 4.20544 4.21444 4.22412 4.23447 4.24547 4.25711 4.26935 4.28217 4.29552 4.30935 4.32362 4.33826 4.3532 4.36838 4.38372 4.39914 4.41456 4.4299 4.44507 4.45999 4.47457 4.48873 4.50238 4.51546 4.52788 4.53957 4.55046 4.5605 4.56962 4.57778 4.58492 4.59101 4.59602 4.59991 4.60267 4.60427 4.60472 4.604 4.60213 4.59911 4.59495 4.58969 4.58335 4.57596 4.56758 4.55824 4.54801 4.53693 4.52509 4.51254 4.49936 4.48564 4.47144 4.45685 4.44197 4.42686 4.41163 4.39635 4.38111 4.36599 4.35106 4.3364 4.32207 4.30814 4.29467 4.2817 4.26928 4.25744 4.24621 4.23563 4.2257 4.21643 4.20784 4.19992 4.19267 4.18609 4.18015 4.17486 4.17019 4.16613 4.16266 4.15978 4.15747 4.15571 4.15451 4.15384 
4.14823 4.14866 4.14967 4.15126 4.15344 4.15622 4.15962 4.16364 4.1683 4.17363 4.17963 4.18631 4.1937 4.2018 4.21061 4.22013 4.23037 4.24131 4.25293 4.26521 4.27813 4.29164 4.30571 4.32027 4.33528 4.35067 4.36637 4.3823 4.39839 4.41456 4.43072 4.44677 4.46265 4.47824 4.49348 4.50826 4.52251 4.53615 4.54909 4.56127 4.57262 4.58306 4.59256 4.60104 4.60847 4.6148 4.62001 4.62405 4.62692 4.62858 4.62905 4.6283 4.62636 4.62321 4.6189 4.61342 4.60683 4.59915 4.59042 4.5807 4.57004 4.5585 4.54615 4.53306 4.51931 4.50497 4.49013 4.47488 4.4593 4.44349 4.42753 4.41151 4.39551 4.37964 4.36395 4.34854 4.33347 4.3188 4.30461 4.29094 4.27783 4.26534 4.25348 4.24229 4.23179 4.22199 4.21289 4.2045 4.19681 4.18982 4.18352 4.17789 4.17293 4.16861 4.16492 4.16185 4.15939 4.15751 4.15622 4.15551 
4.14989 4.15035 4.15141 4.15309 4.1554 4.15834 4.16193 4.16618 4.17112 4.17675 4.18309 4.19015 4.19796 4.20651 4.21581 4.22585 4.23665 4.24817 4.26041 4.27334 4.28692 4.30112 4.31589 4.33118 4.34692 4.36305 4.37949 4.39617 4.413 4.4299 4.44677 4.46354 4.48009 4.49635 4.51222 4.52761 4.54244 4.55662 4.57008 4.58273 4.59451 4.60536 4.61521 4.62401 4.63171 4.63827 4.64367 4.64786 4.65083 4.65256 4.65304 4.65227 4.65025 4.647 4.64252 4.63685 4.63001 4.62205 4.61299 4.6029 4.59183 4.57984 4.567 4.55338 4.53907 4.52413 4.50867 4.49277 4.47652 4.46 4.44333 4.42658 4.40986 4.39324 4.37681 4.36065 4.34484 4.32945 4.31455 4.30018 4.2864 4.27325 4.26076 4.24898 4.2379 4.22756 4.21795 4.20909 4.20097 4.19358 4.18691 4.18095 4.17569 4.17111 4.1672 4.16394 4.16132 4.15933 4.15796 4.1572 
4.15157 4.15204 4.15316 4.15493 4.15736 4.16046 4.16425 4.16873 4.17394 4.17987 4.18656 4.194 4.20222 4.21122 4.221 4.23157 4.24291 4.25502 4.26786 4.28143 4.29567 4.31055 4.32601 4.34201 4.35847 4.37533 4.3925 4.4099 4.42746 4.44507 4.46265 4.48009 4.49731 4.51421 4.5307 4.54668 4.56207 4.57678 4.59072 4.60383 4.61603 4.62726 4.63745 4.64655 4.65451 4.6613 4.66688 4.67121 4.67428 4.67607 4.67657 4.67577 4.67369 4.67033 4.66571 4.65984 4.65277 4.64453 4.63516 4.62472 4.61325 4.60083 4.58752 4.57339 4.55854 4.54303 4.52696 4.51043 4.49352 4.47633 4.45896 4.4415 4.42406 4.40671 4.38955 4.37267 4.35613 4.34003 4.32442 4.30936 4.29492 4.28112 4.26802 4.25564 4.244 4.23312 4.22302 4.21368 4.20512 4.19733 4.1903 4.18402 4.17846 4.17363 4.16949 4.16604 4.16327 4.16116 4.1597 4.15889 
4.15325 4.15374 4.15491 4.15677 4.15932 4.16258 4.16657 4.17128 4.17675 4.18299 4.19001 4.19783 4.20646 4.2159 4.22616 4.23724 4.24913 4.2618 4.27525 4.28943 4.30432 4.31987 4.33602 4.35271 4.36987 4.38743 4.40531 4.42343 4.44168 4.45999 4.47824 4.49635 4.51421 4.53173 4.54881 4.56536 4.58128 4.5965 4.61091 4.62446 4.63706 4.64865 4.65916 4.66855 4.67677 4.68377 4.68952 4.69399 4.69715 4.69899 4.69951 4.6987 4.69655 4.69309 4.68833 4.68228 4.67499 4.66649 4.65683 4.64604 4.6342 4.62136 4.6076 4.59299 4.57761 4.56155 4.5449 4.52776 4.51021 4.49237 4.47432 4.45618 4.43803 4.41998 4.40211 4.38451 4.36728 4.35047 4.33418 4.31845 4.30335 4.28892 4.2752 4.26224 4.25004 4.23864 4.22804 4.21824 4.20926 4.20107 4.19368 4.18707 4.18122 4.17613 4.17177 4.16814 4.16522 4.16299 4.16145 4.16059 
4.15491 4.15543 4.15665 4.1586 4.16128 4.16469 4.16887 4.17381 4.17954 4.18608 4.19343 4.20162 4.21065 4.22053 4.23126 4.24284 4.25525 4.26849 4.28252 4.29731 4.31283 4.32902 4.34584 4.3632 4.38105 4.3993 4.41787 4.43666 4.4556 4.47457 4.49348 4.51222 4.5307 4.54881 4.56646 4.58355 4.59999 4.61568 4.63054 4.6445 4.65748 4.66942 4.68025 4.68991 4.69836 4.70556 4.71147 4.71607 4.71932 4.72122 4.72176 4.72092 4.71872 4.71516 4.71027 4.70406 4.69656 4.68781 4.67786 4.66676 4.65456 4.64133 4.62714 4.61206 4.59619 4.5796 4.56239 4.54466 4.52651 4.50803 4.48934 4.47053 4.45171 4.43297 4.41441 4.39613 4.3782 4.36072 4.34376 4.32737 4.31163 4.29659 4.28228 4.26874 4.256 4.24408 4.23299 4.22275 4.21334 4.20476 4.19702 4.19008 4.18395 4.17861 4.17404 4.17022 4.16715 4.1648 4.16318 4.16227 
4.15656 4.15709 4.15837 4.1604 4.1632 4.16677 4.17113 4.1763 4.18229 4.18911 4.19679 4.20534 4.21476 4.22507 4.23626 4.24832 4.26125 4.27503 4.28963 4.30502 4.32114 4.33796 4.35542 4.37343 4.39194 4.41085 4.43008 4.44953 4.46912 4.48873 4.50826 4.52761 4.54668 4.56536 4.58355 4.60116 4.61808 4.63422 4.64951 4.66387 4.6772 4.68946 4.70058 4.7105 4.71918 4.72657 4.73263 4.73735 4.74069 4.74264 4.74319 4.74234 4.74008 4.73644 4.73142 4.72505 4.71736 4.70839 4.69817 4.68676 4.67423 4.66062 4.64603 4.63051 4.61416 4.59707 4.57934 4.56105 4.54231 4.52324 4.50392 4.48448 4.465 4.44561 4.42639 4.40744 4.38885 4.37071 4.3531 4.33608 4.31973 4.30408 4.28919 4.2751 4.26183 4.24941 4.23785 4.22716 4.21734 4.20839 4.2003 4.19305 4.18664 4.18105 4.17627 4.17227 4.16905 4.16659 4.16489 4.16394 
4.15817 4.15873 4.16006 4.16217 4.16509 4.16881 4.17335 4.17873 4.18497 4.19208 4.20008 4.20897 4.21877 4.22949 4.24112 4.25366 4.26709 4.28139 4.29654 4.31249 4.32921 4.34663 4.3647 4.38334 4.40247 4.42202 4.44188 4.46196 4.48216 4.50238 4.52251 4.54244 4.56207 4.58128 4.59999 4.61808 4.63546 4.65203 4.66772 4.68244 4.69612 4.70868 4.72007 4.73023 4.73912 4.74668 4.7529 4.75772 4.76114 4.76314 4.76371 4.76284 4.76054 4.75681 4.75168 4.74516 4.73729 4.7281 4.71764 4.70595 4.6931 4.67915 4.66417 4.64824 4.63145 4.61388 4.59564 4.57683 4.55754 4.53789 4.51798 4.49793 4.47784 4.45781 4.43796 4.41838 4.39916 4.38039 4.36216 4.34453 4.32757 4.31135 4.2959 4.28128 4.2675 4.25459 4.24258 4.23146 4.22124 4.21192 4.20349 4.19595 4.18926 4.18344 4.17844 4.17427 4.17091 4.16835 4.16657 4.16557 
4.15974 4.16031 4.16169 4.16389 4.16692 4.17078 4.1755 4.1811 4.18757 4.19496 4.20326 4.21249 4.22265 4.23377 4.24582 4.25881 4.27272 4.28752 4.30319 4.31969 4.33697 4.35496 4.37362 4.39285 4.41259 4.43273 4.45319 4.47387 4.49466 4.51546 4.53615 4.55662 4.57678 4.5965 4.61568 4.63422 4.65203 4.66901 4.68507 4.70014 4.71413 4.72697 4.73862 4.74901 4.75808 4.76581 4.77216 4.77709 4.78059 4.78263 4.78321 4.78233 4.77998 4.77619 4.77095 4.7643 4.75626 4.74687 4.73618 4.72423 4.71108 4.6968 4.68147 4.66515 4.64794 4.62994 4.61122 4.59191 4.5721 4.55191 4.53145 4.51082 4.49014 4.46952 4.44907 4.42888 4.40906 4.38969 4.37086 4.35265 4.33513 4.31835 4.30237 4.28723 4.27296 4.25959 4.24714 4.23561 4.22501 4.21534 4.20659 4.19875 4.19181 4.18575 4.18056 4.17622 4.17272 4.17005 4.16819 4.16715 
4.16126 4.16184 4.16327 4.16555 4.16868 4.17269 4.17758 4.18337 4.19008 4.19772 4.20631 4.21586 4.22638 4.23787 4.25032 4.26374 4.2781 4.29339 4.30955 4.32657 4.34438 4.36292 4.38213 4.40192 4.42222 4.44294 4.46396 4.4852 4.50654 4.52788 4.54909 4.57008 4.59072 4.61091 4.63054 4.64951 4.66772 4.68507 4.70148 4.71686 4.73114 4.74425 4.75613 4.76673 4.77598 4.78386 4.79033 4.79536 4.79893 4.80101 4.80161 4.80072 4.79833 4.79446 4.78913 4.78236 4.77416 4.76459 4.75369 4.7415 4.72808 4.7135 4.69784 4.68116 4.66357 4.64514 4.62599 4.60622 4.58592 4.56523 4.54424 4.52307 4.50184 4.48066 4.45964 4.43888 4.41849 4.39855 4.37916 4.3604 4.34234 4.32504 4.30855 4.29293 4.27819 4.26438 4.25151 4.23959 4.22863 4.21862 4.20956 4.20144 4.19425 4.18797 4.18259 4.17809 4.17446 4.17169 4.16976 4.16868 
4.1627 4.16331 4.16478 4.16713 4.17037 4.1745 4.17955 4.18553 4.19246 4.20035 4.20921 4.21907 4.22991 4.24176 4.2546 4.26842 4.28321 4.29894 4.31558 4.33308 4.35138 4.37044 4.39016 4.41049 4.43132 4.45256 4.47411 4.49587 4.51773 4.53957 4.56127 4.58273 4.60383 4.62446 4.6445 4.66387 4.68244 4.70014 4.71686 4.73254 4.74708 4.76044 4.77253 4.78331 4.79273 4.80075 4.80734 4.81245 4.81608 4.81821 4.81882 4.81792 4.81549 4.81157 4.80615 4.79926 4.79093 4.78119 4.77009 4.75768 4.74401 4.72916 4.71319 4.69618 4.67823 4.65943 4.63987 4.61966 4.59892 4.57775 4.55627 4.53461 4.51286 4.49116 4.46961 4.44831 4.42739 4.40692 4.38701 4.36773 4.34917 4.33137 4.31441 4.29832 4.28315 4.26892 4.25565 4.24337 4.23206 4.22173 4.21238 4.204 4.19657 4.19009 4.18453 4.17988 4.17612 4.17326 4.17126 4.17014 
4.16407 4.16469 4.16621 4.16863 4.17196 4.17622 4.18142 4.18758 4.19471 4.20283 4.21195 4.22208 4.23324 4.24542 4.25861 4.27281 4.288 4.30415 4.32122 4.33917 4.35794 4.37747 4.39768 4.41849 4.43981 4.46155 4.48359 4.50583 4.52816 4.55046 4.57262 4.59451 4.61603 4.63706 4.65748 4.6772 4.69612 4.71413 4.73114 4.74708 4.76188 4.77545 4.78774 4.79869 4.80826 4.81641 4.82309 4.82829 4.83198 4.83414 4.83477 4.83385 4.8314 4.82742 4.82192 4.81493 4.80647 4.79658 4.78531 4.7727 4.75881 4.7437 4.72745 4.71015 4.69187 4.67271 4.65278 4.63218 4.61102 4.58942 4.56749 4.54536 4.52314 4.50096 4.47891 4.45713 4.43571 4.41475 4.39435 4.37459 4.35555 4.3373 4.31989 4.30338 4.2878 4.27318 4.25955 4.24691 4.23528 4.22466 4.21504 4.20641 4.19876 4.19208 4.18635 4.18156 4.17769 4.17473 4.17268 4.17152 
4.16535 4.16598 4.16754 4.17002 4.17345 4.17782 4.18316 4.18948 4.1968 4.20513 4.21449 4.22489 4.23633 4.24881 4.26234 4.27689 4.29245 4.30898 4.32645 4.34482 4.36402 4.38398 4.40463 4.42589 4.44766 4.46984 4.49233 4.51501 4.53777 4.5605 4.58306 4.60536 4.62726 4.64865 4.66942 4.68946 4.70868 4.72697 4.74425 4.76044 4.77545 4.78922 4.80168 4.81279 4.8225 4.83076 4.83753 4.8428 4.84655 4.84874 4.84938 4.84846 4.84597 4.84194 4.83638 4.8293 4.82073 4.8107 4.79927 4.78648 4.77238 4.75705 4.74055 4.72297 4.7044 4.68492 4.66465 4.64369 4.62216 4.60016 4.57783 4.55528 4.53262 4.50999 4.4875 4.46527 4.44339 4.42198 4.40114 4.38094 4.36147 4.34279 4.32498 4.30807 4.29211 4.27713 4.26316 4.25021 4.23828 4.22738 4.21751 4.20865 4.2008 4.19394 4.18806 4.18313 4.17916 4.17612 4.174 4.17281 
4.16652 4.16717 4.16877 4.17131 4.17482 4.17929 4.18476 4.19123 4.19872 4.20725 4.21682 4.22746 4.23916 4.25192 4.26575 4.28062 4.29651 4.31339 4.33123 4.34997 4.36955 4.38991 4.41097 4.43263 4.45481 4.47739 4.50028 4.52336 4.54652 4.56962 4.59256 4.61521 4.63745 4.65916 4.68025 4.70058 4.72007 4.73862 4.75613 4.77253 4.78774 4.80168 4.81431 4.82555 4.83538 4.84374 4.8506 4.85593 4.85972 4.86195 4.86259 4.86167 4.85916 4.85509 4.84946 4.8423 4.83363 4.82349 4.81192 4.79896 4.78468 4.76915 4.75243 4.7346 4.71576 4.69601 4.67543 4.65415 4.63228 4.60993 4.58722 4.56429 4.54125 4.51822 4.49532 4.47268 4.45039 4.42858 4.40732 4.38672 4.36686 4.3478 4.32962 4.31235 4.29605 4.28075 4.26646 4.25322 4.24103 4.22988 4.21978 4.21071 4.20267 4.19565 4.18962 4.18458 4.1805 4.17739 4.17522 4.17399 
4.16759 4.16825 4.16988 4.17248 4.17605 4.18063 4.18621 4.19281 4.20046 4.20916 4.21893 4.22978 4.24171 4.25473 4.26882 4.28397 4.30016 4.31736 4.33552 4.3546 4.37453 4.39524 4.41665 4.43867 4.46121 4.48416 4.5074 4.53084 4.55434 4.57778 4.60104 4.62401 4.64655 4.66855 4.68991 4.7105 4.73023 4.74901 4.76673 4.78331 4.79869 4.81279 4.82555 4.83692 4.84685 4.8553 4.86223 4.86763 4.87146 4.8737 4.87436 4.87343 4.8709 4.86679 4.86111 4.85388 4.84512 4.83488 4.82318 4.81009 4.79565 4.77994 4.76302 4.74498 4.72591 4.7059 4.68506 4.66349 4.64132 4.61865 4.59562 4.57235 4.54896 4.52558 4.50232 4.47931 4.45667 4.43448 4.41287 4.39191 4.3717 4.3523 4.33378 4.3162 4.29959 4.284 4.26944 4.25594 4.2435 4.23213 4.22182 4.21257 4.20436 4.19719 4.19103 4.18588 4.18172 4.17854 4.17632 4.17507 
4.16854 4.16921 4.17087 4.17351 4.17715 4.18181 4.18749 4.19421 4.20199 4.21085 4.22079 4.23183 4.24396 4.2572 4.27152 4.28692 4.30338 4.32085 4.33929 4.35866 4.37889 4.39991 4.42163 4.44397 4.46683 4.49009 4.51365 4.53739 4.56119 4.58492 4.60847 4.63171 4.65451 4.67677 4.69836 4.71918 4.73912 4.75808 4.77598 4.79273 4.80826 4.8225 4.83538 4.84685 4.85687 4.8654 4.87239 4.87784 4.8817 4.88397 4.88464 4.8837 4.88116 4.87702 4.87129 4.864 4.85516 4.84483 4.83303 4.81981 4.80524 4.78937 4.77228 4.75406 4.73478 4.71455 4.69348 4.67167 4.64923 4.6263 4.60298 4.57942 4.55572 4.53203 4.50846 4.48514 4.46217 4.43967 4.41774 4.39647 4.37595 4.35626 4.33745 4.31958 4.30271 4.28686 4.27206 4.25833 4.24568 4.23411 4.22362 4.21421 4.20586 4.19855 4.19229 4.18704 4.1828 4.17956 4.1773 4.17603 
4.16936 4.17004 4.17172 4.17441 4.1781 4.18283 4.1886 4.19542 4.20332 4.2123 4.22239 4.23359 4.2459 4.25932 4.27384 4.28946 4.30613 4.32384 4.34253 4.36214 4.38263 4.40391 4.4259 4.4485 4.47162 4.49515 4.51898 4.54298 4.56703 4.59101 4.6148 4.63827 4.6613 4.68377 4.70556 4.72657 4.74668 4.76581 4.78386 4.80075 4.81641 4.83076 4.84374 4.8553 4.8654 4.87399 4.88104 4.88652 4.89042 4.89271 4.89338 4.89244 4.88988 4.88571 4.87995 4.8726 4.86371 4.8533 4.84141 4.82809 4.8134 4.7974 4.78017 4.76178 4.74234 4.72193 4.70065 4.67863 4.65598 4.63281 4.60925 4.58544 4.56149 4.53754 4.5137 4.49011 4.46687 4.4441 4.4219 4.40037 4.37959 4.35964 4.34059 4.32249 4.30538 4.28931 4.27431 4.26038 4.24755 4.23582 4.22518 4.21562 4.20714 4.19973 4.19337 4.18804 4.18374 4.18044 4.17815 4.17685 
4.17004 4.17074 4.17244 4.17515 4.1789 4.18368 4.18952 4.19643 4.20442 4.21351 4.22372 4.23505 4.2475 4.26107 4.27576 4.29155 4.30841 4.3263 4.34519 4.36502 4.38571 4.4072 4.42941 4.45223 4.47557 4.49932 4.52336 4.54757 4.57183 4.59602 4.62001 4.64367 4.66688 4.68952 4.71147 4.73263 4.7529 4.77216 4.79033 4.80734 4.82309 4.83753 4.8506 4.86223 4.87239 4.88104 4.88813 4.89365 4.89757 4.89988 4.90056 4.89962 4.89704 4.89285 4.88705 4.87967 4.87072 4.86025 4.84828 4.83488 4.82009 4.80399 4.78664 4.76813 4.74854 4.72798 4.70655 4.68435 4.66152 4.63816 4.61441 4.59039 4.56623 4.54207 4.51801 4.4942 4.47074 4.44775 4.42533 4.40358 4.38259 4.36243 4.34318 4.32488 4.30759 4.29134 4.27617 4.26208 4.2491 4.23723 4.22646 4.21679 4.20821 4.20071 4.19427 4.18888 4.18452 4.18118 4.17886 4.17754 
4.17059 4.17129 4.173 4.17575 4.17953 4.18436 4.19025 4.19722 4.20529 4.21447 4.22477 4.23619 4.24876 4.26245 4.27727 4.29319 4.31019 4.32823 4.34727 4.36726 4.38811 4.40977 4.43214 4.45513 4.47864 4.50256 4.52677 4.55114 4.57557 4.59991 4.62405 4.64786 4.67121 4.69399 4.71607 4.73735 4.75772 4.77709 4.79536 4.81245 4.82829 4.8428 4.85593 4.86763 4.87784 4.88652 4.89365 4.89919 4.90313 4.90545 4.90614 4.90519 4.90261 4.89841 4.89258 4.88516 4.87618 4.86565 4.85363 4.84016 4.8253 4.80911 4.79167 4.77306 4.75336 4.73268 4.71112 4.6888 4.66582 4.64232 4.61842 4.59424 4.56992 4.54559 4.52137 4.49738 4.47375 4.45059 4.428 4.40609 4.38493 4.36461 4.3452 4.32675 4.30931 4.29293 4.27762 4.26342 4.25032 4.23834 4.22748 4.21772 4.20906 4.20148 4.19498 4.18954 4.18514 4.18177 4.17942 4.17809 
4.17099 4.17169 4.17342 4.17618 4.17999 4.18485 4.19078 4.1978 4.20592 4.21516 4.22552 4.23702 4.24966 4.26344 4.27835 4.29436 4.31146 4.32961 4.34876 4.36885 4.38982 4.4116 4.43409 4.4572 4.48082 4.50486 4.52918 4.55367 4.57821 4.60267 4.62692 4.65083 4.67428 4.69715 4.71932 4.74069 4.76114 4.78059 4.79893 4.81608 4.83198 4.84655 4.85972 4.87146 4.8817 4.89042 4.89757 4.90313 4.90709 4.90942 4.91011 4.90916 4.90657 4.90235 4.89651 4.88907 4.88005 4.86949 4.85742 4.84391 4.82899 4.81275 4.79524 4.77655 4.75678 4.73602 4.71437 4.69195 4.66887 4.64526 4.62125 4.59696 4.57253 4.54808 4.52374 4.49964 4.47589 4.45261 4.4299 4.40787 4.38659 4.36616 4.34664 4.32808 4.31055 4.29406 4.27867 4.26437 4.2512 4.23914 4.22821 4.21839 4.20967 4.20205 4.1955 4.19002 4.18559 4.1822 4.17984 4.1785 
4.17124 4.17195 4.17368 4.17646 4.18028 4.18515 4.19111 4.19815 4.2063 4.21558 4.22598 4.23752 4.25021 4.26403 4.27899 4.29506 4.31222 4.33042 4.34963 4.36979 4.39083 4.41267 4.43522 4.4584 4.4821 4.5062 4.53059 4.55515 4.57975 4.60427 4.62858 4.65256 4.67607 4.69899 4.72122 4.74264 4.76314 4.78263 4.80101 4.81821 4.83414 4.84874 4.86195 4.8737 4.88397 4.89271 4.89988 4.90545 4.90942 4.91175 4.91244 4.91149 4.9089 4.90467 4.89882 4.89136 4.88232 4.87174 4.85965 4.8461 4.83115 4.81487 4.79732 4.77859 4.75877 4.73796 4.71625 4.69378 4.67064 4.64698 4.6229 4.59855 4.57405 4.54953 4.52512 4.50095 4.47713 4.45378 4.43101 4.40891 4.38757 4.36707 4.34749 4.32887 4.31128 4.29474 4.27929 4.26495 4.25172 4.23962 4.22865 4.21879 4.21004 4.20239 4.19582 4.19032 4.18587 4.18247 4.1801 4.17875 
