2.73304 2.73328 2.73352 2.73376 2.734 2.73425 2.73448 2.73472 2.73496 2.73519 2.73542 2.73566 2.73589 2.73614 2.73639 2.73665 2.73692 2.73721 2.73752 2.73786 2.73821 2.7386 2.73902 2.73947 2.73996 2.74048 2.74104 2.74163 2.74226 2.74292 2.74362 2.74434 2.74509 2.74585 2.74663 2.74742 2.74821 2.74899 2.74975 2.7505 2.75121 2.75189 2.75252 2.7531 2.75363 2.75409 2.75447 2.75479 2.75502 2.75517 2.75524 2.75522 2.75513 2.75494 2.75468 2.75435 2.75394 2.75346 2.75292 2.75233 2.75169 2.75101 2.7503 2.74956 2.74881 2.74804 2.74727 2.74651 2.74576 2.74503 2.74431 2.74363 2.74298 2.74236 2.74178 2.74124 2.74075 2.7403 2.73989 2.73953 2.73921 2.73894 2.73871 2.73853 2.73838 2.73828 2.73821 2.73818 2.73818 2.73822 2.73829 2.73838 2.7385 2.73864 2.7388 2.73899 2.73918 2.73939 2.73961 2.73984 
2.73328 2.73352 2.73376 2.734 2.73424 2.73448 2.73472 2.73496 2.73519 2.73543 2.73566 2.7359 2.73613 2.73638 2.73663 2.73689 2.73716 2.73745 2.73777 2.7381 2.73846 2.73885 2.73928 2.73973 2.74023 2.74075 2.74132 2.74193 2.74257 2.74324 2.74395 2.74468 2.74544 2.74622 2.74701 2.74782 2.74862 2.74941 2.75019 2.75095 2.75168 2.75237 2.75302 2.75361 2.75415 2.75461 2.75501 2.75533 2.75557 2.75572 2.75579 2.75577 2.75567 2.75549 2.75522 2.75488 2.75446 2.75397 2.75342 2.75282 2.75217 2.75147 2.75075 2.74999 2.74922 2.74844 2.74766 2.74689 2.74612 2.74537 2.74465 2.74395 2.74329 2.74266 2.74207 2.74153 2.74103 2.74057 2.74016 2.73979 2.73947 2.73919 2.73896 2.73877 2.73863 2.73852 2.73845 2.73842 2.73842 2.73846 2.73852 2.73862 2.73874 2.73888 2.73904 2.73923 2.73942 2.73963 2.73985 2.74008 
2.73352 2.73376 2.734 2.73424 2.73449 2.73473 2.73497 2.73521 2.73545 2.73568 2.73592 2.73616 2.7364 2.73665 2.73691 2.73718 2.73746 2.73777 2.73809 2.73845 2.73883 2.73924 2.73969 2.74017 2.74069 2.74125 2.74185 2.7425 2.74317 2.74389 2.74464 2.74542 2.74623 2.74706 2.7479 2.74875 2.7496 2.75045 2.75128 2.75208 2.75286 2.75359 2.75427 2.7549 2.75547 2.75596 2.75638 2.75671 2.75697 2.75713 2.7572 2.75718 2.75708 2.75688 2.75659 2.75623 2.75578 2.75526 2.75468 2.75404 2.75335 2.75261 2.75184 2.75104 2.75022 2.74939 2.74856 2.74774 2.74692 2.74613 2.74536 2.74462 2.74391 2.74325 2.74262 2.74204 2.74151 2.74102 2.74058 2.74019 2.73985 2.73955 2.7393 2.7391 2.73894 2.73882 2.73874 2.7387 2.7387 2.73873 2.73879 2.73888 2.73899 2.73913 2.73929 2.73947 2.73967 2.73988 2.7401 2.74033 
2.73376 2.734 2.73424 2.73449 2.73473 2.73498 2.73522 2.73546 2.73571 2.73595 2.73619 2.73644 2.73669 2.73696 2.73723 2.73752 2.73783 2.73816 2.73851 2.7389 2.73931 2.73976 2.74025 2.74079 2.74136 2.74198 2.74264 2.74335 2.7441 2.74489 2.74572 2.74658 2.74747 2.74838 2.74931 2.75024 2.75118 2.75211 2.75302 2.7539 2.75475 2.75556 2.75631 2.75699 2.75761 2.75815 2.75861 2.75897 2.75925 2.75942 2.7595 2.75948 2.75936 2.75914 2.75882 2.75842 2.75793 2.75736 2.75672 2.75601 2.75525 2.75444 2.75359 2.75271 2.75181 2.7509 2.74998 2.74908 2.74818 2.74731 2.74646 2.74564 2.74486 2.74413 2.74344 2.7428 2.7422 2.74166 2.74118 2.74074 2.74036 2.74002 2.73974 2.73951 2.73932 2.73918 2.73908 2.73902 2.73901 2.73902 2.73907 2.73915 2.73926 2.73939 2.73955 2.73973 2.73992 2.74012 2.74034 2.74057 
2.734 2.73424 2.73449 2.73473 2.73498 2.73523 2.73548 2.73573 2.73598 2.73623 2.73648 2.73675 2.73702 2.7373 2.7376 2.73792 2.73826 2.73862 2.73902 2.73945 2.73992 2.74043 2.74099 2.74159 2.74225 2.74295 2.7437 2.74451 2.74536 2.74626 2.7472 2.74817 2.74918 2.75022 2.75127 2.75232 2.75338 2.75443 2.75546 2.75645 2.75741 2.75831 2.75916 2.75993 2.76062 2.76123 2.76174 2.76215 2.76245 2.76264 2.76273 2.7627 2.76256 2.76231 2.76195 2.7615 2.76094 2.7603 2.75957 2.75877 2.75791 2.757 2.75604 2.75504 2.75403 2.753 2.75196 2.75093 2.74992 2.74893 2.74796 2.74704 2.74616 2.74532 2.74453 2.7438 2.74312 2.74251 2.74195 2.74144 2.741 2.74061 2.74028 2.74 2.73978 2.7396 2.73947 2.73939 2.73935 2.73935 2.73938 2.73945 2.73954 2.73967 2.73981 2.73998 2.74017 2.74037 2.74059 2.74081 
2.73425 2.73448 2.73473 2.73498 2.73523 2.73548 2.73574 2.736 2.73626 2.73652 2.7368 2.73708 2.73737 2.73769 2.73802 2.73837 2.73876 2.73917 2.73963 2.74013 2.74067 2.74126 2.7419 2.74261 2.74336 2.74418 2.74506 2.74599 2.74698 2.74802 2.74911 2.75024 2.7514 2.7526 2.75381 2.75503 2.75625 2.75745 2.75863 2.75977 2.76087 2.76191 2.76287 2.76375 2.76454 2.76523 2.76582 2.76628 2.76662 2.76684 2.76694 2.7669 2.76673 2.76644 2.76603 2.7655 2.76487 2.76412 2.76329 2.76237 2.76138 2.76033 2.75922 2.75808 2.7569 2.75572 2.75452 2.75334 2.75217 2.75102 2.74991 2.74884 2.74781 2.74684 2.74593 2.74507 2.74428 2.74356 2.7429 2.74231 2.74179 2.74133 2.74093 2.74059 2.74031 2.74009 2.73992 2.7398 2.73973 2.7397 2.73971 2.73976 2.73984 2.73995 2.74009 2.74025 2.74043 2.74062 2.74083 2.74106 
2.73448 2.73472 2.73497 2.73522 2.73548 2.73574 2.736 2.73627 2.73655 2.73683 2.73713 2.73744 2.73776 2.73811 2.73849 2.73889 2.73934 2.73982 2.74035 2.74093 2.74156 2.74226 2.74302 2.74384 2.74473 2.7457 2.74673 2.74782 2.74899 2.75021 2.75148 2.75281 2.75417 2.75557 2.75698 2.7584 2.75982 2.76122 2.7626 2.76392 2.76519 2.76639 2.76751 2.76853 2.76944 2.77024 2.77091 2.77144 2.77184 2.77208 2.77219 2.77214 2.77194 2.7716 2.77112 2.77051 2.76976 2.7689 2.76793 2.76686 2.76571 2.76448 2.76319 2.76186 2.76049 2.75911 2.75772 2.75633 2.75496 2.75362 2.75232 2.75106 2.74986 2.74872 2.74764 2.74664 2.74571 2.74485 2.74407 2.74336 2.74273 2.74218 2.7417 2.74128 2.74094 2.74065 2.74043 2.74027 2.74015 2.74009 2.74007 2.74009 2.74015 2.74024 2.74037 2.74051 2.74068 2.74087 2.74108 2.7413 
2.73472 2.73496 2.73521 2.73546 2.73573 2.736 2.73627 2.73656 2.73685 2.73716 2.73748 2.73783 2.73819 2.73859 2.73902 2.73949 2.74 2.74057 2.74119 2.74187 2.74262 2.74345 2.74435 2.74533 2.74639 2.74753 2.74875 2.75005 2.75142 2.75286 2.75437 2.75593 2.75754 2.75918 2.76084 2.76251 2.76417 2.76581 2.76741 2.76896 2.77045 2.77184 2.77314 2.77433 2.77539 2.77631 2.77709 2.7777 2.77816 2.77844 2.77855 2.77849 2.77826 2.77786 2.77729 2.77657 2.7757 2.77469 2.77355 2.7723 2.77095 2.76952 2.76801 2.76645 2.76485 2.76322 2.76159 2.75996 2.75835 2.75677 2.75524 2.75376 2.75234 2.75099 2.74971 2.74852 2.74741 2.74639 2.74546 2.74461 2.74385 2.74318 2.74259 2.74208 2.74165 2.7413 2.74101 2.74078 2.74062 2.74051 2.74046 2.74045 2.74048 2.74055 2.74065 2.74079 2.74094 2.74112 2.74132 2.74154 
2.73496 2.73519 2.73545 2.73571 2.73598 2.73626 2.73655 2.73685 2.73717 2.73751 2.73787 2.73825 2.73867 2.73912 2.73962 2.74016 2.74077 2.74143 2.74217 2.74298 2.74387 2.74485 2.74592 2.74709 2.74835 2.7497 2.75115 2.75269 2.75432 2.75603 2.75781 2.75966 2.76155 2.76348 2.76544 2.7674 2.76935 2.77128 2.77315 2.77497 2.7767 2.77833 2.77985 2.78123 2.78246 2.78353 2.78443 2.78514 2.78566 2.78599 2.78612 2.78604 2.78576 2.78529 2.78463 2.78378 2.78276 2.78157 2.78024 2.77878 2.77719 2.77551 2.77374 2.77191 2.77003 2.76812 2.7662 2.76428 2.76239 2.76053 2.75871 2.75696 2.75528 2.75368 2.75217 2.75075 2.74943 2.74821 2.74709 2.74608 2.74516 2.74435 2.74363 2.74301 2.74248 2.74203 2.74166 2.74137 2.74114 2.74098 2.74088 2.74083 2.74083 2.74087 2.74095 2.74106 2.74121 2.74138 2.74157 2.74178 
2.73519 2.73543 2.73568 2.73595 2.73623 2.73652 2.73683 2.73716 2.73751 2.73788 2.73828 2.73872 2.73919 2.73972 2.7403 2.74094 2.74164 2.74243 2.7433 2.74427 2.74533 2.74649 2.74777 2.74915 2.75065 2.75226 2.75398 2.75581 2.75774 2.75976 2.76187 2.76405 2.76628 2.76855 2.77085 2.77315 2.77544 2.77769 2.77989 2.78201 2.78403 2.78593 2.7877 2.7893 2.79073 2.79198 2.79302 2.79384 2.79445 2.79482 2.79496 2.79486 2.79454 2.79398 2.7932 2.79221 2.79101 2.78963 2.78807 2.78635 2.7845 2.78253 2.78046 2.77831 2.77611 2.77387 2.77161 2.76936 2.76712 2.76493 2.76279 2.76073 2.75874 2.75684 2.75505 2.75337 2.75179 2.75034 2.749 2.74779 2.74669 2.74571 2.74484 2.74408 2.74342 2.74286 2.74239 2.74202 2.74172 2.74149 2.74133 2.74124 2.7412 2.74121 2.74126 2.74135 2.74148 2.74163 2.74181 2.74201 
2.73542 2.73566 2.73592 2.73619 2.73648 2.7368 2.73713 2.73748 2.73787 2.73828 2.73873 2.73923 2.73978 2.74039 2.74106 2.74181 2.74265 2.74358 2.74461 2.74576 2.74702 2.7484 2.74992 2.75156 2.75334 2.75525 2.75728 2.75945 2.76173 2.76411 2.76659 2.76915 2.77178 2.77444 2.77714 2.77983 2.78251 2.78514 2.7877 2.79017 2.79252 2.79473 2.79677 2.79864 2.8003 2.80173 2.80294 2.80389 2.80458 2.80501 2.80516 2.80505 2.80466 2.80401 2.8031 2.80194 2.80054 2.79893 2.79711 2.79511 2.79295 2.79065 2.78823 2.78572 2.78315 2.78052 2.77788 2.77524 2.77262 2.77004 2.76753 2.76509 2.76275 2.76052 2.7584 2.7564 2.75454 2.75281 2.75122 2.74976 2.74845 2.74727 2.74622 2.7453 2.74449 2.74381 2.74323 2.74275 2.74236 2.74206 2.74183 2.74168 2.74159 2.74156 2.74158 2.74165 2.74175 2.74189 2.74206 2.74225 
2.73566 2.7359 2.73616 2.73644 2.73675 2.73708 2.73744 2.73783 2.73825 2.73872 2.73923 2.7398 2.74043 2.74114 2.74193 2.74281 2.7438 2.7449 2.74612 2.74747 2.74897 2.75061 2.7524 2.75434 2.75644 2.7587 2.7611 2.76365 2.76633 2.76913 2.77204 2.77504 2.77811 2.78122 2.78437 2.78751 2.79062 2.79368 2.79665 2.79951 2.80224 2.8048 2.80716 2.80931 2.81123 2.81288 2.81427 2.81536 2.81615 2.81664 2.81681 2.81667 2.81622 2.81546 2.8144 2.81305 2.81143 2.80956 2.80745 2.80513 2.80262 2.79995 2.79714 2.79422 2.79122 2.78816 2.78508 2.78199 2.77893 2.77592 2.77298 2.77012 2.76737 2.76474 2.76225 2.7599 2.75769 2.75565 2.75376 2.75204 2.75047 2.74906 2.7478 2.74669 2.74572 2.74488 2.74416 2.74356 2.74307 2.74268 2.74238 2.74217 2.74202 2.74194 2.74192 2.74196 2.74204 2.74215 2.74231 2.74249 
2.73589 2.73613 2.7364 2.73669 2.73702 2.73737 2.73776 2.73819 2.73867 2.73919 2.73978 2.74043 2.74117 2.74199 2.74291 2.74395 2.74511 2.7464 2.74784 2.74944 2.7512 2.75314 2.75525 2.75754 2.76001 2.76266 2.76548 2.76846 2.7716 2.77487 2.77827 2.78176 2.78534 2.78896 2.79261 2.79625 2.79985 2.80339 2.80682 2.81013 2.81327 2.81621 2.81893 2.8214 2.8236 2.8255 2.82708 2.82833 2.82924 2.82979 2.82998 2.82981 2.82928 2.8284 2.82717 2.82562 2.82375 2.82159 2.81915 2.81647 2.81358 2.81049 2.80724 2.80386 2.80038 2.79684 2.79327 2.78968 2.78613 2.78262 2.77919 2.77586 2.77265 2.76957 2.76665 2.76389 2.7613 2.7589 2.75667 2.75463 2.75278 2.7511 2.7496 2.74827 2.7471 2.74609 2.74522 2.74448 2.74387 2.74338 2.74299 2.74269 2.74248 2.74235 2.74229 2.74228 2.74233 2.74243 2.74256 2.74274 
2.73614 2.73638 2.73665 2.73696 2.7373 2.73769 2.73811 2.73859 2.73912 2.73972 2.74039 2.74114 2.74199 2.74295 2.74402 2.74524 2.7466 2.74812 2.74981 2.75169 2.75376 2.75603 2.7585 2.76118 2.76408 2.76717 2.77046 2.77394 2.77759 2.7814 2.78534 2.78939 2.79352 2.79771 2.80192 2.80612 2.81027 2.81433 2.81828 2.82207 2.82567 2.82904 2.83215 2.83497 2.83748 2.83965 2.84145 2.84287 2.8439 2.84452 2.84473 2.84453 2.84392 2.8429 2.84149 2.83971 2.83757 2.83508 2.83229 2.82922 2.82589 2.82234 2.8186 2.81471 2.81071 2.80663 2.8025 2.79837 2.79426 2.7902 2.78622 2.78236 2.77863 2.77505 2.77164 2.76843 2.7654 2.76259 2.75998 2.75758 2.7554 2.75342 2.75164 2.75006 2.74867 2.74746 2.74641 2.74551 2.74477 2.74415 2.74366 2.74327 2.74299 2.74279 2.74267 2.74263 2.74264 2.74271 2.74283 2.74299 
2.73639 2.73663 2.73691 2.73723 2.7376 2.73802 2.73849 2.73902 2.73962 2.7403 2.74106 2.74193 2.74291 2.74402 2.74528 2.7467 2.74829 2.75006 2.75204 2.75424 2.75666 2.75931 2.76219 2.76532 2.76868 2.77228 2.7761 2.78013 2.78435 2.78875 2.7933 2.79797 2.80273 2.80754 2.81237 2.81718 2.82193 2.82657 2.83108 2.8354 2.8395 2.84333 2.84687 2.85008 2.85292 2.85538 2.85742 2.85902 2.86018 2.86088 2.86111 2.86087 2.86017 2.85901 2.85741 2.85537 2.85293 2.8501 2.84692 2.84341 2.83961 2.83555 2.83128 2.82684 2.82226 2.81758 2.81285 2.8081 2.80337 2.7987 2.79412 2.78966 2.78535 2.78122 2.77727 2.77354 2.77003 2.76675 2.76371 2.76091 2.75835 2.75603 2.75395 2.75208 2.75044 2.74899 2.74774 2.74667 2.74576 2.74501 2.7444 2.74391 2.74354 2.74327 2.74309 2.74299 2.74297 2.74301 2.7431 2.74325 
2.73665 2.73689 2.73718 2.73752 2.73792 2.73837 2.73889 2.73949 2.74016 2.74094 2.74181 2.74281 2.74395 2.74524 2.7467 2.74834 2.75019 2.75226 2.75457 2.75712 2.75993 2.76301 2.76636 2.76998 2.77387 2.77802 2.78243 2.78707 2.79193 2.79698 2.8022 2.80755 2.81299 2.81848 2.82399 2.82947 2.83487 2.84015 2.84526 2.85016 2.8548 2.85914 2.86314 2.86676 2.86996 2.87273 2.87502 2.87683 2.87813 2.87891 2.87916 2.87889 2.87809 2.87677 2.87495 2.87264 2.86988 2.86667 2.86306 2.85909 2.85478 2.85018 2.84533 2.84027 2.83506 2.82973 2.82434 2.81892 2.81352 2.80817 2.80293 2.79782 2.79287 2.78811 2.78357 2.77927 2.77521 2.77142 2.7679 2.76465 2.76168 2.75897 2.75654 2.75436 2.75242 2.75072 2.74924 2.74796 2.74688 2.74597 2.74522 2.74462 2.74414 2.74379 2.74354 2.74339 2.74332 2.74332 2.74339 2.74352 
2.73692 2.73716 2.73746 2.73783 2.73826 2.73876 2.73934 2.74 2.74077 2.74164 2.74265 2.7438 2.74511 2.7466 2.74829 2.75019 2.75234 2.75473 2.7574 2.76036 2.7636 2.76716 2.77102 2.77519 2.77966 2.78444 2.78949 2.79481 2.80036 2.80613 2.81208 2.81816 2.82435 2.83059 2.83683 2.84303 2.84914 2.8551 2.86086 2.86638 2.8716 2.87648 2.88097 2.88503 2.88862 2.89172 2.89428 2.8963 2.89775 2.89861 2.89889 2.89857 2.89767 2.89618 2.89414 2.89154 2.88843 2.88482 2.88076 2.87628 2.87142 2.86624 2.86076 2.85505 2.84916 2.84313 2.83701 2.83087 2.82473 2.81866 2.81269 2.80686 2.80121 2.79577 2.79058 2.78564 2.78099 2.77663 2.77257 2.76883 2.76539 2.76226 2.75943 2.75689 2.75464 2.75264 2.7509 2.7494 2.74811 2.74703 2.74613 2.74539 2.74481 2.74436 2.74403 2.74381 2.74369 2.74365 2.74369 2.7438 
2.73721 2.73745 2.73777 2.73816 2.73862 2.73917 2.73982 2.74057 2.74143 2.74243 2.74358 2.7449 2.7464 2.74812 2.75006 2.75226 2.75473 2.7575 2.76057 2.76397 2.7677 2.77178 2.77621 2.78098 2.7861 2.79155 2.79731 2.80336 2.80968 2.81622 2.82296 2.82985 2.83683 2.84387 2.8509 2.85788 2.86474 2.87143 2.87789 2.88407 2.8899 2.89535 2.90036 2.90489 2.90889 2.91233 2.91519 2.91743 2.91903 2.91999 2.92029 2.91993 2.91891 2.91725 2.91496 2.91206 2.90858 2.90455 2.90001 2.89499 2.88956 2.88374 2.8776 2.87119 2.86457 2.85778 2.8509 2.84397 2.83704 2.83018 2.82342 2.81681 2.81041 2.80423 2.79831 2.79269 2.78738 2.7824 2.77776 2.77346 2.76951 2.76591 2.76265 2.75972 2.7571 2.75479 2.75276 2.751 2.74949 2.7482 2.74713 2.74625 2.74554 2.74498 2.74457 2.74427 2.74409 2.74401 2.74401 2.7441 
2.73752 2.73777 2.73809 2.73851 2.73902 2.73963 2.74035 2.74119 2.74217 2.7433 2.74461 2.74612 2.74784 2.74981 2.75204 2.75457 2.7574 2.76057 2.76409 2.76798 2.77225 2.7769 2.78195 2.78739 2.7932 2.79939 2.80592 2.81277 2.8199 2.82728 2.83487 2.84261 2.85046 2.85835 2.86623 2.87403 2.88169 2.88915 2.89634 2.90321 2.9097 2.91575 2.9213 2.92632 2.93075 2.93456 2.93771 2.94018 2.94195 2.943 2.94332 2.94292 2.94179 2.93994 2.93739 2.93418 2.93031 2.92583 2.92079 2.91521 2.90916 2.90268 2.89584 2.88869 2.88129 2.8737 2.866 2.85823 2.85046 2.84274 2.83514 2.8277 2.82047 2.8135 2.80681 2.80044 2.79441 2.78875 2.78347 2.77857 2.77406 2.76994 2.7662 2.76284 2.75983 2.75716 2.75481 2.75277 2.751 2.7495 2.74824 2.74719 2.74634 2.74566 2.74515 2.74477 2.74452 2.74439 2.74436 2.74443 
2.73786 2.7381 2.73845 2.7389 2.73945 2.74013 2.74093 2.74187 2.74298 2.74427 2.74576 2.74747 2.74944 2.75169 2.75424 2.75712 2.76036 2.76397 2.76798 2.7724 2.77726 2.78254 2.78826 2.79442 2.80099 2.80797 2.81532 2.82303 2.83104 2.83932 2.84781 2.85647 2.86522 2.87402 2.88278 2.89145 2.89996 2.90822 2.91619 2.92379 2.93095 2.93762 2.94374 2.94927 2.95414 2.95833 2.96179 2.9645 2.96644 2.96759 2.96793 2.96748 2.96623 2.96419 2.96138 2.95783 2.95357 2.94863 2.94305 2.93689 2.9302 2.92303 2.91545 2.90752 2.89931 2.89088 2.8823 2.87365 2.86498 2.85637 2.84786 2.83953 2.83143 2.82359 2.81607 2.80889 2.8021 2.7957 2.78972 2.78417 2.77906 2.77437 2.77012 2.76627 2.76283 2.75977 2.75707 2.75471 2.75268 2.75093 2.74945 2.74822 2.74722 2.74641 2.74578 2.74531 2.74499 2.7448 2.74473 2.74478 
2.73821 2.73846 2.73883 2.73931 2.73992 2.74067 2.74156 2.74262 2.74387 2.74533 2.74702 2.74897 2.7512 2.75376 2.75666 2.75993 2.7636 2.7677 2.77225 2.77726 2.78274 2.78871 2.79515 2.80208 2.80947 2.81729 2.82553 2.83415 2.84309 2.85232 2.86178 2.8714 2.88111 2.89085 2.90055 2.91013 2.91951 2.92862 2.93738 2.94573 2.9536 2.96091 2.96762 2.97366 2.97899 2.98357 2.98735 2.99031 2.99242 2.99366 2.99403 2.99353 2.99215 2.98992 2.98684 2.98295 2.97828 2.97286 2.96674 2.95998 2.95263 2.94474 2.9364 2.92765 2.91859 2.90928 2.89979 2.89021 2.8806 2.87103 2.86158 2.8523 2.84326 2.83451 2.8261 2.81806 2.81044 2.80326 2.79653 2.79028 2.78451 2.77921 2.77439 2.77003 2.76611 2.76263 2.75955 2.75685 2.75451 2.7525 2.75079 2.74936 2.74818 2.74722 2.74647 2.74591 2.7455 2.74525 2.74514 2.74515 
2.7386 2.73885 2.73924 2.73976 2.74043 2.74126 2.74226 2.74345 2.74485 2.74649 2.7484 2.75061 2.75314 2.75603 2.75931 2.76301 2.76716 2.77178 2.7769 2.78254 2.78871 2.7954 2.80263 2.81038 2.81863 2.82736 2.83654 2.84612 2.85605 2.86628 2.87674 2.88737 2.89808 2.90882 2.91948 2.93 2.94028 2.95026 2.95985 2.96897 2.97755 2.98553 2.99283 2.99941 3.0052 3.01017 3.01427 3.01748 3.01976 3.02111 3.02151 3.02096 3.01945 3.01702 3.01367 3.00943 3.00434 2.99844 2.99177 2.98439 2.97635 2.96773 2.9586 2.94902 2.93908 2.92885 2.91842 2.90787 2.89727 2.88671 2.87626 2.86599 2.85596 2.84625 2.83689 2.82795 2.81945 2.81142 2.8039 2.79689 2.79042 2.78446 2.77903 2.77411 2.76969 2.76574 2.76225 2.75918 2.75651 2.75421 2.75224 2.75059 2.74922 2.74811 2.74722 2.74655 2.74606 2.74574 2.74557 2.74555 
2.73902 2.73928 2.73969 2.74025 2.74099 2.7419 2.74302 2.74435 2.74592 2.74777 2.74992 2.7524 2.75525 2.7585 2.76219 2.76636 2.77102 2.77621 2.78195 2.78826 2.79515 2.80263 2.81069 2.81931 2.82848 2.83816 2.84832 2.85892 2.86988 2.88115 2.89266 2.90434 2.91609 2.92785 2.93951 2.95099 2.96221 2.97307 2.9835 2.99341 3.00272 3.01136 3.01927 3.02638 3.03264 3.038 3.04243 3.04589 3.04835 3.0498 3.05022 3.04962 3.04799 3.04536 3.04173 3.03715 3.03164 3.02524 3.01801 3.01 3.00128 2.99192 2.98198 2.97155 2.9607 2.94954 2.93813 2.92658 2.91496 2.90336 2.89187 2.88056 2.86951 2.85878 2.84844 2.83853 2.8291 2.82019 2.81182 2.80401 2.79678 2.79013 2.78405 2.77853 2.77356 2.76912 2.76517 2.7617 2.75868 2.75606 2.75382 2.75193 2.75036 2.74907 2.74804 2.74724 2.74665 2.74626 2.74604 2.74599 
2.73947 2.73973 2.74017 2.74079 2.74159 2.74261 2.74384 2.74533 2.74709 2.74915 2.75156 2.75434 2.75754 2.76118 2.76532 2.76998 2.77519 2.78098 2.78739 2.79442 2.80208 2.81038 2.81931 2.82885 2.83898 2.84967 2.86086 2.87251 2.88454 2.8969 2.90949 2.92225 2.93507 2.94787 2.96055 2.97302 2.98518 2.99694 3.00822 3.01892 3.02896 3.03827 3.04678 3.05443 3.06116 3.06692 3.07167 3.07537 3.07801 3.07956 3.08 3.07935 3.0776 3.07477 3.07088 3.06594 3.06001 3.05313 3.04534 3.03671 3.02729 3.01717 3.00642 2.99512 2.98337 2.97124 2.95884 2.94626 2.93359 2.92093 2.90837 2.89599 2.88387 2.87208 2.8607 2.84979 2.83938 2.82954 2.82027 2.81162 2.8036 2.7962 2.78943 2.78328 2.77772 2.77275 2.76833 2.76443 2.76102 2.75806 2.75553 2.75338 2.75158 2.75011 2.74892 2.74799 2.7473 2.74682 2.74655 2.74646 
2.73996 2.74023 2.74069 2.74136 2.74225 2.74336 2.74473 2.74639 2.74835 2.75065 2.75334 2.75644 2.76001 2.76408 2.76868 2.77387 2.77966 2.7861 2.7932 2.80099 2.80947 2.81863 2.82848 2.83898 2.85012 2.86184 2.87411 2.88684 2.89998 2.91345 2.92716 2.94102 2.95493 2.96879 2.9825 2.99597 3.00908 3.02175 3.03387 3.04536 3.05613 3.06611 3.07522 3.0834 3.09058 3.09673 3.1018 3.10575 3.10856 3.1102 3.11068 3.10998 3.10811 3.10509 3.10092 3.09565 3.08931 3.08194 3.0736 3.06434 3.05424 3.04336 3.0318 3.01963 3.00695 2.99386 2.98045 2.96683 2.9531 2.93935 2.92568 2.91219 2.89897 2.8861 2.87365 2.86168 2.85027 2.83944 2.82925 2.81971 2.81085 2.80267 2.79517 2.78834 2.78217 2.77664 2.7717 2.76735 2.76353 2.76021 2.75736 2.75494 2.7529 2.75122 2.74987 2.7488 2.74799 2.74743 2.74709 2.74697 
2.74048 2.74075 2.74125 2.74198 2.74295 2.74418 2.7457 2.74753 2.7497 2.75226 2.75525 2.7587 2.76266 2.76717 2.77228 2.77802 2.78444 2.79155 2.79939 2.80797 2.81729 2.82736 2.83816 2.84967 2.86184 2.87464 2.888 2.90186 2.91614 2.93074 2.94558 2.96056 2.97557 2.9905 3.00525 3.01971 3.03377 3.04734 3.0603 3.07257 3.08407 3.0947 3.1044 3.11309 3.12073 3.12726 3.13263 3.13682 3.1398 3.14154 3.14205 3.1413 3.13932 3.1361 3.13168 3.12608 3.11934 3.1115 3.10261 3.09274 3.08196 3.07034 3.05797 3.04494 3.03134 3.01728 3.00286 2.98819 2.97337 2.95852 2.94373 2.92912 2.91477 2.90077 2.88722 2.87418 2.86171 2.84988 2.83871 2.82825 2.81852 2.80952 2.80126 2.79372 2.7869 2.78077 2.7753 2.77046 2.76621 2.76251 2.75932 2.7566 2.75432 2.75242 2.75088 2.74966 2.74874 2.74808 2.74768 2.74751 
2.74104 2.74132 2.74185 2.74264 2.7437 2.74506 2.74673 2.74875 2.75115 2.75398 2.75728 2.7611 2.76548 2.77046 2.7761 2.78243 2.78949 2.79731 2.80592 2.81532 2.82553 2.83654 2.84832 2.86086 2.87411 2.888 2.90249 2.91749 2.93291 2.94867 2.96465 2.98076 2.99687 3.01287 3.02866 3.04411 3.05911 3.07356 3.08735 3.10039 3.11259 3.12386 3.13412 3.14332 3.15139 3.15829 3.16396 3.16838 3.17152 3.17336 3.17389 3.1731 3.17101 3.16762 3.16295 3.15703 3.1499 3.1416 3.13219 3.12173 3.11028 3.09794 3.08478 3.07089 3.05638 3.04136 3.02593 3.01021 2.99431 2.97834 2.96242 2.94667 2.93117 2.91604 2.90136 2.88722 2.87367 2.8608 2.84863 2.83721 2.82657 2.81672 2.80766 2.79939 2.79189 2.78514 2.77911 2.77376 2.76905 2.76495 2.7614 2.75837 2.75582 2.75369 2.75196 2.75058 2.74953 2.74878 2.7483 2.74809 
2.74163 2.74193 2.7425 2.74335 2.74451 2.74599 2.74782 2.75005 2.75269 2.75581 2.75945 2.76365 2.76846 2.77394 2.78013 2.78707 2.79481 2.80336 2.81277 2.82303 2.83415 2.84612 2.85892 2.87251 2.88684 2.90186 2.91749 2.93364 2.95023 2.96714 2.98427 3.0015 3.01871 3.03577 3.05258 3.069 3.08493 3.10024 3.11484 3.12862 3.1415 3.15338 3.1642 3.17388 3.18236 3.18961 3.19557 3.20021 3.2035 3.20543 3.20599 3.20516 3.20297 3.19941 3.1945 3.18829 3.18079 3.17206 3.16214 3.15111 3.13902 3.12597 3.11204 3.09732 3.08192 3.06595 3.04952 3.03276 3.01578 2.99871 2.98166 2.96475 2.94811 2.93182 2.916 2.90073 2.88609 2.87215 2.85895 2.84656 2.83498 2.82425 2.81437 2.80534 2.79713 2.78973 2.78311 2.77723 2.77205 2.76752 2.7636 2.76025 2.75741 2.75504 2.7531 2.75156 2.75037 2.74952 2.74897 2.74871 
2.74226 2.74257 2.74317 2.7441 2.74536 2.74698 2.74899 2.75142 2.75432 2.75774 2.76173 2.76633 2.7716 2.77759 2.78435 2.79193 2.80036 2.80968 2.8199 2.83104 2.84309 2.85605 2.86988 2.88454 2.89998 2.91614 2.93291 2.95023 2.96797 2.98604 3.00431 3.02265 3.04094 3.05906 3.07686 3.09424 3.11106 3.12721 3.14258 3.15708 3.1706 3.18307 3.19441 3.20454 3.21342 3.221 3.22722 3.23207 3.23551 3.23753 3.23811 3.23725 3.23496 3.23125 3.22613 3.21963 3.21179 3.20264 3.19225 3.18068 3.16799 3.15426 3.13958 3.12406 3.10779 3.0909 3.0735 3.05571 3.03766 3.01949 3.00132 2.98327 2.96546 2.94802 2.93105 2.91465 2.89889 2.88387 2.86963 2.85623 2.8437 2.83207 2.82135 2.81152 2.80259 2.79452 2.78729 2.78086 2.77518 2.77021 2.76591 2.76221 2.75908 2.75646 2.75431 2.75259 2.75126 2.7503 2.74967 2.74936 
2.74292 2.74324 2.74389 2.74489 2.74626 2.74802 2.75021 2.75286 2.75603 2.75976 2.76411 2.76913 2.77487 2.7814 2.78875 2.79698 2.80613 2.81622 2.82728 2.83932 2.85232 2.86628 2.88115 2.8969 2.91345 2.93074 2.94867 2.96714 2.98604 3.00525 3.02464 3.04408 3.06343 3.08256 3.10134 3.11963 3.13732 3.15427 3.17039 3.18556 3.1997 3.21272 3.22454 3.23511 3.24435 3.25223 3.25871 3.26375 3.26732 3.26942 3.27003 3.26914 3.26677 3.26291 3.2576 3.25084 3.24268 3.23316 3.22232 3.21024 3.19697 3.1826 3.16722 3.15092 3.13383 3.11604 3.09769 3.0789 3.05982 3.04056 3.02128 3.00209 2.98314 2.96455 2.94643 2.92888 2.91201 2.89589 2.8806 2.86618 2.85269 2.84014 2.82855 2.81792 2.80824 2.79949 2.79163 2.78463 2.77844 2.77302 2.76831 2.76426 2.76082 2.75794 2.75557 2.75367 2.75219 2.75111 2.75041 2.75005 
2.74362 2.74395 2.74464 2.74572 2.7472 2.74911 2.75148 2.75437 2.75781 2.76187 2.76659 2.77204 2.77827 2.78534 2.7933 2.8022 2.81208 2.82296 2.83487 2.84781 2.86178 2.87674 2.89266 2.90949 2.92716 2.94558 2.96465 2.98427 3.00431 3.02464 3.04513 3.06564 3.08602 3.10613 3.12585 3.14502 3.16353 3.18125 3.19806 3.21387 3.22859 3.24212 3.2544 3.26535 3.27494 3.2831 3.2898 3.29502 3.29872 3.30089 3.30153 3.30062 3.29817 3.29419 3.28869 3.2817 3.27325 3.26338 3.25214 3.23958 3.22578 3.21081 3.19476 3.17773 3.15984 3.1412 3.12194 3.10219 3.08209 3.06178 3.04141 3.02111 3.00103 2.98129 2.96203 2.94335 2.92536 2.90815 2.89179 2.87636 2.86189 2.84841 2.83595 2.8245 2.81406 2.80461 2.79611 2.78853 2.78182 2.77593 2.7708 2.76639 2.76263 2.75948 2.75688 2.75479 2.75316 2.75197 2.75118 2.75077 
2.74434 2.74468 2.74542 2.74658 2.74817 2.75024 2.75281 2.75593 2.75966 2.76405 2.76915 2.77504 2.78176 2.78939 2.79797 2.80755 2.81816 2.82985 2.84261 2.85647 2.8714 2.88737 2.90434 2.92225 2.94102 2.96056 2.98076 3.0015 3.02265 3.04408 3.06564 3.08718 3.10855 3.12961 3.15022 3.17023 3.18951 3.20795 3.22542 3.24182 3.25707 3.27107 3.28376 3.29508 3.30497 3.31338 3.32029 3.32567 3.32948 3.33172 3.33238 3.33146 3.32894 3.32485 3.3192 3.31201 3.3033 3.29311 3.2815 3.26851 3.25421 3.23869 3.22202 3.20431 3.18567 3.16622 3.14608 3.12541 3.10433 3.08301 3.06158 3.04019 3.019 2.99814 2.97775 2.95795 2.93885 2.92056 2.90314 2.88668 2.87123 2.85682 2.84348 2.83121 2.82 2.80984 2.80069 2.79252 2.78528 2.77891 2.77336 2.76858 2.7645 2.76107 2.75824 2.75595 2.75417 2.75285 2.75198 2.75151 
2.74509 2.74544 2.74623 2.74747 2.74918 2.7514 2.75417 2.75754 2.76155 2.76628 2.77178 2.77811 2.78534 2.79352 2.80273 2.81299 2.82435 2.83683 2.85046 2.86522 2.88111 2.89808 2.91609 2.93507 2.95493 2.97557 2.99687 3.01871 3.04094 3.06343 3.08602 3.10855 3.13087 3.15283 3.17428 3.19508 3.21509 3.23419 3.25227 3.26922 3.28495 3.29938 3.31245 3.32408 3.33424 3.34289 3.34998 3.3555 3.35941 3.36172 3.3624 3.36146 3.3589 3.35472 3.34893 3.34156 3.33262 3.32216 3.31021 3.29683 3.28209 3.26605 3.24881 3.23047 3.21113 3.19091 3.16996 3.1484 3.1264 3.10409 3.08164 3.05921 3.03694 3.01499 2.99349 2.97259 2.9524 2.93303 2.91457 2.89709 2.88067 2.86533 2.8511 2.83801 2.82603 2.81515 2.80535 2.79658 2.7888 2.78195 2.77598 2.77082 2.76641 2.7627 2.75963 2.75714 2.7552 2.75377 2.7528 2.75229 
2.74585 2.74622 2.74706 2.74838 2.75022 2.7526 2.75557 2.75918 2.76348 2.76855 2.77444 2.78122 2.78896 2.79771 2.80754 2.81848 2.83059 2.84387 2.85835 2.87402 2.89085 2.90882 2.92785 2.94787 2.96879 2.9905 3.01287 3.03577 3.05906 3.08256 3.10613 3.12961 3.15283 3.17564 3.19788 3.21941 3.2401 3.25981 3.27844 3.29588 3.31205 3.32687 3.34026 3.35219 3.36259 3.37143 3.37868 3.38432 3.38833 3.39069 3.3914 3.39045 3.38785 3.38359 3.37769 3.37016 3.36103 3.35033 3.33809 3.32437 3.30923 3.29273 3.27497 3.25604 3.23605 3.21513 3.1934 3.17102 3.14813 3.12489 3.10147 3.07802 3.05472 3.0317 3.00914 2.98716 2.96591 2.94548 2.92599 2.90752 2.89012 2.87386 2.85877 2.84485 2.8321 2.82051 2.81006 2.80069 2.79237 2.78504 2.77863 2.77309 2.76835 2.76436 2.76104 2.75836 2.75626 2.7547 2.75364 2.75308 
2.74663 2.74701 2.7479 2.74931 2.75127 2.75381 2.75698 2.76084 2.76544 2.77085 2.77714 2.78437 2.79261 2.80192 2.81237 2.82399 2.83683 2.8509 2.86623 2.88278 2.90055 2.91948 2.93951 2.96055 2.9825 3.00525 3.02866 3.05258 3.07686 3.10134 3.12585 3.15022 3.17428 3.19788 3.22086 3.24306 3.26437 3.28464 3.30377 3.32165 3.33821 3.35337 3.36705 3.37922 3.38983 3.39884 3.40623 3.41198 3.41606 3.41847 3.41921 3.41826 3.41562 3.4113 3.40531 3.39766 3.38837 3.37746 3.36497 3.35095 3.33545 3.31855 3.30032 3.28086 3.26028 3.2387 3.21627 3.19311 3.16939 3.14527 3.12092 3.09651 3.07221 3.04818 3.02458 3.00157 2.97927 2.95782 2.93732 2.91787 2.89953 2.88237 2.86641 2.85168 2.83817 2.82588 2.81477 2.80482 2.79596 2.78814 2.7813 2.77538 2.77031 2.76603 2.76248 2.75959 2.75733 2.75564 2.7545 2.75388 
2.74742 2.74782 2.74875 2.75024 2.75232 2.75503 2.7584 2.76251 2.7674 2.77315 2.77983 2.78751 2.79625 2.80612 2.81718 2.82947 2.84303 2.85788 2.87403 2.89145 2.91013 2.93 2.95099 2.97302 2.99597 3.01971 3.04411 3.069 3.09424 3.11963 3.14502 3.17023 3.19508 3.21941 3.24306 3.26589 3.28775 3.30853 3.3281 3.34638 3.36328 3.37873 3.39266 3.40504 3.41582 3.42498 3.43248 3.43831 3.44246 3.44492 3.44568 3.44473 3.44207 3.43771 3.43165 3.4239 3.41448 3.4034 3.3907 3.37643 3.36062 3.34336 3.32472 3.30478 3.28367 3.26149 3.2384 3.21452 3.19003 3.16509 3.13987 3.11455 3.0893 3.0643 3.03971 3.0157 2.9924 2.96996 2.94849 2.92808 2.90882 2.89077 2.87397 2.85844 2.84419 2.83121 2.81946 2.80892 2.79953 2.79123 2.78397 2.77767 2.77227 2.76771 2.76391 2.76083 2.7584 2.75659 2.75537 2.75469 
2.74821 2.74862 2.7496 2.75118 2.75338 2.75625 2.75982 2.76417 2.76935 2.77544 2.78251 2.79062 2.79985 2.81027 2.82193 2.83487 2.84914 2.86474 2.88169 2.89996 2.91951 2.94028 2.96221 2.98518 3.00908 3.03377 3.05911 3.08493 3.11106 3.13732 3.16353 3.18951 3.21509 3.2401 3.26437 3.28775 3.31012 3.33134 3.35131 3.36993 3.38712 3.40282 3.41696 3.42952 3.44044 3.44971 3.45731 3.46321 3.46742 3.46991 3.47069 3.46975 3.46708 3.46269 3.45658 3.44876 3.43923 3.42802 3.41515 3.40066 3.3846 3.36702 3.34802 3.32766 3.30607 3.28335 3.25966 3.23513 3.20992 3.18421 3.15818 3.132 3.10586 3.07994 3.05441 3.02945 3.0052 2.9818 2.95939 2.93807 2.91792 2.89902 2.8814 2.8651 2.85012 2.83646 2.82409 2.81297 2.80306 2.79429 2.78661 2.77994 2.77422 2.76937 2.76534 2.76206 2.75948 2.75754 2.75623 2.7555 
2.74899 2.74941 2.75045 2.75211 2.75443 2.75745 2.76122 2.76581 2.77128 2.77769 2.78514 2.79368 2.80339 2.81433 2.82657 2.84015 2.8551 2.87143 2.88915 2.90822 2.92862 2.95026 2.97307 2.99694 3.02175 3.04734 3.07356 3.10024 3.12721 3.15427 3.18125 3.20795 3.23419 3.25981 3.28464 3.30853 3.33134 3.35295 3.37326 3.39218 3.40962 3.42552 3.43984 3.45254 3.46358 3.47294 3.4806 3.48657 3.49081 3.49334 3.49414 3.49321 3.49054 3.48614 3.48 3.47212 3.46252 3.4512 3.4382 3.42353 3.40726 3.38942 3.3701 3.34937 3.32736 3.30416 3.27992 3.2548 3.22894 3.20252 3.17573 3.14876 3.12178 3.095 3.06858 3.04272 3.01756 2.99326 2.96996 2.94776 2.92676 2.90703 2.88862 2.87158 2.8559 2.84158 2.8286 2.81693 2.80651 2.79729 2.7892 2.78217 2.77613 2.77101 2.76675 2.76327 2.76054 2.75848 2.75708 2.7563 
2.74975 2.75019 2.75128 2.75302 2.75546 2.75863 2.7626 2.76741 2.77315 2.77989 2.7877 2.79665 2.80682 2.81828 2.83108 2.84526 2.86086 2.87789 2.89634 2.91619 2.93738 2.95985 2.9835 3.00822 3.03387 3.0603 3.08735 3.11484 3.14258 3.17039 3.19806 3.22542 3.25227 3.27844 3.30377 3.3281 3.35131 3.37326 3.39387 3.41303 3.43068 3.44675 3.46121 3.47401 3.48514 3.49457 3.50229 3.5083 3.51258 3.51513 3.51595 3.51503 3.51237 3.50797 3.50181 3.4939 3.48425 3.47286 3.45975 3.44495 3.42849 3.41044 3.39085 3.36981 3.34742 3.3238 3.29908 3.27341 3.24696 3.2199 3.19242 3.1647 3.13696 3.10937 3.08213 3.05541 3.02941 3.00426 2.9801 2.95707 2.93526 2.91475 2.89559 2.87783 2.86148 2.84654 2.83298 2.82077 2.80986 2.8002 2.79172 2.78434 2.77799 2.77261 2.76812 2.76446 2.76157 2.7594 2.75792 2.75709 
2.7505 2.75095 2.75208 2.7539 2.75645 2.75977 2.76392 2.76896 2.77497 2.78201 2.79017 2.79951 2.81013 2.82207 2.8354 2.85016 2.86638 2.88407 2.90321 2.92379 2.94573 2.96897 2.99341 3.01892 3.04536 3.07257 3.10039 3.12862 3.15708 3.18556 3.21387 3.24182 3.26922 3.29588 3.32165 3.34638 3.36993 3.39218 3.41303 3.4324 3.45021 3.46642 3.48099 3.49388 3.50507 3.51455 3.52231 3.52834 3.53265 3.53522 3.53606 3.53516 3.53251 3.52811 3.52195 3.51403 3.50435 3.49291 3.47973 3.46482 3.44823 3.42999 3.41018 3.38887 3.36616 3.34216 3.31702 3.29087 3.26388 3.23624 3.20812 3.17974 3.15128 3.12295 3.09494 3.06744 3.04064 3.01469 2.98975 2.96593 2.94336 2.92211 2.90225 2.88381 2.86683 2.85129 2.83717 2.82446 2.81308 2.803 2.79414 2.78643 2.77979 2.77415 2.76945 2.76561 2.76257 2.7603 2.75873 2.75786 
2.75121 2.75168 2.75286 2.75475 2.75741 2.76087 2.76519 2.77045 2.7767 2.78403 2.79252 2.80224 2.81327 2.82567 2.8395 2.8548 2.8716 2.8899 2.9097 2.93095 2.9536 2.97755 3.00272 3.02896 3.05613 3.08407 3.11259 3.1415 3.1706 3.1997 3.22859 3.25707 3.28495 3.31205 3.33821 3.36328 3.38712 3.40962 3.43068 3.45021 3.46816 3.48448 3.49912 3.51207 3.52331 3.53282 3.5406 3.54666 3.55099 3.55358 3.55443 3.55355 3.55092 3.54653 3.54038 3.53246 3.52277 3.5113 3.49807 3.48308 3.46638 3.448 3.42801 3.40647 3.38349 3.35917 3.33365 3.30707 3.27961 3.25144 3.22276 3.19376 3.16466 3.13564 3.10693 3.07872 3.05118 3.02449 2.99881 2.97428 2.95099 2.92905 2.90853 2.88946 2.87188 2.85578 2.84115 2.82795 2.81614 2.80566 2.79644 2.78841 2.7815 2.77562 2.77072 2.76671 2.76353 2.76115 2.75951 2.75859 
2.75189 2.75237 2.75359 2.75556 2.75831 2.76191 2.76639 2.77184 2.77833 2.78593 2.79473 2.8048 2.81621 2.82904 2.84333 2.85914 2.87648 2.89535 2.91575 2.93762 2.96091 2.98553 3.01136 3.03827 3.06611 3.0947 3.12386 3.15338 3.18307 3.21272 3.24212 3.27107 3.29938 3.32687 3.35337 3.37873 3.40282 3.42552 3.44675 3.46642 3.48448 3.50087 3.51558 3.52856 3.53983 3.54936 3.55716 3.56322 3.56756 3.57017 3.57104 3.57017 3.56756 3.56319 3.55706 3.54916 3.53946 3.52798 3.51472 3.49969 3.48291 3.46442 3.44427 3.42255 3.39933 3.37473 3.34889 3.32194 3.29406 3.26543 3.23624 3.20669 3.177 3.14738 3.11803 3.08915 3.06095 3.03359 3.00723 2.98203 2.95809 2.93552 2.91438 2.89473 2.8766 2.85998 2.84487 2.83122 2.81901 2.80816 2.79861 2.79028 2.78311 2.77701 2.77191 2.76774 2.76444 2.76196 2.76025 2.75929 
2.75252 2.75302 2.75427 2.75631 2.75916 2.76287 2.76751 2.77314 2.77985 2.7877 2.79677 2.80716 2.81893 2.83215 2.84687 2.86314 2.88097 2.90036 2.9213 2.94374 2.96762 2.99283 3.01927 3.04678 3.07522 3.1044 3.13412 3.1642 3.19441 3.22454 3.2544 3.28376 3.31245 3.34026 3.36705 3.39266 3.41696 3.43984 3.46121 3.48099 3.49912 3.51558 3.53032 3.54333 3.55461 3.56415 3.57195 3.57802 3.58237 3.58498 3.58587 3.58502 3.58243 3.57809 3.57198 3.56409 3.55441 3.54294 3.52966 3.5146 3.49776 3.47918 3.45892 3.43704 3.41363 3.3888 3.36267 3.3354 3.30716 3.27812 3.24848 3.21845 3.18824 3.15806 3.12814 3.09868 3.06987 3.0419 3.01494 2.98913 2.9646 2.94145 2.91976 2.89958 2.88094 2.86385 2.84829 2.83424 2.82165 2.81046 2.80061 2.79201 2.7846 2.7783 2.77302 2.7687 2.76529 2.76271 2.76094 2.75994 
2.7531 2.75361 2.7549 2.75699 2.75993 2.76375 2.76853 2.77433 2.78123 2.7893 2.79864 2.80931 2.8214 2.83497 2.85008 2.86676 2.88503 2.90489 2.92632 2.94927 2.97366 2.99941 3.02638 3.05443 3.0834 3.11309 3.14332 3.17388 3.20454 3.23511 3.26535 3.29508 3.32408 3.35219 3.37922 3.40504 3.42952 3.45254 3.47401 3.49388 3.51207 3.52856 3.54333 3.55635 3.56764 3.57718 3.58498 3.59105 3.5954 3.59802 3.59892 3.59809 3.59553 3.59121 3.58513 3.57727 3.56761 3.55614 3.54287 3.52778 3.5109 3.49226 3.47191 3.4499 3.42633 3.4013 3.37494 3.3474 3.31884 3.28944 3.25941 3.22896 3.19829 3.16764 3.13721 3.10723 3.07789 3.04938 3.02187 2.99553 2.97047 2.94681 2.92462 2.90396 2.88487 2.86735 2.8514 2.83698 2.82405 2.81256 2.80243 2.79359 2.78596 2.77947 2.77403 2.76958 2.76606 2.7634 2.76157 2.76053 
2.75363 2.75415 2.75547 2.75761 2.76062 2.76454 2.76944 2.77539 2.78246 2.79073 2.8003 2.81123 2.8236 2.83748 2.85292 2.86996 2.88862 2.90889 2.93075 2.95414 2.97899 3.0052 3.03264 3.06116 3.09058 3.12073 3.15139 3.18236 3.21342 3.24435 3.27494 3.30497 3.33424 3.36259 3.38983 3.41582 3.44044 3.46358 3.48514 3.50507 3.52331 3.53983 3.55461 3.56764 3.57892 3.58845 3.59625 3.60232 3.60667 3.6093 3.61021 3.6094 3.60685 3.60256 3.59651 3.58867 3.57904 3.56759 3.55432 3.53922 3.52232 3.50363 3.48321 3.4611 3.4374 3.41221 3.38565 3.35787 3.32905 3.29935 3.26899 3.23817 3.20711 3.17604 3.14518 3.11474 3.08493 3.05596 3.02798 3.00117 2.97565 2.95153 2.92891 2.90783 2.88834 2.87045 2.85415 2.83941 2.82618 2.81442 2.80405 2.79499 2.78717 2.78051 2.77494 2.77037 2.76675 2.76402 2.76214 2.76107 
2.75409 2.75461 2.75596 2.75815 2.76123 2.76523 2.77024 2.77631 2.78353 2.79198 2.80173 2.81288 2.8255 2.83965 2.85538 2.87273 2.89172 2.91233 2.93456 2.95833 2.98357 3.01017 3.038 3.06692 3.09673 3.12726 3.15829 3.18961 3.221 3.25223 3.2831 3.31338 3.34289 3.37143 3.39884 3.42498 3.44971 3.47294 3.49457 3.51455 3.53282 3.54936 3.56415 3.57718 3.58845 3.59798 3.60577 3.61184 3.61619 3.61882 3.61974 3.61895 3.61642 3.61216 3.60613 3.59832 3.58871 3.57727 3.56401 3.54892 3.532 3.51328 3.49279 3.47061 3.4468 3.42148 3.39476 3.36679 3.33774 3.30779 3.27715 3.24602 3.21463 3.18321 3.15198 3.12116 3.09097 3.06159 3.03321 3.006 2.98009 2.95559 2.93259 2.91116 2.89133 2.87312 2.85652 2.8415 2.82802 2.81603 2.80545 2.7962 2.78822 2.78142 2.77572 2.77106 2.76735 2.76456 2.76263 2.76154 
2.75447 2.75501 2.75638 2.75861 2.76174 2.76582 2.77091 2.77709 2.78443 2.79302 2.80294 2.81427 2.82708 2.84145 2.85742 2.87502 2.89428 2.91519 2.93771 2.96179 2.98735 3.01427 3.04243 3.07167 3.1018 3.13263 3.16396 3.19557 3.22722 3.25871 3.2898 3.32029 3.34998 3.37868 3.40623 3.43248 3.45731 3.4806 3.50229 3.52231 3.5406 3.55716 3.57195 3.58498 3.59625 3.60577 3.61356 3.61962 3.62397 3.62661 3.62754 3.62675 3.62425 3.62 3.614 3.60621 3.59662 3.5852 3.57195 3.55685 3.53992 3.52117 3.50065 3.4784 3.45451 3.42908 3.40223 3.3741 3.34487 3.31472 3.28385 3.25248 3.22082 3.18912 3.15759 3.12646 3.09594 3.06624 3.03754 3.01 2.98376 2.95895 2.93565 2.91392 2.89381 2.87534 2.85849 2.84325 2.82956 2.81737 2.80662 2.79722 2.7891 2.78218 2.77639 2.77163 2.76786 2.76502 2.76305 2.76193 
2.75479 2.75533 2.75671 2.75897 2.76215 2.76628 2.77144 2.7777 2.78514 2.79384 2.80389 2.81536 2.82833 2.84287 2.85902 2.87683 2.8963 2.91743 2.94018 2.9645 2.99031 3.01748 3.04589 3.07537 3.10575 3.13682 3.16838 3.20021 3.23207 3.26375 3.29502 3.32567 3.3555 3.38432 3.41198 3.43831 3.46321 3.48657 3.5083 3.52834 3.54666 3.56322 3.57802 3.59105 3.60232 3.61184 3.61962 3.62568 3.63003 3.63267 3.63361 3.63284 3.63034 3.62611 3.62012 3.61235 3.60277 3.59137 3.57813 3.56303 3.54609 3.52732 3.50676 3.48446 3.4605 3.43499 3.40804 3.37979 3.35042 3.32011 3.28907 3.2575 3.22564 3.19371 3.16195 3.13058 3.09982 3.06986 3.04091 3.01312 2.98663 2.96158 2.93804 2.91609 2.89576 2.87708 2.86005 2.84462 2.83077 2.81843 2.80754 2.79803 2.7898 2.78279 2.77691 2.77209 2.76827 2.76538 2.76339 2.76225 
2.75502 2.75557 2.75697 2.75925 2.76245 2.76662 2.77184 2.77816 2.78566 2.79445 2.80458 2.81615 2.82924 2.8439 2.86018 2.87813 2.89775 2.91903 2.94195 2.96644 2.99242 3.01976 3.04835 3.07801 3.10856 3.1398 3.17152 3.2035 3.23551 3.26732 3.29872 3.32948 3.35941 3.38833 3.41606 3.44246 3.46742 3.49081 3.51258 3.53265 3.55099 3.56756 3.58237 3.5954 3.60667 3.61619 3.62397 3.63003 3.63438 3.63702 3.63797 3.6372 3.63472 3.63049 3.62452 3.61675 3.60719 3.59579 3.58254 3.56744 3.55049 3.5317 3.51111 3.48878 3.46477 3.43919 3.41217 3.38384 3.35437 3.32394 3.29277 3.26107 3.22906 3.19698 3.16505 3.13351 3.10257 3.07244 3.04331 3.01534 2.98868 2.96345 2.93975 2.91764 2.89716 2.87834 2.86116 2.84561 2.83164 2.8192 2.80822 2.79861 2.79031 2.78324 2.7773 2.77243 2.76857 2.76566 2.76364 2.76249 
2.75517 2.75572 2.75713 2.75942 2.76264 2.76684 2.77208 2.77844 2.78599 2.79482 2.80501 2.81664 2.82979 2.84452 2.86088 2.87891 2.89861 2.91999 2.943 2.96759 2.99366 3.02111 3.0498 3.07956 3.1102 3.14154 3.17336 3.20543 3.23753 3.26942 3.30089 3.33172 3.36172 3.39069 3.41847 3.44492 3.46991 3.49334 3.51513 3.53522 3.55358 3.57017 3.58498 3.59802 3.6093 3.61882 3.62661 3.63267 3.63702 3.63967 3.64062 3.63986 3.63737 3.63316 3.62718 3.61942 3.60985 3.59845 3.5852 3.57009 3.55313 3.53432 3.51371 3.49134 3.4673 3.44168 3.41461 3.38622 3.35668 3.32619 3.29495 3.26316 3.23107 3.19889 3.16687 3.13523 3.10419 3.07396 3.04472 3.01665 2.98989 2.96456 2.94076 2.91856 2.898 2.87909 2.86184 2.84621 2.83218 2.81967 2.80863 2.79898 2.79063 2.78351 2.77754 2.77265 2.76876 2.76583 2.7638 2.76265 
