0.240157 0.240947 0.241636 0.242191 0.242605 0.242892 0.243079 0.243193 0.243259 0.243296 0.243314 0.243324 0.243328 0.24333 0.243331 0.243331 0.243332 0.243332 0.243332 0.243332 0.243332 0.243332 0.243332 0.243332 0.243332 0.243332 0.243332 0.243332 0.243332 0.243332 0.243332 0.243332 0.243332 0.243332 0.243332 0.243332 0.243332 0.243332 0.243332 0.243332 0.243332 0.243332 0.243332 0.243332 0.243332 0.243332 0.243332 0.243332 0.243332 0.243332 0.243332 0.243332 0.243332 0.243332 0.243332 0.243332 0.243332 0.243332 0.243332 0.243332 0.243332 0.243332 0.243332 0.243332 0.243332 0.243332 0.243332 0.243332 0.243332 0.243332 0.243332 0.243332 0.243332 0.243332 0.243332 0.243332 0.243332 0.243332 0.243332 0.243332 0.243332 0.243332 0.243332 0.243332 0.243332 0.243332 0.243332 0.243332 0.243333 0.243336 0.243343 0.243362 0.243405 0.243492 0.243652 0.243921 0.244327 0.244885 0.245581 0.246371 
0.240947 0.241735 0.242422 0.242976 0.243389 0.243677 0.243864 0.243979 0.244045 0.244081 0.2441 0.24411 0.244114 0.244116 0.244117 0.244117 0.244118 0.244118 0.244118 0.244118 0.244118 0.244118 0.244118 0.244118 0.244118 0.244118 0.244118 0.244118 0.244118 0.244118 0.244118 0.244118 0.244118 0.244118 0.244118 0.244118 0.244118 0.244118 0.244118 0.244118 0.244118 0.244118 0.244118 0.244118 0.244118 0.244118 0.244118 0.244118 0.244118 0.244118 0.244118 0.244118 0.244118 0.244118 0.244118 0.244118 0.244118 0.244118 0.244118 0.244118 0.244118 0.244118 0.244118 0.244118 0.244118 0.244118 0.244118 0.244118 0.244118 0.244118 0.244118 0.244118 0.244118 0.244118 0.244118 0.244118 0.244118 0.244118 0.244118 0.244118 0.244118 0.244118 0.244118 0.244118 0.244118 0.244118 0.244118 0.244118 0.244119 0.244122 0.244129 0.244149 0.244191 0.244279 0.24444 0.244709 0.245115 0.245671 0.246365 0.247153 
0.241636 0.242422 0.243108 0.243661 0.244074 0.244362 0.24455 0.244665 0.244731 0.244768 0.244787 0.244796 0.244801 0.244803 0.244804 0.244804 0.244804 0.244804 0.244804 0.244804 0.244804 0.244804 0.244804 0.244804 0.244804 0.244804 0.244804 0.244804 0.244804 0.244804 0.244804 0.244804 0.244804 0.244804 0.244804 0.244804 0.244804 0.244804 0.244804 0.244804 0.244804 0.244804 0.244804 0.244804 0.244804 0.244804 0.244804 0.244804 0.244804 0.244804 0.244804 0.244804 0.244804 0.244804 0.244804 0.244804 0.244804 0.244804 0.244804 0.244804 0.244804 0.244804 0.244804 0.244804 0.244804 0.244804 0.244804 0.244804 0.244804 0.244804 0.244804 0.244804 0.244804 0.244804 0.244804 0.244804 0.244804 0.244804 0.244804 0.244804 0.244804 0.244804 0.244804 0.244804 0.244804 0.244804 0.244804 0.244805 0.244806 0.244808 0.244816 0.244836 0.244879 0.244967 0.245128 0.245397 0.245803 0.246359 0.247051 0.247837 
0.242191 0.242976 0.243661 0.244214 0.244627 0.244915 0.245103 0.245218 0.245285 0.245321 0.24534 0.24535 0.245355 0.245357 0.245358 0.245358 0.245358 0.245358 0.245358 0.245358 0.245358 0.245358 0.245358 0.245358 0.245358 0.245358 0.245358 0.245358 0.245358 0.245358 0.245358 0.245358 0.245358 0.245358 0.245358 0.245358 0.245358 0.245358 0.245358 0.245358 0.245358 0.245358 0.245358 0.245358 0.245358 0.245358 0.245358 0.245358 0.245358 0.245358 0.245358 0.245358 0.245358 0.245358 0.245358 0.245358 0.245358 0.245358 0.245358 0.245358 0.245358 0.245358 0.245358 0.245358 0.245358 0.245358 0.245358 0.245358 0.245358 0.245358 0.245358 0.245358 0.245358 0.245358 0.245358 0.245358 0.245358 0.245358 0.245358 0.245358 0.245358 0.245358 0.245358 0.245358 0.245358 0.245358 0.245358 0.245359 0.24536 0.245363 0.24537 0.24539 0.245433 0.245521 0.245683 0.245952 0.246358 0.246914 0.247606 0.248391 
0.242605 0.243389 0.244074 0.244627 0.24504 0.245328 0.245517 0.245632 0.245699 0.245736 0.245755 0.245765 0.245769 0.245771 0.245772 0.245773 0.245773 0.245773 0.245773 0.245773 0.245773 0.245773 0.245773 0.245773 0.245773 0.245773 0.245773 0.245773 0.245773 0.245773 0.245773 0.245773 0.245773 0.245773 0.245773 0.245773 0.245773 0.245773 0.245773 0.245773 0.245773 0.245773 0.245773 0.245773 0.245773 0.245773 0.245773 0.245773 0.245773 0.245773 0.245773 0.245773 0.245773 0.245773 0.245773 0.245773 0.245773 0.245773 0.245773 0.245773 0.245773 0.245773 0.245773 0.245773 0.245773 0.245773 0.245773 0.245773 0.245773 0.245773 0.245773 0.245773 0.245773 0.245773 0.245773 0.245773 0.245773 0.245773 0.245773 0.245773 0.245773 0.245773 0.245773 0.245773 0.245773 0.245773 0.245773 0.245773 0.245774 0.245777 0.245785 0.245805 0.245849 0.245937 0.246099 0.246369 0.246775 0.247331 0.248023 0.248807 
0.242892 0.243677 0.244362 0.244915 0.245328 0.245617 0.245805 0.245921 0.245988 0.246025 0.246044 0.246054 0.246059 0.246061 0.246062 0.246062 0.246062 0.246062 0.246062 0.246062 0.246062 0.246062 0.246062 0.246062 0.246062 0.246062 0.246062 0.246062 0.246062 0.246062 0.246062 0.246062 0.246062 0.246062 0.246062 0.246062 0.246062 0.246062 0.246062 0.246062 0.246062 0.246062 0.246062 0.246062 0.246062 0.246062 0.246062 0.246062 0.246062 0.246062 0.246062 0.246062 0.246062 0.246062 0.246062 0.246062 0.246062 0.246062 0.246062 0.246062 0.246062 0.246062 0.246062 0.246062 0.246062 0.246062 0.246062 0.246062 0.246062 0.246062 0.246062 0.246062 0.246062 0.246062 0.246062 0.246062 0.246062 0.246062 0.246062 0.246062 0.246062 0.246062 0.246062 0.246062 0.246062 0.246062 0.246063 0.246063 0.246064 0.246067 0.246075 0.246094 0.246138 0.246227 0.24639 0.24666 0.247066 0.247622 0.248314 0.249099 
0.243079 0.243864 0.24455 0.245103 0.245517 0.245805 0.245994 0.24611 0.246177 0.246214 0.246234 0.246243 0.246248 0.24625 0.246251 0.246251 0.246252 0.246252 0.246252 0.246252 0.246252 0.246252 0.246252 0.246252 0.246252 0.246252 0.246252 0.246252 0.246252 0.246252 0.246252 0.246252 0.246252 0.246252 0.246252 0.246252 0.246252 0.246252 0.246252 0.246252 0.246252 0.246252 0.246252 0.246252 0.246252 0.246252 0.246252 0.246252 0.246252 0.246252 0.246252 0.246252 0.246252 0.246252 0.246252 0.246252 0.246252 0.246252 0.246252 0.246252 0.246252 0.246252 0.246252 0.246252 0.246252 0.246252 0.246252 0.246252 0.246252 0.246252 0.246252 0.246252 0.246252 0.246252 0.246252 0.246252 0.246252 0.246252 0.246252 0.246252 0.246252 0.246252 0.246252 0.246252 0.246252 0.246252 0.246252 0.246252 0.246253 0.246256 0.246264 0.246284 0.246328 0.246417 0.246579 0.24685 0.247257 0.247813 0.248505 0.24929 
0.243193 0.243979 0.244665 0.245218 0.245632 0.245921 0.24611 0.246226 0.246293 0.24633 0.24635 0.24636 0.246364 0.246366 0.246367 0.246368 0.246368 0.246368 0.246368 0.246368 0.246368 0.246368 0.246368 0.246368 0.246368 0.246368 0.246368 0.246368 0.246368 0.246368 0.246368 0.246368 0.246368 0.246368 0.246368 0.246368 0.246368 0.246368 0.246368 0.246368 0.246368 0.246368 0.246368 0.246368 0.246368 0.246368 0.246368 0.246368 0.246368 0.246368 0.246368 0.246368 0.246368 0.246368 0.246368 0.246368 0.246368 0.246368 0.246368 0.246368 0.246368 0.246368 0.246368 0.246368 0.246368 0.246368 0.246368 0.246368 0.246368 0.246368 0.246368 0.246368 0.246368 0.246368 0.246368 0.246368 0.246368 0.246368 0.246368 0.246368 0.246368 0.246368 0.246368 0.246368 0.246368 0.246368 0.246368 0.246368 0.246369 0.246372 0.24638 0.2464 0.246444 0.246533 0.246696 0.246967 0.247374 0.247931 0.248623 0.249408 
0.243259 0.244045 0.244731 0.245285 0.245699 0.245988 0.246177 0.246293 0.246361 0.246398 0.246417 0.246427 0.246432 0.246434 0.246435 0.246435 0.246435 0.246436 0.246436 0.246436 0.246436 0.246436 0.246436 0.246436 0.246436 0.246436 0.246436 0.246436 0.246436 0.246436 0.246436 0.246436 0.246436 0.246436 0.246436 0.246436 0.246436 0.246436 0.246436 0.246436 0.246436 0.246436 0.246436 0.246436 0.246436 0.246436 0.246436 0.246436 0.246436 0.246436 0.246436 0.246436 0.246436 0.246436 0.246436 0.246436 0.246436 0.246436 0.246436 0.246436 0.246436 0.246436 0.246436 0.246436 0.246436 0.246436 0.246436 0.246436 0.246436 0.246436 0.246436 0.246436 0.246436 0.246436 0.246436 0.246436 0.246436 0.246436 0.246436 0.246436 0.246436 0.246436 0.246436 0.246436 0.246436 0.246436 0.246436 0.246436 0.246437 0.24644 0.246448 0.246468 0.246512 0.246601 0.246764 0.247035 0.247442 0.247999 0.248692 0.249477 
0.243296 0.244081 0.244768 0.245321 0.245736 0.246025 0.246214 0.24633 0.246398 0.246435 0.246455 0.246464 0.246469 0.246471 0.246472 0.246473 0.246473 0.246473 0.246473 0.246473 0.246473 0.246473 0.246473 0.246473 0.246473 0.246473 0.246473 0.246473 0.246473 0.246473 0.246473 0.246473 0.246473 0.246473 0.246473 0.246473 0.246473 0.246473 0.246473 0.246473 0.246473 0.246473 0.246473 0.246473 0.246473 0.246473 0.246473 0.246473 0.246473 0.246473 0.246473 0.246473 0.246473 0.246473 0.246473 0.246473 0.246473 0.246473 0.246473 0.246473 0.246473 0.246473 0.246473 0.246473 0.246473 0.246473 0.246473 0.246473 0.246473 0.246473 0.246473 0.246473 0.246473 0.246473 0.246473 0.246473 0.246473 0.246473 0.246473 0.246473 0.246473 0.246473 0.246473 0.246473 0.246473 0.246473 0.246473 0.246473 0.246474 0.246477 0.246485 0.246505 0.246549 0.246638 0.246802 0.247072 0.24748 0.248037 0.24873 0.249516 
0.243314 0.2441 0.244787 0.24534 0.245755 0.246044 0.246234 0.24635 0.246417 0.246455 0.246474 0.246484 0.246488 0.246491 0.246492 0.246492 0.246492 0.246492 0.246492 0.246492 0.246492 0.246492 0.246492 0.246492 0.246492 0.246492 0.246492 0.246492 0.246492 0.246492 0.246492 0.246492 0.246492 0.246492 0.246492 0.246492 0.246492 0.246492 0.246492 0.246492 0.246492 0.246492 0.246493 0.246493 0.246493 0.246493 0.246493 0.246493 0.246493 0.246493 0.246493 0.246493 0.246493 0.246493 0.246493 0.246493 0.246493 0.246493 0.246493 0.246493 0.246493 0.246493 0.246492 0.246492 0.246492 0.246492 0.246492 0.246492 0.246492 0.246492 0.246492 0.246492 0.246492 0.246492 0.246492 0.246492 0.246492 0.246492 0.246492 0.246492 0.246492 0.246492 0.246492 0.246492 0.246492 0.246492 0.246492 0.246493 0.246494 0.246497 0.246505 0.246525 0.246569 0.246658 0.246821 0.247092 0.2475 0.248057 0.24875 0.249536 
0.243324 0.24411 0.244796 0.24535 0.245765 0.246054 0.246243 0.24636 0.246427 0.246464 0.246484 0.246494 0.246498 0.2465 0.246501 0.246502 0.246502 0.246502 0.246502 0.246502 0.246502 0.246502 0.246502 0.246502 0.246502 0.246502 0.246502 0.246502 0.246502 0.246502 0.246502 0.246502 0.246502 0.246502 0.246502 0.246502 0.246502 0.246502 0.246502 0.246502 0.246502 0.246503 0.246503 0.246504 0.246504 0.246505 0.246505 0.246506 0.246506 0.246506 0.246506 0.246506 0.246506 0.246506 0.246506 0.246506 0.246505 0.246505 0.246504 0.246504 0.246503 0.246503 0.246503 0.246503 0.246502 0.246502 0.246502 0.246502 0.246502 0.246502 0.246502 0.246502 0.246502 0.246502 0.246502 0.246502 0.246502 0.246502 0.246502 0.246502 0.246502 0.246502 0.246502 0.246502 0.246502 0.246502 0.246502 0.246502 0.246503 0.246506 0.246515 0.246534 0.246579 0.246668 0.246831 0.247102 0.24751 0.248067 0.24876 0.249546 
0.243328 0.244114 0.244801 0.245355 0.245769 0.246059 0.246248 0.246364 0.246432 0.246469 0.246488 0.246498 0.246503 0.246505 0.246506 0.246506 0.246507 0.246507 0.246507 0.246507 0.246507 0.246507 0.246507 0.246507 0.246507 0.246507 0.246507 0.246507 0.246507 0.246507 0.246507 0.246507 0.246507 0.246507 0.246507 0.246507 0.246507 0.246507 0.246507 0.246508 0.246509 0.24651 0.246512 0.246514 0.246516 0.246518 0.24652 0.246521 0.246522 0.246523 0.246524 0.246524 0.246524 0.246524 0.246523 0.246522 0.24652 0.246519 0.246517 0.246514 0.246513 0.246511 0.24651 0.246509 0.246508 0.246508 0.246507 0.246507 0.246507 0.246507 0.246507 0.246507 0.246507 0.246507 0.246507 0.246507 0.246507 0.246507 0.246507 0.246507 0.246507 0.246507 0.246507 0.246507 0.246507 0.246507 0.246507 0.246507 0.246508 0.246511 0.246519 0.246539 0.246583 0.246672 0.246836 0.247107 0.247514 0.248072 0.248765 0.249551 
0.24333 0.244116 0.244803 0.245357 0.245771 0.246061 0.24625 0.246366 0.246434 0.246471 0.246491 0.2465 0.246505 0.246507 0.246508 0.246509 0.246509 0.246509 0.246509 0.246509 0.246509 0.246509 0.246509 0.246509 0.246509 0.246509 0.246509 0.246509 0.246509 0.246509 0.246509 0.246509 0.246509 0.246509 0.246509 0.246509 0.24651 0.246511 0.246512 0.246515 0.246518 0.246523 0.246529 0.246537 0.246544 0.246552 0.246559 0.246564 0.246568 0.246571 0.246572 0.246573 0.246573 0.246572 0.246569 0.246565 0.246559 0.246552 0.246545 0.246538 0.246531 0.246525 0.24652 0.246516 0.246514 0.246512 0.246511 0.24651 0.246509 0.246509 0.246509 0.246509 0.246509 0.246509 0.246509 0.246509 0.246509 0.246509 0.246509 0.246509 0.246509 0.246509 0.246509 0.246509 0.246509 0.246509 0.246509 0.246509 0.24651 0.246513 0.246521 0.246541 0.246585 0.246675 0.246838 0.247109 0.247517 0.248074 0.248767 0.249553 
0.243331 0.244117 0.244804 0.245358 0.245772 0.246062 0.246251 0.246367 0.246435 0.246472 0.246492 0.246501 0.246506 0.246508 0.246509 0.24651 0.24651 0.24651 0.24651 0.24651 0.24651 0.24651 0.24651 0.24651 0.24651 0.24651 0.24651 0.24651 0.24651 0.24651 0.24651 0.24651 0.24651 0.24651 0.246511 0.246512 0.246514 0.246518 0.246524 0.246534 0.246547 0.246565 0.246586 0.246611 0.246637 0.246661 0.246683 0.2467 0.246713 0.246722 0.246727 0.246728 0.246727 0.246722 0.246713 0.246698 0.246679 0.246656 0.246631 0.246607 0.246584 0.246564 0.246549 0.246536 0.246527 0.246521 0.246517 0.246514 0.246512 0.246511 0.24651 0.24651 0.24651 0.24651 0.24651 0.24651 0.24651 0.24651 0.24651 0.24651 0.24651 0.24651 0.24651 0.24651 0.24651 0.24651 0.24651 0.24651 0.246511 0.246514 0.246522 0.246542 0.246586 0.246676 0.246839 0.24711 0.247518 0.248075 0.248768 0.249554 
0.243331 0.244117 0.244804 0.245358 0.245773 0.246062 0.246251 0.246368 0.246435 0.246473 0.246492 0.246502 0.246506 0.246509 0.24651 0.24651 0.24651 0.24651 0.24651 0.24651 0.24651 0.24651 0.24651 0.24651 0.24651 0.24651 0.24651 0.24651 0.24651 0.24651 0.24651 0.246511 0.246511 0.246512 0.246515 0.24652 0.246529 0.246543 0.246565 0.246597 0.246642 0.2467 0.246768 0.246845 0.246923 0.246996 0.247059 0.247109 0.247145 0.247169 0.247183 0.247187 0.247182 0.247165 0.247134 0.247089 0.24703 0.24696 0.246885 0.246811 0.246742 0.246682 0.246633 0.246595 0.246567 0.246547 0.246533 0.246524 0.246518 0.246515 0.246513 0.246511 0.246511 0.246511 0.24651 0.24651 0.24651 0.24651 0.24651 0.24651 0.24651 0.24651 0.24651 0.24651 0.24651 0.24651 0.24651 0.246511 0.246512 0.246515 0.246523 0.246543 0.246587 0.246676 0.246839 0.24711 0.247518 0.248075 0.248769 0.249555 
0.243332 0.244118 0.244804 0.245358 0.245773 0.246062 0.246252 0.246368 0.246435 0.246473 0.246492 0.246502 0.246507 0.246509 0.24651 0.24651 0.24651 0.24651 0.24651 0.24651 0.24651 0.24651 0.24651 0.24651 0.24651 0.24651 0.24651 0.24651 0.246511 0.246511 0.246511 0.246512 0.246515 0.24652 0.24653 0.246548 0.246578 0.246626 0.246698 0.2468 0.246936 0.247105 0.247302 0.247515 0.247729 0.247926 0.248093 0.248225 0.24832 0.248381 0.248415 0.248423 0.248403 0.248352 0.248264 0.248136 0.247971 0.247777 0.247571 0.247366 0.247176 0.24701 0.246872 0.246763 0.246681 0.246621 0.24658 0.246553 0.246535 0.246524 0.246518 0.246514 0.246512 0.246511 0.246511 0.246511 0.246511 0.24651 0.24651 0.24651 0.24651 0.24651 0.24651 0.24651 0.24651 0.24651 0.246511 0.246511 0.246512 0.246515 0.246523 0.246543 0.246587 0.246676 0.246839 0.24711 0.247518 0.248076 0.248769 0.249555 
0.243332 0.244118 0.244804 0.245358 0.245773 0.246062 0.246252 0.246368 0.246436 0.246473 0.246492 0.246502 0.246507 0.246509 0.24651 0.24651 0.24651 0.24651 0.24651 0.24651 0.24651 0.24651 0.24651 0.24651 0.24651 0.24651 0.246511 0.246511 0.246511 0.246512 0.246514 0.246518 0.246528 0.246546 0.246581 0.24664 0.246736 0.246883 0.247095 0.247384 0.247755 0.248205 0.248715 0.249255 0.249786 0.250268 0.250672 0.250986 0.25121 0.251353 0.251428 0.251438 0.251381 0.251244 0.251014 0.250685 0.250267 0.249781 0.249263 0.248748 0.248268 0.247844 0.247488 0.247203 0.246985 0.246825 0.246711 0.246635 0.246584 0.246553 0.246534 0.246523 0.246517 0.246514 0.246512 0.246511 0.246511 0.246511 0.246511 0.246511 0.24651 0.24651 0.24651 0.24651 0.24651 0.246511 0.246511 0.246511 0.246512 0.246515 0.246523 0.246543 0.246587 0.246676 0.24684 0.24711 0.247518 0.248076 0.248769 0.249555 
0.243332 0.244118 0.244804 0.245358 0.245773 0.246062 0.246252 0.246368 0.246436 0.246473 0.246492 0.246502 0.246507 0.246509 0.24651 0.24651 0.24651 0.24651 0.24651 0.246511 0.246511 0.246511 0.246511 0.246511 0.246511 0.246511 0.246511 0.246511 0.246512 0.246516 0.246523 0.24654 0.246572 0.246634 0.246741 0.246919 0.247194 0.247598 0.248159 0.248897 0.249817 0.2509 0.252098 0.253339 0.254534 0.255604 0.256491 0.257171 0.257652 0.257956 0.258106 0.258111 0.257961 0.25763 0.257089 0.256329 0.255369 0.254261 0.253077 0.251896 0.250786 0.249795 0.248953 0.248268 0.247734 0.247334 0.247047 0.246848 0.246716 0.246631 0.246579 0.246548 0.24653 0.246521 0.246516 0.246513 0.246512 0.246511 0.246511 0.246511 0.246511 0.246511 0.246511 0.246511 0.246511 0.246511 0.246511 0.246511 0.246512 0.246515 0.246523 0.246543 0.246587 0.246676 0.24684 0.247111 0.247518 0.248076 0.248769 0.249555 
0.243332 0.244118 0.244804 0.245358 0.245773 0.246062 0.246252 0.246368 0.246436 0.246473 0.246492 0.246502 0.246507 0.246509 0.24651 0.24651 0.24651 0.24651 0.246511 0.246511 0.246511 0.246511 0.246511 0.246511 0.246511 0.246511 0.246511 0.246513 0.246518 0.24653 0.246557 0.24661 0.246712 0.246893 0.247196 0.247674 0.248386 0.24939 0.250734 0.252443 0.254507 0.25687 0.25942 0.262003 0.264449 0.266606 0.268373 0.269716 0.270655 0.271239 0.271512 0.271489 0.271144 0.270426 0.26928 0.267688 0.265692 0.263393 0.26093 0.258456 0.256107 0.253985 0.252153 0.250638 0.249434 0.248515 0.24784 0.247363 0.24704 0.246828 0.246694 0.246613 0.246566 0.24654 0.246525 0.246518 0.246514 0.246512 0.246511 0.246511 0.246511 0.246511 0.246511 0.246511 0.246511 0.246511 0.246511 0.246511 0.246512 0.246515 0.246523 0.246543 0.246587 0.246676 0.24684 0.247111 0.247518 0.248076 0.248769 0.249555 
0.243332 0.244118 0.244804 0.245358 0.245773 0.246062 0.246252 0.246368 0.246436 0.246473 0.246492 0.246502 0.246507 0.246509 0.24651 0.24651 0.24651 0.24651 0.246511 0.246511 0.246511 0.246511 0.246511 0.246511 0.246511 0.246512 0.246514 0.246522 0.246539 0.246579 0.24666 0.246818 0.247104 0.247587 0.248359 0.249525 0.251189 0.253448 0.256363 0.259949 0.264149 0.268823 0.273747 0.278633 0.28318 0.287133 0.290336 0.292747 0.294418 0.29544 0.29589 0.29579 0.295089 0.29369 0.291499 0.288485 0.284719 0.280377 0.275705 0.270972 0.266422 0.26225 0.258587 0.255499 0.252996 0.251043 0.249578 0.24852 0.247783 0.24729 0.246972 0.246774 0.246656 0.246588 0.24655 0.24653 0.24652 0.246515 0.246512 0.246511 0.246511 0.246511 0.246511 0.246511 0.246511 0.246511 0.246511 0.246511 0.246512 0.246515 0.246523 0.246543 0.246587 0.246676 0.24684 0.247111 0.247518 0.248076 0.248769 0.249555 
0.243332 0.244118 0.244804 0.245358 0.245773 0.246062 0.246252 0.246368 0.246436 0.246473 0.246492 0.246502 0.246507 0.246509 0.24651 0.24651 0.24651 0.24651 0.246511 0.246511 0.246511 0.246511 0.246511 0.246511 0.246512 0.246516 0.246525 0.246549 0.246605 0.246722 0.246953 0.247374 0.248098 0.249266 0.251048 0.253623 0.257153 0.261762 0.267502 0.27433 0.282088 0.290489 0.299129 0.307529 0.315216 0.321809 0.327094 0.33104 0.333749 0.33538 0.336057 0.335805 0.334536 0.332087 0.328304 0.323133 0.316681 0.309219 0.301132 0.292847 0.28477 0.277238 0.270499 0.264698 0.259892 0.256056 0.253109 0.250927 0.249371 0.248302 0.247595 0.247144 0.246867 0.246704 0.246612 0.246562 0.246535 0.246522 0.246516 0.246513 0.246511 0.246511 0.246511 0.246511 0.246511 0.246511 0.246511 0.246511 0.246512 0.246515 0.246523 0.246543 0.246587 0.246676 0.24684 0.247111 0.247518 0.248076 0.248769 0.249555 
0.243332 0.244118 0.244804 0.245358 0.245773 0.246062 0.246252 0.246368 0.246436 0.246473 0.246492 0.246502 0.246507 0.246509 0.24651 0.24651 0.24651 0.24651 0.246511 0.246511 0.246511 0.246511 0.246511 0.246512 0.246516 0.246528 0.246559 0.246631 0.24679 0.247106 0.247694 0.248716 0.250381 0.252945 0.25668 0.261848 0.268653 0.277205 0.287482 0.29931 0.312347 0.326087 0.339887 0.353038 0.364875 0.374897 0.382851 0.38874 0.392751 0.39513 0.39606 0.39557 0.39352 0.389661 0.383757 0.375715 0.365667 0.353979 0.341188 0.327911 0.314754 0.302253 0.290829 0.280774 0.272243 0.265266 0.259766 0.255587 0.252526 0.250366 0.248897 0.247935 0.247331 0.246965 0.246753 0.246635 0.246572 0.24654 0.246524 0.246516 0.246513 0.246512 0.246511 0.246511 0.246511 0.246511 0.246511 0.246511 0.246512 0.246515 0.246523 0.246543 0.246587 0.246676 0.24684 0.247111 0.247518 0.248076 0.248769 0.249555 
0.243332 0.244118 0.244804 0.245358 0.245773 0.246062 0.246252 0.246368 0.246436 0.246473 0.246492 0.246502 0.246507 0.246509 0.24651 0.24651 0.24651 0.24651 0.246511 0.246511 0.246511 0.246511 0.246512 0.246517 0.24653 0.246565 0.246654 0.246852 0.24726 0.248034 0.249399 0.251648 0.255139 0.260261 0.267395 0.27685 0.288808 0.303276 0.320056 0.338741 0.358725 0.379224 0.399333 0.418121 0.43476 0.44867 0.459603 0.467638 0.473069 0.476251 0.477429 0.476635 0.47367 0.468185 0.459844 0.448487 0.434241 0.417533 0.399028 0.379519 0.359827 0.340722 0.322861 0.306753 0.292736 0.280967 0.271434 0.263985 0.258371 0.254293 0.25144 0.24952 0.24828 0.247511 0.247054 0.246795 0.246653 0.24658 0.246543 0.246525 0.246517 0.246513 0.246512 0.246511 0.246511 0.246511 0.246511 0.246511 0.246512 0.246515 0.246523 0.246543 0.246587 0.246676 0.24684 0.247111 0.247518 0.248076 0.248769 0.249555 
0.243332 0.244118 0.244804 0.245358 0.245773 0.246062 0.246252 0.246368 0.246436 0.246473 0.246492 0.246502 0.246507 0.246509 0.24651 0.24651 0.24651 0.24651 0.246511 0.246511 0.246511 0.246512 0.246516 0.24653 0.246568 0.246667 0.246897 0.247388 0.248346 0.250069 0.252954 0.257477 0.264161 0.273517 0.285973 0.301792 0.321011 0.343398 0.368461 0.395466 0.42349 0.451472 0.478284 0.502843 0.524247 0.54192 0.555682 0.565724 0.572471 0.576382 0.577769 0.576665 0.572813 0.565766 0.555076 0.540487 0.522065 0.500229 0.475694 0.449367 0.422243 0.395318 0.369519 0.345639 0.324287 0.305846 0.290468 0.278088 0.268471 0.26127 0.25608 0.252486 0.250099 0.248581 0.247658 0.247121 0.246823 0.246664 0.246583 0.246544 0.246525 0.246517 0.246513 0.246512 0.246511 0.246511 0.246511 0.246511 0.246512 0.246515 0.246523 0.246543 0.246587 0.246676 0.24684 0.247111 0.247518 0.248076 0.248769 0.249555 
0.243332 0.244118 0.244804 0.245358 0.245773 0.246062 0.246252 0.246368 0.246436 0.246473 0.246492 0.246502 0.246507 0.246509 0.24651 0.24651 0.24651 0.24651 0.246511 0.246511 0.246512 0.246516 0.246528 0.246565 0.246667 0.246914 0.247461 0.248567 0.250616 0.254124 0.259709 0.268046 0.279784 0.295465 0.315427 0.339724 0.368081 0.39989 0.434261 0.470099 0.506186 0.541257 0.574078 0.60355 0.628829 0.649444 0.665353 0.676886 0.684592 0.68903 0.69056 0.68922 0.68471 0.676504 0.664045 0.646953 0.625175 0.599026 0.569153 0.536458 0.502006 0.466952 0.432463 0.39964 0.369428 0.342541 0.319413 0.300192 0.284775 0.272857 0.263997 0.257678 0.253362 0.250545 0.24879 0.247746 0.247153 0.246831 0.246665 0.246582 0.246542 0.246524 0.246516 0.246513 0.246511 0.246511 0.246511 0.246511 0.246512 0.246515 0.246523 0.246543 0.246587 0.246676 0.24684 0.247111 0.247518 0.248076 0.248769 0.249555 
0.243332 0.244118 0.244804 0.245358 0.245773 0.246062 0.246252 0.246368 0.246436 0.246473 0.246492 0.246502 0.246507 0.246509 0.24651 0.24651 0.24651 0.246511 0.246511 0.246511 0.246514 0.246525 0.246559 0.246654 0.246897 0.247461 0.248648 0.250927 0.254947 0.2615 0.271442 0.285584 0.304575 0.328799 0.358293 0.392703 0.431283 0.472956 0.516423 0.560279 0.603126 0.64365 0.680684 0.71328 0.740791 0.76295 0.779896 0.792106 0.800231 0.804892 0.806485 0.805052 0.800277 0.791585 0.778337 0.760024 0.736423 0.707653 0.67417 0.636715 0.596275 0.554022 0.511264 0.46935 0.429563 0.393002 0.360497 0.332558 0.309378 0.290856 0.276641 0.266189 0.258847 0.253925 0.250782 0.248869 0.247759 0.247145 0.24682 0.246656 0.246576 0.246539 0.246523 0.246515 0.246512 0.246511 0.246511 0.246511 0.246512 0.246515 0.246523 0.246543 0.246587 0.246676 0.24684 0.247111 0.247518 0.248076 0.248769 0.249555 
0.243332 0.244118 0.244804 0.245358 0.245773 0.246062 0.246252 0.246368 0.246436 0.246473 0.246492 0.246502 0.246507 0.246509 0.24651 0.24651 0.24651 0.246511 0.246511 0.246513 0.246522 0.246549 0.246631 0.246852 0.247388 0.248567 0.250927 0.255246 0.262507 0.273798 0.29014 0.312323 0.340762 0.375421 0.415796 0.460948 0.509581 0.560166 0.611093 0.660812 0.707936 0.751302 0.789993 0.823362 0.851066 0.873102 0.889803 0.901764 0.909698 0.914248 0.915817 0.914459 0.909866 0.901461 0.888563 0.870556 0.847035 0.817869 0.783219 0.743536 0.699556 0.652294 0.603017 0.553175 0.504287 0.457807 0.415009 0.376894 0.344137 0.317049 0.295568 0.27928 0.267502 0.259392 0.25408 0.25077 0.248808 0.247698 0.2471 0.246792 0.24664 0.246568 0.246535 0.246521 0.246515 0.246512 0.246511 0.246511 0.246512 0.246515 0.246523 0.246543 0.246587 0.246676 0.24684 0.247111 0.247518 0.248076 0.248769 0.249555 
0.243332 0.244118 0.244804 0.245358 0.245773 0.246062 0.246252 0.246368 0.246436 0.246473 0.246492 0.246502 0.246507 0.246509 0.24651 0.24651 0.246511 0.246511 0.246512 0.246518 0.246539 0.246605 0.24679 0.24726 0.248346 0.250616 0.254947 0.262507 0.274645 0.292672 0.317604 0.349941 0.38956 0.435728 0.487207 0.542396 0.599499 0.656685 0.712248 0.764728 0.812975 0.856165 0.893771 0.92554 0.951474 0.971837 0.987127 0.998015 1.00522 1.00936 1.01083 1.00968 1.00565 0.998197 0.986653 0.970344 0.948711 0.921374 0.888167 0.849168 0.804734 0.755542 0.702612 0.647269 0.591065 0.535664 0.482727 0.433796 0.390176 0.352813 0.322176 0.298206 0.280356 0.267723 0.259233 0.253813 0.250523 0.248624 0.247578 0.247028 0.246752 0.246619 0.246558 0.24653 0.246519 0.246514 0.246512 0.246511 0.246512 0.246515 0.246523 0.246543 0.246587 0.246676 0.24684 0.247111 0.247518 0.248076 0.248769 0.249555 
0.243332 0.244118 0.244804 0.245358 0.245773 0.246062 0.246252 0.246368 0.246436 0.246473 0.246492 0.246502 0.246507 0.246509 0.24651 0.24651 0.246511 0.246512 0.246516 0.24653 0.246579 0.246722 0.247106 0.248034 0.250069 0.254124 0.2615 0.273798 0.292672 0.319487 0.354973 0.399012 0.450638 0.508211 0.569687 0.632882 0.695686 0.75623 0.812989 0.86484 0.911065 0.951304 0.985482 1.01375 1.03642 1.05399 1.06705 1.0763 1.08241 1.08593 1.08723 1.08637 1.08312 1.07704 1.0675 1.05384 1.03541 1.01164 0.982069 0.946406 0.904573 0.856792 0.803642 0.746085 0.68544 0.623333 0.561632 0.502348 0.447469 0.398738 0.357398 0.324005 0.298381 0.27973 0.266856 0.258428 0.25319 0.250095 0.248355 0.247421 0.246943 0.246708 0.246597 0.246547 0.246526 0.246517 0.246513 0.246512 0.246512 0.246515 0.246523 0.246543 0.246587 0.246676 0.24684 0.247111 0.247518 0.248076 0.248769 0.249555 
0.243332 0.244118 0.244804 0.245358 0.245773 0.246062 0.246252 0.246368 0.246436 0.246473 0.246492 0.246502 0.246507 0.246509 0.24651 0.24651 0.246511 0.246514 0.246523 0.246557 0.24666 0.246953 0.247694 0.249399 0.252954 0.259709 0.271442 0.29014 0.317604 0.354973 0.402352 0.458689 0.521961 0.589557 0.658724 0.726915 0.792005 0.852387 0.906984 0.955205 0.996873 1.03213 1.06132 1.08494 1.10355 1.11777 1.12823 1.13559 1.14045 1.14327 1.14435 1.14377 1.14137 1.13678 1.12947 1.11884 1.10424 1.08499 1.06044 1.02999 0.993175 0.94972 0.899663 0.843404 0.781769 0.716054 0.64806 0.58006 0.514635 0.454369 0.401446 0.357284 0.322342 0.296159 0.277582 0.265097 0.257142 0.252329 0.249561 0.248044 0.247251 0.246854 0.246664 0.246577 0.246538 0.246522 0.246515 0.246513 0.246513 0.246515 0.246523 0.246543 0.246587 0.246676 0.24684 0.247111 0.247518 0.248076 0.248769 0.249555 
0.243332 0.244118 0.244804 0.245358 0.245773 0.246062 0.246252 0.246368 0.246436 0.246473 0.246492 0.246502 0.246507 0.246509 0.24651 0.246511 0.246512 0.246518 0.24654 0.24661 0.246818 0.247374 0.248716 0.251648 0.257477 0.268046 0.285584 0.312323 0.349941 0.399012 0.458689 0.526769 0.600115 0.67527 0.749023 0.818786 0.882744 0.93982 0.989567 1.03202 1.06756 1.09676 1.12032 1.13896 1.15337 1.16421 1.17211 1.17762 1.18125 1.18337 1.18423 1.18389 1.18225 1.17902 1.17381 1.1661 1.1553 1.14073 1.12165 1.0973 1.06691 1.02977 0.985391 0.93351 0.874279 0.808404 0.737307 0.663218 0.589074 0.518184 0.453705 0.398082 0.352664 0.317595 0.291991 0.274309 0.262746 0.255577 0.251356 0.248992 0.24773 0.247086 0.246772 0.246625 0.246559 0.24653 0.246518 0.246514 0.246513 0.246515 0.246523 0.246543 0.246587 0.246676 0.24684 0.247111 0.247518 0.248076 0.248769 0.249555 
0.243332 0.244118 0.244804 0.245358 0.245773 0.246062 0.246252 0.246368 0.246436 0.246473 0.246492 0.246502 0.246507 0.246509 0.24651 0.246511 0.246515 0.246528 0.246572 0.246712 0.247104 0.248098 0.250381 0.255139 0.264161 0.279784 0.304575 0.340762 0.38956 0.450638 0.521961 0.600115 0.680992 0.760571 0.835544 0.903626 0.96358 1.01503 1.05824 1.09383 1.12267 1.14567 1.16373 1.17769 1.18826 1.19609 1.20173 1.20564 1.2082 1.20971 1.21035 1.21018 1.20914 1.20702 1.20355 1.19831 1.19082 1.18047 1.16656 1.14825 1.12462 1.09469 1.05749 1.01216 0.958117 0.895303 0.824497 0.747547 0.6674 0.587819 0.512796 0.445837 0.38936 0.344378 0.310551 0.28652 0.270379 0.260115 0.253925 0.250379 0.248445 0.247439 0.246939 0.246701 0.246592 0.246544 0.246524 0.246516 0.246514 0.246516 0.246523 0.246543 0.246587 0.246676 0.24684 0.247111 0.247518 0.248076 0.248769 0.249555 
0.243332 0.244118 0.244804 0.245358 0.245773 0.246062 0.246252 0.246368 0.246436 0.246473 0.246492 0.246502 0.246507 0.246509 0.24651 0.246512 0.24652 0.246546 0.246634 0.246893 0.247587 0.249266 0.252945 0.260261 0.273517 0.295465 0.328799 0.375421 0.435728 0.508211 0.589557 0.67527 0.760571 0.841272 0.914344 0.9781 1.03205 1.07656 1.11255 1.14114 1.16354 1.18086 1.19409 1.20405 1.21145 1.21683 1.22065 1.22328 1.225 1.22602 1.22647 1.22641 1.22579 1.22449 1.22231 1.21897 1.21408 1.20716 1.19759 1.1846 1.16724 1.14439 1.11479 1.0771 1.03007 0.972859 0.905434 0.828966 0.74603 0.660456 0.576781 0.499448 0.432005 0.376543 0.333543 0.302096 0.280385 0.266216 0.257462 0.252331 0.249473 0.247957 0.247189 0.246816 0.246644 0.246566 0.246533 0.24652 0.246515 0.246516 0.246523 0.246543 0.246587 0.246676 0.24684 0.247111 0.247518 0.248076 0.248769 0.249555 
0.243332 0.244118 0.244804 0.245358 0.245773 0.246062 0.246252 0.246368 0.246436 0.246473 0.246492 0.246502 0.246507 0.246509 0.246511 0.246515 0.24653 0.246581 0.246741 0.247196 0.248359 0.251048 0.25668 0.267395 0.285973 0.315427 0.358293 0.415796 0.487207 0.569687 0.658724 0.749023 0.835544 0.914344 0.983005 1.04062 1.08749 1.12468 1.15361 1.17576 1.19252 1.20506 1.21436 1.22118 1.22613 1.22967 1.23214 1.23383 1.23493 1.23558 1.23589 1.23588 1.23553 1.23478 1.2335 1.23148 1.22847 1.2241 1.21787 1.20914 1.19703 1.18043 1.15796 1.128 1.08879 1.03881 0.977179 0.904194 0.821722 0.733239 0.64343 0.557406 0.479765 0.413788 0.361012 0.321258 0.293035 0.274129 0.262158 0.254981 0.250897 0.248687 0.247547 0.246985 0.24672 0.246599 0.246547 0.246525 0.246518 0.246517 0.246524 0.246543 0.246587 0.246676 0.24684 0.247111 0.247518 0.248076 0.248769 0.249555 
0.243332 0.244118 0.244804 0.245358 0.245773 0.246062 0.246252 0.246368 0.246436 0.246473 0.246492 0.246502 0.246507 0.246509 0.246512 0.24652 0.246548 0.24664 0.246919 0.247674 0.249525 0.253623 0.261848 0.27685 0.301792 0.339724 0.392703 0.460948 0.542396 0.632882 0.726915 0.818786 0.903626 0.9781 1.04062 1.09114 1.13069 1.16087 1.18345 1.2001 1.21225 1.22103 1.22734 1.23184 1.23503 1.23727 1.2388 1.23984 1.24051 1.24091 1.24111 1.24112 1.24094 1.24053 1.23981 1.23866 1.2369 1.23428 1.23044 1.22485 1.2168 1.20527 1.18893 1.16604 1.13459 1.09253 1.03823 0.971056 0.891932 0.803603 0.71047 0.617941 0.531453 0.455464 0.392722 0.344029 0.308479 0.284034 0.268175 0.258449 0.252798 0.249681 0.248043 0.247222 0.246828 0.246647 0.246568 0.246534 0.246521 0.246518 0.246524 0.246543 0.246587 0.246676 0.24684 0.247111 0.247518 0.248076 0.248769 0.249555 
0.243332 0.244118 0.244804 0.245358 0.245773 0.246062 0.246252 0.246368 0.246436 0.246473 0.246492 0.246502 0.246507 0.24651 0.246514 0.246529 0.246578 0.246736 0.247194 0.248386 0.251189 0.257153 0.268653 0.288808 0.321011 0.368081 0.431283 0.509581 0.599499 0.695686 0.792005 0.882744 0.96358 1.03205 1.08749 1.13069 1.16326 1.18718 1.2044 1.21662 1.22521 1.2312 1.23536 1.23824 1.24023 1.24159 1.24251 1.24312 1.24351 1.24375 1.24387 1.24388 1.2438 1.24359 1.2432 1.24258 1.2416 1.24011 1.23784 1.23443 1.2293 1.22161 1.21016 1.19328 1.1689 1.13466 1.08836 1.0285 0.954959 0.86948 0.775792 0.679187 0.585628 0.500608 0.428143 0.370201 0.326706 0.296014 0.275619 0.262832 0.255249 0.250984 0.248705 0.247543 0.246978 0.246714 0.246596 0.246546 0.246526 0.24652 0.246525 0.246544 0.246587 0.246676 0.24684 0.247111 0.247518 0.248076 0.248769 0.249555 
0.243332 0.244118 0.244804 0.245358 0.245773 0.246062 0.246252 0.246368 0.246436 0.246473 0.246492 0.246502 0.246507 0.246511 0.246518 0.246543 0.246626 0.246883 0.247598 0.24939 0.253448 0.261762 0.277205 0.303276 0.343398 0.39989 0.472956 0.560166 0.656685 0.75623 0.852387 0.93982 1.01503 1.07656 1.12468 1.16087 1.18718 1.2058 1.21871 1.22751 1.23347 1.23747 1.24015 1.24195 1.24315 1.24396 1.24449 1.24484 1.24506 1.2452 1.24526 1.24528 1.24524 1.24514 1.24494 1.24462 1.2441 1.24329 1.24201 1.24001 1.23686 1.23191 1.22414 1.21207 1.19372 1.16664 1.12828 1.07641 1.00991 0.929386 0.837597 0.739332 0.640709 0.548017 0.466475 0.399324 0.347517 0.310022 0.284519 0.268179 0.258295 0.252634 0.249556 0.247963 0.247176 0.246804 0.246636 0.246562 0.246532 0.246523 0.246526 0.246544 0.246587 0.246676 0.24684 0.247111 0.247518 0.248076 0.248769 0.249555 
0.243332 0.244118 0.244804 0.245358 0.245773 0.246062 0.246252 0.246368 0.246436 0.246473 0.246492 0.246502 0.246507 0.246512 0.246524 0.246565 0.246698 0.247095 0.248159 0.250734 0.256363 0.267502 0.287482 0.320056 0.368461 0.434261 0.516423 0.611093 0.712248 0.812989 0.906984 0.989567 1.05824 1.11255 1.15361 1.18345 1.2044 1.21871 1.22825 1.23452 1.2386 1.24123 1.24294 1.24404 1.24475 1.24522 1.24552 1.24571 1.24583 1.2459 1.24594 1.24595 1.24594 1.24589 1.24579 1.24564 1.24537 1.24495 1.24425 1.24312 1.24126 1.23816 1.23304 1.22463 1.21115 1.19026 1.15923 1.11533 1.05658 0.982428 0.894496 0.796756 0.695112 0.59634 0.506703 0.430724 0.370521 0.325866 0.294799 0.274479 0.261949 0.254646 0.250611 0.248491 0.247429 0.24692 0.246687 0.246584 0.246541 0.246526 0.246527 0.246544 0.246588 0.246676 0.24684 0.247111 0.247518 0.248076 0.248769 0.249555 
0.243332 0.244118 0.244804 0.245358 0.245773 0.246062 0.246252 0.246368 0.246436 0.246473 0.246492 0.246502 0.246508 0.246515 0.246534 0.246597 0.2468 0.247384 0.248897 0.252443 0.259949 0.27433 0.29931 0.338741 0.395466 0.470099 0.560279 0.660812 0.764728 0.86484 0.955205 1.03202 1.09383 1.14114 1.17576 1.2001 1.21662 1.22751 1.23452 1.23896 1.24173 1.24345 1.24452 1.24519 1.2456 1.24587 1.24603 1.24614 1.2462 1.24624 1.24626 1.24627 1.24626 1.24624 1.2462 1.24612 1.24599 1.24578 1.24542 1.2448 1.24372 1.24183 1.23852 1.23279 1.2231 1.2073 1.18268 1.14623 1.09528 1.02825 0.945552 0.850137 0.747372 0.644189 0.547668 0.463532 0.395133 0.343191 0.306269 0.281638 0.266174 0.25701 0.251868 0.249128 0.247738 0.247064 0.246751 0.246612 0.246553 0.246531 0.246529 0.246545 0.246588 0.246677 0.24684 0.247111 0.247518 0.248076 0.248769 0.249555 
0.243332 0.244118 0.244804 0.245358 0.245773 0.246062 0.246252 0.246368 0.246436 0.246473 0.246492 0.246502 0.246509 0.246518 0.246547 0.246642 0.246936 0.247755 0.249817 0.254507 0.264149 0.282088 0.312347 0.358725 0.42349 0.506186 0.603126 0.707936 0.812975 0.911065 0.996873 1.06756 1.12267 1.16354 1.19252 1.21225 1.22521 1.23347 1.2386 1.24173 1.24361 1.24473 1.2454 1.24581 1.24605 1.24619 1.24628 1.24634 1.24637 1.24639 1.2464 1.24641 1.2464 1.2464 1.24638 1.24634 1.24628 1.24618 1.24599 1.24566 1.24506 1.24393 1.24183 1.23798 1.23112 1.21935 1.20009 1.17026 1.12668 1.06693 0.990266 0.898502 0.796225 0.690227 0.588136 0.496737 0.420601 0.361487 0.318609 0.289474 0.270873 0.259678 0.253308 0.249868 0.248101 0.247234 0.246828 0.246645 0.246567 0.246537 0.246531 0.246546 0.246588 0.246677 0.24684 0.247111 0.247518 0.248076 0.248769 0.249555 
0.243332 0.244118 0.244804 0.245358 0.245773 0.246062 0.246252 0.246368 0.246436 0.246473 0.246492 0.246503 0.24651 0.246523 0.246565 0.2467 0.247105 0.248205 0.2509 0.25687 0.268823 0.290489 0.326087 0.379224 0.451472 0.541257 0.64365 0.751302 0.856165 0.951304 1.03213 1.09676 1.14567 1.18086 1.20506 1.22103 1.2312 1.23747 1.24123 1.24345 1.24473 1.24547 1.24589 1.24613 1.24627 1.24636 1.2464 1.24643 1.24645 1.24646 1.24647 1.24647 1.24647 1.24646 1.24646 1.24644 1.24641 1.24636 1.24627 1.2461 1.24577 1.2451 1.24378 1.24123 1.23642 1.22773 1.21281 1.1886 1.15166 1.09888 1.02851 0.941216 0.840653 0.733227 0.626865 0.529228 0.446031 0.380097 0.331378 0.297712 0.275885 0.262564 0.254884 0.250688 0.248508 0.247428 0.246916 0.246684 0.246583 0.246543 0.246534 0.246547 0.246589 0.246677 0.24684 0.247111 0.247518 0.248076 0.248769 0.249555 
0.243332 0.244118 0.244804 0.245358 0.245773 0.246062 0.246252 0.246368 0.246436 0.246473 0.246493 0.246503 0.246512 0.246529 0.246586 0.246768 0.247302 0.248715 0.252098 0.25942 0.273747 0.299129 0.339887 0.399333 0.478284 0.574078 0.680684 0.789993 0.893771 0.985482 1.06132 1.12032 1.16373 1.19409 1.21436 1.22734 1.23536 1.24015 1.24294 1.24452 1.2454 1.24589 1.24616 1.24631 1.24639 1.24644 1.24646 1.24648 1.24648 1.24649 1.24649 1.24649 1.24649 1.24649 1.24649 1.24648 1.24647 1.24645 1.2464 1.24632 1.24613 1.24574 1.24492 1.24323 1.23987 1.23348 1.22195 1.20235 1.17114 1.12471 1.06045 0.977944 0.879885 0.772123 0.662672 0.559869 0.470452 0.39827 0.344039 0.305998 0.280995 0.265543 0.256532 0.251555 0.248943 0.247637 0.247012 0.246726 0.246601 0.246551 0.246537 0.246548 0.246589 0.246677 0.24684 0.247111 0.247518 0.248076 0.248769 0.249555 
0.243332 0.244118 0.244804 0.245358 0.245773 0.246062 0.246252 0.246368 0.246436 0.246473 0.246493 0.246504 0.246514 0.246537 0.246611 0.246845 0.247515 0.249255 0.253339 0.262003 0.278633 0.307529 0.353038 0.418121 0.502843 0.60355 0.71328 0.823362 0.92554 1.01375 1.08494 1.13896 1.17769 1.20405 1.22118 1.23184 1.23824 1.24195 1.24404 1.24519 1.24581 1.24613 1.24631 1.2464 1.24645 1.24647 1.24649 1.2465 1.2465 1.2465 1.2465 1.2465 1.2465 1.2465 1.2465 1.2465 1.24649 1.24648 1.24646 1.24642 1.24632 1.24609 1.24558 1.24446 1.2421 1.23737 1.22842 1.2125 1.18604 1.1451 1.08641 1.0086 0.913404 0.806065 0.69452 0.587602 0.49291 0.41523 0.356021 0.313941 0.285955 0.268469 0.258168 0.252425 0.249384 0.247851 0.247112 0.246771 0.246621 0.246559 0.24654 0.246549 0.246589 0.246677 0.24684 0.247111 0.247518 0.248076 0.248769 0.249555 
0.243332 0.244118 0.244804 0.245358 0.245773 0.246062 0.246252 0.246368 0.246436 0.246473 0.246493 0.246504 0.246516 0.246544 0.246637 0.246923 0.247729 0.249786 0.254534 0.264449 0.28318 0.315216 0.364875 0.43476 0.524247 0.628829 0.740791 0.851066 0.951474 1.03642 1.10355 1.15337 1.18826 1.21145 1.22613 1.23503 1.24023 1.24315 1.24475 1.2456 1.24605 1.24627 1.24639 1.24645 1.24648 1.24649 1.2465 1.2465 1.24651 1.24651 1.24651 1.24651 1.24651 1.24651 1.24651 1.24651 1.2465 1.2465 1.24649 1.24647 1.24641 1.24628 1.24595 1.2452 1.24353 1.23999 1.23294 1.21984 1.19717 1.16079 1.10689 1.03332 0.940983 0.834501 0.721642 0.611577 0.5126 0.430296 0.366796 0.321171 0.29052 0.271192 0.259706 0.253252 0.249808 0.248059 0.24721 0.246815 0.24664 0.246567 0.246543 0.246551 0.24659 0.246677 0.24684 0.247111 0.247518 0.248076 0.248769 0.249555 
