0.592061 0.592577 0.593065 0.593511 0.593905 0.594243 0.594524 0.594749 0.594925 0.595058 0.595155 0.595225 0.595274 0.595307 0.595329 0.595343 0.595351 0.595357 0.59536 0.595362 0.595363 0.595364 0.595364 0.595364 0.595364 0.595364 0.595364 0.595364 0.595364 0.595364 0.595364 0.595365 0.595365 0.595365 0.595365 0.595365 0.595365 0.595365 0.595366 0.595366 0.595366 0.595367 0.595367 0.595368 0.595368 0.595368 0.595369 0.595369 0.595369 0.595369 0.59537 0.59537 0.59537 0.59537 0.595369 0.595369 0.595369 0.595369 0.595368 0.595368 0.595368 0.595367 0.595367 0.595366 0.595366 0.595366 0.595366 0.595365 0.595365 0.595365 0.595365 0.595365 0.595365 0.595365 0.595364 0.595364 0.595364 0.595364 0.595364 0.595365 0.595365 0.595365 0.595367 0.595369 0.595373 0.595382 0.595396 0.595419 0.595457 0.595515 0.5956 0.595722 0.595889 0.596109 0.596387 0.596726 0.597123 0.597573 0.598064 0.598579 
0.592577 0.593092 0.593579 0.594025 0.59442 0.594757 0.595037 0.595263 0.595438 0.595572 0.595669 0.595739 0.595788 0.595821 0.595843 0.595857 0.595866 0.595871 0.595874 0.595876 0.595877 0.595878 0.595878 0.595878 0.595878 0.595879 0.595879 0.595879 0.595879 0.595879 0.595879 0.595879 0.595879 0.595879 0.595879 0.595879 0.595879 0.595879 0.595879 0.59588 0.59588 0.59588 0.59588 0.59588 0.595881 0.595881 0.595881 0.595881 0.595882 0.595882 0.595882 0.595882 0.595882 0.595882 0.595882 0.595882 0.595881 0.595881 0.595881 0.595881 0.59588 0.59588 0.59588 0.59588 0.59588 0.595879 0.595879 0.595879 0.595879 0.595879 0.595879 0.595879 0.595879 0.595879 0.595879 0.595879 0.595879 0.595879 0.595879 0.595879 0.595879 0.59588 0.595881 0.595883 0.595888 0.595896 0.59591 0.595933 0.595971 0.596029 0.596115 0.596237 0.596404 0.596623 0.596901 0.59724 0.597638 0.598087 0.598577 0.599092 
0.593065 0.593579 0.594066 0.594512 0.594906 0.595244 0.595524 0.595749 0.595925 0.596058 0.596156 0.596226 0.596275 0.596308 0.596329 0.596344 0.596352 0.596358 0.596361 0.596363 0.596364 0.596365 0.596365 0.596365 0.596365 0.596365 0.596365 0.596365 0.596365 0.596365 0.596365 0.596365 0.596365 0.596365 0.596365 0.596366 0.596366 0.596366 0.596366 0.596366 0.596366 0.596367 0.596367 0.596367 0.596367 0.596368 0.596368 0.596368 0.596368 0.596368 0.596368 0.596369 0.596369 0.596369 0.596368 0.596368 0.596368 0.596368 0.596368 0.596367 0.596367 0.596367 0.596367 0.596366 0.596366 0.596366 0.596366 0.596366 0.596366 0.596366 0.596365 0.596365 0.596365 0.596365 0.596365 0.596365 0.596365 0.596365 0.596365 0.596366 0.596366 0.596366 0.596368 0.59637 0.596374 0.596383 0.596397 0.59642 0.596458 0.596516 0.596602 0.596724 0.596891 0.597111 0.597388 0.597727 0.598124 0.598573 0.599063 0.599578 
0.593511 0.594025 0.594512 0.594957 0.595351 0.595689 0.595969 0.596194 0.59637 0.596503 0.596601 0.596671 0.59672 0.596753 0.596775 0.596789 0.596798 0.596803 0.596806 0.596808 0.596809 0.59681 0.59681 0.59681 0.596811 0.596811 0.596811 0.596811 0.596811 0.596811 0.596811 0.596811 0.596811 0.596811 0.596811 0.596811 0.596811 0.596811 0.596812 0.596812 0.596812 0.596813 0.596813 0.596814 0.596814 0.596815 0.596815 0.596816 0.596816 0.596816 0.596816 0.596817 0.596817 0.596816 0.596816 0.596816 0.596816 0.596815 0.596815 0.596814 0.596814 0.596813 0.596813 0.596813 0.596812 0.596812 0.596812 0.596811 0.596811 0.596811 0.596811 0.596811 0.596811 0.596811 0.596811 0.596811 0.596811 0.596811 0.596811 0.596811 0.596811 0.596812 0.596813 0.596815 0.59682 0.596828 0.596842 0.596866 0.596904 0.596962 0.597048 0.59717 0.597337 0.597556 0.597834 0.598173 0.59857 0.599019 0.599508 0.600022 
0.593905 0.59442 0.594906 0.595351 0.595745 0.596083 0.596363 0.596588 0.596764 0.596897 0.596995 0.597065 0.597114 0.597147 0.597169 0.597183 0.597192 0.597197 0.597201 0.597202 0.597204 0.597204 0.597204 0.597205 0.597205 0.597205 0.597205 0.597205 0.597205 0.597205 0.597205 0.597205 0.597205 0.597205 0.597206 0.597206 0.597206 0.597207 0.597207 0.597208 0.597209 0.59721 0.597211 0.597212 0.597213 0.597215 0.597216 0.597216 0.597217 0.597218 0.597218 0.597218 0.597218 0.597218 0.597218 0.597217 0.597216 0.597215 0.597214 0.597213 0.597212 0.597211 0.59721 0.597209 0.597208 0.597207 0.597207 0.597206 0.597206 0.597206 0.597205 0.597205 0.597205 0.597205 0.597205 0.597205 0.597205 0.597205 0.597205 0.597205 0.597205 0.597206 0.597207 0.59721 0.597214 0.597222 0.597236 0.59726 0.597298 0.597356 0.597442 0.597564 0.597731 0.597951 0.598229 0.598567 0.598964 0.599413 0.599902 0.600416 
0.594243 0.594757 0.595244 0.595689 0.596083 0.59642 0.5967 0.596925 0.597101 0.597234 0.597332 0.597403 0.597452 0.597485 0.597507 0.597521 0.59753 0.597535 0.597538 0.59754 0.597541 0.597542 0.597542 0.597542 0.597543 0.597543 0.597543 0.597543 0.597543 0.597543 0.597543 0.597543 0.597543 0.597544 0.597544 0.597545 0.597546 0.597548 0.597549 0.597551 0.597553 0.597555 0.597558 0.59756 0.597563 0.597566 0.597568 0.59757 0.597571 0.597573 0.597573 0.597574 0.597574 0.597573 0.597572 0.597571 0.597569 0.597567 0.597564 0.597562 0.597559 0.597557 0.597554 0.597552 0.59755 0.597549 0.597547 0.597546 0.597545 0.597545 0.597544 0.597544 0.597543 0.597543 0.597543 0.597543 0.597543 0.597543 0.597543 0.597543 0.597543 0.597544 0.597545 0.597547 0.597552 0.59756 0.597574 0.597598 0.597636 0.597694 0.59778 0.597903 0.59807 0.598289 0.598567 0.598906 0.599302 0.599751 0.60024 0.600754 
0.594524 0.595037 0.595524 0.595969 0.596363 0.5967 0.59698 0.597205 0.597381 0.597515 0.597613 0.597683 0.597732 0.597765 0.597787 0.597801 0.59781 0.597815 0.597819 0.597821 0.597822 0.597822 0.597823 0.597823 0.597823 0.597823 0.597823 0.597823 0.597823 0.597824 0.597824 0.597824 0.597825 0.597826 0.597828 0.59783 0.597832 0.597835 0.597839 0.597843 0.597848 0.597853 0.597859 0.597865 0.59787 0.597876 0.597881 0.597885 0.597889 0.597891 0.597893 0.597894 0.597893 0.597892 0.597889 0.597886 0.597882 0.597877 0.597872 0.597866 0.59786 0.597855 0.59785 0.597845 0.597841 0.597837 0.597834 0.597831 0.597829 0.597827 0.597826 0.597825 0.597825 0.597824 0.597824 0.597824 0.597823 0.597823 0.597823 0.597823 0.597824 0.597824 0.597825 0.597828 0.597832 0.597841 0.597855 0.597879 0.597917 0.597975 0.598061 0.598183 0.59835 0.59857 0.598848 0.599186 0.599583 0.600032 0.600521 0.601035 
0.594749 0.595263 0.595749 0.596194 0.596588 0.596925 0.597205 0.597431 0.597607 0.59774 0.597838 0.597909 0.597958 0.597991 0.598013 0.598027 0.598036 0.598041 0.598044 0.598046 0.598047 0.598048 0.598048 0.598049 0.598049 0.598049 0.598049 0.598049 0.59805 0.59805 0.598051 0.598052 0.598054 0.598057 0.59806 0.598064 0.59807 0.598077 0.598085 0.598095 0.598105 0.598117 0.598129 0.598142 0.598154 0.598166 0.598176 0.598186 0.598193 0.598198 0.598202 0.598203 0.598202 0.598198 0.598193 0.598185 0.598176 0.598166 0.598154 0.598142 0.59813 0.598118 0.598107 0.598096 0.598087 0.598079 0.598072 0.598067 0.598062 0.598059 0.598056 0.598054 0.598052 0.598051 0.59805 0.59805 0.598049 0.598049 0.598049 0.598049 0.598049 0.59805 0.598051 0.598054 0.598058 0.598066 0.598081 0.598104 0.598142 0.598201 0.598287 0.598409 0.598577 0.598796 0.599074 0.599413 0.59981 0.600258 0.600747 0.601261 
0.594925 0.595438 0.595925 0.59637 0.596764 0.597101 0.597381 0.597607 0.597783 0.597916 0.598014 0.598085 0.598134 0.598167 0.598189 0.598203 0.598212 0.598217 0.598221 0.598223 0.598224 0.598224 0.598225 0.598225 0.598225 0.598225 0.598226 0.598226 0.598227 0.598228 0.59823 0.598233 0.598238 0.598243 0.598251 0.598261 0.598273 0.598288 0.598306 0.598327 0.598349 0.598374 0.5984 0.598426 0.598451 0.598475 0.598497 0.598515 0.59853 0.598541 0.598547 0.598549 0.598546 0.598539 0.598527 0.598511 0.598492 0.59847 0.598446 0.598421 0.598396 0.598371 0.598348 0.598326 0.598307 0.59829 0.598276 0.598264 0.598254 0.598246 0.59824 0.598236 0.598233 0.59823 0.598229 0.598227 0.598227 0.598226 0.598226 0.598226 0.598226 0.598226 0.598228 0.59823 0.598234 0.598243 0.598257 0.598281 0.598319 0.598377 0.598463 0.598586 0.598753 0.598973 0.599251 0.599589 0.599986 0.600435 0.600924 0.601438 
0.595058 0.595572 0.596058 0.596503 0.596897 0.597234 0.597515 0.59774 0.597916 0.59805 0.598148 0.598218 0.598267 0.5983 0.598322 0.598337 0.598346 0.598351 0.598354 0.598356 0.598357 0.598358 0.598358 0.598359 0.598359 0.59836 0.59836 0.598362 0.598364 0.598367 0.598371 0.598378 0.598387 0.5984 0.598416 0.598437 0.598464 0.598495 0.598533 0.598575 0.598622 0.598672 0.598724 0.598776 0.598826 0.598873 0.598915 0.598951 0.59898 0.599 0.599011 0.599014 0.599007 0.598992 0.598968 0.598936 0.598897 0.598853 0.598805 0.598755 0.598705 0.598655 0.598608 0.598565 0.598526 0.598492 0.598463 0.598439 0.598419 0.598403 0.598391 0.598382 0.598375 0.59837 0.598366 0.598364 0.598362 0.598361 0.59836 0.59836 0.59836 0.59836 0.598361 0.598364 0.598368 0.598376 0.598391 0.598414 0.598452 0.598511 0.598597 0.59872 0.598887 0.599107 0.599385 0.599723 0.60012 0.600569 0.601058 0.601572 
0.595155 0.595669 0.596156 0.596601 0.596995 0.597332 0.597613 0.597838 0.598014 0.598148 0.598246 0.598317 0.598366 0.598399 0.598421 0.598435 0.598444 0.598449 0.598453 0.598455 0.598456 0.598457 0.598457 0.598458 0.598458 0.59846 0.598461 0.598464 0.598469 0.598476 0.598486 0.5985 0.59852 0.598547 0.598581 0.598625 0.598678 0.598743 0.598817 0.598901 0.598993 0.59909 0.59919 0.59929 0.599386 0.599475 0.599554 0.599621 0.599674 0.599711 0.599731 0.599734 0.59972 0.599689 0.599642 0.59958 0.599506 0.599421 0.599328 0.599232 0.599135 0.599039 0.598949 0.598865 0.598789 0.598723 0.598666 0.598618 0.598579 0.598548 0.598523 0.598505 0.598491 0.59848 0.598473 0.598468 0.598464 0.598462 0.59846 0.598459 0.598459 0.598459 0.59846 0.598462 0.598467 0.598475 0.598489 0.598513 0.598551 0.598609 0.598696 0.598818 0.598986 0.599206 0.599484 0.599822 0.600219 0.600668 0.601157 0.601671 
0.595225 0.595739 0.596226 0.596671 0.597065 0.597403 0.597683 0.597909 0.598085 0.598218 0.598317 0.598387 0.598436 0.598469 0.598491 0.598506 0.598514 0.59852 0.598523 0.598525 0.598526 0.598527 0.598528 0.598529 0.598531 0.598533 0.598538 0.598544 0.598554 0.598569 0.598591 0.59862 0.598661 0.598715 0.598784 0.598871 0.598976 0.599101 0.599244 0.599403 0.599577 0.599759 0.599945 0.600129 0.600305 0.600466 0.600609 0.600729 0.600823 0.600888 0.600922 0.600925 0.600897 0.600837 0.600749 0.600634 0.600495 0.600338 0.600167 0.599988 0.599808 0.599631 0.599462 0.599305 0.599164 0.599039 0.598931 0.598841 0.598766 0.598706 0.598659 0.598622 0.598595 0.598574 0.59856 0.598549 0.598542 0.598537 0.598533 0.598531 0.59853 0.59853 0.598531 0.598533 0.598537 0.598545 0.59856 0.598583 0.598621 0.59868 0.598766 0.598889 0.599056 0.599276 0.599554 0.599893 0.60029 0.600739 0.601228 0.601742 
0.595274 0.595788 0.596275 0.59672 0.597114 0.597452 0.597732 0.597958 0.598134 0.598267 0.598366 0.598436 0.598485 0.598518 0.59854 0.598555 0.598564 0.598569 0.598572 0.598575 0.598576 0.598577 0.598579 0.598581 0.598584 0.59859 0.598599 0.598613 0.598634 0.598665 0.598708 0.598769 0.598849 0.598954 0.599088 0.599253 0.599451 0.599683 0.599948 0.60024 0.600554 0.600882 0.601214 0.60154 0.601849 0.602132 0.602381 0.602588 0.602748 0.602857 0.602913 0.602913 0.602859 0.602751 0.602591 0.602385 0.602138 0.601857 0.601553 0.601235 0.600912 0.600595 0.600293 0.600011 0.599755 0.599528 0.599331 0.599165 0.599028 0.598916 0.598828 0.598759 0.598707 0.598668 0.598639 0.598619 0.598605 0.598595 0.598588 0.598584 0.598582 0.598581 0.598581 0.598582 0.598587 0.598595 0.598609 0.598633 0.598671 0.598729 0.598815 0.598938 0.599106 0.599326 0.599604 0.599942 0.60034 0.600788 0.601277 0.601791 
0.595307 0.595821 0.596308 0.596753 0.597147 0.597485 0.597765 0.597991 0.598167 0.5983 0.598399 0.598469 0.598518 0.598552 0.598574 0.598588 0.598597 0.598603 0.598606 0.598608 0.59861 0.598612 0.598615 0.59862 0.598627 0.598639 0.598658 0.598686 0.598729 0.59879 0.598875 0.598991 0.599145 0.599342 0.59959 0.599893 0.600252 0.600668 0.601137 0.601651 0.602198 0.602765 0.603335 0.603891 0.604416 0.604893 0.605309 0.605653 0.605916 0.606093 0.606179 0.606173 0.606074 0.605884 0.605608 0.605253 0.604829 0.604349 0.603827 0.603281 0.602727 0.60218 0.601656 0.601166 0.60072 0.600322 0.599976 0.599681 0.599436 0.599235 0.599075 0.59895 0.598854 0.598782 0.598729 0.598691 0.598664 0.598645 0.598633 0.598625 0.598619 0.598617 0.598616 0.598617 0.598621 0.598628 0.598642 0.598666 0.598704 0.598762 0.598849 0.598971 0.599139 0.599359 0.599637 0.599976 0.600373 0.600822 0.601311 0.601825 
0.595329 0.595843 0.596329 0.596775 0.597169 0.597507 0.597787 0.598013 0.598189 0.598322 0.598421 0.598491 0.59854 0.598574 0.598596 0.59861 0.598619 0.598625 0.598629 0.598631 0.598634 0.598638 0.598643 0.598653 0.598668 0.598692 0.59873 0.598787 0.598869 0.598986 0.599146 0.599362 0.599643 0.6 0.600442 0.600975 0.601602 0.60232 0.60312 0.603989 0.604908 0.605851 0.606793 0.607704 0.608559 0.609332 0.610002 0.610552 0.610969 0.611245 0.611374 0.611353 0.611181 0.610863 0.610405 0.609818 0.609118 0.608327 0.607466 0.606563 0.605644 0.604736 0.603862 0.603041 0.602289 0.601616 0.601026 0.600521 0.600097 0.599749 0.599468 0.599248 0.599077 0.598948 0.598852 0.598783 0.598733 0.598699 0.598675 0.59866 0.59865 0.598644 0.598641 0.598641 0.598644 0.598651 0.598665 0.598688 0.598726 0.598785 0.598871 0.598994 0.599161 0.599381 0.599659 0.599998 0.600395 0.600844 0.601333 0.601848 
0.595343 0.595857 0.596344 0.596789 0.597183 0.597521 0.597801 0.598027 0.598203 0.598337 0.598435 0.598506 0.598555 0.598588 0.59861 0.598624 0.598634 0.598639 0.598644 0.598648 0.598652 0.598659 0.598671 0.598689 0.59872 0.598767 0.59884 0.598947 0.599101 0.599316 0.599607 0.599992 0.600487 0.601108 0.601868 0.602773 0.603824 0.605016 0.606331 0.607746 0.609228 0.610739 0.612235 0.613675 0.615016 0.616221 0.617259 0.618107 0.618744 0.61916 0.619344 0.619295 0.619012 0.618499 0.617768 0.616836 0.615726 0.614469 0.613102 0.611664 0.610197 0.608741 0.607334 0.606006 0.604783 0.603681 0.60271 0.601873 0.601165 0.600579 0.600104 0.599727 0.599433 0.599209 0.599041 0.598918 0.59883 0.598768 0.598726 0.598697 0.598679 0.598667 0.59866 0.598658 0.59866 0.598666 0.59868 0.598703 0.598741 0.598799 0.598885 0.599008 0.599175 0.599395 0.599674 0.600012 0.60041 0.600859 0.601348 0.601862 
0.595351 0.595866 0.596352 0.596798 0.597192 0.59753 0.59781 0.598036 0.598212 0.598346 0.598444 0.598514 0.598564 0.598597 0.598619 0.598634 0.598643 0.598649 0.598655 0.598661 0.598669 0.598682 0.598705 0.598741 0.598799 0.598889 0.599024 0.59922 0.599497 0.599877 0.600386 0.601048 0.601889 0.60293 0.604186 0.605665 0.607364 0.609268 0.611349 0.613567 0.615871 0.618199 0.62049 0.622678 0.624704 0.626514 0.628064 0.629321 0.63026 0.630862 0.631118 0.631021 0.630574 0.629783 0.628663 0.627238 0.625543 0.623623 0.62153 0.619323 0.617064 0.614814 0.612627 0.610554 0.608632 0.606889 0.605343 0.603999 0.602855 0.601901 0.601121 0.600495 0.600005 0.599627 0.599342 0.599132 0.59898 0.598872 0.598797 0.598747 0.598713 0.598692 0.598679 0.598673 0.598672 0.598677 0.59869 0.598712 0.59875 0.598808 0.598894 0.599017 0.599184 0.599404 0.599683 0.600021 0.600419 0.600868 0.601357 0.601871 
0.595357 0.595871 0.596358 0.596803 0.597197 0.597535 0.597815 0.598041 0.598217 0.598351 0.598449 0.59852 0.598569 0.598603 0.598625 0.598639 0.598649 0.598657 0.598665 0.598674 0.59869 0.598715 0.598757 0.598826 0.598933 0.599096 0.599337 0.599682 0.600162 0.600812 0.601668 0.602768 0.604144 0.605824 0.607826 0.610155 0.6128 0.615732 0.618905 0.622254 0.625702 0.629161 0.632538 0.635742 0.63869 0.641309 0.64354 0.645338 0.646669 0.647512 0.647852 0.647684 0.647009 0.645836 0.644186 0.642092 0.639602 0.636776 0.633689 0.630424 0.627069 0.62371 0.62043 0.617301 0.614382 0.611717 0.609335 0.607248 0.605457 0.603951 0.602708 0.601704 0.600909 0.600292 0.599822 0.599473 0.599217 0.599035 0.598908 0.598821 0.598763 0.598725 0.598702 0.598689 0.598684 0.598686 0.598697 0.598719 0.598756 0.598814 0.5989 0.599022 0.59919 0.59941 0.599688 0.600027 0.600424 0.600873 0.601362 0.601877 
0.59536 0.595874 0.596361 0.596806 0.597201 0.597538 0.597819 0.598044 0.598221 0.598354 0.598453 0.598523 0.598572 0.598606 0.598629 0.598644 0.598655 0.598665 0.598676 0.598693 0.598721 0.598768 0.598846 0.598969 0.59916 0.599446 0.599861 0.600447 0.601251 0.602322 0.603712 0.605472 0.607644 0.61026 0.613338 0.616874 0.620844 0.625198 0.62986 0.634736 0.639711 0.644661 0.649459 0.653981 0.658117 0.66177 0.664864 0.667343 0.669165 0.670303 0.670741 0.670472 0.669496 0.667827 0.66549 0.662528 0.659003 0.654996 0.650607 0.645947 0.641137 0.636298 0.631545 0.626981 0.622694 0.618751 0.615198 0.61206 0.609343 0.607037 0.605119 0.603555 0.602304 0.601325 0.600573 0.600008 0.599592 0.599293 0.599082 0.598936 0.598838 0.598774 0.598733 0.598709 0.598697 0.598695 0.598704 0.598724 0.59876 0.598818 0.598904 0.599026 0.599193 0.599413 0.599692 0.60003 0.600428 0.600877 0.601366 0.60188 
0.595362 0.595876 0.596363 0.596808 0.597202 0.59754 0.597821 0.598046 0.598223 0.598356 0.598455 0.598525 0.598575 0.598608 0.598631 0.598648 0.598661 0.598674 0.598693 0.598723 0.598774 0.598858 0.598995 0.59921 0.599538 0.600022 0.600714 0.601674 0.602972 0.604675 0.606855 0.609573 0.612882 0.616815 0.621382 0.626565 0.632314 0.63855 0.645159 0.652005 0.658928 0.665762 0.672336 0.678491 0.684084 0.688998 0.693137 0.696435 0.698842 0.700328 0.700873 0.70047 0.69912 0.696836 0.693651 0.689616 0.68481 0.679333 0.673314 0.666897 0.66024 0.653505 0.646848 0.640411 0.634319 0.62867 0.623537 0.618964 0.614969 0.611547 0.608672 0.606306 0.604396 0.602886 0.601717 0.60083 0.600172 0.599693 0.599353 0.599117 0.598956 0.59885 0.598781 0.598739 0.598716 0.598707 0.598711 0.598729 0.598764 0.598821 0.598906 0.599028 0.599195 0.599415 0.599694 0.600032 0.60043 0.600879 0.601368 0.601882 
0.595363 0.595877 0.596364 0.596809 0.597204 0.597541 0.597822 0.598047 0.598224 0.598357 0.598456 0.598526 0.598576 0.59861 0.598634 0.598652 0.598669 0.59869 0.598721 0.598774 0.598863 0.599009 0.599243 0.599605 0.600149 0.600939 0.602052 0.603574 0.605598 0.608217 0.611518 0.615577 0.620447 0.626158 0.632703 0.640038 0.64808 0.656703 0.665748 0.675025 0.684324 0.693427 0.702119 0.710202 0.717503 0.72388 0.729225 0.733459 0.736531 0.738406 0.739064 0.738497 0.736704 0.7337 0.729522 0.724228 0.71791 0.710691 0.702726 0.694194 0.685295 0.676234 0.667217 0.658433 0.650052 0.642214 0.635027 0.628565 0.622865 0.617935 0.613753 0.610276 0.607443 0.60518 0.603412 0.602058 0.601044 0.600301 0.599768 0.599394 0.599138 0.598966 0.598855 0.598785 0.598744 0.598724 0.598722 0.598736 0.598768 0.598823 0.598908 0.59903 0.599197 0.599417 0.599695 0.600033 0.600431 0.60088 0.601369 0.601883 
0.595364 0.595878 0.596365 0.59681 0.597204 0.597542 0.597822 0.598048 0.598224 0.598358 0.598457 0.598527 0.598577 0.598612 0.598638 0.598659 0.598682 0.598715 0.598768 0.598858 0.599009 0.599254 0.599641 0.600231 0.601103 0.602351 0.604082 0.606414 0.609468 0.613361 0.618197 0.624056 0.63099 0.639009 0.648078 0.658113 0.668983 0.680507 0.692467 0.704612 0.716675 0.728384 0.739481 0.749729 0.75893 0.766921 0.773585 0.778838 0.782626 0.784916 0.785688 0.784931 0.782646 0.778846 0.773567 0.766873 0.758865 0.749683 0.739506 0.728548 0.717049 0.705262 0.693443 0.681836 0.670667 0.660126 0.650368 0.641507 0.633613 0.626714 0.620803 0.615838 0.611751 0.608455 0.605853 0.603843 0.602322 0.601198 0.600385 0.59981 0.599412 0.599144 0.598967 0.598855 0.598787 0.59875 0.598737 0.598745 0.598773 0.598827 0.59891 0.599031 0.599198 0.599417 0.599695 0.600034 0.600431 0.60088 0.60137 0.601884 
0.595364 0.595878 0.596365 0.59681 0.597204 0.597542 0.597823 0.598048 0.598225 0.598358 0.598457 0.598528 0.598579 0.598615 0.598643 0.598671 0.598705 0.598757 0.598846 0.598995 0.599243 0.599641 0.60026 0.60119 0.602543 0.604451 0.607057 0.610515 0.614976 0.620579 0.627437 0.635627 0.645182 0.65608 0.668241 0.681526 0.695739 0.710635 0.725925 0.741297 0.756422 0.77098 0.784669 0.797225 0.808426 0.818102 0.82613 0.832428 0.836946 0.839654 0.840535 0.839578 0.836781 0.832153 0.825726 0.817563 0.807768 0.796492 0.783932 0.770329 0.755958 0.741119 0.72612 0.711263 0.696832 0.683082 0.670224 0.658427 0.647806 0.638425 0.630301 0.623405 0.617669 0.612996 0.60927 0.606363 0.604144 0.602488 0.601279 0.600417 0.599816 0.599407 0.599135 0.59896 0.598851 0.598788 0.59876 0.598758 0.598781 0.598831 0.598913 0.599033 0.599199 0.599418 0.599696 0.600035 0.600432 0.600881 0.60137 0.601884 
0.595364 0.595878 0.596365 0.59681 0.597205 0.597542 0.597823 0.598049 0.598225 0.598359 0.598458 0.598529 0.598581 0.59862 0.598653 0.598689 0.598741 0.598826 0.598969 0.59921 0.599605 0.600231 0.60119 0.60261 0.604644 0.607468 0.61127 0.616239 0.622555 0.63037 0.639795 0.65089 0.663649 0.677999 0.693796 0.71083 0.728828 0.747468 0.76639 0.785216 0.803564 0.821069 0.837401 0.852274 0.86546 0.876787 0.886138 0.893441 0.898656 0.90176 0.902742 0.90159 0.898298 0.892868 0.885323 0.875718 0.864151 0.850774 0.83579 0.819457 0.802078 0.783989 0.765545 0.747107 0.729021 0.711609 0.695155 0.679893 0.666 0.653594 0.642731 0.633408 0.62557 0.619119 0.613922 0.609827 0.606671 0.604293 0.602542 0.601282 0.600396 0.599788 0.59938 0.599114 0.598946 0.598846 0.598794 0.598778 0.598792 0.598837 0.598916 0.599035 0.5992 0.599419 0.599696 0.600035 0.600432 0.600881 0.60137 0.601884 
0.595364 0.595878 0.596365 0.596811 0.597205 0.597543 0.597823 0.598049 0.598225 0.598359 0.598458 0.598531 0.598584 0.598627 0.598668 0.59872 0.598799 0.598933 0.59916 0.599538 0.600149 0.601103 0.602543 0.604644 0.60761 0.611666 0.617045 0.623972 0.632647 0.643222 0.655791 0.670371 0.686899 0.705229 0.725132 0.746309 0.768401 0.791006 0.813693 0.836025 0.857578 0.877957 0.896815 0.913865 0.928884 0.941713 0.952254 0.96045 0.966279 0.969731 0.9708 0.969477 0.965749 0.959608 0.951063 0.940151 0.926955 0.911614 0.894324 0.875345 0.854991 0.833622 0.811632 0.789428 0.767421 0.746004 0.725537 0.706335 0.688654 0.672684 0.65854 0.646265 0.635831 0.62715 0.620084 0.614459 0.610082 0.606753 0.604278 0.602482 0.601208 0.600325 0.599728 0.599334 0.599083 0.598929 0.598843 0.598807 0.598809 0.598847 0.598921 0.599037 0.599201 0.59942 0.599697 0.600035 0.600432 0.600881 0.60137 0.601884 
0.595364 0.595879 0.596365 0.596811 0.597205 0.597543 0.597823 0.598049 0.598225 0.59836 0.59846 0.598533 0.59859 0.598639 0.598692 0.598767 0.598889 0.599096 0.599446 0.600022 0.600939 0.602351 0.604451 0.607468 0.611666 0.617322 0.624713 0.634092 0.645664 0.659565 0.675846 0.694458 0.715254 0.73799 0.762336 0.787894 0.814213 0.840809 0.867192 0.892879 0.917419 0.940409 0.961505 0.980436 0.997002 1.01107 1.02258 1.03149 1.0378 1.04153 1.04267 1.04122 1.03715 1.03045 1.02111 1.00913 0.994579 0.977559 0.958248 0.936888 0.913785 0.889305 0.863861 0.837897 0.811877 0.786262 0.761496 0.737982 0.716071 0.696044 0.678097 0.662341 0.648798 0.637406 0.628033 0.620495 0.61457 0.610019 0.606606 0.604105 0.602315 0.601064 0.600211 0.599643 0.599276 0.599048 0.598914 0.598848 0.598833 0.59886 0.598929 0.599042 0.599204 0.599421 0.599698 0.600036 0.600432 0.600881 0.60137 0.601884 
0.595364 0.595879 0.596365 0.596811 0.597205 0.597543 0.597823 0.598049 0.598226 0.59836 0.598461 0.598538 0.598599 0.598658 0.59873 0.59884 0.599024 0.599337 0.599861 0.600714 0.602052 0.604082 0.607057 0.61127 0.617045 0.624713 0.634587 0.646935 0.661948 0.67972 0.700229 0.723335 0.74878 0.776202 0.805156 0.835135 0.8656 0.895997 0.925789 0.954469 0.981583 1.00674 1.02963 1.05 1.06772 1.08267 1.09484 1.10423 1.11086 1.11477 1.11597 1.11444 1.11017 1.10312 1.09325 1.08054 1.06501 1.04673 1.02584 1.00253 0.977098 0.949878 0.921283 0.891775 0.861854 0.832042 0.80286 0.774809 0.748345 0.723857 0.701646 0.681915 0.664758 0.650164 0.638026 0.62816 0.620326 0.614251 0.609649 0.606246 0.603789 0.602057 0.600865 0.600065 0.599542 0.599212 0.599014 0.598907 0.598867 0.59888 0.59894 0.599047 0.599207 0.599422 0.599698 0.600036 0.600433 0.600881 0.60137 0.601885 
0.595364 0.595879 0.596365 0.596811 0.597205 0.597543 0.597823 0.598049 0.598226 0.598362 0.598464 0.598544 0.598613 0.598686 0.598787 0.598947 0.59922 0.599682 0.600447 0.601674 0.603574 0.606414 0.610515 0.616239 0.623972 0.634092 0.646935 0.662763 0.681728 0.703852 0.729012 0.756945 0.78726 0.81946 0.852978 0.887202 0.921511 0.955301 0.988008 1.01913 1.04823 1.07497 1.09907 1.12036 1.13873 1.15415 1.16664 1.17623 1.183 1.18698 1.18821 1.18667 1.18235 1.17517 1.16509 1.15204 1.136 1.11698 1.09507 1.07041 1.04322 1.01381 0.982573 0.949946 0.916452 0.882653 0.849141 0.81651 0.785327 0.756104 0.729269 0.705139 0.683908 0.665641 0.65028 0.63766 0.627534 0.619602 0.613536 0.609007 0.605708 0.603361 0.601732 0.600629 0.599901 0.599435 0.59915 0.598988 0.598914 0.598907 0.598955 0.599056 0.599211 0.599425 0.5997 0.600037 0.600433 0.600882 0.60137 0.601885 
0.595364 0.595879 0.596365 0.596811 0.597205 0.597543 0.597823 0.59805 0.598227 0.598364 0.598469 0.598554 0.598634 0.598729 0.598869 0.599101 0.599497 0.600162 0.601251 0.602972 0.605598 0.609468 0.614976 0.622555 0.632647 0.645664 0.661948 0.681728 0.705087 0.731942 0.762039 0.794966 0.830182 0.867046 0.904868 0.942943 0.980586 1.01717 1.05212 1.08499 1.11537 1.14299 1.16766 1.18927 1.20777 1.22321 1.23565 1.24517 1.25187 1.25582 1.25706 1.25558 1.25135 1.2443 1.23433 1.22136 1.2053 1.18612 1.16381 1.13847 1.11024 1.07935 1.04613 1.011 0.974459 0.937095 0.899546 0.862492 0.82661 0.792544 0.760859 0.732014 0.706326 0.683966 0.664949 0.649155 0.636348 0.626213 0.618385 0.612486 0.608147 0.605034 0.602854 0.601364 0.600373 0.599731 0.599331 0.599097 0.598979 0.598944 0.598976 0.599067 0.599218 0.599428 0.599701 0.600038 0.600433 0.600882 0.601371 0.601885 
0.595364 0.595879 0.596365 0.596811 0.597205 0.597543 0.597824 0.59805 0.598228 0.598367 0.598476 0.598569 0.598665 0.59879 0.598986 0.599316 0.599877 0.600812 0.602322 0.604675 0.608217 0.613361 0.620579 0.63037 0.643222 0.659565 0.67972 0.703852 0.731942 0.76377 0.798925 0.836827 0.87677 0.917974 0.959636 1.00097 1.04127 1.07989 1.11632 1.15013 1.18103 1.20882 1.23338 1.25471 1.27283 1.28786 1.29989 1.30908 1.31553 1.31935 1.32057 1.3192 1.31521 1.3085 1.29896 1.28646 1.27087 1.25209 1.23005 1.20473 1.17621 1.14462 1.11021 1.07333 1.03445 0.994123 0.953032 0.911916 0.871552 0.832714 0.796117 0.762375 0.731957 0.705162 0.68211 0.662752 0.646886 0.6342 0.624303 0.616773 0.611183 0.607135 0.604275 0.602304 0.60098 0.600116 0.599569 0.599241 0.599064 0.598993 0.599004 0.599083 0.599226 0.599433 0.599704 0.600039 0.600434 0.600882 0.601371 0.601885 
0.595364 0.595879 0.596365 0.596811 0.597205 0.597543 0.597824 0.598051 0.59823 0.598371 0.598486 0.598591 0.598708 0.598875 0.599146 0.599607 0.600386 0.601668 0.603712 0.606855 0.611518 0.618197 0.627437 0.639795 0.655791 0.675846 0.700229 0.729012 0.762039 0.798925 0.839078 0.881739 0.926041 0.971072 1.01594 1.0598 1.10195 1.14179 1.17884 1.2128 1.24344 1.27069 1.29452 1.31502 1.3323 1.34653 1.35786 1.36648 1.37253 1.37611 1.37729 1.37609 1.37244 1.36626 1.35741 1.34573 1.33104 1.31318 1.292 1.2674 1.23934 1.20786 1.1731 1.13531 1.09488 1.05235 1.00838 0.963746 0.919307 0.875957 0.834561 0.795896 0.760602 0.729135 0.701747 0.678486 0.659215 0.643643 0.631373 0.621944 0.614879 0.609717 0.606037 0.60348 0.601747 0.600604 0.599874 0.599427 0.599175 0.599058 0.599041 0.599104 0.599237 0.599439 0.599707 0.60004 0.600435 0.600882 0.601371 0.601885 
0.595365 0.595879 0.596365 0.596811 0.597205 0.597543 0.597824 0.598052 0.598233 0.598378 0.5985 0.59862 0.598769 0.598991 0.599362 0.599992 0.601048 0.602768 0.605472 0.609573 0.615577 0.624056 0.635627 0.65089 0.670371 0.694458 0.723335 0.756945 0.794966 0.836827 0.881739 0.928765 0.976886 1.02508 1.07238 1.11796 1.1611 1.20129 1.23816 1.27148 1.30117 1.32725 1.34982 1.36903 1.38509 1.39821 1.4086 1.41647 1.42199 1.42528 1.4264 1.42538 1.42216 1.41664 1.40868 1.39808 1.38463 1.36811 1.3483 1.32502 1.29811 1.2675 1.2332 1.19536 1.15426 1.11037 1.06429 1.01683 0.968892 0.921464 0.875552 0.832102 0.791932 0.755676 0.723745 0.696316 0.67334 0.654579 0.639644 0.628055 0.619289 0.612825 0.608177 0.604919 0.602693 0.601212 0.600256 0.599662 0.599316 0.599141 0.599088 0.599131 0.599252 0.599447 0.599711 0.600043 0.600436 0.600883 0.601371 0.601885 
0.595365 0.595879 0.596365 0.596811 0.597205 0.597543 0.597825 0.598054 0.598238 0.598387 0.59852 0.598661 0.598849 0.599145 0.599643 0.600487 0.601889 0.604144 0.607644 0.612882 0.620447 0.63099 0.645182 0.663649 0.686899 0.715254 0.74878 0.78726 0.830182 0.87677 0.926041 0.976886 1.02815 1.07874 1.12766 1.17408 1.21738 1.25711 1.29303 1.32505 1.3532 1.37761 1.39849 1.41607 1.43064 1.44244 1.45173 1.45874 1.46364 1.46658 1.46763 1.4668 1.46405 1.45927 1.45231 1.44296 1.43099 1.41612 1.39807 1.37657 1.35138 1.3223 1.28921 1.25213 1.21121 1.16682 1.1195 1.07 1.01926 0.96833 0.918342 0.870397 0.825496 0.784464 0.747893 0.716115 0.689202 0.66699 0.649128 0.635131 0.624444 0.616492 0.610724 0.606647 0.603838 0.601953 0.600725 0.599952 0.599491 0.599245 0.599149 0.599165 0.599271 0.599457 0.599717 0.600046 0.600438 0.600884 0.601372 0.601885 
0.595365 0.595879 0.596365 0.596811 0.597205 0.597544 0.597826 0.598057 0.598243 0.5984 0.598547 0.598715 0.598954 0.599342 0.6 0.601108 0.60293 0.605824 0.61026 0.616815 0.626158 0.639009 0.65608 0.677999 0.705229 0.73799 0.776202 0.81946 0.867046 0.917974 0.971072 1.02508 1.07874 1.13091 1.1806 1.22704 1.26971 1.30828 1.34263 1.3728 1.39895 1.42133 1.44023 1.45598 1.46888 1.47925 1.48736 1.49345 1.49771 1.50028 1.50123 1.50059 1.49831 1.49429 1.48838 1.48036 1.46998 1.45693 1.44088 1.42151 1.39845 1.37142 1.34016 1.30454 1.2646 1.22054 1.17283 1.12213 1.06936 1.01562 0.962118 0.910104 0.860753 0.815085 0.77389 0.737679 0.70667 0.680805 0.659793 0.643167 0.630353 0.620732 0.613695 0.608679 0.605195 0.602838 0.601289 0.600303 0.599705 0.599372 0.599223 0.599207 0.599295 0.59947 0.599724 0.600049 0.600439 0.600885 0.601372 0.601885 
0.595365 0.595879 0.596365 0.596811 0.597206 0.597544 0.597828 0.59806 0.598251 0.598416 0.598581 0.598784 0.599088 0.59959 0.600442 0.601868 0.604186 0.607826 0.613338 0.621382 0.632703 0.648078 0.668241 0.693796 0.725132 0.762336 0.805156 0.852978 0.904868 0.959636 1.01594 1.07238 1.12766 1.1806 1.23027 1.276 1.31736 1.35417 1.38646 1.41439 1.43825 1.45839 1.47517 1.48898 1.50018 1.50909 1.51601 1.52118 1.52479 1.52698 1.52782 1.52735 1.52552 1.52224 1.51736 1.51066 1.50188 1.4907 1.47677 1.45969 1.43903 1.41441 1.38544 1.35187 1.31357 1.2706 1.22329 1.17221 1.11822 1.06242 1.00606 0.950504 0.897098 0.847051 0.801358 0.760726 0.725547 0.695892 0.671557 0.652115 0.636994 0.62554 0.617091 0.61102 0.606771 0.603874 0.601953 0.60072 0.59996 0.599525 0.599313 0.599258 0.599324 0.599486 0.599732 0.600054 0.600442 0.600886 0.601373 0.601886 
0.595365 0.595879 0.596366 0.596811 0.597206 0.597545 0.59783 0.598064 0.598261 0.598437 0.598625 0.598871 0.599253 0.599893 0.600975 0.602773 0.605665 0.610155 0.616874 0.626565 0.640038 0.658113 0.681526 0.71083 0.746309 0.787894 0.835135 0.887202 0.942943 1.00097 1.0598 1.11796 1.17408 1.22704 1.276 1.32037 1.35989 1.39452 1.42441 1.44988 1.4713 1.48911 1.50374 1.51563 1.52516 1.53266 1.53844 1.54274 1.54573 1.54756 1.54829 1.54797 1.54654 1.54393 1.54 1.53454 1.52729 1.51794 1.50611 1.49135 1.47321 1.45119 1.42483 1.39371 1.35758 1.31633 1.27014 1.21944 1.16501 1.10789 1.04937 0.990875 0.933896 0.879823 0.829857 0.784914 0.745573 0.712063 0.68429 0.661892 0.644314 0.630885 0.620897 0.613664 0.608563 0.60506 0.60272 0.601203 0.600259 0.599705 0.599419 0.59932 0.599358 0.599505 0.599743 0.600059 0.600445 0.600887 0.601373 0.601886 
0.595365 0.595879 0.596366 0.596811 0.597206 0.597546 0.597832 0.59807 0.598273 0.598464 0.598678 0.598976 0.599451 0.600252 0.601602 0.603824 0.607364 0.6128 0.620844 0.632314 0.64808 0.668983 0.695739 0.728828 0.768401 0.814213 0.8656 0.921511 0.980586 1.04127 1.10195 1.1611 1.21738 1.26971 1.31736 1.35989 1.39718 1.42934 1.45666 1.47956 1.49852 1.51404 1.52661 1.53667 1.54464 1.55084 1.55558 1.55907 1.5615 1.563 1.56362 1.56341 1.56233 1.56031 1.55722 1.55288 1.54703 1.53937 1.52952 1.51702 1.50136 1.482 1.45838 1.42998 1.39638 1.35733 1.31284 1.2632 1.20904 1.15132 1.09133 1.03053 0.970513 0.91284 0.858908 0.809845 0.766434 0.729078 0.697816 0.672372 0.652227 0.636709 0.625077 0.61659 0.61056 0.606391 0.603585 0.601753 0.6006 0.599912 0.599541 0.599391 0.599399 0.599528 0.599755 0.600066 0.600448 0.600889 0.601374 0.601886 
0.595365 0.595879 0.596366 0.596811 0.597207 0.597548 0.597835 0.598077 0.598288 0.598495 0.598743 0.599101 0.599683 0.600668 0.60232 0.605016 0.609268 0.615732 0.625198 0.63855 0.656703 0.680507 0.710635 0.747468 0.791006 0.840809 0.895997 0.955301 1.01717 1.07989 1.14179 1.20129 1.25711 1.30828 1.35417 1.39452 1.42934 1.45889 1.48359 1.50395 1.52054 1.53389 1.54454 1.55294 1.5595 1.56454 1.56836 1.57115 1.57308 1.57428 1.5748 1.57468 1.57388 1.57236 1.56999 1.56661 1.56199 1.55584 1.54778 1.53737 1.52407 1.5073 1.48643 1.46084 1.42999 1.39347 1.35112 1.30307 1.24978 1.19213 1.13131 1.06883 1.00634 0.945537 0.888008 0.83509 0.787773 0.746651 0.711914 0.683389 0.660615 0.642932 0.629576 0.619761 0.61274 0.607852 0.604541 0.602364 0.600981 0.600144 0.59968 0.599472 0.599445 0.599553 0.599769 0.600073 0.600452 0.600891 0.601375 0.601887 
0.595366 0.595879 0.596366 0.596812 0.597207 0.597549 0.597839 0.598085 0.598306 0.598533 0.598817 0.599244 0.599948 0.601137 0.60312 0.606331 0.611349 0.618905 0.62986 0.645159 0.665748 0.692467 0.725925 0.76639 0.813693 0.867192 0.925789 0.988008 1.05212 1.11632 1.17884 1.23816 1.29303 1.34263 1.38646 1.42441 1.45666 1.48359 1.50573 1.52367 1.53805 1.54943 1.55835 1.56528 1.57061 1.57465 1.57767 1.57987 1.58138 1.58232 1.58275 1.58268 1.58212 1.58099 1.57921 1.57664 1.57306 1.5682 1.56172 1.55318 1.54204 1.52769 1.50946 1.48666 1.45863 1.42482 1.38491 1.33883 1.28691 1.22987 1.16882 1.10523 1.04081 0.977371 0.916655 0.860199 0.809207 0.764465 0.72633 0.694747 0.66933 0.649445 0.634319 0.623126 0.615068 0.609423 0.605576 0.603029 0.601398 0.6004 0.599833 0.599561 0.599496 0.599582 0.599785 0.600082 0.600457 0.600894 0.601377 0.601888 
0.595366 0.59588 0.596366 0.596812 0.597208 0.597551 0.597843 0.598095 0.598327 0.598575 0.598901 0.599403 0.60024 0.601651 0.603989 0.607746 0.613567 0.622254 0.634736 0.652005 0.675025 0.704612 0.741297 0.785216 0.836025 0.892879 0.954469 1.01913 1.08499 1.15013 1.2128 1.27148 1.32505 1.3728 1.41439 1.44988 1.47956 1.50395 1.52367 1.53939 1.55176 1.56139 1.56881 1.57447 1.57875 1.58196 1.58432 1.58602 1.58719 1.58792 1.58826 1.58824 1.58784 1.58703 1.58572 1.58379 1.58107 1.5773 1.57216 1.56523 1.556 1.54385 1.52808 1.50794 1.48267 1.45162 1.41428 1.37044 1.32024 1.26424 1.20345 1.13927 1.07344 1.00784 0.944362 0.884727 0.830338 0.782182 0.740784 0.706225 0.678202 0.656123 0.639213 0.626622 0.617501 0.611074 0.606669 0.603735 0.601844 0.600674 0.599999 0.599659 0.599552 0.599614 0.599802 0.600091 0.600462 0.600896 0.601378 0.601888 
0.595366 0.59588 0.596366 0.596812 0.597209 0.597553 0.597848 0.598105 0.598349 0.598622 0.598993 0.599577 0.600554 0.602198 0.604908 0.609228 0.615871 0.625702 0.639711 0.658928 0.684324 0.716675 0.756422 0.803564 0.857578 0.917419 0.981583 1.04823 1.11537 1.18103 1.24344 1.30117 1.3532 1.39895 1.43825 1.4713 1.49852 1.52054 1.53805 1.55176 1.56237 1.57048 1.57661 1.58121 1.58463 1.58715 1.58898 1.59028 1.59117 1.59172 1.59199 1.59199 1.59172 1.59115 1.59021 1.58879 1.58674 1.58385 1.57982 1.57425 1.56667 1.55646 1.5429 1.52521 1.50257 1.4742 1.43947 1.39799 1.34972 1.29507 1.23492 1.1706 1.10381 1.0365 0.970683 0.908243 0.850775 0.799457 0.754988 0.717587 0.687045 0.662822 0.644155 0.630172 0.619986 0.61277 0.607798 0.604468 0.602309 0.600962 0.600173 0.599762 0.599612 0.599648 0.599821 0.600102 0.600467 0.600899 0.601379 0.601889 
0.595367 0.59588 0.596367 0.596813 0.59721 0.597555 0.597853 0.598117 0.598374 0.598672 0.59909 0.599759 0.600882 0.602765 0.605851 0.610739 0.618199 0.629161 0.644661 0.665762 0.693427 0.728384 0.77098 0.821069 0.877957 0.940409 1.00674 1.07497 1.14299 1.20882 1.27069 1.32725 1.37761 1.42133 1.45839 1.48911 1.51404 1.53389 1.54943 1.56139 1.57048 1.5773 1.58236 1.58608 1.5888 1.59077 1.59218 1.59316 1.59383 1.59425 1.59446 1.59448 1.5943 1.5939 1.59323 1.5922 1.59068 1.58848 1.58535 1.58091 1.57471 1.56616 1.55455 1.53906 1.51883 1.49299 1.46077 1.42165 1.37542 1.32232 1.26308 1.19894 1.13158 1.06297 0.995221 0.930357 0.870149 0.815958 0.768653 0.728592 0.695666 0.669393 0.649031 0.633695 0.622466 0.614471 0.608936 0.605211 0.602782 0.601257 0.600352 0.599868 0.599674 0.599683 0.599841 0.600112 0.600473 0.600902 0.601381 0.60189 
0.595367 0.59588 0.596367 0.596813 0.597211 0.597558 0.597859 0.598129 0.5984 0.598724 0.59919 0.599945 0.601214 0.603335 0.606793 0.612235 0.62049 0.632538 0.649459 0.672336 0.702119 0.739481 0.784669 0.837401 0.896815 0.961505 1.02963 1.09907 1.16766 1.23338 1.29452 1.34982 1.39849 1.44023 1.47517 1.50374 1.52661 1.54454 1.55835 1.56881 1.57661 1.58236 1.58655 1.58957 1.59173 1.59326 1.59434 1.59509 1.59559 1.5959 1.59606 1.59608 1.59597 1.5957 1.59523 1.59449 1.59337 1.59171 1.58928 1.58575 1.58069 1.57353 1.56359 1.55003 1.53195 1.50841 1.47855 1.44169 1.39748 1.346 1.28784 1.22414 1.15652 1.08696 1.01765 0.950728 0.88813 0.831381 0.78151 0.739011 0.703878 0.675689 0.653728 0.637107 0.62488 0.616136 0.610055 0.605945 0.603252 0.60155 0.600531 0.599975 0.599736 0.599719 0.599861 0.600123 0.600479 0.600905 0.601382 0.601891 
0.595368 0.59588 0.596367 0.596814 0.597212 0.59756 0.597865 0.598142 0.598426 0.598776 0.59929 0.600129 0.60154 0.603891 0.607704 0.613675 0.622678 0.635742 0.653981 0.678491 0.710202 0.749729 0.797225 0.852274 0.913865 0.980436 1.05 1.12036 1.18927 1.25471 1.31502 1.36903 1.41607 1.45598 1.48898 1.51563 1.53667 1.55294 1.56528 1.57447 1.58121 1.58608 1.58957 1.59203 1.59376 1.59496 1.59579 1.59635 1.59672 1.59695 1.59707 1.5971 1.59703 1.59684 1.59652 1.59599 1.59517 1.59392 1.59203 1.58922 1.58508 1.57907 1.57052 1.55861 1.5424 1.5209 1.49317 1.45841 1.41612 1.36625 1.30923 1.24612 1.17846 1.10825 1.0377 0.969077 0.904436 0.845457 0.793316 0.748635 0.711504 0.681567 0.658136 0.640325 0.627169 0.617721 0.611126 0.60665 0.603705 0.601835 0.600706 0.60008 0.599798 0.599754 0.59988 0.600134 0.600484 0.600908 0.601384 0.601891 
0.595368 0.595881 0.596367 0.596814 0.597213 0.597563 0.59787 0.598154 0.598451 0.598826 0.599386 0.600305 0.601849 0.604416 0.608559 0.615016 0.624704 0.63869 0.658117 0.684084 0.717503 0.75893 0.808426 0.86546 0.928884 0.997002 1.06772 1.13873 1.20777 1.27283 1.3323 1.38509 1.43064 1.46888 1.50018 1.52516 1.54464 1.5595 1.57061 1.57875 1.58463 1.5888 1.59173 1.59376 1.59515 1.5961 1.59674 1.59717 1.59744 1.59762 1.59771 1.59773 1.59768 1.59756 1.59734 1.59696 1.59636 1.59541 1.59394 1.59169 1.58827 1.58319 1.57578 1.56524 1.55061 1.53088 1.50501 1.47212 1.43158 1.38321 1.32733 1.26487 1.19734 1.12669 1.0552 0.985191 0.918843 0.857967 0.803867 0.757281 0.718392 0.686902 0.662157 0.643274 0.629275 0.619188 0.61212 0.607309 0.60413 0.602103 0.600871 0.60018 0.599856 0.599788 0.5999 0.600145 0.60049 0.600911 0.601386 0.601892 
