0.14177 0.142768 0.14356 0.144112 0.144456 0.14465 0.14475 0.144797 0.144819 0.144828 0.144831 0.144832 0.144833 0.144833 0.144833 0.144833 0.144833 0.144833 0.144833 0.144833 0.144833 0.144833 0.144833 0.144833 0.144833 0.144833 0.144833 0.144833 0.144833 0.144833 0.144833 0.144833 0.144833 0.144833 0.144833 0.144833 0.144833 0.144833 0.144833 0.144833 0.144833 0.144833 0.144833 0.144833 0.144833 0.144833 0.144833 0.144833 0.144833 0.144833 0.144833 0.144833 0.144833 0.144833 0.144833 0.144833 0.144833 0.144833 0.144833 0.144833 0.144833 0.144833 0.144833 0.144833 0.144833 0.144833 0.144833 0.144833 0.144833 0.144833 0.144833 0.144833 0.144833 0.144833 0.144833 0.144833 0.144833 0.144833 0.144833 0.144833 0.144833 0.144833 0.144833 0.144833 0.144833 0.144833 0.144833 0.144833 0.144833 0.144833 0.144834 0.144835 0.144841 0.144863 0.144924 0.145075 0.145386 0.145928 0.146727 0.147725 
0.142768 0.143761 0.144549 0.1451 0.145444 0.145639 0.14574 0.145788 0.14581 0.145819 0.145822 0.145824 0.145824 0.145824 0.145824 0.145824 0.145824 0.145824 0.145824 0.145824 0.145824 0.145824 0.145824 0.145824 0.145824 0.145824 0.145824 0.145824 0.145824 0.145824 0.145824 0.145824 0.145824 0.145824 0.145824 0.145824 0.145824 0.145824 0.145824 0.145824 0.145824 0.145824 0.145824 0.145824 0.145824 0.145824 0.145824 0.145824 0.145824 0.145824 0.145824 0.145824 0.145824 0.145824 0.145824 0.145824 0.145824 0.145824 0.145824 0.145824 0.145824 0.145824 0.145824 0.145824 0.145824 0.145824 0.145824 0.145824 0.145824 0.145824 0.145824 0.145824 0.145824 0.145824 0.145824 0.145824 0.145824 0.145824 0.145824 0.145824 0.145824 0.145824 0.145824 0.145824 0.145824 0.145824 0.145824 0.145824 0.145824 0.145824 0.145825 0.145826 0.145833 0.145855 0.145917 0.146069 0.146381 0.146922 0.147717 0.14871 
0.14356 0.144549 0.145335 0.145886 0.146231 0.146426 0.146528 0.146577 0.146599 0.146608 0.146611 0.146613 0.146613 0.146613 0.146614 0.146614 0.146614 0.146614 0.146614 0.146614 0.146614 0.146614 0.146614 0.146614 0.146614 0.146614 0.146614 0.146614 0.146614 0.146614 0.146614 0.146614 0.146614 0.146614 0.146614 0.146614 0.146614 0.146614 0.146614 0.146614 0.146614 0.146614 0.146614 0.146614 0.146614 0.146614 0.146614 0.146614 0.146614 0.146614 0.146614 0.146614 0.146614 0.146614 0.146614 0.146614 0.146614 0.146614 0.146614 0.146614 0.146614 0.146614 0.146614 0.146614 0.146614 0.146614 0.146614 0.146614 0.146614 0.146614 0.146614 0.146614 0.146614 0.146614 0.146614 0.146614 0.146614 0.146614 0.146614 0.146614 0.146614 0.146614 0.146614 0.146614 0.146614 0.146614 0.146614 0.146614 0.146614 0.146614 0.146614 0.146616 0.146622 0.146645 0.146708 0.146861 0.147174 0.147715 0.148509 0.149498 
0.144112 0.1451 0.145886 0.146437 0.146783 0.146979 0.147081 0.14713 0.147153 0.147162 0.147166 0.147167 0.147168 0.147168 0.147168 0.147168 0.147168 0.147168 0.147168 0.147168 0.147168 0.147168 0.147168 0.147168 0.147168 0.147168 0.147168 0.147168 0.147168 0.147168 0.147168 0.147168 0.147168 0.147168 0.147168 0.147168 0.147168 0.147168 0.147168 0.147168 0.147168 0.147168 0.147168 0.147168 0.147168 0.147168 0.147168 0.147168 0.147168 0.147168 0.147168 0.147168 0.147168 0.147168 0.147168 0.147168 0.147168 0.147168 0.147168 0.147168 0.147168 0.147168 0.147168 0.147168 0.147168 0.147168 0.147168 0.147168 0.147168 0.147168 0.147168 0.147168 0.147168 0.147168 0.147168 0.147168 0.147168 0.147168 0.147168 0.147168 0.147168 0.147168 0.147168 0.147168 0.147168 0.147168 0.147168 0.147168 0.147168 0.147168 0.147168 0.14717 0.147177 0.147199 0.147264 0.147418 0.147731 0.148273 0.149067 0.150055 
0.144456 0.145444 0.146231 0.146783 0.147129 0.147326 0.147429 0.147478 0.147501 0.14751 0.147514 0.147515 0.147516 0.147516 0.147516 0.147516 0.147516 0.147516 0.147516 0.147516 0.147516 0.147516 0.147516 0.147516 0.147516 0.147516 0.147516 0.147516 0.147516 0.147516 0.147516 0.147516 0.147516 0.147516 0.147516 0.147516 0.147516 0.147516 0.147516 0.147516 0.147516 0.147516 0.147516 0.147516 0.147516 0.147516 0.147516 0.147516 0.147516 0.147516 0.147516 0.147516 0.147516 0.147516 0.147516 0.147516 0.147516 0.147516 0.147516 0.147516 0.147516 0.147516 0.147516 0.147516 0.147516 0.147516 0.147516 0.147516 0.147516 0.147516 0.147516 0.147516 0.147516 0.147516 0.147516 0.147516 0.147516 0.147516 0.147516 0.147516 0.147516 0.147516 0.147516 0.147516 0.147516 0.147516 0.147516 0.147516 0.147516 0.147516 0.147517 0.147518 0.147525 0.147548 0.147613 0.147767 0.148082 0.148625 0.149419 0.150408 
0.14465 0.145639 0.146426 0.146979 0.147326 0.147524 0.147627 0.147676 0.147699 0.147708 0.147712 0.147714 0.147714 0.147714 0.147714 0.147714 0.147714 0.147714 0.147714 0.147714 0.147714 0.147714 0.147714 0.147714 0.147714 0.147714 0.147714 0.147714 0.147714 0.147714 0.147714 0.147714 0.147714 0.147714 0.147714 0.147714 0.147714 0.147714 0.147714 0.147714 0.147714 0.147714 0.147714 0.147714 0.147714 0.147714 0.147714 0.147714 0.147714 0.147714 0.147714 0.147714 0.147714 0.147714 0.147714 0.147714 0.147714 0.147714 0.147714 0.147714 0.147714 0.147714 0.147714 0.147714 0.147714 0.147714 0.147714 0.147714 0.147714 0.147714 0.147714 0.147714 0.147714 0.147714 0.147714 0.147714 0.147714 0.147714 0.147714 0.147714 0.147714 0.147714 0.147714 0.147714 0.147714 0.147714 0.147714 0.147714 0.147714 0.147714 0.147715 0.147717 0.147724 0.147747 0.147812 0.147967 0.148282 0.148826 0.149621 0.150611 
0.14475 0.14574 0.146528 0.147081 0.147429 0.147627 0.14773 0.14778 0.147802 0.147812 0.147816 0.147817 0.147818 0.147818 0.147818 0.147818 0.147818 0.147818 0.147818 0.147818 0.147818 0.147818 0.147818 0.147818 0.147818 0.147818 0.147818 0.147818 0.147818 0.147818 0.147818 0.147818 0.147818 0.147818 0.147818 0.147818 0.147818 0.147818 0.147818 0.147818 0.147818 0.147818 0.147818 0.147818 0.147818 0.147818 0.147818 0.147818 0.147818 0.147818 0.147818 0.147818 0.147818 0.147818 0.147818 0.147818 0.147818 0.147818 0.147818 0.147818 0.147818 0.147818 0.147818 0.147818 0.147818 0.147818 0.147818 0.147818 0.147818 0.147818 0.147818 0.147818 0.147818 0.147818 0.147818 0.147818 0.147818 0.147818 0.147818 0.147818 0.147818 0.147818 0.147818 0.147818 0.147818 0.147818 0.147818 0.147818 0.147818 0.147818 0.147818 0.14782 0.147827 0.14785 0.147915 0.148071 0.148387 0.148931 0.149727 0.150717 
0.144797 0.145788 0.146577 0.14713 0.147478 0.147676 0.14778 0.14783 0.147852 0.147862 0.147866 0.147867 0.147868 0.147868 0.147868 0.147868 0.147868 0.147868 0.147868 0.147868 0.147868 0.147868 0.147868 0.147868 0.147868 0.147868 0.147868 0.147868 0.147868 0.147868 0.147868 0.147868 0.147868 0.147868 0.147868 0.147868 0.147868 0.147868 0.147868 0.147868 0.147868 0.147868 0.147868 0.147868 0.147868 0.147868 0.147868 0.147868 0.147868 0.147868 0.147868 0.147868 0.147868 0.147868 0.147868 0.147868 0.147868 0.147868 0.147868 0.147868 0.147868 0.147868 0.147868 0.147868 0.147868 0.147868 0.147868 0.147868 0.147868 0.147868 0.147868 0.147868 0.147868 0.147868 0.147868 0.147868 0.147868 0.147868 0.147868 0.147868 0.147868 0.147868 0.147868 0.147868 0.147868 0.147868 0.147868 0.147868 0.147868 0.147868 0.147868 0.14787 0.147877 0.1479 0.147966 0.148121 0.148438 0.148982 0.149779 0.150769 
0.144819 0.14581 0.146599 0.147153 0.147501 0.147699 0.147802 0.147852 0.147875 0.147884 0.147888 0.14789 0.14789 0.14789 0.147891 0.147891 0.147891 0.147891 0.147891 0.147891 0.147891 0.147891 0.147891 0.147891 0.147891 0.147891 0.147891 0.147891 0.147891 0.147891 0.147891 0.147891 0.147891 0.147891 0.147891 0.147891 0.147891 0.147891 0.147891 0.147891 0.147891 0.147891 0.147891 0.147891 0.147891 0.147891 0.147891 0.147891 0.147891 0.147891 0.147891 0.147891 0.147891 0.147891 0.147891 0.147891 0.147891 0.147891 0.147891 0.147891 0.147891 0.147891 0.147891 0.147891 0.147891 0.147891 0.147891 0.147891 0.147891 0.147891 0.147891 0.147891 0.147891 0.147891 0.147891 0.147891 0.147891 0.147891 0.147891 0.147891 0.147891 0.147891 0.147891 0.147891 0.147891 0.147891 0.147891 0.147891 0.147891 0.147891 0.147891 0.147893 0.1479 0.147923 0.147988 0.148144 0.148461 0.149006 0.149802 0.150793 
0.144828 0.145819 0.146608 0.147162 0.14751 0.147708 0.147812 0.147862 0.147884 0.147894 0.147898 0.147899 0.1479 0.1479 0.1479 0.1479 0.1479 0.1479 0.1479 0.1479 0.1479 0.1479 0.1479 0.1479 0.1479 0.1479 0.1479 0.1479 0.1479 0.1479 0.1479 0.1479 0.1479 0.1479 0.1479 0.1479 0.1479 0.1479 0.1479 0.1479 0.1479 0.1479 0.1479 0.1479 0.1479 0.1479 0.1479 0.1479 0.1479 0.1479 0.1479 0.1479 0.1479 0.1479 0.1479 0.1479 0.1479 0.1479 0.1479 0.1479 0.1479 0.1479 0.1479 0.1479 0.1479 0.1479 0.1479 0.1479 0.1479 0.1479 0.1479 0.1479 0.1479 0.1479 0.1479 0.1479 0.1479 0.1479 0.1479 0.1479 0.1479 0.1479 0.1479 0.1479 0.1479 0.1479 0.1479 0.1479 0.1479 0.1479 0.147901 0.147902 0.147909 0.147933 0.147998 0.148154 0.14847 0.149015 0.149812 0.150803 
0.144831 0.145822 0.146611 0.147166 0.147514 0.147712 0.147816 0.147866 0.147888 0.147898 0.147902 0.147903 0.147904 0.147904 0.147904 0.147904 0.147904 0.147904 0.147904 0.147904 0.147904 0.147904 0.147904 0.147904 0.147904 0.147904 0.147904 0.147904 0.147904 0.147904 0.147904 0.147904 0.147904 0.147904 0.147904 0.147904 0.147904 0.147904 0.147904 0.147904 0.147904 0.147904 0.147904 0.147904 0.147904 0.147904 0.147904 0.147904 0.147904 0.147904 0.147904 0.147904 0.147904 0.147904 0.147904 0.147904 0.147904 0.147904 0.147904 0.147904 0.147904 0.147904 0.147904 0.147904 0.147904 0.147904 0.147904 0.147904 0.147904 0.147904 0.147904 0.147904 0.147904 0.147904 0.147904 0.147904 0.147904 0.147904 0.147904 0.147904 0.147904 0.147904 0.147904 0.147904 0.147904 0.147904 0.147904 0.147904 0.147904 0.147904 0.147905 0.147906 0.147913 0.147937 0.148002 0.148158 0.148474 0.149019 0.149816 0.150807 
0.144832 0.145824 0.146613 0.147167 0.147515 0.147714 0.147817 0.147867 0.14789 0.147899 0.147903 0.147905 0.147905 0.147905 0.147905 0.147905 0.147905 0.147905 0.147905 0.147905 0.147905 0.147905 0.147905 0.147905 0.147905 0.147905 0.147905 0.147905 0.147905 0.147905 0.147905 0.147905 0.147905 0.147905 0.147905 0.147905 0.147905 0.147905 0.147905 0.147905 0.147905 0.147905 0.147905 0.147905 0.147905 0.147905 0.147905 0.147905 0.147905 0.147905 0.147905 0.147905 0.147905 0.147905 0.147905 0.147905 0.147905 0.147905 0.147905 0.147905 0.147905 0.147905 0.147905 0.147905 0.147905 0.147905 0.147905 0.147905 0.147905 0.147905 0.147905 0.147905 0.147905 0.147905 0.147905 0.147905 0.147905 0.147905 0.147905 0.147905 0.147905 0.147905 0.147905 0.147905 0.147905 0.147905 0.147905 0.147905 0.147906 0.147906 0.147906 0.147908 0.147915 0.147938 0.148003 0.148159 0.148476 0.149021 0.149818 0.150809 
0.144833 0.145824 0.146613 0.147168 0.147516 0.147714 0.147818 0.147868 0.14789 0.1479 0.147904 0.147905 0.147906 0.147906 0.147906 0.147906 0.147906 0.147906 0.147906 0.147906 0.147906 0.147906 0.147906 0.147906 0.147906 0.147906 0.147906 0.147906 0.147906 0.147906 0.147906 0.147906 0.147906 0.147906 0.147906 0.147906 0.147906 0.147906 0.147906 0.147906 0.147906 0.147906 0.147906 0.147906 0.147906 0.147906 0.147906 0.147906 0.147906 0.147906 0.147906 0.147906 0.147906 0.147906 0.147906 0.147906 0.147906 0.147906 0.147906 0.147906 0.147906 0.147906 0.147906 0.147906 0.147906 0.147906 0.147906 0.147906 0.147906 0.147906 0.147906 0.147906 0.147906 0.147906 0.147906 0.147906 0.147906 0.147906 0.147906 0.147906 0.147906 0.147906 0.147906 0.147906 0.147906 0.147906 0.147906 0.147906 0.147906 0.147906 0.147907 0.147908 0.147915 0.147939 0.148004 0.14816 0.148476 0.149021 0.149818 0.15081 
0.144833 0.145824 0.146613 0.147168 0.147516 0.147714 0.147818 0.147868 0.14789 0.1479 0.147904 0.147905 0.147906 0.147906 0.147906 0.147906 0.147906 0.147906 0.147906 0.147906 0.147906 0.147906 0.147906 0.147906 0.147906 0.147906 0.147906 0.147906 0.147906 0.147906 0.147906 0.147906 0.147906 0.147906 0.147906 0.147906 0.147906 0.147906 0.147906 0.147906 0.147906 0.147906 0.147906 0.147906 0.147906 0.147906 0.147906 0.147906 0.147906 0.147906 0.147907 0.147907 0.147907 0.147907 0.147907 0.147906 0.147906 0.147906 0.147906 0.147906 0.147906 0.147906 0.147906 0.147906 0.147906 0.147906 0.147906 0.147906 0.147906 0.147906 0.147906 0.147906 0.147906 0.147906 0.147906 0.147906 0.147906 0.147906 0.147906 0.147906 0.147906 0.147906 0.147906 0.147906 0.147906 0.147906 0.147906 0.147906 0.147906 0.147906 0.147907 0.147909 0.147916 0.147939 0.148004 0.14816 0.148477 0.149022 0.149819 0.15081 
0.144833 0.145824 0.146614 0.147168 0.147516 0.147714 0.147818 0.147868 0.147891 0.1479 0.147904 0.147905 0.147906 0.147906 0.147906 0.147906 0.147906 0.147906 0.147906 0.147906 0.147906 0.147906 0.147906 0.147906 0.147906 0.147906 0.147906 0.147906 0.147906 0.147906 0.147906 0.147906 0.147906 0.147906 0.147906 0.147906 0.147906 0.147906 0.147906 0.147906 0.147906 0.147906 0.147907 0.147907 0.147907 0.147908 0.147908 0.147908 0.147908 0.147908 0.147908 0.147908 0.147908 0.147908 0.147908 0.147908 0.147908 0.147908 0.147907 0.147907 0.147907 0.147907 0.147906 0.147906 0.147906 0.147906 0.147906 0.147906 0.147906 0.147906 0.147906 0.147906 0.147906 0.147906 0.147906 0.147906 0.147906 0.147906 0.147906 0.147906 0.147906 0.147906 0.147906 0.147906 0.147906 0.147906 0.147906 0.147906 0.147906 0.147906 0.147907 0.147909 0.147916 0.147939 0.148004 0.14816 0.148477 0.149022 0.149819 0.15081 
0.144833 0.145824 0.146614 0.147168 0.147516 0.147714 0.147818 0.147868 0.147891 0.1479 0.147904 0.147905 0.147906 0.147906 0.147906 0.147906 0.147906 0.147906 0.147906 0.147906 0.147906 0.147906 0.147906 0.147906 0.147906 0.147906 0.147906 0.147906 0.147906 0.147906 0.147906 0.147906 0.147906 0.147906 0.147906 0.147906 0.147906 0.147906 0.147906 0.147907 0.147907 0.147908 0.147909 0.147911 0.147913 0.147915 0.147917 0.147919 0.14792 0.14792 0.14792 0.14792 0.14792 0.14792 0.14792 0.147919 0.147918 0.147916 0.147913 0.147911 0.14791 0.147908 0.147907 0.147907 0.147907 0.147906 0.147906 0.147906 0.147906 0.147906 0.147906 0.147906 0.147906 0.147906 0.147906 0.147906 0.147906 0.147906 0.147906 0.147906 0.147906 0.147906 0.147906 0.147906 0.147906 0.147906 0.147906 0.147906 0.147906 0.147906 0.147907 0.147909 0.147916 0.147939 0.148004 0.14816 0.148477 0.149022 0.149819 0.15081 
0.144833 0.145824 0.146614 0.147168 0.147516 0.147714 0.147818 0.147868 0.147891 0.1479 0.147904 0.147905 0.147906 0.147906 0.147906 0.147906 0.147906 0.147906 0.147906 0.147906 0.147906 0.147906 0.147906 0.147906 0.147906 0.147906 0.147906 0.147906 0.147906 0.147906 0.147906 0.147906 0.147906 0.147906 0.147906 0.147906 0.147906 0.147907 0.147907 0.147909 0.147912 0.147916 0.147924 0.147934 0.147946 0.147958 0.147969 0.147976 0.14798 0.147983 0.147984 0.147984 0.147984 0.147984 0.147981 0.147976 0.147968 0.147957 0.147945 0.147933 0.147924 0.147918 0.147913 0.14791 0.147908 0.147907 0.147907 0.147907 0.147906 0.147906 0.147906 0.147906 0.147906 0.147906 0.147906 0.147906 0.147906 0.147906 0.147906 0.147906 0.147906 0.147906 0.147906 0.147906 0.147906 0.147906 0.147906 0.147906 0.147906 0.147906 0.147907 0.147909 0.147916 0.147939 0.148004 0.14816 0.148477 0.149022 0.149819 0.15081 
0.144833 0.145824 0.146614 0.147168 0.147516 0.147714 0.147818 0.147868 0.147891 0.1479 0.147904 0.147905 0.147906 0.147906 0.147906 0.147906 0.147906 0.147906 0.147906 0.147906 0.147906 0.147906 0.147906 0.147906 0.147906 0.147906 0.147906 0.147906 0.147906 0.147906 0.147906 0.147906 0.147906 0.147906 0.147906 0.147907 0.147908 0.14791 0.147914 0.147923 0.147939 0.147965 0.148003 0.148053 0.14811 0.148164 0.148208 0.148238 0.148257 0.148267 0.148272 0.148274 0.148274 0.148269 0.148257 0.148231 0.14819 0.148139 0.148084 0.148034 0.147993 0.147962 0.14794 0.147926 0.147917 0.147912 0.147909 0.147908 0.147907 0.147907 0.147906 0.147906 0.147906 0.147906 0.147906 0.147906 0.147906 0.147906 0.147906 0.147906 0.147906 0.147906 0.147906 0.147906 0.147906 0.147906 0.147906 0.147906 0.147906 0.147906 0.147907 0.147909 0.147916 0.147939 0.148004 0.14816 0.148477 0.149022 0.149819 0.15081 
0.144833 0.145824 0.146614 0.147168 0.147516 0.147714 0.147818 0.147868 0.147891 0.1479 0.147904 0.147905 0.147906 0.147906 0.147906 0.147906 0.147906 0.147906 0.147906 0.147906 0.147906 0.147906 0.147906 0.147906 0.147906 0.147906 0.147906 0.147906 0.147906 0.147906 0.147906 0.147906 0.147906 0.147907 0.147907 0.14791 0.147916 0.147928 0.147954 0.148001 0.148078 0.148195 0.14836 0.148564 0.148786 0.14899 0.149152 0.149264 0.149332 0.149369 0.149387 0.149393 0.149388 0.149365 0.149307 0.149199 0.149035 0.148832 0.148621 0.148427 0.148267 0.148143 0.148054 0.147994 0.147956 0.147933 0.14792 0.147913 0.147909 0.147908 0.147907 0.147907 0.147906 0.147906 0.147906 0.147906 0.147906 0.147906 0.147906 0.147906 0.147906 0.147906 0.147906 0.147906 0.147906 0.147906 0.147906 0.147906 0.147906 0.147906 0.147907 0.147909 0.147916 0.147939 0.148004 0.14816 0.148477 0.149022 0.149819 0.15081 
0.144833 0.145824 0.146614 0.147168 0.147516 0.147714 0.147818 0.147868 0.147891 0.1479 0.147904 0.147905 0.147906 0.147906 0.147906 0.147906 0.147906 0.147906 0.147906 0.147906 0.147906 0.147906 0.147906 0.147906 0.147906 0.147906 0.147906 0.147906 0.147906 0.147906 0.147906 0.147906 0.147907 0.147909 0.147915 0.147929 0.147961 0.148027 0.148148 0.148352 0.148666 0.149117 0.149712 0.150418 0.151151 0.15181 0.152322 0.152669 0.152878 0.152991 0.153044 0.153059 0.153033 0.152939 0.152723 0.152337 0.151778 0.151102 0.150402 0.149757 0.149213 0.148785 0.148469 0.148249 0.148106 0.148016 0.147964 0.147935 0.14792 0.147913 0.147909 0.147907 0.147907 0.147906 0.147906 0.147906 0.147906 0.147906 0.147906 0.147906 0.147906 0.147906 0.147906 0.147906 0.147906 0.147906 0.147906 0.147906 0.147906 0.147906 0.147907 0.147909 0.147916 0.147939 0.148004 0.14816 0.148477 0.149022 0.149819 0.15081 
0.144833 0.145824 0.146614 0.147168 0.147516 0.147714 0.147818 0.147868 0.147891 0.1479 0.147904 0.147905 0.147906 0.147906 0.147906 0.147906 0.147906 0.147906 0.147906 0.147906 0.147906 0.147906 0.147906 0.147906 0.147906 0.147906 0.147906 0.147906 0.147906 0.147906 0.147907 0.147908 0.147912 0.147924 0.147955 0.148027 0.148175 0.148454 0.148929 0.149673 0.150753 0.15221 0.154032 0.156094 0.158161 0.159967 0.161343 0.162267 0.162818 0.163114 0.16325 0.163275 0.163174 0.162857 0.162182 0.161031 0.159412 0.15749 0.155501 0.153648 0.152054 0.150768 0.149791 0.14909 0.148615 0.14831 0.148125 0.148019 0.147962 0.147932 0.147918 0.147911 0.147908 0.147907 0.147907 0.147906 0.147906 0.147906 0.147906 0.147906 0.147906 0.147906 0.147906 0.147906 0.147906 0.147906 0.147906 0.147906 0.147906 0.147906 0.147907 0.147909 0.147916 0.147939 0.148004 0.14816 0.148477 0.149022 0.149819 0.15081 
0.144833 0.145824 0.146614 0.147168 0.147516 0.147714 0.147818 0.147868 0.147891 0.1479 0.147904 0.147905 0.147906 0.147906 0.147906 0.147906 0.147906 0.147906 0.147906 0.147906 0.147906 0.147906 0.147906 0.147906 0.147906 0.147906 0.147906 0.147906 0.147906 0.147907 0.147909 0.147917 0.14794 0.148001 0.148144 0.148446 0.149017 0.150003 0.151566 0.153856 0.156976 0.160954 0.165674 0.170788 0.175737 0.179956 0.18312 0.18522 0.186465 0.187128 0.187421 0.187442 0.187131 0.186257 0.184496 0.181604 0.177635 0.172965 0.168113 0.16352 0.15947 0.156108 0.153472 0.151515 0.150138 0.149222 0.148644 0.1483 0.148106 0.148003 0.147951 0.147926 0.147915 0.14791 0.147908 0.147907 0.147906 0.147906 0.147906 0.147906 0.147906 0.147906 0.147906 0.147906 0.147906 0.147906 0.147906 0.147906 0.147906 0.147906 0.147907 0.147909 0.147916 0.147939 0.148004 0.14816 0.148477 0.149022 0.149819 0.15081 
0.144833 0.145824 0.146614 0.147168 0.147516 0.147714 0.147818 0.147868 0.147891 0.1479 0.147904 0.147905 0.147906 0.147906 0.147906 0.147906 0.147906 0.147906 0.147906 0.147906 0.147906 0.147906 0.147906 0.147906 0.147906 0.147906 0.147906 0.147907 0.147907 0.147911 0.147925 0.147966 0.148075 0.148334 0.148884 0.14994 0.15178 0.154718 0.159052 0.164994 0.172615 0.181802 0.192167 0.202934 0.213022 0.221428 0.227638 0.231723 0.234134 0.235406 0.235946 0.23591 0.235138 0.23315 0.229313 0.2232 0.214946 0.20526 0.195086 0.185246 0.17632 0.168667 0.16245 0.157657 0.15415 0.151717 0.150122 0.149133 0.148553 0.148231 0.148062 0.147977 0.147937 0.147919 0.147911 0.147908 0.147907 0.147907 0.147906 0.147906 0.147906 0.147906 0.147906 0.147906 0.147906 0.147906 0.147906 0.147906 0.147906 0.147906 0.147907 0.147909 0.147916 0.147939 0.148004 0.14816 0.148477 0.149022 0.149819 0.15081 
0.144833 0.145824 0.146614 0.147168 0.147516 0.147714 0.147818 0.147868 0.147891 0.1479 0.147904 0.147905 0.147906 0.147906 0.147906 0.147906 0.147906 0.147906 0.147906 0.147906 0.147906 0.147906 0.147906 0.147906 0.147906 0.147906 0.147907 0.147908 0.147914 0.147935 0.148002 0.148183 0.148611 0.149527 0.151297 0.154408 0.159404 0.166799 0.176963 0.190021 0.205795 0.223793 0.243128 0.262414 0.279937 0.294235 0.304657 0.311463 0.315464 0.317562 0.318411 0.318224 0.316677 0.312936 0.305958 0.295076 0.280508 0.263332 0.244977 0.226748 0.209667 0.194482 0.181653 0.171345 0.163471 0.157768 0.153863 0.151336 0.149789 0.14889 0.148396 0.148138 0.14801 0.147951 0.147924 0.147913 0.147909 0.147907 0.147907 0.147906 0.147906 0.147906 0.147906 0.147906 0.147906 0.147906 0.147906 0.147906 0.147906 0.147906 0.147907 0.147909 0.147916 0.147939 0.148004 0.14816 0.148477 0.149022 0.149819 0.15081 
0.144833 0.145824 0.146614 0.147168 0.147516 0.147714 0.147818 0.147868 0.147891 0.1479 0.147904 0.147905 0.147906 0.147906 0.147906 0.147906 0.147906 0.147906 0.147906 0.147906 0.147906 0.147906 0.147906 0.147906 0.147906 0.147907 0.147908 0.147916 0.147947 0.148046 0.148321 0.14898 0.150389 0.153115 0.15792 0.165671 0.177168 0.192962 0.213218 0.237623 0.265409 0.295438 0.326187 0.355671 0.381684 0.402494 0.417487 0.427222 0.432933 0.435913 0.437063 0.436639 0.43412 0.428287 0.417672 0.401333 0.379475 0.353396 0.324872 0.295634 0.267215 0.240916 0.217719 0.198216 0.182615 0.170785 0.162302 0.156549 0.152852 0.150599 0.149299 0.148589 0.148223 0.148046 0.147965 0.147929 0.147915 0.147909 0.147907 0.147907 0.147906 0.147906 0.147906 0.147906 0.147906 0.147906 0.147906 0.147906 0.147906 0.147906 0.147907 0.147909 0.147916 0.147939 0.148004 0.14816 0.148477 0.149022 0.149819 0.15081 
0.144833 0.145824 0.146614 0.147168 0.147516 0.147714 0.147818 0.147868 0.147891 0.1479 0.147904 0.147905 0.147906 0.147906 0.147906 0.147906 0.147906 0.147906 0.147906 0.147906 0.147906 0.147906 0.147906 0.147906 0.147907 0.147908 0.147918 0.147956 0.148088 0.148468 0.149407 0.151436 0.155355 0.162236 0.173316 0.189755 0.212311 0.24112 0.275629 0.314654 0.356561 0.39949 0.441422 0.480105 0.513274 0.539318 0.55789 0.569899 0.576941 0.580606 0.581973 0.581313 0.577953 0.570393 0.556839 0.536073 0.508103 0.474101 0.43582 0.39514 0.353956 0.314121 0.27729 0.244774 0.217452 0.195694 0.179301 0.1676 0.159677 0.154589 0.151501 0.149733 0.148784 0.148304 0.148077 0.147976 0.147933 0.147916 0.14791 0.147908 0.147907 0.147906 0.147906 0.147906 0.147906 0.147906 0.147906 0.147906 0.147906 0.147906 0.147907 0.147909 0.147916 0.147939 0.148004 0.14816 0.148477 0.149022 0.149819 0.15081 
0.144833 0.145824 0.146614 0.147168 0.147516 0.147714 0.147818 0.147868 0.147891 0.1479 0.147904 0.147905 0.147906 0.147906 0.147906 0.147906 0.147906 0.147906 0.147906 0.147906 0.147906 0.147906 0.147906 0.147907 0.147908 0.147918 0.147959 0.148113 0.148584 0.149803 0.152516 0.157821 0.167113 0.181962 0.203848 0.233756 0.27178 0.316998 0.367659 0.421491 0.476065 0.529105 0.578562 0.622482 0.659103 0.687346 0.707298 0.720161 0.727712 0.731648 0.733096 0.732326 0.728623 0.720412 0.705785 0.683307 0.652611 0.614366 0.569833 0.520571 0.468426 0.415503 0.364022 0.316146 0.273772 0.238219 0.209954 0.188627 0.173345 0.162972 0.156335 0.15235 0.150112 0.148938 0.148361 0.148096 0.147981 0.147935 0.147917 0.14791 0.147907 0.147907 0.147906 0.147906 0.147906 0.147906 0.147906 0.147906 0.147906 0.147906 0.147907 0.147909 0.147916 0.147939 0.148004 0.14816 0.148477 0.149022 0.149819 0.15081 
0.144833 0.145824 0.146614 0.147168 0.147516 0.147714 0.147818 0.147868 0.147891 0.1479 0.147904 0.147905 0.147906 0.147906 0.147906 0.147906 0.147906 0.147906 0.147906 0.147906 0.147906 0.147906 0.147907 0.147908 0.147916 0.147956 0.148113 0.148629 0.150046 0.153359 0.16005 0.171939 0.190904 0.218564 0.25594 0.303051 0.358637 0.420299 0.485027 0.549756 0.611792 0.669065 0.720089 0.763729 0.799118 0.825931 0.844704 0.856781 0.863888 0.867612 0.868995 0.868296 0.864878 0.85732 0.843838 0.82292 0.793797 0.756435 0.711271 0.659096 0.601156 0.539243 0.475688 0.41327 0.354919 0.303149 0.259528 0.224573 0.197967 0.178827 0.165898 0.157741 0.152953 0.150339 0.14901 0.148379 0.148098 0.14798 0.147933 0.147916 0.14791 0.147907 0.147907 0.147906 0.147906 0.147906 0.147906 0.147906 0.147906 0.147906 0.147907 0.147909 0.147916 0.147939 0.148004 0.14816 0.148477 0.149022 0.149819 0.15081 
0.144833 0.145824 0.146614 0.147168 0.147516 0.147714 0.147818 0.147868 0.147891 0.1479 0.147904 0.147905 0.147906 0.147906 0.147906 0.147906 0.147906 0.147906 0.147906 0.147906 0.147906 0.147906 0.147907 0.147914 0.147947 0.148088 0.148584 0.150046 0.15368 0.161403 0.175624 0.198707 0.232367 0.277313 0.333108 0.398072 0.46932 0.543197 0.616018 0.684691 0.747025 0.801773 0.848425 0.886868 0.917185 0.939746 0.955399 0.96545 0.971385 0.97452 0.975719 0.975214 0.972528 0.966544 0.955787 0.938856 0.914725 0.882749 0.84252 0.793866 0.737038 0.672946 0.603373 0.531066 0.459469 0.392029 0.331525 0.279815 0.237875 0.205832 0.18295 0.167771 0.158449 0.15315 0.150355 0.148983 0.148354 0.148083 0.147973 0.14793 0.147914 0.147909 0.147907 0.147907 0.147906 0.147906 0.147906 0.147906 0.147906 0.147906 0.147907 0.147909 0.147916 0.147939 0.148004 0.14816 0.148477 0.149022 0.149819 0.15081 
0.144833 0.145824 0.146614 0.147168 0.147516 0.147714 0.147818 0.147868 0.147891 0.1479 0.147904 0.147905 0.147906 0.147906 0.147906 0.147906 0.147906 0.147906 0.147906 0.147906 0.147906 0.147907 0.147911 0.147935 0.148046 0.148468 0.149803 0.153359 0.161403 0.177019 0.203368 0.242615 0.295166 0.359643 0.433357 0.51277 0.593852 0.672592 0.745646 0.810765 0.866864 0.913821 0.952138 0.982573 1.00591 1.02295 1.03466 1.04216 1.04661 1.04898 1.04993 1.04964 1.04781 1.04367 1.03613 1.02406 1.0064 0.982184 0.950431 0.910167 0.860627 0.80158 0.733717 0.658952 0.580298 0.501314 0.42553 0.356201 0.296137 0.247318 0.210426 0.184668 0.168101 0.15828 0.1529 0.150166 0.148871 0.148296 0.148056 0.147961 0.147925 0.147913 0.147908 0.147907 0.147907 0.147906 0.147906 0.147906 0.147906 0.147906 0.147907 0.147909 0.147916 0.147939 0.148004 0.14816 0.148477 0.149022 0.149819 0.15081 
0.144833 0.145824 0.146614 0.147168 0.147516 0.147714 0.147818 0.147868 0.147891 0.1479 0.147904 0.147905 0.147906 0.147906 0.147906 0.147906 0.147906 0.147906 0.147906 0.147906 0.147907 0.147909 0.147925 0.148002 0.148321 0.149407 0.152516 0.16005 0.175624 0.203368 0.24645 0.305607 0.378674 0.46139 0.548751 0.636003 0.719055 0.79471 0.860911 0.916818 0.962627 0.999235 1.02788 1.04982 1.06616 1.07787 1.08582 1.09091 1.09393 1.09556 1.09624 1.09611 1.09502 1.09248 1.08778 1.08009 1.06854 1.05214 1.02972 0.999895 0.961225 0.912498 0.853172 0.783764 0.705935 0.622265 0.536071 0.451422 0.372933 0.304987 0.250597 0.210582 0.183586 0.166867 0.157332 0.152303 0.149837 0.148707 0.148222 0.148024 0.147949 0.147921 0.147911 0.147908 0.147907 0.147906 0.147906 0.147906 0.147906 0.147906 0.147907 0.147909 0.147916 0.147939 0.148004 0.14816 0.148477 0.149022 0.149819 0.15081 
0.144833 0.145824 0.146614 0.147168 0.147516 0.147714 0.147818 0.147868 0.147891 0.1479 0.147904 0.147905 0.147906 0.147906 0.147906 0.147906 0.147906 0.147906 0.147906 0.147906 0.147908 0.147917 0.147966 0.148183 0.14898 0.151436 0.157821 0.171939 0.198707 0.242615 0.305607 0.38569 0.47736 0.573546 0.667741 0.75516 0.832832 0.899268 0.954171 0.998173 1.03253 1.05878 1.0785 1.09308 1.10362 1.11102 1.11598 1.11914 1.12103 1.12205 1.1225 1.12247 1.12189 1.12048 1.11784 1.11342 1.1066 1.09656 1.08226 1.06231 1.03507 0.998803 0.951998 0.893733 0.823854 0.743112 0.653512 0.558838 0.464764 0.37795 0.304265 0.247059 0.206494 0.18018 0.16451 0.155906 0.151528 0.149452 0.148531 0.148146 0.147994 0.147937 0.147917 0.14791 0.147907 0.147907 0.147906 0.147906 0.147906 0.147906 0.147907 0.147909 0.147916 0.147939 0.148004 0.14816 0.148477 0.149022 0.149819 0.15081 
0.144833 0.145824 0.146614 0.147168 0.147516 0.147714 0.147818 0.147868 0.147891 0.1479 0.147904 0.147905 0.147906 0.147906 0.147906 0.147906 0.147906 0.147906 0.147906 0.147907 0.147912 0.14794 0.148075 0.148611 0.150389 0.155355 0.167113 0.190904 0.232367 0.295166 0.378674 0.47736 0.582526 0.685285 0.778984 0.860019 0.927316 0.981388 1.02361 1.05574 1.07968 1.0972 1.10984 1.11885 1.12519 1.12953 1.13241 1.13423 1.13532 1.13592 1.13619 1.1362 1.13592 1.13521 1.13385 1.13154 1.12786 1.12225 1.11394 1.10179 1.08434 1.0598 1.02621 0.981611 0.924195 0.852632 0.766856 0.6692 0.565139 0.462712 0.370433 0.294687 0.23808 0.199494 0.175425 0.161626 0.154319 0.150726 0.149077 0.148367 0.148079 0.147968 0.147927 0.147913 0.147909 0.147907 0.147907 0.147906 0.147906 0.147906 0.147907 0.147909 0.147916 0.147939 0.148004 0.14816 0.148477 0.149022 0.149819 0.15081 
0.144833 0.145824 0.146614 0.147168 0.147516 0.147714 0.147818 0.147868 0.147891 0.1479 0.147904 0.147905 0.147906 0.147906 0.147906 0.147906 0.147906 0.147906 0.147907 0.147909 0.147924 0.148001 0.148334 0.149527 0.153115 0.162236 0.181962 0.218564 0.277313 0.359643 0.46139 0.573546 0.685285 0.787438 0.87456 0.945018 0.999804 1.04117 1.07167 1.09371 1.10938 1.12036 1.12798 1.13323 1.1368 1.1392 1.14076 1.14174 1.14233 1.14265 1.14281 1.14283 1.1427 1.14238 1.14173 1.14061 1.13878 1.13591 1.13146 1.12467 1.11442 1.09921 1.07709 1.04567 1.00208 0.94329 0.867039 0.773453 0.666506 0.554177 0.446605 0.353018 0.279079 0.225949 0.191126 0.170226 0.158686 0.152792 0.149993 0.148749 0.148229 0.148024 0.147948 0.14792 0.147911 0.147908 0.147907 0.147906 0.147906 0.147906 0.147907 0.147909 0.147916 0.147939 0.148004 0.14816 0.148477 0.149022 0.149819 0.15081 
0.144833 0.145824 0.146614 0.147168 0.147516 0.147714 0.147818 0.147868 0.147891 0.1479 0.147904 0.147905 0.147906 0.147906 0.147906 0.147906 0.147906 0.147906 0.147907 0.147915 0.147955 0.148144 0.148884 0.151297 0.15792 0.173316 0.203848 0.25594 0.333108 0.433357 0.548751 0.667741 0.778984 0.87456 0.95116 1.00932 1.05178 1.08192 1.10289 1.11727 1.127 1.13354 1.1379 1.14079 1.14271 1.14396 1.14476 1.14526 1.14555 1.14572 1.1458 1.14582 1.14577 1.14563 1.14535 1.14484 1.144 1.14263 1.14043 1.13692 1.13135 1.12263 1.10914 1.08856 1.05768 1.0125 0.94904 0.865116 0.762296 0.646976 0.529366 0.420623 0.329527 0.260331 0.212568 0.182508 0.165178 0.155976 0.151449 0.149374 0.148482 0.148121 0.147983 0.147933 0.147915 0.147909 0.147907 0.147907 0.147906 0.147906 0.147907 0.147909 0.147916 0.147939 0.148004 0.14816 0.148477 0.149022 0.149819 0.15081 
0.144833 0.145824 0.146614 0.147168 0.147516 0.147714 0.147818 0.147868 0.147891 0.1479 0.147904 0.147905 0.147906 0.147906 0.147906 0.147906 0.147906 0.147907 0.14791 0.147929 0.148027 0.148446 0.14994 0.154408 0.165671 0.189755 0.233756 0.303051 0.398072 0.51277 0.636003 0.75516 0.860019 0.945018 1.00932 1.05538 1.08704 1.10821 1.1221 1.13113 1.13694 1.14067 1.14305 1.14458 1.14556 1.14618 1.14657 1.14681 1.14696 1.14704 1.14708 1.14709 1.14707 1.14701 1.1469 1.14669 1.14632 1.14571 1.14469 1.143 1.14019 1.13554 1.12784 1.11518 1.09456 1.0618 1.012 0.941105 0.84799 0.73634 0.614816 0.495107 0.388533 0.3028 0.240396 0.199173 0.174346 0.160636 0.153651 0.150347 0.148887 0.14828 0.148042 0.147954 0.147922 0.147911 0.147908 0.147907 0.147906 0.147906 0.147907 0.147909 0.147916 0.147939 0.148004 0.14816 0.148477 0.149022 0.149819 0.15081 
0.144833 0.145824 0.146614 0.147168 0.147516 0.147714 0.147818 0.147868 0.147891 0.1479 0.147904 0.147905 0.147906 0.147906 0.147906 0.147906 0.147906 0.147908 0.147916 0.147961 0.148175 0.149017 0.15178 0.159404 0.177168 0.212311 0.27178 0.358637 0.46932 0.593852 0.719055 0.832832 0.927316 0.999804 1.05178 1.08704 1.10997 1.12444 1.13342 1.13893 1.1423 1.14436 1.14562 1.1464 1.14688 1.14718 1.14736 1.14747 1.14754 1.14757 1.14759 1.1476 1.14759 1.14757 1.14753 1.14744 1.1473 1.14704 1.1466 1.14584 1.1445 1.14216 1.13802 1.13063 1.11756 1.09498 1.05791 1.00112 0.921118 0.818416 0.698889 0.573232 0.454193 0.352691 0.274738 0.220673 0.186654 0.16712 0.156814 0.151785 0.1495 0.148527 0.148136 0.147988 0.147934 0.147915 0.147909 0.147907 0.147907 0.147906 0.147907 0.147909 0.147916 0.147939 0.148004 0.14816 0.148477 0.149022 0.149819 0.15081 
0.144833 0.145824 0.146614 0.147168 0.147516 0.147714 0.147818 0.147868 0.147891 0.1479 0.147904 0.147905 0.147906 0.147906 0.147906 0.147906 0.147907 0.14791 0.147928 0.148027 0.148454 0.150003 0.154718 0.166799 0.192962 0.24112 0.316998 0.420299 0.543197 0.672592 0.79471 0.899268 0.981388 1.04117 1.08192 1.10821 1.12444 1.13416 1.13986 1.14317 1.14509 1.1462 1.14685 1.14724 1.14747 1.14761 1.14769 1.14774 1.14777 1.14778 1.14779 1.1478 1.14779 1.14779 1.14777 1.14774 1.14768 1.14758 1.1474 1.14707 1.14648 1.14536 1.14324 1.13912 1.13119 1.11632 1.08997 1.04653 0.980855 0.890454 0.777819 0.651346 0.523804 0.408515 0.315099 0.247085 0.202387 0.175707 0.161138 0.153808 0.150385 0.148891 0.148278 0.14804 0.147952 0.147922 0.147911 0.147908 0.147907 0.147907 0.147907 0.147909 0.147916 0.147939 0.148004 0.14816 0.148477 0.149022 0.149819 0.15081 
0.144833 0.145824 0.146614 0.147168 0.147516 0.147714 0.147818 0.147868 0.147891 0.1479 0.147904 0.147905 0.147906 0.147906 0.147906 0.147906 0.147907 0.147914 0.147954 0.148148 0.148929 0.151566 0.159052 0.176963 0.213218 0.275629 0.367659 0.485027 0.616018 0.745646 0.860911 0.954171 1.02361 1.07167 1.10289 1.1221 1.13342 1.13986 1.14345 1.14542 1.1465 1.1471 1.14743 1.14762 1.14772 1.14779 1.14782 1.14784 1.14786 1.14786 1.14787 1.14787 1.14787 1.14787 1.14786 1.14785 1.14783 1.14779 1.14772 1.14759 1.14733 1.14683 1.14578 1.14357 1.13894 1.12953 1.11152 1.07958 1.02768 0.951013 0.848702 0.725996 0.594301 0.468156 0.36037 0.278041 0.221566 0.186548 0.166771 0.156518 0.1516 0.149402 0.148481 0.148117 0.14798 0.147931 0.147914 0.147909 0.147907 0.147907 0.147907 0.147909 0.147916 0.147939 0.148004 0.14816 0.148477 0.149022 0.149819 0.15081 
0.144833 0.145824 0.146614 0.147168 0.147516 0.147714 0.147818 0.147868 0.147891 0.1479 0.147904 0.147905 0.147906 0.147906 0.147906 0.147907 0.147909 0.147923 0.148001 0.148352 0.149673 0.153856 0.164994 0.190021 0.237623 0.314654 0.421491 0.549756 0.684691 0.810765 0.916818 0.998173 1.05574 1.09371 1.11727 1.13113 1.13893 1.14317 1.14542 1.14659 1.1472 1.14752 1.14769 1.14778 1.14783 1.14786 1.14787 1.14788 1.14789 1.14789 1.14789 1.14789 1.14789 1.14789 1.14789 1.14789 1.14788 1.14787 1.14784 1.14779 1.14769 1.14746 1.14697 1.14582 1.1432 1.13744 1.12552 1.10277 1.063 0.999941 0.909809 0.794411 0.662711 0.529167 0.408963 0.312737 0.243909 0.19962 0.173775 0.159981 0.153192 0.150087 0.148759 0.148223 0.148019 0.147945 0.147919 0.14791 0.147908 0.147907 0.147907 0.147909 0.147916 0.147939 0.148004 0.14816 0.148477 0.149022 0.149819 0.15081 
0.144833 0.145824 0.146614 0.147168 0.147516 0.147714 0.147818 0.147868 0.147891 0.1479 0.147904 0.147905 0.147906 0.147906 0.147906 0.147907 0.147912 0.147939 0.148078 0.148666 0.150753 0.156976 0.172615 0.205795 0.265409 0.356561 0.476065 0.611792 0.747025 0.866864 0.962627 1.03253 1.07968 1.10938 1.127 1.13694 1.1423 1.14509 1.1465 1.1472 1.14755 1.14772 1.14781 1.14785 1.14788 1.14789 1.14789 1.1479 1.1479 1.1479 1.1479 1.1479 1.1479 1.1479 1.1479 1.1479 1.1479 1.14789 1.14788 1.14786 1.14782 1.14773 1.1475 1.14692 1.14548 1.14204 1.13435 1.11853 1.08876 1.03809 0.960579 0.854771 0.726554 0.589136 0.459031 0.35003 0.268844 0.214701 0.182096 0.164204 0.15518 0.150961 0.149119 0.148364 0.148071 0.147963 0.147925 0.147912 0.147908 0.147907 0.147907 0.147909 0.147916 0.147939 0.148004 0.14816 0.148477 0.149022 0.149819 0.15081 
0.144833 0.145824 0.146614 0.147168 0.147516 0.147714 0.147818 0.147868 0.147891 0.1479 0.147904 0.147905 0.147906 0.147906 0.147906 0.147908 0.147916 0.147965 0.148195 0.149117 0.15221 0.160954 0.181802 0.223793 0.295438 0.39949 0.529105 0.669065 0.801773 0.913821 0.999235 1.05878 1.0972 1.12036 1.13354 1.14067 1.14436 1.1462 1.1471 1.14752 1.14772 1.14782 1.14786 1.14788 1.14789 1.1479 1.1479 1.1479 1.1479 1.1479 1.1479 1.1479 1.14791 1.1479 1.1479 1.1479 1.1479 1.1479 1.1479 1.14789 1.14788 1.14784 1.14773 1.14745 1.14667 1.14465 1.13977 1.12893 1.10699 1.06692 1.00143 0.90629 0.784115 0.645982 0.508678 0.388513 0.29549 0.231321 0.191518 0.169104 0.157536 0.152017 0.149564 0.14854 0.148138 0.147987 0.147933 0.147915 0.147909 0.147907 0.147907 0.147909 0.147916 0.147939 0.148004 0.14816 0.148477 0.149022 0.149819 0.15081 
0.144833 0.145824 0.146614 0.147168 0.147516 0.147714 0.147818 0.147868 0.147891 0.1479 0.147904 0.147905 0.147906 0.147906 0.147907 0.147909 0.147924 0.148003 0.14836 0.149712 0.154032 0.165674 0.192167 0.243128 0.326187 0.441422 0.578562 0.720089 0.848425 0.952138 1.02788 1.0785 1.10984 1.12798 1.1379 1.14305 1.14562 1.14685 1.14743 1.14769 1.14781 1.14786 1.14789 1.1479 1.1479 1.1479 1.1479 1.14791 1.14791 1.14791 1.14791 1.14791 1.14791 1.14791 1.14791 1.14791 1.14791 1.1479 1.1479 1.1479 1.1479 1.14788 1.14783 1.14769 1.14728 1.1461 1.14303 1.13565 1.11959 1.08819 1.03346 0.949024 0.83438 0.697958 0.555943 0.426466 0.322592 0.248689 0.201604 0.174463 0.160164 0.153216 0.150077 0.148747 0.148217 0.148016 0.147943 0.147918 0.14791 0.147908 0.147907 0.147909 0.147916 0.147939 0.148004 0.14816 0.148477 0.149022 0.149819 0.15081 
0.144833 0.145824 0.146614 0.147168 0.147516 0.147714 0.147818 0.147868 0.147891 0.1479 0.147904 0.147905 0.147906 0.147906 0.147907 0.147911 0.147934 0.148053 0.148564 0.150418 0.156094 0.170788 0.202934 0.262414 0.355671 0.480105 0.622482 0.763729 0.886868 0.982573 1.04982 1.09308 1.11885 1.13323 1.14079 1.14458 1.1464 1.14724 1.14762 1.14778 1.14785 1.14788 1.1479 1.1479 1.1479 1.14791 1.14791 1.14791 1.14791 1.14791 1.14791 1.14791 1.14791 1.14791 1.14791 1.14791 1.14791 1.14791 1.14791 1.1479 1.1479 1.1479 1.14788 1.14781 1.14758 1.1469 1.14496 1.13993 1.12816 1.10358 1.05797 0.98342 0.876678 0.74342 0.598696 0.461813 0.348492 0.265674 0.211677 0.179918 0.162888 0.154481 0.150626 0.148972 0.148304 0.148048 0.147955 0.147922 0.147911 0.147908 0.147907 0.147909 0.147916 0.147939 0.148004 0.14816 0.148477 0.149022 0.149819 0.15081 
0.144833 0.145824 0.146614 0.147168 0.147516 0.147714 0.147818 0.147868 0.147891 0.1479 0.147904 0.147905 0.147906 0.147906 0.147907 0.147913 0.147946 0.14811 0.148786 0.151151 0.158161 0.175737 0.213022 0.279937 0.381684 0.513274 0.659103 0.799118 0.917185 1.00591 1.06616 1.10362 1.12519 1.1368 1.14271 1.14556 1.14688 1.14747 1.14772 1.14783 1.14788 1.14789 1.1479 1.1479 1.14791 1.14791 1.14791 1.14791 1.14791 1.14791 1.14791 1.14791 1.14791 1.14791 1.14791 1.14791 1.14791 1.14791 1.14791 1.14791 1.14791 1.1479 1.14789 1.14786 1.14774 1.14734 1.14609 1.14262 1.1339 1.11445 1.07613 1.00996 0.91048 0.780862 0.634845 0.492411 0.371397 0.280996 0.220934 0.185022 0.16548 0.155703 0.151166 0.149197 0.148392 0.148081 0.147967 0.147926 0.147913 0.147908 0.147907 0.147909 0.147916 0.147939 0.148004 0.14816 0.148477 0.149022 0.149819 0.15081 
