6.63911 6.6393 6.63961 6.64005 6.64061 6.64129 6.6421 6.64303 6.64408 6.64526 6.64655 6.64797 6.6495 6.65115 6.65292 6.6548 6.65678 6.65887 6.66106 6.66334 6.66571 6.66817 6.6707 6.67329 6.67594 6.67865 6.68139 6.68415 6.68694 6.68973 6.69251 6.69527 6.69799 6.70067 6.70329 6.70583 6.70828 6.71064 6.71288 6.71499 6.71697 6.71879 6.72046 6.72195 6.72327 6.7244 6.72534 6.72608 6.72661 6.72694 6.72707 6.72698 6.72669 6.72619 6.72549 6.7246 6.72351 6.72224 6.7208 6.71919 6.71742 6.7155 6.71346 6.71129 6.70901 6.70663 6.70418 6.70165 6.69907 6.69644 6.69379 6.69112 6.68846 6.6858 6.68316 6.68056 6.678 6.6755 6.67306 6.67069 6.6684 6.66621 6.6641 6.6621 6.6602 6.65842 6.65674 6.65519 6.65375 6.65243 6.65124 6.65017 6.64922 6.64841 6.64771 6.64715 6.6467 6.64639 6.6462 6.64614 
6.6393 6.63948 6.6398 6.64023 6.6408 6.64148 6.6423 6.64323 6.64429 6.64547 6.64677 6.6482 6.64974 6.6514 6.65318 6.65506 6.65706 6.65916 6.66136 6.66366 6.66604 6.66851 6.67106 6.67367 6.67634 6.67905 6.68181 6.6846 6.6874 6.6902 6.693 6.69577 6.69852 6.70121 6.70384 6.7064 6.70887 6.71124 6.71349 6.71562 6.71761 6.71944 6.72112 6.72262 6.72395 6.72508 6.72603 6.72677 6.72731 6.72764 6.72777 6.72768 6.72739 6.72689 6.72618 6.72528 6.72419 6.72291 6.72146 6.71984 6.71806 6.71613 6.71407 6.71189 6.70959 6.7072 6.70473 6.70219 6.69959 6.69695 6.69428 6.6916 6.68891 6.68623 6.68358 6.68096 6.67839 6.67587 6.67342 6.67103 6.66873 6.66652 6.66441 6.66239 6.66048 6.65869 6.657 6.65543 6.65399 6.65266 6.65146 6.65039 6.64943 6.64861 6.64791 6.64734 6.6469 6.64658 6.64639 6.64632 
6.63961 6.6398 6.64011 6.64056 6.64112 6.64182 6.64264 6.64359 6.64466 6.64586 6.64718 6.64863 6.65019 6.65188 6.65368 6.65559 6.65762 6.65975 6.66199 6.66432 6.66674 6.66924 6.67182 6.67447 6.67718 6.67994 6.68274 6.68556 6.68841 6.69125 6.69409 6.69691 6.69969 6.70243 6.7051 6.70769 6.7102 6.7126 6.71489 6.71704 6.71906 6.72092 6.72262 6.72415 6.72549 6.72664 6.7276 6.72835 6.7289 6.72923 6.72936 6.72927 6.72897 6.72846 6.72775 6.72683 6.72573 6.72443 6.72295 6.7213 6.7195 6.71754 6.71545 6.71323 6.71091 6.70848 6.70597 6.70339 6.70075 6.69807 6.69536 6.69264 6.68991 6.68719 6.6845 6.68184 6.67923 6.67667 6.67418 6.67176 6.66942 6.66718 6.66503 6.66298 6.66104 6.65921 6.6575 6.65591 6.65444 6.65309 6.65187 6.65078 6.64981 6.64897 6.64826 6.64768 6.64722 6.6469 6.6467 6.64664 
6.64005 6.64023 6.64056 6.64101 6.64159 6.6423 6.64314 6.64411 6.6452 6.64643 6.64778 6.64926 6.65086 6.65258 6.65443 6.65639 6.65846 6.66064 6.66293 6.66532 6.66779 6.67036 6.673 6.67571 6.67849 6.68131 6.68417 6.68706 6.68997 6.69288 6.69579 6.69867 6.70152 6.70431 6.70704 6.7097 6.71226 6.71472 6.71705 6.71926 6.72132 6.72322 6.72496 6.72652 6.72789 6.72907 6.73005 6.73081 6.73137 6.73171 6.73184 6.73175 6.73144 6.73092 6.73019 6.72925 6.72812 6.72679 6.72528 6.72359 6.72174 6.71974 6.7176 6.71533 6.71295 6.71047 6.7079 6.70525 6.70255 6.69981 6.69704 6.69425 6.69145 6.68867 6.68591 6.68319 6.68051 6.67789 6.67534 6.67286 6.67047 6.66816 6.66596 6.66386 6.66187 6.66 6.65824 6.65661 6.6551 6.65372 6.65246 6.65134 6.65035 6.64948 6.64875 6.64815 6.64769 6.64735 6.64715 6.64707 
6.64061 6.6408 6.64112 6.64159 6.64218 6.64291 6.64378 6.64478 6.64591 6.64717 6.64856 6.65009 6.65174 6.65352 6.65542 6.65744 6.65958 6.66183 6.66419 6.66666 6.66921 6.67186 6.67458 6.67738 6.68024 6.68315 6.68611 6.68909 6.69209 6.69509 6.69808 6.70105 6.70399 6.70687 6.70968 6.71242 6.71506 6.71759 6.72 6.72227 6.72439 6.72635 6.72814 6.72974 6.73115 6.73236 6.73337 6.73416 6.73473 6.73508 6.73521 6.73511 6.73479 6.73426 6.7335 6.73253 6.73136 6.72999 6.72843 6.72669 6.72479 6.72272 6.72051 6.71817 6.71572 6.71316 6.71051 6.70778 6.70499 6.70216 6.6993 6.69642 6.69354 6.69067 6.68782 6.68501 6.68224 6.67954 6.6769 6.67434 6.67187 6.66949 6.66721 6.66504 6.66298 6.66104 6.65923 6.65754 6.65597 6.65454 6.65324 6.65208 6.65105 6.65015 6.64939 6.64877 6.64828 6.64793 6.64772 6.64764 
6.64129 6.64148 6.64182 6.6423 6.64291 6.64367 6.64457 6.6456 6.64678 6.64809 6.64954 6.65112 6.65284 6.65468 6.65666 6.65876 6.66098 6.66332 6.66578 6.66833 6.67099 6.67374 6.67657 6.67948 6.68245 6.68547 6.68854 6.69164 6.69475 6.69787 6.70098 6.70406 6.7071 6.71009 6.71301 6.71585 6.71859 6.72121 6.7237 6.72606 6.72826 6.73029 6.73214 6.7338 6.73526 6.73652 6.73756 6.73837 6.73896 6.73933 6.73946 6.73935 6.73902 6.73846 6.73768 6.73667 6.73545 6.73403 6.73241 6.7306 6.72862 6.72648 6.72419 6.72176 6.71921 6.71655 6.71379 6.71096 6.70807 6.70513 6.70215 6.69916 6.69617 6.69318 6.69022 6.68729 6.68442 6.6816 6.67886 6.67619 6.67362 6.67114 6.66877 6.66651 6.66437 6.66235 6.66045 6.65869 6.65706 6.65556 6.65421 6.65299 6.65191 6.65097 6.65018 6.64952 6.64901 6.64864 6.64841 6.64832 
6.6421 6.6423 6.64264 6.64314 6.64378 6.64457 6.6455 6.64658 6.64781 6.64918 6.65069 6.65235 6.65414 6.65607 6.65814 6.66034 6.66266 6.66511 6.66768 6.67035 6.67313 6.676 6.67897 6.682 6.68511 6.68827 6.69147 6.69471 6.69796 6.70122 6.70446 6.70768 6.71086 6.71398 6.71702 6.71998 6.72284 6.72557 6.72818 6.73063 6.73292 6.73504 6.73697 6.7387 6.74022 6.74153 6.74261 6.74346 6.74407 6.74444 6.74458 6.74447 6.74412 6.74353 6.74271 6.74166 6.74038 6.7389 6.7372 6.73532 6.73325 6.73101 6.72861 6.72608 6.72341 6.72063 6.71775 6.7148 6.71177 6.7087 6.70559 6.70246 6.69933 6.6962 6.69311 6.69004 6.68703 6.68409 6.68121 6.67842 6.67572 6.67313 6.67064 6.66827 6.66602 6.6639 6.66191 6.66006 6.65835 6.65678 6.65535 6.65407 6.65293 6.65195 6.65111 6.65041 6.64987 6.64948 6.64923 6.64914 
6.64303 6.64323 6.64359 6.64411 6.64478 6.6456 6.64658 6.64772 6.649 6.65044 6.65203 6.65377 6.65566 6.65769 6.65987 6.66218 6.66462 6.6672 6.66989 6.6727 6.67562 6.67865 6.68176 6.68495 6.68821 6.69153 6.6949 6.69829 6.70171 6.70513 6.70853 6.71191 6.71524 6.71851 6.72171 6.72481 6.72781 6.73067 6.7334 6.73597 6.73837 6.74059 6.74261 6.74442 6.74601 6.74738 6.7485 6.74939 6.75003 6.75042 6.75056 6.75044 6.75007 6.74945 6.74859 6.74748 6.74614 6.74458 6.7428 6.74082 6.73865 6.7363 6.73379 6.73112 6.72832 6.7254 6.72238 6.71927 6.7161 6.71287 6.7096 6.70631 6.70302 6.69973 6.69647 6.69326 6.69009 6.68699 6.68396 6.68102 6.67818 6.67544 6.67282 6.67032 6.66795 6.66571 6.66362 6.66166 6.65985 6.65819 6.65668 6.65532 6.65412 6.65307 6.65218 6.65145 6.65087 6.65044 6.65018 6.65007 
6.64408 6.64429 6.64466 6.6452 6.64591 6.64678 6.64781 6.649 6.65036 6.65188 6.65356 6.6554 6.65739 6.65953 6.66183 6.66427 6.66685 6.66957 6.67242 6.67539 6.67847 6.68166 6.68495 6.68832 6.69176 6.69526 6.69881 6.70239 6.70599 6.70959 6.71318 6.71674 6.72025 6.7237 6.72706 6.73033 6.73348 6.7365 6.73937 6.74207 6.74459 6.74692 6.74905 6.75095 6.75262 6.75406 6.75524 6.75617 6.75684 6.75725 6.75739 6.75726 6.75687 6.75621 6.7553 6.75413 6.75272 6.75107 6.7492 6.74711 6.74482 6.74235 6.73969 6.73688 6.73393 6.73085 6.72767 6.72439 6.72104 6.71763 6.71418 6.71071 6.70723 6.70376 6.70032 6.69692 6.69357 6.69029 6.68709 6.68399 6.68098 6.67808 6.67531 6.67266 6.67015 6.66778 6.66555 6.66348 6.66156 6.65979 6.65819 6.65675 6.65547 6.65435 6.6534 6.65261 6.65199 6.65154 6.65125 6.65113 
6.64526 6.64547 6.64586 6.64643 6.64717 6.64809 6.64918 6.65044 6.65188 6.65349 6.65527 6.65721 6.65933 6.6616 6.66403 6.66662 6.66936 6.67224 6.67526 6.6784 6.68167 6.68505 6.68853 6.69209 6.69574 6.69945 6.7032 6.70699 6.7108 6.71461 6.71841 6.72217 6.72588 6.72952 6.73307 6.73652 6.73985 6.74304 6.74606 6.74892 6.75158 6.75404 6.75628 6.75828 6.76004 6.76155 6.7628 6.76378 6.76448 6.76491 6.76505 6.76491 6.7645 6.7638 6.76283 6.7616 6.7601 6.75836 6.75638 6.75417 6.75175 6.74913 6.74632 6.74335 6.74023 6.73697 6.7336 6.73013 6.72658 6.72297 6.71932 6.71565 6.71196 6.70829 6.70464 6.70104 6.69749 6.69401 6.69061 6.68731 6.68412 6.68105 6.6781 6.67529 6.67261 6.67009 6.66772 6.66551 6.66347 6.66159 6.65988 6.65834 6.65697 6.65578 6.65476 6.65392 6.65325 6.65276 6.65245 6.65231 
6.64655 6.64677 6.64718 6.64778 6.64856 6.64954 6.65069 6.65203 6.65356 6.65527 6.65716 6.65922 6.66147 6.66389 6.66647 6.66922 6.67213 6.67519 6.6784 6.68174 6.68521 6.6888 6.69249 6.69628 6.70015 6.70408 6.70807 6.71209 6.71613 6.72017 6.72419 6.72818 6.73211 6.73597 6.73973 6.74338 6.7469 6.75028 6.75348 6.7565 6.75931 6.76191 6.76428 6.7664 6.76826 6.76985 6.77117 6.7722 6.77294 6.77338 6.77353 6.77338 6.77294 6.7722 6.77117 6.76986 6.76827 6.76643 6.76432 6.76198 6.75942 6.75664 6.75366 6.75051 6.7472 6.74375 6.74017 6.73649 6.73272 6.72889 6.72502 6.72112 6.7172 6.7133 6.70943 6.70559 6.70182 6.69812 6.69451 6.691 6.6876 6.68433 6.68119 6.67819 6.67534 6.67265 6.67013 6.66777 6.66558 6.66357 6.66174 6.6601 6.65863 6.65735 6.65626 6.65536 6.65464 6.65411 6.65377 6.65361 
6.64797 6.6482 6.64863 6.64926 6.65009 6.65112 6.65235 6.65377 6.6554 6.65721 6.65922 6.66143 6.66382 6.66639 6.66914 6.67207 6.67517 6.67843 6.68184 6.6854 6.68909 6.69291 6.69684 6.70087 6.70498 6.70916 6.7134 6.71767 6.72196 6.72625 6.73053 6.73476 6.73893 6.74302 6.74702 6.75089 6.75462 6.7582 6.76159 6.76479 6.76777 6.77052 6.77303 6.77527 6.77724 6.77893 6.78032 6.78141 6.78219 6.78266 6.78281 6.78265 6.78217 6.78138 6.78029 6.7789 6.77721 6.77525 6.77302 6.77053 6.7678 6.76485 6.76169 6.75835 6.75483 6.75116 6.74736 6.74345 6.73945 6.73538 6.73125 6.7271 6.72294 6.71879 6.71467 6.71059 6.70657 6.70263 6.69878 6.69504 6.69141 6.68792 6.68457 6.68137 6.67833 6.67546 6.67275 6.67023 6.6679 6.66575 6.66379 6.66202 6.66045 6.65908 6.6579 6.65693 6.65616 6.65558 6.65521 6.65504 
6.6495 6.64974 6.65019 6.65086 6.65174 6.65284 6.65414 6.65566 6.65739 6.65933 6.66147 6.66382 6.66636 6.66911 6.67204 6.67517 6.67847 6.68194 6.68558 6.68937 6.69331 6.69737 6.70156 6.70585 6.71023 6.71468 6.71919 6.72373 6.72829 6.73286 6.7374 6.74189 6.74633 6.75068 6.75492 6.75903 6.76299 6.76679 6.77039 6.77378 6.77694 6.77986 6.78252 6.78489 6.78698 6.78876 6.79024 6.79139 6.79221 6.7927 6.79286 6.79268 6.79217 6.79133 6.79017 6.78869 6.7869 6.78481 6.78244 6.77979 6.77689 6.77376 6.7704 6.76684 6.7631 6.7592 6.75515 6.75099 6.74674 6.7424 6.73802 6.7336 6.72917 6.72474 6.72035 6.716 6.71172 6.70751 6.70341 6.69942 6.69555 6.69182 6.68824 6.68482 6.68157 6.6785 6.67561 6.67291 6.6704 6.6681 6.666 6.66411 6.66242 6.66095 6.65968 6.65864 6.6578 6.65718 6.65677 6.65658 
6.65115 6.6514 6.65188 6.65258 6.65352 6.65468 6.65607 6.65769 6.65953 6.6616 6.66389 6.66639 6.66911 6.67204 6.67517 6.6785 6.68202 6.68573 6.68961 6.69365 6.69784 6.70218 6.70664 6.71121 6.71587 6.72061 6.72541 6.73025 6.73511 6.73996 6.74479 6.74957 6.75428 6.75891 6.76341 6.76778 6.77199 6.77602 6.77984 6.78344 6.7868 6.78989 6.79271 6.79523 6.79744 6.79933 6.80089 6.80211 6.80298 6.8035 6.80366 6.80347 6.80292 6.80203 6.80078 6.79921 6.7973 6.79508 6.79256 6.78974 6.78666 6.78332 6.77975 6.77597 6.77199 6.76784 6.76353 6.75911 6.75457 6.74996 6.74529 6.74058 6.73586 6.73115 6.72646 6.72183 6.71726 6.71277 6.70839 6.70413 6.7 6.69602 6.69219 6.68853 6.68506 6.68177 6.67868 6.67579 6.67311 6.67064 6.66838 6.66635 6.66454 6.66296 6.6616 6.66047 6.65957 6.65889 6.65845 6.65824 
6.65292 6.65318 6.65368 6.65443 6.65542 6.65666 6.65814 6.65987 6.66183 6.66403 6.66647 6.66914 6.67204 6.67517 6.67851 6.68206 6.68582 6.68977 6.69391 6.69822 6.70269 6.70731 6.71207 6.71694 6.72191 6.72695 6.73206 6.73721 6.74238 6.74755 6.75268 6.75777 6.76278 6.76769 6.77248 6.77712 6.78159 6.78587 6.78993 6.79375 6.79731 6.8006 6.80358 6.80625 6.8086 6.8106 6.81225 6.81354 6.81446 6.81501 6.81518 6.81497 6.81438 6.81343 6.81211 6.81043 6.8084 6.80604 6.80335 6.80036 6.79708 6.79353 6.78974 6.78571 6.78147 6.77706 6.77248 6.76777 6.76294 6.75803 6.75306 6.74804 6.74301 6.73799 6.733 6.72805 6.72318 6.71839 6.71372 6.70917 6.70476 6.7005 6.69641 6.69251 6.68879 6.68527 6.68196 6.67887 6.67599 6.67335 6.67093 6.66875 6.66681 6.66511 6.66365 6.66243 6.66146 6.66073 6.66025 6.66001 
6.6548 6.65506 6.65559 6.65639 6.65744 6.65876 6.66034 6.66218 6.66427 6.66662 6.66922 6.67207 6.67517 6.6785 6.68206 6.68585 6.68986 6.69408 6.69849 6.70308 6.70785 6.71277 6.71784 6.72302 6.72831 6.73369 6.73913 6.74461 6.75011 6.7556 6.76106 6.76647 6.77179 6.77701 6.7821 6.78703 6.79178 6.79632 6.80062 6.80468 6.80846 6.81194 6.8151 6.81794 6.82042 6.82254 6.82429 6.82565 6.82663 6.8272 6.82738 6.82715 6.82653 6.82551 6.8241 6.82231 6.82016 6.81765 6.81479 6.81161 6.80813 6.80436 6.80032 6.79604 6.79153 6.78684 6.78197 6.77695 6.77182 6.76659 6.7613 6.75596 6.7506 6.74525 6.73993 6.73466 6.72946 6.72436 6.71937 6.71452 6.70981 6.70527 6.7009 6.69672 6.69275 6.68899 6.68545 6.68214 6.67906 6.67623 6.67364 6.6713 6.66922 6.66739 6.66582 6.66451 6.66347 6.66268 6.66216 6.6619 
6.65678 6.65706 6.65762 6.65846 6.65958 6.66098 6.66266 6.66462 6.66685 6.66936 6.67213 6.67517 6.67847 6.68202 6.68582 6.68986 6.69413 6.69862 6.70332 6.70822 6.7133 6.71854 6.72393 6.72945 6.73508 6.7408 6.74658 6.75241 6.75826 6.76409 6.7699 6.77564 6.7813 6.78684 6.79224 6.79747 6.80251 6.80733 6.81189 6.81619 6.8202 6.82389 6.82724 6.83024 6.83288 6.83512 6.83697 6.83841 6.83944 6.84004 6.84022 6.83998 6.83932 6.83823 6.83673 6.83484 6.83255 6.82988 6.82685 6.82347 6.81977 6.81576 6.81147 6.80692 6.80214 6.79714 6.79197 6.78664 6.78118 6.77562 6.76999 6.76431 6.75861 6.75291 6.74725 6.74163 6.7361 6.73066 6.72535 6.72017 6.71515 6.7103 6.70564 6.70118 6.69694 6.69292 6.68913 6.68559 6.6823 6.67927 6.6765 6.674 6.67177 6.66981 6.66812 6.66672 6.66559 6.66474 6.66418 6.66389 
6.65887 6.65916 6.65975 6.66064 6.66183 6.66332 6.66511 6.6672 6.66957 6.67224 6.67519 6.67843 6.68194 6.68573 6.68977 6.69408 6.69862 6.70341 6.70841 6.71362 6.71902 6.7246 6.73033 6.7362 6.74219 6.74826 6.75441 6.7606 6.76681 6.77301 6.77917 6.78526 6.79127 6.79715 6.80287 6.80842 6.81376 6.81886 6.82371 6.82826 6.8325 6.83641 6.83996 6.84314 6.84592 6.8483 6.85025 6.85177 6.85286 6.85349 6.85368 6.85342 6.85271 6.85156 6.84997 6.84795 6.84552 6.84269 6.83947 6.83589 6.83196 6.82771 6.82316 6.81833 6.81325 6.80795 6.80246 6.7968 6.791 6.78509 6.77911 6.77307 6.76701 6.76095 6.75492 6.74895 6.74306 6.73728 6.73162 6.7261 6.72075 6.71558 6.71062 6.70586 6.70134 6.69705 6.69301 6.68923 6.68571 6.68247 6.67951 6.67683 6.67445 6.67235 6.67054 6.66904 6.66782 6.66691 6.6663 6.66599 
6.66106 6.66136 6.66199 6.66293 6.66419 6.66578 6.66768 6.66989 6.67242 6.67526 6.6784 6.68184 6.68558 6.68961 6.69391 6.69849 6.70332 6.70841 6.71373 6.71927 6.72501 6.73093 6.73702 6.74326 6.74961 6.75606 6.76259 6.76916 6.77574 6.78231 6.78885 6.79531 6.80167 6.8079 6.81397 6.81984 6.82549 6.8309 6.83602 6.84084 6.84533 6.84946 6.85322 6.85658 6.85952 6.86203 6.86409 6.8657 6.86684 6.86751 6.8677 6.86742 6.86667 6.86544 6.86376 6.86162 6.85904 6.85604 6.85263 6.84884 6.84467 6.84017 6.83534 6.83022 6.82484 6.81922 6.8134 6.80739 6.80124 6.79498 6.78862 6.78221 6.77578 6.76935 6.76295 6.7566 6.75034 6.74419 6.73817 6.7323 6.72661 6.72111 6.71582 6.71076 6.70594 6.70137 6.69706 6.69303 6.68928 6.68582 6.68266 6.6798 6.67725 6.67501 6.67308 6.67146 6.67017 6.66919 6.66853 6.66819 
6.66334 6.66366 6.66432 6.66532 6.66666 6.66833 6.67035 6.6727 6.67539 6.6784 6.68174 6.6854 6.68937 6.69365 6.69822 6.70308 6.70822 6.71362 6.71927 6.72514 6.73124 6.73752 6.74399 6.7506 6.75734 6.76418 6.77109 6.77805 6.78502 6.79199 6.7989 6.80574 6.81247 6.81907 6.82548 6.8317 6.83768 6.84339 6.8488 6.8539 6.85864 6.863 6.86697 6.87051 6.87362 6.87627 6.87844 6.88014 6.88134 6.88204 6.88225 6.88195 6.88114 6.87985 6.87806 6.8758 6.87307 6.86989 6.86629 6.86227 6.85786 6.85309 6.84799 6.84257 6.83687 6.83092 6.82475 6.8184 6.81188 6.80524 6.79851 6.79172 6.78489 6.77807 6.77128 6.76455 6.75791 6.75138 6.74499 6.73875 6.73271 6.72686 6.72124 6.71586 6.71073 6.70587 6.70128 6.69699 6.693 6.68932 6.68595 6.6829 6.68017 6.67778 6.67572 6.67399 6.67261 6.67156 6.67085 6.67048 
6.66571 6.66604 6.66674 6.66779 6.66921 6.67099 6.67313 6.67562 6.67847 6.68167 6.68521 6.68909 6.69331 6.69784 6.70269 6.70785 6.7133 6.71902 6.72501 6.73124 6.73769 6.74435 6.7512 6.7582 6.76533 6.77257 6.77989 6.78725 6.79463 6.80199 6.8093 6.81653 6.82364 6.83061 6.83739 6.84395 6.85026 6.85629 6.86201 6.86738 6.87238 6.87699 6.88117 6.88491 6.88818 6.89097 6.89326 6.89505 6.89631 6.89705 6.89726 6.89694 6.89609 6.89471 6.89283 6.89043 6.88755 6.8842 6.88039 6.87614 6.87149 6.86645 6.86105 6.85533 6.8493 6.84301 6.83649 6.82977 6.82288 6.81585 6.80873 6.80154 6.79432 6.7871 6.77991 6.77278 6.76574 6.75882 6.75204 6.74544 6.73902 6.73282 6.72686 6.72114 6.71569 6.71053 6.70566 6.7011 6.69685 6.69294 6.68935 6.68611 6.68321 6.68066 6.67846 6.67662 6.67514 6.67402 6.67326 6.67286 
6.66817 6.66851 6.66924 6.67036 6.67186 6.67374 6.676 6.67865 6.68166 6.68505 6.6888 6.69291 6.69737 6.70218 6.70731 6.71277 6.71854 6.7246 6.73093 6.73752 6.74435 6.7514 6.75863 6.76604 6.77358 6.78122 6.78895 6.79673 6.80452 6.81229 6.82001 6.82764 6.83514 6.84249 6.84964 6.85655 6.86321 6.86956 6.87558 6.88124 6.88651 6.89136 6.89576 6.8997 6.90314 6.90608 6.90849 6.91037 6.91169 6.91247 6.91268 6.91234 6.91144 6.90999 6.908 6.90548 6.90244 6.8989 6.89488 6.8904 6.88549 6.88018 6.87448 6.86845 6.86209 6.85545 6.84857 6.84147 6.8342 6.82678 6.81926 6.81166 6.80403 6.7964 6.7888 6.78126 6.77381 6.76649 6.75932 6.75233 6.74553 6.73897 6.73265 6.72659 6.72082 6.71534 6.71018 6.70534 6.70084 6.69668 6.69287 6.68942 6.68634 6.68363 6.6813 6.67934 6.67776 6.67657 6.67576 6.67533 
6.6707 6.67106 6.67182 6.673 6.67458 6.67657 6.67897 6.68176 6.68495 6.68853 6.69249 6.69684 6.70156 6.70664 6.71207 6.71784 6.72393 6.73033 6.73702 6.74399 6.7512 6.75863 6.76627 6.77408 6.78204 6.79011 6.79826 6.80645 6.81467 6.82286 6.83099 6.83902 6.84693 6.85466 6.86219 6.86947 6.87647 6.88315 6.88949 6.89544 6.90098 6.90608 6.9107 6.91484 6.91846 6.92154 6.92407 6.92604 6.92744 6.92825 6.92847 6.9281 6.92716 6.92563 6.92353 6.92087 6.91767 6.91395 6.90971 6.905 6.89983 6.89424 6.88824 6.88188 6.87519 6.8682 6.86094 6.85347 6.8458 6.83798 6.83005 6.82204 6.81399 6.80594 6.79791 6.78996 6.7821 6.77436 6.76679 6.7594 6.75222 6.74528 6.7386 6.73219 6.72609 6.72029 6.71483 6.7097 6.70493 6.70053 6.69649 6.69284 6.68957 6.6867 6.68422 6.68214 6.68046 6.67919 6.67833 6.67787 
6.67329 6.67367 6.67447 6.67571 6.67738 6.67948 6.682 6.68495 6.68832 6.69209 6.69628 6.70087 6.70585 6.71121 6.71694 6.72302 6.72945 6.7362 6.74326 6.7506 6.7582 6.76604 6.77408 6.78231 6.79069 6.79918 6.80776 6.81639 6.82503 6.83364 6.8422 6.85065 6.85895 6.86708 6.87499 6.88264 6.88999 6.89701 6.90367 6.90991 6.91573 6.92108 6.92593 6.93027 6.93407 6.9373 6.93996 6.94202 6.94348 6.94432 6.94455 6.94417 6.94317 6.94156 6.93935 6.93656 6.9332 6.92928 6.92484 6.91988 6.91445 6.90857 6.90227 6.89559 6.88855 6.8812 6.87357 6.8657 6.85764 6.84941 6.84106 6.83263 6.82416 6.81568 6.80723 6.79885 6.79056 6.78241 6.77443 6.76663 6.75906 6.75174 6.74469 6.73793 6.73148 6.72536 6.71958 6.71417 6.70913 6.70447 6.7002 6.69634 6.69288 6.68984 6.68721 6.68501 6.68323 6.68188 6.68096 6.68047 
6.67594 6.67634 6.67718 6.67849 6.68024 6.68245 6.68511 6.68821 6.69176 6.69574 6.70015 6.70498 6.71023 6.71587 6.72191 6.72831 6.73508 6.74219 6.74961 6.75734 6.76533 6.77358 6.78204 6.79069 6.79949 6.80842 6.81743 6.8265 6.83557 6.84462 6.85359 6.86246 6.87118 6.87971 6.888 6.89602 6.90373 6.91109 6.91806 6.92461 6.9307 6.93631 6.94139 6.94594 6.94991 6.95329 6.95607 6.95823 6.95975 6.96064 6.96088 6.96047 6.95942 6.95773 6.95542 6.95249 6.94896 6.94485 6.94019 6.935 6.9293 6.92313 6.91652 6.9095 6.90212 6.89441 6.8864 6.87814 6.86967 6.86103 6.85227 6.84341 6.8345 6.82559 6.81671 6.80789 6.79918 6.79061 6.7822 6.774 6.76603 6.75832 6.75089 6.74377 6.73697 6.73052 6.72443 6.71873 6.71341 6.70849 6.70399 6.69991 6.69626 6.69305 6.69027 6.68794 6.68606 6.68463 6.68366 6.68314 
6.67865 6.67905 6.67994 6.68131 6.68315 6.68547 6.68827 6.69153 6.69526 6.69945 6.70408 6.70916 6.71468 6.72061 6.72695 6.73369 6.7408 6.74826 6.75606 6.76418 6.77257 6.78122 6.79011 6.79918 6.80842 6.81778 6.82724 6.83674 6.84625 6.85573 6.86513 6.87442 6.88355 6.89248 6.90117 6.90956 6.91763 6.92533 6.93262 6.93947 6.94585 6.9517 6.95702 6.96177 6.96592 6.96946 6.97236 6.97461 6.9762 6.97712 6.97737 6.97694 6.97584 6.97407 6.97165 6.96858 6.96489 6.96059 6.95571 6.95027 6.94431 6.93785 6.93093 6.92358 6.91585 6.90777 6.89938 6.89073 6.88186 6.8728 6.86361 6.85432 6.84498 6.83563 6.82631 6.81706 6.80792 6.79891 6.79009 6.78148 6.7731 6.765 6.75719 6.7497 6.74255 6.73577 6.72936 6.72335 6.71776 6.71258 6.70784 6.70354 6.6997 6.69631 6.69338 6.69093 6.68894 6.68744 6.6864 6.68585 
6.68139 6.68181 6.68274 6.68417 6.68611 6.68854 6.69147 6.6949 6.69881 6.7032 6.70807 6.7134 6.71919 6.72541 6.73206 6.73913 6.74658 6.75441 6.76259 6.77109 6.77989 6.78895 6.79826 6.80776 6.81743 6.82724 6.83713 6.84707 6.85702 6.86694 6.87677 6.88649 6.89603 6.90536 6.91443 6.92321 6.93163 6.93967 6.94729 6.95444 6.96109 6.96721 6.97276 6.97771 6.98204 6.98573 6.98876 6.9911 6.99276 6.99372 6.99397 6.99352 6.99237 6.99052 6.98799 6.98478 6.98092 6.97643 6.97133 6.96565 6.95942 6.95267 6.94544 6.93777 6.92968 6.92124 6.91247 6.90342 6.89414 6.88466 6.87504 6.86533 6.85555 6.84576 6.836 6.82631 6.81673 6.8073 6.79805 6.78902 6.78024 6.77174 6.76355 6.7557 6.74819 6.74107 6.73435 6.72804 6.72216 6.71672 6.71174 6.70722 6.70318 6.69962 6.69654 6.69395 6.69186 6.69027 6.68919 6.6886 
6.68415 6.6846 6.68556 6.68706 6.68909 6.69164 6.69471 6.69829 6.70239 6.70699 6.71209 6.71767 6.72373 6.73025 6.73721 6.74461 6.75241 6.7606 6.76916 6.77805 6.78725 6.79673 6.80645 6.81639 6.8265 6.83674 6.84707 6.85745 6.86784 6.87819 6.88846 6.89859 6.90855 6.91828 6.92775 6.93689 6.94568 6.95406 6.962 6.96945 6.97638 6.98275 6.98853 6.99369 6.9982 7.00204 7.00519 7.00763 7.00935 7.01035 7.01061 7.01014 7.00893 7.00701 7.00436 7.00102 6.997 6.99232 6.987 6.98108 6.97458 6.96754 6.96 6.95199 6.94356 6.93475 6.9256 6.91615 6.90646 6.89657 6.88653 6.87638 6.86617 6.85594 6.84574 6.83561 6.8256 6.81574 6.80606 6.79662 6.78743 6.77853 6.76996 6.76173 6.75388 6.74642 6.73937 6.73276 6.7266 6.7209 6.71567 6.71093 6.70669 6.70295 6.69972 6.69701 6.69481 6.69314 6.692 6.69138 
6.68694 6.6874 6.68841 6.68997 6.69209 6.69475 6.69796 6.70171 6.70599 6.7108 6.71613 6.72196 6.72829 6.73511 6.74238 6.75011 6.75826 6.76681 6.77574 6.78502 6.79463 6.80452 6.81467 6.82503 6.83557 6.84625 6.85702 6.86784 6.87867 6.88945 6.90015 6.9107 6.92107 6.9312 6.94105 6.95057 6.95971 6.96844 6.97669 6.98444 6.99165 6.99827 7.00428 7.00964 7.01433 7.01832 7.02159 7.02413 7.02592 7.02695 7.02722 7.02672 7.02547 7.02346 7.02071 7.01723 7.01305 7.00818 7.00264 6.99648 6.98972 6.98239 6.97454 6.96621 6.95743 6.94825 6.93872 6.92888 6.91879 6.90848 6.89802 6.88744 6.87679 6.86613 6.85549 6.84492 6.83447 6.82418 6.81408 6.80422 6.79463 6.78534 6.77638 6.76778 6.75957 6.75178 6.74441 6.73749 6.73105 6.72509 6.71962 6.71466 6.71022 6.7063 6.70292 6.70008 6.69778 6.69603 6.69482 6.69417 
6.68973 6.6902 6.69125 6.69288 6.69509 6.69787 6.70122 6.70513 6.70959 6.71461 6.72017 6.72625 6.73286 6.73996 6.74755 6.7556 6.76409 6.77301 6.78231 6.79199 6.80199 6.81229 6.82286 6.83364 6.84462 6.85573 6.86694 6.87819 6.88945 6.90067 6.91178 6.92276 6.93353 6.94406 6.95429 6.96418 6.97367 6.98273 6.9913 6.99935 7.00682 7.0137 7.01993 7.0255 7.03036 7.0345 7.03789 7.04052 7.04238 7.04344 7.04372 7.04321 7.0419 7.03982 7.03696 7.03335 7.029 7.02394 7.0182 7.01179 7.00477 6.99716 6.989 6.98034 6.97122 6.96168 6.95178 6.94155 6.93106 6.92034 6.90945 6.89845 6.88737 6.87627 6.8652 6.8542 6.84332 6.8326 6.82208 6.81181 6.80181 6.79213 6.78279 6.77382 6.76526 6.75713 6.74944 6.74223 6.7355 6.72927 6.72356 6.71839 6.71375 6.70966 6.70612 6.70315 6.70075 6.69891 6.69765 6.69697 
6.69251 6.693 6.69409 6.69579 6.69808 6.70098 6.70446 6.70853 6.71318 6.71841 6.72419 6.73053 6.7374 6.74479 6.75268 6.76106 6.7699 6.77917 6.78885 6.7989 6.8093 6.82001 6.83099 6.8422 6.85359 6.86513 6.87677 6.88846 6.90015 6.91178 6.92332 6.9347 6.94588 6.9568 6.96741 6.97766 6.9875 6.99688 7.00577 7.0141 7.02185 7.02897 7.03543 7.04119 7.04622 7.05051 7.05402 7.05674 7.05866 7.05976 7.06005 7.05951 7.05816 7.056 7.05304 7.04929 7.04479 7.03954 7.03359 7.02695 7.01967 7.01178 7.00332 6.99434 6.98488 6.97499 6.96471 6.9541 6.94321 6.93209 6.92079 6.90936 6.89786 6.88633 6.87483 6.86341 6.8521 6.84096 6.83002 6.81934 6.80894 6.79887 6.78915 6.77983 6.77092 6.76245 6.75445 6.74693 6.73992 6.73344 6.72749 6.7221 6.71726 6.713 6.70931 6.70621 6.7037 6.70179 6.70048 6.69976 
6.69527 6.69577 6.69691 6.69867 6.70105 6.70406 6.70768 6.71191 6.71674 6.72217 6.72818 6.73476 6.74189 6.74957 6.75777 6.76647 6.77564 6.78526 6.79531 6.80574 6.81653 6.82764 6.83902 6.85065 6.86246 6.87442 6.88649 6.89859 6.9107 6.92276 6.9347 6.94649 6.95806 6.96936 6.98034 6.99094 7.00113 7.01083 7.02002 7.02864 7.03665 7.04401 7.05069 7.05664 7.06185 7.06628 7.06991 7.07272 7.0747 7.07584 7.07613 7.07557 7.07417 7.07193 7.06887 7.065 7.06034 7.05491 7.04875 7.04189 7.03435 7.02619 7.01744 7.00814 6.99835 6.98811 6.97747 6.96648 6.9552 6.94368 6.93198 6.92014 6.90822 6.89627 6.88435 6.8725 6.86077 6.84921 6.83787 6.82678 6.81599 6.80554 6.79545 6.78576 6.77651 6.76771 6.7594 6.75159 6.74431 6.73757 6.73138 6.72577 6.72074 6.71631 6.71248 6.70925 6.70664 6.70465 6.70328 6.70253 
6.69799 6.69852 6.69969 6.70152 6.70399 6.7071 6.71086 6.71524 6.72025 6.72588 6.73211 6.73893 6.74633 6.75428 6.76278 6.77179 6.7813 6.79127 6.80167 6.81247 6.82364 6.83514 6.84693 6.85895 6.87118 6.88355 6.89603 6.90855 6.92107 6.93353 6.94588 6.95806 6.97001 6.98169 6.99303 7.00398 7.0145 7.02452 7.034 7.0429 7.05117 7.05877 7.06565 7.0718 7.07717 7.08174 7.08548 7.08838 7.09042 7.09159 7.09189 7.09132 7.08987 7.08756 7.08439 7.08039 7.07558 7.06998 7.06362 7.05653 7.04875 7.04032 7.03128 7.02168 7.01156 7.00098 6.98999 6.97863 6.96698 6.95507 6.94296 6.93072 6.91839 6.90603 6.89369 6.88143 6.86929 6.85733 6.84559 6.83411 6.82293 6.8121 6.80165 6.79161 6.78202 6.7729 6.76428 6.75618 6.74863 6.74164 6.73522 6.7294 6.72418 6.71958 6.7156 6.71225 6.70954 6.70746 6.70604 6.70526 
6.70067 6.70121 6.70243 6.70431 6.70687 6.71009 6.71398 6.71851 6.7237 6.72952 6.73597 6.74302 6.75068 6.75891 6.76769 6.77701 6.78684 6.79715 6.8079 6.81907 6.83061 6.84249 6.85466 6.86708 6.87971 6.89248 6.90536 6.91828 6.9312 6.94406 6.9568 6.96936 6.98169 6.99372 7.00542 7.01671 7.02755 7.03788 7.04765 7.05682 7.06533 7.07316 7.08025 7.08658 7.09211 7.09681 7.10067 7.10365 7.10575 7.10696 7.10726 7.10667 7.10518 7.10279 7.09953 7.09541 7.09045 7.08468 7.07813 7.07082 7.0628 7.05411 7.04479 7.03489 7.02446 7.01355 7.00221 6.9905 6.97847 6.96618 6.95369 6.94106 6.92833 6.91557 6.90283 6.89017 6.87763 6.86527 6.85314 6.84127 6.82972 6.81852 6.80771 6.79733 6.78741 6.77798 6.76906 6.76068 6.75286 6.74563 6.73899 6.73296 6.72755 6.72278 6.71866 6.71519 6.71238 6.71023 6.70876 6.70795 
6.70329 6.70384 6.7051 6.70704 6.70968 6.71301 6.71702 6.72171 6.72706 6.73307 6.73973 6.74702 6.75492 6.76341 6.77248 6.7821 6.79224 6.80287 6.81397 6.82548 6.83739 6.84964 6.86219 6.87499 6.888 6.90117 6.91443 6.92775 6.94105 6.95429 6.96741 6.98034 6.99303 7.00542 7.01745 7.02907 7.04022 7.05084 7.06089 7.07032 7.07908 7.08713 7.09442 7.10092 7.10661 7.11144 7.1154 7.11847 7.12062 7.12186 7.12218 7.12156 7.12003 7.11758 7.11422 7.10998 7.10488 7.09895 7.0922 7.08469 7.07644 7.0675 7.05791 7.04772 7.03699 7.02576 7.01408 7.00203 6.98964 6.97699 6.96412 6.95111 6.93799 6.92485 6.91172 6.89866 6.88574 6.873 6.86048 6.84824 6.83633 6.82477 6.81362 6.80291 6.79267 6.78293 6.77372 6.76507 6.75699 6.74952 6.74266 6.73643 6.73084 6.72591 6.72165 6.71807 6.71516 6.71294 6.71141 6.71058 
6.70583 6.7064 6.70769 6.7097 6.71242 6.71585 6.71998 6.72481 6.73033 6.73652 6.74338 6.75089 6.75903 6.76778 6.77712 6.78703 6.79747 6.80842 6.81984 6.8317 6.84395 6.85655 6.86947 6.88264 6.89602 6.90956 6.92321 6.93689 6.95057 6.96418 6.97766 6.99094 7.00398 7.01671 7.02907 7.041 7.05245 7.06336 7.07368 7.08335 7.09234 7.1006 7.10809 7.11476 7.12059 7.12555 7.12961 7.13276 7.13497 7.13624 7.13656 7.13593 7.13435 7.13183 7.12839 7.12404 7.1188 7.11271 7.10578 7.09807 7.0896 7.08042 7.07057 7.06011 7.04908 7.03754 7.02555 7.01316 7.00043 6.98742 6.9742 6.96082 6.94733 6.93381 6.92031 6.90688 6.89358 6.88047 6.86759 6.85499 6.84272 6.83083 6.81934 6.80831 6.79776 6.78773 6.77824 6.76932 6.761 6.75329 6.74622 6.7398 6.73404 6.72895 6.72456 6.72086 6.71786 6.71557 6.71399 6.71313 
6.70828 6.70887 6.7102 6.71226 6.71506 6.71859 6.72284 6.72781 6.73348 6.73985 6.7469 6.75462 6.76299 6.77199 6.78159 6.79178 6.80251 6.81376 6.82549 6.83768 6.85026 6.86321 6.87647 6.88999 6.90373 6.91763 6.93163 6.94568 6.95971 6.97367 6.9875 7.00113 7.0145 7.02755 7.04022 7.05245 7.06418 7.07536 7.08594 7.09585 7.10506 7.11352 7.12119 7.12803 7.134 7.13908 7.14324 7.14646 7.14872 7.15002 7.15035 7.1497 7.14808 7.1455 7.14198 7.13752 7.13215 7.1259 7.11881 7.1109 7.10222 7.09281 7.08271 7.07199 7.06068 7.04885 7.03655 7.02384 7.01079 6.99744 6.98387 6.97014 6.9563 6.94242 6.92856 6.91478 6.90112 6.88765 6.87442 6.86148 6.84887 6.83665 6.82485 6.81351 6.80266 6.79234 6.78259 6.77342 6.76486 6.75693 6.74965 6.74304 6.73712 6.73188 6.72736 6.72355 6.72046 6.7181 6.71648 6.71559 
6.71064 6.71124 6.7126 6.71472 6.71759 6.72121 6.72557 6.73067 6.7365 6.74304 6.75028 6.7582 6.76679 6.77602 6.78587 6.79632 6.80733 6.81886 6.8309 6.84339 6.85629 6.86956 6.88315 6.89701 6.91109 6.92533 6.93967 6.95406 6.96844 6.98273 6.99688 7.01083 7.02452 7.03788 7.05084 7.06336 7.07536 7.0868 7.09762 7.10776 7.11718 7.12583 7.13367 7.14066 7.14677 7.15196 7.15621 7.1595 7.16182 7.16315 7.16348 7.16282 7.16116 7.15852 7.15491 7.15035 7.14486 7.13847 7.13121 7.12312 7.11424 7.10461 7.09428 7.08331 7.07174 7.05963 7.04704 7.03403 7.02066 7.007 6.9931 6.97904 6.96486 6.95064 6.93644 6.92231 6.90831 6.89451 6.88095 6.86768 6.85475 6.84221 6.83011 6.81847 6.80734 6.79676 6.78675 6.77733 6.76855 6.76041 6.75294 6.74615 6.74006 6.73469 6.73004 6.72613 6.72296 6.72054 6.71886 6.71795 
6.71288 6.71349 6.71489 6.71705 6.72 6.7237 6.72818 6.7334 6.73937 6.74606 6.75348 6.76159 6.77039 6.77984 6.78993 6.80062 6.81189 6.82371 6.83602 6.8488 6.86201 6.87558 6.88949 6.90367 6.91806 6.93262 6.94729 6.962 6.97669 6.9913 7.00577 7.02002 7.034 7.04765 7.06089 7.07368 7.08594 7.09762 7.10866 7.11902 7.12864 7.13747 7.14547 7.1526 7.15884 7.16414 7.16847 7.17183 7.1742 7.17555 7.17589 7.17521 7.17352 7.17082 7.16714 7.16248 7.15688 7.15035 7.14294 7.13468 7.12561 7.11577 7.10523 7.09401 7.08219 7.06982 7.05696 7.04367 7.03 7.01604 7.00183 6.98745 6.97296 6.95842 6.9439 6.92945 6.91513 6.90101 6.88713 6.87355 6.86032 6.84749 6.83509 6.82318 6.81179 6.80095 6.79069 6.78105 6.77205 6.76371 6.75606 6.7491 6.74287 6.73736 6.7326 6.72859 6.72533 6.72285 6.72113 6.72019 
6.71499 6.71562 6.71704 6.71926 6.72227 6.72606 6.73063 6.73597 6.74207 6.74892 6.7565 6.76479 6.77378 6.78344 6.79375 6.80468 6.81619 6.82826 6.84084 6.8539 6.86738 6.88124 6.89544 6.90991 6.92461 6.93947 6.95444 6.96945 6.98444 6.99935 7.0141 7.02864 7.0429 7.05682 7.07032 7.08335 7.09585 7.10776 7.11902 7.12957 7.13937 7.14837 7.15653 7.1638 7.17015 7.17555 7.17997 7.18339 7.18579 7.18717 7.18752 7.18682 7.1851 7.18235 7.1786 7.17385 7.16814 7.16149 7.15393 7.14551 7.13626 7.12624 7.11548 7.10405 7.092 7.07938 7.06626 7.05271 7.03877 7.02452 7.01003 6.99536 6.98057 6.96573 6.9509 6.93615 6.92153 6.90711 6.89294 6.87907 6.86556 6.85245 6.83978 6.82761 6.81597 6.80489 6.79441 6.78455 6.77535 6.76682 6.759 6.75189 6.74551 6.73988 6.735 6.7309 6.72757 6.72503 6.72328 6.72231 
6.71697 6.71761 6.71906 6.72132 6.72439 6.72826 6.73292 6.73837 6.74459 6.75158 6.75931 6.76777 6.77694 6.7868 6.79731 6.80846 6.8202 6.8325 6.84533 6.85864 6.87238 6.88651 6.90098 6.91573 6.9307 6.94585 6.96109 6.97638 6.99165 7.00682 7.02185 7.03665 7.05117 7.06533 7.07908 7.09234 7.10506 7.11718 7.12864 7.13937 7.14934 7.1585 7.1668 7.17419 7.18065 7.18614 7.19064 7.19411 7.19656 7.19796 7.19831 7.19761 7.19585 7.19306 7.18923 7.1844 7.17859 7.17183 7.16414 7.15557 7.14616 7.13596 7.12501 7.11338 7.10111 7.08827 7.07491 7.06111 7.04692 7.03241 7.01765 7.0027 6.98764 6.97252 6.95741 6.94238 6.92749 6.91279 6.89834 6.88421 6.87043 6.85706 6.84415 6.83174 6.81986 6.80856 6.79787 6.78782 6.77843 6.76973 6.76174 6.75448 6.74797 6.74223 6.73725 6.73306 6.72967 6.72707 6.72528 6.72429 
6.71879 6.71944 6.72092 6.72322 6.72635 6.73029 6.73504 6.74059 6.74692 6.75404 6.76191 6.77052 6.77986 6.78989 6.8006 6.81194 6.82389 6.83641 6.84946 6.863 6.87699 6.89136 6.90608 6.92108 6.93631 6.9517 6.96721 6.98275 6.99827 7.0137 7.02897 7.04401 7.05877 7.07316 7.08713 7.1006 7.11352 7.12583 7.13747 7.14837 7.1585 7.1678 7.17622 7.18373 7.19029 7.19586 7.20043 7.20396 7.20644 7.20787 7.20822 7.2075 7.20572 7.20288 7.199 7.19409 7.18819 7.18132 7.17351 7.1648 7.15525 7.14488 7.13376 7.12194 7.10947 7.09642 7.08285 7.06882 7.0544 7.03965 7.02465 7.00945 6.99414 6.97876 6.9634 6.94811 6.93296 6.91801 6.90332 6.88893 6.87492 6.86131 6.84817 6.83554 6.82345 6.81195 6.80106 6.79082 6.78126 6.77241 6.76427 6.75688 6.75025 6.74439 6.73933 6.73506 6.7316 6.72895 6.72713 6.72612 
6.72046 6.72112 6.72262 6.72496 6.72814 6.73214 6.73697 6.74261 6.74905 6.75628 6.76428 6.77303 6.78252 6.79271 6.80358 6.8151 6.82724 6.83996 6.85322 6.86697 6.88117 6.89576 6.9107 6.92593 6.94139 6.95702 6.97276 6.98853 7.00428 7.01993 7.03543 7.05069 7.06565 7.08025 7.09442 7.10809 7.12119 7.13367 7.14547 7.15653 7.1668 7.17622 7.18476 7.19237 7.19902 7.20467 7.2093 7.21288 7.2154 7.21684 7.21719 7.21647 7.21466 7.21178 7.20784 7.20287 7.19689 7.18992 7.182 7.17317 7.16348 7.15297 7.14169 7.1297 7.11706 7.10382 7.09005 7.07582 7.06119 7.04622 7.031 7.01558 7.00003 6.98443 6.96884 6.95332 6.93794 6.92275 6.90783 6.89323 6.87899 6.86517 6.85183 6.83899 6.82671 6.81502 6.80396 6.79356 6.78384 6.77484 6.76657 6.75906 6.75232 6.74637 6.74122 6.73688 6.73336 6.73067 6.72881 6.72779 
6.72195 6.72262 6.72415 6.72652 6.72974 6.7338 6.7387 6.74442 6.75095 6.75828 6.7664 6.77527 6.78489 6.79523 6.80625 6.81794 6.83024 6.84314 6.85658 6.87051 6.88491 6.8997 6.91484 6.93027 6.94594 6.96177 6.97771 6.99369 7.00964 7.0255 7.04119 7.05664 7.0718 7.08658 7.10092 7.11476 7.12803 7.14066 7.1526 7.1638 7.17419 7.18373 7.19237 7.20008 7.2068 7.21252 7.2172 7.22083 7.22337 7.22483 7.22519 7.22446 7.22263 7.21971 7.21573 7.21069 7.20463 7.19758 7.18957 7.18063 7.17082 7.16018 7.14876 7.13662 7.12382 7.11041 7.09647 7.08206 7.06724 7.05208 7.03666 7.02104 7.00529 6.98949 6.97369 6.95796 6.94237 6.92699 6.91187 6.89706 6.88263 6.86862 6.85509 6.84208 6.82963 6.81778 6.80656 6.79601 6.78616 6.77702 6.76864 6.76102 6.75418 6.74814 6.74292 6.73851 6.73494 6.73221 6.73033 6.72929 
6.72327 6.72395 6.72549 6.72789 6.73115 6.73526 6.74022 6.74601 6.75262 6.76004 6.76826 6.77724 6.78698 6.79744 6.8086 6.82042 6.83288 6.84592 6.85952 6.87362 6.88818 6.90314 6.91846 6.93407 6.94991 6.96592 6.98204 6.9982 7.01433 7.03036 7.04622 7.06185 7.07717 7.09211 7.10661 7.12059 7.134 7.14677 7.15884 7.17015 7.18065 7.19029 7.19902 7.2068 7.2136 7.21938 7.22411 7.22777 7.23034 7.23181 7.23218 7.23143 7.22958 7.22664 7.22261 7.21752 7.2114 7.20427 7.19617 7.18715 7.17723 7.16648 7.15494 7.14267 7.12973 7.11618 7.10208 7.08751 7.07253 7.05721 7.04161 7.02582 7.00989 6.99391 6.97793 6.96202 6.94626 6.93069 6.9154 6.90042 6.88582 6.87165 6.85795 6.84479 6.83218 6.82019 6.80884 6.79816 6.78818 6.77894 6.77045 6.76274 6.75581 6.7497 6.74441 6.73995 6.73634 6.73357 6.73166 6.73061 
6.7244 6.72508 6.72664 6.72907 6.73236 6.73652 6.74153 6.74738 6.75406 6.76155 6.76985 6.77893 6.78876 6.79933 6.8106 6.82254 6.83512 6.8483 6.86203 6.87627 6.89097 6.90608 6.92154 6.9373 6.95329 6.96946 6.98573 7.00204 7.01832 7.0345 7.05051 7.06628 7.08174 7.09681 7.11144 7.12555 7.13908 7.15196 7.16414 7.17555 7.18614 7.19586 7.20467 7.21252 7.21938 7.22521 7.22998 7.23367 7.23626 7.23774 7.23811 7.23736 7.23549 7.23252 7.22846 7.22333 7.21715 7.20996 7.20179 7.19268 7.18268 7.17183 7.16019 7.14781 7.13475 7.12108 7.10685 7.09215 7.07703 7.06156 7.04583 7.02988 7.01381 6.99767 6.98154 6.96548 6.94957 6.93385 6.9184 6.90328 6.88854 6.87422 6.86039 6.8471 6.83437 6.82225 6.81078 6.8 6.78992 6.78058 6.772 6.76421 6.75721 6.75104 6.74569 6.74118 6.73753 6.73474 6.73281 6.73175 
6.72534 6.72603 6.7276 6.73005 6.73337 6.73756 6.74261 6.7485 6.75524 6.7628 6.77117 6.78032 6.79024 6.80089 6.81225 6.82429 6.83697 6.85025 6.86409 6.87844 6.89326 6.90849 6.92407 6.93996 6.95607 6.97236 6.98876 7.00519 7.02159 7.03789 7.05402 7.06991 7.08548 7.10067 7.1154 7.12961 7.14324 7.15621 7.16847 7.17997 7.19064 7.20043 7.2093 7.2172 7.22411 7.22998 7.23478 7.2385 7.24111 7.2426 7.24297 7.24221 7.24034 7.23734 7.23325 7.22808 7.22186 7.21462 7.20639 7.19722 7.18714 7.17621 7.16448 7.15201 7.13886 7.12509 7.11076 7.09595 7.08072 7.06514 7.04928 7.03322 7.01702 7.00076 6.9845 6.96832 6.95228 6.93644 6.92087 6.90563 6.89077 6.87634 6.8624 6.84899 6.83616 6.82395 6.81239 6.80151 6.79135 6.78193 6.77328 6.76542 6.75837 6.75214 6.74675 6.74221 6.73852 6.7357 6.73376 6.73269 
6.72608 6.72677 6.72835 6.73081 6.73416 6.73837 6.74346 6.74939 6.75617 6.76378 6.7722 6.78141 6.79139 6.80211 6.81354 6.82565 6.83841 6.85177 6.8657 6.88014 6.89505 6.91037 6.92604 6.94202 6.95823 6.97461 6.9911 7.00763 7.02413 7.04052 7.05674 7.07272 7.08838 7.10365 7.11847 7.13276 7.14646 7.1595 7.17183 7.18339 7.19411 7.20396 7.21288 7.22083 7.22777 7.23367 7.2385 7.24223 7.24486 7.24636 7.24673 7.24597 7.24408 7.24107 7.23696 7.23176 7.22551 7.21822 7.20995 7.20072 7.19059 7.1796 7.16781 7.15527 7.14205 7.1282 7.11379 7.09889 7.08357 7.0679 7.05195 7.0358 7.01951 7.00315 6.9868 6.97052 6.95439 6.93846 6.92279 6.90746 6.8925 6.87799 6.86396 6.85047 6.83756 6.82527 6.81364 6.80269 6.79247 6.78299 6.77429 6.76638 6.75928 6.75301 6.74758 6.74301 6.7393 6.73646 6.7345 6.73343 
6.72661 6.72731 6.7289 6.73137 6.73473 6.73896 6.74407 6.75003 6.75684 6.76448 6.77294 6.78219 6.79221 6.80298 6.81446 6.82663 6.83944 6.85286 6.86684 6.88134 6.89631 6.91169 6.92744 6.94348 6.95975 6.9762 6.99276 7.00935 7.02592 7.04238 7.05866 7.0747 7.09042 7.10575 7.12062 7.13497 7.14872 7.16182 7.1742 7.18579 7.19656 7.20644 7.2154 7.22337 7.23034 7.23626 7.24111 7.24486 7.24749 7.249 7.24937 7.24861 7.24671 7.24369 7.23956 7.23434 7.22807 7.22076 7.21245 7.20319 7.19302 7.18199 7.17015 7.15756 7.14428 7.13038 7.11592 7.10096 7.08558 7.06985 7.05384 7.03762 7.02126 7.00484 6.98842 6.97208 6.95587 6.93988 6.92415 6.90875 6.89373 6.87916 6.86507 6.85153 6.83856 6.82621 6.81453 6.80354 6.79327 6.78375 6.77501 6.76706 6.75993 6.75363 6.74818 6.74359 6.73986 6.73701 6.73505 6.73397 
6.72694 6.72764 6.72923 6.73171 6.73508 6.73933 6.74444 6.75042 6.75725 6.76491 6.77338 6.78266 6.7927 6.8035 6.81501 6.8272 6.84004 6.85349 6.86751 6.88204 6.89705 6.91247 6.92825 6.94432 6.96064 6.97712 6.99372 7.01035 7.02695 7.04344 7.05976 7.07584 7.09159 7.10696 7.12186 7.13624 7.15002 7.16315 7.17555 7.18717 7.19796 7.20787 7.21684 7.22483 7.23181 7.23774 7.2426 7.24636 7.249 7.25051 7.25088 7.25012 7.24821 7.24519 7.24105 7.23582 7.22953 7.2222 7.21388 7.2046 7.19441 7.18335 7.17149 7.15887 7.14557 7.13163 7.11714 7.10215 7.08673 7.07097 7.05492 7.03866 7.02227 7.00581 6.98936 6.97298 6.95674 6.9407 6.92494 6.9095 6.89445 6.87984 6.86572 6.85214 6.83915 6.82677 6.81506 6.80404 6.79375 6.7842 6.77544 6.76747 6.76033 6.75401 6.74855 6.74394 6.74021 6.73735 6.73538 6.7343 
