4.38995 4.39014 4.39038 4.39066 4.39098 4.39136 4.39177 4.39224 4.39276 4.39333 4.39395 4.39463 4.39536 4.39616 4.39703 4.39795 4.39895 4.40001 4.40115 4.40235 4.40363 4.40498 4.4064 4.40788 4.40942 4.41103 4.41269 4.4144 4.41615 4.41793 4.41974 4.42157 4.4234 4.42523 4.42704 4.42882 4.43057 4.43226 4.43389 4.43544 4.4369 4.43827 4.43953 4.44066 4.44167 4.44254 4.44327 4.44385 4.44428 4.44454 4.44465 4.4446 4.44438 4.44401 4.44349 4.44281 4.44199 4.44104 4.43996 4.43875 4.43744 4.43603 4.43454 4.43297 4.43133 4.42965 4.42792 4.42617 4.42441 4.42264 4.42088 4.41914 4.41743 4.41576 4.41413 4.41256 4.41105 4.4096 4.40823 4.40693 4.4057 4.40456 4.4035 4.40253 4.40163 4.40082 4.40009 4.39944 4.39887 4.39837 4.39794 4.39758 4.39729 4.39706 4.39689 4.39678 4.39673 4.39672 4.39677 4.39687 
4.39014 4.39033 4.39057 4.39085 4.39118 4.39155 4.39197 4.39244 4.39296 4.39353 4.39416 4.39484 4.39558 4.39638 4.39725 4.39819 4.39919 4.40027 4.40141 4.40263 4.40392 4.40528 4.40671 4.4082 4.40977 4.41139 4.41306 4.41479 4.41656 4.41836 4.42019 4.42204 4.42389 4.42574 4.42757 4.42937 4.43113 4.43284 4.43449 4.43606 4.43754 4.43892 4.44019 4.44134 4.44236 4.44324 4.44398 4.44456 4.44499 4.44526 4.44537 4.44531 4.4451 4.44472 4.44419 4.44351 4.44268 4.44171 4.44062 4.4394 4.43808 4.43665 4.43514 4.43355 4.4319 4.43019 4.42845 4.42668 4.4249 4.42311 4.42133 4.41958 4.41785 4.41615 4.41451 4.41292 4.41139 4.40993 4.40854 4.40723 4.40599 4.40484 4.40377 4.40278 4.40188 4.40106 4.40032 4.39967 4.39909 4.39858 4.39815 4.39779 4.39749 4.39726 4.39709 4.39698 4.39692 4.39692 4.39696 4.39706 
4.39038 4.39057 4.39081 4.39109 4.39142 4.3918 4.39223 4.39271 4.39324 4.39382 4.39446 4.39516 4.39592 4.39675 4.39764 4.3986 4.39963 4.40073 4.40191 4.40316 4.40449 4.40588 4.40736 4.4089 4.4105 4.41217 4.4139 4.41568 4.4175 4.41935 4.42124 4.42313 4.42504 4.42694 4.42882 4.43068 4.43249 4.43425 4.43594 4.43755 4.43908 4.4405 4.4418 4.44298 4.44403 4.44494 4.44569 4.44629 4.44673 4.44701 4.44712 4.44706 4.44684 4.44645 4.4459 4.4452 4.44435 4.44335 4.44222 4.44097 4.43961 4.43814 4.43659 4.43495 4.43325 4.4315 4.4297 4.42788 4.42604 4.4242 4.42237 4.42056 4.41878 4.41704 4.41535 4.41371 4.41213 4.41063 4.40919 4.40784 4.40657 4.40538 4.40428 4.40326 4.40233 4.40148 4.40072 4.40003 4.39943 4.39891 4.39846 4.39808 4.39778 4.39753 4.39735 4.39723 4.39717 4.39716 4.3972 4.39729 
4.39066 4.39085 4.39109 4.39138 4.39172 4.39211 4.39255 4.39304 4.39359 4.3942 4.39487 4.39559 4.39639 4.39725 4.39818 4.39918 4.40026 4.40141 4.40264 4.40395 4.40534 4.40681 4.40835 4.40996 4.41164 4.41339 4.4152 4.41706 4.41896 4.42091 4.42288 4.42486 4.42685 4.42884 4.43081 4.43275 4.43464 4.43648 4.43825 4.43993 4.44152 4.443 4.44437 4.4456 4.44669 4.44763 4.44842 4.44905 4.4495 4.44979 4.4499 4.44984 4.4496 4.4492 4.44862 4.44789 4.447 4.44596 4.44478 4.44347 4.44204 4.44051 4.43888 4.43717 4.43539 4.43355 4.43168 4.42977 4.42785 4.42592 4.424 4.42211 4.42024 4.41842 4.41664 4.41492 4.41327 4.41169 4.41019 4.40877 4.40743 4.40618 4.40502 4.40395 4.40297 4.40207 4.40127 4.40055 4.39991 4.39935 4.39888 4.39847 4.39814 4.39788 4.39768 4.39755 4.39747 4.39745 4.39749 4.39758 
4.39098 4.39118 4.39142 4.39172 4.39207 4.39248 4.39294 4.39345 4.39403 4.39467 4.39537 4.39614 4.39698 4.39789 4.39888 4.39994 4.40109 4.40231 4.40362 4.40501 4.40649 4.40805 4.40968 4.4114 4.41319 4.41505 4.41697 4.41894 4.42097 4.42303 4.42512 4.42723 4.42934 4.43145 4.43354 4.43559 4.4376 4.43955 4.44142 4.4432 4.44488 4.44645 4.44789 4.44919 4.45035 4.45134 4.45217 4.45283 4.45331 4.45361 4.45373 4.45366 4.45341 4.45298 4.45237 4.45158 4.45064 4.44953 4.44828 4.44689 4.44538 4.44375 4.44203 4.44021 4.43832 4.43638 4.43438 4.43236 4.43032 4.42827 4.42623 4.42422 4.42223 4.42029 4.4184 4.41657 4.41482 4.41313 4.41153 4.41001 4.40858 4.40725 4.40601 4.40486 4.40381 4.40285 4.40198 4.4012 4.40052 4.39991 4.3994 4.39895 4.39859 4.3983 4.39808 4.39792 4.39783 4.3978 4.39782 4.39791 
4.39136 4.39155 4.3918 4.39211 4.39248 4.3929 4.39339 4.39394 4.39455 4.39523 4.39598 4.3968 4.3977 4.39868 4.39974 4.40088 4.40211 4.40343 4.40484 4.40634 4.40793 4.40961 4.41137 4.41322 4.41515 4.41714 4.41921 4.42134 4.42351 4.42573 4.42798 4.43024 4.43251 4.43477 4.43701 4.43922 4.44137 4.44345 4.44546 4.44737 4.44917 4.45084 4.45238 4.45378 4.45501 4.45607 4.45696 4.45766 4.45817 4.45849 4.45861 4.45853 4.45826 4.45779 4.45714 4.4563 4.45528 4.45409 4.45275 4.45126 4.44964 4.44789 4.44604 4.44409 4.44206 4.43997 4.43783 4.43566 4.43346 4.43126 4.42907 4.4269 4.42476 4.42267 4.42064 4.41867 4.41677 4.41495 4.41322 4.41158 4.41003 4.40859 4.40724 4.40599 4.40485 4.4038 4.40286 4.40201 4.40126 4.40059 4.40002 4.39953 4.39912 4.39879 4.39854 4.39836 4.39824 4.39819 4.39821 4.39828 
4.39177 4.39197 4.39223 4.39255 4.39294 4.39339 4.3939 4.39449 4.39515 4.39588 4.39669 4.39758 4.39856 4.39962 4.40077 4.40201 4.40335 4.40478 4.40632 4.40795 4.40968 4.4115 4.41342 4.41543 4.41752 4.4197 4.42194 4.42425 4.42661 4.42902 4.43146 4.43391 4.43637 4.43882 4.44125 4.44363 4.44596 4.44821 4.45038 4.45244 4.45439 4.45619 4.45786 4.45936 4.46068 4.46183 4.46278 4.46354 4.46408 4.46442 4.46455 4.46446 4.46416 4.46366 4.46294 4.46203 4.46093 4.45965 4.45819 4.45658 4.45482 4.45293 4.45092 4.44881 4.44661 4.44435 4.44203 4.43967 4.43729 4.4349 4.43252 4.43016 4.42784 4.42557 4.42335 4.42121 4.41914 4.41716 4.41527 4.41347 4.41178 4.4102 4.40872 4.40736 4.4061 4.40495 4.4039 4.40297 4.40213 4.40139 4.40075 4.4002 4.39974 4.39937 4.39907 4.39886 4.39871 4.39864 4.39864 4.39871 
4.39224 4.39244 4.39271 4.39304 4.39345 4.39394 4.39449 4.39513 4.39584 4.39663 4.39751 4.39849 4.39955 4.40071 4.40197 4.40333 4.40479 4.40637 4.40805 4.40984 4.41173 4.41373 4.41584 4.41804 4.42033 4.42271 4.42517 4.42769 4.43028 4.43291 4.43557 4.43825 4.44094 4.44361 4.44625 4.44885 4.45138 4.45384 4.45619 4.45844 4.46055 4.46251 4.46432 4.46595 4.46739 4.46863 4.46966 4.47047 4.47106 4.47143 4.47156 4.47146 4.47113 4.47058 4.4698 4.4688 4.4676 4.4662 4.46462 4.46286 4.46094 4.45888 4.45669 4.45439 4.45199 4.44952 4.44698 4.44441 4.44181 4.4392 4.4366 4.43402 4.43148 4.42899 4.42656 4.4242 4.42193 4.41975 4.41768 4.4157 4.41384 4.4121 4.41047 4.40895 4.40756 4.40628 4.40512 4.40408 4.40314 4.40232 4.4016 4.40097 4.40045 4.40002 4.39968 4.39942 4.39924 4.39915 4.39913 4.39918 
4.39276 4.39296 4.39324 4.39359 4.39403 4.39455 4.39515 4.39584 4.39661 4.39748 4.39845 4.39951 4.40068 4.40196 4.40334 4.40484 4.40646 4.40819 4.41004 4.41202 4.41411 4.41631 4.41863 4.42105 4.42358 4.4262 4.4289 4.43168 4.43452 4.4374 4.44033 4.44327 4.44621 4.44914 4.45204 4.45488 4.45765 4.46034 4.46291 4.46536 4.46767 4.46981 4.47178 4.47355 4.47512 4.47647 4.47759 4.47848 4.47912 4.47951 4.47965 4.47954 4.47918 4.47856 4.47771 4.47662 4.4753 4.47377 4.47203 4.47011 4.46801 4.46575 4.46335 4.46083 4.4582 4.45549 4.45271 4.44989 4.44703 4.44417 4.44131 4.43847 4.43568 4.43293 4.43026 4.42766 4.42516 4.42276 4.42046 4.41828 4.41622 4.41428 4.41247 4.41079 4.40924 4.40782 4.40652 4.40535 4.4043 4.40337 4.40255 4.40185 4.40125 4.40075 4.40035 4.40005 4.39983 4.39971 4.39966 4.3997 
4.39333 4.39353 4.39382 4.3942 4.39467 4.39523 4.39588 4.39663 4.39748 4.39844 4.3995 4.40067 4.40196 4.40337 4.4049 4.40656 4.40835 4.41026 4.41231 4.41449 4.41681 4.41924 4.4218 4.42448 4.42727 4.43016 4.43315 4.43621 4.43934 4.44252 4.44574 4.44898 4.45221 4.45543 4.45861 4.46173 4.46478 4.46772 4.47054 4.47323 4.47575 4.4781 4.48025 4.48219 4.4839 4.48538 4.4866 4.48756 4.48826 4.48868 4.48883 4.4887 4.4883 4.48763 4.48669 4.48549 4.48404 4.48236 4.48045 4.47834 4.47603 4.47355 4.47091 4.46814 4.46526 4.46228 4.45922 4.45611 4.45297 4.44981 4.44666 4.44354 4.44045 4.43742 4.43447 4.4316 4.42883 4.42617 4.42362 4.4212 4.41891 4.41676 4.41475 4.41287 4.41114 4.40955 4.4081 4.40678 4.4056 4.40455 4.40363 4.40282 4.40214 4.40157 4.4011 4.40074 4.40049 4.40032 4.40026 4.40028 
4.39395 4.39416 4.39446 4.39487 4.39537 4.39598 4.39669 4.39751 4.39845 4.3995 4.40067 4.40197 4.40339 4.40495 4.40665 4.40848 4.41047 4.41259 4.41486 4.41728 4.41984 4.42254 4.42538 4.42834 4.43143 4.43462 4.43792 4.4413 4.44476 4.44827 4.45182 4.45538 4.45895 4.46249 4.46599 4.46942 4.47277 4.476 4.4791 4.48204 4.48481 4.48738 4.48973 4.49186 4.49373 4.49534 4.49668 4.49773 4.49849 4.49895 4.49911 4.49896 4.49851 4.49777 4.49673 4.49541 4.49382 4.49197 4.48987 4.48755 4.48501 4.48229 4.47939 4.47634 4.47316 4.46988 4.46652 4.46309 4.45963 4.45615 4.45267 4.44922 4.44581 4.44247 4.4392 4.43602 4.43295 4.43 4.42717 4.42449 4.42194 4.41954 4.4173 4.41521 4.41327 4.41149 4.40986 4.40838 4.40705 4.40587 4.40482 4.40391 4.40313 4.40247 4.40193 4.40151 4.4012 4.401 4.40091 4.40091 
4.39463 4.39484 4.39516 4.39559 4.39614 4.3968 4.39758 4.39849 4.39951 4.40067 4.40197 4.4034 4.40498 4.40671 4.40859 4.41063 4.41282 4.41518 4.4177 4.42038 4.42322 4.42621 4.42935 4.43264 4.43605 4.43959 4.44323 4.44697 4.45078 4.45466 4.45857 4.4625 4.46643 4.47033 4.47418 4.47795 4.48162 4.48517 4.48858 4.49181 4.49484 4.49766 4.50024 4.50256 4.50461 4.50637 4.50783 4.50898 4.50981 4.5103 4.51047 4.51031 4.50981 4.50899 4.50785 4.5064 4.50465 4.50261 4.50031 4.49775 4.49497 4.49197 4.48878 4.48543 4.48193 4.47832 4.47461 4.47084 4.46702 4.46318 4.45934 4.45553 4.45176 4.44806 4.44445 4.44093 4.43753 4.43426 4.43112 4.42813 4.4253 4.42264 4.42013 4.4178 4.41564 4.41364 4.41182 4.41016 4.40866 4.40733 4.40614 4.40511 4.40422 4.40346 4.40284 4.40235 4.40199 4.40174 4.40161 4.4016 
4.39536 4.39558 4.39592 4.39639 4.39698 4.3977 4.39856 4.39955 4.40068 4.40196 4.40339 4.40498 4.40673 4.40864 4.41073 4.41299 4.41542 4.41804 4.42083 4.4238 4.42695 4.43026 4.43374 4.43737 4.44115 4.44506 4.44908 4.45321 4.45742 4.46169 4.466 4.47033 4.47465 4.47894 4.48317 4.48732 4.49136 4.49525 4.49898 4.50252 4.50585 4.50893 4.51176 4.5143 4.51654 4.51847 4.52006 4.52131 4.52221 4.52275 4.52293 4.52274 4.5222 4.52129 4.52004 4.51844 4.51652 4.51428 4.51175 4.50895 4.50588 4.50259 4.49909 4.4954 4.49156 4.48758 4.4835 4.47935 4.47514 4.47091 4.46668 4.46247 4.45832 4.45423 4.45023 4.44634 4.44257 4.43895 4.43547 4.43215 4.42901 4.42604 4.42326 4.42066 4.41824 4.41601 4.41397 4.41211 4.41043 4.40893 4.40759 4.40642 4.40541 4.40455 4.40384 4.40327 4.40284 4.40255 4.40238 4.40235 
4.39616 4.39638 4.39675 4.39725 4.39789 4.39868 4.39962 4.40071 4.40196 4.40337 4.40495 4.40671 4.40864 4.41076 4.41307 4.41558 4.41828 4.42117 4.42427 4.42755 4.43103 4.4347 4.43855 4.44256 4.44673 4.45105 4.45549 4.46003 4.46467 4.46937 4.47412 4.47888 4.48363 4.48834 4.49299 4.49754 4.50196 4.50623 4.51032 4.51419 4.51783 4.52121 4.52429 4.52707 4.52952 4.53162 4.53336 4.53472 4.5357 4.53628 4.53647 4.53626 4.53566 4.53466 4.53328 4.53153 4.52943 4.52698 4.5242 4.52112 4.51777 4.51415 4.51031 4.50626 4.50204 4.49768 4.4932 4.48863 4.484 4.47935 4.47469 4.47006 4.46547 4.46096 4.45655 4.45225 4.44809 4.44407 4.44023 4.43655 4.43306 4.42977 4.42667 4.42378 4.42109 4.41861 4.41633 4.41425 4.41236 4.41067 4.40917 4.40785 4.4067 4.40573 4.40492 4.40427 4.40377 4.40342 4.40322 4.40316 
4.39703 4.39725 4.39764 4.39818 4.39888 4.39974 4.40077 4.40197 4.40334 4.4049 4.40665 4.40859 4.41073 4.41307 4.41563 4.4184 4.42138 4.42459 4.42801 4.43164 4.43548 4.43953 4.44377 4.4482 4.4528 4.45755 4.46244 4.46744 4.47254 4.47771 4.48292 4.48815 4.49336 4.49852 4.50361 4.50859 4.51343 4.5181 4.52257 4.5268 4.53078 4.53446 4.53783 4.54086 4.54352 4.54581 4.5477 4.54919 4.55025 4.55088 4.55108 4.55084 4.55018 4.54909 4.54758 4.54566 4.54336 4.54068 4.53764 4.53428 4.5306 4.52665 4.52244 4.51801 4.51339 4.5086 4.50369 4.49868 4.4936 4.48848 4.48337 4.47827 4.47323 4.46827 4.46341 4.45867 4.45408 4.44965 4.44539 4.44133 4.43747 4.43382 4.43039 4.42718 4.42419 4.42143 4.41889 4.41657 4.41446 4.41257 4.41089 4.4094 4.40811 4.40701 4.40609 4.40535 4.40477 4.40437 4.40412 4.40403 
4.39795 4.39819 4.3986 4.39918 4.39994 4.40088 4.40201 4.40333 4.40484 4.40656 4.40848 4.41063 4.41299 4.41558 4.4184 4.42146 4.42475 4.42828 4.43206 4.43606 4.4403 4.44476 4.44943 4.4543 4.45935 4.46458 4.46995 4.47544 4.48103 4.4867 4.49241 4.49813 4.50383 4.50948 4.51504 4.52048 4.52576 4.53086 4.53573 4.54034 4.54467 4.54868 4.55235 4.55564 4.55854 4.56103 4.56308 4.56469 4.56584 4.56652 4.56673 4.56647 4.56574 4.56455 4.5629 4.56081 4.55829 4.55537 4.55206 4.54838 4.54437 4.54006 4.53546 4.53062 4.52557 4.52034 4.51497 4.50948 4.50392 4.49832 4.49271 4.48713 4.48159 4.47614 4.4708 4.46559 4.46054 4.45566 4.45097 4.44649 4.44223 4.4382 4.43441 4.43085 4.42754 4.42448 4.42165 4.41907 4.41673 4.41462 4.41274 4.41108 4.40963 4.40839 4.40735 4.40651 4.40585 4.40538 4.40509 4.40498 
4.39895 4.39919 4.39963 4.40026 4.40109 4.40211 4.40335 4.40479 4.40646 4.40835 4.41047 4.41282 4.41542 4.41828 4.42138 4.42475 4.42838 4.43227 4.43642 4.44082 4.44548 4.45038 4.45551 4.46085 4.46639 4.47212 4.478 4.48401 4.49013 4.49633 4.50256 4.50881 4.51503 4.52119 4.52725 4.53318 4.53893 4.54447 4.54977 4.55479 4.55949 4.56384 4.56782 4.5714 4.57454 4.57724 4.57946 4.5812 4.58244 4.58318 4.5834 4.58311 4.58232 4.58102 4.57922 4.57695 4.57421 4.57103 4.56743 4.56343 4.55906 4.55436 4.54936 4.54409 4.53858 4.53288 4.52702 4.52103 4.51496 4.50884 4.50271 4.4966 4.49055 4.48458 4.47873 4.47302 4.46747 4.46211 4.45696 4.45204 4.44735 4.44291 4.43872 4.4348 4.43114 4.42775 4.42463 4.42177 4.41917 4.41683 4.41473 4.41288 4.41126 4.40987 4.40871 4.40775 4.40701 4.40647 4.40613 4.40599 
4.40001 4.40027 4.40073 4.40141 4.40231 4.40343 4.40478 4.40637 4.40819 4.41026 4.41259 4.41518 4.41804 4.42117 4.42459 4.42828 4.43227 4.43654 4.44109 4.44592 4.45102 4.45639 4.46201 4.46785 4.47392 4.48017 4.4866 4.49316 4.49983 4.50658 4.51338 4.52018 4.52695 4.53364 4.54023 4.54667 4.55291 4.55893 4.56467 4.57011 4.5752 4.57992 4.58422 4.58809 4.59149 4.5944 4.59681 4.59868 4.60002 4.60081 4.60105 4.60073 4.59987 4.59845 4.59651 4.59404 4.59107 4.58762 4.58371 4.57937 4.57464 4.56954 4.56411 4.55838 4.5524 4.5462 4.53982 4.53331 4.52671 4.52004 4.51336 4.5067 4.50009 4.49358 4.48718 4.48094 4.47487 4.46901 4.46336 4.45796 4.45282 4.44794 4.44334 4.43903 4.435 4.43126 4.42782 4.42466 4.42178 4.41919 4.41687 4.41481 4.41301 4.41146 4.41016 4.40909 4.40825 4.40764 4.40724 4.40707 
4.40115 4.40141 4.40191 4.40264 4.40362 4.40484 4.40632 4.40805 4.41004 4.41231 4.41486 4.4177 4.42083 4.42427 4.42801 4.43206 4.43642 4.44109 4.44607 4.45135 4.45693 4.46279 4.46892 4.4753 4.48191 4.48873 4.49572 4.50286 4.51012 4.51746 4.52483 4.53221 4.53956 4.54682 4.55395 4.56092 4.56768 4.57419 4.5804 4.58627 4.59177 4.59686 4.60151 4.60568 4.60935 4.61248 4.61507 4.61709 4.61853 4.61938 4.61963 4.61928 4.61834 4.61681 4.61471 4.61204 4.60883 4.6051 4.60088 4.59619 4.59106 4.58555 4.57967 4.57347 4.56699 4.56027 4.55336 4.5463 4.53913 4.53189 4.52463 4.51739 4.5102 4.50311 4.49615 4.48934 4.48273 4.47632 4.47016 4.46426 4.45863 4.45329 4.44825 4.44352 4.43911 4.435 4.43121 4.42774 4.42457 4.42171 4.41914 4.41686 4.41487 4.41315 4.4117 4.41051 4.40957 4.40888 4.40843 4.40822 
4.40235 4.40263 4.40316 4.40395 4.40501 4.40634 4.40795 4.40984 4.41202 4.41449 4.41728 4.42038 4.4238 4.42755 4.43164 4.43606 4.44082 4.44592 4.45135 4.45711 4.46319 4.46957 4.47624 4.48318 4.49036 4.49776 4.50536 4.5131 4.52097 4.52892 4.53691 4.54489 4.55283 4.56068 4.56838 4.57591 4.5832 4.59021 4.5969 4.60323 4.60915 4.61463 4.61963 4.62411 4.62805 4.63142 4.6342 4.63637 4.63791 4.63882 4.63908 4.63871 4.63769 4.63604 4.63377 4.6309 4.62744 4.62342 4.61887 4.61381 4.60829 4.60234 4.596 4.58931 4.58231 4.57506 4.56759 4.55995 4.5522 4.54437 4.5365 4.52866 4.52087 4.51317 4.50561 4.49822 4.49102 4.48406 4.47735 4.47092 4.46479 4.45896 4.45346 4.44829 4.44346 4.43896 4.43481 4.431 4.42752 4.42438 4.42155 4.41905 4.41685 4.41495 4.41334 4.41202 4.41097 4.4102 4.40969 4.40944 
4.40363 4.40392 4.40449 4.40534 4.40649 4.40793 4.40968 4.41173 4.41411 4.41681 4.41984 4.42322 4.42695 4.43103 4.43548 4.4403 4.44548 4.45102 4.45693 4.46319 4.46979 4.47671 4.48395 4.49147 4.49925 4.50727 4.51548 4.52386 4.53236 4.54094 4.54956 4.55817 4.56673 4.57518 4.58348 4.59157 4.59941 4.60695 4.61414 4.62094 4.62729 4.63317 4.63853 4.64333 4.64755 4.65116 4.65414 4.65645 4.6581 4.65907 4.65935 4.65894 4.65785 4.65608 4.65364 4.65055 4.64684 4.64252 4.63764 4.63221 4.62627 4.61988 4.61306 4.60586 4.59833 4.59052 4.58248 4.57425 4.56588 4.55743 4.54895 4.54047 4.53205 4.52373 4.51555 4.50754 4.49975 4.4922 4.48492 4.47793 4.47127 4.46493 4.45895 4.45332 4.44805 4.44315 4.43861 4.43445 4.43065 4.4272 4.4241 4.42135 4.41894 4.41685 4.41508 4.41361 4.41245 4.41159 4.41102 4.41073 
4.40498 4.40528 4.40588 4.40681 4.40805 4.40961 4.4115 4.41373 4.41631 4.41924 4.42254 4.42621 4.43026 4.4347 4.43953 4.44476 4.45038 4.45639 4.46279 4.46957 4.47671 4.48421 4.49203 4.50016 4.50856 4.51721 4.52607 4.5351 4.54425 4.55349 4.56276 4.57202 4.58122 4.59029 4.59919 4.60787 4.61628 4.62435 4.63205 4.63932 4.64612 4.65241 4.65813 4.66327 4.66778 4.67163 4.6748 4.67728 4.67903 4.68006 4.68036 4.67992 4.67874 4.67685 4.67424 4.67093 4.66696 4.66234 4.65711 4.6513 4.64494 4.63809 4.63078 4.62307 4.61499 4.60661 4.59797 4.58913 4.58014 4.57106 4.56193 4.5528 4.54373 4.53476 4.52593 4.51729 4.50887 4.50071 4.49284 4.48528 4.47806 4.4712 4.4647 4.45859 4.45287 4.44754 4.44261 4.43807 4.43393 4.43017 4.42679 4.42378 4.42114 4.41885 4.4169 4.41529 4.41402 4.41306 4.41242 4.4121 
4.4064 4.40671 4.40736 4.40835 4.40968 4.41137 4.41342 4.41584 4.41863 4.4218 4.42538 4.42935 4.43374 4.43855 4.44377 4.44943 4.45551 4.46201 4.46892 4.47624 4.48395 4.49203 4.50046 4.50922 4.51826 4.52757 4.53709 4.54679 4.55662 4.56653 4.57647 4.58639 4.59624 4.60595 4.61547 4.62475 4.63373 4.64235 4.65057 4.65833 4.66558 4.67228 4.67838 4.68385 4.68865 4.69275 4.69612 4.69875 4.70062 4.70171 4.70202 4.70155 4.70029 4.69827 4.69549 4.69197 4.68773 4.6828 4.67722 4.67102 4.66424 4.65692 4.64911 4.64087 4.63224 4.62327 4.61403 4.60456 4.59493 4.58519 4.5754 4.56561 4.55586 4.54622 4.53674 4.52744 4.51838 4.50959 4.5011 4.49295 4.48515 4.47774 4.47072 4.46411 4.45791 4.45214 4.44679 4.44187 4.43737 4.43328 4.4296 4.42633 4.42345 4.42095 4.41882 4.41706 4.41566 4.41461 4.4139 4.41353 
4.40788 4.4082 4.4089 4.40996 4.4114 4.41322 4.41543 4.41804 4.42105 4.42448 4.42834 4.43264 4.43737 4.44256 4.4482 4.4543 4.46085 4.46785 4.4753 4.48318 4.49147 4.50016 4.50922 4.51861 4.52832 4.5383 4.5485 4.55889 4.56941 4.58001 4.59063 4.60123 4.61174 4.6221 4.63225 4.64214 4.6517 4.66088 4.66962 4.67787 4.68558 4.6927 4.69918 4.70498 4.71008 4.71443 4.71801 4.72079 4.72277 4.72393 4.72425 4.72375 4.72241 4.72026 4.7173 4.71356 4.70906 4.70382 4.69789 4.69129 4.68407 4.67629 4.66798 4.65919 4.65 4.64044 4.63058 4.62048 4.61019 4.59979 4.58932 4.57884 4.56841 4.55809 4.54792 4.53795 4.52823 4.51879 4.50967 4.5009 4.49252 4.48453 4.47697 4.46984 4.46316 4.45692 4.45115 4.44582 4.44095 4.43652 4.43254 4.42899 4.42585 4.42314 4.42082 4.41891 4.41737 4.41622 4.41544 4.41504 
4.40942 4.40977 4.4105 4.41164 4.41319 4.41515 4.41752 4.42033 4.42358 4.42727 4.43143 4.43605 4.44115 4.44673 4.4528 4.45935 4.46639 4.47392 4.48191 4.49036 4.49925 4.50856 4.51826 4.52832 4.5387 4.54936 4.56026 4.57135 4.58257 4.59387 4.60519 4.61648 4.62766 4.63868 4.64947 4.65997 4.67012 4.67986 4.68913 4.69788 4.70604 4.71358 4.72044 4.72659 4.73198 4.73658 4.74036 4.74331 4.7454 4.74662 4.74696 4.74642 4.745 4.74272 4.73959 4.73563 4.73086 4.72531 4.71902 4.71203 4.70438 4.69611 4.68729 4.67797 4.6682 4.65804 4.64756 4.63681 4.62587 4.61478 4.60363 4.59246 4.58133 4.57031 4.55945 4.54879 4.53839 4.52829 4.51852 4.50913 4.50013 4.49156 4.48344 4.47578 4.46859 4.46188 4.45566 4.44992 4.44467 4.43989 4.43559 4.43175 4.42836 4.42542 4.42291 4.42083 4.41916 4.4179 4.41705 4.4166 
4.41103 4.41139 4.41217 4.41339 4.41505 4.41714 4.4197 4.42271 4.4262 4.43016 4.43462 4.43959 4.44506 4.45105 4.45755 4.46458 4.47212 4.48017 4.48873 4.49776 4.50727 4.51721 4.52757 4.5383 4.54936 4.56072 4.57233 4.58413 4.59606 4.60807 4.62009 4.63207 4.64393 4.65561 4.66704 4.67816 4.68891 4.69921 4.70901 4.71825 4.72688 4.73484 4.74208 4.74856 4.75425 4.7591 4.76309 4.76619 4.76839 4.76967 4.77003 4.76946 4.76797 4.76556 4.76225 4.75807 4.75303 4.74717 4.74053 4.73314 4.72505 4.71631 4.70698 4.69712 4.68677 4.67601 4.6649 4.6535 4.64189 4.63012 4.61827 4.60639 4.59456 4.58283 4.57127 4.55991 4.54882 4.53804 4.52762 4.51758 4.50797 4.4988 4.4901 4.4819 4.47419 4.467 4.46032 4.45416 4.44851 4.44338 4.43874 4.4346 4.43095 4.42778 4.42507 4.42282 4.42101 4.41965 4.41872 4.41822 
4.41269 4.41306 4.4139 4.4152 4.41697 4.41921 4.42194 4.42517 4.4289 4.43315 4.43792 4.44323 4.44908 4.45549 4.46244 4.46995 4.478 4.4866 4.49572 4.50536 4.51548 4.52607 4.53709 4.5485 4.56026 4.57233 4.58465 4.59716 4.60981 4.62253 4.63526 4.64793 4.66048 4.67282 4.6849 4.69664 4.70797 4.71884 4.72917 4.73891 4.74799 4.75637 4.76399 4.77081 4.77678 4.78189 4.78608 4.78934 4.79165 4.793 4.79337 4.79277 4.79119 4.78866 4.78518 4.78078 4.77547 4.76931 4.76231 4.75453 4.746 4.7368 4.72696 4.71655 4.70562 4.69426 4.68252 4.67047 4.65819 4.64573 4.63318 4.6206 4.60805 4.59561 4.58333 4.57127 4.55948 4.54802 4.53692 4.52623 4.51599 4.50621 4.49694 4.48818 4.47995 4.47226 4.46511 4.45852 4.45247 4.44696 4.44199 4.43755 4.43362 4.43021 4.4273 4.42487 4.42293 4.42145 4.42045 4.4199 
4.4144 4.41479 4.41568 4.41706 4.41894 4.42134 4.42425 4.42769 4.43168 4.43621 4.4413 4.44697 4.45321 4.46003 4.46744 4.47544 4.48401 4.49316 4.50286 4.5131 4.52386 4.5351 4.54679 4.55889 4.57135 4.58413 4.59716 4.61039 4.62376 4.6372 4.65064 4.664 4.67723 4.69023 4.70295 4.71531 4.72723 4.73865 4.74951 4.75974 4.76928 4.77807 4.78606 4.79321 4.79948 4.80483 4.80922 4.81264 4.81506 4.81647 4.81686 4.81622 4.81457 4.81192 4.80827 4.80365 4.79808 4.79161 4.78426 4.77609 4.76714 4.75746 4.74712 4.73617 4.72467 4.71271 4.70034 4.68764 4.67469 4.66155 4.64829 4.635 4.62174 4.60858 4.59558 4.58281 4.57032 4.55817 4.5464 4.53505 4.52417 4.51378 4.50391 4.49459 4.48582 4.47763 4.47001 4.46297 4.45651 4.45063 4.44532 4.44056 4.43637 4.43271 4.42958 4.42698 4.42489 4.42331 4.42222 4.42163 
4.41615 4.41656 4.4175 4.41896 4.42097 4.42351 4.42661 4.43028 4.43452 4.43934 4.44476 4.45078 4.45742 4.46467 4.47254 4.48103 4.49013 4.49983 4.51012 4.52097 4.53236 4.54425 4.55662 4.56941 4.58257 4.59606 4.60981 4.62376 4.63785 4.652 4.66614 4.6802 4.6941 4.70776 4.72111 4.73408 4.74659 4.75856 4.76994 4.78065 4.79063 4.79983 4.8082 4.81568 4.82223 4.82782 4.83241 4.83598 4.8385 4.83997 4.84038 4.83972 4.83799 4.83521 4.8314 4.82657 4.82075 4.81397 4.80629 4.79773 4.78835 4.77821 4.76737 4.75589 4.74383 4.73127 4.71828 4.70493 4.69131 4.67749 4.66354 4.64954 4.63557 4.62169 4.60797 4.59449 4.58129 4.56844 4.55599 4.54399 4.53246 4.52145 4.51099 4.5011 4.49179 4.48309 4.47499 4.46751 4.46063 4.45437 4.44871 4.44364 4.43916 4.43526 4.43192 4.42914 4.4269 4.42521 4.42404 4.4234 
4.41793 4.41836 4.41935 4.42091 4.42303 4.42573 4.42902 4.43291 4.4374 4.44252 4.44827 4.45466 4.46169 4.46937 4.47771 4.4867 4.49633 4.50658 4.51746 4.52892 4.54094 4.55349 4.56653 4.58001 4.59387 4.60807 4.62253 4.6372 4.652 4.66686 4.68169 4.69644 4.711 4.72532 4.73929 4.75286 4.76594 4.77846 4.79034 4.80153 4.81195 4.82155 4.83028 4.83808 4.84491 4.85073 4.85552 4.85924 4.86187 4.8634 4.86382 4.86313 4.86133 4.85844 4.85446 4.84942 4.84335 4.83628 4.82826 4.81933 4.80954 4.79895 4.78761 4.7756 4.76299 4.74984 4.73624 4.72226 4.70798 4.69348 4.67884 4.66414 4.64945 4.63486 4.62043 4.60624 4.59234 4.5788 4.56567 4.553 4.54083 4.5292 4.51814 4.50768 4.49783 4.48861 4.48003 4.4721 4.46481 4.45816 4.45215 4.44677 4.442 4.43785 4.4343 4.43133 4.42895 4.42714 4.42589 4.4252 
4.41974 4.42019 4.42124 4.42288 4.42512 4.42798 4.43146 4.43557 4.44033 4.44574 4.45182 4.45857 4.466 4.47412 4.48292 4.49241 4.50256 4.51338 4.52483 4.53691 4.54956 4.56276 4.57647 4.59063 4.60519 4.62009 4.63526 4.65064 4.66614 4.68169 4.69722 4.71264 4.72786 4.74281 4.7574 4.77156 4.7852 4.79825 4.81063 4.82228 4.83313 4.84312 4.8522 4.86031 4.86741 4.87346 4.87844 4.8823 4.88504 4.88663 4.88707 4.88635 4.88448 4.88147 4.87733 4.87209 4.86578 4.85843 4.85008 4.84079 4.83059 4.81956 4.80774 4.79522 4.78206 4.76834 4.75414 4.73953 4.7246 4.70943 4.69411 4.67872 4.66333 4.64804 4.6329 4.618 4.60341 4.58918 4.57537 4.56204 4.54923 4.53699 4.52533 4.5143 4.50391 4.49418 4.48512 4.47673 4.46902 4.46199 4.45562 4.44992 4.44488 4.44047 4.4367 4.43356 4.43102 4.4291 4.42777 4.42703 
4.42157 4.42204 4.42313 4.42486 4.42723 4.43024 4.43391 4.43825 4.44327 4.44898 4.45538 4.4625 4.47033 4.47888 4.48815 4.49813 4.50881 4.52018 4.53221 4.54489 4.55817 4.57202 4.58639 4.60123 4.61648 4.63207 4.64793 4.664 4.6802 4.69644 4.71264 4.72871 4.74458 4.76015 4.77534 4.79007 4.80426 4.81782 4.83069 4.84279 4.85405 4.86442 4.87384 4.88225 4.88962 4.8959 4.90105 4.90506 4.90789 4.90954 4.90999 4.90925 4.90731 4.90419 4.89991 4.89448 4.88793 4.8803 4.87164 4.86199 4.8514 4.83994 4.82766 4.81464 4.80095 4.78667 4.77188 4.75666 4.74109 4.72527 4.70928 4.69321 4.67714 4.66114 4.64531 4.62972 4.61444 4.59953 4.58506 4.57107 4.55763 4.54477 4.53252 4.52092 4.50999 4.49975 4.49021 4.48137 4.47325 4.46583 4.45911 4.45309 4.44776 4.44311 4.43912 4.43579 4.43311 4.43107 4.42966 4.42888 
4.4234 4.42389 4.42504 4.42685 4.42934 4.43251 4.43637 4.44094 4.44621 4.45221 4.45895 4.46643 4.47465 4.48363 4.49336 4.50383 4.51503 4.52695 4.53956 4.55283 4.56673 4.58122 4.59624 4.61174 4.62766 4.64393 4.66048 4.67723 4.6941 4.711 4.72786 4.74458 4.76107 4.77725 4.79302 4.80831 4.82302 4.83709 4.85042 4.86295 4.87462 4.88535 4.8951 4.9038 4.91142 4.91791 4.92324 4.92738 4.93031 4.93202 4.93249 4.93172 4.92972 4.9265 4.92206 4.91645 4.90968 4.90179 4.89282 4.88283 4.87187 4.85999 4.84726 4.83376 4.81956 4.80473 4.78937 4.77355 4.75737 4.74092 4.72427 4.70753 4.69079 4.67412 4.6576 4.64133 4.62537 4.60979 4.59466 4.58004 4.56597 4.5525 4.53967 4.52751 4.51605 4.5053 4.49528 4.486 4.47746 4.46966 4.4626 4.45626 4.45065 4.44575 4.44154 4.43803 4.4352 4.43305 4.43156 4.43073 
4.42523 4.42574 4.42694 4.42884 4.43145 4.43477 4.43882 4.44361 4.44914 4.45543 4.46249 4.47033 4.47894 4.48834 4.49852 4.50948 4.52119 4.53364 4.54682 4.56068 4.57518 4.59029 4.60595 4.6221 4.63868 4.65561 4.67282 4.69023 4.70776 4.72532 4.74281 4.76015 4.77725 4.79401 4.81035 4.82617 4.84139 4.85594 4.86972 4.88267 4.89472 4.9058 4.91586 4.92484 4.9327 4.9394 4.9449 4.94917 4.95219 4.95395 4.95444 4.95365 4.95159 4.94826 4.94369 4.9379 4.93092 4.92278 4.91352 4.9032 4.89187 4.8796 4.86644 4.85247 4.83778 4.82243 4.80651 4.79012 4.77335 4.75627 4.739 4.72161 4.70421 4.68688 4.6697 4.65276 4.63614 4.61991 4.60414 4.58888 4.5742 4.56014 4.54673 4.53402 4.52204 4.51079 4.50031 4.49059 4.48164 4.47346 4.46605 4.45941 4.45352 4.44837 4.44395 4.44026 4.43729 4.43502 4.43345 4.43257 
4.42704 4.42757 4.42882 4.43081 4.43354 4.43701 4.44125 4.44625 4.45204 4.45861 4.46599 4.47418 4.48317 4.49299 4.50361 4.51504 4.52725 4.54023 4.55395 4.56838 4.58348 4.59919 4.61547 4.63225 4.64947 4.66704 4.6849 4.70295 4.72111 4.73929 4.7574 4.77534 4.79302 4.81035 4.82722 4.84356 4.85927 4.87427 4.88849 4.90184 4.91425 4.92567 4.93603 4.94527 4.95336 4.96026 4.96591 4.97031 4.97342 4.97523 4.97573 4.97492 4.9728 4.96939 4.96469 4.95873 4.95154 4.94316 4.93363 4.923 4.91133 4.89867 4.8851 4.87069 4.85552 4.83967 4.82323 4.80628 4.78893 4.77126 4.75338 4.73537 4.71733 4.69936 4.68154 4.66396 4.6467 4.62983 4.61343 4.59756 4.58228 4.56764 4.55368 4.54043 4.52793 4.5162 4.50525 4.49511 4.48576 4.47721 4.46947 4.46251 4.45635 4.45096 4.44634 4.44247 4.43935 4.43697 4.43532 4.4344 
4.42882 4.42937 4.43068 4.43275 4.43559 4.43922 4.44363 4.44885 4.45488 4.46173 4.46942 4.47795 4.48732 4.49754 4.50859 4.52048 4.53318 4.54667 4.56092 4.57591 4.59157 4.60787 4.62475 4.64214 4.65997 4.67816 4.69664 4.71531 4.73408 4.75286 4.77156 4.79007 4.80831 4.82617 4.84356 4.86039 4.87656 4.892 4.90662 4.92035 4.93311 4.94485 4.95549 4.96499 4.9733 4.98037 4.98618 4.99069 4.99389 4.99575 4.99627 4.99544 4.99326 4.98976 4.98494 4.97882 4.97144 4.96284 4.95305 4.94212 4.93012 4.91711 4.90315 4.88831 4.87269 4.85636 4.83941 4.82194 4.80404 4.7858 4.76733 4.74873 4.73008 4.71149 4.69305 4.67485 4.65697 4.63949 4.62249 4.60602 4.59016 4.57496 4.56045 4.54669 4.53369 4.52149 4.5101 4.49953 4.48979 4.48089 4.47281 4.46556 4.45913 4.4535 4.44868 4.44464 4.44138 4.43889 4.43716 4.4362 
4.43057 4.43113 4.43249 4.43464 4.4376 4.44137 4.44596 4.45138 4.45765 4.46478 4.47277 4.48162 4.49136 4.50196 4.51343 4.52576 4.53893 4.55291 4.56768 4.5832 4.59941 4.61628 4.63373 4.6517 4.67012 4.68891 4.70797 4.72723 4.74659 4.76594 4.7852 4.80426 4.82302 4.84139 4.85927 4.87656 4.89318 4.90903 4.92404 4.93812 4.95121 4.96324 4.97415 4.98389 4.9924 4.99965 5.0056 5.01022 5.0135 5.0154 5.01594 5.01509 5.01287 5.00928 5.00435 4.99808 4.99053 4.98171 4.97167 4.96047 4.94817 4.93481 4.92048 4.90525 4.8892 4.87242 4.85499 4.83702 4.81859 4.79981 4.78079 4.76161 4.74238 4.7232 4.70417 4.68537 4.6669 4.64883 4.63125 4.61422 4.5978 4.58205 4.56703 4.55276 4.53928 4.52662 4.5148 4.50383 4.49371 4.48446 4.47607 4.46853 4.46184 4.45598 4.45096 4.44676 4.44336 4.44077 4.43897 4.43796 
4.43226 4.43284 4.43425 4.43648 4.43955 4.44345 4.44821 4.45384 4.46034 4.46772 4.476 4.48517 4.49525 4.50623 4.5181 4.53086 4.54447 4.55893 4.57419 4.59021 4.60695 4.62435 4.64235 4.66088 4.67986 4.69921 4.71884 4.73865 4.75856 4.77846 4.79825 4.81782 4.83709 4.85594 4.87427 4.892 4.90903 4.92527 4.94064 4.95506 4.96846 4.98077 4.99192 5.00188 5.01059 5.018 5.02408 5.02881 5.03215 5.03411 5.03465 5.03379 5.03152 5.02786 5.02282 5.01642 5.00869 4.99968 4.98942 4.97796 4.96536 4.95169 4.93702 4.92141 4.90496 4.88775 4.86987 4.85142 4.8325 4.81322 4.79366 4.77394 4.75416 4.73443 4.71483 4.69547 4.67643 4.6578 4.63967 4.62209 4.60514 4.58888 4.57335 4.5586 4.54466 4.53157 4.51933 4.50797 4.4975 4.48791 4.47921 4.4714 4.46446 4.45838 4.45317 4.44881 4.44528 4.44258 4.44071 4.43966 
4.43389 4.43449 4.43594 4.43825 4.44142 4.44546 4.45038 4.45619 4.46291 4.47054 4.4791 4.48858 4.49898 4.51032 4.52257 4.53573 4.54977 4.56467 4.5804 4.5969 4.61414 4.63205 4.65057 4.66962 4.68913 4.70901 4.72917 4.74951 4.76994 4.79034 4.81063 4.83069 4.85042 4.86972 4.88849 4.90662 4.92404 4.94064 4.95635 4.97108 4.98476 4.99733 5.00872 5.01888 5.02776 5.03532 5.04153 5.04635 5.04977 5.05176 5.05232 5.05145 5.04914 5.0454 5.04027 5.03374 5.02586 5.01666 5.00619 4.99449 4.98163 4.96766 4.95266 4.93671 4.91988 4.90227 4.88398 4.86509 4.8457 4.82594 4.80588 4.78566 4.76536 4.7451 4.72497 4.70507 4.6855 4.66635 4.64769 4.62959 4.61214 4.59539 4.57939 4.56418 4.54981 4.5363 4.52367 4.51194 4.50112 4.49122 4.48223 4.47415 4.46697 4.46069 4.45529 4.45078 4.44712 4.44433 4.44239 4.4413 
4.43544 4.43606 4.43755 4.43993 4.4432 4.44737 4.45244 4.45844 4.46536 4.47323 4.48204 4.49181 4.50252 4.51419 4.5268 4.54034 4.55479 4.57011 4.58627 4.60323 4.62094 4.63932 4.65833 4.67787 4.69788 4.71825 4.73891 4.75974 4.78065 4.80153 4.82228 4.84279 4.86295 4.88267 4.90184 4.92035 4.93812 4.95506 4.97108 4.9861 5.00004 5.01285 5.02445 5.0348 5.04385 5.05155 5.05787 5.06278 5.06626 5.06829 5.06886 5.06798 5.06563 5.06183 5.05661 5.04997 5.04195 5.03258 5.02191 5.01 4.99689 4.98265 4.96735 4.95107 4.9339 4.91592 4.89723 4.87793 4.85812 4.8379 4.81739 4.79669 4.77591 4.75515 4.73453 4.71413 4.69406 4.67441 4.65526 4.63668 4.61876 4.60155 4.5851 4.56946 4.55468 4.54077 4.52778 4.5157 4.50456 4.49435 4.48509 4.47676 4.46936 4.46288 4.45731 4.45265 4.44888 4.446 4.444 4.44287 
4.4369 4.43754 4.43908 4.44152 4.44488 4.44917 4.45439 4.46055 4.46767 4.47575 4.48481 4.49484 4.50585 4.51783 4.53078 4.54467 4.55949 4.5752 4.59177 4.60915 4.62729 4.64612 4.66558 4.68558 4.70604 4.72688 4.74799 4.76928 4.79063 4.81195 4.83313 4.85405 4.87462 4.89472 4.91425 4.93311 4.95121 4.96846 4.98476 5.00004 5.01423 5.02725 5.03905 5.04958 5.05877 5.0666 5.07302 5.07802 5.08155 5.08362 5.0842 5.08331 5.08093 5.07707 5.07176 5.06502 5.05687 5.04735 5.03651 5.02439 5.01105 4.99656 4.98099 4.96442 4.94693 4.92861 4.90956 4.88988 4.86967 4.84905 4.82811 4.80697 4.78574 4.76453 4.74345 4.72259 4.70206 4.68194 4.66234 4.64331 4.62495 4.60731 4.59044 4.57441 4.55924 4.54497 4.53163 4.51923 4.50778 4.4973 4.48778 4.47921 4.4716 4.46494 4.45921 4.45442 4.45054 4.44757 4.44551 4.44435 
4.43827 4.43892 4.4405 4.443 4.44645 4.45084 4.45619 4.46251 4.46981 4.4781 4.48738 4.49766 4.50893 4.52121 4.53446 4.54868 4.56384 4.57992 4.59686 4.61463 4.63317 4.65241 4.67228 4.6927 4.71358 4.73484 4.75637 4.77807 4.79983 4.82155 4.84312 4.86442 4.88535 4.9058 4.92567 4.94485 4.96324 4.98077 4.99733 5.01285 5.02725 5.04047 5.05245 5.06313 5.07246 5.0804 5.08692 5.09199 5.09558 5.09768 5.09827 5.09737 5.09495 5.09105 5.08567 5.07883 5.07056 5.06091 5.0499 5.0376 5.02406 5.00935 4.99353 4.97669 4.95891 4.94029 4.92091 4.90088 4.88031 4.85931 4.83798 4.81645 4.79481 4.77318 4.75168 4.73039 4.70944 4.6889 4.66888 4.64944 4.63067 4.61264 4.59539 4.57899 4.56347 4.54886 4.5352 4.5225 4.51078 4.50003 4.49027 4.48149 4.47369 4.46686 4.46098 4.45606 4.45208 4.44903 4.44692 4.44572 
4.43953 4.44019 4.4418 4.44437 4.44789 4.45238 4.45786 4.46432 4.47178 4.48025 4.48973 4.50024 4.51176 4.52429 4.53783 4.55235 4.56782 4.58422 4.60151 4.61963 4.63853 4.65813 4.67838 4.69918 4.72044 4.74208 4.76399 4.78606 4.8082 4.83028 4.8522 4.87384 4.8951 4.91586 4.93603 4.95549 4.97415 4.99192 5.00872 5.02445 5.03905 5.05245 5.06459 5.07541 5.08486 5.0929 5.09951 5.10464 5.10827 5.1104 5.11101 5.11009 5.10766 5.1037 5.09826 5.09134 5.08297 5.07319 5.06204 5.04958 5.03586 5.02094 5.0049 4.98782 4.96978 4.95088 4.93121 4.91087 4.88998 4.86863 4.84696 4.82506 4.80305 4.78105 4.75916 4.7375 4.71616 4.69524 4.67483 4.65503 4.63589 4.6175 4.59991 4.58317 4.56733 4.55242 4.53847 4.52549 4.51352 4.50254 4.49256 4.48358 4.47561 4.46862 4.46261 4.45757 4.4535 4.45038 4.44821 4.44699 
4.44066 4.44134 4.44298 4.4456 4.44919 4.45378 4.45936 4.46595 4.47355 4.48219 4.49186 4.50256 4.5143 4.52707 4.54086 4.55564 4.5714 4.58809 4.60568 4.62411 4.64333 4.66327 4.68385 4.70498 4.72659 4.74856 4.77081 4.79321 4.81568 4.83808 4.86031 4.88225 4.9038 4.92484 4.94527 4.96499 4.98389 5.00188 5.01888 5.0348 5.04958 5.06313 5.07541 5.08635 5.09591 5.10404 5.11072 5.11591 5.11959 5.12174 5.12236 5.12143 5.11897 5.11498 5.10948 5.10248 5.09402 5.08414 5.07286 5.06026 5.04637 5.03128 5.01505 4.99775 4.97948 4.96033 4.9404 4.91979 4.89861 4.87697 4.85498 4.83276 4.81043 4.78809 4.76587 4.74386 4.72218 4.70092 4.68017 4.66003 4.64057 4.62186 4.60396 4.58692 4.57079 4.55561 4.5414 4.52819 4.51598 4.50479 4.49462 4.48547 4.47733 4.4702 4.46407 4.45894 4.45478 4.4516 4.44938 4.44814 
4.44167 4.44236 4.44403 4.44669 4.45035 4.45501 4.46068 4.46739 4.47512 4.4839 4.49373 4.50461 4.51654 4.52952 4.54352 4.55854 4.57454 4.59149 4.60935 4.62805 4.64755 4.66778 4.68865 4.71008 4.73198 4.75425 4.77678 4.79948 4.82223 4.84491 4.86741 4.88962 4.91142 4.9327 4.95336 4.9733 4.9924 5.01059 5.02776 5.04385 5.05877 5.07246 5.08486 5.09591 5.10556 5.11377 5.12051 5.12575 5.12947 5.13164 5.13227 5.13134 5.12886 5.12483 5.11928 5.11222 5.10368 5.0937 5.08232 5.06959 5.05557 5.04032 5.02392 5.00644 4.98797 4.96861 4.94845 4.9276 4.90617 4.88426 4.86201 4.83951 4.81689 4.79426 4.77174 4.74944 4.72746 4.7059 4.68486 4.66443 4.64468 4.62569 4.60752 4.59022 4.57384 4.55842 4.54399 4.53056 4.51815 4.50678 4.49644 4.48713 4.47886 4.47161 4.46537 4.46014 4.45591 4.45268 4.45042 4.44915 
4.44254 4.44324 4.44494 4.44763 4.45134 4.45607 4.46183 4.46863 4.47647 4.48538 4.49534 4.50637 4.51847 4.53162 4.54581 4.56103 4.57724 4.5944 4.61248 4.63142 4.65116 4.67163 4.69275 4.71443 4.73658 4.7591 4.78189 4.80483 4.82782 4.85073 4.87346 4.8959 4.91791 4.9394 4.96026 4.98037 4.99965 5.018 5.03532 5.05155 5.0666 5.0804 5.0929 5.10404 5.11377 5.12205 5.12885 5.13413 5.13788 5.14007 5.1407 5.13977 5.13727 5.13322 5.12762 5.12051 5.1119 5.10184 5.09037 5.07754 5.0634 5.04802 5.03147 5.01383 4.9952 4.97565 4.9553 4.93425 4.91261 4.89048 4.868 4.84526 4.8224 4.79952 4.77675 4.7542 4.73196 4.71016 4.68887 4.66819 4.6482 4.62897 4.61057 4.59305 4.57646 4.56083 4.5462 4.53259 4.52002 4.50849 4.498 4.48856 4.48017 4.47282 4.46649 4.46119 4.45689 4.45361 4.45132 4.45003 
4.44327 4.44398 4.44569 4.44842 4.45217 4.45696 4.46278 4.46966 4.47759 4.4866 4.49668 4.50783 4.52006 4.53336 4.5477 4.56308 4.57946 4.59681 4.61507 4.6342 4.65414 4.6748 4.69612 4.71801 4.74036 4.76309 4.78608 4.80922 4.83241 4.85552 4.87844 4.90105 4.92324 4.9449 4.96591 4.98618 5.0056 5.02408 5.04153 5.05787 5.07302 5.08692 5.09951 5.11072 5.12051 5.12885 5.13569 5.14101 5.14478 5.14699 5.14763 5.14669 5.14418 5.1401 5.13447 5.12731 5.11865 5.10853 5.09698 5.08406 5.06982 5.05433 5.03767 5.0199 5.00113 4.98144 4.96093 4.93971 4.9179 4.89559 4.87292 4.84999 4.82693 4.80385 4.78088 4.75811 4.73567 4.71366 4.69216 4.67128 4.65109 4.63167 4.61308 4.59538 4.57861 4.56282 4.54804 4.53428 4.52156 4.5099 4.4993 4.48975 4.48126 4.47382 4.46742 4.46205 4.45771 4.45438 4.45207 4.45076 
4.44385 4.44456 4.44629 4.44905 4.45283 4.45766 4.46354 4.47047 4.47848 4.48756 4.49773 4.50898 4.52131 4.53472 4.54919 4.56469 4.5812 4.59868 4.61709 4.63637 4.65645 4.67728 4.69875 4.72079 4.74331 4.76619 4.78934 4.81264 4.83598 4.85924 4.8823 4.90506 4.92738 4.94917 4.97031 4.99069 5.01022 5.02881 5.04635 5.06278 5.07802 5.09199 5.10464 5.11591 5.12575 5.13413 5.14101 5.14635 5.15014 5.15236 5.15301 5.15207 5.14954 5.14545 5.13979 5.1326 5.1239 5.11372 5.10211 5.08912 5.07481 5.05924 5.04248 5.02462 5.00574 4.98593 4.9653 4.94396 4.922 4.89956 4.87674 4.85366 4.83045 4.80721 4.78408 4.76116 4.73856 4.71638 4.69473 4.67369 4.65335 4.63378 4.61504 4.5972 4.5803 4.56438 4.54947 4.53559 4.52277 4.51101 4.50032 4.49069 4.48212 4.47461 4.46816 4.46274 4.45836 4.455 4.45267 4.45135 
4.44428 4.44499 4.44673 4.4495 4.45331 4.45817 4.46408 4.47106 4.47912 4.48826 4.49849 4.50981 4.52221 4.5357 4.55025 4.56584 4.58244 4.60002 4.61853 4.63791 4.6581 4.67903 4.70062 4.72277 4.7454 4.76839 4.79165 4.81506 4.8385 4.86187 4.88504 4.90789 4.93031 4.95219 4.97342 4.99389 5.0135 5.03215 5.04977 5.06626 5.08155 5.09558 5.10827 5.11959 5.12947 5.13788 5.14478 5.15014 5.15395 5.15618 5.15682 5.15588 5.15335 5.14924 5.14356 5.13635 5.12761 5.1174 5.10575 5.09271 5.07835 5.06271 5.04589 5.02796 5.009 4.98911 4.9684 4.94696 4.92491 4.90237 4.87944 4.85626 4.83294 4.80959 4.78635 4.76332 4.7406 4.71832 4.69655 4.6754 4.65496 4.63528 4.61644 4.5985 4.5815 4.56549 4.5505 4.53654 4.52364 4.51181 4.50105 4.49136 4.48274 4.47519 4.46869 4.46324 4.45883 4.45545 4.4531 4.45177 
4.44454 4.44526 4.44701 4.44979 4.45361 4.45849 4.46442 4.47143 4.47951 4.48868 4.49895 4.5103 4.52275 4.53628 4.55088 4.56652 4.58318 4.60081 4.61938 4.63882 4.65907 4.68006 4.70171 4.72393 4.74662 4.76967 4.793 4.81647 4.83997 4.8634 4.88663 4.90954 4.93202 4.95395 4.97523 4.99575 5.0154 5.03411 5.05176 5.06829 5.08362 5.09768 5.1104 5.12174 5.13164 5.14007 5.14699 5.15236 5.15618 5.15842 5.15906 5.15812 5.15558 5.15146 5.14577 5.13854 5.12979 5.11955 5.10788 5.09481 5.08041 5.06474 5.04788 5.0299 5.0109 4.99096 4.97019 4.9487 4.9266 4.904 4.88101 4.85777 4.83438 4.81098 4.78767 4.76457 4.74179 4.71944 4.69762 4.67641 4.6559 4.63616 4.61726 4.59926 4.58221 4.56615 4.55111 4.5371 4.52416 4.51229 4.50149 4.49177 4.48312 4.47554 4.46902 4.46355 4.45912 4.45573 4.45337 4.45204 
