0.310504 0.311205 0.311836 0.312369 0.312793 0.313111 0.313336 0.313488 0.313586 0.313646 0.313681 0.3137 0.313711 0.313716 0.313719 0.31372 0.313721 0.313721 0.313721 0.313721 0.313722 0.313722 0.313722 0.313722 0.313722 0.313722 0.313722 0.313722 0.313722 0.313722 0.313722 0.313722 0.313722 0.313722 0.313722 0.313722 0.313722 0.313722 0.313722 0.313722 0.313722 0.313722 0.313722 0.313722 0.313722 0.313722 0.313722 0.313722 0.313722 0.313722 0.313722 0.313722 0.313722 0.313722 0.313722 0.313722 0.313722 0.313722 0.313722 0.313722 0.313722 0.313722 0.313722 0.313722 0.313722 0.313722 0.313722 0.313722 0.313722 0.313722 0.313722 0.313722 0.313722 0.313722 0.313722 0.313722 0.313722 0.313722 0.313722 0.313722 0.313722 0.313722 0.313722 0.313722 0.313722 0.313722 0.313722 0.313724 0.313728 0.313737 0.313758 0.313798 0.313874 0.314005 0.314213 0.314521 0.314944 0.315481 0.316118 0.316819 
0.311205 0.311905 0.312535 0.313067 0.31349 0.313808 0.314034 0.314186 0.314284 0.314344 0.314379 0.314398 0.314409 0.314415 0.314417 0.314419 0.314419 0.31442 0.31442 0.31442 0.31442 0.31442 0.31442 0.31442 0.31442 0.31442 0.31442 0.31442 0.31442 0.31442 0.31442 0.31442 0.31442 0.31442 0.31442 0.31442 0.31442 0.31442 0.31442 0.31442 0.31442 0.31442 0.31442 0.31442 0.31442 0.31442 0.31442 0.31442 0.31442 0.31442 0.31442 0.31442 0.31442 0.31442 0.31442 0.31442 0.31442 0.31442 0.31442 0.31442 0.31442 0.31442 0.31442 0.31442 0.31442 0.31442 0.31442 0.31442 0.31442 0.31442 0.31442 0.31442 0.31442 0.31442 0.31442 0.31442 0.31442 0.31442 0.31442 0.31442 0.31442 0.31442 0.31442 0.31442 0.31442 0.31442 0.314421 0.314422 0.314426 0.314436 0.314456 0.314497 0.314573 0.314704 0.314913 0.315221 0.315643 0.31618 0.316815 0.317514 
0.311836 0.312535 0.313164 0.313695 0.314118 0.314436 0.314662 0.314814 0.314912 0.314972 0.315008 0.315027 0.315038 0.315044 0.315046 0.315048 0.315048 0.315049 0.315049 0.315049 0.315049 0.315049 0.315049 0.315049 0.315049 0.315049 0.315049 0.315049 0.315049 0.315049 0.315049 0.315049 0.315049 0.315049 0.315049 0.315049 0.315049 0.315049 0.315049 0.315049 0.315049 0.315049 0.315049 0.315049 0.315049 0.315049 0.315049 0.315049 0.315049 0.315049 0.315049 0.315049 0.315049 0.315049 0.315049 0.315049 0.315049 0.315049 0.315049 0.315049 0.315049 0.315049 0.315049 0.315049 0.315049 0.315049 0.315049 0.315049 0.315049 0.315049 0.315049 0.315049 0.315049 0.315049 0.315049 0.315049 0.315049 0.315049 0.315049 0.315049 0.315049 0.315049 0.315049 0.315049 0.315049 0.315049 0.31505 0.315051 0.315055 0.315065 0.315085 0.315127 0.315203 0.315334 0.315543 0.315851 0.316273 0.316809 0.317443 0.318142 
0.312369 0.313067 0.313695 0.314227 0.314649 0.314967 0.315193 0.315346 0.315444 0.315504 0.315539 0.315559 0.31557 0.315576 0.315578 0.31558 0.31558 0.315581 0.315581 0.315581 0.315581 0.315581 0.315581 0.315581 0.315581 0.315581 0.315581 0.315581 0.315581 0.315581 0.315581 0.315581 0.315581 0.315581 0.315581 0.315581 0.315581 0.315581 0.315581 0.315581 0.315581 0.315581 0.315581 0.315581 0.315581 0.315581 0.315581 0.315581 0.315581 0.315581 0.315581 0.315581 0.315581 0.315581 0.315581 0.315581 0.315581 0.315581 0.315581 0.315581 0.315581 0.315581 0.315581 0.315581 0.315581 0.315581 0.315581 0.315581 0.315581 0.315581 0.315581 0.315581 0.315581 0.315581 0.315581 0.315581 0.315581 0.315581 0.315581 0.315581 0.315581 0.315581 0.315581 0.315581 0.315581 0.315581 0.315582 0.315583 0.315587 0.315597 0.315618 0.315659 0.315736 0.315867 0.316076 0.316384 0.316806 0.317341 0.317975 0.318673 
0.312793 0.31349 0.314118 0.314649 0.315072 0.31539 0.315616 0.315769 0.315867 0.315928 0.315963 0.315983 0.315994 0.315999 0.316002 0.316004 0.316004 0.316004 0.316005 0.316005 0.316005 0.316005 0.316005 0.316005 0.316005 0.316005 0.316005 0.316005 0.316005 0.316005 0.316005 0.316005 0.316005 0.316005 0.316005 0.316005 0.316005 0.316005 0.316005 0.316005 0.316005 0.316005 0.316005 0.316005 0.316005 0.316005 0.316005 0.316005 0.316005 0.316005 0.316005 0.316005 0.316005 0.316005 0.316005 0.316005 0.316005 0.316005 0.316005 0.316005 0.316005 0.316005 0.316005 0.316005 0.316005 0.316005 0.316005 0.316005 0.316005 0.316005 0.316005 0.316005 0.316005 0.316005 0.316005 0.316005 0.316005 0.316005 0.316005 0.316005 0.316005 0.316005 0.316005 0.316005 0.316005 0.316005 0.316006 0.316007 0.316011 0.316021 0.316042 0.316083 0.31616 0.316292 0.316501 0.316809 0.317231 0.317766 0.3184 0.319097 
0.313111 0.313808 0.314436 0.314967 0.31539 0.315708 0.315934 0.316087 0.316186 0.316246 0.316282 0.316302 0.316313 0.316318 0.316321 0.316322 0.316323 0.316323 0.316323 0.316323 0.316324 0.316324 0.316324 0.316324 0.316324 0.316324 0.316324 0.316324 0.316324 0.316324 0.316324 0.316324 0.316324 0.316324 0.316324 0.316324 0.316324 0.316324 0.316324 0.316324 0.316324 0.316324 0.316324 0.316324 0.316324 0.316324 0.316324 0.316324 0.316324 0.316324 0.316324 0.316324 0.316324 0.316324 0.316324 0.316324 0.316324 0.316324 0.316324 0.316324 0.316324 0.316324 0.316324 0.316324 0.316324 0.316324 0.316324 0.316324 0.316324 0.316324 0.316324 0.316324 0.316324 0.316324 0.316324 0.316324 0.316324 0.316324 0.316324 0.316324 0.316324 0.316324 0.316324 0.316324 0.316324 0.316324 0.316324 0.316326 0.31633 0.31634 0.316361 0.316402 0.316479 0.316611 0.316821 0.317129 0.317551 0.318087 0.31872 0.319417 
0.313336 0.314034 0.314662 0.315193 0.315616 0.315934 0.316161 0.316314 0.316413 0.316473 0.316509 0.316529 0.31654 0.316545 0.316548 0.316549 0.31655 0.31655 0.316551 0.316551 0.316551 0.316551 0.316551 0.316551 0.316551 0.316551 0.316551 0.316551 0.316551 0.316551 0.316551 0.316551 0.316551 0.316551 0.316551 0.316551 0.316551 0.316551 0.316551 0.316551 0.316551 0.316551 0.316551 0.316551 0.316551 0.316551 0.316551 0.316551 0.316551 0.316551 0.316551 0.316551 0.316551 0.316551 0.316551 0.316551 0.316551 0.316551 0.316551 0.316551 0.316551 0.316551 0.316551 0.316551 0.316551 0.316551 0.316551 0.316551 0.316551 0.316551 0.316551 0.316551 0.316551 0.316551 0.316551 0.316551 0.316551 0.316551 0.316551 0.316551 0.316551 0.316551 0.316551 0.316551 0.316551 0.316551 0.316552 0.316553 0.316557 0.316567 0.316588 0.31663 0.316707 0.316839 0.317048 0.317357 0.317779 0.318315 0.318948 0.319646 
0.313488 0.314186 0.314814 0.315346 0.315769 0.316087 0.316314 0.316467 0.316566 0.316627 0.316662 0.316682 0.316693 0.316699 0.316702 0.316703 0.316704 0.316704 0.316704 0.316704 0.316704 0.316704 0.316704 0.316704 0.316704 0.316704 0.316704 0.316704 0.316704 0.316704 0.316704 0.316704 0.316704 0.316704 0.316704 0.316704 0.316704 0.316704 0.316704 0.316704 0.316704 0.316704 0.316704 0.316704 0.316704 0.316704 0.316704 0.316705 0.316705 0.316705 0.316705 0.316705 0.316705 0.316705 0.316705 0.316705 0.316705 0.316705 0.316704 0.316704 0.316704 0.316704 0.316704 0.316704 0.316704 0.316704 0.316704 0.316704 0.316704 0.316704 0.316704 0.316704 0.316704 0.316704 0.316704 0.316704 0.316704 0.316704 0.316704 0.316704 0.316704 0.316704 0.316704 0.316704 0.316704 0.316705 0.316705 0.316707 0.316711 0.316721 0.316742 0.316783 0.316861 0.316993 0.317203 0.317512 0.317934 0.31847 0.319103 0.319801 
0.313586 0.314284 0.314912 0.315444 0.315867 0.316186 0.316413 0.316566 0.316665 0.316725 0.316761 0.316781 0.316792 0.316798 0.316801 0.316802 0.316803 0.316803 0.316803 0.316803 0.316803 0.316803 0.316803 0.316803 0.316803 0.316803 0.316803 0.316803 0.316803 0.316803 0.316803 0.316803 0.316803 0.316803 0.316803 0.316803 0.316803 0.316803 0.316803 0.316803 0.316803 0.316803 0.316804 0.316804 0.316804 0.316804 0.316804 0.316804 0.316804 0.316804 0.316804 0.316804 0.316804 0.316804 0.316804 0.316804 0.316804 0.316804 0.316804 0.316804 0.316804 0.316804 0.316803 0.316803 0.316803 0.316803 0.316803 0.316803 0.316803 0.316803 0.316803 0.316803 0.316803 0.316803 0.316803 0.316803 0.316803 0.316803 0.316803 0.316803 0.316803 0.316803 0.316803 0.316803 0.316803 0.316804 0.316804 0.316806 0.31681 0.31682 0.316841 0.316883 0.31696 0.317092 0.317302 0.317611 0.318034 0.31857 0.319203 0.319901 
0.313646 0.314344 0.314972 0.315504 0.315928 0.316246 0.316473 0.316627 0.316725 0.316786 0.316822 0.316842 0.316853 0.316859 0.316861 0.316863 0.316864 0.316864 0.316864 0.316864 0.316864 0.316864 0.316864 0.316864 0.316864 0.316864 0.316864 0.316864 0.316864 0.316864 0.316864 0.316864 0.316864 0.316864 0.316864 0.316864 0.316864 0.316864 0.316864 0.316864 0.316865 0.316865 0.316865 0.316866 0.316866 0.316867 0.316867 0.316867 0.316868 0.316868 0.316868 0.316868 0.316868 0.316868 0.316868 0.316868 0.316867 0.316867 0.316867 0.316866 0.316866 0.316865 0.316865 0.316865 0.316865 0.316864 0.316864 0.316864 0.316864 0.316864 0.316864 0.316864 0.316864 0.316864 0.316864 0.316864 0.316864 0.316864 0.316864 0.316864 0.316864 0.316864 0.316864 0.316864 0.316864 0.316864 0.316865 0.316867 0.316871 0.316881 0.316902 0.316943 0.317021 0.317153 0.317363 0.317672 0.318095 0.318631 0.319265 0.319963 
0.313681 0.314379 0.315008 0.315539 0.315963 0.316282 0.316509 0.316662 0.316761 0.316822 0.316858 0.316878 0.316889 0.316894 0.316897 0.316899 0.316899 0.3169 0.3169 0.3169 0.3169 0.3169 0.3169 0.3169 0.3169 0.3169 0.3169 0.3169 0.3169 0.3169 0.3169 0.3169 0.3169 0.3169 0.3169 0.3169 0.3169 0.3169 0.316901 0.316901 0.316902 0.316903 0.316905 0.316906 0.316908 0.316909 0.316911 0.316912 0.316913 0.316913 0.316914 0.316914 0.316914 0.316914 0.316913 0.316912 0.316911 0.31691 0.316908 0.316907 0.316905 0.316904 0.316903 0.316902 0.316901 0.316901 0.316901 0.3169 0.3169 0.3169 0.3169 0.3169 0.3169 0.3169 0.3169 0.3169 0.3169 0.3169 0.3169 0.3169 0.3169 0.3169 0.3169 0.3169 0.3169 0.3169 0.316901 0.316902 0.316907 0.316916 0.316937 0.316979 0.317057 0.317189 0.317399 0.317708 0.318131 0.318668 0.319302 0.32 
0.3137 0.314398 0.315027 0.315559 0.315983 0.316302 0.316529 0.316682 0.316781 0.316842 0.316878 0.316898 0.316909 0.316915 0.316917 0.316919 0.316919 0.31692 0.31692 0.31692 0.31692 0.31692 0.31692 0.31692 0.31692 0.31692 0.31692 0.31692 0.31692 0.31692 0.31692 0.31692 0.31692 0.31692 0.31692 0.316921 0.316921 0.316922 0.316924 0.316926 0.316929 0.316932 0.316937 0.316942 0.316947 0.316951 0.316956 0.316959 0.316962 0.316964 0.316966 0.316966 0.316966 0.316965 0.316963 0.31696 0.316957 0.316952 0.316948 0.316943 0.316938 0.316934 0.31693 0.316928 0.316925 0.316924 0.316922 0.316921 0.316921 0.316921 0.31692 0.31692 0.31692 0.31692 0.31692 0.31692 0.31692 0.31692 0.31692 0.31692 0.31692 0.31692 0.31692 0.31692 0.31692 0.31692 0.316921 0.316923 0.316927 0.316937 0.316958 0.316999 0.317077 0.317209 0.317419 0.317729 0.318151 0.318688 0.319322 0.32002 
0.313711 0.314409 0.315038 0.31557 0.315994 0.316313 0.31654 0.316693 0.316792 0.316853 0.316889 0.316909 0.31692 0.316925 0.316928 0.31693 0.31693 0.316931 0.316931 0.316931 0.316931 0.316931 0.316931 0.316931 0.316931 0.316931 0.316931 0.316931 0.316931 0.316931 0.316931 0.316931 0.316931 0.316932 0.316933 0.316934 0.316936 0.31694 0.316945 0.316952 0.316961 0.316972 0.316985 0.316999 0.317014 0.317028 0.317041 0.317052 0.31706 0.317066 0.317069 0.31707 0.317069 0.317066 0.31706 0.317051 0.31704 0.317028 0.317013 0.316999 0.316986 0.316973 0.316963 0.316954 0.316947 0.316942 0.316938 0.316936 0.316934 0.316933 0.316932 0.316932 0.316931 0.316931 0.316931 0.316931 0.316931 0.316931 0.316931 0.316931 0.316931 0.316931 0.316931 0.316931 0.316931 0.316931 0.316932 0.316934 0.316938 0.316947 0.316968 0.31701 0.317088 0.31722 0.31743 0.31774 0.318163 0.318699 0.319333 0.320032 
0.313716 0.314415 0.315044 0.315576 0.315999 0.316318 0.316545 0.316699 0.316798 0.316859 0.316894 0.316915 0.316925 0.316931 0.316934 0.316935 0.316936 0.316936 0.316937 0.316937 0.316937 0.316937 0.316937 0.316937 0.316937 0.316937 0.316937 0.316937 0.316937 0.316937 0.316937 0.316937 0.316938 0.31694 0.316943 0.316947 0.316954 0.316965 0.316981 0.317002 0.317029 0.317062 0.317099 0.317139 0.317179 0.317217 0.317251 0.317279 0.317301 0.317316 0.317325 0.317327 0.317324 0.317314 0.317296 0.317272 0.317241 0.317205 0.317167 0.317128 0.31709 0.317056 0.317027 0.317003 0.316983 0.316969 0.316958 0.316951 0.316945 0.316942 0.31694 0.316938 0.316938 0.316937 0.316937 0.316937 0.316937 0.316937 0.316937 0.316937 0.316937 0.316937 0.316937 0.316937 0.316937 0.316937 0.316938 0.316939 0.316943 0.316953 0.316974 0.317016 0.317093 0.317226 0.317436 0.317746 0.318168 0.318705 0.319339 0.320037 
0.313719 0.314417 0.315046 0.315578 0.316002 0.316321 0.316548 0.316702 0.316801 0.316861 0.316897 0.316917 0.316928 0.316934 0.316937 0.316938 0.316939 0.316939 0.316939 0.316939 0.316939 0.31694 0.31694 0.31694 0.31694 0.31694 0.31694 0.31694 0.31694 0.31694 0.316941 0.316942 0.316945 0.316951 0.31696 0.316974 0.316996 0.317028 0.317073 0.317131 0.317205 0.317292 0.31739 0.317493 0.317596 0.317691 0.317775 0.317844 0.317896 0.317932 0.317952 0.317957 0.317946 0.317918 0.317873 0.317809 0.317729 0.317638 0.317539 0.317439 0.317343 0.317256 0.31718 0.317117 0.317066 0.317028 0.316999 0.316978 0.316964 0.316955 0.316949 0.316945 0.316943 0.316941 0.31694 0.31694 0.31694 0.31694 0.31694 0.31694 0.31694 0.31694 0.31694 0.31694 0.31694 0.31694 0.31694 0.316942 0.316946 0.316956 0.316977 0.317019 0.317096 0.317229 0.317439 0.317749 0.318171 0.318708 0.319342 0.32004 
0.31372 0.314419 0.315048 0.31558 0.316004 0.316322 0.316549 0.316703 0.316802 0.316863 0.316899 0.316919 0.31693 0.316935 0.316938 0.31694 0.31694 0.316941 0.316941 0.316941 0.316941 0.316941 0.316941 0.316941 0.316941 0.316941 0.316941 0.316941 0.316942 0.316943 0.316946 0.316951 0.31696 0.316976 0.317003 0.317045 0.317106 0.317194 0.317312 0.317463 0.317649 0.317864 0.318102 0.318348 0.318589 0.318812 0.319005 0.319161 0.319279 0.319358 0.319401 0.319408 0.319378 0.319307 0.319196 0.319042 0.318852 0.318634 0.318399 0.318161 0.317932 0.317724 0.317541 0.317388 0.317264 0.317168 0.317096 0.317044 0.317007 0.316982 0.316966 0.316956 0.316949 0.316946 0.316943 0.316942 0.316942 0.316941 0.316941 0.316941 0.316941 0.316941 0.316941 0.316941 0.316941 0.316941 0.316942 0.316944 0.316948 0.316957 0.316978 0.31702 0.317098 0.31723 0.31744 0.31775 0.318173 0.318709 0.319344 0.320042 
0.313721 0.314419 0.315048 0.31558 0.316004 0.316323 0.31655 0.316704 0.316803 0.316864 0.316899 0.316919 0.31693 0.316936 0.316939 0.31694 0.316941 0.316941 0.316941 0.316942 0.316942 0.316942 0.316942 0.316942 0.316942 0.316942 0.316942 0.316943 0.316945 0.316949 0.316958 0.316973 0.317001 0.317047 0.31712 0.31723 0.31739 0.317609 0.317898 0.31826 0.318694 0.319187 0.319721 0.320266 0.320793 0.321272 0.321684 0.322014 0.32226 0.322423 0.322507 0.322513 0.322438 0.322276 0.322023 0.321681 0.32126 0.320777 0.320259 0.319733 0.319225 0.318759 0.318347 0.317999 0.317715 0.317491 0.317321 0.317197 0.317108 0.317047 0.317007 0.316981 0.316964 0.316954 0.316949 0.316945 0.316944 0.316943 0.316942 0.316942 0.316942 0.316942 0.316942 0.316942 0.316942 0.316942 0.316942 0.316944 0.316948 0.316958 0.316979 0.317021 0.317098 0.317231 0.317441 0.317751 0.318173 0.31871 0.319344 0.320043 
0.313721 0.31442 0.315049 0.315581 0.316004 0.316323 0.31655 0.316704 0.316803 0.316864 0.3169 0.31692 0.316931 0.316936 0.316939 0.316941 0.316941 0.316942 0.316942 0.316942 0.316942 0.316942 0.316942 0.316942 0.316942 0.316943 0.316944 0.316947 0.316954 0.316966 0.316991 0.317035 0.31711 0.31723 0.317416 0.317687 0.318068 0.318578 0.319232 0.320034 0.320972 0.322018 0.323129 0.324248 0.325314 0.326274 0.327089 0.327737 0.328215 0.328526 0.328679 0.328673 0.328504 0.328159 0.327633 0.326927 0.326061 0.325071 0.324008 0.322925 0.321875 0.320902 0.320036 0.319294 0.318682 0.318195 0.317819 0.317539 0.317337 0.317196 0.317101 0.317038 0.316999 0.316975 0.31696 0.316952 0.316947 0.316945 0.316943 0.316942 0.316942 0.316942 0.316942 0.316942 0.316942 0.316942 0.316943 0.316944 0.316949 0.316958 0.316979 0.317021 0.317099 0.317231 0.317441 0.317751 0.318174 0.31871 0.319345 0.320043 
0.313721 0.31442 0.315049 0.315581 0.316005 0.316323 0.316551 0.316704 0.316803 0.316864 0.3169 0.31692 0.316931 0.316937 0.316939 0.316941 0.316941 0.316942 0.316942 0.316942 0.316942 0.316942 0.316942 0.316942 0.316943 0.316945 0.316949 0.316958 0.316977 0.317014 0.31708 0.317195 0.317382 0.317675 0.31811 0.31873 0.319572 0.32067 0.322042 0.323684 0.325565 0.327623 0.32977 0.331899 0.333902 0.335686 0.337185 0.338367 0.339228 0.33978 0.340036 0.339996 0.339649 0.338976 0.337962 0.336612 0.334962 0.333078 0.331048 0.328972 0.326945 0.325049 0.323345 0.321868 0.320633 0.319634 0.318853 0.318262 0.317829 0.317521 0.31731 0.317169 0.317078 0.317021 0.316987 0.316966 0.316955 0.316949 0.316945 0.316944 0.316943 0.316942 0.316942 0.316942 0.316942 0.316942 0.316943 0.316945 0.316949 0.316959 0.31698 0.317021 0.317099 0.317231 0.317442 0.317751 0.318174 0.318711 0.319345 0.320043 
0.313721 0.31442 0.315049 0.315581 0.316005 0.316323 0.316551 0.316704 0.316803 0.316864 0.3169 0.31692 0.316931 0.316937 0.316939 0.316941 0.316942 0.316942 0.316942 0.316942 0.316942 0.316942 0.316943 0.316943 0.316946 0.316951 0.316964 0.31699 0.317041 0.317136 0.317302 0.317578 0.318015 0.318673 0.319621 0.320929 0.322656 0.324848 0.327517 0.330637 0.334136 0.337892 0.341743 0.345506 0.349001 0.352079 0.354642 0.356645 0.35809 0.359001 0.359398 0.359284 0.358637 0.357423 0.355617 0.353227 0.350311 0.346977 0.343371 0.33966 0.336008 0.332557 0.329417 0.32666 0.324321 0.322401 0.320875 0.3197 0.318824 0.318191 0.317748 0.317447 0.31725 0.317124 0.317046 0.317 0.316973 0.316958 0.31695 0.316946 0.316944 0.316943 0.316942 0.316942 0.316942 0.316942 0.316943 0.316945 0.316949 0.316959 0.31698 0.317022 0.317099 0.317231 0.317442 0.317751 0.318174 0.318711 0.319345 0.320043 
0.313722 0.31442 0.315049 0.315581 0.316005 0.316324 0.316551 0.316704 0.316803 0.316864 0.3169 0.31692 0.316931 0.316937 0.316939 0.316941 0.316942 0.316942 0.316942 0.316942 0.316942 0.316943 0.316944 0.316946 0.316953 0.316969 0.317003 0.317071 0.317199 0.317428 0.317814 0.318432 0.319375 0.320748 0.322664 0.325226 0.328517 0.332578 0.337401 0.342909 0.348954 0.35532 0.361738 0.367918 0.373587 0.378527 0.382602 0.385762 0.38802 0.389418 0.389994 0.389747 0.388641 0.386622 0.383647 0.379725 0.374939 0.369452 0.363487 0.357301 0.351154 0.345277 0.33986 0.335035 0.330876 0.327405 0.324598 0.322398 0.320726 0.319495 0.318617 0.318009 0.317602 0.317338 0.317172 0.317072 0.317013 0.31698 0.316961 0.316952 0.316947 0.316944 0.316943 0.316943 0.316942 0.316942 0.316943 0.316945 0.316949 0.316959 0.31698 0.317022 0.317099 0.317231 0.317442 0.317751 0.318174 0.318711 0.319345 0.320043 
0.313722 0.31442 0.315049 0.315581 0.316005 0.316324 0.316551 0.316704 0.316803 0.316864 0.3169 0.31692 0.316931 0.316937 0.31694 0.316941 0.316942 0.316942 0.316942 0.316942 0.316943 0.316944 0.316947 0.316954 0.316973 0.317014 0.317099 0.317264 0.317563 0.318075 0.318907 0.320192 0.322084 0.324749 0.32835 0.33302 0.338847 0.345847 0.353952 0.362995 0.372711 0.382749 0.392701 0.402145 0.410701 0.418081 0.424117 0.428759 0.432046 0.434051 0.434829 0.43438 0.432647 0.429546 0.425008 0.419036 0.411738 0.403333 0.394134 0.384508 0.374833 0.365466 0.356704 0.348775 0.341825 0.33592 0.331056 0.327169 0.324157 0.321894 0.320245 0.319081 0.318287 0.317761 0.317426 0.317219 0.317095 0.317024 0.316985 0.316964 0.316953 0.316947 0.316944 0.316943 0.316943 0.316943 0.316943 0.316945 0.316949 0.316959 0.31698 0.317022 0.317099 0.317231 0.317442 0.317751 0.318174 0.318711 0.319345 0.320043 
0.313722 0.31442 0.315049 0.315581 0.316005 0.316324 0.316551 0.316704 0.316803 0.316864 0.3169 0.31692 0.316931 0.316937 0.31694 0.316941 0.316942 0.316942 0.316942 0.316943 0.316944 0.316947 0.316955 0.316975 0.317022 0.317122 0.317321 0.31769 0.318337 0.319404 0.321074 0.323561 0.327099 0.331919 0.338223 0.346156 0.355771 0.367014 0.379706 0.39354 0.40809 0.422838 0.437216 0.450664 0.462701 0.472977 0.481311 0.487673 0.492141 0.494828 0.495815 0.495101 0.492604 0.4882 0.481784 0.473339 0.462985 0.450991 0.437752 0.423752 0.409505 0.395509 0.382211 0.369969 0.359041 0.349577 0.341624 0.335138 0.330005 0.326065 0.323133 0.32102 0.319547 0.318555 0.317909 0.317503 0.317257 0.317113 0.317032 0.316988 0.316965 0.316953 0.316947 0.316944 0.316943 0.316943 0.316943 0.316945 0.316949 0.316959 0.31698 0.317022 0.317099 0.317231 0.317442 0.317751 0.318174 0.318711 0.319345 0.320043 
0.313722 0.31442 0.315049 0.315581 0.316005 0.316324 0.316551 0.316704 0.316803 0.316864 0.3169 0.31692 0.316931 0.316937 0.31694 0.316941 0.316942 0.316942 0.316942 0.316943 0.316946 0.316954 0.316975 0.317025 0.317135 0.31736 0.317791 0.318564 0.319867 0.321939 0.325067 0.329563 0.335741 0.343882 0.354193 0.366777 0.381596 0.398459 0.417017 0.436775 0.457117 0.477345 0.496735 0.514612 0.530417 0.543777 0.554522 0.562667 0.568345 0.571721 0.572903 0.571891 0.568576 0.562786 0.554365 0.54326 0.529578 0.51361 0.495811 0.476759 0.457098 0.43748 0.418515 0.400731 0.384545 0.370237 0.357956 0.347717 0.339433 0.33293 0.327983 0.32434 0.321747 0.319964 0.318781 0.318025 0.317558 0.317281 0.317123 0.317035 0.316989 0.316965 0.316953 0.316947 0.316944 0.316943 0.316943 0.316945 0.316949 0.316959 0.31698 0.317022 0.317099 0.317231 0.317442 0.317751 0.318174 0.318711 0.319345 0.320043 
0.313722 0.31442 0.315049 0.315581 0.316005 0.316324 0.316551 0.316704 0.316803 0.316864 0.3169 0.31692 0.316931 0.316937 0.31694 0.316941 0.316942 0.316942 0.316943 0.316946 0.316953 0.316973 0.317022 0.317135 0.317374 0.317848 0.318721 0.32023 0.322682 0.326445 0.331926 0.339534 0.349636 0.36251 0.378304 0.396996 0.418379 0.442056 0.467455 0.493866 0.520476 0.546431 0.570892 0.593117 0.61253 0.628775 0.641735 0.651494 0.658254 0.662236 0.663581 0.66229 0.658225 0.651164 0.64089 0.627291 0.610426 0.590565 0.568176 0.543886 0.518429 0.492589 0.467144 0.442807 0.420187 0.399753 0.381811 0.366504 0.353824 0.343635 0.335704 0.329731 0.325387 0.322339 0.320277 0.318935 0.318093 0.317584 0.317289 0.317123 0.317034 0.316987 0.316963 0.316952 0.316947 0.316944 0.316944 0.316945 0.316949 0.316959 0.31698 0.317022 0.317099 0.317231 0.317442 0.317751 0.318174 0.318711 0.319345 0.320043 
0.313722 0.31442 0.315049 0.315581 0.316005 0.316324 0.316551 0.316704 0.316803 0.316864 0.3169 0.31692 0.316931 0.316937 0.31694 0.316941 0.316942 0.316943 0.316945 0.316951 0.316969 0.317014 0.317122 0.31736 0.317848 0.318777 0.32043 0.323187 0.327511 0.333919 0.342932 0.355017 0.370527 0.389648 0.412367 0.438441 0.467411 0.498616 0.531241 0.564365 0.59702 0.628252 0.657186 0.68309 0.705438 0.723954 0.738609 0.749573 0.757128 0.76155 0.76301 0.761514 0.756901 0.7489 0.737227 0.72169 0.702268 0.679154 0.652763 0.623701 0.592728 0.560704 0.528534 0.497108 0.467241 0.439626 0.41479 0.393076 0.374641 0.359462 0.347362 0.338039 0.331107 0.326141 0.322716 0.320444 0.318993 0.318103 0.317577 0.317278 0.317114 0.317027 0.316983 0.316961 0.316951 0.316946 0.316945 0.316945 0.316949 0.316959 0.31698 0.317022 0.317099 0.317231 0.317442 0.317751 0.318174 0.318711 0.319345 0.320043 
0.313722 0.31442 0.315049 0.315581 0.316005 0.316324 0.316551 0.316704 0.316803 0.316864 0.3169 0.31692 0.316931 0.316937 0.31694 0.316941 0.316942 0.316944 0.316949 0.316964 0.317003 0.317099 0.317321 0.317791 0.318721 0.32043 0.323367 0.328095 0.335261 0.345522 0.359469 0.377545 0.399975 0.426733 0.45752 0.491783 0.528746 0.567471 0.606915 0.646006 0.683702 0.719046 0.751221 0.779596 0.803771 0.823599 0.839167 0.850745 0.858687 0.863319 0.864839 0.863259 0.858402 0.849959 0.837583 0.820993 0.800055 0.774839 0.745636 0.712951 0.67748 0.640071 0.601684 0.563327 0.525999 0.490622 0.457987 0.42871 0.403207 0.381673 0.36408 0.350204 0.339654 0.331933 0.326501 0.322828 0.320441 0.318951 0.318056 0.317539 0.317252 0.317097 0.317018 0.316978 0.316958 0.31695 0.316946 0.316946 0.316949 0.316959 0.31698 0.317022 0.317099 0.317231 0.317442 0.317751 0.318174 0.318711 0.319345 0.320043 
0.313722 0.31442 0.315049 0.315581 0.316005 0.316324 0.316551 0.316704 0.316803 0.316864 0.3169 0.31692 0.316931 0.316937 0.31694 0.316941 0.316943 0.316947 0.316958 0.31699 0.317071 0.317264 0.31769 0.318564 0.32023 0.323187 0.328095 0.335736 0.34693 0.362432 0.382809 0.408349 0.439007 0.4744 0.513841 0.556395 0.600961 0.646356 0.69139 0.734938 0.775996 0.81372 0.847451 0.876745 0.901384 0.921383 0.93696 0.948478 0.95635 0.960938 0.962458 0.96093 0.956174 0.947858 0.935588 0.918995 0.897823 0.871985 0.841594 0.806976 0.768667 0.727402 0.684086 0.639752 0.595504 0.552456 0.511668 0.474078 0.440447 0.411299 0.386883 0.367156 0.351814 0.340342 0.332104 0.326424 0.322665 0.320276 0.318817 0.317961 0.317478 0.317214 0.317076 0.317006 0.316972 0.316956 0.316949 0.316947 0.31695 0.316959 0.31698 0.317022 0.317099 0.317231 0.317442 0.317751 0.318174 0.318711 0.319345 0.320043 
0.313722 0.31442 0.315049 0.315581 0.316005 0.316324 0.316551 0.316704 0.316803 0.316864 0.3169 0.31692 0.316931 0.316937 0.31694 0.316942 0.316945 0.316954 0.316977 0.317041 0.317199 0.317563 0.318337 0.319867 0.322682 0.327511 0.335261 0.34693 0.363474 0.385644 0.413846 0.448054 0.487794 0.532207 0.580141 0.630276 0.681235 0.731681 0.780399 0.826346 0.868681 0.906777 0.940221 0.968806 0.992533 1.01159 1.0263 1.03713 1.0445 1.04881 1.05027 1.04891 1.04457 1.03691 1.0255 1.00992 0.989796 0.964877 0.93507 0.90047 0.861376 0.818305 0.771989 0.723357 0.673502 0.62364 0.575048 0.528991 0.486631 0.448922 0.416513 0.389683 0.368326 0.352002 0.340032 0.331614 0.325935 0.322261 0.319978 0.318615 0.317833 0.317401 0.317171 0.317053 0.316994 0.316966 0.316953 0.316949 0.316951 0.316959 0.31698 0.317022 0.317099 0.317231 0.317442 0.317751 0.318174 0.318711 0.319345 0.320043 
0.313722 0.31442 0.315049 0.315581 0.316005 0.316324 0.316551 0.316704 0.316803 0.316864 0.3169 0.31692 0.316931 0.316937 0.31694 0.316943 0.316949 0.316966 0.317014 0.317136 0.317428 0.318075 0.319404 0.321939 0.326445 0.333919 0.345522 0.362432 0.385644 0.415767 0.452876 0.496462 0.545495 0.598559 0.654037 0.710282 0.765748 0.819091 0.869215 0.915294 0.95676 0.993284 1.02474 1.05119 1.07285 1.09004 1.10321 1.11284 1.11938 1.12322 1.12456 1.12346 1.11975 1.11313 1.10317 1.0894 1.07138 1.04871 1.0211 0.988393 0.950615 0.907983 0.860947 0.810198 0.756679 0.701571 0.646263 0.592292 0.541221 0.494497 0.453275 0.41829 0.389775 0.367485 0.350786 0.338799 0.330554 0.325117 0.321679 0.319591 0.318373 0.317689 0.317319 0.317127 0.31703 0.316983 0.316961 0.316952 0.316952 0.31696 0.31698 0.317022 0.317099 0.317231 0.317442 0.317751 0.318174 0.318711 0.319345 0.320043 
0.313722 0.31442 0.315049 0.315581 0.316005 0.316324 0.316551 0.316704 0.316803 0.316864 0.3169 0.31692 0.316931 0.316937 0.316941 0.316946 0.316958 0.316991 0.31708 0.317302 0.317814 0.318907 0.321074 0.325067 0.331926 0.342932 0.359469 0.382809 0.413846 0.452876 0.499469 0.552499 0.610297 0.670896 0.732281 0.792601 0.850302 0.904187 0.953424 0.997513 1.03624 1.0696 1.09777 1.12105 1.13983 1.15458 1.16577 1.1739 1.17942 1.18267 1.18386 1.18304 1.18007 1.17469 1.16649 1.15502 1.13977 1.12027 1.09605 1.06675 1.0321 0.991987 0.946505 0.895999 0.841117 0.782852 0.722561 0.661929 0.60286 0.547285 0.496933 0.4531 0.416502 0.387226 0.364805 0.348368 0.336832 0.329078 0.324082 0.320995 0.319162 0.318117 0.317543 0.31724 0.317085 0.317009 0.316973 0.316958 0.316955 0.316961 0.316981 0.317022 0.317099 0.317232 0.317442 0.317751 0.318174 0.318711 0.319345 0.320043 
0.313722 0.31442 0.315049 0.315581 0.316005 0.316324 0.316551 0.316704 0.316803 0.316864 0.3169 0.31692 0.316931 0.316937 0.316942 0.316951 0.316973 0.317035 0.317195 0.317578 0.318432 0.320192 0.323561 0.329563 0.339534 0.355017 0.377545 0.408349 0.448054 0.496462 0.552499 0.614338 0.679678 0.746078 0.811268 0.873363 0.930966 0.983178 1.02954 1.06995 1.10456 1.1337 1.1578 1.17736 1.1929 1.20495 1.21401 1.22055 1.22498 1.2276 1.22861 1.22805 1.22582 1.22169 1.21532 1.20628 1.19407 1.17817 1.15802 1.13308 1.10283 1.06686 1.02487 0.976794 0.922883 0.863792 0.800678 0.735216 0.669513 0.605912 0.546702 0.493807 0.448539 0.411462 0.382418 0.36066 0.34507 0.33438 0.327361 0.322945 0.320279 0.318733 0.317871 0.317408 0.317168 0.317049 0.316992 0.316966 0.316958 0.316963 0.316981 0.317022 0.317099 0.317232 0.317442 0.317751 0.318174 0.318711 0.319345 0.320043 
0.313722 0.31442 0.315049 0.315581 0.316005 0.316324 0.316551 0.316704 0.316803 0.316864 0.3169 0.31692 0.316931 0.316938 0.316945 0.31696 0.317001 0.31711 0.317382 0.318015 0.319375 0.322084 0.327099 0.335741 0.349636 0.370527 0.399975 0.439007 0.487794 0.545495 0.610297 0.679678 0.75079 0.820873 0.887585 0.949189 1.00461 1.05334 1.09537 1.13099 1.16071 1.18514 1.20492 1.22066 1.23297 1.24238 1.24939 1.25441 1.2578 1.25983 1.26065 1.2603 1.25872 1.25573 1.25104 1.24428 1.23501 1.22269 1.20673 1.1865 1.16131 1.13047 1.09335 1.04946 0.998583 0.940934 0.877317 0.809211 0.738748 0.668532 0.601332 0.539693 0.485591 0.440195 0.4038 0.375923 0.355521 0.341246 0.331691 0.325567 0.321806 0.319588 0.318332 0.317648 0.317289 0.317108 0.317019 0.316979 0.316964 0.316965 0.316982 0.317023 0.317099 0.317232 0.317442 0.317751 0.318174 0.318711 0.319345 0.320043 
0.313722 0.31442 0.315049 0.315581 0.316005 0.316324 0.316551 0.316704 0.316803 0.316864 0.3169 0.31692 0.316932 0.31694 0.316951 0.316976 0.317047 0.31723 0.317675 0.318673 0.320748 0.324749 0.331919 0.343882 0.36251 0.389648 0.426733 0.4744 0.532207 0.598559 0.670896 0.746078 0.820873 0.8924 0.958446 1.01759 1.06918 1.11319 1.15002 1.18036 1.20499 1.22473 1.24035 1.25253 1.26189 1.26894 1.27413 1.27783 1.28032 1.28181 1.28245 1.28226 1.28121 1.27915 1.27587 1.27107 1.26436 1.25527 1.24323 1.22755 1.20748 1.18213 1.15061 1.11204 1.06577 1.0115 0.949579 0.881111 0.80805 0.733068 0.659254 0.5897 0.527054 0.473173 0.428941 0.394287 0.368371 0.349862 0.33723 0.328984 0.32383 0.320741 0.318964 0.317982 0.317459 0.317191 0.317059 0.316997 0.316972 0.316969 0.316984 0.317023 0.3171 0.317232 0.317442 0.317751 0.318174 0.318711 0.319345 0.320043 
0.313722 0.31442 0.315049 0.315581 0.316005 0.316324 0.316551 0.316704 0.316803 0.316864 0.3169 0.31692 0.316933 0.316943 0.31696 0.317003 0.31712 0.317416 0.31811 0.319621 0.322664 0.32835 0.338223 0.354193 0.378304 0.412367 0.45752 0.513841 0.580141 0.654037 0.732281 0.811268 0.887585 0.958446 1.02195 1.07712 1.12379 1.1624 1.19375 1.21881 1.2386 1.25404 1.26596 1.27506 1.28192 1.287 1.2907 1.29331 1.29506 1.29612 1.29659 1.29651 1.29584 1.2945 1.29232 1.28907 1.28445 1.27804 1.26934 1.2577 1.24234 1.2223 1.1965 1.16379 1.1231 1.07366 1.01528 0.948578 0.875127 0.797448 0.718755 0.642538 0.572062 0.509901 0.45763 0.415728 0.383702 0.360354 0.344106 0.333302 0.326431 0.322246 0.319801 0.31843 0.317691 0.317307 0.317115 0.317023 0.316984 0.316974 0.316986 0.317024 0.3171 0.317232 0.317442 0.317751 0.318174 0.318711 0.319345 0.320043 
0.313722 0.31442 0.315049 0.315581 0.316005 0.316324 0.316551 0.316704 0.316803 0.316864 0.3169 0.316921 0.316934 0.316947 0.316974 0.317045 0.31723 0.317687 0.31873 0.320929 0.325226 0.33302 0.346156 0.366777 0.396996 0.438441 0.491783 0.556395 0.630276 0.710282 0.792601 0.873363 0.949189 1.01759 1.07712 1.12732 1.16851 1.20156 1.22758 1.24777 1.26324 1.27498 1.28381 1.2904 1.29526 1.29881 1.30135 1.30313 1.30431 1.30503 1.30537 1.30534 1.30495 1.30411 1.30273 1.30063 1.29757 1.29325 1.28722 1.27892 1.2676 1.25231 1.23188 1.205 1.17029 1.12657 1.0731 1.00992 0.938108 0.859809 0.778141 0.696804 0.619558 0.549667 0.489451 0.440057 0.401474 0.372761 0.35239 0.338597 0.329674 0.324151 0.320877 0.319015 0.317996 0.317461 0.31719 0.317059 0.317 0.316981 0.316989 0.317025 0.317101 0.317232 0.317442 0.317751 0.318174 0.318711 0.319345 0.320043 
0.313722 0.31442 0.315049 0.315581 0.316005 0.316324 0.316551 0.316704 0.316803 0.316864 0.3169 0.316921 0.316936 0.316954 0.316996 0.317106 0.31739 0.318068 0.319572 0.322656 0.328517 0.338847 0.355771 0.381596 0.418379 0.467411 0.528746 0.600961 0.681235 0.765748 0.850302 0.930966 1.00461 1.06918 1.12379 1.16851 1.20413 1.23185 1.25301 1.26893 1.28076 1.28948 1.29586 1.3005 1.30385 1.30625 1.30794 1.30911 1.30988 1.31036 1.31058 1.31059 1.31036 1.30987 1.30903 1.30773 1.3058 1.30299 1.29898 1.29327 1.2852 1.2739 1.2582 1.23672 1.2079 1.17023 1.1225 1.06416 0.995657 0.918626 0.83587 0.751087 0.668369 0.591585 0.523803 0.466913 0.421505 0.387022 0.362086 0.3449 0.333596 0.326491 0.322217 0.319752 0.318387 0.31766 0.317288 0.317106 0.317022 0.316991 0.316993 0.317027 0.317101 0.317232 0.317442 0.317751 0.318174 0.318711 0.319345 0.320043 
0.313722 0.31442 0.315049 0.315581 0.316005 0.316324 0.316551 0.316704 0.316803 0.316864 0.3169 0.316922 0.31694 0.316965 0.317028 0.317194 0.317609 0.318578 0.32067 0.324848 0.332578 0.345847 0.367014 0.398459 0.442056 0.498616 0.567471 0.646356 0.731681 0.819091 0.904187 0.983178 1.05334 1.11319 1.1624 1.20156 1.23185 1.25472 1.27165 1.28399 1.29289 1.29924 1.30376 1.30696 1.30921 1.31079 1.31188 1.31262 1.31311 1.31341 1.31356 1.31358 1.31346 1.31318 1.31269 1.31191 1.31074 1.30899 1.30641 1.30261 1.29703 1.2889 1.27715 1.2604 1.23704 1.20531 1.16364 1.11093 1.04697 0.972771 0.890637 0.804066 0.717291 0.634654 0.559928 0.495773 0.443469 0.402954 0.373112 0.352186 0.3382 0.329277 0.323833 0.320652 0.31887 0.31791 0.317413 0.317165 0.31705 0.317003 0.316999 0.31703 0.317102 0.317233 0.317442 0.317751 0.318174 0.318711 0.319345 0.320043 
0.313722 0.31442 0.315049 0.315581 0.316005 0.316324 0.316551 0.316704 0.316803 0.316864 0.316901 0.316924 0.316945 0.316981 0.317073 0.317312 0.317898 0.319232 0.322042 0.327517 0.337401 0.353952 0.379706 0.417017 0.467455 0.531241 0.606915 0.69139 0.780399 0.869215 0.953424 1.02954 1.09537 1.15002 1.19375 1.22758 1.25301 1.27165 1.28503 1.29449 1.30109 1.30566 1.30881 1.31097 1.31246 1.31347 1.31416 1.31462 1.31492 1.31511 1.3152 1.31522 1.31516 1.315 1.31473 1.31429 1.3136 1.31254 1.31093 1.30848 1.30472 1.29902 1.29041 1.27762 1.25904 1.23284 1.19713 1.15038 1.09173 1.02152 0.941427 0.854578 0.765155 0.677819 0.59695 0.525969 0.466898 0.420257 0.385287 0.360358 0.34344 0.33249 0.325721 0.321718 0.319447 0.318211 0.317564 0.317239 0.317084 0.317019 0.317006 0.317033 0.317103 0.317233 0.317442 0.317751 0.318174 0.318711 0.319345 0.320043 
0.313722 0.31442 0.315049 0.315581 0.316005 0.316324 0.316551 0.316704 0.316803 0.316864 0.316901 0.316926 0.316952 0.317002 0.317131 0.317463 0.31826 0.320034 0.323684 0.330637 0.342909 0.362995 0.39354 0.436775 0.493866 0.564365 0.646006 0.734938 0.826346 0.915294 0.997513 1.06995 1.13099 1.18036 1.21881 1.24777 1.26893 1.28399 1.29449 1.30168 1.30654 1.30979 1.31197 1.31341 1.31438 1.31502 1.31544 1.31572 1.3159 1.31601 1.31607 1.31609 1.31606 1.31598 1.31583 1.31558 1.31519 1.31458 1.3136 1.31205 1.30958 1.30565 1.29946 1.28985 1.27532 1.25401 1.22387 1.183 1.13 1.0645 0.987522 0.901664 0.810893 0.720023 0.633926 0.556727 0.4912 0.438511 0.398334 0.369245 0.349215 0.336078 0.327856 0.322935 0.320115 0.318563 0.317743 0.317327 0.317126 0.317038 0.317014 0.317036 0.317105 0.317234 0.317443 0.317751 0.318174 0.318711 0.319345 0.320043 
0.313722 0.31442 0.315049 0.315581 0.316005 0.316324 0.316551 0.316704 0.316803 0.316865 0.316902 0.316929 0.316961 0.317029 0.317205 0.317649 0.318694 0.320972 0.325565 0.334136 0.348954 0.372711 0.40809 0.457117 0.520476 0.59702 0.683702 0.775996 0.868681 0.95676 1.03624 1.10456 1.16071 1.20499 1.2386 1.26324 1.28076 1.29289 1.30109 1.30654 1.3101 1.31242 1.31391 1.31487 1.31549 1.31589 1.31615 1.31631 1.31642 1.31648 1.31652 1.31653 1.31652 1.31648 1.3164 1.31627 1.31605 1.3157 1.31513 1.31417 1.31257 1.30991 1.30551 1.29839 1.28715 1.27001 1.24485 1.20949 1.1621 1.10165 1.02848 0.944585 0.853575 0.760267 0.669892 0.587199 0.515688 0.457194 0.411885 0.3786 0.355374 0.339951 0.330185 0.324278 0.320858 0.318959 0.317947 0.317428 0.317174 0.317061 0.317024 0.317041 0.317107 0.317235 0.317443 0.317752 0.318174 0.318711 0.319345 0.320043 
0.313722 0.31442 0.315049 0.315581 0.316005 0.316324 0.316551 0.316704 0.316803 0.316865 0.316903 0.316932 0.316972 0.317062 0.317292 0.317864 0.319187 0.322018 0.327623 0.337892 0.35532 0.382749 0.422838 0.477345 0.546431 0.628252 0.719046 0.81372 0.906777 0.993284 1.0696 1.1337 1.18514 1.22473 1.25404 1.27498 1.28948 1.29924 1.30566 1.30979 1.31242 1.31406 1.31509 1.31572 1.31612 1.31637 1.31653 1.31662 1.31668 1.31672 1.31674 1.31675 1.31674 1.31672 1.31668 1.31662 1.3165 1.31631 1.31597 1.31539 1.31437 1.31258 1.30949 1.30425 1.29562 1.28192 1.26105 1.23066 1.18855 1.13315 1.06412 0.982827 0.89244 0.797649 0.703918 0.616516 0.539617 0.475716 0.425499 0.388118 0.361714 0.343981 0.332635 0.325705 0.321656 0.319388 0.318169 0.317539 0.317228 0.317086 0.317036 0.317046 0.317109 0.317236 0.317443 0.317752 0.318174 0.318711 0.319345 0.320043 
0.313722 0.31442 0.315049 0.315581 0.316005 0.316324 0.316551 0.316704 0.316804 0.316865 0.316905 0.316937 0.316985 0.317099 0.31739 0.318102 0.319721 0.323129 0.32977 0.341743 0.361738 0.392701 0.437216 0.496735 0.570892 0.657186 0.751221 0.847451 0.940221 1.02474 1.09777 1.1578 1.20492 1.24035 1.26596 1.28381 1.29586 1.30376 1.30881 1.31197 1.31391 1.31509 1.31579 1.31622 1.31648 1.31663 1.31672 1.31678 1.31682 1.31684 1.31685 1.31685 1.31685 1.31684 1.31682 1.31679 1.31673 1.31662 1.31643 1.31608 1.31543 1.31424 1.31207 1.30822 1.30161 1.29067 1.27338 1.24729 1.20995 1.15931 1.09445 1.01608 0.926916 0.831416 0.735165 0.643852 0.562245 0.493461 0.438702 0.397454 0.367999 0.348018 0.335113 0.327162 0.322477 0.319834 0.318401 0.317656 0.317285 0.317112 0.317048 0.317051 0.317111 0.317237 0.317444 0.317752 0.318174 0.318711 0.319345 0.320043 
0.313722 0.31442 0.315049 0.315581 0.316005 0.316324 0.316551 0.316704 0.316804 0.316866 0.316906 0.316942 0.316999 0.317139 0.317493 0.318348 0.320266 0.324248 0.331899 0.345506 0.367918 0.402145 0.450664 0.514612 0.593117 0.68309 0.779596 0.876745 0.968806 1.05119 1.12105 1.17736 1.22066 1.25253 1.27506 1.2904 1.3005 1.30696 1.31097 1.31341 1.31487 1.31572 1.31622 1.31651 1.31668 1.31677 1.31683 1.31686 1.31688 1.31689 1.3169 1.3169 1.3169 1.3169 1.31689 1.31687 1.31684 1.31678 1.31668 1.31646 1.31605 1.31525 1.31373 1.31089 1.30579 1.29702 1.28262 1.26015 1.22693 1.18058 1.11964 1.04425 0.956638 0.860998 0.762947 0.668487 0.582895 0.509846 0.451028 0.406262 0.373989 0.351902 0.337519 0.328589 0.323289 0.320277 0.318635 0.317774 0.317343 0.31714 0.317061 0.317057 0.317114 0.317238 0.317444 0.317752 0.318174 0.318711 0.319345 0.320043 
0.313722 0.31442 0.315049 0.315581 0.316005 0.316324 0.316551 0.316704 0.316804 0.316866 0.316908 0.316947 0.317014 0.317179 0.317596 0.318589 0.320793 0.325314 0.333902 0.349001 0.373587 0.410701 0.462701 0.530417 0.61253 0.705438 0.803771 0.901384 0.992533 1.07285 1.13983 1.1929 1.23297 1.26189 1.28192 1.29526 1.30385 1.30921 1.31246 1.31438 1.31549 1.31612 1.31648 1.31668 1.31679 1.31685 1.31688 1.3169 1.31691 1.31692 1.31692 1.31692 1.31692 1.31692 1.31692 1.31691 1.31689 1.31686 1.3168 1.31668 1.31641 1.31587 1.31478 1.31266 1.30869 1.30157 1.28945 1.26989 1.24012 1.19745 1.14 1.06742 0.981464 0.886057 0.786787 0.689882 0.60103 0.524388 0.462078 0.414234 0.37946 0.355481 0.339756 0.329926 0.324056 0.3207 0.318859 0.317889 0.3174 0.317167 0.317073 0.317062 0.317116 0.317239 0.317445 0.317752 0.318174 0.318711 0.319345 0.320043 
