6.12912 6.1293 6.1296 6.13 6.13051 6.13112 6.13185 6.13268 6.13363 6.13468 6.13584 6.13711 6.13848 6.13997 6.14156 6.14325 6.14505 6.14694 6.14893 6.15102 6.15319 6.15544 6.15777 6.16017 6.16262 6.16514 6.16769 6.17028 6.17289 6.17551 6.17813 6.18074 6.18332 6.18586 6.18835 6.19078 6.19312 6.19537 6.19752 6.19955 6.20145 6.20321 6.20482 6.20626 6.20754 6.20863 6.20954 6.21026 6.21078 6.2111 6.21122 6.21114 6.21086 6.21038 6.20971 6.20885 6.2078 6.20657 6.20518 6.20363 6.20193 6.20009 6.19812 6.19604 6.19386 6.19159 6.18925 6.18685 6.18439 6.18191 6.1794 6.17689 6.17438 6.17189 6.16943 6.167 6.16463 6.16231 6.16007 6.15789 6.1558 6.1538 6.15189 6.15008 6.14838 6.14678 6.14529 6.1439 6.14264 6.14148 6.14044 6.13951 6.13869 6.13799 6.1374 6.13692 6.13656 6.1363 6.13616 6.13613 
6.1293 6.12949 6.12978 6.13018 6.13069 6.13131 6.13204 6.13288 6.13383 6.13489 6.13606 6.13733 6.13872 6.14021 6.14181 6.14351 6.14532 6.14723 6.14923 6.15133 6.15351 6.15578 6.15812 6.16054 6.16301 6.16554 6.16811 6.17072 6.17334 6.17598 6.17862 6.18125 6.18385 6.18641 6.18891 6.19135 6.19372 6.19598 6.19815 6.20019 6.2021 6.20387 6.20549 6.20695 6.20823 6.20933 6.21025 6.21097 6.21149 6.21182 6.21194 6.21186 6.21157 6.21109 6.21041 6.20954 6.20849 6.20725 6.20585 6.20429 6.20257 6.20072 6.19874 6.19665 6.19445 6.19217 6.18981 6.18739 6.18492 6.18242 6.17989 6.17736 6.17484 6.17233 6.16985 6.16741 6.16502 6.16268 6.16042 6.15823 6.15613 6.15411 6.15219 6.15037 6.14865 6.14704 6.14554 6.14415 6.14287 6.14171 6.14066 6.13972 6.1389 6.13819 6.1376 6.13712 6.13675 6.13649 6.13634 6.13631 
6.1296 6.12978 6.13008 6.13048 6.131 6.13163 6.13237 6.13322 6.13419 6.13526 6.13645 6.13774 6.13915 6.14067 6.14229 6.14402 6.14586 6.1478 6.14984 6.15197 6.15419 6.1565 6.15888 6.16134 6.16385 6.16642 6.16904 6.17169 6.17436 6.17704 6.17973 6.1824 6.18504 6.18764 6.19019 6.19267 6.19507 6.19738 6.19958 6.20165 6.2036 6.2054 6.20704 6.20852 6.20982 6.21094 6.21187 6.2126 6.21314 6.21346 6.21359 6.2135 6.21322 6.21272 6.21203 6.21115 6.21007 6.20882 6.20739 6.2058 6.20406 6.20217 6.20016 6.19803 6.1958 6.19347 6.19107 6.18861 6.1861 6.18355 6.18099 6.17841 6.17584 6.17329 6.17077 6.16828 6.16585 6.16348 6.16117 6.15895 6.15681 6.15475 6.1528 6.15094 6.14919 6.14755 6.14602 6.14461 6.1433 6.14212 6.14105 6.14009 6.13925 6.13853 6.13792 6.13743 6.13706 6.13679 6.13664 6.1366 
6.13 6.13018 6.13048 6.1309 6.13143 6.13207 6.13283 6.1337 6.13469 6.13579 6.13701 6.13834 6.13978 6.14134 6.14301 6.14479 6.14667 6.14867 6.15076 6.15295 6.15523 6.1576 6.16005 6.16257 6.16515 6.16779 6.17048 6.1732 6.17594 6.17869 6.18145 6.18419 6.1869 6.18957 6.19218 6.19473 6.19719 6.19956 6.20181 6.20394 6.20594 6.20778 6.20947 6.21098 6.21232 6.21346 6.21441 6.21516 6.21571 6.21604 6.21617 6.21608 6.21578 6.21528 6.21457 6.21366 6.21256 6.21127 6.2098 6.20817 6.20638 6.20445 6.20238 6.20019 6.1979 6.19551 6.19305 6.19052 6.18794 6.18532 6.18269 6.18004 6.1774 6.17478 6.17219 6.16963 6.16713 6.1647 6.16233 6.16004 6.15783 6.15572 6.15371 6.1518 6.15 6.14831 6.14674 6.14528 6.14393 6.14271 6.14161 6.14062 6.13976 6.13901 6.13838 6.13787 6.13748 6.13721 6.13705 6.13701 
6.13051 6.13069 6.131 6.13143 6.13197 6.13264 6.13342 6.13432 6.13534 6.13648 6.13774 6.13912 6.14062 6.14223 6.14396 6.1458 6.14776 6.14982 6.15199 6.15426 6.15663 6.15908 6.16162 6.16423 6.16691 6.16964 6.17242 6.17524 6.17808 6.18093 6.18378 6.18662 6.18942 6.19219 6.19489 6.19753 6.20008 6.20252 6.20485 6.20706 6.20912 6.21102 6.21276 6.21433 6.21571 6.21689 6.21787 6.21865 6.21921 6.21955 6.21968 6.21959 6.21928 6.21875 6.21802 6.21707 6.21593 6.2146 6.21308 6.21139 6.20953 6.20753 6.20539 6.20313 6.20075 6.19828 6.19573 6.19311 6.19043 6.18772 6.18499 6.18225 6.17951 6.1768 6.17411 6.17146 6.16887 6.16633 6.16388 6.1615 6.15921 6.15702 6.15493 6.15295 6.15108 6.14932 6.14768 6.14616 6.14476 6.14349 6.14234 6.14131 6.14041 6.13963 6.13897 6.13844 6.13803 6.13774 6.13757 6.13752 
6.13112 6.13131 6.13163 6.13207 6.13264 6.13333 6.13414 6.13508 6.13615 6.13733 6.13865 6.14009 6.14165 6.14334 6.14514 6.14707 6.14911 6.15127 6.15353 6.15591 6.15838 6.16094 6.16359 6.16632 6.16911 6.17197 6.17487 6.17781 6.18078 6.18375 6.18673 6.18969 6.19261 6.19549 6.19832 6.20106 6.20372 6.20626 6.20869 6.21099 6.21313 6.21512 6.21693 6.21856 6.21999 6.22122 6.22224 6.22305 6.22363 6.22399 6.22412 6.22402 6.22369 6.22314 6.22237 6.22139 6.2202 6.2188 6.21722 6.21545 6.21352 6.21143 6.20919 6.20683 6.20435 6.20177 6.19911 6.19637 6.19358 6.19075 6.1879 6.18504 6.18218 6.17933 6.17652 6.17376 6.17104 6.1684 6.16582 6.16334 6.16094 6.15865 6.15646 6.15438 6.15242 6.15057 6.14885 6.14726 6.14579 6.14445 6.14324 6.14216 6.14121 6.14039 6.1397 6.13913 6.13869 6.13838 6.1382 6.13814 
6.13185 6.13204 6.13237 6.13283 6.13342 6.13414 6.135 6.13598 6.1371 6.13835 6.13973 6.14124 6.14289 6.14466 6.14656 6.14859 6.15074 6.153 6.15539 6.15788 6.16048 6.16318 6.16597 6.16883 6.17177 6.17478 6.17783 6.18092 6.18403 6.18716 6.19028 6.19339 6.19646 6.19949 6.20245 6.20533 6.20811 6.21078 6.21333 6.21573 6.21798 6.22006 6.22196 6.22366 6.22517 6.22645 6.22752 6.22836 6.22897 6.22934 6.22947 6.22936 6.22902 6.22844 6.22763 6.2266 6.22534 6.22388 6.22221 6.22036 6.21833 6.21613 6.21379 6.2113 6.2087 6.20599 6.20319 6.20031 6.19738 6.19441 6.19141 6.18839 6.18539 6.1824 6.17944 6.17652 6.17367 6.17088 6.16817 6.16555 6.16302 6.1606 6.15829 6.1561 6.15402 6.15208 6.15026 6.14857 6.14702 6.1456 6.14432 6.14317 6.14216 6.14129 6.14055 6.13994 6.13948 6.13914 6.13894 6.13887 
6.13268 6.13288 6.13322 6.1337 6.13432 6.13508 6.13598 6.13702 6.1382 6.13952 6.14098 6.14258 6.14432 6.1462 6.14821 6.15035 6.15263 6.15503 6.15755 6.16019 6.16294 6.1658 6.16875 6.17178 6.17489 6.17806 6.18129 6.18455 6.18784 6.19114 6.19444 6.19772 6.20096 6.20416 6.20728 6.21032 6.21325 6.21607 6.21875 6.22129 6.22366 6.22585 6.22784 6.22964 6.23122 6.23257 6.23369 6.23458 6.23521 6.2356 6.23574 6.23562 6.23526 6.23464 6.23378 6.23269 6.23136 6.22982 6.22806 6.2261 6.22396 6.22164 6.21916 6.21654 6.21378 6.21092 6.20796 6.20492 6.20182 6.19868 6.19551 6.19232 6.18914 6.18598 6.18284 6.17976 6.17673 6.17378 6.17091 6.16813 6.16545 6.16288 6.16043 6.1581 6.1559 6.15383 6.15189 6.1501 6.14844 6.14693 6.14556 6.14434 6.14326 6.14232 6.14153 6.14088 6.14038 6.14001 6.13979 6.13971 
6.13363 6.13383 6.13419 6.13469 6.13534 6.13615 6.1371 6.1382 6.13945 6.14086 6.14241 6.14411 6.14596 6.14795 6.15009 6.15237 6.15479 6.15735 6.16003 6.16284 6.16576 6.16879 6.17192 6.17515 6.17845 6.18182 6.18524 6.18871 6.1922 6.1957 6.1992 6.20268 6.20612 6.2095 6.21281 6.21603 6.21914 6.22212 6.22496 6.22764 6.23015 6.23246 6.23458 6.23647 6.23814 6.23957 6.24075 6.24168 6.24235 6.24276 6.2429 6.24278 6.24238 6.24173 6.24082 6.23966 6.23825 6.23661 6.23474 6.23267 6.23039 6.22793 6.2253 6.22252 6.2196 6.21656 6.21342 6.2102 6.20691 6.20357 6.2002 6.19682 6.19343 6.19007 6.18674 6.18346 6.18024 6.1771 6.17404 6.17108 6.16822 6.16548 6.16287 6.16038 6.15803 6.15582 6.15375 6.15183 6.15006 6.14845 6.14698 6.14567 6.14451 6.1435 6.14265 6.14195 6.1414 6.141 6.14075 6.14066 
6.13468 6.13489 6.13526 6.13579 6.13648 6.13733 6.13835 6.13952 6.14086 6.14235 6.14401 6.14582 6.14779 6.14992 6.1522 6.15464 6.15722 6.15995 6.16281 6.16581 6.16893 6.17216 6.1755 6.17894 6.18246 6.18605 6.1897 6.19339 6.19711 6.20084 6.20456 6.20826 6.21192 6.21551 6.21903 6.22245 6.22575 6.22892 6.23194 6.23478 6.23744 6.2399 6.24214 6.24415 6.24592 6.24744 6.24869 6.24967 6.25038 6.25081 6.25095 6.25082 6.2504 6.2497 6.24873 6.24749 6.24599 6.24424 6.24226 6.24005 6.23763 6.23501 6.23221 6.22925 6.22614 6.22291 6.21957 6.21613 6.21263 6.20907 6.20548 6.20187 6.19826 6.19468 6.19112 6.18762 6.18418 6.18083 6.17756 6.17439 6.17134 6.16841 6.16561 6.16295 6.16043 6.15806 6.15584 6.15378 6.15188 6.15014 6.14857 6.14715 6.1459 6.14481 6.14389 6.14313 6.14254 6.1421 6.14183 6.14172 
6.13584 6.13606 6.13645 6.13701 6.13774 6.13865 6.13973 6.14098 6.14241 6.14401 6.14578 6.14772 6.14983 6.15211 6.15455 6.15716 6.15992 6.16284 6.1659 6.1691 6.17244 6.1759 6.17947 6.18314 6.1869 6.19074 6.19464 6.19858 6.20255 6.20653 6.2105 6.21445 6.21835 6.22218 6.22593 6.22957 6.23309 6.23647 6.23968 6.2427 6.24553 6.24815 6.25053 6.25267 6.25455 6.25615 6.25748 6.25853 6.25928 6.25973 6.25988 6.25973 6.25928 6.25853 6.25749 6.25617 6.25457 6.25271 6.25059 6.24823 6.24565 6.24286 6.23987 6.23671 6.2334 6.22995 6.22638 6.22271 6.21897 6.21517 6.21133 6.20748 6.20362 6.19979 6.19599 6.19224 6.18856 6.18496 6.18146 6.17807 6.1748 6.17166 6.16865 6.16579 6.16309 6.16054 6.15816 6.15594 6.1539 6.15202 6.15032 6.14879 6.14744 6.14627 6.14527 6.14444 6.14379 6.14332 6.14301 6.14288 
6.13711 6.13733 6.13774 6.13834 6.13912 6.14009 6.14124 6.14258 6.14411 6.14582 6.14772 6.1498 6.15206 6.1545 6.15712 6.15992 6.16288 6.16601 6.16929 6.17272 6.1763 6.18 6.18383 6.18776 6.19179 6.19589 6.20006 6.20428 6.20852 6.21278 6.21702 6.22124 6.2254 6.2295 6.2335 6.23738 6.24114 6.24474 6.24816 6.25139 6.2544 6.25719 6.25972 6.262 6.264 6.26571 6.26712 6.26823 6.26902 6.2695 6.26965 6.26949 6.269 6.2682 6.26709 6.26568 6.26397 6.26198 6.25972 6.2572 6.25444 6.25146 6.24827 6.24489 6.24135 6.23766 6.23385 6.22993 6.22592 6.22186 6.21775 6.21363 6.2095 6.20539 6.20132 6.19731 6.19336 6.1895 6.18575 6.18211 6.1786 6.17522 6.17199 6.16892 6.16601 6.16327 6.1607 6.15831 6.1561 6.15408 6.15224 6.15059 6.14913 6.14786 6.14677 6.14588 6.14517 6.14464 6.14431 6.14416 
6.13848 6.13872 6.13915 6.13978 6.14062 6.14165 6.14289 6.14432 6.14596 6.14779 6.14983 6.15206 6.15449 6.15711 6.15992 6.16292 6.1661 6.16946 6.17298 6.17666 6.1805 6.18447 6.18857 6.19279 6.1971 6.2015 6.20596 6.21047 6.21502 6.21957 6.22411 6.22862 6.23307 6.23744 6.24172 6.24587 6.24988 6.25372 6.25737 6.26081 6.26403 6.267 6.2697 6.27212 6.27425 6.27607 6.27758 6.27875 6.2796 6.2801 6.28026 6.28008 6.27956 6.2787 6.27751 6.276 6.27417 6.27204 6.26962 6.26693 6.26398 6.26079 6.25738 6.25377 6.24998 6.24604 6.24196 6.23776 6.23348 6.22913 6.22473 6.22031 6.21589 6.21148 6.20712 6.20281 6.19858 6.19444 6.19041 6.1865 6.18272 6.17909 6.17562 6.17231 6.16918 6.16623 6.16346 6.16088 6.1585 6.15632 6.15433 6.15255 6.15097 6.14958 6.14841 6.14743 6.14666 6.14609 6.14572 6.14555 
6.13997 6.14021 6.14067 6.14134 6.14223 6.14334 6.14466 6.1462 6.14795 6.14992 6.15211 6.1545 6.15711 6.15993 6.16295 6.16617 6.16958 6.17318 6.17696 6.18092 6.18503 6.18929 6.19369 6.19821 6.20283 6.20754 6.21232 6.21716 6.22202 6.22689 6.23175 6.23657 6.24133 6.246 6.25057 6.25501 6.25929 6.26339 6.26729 6.27096 6.27439 6.27756 6.28044 6.28302 6.28529 6.28723 6.28883 6.29008 6.29098 6.29151 6.29168 6.29148 6.29092 6.29 6.28872 6.28711 6.28515 6.28287 6.28029 6.27741 6.27425 6.27084 6.2672 6.26334 6.25928 6.25506 6.25069 6.24621 6.24162 6.23696 6.23225 6.22751 6.22277 6.21805 6.21337 6.20875 6.20421 6.19977 6.19544 6.19123 6.18718 6.18327 6.17954 6.17598 6.1726 6.16942 6.16644 6.16366 6.16109 6.15873 6.15659 6.15466 6.15294 6.15145 6.15017 6.14911 6.14827 6.14764 6.14723 6.14704 
6.14156 6.14181 6.14229 6.14301 6.14396 6.14514 6.14656 6.14821 6.15009 6.1522 6.15455 6.15712 6.15992 6.16295 6.16619 6.16964 6.17331 6.17718 6.18123 6.18547 6.18989 6.19446 6.19917 6.20401 6.20897 6.21402 6.21914 6.22431 6.22952 6.23473 6.23992 6.24508 6.25016 6.25516 6.26004 6.26478 6.26935 6.27373 6.27789 6.28181 6.28546 6.28884 6.29191 6.29467 6.29708 6.29915 6.30085 6.30218 6.30313 6.30369 6.30387 6.30365 6.30305 6.30207 6.3007 6.29897 6.29688 6.29445 6.29168 6.2886 6.28523 6.28159 6.27769 6.27356 6.26923 6.26471 6.26004 6.25524 6.25033 6.24534 6.2403 6.23522 6.23015 6.22509 6.22007 6.21511 6.21024 6.20547 6.20082 6.19631 6.19195 6.18775 6.18373 6.1799 6.17627 6.17284 6.16963 6.16664 6.16386 6.16132 6.159 6.15691 6.15506 6.15344 6.15206 6.1509 6.14999 6.1493 6.14885 6.14864 
6.14325 6.14351 6.14402 6.14479 6.1458 6.14707 6.14859 6.15035 6.15237 6.15464 6.15716 6.15992 6.16292 6.16617 6.16964 6.17335 6.17729 6.18143 6.18579 6.19033 6.19506 6.19996 6.20501 6.2102 6.2155 6.22091 6.22639 6.23192 6.23749 6.24306 6.24862 6.25412 6.25956 6.2649 6.27011 6.27516 6.28004 6.28471 6.28914 6.29332 6.29722 6.30082 6.30409 6.30702 6.3096 6.31179 6.31361 6.31502 6.31603 6.31662 6.31681 6.31657 6.31593 6.31487 6.31341 6.31156 6.30933 6.30673 6.30378 6.30049 6.29689 6.29299 6.28883 6.28442 6.27979 6.27496 6.26997 6.26483 6.25958 6.25425 6.24885 6.24342 6.23798 6.23256 6.22719 6.22188 6.21665 6.21154 6.20655 6.20171 6.19702 6.19252 6.1882 6.18408 6.18018 6.17649 6.17303 6.1698 6.16682 6.16407 6.16157 6.15932 6.15732 6.15557 6.15407 6.15282 6.15182 6.15108 6.15058 6.15034 
6.14505 6.14532 6.14586 6.14667 6.14776 6.14911 6.15074 6.15263 6.15479 6.15722 6.15992 6.16288 6.1661 6.16958 6.17331 6.17729 6.1815 6.18594 6.19061 6.19548 6.20054 6.20579 6.21119 6.21674 6.22242 6.2282 6.23406 6.23997 6.24592 6.25187 6.2578 6.26368 6.26949 6.27518 6.28074 6.28613 6.29133 6.2963 6.30103 6.30548 6.30963 6.31346 6.31695 6.32007 6.3228 6.32514 6.32706 6.32856 6.32963 6.33026 6.33045 6.3302 6.32951 6.32838 6.32682 6.32485 6.32246 6.31969 6.31654 6.31303 6.30919 6.30503 6.30059 6.29588 6.29094 6.28579 6.28045 6.27497 6.26936 6.26366 6.25789 6.25208 6.24627 6.24047 6.23472 6.22903 6.22344 6.21796 6.21261 6.20742 6.2024 6.19756 6.19293 6.18851 6.18431 6.18035 6.17663 6.17316 6.16995 6.16699 6.1643 6.16187 6.15971 6.15782 6.1562 6.15485 6.15377 6.15296 6.15242 6.15215 
6.14694 6.14723 6.1478 6.14867 6.14982 6.15127 6.153 6.15503 6.15735 6.15995 6.16284 6.16601 6.16946 6.17318 6.17718 6.18143 6.18594 6.1907 6.19569 6.2009 6.20632 6.21193 6.21771 6.22364 6.2297 6.23587 6.24213 6.24845 6.25479 6.26114 6.26747 6.27373 6.27992 6.28598 6.2919 6.29765 6.30318 6.30848 6.31351 6.31824 6.32266 6.32673 6.33043 6.33375 6.33666 6.33914 6.34118 6.34277 6.34391 6.34457 6.34477 6.3445 6.34375 6.34255 6.34089 6.33878 6.33624 6.33329 6.32993 6.32619 6.3221 6.31767 6.31294 6.30792 6.30265 6.29716 6.29147 6.28562 6.27964 6.27355 6.26739 6.26119 6.25498 6.24879 6.24264 6.23656 6.23058 6.22472 6.219 6.21344 6.20806 6.20288 6.19791 6.19317 6.18867 6.18442 6.18043 6.1767 6.17325 6.17007 6.16717 6.16456 6.16223 6.16019 6.15845 6.15699 6.15582 6.15494 6.15435 6.15406 
6.14893 6.14923 6.14984 6.15076 6.15199 6.15353 6.15539 6.15755 6.16003 6.16281 6.1659 6.16929 6.17298 6.17696 6.18123 6.18579 6.19061 6.19569 6.20102 6.20659 6.21237 6.21836 6.22453 6.23086 6.23733 6.24391 6.25058 6.25731 6.26407 6.27084 6.27757 6.28425 6.29083 6.29728 6.30358 6.30968 6.31557 6.3212 6.32654 6.33157 6.33626 6.34059 6.34452 6.34803 6.35112 6.35375 6.35591 6.3576 6.3588 6.3595 6.35971 6.35941 6.35862 6.35734 6.35557 6.35333 6.35063 6.34748 6.34391 6.33994 6.33558 6.33087 6.32583 6.3205 6.31489 6.30904 6.30298 6.29675 6.29038 6.28389 6.27733 6.27072 6.2641 6.25749 6.25093 6.24445 6.23806 6.2318 6.22568 6.21974 6.21399 6.20845 6.20314 6.19806 6.19324 6.18869 6.18441 6.18041 6.17671 6.1733 6.17019 6.16738 6.16488 6.16269 6.16081 6.15923 6.15797 6.15702 6.15638 6.15606 
6.15102 6.15133 6.15197 6.15295 6.15426 6.15591 6.15788 6.16019 6.16284 6.16581 6.1691 6.17272 6.17666 6.18092 6.18547 6.19033 6.19548 6.2009 6.20659 6.21252 6.21869 6.22507 6.23165 6.23839 6.24528 6.25229 6.25939 6.26655 6.27374 6.28093 6.28809 6.29519 6.30218 6.30903 6.31572 6.3222 6.32845 6.33442 6.34009 6.34543 6.3504 6.35498 6.35915 6.36287 6.36614 6.36893 6.37122 6.373 6.37427 6.37501 6.37522 6.37491 6.37407 6.3727 6.37082 6.36844 6.36557 6.36223 6.35844 6.35422 6.3496 6.34459 6.33924 6.33357 6.32761 6.3214 6.31496 6.30833 6.30156 6.29466 6.28768 6.28064 6.2736 6.26656 6.25957 6.25266 6.24585 6.23918 6.23266 6.22632 6.22018 6.21426 6.20859 6.20317 6.19802 6.19315 6.18857 6.18429 6.18032 6.17667 6.17334 6.17033 6.16765 6.1653 6.16327 6.16158 6.16023 6.1592 6.15851 6.15815 
6.15319 6.15351 6.15419 6.15523 6.15663 6.15838 6.16048 6.16294 6.16576 6.16893 6.17244 6.1763 6.1805 6.18503 6.18989 6.19506 6.20054 6.20632 6.21237 6.21869 6.22526 6.23204 6.23904 6.24621 6.25353 6.26098 6.26852 6.27613 6.28376 6.2914 6.299 6.30652 6.31394 6.32121 6.32829 6.33516 6.34178 6.3481 6.35411 6.35976 6.36502 6.36987 6.37428 6.37822 6.38167 6.38462 6.38704 6.38892 6.39026 6.39104 6.39126 6.39092 6.39003 6.38858 6.38659 6.38406 6.38102 6.37748 6.37346 6.36899 6.36409 6.35879 6.35311 6.3471 6.34078 6.33419 6.32736 6.32033 6.31313 6.30581 6.2984 6.29093 6.28344 6.27596 6.26853 6.26118 6.25394 6.24683 6.23989 6.23314 6.2266 6.2203 6.21425 6.20847 6.20297 6.19778 6.19289 6.18832 6.18409 6.18018 6.17662 6.1734 6.17053 6.16801 6.16584 6.16403 6.16257 6.16147 6.16073 6.16034 
6.15544 6.15578 6.1565 6.1576 6.15908 6.16094 6.16318 6.1658 6.16879 6.17216 6.1759 6.18 6.18447 6.18929 6.19446 6.19996 6.20579 6.21193 6.21836 6.22507 6.23204 6.23925 6.24668 6.25429 6.26205 6.26995 6.27795 6.28601 6.29411 6.3022 6.31024 6.31821 6.32606 6.33375 6.34125 6.34852 6.35551 6.3622 6.36855 6.37452 6.38008 6.3852 6.38985 6.39401 6.39766 6.40077 6.40332 6.40531 6.40672 6.40754 6.40777 6.40741 6.40646 6.40492 6.40281 6.40014 6.39692 6.39318 6.38893 6.3842 6.37901 6.3734 6.3674 6.36104 6.35435 6.34737 6.34014 6.33269 6.32507 6.31731 6.30945 6.30154 6.29359 6.28566 6.27778 6.26997 6.26229 6.25474 6.24737 6.24019 6.23324 6.22654 6.22011 6.21395 6.2081 6.20257 6.19737 6.1925 6.18798 6.18382 6.18001 6.17658 6.17351 6.17082 6.16851 6.16657 6.16501 6.16382 6.16302 6.1626 
6.15777 6.15812 6.15888 6.16005 6.16162 6.16359 6.16597 6.16875 6.17192 6.1755 6.17947 6.18383 6.18857 6.19369 6.19917 6.20501 6.21119 6.21771 6.22453 6.23165 6.23904 6.24668 6.25454 6.2626 6.27082 6.27919 6.28765 6.29618 6.30474 6.31329 6.3218 6.33022 6.33851 6.34664 6.35455 6.36222 6.3696 6.37666 6.38336 6.38965 6.39551 6.40091 6.40582 6.4102 6.41404 6.41732 6.42001 6.4221 6.42358 6.42444 6.42468 6.42429 6.42329 6.42167 6.41944 6.41662 6.41322 6.40927 6.40479 6.39979 6.39432 6.3884 6.38206 6.37534 6.36827 6.3609 6.35326 6.34539 6.33733 6.32912 6.32081 6.31243 6.30403 6.29563 6.28728 6.27902 6.27087 6.26288 6.25506 6.24745 6.24008 6.23297 6.22614 6.2196 6.21339 6.20751 6.20198 6.1968 6.192 6.18757 6.18352 6.17986 6.1766 6.17373 6.17126 6.16919 6.16752 6.16626 6.1654 6.16494 
6.16017 6.16054 6.16134 6.16257 6.16423 6.16632 6.16883 6.17178 6.17515 6.17894 6.18314 6.18776 6.19279 6.19821 6.20401 6.2102 6.21674 6.22364 6.23086 6.23839 6.24621 6.25429 6.2626 6.27112 6.27981 6.28864 6.29758 6.30659 6.31562 6.32464 6.33362 6.3425 6.35124 6.3598 6.36814 6.37622 6.384 6.39143 6.39848 6.4051 6.41127 6.41695 6.42211 6.42673 6.43076 6.4342 6.43703 6.43923 6.44078 6.44168 6.44193 6.44152 6.44046 6.43875 6.4364 6.43343 6.42986 6.4257 6.42097 6.41571 6.40994 6.4037 6.39702 6.38994 6.38249 6.37472 6.36666 6.35836 6.34986 6.3412 6.33243 6.32358 6.31471 6.30584 6.29702 6.28828 6.27967 6.27121 6.26294 6.25489 6.24709 6.23956 6.23232 6.2254 6.21882 6.21258 6.20671 6.20122 6.19612 6.19142 6.18712 6.18323 6.17976 6.17671 6.17409 6.17188 6.17011 6.16876 6.16784 6.16735 
6.16262 6.16301 6.16385 6.16515 6.16691 6.16911 6.17177 6.17489 6.17845 6.18246 6.1869 6.19179 6.1971 6.20283 6.20897 6.2155 6.22242 6.2297 6.23733 6.24528 6.25353 6.26205 6.27082 6.27981 6.28897 6.29828 6.3077 6.31719 6.32671 6.33621 6.34565 6.355 6.3642 6.3732 6.38198 6.39047 6.39864 6.40645 6.41386 6.42082 6.4273 6.43326 6.43868 6.44352 6.44775 6.45136 6.45433 6.45663 6.45826 6.4592 6.45946 6.45903 6.45791 6.45611 6.45364 6.45052 6.44676 6.44239 6.43742 6.43189 6.42583 6.41927 6.41224 6.40479 6.39696 6.38878 6.3803 6.37157 6.36262 6.3535 6.34426 6.33494 6.32559 6.31624 6.30694 6.29773 6.28864 6.27972 6.27099 6.26249 6.25425 6.24629 6.23864 6.23132 6.22436 6.21776 6.21155 6.20574 6.20034 6.19536 6.19081 6.18669 6.18301 6.17977 6.17699 6.17465 6.17276 6.17133 6.17035 6.16982 
6.16514 6.16554 6.16642 6.16779 6.16964 6.17197 6.17478 6.17806 6.18182 6.18605 6.19074 6.19589 6.2015 6.20754 6.21402 6.22091 6.2282 6.23587 6.24391 6.25229 6.26098 6.26995 6.27919 6.28864 6.29828 6.30808 6.31798 6.32796 6.33796 6.34794 6.35786 6.36768 6.37733 6.38679 6.39599 6.40491 6.41348 6.42167 6.42943 6.43673 6.44352 6.44976 6.45544 6.46051 6.46494 6.46872 6.47183 6.47424 6.47594 6.47693 6.47719 6.47674 6.47556 6.47367 6.47109 6.46781 6.46387 6.45928 6.45407 6.44827 6.44191 6.43503 6.42766 6.41984 6.41162 6.40303 6.39413 6.38495 6.37555 6.36597 6.35626 6.34647 6.33663 6.3268 6.31701 6.30732 6.29775 6.28835 6.27916 6.27021 6.26152 6.25313 6.24506 6.23735 6.23 6.22304 6.21648 6.21035 6.20464 6.19938 6.19456 6.19021 6.18632 6.18289 6.17994 6.17747 6.17547 6.17395 6.17291 6.17235 
6.16769 6.16811 6.16904 6.17048 6.17242 6.17487 6.17783 6.18129 6.18524 6.1897 6.19464 6.20006 6.20596 6.21232 6.21914 6.22639 6.23406 6.24213 6.25058 6.25939 6.26852 6.27795 6.28765 6.29758 6.3077 6.31798 6.32838 6.33884 6.34933 6.3598 6.3702 6.38048 6.3906 6.4005 6.41014 6.41947 6.42844 6.43701 6.44513 6.45276 6.45987 6.4664 6.47233 6.47763 6.48227 6.48622 6.48946 6.49198 6.49375 6.49478 6.49506 6.49458 6.49335 6.49137 6.48866 6.48523 6.48111 6.4763 6.47085 6.46478 6.45813 6.45092 6.4432 6.43502 6.4264 6.41741 6.40808 6.39847 6.38861 6.37857 6.36838 6.35811 6.34779 6.33747 6.32719 6.31701 6.30697 6.29709 6.28743 6.27802 6.26888 6.26006 6.25157 6.24345 6.23572 6.22839 6.22148 6.21502 6.209 6.20345 6.19838 6.19378 6.18968 6.18606 6.18295 6.18033 6.17822 6.17661 6.17551 6.17491 
6.17028 6.17072 6.17169 6.1732 6.17524 6.17781 6.18092 6.18455 6.18871 6.19339 6.19858 6.20428 6.21047 6.21716 6.22431 6.23192 6.23997 6.24845 6.25731 6.26655 6.27613 6.28601 6.29618 6.30659 6.31719 6.32796 6.33884 6.34979 6.36077 6.37172 6.3826 6.39335 6.40393 6.41428 6.42435 6.4341 6.44347 6.45242 6.4609 6.46887 6.47628 6.4831 6.48929 6.49482 6.49965 6.50377 6.50715 6.50977 6.51162 6.51269 6.51298 6.51247 6.51119 6.50912 6.50629 6.50271 6.4984 6.49339 6.4877 6.48136 6.4744 6.46688 6.45881 6.45026 6.44126 6.43186 6.4221 6.41205 6.40174 6.39123 6.38058 6.36982 6.35901 6.34821 6.33745 6.32678 6.31625 6.3059 6.29577 6.28589 6.27631 6.26705 6.25814 6.24961 6.24149 6.23379 6.22653 6.21973 6.21341 6.20757 6.20223 6.1974 6.19308 6.18927 6.18599 6.18323 6.181 6.17931 6.17814 6.17751 
6.17289 6.17334 6.17436 6.17594 6.17808 6.18078 6.18403 6.18784 6.1922 6.19711 6.20255 6.20852 6.21502 6.22202 6.22952 6.23749 6.24592 6.25479 6.26407 6.27374 6.28376 6.29411 6.30474 6.31562 6.32671 6.33796 6.34933 6.36077 6.37223 6.38367 6.39502 6.40624 6.41727 6.42807 6.43858 6.44874 6.45851 6.46783 6.47667 6.48497 6.49269 6.49979 6.50623 6.51198 6.51702 6.5213 6.52482 6.52755 6.52947 6.53059 6.53088 6.53035 6.52901 6.52686 6.52391 6.52018 6.51569 6.51046 6.50453 6.49792 6.49068 6.48283 6.47442 6.4655 6.45611 6.44631 6.43613 6.42564 6.41488 6.40391 6.39278 6.38155 6.37026 6.35897 6.34772 6.33657 6.32556 6.31473 6.30413 6.29379 6.28376 6.27406 6.26473 6.2558 6.24728 6.23921 6.2316 6.22447 6.21784 6.21172 6.20611 6.20104 6.1965 6.1925 6.18905 6.18616 6.18381 6.18203 6.1808 6.18013 
6.17551 6.17598 6.17704 6.17869 6.18093 6.18375 6.18716 6.19114 6.1957 6.20084 6.20653 6.21278 6.21957 6.22689 6.23473 6.24306 6.25187 6.26114 6.27084 6.28093 6.2914 6.3022 6.31329 6.32464 6.33621 6.34794 6.3598 6.37172 6.38367 6.39558 6.4074 6.41909 6.43057 6.44181 6.45274 6.46331 6.47348 6.48317 6.49236 6.50099 6.50901 6.51639 6.52309 6.52907 6.53429 6.53875 6.5424 6.54523 6.54723 6.54838 6.54868 6.54813 6.54673 6.5445 6.54143 6.53755 6.53288 6.52745 6.52128 6.51441 6.50687 6.49871 6.48996 6.48068 6.47091 6.4607 6.45011 6.43918 6.42798 6.41655 6.40496 6.39325 6.38148 6.36971 6.35798 6.34634 6.33485 6.32355 6.31248 6.30169 6.29121 6.28108 6.27133 6.26199 6.25308 6.24464 6.23668 6.22922 6.22228 6.21587 6.21 6.20468 6.19993 6.19574 6.19213 6.18909 6.18663 6.18476 6.18347 6.18277 
6.17813 6.17862 6.17973 6.18145 6.18378 6.18673 6.19028 6.19444 6.1992 6.20456 6.2105 6.21702 6.22411 6.23175 6.23992 6.24862 6.2578 6.26747 6.27757 6.28809 6.299 6.31024 6.3218 6.33362 6.34565 6.35786 6.3702 6.3826 6.39502 6.4074 6.41969 6.43183 6.44377 6.45544 6.46679 6.47777 6.48831 6.49838 6.50791 6.51686 6.52519 6.53284 6.53978 6.54598 6.5514 6.55602 6.5598 6.56273 6.5648 6.566 6.56631 6.56574 6.56428 6.56196 6.55878 6.55475 6.54991 6.54427 6.53787 6.53074 6.52292 6.51444 6.50536 6.49573 6.48558 6.47498 6.46397 6.45262 6.44098 6.4291 6.41704 6.40486 6.39262 6.38037 6.36816 6.35605 6.34409 6.33232 6.32079 6.30954 6.29862 6.28806 6.27789 6.26815 6.25886 6.25005 6.24174 6.23396 6.22671 6.22001 6.21388 6.20832 6.20335 6.19898 6.1952 6.19202 6.18945 6.18749 6.18614 6.1854 
6.18074 6.18125 6.1824 6.18419 6.18662 6.18969 6.19339 6.19772 6.20268 6.20826 6.21445 6.22124 6.22862 6.23657 6.24508 6.25412 6.26368 6.27373 6.28425 6.29519 6.30652 6.31821 6.33022 6.3425 6.355 6.36768 6.38048 6.39335 6.40624 6.41909 6.43183 6.44442 6.4568 6.46889 6.48066 6.49203 6.50296 6.51338 6.52325 6.53252 6.54113 6.54906 6.55624 6.56266 6.56826 6.57304 6.57695 6.57999 6.58213 6.58336 6.58368 6.58308 6.58158 6.57917 6.57588 6.57171 6.5667 6.56086 6.55423 6.54684 6.53874 6.52996 6.52056 6.51057 6.50006 6.48907 6.47766 6.46589 6.45381 6.44149 6.42898 6.41634 6.40363 6.39091 6.37824 6.36566 6.35323 6.34099 6.32901 6.31732 6.30596 6.29497 6.28439 6.27425 6.26459 6.25541 6.24676 6.23865 6.2311 6.22412 6.21773 6.21194 6.20676 6.20219 6.19825 6.19493 6.19225 6.1902 6.18879 6.18802 
6.18332 6.18385 6.18504 6.1869 6.18942 6.19261 6.19646 6.20096 6.20612 6.21192 6.21835 6.2254 6.23307 6.24133 6.25016 6.25956 6.26949 6.27992 6.29083 6.30218 6.31394 6.32606 6.33851 6.35124 6.3642 6.37733 6.3906 6.40393 6.41727 6.43057 6.44377 6.4568 6.4696 6.48211 6.49428 6.50604 6.51733 6.52811 6.53831 6.54788 6.55678 6.56497 6.57239 6.57901 6.5848 6.58973 6.59377 6.59691 6.59911 6.60038 6.60071 6.6001 6.59854 6.59606 6.59265 6.58835 6.58316 6.57713 6.57028 6.56265 6.55427 6.5452 6.53547 6.52515 6.51427 6.5029 6.4911 6.47892 6.46642 6.45366 6.44071 6.42762 6.41446 6.40128 6.38815 6.37511 6.36222 6.34954 6.33711 6.32498 6.31319 6.30179 6.2908 6.28028 6.27023 6.26071 6.25172 6.24329 6.23543 6.22818 6.22154 6.21551 6.21012 6.20537 6.20127 6.19781 6.19502 6.19289 6.19142 6.19061 
6.18586 6.18641 6.18764 6.18957 6.19219 6.19549 6.19949 6.20416 6.2095 6.21551 6.22218 6.2295 6.23744 6.246 6.25516 6.2649 6.27518 6.28598 6.29728 6.30903 6.32121 6.33375 6.34664 6.3598 6.3732 6.38679 6.4005 6.41428 6.42807 6.44181 6.45544 6.46889 6.48211 6.49503 6.50758 6.51972 6.53137 6.54249 6.55301 6.56288 6.57206 6.5805 6.58815 6.59498 6.60095 6.60603 6.61019 6.61342 6.61569 6.617 6.61734 6.6167 6.6151 6.61253 6.60902 6.60458 6.59924 6.59301 6.58595 6.57808 6.56944 6.56007 6.55004 6.53938 6.52816 6.51642 6.50424 6.49166 6.47875 6.46557 6.45219 6.43866 6.42506 6.41143 6.39785 6.38436 6.37103 6.3579 6.34504 6.33248 6.32028 6.30847 6.29709 6.28618 6.27577 6.2659 6.25658 6.24784 6.23969 6.23217 6.22527 6.21902 6.21343 6.2085 6.20424 6.20065 6.19775 6.19553 6.194 6.19316 
6.18835 6.18891 6.19019 6.19218 6.19489 6.19832 6.20245 6.20728 6.21281 6.21903 6.22593 6.2335 6.24172 6.25057 6.26004 6.27011 6.28074 6.2919 6.30358 6.31572 6.32829 6.34125 6.35455 6.36814 6.38198 6.39599 6.41014 6.42435 6.43858 6.45274 6.46679 6.48066 6.49428 6.50758 6.52052 6.53302 6.54502 6.55646 6.56729 6.57745 6.5869 6.59558 6.60345 6.61048 6.61662 6.62184 6.62612 6.62944 6.63178 6.63312 6.63347 6.63281 6.63116 6.62852 6.62491 6.62034 6.61484 6.60843 6.60116 6.59306 6.58416 6.57452 6.56419 6.55322 6.54165 6.52956 6.51701 6.50404 6.49074 6.47715 6.46335 6.4494 6.43537 6.42131 6.40729 6.39337 6.37961 6.36606 6.35277 6.3398 6.32719 6.31498 6.30322 6.29194 6.28118 6.27097 6.26133 6.25228 6.24385 6.23607 6.22893 6.22246 6.21666 6.21155 6.20714 6.20343 6.20042 6.19812 6.19653 6.19566 
6.19078 6.19135 6.19267 6.19473 6.19753 6.20106 6.20533 6.21032 6.21603 6.22245 6.22957 6.23738 6.24587 6.25501 6.26478 6.27516 6.28613 6.29765 6.30968 6.3222 6.33516 6.34852 6.36222 6.37622 6.39047 6.40491 6.41947 6.4341 6.44874 6.46331 6.47777 6.49203 6.50604 6.51972 6.53302 6.54586 6.55819 6.56995 6.58108 6.59152 6.60122 6.61014 6.61822 6.62543 6.63174 6.6371 6.64149 6.6449 6.6473 6.64868 6.64903 6.64836 6.64666 6.64395 6.64024 6.63555 6.6299 6.62332 6.61585 6.60752 6.59838 6.58848 6.57786 6.56658 6.55469 6.54226 6.52935 6.51601 6.50233 6.48835 6.47415 6.45979 6.44534 6.43087 6.41643 6.40209 6.38791 6.37395 6.36026 6.34688 6.33388 6.32129 6.30916 6.29753 6.28643 6.27588 6.26593 6.2566 6.2479 6.23985 6.23248 6.22579 6.21981 6.21453 6.20997 6.20613 6.20302 6.20064 6.199 6.1981 
6.19312 6.19372 6.19507 6.19719 6.20008 6.20372 6.20811 6.21325 6.21914 6.22575 6.23309 6.24114 6.24988 6.25929 6.26935 6.28004 6.29133 6.30318 6.31557 6.32845 6.34178 6.35551 6.3696 6.384 6.39864 6.41348 6.42844 6.44347 6.45851 6.47348 6.48831 6.50296 6.51733 6.53137 6.54502 6.55819 6.57084 6.5829 6.59431 6.60502 6.61496 6.6241 6.63239 6.63978 6.64624 6.65174 6.65624 6.65973 6.66218 6.6636 6.66396 6.66327 6.66153 6.65875 6.65494 6.65013 6.64434 6.6376 6.62994 6.6214 6.61203 6.60187 6.59097 6.5794 6.56721 6.55445 6.5412 6.52751 6.51346 6.49911 6.48452 6.46978 6.45493 6.44006 6.42522 6.41048 6.39591 6.38155 6.36746 6.35371 6.34033 6.32738 6.31489 6.30291 6.29148 6.28063 6.27038 6.26076 6.25179 6.2435 6.23591 6.22902 6.22284 6.2174 6.2127 6.20874 6.20553 6.20308 6.20138 6.20045 
6.19537 6.19598 6.19738 6.19956 6.20252 6.20626 6.21078 6.21607 6.22212 6.22892 6.23647 6.24474 6.25372 6.26339 6.27373 6.28471 6.2963 6.30848 6.3212 6.33442 6.3481 6.3622 6.37666 6.39143 6.40645 6.42167 6.43701 6.45242 6.46783 6.48317 6.49838 6.51338 6.52811 6.54249 6.55646 6.56995 6.5829 6.59525 6.60693 6.61788 6.62806 6.63741 6.64589 6.65345 6.66006 6.66568 6.67028 6.67385 6.67636 6.67781 6.67818 6.67747 6.67569 6.67284 6.66895 6.66403 6.6581 6.6512 6.64336 6.63462 6.62503 6.61463 6.60348 6.59163 6.57914 6.56608 6.5525 6.53848 6.52408 6.50937 6.49442 6.47931 6.46409 6.44884 6.43362 6.4185 6.40354 6.3888 6.37435 6.36023 6.34649 6.33319 6.32037 6.30807 6.29632 6.28517 6.27463 6.26474 6.25553 6.24701 6.23919 6.23211 6.22576 6.22016 6.21532 6.21124 6.20794 6.20542 6.20367 6.20271 
6.19752 6.19815 6.19958 6.20181 6.20485 6.20869 6.21333 6.21875 6.22496 6.23194 6.23968 6.24816 6.25737 6.26729 6.27789 6.28914 6.30103 6.31351 6.32654 6.34009 6.35411 6.36855 6.38336 6.39848 6.41386 6.42943 6.44513 6.4609 6.47667 6.49236 6.50791 6.52325 6.53831 6.55301 6.56729 6.58108 6.59431 6.60693 6.61886 6.63005 6.64044 6.64999 6.65865 6.66637 6.67312 6.67886 6.68356 6.6872 6.68977 6.69124 6.69162 6.69089 6.68907 6.68617 6.68219 6.67716 6.67111 6.66406 6.65605 6.64713 6.63733 6.6267 6.61531 6.6032 6.59043 6.57708 6.5632 6.54886 6.53414 6.51909 6.5038 6.48833 6.47276 6.45715 6.44158 6.4261 6.41078 6.39569 6.38088 6.36642 6.35234 6.33871 6.32557 6.31296 6.30092 6.28948 6.27867 6.26853 6.25908 6.25034 6.24232 6.23505 6.22853 6.22278 6.21781 6.21363 6.21024 6.20765 6.20586 6.20487 
6.19955 6.20019 6.20165 6.20394 6.20706 6.21099 6.21573 6.22129 6.22764 6.23478 6.2427 6.25139 6.26081 6.27096 6.28181 6.29332 6.30548 6.31824 6.33157 6.34543 6.35976 6.37452 6.38965 6.4051 6.42082 6.43673 6.45276 6.46887 6.48497 6.50099 6.51686 6.53252 6.54788 6.56288 6.57745 6.59152 6.60502 6.61788 6.63005 6.64146 6.65206 6.66179 6.67062 6.67849 6.68536 6.69121 6.69601 6.69972 6.70233 6.70383 6.70421 6.70348 6.70162 6.69866 6.69461 6.68948 6.68331 6.67612 6.66796 6.65886 6.64886 6.63803 6.6264 6.61405 6.60103 6.5874 6.57324 6.55861 6.54358 6.52822 6.51261 6.49681 6.48091 6.46497 6.44905 6.43324 6.41759 6.40216 6.38703 6.37224 6.35785 6.34391 6.33047 6.31757 6.30524 6.29354 6.28248 6.2721 6.26243 6.25348 6.24527 6.23782 6.23115 6.22526 6.22017 6.21589 6.21241 6.20976 6.20792 6.2069 
6.20145 6.2021 6.2036 6.20594 6.20912 6.21313 6.21798 6.22366 6.23015 6.23744 6.24553 6.2544 6.26403 6.27439 6.28546 6.29722 6.30963 6.32266 6.33626 6.3504 6.36502 6.38008 6.39551 6.41127 6.4273 6.44352 6.45987 6.47628 6.49269 6.50901 6.52519 6.54113 6.55678 6.57206 6.5869 6.60122 6.61496 6.62806 6.64044 6.65206 6.66285 6.67275 6.68173 6.68974 6.69674 6.70269 6.70756 6.71134 6.714 6.71552 6.71591 6.71516 6.71327 6.71026 6.70613 6.70092 6.69464 6.68732 6.67901 6.66975 6.65958 6.64855 6.63671 6.62413 6.61087 6.597 6.58257 6.56767 6.55235 6.53671 6.5208 6.5047 6.48849 6.47224 6.45601 6.43988 6.42392 6.40819 6.39275 6.37766 6.36298 6.34875 6.33503 6.32186 6.30928 6.29733 6.28604 6.27544 6.26555 6.25641 6.24802 6.24041 6.23359 6.22758 6.22238 6.218 6.21444 6.21173 6.20985 6.20881 
6.20321 6.20387 6.2054 6.20778 6.21102 6.21512 6.22006 6.22585 6.23246 6.2399 6.24815 6.25719 6.267 6.27756 6.28884 6.30082 6.31346 6.32673 6.34059 6.35498 6.36987 6.3852 6.40091 6.41695 6.43326 6.44976 6.4664 6.4831 6.49979 6.51639 6.53284 6.54906 6.56497 6.5805 6.59558 6.61014 6.6241 6.63741 6.64999 6.66179 6.67275 6.68282 6.69194 6.70007 6.70718 6.71322 6.71817 6.72201 6.72471 6.72626 6.72665 6.72589 6.72397 6.72091 6.71672 6.71142 6.70504 6.69761 6.68917 6.67975 6.66942 6.65821 6.64618 6.6334 6.61992 6.60581 6.59115 6.57599 6.56042 6.54451 6.52833 6.51196 6.49546 6.47893 6.46241 6.446 6.42975 6.41374 6.39802 6.38265 6.3677 6.35321 6.33924 6.32582 6.313 6.30082 6.28932 6.27851 6.26844 6.25911 6.25057 6.24281 6.23585 6.22972 6.22441 6.21995 6.21632 6.21355 6.21163 6.21058 
6.20482 6.20549 6.20704 6.20947 6.21276 6.21693 6.22196 6.22784 6.23458 6.24214 6.25053 6.25972 6.2697 6.28044 6.29191 6.30409 6.31695 6.33043 6.34452 6.35915 6.37428 6.38985 6.40582 6.42211 6.43868 6.45544 6.47233 6.48929 6.50623 6.52309 6.53978 6.55624 6.57239 6.58815 6.60345 6.61822 6.63239 6.64589 6.65865 6.67062 6.68173 6.69194 6.70119 6.70944 6.71664 6.72277 6.72779 6.73167 6.73441 6.73598 6.73638 6.73561 6.73366 6.73056 6.72631 6.72094 6.71447 6.70693 6.69837 6.68882 6.67834 6.66697 6.65477 6.6418 6.62812 6.61381 6.59893 6.58355 6.56774 6.55159 6.53516 6.51854 6.50179 6.485 6.46823 6.45156 6.43505 6.41878 6.40281 6.38719 6.37199 6.35727 6.34306 6.32942 6.31639 6.304 6.2923 6.28131 6.27106 6.26158 6.25288 6.24499 6.23791 6.23167 6.22627 6.22173 6.21804 6.21522 6.21327 6.21219 
6.20626 6.20695 6.20852 6.21098 6.21433 6.21856 6.22366 6.22964 6.23647 6.24415 6.25267 6.262 6.27212 6.28302 6.29467 6.30702 6.32007 6.33375 6.34803 6.36287 6.37822 6.39401 6.4102 6.42673 6.44352 6.46051 6.47763 6.49482 6.51198 6.52907 6.54598 6.56266 6.57901 6.59498 6.61048 6.62543 6.63978 6.65345 6.66637 6.67849 6.68974 6.70007 6.70944 6.71778 6.72508 6.73128 6.73636 6.74029 6.74306 6.74465 6.74506 6.74427 6.7423 6.73916 6.73486 6.72942 6.72287 6.71524 6.70658 6.69691 6.68629 6.67478 6.66243 6.64929 6.63544 6.62094 6.60587 6.59029 6.57428 6.55791 6.54126 6.52442 6.50744 6.49042 6.47342 6.45652 6.43978 6.42328 6.40708 6.39125 6.37583 6.36089 6.34648 6.33264 6.31942 6.30685 6.29497 6.28382 6.27342 6.26379 6.25496 6.24695 6.23976 6.23343 6.22794 6.22333 6.21958 6.21672 6.21473 6.21364 
6.20754 6.20823 6.20982 6.21232 6.21571 6.21999 6.22517 6.23122 6.23814 6.24592 6.25455 6.264 6.27425 6.28529 6.29708 6.3096 6.3228 6.33666 6.35112 6.36614 6.38167 6.39766 6.41404 6.43076 6.44775 6.46494 6.48227 6.49965 6.51702 6.53429 6.5514 6.56826 6.5848 6.60095 6.61662 6.63174 6.64624 6.66006 6.67312 6.68536 6.69674 6.70718 6.71664 6.72508 6.73244 6.73871 6.74384 6.74782 6.75062 6.75222 6.75263 6.75184 6.74985 6.74668 6.74233 6.73683 6.73021 6.7225 6.71374 6.70397 6.69324 6.6816 6.66912 6.65584 6.64184 6.62718 6.61193 6.59618 6.57999 6.56343 6.5466 6.52955 6.51238 6.49516 6.47796 6.46086 6.44392 6.42723 6.41083 6.3948 6.3792 6.36407 6.34948 6.33547 6.32208 6.30935 6.29732 6.28602 6.27549 6.26573 6.25679 6.24867 6.24139 6.23497 6.22941 6.22473 6.22094 6.21803 6.21603 6.21491 
6.20863 6.20933 6.21094 6.21346 6.21689 6.22122 6.22645 6.23257 6.23957 6.24744 6.25615 6.26571 6.27607 6.28723 6.29915 6.31179 6.32514 6.33914 6.35375 6.36893 6.38462 6.40077 6.41732 6.4342 6.45136 6.46872 6.48622 6.50377 6.5213 6.53875 6.55602 6.57304 6.58973 6.60603 6.62184 6.6371 6.65174 6.66568 6.67886 6.69121 6.70269 6.71322 6.72277 6.73128 6.73871 6.74503 6.75021 6.75422 6.75704 6.75866 6.75908 6.75828 6.75627 6.75307 6.74868 6.74314 6.73646 6.72868 6.71984 6.70998 6.69915 6.68741 6.67481 6.66141 6.64728 6.63248 6.6171 6.60119 6.58485 6.56814 6.55114 6.53393 6.51659 6.4992 6.48183 6.46456 6.44745 6.43059 6.41403 6.39783 6.38207 6.36678 6.35204 6.33788 6.32435 6.31148 6.29933 6.28791 6.27726 6.2674 6.25835 6.25014 6.24279 6.23629 6.23067 6.22594 6.22211 6.21917 6.21714 6.21601 
6.20954 6.21025 6.21187 6.21441 6.21787 6.22224 6.22752 6.23369 6.24075 6.24869 6.25748 6.26712 6.27758 6.28883 6.30085 6.31361 6.32706 6.34118 6.35591 6.37122 6.38704 6.40332 6.42001 6.43703 6.45433 6.47183 6.48946 6.50715 6.52482 6.5424 6.5598 6.57695 6.59377 6.61019 6.62612 6.64149 6.65624 6.67028 6.68356 6.69601 6.70756 6.71817 6.72779 6.73636 6.74384 6.75021 6.75543 6.75946 6.76231 6.76394 6.76435 6.76355 6.76153 6.7583 6.75388 6.7483 6.74157 6.73374 6.72483 6.7149 6.704 6.69217 6.67947 6.66597 6.65173 6.63683 6.62133 6.6053 6.58883 6.57199 6.55486 6.53752 6.52004 6.50251 6.48501 6.46759 6.45035 6.43335 6.41665 6.40032 6.38442 6.36901 6.35414 6.33986 6.32621 6.31324 6.30098 6.28946 6.27872 6.26877 6.25965 6.25136 6.24394 6.23739 6.23172 6.22695 6.22307 6.22011 6.21806 6.21692 
6.21026 6.21097 6.2126 6.21516 6.21865 6.22305 6.22836 6.23458 6.24168 6.24967 6.25853 6.26823 6.27875 6.29008 6.30218 6.31502 6.32856 6.34277 6.3576 6.373 6.38892 6.40531 6.4221 6.43923 6.45663 6.47424 6.49198 6.50977 6.52755 6.54523 6.56273 6.57999 6.59691 6.61342 6.62944 6.6449 6.65973 6.67385 6.6872 6.69972 6.71134 6.72201 6.73167 6.74029 6.74782 6.75422 6.75946 6.76352 6.76638 6.76802 6.76844 6.76763 6.7656 6.76235 6.75791 6.75229 6.74553 6.73765 6.7287 6.71871 6.70775 6.69585 6.68308 6.66951 6.65519 6.6402 6.6246 6.60848 6.59192 6.57498 6.55775 6.5403 6.52272 6.50509 6.48747 6.46995 6.4526 6.43549 6.41869 6.40226 6.38626 6.37075 6.35578 6.34141 6.32767 6.31461 6.30227 6.29067 6.27986 6.26985 6.26066 6.25232 6.24485 6.23825 6.23254 6.22773 6.22384 6.22085 6.21878 6.21764 
6.21078 6.21149 6.21314 6.21571 6.21921 6.22363 6.22897 6.23521 6.24235 6.25038 6.25928 6.26902 6.2796 6.29098 6.30313 6.31603 6.32963 6.34391 6.3588 6.37427 6.39026 6.40672 6.42358 6.44078 6.45826 6.47594 6.49375 6.51162 6.52947 6.54723 6.5648 6.58213 6.59911 6.61569 6.63178 6.6473 6.66218 6.67636 6.68977 6.70233 6.714 6.72471 6.73441 6.74306 6.75062 6.75704 6.76231 6.76638 6.76925 6.7709 6.77131 6.7705 6.76846 6.7652 6.76075 6.75511 6.74832 6.74041 6.73142 6.7214 6.71038 6.69844 6.68562 6.67199 6.65762 6.64257 6.62691 6.61073 6.59409 6.57708 6.55978 6.54226 6.52461 6.5069 6.48921 6.47162 6.45419 6.43701 6.42013 6.40363 6.38756 6.37198 6.35695 6.34251 6.32871 6.31559 6.30319 6.29154 6.28068 6.27062 6.26139 6.25301 6.2455 6.23887 6.23314 6.22831 6.22439 6.22139 6.21931 6.21817 
6.2111 6.21182 6.21346 6.21604 6.21955 6.22399 6.22934 6.2356 6.24276 6.25081 6.25973 6.2695 6.2801 6.29151 6.30369 6.31662 6.33026 6.34457 6.3595 6.37501 6.39104 6.40754 6.42444 6.44168 6.4592 6.47693 6.49478 6.51269 6.53059 6.54838 6.566 6.58336 6.60038 6.617 6.63312 6.64868 6.6636 6.67781 6.69124 6.70383 6.71552 6.72626 6.73598 6.74465 6.75222 6.75866 6.76394 6.76802 6.7709 6.77255 6.77297 6.77215 6.77011 6.76684 6.76237 6.75672 6.74992 6.74199 6.73298 6.72293 6.7119 6.69993 6.68708 6.67342 6.65901 6.64393 6.62824 6.61202 6.59534 6.57829 6.56095 6.54339 6.5257 6.50795 6.49021 6.47258 6.45511 6.43789 6.42097 6.40443 6.38832 6.3727 6.35763 6.34315 6.32932 6.31617 6.30374 6.29206 6.28116 6.27108 6.26183 6.25343 6.24589 6.23925 6.2335 6.22866 6.22473 6.22172 6.21964 6.21849 
