5.7186 5.71878 5.71906 5.71943 5.71989 5.72045 5.72111 5.72186 5.7227 5.72365 5.72469 5.72583 5.72706 5.7284 5.72983 5.73136 5.73299 5.73471 5.73652 5.73842 5.74041 5.74248 5.74462 5.74683 5.74911 5.75144 5.75382 5.75624 5.75869 5.76115 5.76362 5.76608 5.76852 5.77093 5.7733 5.77561 5.77785 5.78 5.78206 5.784 5.78583 5.78752 5.78907 5.79046 5.79169 5.79275 5.79362 5.79432 5.79482 5.79514 5.79526 5.79518 5.79491 5.79445 5.7938 5.79297 5.79196 5.79078 5.78944 5.78795 5.78632 5.78455 5.78267 5.78068 5.7786 5.77643 5.7742 5.77192 5.76959 5.76724 5.76488 5.76251 5.76015 5.75782 5.75552 5.75326 5.75106 5.74892 5.74685 5.74485 5.74294 5.74112 5.73939 5.73775 5.73622 5.73478 5.73346 5.73223 5.73111 5.7301 5.72919 5.72838 5.72768 5.72709 5.72659 5.72619 5.72589 5.72569 5.72559 5.72558 
5.71878 5.71896 5.71924 5.71961 5.72008 5.72064 5.7213 5.72205 5.72291 5.72385 5.7249 5.72605 5.72729 5.72863 5.73008 5.73162 5.73325 5.73498 5.73681 5.73872 5.74073 5.74281 5.74497 5.7472 5.74949 5.75184 5.75424 5.75668 5.75914 5.76162 5.76411 5.76659 5.76905 5.77148 5.77386 5.77619 5.77844 5.78061 5.78268 5.78465 5.78648 5.78819 5.78975 5.79115 5.79239 5.79345 5.79434 5.79504 5.79555 5.79586 5.79598 5.7959 5.79563 5.79517 5.79451 5.79368 5.79266 5.79147 5.79012 5.78862 5.78697 5.78519 5.78329 5.78129 5.77919 5.77701 5.77476 5.77246 5.77012 5.76775 5.76536 5.76298 5.7606 5.75825 5.75594 5.75366 5.75144 5.74928 5.7472 5.74519 5.74326 5.74142 5.73968 5.73803 5.73649 5.73504 5.7337 5.73247 5.73134 5.73032 5.7294 5.72859 5.72789 5.72728 5.72678 5.72638 5.72608 5.72588 5.72577 5.72577 
5.71906 5.71924 5.71952 5.7199 5.72037 5.72094 5.72161 5.72238 5.72324 5.72421 5.72527 5.72644 5.7277 5.72907 5.73054 5.73211 5.73378 5.73554 5.7374 5.73935 5.74139 5.74351 5.74571 5.74799 5.75032 5.75272 5.75516 5.75764 5.76015 5.76268 5.76521 5.76774 5.77025 5.77272 5.77515 5.77752 5.77982 5.78203 5.78414 5.78614 5.78801 5.78974 5.79133 5.79276 5.79402 5.7951 5.796 5.79671 5.79723 5.79755 5.79767 5.79759 5.79731 5.79684 5.79617 5.79532 5.79428 5.79307 5.79169 5.79016 5.78848 5.78667 5.78474 5.78269 5.78055 5.77833 5.77604 5.77369 5.77131 5.76889 5.76646 5.76403 5.76161 5.75921 5.75685 5.75453 5.75227 5.75007 5.74794 5.74589 5.74392 5.74205 5.74027 5.73859 5.73701 5.73554 5.73417 5.73291 5.73176 5.73071 5.72978 5.72895 5.72823 5.72761 5.7271 5.72668 5.72638 5.72617 5.72606 5.72604 
5.71943 5.71961 5.7199 5.72028 5.72077 5.72135 5.72204 5.72282 5.72371 5.72471 5.7258 5.727 5.72831 5.72971 5.73123 5.73284 5.73456 5.73638 5.73829 5.7403 5.7424 5.74459 5.74686 5.7492 5.75161 5.75407 5.75659 5.75915 5.76173 5.76434 5.76694 5.76954 5.77213 5.77467 5.77717 5.77961 5.78197 5.78425 5.78642 5.78847 5.7904 5.79218 5.79381 5.79528 5.79658 5.79769 5.79861 5.79934 5.79987 5.8002 5.80033 5.80024 5.79996 5.79947 5.79878 5.7979 5.79683 5.79558 5.79416 5.79259 5.79086 5.78899 5.787 5.78489 5.78269 5.7804 5.77804 5.77562 5.77316 5.77068 5.76817 5.76567 5.76317 5.7607 5.75826 5.75587 5.75354 5.75127 5.74907 5.74696 5.74493 5.74299 5.74116 5.73942 5.73779 5.73627 5.73485 5.73355 5.73236 5.73128 5.73031 5.72945 5.7287 5.72806 5.72753 5.7271 5.72677 5.72655 5.72643 5.72642 
5.71989 5.72008 5.72037 5.72077 5.72127 5.72187 5.72258 5.7234 5.72432 5.72535 5.72649 5.72774 5.72909 5.73056 5.73213 5.73381 5.7356 5.73749 5.73949 5.74158 5.74377 5.74604 5.7484 5.75084 5.75334 5.75591 5.75853 5.76119 5.76388 5.76658 5.76929 5.772 5.77468 5.77733 5.77992 5.78246 5.78491 5.78727 5.78952 5.79166 5.79366 5.79551 5.7972 5.79872 5.80006 5.80122 5.80218 5.80293 5.80348 5.80382 5.80394 5.80386 5.80355 5.80304 5.80233 5.80141 5.8003 5.799 5.79753 5.79589 5.79409 5.79215 5.79008 5.78789 5.7856 5.78322 5.78076 5.77825 5.77569 5.7731 5.77049 5.76789 5.76529 5.76272 5.76018 5.75769 5.75526 5.75289 5.7506 5.74839 5.74628 5.74426 5.74234 5.74053 5.73883 5.73724 5.73576 5.7344 5.73315 5.73202 5.731 5.7301 5.72931 5.72864 5.72807 5.72762 5.72728 5.72704 5.72691 5.72689 
5.72045 5.72064 5.72094 5.72135 5.72187 5.7225 5.72324 5.7241 5.72507 5.72615 5.72734 5.72865 5.73007 5.73161 5.73326 5.73503 5.7369 5.73889 5.74098 5.74318 5.74548 5.74787 5.75035 5.7529 5.75553 5.75823 5.76097 5.76376 5.76658 5.76942 5.77226 5.7751 5.77791 5.78068 5.7834 5.78606 5.78863 5.7911 5.79346 5.79569 5.79778 5.79971 5.80148 5.80307 5.80448 5.80568 5.80668 5.80747 5.80804 5.80839 5.80852 5.80843 5.80811 5.80757 5.80682 5.80586 5.80469 5.80333 5.80179 5.80006 5.79818 5.79615 5.79397 5.79168 5.78928 5.78678 5.7842 5.78157 5.77888 5.77616 5.77343 5.77069 5.76796 5.76526 5.76259 5.75998 5.75742 5.75493 5.75252 5.7502 5.74797 5.74585 5.74383 5.74192 5.74012 5.73844 5.73688 5.73544 5.73412 5.73293 5.73185 5.73089 5.73006 5.72934 5.72874 5.72825 5.72788 5.72763 5.72748 5.72745 
5.72111 5.7213 5.72161 5.72204 5.72258 5.72324 5.72403 5.72493 5.72595 5.72709 5.72835 5.72973 5.73123 5.73286 5.73461 5.73648 5.73846 5.74057 5.74278 5.74511 5.74754 5.75007 5.75269 5.75539 5.75818 5.76102 5.76393 5.76687 5.76985 5.77285 5.77585 5.77885 5.78181 5.78474 5.78761 5.79041 5.79312 5.79572 5.79821 5.80056 5.80276 5.8048 5.80666 5.80834 5.80981 5.81108 5.81213 5.81296 5.81356 5.81392 5.81405 5.81395 5.81361 5.81305 5.81225 5.81123 5.81 5.80856 5.80693 5.80511 5.80312 5.80097 5.79868 5.79626 5.79372 5.79108 5.78836 5.78557 5.78274 5.77986 5.77697 5.77408 5.77119 5.76833 5.76551 5.76274 5.76003 5.75739 5.75484 5.75238 5.75001 5.74776 5.74561 5.74358 5.74167 5.73989 5.73822 5.73669 5.73528 5.73401 5.73286 5.73183 5.73094 5.73017 5.72952 5.729 5.7286 5.72831 5.72815 5.72811 
5.72186 5.72205 5.72238 5.72282 5.7234 5.7241 5.72493 5.72588 5.72696 5.72817 5.72952 5.73099 5.73259 5.73432 5.73618 5.73817 5.74029 5.74253 5.74489 5.74736 5.74995 5.75264 5.75543 5.75831 5.76127 5.7643 5.76739 5.77052 5.77369 5.77687 5.78006 5.78324 5.78639 5.7895 5.79254 5.79551 5.79838 5.80114 5.80378 5.80627 5.8086 5.81076 5.81273 5.8145 5.81606 5.8174 5.81851 5.81939 5.82002 5.8204 5.82054 5.82043 5.82006 5.81946 5.81861 5.81753 5.81622 5.81469 5.81296 5.81103 5.80892 5.80663 5.8042 5.80162 5.79893 5.79613 5.79323 5.79027 5.78725 5.7842 5.78112 5.77804 5.77497 5.77193 5.76892 5.76597 5.76308 5.76027 5.75755 5.75492 5.7524 5.74999 5.74769 5.74552 5.74348 5.74157 5.73979 5.73814 5.73663 5.73526 5.73402 5.73292 5.73196 5.73112 5.73042 5.72985 5.72941 5.7291 5.72892 5.72887 
5.7227 5.72291 5.72324 5.72371 5.72432 5.72507 5.72595 5.72696 5.72812 5.72941 5.73085 5.73242 5.73413 5.73599 5.73798 5.74011 5.74237 5.74477 5.74729 5.74994 5.75271 5.75559 5.75858 5.76166 5.76482 5.76806 5.77135 5.7747 5.77808 5.78148 5.78489 5.78828 5.79164 5.79495 5.79819 5.80136 5.80442 5.80736 5.81016 5.81281 5.81529 5.81759 5.81968 5.82157 5.82322 5.82465 5.82582 5.82675 5.82742 5.82782 5.82796 5.82784 5.82745 5.8268 5.8259 5.82474 5.82335 5.82172 5.81987 5.81781 5.81555 5.81312 5.81052 5.80777 5.80489 5.8019 5.79882 5.79565 5.79243 5.78917 5.78588 5.78259 5.7793 5.77605 5.77283 5.76967 5.76658 5.76357 5.76065 5.75783 5.75513 5.75254 5.75007 5.74774 5.74555 5.74349 5.74157 5.7398 5.73817 5.73669 5.73535 5.73416 5.73311 5.73221 5.73144 5.73082 5.73034 5.73 5.72979 5.72972 
5.72365 5.72385 5.72421 5.72471 5.72535 5.72615 5.72709 5.72817 5.72941 5.7308 5.73234 5.73403 5.73587 5.73786 5.74 5.74229 5.74472 5.74729 5.75001 5.75285 5.75583 5.75892 5.76212 5.76542 5.76882 5.77229 5.77583 5.77941 5.78304 5.78668 5.79032 5.79395 5.79755 5.80109 5.80456 5.80794 5.81121 5.81435 5.81735 5.82018 5.82283 5.82527 5.82751 5.82952 5.83128 5.8328 5.83405 5.83504 5.83575 5.83618 5.83632 5.83618 5.83577 5.83507 5.8341 5.83286 5.83136 5.82962 5.82764 5.82544 5.82302 5.82042 5.81764 5.8147 5.81161 5.80841 5.80511 5.80172 5.79826 5.79477 5.79124 5.78771 5.78419 5.78069 5.77724 5.77384 5.77052 5.76728 5.76414 5.76111 5.7582 5.75541 5.75275 5.75024 5.74787 5.74565 5.74357 5.74166 5.73989 5.73829 5.73684 5.73554 5.7344 5.73342 5.73258 5.7319 5.73137 5.73099 5.73076 5.73067 
5.72469 5.7249 5.72527 5.7258 5.72649 5.72734 5.72835 5.72952 5.73085 5.73234 5.73399 5.73581 5.73779 5.73994 5.74224 5.74471 5.74733 5.7501 5.75302 5.75609 5.75929 5.76262 5.76606 5.76962 5.77327 5.777 5.7808 5.78465 5.78854 5.79245 5.79637 5.80026 5.80412 5.80791 5.81163 5.81526 5.81876 5.82212 5.82533 5.82836 5.83119 5.83381 5.8362 5.83834 5.84023 5.84185 5.84319 5.84424 5.84499 5.84545 5.8456 5.84545 5.84499 5.84424 5.8432 5.84187 5.84027 5.83839 5.83627 5.83391 5.83132 5.82852 5.82554 5.82238 5.81908 5.81564 5.81209 5.80845 5.80474 5.80099 5.7972 5.7934 5.78961 5.78585 5.78214 5.77848 5.7749 5.77141 5.76803 5.76476 5.76161 5.7586 5.75573 5.75301 5.75045 5.74804 5.7458 5.74372 5.74181 5.74006 5.73849 5.73708 5.73583 5.73476 5.73384 5.7331 5.73251 5.73209 5.73182 5.73172 
5.72583 5.72605 5.72644 5.727 5.72774 5.72865 5.72973 5.73099 5.73242 5.73403 5.73581 5.73777 5.73991 5.74222 5.74471 5.74737 5.7502 5.75319 5.75634 5.75965 5.7631 5.76669 5.7704 5.77423 5.77816 5.78218 5.78627 5.79042 5.7946 5.79881 5.80301 5.80719 5.81134 5.81541 5.81941 5.82329 5.82705 5.83066 5.8341 5.83734 5.84038 5.84318 5.84574 5.84803 5.85005 5.85178 5.85321 5.85433 5.85513 5.85562 5.85578 5.85561 5.85512 5.85431 5.85319 5.85176 5.85004 5.84802 5.84574 5.8432 5.84042 5.83742 5.83422 5.83083 5.82728 5.82358 5.81977 5.81585 5.81186 5.80782 5.80374 5.79966 5.79558 5.79152 5.78752 5.78358 5.77972 5.77595 5.7723 5.76877 5.76537 5.76211 5.75901 5.75606 5.75329 5.75068 5.74824 5.74599 5.74391 5.74201 5.74029 5.73876 5.7374 5.73622 5.73523 5.7344 5.73376 5.73329 5.73299 5.73287 
5.72706 5.72729 5.7277 5.72831 5.72909 5.73007 5.73123 5.73259 5.73413 5.73587 5.73779 5.73991 5.74222 5.74472 5.7474 5.75027 5.75333 5.75656 5.75996 5.76353 5.76725 5.77112 5.77513 5.77926 5.78349 5.78782 5.79223 5.79669 5.8012 5.80572 5.81024 5.81474 5.81919 5.82358 5.82787 5.83204 5.83607 5.83994 5.84363 5.84711 5.85036 5.85337 5.85611 5.85857 5.86073 5.86258 5.86411 5.8653 5.86616 5.86667 5.86684 5.86665 5.86613 5.86525 5.86405 5.86251 5.86065 5.85849 5.85604 5.85331 5.85033 5.8471 5.84366 5.84001 5.83619 5.83222 5.82812 5.82391 5.81961 5.81526 5.81087 5.80647 5.80207 5.7977 5.79338 5.78913 5.78496 5.7809 5.77695 5.77313 5.76946 5.76594 5.76258 5.75939 5.75638 5.75355 5.75091 5.74845 5.7462 5.74413 5.74226 5.74059 5.73911 5.73782 5.73673 5.73583 5.73511 5.73459 5.73426 5.73411 
5.7284 5.72863 5.72907 5.72971 5.73056 5.73161 5.73286 5.73432 5.73599 5.73786 5.73994 5.74222 5.74472 5.74742 5.75032 5.75342 5.75672 5.76021 5.76388 5.76773 5.77175 5.77592 5.78024 5.78469 5.78926 5.79393 5.79867 5.80348 5.80833 5.8132 5.81806 5.8229 5.82768 5.83239 5.837 5.84148 5.84581 5.84996 5.85392 5.85765 5.86113 5.86435 5.86729 5.86992 5.87224 5.87421 5.87585 5.87713 5.87804 5.87859 5.87876 5.87856 5.87799 5.87705 5.87575 5.87409 5.8721 5.86978 5.86714 5.86421 5.861 5.85754 5.85383 5.84992 5.84581 5.84154 5.83713 5.8326 5.82798 5.82329 5.81857 5.81382 5.80909 5.80438 5.79972 5.79513 5.79064 5.78625 5.78198 5.77786 5.77388 5.77007 5.76643 5.76298 5.75972 5.75665 5.75378 5.75112 5.74867 5.74642 5.74439 5.74256 5.74095 5.73955 5.73835 5.73736 5.73658 5.736 5.73563 5.73546 
5.72983 5.73008 5.73054 5.73123 5.73213 5.73326 5.73461 5.73618 5.73798 5.74 5.74224 5.74471 5.7474 5.75032 5.75345 5.7568 5.76036 5.76413 5.76809 5.77225 5.77658 5.78108 5.78574 5.79053 5.79545 5.80048 5.80559 5.81076 5.81598 5.82121 5.82644 5.83164 5.83678 5.84184 5.84678 5.85159 5.85623 5.86069 5.86493 5.86893 5.87266 5.87611 5.87926 5.88207 5.88455 5.88667 5.88841 5.88978 5.89075 5.89133 5.89151 5.89129 5.89067 5.88966 5.88827 5.88649 5.88435 5.88186 5.87903 5.87588 5.87243 5.86871 5.86474 5.86053 5.85612 5.85153 5.84678 5.84191 5.83694 5.8319 5.82682 5.82171 5.81661 5.81154 5.80652 5.80157 5.79672 5.79199 5.78738 5.78293 5.77863 5.77451 5.77058 5.76684 5.76331 5.75998 5.75688 5.75399 5.75133 5.74889 5.74667 5.74469 5.74293 5.7414 5.74009 5.73901 5.73815 5.73751 5.7371 5.7369 
5.73136 5.73162 5.73211 5.73284 5.73381 5.73503 5.73648 5.73817 5.74011 5.74229 5.74471 5.74737 5.75027 5.75342 5.7568 5.76041 5.76425 5.76831 5.77259 5.77707 5.78174 5.78659 5.7916 5.79677 5.80206 5.80747 5.81296 5.81853 5.82413 5.82976 5.83537 5.84095 5.84647 5.85189 5.8572 5.86235 5.86733 5.87211 5.87665 5.88093 5.88493 5.88862 5.89198 5.895 5.89764 5.8999 5.90177 5.90322 5.90426 5.90488 5.90507 5.90483 5.90416 5.90307 5.90157 5.89967 5.89737 5.8947 5.89166 5.88829 5.88459 5.8806 5.87633 5.87182 5.86708 5.86215 5.85706 5.85183 5.84649 5.84108 5.83561 5.83012 5.82463 5.81917 5.81377 5.80844 5.80321 5.79811 5.79314 5.78833 5.7837 5.77925 5.775 5.77096 5.76714 5.76354 5.76018 5.75705 5.75416 5.75152 5.74911 5.74696 5.74504 5.74337 5.74195 5.74077 5.73982 5.73912 5.73866 5.73844 
5.73299 5.73325 5.73378 5.73456 5.7356 5.7369 5.73846 5.74029 5.74237 5.74472 5.74733 5.7502 5.75333 5.75672 5.76036 5.76425 5.76839 5.77277 5.77737 5.78219 5.78722 5.79243 5.79783 5.80338 5.80907 5.81488 5.82078 5.82676 5.83277 5.83881 5.84483 5.85081 5.85673 5.86254 5.86822 5.87374 5.87907 5.88418 5.88904 5.89362 5.89789 5.90184 5.90543 5.90865 5.91147 5.91389 5.91588 5.91743 5.91854 5.91919 5.91939 5.91913 5.91841 5.91724 5.91563 5.91359 5.91113 5.90827 5.90502 5.9014 5.89744 5.89316 5.88859 5.88376 5.87868 5.8734 5.86794 5.86233 5.8566 5.85079 5.84492 5.83902 5.83312 5.82726 5.82145 5.81572 5.8101 5.8046 5.79925 5.79407 5.78908 5.78428 5.7797 5.77534 5.77121 5.76732 5.76368 5.7603 5.75717 5.75431 5.7517 5.74936 5.74729 5.74547 5.74392 5.74263 5.74161 5.74084 5.74033 5.74008 
5.73471 5.73498 5.73554 5.73638 5.73749 5.73889 5.74057 5.74253 5.74477 5.74729 5.7501 5.75319 5.75656 5.76021 5.76413 5.76831 5.77277 5.77747 5.78242 5.7876 5.793 5.79861 5.8044 5.81036 5.81647 5.8227 5.82903 5.83543 5.84188 5.84835 5.8548 5.8612 5.86753 5.87375 5.87983 5.88573 5.89142 5.89688 5.90207 5.90696 5.91152 5.91574 5.91957 5.923 5.92601 5.92859 5.9307 5.93236 5.93353 5.93423 5.93443 5.93415 5.93338 5.93213 5.93041 5.92822 5.92559 5.92253 5.91905 5.91519 5.91095 5.90638 5.90149 5.89632 5.89088 5.88523 5.87938 5.87338 5.86724 5.86101 5.85472 5.8484 5.84208 5.83578 5.82955 5.8234 5.81736 5.81145 5.8057 5.80013 5.79476 5.78959 5.78465 5.77996 5.77551 5.77131 5.76739 5.76374 5.76036 5.75726 5.75444 5.75191 5.74966 5.74769 5.74601 5.74461 5.74349 5.74265 5.74209 5.74181 
5.73652 5.73681 5.7374 5.73829 5.73949 5.74098 5.74278 5.74489 5.74729 5.75001 5.75302 5.75634 5.75996 5.76388 5.76809 5.77259 5.77737 5.78242 5.78773 5.79329 5.79909 5.8051 5.81131 5.81769 5.82424 5.83091 5.83769 5.84454 5.85144 5.85835 5.86525 5.87209 5.87885 5.88549 5.89198 5.89828 5.90435 5.91017 5.91571 5.92092 5.92578 5.93027 5.93435 5.93801 5.94121 5.94395 5.9462 5.94796 5.94921 5.94994 5.95015 5.94985 5.94903 5.94769 5.94585 5.94352 5.94071 5.93744 5.93373 5.92961 5.92509 5.9202 5.91498 5.90946 5.90366 5.89762 5.89137 5.88495 5.87839 5.87173 5.865 5.85823 5.85146 5.84472 5.83804 5.83145 5.82497 5.81864 5.81247 5.80649 5.80072 5.79517 5.78986 5.78481 5.78002 5.77551 5.77129 5.76735 5.76371 5.76037 5.75733 5.75459 5.75216 5.75003 5.74821 5.74669 5.74547 5.74456 5.74395 5.74364 
5.73842 5.73872 5.73935 5.7403 5.74158 5.74318 5.74511 5.74736 5.74994 5.75285 5.75609 5.75965 5.76353 5.76773 5.77225 5.77707 5.78219 5.7876 5.79329 5.79925 5.80545 5.81188 5.81853 5.82536 5.83235 5.83948 5.84672 5.85404 5.86141 5.86879 5.87614 5.88344 5.89065 5.89773 5.90464 5.91135 5.91782 5.92402 5.9299 5.93545 5.94062 5.94539 5.94973 5.95362 5.95702 5.95993 5.96232 5.96418 5.96551 5.96628 5.96651 5.96618 5.9653 5.96387 5.96191 5.95943 5.95644 5.95296 5.94901 5.94461 5.9398 5.9346 5.92903 5.92314 5.91696 5.91052 5.90386 5.89701 5.89001 5.8829 5.87571 5.86849 5.86126 5.85405 5.84691 5.83986 5.83293 5.82615 5.81955 5.81314 5.80696 5.80101 5.79531 5.78989 5.78475 5.77991 5.77537 5.77113 5.76722 5.76362 5.76035 5.7574 5.75478 5.75248 5.75051 5.74887 5.74755 5.74656 5.7459 5.74555 
5.74041 5.74073 5.74139 5.7424 5.74377 5.74548 5.74754 5.74995 5.75271 5.75583 5.75929 5.7631 5.76725 5.77175 5.77658 5.78174 5.78722 5.793 5.79909 5.80545 5.81208 5.81895 5.82604 5.83333 5.84079 5.8484 5.85612 5.86392 5.87177 5.87963 5.88746 5.89523 5.9029 5.91043 5.91778 5.92491 5.93178 5.93836 5.94462 5.95051 5.956 5.96106 5.96566 5.96978 5.97339 5.97647 5.97901 5.98098 5.98238 5.9832 5.98343 5.98308 5.98214 5.98063 5.97854 5.9759 5.97272 5.96902 5.96482 5.96015 5.95504 5.94951 5.94359 5.93733 5.93076 5.9239 5.91681 5.90952 5.90207 5.8945 5.88684 5.87914 5.87143 5.86375 5.85613 5.8486 5.84121 5.83396 5.82691 5.82006 5.81344 5.80708 5.80099 5.79518 5.78968 5.78449 5.77962 5.77508 5.77088 5.76701 5.7635 5.76033 5.75751 5.75504 5.75292 5.75115 5.74973 5.74865 5.74793 5.74755 
5.74248 5.74281 5.74351 5.74459 5.74604 5.74787 5.75007 5.75264 5.75559 5.75892 5.76262 5.76669 5.77112 5.77592 5.78108 5.78659 5.79243 5.79861 5.8051 5.81188 5.81895 5.82627 5.83383 5.84159 5.84954 5.85763 5.86584 5.87414 5.88248 5.89083 5.89915 5.90741 5.91555 5.92354 5.93134 5.9389 5.94619 5.95317 5.9598 5.96603 5.97185 5.97721 5.98208 5.98644 5.99026 5.99352 5.9962 5.99829 5.99977 6.00063 6.00087 6.0005 5.9995 5.99789 5.99568 5.99288 5.98951 5.98559 5.98113 5.97618 5.97076 5.96489 5.95861 5.95197 5.94499 5.93772 5.93019 5.92244 5.91453 5.90648 5.89834 5.89015 5.88195 5.87377 5.86566 5.85765 5.84977 5.84205 5.83453 5.82723 5.82017 5.81338 5.80687 5.80067 5.79479 5.78924 5.78403 5.77917 5.77467 5.77054 5.76677 5.76337 5.76035 5.7577 5.75542 5.75352 5.75199 5.75083 5.75005 5.74963 
5.74462 5.74497 5.74571 5.74686 5.7484 5.75035 5.75269 5.75543 5.75858 5.76212 5.76606 5.7704 5.77513 5.78024 5.78574 5.7916 5.79783 5.8044 5.81131 5.81853 5.82604 5.83383 5.84186 5.85011 5.85855 5.86714 5.87586 5.88466 5.89351 5.90237 5.91119 5.91993 5.92856 5.93702 5.94528 5.95328 5.961 5.96838 5.97538 5.98198 5.98813 5.99379 5.99894 6.00354 6.00758 6.01102 6.01385 6.01605 6.01761 6.01851 6.01877 6.01836 6.01731 6.0156 6.01326 6.0103 6.00673 6.00258 5.99787 5.99263 5.98689 5.98068 5.97404 5.96701 5.95962 5.95191 5.94394 5.93573 5.92734 5.91881 5.91017 5.90148 5.89278 5.8841 5.87548 5.86697 5.8586 5.85039 5.84239 5.83462 5.82711 5.81988 5.81295 5.80634 5.80007 5.79415 5.78859 5.78341 5.7786 5.77418 5.77016 5.76652 5.76329 5.76045 5.75801 5.75597 5.75433 5.75309 5.75224 5.75179 
5.74683 5.7472 5.74799 5.7492 5.75084 5.7529 5.75539 5.75831 5.76166 5.76542 5.76962 5.77423 5.77926 5.78469 5.79053 5.79677 5.80338 5.81036 5.81769 5.82536 5.83333 5.84159 5.85011 5.85886 5.8678 5.87691 5.88614 5.89546 5.90482 5.91419 5.92352 5.93277 5.94188 5.95082 5.95954 5.968 5.97614 5.98393 5.99133 5.99828 6.00476 6.01074 6.01616 6.02102 6.02527 6.02889 6.03187 6.03418 6.03582 6.03678 6.03704 6.03661 6.03549 6.03369 6.03122 6.0281 6.02433 6.01995 6.01498 6.00945 6.00339 5.99683 5.98982 5.98239 5.97458 5.96644 5.95801 5.94933 5.94046 5.93143 5.9223 5.9131 5.90388 5.89469 5.88556 5.87653 5.86765 5.85895 5.85046 5.84222 5.83424 5.82656 5.81919 5.81217 5.8055 5.7992 5.79328 5.78776 5.78265 5.77794 5.77365 5.76977 5.76632 5.76329 5.76068 5.7585 5.75675 5.75541 5.7545 5.75402 
5.74911 5.74949 5.75032 5.75161 5.75334 5.75553 5.75818 5.76127 5.76482 5.76882 5.77327 5.77816 5.78349 5.78926 5.79545 5.80206 5.80907 5.81647 5.82424 5.83235 5.84079 5.84954 5.85855 5.8678 5.87726 5.88688 5.89664 5.90648 5.91637 5.92626 5.9361 5.94586 5.95547 5.9649 5.97409 5.98299 5.99157 5.99977 6.00756 6.01488 6.0217 6.02798 6.03369 6.03879 6.04326 6.04707 6.0502 6.05263 6.05435 6.05535 6.05562 6.05517 6.05399 6.0521 6.04949 6.0462 6.04224 6.03763 6.03239 6.02657 6.02018 6.01328 6.00589 5.99806 5.98983 5.98124 5.97235 5.9632 5.95384 5.94431 5.93466 5.92495 5.91521 5.9055 5.89585 5.88631 5.87691 5.8677 5.85872 5.84998 5.84153 5.83339 5.82558 5.81813 5.81106 5.80437 5.79809 5.79223 5.78679 5.78179 5.77722 5.7731 5.76943 5.7662 5.76343 5.7611 5.75923 5.75781 5.75683 5.75631 
5.75144 5.75184 5.75272 5.75407 5.75591 5.75823 5.76102 5.7643 5.76806 5.77229 5.777 5.78218 5.78782 5.79393 5.80048 5.80747 5.81488 5.8227 5.83091 5.83948 5.8484 5.85763 5.86714 5.87691 5.88688 5.89703 5.90732 5.91769 5.92811 5.93852 5.94889 5.95915 5.96926 5.97918 5.98884 5.99821 6.00722 6.01584 6.02401 6.0317 6.03886 6.04546 6.05145 6.0568 6.06149 6.06548 6.06876 6.07131 6.07311 6.07416 6.07444 6.07396 6.07272 6.07073 6.068 6.06454 6.06038 6.05553 6.05003 6.04391 6.0372 6.02995 6.02218 6.01395 6.00529 5.99626 5.98691 5.97728 5.96742 5.95739 5.94723 5.93699 5.92673 5.91649 5.90631 5.89625 5.88633 5.87661 5.86712 5.85789 5.84896 5.84036 5.8321 5.82422 5.81673 5.80965 5.803 5.79679 5.79103 5.78572 5.78088 5.77651 5.77261 5.76919 5.76624 5.76376 5.76177 5.76026 5.75922 5.75866 
5.75382 5.75424 5.75516 5.75659 5.75853 5.76097 5.76393 5.76739 5.77135 5.77583 5.7808 5.78627 5.79223 5.79867 5.80559 5.81296 5.82078 5.82903 5.83769 5.84672 5.85612 5.86584 5.87586 5.88614 5.89664 5.90732 5.91813 5.92904 5.93999 5.95093 5.96182 5.97259 5.98321 5.99361 6.00375 6.01357 6.02302 6.03206 6.04062 6.04868 6.05618 6.06309 6.06936 6.07496 6.07987 6.08405 6.08748 6.09015 6.09203 6.09312 6.09342 6.09291 6.09161 6.08952 6.08666 6.08303 6.07867 6.07359 6.06783 6.06141 6.05438 6.04677 6.03863 6.02999 6.02091 6.01144 6.00162 5.99151 5.98115 5.97061 5.95994 5.94918 5.93839 5.92762 5.91691 5.90631 5.89588 5.88564 5.87564 5.86592 5.8565 5.84742 5.83871 5.8304 5.82249 5.81502 5.80799 5.80143 5.79534 5.78973 5.7846 5.77998 5.77585 5.77222 5.7691 5.76648 5.76436 5.76275 5.76165 5.76105 
5.75624 5.75668 5.75764 5.75915 5.76119 5.76376 5.76687 5.77052 5.7747 5.77941 5.78465 5.79042 5.79669 5.80348 5.81076 5.81853 5.82676 5.83543 5.84454 5.85404 5.86392 5.87414 5.88466 5.89546 5.90648 5.91769 5.92904 5.94048 5.95196 5.96343 5.97484 5.98613 5.99725 6.00814 6.01875 6.02903 6.03892 6.04836 6.05732 6.06574 6.07358 6.0808 6.08735 6.09321 6.09833 6.1027 6.10628 6.10906 6.11103 6.11216 6.11247 6.11194 6.11058 6.10839 6.1054 6.10161 6.09704 6.09174 6.08571 6.079 6.07165 6.06368 6.05516 6.04612 6.03662 6.0267 6.01642 6.00583 5.99498 5.98393 5.97274 5.96146 5.95014 5.93883 5.92759 5.91647 5.90551 5.89475 5.88424 5.87402 5.86411 5.85457 5.8454 5.83664 5.82832 5.82044 5.81304 5.80612 5.7997 5.79378 5.78838 5.78349 5.77913 5.7753 5.772 5.76923 5.76699 5.76529 5.76412 5.76348 
5.75869 5.75914 5.76015 5.76173 5.76388 5.76658 5.76985 5.77369 5.77808 5.78304 5.78854 5.7946 5.8012 5.80833 5.81598 5.82413 5.83277 5.84188 5.85144 5.86141 5.87177 5.88248 5.89351 5.90482 5.91637 5.92811 5.93999 5.95196 5.96397 5.97597 5.9879 5.9997 6.01132 6.02269 6.03378 6.04451 6.05483 6.06469 6.07403 6.08282 6.09099 6.09852 6.10535 6.11145 6.11679 6.12134 6.12507 6.12797 6.13001 6.1312 6.13151 6.13096 6.12953 6.12725 6.12413 6.12018 6.11542 6.10988 6.10359 6.09659 6.08892 6.08061 6.07171 6.06228 6.05235 6.04199 6.03125 6.02018 6.00884 5.99728 5.98558 5.97377 5.96193 5.95009 5.93832 5.92667 5.91518 5.90391 5.89289 5.88216 5.87177 5.86175 5.85213 5.84293 5.83418 5.82591 5.81813 5.81085 5.80409 5.79787 5.79218 5.78704 5.78245 5.77841 5.77493 5.77201 5.76965 5.76785 5.76662 5.76594 
5.76115 5.76162 5.76268 5.76434 5.76658 5.76942 5.77285 5.77687 5.78148 5.78668 5.79245 5.79881 5.80572 5.8132 5.82121 5.82976 5.83881 5.84835 5.85835 5.86879 5.87963 5.89083 5.90237 5.91419 5.92626 5.93852 5.95093 5.96343 5.97597 5.98849 6.00093 6.01324 6.02535 6.03721 6.04876 6.05993 6.07068 6.08095 6.09068 6.09982 6.10833 6.11616 6.12326 6.12961 6.13516 6.13989 6.14377 6.14678 6.14891 6.15013 6.15046 6.14988 6.1484 6.14603 6.14277 6.13866 6.13371 6.12794 6.1214 6.11411 6.10612 6.09747 6.0882 6.07837 6.06803 6.05723 6.04603 6.03449 6.02266 6.01061 5.99839 5.98607 5.9737 5.96134 5.94904 5.93686 5.92486 5.91306 5.90154 5.89032 5.87944 5.86895 5.85887 5.84923 5.84006 5.83139 5.82323 5.8156 5.80851 5.80197 5.796 5.7906 5.78578 5.78154 5.77788 5.77481 5.77233 5.77043 5.76913 5.76842 
5.76362 5.76411 5.76521 5.76694 5.76929 5.77226 5.77585 5.78006 5.78489 5.79032 5.79637 5.80301 5.81024 5.81806 5.82644 5.83537 5.84483 5.8548 5.86525 5.87614 5.88746 5.89915 5.91119 5.92352 5.9361 5.94889 5.96182 5.97484 5.9879 6.00093 6.01388 6.02669 6.03929 6.05162 6.06363 6.07525 6.08642 6.09708 6.10719 6.11668 6.12552 6.13364 6.14102 6.1476 6.15336 6.15827 6.1623 6.16542 6.16762 6.16889 6.16923 6.16863 6.16709 6.16463 6.16125 6.15698 6.15183 6.14585 6.13905 6.13148 6.12318 6.11419 6.10456 6.09434 6.08359 6.07236 6.06071 6.0487 6.03639 6.02385 6.01113 5.99829 5.98541 5.97253 5.95971 5.94701 5.93448 5.92218 5.91015 5.89844 5.88708 5.87612 5.86559 5.85551 5.84593 5.83686 5.82832 5.82034 5.81292 5.80607 5.79982 5.79416 5.78911 5.78467 5.78083 5.77761 5.77501 5.77302 5.77165 5.7709 
5.76608 5.76659 5.76774 5.76954 5.772 5.7751 5.77885 5.78324 5.78828 5.79395 5.80026 5.80719 5.81474 5.8229 5.83164 5.84095 5.85081 5.8612 5.87209 5.88344 5.89523 5.90741 5.91993 5.93277 5.94586 5.95915 5.97259 5.98613 5.9997 6.01324 6.02669 6.03998 6.05306 6.06586 6.07832 6.09037 6.10195 6.11301 6.12348 6.13332 6.14248 6.15089 6.15853 6.16535 6.17132 6.1764 6.18056 6.18379 6.18607 6.18739 6.18774 6.18711 6.18552 6.18296 6.17946 6.17504 6.16971 6.16351 6.15646 6.14862 6.14001 6.13069 6.12071 6.11011 6.09896 6.0873 6.07521 6.06275 6.04997 6.03694 6.02372 6.01039 5.99699 5.9836 5.97027 5.95706 5.94402 5.93122 5.91869 5.90649 5.89466 5.88323 5.87225 5.86175 5.85176 5.84229 5.83338 5.82505 5.8173 5.81015 5.80362 5.79771 5.79243 5.78778 5.78377 5.7804 5.77768 5.7756 5.77416 5.77337 
5.76852 5.76905 5.77025 5.77213 5.77468 5.77791 5.78181 5.78639 5.79164 5.79755 5.80412 5.81134 5.81919 5.82768 5.83678 5.84647 5.85673 5.86753 5.87885 5.89065 5.9029 5.91555 5.92856 5.94188 5.95547 5.96926 5.98321 5.99725 6.01132 6.02535 6.03929 6.05306 6.06661 6.07986 6.09276 6.10523 6.11721 6.12865 6.13949 6.14966 6.15912 6.16783 6.17572 6.18277 6.18893 6.19418 6.19848 6.20182 6.20418 6.20554 6.20589 6.20524 6.2036 6.20096 6.19734 6.19276 6.18725 6.18084 6.17356 6.16544 6.15654 6.1469 6.13657 6.1256 6.11406 6.10199 6.08947 6.07656 6.06332 6.04982 6.03612 6.02229 6.0084 5.9945 5.98067 5.96696 5.95342 5.94012 5.92711 5.91443 5.90213 5.89026 5.87884 5.86791 5.85751 5.84766 5.83839 5.82971 5.82164 5.81419 5.80738 5.80122 5.79571 5.79087 5.78668 5.78317 5.78032 5.77815 5.77665 5.77583 
5.77093 5.77148 5.77272 5.77467 5.77733 5.78068 5.78474 5.7895 5.79495 5.80109 5.80791 5.81541 5.82358 5.83239 5.84184 5.85189 5.86254 5.87375 5.88549 5.89773 5.91043 5.92354 5.93702 5.95082 5.9649 5.97918 5.99361 6.00814 6.02269 6.03721 6.05162 6.06586 6.07986 6.09356 6.10688 6.11976 6.13213 6.14394 6.15512 6.16562 6.17539 6.18436 6.19251 6.19978 6.20613 6.21154 6.21598 6.21942 6.22185 6.22325 6.22361 6.22294 6.22124 6.21852 6.21479 6.21007 6.20438 6.19777 6.19025 6.18188 6.17269 6.16274 6.15207 6.14074 6.12882 6.11635 6.10342 6.09007 6.07638 6.06242 6.04825 6.03394 6.01957 6.00518 5.99086 5.97666 5.96264 5.94886 5.93537 5.92223 5.90947 5.89715 5.88531 5.87397 5.86317 5.85294 5.84331 5.83429 5.8259 5.81816 5.81109 5.80468 5.79895 5.79391 5.78956 5.7859 5.78294 5.78067 5.77911 5.77825 
5.7733 5.77386 5.77515 5.77717 5.77992 5.7834 5.78761 5.79254 5.79819 5.80456 5.81163 5.81941 5.82787 5.837 5.84678 5.8572 5.86822 5.87983 5.89198 5.90464 5.91778 5.93134 5.94528 5.95954 5.97409 5.98884 6.00375 6.01875 6.03378 6.04876 6.06363 6.07832 6.09276 6.10688 6.12061 6.13388 6.14663 6.1588 6.17032 6.18113 6.19118 6.20043 6.20881 6.21629 6.22283 6.2284 6.23296 6.2365 6.239 6.24044 6.24082 6.24013 6.23838 6.23557 6.23173 6.22687 6.22102 6.21421 6.20647 6.19784 6.18838 6.17813 6.16713 6.15546 6.14317 6.13032 6.11698 6.10321 6.08909 6.07469 6.06006 6.04529 6.03045 6.01559 6.00079 5.98612 5.97163 5.95738 5.94343 5.92983 5.91664 5.90389 5.89162 5.87988 5.8687 5.8581 5.84812 5.83877 5.83008 5.82205 5.81471 5.80807 5.80212 5.79689 5.79237 5.78858 5.7855 5.78315 5.78152 5.78063 
5.77561 5.77619 5.77752 5.77961 5.78246 5.78606 5.79041 5.79551 5.80136 5.80794 5.81526 5.82329 5.83204 5.84148 5.85159 5.86235 5.87374 5.88573 5.89828 5.91135 5.92491 5.9389 5.95328 5.968 5.98299 5.99821 6.01357 6.02903 6.04451 6.05993 6.07525 6.09037 6.10523 6.11976 6.13388 6.14753 6.16065 6.17315 6.185 6.19611 6.20644 6.21594 6.22455 6.23223 6.23895 6.24467 6.24936 6.25299 6.25556 6.25703 6.25742 6.25671 6.25491 6.25203 6.24808 6.24309 6.23708 6.23008 6.22213 6.21326 6.20353 6.19299 6.18169 6.16969 6.15704 6.14382 6.13009 6.11593 6.10139 6.08655 6.07149 6.05628 6.04098 6.02567 6.01042 5.99529 5.98034 5.96564 5.95125 5.93721 5.92359 5.91042 5.89775 5.88562 5.87407 5.86311 5.85279 5.84313 5.83414 5.82584 5.81824 5.81136 5.80521 5.7998 5.79512 5.79118 5.788 5.78556 5.78388 5.78295 
5.77785 5.77844 5.77982 5.78197 5.78491 5.78863 5.79312 5.79838 5.80442 5.81121 5.81876 5.82705 5.83607 5.84581 5.85623 5.86733 5.87907 5.89142 5.90435 5.91782 5.93178 5.94619 5.961 5.97614 5.99157 6.00722 6.02302 6.03892 6.05483 6.07068 6.08642 6.10195 6.11721 6.13213 6.14663 6.16065 6.1741 6.18694 6.19909 6.21049 6.22108 6.23082 6.23965 6.24753 6.25441 6.26028 6.26508 6.26881 6.27143 6.27295 6.27334 6.27262 6.27077 6.26782 6.26377 6.25865 6.25249 6.24531 6.23715 6.22806 6.21808 6.20726 6.19567 6.18335 6.17037 6.15679 6.1427 6.12814 6.11321 6.09797 6.08249 6.06685 6.05112 6.03537 6.01968 6.00411 5.98873 5.9736 5.95878 5.94432 5.93029 5.91672 5.90367 5.89116 5.87925 5.86795 5.85731 5.84734 5.83806 5.82949 5.82165 5.81455 5.8082 5.80261 5.79777 5.79371 5.79042 5.7879 5.78616 5.78519 
5.78 5.78061 5.78203 5.78425 5.78727 5.7911 5.79572 5.80114 5.80736 5.81435 5.82212 5.83066 5.83994 5.84996 5.86069 5.87211 5.88418 5.89688 5.91017 5.92402 5.93836 5.95317 5.96838 5.98393 5.99977 6.01584 6.03206 6.04836 6.06469 6.08095 6.09708 6.11301 6.12865 6.14394 6.1588 6.17315 6.18694 6.20008 6.21252 6.22419 6.23504 6.245 6.25404 6.2621 6.26915 6.27514 6.28006 6.28387 6.28656 6.28811 6.28851 6.28777 6.28588 6.28286 6.27872 6.27348 6.26717 6.25982 6.25147 6.24216 6.23195 6.22087 6.20899 6.19637 6.18308 6.16917 6.15472 6.1398 6.12449 6.10886 6.09299 6.07694 6.0608 6.04464 6.02853 6.01255 5.99675 5.98121 5.96598 5.95113 5.9367 5.92275 5.90933 5.89647 5.88421 5.87259 5.86164 5.85137 5.84182 5.833 5.82493 5.81761 5.81107 5.80531 5.80033 5.79614 5.79275 5.79015 5.78835 5.78736 
5.78206 5.78268 5.78414 5.78642 5.78952 5.79346 5.79821 5.80378 5.81016 5.81735 5.82533 5.8341 5.84363 5.85392 5.86493 5.87665 5.88904 5.90207 5.91571 5.9299 5.94462 5.9598 5.97538 5.99133 6.00756 6.02401 6.04062 6.05732 6.07403 6.09068 6.10719 6.12348 6.13949 6.15512 6.17032 6.185 6.19909 6.21252 6.22523 6.23716 6.24824 6.25842 6.26765 6.27588 6.28308 6.2892 6.29422 6.29812 6.30086 6.30244 6.30285 6.30209 6.30016 6.29708 6.29285 6.2875 6.28105 6.27355 6.26502 6.25551 6.24507 6.23375 6.22161 6.2087 6.19511 6.18089 6.16611 6.15085 6.13518 6.11919 6.10294 6.08651 6.06998 6.05343 6.03693 6.02055 6.00436 5.98843 5.97282 5.95759 5.94279 5.92849 5.91471 5.90152 5.88894 5.87701 5.86576 5.85522 5.8454 5.83634 5.82805 5.82053 5.81381 5.80788 5.80276 5.79846 5.79497 5.7923 5.79045 5.78942 
5.784 5.78465 5.78614 5.78847 5.79166 5.79569 5.80056 5.80627 5.81281 5.82018 5.82836 5.83734 5.84711 5.85765 5.86893 5.88093 5.89362 5.90696 5.92092 5.93545 5.95051 5.96603 5.98198 5.99828 6.01488 6.0317 6.04868 6.06574 6.08282 6.09982 6.11668 6.13332 6.14966 6.16562 6.18113 6.19611 6.21049 6.22419 6.23716 6.24932 6.26062 6.271 6.28041 6.28881 6.29614 6.30239 6.3075 6.31147 6.31426 6.31588 6.3163 6.31552 6.31355 6.31041 6.3061 6.30064 6.29407 6.28642 6.27772 6.26802 6.25737 6.24583 6.23344 6.22028 6.2064 6.19189 6.1768 6.16122 6.14522 6.12888 6.11228 6.0955 6.07861 6.0617 6.04483 6.02808 6.01152 5.99523 5.97926 5.96367 5.94853 5.93389 5.91978 5.90627 5.89339 5.88117 5.86964 5.85884 5.84879 5.8395 5.83099 5.82329 5.81639 5.81032 5.80507 5.80065 5.79707 5.79433 5.79243 5.79138 
5.78583 5.78648 5.78801 5.7904 5.79366 5.79778 5.80276 5.8086 5.81529 5.82283 5.83119 5.84038 5.85036 5.86113 5.87266 5.88493 5.89789 5.91152 5.92578 5.94062 5.956 5.97185 5.98813 6.00476 6.0217 6.03886 6.05618 6.07358 6.09099 6.10833 6.12552 6.14248 6.15912 6.17539 6.19118 6.20644 6.22108 6.23504 6.24824 6.26062 6.27212 6.28269 6.29227 6.30081 6.30827 6.31463 6.31983 6.32387 6.32671 6.32835 6.32878 6.32799 6.32599 6.32279 6.3184 6.31285 6.30617 6.29838 6.28952 6.27965 6.26881 6.25705 6.24444 6.23103 6.2169 6.20211 6.18674 6.17087 6.15456 6.13791 6.12098 6.10387 6.08665 6.06939 6.05218 6.03509 6.0182 6.00156 5.98526 5.96934 5.95388 5.93892 5.92451 5.91071 5.89754 5.88505 5.87327 5.86223 5.85195 5.84245 5.83375 5.82587 5.81881 5.81259 5.80722 5.8027 5.79904 5.79623 5.79429 5.79321 
5.78752 5.78819 5.78974 5.79218 5.79551 5.79971 5.8048 5.81076 5.81759 5.82527 5.83381 5.84318 5.85337 5.86435 5.87611 5.88862 5.90184 5.91574 5.93027 5.94539 5.96106 5.97721 5.99379 6.01074 6.02798 6.04546 6.06309 6.0808 6.09852 6.11616 6.13364 6.15089 6.16783 6.18436 6.20043 6.21594 6.23082 6.245 6.25842 6.271 6.28269 6.29342 6.30315 6.31183 6.31941 6.32587 6.33115 6.33525 6.33814 6.33981 6.34024 6.33944 6.33741 6.33416 6.3297 6.32406 6.31727 6.30936 6.30036 6.29033 6.27931 6.26737 6.25454 6.24092 6.22655 6.21151 6.19588 6.17973 6.16315 6.1462 6.12898 6.11157 6.09404 6.07647 6.05895 6.04155 6.02434 6.0074 5.99079 5.97457 5.95881 5.94356 5.92888 5.9148 5.90137 5.88864 5.87662 5.86535 5.85486 5.84517 5.8363 5.82825 5.82105 5.8147 5.80922 5.8046 5.80086 5.79799 5.79601 5.79491 
5.78907 5.78975 5.79133 5.79381 5.7972 5.80148 5.80666 5.81273 5.81968 5.82751 5.8362 5.84574 5.85611 5.86729 5.87926 5.89198 5.90543 5.91957 5.93435 5.94973 5.96566 5.98208 5.99894 6.01616 6.03369 6.05145 6.06936 6.08735 6.10535 6.12326 6.14102 6.15853 6.17572 6.19251 6.20881 6.22455 6.23965 6.25404 6.26765 6.28041 6.29227 6.30315 6.31302 6.32182 6.32951 6.33605 6.34141 6.34557 6.3485 6.35019 6.35063 6.34982 6.34776 6.34446 6.33994 6.33422 6.32734 6.31931 6.31019 6.30001 6.28884 6.27672 6.26371 6.24988 6.2353 6.22004 6.20417 6.18778 6.17094 6.15374 6.13625 6.11856 6.10075 6.0829 6.0651 6.04741 6.02992 6.0127 5.99581 5.97932 5.9633 5.94779 5.93285 5.91853 5.90486 5.8919 5.87967 5.8682 5.85752 5.84766 5.83862 5.83043 5.82309 5.81663 5.81104 5.80634 5.80253 5.79961 5.79758 5.79646 
5.79046 5.79115 5.79276 5.79528 5.79872 5.80307 5.80834 5.8145 5.82157 5.82952 5.83834 5.84803 5.85857 5.86992 5.88207 5.895 5.90865 5.923 5.93801 5.95362 5.96978 5.98644 6.00354 6.02102 6.03879 6.0568 6.07496 6.09321 6.11145 6.12961 6.1476 6.16535 6.18277 6.19978 6.21629 6.23223 6.24753 6.2621 6.27588 6.28881 6.30081 6.31183 6.32182 6.33073 6.33851 6.34514 6.35056 6.35477 6.35773 6.35944 6.35989 6.35907 6.35698 6.35365 6.34907 6.34329 6.33631 6.32819 6.31895 6.30865 6.29733 6.28506 6.27188 6.25788 6.24311 6.22765 6.21157 6.19496 6.1779 6.16046 6.14273 6.1248 6.10675 6.08865 6.07059 6.05266 6.03491 6.01744 6.00031 5.98357 5.96731 5.95157 5.9364 5.92186 5.90799 5.89483 5.88241 5.87076 5.85991 5.84989 5.8407 5.83238 5.82493 5.81836 5.81268 5.8079 5.80402 5.80106 5.799 5.79786 
5.79169 5.79239 5.79402 5.79658 5.80006 5.80448 5.80981 5.81606 5.82322 5.83128 5.84023 5.85005 5.86073 5.87224 5.88455 5.89764 5.91147 5.92601 5.94121 5.95702 5.97339 5.99026 6.00758 6.02527 6.04326 6.06149 6.07987 6.09833 6.11679 6.13516 6.15336 6.17132 6.18893 6.20613 6.22283 6.23895 6.25441 6.26915 6.28308 6.29614 6.30827 6.31941 6.32951 6.33851 6.34638 6.35307 6.35856 6.36281 6.3658 6.36753 6.36798 6.36715 6.36504 6.36167 6.35705 6.3512 6.34416 6.33594 6.32661 6.3162 6.30476 6.29235 6.27903 6.26487 6.24993 6.2343 6.21804 6.20124 6.18398 6.16634 6.14841 6.13026 6.11199 6.09368 6.0754 6.05725 6.03929 6.02159 6.00424 5.9873 5.97083 5.95488 5.93952 5.92479 5.91073 5.89739 5.88481 5.873 5.86201 5.85185 5.84254 5.8341 5.82654 5.81988 5.81412 5.80928 5.80535 5.80234 5.80025 5.79909 
5.79275 5.79345 5.7951 5.79769 5.80122 5.80568 5.81108 5.8174 5.82465 5.8328 5.84185 5.85178 5.86258 5.87421 5.88667 5.8999 5.91389 5.92859 5.94395 5.95993 5.97647 5.99352 6.01102 6.02889 6.04707 6.06548 6.08405 6.1027 6.12134 6.13989 6.15827 6.1764 6.19418 6.21154 6.2284 6.24467 6.26028 6.27514 6.2892 6.30239 6.31463 6.32587 6.33605 6.34514 6.35307 6.35982 6.36536 6.36964 6.37267 6.37441 6.37486 6.37402 6.3719 6.3685 6.36384 6.35794 6.35083 6.34254 6.33312 6.32262 6.31107 6.29855 6.28511 6.27082 6.25574 6.23996 6.22355 6.20659 6.18916 6.17135 6.15324 6.13492 6.11646 6.09796 6.0795 6.06116 6.04301 6.02514 6.0076 5.99048 5.97383 5.95771 5.94218 5.92729 5.91308 5.89959 5.88686 5.87492 5.8638 5.85353 5.84411 5.83557 5.82793 5.82119 5.81536 5.81046 5.80648 5.80344 5.80133 5.80015 
5.79362 5.79434 5.796 5.79861 5.80218 5.80668 5.81213 5.81851 5.82582 5.83405 5.84319 5.85321 5.86411 5.87585 5.88841 5.90177 5.91588 5.9307 5.9462 5.96232 5.97901 5.9962 6.01385 6.03187 6.0502 6.06876 6.08748 6.10628 6.12507 6.14377 6.1623 6.18056 6.19848 6.21598 6.23296 6.24936 6.26508 6.28006 6.29422 6.3075 6.31983 6.33115 6.34141 6.35056 6.35856 6.36536 6.37093 6.37525 6.37829 6.38004 6.3805 6.37966 6.37752 6.37409 6.3694 6.36345 6.35629 6.34795 6.33846 6.32788 6.31625 6.30363 6.29009 6.27569 6.26051 6.2446 6.22807 6.21097 6.19341 6.17546 6.1572 6.13873 6.12013 6.10148 6.08287 6.06437 6.04607 6.02804 6.01036 5.99309 5.9763 5.96004 5.94437 5.92935 5.91501 5.9014 5.88856 5.87651 5.86529 5.85491 5.84541 5.83679 5.82908 5.82227 5.81639 5.81144 5.80743 5.80435 5.80222 5.80103 
5.79432 5.79504 5.79671 5.79934 5.80293 5.80747 5.81296 5.81939 5.82675 5.83504 5.84424 5.85433 5.8653 5.87713 5.88978 5.90322 5.91743 5.93236 5.94796 5.96418 5.98098 5.99829 6.01605 6.03418 6.05263 6.07131 6.09015 6.10906 6.12797 6.14678 6.16542 6.18379 6.20182 6.21942 6.2365 6.25299 6.26881 6.28387 6.29812 6.31147 6.32387 6.33525 6.34557 6.35477 6.36281 6.36964 6.37525 6.37959 6.38265 6.38441 6.38487 6.38402 6.38187 6.37843 6.37371 6.36773 6.36053 6.35214 6.3426 6.33196 6.32026 6.30757 6.29396 6.27947 6.2642 6.2482 6.23157 6.21437 6.1967 6.17864 6.16028 6.14169 6.12297 6.10421 6.08548 6.06687 6.04845 6.03031 6.01251 5.99512 5.97822 5.96185 5.94608 5.93095 5.91652 5.90281 5.88988 5.87775 5.86645 5.856 5.84643 5.83775 5.82998 5.82313 5.8172 5.81222 5.80817 5.80507 5.80292 5.80173 
5.79482 5.79555 5.79723 5.79987 5.80348 5.80804 5.81356 5.82002 5.82742 5.83575 5.84499 5.85513 5.86616 5.87804 5.89075 5.90426 5.91854 5.93353 5.94921 5.96551 5.98238 5.99977 6.01761 6.03582 6.05435 6.07311 6.09203 6.11103 6.13001 6.14891 6.16762 6.18607 6.20418 6.22185 6.239 6.25556 6.27143 6.28656 6.30086 6.31426 6.32671 6.33814 6.3485 6.35773 6.3658 6.37267 6.37829 6.38265 6.38572 6.38749 6.38795 6.3871 6.38494 6.38148 6.37674 6.37075 6.36352 6.35509 6.34551 6.33483 6.32309 6.31035 6.29668 6.28213 6.2668 6.25074 6.23403 6.21677 6.19903 6.18089 6.16245 6.14378 6.12498 6.10614 6.08732 6.06863 6.05013 6.0319 6.01403 5.99656 5.97958 5.96314 5.94729 5.93209 5.91759 5.90382 5.89082 5.87863 5.86728 5.85678 5.84716 5.83844 5.83063 5.82374 5.81779 5.81278 5.80871 5.8056 5.80344 5.80224 
5.79514 5.79586 5.79755 5.8002 5.80382 5.80839 5.81392 5.8204 5.82782 5.83618 5.84545 5.85562 5.86667 5.87859 5.89133 5.90488 5.91919 5.93423 5.94994 5.96628 5.9832 6.00063 6.01851 6.03678 6.05535 6.07416 6.09312 6.11216 6.1312 6.15013 6.16889 6.18739 6.20554 6.22325 6.24044 6.25703 6.27295 6.28811 6.30244 6.31588 6.32835 6.33981 6.35019 6.35944 6.36753 6.37441 6.38004 6.38441 6.38749 6.38927 6.38973 6.38888 6.38671 6.38324 6.37849 6.37248 6.36524 6.35679 6.34719 6.33648 6.32472 6.31195 6.29824 6.28367 6.26829 6.2522 6.23545 6.21815 6.20036 6.18218 6.1637 6.14499 6.12614 6.10725 6.08839 6.06965 6.0511 6.03283 6.01491 5.9974 5.98037 5.96389 5.948 5.93276 5.91822 5.90442 5.89139 5.87916 5.86777 5.85725 5.8476 5.83886 5.83102 5.82412 5.81815 5.81312 5.80904 5.80592 5.80376 5.80255 
