4.98321 4.9834 4.98365 4.98397 4.98435 4.98481 4.98533 4.98592 4.98658 4.98732 4.98813 4.98902 4.98998 4.99103 4.99215 4.99336 4.99464 4.99601 4.99747 4.999 5.00061 5.0023 5.00407 5.0059 5.0078 5.00976 5.01177 5.01382 5.01591 5.01803 5.02017 5.02231 5.02445 5.02657 5.02866 5.03071 5.0327 5.03463 5.03647 5.03823 5.03988 5.04141 5.04282 5.04409 5.04521 5.04618 5.04699 5.04762 5.04809 5.04838 5.0485 5.04843 5.04819 5.04777 5.04718 5.04643 5.04551 5.04444 5.04322 5.04187 5.0404 5.03881 5.03711 5.03533 5.03346 5.03154 5.02956 5.02754 5.0255 5.02344 5.02138 5.01933 5.0173 5.0153 5.01335 5.01145 5.0096 5.00782 5.00611 5.00448 5.00293 5.00147 5.00009 4.99881 4.99762 4.99652 4.99551 4.9946 4.99377 4.99304 4.99239 4.99183 4.99135 4.99096 4.99064 4.9904 4.99023 4.99014 4.99012 4.99016 
4.9834 4.98358 4.98383 4.98415 4.98454 4.985 4.98552 4.98612 4.98678 4.98752 4.98834 4.98923 4.9902 4.99125 4.99239 4.9936 4.9949 4.99628 4.99774 4.99929 5.00091 5.00262 5.0044 5.00625 5.00816 5.01014 5.01217 5.01424 5.01635 5.01849 5.02064 5.0228 5.02496 5.0271 5.02921 5.03127 5.03329 5.03523 5.03709 5.03887 5.04053 5.04208 5.0435 5.04478 5.04591 5.04689 5.0477 5.04835 5.04882 5.04911 5.04923 5.04916 5.04892 5.04849 5.0479 5.04714 5.04621 5.04513 5.0439 5.04254 5.04105 5.03944 5.03773 5.03593 5.03405 5.03211 5.03011 5.02807 5.02601 5.02393 5.02185 5.01978 5.01774 5.01572 5.01375 5.01183 5.00996 5.00817 5.00644 5.0048 5.00324 5.00176 5.00037 4.99908 4.99788 4.99677 4.99575 4.99483 4.994 4.99326 4.9926 4.99204 4.99155 4.99115 4.99083 4.99059 4.99042 4.99032 4.9903 4.99035 
4.98365 4.98383 4.98409 4.98441 4.9848 4.98527 4.9858 4.98641 4.98709 4.98784 4.98867 4.98959 4.99058 4.99165 4.99281 4.99405 4.99538 4.99679 4.99829 4.99987 5.00154 5.00328 5.0051 5.00699 5.00896 5.01098 5.01305 5.01518 5.01734 5.01952 5.02173 5.02394 5.02615 5.02834 5.0305 5.03261 5.03467 5.03666 5.03857 5.04038 5.04208 5.04366 5.04511 5.04642 5.04758 5.04858 5.04941 5.05007 5.05055 5.05085 5.05097 5.0509 5.05065 5.05022 5.04961 5.04882 5.04788 5.04677 5.04551 5.04412 5.04259 5.04094 5.03919 5.03735 5.03543 5.03343 5.03139 5.0293 5.02719 5.02506 5.02293 5.02081 5.01872 5.01665 5.01463 5.01266 5.01075 5.00891 5.00715 5.00546 5.00386 5.00235 5.00092 4.9996 4.99836 4.99722 4.99618 4.99523 4.99438 4.99361 4.99294 4.99236 4.99186 4.99145 4.99112 4.99086 4.99069 4.99058 4.99056 4.9906 
4.98397 4.98415 4.98441 4.98474 4.98514 4.98562 4.98617 4.98679 4.9875 4.98828 4.98914 4.99008 4.99111 4.99222 4.99342 4.99471 4.99609 4.99755 4.99911 5.00075 5.00248 5.00429 5.00618 5.00815 5.01018 5.01228 5.01443 5.01664 5.01888 5.02115 5.02344 5.02573 5.02802 5.03029 5.03253 5.03472 5.03686 5.03892 5.04089 5.04277 5.04453 5.04617 5.04767 5.04903 5.05023 5.05126 5.05212 5.0528 5.0533 5.0536 5.05372 5.05365 5.05339 5.05294 5.0523 5.05149 5.05051 5.04936 5.04806 5.04661 5.04502 5.04332 5.0415 5.03959 5.03759 5.03552 5.0334 5.03124 5.02904 5.02684 5.02462 5.02243 5.02025 5.0181 5.016 5.01396 5.01197 5.01006 5.00822 5.00647 5.0048 5.00323 5.00174 5.00036 4.99907 4.99789 4.9968 4.99581 4.99491 4.99412 4.99341 4.9928 4.99228 4.99184 4.99149 4.99122 4.99103 4.99092 4.99088 4.99092 
4.98435 4.98454 4.9848 4.98514 4.98556 4.98605 4.98663 4.98728 4.98801 4.98883 4.98973 4.99072 4.9918 4.99297 4.99423 4.99558 4.99703 4.99857 5.0002 5.00193 5.00374 5.00565 5.00764 5.0097 5.01184 5.01405 5.01631 5.01862 5.02098 5.02336 5.02577 5.02817 5.03058 5.03296 5.0353 5.0376 5.03984 5.042 5.04407 5.04604 5.04788 5.0496 5.05117 5.05259 5.05384 5.05492 5.05582 5.05653 5.05705 5.05737 5.05749 5.05741 5.05714 5.05666 5.056 5.05514 5.05411 5.0529 5.05154 5.05001 5.04835 5.04656 5.04466 5.04265 5.04055 5.03838 5.03615 5.03388 5.03157 5.02925 5.02693 5.02462 5.02233 5.02007 5.01787 5.01571 5.01362 5.01161 5.00967 5.00782 5.00607 5.0044 5.00284 5.00138 5.00002 4.99876 4.99761 4.99656 4.99561 4.99476 4.99401 4.99336 4.9928 4.99233 4.99195 4.99166 4.99145 4.99132 4.99128 4.99131 
4.98481 4.985 4.98527 4.98562 4.98605 4.98657 4.98717 4.98786 4.98864 4.9895 4.99045 4.9915 4.99264 4.99388 4.99522 4.99666 4.9982 4.99984 5.00157 5.00341 5.00534 5.00736 5.00947 5.01167 5.01394 5.01628 5.01869 5.02114 5.02364 5.02617 5.02872 5.03127 5.03382 5.03634 5.03883 5.04126 5.04363 5.04592 5.04811 5.05019 5.05214 5.05395 5.05562 5.05711 5.05844 5.05958 5.06053 5.06127 5.06182 5.06215 5.06228 5.06219 5.0619 5.06139 5.06068 5.05978 5.05868 5.0574 5.05595 5.05434 5.05258 5.05068 5.04866 5.04653 5.04431 5.04201 5.03964 5.03723 5.03478 5.03232 5.02985 5.0274 5.02497 5.02257 5.02022 5.01793 5.01571 5.01356 5.0115 5.00953 5.00765 5.00588 5.00421 5.00265 5.00119 4.99985 4.99861 4.99749 4.99647 4.99555 4.99475 4.99404 4.99343 4.99292 4.99251 4.99218 4.99195 4.9918 4.99174 4.99177 
4.98533 4.98552 4.9858 4.98617 4.98663 4.98717 4.98781 4.98854 4.98937 4.99029 4.99131 4.99243 4.99365 4.99498 4.99642 4.99796 4.9996 5.00136 5.00322 5.00519 5.00726 5.00943 5.01169 5.01405 5.01648 5.01899 5.02157 5.0242 5.02687 5.02958 5.0323 5.03503 5.03775 5.04045 5.04311 5.04571 5.04823 5.05067 5.05301 5.05522 5.05731 5.05924 5.06101 5.0626 5.06401 5.06522 5.06623 5.06702 5.0676 5.06795 5.06808 5.06799 5.06767 5.06713 5.06637 5.0654 5.06423 5.06286 5.06131 5.05959 5.05771 5.05568 5.05352 5.05124 5.04886 5.0464 5.04387 5.04129 5.03868 5.03604 5.0334 5.03077 5.02816 5.02559 5.02307 5.02061 5.01823 5.01592 5.0137 5.01158 5.00957 5.00766 5.00586 5.00417 5.0026 5.00115 4.99981 4.99859 4.99748 4.99649 4.99561 4.99484 4.99417 4.99361 4.99315 4.99279 4.99253 4.99236 4.99228 4.9923 
4.98592 4.98612 4.98641 4.98679 4.98728 4.98786 4.98854 4.98932 4.99021 4.9912 4.9923 4.99351 4.99483 4.99626 4.99781 4.99947 5.00125 5.00315 5.00516 5.00728 5.00952 5.01186 5.0143 5.01684 5.01947 5.02218 5.02495 5.02779 5.03067 5.03358 5.03652 5.03946 5.04238 5.04528 5.04814 5.05093 5.05365 5.05627 5.05877 5.06115 5.06338 5.06545 5.06735 5.06906 5.07056 5.07186 5.07294 5.07378 5.0744 5.07478 5.07491 5.0748 5.07446 5.07387 5.07306 5.07201 5.07075 5.06928 5.06761 5.06576 5.06373 5.06155 5.05923 5.05678 5.05422 5.05157 5.04885 5.04607 5.04325 5.04041 5.03757 5.03473 5.03192 5.02914 5.02642 5.02377 5.02119 5.01869 5.01629 5.014 5.01181 5.00974 5.00779 5.00595 5.00425 5.00266 5.00121 4.99987 4.99866 4.99758 4.99661 4.99576 4.99503 4.99441 4.9939 4.99349 4.99319 4.99299 4.99289 4.99289 
4.98658 4.98678 4.98709 4.9875 4.98801 4.98864 4.98937 4.99021 4.99117 4.99224 4.99342 4.99473 4.99616 4.99772 4.9994 5.0012 5.00314 5.0052 5.00738 5.00969 5.01211 5.01466 5.01731 5.02006 5.02291 5.02584 5.02885 5.03192 5.03504 5.0382 5.04137 5.04455 5.04771 5.05084 5.05393 5.05694 5.05987 5.0627 5.0654 5.06796 5.07037 5.0726 5.07464 5.07648 5.0781 5.07949 5.08065 5.08156 5.08221 5.08261 5.08275 5.08264 5.08226 5.08162 5.08074 5.07961 5.07825 5.07666 5.07486 5.07285 5.07067 5.06831 5.0658 5.06315 5.06039 5.05752 5.05458 5.05157 5.04852 5.04544 5.04236 5.03928 5.03624 5.03323 5.03028 5.02739 5.02459 5.02188 5.01927 5.01677 5.01439 5.01213 5.01 5.008 5.00613 5.0044 5.0028 5.00134 5.00001 4.99881 4.99775 4.99681 4.996 4.9953 4.99473 4.99427 4.99393 4.9937 4.99358 4.99357 
4.98732 4.98752 4.98784 4.98828 4.98883 4.9895 4.99029 4.9912 4.99224 4.9934 4.99469 4.99611 4.99767 4.99936 5.00119 5.00316 5.00527 5.00751 5.00989 5.01241 5.01505 5.01782 5.02071 5.0237 5.0268 5.03 5.03327 5.0366 5.03999 5.04342 5.04686 5.05031 5.05374 5.05714 5.06048 5.06374 5.06692 5.06997 5.0729 5.07567 5.07826 5.08067 5.08288 5.08486 5.08661 5.08811 5.08935 5.09033 5.09104 5.09147 5.09162 5.09148 5.09107 5.09038 5.08942 5.08819 5.08672 5.08499 5.08304 5.08087 5.0785 5.07594 5.07322 5.07035 5.06735 5.06425 5.06105 5.05779 5.05448 5.05113 5.04778 5.04444 5.04112 5.03785 5.03464 5.0315 5.02844 5.02548 5.02264 5.01991 5.0173 5.01483 5.0125 5.01031 5.00826 5.00636 5.0046 5.00299 5.00153 5.0002 4.99902 4.99798 4.99708 4.99631 4.99566 4.99515 4.99476 4.99449 4.99434 4.99431 
4.98813 4.98834 4.98867 4.98914 4.98973 4.99045 4.99131 4.9923 4.99342 4.99469 4.9961 4.99765 4.99935 5.0012 5.0032 5.00535 5.00765 5.0101 5.0127 5.01545 5.01833 5.02136 5.02451 5.02778 5.03116 5.03464 5.0382 5.04183 5.04552 5.04925 5.053 5.05674 5.06047 5.06416 5.06779 5.07133 5.07477 5.07809 5.08125 5.08425 5.08707 5.08967 5.09206 5.0942 5.09609 5.09771 5.09906 5.10011 5.10087 5.10133 5.10149 5.10134 5.10088 5.10013 5.09909 5.09776 5.09615 5.09428 5.09216 5.0898 5.08723 5.08445 5.0815 5.07838 5.07512 5.07175 5.06827 5.06473 5.06112 5.05749 5.05384 5.0502 5.04658 5.04301 5.03951 5.03608 5.03274 5.02951 5.0264 5.02341 5.02056 5.01785 5.01529 5.01288 5.01063 5.00854 5.0066 5.00483 5.00321 5.00175 5.00044 4.99928 4.99828 4.99741 4.99669 4.99611 4.99567 4.99536 4.99518 4.99513 
4.98902 4.98923 4.98959 4.99008 4.99072 4.9915 4.99243 4.99351 4.99473 4.99611 4.99765 4.99935 5.0012 5.00323 5.00541 5.00776 5.01028 5.01296 5.01581 5.01881 5.02197 5.02527 5.02871 5.03228 5.03597 5.03977 5.04365 5.04761 5.05163 5.05569 5.05977 5.06385 5.0679 5.07191 5.07585 5.0797 5.08344 5.08703 5.09047 5.09372 5.09677 5.0996 5.10218 5.1045 5.10654 5.1083 5.10975 5.11088 5.1117 5.1122 5.11236 5.11219 5.1117 5.11088 5.10974 5.10829 5.10655 5.10451 5.10221 5.09965 5.09685 5.09384 5.09063 5.08724 5.0837 5.08002 5.07624 5.07238 5.06846 5.0645 5.06052 5.05655 5.05261 5.04871 5.04489 5.04114 5.03749 5.03396 5.03055 5.02728 5.02415 5.02118 5.01837 5.01573 5.01325 5.01095 5.00881 5.00685 5.00507 5.00345 5.002 5.00072 4.99959 4.99863 4.99782 4.99717 4.99667 4.99631 4.9961 4.99603 
4.98998 4.9902 4.99058 4.99111 4.9918 4.99264 4.99365 4.99483 4.99616 4.99767 4.99935 5.0012 5.00324 5.00545 5.00784 5.01041 5.01317 5.0161 5.01921 5.0225 5.02595 5.02956 5.03332 5.03722 5.04125 5.04539 5.04963 5.05394 5.05832 5.06275 5.06719 5.07162 5.07603 5.08039 5.08467 5.08885 5.09291 5.09681 5.10054 5.10406 5.10737 5.11043 5.11322 5.11573 5.11795 5.11984 5.12141 5.12264 5.12352 5.12405 5.12422 5.12403 5.12349 5.1226 5.12136 5.11979 5.11789 5.11568 5.11318 5.1104 5.10736 5.10408 5.10059 5.09691 5.09306 5.08907 5.08495 5.08075 5.07648 5.07216 5.06783 5.0635 5.0592 5.05495 5.05077 5.04668 5.0427 5.03883 5.0351 5.03152 5.02809 5.02483 5.02175 5.01884 5.01612 5.01358 5.01123 5.00907 5.0071 5.00531 5.00371 5.00228 5.00103 4.99996 4.99906 4.99832 4.99775 4.99734 4.99709 4.997 
4.99103 4.99125 4.99165 4.99222 4.99297 4.99388 4.99498 4.99626 4.99772 4.99936 5.0012 5.00323 5.00545 5.00787 5.01048 5.0133 5.01631 5.01952 5.02292 5.02651 5.03028 5.03423 5.03833 5.04259 5.04698 5.0515 5.05612 5.06082 5.06559 5.0704 5.07524 5.08006 5.08485 5.08959 5.09424 5.09877 5.10317 5.1074 5.11144 5.11526 5.11884 5.12216 5.12518 5.1279 5.13029 5.13234 5.13403 5.13535 5.1363 5.13687 5.13705 5.13685 5.13625 5.13528 5.13394 5.13223 5.13017 5.12777 5.12506 5.12204 5.11874 5.11518 5.11139 5.10739 5.10321 5.09887 5.0944 5.08982 5.08518 5.08048 5.07576 5.07105 5.06636 5.06173 5.05717 5.0527 5.04835 5.04412 5.04004 5.03612 5.03237 5.0288 5.02542 5.02223 5.01924 5.01645 5.01386 5.01148 5.00931 5.00733 5.00556 5.00398 5.00259 5.0014 5.00039 4.99957 4.99893 4.99846 4.99817 4.99806 
4.99215 4.99239 4.99281 4.99342 4.99423 4.99522 4.99642 4.99781 4.9994 5.00119 5.0032 5.00541 5.00784 5.01048 5.01335 5.01642 5.01971 5.02322 5.02694 5.03085 5.03497 5.03927 5.04375 5.04839 5.05318 5.0581 5.06312 5.06824 5.07343 5.07866 5.08391 5.08915 5.09435 5.09949 5.10453 5.10945 5.11422 5.1188 5.12317 5.12731 5.13118 5.13476 5.13803 5.14097 5.14355 5.14576 5.14759 5.14901 5.15004 5.15064 5.15083 5.15061 5.14996 5.14891 5.14745 5.14559 5.14336 5.14076 5.13782 5.13455 5.13097 5.12711 5.123 5.11866 5.11412 5.10941 5.10456 5.09959 5.09454 5.08944 5.08431 5.07918 5.07408 5.06904 5.06407 5.0592 5.05445 5.04984 5.04538 5.0411 5.03699 5.03309 5.02938 5.02589 5.02261 5.01955 5.01671 5.01409 5.01169 5.00951 5.00755 5.00581 5.00428 5.00295 5.00183 5.00092 5.00019 4.99967 4.99934 4.99919 
4.99336 4.9936 4.99405 4.99471 4.99558 4.99666 4.99796 4.99947 5.0012 5.00316 5.00535 5.00776 5.01041 5.0133 5.01642 5.01978 5.02337 5.0272 5.03125 5.03552 5.04 5.04469 5.04957 5.05462 5.05982 5.06517 5.07064 5.0762 5.08183 5.08751 5.0932 5.09888 5.10452 5.11009 5.11555 5.12087 5.12602 5.13098 5.13571 5.14018 5.14436 5.14822 5.15175 5.15492 5.1577 5.16008 5.16205 5.16359 5.16468 5.16534 5.16554 5.16529 5.16459 5.16344 5.16186 5.15985 5.15744 5.15463 5.15144 5.1479 5.14403 5.13986 5.13541 5.13071 5.12579 5.12069 5.11543 5.11004 5.10457 5.09903 5.09346 5.08789 5.08235 5.07686 5.07146 5.06616 5.06099 5.05596 5.05111 5.04643 5.04196 5.03769 5.03364 5.02982 5.02623 5.02287 5.01976 5.01688 5.01425 5.01186 5.0097 5.00778 5.00609 5.00462 5.00338 5.00236 5.00155 5.00096 5.00058 5.00041 
4.99464 4.9949 4.99538 4.99609 4.99703 4.9982 4.9996 5.00125 5.00314 5.00527 5.00765 5.01028 5.01317 5.01631 5.01971 5.02337 5.02728 5.03145 5.03586 5.04051 5.04538 5.05048 5.05578 5.06126 5.06692 5.07272 5.07865 5.08468 5.09078 5.09693 5.1031 5.10924 5.11534 5.12136 5.12726 5.13301 5.13857 5.14392 5.14902 5.15384 5.15834 5.16251 5.16631 5.16972 5.17271 5.17528 5.17739 5.17904 5.18022 5.18092 5.18113 5.18085 5.18009 5.17885 5.17715 5.17498 5.17237 5.16934 5.1659 5.16207 5.1579 5.15339 5.14858 5.1435 5.13819 5.13267 5.12698 5.12116 5.11523 5.10923 5.1032 5.09716 5.09115 5.0852 5.07934 5.07358 5.06796 5.0625 5.05722 5.05213 5.04725 5.0426 5.03818 5.03401 5.03009 5.02642 5.02302 5.01987 5.01699 5.01436 5.01199 5.00988 5.00802 5.0064 5.00503 5.0039 5.003 5.00234 5.00191 5.00171 
4.99601 4.99628 4.99679 4.99755 4.99857 4.99984 5.00136 5.00315 5.0052 5.00751 5.0101 5.01296 5.0161 5.01952 5.02322 5.0272 5.03145 5.03597 5.04076 5.04581 5.0511 5.05663 5.06237 5.06832 5.07445 5.08073 5.08715 5.09367 5.10027 5.10691 5.11357 5.12021 5.12679 5.13328 5.13964 5.14583 5.15183 5.15759 5.16308 5.16826 5.17311 5.17759 5.18167 5.18533 5.18855 5.1913 5.19357 5.19534 5.1966 5.19734 5.19757 5.19726 5.19644 5.19511 5.19327 5.19093 5.18812 5.18485 5.18115 5.17703 5.17253 5.16767 5.16249 5.15702 5.15129 5.14534 5.1392 5.13291 5.12651 5.12003 5.11351 5.10698 5.10048 5.09404 5.08768 5.08145 5.07536 5.06943 5.0637 5.05817 5.05287 5.04782 5.04301 5.03847 5.0342 5.0302 5.02648 5.02305 5.0199 5.01702 5.01443 5.01211 5.01007 5.0083 5.00679 5.00554 5.00455 5.00381 5.00333 5.0031 
4.99747 4.99774 4.99829 4.99911 5.0002 5.00157 5.00322 5.00516 5.00738 5.00989 5.0127 5.01581 5.01921 5.02292 5.02694 5.03125 5.03586 5.04076 5.04595 5.05142 5.05715 5.06313 5.06934 5.07577 5.08239 5.08918 5.09611 5.10315 5.11027 5.11743 5.1246 5.13175 5.13884 5.14582 5.15266 5.15932 5.16576 5.17195 5.17784 5.18341 5.18861 5.19341 5.19779 5.20171 5.20516 5.20811 5.21054 5.21243 5.21378 5.21457 5.2148 5.21448 5.21359 5.21215 5.21018 5.20767 5.20465 5.20114 5.19716 5.19273 5.1879 5.18268 5.17711 5.17122 5.16506 5.15865 5.15204 5.14527 5.13837 5.13139 5.12436 5.11732 5.11031 5.10335 5.09649 5.08975 5.08316 5.07675 5.07054 5.06456 5.05881 5.05333 5.04812 5.04318 5.03854 5.0342 5.03015 5.02641 5.02298 5.01984 5.01701 5.01448 5.01225 5.0103 5.00865 5.00727 5.00618 5.00537 5.00483 5.00456 
4.999 4.99929 4.99987 5.00075 5.00193 5.00341 5.00519 5.00728 5.00969 5.01241 5.01545 5.01881 5.0225 5.02651 5.03085 5.03552 5.04051 5.04581 5.05142 5.05732 5.06351 5.06997 5.07667 5.08361 5.09074 5.09806 5.10552 5.1131 5.12075 5.12846 5.13617 5.14385 5.15145 5.15895 5.16629 5.17343 5.18034 5.18697 5.19328 5.19923 5.2048 5.20994 5.21462 5.21882 5.2225 5.22565 5.22824 5.23027 5.2317 5.23255 5.23279 5.23244 5.23149 5.22994 5.22782 5.22514 5.2219 5.21814 5.21387 5.20913 5.20395 5.19835 5.19238 5.18607 5.17945 5.17258 5.16548 5.15821 5.1508 5.1433 5.13574 5.12816 5.12061 5.11312 5.10572 5.09846 5.09135 5.08444 5.07773 5.07127 5.06506 5.05913 5.05349 5.04814 5.04311 5.0384 5.03402 5.02995 5.02622 5.02281 5.01973 5.01698 5.01454 5.01242 5.01061 5.00911 5.00791 5.00701 5.00641 5.00611 
5.00061 5.00091 5.00154 5.00248 5.00374 5.00534 5.00726 5.00952 5.01211 5.01505 5.01833 5.02197 5.02595 5.03028 5.03497 5.04 5.04538 5.0511 5.05715 5.06351 5.07018 5.07713 5.08434 5.0918 5.09948 5.10734 5.11535 5.12348 5.1317 5.13996 5.14823 5.15646 5.1646 5.17263 5.18048 5.18812 5.1955 5.20259 5.20933 5.21569 5.22163 5.22712 5.23211 5.23659 5.24052 5.24387 5.24663 5.24879 5.25031 5.25121 5.25147 5.25108 5.25006 5.24842 5.24615 5.24328 5.23982 5.2358 5.23124 5.22618 5.22064 5.21465 5.20827 5.20151 5.19444 5.18708 5.17948 5.17169 5.16375 5.1557 5.1476 5.13947 5.13136 5.12332 5.11537 5.10756 5.09992 5.09247 5.08526 5.07829 5.0716 5.0652 5.05911 5.05334 5.04791 5.04281 5.03807 5.03367 5.02963 5.02593 5.02259 5.0196 5.01695 5.01464 5.01267 5.01103 5.00972 5.00874 5.00808 5.00774 
5.0023 5.00262 5.00328 5.00429 5.00565 5.00736 5.00943 5.01186 5.01466 5.01782 5.02136 5.02527 5.02956 5.03423 5.03927 5.04469 5.05048 5.05663 5.06313 5.06997 5.07713 5.08459 5.09234 5.10034 5.10857 5.11699 5.12557 5.13428 5.14308 5.15191 5.16075 5.16954 5.17824 5.18681 5.19519 5.20334 5.21121 5.21877 5.22595 5.23272 5.23905 5.24489 5.2502 5.25496 5.25914 5.26271 5.26564 5.26792 5.26955 5.27049 5.27076 5.27035 5.26927 5.26751 5.26509 5.26203 5.25835 5.25407 5.24921 5.24381 5.2379 5.23153 5.22471 5.21751 5.20996 5.2021 5.19399 5.18567 5.17718 5.16858 5.15991 5.15121 5.14253 5.13391 5.1254 5.11702 5.10883 5.10084 5.09309 5.0856 5.07841 5.07153 5.06497 5.05876 5.05291 5.04742 5.0423 5.03755 5.03318 5.02919 5.02558 5.02234 5.01947 5.01696 5.01482 5.01304 5.01162 5.01055 5.00982 5.00945 
5.00407 5.0044 5.0051 5.00618 5.00764 5.00947 5.01169 5.0143 5.01731 5.02071 5.02451 5.02871 5.03332 5.03833 5.04375 5.04957 5.05578 5.06237 5.06934 5.07667 5.08434 5.09234 5.10063 5.10919 5.11798 5.12699 5.13616 5.14546 5.15484 5.16427 5.17369 5.18306 5.19233 5.20145 5.21037 5.21904 5.22741 5.23544 5.24307 5.25027 5.25699 5.26318 5.26882 5.27387 5.2783 5.28208 5.28519 5.28761 5.28933 5.29033 5.29061 5.29017 5.28901 5.28715 5.28458 5.28133 5.27741 5.27286 5.2677 5.26197 5.25569 5.24891 5.24166 5.234 5.22596 5.2176 5.20896 5.2001 5.19105 5.18188 5.17263 5.16335 5.15408 5.14488 5.13578 5.12682 5.11805 5.1095 5.1012 5.09319 5.08548 5.07809 5.07106 5.06439 5.0581 5.0522 5.04669 5.04159 5.03688 5.03258 5.02868 5.02519 5.02209 5.01939 5.01707 5.01514 5.0136 5.01243 5.01164 5.01123 
5.0059 5.00625 5.00699 5.00815 5.0097 5.01167 5.01405 5.01684 5.02006 5.0237 5.02778 5.03228 5.03722 5.04259 5.04839 5.05462 5.06126 5.06832 5.07577 5.08361 5.0918 5.10034 5.10919 5.11832 5.1277 5.1373 5.14706 5.15697 5.16695 5.17698 5.187 5.19696 5.20681 5.21649 5.22596 5.23516 5.24404 5.25254 5.26063 5.26826 5.27537 5.28193 5.2879 5.29324 5.29793 5.30192 5.30521 5.30777 5.30958 5.31064 5.31093 5.31046 5.30924 5.30725 5.30453 5.30109 5.29695 5.29212 5.28666 5.28058 5.27392 5.26673 5.25905 5.25092 5.24239 5.23351 5.22434 5.21492 5.20531 5.19555 5.18571 5.17584 5.16597 5.15617 5.14647 5.13692 5.12757 5.11844 5.10958 5.10101 5.09277 5.08488 5.07735 5.07021 5.06348 5.05715 5.05124 5.04576 5.04071 5.03609 5.03191 5.02815 5.02481 5.0219 5.0194 5.01732 5.01565 5.01439 5.01353 5.01308 
5.0078 5.00816 5.00896 5.01018 5.01184 5.01394 5.01648 5.01947 5.02291 5.0268 5.03116 5.03597 5.04125 5.04698 5.05318 5.05982 5.06692 5.07445 5.08239 5.09074 5.09948 5.10857 5.11798 5.1277 5.13768 5.14788 5.15825 5.16877 5.17937 5.19001 5.20063 5.21119 5.22162 5.23188 5.2419 5.25163 5.26102 5.27002 5.27857 5.28662 5.29413 5.30106 5.30736 5.313 5.31794 5.32215 5.32562 5.32831 5.33022 5.33134 5.33164 5.33115 5.32985 5.32775 5.32488 5.32124 5.31686 5.31177 5.30599 5.29957 5.29253 5.28493 5.2768 5.2682 5.25918 5.24978 5.24006 5.23008 5.21989 5.20955 5.19911 5.18863 5.17816 5.16774 5.15744 5.14729 5.13733 5.12762 5.11819 5.10906 5.10027 5.09186 5.08383 5.07621 5.06901 5.06225 5.05593 5.05007 5.04467 5.03972 5.03523 5.0312 5.02762 5.02449 5.02181 5.01958 5.01778 5.01642 5.01549 5.01499 
5.00976 5.01014 5.01098 5.01228 5.01405 5.01628 5.01899 5.02218 5.02584 5.03 5.03464 5.03977 5.04539 5.0515 5.0581 5.06517 5.07272 5.08073 5.08918 5.09806 5.10734 5.11699 5.12699 5.1373 5.14788 5.15869 5.16968 5.18082 5.19204 5.2033 5.21453 5.22569 5.23671 5.24754 5.25812 5.26839 5.27829 5.28778 5.29679 5.30528 5.31319 5.32048 5.32712 5.33305 5.33825 5.34268 5.34633 5.34916 5.35117 5.35233 5.35265 5.35213 5.35076 5.34855 5.34552 5.34169 5.33708 5.33171 5.32563 5.31885 5.31144 5.30342 5.29485 5.28578 5.27625 5.26633 5.25607 5.24552 5.23475 5.22382 5.21278 5.20168 5.19059 5.17956 5.16863 5.15787 5.14731 5.13701 5.12699 5.11729 5.10796 5.099 5.09046 5.08235 5.07468 5.06748 5.06075 5.05449 5.04873 5.04344 5.03865 5.03434 5.03051 5.02717 5.0243 5.0219 5.01997 5.01851 5.01751 5.01697 
5.01177 5.01217 5.01305 5.01443 5.01631 5.01869 5.02157 5.02495 5.02885 5.03327 5.0382 5.04365 5.04963 5.05612 5.06312 5.07064 5.07865 5.08715 5.09611 5.10552 5.11535 5.12557 5.13616 5.14706 5.15825 5.16968 5.1813 5.19306 5.20491 5.21678 5.22863 5.2404 5.25201 5.26342 5.27455 5.28536 5.29578 5.30576 5.31523 5.32415 5.33246 5.34012 5.34709 5.35331 5.35877 5.36342 5.36725 5.37022 5.37232 5.37354 5.37387 5.37332 5.37188 5.36956 5.36638 5.36235 5.35751 5.35187 5.34548 5.33836 5.33056 5.32213 5.31312 5.30357 5.29354 5.2831 5.27229 5.26118 5.24982 5.23829 5.22664 5.21493 5.20322 5.19156 5.18002 5.16864 5.15747 5.14656 5.13595 5.12568 5.11578 5.10629 5.09723 5.08861 5.08047 5.07282 5.06566 5.05901 5.05288 5.04725 5.04215 5.03755 5.03347 5.0299 5.02684 5.02428 5.02222 5.02065 5.01958 5.01899 
5.01382 5.01424 5.01518 5.01664 5.01862 5.02114 5.0242 5.02779 5.03192 5.0366 5.04183 5.04761 5.05394 5.06082 5.06824 5.0762 5.08468 5.09367 5.10315 5.1131 5.12348 5.13428 5.14546 5.15697 5.16877 5.18082 5.19306 5.20545 5.21792 5.23042 5.24288 5.25525 5.26745 5.27944 5.29113 5.30248 5.31341 5.32387 5.33381 5.34315 5.35186 5.35989 5.36718 5.3737 5.37941 5.38428 5.38828 5.39139 5.39359 5.39486 5.39521 5.39463 5.39312 5.39069 5.38736 5.38314 5.37806 5.37215 5.36545 5.35799 5.34982 5.34098 5.33152 5.3215 5.31097 5.3 5.28865 5.27697 5.26504 5.25291 5.24065 5.22832 5.21599 5.20371 5.19154 5.17954 5.16776 5.15624 5.14504 5.13419 5.12372 5.11368 5.10409 5.09498 5.08636 5.07825 5.07067 5.06361 5.0571 5.05113 5.04571 5.04083 5.03649 5.03269 5.02943 5.02671 5.02451 5.02284 5.02169 5.02107 
5.01591 5.01635 5.01734 5.01888 5.02098 5.02364 5.02687 5.03067 5.03504 5.03999 5.04552 5.05163 5.05832 5.06559 5.07343 5.08183 5.09078 5.10027 5.11027 5.12075 5.1317 5.14308 5.15484 5.16695 5.17937 5.19204 5.20491 5.21792 5.23102 5.24413 5.25721 5.27017 5.28297 5.29552 5.30777 5.31965 5.33109 5.34204 5.35243 5.3622 5.3713 5.37969 5.3873 5.39411 5.40008 5.40516 5.40933 5.41258 5.41487 5.4162 5.41656 5.41595 5.41437 5.41183 5.40835 5.40395 5.39864 5.39247 5.38546 5.37766 5.36911 5.35987 5.34997 5.33948 5.32847 5.31698 5.30508 5.29284 5.28033 5.2676 5.25474 5.24179 5.22884 5.21594 5.20314 5.19052 5.17812 5.166 5.1542 5.14277 5.13174 5.12115 5.11104 5.10142 5.09231 5.08375 5.07573 5.06827 5.06138 5.05506 5.04932 5.04415 5.03955 5.03553 5.03207 5.02918 5.02684 5.02507 5.02384 5.02317 
5.01803 5.01849 5.01952 5.02115 5.02336 5.02617 5.02958 5.03358 5.0382 5.04342 5.04925 5.05569 5.06275 5.0704 5.07866 5.08751 5.09693 5.10691 5.11743 5.12846 5.13996 5.15191 5.16427 5.17698 5.19001 5.2033 5.21678 5.23042 5.24413 5.25786 5.27154 5.28511 5.29848 5.3116 5.3244 5.3368 5.34875 5.36017 5.37101 5.3812 5.39069 5.39943 5.40736 5.41446 5.42067 5.42596 5.43031 5.43368 5.43607 5.43745 5.43783 5.43719 5.43554 5.4329 5.42927 5.42468 5.41915 5.41272 5.40541 5.39728 5.38836 5.37872 5.36839 5.35744 5.34593 5.33393 5.3215 5.3087 5.29562 5.2823 5.26884 5.25528 5.24171 5.22819 5.21478 5.20154 5.18853 5.1758 5.16341 5.1514 5.1398 5.12867 5.11802 5.10789 5.09831 5.08928 5.08083 5.07297 5.0657 5.05903 5.05297 5.04751 5.04265 5.03839 5.03474 5.03167 5.0292 5.02732 5.02602 5.02531 
5.02017 5.02064 5.02173 5.02344 5.02577 5.02872 5.0323 5.03652 5.04137 5.04686 5.053 5.05977 5.06719 5.07524 5.08391 5.0932 5.1031 5.11357 5.1246 5.13617 5.14823 5.16075 5.17369 5.187 5.20063 5.21453 5.22863 5.24288 5.25721 5.27154 5.28582 5.29997 5.31392 5.3276 5.34094 5.35386 5.36629 5.37818 5.38946 5.40006 5.40993 5.41901 5.42727 5.43464 5.44109 5.44659 5.4511 5.45461 5.45709 5.45852 5.45891 5.45825 5.45654 5.45379 5.45002 5.44525 5.4395 5.43281 5.42521 5.41675 5.40748 5.39744 5.38668 5.37529 5.3633 5.35079 5.33783 5.32449 5.31083 5.29694 5.28288 5.26873 5.25455 5.24041 5.22639 5.21254 5.19892 5.18559 5.17261 5.16002 5.14786 5.13618 5.12501 5.11438 5.10431 5.09483 5.08594 5.07767 5.07003 5.06301 5.05663 5.05088 5.04576 5.04127 5.03742 5.03419 5.03158 5.02959 5.02822 5.02746 
5.02231 5.0228 5.02394 5.02573 5.02817 5.03127 5.03503 5.03946 5.04455 5.05031 5.05674 5.06385 5.07162 5.08006 5.08915 5.09888 5.10924 5.12021 5.13175 5.14385 5.15646 5.16954 5.18306 5.19696 5.21119 5.22569 5.2404 5.25525 5.27017 5.28511 5.29997 5.3147 5.32921 5.34343 5.35729 5.37072 5.38364 5.39598 5.40769 5.41869 5.42893 5.43835 5.44691 5.45455 5.46124 5.46694 5.47162 5.47525 5.47782 5.4793 5.47971 5.47902 5.47724 5.47439 5.47049 5.46554 5.45958 5.45264 5.44476 5.43598 5.42636 5.41593 5.40477 5.39293 5.38047 5.36747 5.354 5.34012 5.32591 5.31145 5.29681 5.28206 5.26728 5.25254 5.23791 5.22346 5.20924 5.19532 5.18176 5.1686 5.15589 5.14367 5.13197 5.12084 5.1103 5.10036 5.09105 5.08237 5.07435 5.06699 5.06029 5.05425 5.04887 5.04416 5.0401 5.0367 5.03396 5.03186 5.03042 5.02962 
5.02445 5.02496 5.02615 5.02802 5.03058 5.03382 5.03775 5.04238 5.04771 5.05374 5.06047 5.0679 5.07603 5.08485 5.09435 5.10452 5.11534 5.12679 5.13884 5.15145 5.1646 5.17824 5.19233 5.20681 5.22162 5.23671 5.25201 5.26745 5.28297 5.29848 5.31392 5.32921 5.34427 5.35902 5.3734 5.38731 5.4007 5.41349 5.42561 5.437 5.4476 5.45735 5.4662 5.47411 5.48103 5.48692 5.49176 5.49551 5.49816 5.4997 5.50011 5.4994 5.49757 5.49462 5.49058 5.48546 5.4793 5.47212 5.46397 5.45488 5.44491 5.43412 5.42255 5.41028 5.39737 5.38389 5.36991 5.35551 5.34076 5.32574 5.31053 5.29521 5.27984 5.26451 5.24929 5.23425 5.21944 5.20494 5.19081 5.17708 5.16383 5.15108 5.13887 5.12725 5.11623 5.10584 5.09611 5.08704 5.07865 5.07094 5.06393 5.0576 5.05197 5.04703 5.04278 5.03921 5.03633 5.03413 5.03261 5.03177 
5.02657 5.0271 5.02834 5.03029 5.03296 5.03634 5.04045 5.04528 5.05084 5.05714 5.06416 5.07191 5.08039 5.08959 5.09949 5.11009 5.12136 5.13328 5.14582 5.15895 5.17263 5.18681 5.20145 5.21649 5.23188 5.24754 5.26342 5.27944 5.29552 5.3116 5.3276 5.34343 5.35902 5.37429 5.38916 5.40355 5.4174 5.43061 5.44314 5.4549 5.46585 5.47592 5.48505 5.49321 5.50035 5.50643 5.51142 5.51529 5.51803 5.51961 5.52004 5.51931 5.51741 5.51437 5.5102 5.50492 5.49856 5.49115 5.48273 5.47335 5.46305 5.4519 5.43995 5.42726 5.41391 5.39996 5.3855 5.37059 5.35532 5.33976 5.324 5.30811 5.29218 5.27627 5.26047 5.24485 5.22947 5.2144 5.19971 5.18544 5.17165 5.15838 5.14567 5.13356 5.12208 5.11126 5.10111 5.09165 5.08289 5.07485 5.06752 5.06092 5.05503 5.04987 5.04542 5.0417 5.03868 5.03638 5.03479 5.0339 
5.02866 5.02921 5.0305 5.03253 5.0353 5.03883 5.04311 5.04814 5.05393 5.06048 5.06779 5.07585 5.08467 5.09424 5.10453 5.11555 5.12726 5.13964 5.15266 5.16629 5.18048 5.19519 5.21037 5.22596 5.2419 5.25812 5.27455 5.29113 5.30777 5.3244 5.34094 5.35729 5.3734 5.38916 5.40451 5.41936 5.43364 5.44727 5.46018 5.4723 5.48358 5.49395 5.50336 5.51176 5.51911 5.52537 5.53051 5.53449 5.53731 5.53894 5.53938 5.53863 5.53668 5.53355 5.52926 5.52382 5.51727 5.50964 5.50097 5.4913 5.48069 5.46919 5.45687 5.44378 5.43001 5.41561 5.40068 5.38528 5.3695 5.35342 5.33713 5.3207 5.30421 5.28775 5.27139 5.25521 5.23927 5.22365 5.20842 5.19361 5.1793 5.16552 5.15233 5.13975 5.12782 5.11657 5.10601 5.09617 5.08706 5.07869 5.07106 5.06418 5.05805 5.05266 5.04803 5.04414 5.041 5.0386 5.03693 5.03601 
5.03071 5.03127 5.03261 5.03472 5.0376 5.04126 5.04571 5.05093 5.05694 5.06374 5.07133 5.0797 5.08885 5.09877 5.10945 5.12087 5.13301 5.14583 5.15932 5.17343 5.18812 5.20334 5.21904 5.23516 5.25163 5.26839 5.28536 5.30248 5.31965 5.3368 5.35386 5.37072 5.38731 5.40355 5.41936 5.43465 5.44934 5.46337 5.47665 5.48912 5.50071 5.51137 5.52104 5.52968 5.53723 5.54366 5.54893 5.55303 5.55592 5.5576 5.55805 5.55727 5.55527 5.55206 5.54765 5.54207 5.53534 5.52749 5.51858 5.50864 5.49773 5.4859 5.47322 5.45976 5.44558 5.43076 5.41537 5.39951 5.38324 5.36666 5.34985 5.3329 5.31588 5.29888 5.28198 5.26526 5.24879 5.23264 5.21688 5.20156 5.18674 5.17248 5.15881 5.14578 5.13341 5.12174 5.11079 5.10058 5.09112 5.08243 5.07451 5.06736 5.06099 5.0554 5.05058 5.04654 5.04327 5.04077 5.03903 5.03807 
5.0327 5.03329 5.03467 5.03686 5.03984 5.04363 5.04823 5.05365 5.05987 5.06692 5.07477 5.08344 5.09291 5.10317 5.11422 5.12602 5.13857 5.15183 5.16576 5.18034 5.1955 5.21121 5.22741 5.24404 5.26102 5.27829 5.29578 5.31341 5.33109 5.34875 5.36629 5.38364 5.4007 5.4174 5.43364 5.44934 5.46443 5.47883 5.49246 5.50526 5.51715 5.52809 5.53801 5.54686 5.5546 5.56119 5.5666 5.5708 5.57376 5.57548 5.57595 5.57515 5.57311 5.56981 5.5653 5.55957 5.55267 5.54463 5.53549 5.52529 5.51409 5.50196 5.48894 5.47511 5.46054 5.44531 5.4295 5.41319 5.39646 5.37941 5.36211 5.34465 5.32713 5.30962 5.2922 5.27496 5.25798 5.24132 5.22505 5.20924 5.19394 5.1792 5.16508 5.15161 5.13882 5.12675 5.11542 5.10486 5.09507 5.08606 5.07786 5.07045 5.06385 5.05805 5.05306 5.04887 5.04547 5.04288 5.04108 5.04008 
5.03463 5.03523 5.03666 5.03892 5.042 5.04592 5.05067 5.05627 5.0627 5.06997 5.07809 5.08703 5.09681 5.1074 5.1188 5.13098 5.14392 5.15759 5.17195 5.18697 5.20259 5.21877 5.23544 5.25254 5.27002 5.28778 5.30576 5.32387 5.34204 5.36017 5.37818 5.39598 5.41349 5.43061 5.44727 5.46337 5.47883 5.49358 5.50754 5.52065 5.53283 5.54402 5.55418 5.56323 5.57116 5.5779 5.58343 5.58773 5.59076 5.59252 5.59299 5.59218 5.59009 5.58672 5.5821 5.57625 5.56918 5.56096 5.5516 5.54116 5.5297 5.51726 5.50393 5.48976 5.47483 5.45921 5.443 5.42626 5.4091 5.39159 5.37382 5.35589 5.33789 5.31989 5.30198 5.28426 5.26678 5.24963 5.23289 5.2166 5.20084 5.18566 5.1711 5.1572 5.14402 5.13156 5.11987 5.10897 5.09886 5.08956 5.08108 5.07343 5.06661 5.06061 5.05545 5.05111 5.0476 5.04492 5.04305 5.04201 
5.03647 5.03709 5.03857 5.04089 5.04407 5.04811 5.05301 5.05877 5.0654 5.0729 5.08125 5.09047 5.10054 5.11144 5.12317 5.13571 5.14902 5.16308 5.17784 5.19328 5.20933 5.22595 5.24307 5.26063 5.27857 5.29679 5.31523 5.33381 5.35243 5.37101 5.38946 5.40769 5.42561 5.44314 5.46018 5.47665 5.49246 5.50754 5.52182 5.53521 5.54766 5.55909 5.56946 5.57872 5.5868 5.59369 5.59934 5.60372 5.60682 5.60862 5.60911 5.60828 5.60614 5.60271 5.59799 5.59201 5.5848 5.5764 5.56684 5.55618 5.54446 5.53175 5.51812 5.50363 5.48836 5.47238 5.45578 5.43865 5.42108 5.40314 5.38494 5.36656 5.3481 5.32964 5.31128 5.29308 5.27515 5.25754 5.24034 5.22361 5.20741 5.1918 5.17683 5.16254 5.14897 5.13615 5.12412 5.11289 5.10248 5.0929 5.08416 5.07628 5.06924 5.06306 5.05773 5.05326 5.04964 5.04687 5.04495 5.04387 
5.03823 5.03887 5.04038 5.04277 5.04604 5.05019 5.05522 5.06115 5.06796 5.07567 5.08425 5.09372 5.10406 5.11526 5.12731 5.14018 5.15384 5.16826 5.18341 5.19923 5.21569 5.23272 5.25027 5.26826 5.28662 5.30528 5.32415 5.34315 5.3622 5.3812 5.40006 5.41869 5.437 5.4549 5.4723 5.48912 5.50526 5.52065 5.53521 5.54887 5.56156 5.57323 5.5838 5.59323 5.60147 5.60849 5.61425 5.61872 5.62188 5.62371 5.62421 5.62337 5.62119 5.61769 5.61288 5.60679 5.59944 5.59088 5.58113 5.57026 5.55831 5.54535 5.53144 5.51665 5.50106 5.48475 5.4678 5.4503 5.43234 5.414 5.39539 5.3766 5.35771 5.33883 5.32002 5.3014 5.28303 5.26499 5.24736 5.23021 5.21361 5.1976 5.18224 5.16758 5.15365 5.14049 5.12813 5.1166 5.1059 5.09606 5.08708 5.07897 5.07174 5.06538 5.0599 5.0553 5.05158 5.04872 5.04674 5.04564 
5.03988 5.04053 5.04208 5.04453 5.04788 5.05214 5.05731 5.06338 5.07037 5.07826 5.08707 5.09677 5.10737 5.11884 5.13118 5.14436 5.15834 5.17311 5.18861 5.2048 5.22163 5.23905 5.25699 5.27537 5.29413 5.31319 5.33246 5.35186 5.3713 5.39069 5.40993 5.42893 5.4476 5.46585 5.48358 5.50071 5.51715 5.53283 5.54766 5.56156 5.57448 5.58635 5.59711 5.60671 5.6151 5.62224 5.62809 5.63264 5.63585 5.63772 5.63822 5.63737 5.63516 5.6316 5.62671 5.62052 5.61304 5.60433 5.59441 5.58334 5.57118 5.55798 5.54382 5.52876 5.51287 5.49625 5.47897 5.46113 5.44281 5.42412 5.40513 5.38595 5.36667 5.34738 5.32818 5.30915 5.29038 5.27194 5.25392 5.23638 5.21939 5.20301 5.1873 5.17229 5.15803 5.14455 5.13189 5.12007 5.10911 5.09902 5.08981 5.0815 5.07408 5.06756 5.06194 5.05722 5.05339 5.05047 5.04843 5.0473 
5.04141 5.04208 5.04366 5.04617 5.0496 5.05395 5.05924 5.06545 5.0726 5.08067 5.08967 5.0996 5.11043 5.12216 5.13476 5.14822 5.16251 5.17759 5.19341 5.20994 5.22712 5.24489 5.26318 5.28193 5.30106 5.32048 5.34012 5.35989 5.37969 5.39943 5.41901 5.43835 5.45735 5.47592 5.49395 5.51137 5.52809 5.54402 5.55909 5.57323 5.58635 5.59841 5.60934 5.61908 5.6276 5.63485 5.6408 5.64542 5.64868 5.65058 5.65109 5.65023 5.64798 5.64437 5.63941 5.63312 5.62553 5.61668 5.60661 5.59536 5.58301 5.5696 5.5552 5.53988 5.52373 5.50683 5.48925 5.4711 5.45246 5.43342 5.41409 5.39456 5.37492 5.35527 5.3357 5.3163 5.29716 5.27836 5.25997 5.24208 5.22474 5.20802 5.19197 5.17664 5.16207 5.1483 5.13537 5.12328 5.11208 5.10176 5.09235 5.08384 5.07625 5.06958 5.06383 5.059 5.05508 5.05209 5.05 5.04884 
5.04282 5.0435 5.04511 5.04767 5.05117 5.05562 5.06101 5.06735 5.07464 5.08288 5.09206 5.10218 5.11322 5.12518 5.13803 5.15175 5.16631 5.18167 5.19779 5.21462 5.23211 5.2502 5.26882 5.2879 5.30736 5.32712 5.34709 5.36718 5.3873 5.40736 5.42727 5.44691 5.4662 5.48505 5.50336 5.52104 5.53801 5.55418 5.56946 5.5838 5.59711 5.60934 5.62042 5.6303 5.63894 5.64629 5.65232 5.657 5.6603 5.66223 5.66275 5.66187 5.6596 5.65594 5.65091 5.64454 5.63685 5.62787 5.61766 5.60626 5.59373 5.58013 5.56552 5.54998 5.53359 5.51643 5.49858 5.48015 5.46122 5.44188 5.42223 5.40238 5.38242 5.36244 5.34253 5.3228 5.30333 5.28419 5.26548 5.24726 5.2296 5.21257 5.19622 5.1806 5.16576 5.15173 5.13854 5.12622 5.11479 5.10427 5.09466 5.08599 5.07824 5.07143 5.06556 5.06063 5.05663 5.05357 5.05144 5.05025 
5.04409 5.04478 5.04642 5.04903 5.05259 5.05711 5.0626 5.06906 5.07648 5.08486 5.0942 5.1045 5.11573 5.1279 5.14097 5.15492 5.16972 5.18533 5.20171 5.21882 5.23659 5.25496 5.27387 5.29324 5.313 5.33305 5.35331 5.3737 5.39411 5.41446 5.43464 5.45455 5.47411 5.49321 5.51176 5.52968 5.54686 5.56323 5.57872 5.59323 5.60671 5.61908 5.6303 5.6403 5.64904 5.65648 5.66258 5.66732 5.67067 5.67261 5.67314 5.67226 5.66996 5.66626 5.66117 5.65472 5.64694 5.63786 5.62752 5.61598 5.6033 5.58952 5.57473 5.55899 5.54238 5.525 5.50692 5.48823 5.46904 5.44943 5.42951 5.40937 5.38912 5.36884 5.34865 5.32862 5.30884 5.28942 5.27041 5.2519 5.23396 5.21666 5.20004 5.18416 5.16907 5.1548 5.14138 5.12885 5.11723 5.10652 5.09674 5.08791 5.08003 5.0731 5.06712 5.0621 5.05803 5.05491 5.05274 5.05153 
5.04521 5.04591 5.04758 5.05023 5.05384 5.05844 5.06401 5.07056 5.0781 5.08661 5.09609 5.10654 5.11795 5.13029 5.14355 5.1577 5.17271 5.18855 5.20516 5.2225 5.24052 5.25914 5.2783 5.29793 5.31794 5.33825 5.35877 5.37941 5.40008 5.42067 5.44109 5.46124 5.48103 5.50035 5.51911 5.53723 5.5546 5.57116 5.5868 5.60147 5.6151 5.6276 5.63894 5.64904 5.65787 5.66539 5.67155 5.67634 5.67972 5.68169 5.68223 5.68133 5.67901 5.67528 5.67014 5.66362 5.65576 5.64658 5.63614 5.62448 5.61166 5.59773 5.58278 5.56687 5.55008 5.53249 5.5142 5.4953 5.47588 5.45604 5.43588 5.41549 5.39499 5.37446 5.354 5.33371 5.31368 5.29399 5.27473 5.25597 5.23779 5.22024 5.20339 5.18729 5.17198 5.1575 5.14389 5.13117 5.11937 5.1085 5.09858 5.08961 5.08161 5.07457 5.0685 5.06339 5.05926 5.05609 5.05389 5.05266 
5.04618 5.04689 5.04858 5.05126 5.05492 5.05958 5.06522 5.07186 5.07949 5.08811 5.09771 5.1083 5.11984 5.13234 5.14576 5.16008 5.17528 5.1913 5.20811 5.22565 5.24387 5.26271 5.28208 5.30192 5.32215 5.34268 5.36342 5.38428 5.40516 5.42596 5.44659 5.46694 5.48692 5.50643 5.52537 5.54366 5.56119 5.5779 5.59369 5.60849 5.62224 5.63485 5.64629 5.65648 5.66539 5.67297 5.67919 5.68401 5.68743 5.68941 5.68995 5.68905 5.68672 5.68295 5.67777 5.6712 5.66326 5.65401 5.64348 5.63171 5.61878 5.60473 5.58963 5.57358 5.55663 5.53888 5.52041 5.50132 5.48171 5.46167 5.4413 5.42071 5.39999 5.37924 5.35857 5.33806 5.31781 5.2979 5.27842 5.25945 5.24106 5.2233 5.20625 5.18996 5.17446 5.15981 5.14603 5.13316 5.12121 5.1102 5.10015 5.09107 5.08296 5.07583 5.06968 5.06451 5.06032 5.05711 5.05488 5.05363 
5.04699 5.0477 5.04941 5.05212 5.05582 5.06053 5.06623 5.07294 5.08065 5.08935 5.09906 5.10975 5.12141 5.13403 5.14759 5.16205 5.17739 5.19357 5.21054 5.22824 5.24663 5.26564 5.28519 5.30521 5.32562 5.34633 5.36725 5.38828 5.40933 5.43031 5.4511 5.47162 5.49176 5.51142 5.53051 5.54893 5.5666 5.58343 5.59934 5.61425 5.62809 5.6408 5.65232 5.66258 5.67155 5.67919 5.68545 5.69031 5.69375 5.69575 5.69629 5.69539 5.69303 5.68924 5.68402 5.67741 5.66942 5.6601 5.64949 5.63765 5.62461 5.61046 5.59526 5.57908 5.562 5.54411 5.5255 5.50627 5.4865 5.46629 5.44576 5.42499 5.4041 5.38318 5.36232 5.34163 5.3212 5.30112 5.28146 5.26231 5.24375 5.22583 5.20861 5.19216 5.17652 5.16172 5.1478 5.1348 5.12273 5.11161 5.10146 5.09228 5.08409 5.07688 5.07067 5.06544 5.06121 5.05796 5.05571 5.05444 
5.04762 5.04835 5.05007 5.0528 5.05653 5.06127 5.06702 5.07378 5.08156 5.09033 5.10011 5.11088 5.12264 5.13535 5.14901 5.16359 5.17904 5.19534 5.21243 5.23027 5.24879 5.26792 5.28761 5.30777 5.32831 5.34916 5.37022 5.39139 5.41258 5.43368 5.45461 5.47525 5.49551 5.51529 5.53449 5.55303 5.5708 5.58773 5.60372 5.61872 5.63264 5.64542 5.657 5.66732 5.67634 5.68401 5.69031 5.6952 5.69865 5.70066 5.70121 5.7003 5.69794 5.69413 5.68888 5.68223 5.6742 5.66483 5.65416 5.64225 5.62915 5.61491 5.59962 5.58335 5.56617 5.54818 5.52946 5.5101 5.49021 5.46988 5.44922 5.42832 5.40729 5.38623 5.36524 5.34441 5.32384 5.30361 5.28382 5.26454 5.24584 5.22779 5.21045 5.19388 5.17812 5.16321 5.14919 5.13608 5.12392 5.11271 5.10248 5.09323 5.08497 5.07771 5.07144 5.06617 5.0619 5.05863 5.05636 5.05509 
5.04809 5.04882 5.05055 5.0533 5.05705 5.06182 5.0676 5.0744 5.08221 5.09104 5.10087 5.1117 5.12352 5.1363 5.15004 5.16468 5.18022 5.1966 5.21378 5.2317 5.25031 5.26955 5.28933 5.30958 5.33022 5.35117 5.37232 5.39359 5.41487 5.43607 5.45709 5.47782 5.49816 5.51803 5.53731 5.55592 5.57376 5.59076 5.60682 5.62188 5.63585 5.64868 5.6603 5.67067 5.67972 5.68743 5.69375 5.69865 5.70212 5.70414 5.70469 5.70378 5.70141 5.69758 5.69231 5.68564 5.67758 5.66817 5.65746 5.6455 5.63235 5.61806 5.6027 5.58636 5.56912 5.55105 5.53225 5.51281 5.49283 5.47242 5.45166 5.43067 5.40955 5.38839 5.3673 5.34637 5.32571 5.30538 5.2855 5.26612 5.24733 5.22919 5.21176 5.1951 5.17926 5.16427 5.15018 5.137 5.12477 5.1135 5.10322 5.09392 5.08561 5.07831 5.072 5.06671 5.06241 5.05912 5.05684 5.05555 
5.04838 5.04911 5.05085 5.0536 5.05737 5.06215 5.06795 5.07478 5.08261 5.09147 5.10133 5.1122 5.12405 5.13687 5.15064 5.16534 5.18092 5.19734 5.21457 5.23255 5.25121 5.27049 5.29033 5.31064 5.33134 5.35233 5.37354 5.39486 5.4162 5.43745 5.45852 5.4793 5.4997 5.51961 5.53894 5.5576 5.57548 5.59252 5.60862 5.62371 5.63772 5.65058 5.66223 5.67261 5.68169 5.68941 5.69575 5.70066 5.70414 5.70616 5.70672 5.7058 5.70342 5.69959 5.69431 5.68762 5.67954 5.67011 5.65938 5.64739 5.6342 5.61988 5.60449 5.58811 5.57082 5.55271 5.53386 5.51438 5.49435 5.47388 5.45308 5.43203 5.41085 5.38964 5.36849 5.34751 5.32679 5.30642 5.28647 5.26704 5.2482 5.23001 5.21253 5.19582 5.17993 5.1649 5.15076 5.13755 5.12528 5.11398 5.10366 5.09433 5.086 5.07867 5.07235 5.06703 5.06273 5.05943 5.05713 5.05585 
