0.423106 0.423712 0.424273 0.424768 0.425186 0.425522 0.425783 0.425976 0.426114 0.426208 0.426271 0.426311 0.426335 0.42635 0.426359 0.426363 0.426366 0.426367 0.426368 0.426368 0.426368 0.426369 0.426369 0.426369 0.426369 0.426369 0.426369 0.426369 0.426369 0.426369 0.426369 0.426369 0.426369 0.426369 0.426369 0.426369 0.426369 0.426369 0.426369 0.426369 0.426369 0.426369 0.426369 0.426369 0.426369 0.426369 0.426369 0.426369 0.426369 0.426369 0.426369 0.426369 0.426369 0.426369 0.426369 0.426369 0.426369 0.426369 0.426369 0.426369 0.426369 0.426369 0.426369 0.426369 0.426369 0.426369 0.426369 0.426369 0.426369 0.426369 0.426369 0.426369 0.426369 0.426369 0.426369 0.426369 0.426369 0.426369 0.426369 0.426369 0.426369 0.426369 0.426369 0.426369 0.42637 0.426371 0.426375 0.426382 0.426397 0.426424 0.426471 0.426549 0.426671 0.426851 0.427103 0.427437 0.427857 0.428357 0.428921 0.429527 
0.423712 0.424317 0.424877 0.425372 0.425789 0.426126 0.426386 0.426579 0.426717 0.426812 0.426875 0.426914 0.426939 0.426954 0.426962 0.426967 0.42697 0.426971 0.426972 0.426972 0.426972 0.426972 0.426972 0.426972 0.426972 0.426972 0.426972 0.426972 0.426972 0.426972 0.426972 0.426972 0.426972 0.426972 0.426972 0.426972 0.426972 0.426972 0.426972 0.426972 0.426972 0.426972 0.426972 0.426972 0.426972 0.426972 0.426972 0.426973 0.426973 0.426973 0.426973 0.426973 0.426973 0.426973 0.426973 0.426973 0.426973 0.426973 0.426972 0.426972 0.426972 0.426972 0.426972 0.426972 0.426972 0.426972 0.426972 0.426972 0.426972 0.426972 0.426972 0.426972 0.426972 0.426972 0.426972 0.426972 0.426972 0.426972 0.426972 0.426972 0.426972 0.426972 0.426973 0.426973 0.426974 0.426975 0.426979 0.426986 0.427001 0.427028 0.427075 0.427153 0.427275 0.427455 0.427708 0.428042 0.428461 0.42896 0.429524 0.430129 
0.424273 0.424877 0.425437 0.425931 0.426348 0.426684 0.426945 0.427138 0.427276 0.427371 0.427433 0.427473 0.427498 0.427513 0.427521 0.427526 0.427529 0.42753 0.427531 0.427531 0.427531 0.427532 0.427532 0.427532 0.427532 0.427532 0.427532 0.427532 0.427532 0.427532 0.427532 0.427532 0.427532 0.427532 0.427532 0.427532 0.427532 0.427532 0.427532 0.427532 0.427532 0.427532 0.427532 0.427532 0.427532 0.427532 0.427532 0.427532 0.427532 0.427532 0.427532 0.427532 0.427532 0.427532 0.427532 0.427532 0.427532 0.427532 0.427532 0.427532 0.427532 0.427532 0.427532 0.427532 0.427532 0.427532 0.427532 0.427532 0.427532 0.427532 0.427532 0.427532 0.427532 0.427532 0.427532 0.427532 0.427532 0.427532 0.427532 0.427532 0.427532 0.427532 0.427532 0.427532 0.427533 0.427534 0.427538 0.427545 0.42756 0.427587 0.427635 0.427713 0.427835 0.428015 0.428267 0.428601 0.429021 0.429519 0.430082 0.430687 
0.424768 0.425372 0.425931 0.426425 0.426841 0.427178 0.427438 0.427632 0.42777 0.427865 0.427927 0.427967 0.427992 0.428007 0.428015 0.42802 0.428023 0.428024 0.428025 0.428025 0.428026 0.428026 0.428026 0.428026 0.428026 0.428026 0.428026 0.428026 0.428026 0.428026 0.428026 0.428026 0.428026 0.428026 0.428026 0.428026 0.428026 0.428026 0.428026 0.428026 0.428026 0.428026 0.428026 0.428026 0.428026 0.428026 0.428026 0.428026 0.428026 0.428026 0.428026 0.428026 0.428026 0.428026 0.428026 0.428026 0.428026 0.428026 0.428026 0.428026 0.428026 0.428026 0.428026 0.428026 0.428026 0.428026 0.428026 0.428026 0.428026 0.428026 0.428026 0.428026 0.428026 0.428026 0.428026 0.428026 0.428026 0.428026 0.428026 0.428026 0.428026 0.428026 0.428026 0.428026 0.428027 0.428029 0.428032 0.42804 0.428054 0.428082 0.428129 0.428207 0.428329 0.42851 0.428762 0.429096 0.429515 0.430013 0.430576 0.43118 
0.425186 0.425789 0.426348 0.426841 0.427258 0.427594 0.427855 0.428048 0.428187 0.428281 0.428344 0.428384 0.428409 0.428424 0.428433 0.428438 0.42844 0.428442 0.428442 0.428443 0.428443 0.428443 0.428443 0.428443 0.428443 0.428443 0.428443 0.428443 0.428443 0.428443 0.428443 0.428443 0.428443 0.428443 0.428443 0.428443 0.428443 0.428443 0.428443 0.428443 0.428443 0.428443 0.428443 0.428443 0.428443 0.428443 0.428443 0.428443 0.428443 0.428443 0.428443 0.428443 0.428443 0.428443 0.428443 0.428443 0.428443 0.428443 0.428443 0.428443 0.428443 0.428443 0.428443 0.428443 0.428443 0.428443 0.428443 0.428443 0.428443 0.428443 0.428443 0.428443 0.428443 0.428443 0.428443 0.428443 0.428443 0.428443 0.428443 0.428443 0.428443 0.428443 0.428443 0.428443 0.428444 0.428446 0.428449 0.428457 0.428472 0.428499 0.428547 0.428625 0.428747 0.428928 0.42918 0.429514 0.429933 0.430431 0.430994 0.431597 
0.425522 0.426126 0.426684 0.427178 0.427594 0.427931 0.428192 0.428385 0.428523 0.428618 0.428681 0.428722 0.428746 0.428761 0.42877 0.428775 0.428777 0.428779 0.428779 0.42878 0.42878 0.42878 0.42878 0.42878 0.42878 0.42878 0.42878 0.42878 0.42878 0.42878 0.42878 0.42878 0.42878 0.42878 0.42878 0.42878 0.42878 0.42878 0.42878 0.42878 0.42878 0.42878 0.428781 0.428781 0.428781 0.428781 0.428781 0.428781 0.428781 0.428781 0.428781 0.428781 0.428781 0.428781 0.428781 0.428781 0.428781 0.428781 0.428781 0.428781 0.428781 0.428781 0.428781 0.42878 0.42878 0.42878 0.42878 0.42878 0.42878 0.42878 0.42878 0.42878 0.42878 0.42878 0.42878 0.42878 0.42878 0.42878 0.42878 0.42878 0.42878 0.42878 0.42878 0.428781 0.428781 0.428783 0.428787 0.428794 0.428809 0.428836 0.428884 0.428963 0.429085 0.429266 0.429518 0.429852 0.430271 0.430769 0.431331 0.431935 
0.425783 0.426386 0.426945 0.427438 0.427855 0.428192 0.428452 0.428646 0.428784 0.428879 0.428942 0.428983 0.429008 0.429022 0.429031 0.429036 0.429039 0.42904 0.429041 0.429041 0.429041 0.429041 0.429041 0.429041 0.429041 0.429041 0.429041 0.429041 0.429041 0.429041 0.429041 0.429041 0.429041 0.429041 0.429041 0.429041 0.429042 0.429042 0.429042 0.429042 0.429042 0.429042 0.429043 0.429043 0.429043 0.429043 0.429044 0.429044 0.429044 0.429044 0.429044 0.429045 0.429045 0.429044 0.429044 0.429044 0.429044 0.429044 0.429043 0.429043 0.429043 0.429043 0.429042 0.429042 0.429042 0.429042 0.429042 0.429042 0.429042 0.429041 0.429041 0.429041 0.429041 0.429041 0.429041 0.429041 0.429041 0.429041 0.429041 0.429041 0.429041 0.429041 0.429042 0.429042 0.429043 0.429044 0.429048 0.429056 0.42907 0.429098 0.429145 0.429224 0.429347 0.429527 0.42978 0.430114 0.430533 0.431031 0.431593 0.432197 
0.425976 0.426579 0.427138 0.427632 0.428048 0.428385 0.428646 0.42884 0.428978 0.429073 0.429136 0.429177 0.429202 0.429217 0.429225 0.42923 0.429233 0.429234 0.429235 0.429235 0.429235 0.429235 0.429236 0.429236 0.429236 0.429236 0.429236 0.429236 0.429236 0.429236 0.429236 0.429236 0.429236 0.429236 0.429236 0.429236 0.429236 0.429236 0.429237 0.429237 0.429238 0.429238 0.429239 0.42924 0.429241 0.429242 0.429243 0.429243 0.429244 0.429244 0.429245 0.429245 0.429245 0.429245 0.429244 0.429244 0.429243 0.429242 0.429242 0.429241 0.42924 0.429239 0.429238 0.429238 0.429237 0.429237 0.429236 0.429236 0.429236 0.429236 0.429236 0.429236 0.429236 0.429236 0.429236 0.429236 0.429236 0.429236 0.429236 0.429236 0.429236 0.429236 0.429236 0.429236 0.429237 0.429238 0.429242 0.42925 0.429265 0.429292 0.42934 0.429418 0.429541 0.429722 0.429975 0.430309 0.430728 0.431226 0.431788 0.432392 
0.426114 0.426717 0.427276 0.42777 0.428187 0.428523 0.428784 0.428978 0.429117 0.429212 0.429275 0.429315 0.42934 0.429355 0.429364 0.429369 0.429371 0.429373 0.429374 0.429374 0.429374 0.429374 0.429374 0.429374 0.429374 0.429374 0.429374 0.429374 0.429374 0.429374 0.429374 0.429374 0.429374 0.429375 0.429375 0.429375 0.429376 0.429377 0.429378 0.429379 0.429381 0.429383 0.429385 0.429388 0.42939 0.429392 0.429395 0.429397 0.429398 0.429399 0.4294 0.4294 0.4294 0.4294 0.429399 0.429397 0.429396 0.429393 0.429391 0.429389 0.429386 0.429384 0.429382 0.42938 0.429379 0.429378 0.429377 0.429376 0.429375 0.429375 0.429375 0.429375 0.429374 0.429374 0.429374 0.429374 0.429374 0.429374 0.429374 0.429374 0.429374 0.429374 0.429374 0.429375 0.429376 0.429377 0.429381 0.429389 0.429403 0.429431 0.429479 0.429557 0.42968 0.429861 0.430114 0.430448 0.430867 0.431366 0.431928 0.432531 
0.426208 0.426812 0.427371 0.427865 0.428281 0.428618 0.428879 0.429073 0.429212 0.429307 0.42937 0.429411 0.429436 0.429451 0.429459 0.429464 0.429467 0.429468 0.429469 0.429469 0.42947 0.42947 0.42947 0.42947 0.42947 0.42947 0.42947 0.42947 0.42947 0.42947 0.42947 0.42947 0.42947 0.429471 0.429472 0.429473 0.429474 0.429477 0.42948 0.429484 0.429488 0.429494 0.4295 0.429506 0.429513 0.429519 0.429525 0.42953 0.429534 0.429537 0.429539 0.429539 0.429539 0.429537 0.429535 0.429531 0.429526 0.42952 0.429514 0.429508 0.429502 0.429496 0.42949 0.429486 0.429482 0.429479 0.429476 0.429474 0.429473 0.429472 0.429471 0.429471 0.42947 0.42947 0.42947 0.42947 0.42947 0.42947 0.42947 0.42947 0.42947 0.42947 0.42947 0.42947 0.429471 0.429473 0.429476 0.429484 0.429499 0.429526 0.429574 0.429653 0.429776 0.429957 0.43021 0.430544 0.430963 0.431462 0.432024 0.432628 
0.426271 0.426875 0.427433 0.427927 0.428344 0.428681 0.428942 0.429136 0.429275 0.42937 0.429433 0.429474 0.429499 0.429514 0.429523 0.429527 0.42953 0.429532 0.429532 0.429533 0.429533 0.429533 0.429533 0.429533 0.429533 0.429533 0.429533 0.429533 0.429533 0.429533 0.429534 0.429534 0.429535 0.429537 0.429539 0.429542 0.429547 0.429553 0.429561 0.429571 0.429584 0.429598 0.429613 0.429629 0.429645 0.429661 0.429675 0.429687 0.429696 0.429703 0.429707 0.429709 0.429707 0.429703 0.429696 0.429686 0.429674 0.42966 0.429644 0.429629 0.429613 0.429598 0.429585 0.429573 0.429564 0.429556 0.429549 0.429544 0.429541 0.429538 0.429536 0.429535 0.429534 0.429534 0.429533 0.429533 0.429533 0.429533 0.429533 0.429533 0.429533 0.429533 0.429533 0.429533 0.429534 0.429536 0.42954 0.429547 0.429562 0.42959 0.429637 0.429716 0.429839 0.43002 0.430273 0.430608 0.431027 0.431526 0.432088 0.432692 
0.426311 0.426914 0.427473 0.427967 0.428384 0.428722 0.428983 0.429177 0.429315 0.429411 0.429474 0.429514 0.429539 0.429554 0.429563 0.429568 0.429571 0.429572 0.429573 0.429573 0.429573 0.429573 0.429573 0.429573 0.429573 0.429574 0.429574 0.429574 0.429574 0.429575 0.429575 0.429577 0.42958 0.429584 0.42959 0.429598 0.429611 0.429627 0.429647 0.429673 0.429703 0.429737 0.429774 0.429812 0.42985 0.429886 0.429918 0.429945 0.429966 0.429982 0.429991 0.429993 0.429989 0.429978 0.429961 0.429937 0.429908 0.429875 0.429839 0.429802 0.429765 0.429731 0.429699 0.429672 0.429648 0.429629 0.429614 0.429602 0.429593 0.429587 0.429582 0.429579 0.429577 0.429576 0.429575 0.429574 0.429574 0.429574 0.429574 0.429574 0.429574 0.429574 0.429574 0.429574 0.429575 0.429576 0.42958 0.429588 0.429603 0.42963 0.429678 0.429757 0.42988 0.430061 0.430314 0.430649 0.431068 0.431567 0.432129 0.432733 
0.426335 0.426939 0.427498 0.427992 0.428409 0.428746 0.429008 0.429202 0.42934 0.429436 0.429499 0.429539 0.429564 0.429579 0.429588 0.429593 0.429596 0.429597 0.429598 0.429598 0.429598 0.429598 0.429598 0.429599 0.429599 0.429599 0.429599 0.429599 0.4296 0.429602 0.429604 0.429609 0.429616 0.429626 0.429642 0.429664 0.429694 0.429733 0.429783 0.429843 0.429913 0.429991 0.430074 0.43016 0.430243 0.430322 0.430391 0.430449 0.430495 0.430527 0.430545 0.430549 0.430538 0.430513 0.430473 0.43042 0.430355 0.43028 0.4302 0.430117 0.430036 0.429958 0.429888 0.429825 0.429772 0.429729 0.429694 0.429666 0.429646 0.429631 0.42962 0.429612 0.429607 0.429604 0.429602 0.4296 0.4296 0.429599 0.429599 0.429599 0.429599 0.429599 0.429599 0.429599 0.4296 0.429601 0.429605 0.429613 0.429628 0.429655 0.429703 0.429782 0.429905 0.430086 0.430339 0.430674 0.431093 0.431592 0.432155 0.432758 
0.42635 0.426954 0.427513 0.428007 0.428424 0.428761 0.429022 0.429217 0.429355 0.429451 0.429514 0.429554 0.429579 0.429594 0.429603 0.429608 0.429611 0.429612 0.429613 0.429613 0.429613 0.429613 0.429614 0.429614 0.429614 0.429614 0.429615 0.429616 0.429618 0.429622 0.429629 0.429641 0.429658 0.429684 0.429722 0.429775 0.429845 0.429935 0.430047 0.430181 0.430334 0.430503 0.430682 0.430862 0.431037 0.431199 0.431342 0.431461 0.431553 0.431617 0.431651 0.431656 0.431631 0.431575 0.431489 0.431375 0.431237 0.431079 0.430909 0.430734 0.430561 0.430397 0.430246 0.430113 0.429999 0.429904 0.429827 0.429767 0.429722 0.429688 0.429663 0.429646 0.429634 0.429627 0.429621 0.429618 0.429616 0.429615 0.429614 0.429614 0.429614 0.429614 0.429614 0.429614 0.429615 0.429616 0.42962 0.429628 0.429643 0.42967 0.429718 0.429797 0.42992 0.430101 0.430354 0.430689 0.431109 0.431607 0.43217 0.432774 
0.426359 0.426962 0.427521 0.428015 0.428433 0.42877 0.429031 0.429225 0.429364 0.429459 0.429523 0.429563 0.429588 0.429603 0.429612 0.429617 0.429619 0.429621 0.429621 0.429622 0.429622 0.429622 0.429622 0.429623 0.429623 0.429624 0.429626 0.429629 0.429635 0.429646 0.429663 0.429691 0.429733 0.429795 0.429881 0.43 0.430155 0.430351 0.43059 0.43087 0.431188 0.431533 0.431893 0.432255 0.432601 0.432919 0.433197 0.433427 0.433603 0.433723 0.433785 0.433788 0.433732 0.433616 0.433441 0.433211 0.432934 0.432618 0.432278 0.431927 0.431579 0.431248 0.430943 0.430671 0.430437 0.430241 0.430081 0.429955 0.429859 0.429786 0.429733 0.429696 0.42967 0.429652 0.429641 0.429633 0.429629 0.429626 0.429624 0.429623 0.429623 0.429623 0.429623 0.429623 0.429623 0.429625 0.429629 0.429636 0.429651 0.429679 0.429727 0.429806 0.429929 0.43011 0.430363 0.430698 0.431117 0.431616 0.432179 0.432783 
0.426363 0.426967 0.427526 0.42802 0.428438 0.428775 0.429036 0.42923 0.429369 0.429464 0.429527 0.429568 0.429593 0.429608 0.429617 0.429622 0.429624 0.429626 0.429626 0.429627 0.429627 0.429627 0.429628 0.429628 0.429629 0.429632 0.429637 0.429646 0.429661 0.429687 0.429728 0.429792 0.429887 0.430024 0.430212 0.430463 0.430787 0.431189 0.431671 0.432229 0.43285 0.433518 0.434207 0.43489 0.43554 0.436131 0.436643 0.437062 0.437381 0.437594 0.437699 0.437695 0.43758 0.437354 0.437018 0.436581 0.436054 0.435455 0.43481 0.434142 0.433479 0.432845 0.432257 0.43173 0.431273 0.430887 0.43057 0.430318 0.430121 0.429973 0.429864 0.429785 0.42973 0.429693 0.429668 0.429652 0.429642 0.429636 0.429632 0.42963 0.429629 0.429628 0.429628 0.429628 0.429628 0.42963 0.429634 0.429641 0.429656 0.429684 0.429732 0.429811 0.429934 0.430115 0.430368 0.430703 0.431122 0.431621 0.432184 0.432788 
0.426366 0.42697 0.427529 0.428023 0.42844 0.428777 0.429039 0.429233 0.429371 0.429467 0.42953 0.429571 0.429596 0.429611 0.429619 0.429624 0.429627 0.429628 0.429629 0.429629 0.42963 0.42963 0.429631 0.429633 0.429636 0.429642 0.429654 0.429676 0.429712 0.429771 0.429864 0.430004 0.430208 0.430494 0.43088 0.431386 0.432024 0.432804 0.433724 0.434772 0.435925 0.437147 0.438394 0.439617 0.44077 0.44181 0.442704 0.443431 0.443977 0.444336 0.444504 0.44448 0.44426 0.443845 0.443237 0.442448 0.441501 0.440427 0.439265 0.438062 0.436861 0.435706 0.43463 0.433658 0.432808 0.432083 0.431483 0.431 0.43062 0.43033 0.430114 0.429957 0.429846 0.429769 0.429717 0.429684 0.429662 0.429649 0.429641 0.429636 0.429633 0.429632 0.429631 0.429631 0.429631 0.429633 0.429636 0.429644 0.429659 0.429686 0.429734 0.429813 0.429936 0.430118 0.430371 0.430706 0.431125 0.431624 0.432187 0.43279 
0.426367 0.426971 0.42753 0.428024 0.428442 0.428779 0.42904 0.429234 0.429373 0.429468 0.429532 0.429572 0.429597 0.429612 0.429621 0.429626 0.429628 0.42963 0.429631 0.429631 0.429632 0.429633 0.429635 0.429639 0.429647 0.429662 0.429691 0.42974 0.429821 0.42995 0.430147 0.430438 0.430851 0.431417 0.432168 0.43313 0.434324 0.435756 0.437418 0.439283 0.441307 0.443424 0.445561 0.447637 0.449574 0.451308 0.452787 0.45398 0.454867 0.455441 0.455697 0.455631 0.455239 0.454519 0.453479 0.452136 0.450524 0.448696 0.446714 0.444654 0.442589 0.44059 0.438715 0.437008 0.4355 0.434203 0.433119 0.432235 0.431533 0.43099 0.430581 0.43028 0.430064 0.429913 0.429811 0.429743 0.429699 0.429671 0.429654 0.429644 0.429638 0.429635 0.429633 0.429633 0.429633 0.429634 0.429638 0.429646 0.42966 0.429688 0.429736 0.429815 0.429938 0.430119 0.430372 0.430707 0.431126 0.431625 0.432188 0.432792 
0.426368 0.426972 0.427531 0.428025 0.428442 0.428779 0.429041 0.429235 0.429374 0.429469 0.429532 0.429573 0.429598 0.429613 0.429621 0.429626 0.429629 0.429631 0.429631 0.429632 0.429633 0.429636 0.429641 0.42965 0.42967 0.429705 0.429768 0.429874 0.430045 0.430311 0.430708 0.431279 0.432072 0.433137 0.434518 0.436255 0.438368 0.44086 0.443705 0.446851 0.450216 0.453694 0.457164 0.460501 0.463589 0.466329 0.46865 0.470507 0.471876 0.472746 0.473114 0.472972 0.472317 0.471144 0.469461 0.467296 0.464699 0.461748 0.458542 0.455193 0.451817 0.448526 0.445414 0.442558 0.440009 0.437795 0.435921 0.434377 0.433135 0.432163 0.43142 0.430867 0.430465 0.430181 0.429985 0.429853 0.429767 0.429713 0.429679 0.429659 0.429647 0.42964 0.429636 0.429635 0.429634 0.429635 0.429639 0.429646 0.429661 0.429689 0.429737 0.429815 0.429938 0.43012 0.430373 0.430708 0.431127 0.431626 0.432189 0.432793 
0.426368 0.426972 0.427531 0.428025 0.428443 0.42878 0.429041 0.429235 0.429374 0.429469 0.429533 0.429573 0.429598 0.429613 0.429622 0.429627 0.429629 0.429631 0.429632 0.429634 0.429636 0.429642 0.429653 0.429676 0.429718 0.429795 0.429928 0.430145 0.430488 0.431008 0.431765 0.43283 0.434275 0.436172 0.438584 0.441556 0.445105 0.449218 0.453838 0.458869 0.464176 0.469593 0.474938 0.480026 0.484693 0.488802 0.492258 0.495002 0.497006 0.498262 0.498763 0.498504 0.497474 0.495668 0.493095 0.489791 0.485826 0.48131 0.476383 0.47121 0.465961 0.460804 0.455886 0.451328 0.447216 0.443604 0.440511 0.43793 0.435828 0.434159 0.432867 0.431892 0.431174 0.430659 0.4303 0.430056 0.429894 0.42979 0.429725 0.429685 0.429662 0.429649 0.429641 0.429637 0.429636 0.429636 0.429639 0.429647 0.429662 0.429689 0.429737 0.429816 0.429939 0.43012 0.430373 0.430708 0.431128 0.431626 0.432189 0.432793 
0.426368 0.426972 0.427531 0.428026 0.428443 0.42878 0.429041 0.429235 0.429374 0.42947 0.429533 0.429573 0.429598 0.429613 0.429622 0.429627 0.42963 0.429632 0.429633 0.429636 0.429642 0.429654 0.429679 0.429728 0.429818 0.429976 0.43024 0.430665 0.431317 0.432281 0.433654 0.435538 0.438038 0.44125 0.445249 0.450079 0.455741 0.462185 0.469307 0.476945 0.484891 0.492901 0.500715 0.50808 0.514776 0.520626 0.525512 0.529364 0.532155 0.533877 0.534529 0.534102 0.532581 0.529956 0.526234 0.521457 0.515716 0.509155 0.501964 0.494365 0.486599 0.478902 0.471491 0.46455 0.458217 0.452586 0.447702 0.443571 0.440161 0.437416 0.43526 0.433609 0.432377 0.431481 0.430847 0.430411 0.430119 0.429929 0.429808 0.429734 0.42969 0.429664 0.42965 0.429642 0.429638 0.429638 0.42964 0.429647 0.429662 0.429689 0.429737 0.429816 0.429939 0.43012 0.430374 0.430708 0.431128 0.431626 0.432189 0.432793 
0.426369 0.426972 0.427532 0.428026 0.428443 0.42878 0.429041 0.429235 0.429374 0.42947 0.429533 0.429573 0.429598 0.429613 0.429622 0.429627 0.42963 0.429633 0.429636 0.429642 0.429654 0.429681 0.429733 0.429833 0.430012 0.430319 0.430822 0.431608 0.432788 0.434489 0.436854 0.440025 0.44414 0.449312 0.455618 0.463083 0.471669 0.48127 0.491704 0.502726 0.514032 0.525285 0.53614 0.546271 0.5554 0.563316 0.569879 0.575021 0.578717 0.580969 0.581779 0.581138 0.579023 0.575416 0.570316 0.563769 0.555882 0.546829 0.536849 0.526228 0.515284 0.504334 0.493681 0.483587 0.474264 0.465866 0.458483 0.452148 0.446843 0.442508 0.439053 0.436368 0.434335 0.432837 0.431762 0.431012 0.430504 0.430168 0.429954 0.42982 0.429739 0.429692 0.429665 0.42965 0.429642 0.42964 0.429641 0.429648 0.429662 0.429689 0.429737 0.429816 0.429939 0.43012 0.430374 0.430708 0.431128 0.431627 0.432189 0.432793 
0.426369 0.426972 0.427532 0.428026 0.428443 0.42878 0.429041 0.429236 0.429374 0.42947 0.429533 0.429573 0.429598 0.429614 0.429622 0.429628 0.429631 0.429635 0.429641 0.429653 0.429679 0.429733 0.429838 0.430032 0.430372 0.430941 0.431848 0.433234 0.435265 0.438124 0.442004 0.44709 0.453542 0.461475 0.470945 0.481932 0.49433 0.507945 0.522497 0.537631 0.552937 0.567979 0.582323 0.595577 0.607416 0.617603 0.625994 0.632525 0.637188 0.639996 0.640961 0.640073 0.637301 0.63261 0.625989 0.617476 0.607184 0.595309 0.582131 0.567996 0.553294 0.538433 0.523808 0.509779 0.49665 0.484657 0.473959 0.464642 0.45672 0.450145 0.444823 0.440625 0.437398 0.434985 0.43323 0.431989 0.431136 0.430567 0.430198 0.429966 0.429824 0.42974 0.429691 0.429664 0.42965 0.429644 0.429643 0.429649 0.429663 0.42969 0.429737 0.429816 0.429939 0.430121 0.430374 0.430708 0.431128 0.431627 0.432189 0.432793 
0.426369 0.426972 0.427532 0.428026 0.428443 0.42878 0.429041 0.429236 0.429374 0.42947 0.429533 0.429573 0.429599 0.429614 0.429623 0.429628 0.429633 0.429639 0.42965 0.429676 0.429728 0.429833 0.430032 0.430391 0.431005 0.432008 0.43357 0.435899 0.439231 0.443814 0.449889 0.457671 0.467323 0.478932 0.4925 0.507924 0.524996 0.543405 0.562748 0.582551 0.602295 0.621446 0.6395 0.656013 0.670633 0.683117 0.693333 0.701238 0.706846 0.710192 0.7113 0.710158 0.706725 0.700949 0.692795 0.682283 0.669517 0.654697 0.638126 0.620193 0.601352 0.58209 0.562899 0.544245 0.52654 0.510124 0.495255 0.482097 0.470728 0.46114 0.453254 0.446934 0.442002 0.438258 0.435496 0.433516 0.432137 0.431206 0.430594 0.430205 0.429965 0.42982 0.429736 0.429688 0.429663 0.42965 0.429647 0.42965 0.429664 0.42969 0.429738 0.429816 0.429939 0.430121 0.430374 0.430708 0.431128 0.431627 0.43219 0.432793 
0.426369 0.426972 0.427532 0.428026 0.428443 0.42878 0.429041 0.429236 0.429374 0.42947 0.429533 0.429573 0.429599 0.429614 0.429623 0.429629 0.429636 0.429647 0.42967 0.429718 0.429818 0.430012 0.430372 0.431005 0.432064 0.43375 0.436317 0.440056 0.445278 0.452296 0.461388 0.472769 0.486569 0.502808 0.521384 0.542073 0.564529 0.588299 0.612847 0.63758 0.661879 0.68514 0.706812 0.72643 0.743644 0.758232 0.770091 0.779216 0.785655 0.78947 0.790697 0.789329 0.785311 0.778566 0.769031 0.756693 0.741625 0.72401 0.704147 0.682439 0.659379 0.635514 0.61142 0.587663 0.564773 0.543212 0.523361 0.505501 0.489805 0.476345 0.46509 0.455922 0.448655 0.443055 0.438862 0.435813 0.433663 0.432191 0.431213 0.430583 0.430189 0.42995 0.429809 0.429728 0.429684 0.429661 0.429652 0.429653 0.429665 0.429691 0.429738 0.429816 0.429939 0.430121 0.430374 0.430708 0.431128 0.431627 0.43219 0.432793 
0.426369 0.426972 0.427532 0.428026 0.428443 0.42878 0.429041 0.429236 0.429374 0.42947 0.429533 0.429574 0.429599 0.429614 0.429624 0.429632 0.429642 0.429662 0.429705 0.429795 0.429976 0.430319 0.430941 0.432008 0.43375 0.436463 0.440497 0.446236 0.454071 0.46436 0.477385 0.493325 0.512222 0.533973 0.558326 0.584891 0.613158 0.642521 0.672316 0.701847 0.730429 0.757423 0.782271 0.804526 0.823878 0.840152 0.853297 0.863357 0.870423 0.874588 0.875907 0.874373 0.86992 0.862445 0.851846 0.838063 0.821124 0.801163 0.778442 0.753343 0.726359 0.698063 0.669084 0.640073 0.611667 0.58446 0.558975 0.535641 0.514773 0.496563 0.481073 0.468245 0.457912 0.449824 0.443678 0.439146 0.435905 0.433657 0.432145 0.431159 0.430535 0.430152 0.429924 0.429792 0.429718 0.429679 0.429661 0.429658 0.429667 0.429692 0.429738 0.429817 0.429939 0.430121 0.430374 0.430708 0.431128 0.431627 0.43219 0.432793 
0.426369 0.426972 0.427532 0.428026 0.428443 0.42878 0.429041 0.429236 0.429374 0.42947 0.429533 0.429574 0.429599 0.429615 0.429626 0.429637 0.429654 0.429691 0.429768 0.429928 0.43024 0.430822 0.431848 0.43357 0.436317 0.440497 0.446569 0.455015 0.466286 0.480753 0.498658 0.520078 0.544908 0.572864 0.603494 0.636213 0.670332 0.705102 0.739752 0.773525 0.805713 0.835691 0.862946 0.887095 0.907897 0.925253 0.939182 0.949788 0.957209 0.961571 0.962947 0.961335 0.956656 0.948783 0.937569 0.922902 0.904742 0.883151 0.858321 0.830571 0.800346 0.768199 0.73477 0.700754 0.666874 0.633844 0.60234 0.572962 0.546206 0.522433 0.501854 0.484518 0.470323 0.459035 0.450327 0.443812 0.439087 0.435765 0.433503 0.432009 0.431052 0.430458 0.4301 0.42989 0.429772 0.429708 0.429676 0.429665 0.429671 0.429694 0.429739 0.429817 0.42994 0.430121 0.430374 0.430708 0.431128 0.431627 0.43219 0.432793 
0.426369 0.426972 0.427532 0.428026 0.428443 0.42878 0.429041 0.429236 0.429374 0.42947 0.429533 0.429574 0.429599 0.429616 0.429629 0.429646 0.429676 0.42974 0.429874 0.430145 0.430665 0.431608 0.433234 0.435899 0.440056 0.446236 0.455015 0.466955 0.482534 0.502086 0.525746 0.553423 0.584798 0.619348 0.656389 0.695124 0.734698 0.774246 0.812936 0.850001 0.884772 0.916694 0.945345 0.970446 0.991861 1.00958 1.02372 1.03442 1.04189 1.04628 1.04768 1.04608 1.04142 1.03352 1.02222 1.00733 0.988743 0.966426 0.940469 0.911091 0.878643 0.843603 0.806563 0.768216 0.729322 0.690691 0.653137 0.617443 0.584315 0.554329 0.5279 0.505244 0.48638 0.471137 0.459193 0.450124 0.443452 0.438698 0.435416 0.433221 0.431799 0.430905 0.43036 0.430038 0.429853 0.429751 0.429699 0.429677 0.429677 0.429696 0.429741 0.429818 0.42994 0.430121 0.430374 0.430708 0.431128 0.431627 0.43219 0.432793 
0.426369 0.426972 0.427532 0.428026 0.428443 0.42878 0.429041 0.429236 0.429374 0.42947 0.429533 0.429574 0.4296 0.429618 0.429635 0.429661 0.429712 0.429821 0.430045 0.430488 0.431317 0.432788 0.435265 0.439231 0.445278 0.454071 0.466286 0.482534 0.50327 0.528722 0.558846 0.593307 0.631513 0.672665 0.715828 0.760008 0.804215 0.847519 0.889086 0.928208 0.96431 0.996963 1.02588 1.05092 1.07207 1.08943 1.10318 1.11354 1.12076 1.125 1.12638 1.1249 1.12047 1.11293 1.10206 1.08762 1.06943 1.04736 1.02137 0.991552 0.958117 0.921419 0.881943 0.840313 0.797274 0.753675 0.710442 0.668529 0.628861 0.592267 0.55941 0.53074 0.506455 0.486508 0.47063 0.458389 0.449253 0.44265 0.43803 0.4349 0.432846 0.431539 0.430733 0.430252 0.429972 0.429816 0.429733 0.429694 0.429685 0.429701 0.429743 0.429819 0.42994 0.430121 0.430374 0.430709 0.431128 0.431627 0.43219 0.432793 
0.426369 0.426972 0.427532 0.428026 0.428443 0.42878 0.429041 0.429236 0.429374 0.42947 0.429533 0.429575 0.429602 0.429622 0.429646 0.429687 0.429771 0.42995 0.430311 0.431008 0.432281 0.434489 0.438124 0.443814 0.452296 0.46436 0.480753 0.502086 0.528722 0.560709 0.597742 0.639184 0.684124 0.731471 0.780053 0.828715 0.876387 0.92214 0.965211 1.00501 1.04112 1.07327 1.10135 1.12537 1.14544 1.16177 1.17462 1.18426 1.19095 1.1949 1.19622 1.19493 1.19094 1.18406 1.17407 1.16068 1.14364 1.12272 1.09776 1.0687 1.03559 0.998597 0.958063 0.914472 0.868484 0.820928 0.772785 0.725144 0.679138 0.63586 0.596262 0.561077 0.530749 0.505416 0.484925 0.468882 0.456727 0.447817 0.441496 0.437157 0.434272 0.432414 0.431255 0.430553 0.430142 0.429909 0.429783 0.42972 0.429698 0.429707 0.429746 0.42982 0.429941 0.430121 0.430374 0.430709 0.431128 0.431627 0.43219 0.432793 
0.426369 0.426972 0.427532 0.428026 0.428443 0.42878 0.429041 0.429236 0.429374 0.42947 0.429534 0.429575 0.429604 0.429629 0.429663 0.429728 0.429864 0.430147 0.430708 0.431765 0.433654 0.436854 0.442004 0.449889 0.461388 0.477385 0.498658 0.525746 0.558846 0.597742 0.641807 0.690052 0.741233 0.793979 0.846924 0.89881 0.94856 0.995321 1.03847 1.07758 1.11245 1.143 1.16928 1.19148 1.20983 1.22461 1.23616 1.24478 1.25076 1.2543 1.25553 1.25447 1.25104 1.24505 1.23626 1.22437 1.20907 1.19004 1.16701 1.13977 1.10819 1.07226 1.03209 0.987984 0.940453 0.89023 0.838282 0.785774 0.734012 0.684333 0.637996 0.596051 0.559249 0.527978 0.502266 0.481815 0.466083 0.454382 0.445963 0.440105 0.436159 0.433587 0.431962 0.430968 0.430378 0.43004 0.429853 0.429757 0.429717 0.429717 0.42975 0.429822 0.429942 0.430122 0.430374 0.430709 0.431128 0.431627 0.43219 0.432793 
0.426369 0.426972 0.427532 0.428026 0.428443 0.42878 0.429041 0.429236 0.429374 0.42947 0.429534 0.429577 0.429609 0.429641 0.429691 0.429792 0.430004 0.430438 0.431279 0.43283 0.435538 0.440025 0.44709 0.457671 0.472769 0.493325 0.520078 0.553423 0.593307 0.639184 0.690052 0.744554 0.801126 0.858163 0.914169 0.96786 1.01823 1.06458 1.10647 1.14371 1.1763 1.20436 1.22814 1.24795 1.26413 1.27704 1.28704 1.29447 1.29961 1.30268 1.30379 1.30297 1.30015 1.29516 1.28775 1.27763 1.26443 1.24779 1.22735 1.20276 1.17372 1.14 1.10151 1.05831 1.0107 0.959254 0.90484 0.848627 0.792027 0.736584 0.683842 0.635191 0.591723 0.554141 0.522717 0.497318 0.477477 0.462497 0.451567 0.443855 0.438592 0.435118 0.432897 0.431522 0.430697 0.430218 0.42995 0.429809 0.429744 0.42973 0.429757 0.429825 0.429943 0.430122 0.430375 0.430709 0.431128 0.431627 0.43219 0.432793 
0.426369 0.426972 0.427532 0.428026 0.428443 0.42878 0.429041 0.429236 0.429374 0.42947 0.429535 0.42958 0.429616 0.429658 0.429733 0.429887 0.430208 0.430851 0.432072 0.434275 0.438038 0.44414 0.453542 0.467323 0.486569 0.512222 0.544908 0.584798 0.631513 0.684124 0.741233 0.801126 0.861966 0.921983 0.979633 1.0337 1.08331 1.12799 1.16752 1.20195 1.23149 1.25649 1.27733 1.29443 1.30822 1.31912 1.32748 1.33367 1.33794 1.3405 1.34147 1.34088 1.33866 1.33468 1.32869 1.3204 1.30946 1.29546 1.27797 1.25655 1.23073 1.20012 1.16438 1.12334 1.07704 1.02581 0.970378 0.911815 0.851555 0.791284 0.73279 0.677785 0.627725 0.583669 0.546201 0.515419 0.490993 0.472273 0.458414 0.448501 0.441647 0.437065 0.4341 0.432243 0.431117 0.430456 0.430081 0.429878 0.42978 0.429748 0.429766 0.42983 0.429946 0.430123 0.430375 0.430709 0.431128 0.431627 0.43219 0.432793 
0.426369 0.426972 0.427532 0.428026 0.428443 0.42878 0.429041 0.429236 0.429375 0.429471 0.429537 0.429584 0.429626 0.429684 0.429795 0.430024 0.430494 0.431417 0.433137 0.436172 0.44125 0.449312 0.461475 0.478932 0.502808 0.533973 0.572864 0.619348 0.672665 0.731471 0.793979 0.858163 0.921983 0.983593 1.04149 1.0946 1.14227 1.18426 1.22061 1.25161 1.27768 1.29933 1.31706 1.33138 1.34278 1.35167 1.35845 1.36342 1.36685 1.36892 1.36974 1.36935 1.36768 1.36463 1.35997 1.35344 1.3447 1.33334 1.3189 1.30085 1.27864 1.25169 1.21947 1.18156 1.13774 1.08807 1.03303 0.973539 0.910953 0.847011 0.783677 0.722945 0.666626 0.616163 0.572501 0.536031 0.506632 0.483757 0.466576 0.454116 0.445388 0.439478 0.435609 0.433158 0.431655 0.430763 0.430251 0.42997 0.429828 0.429773 0.429778 0.429836 0.429948 0.430125 0.430376 0.430709 0.431128 0.431627 0.43219 0.432793 
0.426369 0.426972 0.427532 0.428026 0.428443 0.42878 0.429041 0.429236 0.429375 0.429472 0.429539 0.42959 0.429642 0.429722 0.429881 0.430212 0.43088 0.432168 0.434518 0.438584 0.445249 0.455618 0.470945 0.4925 0.521384 0.558326 0.603494 0.656389 0.715828 0.780053 0.846924 0.914169 0.979633 1.04149 1.09837 1.14941 1.19421 1.23279 1.26546 1.29273 1.31518 1.33345 1.34814 1.35981 1.36896 1.37601 1.38133 1.3852 1.38787 1.38949 1.39016 1.38992 1.38872 1.38647 1.38298 1.37803 1.37129 1.36239 1.35085 1.33611 1.31756 1.29451 1.26624 1.23213 1.19168 1.14468 1.09131 1.03225 0.968707 0.90237 0.835288 0.769673 0.70766 0.651076 0.601258 0.55895 0.524298 0.496927 0.476071 0.460738 0.449855 0.442396 0.437455 0.43429 0.432328 0.431151 0.430469 0.430089 0.429891 0.429805 0.429794 0.429844 0.429952 0.430127 0.430376 0.43071 0.431128 0.431627 0.43219 0.432793 
0.426369 0.426972 0.427532 0.428026 0.428443 0.42878 0.429041 0.429236 0.429375 0.429473 0.429542 0.429598 0.429664 0.429775 0.43 0.430463 0.431386 0.43313 0.436255 0.441556 0.450079 0.463083 0.481932 0.507924 0.542073 0.584891 0.636213 0.695124 0.760008 0.828715 0.89881 0.96786 1.0337 1.0946 1.14941 1.19751 1.23881 1.27358 1.30237 1.32586 1.34478 1.35986 1.37175 1.38102 1.38818 1.39361 1.39767 1.4006 1.40261 1.40384 1.40437 1.40424 1.40342 1.40182 1.3993 1.39567 1.39066 1.3839 1.37496 1.36328 1.34821 1.32899 1.30481 1.27482 1.23832 1.19481 1.14415 1.08674 1.02354 0.956095 0.886446 0.81694 0.749977 0.687748 0.631996 0.583855 0.543799 0.51168 0.486857 0.468359 0.455062 0.445837 0.439656 0.435654 0.433147 0.431628 0.430738 0.430237 0.42997 0.429846 0.429815 0.429854 0.429957 0.430129 0.430377 0.43071 0.431129 0.431627 0.43219 0.432793 
0.426369 0.426972 0.427532 0.428026 0.428443 0.42878 0.429042 0.429236 0.429376 0.429474 0.429547 0.429611 0.429694 0.429845 0.430155 0.430787 0.432024 0.434324 0.438368 0.445105 0.455741 0.471669 0.49433 0.524996 0.564529 0.613158 0.670332 0.734698 0.804215 0.876387 0.94856 1.01823 1.08331 1.14227 1.19421 1.23881 1.27626 1.30708 1.33202 1.35191 1.36757 1.37978 1.3892 1.39641 1.40188 1.40597 1.40898 1.41114 1.41261 1.41352 1.41393 1.41387 1.41332 1.41223 1.41047 1.4079 1.40428 1.39931 1.39257 1.38356 1.37163 1.35598 1.33574 1.30994 1.27766 1.23815 1.19098 1.1362 1.07448 1.00713 0.936084 0.86374 0.79269 0.725443 0.664138 0.610323 0.564841 0.527829 0.498824 0.476923 0.460984 0.449796 0.442216 0.437256 0.434118 0.432199 0.431064 0.430417 0.430067 0.429897 0.429841 0.429867 0.429963 0.430132 0.430379 0.430711 0.431129 0.431627 0.43219 0.432793 
0.426369 0.426972 0.427532 0.428026 0.428443 0.42878 0.429042 0.429236 0.429377 0.429477 0.429553 0.429627 0.429733 0.429935 0.430351 0.431189 0.432804 0.435756 0.44086 0.449218 0.462185 0.48127 0.507945 0.543405 0.588299 0.642521 0.705102 0.774246 0.847519 0.92214 0.995321 1.06458 1.12799 1.18426 1.23279 1.27358 1.30708 1.33404 1.35535 1.37195 1.38472 1.39444 1.40179 1.40729 1.41138 1.41439 1.41657 1.41812 1.41918 1.41983 1.42013 1.42012 1.41977 1.41905 1.41787 1.4161 1.41357 1.41 1.40507 1.39828 1.38903 1.37656 1.35994 1.33815 1.3101 1.27483 1.23162 1.18019 1.12085 1.05464 0.983293 0.909153 0.834927 0.763385 0.697034 0.637839 0.587039 0.545103 0.51179 0.486316 0.467554 0.454235 0.445116 0.439088 0.43524 0.432864 0.431446 0.430631 0.430183 0.429958 0.429873 0.429883 0.429971 0.430135 0.430381 0.430711 0.431129 0.431627 0.43219 0.432793 
0.426369 0.426972 0.427532 0.428026 0.428443 0.42878 0.429042 0.429237 0.429378 0.42948 0.429561 0.429647 0.429783 0.430047 0.43059 0.431671 0.433724 0.437418 0.443705 0.453838 0.469307 0.491704 0.522497 0.562748 0.612847 0.672316 0.739752 0.812936 0.889086 0.965211 1.03847 1.10647 1.16752 1.22061 1.26546 1.30237 1.33202 1.35535 1.37336 1.38707 1.39736 1.40502 1.41066 1.4148 1.41781 1.41999 1.42154 1.42263 1.42336 1.42382 1.42404 1.42404 1.42383 1.42337 1.4226 1.42142 1.41969 1.41721 1.41367 1.40867 1.40165 1.39188 1.37846 1.36033 1.33632 1.30528 1.26624 1.21859 1.1623 1.09806 1.02735 0.95237 0.875867 0.800798 0.729995 0.665824 0.609935 0.563153 0.525508 0.496369 0.474662 0.459088 0.448317 0.44113 0.4365 0.433618 0.431884 0.430877 0.430318 0.43003 0.42991 0.429901 0.42998 0.43014 0.430383 0.430712 0.43113 0.431627 0.43219 0.432793 
0.426369 0.426972 0.427532 0.428026 0.428443 0.42878 0.429042 0.429237 0.429379 0.429484 0.429571 0.429673 0.429843 0.430181 0.43087 0.432229 0.434772 0.439283 0.446851 0.458869 0.476945 0.502726 0.537631 0.582551 0.63758 0.701847 0.773525 0.850001 0.928208 1.00501 1.07758 1.14371 1.20195 1.25161 1.29273 1.32586 1.35191 1.37195 1.38707 1.3983 1.40653 1.41251 1.41681 1.41988 1.42207 1.42362 1.4247 1.42545 1.42595 1.42626 1.42642 1.42644 1.42631 1.42603 1.42554 1.42477 1.42363 1.42193 1.41945 1.41582 1.41057 1.40303 1.39234 1.37744 1.35713 1.33011 1.29522 1.25155 1.19871 1.13704 1.06771 0.992721 0.914768 0.836934 0.762319 0.693659 0.633009 0.581571 0.539666 0.506858 0.482155 0.464253 0.451755 0.443343 0.437877 0.434448 0.432368 0.431152 0.430469 0.430111 0.429952 0.429923 0.429991 0.430145 0.430385 0.430714 0.43113 0.431628 0.43219 0.432794 
0.426369 0.426972 0.427532 0.428026 0.428443 0.42878 0.429042 0.429238 0.429381 0.429488 0.429584 0.429703 0.429913 0.430334 0.431188 0.43285 0.435925 0.441307 0.450216 0.464176 0.484891 0.514032 0.552937 0.602295 0.661879 0.730429 0.805713 0.884772 0.96431 1.04112 1.11245 1.1763 1.23149 1.27768 1.31518 1.34478 1.36757 1.38472 1.39736 1.40653 1.41309 1.41773 1.42099 1.42326 1.42483 1.42592 1.42667 1.42718 1.42752 1.42772 1.42783 1.42785 1.42778 1.42761 1.42731 1.42682 1.42608 1.42494 1.42323 1.42064 1.41677 1.41101 1.40257 1.39044 1.37339 1.35006 1.31911 1.27938 1.23017 1.17144 1.10402 1.02968 0.950998 0.871108 0.793326 0.720716 0.655717 0.599904 0.553913 0.51752 0.489845 0.469602 0.455346 0.445672 0.439339 0.435336 0.432891 0.43145 0.430634 0.4302 0.429998 0.429946 0.430002 0.430151 0.430388 0.430715 0.431131 0.431628 0.43219 0.432794 
0.426369 0.426972 0.427532 0.428026 0.428443 0.42878 0.429042 0.429238 0.429383 0.429494 0.429598 0.429737 0.429991 0.430503 0.431533 0.433518 0.437147 0.443424 0.453694 0.469593 0.492901 0.525285 0.567979 0.621446 0.68514 0.757423 0.835691 0.916694 0.996963 1.07327 1.143 1.20436 1.25649 1.29933 1.33345 1.35986 1.37978 1.39444 1.40502 1.41251 1.41773 1.42134 1.4238 1.42547 1.4266 1.42736 1.42787 1.42821 1.42844 1.42857 1.42864 1.42866 1.42862 1.42852 1.42834 1.42804 1.42757 1.42682 1.42565 1.42383 1.42099 1.41662 1.41 1.40017 1.38592 1.36586 1.33852 1.30254 1.25691 1.20126 1.13609 1.06288 0.984044 0.902727 0.822395 0.746392 0.677511 0.617689 0.567872 0.528064 0.497517 0.474983 0.458989 0.448054 0.440844 0.436256 0.433436 0.431763 0.430809 0.430294 0.430048 0.429972 0.430015 0.430157 0.430391 0.430716 0.431131 0.431628 0.43219 0.432794 
0.426369 0.426972 0.427532 0.428026 0.428443 0.428781 0.429043 0.429239 0.429385 0.4295 0.429613 0.429774 0.430074 0.430682 0.431893 0.434207 0.438394 0.445561 0.457164 0.474938 0.500715 0.53614 0.582323 0.6395 0.706812 0.782271 0.862946 0.945345 1.02588 1.10135 1.16928 1.22814 1.27733 1.31706 1.34814 1.37175 1.3892 1.40179 1.41066 1.41681 1.42099 1.4238 1.42566 1.4269 1.42771 1.42824 1.42859 1.42882 1.42897 1.42905 1.4291 1.42912 1.4291 1.42904 1.42893 1.42875 1.42845 1.42797 1.42718 1.4259 1.42383 1.42052 1.41533 1.40736 1.39546 1.37821 1.35407 1.32151 1.27927 1.22667 1.16387 1.09208 1.01353 0.93131 0.84899 0.770146 0.697885 0.634476 0.581168 0.538196 0.504949 0.480238 0.462572 0.450413 0.442346 0.437181 0.433988 0.432082 0.430988 0.430392 0.4301 0.429999 0.430029 0.430163 0.430394 0.430718 0.431132 0.431628 0.43219 0.432794 
0.426369 0.426972 0.427532 0.428026 0.428443 0.428781 0.429043 0.42924 0.429388 0.429506 0.429629 0.429812 0.43016 0.430862 0.432255 0.43489 0.439617 0.447637 0.460501 0.480026 0.50808 0.546271 0.595577 0.656013 0.72643 0.804526 0.887095 0.970446 1.05092 1.12537 1.19148 1.24795 1.29443 1.33138 1.35981 1.38102 1.39641 1.40729 1.4148 1.41988 1.42326 1.42547 1.4269 1.42782 1.42841 1.42878 1.42902 1.42917 1.42926 1.42932 1.42935 1.42936 1.42935 1.42932 1.42926 1.42915 1.42897 1.42865 1.42812 1.42722 1.42571 1.4232 1.41911 1.41262 1.40263 1.38774 1.36635 1.3368 1.29763 1.24789 1.18744 1.11721 1.03923 0.956511 0.872693 0.791532 0.716401 0.649868 0.593462 0.547638 0.511929 0.485208 0.465986 0.452676 0.443795 0.438079 0.434527 0.432396 0.431165 0.430489 0.430152 0.430025 0.430042 0.43017 0.430397 0.430719 0.431133 0.431629 0.43219 0.432794 
0.426369 0.426972 0.427532 0.428026 0.428443 0.428781 0.429043 0.429241 0.42939 0.429513 0.429645 0.42985 0.430243 0.431037 0.432601 0.43554 0.44077 0.449574 0.463589 0.484693 0.514776 0.5554 0.607416 0.670633 0.743644 0.823878 0.907897 0.991861 1.07207 1.14544 1.20983 1.26413 1.30822 1.34278 1.36896 1.38818 1.40188 1.41138 1.41781 1.42207 1.42483 1.4266 1.42771 1.42841 1.42884 1.4291 1.42927 1.42937 1.42943 1.42947 1.42949 1.42949 1.42949 1.42947 1.42944 1.42937 1.42926 1.42905 1.4287 1.42806 1.42694 1.42502 1.42177 1.41643 1.40796 1.39499 1.37589 1.34891 1.31243 1.26525 1.20698 1.1383 1.06104 0.978128 0.893223 0.810222 0.732718 0.663541 0.604466 0.556151 0.518267 0.489752 0.469127 0.454772 0.445147 0.438922 0.435036 0.432694 0.431334 0.430582 0.430202 0.430052 0.430056 0.430177 0.4304 0.430721 0.431133 0.431629 0.432191 0.432794 
