2.23996 2.24023 2.2405 2.24076 2.24101 2.24125 2.24149 2.24171 2.24192 2.24212 2.24231 2.24249 2.24266 2.24282 2.24298 2.24313 2.24328 2.24344 2.24359 2.24376 2.24393 2.24412 2.24432 2.24454 2.24477 2.24503 2.24532 2.24562 2.24596 2.24631 2.24669 2.24709 2.24751 2.24795 2.24841 2.24887 2.24935 2.24982 2.25029 2.25076 2.25121 2.25164 2.25204 2.25242 2.25276 2.25306 2.25331 2.25352 2.25368 2.25378 2.25383 2.25383 2.25377 2.25366 2.25349 2.25327 2.25301 2.25271 2.25237 2.25199 2.25159 2.25116 2.25072 2.25026 2.2498 2.24934 2.24888 2.24843 2.24799 2.24756 2.24716 2.24678 2.24642 2.24609 2.24578 2.2455 2.24525 2.24504 2.24485 2.24468 2.24455 2.24445 2.24438 2.24433 2.24431 2.24432 2.24436 2.24442 2.24451 2.24462 2.24475 2.24491 2.24509 2.24528 2.2455 2.24572 2.24597 2.24622 2.24648 2.24674 
2.24023 2.2405 2.24076 2.24102 2.24127 2.24152 2.24175 2.24198 2.24219 2.24239 2.24258 2.24276 2.24292 2.24309 2.24324 2.24339 2.24354 2.2437 2.24385 2.24402 2.24419 2.24438 2.24458 2.2448 2.24504 2.2453 2.24559 2.2459 2.24624 2.2466 2.24699 2.24739 2.24782 2.24827 2.24874 2.24921 2.2497 2.25018 2.25066 2.25114 2.2516 2.25204 2.25245 2.25284 2.25319 2.25349 2.25376 2.25397 2.25413 2.25424 2.25429 2.25428 2.25422 2.2541 2.25393 2.25371 2.25345 2.25313 2.25278 2.2524 2.25199 2.25155 2.2511 2.25063 2.25016 2.24969 2.24922 2.24875 2.24831 2.24787 2.24746 2.24707 2.24671 2.24637 2.24606 2.24578 2.24553 2.2453 2.24511 2.24495 2.24482 2.24471 2.24464 2.24459 2.24458 2.24458 2.24462 2.24468 2.24477 2.24488 2.24502 2.24517 2.24535 2.24555 2.24576 2.24599 2.24623 2.24648 2.24674 2.24701 
2.2405 2.24076 2.24103 2.24129 2.24154 2.24178 2.24202 2.24224 2.24245 2.24266 2.24285 2.24303 2.2432 2.24336 2.24352 2.24368 2.24383 2.24399 2.24415 2.24433 2.24451 2.24471 2.24493 2.24516 2.24542 2.24571 2.24602 2.24635 2.24672 2.24711 2.24753 2.24797 2.24844 2.24892 2.24943 2.24994 2.25046 2.25099 2.25151 2.25203 2.25253 2.253 2.25345 2.25387 2.25424 2.25458 2.25486 2.25509 2.25526 2.25538 2.25543 2.25542 2.25536 2.25523 2.25504 2.2548 2.25451 2.25417 2.25379 2.25337 2.25293 2.25245 2.25196 2.25146 2.25094 2.25043 2.24992 2.24942 2.24894 2.24847 2.24802 2.2476 2.2472 2.24684 2.2465 2.2462 2.24592 2.24568 2.24547 2.24529 2.24515 2.24503 2.24495 2.2449 2.24487 2.24487 2.2449 2.24496 2.24505 2.24516 2.24529 2.24544 2.24562 2.24581 2.24603 2.24626 2.2465 2.24675 2.24701 2.24727 
2.24076 2.24102 2.24129 2.24155 2.2418 2.24204 2.24228 2.2425 2.24272 2.24292 2.24312 2.2433 2.24348 2.24365 2.24381 2.24398 2.24414 2.24432 2.24449 2.24469 2.24489 2.24511 2.24536 2.24563 2.24592 2.24624 2.2466 2.24698 2.2474 2.24785 2.24832 2.24883 2.24936 2.24992 2.25049 2.25108 2.25168 2.25227 2.25287 2.25345 2.25402 2.25456 2.25507 2.25554 2.25596 2.25634 2.25666 2.25691 2.25711 2.25724 2.2573 2.25728 2.25721 2.25706 2.25685 2.25657 2.25624 2.25585 2.25542 2.25495 2.25444 2.2539 2.25334 2.25276 2.25218 2.2516 2.25102 2.25045 2.24989 2.24936 2.24885 2.24837 2.24792 2.2475 2.24711 2.24676 2.24645 2.24617 2.24593 2.24572 2.24555 2.24541 2.24531 2.24524 2.2452 2.24519 2.24521 2.24526 2.24533 2.24544 2.24556 2.24572 2.24589 2.24608 2.24629 2.24652 2.24676 2.24701 2.24727 2.24753 
2.24101 2.24127 2.24154 2.2418 2.24205 2.2423 2.24254 2.24276 2.24298 2.24319 2.24339 2.24358 2.24376 2.24394 2.24412 2.2443 2.24448 2.24467 2.24488 2.2451 2.24534 2.2456 2.24588 2.2462 2.24655 2.24693 2.24735 2.24781 2.2483 2.24883 2.2494 2.25 2.25063 2.25129 2.25197 2.25266 2.25336 2.25407 2.25477 2.25545 2.25612 2.25675 2.25735 2.2579 2.25839 2.25883 2.2592 2.2595 2.25973 2.25987 2.25994 2.25992 2.25983 2.25965 2.2594 2.25908 2.25868 2.25823 2.25772 2.25716 2.25656 2.25593 2.25527 2.25459 2.2539 2.25321 2.25253 2.25186 2.2512 2.25057 2.24997 2.2494 2.24887 2.24837 2.24791 2.24749 2.24712 2.24678 2.24649 2.24624 2.24603 2.24585 2.24572 2.24562 2.24556 2.24553 2.24553 2.24557 2.24563 2.24573 2.24585 2.24599 2.24616 2.24635 2.24655 2.24678 2.24701 2.24726 2.24752 2.24778 
2.24125 2.24152 2.24178 2.24204 2.2423 2.24255 2.24279 2.24302 2.24324 2.24345 2.24366 2.24386 2.24405 2.24425 2.24444 2.24464 2.24485 2.24507 2.24531 2.24557 2.24585 2.24617 2.24651 2.2469 2.24732 2.24779 2.2483 2.24886 2.24946 2.2501 2.25079 2.25152 2.25229 2.25308 2.2539 2.25474 2.25558 2.25643 2.25727 2.25809 2.25889 2.25965 2.26036 2.26101 2.26161 2.26213 2.26257 2.26292 2.26318 2.26336 2.26343 2.26341 2.26329 2.26308 2.26277 2.26238 2.26191 2.26136 2.26075 2.26008 2.25936 2.25859 2.2578 2.25699 2.25616 2.25533 2.25451 2.2537 2.25291 2.25214 2.25142 2.25072 2.25008 2.24947 2.24891 2.2484 2.24794 2.24753 2.24717 2.24685 2.24659 2.24637 2.24619 2.24605 2.24596 2.2459 2.24588 2.24589 2.24594 2.24602 2.24613 2.24627 2.24643 2.24661 2.24681 2.24703 2.24726 2.24751 2.24777 2.24803 
2.24149 2.24175 2.24202 2.24228 2.24254 2.24279 2.24303 2.24327 2.24349 2.24371 2.24393 2.24414 2.24435 2.24456 2.24478 2.24501 2.24525 2.24551 2.2458 2.24611 2.24646 2.24684 2.24727 2.24774 2.24826 2.24884 2.24947 2.25016 2.2509 2.25169 2.25254 2.25343 2.25437 2.25534 2.25635 2.25737 2.2584 2.25943 2.26045 2.26145 2.26241 2.26333 2.26418 2.26498 2.26569 2.26631 2.26684 2.26726 2.26758 2.26778 2.26787 2.26783 2.26769 2.26743 2.26705 2.26658 2.266 2.26534 2.26459 2.26378 2.2629 2.26197 2.26101 2.26002 2.25901 2.258 2.257 2.25601 2.25505 2.25411 2.25322 2.25237 2.25158 2.25083 2.25015 2.24952 2.24894 2.24843 2.24798 2.24758 2.24724 2.24696 2.24672 2.24654 2.2464 2.2463 2.24625 2.24624 2.24627 2.24633 2.24642 2.24654 2.24669 2.24687 2.24706 2.24728 2.24751 2.24775 2.248 2.24826 
2.24171 2.24198 2.24224 2.2425 2.24276 2.24302 2.24327 2.24351 2.24374 2.24397 2.2442 2.24443 2.24466 2.2449 2.24515 2.24541 2.2457 2.24601 2.24635 2.24673 2.24716 2.24763 2.24816 2.24875 2.2494 2.25011 2.2509 2.25175 2.25266 2.25365 2.25469 2.2558 2.25695 2.25815 2.25937 2.26062 2.26189 2.26314 2.26439 2.2656 2.26677 2.26788 2.26892 2.26988 2.27074 2.27149 2.27213 2.27264 2.27301 2.27325 2.27335 2.27331 2.27312 2.2728 2.27235 2.27177 2.27107 2.27026 2.26935 2.26835 2.26728 2.26615 2.26498 2.26377 2.26254 2.26131 2.26008 2.25887 2.25768 2.25654 2.25544 2.2544 2.25341 2.2525 2.25164 2.25086 2.25015 2.24951 2.24894 2.24844 2.24801 2.24764 2.24733 2.24708 2.24689 2.24675 2.24665 2.24661 2.24661 2.24664 2.24672 2.24682 2.24696 2.24712 2.24731 2.24752 2.24774 2.24798 2.24823 2.24849 
2.24192 2.24219 2.24245 2.24272 2.24298 2.24324 2.24349 2.24374 2.24399 2.24423 2.24448 2.24473 2.24499 2.24526 2.24554 2.24585 2.24619 2.24657 2.24699 2.24746 2.24798 2.24857 2.24922 2.24995 2.25076 2.25165 2.25262 2.25367 2.25481 2.25603 2.25732 2.25867 2.26009 2.26156 2.26306 2.26459 2.26613 2.26767 2.26918 2.27066 2.27208 2.27342 2.27468 2.27584 2.27688 2.27778 2.27855 2.27916 2.27961 2.27989 2.28 2.27995 2.27972 2.27932 2.27877 2.27806 2.27721 2.27622 2.27512 2.27391 2.27261 2.27123 2.2698 2.26832 2.26682 2.26532 2.26381 2.26233 2.26088 2.25948 2.25813 2.25685 2.25563 2.2545 2.25345 2.25248 2.25159 2.25079 2.25008 2.24945 2.2489 2.24843 2.24803 2.2477 2.24744 2.24724 2.24709 2.24701 2.24697 2.24697 2.24702 2.2471 2.24722 2.24737 2.24755 2.24775 2.24797 2.2482 2.24845 2.2487 
2.24212 2.24239 2.24266 2.24292 2.24319 2.24345 2.24371 2.24397 2.24423 2.2445 2.24476 2.24504 2.24533 2.24564 2.24598 2.24634 2.24675 2.24721 2.24772 2.2483 2.24894 2.24967 2.25048 2.25139 2.25239 2.25349 2.25469 2.25599 2.25739 2.25889 2.26047 2.26214 2.26388 2.26567 2.26751 2.26937 2.27124 2.27311 2.27494 2.27672 2.27844 2.28007 2.28159 2.28298 2.28422 2.28531 2.28623 2.28696 2.28749 2.28783 2.28796 2.28788 2.2876 2.28712 2.28644 2.28559 2.28455 2.28336 2.28202 2.28055 2.27898 2.27731 2.27557 2.27378 2.27196 2.27012 2.2683 2.26649 2.26472 2.263 2.26135 2.25978 2.25829 2.2569 2.2556 2.2544 2.25331 2.25231 2.25143 2.25064 2.24994 2.24934 2.24883 2.24841 2.24806 2.24779 2.24758 2.24744 2.24735 2.24732 2.24733 2.24739 2.24749 2.24762 2.24779 2.24797 2.24818 2.24841 2.24865 2.2489 
2.24231 2.24258 2.24285 2.24312 2.24339 2.24366 2.24393 2.2442 2.24448 2.24476 2.24506 2.24537 2.2457 2.24606 2.24646 2.2469 2.24739 2.24794 2.24857 2.24928 2.25008 2.25097 2.25197 2.25309 2.25432 2.25568 2.25716 2.25875 2.26047 2.26231 2.26424 2.26627 2.26839 2.27057 2.2728 2.27505 2.27732 2.27957 2.28178 2.28392 2.28599 2.28794 2.28976 2.29142 2.29291 2.29421 2.2953 2.29616 2.2968 2.29719 2.29734 2.29724 2.2969 2.29632 2.29551 2.29447 2.29323 2.29179 2.29018 2.28841 2.28652 2.28451 2.28241 2.28025 2.27805 2.27583 2.27361 2.27142 2.26928 2.26719 2.26518 2.26326 2.26145 2.25974 2.25815 2.25668 2.25533 2.25411 2.25301 2.25203 2.25116 2.25041 2.24976 2.24922 2.24877 2.2484 2.24812 2.24791 2.24777 2.24769 2.24767 2.24769 2.24777 2.24788 2.24802 2.24819 2.24839 2.24861 2.24885 2.2491 
2.24249 2.24276 2.24303 2.2433 2.24358 2.24386 2.24414 2.24443 2.24473 2.24504 2.24537 2.24572 2.2461 2.24652 2.24699 2.24752 2.24812 2.24879 2.24956 2.25042 2.2514 2.2525 2.25373 2.2551 2.25662 2.25827 2.26008 2.26203 2.26412 2.26635 2.2687 2.27116 2.27372 2.27635 2.27903 2.28175 2.28446 2.28716 2.28981 2.29237 2.29483 2.29716 2.29932 2.3013 2.30307 2.30461 2.3059 2.30692 2.30767 2.30813 2.3083 2.30817 2.30776 2.30706 2.30609 2.30485 2.30336 2.30164 2.29972 2.29761 2.29534 2.29293 2.29042 2.28783 2.28519 2.28253 2.27986 2.27722 2.27464 2.27212 2.26969 2.26737 2.26516 2.26309 2.26115 2.25936 2.25771 2.25621 2.25486 2.25365 2.25258 2.25165 2.25084 2.25015 2.24957 2.2491 2.24872 2.24844 2.24823 2.24809 2.24802 2.24801 2.24805 2.24813 2.24825 2.24841 2.2486 2.24881 2.24904 2.24928 
2.24266 2.24292 2.2432 2.24348 2.24376 2.24405 2.24435 2.24466 2.24499 2.24533 2.2457 2.2461 2.24655 2.24704 2.2476 2.24823 2.24895 2.24977 2.25071 2.25176 2.25296 2.2543 2.25581 2.25747 2.25932 2.26133 2.26352 2.26589 2.26842 2.2711 2.27394 2.2769 2.27996 2.28311 2.28632 2.28956 2.2928 2.29601 2.29915 2.30219 2.30511 2.30786 2.31041 2.31275 2.31483 2.31664 2.31815 2.31935 2.32022 2.32076 2.32095 2.32079 2.3203 2.31947 2.31831 2.31684 2.31508 2.31304 2.31076 2.30826 2.30557 2.30271 2.29973 2.29665 2.2935 2.29032 2.28714 2.28399 2.28089 2.27787 2.27496 2.27217 2.26951 2.26701 2.26467 2.2625 2.2605 2.25868 2.25703 2.25555 2.25424 2.25308 2.25208 2.25122 2.2505 2.2499 2.24941 2.24902 2.24873 2.24853 2.2484 2.24834 2.24834 2.24839 2.24849 2.24863 2.2488 2.249 2.24922 2.24945 
2.24282 2.24309 2.24336 2.24365 2.24394 2.24425 2.24456 2.2449 2.24526 2.24564 2.24606 2.24652 2.24704 2.24763 2.24829 2.24905 2.24992 2.25092 2.25205 2.25333 2.25478 2.25641 2.25823 2.26025 2.26248 2.26491 2.26755 2.27039 2.27343 2.27664 2.28003 2.28356 2.28721 2.29095 2.29476 2.2986 2.30243 2.30621 2.30991 2.3135 2.31692 2.32015 2.32314 2.32587 2.32831 2.33042 2.33218 2.33357 2.33458 2.3352 2.33542 2.33523 2.33464 2.33366 2.3323 2.33057 2.3285 2.32611 2.32342 2.32048 2.31731 2.31395 2.31043 2.30679 2.30307 2.29931 2.29554 2.29181 2.28813 2.28454 2.28106 2.27773 2.27456 2.27156 2.26876 2.26615 2.26374 2.26154 2.25955 2.25775 2.25616 2.25475 2.25352 2.25246 2.25156 2.2508 2.25018 2.24968 2.2493 2.24901 2.24882 2.2487 2.24865 2.24867 2.24873 2.24885 2.249 2.24918 2.24939 2.24962 
2.24298 2.24324 2.24352 2.24381 2.24412 2.24444 2.24478 2.24515 2.24554 2.24598 2.24646 2.24699 2.2476 2.24829 2.24909 2.25 2.25104 2.25224 2.2536 2.25515 2.2569 2.25886 2.26106 2.26348 2.26615 2.26906 2.27222 2.27561 2.27922 2.28305 2.28706 2.29124 2.29555 2.29997 2.30445 2.30896 2.31345 2.31788 2.32221 2.32639 2.33038 2.33413 2.33762 2.34078 2.34361 2.34605 2.34809 2.3497 2.35086 2.35157 2.35181 2.35158 2.35089 2.34974 2.34815 2.34614 2.34372 2.34094 2.33781 2.33437 2.33067 2.32674 2.32262 2.31836 2.31401 2.30959 2.30516 2.30076 2.29643 2.29219 2.28808 2.28414 2.28037 2.27681 2.27347 2.27036 2.26749 2.26485 2.26246 2.2603 2.25837 2.25667 2.25518 2.25388 2.25277 2.25184 2.25106 2.25043 2.24993 2.24955 2.24927 2.24909 2.24899 2.24896 2.24899 2.24907 2.2492 2.24936 2.24956 2.24978 
2.24313 2.24339 2.24368 2.24398 2.2443 2.24464 2.24501 2.24541 2.24585 2.24634 2.2469 2.24752 2.24823 2.24905 2.25 2.25109 2.25233 2.25377 2.2554 2.25726 2.25936 2.26171 2.26432 2.26722 2.2704 2.27386 2.2776 2.28162 2.28589 2.2904 2.29512 2.30002 2.30508 2.31024 2.31548 2.32073 2.32595 2.3311 2.33612 2.34096 2.34557 2.34991 2.35392 2.35757 2.36081 2.36362 2.36596 2.3678 2.36913 2.36993 2.3702 2.36993 2.36912 2.36779 2.36595 2.36363 2.36084 2.35762 2.354 2.35002 2.34574 2.34118 2.3364 2.33146 2.32639 2.32125 2.31609 2.31095 2.30587 2.30091 2.29609 2.29146 2.28703 2.28283 2.27888 2.2752 2.27179 2.26866 2.26581 2.26323 2.26092 2.25888 2.25708 2.25551 2.25417 2.25302 2.25207 2.25128 2.25065 2.25015 2.24978 2.24952 2.24935 2.24926 2.24925 2.2493 2.2494 2.24955 2.24973 2.24994 
2.24328 2.24354 2.24383 2.24414 2.24448 2.24485 2.24525 2.2457 2.24619 2.24675 2.24739 2.24812 2.24895 2.24992 2.25104 2.25233 2.25382 2.25553 2.25748 2.25969 2.26218 2.26498 2.26808 2.27151 2.27527 2.27935 2.28376 2.28847 2.29348 2.29875 2.30427 2.30998 2.31586 2.32185 2.32791 2.33399 2.34002 2.34595 2.35172 2.35728 2.36257 2.36753 2.37212 2.37629 2.37999 2.38318 2.38584 2.38794 2.38944 2.39035 2.39064 2.39033 2.3894 2.38787 2.38576 2.3831 2.3799 2.37621 2.37206 2.3675 2.36258 2.35734 2.35184 2.34614 2.34029 2.33435 2.32838 2.32242 2.31654 2.31077 2.30516 2.29975 2.29457 2.28966 2.28503 2.28071 2.27669 2.273 2.26963 2.26658 2.26384 2.2614 2.25925 2.25738 2.25576 2.25437 2.25321 2.25224 2.25145 2.25083 2.25034 2.24999 2.24975 2.2496 2.24954 2.24954 2.24961 2.24973 2.2499 2.2501 
2.24344 2.2437 2.24399 2.24432 2.24467 2.24507 2.24551 2.24601 2.24657 2.24721 2.24794 2.24879 2.24977 2.25092 2.25224 2.25377 2.25553 2.25755 2.25986 2.26248 2.26542 2.26872 2.27238 2.2764 2.28081 2.28559 2.29074 2.29623 2.30206 2.30818 2.31457 2.32117 2.32796 2.33486 2.34182 2.34879 2.35569 2.36247 2.36906 2.37539 2.38141 2.38705 2.39225 2.39697 2.40116 2.40477 2.40777 2.41013 2.41183 2.41284 2.41317 2.4128 2.41174 2.41 2.40761 2.40458 2.40094 2.39675 2.39203 2.38684 2.38123 2.37526 2.36898 2.36246 2.35577 2.34896 2.3421 2.33526 2.32848 2.32182 2.31534 2.30908 2.30307 2.29737 2.29198 2.28693 2.28225 2.27792 2.27397 2.27038 2.26716 2.26428 2.26173 2.2595 2.25757 2.25591 2.2545 2.25333 2.25236 2.25159 2.25098 2.25052 2.25018 2.24996 2.24984 2.2498 2.24984 2.24993 2.25007 2.25026 
2.24359 2.24385 2.24415 2.24449 2.24488 2.24531 2.2458 2.24635 2.24699 2.24772 2.24857 2.24956 2.25071 2.25205 2.2536 2.2554 2.25748 2.25986 2.26258 2.26565 2.26911 2.27297 2.27724 2.28194 2.28707 2.29262 2.29859 2.30495 2.31167 2.31873 2.32607 2.33365 2.34141 2.3493 2.35724 2.36517 2.37301 2.3807 2.38816 2.39532 2.40211 2.40846 2.41432 2.41963 2.42433 2.42838 2.43174 2.43438 2.43627 2.4374 2.43775 2.43732 2.43613 2.43417 2.43147 2.42806 2.42396 2.41923 2.41391 2.40805 2.40171 2.39496 2.38785 2.38046 2.37285 2.36511 2.3573 2.34948 2.34173 2.33411 2.32668 2.31948 2.31257 2.30599 2.29977 2.29393 2.28849 2.28347 2.27886 2.27468 2.2709 2.26752 2.26453 2.2619 2.25961 2.25764 2.25597 2.25456 2.25339 2.25244 2.25169 2.2511 2.25067 2.25037 2.25018 2.25008 2.25007 2.25013 2.25025 2.25043 
2.24376 2.24402 2.24433 2.24469 2.2451 2.24557 2.24611 2.24673 2.24746 2.2483 2.24928 2.25042 2.25176 2.25333 2.25515 2.25726 2.25969 2.26248 2.26565 2.26924 2.27326 2.27775 2.28271 2.28816 2.29409 2.30049 2.30736 2.31466 2.32237 2.33043 2.33881 2.34744 2.35626 2.3652 2.37419 2.38314 2.39198 2.40063 2.40901 2.41704 2.42464 2.43175 2.43829 2.44421 2.44945 2.45395 2.45769 2.46061 2.46271 2.46396 2.46434 2.46386 2.46251 2.46032 2.45731 2.4535 2.44892 2.44364 2.43768 2.43112 2.42401 2.41643 2.40844 2.40012 2.39155 2.38281 2.37398 2.36512 2.35633 2.34767 2.33921 2.331 2.32311 2.31557 2.30843 2.30172 2.29546 2.28966 2.28434 2.27949 2.2751 2.27117 2.26768 2.2646 2.26192 2.2596 2.25762 2.25594 2.25455 2.2534 2.25248 2.25176 2.25121 2.25081 2.25054 2.25039 2.25033 2.25035 2.25044 2.2506 
2.24393 2.24419 2.24451 2.24489 2.24534 2.24585 2.24646 2.24716 2.24798 2.24894 2.25008 2.2514 2.25296 2.25478 2.2569 2.25936 2.26218 2.26542 2.26911 2.27326 2.27792 2.28311 2.28882 2.29509 2.30189 2.30922 2.31707 2.32539 2.33416 2.34331 2.3528 2.36256 2.3725 2.38256 2.39266 2.40269 2.41258 2.42224 2.43159 2.44052 2.44897 2.45685 2.4641 2.47065 2.47644 2.48141 2.48553 2.48875 2.49106 2.49242 2.49284 2.49229 2.4908 2.48838 2.48504 2.48081 2.47575 2.46988 2.46327 2.45598 2.44808 2.43963 2.43072 2.42143 2.41185 2.40205 2.39214 2.38219 2.37228 2.36251 2.35294 2.34365 2.33469 2.32612 2.31799 2.31033 2.30317 2.29653 2.29042 2.28484 2.27978 2.27524 2.2712 2.26763 2.2645 2.26179 2.25946 2.25749 2.25584 2.25447 2.25337 2.25249 2.25181 2.2513 2.25095 2.25072 2.25061 2.25059 2.25065 2.25079 
2.24412 2.24438 2.24471 2.24511 2.2456 2.24617 2.24684 2.24763 2.24857 2.24967 2.25097 2.2525 2.2543 2.25641 2.25886 2.26171 2.26498 2.26872 2.27297 2.27775 2.28311 2.28905 2.29559 2.30274 2.3105 2.31884 2.32773 2.33716 2.34706 2.35737 2.36804 2.37898 2.39012 2.40136 2.41261 2.42378 2.43476 2.44547 2.4558 2.46567 2.47499 2.48367 2.49164 2.49883 2.50518 2.51063 2.51514 2.51866 2.52118 2.52266 2.52311 2.52251 2.52087 2.5182 2.51453 2.50989 2.50432 2.49787 2.49059 2.48255 2.47383 2.46449 2.45463 2.44433 2.43369 2.4228 2.41175 2.40064 2.38957 2.37862 2.36788 2.35743 2.34734 2.33766 2.32846 2.31978 2.31165 2.30409 2.29713 2.29075 2.28496 2.27975 2.2751 2.27098 2.26737 2.26422 2.26152 2.25922 2.25728 2.25567 2.25436 2.2533 2.25247 2.25185 2.25139 2.25109 2.25091 2.25084 2.25087 2.25098 
2.24432 2.24458 2.24493 2.24536 2.24588 2.24651 2.24727 2.24816 2.24922 2.25048 2.25197 2.25373 2.25581 2.25823 2.26106 2.26432 2.26808 2.27238 2.27724 2.28271 2.28882 2.29559 2.30303 2.31114 2.31991 2.32933 2.33935 2.34994 2.36105 2.37259 2.3845 2.39669 2.40907 2.42153 2.43399 2.44632 2.45843 2.47021 2.48156 2.49239 2.50258 2.51207 2.52077 2.52861 2.53552 2.54145 2.54634 2.55017 2.5529 2.5545 2.55498 2.55432 2.55253 2.54962 2.54562 2.54056 2.53449 2.52744 2.51949 2.5107 2.50114 2.4909 2.48007 2.46873 2.457 2.44497 2.43275 2.42044 2.40815 2.39597 2.384 2.37233 2.36103 2.35018 2.33985 2.33007 2.3209 2.31236 2.30447 2.29723 2.29065 2.28471 2.2794 2.27468 2.27054 2.26692 2.2638 2.26113 2.25888 2.257 2.25545 2.2542 2.25321 2.25245 2.25188 2.25149 2.25124 2.25112 2.25111 2.2512 
2.24454 2.2448 2.24516 2.24563 2.2462 2.2469 2.24774 2.24875 2.24995 2.25139 2.25309 2.2551 2.25747 2.26025 2.26348 2.26722 2.27151 2.2764 2.28194 2.28816 2.29509 2.30274 2.31114 2.32028 2.33014 2.34069 2.35191 2.36373 2.3761 2.38892 2.40213 2.41561 2.42928 2.44301 2.45669 2.47022 2.48348 2.49635 2.50873 2.52051 2.53159 2.54189 2.55131 2.55979 2.56726 2.57366 2.57894 2.58306 2.586 2.58772 2.58823 2.58751 2.58557 2.58243 2.57811 2.57264 2.56606 2.55843 2.54981 2.54026 2.52987 2.51872 2.5069 2.49452 2.48168 2.46849 2.45507 2.44152 2.42796 2.41451 2.40125 2.3883 2.37575 2.36366 2.35213 2.3412 2.33092 2.32133 2.31245 2.30429 2.29685 2.29013 2.2841 2.27874 2.27401 2.26988 2.2663 2.26324 2.26064 2.25846 2.25666 2.25519 2.25402 2.25311 2.25242 2.25193 2.2516 2.25142 2.25137 2.25143 
2.24477 2.24504 2.24542 2.24592 2.24655 2.24732 2.24826 2.2494 2.25076 2.25239 2.25432 2.25662 2.25932 2.26248 2.26615 2.2704 2.27527 2.28081 2.28707 2.29409 2.30189 2.3105 2.31991 2.33014 2.34114 2.35291 2.36537 2.37848 2.39216 2.40632 2.42086 2.43568 2.45066 2.46568 2.48062 2.49535 2.50976 2.52373 2.53713 2.54986 2.56182 2.57291 2.58305 2.59216 2.60017 2.60703 2.61269 2.6171 2.62024 2.62208 2.62262 2.62184 2.61977 2.6164 2.61176 2.60589 2.59883 2.59062 2.58134 2.57105 2.55983 2.54777 2.53498 2.52154 2.50759 2.49323 2.47858 2.46377 2.44892 2.43415 2.41957 2.4053 2.39143 2.37806 2.36527 2.35313 2.34168 2.33098 2.32105 2.31191 2.30357 2.296 2.28921 2.28315 2.2778 2.27311 2.26904 2.26554 2.26256 2.26006 2.25798 2.25628 2.25491 2.25383 2.25301 2.25241 2.252 2.25175 2.25166 2.25169 
2.24503 2.2453 2.24571 2.24624 2.24693 2.24779 2.24884 2.25011 2.25165 2.25349 2.25568 2.25827 2.26133 2.26491 2.26906 2.27386 2.27935 2.28559 2.29262 2.30049 2.30922 2.31884 2.32933 2.34069 2.35291 2.36592 2.37969 2.39413 2.40917 2.42469 2.4406 2.45677 2.47309 2.48941 2.50561 2.52155 2.53711 2.55216 2.56657 2.58024 2.59306 2.60492 2.61576 2.62547 2.63401 2.64131 2.64732 2.65201 2.65534 2.6573 2.65787 2.65704 2.65483 2.65125 2.64631 2.64006 2.63253 2.62377 2.61385 2.60284 2.59082 2.57787 2.56411 2.54963 2.53457 2.51904 2.50316 2.48708 2.47092 2.45481 2.43888 2.42325 2.40803 2.39333 2.37923 2.36582 2.35316 2.34129 2.33026 2.32009 2.31078 2.30233 2.29471 2.28791 2.28189 2.2766 2.272 2.26804 2.26466 2.2618 2.25942 2.25747 2.25588 2.25463 2.25366 2.25294 2.25243 2.25212 2.25197 2.25197 
2.24532 2.24559 2.24602 2.2466 2.24735 2.2483 2.24947 2.2509 2.25262 2.25469 2.25716 2.26008 2.26352 2.26755 2.27222 2.2776 2.28376 2.29074 2.29859 2.30736 2.31707 2.32773 2.33935 2.35191 2.36537 2.37969 2.39479 2.41061 2.42702 2.44394 2.46124 2.47878 2.49643 2.51406 2.53151 2.54865 2.56533 2.58144 2.59684 2.61142 2.62506 2.63767 2.64916 2.65946 2.6685 2.67621 2.68257 2.68751 2.69103 2.69309 2.69369 2.69282 2.69049 2.6867 2.68149 2.67488 2.66691 2.65763 2.6471 2.63539 2.62259 2.60879 2.59409 2.57859 2.56244 2.54575 2.52865 2.5113 2.49382 2.47637 2.45907 2.44206 2.42546 2.40939 2.39395 2.37923 2.3653 2.35223 2.34005 2.32879 2.31847 2.30908 2.3006 2.29302 2.28629 2.28036 2.2752 2.27074 2.26692 2.26369 2.26098 2.25875 2.25693 2.25549 2.25436 2.25351 2.2529 2.25251 2.2523 2.25227 
2.24562 2.2459 2.24635 2.24698 2.24781 2.24886 2.25016 2.25175 2.25367 2.25599 2.25875 2.26203 2.26589 2.27039 2.27561 2.28162 2.28847 2.29623 2.30495 2.31466 2.32539 2.33716 2.34994 2.36373 2.37848 2.39413 2.41061 2.42781 2.44563 2.46395 2.48264 2.50155 2.52053 2.53944 2.55812 2.57643 2.59422 2.61135 2.6277 2.64314 2.65757 2.67088 2.683 2.69384 2.70334 2.71145 2.71811 2.7233 2.72698 2.72915 2.72978 2.72887 2.72642 2.72246 2.71699 2.71005 2.70167 2.6919 2.68081 2.66845 2.65491 2.64029 2.62468 2.60821 2.591 2.57317 2.55488 2.53627 2.51749 2.49868 2.48001 2.46161 2.44361 2.42616 2.40935 2.39329 2.37806 2.36374 2.35037 2.33799 2.32661 2.31624 2.30686 2.29845 2.29097 2.28438 2.27861 2.27362 2.26934 2.26571 2.26266 2.26013 2.25807 2.25641 2.25511 2.25412 2.25341 2.25293 2.25267 2.25259 
2.24596 2.24624 2.24672 2.2474 2.2483 2.24946 2.2509 2.25266 2.25481 2.25739 2.26047 2.26412 2.26842 2.27343 2.27922 2.28589 2.29348 2.30206 2.31167 2.32237 2.33416 2.34706 2.36105 2.3761 2.39216 2.40917 2.42702 2.44563 2.46486 2.48459 2.50466 2.52492 2.54521 2.56538 2.58526 2.6047 2.62354 2.64165 2.6589 2.67516 2.69032 2.70429 2.71698 2.72832 2.73825 2.7467 2.75365 2.75906 2.7629 2.76516 2.76581 2.76487 2.76233 2.75821 2.75251 2.74527 2.73653 2.72632 2.7147 2.70174 2.68752 2.67213 2.65567 2.63826 2.62002 2.60111 2.58165 2.56181 2.54174 2.52161 2.50157 2.48178 2.46239 2.44353 2.42533 2.40791 2.39136 2.37576 2.36117 2.34762 2.33516 2.32377 2.31346 2.30419 2.29593 2.28863 2.28224 2.27669 2.27192 2.26786 2.26445 2.26161 2.25928 2.2574 2.25592 2.25479 2.25395 2.25339 2.25306 2.25295 
2.24631 2.2466 2.24711 2.24785 2.24883 2.2501 2.25169 2.25365 2.25603 2.25889 2.26231 2.26635 2.2711 2.27664 2.28305 2.2904 2.29875 2.30818 2.31873 2.33043 2.34331 2.35737 2.37259 2.38892 2.40632 2.42469 2.44394 2.46395 2.48459 2.5057 2.52713 2.54872 2.57029 2.59167 2.6127 2.63322 2.65307 2.6721 2.69019 2.7072 2.72304 2.73761 2.75083 2.76261 2.77292 2.78169 2.7889 2.7945 2.79847 2.80081 2.8015 2.80053 2.79791 2.79365 2.78776 2.78026 2.77119 2.76059 2.7485 2.73499 2.72014 2.70404 2.68678 2.66849 2.6493 2.62934 2.60876 2.58773 2.56641 2.54498 2.5236 2.50243 2.48164 2.46139 2.4418 2.42301 2.40512 2.38822 2.37238 2.35765 2.34407 2.33164 2.32036 2.3102 2.30113 2.2931 2.28606 2.27993 2.27465 2.27015 2.26634 2.26318 2.26057 2.25846 2.25678 2.25549 2.25453 2.25387 2.25348 2.25332 
2.24669 2.24699 2.24753 2.24832 2.2494 2.25079 2.25254 2.25469 2.25732 2.26047 2.26424 2.2687 2.27394 2.28003 2.28706 2.29512 2.30427 2.31457 2.32607 2.33881 2.3528 2.36804 2.3845 2.40213 2.42086 2.4406 2.46124 2.48264 2.50466 2.52713 2.54989 2.57276 2.59556 2.61811 2.64024 2.66178 2.68256 2.70245 2.72131 2.73902 2.75547 2.77058 2.78425 2.79644 2.80707 2.81612 2.82354 2.82931 2.83341 2.83582 2.83653 2.83555 2.83287 2.82849 2.82244 2.81472 2.80537 2.79443 2.78193 2.76793 2.75252 2.73577 2.71779 2.69868 2.67859 2.65764 2.636 2.61384 2.59132 2.56862 2.54593 2.52341 2.50125 2.47961 2.45864 2.43848 2.41924 2.40104 2.38394 2.36801 2.35329 2.3398 2.32752 2.31645 2.30655 2.29777 2.29004 2.28332 2.27751 2.27254 2.26834 2.26482 2.26192 2.25957 2.25769 2.25624 2.25515 2.25439 2.25393 2.25373 
2.24709 2.24739 2.24797 2.24883 2.25 2.25152 2.25343 2.2558 2.25867 2.26214 2.26627 2.27116 2.2769 2.28356 2.29124 2.30002 2.30998 2.32117 2.33365 2.34744 2.36256 2.37898 2.39669 2.41561 2.43568 2.45677 2.47878 2.50155 2.52492 2.54872 2.57276 2.59687 2.62084 2.64449 2.66765 2.69014 2.71179 2.73246 2.75202 2.77035 2.78734 2.80292 2.81699 2.82952 2.84043 2.84971 2.85731 2.86322 2.86742 2.86989 2.87064 2.86964 2.86691 2.86245 2.85627 2.84838 2.8388 2.82757 2.81472 2.80031 2.7844 2.76708 2.74844 2.72859 2.70766 2.68581 2.66317 2.63993 2.61626 2.59235 2.56839 2.54457 2.52107 2.49807 2.47573 2.45421 2.43364 2.41412 2.39576 2.37863 2.36276 2.34818 2.3349 2.3229 2.31215 2.3026 2.29418 2.28683 2.28048 2.27503 2.27042 2.26655 2.26334 2.26073 2.25865 2.25702 2.2558 2.25494 2.2544 2.25415 
2.24751 2.24782 2.24844 2.24936 2.25063 2.25229 2.25437 2.25695 2.26009 2.26388 2.26839 2.27372 2.27996 2.28721 2.29555 2.30508 2.31586 2.32796 2.34141 2.35626 2.3725 2.39012 2.40907 2.42928 2.45066 2.47309 2.49643 2.52053 2.54521 2.57029 2.59556 2.62084 2.64592 2.67061 2.69472 2.71808 2.74052 2.7619 2.78208 2.80095 2.81842 2.83439 2.8488 2.86161 2.87275 2.88221 2.88996 2.89598 2.90026 2.90279 2.90356 2.90256 2.8998 2.89528 2.88901 2.88098 2.87123 2.85976 2.84663 2.83186 2.81553 2.79771 2.77849 2.75798 2.7363 2.71361 2.69005 2.6658 2.64105 2.61599 2.59082 2.56573 2.54093 2.51661 2.49294 2.47008 2.44819 2.42738 2.40777 2.38942 2.3724 2.35674 2.34245 2.32951 2.3179 2.30756 2.29844 2.29046 2.28355 2.27761 2.27257 2.26833 2.26482 2.26195 2.25964 2.25784 2.25647 2.25551 2.25489 2.2546 
2.24795 2.24827 2.24892 2.24992 2.25129 2.25308 2.25534 2.25815 2.26156 2.26567 2.27057 2.27635 2.28311 2.29095 2.29997 2.31024 2.32185 2.33486 2.3493 2.3652 2.38256 2.40136 2.42153 2.44301 2.46568 2.48941 2.51406 2.53944 2.56538 2.59167 2.61811 2.64449 2.67061 2.69625 2.72124 2.74539 2.76854 2.79054 2.81127 2.8306 2.84846 2.86477 2.87945 2.89248 2.9038 2.9134 2.92126 2.92737 2.93171 2.93427 2.93507 2.93408 2.93131 2.92676 2.92042 2.9123 2.90242 2.89078 2.87742 2.86237 2.8457 2.82745 2.80773 2.78664 2.76429 2.74084 2.71643 2.69126 2.6655 2.63936 2.61304 2.58675 2.5607 2.5351 2.51013 2.48597 2.46278 2.4407 2.41985 2.40031 2.38215 2.36541 2.3501 2.33623 2.32375 2.31262 2.30278 2.29417 2.28669 2.28025 2.27478 2.27017 2.26633 2.26319 2.26067 2.25868 2.25718 2.2561 2.2554 2.25506 
2.24841 2.24874 2.24943 2.25049 2.25197 2.2539 2.25635 2.25937 2.26306 2.26751 2.2728 2.27903 2.28632 2.29476 2.30445 2.31548 2.32791 2.34182 2.35724 2.37419 2.39266 2.41261 2.43399 2.45669 2.48062 2.50561 2.53151 2.55812 2.58526 2.6127 2.64024 2.66765 2.69472 2.72124 2.74702 2.77188 2.79565 2.81819 2.83938 2.85911 2.87729 2.89385 2.90875 2.92194 2.93339 2.94309 2.95102 2.95718 2.96156 2.96416 2.96498 2.96401 2.96124 2.95668 2.95031 2.94214 2.93218 2.92043 2.9069 2.89164 2.87468 2.8561 2.83595 2.81436 2.79143 2.7673 2.74213 2.71611 2.68942 2.66227 2.63487 2.60745 2.58021 2.55338 2.52717 2.50175 2.47731 2.45399 2.43192 2.41121 2.39192 2.37411 2.3578 2.34299 2.32965 2.31773 2.30718 2.29792 2.28987 2.28294 2.27703 2.27204 2.26788 2.26447 2.26172 2.25955 2.25789 2.2567 2.25593 2.25554 
2.24887 2.24921 2.24994 2.25108 2.25266 2.25474 2.25737 2.26062 2.26459 2.26937 2.27505 2.28175 2.28956 2.2986 2.30896 2.32073 2.33399 2.34879 2.36517 2.38314 2.40269 2.42378 2.44632 2.47022 2.49535 2.52155 2.54865 2.57643 2.6047 2.63322 2.66178 2.69014 2.71808 2.74539 2.77188 2.79736 2.82167 2.84467 2.86624 2.88628 2.90471 2.92147 2.93652 2.94982 2.96135 2.9711 2.97908 2.98527 2.98968 2.9923 2.99314 2.99218 2.98943 2.98488 2.97852 2.97034 2.96034 2.94852 2.9349 2.91948 2.90232 2.88346 2.86298 2.84096 2.81753 2.79281 2.76697 2.74018 2.71264 2.68456 2.65616 2.62767 2.59932 2.57133 2.54392 2.51729 2.49164 2.46712 2.44388 2.42202 2.40163 2.38278 2.36548 2.34974 2.33555 2.32285 2.31159 2.3017 2.29308 2.28564 2.27929 2.27393 2.26945 2.26576 2.26278 2.26043 2.25863 2.25732 2.25647 2.25603 
2.24935 2.2497 2.25046 2.25168 2.25336 2.25558 2.2584 2.26189 2.26613 2.27124 2.27732 2.28446 2.2928 2.30243 2.31345 2.32595 2.34002 2.35569 2.37301 2.39198 2.41258 2.43476 2.45843 2.48348 2.50976 2.53711 2.56533 2.59422 2.62354 2.65307 2.68256 2.71179 2.74052 2.76854 2.79565 2.82167 2.84644 2.86982 2.8917 2.91198 2.93059 2.94749 2.96262 2.97598 2.98755 2.99733 3.00531 3.01151 3.01592 3.01856 3.01942 3.01849 3.01577 3.01126 3.00492 2.99677 2.98677 2.97494 2.96126 2.94576 2.92845 2.90939 2.88864 2.86628 2.84242 2.8172 2.79076 2.7633 2.73499 2.70606 2.67674 2.64726 2.61787 2.58878 2.56025 2.53248 2.50567 2.48 2.45562 2.43266 2.4112 2.39133 2.37307 2.35643 2.3414 2.32794 2.31598 2.30546 2.29628 2.28835 2.28156 2.27582 2.27102 2.26706 2.26385 2.26131 2.25936 2.25795 2.25701 2.25653 
2.24982 2.25018 2.25099 2.25227 2.25407 2.25643 2.25943 2.26314 2.26767 2.27311 2.27957 2.28716 2.29601 2.30621 2.31788 2.3311 2.34595 2.36247 2.3807 2.40063 2.42224 2.44547 2.47021 2.49635 2.52373 2.55216 2.58144 2.61135 2.64165 2.6721 2.70245 2.73246 2.7619 2.79054 2.81819 2.84467 2.86982 2.89351 2.91562 2.93608 2.95481 2.97178 2.98696 3.00033 3.0119 3.02166 3.02963 3.03581 3.04022 3.04286 3.04374 3.04284 3.04017 3.0357 3.02942 3.02132 3.01137 2.99956 2.98588 2.97034 2.95296 2.93376 2.91281 2.89018 2.86598 2.84033 2.81338 2.78531 2.75633 2.72664 2.69648 2.66609 2.63572 2.60562 2.57603 2.54718 2.51927 2.49251 2.46705 2.44302 2.42055 2.39969 2.3805 2.36299 2.34715 2.33294 2.3203 2.30917 2.29944 2.29102 2.28381 2.2777 2.27258 2.26835 2.26492 2.26219 2.2601 2.25857 2.25756 2.25702 
2.25029 2.25066 2.25151 2.25287 2.25477 2.25727 2.26045 2.26439 2.26918 2.27494 2.28178 2.28981 2.29915 2.30991 2.32221 2.33612 2.35172 2.36906 2.38816 2.40901 2.43159 2.4558 2.48156 2.50873 2.53713 2.56657 2.59684 2.6277 2.6589 2.69019 2.72131 2.75202 2.78208 2.81127 2.83938 2.86624 2.8917 2.91562 2.93791 2.95848 2.97728 2.99428 3.00945 3.0228 3.03433 3.04405 3.05198 3.05813 3.06252 3.06516 3.06605 3.06519 3.06257 3.05816 3.05196 3.04393 3.03406 3.02231 3.00867 2.99315 2.97573 2.95646 2.93537 2.91255 2.88807 2.86206 2.83468 2.8061 2.77651 2.74614 2.71522 2.684 2.65275 2.62171 2.59114 2.56127 2.53234 2.50455 2.47806 2.45304 2.42958 2.40779 2.38771 2.36936 2.35274 2.33781 2.32452 2.31279 2.30253 2.29364 2.28601 2.27954 2.27411 2.26962 2.26597 2.26307 2.26083 2.25919 2.2581 2.25752 
2.25076 2.25114 2.25203 2.25345 2.25545 2.25809 2.26145 2.2656 2.27066 2.27672 2.28392 2.29237 2.30219 2.3135 2.32639 2.34096 2.35728 2.37539 2.39532 2.41704 2.44052 2.46567 2.49239 2.52051 2.54986 2.58024 2.61142 2.64314 2.67516 2.7072 2.73902 2.77035 2.80095 2.8306 2.85911 2.88628 2.91198 2.93608 2.95848 2.97911 2.99793 3.01492 3.03005 3.04334 3.05481 3.06446 3.07233 3.07844 3.0828 3.08543 3.08634 3.08551 3.08295 3.07862 3.07251 3.06458 3.0548 3.04314 3.02959 3.01411 2.99671 2.97741 2.95625 2.93328 2.90859 2.8823 2.85456 2.82553 2.79542 2.76445 2.73285 2.70089 2.66883 2.63692 2.60545 2.57465 2.54477 2.51601 2.48857 2.4626 2.43823 2.41555 2.39463 2.37549 2.35812 2.34251 2.32859 2.31628 2.30551 2.29617 2.28814 2.28133 2.2756 2.27086 2.26699 2.26392 2.26154 2.2598 2.25863 2.258 
2.25121 2.2516 2.25253 2.25402 2.25612 2.25889 2.26241 2.26677 2.27208 2.27844 2.28599 2.29483 2.30511 2.31692 2.33038 2.34557 2.36257 2.38141 2.40211 2.42464 2.44897 2.47499 2.50258 2.53159 2.56182 2.59306 2.62506 2.65757 2.69032 2.72304 2.75547 2.78734 2.81842 2.84846 2.87729 2.90471 2.93059 2.95481 2.97728 2.99793 3.01674 3.03367 3.04873 3.06194 3.07332 3.08289 3.09069 3.09674 3.10107 3.10369 3.10461 3.10382 3.10132 3.09707 3.09106 3.08324 3.07358 3.06204 3.04858 3.03319 3.01585 2.99656 2.97536 2.9523 2.92746 2.90095 2.87291 2.84351 2.81295 2.78145 2.74926 2.71663 2.68384 2.65116 2.61886 2.58721 2.55645 2.5268 2.49847 2.47163 2.4464 2.4229 2.40119 2.3813 2.36324 2.34697 2.33246 2.31962 2.30837 2.29859 2.29019 2.28304 2.27703 2.27204 2.26798 2.26473 2.26223 2.26039 2.25915 2.25847 
2.25164 2.25204 2.253 2.25456 2.25675 2.25965 2.26333 2.26788 2.27342 2.28007 2.28794 2.29716 2.30786 2.32015 2.33413 2.34991 2.36753 2.38705 2.40846 2.43175 2.45685 2.48367 2.51207 2.54189 2.57291 2.60492 2.63767 2.67088 2.70429 2.73761 2.77058 2.80292 2.83439 2.86477 2.89385 2.92147 2.94749 2.97178 2.99428 3.01492 3.03367 3.05053 3.0655 3.07861 3.08989 3.09936 3.10708 3.11307 3.11735 3.11996 3.12089 3.12014 3.1177 3.11354 3.10764 3.09994 3.09041 3.079 3.06566 3.05038 3.03311 3.01387 2.99268 2.96957 2.94463 2.91795 2.88967 2.85996 2.82902 2.79707 2.76435 2.73114 2.6977 2.66432 2.63128 2.59885 2.5673 2.53684 2.5077 2.48005 2.45403 2.42977 2.40732 2.38674 2.36803 2.35117 2.3361 2.32276 2.31105 2.30088 2.29212 2.28466 2.27838 2.27317 2.26891 2.26551 2.26288 2.26094 2.25964 2.25892 
2.25204 2.25245 2.25345 2.25507 2.25735 2.26036 2.26418 2.26892 2.27468 2.28159 2.28976 2.29932 2.31041 2.32314 2.33762 2.35392 2.37212 2.39225 2.41432 2.43829 2.4641 2.49164 2.52077 2.55131 2.58305 2.61576 2.64916 2.683 2.71698 2.75083 2.78425 2.81699 2.8488 2.87945 2.90875 2.93652 2.96262 2.98696 3.00945 3.03005 3.04873 3.0655 3.08037 3.09337 3.10453 3.11391 3.12154 3.12746 3.1317 3.13429 3.13523 3.13452 3.13214 3.12807 3.12228 3.1147 3.10531 3.09403 3.08083 3.06566 3.0485 3.02933 3.00817 2.98505 2.96003 2.93323 2.90477 2.87481 2.84354 2.8112 2.77804 2.74431 2.7103 2.67631 2.64261 2.60949 2.57722 2.54603 2.51616 2.48778 2.46105 2.43609 2.41298 2.39177 2.37247 2.35505 2.33948 2.32567 2.31355 2.303 2.29392 2.28617 2.27964 2.27422 2.26979 2.26624 2.2635 2.26147 2.2601 2.25935 
2.25242 2.25284 2.25387 2.25554 2.2579 2.26101 2.26498 2.26988 2.27584 2.28298 2.29142 2.3013 2.31275 2.32587 2.34078 2.35757 2.37629 2.39697 2.41963 2.44421 2.47065 2.49883 2.52861 2.55979 2.59216 2.62547 2.65946 2.69384 2.72832 2.76261 2.79644 2.82952 2.86161 2.89248 2.92194 2.94982 2.97598 3.00033 3.0228 3.04334 3.06194 3.07861 3.09337 3.10625 3.11731 3.12658 3.13413 3.13998 3.14418 3.14674 3.14769 3.14701 3.1447 3.14072 3.13503 3.12758 3.11831 3.10718 3.09411 3.07907 3.06201 3.04293 3.02181 2.9987 2.97366 2.94676 2.91815 2.88799 2.85646 2.8238 2.79025 2.75608 2.72158 2.68705 2.65277 2.61905 2.58614 2.55431 2.52378 2.49476 2.46739 2.44181 2.41811 2.39633 2.37649 2.35858 2.34255 2.32833 2.31583 2.30494 2.29556 2.28755 2.2808 2.27518 2.27059 2.26691 2.26406 2.26195 2.26053 2.25974 
2.25276 2.25319 2.25424 2.25596 2.25839 2.26161 2.26569 2.27074 2.27688 2.28422 2.29291 2.30307 2.31483 2.32831 2.34361 2.36081 2.37999 2.40116 2.42433 2.44945 2.47644 2.50518 2.53552 2.56726 2.60017 2.63401 2.6685 2.70334 2.73825 2.77292 2.80707 2.84043 2.87275 2.9038 2.93339 2.96135 2.98755 3.0119 3.03433 3.05481 3.07332 3.08989 3.10453 3.11731 3.12826 3.13743 3.14489 3.15068 3.15484 3.15739 3.15834 3.1577 3.15544 3.15154 3.14595 3.13861 3.12947 3.11847 3.10553 3.09061 3.07367 3.05467 3.03362 3.01053 2.98547 2.95852 2.9298 2.89947 2.86773 2.83479 2.80092 2.76638 2.73146 2.69647 2.6617 2.62744 2.59399 2.5616 2.53051 2.50092 2.47299 2.44687 2.42264 2.40037 2.38006 2.36171 2.34528 2.33069 2.31785 2.30667 2.29702 2.28879 2.28183 2.27605 2.27131 2.26752 2.26457 2.26239 2.26091 2.26009 
2.25306 2.25349 2.25458 2.25634 2.25883 2.26213 2.26631 2.27149 2.27778 2.28531 2.29421 2.30461 2.31664 2.33042 2.34605 2.36362 2.38318 2.40477 2.42838 2.45395 2.48141 2.51063 2.54145 2.57366 2.60703 2.64131 2.67621 2.71145 2.7467 2.78169 2.81612 2.84971 2.88221 2.9134 2.94309 2.9711 2.99733 3.02166 3.04405 3.06446 3.08289 3.09936 3.11391 3.12658 3.13743 3.14653 3.15391 3.15964 3.16376 3.16629 3.16725 3.16664 3.16443 3.1606 3.1551 3.14786 3.13884 3.12795 3.11514 3.10033 3.08349 3.06458 3.04358 3.02053 2.99547 2.96847 2.93967 2.90922 2.8773 2.84415 2.81001 2.77516 2.73989 2.70451 2.66932 2.63463 2.60072 2.56786 2.53628 2.50621 2.47781 2.45123 2.42655 2.40385 2.38314 2.36442 2.34764 2.33273 2.31961 2.30817 2.2983 2.28986 2.28274 2.2768 2.27194 2.26804 2.26501 2.26277 2.26125 2.2604 
2.25331 2.25376 2.25486 2.25666 2.2592 2.26257 2.26684 2.27213 2.27855 2.28623 2.2953 2.3059 2.31815 2.33218 2.34809 2.36596 2.38584 2.40777 2.43174 2.45769 2.48553 2.51514 2.54634 2.57894 2.61269 2.64732 2.68257 2.71811 2.75365 2.7889 2.82354 2.85731 2.88996 2.92126 2.95102 2.97908 3.00531 3.02963 3.05198 3.07233 3.09069 3.10708 3.12154 3.13413 3.14489 3.15391 3.16123 3.16692 3.171 3.17352 3.17448 3.17389 3.17173 3.16796 3.16253 3.15539 3.14646 3.13567 3.12296 3.10825 3.0915 3.07266 3.05172 3.0287 3.00364 2.97662 2.94776 2.9172 2.88515 2.85182 2.81747 2.78237 2.74682 2.71113 2.67561 2.64055 2.60627 2.57302 2.54105 2.51059 2.4818 2.45484 2.4298 2.40675 2.38571 2.36668 2.34961 2.33444 2.32109 2.30943 2.29937 2.29076 2.2835 2.27744 2.27247 2.26849 2.26539 2.2631 2.26154 2.26067 
2.25352 2.25397 2.25509 2.25691 2.2595 2.26292 2.26726 2.27264 2.27916 2.28696 2.29616 2.30692 2.31935 2.33357 2.3497 2.3678 2.38794 2.41013 2.43438 2.46061 2.48875 2.51866 2.55017 2.58306 2.6171 2.65201 2.68751 2.7233 2.75906 2.7945 2.82931 2.86322 2.89598 2.92737 2.95718 2.98527 3.01151 3.03581 3.05813 3.07844 3.09674 3.11307 3.12746 3.13998 3.15068 3.15964 3.16692 3.17256 3.17662 3.17913 3.1801 3.17953 3.1774 3.17367 3.1683 3.16123 3.15237 3.14167 3.12903 3.1144 3.09772 3.07894 3.05804 3.03505 3.00999 2.98295 2.95404 2.92341 2.89125 2.85779 2.82327 2.78798 2.75222 2.71629 2.6805 2.64517 2.6106 2.57705 2.54478 2.51401 2.48493 2.45767 2.43235 2.40902 2.38773 2.36845 2.35116 2.33579 2.32225 2.31043 2.30022 2.29148 2.2841 2.27795 2.2729 2.26885 2.2657 2.26336 2.26177 2.26089 
2.25368 2.25413 2.25526 2.25711 2.25973 2.26318 2.26758 2.27301 2.27961 2.28749 2.2968 2.30767 2.32022 2.33458 2.35086 2.36913 2.38944 2.41183 2.43627 2.46271 2.49106 2.52118 2.5529 2.586 2.62024 2.65534 2.69103 2.72698 2.7629 2.79847 2.83341 2.86742 2.90026 2.93171 2.96156 2.98968 3.01592 3.04022 3.06252 3.0828 3.10107 3.11735 3.1317 3.14418 3.15484 3.16376 3.171 3.17662 3.18067 3.18317 3.18414 3.18358 3.18147 3.17778 3.17245 3.16542 3.15662 3.14597 3.13339 3.11881 3.10217 3.08342 3.06256 3.03958 3.01452 2.98746 2.95851 2.92782 2.89559 2.86203 2.8274 2.79197 2.75605 2.71995 2.68398 2.64846 2.61368 2.57992 2.54744 2.51646 2.48716 2.4597 2.43417 2.41066 2.38918 2.36974 2.35229 2.33677 2.3231 2.31116 2.30084 2.29201 2.28455 2.27832 2.27322 2.26912 2.26593 2.26356 2.26195 2.26105 
2.25378 2.25424 2.25538 2.25724 2.25987 2.26336 2.26778 2.27325 2.27989 2.28783 2.29719 2.30813 2.32076 2.3352 2.35157 2.36993 2.39035 2.41284 2.4374 2.46396 2.49242 2.52266 2.5545 2.58772 2.62208 2.6573 2.69309 2.72915 2.76516 2.80081 2.83582 2.86989 2.90279 2.93427 2.96416 2.9923 3.01856 3.04286 3.06516 3.08543 3.10369 3.11996 3.13429 3.14674 3.15739 3.16629 3.17352 3.17913 3.18317 3.18567 3.18664 3.18609 3.184 3.18032 3.17501 3.16801 3.15923 3.1486 3.13604 3.12148 3.10486 3.08613 3.06527 3.04229 3.01722 2.99014 2.96116 2.93044 2.89815 2.86453 2.82982 2.79431 2.7583 2.7221 2.68602 2.65038 2.61549 2.58161 2.549 2.5179 2.48848 2.4609 2.43526 2.41163 2.39005 2.37051 2.35297 2.33737 2.32361 2.3116 2.30122 2.29234 2.28483 2.27856 2.27342 2.26929 2.26607 2.26369 2.26206 2.26116 
