3.00076 3.00099 3.00122 3.00146 3.0017 3.00195 3.0022 3.00246 3.00272 3.00298 3.00326 3.00354 3.00383 3.00413 3.00446 3.0048 3.00516 3.00555 3.00597 3.00642 3.00691 3.00743 3.00799 3.0086 3.00924 3.00993 3.01066 3.01143 3.01224 3.01309 3.01397 3.01488 3.01582 3.01677 3.01773 3.01869 3.01965 3.0206 3.02153 3.02242 3.02328 3.02409 3.02484 3.02553 3.02615 3.02669 3.02715 3.02751 3.02778 3.02796 3.02804 3.02801 3.02789 3.02768 3.02737 3.02696 3.02648 3.02591 3.02527 3.02456 3.02379 3.02298 3.02212 3.02123 3.02031 3.01938 3.01844 3.0175 3.01657 3.01566 3.01477 3.01391 3.01308 3.0123 3.01155 3.01085 3.0102 3.0096 3.00905 3.00856 3.00811 3.00772 3.00738 3.00709 3.00685 3.00666 3.00651 3.00641 3.00635 3.00632 3.00633 3.00638 3.00645 3.00655 3.00668 3.00682 3.00699 3.00718 3.00737 3.00758 
3.00099 3.00121 3.00145 3.00169 3.00193 3.00218 3.00243 3.00269 3.00295 3.00321 3.00348 3.00376 3.00406 3.00436 3.00469 3.00503 3.0054 3.00579 3.00621 3.00667 3.00716 3.00768 3.00825 3.00886 3.00952 3.01022 3.01096 3.01174 3.01256 3.01343 3.01432 3.01525 3.0162 3.01716 3.01814 3.01912 3.0201 3.02107 3.02201 3.02292 3.02379 3.02462 3.02538 3.02608 3.02671 3.02726 3.02772 3.0281 3.02837 3.02855 3.02863 3.02861 3.02849 3.02826 3.02795 3.02754 3.02704 3.02646 3.02581 3.02509 3.02431 3.02348 3.0226 3.02169 3.02076 3.01981 3.01886 3.0179 3.01696 3.01603 3.01513 3.01425 3.01341 3.01261 3.01185 3.01114 3.01048 3.00988 3.00932 3.00882 3.00837 3.00797 3.00763 3.00733 3.00709 3.0069 3.00675 3.00664 3.00658 3.00655 3.00656 3.0066 3.00668 3.00678 3.00691 3.00705 3.00722 3.0074 3.0076 3.00781 
3.00122 3.00145 3.00168 3.00192 3.00217 3.00242 3.00267 3.00293 3.00319 3.00346 3.00374 3.00403 3.00433 3.00464 3.00498 3.00533 3.00571 3.00612 3.00656 3.00704 3.00755 3.00811 3.00871 3.00935 3.01004 3.01077 3.01155 3.01238 3.01325 3.01415 3.0151 3.01607 3.01707 3.01809 3.01912 3.02016 3.02118 3.0222 3.02319 3.02415 3.02507 3.02594 3.02674 3.02748 3.02814 3.02872 3.0292 3.02959 3.02988 3.03007 3.03015 3.03013 3.03 3.02976 3.02943 3.02899 3.02847 3.02786 3.02717 3.02641 3.02559 3.02471 3.02379 3.02283 3.02185 3.02085 3.01985 3.01884 3.01785 3.01687 3.01591 3.01499 3.01411 3.01326 3.01246 3.01171 3.01102 3.01037 3.00979 3.00925 3.00878 3.00836 3.00799 3.00768 3.00742 3.00721 3.00705 3.00693 3.00686 3.00682 3.00683 3.00686 3.00693 3.00703 3.00715 3.00729 3.00746 3.00764 3.00784 3.00805 
3.00146 3.00169 3.00192 3.00217 3.00241 3.00267 3.00292 3.00319 3.00346 3.00374 3.00403 3.00433 3.00464 3.00498 3.00533 3.00571 3.00612 3.00656 3.00703 3.00755 3.0081 3.0087 3.00935 3.01005 3.0108 3.0116 3.01245 3.01335 3.01429 3.01528 3.01631 3.01737 3.01846 3.01956 3.02068 3.02181 3.02292 3.02402 3.0251 3.02614 3.02713 3.02807 3.02894 3.02974 3.03045 3.03108 3.0316 3.03202 3.03233 3.03253 3.03262 3.03259 3.03245 3.03219 3.03182 3.03135 3.03078 3.03012 3.02937 3.02855 3.02765 3.0267 3.0257 3.02466 3.0236 3.02251 3.02142 3.02033 3.01924 3.01818 3.01714 3.01614 3.01517 3.01425 3.01338 3.01257 3.0118 3.0111 3.01046 3.00987 3.00935 3.00889 3.00848 3.00814 3.00785 3.00761 3.00742 3.00728 3.00719 3.00714 3.00712 3.00715 3.00721 3.00729 3.00741 3.00755 3.00771 3.00789 3.00808 3.00829 
3.0017 3.00193 3.00217 3.00241 3.00267 3.00292 3.00319 3.00346 3.00374 3.00404 3.00434 3.00466 3.005 3.00536 3.00575 3.00616 3.00661 3.0071 3.00762 3.00819 3.00881 3.00948 3.01021 3.01099 3.01182 3.01272 3.01367 3.01467 3.01573 3.01683 3.01798 3.01916 3.02037 3.0216 3.02285 3.0241 3.02534 3.02656 3.02776 3.02891 3.03001 3.03105 3.03202 3.0329 3.03369 3.03437 3.03495 3.03541 3.03576 3.03597 3.03606 3.03603 3.03587 3.03558 3.03517 3.03465 3.03401 3.03327 3.03244 3.03153 3.03053 3.02947 3.02836 3.02721 3.02602 3.02481 3.0236 3.02238 3.02117 3.01999 3.01883 3.01771 3.01663 3.0156 3.01463 3.01371 3.01286 3.01207 3.01134 3.01068 3.01009 3.00956 3.0091 3.0087 3.00837 3.00809 3.00786 3.00769 3.00757 3.00749 3.00746 3.00746 3.00751 3.00758 3.00768 3.00781 3.00797 3.00814 3.00833 3.00853 
3.00195 3.00218 3.00242 3.00267 3.00292 3.00319 3.00347 3.00375 3.00405 3.00436 3.00469 3.00504 3.00541 3.0058 3.00623 3.00669 3.0072 3.00774 3.00834 3.00899 3.00969 3.01045 3.01128 3.01217 3.01312 3.01414 3.01522 3.01636 3.01757 3.01882 3.02012 3.02147 3.02284 3.02424 3.02565 3.02707 3.02847 3.02985 3.0312 3.0325 3.03374 3.03491 3.036 3.03699 3.03788 3.03865 3.03929 3.03981 3.04019 3.04043 3.04053 3.04049 3.0403 3.03997 3.03951 3.03892 3.0382 3.03736 3.03642 3.03538 3.03426 3.03306 3.03181 3.0305 3.02915 3.02779 3.02641 3.02503 3.02366 3.02231 3.021 3.01972 3.0185 3.01732 3.01621 3.01517 3.01419 3.01328 3.01245 3.01169 3.01101 3.0104 3.00986 3.00939 3.00899 3.00865 3.00838 3.00816 3.008 3.00789 3.00783 3.00781 3.00783 3.00789 3.00797 3.00809 3.00823 3.0084 3.00858 3.00878 
3.0022 3.00243 3.00267 3.00292 3.00319 3.00347 3.00375 3.00406 3.00438 3.00471 3.00507 3.00545 3.00586 3.00631 3.00679 3.00731 3.00789 3.00851 3.00919 3.00994 3.01075 3.01163 3.01258 3.01361 3.01471 3.01589 3.01714 3.01845 3.01984 3.02129 3.02278 3.02433 3.02591 3.02751 3.02913 3.03075 3.03236 3.03394 3.03548 3.03696 3.03838 3.03971 3.04094 3.04207 3.04307 3.04395 3.04468 3.04526 3.04569 3.04596 3.04607 3.04601 3.0458 3.04542 3.04489 3.04421 3.04339 3.04243 3.04135 3.04017 3.03888 3.03751 3.03607 3.03458 3.03304 3.03147 3.02989 3.02831 3.02674 3.02519 3.02368 3.02221 3.0208 3.01945 3.01816 3.01695 3.01582 3.01477 3.0138 3.01291 3.01211 3.01139 3.01076 3.0102 3.00972 3.00931 3.00897 3.0087 3.00849 3.00834 3.00824 3.00818 3.00818 3.00821 3.00828 3.00838 3.00851 3.00867 3.00884 3.00904 
3.00246 3.00269 3.00293 3.00319 3.00346 3.00375 3.00406 3.00438 3.00472 3.00509 3.00549 3.00591 3.00637 3.00688 3.00743 3.00803 3.00869 3.00941 3.0102 3.01107 3.01201 3.01303 3.01414 3.01534 3.01662 3.01799 3.01944 3.02097 3.02258 3.02426 3.02599 3.02778 3.02961 3.03146 3.03333 3.0352 3.03705 3.03886 3.04063 3.04234 3.04396 3.04549 3.0469 3.04819 3.04934 3.05033 3.05117 3.05183 3.05232 3.05262 3.05274 3.05267 3.05241 3.05198 3.05136 3.05058 3.04963 3.04853 3.04729 3.04593 3.04445 3.04288 3.04122 3.03949 3.03772 3.03591 3.03409 3.03226 3.03045 3.02866 3.02691 3.02521 3.02357 3.022 3.0205 3.01909 3.01777 3.01654 3.01541 3.01437 3.01342 3.01257 3.01182 3.01115 3.01057 3.01007 3.00966 3.00931 3.00904 3.00884 3.00869 3.0086 3.00855 3.00856 3.0086 3.00868 3.0088 3.00894 3.00911 3.0093 
3.00272 3.00295 3.00319 3.00346 3.00374 3.00405 3.00438 3.00472 3.0051 3.00551 3.00595 3.00643 3.00695 3.00752 3.00815 3.00885 3.00961 3.01045 3.01137 3.01238 3.01348 3.01468 3.01598 3.01737 3.01887 3.02047 3.02216 3.02395 3.02582 3.02777 3.02979 3.03187 3.03399 3.03613 3.0383 3.04045 3.04259 3.04469 3.04672 3.04869 3.05055 3.05231 3.05393 3.05541 3.05672 3.05786 3.05881 3.05957 3.06012 3.06047 3.0606 3.06051 3.06021 3.05971 3.059 3.05809 3.057 3.05573 3.0543 3.05273 3.05102 3.0492 3.04729 3.0453 3.04325 3.04116 3.03905 3.03693 3.03483 3.03275 3.03072 3.02874 3.02683 3.025 3.02326 3.02161 3.02007 3.01863 3.01729 3.01607 3.01495 3.01394 3.01304 3.01225 3.01155 3.01095 3.01043 3.01001 3.00966 3.00939 3.00919 3.00905 3.00896 3.00893 3.00895 3.009 3.0091 3.00922 3.00938 3.00956 
3.00298 3.00321 3.00346 3.00374 3.00404 3.00436 3.00471 3.00509 3.00551 3.00596 3.00645 3.00699 3.00759 3.00825 3.00898 3.00978 3.01067 3.01165 3.01273 3.01391 3.0152 3.0166 3.01811 3.01975 3.0215 3.02337 3.02534 3.02743 3.02961 3.03188 3.03423 3.03664 3.03909 3.04158 3.04408 3.04658 3.04904 3.05146 3.05381 3.05607 3.05822 3.06023 3.06209 3.06379 3.06529 3.0666 3.06769 3.06855 3.06918 3.06957 3.06971 3.06961 3.06926 3.06867 3.06785 3.0668 3.06554 3.06408 3.06243 3.06062 3.05865 3.05655 3.05434 3.05204 3.04967 3.04726 3.04481 3.04236 3.03993 3.03752 3.03516 3.03286 3.03064 3.02851 3.02647 3.02455 3.02274 3.02105 3.01948 3.01804 3.01672 3.01553 3.01446 3.01351 3.01267 3.01194 3.01132 3.01079 3.01036 3.01001 3.00974 3.00954 3.0094 3.00933 3.00931 3.00934 3.00941 3.00951 3.00966 3.00983 
3.00326 3.00348 3.00374 3.00403 3.00434 3.00469 3.00507 3.00549 3.00595 3.00645 3.00701 3.00763 3.00831 3.00907 3.00992 3.01085 3.01189 3.01303 3.01428 3.01566 3.01717 3.01881 3.02058 3.02249 3.02453 3.02671 3.02902 3.03144 3.03398 3.03662 3.03934 3.04213 3.04498 3.04785 3.05074 3.05362 3.05646 3.05925 3.06195 3.06455 3.06701 3.06932 3.07146 3.07339 3.07512 3.07661 3.07785 3.07883 3.07954 3.07998 3.08014 3.08002 3.07961 3.07893 3.07798 3.07678 3.07533 3.07364 3.07175 3.06966 3.0674 3.06498 3.06244 3.05979 3.05705 3.05427 3.05144 3.04861 3.04579 3.043 3.04026 3.0376 3.03502 3.03254 3.03017 3.02793 3.02581 3.02383 3.022 3.0203 3.01875 3.01735 3.01608 3.01495 3.01394 3.01307 3.01231 3.01167 3.01113 3.01069 3.01034 3.01008 3.00988 3.00976 3.0097 3.00969 3.00973 3.00982 3.00995 3.01011 
3.00354 3.00376 3.00403 3.00433 3.00466 3.00504 3.00545 3.00591 3.00643 3.00699 3.00763 3.00833 3.00912 3.01 3.01098 3.01206 3.01326 3.01459 3.01606 3.01767 3.01943 3.02134 3.02341 3.02563 3.02801 3.03054 3.03322 3.03604 3.03898 3.04203 3.04518 3.04841 3.05169 3.05501 3.05833 3.06164 3.06491 3.06811 3.0712 3.07418 3.07699 3.07964 3.08207 3.08428 3.08625 3.08794 3.08936 3.09047 3.09128 3.09177 3.09195 3.0918 3.09133 3.09055 3.08946 3.08808 3.08641 3.08448 3.08231 3.07991 3.07732 3.07455 3.07162 3.06858 3.06544 3.06223 3.05898 3.05572 3.05247 3.04925 3.04608 3.043 3.04001 3.03714 3.03439 3.03178 3.02932 3.02701 3.02487 3.02289 3.02107 3.01941 3.01792 3.01658 3.01539 3.01434 3.01344 3.01266 3.012 3.01146 3.01101 3.01067 3.01041 3.01022 3.01011 3.01007 3.01008 3.01014 3.01025 3.0104 
3.00383 3.00406 3.00433 3.00464 3.005 3.00541 3.00586 3.00637 3.00695 3.00759 3.00831 3.00912 3.01003 3.01104 3.01217 3.01343 3.01483 3.01637 3.01808 3.01995 3.02199 3.02422 3.02662 3.0292 3.03196 3.03489 3.03799 3.04125 3.04464 3.04817 3.05179 3.05551 3.05928 3.06309 3.0669 3.07069 3.07443 3.07808 3.08162 3.08501 3.08822 3.09123 3.094 3.09651 3.09874 3.10067 3.10227 3.10353 3.10444 3.105 3.10519 3.10501 3.10447 3.10357 3.10233 3.10075 3.09885 3.09665 3.09417 3.09143 3.08847 3.0853 3.08196 3.07848 3.07488 3.07121 3.06748 3.06374 3.06 3.0563 3.05266 3.04911 3.04566 3.04234 3.03916 3.03614 3.03329 3.03061 3.02812 3.02581 3.02369 3.02175 3.02 3.01842 3.01702 3.01578 3.0147 3.01376 3.01297 3.0123 3.01176 3.01132 3.01098 3.01073 3.01056 3.01047 3.01044 3.01047 3.01056 3.0107 
3.00413 3.00436 3.00464 3.00498 3.00536 3.0058 3.00631 3.00688 3.00752 3.00825 3.00907 3.01 3.01104 3.01221 3.01351 3.01497 3.01659 3.01838 3.02036 3.02253 3.0249 3.02747 3.03025 3.03323 3.03642 3.0398 3.04337 3.04712 3.05102 3.05507 3.05923 3.06348 3.0678 3.07215 3.0765 3.08082 3.08507 3.08923 3.09325 3.0971 3.10074 3.10415 3.10729 3.11013 3.11265 3.11482 3.11662 3.11805 3.11907 3.11969 3.1199 3.11969 3.11908 3.11805 3.11664 3.11484 3.11269 3.11019 3.10737 3.10426 3.10089 3.09729 3.09349 3.08952 3.08543 3.08124 3.07699 3.07271 3.06844 3.0642 3.06003 3.05596 3.052 3.04819 3.04453 3.04105 3.03776 3.03467 3.03178 3.0291 3.02664 3.02438 3.02234 3.02049 3.01885 3.01739 3.01611 3.015 3.01405 3.01324 3.01258 3.01203 3.0116 3.01128 3.01105 3.0109 3.01083 3.01083 3.01089 3.01101 
3.00446 3.00469 3.00498 3.00533 3.00575 3.00623 3.00679 3.00743 3.00815 3.00898 3.00992 3.01098 3.01217 3.01351 3.01502 3.0167 3.01857 3.02064 3.02292 3.02542 3.02816 3.03112 3.03432 3.03775 3.04142 3.0453 3.0494 3.05368 3.05815 3.06277 3.06752 3.07236 3.07727 3.08222 3.08716 3.09206 3.09688 3.10159 3.10613 3.11048 3.11459 3.11843 3.12196 3.12516 3.12799 3.13043 3.13246 3.13405 3.1352 3.13589 3.13612 3.13588 3.13518 3.13402 3.13242 3.13039 3.12795 3.12513 3.12195 3.11844 3.11462 3.11055 3.10625 3.10176 3.09712 3.09236 3.08754 3.08267 3.07782 3.07299 3.06824 3.06359 3.05907 3.05471 3.05052 3.04653 3.04275 3.03919 3.03587 3.03278 3.02993 3.02732 3.02495 3.02281 3.02089 3.01918 3.01768 3.01637 3.01525 3.01429 3.01348 3.01282 3.01229 3.01187 3.01157 3.01136 3.01124 3.01121 3.01124 3.01134 
3.0048 3.00503 3.00533 3.00571 3.00616 3.00669 3.00731 3.00803 3.00885 3.00978 3.01085 3.01206 3.01343 3.01497 3.0167 3.01863 3.02078 3.02316 3.02578 3.02866 3.0318 3.0352 3.03886 3.0428 3.04698 3.05142 3.05609 3.06098 3.06606 3.07131 3.07669 3.08219 3.08775 3.09334 3.09892 3.10445 3.10989 3.11518 3.12029 3.12517 3.12979 3.1341 3.13806 3.14164 3.14481 3.14753 3.14979 3.15157 3.15285 3.15361 3.15386 3.15358 3.15279 3.15149 3.14969 3.14741 3.14468 3.1415 3.13793 3.13398 3.12969 3.12511 3.12027 3.11521 3.10998 3.10461 3.09916 3.09366 3.08816 3.0827 3.07731 3.07204 3.0669 3.06193 3.05716 3.05261 3.04829 3.04423 3.04042 3.03688 3.0336 3.0306 3.02786 3.02539 3.02316 3.02118 3.01943 3.0179 3.01657 3.01544 3.01448 3.01368 3.01304 3.01253 3.01214 3.01186 3.01169 3.01161 3.01161 3.0117 
3.00516 3.0054 3.00571 3.00612 3.00661 3.0072 3.00789 3.00869 3.00961 3.01067 3.01189 3.01326 3.01483 3.01659 3.01857 3.02078 3.02324 3.02597 3.02897 3.03226 3.03584 3.03972 3.0439 3.04838 3.05315 3.05819 3.06349 3.06902 3.07477 3.08071 3.08679 3.09298 3.09925 3.10554 3.11181 3.11801 3.1241 3.13003 3.13575 3.14121 3.14636 3.15116 3.15558 3.15956 3.16309 3.16612 3.16863 3.1706 3.17201 3.17286 3.17312 3.17281 3.17192 3.17046 3.16846 3.16591 3.16285 3.15931 3.15532 3.1509 3.14611 3.14098 3.13556 3.12989 3.12402 3.118 3.11188 3.1057 3.09951 3.09336 3.08728 3.08132 3.07551 3.06989 3.06448 3.05932 3.05441 3.04978 3.04545 3.0414 3.03766 3.03423 3.03109 3.02824 3.02568 3.02339 3.02136 3.01959 3.01804 3.01671 3.01558 3.01463 3.01386 3.01324 3.01276 3.01241 3.01217 3.01204 3.01201 3.01207 
3.00555 3.00579 3.00612 3.00656 3.0071 3.00774 3.00851 3.00941 3.01045 3.01165 3.01303 3.01459 3.01637 3.01838 3.02064 3.02316 3.02597 3.02907 3.03249 3.03624 3.04031 3.04472 3.04946 3.05453 3.05992 3.06562 3.0716 3.07785 3.08432 3.09099 3.09782 3.10477 3.11178 3.11882 3.12583 3.13275 3.13954 3.14614 3.1525 3.15857 3.16429 3.16962 3.17451 3.17892 3.18282 3.18617 3.18895 3.19112 3.19268 3.1936 3.19389 3.19354 3.19255 3.19093 3.1887 3.18587 3.18248 3.17854 3.17411 3.1692 3.16387 3.15817 3.15213 3.14581 3.13927 3.13255 3.12571 3.11879 3.11186 3.10497 3.09815 3.09145 3.08492 3.07859 3.0725 3.06667 3.06112 3.05589 3.05097 3.04638 3.04213 3.03822 3.03464 3.03138 3.02845 3.02583 3.02349 3.02144 3.01965 3.01811 3.01679 3.01568 3.01476 3.01401 3.01343 3.01299 3.01269 3.01251 3.01244 3.01248 
3.00597 3.00621 3.00656 3.00703 3.00762 3.00834 3.00919 3.0102 3.01137 3.01273 3.01428 3.01606 3.01808 3.02036 3.02292 3.02578 3.02897 3.03249 3.03637 3.04061 3.04521 3.05019 3.05555 3.06126 3.06733 3.07374 3.08045 3.08745 3.0947 3.10217 3.10979 3.11754 3.12536 3.13319 3.14097 3.14866 3.15619 3.1635 3.17054 3.17724 3.18355 3.18943 3.19483 3.19969 3.20398 3.20766 3.21071 3.2131 3.2148 3.21582 3.21612 3.21573 3.21463 3.21284 3.21038 3.20726 3.20351 3.19917 3.19427 3.18885 3.18296 3.17665 3.16996 3.16296 3.1557 3.14824 3.14064 3.13295 3.12523 3.11754 3.10993 3.10245 3.09514 3.08805 3.08122 3.07467 3.06844 3.06254 3.057 3.05182 3.04702 3.04258 3.03852 3.03483 3.03149 3.0285 3.02583 3.02348 3.02142 3.01964 3.01811 3.01681 3.01574 3.01486 3.01416 3.01363 3.01325 3.01301 3.0129 3.01291 
3.00642 3.00667 3.00704 3.00755 3.00819 3.00899 3.00994 3.01107 3.01238 3.01391 3.01566 3.01767 3.01995 3.02253 3.02542 3.02866 3.03226 3.03624 3.04061 3.04538 3.05057 3.05616 3.06217 3.06858 3.07538 3.08254 3.09005 3.09785 3.10593 3.11423 3.1227 3.1313 3.13996 3.14863 3.15723 3.16572 3.17402 3.18208 3.18982 3.19719 3.20412 3.21057 3.21648 3.22181 3.2265 3.23054 3.23387 3.23647 3.23833 3.23943 3.23976 3.23932 3.23812 3.23615 3.23345 3.23003 3.22591 3.22115 3.21576 3.20981 3.20333 3.19638 3.18902 3.18131 3.1733 3.16506 3.15666 3.14815 3.1396 3.13107 3.12262 3.11431 3.10618 3.09828 3.09066 3.08334 3.07637 3.06977 3.06355 3.05774 3.05233 3.04734 3.04276 3.03859 3.03481 3.03141 3.02838 3.0257 3.02335 3.02131 3.01955 3.01805 3.01681 3.01578 3.01496 3.01432 3.01386 3.01356 3.0134 3.01338 
3.00691 3.00716 3.00755 3.0081 3.00881 3.00969 3.01075 3.01201 3.01348 3.0152 3.01717 3.01943 3.02199 3.0249 3.02816 3.0318 3.03584 3.04031 3.04521 3.05057 3.05637 3.06263 3.06935 3.0765 3.08407 3.09204 3.10038 3.10904 3.11799 3.12717 3.13654 3.14603 3.15557 3.16511 3.17457 3.18389 3.193 3.20182 3.2103 3.21835 3.22593 3.23297 3.23941 3.24521 3.25033 3.25471 3.25833 3.26116 3.26318 3.26437 3.26472 3.26424 3.26292 3.26077 3.25782 3.25409 3.2496 3.2444 3.23852 3.23202 3.22493 3.21733 3.20927 3.20081 3.19202 3.18298 3.17373 3.16437 3.15495 3.14554 3.13621 3.12702 3.11802 3.10926 3.1008 3.09267 3.08492 3.07756 3.07062 3.06413 3.05808 3.05249 3.04735 3.04266 3.0384 3.03457 3.03115 3.02812 3.02545 3.02312 3.02111 3.0194 3.01796 3.01678 3.01582 3.01507 3.01452 3.01414 3.01393 3.01388 
3.00743 3.00768 3.00811 3.0087 3.00948 3.01045 3.01163 3.01303 3.01468 3.0166 3.01881 3.02134 3.02422 3.02747 3.03112 3.0352 3.03972 3.04472 3.05019 3.05616 3.06263 3.0696 3.07706 3.085 3.09339 3.10222 3.11143 3.12099 3.13086 3.14097 3.15127 3.16168 3.17215 3.1826 3.19295 3.20313 3.21306 3.22268 3.2319 3.24066 3.24889 3.25653 3.26353 3.26981 3.27535 3.28009 3.28401 3.28707 3.28924 3.29053 3.2909 3.29037 3.28894 3.28661 3.28341 3.27936 3.27449 3.26884 3.26246 3.25539 3.24769 3.23941 3.23063 3.22141 3.21182 3.20193 3.19183 3.18157 3.17125 3.16092 3.15067 3.14055 3.13064 3.12098 3.11164 3.10266 3.09407 3.08591 3.07822 3.071 3.06426 3.05803 3.05229 3.04705 3.04229 3.03799 3.03414 3.03073 3.02771 3.02508 3.02281 3.02086 3.01922 3.01785 3.01675 3.01588 3.01522 3.01477 3.01451 3.01442 
3.00799 3.00825 3.00871 3.00935 3.01021 3.01128 3.01258 3.01414 3.01598 3.01811 3.02058 3.02341 3.02662 3.03025 3.03432 3.03886 3.0439 3.04946 3.05555 3.06217 3.06935 3.07706 3.08531 3.09408 3.10333 3.11305 3.12319 3.13369 3.14451 3.15559 3.16685 3.17823 3.18964 3.20102 3.21229 3.22335 3.23413 3.24456 3.25455 3.26403 3.27292 3.28117 3.28872 3.29549 3.30146 3.30656 3.31078 3.31406 3.3164 3.31778 3.31818 3.3176 3.31605 3.31354 3.31009 3.30572 3.30047 3.29437 3.28747 3.27983 3.2715 3.26254 3.25303 3.24302 3.23261 3.22187 3.21087 3.1997 3.18844 3.17717 3.16596 3.15488 3.14402 3.13342 3.12316 3.11327 3.10381 3.09482 3.08632 3.07833 3.07088 3.06396 3.05759 3.05176 3.04645 3.04166 3.03736 3.03353 3.03016 3.0272 3.02463 3.02243 3.02057 3.01901 3.01775 3.01674 3.01598 3.01545 3.01513 3.015 
3.0086 3.00886 3.00935 3.01005 3.01099 3.01217 3.01361 3.01534 3.01737 3.01975 3.02249 3.02563 3.0292 3.03323 3.03775 3.0428 3.04838 3.05453 3.06126 3.06858 3.0765 3.085 3.09408 3.10371 3.11387 3.12452 3.13561 3.14709 3.1589 3.17097 3.18323 3.19559 3.20799 3.22032 3.23251 3.24448 3.25612 3.26737 3.27813 3.28833 3.2979 3.30676 3.31486 3.32213 3.32852 3.33399 3.3385 3.34201 3.34451 3.34598 3.3464 3.34578 3.34412 3.34143 3.33772 3.33304 3.3274 3.32085 3.31344 3.30523 3.29626 3.28661 3.27635 3.26556 3.25431 3.24269 3.23079 3.21868 3.20646 3.19421 3.18202 3.16996 3.15811 3.14654 3.13532 3.12449 3.11412 3.10425 3.09491 3.08612 3.0779 3.07027 3.06323 3.05678 3.0509 3.04558 3.0408 3.03654 3.03277 3.02946 3.02658 3.02411 3.02201 3.02026 3.01882 3.01768 3.0168 3.01618 3.01579 3.01563 
3.00924 3.00952 3.01004 3.0108 3.01182 3.01312 3.01471 3.01662 3.01887 3.0215 3.02453 3.02801 3.03196 3.03642 3.04142 3.04698 3.05315 3.05992 3.06733 3.07538 3.08407 3.09339 3.10333 3.11387 3.12497 3.13658 3.14866 3.16114 3.17397 3.18706 3.20033 3.21371 3.22709 3.2404 3.25354 3.26641 3.27892 3.29099 3.30253 3.31345 3.32369 3.33316 3.34181 3.34957 3.35638 3.36221 3.36701 3.37075 3.37341 3.37497 3.37542 3.37476 3.37298 3.37011 3.36616 3.36116 3.35514 3.34815 3.34023 3.33144 3.32184 3.3115 3.3005 3.28891 3.27682 3.26432 3.2515 3.23844 3.22524 3.212 3.1988 3.18573 3.17286 3.16029 3.14808 3.13629 3.12497 3.11419 3.10396 3.09434 3.08533 3.07695 3.06921 3.0621 3.05561 3.04974 3.04445 3.03973 3.03555 3.03187 3.02867 3.02591 3.02356 3.02159 3.01997 3.01867 3.01767 3.01695 3.0165 3.01629 
3.00993 3.01022 3.01077 3.0116 3.01272 3.01414 3.01589 3.01799 3.02047 3.02337 3.02671 3.03054 3.03489 3.0398 3.0453 3.05142 3.05819 3.06562 3.07374 3.08254 3.09204 3.10222 3.11305 3.12452 3.13658 3.14918 3.16228 3.17579 3.18965 3.20378 3.21809 3.23249 3.24688 3.26116 3.27524 3.28902 3.30241 3.3153 3.32761 3.33925 3.35015 3.36023 3.36941 3.37765 3.38488 3.39107 3.39615 3.40012 3.40294 3.40459 3.40506 3.40435 3.40247 3.39942 3.39523 3.38992 3.38353 3.3761 3.36768 3.35833 3.3481 3.33708 3.32534 3.31296 3.30003 3.28664 3.27289 3.25887 3.24469 3.23044 3.21621 3.20211 3.18822 3.17462 3.16139 3.1486 3.13632 3.12459 3.11346 3.10296 3.09313 3.08397 3.0755 3.06771 3.06059 3.05413 3.04832 3.04311 3.03849 3.03442 3.03087 3.02781 3.02519 3.023 3.02118 3.01972 3.0186 3.01778 3.01725 3.017 
3.01066 3.01096 3.01155 3.01245 3.01367 3.01522 3.01714 3.01944 3.02216 3.02534 3.02902 3.03322 3.03799 3.04337 3.0494 3.05609 3.06349 3.0716 3.08045 3.09005 3.10038 3.11143 3.12319 3.13561 3.14866 3.16228 3.1764 3.19096 3.20588 3.22106 3.23641 3.25183 3.26723 3.28249 3.29751 3.3122 3.32644 3.34015 3.35322 3.36557 3.37712 3.38779 3.39751 3.40621 3.41385 3.42037 3.42574 3.42992 3.43289 3.43463 3.43513 3.43438 3.43239 3.42918 3.42476 3.41915 3.4124 3.40454 3.39563 3.38572 3.37489 3.36319 3.35072 3.33756 3.32379 3.30952 3.29485 3.27987 3.2647 3.24944 3.23418 3.21904 3.20409 3.18945 3.17519 3.16138 3.14811 3.13541 3.12335 3.11196 3.10128 3.09131 3.08208 3.07358 3.06581 3.05875 3.05237 3.04667 3.04159 3.03711 3.0332 3.02982 3.02692 3.02449 3.02247 3.02084 3.01958 3.01865 3.01805 3.01776 
3.01143 3.01174 3.01238 3.01335 3.01467 3.01636 3.01845 3.02097 3.02395 3.02743 3.03144 3.03604 3.04125 3.04712 3.05368 3.06098 3.06902 3.07785 3.08745 3.09785 3.10904 3.12099 3.13369 3.14709 3.16114 3.17579 3.19096 3.20658 3.22255 3.23879 3.25518 3.27163 3.28803 3.30426 3.32022 3.3358 3.35089 3.3654 3.37921 3.39226 3.40444 3.41568 3.42591 3.43507 3.4431 3.44995 3.45559 3.45998 3.46309 3.46492 3.46544 3.46466 3.46257 3.45919 3.45455 3.44866 3.44156 3.43329 3.42391 3.41347 3.40204 3.38969 3.3765 3.36257 3.34798 3.33284 3.31726 3.30133 3.28517 3.26889 3.2526 3.23641 3.22042 3.20472 3.18941 3.17457 3.16028 3.14661 3.13359 3.12129 3.10973 3.09894 3.08893 3.0797 3.07125 3.06356 3.05661 3.05038 3.04483 3.03993 3.03564 3.03192 3.02874 3.02605 3.02382 3.02202 3.02061 3.01958 3.0189 3.01855 
3.01224 3.01256 3.01325 3.01429 3.01573 3.01757 3.01984 3.02258 3.02582 3.02961 3.03398 3.03898 3.04464 3.05102 3.05815 3.06606 3.07477 3.08432 3.0947 3.10593 3.11799 3.13086 3.14451 3.1589 3.17397 3.18965 3.20588 3.22255 3.23959 3.25687 3.27431 3.29177 3.30916 3.32635 3.34323 3.35968 3.3756 3.39088 3.40542 3.41913 3.43192 3.44371 3.45444 3.46403 3.47243 3.4796 3.4855 3.49009 3.49334 3.49525 3.49579 3.49498 3.4928 3.48927 3.48442 3.47826 3.47083 3.46217 3.45234 3.44138 3.42938 3.41639 3.40252 3.38784 3.37245 3.35646 3.33997 3.32311 3.30598 3.28869 3.27138 3.25414 3.23709 3.22034 3.20398 3.1881 3.17279 3.15811 3.14414 3.1309 3.11846 3.10682 3.09601 3.08604 3.07689 3.06855 3.06102 3.05424 3.04821 3.04287 3.03819 3.03412 3.03064 3.02769 3.02523 3.02325 3.02169 3.02054 3.01978 3.01939 
3.01309 3.01343 3.01415 3.01528 3.01683 3.01882 3.02129 3.02426 3.02777 3.03188 3.03662 3.04203 3.04817 3.05507 3.06277 3.07131 3.08071 3.09099 3.10217 3.11423 3.12717 3.14097 3.15559 3.17097 3.18706 3.20378 3.22106 3.23879 3.25687 3.2752 3.29366 3.31213 3.33049 3.34861 3.36639 3.38369 3.40041 3.41644 3.43168 3.44603 3.4594 3.47172 3.48291 3.49291 3.50167 3.50914 3.51527 3.52005 3.52344 3.52542 3.52599 3.52515 3.52289 3.51922 3.51417 3.50776 3.50002 3.49099 3.48073 3.46929 3.45674 3.44315 3.42861 3.4132 3.39704 3.38022 3.36287 3.34508 3.32699 3.30872 3.29039 3.27212 3.25402 3.23622 3.21881 3.20189 3.18555 3.16987 3.15492 3.14075 3.1274 3.11491 3.10329 3.09255 3.08269 3.0737 3.06556 3.05823 3.05169 3.0459 3.04082 3.0364 3.0326 3.02938 3.02671 3.02453 3.02282 3.02155 3.02071 3.02026 
3.01397 3.01432 3.0151 3.01631 3.01798 3.02012 3.02278 3.02599 3.02979 3.03423 3.03934 3.04518 3.05179 3.05923 3.06752 3.07669 3.08679 3.09782 3.10979 3.1227 3.13654 3.15127 3.16685 3.18323 3.20033 3.21809 3.23641 3.25518 3.27431 3.29366 3.31313 3.33257 3.35188 3.37091 3.38955 3.40768 3.42517 3.44191 3.45781 3.47277 3.48669 3.49951 3.51114 3.52153 3.53062 3.53836 3.54473 3.54968 3.55319 3.55525 3.55584 3.55497 3.55263 3.54884 3.54361 3.53697 3.52894 3.51957 3.50891 3.49701 3.48394 3.46978 3.4546 3.43851 3.4216 3.40399 3.38578 3.36711 3.34809 3.32885 3.30952 3.29023 3.27111 3.25226 3.2338 3.21585 3.19849 3.18181 3.16588 3.15077 3.13651 3.12316 3.11072 3.09921 3.08863 3.07897 3.07022 3.06233 3.05528 3.04903 3.04353 3.03875 3.03463 3.03114 3.02822 3.02585 3.02399 3.0226 3.02166 3.02117 
3.01488 3.01525 3.01607 3.01737 3.01916 3.02147 3.02433 3.02778 3.03187 3.03664 3.04213 3.04841 3.05551 3.06348 3.07236 3.08219 3.09298 3.10477 3.11754 3.1313 3.14603 3.16168 3.17823 3.19559 3.21371 3.23249 3.25183 3.27163 3.29177 3.31213 3.33257 3.35297 3.37319 3.3931 3.41257 3.43148 3.44971 3.46713 3.48366 3.49919 3.51363 3.52691 3.53895 3.54969 3.55909 3.56709 3.57367 3.57878 3.58241 3.58454 3.58516 3.58426 3.58186 3.57795 3.57256 3.5657 3.55741 3.54772 3.53669 3.52437 3.51081 3.49611 3.48034 3.46359 3.44598 3.4276 3.40859 3.38905 3.36913 3.34895 3.32866 3.30837 3.28823 3.26836 3.24888 3.2299 3.21153 3.19385 3.17695 3.1609 3.14574 3.13152 3.11826 3.10598 3.09467 3.08434 3.07496 3.0665 3.05894 3.05222 3.04631 3.04115 3.03671 3.03294 3.02978 3.02721 3.02519 3.02368 3.02265 3.0221 
3.01582 3.0162 3.01707 3.01846 3.02037 3.02284 3.02591 3.02961 3.03399 3.03909 3.04498 3.05169 3.05928 3.0678 3.07727 3.08775 3.09925 3.11178 3.12536 3.13996 3.15557 3.17215 3.18964 3.20799 3.22709 3.24688 3.26723 3.28803 3.30916 3.33049 3.35188 3.37319 3.39429 3.41504 3.4353 3.45496 3.47387 3.49194 3.50905 3.52512 3.54004 3.55374 3.56616 3.57724 3.58692 3.59515 3.60192 3.60718 3.61091 3.61311 3.61375 3.61284 3.61038 3.60637 3.60083 3.59378 3.58525 3.57528 3.56391 3.55119 3.53719 3.52199 3.50566 3.4883 3.47001 3.45092 3.43113 3.41077 3.38998 3.3689 3.34767 3.32642 3.30529 3.28442 3.26393 3.24395 3.22458 3.20592 3.18806 3.17107 3.15502 3.13993 3.12586 3.1128 3.10077 3.08977 3.07976 3.07074 3.06265 3.05546 3.04912 3.0436 3.03883 3.03477 3.03138 3.0286 3.02641 3.02478 3.02366 3.02306 
3.01677 3.01716 3.01809 3.01956 3.0216 3.02424 3.02751 3.03146 3.03613 3.04158 3.04785 3.05501 3.06309 3.07215 3.08222 3.09334 3.10554 3.11882 3.13319 3.14863 3.16511 3.1826 3.20102 3.22032 3.2404 3.26116 3.28249 3.30426 3.32635 3.34861 3.37091 3.3931 3.41504 3.43658 3.4576 3.47795 3.49751 3.51618 3.53384 3.55039 3.56576 3.57986 3.59262 3.60399 3.61392 3.62238 3.62931 3.6347 3.63854 3.64079 3.64146 3.64053 3.63802 3.63392 3.62826 3.62104 3.6123 3.60207 3.59039 3.57732 3.56291 3.54724 3.5304 3.51247 3.49356 3.47378 3.45326 3.43212 3.41051 3.38857 3.36643 3.34425 3.32217 3.30033 3.27887 3.2579 3.23756 3.21794 3.19914 3.18123 3.16428 3.14835 3.13346 3.11964 3.10689 3.09522 3.08459 3.07499 3.06638 3.05872 3.05197 3.04607 3.04097 3.03662 3.03299 3.03001 3.02766 3.0259 3.02469 3.02403 
3.01773 3.01814 3.01912 3.02068 3.02285 3.02565 3.02913 3.03333 3.0383 3.04408 3.05074 3.05833 3.0669 3.0765 3.08716 3.09892 3.11181 3.12583 3.14097 3.15723 3.17457 3.19295 3.21229 3.23251 3.25354 3.27524 3.29751 3.32022 3.34323 3.36639 3.38955 3.41257 3.4353 3.4576 3.47931 3.50032 3.52049 3.5397 3.55786 3.57487 3.59064 3.60509 3.61816 3.6298 3.63996 3.6486 3.65569 3.66121 3.66513 3.66743 3.66812 3.66719 3.66464 3.66047 3.65469 3.64733 3.6384 3.62794 3.61599 3.6026 3.58782 3.57173 3.55441 3.53596 3.51647 3.49605 3.47485 3.45298 3.43059 3.40782 3.38482 3.36175 3.33876 3.31599 3.29358 3.27166 3.25037 3.22982 3.21009 3.19129 3.17348 3.15671 3.14102 3.12645 3.11299 3.10065 3.08941 3.07924 3.07012 3.06199 3.05482 3.04854 3.04312 3.03849 3.03461 3.03143 3.02892 3.02703 3.02573 3.02502 
3.01869 3.01912 3.02016 3.02181 3.0241 3.02707 3.03075 3.0352 3.04045 3.04658 3.05362 3.06164 3.07069 3.08082 3.09206 3.10445 3.11801 3.13275 3.14866 3.16572 3.18389 3.20313 3.22335 3.24448 3.26641 3.28902 3.3122 3.3358 3.35968 3.38369 3.40768 3.43148 3.45496 3.47795 3.50032 3.52193 3.54265 3.56238 3.58099 3.59841 3.61454 3.62931 3.64266 3.65454 3.6649 3.6737 3.68093 3.68655 3.69054 3.6929 3.69361 3.69268 3.69009 3.68586 3.67999 3.6725 3.66341 3.65276 3.64056 3.62689 3.61178 3.59531 3.57756 3.55862 3.5386 3.5176 3.49576 3.4732 3.45008 3.42653 3.40273 3.37881 3.35494 3.33128 3.30796 3.28514 3.26293 3.24147 3.22086 3.20118 3.18253 3.16494 3.14848 3.13317 3.11902 3.10603 3.09418 3.08346 3.07383 3.06524 3.05765 3.051 3.04526 3.04035 3.03623 3.03285 3.03017 3.02816 3.02677 3.02601 
3.01965 3.0201 3.02118 3.02292 3.02534 3.02847 3.03236 3.03705 3.04259 3.04904 3.05646 3.06491 3.07443 3.08507 3.09688 3.10989 3.1241 3.13954 3.15619 3.17402 3.193 3.21306 3.23413 3.25612 3.27892 3.30241 3.32644 3.35089 3.3756 3.40041 3.42517 3.44971 3.47387 3.49751 3.52049 3.54265 3.56388 3.58407 3.6031 3.62088 3.63733 3.65238 3.66598 3.67806 3.6886 3.69755 3.70489 3.7106 3.71466 3.71707 3.7178 3.71686 3.71425 3.70997 3.70403 3.69644 3.68721 3.67638 3.66398 3.65006 3.63466 3.61785 3.59972 3.58034 3.55983 3.53829 3.51586 3.49267 3.46886 3.44459 3.42002 3.39531 3.37062 3.34611 3.32193 3.29823 3.27516 3.25283 3.23136 3.21084 3.19137 3.173 3.15578 3.13975 3.12493 3.1113 3.09887 3.08761 3.07748 3.06844 3.06044 3.05344 3.04737 3.04218 3.03783 3.03425 3.03142 3.02928 3.02781 3.02699 
3.0206 3.02107 3.0222 3.02402 3.02656 3.02985 3.03394 3.03886 3.04469 3.05146 3.05925 3.06811 3.07808 3.08923 3.10159 3.11518 3.13003 3.14614 3.1635 3.18208 3.20182 3.22268 3.24456 3.26737 3.29099 3.3153 3.34015 3.3654 3.39088 3.41644 3.44191 3.46713 3.49194 3.51618 3.5397 3.56238 3.58407 3.60466 3.62406 3.64217 3.6589 3.6742 3.68801 3.70027 3.71096 3.72003 3.72748 3.73326 3.73738 3.73983 3.74058 3.73965 3.73702 3.7327 3.7267 3.71902 3.70968 3.69871 3.68613 3.67199 3.65634 3.63923 3.62076 3.60099 3.58004 3.55801 3.53504 3.51126 3.48683 3.46189 3.4366 3.41115 3.38568 3.36037 3.33537 3.31085 3.28695 3.26379 3.24151 3.22019 3.19994 3.18081 3.16287 3.14615 3.13068 3.11644 3.10344 3.09165 3.08104 3.07156 3.06317 3.05582 3.04944 3.04399 3.0394 3.03563 3.03264 3.03038 3.02883 3.02796 
3.02153 3.02201 3.02319 3.0251 3.02776 3.0312 3.03548 3.04063 3.04672 3.05381 3.06195 3.0712 3.08162 3.09325 3.10613 3.12029 3.13575 3.1525 3.17054 3.18982 3.2103 3.2319 3.25455 3.27813 3.30253 3.32761 3.35322 3.37921 3.40542 3.43168 3.45781 3.48366 3.50905 3.53384 3.55786 3.58099 3.6031 3.62406 3.64378 3.66218 3.67916 3.69467 3.70866 3.72108 3.73189 3.74107 3.74859 3.75445 3.75862 3.76109 3.76187 3.76094 3.7583 3.75396 3.74791 3.74016 3.73074 3.71965 3.70692 3.6926 3.67672 3.65936 3.64057 3.62046 3.59911 3.57665 3.55319 3.52888 3.50386 3.4783 3.45236 3.42621 3.40002 3.37397 3.34821 3.32292 3.29823 3.27429 3.25123 3.22916 3.20816 3.18832 3.16969 3.15232 3.13622 3.1214 3.10785 3.09556 3.08448 3.07459 3.06582 3.05812 3.05145 3.04574 3.04093 3.03698 3.03384 3.03146 3.02983 3.0289 
3.02242 3.02292 3.02415 3.02614 3.02891 3.0325 3.03696 3.04234 3.04869 3.05607 3.06455 3.07418 3.08501 3.0971 3.11048 3.12517 3.14121 3.15857 3.17724 3.19719 3.21835 3.24066 3.26403 3.28833 3.31345 3.33925 3.36557 3.39226 3.41913 3.44603 3.47277 3.49919 3.52512 3.55039 3.57487 3.59841 3.62088 3.64217 3.66218 3.68082 3.69802 3.71371 3.72785 3.7404 3.75131 3.76058 3.76817 3.77408 3.77829 3.7808 3.78159 3.78067 3.77803 3.77367 3.76759 3.75979 3.75029 3.7391 3.72625 3.71178 3.69572 3.67813 3.65908 3.63866 3.61696 3.59411 3.57021 3.54541 3.51987 3.49375 3.4672 3.44042 3.41356 3.38681 3.36035 3.33433 3.30892 3.28425 3.26047 3.23768 3.21599 3.19547 3.17619 3.15819 3.1415 3.12613 3.11207 3.0993 3.08778 3.07748 3.06836 3.06034 3.05338 3.04742 3.0424 3.03827 3.03499 3.0325 3.03079 3.02982 
3.02328 3.02379 3.02507 3.02713 3.03001 3.03374 3.03838 3.04396 3.05055 3.05822 3.06701 3.07699 3.08822 3.10074 3.11459 3.12979 3.14636 3.16429 3.18355 3.20412 3.22593 3.24889 3.27292 3.2979 3.32369 3.35015 3.37712 3.40444 3.43192 3.4594 3.48669 3.51363 3.54004 3.56576 3.59064 3.61454 3.63733 3.6589 3.67916 3.69802 3.7154 3.73124 3.74551 3.75816 3.76917 3.7785 3.78615 3.79211 3.79635 3.79889 3.7997 3.79879 3.79614 3.79177 3.78567 3.77783 3.76828 3.75702 3.74407 3.72946 3.71324 3.69547 3.67619 3.65551 3.6335 3.61029 3.58601 3.56078 3.53477 3.50813 3.48103 3.45367 3.4262 3.39882 3.37171 3.34502 3.31894 3.2936 3.26914 3.24569 3.22335 3.2022 3.18231 3.16373 3.14649 3.1306 3.11605 3.10283 3.09091 3.08023 3.07076 3.06244 3.05522 3.04902 3.0438 3.03951 3.03608 3.0335 3.03171 3.0307 
3.02409 3.02462 3.02594 3.02807 3.03105 3.03491 3.03971 3.04549 3.05231 3.06023 3.06932 3.07964 3.09123 3.10415 3.11843 3.1341 3.15116 3.16962 3.18943 3.21057 3.23297 3.25653 3.28117 3.30676 3.33316 3.36023 3.38779 3.41568 3.44371 3.47172 3.49951 3.52691 3.55374 3.57986 3.60509 3.62931 3.65238 3.6742 3.69467 3.71371 3.73124 3.74722 3.76159 3.77433 3.7854 3.7948 3.80249 3.80848 3.81276 3.81531 3.81614 3.81524 3.8126 3.80822 3.80211 3.79425 3.78465 3.77333 3.7603 3.7456 3.72925 3.71131 3.69184 3.67092 3.64865 3.62514 3.60051 3.5749 3.54846 3.52136 3.49378 3.46588 3.43787 3.40992 3.38221 3.35492 3.32821 3.30226 3.27718 3.25312 3.23019 3.20846 3.18801 3.1689 3.15114 3.13477 3.11977 3.10614 3.09383 3.0828 3.07302 3.06441 3.05694 3.05052 3.04512 3.04067 3.03712 3.03443 3.03257 3.03152 
3.02484 3.02538 3.02674 3.02894 3.03202 3.036 3.04094 3.0469 3.05393 3.06209 3.07146 3.08207 3.094 3.10729 3.12196 3.13806 3.15558 3.17451 3.19483 3.21648 3.23941 3.26353 3.28872 3.31486 3.34181 3.36941 3.39751 3.42591 3.45444 3.48291 3.51114 3.53895 3.56616 3.59262 3.61816 3.64266 3.66598 3.68801 3.70866 3.72785 3.74551 3.76159 3.77605 3.78886 3.79999 3.80942 3.81716 3.82317 3.82747 3.83005 3.83089 3.83 3.82737 3.82299 3.81687 3.80899 3.79937 3.788 3.77491 3.76012 3.74367 3.72559 3.70596 3.68485 3.66235 3.63857 3.61364 3.58769 3.56088 3.53338 3.50535 3.47699 3.44849 3.42002 3.39178 3.36394 3.33668 3.31017 3.28454 3.25993 3.23645 3.21419 3.19324 3.17363 3.15542 3.13861 3.1232 3.10918 3.09652 3.08517 3.0751 3.06624 3.05853 3.05192 3.04634 3.04174 3.03808 3.0353 3.03338 3.03229 
3.02553 3.02608 3.02748 3.02974 3.0329 3.03699 3.04207 3.04819 3.05541 3.06379 3.07339 3.08428 3.09651 3.11013 3.12516 3.14164 3.15956 3.17892 3.19969 3.22181 3.24521 3.26981 3.29549 3.32213 3.34957 3.37765 3.40621 3.43507 3.46403 3.49291 3.52153 3.54969 3.57724 3.60399 3.6298 3.65454 3.67806 3.70027 3.72108 3.7404 3.75816 3.77433 3.78886 3.80172 3.81289 3.82236 3.83012 3.83616 3.84048 3.84307 3.84393 3.84305 3.84042 3.83605 3.82993 3.82204 3.8124 3.801 3.78786 3.77301 3.75647 3.73828 3.71851 3.69723 3.67454 3.65053 3.62534 3.5991 3.57197 3.54411 3.5157 3.48693 3.45799 3.42907 3.40036 3.37204 3.34429 3.31728 3.29115 3.26605 3.24209 3.21936 3.19795 3.17791 3.15928 3.14207 3.12629 3.11193 3.09895 3.08732 3.07698 3.06789 3.05997 3.05318 3.04745 3.04272 3.03895 3.0361 3.03412 3.03299 
3.02615 3.02671 3.02814 3.03045 3.03369 3.03788 3.04307 3.04934 3.05672 3.06529 3.07512 3.08625 3.09874 3.11265 3.12799 3.14481 3.16309 3.18282 3.20398 3.2265 3.25033 3.27535 3.30146 3.32852 3.35638 3.38488 3.41385 3.4431 3.47243 3.50167 3.53062 3.55909 3.58692 3.61392 3.63996 3.6649 3.6886 3.71096 3.73189 3.75131 3.76917 3.7854 3.79999 3.81289 3.8241 3.8336 3.84138 3.84743 3.85177 3.85437 3.85524 3.85437 3.85176 3.84739 3.84127 3.83338 3.82372 3.8123 3.79913 3.78422 3.76761 3.74933 3.72945 3.70803 3.68517 3.66097 3.63556 3.60907 3.58166 3.5535 3.52476 3.49564 3.46633 3.43701 3.40789 3.37915 3.35097 3.32353 3.29697 3.27144 3.24706 3.22392 3.20211 3.18168 3.16268 3.14513 3.12903 3.11437 3.10111 3.08923 3.07866 3.06936 3.06126 3.05431 3.04844 3.0436 3.03974 3.03681 3.03478 3.03362 
3.02669 3.02726 3.02872 3.03108 3.03437 3.03865 3.04395 3.05033 3.05786 3.0666 3.07661 3.08794 3.10067 3.11482 3.13043 3.14753 3.16612 3.18617 3.20766 3.23054 3.25471 3.28009 3.30656 3.33399 3.36221 3.39107 3.42037 3.44995 3.4796 3.50914 3.53836 3.56709 3.59515 3.62238 3.6486 3.6737 3.69755 3.72003 3.74107 3.76058 3.7785 3.7948 3.80942 3.82236 3.8336 3.84311 3.85091 3.85698 3.86133 3.86394 3.86482 3.86396 3.86136 3.857 3.85088 3.84298 3.83332 3.82188 3.80868 3.79373 3.77707 3.75872 3.73874 3.71721 3.69422 3.66986 3.64426 3.61756 3.58992 3.5615 3.53249 3.50307 3.47344 3.44379 3.41432 3.38523 3.35669 3.32888 3.30196 3.27606 3.25132 3.22783 3.20568 3.18493 3.16562 3.14777 3.13139 3.11647 3.10298 3.09087 3.08011 3.07063 3.06237 3.05528 3.0493 3.04436 3.04042 3.03743 3.03535 3.03417 
3.02715 3.02772 3.0292 3.0316 3.03495 3.03929 3.04468 3.05117 3.05881 3.06769 3.07785 3.08936 3.10227 3.11662 3.13246 3.14979 3.16863 3.18895 3.21071 3.23387 3.25833 3.28401 3.31078 3.3385 3.36701 3.39615 3.42574 3.45559 3.4855 3.51527 3.54473 3.57367 3.60192 3.62931 3.65569 3.68093 3.70489 3.72748 3.74859 3.76817 3.78615 3.80249 3.81716 3.83012 3.84138 3.85091 3.85872 3.86481 3.86916 3.87178 3.87267 3.87182 3.86922 3.86487 3.85875 3.85086 3.84119 3.82974 3.81652 3.80153 3.78482 3.76641 3.74636 3.72474 3.70164 3.67715 3.6514 3.62454 3.59671 3.56808 3.53884 3.50918 3.47929 3.44937 3.41962 3.39024 3.3614 3.33329 3.30607 3.27988 3.25484 3.23106 3.20863 3.18761 3.16805 3.14996 3.13335 3.11822 3.10453 3.09224 3.08132 3.07169 3.06331 3.0561 3.05002 3.045 3.04099 3.03795 3.03584 3.03463 
3.02751 3.0281 3.02959 3.03202 3.03541 3.03981 3.04526 3.05183 3.05957 3.06855 3.07883 3.09047 3.10353 3.11805 3.13405 3.15157 3.1706 3.19112 3.2131 3.23647 3.26116 3.28707 3.31406 3.34201 3.37075 3.40012 3.42992 3.45998 3.49009 3.52005 3.54968 3.57878 3.60718 3.6347 3.66121 3.68655 3.7106 3.73326 3.75445 3.77408 3.79211 3.80848 3.82317 3.83616 3.84743 3.85698 3.86481 3.8709 3.87526 3.87789 3.87879 3.87794 3.87535 3.871 3.86488 3.85699 3.84731 3.83585 3.82261 3.80761 3.79086 3.7724 3.75229 3.7306 3.70741 3.68282 3.65696 3.62996 3.60198 3.5732 3.54378 3.51393 3.48384 3.45372 3.42375 3.39414 3.36508 3.33674 3.30928 3.28286 3.25759 3.23359 3.21094 3.18972 3.16995 3.15168 3.13489 3.11959 3.10575 3.09333 3.08227 3.07253 3.06404 3.05675 3.05059 3.04551 3.04145 3.03836 3.03623 3.03501 
3.02778 3.02837 3.02988 3.03233 3.03576 3.04019 3.04569 3.05232 3.06012 3.06918 3.07954 3.09128 3.10444 3.11907 3.1352 3.15285 3.17201 3.19268 3.2148 3.23833 3.26318 3.28924 3.3164 3.34451 3.37341 3.40294 3.43289 3.46309 3.49334 3.52344 3.55319 3.58241 3.61091 3.63854 3.66513 3.69054 3.71466 3.73738 3.75862 3.77829 3.79635 3.81276 3.82747 3.84048 3.85177 3.86133 3.86916 3.87526 3.87963 3.88227 3.88317 3.88233 3.87974 3.87539 3.86927 3.86138 3.8517 3.84022 3.82697 3.81194 3.79516 3.77667 3.75652 3.73477 3.71151 3.68685 3.6609 3.63381 3.60573 3.57683 3.54729 3.51731 3.48707 3.4568 3.42668 3.39691 3.36769 3.33918 3.31156 3.28498 3.25955 3.23539 3.2126 3.19122 3.17132 3.15291 3.136 3.12058 3.10663 3.09411 3.08296 3.07314 3.06458 3.05723 3.05101 3.04588 3.04178 3.03867 3.03651 3.03528 
3.02796 3.02855 3.03007 3.03253 3.03597 3.04043 3.04596 3.05262 3.06047 3.06957 3.07998 3.09177 3.105 3.11969 3.13589 3.15361 3.17286 3.1936 3.21582 3.23943 3.26437 3.29053 3.31778 3.34598 3.37497 3.40459 3.43463 3.46492 3.49525 3.52542 3.55525 3.58454 3.61311 3.64079 3.66743 3.6929 3.71707 3.73983 3.76109 3.7808 3.79889 3.81531 3.83005 3.84307 3.85437 3.86394 3.87178 3.87789 3.88227 3.88491 3.88582 3.88498 3.88239 3.87804 3.87192 3.86402 3.85433 3.84284 3.82957 3.81453 3.79773 3.77921 3.75902 3.73724 3.71394 3.68923 3.66323 3.63608 3.60793 3.57896 3.54934 3.51928 3.48896 3.4586 3.42839 3.39853 3.36922 3.34062 3.31291 3.28622 3.26071 3.23646 3.21357 3.19212 3.17213 3.15365 3.13667 3.12118 3.10717 3.09458 3.08339 3.07352 3.06492 3.05752 3.05128 3.04612 3.042 3.03887 3.0367 3.03546 
