3.72676 3.72697 3.72719 3.72744 3.72772 3.72801 3.72833 3.72868 3.72905 3.72945 3.72988 3.73034 3.73084 3.73138 3.73196 3.73258 3.73325 3.73398 3.73475 3.73558 3.73647 3.73741 3.73841 3.73947 3.74059 3.74176 3.74299 3.74426 3.74558 3.74694 3.74832 3.74974 3.75117 3.7526 3.75404 3.75546 3.75687 3.75824 3.75956 3.76083 3.76204 3.76317 3.76421 3.76516 3.766 3.76674 3.76735 3.76784 3.7682 3.76843 3.76853 3.76849 3.76832 3.76801 3.76758 3.76702 3.76634 3.76555 3.76465 3.76366 3.76258 3.76143 3.76021 3.75893 3.75761 3.75625 3.75487 3.75348 3.75209 3.75071 3.74934 3.748 3.74669 3.74543 3.74421 3.74305 3.74194 3.7409 3.73992 3.73902 3.73818 3.73741 3.73671 3.73608 3.73552 3.73502 3.7346 3.73423 3.73392 3.73368 3.73348 3.73334 3.73324 3.73319 3.73318 3.7332 3.73327 3.73336 3.73348 3.73364 
3.72697 3.72717 3.7274 3.72765 3.72792 3.72822 3.72854 3.72888 3.72926 3.72966 3.73009 3.73056 3.73106 3.7316 3.73218 3.73281 3.73349 3.73422 3.735 3.73584 3.73673 3.73769 3.7387 3.73977 3.7409 3.74209 3.74333 3.74462 3.74595 3.74733 3.74873 3.75016 3.75161 3.75307 3.75452 3.75597 3.75739 3.75878 3.76012 3.76141 3.76263 3.76377 3.76483 3.76579 3.76665 3.76739 3.76802 3.76851 3.76888 3.76911 3.76921 3.76917 3.76899 3.76868 3.76824 3.76767 3.76699 3.76618 3.76528 3.76427 3.76318 3.76201 3.76077 3.75947 3.75813 3.75676 3.75536 3.75395 3.75254 3.75114 3.74975 3.74839 3.74707 3.74579 3.74456 3.74338 3.74226 3.7412 3.74021 3.7393 3.73845 3.73767 3.73696 3.73632 3.73576 3.73526 3.73482 3.73445 3.73414 3.73389 3.73369 3.73355 3.73345 3.7334 3.73338 3.73341 3.73347 3.73356 3.73369 3.73384 
3.72719 3.7274 3.72763 3.72788 3.72815 3.72845 3.72878 3.72913 3.72951 3.72992 3.73037 3.73084 3.73136 3.73192 3.73252 3.73317 3.73387 3.73462 3.73543 3.7363 3.73722 3.73821 3.73926 3.74038 3.74155 3.74278 3.74407 3.74541 3.74679 3.74822 3.74968 3.75116 3.75267 3.75418 3.75569 3.75719 3.75866 3.7601 3.76149 3.76283 3.7641 3.76528 3.76638 3.76737 3.76826 3.76903 3.76967 3.77019 3.77057 3.77081 3.77091 3.77086 3.77068 3.77036 3.7699 3.76931 3.76859 3.76776 3.76682 3.76577 3.76464 3.76342 3.76214 3.76079 3.7594 3.75798 3.75652 3.75506 3.7536 3.75214 3.7507 3.74929 3.74791 3.74658 3.7453 3.74408 3.74292 3.74182 3.74079 3.73983 3.73895 3.73814 3.7374 3.73674 3.73615 3.73562 3.73517 3.73478 3.73445 3.73419 3.73398 3.73382 3.73371 3.73365 3.73363 3.73365 3.73371 3.7338 3.73392 3.73407 
3.72744 3.72765 3.72788 3.72813 3.72842 3.72872 3.72906 3.72942 3.72982 3.73024 3.73071 3.73121 3.73175 3.73233 3.73297 3.73365 3.73439 3.73519 3.73604 3.73696 3.73795 3.739 3.74011 3.7413 3.74254 3.74385 3.74521 3.74664 3.74811 3.74962 3.75117 3.75274 3.75434 3.75594 3.75754 3.75913 3.76069 3.76221 3.76369 3.7651 3.76644 3.7677 3.76886 3.76991 3.77084 3.77166 3.77234 3.77288 3.77328 3.77353 3.77363 3.77358 3.77339 3.77304 3.77256 3.77193 3.77117 3.77029 3.76929 3.76818 3.76698 3.76569 3.76433 3.7629 3.76143 3.75991 3.75837 3.75682 3.75527 3.75372 3.75219 3.75069 3.74923 3.74782 3.74646 3.74515 3.74392 3.74275 3.74165 3.74063 3.73969 3.73882 3.73803 3.73732 3.73669 3.73612 3.73563 3.73521 3.73486 3.73456 3.73433 3.73415 3.73403 3.73395 3.73392 3.73393 3.73397 3.73406 3.73417 3.73432 
3.72772 3.72792 3.72815 3.72842 3.72871 3.72902 3.72937 3.72976 3.73017 3.73062 3.73111 3.73165 3.73222 3.73285 3.73353 3.73427 3.73507 3.73593 3.73685 3.73785 3.73891 3.74005 3.74126 3.74253 3.74388 3.7453 3.74678 3.74831 3.74991 3.75154 3.75322 3.75492 3.75664 3.75837 3.7601 3.76181 3.76349 3.76514 3.76672 3.76825 3.76969 3.77104 3.77228 3.77341 3.77442 3.77529 3.77602 3.7766 3.77702 3.77729 3.7774 3.77734 3.77713 3.77676 3.77623 3.77555 3.77473 3.77378 3.7727 3.77151 3.77021 3.76882 3.76735 3.76581 3.76422 3.76258 3.76092 3.75924 3.75756 3.75589 3.75424 3.75262 3.75104 3.7495 3.74803 3.74661 3.74527 3.744 3.74281 3.7417 3.74067 3.73972 3.73886 3.73808 3.73738 3.73676 3.73622 3.73575 3.73535 3.73502 3.73476 3.73455 3.7344 3.7343 3.73424 3.73424 3.73427 3.73434 3.73445 3.7346 
3.72801 3.72822 3.72845 3.72872 3.72902 3.72936 3.72973 3.73013 3.73058 3.73106 3.73159 3.73216 3.73279 3.73348 3.73422 3.73502 3.7359 3.73684 3.73786 3.73895 3.74012 3.74137 3.7427 3.7441 3.74559 3.74714 3.74877 3.75046 3.7522 3.754 3.75584 3.7577 3.75959 3.76149 3.76338 3.76525 3.76709 3.76888 3.77062 3.77228 3.77385 3.77532 3.77668 3.77791 3.779 3.77995 3.78074 3.78137 3.78183 3.78212 3.78223 3.78217 3.78193 3.78152 3.78094 3.7802 3.7793 3.77826 3.77708 3.77577 3.77435 3.77283 3.77122 3.76954 3.76779 3.766 3.76418 3.76234 3.7605 3.75867 3.75685 3.75507 3.75333 3.75165 3.75002 3.74847 3.74699 3.74559 3.74427 3.74304 3.7419 3.74085 3.73989 3.73902 3.73824 3.73754 3.73693 3.7364 3.73595 3.73557 3.73525 3.73501 3.73482 3.73469 3.73461 3.73458 3.7346 3.73466 3.73476 3.7349 
3.72833 3.72854 3.72878 3.72906 3.72937 3.72973 3.73012 3.73055 3.73103 3.73156 3.73213 3.73277 3.73346 3.73421 3.73503 3.73592 3.73689 3.73794 3.73907 3.74028 3.74158 3.74297 3.74445 3.74602 3.74767 3.7494 3.7512 3.75308 3.75502 3.75701 3.75905 3.76112 3.76321 3.76531 3.7674 3.76947 3.7715 3.77348 3.77539 3.77722 3.77896 3.78058 3.78207 3.78342 3.78462 3.78566 3.78653 3.78722 3.78772 3.78803 3.78815 3.78808 3.78781 3.78736 3.78672 3.7859 3.7849 3.78375 3.78244 3.781 3.77943 3.77775 3.77597 3.77411 3.77218 3.7702 3.76818 3.76614 3.7641 3.76207 3.76005 3.75808 3.75615 3.75427 3.75246 3.75073 3.74908 3.74752 3.74604 3.74467 3.74339 3.74221 3.74113 3.74015 3.73926 3.73847 3.73778 3.73717 3.73664 3.7362 3.73583 3.73553 3.7353 3.73513 3.73502 3.73497 3.73496 3.73501 3.73509 3.73522 
3.72868 3.72888 3.72913 3.72942 3.72976 3.73013 3.73055 3.73102 3.73155 3.73212 3.73276 3.73345 3.73422 3.73506 3.73597 3.73697 3.73805 3.73923 3.74049 3.74185 3.74332 3.74487 3.74653 3.74829 3.75014 3.75208 3.7541 3.7562 3.75837 3.7606 3.76287 3.76518 3.76751 3.76985 3.77218 3.77449 3.77675 3.77895 3.78107 3.78311 3.78503 3.78682 3.78848 3.78998 3.79131 3.79245 3.79341 3.79417 3.79472 3.79506 3.79519 3.79511 3.79481 3.79429 3.79358 3.79266 3.79156 3.79027 3.78882 3.78722 3.78547 3.7836 3.78161 3.77954 3.77739 3.77518 3.77294 3.77066 3.76838 3.76611 3.76386 3.76165 3.75949 3.75739 3.75536 3.75342 3.75156 3.7498 3.74814 3.74659 3.74515 3.74381 3.74259 3.74147 3.74046 3.73956 3.73875 3.73805 3.73744 3.73692 3.73648 3.73612 3.73584 3.73563 3.73548 3.73539 3.73536 3.73538 3.73545 3.73557 
3.72905 3.72926 3.72951 3.72982 3.73017 3.73058 3.73103 3.73155 3.73212 3.73275 3.73346 3.73424 3.73509 3.73603 3.73706 3.73818 3.7394 3.74072 3.74214 3.74368 3.74533 3.74709 3.74896 3.75093 3.75302 3.7552 3.75748 3.75984 3.76228 3.76478 3.76733 3.76992 3.77254 3.77515 3.77776 3.78033 3.78286 3.78532 3.78769 3.78996 3.7921 3.7941 3.79593 3.7976 3.79908 3.80035 3.80141 3.80225 3.80286 3.80324 3.80337 3.80327 3.80293 3.80236 3.80156 3.80053 3.7993 3.79786 3.79624 3.79444 3.79249 3.7904 3.78818 3.78586 3.78346 3.78099 3.77847 3.77593 3.77337 3.77082 3.7683 3.76581 3.76338 3.76102 3.75874 3.75654 3.75445 3.75246 3.75058 3.74882 3.74719 3.74567 3.74427 3.743 3.74184 3.7408 3.73988 3.73906 3.73835 3.73774 3.73722 3.73679 3.73644 3.73618 3.73598 3.73585 3.73579 3.73579 3.73584 3.73595 
3.72945 3.72966 3.72992 3.73024 3.73062 3.73106 3.73156 3.73212 3.73275 3.73346 3.73425 3.73512 3.73608 3.73713 3.73829 3.73955 3.74093 3.74242 3.74404 3.74577 3.74764 3.74962 3.75174 3.75397 3.75632 3.75879 3.76136 3.76402 3.76676 3.76958 3.77245 3.77536 3.7783 3.78123 3.78415 3.78704 3.78987 3.79262 3.79527 3.7978 3.80019 3.80242 3.80447 3.80632 3.80796 3.80938 3.81056 3.81149 3.81217 3.81258 3.81273 3.81261 3.81222 3.81158 3.81068 3.80953 3.80815 3.80654 3.80472 3.80271 3.80053 3.79818 3.7957 3.7931 3.79041 3.78764 3.78481 3.78196 3.77908 3.77622 3.77338 3.77058 3.76784 3.76518 3.7626 3.76013 3.75776 3.75551 3.75338 3.75138 3.74952 3.74779 3.74619 3.74474 3.74341 3.74222 3.74115 3.7402 3.73937 3.73865 3.73804 3.73753 3.73711 3.73678 3.73653 3.73636 3.73626 3.73623 3.73626 3.73636 
3.72988 3.73009 3.73037 3.73071 3.73111 3.73159 3.73213 3.73276 3.73346 3.73425 3.73513 3.7361 3.73718 3.73837 3.73968 3.74111 3.74266 3.74435 3.74618 3.74815 3.75026 3.7525 3.75489 3.75742 3.76008 3.76286 3.76576 3.76876 3.77185 3.77502 3.77825 3.78153 3.78482 3.78812 3.79139 3.79463 3.79779 3.80087 3.80383 3.80666 3.80933 3.81181 3.8141 3.81616 3.81799 3.81957 3.82088 3.82191 3.82266 3.82311 3.82327 3.82313 3.8227 3.82197 3.82096 3.81968 3.81813 3.81633 3.8143 3.81205 3.8096 3.80698 3.8042 3.80129 3.79826 3.79516 3.79199 3.78878 3.78555 3.78233 3.77914 3.77599 3.7729 3.7699 3.76699 3.76419 3.76151 3.75896 3.75655 3.75428 3.75216 3.75019 3.74837 3.7467 3.74518 3.74381 3.74258 3.74148 3.74052 3.73968 3.73896 3.73835 3.73785 3.73745 3.73714 3.73691 3.73677 3.73671 3.73672 3.73679 
3.73034 3.73056 3.73084 3.73121 3.73165 3.73216 3.73277 3.73345 3.73424 3.73512 3.7361 3.7372 3.73841 3.73976 3.74123 3.74285 3.74461 3.74652 3.74859 3.75082 3.7532 3.75574 3.75845 3.7613 3.7643 3.76744 3.7707 3.77409 3.77757 3.78113 3.78476 3.78844 3.79213 3.79583 3.7995 3.80312 3.80666 3.8101 3.81341 3.81656 3.81954 3.82231 3.82485 3.82715 3.82919 3.83094 3.83239 3.83354 3.83436 3.83486 3.83503 3.83487 3.83438 3.83357 3.83244 3.831 3.82927 3.82726 3.82499 3.82247 3.81974 3.8168 3.81369 3.81043 3.80705 3.80357 3.80001 3.79641 3.79279 3.78918 3.78558 3.78204 3.77857 3.77518 3.7719 3.76874 3.76571 3.76283 3.7601 3.75753 3.75512 3.75288 3.75081 3.7489 3.74716 3.74559 3.74417 3.74291 3.7418 3.74082 3.73998 3.73926 3.73867 3.73818 3.7378 3.73752 3.73733 3.73723 3.73721 3.73727 
3.73084 3.73106 3.73136 3.73175 3.73222 3.73279 3.73346 3.73422 3.73509 3.73608 3.73718 3.73841 3.73978 3.7413 3.74296 3.74479 3.74678 3.74894 3.75128 3.75379 3.75649 3.75936 3.76241 3.76562 3.76901 3.77254 3.77621 3.78002 3.78393 3.78793 3.792 3.79612 3.80026 3.80439 3.8085 3.81254 3.81649 3.82032 3.82401 3.82753 3.83084 3.83392 3.83675 3.8393 3.84156 3.8435 3.84512 3.84638 3.84729 3.84784 3.84803 3.84784 3.84729 3.84638 3.84512 3.84352 3.84158 3.83934 3.83681 3.834 3.83095 3.82767 3.8242 3.82056 3.81678 3.81289 3.80891 3.80489 3.80083 3.79678 3.79275 3.78877 3.78487 3.78106 3.77737 3.77381 3.77039 3.76714 3.76405 3.76114 3.75841 3.75587 3.75352 3.75135 3.74937 3.74757 3.74595 3.7445 3.74321 3.74208 3.7411 3.74026 3.73956 3.73898 3.73852 3.73817 3.73793 3.73779 3.73774 3.73778 
3.73138 3.7316 3.73192 3.73233 3.73285 3.73348 3.73421 3.73506 3.73603 3.73713 3.73837 3.73976 3.7413 3.743 3.74488 3.74694 3.74919 3.75162 3.75426 3.75709 3.76013 3.76336 3.76679 3.77041 3.77421 3.77818 3.78231 3.78657 3.79095 3.79543 3.79999 3.80459 3.80921 3.81382 3.8184 3.8229 3.8273 3.83157 3.83566 3.83957 3.84324 3.84666 3.8498 3.85263 3.85513 3.85728 3.85906 3.86046 3.86146 3.86206 3.86226 3.86205 3.86144 3.86042 3.85901 3.85723 3.85508 3.85259 3.84977 3.84665 3.84325 3.83961 3.83574 3.83169 3.82748 3.82314 3.8187 3.81421 3.80968 3.80514 3.80064 3.79619 3.79182 3.78755 3.7834 3.7794 3.77556 3.7719 3.76842 3.76514 3.76206 3.75918 3.75651 3.75406 3.7518 3.74975 3.7479 3.74624 3.74477 3.74347 3.74233 3.74136 3.74054 3.73986 3.73931 3.73889 3.73858 3.73839 3.73831 3.73833 
3.73196 3.73218 3.73252 3.73297 3.73353 3.73422 3.73503 3.73597 3.73706 3.73829 3.73968 3.74123 3.74296 3.74488 3.74699 3.74931 3.75184 3.75458 3.75754 3.76073 3.76414 3.76777 3.77162 3.77568 3.77994 3.78438 3.789 3.79376 3.79866 3.80366 3.80873 3.81386 3.819 3.82414 3.82922 3.83422 3.8391 3.84383 3.84837 3.85269 3.85676 3.86054 3.86401 3.86713 3.86989 3.87226 3.87422 3.87576 3.87686 3.87752 3.87774 3.8775 3.87681 3.87568 3.87412 3.87215 3.86976 3.867 3.86388 3.86042 3.85665 3.85261 3.84832 3.84382 3.83915 3.83433 3.8294 3.82439 3.81935 3.8143 3.80927 3.80431 3.79943 3.79465 3.79002 3.78554 3.78124 3.77712 3.77322 3.76953 3.76606 3.76282 3.75981 3.75703 3.75448 3.75215 3.75005 3.74816 3.74647 3.74498 3.74368 3.74256 3.7416 3.74081 3.74016 3.73966 3.73929 3.73904 3.73892 3.73892 
3.73258 3.73281 3.73317 3.73365 3.73427 3.73502 3.73592 3.73697 3.73818 3.73955 3.74111 3.74285 3.74479 3.74694 3.74931 3.75191 3.75474 3.75782 3.76114 3.76471 3.76853 3.7726 3.7769 3.78144 3.78619 3.79115 3.7963 3.8016 3.80705 3.81261 3.81825 3.82394 3.82965 3.83533 3.84096 3.84649 3.85189 3.85712 3.86213 3.8669 3.87138 3.87555 3.87937 3.8828 3.88584 3.88844 3.8906 3.89228 3.89349 3.89421 3.89444 3.89417 3.89341 3.89216 3.89044 3.88826 3.88563 3.88258 3.87913 3.87531 3.87115 3.86668 3.86194 3.85697 3.85179 3.84645 3.84099 3.83544 3.82985 3.82424 3.81866 3.81314 3.80771 3.80239 3.79722 3.79223 3.78742 3.78283 3.77845 3.77432 3.77043 3.76679 3.76341 3.76028 3.7574 3.75478 3.7524 3.75025 3.74834 3.74664 3.74515 3.74386 3.74276 3.74184 3.74109 3.74049 3.74005 3.73975 3.73959 3.73956 
3.73325 3.73349 3.73387 3.73439 3.73507 3.7359 3.73689 3.73805 3.7394 3.74093 3.74266 3.74461 3.74678 3.74919 3.75184 3.75474 3.75791 3.76135 3.76506 3.76905 3.77331 3.77785 3.78264 3.78769 3.79298 3.7985 3.80421 3.8101 3.81614 3.8223 3.82854 3.83484 3.84114 3.84742 3.85363 3.85972 3.86567 3.87142 3.87694 3.88218 3.8871 3.89167 3.89586 3.89963 3.90295 3.90581 3.90816 3.91001 3.91133 3.91211 3.91236 3.91206 3.91121 3.90984 3.90794 3.90554 3.90265 3.8993 3.89551 3.89131 3.88673 3.88181 3.8766 3.87111 3.86541 3.85952 3.85349 3.84736 3.84118 3.83498 3.8288 3.82269 3.81666 3.81077 3.80503 3.79947 3.79413 3.78901 3.78414 3.77952 3.77518 3.77111 3.76732 3.76381 3.76058 3.75763 3.75495 3.75253 3.75036 3.74844 3.74675 3.74528 3.74402 3.74296 3.74209 3.7414 3.74087 3.74051 3.7403 3.74024 
3.73398 3.73422 3.73462 3.73519 3.73593 3.73684 3.73794 3.73923 3.74072 3.74242 3.74435 3.74652 3.74894 3.75162 3.75458 3.75782 3.76135 3.76518 3.76931 3.77375 3.77849 3.78353 3.78885 3.79445 3.80032 3.80642 3.81274 3.81926 3.82593 3.83272 3.83961 3.84654 3.85348 3.86038 3.8672 3.8739 3.88042 3.88673 3.89277 3.8985 3.90389 3.90889 3.91347 3.91759 3.92121 3.92432 3.92689 3.9289 3.93034 3.93119 3.93145 3.93111 3.93019 3.92868 3.92661 3.92398 3.92081 3.91714 3.91299 3.90839 3.90337 3.89798 3.89226 3.88624 3.87998 3.87351 3.86688 3.86014 3.85334 3.84651 3.8397 3.83295 3.82629 3.81978 3.81343 3.80728 3.80136 3.79568 3.79027 3.78514 3.7803 3.77577 3.77154 3.76763 3.76402 3.76071 3.75771 3.75499 3.75255 3.75038 3.74847 3.74681 3.74538 3.74417 3.74317 3.74237 3.74176 3.74133 3.74107 3.74098 
3.73475 3.735 3.73543 3.73604 3.73685 3.73786 3.73907 3.74049 3.74214 3.74404 3.74618 3.74859 3.75128 3.75426 3.75754 3.76114 3.76506 3.76931 3.7739 3.77882 3.78406 3.78964 3.79553 3.80172 3.80819 3.81493 3.82189 3.82906 3.8364 3.84387 3.85143 3.85904 3.86664 3.8742 3.88167 3.88899 3.89612 3.903 3.9096 3.91585 3.92172 3.92717 3.93215 3.93663 3.94057 3.94395 3.94674 3.94892 3.95048 3.9514 3.95167 3.9513 3.95029 3.94865 3.94638 3.94352 3.94007 3.93606 3.93153 3.92652 3.92104 3.91516 3.90891 3.90233 3.89548 3.88841 3.88115 3.87377 3.8663 3.85881 3.85133 3.84391 3.8366 3.82942 3.82243 3.81565 3.80911 3.80284 3.79685 3.79117 3.78581 3.78079 3.77609 3.77174 3.76772 3.76404 3.76068 3.75764 3.75491 3.75248 3.75033 3.74846 3.74684 3.74547 3.74433 3.74341 3.74271 3.7422 3.74189 3.74177 
3.73558 3.73584 3.7363 3.73696 3.73785 3.73895 3.74028 3.74185 3.74368 3.74577 3.74815 3.75082 3.75379 3.75709 3.76073 3.76471 3.76905 3.77375 3.77882 3.78425 3.79004 3.79618 3.80267 3.80948 3.8166 3.824 3.83165 3.83951 3.84755 3.85573 3.86399 3.87231 3.88061 3.88886 3.897 3.90498 3.91273 3.92022 3.92738 3.93418 3.94055 3.94646 3.95185 3.95671 3.96098 3.96463 3.96765 3.97001 3.97169 3.97268 3.97297 3.97256 3.97146 3.96968 3.96722 3.96411 3.96036 3.95602 3.9511 3.94565 3.9397 3.93331 3.9265 3.91935 3.91189 3.90418 3.89626 3.88821 3.88006 3.87187 3.86369 3.85557 3.84755 3.83969 3.83201 3.82456 3.81737 3.81047 3.80388 3.79762 3.79171 3.78615 3.78096 3.77614 3.77169 3.7676 3.76386 3.76048 3.75744 3.75473 3.75233 3.75022 3.74841 3.74686 3.74557 3.74453 3.74372 3.74314 3.74277 3.74262 
3.73647 3.73673 3.73722 3.73795 3.73891 3.74012 3.74158 3.74332 3.74533 3.74764 3.75026 3.7532 3.75649 3.76013 3.76414 3.76853 3.77331 3.77849 3.78406 3.79004 3.7964 3.80315 3.81027 3.81774 3.82554 3.83363 3.84199 3.85058 3.85935 3.86827 3.87728 3.88632 3.89536 3.90432 3.91315 3.92181 3.93021 3.93832 3.94608 3.95342 3.96031 3.96669 3.97252 3.97776 3.98236 3.9863 3.98955 3.99209 3.9939 3.99496 3.99527 3.99483 3.99364 3.9917 3.98905 3.98568 3.98164 3.97694 3.97162 3.96572 3.95929 3.95236 3.945 3.93724 3.92915 3.92078 3.91219 3.90343 3.89457 3.88565 3.87674 3.86789 3.85914 3.85056 3.84217 3.83402 3.82615 3.81858 3.81135 3.80448 3.79798 3.79186 3.78615 3.78083 3.77591 3.77139 3.76727 3.76352 3.76014 3.75713 3.75445 3.75211 3.75008 3.74835 3.7469 3.74573 3.74481 3.74414 3.74372 3.74352 
3.73741 3.73769 3.73821 3.739 3.74005 3.74137 3.74297 3.74487 3.74709 3.74962 3.7525 3.75574 3.75936 3.76336 3.76777 3.7726 3.77785 3.78353 3.78964 3.79618 3.80315 3.81053 3.81831 3.82647 3.83497 3.8438 3.8529 3.86225 3.87178 3.88147 3.89124 3.90105 3.91083 3.92053 3.93008 3.93943 3.94851 3.95725 3.96561 3.97353 3.98094 3.98781 3.99407 3.9997 4.00465 4.00888 4.01237 4.01509 4.01702 4.01816 4.01849 4.01801 4.01672 4.01464 4.01178 4.00816 4.00381 3.99875 3.99302 3.98667 3.97974 3.97227 3.96433 3.95595 3.94721 3.93817 3.92887 3.91939 3.90979 3.90013 3.89046 3.88085 3.87134 3.862 3.85287 3.84399 3.8354 3.82714 3.81924 3.81173 3.80461 3.79791 3.79164 3.7858 3.7804 3.77543 3.77088 3.76675 3.76302 3.75968 3.75672 3.75412 3.75186 3.74993 3.74832 3.747 3.74597 3.74521 3.74472 3.74449 
3.73841 3.7387 3.73926 3.74011 3.74126 3.7427 3.74445 3.74653 3.74896 3.75174 3.75489 3.75845 3.76241 3.76679 3.77162 3.7769 3.78264 3.78885 3.79553 3.80267 3.81027 3.81831 3.82678 3.83565 3.8449 3.85447 3.86435 3.87447 3.8848 3.89527 3.90584 3.91643 3.92698 3.93743 3.94772 3.95778 3.96754 3.97694 3.98592 3.99441 4.00236 4.00972 4.01643 4.02245 4.02774 4.03227 4.036 4.0389 4.04097 4.04218 4.04253 4.04201 4.04063 4.0384 4.03534 4.03146 4.02679 4.02137 4.01523 4.00842 4.00097 3.99296 3.98442 3.97542 3.96601 3.95627 3.94626 3.93604 3.92568 3.91525 3.9048 3.8944 3.88411 3.87399 3.86409 3.85445 3.84512 3.83614 3.82755 3.81936 3.8116 3.80429 3.79744 3.79105 3.78514 3.77969 3.7747 3.77016 3.76606 3.76238 3.75912 3.75625 3.75375 3.75161 3.74982 3.74835 3.74719 3.74634 3.74578 3.74551 
3.73947 3.73977 3.74038 3.7413 3.74253 3.7441 3.74602 3.74829 3.75093 3.75397 3.75742 3.7613 3.76562 3.77041 3.77568 3.78144 3.78769 3.79445 3.80172 3.80948 3.81774 3.82647 3.83565 3.84526 3.85527 3.86563 3.8763 3.88723 3.89836 3.90965 3.92102 3.93241 3.94375 3.95497 3.96601 3.97679 3.98725 3.99731 4.00691 4.01598 4.02447 4.03233 4.03949 4.04591 4.05155 4.05637 4.06034 4.06343 4.06563 4.06692 4.06728 4.06673 4.06526 4.06288 4.05961 4.05547 4.05048 4.0447 4.03814 4.03086 4.02291 4.01433 4.00519 3.99555 3.98548 3.97504 3.96429 3.95332 3.94218 3.93096 3.91971 3.90851 3.89741 3.88649 3.87579 3.86537 3.85528 3.84555 3.83623 3.82735 3.81892 3.81097 3.80352 3.79656 3.79011 3.78416 3.77871 3.77375 3.76926 3.76523 3.76164 3.75849 3.75574 3.75338 3.7514 3.74977 3.74849 3.74754 3.74691 3.74659 
3.74059 3.7409 3.74155 3.74254 3.74388 3.74559 3.74767 3.75014 3.75302 3.75632 3.76008 3.7643 3.76901 3.77421 3.77994 3.78619 3.79298 3.80032 3.80819 3.8166 3.82554 3.83497 3.8449 3.85527 3.86606 3.87722 3.8887 3.90045 3.91242 3.92453 3.93672 3.94892 3.96106 3.97307 3.98487 3.99638 4.00753 4.01826 4.02848 4.03815 4.04718 4.05553 4.06314 4.06996 4.07595 4.08107 4.08528 4.08856 4.09089 4.09225 4.09263 4.09204 4.09048 4.08795 4.08447 4.08007 4.07478 4.06862 4.06165 4.0539 4.04543 4.0363 4.02656 4.01628 4.00552 3.99437 3.98288 3.97114 3.95922 3.94719 3.93513 3.92311 3.91119 3.89945 3.88793 3.87671 3.86583 3.85534 3.84527 3.83567 3.82655 3.81794 3.80986 3.80232 3.79531 3.78885 3.78291 3.77751 3.77261 3.76821 3.7643 3.76084 3.75783 3.75524 3.75306 3.75127 3.74985 3.7488 3.74809 3.74773 
3.74176 3.74209 3.74278 3.74385 3.7453 3.74714 3.7494 3.75208 3.7552 3.75879 3.76286 3.76744 3.77254 3.77818 3.78438 3.79115 3.7985 3.80642 3.81493 3.824 3.83363 3.8438 3.85447 3.86563 3.87722 3.88919 3.90151 3.9141 3.9269 3.93985 3.95288 3.9659 3.97885 3.99164 4.0042 4.01645 4.0283 4.03969 4.05055 4.0608 4.07037 4.07922 4.08728 4.09449 4.10083 4.10624 4.11069 4.11415 4.11661 4.11805 4.11845 4.11782 4.11617 4.11349 4.10981 4.10516 4.09955 4.09303 4.08565 4.07743 4.06845 4.05876 4.04841 4.03749 4.02606 4.01419 4.00195 3.98944 3.97673 3.96389 3.951 3.93815 3.92539 3.91281 3.90047 3.88843 3.87674 3.86547 3.85464 3.84429 3.83447 3.82518 3.81646 3.8083 3.80072 3.79372 3.78729 3.78142 3.77611 3.77133 3.76706 3.7633 3.76001 3.75719 3.7548 3.75284 3.75128 3.75011 3.74933 3.74892 
3.74299 3.74333 3.74407 3.74521 3.74678 3.74877 3.7512 3.7541 3.75748 3.76136 3.76576 3.7707 3.77621 3.78231 3.789 3.7963 3.80421 3.81274 3.82189 3.83165 3.84199 3.8529 3.86435 3.8763 3.8887 3.90151 3.91466 3.9281 3.94175 3.95555 3.96942 3.98327 3.99702 4.0106 4.02392 4.0369 4.04946 4.06151 4.07299 4.08382 4.09393 4.10327 4.11177 4.11938 4.12605 4.13175 4.13644 4.14008 4.14267 4.14418 4.14461 4.14394 4.1422 4.13938 4.1355 4.13059 4.12468 4.1178 4.11001 4.10133 4.09184 4.0816 4.07065 4.05909 4.04698 4.03439 4.02142 4.00813 3.99462 3.98096 3.96725 3.95355 3.93995 3.92653 3.91334 3.90047 3.88797 3.87589 3.86428 3.85318 3.84263 3.83266 3.82327 3.81449 3.80632 3.79877 3.79183 3.78549 3.77974 3.77456 3.76994 3.76585 3.76228 3.75921 3.75661 3.75447 3.75277 3.75149 3.75062 3.75017 
3.74426 3.74462 3.74541 3.74664 3.74831 3.75046 3.75308 3.7562 3.75984 3.76402 3.76876 3.77409 3.78002 3.78657 3.79376 3.8016 3.8101 3.81926 3.82906 3.83951 3.85058 3.86225 3.87447 3.88723 3.90045 3.9141 3.9281 3.94239 3.9569 3.97155 3.98625 4.00093 4.01549 4.02985 4.04393 4.05764 4.07088 4.08359 4.09569 4.10709 4.11773 4.12755 4.13648 4.14448 4.15149 4.15747 4.16239 4.16621 4.16893 4.17051 4.17096 4.17026 4.16843 4.16547 4.16139 4.15624 4.15003 4.1428 4.1346 4.12548 4.11549 4.10469 4.09316 4.08096 4.06818 4.05488 4.04117 4.02711 4.0128 3.99833 3.98378 3.96925 3.9548 3.94052 3.92649 3.91278 3.89945 3.88656 3.87417 3.8623 3.85102 3.84033 3.83027 3.82085 3.81209 3.80397 3.7965 3.78968 3.78348 3.7779 3.77291 3.7685 3.76464 3.76131 3.75849 3.75616 3.75431 3.75292 3.75197 3.75146 
3.74558 3.74595 3.74679 3.74811 3.74991 3.7522 3.75502 3.75837 3.76228 3.76676 3.77185 3.77757 3.78393 3.79095 3.79866 3.80705 3.81614 3.82593 3.8364 3.84755 3.85935 3.87178 3.8848 3.89836 3.91242 3.9269 3.94175 3.9569 3.97226 3.98775 4.00329 4.01879 4.03415 4.04929 4.06412 4.07854 4.09247 4.10583 4.11852 4.13049 4.14165 4.15194 4.16129 4.16966 4.177 4.18325 4.1884 4.1924 4.19524 4.19689 4.19736 4.19663 4.19471 4.19162 4.18736 4.18196 4.17546 4.16789 4.1593 4.14974 4.13926 4.12793 4.11582 4.103 4.08955 4.07556 4.06111 4.04629 4.03119 4.01591 4.00053 3.98516 3.96986 3.95473 3.93985 3.9253 3.91114 3.89743 3.88424 3.87161 3.85957 3.84817 3.83743 3.82737 3.81799 3.8093 3.8013 3.79398 3.78733 3.78133 3.77597 3.77122 3.76706 3.76347 3.76042 3.75791 3.7559 3.75439 3.75336 3.7528 
3.74694 3.74733 3.74822 3.74962 3.75154 3.754 3.75701 3.7606 3.76478 3.76958 3.77502 3.78113 3.78793 3.79543 3.80366 3.81261 3.8223 3.83272 3.84387 3.85573 3.86827 3.88147 3.89527 3.90965 3.92453 3.93985 3.95555 3.97155 3.98775 4.00408 4.02045 4.03676 4.05291 4.06882 4.08438 4.0995 4.1141 4.12808 4.14137 4.15388 4.16555 4.17629 4.18606 4.19479 4.20244 4.20897 4.21433 4.2185 4.22146 4.22318 4.22367 4.22291 4.22091 4.21768 4.21325 4.20762 4.20084 4.19294 4.18397 4.17398 4.16303 4.15118 4.1385 4.12507 4.11098 4.0963 4.08113 4.06556 4.04968 4.0336 4.01741 4.00119 3.98506 3.96908 3.95336 3.93796 3.92297 3.90845 3.89446 3.88105 3.86826 3.85614 3.84471 3.834 3.824 3.81473 3.80619 3.79837 3.79126 3.78484 3.77909 3.774 3.76954 3.76568 3.76241 3.7597 3.75754 3.75591 3.75479 3.75418 
3.74832 3.74873 3.74968 3.75117 3.75322 3.75584 3.75905 3.76287 3.76733 3.77245 3.77825 3.78476 3.792 3.79999 3.80873 3.81825 3.82854 3.83961 3.85143 3.86399 3.87728 3.89124 3.90584 3.92102 3.93672 3.95288 3.96942 3.98625 4.00329 4.02045 4.03763 4.05473 4.07166 4.08831 4.10459 4.1204 4.13565 4.15025 4.1641 4.17715 4.18929 4.20048 4.21064 4.21973 4.22768 4.23446 4.24003 4.24437 4.24744 4.24923 4.24973 4.24895 4.24688 4.24353 4.23892 4.23307 4.22602 4.21781 4.20848 4.19807 4.18666 4.17431 4.16108 4.14706 4.13234 4.11699 4.10112 4.08481 4.06818 4.05131 4.03431 4.01727 4.0003 3.98349 3.96693 3.9507 3.93488 3.91954 3.90475 3.89057 3.87704 3.8642 3.85208 3.8407 3.83009 3.82024 3.81115 3.80283 3.79525 3.7884 3.78227 3.77683 3.77206 3.76793 3.76443 3.76153 3.75921 3.75746 3.75625 3.75559 
3.74974 3.75016 3.75116 3.75274 3.75492 3.7577 3.76112 3.76518 3.76992 3.77536 3.78153 3.78844 3.79612 3.80459 3.81386 3.82394 3.83484 3.84654 3.85904 3.87231 3.88632 3.90105 3.91643 3.93241 3.94892 3.9659 3.98327 4.00093 4.01879 4.03676 4.05473 4.07261 4.09029 4.10767 4.12465 4.14112 4.157 4.17219 4.18659 4.20014 4.21276 4.22437 4.23491 4.24433 4.25257 4.2596 4.26537 4.26986 4.27304 4.2749 4.27542 4.27461 4.27247 4.269 4.26423 4.25818 4.25087 4.24236 4.23268 4.22188 4.21003 4.19719 4.18344 4.16885 4.15352 4.13752 4.12097 4.10395 4.08657 4.06893 4.05114 4.0333 4.01551 3.99788 3.98049 3.96343 3.9468 3.93066 3.91508 3.90013 3.88585 3.87229 3.85948 3.84745 3.83622 3.82578 3.81615 3.80732 3.79928 3.792 3.78549 3.7797 3.77462 3.77022 3.76649 3.76339 3.76091 3.75903 3.75774 3.75702 
3.75117 3.75161 3.75267 3.75434 3.75664 3.75959 3.76321 3.76751 3.77254 3.7783 3.78482 3.79213 3.80026 3.80921 3.819 3.82965 3.84114 3.85348 3.86664 3.88061 3.89536 3.91083 3.92698 3.94375 3.96106 3.97885 3.99702 4.01549 4.03415 4.05291 4.07166 4.09029 4.1087 4.12679 4.14444 4.16155 4.17803 4.19378 4.20872 4.22275 4.23581 4.24782 4.25873 4.26846 4.27698 4.28424 4.2902 4.29484 4.29812 4.30004 4.30059 4.29975 4.29754 4.29397 4.28905 4.2828 4.27525 4.26645 4.25644 4.24527 4.23301 4.21971 4.20545 4.19032 4.1744 4.15778 4.14056 4.12285 4.10475 4.08637 4.06781 4.04919 4.0306 4.01216 3.99396 3.97609 3.95866 3.94172 3.92537 3.90966 3.89464 3.88037 3.86689 3.85421 3.84235 3.83134 3.82117 3.81183 3.80332 3.79562 3.78872 3.78258 3.77719 3.77252 3.76856 3.76526 3.76262 3.76062 3.75924 3.75847 
3.7526 3.75307 3.75418 3.75594 3.75837 3.76149 3.76531 3.76985 3.77515 3.78123 3.78812 3.79583 3.80439 3.81382 3.82414 3.83533 3.84742 3.86038 3.8742 3.88886 3.90432 3.92053 3.93743 3.95497 3.97307 3.99164 4.0106 4.02985 4.04929 4.06882 4.08831 4.10767 4.12679 4.14554 4.16384 4.18156 4.19862 4.21491 4.23035 4.24484 4.25833 4.27072 4.28196 4.292 4.30078 4.30825 4.31439 4.31917 4.32255 4.32453 4.3251 4.32424 4.32197 4.3183 4.31323 4.3068 4.29903 4.28997 4.27965 4.26812 4.25546 4.24172 4.22699 4.21134 4.19486 4.17764 4.1598 4.14142 4.12263 4.10352 4.08422 4.06484 4.04548 4.02625 4.00726 3.98861 3.97039 3.95268 3.93556 3.9191 3.90337 3.8884 3.87424 3.86092 3.84846 3.83687 3.82616 3.81633 3.80736 3.79923 3.79194 3.78546 3.77977 3.77483 3.77063 3.76714 3.76434 3.76222 3.76075 3.75993 
3.75404 3.75452 3.75569 3.75754 3.7601 3.76338 3.7674 3.77218 3.77776 3.78415 3.79139 3.7995 3.8085 3.8184 3.82922 3.84096 3.85363 3.8672 3.88167 3.897 3.91315 3.93008 3.94772 3.96601 3.98487 4.0042 4.02392 4.04393 4.06412 4.08438 4.10459 4.12465 4.14444 4.16384 4.18275 4.20105 4.21866 4.23546 4.25137 4.2663 4.28018 4.29293 4.30449 4.31481 4.32383 4.33151 4.33782 4.34272 4.3462 4.34824 4.34882 4.34795 4.34563 4.34186 4.33666 4.33006 4.32208 4.31277 4.30216 4.29031 4.27727 4.26312 4.24794 4.23179 4.21478 4.197 4.17855 4.15954 4.14009 4.12029 4.10028 4.08016 4.06005 4.04007 4.02031 4.0009 3.98191 3.96345 3.94559 3.92841 3.91196 3.89631 3.8815 3.86755 3.85449 3.84234 3.83111 3.82078 3.81136 3.80282 3.79515 3.78833 3.78233 3.77712 3.77269 3.76901 3.76606 3.76381 3.76226 3.76139 
3.75546 3.75597 3.75719 3.75913 3.76181 3.76525 3.76947 3.77449 3.78033 3.78704 3.79463 3.80312 3.81254 3.8229 3.83422 3.84649 3.85972 3.8739 3.88899 3.90498 3.92181 3.93943 3.95778 3.97679 3.99638 4.01645 4.0369 4.05764 4.07854 4.0995 4.1204 4.14112 4.16155 4.18156 4.20105 4.21991 4.23803 4.25531 4.27166 4.28701 4.30125 4.31434 4.3262 4.33678 4.34602 4.3539 4.36036 4.36538 4.36895 4.37104 4.37164 4.37076 4.36838 4.36453 4.35921 4.35246 4.34429 4.33474 4.32386 4.3117 4.29832 4.28379 4.26818 4.25157 4.23406 4.21575 4.19673 4.17712 4.15703 4.13657 4.11588 4.09506 4.07424 4.05353 4.03304 4.01288 3.99316 3.97397 3.9554 3.93751 3.92038 3.90407 3.88861 3.87405 3.86042 3.84772 3.83597 3.82516 3.81529 3.80635 3.79831 3.79115 3.78485 3.77939 3.77473 3.77086 3.76775 3.76539 3.76375 3.76283 
3.75687 3.75739 3.75866 3.76069 3.76349 3.76709 3.7715 3.77675 3.78286 3.78987 3.79779 3.80666 3.81649 3.8273 3.8391 3.85189 3.86567 3.88042 3.89612 3.91273 3.93021 3.94851 3.96754 3.98725 4.00753 4.0283 4.04946 4.07088 4.09247 4.1141 4.13565 4.157 4.17803 4.19862 4.21866 4.23803 4.25663 4.27436 4.29113 4.30685 4.32144 4.33484 4.34697 4.35779 4.36725 4.3753 4.3819 4.38704 4.39069 4.39283 4.39345 4.39255 4.39013 4.3862 4.38078 4.37388 4.36553 4.35577 4.34465 4.3322 4.3185 4.30361 4.28761 4.27057 4.25259 4.23377 4.21422 4.19404 4.17335 4.15228 4.13094 4.10945 4.08795 4.06654 4.04536 4.0245 4.00407 3.98418 3.96491 3.94635 3.92856 3.91161 3.89554 3.88039 3.86619 3.85296 3.84071 3.82944 3.81914 3.8098 3.8014 3.79391 3.78733 3.78161 3.77673 3.77268 3.76942 3.76694 3.76522 3.76425 
3.75824 3.75878 3.7601 3.76221 3.76514 3.76888 3.77348 3.77895 3.78532 3.79262 3.80087 3.8101 3.82032 3.83157 3.84383 3.85712 3.87142 3.88673 3.903 3.92022 3.93832 3.95725 3.97694 3.99731 4.01826 4.03969 4.06151 4.08359 4.10583 4.12808 4.15025 4.17219 4.19378 4.21491 4.23546 4.25531 4.27436 4.29251 4.30966 4.32573 4.34064 4.35432 4.36671 4.37775 4.3874 4.39561 4.40235 4.40759 4.41131 4.41349 4.41413 4.41322 4.41077 4.40677 4.40125 4.39422 4.38571 4.37576 4.36441 4.35171 4.33771 4.32249 4.30612 4.28868 4.27027 4.25098 4.23093 4.21022 4.18897 4.16731 4.14536 4.12325 4.1011 4.07904 4.05719 4.03566 4.01456 3.99401 3.97408 3.95487 3.93645 3.91889 3.90222 3.88651 3.87177 3.85803 3.8453 3.83358 3.82287 3.81314 3.80439 3.7966 3.78973 3.78377 3.77868 3.77445 3.77104 3.76845 3.76665 3.76564 
3.75956 3.76012 3.76149 3.76369 3.76672 3.77062 3.77539 3.78107 3.78769 3.79527 3.80383 3.81341 3.82401 3.83566 3.84837 3.86213 3.87694 3.89277 3.9096 3.92738 3.94608 3.96561 3.98592 4.00691 4.02848 4.05055 4.07299 4.09569 4.11852 4.14137 4.1641 4.18659 4.20872 4.23035 4.25137 4.27166 4.29113 4.30966 4.32717 4.34356 4.35876 4.3727 4.38532 4.39657 4.40639 4.41474 4.4216 4.42693 4.43072 4.43295 4.43361 4.43269 4.4302 4.42614 4.42053 4.41338 4.40473 4.39461 4.38305 4.37011 4.35585 4.34032 4.32362 4.30581 4.287 4.26728 4.24676 4.22556 4.20379 4.18159 4.15907 4.13637 4.11361 4.09093 4.06846 4.0463 4.02457 4.00338 3.98284 3.96302 3.944 3.92585 3.90863 3.89237 3.87712 3.8629 3.84971 3.83756 3.82645 3.81636 3.80728 3.79919 3.79205 3.78585 3.78056 3.77616 3.77262 3.76991 3.76804 3.76698 
3.76083 3.76141 3.76283 3.7651 3.76825 3.77228 3.77722 3.78311 3.78996 3.7978 3.80666 3.81656 3.82753 3.83957 3.85269 3.8669 3.88218 3.8985 3.91585 3.93418 3.95342 3.97353 3.99441 4.01598 4.03815 4.0608 4.08382 4.10709 4.13049 4.15388 4.17715 4.20014 4.22275 4.24484 4.2663 4.28701 4.30685 4.32573 4.34356 4.36024 4.37571 4.38989 4.40272 4.41415 4.42412 4.43261 4.43958 4.445 4.44885 4.45111 4.45179 4.45086 4.44834 4.44423 4.43854 4.43129 4.42251 4.41223 4.40049 4.38734 4.37283 4.35703 4.34002 4.32188 4.3027 4.28258 4.26164 4.23998 4.21773 4.19502 4.17197 4.14873 4.12541 4.10216 4.07909 4.05635 4.03403 4.01225 3.99112 3.97073 3.95115 3.93245 3.9147 3.89794 3.88221 3.86752 3.8539 3.84135 3.82986 3.81943 3.81003 3.80165 3.79426 3.78784 3.78236 3.77779 3.77412 3.77132 3.76937 3.76827 
3.76204 3.76263 3.7641 3.76644 3.76969 3.77385 3.77896 3.78503 3.7921 3.80019 3.80933 3.81954 3.83084 3.84324 3.85676 3.87138 3.8871 3.90389 3.92172 3.94055 3.96031 3.98094 4.00236 4.02447 4.04718 4.07037 4.09393 4.11773 4.14165 4.16555 4.18929 4.21276 4.23581 4.25833 4.28018 4.30125 4.32144 4.34064 4.35876 4.37571 4.39142 4.40581 4.41883 4.43042 4.44053 4.44914 4.4562 4.4617 4.4656 4.46791 4.4686 4.46767 4.46512 4.46096 4.4552 4.44787 4.43897 4.42855 4.41664 4.4033 4.38857 4.37253 4.35524 4.33679 4.31728 4.2968 4.27547 4.2534 4.23071 4.20753 4.184 4.16025 4.13642 4.11264 4.08903 4.06574 4.04288 4.02056 3.99888 3.97795 3.95785 3.93865 3.9204 3.90317 3.88698 3.87187 3.85784 3.84491 3.83307 3.82232 3.81263 3.80398 3.79635 3.78972 3.78406 3.77934 3.77554 3.77264 3.77063 3.76949 
3.76317 3.76377 3.76528 3.7677 3.77104 3.77532 3.78058 3.78682 3.7941 3.80242 3.81181 3.82231 3.83392 3.84666 3.86054 3.87555 3.89167 3.90889 3.92717 3.94646 3.96669 3.98781 4.00972 4.03233 4.05553 4.07922 4.10327 4.12755 4.15194 4.17629 4.20048 4.22437 4.24782 4.27072 4.29293 4.31434 4.33484 4.35432 4.3727 4.38989 4.40581 4.42039 4.43357 4.44531 4.45555 4.46426 4.47141 4.47698 4.48093 4.48327 4.48397 4.48304 4.48047 4.47627 4.47045 4.46304 4.45404 4.4435 4.43144 4.41793 4.40301 4.38674 4.36921 4.35049 4.33068 4.30987 4.28819 4.26574 4.24265 4.21906 4.19509 4.17088 4.14658 4.12231 4.09821 4.07442 4.05106 4.02823 4.00606 3.98464 3.96406 3.94439 3.92569 3.90802 3.89142 3.87591 3.86151 3.84823 3.83606 3.82501 3.81504 3.80615 3.7983 3.79148 3.78565 3.78079 3.77687 3.77388 3.77181 3.77063 
3.76421 3.76483 3.76638 3.76886 3.77228 3.77668 3.78207 3.78848 3.79593 3.80447 3.8141 3.82485 3.83675 3.8498 3.86401 3.87937 3.89586 3.91347 3.93215 3.95185 3.97252 3.99407 4.01643 4.03949 4.06314 4.08728 4.11177 4.13648 4.16129 4.18606 4.21064 4.23491 4.25873 4.28196 4.30449 4.3262 4.34697 4.36671 4.38532 4.40272 4.41883 4.43357 4.44691 4.45877 4.46912 4.47793 4.48515 4.49078 4.49478 4.49714 4.49785 4.49692 4.49433 4.4901 4.48423 4.47675 4.46766 4.45701 4.44483 4.43117 4.41607 4.39961 4.38186 4.3629 4.34282 4.32173 4.29973 4.27695 4.2535 4.22953 4.20517 4.18055 4.15582 4.13111 4.10657 4.08233 4.05851 4.03524 4.01262 3.99075 3.96973 3.94963 3.93053 3.91246 3.89548 3.87961 3.86487 3.85127 3.83881 3.82748 3.81726 3.80814 3.80009 3.79309 3.78711 3.78212 3.7781 3.77503 3.7729 3.77169 
3.76516 3.76579 3.76737 3.76991 3.77341 3.77791 3.78342 3.78998 3.7976 3.80632 3.81616 3.82715 3.8393 3.85263 3.86713 3.8828 3.89963 3.91759 3.93663 3.95671 3.97776 3.9997 4.02245 4.04591 4.06996 4.09449 4.11938 4.14448 4.16966 4.19479 4.21973 4.24433 4.26846 4.292 4.31481 4.33678 4.35779 4.37775 4.39657 4.41415 4.43042 4.44531 4.45877 4.47075 4.48119 4.49008 4.49737 4.50305 4.50708 4.50947 4.5102 4.50926 4.50666 4.5024 4.49649 4.48894 4.47978 4.46904 4.45675 4.44295 4.42771 4.41108 4.39314 4.37397 4.35365 4.33231 4.31003 4.28695 4.26319 4.23889 4.21418 4.18919 4.16409 4.139 4.11406 4.08942 4.0652 4.04152 4.0185 3.99624 3.97483 3.95435 3.93487 3.91645 3.89913 3.88294 3.86789 3.85401 3.84128 3.82971 3.81927 3.80995 3.80172 3.79455 3.78843 3.78333 3.77921 3.77607 3.77389 3.77265 
3.766 3.76665 3.76826 3.77084 3.77442 3.779 3.78462 3.79131 3.79908 3.80796 3.81799 3.82919 3.84156 3.85513 3.86989 3.88584 3.90295 3.92121 3.94057 3.96098 3.98236 4.00465 4.02774 4.05155 4.07595 4.10083 4.12605 4.15149 4.177 4.20244 4.22768 4.25257 4.27698 4.30078 4.32383 4.34602 4.36725 4.3874 4.40639 4.42412 4.44053 4.45555 4.46912 4.48119 4.49172 4.50068 4.50803 4.51375 4.51782 4.52023 4.52097 4.52003 4.51742 4.51313 4.50718 4.49958 4.49036 4.47954 4.46715 4.45325 4.43788 4.4211 4.40299 4.38364 4.36313 4.34156 4.31905 4.29571 4.27168 4.24708 4.22207 4.19677 4.17134 4.14591 4.12063 4.09564 4.07107 4.04704 4.02367 4.00106 3.97931 3.9585 3.9387 3.91997 3.90235 3.88587 3.87056 3.85643 3.84347 3.83168 3.82104 3.81154 3.80315 3.79585 3.78961 3.7844 3.7802 3.777 3.77477 3.7735 
3.76674 3.76739 3.76903 3.77166 3.77529 3.77995 3.78566 3.79245 3.80035 3.80938 3.81957 3.83094 3.8435 3.85728 3.87226 3.88844 3.90581 3.92432 3.94395 3.96463 3.9863 4.00888 4.03227 4.05637 4.08107 4.10624 4.13175 4.15747 4.18325 4.20897 4.23446 4.2596 4.28424 4.30825 4.33151 4.3539 4.3753 4.39561 4.41474 4.43261 4.44914 4.46426 4.47793 4.49008 4.50068 4.50969 4.51709 4.52285 4.52694 4.52937 4.53012 4.52918 4.52656 4.52225 4.51627 4.50863 4.49936 4.48847 4.476 4.462 4.44652 4.42963 4.41138 4.39187 4.37119 4.34944 4.32672 4.30317 4.27891 4.25407 4.2288 4.20323 4.17752 4.15181 4.12624 4.10096 4.07608 4.05176 4.02809 4.00519 3.98315 3.96206 3.94198 3.92299 3.90511 3.8884 3.87286 3.85851 3.84535 3.83338 3.82257 3.81292 3.80439 3.79697 3.79062 3.78533 3.78106 3.7778 3.77553 3.77424 
3.76735 3.76802 3.76967 3.77234 3.77602 3.78074 3.78653 3.79341 3.80141 3.81056 3.82088 3.83239 3.84512 3.85906 3.87422 3.8906 3.90816 3.92689 3.94674 3.96765 3.98955 4.01237 4.036 4.06034 4.08528 4.11069 4.13644 4.16239 4.1884 4.21433 4.24003 4.26537 4.2902 4.31439 4.33782 4.36036 4.3819 4.40235 4.4216 4.43958 4.4562 4.47141 4.48515 4.49737 4.50803 4.51709 4.52452 4.53031 4.53443 4.53688 4.53763 4.5367 4.53406 4.52974 4.52373 4.51606 4.50674 4.4958 4.48327 4.46919 4.45362 4.43663 4.41827 4.39863 4.37781 4.35591 4.33303 4.3093 4.28485 4.25981 4.23433 4.20855 4.18261 4.15667 4.13086 4.10533 4.08021 4.05564 4.03173 4.00859 3.98631 3.96499 3.94469 3.92548 3.9074 3.89048 3.87476 3.86023 3.84691 3.83478 3.82384 3.81406 3.80543 3.7979 3.79147 3.7861 3.78178 3.77847 3.77617 3.77486 
3.76784 3.76851 3.77019 3.77288 3.7766 3.78137 3.78722 3.79417 3.80225 3.81149 3.82191 3.83354 3.84638 3.86046 3.87576 3.89228 3.91001 3.9289 3.94892 3.97001 3.99209 4.01509 4.0389 4.06343 4.08856 4.11415 4.14008 4.16621 4.1924 4.2185 4.24437 4.26986 4.29484 4.31917 4.34272 4.36538 4.38704 4.40759 4.42693 4.445 4.4617 4.47698 4.49078 4.50305 4.51375 4.52285 4.53031 4.53612 4.54027 4.54272 4.54348 4.54254 4.5399 4.53557 4.52954 4.52184 4.51248 4.5015 4.48892 4.47478 4.45915 4.44207 4.42362 4.40389 4.38296 4.36094 4.33793 4.31407 4.28947 4.26428 4.23863 4.21268 4.18657 4.16044 4.13445 4.10873 4.08343 4.05867 4.03457 4.01124 3.98878 3.96728 3.94681 3.92743 3.90918 3.89212 3.87625 3.86158 3.84814 3.83589 3.82484 3.81497 3.80624 3.79864 3.79214 3.78672 3.78235 3.77901 3.77668 3.77536 
3.7682 3.76888 3.77057 3.77328 3.77702 3.78183 3.78772 3.79472 3.80286 3.81217 3.82266 3.83436 3.84729 3.86146 3.87686 3.89349 3.91133 3.93034 3.95048 3.97169 3.9939 4.01702 4.04097 4.06563 4.09089 4.11661 4.14267 4.16893 4.19524 4.22146 4.24744 4.27304 4.29812 4.32255 4.3462 4.36895 4.39069 4.41131 4.43072 4.44885 4.4656 4.48093 4.49478 4.50708 4.51782 4.52694 4.53443 4.54027 4.54442 4.54688 4.54765 4.54671 4.54407 4.53972 4.53368 4.52596 4.51657 4.50556 4.49294 4.47876 4.46307 4.44594 4.42743 4.40762 4.38661 4.3645 4.34141 4.31744 4.29274 4.26744 4.24168 4.21561 4.18937 4.16312 4.137 4.11115 4.08571 4.06082 4.03659 4.01313 3.99054 3.96891 3.94832 3.92882 3.91046 3.89329 3.87731 3.86256 3.84902 3.83669 3.82557 3.81562 3.80683 3.79918 3.79263 3.78717 3.78277 3.7794 3.77706 3.77572 
3.76843 3.76911 3.77081 3.77353 3.77729 3.78212 3.78803 3.79506 3.80324 3.81258 3.82311 3.83486 3.84784 3.86206 3.87752 3.89421 3.91211 3.93119 3.9514 3.97268 3.99496 4.01816 4.04218 4.06692 4.09225 4.11805 4.14418 4.17051 4.19689 4.22318 4.24923 4.2749 4.30004 4.32453 4.34824 4.37104 4.39283 4.41349 4.43295 4.45111 4.46791 4.48327 4.49714 4.50947 4.52023 4.52937 4.53688 4.54272 4.54688 4.54935 4.55012 4.54918 4.54653 4.54218 4.53613 4.52839 4.51899 4.50795 4.49531 4.4811 4.46538 4.44821 4.42966 4.40981 4.38875 4.36659 4.34344 4.31942 4.29465 4.26928 4.24346 4.21731 4.191 4.16468 4.13848 4.11256 4.08705 4.06207 4.03777 4.01423 3.99157 3.96987 3.94921 3.92964 3.91122 3.89398 3.87795 3.86314 3.84955 3.83717 3.826 3.81602 3.8072 3.79951 3.79294 3.78745 3.78303 3.77965 3.77729 3.77595 
