3.4095 3.40972 3.40994 3.41019 3.41044 3.41071 3.411 3.4113 3.41161 3.41194 3.4123 3.41267 3.41307 3.4135 3.41395 3.41445 3.41497 3.41554 3.41615 3.41681 3.41751 3.41827 3.41907 3.41993 3.42083 3.42179 3.4228 3.42385 3.42495 3.42609 3.42726 3.42846 3.42967 3.4309 3.43214 3.43337 3.43459 3.43578 3.43694 3.43805 3.43911 3.44011 3.44103 3.44188 3.44263 3.44328 3.44383 3.44427 3.44459 3.4448 3.44489 3.44486 3.44471 3.44444 3.44406 3.44356 3.44296 3.44226 3.44147 3.4406 3.43965 3.43864 3.43757 3.43645 3.4353 3.43412 3.43293 3.43173 3.43054 3.42935 3.42819 3.42706 3.42596 3.4249 3.42389 3.42293 3.42203 3.42118 3.4204 3.41967 3.41901 3.41842 3.41788 3.41741 3.417 3.41665 3.41635 3.41611 3.41592 3.41578 3.41568 3.41563 3.41561 3.41563 3.41569 3.41577 3.41588 3.41602 3.41618 3.41636 
3.40972 3.40993 3.41016 3.4104 3.41066 3.41093 3.41121 3.41151 3.41182 3.41216 3.41251 3.41289 3.41329 3.41372 3.41418 3.41467 3.4152 3.41578 3.41639 3.41706 3.41777 3.41853 3.41934 3.42021 3.42113 3.4221 3.42312 3.42419 3.4253 3.42645 3.42764 3.42886 3.43009 3.43134 3.43259 3.43384 3.43508 3.43629 3.43747 3.4386 3.43967 3.44069 3.44163 3.44248 3.44324 3.44391 3.44446 3.44491 3.44524 3.44545 3.44554 3.44551 3.44536 3.44508 3.44469 3.44419 3.44358 3.44287 3.44207 3.44118 3.44022 3.43919 3.4381 3.43697 3.4358 3.4346 3.43339 3.43217 3.43096 3.42976 3.42858 3.42743 3.42631 3.42524 3.42422 3.42324 3.42233 3.42147 3.42068 3.41994 3.41927 3.41867 3.41813 3.41765 3.41724 3.41688 3.41658 3.41633 3.41614 3.416 3.4159 3.41584 3.41583 3.41585 3.4159 3.41599 3.4161 3.41623 3.41639 3.41657 
3.40994 3.41016 3.41039 3.41063 3.41089 3.41116 3.41145 3.41175 3.41207 3.41241 3.41278 3.41316 3.41357 3.41402 3.41449 3.415 3.41556 3.41615 3.41679 3.41748 3.41822 3.41901 3.41986 3.42077 3.42172 3.42274 3.4238 3.42492 3.42608 3.42728 3.42852 3.42979 3.43108 3.43238 3.43369 3.43499 3.43628 3.43754 3.43877 3.43995 3.44107 3.44213 3.44311 3.444 3.44479 3.44548 3.44606 3.44653 3.44687 3.44709 3.44718 3.44714 3.44698 3.4467 3.44629 3.44576 3.44513 3.44439 3.44355 3.44262 3.44161 3.44054 3.4394 3.43822 3.437 3.43575 3.43449 3.43322 3.43195 3.4307 3.42947 3.42826 3.4271 3.42598 3.42491 3.42389 3.42293 3.42204 3.42121 3.42044 3.41974 3.41911 3.41854 3.41804 3.4176 3.41722 3.4169 3.41664 3.41644 3.41628 3.41617 3.41611 3.41608 3.4161 3.41614 3.41622 3.41633 3.41646 3.41662 3.4168 
3.41019 3.4104 3.41063 3.41088 3.41114 3.41142 3.41171 3.41203 3.41236 3.41271 3.41309 3.41349 3.41393 3.41439 3.4149 3.41544 3.41603 3.41666 3.41734 3.41808 3.41887 3.41972 3.42063 3.4216 3.42262 3.42371 3.42485 3.42605 3.42729 3.42858 3.42991 3.43126 3.43264 3.43404 3.43544 3.43683 3.43821 3.43956 3.44087 3.44213 3.44333 3.44445 3.44549 3.44644 3.44729 3.44802 3.44864 3.44913 3.4495 3.44973 3.44982 3.44978 3.44961 3.4493 3.44886 3.4483 3.44762 3.44682 3.44593 3.44494 3.44386 3.44271 3.4415 3.44023 3.43893 3.43759 3.43624 3.43488 3.43352 3.43218 3.43086 3.42957 3.42832 3.42712 3.42597 3.42488 3.42385 3.42289 3.42199 3.42116 3.42041 3.41972 3.41911 3.41856 3.41809 3.41767 3.41733 3.41704 3.4168 3.41663 3.4165 3.41642 3.41638 3.41638 3.41642 3.41649 3.41659 3.41672 3.41687 3.41704 
3.41044 3.41066 3.41089 3.41114 3.41141 3.41169 3.412 3.41233 3.41268 3.41305 3.41345 3.41388 3.41435 3.41485 3.4154 3.41598 3.41662 3.41731 3.41806 3.41886 3.41973 3.42066 3.42165 3.42271 3.42384 3.42503 3.42628 3.42759 3.42895 3.43036 3.43181 3.4333 3.4348 3.43633 3.43785 3.43937 3.44088 3.44235 3.44377 3.44514 3.44645 3.44767 3.4488 3.44983 3.45075 3.45155 3.45222 3.45275 3.45314 3.45339 3.45349 3.45344 3.45325 3.45291 3.45243 3.45182 3.45108 3.45021 3.44923 3.44815 3.44697 3.44572 3.4444 3.44301 3.44159 3.44013 3.43865 3.43717 3.43568 3.43421 3.43277 3.43136 3.42999 3.42867 3.42741 3.42621 3.42508 3.42402 3.42304 3.42212 3.42129 3.42053 3.41985 3.41924 3.41871 3.41824 3.41785 3.41752 3.41725 3.41704 3.41688 3.41677 3.41671 3.4167 3.41672 3.41677 3.41686 3.41698 3.41713 3.4173 
3.41071 3.41093 3.41116 3.41142 3.41169 3.41199 3.41232 3.41266 3.41303 3.41344 3.41387 3.41434 3.41484 3.41539 3.41599 3.41664 3.41735 3.41811 3.41894 3.41983 3.4208 3.42183 3.42294 3.42413 3.42538 3.42671 3.4281 3.42956 3.43107 3.43264 3.43426 3.4359 3.43758 3.43927 3.44096 3.44265 3.44431 3.44594 3.44752 3.44903 3.45047 3.45182 3.45307 3.4542 3.45521 3.45609 3.45683 3.45741 3.45784 3.45811 3.45822 3.45816 3.45794 3.45757 3.45703 3.45635 3.45553 3.45457 3.45348 3.45228 3.45098 3.44959 3.44812 3.44659 3.44501 3.44339 3.44175 3.4401 3.43846 3.43683 3.43522 3.43365 3.43213 3.43066 3.42925 3.42791 3.42665 3.42546 3.42435 3.42333 3.42239 3.42154 3.42076 3.42007 3.41946 3.41893 3.41847 3.41809 3.41777 3.41751 3.41732 3.41718 3.41709 3.41705 3.41705 3.41709 3.41716 3.41727 3.41741 3.41757 
3.411 3.41121 3.41145 3.41171 3.412 3.41232 3.41266 3.41303 3.41343 3.41386 3.41434 3.41485 3.41541 3.41603 3.41669 3.41742 3.41821 3.41907 3.42 3.42101 3.4221 3.42327 3.42452 3.42585 3.42727 3.42876 3.43033 3.43198 3.43368 3.43545 3.43726 3.43912 3.441 3.44289 3.44479 3.44668 3.44854 3.45036 3.45213 3.45382 3.45542 3.45693 3.45832 3.45958 3.46071 3.46168 3.4625 3.46315 3.46362 3.46392 3.46403 3.46396 3.46372 3.46329 3.46269 3.46193 3.461 3.45993 3.45871 3.45737 3.45592 3.45436 3.45271 3.451 3.44923 3.44741 3.44557 3.44372 3.44187 3.44004 3.43823 3.43646 3.43475 3.43309 3.4315 3.42999 3.42856 3.42721 3.42596 3.42479 3.42372 3.42275 3.42186 3.42107 3.42036 3.41975 3.41921 3.41875 3.41837 3.41806 3.41782 3.41763 3.41751 3.41743 3.41741 3.41742 3.41748 3.41758 3.4177 3.41786 
3.4113 3.41151 3.41175 3.41203 3.41233 3.41266 3.41303 3.41343 3.41386 3.41434 3.41487 3.41544 3.41607 3.41675 3.4175 3.41832 3.41922 3.42019 3.42125 3.4224 3.42364 3.42497 3.42639 3.42791 3.42952 3.43122 3.433 3.43487 3.43681 3.43881 3.44086 3.44296 3.44509 3.44723 3.44938 3.45151 3.4536 3.45565 3.45764 3.45954 3.46135 3.46304 3.4646 3.46601 3.46727 3.46836 3.46927 3.46999 3.47052 3.47085 3.47097 3.47089 3.47061 3.47013 3.46945 3.46859 3.46755 3.46633 3.46496 3.46345 3.46181 3.46005 3.4582 3.45626 3.45426 3.45222 3.45014 3.44804 3.44595 3.44387 3.44183 3.43982 3.43788 3.43599 3.43419 3.43247 3.43083 3.4293 3.42786 3.42653 3.4253 3.42417 3.42315 3.42223 3.42141 3.42069 3.42006 3.41952 3.41906 3.41868 3.41838 3.41814 3.41797 3.41786 3.4178 3.41779 3.41782 3.4179 3.41801 3.41816 
3.41161 3.41182 3.41207 3.41236 3.41268 3.41303 3.41343 3.41386 3.41435 3.41488 3.41546 3.4161 3.41681 3.41758 3.41843 3.41936 3.42038 3.4215 3.42271 3.42402 3.42543 3.42695 3.42858 3.43031 3.43215 3.43409 3.43613 3.43826 3.44047 3.44275 3.44508 3.44747 3.44988 3.45232 3.45475 3.45716 3.45953 3.46185 3.46409 3.46624 3.46827 3.47018 3.47194 3.47353 3.47495 3.47617 3.47719 3.478 3.47859 3.47895 3.47908 3.47899 3.47867 3.47812 3.47735 3.47637 3.47519 3.47382 3.47227 3.47056 3.4687 3.46671 3.46461 3.46242 3.46016 3.45784 3.45548 3.4531 3.45072 3.44836 3.44604 3.44376 3.44154 3.43939 3.43733 3.43536 3.43349 3.43173 3.43008 3.42855 3.42713 3.42583 3.42465 3.42358 3.42263 3.42178 3.42104 3.42039 3.41984 3.41938 3.41901 3.41871 3.41848 3.41832 3.41823 3.41818 3.41819 3.41825 3.41835 3.41849 
3.41194 3.41216 3.41241 3.41271 3.41305 3.41344 3.41386 3.41434 3.41488 3.41547 3.41612 3.41684 3.41764 3.41852 3.41949 3.42055 3.42172 3.42299 3.42438 3.42588 3.4275 3.42924 3.43111 3.43309 3.4352 3.43742 3.43975 3.44218 3.4447 3.4473 3.44996 3.45267 3.45542 3.45818 3.46094 3.46367 3.46636 3.46899 3.47152 3.47395 3.47625 3.4784 3.48038 3.48217 3.48377 3.48514 3.48629 3.4872 3.48785 3.48826 3.4884 3.48829 3.48792 3.4873 3.48643 3.48532 3.48398 3.48242 3.48067 3.47873 3.47663 3.47438 3.472 3.46951 3.46694 3.46431 3.46163 3.45893 3.45623 3.45354 3.45089 3.44829 3.44576 3.44331 3.44095 3.4387 3.43656 3.43454 3.43264 3.43088 3.42924 3.42774 3.42637 3.42512 3.42401 3.42302 3.42214 3.42138 3.42073 3.42017 3.41971 3.41934 3.41905 3.41883 3.41869 3.41861 3.41858 3.41862 3.4187 3.41882 
3.4123 3.41251 3.41278 3.41309 3.41345 3.41387 3.41434 3.41487 3.41546 3.41612 3.41685 3.41767 3.41858 3.41958 3.42069 3.4219 3.42324 3.42469 3.42628 3.428 3.42986 3.43186 3.43399 3.43627 3.43868 3.44122 3.44388 3.44665 3.44953 3.45249 3.45552 3.45861 3.46173 3.46487 3.46799 3.47109 3.47414 3.47711 3.47997 3.48272 3.48531 3.48773 3.48997 3.49199 3.49378 3.49533 3.49661 3.49763 3.49836 3.49881 3.49897 3.49884 3.49841 3.49771 3.49672 3.49546 3.49395 3.49219 3.4902 3.48801 3.48563 3.48308 3.48039 3.47757 3.47466 3.47167 3.46863 3.46556 3.46249 3.45944 3.45642 3.45346 3.45057 3.44777 3.44508 3.4425 3.44005 3.43773 3.43555 3.43352 3.43164 3.4299 3.42832 3.42687 3.42558 3.42442 3.42339 3.42249 3.42171 3.42105 3.42049 3.42004 3.41967 3.41939 3.41919 3.41907 3.41901 3.41901 3.41907 3.41918 
3.41267 3.41289 3.41316 3.41349 3.41388 3.41434 3.41485 3.41544 3.4161 3.41684 3.41767 3.4186 3.41963 3.42077 3.42203 3.42342 3.42495 3.42662 3.42843 3.43041 3.43253 3.43482 3.43726 3.43987 3.44262 3.44552 3.44855 3.45171 3.45499 3.45835 3.4618 3.46531 3.46885 3.4724 3.47594 3.47945 3.48289 3.48624 3.48948 3.49257 3.49549 3.49822 3.50073 3.503 3.50502 3.50675 3.50819 3.50933 3.51015 3.51065 3.51082 3.51066 3.51018 3.50938 3.50826 3.50684 3.50513 3.50315 3.50091 3.49843 3.49574 3.49286 3.48982 3.48663 3.48334 3.47995 3.47651 3.47304 3.46955 3.46608 3.46265 3.45929 3.456 3.45281 3.44974 3.4468 3.44399 3.44134 3.43884 3.43651 3.43434 3.43234 3.43051 3.42884 3.42734 3.42599 3.42479 3.42373 3.42281 3.42203 3.42136 3.4208 3.42036 3.42 3.41974 3.41956 3.41946 3.41943 3.41947 3.41957 
3.41307 3.41329 3.41357 3.41393 3.41435 3.41484 3.41541 3.41607 3.41681 3.41764 3.41858 3.41963 3.4208 3.4221 3.42354 3.42513 3.42687 3.42878 3.43085 3.43311 3.43554 3.43815 3.44094 3.4439 3.44704 3.45034 3.4538 3.45739 3.4611 3.46492 3.46883 3.4728 3.47681 3.48082 3.48482 3.48878 3.49266 3.49643 3.50007 3.50355 3.50683 3.50989 3.51271 3.51525 3.51751 3.51945 3.52106 3.52233 3.52324 3.5238 3.52398 3.5238 3.52325 3.52235 3.52109 3.51949 3.51756 3.51533 3.51281 3.51002 3.50699 3.50375 3.50032 3.49673 3.49301 3.48919 3.4853 3.48138 3.47743 3.47351 3.46962 3.4658 3.46207 3.45845 3.45496 3.4516 3.44841 3.44538 3.44253 3.43986 3.43738 3.43508 3.43297 3.43105 3.42931 3.42774 3.42635 3.42512 3.42404 3.42311 3.42231 3.42165 3.42111 3.42067 3.42034 3.4201 3.41995 3.41989 3.4199 3.41998 
3.4135 3.41372 3.41402 3.41439 3.41485 3.41539 3.41603 3.41675 3.41758 3.41852 3.41958 3.42077 3.4221 3.42358 3.42522 3.42702 3.42901 3.43119 3.43356 3.43612 3.43889 3.44186 3.44504 3.44841 3.45197 3.45572 3.45963 3.4637 3.46791 3.47223 3.47664 3.48112 3.48563 3.49016 3.49466 3.4991 3.50346 3.5077 3.51178 3.51567 3.51935 3.52277 3.52592 3.52876 3.53128 3.53344 3.53524 3.53665 3.53766 3.53827 3.53848 3.53827 3.53765 3.53663 3.53521 3.53342 3.53126 3.52876 3.52593 3.5228 3.51941 3.51577 3.51192 3.50788 3.5037 3.49941 3.49503 3.49061 3.48617 3.48174 3.47735 3.47304 3.46882 3.46471 3.46075 3.45695 3.45332 3.44988 3.44663 3.44359 3.44075 3.43812 3.43571 3.4335 3.4315 3.42969 3.42808 3.42665 3.42539 3.4243 3.42337 3.42258 3.42193 3.4214 3.42099 3.42068 3.42048 3.42037 3.42035 3.42041 
3.41395 3.41418 3.41449 3.4149 3.4154 3.41599 3.41669 3.4175 3.41843 3.41949 3.42069 3.42203 3.42354 3.42522 3.42708 3.42913 3.43139 3.43386 3.43655 3.43947 3.44261 3.44599 3.44958 3.4534 3.45743 3.46167 3.46609 3.47068 3.47542 3.48029 3.48525 3.49028 3.49535 3.50043 3.50547 3.51045 3.51532 3.52006 3.52462 3.52896 3.53306 3.53687 3.54038 3.54354 3.54634 3.54874 3.55073 3.5523 3.55342 3.5541 3.55432 3.55408 3.55338 3.55224 3.55066 3.54865 3.54624 3.54345 3.54029 3.5368 3.53301 3.52894 3.52463 3.52012 3.51544 3.51063 3.50572 3.50076 3.49577 3.49079 3.48586 3.481 3.47625 3.47162 3.46715 3.46285 3.45875 3.45485 3.45116 3.44771 3.44448 3.44149 3.43873 3.43621 3.43392 3.43185 3.42999 3.42834 3.42689 3.42562 3.42453 3.4236 3.42282 3.42219 3.42169 3.42132 3.42105 3.4209 3.42084 3.42088 
3.41445 3.41467 3.415 3.41544 3.41598 3.41664 3.41742 3.41832 3.41936 3.42055 3.4219 3.42342 3.42513 3.42702 3.42913 3.43146 3.43402 3.43682 3.43987 3.44316 3.44672 3.45053 3.45459 3.4589 3.46344 3.46821 3.47319 3.47834 3.48367 3.48912 3.49468 3.50031 3.50598 3.51165 3.51728 3.52283 3.52826 3.53353 3.5386 3.54343 3.54798 3.55221 3.55609 3.5596 3.56269 3.56535 3.56756 3.56928 3.57052 3.57126 3.5715 3.57123 3.57045 3.56918 3.56742 3.56519 3.56251 3.55941 3.5559 3.55201 3.54779 3.54327 3.53847 3.53345 3.52823 3.52286 3.51739 3.51184 3.50626 3.50069 3.49517 3.48972 3.48439 3.4792 3.47417 3.46933 3.4647 3.46031 3.45615 3.45224 3.44859 3.44519 3.44206 3.43919 3.43658 3.43421 3.43209 3.4302 3.42853 3.42706 3.4258 3.42471 3.42381 3.42306 3.42246 3.422 3.42167 3.42146 3.42137 3.42139 
3.41497 3.4152 3.41556 3.41603 3.41662 3.41735 3.41821 3.41922 3.42038 3.42172 3.42324 3.42495 3.42687 3.42901 3.43139 3.43402 3.43691 3.44007 3.4435 3.44722 3.45122 3.45551 3.46008 3.46492 3.47002 3.47536 3.48093 3.4867 3.49265 3.49874 3.50495 3.51122 3.51753 3.52384 3.53009 3.53625 3.54227 3.54811 3.55372 3.55906 3.56409 3.56877 3.57306 3.57692 3.58033 3.58326 3.58569 3.58759 3.58895 3.58976 3.59001 3.5897 3.58884 3.58743 3.58549 3.58302 3.58006 3.57662 3.57274 3.56844 3.56377 3.55875 3.55344 3.54786 3.54207 3.53612 3.53003 3.52386 3.51765 3.51145 3.50529 3.49921 3.49325 3.48744 3.48182 3.4764 3.47121 3.46627 3.46159 3.45719 3.45307 3.44925 3.44571 3.44246 3.4395 3.43681 3.43439 3.43223 3.43032 3.42864 3.42718 3.42593 3.42487 3.424 3.42329 3.42274 3.42234 3.42207 3.42194 3.42193 
3.41554 3.41578 3.41615 3.41666 3.41731 3.41811 3.41907 3.42019 3.4215 3.42299 3.42469 3.42662 3.42878 3.43119 3.43386 3.43682 3.44007 3.44362 3.44747 3.45165 3.45614 3.46094 3.46605 3.47146 3.47716 3.48313 3.48934 3.49577 3.50239 3.50916 3.51605 3.52301 3.53 3.53698 3.5439 3.55071 3.55735 3.56379 3.56998 3.57586 3.58139 3.58654 3.59125 3.59549 3.59924 3.60245 3.60511 3.60719 3.60867 3.60955 3.60983 3.60948 3.60853 3.60698 3.60483 3.60212 3.59886 3.59507 3.5908 3.58606 3.58091 3.57538 3.56952 3.56337 3.55697 3.55038 3.54365 3.53682 3.52994 3.52306 3.51622 3.50947 3.50284 3.49637 3.4901 3.48406 3.47826 3.47274 3.46751 3.46257 3.45796 3.45366 3.44968 3.44602 3.44267 3.43964 3.4369 3.43445 3.43227 3.43036 3.42869 3.42725 3.42603 3.42502 3.42419 3.42354 3.42306 3.42273 3.42255 3.42251 
3.41615 3.41639 3.41679 3.41734 3.41806 3.41894 3.42 3.42125 3.42271 3.42438 3.42628 3.42843 3.43085 3.43356 3.43655 3.43987 3.4435 3.44747 3.45179 3.45645 3.46147 3.46682 3.47252 3.47855 3.48489 3.49152 3.49841 3.50554 3.51287 3.52037 3.52798 3.53567 3.54338 3.55107 3.55869 3.56618 3.57348 3.58056 3.58734 3.59379 3.59985 3.60548 3.61063 3.61527 3.61936 3.62287 3.62577 3.62803 3.62965 3.63061 3.6309 3.63052 3.62947 3.62777 3.62542 3.62244 3.61887 3.61472 3.61004 3.60485 3.5992 3.59313 3.58669 3.57993 3.5729 3.56565 3.55823 3.55071 3.54312 3.53552 3.52796 3.52049 3.51316 3.50599 3.49903 3.49232 3.48588 3.47973 3.4739 3.4684 3.46324 3.45843 3.45398 3.44987 3.44612 3.4427 3.43962 3.43685 3.43439 3.43222 3.43032 3.42868 3.42729 3.42612 3.42516 3.4244 3.42383 3.42344 3.42321 3.42314 
3.41681 3.41706 3.41748 3.41808 3.41886 3.41983 3.42101 3.4224 3.42402 3.42588 3.428 3.43041 3.43311 3.43612 3.43947 3.44316 3.44722 3.45165 3.45645 3.46164 3.46722 3.47317 3.47949 3.48617 3.49319 3.50053 3.50814 3.51602 3.5241 3.53235 3.54073 3.54918 3.55766 3.56609 3.57444 3.58264 3.59063 3.59836 3.60577 3.61281 3.61941 3.62555 3.63116 3.63621 3.64066 3.64447 3.64761 3.65007 3.65183 3.65286 3.65317 3.65275 3.65161 3.64975 3.64719 3.64394 3.64005 3.63553 3.63042 3.62475 3.61858 3.61196 3.60492 3.59752 3.58983 3.58189 3.57376 3.5655 3.55717 3.54882 3.5405 3.53228 3.52419 3.51628 3.5086 3.50118 3.49404 3.48723 3.48077 3.47466 3.46893 3.46357 3.45861 3.45403 3.44983 3.44601 3.44255 3.43944 3.43668 3.43423 3.43208 3.43023 3.42864 3.42731 3.42621 3.42533 3.42467 3.4242 3.42391 3.42381 
3.41751 3.41777 3.41822 3.41887 3.41973 3.4208 3.4221 3.42364 3.42543 3.4275 3.42986 3.43253 3.43554 3.43889 3.44261 3.44672 3.45122 3.45614 3.46147 3.46722 3.47338 3.47997 3.48695 3.49433 3.50207 3.51014 3.51853 3.52718 3.53605 3.5451 3.55428 3.56353 3.57279 3.58201 3.59111 3.60005 3.60875 3.61716 3.62522 3.63286 3.64003 3.64668 3.65277 3.65823 3.66305 3.66717 3.67057 3.67323 3.67512 3.67624 3.67657 3.67611 3.67486 3.67284 3.67007 3.66655 3.66232 3.65742 3.65187 3.64572 3.63901 3.63181 3.62415 3.6161 3.60772 3.59906 3.59019 3.58117 3.57206 3.56292 3.55382 3.5448 3.53592 3.52724 3.51879 3.51062 3.50276 3.49525 3.48811 3.48136 3.47501 3.46908 3.46358 3.45849 3.45382 3.44956 3.4457 3.44223 3.43913 3.43639 3.43398 3.43189 3.4301 3.42858 3.42733 3.42633 3.42556 3.42501 3.42467 3.42454 
3.41827 3.41853 3.41901 3.41972 3.42066 3.42183 3.42327 3.42497 3.42695 3.42924 3.43186 3.43482 3.43815 3.44186 3.44599 3.45053 3.45551 3.46094 3.46682 3.47317 3.47997 3.48722 3.4949 3.503 3.5115 3.52036 3.52954 3.539 3.5487 3.55858 3.56859 3.57867 3.58875 3.59877 3.60866 3.61835 3.62779 3.6369 3.64561 3.65388 3.66163 3.66881 3.67537 3.68127 3.68646 3.6909 3.69456 3.69742 3.69945 3.70065 3.70099 3.70049 3.69915 3.69697 3.69397 3.69017 3.68561 3.68031 3.67431 3.66767 3.66042 3.65262 3.64433 3.6356 3.62651 3.61711 3.60747 3.59766 3.58775 3.5778 3.56787 3.55803 3.54833 3.53884 3.52959 3.52064 3.51202 3.50377 3.49592 3.48849 3.48149 3.47495 3.46887 3.46325 3.45808 3.45336 3.44907 3.44522 3.44176 3.4387 3.43601 3.43367 3.43165 3.42995 3.42854 3.4274 3.42652 3.42588 3.42548 3.42531 
3.41907 3.41934 3.41986 3.42063 3.42165 3.42294 3.42452 3.42639 3.42858 3.43111 3.43399 3.43726 3.44094 3.44504 3.44958 3.45459 3.46008 3.46605 3.47252 3.47949 3.48695 3.4949 3.50332 3.51218 3.52147 3.53114 3.54115 3.55146 3.56201 3.57275 3.58362 3.59455 3.60547 3.61632 3.62701 3.63749 3.64767 3.65749 3.66688 3.67578 3.68411 3.69183 3.69888 3.70521 3.71078 3.71554 3.71946 3.72253 3.7247 3.72598 3.72635 3.72581 3.72436 3.72202 3.71879 3.71472 3.70981 3.70411 3.69767 3.69051 3.68271 3.67431 3.66537 3.65596 3.64614 3.63598 3.62556 3.61494 3.6042 3.59341 3.58263 3.57194 3.56139 3.55105 3.54097 3.5312 3.52178 3.51276 3.50417 3.49603 3.48836 3.48118 3.47449 3.4683 3.4626 3.45739 3.45266 3.44839 3.44456 3.44117 3.43817 3.43556 3.43331 3.43141 3.42982 3.42854 3.42754 3.42681 3.42635 3.42613 
3.41993 3.42021 3.42077 3.4216 3.42271 3.42413 3.42585 3.42791 3.43031 3.43309 3.43627 3.43987 3.4439 3.44841 3.4534 3.4589 3.46492 3.47146 3.47855 3.48617 3.49433 3.503 3.51218 3.52184 3.53194 3.54245 3.55333 3.56451 3.57594 3.58757 3.59932 3.61112 3.6229 3.63459 3.6461 3.65737 3.66831 3.67886 3.68893 3.69846 3.70739 3.71565 3.72319 3.72996 3.7359 3.74098 3.74517 3.74844 3.75076 3.75212 3.75251 3.75192 3.75038 3.74787 3.74442 3.74006 3.73482 3.72872 3.72182 3.71416 3.70579 3.69678 3.68719 3.67708 3.66652 3.6556 3.64437 3.63293 3.62134 3.60969 3.59804 3.58647 3.57504 3.56383 3.55289 3.54228 3.53204 3.52222 3.51285 3.50397 3.49559 3.48774 3.48042 3.47363 3.46738 3.46166 3.45645 3.45175 3.44753 3.44378 3.44047 3.43757 3.43508 3.43296 3.43119 3.42975 3.42863 3.4278 3.42727 3.42701 
3.42083 3.42113 3.42172 3.42262 3.42384 3.42538 3.42727 3.42952 3.43215 3.4352 3.43868 3.44262 3.44704 3.45197 3.45743 3.46344 3.47002 3.47716 3.48489 3.49319 3.50207 3.5115 3.52147 3.53194 3.54289 3.55427 3.56602 3.5781 3.59044 3.60297 3.61561 3.62831 3.64096 3.6535 3.66585 3.67791 3.68962 3.70089 3.71165 3.72183 3.73135 3.74015 3.74818 3.75538 3.7617 3.7671 3.77155 3.77502 3.77748 3.77893 3.77934 3.77871 3.77706 3.7744 3.77073 3.76609 3.7605 3.75401 3.74665 3.73848 3.72956 3.71994 3.70968 3.69887 3.68757 3.67587 3.66384 3.65155 3.63911 3.62657 3.61403 3.60157 3.58925 3.57714 3.56532 3.55384 3.54275 3.5321 3.52194 3.51228 3.50317 3.49462 3.48664 3.47924 3.47241 3.46615 3.46045 3.45529 3.45066 3.44653 3.44289 3.4397 3.43694 3.43459 3.43263 3.43103 3.42977 3.42885 3.42824 3.42794 
3.42179 3.4221 3.42274 3.42371 3.42503 3.42671 3.42876 3.43122 3.43409 3.43742 3.44122 3.44552 3.45034 3.45572 3.46167 3.46821 3.47536 3.48313 3.49152 3.50053 3.51014 3.52036 3.53114 3.54245 3.55427 3.56653 3.57919 3.59218 3.60543 3.61888 3.63244 3.64603 3.65957 3.67297 3.68615 3.69902 3.71149 3.72349 3.73493 3.74575 3.75586 3.7652 3.77371 3.78134 3.78804 3.79376 3.79847 3.80214 3.80474 3.80626 3.80669 3.80603 3.80429 3.80146 3.79757 3.79266 3.78673 3.77985 3.77204 3.76337 3.75388 3.74365 3.73275 3.72123 3.70919 3.6967 3.68386 3.67073 3.65741 3.64399 3.63055 3.61717 3.60394 3.59092 3.5782 3.56583 3.55387 3.54237 3.53138 3.52094 3.51107 3.5018 3.49314 3.48509 3.47767 3.47085 3.46463 3.45901 3.45394 3.44943 3.44543 3.44193 3.4389 3.43631 3.43415 3.43238 3.43098 3.42995 3.42927 3.42892 
3.4228 3.42312 3.4238 3.42485 3.42628 3.4281 3.43033 3.433 3.43613 3.43975 3.44388 3.44855 3.4538 3.45963 3.46609 3.47319 3.48093 3.48934 3.49841 3.50814 3.51853 3.52954 3.54115 3.55333 3.56602 3.57919 3.59276 3.60668 3.62086 3.63523 3.64971 3.66421 3.67863 3.6929 3.70691 3.72058 3.73381 3.74653 3.75865 3.7701 3.78079 3.79066 3.79965 3.80771 3.81477 3.8208 3.82576 3.82963 3.83237 3.83397 3.83443 3.83373 3.83189 3.82891 3.82481 3.81962 3.81337 3.80609 3.79785 3.78868 3.77864 3.76781 3.75625 3.74404 3.73126 3.718 3.70433 3.69036 3.67617 3.66186 3.64751 3.63321 3.61905 3.60512 3.59147 3.5782 3.56535 3.55299 3.54116 3.52991 3.51926 3.50925 3.49989 3.49118 3.48313 3.47574 3.46899 3.46288 3.45737 3.45245 3.44809 3.44426 3.44095 3.43811 3.43573 3.43379 3.43225 3.43111 3.43035 3.42995 
3.42385 3.42419 3.42492 3.42605 3.42759 3.42956 3.43198 3.43487 3.43826 3.44218 3.44665 3.45171 3.45739 3.4637 3.47068 3.47834 3.4867 3.49577 3.50554 3.51602 3.52718 3.539 3.55146 3.56451 3.5781 3.59218 3.60668 3.62153 3.63664 3.65194 3.66734 3.68274 3.69805 3.71317 3.72801 3.74247 3.75646 3.76989 3.78268 3.79474 3.806 3.8164 3.82585 3.83432 3.84174 3.84808 3.85329 3.85734 3.86022 3.8619 3.86238 3.86164 3.85971 3.85658 3.85228 3.84682 3.84025 3.8326 3.82393 3.81427 3.8037 3.79228 3.78008 3.76718 3.75367 3.73963 3.72516 3.71034 3.69529 3.68008 3.66482 3.6496 3.63452 3.61965 3.60508 3.59089 3.57714 3.5639 3.55122 3.53914 3.52771 3.51694 3.50685 3.49747 3.48879 3.48081 3.47351 3.46689 3.46092 3.45558 3.45085 3.44669 3.44308 3.43999 3.43739 3.43526 3.43358 3.43232 3.43147 3.43103 
3.42495 3.4253 3.42608 3.42729 3.42895 3.43107 3.43368 3.43681 3.44047 3.4447 3.44953 3.45499 3.4611 3.46791 3.47542 3.48367 3.49265 3.50239 3.51287 3.5241 3.53605 3.5487 3.56201 3.57594 3.59044 3.60543 3.62086 3.63664 3.65269 3.66892 3.68523 3.70153 3.71771 3.73368 3.74933 3.76457 3.7793 3.79343 3.80687 3.81954 3.83136 3.84225 3.85216 3.86103 3.8688 3.87542 3.88087 3.88511 3.88812 3.88988 3.89038 3.88961 3.88759 3.88432 3.87982 3.87411 3.86723 3.85922 3.85013 3.84 3.82891 3.81691 3.80409 3.79052 3.77629 3.76149 3.74622 3.73057 3.71465 3.69856 3.6824 3.66626 3.65025 3.63445 3.61895 3.60384 3.58919 3.57506 3.56151 3.5486 3.53636 3.52482 3.51401 3.50394 3.49461 3.48602 3.47816 3.47103 3.46459 3.45882 3.4537 3.4492 3.44529 3.44193 3.43911 3.43679 3.43495 3.43358 3.43264 3.43215 
3.42609 3.42645 3.42728 3.42858 3.43036 3.43264 3.43545 3.43881 3.44275 3.4473 3.45249 3.45835 3.46492 3.47223 3.48029 3.48912 3.49874 3.50916 3.52037 3.53235 3.5451 3.55858 3.57275 3.58757 3.60297 3.61888 3.63523 3.65194 3.66892 3.68606 3.70328 3.72046 3.7375 3.7543 3.77075 3.78676 3.80221 3.81702 3.83109 3.84434 3.8567 3.86808 3.87843 3.88768 3.89578 3.90269 3.90837 3.91278 3.91592 3.91775 3.91827 3.91747 3.91537 3.91196 3.90727 3.90133 3.89416 3.8858 3.8763 3.86572 3.85412 3.84157 3.82814 3.81391 3.79899 3.78345 3.7674 3.75093 3.73417 3.7172 3.70014 3.68309 3.66615 3.64943 3.633 3.61697 3.60141 3.5864 3.57198 3.55823 3.54518 3.53287 3.52132 3.51054 3.50056 3.49136 3.48293 3.47527 3.46835 3.46215 3.45663 3.45178 3.44756 3.44393 3.44088 3.43837 3.43637 3.43487 3.43386 3.43331 
3.42726 3.42764 3.42852 3.42991 3.43181 3.43426 3.43726 3.44086 3.44508 3.44996 3.45552 3.4618 3.46883 3.47664 3.48525 3.49468 3.50495 3.51605 3.52798 3.54073 3.55428 3.56859 3.58362 3.59932 3.61561 3.63244 3.64971 3.66734 3.68523 3.70328 3.72138 3.73943 3.75731 3.77493 3.79216 3.8089 3.82505 3.84051 3.85519 3.86901 3.88188 3.89373 3.90449 3.91411 3.92253 3.9297 3.9356 3.94019 3.94344 3.94534 3.94589 3.94506 3.94288 3.93935 3.93448 3.92831 3.92086 3.91217 3.9023 3.89128 3.8792 3.86611 3.8521 3.83724 3.82164 3.80538 3.78856 3.77131 3.75371 3.73589 3.71794 3.7 3.68215 3.66451 3.64717 3.63022 3.61376 3.59785 3.58257 3.56798 3.55412 3.54102 3.52873 3.51726 3.50661 3.49679 3.48779 3.47959 3.47219 3.46554 3.45963 3.45442 3.44988 3.44598 3.44269 3.43998 3.43783 3.43621 3.4351 3.4345 
3.42846 3.42886 3.42979 3.43126 3.4333 3.4359 3.43912 3.44296 3.44747 3.45267 3.45861 3.46531 3.4728 3.48112 3.49028 3.50031 3.51122 3.52301 3.53567 3.54918 3.56353 3.57867 3.59455 3.61112 3.62831 3.64603 3.66421 3.68274 3.70153 3.72046 3.73943 3.75832 3.77703 3.79542 3.8134 3.83086 3.84768 3.86377 3.87904 3.89339 3.90675 3.91904 3.9302 3.94017 3.94888 3.95631 3.96242 3.96716 3.97053 3.9725 3.97307 3.97222 3.96997 3.96632 3.96129 3.9549 3.94719 3.93819 3.92796 3.91654 3.90399 3.89039 3.87582 3.86036 3.8441 3.82715 3.8096 3.79157 3.77317 3.75451 3.73571 3.71688 3.69814 3.67959 3.66135 3.6435 3.62615 3.60936 3.59322 3.57779 3.56312 3.54925 3.53621 3.52404 3.51272 3.50228 3.49271 3.48398 3.47608 3.46899 3.46267 3.4571 3.45225 3.44807 3.44454 3.44163 3.43932 3.43757 3.43638 3.43572 
3.42967 3.43009 3.43108 3.43264 3.4348 3.43758 3.441 3.44509 3.44988 3.45542 3.46173 3.46885 3.47681 3.48563 3.49535 3.50598 3.51753 3.53 3.54338 3.55766 3.57279 3.58875 3.60547 3.6229 3.64096 3.65957 3.67863 3.69805 3.71771 3.7375 3.75731 3.77703 3.79652 3.81567 3.83438 3.85251 3.86998 3.88667 3.90249 3.91735 3.93118 3.94388 3.95541 3.9657 3.9747 3.98237 3.98867 3.99356 3.99704 3.99907 3.99966 3.99879 3.99647 3.99272 3.98753 3.98095 3.973 3.96371 3.95314 3.94133 3.92835 3.91427 3.89917 3.88313 3.86626 3.84864 3.83038 3.81161 3.79243 3.77296 3.75332 3.73364 3.71403 3.6946 3.67547 3.65674 3.6385 3.62085 3.60386 3.5876 3.57213 3.55749 3.54372 3.53084 3.51887 3.50781 3.49765 3.48839 3.48 3.47246 3.46574 3.45981 3.45464 3.45018 3.44642 3.44331 3.44083 3.43896 3.43767 3.43696 
3.4309 3.43134 3.43238 3.43404 3.43633 3.43927 3.44289 3.44723 3.45232 3.45818 3.46487 3.4724 3.48082 3.49016 3.50043 3.51165 3.52384 3.53698 3.55107 3.56609 3.58201 3.59877 3.61632 3.63459 3.6535 3.67297 3.6929 3.71317 3.73368 3.7543 3.77493 3.79542 3.81567 3.83555 3.85494 3.87373 3.8918 3.90906 3.92541 3.94075 3.955 3.9681 3.97998 3.99057 3.99983 4.00772 4.0142 4.01923 4.02281 4.0249 4.02551 4.02463 4.02225 4.0184 4.01308 4.00631 3.99813 3.98858 3.97769 3.96553 3.95214 3.93761 3.92201 3.90543 3.88796 3.86971 3.85078 3.8313 3.81137 3.79112 3.77068 3.75017 3.72971 3.70943 3.68943 3.66984 3.65075 3.63224 3.61442 3.59735 3.58109 3.56569 3.55119 3.53762 3.525 3.51332 3.5026 3.49281 3.48393 3.47595 3.46882 3.46253 3.45704 3.45231 3.4483 3.44499 3.44235 3.44035 3.43898 3.43821 
3.43214 3.43259 3.43369 3.43544 3.43785 3.44096 3.44479 3.44938 3.45475 3.46094 3.46799 3.47594 3.48482 3.49466 3.50547 3.51728 3.53009 3.5439 3.55869 3.57444 3.59111 3.60866 3.62701 3.6461 3.66585 3.68615 3.70691 3.72801 3.74933 3.77075 3.79216 3.8134 3.83438 3.85494 3.87499 3.89439 3.91304 3.93082 3.94766 3.96345 3.97811 3.99157 4.00377 4.01464 4.02415 4.03224 4.03888 4.04404 4.04771 4.04986 4.05049 4.04959 4.04717 4.04322 4.03778 4.03085 4.02246 4.01266 4.00149 3.98899 3.97523 3.96028 3.94421 3.92712 3.9091 3.89025 3.87068 3.85052 3.82988 3.80889 3.78768 3.76637 3.7451 3.72399 3.70316 3.68273 3.6628 3.64348 3.62484 3.60698 3.58995 3.5738 3.55859 3.54435 3.53108 3.5188 3.50751 3.49719 3.48784 3.47941 3.47189 3.46525 3.45943 3.45443 3.45018 3.44667 3.44387 3.44175 3.44029 3.43947 
3.43337 3.43384 3.43499 3.43683 3.43937 3.44265 3.44668 3.45151 3.45716 3.46367 3.47109 3.47945 3.48878 3.4991 3.51045 3.52283 3.53625 3.55071 3.56618 3.58264 3.60005 3.61835 3.63749 3.65737 3.67791 3.69902 3.72058 3.74247 3.76457 3.78676 3.8089 3.83086 3.85251 3.87373 3.89439 3.91436 3.93355 3.95183 3.96912 3.98533 4.00036 4.01416 4.02665 4.03778 4.04751 4.05578 4.06257 4.06786 4.07161 4.07382 4.07447 4.07355 4.07108 4.06706 4.0615 4.05443 4.04586 4.03584 4.0244 4.0116 3.99749 3.98215 3.96565 3.94808 3.92954 3.91013 3.88997 3.86916 3.84785 3.82615 3.8042 3.78214 3.76009 3.73819 3.71656 3.69532 3.67459 3.65447 3.63505 3.61641 3.59863 3.58177 3.56587 3.55096 3.53706 3.52419 3.51235 3.50152 3.49169 3.48284 3.47493 3.46793 3.46181 3.45653 3.45205 3.44835 3.44539 3.44314 3.44159 3.44072 
3.43459 3.43508 3.43628 3.43821 3.44088 3.44431 3.44854 3.4536 3.45953 3.46636 3.47414 3.48289 3.49266 3.50346 3.51532 3.52826 3.54227 3.55735 3.57348 3.59063 3.60875 3.62779 3.64767 3.66831 3.68962 3.71149 3.73381 3.75646 3.7793 3.80221 3.82505 3.84768 3.86998 3.8918 3.91304 3.93355 3.95323 3.97197 3.98968 4.00627 4.02165 4.03575 4.04851 4.05988 4.0698 4.07824 4.08518 4.09057 4.0944 4.09665 4.09732 4.0964 4.09389 4.0898 4.08415 4.07694 4.0682 4.05798 4.0463 4.03322 4.0188 4.0031 3.98621 3.9682 3.94918 3.92925 3.90852 3.88712 3.86517 3.84281 3.82016 3.79738 3.77459 3.75194 3.72954 3.70754 3.68603 3.66515 3.64497 3.6256 3.6071 3.58953 3.57296 3.55741 3.54291 3.52946 3.51709 3.50576 3.49547 3.4862 3.47791 3.47057 3.46414 3.45859 3.45389 3.45 3.44688 3.44451 3.44288 3.44196 
3.43578 3.43629 3.43754 3.43956 3.44235 3.44594 3.45036 3.45565 3.46185 3.46899 3.47711 3.48624 3.49643 3.5077 3.52006 3.53353 3.54811 3.56379 3.58056 3.59836 3.61716 3.6369 3.65749 3.67886 3.70089 3.72349 3.74653 3.76989 3.79343 3.81702 3.84051 3.86377 3.88667 3.90906 3.93082 3.95183 3.97197 3.99114 4.00923 4.02617 4.04186 4.05623 4.06924 4.08082 4.09092 4.09952 4.10657 4.11206 4.11596 4.11826 4.11895 4.11802 4.11548 4.11134 4.10559 4.09827 4.08939 4.07898 4.06709 4.05376 4.03905 4.02303 4.00577 3.98736 3.9679 3.94748 3.92624 3.90428 3.88174 3.85875 3.83546 3.812 3.78852 3.76515 3.74203 3.71929 3.69706 3.67544 3.65454 3.63446 3.61527 3.59704 3.57982 3.56366 3.54857 3.53458 3.52168 3.50988 3.49914 3.48946 3.4808 3.47313 3.46642 3.46061 3.45569 3.45161 3.44834 3.44586 3.44414 3.44317 
3.43694 3.43747 3.43877 3.44087 3.44377 3.44752 3.45213 3.45764 3.46409 3.47152 3.47997 3.48948 3.50007 3.51178 3.52462 3.5386 3.55372 3.56998 3.58734 3.60577 3.62522 3.64561 3.66688 3.68893 3.71165 3.73493 3.75865 3.78268 3.80687 3.83109 3.85519 3.87904 3.90249 3.92541 3.94766 3.96912 3.98968 4.00923 4.02768 4.04492 4.0609 4.07552 4.08875 4.10051 4.11078 4.11951 4.12668 4.13225 4.13621 4.13855 4.13926 4.13833 4.13576 4.13157 4.12575 4.11832 4.10931 4.09875 4.08667 4.07312 4.05815 4.04184 4.02425 4.00547 3.9856 3.96474 3.94302 3.92055 3.89746 3.87389 3.84999 3.8259 3.80177 3.77773 3.75393 3.7305 3.70758 3.68528 3.6637 3.64295 3.6231 3.60424 3.58641 3.56966 3.55401 3.53949 3.5261 3.51384 3.50268 3.49261 3.4836 3.47561 3.46861 3.46256 3.45743 3.45317 3.44975 3.44716 3.44536 3.44435 
3.43805 3.4386 3.43995 3.44213 3.44514 3.44903 3.45382 3.45954 3.46624 3.47395 3.48272 3.49257 3.50355 3.51567 3.52896 3.54343 3.55906 3.57586 3.59379 3.61281 3.63286 3.65388 3.67578 3.69846 3.72183 3.74575 3.7701 3.79474 3.81954 3.84434 3.86901 3.89339 3.91735 3.94075 3.96345 3.98533 4.00627 4.02617 4.04492 4.06245 4.07868 4.09353 4.10694 4.11888 4.12929 4.13814 4.1454 4.15105 4.15507 4.15745 4.15817 4.15724 4.15465 4.15041 4.14453 4.13702 4.1279 4.11719 4.10495 4.0912 4.07601 4.05943 4.04154 4.02243 4.0022 3.98094 3.95877 3.93583 3.91224 3.88814 3.86368 3.83901 3.81427 3.78961 3.76517 3.74111 3.71754 3.69459 3.67238 3.65099 3.63054 3.61107 3.59267 3.57536 3.55919 3.54418 3.53032 3.51762 3.50606 3.49562 3.48627 3.47798 3.47072 3.46443 3.45909 3.45466 3.45111 3.44841 3.44654 3.44548 
3.43911 3.43967 3.44107 3.44333 3.44645 3.45047 3.45542 3.46135 3.46827 3.47625 3.48531 3.49549 3.50683 3.51935 3.53306 3.54798 3.56409 3.58139 3.59985 3.61941 3.64003 3.66163 3.68411 3.70739 3.73135 3.75586 3.78079 3.806 3.83136 3.8567 3.88188 3.90675 3.93118 3.955 3.97811 4.00036 4.02165 4.04186 4.0609 4.07868 4.09512 4.11017 4.12376 4.13584 4.14638 4.15533 4.16268 4.16839 4.17247 4.17488 4.17562 4.17469 4.17208 4.16781 4.16187 4.15428 4.14506 4.13424 4.12185 4.10793 4.09253 4.07572 4.05757 4.03817 4.0176 3.99598 3.97342 3.95005 3.926 3.90141 3.87644 3.85123 3.82593 3.8007 3.77569 3.75103 3.72686 3.70332 3.68051 3.65854 3.63751 3.61749 3.59855 3.58073 3.56407 3.54858 3.53429 3.52118 3.50925 3.49846 3.4888 3.48023 3.47271 3.4662 3.46067 3.45608 3.4524 3.4496 3.44766 3.44656 
3.44011 3.44069 3.44213 3.44445 3.44767 3.45182 3.45693 3.46304 3.47018 3.4784 3.48773 3.49822 3.50989 3.52277 3.53687 3.55221 3.56877 3.58654 3.60548 3.62555 3.64668 3.66881 3.69183 3.71565 3.74015 3.7652 3.79066 3.8164 3.84225 3.86808 3.89373 3.91904 3.94388 3.9681 3.99157 4.01416 4.03575 4.05623 4.07552 4.09353 4.11017 4.12539 4.13913 4.15134 4.16198 4.17103 4.17845 4.18422 4.18834 4.19078 4.19154 4.19061 4.18799 4.18369 4.1777 4.17005 4.16075 4.14983 4.13731 4.12324 4.10766 4.09065 4.07227 4.0526 4.03174 4.00979 3.98688 3.96312 3.93866 3.91364 3.8882 3.8625 3.8367 3.81095 3.7854 3.7602 3.73548 3.71139 3.68804 3.66554 3.64398 3.62345 3.60401 3.58571 3.5686 3.55269 3.53799 3.5245 3.51222 3.50111 3.49116 3.48232 3.47457 3.46786 3.46215 3.45741 3.45361 3.45072 3.44871 3.44757 
3.44103 3.44163 3.44311 3.44549 3.4488 3.45307 3.45832 3.4646 3.47194 3.48038 3.48997 3.50073 3.51271 3.52592 3.54038 3.55609 3.57306 3.59125 3.61063 3.63116 3.65277 3.67537 3.69888 3.72319 3.74818 3.77371 3.79965 3.82585 3.85216 3.87843 3.90449 3.9302 3.95541 3.97998 4.00377 4.02665 4.04851 4.06924 4.08875 4.10694 4.12376 4.13913 4.153 4.16532 4.17606 4.18518 4.19266 4.19849 4.20264 4.20511 4.20588 4.20496 4.20233 4.198 4.19198 4.18428 4.17491 4.16389 4.15127 4.13707 4.12134 4.10415 4.08556 4.06566 4.04454 4.02231 3.99908 3.97498 3.95015 3.92474 3.89889 3.87275 3.8465 3.82028 3.79425 3.76856 3.74335 3.71877 3.69492 3.67193 3.6499 3.6289 3.60901 3.59028 3.57275 3.55645 3.54138 3.52755 3.51495 3.50355 3.49333 3.48425 3.47628 3.46938 3.46352 3.45864 3.45473 3.45175 3.44968 3.4485 
3.44188 3.44248 3.444 3.44644 3.44983 3.4542 3.45958 3.46601 3.47353 3.48217 3.49199 3.503 3.51525 3.52876 3.54354 3.5596 3.57692 3.59549 3.61527 3.63621 3.65823 3.68127 3.70521 3.72996 3.75538 3.78134 3.80771 3.83432 3.86103 3.88768 3.91411 3.94017 3.9657 3.99057 4.01464 4.03778 4.05988 4.08082 4.10051 4.11888 4.13584 4.15134 4.16532 4.17773 4.18855 4.19774 4.20528 4.21115 4.21534 4.21783 4.21861 4.21769 4.21505 4.21071 4.20466 4.19691 4.18748 4.17639 4.16368 4.14936 4.13351 4.11616 4.0974 4.0773 4.05596 4.03347 4.00997 3.98557 3.96042 3.93466 3.90844 3.88192 3.85527 3.82863 3.80218 3.77605 3.75041 3.72538 3.7011 3.67768 3.65522 3.63381 3.61351 3.5944 3.5765 3.55984 3.54445 3.53031 3.51742 3.50575 3.49529 3.486 3.47784 3.47077 3.46476 3.45976 3.45575 3.45269 3.45057 3.44936 
3.44263 3.44324 3.44479 3.44729 3.45075 3.45521 3.46071 3.46727 3.47495 3.48377 3.49378 3.50502 3.51751 3.53128 3.54634 3.56269 3.58033 3.59924 3.61936 3.64066 3.66305 3.68646 3.71078 3.7359 3.7617 3.78804 3.81477 3.84174 3.8688 3.89578 3.92253 3.94888 3.9747 3.99983 4.02415 4.04751 4.0698 4.09092 4.11078 4.12929 4.14638 4.16198 4.17606 4.18855 4.19944 4.20869 4.21627 4.22218 4.22639 4.2289 4.2297 4.22878 4.22614 4.22178 4.2157 4.20792 4.19844 4.18729 4.1745 4.16009 4.14412 4.12665 4.10774 4.08746 4.06593 4.04323 4.01949 3.99484 3.96941 3.94335 3.91681 3.88996 3.86296 3.83596 3.80914 3.78264 3.75661 3.7312 3.70654 3.68274 3.6599 3.63813 3.61748 3.59803 3.5798 3.56284 3.54715 3.53274 3.5196 3.5077 3.49703 3.48755 3.47922 3.472 3.46586 3.46075 3.45665 3.45353 3.45136 3.45012 
3.44328 3.44391 3.44548 3.44802 3.45155 3.45609 3.46168 3.46836 3.47617 3.48514 3.49533 3.50675 3.51945 3.53344 3.54874 3.56535 3.58326 3.60245 3.62287 3.64447 3.66717 3.6909 3.71554 3.74098 3.7671 3.79376 3.8208 3.84808 3.87542 3.90269 3.9297 3.95631 3.98237 4.00772 4.03224 4.05578 4.07824 4.09952 4.11951 4.13814 4.15533 4.17103 4.18518 4.19774 4.20869 4.21798 4.2256 4.23154 4.23578 4.2383 4.23911 4.23819 4.23555 4.23118 4.22508 4.21727 4.20775 4.19655 4.18369 4.16921 4.15315 4.13557 4.11653 4.09611 4.07442 4.05154 4.0276 4.00273 3.97706 3.95075 3.92395 3.89682 3.86952 3.84222 3.81508 3.78826 3.76191 3.73617 3.71119 3.68706 3.66391 3.64183 3.62088 3.60114 3.58264 3.56541 3.54948 3.53484 3.52148 3.50939 3.49853 3.48889 3.48041 3.47306 3.46681 3.46161 3.45744 3.45426 3.45204 3.45078 
3.44383 3.44446 3.44606 3.44864 3.45222 3.45683 3.4625 3.46927 3.47719 3.48629 3.49661 3.50819 3.52106 3.53524 3.55073 3.56756 3.58569 3.60511 3.62577 3.64761 3.67057 3.69456 3.71946 3.74517 3.77155 3.79847 3.82576 3.85329 3.88087 3.90837 3.9356 3.96242 3.98867 4.0142 4.03888 4.06257 4.08518 4.10657 4.12668 4.1454 4.16268 4.17845 4.19266 4.20528 4.21627 4.2256 4.23326 4.23922 4.24348 4.24602 4.24683 4.24592 4.24327 4.23889 4.23278 4.22494 4.21539 4.20415 4.19124 4.1767 4.16056 4.14289 4.12375 4.10321 4.08138 4.05836 4.03426 4.00921 3.98335 3.95684 3.92982 3.90246 3.87492 3.84737 3.81997 3.79289 3.76628 3.74027 3.71502 3.69063 3.66723 3.64489 3.6237 3.60371 3.58499 3.56754 3.55141 3.53657 3.52304 3.51078 3.49978 3.49 3.4814 3.47395 3.46761 3.46234 3.4581 3.45487 3.45262 3.45134 
3.44427 3.44491 3.44653 3.44913 3.45275 3.45741 3.46315 3.46999 3.478 3.4872 3.49763 3.50933 3.52233 3.53665 3.5523 3.56928 3.58759 3.60719 3.62803 3.65007 3.67323 3.69742 3.72253 3.74844 3.77502 3.80214 3.82963 3.85734 3.88511 3.91278 3.94019 3.96716 3.99356 4.01923 4.04404 4.06786 4.09057 4.11206 4.13225 4.15105 4.16839 4.18422 4.19849 4.21115 4.22218 4.23154 4.23922 4.24521 4.24948 4.25203 4.25285 4.25194 4.24929 4.2449 4.23877 4.23092 4.22134 4.21007 4.19712 4.18252 4.16632 4.14858 4.12936 4.10874 4.08681 4.06367 4.03944 4.01425 3.98825 3.96157 3.93438 3.90684 3.87912 3.85137 3.82378 3.7965 3.76968 3.74347 3.71801 3.69342 3.66981 3.64728 3.62589 3.60573 3.58682 3.56922 3.55292 3.53794 3.52427 3.51188 3.50076 3.49088 3.48219 3.47466 3.46824 3.46291 3.45862 3.45535 3.45308 3.45179 
3.44459 3.44524 3.44687 3.4495 3.45314 3.45784 3.46362 3.47052 3.47859 3.48785 3.49836 3.51015 3.52324 3.53766 3.55342 3.57052 3.58895 3.60867 3.62965 3.65183 3.67512 3.69945 3.7247 3.75076 3.77748 3.80474 3.83237 3.86022 3.88812 3.91592 3.94344 3.97053 3.99704 4.02281 4.04771 4.07161 4.0944 4.11596 4.13621 4.15507 4.17247 4.18834 4.20264 4.21534 4.22639 4.23578 4.24348 4.24948 4.25376 4.25632 4.25715 4.25623 4.25358 4.24919 4.24305 4.23518 4.22558 4.21428 4.2013 4.18667 4.17043 4.15263 4.13335 4.11266 4.09066 4.06743 4.04312 4.01783 3.99172 3.96493 3.93762 3.90995 3.88209 3.85422 3.82648 3.79906 3.77209 3.74574 3.72013 3.6954 3.67165 3.64898 3.62746 3.60717 3.58814 3.57041 3.55401 3.53892 3.52515 3.51268 3.50148 3.49152 3.48276 3.47517 3.46871 3.46333 3.45901 3.45571 3.45342 3.45211 
3.4448 3.44545 3.44709 3.44973 3.45339 3.45811 3.46392 3.47085 3.47895 3.48826 3.49881 3.51065 3.5238 3.53827 3.5541 3.57126 3.58976 3.60955 3.63061 3.65286 3.67624 3.70065 3.72598 3.75212 3.77893 3.80626 3.83397 3.8619 3.88988 3.91775 3.94534 3.9725 3.99907 4.0249 4.04986 4.07382 4.09665 4.11826 4.13855 4.15745 4.17488 4.19078 4.20511 4.21783 4.2289 4.2383 4.24602 4.25203 4.25632 4.25888 4.25971 4.2588 4.25615 4.25174 4.2456 4.23772 4.22811 4.21679 4.20378 4.18912 4.17285 4.15503 4.13571 4.11497 4.09292 4.06964 4.04527 4.01992 3.99375 3.96689 3.93951 3.91177 3.88383 3.85587 3.82806 3.80055 3.7735 3.74707 3.72138 3.69657 3.67273 3.64998 3.62839 3.60802 3.58892 3.57113 3.55466 3.53951 3.52568 3.51316 3.50191 3.49191 3.48311 3.47549 3.46899 3.46359 3.45925 3.45594 3.45364 3.45232 
