3.22625 3.22647 3.2267 3.22694 3.22719 3.22745 3.22772 3.22799 3.22828 3.22858 3.22889 3.22922 3.22957 3.22994 3.23033 3.23075 3.23121 3.23169 3.23221 3.23277 3.23338 3.23402 3.23472 3.23546 3.23625 3.23708 3.23796 3.23889 3.23986 3.24087 3.24191 3.24298 3.24407 3.24517 3.24629 3.2474 3.24851 3.24959 3.25065 3.25167 3.25264 3.25355 3.2544 3.25518 3.25587 3.25647 3.25698 3.25739 3.25769 3.25789 3.25797 3.25794 3.25781 3.25756 3.25721 3.25675 3.2562 3.25556 3.25484 3.25404 3.25317 3.25224 3.25126 3.25024 3.2492 3.24813 3.24705 3.24596 3.24489 3.24382 3.24278 3.24177 3.24079 3.23986 3.23897 3.23813 3.23734 3.2366 3.23593 3.23531 3.23475 3.23425 3.2338 3.23342 3.23309 3.23281 3.23258 3.23241 3.23228 3.23219 3.23214 3.23214 3.23216 3.23222 3.23231 3.23243 3.23256 3.23272 3.2329 3.23309 
3.22647 3.22669 3.22692 3.22716 3.22741 3.22767 3.22794 3.22821 3.2285 3.2288 3.22911 3.22945 3.22979 3.23017 3.23056 3.23098 3.23144 3.23193 3.23245 3.23302 3.23363 3.23428 3.23498 3.23573 3.23653 3.23738 3.23827 3.23921 3.2402 3.24122 3.24228 3.24336 3.24447 3.24559 3.24673 3.24786 3.24898 3.25008 3.25116 3.25219 3.25318 3.25411 3.25497 3.25576 3.25646 3.25708 3.2576 3.25801 3.25832 3.25851 3.2586 3.25857 3.25843 3.25818 3.25782 3.25736 3.2568 3.25615 3.25541 3.25459 3.25371 3.25277 3.25177 3.25074 3.24967 3.24859 3.24749 3.24639 3.24529 3.24422 3.24316 3.24213 3.24114 3.24019 3.23928 3.23843 3.23763 3.23689 3.2362 3.23557 3.23501 3.2345 3.23405 3.23366 3.23332 3.23304 3.23281 3.23263 3.2325 3.23241 3.23237 3.23236 3.23239 3.23244 3.23253 3.23265 3.23278 3.23294 3.23312 3.23331 
3.2267 3.22692 3.22715 3.22739 3.22764 3.2279 3.22817 3.22846 3.22875 3.22905 3.22938 3.22971 3.23007 3.23045 3.23086 3.2313 3.23177 3.23228 3.23283 3.23342 3.23406 3.23474 3.23547 3.23626 3.23709 3.23798 3.23892 3.2399 3.24093 3.242 3.24311 3.24425 3.24541 3.24659 3.24777 3.24896 3.25013 3.25129 3.25241 3.2535 3.25453 3.2555 3.2564 3.25723 3.25797 3.25861 3.25915 3.25958 3.2599 3.2601 3.26019 3.26016 3.26001 3.25975 3.25937 3.25889 3.2583 3.25762 3.25684 3.25599 3.25506 3.25407 3.25303 3.25195 3.25083 3.24969 3.24854 3.24739 3.24624 3.24511 3.244 3.24292 3.24188 3.24089 3.23994 3.23904 3.2382 3.23742 3.2367 3.23604 3.23545 3.23491 3.23444 3.23402 3.23367 3.23337 3.23313 3.23293 3.23279 3.23269 3.23263 3.23262 3.23264 3.23269 3.23278 3.23289 3.23302 3.23318 3.23335 3.23354 
3.22694 3.22716 3.22739 3.22764 3.22789 3.22816 3.22843 3.22872 3.22902 3.22934 3.22967 3.23003 3.23041 3.23081 3.23124 3.23171 3.23221 3.23276 3.23334 3.23398 3.23466 3.2354 3.23619 3.23703 3.23793 3.23889 3.2399 3.24096 3.24207 3.24323 3.24442 3.24565 3.2469 3.24817 3.24944 3.25072 3.25198 3.25322 3.25443 3.2556 3.25671 3.25775 3.25872 3.2596 3.26039 3.26108 3.26165 3.26211 3.26246 3.26267 3.26277 3.26273 3.26257 3.26228 3.26188 3.26135 3.26072 3.25998 3.25915 3.25823 3.25724 3.25617 3.25505 3.25389 3.25268 3.25146 3.25022 3.24898 3.24774 3.24652 3.24533 3.24416 3.24304 3.24197 3.24094 3.23997 3.23906 3.23822 3.23744 3.23672 3.23607 3.23549 3.23497 3.23452 3.23413 3.2338 3.23352 3.23331 3.23314 3.23302 3.23295 3.23292 3.23292 3.23297 3.23304 3.23314 3.23327 3.23342 3.23359 3.23378 
3.22719 3.22741 3.22764 3.22789 3.22815 3.22842 3.22871 3.22901 3.22933 3.22966 3.23002 3.23039 3.2308 3.23124 3.2317 3.23221 3.23276 3.23336 3.234 3.2347 3.23545 3.23626 3.23714 3.23807 3.23907 3.24012 3.24124 3.24241 3.24364 3.24491 3.24623 3.24758 3.24896 3.25036 3.25176 3.25316 3.25455 3.25591 3.25724 3.25852 3.25973 3.26088 3.26194 3.2629 3.26376 3.26451 3.26514 3.26565 3.26602 3.26625 3.26635 3.26631 3.26613 3.26581 3.26536 3.26479 3.26409 3.26328 3.26236 3.26135 3.26026 3.25909 3.25786 3.25657 3.25525 3.2539 3.25254 3.25117 3.24981 3.24846 3.24714 3.24586 3.24462 3.24343 3.2423 3.24123 3.24022 3.23928 3.23841 3.23762 3.23689 3.23624 3.23566 3.23515 3.2347 3.23433 3.23401 3.23375 3.23355 3.23341 3.23331 3.23325 3.23324 3.23327 3.23333 3.23342 3.23354 3.23368 3.23385 3.23404 
3.22745 3.22767 3.2279 3.22816 3.22842 3.2287 3.229 3.22932 3.22966 3.23002 3.2304 3.23081 3.23125 3.23173 3.23225 3.23281 3.23342 3.23409 3.23481 3.23559 3.23644 3.23735 3.23833 3.23938 3.2405 3.24169 3.24295 3.24427 3.24564 3.24707 3.24855 3.25007 3.25161 3.25317 3.25475 3.25631 3.25786 3.25938 3.26086 3.26229 3.26364 3.26491 3.26609 3.26717 3.26812 3.26895 3.26965 3.27021 3.27062 3.27087 3.27098 3.27093 3.27072 3.27037 3.26986 3.26922 3.26844 3.26753 3.26651 3.26538 3.26416 3.26285 3.26147 3.26004 3.25856 3.25705 3.25552 3.25399 3.25246 3.25096 3.24948 3.24804 3.24665 3.24531 3.24403 3.24282 3.24169 3.24063 3.23964 3.23874 3.23791 3.23717 3.2365 3.23591 3.2354 3.23496 3.23459 3.23428 3.23403 3.23385 3.23371 3.23363 3.23359 3.2336 3.23364 3.23371 3.23382 3.23396 3.23412 3.2343 
3.22772 3.22794 3.22817 3.22843 3.22871 3.229 3.22932 3.22966 3.23002 3.23041 3.23083 3.23128 3.23177 3.2323 3.23289 3.23352 3.23421 3.23496 3.23578 3.23667 3.23763 3.23867 3.23979 3.24099 3.24226 3.24362 3.24505 3.24655 3.24811 3.24974 3.25142 3.25313 3.25489 3.25666 3.25843 3.26021 3.26196 3.26367 3.26534 3.26695 3.26847 3.2699 3.27123 3.27243 3.27351 3.27444 3.27522 3.27584 3.27629 3.27658 3.27669 3.27663 3.27639 3.27599 3.27542 3.27469 3.27381 3.27278 3.27163 3.27035 3.26897 3.26749 3.26594 3.26431 3.26264 3.26094 3.25921 3.25747 3.25574 3.25403 3.25235 3.25072 3.24913 3.24761 3.24616 3.24478 3.24348 3.24226 3.24114 3.2401 3.23915 3.23829 3.23751 3.23683 3.23622 3.2357 3.23526 3.23489 3.23459 3.23435 3.23417 3.23405 3.23398 3.23395 3.23397 3.23403 3.23412 3.23424 3.23439 3.23457 
3.22799 3.22821 3.22846 3.22872 3.22901 3.22932 3.22966 3.23002 3.23041 3.23084 3.2313 3.23181 3.23236 3.23296 3.23362 3.23434 3.23513 3.23599 3.23692 3.23794 3.23905 3.24024 3.24153 3.2429 3.24437 3.24592 3.24756 3.24928 3.25108 3.25294 3.25486 3.25682 3.25882 3.26084 3.26286 3.26488 3.26687 3.26882 3.27072 3.27253 3.27426 3.27588 3.27738 3.27874 3.27996 3.28101 3.28189 3.28258 3.28309 3.28341 3.28353 3.28346 3.28319 3.28273 3.28207 3.28124 3.28024 3.27908 3.27776 3.27631 3.27474 3.27306 3.27129 3.26944 3.26754 3.26559 3.26362 3.26164 3.25967 3.25772 3.2558 3.25393 3.25211 3.25037 3.2487 3.24711 3.24562 3.24422 3.24291 3.24171 3.24061 3.23961 3.2387 3.2379 3.23719 3.23657 3.23603 3.23558 3.23521 3.23491 3.23468 3.23451 3.2344 3.23434 3.23433 3.23436 3.23444 3.23454 3.23468 3.23485 
3.22828 3.2285 3.22875 3.22902 3.22933 3.22966 3.23002 3.23041 3.23085 3.23132 3.23183 3.2324 3.23302 3.23371 3.23446 3.23528 3.23619 3.23717 3.23826 3.23943 3.24071 3.24208 3.24357 3.24515 3.24684 3.24863 3.25052 3.2525 3.25457 3.2567 3.2589 3.26116 3.26345 3.26576 3.26807 3.27038 3.27265 3.27487 3.27703 3.2791 3.28107 3.28291 3.28461 3.28615 3.28753 3.28872 3.28971 3.2905 3.29107 3.29142 3.29156 3.29147 3.29115 3.29062 3.28988 3.28893 3.28779 3.28646 3.28496 3.2833 3.28151 3.27959 3.27757 3.27547 3.27329 3.27107 3.26881 3.26655 3.26429 3.26205 3.25985 3.2577 3.25561 3.2536 3.25168 3.24985 3.24812 3.2465 3.24499 3.24359 3.24231 3.24114 3.24008 3.23914 3.2383 3.23756 3.23692 3.23638 3.23592 3.23555 3.23525 3.23503 3.23486 3.23476 3.23472 3.23472 3.23477 3.23486 3.23498 3.23514 
3.22858 3.2288 3.22905 3.22934 3.22966 3.23002 3.23041 3.23084 3.23132 3.23184 3.23242 3.23306 3.23377 3.23455 3.23541 3.23636 3.2374 3.23854 3.23979 3.24115 3.24262 3.24421 3.24593 3.24776 3.24971 3.25178 3.25396 3.25624 3.25861 3.26107 3.2636 3.26618 3.26881 3.27146 3.27411 3.27674 3.27934 3.28187 3.28433 3.28669 3.28893 3.29102 3.29295 3.29471 3.29626 3.29761 3.29873 3.29962 3.30027 3.30067 3.30081 3.3007 3.30034 3.29973 3.29888 3.2978 3.29649 3.29497 3.29326 3.29138 3.28933 3.28714 3.28483 3.28242 3.27994 3.2774 3.27482 3.27222 3.26963 3.26706 3.26453 3.26206 3.25966 3.25735 3.25513 3.25302 3.25102 3.24914 3.24739 3.24577 3.24427 3.24291 3.24167 3.24056 3.23956 3.23869 3.23793 3.23727 3.23672 3.23626 3.23588 3.23559 3.23537 3.23522 3.23513 3.2351 3.23512 3.23519 3.2353 3.23545 
3.22889 3.22911 3.22938 3.22967 3.23002 3.2304 3.23083 3.2313 3.23183 3.23242 3.23308 3.2338 3.23461 3.2355 3.23649 3.23758 3.23878 3.2401 3.24154 3.24311 3.24482 3.24666 3.24864 3.25075 3.25301 3.25539 3.2579 3.26052 3.26325 3.26608 3.26898 3.27194 3.27495 3.27798 3.28101 3.28402 3.28698 3.28987 3.29267 3.29535 3.29789 3.30027 3.30247 3.30445 3.30622 3.30774 3.30901 3.31001 3.31074 3.31118 3.31134 3.31121 3.3108 3.3101 3.30913 3.30789 3.3064 3.30468 3.30273 3.30058 3.29824 3.29575 3.29311 3.29037 3.28753 3.28462 3.28167 3.2787 3.27574 3.27279 3.26989 3.26706 3.2643 3.26164 3.25908 3.25664 3.25434 3.25217 3.25014 3.24825 3.24651 3.24492 3.24347 3.24217 3.241 3.23997 3.23907 3.23828 3.23761 3.23705 3.23659 3.23622 3.23593 3.23572 3.23558 3.23551 3.2355 3.23554 3.23563 3.23577 
3.22922 3.22945 3.22971 3.23003 3.23039 3.23081 3.23128 3.23181 3.2324 3.23306 3.2338 3.23463 3.23555 3.23657 3.23771 3.23896 3.24035 3.24187 3.24353 3.24535 3.24731 3.24944 3.25172 3.25416 3.25675 3.25949 3.26238 3.26539 3.26853 3.27176 3.27509 3.27848 3.28191 3.28537 3.28882 3.29225 3.29562 3.29891 3.30209 3.30513 3.30801 3.31071 3.31319 3.31544 3.31743 3.31915 3.32058 3.32171 3.32253 3.32303 3.3232 3.32305 3.32257 3.32177 3.32067 3.31926 3.31757 3.31561 3.31339 3.31095 3.30829 3.30546 3.30246 3.29933 3.2961 3.29279 3.28942 3.28604 3.28265 3.27928 3.27596 3.27271 3.26955 3.26649 3.26356 3.26076 3.2581 3.2556 3.25325 3.25107 3.24905 3.2472 3.24552 3.24399 3.24263 3.24141 3.24034 3.23941 3.23861 3.23793 3.23736 3.2369 3.23654 3.23626 3.23607 3.23595 3.2359 3.23591 3.23598 3.23611 
3.22957 3.22979 3.23007 3.23041 3.2308 3.23125 3.23177 3.23236 3.23302 3.23377 3.23461 3.23555 3.2366 3.23778 3.23908 3.24052 3.24211 3.24386 3.24578 3.24787 3.25013 3.25258 3.2552 3.258 3.26098 3.26413 3.26743 3.27088 3.27446 3.27816 3.28195 3.28582 3.28973 3.29366 3.29759 3.30148 3.3053 3.30903 3.31263 3.31607 3.31933 3.32237 3.32517 3.3277 3.32995 3.33188 3.33349 3.33476 3.33568 3.33623 3.33642 3.33624 3.33569 3.33479 3.33354 3.33194 3.33003 3.3278 3.3253 3.32253 3.31952 3.31631 3.31291 3.30936 3.30569 3.30193 3.29811 3.29425 3.2904 3.28656 3.28278 3.27907 3.27545 3.27196 3.2686 3.26538 3.26233 3.25945 3.25675 3.25424 3.25191 3.24977 3.24781 3.24604 3.24445 3.24303 3.24177 3.24067 3.23972 3.23891 3.23822 3.23766 3.23721 3.23686 3.2366 3.23643 3.23633 3.23631 3.23636 3.23646 
3.22994 3.23017 3.23045 3.23081 3.23124 3.23173 3.2323 3.23296 3.23371 3.23455 3.2355 3.23657 3.23778 3.23912 3.24061 3.24226 3.24409 3.2461 3.2483 3.2507 3.25329 3.2561 3.2591 3.26231 3.26572 3.26931 3.27308 3.27702 3.2811 3.28531 3.28962 3.294 3.29844 3.3029 3.30734 3.31174 3.31606 3.32026 3.32432 3.3282 3.33187 3.33529 3.33844 3.34128 3.3438 3.34597 3.34777 3.34919 3.35021 3.35083 3.35103 3.35082 3.3502 3.34918 3.34777 3.34597 3.34381 3.3413 3.33848 3.33535 3.33196 3.32834 3.3245 3.32049 3.31635 3.31209 3.30776 3.30339 3.29902 3.29467 3.29037 3.28615 3.28204 3.27805 3.27422 3.27055 3.26706 3.26377 3.26067 3.25778 3.2551 3.25264 3.25038 3.24833 3.24648 3.24483 3.24336 3.24207 3.24095 3.23999 3.23917 3.23849 3.23794 3.2375 3.23717 3.23694 3.2368 3.23674 3.23675 3.23684 
3.23033 3.23056 3.23086 3.23124 3.2317 3.23225 3.23289 3.23362 3.23446 3.23541 3.23649 3.23771 3.23908 3.24061 3.24232 3.24421 3.2463 3.2486 3.25111 3.25385 3.25682 3.26002 3.26345 3.26711 3.27099 3.27508 3.27937 3.28383 3.28846 3.29323 3.29811 3.30307 3.30808 3.3131 3.31811 3.32306 3.32792 3.33264 3.3372 3.34155 3.34566 3.34949 3.35301 3.35619 3.35901 3.36143 3.36344 3.36502 3.36615 3.36683 3.36705 3.36681 3.36612 3.36497 3.36338 3.36136 3.35894 3.35612 3.35295 3.34945 3.34564 3.34157 3.33726 3.33275 3.32808 3.32329 3.31841 3.31348 3.30854 3.30363 3.29877 3.29399 3.28933 3.28481 3.28045 3.27628 3.27231 3.26855 3.26502 3.26172 3.25865 3.25582 3.25323 3.25087 3.24874 3.24683 3.24513 3.24363 3.24231 3.24118 3.24022 3.23941 3.23874 3.23821 3.23779 3.23749 3.2373 3.23719 3.23718 3.23725 
3.23075 3.23098 3.2313 3.23171 3.23221 3.23281 3.23352 3.23434 3.23528 3.23636 3.23758 3.23896 3.24052 3.24226 3.24421 3.24636 3.24875 3.25137 3.25424 3.25736 3.26073 3.26437 3.26827 3.27242 3.27682 3.28145 3.2863 3.29135 3.29658 3.30195 3.30745 3.31303 3.31866 3.3243 3.32992 3.33547 3.3409 3.34619 3.35128 3.35614 3.36072 3.36499 3.36891 3.37245 3.37558 3.37827 3.3805 3.38225 3.38351 3.38426 3.3845 3.38422 3.38344 3.38215 3.38038 3.37813 3.37542 3.37228 3.36874 3.36483 3.36057 3.35602 3.3512 3.34615 3.34092 3.33555 3.33008 3.32454 3.31899 3.31346 3.30799 3.30261 3.29735 3.29225 3.28732 3.2826 3.2781 3.27384 3.26982 3.26607 3.26258 3.25935 3.25639 3.25368 3.25124 3.24904 3.24707 3.24534 3.24382 3.2425 3.24137 3.24041 3.23962 3.23898 3.23847 3.23809 3.23783 3.23768 3.23763 3.23768 
3.23121 3.23144 3.23177 3.23221 3.23276 3.23342 3.23421 3.23513 3.23619 3.2374 3.23878 3.24035 3.24211 3.24409 3.2463 3.24875 3.25145 3.25443 3.25768 3.26122 3.26505 3.26917 3.27357 3.27826 3.28323 3.28845 3.29391 3.29959 3.30546 3.3115 3.31766 3.32391 3.3302 3.33651 3.34278 3.34897 3.35502 3.36091 3.36657 3.37196 3.37705 3.38179 3.38613 3.39005 3.39351 3.39649 3.39895 3.40088 3.40227 3.40309 3.40335 3.40304 3.40217 3.40074 3.39876 3.39626 3.39325 3.38977 3.38584 3.38149 3.37676 3.37169 3.36632 3.3607 3.35487 3.34888 3.34277 3.33659 3.33038 3.32419 3.31806 3.31202 3.30612 3.30038 3.29484 3.28953 3.28445 3.27964 3.2751 3.27085 3.26689 3.26322 3.25985 3.25678 3.25398 3.25147 3.24922 3.24722 3.24547 3.24394 3.24263 3.24151 3.24058 3.23981 3.23921 3.23874 3.23841 3.23821 3.23812 3.23814 
3.23169 3.23193 3.23228 3.23276 3.23336 3.23409 3.23496 3.23599 3.23717 3.23854 3.2401 3.24187 3.24386 3.2461 3.2486 3.25137 3.25443 3.25779 3.26147 3.26546 3.26978 3.27442 3.27938 3.28465 3.29023 3.29609 3.30221 3.30857 3.31514 3.32187 3.32875 3.33571 3.34272 3.34973 3.3567 3.36356 3.37028 3.37679 3.38306 3.38902 3.39464 3.39986 3.40466 3.40898 3.41279 3.41606 3.41877 3.42089 3.42241 3.42331 3.42359 3.42324 3.42227 3.42069 3.41851 3.41574 3.41242 3.40857 3.40422 3.39942 3.39418 3.38857 3.38263 3.3764 3.36994 3.36329 3.3565 3.34963 3.34272 3.33582 3.32898 3.32224 3.31565 3.30923 3.30303 3.29707 3.29137 3.28596 3.28086 3.27607 3.2716 3.26746 3.26365 3.26016 3.25699 3.25413 3.25156 3.24928 3.24727 3.24552 3.244 3.24271 3.24162 3.24072 3.24 3.23945 3.23904 3.23878 3.23865 3.23864 
3.23221 3.23245 3.23283 3.23334 3.234 3.23481 3.23578 3.23692 3.23826 3.23979 3.24154 3.24353 3.24578 3.2483 3.25111 3.25424 3.25768 3.26147 3.2656 3.27008 3.27493 3.28014 3.2857 3.2916 3.29783 3.30437 3.3112 3.31829 3.32559 3.33308 3.34071 3.34844 3.3562 3.36396 3.37166 3.37924 3.38665 3.39382 3.40072 3.40728 3.41346 3.4192 3.42446 3.42919 3.43337 3.43696 3.43992 3.44224 3.4439 3.44488 3.44518 3.44479 3.44372 3.44198 3.43958 3.43654 3.43289 3.42866 3.42388 3.41859 3.41283 3.40665 3.4001 3.39323 3.3861 3.37875 3.37125 3.36364 3.35599 3.34835 3.34076 3.33327 3.32594 3.3188 3.31188 3.30523 3.29887 3.29282 3.2871 3.28173 3.27672 3.27207 3.26777 3.26384 3.26026 3.25702 3.25412 3.25153 3.24924 3.24723 3.2455 3.24401 3.24275 3.24171 3.24087 3.24021 3.23972 3.23939 3.23921 3.23918 
3.23277 3.23302 3.23342 3.23398 3.2347 3.23559 3.23667 3.23794 3.23943 3.24115 3.24311 3.24535 3.24787 3.2507 3.25385 3.25736 3.26122 3.26546 3.27008 3.2751 3.28052 3.28633 3.29253 3.2991 3.30604 3.31331 3.32089 3.32875 3.33684 3.34512 3.35355 3.36207 3.37063 3.37918 3.38764 3.39597 3.4041 3.41197 3.41953 3.42671 3.43347 3.43974 3.44548 3.45065 3.45521 3.45911 3.46234 3.46486 3.46666 3.46773 3.46804 3.46761 3.46644 3.46454 3.46191 3.45859 3.4546 3.44998 3.44475 3.43896 3.43265 3.42588 3.4187 3.41116 3.40333 3.39525 3.387 3.37863 3.3702 3.36176 3.35338 3.34511 3.33699 3.32908 3.32141 3.31402 3.30695 3.30022 3.29385 3.28786 3.28226 3.27705 3.27224 3.26783 3.26381 3.26017 3.25689 3.25396 3.25137 3.2491 3.24712 3.24542 3.24398 3.24278 3.2418 3.24103 3.24045 3.24005 3.23982 3.23976 
3.23338 3.23363 3.23406 3.23466 3.23545 3.23644 3.23763 3.23905 3.24071 3.24262 3.24482 3.24731 3.25013 3.25329 3.25682 3.26073 3.26505 3.26978 3.27493 3.28052 3.28654 3.293 3.29988 3.30717 3.31485 3.32289 3.33127 3.33993 3.34885 3.35797 3.36724 3.3766 3.38599 3.39535 3.40462 3.41372 3.4226 3.43119 3.43943 3.44725 3.4546 3.46142 3.46766 3.47328 3.47822 3.48246 3.48595 3.48868 3.49063 3.49178 3.49212 3.49165 3.49037 3.4883 3.48544 3.48183 3.47749 3.47246 3.46677 3.46046 3.45359 3.44621 3.43838 3.43015 3.42159 3.41276 3.40372 3.39455 3.3853 3.37604 3.36683 3.35772 3.34878 3.34006 3.33159 3.32343 3.31561 3.30815 3.30109 3.29443 3.28821 3.28241 3.27705 3.27213 3.26763 3.26355 3.25988 3.25659 3.25367 3.25111 3.24887 3.24694 3.2453 3.24393 3.24281 3.24191 3.24124 3.24076 3.24048 3.24038 
3.23402 3.23428 3.23474 3.2354 3.23626 3.23735 3.23867 3.24024 3.24208 3.24421 3.24666 3.24944 3.25258 3.2561 3.26002 3.26437 3.26917 3.27442 3.28014 3.28633 3.293 3.30014 3.30774 3.31579 3.32425 3.3331 3.34231 3.35183 3.36161 3.3716 3.38174 3.39197 3.40222 3.41243 3.42253 3.43244 3.44209 3.45142 3.46036 3.46883 3.47679 3.48417 3.49092 3.49699 3.50232 3.5069 3.51067 3.51361 3.51571 3.51694 3.5173 3.51679 3.5154 3.51316 3.51007 3.50617 3.50147 3.49602 3.48986 3.48303 3.47558 3.46758 3.45907 3.45013 3.44082 3.43121 3.42137 3.41136 3.40126 3.39114 3.38107 3.3711 3.3613 3.35173 3.34243 3.33345 3.32483 3.31661 3.30881 3.30146 3.29457 3.28815 3.28221 3.27674 3.27174 3.26719 3.26309 3.25942 3.25615 3.25327 3.25075 3.24858 3.24672 3.24517 3.24389 3.24286 3.24208 3.24152 3.24118 3.24104 
3.23472 3.23498 3.23547 3.23619 3.23714 3.23833 3.23979 3.24153 3.24357 3.24593 3.24864 3.25172 3.2552 3.2591 3.26345 3.26827 3.27357 3.27938 3.2857 3.29253 3.29988 3.30774 3.3161 3.32494 3.33422 3.34392 3.354 3.3644 3.37508 3.38598 3.39702 3.40815 3.41929 3.43037 3.44131 3.45204 3.46249 3.47257 3.48222 3.49137 3.49995 3.50789 3.51516 3.52168 3.52741 3.53232 3.53637 3.53953 3.54178 3.5431 3.54348 3.54292 3.54143 3.53902 3.5357 3.53149 3.52644 3.52057 3.51393 3.50656 3.49853 3.48989 3.4807 3.47103 3.46096 3.45055 3.43987 3.42901 3.41804 3.40704 3.39607 3.3852 3.37451 3.36405 3.35388 3.34405 3.3346 3.32558 3.31701 3.30893 3.30134 3.29426 3.2877 3.28165 3.27611 3.27107 3.26652 3.26243 3.2588 3.25558 3.25277 3.25033 3.24825 3.24649 3.24504 3.24388 3.24298 3.24234 3.24193 3.24176 
3.23546 3.23573 3.23626 3.23703 3.23807 3.23938 3.24099 3.2429 3.24515 3.24776 3.25075 3.25416 3.258 3.26231 3.26711 3.27242 3.27826 3.28465 3.2916 3.2991 3.30717 3.31579 3.32494 3.3346 3.34474 3.35532 3.3663 3.37762 3.38922 3.40105 3.41302 3.42507 3.43712 3.44909 3.4609 3.47247 3.48371 3.49456 3.50493 3.51475 3.52395 3.53247 3.54025 3.54723 3.55337 3.55862 3.56294 3.56632 3.56871 3.57012 3.57052 3.56992 3.56833 3.56574 3.56218 3.55768 3.55227 3.54598 3.53886 3.53096 3.52234 3.51305 3.50317 3.49277 3.48191 3.47069 3.45917 3.44744 3.43557 3.42366 3.41177 3.39998 3.38836 3.37699 3.36592 3.3552 3.34489 3.33504 3.32567 3.31681 3.30849 3.30072 3.29351 3.28686 3.28075 3.2752 3.27017 3.26564 3.26161 3.25804 3.25492 3.2522 3.24987 3.24791 3.24628 3.24496 3.24395 3.24321 3.24274 3.24252 
3.23625 3.23653 3.23709 3.23793 3.23907 3.2405 3.24226 3.24437 3.24684 3.24971 3.25301 3.25675 3.26098 3.26572 3.27099 3.27682 3.28323 3.29023 3.29783 3.30604 3.31485 3.32425 3.33422 3.34474 3.35576 3.36725 3.37916 3.39142 3.40397 3.41675 3.42967 3.44266 3.45564 3.46851 3.4812 3.49361 3.50566 3.51728 3.52837 3.53887 3.5487 3.55779 3.56608 3.57352 3.58005 3.58564 3.59024 3.59382 3.59637 3.59786 3.59829 3.59765 3.59595 3.59319 3.5894 3.58461 3.57884 3.57213 3.56453 3.5561 3.54688 3.53695 3.52638 3.51523 3.5036 3.49155 3.47917 3.46655 3.45378 3.44094 3.42811 3.41537 3.40281 3.3905 3.3785 3.36687 3.35567 3.34496 3.33475 3.3251 3.31602 3.30753 3.29964 3.29235 3.28566 3.27955 3.27402 3.26904 3.26459 3.26065 3.25719 3.25418 3.25159 3.24941 3.24759 3.24612 3.24497 3.24413 3.24359 3.24333 
3.23708 3.23738 3.23798 3.23889 3.24012 3.24169 3.24362 3.24592 3.24863 3.25178 3.25539 3.25949 3.26413 3.26931 3.27508 3.28145 3.28845 3.29609 3.30437 3.31331 3.32289 3.3331 3.34392 3.35532 3.36725 3.37967 3.39253 3.40575 3.41928 3.43302 3.44691 3.46085 3.47475 3.48854 3.5021 3.51536 3.52823 3.54061 3.55243 3.56359 3.57404 3.5837 3.5925 3.60039 3.60732 3.61323 3.61811 3.6219 3.6246 3.62617 3.62662 3.62594 3.62414 3.62122 3.6172 3.61211 3.60599 3.59887 3.5908 3.58184 3.57204 3.56147 3.5502 3.53832 3.52589 3.51302 3.49978 3.48627 3.47258 3.4588 3.44502 3.43132 3.4178 3.40453 3.39157 3.37901 3.3669 3.35529 3.34423 3.33376 3.32389 3.31465 3.30606 3.29811 3.2908 3.28413 3.27807 3.27261 3.26773 3.2634 3.25959 3.25627 3.25341 3.25099 3.24897 3.24733 3.24605 3.24511 3.24449 3.24419 
3.23796 3.23827 3.23892 3.2399 3.24124 3.24295 3.24505 3.24756 3.25052 3.25396 3.2579 3.26238 3.26743 3.27308 3.27937 3.2863 3.29391 3.30221 3.3112 3.32089 3.33127 3.34231 3.354 3.3663 3.37916 3.39253 3.40635 3.42055 3.43505 3.44978 3.46463 3.47953 3.49437 3.50906 3.52351 3.53762 3.55128 3.56443 3.57696 3.58879 3.59985 3.61006 3.61936 3.62769 3.635 3.64125 3.64638 3.65038 3.65322 3.65488 3.65536 3.65464 3.65273 3.64965 3.64541 3.64005 3.63358 3.62606 3.61753 3.60804 3.59766 3.58646 3.57451 3.56189 3.54869 3.53499 3.5209 3.50649 3.49188 3.47716 3.46242 3.44775 3.43325 3.419 3.40508 3.39157 3.37853 3.36601 3.35407 3.34275 3.33207 3.32206 3.31274 3.30411 3.29617 3.2889 3.28231 3.27635 3.27102 3.26628 3.26211 3.25846 3.25532 3.25265 3.25043 3.24862 3.24719 3.24614 3.24545 3.24509 
3.23889 3.23921 3.2399 3.24096 3.24241 3.24427 3.24655 3.24928 3.2525 3.25624 3.26052 3.26539 3.27088 3.27702 3.28383 3.29135 3.29959 3.30857 3.31829 3.32875 3.33993 3.35183 3.3644 3.37762 3.39142 3.40575 3.42055 3.43573 3.45122 3.46693 3.48276 3.49861 3.51438 3.52998 3.5453 3.56024 3.5747 3.58859 3.60182 3.6143 3.62596 3.63671 3.6465 3.65526 3.66295 3.66951 3.6749 3.6791 3.68208 3.68382 3.68432 3.68356 3.68156 3.67833 3.67388 3.66824 3.66144 3.65353 3.64455 3.63455 3.62361 3.61179 3.59917 3.58583 3.57186 3.55735 3.5424 3.52711 3.51158 3.49591 3.48021 3.46457 3.44909 3.43386 3.41896 3.40449 3.3905 3.37706 3.36422 3.35203 3.34053 3.32974 3.31967 3.31034 3.30174 3.29387 3.28671 3.28024 3.27444 3.26928 3.26473 3.26075 3.25732 3.25439 3.25195 3.24996 3.24839 3.24722 3.24645 3.24604 
3.23986 3.2402 3.24093 3.24207 3.24364 3.24564 3.24811 3.25108 3.25457 3.25861 3.26325 3.26853 3.27446 3.2811 3.28846 3.29658 3.30546 3.31514 3.32559 3.33684 3.34885 3.36161 3.37508 3.38922 3.40397 3.41928 3.43505 3.45122 3.4677 3.48438 3.50118 3.51798 3.53467 3.55117 3.56734 3.5831 3.59834 3.61296 3.62688 3.63999 3.65222 3.6635 3.67376 3.68294 3.69098 3.69784 3.70348 3.70787 3.71099 3.71281 3.71333 3.71254 3.71045 3.70707 3.70242 3.69652 3.6894 3.68111 3.6717 3.66122 3.64973 3.63731 3.62404 3.60999 3.59527 3.57996 3.56417 3.548 3.53156 3.51496 3.4983 3.48169 3.46523 3.44901 3.43314 3.41769 3.40275 3.38837 3.37463 3.36157 3.34922 3.33763 3.3268 3.31675 3.30749 3.29899 3.29126 3.28427 3.27799 3.27239 3.26745 3.26313 3.25939 3.2562 3.25353 3.25135 3.24963 3.24835 3.24749 3.24703 
3.24087 3.24122 3.242 3.24323 3.24491 3.24707 3.24974 3.25294 3.2567 3.26107 3.26608 3.27176 3.27816 3.28531 3.29323 3.30195 3.3115 3.32187 3.33308 3.34512 3.35797 3.3716 3.38598 3.40105 3.41675 3.43302 3.44978 3.46693 3.48438 3.50204 3.51979 3.53752 3.55513 3.57249 3.58951 3.60607 3.62206 3.63739 3.65196 3.66569 3.67848 3.69026 3.70097 3.71054 3.71893 3.72608 3.73196 3.73653 3.73977 3.74167 3.74221 3.74139 3.73922 3.7357 3.73086 3.72471 3.7173 3.70865 3.69883 3.68788 3.67587 3.66287 3.64896 3.63423 3.61878 3.60269 3.58608 3.56905 3.55172 3.5342 3.51659 3.49901 3.48158 3.46438 3.44753 3.43111 3.41521 3.3999 3.38524 3.3713 3.35811 3.3457 3.3341 3.32333 3.31338 3.30426 3.29594 3.28841 3.28164 3.2756 3.27026 3.26558 3.26153 3.25807 3.25517 3.2528 3.25092 3.24952 3.24857 3.24806 
3.24191 3.24228 3.24311 3.24442 3.24623 3.24855 3.25142 3.25486 3.2589 3.2636 3.26898 3.27509 3.28195 3.28962 3.29811 3.30745 3.31766 3.32875 3.34071 3.35355 3.36724 3.38174 3.39702 3.41302 3.42967 3.44691 3.46463 3.48276 3.50118 3.51979 3.53847 3.55712 3.57561 3.59383 3.61166 3.629 3.64572 3.66173 3.67694 3.69124 3.70457 3.71683 3.72797 3.73792 3.74662 3.75405 3.76015 3.76489 3.76826 3.77023 3.77079 3.76995 3.7677 3.76405 3.75903 3.75265 3.74495 3.73597 3.72576 3.71436 3.70185 3.6883 3.67379 3.65841 3.64224 3.62541 3.608 3.59013 3.57193 3.5535 3.53496 3.51644 3.49804 3.47988 3.46206 3.44467 3.42782 3.41157 3.396 3.38117 3.36713 3.35391 3.34154 3.33003 3.3194 3.30963 3.30072 3.29264 3.28537 3.27888 3.27313 3.2681 3.26373 3.26 3.25686 3.25429 3.25225 3.25073 3.24969 3.24913 
3.24298 3.24336 3.24425 3.24565 3.24758 3.25007 3.25313 3.25682 3.26116 3.26618 3.27194 3.27848 3.28582 3.294 3.30307 3.31303 3.32391 3.33571 3.34844 3.36207 3.3766 3.39197 3.40815 3.42507 3.44266 3.46085 3.47953 3.49861 3.51798 3.53752 3.55712 3.57666 3.59601 3.61505 3.63367 3.65175 3.66917 3.68583 3.70164 3.7165 3.73033 3.74304 3.75458 3.76488 3.7739 3.78158 3.78788 3.79279 3.79627 3.79831 3.7989 3.79803 3.79571 3.79195 3.78676 3.78017 3.77221 3.76291 3.75233 3.74052 3.72754 3.71347 3.69838 3.68237 3.66553 3.64797 3.62979 3.61112 3.59206 3.57276 3.55331 3.53386 3.51452 3.4954 3.47663 3.45829 3.44049 3.42331 3.40684 3.39113 3.37623 3.3622 3.34905 3.33681 3.32549 3.31508 3.30557 3.29694 3.28917 3.28222 3.27606 3.27066 3.26597 3.26196 3.25858 3.25581 3.25361 3.25196 3.25084 3.25022 
3.24407 3.24447 3.24541 3.2469 3.24896 3.25161 3.25489 3.25882 3.26345 3.26881 3.27495 3.28191 3.28973 3.29844 3.30808 3.31866 3.3302 3.34272 3.3562 3.37063 3.38599 3.40222 3.41929 3.43712 3.45564 3.47475 3.49437 3.51438 3.53467 3.55513 3.57561 3.59601 3.61619 3.63602 3.65539 3.67418 3.69227 3.70955 3.72593 3.74131 3.7556 3.76874 3.78066 3.79129 3.80058 3.8085 3.815 3.82006 3.82365 3.82575 3.82636 3.82548 3.82309 3.81923 3.81389 3.8071 3.7989 3.78931 3.77839 3.76619 3.75277 3.7382 3.72257 3.70597 3.68849 3.67023 3.65132 3.63187 3.612 3.59185 3.57153 3.55117 3.53091 3.51086 3.49115 3.47188 3.45315 3.43506 3.41769 3.4011 3.38537 3.37052 3.3566 3.34363 3.33162 3.32057 3.31046 3.30128 3.293 3.2856 3.27903 3.27326 3.26824 3.26395 3.26033 3.25736 3.255 3.25322 3.25201 3.25134 
3.24517 3.24559 3.24659 3.24817 3.25036 3.25317 3.25666 3.26084 3.26576 3.27146 3.27798 3.28537 3.29366 3.3029 3.3131 3.3243 3.33651 3.34973 3.36396 3.37918 3.39535 3.41243 3.43037 3.44909 3.46851 3.48854 3.50906 3.52998 3.55117 3.57249 3.59383 3.61505 3.63602 3.65661 3.6767 3.69616 3.71487 3.73274 3.74965 3.76551 3.78025 3.79378 3.80605 3.81698 3.82654 3.83467 3.84135 3.84654 3.85023 3.8524 3.85303 3.85213 3.84969 3.84573 3.84026 3.83329 3.82487 3.81502 3.80378 3.79122 3.77739 3.76237 3.74623 3.72907 3.71098 3.69208 3.67246 3.65227 3.63162 3.61065 3.58949 3.56826 3.54711 3.52616 3.50553 3.48535 3.46571 3.44673 3.42847 3.41103 3.39447 3.37882 3.36414 3.35045 3.33775 3.32606 3.31536 3.30563 3.29685 3.28899 3.28201 3.27587 3.27053 3.26596 3.2621 3.25892 3.2564 3.25449 3.25319 3.25247 
3.24629 3.24673 3.24777 3.24944 3.25176 3.25475 3.25843 3.26286 3.26807 3.27411 3.28101 3.28882 3.29759 3.30734 3.31811 3.32992 3.34278 3.3567 3.37166 3.38764 3.40462 3.42253 3.44131 3.4609 3.4812 3.5021 3.52351 3.5453 3.56734 3.58951 3.61166 3.63367 3.65539 3.6767 3.69746 3.71755 3.73685 3.75526 3.77266 3.78898 3.80412 3.81802 3.8306 3.84181 3.85161 3.85994 3.86678 3.8721 3.87588 3.8781 3.87876 3.87784 3.87536 3.87131 3.86572 3.8586 3.84997 3.83988 3.82837 3.81548 3.80127 3.78583 3.76922 3.75153 3.73288 3.71336 3.69309 3.67219 3.6508 3.62905 3.60708 3.58502 3.56301 3.54119 3.51968 3.49861 3.4781 3.45824 3.43913 3.42085 3.40347 3.38705 3.37162 3.35721 3.34385 3.33152 3.32024 3.30997 3.30069 3.29238 3.28499 3.27848 3.27283 3.26797 3.26387 3.26049 3.2578 3.25577 3.25438 3.2536 
3.2474 3.24786 3.24896 3.25072 3.25316 3.25631 3.26021 3.26488 3.27038 3.27674 3.28402 3.29225 3.30148 3.31174 3.32306 3.33547 3.34897 3.36356 3.37924 3.39597 3.41372 3.43244 3.45204 3.47247 3.49361 3.51536 3.53762 3.56024 3.5831 3.60607 3.629 3.65175 3.67418 3.69616 3.71755 3.73823 3.75808 3.77699 3.79485 3.81158 3.8271 3.84132 3.85419 3.86566 3.87566 3.88418 3.89116 3.8966 3.90046 3.90273 3.90341 3.90249 3.89996 3.89585 3.89015 3.88288 3.87408 3.86378 3.852 3.83882 3.82427 3.80844 3.7914 3.77323 3.75405 3.73396 3.71307 3.69151 3.66942 3.64694 3.62419 3.60134 3.57851 3.55586 3.5335 3.51159 3.49022 3.46952 3.44958 3.43049 3.41232 3.39514 3.37898 3.36388 3.34986 3.33692 3.32505 3.31425 3.30449 3.29573 3.28794 3.28108 3.2751 3.26996 3.26563 3.26205 3.25921 3.25705 3.25557 3.25474 
3.24851 3.24898 3.25013 3.25198 3.25455 3.25786 3.26196 3.26687 3.27265 3.27934 3.28698 3.29562 3.3053 3.31606 3.32792 3.3409 3.35502 3.37028 3.38665 3.4041 3.4226 3.44209 3.46249 3.48371 3.50566 3.52823 3.55128 3.5747 3.59834 3.62206 3.64572 3.66917 3.69227 3.71487 3.73685 3.75808 3.77843 3.7978 3.81608 3.83319 3.84904 3.86357 3.8767 3.88839 3.89859 3.90726 3.91438 3.91991 3.92385 3.92617 3.92687 3.92594 3.92338 3.9192 3.91341 3.90603 3.89708 3.88658 3.87458 3.86112 3.84627 3.83008 3.81265 3.79404 3.77437 3.75375 3.73229 3.71012 3.68737 3.66419 3.64073 3.61712 3.59352 3.57007 3.54691 3.52418 3.502 3.48049 3.45975 3.43988 3.42095 3.40303 3.38617 3.3704 3.35574 3.3422 3.32977 3.31846 3.30822 3.29902 3.29084 3.28363 3.27734 3.27193 3.26737 3.2636 3.26059 3.25831 3.25674 3.25586 
3.24959 3.25008 3.25129 3.25322 3.25591 3.25938 3.26367 3.26882 3.27487 3.28187 3.28987 3.29891 3.30903 3.32026 3.33264 3.34619 3.36091 3.37679 3.39382 3.41197 3.43119 3.45142 3.47257 3.49456 3.51728 3.54061 3.56443 3.58859 3.61296 3.63739 3.66173 3.68583 3.70955 3.73274 3.75526 3.77699 3.7978 3.81759 3.83626 3.8537 3.86986 3.88465 3.89801 3.9099 3.92027 3.92908 3.93632 3.94194 3.94594 3.94831 3.94903 3.94809 3.94551 3.94128 3.93542 3.92793 3.91884 3.90818 3.89597 3.88228 3.86715 3.85065 3.83286 3.81385 3.79374 3.77263 3.75064 3.72789 3.70454 3.68072 3.65657 3.63226 3.60793 3.58373 3.55981 3.5363 3.51335 3.49107 3.46958 3.44896 3.4293 3.41068 3.39313 3.37671 3.36144 3.34733 3.33436 3.32255 3.31185 3.30223 3.29367 3.28612 3.27953 3.27386 3.26907 3.26511 3.26195 3.25955 3.2579 3.25697 
3.25065 3.25116 3.25241 3.25443 3.25724 3.26086 3.26534 3.27072 3.27703 3.28433 3.29267 3.30209 3.31263 3.32432 3.3372 3.35128 3.36657 3.38306 3.40072 3.41953 3.43943 3.46036 3.48222 3.50493 3.52837 3.55243 3.57696 3.60182 3.62688 3.65196 3.67694 3.70164 3.72593 3.74965 3.77266 3.79485 3.81608 3.83626 3.85526 3.87302 3.88944 3.90447 3.91804 3.9301 3.94062 3.94956 3.95689 3.96259 3.96665 3.96906 3.9698 3.96886 3.96626 3.96199 3.95606 3.94848 3.93928 3.92847 3.9161 3.90219 3.88682 3.87004 3.85192 3.83256 3.81204 3.79048 3.76801 3.74474 3.72083 3.6964 3.67163 3.64666 3.62165 3.59675 3.57211 3.54788 3.5242 3.5012 3.47898 3.45765 3.43731 3.41801 3.39982 3.38279 3.36693 3.35226 3.33879 3.32649 3.31535 3.30533 3.2964 3.28852 3.28165 3.27572 3.27071 3.26657 3.26327 3.26076 3.25902 3.25804 
3.25167 3.25219 3.2535 3.2556 3.25852 3.26229 3.26695 3.27253 3.2791 3.28669 3.29535 3.30513 3.31607 3.3282 3.34155 3.35614 3.37196 3.38902 3.40728 3.42671 3.44725 3.46883 3.49137 3.51475 3.53887 3.56359 3.58879 3.6143 3.63999 3.66569 3.69124 3.7165 3.74131 3.76551 3.78898 3.81158 3.83319 3.8537 3.87302 3.89104 3.90771 3.92294 3.93669 3.9489 3.95955 3.9686 3.97602 3.98179 3.9859 3.98834 3.9891 3.98817 3.98555 3.98125 3.97526 3.96761 3.95831 3.94738 3.93485 3.92077 3.90518 3.88815 3.86975 3.85006 3.82918 3.80723 3.78431 3.76057 3.73614 3.71117 3.68581 3.66023 3.63459 3.60904 3.58374 3.55883 3.53447 3.51079 3.4879 3.46591 3.44491 3.42498 3.40619 3.38857 3.37216 3.35697 3.34301 3.33026 3.3187 3.3083 3.29902 3.29083 3.28368 3.27751 3.2723 3.26798 3.26454 3.26192 3.26011 3.25908 
3.25264 3.25318 3.25453 3.25671 3.25973 3.26364 3.26847 3.27426 3.28107 3.28893 3.29789 3.30801 3.31933 3.33187 3.34566 3.36072 3.37705 3.39464 3.41346 3.43347 3.4546 3.47679 3.49995 3.52395 3.5487 3.57404 3.59985 3.62596 3.65222 3.67848 3.70457 3.73033 3.7556 3.78025 3.80412 3.8271 3.84904 3.86986 3.88944 3.90771 3.92458 3.93999 3.9539 3.96624 3.977 3.98614 3.99364 3.99947 4.00362 4.00609 4.00687 4.00594 4.00331 3.99898 3.99296 3.98525 3.97587 3.96483 3.95218 3.93794 3.92216 3.90492 3.88626 3.86629 3.84509 3.82277 3.79946 3.77528 3.75038 3.72492 3.69903 3.6729 3.64667 3.62053 3.59461 3.56908 3.5441 3.51978 3.49626 3.47365 3.45205 3.43154 3.41218 3.39402 3.37709 3.36141 3.34699 3.33381 3.32186 3.3111 3.3015 3.29302 3.2856 3.27921 3.2738 3.26932 3.26574 3.26302 3.26114 3.26007 
3.25355 3.25411 3.2555 3.25775 3.26088 3.26491 3.2699 3.27588 3.28291 3.29102 3.30027 3.31071 3.32237 3.33529 3.34949 3.36499 3.38179 3.39986 3.4192 3.43974 3.46142 3.48417 3.50789 3.53247 3.55779 3.5837 3.61006 3.63671 3.6635 3.69026 3.71683 3.74304 3.76874 3.79378 3.81802 3.84132 3.86357 3.88465 3.90447 3.92294 3.93999 3.95556 3.9696 3.98206 3.99292 4.00213 4.00969 4.01557 4.01977 4.02226 4.02305 4.02213 4.0195 4.01515 4.00909 4.00133 3.99188 3.98076 3.968 3.95363 3.93769 3.92025 3.90138 3.88115 3.85967 3.83703 3.81337 3.78881 3.76349 3.73757 3.71121 3.68458 3.65783 3.63113 3.60466 3.57856 3.553 3.52811 3.50402 3.48084 3.45868 3.43763 3.41774 3.39908 3.38168 3.36555 3.3507 3.33713 3.32481 3.31372 3.30382 3.29506 3.2874 3.2808 3.27521 3.27058 3.26688 3.26406 3.26211 3.261 
3.2544 3.25497 3.2564 3.25872 3.26194 3.26609 3.27123 3.27738 3.28461 3.29295 3.30247 3.31319 3.32517 3.33844 3.35301 3.36891 3.38613 3.40466 3.42446 3.44548 3.46766 3.49092 3.51516 3.54025 3.56608 3.5925 3.61936 3.6465 3.67376 3.70097 3.72797 3.75458 3.78066 3.80605 3.8306 3.85419 3.8767 3.89801 3.91804 3.93669 3.9539 3.9696 3.98375 3.99631 4.00724 4.01652 4.02413 4.03006 4.03429 4.03681 4.03761 4.0367 4.03406 4.0297 4.02361 4.01581 4.00631 3.99512 3.98226 3.96778 3.95171 3.93411 3.91505 3.8946 3.87287 3.84995 3.82598 3.80107 3.77539 3.74907 3.72228 3.6952 3.66798 3.64079 3.61382 3.58721 3.56113 3.53571 3.5111 3.48741 3.46475 3.44321 3.42285 3.40373 3.38589 3.36935 3.35411 3.34018 3.32753 3.31613 3.30595 3.29694 3.28907 3.28227 3.27651 3.27174 3.26793 3.26502 3.26301 3.26187 
3.25518 3.25576 3.25723 3.2596 3.2629 3.26717 3.27243 3.27874 3.28615 3.29471 3.30445 3.31544 3.3277 3.34128 3.35619 3.37245 3.39005 3.40898 3.42919 3.45065 3.47328 3.49699 3.52168 3.54723 3.57352 3.60039 3.62769 3.65526 3.68294 3.71054 3.73792 3.76488 3.79129 3.81698 3.84181 3.86566 3.88839 3.9099 3.9301 3.9489 3.96624 3.98206 3.99631 4.00895 4.01995 4.02928 4.03694 4.0429 4.04715 4.04969 4.05051 4.0496 4.04696 4.04259 4.03649 4.02866 4.01911 4.00786 3.99493 3.98036 3.96417 3.94644 3.92721 3.90658 3.88463 3.86147 3.83722 3.81202 3.78601 3.75934 3.73218 3.7047 3.67706 3.64945 3.62203 3.59496 3.56842 3.54254 3.51747 3.49332 3.47021 3.44822 3.42744 3.40791 3.38968 3.37277 3.35719 3.34294 3.32998 3.31831 3.30788 3.29865 3.29058 3.28361 3.2777 3.2728 3.26888 3.2659 3.26383 3.26265 
3.25587 3.25646 3.25797 3.26039 3.26376 3.26812 3.27351 3.27996 3.28753 3.29626 3.30622 3.31743 3.32995 3.3438 3.35901 3.37558 3.39351 3.41279 3.43337 3.45521 3.47822 3.50232 3.52741 3.55337 3.58005 3.60732 3.635 3.66295 3.69098 3.71893 3.74662 3.7739 3.80058 3.82654 3.85161 3.87566 3.89859 3.92027 3.94062 3.95955 3.977 3.99292 4.00724 4.01995 4.031 4.04038 4.04808 4.05407 4.05834 4.0609 4.06173 4.06083 4.05819 4.05381 4.04769 4.03984 4.03026 4.01896 4.00597 3.99132 3.97504 3.95718 3.93782 3.91703 3.8949 3.87153 3.84705 3.82159 3.7953 3.76833 3.74085 3.71302 3.68503 3.65704 3.62923 3.60177 3.57483 3.54855 3.52307 3.49852 3.47502 3.45265 3.43149 3.41161 3.39303 3.3758 3.35992 3.34537 3.33216 3.32025 3.3096 3.30017 3.29192 3.28479 3.27875 3.27375 3.26973 3.26668 3.26456 3.26336 
3.25647 3.25708 3.25861 3.26108 3.26451 3.26895 3.27444 3.28101 3.28872 3.29761 3.30774 3.31915 3.33188 3.34597 3.36143 3.37827 3.39649 3.41606 3.43696 3.45911 3.48246 3.5069 3.53232 3.55862 3.58564 3.61323 3.64125 3.66951 3.69784 3.72608 3.75405 3.78158 3.8085 3.83467 3.85994 3.88418 3.90726 3.92908 3.94956 3.9686 3.98614 4.00213 4.01652 4.02928 4.04038 4.0498 4.05752 4.06354 4.06784 4.07041 4.07125 4.07035 4.06771 4.06333 4.0572 4.04933 4.03972 4.02839 4.01535 4.00063 3.98427 3.96632 3.94684 3.92592 3.90363 3.88009 3.85542 3.82975 3.80322 3.776 3.74824 3.72013 3.69183 3.66352 3.63539 3.60759 3.58031 3.55368 3.52786 3.50298 3.47914 3.45644 3.43497 3.41478 3.39591 3.3784 3.36226 3.34747 3.33404 3.32191 3.31108 3.30148 3.29308 3.28582 3.27967 3.27456 3.27048 3.26736 3.2652 3.26397 
3.25698 3.2576 3.25915 3.26165 3.26514 3.26965 3.27522 3.28189 3.28971 3.29873 3.30901 3.32058 3.33349 3.34777 3.36344 3.3805 3.39895 3.41877 3.43992 3.46234 3.48595 3.51067 3.53637 3.56294 3.59024 3.61811 3.64638 3.6749 3.70348 3.73196 3.76015 3.78788 3.815 3.84135 3.86678 3.89116 3.91438 3.93632 3.95689 3.97602 3.99364 4.00969 4.02413 4.03694 4.04808 4.05752 4.06527 4.07131 4.07562 4.0782 4.07905 4.07816 4.07553 4.07114 4.065 4.05711 4.04748 4.03612 4.02303 4.00826 3.99184 3.97381 3.95425 3.93321 3.9108 3.88712 3.86229 3.83645 3.80973 3.7823 3.75432 3.72597 3.69742 3.66885 3.64045 3.61238 3.58482 3.55792 3.53182 3.50665 3.48254 3.45958 3.43784 3.4174 3.3983 3.38056 3.3642 3.34922 3.33559 3.3233 3.31231 3.30257 3.29404 3.28668 3.28043 3.27525 3.2711 3.26794 3.26574 3.26449 
3.25739 3.25801 3.25958 3.26211 3.26565 3.27021 3.27584 3.28258 3.2905 3.29962 3.31001 3.32171 3.33476 3.34919 3.36502 3.38225 3.40088 3.42089 3.44224 3.46486 3.48868 3.51361 3.53953 3.56632 3.59382 3.6219 3.65038 3.6791 3.70787 3.73653 3.76489 3.79279 3.82006 3.84654 3.8721 3.8966 3.91991 3.94194 3.96259 3.98179 3.99947 4.01557 4.03006 4.0429 4.05407 4.06354 4.07131 4.07736 4.08168 4.08428 4.08513 4.08425 4.08161 4.07722 4.07108 4.06318 4.05353 4.04214 4.02902 4.01421 3.99773 3.97965 3.96001 3.93889 3.91638 3.89259 3.86764 3.84166 3.81479 3.7872 3.75905 3.73051 3.70177 3.67301 3.6444 3.61612 3.58834 3.56122 3.5349 3.50952 3.4852 3.46203 3.44009 3.41946 3.40017 3.38225 3.36573 3.35059 3.33682 3.3244 3.31328 3.30344 3.29481 3.28736 3.28104 3.2758 3.27159 3.26839 3.26617 3.2649 
3.25769 3.25832 3.2599 3.26246 3.26602 3.27062 3.27629 3.28309 3.29107 3.30027 3.31074 3.32253 3.33568 3.35021 3.36615 3.38351 3.40227 3.42241 3.4439 3.46666 3.49063 3.51571 3.54178 3.56871 3.59637 3.6246 3.65322 3.68208 3.71099 3.73977 3.76826 3.79627 3.82365 3.85023 3.87588 3.90046 3.92385 3.94594 3.96665 3.9859 4.00362 4.01977 4.03429 4.04715 4.05834 4.06784 4.07562 4.08168 4.08602 4.08862 4.08948 4.0886 4.08596 4.08157 4.07542 4.06751 4.05784 4.04643 4.03329 4.01845 4.00193 3.9838 3.96411 3.94292 3.92035 3.89648 3.87144 3.84535 3.81838 3.79067 3.7624 3.73373 3.70486 3.67595 3.6472 3.61877 3.59084 3.56356 3.53709 3.51156 3.48709 3.46377 3.4417 3.42092 3.4015 3.38347 3.36682 3.35157 3.3377 3.32519 3.31399 3.30406 3.29537 3.28786 3.28148 3.2762 3.27196 3.26873 3.26649 3.26521 
3.25789 3.25851 3.2601 3.26267 3.26625 3.27087 3.27658 3.28341 3.29142 3.30067 3.31118 3.32303 3.33623 3.35083 3.36683 3.38426 3.40309 3.42331 3.44488 3.46773 3.49178 3.51694 3.5431 3.57012 3.59786 3.62617 3.65488 3.68382 3.71281 3.74167 3.77023 3.79831 3.82575 3.8524 3.8781 3.90273 3.92617 3.94831 3.96906 3.98834 4.00609 4.02226 4.03681 4.04969 4.0609 4.07041 4.0782 4.08428 4.08862 4.09123 4.09209 4.09121 4.08857 4.08417 4.07802 4.0701 4.06042 4.04899 4.03583 4.02097 4.00443 3.98626 3.96653 3.94531 3.92268 3.89876 3.87366 3.84752 3.82048 3.79271 3.76436 3.73562 3.70666 3.67767 3.64883 3.62032 3.5923 3.56494 3.53838 3.51276 3.4882 3.4648 3.44264 3.42179 3.4023 3.38419 3.36748 3.35217 3.33824 3.32567 3.31442 3.30445 3.29571 3.28817 3.28176 3.27645 3.27219 3.26895 3.26669 3.2654 
