3.28263 3.28285 3.28308 3.28332 3.28357 3.28383 3.28411 3.28439 3.28468 3.28499 3.28532 3.28566 3.28602 3.28641 3.28682 3.28727 3.28774 3.28825 3.2888 3.28939 3.29002 3.2907 3.29143 3.2922 3.29303 3.2939 3.29482 3.29579 3.2968 3.29784 3.29892 3.30003 3.30116 3.30231 3.30346 3.30461 3.30575 3.30687 3.30796 3.30901 3.31 3.31095 3.31182 3.31261 3.31333 3.31395 3.31447 3.31488 3.31519 3.31539 3.31548 3.31545 3.31531 3.31505 3.31469 3.31423 3.31366 3.313 3.31226 3.31143 3.31054 3.30958 3.30858 3.30753 3.30645 3.30535 3.30423 3.30311 3.302 3.3009 3.29982 3.29877 3.29775 3.29678 3.29585 3.29498 3.29415 3.29338 3.29267 3.29202 3.29143 3.2909 3.29043 3.29002 3.28966 3.28937 3.28912 3.28892 3.28877 3.28867 3.28861 3.28859 3.2886 3.28865 3.28873 3.28884 3.28897 3.28912 3.28929 3.28948 
3.28285 3.28307 3.2833 3.28354 3.28379 3.28405 3.28432 3.28461 3.2849 3.28521 3.28554 3.28588 3.28625 3.28663 3.28705 3.28749 3.28797 3.28849 3.28904 3.28963 3.29027 3.29096 3.2917 3.29248 3.29332 3.2942 3.29514 3.29612 3.29714 3.2982 3.2993 3.30042 3.30157 3.30273 3.3039 3.30507 3.30623 3.30736 3.30847 3.30954 3.31055 3.31151 3.31239 3.3132 3.31393 3.31456 3.31509 3.31551 3.31582 3.31603 3.31611 3.31608 3.31594 3.31568 3.31531 3.31484 3.31426 3.31359 3.31283 3.312 3.31109 3.31012 3.30909 3.30803 3.30693 3.30581 3.30468 3.30354 3.30241 3.30129 3.3002 3.29913 3.2981 3.29711 3.29617 3.29528 3.29445 3.29367 3.29295 3.29229 3.29169 3.29115 3.29068 3.29026 3.2899 3.2896 3.28935 3.28915 3.289 3.28889 3.28883 3.28881 3.28882 3.28887 3.28895 3.28905 3.28918 3.28934 3.28951 3.28969 
3.28308 3.2833 3.28353 3.28377 3.28402 3.28429 3.28456 3.28485 3.28515 3.28547 3.2858 3.28615 3.28653 3.28693 3.28736 3.28782 3.28831 3.28884 3.28942 3.29004 3.29071 3.29143 3.29219 3.29302 3.29389 3.29482 3.29579 3.29682 3.29789 3.299 3.30015 3.30133 3.30253 3.30374 3.30497 3.30619 3.3074 3.30859 3.30974 3.31086 3.31192 3.31292 3.31384 3.31469 3.31544 3.3161 3.31665 3.31709 3.31742 3.31763 3.31772 3.31769 3.31754 3.31726 3.31688 3.31638 3.31578 3.31508 3.31428 3.31341 3.31245 3.31144 3.31037 3.30925 3.3081 3.30693 3.30575 3.30456 3.30337 3.3022 3.30106 3.29994 3.29886 3.29783 3.29684 3.29591 3.29503 3.29421 3.29346 3.29277 3.29214 3.29158 3.29107 3.29063 3.29025 3.28993 3.28966 3.28945 3.28929 3.28917 3.2891 3.28907 3.28908 3.28912 3.28919 3.28929 3.28942 3.28957 3.28974 3.28992 
3.28332 3.28354 3.28377 3.28401 3.28427 3.28454 3.28482 3.28512 3.28543 3.28576 3.2861 3.28647 3.28687 3.28729 3.28774 3.28823 3.28876 3.28933 3.28995 3.29061 3.29133 3.2921 3.29293 3.29381 3.29475 3.29575 3.2968 3.2979 3.29905 3.30025 3.30148 3.30275 3.30404 3.30535 3.30666 3.30797 3.30927 3.31055 3.31179 3.31298 3.31412 3.31519 3.31618 3.31708 3.31789 3.31859 3.31918 3.31965 3.32 3.32022 3.32032 3.32028 3.32011 3.31982 3.31941 3.31887 3.31822 3.31747 3.31662 3.31567 3.31465 3.31356 3.31241 3.31121 3.30998 3.30872 3.30744 3.30617 3.30489 3.30363 3.3024 3.3012 3.30004 3.29892 3.29786 3.29685 3.29591 3.29503 3.29421 3.29346 3.29278 3.29217 3.29162 3.29114 3.29072 3.29037 3.29007 3.28983 3.28964 3.28951 3.28942 3.28937 3.28937 3.2894 3.28946 3.28955 3.28967 3.28982 3.28998 3.29017 
3.28357 3.28379 3.28402 3.28427 3.28453 3.28481 3.2851 3.28541 3.28573 3.28608 3.28645 3.28684 3.28727 3.28772 3.28822 3.28875 3.28932 3.28995 3.29062 3.29135 3.29214 3.29299 3.2939 3.29487 3.29591 3.297 3.29816 3.29938 3.30065 3.30196 3.30332 3.30471 3.30613 3.30757 3.30901 3.31045 3.31187 3.31327 3.31463 3.31593 3.31718 3.31835 3.31943 3.32042 3.3213 3.32206 3.3227 3.32321 3.32359 3.32383 3.32393 3.32389 3.3237 3.32338 3.32292 3.32233 3.32162 3.32079 3.31986 3.31882 3.3177 3.31651 3.31525 3.31393 3.31258 3.31119 3.30979 3.30839 3.30699 3.30561 3.30425 3.30293 3.30165 3.30042 3.29925 3.29814 3.29709 3.29611 3.29521 3.29438 3.29362 3.29293 3.29232 3.29178 3.29131 3.29091 3.29057 3.29029 3.29007 3.2899 3.28978 3.28971 3.28969 3.2897 3.28975 3.28983 3.28994 3.29008 3.29024 3.29042 
3.28383 3.28405 3.28429 3.28454 3.28481 3.2851 3.2854 3.28573 3.28607 3.28644 3.28684 3.28727 3.28773 3.28823 3.28878 3.28937 3.29001 3.2907 3.29145 3.29227 3.29315 3.2941 3.29512 3.29622 3.29738 3.29861 3.29991 3.30127 3.30269 3.30416 3.30568 3.30724 3.30882 3.31043 3.31204 3.31364 3.31523 3.31678 3.31829 3.31974 3.32112 3.32242 3.32362 3.32472 3.32569 3.32653 3.32724 3.32781 3.32822 3.32848 3.32859 3.32854 3.32833 3.32797 3.32745 3.3268 3.326 3.32508 3.32404 3.32289 3.32164 3.32031 3.3189 3.31743 3.31592 3.31438 3.31282 3.31125 3.30969 3.30814 3.30662 3.30514 3.30371 3.30233 3.30101 3.29976 3.29859 3.29749 3.29647 3.29552 3.29466 3.29389 3.29319 3.29257 3.29203 3.29156 3.29116 3.29083 3.29056 3.29035 3.2902 3.2901 3.29005 3.29004 3.29007 3.29013 3.29023 3.29036 3.29051 3.29068 
3.28411 3.28432 3.28456 3.28482 3.2851 3.2854 3.28572 3.28607 3.28645 3.28685 3.28728 3.28775 3.28827 3.28882 3.28943 3.29009 3.29081 3.2916 3.29245 3.29338 3.29438 3.29546 3.29662 3.29786 3.29918 3.30058 3.30205 3.30359 3.3052 3.30687 3.30859 3.31035 3.31215 3.31396 3.31577 3.31758 3.31937 3.32112 3.32281 3.32444 3.326 3.32745 3.3288 3.33002 3.33111 3.33205 3.33285 3.33347 3.33394 3.33422 3.33434 3.33427 3.33404 3.33363 3.33305 3.33231 3.33141 3.33037 3.3292 3.3279 3.32649 3.32499 3.32341 3.32175 3.32005 3.31831 3.31655 3.31477 3.31301 3.31126 3.30954 3.30786 3.30624 3.30467 3.30318 3.30176 3.30042 3.29916 3.29799 3.29692 3.29593 3.29503 3.29423 3.29351 3.29287 3.29232 3.29185 3.29145 3.29113 3.29087 3.29067 3.29053 3.29044 3.2904 3.29041 3.29045 3.29053 3.29065 3.29079 3.29096 
3.28439 3.28461 3.28485 3.28512 3.28541 3.28573 3.28607 3.28645 3.28685 3.28729 3.28778 3.2883 3.28887 3.2895 3.29019 3.29094 3.29176 3.29266 3.29363 3.29469 3.29584 3.29707 3.2984 3.29982 3.30133 3.30293 3.30461 3.30638 3.30822 3.31012 3.31208 3.31409 3.31613 3.31819 3.32025 3.3223 3.32433 3.32631 3.32823 3.33008 3.33183 3.33347 3.33499 3.33637 3.3376 3.33866 3.33955 3.34026 3.34077 3.34109 3.34122 3.34114 3.34087 3.3404 3.33974 3.3389 3.33788 3.3367 3.33537 3.3339 3.3323 3.3306 3.3288 3.32693 3.32499 3.32302 3.32101 3.319 3.31698 3.31499 3.31303 3.31112 3.30926 3.30748 3.30576 3.30414 3.3026 3.30116 3.29981 3.29857 3.29743 3.29639 3.29545 3.29461 3.29386 3.29321 3.29265 3.29217 3.29177 3.29145 3.2912 3.29101 3.29088 3.2908 3.29078 3.2908 3.29086 3.29095 3.29109 3.29125 
3.28468 3.2849 3.28515 3.28543 3.28573 3.28607 3.28645 3.28685 3.2873 3.28779 3.28832 3.28891 3.28956 3.29027 3.29105 3.29191 3.29285 3.29388 3.295 3.29622 3.29754 3.29896 3.30048 3.30212 3.30385 3.30569 3.30763 3.30965 3.31176 3.31394 3.31619 3.31848 3.32081 3.32316 3.32551 3.32785 3.33016 3.33241 3.33459 3.33669 3.33868 3.34054 3.34226 3.34382 3.3452 3.3464 3.34741 3.3482 3.34878 3.34914 3.34927 3.34918 3.34886 3.34833 3.34757 3.34662 3.34546 3.34412 3.3426 3.34093 3.33912 3.33718 3.33513 3.333 3.33079 3.32854 3.32625 3.32395 3.32165 3.31938 3.31713 3.31494 3.31282 3.31076 3.3088 3.30692 3.30515 3.30349 3.30193 3.30049 3.29917 3.29796 3.29686 3.29588 3.295 3.29423 3.29356 3.29299 3.2925 3.29211 3.29178 3.29154 3.29136 3.29124 3.29118 3.29116 3.2912 3.29128 3.2914 3.29155 
3.28499 3.28521 3.28547 3.28576 3.28608 3.28644 3.28685 3.28729 3.28779 3.28833 3.28894 3.2896 3.29034 3.29115 3.29204 3.29302 3.2941 3.29529 3.29658 3.29798 3.2995 3.30114 3.3029 3.30478 3.30678 3.3089 3.31112 3.31345 3.31587 3.31837 3.32094 3.32357 3.32623 3.32892 3.3316 3.33427 3.33689 3.33946 3.34194 3.34432 3.34658 3.34869 3.35064 3.3524 3.35397 3.35533 3.35646 3.35735 3.358 3.3584 3.35855 3.35844 3.35807 3.35746 3.3566 3.35551 3.35419 3.35267 3.35094 3.34904 3.34697 3.34476 3.34243 3.34 3.33749 3.33491 3.3323 3.32967 3.32705 3.32444 3.32187 3.31936 3.31692 3.31456 3.3123 3.31015 3.3081 3.30618 3.30439 3.30272 3.30118 3.29977 3.29849 3.29734 3.29631 3.2954 3.2946 3.29391 3.29333 3.29284 3.29244 3.29212 3.29188 3.29171 3.29161 3.29156 3.29157 3.29162 3.29172 3.29186 
3.28532 3.28554 3.2858 3.2861 3.28645 3.28684 3.28728 3.28778 3.28832 3.28894 3.28962 3.29037 3.29121 3.29213 3.29316 3.29429 3.29553 3.29689 3.29838 3.29999 3.30175 3.30364 3.30567 3.30783 3.31013 3.31257 3.31512 3.31779 3.32057 3.32344 3.32638 3.32939 3.33243 3.33549 3.33855 3.34159 3.34458 3.3475 3.35032 3.35302 3.35558 3.35797 3.36018 3.36217 3.36395 3.36548 3.36675 3.36776 3.36849 3.36894 3.3691 3.36896 3.36855 3.36785 3.36687 3.36562 3.36413 3.36239 3.36043 3.35827 3.35592 3.3534 3.35075 3.34798 3.34512 3.34219 3.33921 3.33621 3.33321 3.33023 3.32729 3.32441 3.32161 3.31891 3.31631 3.31383 3.31148 3.30926 3.30718 3.30525 3.30347 3.30183 3.30034 3.29899 3.29779 3.29671 3.29577 3.29495 3.29425 3.29366 3.29316 3.29277 3.29246 3.29223 3.29207 3.29198 3.29196 3.29199 3.29207 3.2922 
3.28566 3.28588 3.28615 3.28647 3.28684 3.28727 3.28775 3.2883 3.28891 3.2896 3.29037 3.29123 3.29218 3.29324 3.29442 3.29571 3.29714 3.29871 3.30042 3.30228 3.3043 3.30647 3.30881 3.3113 3.31394 3.31673 3.31967 3.32273 3.3259 3.32918 3.33255 3.33597 3.33944 3.34293 3.34641 3.34986 3.35326 3.35657 3.35977 3.36283 3.36572 3.36843 3.37092 3.37317 3.37517 3.3769 3.37833 3.37947 3.38028 3.38078 3.38095 3.3808 3.38032 3.37952 3.37841 3.377 3.3753 3.37333 3.37111 3.36865 3.36599 3.36314 3.36013 3.35698 3.35373 3.35039 3.347 3.34359 3.34017 3.33677 3.33341 3.33013 3.32693 3.32383 3.32085 3.318 3.3153 3.31275 3.31035 3.30812 3.30606 3.30416 3.30243 3.30086 3.29945 3.2982 3.29709 3.29612 3.29528 3.29457 3.29397 3.29348 3.29309 3.29279 3.29258 3.29244 3.29237 3.29237 3.29243 3.29255 
3.28602 3.28625 3.28653 3.28687 3.28727 3.28773 3.28827 3.28887 3.28956 3.29034 3.29121 3.29218 3.29327 3.29448 3.29583 3.29731 3.29895 3.30075 3.30272 3.30486 3.30718 3.30967 3.31235 3.3152 3.31823 3.32143 3.32478 3.32828 3.3319 3.33564 3.33947 3.34336 3.34731 3.35127 3.35522 3.35913 3.36297 3.36671 3.37033 3.37378 3.37705 3.38009 3.3829 3.38544 3.38769 3.38962 3.39123 3.3925 3.39342 3.39397 3.39416 3.39398 3.39343 3.39253 3.39127 3.38968 3.38776 3.38553 3.38302 3.38024 3.37723 3.37401 3.3706 3.36704 3.36335 3.35957 3.35573 3.35185 3.34796 3.3441 3.34028 3.33654 3.33288 3.32935 3.32594 3.32269 3.31959 3.31666 3.31391 3.31135 3.30897 3.30678 3.30478 3.30296 3.30132 3.29986 3.29856 3.29742 3.29643 3.29558 3.29486 3.29426 3.29378 3.29341 3.29313 3.29293 3.29282 3.29279 3.29282 3.29292 
3.28641 3.28663 3.28693 3.28729 3.28772 3.28823 3.28882 3.2895 3.29027 3.29115 3.29213 3.29324 3.29448 3.29587 3.2974 3.29911 3.30098 3.30304 3.3053 3.30775 3.3104 3.31326 3.31631 3.31958 3.32303 3.32667 3.33049 3.33447 3.33859 3.34284 3.34718 3.3516 3.35606 3.36054 3.365 3.36941 3.37374 3.37796 3.38203 3.38591 3.38958 3.393 3.39615 3.399 3.40152 3.40368 3.40548 3.4069 3.40792 3.40853 3.40874 3.40853 3.40791 3.40689 3.40547 3.40368 3.40152 3.39901 3.39618 3.39306 3.38967 3.38604 3.38219 3.37818 3.37402 3.36975 3.36541 3.36102 3.35662 3.35224 3.34792 3.34367 3.33952 3.3355 3.33162 3.32791 3.32438 3.32103 3.31789 3.31495 3.31222 3.30971 3.3074 3.3053 3.3034 3.3017 3.30019 3.29886 3.2977 3.29669 3.29584 3.29513 3.29454 3.29408 3.29372 3.29347 3.29331 3.29323 3.29324 3.29332 
3.28682 3.28705 3.28736 3.28774 3.28822 3.28878 3.28943 3.29019 3.29105 3.29204 3.29316 3.29442 3.29583 3.2974 3.29916 3.3011 3.30325 3.3056 3.30817 3.31096 3.31399 3.31724 3.32073 3.32444 3.32836 3.3325 3.33683 3.34134 3.346 3.3508 3.35571 3.36069 3.36572 3.37077 3.37579 3.38075 3.38561 3.39034 3.3949 3.39925 3.40335 3.40718 3.4107 3.41387 3.41668 3.4191 3.4211 3.42268 3.42381 3.42449 3.42471 3.42447 3.42377 3.42262 3.42104 3.41902 3.4166 3.4138 3.41063 3.40713 3.40332 3.39925 3.39494 3.39043 3.38576 3.38096 3.37607 3.37113 3.36617 3.36124 3.35635 3.35155 3.34686 3.3423 3.33791 3.3337 3.32968 3.32588 3.3223 3.31895 3.31583 3.31295 3.31031 3.3079 3.30571 3.30375 3.302 3.30045 3.2991 3.29793 3.29692 3.29607 3.29537 3.29481 3.29437 3.29405 3.29383 3.29371 3.29368 3.29374 
3.28727 3.28749 3.28782 3.28823 3.28875 3.28937 3.29009 3.29094 3.29191 3.29302 3.29429 3.29571 3.29731 3.29911 3.3011 3.30331 3.30575 3.30843 3.31135 3.31453 3.31796 3.32166 3.32561 3.32981 3.33425 3.33893 3.34382 3.34891 3.35416 3.35956 3.36508 3.37068 3.37632 3.38198 3.3876 3.39315 3.39858 3.40386 3.40895 3.4138 3.41837 3.42263 3.42654 3.43007 3.43319 3.43587 3.43809 3.43983 3.44109 3.44183 3.44207 3.4418 3.44102 3.43974 3.43796 3.43572 3.43302 3.42989 3.42636 3.42246 3.41821 3.41366 3.40885 3.40381 3.39858 3.39321 3.38774 3.3822 3.37664 3.3711 3.36561 3.3602 3.35492 3.34979 3.34483 3.34007 3.33553 3.33122 3.32716 3.32336 3.31981 3.31653 3.31352 3.31076 3.30826 3.30601 3.304 3.30221 3.30064 3.29928 3.29811 3.29711 3.29628 3.29561 3.29507 3.29467 3.29439 3.29422 3.29416 3.2942 
3.28774 3.28797 3.28831 3.28876 3.28932 3.29001 3.29081 3.29176 3.29285 3.2941 3.29553 3.29714 3.29895 3.30098 3.30325 3.30575 3.30852 3.31155 3.31486 3.31845 3.32234 3.32651 3.33097 3.33571 3.34072 3.34598 3.35148 3.35719 3.36308 3.36914 3.37531 3.38157 3.38787 3.39418 3.40045 3.40663 3.41267 3.41854 3.42419 3.42957 3.43464 3.43935 3.44368 3.44759 3.45103 3.45399 3.45645 3.45837 3.45974 3.46056 3.46082 3.46051 3.45964 3.45822 3.45625 3.45376 3.45077 3.4473 3.44338 3.43905 3.43433 3.42928 3.42393 3.41832 3.41251 3.40652 3.40042 3.39424 3.38803 3.38184 3.37569 3.36964 3.36372 3.35796 3.35239 3.34704 3.34193 3.33707 3.33249 3.32819 3.32418 3.32047 3.31704 3.31391 3.31106 3.30849 3.30619 3.30414 3.30234 3.30076 3.2994 3.29825 3.29727 3.29648 3.29584 3.29535 3.295 3.29477 3.29467 3.29468 
3.28825 3.28849 3.28884 3.28933 3.28995 3.2907 3.2916 3.29266 3.29388 3.29529 3.29689 3.29871 3.30075 3.30304 3.3056 3.30843 3.31155 3.31497 3.3187 3.32275 3.32713 3.33182 3.33683 3.34215 3.34776 3.35366 3.35981 3.36619 3.37278 3.37953 3.38641 3.39337 3.40038 3.40738 3.41433 3.42118 3.42787 3.43437 3.44061 3.44655 3.45214 3.45734 3.46211 3.4664 3.47019 3.47345 3.47614 3.47825 3.47976 3.48065 3.48093 3.48058 3.47962 3.47804 3.47587 3.47313 3.46982 3.46599 3.46167 3.45688 3.45167 3.44609 3.44017 3.43396 3.42752 3.42089 3.41412 3.40726 3.40036 3.39346 3.38662 3.37988 3.37327 3.36684 3.36061 3.35462 3.34889 3.34345 3.3383 3.33346 3.32895 3.32476 3.32089 3.31735 3.31412 3.31121 3.30859 3.30625 3.30419 3.30238 3.30082 3.29948 3.29835 3.29742 3.29667 3.29608 3.29565 3.29537 3.29522 3.29521 
3.2888 3.28904 3.28942 3.28995 3.29062 3.29145 3.29245 3.29363 3.295 3.29658 3.29838 3.30042 3.30272 3.3053 3.30817 3.31135 3.31486 3.3187 3.32289 3.32744 3.33234 3.33759 3.3432 3.34914 3.35541 3.36198 3.36883 3.37593 3.38325 3.39074 3.39837 3.40608 3.41383 3.42157 3.42924 3.43679 3.44417 3.45132 3.45818 3.46471 3.47085 3.47655 3.48178 3.48648 3.49063 3.4942 3.49714 3.49944 3.50109 3.50206 3.50235 3.50197 3.50091 3.49918 3.49679 3.49378 3.49015 3.48594 3.48119 3.47593 3.47021 3.46406 3.45755 3.45071 3.44361 3.43629 3.42882 3.42124 3.4136 3.40597 3.39839 3.39091 3.38357 3.37642 3.36949 3.36282 3.35643 3.35035 3.34459 3.33918 3.33412 3.32942 3.32507 3.32109 3.31745 3.31416 3.31119 3.30855 3.3062 3.30415 3.30236 3.30082 3.29952 3.29844 3.29756 3.29687 3.29636 3.29601 3.29582 3.29577 
3.28939 3.28963 3.29004 3.29061 3.29135 3.29227 3.29338 3.29469 3.29622 3.29798 3.29999 3.30228 3.30486 3.30775 3.31096 3.31453 3.31845 3.32275 3.32744 3.33251 3.33798 3.34384 3.35008 3.35669 3.36365 3.37094 3.37854 3.3864 3.39449 3.40276 3.41118 3.41968 3.42822 3.43673 3.44516 3.45344 3.46153 3.46936 3.47687 3.48401 3.49072 3.49694 3.50265 3.50778 3.5123 3.51618 3.51938 3.52188 3.52367 3.52472 3.52504 3.52461 3.52345 3.52156 3.51895 3.51566 3.5117 3.5071 3.50191 3.49616 3.4899 3.48317 3.47603 3.46854 3.46075 3.45272 3.4445 3.43616 3.42776 3.41935 3.41099 3.40273 3.39462 3.38671 3.37903 3.37163 3.36454 3.35778 3.35138 3.34535 3.33971 3.33445 3.3296 3.32513 3.32105 3.31735 3.31402 3.31103 3.30838 3.30605 3.30402 3.30228 3.30079 3.29955 3.29853 3.29773 3.29712 3.2967 3.29646 3.29638 
3.29002 3.29027 3.29071 3.29133 3.29214 3.29315 3.29438 3.29584 3.29754 3.2995 3.30175 3.3043 3.30718 3.3104 3.31399 3.31796 3.32234 3.32713 3.33234 3.33798 3.34405 3.35055 3.35746 3.36478 3.37248 3.38054 3.38892 3.39758 3.40648 3.41558 3.42482 3.43415 3.4435 3.45282 3.46204 3.47109 3.47992 3.48845 3.49663 3.5044 3.51169 3.51846 3.52465 3.53022 3.53512 3.53932 3.54279 3.5455 3.54743 3.54856 3.5489 3.54843 3.54716 3.54511 3.54228 3.5387 3.53439 3.5294 3.52375 3.5175 3.51068 3.50335 3.49557 3.4874 3.47889 3.47012 3.46113 3.452 3.4428 3.43358 3.4244 3.41532 3.4064 3.39768 3.38922 3.38106 3.37322 3.36574 3.35865 3.35197 3.3457 3.33986 3.33446 3.32948 3.32493 3.32079 3.31706 3.31371 3.31074 3.30811 3.30582 3.30384 3.30215 3.30074 3.29957 3.29865 3.29794 3.29744 3.29714 3.29703 
3.2907 3.29096 3.29143 3.2921 3.29299 3.2941 3.29546 3.29707 3.29896 3.30114 3.30364 3.30647 3.30967 3.31326 3.31724 3.32166 3.32651 3.33182 3.33759 3.34384 3.35055 3.35772 3.36535 3.37342 3.38189 3.39075 3.39995 3.40945 3.41921 3.42917 3.43927 3.44945 3.45965 3.4698 3.47983 3.48968 3.49926 3.50852 3.51739 3.5258 3.5337 3.54101 3.5477 3.55371 3.55901 3.56354 3.56727 3.57019 3.57227 3.57349 3.57384 3.57333 3.57196 3.56974 3.56668 3.56281 3.55816 3.55275 3.54664 3.53987 3.53248 3.52454 3.51611 3.50723 3.49799 3.48844 3.47866 3.46872 3.45868 3.44861 3.43858 3.42865 3.41888 3.40933 3.40005 3.39107 3.38245 3.37422 3.36641 3.35903 3.3521 3.34565 3.33966 3.33414 3.32908 3.32448 3.32032 3.31659 3.31326 3.31032 3.30775 3.30552 3.30362 3.30202 3.30069 3.29963 3.29882 3.29824 3.29788 3.29773 
3.29143 3.2917 3.29219 3.29293 3.2939 3.29512 3.29662 3.2984 3.30048 3.3029 3.30567 3.30881 3.31235 3.31631 3.32073 3.32561 3.33097 3.33683 3.3432 3.35008 3.35746 3.36535 3.37373 3.38258 3.39187 3.40156 3.41162 3.42199 3.43264 3.44348 3.45447 3.46554 3.47661 3.48762 3.49849 3.50914 3.5195 3.5295 3.53907 3.54814 3.55664 3.56452 3.57171 3.57817 3.58385 3.58872 3.59273 3.59585 3.59808 3.59939 3.59976 3.59921 3.59773 3.59534 3.59205 3.58789 3.58288 3.57707 3.57049 3.56319 3.55523 3.54666 3.53755 3.52796 3.51797 3.50764 3.49704 3.48626 3.47536 3.46442 3.45351 3.44269 3.43205 3.42162 3.41148 3.40166 3.39223 3.3832 3.37463 3.36652 3.3589 3.35179 3.34519 3.33909 3.3335 3.32841 3.3238 3.31965 3.31596 3.31268 3.30981 3.30732 3.30518 3.30338 3.30189 3.30069 3.29976 3.29909 3.29866 3.29848 
3.2922 3.29248 3.29302 3.29381 3.29487 3.29622 3.29786 3.29982 3.30212 3.30478 3.30783 3.3113 3.3152 3.31958 3.32444 3.32981 3.33571 3.34215 3.34914 3.35669 3.36478 3.37342 3.38258 3.39224 3.40237 3.41293 3.42388 3.43516 3.44671 3.45847 3.47038 3.48235 3.49432 3.5062 3.51792 3.52939 3.54054 3.55129 3.56157 3.5713 3.58042 3.58886 3.59656 3.60347 3.60955 3.61474 3.61903 3.62236 3.62474 3.62613 3.62653 3.62594 3.62435 3.62179 3.61827 3.61381 3.60845 3.60222 3.59517 3.58735 3.57881 3.56961 3.55982 3.5495 3.53874 3.52761 3.51619 3.50454 3.49277 3.48093 3.46912 3.4574 3.44584 3.43451 3.42348 3.4128 3.40251 3.39266 3.38329 3.37443 3.36609 3.35829 3.35104 3.34434 3.33819 3.33258 3.32749 3.32291 3.31882 3.31519 3.31201 3.30923 3.30685 3.30484 3.30316 3.30181 3.30076 3.3 3.2995 3.29927 
3.29303 3.29332 3.29389 3.29475 3.29591 3.29738 3.29918 3.30133 3.30385 3.30678 3.31013 3.31394 3.31823 3.32303 3.32836 3.33425 3.34072 3.34776 3.35541 3.36365 3.37248 3.38189 3.39187 3.40237 3.41337 3.42483 3.43669 3.4489 3.46138 3.47408 3.48692 3.49982 3.51269 3.52546 3.53804 3.55034 3.56229 3.5738 3.58479 3.59518 3.60491 3.61391 3.62212 3.62948 3.63595 3.64148 3.64603 3.64958 3.6521 3.65358 3.654 3.65337 3.65168 3.64895 3.6452 3.64045 3.63474 3.6281 3.62058 3.61223 3.60311 3.59327 3.5828 3.57176 3.56023 3.54829 3.53602 3.52351 3.51084 3.49809 3.48535 3.4727 3.46021 3.44796 3.43602 3.42443 3.41327 3.40257 3.39238 3.38272 3.37363 3.36512 3.3572 3.34987 3.34313 3.33698 3.33139 3.32636 3.32185 3.31785 3.31433 3.31126 3.30862 3.30638 3.30451 3.303 3.30182 3.30096 3.30039 3.30012 
3.2939 3.2942 3.29482 3.29575 3.297 3.29861 3.30058 3.30293 3.30569 3.3089 3.31257 3.31673 3.32143 3.32667 3.3325 3.33893 3.34598 3.35366 3.36198 3.37094 3.38054 3.39075 3.40156 3.41293 3.42483 3.4372 3.45 3.46315 3.47659 3.49024 3.50403 3.51786 3.53165 3.54531 3.55876 3.5719 3.58464 3.5969 3.6086 3.61965 3.62999 3.63955 3.64826 3.65607 3.66292 3.66878 3.6736 3.67736 3.68002 3.68158 3.68203 3.68135 3.67956 3.67667 3.6727 3.66766 3.6616 3.65456 3.64657 3.6377 3.628 3.61754 3.60638 3.59461 3.58231 3.56956 3.55644 3.54306 3.52948 3.51581 3.50214 3.48854 3.47511 3.46191 3.44903 3.43653 3.42446 3.41289 3.40185 3.39138 3.38151 3.37226 3.36364 3.35566 3.34831 3.34159 3.33549 3.32997 3.32503 3.32064 3.31677 3.31339 3.31048 3.30801 3.30594 3.30426 3.30294 3.30197 3.30133 3.30101 
3.29482 3.29514 3.29579 3.2968 3.29816 3.29991 3.30205 3.30461 3.30763 3.31112 3.31512 3.31967 3.32478 3.33049 3.33683 3.34382 3.35148 3.35981 3.36883 3.37854 3.38892 3.39995 3.41162 3.42388 3.43669 3.45 3.46374 3.47786 3.49226 3.50687 3.52161 3.53638 3.55109 3.56565 3.57996 3.59393 3.60746 3.62047 3.63287 3.64458 3.65552 3.66563 3.67483 3.68308 3.69031 3.69648 3.70157 3.70552 3.70833 3.70998 3.71044 3.70973 3.70784 3.7048 3.7006 3.69529 3.68889 3.68145 3.67301 3.66362 3.65335 3.64227 3.63044 3.61795 3.60488 3.59132 3.57736 3.56309 3.54861 3.53402 3.5194 3.50485 3.49046 3.4763 3.46247 3.44903 3.43605 3.42358 3.41167 3.40037 3.3897 3.37969 3.37035 3.36169 3.35371 3.34641 3.33976 3.33375 3.32836 3.32357 3.31933 3.31563 3.31243 3.30971 3.30744 3.30558 3.30412 3.30304 3.30233 3.30196 
3.29579 3.29612 3.29682 3.2979 3.29938 3.30127 3.30359 3.30638 3.30965 3.31345 3.31779 3.32273 3.32828 3.33447 3.34134 3.34891 3.35719 3.36619 3.37593 3.3864 3.39758 3.40945 3.42199 3.43516 3.4489 3.46315 3.47786 3.49294 3.50831 3.52389 3.53958 3.55529 3.57092 3.58636 3.60153 3.61632 3.63063 3.64438 3.65747 3.66982 3.68135 3.69199 3.70168 3.71035 3.71795 3.72443 3.72977 3.73392 3.73687 3.73859 3.73908 3.73834 3.73636 3.73316 3.72875 3.72317 3.71644 3.70861 3.69973 3.68984 3.67902 3.66732 3.65484 3.64164 3.62781 3.61345 3.59865 3.58351 3.56813 3.5526 3.53704 3.52153 3.50618 3.49106 3.47627 3.46188 3.44796 3.43458 3.42179 3.40964 3.39815 3.38736 3.37729 3.36794 3.35931 3.35141 3.3442 3.33768 3.33183 3.32661 3.322 3.31796 3.31447 3.31149 3.309 3.30696 3.30536 3.30417 3.30336 3.30295 
3.2968 3.29714 3.29789 3.29905 3.30065 3.30269 3.3052 3.30822 3.31176 3.31587 3.32057 3.3259 3.3319 3.33859 3.346 3.35416 3.36308 3.37278 3.38325 3.39449 3.40648 3.41921 3.43264 3.44671 3.46138 3.47659 3.49226 3.50831 3.52465 3.54119 3.55783 3.57447 3.59101 3.60734 3.62335 3.63894 3.65402 3.66849 3.68225 3.69523 3.70733 3.71849 3.72864 3.73772 3.74567 3.75246 3.75804 3.76238 3.76546 3.76727 3.76778 3.767 3.76493 3.76158 3.75698 3.75114 3.7441 3.7359 3.72658 3.71621 3.70485 3.69256 3.67943 3.66554 3.65097 3.63582 3.6202 3.60419 3.58792 3.57148 3.55497 3.53851 3.52219 3.5061 3.49035 3.475 3.46015 3.44585 3.43217 3.41915 3.40684 3.39526 3.38443 3.37437 3.36509 3.35656 3.34879 3.34174 3.33541 3.32976 3.32476 3.32038 3.31659 3.31335 3.31063 3.3084 3.30664 3.30533 3.30445 3.30398 
3.29784 3.2982 3.299 3.30025 3.30196 3.30416 3.30687 3.31012 3.31394 3.31837 3.32344 3.32918 3.33564 3.34284 3.3508 3.35956 3.36914 3.37953 3.39074 3.40276 3.41558 3.42917 3.44348 3.45847 3.47408 3.49024 3.50687 3.52389 3.54119 3.55869 3.57627 3.59383 3.61125 3.62844 3.64528 3.66166 3.67749 3.69265 3.70707 3.72064 3.7333 3.74495 3.75555 3.76502 3.77332 3.78039 3.7862 3.79073 3.79394 3.79581 3.79635 3.79554 3.79339 3.7899 3.78511 3.77902 3.77169 3.76313 3.75341 3.74258 3.7307 3.71784 3.70408 3.68951 3.67422 3.65831 3.64187 3.62503 3.60787 3.59052 3.57309 3.55568 3.5384 3.52135 3.50463 3.48834 3.47254 3.45732 3.44274 3.42885 3.4157 3.40332 3.39174 3.38096 3.371 3.36185 3.35349 3.34592 3.3391 3.333 3.32761 3.32287 3.31877 3.31526 3.31231 3.30989 3.30797 3.30654 3.30557 3.30505 
3.29892 3.2993 3.30015 3.30148 3.30332 3.30568 3.30859 3.31208 3.31619 3.32094 3.32638 3.33255 3.33947 3.34718 3.35571 3.36508 3.37531 3.38641 3.39837 3.41118 3.42482 3.43927 3.45447 3.47038 3.48692 3.50403 3.52161 3.53958 3.55783 3.57627 3.59477 3.61323 3.63153 3.64956 3.6672 3.68434 3.70089 3.71673 3.73177 3.74592 3.7591 3.77123 3.78225 3.79209 3.80071 3.80806 3.81409 3.81879 3.82212 3.82407 3.82463 3.82379 3.82156 3.81795 3.81298 3.80666 3.79904 3.79015 3.78005 3.76877 3.7564 3.74299 3.72864 3.71342 3.69743 3.68078 3.66356 3.64588 3.62787 3.60963 3.59128 3.57294 3.55471 3.53672 3.51904 3.5018 3.48506 3.46892 3.45344 3.43869 3.4247 3.41151 3.39917 3.38767 3.37703 3.36724 3.3583 3.35018 3.34286 3.33632 3.33052 3.32543 3.32101 3.31722 3.31403 3.31142 3.30934 3.30779 3.30673 3.30615 
3.30003 3.30042 3.30133 3.30275 3.30471 3.30724 3.31035 3.31409 3.31848 3.32357 3.32939 3.33597 3.34336 3.3516 3.36069 3.37068 3.38157 3.39337 3.40608 3.41968 3.43415 3.44945 3.46554 3.48235 3.49982 3.51786 3.53638 3.55529 3.57447 3.59383 3.61323 3.63256 3.65171 3.67055 3.68897 3.70685 3.72408 3.74056 3.7562 3.7709 3.78458 3.79716 3.80858 3.81878 3.8277 3.8353 3.84154 3.8464 3.84984 3.85186 3.85244 3.85158 3.84928 3.84556 3.84042 3.83389 3.82601 3.81681 3.80633 3.79464 3.7818 3.76788 3.75295 3.73711 3.72046 3.70309 3.68511 3.66664 3.64779 3.62869 3.60945 3.59019 3.57104 3.5521 3.53349 3.51531 3.49765 3.48059 3.46422 3.4486 3.43377 3.41979 3.40667 3.39445 3.38313 3.3727 3.36317 3.35451 3.34669 3.3397 3.33349 3.32803 3.32329 3.31922 3.3158 3.31298 3.31074 3.30906 3.30791 3.30728 
3.30116 3.30157 3.30253 3.30404 3.30613 3.30882 3.31215 3.31613 3.32081 3.32623 3.33243 3.33944 3.34731 3.35606 3.36572 3.37632 3.38787 3.40038 3.41383 3.42822 3.4435 3.45965 3.47661 3.49432 3.51269 3.53165 3.55109 3.57092 3.59101 3.61125 3.63153 3.65171 3.67167 3.69129 3.71045 3.72903 3.74692 3.76402 3.78022 3.79544 3.80959 3.82259 3.83439 3.84491 3.85411 3.86195 3.86839 3.8734 3.87695 3.87903 3.87964 3.87875 3.87639 3.87256 3.86727 3.86055 3.85242 3.84293 3.83212 3.82004 3.80676 3.79234 3.77688 3.76045 3.74316 3.72511 3.7064 3.68717 3.66752 3.64758 3.62747 3.60733 3.58727 3.56742 3.54789 3.52879 3.51021 3.49226 3.47501 3.45852 3.44287 3.42808 3.41421 3.40127 3.38926 3.3782 3.36808 3.35887 3.35056 3.34311 3.33649 3.33066 3.3256 3.32125 3.31758 3.31457 3.31217 3.31036 3.30912 3.30844 
3.30231 3.30273 3.30374 3.30535 3.30757 3.31043 3.31396 3.31819 3.32316 3.32892 3.33549 3.34293 3.35127 3.36054 3.37077 3.38198 3.39418 3.40738 3.42157 3.43673 3.45282 3.4698 3.48762 3.5062 3.52546 3.54531 3.56565 3.58636 3.60734 3.62844 3.64956 3.67055 3.69129 3.71166 3.73152 3.75077 3.76928 3.78696 3.80369 3.81939 3.83398 3.84738 3.85952 3.87035 3.87981 3.88787 3.89448 3.89963 3.90328 3.90542 3.90605 3.90515 3.90274 3.89881 3.89338 3.88648 3.87813 3.86837 3.85725 3.84481 3.83112 3.81625 3.80028 3.7833 3.76541 3.74671 3.72731 3.70734 3.68692 3.66618 3.64524 3.62424 3.60331 3.58257 3.56214 3.54214 3.52268 3.50384 3.48572 3.4684 3.45192 3.43636 3.42173 3.40807 3.3954 3.38371 3.37299 3.36324 3.35443 3.34653 3.3395 3.33331 3.32792 3.32329 3.31939 3.31617 3.31361 3.31167 3.31034 3.30961 
3.30346 3.3039 3.30497 3.30666 3.30901 3.31204 3.31577 3.32025 3.32551 3.3316 3.33855 3.34641 3.35522 3.365 3.37579 3.3876 3.40045 3.41433 3.42924 3.44516 3.46204 3.47983 3.49849 3.51792 3.53804 3.55876 3.57996 3.60153 3.62335 3.64528 3.6672 3.68897 3.71045 3.73152 3.75206 3.77193 3.79103 3.80924 3.82647 3.84262 3.85761 3.87137 3.88383 3.89494 3.90464 3.9129 3.91968 3.92495 3.9287 3.9309 3.93154 3.93063 3.92817 3.92415 3.91861 3.91154 3.903 3.89299 3.88158 3.86882 3.85475 3.83946 3.82302 3.80552 3.78707 3.76776 3.74771 3.72704 3.70589 3.68438 3.66265 3.64082 3.61905 3.59745 3.57616 3.55529 3.53496 3.51527 3.4963 3.47816 3.46088 3.44455 3.42918 3.41483 3.40149 3.38918 3.37788 3.3676 3.35829 3.34994 3.34251 3.33596 3.33025 3.32534 3.32119 3.31777 3.31505 3.31299 3.31157 3.31078 
3.30461 3.30507 3.30619 3.30797 3.31045 3.31364 3.31758 3.3223 3.32785 3.33427 3.34159 3.34986 3.35913 3.36941 3.38075 3.39315 3.40663 3.42118 3.43679 3.45344 3.47109 3.48968 3.50914 3.52939 3.55034 3.5719 3.59393 3.61632 3.63894 3.66166 3.68434 3.70685 3.72903 3.75077 3.77193 3.79239 3.81203 3.83074 3.84843 3.86499 3.88036 3.89445 3.9072 3.91856 3.92848 3.93692 3.94385 3.94924 3.95307 3.95532 3.95599 3.95507 3.95256 3.94847 3.94282 3.93561 3.92688 3.91666 3.905 3.89193 3.87752 3.86184 3.84497 3.82699 3.80801 3.78813 3.76747 3.74615 3.72431 3.70207 3.67958 3.65697 3.63439 3.61197 3.58985 3.56814 3.54698 3.52646 3.50668 3.48773 3.46968 3.4526 3.43652 3.42147 3.40749 3.39457 3.38271 3.3719 3.36211 3.35332 3.34549 3.33858 3.33255 3.32737 3.32299 3.31937 3.31648 3.3143 3.31279 3.31195 
3.30575 3.30623 3.3074 3.30927 3.31187 3.31523 3.31937 3.32433 3.33016 3.33689 3.34458 3.35326 3.36297 3.37374 3.38561 3.39858 3.41267 3.42787 3.44417 3.46153 3.47992 3.49926 3.5195 3.54054 3.56229 3.58464 3.60746 3.63063 3.65402 3.67749 3.70089 3.72408 3.74692 3.76928 3.79103 3.81203 3.83217 3.85135 3.86945 3.8864 3.9021 3.91649 3.92951 3.9411 3.95121 3.95982 3.96688 3.97237 3.97627 3.97857 3.97926 3.97833 3.97579 3.97164 3.96589 3.95856 3.94967 3.93926 3.92736 3.91402 3.8993 3.88327 3.866 3.84758 3.82812 3.80771 3.78648 3.76455 3.74206 3.71913 3.69593 3.67258 3.64924 3.62604 3.60312 3.58062 3.55865 3.53733 3.51677 3.49706 3.47826 3.46045 3.44368 3.42797 3.41336 3.39985 3.38744 3.37611 3.36585 3.35663 3.34841 3.34116 3.33482 3.32937 3.32476 3.32095 3.3179 3.3156 3.31401 3.31311 
3.30687 3.30736 3.30859 3.31055 3.31327 3.31678 3.32112 3.32631 3.33241 3.33946 3.3475 3.35657 3.36671 3.37796 3.39034 3.40386 3.41854 3.43437 3.45132 3.46936 3.48845 3.50852 3.5295 3.55129 3.5738 3.5969 3.62047 3.64438 3.66849 3.69265 3.71673 3.74056 3.76402 3.78696 3.80924 3.83074 3.85135 3.87094 3.88943 3.90672 3.92273 3.93739 3.95064 3.96244 3.97272 3.98147 3.98865 3.99423 3.9982 4.00055 4.00126 4.00033 3.99776 3.99355 3.98772 3.98029 3.97126 3.96067 3.94857 3.93499 3.91999 3.90364 3.88601 3.86719 3.84728 3.82639 3.80463 3.78213 3.75903 3.73548 3.7116 3.68755 3.66349 3.63955 3.61589 3.59262 3.5699 3.54783 3.52652 3.50607 3.48656 3.46805 3.45061 3.43427 3.41905 3.40497 3.39203 3.38021 3.3695 3.35986 3.35126 3.34367 3.33704 3.33132 3.32649 3.32249 3.31929 3.31687 3.31519 3.31425 
3.30796 3.30847 3.30974 3.31179 3.31463 3.31829 3.32281 3.32823 3.33459 3.34194 3.35032 3.35977 3.37033 3.38203 3.3949 3.40895 3.42419 3.44061 3.45818 3.47687 3.49663 3.51739 3.53907 3.56157 3.58479 3.6086 3.63287 3.65747 3.68225 3.70707 3.73177 3.7562 3.78022 3.80369 3.82647 3.84843 3.86945 3.88943 3.90826 3.92586 3.94214 3.95705 3.97051 3.98248 3.99292 4.0018 4.00908 4.01475 4.01878 4.02116 4.02189 4.02096 4.01837 4.01412 4.00822 4.00069 3.99154 3.98081 3.96852 3.95473 3.93948 3.92284 3.90489 3.88571 3.86539 3.84406 3.82182 3.7988 3.77514 3.75099 3.72649 3.7018 3.67706 3.65243 3.62806 3.60409 3.58065 3.55786 3.53585 3.5147 3.49451 3.47535 3.45727 3.44032 3.42453 3.40991 3.39645 3.38416 3.37301 3.36298 3.35402 3.3461 3.33918 3.33322 3.32816 3.32398 3.32064 3.3181 3.31635 3.31536 
3.30901 3.30954 3.31086 3.31298 3.31593 3.31974 3.32444 3.33008 3.33669 3.34432 3.35302 3.36283 3.37378 3.38591 3.39925 3.4138 3.42957 3.44655 3.46471 3.48401 3.5044 3.5258 3.54814 3.5713 3.59518 3.61965 3.64458 3.66982 3.69523 3.72064 3.74592 3.7709 3.79544 3.81939 3.84262 3.86499 3.8864 3.90672 3.92586 3.94373 3.96026 3.97537 3.98902 4.00115 4.01173 4.02072 4.02809 4.03382 4.03791 4.04033 4.04107 4.04014 4.03754 4.03325 4.0273 4.01969 4.01044 3.99958 3.98714 3.97316 3.95769 3.9408 3.92255 3.90305 3.88237 3.86063 3.83795 3.81445 3.79029 3.76559 3.74052 3.71523 3.68987 3.6646 3.63957 3.61493 3.59082 3.56737 3.54469 3.52289 3.50206 3.48228 3.4636 3.44608 3.42974 3.41461 3.40067 3.38793 3.37637 3.36595 3.35665 3.34843 3.34123 3.33503 3.32977 3.32542 3.32194 3.31929 3.31746 3.31642 
3.31 3.31055 3.31192 3.31412 3.31718 3.32112 3.326 3.33183 3.33868 3.34658 3.35558 3.36572 3.37705 3.38958 3.40335 3.41837 3.43464 3.45214 3.47085 3.49072 3.51169 3.5337 3.55664 3.58042 3.60491 3.62999 3.65552 3.68135 3.70733 3.7333 3.7591 3.78458 3.80959 3.83398 3.85761 3.88036 3.9021 3.92273 3.94214 3.96026 3.977 3.9923 4.00611 4.01838 4.02907 4.03815 4.0456 4.0514 4.05553 4.05798 4.05875 4.05782 4.0552 4.05089 4.04489 4.03721 4.02788 4.01691 4.00433 3.99019 3.97453 3.95741 3.93892 3.91912 3.89811 3.87601 3.85294 3.82901 3.80438 3.77919 3.75359 3.72775 3.70182 3.67596 3.65033 3.62508 3.60035 3.57627 3.55298 3.53057 3.50915 3.48879 3.46956 3.4515 3.43466 3.41904 3.40465 3.39149 3.37954 3.36877 3.35915 3.35063 3.34318 3.33675 3.3313 3.32679 3.32317 3.32042 3.31852 3.31744 
3.31095 3.31151 3.31292 3.31519 3.31835 3.32242 3.32745 3.33347 3.34054 3.34869 3.35797 3.36843 3.38009 3.393 3.40718 3.42263 3.43935 3.45734 3.47655 3.49694 3.51846 3.54101 3.56452 3.58886 3.61391 3.63955 3.66563 3.69199 3.71849 3.74495 3.77123 3.79716 3.82259 3.84738 3.87137 3.89445 3.91649 3.93739 3.95705 3.97537 3.9923 4.00777 4.02171 4.0341 4.04489 4.05406 4.06158 4.06743 4.0716 4.07408 4.07486 4.07393 4.0713 4.06697 4.06093 4.0532 4.04379 4.03273 4.02004 4.00576 3.98994 3.97263 3.9539 3.93385 3.91256 3.89014 3.86671 3.8424 3.81735 3.79171 3.76564 3.7393 3.71285 3.68645 3.66027 3.63446 3.60916 3.58452 3.56066 3.5377 3.51573 3.49484 3.47509 3.45654 3.43923 3.42316 3.40836 3.39481 3.3825 3.3714 3.36148 3.35269 3.345 3.33836 3.33273 3.32807 3.32433 3.32149 3.31952 3.3184 
3.31182 3.31239 3.31384 3.31618 3.31943 3.32362 3.3288 3.33499 3.34226 3.35064 3.36018 3.37092 3.3829 3.39615 3.4107 3.42654 3.44368 3.46211 3.48178 3.50265 3.52465 3.5477 3.57171 3.59656 3.62212 3.64826 3.67483 3.70168 3.72864 3.75555 3.78225 3.80858 3.83439 3.85952 3.88383 3.9072 3.92951 3.95064 3.97051 3.98902 4.00611 4.02171 4.03578 4.04827 4.05914 4.06838 4.07595 4.08185 4.08606 4.08856 4.08936 4.08844 4.0858 4.08145 4.07538 4.06761 4.05814 4.047 4.03422 4.01982 4.00385 3.98637 3.96746 3.94718 3.92564 3.90293 3.87919 3.85454 3.82912 3.80308 3.77659 3.74981 3.72289 3.69601 3.66933 3.64301 3.61721 3.59205 3.56769 3.54422 3.52175 3.50038 3.48016 3.46116 3.44342 3.42695 3.41177 3.39786 3.38522 3.37382 3.36362 3.35459 3.34668 3.33985 3.33405 3.32925 3.3254 3.32247 3.32044 3.31928 
3.31261 3.3132 3.31469 3.31708 3.32042 3.32472 3.33002 3.33637 3.34382 3.3524 3.36217 3.37317 3.38544 3.399 3.41387 3.43007 3.44759 3.4664 3.48648 3.50778 3.53022 3.55371 3.57817 3.60347 3.62948 3.65607 3.68308 3.71035 3.73772 3.76502 3.79209 3.81878 3.84491 3.87035 3.89494 3.91856 3.9411 3.96244 3.98248 4.00115 4.01838 4.0341 4.04827 4.06084 4.07179 4.08108 4.08871 4.09464 4.09888 4.1014 4.10221 4.1013 4.09866 4.09429 4.0882 4.08039 4.07088 4.05968 4.04681 4.03231 4.01622 3.9986 3.97952 3.95905 3.93729 3.91434 3.89032 3.86537 3.83963 3.81325 3.78638 3.7592 3.73188 3.70457 3.67745 3.65069 3.62443 3.59882 3.57399 3.55007 3.52717 3.50536 3.48473 3.46533 3.4472 3.43037 3.41484 3.40062 3.38768 3.37601 3.36557 3.35631 3.34821 3.3412 3.33526 3.33033 3.32638 3.32337 3.32128 3.32009 
3.31333 3.31393 3.31544 3.31789 3.3213 3.32569 3.33111 3.3376 3.3452 3.35397 3.36395 3.37517 3.38769 3.40152 3.41668 3.43319 3.45103 3.47019 3.49063 3.5123 3.53512 3.55901 3.58385 3.60955 3.63595 3.66292 3.69031 3.71795 3.74567 3.77332 3.80071 3.8277 3.85411 3.87981 3.90464 3.92848 3.95121 3.97272 3.99292 4.01173 4.02907 4.04489 4.05914 4.07179 4.08279 4.09214 4.0998 4.10577 4.11003 4.11257 4.11339 4.11248 4.10984 4.10547 4.09936 4.09152 4.08197 4.07072 4.05778 4.0432 4.02701 4.00927 3.99005 3.96941 3.94746 3.92431 3.90006 3.87485 3.84883 3.82214 3.79496 3.76744 3.73975 3.71208 3.68458 3.65742 3.63077 3.60476 3.57954 3.55523 3.53193 3.50975 3.48875 3.469 3.45054 3.43338 3.41756 3.40305 3.38986 3.37795 3.36729 3.35784 3.34956 3.3424 3.33633 3.33129 3.32724 3.32417 3.32203 3.32081 
3.31395 3.31456 3.3161 3.31859 3.32206 3.32653 3.33205 3.33866 3.3464 3.35533 3.36548 3.3769 3.38962 3.40368 3.4191 3.43587 3.45399 3.47345 3.4942 3.51618 3.53932 3.56354 3.58872 3.61474 3.64148 3.66878 3.69648 3.72443 3.75246 3.78039 3.80806 3.8353 3.86195 3.88787 3.9129 3.93692 3.95982 3.98147 4.0018 4.02072 4.03815 4.05406 4.06838 4.08108 4.09214 4.10152 4.10922 4.11521 4.11949 4.12205 4.12288 4.12198 4.11934 4.11495 4.10883 4.10098 4.09139 4.08009 4.0671 4.05245 4.03618 4.01834 3.999 3.97823 3.95612 3.93279 3.90834 3.88292 3.85666 3.82973 3.80227 3.77446 3.74648 3.71849 3.69067 3.66318 3.63619 3.60985 3.58429 3.55964 3.53602 3.51352 3.49221 3.47215 3.4534 3.43598 3.4199 3.40515 3.39174 3.37962 3.36877 3.35916 3.35073 3.34344 3.33725 3.33212 3.328 3.32486 3.32269 3.32144 
3.31447 3.31509 3.31665 3.31918 3.3227 3.32724 3.33285 3.33955 3.34741 3.35646 3.36675 3.37833 3.39123 3.40548 3.4211 3.43809 3.45645 3.47614 3.49714 3.51938 3.54279 3.56727 3.59273 3.61903 3.64603 3.6736 3.70157 3.72977 3.75804 3.7862 3.81409 3.84154 3.86839 3.89448 3.91968 3.94385 3.96688 3.98865 4.00908 4.02809 4.0456 4.06158 4.07595 4.08871 4.0998 4.10922 4.11694 4.12296 4.12726 4.12983 4.13067 4.12977 4.12712 4.12274 4.1166 4.10873 4.09912 4.08778 4.07475 4.06004 4.04371 4.02578 4.00634 3.98546 3.96323 3.93976 3.91515 3.88955 3.8631 3.83596 3.80828 3.78024 3.75201 3.72376 3.69568 3.66792 3.64066 3.61404 3.58821 3.56329 3.53939 3.51663 3.49506 3.47476 3.45578 3.43813 3.42184 3.4069 3.3933 3.38101 3.37001 3.36026 3.3517 3.34431 3.33803 3.33281 3.32863 3.32545 3.32323 3.32197 
3.31488 3.31551 3.31709 3.31965 3.32321 3.32781 3.33347 3.34026 3.3482 3.35735 3.36776 3.37947 3.3925 3.4069 3.42268 3.43983 3.45837 3.47825 3.49944 3.52188 3.5455 3.57019 3.59585 3.62236 3.64958 3.67736 3.70552 3.73392 3.76238 3.79073 3.81879 3.8464 3.8734 3.89963 3.92495 3.94924 3.97237 3.99423 4.01475 4.03382 4.0514 4.06743 4.08185 4.09464 4.10577 4.11521 4.12296 4.12899 4.1333 4.13588 4.13673 4.13583 4.13319 4.1288 4.12266 4.11476 4.10513 4.09377 4.0807 4.06595 4.04956 4.03158 4.01206 3.99109 3.96876 3.94517 3.92045 3.89471 3.86811 3.84081 3.81296 3.78473 3.75631 3.72787 3.69958 3.67162 3.64414 3.61731 3.59126 3.56613 3.54203 3.51906 3.49729 3.4768 3.45763 3.43981 3.42336 3.40826 3.39452 3.38211 3.37099 3.36113 3.35248 3.345 3.33864 3.33337 3.32914 3.32592 3.32367 3.3224 
3.31519 3.31582 3.31742 3.32 3.32359 3.32822 3.33394 3.34077 3.34878 3.358 3.36849 3.38028 3.39342 3.40792 3.42381 3.44109 3.45974 3.47976 3.50109 3.52367 3.54743 3.57227 3.59808 3.62474 3.6521 3.68002 3.70833 3.73687 3.76546 3.79394 3.82212 3.84984 3.87695 3.90328 3.9287 3.95307 3.97627 3.9982 4.01878 4.03791 4.05553 4.0716 4.08606 4.09888 4.11003 4.11949 4.12726 4.1333 4.13762 4.14021 4.14106 4.14017 4.13753 4.13313 4.12698 4.11908 4.10943 4.09805 4.08495 4.07016 4.05373 4.0357 4.01613 3.9951 3.97269 3.94902 3.9242 3.89837 3.87166 3.84424 3.81627 3.78792 3.75937 3.73078 3.70235 3.67424 3.64661 3.61963 3.59343 3.56815 3.54391 3.52079 3.49889 3.47826 3.45897 3.44102 3.42445 3.40925 3.39541 3.3829 3.3717 3.36176 3.35304 3.3455 3.33909 3.33378 3.32951 3.32626 3.324 3.32271 
3.31539 3.31603 3.31763 3.32022 3.32383 3.32848 3.33422 3.34109 3.34914 3.3584 3.36894 3.38078 3.39397 3.40853 3.42449 3.44183 3.46056 3.48065 3.50206 3.52472 3.54856 3.57349 3.59939 3.62613 3.65358 3.68158 3.70998 3.73859 3.76727 3.79581 3.82407 3.85186 3.87903 3.90542 3.9309 3.95532 3.97857 4.00055 4.02116 4.04033 4.05798 4.07408 4.08856 4.1014 4.11257 4.12205 4.12983 4.13588 4.14021 4.14281 4.14366 4.14277 4.14012 4.13572 4.12956 4.12165 4.11199 4.10059 4.08747 4.07266 4.0562 4.03814 4.01853 3.99746 3.97501 3.95128 3.92641 3.90051 3.87374 3.84625 3.81821 3.78978 3.76115 3.73248 3.70397 3.67577 3.64806 3.62099 3.59471 3.56934 3.54501 3.52181 3.49983 3.47913 3.45976 3.44174 3.42511 3.40984 3.39594 3.38338 3.37213 3.36214 3.35339 3.34581 3.33938 3.33403 3.32974 3.32648 3.32421 3.32291 
