2.36674 2.367 2.36726 2.36752 2.36777 2.36801 2.36824 2.36847 2.36868 2.36889 2.36908 2.36927 2.36946 2.36964 2.36981 2.36999 2.37016 2.37035 2.37054 2.37074 2.37095 2.37118 2.37143 2.3717 2.372 2.37232 2.37266 2.37304 2.37344 2.37387 2.37432 2.3748 2.3753 2.37582 2.37636 2.3769 2.37745 2.37801 2.37855 2.37909 2.3796 2.3801 2.38056 2.38099 2.38138 2.38172 2.38201 2.38224 2.38242 2.38254 2.38259 2.38259 2.38252 2.38239 2.3822 2.38195 2.38165 2.3813 2.38091 2.38048 2.38002 2.37953 2.37901 2.37849 2.37795 2.37741 2.37688 2.37635 2.37583 2.37533 2.37485 2.3744 2.37397 2.37357 2.3732 2.37286 2.37256 2.37228 2.37205 2.37184 2.37167 2.37153 2.37142 2.37135 2.3713 2.37129 2.37131 2.37135 2.37142 2.37152 2.37164 2.37178 2.37195 2.37213 2.37233 2.37255 2.37278 2.37302 2.37327 2.37353 
2.367 2.36726 2.36752 2.36778 2.36802 2.36827 2.3685 2.36872 2.36894 2.36914 2.36934 2.36953 2.36971 2.36989 2.37007 2.37024 2.37042 2.3706 2.37079 2.37099 2.37121 2.37144 2.37169 2.37197 2.37226 2.37259 2.37294 2.37332 2.37373 2.37416 2.37463 2.37511 2.37562 2.37615 2.3767 2.37726 2.37782 2.37838 2.37894 2.37949 2.38002 2.38052 2.381 2.38143 2.38183 2.38218 2.38248 2.38272 2.3829 2.38302 2.38307 2.38307 2.38299 2.38286 2.38267 2.38241 2.38211 2.38175 2.38135 2.38091 2.38043 2.37993 2.37941 2.37887 2.37832 2.37777 2.37723 2.37669 2.37616 2.37565 2.37516 2.3747 2.37426 2.37386 2.37348 2.37314 2.37283 2.37255 2.37231 2.3721 2.37193 2.37179 2.37168 2.3716 2.37156 2.37155 2.37156 2.3716 2.37168 2.37177 2.37189 2.37204 2.3722 2.37239 2.37259 2.37281 2.37304 2.37328 2.37353 2.37379 
2.36726 2.36752 2.36778 2.36803 2.36828 2.36852 2.36876 2.36898 2.3692 2.36941 2.36961 2.3698 2.36998 2.37016 2.37034 2.37052 2.37071 2.3709 2.3711 2.37131 2.37154 2.37178 2.37205 2.37234 2.37266 2.37301 2.37339 2.3738 2.37424 2.37471 2.37521 2.37573 2.37628 2.37685 2.37744 2.37804 2.37865 2.37925 2.37985 2.38044 2.38101 2.38156 2.38207 2.38254 2.38296 2.38334 2.38365 2.38391 2.38411 2.38423 2.38429 2.38428 2.38421 2.38406 2.38385 2.38358 2.38325 2.38286 2.38243 2.38195 2.38144 2.3809 2.38034 2.37976 2.37917 2.37857 2.37799 2.3774 2.37684 2.37629 2.37576 2.37526 2.37479 2.37435 2.37395 2.37358 2.37324 2.37295 2.37269 2.37246 2.37227 2.37212 2.372 2.37191 2.37186 2.37183 2.37184 2.37188 2.37195 2.37204 2.37216 2.3723 2.37247 2.37265 2.37285 2.37307 2.3733 2.37354 2.37379 2.37405 
2.36752 2.36778 2.36803 2.36829 2.36854 2.36878 2.36902 2.36924 2.36946 2.36967 2.36987 2.37007 2.37026 2.37045 2.37064 2.37083 2.37103 2.37123 2.37145 2.37169 2.37194 2.37221 2.37252 2.37284 2.3732 2.3736 2.37402 2.37449 2.37498 2.37551 2.37608 2.37667 2.37729 2.37794 2.3786 2.37928 2.37996 2.38064 2.38132 2.38198 2.38262 2.38323 2.3838 2.38433 2.38481 2.38522 2.38558 2.38587 2.38608 2.38622 2.38629 2.38627 2.38618 2.38602 2.38578 2.38547 2.3851 2.38466 2.38418 2.38364 2.38306 2.38246 2.38182 2.38117 2.3805 2.37984 2.37917 2.37852 2.37788 2.37726 2.37666 2.3761 2.37557 2.37507 2.37461 2.37419 2.37381 2.37347 2.37318 2.37292 2.3727 2.37252 2.37237 2.37227 2.3722 2.37216 2.37215 2.37218 2.37224 2.37232 2.37244 2.37257 2.37273 2.37291 2.37311 2.37333 2.37356 2.3738 2.37405 2.3743 
2.36777 2.36802 2.36828 2.36854 2.36879 2.36903 2.36927 2.3695 2.36972 2.36994 2.37015 2.37035 2.37055 2.37076 2.37096 2.37117 2.37139 2.37162 2.37186 2.37213 2.37242 2.37274 2.37309 2.37348 2.3739 2.37436 2.37486 2.3754 2.37598 2.3766 2.37726 2.37796 2.37868 2.37944 2.38021 2.381 2.38179 2.38259 2.38337 2.38414 2.38488 2.38559 2.38625 2.38686 2.38741 2.38789 2.3883 2.38863 2.38887 2.38903 2.3891 2.38908 2.38898 2.38878 2.3885 2.38814 2.38771 2.3872 2.38664 2.38601 2.38534 2.38464 2.3839 2.38314 2.38236 2.38159 2.38081 2.38005 2.3793 2.37858 2.37789 2.37723 2.37661 2.37603 2.37549 2.37499 2.37455 2.37414 2.37379 2.37348 2.37321 2.37299 2.37281 2.37268 2.37258 2.37252 2.37249 2.3725 2.37255 2.37262 2.37272 2.37285 2.373 2.37318 2.37337 2.37359 2.37381 2.37405 2.3743 2.37455 
2.36801 2.36827 2.36852 2.36878 2.36903 2.36928 2.36952 2.36976 2.36998 2.37021 2.37043 2.37064 2.37086 2.37108 2.3713 2.37154 2.37178 2.37205 2.37234 2.37265 2.37299 2.37337 2.37379 2.37425 2.37476 2.37531 2.37591 2.37656 2.37726 2.378 2.3788 2.37963 2.38049 2.38139 2.38232 2.38325 2.3842 2.38514 2.38607 2.38698 2.38785 2.38869 2.38947 2.39019 2.39083 2.3914 2.39188 2.39226 2.39255 2.39273 2.39281 2.39279 2.39265 2.39242 2.39209 2.39166 2.39114 2.39054 2.38987 2.38913 2.38834 2.3875 2.38662 2.38572 2.3848 2.38388 2.38295 2.38205 2.38116 2.3803 2.37947 2.37868 2.37794 2.37724 2.37659 2.376 2.37546 2.37497 2.37454 2.37416 2.37383 2.37355 2.37332 2.37314 2.37301 2.37291 2.37286 2.37285 2.37287 2.37293 2.37302 2.37313 2.37328 2.37344 2.37363 2.37384 2.37406 2.3743 2.37454 2.37479 
2.36824 2.3685 2.36876 2.36902 2.36927 2.36952 2.36977 2.37001 2.37024 2.37048 2.37071 2.37094 2.37118 2.37142 2.37167 2.37194 2.37223 2.37254 2.37288 2.37325 2.37367 2.37413 2.37463 2.37519 2.37581 2.37648 2.37721 2.378 2.37885 2.37976 2.38072 2.38172 2.38277 2.38386 2.38497 2.3861 2.38723 2.38836 2.38948 2.39057 2.39161 2.39261 2.39354 2.39439 2.39516 2.39583 2.3964 2.39685 2.39719 2.3974 2.39749 2.39746 2.3973 2.39702 2.39661 2.3961 2.39548 2.39476 2.39395 2.39307 2.39211 2.39111 2.39005 2.38897 2.38787 2.38676 2.38565 2.38455 2.38348 2.38244 2.38144 2.38049 2.37959 2.37874 2.37795 2.37723 2.37657 2.37597 2.37544 2.37497 2.37456 2.37421 2.37391 2.37368 2.37349 2.37335 2.37327 2.37322 2.37322 2.37325 2.37332 2.37342 2.37355 2.37371 2.37389 2.37409 2.3743 2.37454 2.37478 2.37503 
2.36847 2.36872 2.36898 2.36924 2.3695 2.36976 2.37001 2.37026 2.3705 2.37075 2.371 2.37125 2.37151 2.37179 2.37207 2.37239 2.37272 2.37309 2.3735 2.37396 2.37446 2.37502 2.37564 2.37633 2.37708 2.3779 2.3788 2.37976 2.3808 2.38191 2.38307 2.3843 2.38557 2.38689 2.38823 2.3896 2.39097 2.39233 2.39368 2.39498 2.39624 2.39743 2.39855 2.39957 2.40048 2.40128 2.40196 2.4025 2.4029 2.40315 2.40325 2.4032 2.40301 2.40266 2.40218 2.40156 2.40081 2.39994 2.39897 2.3979 2.39676 2.39554 2.39427 2.39297 2.39164 2.39029 2.38895 2.38763 2.38633 2.38507 2.38386 2.3827 2.3816 2.38057 2.37961 2.37872 2.37791 2.37717 2.37651 2.37592 2.37541 2.37497 2.37459 2.37428 2.37404 2.37385 2.37371 2.37362 2.37358 2.37359 2.37363 2.37372 2.37383 2.37397 2.37414 2.37433 2.37454 2.37477 2.37501 2.37525 
2.36868 2.36894 2.3692 2.36946 2.36972 2.36998 2.37024 2.3705 2.37076 2.37103 2.3713 2.37158 2.37187 2.37218 2.37252 2.37288 2.37328 2.37373 2.37422 2.37477 2.37539 2.37608 2.37684 2.37768 2.3786 2.37961 2.3807 2.38189 2.38316 2.3845 2.38593 2.38742 2.38896 2.39056 2.39219 2.39384 2.39549 2.39714 2.39875 2.40033 2.40183 2.40326 2.4046 2.40582 2.40691 2.40786 2.40867 2.40931 2.40978 2.41007 2.41019 2.41013 2.40989 2.40947 2.40888 2.40814 2.40723 2.40619 2.40502 2.40374 2.40236 2.40089 2.39937 2.39779 2.39619 2.39457 2.39295 2.39134 2.38977 2.38824 2.38677 2.38536 2.38402 2.38276 2.38159 2.3805 2.3795 2.3786 2.37778 2.37705 2.37641 2.37585 2.37538 2.37498 2.37465 2.37439 2.3742 2.37406 2.37398 2.37395 2.37396 2.37402 2.37411 2.37424 2.37439 2.37457 2.37478 2.37499 2.37523 2.37547 
2.36889 2.36914 2.36941 2.36967 2.36994 2.37021 2.37048 2.37075 2.37103 2.37131 2.37161 2.37192 2.37225 2.37261 2.37301 2.37344 2.37392 2.37446 2.37506 2.37573 2.37648 2.37732 2.37825 2.37928 2.38041 2.38164 2.38298 2.38443 2.38597 2.38761 2.38934 2.39115 2.39302 2.39495 2.39692 2.39891 2.4009 2.40287 2.40481 2.40669 2.4085 2.4102 2.41179 2.41325 2.41455 2.41568 2.41664 2.41739 2.41795 2.4183 2.41843 2.41835 2.41806 2.41755 2.41685 2.41595 2.41487 2.41362 2.41221 2.41067 2.40902 2.40726 2.40543 2.40354 2.4016 2.39965 2.3977 2.39577 2.39387 2.39202 2.39024 2.38853 2.3869 2.38537 2.38394 2.38261 2.38139 2.38028 2.37927 2.37837 2.37758 2.37688 2.37628 2.37578 2.37535 2.37501 2.37474 2.37455 2.37441 2.37434 2.37431 2.37434 2.3744 2.37451 2.37465 2.37481 2.375 2.37521 2.37544 2.37568 
2.36908 2.36934 2.36961 2.36987 2.37015 2.37043 2.37071 2.371 2.3713 2.37161 2.37194 2.37229 2.37267 2.37309 2.37355 2.37407 2.37465 2.37529 2.37602 2.37684 2.37776 2.37878 2.37991 2.38117 2.38255 2.38405 2.38568 2.38743 2.38931 2.39129 2.39338 2.39556 2.39782 2.40014 2.4025 2.40489 2.40727 2.40963 2.41195 2.41419 2.41634 2.41837 2.42026 2.42198 2.42352 2.42486 2.42599 2.42688 2.42753 2.42794 2.42809 2.42798 2.42763 2.42702 2.42618 2.42511 2.42382 2.42233 2.42066 2.41882 2.41684 2.41475 2.41256 2.41029 2.40798 2.40564 2.40331 2.40099 2.3987 2.39648 2.39433 2.39226 2.3903 2.38845 2.38671 2.3851 2.38361 2.38225 2.38102 2.37992 2.37894 2.37808 2.37733 2.37669 2.37615 2.37571 2.37535 2.37508 2.37488 2.37475 2.37468 2.37467 2.3747 2.37478 2.3749 2.37505 2.37523 2.37543 2.37565 2.37588 
2.36927 2.36953 2.3698 2.37007 2.37035 2.37064 2.37094 2.37125 2.37158 2.37192 2.37229 2.37269 2.37314 2.37362 2.37417 2.37479 2.37548 2.37626 2.37714 2.37813 2.37925 2.38049 2.38187 2.38339 2.38506 2.38689 2.38886 2.39097 2.39323 2.39562 2.39813 2.40075 2.40345 2.40622 2.40904 2.41188 2.41472 2.41752 2.42027 2.42293 2.42547 2.42787 2.43009 2.43213 2.43394 2.43551 2.43683 2.43788 2.43864 2.43911 2.43928 2.43915 2.43873 2.43801 2.43701 2.43573 2.43421 2.43244 2.43046 2.42828 2.42594 2.42345 2.42085 2.41816 2.41541 2.41263 2.40984 2.40707 2.40435 2.40169 2.39911 2.39664 2.39428 2.39205 2.38996 2.38801 2.38621 2.38456 2.38307 2.38172 2.38052 2.37946 2.37854 2.37774 2.37706 2.3765 2.37604 2.37568 2.3754 2.37521 2.37508 2.37502 2.37502 2.37507 2.37516 2.37529 2.37545 2.37563 2.37585 2.37607 
2.36946 2.36971 2.36998 2.37026 2.37055 2.37086 2.37118 2.37151 2.37187 2.37225 2.37267 2.37314 2.37365 2.37422 2.37487 2.37561 2.37644 2.37738 2.37844 2.37964 2.38099 2.38249 2.38415 2.38599 2.38801 2.3902 2.39257 2.39511 2.39781 2.40067 2.40366 2.40678 2.40999 2.41329 2.41663 2.41999 2.42334 2.42665 2.42988 2.43301 2.43599 2.43881 2.44142 2.44379 2.44592 2.44775 2.44929 2.45051 2.45139 2.45193 2.45212 2.45197 2.45146 2.45061 2.44943 2.44793 2.44614 2.44406 2.44173 2.43917 2.43641 2.43348 2.43041 2.42724 2.42399 2.4207 2.4174 2.41412 2.41089 2.40773 2.40466 2.40171 2.3989 2.39623 2.39373 2.39139 2.38923 2.38724 2.38544 2.38381 2.38235 2.38106 2.37993 2.37895 2.37811 2.3774 2.37682 2.37635 2.37598 2.37571 2.37552 2.3754 2.37535 2.37536 2.37542 2.37553 2.37567 2.37584 2.37604 2.37626 
2.36964 2.36989 2.37016 2.37045 2.37076 2.37108 2.37142 2.37179 2.37218 2.37261 2.37309 2.37362 2.37422 2.3749 2.37567 2.37654 2.37754 2.37867 2.37995 2.38139 2.383 2.38481 2.38681 2.38901 2.39142 2.39404 2.39687 2.39989 2.40311 2.4065 2.41005 2.41374 2.41753 2.42141 2.42535 2.42929 2.43322 2.4371 2.44088 2.44453 2.44802 2.45129 2.45433 2.45709 2.45955 2.46168 2.46346 2.46487 2.46589 2.46651 2.46672 2.46653 2.46593 2.46494 2.46356 2.46181 2.45971 2.45729 2.45457 2.45158 2.44836 2.44493 2.44134 2.43762 2.43381 2.42995 2.42607 2.42221 2.4184 2.41467 2.41105 2.40756 2.40422 2.40105 2.39807 2.39529 2.39271 2.39034 2.38817 2.38622 2.38446 2.3829 2.38152 2.38033 2.3793 2.37843 2.3777 2.3771 2.37663 2.37626 2.37599 2.37581 2.37571 2.37567 2.3757 2.37577 2.37589 2.37605 2.37623 2.37645 
2.36981 2.37007 2.37034 2.37064 2.37096 2.3713 2.37167 2.37207 2.37252 2.37301 2.37355 2.37417 2.37487 2.37567 2.37658 2.37762 2.37881 2.38015 2.38168 2.38341 2.38534 2.38749 2.38988 2.3925 2.39537 2.39847 2.40182 2.4054 2.4092 2.41319 2.41737 2.4217 2.42615 2.43069 2.43528 2.43989 2.44446 2.44897 2.45336 2.45759 2.46162 2.46541 2.46892 2.47211 2.47494 2.47739 2.47944 2.48105 2.48221 2.48292 2.48316 2.48293 2.48223 2.48108 2.47948 2.47745 2.47502 2.47222 2.46907 2.4656 2.46186 2.45789 2.45372 2.44939 2.44496 2.44046 2.43593 2.43142 2.42696 2.42259 2.41834 2.41424 2.41031 2.40658 2.40306 2.39977 2.39671 2.39389 2.39132 2.38898 2.38688 2.38501 2.38335 2.38191 2.38066 2.37959 2.37869 2.37795 2.37735 2.37688 2.37652 2.37626 2.37609 2.37601 2.37599 2.37603 2.37612 2.37625 2.37642 2.37663 
2.36999 2.37024 2.37052 2.37083 2.37117 2.37154 2.37194 2.37239 2.37288 2.37344 2.37407 2.37479 2.37561 2.37654 2.37762 2.37885 2.38026 2.38186 2.38368 2.38573 2.38802 2.39057 2.3934 2.3965 2.39988 2.40355 2.40749 2.41169 2.41614 2.42081 2.42569 2.43074 2.43592 2.44119 2.44651 2.45184 2.45713 2.46233 2.46739 2.47226 2.47689 2.48124 2.48526 2.48891 2.49215 2.49495 2.49728 2.49911 2.50044 2.50123 2.5015 2.50123 2.50042 2.49909 2.49725 2.49493 2.49214 2.48891 2.48529 2.48131 2.477 2.47242 2.46761 2.46262 2.4575 2.45229 2.44705 2.44181 2.43663 2.43155 2.4266 2.42181 2.41722 2.41286 2.40873 2.40487 2.40127 2.39795 2.3949 2.39214 2.38965 2.38742 2.38544 2.38371 2.38221 2.38092 2.37983 2.37891 2.37817 2.37757 2.3771 2.37675 2.37651 2.37636 2.37629 2.37629 2.37635 2.37646 2.37662 2.37681 
2.37016 2.37042 2.37071 2.37103 2.37139 2.37178 2.37223 2.37272 2.37328 2.37392 2.37465 2.37548 2.37644 2.37754 2.37881 2.38026 2.38192 2.38382 2.38596 2.38838 2.39109 2.39409 2.39742 2.40106 2.40503 2.40932 2.41392 2.41881 2.42399 2.42942 2.43508 2.44091 2.44689 2.45297 2.4591 2.46523 2.4713 2.47725 2.48303 2.48859 2.49388 2.49883 2.5034 2.50754 2.51122 2.51439 2.51703 2.51911 2.5206 2.5215 2.52179 2.52147 2.52054 2.51903 2.51693 2.51428 2.5111 2.50743 2.50329 2.49875 2.49383 2.48859 2.48309 2.47737 2.4715 2.46552 2.45949 2.45346 2.44749 2.44162 2.43589 2.43034 2.42502 2.41994 2.41514 2.41063 2.40643 2.40254 2.39897 2.39572 2.39279 2.39016 2.38782 2.38576 2.38397 2.38242 2.3811 2.38 2.37908 2.37834 2.37775 2.3773 2.37698 2.37675 2.37663 2.37658 2.3766 2.37668 2.37682 2.377 
2.37035 2.3706 2.3709 2.37123 2.37162 2.37205 2.37254 2.37309 2.37373 2.37446 2.37529 2.37626 2.37738 2.37867 2.38015 2.38186 2.38382 2.38604 2.38856 2.3914 2.39457 2.39809 2.40197 2.40622 2.41084 2.41582 2.42116 2.42683 2.43281 2.43907 2.44557 2.45228 2.45914 2.4661 2.4731 2.48008 2.48699 2.49376 2.50033 2.50663 2.51261 2.5182 2.52336 2.52804 2.53218 2.53575 2.53871 2.54104 2.54271 2.54371 2.54403 2.54366 2.54261 2.54089 2.53852 2.53553 2.53193 2.52778 2.5231 2.51795 2.51238 2.50644 2.50019 2.49369 2.487 2.48018 2.4733 2.46641 2.45957 2.45283 2.44626 2.43988 2.43374 2.42789 2.42233 2.41711 2.41224 2.40772 2.40356 2.39977 2.39633 2.39325 2.3905 2.38808 2.38596 2.38412 2.38255 2.38122 2.38011 2.37921 2.37848 2.37791 2.37748 2.37718 2.37699 2.37689 2.37687 2.37691 2.37702 2.37719 
2.37054 2.37079 2.3711 2.37145 2.37186 2.37234 2.37288 2.3735 2.37422 2.37506 2.37602 2.37714 2.37844 2.37995 2.38168 2.38368 2.38596 2.38856 2.39151 2.39481 2.3985 2.40259 2.4071 2.41202 2.41736 2.42311 2.42925 2.43577 2.44263 2.4498 2.45723 2.46488 2.47268 2.48059 2.48853 2.49644 2.50425 2.51189 2.51928 2.52637 2.53309 2.53937 2.54515 2.55038 2.55501 2.559 2.5623 2.5649 2.56676 2.56786 2.56821 2.56779 2.56661 2.56468 2.56202 2.55866 2.55462 2.54996 2.54471 2.53892 2.53265 2.52596 2.51891 2.51158 2.50402 2.4963 2.4885 2.48068 2.47291 2.46524 2.45774 2.45045 2.44343 2.43672 2.43034 2.42434 2.41872 2.4135 2.40869 2.4043 2.40031 2.39672 2.39351 2.39068 2.38819 2.38603 2.38417 2.38259 2.38127 2.38017 2.37929 2.37859 2.37805 2.37765 2.37738 2.37722 2.37715 2.37716 2.37724 2.37739 
2.37074 2.37099 2.37131 2.37169 2.37213 2.37265 2.37325 2.37396 2.37477 2.37573 2.37684 2.37813 2.37964 2.38139 2.38341 2.38573 2.38838 2.3914 2.39481 2.39864 2.40291 2.40763 2.41282 2.41848 2.42461 2.4312 2.43823 2.44566 2.45348 2.46163 2.47006 2.47872 2.48755 2.49646 2.50541 2.5143 2.52306 2.53161 2.53989 2.54781 2.5553 2.56229 2.56872 2.57453 2.57967 2.58409 2.58775 2.59062 2.59267 2.59389 2.59426 2.59379 2.59247 2.59032 2.58736 2.58362 2.57913 2.57393 2.56808 2.56163 2.55463 2.54715 2.53927 2.53104 2.52256 2.51389 2.50511 2.4963 2.48752 2.47885 2.47036 2.46209 2.45412 2.44647 2.4392 2.43234 2.42591 2.41993 2.4144 2.40934 2.40474 2.40059 2.39688 2.39359 2.39069 2.38816 2.38598 2.38413 2.38256 2.38126 2.38019 2.37934 2.37867 2.37817 2.37781 2.37758 2.37745 2.37742 2.37747 2.3776 
2.37095 2.37121 2.37154 2.37194 2.37242 2.37299 2.37367 2.37446 2.37539 2.37648 2.37776 2.37925 2.38099 2.383 2.38534 2.38802 2.39109 2.39457 2.3985 2.40291 2.40781 2.41323 2.41917 2.42564 2.43263 2.44013 2.44811 2.45654 2.46538 2.47458 2.48408 2.49382 2.50372 2.51371 2.52371 2.53363 2.54339 2.55291 2.5621 2.57088 2.57917 2.5869 2.594 2.60041 2.60608 2.61094 2.61497 2.61812 2.62037 2.6217 2.6221 2.62157 2.62011 2.61774 2.61447 2.61034 2.60538 2.59964 2.59316 2.58601 2.57826 2.56996 2.5612 2.55205 2.5426 2.53293 2.52312 2.51325 2.50341 2.49368 2.48412 2.47481 2.4658 2.45716 2.44892 2.44114 2.43382 2.42701 2.42071 2.41492 2.40965 2.40489 2.40062 2.39682 2.39347 2.39054 2.388 2.38583 2.384 2.38246 2.38119 2.38017 2.37936 2.37874 2.37828 2.37797 2.37778 2.37771 2.37772 2.37783 
2.37118 2.37144 2.37178 2.37221 2.37274 2.37337 2.37413 2.37502 2.37608 2.37732 2.37878 2.38049 2.38249 2.38481 2.38749 2.39057 2.39409 2.39809 2.40259 2.40763 2.41323 2.4194 2.42616 2.4335 2.44142 2.4499 2.4589 2.46839 2.47833 2.48864 2.49928 2.51015 2.52119 2.5323 2.54341 2.5544 2.5652 2.57572 2.58585 2.59551 2.60463 2.61312 2.6209 2.62792 2.63412 2.63943 2.64383 2.64727 2.64972 2.65117 2.6516 2.65101 2.64941 2.6468 2.64322 2.63869 2.63326 2.62696 2.61985 2.61199 2.60345 2.59431 2.58465 2.57455 2.56409 2.55337 2.54248 2.53152 2.52056 2.5097 2.49902 2.4886 2.4785 2.46879 2.45952 2.45074 2.44248 2.43477 2.42762 2.42105 2.41505 2.40962 2.40473 2.40038 2.39654 2.39317 2.39024 2.38772 2.38559 2.38379 2.3823 2.38109 2.38012 2.37937 2.3788 2.3784 2.37815 2.37801 2.37799 2.37807 
2.37143 2.37169 2.37205 2.37252 2.37309 2.37379 2.37463 2.37564 2.37684 2.37825 2.37991 2.38187 2.38415 2.38681 2.38988 2.3934 2.39742 2.40197 2.4071 2.41282 2.41917 2.42616 2.4338 2.44208 2.45099 2.46051 2.4706 2.48122 2.49231 2.5038 2.51562 2.52768 2.5399 2.55218 2.56443 2.57653 2.5884 2.59993 2.61103 2.6216 2.63155 2.6408 2.64928 2.65692 2.66364 2.66941 2.67418 2.6779 2.68055 2.68212 2.68258 2.68193 2.68019 2.67736 2.67346 2.66854 2.66262 2.65576 2.64801 2.63943 2.63011 2.62011 2.60952 2.59844 2.58695 2.57515 2.56315 2.55104 2.53892 2.52688 2.51503 2.50343 2.49218 2.48134 2.47098 2.46114 2.45187 2.4432 2.43515 2.42773 2.42095 2.41479 2.40925 2.40429 2.39991 2.39605 2.3927 2.38981 2.38734 2.38526 2.38353 2.3821 2.38096 2.38006 2.37937 2.37887 2.37854 2.37835 2.37829 2.37834 
2.3717 2.37197 2.37234 2.37284 2.37348 2.37425 2.37519 2.37633 2.37768 2.37928 2.38117 2.38339 2.38599 2.38901 2.3925 2.3965 2.40106 2.40622 2.41202 2.41848 2.42564 2.4335 2.44208 2.45136 2.46132 2.47195 2.48318 2.49498 2.50728 2.52 2.53305 2.54635 2.55979 2.57327 2.58669 2.59992 2.61288 2.62544 2.63751 2.64899 2.65978 2.6698 2.67897 2.68722 2.69448 2.70069 2.70582 2.70983 2.71268 2.71436 2.71485 2.71415 2.71226 2.70921 2.70501 2.69969 2.69329 2.68587 2.67749 2.66819 2.65808 2.64721 2.63569 2.62361 2.61107 2.59818 2.58503 2.57174 2.55842 2.54517 2.53209 2.51928 2.50683 2.4948 2.48329 2.47233 2.46199 2.4523 2.44329 2.43497 2.42734 2.42041 2.41415 2.40855 2.40358 2.3992 2.39539 2.39208 2.38926 2.38687 2.38487 2.38322 2.38188 2.38082 2.38 2.37939 2.37897 2.37871 2.3786 2.37863 
2.372 2.37226 2.37266 2.3732 2.3739 2.37476 2.37581 2.37708 2.3786 2.38041 2.38255 2.38506 2.38801 2.39142 2.39537 2.39988 2.40503 2.41084 2.41736 2.42461 2.43263 2.44142 2.45099 2.46132 2.4724 2.48418 2.49662 2.50965 2.5232 2.53718 2.55151 2.56607 2.58076 2.59546 2.61007 2.62445 2.6385 2.6521 2.66514 2.67753 2.68915 2.69993 2.70978 2.71862 2.7264 2.73306 2.73855 2.74283 2.74587 2.74766 2.74818 2.74743 2.74541 2.74214 2.73764 2.73193 2.72508 2.71711 2.70809 2.69809 2.68719 2.67546 2.66301 2.64993 2.63634 2.62233 2.60802 2.59354 2.57899 2.56449 2.55016 2.53609 2.52238 2.50912 2.4964 2.48428 2.47282 2.46205 2.45202 2.44274 2.43423 2.42647 2.41945 2.41316 2.40756 2.40262 2.3983 2.39456 2.39135 2.38862 2.38633 2.38443 2.38288 2.38164 2.38068 2.37995 2.37944 2.37911 2.37895 2.37894 
2.37232 2.37259 2.37301 2.3736 2.37436 2.37531 2.37648 2.3779 2.37961 2.38164 2.38405 2.38689 2.3902 2.39404 2.39847 2.40355 2.40932 2.41582 2.42311 2.4312 2.44013 2.4499 2.46051 2.47195 2.48418 2.49716 2.51084 2.52514 2.53999 2.55527 2.5709 2.58674 2.6027 2.61864 2.63443 2.64996 2.6651 2.67973 2.69374 2.70701 2.71945 2.73097 2.74148 2.75091 2.75919 2.76627 2.7721 2.77665 2.77988 2.78178 2.78233 2.78153 2.77938 2.7759 2.77111 2.76504 2.75773 2.74924 2.73961 2.72892 2.71725 2.70468 2.69131 2.67724 2.66259 2.64747 2.632 2.61631 2.60052 2.58475 2.56913 2.55377 2.53878 2.52425 2.51028 2.49695 2.48431 2.47243 2.46133 2.45105 2.44159 2.43295 2.42514 2.41811 2.41184 2.40631 2.40145 2.39723 2.3936 2.39051 2.38791 2.38574 2.38397 2.38254 2.38142 2.38056 2.37995 2.37954 2.37932 2.37928 
2.37266 2.37294 2.37339 2.37402 2.37486 2.37591 2.37721 2.3788 2.3807 2.38298 2.38568 2.38886 2.39257 2.39687 2.40182 2.40749 2.41392 2.42116 2.42925 2.43823 2.44811 2.4589 2.4706 2.48318 2.49662 2.51084 2.5258 2.5414 2.55756 2.57417 2.59111 2.60825 2.62548 2.64265 2.65963 2.6763 2.69251 2.70815 2.72309 2.73723 2.75046 2.76269 2.77384 2.78382 2.79259 2.80007 2.80623 2.81103 2.81444 2.81644 2.81702 2.81617 2.81391 2.81023 2.80517 2.79876 2.79103 2.78202 2.77181 2.76046 2.74804 2.73465 2.72039 2.70535 2.68966 2.67344 2.65681 2.63991 2.62288 2.60583 2.58891 2.57224 2.55594 2.54011 2.52486 2.51028 2.49643 2.48338 2.47118 2.45985 2.4494 2.43985 2.43119 2.42339 2.41642 2.41025 2.40482 2.4001 2.39603 2.39255 2.38961 2.38716 2.38514 2.3835 2.38221 2.38122 2.3805 2.38001 2.37973 2.37964 
2.37304 2.37332 2.3738 2.37449 2.3754 2.37656 2.378 2.37976 2.38189 2.38443 2.38743 2.39097 2.39511 2.39989 2.4054 2.41169 2.41881 2.42683 2.43577 2.44566 2.45654 2.46839 2.48122 2.49498 2.50965 2.52514 2.5414 2.55833 2.57582 2.59376 2.61202 2.63046 2.64894 2.66734 2.68549 2.70326 2.72052 2.73714 2.75299 2.76796 2.78195 2.79486 2.8066 2.81712 2.82633 2.83419 2.84066 2.84569 2.84927 2.85136 2.85197 2.85109 2.84871 2.84486 2.83955 2.83282 2.82469 2.81521 2.80445 2.79247 2.77934 2.76517 2.75004 2.73406 2.71736 2.70006 2.6823 2.66421 2.64593 2.62761 2.60939 2.59139 2.57377 2.55662 2.54007 2.52421 2.50912 2.49487 2.48152 2.4691 2.45764 2.44714 2.43759 2.42898 2.42127 2.41443 2.40841 2.40316 2.39862 2.39473 2.39143 2.38867 2.38639 2.38454 2.38307 2.38193 2.38108 2.38051 2.38016 2.38004 
2.37344 2.37373 2.37424 2.37498 2.37598 2.37726 2.37885 2.3808 2.38316 2.38597 2.38931 2.39323 2.39781 2.40311 2.4092 2.41614 2.42399 2.43281 2.44263 2.45348 2.46538 2.47833 2.49231 2.50728 2.5232 2.53999 2.55756 2.57582 2.59465 2.61392 2.63348 2.65321 2.67294 2.69252 2.71181 2.73067 2.74894 2.76649 2.7832 2.79896 2.81366 2.82721 2.83951 2.85051 2.86014 2.86835 2.8751 2.88035 2.88408 2.88627 2.88691 2.88599 2.88352 2.87951 2.87397 2.86694 2.85845 2.84854 2.83727 2.8247 2.81091 2.79599 2.78004 2.76317 2.74549 2.72715 2.70827 2.68901 2.66952 2.64994 2.63042 2.61111 2.59215 2.57368 2.55581 2.53865 2.5223 2.50683 2.49231 2.47878 2.46626 2.45477 2.44431 2.43486 2.42638 2.41885 2.4122 2.40639 2.40135 2.39703 2.39336 2.39028 2.38773 2.38564 2.38398 2.38268 2.38171 2.38104 2.38063 2.38046 
2.37387 2.37416 2.37471 2.37551 2.3766 2.378 2.37976 2.38191 2.3845 2.38761 2.39129 2.39562 2.40067 2.4065 2.41319 2.42081 2.42942 2.43907 2.4498 2.46163 2.47458 2.48864 2.5038 2.52 2.53718 2.55527 2.57417 2.59376 2.61392 2.6345 2.65536 2.67634 2.69728 2.71802 2.73842 2.7583 2.77753 2.79597 2.8135 2.83 2.84535 2.85949 2.87231 2.88375 2.89376 2.90229 2.90929 2.91473 2.9186 2.92087 2.92153 2.92059 2.91804 2.91389 2.90816 2.90087 2.89205 2.88175 2.87001 2.85691 2.8425 2.82689 2.81017 2.79244 2.77384 2.7545 2.73456 2.71416 2.69348 2.67266 2.65187 2.63125 2.61098 2.59118 2.57199 2.55353 2.5359 2.51919 2.50348 2.48881 2.47522 2.46272 2.45132 2.441 2.43173 2.42347 2.41617 2.40978 2.40423 2.39946 2.3954 2.39198 2.38914 2.38681 2.38494 2.38348 2.38238 2.38161 2.38113 2.38091 
2.37432 2.37463 2.37521 2.37608 2.37726 2.3788 2.38072 2.38307 2.38593 2.38934 2.39338 2.39813 2.40366 2.41005 2.41737 2.42569 2.43508 2.44557 2.45723 2.47006 2.48408 2.49928 2.51562 2.53305 2.55151 2.5709 2.59111 2.61202 2.63348 2.65536 2.67748 2.69968 2.72179 2.74365 2.76509 2.78595 2.80609 2.82536 2.84364 2.86082 2.87678 2.89144 2.90473 2.91657 2.92692 2.93572 2.94294 2.94856 2.95255 2.95489 2.95558 2.95462 2.952 2.94774 2.94183 2.93432 2.92522 2.91457 2.90242 2.88883 2.87387 2.85762 2.84019 2.82167 2.8022 2.78191 2.76095 2.73947 2.71764 2.69562 2.67358 2.65169 2.63011 2.60899 2.58849 2.56873 2.54982 2.53187 2.51496 2.49914 2.48445 2.47093 2.45857 2.44736 2.43727 2.42828 2.42031 2.41332 2.40724 2.402 2.39753 2.39376 2.39062 2.38804 2.38596 2.38432 2.38309 2.38221 2.38165 2.38139 
2.3748 2.37511 2.37573 2.37667 2.37796 2.37963 2.38172 2.3843 2.38742 2.39115 2.39556 2.40075 2.40678 2.41374 2.4217 2.43074 2.44091 2.45228 2.46488 2.47872 2.49382 2.51015 2.52768 2.54635 2.56607 2.58674 2.60825 2.63046 2.65321 2.67634 2.69968 2.72305 2.74629 2.7692 2.79163 2.81341 2.83439 2.85443 2.8734 2.89119 2.9077 2.92283 2.93653 2.94872 2.95935 2.96839 2.97581 2.98157 2.98567 2.98808 2.9888 2.98782 2.98515 2.98079 2.97475 2.96705 2.95771 2.94676 2.93425 2.92024 2.90478 2.88796 2.86987 2.85063 2.83035 2.80918 2.78725 2.76474 2.74181 2.71864 2.69539 2.67226 2.64941 2.627 2.60521 2.58416 2.56398 2.54479 2.52667 2.50969 2.49391 2.47934 2.46601 2.4539 2.44299 2.43323 2.42459 2.41698 2.41036 2.40464 2.39975 2.39561 2.39216 2.38931 2.38702 2.3852 2.38383 2.38284 2.3822 2.3819 
2.3753 2.37562 2.37628 2.37729 2.37868 2.38049 2.38277 2.38557 2.38896 2.39302 2.39782 2.40345 2.40999 2.41753 2.42615 2.43592 2.44689 2.45914 2.47268 2.48755 2.50372 2.52119 2.5399 2.55979 2.58076 2.6027 2.62548 2.64894 2.67294 2.69728 2.72179 2.74629 2.77058 2.79449 2.81785 2.84048 2.86223 2.88297 2.90256 2.9209 2.93788 2.95343 2.96747 2.97996 2.99084 3.00008 3.00765 3.01354 3.01772 3.02019 3.02094 3.01995 3.01725 3.01282 3.00667 2.99882 2.98928 2.97809 2.96528 2.95089 2.935 2.91768 2.89901 2.87911 2.85809 2.8361 2.81328 2.7898 2.76583 2.74155 2.71715 2.69282 2.66873 2.64507 2.62201 2.59969 2.57826 2.55784 2.53852 2.5204 2.50351 2.48791 2.4736 2.46058 2.44883 2.43831 2.42897 2.42074 2.41356 2.40735 2.40203 2.39752 2.39375 2.39064 2.38812 2.38612 2.38459 2.38349 2.38278 2.38242 
2.37582 2.37615 2.37685 2.37794 2.37944 2.38139 2.38386 2.38689 2.39056 2.39495 2.40014 2.40622 2.41329 2.42141 2.43069 2.44119 2.45297 2.4661 2.48059 2.49646 2.51371 2.5323 2.55218 2.57327 2.59546 2.61864 2.64265 2.66734 2.69252 2.71802 2.74365 2.7692 2.79449 2.81933 2.84354 2.86695 2.8894 2.91076 2.9309 2.94972 2.96711 2.98301 2.99735 3.01008 3.02116 3.03056 3.03826 3.04425 3.0485 3.05101 3.05178 3.05081 3.04808 3.0436 3.03737 3.02941 3.01972 3.00833 2.99527 2.98059 2.96433 2.94656 2.92739 2.9069 2.88521 2.86247 2.83883 2.81444 2.7895 2.76419 2.73869 2.71321 2.68794 2.66306 2.63877 2.61522 2.59256 2.57093 2.55044 2.53117 2.5132 2.49656 2.48127 2.46735 2.45476 2.44347 2.43343 2.42457 2.41683 2.41012 2.40437 2.39948 2.39539 2.392 2.38924 2.38706 2.38538 2.38417 2.38337 2.38297 
2.37636 2.3767 2.37744 2.3786 2.38021 2.38232 2.38497 2.38823 2.39219 2.39692 2.4025 2.40904 2.41663 2.42535 2.43528 2.44651 2.4591 2.4731 2.48853 2.50541 2.52371 2.54341 2.56443 2.58669 2.61007 2.63443 2.65963 2.68549 2.71181 2.73842 2.76509 2.79163 2.81785 2.84354 2.86853 2.89264 2.91572 2.93763 2.95825 2.97747 2.99521 3.0114 3.02597 3.03889 3.05013 3.05965 3.06745 3.0735 3.07781 3.08037 3.08116 3.08019 3.07746 3.07295 3.06668 3.05864 3.04884 3.03731 3.02406 3.00912 2.99256 2.97443 2.95481 2.93381 2.91153 2.88812 2.86372 2.83851 2.81267 2.78638 2.75985 2.73328 2.70688 2.68084 2.65536 2.63062 2.60677 2.58396 2.56231 2.54193 2.52288 2.50522 2.48897 2.47415 2.46072 2.44866 2.43793 2.42844 2.42014 2.41293 2.40674 2.40147 2.39705 2.39338 2.3904 2.38802 2.38619 2.38486 2.38398 2.38352 
2.3769 2.37726 2.37804 2.37928 2.381 2.38325 2.3861 2.3896 2.39384 2.39891 2.40489 2.41188 2.41999 2.42929 2.43989 2.45184 2.46523 2.48008 2.49644 2.5143 2.53363 2.5544 2.57653 2.59992 2.62445 2.64996 2.6763 2.70326 2.73067 2.7583 2.78595 2.81341 2.84048 2.86695 2.89264 2.91737 2.941 2.96339 2.98441 3.00398 3.022 3.03842 3.05318 3.06624 3.07759 3.0872 3.09506 3.10116 3.10551 3.10809 3.10891 3.10796 3.10523 3.10072 3.09442 3.08634 3.07648 3.06485 3.05145 3.03634 3.01953 3.0011 2.98111 2.95967 2.93687 2.91286 2.88779 2.86183 2.83515 2.80796 2.78047 2.75288 2.72541 2.69827 2.67166 2.64577 2.62077 2.59682 2.57406 2.55259 2.53249 2.51383 2.49664 2.48092 2.46667 2.45386 2.44243 2.43232 2.42345 2.41575 2.40912 2.40347 2.39872 2.39478 2.39156 2.38899 2.38701 2.38557 2.3846 2.38409 
2.37745 2.37782 2.37865 2.37996 2.38179 2.3842 2.38723 2.39097 2.39549 2.4009 2.40727 2.41472 2.42334 2.43322 2.44446 2.45713 2.4713 2.48699 2.50425 2.52306 2.54339 2.5652 2.5884 2.61288 2.6385 2.6651 2.69251 2.72052 2.74894 2.77753 2.80609 2.83439 2.86223 2.8894 2.91572 2.941 2.96511 2.9879 3.00926 3.0291 3.04735 3.06393 3.07882 3.09199 3.1034 3.11306 3.12096 3.1271 3.13147 3.13407 3.13491 3.13398 3.13126 3.12677 3.12048 3.11239 3.1025 3.09081 3.07733 3.06208 3.04509 3.02642 3.00613 2.98432 2.96108 2.93655 2.91088 2.88424 2.85681 2.82879 2.80041 2.77187 2.7434 2.71521 2.68753 2.66055 2.63446 2.60942 2.58558 2.56305 2.54194 2.52231 2.50419 2.48762 2.47256 2.459 2.44689 2.43617 2.42675 2.41856 2.4115 2.40547 2.4004 2.39618 2.39273 2.38997 2.38784 2.38627 2.38523 2.38467 
2.37801 2.37838 2.37925 2.38064 2.38259 2.38514 2.38836 2.39233 2.39714 2.40287 2.40963 2.41752 2.42665 2.4371 2.44897 2.46233 2.47725 2.49376 2.51189 2.53161 2.55291 2.57572 2.59993 2.62544 2.6521 2.67973 2.70815 2.73714 2.76649 2.79597 2.82536 2.85443 2.88297 2.91076 2.93763 2.96339 2.9879 3.01103 3.03266 3.05272 3.07112 3.08783 3.10281 3.11603 3.12748 3.13716 3.14507 3.15121 3.1556 3.15821 3.15907 3.15816 3.15548 3.15101 3.14475 3.13668 3.1268 3.11509 3.10156 3.08623 3.06912 3.05027 3.02974 3.00762 2.98401 2.95904 2.93284 2.90559 2.87749 2.84872 2.81952 2.7901 2.7607 2.73154 2.70286 2.67485 2.64771 2.62164 2.59677 2.57324 2.55116 2.53059 2.51158 2.49417 2.47833 2.46405 2.45128 2.43996 2.43 2.42133 2.41384 2.40745 2.40206 2.39756 2.39389 2.39094 2.38866 2.38698 2.38585 2.38524 
2.37855 2.37894 2.37985 2.38132 2.38337 2.38607 2.38948 2.39368 2.39875 2.40481 2.41195 2.42027 2.42988 2.44088 2.45336 2.46739 2.48303 2.50033 2.51928 2.53989 2.5621 2.58585 2.61103 2.63751 2.66514 2.69374 2.72309 2.75299 2.7832 2.8135 2.84364 2.8734 2.90256 2.9309 2.95825 2.98441 3.00926 3.03266 3.05451 3.07472 3.09324 3.11003 3.12504 3.13828 3.14974 3.15941 3.16731 3.17345 3.17783 3.18046 3.18133 3.18045 3.17781 3.17338 3.16717 3.15914 3.14929 3.1376 3.12407 3.1087 3.09151 3.07254 3.05183 3.02947 3.00555 2.9802 2.95355 2.92577 2.89706 2.86763 2.83768 2.80746 2.7772 2.74714 2.71752 2.68855 2.66044 2.63338 2.60755 2.58306 2.56005 2.53859 2.51874 2.50052 2.48394 2.46896 2.45556 2.44365 2.43317 2.42404 2.41614 2.40939 2.40368 2.39892 2.39502 2.3919 2.38947 2.38768 2.38647 2.38581 
2.37909 2.37949 2.38044 2.38198 2.38414 2.38698 2.39057 2.39498 2.40033 2.40669 2.41419 2.42293 2.43301 2.44453 2.45759 2.47226 2.48859 2.50663 2.52637 2.54781 2.57088 2.59551 2.6216 2.64899 2.67753 2.70701 2.73723 2.76796 2.79896 2.83 2.86082 2.89119 2.9209 2.94972 2.97747 3.00398 3.0291 3.05272 3.07472 3.09505 3.11364 3.13045 3.14548 3.15871 3.17014 3.17978 3.18766 3.19377 3.19814 3.20077 3.20166 3.20081 3.19821 3.19384 3.18769 3.17972 3.16993 3.15829 3.14478 3.12942 3.11219 3.09314 3.07231 3.04977 3.0256 2.99993 2.97289 2.94466 2.91542 2.88538 2.85477 2.82382 2.79278 2.7619 2.73141 2.70155 2.67253 2.64456 2.61781 2.59244 2.56855 2.54625 2.52559 2.50661 2.48932 2.47368 2.45967 2.44721 2.43623 2.42665 2.41836 2.41126 2.40526 2.40025 2.39613 2.39283 2.39026 2.38836 2.38707 2.38637 
2.3796 2.38002 2.38101 2.38262 2.38488 2.38785 2.39161 2.39624 2.40183 2.4085 2.41634 2.42547 2.43599 2.44802 2.46162 2.47689 2.49388 2.51261 2.53309 2.5553 2.57917 2.60463 2.63155 2.65978 2.68915 2.71945 2.75046 2.78195 2.81366 2.84535 2.87678 2.9077 2.93788 2.96711 2.99521 3.022 3.04735 3.07112 3.09324 3.11364 3.13226 3.14907 3.16408 3.17727 3.18865 3.19825 3.20609 3.21217 3.21652 3.21915 3.22005 3.21923 3.21668 3.21237 3.20629 3.19841 3.18869 3.17712 3.16367 3.14833 3.13111 3.11202 3.09111 3.06843 3.04406 3.01813 2.99077 2.96215 2.93245 2.90188 2.87068 2.83908 2.80733 2.7757 2.74442 2.71374 2.68389 2.65508 2.62749 2.60128 2.57658 2.55349 2.53208 2.51239 2.49442 2.47817 2.46358 2.4506 2.43915 2.42914 2.42048 2.41306 2.40677 2.40151 2.39719 2.39372 2.39102 2.38901 2.38766 2.38691 
2.3801 2.38052 2.38156 2.38323 2.38559 2.38869 2.39261 2.39743 2.40326 2.4102 2.41837 2.42787 2.43881 2.45129 2.46541 2.48124 2.49883 2.5182 2.53937 2.56229 2.5869 2.61312 2.6408 2.6698 2.69993 2.73097 2.76269 2.79486 2.82721 2.85949 2.89144 2.92283 2.95343 2.98301 3.0114 3.03842 3.06393 3.08783 3.11003 3.13045 3.14907 3.16587 3.18082 3.19396 3.20528 3.21483 3.22261 3.22865 3.23298 3.2356 3.23651 3.23573 3.23323 3.22899 3.22298 3.21519 3.20556 3.19407 3.1807 3.16542 3.14822 3.12913 3.10817 3.0854 3.06089 3.03475 3.00712 2.97817 2.94807 2.91704 2.88531 2.85314 2.82076 2.78845 2.75646 2.72504 2.69444 2.66485 2.63649 2.60952 2.58407 2.56026 2.53815 2.5178 2.49921 2.48238 2.46725 2.45379 2.4419 2.4315 2.42248 2.41475 2.40819 2.40271 2.3982 2.39457 2.39174 2.38964 2.38821 2.38742 
2.38056 2.381 2.38207 2.3838 2.38625 2.38947 2.39354 2.39855 2.4046 2.41179 2.42026 2.43009 2.44142 2.45433 2.46892 2.48526 2.5034 2.52336 2.54515 2.56872 2.594 2.6209 2.64928 2.67897 2.70978 2.74148 2.77384 2.8066 2.83951 2.87231 2.90473 2.93653 2.96747 2.99735 3.02597 3.05318 3.07882 3.10281 3.12504 3.14548 3.16408 3.18082 3.19572 3.20879 3.22004 3.22952 3.23724 3.24324 3.24754 3.25015 3.25108 3.25033 3.24788 3.24371 3.23779 3.23008 3.22055 3.20916 3.19587 3.18066 3.16352 3.14445 3.12347 3.10063 3.07601 3.04971 3.02187 2.99263 2.9622 2.93077 2.8986 2.86591 2.83298 2.80007 2.76745 2.73537 2.70408 2.6738 2.64474 2.61708 2.59095 2.56648 2.54374 2.52278 2.50363 2.48626 2.47065 2.45674 2.44444 2.43368 2.42434 2.41632 2.40952 2.40383 2.39914 2.39536 2.39241 2.39022 2.38873 2.3879 
2.38099 2.38143 2.38254 2.38433 2.38686 2.39019 2.39439 2.39957 2.40582 2.41325 2.42198 2.43213 2.44379 2.45709 2.47211 2.48891 2.50754 2.52804 2.55038 2.57453 2.60041 2.62792 2.65692 2.68722 2.71862 2.75091 2.78382 2.81712 2.85051 2.88375 2.91657 2.94872 2.97996 3.01008 3.03889 3.06624 3.09199 3.11603 3.13828 3.15871 3.17727 3.19396 3.20879 3.22178 3.23296 3.24237 3.25003 3.25598 3.26025 3.26285 3.26379 3.26307 3.26067 3.25657 3.25073 3.24311 3.23368 3.22239 3.20919 3.19406 3.17698 3.15795 3.13697 3.1141 3.08941 3.06298 3.03496 3.0055 2.97478 2.94302 2.91045 2.87733 2.84391 2.81048 2.7773 2.74464 2.71274 2.68185 2.65217 2.62389 2.59716 2.5721 2.54879 2.5273 2.50763 2.48979 2.47374 2.45942 2.44676 2.43566 2.42603 2.41776 2.41074 2.40485 2.4 2.39609 2.39303 2.39076 2.38921 2.38834 
2.38138 2.38183 2.38296 2.38481 2.38741 2.39083 2.39516 2.40048 2.40691 2.41455 2.42352 2.43394 2.44592 2.45955 2.47494 2.49215 2.51122 2.53218 2.55501 2.57967 2.60608 2.63412 2.66364 2.69448 2.7264 2.75919 2.79259 2.82633 2.86014 2.89376 2.92692 2.95935 2.99084 3.02116 3.05013 3.07759 3.1034 3.12748 3.14974 3.17014 3.18865 3.20528 3.22004 3.23296 3.24407 3.25341 3.26101 3.26692 3.27116 3.27375 3.2747 3.274 3.27165 3.26761 3.26185 3.25432 3.24499 3.23379 3.22069 3.20564 3.18862 3.16963 3.14867 3.12579 3.10104 3.07452 3.04636 3.01671 2.98576 2.95371 2.92082 2.88732 2.85349 2.81961 2.78595 2.75279 2.72037 2.68895 2.65873 2.62991 2.60265 2.57707 2.55327 2.53129 2.51118 2.49292 2.47648 2.46181 2.44882 2.43744 2.42755 2.41905 2.41182 2.40576 2.40077 2.39674 2.39359 2.39124 2.38964 2.38875 
2.38172 2.38218 2.38334 2.38522 2.38789 2.3914 2.39583 2.40128 2.40786 2.41568 2.42486 2.43551 2.44775 2.46168 2.47739 2.49495 2.51439 2.53575 2.559 2.58409 2.61094 2.63943 2.66941 2.70069 2.73306 2.76627 2.80007 2.83419 2.86835 2.90229 2.93572 2.96839 3.00008 3.03056 3.05965 3.0872 3.11306 3.13716 3.15941 3.17978 3.19825 3.21483 3.22952 3.24237 3.25341 3.26268 3.27023 3.2761 3.28031 3.28289 3.28385 3.28318 3.28087 3.27689 3.2712 3.26375 3.2545 3.24339 3.23037 3.2154 3.19845 3.1795 3.15857 3.13568 3.1109 3.08431 3.05604 3.02624 2.99509 2.96282 2.92965 2.89584 2.86167 2.82741 2.79335 2.75976 2.7269 2.69502 2.66435 2.63508 2.60737 2.58135 2.55712 2.53474 2.51424 2.49562 2.47885 2.46387 2.45061 2.43897 2.42886 2.42016 2.41277 2.40656 2.40144 2.39731 2.39408 2.39167 2.39002 2.3891 
2.38201 2.38248 2.38365 2.38558 2.3883 2.39188 2.3964 2.40196 2.40867 2.41664 2.42599 2.43683 2.44929 2.46346 2.47944 2.49728 2.51703 2.53871 2.5623 2.58775 2.61497 2.64383 2.67418 2.70582 2.73855 2.7721 2.80623 2.84066 2.8751 2.90929 2.94294 2.97581 3.00765 3.03826 3.06745 3.09506 3.12096 3.14507 3.16731 3.18766 3.20609 3.22261 3.23724 3.25003 3.26101 3.27023 3.27774 3.28357 3.28776 3.29034 3.2913 3.29065 3.28837 3.28444 3.27881 3.27143 3.26225 3.25122 3.23827 3.22337 3.20647 3.18757 3.16666 3.14377 3.11896 3.09232 3.06396 3.03404 3.00275 2.97029 2.9369 2.90284 2.86839 2.83383 2.79944 2.7655 2.73229 2.70004 2.669 2.63935 2.61127 2.58489 2.56031 2.5376 2.51679 2.49787 2.48083 2.46559 2.4521 2.44026 2.42996 2.4211 2.41356 2.40723 2.40201 2.39779 2.39449 2.39203 2.39034 2.3894 
2.38224 2.38272 2.38391 2.38587 2.38863 2.39226 2.39685 2.4025 2.40931 2.41739 2.42688 2.43788 2.45051 2.46487 2.48105 2.49911 2.51911 2.54104 2.5649 2.59062 2.61812 2.64727 2.6779 2.70983 2.74283 2.77665 2.81103 2.84569 2.88035 2.91473 2.94856 2.98157 3.01354 3.04425 3.0735 3.10116 3.1271 3.15121 3.17345 3.19377 3.21217 3.22865 3.24324 3.25598 3.26692 3.2761 3.28357 3.28938 3.29355 3.29612 3.29709 3.29646 3.29421 3.29031 3.28472 3.2774 3.26828 3.2573 3.24441 3.22956 3.21271 3.19384 3.17295 3.15006 3.12523 3.09855 3.07013 3.04012 3.0087 2.9761 2.94254 2.90829 2.87363 2.83883 2.80419 2.76998 2.73649 2.70396 2.67263 2.64269 2.61432 2.58767 2.56282 2.53985 2.51879 2.49965 2.48238 2.46695 2.45328 2.44128 2.43083 2.42184 2.41419 2.40777 2.40247 2.39818 2.39482 2.39232 2.39061 2.38964 
2.38242 2.3829 2.38411 2.38608 2.38887 2.39255 2.39719 2.4029 2.40978 2.41795 2.42753 2.43864 2.45139 2.46589 2.48221 2.50044 2.5206 2.54271 2.56676 2.59267 2.62037 2.64972 2.68055 2.71268 2.74587 2.77988 2.81444 2.84927 2.88408 2.9186 2.95255 2.98567 3.01772 3.0485 3.07781 3.10551 3.13147 3.1556 3.17783 3.19814 3.21652 3.23298 3.24754 3.26025 3.27116 3.28031 3.28776 3.29355 3.29772 3.30028 3.30125 3.30063 3.2984 3.29453 3.28898 3.28169 3.2726 3.26166 3.24881 3.23399 3.21717 3.19832 3.17744 3.15455 3.1297 3.10298 3.07451 3.04443 3.01293 2.98023 2.94655 2.91216 2.87734 2.84238 2.80756 2.77317 2.73948 2.70675 2.67521 2.64507 2.61651 2.58965 2.56462 2.54146 2.52023 2.50092 2.48351 2.46794 2.45414 2.44202 2.43147 2.42239 2.41466 2.40817 2.4028 2.39847 2.39507 2.39254 2.3908 2.38982 
2.38254 2.38302 2.38423 2.38622 2.38903 2.39273 2.3974 2.40315 2.41007 2.4183 2.42794 2.43911 2.45193 2.46651 2.48292 2.50123 2.5215 2.54371 2.56786 2.59389 2.6217 2.65117 2.68212 2.71436 2.74766 2.78178 2.81644 2.85136 2.88627 2.92087 2.95489 2.98808 3.02019 3.05101 3.08037 3.10809 3.13407 3.15821 3.18046 3.20077 3.21915 3.2356 3.25015 3.26285 3.27375 3.28289 3.29034 3.29612 3.30028 3.30284 3.30382 3.30321 3.30099 3.29713 3.29159 3.28431 3.27524 3.26432 3.25148 3.23668 3.21986 3.20102 3.18013 3.15723 3.13236 3.10562 3.07711 3.04698 3.01543 2.98266 2.9489 2.91443 2.87952 2.84446 2.80954 2.77503 2.74123 2.70839 2.67673 2.64648 2.6178 2.59083 2.56568 2.54243 2.52109 2.50169 2.48419 2.46854 2.45466 2.44247 2.43186 2.42273 2.41495 2.40841 2.40302 2.39865 2.39523 2.39268 2.39093 2.38994 
