1.78921 1.78951 1.78981 1.79009 1.79037 1.79063 1.79087 1.7911 1.79131 1.7915 1.79168 1.79183 1.79197 1.79209 1.7922 1.7923 1.79239 1.79247 1.79254 1.79261 1.79268 1.79275 1.79283 1.79291 1.793 1.79309 1.7932 1.79332 1.79345 1.7936 1.79376 1.79393 1.79411 1.79431 1.79452 1.79474 1.79496 1.79519 1.79543 1.79566 1.79589 1.79611 1.79632 1.79652 1.7967 1.79687 1.797 1.79712 1.79721 1.79727 1.7973 1.7973 1.79727 1.79721 1.79713 1.79701 1.79688 1.79672 1.79654 1.79635 1.79614 1.79593 1.7957 1.79547 1.79525 1.79502 1.7948 1.79459 1.79438 1.79419 1.79401 1.79384 1.79369 1.79355 1.79342 1.79332 1.79322 1.79314 1.79308 1.79304 1.793 1.79299 1.79299 1.79301 1.79305 1.7931 1.79318 1.79327 1.79339 1.79353 1.79369 1.79387 1.79408 1.7943 1.79454 1.7948 1.79508 1.79536 1.79566 1.79596 
1.78951 1.78981 1.79011 1.79039 1.79067 1.79093 1.79117 1.7914 1.79161 1.7918 1.79197 1.79213 1.79227 1.79239 1.7925 1.7926 1.79268 1.79276 1.79284 1.79291 1.79297 1.79305 1.79312 1.7932 1.79329 1.79338 1.79349 1.79361 1.79374 1.79389 1.79405 1.79422 1.79441 1.79461 1.79482 1.79505 1.79528 1.79551 1.79575 1.79599 1.79622 1.79645 1.79667 1.79687 1.79706 1.79722 1.79737 1.79748 1.79757 1.79764 1.79767 1.79767 1.79764 1.79758 1.79749 1.79738 1.79724 1.79707 1.79689 1.79669 1.79648 1.79626 1.79603 1.7958 1.79557 1.79534 1.79511 1.79489 1.79469 1.79449 1.79431 1.79414 1.79398 1.79384 1.79372 1.79361 1.79351 1.79344 1.79337 1.79333 1.7933 1.79328 1.79328 1.7933 1.79334 1.7934 1.79347 1.79357 1.79369 1.79383 1.79399 1.79417 1.79438 1.7946 1.79484 1.7951 1.79538 1.79566 1.79596 1.79625 
1.78981 1.79011 1.7904 1.79069 1.79096 1.79122 1.79147 1.7917 1.79191 1.7921 1.79227 1.79242 1.79256 1.79269 1.7928 1.79289 1.79298 1.79306 1.79314 1.79321 1.79328 1.79336 1.79344 1.79353 1.79362 1.79373 1.79385 1.79398 1.79412 1.79429 1.79447 1.79466 1.79487 1.79509 1.79533 1.79558 1.79584 1.7961 1.79637 1.79663 1.79689 1.79715 1.79739 1.79762 1.79782 1.79801 1.79817 1.7983 1.7984 1.79847 1.7985 1.7985 1.79847 1.7984 1.7983 1.79817 1.79801 1.79783 1.79763 1.79741 1.79717 1.79692 1.79666 1.7964 1.79614 1.79589 1.79564 1.7954 1.79516 1.79495 1.79474 1.79455 1.79438 1.79422 1.79409 1.79396 1.79386 1.79377 1.7937 1.79365 1.79361 1.79359 1.79359 1.79361 1.79364 1.7937 1.79377 1.79387 1.79399 1.79412 1.79428 1.79447 1.79467 1.79489 1.79514 1.7954 1.79567 1.79596 1.79625 1.79655 
1.79009 1.79039 1.79069 1.79097 1.79125 1.79151 1.79175 1.79198 1.79219 1.79238 1.79256 1.79271 1.79285 1.79298 1.79309 1.79319 1.79328 1.79337 1.79345 1.79353 1.79361 1.7937 1.79379 1.79389 1.794 1.79413 1.79427 1.79443 1.79461 1.7948 1.79502 1.79525 1.7955 1.79577 1.79606 1.79636 1.79667 1.79698 1.7973 1.79762 1.79793 1.79823 1.79852 1.79879 1.79904 1.79926 1.79944 1.7996 1.79972 1.7998 1.79983 1.79983 1.79979 1.79971 1.79959 1.79943 1.79924 1.79903 1.79878 1.79851 1.79823 1.79793 1.79763 1.79732 1.79701 1.7967 1.7964 1.79611 1.79583 1.79557 1.79532 1.7951 1.79489 1.7947 1.79454 1.79439 1.79426 1.79416 1.79407 1.794 1.79395 1.79392 1.79391 1.79392 1.79395 1.794 1.79407 1.79416 1.79428 1.79442 1.79457 1.79476 1.79496 1.79518 1.79542 1.79568 1.79596 1.79624 1.79654 1.79683 
1.79037 1.79067 1.79096 1.79125 1.79152 1.79178 1.79203 1.79226 1.79247 1.79266 1.79284 1.79299 1.79313 1.79326 1.79338 1.79348 1.79358 1.79367 1.79376 1.79386 1.79395 1.79406 1.79417 1.7943 1.79444 1.7946 1.79478 1.79498 1.7952 1.79545 1.79572 1.79602 1.79634 1.79668 1.79704 1.79741 1.7978 1.79819 1.79859 1.79899 1.79938 1.79976 1.80012 1.80045 1.80075 1.80103 1.80126 1.80145 1.80159 1.80169 1.80173 1.80173 1.80167 1.80157 1.80142 1.80122 1.80098 1.80071 1.8004 1.80007 1.79972 1.79934 1.79896 1.79857 1.79818 1.7978 1.79742 1.79706 1.79671 1.79638 1.79607 1.79579 1.79553 1.79529 1.79508 1.79489 1.79473 1.79459 1.79448 1.79439 1.79432 1.79427 1.79425 1.79424 1.79426 1.79431 1.79437 1.79446 1.79457 1.7947 1.79486 1.79504 1.79524 1.79546 1.7957 1.79596 1.79623 1.79652 1.79681 1.79711 
1.79063 1.79093 1.79122 1.79151 1.79178 1.79204 1.79229 1.79252 1.79273 1.79293 1.7931 1.79326 1.79341 1.79354 1.79366 1.79377 1.79388 1.79399 1.79409 1.7942 1.79432 1.79445 1.79459 1.79475 1.79494 1.79514 1.79538 1.79564 1.79593 1.79625 1.79661 1.79699 1.79741 1.79785 1.79831 1.79879 1.79929 1.7998 1.80031 1.80082 1.80131 1.80179 1.80225 1.80267 1.80306 1.8034 1.80369 1.80393 1.80411 1.80423 1.80428 1.80427 1.8042 1.80406 1.80387 1.80362 1.80331 1.80296 1.80257 1.80215 1.80169 1.80122 1.80073 1.80023 1.79973 1.79924 1.79875 1.79829 1.79784 1.79742 1.79702 1.79665 1.79631 1.79601 1.79573 1.79549 1.79528 1.79509 1.79494 1.79481 1.79471 1.79464 1.7946 1.79458 1.79458 1.79461 1.79467 1.79474 1.79485 1.79498 1.79513 1.79531 1.7955 1.79572 1.79596 1.79622 1.79649 1.79678 1.79707 1.79737 
1.79087 1.79117 1.79147 1.79175 1.79203 1.79229 1.79254 1.79277 1.79298 1.79318 1.79336 1.79352 1.79367 1.79381 1.79394 1.79406 1.79418 1.7943 1.79443 1.79456 1.79471 1.79488 1.79506 1.79528 1.79552 1.79579 1.7961 1.79644 1.79683 1.79725 1.79772 1.79822 1.79876 1.79934 1.79994 1.80057 1.80121 1.80187 1.80253 1.80318 1.80382 1.80444 1.80502 1.80556 1.80605 1.80649 1.80686 1.80716 1.80738 1.80753 1.8076 1.80758 1.80749 1.80731 1.80706 1.80673 1.80634 1.80589 1.80538 1.80483 1.80425 1.80363 1.803 1.80236 1.80172 1.80108 1.80045 1.79985 1.79927 1.79872 1.7982 1.79772 1.79728 1.79688 1.79652 1.79619 1.79591 1.79567 1.79546 1.79529 1.79515 1.79504 1.79497 1.79492 1.79491 1.79492 1.79496 1.79503 1.79512 1.79524 1.79539 1.79556 1.79576 1.79598 1.79621 1.79647 1.79674 1.79702 1.79732 1.79761 
1.7911 1.7914 1.7917 1.79198 1.79226 1.79252 1.79277 1.793 1.79321 1.79341 1.7936 1.79377 1.79392 1.79407 1.79421 1.79435 1.79449 1.79463 1.79479 1.79496 1.79514 1.79536 1.7956 1.79588 1.7962 1.79656 1.79697 1.79742 1.79793 1.79849 1.7991 1.79976 1.80047 1.80122 1.802 1.80282 1.80365 1.8045 1.80535 1.80619 1.80701 1.8078 1.80855 1.80924 1.80987 1.81042 1.81089 1.81127 1.81156 1.81174 1.81182 1.8118 1.81167 1.81144 1.81111 1.81069 1.81019 1.8096 1.80895 1.80825 1.80749 1.8067 1.80589 1.80506 1.80423 1.8034 1.80259 1.80181 1.80106 1.80034 1.79967 1.79904 1.79847 1.79794 1.79746 1.79704 1.79666 1.79634 1.79606 1.79582 1.79563 1.79548 1.79536 1.79529 1.79524 1.79523 1.79526 1.79531 1.79539 1.7955 1.79564 1.79581 1.796 1.79621 1.79645 1.7967 1.79697 1.79725 1.79755 1.79784 
1.79131 1.79161 1.79191 1.79219 1.79247 1.79273 1.79298 1.79321 1.79343 1.79364 1.79382 1.794 1.79417 1.79433 1.79448 1.79464 1.7948 1.79498 1.79517 1.79539 1.79563 1.79591 1.79623 1.79659 1.79701 1.79749 1.79802 1.79862 1.79929 1.80002 1.80082 1.80168 1.8026 1.80357 1.80459 1.80564 1.80672 1.80781 1.8089 1.80998 1.81103 1.81203 1.81298 1.81386 1.81466 1.81536 1.81595 1.81643 1.81679 1.81702 1.81711 1.81707 1.81691 1.81661 1.81619 1.81565 1.815 1.81426 1.81343 1.81252 1.81156 1.81054 1.8095 1.80844 1.80737 1.80631 1.80526 1.80425 1.80328 1.80236 1.80148 1.80067 1.79992 1.79923 1.79861 1.79805 1.79756 1.79713 1.79676 1.79644 1.79618 1.79596 1.7958 1.79568 1.7956 1.79556 1.79556 1.79559 1.79566 1.79575 1.79588 1.79604 1.79623 1.79644 1.79667 1.79692 1.79719 1.79747 1.79776 1.79805 
1.7915 1.7918 1.7921 1.79238 1.79266 1.79293 1.79318 1.79341 1.79364 1.79384 1.79404 1.79423 1.79441 1.79458 1.79476 1.79494 1.79514 1.79535 1.7956 1.79587 1.79618 1.79655 1.79696 1.79744 1.79799 1.79862 1.79932 1.8001 1.80097 1.80192 1.80296 1.80407 1.80525 1.80651 1.80781 1.80916 1.81054 1.81193 1.81331 1.81468 1.81601 1.81728 1.81848 1.81959 1.82059 1.82147 1.82222 1.82281 1.82325 1.82354 1.82365 1.8236 1.82338 1.823 1.82246 1.82178 1.82096 1.82001 1.81896 1.81781 1.81658 1.8153 1.81397 1.81262 1.81125 1.8099 1.80857 1.80727 1.80603 1.80484 1.80372 1.80267 1.8017 1.80081 1.80001 1.79928 1.79864 1.79807 1.79758 1.79716 1.7968 1.79651 1.79628 1.79611 1.79598 1.7959 1.79587 1.79587 1.79592 1.796 1.79612 1.79626 1.79644 1.79664 1.79687 1.79712 1.79738 1.79766 1.79795 1.79825 
1.79168 1.79197 1.79227 1.79256 1.79284 1.7931 1.79336 1.7936 1.79382 1.79404 1.79425 1.79445 1.79464 1.79484 1.79504 1.79526 1.7955 1.79577 1.79607 1.79643 1.79683 1.7973 1.79784 1.79847 1.79918 1.79999 1.8009 1.80192 1.80304 1.80426 1.80559 1.80702 1.80853 1.81013 1.81179 1.8135 1.81524 1.81699 1.81874 1.82046 1.82213 1.82373 1.82523 1.82661 1.82786 1.82895 1.82987 1.83061 1.83116 1.8315 1.83163 1.83156 1.83128 1.8308 1.83013 1.82927 1.82823 1.82705 1.82572 1.82428 1.82274 1.82112 1.81945 1.81774 1.81602 1.81431 1.81262 1.81098 1.8094 1.80789 1.80646 1.80512 1.80388 1.80274 1.8017 1.80077 1.79993 1.7992 1.79856 1.798 1.79754 1.79715 1.79683 1.79658 1.7964 1.79627 1.79619 1.79617 1.79619 1.79625 1.79634 1.79648 1.79664 1.79684 1.79706 1.7973 1.79756 1.79784 1.79812 1.79842 
1.79183 1.79213 1.79242 1.79271 1.79299 1.79326 1.79352 1.79377 1.794 1.79423 1.79445 1.79466 1.79488 1.7951 1.79535 1.79561 1.7959 1.79624 1.79663 1.79707 1.7976 1.7982 1.7989 1.79971 1.80063 1.80167 1.80284 1.80414 1.80557 1.80713 1.80882 1.81063 1.81255 1.81456 1.81665 1.81879 1.82098 1.82317 1.82535 1.82749 1.82957 1.83154 1.8334 1.83511 1.83664 1.83799 1.83912 1.84003 1.84069 1.84111 1.84127 1.84117 1.84082 1.84022 1.83938 1.83831 1.83702 1.83555 1.8339 1.83211 1.83019 1.82817 1.82609 1.82396 1.82181 1.81966 1.81755 1.81549 1.8135 1.8116 1.80979 1.8081 1.80653 1.80508 1.80375 1.80256 1.80149 1.80055 1.79972 1.79901 1.7984 1.79788 1.79746 1.79713 1.79686 1.79667 1.79655 1.79648 1.79646 1.79649 1.79657 1.79668 1.79684 1.79702 1.79723 1.79747 1.79773 1.798 1.79828 1.79858 
1.79197 1.79227 1.79256 1.79285 1.79313 1.79341 1.79367 1.79392 1.79417 1.79441 1.79464 1.79488 1.79513 1.79539 1.79567 1.79599 1.79636 1.79678 1.79727 1.79784 1.79851 1.79929 1.80018 1.80122 1.80239 1.80372 1.8052 1.80685 1.80866 1.81063 1.81276 1.81503 1.81743 1.81994 1.82254 1.82521 1.82791 1.83063 1.83332 1.83595 1.8385 1.84092 1.8432 1.84528 1.84716 1.8488 1.85018 1.85127 1.85208 1.85258 1.85276 1.85264 1.8522 1.85145 1.85041 1.8491 1.84752 1.84571 1.84369 1.84148 1.83912 1.83663 1.83406 1.83143 1.82877 1.82612 1.82349 1.82093 1.81845 1.81608 1.81382 1.8117 1.80973 1.8079 1.80624 1.80473 1.80338 1.80217 1.80112 1.8002 1.79942 1.79875 1.7982 1.79775 1.7974 1.79713 1.79693 1.79681 1.79675 1.79675 1.7968 1.79689 1.79702 1.79719 1.7974 1.79762 1.79787 1.79814 1.79842 1.79872 
1.79209 1.79239 1.79269 1.79298 1.79326 1.79354 1.79381 1.79407 1.79433 1.79458 1.79484 1.7951 1.79539 1.7957 1.79604 1.79643 1.79688 1.79741 1.79803 1.79876 1.79961 1.80059 1.80173 1.80304 1.80453 1.8062 1.80807 1.81014 1.81241 1.81487 1.81751 1.82033 1.8233 1.8264 1.82961 1.83289 1.83621 1.83953 1.84281 1.84602 1.84912 1.85206 1.85481 1.85734 1.8596 1.86157 1.86323 1.86455 1.86551 1.8661 1.86632 1.86615 1.86561 1.8647 1.86344 1.86184 1.85993 1.85772 1.85526 1.85258 1.8497 1.84667 1.84353 1.84031 1.83706 1.83381 1.83059 1.82744 1.82438 1.82145 1.81866 1.81603 1.81357 1.8113 1.80922 1.80733 1.80564 1.80412 1.80279 1.80163 1.80063 1.79978 1.79906 1.79848 1.79801 1.79764 1.79737 1.79718 1.79706 1.79702 1.79703 1.7971 1.79721 1.79736 1.79755 1.79777 1.79801 1.79827 1.79855 1.79884 
1.7922 1.7925 1.7928 1.79309 1.79338 1.79366 1.79394 1.79421 1.79448 1.79476 1.79504 1.79535 1.79567 1.79604 1.79646 1.79694 1.7975 1.79816 1.79894 1.79986 1.80092 1.80217 1.8036 1.80524 1.8071 1.80919 1.81152 1.8141 1.8169 1.81995 1.82321 1.82667 1.83031 1.8341 1.83801 1.84199 1.84602 1.85004 1.854 1.85787 1.8616 1.86513 1.86843 1.87145 1.87415 1.8765 1.87847 1.88004 1.88117 1.88187 1.88211 1.88191 1.88125 1.88016 1.87864 1.87672 1.87441 1.87177 1.86881 1.86558 1.86211 1.85846 1.85467 1.85078 1.84684 1.84289 1.83898 1.83514 1.83141 1.82782 1.8244 1.82118 1.81816 1.81536 1.81279 1.81045 1.80834 1.80645 1.80479 1.80333 1.80207 1.80099 1.80009 1.79933 1.79872 1.79823 1.79786 1.79759 1.79741 1.79731 1.79728 1.79731 1.79739 1.79753 1.7977 1.7979 1.79814 1.79839 1.79867 1.79895 
1.7923 1.7926 1.79289 1.79319 1.79348 1.79377 1.79406 1.79435 1.79464 1.79494 1.79526 1.79561 1.79599 1.79643 1.79694 1.79753 1.79823 1.79905 1.80003 1.80117 1.80251 1.80406 1.80584 1.80788 1.81019 1.81278 1.81565 1.81881 1.82226 1.82598 1.82996 1.83417 1.83858 1.84317 1.84788 1.85268 1.85751 1.86232 1.86706 1.87167 1.8761 1.8803 1.88421 1.88778 1.89097 1.89375 1.89606 1.8979 1.89923 1.90004 1.90032 1.90007 1.89928 1.89798 1.89617 1.89388 1.89115 1.888 1.88448 1.88064 1.87651 1.87215 1.86762 1.86297 1.85824 1.8535 1.8488 1.84417 1.83967 1.83532 1.83118 1.82725 1.82357 1.82016 1.81701 1.81414 1.81154 1.80922 1.80716 1.80535 1.80378 1.80243 1.80129 1.80034 1.79955 1.79892 1.79843 1.79806 1.7978 1.79763 1.79755 1.79754 1.79759 1.79769 1.79785 1.79804 1.79826 1.7985 1.79877 1.79905 
1.79239 1.79268 1.79298 1.79328 1.79358 1.79388 1.79418 1.79449 1.7948 1.79514 1.7955 1.7959 1.79636 1.79688 1.7975 1.79823 1.79909 1.80011 1.80132 1.80274 1.80439 1.80631 1.80852 1.81103 1.81386 1.81703 1.82054 1.82439 1.82858 1.83308 1.83788 1.84295 1.84824 1.85373 1.85936 1.86507 1.87081 1.87651 1.88211 1.88755 1.89277 1.8977 1.90228 1.90647 1.9102 1.91344 1.91614 1.91827 1.91982 1.92075 1.92106 1.92075 1.91982 1.91828 1.91616 1.91348 1.91026 1.90657 1.90243 1.8979 1.89303 1.88789 1.88253 1.87702 1.87141 1.86578 1.86017 1.85465 1.84927 1.84406 1.83908 1.83436 1.82992 1.82579 1.82197 1.81848 1.81532 1.81248 1.80996 1.80774 1.8058 1.80413 1.80271 1.80152 1.80053 1.79973 1.79909 1.7986 1.79824 1.79799 1.79784 1.79778 1.79779 1.79787 1.79799 1.79816 1.79837 1.79861 1.79887 1.79914 
1.79247 1.79276 1.79306 1.79337 1.79367 1.79399 1.7943 1.79463 1.79498 1.79535 1.79577 1.79624 1.79678 1.79741 1.79816 1.79905 1.80011 1.80137 1.80285 1.8046 1.80663 1.80899 1.81168 1.81475 1.81819 1.82204 1.82628 1.83092 1.83595 1.84135 1.84708 1.85312 1.85942 1.86592 1.87256 1.87929 1.88604 1.89273 1.89928 1.90564 1.91171 1.91744 1.92276 1.92761 1.93193 1.93566 1.93878 1.94123 1.943 1.94407 1.94442 1.94405 1.94296 1.94117 1.9387 1.93558 1.93185 1.92755 1.92273 1.91746 1.91178 1.90577 1.8995 1.89304 1.88646 1.87983 1.87323 1.8667 1.86033 1.85415 1.84823 1.8426 1.83729 1.83234 1.82776 1.82355 1.81974 1.8163 1.81324 1.81053 1.80817 1.80613 1.80438 1.8029 1.80167 1.80066 1.79986 1.79922 1.79874 1.7984 1.79818 1.79805 1.79801 1.79805 1.79814 1.79829 1.79848 1.79871 1.79896 1.79923 
1.79254 1.79284 1.79314 1.79345 1.79376 1.79409 1.79443 1.79479 1.79517 1.7956 1.79607 1.79663 1.79727 1.79803 1.79894 1.80003 1.80132 1.80285 1.80467 1.8068 1.80927 1.81213 1.8154 1.8191 1.82325 1.82787 1.83295 1.83849 1.84448 1.85088 1.85767 1.86479 1.87219 1.87982 1.88759 1.89545 1.90329 1.91106 1.91865 1.92599 1.933 1.93959 1.9457 1.95126 1.9562 1.96047 1.96402 1.96682 1.96883 1.97003 1.97042 1.96998 1.96872 1.96667 1.96383 1.96024 1.95596 1.95101 1.94546 1.93938 1.93283 1.92588 1.91862 1.91113 1.90348 1.89576 1.88804 1.88041 1.87293 1.86568 1.8587 1.85205 1.84576 1.83989 1.83443 1.82942 1.82486 1.82074 1.81706 1.81379 1.81094 1.80845 1.80632 1.80452 1.80301 1.80176 1.80075 1.79995 1.79933 1.79887 1.79855 1.79835 1.79826 1.79825 1.79831 1.79843 1.7986 1.7988 1.79904 1.79931 
1.79261 1.79291 1.79321 1.79353 1.79386 1.7942 1.79456 1.79496 1.79539 1.79587 1.79643 1.79707 1.79784 1.79876 1.79986 1.80117 1.80274 1.8046 1.8068 1.80937 1.81236 1.8158 1.81972 1.82415 1.82911 1.8346 1.84063 1.84718 1.85424 1.86176 1.86971 1.87803 1.88665 1.89551 1.90452 1.91358 1.92263 1.93155 1.94025 1.94865 1.95664 1.96415 1.9711 1.9774 1.983 1.98783 1.99184 1.99499 1.99726 1.99861 1.99903 1.99852 1.99709 1.99475 1.99152 1.98745 1.98257 1.97694 1.97062 1.96369 1.9562 1.94825 1.93993 1.93132 1.92252 1.91361 1.90469 1.89585 1.88716 1.87871 1.87057 1.86278 1.85542 1.8485 1.84207 1.83615 1.83074 1.82585 1.82146 1.81756 1.81413 1.81115 1.80858 1.80639 1.80455 1.80303 1.80178 1.80078 1.8 1.79941 1.79898 1.7987 1.79853 1.79846 1.79848 1.79857 1.79871 1.7989 1.79913 1.79938 
1.79268 1.79297 1.79328 1.79361 1.79395 1.79432 1.79471 1.79514 1.79563 1.79618 1.79683 1.7976 1.79851 1.79961 1.80092 1.80251 1.80439 1.80663 1.80927 1.81236 1.81594 1.82004 1.8247 1.82996 1.83582 1.84229 1.84937 1.85705 1.86529 1.87404 1.88327 1.8929 1.90284 1.91303 1.92336 1.93373 1.94405 1.9542 1.96408 1.97358 1.98262 1.99109 1.9989 2.00599 2.01226 2.01767 2.02216 2.02568 2.0282 2.0297 2.03016 2.02957 2.02796 2.02532 2.0217 2.01712 2.01163 2.00529 1.99817 1.99034 1.98187 1.97287 1.96342 1.95363 1.94359 1.93342 1.9232 1.91305 1.90306 1.89331 1.88389 1.87487 1.8663 1.85824 1.85073 1.84379 1.83744 1.83167 1.82649 1.82188 1.81781 1.81425 1.81118 1.80856 1.80634 1.80449 1.80297 1.80175 1.80078 1.80003 1.79948 1.79909 1.79884 1.79871 1.79868 1.79872 1.79884 1.79901 1.79922 1.79946 
1.79275 1.79305 1.79336 1.7937 1.79406 1.79445 1.79488 1.79536 1.79591 1.79655 1.7973 1.7982 1.79929 1.80059 1.80217 1.80406 1.80631 1.80899 1.81213 1.8158 1.82004 1.82489 1.83039 1.83656 1.84343 1.85099 1.85924 1.86814 1.87767 1.88777 1.89838 1.90941 1.92078 1.93239 1.94413 1.95588 1.96753 1.97897 1.99007 2.00073 2.01084 2.0203 2.02901 2.03689 2.04386 2.04985 2.05482 2.05871 2.06149 2.06314 2.06363 2.06298 2.06118 2.05825 2.05422 2.04912 2.04301 2.03595 2.028 2.01924 2.00977 1.99967 1.98905 1.97802 1.96668 1.95517 1.94358 1.93204 1.92064 1.9095 1.8987 1.88833 1.87846 1.86916 1.86046 1.85239 1.84499 1.83826 1.83219 1.82678 1.82199 1.81779 1.81415 1.81103 1.80839 1.80617 1.80434 1.80286 1.80167 1.80074 1.80004 1.79953 1.79919 1.79898 1.79889 1.79889 1.79897 1.79911 1.79931 1.79954 
1.79283 1.79312 1.79344 1.79379 1.79417 1.79459 1.79506 1.7956 1.79623 1.79696 1.79784 1.7989 1.80018 1.80173 1.8036 1.80584 1.80852 1.81168 1.8154 1.81972 1.8247 1.83039 1.83682 1.84401 1.85198 1.86073 1.87025 1.88049 1.89142 1.90296 1.91505 1.92758 1.94045 1.95356 1.96676 1.97995 1.993 2.00576 2.01813 2.02997 2.04117 2.05163 2.06124 2.06991 2.07758 2.08416 2.08961 2.09387 2.09691 2.0987 2.09924 2.09851 2.09652 2.0933 2.08886 2.08325 2.07652 2.06873 2.05995 2.05025 2.03975 2.02853 2.0167 2.0044 1.99172 1.97881 1.96579 1.95278 1.9399 1.92728 1.91501 1.9032 1.89192 1.88126 1.87127 1.86199 1.85344 1.84565 1.8386 1.83229 1.8267 1.82179 1.81752 1.81384 1.81072 1.80809 1.80591 1.80412 1.80268 1.80155 1.80068 1.80004 1.79959 1.79929 1.79913 1.79908 1.79912 1.79923 1.7994 1.79962 
1.79291 1.7932 1.79353 1.79389 1.7943 1.79475 1.79528 1.79588 1.79659 1.79744 1.79847 1.79971 1.80122 1.80304 1.80524 1.80788 1.81103 1.81475 1.8191 1.82415 1.82996 1.83656 1.84401 1.85231 1.86149 1.87154 1.88242 1.8941 1.90652 1.9196 1.93324 1.94735 1.9618 1.97645 1.99119 2.00586 2.02032 2.03444 2.04808 2.06111 2.0734 2.08486 2.09536 2.10483 2.11317 2.12033 2.12625 2.13087 2.13416 2.1361 2.13667 2.13588 2.13371 2.1302 2.12537 2.11926 2.11192 2.1034 2.09379 2.08317 2.07163 2.05929 2.04625 2.03264 2.01859 2.00425 1.98974 1.9752 1.96078 1.9466 1.93278 1.91944 1.90667 1.89456 1.88318 1.87258 1.86279 1.85384 1.84573 1.83845 1.83197 1.82627 1.8213 1.81701 1.81334 1.81025 1.80767 1.80555 1.80384 1.80247 1.80141 1.80061 1.80003 1.79964 1.7994 1.79929 1.79928 1.79936 1.79951 1.79971 
1.793 1.79329 1.79362 1.794 1.79444 1.79494 1.79552 1.7962 1.79701 1.79799 1.79918 1.80063 1.80239 1.80453 1.8071 1.81019 1.81386 1.81819 1.82325 1.82911 1.83582 1.84343 1.85198 1.86149 1.87197 1.8834 1.89574 1.90894 1.92294 1.93763 1.9529 1.96865 1.98472 2.00097 2.01726 2.03343 2.04933 2.0648 2.07971 2.09392 2.10729 2.11972 2.1311 2.14133 2.15033 2.15805 2.16441 2.16937 2.17291 2.17499 2.1756 2.17474 2.1724 2.16862 2.16342 2.15682 2.14889 2.13968 2.12927 2.11774 2.10519 2.09173 2.07747 2.06256 2.04714 2.03134 2.01531 1.99922 1.9832 1.9674 1.95197 1.93703 1.92268 1.90904 1.89618 1.88417 1.87306 1.86286 1.8536 1.84526 1.83782 1.83125 1.82551 1.82054 1.81628 1.81267 1.80965 1.80716 1.80513 1.80351 1.80223 1.80126 1.80054 1.80003 1.79971 1.79953 1.79947 1.79951 1.79963 1.79981 
1.79309 1.79338 1.79373 1.79413 1.7946 1.79514 1.79579 1.79656 1.79749 1.79862 1.79999 1.80167 1.80372 1.8062 1.80919 1.81278 1.81703 1.82204 1.82787 1.8346 1.84229 1.85099 1.86073 1.87154 1.8834 1.89629 1.91017 1.92498 1.94061 1.95698 1.97394 1.99136 2.00908 2.02696 2.04481 2.06249 2.07981 2.09662 2.11277 2.12812 2.14254 2.15591 2.16812 2.17907 2.1887 2.19694 2.20372 2.20901 2.21277 2.21498 2.21563 2.2147 2.21222 2.20819 2.20263 2.19559 2.1871 2.17724 2.16606 2.15366 2.14013 2.12558 2.11015 2.09395 2.07715 2.0599 2.04235 2.02468 2.00703 1.98959 1.97249 1.95588 1.9399 1.92466 1.91024 1.89675 1.88422 1.87269 1.86219 1.85271 1.84424 1.83673 1.83015 1.82444 1.81953 1.81536 1.81186 1.80895 1.80658 1.80467 1.80315 1.80198 1.80111 1.80047 1.80005 1.79979 1.79967 1.79967 1.79975 1.79992 
1.7932 1.79349 1.79385 1.79427 1.79478 1.79538 1.7961 1.79697 1.79802 1.79932 1.8009 1.80284 1.8052 1.80807 1.81152 1.81565 1.82054 1.82628 1.83295 1.84063 1.84937 1.85924 1.87025 1.88242 1.89574 1.91017 1.92566 1.94213 1.95946 1.97754 1.99622 2.01534 2.03473 2.05423 2.07364 2.09279 2.1115 2.12962 2.14697 2.16341 2.17882 2.19307 2.20605 2.21769 2.22789 2.2366 2.24377 2.24935 2.25332 2.25565 2.25633 2.25536 2.25274 2.24848 2.24261 2.23516 2.22617 2.2157 2.20381 2.19059 2.17614 2.16056 2.14398 2.12655 2.10841 2.08972 2.07067 2.05141 2.03214 2.01302 1.99422 1.97592 1.95824 1.94134 1.92531 1.91025 1.89624 1.88331 1.8715 1.86081 1.85123 1.84272 1.83523 1.82872 1.82311 1.81832 1.81429 1.81094 1.80818 1.80595 1.80417 1.80279 1.80174 1.80097 1.80043 1.80008 1.7999 1.79984 1.7999 1.80004 
1.79332 1.79361 1.79398 1.79443 1.79498 1.79564 1.79644 1.79742 1.79862 1.8001 1.80192 1.80414 1.80685 1.81014 1.8141 1.81881 1.82439 1.83092 1.83849 1.84718 1.85705 1.86814 1.88049 1.8941 1.90894 1.92498 1.94213 1.9603 1.97936 1.99918 2.01959 2.04041 2.06146 2.08255 2.10349 2.12407 2.14413 2.16348 2.18197 2.19944 2.21577 2.23083 2.24452 2.25677 2.26749 2.27663 2.28413 2.28998 2.29413 2.29657 2.29728 2.29627 2.29353 2.28908 2.28294 2.27513 2.26569 2.25467 2.24214 2.22818 2.21287 2.19633 2.17868 2.16006 2.14063 2.12056 2.10003 2.07922 2.05832 2.03753 2.01703 1.997 1.97761 1.959 1.9413 1.92463 1.90907 1.89468 1.88149 1.86953 1.85877 1.84919 1.84074 1.83337 1.827 1.82156 1.81696 1.81311 1.80994 1.80736 1.8053 1.80368 1.80243 1.80151 1.80085 1.80041 1.80015 1.80004 1.80005 1.80017 
1.79345 1.79374 1.79412 1.79461 1.7952 1.79593 1.79683 1.79793 1.79929 1.80097 1.80304 1.80557 1.80866 1.81241 1.8169 1.82226 1.82858 1.83595 1.84448 1.85424 1.86529 1.87767 1.89142 1.90652 1.92294 1.94061 1.95946 1.97936 2.00018 2.02174 2.04387 2.06638 2.08905 2.1117 2.1341 2.15606 2.17738 2.1979 2.21744 2.23585 2.25301 2.2688 2.28312 2.2959 2.30707 2.31658 2.32438 2.33044 2.33475 2.33728 2.33803 2.33699 2.33416 2.32955 2.32318 2.31507 2.30525 2.29376 2.28067 2.26604 2.24996 2.23254 2.2139 2.19418 2.17353 2.15214 2.13019 2.10786 2.08538 2.06294 2.04074 2.01899 1.99786 1.97752 1.95813 1.93981 1.92265 1.90674 1.89212 1.87882 1.86683 1.85612 1.84666 1.83838 1.83121 1.82506 1.81984 1.81547 1.81186 1.8089 1.80653 1.80465 1.8032 1.8021 1.80131 1.80076 1.80043 1.80026 1.80023 1.80032 
1.7936 1.79389 1.79429 1.7948 1.79545 1.79625 1.79725 1.79849 1.80002 1.80192 1.80426 1.80713 1.81063 1.81487 1.81995 1.82598 1.83308 1.84135 1.85088 1.86176 1.87404 1.88777 1.90296 1.9196 1.93763 1.95698 1.97754 1.99918 2.02174 2.04503 2.06886 2.09301 2.11726 2.14139 2.16518 2.18843 2.21094 2.23252 2.25302 2.27227 2.29017 2.30659 2.32146 2.33469 2.34623 2.35604 2.36407 2.37032 2.37475 2.37736 2.37814 2.37708 2.37419 2.36946 2.36291 2.35456 2.34443 2.33256 2.31899 2.30379 2.28704 2.26884 2.2493 2.22857 2.2068 2.18417 2.16087 2.1371 2.11308 2.08903 2.06517 2.04171 2.01885 1.99678 1.97567 1.95567 1.93689 1.91942 1.90333 1.88865 1.87537 1.86349 1.85296 1.84373 1.8357 1.82881 1.82295 1.81802 1.81393 1.81057 1.80786 1.80571 1.80403 1.80275 1.80181 1.80115 1.80073 1.80049 1.80042 1.80048 
1.79376 1.79405 1.79447 1.79502 1.79572 1.79661 1.79772 1.7991 1.80082 1.80296 1.80559 1.80882 1.81276 1.81751 1.82321 1.82996 1.83788 1.84708 1.85767 1.86971 1.88327 1.89838 1.91505 1.93324 1.9529 1.97394 1.99622 2.01959 2.04387 2.06886 2.09433 2.12006 2.14582 2.17136 2.19646 2.2209 2.24448 2.26702 2.28836 2.30835 2.32687 2.34383 2.35913 2.37273 2.38456 2.3946 2.40282 2.4092 2.41373 2.4164 2.41721 2.41614 2.41321 2.40841 2.40174 2.39321 2.38285 2.37067 2.35673 2.34106 2.32374 2.30487 2.28455 2.26292 2.24013 2.21635 2.1918 2.16667 2.14119 2.11559 2.09011 2.06497 2.04041 2.01662 1.9938 1.97211 1.95169 1.93264 1.91504 1.89894 1.88435 1.87125 1.85962 1.84938 1.84047 1.8328 1.82625 1.82073 1.81614 1.81236 1.80929 1.80684 1.80492 1.80345 1.80236 1.80158 1.80105 1.80075 1.80063 1.80066 
1.79393 1.79422 1.79466 1.79525 1.79602 1.79699 1.79822 1.79976 1.80168 1.80407 1.80702 1.81063 1.81503 1.82033 1.82667 1.83417 1.84295 1.85312 1.86479 1.87803 1.8929 1.90941 1.92758 1.94735 1.96865 1.99136 2.01534 2.04041 2.06638 2.09301 2.12006 2.1473 2.17447 2.20132 2.22762 2.25314 2.27768 2.30107 2.32313 2.34373 2.36277 2.38014 2.39579 2.40966 2.4217 2.43191 2.44025 2.44672 2.45131 2.45403 2.45486 2.4538 2.45086 2.44602 2.43928 2.43065 2.42013 2.40774 2.39352 2.37749 2.35972 2.34029 2.3193 2.29689 2.27319 2.2484 2.22269 2.19629 2.16944 2.14237 2.11533 2.08858 2.06235 2.03688 2.01236 1.98899 1.96693 1.94629 1.92717 1.90963 1.89369 1.87935 1.86658 1.85532 1.84549 1.83699 1.82974 1.8236 1.81848 1.81425 1.81081 1.80805 1.80588 1.8042 1.80294 1.80203 1.80141 1.80103 1.80085 1.80085 
1.79411 1.79441 1.79487 1.7955 1.79634 1.79741 1.79876 1.80047 1.8026 1.80525 1.80853 1.81255 1.81743 1.8233 1.83031 1.83858 1.84824 1.85942 1.87219 1.88665 1.90284 1.92078 1.94045 1.9618 1.98472 2.00908 2.03473 2.06146 2.08905 2.11726 2.14582 2.17447 2.20295 2.231 2.25838 2.28486 2.31024 2.33434 2.357 2.3781 2.39753 2.41522 2.43111 2.44515 2.45733 2.46762 2.47603 2.48255 2.48718 2.48992 2.49077 2.48973 2.4868 2.48196 2.47521 2.46654 2.45595 2.44344 2.42903 2.41275 2.39464 2.37478 2.35325 2.33018 2.3057 2.28 2.25326 2.22571 2.19758 2.16914 2.14063 2.11233 2.0845 2.05738 2.03121 2.00618 1.98248 1.96026 1.93961 1.92062 1.90333 1.88772 1.87379 1.86148 1.85071 1.84138 1.83339 1.82661 1.82094 1.81625 1.81242 1.80933 1.80689 1.80499 1.80356 1.80251 1.80178 1.80132 1.80109 1.80105 
1.79431 1.79461 1.79509 1.79577 1.79668 1.79785 1.79934 1.80122 1.80357 1.80651 1.81013 1.81456 1.81994 1.8264 1.8341 1.84317 1.85373 1.86592 1.87982 1.89551 1.91303 1.93239 1.95356 1.97645 2.00097 2.02696 2.05423 2.08255 2.1117 2.14139 2.17136 2.20132 2.231 2.26013 2.28847 2.31579 2.34187 2.36656 2.3897 2.41117 2.43088 2.44878 2.4648 2.47893 2.49116 2.50148 2.50989 2.51641 2.52105 2.5238 2.52467 2.52366 2.52077 2.51597 2.50925 2.50061 2.49002 2.47747 2.46298 2.44655 2.42822 2.40805 2.3861 2.3625 2.33737 2.31089 2.28324 2.25466 2.22537 2.19565 2.16577 2.13601 2.10664 2.07794 2.05016 2.02352 1.99822 1.97443 1.95227 1.93184 1.91318 1.89631 1.88121 1.86783 1.85609 1.84591 1.83717 1.82974 1.8235 1.81833 1.81409 1.81067 1.80795 1.80582 1.80421 1.80302 1.80218 1.80164 1.80134 1.80127 
1.79452 1.79482 1.79533 1.79606 1.79704 1.79831 1.79994 1.802 1.80459 1.80781 1.81179 1.81665 1.82254 1.82961 1.83801 1.84788 1.85936 1.87256 1.88759 1.90452 1.92336 1.94413 1.96676 1.99119 2.01726 2.04481 2.07364 2.10349 2.1341 2.16518 2.19646 2.22762 2.25838 2.28847 2.31764 2.34566 2.37232 2.39747 2.42096 2.44268 2.46257 2.48056 2.49663 2.51077 2.52297 2.53324 2.54162 2.5481 2.55271 2.55546 2.55635 2.55538 2.55254 2.54781 2.54118 2.53262 2.5221 2.5096 2.49512 2.47865 2.46021 2.43984 2.4176 2.39359 2.36795 2.34081 2.31239 2.28289 2.25256 2.22168 2.19053 2.1594 2.12859 2.09838 2.06906 2.04086 2.014 1.98868 1.96503 1.94317 1.92315 1.90502 1.88875 1.8743 1.8616 1.85055 1.84104 1.83295 1.82614 1.82048 1.81582 1.81205 1.80905 1.80669 1.80489 1.80354 1.80259 1.80196 1.80161 1.8015 
1.79474 1.79505 1.79558 1.79636 1.79741 1.79879 1.80057 1.80282 1.80564 1.80916 1.8135 1.81879 1.82521 1.83289 1.84199 1.85268 1.86507 1.87929 1.89545 1.91358 1.93373 1.95588 1.97995 2.00586 2.03343 2.06249 2.09279 2.12407 2.15606 2.18843 2.2209 2.25314 2.28486 2.31579 2.34566 2.37425 2.40137 2.42685 2.45057 2.47244 2.49239 2.51039 2.52641 2.54047 2.55258 2.56276 2.57104 2.57745 2.58201 2.58474 2.58564 2.58472 2.58196 2.57734 2.57083 2.56241 2.55202 2.53965 2.52526 2.50884 2.49039 2.46993 2.44752 2.42323 2.39719 2.36953 2.34045 2.31017 2.27893 2.247 2.21469 2.1823 2.15014 2.11852 2.08773 2.05803 2.02967 2.00287 1.97777 1.95451 1.93316 1.91378 1.89635 1.88083 1.86717 1.85526 1.84499 1.83622 1.82883 1.82267 1.8176 1.81347 1.81017 1.80758 1.80558 1.80409 1.80302 1.8023 1.80189 1.80174 
1.79496 1.79528 1.79584 1.79667 1.7978 1.79929 1.80121 1.80365 1.80672 1.81054 1.81524 1.82098 1.82791 1.83621 1.84602 1.85751 1.87081 1.88604 1.90329 1.92263 1.94405 1.96753 1.993 2.02032 2.04933 2.07981 2.1115 2.14413 2.17738 2.21094 2.24448 2.27768 2.31024 2.34187 2.37232 2.40137 2.42882 2.45452 2.47837 2.50028 2.5202 2.53811 2.55401 2.56793 2.57988 2.58991 2.59806 2.60437 2.60886 2.61155 2.61246 2.6116 2.60893 2.60444 2.5981 2.58985 2.57966 2.56747 2.55325 2.53697 2.5186 2.49816 2.47568 2.45123 2.4249 2.39685 2.36725 2.3363 2.30426 2.27142 2.23807 2.20452 2.17112 2.13817 2.106 2.07489 2.0451 2.01686 1.99037 1.96575 1.94311 1.9225 1.90393 1.88737 1.87275 1.85999 1.84895 1.83952 1.83155 1.82489 1.81939 1.81492 1.81132 1.80849 1.8063 1.80465 1.80346 1.80265 1.80218 1.80198 
1.79519 1.79551 1.7961 1.79698 1.79819 1.7998 1.80187 1.8045 1.80781 1.81193 1.81699 1.82317 1.83063 1.83953 1.85004 1.86232 1.87651 1.89273 1.91106 1.93155 1.9542 1.97897 2.00576 2.03444 2.0648 2.09662 2.12962 2.16348 2.1979 2.23252 2.26702 2.30107 2.33434 2.36656 2.39747 2.42685 2.45452 2.48035 2.50422 2.52608 2.54588 2.56364 2.57935 2.59306 2.60481 2.61466 2.62264 2.62881 2.63321 2.63586 2.63678 2.63597 2.63341 2.62907 2.62292 2.61489 2.60494 2.59299 2.57901 2.56293 2.54472 2.52439 2.50194 2.47742 2.45094 2.4226 2.39258 2.3611 2.32839 2.29474 2.26046 2.22588 2.19134 2.15717 2.12371 2.09127 2.06013 2.03054 2.0027 1.97678 1.9529 1.9311 1.91143 1.89384 1.87829 1.86468 1.8529 1.84281 1.83426 1.82711 1.82119 1.81636 1.81248 1.8094 1.80702 1.80521 1.8039 1.80301 1.80247 1.80223 
1.79543 1.79575 1.79637 1.7973 1.79859 1.80031 1.80253 1.80535 1.8089 1.81331 1.81874 1.82535 1.83332 1.84281 1.854 1.86706 1.88211 1.89928 1.91865 1.94025 1.96408 1.99007 2.01813 2.04808 2.07971 2.11277 2.14697 2.18197 2.21744 2.25302 2.28836 2.32313 2.357 2.3897 2.42096 2.45057 2.47837 2.50422 2.52803 2.54976 2.56939 2.58692 2.60239 2.61585 2.62736 2.63698 2.64477 2.65079 2.65508 2.65768 2.65861 2.65785 2.65541 2.65124 2.6453 2.63752 2.62784 2.61618 2.60247 2.58666 2.56869 2.54853 2.5262 2.50171 2.47515 2.44663 2.41632 2.3844 2.35113 2.3168 2.28171 2.2462 2.21063 2.17535 2.1407 2.10702 2.07462 2.04375 2.01465 1.9875 1.96242 1.93949 1.91875 1.90018 1.88372 1.8693 1.85679 1.84605 1.83695 1.82931 1.82298 1.8178 1.81363 1.81031 1.80773 1.80578 1.80435 1.80336 1.80276 1.80249 
1.79566 1.79599 1.79663 1.79762 1.79899 1.80082 1.80318 1.80619 1.80998 1.81468 1.82046 1.82749 1.83595 1.84602 1.85787 1.87167 1.88755 1.90564 1.92599 1.94865 1.97358 2.00073 2.02997 2.06111 2.09392 2.12812 2.16341 2.19944 2.23585 2.27227 2.30835 2.34373 2.3781 2.41117 2.44268 2.47244 2.50028 2.52608 2.54976 2.5713 2.59069 2.60795 2.62314 2.63631 2.64755 2.65692 2.6645 2.67035 2.67453 2.67707 2.678 2.67731 2.67498 2.67099 2.66527 2.65776 2.64837 2.63703 2.62365 2.60814 2.59046 2.57054 2.54839 2.52401 2.49746 2.46885 2.43833 2.40609 2.37237 2.33746 2.30167 2.26534 2.22885 2.19256 2.15684 2.12202 2.08844 2.05639 2.02611 1.99779 1.97158 1.94758 1.92582 1.90631 1.88899 1.87378 1.86057 1.84922 1.83957 1.83146 1.82473 1.81921 1.81475 1.81121 1.80844 1.80634 1.80479 1.80372 1.80305 1.80274 
1.79589 1.79622 1.79689 1.79793 1.79938 1.80131 1.80382 1.80701 1.81103 1.81601 1.82213 1.82957 1.8385 1.84912 1.8616 1.8761 1.89277 1.91171 1.933 1.95664 1.98262 2.01084 2.04117 2.0734 2.10729 2.14254 2.17882 2.21577 2.25301 2.29017 2.32687 2.36277 2.39753 2.43088 2.46257 2.49239 2.5202 2.54588 2.56939 2.59069 2.6098 2.62676 2.64163 2.6545 2.66545 2.67455 2.68191 2.68759 2.69164 2.69412 2.69505 2.69442 2.69222 2.6884 2.68292 2.67568 2.66661 2.6556 2.64256 2.6274 2.61003 2.5904 2.56848 2.54427 2.5178 2.48918 2.45853 2.42605 2.39198 2.35659 2.3202 2.28317 2.24587 2.20868 2.17197 2.13613 2.10148 2.06833 2.03695 2.00755 1.98029 1.95528 1.93257 1.91217 1.89404 1.87809 1.86421 1.85226 1.84209 1.83353 1.82642 1.82058 1.81585 1.81208 1.80913 1.80688 1.80522 1.80406 1.80333 1.80299 
1.79611 1.79645 1.79715 1.79823 1.79976 1.80179 1.80444 1.8078 1.81203 1.81728 1.82373 1.83154 1.84092 1.85206 1.86513 1.8803 1.8977 1.91744 1.93959 1.96415 1.99109 2.0203 2.05163 2.08486 2.11972 2.15591 2.19307 2.23083 2.2688 2.30659 2.34383 2.38014 2.41522 2.44878 2.48056 2.51039 2.53811 2.56364 2.58692 2.60795 2.62676 2.6434 2.65795 2.6705 2.68114 2.68998 2.69711 2.70261 2.70655 2.70896 2.70988 2.70931 2.70723 2.7036 2.69834 2.69138 2.68262 2.67196 2.65927 2.64447 2.62745 2.60813 2.58648 2.56247 2.53614 2.50756 2.47686 2.44422 2.40987 2.37409 2.3372 2.29956 2.26156 2.22357 2.186 2.14922 2.1136 2.07946 2.04708 2.01668 1.98845 1.96251 1.93892 1.91769 1.8988 1.88215 1.86765 1.85514 1.84449 1.83551 1.82803 1.82188 1.81689 1.81291 1.80979 1.8074 1.80563 1.80439 1.80361 1.80323 
1.79632 1.79667 1.79739 1.79852 1.80012 1.80225 1.80502 1.80855 1.81298 1.81848 1.82523 1.8334 1.8432 1.85481 1.86843 1.88421 1.90228 1.92276 1.9457 1.9711 1.9989 2.02901 2.06124 2.09536 2.1311 2.16812 2.20605 2.24452 2.28312 2.32146 2.35913 2.39579 2.43111 2.4648 2.49663 2.52641 2.55401 2.57935 2.60239 2.62314 2.64163 2.65795 2.67217 2.6844 2.69475 2.70333 2.71024 2.71556 2.71937 2.72172 2.72264 2.72213 2.72016 2.7167 2.71167 2.70498 2.69653 2.6862 2.67387 2.65942 2.64275 2.62376 2.60239 2.57862 2.55245 2.52396 2.49326 2.46052 2.42597 2.38989 2.35259 2.31443 2.27581 2.23713 2.1988 2.1612 2.12471 2.08968 2.05639 2.0251 1.99599 1.9692 1.9448 1.92282 1.90322 1.88593 1.87085 1.85784 1.84673 1.83736 1.82954 1.82311 1.81788 1.8137 1.81041 1.80789 1.80602 1.80471 1.80387 1.80346 
1.79652 1.79687 1.79762 1.79879 1.80045 1.80267 1.80556 1.80924 1.81386 1.81959 1.82661 1.83511 1.84528 1.85734 1.87145 1.88778 1.90647 1.92761 1.95126 1.9774 2.00599 2.03689 2.06991 2.10483 2.14133 2.17907 2.21769 2.25677 2.2959 2.33469 2.37273 2.40966 2.44515 2.47893 2.51077 2.54047 2.56793 2.59306 2.61585 2.63631 2.6545 2.6705 2.6844 2.69633 2.7064 2.71473 2.72142 2.72658 2.73028 2.73257 2.73348 2.73301 2.73116 2.72785 2.72303 2.7166 2.70844 2.69843 2.68644 2.67234 2.65601 2.63735 2.61627 2.59274 2.56676 2.53839 2.50772 2.47494 2.44024 2.40391 2.36627 2.32769 2.28856 2.24928 2.21028 2.17196 2.13472 2.0989 2.06481 2.03272 2.00282 1.97527 1.95015 1.92748 1.90725 1.88939 1.87379 1.8603 1.84879 1.83905 1.83093 1.82423 1.81879 1.81442 1.81099 1.80835 1.80639 1.805 1.80412 1.80367 
1.7967 1.79706 1.79782 1.79904 1.80075 1.80306 1.80605 1.80987 1.81466 1.82059 1.82786 1.83664 1.84716 1.8596 1.87415 1.89097 1.9102 1.93193 1.9562 1.983 2.01226 2.04386 2.07758 2.11317 2.15033 2.1887 2.22789 2.26749 2.30707 2.34623 2.38456 2.4217 2.45733 2.49116 2.52297 2.55258 2.57988 2.60481 2.62736 2.64755 2.66545 2.68114 2.69475 2.7064 2.71621 2.72431 2.73081 2.73581 2.7394 2.74163 2.74254 2.74212 2.74036 2.73721 2.73258 2.72638 2.71849 2.70878 2.6971 2.68333 2.66731 2.64895 2.62815 2.60487 2.57908 2.55084 2.52023 2.48743 2.45263 2.41612 2.37821 2.33928 2.29971 2.25993 2.22037 2.18143 2.14353 2.10703 2.07225 2.03946 2.00888 1.98066 1.9549 1.93164 1.91085 1.89248 1.87641 1.86251 1.85063 1.84058 1.83218 1.82525 1.8196 1.81508 1.81151 1.80876 1.80672 1.80527 1.80434 1.80386 
1.79687 1.79722 1.79801 1.79926 1.80103 1.8034 1.80649 1.81042 1.81536 1.82147 1.82895 1.83799 1.8488 1.86157 1.8765 1.89375 1.91344 1.93566 1.96047 1.98783 2.01767 2.04985 2.08416 2.12033 2.15805 2.19694 2.2366 2.27663 2.31658 2.35604 2.3946 2.43191 2.46762 2.50148 2.53324 2.56276 2.58991 2.61466 2.63698 2.65692 2.67455 2.68998 2.70333 2.71473 2.72431 2.7322 2.73853 2.7434 2.74689 2.74908 2.74998 2.7496 2.74792 2.7449 2.74044 2.73445 2.72679 2.71734 2.70595 2.69246 2.67673 2.65865 2.63811 2.61504 2.58944 2.56132 2.53079 2.49799 2.46313 2.42648 2.38836 2.34914 2.30922 2.26902 2.22899 2.18954 2.15109 2.11401 2.07864 2.04526 2.0141 1.98531 1.95901 1.93523 1.91397 1.89515 1.87869 1.86444 1.85224 1.84191 1.83327 1.82614 1.82032 1.81565 1.81197 1.80913 1.80701 1.80551 1.80454 1.80404 
1.797 1.79737 1.79817 1.79944 1.80126 1.80369 1.80686 1.81089 1.81595 1.82222 1.82987 1.83912 1.85018 1.86323 1.87847 1.89606 1.91614 1.93878 1.96402 1.99184 2.02216 2.05482 2.08961 2.12625 2.16441 2.20372 2.24377 2.28413 2.32438 2.36407 2.40282 2.44025 2.47603 2.50989 2.54162 2.57104 2.59806 2.62264 2.64477 2.6645 2.68191 2.69711 2.71024 2.72142 2.73081 2.73853 2.74471 2.74947 2.75289 2.75503 2.75592 2.75558 2.75398 2.75106 2.74674 2.74092 2.73347 2.72424 2.71308 2.69983 2.68435 2.6665 2.64618 2.62331 2.59786 2.56986 2.5394 2.50661 2.47171 2.43495 2.39667 2.35723 2.31703 2.2765 2.23609 2.19622 2.15732 2.11978 2.08393 2.05007 2.01842 1.98918 1.96243 1.93823 1.91657 1.89739 1.8806 1.86605 1.85359 1.84303 1.83419 1.82689 1.82093 1.81614 1.81236 1.80944 1.80726 1.80571 1.80471 1.80419 
1.79712 1.79748 1.7983 1.7996 1.80145 1.80393 1.80716 1.81127 1.81643 1.82281 1.83061 1.84003 1.85127 1.86455 1.88004 1.8979 1.91827 1.94123 1.96682 1.99499 2.02568 2.05871 2.09387 2.13087 2.16937 2.20901 2.24935 2.28998 2.33044 2.37032 2.4092 2.44672 2.48255 2.51641 2.5481 2.57745 2.60437 2.62881 2.65079 2.67035 2.68759 2.70261 2.71556 2.72658 2.73581 2.7434 2.74947 2.75414 2.75749 2.7596 2.76049 2.76017 2.75863 2.75579 2.75159 2.74591 2.73861 2.72956 2.71858 2.70553 2.69024 2.67258 2.65242 2.6297 2.60438 2.57648 2.54607 2.5133 2.47837 2.44154 2.40313 2.36352 2.3231 2.28232 2.24162 2.20143 2.16219 2.12429 2.08807 2.05383 2.02182 1.99221 1.96512 1.94059 1.91862 1.89916 1.88211 1.86733 1.85466 1.84392 1.83493 1.82749 1.82142 1.81653 1.81267 1.80969 1.80746 1.80588 1.80484 1.80431 
1.79721 1.79757 1.7984 1.79972 1.80159 1.80411 1.80738 1.81156 1.81679 1.82325 1.83116 1.84069 1.85208 1.86551 1.88117 1.89923 1.91982 1.943 1.96883 1.99726 2.0282 2.06149 2.09691 2.13416 2.17291 2.21277 2.25332 2.29413 2.33475 2.37475 2.41373 2.45131 2.48718 2.52105 2.55271 2.58201 2.60886 2.63321 2.65508 2.67453 2.69164 2.70655 2.71937 2.73028 2.7394 2.74689 2.75289 2.75749 2.7608 2.76289 2.76378 2.76348 2.76197 2.7592 2.75508 2.74949 2.74231 2.73337 2.72253 2.70961 2.69445 2.67692 2.65688 2.63427 2.60903 2.58119 2.55082 2.51806 2.4831 2.44622 2.40772 2.36798 2.32742 2.28646 2.24555 2.20514 2.16566 2.1275 2.09102 2.05653 2.02426 1.99439 1.96705 1.94229 1.92011 1.90044 1.88321 1.86826 1.85545 1.84458 1.83547 1.82794 1.82178 1.81683 1.81291 1.80988 1.80762 1.806 1.80495 1.8044 
1.79727 1.79764 1.79847 1.7998 1.80169 1.80423 1.80753 1.81174 1.81702 1.82354 1.8315 1.84111 1.85258 1.8661 1.88187 1.90004 1.92075 1.94407 1.97003 1.99861 2.0297 2.06314 2.0987 2.1361 2.17499 2.21498 2.25565 2.29657 2.33728 2.37736 2.4164 2.45403 2.48992 2.5238 2.55546 2.58474 2.61155 2.63586 2.65768 2.67707 2.69412 2.70896 2.72172 2.73257 2.74163 2.74908 2.75503 2.7596 2.76289 2.76496 2.76585 2.76556 2.76408 2.76134 2.75726 2.75173 2.7446 2.73574 2.72496 2.71212 2.69703 2.67956 2.65959 2.63702 2.61183 2.58402 2.55366 2.52089 2.48591 2.44898 2.41042 2.37061 2.32995 2.28889 2.24786 2.20732 2.1677 2.1294 2.09277 2.05812 2.0257 1.99569 1.96821 1.94331 1.921 1.90122 1.88388 1.86884 1.85593 1.84499 1.83581 1.82822 1.82201 1.81701 1.81306 1.81001 1.80772 1.80608 1.80502 1.80447 
