1.3244 1.32475 1.32509 1.32542 1.32573 1.32601 1.32628 1.32652 1.32673 1.32692 1.32708 1.32722 1.32733 1.32743 1.32751 1.32757 1.32763 1.32767 1.3277 1.32773 1.32775 1.32777 1.32779 1.3278 1.32782 1.32784 1.32786 1.32788 1.32791 1.32794 1.32797 1.32801 1.32805 1.3281 1.32815 1.32821 1.32827 1.32833 1.3284 1.32847 1.32853 1.3286 1.32867 1.32873 1.32879 1.32884 1.32889 1.32893 1.32896 1.32898 1.32899 1.329 1.32899 1.32897 1.32894 1.32891 1.32887 1.32882 1.32876 1.3287 1.32864 1.32857 1.32851 1.32844 1.32838 1.32831 1.32825 1.32819 1.32814 1.32809 1.32805 1.32801 1.32797 1.32794 1.32792 1.32789 1.32788 1.32786 1.32786 1.32786 1.32786 1.32787 1.32789 1.32792 1.32796 1.32802 1.32809 1.32818 1.32829 1.32842 1.32858 1.32877 1.32898 1.32922 1.32948 1.32977 1.33008 1.33041 1.33075 1.3311 
1.32475 1.3251 1.32544 1.32577 1.32607 1.32636 1.32662 1.32686 1.32708 1.32726 1.32743 1.32756 1.32768 1.32778 1.32786 1.32792 1.32797 1.32801 1.32805 1.32807 1.3281 1.32811 1.32813 1.32815 1.32816 1.32818 1.3282 1.32822 1.32824 1.32827 1.3283 1.32834 1.32838 1.32843 1.32848 1.32854 1.3286 1.32866 1.32873 1.3288 1.32887 1.32893 1.329 1.32906 1.32912 1.32918 1.32922 1.32926 1.3293 1.32932 1.32933 1.32933 1.32932 1.32931 1.32928 1.32925 1.3292 1.32915 1.3291 1.32904 1.32897 1.32891 1.32884 1.32877 1.32871 1.32864 1.32858 1.32853 1.32847 1.32843 1.32838 1.32834 1.32831 1.32828 1.32825 1.32823 1.32822 1.32821 1.3282 1.3282 1.3282 1.32822 1.32824 1.32827 1.32831 1.32836 1.32843 1.32852 1.32863 1.32877 1.32893 1.32911 1.32933 1.32956 1.32983 1.33012 1.33043 1.33076 1.3311 1.33144 
1.32509 1.32544 1.32578 1.3261 1.32641 1.3267 1.32696 1.3272 1.32741 1.3276 1.32776 1.3279 1.32802 1.32812 1.32819 1.32826 1.32831 1.32835 1.32839 1.32841 1.32844 1.32845 1.32847 1.32849 1.32851 1.32852 1.32855 1.32857 1.3286 1.32863 1.32867 1.32871 1.32876 1.32881 1.32887 1.32894 1.32901 1.32908 1.32916 1.32924 1.32932 1.3294 1.32948 1.32956 1.32963 1.32969 1.32974 1.32979 1.32983 1.32985 1.32987 1.32987 1.32986 1.32984 1.32981 1.32976 1.32971 1.32965 1.32959 1.32952 1.32944 1.32937 1.32929 1.32921 1.32913 1.32906 1.32899 1.32892 1.32886 1.3288 1.32875 1.32871 1.32867 1.32864 1.32861 1.32858 1.32856 1.32855 1.32854 1.32854 1.32854 1.32856 1.32858 1.32861 1.32865 1.3287 1.32877 1.32886 1.32897 1.32911 1.32927 1.32945 1.32966 1.3299 1.33017 1.33046 1.33077 1.3311 1.33143 1.33178 
1.32542 1.32577 1.3261 1.32643 1.32674 1.32703 1.32729 1.32753 1.32774 1.32793 1.32809 1.32823 1.32834 1.32844 1.32852 1.32859 1.32864 1.32868 1.32871 1.32874 1.32877 1.32879 1.32881 1.32883 1.32885 1.32887 1.3289 1.32893 1.32897 1.32901 1.32906 1.32912 1.32918 1.32925 1.32933 1.32942 1.32951 1.32961 1.32971 1.32982 1.32992 1.33003 1.33013 1.33023 1.33032 1.3304 1.33047 1.33053 1.33058 1.33061 1.33063 1.33063 1.33062 1.33059 1.33055 1.33049 1.33042 1.33034 1.33026 1.33016 1.33007 1.32996 1.32986 1.32976 1.32966 1.32956 1.32947 1.32938 1.3293 1.32923 1.32916 1.32911 1.32905 1.32901 1.32897 1.32894 1.32892 1.3289 1.32888 1.32888 1.32888 1.32889 1.32891 1.32893 1.32897 1.32903 1.3291 1.32919 1.3293 1.32943 1.32959 1.32978 1.32999 1.33023 1.33049 1.33078 1.33109 1.33142 1.33176 1.33211 
1.32573 1.32607 1.32641 1.32674 1.32705 1.32733 1.3276 1.32784 1.32805 1.32824 1.3284 1.32854 1.32865 1.32875 1.32883 1.3289 1.32895 1.32899 1.32903 1.32906 1.32908 1.32911 1.32913 1.32916 1.32919 1.32922 1.32926 1.3293 1.32935 1.32941 1.32949 1.32957 1.32966 1.32976 1.32987 1.33 1.33013 1.33026 1.33041 1.33055 1.3307 1.33085 1.33099 1.33112 1.33125 1.33136 1.33146 1.33154 1.3316 1.33164 1.33167 1.33167 1.33165 1.33161 1.33155 1.33147 1.33138 1.33127 1.33115 1.33102 1.33088 1.33074 1.33059 1.33045 1.33031 1.33018 1.33005 1.32993 1.32982 1.32971 1.32962 1.32954 1.32947 1.3294 1.32935 1.32931 1.32927 1.32924 1.32922 1.32921 1.3292 1.32921 1.32922 1.32925 1.32929 1.32934 1.32941 1.3295 1.32961 1.32974 1.3299 1.33009 1.3303 1.33054 1.3308 1.33109 1.3314 1.33173 1.33207 1.33242 
1.32601 1.32636 1.3267 1.32703 1.32733 1.32762 1.32788 1.32812 1.32834 1.32852 1.32868 1.32882 1.32894 1.32904 1.32912 1.32919 1.32924 1.32929 1.32932 1.32936 1.32939 1.32942 1.32945 1.32948 1.32952 1.32957 1.32963 1.32969 1.32977 1.32986 1.32996 1.33008 1.33022 1.33036 1.33053 1.3307 1.33089 1.33109 1.33129 1.3315 1.33171 1.33192 1.33212 1.33231 1.33248 1.33264 1.33278 1.33289 1.33298 1.33304 1.33307 1.33307 1.33304 1.33298 1.33289 1.33278 1.33265 1.33249 1.33232 1.33213 1.33194 1.33174 1.33153 1.33133 1.33113 1.33094 1.33075 1.33058 1.33042 1.33027 1.33014 1.33002 1.32992 1.32983 1.32975 1.32968 1.32963 1.32959 1.32955 1.32953 1.32952 1.32952 1.32953 1.32955 1.32958 1.32964 1.3297 1.32979 1.3299 1.33003 1.33019 1.33037 1.33059 1.33083 1.33109 1.33138 1.33169 1.33202 1.33236 1.3327 
1.32628 1.32662 1.32696 1.32729 1.3276 1.32788 1.32815 1.32839 1.3286 1.32879 1.32895 1.32909 1.32921 1.3293 1.32939 1.32945 1.32951 1.32956 1.3296 1.32964 1.32968 1.32972 1.32976 1.32981 1.32987 1.32993 1.33002 1.33011 1.33023 1.33036 1.33051 1.33069 1.33088 1.3311 1.33134 1.33159 1.33186 1.33215 1.33244 1.33274 1.33304 1.33333 1.33361 1.33388 1.33413 1.33435 1.33454 1.3347 1.33482 1.3349 1.33494 1.33494 1.33489 1.33481 1.33468 1.33452 1.33433 1.33411 1.33386 1.3336 1.33332 1.33303 1.33274 1.33245 1.33217 1.33189 1.33163 1.33138 1.33115 1.33094 1.33075 1.33058 1.33043 1.33029 1.33018 1.33008 1.33 1.32994 1.32989 1.32985 1.32983 1.32981 1.32982 1.32983 1.32986 1.32991 1.32997 1.33006 1.33017 1.3303 1.33046 1.33064 1.33085 1.33109 1.33135 1.33164 1.33195 1.33228 1.33262 1.33297 
1.32652 1.32686 1.3272 1.32753 1.32784 1.32812 1.32839 1.32863 1.32884 1.32903 1.32919 1.32933 1.32945 1.32955 1.32963 1.3297 1.32976 1.32981 1.32986 1.32991 1.32995 1.33001 1.33007 1.33014 1.33022 1.33032 1.33044 1.33059 1.33075 1.33095 1.33117 1.33143 1.33171 1.33202 1.33236 1.33273 1.33312 1.33352 1.33394 1.33436 1.33478 1.3352 1.33559 1.33597 1.33631 1.33662 1.33689 1.3371 1.33727 1.33738 1.33743 1.33742 1.33736 1.33724 1.33706 1.33684 1.33656 1.33625 1.3359 1.33553 1.33514 1.33473 1.33432 1.33391 1.33351 1.33311 1.33274 1.33239 1.33206 1.33176 1.33148 1.33124 1.33102 1.33083 1.33066 1.33052 1.3304 1.33031 1.33023 1.33017 1.33013 1.3301 1.33009 1.3301 1.33012 1.33016 1.33022 1.33031 1.33041 1.33054 1.3307 1.33088 1.33109 1.33133 1.33159 1.33188 1.33219 1.33252 1.33286 1.33321 
1.32673 1.32708 1.32741 1.32774 1.32805 1.32834 1.3286 1.32884 1.32905 1.32924 1.3294 1.32954 1.32966 1.32976 1.32985 1.32992 1.32999 1.33005 1.3301 1.33016 1.33023 1.3303 1.33038 1.33049 1.33061 1.33076 1.33093 1.33114 1.33138 1.33167 1.33199 1.33235 1.33276 1.33321 1.33369 1.33421 1.33476 1.33533 1.33591 1.3365 1.33709 1.33766 1.33821 1.33873 1.33921 1.33963 1.34 1.34029 1.34052 1.34066 1.34073 1.34072 1.34062 1.34045 1.34021 1.33989 1.33951 1.33907 1.33859 1.33807 1.33752 1.33696 1.33638 1.33581 1.33524 1.33469 1.33417 1.33367 1.33321 1.33278 1.33239 1.33204 1.33173 1.33146 1.33122 1.33102 1.33084 1.3307 1.33059 1.3305 1.33043 1.33038 1.33036 1.33035 1.33036 1.3304 1.33045 1.33053 1.33063 1.33076 1.33091 1.3311 1.33131 1.33154 1.33181 1.3321 1.3324 1.33273 1.33307 1.33342 
1.32692 1.32726 1.3276 1.32793 1.32824 1.32852 1.32879 1.32903 1.32924 1.32943 1.32959 1.32973 1.32986 1.32996 1.33005 1.33013 1.3302 1.33027 1.33034 1.33042 1.3305 1.3306 1.33072 1.33087 1.33105 1.33126 1.33151 1.33181 1.33216 1.33257 1.33303 1.33354 1.33412 1.33474 1.33542 1.33615 1.33691 1.3377 1.3385 1.33932 1.34012 1.34091 1.34166 1.34237 1.34302 1.34359 1.34408 1.34448 1.34478 1.34498 1.34506 1.34504 1.34491 1.34467 1.34433 1.34389 1.34337 1.34277 1.34211 1.3414 1.34064 1.33987 1.33907 1.33828 1.3375 1.33674 1.33601 1.33532 1.33468 1.33408 1.33353 1.33304 1.33261 1.33222 1.33188 1.3316 1.33135 1.33115 1.33098 1.33085 1.33074 1.33067 1.33062 1.3306 1.3306 1.33062 1.33066 1.33074 1.33083 1.33096 1.33111 1.33129 1.3315 1.33173 1.332 1.33228 1.33259 1.33292 1.33326 1.33361 
1.32708 1.32743 1.32776 1.32809 1.3284 1.32868 1.32895 1.32919 1.3294 1.32959 1.32976 1.3299 1.33003 1.33013 1.33023 1.33032 1.3304 1.33048 1.33057 1.33067 1.33079 1.33093 1.3311 1.33131 1.33156 1.33187 1.33223 1.33265 1.33315 1.33372 1.33436 1.33508 1.33588 1.33675 1.33768 1.33868 1.33972 1.3408 1.3419 1.343 1.34409 1.34515 1.34617 1.34712 1.34798 1.34875 1.3494 1.34993 1.35033 1.35058 1.35069 1.35065 1.35047 1.35014 1.34968 1.34909 1.34839 1.34758 1.34668 1.34572 1.3447 1.34364 1.34257 1.34149 1.34043 1.33939 1.3384 1.33745 1.33657 1.33575 1.335 1.33432 1.33371 1.33317 1.3327 1.3323 1.33196 1.33167 1.33143 1.33124 1.33108 1.33097 1.33089 1.33084 1.33082 1.33083 1.33086 1.33092 1.33101 1.33113 1.33128 1.33146 1.33166 1.3319 1.33216 1.33245 1.33276 1.33308 1.33342 1.33377 
1.32722 1.32756 1.3279 1.32823 1.32854 1.32882 1.32909 1.32933 1.32954 1.32973 1.3299 1.33005 1.33018 1.33029 1.33039 1.33049 1.33059 1.33069 1.33081 1.33094 1.33111 1.3313 1.33155 1.33184 1.3322 1.33262 1.33313 1.33373 1.33441 1.3352 1.33609 1.33708 1.33817 1.33936 1.34063 1.34197 1.34338 1.34483 1.3463 1.34778 1.34923 1.35064 1.35198 1.35323 1.35437 1.35538 1.35624 1.35693 1.35744 1.35777 1.35791 1.35785 1.3576 1.35716 1.35655 1.35576 1.35482 1.35375 1.35256 1.35127 1.34991 1.34851 1.34707 1.34563 1.3442 1.34281 1.34147 1.3402 1.339 1.33789 1.33687 1.33594 1.33511 1.33437 1.33373 1.33317 1.33269 1.33229 1.33196 1.33169 1.33147 1.3313 1.33117 1.33109 1.33104 1.33103 1.33105 1.3311 1.33118 1.33129 1.33143 1.3316 1.33181 1.33204 1.3323 1.33259 1.3329 1.33322 1.33356 1.33391 
1.32733 1.32768 1.32802 1.32834 1.32865 1.32894 1.32921 1.32945 1.32966 1.32986 1.33003 1.33018 1.33031 1.33043 1.33055 1.33066 1.33078 1.33091 1.33107 1.33125 1.33147 1.33175 1.33209 1.3325 1.33299 1.33359 1.33429 1.3351 1.33605 1.33712 1.33833 1.33967 1.34114 1.34273 1.34443 1.34623 1.34809 1.35001 1.35195 1.35389 1.3558 1.35764 1.35939 1.36102 1.3625 1.3638 1.36491 1.3658 1.36646 1.36687 1.36704 1.36695 1.36662 1.36604 1.36523 1.3642 1.36298 1.36157 1.36001 1.35833 1.35655 1.3547 1.35281 1.35091 1.34903 1.34718 1.34541 1.34371 1.34211 1.34063 1.33926 1.33801 1.33689 1.3359 1.33502 1.33426 1.33361 1.33306 1.3326 1.33222 1.33191 1.33167 1.33149 1.33136 1.33127 1.33123 1.33123 1.33126 1.33133 1.33143 1.33156 1.33173 1.33193 1.33216 1.33242 1.33271 1.33301 1.33334 1.33368 1.33402 
1.32743 1.32778 1.32812 1.32844 1.32875 1.32904 1.3293 1.32955 1.32976 1.32996 1.33013 1.33029 1.33043 1.33057 1.3307 1.33083 1.33098 1.33115 1.33136 1.33161 1.33192 1.33229 1.33276 1.33332 1.334 1.33482 1.33577 1.33688 1.33815 1.3396 1.34122 1.343 1.34496 1.34706 1.3493 1.35165 1.35409 1.35659 1.35911 1.36162 1.36408 1.36646 1.3687 1.37079 1.37267 1.37433 1.37574 1.37687 1.3777 1.37822 1.37842 1.3783 1.37786 1.37711 1.37607 1.37474 1.37316 1.37135 1.36934 1.36717 1.36487 1.36248 1.36003 1.35756 1.35511 1.35271 1.35039 1.34817 1.34607 1.34411 1.3423 1.34065 1.33916 1.33783 1.33666 1.33565 1.33477 1.33402 1.33339 1.33287 1.33245 1.33212 1.33186 1.33166 1.33153 1.33145 1.33141 1.33142 1.33147 1.33156 1.33169 1.33185 1.33204 1.33227 1.33252 1.33281 1.33311 1.33344 1.33377 1.33412 
1.32751 1.32786 1.32819 1.32852 1.32883 1.32912 1.32939 1.32963 1.32985 1.33005 1.33023 1.33039 1.33055 1.3307 1.33085 1.33102 1.33121 1.33143 1.33171 1.33204 1.33246 1.33298 1.33361 1.33438 1.3353 1.33639 1.33767 1.33916 1.34085 1.34277 1.3449 1.34725 1.3498 1.35254 1.35544 1.35849 1.36163 1.36483 1.36806 1.37126 1.37439 1.37739 1.38023 1.38286 1.38523 1.38732 1.38907 1.39048 1.39151 1.39215 1.39239 1.39223 1.39166 1.39071 1.38938 1.3877 1.3857 1.3834 1.38086 1.3781 1.37517 1.37213 1.369 1.36585 1.36271 1.35962 1.35663 1.35376 1.35104 1.34849 1.34614 1.34398 1.34203 1.34028 1.33874 1.33739 1.33622 1.33522 1.33438 1.33369 1.33311 1.33265 1.33229 1.33202 1.33182 1.33168 1.33161 1.33159 1.33161 1.33169 1.3318 1.33195 1.33214 1.33236 1.33261 1.33289 1.3332 1.33352 1.33386 1.3342 
1.32757 1.32792 1.32826 1.32859 1.3289 1.32919 1.32945 1.3297 1.32992 1.33013 1.33032 1.33049 1.33066 1.33083 1.33102 1.33123 1.33147 1.33177 1.33213 1.33258 1.33315 1.33384 1.33469 1.33572 1.33695 1.33841 1.3401 1.34206 1.34428 1.34678 1.34955 1.35259 1.35587 1.35939 1.3631 1.36697 1.37096 1.37501 1.37907 1.38309 1.387 1.39076 1.39429 1.39755 1.40049 1.40307 1.40523 1.40696 1.40822 1.409 1.40928 1.40906 1.40835 1.40716 1.4055 1.4034 1.4009 1.39804 1.39486 1.39141 1.38774 1.38392 1.37999 1.37602 1.37205 1.36814 1.36434 1.36069 1.35721 1.35395 1.35092 1.34814 1.34562 1.34335 1.34134 1.33958 1.33804 1.33673 1.33562 1.33469 1.33393 1.33331 1.33282 1.33244 1.33215 1.33195 1.33183 1.33177 1.33176 1.33181 1.33191 1.33204 1.33222 1.33244 1.33269 1.33296 1.33326 1.33359 1.33392 1.33427 
1.32763 1.32797 1.32831 1.32864 1.32895 1.32924 1.32951 1.32976 1.32999 1.3302 1.3304 1.33059 1.33078 1.33098 1.33121 1.33147 1.33178 1.33217 1.33266 1.33326 1.33401 1.33494 1.33607 1.33743 1.33905 1.34095 1.34317 1.3457 1.34858 1.35179 1.35534 1.35921 1.36339 1.36783 1.37251 1.37736 1.38234 1.38739 1.39243 1.3974 1.40222 1.40684 1.41117 1.41516 1.41874 1.42188 1.42451 1.4266 1.42812 1.42905 1.42937 1.42909 1.42821 1.42674 1.4247 1.42213 1.41906 1.41554 1.41163 1.40738 1.40286 1.39813 1.39327 1.38833 1.38339 1.37851 1.37375 1.36916 1.36478 1.36066 1.35682 1.35328 1.35006 1.34716 1.34458 1.3423 1.34032 1.33862 1.33717 1.33595 1.33495 1.33413 1.33347 1.33295 1.33256 1.33228 1.33208 1.33197 1.33192 1.33194 1.33201 1.33214 1.3323 1.33251 1.33275 1.33302 1.33332 1.33364 1.33398 1.33432 
1.32767 1.32801 1.32835 1.32868 1.32899 1.32929 1.32956 1.32981 1.33005 1.33027 1.33048 1.33069 1.33091 1.33115 1.33143 1.33177 1.33217 1.33268 1.33332 1.33412 1.33511 1.33633 1.3378 1.33958 1.34168 1.34414 1.34699 1.35024 1.3539 1.35798 1.36246 1.36733 1.37255 1.37809 1.38389 1.38989 1.39603 1.40222 1.40838 1.41443 1.42029 1.42588 1.43112 1.43592 1.44023 1.44399 1.44713 1.44962 1.45143 1.45253 1.4529 1.45255 1.45147 1.44969 1.44722 1.44411 1.44041 1.43615 1.43141 1.42626 1.42076 1.415 1.40906 1.40302 1.39696 1.39095 1.38507 1.37938 1.37395 1.36881 1.364 1.35956 1.3555 1.35184 1.34856 1.34566 1.34313 1.34095 1.33908 1.33751 1.3362 1.33513 1.33427 1.33358 1.33306 1.33266 1.33238 1.3322 1.33211 1.33209 1.33213 1.33223 1.33238 1.33258 1.33281 1.33308 1.33337 1.33369 1.33402 1.33436 
1.3277 1.32805 1.32839 1.32871 1.32903 1.32932 1.3296 1.32986 1.3301 1.33034 1.33057 1.33081 1.33107 1.33136 1.33171 1.33213 1.33266 1.33332 1.33416 1.3352 1.33648 1.33806 1.33997 1.34225 1.34495 1.34809 1.3517 1.3558 1.3604 1.3655 1.37108 1.37712 1.38356 1.39037 1.39747 1.40478 1.41223 1.41971 1.42714 1.43441 1.44142 1.44809 1.45432 1.46003 1.46513 1.46956 1.47327 1.4762 1.47832 1.4796 1.48002 1.47958 1.47829 1.47617 1.47323 1.46954 1.46512 1.46005 1.4544 1.44823 1.44165 1.43474 1.42759 1.42029 1.41296 1.40566 1.3985 1.39155 1.38489 1.37857 1.37263 1.36713 1.36209 1.35751 1.35341 1.34977 1.34657 1.34381 1.34144 1.33943 1.33776 1.33637 1.33525 1.33436 1.33366 1.33313 1.33275 1.33248 1.33232 1.33225 1.33226 1.33233 1.33246 1.33264 1.33287 1.33312 1.33341 1.33373 1.33406 1.3344 
1.32773 1.32807 1.32841 1.32874 1.32906 1.32936 1.32964 1.32991 1.33016 1.33042 1.33067 1.33094 1.33125 1.33161 1.33204 1.33258 1.33326 1.33412 1.3352 1.33654 1.33819 1.34022 1.34265 1.34555 1.34895 1.3529 1.35742 1.36253 1.36824 1.37453 1.38138 1.38876 1.39661 1.40485 1.41342 1.42221 1.43112 1.44004 1.44886 1.45747 1.46575 1.47359 1.4809 1.48757 1.49353 1.49869 1.503 1.50639 1.50884 1.51031 1.51078 1.51025 1.50873 1.50624 1.5028 1.49847 1.49329 1.48734 1.48069 1.47344 1.46566 1.45748 1.449 1.44032 1.43156 1.42282 1.41422 1.40584 1.39778 1.3901 1.38287 1.37614 1.36995 1.36431 1.35923 1.35471 1.35073 1.34727 1.3443 1.34177 1.33965 1.33789 1.33646 1.33531 1.3344 1.33371 1.33319 1.33282 1.33258 1.33245 1.33241 1.33244 1.33255 1.33271 1.33292 1.33317 1.33345 1.33376 1.33409 1.33443 
1.32775 1.3281 1.32844 1.32877 1.32908 1.32939 1.32968 1.32995 1.33023 1.3305 1.33079 1.33111 1.33147 1.33192 1.33246 1.33315 1.33401 1.33511 1.33648 1.33819 1.3403 1.34285 1.34592 1.34955 1.3538 1.3587 1.36428 1.37056 1.37754 1.38521 1.39351 1.40241 1.41183 1.42169 1.43188 1.4423 1.45281 1.4633 1.47364 1.48368 1.49332 1.50241 1.51086 1.51856 1.52541 1.53134 1.53627 1.54015 1.54294 1.5446 1.54513 1.5445 1.54274 1.53986 1.5359 1.5309 1.52492 1.51804 1.51034 1.50191 1.49286 1.48331 1.47338 1.4632 1.45288 1.44256 1.43236 1.42239 1.41276 1.40355 1.39485 1.38672 1.37921 1.37235 1.36615 1.3606 1.3557 1.35143 1.34774 1.34459 1.34194 1.33973 1.33792 1.33646 1.3353 1.3344 1.33372 1.33322 1.33289 1.33268 1.33258 1.33257 1.33265 1.33278 1.33298 1.33321 1.33349 1.33379 1.33411 1.33445 
1.32777 1.32811 1.32845 1.32879 1.32911 1.32942 1.32972 1.33001 1.3303 1.3306 1.33093 1.3313 1.33175 1.33229 1.33298 1.33384 1.33494 1.33633 1.33806 1.34022 1.34285 1.34605 1.34986 1.35435 1.35958 1.36559 1.3724 1.38002 1.38845 1.39766 1.40759 1.41818 1.42935 1.44097 1.45294 1.46512 1.47737 1.48953 1.50147 1.51304 1.52409 1.5345 1.54413 1.55288 1.56066 1.56736 1.57293 1.57731 1.58044 1.5823 1.58288 1.58216 1.58015 1.57688 1.57237 1.56669 1.55989 1.55204 1.54324 1.5336 1.52321 1.51222 1.50076 1.48896 1.47697 1.46494 1.453 1.44129 1.42992 1.41903 1.40869 1.39899 1.38999 1.38174 1.37425 1.36753 1.36157 1.35635 1.35183 1.34795 1.34467 1.34194 1.33968 1.33785 1.33639 1.33524 1.33437 1.33372 1.33326 1.33295 1.33279 1.33273 1.33276 1.33287 1.33304 1.33326 1.33353 1.33382 1.33414 1.33447 
1.32779 1.32813 1.32847 1.32881 1.32913 1.32945 1.32976 1.33007 1.33038 1.33072 1.3311 1.33155 1.33209 1.33276 1.33361 1.33469 1.33607 1.3378 1.33997 1.34265 1.34592 1.34986 1.35454 1.36003 1.36639 1.37366 1.38186 1.391 1.40105 1.41197 1.4237 1.43615 1.44921 1.46275 1.47662 1.49068 1.50475 1.51867 1.53228 1.54542 1.55793 1.56967 1.5805 1.59032 1.59902 1.6065 1.61271 1.61757 1.62104 1.6231 1.62372 1.62291 1.62066 1.61699 1.61196 1.60559 1.59796 1.58914 1.57924 1.56835 1.55659 1.54412 1.53106 1.51757 1.50382 1.48997 1.47617 1.46258 1.44934 1.4366 1.42446 1.41303 1.40238 1.39257 1.38363 1.37558 1.36842 1.36211 1.35663 1.35191 1.34791 1.34455 1.34178 1.33951 1.33769 1.33625 1.33514 1.3343 1.3337 1.33328 1.33303 1.33291 1.33289 1.33296 1.33311 1.33331 1.33356 1.33385 1.33416 1.33449 
1.3278 1.32815 1.32849 1.32883 1.32916 1.32948 1.32981 1.33014 1.33049 1.33087 1.33131 1.33184 1.3325 1.33332 1.33438 1.33572 1.33743 1.33958 1.34225 1.34555 1.34955 1.35435 1.36003 1.36666 1.37431 1.38299 1.39275 1.40356 1.4154 1.42821 1.44189 1.45634 1.47143 1.48699 1.50287 1.51888 1.53484 1.55057 1.56588 1.58061 1.59458 1.60764 1.61967 1.63053 1.64013 1.64837 1.65519 1.66052 1.66433 1.66657 1.66724 1.66633 1.66385 1.65981 1.65426 1.64723 1.6388 1.62903 1.61803 1.6059 1.59277 1.57879 1.56411 1.5489 1.53333 1.51757 1.50182 1.48625 1.47102 1.45629 1.44221 1.42889 1.41642 1.4049 1.39436 1.38482 1.3763 1.36877 1.3622 1.35653 1.35169 1.34762 1.34424 1.34146 1.33922 1.33744 1.33606 1.335 1.33423 1.33368 1.33332 1.33312 1.33305 1.33308 1.33319 1.33337 1.33361 1.33388 1.33419 1.33451 
1.32782 1.32816 1.32851 1.32885 1.32919 1.32952 1.32987 1.33022 1.33061 1.33105 1.33156 1.3322 1.33299 1.334 1.3353 1.33695 1.33905 1.34168 1.34495 1.34895 1.3538 1.35958 1.36639 1.37431 1.38338 1.39364 1.40511 1.41776 1.43154 1.44637 1.46214 1.47871 1.49592 1.5136 1.53155 1.54956 1.56744 1.58499 1.602 1.61829 1.63369 1.64805 1.66122 1.67308 1.68353 1.69249 1.69988 1.70565 1.70976 1.71219 1.7129 1.71191 1.70921 1.70483 1.69879 1.69114 1.68195 1.67127 1.65922 1.6459 1.63143 1.61597 1.59968 1.58273 1.56531 1.54762 1.52985 1.51222 1.4949 1.47808 1.46192 1.44657 1.43215 1.41876 1.40646 1.3953 1.38527 1.37638 1.36859 1.36184 1.35606 1.35117 1.3471 1.34374 1.34102 1.33885 1.33714 1.33583 1.33485 1.33415 1.33367 1.33337 1.33323 1.33321 1.33329 1.33344 1.33366 1.33392 1.33421 1.33453 
1.32784 1.32818 1.32852 1.32887 1.32922 1.32957 1.32993 1.33032 1.33076 1.33126 1.33187 1.33262 1.33359 1.33482 1.33639 1.33841 1.34095 1.34414 1.34809 1.3529 1.3587 1.36559 1.37366 1.38299 1.39364 1.40564 1.41896 1.43359 1.44944 1.46642 1.48438 1.50316 1.52257 1.54241 1.56245 1.58248 1.60227 1.6216 1.64027 1.65807 1.67484 1.69041 1.70465 1.71743 1.72867 1.73827 1.74619 1.75235 1.75674 1.75932 1.76008 1.75902 1.75613 1.75144 1.74497 1.73677 1.72688 1.71537 1.70234 1.6879 1.67216 1.65528 1.63742 1.61876 1.59951 1.57988 1.56008 1.54034 1.52086 1.50187 1.48354 1.46605 1.44955 1.43416 1.41997 1.40703 1.39536 1.38497 1.37583 1.36788 1.36104 1.35525 1.35039 1.34638 1.3431 1.34047 1.3384 1.33679 1.33558 1.33469 1.33407 1.33367 1.33345 1.33337 1.3334 1.33352 1.33371 1.33396 1.33424 1.33455 
1.32786 1.3282 1.32855 1.3289 1.32926 1.32963 1.33002 1.33044 1.33093 1.33151 1.33223 1.33313 1.33429 1.33577 1.33767 1.3401 1.34317 1.34699 1.3517 1.35742 1.36428 1.3724 1.38186 1.39275 1.40511 1.41896 1.43428 1.45101 1.46904 1.48826 1.50849 1.52953 1.55118 1.57319 1.59532 1.61733 1.63897 1.66002 1.68025 1.69947 1.7175 1.73418 1.74938 1.76299 1.77492 1.78509 1.79345 1.79996 1.80458 1.8073 1.8081 1.80698 1.80394 1.79899 1.79216 1.78347 1.77298 1.76074 1.74684 1.73137 1.71446 1.69626 1.67692 1.65663 1.63561 1.61407 1.59226 1.5704 1.54875 1.52753 1.50696 1.48725 1.46857 1.45106 1.43485 1.42001 1.40657 1.39456 1.38394 1.37467 1.36667 1.35986 1.35413 1.34938 1.34548 1.34234 1.33985 1.33791 1.33642 1.33533 1.33454 1.33402 1.3337 1.33355 1.33353 1.33361 1.33378 1.334 1.33427 1.33458 
1.32788 1.32822 1.32857 1.32893 1.3293 1.32969 1.33011 1.33059 1.33114 1.33181 1.33265 1.33373 1.3351 1.33688 1.33916 1.34206 1.3457 1.35024 1.3558 1.36253 1.37056 1.38002 1.391 1.40356 1.41776 1.43359 1.45101 1.46993 1.49023 1.51175 1.53428 1.55761 1.58148 1.60563 1.6298 1.65371 1.67712 1.69977 1.72145 1.74195 1.76111 1.77877 1.7948 1.80911 1.82162 1.83226 1.84099 1.84777 1.85258 1.85542 1.85625 1.85509 1.85194 1.84679 1.83967 1.8306 1.81961 1.80676 1.79211 1.77576 1.75781 1.73841 1.71771 1.69591 1.67321 1.64985 1.62607 1.60214 1.57832 1.55486 1.53202 1.51003 1.48909 1.46939 1.45106 1.4342 1.41888 1.40512 1.39291 1.38221 1.37295 1.36502 1.35833 1.35276 1.34818 1.34446 1.3415 1.33918 1.33739 1.33605 1.33509 1.33442 1.33399 1.33376 1.33368 1.33372 1.33385 1.33406 1.33431 1.33461 
1.32791 1.32824 1.3286 1.32897 1.32935 1.32977 1.33023 1.33075 1.33138 1.33216 1.33315 1.33441 1.33605 1.33815 1.34085 1.34428 1.34858 1.3539 1.3604 1.36824 1.37754 1.38845 1.40105 1.4154 1.43154 1.44944 1.46904 1.49023 1.51285 1.5367 1.56154 1.58713 1.61318 1.63941 1.66551 1.69121 1.71625 1.74036 1.76333 1.78496 1.80509 1.82356 1.84028 1.85515 1.8681 1.8791 1.8881 1.89508 1.90004 1.90296 1.90383 1.90265 1.89942 1.89414 1.88682 1.87747 1.86611 1.85278 1.83754 1.82046 1.80163 1.78119 1.75929 1.73612 1.71188 1.68681 1.66117 1.63523 1.60929 1.58363 1.55852 1.53423 1.511 1.48903 1.4685 1.44955 1.43224 1.41664 1.40274 1.3905 1.37987 1.37074 1.363 1.35653 1.35119 1.34684 1.34336 1.34061 1.33849 1.33688 1.3357 1.33487 1.33432 1.334 1.33385 1.33384 1.33394 1.33412 1.33436 1.33464 
1.32794 1.32827 1.32863 1.32901 1.32941 1.32986 1.33036 1.33095 1.33167 1.33257 1.33372 1.3352 1.33712 1.3396 1.34277 1.34678 1.35179 1.35798 1.3655 1.37453 1.38521 1.39766 1.41197 1.42821 1.44637 1.46642 1.48826 1.51175 1.5367 1.56287 1.58999 1.61779 1.64593 1.67411 1.70203 1.72937 1.75587 1.78127 1.80535 1.82792 1.84883 1.86795 1.88518 1.90045 1.91372 1.92495 1.93413 1.94124 1.94628 1.94925 1.95015 1.94897 1.94572 1.94037 1.93294 1.92342 1.91183 1.89817 1.8825 1.86486 1.84534 1.82405 1.80113 1.77676 1.75114 1.72451 1.69715 1.66933 1.64136 1.61355 1.58621 1.55963 1.5341 1.50984 1.48707 1.46594 1.44658 1.42905 1.41336 1.3995 1.38741 1.37699 1.36813 1.36068 1.35452 1.34948 1.34542 1.34221 1.33971 1.33781 1.3364 1.33539 1.3347 1.33427 1.33405 1.33398 1.33404 1.33419 1.33441 1.33468 
1.32797 1.3283 1.32867 1.32906 1.32949 1.32996 1.33051 1.33117 1.33199 1.33303 1.33436 1.33609 1.33833 1.34122 1.3449 1.34955 1.35534 1.36246 1.37108 1.38138 1.39351 1.40759 1.4237 1.44189 1.46214 1.48438 1.50849 1.53428 1.56154 1.58999 1.61933 1.64923 1.67935 1.70935 1.73891 1.76772 1.79549 1.82197 1.84696 1.87027 1.89177 1.91134 1.92891 1.94442 1.95786 1.96921 1.97846 1.98562 1.99069 1.99369 1.99461 1.99345 1.99021 1.98487 1.97743 1.96786 1.95616 1.94233 1.9264 1.90839 1.88837 1.86643 1.8427 1.81733 1.79053 1.76252 1.73359 1.70403 1.67416 1.6443 1.61481 1.586 1.55818 1.53163 1.5066 1.48327 1.4618 1.44227 1.42473 1.40918 1.39555 1.38376 1.37369 1.36521 1.35816 1.35238 1.3477 1.34398 1.34107 1.33884 1.33717 1.33596 1.33512 1.33458 1.33426 1.33414 1.33415 1.33426 1.33446 1.33472 
1.32801 1.32834 1.32871 1.32912 1.32957 1.33008 1.33069 1.33143 1.33235 1.33354 1.33508 1.33708 1.33967 1.343 1.34725 1.35259 1.35921 1.36733 1.37712 1.38876 1.40241 1.41818 1.43615 1.45634 1.47871 1.50316 1.52953 1.55761 1.58713 1.61779 1.64923 1.6811 1.71305 1.7447 1.77571 1.80578 1.83462 1.86197 1.88765 1.91149 1.93337 1.9532 1.97093 1.98653 2 2.01134 2.02056 2.02769 2.03274 2.03574 2.03668 2.03556 2.03238 2.02711 2.01974 2.01023 1.99856 1.98472 1.9687 1.95051 1.93019 1.90782 1.88348 1.85733 1.82956 1.80038 1.77008 1.73895 1.70733 1.67556 1.64402 1.61306 1.58301 1.55421 1.52692 1.50138 1.47777 1.45621 1.43676 1.41945 1.40422 1.391 1.37967 1.37009 1.3621 1.35552 1.35018 1.34591 1.34256 1.33997 1.33802 1.3366 1.33559 1.33492 1.33451 1.33431 1.33427 1.33435 1.33452 1.33477 
1.32805 1.32838 1.32876 1.32918 1.32966 1.33022 1.33088 1.33171 1.33276 1.33412 1.33588 1.33817 1.34114 1.34496 1.3498 1.35587 1.36339 1.37255 1.38356 1.39661 1.41183 1.42935 1.44921 1.47143 1.49592 1.52257 1.55118 1.58148 1.61318 1.64593 1.67935 1.71305 1.74664 1.77974 1.81201 1.84312 1.8728 1.9008 1.92696 1.95111 1.97318 1.99308 2.0108 2.02633 2.03969 2.0509 2.06 2.06703 2.07201 2.07497 2.07592 2.07486 2.07177 2.06664 2.05943 2.05009 2.03858 2.02488 2.00894 1.99075 1.97033 1.94773 1.92301 1.89631 1.86778 1.83766 1.80619 1.77369 1.7405 1.70698 1.67352 1.64052 1.60834 1.57734 1.54783 1.5201 1.49435 1.47073 1.44935 1.43024 1.41337 1.39867 1.38602 1.37529 1.36631 1.35888 1.35284 1.34799 1.34417 1.3412 1.33895 1.33729 1.3361 1.33529 1.33478 1.3345 1.33441 1.33445 1.33459 1.33482 
1.3281 1.32843 1.32881 1.32925 1.32976 1.33036 1.3311 1.33202 1.33321 1.33474 1.33675 1.33936 1.34273 1.34706 1.35254 1.35939 1.36783 1.37809 1.39037 1.40485 1.42169 1.44097 1.46275 1.48699 1.5136 1.54241 1.57319 1.60563 1.63941 1.67411 1.70935 1.7447 1.77974 1.81409 1.8474 1.87933 1.90962 1.93806 1.96447 1.98874 2.01079 2.03059 2.04813 2.06345 2.07657 2.08756 2.09645 2.10331 2.10817 2.11107 2.11203 2.11104 2.10808 2.10314 2.09616 2.08708 2.07586 2.06242 2.04672 2.02871 2.00839 1.98576 1.96087 1.93384 1.90479 1.87394 1.84153 1.80787 1.7733 1.73821 1.703 1.66809 1.63388 1.60077 1.56912 1.53923 1.51137 1.48571 1.46238 1.44145 1.4229 1.40669 1.39269 1.38077 1.37076 1.36246 1.35567 1.35021 1.34589 1.34252 1.33995 1.33803 1.33665 1.33569 1.33507 1.33471 1.33455 1.33455 1.33467 1.33488 
1.32815 1.32848 1.32887 1.32933 1.32987 1.33053 1.33134 1.33236 1.33369 1.33542 1.33768 1.34063 1.34443 1.3493 1.35544 1.3631 1.37251 1.38389 1.39747 1.41342 1.43188 1.45294 1.47662 1.50287 1.53155 1.56245 1.59532 1.6298 1.66551 1.70203 1.73891 1.77571 1.81201 1.8474 1.88151 1.91404 1.94474 1.97339 1.99985 2.02404 2.0459 2.06544 2.08266 2.09764 2.11042 2.12108 2.12969 2.13633 2.14103 2.14385 2.1448 2.14389 2.1411 2.13639 2.1297 2.12097 2.11013 2.09708 2.08175 2.06409 2.04403 2.02156 1.99672 1.96956 1.94021 1.90886 1.87573 1.84112 1.80539 1.76892 1.73213 1.69547 1.65937 1.62427 1.59056 1.55859 1.52865 1.50097 1.47572 1.45297 1.43274 1.41499 1.39961 1.38648 1.37541 1.3662 1.35865 1.35256 1.34771 1.34392 1.34101 1.33883 1.33724 1.33612 1.33538 1.33494 1.33472 1.33467 1.33475 1.33494 
1.32821 1.32854 1.32894 1.32942 1.33 1.3307 1.33159 1.33273 1.33421 1.33615 1.33868 1.34197 1.34623 1.35165 1.35849 1.36697 1.37736 1.38989 1.40478 1.42221 1.4423 1.46512 1.49068 1.51888 1.54956 1.58248 1.61733 1.65371 1.69121 1.72937 1.76772 1.80578 1.84312 1.87933 1.91404 1.94697 1.97785 2.00652 2.03286 2.05679 2.07831 2.09743 2.11422 2.12874 2.14108 2.15135 2.15962 2.16598 2.17049 2.1732 2.17415 2.17332 2.17071 2.16627 2.15993 2.15162 2.14124 2.12868 2.11385 2.09665 2.07702 2.05489 2.03027 2.00319 1.97375 1.9421 1.90847 1.87313 1.83644 1.79879 1.76061 1.72237 1.68453 1.64757 1.61191 1.57795 1.54601 1.51637 1.48922 1.46467 1.44276 1.42348 1.40672 1.39236 1.38021 1.37008 1.36175 1.355 1.34961 1.34538 1.34212 1.33967 1.33786 1.33658 1.33571 1.33517 1.33489 1.33479 1.33484 1.33501 
1.32827 1.3286 1.32901 1.32951 1.33013 1.33089 1.33186 1.33312 1.33476 1.33691 1.33972 1.34338 1.34809 1.35409 1.36163 1.37096 1.38234 1.39603 1.41223 1.43112 1.45281 1.47737 1.50475 1.53484 1.56744 1.60227 1.63897 1.67712 1.71625 1.75587 1.79549 1.83462 1.8728 1.90962 1.94474 1.97785 2.00874 2.03725 2.06329 2.08683 2.10787 2.12647 2.14271 2.15669 2.16853 2.17833 2.18621 2.19226 2.19656 2.19915 2.20008 2.19935 2.19693 2.19278 2.18683 2.17898 2.16913 2.15714 2.1429 2.12629 2.1072 2.08556 2.06133 2.0345 2.00515 1.97341 1.93948 1.90362 1.86617 1.82754 1.78816 1.74852 1.70911 1.67043 1.63295 1.5971 1.56326 1.53172 1.50273 1.47642 1.45287 1.43206 1.41393 1.39834 1.38511 1.37405 1.36493 1.35751 1.35157 1.3469 1.34328 1.34054 1.33851 1.33706 1.33606 1.33543 1.33507 1.33492 1.33494 1.33508 
1.32833 1.32866 1.32908 1.32961 1.33026 1.33109 1.33215 1.33352 1.33533 1.3377 1.3408 1.34483 1.35001 1.35659 1.36483 1.37501 1.38739 1.40222 1.41971 1.44004 1.4633 1.48953 1.51867 1.55057 1.58499 1.6216 1.66002 1.69977 1.74036 1.78127 1.82197 1.86197 1.9008 1.93806 1.97339 2.00652 2.03725 2.06546 2.09107 2.11408 2.13454 2.15252 2.16814 2.18152 2.1928 2.2021 2.20956 2.21527 2.21933 2.22179 2.2227 2.22206 2.21985 2.21601 2.21046 2.20311 2.19383 2.18247 2.16889 2.15295 2.13452 2.11348 2.08976 2.06334 2.03425 2.00259 1.96854 1.93235 1.89434 1.85492 1.81453 1.77366 1.73285 1.69261 1.65345 1.61584 1.5802 1.54686 1.5161 1.4881 1.46294 1.44065 1.42116 1.40435 1.39006 1.37806 1.36815 1.36006 1.35357 1.34844 1.34446 1.34143 1.33918 1.33755 1.33642 1.33569 1.33525 1.33506 1.33504 1.33516 
1.3284 1.32873 1.32916 1.32971 1.33041 1.33129 1.33244 1.33394 1.33591 1.3385 1.3419 1.3463 1.35195 1.35911 1.36806 1.37907 1.39243 1.40838 1.42714 1.44886 1.47364 1.50147 1.53228 1.56588 1.602 1.64027 1.68025 1.72145 1.76333 1.80535 1.84696 1.88765 1.92696 1.96447 1.99985 2.03286 2.06329 2.09107 2.11614 2.13854 2.15834 2.17564 2.19058 2.20332 2.214 2.22278 2.22979 2.23516 2.23897 2.2413 2.24218 2.24163 2.23962 2.2361 2.23097 2.22413 2.21544 2.20474 2.19187 2.17666 2.15895 2.1386 2.11551 2.08961 2.06092 2.02949 1.99549 1.95913 1.92074 1.88071 1.83949 1.79758 1.75553 1.71389 1.67321 1.63397 1.59665 1.56161 1.52918 1.49955 1.47285 1.44912 1.42832 1.41032 1.39498 1.38207 1.37137 1.36262 1.35558 1.35 1.34566 1.34233 1.33985 1.33805 1.33679 1.33595 1.33544 1.33519 1.33514 1.33524 
1.32847 1.3288 1.32924 1.32982 1.33055 1.3315 1.33274 1.33436 1.3365 1.33932 1.343 1.34778 1.35389 1.36162 1.37126 1.38309 1.3974 1.41443 1.43441 1.45747 1.48368 1.51304 1.54542 1.58061 1.61829 1.65807 1.69947 1.74195 1.78496 1.82792 1.87027 1.91149 1.95111 1.98874 2.02404 2.05679 2.08683 2.11408 2.13854 2.16026 2.17935 2.19593 2.21017 2.22225 2.23232 2.24057 2.24713 2.25214 2.2557 2.25789 2.25875 2.25828 2.25647 2.25325 2.24854 2.24222 2.23413 2.22411 2.21197 2.19752 2.18058 2.16098 2.13858 2.1133 2.0851 2.05403 2.0202 1.98383 1.94522 1.90474 1.86285 1.82007 1.77696 1.73408 1.69201 1.6513 1.61242 1.57581 1.5418 1.51064 1.48248 1.45738 1.43531 1.41618 1.39982 1.38602 1.37456 1.36516 1.35758 1.35155 1.34685 1.34324 1.34053 1.33855 1.33716 1.33622 1.33564 1.33533 1.33524 1.33532 
1.32853 1.32887 1.32932 1.32992 1.3307 1.33171 1.33304 1.33478 1.33709 1.34012 1.34409 1.34923 1.3558 1.36408 1.37439 1.387 1.40222 1.42029 1.44142 1.46575 1.49332 1.52409 1.55793 1.59458 1.63369 1.67484 1.7175 1.76111 1.80509 1.84883 1.89177 1.93337 1.97318 2.01079 2.0459 2.07831 2.10787 2.13454 2.15834 2.17935 2.1977 2.21355 2.22708 2.2385 2.24797 2.25569 2.26181 2.26647 2.26979 2.27184 2.27266 2.27227 2.27065 2.26773 2.26343 2.2576 2.2501 2.24075 2.22934 2.21566 2.1995 2.18068 2.15903 2.13442 2.10679 2.07616 2.04262 2.00635 1.96765 1.92687 1.88446 1.84097 1.79694 1.75298 1.70969 1.66764 1.62736 1.5893 1.55383 1.52124 1.49171 1.46532 1.44205 1.42183 1.4045 1.38986 1.37766 1.36764 1.35953 1.35307 1.34802 1.34413 1.3412 1.33905 1.33752 1.33648 1.33583 1.33547 1.33535 1.3354 
1.3286 1.32893 1.3294 1.33003 1.33085 1.33192 1.33333 1.3352 1.33766 1.34091 1.34515 1.35064 1.35764 1.36646 1.37739 1.39076 1.40684 1.42588 1.44809 1.47359 1.50241 1.5345 1.56967 1.60764 1.64805 1.69041 1.73418 1.77877 1.82356 1.86795 1.91134 1.9532 1.99308 2.03059 2.06544 2.09743 2.12647 2.15252 2.17564 2.19593 2.21355 2.22868 2.24152 2.25229 2.26118 2.26839 2.27409 2.27842 2.2815 2.28341 2.2842 2.28388 2.28244 2.2798 2.27588 2.27053 2.2636 2.25489 2.24418 2.23126 2.21588 2.19784 2.17694 2.15303 2.12602 2.09589 2.06271 2.02664 1.98795 1.94699 1.9042 1.86013 1.81534 1.77045 1.72609 1.68286 1.6413 1.60193 1.56513 1.53123 1.50043 1.47283 1.44845 1.42721 1.40897 1.39352 1.38063 1.37001 1.36141 1.35454 1.34915 1.34499 1.34185 1.33953 1.33788 1.33674 1.33602 1.33561 1.33545 1.33548 
1.32867 1.329 1.32948 1.33013 1.33099 1.33212 1.33361 1.33559 1.33821 1.34166 1.34617 1.35198 1.35939 1.3687 1.38023 1.39429 1.41117 1.43112 1.45432 1.4809 1.51086 1.54413 1.5805 1.61967 1.66122 1.70465 1.74938 1.7948 1.84028 1.88518 1.92891 1.97093 2.0108 2.04813 2.08266 2.11422 2.14271 2.16814 2.19058 2.21017 2.22708 2.24152 2.25371 2.26387 2.27221 2.27894 2.28424 2.28826 2.29111 2.2929 2.29365 2.2934 2.29212 2.28974 2.28617 2.28127 2.27486 2.26676 2.25672 2.24451 2.22989 2.2126 2.19245 2.16924 2.14286 2.11326 2.08049 2.04468 2.00608 1.96503 1.92198 1.87745 1.83203 1.78636 1.74107 1.69679 1.65412 1.61356 1.57557 1.54048 1.50852 1.47983 1.45442 1.43225 1.41316 1.39697 1.38342 1.37226 1.36319 1.35593 1.35022 1.34581 1.34247 1.33999 1.33822 1.33699 1.3362 1.33574 1.33555 1.33556 
1.32873 1.32906 1.32956 1.33023 1.33112 1.33231 1.33388 1.33597 1.33873 1.34237 1.34712 1.35323 1.36102 1.37079 1.38286 1.39755 1.41516 1.43592 1.46003 1.48757 1.51856 1.55288 1.59032 1.63053 1.67308 1.71743 1.76299 1.80911 1.85515 1.90045 1.94442 1.98653 2.02633 2.06345 2.09764 2.12874 2.15669 2.18152 2.20332 2.22225 2.2385 2.25229 2.26387 2.27346 2.2813 2.2876 2.29253 2.29626 2.29891 2.30058 2.3013 2.3011 2.29996 2.29782 2.29457 2.29007 2.28415 2.27659 2.26717 2.25563 2.24171 2.22514 2.20569 2.18315 2.15738 2.12832 2.09597 2.06046 2.02201 1.98095 1.93772 1.89284 1.84691 1.80058 1.7545 1.70933 1.66567 1.62409 1.58504 1.54889 1.5159 1.48622 1.45989 1.43687 1.41702 1.40014 1.38601 1.37433 1.36483 1.35722 1.35122 1.34658 1.34305 1.34043 1.33854 1.33723 1.33637 1.33587 1.33564 1.33563 
1.32879 1.32912 1.32963 1.33032 1.33125 1.33248 1.33413 1.33631 1.33921 1.34302 1.34798 1.35437 1.3625 1.37267 1.38523 1.40049 1.41874 1.44023 1.46513 1.49353 1.52541 1.56066 1.59902 1.64013 1.68353 1.72867 1.77492 1.82162 1.8681 1.91372 1.95786 2 2.03969 2.07657 2.11042 2.14108 2.16853 2.1928 2.214 2.23232 2.24797 2.26118 2.27221 2.2813 2.28869 2.29459 2.2992 2.30268 2.30515 2.30671 2.3074 2.30725 2.30624 2.30429 2.30132 2.29718 2.29169 2.28463 2.27576 2.26482 2.25153 2.23561 2.21681 2.1949 2.16971 2.14115 2.10923 2.07402 2.03574 1.99472 1.95138 1.90624 1.85991 1.81304 1.7663 1.72036 1.67587 1.6334 1.59343 1.55636 1.52247 1.49192 1.46478 1.44101 1.42048 1.403 1.38833 1.37621 1.36632 1.35839 1.35213 1.34727 1.34357 1.34082 1.33883 1.33744 1.33653 1.33598 1.33573 1.3357 
1.32884 1.32918 1.32969 1.3304 1.33136 1.33264 1.33435 1.33662 1.33963 1.34359 1.34875 1.35538 1.3638 1.37433 1.38732 1.40307 1.42188 1.44399 1.46956 1.49869 1.53134 1.56736 1.6065 1.64837 1.69249 1.73827 1.78509 1.83226 1.8791 1.92495 1.96921 2.01134 2.0509 2.08756 2.12108 2.15135 2.17833 2.2021 2.22278 2.24057 2.25569 2.26839 2.27894 2.2876 2.29459 2.30016 2.30449 2.30775 2.31006 2.31152 2.31219 2.31208 2.31117 2.3094 2.30667 2.30284 2.29771 2.29108 2.2827 2.27228 2.25954 2.24419 2.22596 2.2046 2.17994 2.15185 2.1203 2.08539 2.0473 2.00634 1.96294 1.91761 1.87096 1.82365 1.77637 1.72981 1.68462 1.6414 1.60066 1.56281 1.52815 1.49686 1.46902 1.44461 1.42349 1.4055 1.39037 1.37785 1.36763 1.35943 1.35293 1.34789 1.34404 1.34117 1.33909 1.33763 1.33667 1.33609 1.3358 1.33576 
1.32889 1.32922 1.32974 1.33047 1.33146 1.33278 1.33454 1.33689 1.34 1.34408 1.3494 1.35624 1.36491 1.37574 1.38907 1.40523 1.42451 1.44713 1.47327 1.503 1.53627 1.57293 1.61271 1.65519 1.69988 1.74619 1.79345 1.84099 1.8881 1.93413 1.97846 2.02056 2.06 2.09645 2.12969 2.15962 2.18621 2.20956 2.22979 2.24713 2.26181 2.27409 2.28424 2.29253 2.2992 2.30449 2.30859 2.31166 2.31384 2.31522 2.31587 2.31579 2.31497 2.31334 2.31081 2.30723 2.30241 2.29614 2.28815 2.27817 2.2659 2.25103 2.23328 2.2124 2.18817 2.16047 2.12927 2.09462 2.0567 2.01581 1.97238 1.92691 1.88002 1.83237 1.78466 1.7376 1.69185 1.64803 1.60666 1.56817 1.53288 1.50099 1.47257 1.44762 1.42602 1.40759 1.39209 1.37924 1.36874 1.3603 1.35362 1.34841 1.34444 1.34147 1.33931 1.3378 1.33679 1.33618 1.33587 1.33581 
1.32893 1.32926 1.32979 1.33053 1.33154 1.33289 1.3347 1.3371 1.34029 1.34448 1.34993 1.35693 1.3658 1.37687 1.39048 1.40696 1.4266 1.44962 1.4762 1.50639 1.54015 1.57731 1.61757 1.66052 1.70565 1.75235 1.79996 1.84777 1.89508 1.94124 1.98562 2.02769 2.06703 2.10331 2.13633 2.16598 2.19226 2.21527 2.23516 2.25214 2.26647 2.27842 2.28826 2.29626 2.30268 2.30775 2.31166 2.31459 2.31667 2.31799 2.31861 2.31856 2.31781 2.31629 2.31392 2.31054 2.30596 2.29997 2.29229 2.28266 2.27075 2.25626 2.23889 2.21837 2.1945 2.16712 2.13618 2.10174 2.06396 2.02314 1.97969 1.93413 1.88706 1.83916 1.79113 1.74368 1.6975 1.65321 1.61136 1.57238 1.5366 1.50424 1.47538 1.45001 1.42803 1.40926 1.39346 1.38035 1.36964 1.36101 1.35417 1.34884 1.34477 1.34172 1.3395 1.33794 1.33689 1.33625 1.33593 1.33586 
1.32896 1.3293 1.32983 1.33058 1.3316 1.33298 1.33482 1.33727 1.34052 1.34478 1.35033 1.35744 1.36646 1.3777 1.39151 1.40822 1.42812 1.45143 1.47832 1.50884 1.54294 1.58044 1.62104 1.66433 1.70976 1.75674 1.80458 1.85258 1.90004 1.94628 1.99069 2.03274 2.07201 2.10817 2.14103 2.17049 2.19656 2.21933 2.23897 2.2557 2.26979 2.2815 2.29111 2.29891 2.30515 2.31006 2.31384 2.31667 2.31867 2.31995 2.32056 2.32052 2.31982 2.31839 2.31613 2.31289 2.30848 2.30269 2.29524 2.28585 2.2742 2.25998 2.24288 2.22263 2.199 2.17184 2.14109 2.1068 2.06912 2.02835 1.98488 1.93925 1.89206 1.84398 1.79572 1.748 1.70152 1.65691 1.61472 1.57539 1.53927 1.50658 1.4774 1.45174 1.4295 1.41048 1.39447 1.38117 1.37029 1.36153 1.35458 1.34916 1.34501 1.3419 1.33964 1.33804 1.33697 1.33631 1.33597 1.33589 
1.32898 1.32932 1.32985 1.33061 1.33164 1.33304 1.3349 1.33738 1.34066 1.34498 1.35058 1.35777 1.36687 1.37822 1.39215 1.409 1.42905 1.45253 1.4796 1.51031 1.5446 1.5823 1.6231 1.66657 1.71219 1.75932 1.8073 1.85542 1.90296 1.94925 1.99369 2.03574 2.07497 2.11107 2.14385 2.1732 2.19915 2.22179 2.2413 2.25789 2.27184 2.28341 2.2929 2.30058 2.30671 2.31152 2.31522 2.31799 2.31995 2.3212 2.3218 2.32178 2.32111 2.31972 2.31753 2.31438 2.31008 2.3044 2.29709 2.28784 2.27634 2.26227 2.24532 2.22522 2.20172 2.17469 2.14404 2.10982 2.07218 2.03143 1.98795 1.94227 1.895 1.84681 1.79842 1.75055 1.7039 1.6591 1.61671 1.57719 1.54087 1.50798 1.47862 1.45279 1.43039 1.41123 1.39509 1.38168 1.37071 1.36186 1.35484 1.34936 1.34517 1.34203 1.33973 1.33811 1.33702 1.33635 1.336 1.33592 
