0.549819 0.550353 0.550857 0.551314 0.551715 0.552054 0.552332 0.552551 0.552719 0.552844 0.552934 0.552997 0.55304 0.553068 0.553086 0.553097 0.553104 0.553108 0.553111 0.553112 0.553113 0.553113 0.553113 0.553114 0.553114 0.553114 0.553114 0.553114 0.553114 0.553114 0.553114 0.553114 0.553114 0.553114 0.553114 0.553114 0.553114 0.553114 0.553114 0.553114 0.553115 0.553115 0.553115 0.553115 0.553116 0.553116 0.553116 0.553116 0.553116 0.553116 0.553116 0.553116 0.553116 0.553116 0.553116 0.553116 0.553116 0.553116 0.553116 0.553116 0.553115 0.553115 0.553115 0.553115 0.553115 0.553114 0.553114 0.553114 0.553114 0.553114 0.553114 0.553114 0.553114 0.553114 0.553114 0.553114 0.553114 0.553114 0.553114 0.553114 0.553114 0.553114 0.553115 0.553117 0.55312 0.553126 0.553137 0.553156 0.553187 0.553237 0.553314 0.553427 0.553585 0.553797 0.554072 0.554411 0.554815 0.555276 0.555782 0.556317 
0.550353 0.550887 0.55139 0.551847 0.552248 0.552587 0.552864 0.553084 0.553252 0.553377 0.553467 0.55353 0.553572 0.553601 0.553619 0.55363 0.553637 0.553641 0.553644 0.553645 0.553646 0.553646 0.553646 0.553646 0.553646 0.553646 0.553646 0.553646 0.553647 0.553647 0.553647 0.553647 0.553647 0.553647 0.553647 0.553647 0.553647 0.553647 0.553647 0.553647 0.553647 0.553647 0.553647 0.553647 0.553648 0.553648 0.553648 0.553648 0.553648 0.553648 0.553648 0.553648 0.553648 0.553648 0.553648 0.553648 0.553648 0.553648 0.553648 0.553648 0.553647 0.553647 0.553647 0.553647 0.553647 0.553647 0.553647 0.553647 0.553647 0.553647 0.553647 0.553647 0.553647 0.553647 0.553647 0.553647 0.553647 0.553647 0.553647 0.553647 0.553647 0.553647 0.553648 0.553649 0.553653 0.553659 0.55367 0.553689 0.55372 0.55377 0.553847 0.55396 0.554118 0.554331 0.554605 0.554944 0.555348 0.555809 0.556314 0.556848 
0.550857 0.55139 0.551893 0.552349 0.55275 0.553088 0.553366 0.553585 0.553754 0.553879 0.553969 0.554032 0.554075 0.554103 0.554121 0.554132 0.554139 0.554143 0.554146 0.554147 0.554148 0.554148 0.554148 0.554149 0.554149 0.554149 0.554149 0.554149 0.554149 0.554149 0.554149 0.554149 0.554149 0.554149 0.554149 0.554149 0.554149 0.554149 0.554149 0.554149 0.554149 0.554149 0.554149 0.554149 0.55415 0.55415 0.55415 0.55415 0.55415 0.55415 0.55415 0.55415 0.55415 0.55415 0.55415 0.55415 0.55415 0.55415 0.55415 0.55415 0.55415 0.554149 0.554149 0.554149 0.554149 0.554149 0.554149 0.554149 0.554149 0.554149 0.554149 0.554149 0.554149 0.554149 0.554149 0.554149 0.554149 0.554149 0.554149 0.554149 0.554149 0.554149 0.55415 0.554152 0.554155 0.554161 0.554172 0.554191 0.554223 0.554273 0.55435 0.554463 0.554621 0.554833 0.555108 0.555447 0.55585 0.556311 0.556816 0.557349 
0.551314 0.551847 0.552349 0.552806 0.553206 0.553545 0.553822 0.554041 0.55421 0.554335 0.554425 0.554488 0.554531 0.554559 0.554577 0.554589 0.554596 0.5546 0.554602 0.554604 0.554604 0.554605 0.554605 0.554605 0.554605 0.554605 0.554605 0.554605 0.554605 0.554605 0.554605 0.554605 0.554605 0.554605 0.554605 0.554605 0.554605 0.554606 0.554606 0.554606 0.554606 0.554606 0.554606 0.554607 0.554607 0.554607 0.554607 0.554607 0.554608 0.554608 0.554608 0.554608 0.554608 0.554608 0.554608 0.554608 0.554607 0.554607 0.554607 0.554607 0.554607 0.554606 0.554606 0.554606 0.554606 0.554606 0.554606 0.554605 0.554605 0.554605 0.554605 0.554605 0.554605 0.554605 0.554605 0.554605 0.554605 0.554605 0.554605 0.554605 0.554605 0.554606 0.554607 0.554608 0.554611 0.554617 0.554628 0.554647 0.554679 0.55473 0.554807 0.55492 0.555078 0.55529 0.555564 0.555904 0.556307 0.556767 0.557272 0.557805 
0.551715 0.552248 0.55275 0.553206 0.553606 0.553945 0.554222 0.554441 0.55461 0.554735 0.554825 0.554888 0.554931 0.554959 0.554978 0.554989 0.554996 0.555 0.555003 0.555004 0.555005 0.555005 0.555005 0.555005 0.555006 0.555006 0.555006 0.555006 0.555006 0.555006 0.555006 0.555006 0.555006 0.555006 0.555006 0.555006 0.555006 0.555006 0.555007 0.555007 0.555007 0.555008 0.555008 0.555009 0.55501 0.55501 0.555011 0.555011 0.555011 0.555012 0.555012 0.555012 0.555012 0.555012 0.555012 0.555011 0.555011 0.555011 0.55501 0.555009 0.555009 0.555008 0.555008 0.555007 0.555007 0.555007 0.555006 0.555006 0.555006 0.555006 0.555006 0.555006 0.555006 0.555006 0.555006 0.555006 0.555006 0.555006 0.555006 0.555006 0.555006 0.555006 0.555007 0.555009 0.555012 0.555018 0.555029 0.555048 0.55508 0.55513 0.555208 0.55532 0.555479 0.555691 0.555965 0.556305 0.556708 0.557168 0.557672 0.558205 
0.552054 0.552587 0.553088 0.553545 0.553945 0.554283 0.554561 0.55478 0.554949 0.555074 0.555164 0.555227 0.55527 0.555299 0.555317 0.555328 0.555335 0.555339 0.555342 0.555343 0.555344 0.555344 0.555345 0.555345 0.555345 0.555345 0.555345 0.555345 0.555345 0.555345 0.555345 0.555345 0.555345 0.555345 0.555345 0.555346 0.555346 0.555347 0.555348 0.555349 0.55535 0.555351 0.555352 0.555354 0.555355 0.555356 0.555357 0.555359 0.555359 0.55536 0.555361 0.555361 0.555361 0.55536 0.55536 0.555359 0.555358 0.555357 0.555356 0.555354 0.555353 0.555352 0.555351 0.555349 0.555348 0.555348 0.555347 0.555346 0.555346 0.555346 0.555345 0.555345 0.555345 0.555345 0.555345 0.555345 0.555345 0.555345 0.555345 0.555345 0.555345 0.555345 0.555346 0.555348 0.555351 0.555357 0.555368 0.555387 0.555419 0.55547 0.555547 0.55566 0.555818 0.556031 0.556305 0.556644 0.557047 0.557507 0.558012 0.558544 
0.552332 0.552864 0.553366 0.553822 0.554222 0.554561 0.554838 0.555058 0.555226 0.555351 0.555442 0.555505 0.555548 0.555576 0.555595 0.555606 0.555613 0.555617 0.55562 0.555621 0.555622 0.555622 0.555622 0.555622 0.555623 0.555623 0.555623 0.555623 0.555623 0.555623 0.555623 0.555623 0.555623 0.555624 0.555625 0.555625 0.555627 0.555628 0.55563 0.555632 0.555635 0.555638 0.555641 0.555644 0.555648 0.555651 0.555654 0.555656 0.555658 0.55566 0.555661 0.555661 0.555661 0.55566 0.555659 0.555657 0.555655 0.555652 0.555649 0.555646 0.555642 0.555639 0.555636 0.555634 0.555631 0.555629 0.555628 0.555626 0.555625 0.555625 0.555624 0.555624 0.555623 0.555623 0.555623 0.555623 0.555623 0.555623 0.555623 0.555623 0.555623 0.555623 0.555624 0.555626 0.555629 0.555635 0.555646 0.555665 0.555697 0.555748 0.555825 0.555938 0.556096 0.556309 0.556583 0.556923 0.557326 0.557785 0.55829 0.558822 
0.552551 0.553084 0.553585 0.554041 0.554441 0.55478 0.555058 0.555277 0.555446 0.555571 0.555662 0.555725 0.555768 0.555796 0.555815 0.555826 0.555833 0.555837 0.55584 0.555841 0.555842 0.555842 0.555842 0.555843 0.555843 0.555843 0.555843 0.555843 0.555843 0.555843 0.555844 0.555844 0.555845 0.555846 0.555848 0.55585 0.555853 0.555857 0.555861 0.555867 0.555873 0.55588 0.555887 0.555895 0.555902 0.555909 0.555916 0.555922 0.555926 0.55593 0.555932 0.555932 0.555932 0.55593 0.555927 0.555922 0.555917 0.55591 0.555903 0.555896 0.555889 0.555881 0.555875 0.555869 0.555863 0.555859 0.555855 0.555852 0.555849 0.555847 0.555846 0.555845 0.555844 0.555844 0.555843 0.555843 0.555843 0.555843 0.555843 0.555843 0.555843 0.555843 0.555844 0.555846 0.555849 0.555855 0.555866 0.555885 0.555917 0.555968 0.556045 0.556158 0.556317 0.55653 0.556804 0.557143 0.557546 0.558006 0.558511 0.559043 
0.552719 0.553252 0.553754 0.55421 0.55461 0.554949 0.555226 0.555446 0.555615 0.55574 0.55583 0.555894 0.555937 0.555965 0.555983 0.555995 0.556002 0.556006 0.556009 0.55601 0.556011 0.556011 0.556011 0.556011 0.556012 0.556012 0.556012 0.556012 0.556012 0.556013 0.556014 0.556015 0.556017 0.55602 0.556024 0.55603 0.556037 0.556045 0.556056 0.556068 0.556082 0.556098 0.556114 0.556131 0.556147 0.556163 0.556177 0.556189 0.556198 0.556205 0.55621 0.556211 0.556209 0.556205 0.556197 0.556187 0.556175 0.556161 0.556146 0.55613 0.556114 0.556098 0.556083 0.55607 0.556058 0.556048 0.556039 0.556032 0.556027 0.556023 0.556019 0.556017 0.556015 0.556014 0.556013 0.556013 0.556012 0.556012 0.556012 0.556012 0.556012 0.556012 0.556013 0.556015 0.556018 0.556024 0.556035 0.556054 0.556086 0.556137 0.556214 0.556328 0.556486 0.556699 0.556973 0.557313 0.557716 0.558176 0.55868 0.559213 
0.552844 0.553377 0.553879 0.554335 0.554735 0.555074 0.555351 0.555571 0.55574 0.555865 0.555956 0.556019 0.556062 0.556091 0.556109 0.55612 0.556128 0.556132 0.556134 0.556136 0.556136 0.556137 0.556137 0.556137 0.556137 0.556137 0.556138 0.556138 0.556139 0.556141 0.556143 0.556146 0.556151 0.556158 0.556167 0.55618 0.556195 0.556215 0.556238 0.556265 0.556296 0.556329 0.556363 0.556399 0.556433 0.556465 0.556494 0.556518 0.556538 0.556552 0.556561 0.556563 0.556559 0.556549 0.556533 0.556511 0.556485 0.556455 0.556423 0.556389 0.556355 0.556322 0.556291 0.556263 0.556238 0.556216 0.556198 0.556183 0.556171 0.556162 0.556155 0.556149 0.556145 0.556143 0.556141 0.55614 0.556139 0.556138 0.556138 0.556138 0.556138 0.556138 0.556139 0.55614 0.556143 0.55615 0.556161 0.55618 0.556212 0.556263 0.55634 0.556453 0.556612 0.556825 0.557099 0.557439 0.557842 0.558302 0.558806 0.559339 
0.552934 0.553467 0.553969 0.554425 0.554825 0.555164 0.555442 0.555662 0.55583 0.555956 0.556046 0.55611 0.556153 0.556181 0.5562 0.556211 0.556218 0.556222 0.556225 0.556226 0.556227 0.556227 0.556228 0.556228 0.556228 0.556229 0.55623 0.556231 0.556233 0.556237 0.556242 0.55625 0.556261 0.556276 0.556297 0.556324 0.556358 0.5564 0.556449 0.556506 0.556569 0.556636 0.556707 0.556778 0.556846 0.55691 0.556967 0.557016 0.557054 0.557081 0.557096 0.557099 0.55709 0.557069 0.557035 0.556992 0.556939 0.556878 0.556813 0.556744 0.556675 0.556609 0.556546 0.556488 0.556437 0.556392 0.556355 0.556324 0.556299 0.55628 0.556265 0.556254 0.556246 0.55624 0.556236 0.556233 0.556231 0.55623 0.556229 0.556229 0.556228 0.556229 0.556229 0.556231 0.556234 0.55624 0.556251 0.556271 0.556303 0.556353 0.556431 0.556544 0.556703 0.556916 0.55719 0.55753 0.557933 0.558393 0.558898 0.55943 
0.552997 0.55353 0.554032 0.554488 0.554888 0.555227 0.555505 0.555725 0.555894 0.556019 0.55611 0.556173 0.556216 0.556245 0.556263 0.556274 0.556281 0.556286 0.556288 0.55629 0.55629 0.556291 0.556291 0.556292 0.556292 0.556294 0.556296 0.556299 0.556304 0.556312 0.556324 0.556341 0.556366 0.556399 0.556443 0.5565 0.55657 0.556656 0.556755 0.556869 0.556994 0.557127 0.557264 0.557401 0.557533 0.557655 0.557763 0.557854 0.557925 0.557974 0.558001 0.558005 0.557985 0.557942 0.557876 0.557791 0.557688 0.55757 0.557443 0.55731 0.557177 0.557047 0.556924 0.556811 0.556711 0.556623 0.556549 0.556488 0.556438 0.556399 0.556369 0.556346 0.556329 0.556317 0.556308 0.556302 0.556298 0.556296 0.556294 0.556293 0.556292 0.556292 0.556293 0.556294 0.556298 0.556304 0.556315 0.556334 0.556366 0.556417 0.556494 0.556608 0.556766 0.556979 0.557254 0.557593 0.557997 0.558457 0.558962 0.559494 
0.55304 0.553572 0.554075 0.554531 0.554931 0.55527 0.555548 0.555768 0.555937 0.556062 0.556153 0.556216 0.556259 0.556288 0.556306 0.556318 0.556325 0.556329 0.556331 0.556333 0.556334 0.556334 0.556335 0.556336 0.556338 0.55634 0.556345 0.556352 0.556364 0.556382 0.556407 0.556444 0.556496 0.556564 0.556654 0.556768 0.556908 0.557075 0.557268 0.557486 0.557724 0.557974 0.558231 0.558484 0.558727 0.558949 0.559145 0.559309 0.559436 0.559523 0.559569 0.559571 0.559531 0.559448 0.559325 0.559164 0.558972 0.558753 0.558517 0.55827 0.558021 0.557778 0.557548 0.557336 0.557147 0.556981 0.556839 0.556721 0.556625 0.556549 0.55649 0.556445 0.556411 0.556387 0.55637 0.556358 0.556349 0.556344 0.55634 0.556338 0.556337 0.556336 0.556336 0.556338 0.556341 0.556347 0.556358 0.556377 0.556409 0.55646 0.556538 0.556651 0.55681 0.557023 0.557297 0.557637 0.55804 0.5585 0.559005 0.559538 
0.553068 0.553601 0.554103 0.554559 0.554959 0.555299 0.555576 0.555796 0.555965 0.556091 0.556181 0.556245 0.556288 0.556316 0.556335 0.556346 0.556353 0.556357 0.55636 0.556361 0.556363 0.556364 0.556365 0.556367 0.556371 0.556377 0.556387 0.556403 0.556428 0.556465 0.556519 0.556594 0.556697 0.556833 0.557009 0.557228 0.557493 0.557807 0.558167 0.558567 0.558999 0.559452 0.559911 0.560362 0.560789 0.561179 0.56152 0.561803 0.56202 0.562167 0.562241 0.562239 0.562161 0.56201 0.561787 0.5615 0.561156 0.560766 0.560344 0.559902 0.559457 0.559021 0.558607 0.558224 0.557879 0.557576 0.557315 0.557097 0.556919 0.556776 0.556664 0.556579 0.556514 0.556467 0.556433 0.55641 0.556393 0.556382 0.556375 0.55637 0.556368 0.556366 0.556366 0.556367 0.55637 0.556376 0.556387 0.556406 0.556438 0.556489 0.556566 0.55668 0.556838 0.557051 0.557326 0.557666 0.558069 0.558529 0.559034 0.559567 
0.553086 0.553619 0.554121 0.554577 0.554978 0.555317 0.555595 0.555815 0.555983 0.556109 0.5562 0.556263 0.556306 0.556335 0.556353 0.556365 0.556372 0.556376 0.556378 0.55638 0.556382 0.556383 0.556386 0.556391 0.556399 0.556412 0.556434 0.556468 0.556519 0.556594 0.556701 0.556848 0.557046 0.557305 0.557632 0.558037 0.558521 0.559086 0.559727 0.560432 0.561187 0.56197 0.562758 0.563525 0.564248 0.564904 0.565473 0.565942 0.566299 0.566537 0.56665 0.566637 0.566497 0.566232 0.565848 0.565355 0.564765 0.564098 0.563375 0.562618 0.561852 0.5611 0.560383 0.559716 0.559112 0.558579 0.558118 0.557729 0.557409 0.55715 0.556946 0.556788 0.556669 0.556581 0.556517 0.556472 0.556441 0.556419 0.556405 0.556396 0.55639 0.556387 0.556386 0.556386 0.556389 0.556394 0.556405 0.556424 0.556456 0.556507 0.556585 0.556698 0.556857 0.55707 0.557344 0.557684 0.558087 0.558548 0.559053 0.559585 
0.553097 0.55363 0.554132 0.554589 0.554989 0.555328 0.555606 0.555826 0.555995 0.55612 0.556211 0.556274 0.556318 0.556346 0.556365 0.556376 0.556383 0.556388 0.55639 0.556393 0.556395 0.556398 0.556404 0.556414 0.556431 0.556459 0.556503 0.556571 0.556672 0.556817 0.557021 0.557298 0.557664 0.558134 0.558722 0.559437 0.560284 0.56126 0.562354 0.563547 0.56481 0.56611 0.567407 0.568662 0.569835 0.570892 0.571805 0.572551 0.573114 0.573482 0.57365 0.573614 0.573373 0.572931 0.572297 0.571485 0.570517 0.569422 0.568232 0.566985 0.56572 0.564473 0.563278 0.562161 0.561144 0.560238 0.559452 0.558783 0.558228 0.557776 0.557416 0.557136 0.556923 0.556763 0.556647 0.556564 0.556505 0.556465 0.556439 0.556421 0.55641 0.556404 0.5564 0.556399 0.556401 0.556406 0.556417 0.556436 0.556468 0.556519 0.556596 0.55671 0.556868 0.557081 0.557356 0.557696 0.558099 0.558559 0.559064 0.559597 
0.553104 0.553637 0.554139 0.554596 0.554996 0.555335 0.555613 0.555833 0.556002 0.556128 0.556218 0.556281 0.556325 0.556353 0.556372 0.556383 0.55639 0.556395 0.556398 0.556402 0.556406 0.556413 0.556425 0.556445 0.55648 0.556535 0.556622 0.556752 0.556943 0.557213 0.557586 0.558084 0.558733 0.559554 0.560567 0.561782 0.563204 0.564822 0.566615 0.56855 0.57058 0.57265 0.574699 0.576667 0.578495 0.580131 0.581535 0.582675 0.583527 0.584078 0.584316 0.584239 0.583844 0.583139 0.582136 0.580856 0.579332 0.577606 0.575727 0.573754 0.571744 0.569754 0.567837 0.566036 0.564384 0.562905 0.56161 0.5605 0.559571 0.558808 0.558196 0.557715 0.557344 0.557065 0.55686 0.556711 0.556607 0.556534 0.556486 0.556454 0.556433 0.55642 0.556413 0.55641 0.55641 0.556414 0.556425 0.556443 0.556475 0.556526 0.556603 0.556717 0.556875 0.557088 0.557363 0.557703 0.558106 0.558566 0.559071 0.559604 
0.553108 0.553641 0.554143 0.5546 0.555 0.555339 0.555617 0.555837 0.556006 0.556132 0.556222 0.556286 0.556329 0.556357 0.556376 0.556388 0.556395 0.5564 0.556404 0.55641 0.556418 0.556432 0.556456 0.556497 0.556564 0.55667 0.556832 0.557074 0.55742 0.557904 0.558558 0.55942 0.560525 0.561903 0.563578 0.565562 0.567851 0.570427 0.57325 0.576264 0.579396 0.582561 0.585671 0.588634 0.591368 0.593801 0.595875 0.597548 0.598789 0.599579 0.599904 0.59976 0.599146 0.59807 0.596549 0.594615 0.592311 0.589699 0.586851 0.583848 0.580777 0.577722 0.574762 0.571963 0.569379 0.567047 0.564989 0.563211 0.561708 0.560464 0.559456 0.558656 0.558035 0.557562 0.557211 0.556955 0.556773 0.556646 0.556559 0.556502 0.556464 0.556441 0.556427 0.556419 0.556417 0.55642 0.55643 0.556448 0.556479 0.55653 0.556608 0.556721 0.55688 0.557093 0.557367 0.557707 0.55811 0.558571 0.559076 0.559608 
0.553111 0.553644 0.554146 0.554602 0.555003 0.555342 0.55562 0.55584 0.556009 0.556134 0.556225 0.556288 0.556331 0.55636 0.556378 0.55639 0.556398 0.556404 0.556411 0.55642 0.556436 0.556463 0.556509 0.556587 0.556712 0.556908 0.557202 0.55763 0.558236 0.559066 0.560172 0.561606 0.563414 0.565637 0.5683 0.571411 0.574956 0.578896 0.583166 0.587677 0.592319 0.59697 0.601501 0.605789 0.609718 0.613193 0.616139 0.618499 0.620237 0.621327 0.621754 0.621512 0.620601 0.619029 0.61682 0.614015 0.610673 0.606876 0.602724 0.59833 0.593816 0.5893 0.584897 0.580706 0.576807 0.57326 0.570102 0.56735 0.565002 0.563039 0.561434 0.560147 0.559137 0.558362 0.55778 0.557351 0.557044 0.556827 0.556679 0.556579 0.556514 0.556472 0.556447 0.556432 0.556426 0.556426 0.556434 0.556451 0.556482 0.556533 0.55661 0.556723 0.556882 0.557095 0.55737 0.557709 0.558113 0.558573 0.559078 0.559611 
0.553112 0.553645 0.554147 0.554604 0.555004 0.555343 0.555621 0.555841 0.55601 0.556136 0.556226 0.55629 0.556333 0.556361 0.55638 0.556393 0.556402 0.55641 0.55642 0.556437 0.556466 0.556517 0.556604 0.556746 0.556972 0.557318 0.557829 0.558562 0.559579 0.560952 0.56275 0.565043 0.567892 0.571341 0.575414 0.580108 0.585388 0.591184 0.597393 0.603884 0.6105 0.617069 0.623418 0.62938 0.634809 0.639582 0.643603 0.646807 0.649147 0.650597 0.651138 0.650763 0.649471 0.647272 0.644196 0.640291 0.635635 0.630332 0.624513 0.618327 0.611937 0.605508 0.599196 0.593142 0.587465 0.582255 0.577575 0.573458 0.569909 0.566914 0.564437 0.562432 0.560843 0.559611 0.558675 0.557981 0.557477 0.55712 0.556872 0.556704 0.556593 0.556522 0.556477 0.556451 0.556437 0.556433 0.556439 0.556455 0.556485 0.556535 0.556612 0.556725 0.556883 0.557097 0.557371 0.557711 0.558114 0.558575 0.55908 0.559612 
0.553113 0.553646 0.554148 0.554604 0.555005 0.555344 0.555622 0.555842 0.556011 0.556136 0.556227 0.55629 0.556334 0.556363 0.556382 0.556395 0.556406 0.556418 0.556436 0.556466 0.55652 0.556613 0.556768 0.557019 0.557411 0.557999 0.558855 0.560061 0.561709 0.563893 0.566709 0.570243 0.574565 0.579719 0.585719 0.592536 0.600105 0.608311 0.617003 0.62599 0.63506 0.643986 0.652543 0.660519 0.667734 0.674038 0.679321 0.683505 0.686542 0.6884 0.689062 0.688519 0.686768 0.683822 0.679711 0.674492 0.668258 0.661137 0.65329 0.644907 0.636197 0.627373 0.618647 0.61021 0.602228 0.594836 0.58813 0.58217 0.576981 0.572554 0.568854 0.565827 0.563402 0.561502 0.560044 0.558952 0.558151 0.557578 0.557177 0.556903 0.55672 0.556601 0.556526 0.55648 0.556454 0.556443 0.556445 0.556458 0.556487 0.556536 0.556613 0.556726 0.556884 0.557097 0.557372 0.557712 0.558115 0.558575 0.55908 0.559613 
0.553113 0.553646 0.554148 0.554605 0.555005 0.555344 0.555622 0.555842 0.556011 0.556137 0.556227 0.556291 0.556334 0.556364 0.556383 0.556398 0.556413 0.556432 0.556463 0.556517 0.556613 0.556776 0.557045 0.557471 0.558124 0.55909 0.560472 0.562386 0.564956 0.568308 0.57256 0.577811 0.584132 0.591557 0.600074 0.609618 0.620071 0.631265 0.642982 0.654967 0.666941 0.678617 0.689718 0.69999 0.70922 0.717236 0.723917 0.72918 0.732975 0.735274 0.736058 0.735319 0.733051 0.729265 0.72399 0.717289 0.709265 0.700065 0.68988 0.678937 0.667493 0.655815 0.644173 0.632818 0.621976 0.611835 0.60254 0.59419 0.58684 0.5805 0.575143 0.57071 0.567121 0.564277 0.562073 0.560404 0.559168 0.558275 0.557645 0.55721 0.556917 0.556725 0.556602 0.556526 0.556482 0.556459 0.556454 0.556463 0.55649 0.556538 0.556614 0.556727 0.556885 0.557098 0.557373 0.557712 0.558116 0.558576 0.559081 0.559614 
0.553113 0.553646 0.554148 0.554605 0.555005 0.555345 0.555622 0.555842 0.556011 0.556137 0.556228 0.556291 0.556335 0.556365 0.556386 0.556404 0.556425 0.556456 0.556509 0.556604 0.556768 0.557045 0.557492 0.558191 0.559242 0.560772 0.562924 0.565854 0.569724 0.57469 0.580886 0.588417 0.59734 0.607662 0.619328 0.632216 0.646143 0.660867 0.676095 0.6915 0.706734 0.721452 0.735328 0.748071 0.759444 0.769264 0.777404 0.783783 0.788358 0.791104 0.792007 0.791056 0.788244 0.783575 0.777074 0.768803 0.758867 0.747425 0.73469 0.720923 0.706422 0.691508 0.676508 0.661742 0.647501 0.63404 0.621566 0.610235 0.600146 0.591341 0.583815 0.577517 0.572358 0.568225 0.564988 0.562511 0.560659 0.559307 0.558343 0.557672 0.557216 0.556914 0.556719 0.556597 0.556524 0.556484 0.556468 0.556471 0.556494 0.556541 0.556616 0.556727 0.556885 0.557098 0.557373 0.557712 0.558116 0.558576 0.559081 0.559614 
0.553114 0.553646 0.554149 0.554605 0.555005 0.555345 0.555622 0.555843 0.556011 0.556137 0.556228 0.556292 0.556336 0.556367 0.556391 0.556414 0.556445 0.556497 0.556587 0.556746 0.557019 0.557471 0.558191 0.559295 0.560931 0.563271 0.566507 0.570841 0.576473 0.583581 0.592307 0.602742 0.614914 0.628778 0.644213 0.661023 0.678939 0.697635 0.716737 0.735842 0.754539 0.772432 0.789156 0.804398 0.817909 0.829506 0.839067 0.846525 0.851846 0.855017 0.856028 0.854869 0.851528 0.846 0.8383 0.828477 0.816633 0.802926 0.78758 0.770875 0.753141 0.734745 0.716071 0.6975 0.679399 0.662097 0.645879 0.630971 0.617536 0.605671 0.595407 0.586714 0.579512 0.573676 0.569055 0.56548 0.56278 0.560788 0.559355 0.558348 0.557658 0.557196 0.556895 0.556705 0.556588 0.556521 0.556489 0.556483 0.556501 0.556544 0.556617 0.556729 0.556886 0.557099 0.557373 0.557713 0.558116 0.558576 0.559081 0.559614 
0.553114 0.553646 0.554149 0.554605 0.555006 0.555345 0.555623 0.555843 0.556012 0.556137 0.556228 0.556292 0.556338 0.556371 0.556399 0.556431 0.55648 0.556564 0.556712 0.556972 0.557411 0.558124 0.559242 0.560931 0.56339 0.56685 0.571558 0.577761 0.585689 0.595532 0.607421 0.621412 0.637475 0.655488 0.675242 0.696441 0.718723 0.741666 0.764817 0.787703 0.809862 0.830861 0.850317 0.86791 0.883398 0.896611 0.907449 0.915864 0.921842 0.925383 0.926488 0.925147 0.921341 0.915051 0.906277 0.895048 0.881447 0.86562 0.847782 0.828217 0.807272 0.785342 0.762854 0.74025 0.717967 0.696415 0.675965 0.656933 0.639566 0.624035 0.610432 0.598772 0.588994 0.58098 0.574562 0.569543 0.565711 0.562856 0.560781 0.55931 0.558292 0.557605 0.557153 0.556863 0.556684 0.556578 0.556522 0.556502 0.556511 0.55655 0.55662 0.55673 0.556887 0.557099 0.557373 0.557713 0.558116 0.558576 0.559081 0.559614 
0.553114 0.553646 0.554149 0.554605 0.555006 0.555345 0.555623 0.555843 0.556012 0.556137 0.556229 0.556294 0.55634 0.556377 0.556412 0.556459 0.556535 0.55667 0.556908 0.557318 0.557999 0.55909 0.560772 0.563271 0.56685 0.571805 0.578437 0.587034 0.597844 0.61105 0.626743 0.644916 0.665451 0.68812 0.712602 0.738488 0.76531 0.792556 0.819697 0.84621 0.871598 0.895416 0.917284 0.936899 0.954045 0.968584 0.980448 0.989619 0.996111 0.999942 1.00112 0.999644 0.995482 0.988601 0.978976 0.96661 0.951555 0.933925 0.913909 0.891775 0.867862 0.842573 0.816359 0.789707 0.763114 0.737071 0.712042 0.688444 0.666629 0.646867 0.629335 0.614118 0.601201 0.590488 0.581809 0.574947 0.569651 0.565665 0.562738 0.560642 0.559178 0.558181 0.557519 0.557091 0.556822 0.55666 0.556569 0.556529 0.556526 0.556558 0.556625 0.556732 0.556888 0.5571 0.557374 0.557713 0.558116 0.558576 0.559081 0.559614 
0.553114 0.553646 0.554149 0.554605 0.555006 0.555345 0.555623 0.555843 0.556012 0.556138 0.55623 0.556296 0.556345 0.556387 0.556434 0.556503 0.556622 0.556832 0.557202 0.557829 0.558855 0.560472 0.562924 0.566507 0.571558 0.578437 0.587496 0.599053 0.613351 0.630537 0.650633 0.673533 0.698997 0.726669 0.756093 0.78674 0.818035 0.849386 0.880207 0.909944 0.938098 0.964237 0.98801 1.00916 1.02751 1.04297 1.05553 1.06519 1.07201 1.07602 1.07726 1.07571 1.07133 1.06409 1.05392 1.04079 1.02471 1.00575 0.984055 0.959846 0.933431 0.905195 0.875587 0.845114 0.814318 0.783761 0.753997 0.725552 0.698899 0.674429 0.652435 0.633097 0.616476 0.602523 0.591087 0.581941 0.574805 0.569377 0.56535 0.562438 0.560385 0.558973 0.558027 0.557409 0.557017 0.556777 0.556638 0.556568 0.556548 0.55657 0.556631 0.556736 0.55689 0.557101 0.557374 0.557713 0.558116 0.558576 0.559081 0.559614 
0.553114 0.553646 0.554149 0.554605 0.555006 0.555345 0.555623 0.555843 0.556012 0.556138 0.556231 0.556299 0.556352 0.556403 0.556468 0.556571 0.556752 0.557074 0.55763 0.558562 0.560061 0.562386 0.565854 0.570841 0.577761 0.587034 0.599053 0.61414 0.63251 0.654237 0.679238 0.707271 0.737948 0.770758 0.805104 0.840333 0.875776 0.910778 0.944725 0.977065 1.00732 1.03511 1.06014 1.08221 1.10122 1.11713 1.12998 1.13984 1.14677 1.15085 1.15212 1.15056 1.14615 1.1388 1.12844 1.11499 1.09841 1.0787 1.05596 1.03034 1.00208 0.971529 0.939093 0.905273 0.870631 0.835778 0.801351 0.767984 0.736277 0.706764 0.679877 0.655923 0.635072 0.61735 0.60265 0.590757 0.581375 0.574159 0.568751 0.564801 0.561987 0.560035 0.558714 0.557844 0.557285 0.556939 0.556734 0.556623 0.55658 0.556587 0.556641 0.556741 0.556892 0.557102 0.557375 0.557713 0.558116 0.558577 0.559081 0.559614 
0.553114 0.553647 0.554149 0.554605 0.555006 0.555345 0.555623 0.555843 0.556012 0.556139 0.556233 0.556304 0.556364 0.556428 0.556519 0.556672 0.556943 0.55742 0.558236 0.559579 0.561709 0.564956 0.569724 0.576473 0.585689 0.597844 0.613351 0.63251 0.655468 0.682191 0.712451 0.745841 0.781796 0.819643 0.858637 0.898016 0.937038 0.975014 1.01133 1.04548 1.07704 1.10569 1.13124 1.15357 1.17264 1.18851 1.20125 1.21098 1.21782 1.22184 1.22311 1.22163 1.21733 1.21015 1.19996 1.18665 1.17013 1.15033 1.12726 1.10099 1.07169 1.03961 1.0051 0.96863 0.930734 0.89205 0.853274 0.815139 0.778375 0.743664 0.711602 0.682652 0.657121 0.635145 0.616694 0.60159 0.589539 0.580169 0.573071 0.567832 0.564065 0.561425 0.559623 0.558423 0.557647 0.557159 0.556865 0.5567 0.556623 0.556611 0.556654 0.556748 0.556896 0.557104 0.557376 0.557714 0.558117 0.558577 0.559081 0.559614 
0.553114 0.553647 0.554149 0.554605 0.555006 0.555345 0.555623 0.555843 0.556013 0.556141 0.556237 0.556312 0.556382 0.556465 0.556594 0.556817 0.557213 0.557904 0.559066 0.560952 0.563893 0.568308 0.57469 0.583581 0.595532 0.61105 0.630537 0.654237 0.682191 0.714216 0.749906 0.788659 0.829725 0.87226 0.91539 0.958264 1.0001 1.0402 1.078 1.11306 1.14505 1.17376 1.19908 1.22099 1.23956 1.2549 1.26715 1.27646 1.283 1.28686 1.28811 1.28675 1.28273 1.27595 1.26628 1.25355 1.23762 1.21836 1.19568 1.16957 1.14008 1.10736 1.07168 1.03341 0.993046 0.951211 0.908633 0.866121 0.824521 0.784669 0.747332 0.713152 0.682607 0.655975 0.633337 0.614582 0.599444 0.587542 0.578429 0.571633 0.566696 0.563203 0.560796 0.559179 0.558122 0.557451 0.55704 0.556803 0.556682 0.556645 0.556672 0.556758 0.556901 0.557106 0.557377 0.557715 0.558117 0.558577 0.559081 0.559614 
0.553114 0.553647 0.554149 0.554605 0.555006 0.555345 0.555623 0.555844 0.556014 0.556143 0.556242 0.556324 0.556407 0.556519 0.556701 0.557021 0.557586 0.558558 0.560172 0.56275 0.566709 0.57256 0.580886 0.592307 0.607421 0.626743 0.650633 0.679238 0.712451 0.749906 0.790988 0.834888 0.880666 0.927322 0.973874 1.01941 1.06315 1.10444 1.14279 1.17785 1.20941 1.23739 1.26179 1.28269 1.30025 1.31464 1.32607 1.33473 1.3408 1.34439 1.34559 1.34441 1.34078 1.33461 1.32573 1.31395 1.29907 1.28091 1.25929 1.2341 1.20526 1.17281 1.1369 1.09777 1.05586 1.01172 0.966087 0.919801 0.87381 0.829088 0.786576 0.747111 0.711361 0.679782 0.652598 0.629802 0.611186 0.596384 0.584925 0.57629 0.569954 0.565426 0.562276 0.560141 0.558733 0.557829 0.557269 0.556938 0.55676 0.556689 0.556697 0.556771 0.556908 0.55711 0.557379 0.557716 0.558117 0.558577 0.559082 0.559614 
0.553114 0.553647 0.554149 0.554605 0.555006 0.555345 0.555623 0.555844 0.556015 0.556146 0.55625 0.556341 0.556444 0.556594 0.556848 0.557298 0.558084 0.55942 0.561606 0.565043 0.570243 0.577811 0.588417 0.602742 0.621412 0.644916 0.673533 0.707271 0.745841 0.788659 0.834888 0.883508 0.933398 0.983429 1.03254 1.07982 1.1245 1.16601 1.20398 1.23819 1.26856 1.29513 1.31803 1.33743 1.35358 1.36671 1.37708 1.3849 1.39037 1.39363 1.39476 1.39377 1.39062 1.38518 1.37728 1.36673 1.35327 1.33666 1.31664 1.29301 1.26557 1.23424 1.199 1.15999 1.1175 1.07201 1.02419 0.974912 0.925167 0.87605 0.828665 0.784043 0.743061 0.706377 0.674392 0.647239 0.6248 0.606753 0.59263 0.581873 0.573899 0.568146 0.564104 0.56134 0.5595 0.558309 0.557562 0.557112 0.556862 0.556747 0.556729 0.556788 0.556918 0.557115 0.557381 0.557717 0.558118 0.558577 0.559082 0.559614 
0.553114 0.553647 0.554149 0.554605 0.555006 0.555345 0.555623 0.555845 0.556017 0.556151 0.556261 0.556366 0.556496 0.556697 0.557046 0.557664 0.558733 0.560525 0.563414 0.567892 0.574565 0.584132 0.59734 0.614914 0.637475 0.665451 0.698997 0.737948 0.781796 0.829725 0.880666 0.933398 0.986646 1.03919 1.08993 1.13798 1.18265 1.2235 1.26027 1.2929 1.32144 1.34607 1.36703 1.38459 1.39906 1.41072 1.41987 1.42674 1.43154 1.43441 1.43545 1.43467 1.43202 1.42738 1.42059 1.41141 1.3996 1.38483 1.36682 1.34524 1.31982 1.2903 1.25656 1.21855 1.17644 1.13057 1.08153 1.03015 0.977437 0.924571 0.872794 0.823323 0.777249 0.735448 0.698528 0.666792 0.640251 0.61866 0.601575 0.588424 0.578576 0.571401 0.566314 0.562803 0.560444 0.558904 0.557927 0.557332 0.556991 0.556821 0.55677 0.556811 0.55693 0.557121 0.557385 0.557718 0.558119 0.558578 0.559082 0.559614 
0.553114 0.553647 0.554149 0.554605 0.555006 0.555345 0.555624 0.555846 0.55602 0.556158 0.556276 0.556399 0.556564 0.556833 0.557305 0.558134 0.559554 0.561903 0.565637 0.571341 0.579719 0.591557 0.607662 0.628778 0.655488 0.68812 0.726669 0.770758 0.819643 0.87226 0.927322 0.983429 1.03919 1.09332 1.14475 1.19266 1.23647 1.27586 1.31076 1.34123 1.36749 1.38982 1.40856 1.42408 1.43673 1.44683 1.4547 1.46058 1.46468 1.46715 1.46808 1.46749 1.46534 1.46151 1.45584 1.4481 1.43801 1.42526 1.40947 1.39027 1.36728 1.34013 1.30853 1.27231 1.23143 1.18612 1.13682 1.08427 1.02947 0.973622 0.918083 0.86423 0.813359 0.766575 0.724711 0.688273 0.657433 0.632053 0.611749 0.595954 0.584006 0.575217 0.568928 0.564548 0.561581 0.559626 0.558375 0.557603 0.557151 0.556913 0.556822 0.55684 0.556945 0.55713 0.557389 0.557721 0.55812 0.558578 0.559082 0.559615 
0.553114 0.553647 0.554149 0.554605 0.555006 0.555345 0.555625 0.555848 0.556024 0.556167 0.556297 0.556443 0.556654 0.557009 0.557632 0.558722 0.560567 0.563578 0.5683 0.575414 0.585719 0.600074 0.619328 0.644213 0.675242 0.712602 0.756093 0.805104 0.858637 0.91539 0.973874 1.03254 1.08993 1.14475 1.196 1.24293 1.28515 1.32248 1.35499 1.38292 1.40661 1.42645 1.44287 1.45628 1.46709 1.47563 1.48223 1.48714 1.49056 1.49263 1.49344 1.49302 1.49133 1.48827 1.48367 1.47733 1.46895 1.45822 1.44473 1.42805 1.40773 1.3833 1.35433 1.32048 1.28157 1.23763 1.18896 1.13617 1.08019 1.0222 0.963634 0.905988 0.85075 0.799251 0.752561 0.711409 0.67616 0.64682 0.623088 0.604434 0.590183 0.579599 0.571956 0.566588 0.56292 0.560483 0.55891 0.557929 0.557345 0.557026 0.556886 0.556875 0.556965 0.55714 0.557394 0.557723 0.558121 0.558579 0.559082 0.559615 
0.553114 0.553647 0.554149 0.554605 0.555006 0.555346 0.555625 0.55585 0.55603 0.55618 0.556324 0.5565 0.556768 0.557228 0.558037 0.559437 0.561782 0.565562 0.571411 0.580108 0.592536 0.609618 0.632216 0.661023 0.696441 0.738488 0.78674 0.840333 0.898016 0.958264 1.01941 1.07982 1.13798 1.19266 1.24293 1.28823 1.32828 1.3631 1.39291 1.41809 1.43909 1.4564 1.47051 1.48188 1.49092 1.49799 1.5034 1.5074 1.51018 1.51188 1.51258 1.5123 1.51101 1.50863 1.50501 1.49995 1.49317 1.48436 1.4731 1.45894 1.44136 1.4198 1.39374 1.36269 1.3263 1.28441 1.23715 1.18497 1.12867 1.0694 1.00858 0.947814 0.888743 0.83291 0.781623 0.735854 0.696181 0.662783 0.635477 0.613793 0.597065 0.584526 0.575391 0.56892 0.564463 0.561478 0.559536 0.558313 0.557575 0.55716 0.556963 0.556918 0.556988 0.557152 0.557401 0.557727 0.558123 0.55858 0.559083 0.559615 
0.553114 0.553647 0.554149 0.554605 0.555006 0.555346 0.555627 0.555853 0.556037 0.556195 0.556358 0.55657 0.556908 0.557493 0.558521 0.560284 0.563204 0.567851 0.574956 0.585388 0.600105 0.620071 0.646143 0.678939 0.718723 0.76531 0.818035 0.875776 0.937038 1.0001 1.06315 1.1245 1.18265 1.23647 1.28515 1.32828 1.36577 1.39781 1.42477 1.44715 1.46549 1.48036 1.49229 1.50175 1.50917 1.51491 1.51926 1.52245 1.52466 1.52602 1.5266 1.52643 1.52548 1.52368 1.5209 1.51697 1.51162 1.50455 1.49536 1.48358 1.46865 1.44998 1.42694 1.39892 1.3654 1.32607 1.28085 1.23 1.17418 1.11443 1.05214 0.988959 0.926652 0.86695 0.811393 0.761199 0.717179 0.679708 0.648748 0.623917 0.604579 0.589953 0.579206 0.571531 0.566204 0.562609 0.560253 0.558756 0.557842 0.557317 0.557054 0.556969 0.557016 0.557167 0.557409 0.557731 0.558125 0.558581 0.559083 0.559615 
0.553114 0.553647 0.554149 0.554606 0.555006 0.555347 0.555628 0.555857 0.556045 0.556215 0.5564 0.556656 0.557075 0.557807 0.559086 0.56126 0.564822 0.570427 0.578896 0.591184 0.608311 0.631265 0.660867 0.697635 0.741666 0.792556 0.849386 0.910778 0.975014 1.0402 1.10444 1.16601 1.2235 1.27586 1.32248 1.3631 1.39781 1.42697 1.45107 1.47072 1.48654 1.49915 1.50908 1.51684 1.52284 1.52741 1.53084 1.53333 1.53505 1.53612 1.53659 1.5365 1.53582 1.5345 1.53242 1.52943 1.52531 1.51976 1.5124 1.50278 1.49032 1.47441 1.45434 1.4294 1.39896 1.3625 1.31978 1.27084 1.21617 1.15666 1.09364 1.02874 0.963816 0.900765 0.841336 0.786992 0.738786 0.697307 0.662685 0.634647 0.612614 0.595805 0.583353 0.574392 0.568125 0.563866 0.561054 0.559254 0.558144 0.557496 0.557157 0.557028 0.557048 0.557185 0.557418 0.557736 0.558127 0.558582 0.559084 0.559615 
0.553114 0.553647 0.554149 0.554606 0.555007 0.555348 0.55563 0.555861 0.556056 0.556238 0.556449 0.556755 0.557268 0.558167 0.559727 0.562354 0.566615 0.57325 0.583166 0.597393 0.617003 0.642982 0.676095 0.716737 0.764817 0.819697 0.880207 0.944725 1.01133 1.078 1.14279 1.20398 1.26027 1.31076 1.35499 1.39291 1.42477 1.45107 1.47243 1.48952 1.50304 1.5136 1.52179 1.52807 1.53284 1.53643 1.53909 1.54101 1.54233 1.54314 1.54352 1.54348 1.54301 1.54206 1.54055 1.53833 1.53521 1.53094 1.52515 1.51742 1.50718 1.4938 1.47653 1.45461 1.42726 1.39384 1.35389 1.30729 1.25429 1.19563 1.13251 1.06655 0.999626 0.933765 0.870911 0.812756 0.760597 0.71525 0.677028 0.64579 0.621027 0.601981 0.587763 0.577456 0.570197 0.565231 0.56193 0.559802 0.558478 0.557695 0.557273 0.557093 0.557085 0.557205 0.557428 0.557741 0.55813 0.558583 0.559085 0.559616 
0.553114 0.553647 0.554149 0.554606 0.555007 0.555349 0.555632 0.555867 0.556068 0.556265 0.556506 0.556869 0.557486 0.558567 0.560432 0.563547 0.56855 0.576264 0.587677 0.603884 0.62599 0.654967 0.6915 0.735842 0.787703 0.84621 0.909944 0.977065 1.04548 1.11306 1.17785 1.23819 1.2929 1.34123 1.38292 1.41809 1.44715 1.47072 1.48952 1.5043 1.51576 1.52455 1.53124 1.53627 1.54004 1.54282 1.54485 1.5463 1.54729 1.54791 1.5482 1.5482 1.54788 1.54722 1.54614 1.54452 1.54221 1.53897 1.53449 1.52836 1.52004 1.50891 1.49421 1.47511 1.45077 1.42038 1.38335 1.33932 1.28836 1.23102 1.16836 1.10189 1.03354 0.965403 0.899589 0.838006 0.78219 0.733181 0.691489 0.657118 0.629649 0.608359 0.592349 0.580664 0.572381 0.566678 0.562864 0.56039 0.558839 0.557911 0.557399 0.557165 0.557125 0.557227 0.55744 0.557747 0.558133 0.558585 0.559085 0.559616 
0.553115 0.553647 0.554149 0.554606 0.555007 0.55535 0.555635 0.555873 0.556082 0.556296 0.556569 0.556994 0.557724 0.558999 0.561187 0.56481 0.57058 0.579396 0.592319 0.6105 0.63506 0.666941 0.706734 0.754539 0.809862 0.871598 0.938098 1.00732 1.07704 1.14505 1.20941 1.26856 1.32144 1.36749 1.40661 1.43909 1.46549 1.48654 1.50304 1.51576 1.52544 1.53273 1.53816 1.54217 1.54511 1.54725 1.54879 1.54987 1.55061 1.55106 1.55129 1.5513 1.55109 1.55064 1.54988 1.54873 1.54705 1.54463 1.5412 1.53639 1.5297 1.52051 1.50808 1.49155 1.47001 1.44255 1.40841 1.36706 1.31836 1.26267 1.20086 1.13439 1.0651 0.995188 0.926879 0.862278 0.80314 0.750732 0.705762 0.668387 0.638289 0.614795 0.597009 0.583945 0.574628 0.568176 0.563837 0.561005 0.559219 0.55814 0.557533 0.557242 0.557168 0.55725 0.557453 0.557754 0.558137 0.558587 0.559086 0.559617 
0.553115 0.553647 0.554149 0.554606 0.555008 0.555351 0.555638 0.55588 0.556098 0.556329 0.556636 0.557127 0.557974 0.559452 0.56197 0.56611 0.57265 0.582561 0.59697 0.617069 0.643986 0.678617 0.721452 0.772432 0.830861 0.895416 0.964237 1.03511 1.10569 1.17376 1.23739 1.29513 1.34607 1.38982 1.42645 1.4564 1.48036 1.49915 1.5136 1.52455 1.53273 1.53876 1.54316 1.54635 1.54864 1.55028 1.55143 1.55223 1.55277 1.5531 1.55327 1.55329 1.55316 1.55286 1.55234 1.55153 1.55031 1.54853 1.54593 1.54218 1.53683 1.52928 1.51881 1.50456 1.48555 1.46081 1.42944 1.39074 1.34438 1.29052 1.22987 1.16374 1.09395 1.02271 0.952345 0.885138 0.823046 0.767546 0.719541 0.679345 0.64675 0.62114 0.601632 0.587219 0.576884 0.569688 0.564824 0.561633 0.559608 0.558375 0.557672 0.557323 0.557213 0.557275 0.557466 0.557761 0.55814 0.558588 0.559087 0.559617 
0.553115 0.553647 0.554149 0.554606 0.555008 0.555352 0.555641 0.555887 0.556114 0.556363 0.556707 0.557264 0.558231 0.559911 0.562758 0.567407 0.574699 0.585671 0.601501 0.623418 0.652543 0.689718 0.735328 0.789156 0.850317 0.917284 0.98801 1.06014 1.13124 1.19908 1.26179 1.31803 1.36703 1.40856 1.44287 1.47051 1.49229 1.50908 1.52179 1.53124 1.53816 1.54316 1.54674 1.54928 1.55106 1.55231 1.55317 1.55376 1.55415 1.5544 1.55452 1.55455 1.55446 1.55426 1.55391 1.55335 1.55248 1.55117 1.54921 1.5463 1.54202 1.53583 1.52702 1.51472 1.49795 1.47566 1.44685 1.41067 1.36661 1.31464 1.25531 1.18978 1.11982 1.04763 0.97562 0.906212 0.841544 0.783289 0.732534 0.68975 0.654835 0.62724 0.606103 0.590404 0.57909 0.571176 0.5658 0.562257 0.559997 0.558612 0.557813 0.557404 0.557259 0.557301 0.55748 0.557768 0.558144 0.55859 0.559088 0.559617 
0.553115 0.553647 0.554149 0.554607 0.555009 0.555354 0.555644 0.555895 0.556131 0.556399 0.556778 0.557401 0.558484 0.560362 0.563525 0.568662 0.576667 0.588634 0.605789 0.62938 0.660519 0.69999 0.748071 0.804398 0.86791 0.936899 1.00916 1.08221 1.15357 1.22099 1.28269 1.33743 1.38459 1.42408 1.45628 1.48188 1.50175 1.51684 1.52807 1.53627 1.54217 1.54635 1.54928 1.55131 1.5527 1.55366 1.55431 1.55474 1.55502 1.5552 1.55529 1.55531 1.55526 1.55513 1.5549 1.55451 1.5539 1.55294 1.55146 1.54919 1.54577 1.54067 1.53322 1.52257 1.50772 1.48758 1.46105 1.42718 1.38528 1.33516 1.2772 1.21243 1.14254 1.06971 0.99642 0.925192 0.858326 0.79767 0.744482 0.699376 0.662361 0.632951 0.610312 0.593418 0.581189 0.572598 0.566738 0.56286 0.560374 0.558842 0.55795 0.557484 0.557305 0.557326 0.557494 0.557776 0.558148 0.558592 0.559089 0.559618 
0.553116 0.553648 0.55415 0.554607 0.55501 0.555355 0.555648 0.555902 0.556147 0.556433 0.556846 0.557533 0.558727 0.560789 0.564248 0.569835 0.578495 0.591368 0.609718 0.634809 0.667734 0.70922 0.759444 0.817909 0.883398 0.954045 1.02751 1.10122 1.17264 1.23956 1.30025 1.35358 1.39906 1.43673 1.46709 1.49092 1.50917 1.52284 1.53284 1.54004 1.54511 1.54864 1.55106 1.5527 1.55381 1.55455 1.55503 1.55536 1.55556 1.55569 1.55576 1.55577 1.55575 1.55566 1.55551 1.55524 1.5548 1.5541 1.55298 1.5512 1.54844 1.5442 1.53785 1.52855 1.51532 1.49701 1.47247 1.44063 1.40068 1.35228 1.29565 1.2317 1.16204 1.08882 1.01455 0.941847 0.873149 0.810452 0.755164 0.708032 0.669165 0.638142 0.614158 0.596187 0.583127 0.573917 0.567612 0.563424 0.560729 0.55906 0.55808 0.55756 0.557349 0.55735 0.557507 0.557783 0.558152 0.558594 0.55909 0.559618 
