3.54344 3.54365 3.54388 3.54412 3.54439 3.54467 3.54496 3.54528 3.54562 3.54598 3.54636 3.54677 3.54721 3.54768 3.54819 3.54874 3.54932 3.54996 3.55063 3.55136 3.55214 3.55298 3.55386 3.55481 3.5558 3.55685 3.55795 3.5591 3.56029 3.56152 3.56278 3.56407 3.56538 3.5667 3.56802 3.56933 3.57063 3.5719 3.57313 3.57431 3.57544 3.57649 3.57747 3.57835 3.57915 3.57983 3.58041 3.58087 3.58122 3.58143 3.58152 3.58149 3.58133 3.58104 3.58064 3.58012 3.57948 3.57874 3.57791 3.57698 3.57598 3.5749 3.57377 3.57258 3.57136 3.5701 3.56883 3.56755 3.56627 3.565 3.56375 3.56253 3.56134 3.5602 3.5591 3.55805 3.55706 3.55614 3.55527 3.55447 3.55373 3.55307 3.55246 3.55193 3.55145 3.55104 3.55069 3.5504 3.55016 3.54998 3.54984 3.54975 3.5497 3.54969 3.54972 3.54978 3.54987 3.54999 3.55014 3.5503 
3.54365 3.54386 3.54409 3.54433 3.54459 3.54487 3.54517 3.54549 3.54583 3.54619 3.54658 3.54699 3.54743 3.5479 3.54842 3.54896 3.54956 3.55019 3.55088 3.55161 3.5524 3.55324 3.55414 3.5551 3.5561 3.55717 3.55828 3.55944 3.56065 3.5619 3.56318 3.56448 3.56581 3.56715 3.56849 3.56982 3.57114 3.57242 3.57367 3.57487 3.57601 3.57708 3.57807 3.57897 3.57978 3.58047 3.58106 3.58153 3.58188 3.5821 3.58219 3.58215 3.58199 3.5817 3.58129 3.58076 3.58011 3.57936 3.57852 3.57758 3.57656 3.57547 3.57431 3.57311 3.57187 3.57059 3.5693 3.568 3.5667 3.56542 3.56415 3.56291 3.56171 3.56055 3.55943 3.55837 3.55737 3.55643 3.55555 3.55474 3.554 3.55332 3.55271 3.55217 3.55169 3.55127 3.55092 3.55062 3.55038 3.55019 3.55006 3.54996 3.54991 3.5499 3.54993 3.54999 3.55008 3.5502 3.55034 3.55051 
3.54388 3.54409 3.54431 3.54456 3.54483 3.54511 3.54541 3.54574 3.54608 3.54645 3.54684 3.54727 3.54772 3.54821 3.54874 3.54931 3.54992 3.55058 3.55129 3.55205 3.55287 3.55375 3.55468 3.55567 3.55672 3.55783 3.55899 3.5602 3.56145 3.56275 3.56408 3.56545 3.56683 3.56822 3.56962 3.571 3.57237 3.57371 3.57501 3.57626 3.57744 3.57855 3.57958 3.58052 3.58135 3.58208 3.58269 3.58317 3.58353 3.58376 3.58385 3.58382 3.58365 3.58334 3.58291 3.58236 3.58169 3.58091 3.58002 3.57905 3.57798 3.57685 3.57565 3.5744 3.5731 3.57178 3.57043 3.56908 3.56773 3.56638 3.56506 3.56377 3.56252 3.56131 3.56015 3.55904 3.558 3.55702 3.5561 3.55526 3.55448 3.55377 3.55314 3.55257 3.55206 3.55163 3.55125 3.55094 3.55068 3.55048 3.55033 3.55023 3.55017 3.55016 3.55018 3.55023 3.55032 3.55043 3.55057 3.55074 
3.54412 3.54433 3.54456 3.54481 3.54508 3.54537 3.54568 3.54602 3.54637 3.54676 3.54717 3.54761 3.54809 3.5486 3.54916 3.54976 3.55041 3.55111 3.55187 3.55268 3.55355 3.55449 3.55548 3.55654 3.55766 3.55884 3.56008 3.56137 3.56271 3.5641 3.56552 3.56697 3.56844 3.56993 3.57141 3.57289 3.57435 3.57577 3.57715 3.57848 3.57974 3.58092 3.58201 3.58301 3.58389 3.58466 3.58531 3.58582 3.5862 3.58644 3.58654 3.58649 3.58631 3.58599 3.58553 3.58494 3.58422 3.58339 3.58245 3.58141 3.58027 3.57906 3.57779 3.57645 3.57507 3.57366 3.57223 3.57078 3.56934 3.56791 3.5665 3.56512 3.56378 3.56249 3.56125 3.56007 3.55895 3.5579 3.55692 3.55602 3.55518 3.55442 3.55373 3.55312 3.55258 3.5521 3.55169 3.55135 3.55107 3.55084 3.55067 3.55055 3.55048 3.55044 3.55045 3.5505 3.55058 3.55069 3.55082 3.55099 
3.54439 3.54459 3.54483 3.54508 3.54536 3.54566 3.54598 3.54633 3.54671 3.54711 3.54755 3.54802 3.54853 3.54909 3.54969 3.55034 3.55104 3.5518 3.55262 3.55351 3.55446 3.55547 3.55656 3.55771 3.55893 3.56022 3.56157 3.56297 3.56443 3.56594 3.56749 3.56907 3.57067 3.57228 3.57389 3.5755 3.57708 3.57862 3.58012 3.58156 3.58292 3.5842 3.58538 3.58645 3.58741 3.58824 3.58893 3.58949 3.58989 3.59015 3.59025 3.5902 3.59 3.58965 3.58915 3.58851 3.58773 3.58683 3.5858 3.58467 3.58344 3.58213 3.58074 3.57929 3.57779 3.57626 3.5747 3.57313 3.57156 3.57001 3.56847 3.56697 3.56551 3.5641 3.56275 3.56146 3.56024 3.55909 3.55802 3.55702 3.55611 3.55527 3.55451 3.55383 3.55323 3.5527 3.55224 3.55186 3.55153 3.55127 3.55107 3.55092 3.55082 3.55077 3.55076 3.5508 3.55086 3.55096 3.55109 3.55125 
3.54467 3.54487 3.54511 3.54537 3.54566 3.54597 3.54631 3.54668 3.54708 3.54752 3.54799 3.5485 3.54906 3.54966 3.55032 3.55104 3.55181 3.55265 3.55356 3.55454 3.55559 3.55671 3.55792 3.55919 3.56055 3.56197 3.56346 3.56502 3.56663 3.5683 3.57001 3.57176 3.57352 3.5753 3.57708 3.57885 3.58059 3.58229 3.58393 3.58551 3.58701 3.58841 3.58971 3.59089 3.59193 3.59284 3.5936 3.5942 3.59465 3.59492 3.59503 3.59498 3.59475 3.59436 3.5938 3.5931 3.59224 3.59124 3.59012 3.58887 3.58752 3.58607 3.58454 3.58294 3.58129 3.5796 3.57788 3.57615 3.57441 3.57269 3.571 3.56934 3.56772 3.56616 3.56466 3.56323 3.56187 3.56059 3.5594 3.55829 3.55726 3.55633 3.55547 3.55471 3.55403 3.55343 3.55291 3.55246 3.55208 3.55178 3.55153 3.55135 3.55122 3.55114 3.55111 3.55112 3.55117 3.55126 3.55138 3.55153 
3.54496 3.54517 3.54541 3.54568 3.54598 3.54631 3.54667 3.54707 3.5475 3.54798 3.54849 3.54905 3.54967 3.55034 3.55107 3.55187 3.55273 3.55367 3.55468 3.55578 3.55696 3.55822 3.55957 3.561 3.56252 3.56411 3.56579 3.56753 3.56934 3.5712 3.57311 3.57506 3.57703 3.57902 3.581 3.58297 3.5849 3.58679 3.58862 3.59037 3.59204 3.59359 3.59503 3.59633 3.59749 3.59849 3.59933 3.6 3.60048 3.60079 3.6009 3.60083 3.60058 3.60014 3.59952 3.59873 3.59778 3.59667 3.59541 3.59403 3.59252 3.59091 3.5892 3.58742 3.58558 3.5837 3.58178 3.57985 3.57791 3.57599 3.5741 3.57224 3.57043 3.56868 3.567 3.56539 3.56386 3.56243 3.56108 3.55982 3.55866 3.5576 3.55663 3.55576 3.55498 3.55429 3.55369 3.55317 3.55273 3.55236 3.55206 3.55183 3.55166 3.55155 3.55149 3.55148 3.55151 3.55158 3.55169 3.55184 
3.54528 3.54549 3.54574 3.54602 3.54633 3.54668 3.54707 3.5475 3.54797 3.54849 3.54906 3.54968 3.55037 3.55112 3.55194 3.55283 3.55381 3.55486 3.55601 3.55725 3.55858 3.56001 3.56153 3.56315 3.56487 3.56667 3.56856 3.57052 3.57256 3.57466 3.57681 3.579 3.58122 3.58345 3.58568 3.58788 3.59005 3.59217 3.59422 3.59618 3.59803 3.59977 3.60137 3.60282 3.60411 3.60523 3.60616 3.6069 3.60744 3.60777 3.6079 3.60781 3.60752 3.60703 3.60634 3.60545 3.60438 3.60313 3.60173 3.60017 3.59849 3.59668 3.59477 3.59277 3.5907 3.58859 3.58643 3.58426 3.58209 3.57992 3.57779 3.5757 3.57365 3.57168 3.56978 3.56796 3.56623 3.5646 3.56307 3.56164 3.56032 3.5591 3.558 3.55699 3.55609 3.5553 3.55459 3.55398 3.55346 3.55302 3.55266 3.55238 3.55216 3.552 3.55191 3.55187 3.55187 3.55193 3.55202 3.55216 
3.54562 3.54583 3.54608 3.54637 3.54671 3.54708 3.5475 3.54797 3.54849 3.54906 3.5497 3.55039 3.55116 3.55201 3.55293 3.55394 3.55505 3.55625 3.55755 3.55896 3.56047 3.56209 3.56383 3.56567 3.56761 3.56966 3.5718 3.57403 3.57634 3.57871 3.58114 3.58362 3.58612 3.58864 3.59114 3.59363 3.59607 3.59845 3.60075 3.60295 3.60503 3.60698 3.60877 3.6104 3.61184 3.61309 3.61412 3.61495 3.61555 3.61591 3.61605 3.61595 3.61562 3.61506 3.61428 3.61328 3.61207 3.61067 3.60909 3.60734 3.60544 3.60341 3.60126 3.59901 3.59668 3.59429 3.59187 3.58942 3.58696 3.58452 3.5821 3.57973 3.57742 3.57518 3.57302 3.57096 3.56899 3.56713 3.56539 3.56376 3.56224 3.56085 3.55958 3.55842 3.55738 3.55645 3.55563 3.55491 3.5543 3.55377 3.55334 3.55299 3.55271 3.5525 3.55237 3.55229 3.55227 3.5523 3.55238 3.5525 
3.54598 3.54619 3.54645 3.54676 3.54711 3.54752 3.54798 3.54849 3.54906 3.5497 3.55041 3.55119 3.55206 3.55302 3.55406 3.55521 3.55647 3.55784 3.55932 3.56092 3.56265 3.56449 3.56647 3.56856 3.57077 3.5731 3.57553 3.57806 3.58068 3.58338 3.58613 3.58893 3.59176 3.5946 3.59743 3.60023 3.60299 3.60567 3.60825 3.61073 3.61307 3.61525 3.61726 3.61909 3.6207 3.6221 3.62326 3.62417 3.62484 3.62525 3.62539 3.62528 3.6249 3.62427 3.62338 3.62226 3.6209 3.61932 3.61754 3.61557 3.61343 3.61114 3.60871 3.60617 3.60355 3.60085 3.59811 3.59534 3.59256 3.5898 3.58706 3.58438 3.58175 3.57921 3.57676 3.57441 3.57217 3.57004 3.56805 3.56618 3.56445 3.56285 3.56138 3.56005 3.55884 3.55776 3.55681 3.55597 3.55524 3.55462 3.55409 3.55366 3.55332 3.55305 3.55287 3.55275 3.55269 3.5527 3.55276 3.55287 
3.54636 3.54658 3.54684 3.54717 3.54755 3.54799 3.54849 3.54906 3.5497 3.55041 3.55121 3.55209 3.55307 3.55415 3.55534 3.55665 3.55808 3.55964 3.56133 3.56315 3.56512 3.56723 3.56947 3.57186 3.57438 3.57702 3.57979 3.58266 3.58563 3.58869 3.59181 3.59497 3.59817 3.60138 3.60458 3.60774 3.61084 3.61385 3.61676 3.61954 3.62217 3.62462 3.62688 3.62892 3.63073 3.63229 3.63359 3.63461 3.63535 3.63581 3.63596 3.63583 3.6354 3.63468 3.63369 3.63242 3.63088 3.62911 3.6271 3.62488 3.62247 3.61989 3.61716 3.6143 3.61133 3.60829 3.60519 3.60206 3.59892 3.59579 3.5927 3.58965 3.58668 3.58379 3.581 3.57832 3.57577 3.57335 3.57107 3.56894 3.56695 3.56512 3.56343 3.56189 3.5605 3.55925 3.55813 3.55715 3.5563 3.55556 3.55493 3.55441 3.55399 3.55366 3.55341 3.55324 3.55315 3.55312 3.55316 3.55326 
3.54677 3.54699 3.54727 3.54761 3.54802 3.5485 3.54905 3.54968 3.55039 3.55119 3.55209 3.55309 3.5542 3.55543 3.55678 3.55827 3.55989 3.56167 3.56359 3.56567 3.56791 3.57031 3.57287 3.57558 3.57844 3.58145 3.58458 3.58784 3.59121 3.59466 3.59819 3.60177 3.60539 3.609 3.6126 3.61616 3.61965 3.62304 3.62631 3.62943 3.63238 3.63513 3.63765 3.63994 3.64196 3.6437 3.64515 3.64629 3.64712 3.64762 3.64779 3.64763 3.64714 3.64634 3.64521 3.64378 3.64206 3.64006 3.63781 3.63531 3.6326 3.6297 3.62662 3.62341 3.62007 3.61664 3.61315 3.60962 3.60607 3.60253 3.59903 3.59559 3.59222 3.58894 3.58578 3.58274 3.57983 3.57708 3.57448 3.57204 3.56977 3.56767 3.56573 3.56396 3.56236 3.56091 3.55962 3.55847 3.55747 3.5566 3.55586 3.55524 3.55473 3.55432 3.55401 3.55379 3.55365 3.55359 3.5536 3.55368 
3.54721 3.54743 3.54772 3.54809 3.54853 3.54906 3.54967 3.55037 3.55116 3.55206 3.55307 3.5542 3.55545 3.55685 3.55838 3.56007 3.56192 3.56394 3.56613 3.5685 3.57104 3.57377 3.57667 3.57975 3.58299 3.5864 3.58995 3.59364 3.59744 3.60134 3.60532 3.60936 3.61343 3.6175 3.62154 3.62554 3.62945 3.63326 3.63692 3.64041 3.64371 3.64678 3.64961 3.65216 3.65441 3.65636 3.65797 3.65924 3.66015 3.6607 3.66089 3.6607 3.66016 3.65925 3.65798 3.65638 3.65445 3.65221 3.64969 3.64689 3.64385 3.64059 3.63714 3.63353 3.62978 3.62593 3.622 3.61802 3.61403 3.61004 3.60609 3.6022 3.5984 3.59469 3.59111 3.58766 3.58437 3.58124 3.57829 3.57551 3.57292 3.57052 3.5683 3.56627 3.56443 3.56276 3.56127 3.55994 3.55878 3.55776 3.55689 3.55615 3.55554 3.55504 3.55466 3.55437 3.55418 3.55408 3.55407 3.55413 
3.54768 3.5479 3.54821 3.5486 3.54909 3.54966 3.55034 3.55112 3.55201 3.55302 3.55415 3.55543 3.55685 3.55842 3.56016 3.56208 3.56418 3.56647 3.56896 3.57164 3.57453 3.57761 3.5809 3.58438 3.58805 3.5919 3.59591 3.60006 3.60435 3.60874 3.61322 3.61775 3.62232 3.62688 3.63142 3.63589 3.64027 3.64452 3.64861 3.65251 3.65619 3.65961 3.66276 3.6656 3.6681 3.67026 3.67205 3.67346 3.67447 3.67508 3.67528 3.67507 3.67445 3.67343 3.67202 3.67023 3.66808 3.66557 3.66275 3.65963 3.65623 3.65258 3.64872 3.64468 3.64048 3.63617 3.63176 3.6273 3.62282 3.61834 3.6139 3.60952 3.60523 3.60106 3.59701 3.59312 3.5894 3.58586 3.58251 3.57936 3.57641 3.57368 3.57115 3.56884 3.56672 3.56481 3.5631 3.56157 3.56022 3.55904 3.55802 3.55715 3.55643 3.55583 3.55536 3.55501 3.55476 3.55462 3.55457 3.55461 
3.54819 3.54842 3.54874 3.54916 3.54969 3.55032 3.55107 3.55194 3.55293 3.55406 3.55534 3.55678 3.55838 3.56016 3.56214 3.5643 3.56668 3.56927 3.57208 3.57512 3.57838 3.58186 3.58557 3.5895 3.59363 3.59796 3.60247 3.60714 3.61195 3.61688 3.6219 3.62697 3.63208 3.63718 3.64224 3.64723 3.65212 3.65685 3.6614 3.66574 3.66983 3.67363 3.67712 3.68027 3.68305 3.68544 3.68742 3.68897 3.69009 3.69075 3.69097 3.69073 3.69004 3.6889 3.68733 3.68534 3.68294 3.68016 3.67701 3.67353 3.66975 3.66569 3.66139 3.65688 3.6522 3.64738 3.64246 3.63748 3.63246 3.62745 3.62247 3.61757 3.61275 3.60806 3.60351 3.59913 3.59494 3.59094 3.58716 3.5836 3.58027 3.57717 3.5743 3.57166 3.56926 3.56708 3.56511 3.56336 3.5618 3.56044 3.55926 3.55825 3.55739 3.55669 3.55613 3.5557 3.55539 3.5552 3.55511 3.55513 
3.54874 3.54896 3.54931 3.54976 3.55034 3.55104 3.55187 3.55283 3.55394 3.55521 3.55665 3.55827 3.56007 3.56208 3.5643 3.56675 3.56943 3.57235 3.57552 3.57894 3.58261 3.58653 3.59071 3.59512 3.59976 3.60461 3.60966 3.61489 3.62027 3.62577 3.63137 3.63703 3.64272 3.6484 3.65403 3.65958 3.665 3.67025 3.6753 3.6801 3.68462 3.68883 3.69269 3.69616 3.69923 3.70187 3.70405 3.70576 3.70699 3.70772 3.70795 3.70768 3.70691 3.70565 3.70391 3.7017 3.69904 3.69596 3.69247 3.68862 3.68442 3.67992 3.67514 3.67014 3.66494 3.65958 3.65411 3.64856 3.64297 3.63738 3.63183 3.62634 3.62096 3.61571 3.61062 3.60571 3.601 3.59651 3.59226 3.58825 3.58449 3.58099 3.57775 3.57476 3.57204 3.56956 3.56732 3.56532 3.56354 3.56197 3.56061 3.55944 3.55845 3.55763 3.55696 3.55645 3.55607 3.55582 3.5557 3.55569 
3.54932 3.54956 3.54992 3.55041 3.55104 3.55181 3.55273 3.55381 3.55505 3.55647 3.55808 3.55989 3.56192 3.56418 3.56668 3.56943 3.57244 3.57572 3.57928 3.58312 3.58724 3.59164 3.59631 3.60124 3.60643 3.61185 3.61749 3.62332 3.62931 3.63543 3.64166 3.64795 3.65426 3.66055 3.66679 3.67293 3.67892 3.68472 3.69029 3.69559 3.70058 3.70521 3.70946 3.71328 3.71666 3.71955 3.72195 3.72383 3.72517 3.72597 3.72622 3.72591 3.72506 3.72366 3.72174 3.7193 3.71637 3.71297 3.70912 3.70486 3.70023 3.69526 3.68998 3.68445 3.67869 3.67276 3.66669 3.66054 3.65434 3.64813 3.64196 3.63586 3.62987 3.62402 3.61834 3.61286 3.6076 3.60258 3.59781 3.59331 3.5891 3.58516 3.58151 3.57815 3.57507 3.57226 3.56973 3.56746 3.56543 3.56365 3.56209 3.56074 3.5596 3.55864 3.55787 3.55725 3.5568 3.55649 3.55633 3.5563 
3.54996 3.55019 3.55058 3.55111 3.5518 3.55265 3.55367 3.55486 3.55625 3.55784 3.55964 3.56167 3.56394 3.56647 3.56927 3.57235 3.57572 3.5794 3.58338 3.58767 3.59227 3.59718 3.60239 3.60789 3.61366 3.6197 3.62596 3.63243 3.63907 3.64586 3.65275 3.6597 3.66668 3.67363 3.68051 3.68727 3.69386 3.70025 3.70637 3.71219 3.71767 3.72275 3.7274 3.73159 3.73529 3.73845 3.74107 3.74312 3.74459 3.74546 3.74572 3.74538 3.74444 3.74291 3.74079 3.73812 3.7349 3.73116 3.72694 3.72226 3.71717 3.7117 3.70589 3.69979 3.69345 3.68691 3.68022 3.67343 3.66658 3.65972 3.65289 3.64613 3.63949 3.633 3.62669 3.62059 3.61474 3.60914 3.60383 3.59881 3.59409 3.58969 3.5856 3.58182 3.57836 3.5752 3.57235 3.56978 3.56749 3.56546 3.56369 3.56215 3.56084 3.55974 3.55884 3.55813 3.55759 3.55721 3.557 3.55694 
3.55063 3.55088 3.55129 3.55187 3.55262 3.55356 3.55468 3.55601 3.55755 3.55932 3.56133 3.56359 3.56613 3.56896 3.57208 3.57552 3.57928 3.58338 3.58781 3.59259 3.59771 3.60317 3.60896 3.61506 3.62146 3.62814 3.63507 3.64222 3.64956 3.65705 3.66464 3.6723 3.67997 3.68761 3.69517 3.70258 3.70981 3.71681 3.72351 3.72988 3.73586 3.74141 3.74649 3.75106 3.75508 3.75853 3.76139 3.76362 3.76521 3.76615 3.76643 3.76606 3.76502 3.76335 3.76103 3.75811 3.75459 3.7505 3.74588 3.74077 3.73519 3.7292 3.72284 3.71616 3.70921 3.70203 3.69468 3.68721 3.67967 3.67212 3.66459 3.65714 3.64981 3.64263 3.63565 3.62891 3.62242 3.61621 3.61031 3.60473 3.59948 3.59457 3.59001 3.58579 3.58192 3.57838 3.57518 3.57229 3.56971 3.56743 3.56542 3.56368 3.56219 3.56093 3.55989 3.55907 3.55844 3.55799 3.55773 3.55764 
3.55136 3.55161 3.55205 3.55268 3.55351 3.55454 3.55578 3.55725 3.55896 3.56092 3.56315 3.56567 3.5685 3.57164 3.57512 3.57894 3.58312 3.58767 3.59259 3.59789 3.60356 3.60961 3.61601 3.62275 3.62982 3.63719 3.64482 3.65269 3.66076 3.66899 3.67732 3.68572 3.69412 3.70248 3.71074 3.71884 3.72674 3.73436 3.74167 3.7486 3.75511 3.76114 3.76666 3.77162 3.77599 3.77974 3.78283 3.78525 3.78697 3.78798 3.78828 3.78787 3.78675 3.78492 3.7824 3.77922 3.77538 3.77094 3.76591 3.76034 3.75427 3.74774 3.7408 3.73351 3.72591 3.71807 3.71003 3.70186 3.6936 3.68532 3.67706 3.66887 3.66081 3.65292 3.64524 3.6378 3.63063 3.62378 3.61725 3.61107 3.60526 3.59981 3.59475 3.59006 3.58574 3.5818 3.57822 3.57499 3.57211 3.56954 3.56728 3.56532 3.56363 3.5622 3.56102 3.56008 3.55935 3.55883 3.55851 3.55838 
3.55214 3.5524 3.55287 3.55355 3.55446 3.55559 3.55696 3.55858 3.56047 3.56265 3.56512 3.56791 3.57104 3.57453 3.57838 3.58261 3.58724 3.59227 3.59771 3.60356 3.60982 3.61649 3.62354 3.63096 3.63873 3.64682 3.65519 3.66382 3.67266 3.68166 3.69076 3.69993 3.70909 3.7182 3.72719 3.73601 3.74458 3.75286 3.76079 3.7683 3.77535 3.78189 3.78786 3.79323 3.79795 3.802 3.80533 3.80794 3.80979 3.81089 3.81121 3.81075 3.80953 3.80755 3.80483 3.80138 3.79723 3.79241 3.78696 3.78092 3.77433 3.76725 3.75972 3.75179 3.74353 3.735 3.72625 3.71734 3.70833 3.69929 3.69027 3.68132 3.67249 3.66385 3.65542 3.64725 3.63938 3.63184 3.62466 3.61785 3.61143 3.60542 3.59981 3.59462 3.58984 3.58546 3.58149 3.57789 3.57467 3.5718 3.56928 3.56708 3.56518 3.56357 3.56224 3.56116 3.56032 3.55972 3.55934 3.55918 
3.55298 3.55324 3.55375 3.55449 3.55547 3.55671 3.55822 3.56001 3.56209 3.56449 3.56723 3.57031 3.57377 3.57761 3.58186 3.58653 3.59164 3.59718 3.60317 3.60961 3.61649 3.6238 3.63153 3.63966 3.64817 3.65702 3.66617 3.67559 3.68522 3.69502 3.70493 3.71489 3.72484 3.73473 3.74447 3.75402 3.7633 3.77225 3.78082 3.78893 3.79653 3.80358 3.81001 3.81579 3.82087 3.82522 3.82881 3.83161 3.8336 3.83477 3.83511 3.83462 3.8333 3.83116 3.82822 3.8245 3.82003 3.81484 3.80896 3.80244 3.79533 3.78767 3.77953 3.77095 3.76201 3.75277 3.74328 3.73361 3.72383 3.714 3.70418 3.69444 3.68482 3.67538 3.66618 3.65725 3.64864 3.64039 3.63251 3.62503 3.61798 3.61137 3.6052 3.59948 3.5942 3.58937 3.58496 3.58098 3.57741 3.57422 3.57141 3.56895 3.56683 3.56503 3.56353 3.56231 3.56136 3.56068 3.56023 3.56003 
3.55386 3.55414 3.55468 3.55548 3.55656 3.55792 3.55957 3.56153 3.56383 3.56647 3.56947 3.57287 3.57667 3.5809 3.58557 3.59071 3.59631 3.60239 3.60896 3.61601 3.62354 3.63153 3.63998 3.64885 3.65812 3.66776 3.67772 3.68795 3.69841 3.70904 3.71978 3.73056 3.74132 3.752 3.76252 3.77282 3.78282 3.79246 3.80167 3.81039 3.81856 3.82612 3.83302 3.83922 3.84466 3.84932 3.85316 3.85616 3.85828 3.85953 3.85989 3.85936 3.85794 3.85565 3.8525 3.8485 3.8437 3.83813 3.83181 3.82481 3.81716 3.80892 3.80016 3.79092 3.78129 3.77131 3.76106 3.75062 3.74004 3.7294 3.71876 3.70819 3.69776 3.6875 3.6775 3.66778 3.6584 3.64939 3.64079 3.63262 3.62491 3.61766 3.6109 3.60462 3.59882 3.5935 3.58865 3.58426 3.58031 3.57679 3.57368 3.57095 3.56859 3.56658 3.5649 3.56354 3.56247 3.56169 3.56118 3.56094 
3.55481 3.5551 3.55567 3.55654 3.55771 3.55919 3.561 3.56315 3.56567 3.56856 3.57186 3.57558 3.57975 3.58438 3.5895 3.59512 3.60124 3.60789 3.61506 3.62275 3.63096 3.63966 3.64885 3.65849 3.66856 3.67901 3.6898 3.70088 3.71219 3.72367 3.73525 3.74688 3.75847 3.76996 3.78127 3.79232 3.80305 3.81339 3.82325 3.83259 3.84133 3.84941 3.85679 3.8634 3.86921 3.87418 3.87828 3.88147 3.88373 3.88506 3.88544 3.88487 3.88335 3.8809 3.87753 3.87327 3.86814 3.86218 3.85542 3.84793 3.83974 3.83092 3.82152 3.81162 3.80127 3.79056 3.77954 3.7683 3.75691 3.74544 3.73396 3.72254 3.71126 3.70017 3.68933 3.6788 3.66862 3.65883 3.64948 3.64059 3.63218 3.62428 3.6169 3.61003 3.60369 3.59786 3.59254 3.58772 3.58338 3.57951 3.57607 3.57306 3.57045 3.56823 3.56636 3.56484 3.56365 3.56277 3.56219 3.5619 
3.5558 3.5561 3.55672 3.55766 3.55893 3.56055 3.56252 3.56487 3.56761 3.57077 3.57438 3.57844 3.58299 3.58805 3.59363 3.59976 3.60643 3.61366 3.62146 3.62982 3.63873 3.64817 3.65812 3.66856 3.67944 3.69073 3.70237 3.71431 3.72649 3.73884 3.7513 3.76378 3.77621 3.78852 3.80063 3.81245 3.82392 3.83495 3.84548 3.85543 3.86474 3.87335 3.88119 3.88823 3.8944 3.89968 3.90403 3.90741 3.90982 3.91122 3.91162 3.91102 3.9094 3.9068 3.90321 3.89868 3.89322 3.88687 3.87968 3.8717 3.86297 3.85356 3.84353 3.83295 3.82189 3.81042 3.79863 3.78658 3.77436 3.76204 3.74971 3.73743 3.72528 3.71333 3.70164 3.69027 3.67926 3.66868 3.65855 3.64891 3.63979 3.63121 3.62318 3.61571 3.6088 3.60244 3.59663 3.59136 3.58661 3.58236 3.57859 3.57528 3.57241 3.56996 3.5679 3.56621 3.56489 3.5639 3.56325 3.56292 
3.55685 3.55717 3.55783 3.55884 3.56022 3.56197 3.56411 3.56667 3.56966 3.5731 3.57702 3.58145 3.5864 3.5919 3.59796 3.60461 3.61185 3.6197 3.62814 3.63719 3.64682 3.65702 3.66776 3.67901 3.69073 3.70288 3.71539 3.72821 3.74127 3.7545 3.76783 3.78118 3.79446 3.8076 3.82051 3.83311 3.84531 3.85705 3.86823 3.8788 3.88868 3.8978 3.90612 3.91357 3.9201 3.92569 3.93029 3.93387 3.93641 3.93789 3.93831 3.93766 3.93596 3.9332 3.9294 3.9246 3.91881 3.91209 3.90446 3.89599 3.88673 3.87673 3.86607 3.85481 3.84303 3.83081 3.81823 3.80537 3.79232 3.77915 3.76595 3.75279 3.73977 3.72694 3.71437 3.70214 3.6903 3.67889 3.66797 3.65756 3.6477 3.63842 3.62972 3.62162 3.61412 3.60722 3.6009 3.59517 3.58999 3.58535 3.58123 3.57761 3.57447 3.57178 3.56951 3.56765 3.56619 3.5651 3.56437 3.56399 
3.55795 3.55828 3.55899 3.56008 3.56157 3.56346 3.56579 3.56856 3.5718 3.57553 3.57979 3.58458 3.58995 3.59591 3.60247 3.60966 3.61749 3.62596 3.63507 3.64482 3.65519 3.66617 3.67772 3.6898 3.70237 3.71539 3.72878 3.7425 3.75645 3.77058 3.78479 3.799 3.81314 3.8271 3.84082 3.85418 3.86712 3.87955 3.89139 3.90257 3.91301 3.92265 3.93142 3.93928 3.94618 3.95206 3.95691 3.96068 3.96335 3.96491 3.96536 3.96467 3.96287 3.95996 3.95596 3.95089 3.94479 3.93769 3.92964 3.92069 3.91089 3.90031 3.88902 3.87709 3.8646 3.85163 3.83827 3.8246 3.8107 3.79667 3.7826 3.76856 3.75464 3.74093 3.72748 3.71437 3.70167 3.68943 3.67769 3.6665 3.65589 3.64588 3.6365 3.62776 3.61965 3.61218 3.60534 3.59912 3.5935 3.58846 3.58399 3.58004 3.57661 3.57367 3.57119 3.56916 3.56755 3.56635 3.56554 3.56511 
3.5591 3.55944 3.5602 3.56137 3.56297 3.56502 3.56753 3.57052 3.57403 3.57806 3.58266 3.58784 3.59364 3.60006 3.60714 3.61489 3.62332 3.63243 3.64222 3.65269 3.66382 3.67559 3.68795 3.70088 3.71431 3.72821 3.7425 3.7571 3.77196 3.78698 3.80207 3.81716 3.83214 3.84693 3.86144 3.87557 3.88924 3.90235 3.91484 3.92662 3.93761 3.94775 3.95698 3.96524 3.97248 3.97866 3.98374 3.9877 3.99051 3.99215 3.99261 3.99189 3.99 3.98694 3.98274 3.97742 3.97101 3.96354 3.95507 3.94565 3.93533 3.92418 3.91227 3.89968 3.88648 3.87277 3.85863 3.84414 3.82941 3.81453 3.79958 3.78465 3.76984 3.75523 3.74089 3.7269 3.71333 3.70024 3.68768 3.67569 3.66431 3.65357 3.64349 3.63409 3.62536 3.61731 3.60993 3.60322 3.59714 3.59169 3.58684 3.58257 3.57884 3.57564 3.57295 3.57073 3.56897 3.56765 3.56676 3.56628 
3.56029 3.56065 3.56145 3.56271 3.56443 3.56663 3.56934 3.57256 3.57634 3.58068 3.58563 3.59121 3.59744 3.60435 3.61195 3.62027 3.62931 3.63907 3.64956 3.66076 3.67266 3.68522 3.69841 3.71219 3.72649 3.74127 3.75645 3.77196 3.78771 3.80362 3.81959 3.83554 3.85137 3.86697 3.88227 3.89715 3.91153 3.92532 3.93844 3.9508 3.96233 3.97296 3.98263 3.99128 3.99886 4.00533 4.01065 4.01478 4.01772 4.01943 4.01991 4.01916 4.01719 4.01399 4.0096 4.00403 3.99731 3.98949 3.98062 3.97074 3.95991 3.9482 3.93569 3.92245 3.90856 3.89411 3.8792 3.86391 3.84835 3.83261 3.81679 3.80098 3.78528 3.76977 3.75454 3.73967 3.72523 3.71128 3.69788 3.68508 3.67293 3.66144 3.65065 3.64058 3.63122 3.62258 3.61465 3.60743 3.60089 3.59501 3.58978 3.58517 3.58114 3.57768 3.57476 3.57235 3.57044 3.569 3.56802 3.5675 
3.56152 3.5619 3.56275 3.5641 3.56594 3.5683 3.5712 3.57466 3.57871 3.58338 3.58869 3.59466 3.60134 3.60874 3.61688 3.62577 3.63543 3.64586 3.65705 3.66899 3.68166 3.69502 3.70904 3.72367 3.73884 3.7545 3.77058 3.78698 3.80362 3.82041 3.83725 3.85405 3.87071 3.88712 3.90318 3.9188 3.93388 3.94833 3.96206 3.97499 3.98704 3.99815 4.00824 4.01727 4.02517 4.03192 4.03746 4.04177 4.04483 4.04661 4.04712 4.04634 4.04428 4.04095 4.03637 4.03056 4.02356 4.0154 4.00614 3.99581 3.98449 3.97225 3.95914 3.94527 3.9307 3.91554 3.89987 3.8838 3.86742 3.85084 3.83416 3.81747 3.80088 3.78448 3.76836 3.7526 3.73729 3.72248 3.70824 3.69463 3.68169 3.66946 3.65795 3.6472 3.6372 3.62796 3.61948 3.61174 3.60473 3.59842 3.5928 3.58784 3.5835 3.57977 3.57662 3.57402 3.57195 3.57039 3.56933 3.56875 
3.56278 3.56318 3.56408 3.56552 3.56749 3.57001 3.57311 3.57681 3.58114 3.58613 3.59181 3.59819 3.60532 3.61322 3.6219 3.63137 3.64166 3.65275 3.66464 3.67732 3.69076 3.70493 3.71978 3.73525 3.7513 3.76783 3.78479 3.80207 3.81959 3.83725 3.85495 3.87259 3.89006 3.90725 3.92407 3.9404 3.95616 3.97124 3.98557 3.99905 4.0116 4.02316 4.03366 4.04305 4.05127 4.05827 4.06403 4.06851 4.07168 4.07354 4.07406 4.07326 4.07112 4.06767 4.06291 4.05688 4.04961 4.04112 4.03148 4.02073 4.00894 3.99617 3.9825 3.96801 3.95279 3.93693 3.92053 3.90368 3.88651 3.8691 3.85157 3.83402 3.81655 3.79927 3.78226 3.76563 3.74944 3.73378 3.71871 3.70429 3.69056 3.67757 3.66535 3.65391 3.64327 3.63343 3.62438 3.61612 3.60863 3.60189 3.59588 3.59056 3.58592 3.58191 3.57853 3.57573 3.5735 3.57182 3.57066 3.57003 
3.56407 3.56448 3.56545 3.56697 3.56907 3.57176 3.57506 3.579 3.58362 3.58893 3.59497 3.60177 3.60936 3.61775 3.62697 3.63703 3.64795 3.6597 3.6723 3.68572 3.69993 3.71489 3.73056 3.74688 3.76378 3.78118 3.799 3.81716 3.83554 3.85405 3.87259 3.89104 3.9093 3.92725 3.94479 3.96182 3.97823 3.99393 4.00882 4.02283 4.03586 4.04786 4.05875 4.06848 4.07699 4.08424 4.0902 4.09484 4.09813 4.10005 4.1006 4.09977 4.09756 4.09399 4.08907 4.08283 4.07529 4.06651 4.05651 4.04536 4.03311 4.01985 4.00563 3.99055 3.9747 3.95816 3.94105 3.92346 3.9055 3.88729 3.86893 3.85053 3.8322 3.81405 3.79618 3.77867 3.76163 3.74512 3.72922 3.71399 3.69949 3.68575 3.6728 3.66068 3.64939 3.63895 3.62934 3.62056 3.61259 3.60541 3.599 3.59332 3.58836 3.58409 3.58046 3.57747 3.57508 3.57327 3.57203 3.57135 
3.56538 3.56581 3.56683 3.56844 3.57067 3.57352 3.57703 3.58122 3.58612 3.59176 3.59817 3.60539 3.61343 3.62232 3.63208 3.64272 3.65426 3.66668 3.67997 3.69412 3.70909 3.72484 3.74132 3.75847 3.77621 3.79446 3.81314 3.83214 3.85137 3.87071 3.89006 3.9093 3.92832 3.94701 3.96525 3.98294 3.99998 4.01626 4.03169 4.0462 4.05969 4.0721 4.08336 4.09341 4.1022 4.10969 4.11584 4.12063 4.12402 4.126 4.12657 4.12572 4.12345 4.11977 4.1147 4.10826 4.10048 4.09141 4.08108 4.06954 4.05687 4.04313 4.0284 4.01276 3.99629 3.97911 3.96131 3.943 3.92429 3.90529 3.88613 3.86691 3.84774 3.82874 3.81002 3.79166 3.77377 3.75643 3.73971 3.72368 3.70841 3.69392 3.68027 3.66747 3.65554 3.64449 3.63432 3.62501 3.61656 3.60895 3.60214 3.59611 3.59084 3.58628 3.58242 3.57923 3.57667 3.57474 3.57341 3.57268 
3.5667 3.56715 3.56822 3.56993 3.57228 3.5753 3.57902 3.58345 3.58864 3.5946 3.60138 3.609 3.6175 3.62688 3.63718 3.6484 3.66055 3.67363 3.68761 3.70248 3.7182 3.73473 3.752 3.76996 3.78852 3.8076 3.8271 3.84693 3.86697 3.88712 3.90725 3.92725 3.94701 3.9664 3.98531 4.00363 4.02126 4.0381 4.05405 4.06903 4.08295 4.09574 4.10735 4.1177 4.12675 4.13446 4.1408 4.14572 4.14921 4.15126 4.15185 4.15098 4.14865 4.14487 4.13966 4.13304 4.12503 4.11569 4.10505 4.09316 4.08009 4.0659 4.05067 4.0345 4.01746 3.99966 3.9812 3.9622 3.94276 3.92302 3.90307 3.88305 3.86307 3.84325 3.82369 3.80451 3.78579 3.76763 3.75011 3.73331 3.71727 3.70205 3.68769 3.67422 3.66166 3.65002 3.63929 3.62947 3.62054 3.61249 3.60529 3.5989 3.59331 3.58848 3.58439 3.581 3.57828 3.57622 3.57481 3.57402 
3.56802 3.56849 3.56962 3.57141 3.57389 3.57708 3.581 3.58568 3.59114 3.59743 3.60458 3.6126 3.62154 3.63142 3.64224 3.65403 3.66679 3.68051 3.69517 3.71074 3.72719 3.74447 3.76252 3.78127 3.80063 3.82051 3.84082 3.86144 3.88227 3.90318 3.92407 3.94479 3.96525 3.98531 4.00486 4.02378 4.04198 4.05934 4.07577 4.09119 4.10551 4.11867 4.13059 4.14123 4.15052 4.15844 4.16494 4.16999 4.17358 4.17568 4.17629 4.1754 4.17302 4.16915 4.16381 4.15702 4.14881 4.13922 4.12829 4.11607 4.10262 4.08802 4.07233 4.05565 4.03807 4.01968 4.0006 3.98094 3.96082 3.94035 3.91966 3.89887 3.87811 3.85749 3.83713 3.81714 3.79762 3.77867 3.76037 3.74279 3.72601 3.71008 3.69503 3.68091 3.66772 3.65549 3.64422 3.63389 3.62449 3.61601 3.60841 3.60168 3.59578 3.59068 3.58635 3.58276 3.57989 3.57771 3.5762 3.57536 
3.56933 3.56982 3.571 3.57289 3.5755 3.57885 3.58297 3.58788 3.59363 3.60023 3.60774 3.61616 3.62554 3.63589 3.64723 3.65958 3.67293 3.68727 3.70258 3.71884 3.73601 3.75402 3.77282 3.79232 3.81245 3.83311 3.85418 3.87557 3.89715 3.9188 3.9404 3.96182 3.98294 4.00363 4.02378 4.04327 4.06199 4.07985 4.09673 4.11256 4.12726 4.14075 4.15297 4.16387 4.17339 4.18149 4.18814 4.19332 4.19699 4.19915 4.19978 4.19888 4.19645 4.1925 4.18704 4.1801 4.1717 4.16188 4.15068 4.13815 4.12436 4.10937 4.09325 4.0761 4.058 4.03907 4.0194 3.99912 3.97834 3.95718 3.93578 3.91426 3.89275 3.87137 3.85023 3.82947 3.80918 3.78946 3.7704 3.75209 3.73459 3.71796 3.70224 3.68748 3.67368 3.66088 3.64907 3.63824 3.62838 3.61948 3.6115 3.60443 3.59822 3.59285 3.58829 3.58451 3.58148 3.57918 3.57759 3.57669 
3.57063 3.57114 3.57237 3.57435 3.57708 3.58059 3.5849 3.59005 3.59607 3.60299 3.61084 3.61965 3.62945 3.64027 3.65212 3.665 3.67892 3.69386 3.70981 3.72674 3.74458 3.7633 3.78282 3.80305 3.82392 3.84531 3.86712 3.88924 3.91153 3.93388 3.95616 3.97823 3.99998 4.02126 4.04198 4.06199 4.08121 4.09951 4.11682 4.13303 4.14807 4.16187 4.17437 4.1855 4.19523 4.2035 4.2103 4.21558 4.21933 4.22154 4.22219 4.22128 4.2188 4.21478 4.20922 4.20214 4.19357 4.18355 4.1721 4.1593 4.14518 4.12983 4.11332 4.09573 4.07716 4.05771 4.03749 4.01662 3.99523 3.97342 3.95135 3.92913 3.90691 3.8848 3.86293 3.84142 3.82039 3.79993 3.78015 3.76112 3.74293 3.72563 3.70926 3.69388 3.6795 3.66614 3.65381 3.6425 3.63219 3.62288 3.61453 3.60712 3.60062 3.59499 3.5902 3.58623 3.58305 3.58063 3.57895 3.57801 
3.5719 3.57242 3.57371 3.57577 3.57862 3.58229 3.58679 3.59217 3.59845 3.60567 3.61385 3.62304 3.63326 3.64452 3.65685 3.67025 3.68472 3.70025 3.71681 3.73436 3.75286 3.77225 3.79246 3.81339 3.83495 3.85705 3.87955 3.90235 3.92532 3.94833 3.97124 3.99393 4.01626 4.0381 4.05934 4.07985 4.09951 4.11824 4.13593 4.15249 4.16785 4.18193 4.19468 4.20603 4.21594 4.22437 4.23129 4.23668 4.2405 4.24275 4.24342 4.2425 4.23999 4.23591 4.23026 4.22306 4.21433 4.20412 4.19246 4.17939 4.16499 4.14931 4.13243 4.11444 4.09543 4.0755 4.05477 4.03336 4.01138 3.98897 3.96626 3.94339 3.92049 3.89769 3.87513 3.85291 3.83118 3.81002 3.78955 3.76984 3.75098 3.73303 3.71605 3.70008 3.68513 3.67124 3.65841 3.64663 3.63589 3.62618 3.61748 3.60974 3.60295 3.59707 3.59207 3.58791 3.58458 3.58204 3.58029 3.5793 
3.57313 3.57367 3.57501 3.57715 3.58012 3.58393 3.58862 3.59422 3.60075 3.60825 3.61676 3.62631 3.63692 3.64861 3.6614 3.6753 3.69029 3.70637 3.72351 3.74167 3.76079 3.78082 3.80167 3.82325 3.84548 3.86823 3.89139 3.91484 3.93844 3.96206 3.98557 4.00882 4.03169 4.05405 4.07577 4.09673 4.11682 4.13593 4.15397 4.17085 4.1865 4.20083 4.2138 4.22535 4.23543 4.244 4.25104 4.25651 4.2604 4.2627 4.26338 4.26246 4.25992 4.25578 4.25005 4.24274 4.23388 4.2235 4.21164 4.19834 4.18368 4.1677 4.15049 4.13213 4.11271 4.09235 4.07114 4.04922 4.02671 4.00374 3.98044 3.95695 3.93342 3.90998 3.88675 3.86388 3.84148 3.81966 3.79853 3.77818 3.75869 3.74013 3.72256 3.70602 3.69054 3.67614 3.66283 3.6506 3.63945 3.62937 3.62031 3.61227 3.6052 3.59908 3.59387 3.58954 3.58606 3.58342 3.58158 3.58055 
3.57431 3.57487 3.57626 3.57848 3.58156 3.58551 3.59037 3.59618 3.60295 3.61073 3.61954 3.62943 3.64041 3.65251 3.66574 3.6801 3.69559 3.71219 3.72988 3.7486 3.7683 3.78893 3.81039 3.83259 3.85543 3.8788 3.90257 3.92662 3.9508 3.97499 3.99905 4.02283 4.0462 4.06903 4.09119 4.11256 4.13303 4.15249 4.17085 4.18802 4.20393 4.21849 4.23166 4.24339 4.25362 4.26232 4.26946 4.27501 4.27896 4.28129 4.28199 4.28106 4.2785 4.27431 4.26851 4.26111 4.25212 4.2416 4.22956 4.21606 4.20116 4.18491 4.1674 4.1487 4.12892 4.10816 4.08652 4.06413 4.04112 4.01763 3.99379 3.96973 3.94561 3.92157 3.89773 3.87424 3.85122 3.82878 3.80703 3.78608 3.766 3.74687 3.72874 3.71167 3.69568 3.6808 3.66703 3.65439 3.64285 3.6324 3.62302 3.61468 3.60735 3.601 3.59559 3.59109 3.58748 3.58473 3.58282 3.58174 
3.57544 3.57601 3.57744 3.57974 3.58292 3.58701 3.59204 3.59803 3.60503 3.61307 3.62217 3.63238 3.64371 3.65619 3.66983 3.68462 3.70058 3.71767 3.73586 3.75511 3.77535 3.79653 3.81856 3.84133 3.86474 3.88868 3.91301 3.93761 3.96233 3.98704 4.0116 4.03586 4.05969 4.08295 4.10551 4.12726 4.14807 4.16785 4.1865 4.20393 4.22006 4.23483 4.24818 4.26006 4.27042 4.27924 4.28647 4.29209 4.29609 4.29846 4.29918 4.29825 4.29567 4.29144 4.28557 4.27808 4.269 4.25834 4.24615 4.23247 4.21735 4.20087 4.18308 4.16409 4.14397 4.12284 4.10081 4.078 4.05454 4.03057 4.00623 3.98165 3.957 3.9324 3.908 3.88393 3.86033 3.83732 3.81501 3.79349 3.77286 3.75319 3.73454 3.71697 3.70051 3.68518 3.67099 3.65795 3.64605 3.63526 3.62558 3.61696 3.60939 3.60282 3.59722 3.59257 3.58883 3.58598 3.584 3.58288 
3.57649 3.57708 3.57855 3.58092 3.5842 3.58841 3.59359 3.59977 3.60698 3.61525 3.62462 3.63513 3.64678 3.65961 3.67363 3.68883 3.70521 3.72275 3.74141 3.76114 3.78189 3.80358 3.82612 3.84941 3.87335 3.8978 3.92265 3.94775 3.97296 3.99815 4.02316 4.04786 4.0721 4.09574 4.11867 4.14075 4.16187 4.18193 4.20083 4.21849 4.23483 4.24979 4.26329 4.27531 4.28579 4.2947 4.30201 4.3077 4.31175 4.31415 4.31488 4.31395 4.31135 4.30708 4.30117 4.29361 4.28443 4.27366 4.26133 4.24749 4.23219 4.21549 4.19747 4.17821 4.15779 4.13634 4.11395 4.09076 4.0669 4.04249 4.01769 3.99265 3.9675 3.94239 3.91748 3.89289 3.86876 3.84522 3.82239 3.80035 3.77922 3.75905 3.73993 3.7219 3.705 3.68926 3.67468 3.66127 3.64903 3.63793 3.62796 3.61909 3.61129 3.60452 3.59875 3.59395 3.59009 3.58715 3.58511 3.58395 
3.57747 3.57807 3.57958 3.58201 3.58538 3.58971 3.59503 3.60137 3.60877 3.61726 3.62688 3.63765 3.64961 3.66276 3.67712 3.69269 3.70946 3.7274 3.74649 3.76666 3.78786 3.81001 3.83302 3.85679 3.88119 3.90612 3.93142 3.95698 3.98263 4.00824 4.03366 4.05875 4.08336 4.10735 4.13059 4.15297 4.17437 4.19468 4.2138 4.23166 4.24818 4.26329 4.27694 4.28908 4.29966 4.30865 4.31603 4.32178 4.32587 4.32829 4.32904 4.32811 4.3255 4.3212 4.31524 4.30762 4.29837 4.2875 4.27506 4.26108 4.24561 4.22873 4.21049 4.19099 4.17031 4.14857 4.12587 4.10234 4.07811 4.05332 4.02811 4.00264 3.97705 3.95149 3.92611 3.90105 3.87645 3.85244 3.82913 3.80662 3.78503 3.76442 3.74486 3.72642 3.70912 3.69299 3.67806 3.66432 3.65177 3.64039 3.63016 3.62105 3.61304 3.60608 3.60016 3.59522 3.59126 3.58824 3.58613 3.58494 
3.57835 3.57897 3.58052 3.58301 3.58645 3.59089 3.59633 3.60282 3.6104 3.61909 3.62892 3.63994 3.65216 3.6656 3.68027 3.69616 3.71328 3.73159 3.75106 3.77162 3.79323 3.81579 3.83922 3.8634 3.88823 3.91357 3.93928 3.96524 3.99128 4.01727 4.04305 4.06848 4.09341 4.1177 4.14123 4.16387 4.1855 4.20603 4.22535 4.24339 4.26006 4.27531 4.28908 4.30131 4.31198 4.32105 4.32849 4.33429 4.33841 4.34086 4.34162 4.34069 4.33807 4.33375 4.32775 4.32008 4.31076 4.29981 4.28726 4.27316 4.25756 4.24051 4.22209 4.20239 4.18148 4.15948 4.13651 4.11268 4.08813 4.063 4.03743 4.01158 3.9856 3.95964 3.93385 3.90837 3.88335 3.85891 3.83518 3.81226 3.79025 3.76924 3.7493 3.73048 3.71282 3.69636 3.68111 3.66707 3.65424 3.6426 3.63214 3.62282 3.61462 3.6075 3.60143 3.59638 3.59232 3.58922 3.58707 3.58584 
3.57915 3.57978 3.58135 3.58389 3.58741 3.59193 3.59749 3.60411 3.61184 3.6207 3.63073 3.64196 3.65441 3.6681 3.68305 3.69923 3.71666 3.73529 3.75508 3.77599 3.79795 3.82087 3.84466 3.86921 3.8944 3.9201 3.94618 3.97248 3.99886 4.02517 4.05127 4.07699 4.1022 4.12675 4.15052 4.17339 4.19523 4.21594 4.23543 4.25362 4.27042 4.28579 4.29966 4.31198 4.32273 4.33186 4.33935 4.34519 4.34934 4.35181 4.35258 4.35165 4.34902 4.34469 4.33866 4.33094 4.32156 4.31054 4.29791 4.28371 4.26799 4.2508 4.23223 4.21234 4.19124 4.16902 4.14581 4.12172 4.0969 4.07147 4.0456 4.01942 3.9931 3.96679 3.94064 3.9148 3.8894 3.8646 3.84049 3.81721 3.79485 3.77349 3.75321 3.73406 3.71609 3.69933 3.6838 3.6695 3.65642 3.64456 3.6339 3.62439 3.61603 3.60876 3.60257 3.59741 3.59326 3.5901 3.58789 3.58664 
3.57983 3.58047 3.58208 3.58466 3.58824 3.59284 3.59849 3.60523 3.61309 3.6221 3.63229 3.6437 3.65636 3.67026 3.68544 3.70187 3.71955 3.73845 3.75853 3.77974 3.802 3.82522 3.84932 3.87418 3.89968 3.92569 3.95206 3.97866 4.00533 4.03192 4.05827 4.08424 4.10969 4.13446 4.15844 4.18149 4.2035 4.22437 4.244 4.26232 4.27924 4.2947 4.30865 4.32105 4.33186 4.34104 4.34858 4.35445 4.35863 4.36112 4.3619 4.36097 4.35833 4.35398 4.34792 4.34017 4.33075 4.31967 4.30697 4.29268 4.27686 4.25956 4.24085 4.22082 4.19955 4.17715 4.15373 4.12943 4.10437 4.0787 4.05256 4.02611 3.9995 3.97289 3.94644 3.92029 3.89458 3.86946 3.84504 3.82145 3.79878 3.77713 3.75656 3.73713 3.7189 3.70188 3.68611 3.67159 3.6583 3.64625 3.63541 3.62575 3.61724 3.60985 3.60355 3.5983 3.59408 3.59086 3.58862 3.58734 
3.58041 3.58106 3.58269 3.58531 3.58893 3.5936 3.59933 3.60616 3.61412 3.62326 3.63359 3.64515 3.65797 3.67205 3.68742 3.70405 3.72195 3.74107 3.76139 3.78283 3.80533 3.82881 3.85316 3.87828 3.90403 3.93029 3.95691 3.98374 4.01065 4.03746 4.06403 4.0902 4.11584 4.1408 4.16494 4.18814 4.2103 4.23129 4.25104 4.26946 4.28647 4.30201 4.31603 4.32849 4.33935 4.34858 4.35615 4.36205 4.36625 4.36875 4.36954 4.36861 4.36597 4.3616 4.35553 4.34775 4.33829 4.32716 4.3144 4.30004 4.28414 4.26674 4.24793 4.22777 4.20637 4.18382 4.16024 4.13576 4.11051 4.08463 4.05828 4.0316 4.00476 3.97791 3.95121 3.9248 3.89884 3.87346 3.84879 3.82495 3.80203 3.78013 3.75932 3.73967 3.72122 3.704 3.68803 3.67332 3.65986 3.64765 3.63667 3.62688 3.61825 3.61076 3.60437 3.59905 3.59476 3.59149 3.58922 3.58792 
3.58087 3.58153 3.58317 3.58582 3.58949 3.5942 3.6 3.6069 3.61495 3.62417 3.63461 3.64629 3.65924 3.67346 3.68897 3.70576 3.72383 3.74312 3.76362 3.78525 3.80794 3.83161 3.85616 3.88147 3.90741 3.93387 3.96068 3.9877 4.01478 4.04177 4.06851 4.09484 4.12063 4.14572 4.16999 4.19332 4.21558 4.23668 4.25651 4.27501 4.29209 4.3077 4.32178 4.33429 4.34519 4.35445 4.36205 4.36796 4.37218 4.3747 4.37549 4.37457 4.37192 4.36754 4.36145 4.35365 4.34416 4.33299 4.32018 4.30577 4.2898 4.27233 4.25343 4.23318 4.21167 4.18901 4.1653 4.14068 4.11528 4.08925 4.06273 4.03588 4.00886 3.98182 3.95492 3.92832 3.90217 3.87659 3.85172 3.82768 3.80457 3.78248 3.76149 3.74166 3.72303 3.70565 3.68953 3.67468 3.66109 3.64876 3.63766 3.62777 3.61905 3.61148 3.60502 3.59964 3.59531 3.592 3.5897 3.58839 
3.58122 3.58188 3.58353 3.5862 3.58989 3.59465 3.60048 3.60744 3.61555 3.62484 3.63535 3.64712 3.66015 3.67447 3.69009 3.70699 3.72517 3.74459 3.76521 3.78697 3.80979 3.8336 3.85828 3.88373 3.90982 3.93641 3.96335 3.99051 4.01772 4.04483 4.07168 4.09813 4.12402 4.14921 4.17358 4.19699 4.21933 4.2405 4.2604 4.27896 4.29609 4.31175 4.32587 4.33841 4.34934 4.35863 4.36625 4.37218 4.37642 4.37894 4.37974 4.37881 4.37616 4.37178 4.36567 4.35785 4.34834 4.33714 4.3243 4.30985 4.29383 4.27631 4.25735 4.23703 4.21544 4.19269 4.16889 4.14417 4.11867 4.09252 4.06588 4.03891 4.01176 3.98459 3.95756 3.93082 3.90452 3.8788 3.8538 3.82962 3.80637 3.78415 3.76303 3.74307 3.72433 3.70684 3.69061 3.67566 3.66198 3.64956 3.63838 3.62841 3.61963 3.612 3.60549 3.60007 3.59571 3.59238 3.59006 3.58874 
3.58143 3.5821 3.58376 3.58644 3.59015 3.59492 3.60079 3.60777 3.61591 3.62525 3.63581 3.64762 3.6607 3.67508 3.69075 3.70772 3.72597 3.74546 3.76615 3.78798 3.81089 3.83477 3.85953 3.88506 3.91122 3.93789 3.96491 3.99215 4.01943 4.04661 4.07354 4.10005 4.126 4.15126 4.17568 4.19915 4.22154 4.24275 4.2627 4.28129 4.29846 4.31415 4.32829 4.34086 4.35181 4.36112 4.36875 4.3747 4.37894 4.38147 4.38227 4.38134 4.37868 4.3743 4.36818 4.36035 4.35082 4.3396 4.32674 4.31226 4.29621 4.27865 4.25965 4.23928 4.21765 4.19485 4.17099 4.14622 4.12065 4.09443 4.06772 4.04068 4.01345 3.9862 3.95909 3.93228 3.9059 3.8801 3.85501 3.83076 3.80743 3.78513 3.76394 3.74391 3.7251 3.70754 3.69125 3.67624 3.66251 3.65004 3.63881 3.62881 3.61999 3.61233 3.60579 3.60034 3.59596 3.59261 3.59028 3.58896 
