5.78936 5.78954 5.78982 5.79019 5.79067 5.79124 5.7919 5.79267 5.79353 5.7945 5.79556 5.79672 5.79798 5.79934 5.8008 5.80236 5.80402 5.80577 5.80761 5.80955 5.81157 5.81367 5.81585 5.81809 5.82041 5.82277 5.82518 5.82763 5.83011 5.8326 5.83509 5.83758 5.84005 5.84249 5.84487 5.8472 5.84946 5.85163 5.85371 5.85567 5.85751 5.85921 5.86077 5.86217 5.86341 5.86448 5.86536 5.86606 5.86657 5.86688 5.867 5.86692 5.86665 5.86619 5.86554 5.8647 5.86368 5.8625 5.86115 5.85964 5.858 5.85622 5.85432 5.85231 5.85021 5.84803 5.84578 5.84347 5.84112 5.83875 5.83636 5.83396 5.83158 5.82922 5.82689 5.8246 5.82237 5.82019 5.81809 5.81606 5.81412 5.81226 5.8105 5.80883 5.80727 5.80581 5.80445 5.8032 5.80205 5.80101 5.80008 5.79925 5.79853 5.79791 5.7974 5.79699 5.79668 5.79647 5.79636 5.79635 
5.78954 5.78972 5.79 5.79038 5.79085 5.79143 5.7921 5.79287 5.79374 5.7947 5.79577 5.79694 5.79821 5.79958 5.80105 5.80262 5.80429 5.80605 5.80791 5.80985 5.81189 5.814 5.8162 5.81846 5.82079 5.82317 5.8256 5.82806 5.83056 5.83307 5.83558 5.83809 5.84058 5.84303 5.84544 5.84778 5.85006 5.85225 5.85434 5.85631 5.85816 5.85988 5.86145 5.86286 5.86411 5.86518 5.86607 5.86678 5.86729 5.8676 5.86772 5.86765 5.86737 5.86691 5.86625 5.8654 5.86438 5.86318 5.86182 5.86031 5.85865 5.85686 5.85494 5.85292 5.8508 5.8486 5.84634 5.84401 5.84165 5.83925 5.83684 5.83443 5.83203 5.82965 5.8273 5.825 5.82275 5.82056 5.81844 5.8164 5.81444 5.81257 5.81079 5.80911 5.80754 5.80606 5.8047 5.80343 5.80228 5.80123 5.80029 5.79946 5.79873 5.79811 5.79759 5.79718 5.79687 5.79666 5.79654 5.79653 
5.78982 5.79 5.79029 5.79067 5.79115 5.79173 5.79241 5.79319 5.79408 5.79506 5.79615 5.79734 5.79863 5.80002 5.80152 5.80312 5.80481 5.80661 5.8085 5.81048 5.81256 5.81471 5.81695 5.81925 5.82162 5.82405 5.82652 5.82903 5.83157 5.83413 5.83669 5.83924 5.84178 5.84427 5.84673 5.84912 5.85143 5.85366 5.85579 5.8578 5.85968 5.86143 5.86303 5.86446 5.86573 5.86682 5.86773 5.86844 5.86896 5.86929 5.86941 5.86933 5.86905 5.86857 5.8679 5.86704 5.866 5.86478 5.86339 5.86185 5.86016 5.85833 5.85638 5.85432 5.85217 5.84992 5.84761 5.84525 5.84284 5.8404 5.83794 5.83548 5.83304 5.83061 5.82822 5.82587 5.82358 5.82134 5.81918 5.8171 5.8151 5.8132 5.81139 5.80967 5.80807 5.80656 5.80517 5.80388 5.8027 5.80163 5.80067 5.79982 5.79908 5.79844 5.79791 5.79748 5.79716 5.79694 5.79683 5.79681 
5.79019 5.79038 5.79067 5.79106 5.79155 5.79215 5.79284 5.79365 5.79455 5.79557 5.79668 5.79791 5.79923 5.80067 5.80221 5.80385 5.8056 5.80745 5.8094 5.81144 5.81357 5.81579 5.81809 5.82047 5.82291 5.82541 5.82795 5.83054 5.83315 5.83578 5.83842 5.84105 5.84365 5.84622 5.84874 5.8512 5.85358 5.85587 5.85806 5.86013 5.86207 5.86386 5.8655 5.86698 5.86828 5.8694 5.87033 5.87106 5.8716 5.87193 5.87205 5.87197 5.87168 5.87119 5.87049 5.86961 5.86853 5.86728 5.86585 5.86426 5.86252 5.86064 5.85864 5.85652 5.8543 5.85199 5.84961 5.84717 5.84469 5.84218 5.83965 5.83712 5.8346 5.8321 5.82963 5.82721 5.82485 5.82255 5.82032 5.81817 5.81611 5.81415 5.81228 5.81051 5.80885 5.8073 5.80586 5.80453 5.80331 5.8022 5.80121 5.80033 5.79956 5.7989 5.79834 5.7979 5.79757 5.79734 5.79721 5.79719 
5.79067 5.79085 5.79115 5.79155 5.79206 5.79267 5.7934 5.79423 5.79517 5.79622 5.79738 5.79865 5.80003 5.80152 5.80312 5.80483 5.80665 5.80857 5.8106 5.81272 5.81494 5.81725 5.81964 5.82211 5.82465 5.82725 5.82989 5.83258 5.8353 5.83803 5.84077 5.8435 5.8462 5.84887 5.85149 5.85404 5.85651 5.85889 5.86116 5.8633 5.86531 5.86717 5.86887 5.8704 5.87175 5.87291 5.87388 5.87463 5.87519 5.87552 5.87565 5.87556 5.87526 5.87475 5.87403 5.87311 5.87199 5.87068 5.8692 5.86755 5.86574 5.86379 5.86171 5.8595 5.8572 5.8548 5.85232 5.84979 5.84721 5.8446 5.84197 5.83934 5.83672 5.83412 5.83155 5.82903 5.82657 5.82417 5.82185 5.81962 5.81747 5.81542 5.81347 5.81163 5.8099 5.80827 5.80677 5.80538 5.8041 5.80295 5.80191 5.80098 5.80017 5.79948 5.7989 5.79843 5.79808 5.79783 5.79769 5.79767 
5.79124 5.79143 5.79173 5.79215 5.79267 5.79332 5.79407 5.79494 5.79592 5.79702 5.79824 5.79957 5.80102 5.80258 5.80426 5.80606 5.80796 5.80998 5.81211 5.81433 5.81666 5.81908 5.82159 5.82418 5.82684 5.82957 5.83234 5.83516 5.838 5.84087 5.84373 5.84659 5.84942 5.85222 5.85496 5.85763 5.86021 5.8627 5.86507 5.86731 5.86942 5.87136 5.87314 5.87474 5.87614 5.87736 5.87836 5.87915 5.87972 5.88008 5.8802 5.88011 5.87979 5.87925 5.8785 5.87753 5.87636 5.87499 5.87344 5.87171 5.86982 5.86777 5.86559 5.86328 5.86086 5.85835 5.85576 5.8531 5.8504 5.84766 5.8449 5.84214 5.83939 5.83666 5.83397 5.83132 5.82874 5.82622 5.82378 5.82143 5.81917 5.81701 5.81496 5.81302 5.8112 5.80949 5.8079 5.80643 5.80509 5.80386 5.80276 5.80179 5.80093 5.80019 5.79957 5.79908 5.79869 5.79843 5.79828 5.79824 
5.7919 5.7921 5.79241 5.79284 5.7934 5.79407 5.79486 5.79578 5.79682 5.79798 5.79926 5.80067 5.8022 5.80385 5.80562 5.80752 5.80954 5.81167 5.81392 5.81627 5.81873 5.82129 5.82394 5.82668 5.82949 5.83237 5.8353 5.83827 5.84127 5.8443 5.84732 5.85033 5.85332 5.85627 5.85915 5.86197 5.86469 5.86731 5.8698 5.87217 5.87438 5.87642 5.87829 5.87997 5.88145 5.88272 5.88378 5.88461 5.88521 5.88558 5.88571 5.88561 5.88527 5.8847 5.8839 5.88288 5.88164 5.8802 5.87856 5.87673 5.87474 5.87258 5.87028 5.86784 5.86529 5.86264 5.8599 5.8571 5.85424 5.85135 5.84844 5.84552 5.84261 5.83973 5.83688 5.83409 5.83135 5.82869 5.8261 5.82361 5.82122 5.81893 5.81676 5.8147 5.81276 5.81094 5.80925 5.80769 5.80626 5.80496 5.80378 5.80274 5.80182 5.80103 5.80037 5.79983 5.79942 5.79913 5.79896 5.79891 
5.79267 5.79287 5.79319 5.79365 5.79423 5.79494 5.79578 5.79675 5.79785 5.79908 5.80044 5.80194 5.80356 5.80532 5.80721 5.80923 5.81137 5.81364 5.81603 5.81854 5.82116 5.82388 5.8267 5.8296 5.83259 5.83565 5.83876 5.84192 5.84511 5.84831 5.85152 5.85472 5.85789 5.86101 5.86407 5.86705 5.86994 5.87271 5.87535 5.87785 5.88019 5.88235 5.88433 5.88611 5.88767 5.88901 5.89013 5.891 5.89163 5.89202 5.89216 5.89204 5.89168 5.89107 5.89022 5.88914 5.88783 5.8863 5.88456 5.88262 5.8805 5.87821 5.87577 5.87319 5.87048 5.86766 5.86476 5.86178 5.85875 5.85568 5.85258 5.84948 5.84639 5.84333 5.8403 5.83732 5.83441 5.83157 5.82882 5.82616 5.82361 5.82117 5.81885 5.81665 5.81458 5.81264 5.81083 5.80916 5.80762 5.80623 5.80496 5.80384 5.80285 5.802 5.80129 5.8007 5.80025 5.79993 5.79974 5.79968 
5.79353 5.79374 5.79408 5.79455 5.79517 5.79592 5.79682 5.79785 5.79902 5.80034 5.80179 5.80339 5.80512 5.807 5.80902 5.81118 5.81347 5.8159 5.81845 5.82113 5.82393 5.82684 5.82985 5.83295 5.83614 5.8394 5.84273 5.84609 5.8495 5.85292 5.85634 5.85974 5.86312 5.86644 5.8697 5.87287 5.87594 5.87889 5.8817 5.88436 5.88685 5.88915 5.89125 5.89313 5.89479 5.89622 5.8974 5.89832 5.89899 5.8994 5.89954 5.89941 5.89902 5.89837 5.89747 5.89631 5.89491 5.89328 5.89143 5.88936 5.88711 5.88467 5.88206 5.87931 5.87642 5.87342 5.87032 5.86715 5.86391 5.86064 5.85733 5.85402 5.85072 5.84744 5.84421 5.84102 5.83791 5.83487 5.83193 5.82908 5.82635 5.82374 5.82124 5.81888 5.81666 5.81457 5.81263 5.81083 5.80918 5.80767 5.80631 5.80509 5.80403 5.8031 5.80232 5.80169 5.80119 5.80084 5.80063 5.80055 
5.7945 5.7947 5.79506 5.79557 5.79622 5.79702 5.79798 5.79908 5.80034 5.80174 5.8033 5.80501 5.80688 5.80889 5.81106 5.81338 5.81584 5.81844 5.82118 5.82405 5.82705 5.83017 5.8334 5.83673 5.84014 5.84364 5.8472 5.8508 5.85444 5.8581 5.86176 5.8654 5.86901 5.87256 5.87605 5.87943 5.88271 5.88586 5.88886 5.89169 5.89434 5.89679 5.89903 5.90104 5.90281 5.90432 5.90557 5.90656 5.90727 5.9077 5.90784 5.90771 5.90729 5.90659 5.90562 5.90438 5.90288 5.90114 5.89916 5.89695 5.89454 5.89193 5.88914 5.8862 5.88311 5.8799 5.87659 5.87319 5.86973 5.86622 5.86268 5.85913 5.8556 5.85208 5.84861 5.8452 5.84185 5.83859 5.83543 5.83237 5.82943 5.82662 5.82394 5.82139 5.819 5.81675 5.81465 5.81271 5.81092 5.80929 5.80781 5.8065 5.80534 5.80433 5.80348 5.80279 5.80224 5.80185 5.80161 5.80152 
5.79556 5.79577 5.79615 5.79668 5.79738 5.79824 5.79926 5.80044 5.80179 5.8033 5.80498 5.80682 5.80882 5.81099 5.81332 5.81581 5.81846 5.82126 5.82421 5.8273 5.83053 5.83388 5.83735 5.84092 5.84459 5.84835 5.85217 5.85604 5.85994 5.86387 5.86779 5.87169 5.87556 5.87936 5.88309 5.88672 5.89022 5.89359 5.8968 5.89983 5.90266 5.90528 5.90767 5.90981 5.9117 5.91331 5.91465 5.9157 5.91645 5.91691 5.91706 5.91691 5.91646 5.91571 5.91466 5.91334 5.91173 5.90986 5.90774 5.90537 5.90279 5.89999 5.89701 5.89385 5.89054 5.8871 5.88355 5.8799 5.87619 5.87242 5.86862 5.86481 5.86101 5.85724 5.8535 5.84983 5.84623 5.84273 5.83932 5.83603 5.83286 5.82982 5.82693 5.82418 5.82159 5.81916 5.81689 5.81479 5.81285 5.81108 5.80948 5.80805 5.80679 5.80569 5.80476 5.804 5.80341 5.80297 5.8027 5.80259 
5.79672 5.79694 5.79734 5.79791 5.79865 5.79957 5.80067 5.80194 5.80339 5.80501 5.80682 5.8088 5.81096 5.8133 5.81581 5.8185 5.82135 5.82437 5.82754 5.83087 5.83435 5.83796 5.84169 5.84554 5.84949 5.85352 5.85763 5.86179 5.86599 5.8702 5.87441 5.87861 5.88275 5.88683 5.89083 5.89472 5.89848 5.90208 5.90552 5.90876 5.91179 5.91459 5.91715 5.91944 5.92146 5.92318 5.92461 5.92573 5.92653 5.92701 5.92717 5.927 5.92651 5.92571 5.92459 5.92316 5.92144 5.91943 5.91715 5.91461 5.91184 5.90884 5.90564 5.90225 5.8987 5.895 5.89119 5.88727 5.88328 5.87923 5.87515 5.87105 5.86696 5.8629 5.85888 5.85493 5.85105 5.84727 5.84359 5.84004 5.83662 5.83334 5.83022 5.82725 5.82444 5.82181 5.81935 5.81707 5.81497 5.81305 5.81131 5.80975 5.80838 5.80718 5.80617 5.80533 5.80468 5.8042 5.80389 5.80376 
5.79798 5.79821 5.79863 5.79923 5.80003 5.80102 5.8022 5.80356 5.80512 5.80688 5.80882 5.81096 5.81329 5.81582 5.81852 5.82142 5.8245 5.82775 5.83118 5.83477 5.83851 5.8424 5.84642 5.85057 5.85482 5.85916 5.86358 5.86806 5.87257 5.8771 5.88163 5.88613 5.89058 5.89496 5.89925 5.90342 5.90745 5.91132 5.915 5.91847 5.92172 5.92472 5.92745 5.9299 5.93206 5.9339 5.93543 5.93662 5.93748 5.93799 5.93815 5.93797 5.93744 5.93657 5.93537 5.93383 5.93198 5.92983 5.92738 5.92466 5.92168 5.91846 5.91502 5.91138 5.90757 5.9036 5.8995 5.89529 5.891 5.88664 5.88225 5.87784 5.87344 5.86907 5.86474 5.86047 5.8563 5.85222 5.84825 5.84441 5.84072 5.83718 5.8338 5.83059 5.82755 5.8247 5.82203 5.81956 5.81728 5.81519 5.8133 5.81161 5.81011 5.8088 5.80769 5.80678 5.80606 5.80552 5.80518 5.80503 
5.79934 5.79958 5.80002 5.80067 5.80152 5.80258 5.80385 5.80532 5.807 5.80889 5.81099 5.8133 5.81582 5.81854 5.82146 5.82458 5.8279 5.83141 5.83511 5.83898 5.84302 5.84721 5.85154 5.85601 5.86058 5.86526 5.87001 5.87483 5.87968 5.88455 5.88941 5.89425 5.89903 5.90373 5.90833 5.91281 5.91713 5.92127 5.92522 5.92894 5.93242 5.93563 5.93856 5.94118 5.94349 5.94546 5.94709 5.94836 5.94927 5.94981 5.94998 5.94978 5.94921 5.94828 5.94698 5.94534 5.94335 5.94104 5.93841 5.93549 5.93229 5.92883 5.92514 5.92123 5.91713 5.91287 5.90846 5.90394 5.89933 5.89464 5.88992 5.88518 5.88044 5.87572 5.87106 5.86647 5.86196 5.85756 5.85328 5.84914 5.84515 5.84132 5.83767 5.83419 5.83091 5.82782 5.82493 5.82225 5.81977 5.81751 5.81545 5.81361 5.81197 5.81055 5.80934 5.80834 5.80754 5.80696 5.80658 5.8064 
5.8008 5.80105 5.80152 5.80221 5.80312 5.80426 5.80562 5.80721 5.80902 5.81106 5.81332 5.81581 5.81852 5.82146 5.82461 5.82798 5.83156 5.83535 5.83933 5.8435 5.84785 5.85237 5.85704 5.86184 5.86677 5.8718 5.87691 5.88209 5.8873 5.89254 5.89776 5.90295 5.90808 5.91313 5.91807 5.92286 5.92749 5.93194 5.93616 5.94015 5.94387 5.94731 5.95044 5.95324 5.95571 5.95782 5.95956 5.96091 5.96188 5.96246 5.96264 5.96242 5.96181 5.9608 5.95941 5.95764 5.95551 5.95303 5.95021 5.94707 5.94364 5.93993 5.93597 5.93177 5.92737 5.9228 5.91807 5.91321 5.90825 5.90322 5.89814 5.89303 5.88794 5.88286 5.87784 5.8729 5.86804 5.8633 5.85868 5.85421 5.84991 5.84577 5.84182 5.83807 5.83451 5.83117 5.82804 5.82514 5.82245 5.81999 5.81776 5.81575 5.81398 5.81243 5.81111 5.81001 5.80914 5.8085 5.80807 5.80788 
5.80236 5.80262 5.80312 5.80385 5.80483 5.80606 5.80752 5.80923 5.81118 5.81338 5.81581 5.8185 5.82142 5.82458 5.82798 5.83162 5.83547 5.83955 5.84384 5.84833 5.85302 5.85788 5.8629 5.86807 5.87337 5.87877 5.88427 5.88983 5.89543 5.90105 5.90665 5.91222 5.91772 5.92313 5.92842 5.93356 5.93852 5.94328 5.9478 5.95206 5.95605 5.95972 5.96307 5.96607 5.9687 5.97095 5.97281 5.97426 5.97529 5.9759 5.97609 5.97585 5.97519 5.97411 5.97261 5.97072 5.96843 5.96577 5.96275 5.95939 5.95571 5.95173 5.94748 5.94299 5.93827 5.93336 5.92828 5.92307 5.91775 5.91234 5.90689 5.9014 5.89592 5.89047 5.88507 5.87975 5.87452 5.86941 5.86444 5.85962 5.85498 5.85052 5.84625 5.8422 5.83836 5.83475 5.83136 5.82822 5.82531 5.82264 5.82022 5.81805 5.81612 5.81443 5.81299 5.8118 5.81085 5.81014 5.80967 5.80945 
5.80402 5.80429 5.80481 5.8056 5.80665 5.80796 5.80954 5.81137 5.81347 5.81584 5.81846 5.82135 5.8245 5.8279 5.83156 5.83547 5.83963 5.84402 5.84863 5.85346 5.8585 5.86372 5.86912 5.87467 5.88036 5.88617 5.89207 5.89803 5.90404 5.91006 5.91607 5.92203 5.92793 5.93372 5.93938 5.94488 5.95018 5.95527 5.9601 5.96466 5.96891 5.97284 5.97641 5.97961 5.98242 5.98482 5.9868 5.98835 5.98945 5.99009 5.99029 5.99003 5.98932 5.98816 5.98656 5.98453 5.98208 5.97923 5.976 5.9724 5.96846 5.96421 5.95966 5.95485 5.94979 5.94453 5.93909 5.9335 5.9278 5.922 5.91615 5.91027 5.90439 5.89853 5.89273 5.88701 5.88139 5.87589 5.87055 5.86536 5.86036 5.85555 5.85096 5.84658 5.84244 5.83854 5.83489 5.83149 5.82834 5.82546 5.82284 5.82048 5.81839 5.81656 5.815 5.8137 5.81266 5.81188 5.81137 5.81111 
5.80577 5.80605 5.80661 5.80745 5.80857 5.80998 5.81167 5.81364 5.8159 5.81844 5.82126 5.82437 5.82775 5.83141 5.83535 5.83955 5.84402 5.84873 5.85369 5.85888 5.86429 5.86989 5.87569 5.88164 5.88774 5.89397 5.90029 5.90667 5.91311 5.91955 5.92598 5.93236 5.93867 5.94486 5.95091 5.95678 5.96245 5.96788 5.97304 5.9779 5.98244 5.98663 5.99044 5.99385 5.99684 5.9994 6.0015 6.00315 6.00431 6.005 6.00521 6.00493 6.00416 6.00292 6.00121 5.99904 5.99642 5.99338 5.98992 5.98608 5.98187 5.97732 5.97246 5.96731 5.96191 5.95628 5.95047 5.94449 5.93838 5.93217 5.9259 5.9196 5.9133 5.90702 5.9008 5.89466 5.88863 5.88273 5.87698 5.87141 5.86604 5.86087 5.85592 5.85121 5.84675 5.84255 5.83861 5.83494 5.83155 5.82844 5.8256 5.82305 5.82079 5.81881 5.81711 5.8157 5.81457 5.81372 5.81316 5.81288 
5.80761 5.80791 5.8085 5.8094 5.8106 5.81211 5.81392 5.81603 5.81845 5.82118 5.82421 5.82754 5.83118 5.83511 5.83933 5.84384 5.84863 5.85369 5.85901 5.86457 5.87037 5.87637 5.88258 5.88896 5.89549 5.90215 5.90891 5.91574 5.92261 5.9295 5.93637 5.94319 5.94991 5.95652 5.96298 5.96924 5.97528 5.98107 5.98657 5.99175 5.99658 6.00104 6.0051 6.00873 6.01191 6.01463 6.01687 6.01861 6.01985 6.02058 6.02079 6.02049 6.01967 6.01834 6.01652 6.0142 6.01141 6.00816 6.00448 6.00038 5.99589 5.99104 5.98585 5.98036 5.97459 5.96858 5.96237 5.95598 5.94946 5.94282 5.93612 5.92938 5.92264 5.91592 5.90926 5.90269 5.89622 5.8899 5.88374 5.87777 5.872 5.86645 5.86114 5.85608 5.85128 5.84676 5.84252 5.83858 5.83492 5.83157 5.82851 5.82576 5.82332 5.82118 5.81934 5.81781 5.81659 5.81567 5.81505 5.81473 
5.80955 5.80985 5.81048 5.81144 5.81272 5.81433 5.81627 5.81854 5.82113 5.82405 5.8273 5.83087 5.83477 5.83898 5.8435 5.84833 5.85346 5.85888 5.86457 5.87052 5.87672 5.88315 5.88978 5.8966 5.90358 5.91069 5.91791 5.9252 5.93253 5.93988 5.9472 5.95447 5.96164 5.96868 5.97555 5.98222 5.98865 5.9948 6.00065 6.00616 6.0113 6.01604 6.02034 6.0242 6.02758 6.03047 6.03284 6.03469 6.03601 6.03677 6.037 6.03667 6.0358 6.03438 6.03244 6.02997 6.027 6.02354 6.01962 6.01526 6.01048 6.00531 5.99979 5.99394 5.98779 5.98139 5.97477 5.96796 5.961 5.95393 5.94678 5.93958 5.93238 5.92521 5.91809 5.91106 5.90415 5.89739 5.8908 5.88441 5.87823 5.87228 5.86659 5.86117 5.85602 5.85117 5.84662 5.84238 5.83845 5.83484 5.83156 5.8286 5.82596 5.82365 5.82167 5.82002 5.8187 5.8177 5.81703 5.81668 
5.81157 5.81189 5.81256 5.81357 5.81494 5.81666 5.81873 5.82116 5.82393 5.82705 5.83053 5.83435 5.83851 5.84302 5.84785 5.85302 5.8585 5.86429 5.87037 5.87672 5.88334 5.8902 5.89728 5.90455 5.91199 5.91957 5.92726 5.93502 5.94283 5.95065 5.95845 5.96617 5.9738 5.98128 5.98858 5.99567 6.0025 6.00904 6.01524 6.02109 6.02654 6.03156 6.03613 6.04022 6.0438 6.04686 6.04938 6.05133 6.05272 6.05353 6.05377 6.05341 6.05248 6.05098 6.04891 6.04629 6.04314 6.03947 6.0353 6.03067 6.02559 6.0201 6.01423 6.00801 6.00148 5.99467 5.98763 5.98038 5.97298 5.96545 5.95783 5.95017 5.9425 5.93485 5.92726 5.91977 5.9124 5.90518 5.89814 5.89131 5.88471 5.87835 5.87226 5.86646 5.86096 5.85576 5.85089 5.84634 5.84213 5.83826 5.83473 5.83155 5.82872 5.82624 5.82411 5.82233 5.8209 5.81982 5.81909 5.81871 
5.81367 5.814 5.81471 5.81579 5.81725 5.81908 5.82129 5.82388 5.82684 5.83017 5.83388 5.83796 5.8424 5.84721 5.85237 5.85788 5.86372 5.86989 5.87637 5.88315 5.8902 5.8975 5.90504 5.91278 5.92069 5.92875 5.93693 5.94519 5.95348 5.96179 5.97006 5.97827 5.98636 5.99429 6.00204 6.00955 6.01679 6.02372 6.03029 6.03648 6.04225 6.04757 6.05241 6.05673 6.06052 6.06375 6.06641 6.06848 6.06994 6.0708 6.07104 6.07067 6.06968 6.06808 6.06589 6.06311 6.05977 6.05588 6.05146 6.04655 6.04116 6.03534 6.02912 6.02252 6.01559 6.00837 6.0009 5.99321 5.98534 5.97734 5.96925 5.96111 5.95295 5.94482 5.93675 5.92877 5.92093 5.91324 5.90574 5.89846 5.89142 5.88464 5.87814 5.87195 5.86607 5.86052 5.85531 5.85045 5.84594 5.8418 5.83803 5.83462 5.83159 5.82893 5.82664 5.82473 5.82319 5.82203 5.82124 5.82083 
5.81585 5.8162 5.81695 5.81809 5.81964 5.82159 5.82394 5.8267 5.82985 5.8334 5.83735 5.84169 5.84642 5.85154 5.85704 5.8629 5.86912 5.87569 5.88258 5.88978 5.89728 5.90504 5.91304 5.92126 5.92966 5.93822 5.94689 5.95565 5.96445 5.97325 5.98202 5.9907 5.99927 6.00767 6.01587 6.02381 6.03147 6.03879 6.04574 6.05228 6.05838 6.064 6.0691 6.07367 6.07767 6.08108 6.08388 6.08606 6.08761 6.08851 6.08876 6.08836 6.08731 6.08562 6.0833 6.08036 6.07683 6.07271 6.06804 6.06285 6.05715 6.051 6.04441 6.03743 6.0301 6.02245 6.01453 6.00639 5.99806 5.98958 5.981 5.97237 5.96371 5.95508 5.94652 5.93805 5.92971 5.92154 5.91357 5.90583 5.89834 5.89113 5.88421 5.87762 5.87135 5.86544 5.85988 5.8547 5.84989 5.84547 5.84143 5.8378 5.83455 5.83171 5.82926 5.82721 5.82557 5.82432 5.82347 5.82302 
5.81809 5.81846 5.81925 5.82047 5.82211 5.82418 5.82668 5.8296 5.83295 5.83673 5.84092 5.84554 5.85057 5.85601 5.86184 5.86807 5.87467 5.88164 5.88896 5.8966 5.90455 5.91278 5.92126 5.92997 5.93887 5.94793 5.95711 5.96637 5.97568 5.98499 5.99426 6.00344 6.01249 6.02136 6.03002 6.0384 6.04648 6.05421 6.06154 6.06844 6.07486 6.08078 6.08616 6.09097 6.09518 6.09878 6.10173 6.10402 6.10565 6.10659 6.10685 6.10643 6.10532 6.10353 6.10109 6.09799 6.09426 6.08991 6.08499 6.0795 6.0735 6.067 6.06004 6.05267 6.04493 6.03685 6.02849 6.01988 6.01107 6.00211 5.99304 5.9839 5.97474 5.96561 5.95653 5.94756 5.93872 5.93007 5.92161 5.9134 5.90545 5.89779 5.89045 5.88344 5.87678 5.87049 5.86458 5.85907 5.85395 5.84924 5.84494 5.84107 5.83761 5.83457 5.83196 5.82978 5.82801 5.82668 5.82577 5.82528 
5.82041 5.82079 5.82162 5.82291 5.82465 5.82684 5.82949 5.83259 5.83614 5.84014 5.84459 5.84949 5.85482 5.86058 5.86677 5.87337 5.88036 5.88774 5.89549 5.90358 5.91199 5.92069 5.92966 5.93887 5.94828 5.95785 5.96754 5.97732 5.98715 5.99697 6.00674 6.01642 6.02596 6.03532 6.04443 6.05327 6.06177 6.0699 6.07762 6.08488 6.09164 6.09786 6.10352 6.10857 6.113 6.11677 6.11987 6.12228 6.12399 6.12498 6.12525 6.1248 6.12363 6.12175 6.11917 6.11591 6.11198 6.10741 6.10223 6.09645 6.09013 6.08328 6.07596 6.0682 6.06004 6.05153 6.04271 6.03363 6.02434 6.01489 6.00531 5.99567 5.986 5.97635 5.96676 5.95727 5.94793 5.93877 5.92983 5.92114 5.91272 5.90461 5.89683 5.8894 5.88234 5.87567 5.8694 5.86354 5.85811 5.85311 5.84854 5.84442 5.84074 5.83751 5.83473 5.83241 5.83053 5.8291 5.82813 5.82761 
5.82277 5.82317 5.82405 5.82541 5.82725 5.82957 5.83237 5.83565 5.8394 5.84364 5.84835 5.85352 5.85916 5.86526 5.8718 5.87877 5.88617 5.89397 5.90215 5.91069 5.91957 5.92875 5.93822 5.94793 5.95785 5.96793 5.97815 5.98846 5.9988 6.00914 6.01942 6.02961 6.03964 6.04947 6.05906 6.06834 6.07727 6.08582 6.09392 6.10154 6.10863 6.11516 6.1211 6.1264 6.13104 6.135 6.13825 6.14077 6.14256 6.14359 6.14387 6.1434 6.14217 6.14019 6.13749 6.13406 6.12994 6.12514 6.11969 6.11363 6.10698 6.09979 6.09209 6.08394 6.07536 6.06641 6.05714 6.04759 6.03781 6.02786 6.01778 6.00762 5.99743 5.98726 5.97715 5.96715 5.9573 5.94763 5.93819 5.92901 5.92012 5.91155 5.90333 5.89547 5.88801 5.88095 5.87431 5.86811 5.86236 5.85706 5.85222 5.84785 5.84395 5.84052 5.83757 5.8351 5.8331 5.83158 5.83054 5.82998 
5.82518 5.8256 5.82652 5.82795 5.82989 5.83234 5.8353 5.83876 5.84273 5.8472 5.85217 5.85763 5.86358 5.87001 5.87691 5.88427 5.89207 5.90029 5.90891 5.91791 5.92726 5.93693 5.94689 5.95711 5.96754 5.97815 5.98889 5.99972 6.01059 6.02145 6.03225 6.04294 6.05347 6.06378 6.07383 6.08356 6.09293 6.10188 6.11037 6.11835 6.12578 6.13262 6.13883 6.14438 6.14924 6.15338 6.15677 6.15941 6.16128 6.16236 6.16265 6.16215 6.16086 6.15879 6.15595 6.15236 6.14804 6.14301 6.13731 6.13095 6.12399 6.11645 6.10838 6.09983 6.09083 6.08144 6.07171 6.06169 6.05142 6.04097 6.03038 6.01971 6.009 5.99831 5.98768 5.97716 5.96679 5.95661 5.94667 5.937 5.92763 5.9186 5.90993 5.90164 5.89376 5.88631 5.87931 5.87276 5.86668 5.86108 5.85596 5.85134 5.84721 5.84358 5.84046 5.83784 5.83572 5.83411 5.83301 5.83241 
5.82763 5.82806 5.82903 5.83054 5.83258 5.83516 5.83827 5.84192 5.84609 5.8508 5.85604 5.86179 5.86806 5.87483 5.88209 5.88983 5.89803 5.90667 5.91574 5.9252 5.93502 5.94519 5.95565 5.96637 5.97732 5.98846 5.99972 6.01108 6.02247 6.03385 6.04516 6.05636 6.06738 6.07818 6.08869 6.09887 6.10867 6.11803 6.1269 6.13524 6.143 6.15015 6.15664 6.16243 6.1675 6.17183 6.17537 6.17813 6.18007 6.1812 6.1815 6.18097 6.17962 6.17746 6.17449 6.17074 6.16623 6.16097 6.155 6.14836 6.14108 6.13319 6.12475 6.1158 6.10639 6.09656 6.08637 6.07588 6.06512 6.05417 6.04308 6.03189 6.02066 6.00944 5.99829 5.98724 5.97636 5.96567 5.95523 5.94506 5.93522 5.92572 5.91659 5.90787 5.89958 5.89174 5.88436 5.87746 5.87105 5.86514 5.85975 5.85487 5.85051 5.84669 5.84339 5.84062 5.83838 5.83668 5.83551 5.83487 
5.83011 5.83056 5.83157 5.83315 5.8353 5.838 5.84127 5.84511 5.8495 5.85444 5.85994 5.86599 5.87257 5.87968 5.8873 5.89543 5.90404 5.91311 5.92261 5.93253 5.94283 5.95348 5.96445 5.97568 5.98715 5.9988 6.01059 6.02247 6.03438 6.04628 6.05811 6.0698 6.08132 6.09259 6.10357 6.1142 6.12442 6.13419 6.14344 6.15214 6.16023 6.16768 6.17444 6.18048 6.18577 6.19027 6.19396 6.19683 6.19885 6.20003 6.20034 6.19979 6.19838 6.19612 6.19303 6.18912 6.1844 6.17892 6.1727 6.16577 6.15817 6.14994 6.14113 6.13179 6.12196 6.1117 6.10106 6.09009 6.07885 6.06741 6.0558 6.0441 6.03235 6.02061 6.00893 5.99737 5.98597 5.97477 5.96382 5.95317 5.94284 5.93287 5.9233 5.91414 5.90544 5.8972 5.88944 5.88219 5.87545 5.86924 5.86357 5.85843 5.85385 5.84982 5.84634 5.84342 5.84107 5.83927 5.83803 5.83736 
5.8326 5.83307 5.83413 5.83578 5.83803 5.84087 5.8443 5.84831 5.85292 5.8581 5.86387 5.8702 5.8771 5.88455 5.89254 5.90105 5.91006 5.91955 5.9295 5.93988 5.95065 5.96179 5.97325 5.98499 5.99697 6.00914 6.02145 6.03385 6.04628 6.05869 6.07102 6.08322 6.09522 6.10697 6.11841 6.12948 6.14012 6.15029 6.15992 6.16897 6.17739 6.18514 6.19217 6.19845 6.20394 6.20862 6.21246 6.21544 6.21754 6.21876 6.21908 6.21851 6.21704 6.21469 6.21147 6.2074 6.2025 6.19679 6.19032 6.1831 6.17519 6.16663 6.15746 6.14772 6.13748 6.12679 6.1157 6.10427 6.09255 6.08061 6.0685 6.05629 6.04403 6.03177 6.01957 6.00749 5.99557 5.98387 5.97242 5.96127 5.95047 5.94004 5.93001 5.92043 5.9113 5.90267 5.89454 5.88694 5.87987 5.87336 5.8674 5.86201 5.8572 5.85297 5.84931 5.84625 5.84377 5.84188 5.84057 5.83986 
5.83509 5.83558 5.83669 5.83842 5.84077 5.84373 5.84732 5.85152 5.85634 5.86176 5.86779 5.87441 5.88163 5.88941 5.89776 5.90665 5.91607 5.92598 5.93637 5.9472 5.95845 5.97006 5.98202 5.99426 6.00674 6.01942 6.03225 6.04516 6.05811 6.07102 6.08386 6.09655 6.10903 6.12124 6.13313 6.14464 6.15569 6.16625 6.17626 6.18566 6.1944 6.20244 6.20974 6.21625 6.22195 6.22681 6.23079 6.23388 6.23606 6.23732 6.23765 6.23705 6.23553 6.23309 6.22975 6.22552 6.22043 6.2145 6.20778 6.20029 6.19207 6.18317 6.17364 6.16353 6.15288 6.14177 6.13023 6.11834 6.10615 6.09372 6.08112 6.06841 6.05563 6.04286 6.03015 6.01756 6.00513 5.99292 5.98098 5.96935 5.95807 5.94717 5.93671 5.92669 5.91716 5.90813 5.89963 5.89168 5.88428 5.87747 5.87123 5.86559 5.86055 5.85611 5.85229 5.84907 5.84647 5.84449 5.84312 5.84237 
5.83758 5.83809 5.83924 5.84105 5.8435 5.84659 5.85033 5.85472 5.85974 5.8654 5.87169 5.87861 5.88613 5.89425 5.90295 5.91222 5.92203 5.93236 5.94319 5.95447 5.96617 5.97827 5.9907 6.00344 6.01642 6.02961 6.04294 6.05636 6.0698 6.08322 6.09655 6.10972 6.12267 6.13534 6.14768 6.1596 6.17107 6.18201 6.19238 6.20212 6.21118 6.2195 6.22706 6.23381 6.23971 6.24474 6.24886 6.25205 6.25431 6.25561 6.25595 6.25533 6.25375 6.25123 6.24776 6.24338 6.23811 6.23197 6.225 6.21724 6.20872 6.1995 6.18962 6.17913 6.16809 6.15656 6.14459 6.13225 6.11959 6.10669 6.0936 6.08039 6.06711 6.05384 6.04063 6.02753 6.0146 6.0019 5.98946 5.97735 5.9656 5.95425 5.94335 5.93291 5.92297 5.91355 5.90469 5.89639 5.88867 5.88155 5.87504 5.86915 5.86388 5.85925 5.85525 5.85189 5.84917 5.84709 5.84566 5.84487 
5.84005 5.84058 5.84178 5.84365 5.8462 5.84942 5.85332 5.85789 5.86312 5.86901 5.87556 5.88275 5.89058 5.89903 5.90808 5.91772 5.92793 5.93867 5.94991 5.96164 5.9738 5.98636 5.99927 6.01249 6.02596 6.03964 6.05347 6.06738 6.08132 6.09522 6.10903 6.12267 6.13608 6.1492 6.16197 6.17431 6.18617 6.19749 6.20822 6.21828 6.22765 6.23626 6.24407 6.25104 6.25714 6.26233 6.26658 6.26988 6.27221 6.27356 6.27391 6.27327 6.27163 6.26902 6.26544 6.26091 6.25546 6.24912 6.24191 6.23388 6.22508 6.21554 6.20531 6.19446 6.18303 6.17109 6.1587 6.14592 6.13281 6.11944 6.10588 6.09218 6.07842 6.06465 6.05094 6.03735 6.02393 6.01074 5.99783 5.98525 5.97304 5.96124 5.9499 5.93904 5.9287 5.91891 5.90968 5.90104 5.89301 5.88559 5.87881 5.87267 5.86718 5.86235 5.85818 5.85467 5.85184 5.84967 5.84817 5.84735 
5.84249 5.84303 5.84427 5.84622 5.84887 5.85222 5.85627 5.86101 5.86644 5.87256 5.87936 5.88683 5.89496 5.90373 5.91313 5.92313 5.93372 5.94486 5.95652 5.96868 5.98128 5.99429 6.00767 6.02136 6.03532 6.04947 6.06378 6.07818 6.09259 6.10697 6.12124 6.13534 6.1492 6.16276 6.17594 6.18869 6.20094 6.21262 6.22369 6.23407 6.24373 6.25261 6.26067 6.26786 6.27415 6.2795 6.28389 6.28729 6.28969 6.29107 6.29143 6.29077 6.28909 6.28639 6.2827 6.27803 6.2724 6.26586 6.25842 6.25014 6.24105 6.2312 6.22065 6.20944 6.19764 6.1853 6.1725 6.15929 6.14574 6.13192 6.11789 6.10373 6.08949 6.07524 6.06105 6.04697 6.03307 6.01941 6.00603 5.99299 5.98033 5.9681 5.95633 5.94507 5.93434 5.92417 5.91459 5.90562 5.89727 5.88957 5.88252 5.87614 5.87043 5.86541 5.86107 5.85742 5.85447 5.85221 5.85066 5.8498 
5.84487 5.84544 5.84673 5.84874 5.85149 5.85496 5.85915 5.86407 5.8697 5.87605 5.88309 5.89083 5.89925 5.90833 5.91807 5.92842 5.93938 5.95091 5.96298 5.97555 5.98858 6.00204 6.01587 6.03002 6.04443 6.05906 6.07383 6.08869 6.10357 6.11841 6.13313 6.14768 6.16197 6.17594 6.18953 6.20267 6.21528 6.22732 6.23872 6.24941 6.25936 6.2685 6.27679 6.28419 6.29066 6.29617 6.30068 6.30418 6.30665 6.30807 6.30844 6.30776 6.30603 6.30325 6.29945 6.29464 6.28885 6.28211 6.27446 6.26593 6.25657 6.24642 6.23555 6.224 6.21184 6.19912 6.18592 6.1723 6.15833 6.14406 6.12959 6.11497 6.10026 6.08555 6.07089 6.05635 6.04199 6.02786 6.01403 6.00054 5.98745 5.97479 5.96262 5.95096 5.93985 5.92932 5.91939 5.91009 5.90145 5.89346 5.88615 5.87954 5.87362 5.86841 5.8639 5.86012 5.85705 5.85471 5.85309 5.8522 
5.8472 5.84778 5.84912 5.8512 5.85404 5.85763 5.86197 5.86705 5.87287 5.87943 5.88672 5.89472 5.90342 5.91281 5.92286 5.93356 5.94488 5.95678 5.96924 5.98222 5.99567 6.00955 6.02381 6.0384 6.05327 6.06834 6.08356 6.09887 6.1142 6.12948 6.14464 6.1596 6.17431 6.18869 6.20267 6.21617 6.22915 6.24152 6.25324 6.26423 6.27445 6.28384 6.29236 6.29996 6.3066 6.31226 6.31689 6.32049 6.32302 6.32448 6.32486 6.32416 6.32238 6.31953 6.31562 6.31068 6.30474 6.29781 6.28994 6.28118 6.27155 6.26112 6.24994 6.23807 6.22556 6.21248 6.1989 6.18488 6.1705 6.15581 6.14091 6.12585 6.1107 6.09554 6.08043 6.06544 6.05063 6.03606 6.02179 6.00787 5.99436 5.98129 5.96872 5.95667 5.94519 5.93431 5.92406 5.91445 5.9055 5.89725 5.88969 5.88284 5.87672 5.87132 5.86666 5.86274 5.85957 5.85714 5.85547 5.85454 
5.84946 5.85006 5.85143 5.85358 5.85651 5.86021 5.86469 5.86994 5.87594 5.88271 5.89022 5.89848 5.90745 5.91713 5.92749 5.93852 5.95018 5.96245 5.97528 5.98865 6.0025 6.01679 6.03147 6.04648 6.06177 6.07727 6.09293 6.10867 6.12442 6.14012 6.15569 6.17107 6.18617 6.20094 6.21528 6.22915 6.24246 6.25516 6.26717 6.27845 6.28893 6.29856 6.30729 6.31509 6.3219 6.32769 6.33244 6.33613 6.33872 6.34022 6.34061 6.33989 6.33806 6.33514 6.33114 6.32607 6.31997 6.31287 6.3048 6.29581 6.28594 6.27524 6.26377 6.25158 6.23874 6.22531 6.21137 6.19697 6.18219 6.16711 6.15179 6.13631 6.12074 6.10515 6.08961 6.07419 6.05895 6.04395 6.02926 6.01493 6.00101 5.98755 5.9746 5.96219 5.95035 5.93914 5.92856 5.91865 5.90942 5.9009 5.8931 5.88604 5.87972 5.87415 5.86933 5.86529 5.86201 5.8595 5.85777 5.85681 
5.85163 5.85225 5.85366 5.85587 5.85889 5.8627 5.86731 5.87271 5.87889 5.88586 5.89359 5.90208 5.91132 5.92127 5.93194 5.94328 5.95527 5.96788 5.98107 5.9948 6.00904 6.02372 6.03879 6.05421 6.0699 6.08582 6.10188 6.11803 6.13419 6.15029 6.16625 6.18201 6.19749 6.21262 6.22732 6.24152 6.25516 6.26816 6.28046 6.292 6.30273 6.31259 6.32153 6.3295 6.33647 6.3424 6.34726 6.35103 6.35368 6.35521 6.35561 6.35487 6.353 6.35001 6.34591 6.34073 6.33449 6.32722 6.31896 6.30976 6.29965 6.2887 6.27695 6.26446 6.25131 6.23756 6.22326 6.20851 6.19336 6.17789 6.16218 6.1463 6.13033 6.11433 6.09838 6.08255 6.0669 6.0515 6.03641 6.02169 6.00738 5.99355 5.98023 5.96747 5.9553 5.94376 5.93288 5.92268 5.91318 5.90441 5.89638 5.88911 5.88259 5.87686 5.8719 5.86773 5.86435 5.86177 5.85998 5.85899 
5.85371 5.85434 5.85579 5.85806 5.86116 5.86507 5.8698 5.87535 5.8817 5.88886 5.8968 5.90552 5.915 5.92522 5.93616 5.9478 5.9601 5.97304 5.98657 6.00065 6.01524 6.03029 6.04574 6.06154 6.07762 6.09392 6.11037 6.1269 6.14344 6.15992 6.17626 6.19238 6.20822 6.22369 6.23872 6.25324 6.26717 6.28046 6.29303 6.30483 6.31579 6.32586 6.33498 6.34313 6.35024 6.3563 6.36126 6.36511 6.36782 6.36938 6.36979 6.36904 6.36713 6.36407 6.35989 6.35459 6.34822 6.34079 6.33236 6.32295 6.31262 6.30143 6.28942 6.27666 6.26321 6.24914 6.23453 6.21943 6.20393 6.18811 6.17203 6.15577 6.13942 6.12303 6.1067 6.09048 6.07445 6.05866 6.04319 6.0281 6.01343 5.99924 5.98558 5.97249 5.96 5.94815 5.93698 5.92651 5.91676 5.90775 5.8995 5.89203 5.88534 5.87944 5.87435 5.87006 5.86659 5.86393 5.86209 5.86107 
5.85567 5.85631 5.8578 5.86013 5.8633 5.86731 5.87217 5.87785 5.88436 5.89169 5.89983 5.90876 5.91847 5.92894 5.94015 5.95206 5.96466 5.9779 5.99175 6.00616 6.02109 6.03648 6.05228 6.06844 6.08488 6.10154 6.11835 6.13524 6.15214 6.16897 6.18566 6.20212 6.21828 6.23407 6.24941 6.26423 6.27845 6.292 6.30483 6.31686 6.32803 6.3383 6.34761 6.35591 6.36316 6.36934 6.37439 6.37832 6.38108 6.38267 6.38308 6.38232 6.38037 6.37726 6.37299 6.36759 6.36109 6.35352 6.34492 6.33533 6.32479 6.31337 6.30112 6.2881 6.27438 6.26002 6.2451 6.22969 6.21387 6.1977 6.18128 6.16467 6.14796 6.13122 6.11452 6.09794 6.08154 6.0654 6.04958 6.03414 6.01913 6.00461 5.99062 5.97721 5.96443 5.9523 5.94085 5.93012 5.92013 5.9109 5.90245 5.89479 5.88793 5.88188 5.87666 5.87226 5.8687 5.86597 5.86409 5.86304 
5.85751 5.85816 5.85968 5.86207 5.86531 5.86942 5.87438 5.88019 5.88685 5.89434 5.90266 5.91179 5.92172 5.93242 5.94387 5.95605 5.96891 5.98244 5.99658 6.0113 6.02654 6.04225 6.05838 6.07486 6.09164 6.10863 6.12578 6.143 6.16023 6.17739 6.1944 6.21118 6.22765 6.24373 6.25936 6.27445 6.28893 6.30273 6.31579 6.32803 6.33941 6.34986 6.35933 6.36778 6.37516 6.38144 6.38659 6.39058 6.39339 6.39501 6.39543 6.39465 6.39267 6.3895 6.38516 6.37967 6.37305 6.36535 6.35659 6.34682 6.3361 6.32447 6.312 6.29874 6.28476 6.27014 6.25494 6.23923 6.2231 6.20663 6.18989 6.17296 6.15591 6.13884 6.1218 6.10488 6.08815 6.07168 6.05553 6.03976 6.02444 6.00961 5.99532 5.98163 5.96856 5.95616 5.94447 5.9335 5.92329 5.91385 5.90521 5.89737 5.89035 5.88417 5.87883 5.87433 5.87068 5.86789 5.86596 5.86489 
5.85921 5.85988 5.86143 5.86386 5.86717 5.87136 5.87642 5.88235 5.88915 5.89679 5.90528 5.91459 5.92472 5.93563 5.94731 5.95972 5.97284 5.98663 6.00104 6.01604 6.03156 6.04757 6.064 6.08078 6.09786 6.11516 6.13262 6.15015 6.16768 6.18514 6.20244 6.2195 6.23626 6.25261 6.2685 6.28384 6.29856 6.31259 6.32586 6.3383 6.34986 6.36047 6.3701 6.37868 6.38618 6.39256 6.39778 6.40184 6.40469 6.40634 6.40676 6.40597 6.40396 6.40074 6.39633 6.39075 6.38403 6.3762 6.36731 6.35739 6.34649 6.33467 6.32199 6.30851 6.2943 6.27943 6.26397 6.248 6.2316 6.21484 6.19781 6.18058 6.16323 6.14585 6.12851 6.11128 6.09424 6.07747 6.06101 6.04495 6.02933 6.01422 5.99966 5.98569 5.97237 5.95973 5.94781 5.93662 5.9262 5.91657 5.90775 5.89976 5.8926 5.88628 5.88083 5.87624 5.87251 5.86966 5.86769 5.8666 
5.86077 5.86145 5.86303 5.8655 5.86887 5.87314 5.87829 5.88433 5.89125 5.89903 5.90767 5.91715 5.92745 5.93856 5.95044 5.96307 5.97641 5.99044 6.0051 6.02034 6.03613 6.05241 6.0691 6.08616 6.10352 6.1211 6.13883 6.15664 6.17444 6.19217 6.20974 6.22706 6.24407 6.26067 6.27679 6.29236 6.30729 6.32153 6.33498 6.34761 6.35933 6.3701 6.37985 6.38856 6.39616 6.40263 6.40793 6.41204 6.41493 6.4166 6.41703 6.41623 6.41419 6.41093 6.40645 6.4008 6.39398 6.38605 6.37702 6.36696 6.3559 6.34392 6.33105 6.31738 6.30296 6.28786 6.27217 6.25596 6.23931 6.22229 6.20499 6.18749 6.16987 6.15222 6.1346 6.11709 6.09978 6.08272 6.066 6.04966 6.03378 6.01841 6.0036 5.9894 5.97585 5.96298 5.95085 5.93946 5.92886 5.91906 5.91008 5.90193 5.89464 5.88822 5.88266 5.87798 5.87419 5.87129 5.86928 5.86816 
5.86217 5.86286 5.86446 5.86698 5.8704 5.87474 5.87997 5.88611 5.89313 5.90104 5.90981 5.91944 5.9299 5.94118 5.95324 5.96607 5.97961 5.99385 6.00873 6.0242 6.04022 6.05673 6.07367 6.09097 6.10857 6.1264 6.14438 6.16243 6.18048 6.19845 6.21625 6.23381 6.25104 6.26786 6.28419 6.29996 6.31509 6.3295 6.34313 6.35591 6.36778 6.37868 6.38856 6.39737 6.40506 6.41161 6.41698 6.42113 6.42406 6.42575 6.42619 6.42537 6.42331 6.42001 6.41548 6.40976 6.40286 6.39482 6.38569 6.3755 6.3643 6.35216 6.33914 6.32528 6.31068 6.29539 6.27949 6.26307 6.24619 6.22894 6.21141 6.19367 6.17581 6.1579 6.14004 6.12228 6.10472 6.08742 6.07045 6.05388 6.03776 6.02216 6.00713 5.99271 5.97896 5.9659 5.95357 5.94201 5.93124 5.92128 5.91216 5.90389 5.89648 5.88995 5.8843 5.87955 5.8757 5.87275 5.8707 5.86957 
5.86341 5.86411 5.86573 5.86828 5.87175 5.87614 5.88145 5.88767 5.89479 5.90281 5.9117 5.92146 5.93206 5.94349 5.95571 5.9687 5.98242 5.99684 6.01191 6.02758 6.0438 6.06052 6.07767 6.09518 6.113 6.13104 6.14924 6.1675 6.18577 6.20394 6.22195 6.23971 6.25714 6.27415 6.29066 6.3066 6.3219 6.33647 6.35024 6.36316 6.37516 6.38618 6.39616 6.40506 6.41284 6.41946 6.42488 6.42908 6.43204 6.43375 6.43419 6.43337 6.43128 6.42794 6.42337 6.41758 6.41061 6.40249 6.39326 6.38296 6.37164 6.35937 6.3462 6.3322 6.31743 6.30197 6.28589 6.26928 6.25221 6.23476 6.21702 6.19907 6.181 6.16288 6.1448 6.12683 6.10905 6.09154 6.07436 6.05757 6.04125 6.02545 6.01023 5.99562 5.98168 5.96845 5.95596 5.94425 5.93333 5.92324 5.91399 5.90561 5.8981 5.89148 5.88575 5.88093 5.87703 5.87403 5.87196 5.87081 
5.86448 5.86518 5.86682 5.8694 5.87291 5.87736 5.88272 5.88901 5.89622 5.90432 5.91331 5.92318 5.9339 5.94546 5.95782 5.97095 5.98482 5.9994 6.01463 6.03047 6.04686 6.06375 6.08108 6.09878 6.11677 6.135 6.15338 6.17183 6.19027 6.20862 6.22681 6.24474 6.26233 6.2795 6.29617 6.31226 6.32769 6.3424 6.3563 6.36934 6.38144 6.39256 6.40263 6.41161 6.41946 6.42613 6.4316 6.43584 6.43883 6.44055 6.44099 6.44016 6.43806 6.43469 6.43008 6.42424 6.41721 6.40901 6.3997 6.3893 6.37789 6.3655 6.35221 6.33808 6.32317 6.30757 6.29134 6.27456 6.25733 6.23971 6.2218 6.20368 6.18542 6.16712 6.14886 6.1307 6.11274 6.09504 6.07768 6.06073 6.04423 6.02826 6.01287 5.99811 5.98402 5.97064 5.95801 5.94616 5.93512 5.92492 5.91556 5.90708 5.89949 5.89279 5.887 5.88212 5.87817 5.87514 5.87304 5.87188 
5.86536 5.86607 5.86773 5.87033 5.87388 5.87836 5.88378 5.89013 5.8974 5.90557 5.91465 5.92461 5.93543 5.94709 5.95956 5.97281 5.9868 6.0015 6.01687 6.03284 6.04938 6.06641 6.08388 6.10173 6.11987 6.13825 6.15677 6.17537 6.19396 6.21246 6.23079 6.24886 6.26658 6.28389 6.30068 6.31689 6.33244 6.34726 6.36126 6.37439 6.38659 6.39778 6.40793 6.41698 6.42488 6.4316 6.43711 6.44138 6.44439 6.44612 6.44657 6.44573 6.44361 6.44022 6.43558 6.4297 6.42261 6.41436 6.40497 6.39451 6.383 6.37053 6.35714 6.3429 6.32788 6.31215 6.2958 6.2789 6.26153 6.24378 6.22572 6.20745 6.18905 6.1706 6.15219 6.13388 6.11577 6.09793 6.08042 6.06332 6.04668 6.03057 6.01505 6.00015 5.98594 5.97244 5.9597 5.94774 5.9366 5.9263 5.91686 5.9083 5.90064 5.89388 5.88803 5.88311 5.87912 5.87606 5.87394 5.87277 
5.86606 5.86678 5.86844 5.87106 5.87463 5.87915 5.88461 5.891 5.89832 5.90656 5.9157 5.92573 5.93662 5.94836 5.96091 5.97426 5.98835 6.00315 6.01861 6.03469 6.05133 6.06848 6.08606 6.10402 6.12228 6.14077 6.15941 6.17813 6.19683 6.21544 6.23388 6.25205 6.26988 6.28729 6.30418 6.32049 6.33613 6.35103 6.36511 6.37832 6.39058 6.40184 6.41204 6.42113 6.42908 6.43584 6.44138 6.44567 6.4487 6.45044 6.45089 6.45005 6.44792 6.44451 6.43984 6.43392 6.4268 6.4185 6.40906 6.39854 6.38697 6.37442 6.36095 6.34663 6.33153 6.31571 6.29926 6.28226 6.26479 6.24693 6.22876 6.21038 6.19187 6.1733 6.15477 6.13635 6.11813 6.10017 6.08255 6.06533 6.04859 6.03237 6.01674 6.00175 5.98743 5.97384 5.96101 5.94897 5.93776 5.92739 5.91788 5.90926 5.90154 5.89473 5.88884 5.88388 5.87986 5.87678 5.87465 5.87347 
5.86657 5.86729 5.86896 5.8716 5.87519 5.87972 5.88521 5.89163 5.89899 5.90727 5.91645 5.92653 5.93748 5.94927 5.96188 5.97529 5.98945 6.00431 6.01985 6.03601 6.05272 6.06994 6.08761 6.10565 6.12399 6.14256 6.16128 6.18007 6.19885 6.21754 6.23606 6.25431 6.27221 6.28969 6.30665 6.32302 6.33872 6.35368 6.36782 6.38108 6.39339 6.40469 6.41493 6.42406 6.43204 6.43883 6.44439 6.4487 6.45173 6.45348 6.45393 6.45309 6.45095 6.44753 6.44284 6.4369 6.42975 6.42142 6.41194 6.40137 6.38976 6.37717 6.36364 6.34926 6.3341 6.31822 6.3017 6.28463 6.26708 6.24915 6.23091 6.21245 6.19385 6.17521 6.1566 6.1381 6.11979 6.10175 6.08405 6.06676 6.04994 6.03365 6.01795 6.00288 5.9885 5.97485 5.96195 5.94986 5.93859 5.92816 5.91861 5.90995 5.90219 5.89535 5.88943 5.88445 5.88041 5.87731 5.87517 5.87398 
5.86688 5.8676 5.86929 5.87193 5.87552 5.88008 5.88558 5.89202 5.8994 5.9077 5.91691 5.92701 5.93799 5.94981 5.96246 5.9759 5.99009 6.005 6.02058 6.03677 6.05353 6.0708 6.08851 6.10659 6.12498 6.14359 6.16236 6.1812 6.20003 6.21876 6.23732 6.25561 6.27356 6.29107 6.30807 6.32448 6.34022 6.35521 6.36938 6.38267 6.39501 6.40634 6.4166 6.42575 6.43375 6.44055 6.44612 6.45044 6.45348 6.45523 6.45569 6.45484 6.4527 6.44927 6.44457 6.43862 6.43145 6.4231 6.4136 6.40301 6.39137 6.37874 6.36519 6.35078 6.33558 6.31966 6.3031 6.28599 6.2684 6.25043 6.23214 6.21364 6.195 6.17631 6.15765 6.13911 6.12076 6.10267 6.08493 6.06759 6.05073 6.03439 6.01865 6.00355 5.98913 5.97544 5.96251 5.95038 5.93908 5.92863 5.91905 5.91037 5.90258 5.89572 5.88979 5.88479 5.88074 5.87764 5.87549 5.87429 
