6.3699 6.37008 6.37039 6.3708 6.37134 6.37199 6.37275 6.37363 6.37463 6.37574 6.37697 6.37831 6.37976 6.38133 6.383 6.38479 6.38667 6.38866 6.39075 6.39293 6.3952 6.39755 6.39998 6.40248 6.40503 6.40764 6.41028 6.41296 6.41565 6.41836 6.42106 6.42374 6.4264 6.42901 6.43156 6.43404 6.43644 6.43875 6.44094 6.44301 6.44495 6.44674 6.44838 6.44985 6.45115 6.45226 6.45318 6.45391 6.45444 6.45477 6.45489 6.45481 6.45452 6.45403 6.45335 6.45247 6.4514 6.45015 6.44873 6.44715 6.44541 6.44354 6.44153 6.43941 6.43718 6.43485 6.43245 6.42999 6.42747 6.42492 6.42234 6.41975 6.41716 6.41459 6.41204 6.40953 6.40706 6.40465 6.40231 6.40004 6.39786 6.39576 6.39376 6.39185 6.39005 6.38836 6.38678 6.38531 6.38396 6.38273 6.38161 6.38061 6.37974 6.37898 6.37834 6.37782 6.37741 6.37713 6.37696 6.37691 
6.37008 6.37027 6.37057 6.37099 6.37153 6.37218 6.37295 6.37383 6.37484 6.37595 6.37719 6.37854 6.38 6.38157 6.38326 6.38505 6.38695 6.38895 6.39105 6.39325 6.39553 6.3979 6.40034 6.40285 6.40542 6.40804 6.4107 6.4134 6.41611 6.41883 6.42155 6.42425 6.42692 6.42955 6.43212 6.43462 6.43703 6.43935 6.44156 6.44365 6.4456 6.4474 6.44905 6.45053 6.45183 6.45295 6.45388 6.45461 6.45515 6.45547 6.4556 6.45551 6.45523 6.45473 6.45404 6.45316 6.45208 6.45083 6.4494 6.4478 6.44606 6.44417 6.44215 6.44001 6.43776 6.43543 6.43301 6.43053 6.428 6.42542 6.42283 6.42022 6.41762 6.41503 6.41246 6.40993 6.40745 6.40503 6.40267 6.40039 6.39819 6.39607 6.39406 6.39214 6.39033 6.38863 6.38704 6.38556 6.3842 6.38296 6.38183 6.38083 6.37994 6.37918 6.37853 6.37801 6.3776 6.37732 6.37715 6.3771 
6.37039 6.37057 6.37088 6.3713 6.37184 6.37251 6.37329 6.37418 6.3752 6.37633 6.37759 6.37896 6.38044 6.38204 6.38375 6.38557 6.3875 6.38953 6.39167 6.3939 6.39622 6.39862 6.4011 6.40365 6.40626 6.40893 6.41163 6.41437 6.41713 6.41989 6.42265 6.4254 6.42811 6.43078 6.43339 6.43592 6.43838 6.44073 6.44298 6.44509 6.44707 6.4489 6.45058 6.45208 6.4534 6.45454 6.45548 6.45622 6.45676 6.4571 6.45722 6.45713 6.45684 6.45634 6.45564 6.45474 6.45365 6.45237 6.45092 6.4493 6.44752 6.4456 6.44355 6.44138 6.4391 6.43672 6.43427 6.43174 6.42917 6.42656 6.42392 6.42127 6.41862 6.41599 6.41338 6.41081 6.40829 6.40582 6.40343 6.40111 6.39887 6.39672 6.39467 6.39272 6.39088 6.38915 6.38753 6.38603 6.38464 6.38338 6.38223 6.38121 6.38031 6.37953 6.37887 6.37834 6.37792 6.37763 6.37746 6.3774 
6.3708 6.37099 6.3713 6.37173 6.37229 6.37296 6.37376 6.37468 6.37572 6.37688 6.37817 6.37957 6.38109 6.38273 6.38448 6.38635 6.38833 6.39041 6.3926 6.39489 6.39727 6.39973 6.40227 6.40489 6.40757 6.4103 6.41307 6.41588 6.4187 6.42153 6.42436 6.42717 6.42995 6.43269 6.43536 6.43796 6.44047 6.44288 6.44518 6.44735 6.44938 6.45125 6.45296 6.4545 6.45585 6.45702 6.45798 6.45874 6.45929 6.45963 6.45976 6.45967 6.45936 6.45885 6.45813 6.45721 6.45609 6.45478 6.45329 6.45163 6.44981 6.44784 6.44574 6.44351 6.44117 6.43873 6.43622 6.43363 6.43099 6.42831 6.42561 6.42289 6.42018 6.41747 6.4148 6.41216 6.40957 6.40704 6.40458 6.4022 6.3999 6.3977 6.39559 6.39359 6.3917 6.38992 6.38826 6.38671 6.38529 6.38399 6.38281 6.38176 6.38083 6.38003 6.37935 6.37879 6.37837 6.37806 6.37788 6.37782 
6.37134 6.37153 6.37184 6.37229 6.37286 6.37355 6.37438 6.37533 6.3764 6.3776 6.37893 6.38037 6.38195 6.38364 6.38545 6.38739 6.38943 6.39159 6.39385 6.39621 6.39867 6.40122 6.40385 6.40656 6.40932 6.41215 6.41501 6.41791 6.42083 6.42376 6.42668 6.42958 6.43245 6.43528 6.43804 6.44072 6.44332 6.44581 6.44818 6.45041 6.4525 6.45444 6.4562 6.45779 6.45918 6.46038 6.46138 6.46216 6.46273 6.46307 6.4632 6.46311 6.46279 6.46226 6.46151 6.46056 6.4594 6.45805 6.45651 6.45479 6.45291 6.45088 6.4487 6.4464 6.44398 6.44147 6.43887 6.43619 6.43346 6.43069 6.4279 6.42509 6.42228 6.41948 6.41671 6.41399 6.41131 6.40869 6.40614 6.40367 6.4013 6.39901 6.39683 6.39475 6.39279 6.39095 6.38922 6.38762 6.38614 6.38479 6.38356 6.38247 6.3815 6.38067 6.37996 6.37938 6.37894 6.37861 6.37842 6.37836 
6.37199 6.37218 6.37251 6.37296 6.37355 6.37428 6.37513 6.37612 6.37723 6.37848 6.37986 6.38137 6.38301 6.38478 6.38667 6.38868 6.39081 6.39306 6.39542 6.39788 6.40044 6.4031 6.40584 6.40865 6.41154 6.41447 6.41746 6.42048 6.42352 6.42656 6.4296 6.43263 6.43561 6.43855 6.44142 6.44421 6.44691 6.44949 6.45196 6.45428 6.45645 6.45846 6.4603 6.46194 6.46339 6.46463 6.46566 6.46647 6.46706 6.46742 6.46755 6.46745 6.46712 6.46656 6.46579 6.46479 6.46359 6.46218 6.46057 6.45879 6.45683 6.45471 6.45245 6.45005 6.44753 6.44491 6.4422 6.43942 6.43658 6.43369 6.43078 6.42785 6.42492 6.42201 6.41912 6.41628 6.41349 6.41075 6.4081 6.40552 6.40304 6.40065 6.39837 6.39621 6.39415 6.39222 6.39042 6.38874 6.38719 6.38578 6.3845 6.38335 6.38234 6.38146 6.38071 6.3801 6.37963 6.37929 6.37908 6.37901 
6.37275 6.37295 6.37329 6.37376 6.37438 6.37513 6.37602 6.37706 6.37823 6.37954 6.38098 6.38256 6.38428 6.38613 6.38812 6.39023 6.39246 6.39482 6.39729 6.39988 6.40257 6.40535 6.40822 6.41118 6.4142 6.41728 6.42041 6.42357 6.42675 6.42994 6.43313 6.43629 6.43942 6.44249 6.44549 6.44842 6.45124 6.45394 6.45652 6.45895 6.46122 6.46332 6.46523 6.46695 6.46846 6.46976 6.47083 6.47168 6.47229 6.47266 6.47279 6.47269 6.47234 6.47176 6.47094 6.4699 6.46863 6.46716 6.46548 6.46361 6.46155 6.45934 6.45696 6.45445 6.45182 6.44907 6.44623 6.44331 6.44034 6.43731 6.43425 6.43118 6.42811 6.42506 6.42203 6.41904 6.41611 6.41324 6.41045 6.40774 6.40513 6.40263 6.40023 6.39795 6.39579 6.39376 6.39185 6.39009 6.38845 6.38696 6.38561 6.38439 6.38332 6.38239 6.3816 6.38096 6.38045 6.38009 6.37986 6.37978 
6.37363 6.37383 6.37418 6.37468 6.37533 6.37612 6.37706 6.37814 6.37937 6.38075 6.38228 6.38395 6.38576 6.38771 6.3898 6.39203 6.39439 6.39688 6.39949 6.40221 6.40505 6.40798 6.41101 6.41413 6.41731 6.42056 6.42385 6.42718 6.43054 6.4339 6.43725 6.44058 6.44387 6.4471 6.45026 6.45333 6.4563 6.45914 6.46185 6.4644 6.46679 6.46899 6.471 6.4728 6.47439 6.47575 6.47688 6.47776 6.4784 6.47879 6.47893 6.47881 6.47844 6.47783 6.47696 6.47586 6.47453 6.47298 6.47121 6.46924 6.46708 6.46474 6.46224 6.4596 6.45682 6.45393 6.45094 6.44787 6.44473 6.44154 6.43832 6.43508 6.43184 6.42862 6.42542 6.42227 6.41917 6.41614 6.4132 6.41034 6.40758 6.40493 6.40239 6.39998 6.39769 6.39554 6.39352 6.39165 6.38992 6.38833 6.38689 6.3856 6.38446 6.38347 6.38263 6.38194 6.3814 6.38101 6.38076 6.38067 
6.37463 6.37484 6.3752 6.37572 6.3764 6.37723 6.37823 6.37937 6.38068 6.38214 6.38375 6.38552 6.38744 6.38951 6.39173 6.39409 6.39659 6.39922 6.40199 6.40488 6.40788 6.41099 6.4142 6.4175 6.42087 6.42431 6.42779 6.43132 6.43486 6.43842 6.44196 6.44548 6.44896 6.45237 6.45571 6.45896 6.46209 6.46509 6.46794 6.47064 6.47315 6.47548 6.4776 6.4795 6.48117 6.4826 6.48379 6.48472 6.48539 6.48579 6.48593 6.48581 6.48542 6.48476 6.48385 6.48268 6.48127 6.47963 6.47776 6.47568 6.47339 6.47092 6.46828 6.46548 6.46254 6.45949 6.45632 6.45307 6.44975 6.44637 6.44296 6.43953 6.4361 6.43269 6.4293 6.42596 6.42267 6.41946 6.41633 6.4133 6.41037 6.40755 6.40486 6.40229 6.39986 6.39757 6.39542 6.39343 6.39158 6.38989 6.38836 6.38698 6.38576 6.3847 6.3838 6.38305 6.38247 6.38205 6.38178 6.38167 
6.37574 6.37595 6.37633 6.37688 6.3776 6.37848 6.37954 6.38075 6.38214 6.38369 6.38541 6.38729 6.38933 6.39153 6.39389 6.3964 6.39906 6.40186 6.4048 6.40787 6.41107 6.41437 6.41778 6.42129 6.42487 6.42852 6.43222 6.43596 6.43973 6.4435 6.44726 6.45099 6.45468 6.4583 6.46184 6.46527 6.46859 6.47177 6.47479 6.47764 6.48031 6.48276 6.48501 6.48702 6.48878 6.4903 6.49155 6.49253 6.49323 6.49366 6.4938 6.49367 6.49325 6.49255 6.49158 6.49034 6.48885 6.4871 6.48512 6.48291 6.48048 6.47786 6.47506 6.47209 6.46897 6.46573 6.46237 6.45891 6.45539 6.4518 6.44818 6.44453 6.44089 6.43726 6.43366 6.4301 6.42661 6.42319 6.41986 6.41662 6.4135 6.4105 6.40762 6.40489 6.40229 6.39985 6.39755 6.39542 6.39345 6.39164 6.38999 6.38852 6.38721 6.38607 6.3851 6.3843 6.38367 6.38321 6.38291 6.38279 
6.37697 6.37719 6.37759 6.37817 6.37893 6.37986 6.38098 6.38228 6.38375 6.38541 6.38724 6.38924 6.39142 6.39377 6.39628 6.39896 6.40179 6.40478 6.40792 6.41119 6.4146 6.41812 6.42176 6.42549 6.4293 6.43319 6.43713 6.44112 6.44512 6.44913 6.45313 6.4571 6.46102 6.46487 6.46862 6.47227 6.4758 6.47917 6.48238 6.4854 6.48823 6.49084 6.49321 6.49534 6.49721 6.49881 6.50014 6.50118 6.50192 6.50237 6.50252 6.50237 6.50192 6.50118 6.50014 6.49882 6.49723 6.49538 6.49326 6.49091 6.48834 6.48555 6.48257 6.47941 6.4761 6.47264 6.46907 6.46539 6.46164 6.45782 6.45396 6.45008 6.4462 6.44232 6.43849 6.43469 6.43097 6.42732 6.42376 6.42031 6.41697 6.41377 6.41069 6.40776 6.40499 6.40237 6.39991 6.39763 6.39551 6.39357 6.3918 6.39022 6.38881 6.38758 6.38654 6.38567 6.38499 6.38449 6.38416 6.38402 
6.37831 6.37854 6.37896 6.37957 6.38037 6.38137 6.38256 6.38395 6.38552 6.38729 6.38924 6.39138 6.39371 6.39622 6.3989 6.40177 6.4048 6.40799 6.41134 6.41484 6.41847 6.42223 6.42611 6.4301 6.43417 6.43831 6.44252 6.44676 6.45103 6.45531 6.45957 6.46379 6.46797 6.47206 6.47606 6.47994 6.48369 6.48728 6.49069 6.4939 6.4969 6.49967 6.5022 6.50446 6.50644 6.50814 6.50955 6.51064 6.51143 6.5119 6.51206 6.5119 6.51141 6.51062 6.50952 6.50811 6.50641 6.50444 6.50219 6.49968 6.49694 6.49397 6.49079 6.48743 6.4839 6.48022 6.47641 6.47249 6.46848 6.46441 6.4603 6.45616 6.45201 6.44788 6.44378 6.43973 6.43575 6.43185 6.42804 6.42435 6.42078 6.41735 6.41406 6.41092 6.40794 6.40513 6.4025 6.40004 6.39777 6.39568 6.39379 6.39208 6.39056 6.38924 6.38811 6.38717 6.38643 6.38588 6.38553 6.38537 
6.37976 6.38 6.38044 6.38109 6.38195 6.38301 6.38428 6.38576 6.38744 6.38933 6.39142 6.39371 6.3962 6.39888 6.40176 6.40482 6.40806 6.41147 6.41506 6.4188 6.42268 6.4267 6.43085 6.4351 6.43945 6.44388 6.44837 6.4529 6.45745 6.46201 6.46656 6.47106 6.47551 6.47987 6.48413 6.48827 6.49226 6.49607 6.4997 6.50312 6.50632 6.50926 6.51194 6.51434 6.51645 6.51826 6.51975 6.52091 6.52174 6.52224 6.5224 6.52222 6.52171 6.52086 6.51968 6.51818 6.51637 6.51426 6.51186 6.50919 6.50627 6.5031 6.49972 6.49613 6.49236 6.48843 6.48437 6.48019 6.47592 6.47157 6.46718 6.46276 6.45833 6.45391 6.44953 6.4452 6.44094 6.43676 6.43269 6.42874 6.42492 6.42124 6.41771 6.41434 6.41115 6.40814 6.40531 6.40267 6.40023 6.39798 6.39594 6.3941 6.39246 6.39104 6.38982 6.3888 6.388 6.3874 6.38701 6.38683 
6.38133 6.38157 6.38204 6.38273 6.38364 6.38478 6.38613 6.38771 6.38951 6.39153 6.39377 6.39622 6.39888 6.40175 6.40483 6.40811 6.41158 6.41523 6.41907 6.42307 6.42722 6.43152 6.43595 6.4405 6.44515 6.44988 6.45467 6.45951 6.46437 6.46924 6.47408 6.47889 6.48363 6.48828 6.49282 6.49722 6.50147 6.50554 6.5094 6.51304 6.51644 6.51957 6.52242 6.52498 6.52722 6.52913 6.53071 6.53195 6.53283 6.53336 6.53352 6.53333 6.53278 6.53187 6.53061 6.52901 6.52708 6.52483 6.52227 6.51942 6.5163 6.51293 6.50931 6.50549 6.50147 6.49728 6.49294 6.48848 6.48392 6.47928 6.47458 6.46986 6.46513 6.46041 6.45572 6.45109 6.44653 6.44206 6.43771 6.43347 6.42937 6.42543 6.42165 6.41804 6.41461 6.41137 6.40833 6.4055 6.40287 6.40046 6.39826 6.39627 6.39451 6.39297 6.39165 6.39056 6.38968 6.38903 6.38861 6.38841 
6.383 6.38326 6.38375 6.38448 6.38545 6.38667 6.38812 6.3898 6.39173 6.39389 6.39628 6.3989 6.40176 6.40483 6.40813 6.41163 6.41535 6.41926 6.42336 6.42764 6.43208 6.43668 6.44142 6.44628 6.45124 6.45629 6.46141 6.46658 6.47177 6.47696 6.48213 6.48725 6.4923 6.49726 6.5021 6.50679 6.51132 6.51565 6.51976 6.52363 6.52725 6.53058 6.53361 6.53633 6.53871 6.54074 6.54242 6.54373 6.54467 6.54522 6.54539 6.54518 6.54459 6.54362 6.54227 6.54057 6.53851 6.53611 6.53338 6.53034 6.52702 6.52342 6.51956 6.51548 6.5112 6.50673 6.5021 6.49734 6.49247 6.48751 6.4825 6.47745 6.4724 6.46735 6.46234 6.45739 6.45251 6.44773 6.44307 6.43853 6.43414 6.42991 6.42586 6.42199 6.41831 6.41484 6.41157 6.40853 6.4057 6.4031 6.40074 6.3986 6.3967 6.39504 6.39362 6.39243 6.39149 6.39078 6.39032 6.39009 
6.38479 6.38505 6.38557 6.38635 6.38739 6.38868 6.39023 6.39203 6.39409 6.3964 6.39896 6.40177 6.40482 6.40811 6.41163 6.41538 6.41936 6.42354 6.42793 6.4325 6.43725 6.44217 6.44723 6.45242 6.45772 6.46311 6.46858 6.47409 6.47962 6.48516 6.49067 6.49614 6.50152 6.5068 6.51196 6.51695 6.52177 6.52638 6.53075 6.53487 6.53871 6.54226 6.54548 6.54836 6.55089 6.55305 6.55483 6.55622 6.55721 6.5578 6.55798 6.55775 6.55711 6.55608 6.55464 6.55282 6.55063 6.54807 6.54516 6.54193 6.53838 6.53454 6.53044 6.52609 6.52152 6.51675 6.51182 6.50674 6.50154 6.49626 6.49091 6.48552 6.48012 6.47473 6.46938 6.46408 6.45887 6.45376 6.44877 6.44391 6.43921 6.43468 6.43034 6.42619 6.42225 6.41852 6.41502 6.41175 6.40871 6.40592 6.40338 6.40108 6.39904 6.39725 6.39571 6.39443 6.39341 6.39264 6.39213 6.39188 
6.38667 6.38695 6.3875 6.38833 6.38943 6.39081 6.39246 6.39439 6.39659 6.39906 6.40179 6.4048 6.40806 6.41158 6.41535 6.41936 6.4236 6.42807 6.43276 6.43765 6.44272 6.44797 6.45337 6.45891 6.46457 6.47032 6.47615 6.48203 6.48793 6.49383 6.4997 6.50551 6.51125 6.51687 6.52235 6.52767 6.53279 6.53769 6.54234 6.54672 6.55081 6.55457 6.55799 6.56105 6.56374 6.56603 6.56792 6.56939 6.57044 6.57106 6.57124 6.571 6.57032 6.56921 6.56768 6.56574 6.5634 6.56068 6.55759 6.55414 6.55037 6.54628 6.54191 6.53728 6.53241 6.52733 6.52208 6.51666 6.51113 6.50549 6.49979 6.49404 6.48828 6.48252 6.47681 6.47116 6.46559 6.46013 6.45479 6.4496 6.44457 6.43973 6.43508 6.43064 6.42641 6.42242 6.41866 6.41516 6.4119 6.4089 6.40617 6.4037 6.40151 6.39958 6.39792 6.39654 6.39544 6.39461 6.39406 6.39378 
6.38866 6.38895 6.38953 6.39041 6.39159 6.39306 6.39482 6.39688 6.39922 6.40186 6.40478 6.40799 6.41147 6.41523 6.41926 6.42354 6.42807 6.43285 6.43785 6.44306 6.44848 6.45407 6.45984 6.46574 6.47177 6.4779 6.48411 6.49037 6.49665 6.50293 6.50918 6.51536 6.52146 6.52744 6.53327 6.53892 6.54436 6.54956 6.5545 6.55915 6.56349 6.56748 6.57111 6.57436 6.5772 6.57964 6.58164 6.5832 6.5843 6.58496 6.58515 6.58488 6.58415 6.58297 6.58135 6.57929 6.5768 6.5739 6.57061 6.56695 6.56293 6.55859 6.55394 6.54902 6.54384 6.53844 6.53284 6.52708 6.52119 6.51518 6.50911 6.50298 6.49684 6.49071 6.48462 6.47859 6.47265 6.46682 6.46112 6.45558 6.45021 6.44504 6.44006 6.43531 6.4308 6.42652 6.4225 6.41874 6.41526 6.41205 6.40911 6.40647 6.40411 6.40204 6.40026 6.39877 6.39758 6.39669 6.39609 6.39578 
6.39075 6.39105 6.39167 6.3926 6.39385 6.39542 6.39729 6.39949 6.40199 6.4048 6.40792 6.41134 6.41506 6.41907 6.42336 6.42793 6.43276 6.43785 6.44318 6.44874 6.4545 6.46047 6.4666 6.47289 6.47931 6.48583 6.49243 6.49909 6.50577 6.51244 6.51908 6.52565 6.53213 6.53848 6.54467 6.55066 6.55643 6.56196 6.5672 6.57212 6.57672 6.58095 6.5848 6.58824 6.59125 6.59382 6.59594 6.59759 6.59876 6.59945 6.59965 6.59936 6.59859 6.59733 6.5956 6.59341 6.59077 6.58769 6.5842 6.58031 6.57605 6.57144 6.5665 6.56127 6.55577 6.55003 6.54408 6.53796 6.53169 6.52531 6.51885 6.51233 6.5058 6.49927 6.49279 6.48636 6.48004 6.47382 6.46775 6.46184 6.45612 6.45059 6.44528 6.44021 6.43539 6.43082 6.42652 6.4225 6.41877 6.41534 6.4122 6.40936 6.40683 6.40461 6.4027 6.40111 6.39983 6.39886 6.39821 6.39788 
6.39293 6.39325 6.3939 6.39489 6.39621 6.39788 6.39988 6.40221 6.40488 6.40787 6.41119 6.41484 6.4188 6.42307 6.42764 6.4325 6.43765 6.44306 6.44874 6.45465 6.46078 6.46713 6.47365 6.48033 6.48715 6.49408 6.5011 6.50816 6.51525 6.52234 6.52938 6.53635 6.54322 6.54995 6.55651 6.56286 6.56898 6.57483 6.58038 6.58559 6.59046 6.59493 6.599 6.60264 6.60583 6.60855 6.61079 6.61253 6.61376 6.61449 6.6147 6.61439 6.61356 6.61223 6.6104 6.60807 6.60527 6.60201 6.59831 6.59419 6.58967 6.58478 6.57954 6.57399 6.56816 6.56207 6.55576 6.54927 6.54261 6.53584 6.52898 6.52206 6.51511 6.50818 6.50128 6.49446 6.48772 6.48111 6.47465 6.46836 6.46226 6.45638 6.45072 6.44532 6.44017 6.4353 6.43071 6.42643 6.42244 6.41877 6.41541 6.41238 6.40968 6.4073 6.40526 6.40355 6.40217 6.40114 6.40044 6.40007 
6.3952 6.39553 6.39622 6.39727 6.39867 6.40044 6.40257 6.40505 6.40788 6.41107 6.4146 6.41847 6.42268 6.42722 6.43208 6.43725 6.44272 6.44848 6.4545 6.46078 6.4673 6.47403 6.48096 6.48805 6.49529 6.50264 6.51007 6.51756 6.52508 6.53258 6.54005 6.54743 6.5547 6.56182 6.56876 6.57548 6.58195 6.58814 6.594 6.59952 6.60466 6.60939 6.61369 6.61753 6.62089 6.62377 6.62613 6.62796 6.62926 6.63002 6.63024 6.62991 6.62903 6.62762 6.62568 6.62322 6.62026 6.6168 6.61289 6.60852 6.60374 6.59857 6.59303 6.58715 6.58097 6.57453 6.56785 6.56096 6.55391 6.54673 6.53946 6.53212 6.52476 6.5174 6.51009 6.50284 6.49569 6.48867 6.48181 6.47512 6.46864 6.46238 6.45637 6.45061 6.44514 6.43995 6.43507 6.4305 6.42625 6.42234 6.41876 6.41552 6.41263 6.4101 6.40791 6.40608 6.40461 6.4035 6.40275 6.40235 
6.39755 6.3979 6.39862 6.39973 6.40122 6.4031 6.40535 6.40798 6.41099 6.41437 6.41812 6.42223 6.4267 6.43152 6.43668 6.44217 6.44797 6.45407 6.46047 6.46713 6.47403 6.48117 6.4885 6.49602 6.50368 6.51146 6.51933 6.52726 6.53521 6.54315 6.55104 6.55884 6.56653 6.57405 6.58138 6.58848 6.59531 6.60184 6.60803 6.61385 6.61927 6.62426 6.62879 6.63284 6.63639 6.63941 6.6419 6.64383 6.6452 6.646 6.64622 6.64587 6.64495 6.64345 6.6414 6.6388 6.63567 6.63202 6.62788 6.62328 6.61823 6.61276 6.6069 6.6007 6.59417 6.58735 6.58029 6.57301 6.56556 6.55796 6.55026 6.5425 6.5347 6.52691 6.51916 6.51149 6.50391 6.49647 6.48919 6.4821 6.47522 6.46858 6.4622 6.45609 6.45027 6.44476 6.43957 6.43471 6.43019 6.42603 6.42222 6.41877 6.41569 6.41299 6.41066 6.40871 6.40714 6.40595 6.40514 6.40472 
6.39998 6.40034 6.4011 6.40227 6.40385 6.40584 6.40822 6.41101 6.4142 6.41778 6.42176 6.42611 6.43085 6.43595 6.44142 6.44723 6.45337 6.45984 6.4666 6.47365 6.48096 6.4885 6.49626 6.5042 6.5123 6.52053 6.52884 6.53721 6.54561 6.55399 6.56232 6.57055 6.57866 6.58659 6.59432 6.6018 6.609 6.61588 6.6224 6.62853 6.63424 6.63949 6.64426 6.64853 6.65226 6.65544 6.65805 6.66008 6.66152 6.66236 6.66259 6.66222 6.66124 6.65966 6.6575 6.65476 6.65145 6.64761 6.64325 6.63839 6.63306 6.6273 6.62113 6.61458 6.60769 6.6005 6.59305 6.58537 6.5775 6.56948 6.56135 6.55315 6.54491 6.53668 6.52849 6.52037 6.51236 6.50448 6.49678 6.48927 6.48199 6.47496 6.46819 6.46172 6.45555 6.4497 6.4442 6.43904 6.43425 6.42983 6.42578 6.42212 6.41885 6.41597 6.4135 6.41142 6.40974 6.40848 6.40761 6.40715 
6.40248 6.40285 6.40365 6.40489 6.40656 6.40865 6.41118 6.41413 6.4175 6.42129 6.42549 6.4301 6.4351 6.4405 6.44628 6.45242 6.45891 6.46574 6.47289 6.48033 6.48805 6.49602 6.5042 6.51259 6.52113 6.5298 6.53857 6.5474 6.55624 6.56507 6.57384 6.58251 6.59105 6.5994 6.60754 6.61541 6.62298 6.63021 6.63707 6.64351 6.64951 6.65503 6.66004 6.66452 6.66844 6.67178 6.67453 6.67666 6.67816 6.67904 6.67928 6.67888 6.67785 6.67619 6.67391 6.67103 6.66755 6.66351 6.65892 6.65381 6.6482 6.64214 6.63564 6.62875 6.6215 6.61393 6.60608 6.59799 6.5897 6.58125 6.57268 6.56403 6.55535 6.54667 6.53802 6.52945 6.521 6.51268 6.50455 6.49662 6.48892 6.48149 6.47433 6.46749 6.46096 6.45478 6.44895 6.44349 6.43841 6.43372 6.42944 6.42556 6.42209 6.41904 6.41641 6.4142 6.41242 6.41107 6.41015 6.40966 
6.40503 6.40542 6.40626 6.40757 6.40932 6.41154 6.4142 6.41731 6.42087 6.42487 6.4293 6.43417 6.43945 6.44515 6.45124 6.45772 6.46457 6.47177 6.47931 6.48715 6.49529 6.50368 6.5123 6.52113 6.53013 6.53925 6.54848 6.55776 6.56707 6.57635 6.58557 6.59469 6.60365 6.61243 6.62097 6.62924 6.63719 6.64478 6.65197 6.65873 6.66503 6.67082 6.67607 6.68077 6.68488 6.68838 6.69125 6.69348 6.69506 6.69598 6.69622 6.6958 6.69472 6.69297 6.69058 6.68755 6.6839 6.67966 6.67484 6.66947 6.66359 6.65722 6.65039 6.64315 6.63554 6.62758 6.61933 6.61083 6.60211 6.59322 6.58421 6.57511 6.56597 6.55683 6.54773 6.53871 6.5298 6.52104 6.51247 6.50411 6.49599 6.48815 6.4806 6.47337 6.46648 6.45995 6.4538 6.44803 6.44266 6.43771 6.43318 6.42907 6.4254 6.42217 6.41939 6.41705 6.41516 6.41373 6.41275 6.41223 
6.40764 6.40804 6.40893 6.4103 6.41215 6.41447 6.41728 6.42056 6.42431 6.42852 6.43319 6.43831 6.44388 6.44988 6.45629 6.46311 6.47032 6.4779 6.48583 6.49408 6.50264 6.51146 6.52053 6.5298 6.53925 6.54884 6.55853 6.56828 6.57805 6.58779 6.59746 6.60702 6.61642 6.62562 6.63458 6.64324 6.65157 6.65952 6.66706 6.67414 6.68072 6.68678 6.69229 6.6972 6.7015 6.70516 6.70817 6.7105 6.71215 6.7131 6.71336 6.71291 6.71178 6.70995 6.70744 6.70426 6.70044 6.69599 6.69094 6.68532 6.67915 6.67247 6.66532 6.65773 6.64975 6.64141 6.63275 6.62383 6.61468 6.60536 6.59589 6.58634 6.57674 6.56714 6.55758 6.5481 6.53873 6.52952 6.52051 6.51171 6.50317 6.49491 6.48697 6.47936 6.4721 6.46522 6.45873 6.45265 6.44699 6.44176 6.43698 6.43265 6.42877 6.42536 6.42242 6.41995 6.41796 6.41644 6.4154 6.41484 
6.41028 6.4107 6.41163 6.41307 6.41501 6.41746 6.42041 6.42385 6.42779 6.43222 6.43713 6.44252 6.44837 6.45467 6.46141 6.46858 6.47615 6.48411 6.49243 6.5011 6.51007 6.51933 6.52884 6.53857 6.54848 6.55853 6.56868 6.5789 6.58913 6.59933 6.60946 6.61947 6.62931 6.63893 6.6483 6.65736 6.66607 6.67438 6.68226 6.68966 6.69654 6.70287 6.70862 6.71375 6.71824 6.72206 6.7252 6.72763 6.72935 6.73035 6.73061 6.73015 6.72895 6.72704 6.72441 6.72109 6.7171 6.71245 6.70717 6.70128 6.69483 6.68785 6.68037 6.67243 6.66407 6.65534 6.64628 6.63694 6.62737 6.6176 6.60769 6.59768 6.58762 6.57756 6.56753 6.55758 6.54776 6.5381 6.52863 6.5194 6.51043 6.50176 6.49341 6.48541 6.47778 6.47055 6.46372 6.45733 6.45137 6.44587 6.44084 6.43628 6.43219 6.4286 6.4255 6.4229 6.42079 6.41919 6.41809 6.4175 
6.41296 6.4134 6.41437 6.41588 6.41791 6.42048 6.42357 6.42718 6.43132 6.43596 6.44112 6.44676 6.4529 6.45951 6.46658 6.47409 6.48203 6.49037 6.49909 6.50816 6.51756 6.52726 6.53721 6.5474 6.55776 6.56828 6.5789 6.58958 6.60027 6.61093 6.62152 6.63197 6.64225 6.6523 6.66208 6.67154 6.68062 6.6893 6.69752 6.70523 6.71241 6.71901 6.725 6.73035 6.73503 6.73901 6.74228 6.74482 6.7466 6.74764 6.74791 6.74742 6.74618 6.74418 6.74144 6.73797 6.7338 6.72895 6.72344 6.7173 6.71057 6.70328 6.69547 6.68718 6.67845 6.66934 6.65988 6.65012 6.64011 6.6299 6.61954 6.60907 6.59855 6.58803 6.57753 6.56713 6.55684 6.54672 6.53681 6.52714 6.51774 6.50865 6.4999 6.49151 6.48351 6.47592 6.46876 6.46205 6.4558 6.45002 6.44473 6.43994 6.43565 6.43187 6.42861 6.42587 6.42366 6.42197 6.42081 6.42019 
6.41565 6.41611 6.41713 6.4187 6.42083 6.42352 6.42675 6.43054 6.43486 6.43973 6.44512 6.45103 6.45745 6.46437 6.47177 6.47962 6.48793 6.49665 6.50577 6.51525 6.52508 6.53521 6.54561 6.55624 6.56707 6.57805 6.58913 6.60027 6.61143 6.62255 6.63358 6.64448 6.65519 6.66567 6.67586 6.68571 6.69517 6.70421 6.71276 6.72079 6.72826 6.73513 6.74137 6.74693 6.7518 6.75594 6.75934 6.76197 6.76383 6.7649 6.76519 6.76467 6.76337 6.76129 6.75844 6.75483 6.75049 6.74544 6.7397 6.7333 6.72629 6.7187 6.71056 6.70192 6.69283 6.68333 6.67347 6.66329 6.65286 6.64221 6.6314 6.62048 6.6095 6.59851 6.58756 6.57669 6.56594 6.55537 6.54501 6.5349 6.52508 6.51557 6.50642 6.49764 6.48927 6.48132 6.47382 6.46679 6.46024 6.45419 6.44865 6.44362 6.43913 6.43516 6.43174 6.42887 6.42654 6.42477 6.42356 6.4229 
6.41836 6.41883 6.41989 6.42153 6.42376 6.42656 6.42994 6.4339 6.43842 6.4435 6.44913 6.45531 6.46201 6.46924 6.47696 6.48516 6.49383 6.50293 6.51244 6.52234 6.53258 6.54315 6.55399 6.56507 6.57635 6.58779 6.59933 6.61093 6.62255 6.63412 6.64561 6.65695 6.66809 6.67898 6.68958 6.69982 6.70965 6.71904 6.72793 6.73628 6.74403 6.75117 6.75764 6.76342 6.76847 6.77277 6.7763 6.77903 6.78096 6.78207 6.78236 6.78183 6.78047 6.77831 6.77534 6.77159 6.76708 6.76183 6.75587 6.74922 6.74193 6.73404 6.72558 6.7166 6.70714 6.69726 6.687 6.67641 6.66555 6.65447 6.64322 6.63185 6.62041 6.60896 6.59755 6.58622 6.57502 6.564 6.5532 6.54265 6.5324 6.52248 6.51292 6.50376 6.49501 6.48672 6.47888 6.47153 6.46469 6.45836 6.45257 6.44731 6.44261 6.43846 6.43488 6.43187 6.42944 6.42758 6.4263 6.42561 
6.42106 6.42155 6.42265 6.42436 6.42668 6.4296 6.43313 6.43725 6.44196 6.44726 6.45313 6.45957 6.46656 6.47408 6.48213 6.49067 6.4997 6.50918 6.51908 6.52938 6.54005 6.55104 6.56232 6.57384 6.58557 6.59746 6.60946 6.62152 6.63358 6.64561 6.65753 6.66931 6.68087 6.69218 6.70317 6.7138 6.724 6.73374 6.74296 6.75161 6.75965 6.76705 6.77375 6.77974 6.78497 6.78943 6.79308 6.79591 6.79791 6.79906 6.79936 6.7988 6.7974 6.79515 6.79208 6.78819 6.78351 6.77806 6.77188 6.76498 6.75742 6.74923 6.74046 6.73114 6.72132 6.71107 6.70041 6.68942 6.67814 6.66663 6.65494 6.64312 6.63124 6.61934 6.60747 6.59569 6.58404 6.57257 6.56133 6.55035 6.53968 6.52935 6.51939 6.50985 6.50073 6.49208 6.48392 6.47626 6.46912 6.46252 6.45647 6.45099 6.44608 6.44175 6.43801 6.43487 6.43232 6.43038 6.42905 6.42832 
6.42374 6.42425 6.4254 6.42717 6.42958 6.43263 6.43629 6.44058 6.44548 6.45099 6.4571 6.46379 6.47106 6.47889 6.48725 6.49614 6.50551 6.51536 6.52565 6.53635 6.54743 6.55884 6.57055 6.58251 6.59469 6.60702 6.61947 6.63197 6.64448 6.65695 6.66931 6.68151 6.69349 6.7052 6.71659 6.72759 6.73815 6.74823 6.75777 6.76672 6.77505 6.7827 6.78963 6.79583 6.80124 6.80584 6.80962 6.81255 6.81461 6.8158 6.8161 6.81553 6.81407 6.81175 6.80856 6.80454 6.7997 6.79406 6.78766 6.78052 6.7727 6.76422 6.75513 6.74548 6.73531 6.72468 6.71365 6.70226 6.69057 6.67863 6.66651 6.65426 6.64193 6.62959 6.61727 6.60504 6.59295 6.58105 6.56937 6.55797 6.54688 6.53614 6.5258 6.51587 6.5064 6.4974 6.48891 6.48094 6.47351 6.46664 6.46034 6.45464 6.44952 6.44501 6.44112 6.43784 6.43519 6.43317 6.43177 6.43101 
6.4264 6.42692 6.42811 6.42995 6.43245 6.43561 6.43942 6.44387 6.44896 6.45468 6.46102 6.46797 6.47551 6.48363 6.4923 6.50152 6.51125 6.52146 6.53213 6.54322 6.5547 6.56653 6.57866 6.59105 6.60365 6.61642 6.62931 6.64225 6.65519 6.66809 6.68087 6.69349 6.70588 6.71799 6.72975 6.74112 6.75204 6.76245 6.77231 6.78155 6.79015 6.79805 6.80521 6.8116 6.81719 6.82194 6.82584 6.82886 6.83098 6.83221 6.83252 6.83192 6.83042 6.82802 6.82473 6.82057 6.81557 6.80975 6.80313 6.79576 6.78768 6.77892 6.76952 6.75955 6.74904 6.73805 6.72664 6.71486 6.70277 6.69042 6.67788 6.6652 6.65244 6.63966 6.62691 6.61425 6.60172 6.58938 6.57728 6.56546 6.55397 6.54284 6.53211 6.52181 6.51198 6.50264 6.49383 6.48555 6.47784 6.47071 6.46417 6.45824 6.45292 6.44824 6.44419 6.44078 6.43803 6.43592 6.43447 6.43368 
6.42901 6.42955 6.43078 6.43269 6.43528 6.43855 6.44249 6.4471 6.45237 6.4583 6.46487 6.47206 6.47987 6.48828 6.49726 6.5068 6.51687 6.52744 6.53848 6.54995 6.56182 6.57405 6.58659 6.5994 6.61243 6.62562 6.63893 6.6523 6.66567 6.67898 6.69218 6.7052 6.71799 6.73048 6.74262 6.75434 6.7656 6.77634 6.7865 6.79603 6.80489 6.81303 6.82041 6.82699 6.83275 6.83764 6.84166 6.84477 6.84696 6.84821 6.84854 6.84792 6.84637 6.84389 6.8405 6.83622 6.83106 6.82506 6.81824 6.81064 6.8023 6.79327 6.78358 6.77329 6.76245 6.75111 6.73934 6.72718 6.7147 6.70195 6.689 6.6759 6.66272 6.64952 6.63634 6.62325 6.6103 6.59754 6.58503 6.5728 6.56091 6.54939 6.53829 6.52763 6.51745 6.50779 6.49865 6.49008 6.48209 6.4747 6.46792 6.46177 6.45626 6.45141 6.44721 6.44367 6.44081 6.43863 6.43712 6.4363 
6.43156 6.43212 6.43339 6.43536 6.43804 6.44142 6.44549 6.45026 6.45571 6.46184 6.46862 6.47606 6.48413 6.49282 6.5021 6.51196 6.52235 6.53327 6.54467 6.55651 6.56876 6.58138 6.59432 6.60754 6.62097 6.63458 6.6483 6.66208 6.67586 6.68958 6.70317 6.71659 6.72975 6.74262 6.75512 6.76719 6.77877 6.78982 6.80027 6.81008 6.81919 6.82757 6.83516 6.84193 6.84785 6.85288 6.85701 6.8602 6.86245 6.86375 6.86408 6.86344 6.86185 6.8593 6.85581 6.8514 6.84609 6.83992 6.8329 6.82508 6.8165 6.8072 6.79723 6.78663 6.77547 6.7638 6.75167 6.73915 6.72629 6.71315 6.69981 6.68631 6.67272 6.6591 6.64551 6.63201 6.61865 6.60549 6.59258 6.57996 6.56768 6.55578 6.54431 6.5333 6.52279 6.5128 6.50336 6.4945 6.48624 6.47859 6.47159 6.46523 6.45953 6.4545 6.45016 6.4465 6.44354 6.44128 6.43971 6.43886 
6.43404 6.43462 6.43592 6.43796 6.44072 6.44421 6.44842 6.45333 6.45896 6.46527 6.47227 6.47994 6.48827 6.49722 6.50679 6.51695 6.52767 6.53892 6.55066 6.56286 6.57548 6.58848 6.6018 6.61541 6.62924 6.64324 6.65736 6.67154 6.68571 6.69982 6.7138 6.72759 6.74112 6.75434 6.76719 6.77959 6.79149 6.80284 6.81358 6.82365 6.833 6.8416 6.84939 6.85634 6.86242 6.86759 6.87182 6.8751 6.87741 6.87873 6.87907 6.87842 6.87678 6.87416 6.87058 6.86605 6.8606 6.85426 6.84705 6.83902 6.8302 6.82065 6.81041 6.79952 6.78805 6.77605 6.76359 6.75071 6.73749 6.72398 6.71025 6.69637 6.68239 6.66838 6.65439 6.64049 6.62674 6.61318 6.59988 6.58688 6.57423 6.56197 6.55015 6.5388 6.52796 6.51766 6.50793 6.49879 6.49026 6.48238 6.47514 6.46858 6.4627 6.45751 6.45302 6.44925 6.44619 6.44385 6.44224 6.44135 
6.43644 6.43703 6.43838 6.44047 6.44332 6.44691 6.45124 6.4563 6.46209 6.46859 6.4758 6.48369 6.49226 6.50147 6.51132 6.52177 6.53279 6.54436 6.55643 6.56898 6.58195 6.59531 6.609 6.62298 6.63719 6.65157 6.66607 6.68062 6.69517 6.70965 6.724 6.73815 6.75204 6.7656 6.77877 6.79149 6.8037 6.81533 6.82634 6.83666 6.84625 6.85506 6.86305 6.87017 6.87639 6.88169 6.88602 6.88938 6.89175 6.8931 6.89345 6.89278 6.8911 6.88841 6.88474 6.8801 6.87451 6.86801 6.86062 6.85239 6.84335 6.83356 6.82305 6.81189 6.80012 6.78782 6.77503 6.76182 6.74825 6.73438 6.72029 6.70603 6.69168 6.67729 6.66292 6.64864 6.63451 6.62058 6.6069 6.59354 6.58053 6.56793 6.55577 6.5441 6.53294 6.52234 6.51233 6.50292 6.49414 6.48602 6.47858 6.47182 6.46576 6.46041 6.45579 6.4519 6.44875 6.44634 6.44467 6.44376 
6.43875 6.43935 6.44073 6.44288 6.44581 6.44949 6.45394 6.45914 6.46509 6.47177 6.47917 6.48728 6.49607 6.50554 6.51565 6.52638 6.53769 6.54956 6.56196 6.57483 6.58814 6.60184 6.61588 6.63021 6.64478 6.65952 6.67438 6.6893 6.70421 6.71904 6.73374 6.74823 6.76245 6.77634 6.78982 6.80284 6.81533 6.82724 6.8385 6.84906 6.85887 6.86788 6.87605 6.88334 6.8897 6.89511 6.89955 6.90298 6.9054 6.90679 6.90714 6.90645 6.90473 6.90199 6.89823 6.89348 6.88777 6.88111 6.87355 6.86513 6.85588 6.84585 6.8351 6.82368 6.81163 6.79903 6.78593 6.7724 6.7585 6.7443 6.72986 6.71526 6.70054 6.68579 6.67106 6.65642 6.64193 6.62764 6.61362 6.59991 6.58656 6.57362 6.56114 6.54916 6.53771 6.52682 6.51654 6.50687 6.49786 6.48952 6.48186 6.47492 6.46869 6.4632 6.45844 6.45444 6.4512 6.44872 6.44701 6.44607 
6.44094 6.44156 6.44298 6.44518 6.44818 6.45196 6.45652 6.46185 6.46794 6.47479 6.48238 6.49069 6.4997 6.5094 6.51976 6.53075 6.54234 6.5545 6.5672 6.58038 6.594 6.60803 6.6224 6.63707 6.65197 6.66706 6.68226 6.69752 6.71276 6.72793 6.74296 6.75777 6.77231 6.7865 6.80027 6.81358 6.82634 6.8385 6.85 6.86079 6.87081 6.88001 6.88835 6.89579 6.90228 6.90781 6.91233 6.91584 6.91831 6.91972 6.92008 6.91938 6.91762 6.91482 6.91098 6.90613 6.9003 6.8935 6.88578 6.87718 6.86773 6.85749 6.8465 6.83483 6.82252 6.80964 6.79625 6.78242 6.76821 6.75369 6.73893 6.72399 6.70894 6.69385 6.67878 6.6638 6.64896 6.63434 6.61998 6.60594 6.59227 6.57903 6.56624 6.55397 6.54223 6.53108 6.52053 6.51063 6.50139 6.49284 6.48499 6.47786 6.47148 6.46584 6.46097 6.45687 6.45354 6.45099 6.44924 6.44827 
6.44301 6.44365 6.44509 6.44735 6.45041 6.45428 6.45895 6.4644 6.47064 6.47764 6.4854 6.4939 6.50312 6.51304 6.52363 6.53487 6.54672 6.55915 6.57212 6.58559 6.59952 6.61385 6.62853 6.64351 6.65873 6.67414 6.68966 6.70523 6.72079 6.73628 6.75161 6.76672 6.78155 6.79603 6.81008 6.82365 6.83666 6.84906 6.86079 6.87178 6.882 6.89138 6.89988 6.90746 6.91408 6.91971 6.92432 6.92789 6.9304 6.93185 6.93221 6.93149 6.9297 6.92684 6.92293 6.91799 6.91204 6.90511 6.89724 6.88847 6.87884 6.86839 6.85719 6.84528 6.83273 6.8196 6.80594 6.79183 6.77733 6.76251 6.74744 6.73219 6.71682 6.70142 6.68603 6.67073 6.65557 6.64063 6.62596 6.61162 6.59765 6.58411 6.57104 6.55849 6.54649 6.53508 6.5243 6.51417 6.50472 6.49596 6.48793 6.48064 6.47411 6.46834 6.46335 6.45915 6.45574 6.45314 6.45134 6.45035 
6.44495 6.4456 6.44707 6.44938 6.4525 6.45645 6.46122 6.46679 6.47315 6.48031 6.48823 6.4969 6.50632 6.51644 6.52725 6.53871 6.55081 6.56349 6.57672 6.59046 6.60466 6.61927 6.63424 6.64951 6.66503 6.68072 6.69654 6.71241 6.72826 6.74403 6.75965 6.77505 6.79015 6.80489 6.81919 6.833 6.84625 6.85887 6.87081 6.882 6.89239 6.90193 6.91058 6.91829 6.92503 6.93076 6.93545 6.93908 6.94163 6.9431 6.94347 6.94274 6.94092 6.93801 6.93403 6.929 6.92295 6.9159 6.90789 6.89896 6.88916 6.87853 6.86712 6.855 6.84222 6.82885 6.81494 6.80057 6.7858 6.7707 6.75535 6.73981 6.72416 6.70845 6.69277 6.67717 6.66173 6.64649 6.63153 6.6169 6.60265 6.58884 6.57551 6.5627 6.55046 6.53882 6.52781 6.51747 6.50782 6.49888 6.49068 6.48324 6.47657 6.47067 6.46558 6.46129 6.45781 6.45515 6.45331 6.4523 
6.44674 6.4474 6.4489 6.45125 6.45444 6.45846 6.46332 6.46899 6.47548 6.48276 6.49084 6.49967 6.50926 6.51957 6.53058 6.54226 6.55457 6.56748 6.58095 6.59493 6.60939 6.62426 6.63949 6.65503 6.67082 6.68678 6.70287 6.71901 6.73513 6.75117 6.76705 6.7827 6.79805 6.81303 6.82757 6.8416 6.85506 6.86788 6.88001 6.89138 6.90193 6.91163 6.92041 6.92824 6.93508 6.9409 6.94566 6.94935 6.95195 6.95343 6.95381 6.95307 6.95121 6.94826 6.94422 6.93911 6.93296 6.9258 6.91766 6.90859 6.89863 6.88783 6.87624 6.86393 6.85094 6.83734 6.82321 6.8086 6.79358 6.77824 6.76263 6.74682 6.7309 6.71493 6.69897 6.6831 6.66739 6.65188 6.63666 6.62177 6.60726 6.5932 6.57963 6.56658 6.55412 6.54226 6.53105 6.52051 6.51068 6.50158 6.49322 6.48564 6.47883 6.47283 6.46764 6.46326 6.45971 6.457 6.45513 6.45409 
6.44838 6.44905 6.45058 6.45296 6.4562 6.4603 6.46523 6.471 6.4776 6.48501 6.49321 6.5022 6.51194 6.52242 6.53361 6.54548 6.55799 6.57111 6.5848 6.599 6.61369 6.62879 6.64426 6.66004 6.67607 6.69229 6.70862 6.725 6.74137 6.75764 6.77375 6.78963 6.80521 6.82041 6.83516 6.84939 6.86305 6.87605 6.88835 6.89988 6.91058 6.92041 6.92932 6.93726 6.94419 6.95009 6.95492 6.95866 6.96129 6.96279 6.96317 6.96242 6.96054 6.95755 6.95345 6.94827 6.94203 6.93477 6.92652 6.91732 6.90722 6.89626 6.88451 6.87202 6.85884 6.84505 6.83071 6.81588 6.80064 6.78507 6.76922 6.75318 6.73702 6.7208 6.7046 6.68849 6.67252 6.65678 6.64131 6.62619 6.61145 6.59716 6.58337 6.57011 6.55744 6.54539 6.53399 6.52328 6.51329 6.50403 6.49553 6.48782 6.4809 6.4748 6.46951 6.46506 6.46145 6.45869 6.45679 6.45573 
6.44985 6.45053 6.45208 6.4545 6.45779 6.46194 6.46695 6.4728 6.4795 6.48702 6.49534 6.50446 6.51434 6.52498 6.53633 6.54836 6.56105 6.57436 6.58824 6.60264 6.61753 6.63284 6.64853 6.66452 6.68077 6.6972 6.71375 6.73035 6.74693 6.76342 6.77974 6.79583 6.8116 6.82699 6.84193 6.85634 6.87017 6.88334 6.89579 6.90746 6.91829 6.92824 6.93726 6.94529 6.95231 6.95828 6.96317 6.96695 6.96961 6.97114 6.97152 6.97076 6.96886 6.96583 6.96168 6.95643 6.95012 6.94277 6.93442 6.9251 6.91488 6.90378 6.89188 6.87923 6.86589 6.85192 6.83739 6.82238 6.80694 6.79117 6.77511 6.75886 6.74248 6.72605 6.70963 6.69329 6.67712 6.66115 6.64547 6.63014 6.61519 6.6007 6.58671 6.57327 6.56042 6.54819 6.53663 6.52576 6.51562 6.50623 6.49761 6.48978 6.48276 6.47656 6.4712 6.46668 6.46302 6.46021 6.45828 6.45721 
6.45115 6.45183 6.4534 6.45585 6.45918 6.46339 6.46846 6.47439 6.48117 6.48878 6.49721 6.50644 6.51645 6.52722 6.53871 6.55089 6.56374 6.5772 6.59125 6.60583 6.62089 6.63639 6.65226 6.66844 6.68488 6.7015 6.71824 6.73503 6.7518 6.76847 6.78497 6.80124 6.81719 6.83275 6.84785 6.86242 6.87639 6.8897 6.90228 6.91408 6.92503 6.93508 6.94419 6.95231 6.9594 6.96543 6.97037 6.97419 6.97688 6.97842 6.97881 6.97804 6.97612 6.97306 6.96886 6.96356 6.95718 6.94975 6.94131 6.9319 6.92156 6.91035 6.89832 6.88553 6.87205 6.85792 6.84324 6.82806 6.81245 6.79649 6.78026 6.76382 6.74726 6.73063 6.71402 6.6975 6.68113 6.66498 6.64912 6.63359 6.61847 6.60381 6.58965 6.57604 6.56303 6.55065 6.53894 6.52794 6.51767 6.50816 6.49943 6.4915 6.48439 6.47811 6.47268 6.4681 6.46439 6.46155 6.45959 6.45851 
6.45226 6.45295 6.45454 6.45702 6.46038 6.46463 6.46976 6.47575 6.4826 6.4903 6.49881 6.50814 6.51826 6.52913 6.54074 6.55305 6.56603 6.57964 6.59382 6.60855 6.62377 6.63941 6.65544 6.67178 6.68838 6.70516 6.72206 6.73901 6.75594 6.77277 6.78943 6.80584 6.82194 6.83764 6.85288 6.86759 6.88169 6.89511 6.90781 6.91971 6.93076 6.9409 6.95009 6.95828 6.96543 6.97152 6.9765 6.98035 6.98306 6.98462 6.98501 6.98423 6.98229 6.9792 6.97497 6.96963 6.96319 6.95569 6.94718 6.93768 6.92725 6.91594 6.9038 6.89089 6.87728 6.86303 6.84821 6.83289 6.81714 6.80103 6.78464 6.76805 6.75132 6.73454 6.71777 6.70108 6.68455 6.66824 6.65222 6.63654 6.62127 6.60645 6.59215 6.5784 6.56525 6.55275 6.54092 6.5298 6.51942 6.50981 6.50099 6.49297 6.48579 6.47944 6.47395 6.46932 6.46557 6.4627 6.46072 6.45962 
6.45318 6.45388 6.45548 6.45798 6.46138 6.46566 6.47083 6.47688 6.48379 6.49155 6.50014 6.50955 6.51975 6.53071 6.54242 6.55483 6.56792 6.58164 6.59594 6.61079 6.62613 6.6419 6.65805 6.67453 6.69125 6.70817 6.7252 6.74228 6.75934 6.7763 6.79308 6.80962 6.82584 6.84166 6.85701 6.87182 6.88602 6.89955 6.91233 6.92432 6.93545 6.94566 6.95492 6.96317 6.97037 6.9765 6.98151 6.9854 6.98813 6.98969 6.99008 6.9893 6.98735 6.98423 6.97997 6.97459 6.96811 6.96056 6.95198 6.94241 6.93191 6.92051 6.90829 6.89529 6.88157 6.86722 6.85228 6.83685 6.82098 6.80475 6.78823 6.77151 6.75466 6.73774 6.72084 6.70402 6.68736 6.67092 6.65477 6.63896 6.62357 6.60863 6.59421 6.58035 6.56709 6.55448 6.54255 6.53134 6.52087 6.51117 6.50228 6.49419 6.48694 6.48054 6.475 6.47034 6.46655 6.46366 6.46165 6.46055 
6.45391 6.45461 6.45622 6.45874 6.46216 6.46647 6.47168 6.47776 6.48472 6.49253 6.50118 6.51064 6.52091 6.53195 6.54373 6.55622 6.56939 6.5832 6.59759 6.61253 6.62796 6.64383 6.66008 6.67666 6.69348 6.7105 6.72763 6.74482 6.76197 6.77903 6.79591 6.81255 6.82886 6.84477 6.8602 6.8751 6.88938 6.90298 6.91584 6.92789 6.93908 6.94935 6.95866 6.96695 6.97419 6.98035 6.9854 6.9893 6.99205 6.99362 6.99401 6.99323 6.99126 6.98813 6.98385 6.97843 6.97191 6.96432 6.9557 6.94608 6.93551 6.92406 6.91176 6.89869 6.8849 6.87046 6.85544 6.83991 6.82395 6.80763 6.79102 6.7742 6.75724 6.74023 6.72322 6.70631 6.68954 6.673 6.65675 6.64085 6.62535 6.61032 6.59581 6.58186 6.56852 6.55583 6.54382 6.53254 6.522 6.51224 6.50328 6.49515 6.48785 6.48141 6.47583 6.47113 6.46732 6.46441 6.46239 6.46128 
6.45444 6.45515 6.45676 6.45929 6.46273 6.46706 6.47229 6.4784 6.48539 6.49323 6.50192 6.51143 6.52174 6.53283 6.54467 6.55721 6.57044 6.5843 6.59876 6.61376 6.62926 6.6452 6.66152 6.67816 6.69506 6.71215 6.72935 6.7466 6.76383 6.78096 6.79791 6.81461 6.83098 6.84696 6.86245 6.87741 6.89175 6.9054 6.91831 6.9304 6.94163 6.95195 6.96129 6.96961 6.97688 6.98306 6.98813 6.99205 6.9948 6.99638 6.99677 6.99598 6.99401 6.99087 6.98657 6.98113 6.97459 6.96697 6.95831 6.94866 6.93805 6.92655 6.9142 6.90108 6.88723 6.87274 6.85766 6.84207 6.82604 6.80965 6.79298 6.77609 6.75906 6.74198 6.7249 6.70792 6.69108 6.67447 6.65815 6.64218 6.62662 6.61152 6.59695 6.58294 6.56954 6.55679 6.54473 6.53339 6.52281 6.51301 6.50401 6.49583 6.4885 6.48203 6.47643 6.47171 6.46788 6.46495 6.46293 6.46181 
6.45477 6.45547 6.4571 6.45963 6.46307 6.46742 6.47266 6.47879 6.48579 6.49366 6.50237 6.5119 6.52224 6.53336 6.54522 6.5578 6.57106 6.58496 6.59945 6.61449 6.63002 6.646 6.66236 6.67904 6.69598 6.7131 6.73035 6.74764 6.7649 6.78207 6.79906 6.8158 6.83221 6.84821 6.86375 6.87873 6.8931 6.90679 6.91972 6.93185 6.9431 6.95343 6.96279 6.97114 6.97842 6.98462 6.98969 6.99362 6.99638 6.99796 6.99836 6.99757 6.99559 6.99244 6.98813 6.98268 6.97612 6.96849 6.95981 6.95013 6.9395 6.92798 6.9156 6.90245 6.88857 6.87405 6.85893 6.84331 6.82725 6.81082 6.79411 6.77718 6.76011 6.74299 6.72588 6.70885 6.69198 6.67533 6.65897 6.64296 6.62736 6.61223 6.59761 6.58357 6.57014 6.55736 6.54527 6.5339 6.52329 6.51347 6.50444 6.49625 6.4889 6.48241 6.47679 6.47206 6.46822 6.46529 6.46326 6.46214 
