1.73287 1.73318 1.73348 1.73377 1.73404 1.73431 1.73455 1.73478 1.73499 1.73518 1.73536 1.73551 1.73565 1.73576 1.73587 1.73596 1.73604 1.73612 1.73619 1.73625 1.73631 1.73637 1.73644 1.73651 1.73658 1.73666 1.73676 1.73686 1.73697 1.7371 1.73723 1.73738 1.73754 1.73772 1.7379 1.73809 1.73829 1.7385 1.73871 1.73892 1.73912 1.73932 1.73951 1.73969 1.73985 1.74 1.74012 1.74023 1.74031 1.74036 1.74039 1.74039 1.74037 1.74032 1.74024 1.74014 1.74002 1.73987 1.73971 1.73954 1.73936 1.73916 1.73896 1.73876 1.73856 1.73835 1.73816 1.73797 1.73779 1.73762 1.73746 1.73731 1.73718 1.73706 1.73695 1.73686 1.73678 1.73671 1.73666 1.73662 1.7366 1.73659 1.7366 1.73662 1.73666 1.73672 1.7368 1.73689 1.73701 1.73715 1.73731 1.7375 1.7377 1.73793 1.73818 1.73844 1.73872 1.73901 1.73931 1.73961 
1.73318 1.73348 1.73378 1.73407 1.73435 1.73461 1.73486 1.73509 1.7353 1.73549 1.73566 1.73581 1.73595 1.73607 1.73617 1.73626 1.73635 1.73642 1.73648 1.73655 1.73661 1.73667 1.73673 1.7368 1.73688 1.73696 1.73705 1.73715 1.73726 1.73739 1.73753 1.73768 1.73784 1.73802 1.73821 1.7384 1.73861 1.73881 1.73903 1.73924 1.73945 1.73965 1.73985 1.74003 1.7402 1.74035 1.74048 1.74059 1.74067 1.74072 1.74075 1.74075 1.74073 1.74067 1.7406 1.74049 1.74037 1.74022 1.74006 1.73988 1.73969 1.73949 1.73929 1.73908 1.73887 1.73867 1.73847 1.73828 1.73809 1.73792 1.73776 1.73761 1.73748 1.73735 1.73725 1.73715 1.73707 1.73701 1.73696 1.73692 1.7369 1.73689 1.7369 1.73692 1.73696 1.73702 1.7371 1.7372 1.73731 1.73745 1.73762 1.7378 1.73801 1.73823 1.73848 1.73874 1.73902 1.73931 1.73961 1.73991 
1.73348 1.73378 1.73408 1.73437 1.73465 1.73491 1.73516 1.73539 1.7356 1.73579 1.73596 1.73611 1.73625 1.73637 1.73647 1.73656 1.73665 1.73672 1.73679 1.73686 1.73692 1.73698 1.73705 1.73713 1.73721 1.7373 1.7374 1.73751 1.73764 1.73778 1.73793 1.7381 1.73829 1.73848 1.73869 1.73891 1.73914 1.73938 1.73962 1.73985 1.74009 1.74032 1.74054 1.74074 1.74093 1.7411 1.74124 1.74136 1.74145 1.74151 1.74155 1.74155 1.74152 1.74146 1.74137 1.74125 1.74111 1.74094 1.74076 1.74056 1.74035 1.74012 1.73989 1.73966 1.73943 1.7392 1.73898 1.73876 1.73856 1.73836 1.73818 1.73802 1.73787 1.73773 1.73761 1.73751 1.73742 1.73734 1.73728 1.73724 1.73721 1.7372 1.73721 1.73723 1.73727 1.73732 1.7374 1.7375 1.73762 1.73775 1.73792 1.7381 1.73831 1.73853 1.73878 1.73904 1.73932 1.73961 1.73991 1.74021 
1.73377 1.73407 1.73437 1.73466 1.73494 1.7352 1.73545 1.73568 1.73589 1.73608 1.73625 1.7364 1.73654 1.73666 1.73677 1.73686 1.73695 1.73703 1.7371 1.73717 1.73724 1.73732 1.7374 1.73748 1.73758 1.73769 1.73781 1.73795 1.7381 1.73827 1.73846 1.73866 1.73889 1.73913 1.73938 1.73965 1.73992 1.74021 1.7405 1.74078 1.74107 1.74134 1.74161 1.74185 1.74208 1.74228 1.74245 1.74259 1.7427 1.74277 1.74281 1.74281 1.74277 1.74269 1.74259 1.74244 1.74227 1.74207 1.74185 1.74161 1.74135 1.74108 1.7408 1.74052 1.74024 1.73997 1.7397 1.73944 1.73919 1.73896 1.73874 1.73854 1.73836 1.73819 1.73805 1.73792 1.73781 1.73772 1.73764 1.73759 1.73755 1.73753 1.73753 1.73754 1.73757 1.73763 1.7377 1.73779 1.73791 1.73805 1.73821 1.73839 1.7386 1.73882 1.73907 1.73933 1.73961 1.7399 1.7402 1.7405 
1.73404 1.73435 1.73465 1.73494 1.73521 1.73548 1.73572 1.73595 1.73617 1.73636 1.73653 1.73669 1.73682 1.73695 1.73706 1.73716 1.73725 1.73733 1.73741 1.73749 1.73758 1.73767 1.73776 1.73787 1.738 1.73813 1.73829 1.73846 1.73866 1.73888 1.73912 1.73938 1.73967 1.73997 1.7403 1.74064 1.74099 1.74135 1.74171 1.74207 1.74243 1.74278 1.74311 1.74341 1.7437 1.74395 1.74416 1.74434 1.74447 1.74456 1.7446 1.7446 1.74455 1.74445 1.74431 1.74413 1.74391 1.74366 1.74338 1.74308 1.74275 1.74241 1.74206 1.7417 1.74135 1.741 1.74066 1.74033 1.74002 1.73972 1.73945 1.73919 1.73896 1.73875 1.73856 1.7384 1.73826 1.73814 1.73804 1.73796 1.73791 1.73787 1.73785 1.73786 1.73788 1.73793 1.738 1.73809 1.7382 1.73834 1.73849 1.73868 1.73888 1.7391 1.73935 1.73961 1.73989 1.74018 1.74047 1.74078 
1.73431 1.73461 1.73491 1.7352 1.73548 1.73574 1.73599 1.73622 1.73643 1.73662 1.7368 1.73696 1.7371 1.73722 1.73734 1.73744 1.73754 1.73764 1.73773 1.73783 1.73793 1.73804 1.73817 1.73831 1.73847 1.73865 1.73885 1.73908 1.73934 1.73963 1.73995 1.74029 1.74067 1.74107 1.74149 1.74193 1.74239 1.74285 1.74332 1.74379 1.74425 1.74469 1.74512 1.74551 1.74587 1.74619 1.74646 1.74669 1.74685 1.74696 1.74702 1.74701 1.74694 1.74682 1.74663 1.7464 1.74612 1.74579 1.74543 1.74503 1.74461 1.74417 1.74372 1.74326 1.7428 1.74235 1.74191 1.74148 1.74108 1.74069 1.74033 1.74 1.7397 1.73942 1.73918 1.73896 1.73877 1.73861 1.73848 1.73837 1.73829 1.73823 1.73819 1.73818 1.7382 1.73823 1.73829 1.73837 1.73848 1.73861 1.73877 1.73895 1.73915 1.73937 1.73961 1.73988 1.74015 1.74044 1.74074 1.74104 
1.73455 1.73486 1.73516 1.73545 1.73572 1.73599 1.73624 1.73647 1.73668 1.73688 1.73705 1.73721 1.73736 1.73749 1.73761 1.73773 1.73784 1.73794 1.73806 1.73817 1.7383 1.73845 1.73861 1.7388 1.73901 1.73925 1.73952 1.73983 1.74018 1.74056 1.74098 1.74144 1.74193 1.74246 1.74301 1.74359 1.74419 1.7448 1.74541 1.74602 1.74662 1.74719 1.74774 1.74825 1.74871 1.74912 1.74947 1.74975 1.74997 1.75011 1.75017 1.75015 1.75006 1.7499 1.74966 1.74936 1.74899 1.74857 1.74809 1.74758 1.74703 1.74646 1.74587 1.74527 1.74467 1.74408 1.7435 1.74295 1.74241 1.74191 1.74144 1.741 1.7406 1.74024 1.73991 1.73962 1.73937 1.73915 1.73897 1.73882 1.7387 1.73861 1.73855 1.73852 1.73851 1.73853 1.73858 1.73865 1.73875 1.73888 1.73903 1.7392 1.7394 1.73962 1.73986 1.74012 1.7404 1.74069 1.74099 1.74129 
1.73478 1.73509 1.73539 1.73568 1.73595 1.73622 1.73647 1.7367 1.73691 1.73711 1.73729 1.73746 1.73761 1.73775 1.73788 1.738 1.73813 1.73826 1.7384 1.73854 1.73871 1.7389 1.73911 1.73936 1.73964 1.73996 1.74033 1.74074 1.7412 1.74171 1.74227 1.74287 1.74352 1.74422 1.74495 1.7457 1.74649 1.74728 1.74808 1.74887 1.74964 1.75039 1.75109 1.75175 1.75234 1.75287 1.75332 1.75368 1.75395 1.75412 1.7542 1.75418 1.75406 1.75384 1.75353 1.75313 1.75266 1.7521 1.75149 1.75082 1.75011 1.74937 1.7486 1.74782 1.74704 1.74627 1.74552 1.74479 1.74409 1.74343 1.74281 1.74223 1.7417 1.74122 1.74079 1.74041 1.74007 1.73978 1.73953 1.73932 1.73915 1.73902 1.73893 1.73886 1.73883 1.73884 1.73887 1.73893 1.73902 1.73913 1.73928 1.73945 1.73964 1.73986 1.7401 1.74036 1.74063 1.74092 1.74122 1.74152 
1.73499 1.7353 1.7356 1.73589 1.73617 1.73643 1.73668 1.73691 1.73713 1.73733 1.73752 1.73769 1.73785 1.738 1.73814 1.73828 1.73843 1.73859 1.73876 1.73895 1.73916 1.73941 1.73969 1.74002 1.74039 1.74082 1.74131 1.74185 1.74246 1.74313 1.74387 1.74467 1.74552 1.74643 1.74738 1.74837 1.74939 1.75042 1.75145 1.75247 1.75347 1.75442 1.75533 1.75617 1.75693 1.7576 1.75817 1.75863 1.75897 1.75919 1.75928 1.75925 1.75909 1.7588 1.7584 1.75789 1.75727 1.75656 1.75577 1.75491 1.75399 1.75303 1.75204 1.75103 1.75002 1.74902 1.74804 1.74709 1.74618 1.74532 1.74451 1.74375 1.74306 1.74243 1.74186 1.74135 1.7409 1.74051 1.74018 1.73989 1.73966 1.73948 1.73933 1.73923 1.73917 1.73914 1.73915 1.7392 1.73927 1.73938 1.73951 1.73968 1.73987 1.74008 1.74032 1.74057 1.74085 1.74113 1.74143 1.74173 
1.73518 1.73549 1.73579 1.73608 1.73636 1.73662 1.73688 1.73711 1.73733 1.73754 1.73773 1.73791 1.73808 1.73824 1.7384 1.73857 1.73874 1.73894 1.73915 1.73939 1.73967 1.74 1.74037 1.7408 1.7413 1.74186 1.7425 1.74322 1.74402 1.74491 1.74587 1.74691 1.74802 1.7492 1.75043 1.75171 1.75301 1.75434 1.75566 1.75697 1.75824 1.75946 1.76061 1.76168 1.76264 1.76349 1.76421 1.76478 1.76521 1.76548 1.76559 1.76555 1.76534 1.76497 1.76446 1.7638 1.76301 1.7621 1.76109 1.75999 1.75881 1.75758 1.75631 1.75502 1.75372 1.75244 1.75118 1.74995 1.74878 1.74766 1.74661 1.74563 1.74473 1.7439 1.74316 1.74249 1.7419 1.74138 1.74094 1.74056 1.74024 1.73999 1.73978 1.73963 1.73953 1.73947 1.73945 1.73947 1.73952 1.73962 1.73974 1.73989 1.74008 1.74028 1.74052 1.74077 1.74104 1.74132 1.74162 1.74192 
1.73536 1.73566 1.73596 1.73625 1.73653 1.7368 1.73705 1.73729 1.73752 1.73773 1.73793 1.73812 1.7383 1.73848 1.73867 1.73887 1.73908 1.73932 1.73959 1.7399 1.74027 1.74069 1.74118 1.74174 1.74239 1.74314 1.74397 1.74491 1.74596 1.7471 1.74835 1.74969 1.75112 1.75263 1.75421 1.75584 1.75751 1.75919 1.76087 1.76253 1.76414 1.76568 1.76713 1.76846 1.76967 1.77073 1.77163 1.77235 1.77288 1.77321 1.77335 1.77328 1.77301 1.77254 1.77189 1.77106 1.77006 1.76891 1.76763 1.76624 1.76475 1.76319 1.76158 1.75994 1.75829 1.75665 1.75505 1.75348 1.75198 1.75055 1.7492 1.74794 1.74677 1.74571 1.74474 1.74387 1.74311 1.74243 1.74184 1.74134 1.74092 1.74057 1.74029 1.74007 1.73991 1.73981 1.73975 1.73974 1.73978 1.73985 1.73996 1.7401 1.74027 1.74047 1.7407 1.74095 1.74122 1.7415 1.74179 1.74209 
1.73551 1.73581 1.73611 1.7364 1.73669 1.73696 1.73721 1.73746 1.73769 1.73791 1.73812 1.73832 1.73852 1.73873 1.73895 1.73918 1.73945 1.73975 1.74009 1.7405 1.74097 1.74152 1.74215 1.74289 1.74374 1.7447 1.74578 1.747 1.74834 1.74981 1.75141 1.75312 1.75495 1.75687 1.75887 1.76093 1.76303 1.76515 1.76726 1.76933 1.77134 1.77326 1.77507 1.77673 1.77823 1.77954 1.78065 1.78154 1.78219 1.7826 1.78275 1.78266 1.78232 1.78173 1.78091 1.77987 1.77862 1.77719 1.77558 1.77384 1.77198 1.77002 1.768 1.76594 1.76387 1.76181 1.75978 1.7578 1.7559 1.75408 1.75236 1.75076 1.74927 1.74791 1.74667 1.74556 1.74456 1.74369 1.74293 1.74227 1.74171 1.74125 1.74087 1.74057 1.74034 1.74018 1.74008 1.74003 1.74003 1.74008 1.74017 1.7403 1.74046 1.74065 1.74087 1.74111 1.74138 1.74166 1.74195 1.74225 
1.73565 1.73595 1.73625 1.73654 1.73682 1.7371 1.73736 1.73761 1.73785 1.73808 1.7383 1.73852 1.73875 1.73899 1.73925 1.73954 1.73986 1.74024 1.74068 1.7412 1.7418 1.74251 1.74334 1.74429 1.74537 1.74661 1.748 1.74955 1.75126 1.75313 1.75515 1.75732 1.75962 1.76204 1.76454 1.76712 1.76974 1.77238 1.77499 1.77756 1.78005 1.78242 1.78464 1.78669 1.78853 1.79014 1.79149 1.79257 1.79336 1.79385 1.79404 1.79391 1.79348 1.79276 1.79174 1.79045 1.78891 1.78713 1.78515 1.78299 1.78069 1.77826 1.77576 1.7732 1.77062 1.76804 1.76551 1.76304 1.76065 1.75837 1.75621 1.75419 1.75231 1.75059 1.74901 1.74759 1.74633 1.7452 1.74423 1.74338 1.74266 1.74205 1.74155 1.74115 1.74083 1.7406 1.74044 1.74034 1.7403 1.74032 1.74038 1.74049 1.74064 1.74082 1.74103 1.74126 1.74152 1.7418 1.74209 1.74238 
1.73576 1.73607 1.73637 1.73666 1.73695 1.73722 1.73749 1.73775 1.738 1.73824 1.73848 1.73873 1.73899 1.73927 1.73958 1.73993 1.74034 1.74082 1.74138 1.74204 1.74281 1.74372 1.74477 1.74599 1.74737 1.74894 1.75071 1.75267 1.75482 1.75717 1.75971 1.76242 1.76528 1.76828 1.77139 1.77458 1.77781 1.78106 1.78427 1.78742 1.79045 1.79335 1.79605 1.79854 1.80077 1.80272 1.80435 1.80566 1.80661 1.80719 1.80741 1.80725 1.80672 1.80582 1.80458 1.803 1.80112 1.79895 1.79653 1.79389 1.79106 1.78809 1.78502 1.78187 1.77869 1.77552 1.77239 1.76933 1.76638 1.76354 1.76086 1.75833 1.75598 1.75382 1.75184 1.75005 1.74845 1.74703 1.74579 1.74471 1.74378 1.743 1.74235 1.74182 1.74139 1.74107 1.74083 1.74068 1.74059 1.74057 1.7406 1.74068 1.74081 1.74097 1.74117 1.7414 1.74165 1.74193 1.74221 1.74251 
1.73587 1.73617 1.73647 1.73677 1.73706 1.73734 1.73761 1.73788 1.73814 1.7384 1.73867 1.73895 1.73925 1.73958 1.73996 1.74039 1.7409 1.7415 1.74221 1.74305 1.74403 1.74518 1.74651 1.74805 1.7498 1.75177 1.75399 1.75644 1.75913 1.76205 1.76519 1.76854 1.77208 1.77576 1.77957 1.78347 1.78742 1.79136 1.79526 1.79907 1.80275 1.80624 1.8095 1.81248 1.81516 1.81749 1.81945 1.821 1.82213 1.82282 1.82307 1.82287 1.82222 1.82113 1.81963 1.81773 1.81545 1.81283 1.8099 1.80671 1.80329 1.79969 1.79596 1.79214 1.78827 1.7844 1.78057 1.77683 1.7732 1.76972 1.76641 1.76329 1.76038 1.7577 1.75524 1.75301 1.75101 1.74923 1.74766 1.7463 1.74512 1.74413 1.74329 1.7426 1.74205 1.74161 1.74128 1.74105 1.7409 1.74083 1.74083 1.74088 1.74098 1.74113 1.74131 1.74153 1.74177 1.74204 1.74232 1.74261 
1.73596 1.73626 1.73656 1.73686 1.73716 1.73744 1.73773 1.738 1.73828 1.73857 1.73887 1.73918 1.73954 1.73993 1.74039 1.74093 1.74156 1.74231 1.7432 1.74426 1.7455 1.74694 1.74862 1.75054 1.75272 1.75518 1.75793 1.76096 1.76428 1.76788 1.77173 1.77583 1.78014 1.78462 1.78924 1.79396 1.79871 1.80346 1.80815 1.81271 1.8171 1.82127 1.82515 1.8287 1.83188 1.83464 1.83695 1.83878 1.84011 1.84092 1.8412 1.84094 1.84016 1.83886 1.83707 1.8348 1.83208 1.82895 1.82546 1.82164 1.81755 1.81323 1.80875 1.80415 1.79949 1.79483 1.7902 1.78566 1.78126 1.77702 1.77298 1.76917 1.76561 1.76231 1.75928 1.75653 1.75406 1.75185 1.7499 1.74819 1.74672 1.74547 1.74441 1.74353 1.74281 1.74224 1.7418 1.74148 1.74126 1.74112 1.74107 1.74108 1.74116 1.74128 1.74145 1.74165 1.74189 1.74214 1.74242 1.74271 
1.73604 1.73635 1.73665 1.73695 1.73725 1.73754 1.73784 1.73813 1.73843 1.73874 1.73908 1.73945 1.73986 1.74034 1.7409 1.74156 1.74235 1.74329 1.7444 1.74571 1.74726 1.74906 1.75114 1.75352 1.75622 1.75925 1.76263 1.76634 1.77039 1.77477 1.77945 1.78441 1.7896 1.795 1.80054 1.80618 1.81186 1.81751 1.82307 1.82848 1.83367 1.83859 1.84316 1.84733 1.85106 1.85429 1.857 1.85913 1.86068 1.86161 1.86193 1.86162 1.86069 1.85916 1.85704 1.85435 1.85115 1.84746 1.84333 1.83882 1.83397 1.82886 1.82354 1.81807 1.81252 1.80694 1.80141 1.79597 1.79067 1.78557 1.7807 1.77609 1.77177 1.76776 1.76407 1.7607 1.75767 1.75496 1.75255 1.75045 1.74862 1.74706 1.74573 1.74462 1.74371 1.74298 1.74241 1.74197 1.74166 1.74145 1.74134 1.7413 1.74134 1.74144 1.74158 1.74177 1.74199 1.74224 1.74251 1.74279 
1.73612 1.73642 1.73672 1.73703 1.73733 1.73764 1.73794 1.73826 1.73859 1.73894 1.73932 1.73975 1.74024 1.74082 1.7415 1.74231 1.74329 1.74445 1.74582 1.74745 1.74936 1.75158 1.75414 1.75707 1.76037 1.76407 1.76817 1.77267 1.77757 1.78284 1.78846 1.7944 1.8006 1.80702 1.8136 1.82028 1.82698 1.83364 1.84017 1.84651 1.85258 1.85831 1.86364 1.86849 1.87282 1.87657 1.87969 1.88216 1.88394 1.88501 1.88536 1.88499 1.8839 1.8821 1.87963 1.8765 1.87277 1.86846 1.86364 1.85836 1.85269 1.84669 1.84044 1.834 1.82746 1.82087 1.81432 1.80787 1.80157 1.79548 1.78966 1.78414 1.77895 1.77412 1.76967 1.7656 1.76192 1.75861 1.75568 1.7531 1.75086 1.74893 1.74729 1.74591 1.74477 1.74385 1.74311 1.74254 1.74212 1.74182 1.74164 1.74155 1.74154 1.7416 1.74172 1.74189 1.74209 1.74233 1.74259 1.74287 
1.73619 1.73648 1.73679 1.7371 1.73741 1.73773 1.73806 1.7384 1.73876 1.73915 1.73959 1.74009 1.74068 1.74138 1.74221 1.7432 1.7444 1.74582 1.74752 1.74952 1.75186 1.75457 1.75769 1.76124 1.76524 1.76971 1.77465 1.78005 1.78591 1.79219 1.79888 1.80591 1.81324 1.8208 1.82853 1.83635 1.84418 1.85193 1.85953 1.86688 1.8739 1.88052 1.88666 1.89224 1.89721 1.9015 1.90508 1.90789 1.90992 1.91113 1.91152 1.91108 1.90982 1.90775 1.9049 1.9013 1.89699 1.89202 1.88645 1.88034 1.87377 1.86682 1.85955 1.85206 1.84442 1.83672 1.82904 1.82146 1.81404 1.80686 1.79997 1.79342 1.78725 1.78149 1.77617 1.77129 1.76686 1.76288 1.75934 1.75621 1.75349 1.75113 1.74912 1.74743 1.74601 1.74486 1.74393 1.7432 1.74265 1.74225 1.74198 1.74182 1.74176 1.74178 1.74186 1.74201 1.74219 1.74242 1.74267 1.74294 
1.73625 1.73655 1.73686 1.73717 1.73749 1.73783 1.73817 1.73854 1.73895 1.73939 1.7399 1.7405 1.7412 1.74204 1.74305 1.74426 1.74571 1.74745 1.74952 1.75195 1.75479 1.75807 1.76184 1.76611 1.77091 1.77625 1.78214 1.78856 1.7955 1.80292 1.81078 1.81903 1.8276 1.83642 1.8454 1.85447 1.86352 1.87246 1.88119 1.88963 1.89767 1.90523 1.91222 1.91858 1.92422 1.92909 1.93314 1.93632 1.93861 1.93997 1.9404 1.93989 1.93844 1.93608 1.93283 1.92872 1.92381 1.91814 1.91177 1.90479 1.89726 1.88928 1.88092 1.87228 1.86346 1.85455 1.84564 1.83682 1.82817 1.81978 1.8117 1.80401 1.79674 1.78994 1.78363 1.77784 1.77257 1.76782 1.76358 1.75983 1.75654 1.7537 1.75126 1.74919 1.74746 1.74604 1.74489 1.74397 1.74327 1.74274 1.74237 1.74213 1.742 1.74197 1.74202 1.74213 1.7423 1.74251 1.74275 1.74301 
1.73631 1.73661 1.73692 1.73724 1.73758 1.73793 1.7383 1.73871 1.73916 1.73967 1.74027 1.74097 1.7418 1.74281 1.74403 1.7455 1.74726 1.74936 1.75186 1.75479 1.7582 1.76214 1.76664 1.77174 1.77744 1.78377 1.79071 1.79827 1.8064 1.81507 1.82423 1.83381 1.84374 1.85392 1.86426 1.87466 1.88502 1.89522 1.90517 1.91475 1.92386 1.9324 1.94029 1.94745 1.95379 1.95926 1.96379 1.96736 1.96991 1.97142 1.97189 1.9713 1.96967 1.96701 1.96334 1.95871 1.95317 1.94677 1.93958 1.93167 1.92313 1.91406 1.90455 1.8947 1.88461 1.8744 1.86416 1.854 1.84402 1.8343 1.82493 1.81597 1.80749 1.79953 1.79213 1.78532 1.7791 1.77348 1.76845 1.76398 1.76006 1.75666 1.75373 1.75124 1.74914 1.74741 1.746 1.74487 1.74398 1.74331 1.74282 1.74248 1.74228 1.74219 1.74219 1.74227 1.74241 1.7426 1.74282 1.74308 
1.73637 1.73667 1.73698 1.73732 1.73767 1.73804 1.73845 1.7389 1.73941 1.74 1.74069 1.74152 1.74251 1.74372 1.74518 1.74694 1.74906 1.75158 1.75457 1.75807 1.76214 1.76682 1.77216 1.77817 1.78488 1.7923 1.80042 1.80923 1.81867 1.82872 1.83928 1.8503 1.86168 1.87332 1.8851 1.89692 1.90866 1.92019 1.93139 1.94216 1.95238 1.96194 1.97075 1.97873 1.98578 1.99186 1.99689 2.00083 2.00365 2.00532 2.00583 2.00516 2.00334 2.00037 1.99629 1.99113 1.98495 1.9778 1.96975 1.96089 1.95132 1.94111 1.93039 1.91927 1.90785 1.89626 1.88461 1.87303 1.86161 1.85046 1.83968 1.82935 1.81954 1.81032 1.80172 1.79377 1.7865 1.77991 1.77399 1.76873 1.76409 1.76005 1.75656 1.75359 1.75108 1.74899 1.74728 1.74589 1.7448 1.74396 1.74333 1.74289 1.7426 1.74244 1.74238 1.74242 1.74253 1.74269 1.7429 1.74315 
1.73644 1.73673 1.73705 1.7374 1.73776 1.73817 1.73861 1.73911 1.73969 1.74037 1.74118 1.74215 1.74334 1.74477 1.74651 1.74862 1.75114 1.75414 1.75769 1.76184 1.76664 1.77216 1.77841 1.78545 1.79328 1.8019 1.81131 1.82147 1.83234 1.84386 1.85594 1.8685 1.88142 1.89459 1.90789 1.92119 1.93436 1.94726 1.95976 1.97175 1.98309 1.99368 2.00342 2.01222 2.01999 2.02667 2.0322 2.03652 2.03961 2.04143 2.04197 2.04124 2.03922 2.03595 2.03145 2.02576 2.01894 2.01104 2.00213 1.99231 1.98167 1.97031 1.95835 1.94591 1.93311 1.92008 1.90696 1.89387 1.88093 1.86826 1.85598 1.84417 1.83293 1.82233 1.81241 1.80323 1.7948 1.78714 1.78024 1.77409 1.76866 1.7639 1.75979 1.75627 1.75329 1.7508 1.74874 1.74707 1.74574 1.7447 1.74392 1.74335 1.74295 1.74271 1.7426 1.74259 1.74266 1.74279 1.74299 1.74322 
1.73651 1.7368 1.73713 1.73748 1.73787 1.73831 1.7388 1.73936 1.74002 1.7408 1.74174 1.74289 1.74429 1.74599 1.74805 1.75054 1.75352 1.75707 1.76124 1.76611 1.77174 1.77817 1.78545 1.79361 1.80265 1.81259 1.82339 1.83502 1.84741 1.8605 1.87418 1.88835 1.90289 1.91767 1.93254 1.94736 1.96199 1.97629 1.99011 2.00332 2.01579 2.02741 2.03807 2.04768 2.05616 2.06343 2.06944 2.07413 2.07748 2.07945 2.08003 2.07922 2.07702 2.07346 2.06855 2.06235 2.05489 2.04625 2.03649 2.02572 2.01401 2.00149 1.98828 1.9745 1.96028 1.94578 1.93112 1.91646 1.90193 1.88766 1.87379 1.86042 1.84765 1.83557 1.82424 1.81371 1.80403 1.7952 1.78723 1.7801 1.77378 1.76824 1.76343 1.7593 1.75579 1.75285 1.75041 1.74842 1.74682 1.74556 1.74459 1.74387 1.74336 1.74303 1.74284 1.74277 1.7428 1.74291 1.74308 1.7433 
1.73658 1.73688 1.73721 1.73758 1.738 1.73847 1.73901 1.73964 1.74039 1.7413 1.74239 1.74374 1.74537 1.74737 1.7498 1.75272 1.75622 1.76037 1.76524 1.77091 1.77744 1.78488 1.79328 1.80265 1.81302 1.82436 1.83665 1.84984 1.86384 1.87858 1.89394 1.9098 1.92601 1.94243 1.95891 1.97528 1.99139 2.00708 2.02221 2.03663 2.05022 2.06284 2.0744 2.0848 2.09395 2.10179 2.10826 2.11331 2.1169 2.11901 2.11963 2.11876 2.11639 2.11255 2.10725 2.10055 2.09249 2.08314 2.07256 2.06084 2.04809 2.03443 2.01996 2.00484 1.9892 1.97319 1.95698 1.94071 1.92453 1.90861 1.89307 1.87805 1.86367 1.85002 1.83718 1.82523 1.81419 1.8041 1.79496 1.78676 1.77948 1.77308 1.7675 1.7627 1.7586 1.75515 1.75229 1.74993 1.74803 1.74652 1.74535 1.74446 1.74382 1.74338 1.74312 1.74298 1.74296 1.74303 1.74318 1.74338 
1.73666 1.73696 1.7373 1.73769 1.73813 1.73865 1.73925 1.73996 1.74082 1.74186 1.74314 1.7447 1.74661 1.74894 1.75177 1.75518 1.75925 1.76407 1.76971 1.77625 1.78377 1.7923 1.8019 1.81259 1.82436 1.8372 1.85107 1.86589 1.88159 1.89804 1.91514 1.93272 1.95064 1.96873 1.98683 2.00475 2.02232 2.0394 2.05581 2.07141 2.08606 2.09965 2.11207 2.12321 2.133 2.14137 2.14827 2.15365 2.15747 2.15972 2.16038 2.15944 2.15692 2.15282 2.14717 2.14001 2.13138 2.12135 2.10999 2.09738 2.08362 2.06884 2.05316 2.03671 2.01966 2.00215 1.98437 1.96646 1.94862 1.93099 1.91374 1.89701 1.88095 1.86565 1.85123 1.83775 1.82527 1.81383 1.80344 1.79409 1.78577 1.77842 1.77201 1.76647 1.76173 1.75773 1.75438 1.75163 1.74939 1.7476 1.7462 1.74513 1.74434 1.74379 1.74342 1.74322 1.74314 1.74317 1.74329 1.74347 
1.73676 1.73705 1.7374 1.73781 1.73829 1.73885 1.73952 1.74033 1.74131 1.7425 1.74397 1.74578 1.748 1.75071 1.75399 1.75793 1.76263 1.76817 1.77465 1.78214 1.79071 1.80042 1.81131 1.82339 1.83665 1.85107 1.86658 1.88311 1.90055 1.91877 1.93764 1.95697 1.97662 1.99638 2.01607 2.03552 2.05453 2.07294 2.09059 2.10731 2.12298 2.13748 2.15069 2.16252 2.1729 2.18176 2.18905 2.19472 2.19876 2.20113 2.20182 2.20083 2.19817 2.19384 2.18787 2.1803 2.17115 2.1605 2.14841 2.13497 2.12027 2.10442 2.08757 2.06985 2.05141 2.03243 2.01309 1.99356 1.97403 1.95468 1.93568 1.9172 1.89939 1.88239 1.86631 1.85124 1.83724 1.82437 1.81265 1.80208 1.79263 1.78427 1.77696 1.77062 1.76518 1.76057 1.75671 1.75351 1.7509 1.74881 1.74715 1.74588 1.74492 1.74423 1.74377 1.74348 1.74335 1.74333 1.74341 1.74358 
1.73686 1.73715 1.73751 1.73795 1.73846 1.73908 1.73983 1.74074 1.74185 1.74322 1.74491 1.747 1.74955 1.75267 1.75644 1.76096 1.76634 1.77267 1.78005 1.78856 1.79827 1.80923 1.82147 1.83502 1.84984 1.86589 1.88311 1.90139 1.92061 1.94063 1.96128 1.98238 2.00373 2.02513 2.0464 2.06732 2.08772 2.1074 2.12621 2.14399 2.1606 2.17592 2.18985 2.2023 2.21321 2.2225 2.23013 2.23607 2.24029 2.24277 2.24349 2.24247 2.23969 2.23517 2.22892 2.22098 2.21139 2.20019 2.18744 2.17324 2.15766 2.14083 2.12288 2.10394 2.08418 2.06378 2.04291 2.02178 2.00057 1.9795 1.95874 1.93849 1.91891 1.90016 1.88236 1.86563 1.85006 1.83569 1.82257 1.8107 1.80006 1.79063 1.78234 1.77514 1.76895 1.76369 1.75926 1.75558 1.75257 1.75014 1.74821 1.7467 1.74557 1.74473 1.74415 1.74377 1.74357 1.7435 1.74355 1.74369 
1.73697 1.73726 1.73764 1.7381 1.73866 1.73934 1.74018 1.7412 1.74246 1.74402 1.74596 1.74834 1.75126 1.75482 1.75913 1.76428 1.77039 1.77757 1.78591 1.7955 1.8064 1.81867 1.83234 1.84741 1.86384 1.88159 1.90055 1.92061 1.94164 1.96346 1.98588 2.00871 2.03174 2.05475 2.07753 2.09986 2.12156 2.14244 2.16232 2.18106 2.19851 2.21458 2.22914 2.24214 2.25349 2.26315 2.27107 2.27723 2.28161 2.28418 2.28494 2.28388 2.28101 2.27633 2.26986 2.26162 2.25165 2.23997 2.22666 2.21178 2.19543 2.1777 2.15873 2.13867 2.11766 2.0959 2.07357 2.05088 2.02804 2.00526 1.98276 1.96072 1.93936 1.91883 1.89928 1.88086 1.86365 1.84773 1.83315 1.81991 1.80803 1.79745 1.78815 1.78003 1.77304 1.76707 1.76204 1.75784 1.75439 1.7516 1.74936 1.74761 1.74627 1.74528 1.74457 1.7441 1.74382 1.7437 1.7437 1.74382 
1.7371 1.73739 1.73778 1.73827 1.73888 1.73963 1.74056 1.74171 1.74313 1.74491 1.7471 1.74981 1.75313 1.75717 1.76205 1.76788 1.77477 1.78284 1.79219 1.80292 1.81507 1.82872 1.84386 1.8605 1.87858 1.89804 1.91877 1.94063 1.96346 1.98706 2.01124 2.03576 2.06041 2.08495 2.10916 2.13282 2.15573 2.17769 2.19855 2.21814 2.23634 2.25304 2.26814 2.28158 2.29331 2.30326 2.31142 2.31776 2.32226 2.3249 2.32569 2.32462 2.32169 2.3169 2.31026 2.30178 2.2915 2.27944 2.26566 2.25021 2.23317 2.21466 2.19478 2.17369 2.15153 2.1285 2.10479 2.08061 2.05619 2.03176 2.00753 1.98374 1.96058 1.93827 1.91696 1.89681 1.87793 1.86042 1.84432 1.82968 1.81649 1.80473 1.79434 1.78527 1.77742 1.77071 1.76503 1.76029 1.75637 1.75318 1.75062 1.7486 1.74705 1.74588 1.74503 1.74445 1.74409 1.74391 1.74387 1.74396 
1.73723 1.73753 1.73793 1.73846 1.73912 1.73995 1.74098 1.74227 1.74387 1.74587 1.74835 1.75141 1.75515 1.75971 1.76519 1.77173 1.77945 1.78846 1.79888 1.81078 1.82423 1.83928 1.85594 1.87418 1.89394 1.91514 1.93764 1.96128 1.98588 2.01124 2.03711 2.06327 2.08946 2.11545 2.14099 2.16587 2.18988 2.21282 2.23452 2.25485 2.27368 2.2909 2.30644 2.32024 2.33225 2.34243 2.35076 2.35722 2.36181 2.36452 2.36534 2.36426 2.3613 2.35643 2.34968 2.34104 2.33053 2.31818 2.30403 2.28811 2.27052 2.25133 2.23067 2.20866 2.18546 2.16127 2.13627 2.1107 2.08477 2.05874 2.03285 2.00733 1.98242 1.95833 1.93526 1.91337 1.8928 1.87366 1.85603 1.83994 1.82541 1.81241 1.8009 1.79082 1.78208 1.77459 1.76823 1.7629 1.75849 1.75488 1.75197 1.74967 1.74788 1.74653 1.74553 1.74483 1.74438 1.74414 1.74406 1.74411 
1.73738 1.73768 1.7381 1.73866 1.73938 1.74029 1.74144 1.74287 1.74467 1.74691 1.74969 1.75312 1.75732 1.76242 1.76854 1.77583 1.78441 1.7944 1.80591 1.81903 1.83381 1.8503 1.8685 1.88835 1.9098 1.93272 1.95697 1.98238 2.00871 2.03576 2.06327 2.09097 2.11862 2.14595 2.17272 2.1987 2.22367 2.24746 2.26989 2.29083 2.31016 2.3278 2.34367 2.35772 2.36993 2.38026 2.3887 2.39525 2.39989 2.40264 2.40348 2.40242 2.39944 2.39455 2.38774 2.37901 2.36837 2.35582 2.34139 2.32513 2.3071 2.28736 2.26603 2.24324 2.21913 2.19389 2.16772 2.14085 2.11352 2.08598 2.05848 2.0313 2.00467 1.97884 1.95402 1.9304 1.90814 1.88737 1.86817 1.85061 1.8347 1.82044 1.80778 1.79666 1.787 1.77868 1.77162 1.76567 1.76074 1.75669 1.75342 1.75081 1.74878 1.74722 1.74607 1.74525 1.7447 1.74439 1.74425 1.74428 
1.73754 1.73784 1.73829 1.73889 1.73967 1.74067 1.74193 1.74352 1.74552 1.74802 1.75112 1.75495 1.75962 1.76528 1.77208 1.78014 1.7896 1.8006 1.81324 1.8276 1.84374 1.86168 1.88142 1.90289 1.92601 1.95064 1.97662 2.00373 2.03174 2.06041 2.08946 2.11862 2.14761 2.17617 2.20404 2.23099 2.2568 2.2813 2.30433 2.32575 2.34546 2.36339 2.37948 2.3937 2.40601 2.41641 2.4249 2.43148 2.43616 2.43893 2.43979 2.43875 2.43579 2.43092 2.42411 2.41535 2.40465 2.392 2.37742 2.36093 2.34257 2.32242 2.30055 2.27711 2.25222 2.22606 2.19885 2.1708 2.14217 2.11321 2.08421 2.05543 2.02715 1.99963 1.97309 1.94777 1.92383 1.90142 1.88066 1.86161 1.84432 1.82876 1.81493 1.80274 1.79212 1.78297 1.77517 1.76859 1.76311 1.7586 1.75494 1.75202 1.74972 1.74796 1.74664 1.74569 1.74505 1.74465 1.74447 1.74446 
1.73772 1.73802 1.73848 1.73913 1.73997 1.74107 1.74246 1.74422 1.74643 1.7492 1.75263 1.75687 1.76204 1.76828 1.77576 1.78462 1.795 1.80702 1.8208 1.83642 1.85392 1.87332 1.89459 1.91767 1.94243 1.96873 1.99638 2.02513 2.05475 2.08495 2.11545 2.14595 2.17617 2.20583 2.23466 2.26245 2.28897 2.31404 2.33753 2.3593 2.37928 2.39739 2.41359 2.42786 2.4402 2.45061 2.45909 2.46566 2.47033 2.4731 2.47398 2.47298 2.47007 2.46524 2.45848 2.44978 2.4391 2.42644 2.4118 2.39519 2.37663 2.35619 2.33393 2.30997 2.28443 2.2575 2.22937 2.20027 2.17046 2.1402 2.10978 2.0795 2.04965 2.02049 1.9923 1.96531 1.93972 1.9157 1.89338 1.87285 1.85416 1.83731 1.82228 1.80901 1.79743 1.78741 1.77885 1.77162 1.76558 1.7606 1.75654 1.75329 1.75072 1.74874 1.74725 1.74616 1.74541 1.74493 1.7447 1.74465 
1.7379 1.73821 1.73869 1.73938 1.7403 1.74149 1.74301 1.74495 1.74738 1.75043 1.75421 1.75887 1.76454 1.77139 1.77957 1.78924 1.80054 1.8136 1.82853 1.8454 1.86426 1.8851 1.90789 1.93254 1.95891 1.98683 2.01607 2.0464 2.07753 2.10916 2.14099 2.17272 2.20404 2.23466 2.26434 2.29282 2.3199 2.34542 2.36924 2.39124 2.41135 2.42953 2.44575 2.46 2.47228 2.48262 2.49104 2.49756 2.50219 2.50495 2.50585 2.50488 2.50204 2.49731 2.49065 2.48205 2.47147 2.45889 2.44429 2.42767 2.40903 2.38842 2.36589 2.34155 2.31551 2.28793 2.25903 2.22901 2.19814 2.1667 2.13498 2.1033 2.07195 2.04125 2.01147 1.98286 1.95567 1.93007 1.90622 1.88423 1.86415 1.846 1.82978 1.81542 1.80286 1.79197 1.78265 1.77475 1.76813 1.76266 1.7582 1.75461 1.75176 1.74955 1.74788 1.74665 1.74579 1.74523 1.74493 1.74486 
1.73809 1.7384 1.73891 1.73965 1.74064 1.74193 1.74359 1.7457 1.74837 1.75171 1.75584 1.76093 1.76712 1.77458 1.78347 1.79396 1.80618 1.82028 1.83635 1.85447 1.87466 1.89692 1.92119 1.94736 1.97528 2.00475 2.03552 2.06732 2.09986 2.13282 2.16587 2.1987 2.23099 2.26245 2.29282 2.32186 2.34938 2.37521 2.39923 2.42134 2.44149 2.45963 2.47577 2.48991 2.50208 2.51229 2.5206 2.52702 2.53159 2.53432 2.53523 2.53432 2.53157 2.52695 2.52044 2.512 2.50159 2.48916 2.47469 2.45816 2.43955 2.41888 2.39621 2.37162 2.3452 2.31712 2.28757 2.25677 2.22498 2.19248 2.15958 2.1266 2.09387 2.06171 2.03041 2.00027 1.97153 1.9444 1.91906 1.89563 1.87418 1.85476 1.83735 1.82191 1.80836 1.7966 1.78651 1.77794 1.77074 1.76478 1.7599 1.75596 1.75283 1.75039 1.74853 1.74715 1.74618 1.74554 1.74518 1.74507 
1.73829 1.73861 1.73914 1.73992 1.74099 1.74239 1.74419 1.74649 1.74939 1.75301 1.75751 1.76303 1.76974 1.77781 1.78742 1.79871 1.81186 1.82698 1.84418 1.86352 1.88502 1.90866 1.93436 1.96199 1.99139 2.02232 2.05453 2.08772 2.12156 2.15573 2.18988 2.22367 2.2568 2.28897 2.3199 2.34938 2.37721 2.40323 2.42734 2.44945 2.46953 2.48755 2.50353 2.51749 2.52947 2.53951 2.54766 2.55396 2.55844 2.56113 2.56205 2.5612 2.55855 2.55408 2.54775 2.53952 2.52933 2.51713 2.50287 2.4865 2.46802 2.44741 2.42471 2.39998 2.37332 2.34487 2.3148 2.28335 2.25076 2.21733 2.18337 2.14922 2.11521 2.08169 2.04897 2.01737 1.98715 1.95855 1.93177 1.90694 1.88417 1.86349 1.84492 1.82841 1.81389 1.80127 1.7904 1.78116 1.77338 1.76693 1.76163 1.75734 1.75392 1.75125 1.7492 1.74767 1.74658 1.74586 1.74544 1.74529 
1.7385 1.73881 1.73938 1.74021 1.74135 1.74285 1.7448 1.74728 1.75042 1.75434 1.75919 1.76515 1.77238 1.78106 1.79136 1.80346 1.81751 1.83364 1.85193 1.87246 1.89522 1.92019 1.94726 1.97629 2.00708 2.0394 2.07294 2.1074 2.14244 2.17769 2.21282 2.24746 2.2813 2.31404 2.34542 2.37521 2.40323 2.42934 2.45343 2.47546 2.49538 2.5132 2.52895 2.54267 2.55441 2.56423 2.57219 2.57833 2.58271 2.58536 2.58628 2.58548 2.58295 2.57865 2.57254 2.56455 2.55463 2.54271 2.52872 2.5126 2.49433 2.47387 2.45124 2.42649 2.39969 2.37098 2.34053 2.30855 2.2753 2.24106 2.20616 2.17095 2.13578 2.101 2.06697 2.03399 2.00238 1.97239 1.94423 1.91806 1.894 1.87211 1.8524 1.83485 1.81938 1.8059 1.79428 1.78438 1.77603 1.76908 1.76336 1.75873 1.75502 1.75211 1.74987 1.7482 1.74699 1.74618 1.7457 1.74552 
1.73871 1.73903 1.73962 1.7405 1.74171 1.74332 1.74541 1.74808 1.75145 1.75566 1.76087 1.76726 1.77499 1.78427 1.79526 1.80815 1.82307 1.84017 1.85953 1.88119 1.90517 1.93139 1.95976 1.99011 2.02221 2.05581 2.09059 2.12621 2.16232 2.19855 2.23452 2.26989 2.30433 2.33753 2.36924 2.39923 2.42734 2.45343 2.47743 2.49928 2.51898 2.53654 2.552 2.56543 2.5769 2.58646 2.5942 2.60018 2.60444 2.60702 2.60794 2.60721 2.6048 2.60069 2.59481 2.58709 2.57748 2.56588 2.55221 2.53641 2.51841 2.49817 2.4757 2.45102 2.42419 2.39534 2.36461 2.33222 2.29842 2.2635 2.22779 2.19164 2.15542 2.1195 2.08424 2.05 2.01708 1.98577 1.95631 1.92887 1.90358 1.88052 1.85973 1.84117 1.82478 1.81047 1.79811 1.78756 1.77865 1.77121 1.76509 1.7601 1.75611 1.75297 1.75055 1.74872 1.7474 1.74651 1.74597 1.74574 
1.73892 1.73924 1.73985 1.74078 1.74207 1.74379 1.74602 1.74887 1.75247 1.75697 1.76253 1.76933 1.77756 1.78742 1.79907 1.81271 1.82848 1.84651 1.86688 1.88963 1.91475 1.94216 1.97175 2.00332 2.03663 2.07141 2.10731 2.14399 2.18106 2.21814 2.25485 2.29083 2.32575 2.3593 2.39124 2.42134 2.44945 2.47546 2.49928 2.5209 2.54031 2.55756 2.5727 2.58581 2.59697 2.60625 2.61376 2.61955 2.62368 2.62619 2.62712 2.62645 2.62417 2.62024 2.61461 2.60719 2.5979 2.58665 2.57335 2.5579 2.54023 2.52028 2.49804 2.47351 2.44673 2.41782 2.38692 2.35423 2.31999 2.2845 2.24809 2.21112 2.17396 2.13701 2.10064 2.06523 2.03111 1.99858 1.96789 1.93925 1.9128 1.88864 1.86681 1.84728 1.83002 1.81491 1.80184 1.79066 1.78121 1.7733 1.76678 1.76146 1.75719 1.75382 1.75121 1.74924 1.74781 1.74683 1.74623 1.74597 
1.73912 1.73945 1.74009 1.74107 1.74243 1.74425 1.74662 1.74964 1.75347 1.75824 1.76414 1.77134 1.78005 1.79045 1.80275 1.8171 1.83367 1.85258 1.8739 1.89767 1.92386 1.95238 1.98309 2.01579 2.05022 2.08606 2.12298 2.1606 2.19851 2.23634 2.27368 2.31016 2.34546 2.37928 2.41135 2.44149 2.46953 2.49538 2.51898 2.54031 2.5594 2.57631 2.5911 2.60386 2.6147 2.6237 2.63095 2.63655 2.64054 2.64299 2.64391 2.6433 2.64116 2.63742 2.63204 2.62492 2.61598 2.6051 2.59218 2.57711 2.5598 2.54019 2.51823 2.4939 2.46725 2.43837 2.40738 2.37447 2.3399 2.30394 2.26694 2.22925 2.19127 2.1534 2.11604 2.07957 2.04434 2.01068 1.97887 1.94911 1.92158 1.89638 1.87357 1.85314 1.83504 1.81918 1.80543 1.79365 1.78367 1.77532 1.76841 1.76278 1.75824 1.75465 1.75186 1.74975 1.74821 1.74715 1.74649 1.74619 
1.73932 1.73965 1.74032 1.74134 1.74278 1.74469 1.74719 1.75039 1.75442 1.75946 1.76568 1.77326 1.78242 1.79335 1.80624 1.82127 1.83859 1.85831 1.88052 1.90523 1.9324 1.96194 1.99368 2.02741 2.06284 2.09965 2.13748 2.17592 2.21458 2.25304 2.2909 2.3278 2.36339 2.39739 2.42953 2.45963 2.48755 2.5132 2.53654 2.55756 2.57631 2.59285 2.60728 2.61969 2.63019 2.6389 2.64591 2.65131 2.65517 2.65754 2.65845 2.65791 2.65589 2.65235 2.64722 2.6404 2.6318 2.62129 2.60876 2.59409 2.57718 2.55792 2.53627 2.5122 2.48572 2.45692 2.42591 2.39287 2.35805 2.32172 2.28422 2.24593 2.20724 2.16856 2.1303 2.09288 2.05665 2.02197 1.98912 1.95834 1.92981 1.90366 1.87994 1.85866 1.83978 1.82321 1.80883 1.79649 1.78602 1.77725 1.76997 1.76403 1.75924 1.75544 1.75249 1.75024 1.74859 1.74745 1.74674 1.74641 
1.73951 1.73985 1.74054 1.74161 1.74311 1.74512 1.74774 1.75109 1.75533 1.76061 1.76713 1.77507 1.78464 1.79605 1.8095 1.82515 1.84316 1.86364 1.88666 1.91222 1.94029 1.97075 2.00342 2.03807 2.0744 2.11207 2.15069 2.18985 2.22914 2.26814 2.30644 2.34367 2.37948 2.41359 2.44575 2.47577 2.50353 2.52895 2.552 2.5727 2.5911 2.60728 2.62134 2.63341 2.64359 2.652 2.65877 2.66398 2.6677 2.67001 2.67091 2.67043 2.66853 2.66517 2.66028 2.65375 2.64548 2.63535 2.62321 2.60893 2.5924 2.57352 2.5522 2.5284 2.50214 2.47346 2.44248 2.40938 2.37437 2.33775 2.29985 2.26105 2.22174 2.18236 2.14332 2.10505 2.06794 2.03234 1.99856 1.96685 1.93742 1.91039 1.88584 1.86379 1.84419 1.82697 1.81201 1.79915 1.78822 1.77905 1.77144 1.76521 1.76018 1.75619 1.75307 1.7507 1.74896 1.74774 1.74698 1.74662 
1.73969 1.74003 1.74074 1.74185 1.74341 1.74551 1.74825 1.75175 1.75617 1.76168 1.76846 1.77673 1.78669 1.79854 1.81248 1.8287 1.84733 1.86849 1.89224 1.91858 1.94745 1.97873 2.01222 2.04768 2.0848 2.12321 2.16252 2.2023 2.24214 2.28158 2.32024 2.35772 2.3937 2.42786 2.46 2.48991 2.51749 2.54267 2.56543 2.58581 2.60386 2.61969 2.63341 2.64513 2.65501 2.66315 2.66969 2.67472 2.67832 2.68055 2.68145 2.68102 2.67923 2.67605 2.67138 2.66513 2.65717 2.64738 2.63562 2.62172 2.60557 2.58705 2.56606 2.54255 2.51651 2.48799 2.45708 2.42395 2.38883 2.35198 2.31376 2.27452 2.2347 2.19471 2.155 2.116 2.0781 2.04169 2.00709 1.97456 1.94431 1.9165 1.89121 1.86846 1.84822 1.83041 1.81491 1.80158 1.79024 1.78071 1.77279 1.7663 1.76106 1.75688 1.75362 1.75113 1.7493 1.74802 1.74721 1.74681 
1.73985 1.7402 1.74093 1.74208 1.7437 1.74587 1.74871 1.75234 1.75693 1.76264 1.76967 1.77823 1.78853 1.80077 1.81516 1.83188 1.85106 1.87282 1.89721 1.92422 1.95379 1.98578 2.01999 2.05616 2.09395 2.133 2.1729 2.21321 2.25349 2.29331 2.33225 2.36993 2.40601 2.4402 2.47228 2.50208 2.52947 2.55441 2.5769 2.59697 2.6147 2.63019 2.64359 2.65501 2.6646 2.67249 2.67882 2.68368 2.68716 2.68933 2.69022 2.68984 2.68816 2.68513 2.68067 2.67467 2.667 2.65753 2.64611 2.63257 2.61677 2.59858 2.57791 2.55468 2.52887 2.50051 2.46969 2.43657 2.40137 2.36436 2.32588 2.2863 2.24604 2.20555 2.16526 2.12563 2.08706 2.04995 2.01462 1.98138 1.95043 1.92193 1.89599 1.87262 1.85181 1.83348 1.81751 1.80376 1.79205 1.7822 1.77401 1.76728 1.76184 1.75751 1.75411 1.75152 1.74961 1.74826 1.74741 1.74699 
1.74 1.74035 1.7411 1.74228 1.74395 1.74619 1.74912 1.75287 1.7576 1.76349 1.77073 1.77954 1.79014 1.80272 1.81749 1.83464 1.85429 1.87657 1.9015 1.92909 1.95926 1.99186 2.02667 2.06343 2.10179 2.14137 2.18176 2.2225 2.26315 2.30326 2.34243 2.38026 2.41641 2.45061 2.48262 2.51229 2.53951 2.56423 2.58646 2.60625 2.6237 2.6389 2.652 2.66315 2.67249 2.68017 2.68631 2.69102 2.6944 2.69652 2.6974 2.69706 2.69547 2.69257 2.68829 2.68251 2.6751 2.66591 2.65479 2.64157 2.62609 2.60821 2.58782 2.56484 2.53924 2.51104 2.48033 2.44724 2.41199 2.37486 2.33617 2.29631 2.2557 2.21479 2.17403 2.13387 2.09474 2.05703 2.02111 1.98725 1.9557 1.92662 1.90012 1.87622 1.85492 1.83614 1.81977 1.80566 1.79363 1.7835 1.77507 1.76814 1.76253 1.75806 1.75455 1.75187 1.74988 1.74848 1.74759 1.74714 
1.74012 1.74048 1.74124 1.74245 1.74416 1.74646 1.74947 1.75332 1.75817 1.76421 1.77163 1.78065 1.79149 1.80435 1.81945 1.83695 1.857 1.87969 1.90508 1.93314 1.96379 1.99689 2.0322 2.06944 2.10826 2.14827 2.18905 2.23013 2.27107 2.31142 2.35076 2.3887 2.4249 2.45909 2.49104 2.5206 2.54766 2.57219 2.5942 2.61376 2.63095 2.64591 2.65877 2.66969 2.67882 2.68631 2.69229 2.69688 2.70018 2.70225 2.70312 2.70281 2.7013 2.69852 2.69438 2.68879 2.6816 2.67265 2.66178 2.64882 2.63361 2.61599 2.59585 2.57309 2.54768 2.51962 2.48899 2.45594 2.42067 2.38345 2.3446 2.30453 2.26364 2.2224 2.18125 2.14066 2.10108 2.06289 2.02647 1.99212 1.96008 1.93052 1.90356 1.87923 1.85752 1.83837 1.82167 1.80725 1.79496 1.7846 1.77597 1.76887 1.76312 1.75852 1.75492 1.75216 1.75011 1.74867 1.74775 1.74728 
1.74023 1.74059 1.74136 1.74259 1.74434 1.74669 1.74975 1.75368 1.75863 1.76478 1.77235 1.78154 1.79257 1.80566 1.821 1.83878 1.85913 1.88216 1.90789 1.93632 1.96736 2.00083 2.03652 2.07413 2.11331 2.15365 2.19472 2.23607 2.27723 2.31776 2.35722 2.39525 2.43148 2.46566 2.49756 2.52702 2.55396 2.57833 2.60018 2.61955 2.63655 2.65131 2.66398 2.67472 2.68368 2.69102 2.69688 2.70138 2.70461 2.70664 2.70751 2.70723 2.70577 2.70308 2.69907 2.69362 2.68659 2.67783 2.66717 2.65442 2.63941 2.622 2.60205 2.57947 2.5542 2.52626 2.49571 2.46269 2.4274 2.39011 2.35116 2.31092 2.26982 2.22832 2.18688 2.14596 2.10603 2.06747 2.03067 1.99594 1.96351 1.93358 1.90626 1.8816 1.85958 1.84014 1.82317 1.80852 1.79602 1.78547 1.77669 1.76946 1.76359 1.7589 1.75522 1.7524 1.7503 1.74882 1.74787 1.74739 
1.74031 1.74067 1.74145 1.7427 1.74447 1.74685 1.74997 1.75395 1.75897 1.76521 1.77288 1.78219 1.79336 1.80661 1.82213 1.84011 1.86068 1.88394 1.90992 1.93861 1.96991 2.00365 2.03961 2.07748 2.1169 2.15747 2.19876 2.24029 2.28161 2.32226 2.36181 2.39989 2.43616 2.47033 2.50219 2.53159 2.55844 2.58271 2.60444 2.62368 2.64054 2.65517 2.6677 2.67832 2.68716 2.6944 2.70018 2.70461 2.70779 2.70979 2.71066 2.7104 2.70899 2.70636 2.70243 2.69708 2.69018 2.68155 2.67102 2.65842 2.64357 2.6263 2.60648 2.58402 2.55885 2.53099 2.50049 2.46749 2.43219 2.39485 2.35581 2.31545 2.27421 2.23252 2.19088 2.14974 2.10955 2.07074 2.03367 1.99866 1.96597 1.93578 1.90821 1.88331 1.86106 1.84142 1.82426 1.80944 1.79679 1.78611 1.77721 1.76989 1.76394 1.75918 1.75545 1.75258 1.75045 1.74894 1.74797 1.74748 
1.74036 1.74072 1.74151 1.74277 1.74456 1.74696 1.75011 1.75412 1.75919 1.76548 1.77321 1.7826 1.79385 1.80719 1.82282 1.84092 1.86161 1.88501 1.91113 1.93997 1.97142 2.00532 2.04143 2.07945 2.11901 2.15972 2.20113 2.24277 2.28418 2.3249 2.36452 2.40264 2.43893 2.4731 2.50495 2.53432 2.56113 2.58536 2.60702 2.62619 2.64299 2.65754 2.67001 2.68055 2.68933 2.69652 2.70225 2.70664 2.70979 2.71179 2.71265 2.7124 2.71101 2.70842 2.70454 2.69926 2.69242 2.68386 2.67341 2.66089 2.64611 2.62892 2.60917 2.58677 2.56165 2.53382 2.50334 2.47034 2.43502 2.39765 2.35855 2.31812 2.27678 2.23499 2.19323 2.15195 2.11162 2.07266 2.03544 2.00028 1.96743 1.93709 1.90937 1.88433 1.86196 1.8422 1.82493 1.81001 1.79727 1.78652 1.77755 1.77016 1.76416 1.75936 1.75559 1.75269 1.75054 1.74902 1.74804 1.74754 
