2.28222 2.28249 2.28275 2.28301 2.28326 2.2835 2.28374 2.28396 2.28417 2.28438 2.28457 2.28475 2.28492 2.28509 2.28525 2.28541 2.28557 2.28574 2.2859 2.28608 2.28626 2.28647 2.28668 2.28692 2.28717 2.28745 2.28776 2.28809 2.28844 2.28882 2.28922 2.28965 2.2901 2.29056 2.29104 2.29154 2.29203 2.29253 2.29303 2.29352 2.29399 2.29444 2.29487 2.29526 2.29562 2.29593 2.2962 2.29641 2.29658 2.29669 2.29674 2.29673 2.29667 2.29655 2.29638 2.29615 2.29588 2.29556 2.2952 2.29481 2.29438 2.29394 2.29347 2.29299 2.29251 2.29202 2.29153 2.29106 2.29059 2.29014 2.28971 2.28931 2.28893 2.28857 2.28824 2.28795 2.28768 2.28744 2.28724 2.28706 2.28692 2.28681 2.28672 2.28667 2.28664 2.28664 2.28667 2.28673 2.28681 2.28692 2.28705 2.2872 2.28737 2.28756 2.28777 2.288 2.28824 2.28849 2.28874 2.289 
2.28249 2.28275 2.28301 2.28327 2.28352 2.28377 2.284 2.28422 2.28444 2.28464 2.28483 2.28501 2.28519 2.28535 2.28551 2.28567 2.28583 2.28599 2.28616 2.28634 2.28652 2.28673 2.28694 2.28718 2.28744 2.28772 2.28803 2.28836 2.28872 2.28911 2.28952 2.28995 2.29041 2.29089 2.29138 2.29188 2.29239 2.2929 2.29341 2.29391 2.29439 2.29485 2.29529 2.29569 2.29605 2.29637 2.29665 2.29687 2.29704 2.29715 2.2972 2.29719 2.29713 2.29701 2.29683 2.2966 2.29632 2.29599 2.29562 2.29522 2.29479 2.29433 2.29385 2.29336 2.29287 2.29237 2.29187 2.29139 2.29091 2.29045 2.29002 2.2896 2.28922 2.28885 2.28852 2.28822 2.28795 2.28771 2.2875 2.28733 2.28718 2.28707 2.28698 2.28693 2.2869 2.2869 2.28693 2.28699 2.28707 2.28718 2.28731 2.28746 2.28763 2.28783 2.28804 2.28826 2.2885 2.28875 2.28901 2.28927 
2.28275 2.28301 2.28328 2.28353 2.28379 2.28403 2.28426 2.28449 2.2847 2.2849 2.2851 2.28528 2.28546 2.28563 2.28579 2.28595 2.28612 2.28629 2.28646 2.28665 2.28685 2.28706 2.28729 2.28755 2.28783 2.28813 2.28846 2.28882 2.28921 2.28963 2.29007 2.29054 2.29104 2.29155 2.29208 2.29263 2.29318 2.29373 2.29428 2.29482 2.29534 2.29584 2.29631 2.29674 2.29713 2.29748 2.29778 2.29801 2.2982 2.29831 2.29837 2.29836 2.29829 2.29816 2.29796 2.29771 2.29741 2.29705 2.29666 2.29622 2.29575 2.29525 2.29474 2.29421 2.29367 2.29313 2.2926 2.29207 2.29156 2.29106 2.29059 2.29014 2.28972 2.28933 2.28897 2.28865 2.28835 2.28809 2.28787 2.28768 2.28752 2.28739 2.28729 2.28723 2.28719 2.28719 2.28721 2.28727 2.28734 2.28745 2.28758 2.28773 2.2879 2.28809 2.2883 2.28853 2.28876 2.28901 2.28927 2.28953 
2.28301 2.28327 2.28353 2.28379 2.28404 2.28429 2.28452 2.28475 2.28496 2.28517 2.28537 2.28555 2.28573 2.28591 2.28608 2.28626 2.28643 2.28662 2.28681 2.28701 2.28723 2.28747 2.28774 2.28802 2.28834 2.28869 2.28906 2.28947 2.28991 2.29039 2.2909 2.29143 2.29199 2.29258 2.29318 2.2938 2.29442 2.29505 2.29567 2.29628 2.29687 2.29743 2.29796 2.29845 2.2989 2.29929 2.29962 2.29988 2.30009 2.30022 2.30028 2.30027 2.30018 2.30003 2.29981 2.29952 2.29918 2.29878 2.29833 2.29783 2.2973 2.29674 2.29615 2.29555 2.29494 2.29433 2.29372 2.29312 2.29254 2.29198 2.29144 2.29093 2.29046 2.29001 2.2896 2.28923 2.2889 2.2886 2.28834 2.28811 2.28793 2.28777 2.28766 2.28758 2.28753 2.28751 2.28752 2.28756 2.28763 2.28773 2.28785 2.288 2.28817 2.28836 2.28857 2.28879 2.28902 2.28927 2.28953 2.28979 
2.28326 2.28352 2.28379 2.28404 2.2843 2.28454 2.28478 2.28501 2.28523 2.28544 2.28564 2.28583 2.28602 2.28621 2.28639 2.28658 2.28678 2.28698 2.2872 2.28744 2.28769 2.28797 2.28828 2.28862 2.28899 2.2894 2.28984 2.29033 2.29085 2.29141 2.29201 2.29264 2.2933 2.29399 2.2947 2.29543 2.29616 2.2969 2.29762 2.29834 2.29903 2.29968 2.3003 2.30087 2.30139 2.30184 2.30222 2.30253 2.30276 2.30291 2.30298 2.30296 2.30286 2.30268 2.30242 2.30209 2.30168 2.30121 2.30068 2.3001 2.29948 2.29882 2.29813 2.29743 2.29671 2.29599 2.29528 2.29458 2.29389 2.29323 2.2926 2.292 2.29144 2.29091 2.29043 2.28998 2.28958 2.28923 2.28892 2.28864 2.28842 2.28823 2.28808 2.28797 2.28789 2.28785 2.28785 2.28788 2.28793 2.28802 2.28814 2.28828 2.28844 2.28862 2.28883 2.28905 2.28928 2.28952 2.28978 2.29004 
2.2835 2.28377 2.28403 2.28429 2.28454 2.28479 2.28503 2.28526 2.28549 2.2857 2.28591 2.28612 2.28632 2.28652 2.28672 2.28693 2.28716 2.28739 2.28765 2.28792 2.28823 2.28856 2.28893 2.28934 2.28979 2.29029 2.29083 2.29141 2.29205 2.29273 2.29345 2.29421 2.29501 2.29584 2.29669 2.29756 2.29844 2.29932 2.30019 2.30104 2.30187 2.30265 2.30338 2.30406 2.30467 2.30521 2.30566 2.30602 2.3063 2.30647 2.30655 2.30652 2.3064 2.30618 2.30587 2.30546 2.30498 2.30441 2.30378 2.30309 2.30234 2.30155 2.30073 2.29989 2.29903 2.29817 2.29731 2.29647 2.29565 2.29485 2.29409 2.29337 2.29268 2.29205 2.29146 2.29092 2.29044 2.29 2.28962 2.28928 2.28899 2.28875 2.28856 2.28841 2.2883 2.28823 2.2882 2.28821 2.28825 2.28832 2.28842 2.28855 2.28871 2.28889 2.28908 2.2893 2.28953 2.28977 2.29002 2.29028 
2.28374 2.284 2.28426 2.28452 2.28478 2.28503 2.28527 2.28551 2.28574 2.28597 2.28619 2.2864 2.28662 2.28685 2.28707 2.28732 2.28757 2.28785 2.28815 2.28848 2.28885 2.28926 2.28971 2.29021 2.29077 2.29138 2.29204 2.29276 2.29354 2.29437 2.29525 2.29619 2.29716 2.29817 2.29921 2.30027 2.30133 2.3024 2.30345 2.30448 2.30547 2.30641 2.30729 2.30811 2.30884 2.30948 2.31002 2.31045 2.31078 2.31098 2.31107 2.31104 2.31088 2.31062 2.31023 2.30975 2.30916 2.30847 2.30771 2.30687 2.30596 2.30501 2.30402 2.30299 2.30196 2.30091 2.29987 2.29885 2.29785 2.29688 2.29595 2.29507 2.29424 2.29346 2.29274 2.29208 2.29148 2.29094 2.29046 2.29004 2.28967 2.28937 2.28911 2.28891 2.28876 2.28865 2.28859 2.28856 2.28858 2.28863 2.28872 2.28883 2.28898 2.28915 2.28934 2.28955 2.28977 2.29001 2.29026 2.29052 
2.28396 2.28422 2.28449 2.28475 2.28501 2.28526 2.28551 2.28575 2.28599 2.28623 2.28646 2.2867 2.28694 2.28719 2.28745 2.28773 2.28803 2.28836 2.28873 2.28913 2.28958 2.29009 2.29064 2.29126 2.29195 2.2927 2.29352 2.29441 2.29537 2.29639 2.29748 2.29862 2.29982 2.30105 2.30232 2.30361 2.30491 2.3062 2.30748 2.30872 2.30992 2.31106 2.31213 2.3131 2.31398 2.31475 2.3154 2.31592 2.3163 2.31655 2.31665 2.3166 2.31642 2.31609 2.31562 2.31503 2.31431 2.31348 2.31255 2.31153 2.31044 2.30928 2.30807 2.30683 2.30557 2.30429 2.30303 2.30178 2.30056 2.29937 2.29824 2.29716 2.29613 2.29518 2.29429 2.29347 2.29273 2.29205 2.29146 2.29093 2.29047 2.29007 2.28974 2.28948 2.28926 2.28911 2.289 2.28894 2.28893 2.28895 2.28902 2.28912 2.28925 2.2894 2.28958 2.28979 2.29001 2.29024 2.29049 2.29074 
2.28417 2.28444 2.2847 2.28496 2.28523 2.28549 2.28574 2.28599 2.28624 2.2865 2.28675 2.28701 2.28728 2.28756 2.28786 2.28819 2.28855 2.28895 2.28939 2.28989 2.29044 2.29106 2.29175 2.29252 2.29336 2.29429 2.2953 2.2964 2.29758 2.29884 2.30018 2.30158 2.30304 2.30455 2.3061 2.30767 2.30925 2.31082 2.31237 2.31388 2.31533 2.3167 2.31799 2.31917 2.32022 2.32114 2.32192 2.32254 2.323 2.32329 2.3234 2.32334 2.32311 2.32271 2.32214 2.32142 2.32055 2.31955 2.31842 2.31718 2.31586 2.31445 2.31299 2.31148 2.30994 2.30839 2.30685 2.30533 2.30384 2.30239 2.301 2.29968 2.29842 2.29724 2.29615 2.29514 2.29422 2.29339 2.29264 2.29198 2.2914 2.2909 2.29047 2.29012 2.28984 2.28962 2.28946 2.28935 2.2893 2.28929 2.28933 2.28941 2.28952 2.28966 2.28983 2.29002 2.29023 2.29046 2.29071 2.29096 
2.28438 2.28464 2.2849 2.28517 2.28544 2.2857 2.28597 2.28623 2.2865 2.28677 2.28704 2.28733 2.28763 2.28796 2.28831 2.2887 2.28913 2.28962 2.29016 2.29077 2.29145 2.29221 2.29306 2.29401 2.29505 2.2962 2.29744 2.29879 2.30024 2.30179 2.30342 2.30514 2.30692 2.30876 2.31064 2.31255 2.31446 2.31636 2.31823 2.32005 2.3218 2.32345 2.32499 2.32641 2.32767 2.32878 2.3297 2.33044 2.33098 2.33132 2.33145 2.33138 2.33109 2.3306 2.32992 2.32905 2.328 2.32678 2.32542 2.32393 2.32233 2.32063 2.31886 2.31703 2.31517 2.3133 2.31143 2.30958 2.30777 2.306 2.30431 2.30269 2.30115 2.29971 2.29837 2.29713 2.29599 2.29496 2.29403 2.29321 2.29248 2.29185 2.29131 2.29086 2.29048 2.29019 2.28996 2.2898 2.2897 2.28965 2.28966 2.2897 2.28979 2.28992 2.29007 2.29025 2.29045 2.29068 2.29091 2.29116 
2.28457 2.28483 2.2851 2.28537 2.28564 2.28591 2.28619 2.28646 2.28675 2.28704 2.28735 2.28767 2.28802 2.2884 2.28881 2.28928 2.2898 2.29039 2.29105 2.29179 2.29263 2.29356 2.29461 2.29577 2.29706 2.29846 2.29999 2.30164 2.30341 2.3053 2.30729 2.30937 2.31153 2.31376 2.31603 2.31833 2.32064 2.32292 2.32517 2.32735 2.32944 2.33142 2.33327 2.33495 2.33646 2.33777 2.33887 2.33975 2.34039 2.34079 2.34094 2.34084 2.34049 2.3399 2.33908 2.33803 2.33677 2.33531 2.33368 2.33189 2.32997 2.32793 2.3258 2.3236 2.32136 2.3191 2.31684 2.31461 2.31242 2.31028 2.30823 2.30626 2.30439 2.30264 2.301 2.29948 2.29808 2.29682 2.29567 2.29465 2.29375 2.29296 2.29228 2.2917 2.29122 2.29083 2.29052 2.29029 2.29013 2.29004 2.29 2.29001 2.29007 2.29018 2.29031 2.29048 2.29067 2.29088 2.29111 2.29136 
2.28475 2.28501 2.28528 2.28555 2.28583 2.28612 2.2864 2.2867 2.28701 2.28733 2.28767 2.28804 2.28844 2.28888 2.28938 2.28993 2.29056 2.29127 2.29208 2.29299 2.29401 2.29516 2.29644 2.29786 2.29942 2.30114 2.303 2.30501 2.30716 2.30944 2.31184 2.31436 2.31696 2.31964 2.32237 2.32513 2.32789 2.33062 2.3333 2.3359 2.33839 2.34074 2.34293 2.34492 2.34671 2.34826 2.34956 2.35059 2.35134 2.35181 2.35198 2.35185 2.35143 2.35073 2.34974 2.34849 2.34699 2.34526 2.34331 2.34118 2.33888 2.33645 2.33391 2.33128 2.32861 2.3259 2.32319 2.32051 2.31788 2.31531 2.31283 2.31046 2.3082 2.30607 2.30408 2.30224 2.30054 2.29899 2.29759 2.29633 2.29522 2.29424 2.2934 2.29267 2.29206 2.29156 2.29116 2.29084 2.29061 2.29046 2.29037 2.29034 2.29037 2.29044 2.29055 2.2907 2.29088 2.29108 2.2913 2.29154 
2.28492 2.28519 2.28546 2.28573 2.28602 2.28632 2.28662 2.28694 2.28728 2.28763 2.28802 2.28844 2.28891 2.28943 2.29002 2.29068 2.29144 2.2923 2.29328 2.29438 2.29563 2.29702 2.29858 2.30031 2.30221 2.30428 2.30653 2.30896 2.31155 2.31429 2.31718 2.32019 2.32331 2.32651 2.32976 2.33305 2.33632 2.33957 2.34274 2.34581 2.34875 2.35153 2.3541 2.35645 2.35855 2.36036 2.36189 2.36309 2.36397 2.3645 2.3647 2.36454 2.36404 2.3632 2.36204 2.36056 2.35879 2.35674 2.35444 2.35192 2.3492 2.34632 2.3433 2.34019 2.33701 2.33379 2.33057 2.32737 2.32423 2.32116 2.31819 2.31535 2.31264 2.31008 2.30768 2.30546 2.3034 2.30153 2.29982 2.2983 2.29693 2.29573 2.29469 2.29379 2.29303 2.29239 2.29187 2.29146 2.29114 2.29092 2.29077 2.29069 2.29067 2.29071 2.2908 2.29092 2.29109 2.29127 2.29149 2.29172 
2.28509 2.28535 2.28563 2.28591 2.28621 2.28652 2.28685 2.28719 2.28756 2.28796 2.2884 2.28888 2.28943 2.29005 2.29074 2.29154 2.29245 2.29349 2.29467 2.29601 2.29751 2.2992 2.30108 2.30317 2.30545 2.30795 2.31065 2.31356 2.31665 2.31993 2.32337 2.32696 2.33066 2.33445 2.3383 2.34218 2.34604 2.34986 2.35359 2.3572 2.36064 2.36389 2.3669 2.36964 2.37208 2.3742 2.37597 2.37737 2.37838 2.379 2.37921 2.37902 2.37843 2.37745 2.37608 2.37434 2.37226 2.36986 2.36716 2.3642 2.36101 2.35763 2.35408 2.35042 2.34667 2.34287 2.33907 2.33528 2.33156 2.32792 2.3244 2.32101 2.31778 2.31473 2.31186 2.30919 2.30673 2.30447 2.30242 2.30057 2.29892 2.29746 2.29618 2.29507 2.29413 2.29334 2.29268 2.29215 2.29173 2.29142 2.2912 2.29106 2.291 2.291 2.29105 2.29115 2.29129 2.29147 2.29167 2.29189 
2.28525 2.28551 2.28579 2.28608 2.28639 2.28672 2.28707 2.28745 2.28786 2.28831 2.28881 2.28938 2.29002 2.29074 2.29158 2.29253 2.29362 2.29487 2.29629 2.29789 2.2997 2.30173 2.30399 2.30648 2.30922 2.3122 2.31542 2.31888 2.32255 2.32644 2.33051 2.33474 2.3391 2.34356 2.34808 2.35262 2.35714 2.3616 2.36595 2.37015 2.37415 2.37792 2.38141 2.38459 2.38741 2.38986 2.3919 2.39351 2.39468 2.39538 2.39562 2.39539 2.3947 2.39355 2.39196 2.38994 2.38752 2.38473 2.38159 2.37814 2.37443 2.37048 2.36634 2.36206 2.35768 2.35323 2.34877 2.34433 2.33995 2.33567 2.33151 2.32751 2.32369 2.32007 2.31667 2.3135 2.31056 2.30786 2.30541 2.30319 2.3012 2.29944 2.2979 2.29655 2.29539 2.29442 2.2936 2.29293 2.2924 2.29199 2.29168 2.29147 2.29135 2.2913 2.29132 2.29138 2.2915 2.29166 2.29184 2.29206 
2.28541 2.28567 2.28595 2.28626 2.28658 2.28693 2.28732 2.28773 2.28819 2.2887 2.28928 2.28993 2.29068 2.29154 2.29253 2.29367 2.29497 2.29646 2.29815 2.30007 2.30224 2.30466 2.30735 2.31031 2.31356 2.31709 2.3209 2.32498 2.32931 2.33388 2.33866 2.34361 2.34871 2.35391 2.35918 2.36446 2.36971 2.37487 2.37991 2.38476 2.38938 2.39372 2.39773 2.40138 2.40463 2.40743 2.40977 2.41161 2.41293 2.41374 2.414 2.41373 2.41293 2.4116 2.40976 2.40743 2.40464 2.40142 2.3978 2.39382 2.38952 2.38496 2.38017 2.37521 2.37012 2.36495 2.35976 2.35459 2.34948 2.34447 2.33961 2.33492 2.33043 2.32618 2.32217 2.31842 2.31495 2.31175 2.30884 2.3062 2.30383 2.30172 2.29986 2.29824 2.29684 2.29565 2.29464 2.29382 2.29315 2.29262 2.29221 2.29192 2.29173 2.29163 2.2916 2.29163 2.29172 2.29185 2.29202 2.29223 
2.28557 2.28583 2.28612 2.28643 2.28678 2.28716 2.28757 2.28803 2.28855 2.28913 2.2898 2.29056 2.29144 2.29245 2.29362 2.29497 2.29652 2.29829 2.3003 2.30258 2.30515 2.30801 2.31119 2.3147 2.31852 2.32268 2.32715 2.33193 2.33699 2.34232 2.34789 2.35365 2.35956 2.36559 2.37167 2.37776 2.38381 2.38975 2.39552 2.40108 2.40637 2.41133 2.41592 2.42008 2.42377 2.42696 2.42961 2.4317 2.4332 2.4341 2.4344 2.43408 2.43315 2.43163 2.42953 2.42686 2.42367 2.41998 2.41584 2.41128 2.40636 2.40112 2.39562 2.38992 2.38406 2.3781 2.37211 2.36613 2.36021 2.3544 2.34875 2.3433 2.33807 2.3331 2.32841 2.32402 2.31994 2.31618 2.31274 2.30963 2.30682 2.30432 2.3021 2.30017 2.29849 2.29705 2.29583 2.29482 2.29399 2.29332 2.29281 2.29242 2.29215 2.29198 2.29189 2.29188 2.29194 2.29205 2.2922 2.29239 
2.28574 2.28599 2.28629 2.28662 2.28698 2.28739 2.28785 2.28836 2.28895 2.28962 2.29039 2.29127 2.2923 2.29349 2.29487 2.29646 2.29829 2.30038 2.30276 2.30545 2.30847 2.31184 2.31558 2.31968 2.32416 2.32901 2.33422 2.33978 2.34566 2.35183 2.35826 2.3649 2.37171 2.37863 2.38561 2.39259 2.39949 2.40627 2.41285 2.41917 2.42518 2.4308 2.436 2.4407 2.44487 2.44847 2.45146 2.45381 2.4555 2.45651 2.45683 2.45646 2.4554 2.45367 2.45129 2.44827 2.44465 2.44046 2.43576 2.43058 2.42498 2.41902 2.41275 2.40624 2.39955 2.39273 2.38586 2.379 2.3722 2.36552 2.359 2.3527 2.34665 2.34089 2.33544 2.33034 2.32558 2.32119 2.31717 2.31351 2.31021 2.30726 2.30465 2.30235 2.30036 2.29864 2.29718 2.29595 2.29494 2.29412 2.29347 2.29297 2.29261 2.29236 2.29222 2.29216 2.29217 2.29225 2.29239 2.29256 
2.2859 2.28616 2.28646 2.28681 2.2872 2.28765 2.28815 2.28873 2.28939 2.29016 2.29105 2.29208 2.29328 2.29467 2.29629 2.29815 2.3003 2.30276 2.30555 2.3087 2.31224 2.31618 2.32053 2.32531 2.33051 2.33613 2.34216 2.34857 2.35535 2.36244 2.36982 2.37742 2.3852 2.3931 2.40104 2.40896 2.41679 2.42447 2.4319 2.43904 2.44581 2.45214 2.45797 2.46325 2.46793 2.47196 2.4753 2.47792 2.47981 2.48093 2.48128 2.48085 2.47966 2.47771 2.47503 2.47163 2.46756 2.46285 2.45755 2.45171 2.4454 2.43866 2.43158 2.4242 2.41661 2.40888 2.40106 2.39325 2.38549 2.37785 2.37039 2.36316 2.35621 2.34958 2.34331 2.33741 2.33191 2.32682 2.32214 2.31789 2.31404 2.31059 2.30752 2.30482 2.30247 2.30043 2.29869 2.29723 2.29601 2.29501 2.29421 2.29359 2.29312 2.29279 2.29257 2.29246 2.29243 2.29247 2.29258 2.29274 
2.28608 2.28634 2.28665 2.28701 2.28744 2.28792 2.28848 2.28913 2.28989 2.29077 2.29179 2.29299 2.29438 2.29601 2.29789 2.30007 2.30258 2.30545 2.3087 2.31237 2.31648 2.32105 2.32609 2.33161 2.33761 2.34408 2.351 2.35835 2.3661 2.37419 2.38259 2.39123 2.40006 2.40899 2.41796 2.4269 2.43571 2.44433 2.45268 2.46067 2.46823 2.4753 2.48181 2.48769 2.49289 2.49737 2.50108 2.50399 2.50607 2.50731 2.50768 2.5072 2.50587 2.50369 2.5007 2.49691 2.49237 2.48711 2.48119 2.47466 2.46759 2.46004 2.45209 2.4438 2.43526 2.42654 2.41772 2.40888 2.4001 2.39143 2.38295 2.37472 2.3668 2.35922 2.35204 2.34527 2.33895 2.33309 2.3277 2.32278 2.31832 2.31431 2.31075 2.30759 2.30484 2.30245 2.3004 2.29866 2.29721 2.29601 2.29504 2.29428 2.29369 2.29326 2.29296 2.29278 2.2927 2.2927 2.29278 2.29293 
2.28626 2.28652 2.28685 2.28723 2.28769 2.28823 2.28885 2.28958 2.29044 2.29145 2.29263 2.29401 2.29563 2.29751 2.2997 2.30224 2.30515 2.30847 2.31224 2.31648 2.32122 2.32649 2.33228 2.33862 2.34549 2.35288 2.36077 2.36914 2.37793 2.3871 2.3966 2.40635 2.41628 2.42632 2.43638 2.44638 2.45623 2.46584 2.47513 2.48401 2.49241 2.50024 2.50744 2.51394 2.51969 2.52462 2.52871 2.53191 2.5342 2.53555 2.53596 2.53542 2.53394 2.53153 2.52822 2.52402 2.51899 2.51317 2.50661 2.49937 2.49151 2.48311 2.47425 2.46501 2.45547 2.44572 2.43584 2.42591 2.41603 2.40627 2.3967 2.3874 2.37842 2.36983 2.36166 2.35395 2.34674 2.34004 2.33386 2.32821 2.32308 2.31846 2.31434 2.31069 2.30748 2.3047 2.3023 2.30027 2.29855 2.29713 2.29597 2.29504 2.29432 2.29377 2.29339 2.29313 2.29299 2.29295 2.293 2.29313 
2.28647 2.28673 2.28706 2.28747 2.28797 2.28856 2.28926 2.29009 2.29106 2.29221 2.29356 2.29516 2.29702 2.2992 2.30173 2.30466 2.30801 2.31184 2.31618 2.32105 2.32649 2.33251 2.33913 2.34635 2.35416 2.36255 2.37148 2.38093 2.39085 2.40116 2.41182 2.42274 2.43385 2.44505 2.45625 2.46736 2.47828 2.48892 2.49919 2.50899 2.51824 2.52686 2.53476 2.5419 2.54819 2.5536 2.55806 2.56156 2.56406 2.56553 2.56597 2.56537 2.56374 2.5611 2.55746 2.55286 2.54733 2.54093 2.53371 2.52573 2.51707 2.5078 2.49801 2.48778 2.47719 2.46636 2.45537 2.44431 2.43327 2.42235 2.41163 2.40119 2.39109 2.3814 2.37217 2.36346 2.35528 2.34767 2.34064 2.33419 2.32833 2.32305 2.31831 2.31412 2.31042 2.3072 2.30442 2.30205 2.30004 2.29837 2.297 2.29589 2.29502 2.29435 2.29386 2.29352 2.29331 2.29323 2.29324 2.29334 
2.28668 2.28694 2.28729 2.28774 2.28828 2.28893 2.28971 2.29064 2.29175 2.29306 2.29461 2.29644 2.29858 2.30108 2.30399 2.30735 2.31119 2.31558 2.32053 2.32609 2.33228 2.33913 2.34664 2.35481 2.36363 2.37308 2.38313 2.39374 2.40483 2.41636 2.42824 2.44039 2.45272 2.46512 2.47751 2.48976 2.50179 2.51349 2.52475 2.53549 2.54561 2.55501 2.56364 2.57141 2.57825 2.58413 2.58898 2.59277 2.59547 2.59706 2.59753 2.59688 2.5951 2.59222 2.58826 2.58325 2.57722 2.57024 2.56236 2.55364 2.54416 2.534 2.52325 2.512 2.50035 2.4884 2.47626 2.46401 2.45178 2.43965 2.42771 2.41606 2.40478 2.39394 2.38359 2.37379 2.36458 2.35599 2.34805 2.34075 2.33409 2.32808 2.32269 2.31789 2.31366 2.30996 2.30676 2.30402 2.30169 2.29974 2.29814 2.29683 2.29579 2.29498 2.29437 2.29394 2.29367 2.29352 2.2935 2.29357 
2.28692 2.28718 2.28755 2.28802 2.28862 2.28934 2.29021 2.29126 2.29252 2.29401 2.29577 2.29786 2.30031 2.30317 2.30648 2.31031 2.3147 2.31968 2.32531 2.33161 2.33862 2.34635 2.35481 2.36399 2.37389 2.38448 2.3957 2.40752 2.41986 2.43265 2.44581 2.45923 2.47282 2.48647 2.50006 2.51349 2.52665 2.53941 2.55169 2.56336 2.57435 2.58455 2.59389 2.60229 2.60968 2.61602 2.62125 2.62533 2.62824 2.62995 2.63045 2.62974 2.62782 2.62471 2.62042 2.61501 2.60849 2.60093 2.59239 2.58293 2.57263 2.56158 2.54986 2.53758 2.52485 2.51176 2.49843 2.48497 2.47149 2.4581 2.4449 2.432 2.41947 2.40741 2.39588 2.38494 2.37464 2.36501 2.35608 2.34787 2.34036 2.33357 2.32746 2.32201 2.3172 2.31299 2.30933 2.30618 2.30351 2.30126 2.29939 2.29786 2.29663 2.29567 2.29494 2.29441 2.29405 2.29385 2.29377 2.29382 
2.28717 2.28744 2.28783 2.28834 2.28899 2.28979 2.29077 2.29195 2.29336 2.29505 2.29706 2.29942 2.30221 2.30545 2.30922 2.31356 2.31852 2.32416 2.33051 2.33761 2.34549 2.35416 2.36363 2.37389 2.38493 2.3967 2.40916 2.42224 2.43588 2.44998 2.46445 2.47918 2.49406 2.50898 2.5238 2.53842 2.5527 2.56655 2.57983 2.59244 2.60428 2.61527 2.62531 2.63433 2.64226 2.64905 2.65465 2.65902 2.66212 2.66395 2.66448 2.66371 2.66165 2.65832 2.65373 2.64791 2.64092 2.6328 2.62361 2.61341 2.6023 2.59036 2.57768 2.56437 2.55054 2.53629 2.52176 2.50707 2.49232 2.47764 2.46314 2.44893 2.43512 2.42179 2.40902 2.39688 2.38542 2.3747 2.36473 2.35554 2.34714 2.33951 2.33263 2.32649 2.32106 2.31628 2.31213 2.30854 2.30549 2.30291 2.30076 2.29899 2.29756 2.29643 2.29556 2.29492 2.29447 2.2942 2.29408 2.2941 
2.28745 2.28772 2.28813 2.28869 2.2894 2.29029 2.29138 2.2927 2.29429 2.2962 2.29846 2.30114 2.30428 2.30795 2.3122 2.31709 2.32268 2.32901 2.33613 2.34408 2.35288 2.36255 2.37308 2.38448 2.3967 2.40971 2.42345 2.43784 2.45281 2.46826 2.48407 2.50014 2.51633 2.53252 2.54858 2.56438 2.5798 2.5947 2.60898 2.62251 2.6352 2.64695 2.65767 2.66729 2.67574 2.68297 2.68892 2.69356 2.69685 2.69879 2.69935 2.69854 2.69635 2.6928 2.68791 2.68172 2.67427 2.6656 2.65578 2.64488 2.63297 2.62016 2.60653 2.59219 2.57727 2.56188 2.54614 2.53019 2.51415 2.49816 2.48234 2.4668 2.45165 2.43701 2.42295 2.40956 2.39691 2.38503 2.37398 2.36377 2.3544 2.34588 2.3382 2.33132 2.32522 2.31984 2.31515 2.3111 2.30764 2.3047 2.30225 2.30022 2.29857 2.29726 2.29623 2.29547 2.29493 2.29458 2.29441 2.29439 
2.28776 2.28803 2.28846 2.28906 2.28984 2.29083 2.29204 2.29352 2.2953 2.29744 2.29999 2.303 2.30653 2.31065 2.31542 2.3209 2.32715 2.33422 2.34216 2.351 2.36077 2.37148 2.38313 2.3957 2.40916 2.42345 2.4385 2.45424 2.47058 2.48739 2.50456 2.52197 2.53948 2.55695 2.57424 2.59122 2.60774 2.62369 2.63893 2.65336 2.66686 2.67934 2.69072 2.70091 2.70985 2.71749 2.72378 2.72867 2.73215 2.73419 2.73479 2.73393 2.73161 2.72787 2.72271 2.71616 2.70827 2.69909 2.68867 2.67708 2.66441 2.65075 2.6362 2.62086 2.60486 2.58833 2.5714 2.5542 2.53687 2.51956 2.50239 2.48549 2.46899 2.453 2.43763 2.42295 2.40905 2.39598 2.38379 2.3725 2.36214 2.35269 2.34415 2.33649 2.32967 2.32366 2.31841 2.31386 2.30995 2.30664 2.30385 2.30155 2.29966 2.29815 2.29697 2.29607 2.29542 2.295 2.29477 2.29472 
2.28809 2.28836 2.28882 2.28947 2.29033 2.29141 2.29276 2.29441 2.2964 2.29879 2.30164 2.30501 2.30896 2.31356 2.31888 2.32498 2.33193 2.33978 2.34857 2.35835 2.36914 2.38093 2.39374 2.40752 2.42224 2.43784 2.45424 2.47136 2.48907 2.50726 2.5258 2.54455 2.56336 2.5821 2.6006 2.61872 2.63633 2.65329 2.66946 2.68475 2.69902 2.7122 2.72419 2.73492 2.74432 2.75234 2.75894 2.76408 2.76772 2.76986 2.77049 2.76958 2.76716 2.76324 2.75782 2.75095 2.74266 2.73299 2.72201 2.70978 2.69639 2.68192 2.66647 2.65017 2.63313 2.61548 2.59737 2.57894 2.56033 2.54169 2.52317 2.50491 2.48704 2.46968 2.45296 2.43696 2.42178 2.40748 2.39412 2.38172 2.37031 2.35989 2.35046 2.34197 2.33442 2.32774 2.32188 2.3168 2.31243 2.30871 2.30558 2.30297 2.30083 2.29911 2.29775 2.29672 2.29596 2.29545 2.29516 2.29507 
2.28844 2.28872 2.28921 2.28991 2.29085 2.29205 2.29354 2.29537 2.29758 2.30024 2.30341 2.30716 2.31155 2.31665 2.32255 2.32931 2.33699 2.34566 2.35535 2.3661 2.37793 2.39085 2.40483 2.41986 2.43588 2.45281 2.47058 2.48907 2.50816 2.52773 2.54763 2.56771 2.58781 2.60778 2.62746 2.64669 2.66534 2.68326 2.70033 2.71642 2.73142 2.74524 2.75781 2.76903 2.77885 2.78723 2.79411 2.79946 2.80326 2.8055 2.80615 2.80521 2.8027 2.79861 2.79297 2.7858 2.77714 2.76704 2.75554 2.74271 2.72864 2.71341 2.69712 2.67989 2.66185 2.64313 2.62387 2.60423 2.58436 2.56441 2.54455 2.52492 2.50568 2.48695 2.46886 2.45153 2.43504 2.41949 2.40491 2.39137 2.37889 2.36746 2.3571 2.34776 2.33943 2.33204 2.32557 2.31993 2.31507 2.31092 2.30742 2.30449 2.30209 2.30014 2.2986 2.29741 2.29653 2.29593 2.29557 2.29544 
2.28882 2.28911 2.28963 2.29039 2.29141 2.29273 2.29437 2.29639 2.29884 2.30179 2.3053 2.30944 2.31429 2.31993 2.32644 2.33388 2.34232 2.35183 2.36244 2.37419 2.3871 2.40116 2.41636 2.43265 2.44998 2.46826 2.48739 2.50726 2.52773 2.54866 2.5699 2.59128 2.61263 2.6338 2.65461 2.67491 2.69455 2.71338 2.73128 2.74812 2.76379 2.77821 2.79129 2.80296 2.81317 2.82185 2.82899 2.83454 2.83848 2.84079 2.84147 2.84051 2.83792 2.83369 2.82786 2.82043 2.81144 2.80094 2.78897 2.7756 2.76091 2.74497 2.7279 2.7098 2.69081 2.67106 2.6507 2.62989 2.60879 2.58756 2.56638 2.5454 2.52479 2.50469 2.48523 2.46655 2.44875 2.43191 2.41612 2.40141 2.38782 2.37536 2.36403 2.35382 2.34468 2.33657 2.32944 2.32322 2.31785 2.31325 2.30936 2.30611 2.30342 2.30123 2.29949 2.29814 2.29714 2.29644 2.29602 2.29584 
2.28922 2.28952 2.29007 2.2909 2.29201 2.29345 2.29525 2.29748 2.30018 2.30342 2.30729 2.31184 2.31718 2.32337 2.33051 2.33866 2.34789 2.35826 2.36982 2.38259 2.3966 2.41182 2.42824 2.44581 2.46445 2.48407 2.50456 2.5258 2.54763 2.5699 2.59244 2.61508 2.63765 2.65996 2.68185 2.70316 2.72373 2.7434 2.76207 2.77959 2.79588 2.81083 2.82437 2.83644 2.84698 2.85594 2.8633 2.86901 2.87307 2.87546 2.87617 2.87519 2.87253 2.86819 2.86219 2.85455 2.84528 2.83443 2.82205 2.8082 2.79294 2.77636 2.75857 2.73966 2.71978 2.69906 2.67765 2.65572 2.63343 2.61097 2.5885 2.5662 2.54424 2.52277 2.50196 2.48193 2.46281 2.44469 2.42765 2.41176 2.39704 2.38354 2.37123 2.36011 2.35014 2.34128 2.33348 2.32666 2.32075 2.31569 2.3114 2.3078 2.30482 2.30238 2.30044 2.29892 2.29779 2.29699 2.29649 2.29627 
2.28965 2.28995 2.29054 2.29143 2.29264 2.29421 2.29619 2.29862 2.30158 2.30514 2.30937 2.31436 2.32019 2.32696 2.33474 2.34361 2.35365 2.3649 2.37742 2.39123 2.40635 2.42274 2.44039 2.45923 2.47918 2.50014 2.52197 2.54455 2.56771 2.59128 2.61508 2.63894 2.66266 2.68606 2.70897 2.73121 2.75264 2.77309 2.79245 2.8106 2.82742 2.84285 2.85679 2.8692 2.88003 2.88922 2.89676 2.90262 2.90678 2.90924 2.90997 2.90899 2.90628 2.90185 2.89572 2.88789 2.87839 2.86725 2.85452 2.84024 2.82449 2.80734 2.78889 2.76924 2.74854 2.72692 2.70452 2.68153 2.65812 2.63446 2.61074 2.58715 2.56387 2.54108 2.51892 2.49756 2.47712 2.45772 2.43944 2.42235 2.40651 2.39193 2.37863 2.36659 2.35578 2.34616 2.33766 2.33022 2.32378 2.31824 2.31353 2.30957 2.30628 2.30359 2.30143 2.29974 2.29846 2.29756 2.29699 2.29672 
2.2901 2.29041 2.29104 2.29199 2.2933 2.29501 2.29716 2.29982 2.30304 2.30692 2.31153 2.31696 2.32331 2.33066 2.3391 2.34871 2.35956 2.37171 2.3852 2.40006 2.41628 2.43385 2.45272 2.47282 2.49406 2.51633 2.53948 2.56336 2.58781 2.61263 2.63765 2.66266 2.68747 2.71189 2.73575 2.75885 2.78106 2.80222 2.8222 2.84089 2.85819 2.87402 2.88831 2.90101 2.91206 2.92145 2.92914 2.93512 2.93936 2.94187 2.94263 2.94164 2.9389 2.93441 2.92817 2.92021 2.91053 2.89915 2.88613 2.87149 2.85531 2.83766 2.81863 2.79832 2.77687 2.75441 2.73111 2.70712 2.68264 2.65785 2.63294 2.60811 2.58356 2.55946 2.53599 2.51332 2.49158 2.4709 2.45139 2.43312 2.41614 2.4005 2.3862 2.37323 2.36156 2.35116 2.34196 2.3339 2.32689 2.32086 2.31572 2.31139 2.30779 2.30484 2.30246 2.30059 2.29917 2.29816 2.29751 2.29719 
2.29056 2.29089 2.29155 2.29258 2.29399 2.29584 2.29817 2.30105 2.30455 2.30876 2.31376 2.31964 2.32651 2.33445 2.34356 2.35391 2.36559 2.37863 2.3931 2.40899 2.42632 2.44505 2.46512 2.48647 2.50898 2.53252 2.55695 2.5821 2.60778 2.6338 2.65996 2.68606 2.71189 2.73726 2.76198 2.78588 2.80879 2.83058 2.8511 2.87026 2.88796 2.90413 2.9187 2.93162 2.94287 2.9524 2.96021 2.96627 2.97058 2.97313 2.97392 2.97293 2.97018 2.96565 2.95935 2.95128 2.94146 2.92991 2.91665 2.90173 2.88519 2.86711 2.84757 2.82668 2.80456 2.78135 2.75721 2.7323 2.70682 2.68096 2.65493 2.62891 2.60313 2.57778 2.55304 2.52908 2.50608 2.48415 2.46342 2.44397 2.42587 2.40916 2.39386 2.37996 2.36744 2.35625 2.34635 2.33765 2.33007 2.32355 2.31797 2.31327 2.30935 2.30612 2.30352 2.30146 2.2999 2.29878 2.29805 2.29768 
2.29104 2.29138 2.29208 2.29318 2.2947 2.29669 2.29921 2.30232 2.3061 2.31064 2.31603 2.32237 2.32976 2.3383 2.34808 2.35918 2.37167 2.38561 2.40104 2.41796 2.43638 2.45625 2.47751 2.50006 2.5238 2.54858 2.57424 2.6006 2.62746 2.65461 2.68185 2.70897 2.73575 2.76198 2.78749 2.8121 2.83563 2.85796 2.87895 2.89851 2.91654 2.93298 2.94777 2.96087 2.97225 2.98189 2.98978 2.9959 3.00026 3.00284 3.00365 3.00268 2.99992 2.99538 2.98905 2.98092 2.97101 2.95933 2.9459 2.93075 2.91392 2.89549 2.87552 2.85413 2.83142 2.80754 2.78263 2.75689 2.73049 2.70363 2.67653 2.6494 2.62245 2.59589 2.56992 2.54474 2.52049 2.49735 2.47542 2.45482 2.43561 2.41785 2.40156 2.38674 2.37336 2.3614 2.35078 2.34144 2.3333 2.32627 2.32026 2.31518 2.31093 2.30743 2.3046 2.30236 2.30065 2.29941 2.2986 2.29819 
2.29154 2.29188 2.29263 2.2938 2.29543 2.29756 2.30027 2.30361 2.30767 2.31255 2.31833 2.32513 2.33305 2.34218 2.35262 2.36446 2.37776 2.39259 2.40896 2.4269 2.44638 2.46736 2.48976 2.51349 2.53842 2.56438 2.59122 2.61872 2.64669 2.67491 2.70316 2.73121 2.75885 2.78588 2.8121 2.83732 2.8614 2.88419 2.90558 2.92546 2.94375 2.9604 2.97535 2.98857 3.00004 3.00975 3.01769 3.02385 3.02824 3.03085 3.03168 3.03072 3.02798 3.02344 3.0171 3.00896 2.999 2.98724 2.97369 2.95838 2.94133 2.92262 2.9023 2.88048 2.85726 2.83279 2.80721 2.7807 2.75345 2.72568 2.69759 2.66941 2.64136 2.61366 2.58652 2.56015 2.53472 2.51039 2.48731 2.46558 2.44529 2.4265 2.40923 2.3935 2.37928 2.36654 2.35522 2.34525 2.33655 2.32902 2.32257 2.31711 2.31254 2.30876 2.3057 2.30327 2.30141 2.30006 2.29917 2.2987 
2.29203 2.29239 2.29318 2.29442 2.29616 2.29844 2.30133 2.30491 2.30925 2.31446 2.32064 2.32789 2.33632 2.34604 2.35714 2.36971 2.38381 2.39949 2.41679 2.43571 2.45623 2.47828 2.50179 2.52665 2.5527 2.5798 2.60774 2.63633 2.66534 2.69455 2.72373 2.75264 2.78106 2.80879 2.83563 2.8614 2.88595 2.90913 2.93083 2.95096 2.96945 2.98625 3.0013 3.0146 3.02612 3.03585 3.04381 3.04999 3.05439 3.05702 3.05787 3.05694 3.05422 3.04971 3.04339 3.03526 3.0253 3.01351 2.99989 2.98447 2.96728 2.94835 2.92775 2.90557 2.88193 2.85694 2.83076 2.80357 2.77557 2.74695 2.71795 2.68879 2.65971 2.63094 2.60269 2.57519 2.54863 2.52317 2.49897 2.47616 2.45482 2.43503 2.41681 2.40019 2.38515 2.37165 2.35964 2.34904 2.33978 2.33176 2.32488 2.31904 2.31414 2.31009 2.3068 2.30419 2.30218 2.30071 2.29974 2.29923 
2.29253 2.2929 2.29373 2.29505 2.2969 2.29932 2.3024 2.3062 2.31082 2.31636 2.32292 2.33062 2.33957 2.34986 2.3616 2.37487 2.38975 2.40627 2.42447 2.44433 2.46584 2.48892 2.51349 2.53941 2.56655 2.5947 2.62369 2.65329 2.68326 2.71338 2.7434 2.77309 2.80222 2.83058 2.85796 2.88419 2.90913 2.93262 2.95458 2.9749 2.99353 3.01041 3.02552 3.03885 3.05038 3.06011 3.06807 3.07424 3.07864 3.08127 3.08214 3.08124 3.07856 3.0741 3.06782 3.05973 3.04979 3.03802 3.02439 3.00891 2.99162 2.97254 2.95173 2.92927 2.90527 2.87985 2.85316 2.82537 2.79668 2.76731 2.73747 2.70742 2.67738 2.6476 2.61832 2.58975 2.56211 2.53558 2.51032 2.48647 2.46412 2.44336 2.42423 2.40675 2.39091 2.37667 2.36399 2.35278 2.34297 2.33447 2.32716 2.32095 2.31574 2.31142 2.3079 2.3051 2.30294 2.30136 2.30031 2.29975 
2.29303 2.29341 2.29428 2.29567 2.29762 2.30019 2.30345 2.30748 2.31237 2.31823 2.32517 2.3333 2.34274 2.35359 2.36595 2.37991 2.39552 2.41285 2.4319 2.45268 2.47513 2.49919 2.52475 2.55169 2.57983 2.60898 2.63893 2.66946 2.70033 2.73128 2.76207 2.79245 2.8222 2.8511 2.87895 2.90558 2.93083 2.95458 2.97672 2.99717 3.01588 3.03281 3.04793 3.06125 3.07276 3.08246 3.09039 3.09654 3.10092 3.10356 3.10445 3.10358 3.10095 3.09653 3.09033 3.0823 3.07242 3.06069 3.04709 3.03161 3.01427 2.9951 2.97414 2.95146 2.92717 2.90139 2.87426 2.84595 2.81666 2.7866 2.75602 2.72514 2.69423 2.66352 2.63327 2.60372 2.57507 2.54752 2.52126 2.49641 2.47311 2.45143 2.43142 2.41312 2.39651 2.38156 2.36822 2.35643 2.34609 2.33711 2.32939 2.32282 2.3173 2.31272 2.30898 2.306 2.3037 2.30201 2.30088 2.30027 
2.29352 2.29391 2.29482 2.29628 2.29834 2.30104 2.30448 2.30872 2.31388 2.32005 2.32735 2.3359 2.34581 2.3572 2.37015 2.38476 2.40108 2.41917 2.43904 2.46067 2.48401 2.50899 2.53549 2.56336 2.59244 2.62251 2.65336 2.68475 2.71642 2.74812 2.77959 2.8106 2.84089 2.87026 2.89851 2.92546 2.95096 2.9749 2.99717 3.0177 3.03645 3.05338 3.06848 3.08176 3.09321 3.10287 3.11074 3.11686 3.12122 3.12385 3.12476 3.12392 3.12134 3.117 3.11087 3.10293 3.09314 3.08148 3.06794 3.05249 3.03515 3.01593 2.99488 2.97205 2.94754 2.92145 2.89395 2.86519 2.83538 2.80472 2.77346 2.74185 2.71014 2.67858 2.64744 2.61697 2.58738 2.55889 2.53168 2.50591 2.48171 2.45916 2.43832 2.41923 2.40189 2.38626 2.3723 2.35995 2.3491 2.33967 2.33156 2.32464 2.31882 2.31398 2.31003 2.30688 2.30444 2.30264 2.30143 2.30078 
2.29399 2.29439 2.29534 2.29687 2.29903 2.30187 2.30547 2.30992 2.31533 2.3218 2.32944 2.33839 2.34875 2.36064 2.37415 2.38938 2.40637 2.42518 2.44581 2.46823 2.49241 2.51824 2.54561 2.57435 2.60428 2.6352 2.66686 2.69902 2.73142 2.76379 2.79588 2.82742 2.85819 2.88796 2.91654 2.94375 2.96945 2.99353 3.01588 3.03645 3.0552 3.07209 3.08714 3.10035 3.11173 3.12132 3.12913 3.1352 3.13954 3.14216 3.14307 3.14227 3.13975 3.13549 3.12945 3.1216 3.11192 3.10036 3.0869 3.07153 3.05422 3.035 3.01389 2.99095 2.96627 2.93996 2.91215 2.88301 2.85274 2.82156 2.7897 2.75743 2.72499 2.69267 2.66072 2.6294 2.59895 2.56959 2.54151 2.51488 2.48983 2.46647 2.44486 2.42503 2.407 2.39074 2.37619 2.3633 2.35198 2.34212 2.33363 2.32638 2.32027 2.3152 2.31104 2.30772 2.30515 2.30325 2.30197 2.30127 
2.29444 2.29485 2.29584 2.29743 2.29968 2.30265 2.30641 2.31106 2.3167 2.32345 2.33142 2.34074 2.35153 2.36389 2.37792 2.39372 2.41133 2.4308 2.45214 2.4753 2.50024 2.52686 2.55501 2.58455 2.61527 2.64695 2.67934 2.7122 2.74524 2.77821 2.81083 2.84285 2.87402 2.90413 2.93298 2.9604 2.98625 3.01041 3.03281 3.05338 3.07209 3.08894 3.10391 3.11703 3.12833 3.13783 3.14558 3.15158 3.15589 3.1585 3.15942 3.15866 3.1562 3.15201 3.14607 3.13834 3.12877 3.11733 3.10397 3.08868 3.07144 3.05224 3.03112 3.00812 2.98332 2.95682 2.92877 2.89931 2.86865 2.83702 2.80464 2.77178 2.7387 2.70569 2.67301 2.64093 2.60969 2.57954 2.55066 2.52324 2.49742 2.4733 2.45097 2.43047 2.41179 2.39494 2.37985 2.36646 2.35469 2.34443 2.33558 2.32803 2.32165 2.31635 2.312 2.30852 2.30582 2.30383 2.30248 2.30174 
2.29487 2.29529 2.29631 2.29796 2.3003 2.30338 2.30729 2.31213 2.31799 2.32499 2.33327 2.34293 2.3541 2.3669 2.38141 2.39773 2.41592 2.436 2.45797 2.48181 2.50744 2.53476 2.56364 2.59389 2.62531 2.65767 2.69072 2.72419 2.75781 2.79129 2.82437 2.85679 2.88831 2.9187 2.94777 2.97535 3.0013 3.02552 3.04793 3.06848 3.08714 3.10391 3.11879 3.13182 3.14302 3.15244 3.1601 3.16605 3.17032 3.17291 3.17385 3.17312 3.17072 3.16661 3.16077 3.15315 3.1437 3.13238 3.11915 3.10396 3.0868 3.06765 3.04655 3.02352 2.99864 2.972 2.94374 2.91403 2.88305 2.85102 2.81819 2.78481 2.75118 2.71755 2.68422 2.65146 2.61952 2.58865 2.55905 2.53091 2.50439 2.47959 2.45661 2.43548 2.41622 2.39882 2.38323 2.36939 2.3572 2.34657 2.3374 2.32956 2.32294 2.31742 2.3129 2.30927 2.30646 2.30437 2.30296 2.30218 
2.29526 2.29569 2.29674 2.29845 2.30087 2.30406 2.30811 2.3131 2.31917 2.32641 2.33495 2.34492 2.35645 2.36964 2.38459 2.40138 2.42008 2.4407 2.46325 2.48769 2.51394 2.5419 2.57141 2.60229 2.63433 2.66729 2.70091 2.73492 2.76903 2.80296 2.83644 2.8692 2.90101 2.93162 2.96087 2.98857 3.0146 3.03885 3.06125 3.08176 3.10035 3.11703 3.13182 3.14475 3.15585 3.16517 3.17276 3.17865 3.18288 3.18546 3.1864 3.18571 3.18336 3.17934 3.1736 3.16609 3.15676 3.14556 3.13245 3.11737 3.1003 3.08122 3.06015 3.03712 3.01218 2.98545 2.95703 2.9271 2.89585 2.86349 2.83028 2.79646 2.76234 2.72818 2.69428 2.66091 2.62836 2.59685 2.56661 2.53783 2.51068 2.48528 2.46171 2.44002 2.42024 2.40235 2.38631 2.37205 2.35949 2.34853 2.33906 2.33096 2.32411 2.3184 2.31372 2.30996 2.30704 2.30487 2.30341 2.30259 
2.29562 2.29605 2.29713 2.2989 2.30139 2.30467 2.30884 2.31398 2.32022 2.32767 2.33646 2.34671 2.35855 2.37208 2.38741 2.40463 2.42377 2.44487 2.46793 2.49289 2.51969 2.54819 2.57825 2.60968 2.64226 2.67574 2.70985 2.74432 2.77885 2.81317 2.84698 2.88003 2.91206 2.94287 2.97225 3.00004 3.02612 3.05038 3.07276 3.09321 3.11173 3.12833 3.14302 3.15585 3.16686 3.1761 3.18361 3.18944 3.19363 3.19619 3.19715 3.19649 3.19419 3.19024 3.18459 3.17719 3.16798 3.1569 3.1439 3.12893 3.11195 3.09295 3.07192 3.0489 3.02394 2.99713 2.9686 2.9385 2.90702 2.87439 2.84084 2.80666 2.77211 2.7375 2.70311 2.66923 2.63613 2.60407 2.57328 2.54395 2.51625 2.49031 2.46622 2.44405 2.4238 2.40548 2.38904 2.37442 2.36153 2.35028 2.34054 2.33221 2.32517 2.31929 2.31446 2.31058 2.30756 2.30533 2.30381 2.30296 
2.29593 2.29637 2.29748 2.29929 2.30184 2.30521 2.30948 2.31475 2.32114 2.32878 2.33777 2.34826 2.36036 2.3742 2.38986 2.40743 2.42696 2.44847 2.47196 2.49737 2.52462 2.5536 2.58413 2.61602 2.64905 2.68297 2.71749 2.75234 2.78723 2.82185 2.85594 2.88922 2.92145 2.9524 2.98189 3.00975 3.03585 3.06011 3.08246 3.10287 3.12132 3.13783 3.15244 3.16517 3.1761 3.18525 3.1927 3.19848 3.20263 3.20518 3.20614 3.20551 3.20327 3.19938 3.19381 3.1865 3.1774 3.16643 3.15354 3.13867 3.12178 3.10285 3.08187 3.05887 3.03389 3.00703 2.9784 2.94817 2.91651 2.88365 2.84984 2.81535 2.78046 2.74546 2.71066 2.67634 2.64279 2.61026 2.579 2.5492 2.52103 2.49464 2.47011 2.44752 2.42688 2.40819 2.39141 2.37647 2.3633 2.35179 2.34183 2.3333 2.32608 2.32006 2.3151 2.31113 2.30803 2.30572 2.30416 2.30329 
2.2962 2.29665 2.29778 2.29962 2.30222 2.30566 2.31002 2.3154 2.32192 2.3297 2.33887 2.34956 2.36189 2.37597 2.3919 2.40977 2.42961 2.45146 2.4753 2.50108 2.52871 2.55806 2.58898 2.62125 2.65465 2.68892 2.72378 2.75894 2.79411 2.82899 2.8633 2.89676 2.92914 2.96021 2.98978 3.01769 3.04381 3.06807 3.09039 3.11074 3.12913 3.14558 3.1601 3.17276 3.18361 3.1927 3.20009 3.20583 3.20995 3.21249 3.21345 3.21284 3.21064 3.20681 3.20131 3.19408 3.18506 3.17419 3.16139 3.14661 3.1298 3.11093 3.08999 3.06701 3.04203 3.01513 2.98644 2.95609 2.9243 2.89126 2.85723 2.82249 2.78732 2.75201 2.71688 2.6822 2.64828 2.61538 2.58373 2.55354 2.52499 2.49823 2.47334 2.4504 2.42944 2.41044 2.39338 2.37819 2.36478 2.35306 2.34291 2.33422 2.32685 2.3207 2.31565 2.31158 2.30842 2.30606 2.30446 2.30356 
2.29641 2.29687 2.29801 2.29988 2.30253 2.30602 2.31045 2.31592 2.32254 2.33044 2.33975 2.35059 2.36309 2.37737 2.39351 2.41161 2.4317 2.45381 2.47792 2.50399 2.53191 2.56156 2.59277 2.62533 2.65902 2.69356 2.72867 2.76408 2.79946 2.83454 2.86901 2.90262 2.93512 2.96627 2.9959 3.02385 3.04999 3.07424 3.09654 3.11686 3.1352 3.15158 3.16605 3.17865 3.18944 3.19848 3.20583 3.21153 3.21563 3.21816 3.21913 3.21854 3.21637 3.21258 3.20714 3.19997 3.19102 3.18022 3.16749 3.15278 3.13603 3.11721 3.09631 3.07334 3.04835 3.02143 2.99268 2.96226 2.93035 2.89717 2.86298 2.82805 2.79266 2.75711 2.72172 2.68678 2.65257 2.61937 2.58742 2.55694 2.52809 2.50104 2.47588 2.45267 2.43145 2.41222 2.39494 2.37954 2.36595 2.35406 2.34377 2.33494 2.32747 2.32122 2.31608 2.31195 2.30873 2.30633 2.3047 2.30379 
2.29658 2.29704 2.2982 2.30009 2.30276 2.3063 2.31078 2.3163 2.323 2.33098 2.34039 2.35134 2.36397 2.37838 2.39468 2.41293 2.4332 2.4555 2.47981 2.50607 2.5342 2.56406 2.59547 2.62824 2.66212 2.69685 2.73215 2.76772 2.80326 2.83848 2.87307 2.90678 2.93936 2.97058 3.00026 3.02824 3.05439 3.07864 3.10092 3.12122 3.13954 3.15589 3.17032 3.18288 3.19363 3.20263 3.20995 3.21563 3.21972 3.22225 3.22322 3.22264 3.22049 3.21673 3.21132 3.2042 3.1953 3.18454 3.17186 3.15719 3.14048 3.12169 3.10081 3.07785 3.05286 3.02591 2.99712 2.96664 2.93465 2.90138 2.86707 2.832 2.79645 2.76074 2.72516 2.69003 2.65562 2.62221 2.59005 2.55936 2.53031 2.50305 2.47769 2.4543 2.4329 2.4135 2.39606 2.38052 2.3668 2.35479 2.34439 2.33548 2.32792 2.3216 2.31641 2.31223 2.30896 2.30654 2.30489 2.30396 
2.29669 2.29715 2.29831 2.30022 2.30291 2.30647 2.31098 2.31655 2.32329 2.33132 2.34079 2.35181 2.3645 2.379 2.39538 2.41374 2.4341 2.45651 2.48093 2.50731 2.53555 2.56553 2.59706 2.62995 2.66395 2.69879 2.73419 2.76986 2.8055 2.84079 2.87546 2.90924 2.94187 2.97313 3.00284 3.03085 3.05702 3.08127 3.10356 3.12385 3.14216 3.1585 3.17291 3.18546 3.19619 3.20518 3.21249 3.21816 3.22225 3.22477 3.22574 3.22517 3.22303 3.21929 3.2139 3.2068 3.19792 3.18718 3.17452 3.15987 3.14318 3.1244 3.10352 3.08056 3.05555 3.02858 2.99975 2.96923 2.93719 2.90385 2.86947 2.83431 2.79868 2.76286 2.72718 2.69193 2.65741 2.62388 2.5916 2.56079 2.53162 2.50425 2.47877 2.45527 2.43377 2.41427 2.39674 2.38112 2.36732 2.35524 2.34478 2.33581 2.3282 2.32184 2.31661 2.3124 2.30912 2.30667 2.30501 2.30407 
