1.64836 1.64867 1.64898 1.64927 1.64956 1.64983 1.65008 1.65031 1.65052 1.65071 1.65088 1.65103 1.65116 1.65128 1.65138 1.65146 1.65154 1.6516 1.65166 1.65171 1.65176 1.65181 1.65186 1.65192 1.65198 1.65204 1.65211 1.65219 1.65228 1.65238 1.65248 1.6526 1.65273 1.65287 1.65302 1.65318 1.65335 1.65351 1.65369 1.65386 1.65403 1.6542 1.65436 1.65451 1.65465 1.65477 1.65488 1.65496 1.65503 1.65508 1.6551 1.65511 1.65509 1.65504 1.65498 1.65489 1.65479 1.65467 1.65454 1.65439 1.65424 1.65408 1.65391 1.65374 1.65357 1.65341 1.65325 1.65309 1.65294 1.65281 1.65268 1.65256 1.65245 1.65236 1.65227 1.6522 1.65214 1.65209 1.65205 1.65202 1.65201 1.65201 1.65202 1.65205 1.65209 1.65215 1.65223 1.65233 1.65245 1.65259 1.65275 1.65293 1.65314 1.65337 1.65362 1.65389 1.65417 1.65447 1.65478 1.65509 
1.64867 1.64898 1.64929 1.64959 1.64987 1.65014 1.65039 1.65062 1.65083 1.65102 1.65119 1.65134 1.65147 1.65159 1.65169 1.65177 1.65184 1.65191 1.65197 1.65202 1.65207 1.65212 1.65217 1.65222 1.65228 1.65234 1.65241 1.65249 1.65258 1.65268 1.65279 1.65291 1.65304 1.65318 1.65333 1.65349 1.65366 1.65383 1.654 1.65418 1.65435 1.65452 1.65469 1.65484 1.65498 1.65511 1.65522 1.65531 1.65538 1.65543 1.65545 1.65546 1.65544 1.65539 1.65533 1.65524 1.65513 1.65501 1.65487 1.65472 1.65457 1.6544 1.65423 1.65406 1.65389 1.65372 1.65356 1.6534 1.65325 1.65311 1.65298 1.65286 1.65275 1.65266 1.65257 1.6525 1.65244 1.65239 1.65235 1.65233 1.65231 1.65231 1.65233 1.65235 1.6524 1.65246 1.65254 1.65264 1.65276 1.6529 1.65306 1.65325 1.65345 1.65368 1.65393 1.6542 1.65449 1.65478 1.65509 1.6554 
1.64898 1.64929 1.6496 1.64989 1.65018 1.65044 1.65069 1.65093 1.65114 1.65133 1.6515 1.65165 1.65178 1.65189 1.65199 1.65208 1.65215 1.65222 1.65228 1.65233 1.65238 1.65244 1.65249 1.65255 1.65261 1.65268 1.65276 1.65284 1.65294 1.65305 1.65318 1.65331 1.65346 1.65362 1.65379 1.65397 1.65416 1.65435 1.65455 1.65475 1.65495 1.65514 1.65533 1.6555 1.65566 1.6558 1.65593 1.65603 1.65611 1.65616 1.65619 1.65619 1.65617 1.65611 1.65604 1.65594 1.65582 1.65568 1.65553 1.65536 1.65518 1.65499 1.6548 1.6546 1.65441 1.65422 1.65403 1.65386 1.65369 1.65353 1.65339 1.65325 1.65313 1.65302 1.65293 1.65285 1.65278 1.65272 1.65268 1.65265 1.65263 1.65263 1.65264 1.65267 1.65271 1.65277 1.65285 1.65294 1.65306 1.6532 1.65337 1.65355 1.65376 1.65399 1.65424 1.65451 1.65479 1.65509 1.65539 1.65571 
1.64927 1.64959 1.64989 1.65019 1.65047 1.65074 1.65099 1.65122 1.65143 1.65162 1.65179 1.65194 1.65208 1.65219 1.65229 1.65238 1.65246 1.65253 1.65259 1.65265 1.6527 1.65276 1.65282 1.65289 1.65297 1.65305 1.65315 1.65325 1.65338 1.65351 1.65366 1.65383 1.65401 1.65421 1.65442 1.65464 1.65487 1.65511 1.65536 1.6556 1.65584 1.65608 1.6563 1.65651 1.65671 1.65688 1.65703 1.65715 1.65725 1.65731 1.65734 1.65734 1.65731 1.65725 1.65715 1.65703 1.65689 1.65671 1.65652 1.65632 1.6561 1.65587 1.65563 1.65539 1.65516 1.65492 1.6547 1.65448 1.65427 1.65408 1.6539 1.65374 1.65359 1.65346 1.65334 1.65324 1.65316 1.65309 1.65303 1.65299 1.65296 1.65295 1.65296 1.65298 1.65302 1.65307 1.65315 1.65325 1.65336 1.6535 1.65366 1.65385 1.65406 1.65429 1.65454 1.6548 1.65509 1.65538 1.65569 1.656 
1.64956 1.64987 1.65018 1.65047 1.65076 1.65102 1.65127 1.65151 1.65172 1.65191 1.65208 1.65223 1.65236 1.65248 1.65258 1.65267 1.65275 1.65283 1.6529 1.65296 1.65303 1.6531 1.65318 1.65326 1.65336 1.65347 1.65359 1.65373 1.65389 1.65407 1.65427 1.65448 1.65472 1.65498 1.65525 1.65554 1.65583 1.65614 1.65645 1.65677 1.65708 1.65738 1.65766 1.65793 1.65818 1.6584 1.65859 1.65874 1.65886 1.65894 1.65898 1.65898 1.65893 1.65885 1.65873 1.65857 1.65838 1.65816 1.65792 1.65765 1.65737 1.65707 1.65677 1.65647 1.65616 1.65586 1.65557 1.65529 1.65503 1.65478 1.65455 1.65434 1.65415 1.65397 1.65382 1.65369 1.65358 1.65348 1.65341 1.65335 1.65331 1.65329 1.65328 1.65329 1.65333 1.65338 1.65345 1.65354 1.65365 1.65379 1.65395 1.65414 1.65434 1.65457 1.65482 1.65509 1.65537 1.65567 1.65597 1.65629 
1.64983 1.65014 1.65044 1.65074 1.65102 1.65129 1.65154 1.65177 1.65199 1.65218 1.65235 1.6525 1.65264 1.65276 1.65286 1.65296 1.65305 1.65313 1.6532 1.65328 1.65337 1.65346 1.65355 1.65367 1.65379 1.65394 1.6541 1.65429 1.65451 1.65474 1.65501 1.6553 1.65561 1.65595 1.65632 1.6567 1.65709 1.6575 1.65791 1.65832 1.65872 1.65912 1.65949 1.65984 1.66016 1.66044 1.66069 1.66089 1.66104 1.66114 1.66119 1.66118 1.66112 1.66101 1.66085 1.66064 1.66039 1.6601 1.65978 1.65943 1.65906 1.65867 1.65828 1.65788 1.65748 1.65708 1.6567 1.65633 1.65598 1.65565 1.65535 1.65507 1.65481 1.65458 1.65438 1.6542 1.65405 1.65392 1.65382 1.65373 1.65367 1.65363 1.65361 1.65361 1.65363 1.65367 1.65374 1.65382 1.65394 1.65407 1.65423 1.65441 1.65461 1.65484 1.65509 1.65536 1.65564 1.65594 1.65624 1.65655 
1.65008 1.65039 1.65069 1.65099 1.65127 1.65154 1.65179 1.65203 1.65224 1.65243 1.6526 1.65276 1.6529 1.65302 1.65313 1.65323 1.65333 1.65342 1.65351 1.65361 1.65372 1.65383 1.65396 1.65411 1.65428 1.65448 1.6547 1.65496 1.65525 1.65557 1.65593 1.65632 1.65674 1.6572 1.65768 1.65819 1.65871 1.65925 1.6598 1.66034 1.66087 1.66139 1.66188 1.66234 1.66276 1.66313 1.66345 1.6637 1.6639 1.66403 1.66408 1.66407 1.66399 1.66384 1.66363 1.66336 1.66302 1.66264 1.66222 1.66176 1.66127 1.66075 1.66023 1.6597 1.65917 1.65865 1.65814 1.65765 1.65718 1.65675 1.65634 1.65596 1.65562 1.65532 1.65504 1.6548 1.65459 1.65441 1.65426 1.65414 1.65405 1.65398 1.65394 1.65393 1.65393 1.65396 1.65402 1.6541 1.6542 1.65433 1.65449 1.65467 1.65487 1.6551 1.65534 1.65561 1.65589 1.65619 1.65649 1.6568 
1.65031 1.65062 1.65093 1.65122 1.65151 1.65177 1.65203 1.65226 1.65247 1.65267 1.65284 1.653 1.65314 1.65327 1.65339 1.6535 1.65361 1.65372 1.65383 1.65395 1.65409 1.65424 1.65441 1.65461 1.65484 1.65511 1.65542 1.65576 1.65615 1.65659 1.65707 1.6576 1.65817 1.65878 1.65942 1.6601 1.66079 1.66151 1.66223 1.66294 1.66364 1.66432 1.66496 1.66556 1.66611 1.66659 1.667 1.66734 1.66759 1.66775 1.66782 1.6678 1.66769 1.66749 1.66721 1.66685 1.66641 1.66591 1.66535 1.66474 1.66409 1.66342 1.66273 1.66203 1.66132 1.66063 1.65996 1.65931 1.65869 1.65811 1.65757 1.65707 1.65661 1.6562 1.65583 1.6555 1.65522 1.65497 1.65477 1.6546 1.65447 1.65436 1.65429 1.65425 1.65424 1.65425 1.65429 1.65436 1.65446 1.65458 1.65473 1.65491 1.65511 1.65533 1.65558 1.65584 1.65612 1.65642 1.65672 1.65703 
1.65052 1.65083 1.65114 1.65143 1.65172 1.65199 1.65224 1.65247 1.65269 1.65288 1.65306 1.65323 1.65337 1.65351 1.65364 1.65376 1.65389 1.65402 1.65416 1.65431 1.65449 1.65469 1.65492 1.65519 1.65551 1.65587 1.65628 1.65675 1.65727 1.65786 1.6585 1.65921 1.65996 1.66077 1.66163 1.66252 1.66344 1.66437 1.66532 1.66625 1.66717 1.66805 1.66889 1.66967 1.67037 1.67099 1.67152 1.67195 1.67227 1.67248 1.67257 1.67254 1.67239 1.67213 1.67176 1.67128 1.67071 1.67005 1.66932 1.66853 1.66768 1.6668 1.66589 1.66497 1.66405 1.66314 1.66226 1.6614 1.66059 1.65982 1.6591 1.65843 1.65782 1.65727 1.65678 1.65634 1.65596 1.65563 1.65535 1.65511 1.65492 1.65477 1.65466 1.65459 1.65455 1.65454 1.65457 1.65462 1.65471 1.65482 1.65496 1.65513 1.65533 1.65555 1.65579 1.65606 1.65634 1.65663 1.65694 1.65725 
1.65071 1.65102 1.65133 1.65162 1.65191 1.65218 1.65243 1.65267 1.65288 1.65308 1.65327 1.65344 1.65359 1.65374 1.65388 1.65403 1.65417 1.65433 1.65451 1.65471 1.65494 1.65521 1.65552 1.65588 1.6563 1.65678 1.65734 1.65796 1.65866 1.65944 1.6603 1.66123 1.66223 1.66329 1.66441 1.66558 1.66677 1.66799 1.66922 1.67043 1.67161 1.67275 1.67383 1.67483 1.67573 1.67653 1.6772 1.67775 1.67815 1.67841 1.67852 1.67848 1.67828 1.67794 1.67746 1.67684 1.6761 1.67525 1.67431 1.67328 1.67218 1.67104 1.66986 1.66867 1.66747 1.66629 1.66514 1.66402 1.66295 1.66194 1.661 1.66012 1.65932 1.65859 1.65794 1.65736 1.65684 1.6564 1.65602 1.6557 1.65544 1.65523 1.65506 1.65495 1.65487 1.65484 1.65484 1.65487 1.65494 1.65505 1.65518 1.65534 1.65553 1.65575 1.65599 1.65625 1.65653 1.65682 1.65713 1.65744 
1.65088 1.65119 1.6515 1.65179 1.65208 1.65235 1.6526 1.65284 1.65306 1.65327 1.65346 1.65363 1.6538 1.65396 1.65413 1.65429 1.65447 1.65467 1.6549 1.65516 1.65546 1.65581 1.65622 1.65671 1.65727 1.65791 1.65864 1.65947 1.66039 1.66142 1.66254 1.66375 1.66506 1.66644 1.6679 1.6694 1.67095 1.67252 1.67409 1.67564 1.67715 1.67861 1.67998 1.68125 1.68239 1.6834 1.68425 1.68494 1.68545 1.68577 1.6859 1.68584 1.68558 1.68514 1.68452 1.68373 1.68279 1.6817 1.68049 1.67917 1.67777 1.67631 1.6748 1.67326 1.67173 1.67021 1.66872 1.66727 1.66589 1.66458 1.66336 1.66222 1.66117 1.66021 1.65936 1.65859 1.65791 1.65733 1.65682 1.65639 1.65603 1.65574 1.65551 1.65534 1.65522 1.65514 1.65511 1.65513 1.65518 1.65526 1.65539 1.65554 1.65572 1.65593 1.65617 1.65643 1.6567 1.657 1.6573 1.65761 
1.65103 1.65134 1.65165 1.65194 1.65223 1.6525 1.65276 1.653 1.65323 1.65344 1.65363 1.65382 1.654 1.65419 1.65437 1.65457 1.6548 1.65504 1.65533 1.65567 1.65607 1.65653 1.65708 1.65771 1.65845 1.65929 1.66025 1.66134 1.66254 1.66388 1.66533 1.6669 1.66858 1.67036 1.67223 1.67415 1.67613 1.67812 1.68011 1.68208 1.68399 1.68582 1.68755 1.68914 1.69058 1.69184 1.6929 1.69375 1.69438 1.69478 1.69493 1.69485 1.69452 1.69396 1.69317 1.69218 1.69098 1.68961 1.68808 1.68642 1.68464 1.68279 1.68087 1.67893 1.67697 1.67503 1.67313 1.67129 1.66952 1.66784 1.66627 1.6648 1.66344 1.66221 1.66109 1.6601 1.65922 1.65844 1.65778 1.65721 1.65673 1.65634 1.65602 1.65578 1.6556 1.65547 1.6554 1.65538 1.65541 1.65548 1.65558 1.65572 1.6559 1.6561 1.65633 1.65659 1.65686 1.65715 1.65745 1.65776 
1.65116 1.65147 1.65178 1.65208 1.65236 1.65264 1.6529 1.65314 1.65337 1.65359 1.6538 1.654 1.65421 1.65441 1.65464 1.65488 1.65515 1.65547 1.65584 1.65628 1.65679 1.6574 1.65811 1.65894 1.6599 1.661 1.66225 1.66365 1.66521 1.66692 1.66878 1.67079 1.67294 1.6752 1.67756 1.67999 1.68248 1.68499 1.68748 1.68994 1.69233 1.69461 1.69675 1.69873 1.70051 1.70207 1.70338 1.70443 1.7052 1.70568 1.70586 1.70575 1.70533 1.70463 1.70365 1.7024 1.70091 1.6992 1.69729 1.69521 1.693 1.69067 1.68827 1.68583 1.68337 1.68093 1.67854 1.67621 1.67397 1.67184 1.66983 1.66796 1.66623 1.66465 1.66322 1.66194 1.6608 1.6598 1.65893 1.65819 1.65756 1.65704 1.65662 1.65628 1.65602 1.65584 1.65572 1.65565 1.65565 1.65569 1.65577 1.6559 1.65606 1.65626 1.65648 1.65673 1.657 1.65729 1.65758 1.65789 
1.65128 1.65159 1.65189 1.65219 1.65248 1.65276 1.65302 1.65327 1.65351 1.65374 1.65396 1.65419 1.65441 1.65466 1.65492 1.65522 1.65556 1.65596 1.65644 1.657 1.65767 1.65846 1.65938 1.66046 1.6617 1.66311 1.66471 1.6665 1.66848 1.67066 1.67302 1.67556 1.67826 1.6811 1.68405 1.68709 1.69019 1.6933 1.6964 1.69944 1.70238 1.70519 1.70783 1.71025 1.71243 1.71433 1.71593 1.7172 1.71814 1.71871 1.71893 1.71877 1.71826 1.71739 1.71617 1.71464 1.7128 1.71069 1.70833 1.70577 1.70303 1.70016 1.69719 1.69416 1.69111 1.68807 1.68508 1.68217 1.67937 1.6767 1.67417 1.67181 1.66963 1.66763 1.66581 1.66418 1.66272 1.66144 1.66033 1.65937 1.65856 1.65787 1.65731 1.65686 1.65651 1.65624 1.65606 1.65595 1.6559 1.65591 1.65597 1.65607 1.65622 1.6564 1.65662 1.65686 1.65712 1.65741 1.6577 1.65801 
1.65138 1.65169 1.65199 1.65229 1.65258 1.65286 1.65313 1.65339 1.65364 1.65388 1.65413 1.65437 1.65464 1.65492 1.65524 1.65561 1.65604 1.65655 1.65716 1.65788 1.65874 1.65975 1.66093 1.66231 1.66389 1.66569 1.66772 1.66998 1.67248 1.67522 1.67818 1.68135 1.6847 1.68823 1.69188 1.69564 1.69944 1.70327 1.70706 1.71077 1.71436 1.71778 1.72097 1.72391 1.72654 1.72884 1.73076 1.7323 1.73341 1.7341 1.73434 1.73415 1.73351 1.73245 1.73097 1.7291 1.72686 1.72429 1.72142 1.7183 1.71496 1.71145 1.70781 1.7041 1.70035 1.69661 1.69293 1.68933 1.68586 1.68255 1.67941 1.67647 1.67374 1.67123 1.66895 1.66689 1.66506 1.66344 1.66202 1.6608 1.65975 1.65887 1.65814 1.65755 1.65708 1.65671 1.65645 1.65627 1.65617 1.65614 1.65616 1.65624 1.65637 1.65654 1.65674 1.65698 1.65723 1.65751 1.65781 1.65811 
1.65146 1.65177 1.65208 1.65238 1.65267 1.65296 1.65323 1.6535 1.65376 1.65403 1.65429 1.65457 1.65488 1.65522 1.65561 1.65607 1.65661 1.65725 1.65802 1.65894 1.66004 1.66132 1.66283 1.66457 1.66656 1.66882 1.67137 1.6742 1.67732 1.68071 1.68438 1.68829 1.69242 1.69674 1.70122 1.70579 1.71043 1.71507 1.71966 1.72414 1.72846 1.73257 1.7364 1.73991 1.74306 1.7458 1.74809 1.74991 1.75123 1.75204 1.75232 1.75207 1.7513 1.75002 1.74824 1.74599 1.7433 1.74021 1.73676 1.73299 1.72896 1.72472 1.72032 1.71582 1.71127 1.70673 1.70224 1.69785 1.6936 1.68953 1.68567 1.68204 1.67867 1.67556 1.67272 1.67016 1.66786 1.66583 1.66405 1.66251 1.66118 1.66006 1.65913 1.65836 1.65774 1.65726 1.6569 1.65664 1.65647 1.65639 1.65637 1.65642 1.65652 1.65667 1.65686 1.65708 1.65733 1.65761 1.6579 1.6582 
1.65154 1.65184 1.65215 1.65246 1.65275 1.65305 1.65333 1.65361 1.65389 1.65417 1.65447 1.6548 1.65515 1.65556 1.65604 1.65661 1.65728 1.6581 1.65907 1.66023 1.66161 1.66323 1.66512 1.6673 1.66979 1.67261 1.67576 1.67926 1.68311 1.68728 1.69176 1.69654 1.70157 1.70681 1.71221 1.71773 1.72331 1.72887 1.73436 1.73971 1.74485 1.74973 1.75427 1.75843 1.76215 1.76537 1.76807 1.77021 1.77175 1.77269 1.77301 1.7727 1.77178 1.77025 1.76814 1.76547 1.76228 1.7586 1.7545 1.75002 1.74521 1.74015 1.73489 1.7295 1.72404 1.71857 1.71316 1.70785 1.70271 1.69777 1.69307 1.68864 1.68452 1.6807 1.67722 1.67406 1.67122 1.6687 1.66649 1.66456 1.6629 1.66149 1.66031 1.65933 1.65853 1.6579 1.65742 1.65706 1.65682 1.65667 1.6566 1.65661 1.65668 1.65681 1.65698 1.65719 1.65743 1.65769 1.65798 1.65827 
1.6516 1.65191 1.65222 1.65253 1.65283 1.65313 1.65342 1.65372 1.65402 1.65433 1.65467 1.65504 1.65547 1.65596 1.65655 1.65725 1.6581 1.65911 1.66033 1.66179 1.66351 1.66552 1.66787 1.67057 1.67365 1.67712 1.68099 1.68528 1.68996 1.69503 1.70046 1.70622 1.71227 1.71856 1.72502 1.7316 1.73823 1.74482 1.75132 1.75763 1.76368 1.76941 1.77473 1.77959 1.78393 1.78769 1.79083 1.79331 1.7951 1.79617 1.79653 1.79616 1.79507 1.79327 1.79079 1.78766 1.78392 1.7796 1.77478 1.76951 1.76385 1.75788 1.75166 1.74527 1.73879 1.73228 1.72583 1.71949 1.71333 1.70739 1.70173 1.69639 1.6914 1.68677 1.68252 1.67867 1.6752 1.6721 1.66938 1.667 1.66494 1.66319 1.66171 1.66048 1.65947 1.65866 1.65803 1.65755 1.65721 1.65698 1.65686 1.65682 1.65685 1.65695 1.65709 1.65729 1.65752 1.65777 1.65805 1.65834 
1.65166 1.65197 1.65228 1.65259 1.6529 1.6532 1.65351 1.65383 1.65416 1.65451 1.6549 1.65533 1.65584 1.65644 1.65716 1.65802 1.65907 1.66033 1.66185 1.66365 1.66578 1.66827 1.67115 1.67447 1.67823 1.68246 1.68716 1.69234 1.69799 1.70408 1.71059 1.71747 1.72466 1.73212 1.73977 1.74752 1.75531 1.76304 1.77063 1.77799 1.78504 1.79168 1.79785 1.80347 1.80848 1.81281 1.81642 1.81926 1.82131 1.82254 1.82294 1.8225 1.82123 1.81914 1.81627 1.81264 1.80829 1.80329 1.79769 1.79156 1.78497 1.778 1.77073 1.76325 1.75564 1.74799 1.74037 1.73288 1.72557 1.71851 1.71177 1.70539 1.6994 1.69385 1.68873 1.68407 1.67987 1.67611 1.67279 1.66987 1.66735 1.66519 1.66336 1.66183 1.66057 1.65956 1.65875 1.65813 1.65767 1.65735 1.65715 1.65705 1.65703 1.65709 1.65722 1.65739 1.6576 1.65785 1.65812 1.6584 
1.65171 1.65202 1.65233 1.65265 1.65296 1.65328 1.65361 1.65395 1.65431 1.65471 1.65516 1.65567 1.65628 1.657 1.65788 1.65894 1.66023 1.66179 1.66365 1.66586 1.66847 1.67151 1.67503 1.67905 1.6836 1.6887 1.69435 1.70055 1.70729 1.71454 1.72225 1.73037 1.73884 1.74759 1.75654 1.76558 1.77464 1.7836 1.79238 1.80087 1.80897 1.8166 1.82367 1.83009 1.8358 1.84074 1.84484 1.84807 1.85039 1.85177 1.85221 1.85169 1.85023 1.84784 1.84455 1.84039 1.83542 1.82969 1.82326 1.81621 1.80862 1.80057 1.79217 1.7835 1.77467 1.76576 1.75687 1.7481 1.73953 1.73123 1.72328 1.71573 1.70863 1.70202 1.69592 1.69034 1.6853 1.68078 1.67677 1.67324 1.67018 1.66755 1.66531 1.66343 1.66187 1.66061 1.65959 1.6588 1.6582 1.65777 1.65748 1.65731 1.65724 1.65726 1.65735 1.65749 1.65769 1.65792 1.65818 1.65846 
1.65176 1.65207 1.65238 1.6527 1.65303 1.65337 1.65372 1.65409 1.65449 1.65494 1.65546 1.65607 1.65679 1.65767 1.65874 1.66004 1.66161 1.66351 1.66578 1.66847 1.67163 1.67531 1.67955 1.68438 1.68983 1.69592 1.70264 1.70999 1.71795 1.72647 1.73552 1.74501 1.75488 1.76504 1.77539 1.78582 1.79624 1.80652 1.81656 1.82624 1.83547 1.84413 1.85213 1.8594 1.86584 1.8714 1.87602 1.87964 1.88224 1.88378 1.88426 1.88366 1.882 1.8793 1.87558 1.87087 1.86524 1.85874 1.85145 1.84343 1.83479 1.82561 1.816 1.80606 1.79591 1.78565 1.77539 1.76523 1.75528 1.74562 1.73633 1.72749 1.71915 1.71136 1.70416 1.69755 1.69156 1.68617 1.68138 1.67715 1.67347 1.67029 1.66758 1.66529 1.66339 1.66183 1.66058 1.65958 1.65882 1.65826 1.65786 1.65761 1.65747 1.65744 1.65749 1.65761 1.65778 1.65799 1.65824 1.65852 
1.65181 1.65212 1.65244 1.65276 1.6531 1.65346 1.65383 1.65424 1.65469 1.65521 1.65581 1.65653 1.6574 1.65846 1.65975 1.66132 1.66323 1.66552 1.66827 1.67151 1.67531 1.67972 1.68478 1.69053 1.697 1.70419 1.7121 1.72072 1.73003 1.73996 1.75045 1.76143 1.77281 1.78448 1.79633 1.80825 1.8201 1.83177 1.84313 1.85406 1.86444 1.87417 1.88314 1.89126 1.89846 1.90465 1.90978 1.91381 1.91669 1.91839 1.91891 1.91824 1.91638 1.91335 1.90919 1.90393 1.89763 1.89034 1.88216 1.87314 1.86341 1.85305 1.84217 1.83091 1.81936 1.80766 1.79593 1.78429 1.77285 1.76171 1.75097 1.74072 1.73102 1.72194 1.7135 1.70575 1.6987 1.69234 1.68666 1.68165 1.67726 1.67346 1.67021 1.66745 1.66515 1.66326 1.66172 1.6605 1.65954 1.65882 1.6583 1.65795 1.65774 1.65764 1.65765 1.65773 1.65787 1.65807 1.65831 1.65857 
1.65186 1.65217 1.65249 1.65282 1.65318 1.65355 1.65396 1.65441 1.65492 1.65552 1.65622 1.65708 1.65811 1.65938 1.66093 1.66283 1.66512 1.66787 1.67115 1.67503 1.67955 1.68478 1.69077 1.69754 1.70513 1.71355 1.72277 1.73279 1.74356 1.75501 1.76707 1.77965 1.79263 1.80591 1.81934 1.8328 1.84616 1.85926 1.87198 1.88419 1.89575 1.90656 1.91651 1.92549 1.93344 1.94026 1.94591 1.95034 1.95349 1.95536 1.95592 1.95516 1.95311 1.94976 1.94517 1.93935 1.93238 1.92431 1.91522 1.90519 1.89434 1.88277 1.8706 1.85795 1.84496 1.83176 1.81848 1.80527 1.79224 1.77952 1.76723 1.75545 1.74427 1.73377 1.724 1.71499 1.70676 1.69932 1.69266 1.68676 1.68158 1.67708 1.67322 1.66994 1.66718 1.6649 1.66304 1.66155 1.66038 1.65948 1.65881 1.65834 1.65804 1.65788 1.65783 1.65787 1.65798 1.65815 1.65837 1.65863 
1.65192 1.65222 1.65255 1.65289 1.65326 1.65367 1.65411 1.65461 1.65519 1.65588 1.65671 1.65771 1.65894 1.66046 1.66231 1.66457 1.6673 1.67057 1.67447 1.67905 1.68438 1.69053 1.69754 1.70545 1.71428 1.72403 1.73468 1.74621 1.75855 1.77163 1.78536 1.79962 1.8143 1.82925 1.84433 1.85939 1.87428 1.88885 1.90294 1.91643 1.92918 1.94107 1.95198 1.96182 1.9705 1.97794 1.9841 1.98891 1.99234 1.99436 1.99496 1.99413 1.99188 1.98823 1.98321 1.97685 1.96922 1.96037 1.95039 1.93936 1.9274 1.91461 1.90112 1.88707 1.87259 1.85784 1.84296 1.82811 1.81342 1.79904 1.78508 1.77168 1.75892 1.7469 1.73567 1.72529 1.71578 1.70715 1.69941 1.69252 1.68646 1.68119 1.67664 1.67276 1.6695 1.66678 1.66455 1.66276 1.66133 1.66023 1.6594 1.6588 1.65839 1.65814 1.65803 1.65802 1.6581 1.65825 1.65845 1.65869 
1.65198 1.65228 1.65261 1.65297 1.65336 1.65379 1.65428 1.65484 1.65551 1.6563 1.65727 1.65845 1.6599 1.6617 1.66389 1.66656 1.66979 1.67365 1.67823 1.6836 1.68983 1.697 1.70513 1.71428 1.72445 1.73565 1.74783 1.76097 1.77499 1.78979 1.80526 1.82129 1.83771 1.85439 1.87115 1.88784 1.90428 1.92031 1.93579 1.95055 1.96446 1.9774 1.98925 1.99991 2.00929 2.01733 2.02397 2.02914 2.03283 2.035 2.03564 2.03474 2.03231 2.02837 2.02295 2.01608 2.00781 1.99822 1.98737 1.97537 1.96231 1.94832 1.93352 1.91806 1.90209 1.88577 1.86925 1.85271 1.8363 1.82018 1.8045 1.78938 1.77494 1.7613 1.74851 1.73665 1.72576 1.71585 1.70692 1.69896 1.69193 1.68579 1.68049 1.67595 1.67211 1.66891 1.66627 1.66413 1.66242 1.66108 1.66006 1.65931 1.65878 1.65844 1.65826 1.65819 1.65823 1.65835 1.65853 1.65876 
1.65204 1.65234 1.65268 1.65305 1.65347 1.65394 1.65448 1.65511 1.65587 1.65678 1.65791 1.65929 1.661 1.66311 1.66569 1.66882 1.67261 1.67712 1.68246 1.6887 1.69592 1.70419 1.71355 1.72403 1.73565 1.74838 1.7622 1.77704 1.79281 1.80941 1.8267 1.84453 1.86275 1.88117 1.89963 1.91794 1.93593 1.95341 1.97023 1.98622 2.00126 2.0152 2.02794 2.03937 2.04942 2.05802 2.0651 2.07061 2.07454 2.07685 2.07752 2.07656 2.07397 2.06977 2.06397 2.05663 2.04777 2.03748 2.02582 2.01288 1.99877 1.98361 1.96754 1.95069 1.93324 1.91534 1.89718 1.87893 1.86077 1.84286 1.82538 1.80848 1.79229 1.77694 1.76251 1.74908 1.7367 1.72541 1.71521 1.70608 1.698 1.69092 1.68478 1.67951 1.67504 1.6713 1.6682 1.66568 1.66365 1.66205 1.66082 1.6599 1.65923 1.65879 1.65852 1.65839 1.65838 1.65846 1.65862 1.65883 
1.65211 1.65241 1.65276 1.65315 1.65359 1.6541 1.6547 1.65542 1.65628 1.65734 1.65864 1.66025 1.66225 1.66471 1.66772 1.67137 1.67576 1.68099 1.68716 1.69435 1.70264 1.7121 1.72277 1.73468 1.74783 1.7622 1.77773 1.79435 1.81194 1.83038 1.84953 1.8692 1.88922 1.9094 1.92955 1.94946 1.96895 1.98783 2.00594 2.02311 2.03919 2.05408 2.06764 2.07979 2.09044 2.09954 2.10702 2.11285 2.11698 2.11942 2.12013 2.11912 2.11639 2.11195 2.10583 2.09805 2.08867 2.07773 2.06532 2.05152 2.03642 2.02016 2.00286 1.98468 1.96578 1.94634 1.92654 1.90658 1.88665 1.86694 1.84763 1.8289 1.81089 1.79376 1.7776 1.76252 1.74858 1.73582 1.72425 1.71388 1.70466 1.69656 1.68951 1.68345 1.6783 1.67396 1.67036 1.66741 1.66503 1.66314 1.66167 1.66055 1.65974 1.65917 1.65881 1.65861 1.65855 1.65859 1.65872 1.65891 
1.65219 1.65249 1.65284 1.65325 1.65373 1.65429 1.65496 1.65576 1.65675 1.65796 1.65947 1.66134 1.66365 1.6665 1.66998 1.6742 1.67926 1.68528 1.69234 1.70055 1.70999 1.72072 1.73279 1.74621 1.76097 1.77704 1.79435 1.81279 1.83225 1.85258 1.87359 1.89511 1.91693 1.93884 1.96063 1.98209 2.00302 2.02323 2.04255 2.06081 2.07787 2.09361 2.10791 2.1207 2.13189 2.14142 2.14925 2.15534 2.15967 2.16221 2.16296 2.16191 2.15906 2.15443 2.14802 2.13988 2.13004 2.11854 2.10546 2.09087 2.07487 2.05759 2.03915 2.0197 1.99942 1.97848 1.95709 1.93545 1.91376 1.89224 1.87109 1.85049 1.83063 1.81167 1.79373 1.77693 1.76135 1.74704 1.73403 1.72233 1.7119 1.70271 1.69469 1.68778 1.68187 1.67689 1.67274 1.66932 1.66655 1.66434 1.66261 1.66129 1.6603 1.6596 1.65914 1.65886 1.65873 1.65873 1.65883 1.659 
1.65228 1.65258 1.65294 1.65338 1.65389 1.65451 1.65525 1.65615 1.65727 1.65866 1.66039 1.66254 1.66521 1.66848 1.67248 1.67732 1.68311 1.68996 1.69799 1.70729 1.71795 1.73003 1.74356 1.75855 1.77499 1.79281 1.81194 1.83225 1.8536 1.87581 1.8987 1.92204 1.94561 1.9692 1.99258 2.01551 2.0378 2.05925 2.07968 2.09893 2.11686 2.13335 2.14831 2.16164 2.17328 2.18318 2.1913 2.19761 2.20209 2.20472 2.2055 2.20443 2.20149 2.1967 2.19008 2.18164 2.17141 2.15944 2.14578 2.13051 2.11371 2.09551 2.07602 2.0554 2.03382 2.01147 1.98855 1.96528 1.94187 1.91857 1.89558 1.87311 1.85138 1.83055 1.81079 1.79222 1.77494 1.75902 1.74451 1.73141 1.71971 1.70936 1.70031 1.69247 1.68576 1.68009 1.67534 1.67142 1.66823 1.66567 1.66365 1.6621 1.66093 1.66008 1.6595 1.65913 1.65894 1.65889 1.65895 1.6591 
1.65238 1.65268 1.65305 1.65351 1.65407 1.65474 1.65557 1.65659 1.65786 1.65944 1.66142 1.66388 1.66692 1.67066 1.67522 1.68071 1.68728 1.69503 1.70408 1.71454 1.72647 1.73996 1.75501 1.77163 1.78979 1.80941 1.83038 1.85258 1.87581 1.8999 1.92462 1.94974 1.97502 2.00021 2.02508 2.04939 2.07293 2.09551 2.11693 2.13706 2.15574 2.17287 2.18836 2.20214 2.21414 2.22433 2.23268 2.23916 2.24376 2.24647 2.24728 2.24619 2.24319 2.2383 2.23151 2.22284 2.21232 2.19997 2.18584 2.17 2.15252 2.13351 2.11309 2.09141 2.06864 2.04497 2.02061 1.99579 1.97073 1.94569 1.92089 1.89658 1.87297 1.85028 1.82866 1.80829 1.78927 1.7717 1.75563 1.74108 1.72804 1.71647 1.70633 1.69752 1.68996 1.68355 1.67816 1.6737 1.67006 1.66712 1.6648 1.66299 1.66162 1.66061 1.6599 1.65944 1.65917 1.65906 1.65909 1.65922 
1.65248 1.65279 1.65318 1.65366 1.65427 1.65501 1.65593 1.65707 1.6585 1.6603 1.66254 1.66533 1.66878 1.67302 1.67818 1.68438 1.69176 1.70046 1.71059 1.72225 1.73552 1.75045 1.76707 1.78536 1.80526 1.8267 1.84953 1.87359 1.8987 1.92462 1.95112 1.97795 2.00485 2.03155 2.0578 2.08338 2.10805 2.13162 2.15391 2.17477 2.19408 2.21173 2.22765 2.24176 2.25404 2.26444 2.27294 2.27954 2.28422 2.28699 2.28782 2.28673 2.28371 2.27876 2.27187 2.26305 2.25232 2.2397 2.22521 2.20892 2.19088 2.1712 2.14998 2.12738 2.10354 2.07867 2.05298 2.02669 2.00007 1.97335 1.94681 1.92069 1.89524 1.87068 1.84722 1.82503 1.80425 1.78498 1.76731 1.75126 1.73684 1.72402 1.71273 1.70291 1.69445 1.68725 1.68119 1.67616 1.67203 1.66869 1.66603 1.66395 1.66236 1.66118 1.66034 1.65977 1.65942 1.65925 1.65924 1.65934 
1.6526 1.65291 1.65331 1.65383 1.65448 1.6553 1.65632 1.6576 1.65921 1.66123 1.66375 1.6669 1.67079 1.67556 1.68135 1.68829 1.69654 1.70622 1.71747 1.73037 1.74501 1.76143 1.77965 1.79962 1.82129 1.84453 1.8692 1.89511 1.92204 1.94974 1.97795 2.0064 2.03481 2.06291 2.09043 2.11713 2.1428 2.16722 2.19024 2.2117 2.2315 2.24954 2.26576 2.28011 2.29256 2.30308 2.31168 2.31834 2.32307 2.32587 2.32673 2.32565 2.32263 2.31766 2.31074 2.30186 2.29101 2.27822 2.26349 2.24687 2.22841 2.20819 2.18632 2.16292 2.13816 2.11222 2.08532 2.0577 2.0296 2.00131 1.97309 1.94522 1.91797 1.89159 1.86629 1.84229 1.81974 1.79877 1.77947 1.7619 1.74606 1.73193 1.71947 1.70859 1.6992 1.69118 1.68442 1.67878 1.67414 1.67037 1.66736 1.66499 1.66317 1.6618 1.66081 1.66012 1.65969 1.65946 1.6594 1.65947 
1.65273 1.65304 1.65346 1.65401 1.65472 1.65561 1.65674 1.65817 1.65996 1.66223 1.66506 1.66858 1.67294 1.67826 1.6847 1.69242 1.70157 1.71227 1.72466 1.73884 1.75488 1.77281 1.79263 1.8143 1.83771 1.86275 1.88922 1.91693 1.94561 1.97502 2.00485 2.03481 2.06462 2.09398 2.12263 2.15032 2.17683 2.20196 2.22556 2.24748 2.26763 2.28594 2.30234 2.31682 2.32934 2.33991 2.34853 2.3552 2.35994 2.36275 2.36364 2.36259 2.3596 2.35467 2.34777 2.33889 2.32802 2.31516 2.30031 2.28349 2.26475 2.24413 2.22175 2.19771 2.17217 2.1453 2.11733 2.08849 2.05905 2.02929 1.99949 1.96996 1.94097 1.91281 1.88572 1.85992 1.83562 1.81294 1.79202 1.7729 1.75562 1.74017 1.7265 1.71453 1.70417 1.69531 1.68781 1.68154 1.67636 1.67215 1.66876 1.66609 1.66402 1.66246 1.66131 1.66051 1.65998 1.65969 1.65958 1.65962 
1.65287 1.65318 1.65362 1.65421 1.65498 1.65595 1.6572 1.65878 1.66077 1.66329 1.66644 1.67036 1.6752 1.6811 1.68823 1.69674 1.70681 1.71856 1.73212 1.74759 1.76504 1.78448 1.80591 1.82925 1.85439 1.88117 1.9094 1.93884 1.9692 2.00021 2.03155 2.06291 2.09398 2.12447 2.1541 2.18263 2.20983 2.23553 2.25955 2.2818 2.30217 2.32061 2.33709 2.35158 2.36409 2.37463 2.3832 2.38984 2.39456 2.39736 2.39826 2.39725 2.39433 2.38947 2.38265 2.37385 2.36305 2.35022 2.33536 2.31847 2.29956 2.2787 2.25595 2.23142 2.20524 2.1776 2.14871 2.1188 2.08814 2.05703 2.02576 1.99465 1.96402 1.93415 1.90531 1.87778 1.85174 1.82738 1.80483 1.78417 1.76544 1.74865 1.73375 1.72068 1.70934 1.6996 1.69135 1.68443 1.6787 1.67402 1.67025 1.66726 1.66493 1.66316 1.66185 1.66092 1.6603 1.65993 1.65977 1.65978 
1.65302 1.65333 1.65379 1.65442 1.65525 1.65632 1.65768 1.65942 1.66163 1.66441 1.6679 1.67223 1.67756 1.68405 1.69188 1.70122 1.71221 1.72502 1.73977 1.75654 1.77539 1.79633 1.81934 1.84433 1.87115 1.89963 1.92955 1.96063 1.99258 2.02508 2.0578 2.09043 2.12263 2.1541 2.18457 2.21379 2.24154 2.26764 2.29195 2.31438 2.33485 2.35331 2.36974 2.38416 2.39657 2.407 2.41548 2.42204 2.4267 2.42948 2.43039 2.42943 2.42659 2.42184 2.41516 2.40651 2.39585 2.38315 2.36838 2.35153 2.33259 2.31161 2.28864 2.26376 2.23711 2.20885 2.17918 2.14834 2.1166 2.08427 2.05166 2.01909 1.9869 1.9554 1.9249 1.89567 1.86795 1.84194 1.81779 1.7956 1.77543 1.7573 1.74117 1.72699 1.71464 1.70403 1.695 1.68741 1.68112 1.67596 1.67179 1.66847 1.66588 1.66389 1.66241 1.66135 1.66062 1.66018 1.65997 1.65995 
1.65318 1.65349 1.65397 1.65464 1.65554 1.6567 1.65819 1.6601 1.66252 1.66558 1.6694 1.67415 1.67999 1.68709 1.69564 1.70579 1.71773 1.7316 1.74752 1.76558 1.78582 1.80825 1.8328 1.85939 1.88784 1.91794 1.94946 1.98209 2.01551 2.04939 2.08338 2.11713 2.15032 2.18263 2.21379 2.24354 2.27169 2.29806 2.32253 2.34502 2.36545 2.38382 2.40012 2.41438 2.42661 2.43687 2.4452 2.45164 2.45621 2.45896 2.45988 2.45898 2.45624 2.45164 2.44513 2.43668 2.42624 2.41375 2.39917 2.38246 2.36362 2.34265 2.31958 2.2945 2.26752 2.23878 2.20848 2.17686 2.14419 2.11078 2.07694 2.04303 2.0094 1.97637 1.94429 1.91344 1.8841 1.85649 1.83077 1.80708 1.78549 1.76603 1.74868 1.73338 1.72004 1.70854 1.69873 1.69047 1.6836 1.67795 1.67338 1.66972 1.66685 1.66465 1.66299 1.66179 1.66097 1.66044 1.66018 1.66012 
1.65335 1.65366 1.65416 1.65487 1.65583 1.65709 1.65871 1.66079 1.66344 1.66677 1.67095 1.67613 1.68248 1.69019 1.69944 1.71043 1.72331 1.73823 1.75531 1.77464 1.79624 1.8201 1.84616 1.87428 1.90428 1.93593 1.96895 2.00302 2.0378 2.07293 2.10805 2.1428 2.17683 2.20983 2.24154 2.27169 2.3001 2.32661 2.35112 2.37354 2.39384 2.41203 2.42811 2.44212 2.45412 2.46415 2.47228 2.47856 2.48303 2.48572 2.48665 2.48581 2.48319 2.47876 2.47248 2.46428 2.45411 2.4419 2.42759 2.41112 2.39247 2.37162 2.34859 2.32344 2.29625 2.26718 2.2364 2.20414 2.17068 2.13632 2.1014 2.06627 2.03131 1.99687 1.9633 1.93092 1.90003 1.87087 1.84365 1.8185 1.79553 1.77477 1.75621 1.73981 1.72548 1.71309 1.70251 1.69357 1.68612 1.67998 1.67499 1.671 1.66786 1.66543 1.66359 1.66225 1.66132 1.66072 1.66039 1.6603 
1.65351 1.65383 1.65435 1.65511 1.65614 1.6575 1.65925 1.66151 1.66437 1.66799 1.67252 1.67812 1.68499 1.6933 1.70327 1.71507 1.72887 1.74482 1.76304 1.7836 1.80652 1.83177 1.85926 1.88885 1.92031 1.95341 1.98783 2.02323 2.05925 2.09551 2.13162 2.16722 2.20196 2.23553 2.26764 2.29806 2.32661 2.35315 2.37758 2.39984 2.41992 2.43783 2.45362 2.46733 2.47904 2.4888 2.4967 2.5028 2.50714 2.50977 2.51069 2.50992 2.50744 2.5032 2.49716 2.48926 2.47941 2.46753 2.45356 2.43742 2.41904 2.39842 2.37553 2.35041 2.32315 2.29387 2.26274 2.22998 2.19587 2.1607 2.12483 2.08861 2.05244 2.0167 1.98174 1.94793 1.91558 1.88496 1.85629 1.82974 1.80543 1.7834 1.76367 1.7462 1.73089 1.71763 1.70628 1.69668 1.68865 1.68202 1.67663 1.67229 1.66887 1.66621 1.6642 1.66272 1.66168 1.661 1.66062 1.66049 
1.65369 1.654 1.65455 1.65536 1.65645 1.65791 1.6598 1.66223 1.66532 1.66922 1.67409 1.68011 1.68748 1.6964 1.70706 1.71966 1.73436 1.75132 1.77063 1.79238 1.81656 1.84313 1.87198 1.90294 1.93579 1.97023 2.00594 2.04255 2.07968 2.11693 2.15391 2.19024 2.22556 2.25955 2.29195 2.32253 2.35112 2.37758 2.40183 2.42385 2.44364 2.46122 2.47665 2.49001 2.50139 2.51085 2.51849 2.52439 2.52859 2.53114 2.53206 2.53136 2.52901 2.52498 2.51921 2.51163 2.50213 2.49064 2.47706 2.46129 2.44327 2.42295 2.40029 2.37532 2.34809 2.31872 2.28736 2.25423 2.21959 2.18374 2.14704 2.10987 2.07262 2.03568 1.99946 1.96432 1.9306 1.8986 1.86857 1.84069 1.81509 1.79185 1.77099 1.75247 1.73622 1.72211 1.71001 1.69975 1.69116 1.68405 1.67825 1.67358 1.66988 1.667 1.66481 1.66319 1.66204 1.66128 1.66084 1.66068 
1.65386 1.65418 1.65475 1.6556 1.65677 1.65832 1.66034 1.66294 1.66625 1.67043 1.67564 1.68208 1.68994 1.69944 1.71077 1.72414 1.73971 1.75763 1.77799 1.80087 1.82624 1.85406 1.88419 1.91643 1.95055 1.98622 2.02311 2.06081 2.09893 2.13706 2.17477 2.2117 2.24748 2.2818 2.31438 2.34502 2.37354 2.39984 2.42385 2.44556 2.46499 2.48219 2.49724 2.51022 2.52123 2.53037 2.53774 2.54341 2.54746 2.54993 2.55085 2.55022 2.54801 2.5442 2.53871 2.53145 2.52234 2.51126 2.4981 2.48276 2.46515 2.44519 2.42283 2.39808 2.37098 2.34161 2.31013 2.27674 2.24169 2.20529 2.16789 2.12989 2.09167 2.05367 2.0163 1.97993 1.94495 1.91167 1.88035 1.85122 1.82441 1.80002 1.77808 1.75856 1.7414 1.72648 1.71365 1.70276 1.69362 1.68605 1.67985 1.67485 1.67088 1.66778 1.66541 1.66366 1.6624 1.66156 1.66107 1.66087 
1.65403 1.65435 1.65495 1.65584 1.65708 1.65872 1.66087 1.66364 1.66717 1.67161 1.67715 1.68399 1.69233 1.70238 1.71436 1.72846 1.74485 1.76368 1.78504 1.80897 1.83547 1.86444 1.89575 1.92918 1.96446 2.00126 2.03919 2.07787 2.11686 2.15574 2.19408 2.2315 2.26763 2.30217 2.33485 2.36545 2.39384 2.41992 2.44364 2.46499 2.48403 2.50082 2.51545 2.52803 2.53866 2.54747 2.55455 2.56 2.5639 2.56628 2.56719 2.56663 2.56457 2.56097 2.55576 2.54885 2.54012 2.52947 2.51676 2.50187 2.48469 2.46514 2.44314 2.41867 2.39177 2.36249 2.33097 2.29742 2.26206 2.22522 2.18724 2.14851 2.10946 2.07051 2.0321 1.99463 1.95849 1.92403 1.89153 1.86123 1.83329 1.80782 1.78486 1.7644 1.74638 1.73068 1.71716 1.70567 1.696 1.68798 1.6814 1.67609 1.67185 1.66854 1.66601 1.66411 1.66275 1.66184 1.66129 1.66106 
1.6542 1.65452 1.65514 1.65608 1.65738 1.65912 1.66139 1.66432 1.66805 1.67275 1.67861 1.68582 1.69461 1.70519 1.71778 1.73257 1.74973 1.76941 1.79168 1.8166 1.84413 1.87417 1.90656 1.94107 1.9774 2.0152 2.05408 2.09361 2.13335 2.17287 2.21173 2.24954 2.28594 2.32061 2.35331 2.38382 2.41203 2.43783 2.46122 2.48219 2.50082 2.51718 2.53139 2.54356 2.55382 2.56229 2.56909 2.57432 2.57805 2.58035 2.58125 2.58075 2.57883 2.57545 2.57051 2.56394 2.5556 2.54537 2.53311 2.51869 2.50197 2.48284 2.46123 2.43709 2.41043 2.3813 2.34982 2.31618 2.28062 2.24343 2.20497 2.16563 2.12586 2.08608 2.04674 2.00828 1.9711 1.93557 1.90198 1.87061 1.84162 1.81515 1.79125 1.76991 1.75109 1.73466 1.7205 1.70843 1.69827 1.68982 1.68288 1.67727 1.67279 1.66927 1.66657 1.66455 1.66309 1.6621 1.66151 1.66125 
1.65436 1.65469 1.65533 1.6563 1.65766 1.65949 1.66188 1.66496 1.66889 1.67383 1.67998 1.68755 1.69675 1.70783 1.72097 1.7364 1.75427 1.77473 1.79785 1.82367 1.85213 1.88314 1.91651 1.95198 1.98925 2.02794 2.06764 2.10791 2.14831 2.18836 2.22765 2.26576 2.30234 2.33709 2.36974 2.40012 2.42811 2.45362 2.47665 2.49724 2.51545 2.53139 2.54517 2.55694 2.56684 2.57498 2.58151 2.58652 2.59011 2.59232 2.59321 2.59277 2.59098 2.5878 2.58313 2.57688 2.56891 2.5591 2.54728 2.53331 2.51705 2.49836 2.47715 2.45336 2.42697 2.39804 2.36665 2.33299 2.29729 2.25983 2.22099 2.18115 2.14075 2.10025 2.06011 2.02077 1.98266 1.94617 1.91161 1.87926 1.84933 1.82195 1.79718 1.77504 1.75547 1.73838 1.72361 1.71102 1.7004 1.69155 1.68428 1.67838 1.67367 1.66996 1.66711 1.66497 1.66342 1.66236 1.66171 1.66142 
1.65451 1.65484 1.6555 1.65651 1.65793 1.65984 1.66234 1.66556 1.66967 1.67483 1.68125 1.68914 1.69873 1.71025 1.72391 1.73991 1.75843 1.77959 1.80347 1.83009 1.8594 1.89126 1.92549 1.96182 1.99991 2.03937 2.07979 2.1207 2.16164 2.20214 2.24176 2.28011 2.31682 2.35158 2.38416 2.41438 2.44212 2.46733 2.49001 2.51022 2.52803 2.54356 2.55694 2.56834 2.57788 2.58572 2.59199 2.5968 2.60024 2.60238 2.60325 2.60287 2.6012 2.5982 2.59378 2.58783 2.58022 2.5708 2.5594 2.54587 2.53004 2.51178 2.49096 2.46752 2.44143 2.4127 2.38145 2.34781 2.31202 2.27438 2.23523 2.19497 2.15406 2.11294 2.0721 2.032 1.99308 1.95573 1.92031 1.8871 1.85632 1.82812 1.80258 1.77972 1.75948 1.74178 1.72647 1.71339 1.70235 1.69315 1.68557 1.67941 1.67448 1.6706 1.66761 1.66536 1.66372 1.6626 1.6619 1.66159 
1.65465 1.65498 1.65566 1.65671 1.65818 1.66016 1.66276 1.66611 1.67037 1.67573 1.68239 1.69058 1.70051 1.71243 1.72654 1.74306 1.76215 1.78393 1.80848 1.8358 1.86584 1.89846 1.93344 1.9705 2.00929 2.04942 2.09044 2.13189 2.17328 2.21414 2.25404 2.29256 2.32934 2.36409 2.39657 2.42661 2.45412 2.47904 2.50139 2.52123 2.53866 2.55382 2.56684 2.57788 2.58711 2.59467 2.6007 2.60532 2.60863 2.6107 2.61156 2.61123 2.60967 2.60684 2.60264 2.59697 2.58968 2.58061 2.5696 2.55647 2.54105 2.52318 2.50274 2.47964 2.45383 2.42532 2.39421 2.36063 2.32481 2.28702 2.24763 2.20704 2.1657 2.12407 2.08264 2.04188 2.00226 1.96418 1.92801 1.89405 1.86253 1.83361 1.80739 1.78389 1.76306 1.74482 1.72903 1.71553 1.70411 1.69458 1.68673 1.68034 1.67522 1.67119 1.66806 1.66571 1.664 1.66281 1.66208 1.66174 
1.65477 1.65511 1.6558 1.65688 1.6584 1.66044 1.66313 1.66659 1.67099 1.67653 1.6834 1.69184 1.70207 1.71433 1.72884 1.7458 1.76537 1.78769 1.81281 1.84074 1.8714 1.90465 1.94026 1.97794 2.01733 2.05802 2.09954 2.14142 2.18318 2.22433 2.26444 2.30308 2.33991 2.37463 2.407 2.43687 2.46415 2.4888 2.51085 2.53037 2.54747 2.56229 2.57498 2.58572 2.59467 2.60198 2.60781 2.61227 2.61546 2.61747 2.61832 2.61802 2.61656 2.61388 2.60988 2.60445 2.59743 2.58868 2.57801 2.56524 2.55017 2.53266 2.51256 2.48977 2.46422 2.43593 2.40496 2.37145 2.33561 2.29773 2.25816 2.2173 2.17561 2.13356 2.09164 2.05034 2.01013 1.97144 1.93463 1.90003 1.86789 1.83836 1.81155 1.7875 1.76617 1.74746 1.73126 1.71738 1.70565 1.69584 1.68774 1.68116 1.67587 1.6717 1.66847 1.66602 1.66424 1.66301 1.66224 1.66187 
1.65488 1.65522 1.65593 1.65703 1.65859 1.66069 1.66345 1.667 1.67152 1.6772 1.68425 1.6929 1.70338 1.71593 1.73076 1.74809 1.76807 1.79083 1.81642 1.84484 1.87602 1.90978 1.94591 1.9841 2.02397 2.0651 2.10702 2.14925 2.1913 2.23268 2.27294 2.31168 2.34853 2.3832 2.41548 2.4452 2.47228 2.4967 2.51849 2.53774 2.55455 2.56909 2.58151 2.59199 2.6007 2.60781 2.61346 2.61778 2.62088 2.62283 2.62367 2.62341 2.62203 2.61947 2.61563 2.6104 2.60363 2.59514 2.58476 2.57228 2.55753 2.54032 2.5205 2.49797 2.47265 2.44455 2.41371 2.38027 2.34444 2.30649 2.26679 2.22572 2.18375 2.14136 2.09905 2.05731 2.01663 1.97744 1.94012 1.905 1.87233 1.8423 1.81502 1.79052 1.76876 1.74968 1.73313 1.71895 1.70694 1.6969 1.6886 1.68185 1.67642 1.67213 1.66881 1.66629 1.66445 1.66317 1.66237 1.66199 
1.65496 1.65531 1.65603 1.65715 1.65874 1.66089 1.6637 1.66734 1.67195 1.67775 1.68494 1.69375 1.70443 1.7172 1.7323 1.74991 1.77021 1.79331 1.81926 1.84807 1.87964 1.91381 1.95034 1.98891 2.02914 2.07061 2.11285 2.15534 2.19761 2.23916 2.27954 2.31834 2.3552 2.38984 2.42204 2.45164 2.47856 2.5028 2.52439 2.54341 2.56 2.57432 2.58652 2.5968 2.60532 2.61227 2.61778 2.622 2.62502 2.62693 2.62776 2.62753 2.62621 2.62375 2.62004 2.61497 2.60838 2.6001 2.58994 2.57771 2.56319 2.54622 2.52663 2.50431 2.47917 2.45121 2.42048 2.3871 2.35128 2.31329 2.27348 2.23226 2.19008 2.14744 2.10483 2.06275 2.02171 1.98213 1.94441 1.90889 1.87582 1.84541 1.81775 1.7929 1.77082 1.75143 1.73461 1.72019 1.70797 1.69774 1.68929 1.6824 1.67686 1.67248 1.66908 1.66651 1.66462 1.66331 1.66249 1.66208 
1.65503 1.65538 1.65611 1.65725 1.65886 1.66104 1.6639 1.66759 1.67227 1.67815 1.68545 1.69438 1.7052 1.71814 1.73341 1.75123 1.77175 1.7951 1.82131 1.85039 1.88224 1.91669 1.95349 1.99234 2.03283 2.07454 2.11698 2.15967 2.20209 2.24376 2.28422 2.32307 2.35994 2.39456 2.4267 2.45621 2.48303 2.50714 2.52859 2.54746 2.5639 2.57805 2.59011 2.60024 2.60863 2.61546 2.62088 2.62502 2.62799 2.62987 2.6307 2.63049 2.62922 2.62682 2.62321 2.61825 2.61179 2.60366 2.59366 2.58159 2.56724 2.55044 2.53101 2.50883 2.48382 2.45596 2.4253 2.39196 2.35614 2.31812 2.27824 2.23691 2.19458 2.15175 2.10893 2.06663 2.02532 1.98547 1.94747 1.91167 1.87833 1.84764 1.81972 1.79461 1.7723 1.7527 1.73569 1.7211 1.70873 1.69837 1.6898 1.68281 1.67719 1.67275 1.66929 1.66667 1.66475 1.66341 1.66257 1.66216 
1.65508 1.65543 1.65616 1.65731 1.65894 1.66114 1.66403 1.66775 1.67248 1.67841 1.68577 1.69478 1.70568 1.71871 1.7341 1.75204 1.77269 1.79617 1.82254 1.85177 1.88378 1.91839 1.95536 1.99436 2.035 2.07685 2.11942 2.16221 2.20472 2.24647 2.28699 2.32587 2.36275 2.39736 2.42948 2.45896 2.48572 2.50977 2.53114 2.54993 2.56628 2.58035 2.59232 2.60238 2.6107 2.61747 2.62283 2.62693 2.62987 2.63173 2.63256 2.63236 2.63112 2.62876 2.6252 2.6203 2.61392 2.60587 2.59596 2.58398 2.56973 2.55301 2.53367 2.51157 2.48662 2.45881 2.42818 2.39485 2.35903 2.32098 2.28104 2.23964 2.19723 2.15429 2.11134 2.0689 2.02745 1.98744 1.94928 1.91332 1.87981 1.84897 1.82089 1.79565 1.7732 1.75348 1.73635 1.72166 1.70919 1.69876 1.69012 1.68307 1.6774 1.67291 1.66943 1.66678 1.66483 1.66348 1.66263 1.66221 
