5.86012 5.86031 5.86059 5.86097 5.86145 5.86203 5.86271 5.86349 5.86437 5.86535 5.86644 5.86762 5.86891 5.87029 5.87178 5.87337 5.87506 5.87684 5.87871 5.88068 5.88273 5.88487 5.88708 5.88936 5.8917 5.8941 5.89654 5.89902 5.90152 5.90404 5.90657 5.90908 5.91157 5.91403 5.91644 5.91879 5.92107 5.92326 5.92535 5.92733 5.92918 5.9309 5.93247 5.93388 5.93512 5.93619 5.93708 5.93779 5.9383 5.93861 5.93873 5.93866 5.93838 5.93792 5.93726 5.93642 5.93539 5.9342 5.93284 5.93132 5.92966 5.92787 5.92596 5.92394 5.92182 5.91962 5.91734 5.91502 5.91265 5.91025 5.90783 5.90541 5.903 5.90061 5.89825 5.89593 5.89367 5.89147 5.88933 5.88727 5.8853 5.88341 5.88162 5.87992 5.87832 5.87683 5.87545 5.87417 5.87299 5.87193 5.87097 5.87012 5.86938 5.86875 5.86822 5.86779 5.86747 5.86725 5.86713 5.86712 
5.86031 5.86049 5.86077 5.86116 5.86164 5.86222 5.8629 5.86369 5.86457 5.86556 5.86665 5.86784 5.86914 5.87053 5.87203 5.87363 5.87532 5.87712 5.87901 5.88099 5.88305 5.8852 5.88743 5.88972 5.89208 5.8945 5.89696 5.89945 5.90198 5.90451 5.90706 5.90959 5.9121 5.91458 5.917 5.91937 5.92167 5.92387 5.92598 5.92797 5.92984 5.93156 5.93314 5.93457 5.93582 5.9369 5.9378 5.9385 5.93902 5.93934 5.93946 5.93938 5.9391 5.93863 5.93797 5.93712 5.93609 5.93488 5.93351 5.93199 5.93032 5.92851 5.92658 5.92455 5.92241 5.92019 5.9179 5.91556 5.91317 5.91075 5.90832 5.90588 5.90345 5.90104 5.89867 5.89633 5.89405 5.89183 5.88968 5.88761 5.88562 5.88372 5.88191 5.8802 5.8786 5.87709 5.8757 5.87441 5.87323 5.87215 5.87119 5.87034 5.86959 5.86895 5.86841 5.86799 5.86766 5.86744 5.86732 5.8673 
5.86059 5.86077 5.86106 5.86145 5.86194 5.86253 5.86322 5.86402 5.86492 5.86592 5.86703 5.86824 5.86956 5.87098 5.8725 5.87413 5.87586 5.87768 5.8796 5.88162 5.88372 5.88591 5.88818 5.89052 5.89292 5.89538 5.89788 5.90042 5.90299 5.90558 5.90816 5.91074 5.9133 5.91582 5.91829 5.9207 5.92304 5.92528 5.92742 5.92945 5.93135 5.93311 5.93472 5.93616 5.93744 5.93854 5.93945 5.94017 5.94069 5.94101 5.94113 5.94105 5.94077 5.94029 5.93962 5.93875 5.9377 5.93647 5.93508 5.93352 5.93182 5.92998 5.92802 5.92594 5.92377 5.92151 5.91918 5.91679 5.91436 5.9119 5.90942 5.90693 5.90446 5.90201 5.89959 5.89721 5.89488 5.89262 5.89043 5.88832 5.88629 5.88435 5.88251 5.88076 5.87913 5.87759 5.87617 5.87485 5.87365 5.87255 5.87157 5.8707 5.86993 5.86928 5.86873 5.86829 5.86796 5.86773 5.86761 5.86759 
5.86097 5.86116 5.86145 5.86184 5.86234 5.86295 5.86366 5.86448 5.8654 5.86643 5.86757 5.86882 5.87017 5.87163 5.8732 5.87487 5.87665 5.87853 5.88051 5.88258 5.88475 5.887 5.88933 5.89174 5.89421 5.89674 5.89932 5.90193 5.90457 5.90723 5.90989 5.91254 5.91517 5.91776 5.92031 5.92278 5.92518 5.92749 5.92969 5.93177 5.93372 5.93553 5.93718 5.93867 5.93998 5.9411 5.94204 5.94277 5.94331 5.94364 5.94376 5.94368 5.94339 5.94289 5.9422 5.94131 5.94022 5.93896 5.93753 5.93593 5.93418 5.93229 5.93027 5.92813 5.92589 5.92357 5.92117 5.91871 5.91621 5.91368 5.91112 5.90857 5.90602 5.9035 5.901 5.89855 5.89616 5.89383 5.89157 5.88939 5.8873 5.8853 5.8834 5.88161 5.87992 5.87833 5.87686 5.87551 5.87426 5.87313 5.87211 5.87121 5.87042 5.86974 5.86917 5.86871 5.86837 5.86813 5.86799 5.86797 
5.86145 5.86164 5.86194 5.86234 5.86286 5.86348 5.86422 5.86507 5.86602 5.86709 5.86827 5.86957 5.87097 5.87249 5.87412 5.87586 5.87771 5.87966 5.88172 5.88387 5.88612 5.88846 5.89089 5.89339 5.89595 5.89858 5.90126 5.90397 5.90672 5.90948 5.91224 5.91499 5.91772 5.92041 5.92304 5.92561 5.9281 5.93049 5.93278 5.93493 5.93696 5.93883 5.94054 5.94208 5.94343 5.9446 5.94556 5.94633 5.94688 5.94722 5.94735 5.94726 5.94695 5.94644 5.94571 5.94479 5.94366 5.94235 5.94086 5.9392 5.93738 5.93542 5.93332 5.93111 5.92878 5.92637 5.92388 5.92133 5.91873 5.91609 5.91344 5.91079 5.90814 5.90551 5.90292 5.90037 5.89788 5.89546 5.89311 5.89084 5.88866 5.88658 5.8846 5.88273 5.88097 5.87932 5.87778 5.87636 5.87506 5.87388 5.87282 5.87187 5.87104 5.87033 5.86973 5.86925 5.86888 5.86863 5.86849 5.86845 
5.86203 5.86222 5.86253 5.86295 5.86348 5.86414 5.8649 5.86579 5.86679 5.86791 5.86914 5.8705 5.87197 5.87356 5.87527 5.87709 5.87903 5.88108 5.88323 5.88549 5.88785 5.8903 5.89284 5.89546 5.89815 5.9009 5.90371 5.90655 5.90942 5.91231 5.9152 5.91808 5.92093 5.92375 5.92651 5.92919 5.93179 5.93429 5.93668 5.93893 5.94104 5.943 5.94478 5.94639 5.9478 5.94902 5.95002 5.95082 5.95139 5.95175 5.95188 5.95178 5.95146 5.95092 5.95016 5.94919 5.94801 5.94664 5.94508 5.94334 5.94144 5.93938 5.93719 5.93487 5.93244 5.92991 5.9273 5.92463 5.92191 5.91915 5.91637 5.91358 5.91081 5.90806 5.90534 5.90267 5.90005 5.89751 5.89504 5.89266 5.89037 5.88818 5.8861 5.88413 5.88228 5.88054 5.87892 5.87743 5.87606 5.87481 5.87369 5.87268 5.87181 5.87105 5.87042 5.86991 5.86951 5.86924 5.86908 5.86904 
5.86271 5.8629 5.86322 5.86366 5.86422 5.8649 5.86571 5.86664 5.86769 5.86887 5.87018 5.87161 5.87316 5.87484 5.87664 5.87857 5.88061 5.88278 5.88505 5.88744 5.88993 5.89252 5.8952 5.89796 5.9008 5.90371 5.90666 5.90966 5.91269 5.91574 5.91878 5.92182 5.92482 5.92778 5.93069 5.93352 5.93625 5.93888 5.94139 5.94376 5.94598 5.94804 5.94991 5.9516 5.95308 5.95436 5.95542 5.95625 5.95685 5.95722 5.95735 5.95725 5.95691 5.95633 5.95553 5.95451 5.95327 5.95182 5.95018 5.94834 5.94634 5.94417 5.94186 5.93941 5.93685 5.93419 5.93144 5.92862 5.92574 5.92283 5.9199 5.91696 5.91403 5.91113 5.90825 5.90543 5.90267 5.89998 5.89737 5.89485 5.89243 5.89011 5.88791 5.88582 5.88385 5.88201 5.88029 5.8787 5.87724 5.87591 5.87472 5.87365 5.87271 5.87191 5.87123 5.87067 5.87025 5.86995 5.86977 5.86972 
5.86349 5.86369 5.86402 5.86448 5.86507 5.86579 5.86664 5.86763 5.86874 5.86999 5.87138 5.87289 5.87454 5.87633 5.87824 5.88029 5.88246 5.88476 5.88718 5.88971 5.89236 5.89511 5.89796 5.90089 5.90391 5.90699 5.91013 5.91331 5.91652 5.91975 5.92298 5.92619 5.92938 5.93251 5.93559 5.93858 5.94148 5.94426 5.94691 5.94942 5.95177 5.95394 5.95592 5.9577 5.95927 5.96061 5.96173 5.9626 5.96324 5.96362 5.96376 5.96365 5.96328 5.96267 5.96182 5.96074 5.95942 5.95789 5.95614 5.9542 5.95208 5.94978 5.94733 5.94474 5.94202 5.93919 5.93628 5.93329 5.93024 5.92715 5.92404 5.92092 5.91781 5.91472 5.91167 5.90867 5.90573 5.90287 5.90009 5.89741 5.89483 5.89236 5.89001 5.88778 5.88568 5.88371 5.88188 5.88018 5.87862 5.8772 5.87591 5.87477 5.87376 5.87289 5.87216 5.87156 5.8711 5.87077 5.87057 5.87051 
5.86437 5.86457 5.86492 5.8654 5.86602 5.86679 5.86769 5.86874 5.86993 5.87127 5.87274 5.87436 5.87612 5.87803 5.88007 5.88226 5.88458 5.88703 5.88961 5.89232 5.89514 5.89808 5.90112 5.90425 5.90746 5.91075 5.91409 5.91748 5.92091 5.92434 5.92778 5.9312 5.93459 5.93793 5.9412 5.94438 5.94746 5.95042 5.95324 5.9559 5.95839 5.96069 5.9628 5.96469 5.96635 5.96777 5.96895 5.96988 5.97055 5.97096 5.9711 5.97097 5.97058 5.96993 5.96902 5.96787 5.96647 5.96483 5.96297 5.96091 5.95865 5.9562 5.95359 5.95083 5.94794 5.94493 5.94182 5.93864 5.93539 5.9321 5.92878 5.92545 5.92213 5.91884 5.91558 5.91237 5.90923 5.90617 5.90321 5.90034 5.89758 5.89493 5.89241 5.89003 5.88777 5.88566 5.88369 5.88187 5.88019 5.87866 5.87727 5.87604 5.87495 5.87401 5.87321 5.87256 5.87206 5.87169 5.87147 5.87139 
5.86535 5.86556 5.86592 5.86643 5.86709 5.86791 5.86887 5.86999 5.87127 5.87269 5.87427 5.87601 5.87789 5.87993 5.88213 5.88447 5.88695 5.88958 5.89235 5.89525 5.89828 5.90142 5.90468 5.90803 5.91147 5.91498 5.91856 5.92219 5.92585 5.92952 5.93319 5.93685 5.94047 5.94403 5.94752 5.95092 5.9542 5.95735 5.96036 5.96319 5.96584 5.9683 5.97054 5.97255 5.97431 5.97583 5.97708 5.97807 5.97878 5.9792 5.97935 5.97921 5.97879 5.9781 5.97713 5.97589 5.97439 5.97264 5.97066 5.96845 5.96604 5.96343 5.96064 5.95769 5.9546 5.95138 5.94806 5.94466 5.94118 5.93766 5.93411 5.93055 5.927 5.92347 5.91998 5.91654 5.91318 5.9099 5.90671 5.90363 5.90067 5.89783 5.89512 5.89255 5.89013 5.88785 5.88573 5.88376 5.88195 5.88029 5.87879 5.87746 5.87628 5.87525 5.87439 5.87368 5.87313 5.87272 5.87248 5.87238 
5.86644 5.86665 5.86703 5.86757 5.86827 5.86914 5.87018 5.87138 5.87274 5.87427 5.87597 5.87783 5.87986 5.88205 5.88441 5.88692 5.8896 5.89242 5.8954 5.89851 5.90176 5.90514 5.90863 5.91223 5.91592 5.91969 5.92353 5.92741 5.93133 5.93527 5.93921 5.94312 5.94699 5.9508 5.95454 5.95817 5.96168 5.96505 5.96826 5.97129 5.97412 5.97674 5.97912 5.98127 5.98315 5.98477 5.9861 5.98715 5.9879 5.98835 5.98851 5.98835 5.9879 5.98715 5.98611 5.98478 5.98318 5.98131 5.97919 5.97683 5.97424 5.97144 5.96846 5.9653 5.96199 5.95855 5.95499 5.95134 5.94762 5.94384 5.94004 5.93622 5.9324 5.92861 5.92487 5.92118 5.91756 5.91403 5.91061 5.90729 5.9041 5.90104 5.89812 5.89535 5.89274 5.89028 5.88799 5.88586 5.8839 5.8821 5.88048 5.87903 5.87775 5.87663 5.87569 5.87492 5.87431 5.87386 5.87359 5.87347 
5.86762 5.86784 5.86824 5.86882 5.86957 5.8705 5.87161 5.87289 5.87436 5.87601 5.87783 5.87984 5.88202 5.88438 5.88692 5.88962 5.8925 5.89554 5.89874 5.9021 5.90559 5.90922 5.91298 5.91685 5.92081 5.92486 5.92898 5.93316 5.93737 5.94159 5.94581 5.95001 5.95416 5.95824 5.96224 5.96613 5.96989 5.97349 5.97693 5.98017 5.98319 5.98599 5.98854 5.99083 5.99284 5.99457 5.99599 5.99711 5.99791 5.99839 5.99855 5.99838 5.99789 5.99709 5.99597 5.99454 5.99282 5.99082 5.98854 5.98601 5.98324 5.98024 5.97704 5.97366 5.97011 5.96641 5.9626 5.95868 5.95468 5.95063 5.94654 5.94244 5.93834 5.93427 5.93024 5.92627 5.92238 5.91858 5.91489 5.91131 5.90787 5.90457 5.90142 5.89843 5.8956 5.89295 5.89046 5.88816 5.88603 5.88409 5.88233 5.88075 5.87936 5.87815 5.87712 5.87627 5.8756 5.87511 5.8748 5.87467 
5.86891 5.86914 5.86956 5.87017 5.87097 5.87197 5.87316 5.87454 5.87612 5.87789 5.87986 5.88202 5.88437 5.88691 5.88965 5.89257 5.89567 5.89894 5.90239 5.906 5.90977 5.91367 5.91771 5.92188 5.92614 5.9305 5.93493 5.93941 5.94393 5.94847 5.953 5.9575 5.96195 5.96633 5.97062 5.97479 5.97881 5.98267 5.98635 5.98982 5.99306 5.99605 5.99878 6.00123 6.00338 6.00522 6.00674 6.00793 6.00878 6.00929 6.00945 6.00927 6.00874 6.00788 6.00667 6.00514 6.0033 6.00115 5.99871 5.99599 5.99302 5.9898 5.98637 5.98274 5.97893 5.97496 5.97087 5.96666 5.96237 5.95802 5.95362 5.94921 5.9448 5.94042 5.93608 5.93181 5.92762 5.92352 5.91954 5.91569 5.91198 5.90842 5.90501 5.90178 5.89873 5.89585 5.89316 5.89067 5.88836 5.88625 5.88434 5.88263 5.88111 5.87979 5.87867 5.87774 5.877 5.87646 5.87612 5.87596 
5.87029 5.87053 5.87098 5.87163 5.87249 5.87356 5.87484 5.87633 5.87803 5.87993 5.88205 5.88438 5.88691 5.88966 5.8926 5.89575 5.89909 5.90262 5.90633 5.91022 5.91428 5.91849 5.92283 5.92731 5.9319 5.93658 5.94135 5.94616 5.95102 5.95589 5.96075 5.96559 5.97036 5.97506 5.97966 5.98412 5.98844 5.99257 5.99651 6.00022 6.00369 6.00689 6.00981 6.01242 6.01472 6.01669 6.01831 6.01958 6.02048 6.02103 6.0212 6.021 6.02043 6.0195 6.01821 6.01656 6.01458 6.01228 6.00966 6.00675 6.00356 6.00011 5.99642 5.99253 5.98844 5.98418 5.97979 5.97527 5.97066 5.96598 5.96126 5.95652 5.95178 5.94706 5.94239 5.93779 5.93328 5.92887 5.92458 5.92042 5.91642 5.91257 5.9089 5.9054 5.9021 5.89899 5.89608 5.89337 5.89088 5.88859 5.88652 5.88465 5.883 5.88156 5.88034 5.87932 5.87852 5.87792 5.87754 5.87736 
5.87178 5.87203 5.8725 5.8732 5.87412 5.87527 5.87664 5.87824 5.88007 5.88213 5.88441 5.88692 5.88965 5.8926 5.89578 5.89917 5.90277 5.90657 5.91057 5.91476 5.91912 5.92365 5.92833 5.93314 5.93808 5.94311 5.94823 5.95341 5.95862 5.96385 5.96907 5.97425 5.97937 5.98441 5.98934 5.99412 5.99874 6.00317 6.00738 6.01135 6.01506 6.01849 6.0216 6.0244 6.02685 6.02895 6.03068 6.03204 6.033 6.03358 6.03376 6.03354 6.03293 6.03192 6.03054 6.02878 6.02665 6.02418 6.02137 6.01825 6.01483 6.01113 6.00718 6.003 5.99862 5.99405 5.98933 5.98449 5.97954 5.97451 5.96944 5.96435 5.95925 5.95418 5.94916 5.94421 5.93935 5.9346 5.92997 5.9255 5.92118 5.91703 5.91306 5.90929 5.90572 5.90236 5.89921 5.89628 5.89358 5.8911 5.88885 5.88682 5.88503 5.88347 5.88213 5.88102 5.88014 5.87949 5.87906 5.87886 
5.87337 5.87363 5.87413 5.87487 5.87586 5.87709 5.87857 5.88029 5.88226 5.88447 5.88692 5.88962 5.89257 5.89575 5.89917 5.90282 5.90669 5.91079 5.91509 5.9196 5.92429 5.92916 5.93419 5.93936 5.94466 5.95007 5.95556 5.96112 5.96671 5.97232 5.97792 5.98347 5.98896 5.99436 5.99963 6.00475 6.0097 6.01443 6.01894 6.02319 6.02715 6.03081 6.03414 6.03713 6.03975 6.04199 6.04383 6.04527 6.0463 6.04691 6.0471 6.04686 6.0462 6.04512 6.04364 6.04175 6.03948 6.03683 6.03382 6.03048 6.02681 6.02285 6.01862 6.01414 6.00945 6.00455 5.99949 5.99429 5.98899 5.9836 5.97815 5.97268 5.96721 5.96176 5.95637 5.95104 5.94582 5.9407 5.93573 5.93091 5.92625 5.92178 5.9175 5.91343 5.90958 5.90595 5.90255 5.89938 5.89646 5.89377 5.89133 5.88914 5.8872 5.8855 5.88404 5.88284 5.88187 5.88116 5.88068 5.88046 
5.87506 5.87532 5.87586 5.87665 5.87771 5.87903 5.88061 5.88246 5.88458 5.88695 5.8896 5.8925 5.89567 5.89909 5.90277 5.90669 5.91086 5.91526 5.91989 5.92473 5.92977 5.935 5.9404 5.94596 5.95165 5.95745 5.96334 5.96929 5.97529 5.98129 5.98729 5.99323 5.99911 6.00488 6.01052 6.016 6.02128 6.02634 6.03115 6.03569 6.03992 6.04383 6.04738 6.05057 6.05336 6.05575 6.05771 6.05925 6.06034 6.06099 6.06118 6.06092 6.06021 6.05906 6.05747 6.05545 6.05302 6.05018 6.04697 6.04339 6.03947 6.03524 6.03071 6.02592 6.02089 6.01565 6.01024 6.00467 5.99898 5.99321 5.98737 5.9815 5.97563 5.96979 5.964 5.95828 5.95267 5.94718 5.94183 5.93664 5.93163 5.92682 5.92221 5.91783 5.91367 5.90976 5.90609 5.90267 5.89951 5.89661 5.89398 5.8916 5.88949 5.88765 5.88607 5.88476 5.88371 5.88293 5.88241 5.88215 
5.87684 5.87712 5.87768 5.87853 5.87966 5.88108 5.88278 5.88476 5.88703 5.88958 5.89242 5.89554 5.89894 5.90262 5.90657 5.91079 5.91526 5.91999 5.92495 5.93015 5.93556 5.94117 5.94696 5.95291 5.95901 5.96522 5.97153 5.9779 5.98432 5.99074 5.99715 6.00351 6.00979 6.01595 6.02197 6.02782 6.03346 6.03886 6.04399 6.04883 6.05334 6.0575 6.06129 6.06468 6.06766 6.0702 6.07229 6.07392 6.07508 6.07577 6.07597 6.07569 6.07493 6.0737 6.072 6.06984 6.06724 6.06421 6.06078 6.05696 6.05278 6.04825 6.04342 6.0383 6.03292 6.02732 6.02153 6.01558 6.0095 6.00332 5.99707 5.99079 5.98451 5.97825 5.97204 5.96591 5.95989 5.954 5.94826 5.94269 5.93731 5.93214 5.92718 5.92247 5.918 5.91378 5.90983 5.90615 5.90274 5.89961 5.89676 5.8942 5.89192 5.88993 5.88822 5.8868 5.88566 5.8848 5.88423 5.88395 
5.87871 5.87901 5.8796 5.88051 5.88172 5.88323 5.88505 5.88718 5.88961 5.89235 5.8954 5.89874 5.90239 5.90633 5.91057 5.91509 5.91989 5.92495 5.93028 5.93584 5.94163 5.94764 5.95384 5.96021 5.96673 5.97337 5.98011 5.98692 5.99378 6.00064 6.00748 6.01427 6.02096 6.02754 6.03396 6.04019 6.0462 6.05195 6.05742 6.06257 6.06737 6.0718 6.07583 6.07944 6.0826 6.0853 6.08752 6.08925 6.09048 6.09121 6.09142 6.09112 6.0903 6.08899 6.08717 6.08487 6.0821 6.07888 6.07522 6.07114 6.06668 6.06186 6.0567 6.05124 6.04551 6.03954 6.03336 6.027 6.02051 6.01391 6.00723 6.00052 5.9938 5.98711 5.98047 5.97391 5.96746 5.96115 5.955 5.94903 5.94326 5.93772 5.9324 5.92734 5.92254 5.91801 5.91376 5.9098 5.90613 5.90276 5.8997 5.89693 5.89447 5.89232 5.89047 5.88894 5.8877 5.88677 5.88615 5.88584 
5.88068 5.88099 5.88162 5.88258 5.88387 5.88549 5.88744 5.88971 5.89232 5.89525 5.89851 5.9021 5.906 5.91022 5.91476 5.9196 5.92473 5.93015 5.93584 5.94179 5.94799 5.9544 5.96103 5.96783 5.97479 5.98188 5.98907 5.99634 6.00364 6.01096 6.01825 6.02548 6.03261 6.03961 6.04644 6.05307 6.05946 6.06558 6.07139 6.07686 6.08197 6.08667 6.09095 6.09478 6.09813 6.101 6.10335 6.10519 6.10649 6.10726 6.10748 6.10715 6.10628 6.10488 6.10295 6.1005 6.09755 6.09412 6.09023 6.08589 6.08115 6.07602 6.07053 6.06472 6.05861 6.05225 6.04567 6.0389 6.03197 6.02494 6.01782 6.01066 6.00349 5.99635 5.98926 5.98225 5.97536 5.96862 5.96204 5.95566 5.94949 5.94355 5.93786 5.93243 5.92728 5.92243 5.91787 5.91362 5.90968 5.90606 5.90276 5.89979 5.89715 5.89483 5.89284 5.89118 5.88984 5.88884 5.88816 5.88781 
5.88273 5.88305 5.88372 5.88475 5.88612 5.88785 5.88993 5.89236 5.89514 5.89828 5.90176 5.90559 5.90977 5.91428 5.91912 5.92429 5.92977 5.93556 5.94163 5.94799 5.95459 5.96144 5.9685 5.97575 5.98317 5.99072 5.99838 6.00611 6.01389 6.02167 6.02942 6.0371 6.04468 6.05212 6.05938 6.06642 6.0732 6.0797 6.08586 6.09166 6.09707 6.10206 6.1066 6.11065 6.11421 6.11724 6.11974 6.12168 6.12306 6.12386 6.12409 6.12374 6.12282 6.12133 6.11927 6.11668 6.11354 6.1099 6.10577 6.10117 6.09613 6.09068 6.08485 6.07867 6.07219 6.06542 6.05843 6.05123 6.04387 6.03638 6.02881 6.02119 6.01355 6.00594 5.99838 5.99092 5.98358 5.97638 5.96936 5.96255 5.95595 5.94961 5.94353 5.93773 5.93222 5.92703 5.92215 5.91759 5.91338 5.9095 5.90596 5.90277 5.89993 5.89744 5.8953 5.89352 5.89208 5.891 5.89026 5.88988 
5.88487 5.8852 5.88591 5.887 5.88846 5.8903 5.89252 5.89511 5.89808 5.90142 5.90514 5.90922 5.91367 5.91849 5.92365 5.92916 5.935 5.94117 5.94764 5.9544 5.96144 5.96872 5.97624 5.98395 5.99183 5.99986 6.008 6.01622 6.02447 6.03273 6.04096 6.04911 6.05715 6.06504 6.07273 6.08019 6.08738 6.09425 6.10078 6.10692 6.11265 6.11792 6.12272 6.12701 6.13077 6.13397 6.13661 6.13866 6.14011 6.14096 6.1412 6.14083 6.13985 6.13827 6.13609 6.13334 6.13002 6.12616 6.12178 6.11691 6.11156 6.10579 6.09961 6.09306 6.08619 6.07902 6.07159 6.06395 6.05614 6.04819 6.04015 6.03206 6.02395 6.01585 6.00782 5.99988 5.99207 5.98441 5.97694 5.96968 5.96265 5.95589 5.94941 5.94322 5.93734 5.9318 5.92658 5.92172 5.91721 5.91306 5.90928 5.90587 5.90282 5.90016 5.89786 5.89594 5.8944 5.89323 5.89244 5.89203 
5.88708 5.88743 5.88818 5.88933 5.89089 5.89284 5.8952 5.89796 5.90112 5.90468 5.90863 5.91298 5.91771 5.92283 5.92833 5.93419 5.9404 5.94696 5.95384 5.96103 5.9685 5.97624 5.98421 5.9924 6.00076 6.00928 6.01791 6.02662 6.03537 6.04412 6.05283 6.06146 6.06997 6.07831 6.08645 6.09433 6.10193 6.1092 6.11609 6.12258 6.12863 6.1342 6.13926 6.14379 6.14775 6.15114 6.15392 6.15608 6.15761 6.1585 6.15875 6.15835 6.15731 6.15564 6.15334 6.15042 6.14692 6.14284 6.13821 6.13306 6.12741 6.1213 6.11477 6.10784 6.10057 6.09298 6.08512 6.07703 6.06876 6.06034 6.05182 6.04324 6.03464 6.02606 6.01754 6.00911 6.00081 5.99268 5.98474 5.97703 5.96956 5.96237 5.95547 5.94888 5.94263 5.93672 5.93116 5.92598 5.92117 5.91675 5.91271 5.90906 5.90582 5.90296 5.90051 5.89846 5.89681 5.89555 5.8947 5.89425 
5.88936 5.88972 5.89052 5.89174 5.89339 5.89546 5.89796 5.90089 5.90425 5.90803 5.91223 5.91685 5.92188 5.92731 5.93314 5.93936 5.94596 5.95291 5.96021 5.96783 5.97575 5.98395 5.9924 6.00107 6.00992 6.01894 6.02807 6.03728 6.04653 6.05578 6.06498 6.0741 6.08308 6.09189 6.10048 6.1088 6.11681 6.12448 6.13175 6.13859 6.14496 6.15083 6.15616 6.16093 6.1651 6.16866 6.17158 6.17386 6.17547 6.1764 6.17666 6.17624 6.17514 6.17337 6.17095 6.16787 6.16418 6.15987 6.15499 6.14955 6.1436 6.13715 6.13026 6.12295 6.11527 6.10726 6.09896 6.09042 6.08167 6.07278 6.06377 6.05469 6.04559 6.03651 6.02749 6.01857 6.00978 6.00116 5.99275 5.98457 5.97665 5.96902 5.96169 5.9547 5.94806 5.94178 5.93588 5.93036 5.92525 5.92054 5.91624 5.91236 5.9089 5.90586 5.90324 5.90105 5.89928 5.89794 5.89703 5.89654 
5.8917 5.89208 5.89292 5.89421 5.89595 5.89815 5.9008 5.90391 5.90746 5.91147 5.91592 5.92081 5.92614 5.9319 5.93808 5.94466 5.95165 5.95901 5.96673 5.97479 5.98317 5.99183 6.00076 6.00992 6.01928 6.0288 6.03844 6.04815 6.05791 6.06767 6.07737 6.08698 6.09645 6.10573 6.11477 6.12353 6.13196 6.14003 6.14768 6.15487 6.16157 6.16774 6.17334 6.17835 6.18274 6.18648 6.18955 6.19194 6.19362 6.1946 6.19487 6.19442 6.19327 6.19141 6.18885 6.18562 6.18173 6.1772 6.17206 6.16634 6.16007 6.15329 6.14603 6.13833 6.13024 6.1218 6.11306 6.10405 6.09483 6.08545 6.07595 6.06637 6.05677 6.04718 6.03765 6.02823 6.01894 6.00983 6.00093 5.99228 5.9839 5.97582 5.96806 5.96065 5.95361 5.94696 5.9407 5.93485 5.92942 5.92442 5.91986 5.91573 5.91205 5.90882 5.90604 5.90371 5.90183 5.9004 5.89942 5.8989 
5.8941 5.8945 5.89538 5.89674 5.89858 5.9009 5.90371 5.90699 5.91075 5.91498 5.91969 5.92486 5.9305 5.93658 5.94311 5.95007 5.95745 5.96522 5.97337 5.98188 5.99072 5.99986 6.00928 6.01894 6.0288 6.03882 6.04897 6.05921 6.06948 6.07974 6.08995 6.10006 6.11001 6.11976 6.12926 6.13847 6.14733 6.15579 6.16382 6.17137 6.1784 6.18487 6.19075 6.196 6.2006 6.20452 6.20774 6.21024 6.212 6.21303 6.21331 6.21283 6.21162 6.20966 6.20698 6.20359 6.1995 6.19475 6.18935 6.18334 6.17676 6.16963 6.16201 6.15392 6.14542 6.13655 6.12735 6.11788 6.10819 6.09832 6.08831 6.07823 6.06812 6.05802 6.04798 6.03804 6.02825 6.01864 6.00926 6.00012 5.99127 5.98274 5.97455 5.96672 5.95928 5.95224 5.94562 5.93943 5.93368 5.92839 5.92355 5.91918 5.91528 5.91185 5.9089 5.90643 5.90443 5.90291 5.90187 5.90131 
5.89654 5.89696 5.89788 5.89932 5.90126 5.90371 5.90666 5.91013 5.91409 5.91856 5.92353 5.92898 5.93493 5.94135 5.94823 5.95556 5.96334 5.97153 5.98011 5.98907 5.99838 6.008 6.01791 6.02807 6.03844 6.04897 6.05964 6.07039 6.08118 6.09196 6.10267 6.11327 6.12372 6.13394 6.1439 6.15355 6.16283 6.1717 6.18011 6.18802 6.19538 6.20215 6.2083 6.2138 6.21861 6.22271 6.22607 6.22868 6.23053 6.2316 6.23189 6.23139 6.23011 6.22807 6.22526 6.2217 6.21742 6.21244 6.20679 6.2005 6.1936 6.18613 6.17814 6.16966 6.16075 6.15144 6.1418 6.13186 6.12168 6.11132 6.10082 6.09023 6.0796 6.06899 6.05843 6.04798 6.03768 6.02757 6.01769 6.00807 5.99875 5.98976 5.98113 5.97287 5.96503 5.9576 5.95061 5.94408 5.93801 5.93242 5.92731 5.92269 5.91857 5.91494 5.91182 5.90919 5.90708 5.90547 5.90436 5.90377 
5.89902 5.89945 5.90042 5.90193 5.90397 5.90655 5.90966 5.91331 5.91748 5.92219 5.92741 5.93316 5.93941 5.94616 5.95341 5.96112 5.96929 5.9779 5.98692 5.99634 6.00611 6.01622 6.02662 6.03728 6.04815 6.05921 6.07039 6.08166 6.09297 6.10425 6.11548 6.12658 6.1375 6.1482 6.15863 6.16871 6.17842 6.18769 6.19648 6.20474 6.21243 6.2195 6.22593 6.23167 6.23669 6.24096 6.24448 6.2472 6.24913 6.25024 6.25054 6.25002 6.24868 6.24654 6.2436 6.23989 6.23541 6.23021 6.2243 6.21772 6.21051 6.2027 6.19434 6.18548 6.17615 6.16642 6.15632 6.14592 6.13526 6.12441 6.1134 6.10231 6.09117 6.08004 6.06897 6.058 6.04719 6.03658 6.0262 6.01609 6.0063 5.99685 5.98777 5.97909 5.97083 5.96302 5.95566 5.94878 5.94239 5.9365 5.93111 5.92624 5.92189 5.91807 5.91477 5.912 5.90976 5.90806 5.90689 5.90626 
5.90152 5.90198 5.90299 5.90457 5.90672 5.90942 5.91269 5.91652 5.92091 5.92585 5.93133 5.93737 5.94393 5.95102 5.95862 5.96671 5.97529 5.98432 5.99378 6.00364 6.01389 6.02447 6.03537 6.04653 6.05791 6.06948 6.08118 6.09297 6.10478 6.11658 6.12831 6.1399 6.15132 6.16249 6.17337 6.18389 6.19402 6.20369 6.21286 6.22147 6.22948 6.23686 6.24355 6.24953 6.25476 6.25921 6.26287 6.26571 6.26771 6.26887 6.26918 6.26863 6.26724 6.265 6.26194 6.25807 6.2534 6.24797 6.24181 6.23495 6.22743 6.21928 6.21056 6.20131 6.19157 6.18141 6.17087 6.16 6.14887 6.13752 6.12602 6.11442 6.10277 6.09112 6.07954 6.06806 6.05674 6.04562 6.03475 6.02416 6.01389 6.00398 5.99445 5.98535 5.97668 5.96847 5.96075 5.95352 5.9468 5.94061 5.93494 5.92982 5.92525 5.92122 5.91775 5.91483 5.91248 5.91068 5.90945 5.90877 
5.90404 5.90451 5.90558 5.90723 5.90948 5.91231 5.91574 5.91975 5.92434 5.92952 5.93527 5.94159 5.94847 5.95589 5.96385 5.97232 5.98129 5.99074 6.00064 6.01096 6.02167 6.03273 6.04412 6.05578 6.06767 6.07974 6.09196 6.10425 6.11658 6.12889 6.14111 6.1532 6.16509 6.17673 6.18806 6.19902 6.20956 6.21963 6.22917 6.23812 6.24646 6.25413 6.26109 6.26731 6.27274 6.27737 6.28117 6.28412 6.2862 6.2874 6.28772 6.28715 6.2857 6.28337 6.28019 6.27616 6.2713 6.26566 6.25925 6.25211 6.24428 6.2358 6.22672 6.21708 6.20694 6.19635 6.18537 6.17404 6.16244 6.15061 6.13861 6.1265 6.11434 6.10219 6.09009 6.07811 6.06628 6.05466 6.04329 6.03222 6.02148 6.01111 6.00114 5.99161 5.98253 5.97394 5.96584 5.95827 5.95122 5.94473 5.93879 5.93342 5.92861 5.92439 5.92074 5.91768 5.9152 5.91332 5.91202 5.91131 
5.90657 5.90706 5.90816 5.90989 5.91224 5.9152 5.91878 5.92298 5.92778 5.93319 5.93921 5.94581 5.953 5.96075 5.96907 5.97792 5.98729 5.99715 6.00748 6.01825 6.02942 6.04096 6.05283 6.06498 6.07737 6.08995 6.10267 6.11548 6.12831 6.14111 6.15383 6.1664 6.17877 6.19087 6.20264 6.21403 6.22498 6.23543 6.24534 6.25464 6.26329 6.27125 6.27847 6.28492 6.29056 6.29536 6.2993 6.30236 6.30451 6.30576 6.30608 6.30549 6.30398 6.30157 6.29826 6.29408 6.28904 6.28318 6.27652 6.26911 6.26098 6.25217 6.24273 6.23272 6.22218 6.21118 6.19976 6.18798 6.17591 6.1636 6.15111 6.13851 6.12585 6.11319 6.10059 6.0881 6.07577 6.06365 6.0518 6.04025 6.02904 6.01822 6.00781 5.99785 5.98837 5.97939 5.97093 5.96301 5.95564 5.94885 5.94263 5.93701 5.93198 5.92755 5.92374 5.92053 5.91793 5.91595 5.91459 5.91384 
5.90908 5.90959 5.91074 5.91254 5.91499 5.91808 5.92182 5.92619 5.9312 5.93685 5.94312 5.95001 5.9575 5.96559 5.97425 5.98347 5.99323 6.00351 6.01427 6.02548 6.0371 6.04911 6.06146 6.0741 6.08698 6.10006 6.11327 6.12658 6.1399 6.1532 6.1664 6.17945 6.19228 6.20483 6.21704 6.22885 6.2402 6.25103 6.26129 6.27093 6.27989 6.28813 6.29561 6.30229 6.30812 6.3131 6.31717 6.32033 6.32256 6.32385 6.32419 6.32357 6.32201 6.31951 6.31608 6.31175 6.30653 6.30046 6.29356 6.28588 6.27745 6.26832 6.25854 6.24816 6.23723 6.22582 6.21397 6.20175 6.18922 6.17644 6.16347 6.15039 6.13723 6.12408 6.11098 6.09799 6.08517 6.07256 6.06023 6.0482 6.03654 6.02526 6.01442 6.00404 5.99416 5.9848 5.97597 5.96771 5.96003 5.95294 5.94645 5.94058 5.93533 5.93071 5.92672 5.92336 5.92065 5.91858 5.91715 5.91637 
5.91157 5.9121 5.9133 5.91517 5.91772 5.92093 5.92482 5.92938 5.93459 5.94047 5.94699 5.95416 5.96195 5.97036 5.97937 5.98896 5.99911 6.00979 6.02096 6.03261 6.04468 6.05715 6.06997 6.08308 6.09645 6.11001 6.12372 6.1375 6.15132 6.16509 6.17877 6.19228 6.20556 6.21855 6.23119 6.2434 6.25515 6.26635 6.27696 6.28692 6.29619 6.3047 6.31243 6.31933 6.32536 6.33049 6.33471 6.33797 6.34027 6.3416 6.34195 6.34131 6.3397 6.33711 6.33357 6.32909 6.32369 6.31741 6.31028 6.30234 6.29363 6.28419 6.27407 6.26333 6.25202 6.2402 6.22794 6.21528 6.20231 6.18907 6.17563 6.16207 6.14843 6.13479 6.12121 6.10773 6.09442 6.08134 6.06853 6.05605 6.04393 6.03221 6.02095 6.01016 5.99988 5.99014 5.98096 5.97236 5.96437 5.95698 5.95023 5.94411 5.93864 5.93383 5.92967 5.92617 5.92334 5.92118 5.91969 5.91887 
5.91403 5.91458 5.91582 5.91776 5.92041 5.92375 5.92778 5.93251 5.93793 5.94403 5.9508 5.95824 5.96633 5.97506 5.98441 5.99436 6.00488 6.01595 6.02754 6.03961 6.05212 6.06504 6.07831 6.09189 6.10573 6.11976 6.13394 6.1482 6.16249 6.17673 6.19087 6.20483 6.21855 6.23197 6.24502 6.25763 6.26975 6.28132 6.29226 6.30254 6.3121 6.32088 6.32885 6.33597 6.34218 6.34748 6.35182 6.35518 6.35756 6.35892 6.35928 6.35862 6.35696 6.35429 6.35063 6.34601 6.34045 6.33397 6.32662 6.31842 6.30943 6.29968 6.28924 6.27815 6.26647 6.25427 6.2416 6.22852 6.21511 6.20143 6.18754 6.17351 6.1594 6.14529 6.13122 6.11728 6.1035 6.08995 6.07668 6.06374 6.05118 6.03903 6.02735 6.01616 6.0055 5.99539 5.98586 5.97694 5.96863 5.96096 5.95395 5.94759 5.94191 5.9369 5.93258 5.92894 5.926 5.92375 5.9222 5.92134 
5.91644 5.917 5.91829 5.92031 5.92304 5.92651 5.93069 5.93559 5.9412 5.94752 5.95454 5.96224 5.97062 5.97966 5.98934 5.99963 6.01052 6.02197 6.03396 6.04644 6.05938 6.07273 6.08645 6.10048 6.11477 6.12926 6.1439 6.15863 6.17337 6.18806 6.20264 6.21704 6.23119 6.24502 6.25847 6.27146 6.28395 6.29586 6.30713 6.31772 6.32756 6.3366 6.3448 6.35212 6.35852 6.36397 6.36843 6.37189 6.37433 6.37574 6.3761 6.37543 6.37371 6.37096 6.3672 6.36245 6.35672 6.35005 6.34248 6.33404 6.32477 6.31474 6.30398 6.29255 6.28052 6.26794 6.25488 6.2414 6.22756 6.21345 6.19912 6.18464 6.17008 6.15551 6.14098 6.12658 6.11234 6.09834 6.08462 6.07124 6.05825 6.04569 6.0336 6.02202 6.01098 6.00052 5.99065 5.98141 5.9728 5.96486 5.95759 5.951 5.9451 5.93991 5.93543 5.93166 5.9286 5.92627 5.92465 5.92376 
5.91879 5.91937 5.9207 5.92278 5.92561 5.92919 5.93352 5.93858 5.94438 5.95092 5.95817 5.96613 5.97479 5.98412 5.99412 6.00475 6.016 6.02782 6.04019 6.05307 6.06642 6.08019 6.09433 6.1088 6.12353 6.13847 6.15355 6.16871 6.18389 6.19902 6.21403 6.22885 6.2434 6.25763 6.27146 6.28483 6.29767 6.30991 6.3215 6.33237 6.34248 6.35177 6.3602 6.36771 6.37429 6.37988 6.38446 6.38802 6.39052 6.39196 6.39234 6.39164 6.38988 6.38706 6.38319 6.37831 6.37242 6.36557 6.35779 6.34912 6.3396 6.32928 6.31822 6.30647 6.2941 6.28116 6.26772 6.25385 6.23961 6.22508 6.21032 6.19541 6.18042 6.1654 6.15044 6.13558 6.12091 6.10647 6.09232 6.07852 6.06511 6.05215 6.03967 6.02771 6.01631 6.0055 5.9953 5.98575 5.97686 5.96864 5.96112 5.95431 5.94821 5.94284 5.9382 5.9343 5.93114 5.92872 5.92705 5.92613 
5.92107 5.92167 5.92304 5.92518 5.9281 5.93179 5.93625 5.94148 5.94746 5.9542 5.96168 5.96989 5.97881 5.98844 5.99874 6.0097 6.02128 6.03346 6.0462 6.05946 6.0732 6.08738 6.10193 6.11681 6.13196 6.14733 6.16283 6.17842 6.19402 6.20956 6.22498 6.2402 6.25515 6.26975 6.28395 6.29767 6.31084 6.3234 6.33528 6.34644 6.3568 6.36633 6.37497 6.38267 6.38941 6.39514 6.39984 6.40348 6.40605 6.40753 6.40791 6.4072 6.40539 6.4025 6.39853 6.39352 6.38749 6.38046 6.37248 6.36359 6.35382 6.34324 6.33189 6.31984 6.30713 6.29385 6.28005 6.26581 6.25119 6.23626 6.2211 6.20577 6.19036 6.17492 6.15953 6.14426 6.12916 6.1143 6.09974 6.08553 6.07172 6.05837 6.04552 6.0332 6.02145 6.0103 5.99979 5.98994 5.98077 5.9723 5.96454 5.95751 5.95122 5.94567 5.94088 5.93685 5.93359 5.93109 5.92937 5.92841 
5.92326 5.92387 5.92528 5.92749 5.93049 5.93429 5.93888 5.94426 5.95042 5.95735 5.96505 5.97349 5.98267 5.99257 6.00317 6.01443 6.02634 6.03886 6.05195 6.06558 6.0797 6.09425 6.1092 6.12448 6.14003 6.15579 6.1717 6.18769 6.20369 6.21963 6.23543 6.25103 6.26635 6.28132 6.29586 6.30991 6.3234 6.33626 6.34843 6.35985 6.37046 6.3802 6.38904 6.39693 6.40382 6.40968 6.41449 6.41822 6.42084 6.42235 6.42274 6.42201 6.42016 6.4172 6.41315 6.40802 6.40185 6.39466 6.38649 6.37738 6.36738 6.35655 6.34493 6.33258 6.31957 6.30596 6.29182 6.27722 6.26224 6.24693 6.23138 6.21567 6.19986 6.18402 6.16822 6.15254 6.13704 6.12178 6.10683 6.09223 6.07805 6.06433 6.05111 6.03845 6.02637 6.01491 6.0041 5.99396 5.98453 5.97581 5.96782 5.96058 5.95411 5.9484 5.94346 5.93931 5.93595 5.93337 5.9316 5.93061 
5.92535 5.92598 5.92742 5.92969 5.93278 5.93668 5.94139 5.94691 5.95324 5.96036 5.96826 5.97693 5.98635 5.99651 6.00738 6.01894 6.03115 6.04399 6.05742 6.07139 6.08586 6.10078 6.11609 6.13175 6.14768 6.16382 6.18011 6.19648 6.21286 6.22917 6.24534 6.26129 6.27696 6.29226 6.30713 6.3215 6.33528 6.34843 6.36086 6.37253 6.38337 6.39333 6.40235 6.41041 6.41744 6.42343 6.42834 6.43214 6.43482 6.43637 6.43677 6.43602 6.43413 6.43111 6.42697 6.42173 6.41542 6.40808 6.39973 6.39043 6.38021 6.36914 6.35726 6.34464 6.33134 6.31742 6.30297 6.28803 6.2727 6.25704 6.24113 6.22504 6.20886 6.19264 6.17646 6.1604 6.14452 6.12889 6.11356 6.0986 6.08406 6.06999 6.05643 6.04344 6.03105 6.01929 6.00819 5.99779 5.9881 5.97915 5.97095 5.96351 5.95686 5.95099 5.94592 5.94166 5.9382 5.93555 5.93372 5.93271 
5.92733 5.92797 5.92945 5.93177 5.93493 5.93893 5.94376 5.94942 5.9559 5.96319 5.97129 5.98017 5.98982 6.00022 6.01135 6.02319 6.03569 6.04883 6.06257 6.07686 6.09166 6.10692 6.12258 6.13859 6.15487 6.17137 6.18802 6.20474 6.22147 6.23812 6.25464 6.27093 6.28692 6.30254 6.31772 6.33237 6.34644 6.35985 6.37253 6.38443 6.39548 6.40563 6.41484 6.42305 6.43022 6.43632 6.44133 6.4452 6.44793 6.44951 6.44991 6.44915 6.44722 6.44414 6.43992 6.43458 6.42815 6.42066 6.41215 6.40267 6.39225 6.38095 6.36883 6.35596 6.34239 6.32818 6.31343 6.29818 6.28253 6.26654 6.25029 6.23385 6.21732 6.20074 6.18421 6.16779 6.15156 6.13557 6.1199 6.10459 6.08971 6.07531 6.06144 6.04814 6.03546 6.02341 6.01205 6.0014 5.99147 5.9823 5.97389 5.96628 5.95945 5.95344 5.94824 5.94387 5.94032 5.93761 5.93573 5.93469 
5.92918 5.92984 5.93135 5.93372 5.93696 5.94104 5.94598 5.95177 5.95839 5.96584 5.97412 5.98319 5.99306 6.00369 6.01506 6.02715 6.03992 6.05334 6.06737 6.08197 6.09707 6.11265 6.12863 6.14496 6.16157 6.1784 6.19538 6.21243 6.22948 6.24646 6.26329 6.27989 6.29619 6.3121 6.32756 6.34248 6.3568 6.37046 6.38337 6.39548 6.40673 6.41706 6.42643 6.43478 6.44208 6.44829 6.45338 6.45733 6.46011 6.46171 6.46212 6.46134 6.45938 6.45625 6.45195 6.44652 6.43998 6.43235 6.42369 6.41403 6.40343 6.39193 6.37959 6.36648 6.35265 6.33819 6.32315 6.30762 6.29167 6.27537 6.25881 6.24205 6.22519 6.20829 6.19143 6.17468 6.15811 6.1418 6.1258 6.11017 6.09498 6.08028 6.06612 6.05253 6.03957 6.02727 6.01565 6.00476 5.99462 5.98524 5.97665 5.96886 5.96188 5.95573 5.95042 5.94594 5.94232 5.93954 5.93762 5.93655 
5.9309 5.93156 5.93311 5.93553 5.93883 5.943 5.94804 5.95394 5.96069 5.9683 5.97674 5.98599 5.99605 6.00689 6.01849 6.03081 6.04383 6.0575 6.0718 6.08667 6.10206 6.11792 6.1342 6.15083 6.16774 6.18487 6.20215 6.2195 6.23686 6.25413 6.27125 6.28813 6.3047 6.32088 6.3366 6.35177 6.36633 6.3802 6.39333 6.40563 6.41706 6.42756 6.43708 6.44556 6.45298 6.45928 6.46445 6.46846 6.47128 6.47291 6.47333 6.47254 6.47055 6.46736 6.463 6.45748 6.45083 6.44309 6.43429 6.42448 6.4137 6.40201 6.38947 6.37614 6.36209 6.34738 6.33209 6.3163 6.30007 6.28349 6.26664 6.24959 6.23243 6.21523 6.19807 6.18101 6.16415 6.14753 6.13123 6.11532 6.09984 6.08486 6.07042 6.05658 6.04336 6.03082 6.01898 6.00787 5.99753 5.98796 5.9792 5.97125 5.96413 5.95785 5.95243 5.94786 5.94416 5.94133 5.93936 5.93828 
5.93247 5.93314 5.93472 5.93718 5.94054 5.94478 5.94991 5.95592 5.9628 5.97054 5.97912 5.98854 5.99878 6.00981 6.0216 6.03414 6.04738 6.06129 6.07583 6.09095 6.1066 6.12272 6.13926 6.15616 6.17334 6.19075 6.2083 6.22593 6.24355 6.26109 6.27847 6.29561 6.31243 6.32885 6.3448 6.3602 6.37497 6.38904 6.40235 6.41484 6.42643 6.43708 6.44673 6.45533 6.46285 6.46925 6.47449 6.47855 6.48141 6.48306 6.48348 6.48268 6.48066 6.47743 6.47301 6.46741 6.46067 6.45282 6.44389 6.43394 6.42301 6.41115 6.39843 6.38491 6.37064 6.35572 6.3402 6.32417 6.3077 6.29086 6.27375 6.25644 6.23901 6.22153 6.2041 6.18677 6.16963 6.15274 6.13617 6.11999 6.10426 6.08902 6.07434 6.06026 6.04682 6.03405 6.02201 6.01071 6.00018 5.99044 5.98152 5.97343 5.96618 5.95979 5.95427 5.94962 5.94585 5.94296 5.94096 5.93985 
5.93388 5.93457 5.93616 5.93867 5.94208 5.94639 5.9516 5.9577 5.96469 5.97255 5.98127 5.99083 6.00123 6.01242 6.0244 6.03713 6.05057 6.06468 6.07944 6.09478 6.11065 6.12701 6.14379 6.16093 6.17835 6.196 6.2138 6.23167 6.24953 6.26731 6.28492 6.30229 6.31933 6.33597 6.35212 6.36771 6.38267 6.39693 6.41041 6.42305 6.43478 6.44556 6.45533 6.46404 6.47165 6.47813 6.48343 6.48754 6.49044 6.49211 6.49254 6.49173 6.48968 6.48642 6.48194 6.47627 6.46945 6.4615 6.45246 6.44238 6.43131 6.41931 6.40642 6.39272 6.37828 6.36316 6.34744 6.33119 6.3145 6.29744 6.2801 6.26255 6.24488 6.22716 6.20948 6.19191 6.17453 6.1574 6.14059 6.12418 6.10821 6.09275 6.07785 6.06355 6.04991 6.03695 6.02472 6.01324 6.00255 5.99266 5.9836 5.97538 5.96802 5.96153 5.95592 5.95119 5.94736 5.94443 5.94239 5.94127 
5.93512 5.93582 5.93744 5.93998 5.94343 5.9478 5.95308 5.95927 5.96635 5.97431 5.98315 5.99284 6.00338 6.01472 6.02685 6.03975 6.05336 6.06766 6.0826 6.09813 6.11421 6.13077 6.14775 6.1651 6.18274 6.2006 6.21861 6.23669 6.25476 6.27274 6.29056 6.30812 6.32536 6.34218 6.35852 6.37429 6.38941 6.40382 6.41744 6.43022 6.44208 6.45298 6.46285 6.47165 6.47934 6.48589 6.49125 6.4954 6.49833 6.50001 6.50045 6.49963 6.49756 6.49426 6.48974 6.48401 6.47711 6.46908 6.45995 6.44976 6.43857 6.42643 6.41341 6.39956 6.38495 6.36966 6.35377 6.33734 6.32045 6.3032 6.28565 6.2679 6.25002 6.23209 6.2142 6.19641 6.17882 6.16148 6.14446 6.12784 6.11167 6.09602 6.08092 6.06644 6.05262 6.0395 6.0271 6.01548 6.00464 5.99462 5.98543 5.9771 5.96964 5.96306 5.95737 5.95258 5.9487 5.94572 5.94366 5.94252 
5.93619 5.9369 5.93854 5.9411 5.9446 5.94902 5.95436 5.96061 5.96777 5.97583 5.98477 5.99457 6.00522 6.01669 6.02895 6.04199 6.05575 6.0702 6.0853 6.101 6.11724 6.13397 6.15114 6.16866 6.18648 6.20452 6.22271 6.24096 6.25921 6.27737 6.29536 6.3131 6.33049 6.34748 6.36397 6.37988 6.39514 6.40968 6.42343 6.43632 6.44829 6.45928 6.46925 6.47813 6.48589 6.49249 6.49789 6.50208 6.50504 6.50674 6.50717 6.50635 6.50427 6.50093 6.49637 6.49059 6.48363 6.47553 6.46631 6.45603 6.44474 6.43249 6.41935 6.40537 6.39063 6.3752 6.35915 6.34256 6.32552 6.3081 6.29038 6.27245 6.2544 6.23629 6.21821 6.20025 6.18247 6.16495 6.14776 6.13097 6.11463 6.0988 6.08355 6.06891 6.05494 6.04167 6.02914 6.01738 6.00642 5.99629 5.987 5.97858 5.97103 5.96438 5.95862 5.95377 5.94984 5.94683 5.94475 5.94359 
5.93708 5.9378 5.93945 5.94204 5.94556 5.95002 5.95542 5.96173 5.96895 5.97708 5.9861 5.99599 6.00674 6.01831 6.03068 6.04383 6.05771 6.07229 6.08752 6.10335 6.11974 6.13661 6.15392 6.17158 6.18955 6.20774 6.22607 6.24448 6.26287 6.28117 6.2993 6.31717 6.33471 6.35182 6.36843 6.38446 6.39984 6.41449 6.42834 6.44133 6.45338 6.46445 6.47449 6.48343 6.49125 6.49789 6.50334 6.50756 6.51053 6.51224 6.51269 6.51186 6.50976 6.5064 6.5018 6.49599 6.48898 6.48081 6.47153 6.46118 6.4498 6.43746 6.42422 6.41014 6.39529 6.37974 6.36357 6.34685 6.32967 6.31212 6.29426 6.27619 6.25799 6.23973 6.22151 6.2034 6.18547 6.16781 6.15047 6.13354 6.11706 6.1011 6.08571 6.07095 6.05685 6.04346 6.03082 6.01896 6.0079 5.99767 5.9883 5.9798 5.97218 5.96546 5.95965 5.95476 5.9508 5.94776 5.94565 5.94449 
5.93779 5.9385 5.94017 5.94277 5.94633 5.95082 5.95625 5.9626 5.96988 5.97807 5.98715 5.99711 6.00793 6.01958 6.03204 6.04527 6.05925 6.07392 6.08925 6.10519 6.12168 6.13866 6.15608 6.17386 6.19194 6.21024 6.22868 6.2472 6.26571 6.28412 6.30236 6.32033 6.33797 6.35518 6.37189 6.38802 6.40348 6.41822 6.43214 6.4452 6.45733 6.46846 6.47855 6.48754 6.4954 6.50208 6.50756 6.5118 6.51479 6.51651 6.51696 6.51612 6.51401 6.51064 6.50601 6.50016 6.49312 6.48491 6.47557 6.46516 6.45372 6.44131 6.42799 6.41383 6.39889 6.38325 6.36699 6.35017 6.33289 6.31523 6.29727 6.27909 6.26077 6.24241 6.22407 6.20585 6.18781 6.17003 6.15258 6.13553 6.11895 6.10288 6.08739 6.07253 6.05834 6.04486 6.03213 6.02019 6.00905 5.99876 5.98932 5.98076 5.97309 5.96632 5.96047 5.95554 5.95155 5.94849 5.94637 5.94519 
5.9383 5.93902 5.94069 5.94331 5.94688 5.95139 5.95685 5.96324 5.97055 5.97878 5.9879 5.99791 6.00878 6.02048 6.033 6.0463 6.06034 6.07508 6.09048 6.10649 6.12306 6.14011 6.15761 6.17547 6.19362 6.212 6.23053 6.24913 6.26771 6.2862 6.30451 6.32256 6.34027 6.35756 6.37433 6.39052 6.40605 6.42084 6.43482 6.44793 6.46011 6.47128 6.48141 6.49044 6.49833 6.50504 6.51053 6.51479 6.51779 6.51952 6.51996 6.51913 6.51701 6.51362 6.50898 6.50311 6.49603 6.48779 6.47842 6.46796 6.45648 6.44402 6.43065 6.41643 6.40143 6.38573 6.3694 6.35251 6.33516 6.31743 6.29939 6.28113 6.26274 6.24429 6.22588 6.20757 6.18945 6.1716 6.15407 6.13695 6.12029 6.10415 6.08859 6.07366 6.0594 6.04586 6.03307 6.02107 6.00988 5.99953 5.99005 5.98144 5.97374 5.96694 5.96106 5.95611 5.95209 5.94902 5.94689 5.9457 
5.93861 5.93934 5.94101 5.94364 5.94722 5.95175 5.95722 5.96362 5.97096 5.9792 5.98835 5.99839 6.00929 6.02103 6.03358 6.04691 6.06099 6.07577 6.09121 6.10726 6.12386 6.14096 6.1585 6.1764 6.1946 6.21303 6.2316 6.25024 6.26887 6.2874 6.30576 6.32385 6.3416 6.35892 6.37574 6.39196 6.40753 6.42235 6.43637 6.44951 6.46171 6.47291 6.48306 6.49211 6.50001 6.50674 6.51224 6.51651 6.51952 6.52125 6.5217 6.52086 6.51873 6.51534 6.51069 6.5048 6.49771 6.48945 6.48005 6.46958 6.45807 6.44558 6.43218 6.41793 6.40289 6.38715 6.37078 6.35386 6.33647 6.31869 6.30061 6.28231 6.26387 6.24538 6.22692 6.20857 6.19041 6.17251 6.15494 6.13777 6.12107 6.10489 6.08929 6.07432 6.06002 6.04645 6.03363 6.02159 6.01037 6 5.99049 5.98186 5.97413 5.96731 5.96142 5.95645 5.95243 5.94934 5.94721 5.94602 
