0.83146 0.831897 0.832317 0.832712 0.833073 0.833396 0.833678 0.833919 0.834121 0.834285 0.834416 0.834519 0.834598 0.834657 0.8347 0.834731 0.834753 0.834768 0.834779 0.834786 0.83479 0.834793 0.834795 0.834796 0.834797 0.834798 0.834799 0.834799 0.8348 0.834801 0.834802 0.834803 0.834805 0.834807 0.83481 0.834813 0.834816 0.83482 0.834824 0.834828 0.834833 0.834837 0.834842 0.834847 0.834852 0.834856 0.83486 0.834863 0.834866 0.834868 0.834869 0.83487 0.83487 0.834869 0.834867 0.834864 0.834861 0.834857 0.834853 0.834849 0.834844 0.834839 0.834835 0.83483 0.834826 0.834822 0.834818 0.834815 0.834812 0.834809 0.834807 0.834805 0.834803 0.834802 0.834801 0.8348 0.8348 0.8348 0.8348 0.834801 0.834803 0.834807 0.834813 0.834823 0.834839 0.834863 0.834898 0.834948 0.835018 0.835112 0.835236 0.835395 0.835593 0.835833 0.836116 0.836441 0.836805 0.837201 0.837623 0.83806 
0.831897 0.832334 0.832754 0.833148 0.833509 0.833832 0.834114 0.834355 0.834557 0.834721 0.834852 0.834955 0.835034 0.835093 0.835136 0.835167 0.835189 0.835204 0.835215 0.835222 0.835226 0.835229 0.835231 0.835232 0.835233 0.835234 0.835234 0.835235 0.835235 0.835236 0.835237 0.835238 0.835239 0.835241 0.835243 0.835245 0.835248 0.835251 0.835254 0.835258 0.835262 0.835266 0.83527 0.835274 0.835278 0.835282 0.835285 0.835288 0.835291 0.835293 0.835294 0.835294 0.835294 0.835293 0.835292 0.835289 0.835287 0.835283 0.83528 0.835276 0.835272 0.835268 0.835264 0.83526 0.835256 0.835253 0.83525 0.835247 0.835245 0.835243 0.835241 0.835239 0.835238 0.835237 0.835236 0.835236 0.835236 0.835236 0.835236 0.835237 0.835239 0.835243 0.835249 0.835259 0.835275 0.835299 0.835334 0.835384 0.835454 0.835549 0.835673 0.835832 0.836029 0.836269 0.836552 0.836877 0.837241 0.837637 0.838059 0.838496 
0.832317 0.832754 0.833174 0.833568 0.833929 0.834251 0.834533 0.834775 0.834976 0.83514 0.835272 0.835374 0.835453 0.835512 0.835555 0.835587 0.835609 0.835624 0.835634 0.835641 0.835646 0.835649 0.835651 0.835652 0.835653 0.835653 0.835654 0.835654 0.835655 0.835656 0.835656 0.835658 0.835659 0.835661 0.835663 0.835666 0.835669 0.835672 0.835676 0.835681 0.835686 0.835691 0.835696 0.835701 0.835706 0.835711 0.835715 0.835719 0.835722 0.835724 0.835725 0.835726 0.835726 0.835724 0.835722 0.83572 0.835716 0.835712 0.835708 0.835703 0.835698 0.835693 0.835688 0.835683 0.835679 0.835675 0.835671 0.835668 0.835665 0.835663 0.835661 0.835659 0.835658 0.835657 0.835656 0.835655 0.835655 0.835655 0.835656 0.835657 0.835659 0.835663 0.835669 0.835679 0.835695 0.835719 0.835754 0.835804 0.835874 0.835968 0.836093 0.836251 0.836449 0.836689 0.836972 0.837296 0.83766 0.838057 0.838478 0.838914 
0.832712 0.833148 0.833568 0.833961 0.834322 0.834645 0.834927 0.835168 0.835369 0.835534 0.835665 0.835768 0.835846 0.835905 0.835949 0.83598 0.836002 0.836018 0.836028 0.836035 0.836039 0.836042 0.836044 0.836046 0.836046 0.836047 0.836048 0.836048 0.836049 0.83605 0.836052 0.836053 0.836056 0.836059 0.836062 0.836066 0.836072 0.836077 0.836084 0.836091 0.836099 0.836107 0.836115 0.836123 0.836131 0.836139 0.836145 0.836151 0.836156 0.836159 0.836162 0.836162 0.836162 0.83616 0.836156 0.836152 0.836146 0.836139 0.836132 0.836124 0.836117 0.836109 0.836101 0.836093 0.836086 0.83608 0.836074 0.836069 0.836065 0.836061 0.836058 0.836055 0.836053 0.836052 0.836051 0.83605 0.836049 0.836049 0.836049 0.83605 0.836053 0.836056 0.836063 0.836073 0.836089 0.836112 0.836148 0.836198 0.836268 0.836362 0.836486 0.836645 0.836843 0.837083 0.837365 0.83769 0.838054 0.83845 0.838871 0.839308 
0.833073 0.833509 0.833929 0.834322 0.834683 0.835005 0.835288 0.835528 0.83573 0.835894 0.836026 0.836128 0.836207 0.836266 0.836309 0.836341 0.836363 0.836378 0.836389 0.836396 0.8364 0.836403 0.836405 0.836407 0.836408 0.836408 0.836409 0.836411 0.836412 0.836414 0.836417 0.83642 0.836424 0.836429 0.836436 0.836444 0.836453 0.836463 0.836475 0.836488 0.836502 0.836516 0.836531 0.836545 0.836559 0.836572 0.836584 0.836594 0.836602 0.836608 0.836612 0.836613 0.836611 0.836608 0.836601 0.836593 0.836583 0.836571 0.836558 0.836545 0.83653 0.836516 0.836502 0.836489 0.836477 0.836466 0.836455 0.836447 0.836439 0.836432 0.836427 0.836422 0.836419 0.836416 0.836414 0.836412 0.836411 0.836411 0.836411 0.836412 0.836414 0.836417 0.836423 0.836434 0.836449 0.836473 0.836508 0.836559 0.836629 0.836723 0.836847 0.837006 0.837204 0.837444 0.837726 0.838051 0.838414 0.838811 0.839232 0.839668 
0.833396 0.833832 0.834251 0.834645 0.835005 0.835328 0.83561 0.835851 0.836052 0.836217 0.836348 0.836451 0.83653 0.836589 0.836632 0.836664 0.836686 0.836701 0.836711 0.836718 0.836723 0.836726 0.836728 0.83673 0.836731 0.836733 0.836734 0.836736 0.836739 0.836743 0.836748 0.836754 0.836762 0.836773 0.836785 0.836799 0.836817 0.836836 0.836858 0.836881 0.836906 0.836932 0.836958 0.836984 0.837009 0.837032 0.837053 0.837071 0.837085 0.837095 0.837101 0.837102 0.837099 0.837092 0.837081 0.837066 0.837047 0.837026 0.837003 0.836978 0.836953 0.836927 0.836902 0.836879 0.836856 0.836836 0.836818 0.836801 0.836787 0.836776 0.836766 0.836758 0.836751 0.836746 0.836742 0.836739 0.836737 0.836736 0.836735 0.836735 0.836737 0.836741 0.836747 0.836757 0.836772 0.836796 0.836831 0.836882 0.836952 0.837046 0.83717 0.837329 0.837527 0.837767 0.838049 0.838374 0.838737 0.839134 0.839554 0.839991 
0.833678 0.834114 0.834533 0.834927 0.835288 0.83561 0.835892 0.836133 0.836334 0.836499 0.83663 0.836733 0.836812 0.836871 0.836914 0.836946 0.836968 0.836983 0.836994 0.837001 0.837006 0.837009 0.837011 0.837013 0.837015 0.837018 0.837021 0.837025 0.83703 0.837037 0.837047 0.837059 0.837074 0.837093 0.837116 0.837143 0.837174 0.83721 0.837249 0.837291 0.837336 0.837382 0.837429 0.837475 0.837518 0.837559 0.837595 0.837625 0.837649 0.837667 0.837676 0.837678 0.837673 0.837659 0.837639 0.837612 0.837579 0.837541 0.8375 0.837456 0.837411 0.837366 0.837321 0.837279 0.837239 0.837203 0.83717 0.837141 0.837116 0.837095 0.837077 0.837062 0.837051 0.837041 0.837034 0.837028 0.837024 0.837021 0.83702 0.837019 0.837021 0.837024 0.837029 0.837039 0.837055 0.837079 0.837114 0.837164 0.837234 0.837329 0.837453 0.837612 0.83781 0.838049 0.838332 0.838657 0.83902 0.839416 0.839837 0.840273 
0.833919 0.834355 0.834775 0.835168 0.835528 0.835851 0.836133 0.836374 0.836575 0.83674 0.836871 0.836974 0.837053 0.837112 0.837156 0.837187 0.837209 0.837225 0.837235 0.837242 0.837247 0.837251 0.837254 0.837257 0.83726 0.837264 0.83727 0.837278 0.837288 0.837302 0.837319 0.837342 0.83737 0.837405 0.837446 0.837495 0.837551 0.837614 0.837683 0.837757 0.837835 0.837916 0.837997 0.838075 0.83815 0.838219 0.83828 0.838332 0.838372 0.838401 0.838416 0.838419 0.838408 0.838384 0.838348 0.8383 0.838243 0.838178 0.838106 0.83803 0.837952 0.837874 0.837797 0.837723 0.837654 0.837591 0.837534 0.837483 0.837439 0.837401 0.83737 0.837343 0.837322 0.837305 0.837292 0.837282 0.837275 0.837269 0.837266 0.837264 0.837264 0.837266 0.837272 0.837281 0.837297 0.83732 0.837355 0.837406 0.837476 0.83757 0.837694 0.837853 0.838051 0.838291 0.838573 0.838898 0.839261 0.839657 0.840078 0.840514 
0.834121 0.834557 0.834976 0.835369 0.83573 0.836052 0.836334 0.836575 0.836777 0.836941 0.837073 0.837176 0.837254 0.837314 0.837357 0.837388 0.837411 0.837426 0.837437 0.837445 0.83745 0.837455 0.837459 0.837463 0.837469 0.837476 0.837487 0.837501 0.83752 0.837545 0.837577 0.837618 0.837669 0.83773 0.837804 0.837889 0.837987 0.838095 0.838214 0.838342 0.838475 0.838611 0.838747 0.838879 0.839004 0.839119 0.83922 0.839304 0.83937 0.839416 0.83944 0.839443 0.839423 0.839381 0.83932 0.839239 0.839142 0.839032 0.838911 0.838783 0.838651 0.838518 0.838388 0.838264 0.838146 0.838038 0.837941 0.837854 0.837778 0.837713 0.837659 0.837613 0.837577 0.837547 0.837524 0.837506 0.837492 0.837482 0.837475 0.837471 0.837469 0.83747 0.837475 0.837484 0.837499 0.837522 0.837557 0.837607 0.837677 0.837772 0.837896 0.838055 0.838253 0.838493 0.838775 0.8391 0.839463 0.839859 0.84028 0.840716 
0.834285 0.834721 0.83514 0.835534 0.835894 0.836217 0.836499 0.83674 0.836941 0.837106 0.837237 0.83734 0.837419 0.837478 0.837522 0.837553 0.837576 0.837591 0.837603 0.837611 0.837617 0.837623 0.837629 0.837637 0.837647 0.83766 0.837679 0.837705 0.837739 0.837784 0.837841 0.837913 0.838002 0.838108 0.838234 0.83838 0.838546 0.838729 0.838928 0.83914 0.839361 0.839585 0.839808 0.840024 0.840227 0.840412 0.840575 0.84071 0.840815 0.840887 0.840923 0.840924 0.840889 0.84082 0.840717 0.840584 0.840425 0.840243 0.840045 0.839834 0.839617 0.839399 0.839185 0.838979 0.838785 0.838605 0.838442 0.838297 0.838171 0.838061 0.837969 0.837892 0.83783 0.837779 0.837739 0.837708 0.837684 0.837667 0.837654 0.837646 0.837641 0.83764 0.837643 0.837651 0.837665 0.837688 0.837723 0.837773 0.837842 0.837937 0.838061 0.83822 0.838418 0.838658 0.83894 0.839265 0.839628 0.840024 0.840445 0.840881 
0.834416 0.834852 0.835272 0.835665 0.836026 0.836348 0.83663 0.836871 0.837073 0.837237 0.837369 0.837472 0.837551 0.83761 0.837654 0.837685 0.837708 0.837724 0.837736 0.837745 0.837753 0.837761 0.837771 0.837784 0.837802 0.837826 0.83786 0.837906 0.837966 0.838044 0.838143 0.838266 0.838416 0.838596 0.838807 0.839049 0.839322 0.839623 0.839948 0.840291 0.840647 0.841006 0.841362 0.841705 0.842026 0.842318 0.842572 0.842783 0.842945 0.843054 0.843108 0.843106 0.843047 0.842933 0.842767 0.842554 0.842299 0.842008 0.841691 0.841354 0.841006 0.840657 0.840313 0.839981 0.839668 0.839377 0.839113 0.838877 0.838669 0.83849 0.838338 0.838211 0.838106 0.838022 0.837955 0.837902 0.837862 0.837832 0.837809 0.837794 0.837784 0.837779 0.83778 0.837786 0.837799 0.837821 0.837855 0.837905 0.837975 0.838069 0.838193 0.838352 0.83855 0.83879 0.839072 0.839397 0.83976 0.840156 0.840577 0.841013 
0.834519 0.834955 0.835374 0.835768 0.836128 0.836451 0.836733 0.836974 0.837176 0.83734 0.837472 0.837575 0.837654 0.837713 0.837757 0.837789 0.837812 0.837829 0.837842 0.837853 0.837864 0.837876 0.837893 0.837915 0.837946 0.837989 0.838048 0.838126 0.838229 0.838361 0.838528 0.838733 0.838982 0.839277 0.839621 0.840012 0.84045 0.84093 0.841445 0.841987 0.842544 0.843106 0.843658 0.844188 0.844682 0.845129 0.845517 0.845836 0.84608 0.846243 0.84632 0.84631 0.846214 0.846034 0.845774 0.845441 0.845043 0.844592 0.844097 0.843573 0.843031 0.842485 0.841946 0.841426 0.840933 0.840474 0.840056 0.83968 0.839349 0.839062 0.838817 0.838611 0.838441 0.838304 0.838193 0.838107 0.83804 0.837989 0.837952 0.837925 0.837906 0.837896 0.837892 0.837895 0.837906 0.837927 0.83796 0.838009 0.838078 0.838172 0.838297 0.838455 0.838653 0.838893 0.839176 0.8395 0.839864 0.84026 0.84068 0.841117 
0.834598 0.835034 0.835453 0.835846 0.836207 0.83653 0.836812 0.837053 0.837254 0.837419 0.837551 0.837654 0.837733 0.837792 0.837836 0.837869 0.837893 0.837911 0.837926 0.83794 0.837956 0.837976 0.838004 0.838042 0.838096 0.838169 0.838268 0.8384 0.838572 0.83879 0.839062 0.839396 0.839797 0.840268 0.840813 0.841429 0.842114 0.842859 0.843654 0.844485 0.845337 0.846189 0.847024 0.847821 0.848562 0.849228 0.849804 0.850276 0.850634 0.850869 0.850976 0.850954 0.850802 0.850525 0.850129 0.849624 0.849021 0.848337 0.847588 0.846792 0.845969 0.845138 0.844316 0.84352 0.842763 0.842058 0.841411 0.840828 0.840312 0.839862 0.839477 0.839153 0.838883 0.838663 0.838487 0.838347 0.838238 0.838155 0.838093 0.838048 0.838017 0.837996 0.837985 0.837984 0.837991 0.83801 0.838042 0.83809 0.838158 0.838252 0.838376 0.838535 0.838733 0.838972 0.839255 0.83958 0.839943 0.840339 0.84076 0.841196 
0.834657 0.835093 0.835512 0.835905 0.836266 0.836589 0.836871 0.837112 0.837314 0.837478 0.83761 0.837713 0.837792 0.837852 0.837897 0.83793 0.837955 0.837976 0.837994 0.838014 0.838039 0.838072 0.838118 0.838182 0.838272 0.838394 0.838559 0.838774 0.839053 0.839404 0.839838 0.840366 0.840994 0.841728 0.842568 0.843513 0.844555 0.845682 0.846878 0.84812 0.849386 0.850647 0.851875 0.853043 0.854123 0.855091 0.855923 0.856602 0.857113 0.857445 0.857591 0.857548 0.857316 0.856903 0.856316 0.855569 0.854681 0.853672 0.852567 0.851392 0.850174 0.848941 0.847719 0.846531 0.845398 0.844338 0.843362 0.84248 0.841694 0.841007 0.840415 0.839914 0.839496 0.839153 0.838876 0.838656 0.838484 0.838351 0.838252 0.838178 0.838125 0.83809 0.838068 0.838059 0.838061 0.838076 0.838105 0.838152 0.838219 0.838313 0.838436 0.838595 0.838792 0.839032 0.839314 0.839639 0.840002 0.840398 0.840819 0.841255 
0.8347 0.835136 0.835555 0.835949 0.836309 0.836632 0.836914 0.837156 0.837357 0.837522 0.837654 0.837757 0.837836 0.837897 0.837942 0.837977 0.838004 0.838029 0.838053 0.838083 0.838121 0.838175 0.838251 0.838357 0.838504 0.838703 0.838968 0.839313 0.839753 0.840303 0.840978 0.841791 0.842751 0.843863 0.845128 0.846539 0.848084 0.849744 0.851495 0.853303 0.855135 0.856951 0.858712 0.860379 0.861913 0.863282 0.864455 0.865407 0.866118 0.866574 0.866767 0.866691 0.86635 0.86575 0.864904 0.863831 0.862556 0.861108 0.85952 0.857829 0.856073 0.85429 0.852517 0.850789 0.849135 0.847581 0.846144 0.844838 0.843671 0.842645 0.841756 0.841 0.840366 0.839842 0.839417 0.839078 0.838811 0.838604 0.838448 0.838331 0.838246 0.838187 0.838148 0.838127 0.838121 0.83813 0.838156 0.8382 0.838266 0.838358 0.838481 0.838639 0.838836 0.839076 0.839358 0.839683 0.840046 0.840442 0.840863 0.841299 
0.834731 0.835167 0.835587 0.83598 0.836341 0.836664 0.836946 0.837187 0.837388 0.837553 0.837685 0.837789 0.837869 0.83793 0.837977 0.838014 0.838045 0.838076 0.838111 0.838155 0.838217 0.838304 0.838427 0.838598 0.838833 0.839148 0.839564 0.840101 0.840779 0.84162 0.842644 0.843864 0.845294 0.846937 0.848791 0.850844 0.853077 0.855461 0.857958 0.860523 0.863106 0.865655 0.868114 0.87043 0.872555 0.874441 0.876051 0.877351 0.878317 0.878929 0.879176 0.879054 0.878565 0.87772 0.876535 0.875035 0.873253 0.871229 0.869005 0.866633 0.864164 0.861651 0.859144 0.85669 0.854333 0.852108 0.850042 0.848155 0.84646 0.844962 0.843659 0.842542 0.841601 0.84082 0.840182 0.83967 0.839265 0.838949 0.838708 0.838528 0.838395 0.8383 0.838236 0.838197 0.838178 0.838179 0.838198 0.838238 0.838302 0.838392 0.838514 0.838671 0.838868 0.839108 0.83939 0.839715 0.840078 0.840474 0.840895 0.841331 
0.834753 0.835189 0.835609 0.836002 0.836363 0.836686 0.836968 0.837209 0.837411 0.837576 0.837708 0.837812 0.837893 0.837955 0.838004 0.838045 0.838083 0.838124 0.838175 0.838244 0.838341 0.838479 0.838674 0.838943 0.83931 0.839798 0.840435 0.84125 0.842271 0.843525 0.845036 0.846824 0.848901 0.851268 0.853918 0.856831 0.859977 0.863313 0.866784 0.87033 0.873881 0.877366 0.880712 0.883851 0.886716 0.889251 0.891404 0.893136 0.894414 0.895215 0.895525 0.895339 0.894661 0.893503 0.891887 0.889847 0.887422 0.884664 0.881631 0.878388 0.875003 0.871546 0.868087 0.864688 0.861408 0.858297 0.855395 0.852731 0.850326 0.848188 0.846317 0.844705 0.843339 0.842198 0.841262 0.840504 0.839902 0.839431 0.839068 0.838794 0.838592 0.838445 0.838343 0.838277 0.838239 0.838227 0.838237 0.838271 0.838331 0.838419 0.838539 0.838695 0.838892 0.83913 0.839413 0.839737 0.8401 0.840496 0.840917 0.841354 
0.834768 0.835204 0.835624 0.836018 0.836378 0.836701 0.836983 0.837225 0.837426 0.837591 0.837724 0.837829 0.837911 0.837976 0.838029 0.838076 0.838124 0.838182 0.838257 0.838363 0.838515 0.83873 0.839031 0.839446 0.840004 0.840742 0.841695 0.842901 0.8444 0.846224 0.848403 0.850958 0.8539 0.857227 0.860922 0.864954 0.869277 0.873828 0.878535 0.883313 0.888072 0.892718 0.897158 0.901303 0.905071 0.908391 0.9112 0.913449 0.915099 0.916123 0.916503 0.916234 0.91532 0.913778 0.911634 0.908929 0.905715 0.902054 0.898021 0.893698 0.889172 0.884534 0.879874 0.875276 0.870819 0.866571 0.862588 0.858912 0.855574 0.852589 0.849962 0.847686 0.845744 0.844114 0.842767 0.841671 0.840795 0.840104 0.83957 0.839164 0.838861 0.83864 0.838484 0.838378 0.838312 0.83828 0.838278 0.838303 0.838356 0.83844 0.838558 0.838713 0.838908 0.839147 0.839429 0.839753 0.840116 0.840512 0.840933 0.841369 
0.834779 0.835215 0.835634 0.836028 0.836389 0.836711 0.836994 0.837235 0.837437 0.837603 0.837736 0.837842 0.837926 0.837994 0.838053 0.838111 0.838175 0.838257 0.838371 0.838533 0.838764 0.839093 0.839549 0.840172 0.841003 0.84209 0.843481 0.845227 0.847374 0.849965 0.853032 0.856597 0.860666 0.865229 0.870257 0.875703 0.881497 0.887557 0.893782 0.900064 0.906284 0.912324 0.918069 0.923407 0.928239 0.93248 0.936054 0.938904 0.940983 0.94226 0.942715 0.942343 0.941148 0.93915 0.936381 0.93289 0.928737 0.924001 0.918772 0.91315 0.907246 0.901172 0.895044 0.88897 0.883053 0.877384 0.872038 0.867078 0.862546 0.85847 0.854861 0.851714 0.849012 0.84673 0.844832 0.843279 0.842029 0.841039 0.840268 0.839678 0.839235 0.838908 0.838674 0.838512 0.838407 0.838347 0.838325 0.838337 0.838382 0.83846 0.838574 0.838727 0.838921 0.839158 0.83944 0.839764 0.840127 0.840523 0.840944 0.84138 
0.834786 0.835222 0.835641 0.836035 0.836396 0.836718 0.837001 0.837242 0.837445 0.837611 0.837745 0.837853 0.83794 0.838014 0.838083 0.838155 0.838244 0.838363 0.838533 0.838776 0.839124 0.839614 0.84029 0.841203 0.842412 0.843977 0.845962 0.848429 0.851435 0.855029 0.859245 0.864102 0.869599 0.875712 0.882393 0.889572 0.897155 0.905029 0.913066 0.921124 0.929057 0.936719 0.94397 0.950677 0.956723 0.962007 0.966444 0.969967 0.972525 0.974082 0.974617 0.974122 0.972604 0.970085 0.966602 0.96221 0.956982 0.951008 0.944394 0.937262 0.929743 0.921978 0.914106 0.906267 0.89859 0.891193 0.884178 0.87763 0.87161 0.866161 0.861305 0.857044 0.853362 0.850232 0.847612 0.845455 0.843708 0.842315 0.841224 0.840384 0.839749 0.839278 0.838936 0.838695 0.838534 0.838434 0.838385 0.838379 0.838411 0.838481 0.83859 0.838739 0.838931 0.839167 0.839448 0.839772 0.840134 0.84053 0.840951 0.841387 
0.83479 0.835226 0.835646 0.836039 0.8364 0.836723 0.837006 0.837247 0.83745 0.837617 0.837753 0.837864 0.837956 0.838039 0.838121 0.838217 0.838341 0.838515 0.838764 0.839124 0.839636 0.840351 0.841329 0.84264 0.844357 0.84656 0.849328 0.852736 0.85685 0.861722 0.867387 0.873854 0.88111 0.88911 0.897783 0.907029 0.916721 0.926714 0.936843 0.946935 0.956812 0.9663 0.975231 0.983456 0.990838 0.997265 1.00264 1.00689 1.00997 1.01182 1.01244 1.0118 1.00993 1.00684 1.00257 0.997187 0.990769 0.983418 0.975256 0.966424 0.957076 0.947378 0.937499 0.927609 0.91787 0.908431 0.899425 0.890964 0.883136 0.876004 0.869604 0.863951 0.859035 0.854827 0.851282 0.848344 0.845949 0.844028 0.842514 0.841341 0.840448 0.839781 0.839293 0.838945 0.838706 0.838552 0.838465 0.838432 0.838447 0.838506 0.838607 0.838752 0.838941 0.839175 0.839454 0.839777 0.840139 0.840535 0.840956 0.841392 
0.834793 0.835229 0.835649 0.836042 0.836403 0.836726 0.837009 0.837251 0.837455 0.837623 0.837761 0.837876 0.837976 0.838072 0.838175 0.838304 0.838479 0.83873 0.839093 0.839614 0.840351 0.841372 0.842758 0.844596 0.846983 0.850016 0.853791 0.858395 0.863901 0.870361 0.877804 0.886225 0.895589 0.905826 0.91683 0.928468 0.940574 0.952965 0.965437 0.977783 0.989793 1.00126 1.01201 1.02186 1.03066 1.03829 1.04465 1.04966 1.05327 1.05543 1.05613 1.05534 1.05309 1.0494 1.0443 1.03787 1.03018 1.02136 1.01153 1.00085 0.989494 0.977659 0.965542 0.953342 0.941256 0.92947 0.918152 0.907448 0.897478 0.888331 0.880067 0.872717 0.86628 0.860733 0.856029 0.852104 0.848883 0.846285 0.844223 0.842615 0.841384 0.840458 0.839775 0.839283 0.83894 0.838711 0.838572 0.838504 0.838494 0.838537 0.838628 0.838765 0.83895 0.839182 0.83946 0.839781 0.840143 0.840538 0.840959 0.841395 
0.834795 0.835231 0.835651 0.836044 0.836405 0.836728 0.837011 0.837254 0.837459 0.837629 0.837771 0.837893 0.838004 0.838118 0.838251 0.838427 0.838674 0.839031 0.839549 0.84029 0.841329 0.842758 0.844678 0.847202 0.850449 0.854535 0.859573 0.865659 0.872871 0.881254 0.890822 0.901551 0.913374 0.926187 0.939845 0.954171 0.968957 0.983976 0.998989 1.01375 1.02802 1.04157 1.0542 1.06571 1.07596 1.08481 1.09216 1.09793 1.10207 1.10454 1.10531 1.10438 1.10175 1.09745 1.09152 1.08401 1.07503 1.06469 1.05313 1.04051 1.02704 1.01292 0.998388 0.983666 0.968989 0.954582 0.940653 0.927388 0.914944 0.903446 0.892984 0.883612 0.875346 0.868173 0.862047 0.856902 0.852652 0.8492 0.846444 0.844281 0.842614 0.841352 0.840415 0.839734 0.839253 0.838925 0.838716 0.838599 0.838557 0.838578 0.838654 0.838782 0.838961 0.839189 0.839465 0.839785 0.840146 0.840541 0.840961 0.841397 
0.834796 0.835232 0.835652 0.836046 0.836407 0.83673 0.837013 0.837257 0.837463 0.837637 0.837784 0.837915 0.838042 0.838182 0.838357 0.838598 0.838943 0.839446 0.840172 0.841203 0.84264 0.844596 0.847202 0.850596 0.85492 0.860311 0.866896 0.874776 0.884025 0.894677 0.906722 0.920104 0.93472 0.950419 0.96701 0.984266 1.00194 1.01975 1.03742 1.05468 1.07125 1.0869 1.1014 1.11456 1.12622 1.13625 1.14456 1.15106 1.1557 1.15845 1.1593 1.15822 1.15523 1.15035 1.14361 1.13508 1.12484 1.113 1.09972 1.08516 1.06953 1.05306 1.036 1.01861 1.00116 0.983906 0.96711 0.950997 0.935771 0.921597 0.908605 0.89688 0.886464 0.877359 0.869529 0.862907 0.857399 0.852896 0.849277 0.846419 0.844202 0.842512 0.84125 0.840325 0.839665 0.839207 0.838907 0.838726 0.83864 0.838632 0.838689 0.838804 0.838975 0.839198 0.83947 0.839789 0.840149 0.840543 0.840963 0.841398 
0.834797 0.835233 0.835653 0.836046 0.836408 0.836731 0.837015 0.83726 0.837469 0.837647 0.837802 0.837946 0.838096 0.838272 0.838504 0.838833 0.83931 0.840004 0.841003 0.842412 0.844357 0.846983 0.850449 0.85492 0.860563 0.867534 0.875967 0.885965 0.89759 0.910852 0.92571 0.942065 0.959765 0.978606 0.998345 1.0187 1.03937 1.06004 1.0804 1.10015 1.11898 1.13666 1.15295 1.16766 1.18063 1.19174 1.20091 1.20806 1.21316 1.21617 1.21708 1.21588 1.21257 1.20717 1.1997 1.19023 1.17882 1.16559 1.15067 1.13424 1.1165 1.0977 1.0781 1.05798 1.03766 1.01742 0.997564 0.978372 0.960095 0.942952 0.927117 0.912717 0.899829 0.888481 0.87865 0.870277 0.863265 0.857493 0.852824 0.849112 0.846214 0.843992 0.842321 0.841087 0.840199 0.839576 0.839156 0.838893 0.83875 0.838703 0.838734 0.838833 0.838993 0.839209 0.839477 0.839793 0.840152 0.840545 0.840964 0.841399 
0.834798 0.835234 0.835653 0.836047 0.836408 0.836733 0.837018 0.837264 0.837476 0.83766 0.837826 0.837989 0.838169 0.838394 0.838703 0.839148 0.839798 0.840742 0.84209 0.843977 0.84656 0.850016 0.854535 0.860311 0.867534 0.876372 0.886965 0.899405 0.913732 0.929925 0.947896 0.967494 0.988508 1.01068 1.03369 1.05722 1.08091 1.10442 1.12739 1.1495 1.17046 1.19 1.2079 1.22398 1.23809 1.25014 1.26004 1.26774 1.27322 1.27645 1.27741 1.27611 1.27254 1.26671 1.25864 1.24837 1.23595 1.22149 1.20511 1.18697 1.16727 1.14626 1.12421 1.10141 1.0782 1.05492 1.0319 1.00947 0.987934 0.967577 0.948625 0.931255 0.91559 0.90169 0.889562 0.879156 0.87038 0.863107 0.857183 0.852444 0.84872 0.845846 0.84367 0.842054 0.840879 0.840047 0.839478 0.839108 0.838892 0.838795 0.838793 0.83887 0.839016 0.839223 0.839486 0.839799 0.840155 0.840547 0.840966 0.8414 
0.834799 0.835234 0.835654 0.836048 0.836409 0.836734 0.837021 0.83727 0.837487 0.837679 0.83786 0.838048 0.838268 0.838559 0.838968 0.839564 0.840435 0.841695 0.843481 0.845962 0.849328 0.853791 0.859573 0.866896 0.875967 0.886965 0.900021 0.915211 0.932541 0.951943 0.973274 0.996318 1.0208 1.04638 1.0727 1.09938 1.12601 1.1522 1.1776 1.20187 1.2247 1.24586 1.26512 1.28232 1.29736 1.31013 1.3206 1.32872 1.33448 1.33787 1.33889 1.33752 1.33376 1.32762 1.3191 1.30822 1.29501 1.27956 1.26196 1.24236 1.22095 1.19794 1.17362 1.1483 1.12231 1.09602 1.06982 1.04408 1.01917 0.995424 0.973135 0.952543 0.933825 0.917089 0.902374 0.889657 0.878855 0.869839 0.862447 0.856493 0.851785 0.848128 0.845341 0.843257 0.841732 0.840641 0.839885 0.839383 0.839074 0.838914 0.838869 0.838919 0.839046 0.839242 0.839497 0.839806 0.840159 0.840549 0.840967 0.841401 
0.834799 0.835235 0.835654 0.836048 0.836411 0.836736 0.837025 0.837278 0.837501 0.837705 0.837906 0.838126 0.8384 0.838774 0.839313 0.840101 0.84125 0.842901 0.845227 0.848429 0.852736 0.858395 0.865659 0.874776 0.885965 0.899405 0.915211 0.933429 0.954017 0.976849 1.00171 1.02832 1.05632 1.08531 1.11487 1.14454 1.17391 1.20255 1.2301 1.25621 1.2806 1.30304 1.32334 1.34138 1.35706 1.37033 1.38116 1.38954 1.39548 1.39897 1.40002 1.39863 1.39478 1.38847 1.37967 1.3684 1.35467 1.33851 1.32001 1.29927 1.27646 1.25177 1.22548 1.19787 1.16931 1.14018 1.11089 1.08187 1.05355 1.02632 1.00055 0.976539 0.95454 0.934715 0.917151 0.901857 0.888771 0.877772 0.868692 0.86133 0.855469 0.850888 0.847374 0.844731 0.842781 0.841377 0.840392 0.839726 0.839303 0.839064 0.838966 0.83898 0.839085 0.839266 0.839512 0.839814 0.840164 0.840552 0.840969 0.841402 
0.8348 0.835235 0.835655 0.836049 0.836412 0.836739 0.83703 0.837288 0.83752 0.837739 0.837966 0.838229 0.838572 0.839053 0.839753 0.840779 0.842271 0.8444 0.847374 0.851435 0.85685 0.863901 0.872871 0.884025 0.89759 0.913732 0.932541 0.954017 0.97806 1.00447 1.03296 1.06316 1.09463 1.12691 1.15951 1.19194 1.22375 1.2545 1.28382 1.31138 1.33694 1.36029 1.38128 1.39981 1.41584 1.42934 1.44032 1.4488 1.4548 1.45833 1.4594 1.45802 1.45417 1.44783 1.43896 1.42754 1.41356 1.39703 1.37798 1.35648 1.33265 1.30667 1.27877 1.24923 1.21841 1.18669 1.15451 1.12235 1.09068 1.05997 1.03064 1.0031 0.977654 0.954537 0.933896 0.915785 0.900176 0.886961 0.875976 0.867009 0.859823 0.854171 0.849809 0.846505 0.844053 0.842273 0.841012 0.840149 0.839586 0.839251 0.839087 0.839057 0.839133 0.839295 0.83953 0.839825 0.840171 0.840556 0.840971 0.841404 
0.834801 0.835236 0.835656 0.83605 0.836414 0.836743 0.837037 0.837302 0.837545 0.837784 0.838044 0.838361 0.83879 0.839404 0.840303 0.84162 0.843525 0.846224 0.849965 0.855029 0.861722 0.870361 0.881254 0.894677 0.910852 0.929925 0.951943 0.976849 1.00447 1.03453 1.06664 1.10035 1.13515 1.1705 1.20586 1.24071 1.27457 1.307 1.33767 1.36625 1.39255 1.41639 1.43767 1.45635 1.47242 1.48589 1.4968 1.50521 1.51115 1.51465 1.51574 1.51442 1.51065 1.50442 1.49568 1.48436 1.47043 1.45386 1.43463 1.41277 1.38836 1.36153 1.33246 1.30141 1.26871 1.23475 1.19999 1.16492 1.13006 1.09596 1.06311 1.032 1.003 0.976449 0.952551 0.931421 0.913073 0.897428 0.884331 0.873568 0.864886 0.858013 0.852674 0.848606 0.845568 0.843346 0.84176 0.840661 0.839931 0.839479 0.839236 0.839152 0.839193 0.839333 0.839553 0.839839 0.840179 0.840561 0.840974 0.841405 
0.834802 0.835237 0.835656 0.836052 0.836417 0.836748 0.837047 0.837319 0.837577 0.837841 0.838143 0.838528 0.839062 0.839838 0.840978 0.842644 0.845036 0.848403 0.853032 0.859245 0.867387 0.877804 0.890822 0.906722 0.92571 0.947896 0.973274 1.00171 1.03296 1.06664 1.10227 1.13933 1.17721 1.21532 1.25307 1.28992 1.32539 1.35905 1.39058 1.41972 1.4463 1.47021 1.49141 1.50989 1.52569 1.53888 1.54953 1.5577 1.56347 1.56689 1.56798 1.56674 1.56315 1.55717 1.54872 1.53774 1.52414 1.50786 1.48882 1.46703 1.44248 1.41525 1.38548 1.3534 1.31928 1.28351 1.24653 1.20888 1.1711 1.1338 1.09755 1.0629 1.03034 1.00027 0.972994 0.948688 0.927423 0.909159 0.893761 0.881021 0.870676 0.862435 0.855994 0.851055 0.847343 0.844611 0.842646 0.841271 0.840344 0.839754 0.839416 0.839268 0.839266 0.839378 0.839581 0.839856 0.840189 0.840567 0.840977 0.841407 
0.834803 0.835238 0.835658 0.836053 0.83642 0.836754 0.837059 0.837342 0.837618 0.837913 0.838266 0.838733 0.839396 0.840366 0.841791 0.843864 0.846824 0.850958 0.856597 0.864102 0.873854 0.886225 0.901551 0.920104 0.942065 0.967494 0.996318 1.02832 1.06316 1.10035 1.13933 1.17947 1.22011 1.26059 1.30031 1.33869 1.37527 1.40966 1.44157 1.47081 1.49724 1.52082 1.54157 1.55953 1.5748 1.58748 1.59767 1.60547 1.61098 1.61425 1.61532 1.6142 1.61086 1.60523 1.59725 1.58681 1.5738 1.5581 1.53961 1.51826 1.494 1.46685 1.43687 1.40424 1.36919 1.33208 1.29335 1.2535 1.21315 1.17292 1.13346 1.09541 1.05934 1.02576 0.995039 0.967454 0.943136 0.922097 0.904235 0.889356 0.877195 0.867445 0.859777 0.853863 0.84939 0.846078 0.843679 0.841986 0.84083 0.840079 0.839629 0.839406 0.839354 0.839433 0.839614 0.839876 0.840201 0.840574 0.840981 0.84141 
0.834805 0.835239 0.835659 0.836056 0.836424 0.836762 0.837074 0.83737 0.837669 0.838002 0.838416 0.838982 0.839797 0.840994 0.842751 0.845294 0.848901 0.8539 0.860666 0.869599 0.88111 0.895589 0.913374 0.93472 0.959765 0.988508 1.0208 1.05632 1.09463 1.13515 1.17721 1.22011 1.26312 1.30554 1.34674 1.38616 1.42337 1.458 1.48983 1.51871 1.54459 1.56748 1.58746 1.60464 1.61914 1.63111 1.64069 1.64801 1.65318 1.65626 1.6573 1.65631 1.65326 1.64809 1.6407 1.63096 1.61874 1.60389 1.58625 1.5657 1.54213 1.51548 1.48576 1.45308 1.41761 1.37966 1.33963 1.29805 1.25552 1.2127 1.17032 1.12907 1.08964 1.0526 1.01845 0.987534 0.960077 0.936149 0.915691 0.898533 0.88442 0.873033 0.864022 0.857031 0.851714 0.847752 0.844864 0.84281 0.841393 0.840457 0.839879 0.839568 0.839458 0.839498 0.839655 0.8399 0.840216 0.840583 0.840986 0.841413 
0.834807 0.835241 0.835661 0.836059 0.836429 0.836773 0.837093 0.837405 0.83773 0.838108 0.838596 0.839277 0.840268 0.841728 0.843863 0.846937 0.851268 0.857227 0.865229 0.875712 0.88911 0.905826 0.926187 0.950419 0.978606 1.01068 1.04638 1.08531 1.12691 1.1705 1.21532 1.26059 1.30554 1.34943 1.39163 1.43161 1.46896 1.50337 1.53469 1.56283 1.58781 1.6097 1.62865 1.64481 1.65837 1.66949 1.67835 1.6851 1.68985 1.69271 1.69371 1.69286 1.69014 1.68548 1.67877 1.66986 1.6586 1.64479 1.62825 1.60879 1.58624 1.56048 1.53145 1.49918 1.46377 1.42548 1.38467 1.34182 1.29755 1.25255 1.20757 1.16341 1.1208 1.08044 1.04292 1.0087 0.978066 0.951177 0.928028 0.908484 0.892303 0.879168 0.868711 0.860551 0.854309 0.849632 0.846201 0.843745 0.842035 0.84089 0.840166 0.839756 0.839578 0.839574 0.839701 0.839929 0.840233 0.840593 0.840992 0.841416 
0.83481 0.835243 0.835663 0.836062 0.836436 0.836785 0.837116 0.837446 0.837804 0.838234 0.838807 0.839621 0.840813 0.842568 0.845128 0.848791 0.853918 0.860922 0.870257 0.882393 0.897783 0.91683 0.939845 0.96701 0.998345 1.03369 1.0727 1.11487 1.15951 1.20586 1.25307 1.30031 1.34674 1.39163 1.43437 1.47443 1.51148 1.54527 1.5757 1.60276 1.62656 1.64722 1.66494 1.67993 1.6924 1.70258 1.71064 1.71676 1.72108 1.72368 1.72462 1.72392 1.72155 1.71743 1.71144 1.70344 1.69324 1.68062 1.66535 1.64721 1.62595 1.60141 1.57344 1.54198 1.50708 1.46892 1.4278 1.38417 1.33862 1.29186 1.24467 1.1979 1.15238 1.1089 1.06814 1.03067 0.996885 0.967012 0.941117 0.91911 0.900775 0.8858 0.87381 0.8644 0.857163 0.851709 0.847686 0.844788 0.842755 0.841378 0.840491 0.839969 0.839715 0.839661 0.839755 0.839962 0.840253 0.840605 0.840999 0.84142 
0.834813 0.835245 0.835666 0.836066 0.836444 0.836799 0.837143 0.837495 0.837889 0.83838 0.839049 0.840012 0.841429 0.843513 0.846539 0.850844 0.856831 0.864954 0.875703 0.889572 0.907029 0.928468 0.954171 0.984266 1.0187 1.05722 1.09938 1.14454 1.19194 1.24071 1.28992 1.33869 1.38616 1.43161 1.47443 1.51417 1.55053 1.58335 1.61259 1.63833 1.66073 1.67998 1.69634 1.71006 1.72139 1.73056 1.73779 1.74326 1.74711 1.74945 1.75033 1.74977 1.74774 1.74416 1.73892 1.73186 1.72277 1.71141 1.69753 1.68085 1.66109 1.638 1.61138 1.58108 1.54708 1.50947 1.46849 1.42454 1.37817 1.33008 1.28108 1.23207 1.18394 1.13757 1.09375 1.05316 1.01628 0.98345 0.954795 0.930285 0.909739 0.892859 0.879268 0.868543 0.860249 0.853967 0.849309 0.845932 0.843548 0.841918 0.840853 0.840206 0.839868 0.839758 0.839816 0.84 0.840275 0.840618 0.841007 0.841425 
0.834816 0.835248 0.835669 0.836072 0.836453 0.836817 0.837174 0.837551 0.837987 0.838546 0.839322 0.84045 0.842114 0.844555 0.848084 0.853077 0.859977 0.869277 0.881497 0.897155 0.916721 0.940574 0.968957 1.00194 1.03937 1.08091 1.12601 1.17391 1.22375 1.27457 1.32539 1.37527 1.42337 1.46896 1.51148 1.55053 1.58588 1.61745 1.64528 1.66952 1.69039 1.70814 1.72307 1.73547 1.74563 1.75379 1.76018 1.765 1.76839 1.77046 1.77127 1.77084 1.76914 1.76609 1.76158 1.75544 1.74746 1.73739 1.72494 1.70981 1.69166 1.6702 1.64514 1.61627 1.58349 1.54679 1.50634 1.46248 1.41572 1.36673 1.31633 1.26544 1.21502 1.16604 1.11939 1.07584 1.03599 1.00026 0.968875 0.941861 0.91908 0.900257 0.885018 0.87293 0.863535 0.856382 0.851052 0.847168 0.844408 0.842506 0.841248 0.840467 0.840037 0.839866 0.839884 0.840041 0.840301 0.840633 0.841016 0.841431 
0.83482 0.835251 0.835672 0.836077 0.836463 0.836836 0.83721 0.837614 0.838095 0.838729 0.839623 0.84093 0.842859 0.845682 0.849744 0.855461 0.863313 0.873828 0.887557 0.905029 0.926714 0.952965 0.983976 1.01975 1.06004 1.10442 1.1522 1.20255 1.2545 1.307 1.35905 1.40966 1.458 1.50337 1.54527 1.58335 1.61745 1.64758 1.67385 1.69648 1.71575 1.73196 1.74546 1.75655 1.76556 1.77273 1.77832 1.78251 1.78546 1.78727 1.788 1.78768 1.78628 1.78373 1.7799 1.77465 1.76774 1.75893 1.7479 1.73433 1.71785 1.6981 1.67474 1.64749 1.61615 1.58065 1.54107 1.49766 1.45089 1.40139 1.34997 1.29758 1.24522 1.19393 1.1447 1.09839 1.05572 1.0172 0.983153 0.95367 0.928664 0.907889 0.890982 0.877502 0.866976 0.858924 0.852894 0.848479 0.845325 0.843135 0.841672 0.840748 0.84022 0.839983 0.839958 0.840087 0.840328 0.84065 0.841026 0.841437 
0.834824 0.835254 0.835676 0.836084 0.836475 0.836858 0.837249 0.837683 0.838214 0.838928 0.839948 0.841445 0.843654 0.846878 0.851495 0.857958 0.866784 0.878535 0.893782 0.913066 0.936843 0.965437 0.998989 1.03742 1.0804 1.12739 1.1776 1.2301 1.28382 1.33767 1.39058 1.44157 1.48983 1.53469 1.5757 1.61259 1.64528 1.67385 1.69849 1.71947 1.73713 1.75183 1.76392 1.77377 1.78167 1.78792 1.79275 1.79636 1.79888 1.80044 1.8011 1.80087 1.79974 1.79764 1.79445 1.79001 1.78411 1.77648 1.76682 1.75477 1.73994 1.72192 1.70032 1.6748 1.64507 1.61097 1.57251 1.52985 1.4834 1.43375 1.38167 1.32812 1.27415 1.22086 1.16931 1.12048 1.07517 1.03402 0.997409 0.965528 0.93834 0.915635 0.897065 0.882189 0.870519 0.861552 0.854808 0.849847 0.846285 0.843797 0.84212 0.841046 0.840415 0.840108 0.840037 0.840136 0.840358 0.840668 0.841037 0.841443 
0.834828 0.835258 0.835681 0.836091 0.836488 0.836881 0.837291 0.837757 0.838342 0.83914 0.840291 0.841987 0.844485 0.84812 0.853303 0.860523 0.87033 0.883313 0.900064 0.921124 0.946935 0.977783 1.01375 1.05468 1.10015 1.1495 1.20187 1.25621 1.31138 1.36625 1.41972 1.47081 1.51871 1.56283 1.60276 1.63833 1.66952 1.69648 1.71947 1.73882 1.75493 1.76817 1.77895 1.78762 1.79451 1.79991 1.80404 1.80711 1.80926 1.81059 1.81117 1.81102 1.81012 1.80841 1.80578 1.80207 1.79709 1.79056 1.78217 1.77156 1.75831 1.74198 1.72214 1.69838 1.67033 1.63777 1.60061 1.55893 1.51307 1.46355 1.41113 1.35675 1.30149 1.2465 1.19291 1.1418 1.09407 1.05045 1.01142 0.977248 0.947953 0.923368 0.903167 0.886912 0.874105 0.864224 0.856761 0.851249 0.847272 0.84448 0.842584 0.841355 0.840618 0.840239 0.84012 0.840188 0.84039 0.840687 0.841049 0.84145 
0.834833 0.835262 0.835686 0.836099 0.836502 0.836906 0.837336 0.837835 0.838475 0.839361 0.840647 0.842544 0.845337 0.849386 0.855135 0.863106 0.873881 0.888072 0.906284 0.929057 0.956812 0.989793 1.02802 1.07125 1.11898 1.17046 1.2247 1.2806 1.33694 1.39255 1.4463 1.49724 1.54459 1.58781 1.62656 1.66073 1.69039 1.71575 1.73713 1.75493 1.76956 1.78145 1.79101 1.79862 1.80459 1.80922 1.81274 1.81533 1.81714 1.81826 1.81877 1.81868 1.81798 1.8166 1.81446 1.8114 1.80722 1.80167 1.79444 1.78515 1.77338 1.75866 1.74052 1.71848 1.69214 1.66117 1.62541 1.58487 1.53978 1.49063 1.43813 1.38321 1.32695 1.27055 1.2152 1.16206 1.11214 1.06625 1.02497 0.988638 0.957342 0.930957 0.909181 0.891587 0.877669 0.86689 0.858718 0.852658 0.848269 0.845171 0.843055 0.841671 0.840826 0.840373 0.840205 0.840241 0.840423 0.840707 0.841061 0.841457 
0.834837 0.835266 0.835691 0.836107 0.836516 0.836932 0.837382 0.837916 0.838611 0.839585 0.841006 0.843106 0.846189 0.850647 0.856951 0.865655 0.877366 0.892718 0.912324 0.936719 0.9663 1.00126 1.04157 1.0869 1.13666 1.19 1.24586 1.30304 1.36029 1.41639 1.47021 1.52082 1.56748 1.6097 1.64722 1.67998 1.70814 1.73196 1.75183 1.76817 1.78145 1.79211 1.80058 1.80723 1.8124 1.81635 1.81933 1.82151 1.82302 1.82397 1.82441 1.82436 1.82382 1.82272 1.82099 1.81848 1.81501 1.81032 1.80411 1.79601 1.78559 1.77235 1.7558 1.73542 1.71073 1.68135 1.64703 1.6077 1.56352 1.51492 1.46255 1.40731 1.35031 1.29276 1.23592 1.18101 1.12913 1.08119 1.03784 0.999513 0.966348 0.938268 0.915 0.896129 0.881146 0.8695 0.860641 0.854048 0.849255 0.845858 0.843525 0.841987 0.841034 0.840508 0.840291 0.840295 0.840456 0.840727 0.841073 0.841465 
0.834842 0.83527 0.835696 0.836115 0.836531 0.836958 0.837429 0.837997 0.838747 0.839808 0.841362 0.843658 0.847024 0.851875 0.858712 0.868114 0.880712 0.897158 0.918069 0.94397 0.975231 1.01201 1.0542 1.1014 1.15295 1.2079 1.26512 1.32334 1.38128 1.43767 1.49141 1.54157 1.58746 1.62865 1.66494 1.69634 1.72307 1.74546 1.76392 1.77895 1.79101 1.80058 1.80809 1.8139 1.81837 1.82174 1.82426 1.82608 1.82734 1.82814 1.82851 1.8285 1.82809 1.82722 1.82583 1.82379 1.82091 1.81696 1.81164 1.80458 1.79535 1.78346 1.76836 1.74951 1.72638 1.69852 1.66562 1.62752 1.58432 1.53637 1.48428 1.42892 1.3714 1.31294 1.25485 1.19842 1.14483 1.09505 1.04985 1.0097 0.974819 0.945173 0.920519 0.900453 0.884468 0.872004 0.862492 0.855391 0.850211 0.846526 0.843983 0.842296 0.841239 0.840642 0.840376 0.840349 0.840489 0.840748 0.841085 0.841473 
0.834847 0.835274 0.835701 0.836123 0.836545 0.836984 0.837475 0.838075 0.838879 0.840024 0.841705 0.844188 0.847821 0.853043 0.860379 0.87043 0.883851 0.901303 0.923407 0.950677 0.983456 1.02186 1.06571 1.11456 1.16766 1.22398 1.28232 1.34138 1.39981 1.45635 1.50989 1.55953 1.60464 1.64481 1.67993 1.71006 1.73547 1.75655 1.77377 1.78762 1.79862 1.80723 1.8139 1.81901 1.82288 1.82577 1.8279 1.82942 1.83047 1.83114 1.83146 1.83147 1.83115 1.83048 1.82937 1.8277 1.82531 1.82198 1.81742 1.81126 1.80307 1.79236 1.77855 1.76108 1.73938 1.71294 1.68138 1.64448 1.60226 1.55501 1.50329 1.44796 1.39008 1.33092 1.27182 1.21411 1.15903 1.10766 1.06081 1.01904 0.982617 0.951554 0.925637 0.904478 0.887571 0.87435 0.864233 0.856658 0.851116 0.847161 0.84442 0.842591 0.841435 0.84077 0.840458 0.8404 0.840522 0.840767 0.841097 0.84148 
0.834852 0.835278 0.835706 0.836131 0.836559 0.837009 0.837518 0.83815 0.839004 0.840227 0.842026 0.844682 0.848562 0.854123 0.861913 0.872555 0.886716 0.905071 0.928239 0.956723 0.990838 1.03066 1.07596 1.12622 1.18063 1.23809 1.29736 1.35706 1.41584 1.47242 1.52569 1.5748 1.61914 1.65837 1.6924 1.72139 1.74563 1.76556 1.78167 1.79451 1.80459 1.8124 1.81837 1.82288 1.82625 1.82874 1.83054 1.83183 1.83271 1.83326 1.83354 1.83356 1.83333 1.8328 1.8319 1.83054 1.82856 1.82574 1.82181 1.8164 1.8091 1.79939 1.78671 1.77046 1.75002 1.72486 1.69452 1.65873 1.61745 1.5709 1.51961 1.46439 1.4063 1.34661 1.28668 1.22791 1.17159 1.11885 1.07058 1.02739 0.989617 0.957303 0.930264 0.908129 0.890396 0.876494 0.865828 0.857822 0.85195 0.847748 0.844826 0.842866 0.841618 0.84089 0.840536 0.840449 0.840552 0.840786 0.841109 0.841487 
0.834856 0.835282 0.835711 0.836139 0.836572 0.837032 0.837559 0.838219 0.839119 0.840412 0.842318 0.845129 0.849228 0.855091 0.863282 0.874441 0.889251 0.908391 0.93248 0.962007 0.997265 1.03829 1.08481 1.13625 1.19174 1.25014 1.31013 1.37033 1.42934 1.48589 1.53888 1.58748 1.63111 1.66949 1.70258 1.73056 1.75379 1.77273 1.78792 1.79991 1.80922 1.81635 1.82174 1.82577 1.82874 1.8309 1.83245 1.83354 1.83428 1.83474 1.83498 1.83501 1.83484 1.83442 1.8337 1.83258 1.83092 1.82851 1.82509 1.8203 1.81373 1.80487 1.79314 1.77791 1.75857 1.73451 1.70524 1.67044 1.63001 1.58412 1.53326 1.4782 1.41999 1.35991 1.29934 1.23971 1.18237 1.12849 1.07902 1.03464 0.995712 0.962326 0.934321 0.91134 0.892888 0.878391 0.867244 0.85886 0.852696 0.848275 0.845191 0.843114 0.841784 0.840999 0.840606 0.840494 0.84058 0.840803 0.841119 0.841494 
