1.69062 1.69092 1.69123 1.69152 1.6918 1.69207 1.69232 1.69255 1.69276 1.69295 1.69312 1.69327 1.6934 1.69352 1.69362 1.69371 1.69379 1.69386 1.69392 1.69398 1.69404 1.69409 1.69415 1.69421 1.69428 1.69435 1.69443 1.69452 1.69462 1.69473 1.69485 1.69499 1.69513 1.69529 1.69546 1.69563 1.69581 1.696 1.69619 1.69638 1.69657 1.69675 1.69692 1.69709 1.69724 1.69737 1.69749 1.69759 1.69766 1.69771 1.69774 1.69774 1.69772 1.69767 1.6976 1.69751 1.69739 1.69726 1.69712 1.69696 1.69679 1.69661 1.69643 1.69624 1.69606 1.69587 1.69569 1.69552 1.69536 1.69521 1.69506 1.69493 1.69481 1.6947 1.69461 1.69453 1.69445 1.6944 1.69435 1.69432 1.6943 1.6943 1.69431 1.69433 1.69437 1.69443 1.69451 1.69461 1.69473 1.69487 1.69503 1.69522 1.69542 1.69565 1.6959 1.69616 1.69645 1.69674 1.69704 1.69735 
1.69092 1.69123 1.69153 1.69183 1.69211 1.69237 1.69262 1.69285 1.69306 1.69325 1.69342 1.69358 1.69371 1.69383 1.69393 1.69402 1.69409 1.69416 1.69422 1.69428 1.69434 1.69439 1.69445 1.69451 1.69457 1.69465 1.69473 1.69482 1.69492 1.69503 1.69515 1.69529 1.69543 1.69559 1.69576 1.69594 1.69612 1.69631 1.69651 1.6967 1.69689 1.69708 1.69726 1.69743 1.69758 1.69772 1.69784 1.69794 1.69801 1.69807 1.69809 1.69809 1.69807 1.69802 1.69795 1.69785 1.69774 1.69761 1.69746 1.69729 1.69712 1.69694 1.69675 1.69656 1.69637 1.69619 1.696 1.69583 1.69566 1.69551 1.69536 1.69523 1.69511 1.695 1.69491 1.69482 1.69475 1.6947 1.69465 1.69462 1.6946 1.6946 1.69461 1.69464 1.69468 1.69474 1.69482 1.69492 1.69503 1.69518 1.69534 1.69552 1.69573 1.69596 1.69621 1.69647 1.69675 1.69705 1.69735 1.69766 
1.69123 1.69153 1.69184 1.69213 1.69241 1.69268 1.69292 1.69315 1.69337 1.69356 1.69373 1.69388 1.69401 1.69413 1.69423 1.69432 1.6944 1.69447 1.69453 1.69459 1.69465 1.69471 1.69477 1.69483 1.6949 1.69498 1.69507 1.69517 1.69529 1.69541 1.69555 1.6957 1.69587 1.69604 1.69623 1.69643 1.69664 1.69686 1.69707 1.69729 1.69751 1.69772 1.69792 1.69811 1.69828 1.69844 1.69857 1.69868 1.69877 1.69883 1.69886 1.69886 1.69883 1.69877 1.69869 1.69858 1.69845 1.6983 1.69813 1.69795 1.69775 1.69755 1.69734 1.69712 1.69691 1.6967 1.6965 1.6963 1.69612 1.69594 1.69578 1.69563 1.69549 1.69537 1.69527 1.69517 1.69509 1.69503 1.69498 1.69494 1.69492 1.69491 1.69492 1.69495 1.69499 1.69504 1.69512 1.69522 1.69534 1.69548 1.69564 1.69583 1.69603 1.69626 1.69651 1.69677 1.69706 1.69735 1.69765 1.69796 
1.69152 1.69183 1.69213 1.69242 1.6927 1.69297 1.69322 1.69345 1.69366 1.69385 1.69402 1.69417 1.69431 1.69443 1.69453 1.69462 1.6947 1.69477 1.69484 1.69491 1.69497 1.69504 1.69511 1.69518 1.69527 1.69537 1.69547 1.6956 1.69573 1.69589 1.69606 1.69624 1.69644 1.69666 1.69689 1.69714 1.69739 1.69765 1.69792 1.69818 1.69844 1.6987 1.69894 1.69917 1.69938 1.69957 1.69973 1.69986 1.69996 1.70003 1.70006 1.70006 1.70003 1.69996 1.69986 1.69973 1.69957 1.69938 1.69918 1.69895 1.69871 1.69846 1.69821 1.69795 1.69769 1.69744 1.69719 1.69695 1.69672 1.69651 1.69631 1.69613 1.69597 1.69582 1.69569 1.69558 1.69548 1.6954 1.69533 1.69529 1.69525 1.69524 1.69524 1.69526 1.69529 1.69535 1.69542 1.69552 1.69564 1.69578 1.69594 1.69612 1.69633 1.69655 1.6968 1.69707 1.69735 1.69764 1.69794 1.69825 
1.6918 1.69211 1.69241 1.6927 1.69298 1.69325 1.6935 1.69373 1.69394 1.69413 1.6943 1.69446 1.69459 1.69471 1.69482 1.69491 1.695 1.69508 1.69515 1.69523 1.6953 1.69538 1.69547 1.69556 1.69567 1.6958 1.69594 1.69609 1.69627 1.69647 1.69669 1.69693 1.69719 1.69747 1.69776 1.69808 1.6984 1.69873 1.69907 1.69941 1.69974 1.70007 1.70037 1.70066 1.70093 1.70116 1.70136 1.70153 1.70165 1.70174 1.70178 1.70178 1.70173 1.70164 1.70151 1.70134 1.70114 1.7009 1.70064 1.70035 1.70005 1.69973 1.6994 1.69908 1.69875 1.69842 1.69811 1.6978 1.69751 1.69724 1.69699 1.69676 1.69655 1.69636 1.69619 1.69604 1.69591 1.69581 1.69572 1.69565 1.6956 1.69558 1.69557 1.69557 1.6956 1.69565 1.69572 1.69581 1.69593 1.69606 1.69622 1.69641 1.69661 1.69684 1.69708 1.69735 1.69763 1.69792 1.69822 1.69853 
1.69207 1.69237 1.69268 1.69297 1.69325 1.69352 1.69376 1.694 1.69421 1.6944 1.69457 1.69473 1.69487 1.69499 1.6951 1.6952 1.69529 1.69538 1.69547 1.69555 1.69565 1.69575 1.69586 1.69598 1.69613 1.69629 1.69647 1.69668 1.69692 1.69718 1.69747 1.69779 1.69813 1.6985 1.69889 1.6993 1.69973 1.70016 1.7006 1.70104 1.70148 1.70189 1.70229 1.70267 1.70301 1.70331 1.70357 1.70378 1.70394 1.70404 1.70409 1.70408 1.70402 1.7039 1.70373 1.70351 1.70325 1.70294 1.7026 1.70222 1.70183 1.70141 1.70099 1.70056 1.70013 1.69971 1.69929 1.6989 1.69852 1.69816 1.69783 1.69753 1.69725 1.697 1.69677 1.69658 1.69641 1.69626 1.69614 1.69605 1.69598 1.69593 1.6959 1.69589 1.69591 1.69595 1.69601 1.6961 1.69621 1.69634 1.6965 1.69668 1.69688 1.69711 1.69735 1.69762 1.6979 1.69819 1.69849 1.6988 
1.69232 1.69262 1.69292 1.69322 1.6935 1.69376 1.69401 1.69425 1.69446 1.69465 1.69483 1.69498 1.69513 1.69525 1.69537 1.69548 1.69558 1.69568 1.69578 1.69589 1.69601 1.69614 1.69628 1.69645 1.69664 1.69686 1.69711 1.69739 1.6977 1.69806 1.69845 1.69887 1.69933 1.69982 1.70034 1.70088 1.70144 1.70201 1.70259 1.70317 1.70373 1.70428 1.7048 1.70528 1.70572 1.70611 1.70645 1.70672 1.70692 1.70706 1.70712 1.7071 1.70702 1.70686 1.70664 1.70635 1.706 1.70559 1.70515 1.70466 1.70414 1.7036 1.70304 1.70247 1.70191 1.70135 1.70081 1.70029 1.69979 1.69932 1.69888 1.69847 1.6981 1.69777 1.69747 1.6972 1.69697 1.69678 1.69661 1.69648 1.69637 1.69629 1.69624 1.69622 1.69622 1.69625 1.6963 1.69637 1.69648 1.6966 1.69676 1.69693 1.69714 1.69736 1.6976 1.69787 1.69815 1.69844 1.69874 1.69905 
1.69255 1.69285 1.69315 1.69345 1.69373 1.694 1.69425 1.69448 1.69469 1.69489 1.69507 1.69523 1.69537 1.69551 1.69563 1.69575 1.69587 1.69599 1.69611 1.69624 1.69639 1.69656 1.69676 1.69698 1.69724 1.69753 1.69786 1.69824 1.69867 1.69914 1.69966 1.70023 1.70084 1.70149 1.70217 1.70289 1.70363 1.70438 1.70514 1.7059 1.70663 1.70734 1.70802 1.70865 1.70922 1.70972 1.71015 1.7105 1.71076 1.71093 1.711 1.71098 1.71087 1.71066 1.71036 1.70998 1.70953 1.709 1.70841 1.70777 1.70709 1.70638 1.70565 1.70492 1.70418 1.70344 1.70273 1.70204 1.70138 1.70076 1.70018 1.69964 1.69915 1.6987 1.6983 1.69795 1.69764 1.69737 1.69714 1.69696 1.69681 1.69669 1.69661 1.69655 1.69653 1.69654 1.69658 1.69664 1.69674 1.69686 1.697 1.69718 1.69737 1.6976 1.69784 1.6981 1.69838 1.69867 1.69897 1.69928 
1.69276 1.69306 1.69337 1.69366 1.69394 1.69421 1.69446 1.69469 1.69491 1.69511 1.69529 1.69545 1.69561 1.69575 1.69589 1.69602 1.69616 1.6963 1.69645 1.69663 1.69682 1.69704 1.6973 1.6976 1.69794 1.69834 1.69878 1.69929 1.69986 1.70049 1.70118 1.70193 1.70274 1.70359 1.7045 1.70544 1.7064 1.70739 1.70837 1.70935 1.71031 1.71123 1.7121 1.71291 1.71364 1.71429 1.71484 1.71528 1.71562 1.71583 1.71592 1.71589 1.71573 1.71546 1.71507 1.71458 1.71398 1.7133 1.71254 1.71171 1.71083 1.70991 1.70896 1.70799 1.70703 1.70607 1.70514 1.70424 1.70338 1.70256 1.7018 1.70109 1.70044 1.69984 1.69931 1.69884 1.69842 1.69806 1.69776 1.6975 1.69729 1.69712 1.69699 1.69691 1.69686 1.69684 1.69686 1.69691 1.69699 1.6971 1.69724 1.6974 1.6976 1.69781 1.69805 1.69831 1.69859 1.69888 1.69918 1.69949 
1.69295 1.69325 1.69356 1.69385 1.69413 1.6944 1.69465 1.69489 1.69511 1.69531 1.6955 1.69567 1.69583 1.69599 1.69614 1.69629 1.69646 1.69663 1.69683 1.69705 1.6973 1.69759 1.69794 1.69833 1.69879 1.69932 1.69991 1.70058 1.70133 1.70217 1.70307 1.70406 1.70512 1.70624 1.70741 1.70863 1.70989 1.71116 1.71243 1.71369 1.71492 1.7161 1.71722 1.71825 1.71918 1.72 1.7207 1.72126 1.72168 1.72195 1.72206 1.72201 1.72181 1.72145 1.72095 1.72032 1.71955 1.71867 1.71769 1.71663 1.71549 1.7143 1.71308 1.71184 1.71059 1.70936 1.70815 1.70698 1.70586 1.70479 1.7038 1.70287 1.70202 1.70124 1.70054 1.69992 1.69937 1.69889 1.69847 1.69812 1.69784 1.6976 1.69742 1.69729 1.6972 1.69715 1.69714 1.69717 1.69723 1.69733 1.69746 1.69762 1.6978 1.69802 1.69825 1.69851 1.69879 1.69907 1.69937 1.69968 
1.69312 1.69342 1.69373 1.69402 1.6943 1.69457 1.69483 1.69507 1.69529 1.6955 1.69569 1.69587 1.69605 1.69622 1.69639 1.69658 1.69677 1.69699 1.69724 1.69752 1.69786 1.69824 1.69869 1.69922 1.69982 1.70051 1.7013 1.70218 1.70317 1.70425 1.70543 1.70671 1.70808 1.70953 1.71105 1.71262 1.71422 1.71585 1.71748 1.71908 1.72064 1.72214 1.72355 1.72485 1.72603 1.72707 1.72794 1.72865 1.72916 1.72949 1.72963 1.72956 1.7293 1.72884 1.72821 1.7274 1.72642 1.72531 1.72406 1.7227 1.72126 1.71975 1.71819 1.7166 1.71501 1.71342 1.71187 1.71037 1.70893 1.70756 1.70627 1.70507 1.70396 1.70295 1.70204 1.70122 1.7005 1.69987 1.69932 1.69886 1.69847 1.69815 1.6979 1.6977 1.69756 1.69747 1.69743 1.69743 1.69747 1.69755 1.69767 1.69782 1.698 1.6982 1.69844 1.69869 1.69896 1.69925 1.69955 1.69985 
1.69327 1.69358 1.69388 1.69417 1.69446 1.69473 1.69498 1.69523 1.69545 1.69567 1.69587 1.69607 1.69626 1.69646 1.69666 1.69688 1.69712 1.69739 1.69771 1.69808 1.69851 1.69902 1.69961 1.70029 1.70108 1.70199 1.70301 1.70416 1.70543 1.70683 1.70836 1.71001 1.71176 1.71361 1.71554 1.71754 1.71958 1.72163 1.72368 1.72571 1.72767 1.72954 1.73131 1.73294 1.73441 1.7357 1.73678 1.73765 1.73829 1.73869 1.73885 1.73876 1.73843 1.73785 1.73705 1.73603 1.73481 1.7334 1.73184 1.73013 1.72831 1.72641 1.72444 1.72243 1.72042 1.71842 1.71645 1.71454 1.7127 1.71096 1.70931 1.70777 1.70635 1.70505 1.70387 1.70282 1.70188 1.70106 1.70034 1.69973 1.69922 1.69879 1.69844 1.69817 1.69797 1.69782 1.69774 1.6977 1.69772 1.69778 1.69787 1.69801 1.69818 1.69838 1.6986 1.69885 1.69912 1.6994 1.6997 1.7 
1.6934 1.69371 1.69401 1.69431 1.69459 1.69487 1.69513 1.69537 1.69561 1.69583 1.69605 1.69626 1.69648 1.6967 1.69694 1.6972 1.6975 1.69785 1.69825 1.69873 1.69929 1.69995 1.70072 1.70161 1.70263 1.7038 1.70512 1.70659 1.70823 1.71002 1.71196 1.71405 1.71628 1.71861 1.72105 1.72356 1.72611 1.72868 1.73124 1.73376 1.7362 1.73852 1.74071 1.74272 1.74453 1.74611 1.74745 1.74851 1.74929 1.74978 1.74996 1.74984 1.74942 1.7487 1.7477 1.74644 1.74492 1.74317 1.74123 1.73911 1.73685 1.73447 1.73202 1.72952 1.727 1.72449 1.72202 1.71962 1.71731 1.7151 1.71302 1.71107 1.70927 1.70761 1.70611 1.70476 1.70355 1.70249 1.70157 1.70078 1.7001 1.69954 1.69908 1.69871 1.69842 1.69821 1.69807 1.69799 1.69797 1.698 1.69808 1.69819 1.69835 1.69854 1.69875 1.699 1.69926 1.69954 1.69984 1.70014 
1.69352 1.69383 1.69413 1.69443 1.69471 1.69499 1.69525 1.69551 1.69575 1.69599 1.69622 1.69646 1.6967 1.69696 1.69725 1.69757 1.69795 1.69838 1.6989 1.69951 1.70023 1.70108 1.70207 1.70321 1.70453 1.70602 1.7077 1.70958 1.71165 1.71391 1.71636 1.71899 1.72177 1.72469 1.72772 1.73084 1.73401 1.73719 1.74034 1.74344 1.74643 1.74928 1.75195 1.75441 1.75661 1.75854 1.76016 1.76145 1.76239 1.76297 1.76318 1.76303 1.7625 1.76162 1.76039 1.75884 1.75697 1.75483 1.75244 1.74984 1.74706 1.74414 1.74111 1.73802 1.73491 1.7318 1.72874 1.72575 1.72287 1.72012 1.71751 1.71507 1.7128 1.71072 1.70882 1.70711 1.70558 1.70423 1.70305 1.70203 1.70116 1.70043 1.69982 1.69933 1.69895 1.69865 1.69844 1.69831 1.69824 1.69823 1.69828 1.69837 1.69851 1.69869 1.69889 1.69913 1.69939 1.69967 1.69996 1.70026 
1.69362 1.69393 1.69423 1.69453 1.69482 1.6951 1.69537 1.69563 1.69589 1.69614 1.69639 1.69666 1.69694 1.69725 1.69759 1.69799 1.69846 1.69902 1.69968 1.70046 1.70138 1.70246 1.70372 1.70517 1.70684 1.70872 1.71085 1.7132 1.7158 1.71863 1.72168 1.72494 1.72839 1.732 1.73573 1.73956 1.74344 1.74733 1.75118 1.75494 1.75857 1.76202 1.76525 1.76822 1.77087 1.77319 1.77513 1.77667 1.77779 1.77848 1.77873 1.77853 1.77789 1.77681 1.77532 1.77343 1.77118 1.76858 1.76568 1.76252 1.75914 1.75559 1.7519 1.74813 1.74432 1.74051 1.73676 1.73309 1.72953 1.72613 1.72291 1.71988 1.71706 1.71446 1.71209 1.70994 1.70803 1.70632 1.70483 1.70354 1.70243 1.70149 1.70071 1.70007 1.69956 1.69916 1.69886 1.69866 1.69853 1.69848 1.69849 1.69856 1.69867 1.69883 1.69903 1.69925 1.6995 1.69978 1.70006 1.70036 
1.69371 1.69402 1.69432 1.69462 1.69491 1.6952 1.69548 1.69575 1.69602 1.69629 1.69658 1.69688 1.6972 1.69757 1.69799 1.69849 1.69908 1.69978 1.70061 1.70159 1.70276 1.70412 1.70571 1.70754 1.70963 1.712 1.71464 1.71758 1.7208 1.7243 1.72806 1.73206 1.73629 1.74069 1.74524 1.74989 1.75459 1.75928 1.76392 1.76845 1.7728 1.77694 1.7808 1.78433 1.78749 1.79024 1.79255 1.79437 1.7957 1.79651 1.79679 1.79654 1.79576 1.79447 1.79268 1.79042 1.78771 1.78461 1.78113 1.77734 1.77328 1.769 1.76455 1.76 1.7554 1.75079 1.74623 1.74176 1.73743 1.73328 1.72933 1.72561 1.72214 1.71893 1.716 1.71334 1.71095 1.70883 1.70697 1.70534 1.70395 1.70276 1.70176 1.70094 1.70027 1.69975 1.69934 1.69905 1.69886 1.69875 1.69872 1.69875 1.69884 1.69897 1.69915 1.69937 1.69961 1.69987 1.70016 1.70045 
1.69379 1.69409 1.6944 1.6947 1.695 1.69529 1.69558 1.69587 1.69616 1.69646 1.69677 1.69712 1.6975 1.69795 1.69846 1.69908 1.69981 1.70068 1.70173 1.70296 1.70443 1.70614 1.70812 1.7104 1.713 1.71593 1.71919 1.7228 1.72675 1.73103 1.73561 1.74048 1.7456 1.75092 1.75639 1.76198 1.7676 1.77321 1.77874 1.78412 1.78929 1.79419 1.79875 1.80291 1.80663 1.80987 1.81257 1.8147 1.81625 1.81719 1.8175 1.81719 1.81627 1.81474 1.81262 1.80994 1.80674 1.80306 1.79894 1.79444 1.78962 1.78453 1.77924 1.7738 1.7683 1.76277 1.7573 1.75192 1.7467 1.74168 1.73689 1.73237 1.72814 1.72423 1.72064 1.71738 1.71444 1.71182 1.70951 1.7075 1.70575 1.70426 1.70301 1.70197 1.70112 1.70044 1.69991 1.69951 1.69923 1.69905 1.69897 1.69895 1.69901 1.69912 1.69928 1.69948 1.69971 1.69997 1.70024 1.70053 
1.69386 1.69416 1.69447 1.69477 1.69508 1.69538 1.69568 1.69599 1.6963 1.69663 1.69699 1.69739 1.69785 1.69838 1.69902 1.69978 1.70068 1.70177 1.70307 1.70461 1.70643 1.70855 1.711 1.71381 1.71701 1.72059 1.72458 1.72898 1.73377 1.73894 1.74447 1.75032 1.75645 1.76281 1.76933 1.77596 1.78263 1.78926 1.79577 1.8021 1.80816 1.81389 1.81922 1.82408 1.82841 1.83216 1.8353 1.83777 1.83955 1.84063 1.84098 1.84061 1.83952 1.83773 1.83525 1.83212 1.82838 1.82407 1.81924 1.81397 1.8083 1.80231 1.79608 1.78966 1.78315 1.7766 1.7701 1.7637 1.75746 1.75145 1.74571 1.74027 1.73518 1.73045 1.7261 1.72213 1.71855 1.71536 1.71252 1.71004 1.70789 1.70605 1.70449 1.70319 1.70211 1.70125 1.70056 1.70004 1.69966 1.6994 1.69924 1.69918 1.69919 1.69927 1.69941 1.69959 1.6998 1.70005 1.70032 1.70061 
1.69392 1.69422 1.69453 1.69484 1.69515 1.69547 1.69578 1.69611 1.69645 1.69683 1.69724 1.69771 1.69825 1.6989 1.69968 1.70061 1.70173 1.70307 1.70467 1.70657 1.70881 1.71141 1.71442 1.71785 1.72173 1.72608 1.73091 1.7362 1.74196 1.74815 1.75475 1.7617 1.76897 1.77648 1.78417 1.79196 1.79977 1.80752 1.81511 1.82247 1.82951 1.83614 1.84229 1.84789 1.85288 1.85719 1.86079 1.86362 1.86565 1.86688 1.86727 1.86683 1.86556 1.86348 1.86062 1.857 1.85268 1.84769 1.84211 1.83599 1.82941 1.82244 1.81517 1.80768 1.80006 1.79238 1.78473 1.77719 1.76982 1.7627 1.75588 1.74941 1.74333 1.73767 1.73245 1.72768 1.72336 1.71949 1.71606 1.71304 1.71041 1.70816 1.70623 1.70462 1.70329 1.7022 1.70133 1.70066 1.70015 1.69979 1.69956 1.69943 1.69939 1.69943 1.69954 1.6997 1.6999 1.70013 1.70039 1.70067 
1.69398 1.69428 1.69459 1.69491 1.69523 1.69555 1.69589 1.69624 1.69663 1.69705 1.69752 1.69808 1.69873 1.69951 1.70046 1.70159 1.70296 1.70461 1.70657 1.7089 1.71162 1.71479 1.71843 1.72258 1.72726 1.73248 1.73825 1.74457 1.75141 1.75874 1.76653 1.77472 1.78325 1.79203 1.801 1.81006 1.81911 1.82807 1.83682 1.84529 1.85336 1.86095 1.86798 1.87437 1.88005 1.88495 1.88903 1.89224 1.89454 1.89591 1.89634 1.89583 1.89438 1.892 1.88873 1.8846 1.87965 1.87395 1.86755 1.86054 1.85298 1.84496 1.83658 1.82793 1.8191 1.81018 1.80129 1.79249 1.78388 1.77553 1.76751 1.75988 1.7527 1.74599 1.73978 1.7341 1.72894 1.7243 1.72017 1.71653 1.71336 1.71062 1.70828 1.7063 1.70466 1.70332 1.70223 1.70138 1.70073 1.70025 1.69992 1.69971 1.69962 1.69961 1.69968 1.69981 1.69999 1.70021 1.70046 1.70073 
1.69404 1.69434 1.69465 1.69497 1.6953 1.69565 1.69601 1.69639 1.69682 1.6973 1.69786 1.69851 1.69929 1.70023 1.70138 1.70276 1.70443 1.70643 1.70881 1.71162 1.71491 1.71872 1.7231 1.72806 1.73364 1.73985 1.74669 1.75415 1.76219 1.7708 1.7799 1.78944 1.79934 1.80951 1.81986 1.83028 1.84066 1.85091 1.8609 1.87053 1.8797 1.8883 1.89625 1.90346 1.90985 1.91537 1.91994 1.92353 1.92611 1.92764 1.92811 1.92752 1.92587 1.92319 1.9195 1.91483 1.90924 1.90279 1.89555 1.88759 1.879 1.86987 1.86031 1.85042 1.8403 1.83006 1.81981 1.80965 1.79968 1.78999 1.78065 1.77175 1.76334 1.75546 1.74816 1.74145 1.73534 1.72983 1.72491 1.72057 1.71676 1.71347 1.71065 1.70826 1.70626 1.70462 1.70328 1.70222 1.70139 1.70078 1.70033 1.70004 1.69987 1.69981 1.69984 1.69994 1.70009 1.70029 1.70053 1.7008 
1.69409 1.69439 1.69471 1.69504 1.69538 1.69575 1.69614 1.69656 1.69704 1.69759 1.69824 1.69902 1.69995 1.70108 1.70246 1.70412 1.70614 1.70855 1.71141 1.71479 1.71872 1.72327 1.72847 1.73436 1.74095 1.74826 1.75628 1.765 1.77437 1.78436 1.7949 1.8059 1.81728 1.82893 1.84075 1.85262 1.86442 1.87602 1.8873 1.89815 1.90845 1.91809 1.92698 1.93503 1.94215 1.94829 1.95337 1.95735 1.9602 1.96189 1.9624 1.96173 1.95989 1.95689 1.95277 1.94756 1.94132 1.9341 1.92599 1.91706 1.9074 1.89712 1.88632 1.87512 1.86364 1.852 1.84031 1.82869 1.81726 1.80612 1.79535 1.78506 1.7753 1.76614 1.75763 1.74977 1.74261 1.73613 1.73033 1.72519 1.72067 1.71675 1.71338 1.71052 1.70811 1.70612 1.70449 1.70319 1.70216 1.70138 1.70081 1.70041 1.70016 1.70004 1.70001 1.70007 1.7002 1.70038 1.7006 1.70086 
1.69415 1.69445 1.69477 1.69511 1.69547 1.69586 1.69628 1.69676 1.6973 1.69794 1.69869 1.69961 1.70072 1.70207 1.70372 1.70571 1.70812 1.711 1.71442 1.71843 1.7231 1.72847 1.7346 1.74151 1.74922 1.75774 1.76706 1.77716 1.78798 1.79946 1.81154 1.82411 1.83706 1.85029 1.86365 1.87704 1.8903 1.9033 1.91591 1.928 1.93945 1.95015 1.96 1.96889 1.97674 1.9835 1.98908 1.99345 1.99658 1.99842 1.99897 1.99823 1.99619 1.99288 1.98834 1.98259 1.97569 1.9677 1.95871 1.94879 1.93804 1.92658 1.91451 1.90197 1.88907 1.87596 1.86276 1.8496 1.83662 1.82393 1.81163 1.79984 1.78863 1.77807 1.76823 1.75913 1.7508 1.74324 1.73646 1.73043 1.72512 1.72049 1.7165 1.7131 1.71023 1.70784 1.70589 1.7043 1.70305 1.70208 1.70136 1.70084 1.70049 1.70029 1.70021 1.70022 1.70032 1.70047 1.70068 1.70092 
1.69421 1.69451 1.69483 1.69518 1.69556 1.69598 1.69645 1.69698 1.6976 1.69833 1.69922 1.70029 1.70161 1.70321 1.70517 1.70754 1.7104 1.71381 1.71785 1.72258 1.72806 1.73436 1.74151 1.74954 1.75848 1.76833 1.77906 1.79064 1.80301 1.8161 1.8298 1.84402 1.85863 1.87349 1.88847 1.90341 1.91817 1.9326 1.94656 1.95991 1.97251 1.98427 1.99505 2.00477 2.01335 2.02071 2.02679 2.03154 2.03492 2.03692 2.03751 2.03669 2.03447 2.03086 2.0259 2.01962 2.01208 2.00333 1.99347 1.98257 1.97073 1.95808 1.94473 1.93082 1.91647 1.90184 1.88708 1.87232 1.85771 1.84339 1.82947 1.81608 1.80331 1.79126 1.77998 1.76952 1.75992 1.75119 1.74333 1.73632 1.73013 1.72471 1.72003 1.71603 1.71264 1.70981 1.70748 1.70558 1.70407 1.70288 1.70199 1.70133 1.70087 1.70058 1.70043 1.70039 1.70045 1.70057 1.70076 1.70099 
1.69428 1.69457 1.6949 1.69527 1.69567 1.69613 1.69664 1.69724 1.69794 1.69879 1.69982 1.70108 1.70263 1.70453 1.70684 1.70963 1.713 1.71701 1.72173 1.72726 1.73364 1.74095 1.74922 1.75848 1.76876 1.78003 1.79227 1.80543 1.81945 1.83422 1.84964 1.86558 1.8819 1.89845 1.91507 1.93159 1.94787 1.96373 1.97903 1.99362 2.00736 2.02014 2.03184 2.04237 2.05164 2.05957 2.06612 2.07123 2.07487 2.07702 2.07764 2.07676 2.07436 2.07047 2.06511 2.05833 2.05017 2.04069 2.02998 2.01813 2.00523 1.9914 1.97677 1.96148 1.94568 1.92951 1.91315 1.89674 1.88045 1.86443 1.84882 1.83375 1.81934 1.80569 1.79288 1.78096 1.77 1.75999 1.75095 1.74287 1.73571 1.72944 1.72399 1.71932 1.71535 1.71203 1.70927 1.70702 1.70522 1.70379 1.7027 1.70188 1.7013 1.70091 1.70068 1.70058 1.70059 1.70069 1.70085 1.70107 
1.69435 1.69465 1.69498 1.69537 1.6958 1.69629 1.69686 1.69753 1.69834 1.69932 1.70051 1.70199 1.7038 1.70602 1.70872 1.712 1.71593 1.72059 1.72608 1.73248 1.73985 1.74826 1.75774 1.76833 1.78003 1.79282 1.80666 1.8215 1.83723 1.85376 1.87095 1.88866 1.90673 1.92499 1.94326 1.96138 1.97915 1.99643 2.01304 2.02883 2.04367 2.05744 2.07001 2.0813 2.09122 2.0997 2.10668 2.11213 2.116 2.11828 2.11895 2.118 2.11544 2.11129 2.10557 2.09832 2.08958 2.07942 2.06791 2.05514 2.04121 2.02625 2.01037 1.99373 1.97648 1.95878 1.94081 1.92273 1.90473 1.88696 1.8696 1.85278 1.83665 1.82133 1.8069 1.79344 1.78101 1.76964 1.75934 1.7501 1.74189 1.73467 1.7284 1.72299 1.71838 1.71451 1.71129 1.70865 1.70651 1.70482 1.7035 1.70251 1.70178 1.70128 1.70096 1.7008 1.70076 1.70081 1.70095 1.70115 
1.69443 1.69473 1.69507 1.69547 1.69594 1.69647 1.69711 1.69786 1.69878 1.69991 1.7013 1.70301 1.70512 1.7077 1.71085 1.71464 1.71919 1.72458 1.73091 1.73825 1.74669 1.75628 1.76706 1.77906 1.79227 1.80666 1.82219 1.83876 1.85628 1.87462 1.89362 1.91312 1.93295 1.95292 1.97284 1.99251 2.01176 2.0304 2.04827 2.06522 2.08109 2.09578 2.10916 2.12115 2.13166 2.14064 2.14802 2.15377 2.15786 2.16026 2.16096 2.15996 2.15727 2.15288 2.14684 2.13916 2.1299 2.11912 2.10687 2.09325 2.07835 2.0623 2.04523 2.02728 2.00862 1.98941 1.96984 1.9501 1.93037 1.91084 1.89169 1.87308 1.85518 1.83811 1.82199 1.80691 1.79294 1.78012 1.76847 1.75799 1.74866 1.74042 1.73324 1.72704 1.72174 1.71726 1.71353 1.71045 1.70796 1.70596 1.7044 1.70321 1.70232 1.7017 1.70128 1.70104 1.70094 1.70096 1.70106 1.70124 
1.69452 1.69482 1.69517 1.6956 1.69609 1.69668 1.69739 1.69824 1.69929 1.70058 1.70218 1.70416 1.70659 1.70958 1.7132 1.71758 1.7228 1.72898 1.7362 1.74457 1.75415 1.765 1.77716 1.79064 1.80543 1.8215 1.83876 1.85713 1.87647 1.89664 1.91747 1.93878 1.96036 1.98201 2.00353 2.02472 2.04538 2.06533 2.08438 2.1024 2.11923 2.13476 2.14887 2.16149 2.17253 2.18194 2.18967 2.19568 2.19996 2.20247 2.2032 2.20216 2.19935 2.19477 2.18845 2.18041 2.1707 2.15935 2.14644 2.13205 2.11627 2.09921 2.08102 2.06183 2.04181 2.02115 2.00002 1.97864 1.9572 1.9359 1.91495 1.89453 1.87481 1.85595 1.83808 1.82131 1.80573 1.79139 1.77832 1.76653 1.756 1.74668 1.73853 1.73146 1.72541 1.72029 1.716 1.71245 1.70956 1.70723 1.7054 1.70399 1.70293 1.70216 1.70164 1.70131 1.70115 1.70111 1.70119 1.70134 
1.69462 1.69492 1.69529 1.69573 1.69627 1.69692 1.6977 1.69867 1.69986 1.70133 1.70317 1.70543 1.70823 1.71165 1.7158 1.7208 1.72675 1.73377 1.74196 1.75141 1.76219 1.77437 1.78798 1.80301 1.81945 1.83723 1.85628 1.87647 1.89766 1.91967 1.94232 1.96541 1.9887 2.012 2.03507 2.0577 2.07969 2.10084 2.121 2.13999 2.15767 2.17395 2.1887 2.20186 2.21336 2.22313 2.23116 2.23739 2.24182 2.24442 2.24519 2.24412 2.24122 2.23649 2.22994 2.2216 2.2115 2.19968 2.1862 2.17113 2.15456 2.1366 2.11737 2.09703 2.07575 2.05369 2.03107 2.0081 1.98498 1.96194 1.9392 1.91695 1.8954 1.87472 1.85507 1.83657 1.81933 1.80341 1.78885 1.77568 1.76389 1.75342 1.74424 1.73626 1.7294 1.72358 1.71869 1.71463 1.71131 1.70863 1.7065 1.70485 1.70359 1.70267 1.70203 1.70161 1.70137 1.70129 1.70132 1.70146 
1.69473 1.69503 1.69541 1.69589 1.69647 1.69718 1.69806 1.69914 1.70049 1.70217 1.70425 1.70683 1.71002 1.71391 1.71863 1.7243 1.73103 1.73894 1.74815 1.75874 1.7708 1.78436 1.79946 1.8161 1.83422 1.85376 1.87462 1.89664 1.91967 1.94351 1.96796 1.99277 2.01773 2.04259 2.06713 2.09111 2.11433 2.13659 2.15773 2.17758 2.19601 2.21293 2.22822 2.24183 2.25369 2.26376 2.27201 2.27842 2.28297 2.28565 2.28645 2.28537 2.2824 2.27756 2.27085 2.26228 2.25188 2.23967 2.22572 2.21008 2.19282 2.17407 2.15392 2.13254 2.11008 2.08674 2.06271 2.03821 2.01348 1.98875 1.96424 1.94019 1.91681 1.89431 1.87285 1.85258 1.83364 1.81609 1.8 1.7854 1.77229 1.76062 1.75035 1.7414 1.7337 1.72713 1.7216 1.71699 1.71321 1.71014 1.7077 1.70579 1.70432 1.70324 1.70246 1.70194 1.70162 1.70148 1.70147 1.70158 
1.69485 1.69515 1.69555 1.69606 1.69669 1.69747 1.69845 1.69966 1.70118 1.70307 1.70543 1.70836 1.71196 1.71636 1.72168 1.72806 1.73561 1.74447 1.75475 1.76653 1.7799 1.7949 1.81154 1.8298 1.84964 1.87095 1.89362 1.91747 1.94232 1.96796 1.99414 2.02063 2.04717 2.0735 2.0994 2.12462 2.14895 2.1722 2.19419 2.21478 2.23385 2.25128 2.26701 2.28096 2.2931 2.30339 2.31181 2.31834 2.32297 2.32571 2.32654 2.32545 2.32246 2.31755 2.31073 2.302 2.29139 2.2789 2.26458 2.24848 2.23067 2.21124 2.1903 2.168 2.14449 2.11996 2.09463 2.0687 2.04243 2.01607 1.98985 1.96404 1.93886 1.91454 1.89127 1.86923 1.84856 1.82936 1.8117 1.79563 1.78115 1.76823 1.75683 1.74688 1.73827 1.73092 1.72471 1.71953 1.71525 1.71178 1.70899 1.7068 1.70511 1.70385 1.70293 1.70229 1.7019 1.70169 1.70164 1.70172 
1.69499 1.69529 1.6957 1.69624 1.69693 1.69779 1.69887 1.70023 1.70193 1.70406 1.70671 1.71001 1.71405 1.71899 1.72494 1.73206 1.74048 1.75032 1.7617 1.77472 1.78944 1.8059 1.82411 1.84402 1.86558 1.88866 1.91312 1.93878 1.96541 1.99277 2.02063 2.0487 2.07672 2.10443 2.13157 2.1579 2.18321 2.20731 2.23003 2.25123 2.27079 2.28863 2.30467 2.31887 2.3312 2.34162 2.35014 2.35675 2.36143 2.36421 2.36506 2.36399 2.36099 2.35606 2.34919 2.34039 2.32964 2.31697 2.3024 2.28596 2.26772 2.24774 2.22615 2.20305 2.17862 2.15304 2.12651 2.09927 2.07157 2.04366 2.01581 1.98829 1.96135 1.93525 1.91019 1.88638 1.86398 1.8431 1.82386 1.80628 1.79041 1.77621 1.76364 1.75264 1.74311 1.73494 1.72802 1.72222 1.71743 1.71352 1.71038 1.70789 1.70596 1.7045 1.70343 1.70268 1.70219 1.70192 1.70182 1.70187 
1.69513 1.69543 1.69587 1.69644 1.69719 1.69813 1.69933 1.70084 1.70274 1.70512 1.70808 1.71176 1.71628 1.72177 1.72839 1.73629 1.7456 1.75645 1.76897 1.78325 1.79934 1.81728 1.83706 1.85863 1.8819 1.90673 1.93295 1.96036 1.9887 2.01773 2.04717 2.07672 2.10611 2.13506 2.16332 2.19063 2.21679 2.2416 2.2649 2.28657 2.3065 2.32462 2.34087 2.35521 2.36763 2.37811 2.38667 2.3933 2.398 2.40079 2.40166 2.40062 2.39765 2.39274 2.38589 2.37707 2.36629 2.35353 2.33882 2.32216 2.30361 2.28323 2.26111 2.23737 2.21216 2.18566 2.15808 2.12964 2.10061 2.07126 2.04186 2.01271 1.98409 1.95625 1.92944 1.90388 1.87976 1.85722 1.83637 1.81729 1.8 1.78449 1.77073 1.75865 1.74816 1.73915 1.73149 1.72506 1.71973 1.71537 1.71185 1.70905 1.70687 1.7052 1.70397 1.70309 1.70251 1.70216 1.70202 1.70204 
1.69529 1.69559 1.69604 1.69666 1.69747 1.6985 1.69982 1.70149 1.70359 1.70624 1.70953 1.71361 1.71861 1.72469 1.732 1.74069 1.75092 1.76281 1.77648 1.79203 1.80951 1.82893 1.85029 1.87349 1.89845 1.92499 1.95292 1.98201 2.012 2.04259 2.0735 2.10443 2.13506 2.16513 2.19436 2.22251 2.24937 2.27474 2.2985 2.3205 2.34068 2.35895 2.37529 2.38967 2.4021 2.41257 2.4211 2.4277 2.4324 2.43519 2.43608 2.43507 2.43215 2.42731 2.42052 2.41176 2.40102 2.38828 2.37353 2.35678 2.33805 2.3174 2.2949 2.27065 2.2448 2.21752 2.18902 2.15952 2.12929 2.09861 2.06778 2.03709 2.00685 1.97734 1.94884 1.92158 1.89576 1.87158 1.84914 1.82854 1.80983 1.79301 1.77804 1.76487 1.75339 1.74352 1.73511 1.72802 1.72214 1.7173 1.71339 1.71027 1.70782 1.70594 1.70454 1.70353 1.70284 1.70242 1.70222 1.70221 
1.69546 1.69576 1.69623 1.69689 1.69776 1.69889 1.70034 1.70217 1.7045 1.70741 1.71105 1.71554 1.72105 1.72772 1.73573 1.74524 1.75639 1.76933 1.78417 1.801 1.81986 1.84075 1.86365 1.88847 1.91507 1.94326 1.97284 2.00353 2.03507 2.06713 2.0994 2.13157 2.16332 2.19436 2.22442 2.25327 2.28068 2.30649 2.33055 2.35276 2.37305 2.39137 2.4077 2.42203 2.43438 2.44477 2.45321 2.45975 2.4644 2.46717 2.46808 2.46711 2.46427 2.45953 2.45286 2.44423 2.43361 2.42097 2.40628 2.38955 2.37076 2.34997 2.32722 2.30261 2.27627 2.24835 2.21907 2.18865 2.15736 2.12548 2.09332 2.0612 2.02944 1.99835 1.96821 1.9393 1.91185 1.88604 1.86204 1.83995 1.81982 1.80168 1.7855 1.77122 1.75877 1.74801 1.73883 1.73108 1.72462 1.71931 1.71499 1.71153 1.70881 1.70671 1.70514 1.70399 1.7032 1.7027 1.70244 1.70239 
1.69563 1.69594 1.69643 1.69714 1.69808 1.6993 1.70088 1.70289 1.70544 1.70863 1.71262 1.71754 1.72356 1.73084 1.73956 1.74989 1.76198 1.77596 1.79196 1.81006 1.83028 1.85262 1.87704 1.90341 1.93159 1.96138 1.99251 2.02472 2.0577 2.09111 2.12462 2.1579 2.19063 2.22251 2.25327 2.28266 2.31049 2.33659 2.36083 2.38313 2.40342 2.42168 2.4379 2.4521 2.4643 2.47454 2.48286 2.48929 2.49386 2.4966 2.49752 2.49661 2.49386 2.48925 2.48275 2.4743 2.46387 2.45141 2.43688 2.42026 2.40153 2.38071 2.35785 2.33301 2.30631 2.27791 2.24799 2.21679 2.18456 2.15161 2.11826 2.08482 2.05165 2.01906 1.98738 1.95689 1.92785 1.90048 1.87495 1.85139 1.82987 1.81043 1.79304 1.77767 1.76422 1.75258 1.74263 1.73421 1.72717 1.72136 1.71663 1.71284 1.70984 1.70751 1.70575 1.70446 1.70356 1.70299 1.70267 1.70259 
1.69581 1.69612 1.69664 1.69739 1.6984 1.69973 1.70144 1.70363 1.7064 1.70989 1.71422 1.71958 1.72611 1.73401 1.74344 1.75459 1.7676 1.78263 1.79977 1.81911 1.84066 1.86442 1.8903 1.91817 1.94787 1.97915 2.01176 2.04538 2.07969 2.11433 2.14895 2.18321 2.21679 2.24937 2.28068 2.31049 2.33861 2.36487 2.38918 2.41145 2.43164 2.44974 2.46577 2.47976 2.49175 2.50179 2.50994 2.51623 2.5207 2.5234 2.52432 2.52347 2.52084 2.51639 2.51008 2.50186 2.49168 2.47947 2.46518 2.44876 2.43019 2.40946 2.3866 2.36166 2.33474 2.30598 2.27556 2.24371 2.21069 2.1768 2.14237 2.10774 2.07327 2.03929 2.00615 1.97417 1.94362 1.91475 1.88775 1.86276 1.83988 1.81916 1.80059 1.78413 1.7697 1.75719 1.74646 1.73737 1.72975 1.72345 1.71831 1.71416 1.71088 1.70833 1.70639 1.70495 1.70394 1.70328 1.70291 1.70279 
1.696 1.69631 1.69686 1.69765 1.69873 1.70016 1.70201 1.70438 1.70739 1.71116 1.71585 1.72163 1.72868 1.73719 1.74733 1.75928 1.77321 1.78926 1.80752 1.82807 1.85091 1.87602 1.9033 1.9326 1.96373 1.99643 2.0304 2.06533 2.10084 2.13659 2.1722 2.20731 2.2416 2.27474 2.30649 2.33659 2.36487 2.39119 2.41545 2.4376 2.4576 2.47547 2.49125 2.50496 2.51669 2.52649 2.53442 2.54054 2.5449 2.54754 2.54846 2.54768 2.54517 2.5409 2.53482 2.52687 2.51698 2.50508 2.4911 2.47496 2.45664 2.43609 2.41333 2.3884 2.36137 2.33238 2.30159 2.26923 2.23555 2.20085 2.16548 2.12978 2.09411 2.05886 2.02437 1.99099 1.95901 1.92871 1.90029 1.87394 1.84975 1.82779 1.80807 1.79055 1.77516 1.76178 1.75029 1.74053 1.73234 1.72555 1.71999 1.7155 1.71194 1.70915 1.70703 1.70545 1.70433 1.70358 1.70315 1.703 
1.69619 1.69651 1.69707 1.69792 1.69907 1.7006 1.70259 1.70514 1.70837 1.71243 1.71748 1.72368 1.73124 1.74034 1.75118 1.76392 1.77874 1.79577 1.81511 1.83682 1.8609 1.8873 1.91591 1.94656 1.97903 2.01304 2.04827 2.08438 2.121 2.15773 2.19419 2.23003 2.2649 2.2985 2.33055 2.36083 2.38918 2.41545 2.43958 2.46152 2.48126 2.49884 2.51429 2.52769 2.53911 2.54863 2.55633 2.56226 2.56649 2.56906 2.56999 2.56927 2.56689 2.56282 2.55699 2.54934 2.53978 2.52823 2.5146 2.49881 2.48079 2.46051 2.43795 2.41312 2.38609 2.35698 2.32594 2.29318 2.25896 2.22359 2.18739 2.15074 2.11401 2.0776 2.04187 2.00718 1.97387 1.94222 1.91247 1.88481 1.85937 1.83622 1.81539 1.79685 1.78052 1.76631 1.75407 1.74366 1.73491 1.72763 1.72167 1.71684 1.71299 1.70998 1.70767 1.70595 1.70471 1.70389 1.7034 1.7032 
1.69638 1.6967 1.69729 1.69818 1.69941 1.70104 1.70317 1.7059 1.70935 1.71369 1.71908 1.72571 1.73376 1.74344 1.75494 1.76845 1.78412 1.8021 1.82247 1.84529 1.87053 1.89815 1.928 1.95991 1.99362 2.02883 2.06522 2.1024 2.13999 2.17758 2.21478 2.25123 2.28657 2.3205 2.35276 2.38313 2.41145 2.4376 2.46152 2.48319 2.50261 2.51984 2.53494 2.54799 2.55908 2.5683 2.57573 2.58147 2.58556 2.58805 2.58897 2.58832 2.58608 2.58221 2.57665 2.56931 2.5601 2.54893 2.5357 2.5203 2.50265 2.48269 2.46039 2.43574 2.4088 2.37967 2.34848 2.31544 2.2808 2.24486 2.20796 2.17048 2.13281 2.09534 2.05848 2.0226 1.98806 1.95516 1.92416 1.89527 1.86864 1.84437 1.82248 1.80295 1.78573 1.77071 1.75776 1.74672 1.73742 1.72968 1.72331 1.71815 1.71403 1.7108 1.70831 1.70644 1.7051 1.70419 1.70364 1.70341 
1.69657 1.69689 1.69751 1.69844 1.69974 1.70148 1.70373 1.70663 1.71031 1.71492 1.72064 1.72767 1.7362 1.74643 1.75857 1.7728 1.78929 1.80816 1.82951 1.85336 1.8797 1.90845 1.93945 1.97251 2.00736 2.04367 2.08109 2.11923 2.15767 2.19601 2.23385 2.27079 2.3065 2.34068 2.37305 2.40342 2.43164 2.4576 2.48126 2.50261 2.52169 2.53854 2.55325 2.56593 2.57667 2.58557 2.59275 2.59827 2.60222 2.60464 2.60555 2.60497 2.60286 2.59919 2.59389 2.58688 2.57804 2.56726 2.55444 2.53946 2.52221 2.50262 2.48064 2.45624 2.42946 2.40037 2.36912 2.33589 2.30093 2.26454 2.22706 2.18886 2.15035 2.11196 2.07408 2.03711 2.00144 1.96739 1.93523 1.9052 1.87747 1.85213 1.82925 1.8088 1.79073 1.77495 1.76131 1.74967 1.73984 1.73165 1.72491 1.71943 1.71504 1.71159 1.70893 1.70692 1.70547 1.70448 1.70388 1.70362 
1.69675 1.69708 1.69772 1.6987 1.70007 1.70189 1.70428 1.70734 1.71123 1.7161 1.72214 1.72954 1.73852 1.74928 1.76202 1.77694 1.79419 1.81389 1.83614 1.86095 1.8883 1.91809 1.95015 1.98427 2.02014 2.05744 2.09578 2.13476 2.17395 2.21293 2.25128 2.28863 2.32462 2.35895 2.39137 2.42168 2.44974 2.47547 2.49884 2.51984 2.53854 2.555 2.56932 2.58161 2.592 2.60059 2.6075 2.61282 2.61662 2.61896 2.61986 2.61934 2.61737 2.6139 2.60887 2.60217 2.59369 2.58332 2.57092 2.55637 2.53954 2.52034 2.49871 2.4746 2.44803 2.41906 2.38781 2.35448 2.31928 2.28253 2.24456 2.20576 2.16653 2.12731 2.08853 2.05059 2.0139 1.9788 1.94558 1.91451 1.88575 1.85944 1.83563 1.81432 1.79546 1.77896 1.76468 1.75247 1.74215 1.73354 1.72643 1.72065 1.71601 1.71235 1.70952 1.70739 1.70584 1.70477 1.70412 1.70382 
1.69692 1.69726 1.69792 1.69894 1.70037 1.70229 1.7048 1.70802 1.7121 1.71722 1.72355 1.73131 1.74071 1.75195 1.76525 1.7808 1.79875 1.81922 1.84229 1.86798 1.89625 1.92698 1.96 1.99505 2.03184 2.07001 2.10916 2.14887 2.1887 2.22822 2.26701 2.30467 2.34087 2.37529 2.4077 2.4379 2.46577 2.49125 2.51429 2.53494 2.55325 2.56932 2.58325 2.59517 2.60521 2.6135 2.62015 2.62526 2.62892 2.63118 2.63208 2.63162 2.62977 2.6265 2.62171 2.61532 2.6072 2.59722 2.58524 2.57111 2.5547 2.53591 2.51464 2.49084 2.46451 2.4357 2.40452 2.37113 2.33578 2.29875 2.26038 2.22107 2.18123 2.1413 2.10172 2.06292 2.02532 1.98928 1.95511 1.92309 1.89341 1.8662 1.84155 1.81945 1.79986 1.7827 1.76783 1.7551 1.74432 1.7353 1.72786 1.7218 1.71692 1.71307 1.71009 1.70783 1.70618 1.70504 1.70434 1.70401 
1.69709 1.69743 1.69811 1.69917 1.70066 1.70267 1.70528 1.70865 1.71291 1.71825 1.72485 1.73294 1.74272 1.75441 1.76822 1.78433 1.80291 1.82408 1.84789 1.87437 1.90346 1.93503 1.96889 2.00477 2.04237 2.0813 2.12115 2.16149 2.20186 2.24183 2.28096 2.31887 2.35521 2.38967 2.42203 2.4521 2.47976 2.50496 2.52769 2.54799 2.56593 2.58161 2.59517 2.60674 2.61645 2.62445 2.63085 2.63578 2.6393 2.64149 2.64237 2.64197 2.64024 2.63715 2.6326 2.62649 2.61871 2.60909 2.59751 2.58378 2.56779 2.54939 2.52848 2.50499 2.47892 2.4503 2.41921 2.38583 2.35037 2.31313 2.27445 2.23472 2.19436 2.15382 2.11355 2.07401 2.03561 1.99874 1.96373 1.93086 1.90035 1.87235 1.84693 1.82412 1.80388 1.78612 1.77071 1.7575 1.74631 1.73693 1.72918 1.72285 1.71777 1.71374 1.71061 1.70824 1.7065 1.7053 1.70455 1.70419 
1.69724 1.69758 1.69828 1.69938 1.70093 1.70301 1.70572 1.70922 1.71364 1.71918 1.72603 1.73441 1.74453 1.75661 1.77087 1.78749 1.80663 1.82841 1.85288 1.88005 1.90985 1.94215 1.97674 2.01335 2.05164 2.09122 2.13166 2.17253 2.21336 2.25369 2.2931 2.3312 2.36763 2.4021 2.43438 2.4643 2.49175 2.51669 2.53911 2.55908 2.57667 2.592 2.60521 2.61645 2.62587 2.6336 2.63978 2.64453 2.64793 2.65005 2.65092 2.65056 2.64895 2.64601 2.64168 2.63584 2.62836 2.61908 2.60786 2.59451 2.57889 2.56086 2.5403 2.51712 2.4913 2.46287 2.4319 2.39855 2.36304 2.32564 2.28671 2.24664 2.20584 2.16479 2.12394 2.08376 2.04467 2.00709 1.97135 1.93775 1.90652 1.87781 1.85172 1.82829 1.80746 1.78917 1.77329 1.75966 1.74809 1.7384 1.73037 1.72381 1.71853 1.71434 1.71108 1.70861 1.70679 1.70553 1.70474 1.70435 
1.69737 1.69772 1.69844 1.69957 1.70116 1.70331 1.70611 1.70972 1.71429 1.72 1.72707 1.7357 1.74611 1.75854 1.77319 1.79024 1.80987 1.83216 1.85719 1.88495 1.91537 1.94829 1.9835 2.02071 2.05957 2.0997 2.14064 2.18194 2.22313 2.26376 2.30339 2.34162 2.37811 2.41257 2.44477 2.47454 2.50179 2.52649 2.54863 2.5683 2.58557 2.60059 2.6135 2.62445 2.6336 2.6411 2.64708 2.65167 2.65497 2.65703 2.65789 2.65758 2.65605 2.65326 2.64911 2.6435 2.63629 2.62731 2.61641 2.6034 2.58812 2.57042 2.55016 2.52727 2.50169 2.47344 2.44259 2.40929 2.37375 2.33625 2.29712 2.25677 2.21563 2.17416 2.13283 2.09211 2.05245 2.01426 1.9779 1.94368 1.91183 1.88253 1.85587 1.8319 1.81057 1.79183 1.77554 1.76154 1.74965 1.73968 1.73141 1.72465 1.7192 1.71487 1.7115 1.70894 1.70705 1.70573 1.7049 1.7045 
1.69749 1.69784 1.69857 1.69973 1.70136 1.70357 1.70645 1.71015 1.71484 1.7207 1.72794 1.73678 1.74745 1.76016 1.77513 1.79255 1.81257 1.8353 1.86079 1.88903 1.91994 1.95337 1.98908 2.02679 2.06612 2.10668 2.14802 2.18967 2.23116 2.27201 2.31181 2.35014 2.38667 2.4211 2.45321 2.48286 2.50994 2.53442 2.55633 2.57573 2.59275 2.6075 2.62015 2.63085 2.63978 2.64708 2.6529 2.65737 2.66057 2.66258 2.66344 2.66315 2.6617 2.65903 2.65504 2.64963 2.64264 2.63391 2.62328 2.61055 2.59556 2.57814 2.55815 2.5355 2.51013 2.48204 2.4513 2.41805 2.3825 2.34492 2.30565 2.26509 2.22367 2.18186 2.14014 2.09899 2.05886 2.02018 1.98332 1.94859 1.91624 1.88645 1.85932 1.83491 1.81317 1.79405 1.77742 1.76312 1.75096 1.74075 1.73229 1.72536 1.71977 1.71532 1.71186 1.70922 1.70727 1.70591 1.70505 1.70462 
1.69759 1.69794 1.69868 1.69986 1.70153 1.70378 1.70672 1.7105 1.71528 1.72126 1.72865 1.73765 1.74851 1.76145 1.77667 1.79437 1.8147 1.83777 1.86362 1.89224 1.92353 1.95735 1.99345 2.03154 2.07123 2.11213 2.15377 2.19568 2.23739 2.27842 2.31834 2.35675 2.3933 2.4277 2.45975 2.48929 2.51623 2.54054 2.56226 2.58147 2.59827 2.61282 2.62526 2.63578 2.64453 2.65167 2.65737 2.66172 2.66485 2.66682 2.66768 2.66742 2.66603 2.66345 2.65959 2.65433 2.64752 2.63899 2.62857 2.61607 2.6013 2.5841 2.56432 2.54186 2.51665 2.48869 2.45805 2.42485 2.38929 2.35165 2.31228 2.27155 2.22992 2.18786 2.14584 2.10436 2.06388 2.02482 1.98757 1.95244 1.9197 1.88953 1.86204 1.83728 1.81523 1.79581 1.77891 1.76437 1.75201 1.74162 1.73299 1.72593 1.72022 1.71569 1.71215 1.70944 1.70745 1.70606 1.70517 1.70473 
1.69766 1.69801 1.69877 1.69996 1.70165 1.70394 1.70692 1.71076 1.71562 1.72168 1.72916 1.73829 1.74929 1.76239 1.77779 1.7957 1.81625 1.83955 1.86565 1.89454 1.92611 1.9602 1.99658 2.03492 2.07487 2.116 2.15786 2.19996 2.24182 2.28297 2.32297 2.36143 2.398 2.4324 2.4644 2.49386 2.5207 2.5449 2.56649 2.58556 2.60222 2.61662 2.62892 2.6393 2.64793 2.65497 2.66057 2.66485 2.66793 2.66988 2.67072 2.67049 2.66915 2.66663 2.66286 2.6577 2.65102 2.64263 2.63236 2.62001 2.60541 2.58836 2.56873 2.5464 2.5213 2.49343 2.46285 2.42968 2.39411 2.35644 2.31698 2.27614 2.23436 2.19212 2.14989 2.10818 2.06745 2.02812 1.9906 1.9552 1.92218 1.89175 1.864 1.83899 1.81671 1.79709 1.78 1.76529 1.75277 1.74225 1.73351 1.72635 1.72056 1.71596 1.71236 1.70962 1.70759 1.70617 1.70526 1.70481 
1.69771 1.69807 1.69883 1.70003 1.70174 1.70404 1.70706 1.71093 1.71583 1.72195 1.72949 1.73869 1.74978 1.76297 1.77848 1.79651 1.81719 1.84063 1.86688 1.89591 1.92764 1.96189 1.99842 2.03692 2.07702 2.11828 2.16026 2.20247 2.24442 2.28565 2.32571 2.36421 2.40079 2.43519 2.46717 2.4966 2.5234 2.54754 2.56906 2.58805 2.60464 2.61896 2.63118 2.64149 2.65005 2.65703 2.66258 2.66682 2.66988 2.6718 2.67265 2.67243 2.67111 2.66864 2.66491 2.65982 2.6532 2.64489 2.63471 2.62245 2.60792 2.59096 2.5714 2.54914 2.5241 2.49627 2.46571 2.43255 2.39697 2.35926 2.31975 2.27884 2.23697 2.19462 2.15227 2.11043 2.06954 2.03007 1.99239 1.95683 1.92366 1.89307 1.86517 1.84002 1.81761 1.79786 1.78066 1.76585 1.75324 1.74264 1.73384 1.72662 1.72078 1.71613 1.7125 1.70973 1.70768 1.70624 1.70532 1.70486 
