4.92669 4.92687 4.92712 4.92743 4.92781 4.92826 4.92877 4.92935 4.93 4.93072 4.93151 4.93238 4.93332 4.93434 4.93544 4.93662 4.93788 4.93922 4.94065 4.94215 4.94373 4.94539 4.94712 4.94893 4.95079 4.95272 4.9547 4.95672 4.95878 4.96087 4.96298 4.96509 4.9672 4.9693 4.97136 4.97339 4.97536 4.97727 4.97909 4.98083 4.98247 4.98398 4.98538 4.98664 4.98775 4.98871 4.98951 4.99014 4.99061 4.9909 4.99101 4.99095 4.99071 4.99029 4.98971 4.98896 4.98805 4.98699 4.98579 4.98445 4.98299 4.98141 4.97973 4.97797 4.97613 4.97422 4.97226 4.97027 4.96825 4.96622 4.96418 4.96216 4.96016 4.95819 4.95627 4.95439 4.95258 4.95083 4.94915 4.94755 4.94603 4.9446 4.94325 4.942 4.94083 4.93976 4.93878 4.93789 4.93709 4.93638 4.93575 4.93521 4.93475 4.93437 4.93406 4.93384 4.93368 4.9336 4.93358 4.93363 
4.92687 4.92705 4.9273 4.92762 4.928 4.92845 4.92896 4.92955 4.9302 4.93092 4.93172 4.93259 4.93354 4.93457 4.93568 4.93687 4.93814 4.93949 4.94092 4.94244 4.94403 4.94571 4.94745 4.94927 4.95115 4.9531 4.95509 4.95714 4.95921 4.96132 4.96345 4.96558 4.96771 4.96983 4.97191 4.97396 4.97595 4.97787 4.97972 4.98147 4.98312 4.98465 4.98606 4.98733 4.98845 4.98942 4.99023 4.99087 4.99133 4.99163 4.99174 4.99168 4.99143 4.99102 4.99043 4.98967 4.98875 4.98768 4.98647 4.98511 4.98364 4.98205 4.98035 4.97857 4.97671 4.97479 4.97281 4.9708 4.96876 4.96671 4.96465 4.96261 4.96059 4.95861 4.95666 4.95477 4.95294 4.95117 4.94948 4.94787 4.94633 4.94489 4.94353 4.94226 4.94109 4.94001 4.93902 4.93812 4.93731 4.93659 4.93596 4.93541 4.93495 4.93457 4.93426 4.93403 4.93387 4.93378 4.93377 4.93382 
4.92712 4.9273 4.92756 4.92788 4.92826 4.92872 4.92924 4.92983 4.9305 4.93124 4.93205 4.93294 4.93391 4.93496 4.9361 4.93731 4.93861 4.94 4.94146 4.94302 4.94465 4.94636 4.94815 4.95001 4.95194 4.95393 4.95598 4.95807 4.9602 4.96236 4.96453 4.96672 4.9689 4.97106 4.9732 4.97529 4.97733 4.9793 4.98119 4.98298 4.98467 4.98624 4.98768 4.98897 4.99012 4.99111 4.99194 4.99259 4.99307 4.99337 4.99348 4.99342 4.99317 4.99274 4.99213 4.99136 4.99042 4.98932 4.98808 4.98669 4.98518 4.98355 4.98182 4.97999 4.97808 4.97611 4.97409 4.97203 4.96994 4.96783 4.96573 4.96364 4.96157 4.95954 4.95755 4.95561 4.95373 4.95192 4.95018 4.94852 4.94695 4.94547 4.94408 4.94278 4.94157 4.94046 4.93944 4.93852 4.93769 4.93695 4.9363 4.93574 4.93526 4.93486 4.93454 4.9343 4.93413 4.93404 4.93402 4.93407 
4.92743 4.92762 4.92788 4.9282 4.9286 4.92907 4.9296 4.93022 4.9309 4.93167 4.93251 4.93343 4.93444 4.93553 4.9367 4.93797 4.93931 4.94075 4.94228 4.94389 4.94559 4.94736 4.94922 4.95116 4.95316 4.95523 4.95735 4.95952 4.96174 4.96398 4.96624 4.96851 4.97077 4.97301 4.97523 4.9774 4.97951 4.98155 4.98351 4.98537 4.98712 4.98875 4.99024 4.99158 4.99277 4.9938 4.99465 4.99533 4.99582 4.99613 4.99624 4.99617 4.99591 4.99547 4.99484 4.99403 4.99306 4.99192 4.99062 4.98919 4.98762 4.98592 4.98412 4.98223 4.98025 4.9782 4.9761 4.97396 4.97179 4.96961 4.96742 4.96525 4.9631 4.96098 4.95891 4.95689 4.95494 4.95306 4.95125 4.94953 4.94789 4.94634 4.94489 4.94354 4.94228 4.94112 4.94006 4.93909 4.93822 4.93745 4.93676 4.93617 4.93567 4.93525 4.93491 4.93465 4.93447 4.93437 4.93434 4.93439 
4.92781 4.928 4.92826 4.9286 4.92901 4.92949 4.93006 4.93069 4.93141 4.93221 4.9331 4.93406 4.93512 4.93626 4.9375 4.93883 4.94024 4.94176 4.94336 4.94506 4.94684 4.94871 4.95067 4.9527 4.95481 4.95699 4.95922 4.96151 4.96383 4.96619 4.96856 4.97094 4.97332 4.97568 4.978 4.98028 4.9825 4.98464 4.98669 4.98864 4.99048 4.99218 4.99374 4.99515 4.9964 4.99747 4.99836 4.99907 4.99958 4.9999 5.00002 4.99994 4.99967 4.9992 4.99854 4.99769 4.99666 4.99547 4.99411 4.9926 4.99095 4.98917 4.98728 4.98529 4.98321 4.98106 4.97885 4.9766 4.97432 4.97202 4.96972 4.96744 4.96517 4.96295 4.96077 4.95864 4.95658 4.9546 4.95269 4.95087 4.94914 4.94751 4.94598 4.94454 4.94321 4.94198 4.94086 4.93983 4.93891 4.93809 4.93736 4.93672 4.93618 4.93573 4.93537 4.93509 4.93489 4.93477 4.93473 4.93477 
4.92826 4.92845 4.92872 4.92907 4.92949 4.93 4.93059 4.93127 4.93203 4.93287 4.93381 4.93484 4.93596 4.93717 4.93848 4.93989 4.9414 4.94301 4.94472 4.94652 4.94842 4.95042 4.9525 4.95466 4.9569 4.95921 4.96159 4.96402 4.96649 4.96899 4.97151 4.97404 4.97656 4.97906 4.98153 4.98394 4.98629 4.98856 4.99074 4.9928 4.99474 4.99654 4.99819 4.99968 5.001 5.00213 5.00308 5.00382 5.00436 5.0047 5.00482 5.00474 5.00444 5.00394 5.00324 5.00234 5.00125 4.99998 4.99853 4.99693 4.99518 4.9933 4.99129 4.98918 4.98697 4.98469 4.98234 4.97995 4.97752 4.97508 4.97264 4.97021 4.9678 4.96543 4.96311 4.96085 4.95866 4.95654 4.95451 4.95257 4.95072 4.94898 4.94734 4.9458 4.94438 4.94306 4.94185 4.94075 4.93976 4.93887 4.93808 4.93739 4.93681 4.93631 4.93591 4.9356 4.93538 4.93524 4.93519 4.93522 
4.92877 4.92896 4.92924 4.9296 4.93006 4.93059 4.93122 4.93194 4.93275 4.93365 4.93465 4.93575 4.93695 4.93825 4.93966 4.94118 4.9428 4.94452 4.94635 4.94829 4.95033 4.95247 4.9547 4.95703 4.95943 4.96191 4.96446 4.96706 4.96971 4.97239 4.97509 4.97779 4.98049 4.98317 4.9858 4.98839 4.9909 4.99332 4.99564 4.99785 4.99992 5.00184 5.0036 5.00519 5.00659 5.00779 5.0088 5.00959 5.01016 5.01051 5.01064 5.01055 5.01023 5.00969 5.00894 5.00797 5.00681 5.00545 5.00391 5.00219 5.00032 4.9983 4.99615 4.99389 4.99153 4.98909 4.98657 4.98401 4.98141 4.9788 4.97618 4.97357 4.97099 4.96845 4.96595 4.96352 4.96116 4.95889 4.9567 4.95461 4.95262 4.95074 4.94897 4.94731 4.94577 4.94435 4.94304 4.94184 4.94076 4.93979 4.93893 4.93818 4.93754 4.93699 4.93655 4.9362 4.93595 4.93579 4.93572 4.93574 
4.92935 4.92955 4.92983 4.93022 4.93069 4.93127 4.93194 4.93271 4.93357 4.93455 4.93562 4.93681 4.93811 4.93951 4.94104 4.94267 4.94442 4.94629 4.94827 4.95037 4.95257 4.95489 4.9573 4.95981 4.96241 4.96508 4.96783 4.97064 4.9735 4.97639 4.9793 4.98221 4.98512 4.988 4.99084 4.99362 4.99632 4.99892 5.00142 5.00378 5.006 5.00807 5.00996 5.01166 5.01316 5.01445 5.01552 5.01637 5.01698 5.01736 5.01749 5.01739 5.01704 5.01646 5.01564 5.01461 5.01335 5.01188 5.01022 5.00838 5.00636 5.00419 5.00188 4.99944 4.9969 4.99426 4.99155 4.98879 4.98599 4.98317 4.98034 4.97753 4.97474 4.97199 4.96929 4.96667 4.96411 4.96165 4.95928 4.95701 4.95485 4.95281 4.95088 4.94908 4.9474 4.94585 4.94442 4.94311 4.94193 4.94086 4.93992 4.93909 4.93838 4.93777 4.93728 4.93689 4.9366 4.93641 4.93632 4.93632 
4.93 4.9302 4.9305 4.9309 4.93141 4.93203 4.93275 4.93357 4.93451 4.93557 4.93673 4.93802 4.93943 4.94096 4.94261 4.94439 4.94629 4.94832 4.95048 4.95275 4.95515 4.95766 4.96029 4.96301 4.96583 4.96874 4.97172 4.97477 4.97786 4.98099 4.98415 4.9873 4.99045 4.99357 4.99663 4.99964 5.00255 5.00537 5.00806 5.01061 5.01301 5.01523 5.01727 5.0191 5.02072 5.02211 5.02326 5.02417 5.02482 5.02522 5.02536 5.02525 5.02487 5.02424 5.02335 5.02223 5.02087 5.01928 5.01749 5.01549 5.01331 5.01096 5.00846 5.00582 5.00307 5.00022 4.99729 4.99429 4.99126 4.9882 4.98513 4.98208 4.97905 4.97607 4.97314 4.97028 4.9675 4.96482 4.96224 4.95977 4.95741 4.95518 4.95308 4.95111 4.94927 4.94756 4.94599 4.94456 4.94326 4.94208 4.94104 4.94012 4.93933 4.93865 4.9381 4.93765 4.93732 4.9371 4.93699 4.93698 
4.93072 4.93092 4.93124 4.93167 4.93221 4.93287 4.93365 4.93455 4.93557 4.93671 4.93798 4.93938 4.94091 4.94258 4.94438 4.94632 4.9484 4.95062 4.95297 4.95545 4.95807 4.96081 4.96367 4.96664 4.96971 4.97288 4.97612 4.97944 4.98281 4.98621 4.98964 4.99307 4.99648 4.99986 5.00319 5.00645 5.00961 5.01266 5.01557 5.01833 5.02093 5.02333 5.02553 5.02751 5.02926 5.03076 5.032 5.03298 5.03368 5.03411 5.03426 5.03413 5.03371 5.03303 5.03207 5.03084 5.02937 5.02765 5.0257 5.02353 5.02117 5.01862 5.0159 5.01304 5.01005 5.00695 5.00377 5.00052 4.99722 4.99389 4.99056 4.98723 4.98394 4.98068 4.97749 4.97437 4.97134 4.96841 4.96559 4.96289 4.96031 4.95787 4.95556 4.9534 4.95138 4.9495 4.94777 4.94619 4.94475 4.94345 4.9423 4.94128 4.94039 4.93964 4.93901 4.93851 4.93813 4.93787 4.93773 4.93771 
4.93151 4.93172 4.93205 4.93251 4.9331 4.93381 4.93465 4.93562 4.93673 4.93798 4.93937 4.9409 4.94257 4.94439 4.94637 4.94849 4.95076 4.95319 4.95576 4.95847 4.96133 4.96433 4.96745 4.9707 4.97405 4.97751 4.98105 4.98466 4.98833 4.99204 4.99577 4.9995 5.00322 5.0069 5.01051 5.01405 5.01748 5.02079 5.02395 5.02695 5.02976 5.03236 5.03475 5.03689 5.03878 5.0404 5.04174 5.0428 5.04356 5.04402 5.04417 5.04402 5.04357 5.04282 5.04178 5.04045 5.03884 5.03697 5.03485 5.0325 5.02993 5.02715 5.0242 5.02109 5.01784 5.01447 5.011 5.00746 5.00387 5.00025 4.99661 4.99299 4.98939 4.98584 4.98235 4.97894 4.97563 4.97242 4.96933 4.96637 4.96355 4.96087 4.95833 4.95595 4.95373 4.95166 4.94976 4.94801 4.94642 4.94498 4.94369 4.94256 4.94157 4.94073 4.94002 4.93946 4.93902 4.93872 4.93855 4.93851 
4.93238 4.93259 4.93294 4.93343 4.93406 4.93484 4.93575 4.93681 4.93802 4.93938 4.9409 4.94257 4.9444 4.9464 4.94856 4.95088 4.95337 4.95603 4.95884 4.96182 4.96495 4.96822 4.97164 4.97519 4.97885 4.98263 4.98649 4.99044 4.99444 4.99848 5.00255 5.00662 5.01066 5.01466 5.0186 5.02244 5.02617 5.02976 5.0332 5.03645 5.0395 5.04232 5.04491 5.04723 5.04927 5.05103 5.05248 5.05362 5.05444 5.05493 5.0551 5.05493 5.05443 5.05361 5.05248 5.05103 5.04928 5.04725 5.04494 5.04238 5.03958 5.03657 5.03336 5.02997 5.02643 5.02276 5.01899 5.01513 5.01122 5.00727 5.0033 4.99934 4.99542 4.99154 4.98772 4.984 4.98037 4.97686 4.97347 4.97023 4.96712 4.96418 4.9614 4.95878 4.95633 4.95405 4.95195 4.95001 4.94825 4.94666 4.94523 4.94397 4.94287 4.94192 4.94113 4.94049 4.94 4.93965 4.93945 4.93938 
4.93332 4.93354 4.93391 4.93444 4.93512 4.93596 4.93695 4.93811 4.93943 4.94091 4.94257 4.9444 4.94641 4.9486 4.95096 4.95351 4.95624 4.95914 4.96223 4.96549 4.96891 4.97249 4.97623 4.98011 4.98412 4.98824 4.99246 4.99676 5.00113 5.00554 5.00997 5.0144 5.0188 5.02316 5.02744 5.03162 5.03567 5.03957 5.0433 5.04683 5.05014 5.0532 5.056 5.05852 5.06073 5.06263 5.0642 5.06543 5.06631 5.06684 5.06702 5.06683 5.06629 5.06539 5.06415 5.06258 5.06068 5.05847 5.05596 5.05318 5.05014 5.04686 5.04336 5.03968 5.03583 5.03183 5.02772 5.02352 5.01925 5.01494 5.01062 5.0063 5.00201 4.99777 4.99361 4.98953 4.98556 4.98172 4.97801 4.97445 4.97105 4.96781 4.96475 4.96187 4.95918 4.95667 4.95434 4.95221 4.95026 4.9485 4.94691 4.94551 4.94429 4.94323 4.94235 4.94162 4.94107 4.94067 4.94043 4.94034 
4.93434 4.93457 4.93496 4.93553 4.93626 4.93717 4.93825 4.93951 4.94096 4.94258 4.94439 4.9464 4.9486 4.95099 4.95358 4.95637 4.95936 4.96254 4.96592 4.96948 4.97323 4.97715 4.98123 4.98547 4.98984 4.99434 4.99895 5.00364 5.0084 5.01321 5.01803 5.02285 5.02764 5.03238 5.03703 5.04157 5.04597 5.05021 5.05425 5.05808 5.06167 5.06499 5.06802 5.07074 5.07314 5.07519 5.07689 5.07822 5.07917 5.07974 5.07992 5.07971 5.07912 5.07815 5.0768 5.07508 5.07302 5.07062 5.06789 5.06487 5.06156 5.058 5.0542 5.0502 5.04601 5.04167 5.03719 5.03262 5.02797 5.02328 5.01856 5.01386 5.00918 5.00455 5 4.99555 4.99121 4.987 4.98294 4.97904 4.97531 4.97176 4.9684 4.96524 4.96227 4.95951 4.95695 4.9546 4.95244 4.95049 4.94874 4.94719 4.94582 4.94465 4.94366 4.94285 4.94222 4.94176 4.94148 4.94137 
4.93544 4.93568 4.9361 4.9367 4.9375 4.93848 4.93966 4.94104 4.94261 4.94438 4.94637 4.94856 4.95096 4.95358 4.95642 4.95947 4.96273 4.96621 4.96991 4.9738 4.97789 4.98218 4.98664 4.99126 4.99603 5.00094 5.00596 5.01107 5.01625 5.02148 5.02673 5.03197 5.03717 5.04231 5.04736 5.05229 5.05706 5.06165 5.06604 5.07018 5.07406 5.07766 5.08093 5.08388 5.08647 5.08869 5.09052 5.09195 5.09298 5.09359 5.09378 5.09355 5.0929 5.09185 5.09038 5.08852 5.08628 5.08368 5.08072 5.07744 5.07385 5.06999 5.06587 5.06152 5.05697 5.05225 5.04739 5.04242 5.03737 5.03226 5.02713 5.022 5.0169 5.01186 5.0069 5.00204 4.9973 4.99271 4.98827 4.984 4.97992 4.97603 4.97235 4.96888 4.96562 4.96258 4.95977 4.95718 4.9548 4.95265 4.95072 4.94899 4.94748 4.94618 4.94507 4.94417 4.94346 4.94295 4.94262 4.94248 
4.93662 4.93687 4.93731 4.93797 4.93883 4.93989 4.94118 4.94267 4.94439 4.94632 4.94849 4.95088 4.95351 4.95637 4.95947 4.9628 4.96637 4.97017 4.9742 4.97845 4.98291 4.98758 4.99244 4.99748 5.00268 5.00802 5.01348 5.01904 5.02467 5.03034 5.03604 5.04173 5.04737 5.05295 5.05842 5.06375 5.06892 5.07389 5.07863 5.08311 5.08731 5.09119 5.09473 5.09791 5.1007 5.1031 5.10507 5.10661 5.10772 5.10837 5.10857 5.10832 5.10762 5.10647 5.10488 5.10287 5.10044 5.09762 5.09442 5.09087 5.08699 5.0828 5.07833 5.07362 5.06869 5.06358 5.0583 5.05291 5.04742 5.04188 5.0363 5.03073 5.02519 5.0197 5.0143 5.00901 5.00384 4.99883 4.99398 4.98932 4.98486 4.98062 4.97659 4.97278 4.96922 4.96589 4.9628 4.95995 4.95734 4.95497 4.95283 4.95093 4.94926 4.94782 4.94659 4.94559 4.94479 4.94421 4.94384 4.94367 
4.93788 4.93814 4.93861 4.93931 4.94024 4.9414 4.9428 4.94442 4.94629 4.9484 4.95076 4.95337 4.95624 4.95936 4.96273 4.96637 4.97026 4.9744 4.97879 4.98342 4.98828 4.99336 4.99865 5.00412 5.00977 5.01557 5.0215 5.02753 5.03364 5.03979 5.04596 5.05212 5.05823 5.06426 5.07018 5.07594 5.08153 5.0869 5.09201 5.09685 5.10137 5.10556 5.10937 5.1128 5.11581 5.11838 5.12051 5.12217 5.12335 5.12405 5.12426 5.12399 5.12322 5.12198 5.12026 5.11809 5.11547 5.11242 5.10896 5.10512 5.10093 5.0964 5.09158 5.08648 5.08115 5.07561 5.06991 5.06407 5.05812 5.05211 5.04607 5.04003 5.03401 5.02805 5.02219 5.01643 5.01082 5.00536 5.00009 4.99501 4.99015 4.98551 4.98111 4.97696 4.97306 4.96942 4.96603 4.96291 4.96005 4.95745 4.9551 4.95301 4.95117 4.94957 4.94822 4.9471 4.94622 4.94557 4.94515 4.94495 
4.93922 4.93949 4.94 4.94075 4.94176 4.94301 4.94452 4.94629 4.94832 4.95062 4.95319 4.95603 4.95914 4.96254 4.96621 4.97017 4.9744 4.9789 4.98368 4.98871 4.99399 4.9995 5.00524 5.01118 5.0173 5.02359 5.03001 5.03654 5.04315 5.0498 5.05647 5.06313 5.06973 5.07624 5.08262 5.08884 5.09486 5.10064 5.10615 5.11136 5.11623 5.12073 5.12483 5.12851 5.13175 5.13451 5.13679 5.13857 5.13984 5.14059 5.14081 5.14051 5.13969 5.13834 5.13649 5.13415 5.13132 5.12804 5.12431 5.12018 5.11565 5.11077 5.10557 5.10007 5.09432 5.08834 5.08218 5.07587 5.06945 5.06295 5.05641 5.04987 5.04336 5.03691 5.03055 5.02431 5.01822 5.01229 5.00657 5.00105 4.99576 4.99072 4.98593 4.9814 4.97715 4.97317 4.96948 4.96606 4.96293 4.96008 4.95751 4.95522 4.95319 4.95144 4.94994 4.94871 4.94773 4.94701 4.94653 4.94631 
4.94065 4.94092 4.94146 4.94228 4.94336 4.94472 4.94635 4.94827 4.95048 4.95297 4.95576 4.95884 4.96223 4.96592 4.96991 4.9742 4.97879 4.98368 4.98885 4.9943 5.00002 5.006 5.01221 5.01864 5.02526 5.03205 5.03899 5.04604 5.05317 5.06036 5.06755 5.07472 5.08183 5.08884 5.09571 5.1024 5.10887 5.11509 5.12101 5.1266 5.13183 5.13666 5.14106 5.14501 5.14848 5.15144 5.15388 5.15579 5.15714 5.15794 5.15818 5.15785 5.15696 5.15551 5.15352 5.151 5.14796 5.14443 5.14043 5.13598 5.13112 5.12587 5.12027 5.11436 5.10816 5.10173 5.09509 5.08829 5.08137 5.07436 5.06731 5.06025 5.05322 5.04625 5.03937 5.03262 5.02603 5.01962 5.01341 5.00743 5.00169 4.99622 4.99102 4.9861 4.98147 4.97715 4.97312 4.9694 4.96599 4.96288 4.96007 4.95756 4.95534 4.95341 4.95178 4.95042 4.94934 4.94854 4.948 4.94774 
4.94215 4.94244 4.94302 4.94389 4.94506 4.94652 4.94829 4.95037 4.95275 4.95545 4.95847 4.96182 4.96549 4.96948 4.9738 4.97845 4.98342 4.98871 4.9943 5.0002 5.00638 5.01283 5.01954 5.02648 5.03362 5.04095 5.04842 5.05602 5.0637 5.07143 5.07916 5.08687 5.09451 5.10204 5.10941 5.11659 5.12353 5.1302 5.13654 5.14253 5.14813 5.1533 5.15801 5.16223 5.16594 5.16911 5.17172 5.17375 5.1752 5.17605 5.1763 5.17594 5.17498 5.17343 5.1713 5.16859 5.16534 5.16155 5.15726 5.15249 5.14728 5.14165 5.13564 5.1293 5.12265 5.11574 5.10861 5.1013 5.09386 5.08632 5.07873 5.07113 5.06356 5.05604 5.04863 5.04135 5.03424 5.02731 5.02061 5.01414 5.00794 5.00201 4.99637 4.99105 4.98603 4.98133 4.97696 4.97292 4.96921 4.96582 4.96276 4.96002 4.95761 4.9555 4.95371 4.95222 4.95104 4.95015 4.94956 4.94926 
4.94373 4.94403 4.94465 4.94559 4.94684 4.94842 4.95033 4.95257 4.95515 4.95807 4.96133 4.96495 4.96891 4.97323 4.97789 4.98291 4.98828 4.99399 5.00002 5.00638 5.01305 5.02 5.02722 5.03469 5.04237 5.05025 5.05829 5.06644 5.07469 5.08298 5.09128 5.09955 5.10773 5.11579 5.12369 5.13137 5.1388 5.14592 5.1527 5.1591 5.16508 5.1706 5.17563 5.18014 5.18409 5.18747 5.19025 5.19242 5.19395 5.19486 5.19511 5.19473 5.1937 5.19204 5.18976 5.18687 5.18339 5.17935 5.17476 5.16966 5.16408 5.15806 5.15164 5.14484 5.13773 5.13033 5.12269 5.11486 5.10688 5.09879 5.09065 5.08249 5.07435 5.06628 5.05831 5.05048 5.04282 5.03536 5.02814 5.02116 5.01447 5.00807 5.00199 4.99623 4.99081 4.98573 4.981 4.97662 4.97259 4.96892 4.96559 4.96262 4.95999 4.95769 4.95574 4.95412 4.95282 4.95185 4.95119 4.95086 
4.94539 4.94571 4.94636 4.94736 4.94871 4.95042 4.95247 4.95489 4.95766 4.96081 4.96433 4.96822 4.97249 4.97715 4.98218 4.98758 4.99336 4.9995 5.006 5.01283 5.02 5.02747 5.03523 5.04324 5.05149 5.05993 5.06855 5.07729 5.08611 5.09499 5.10387 5.1127 5.12145 5.13006 5.13849 5.14669 5.15461 5.16221 5.16944 5.17626 5.18263 5.18851 5.19386 5.19865 5.20286 5.20645 5.2094 5.21171 5.21334 5.21429 5.21457 5.21415 5.21306 5.21129 5.20885 5.20577 5.20206 5.19775 5.19286 5.18743 5.18148 5.17506 5.1682 5.16095 5.15335 5.14545 5.13729 5.12892 5.12039 5.11174 5.10302 5.09429 5.08557 5.07692 5.06837 5.05997 5.05175 5.04374 5.03598 5.02849 5.02129 5.0144 5.00785 5.00164 4.99579 4.99031 4.98521 4.98048 4.97612 4.97215 4.96855 4.96533 4.96248 4.95999 4.95787 4.9561 4.95469 4.95362 4.95291 4.95253 
4.94712 4.94745 4.94815 4.94922 4.95067 4.9525 4.9547 4.9573 4.96029 4.96367 4.96745 4.97164 4.97623 4.98123 4.98664 4.99244 4.99865 5.00524 5.01221 5.01954 5.02722 5.03523 5.04353 5.05211 5.06094 5.06997 5.07917 5.08851 5.09794 5.10741 5.11688 5.1263 5.13562 5.1448 5.15377 5.1625 5.17092 5.179 5.18669 5.19394 5.2007 5.20694 5.21262 5.21771 5.22217 5.22598 5.22911 5.23155 5.23328 5.23429 5.23458 5.23413 5.23297 5.23109 5.2285 5.22522 5.22128 5.2167 5.2115 5.20572 5.1994 5.19257 5.18527 5.17756 5.16947 5.16105 5.15236 5.14344 5.13434 5.12512 5.11582 5.10649 5.09718 5.08793 5.07879 5.06981 5.06101 5.05243 5.04411 5.03608 5.02836 5.02097 5.01393 5.00726 5.00098 4.99508 4.98959 4.98449 4.9798 4.97552 4.97164 4.96816 4.96507 4.96238 4.96008 4.95817 4.95664 4.95548 4.95469 4.95428 
4.94893 4.94927 4.95001 4.95116 4.9527 4.95466 4.95703 4.95981 4.96301 4.96664 4.9707 4.97519 4.98011 4.98547 4.99126 4.99748 5.00412 5.01118 5.01864 5.02648 5.03469 5.04324 5.05211 5.06127 5.07069 5.08032 5.09013 5.10008 5.11011 5.12019 5.13027 5.14029 5.15019 5.15994 5.16947 5.17873 5.18767 5.19624 5.20439 5.21206 5.21923 5.22584 5.23185 5.23724 5.24196 5.24599 5.2493 5.25188 5.25371 5.25477 5.25507 5.2546 5.25336 5.25136 5.24862 5.24515 5.24097 5.23612 5.23061 5.22448 5.21778 5.21053 5.20279 5.19461 5.18602 5.17708 5.16784 5.15836 5.14869 5.13888 5.12898 5.11904 5.10913 5.09927 5.08953 5.07995 5.07055 5.0614 5.05251 5.04392 5.03566 5.02776 5.02022 5.01308 5.00634 5.00002 4.99412 4.98865 4.98361 4.97901 4.97483 4.97109 4.96777 4.96487 4.96239 4.96032 4.95866 4.95741 4.95655 4.9561 
4.95079 4.95115 4.95194 4.95316 4.95481 4.9569 4.95943 4.96241 4.96583 4.96971 4.97405 4.97885 4.98412 4.98984 4.99603 5.00268 5.00977 5.0173 5.02526 5.03362 5.04237 5.05149 5.06094 5.07069 5.0807 5.09095 5.10137 5.11194 5.1226 5.1333 5.14399 5.15461 5.16511 5.17543 5.18552 5.19532 5.20478 5.21384 5.22246 5.23057 5.23814 5.24512 5.25148 5.25716 5.26214 5.26639 5.26988 5.2726 5.27453 5.27565 5.27596 5.27546 5.27415 5.27204 5.26914 5.26547 5.26106 5.25592 5.2501 5.24363 5.23654 5.22888 5.22069 5.21202 5.20293 5.19346 5.18368 5.17363 5.16337 5.15297 5.14246 5.13192 5.12138 5.11091 5.10055 5.09035 5.08036 5.07061 5.06114 5.05199 5.04318 5.03474 5.0267 5.01907 5.01187 5.00511 4.9988 4.99294 4.98755 4.98261 4.97813 4.97412 4.97055 4.96744 4.96477 4.96254 4.96076 4.9594 4.95848 4.95798 
4.95272 4.9531 4.95393 4.95523 4.95699 4.95921 4.96191 4.96508 4.96874 4.97288 4.97751 4.98263 4.98824 4.99434 5.00094 5.00802 5.01557 5.02359 5.03205 5.04095 5.05025 5.05993 5.06997 5.08032 5.09095 5.10181 5.11286 5.12406 5.13534 5.14667 5.15797 5.16921 5.1803 5.19121 5.20186 5.21221 5.22219 5.23175 5.24083 5.24938 5.25736 5.26471 5.2714 5.27738 5.28262 5.2871 5.29077 5.29363 5.29565 5.29683 5.29715 5.29662 5.29524 5.29302 5.28996 5.2861 5.28145 5.27604 5.2699 5.26308 5.2556 5.24752 5.23888 5.22974 5.22014 5.21014 5.19981 5.18918 5.17834 5.16733 5.15621 5.14505 5.13389 5.12279 5.11181 5.10099 5.09038 5.08003 5.06997 5.06024 5.05088 5.0419 5.03334 5.02521 5.01754 5.01033 5.0036 4.99735 4.99159 4.98632 4.98153 4.97723 4.97342 4.97008 4.96722 4.96484 4.96292 4.96146 4.96046 4.95993 
4.9547 4.95509 4.95598 4.95735 4.95922 4.96159 4.96446 4.96783 4.97172 4.97612 4.98105 4.98649 4.99246 4.99895 5.00596 5.01348 5.0215 5.03001 5.03899 5.04842 5.05829 5.06855 5.07917 5.09013 5.10137 5.11286 5.12455 5.13637 5.14829 5.16025 5.17217 5.18402 5.19572 5.20721 5.21843 5.22932 5.23982 5.24988 5.25943 5.26842 5.2768 5.28452 5.29154 5.29782 5.30333 5.30802 5.31187 5.31487 5.31699 5.31822 5.31856 5.318 5.31655 5.31421 5.311 5.30695 5.30206 5.29638 5.28993 5.28275 5.27489 5.26639 5.2573 5.24768 5.23757 5.22704 5.21615 5.20496 5.19352 5.1819 5.17017 5.15838 5.1466 5.13487 5.12326 5.11181 5.10059 5.08963 5.07897 5.06866 5.05872 5.0492 5.04011 5.03148 5.02333 5.01567 5.00851 5.00186 4.99572 4.99011 4.98501 4.98042 4.97635 4.97279 4.96974 4.96719 4.96513 4.96357 4.9625 4.96192 
4.95672 4.95714 4.95807 4.95952 4.96151 4.96402 4.96706 4.97064 4.97477 4.97944 4.98466 4.99044 4.99676 5.00364 5.01107 5.01904 5.02753 5.03654 5.04604 5.05602 5.06644 5.07729 5.08851 5.10008 5.11194 5.12406 5.13637 5.14884 5.16139 5.17397 5.18652 5.19898 5.21128 5.22335 5.23514 5.24657 5.25759 5.26814 5.27816 5.28758 5.29637 5.30446 5.31181 5.31839 5.32415 5.32906 5.3331 5.33623 5.33845 5.33974 5.34009 5.3395 5.33798 5.33553 5.33217 5.32792 5.3228 5.31684 5.31008 5.30255 5.29431 5.28539 5.27586 5.26576 5.25515 5.24409 5.23264 5.22087 5.20885 5.19663 5.18428 5.17187 5.15945 5.14709 5.13485 5.12277 5.11092 5.09935 5.08809 5.07719 5.06669 5.05661 5.047 5.03786 5.02922 5.0211 5.0135 5.00645 4.99993 4.99397 4.98855 4.98368 4.97935 4.97556 4.97231 4.96959 4.9674 4.96573 4.96459 4.96396 
4.95878 4.95921 4.9602 4.96174 4.96383 4.96649 4.96971 4.9735 4.97786 4.98281 4.98833 4.99444 5.00113 5.0084 5.01625 5.02467 5.03364 5.04315 5.05317 5.0637 5.07469 5.08611 5.09794 5.11011 5.1226 5.13534 5.14829 5.16139 5.17457 5.18778 5.20096 5.21402 5.22691 5.23957 5.25191 5.26389 5.27543 5.28646 5.29694 5.30679 5.31597 5.32443 5.33212 5.33898 5.345 5.35013 5.35434 5.35761 5.35992 5.36127 5.36163 5.36102 5.35943 5.35687 5.35335 5.34891 5.34356 5.33733 5.33027 5.3224 5.31378 5.30445 5.29447 5.2839 5.27279 5.2612 5.24921 5.23687 5.22426 5.21143 5.19847 5.18543 5.17239 5.1594 5.14652 5.13382 5.12135 5.10916 5.0973 5.08581 5.07474 5.06411 5.05395 5.0443 5.03518 5.02659 5.01856 5.0111 5.0042 4.99788 4.99214 4.98698 4.98239 4.97837 4.97492 4.97203 4.9697 4.96793 4.96671 4.96604 
4.96087 4.96132 4.96236 4.96398 4.96619 4.96899 4.97239 4.97639 4.98099 4.98621 4.99204 4.99848 5.00554 5.01321 5.02148 5.03034 5.03979 5.0498 5.06036 5.07143 5.08298 5.09499 5.10741 5.12019 5.1333 5.14667 5.16025 5.17397 5.18778 5.20162 5.2154 5.22907 5.24255 5.25578 5.26868 5.28119 5.29323 5.30475 5.31568 5.32596 5.33553 5.34435 5.35236 5.35951 5.36578 5.37112 5.3755 5.37891 5.38132 5.38272 5.38309 5.38245 5.38079 5.37813 5.37447 5.36984 5.36426 5.35777 5.3504 5.3422 5.3332 5.32347 5.31305 5.30201 5.2904 5.2783 5.26576 5.25286 5.23967 5.22625 5.21268 5.19902 5.18535 5.17173 5.15823 5.1449 5.13181 5.11901 5.10655 5.09447 5.08283 5.07164 5.06095 5.05079 5.04118 5.03213 5.02366 5.01578 5.00851 5.00184 4.99577 4.99031 4.98546 4.98121 4.97756 4.9745 4.97203 4.97015 4.96886 4.96815 
4.96298 4.96345 4.96453 4.96624 4.96856 4.97151 4.97509 4.9793 4.98415 4.98964 4.99577 5.00255 5.00997 5.01803 5.02673 5.03604 5.04596 5.05647 5.06755 5.07916 5.09128 5.10387 5.11688 5.13027 5.14399 5.15797 5.17217 5.18652 5.20096 5.2154 5.22979 5.24405 5.25812 5.27191 5.28535 5.29838 5.31093 5.32292 5.33429 5.34499 5.35495 5.36411 5.37244 5.37987 5.38639 5.39193 5.39649 5.40003 5.40253 5.40398 5.40437 5.4037 5.40198 5.3992 5.3954 5.39059 5.38479 5.37804 5.37038 5.36184 5.35249 5.34236 5.33151 5.32001 5.30792 5.29531 5.28223 5.26878 5.25501 5.24101 5.22684 5.21257 5.19828 5.18404 5.16992 5.15597 5.14226 5.12886 5.1158 5.10314 5.09092 5.07918 5.06796 5.05729 5.04719 5.03768 5.02877 5.02049 5.01283 5.00581 4.99942 4.99367 4.98855 4.98407 4.98021 4.97699 4.97438 4.9724 4.97103 4.97027 
4.96509 4.96558 4.96672 4.96851 4.97094 4.97404 4.97779 4.98221 4.9873 4.99307 4.9995 5.00662 5.0144 5.02285 5.03197 5.04173 5.05212 5.06313 5.07472 5.08687 5.09955 5.1127 5.1263 5.14029 5.15461 5.16921 5.18402 5.19898 5.21402 5.22907 5.24405 5.2589 5.27353 5.28788 5.30185 5.31539 5.32843 5.34088 5.35269 5.36379 5.37412 5.38363 5.39226 5.39997 5.40672 5.41247 5.41719 5.42086 5.42345 5.42495 5.42536 5.42466 5.42287 5.42 5.41606 5.41107 5.40506 5.39806 5.39011 5.38125 5.37154 5.36102 5.34976 5.33781 5.32525 5.31213 5.29854 5.28454 5.27021 5.25563 5.24087 5.226 5.21111 5.19626 5.18152 5.16696 5.15265 5.13864 5.12499 5.11176 5.09898 5.0867 5.07495 5.06377 5.05318 5.04321 5.03388 5.02518 5.01715 5.00977 5.00306 4.99702 4.99164 4.98693 4.98288 4.97948 4.97674 4.97464 4.9732 4.9724 
4.9672 4.96771 4.9689 4.97077 4.97332 4.97656 4.98049 4.98512 4.99045 4.99648 5.00322 5.01066 5.0188 5.02764 5.03717 5.04737 5.05823 5.06973 5.08183 5.09451 5.10773 5.12145 5.13562 5.15019 5.16511 5.1803 5.19572 5.21128 5.22691 5.24255 5.25812 5.27353 5.28872 5.3036 5.3181 5.33213 5.34564 5.35854 5.37077 5.38226 5.39296 5.4028 5.41173 5.41971 5.42669 5.43263 5.43751 5.4413 5.44398 5.44553 5.44595 5.44524 5.44339 5.44042 5.43634 5.43118 5.42496 5.41771 5.40949 5.40032 5.39026 5.37937 5.3677 5.35532 5.3423 5.3287 5.3146 5.30007 5.28519 5.27005 5.25471 5.23926 5.22377 5.20832 5.19298 5.17783 5.16292 5.14832 5.13409 5.12029 5.10695 5.09414 5.08187 5.07019 5.05913 5.04871 5.03894 5.02985 5.02144 5.01372 5.00669 5.00036 4.99472 4.98978 4.98553 4.98196 4.97908 4.97689 4.97537 4.97452 
4.9693 4.96983 4.97106 4.97301 4.97568 4.97906 4.98317 4.988 4.99357 4.99986 5.0069 5.01466 5.02316 5.03238 5.04231 5.05295 5.06426 5.07624 5.08884 5.10204 5.11579 5.13006 5.1448 5.15994 5.17543 5.19121 5.20721 5.22335 5.23957 5.25578 5.27191 5.28788 5.3036 5.319 5.334 5.34852 5.36248 5.37582 5.38846 5.40033 5.41137 5.42153 5.43075 5.43898 5.44619 5.45232 5.45736 5.46126 5.46403 5.46563 5.46606 5.46532 5.46341 5.46035 5.45614 5.45082 5.4444 5.43692 5.42843 5.41896 5.40857 5.39732 5.38526 5.37246 5.35899 5.34492 5.33032 5.31528 5.29988 5.28418 5.26829 5.25227 5.2362 5.22017 5.20424 5.1885 5.17302 5.15784 5.14305 5.12869 5.11481 5.10147 5.08869 5.07653 5.065 5.05413 5.04394 5.03446 5.02568 5.01762 5.01028 5.00366 4.99777 4.9926 4.98816 4.98443 4.98141 4.97911 4.97752 4.97663 
4.97136 4.97191 4.9732 4.97523 4.978 4.98153 4.9858 4.99084 4.99663 5.00319 5.01051 5.0186 5.02744 5.03703 5.04736 5.05842 5.07018 5.08262 5.09571 5.10941 5.12369 5.13849 5.15377 5.16947 5.18552 5.20186 5.21843 5.23514 5.25191 5.26868 5.28535 5.30185 5.3181 5.334 5.34948 5.36447 5.37887 5.39262 5.40565 5.41789 5.42927 5.43973 5.44923 5.45771 5.46512 5.47144 5.47662 5.48064 5.48349 5.48514 5.48558 5.48482 5.48286 5.4797 5.47537 5.46989 5.46328 5.45558 5.44683 5.43708 5.42637 5.41477 5.40233 5.38913 5.37523 5.36071 5.34564 5.3301 5.31418 5.29796 5.28153 5.26495 5.24833 5.23173 5.21524 5.19894 5.18288 5.16715 5.15181 5.13691 5.12251 5.10865 5.09538 5.08274 5.07075 5.05945 5.04885 5.03898 5.02984 5.02145 5.0138 5.00691 5.00077 4.99538 4.99074 4.98685 4.98371 4.9813 4.97964 4.97871 
4.97339 4.97396 4.97529 4.9774 4.98028 4.98394 4.98839 4.99362 4.99964 5.00645 5.01405 5.02244 5.03162 5.04157 5.05229 5.06375 5.07594 5.08884 5.1024 5.11659 5.13137 5.14669 5.1625 5.17873 5.19532 5.21221 5.22932 5.24657 5.26389 5.28119 5.29838 5.31539 5.33213 5.34852 5.36447 5.37989 5.39472 5.40887 5.42227 5.43485 5.44655 5.45731 5.46707 5.47578 5.4834 5.48989 5.49521 5.49934 5.50227 5.50396 5.50442 5.50364 5.50162 5.49838 5.49393 5.4883 5.48151 5.4736 5.46461 5.45458 5.44357 5.43164 5.41884 5.40525 5.39094 5.37599 5.36046 5.34446 5.32805 5.31132 5.29436 5.27726 5.2601 5.24296 5.22592 5.20907 5.19247 5.1762 5.16033 5.1449 5.12999 5.11564 5.10189 5.08879 5.07636 5.06464 5.05364 5.04339 5.03391 5.02519 5.01724 5.01008 5.0037 4.9981 4.99327 4.98923 4.98596 4.98345 4.98172 4.98075 
4.97536 4.97595 4.97733 4.97951 4.9825 4.98629 4.9909 4.99632 5.00255 5.00961 5.01748 5.02617 5.03567 5.04597 5.05706 5.06892 5.08153 5.09486 5.10887 5.12353 5.1388 5.15461 5.17092 5.18767 5.20478 5.22219 5.23982 5.25759 5.27543 5.29323 5.31093 5.32843 5.34564 5.36248 5.37887 5.39472 5.40994 5.42447 5.43823 5.45114 5.46315 5.47418 5.48419 5.49312 5.50093 5.50758 5.51304 5.51728 5.52027 5.52201 5.52248 5.52168 5.51962 5.5163 5.51174 5.50596 5.499 5.49089 5.48167 5.47138 5.46008 5.44784 5.4347 5.42075 5.40605 5.39068 5.37472 5.35826 5.34138 5.32418 5.30672 5.28911 5.27144 5.25378 5.23622 5.21884 5.20172 5.18494 5.16855 5.15263 5.13722 5.1224 5.10819 5.09464 5.08178 5.06966 5.05828 5.04767 5.03785 5.02881 5.02059 5.01316 5.00655 5.00074 4.99574 4.99154 4.98814 4.98554 4.98374 4.98274 
4.97727 4.97787 4.9793 4.98155 4.98464 4.98856 4.99332 4.99892 5.00537 5.01266 5.02079 5.02976 5.03957 5.05021 5.06165 5.07389 5.0869 5.10064 5.11509 5.1302 5.14592 5.16221 5.179 5.19624 5.21384 5.23175 5.24988 5.26814 5.28646 5.30475 5.32292 5.34088 5.35854 5.37582 5.39262 5.40887 5.42447 5.43936 5.45345 5.46667 5.47896 5.49026 5.5005 5.50964 5.51764 5.52444 5.53002 5.53436 5.53742 5.5392 5.53968 5.53886 5.53675 5.53336 5.5287 5.52279 5.51567 5.50737 5.49793 5.4874 5.47583 5.46329 5.44983 5.43553 5.42046 5.40471 5.38834 5.37145 5.35413 5.33646 5.31854 5.30045 5.28229 5.26414 5.24608 5.22821 5.21059 5.19331 5.17644 5.16004 5.14417 5.12888 5.11423 5.10026 5.087 5.07449 5.06274 5.05179 5.04164 5.03231 5.0238 5.01613 5.00929 5.00329 4.99811 4.99377 4.99025 4.98756 4.9857 4.98466 
4.97909 4.97972 4.98119 4.98351 4.98669 4.99074 4.99564 5.00142 5.00806 5.01557 5.02395 5.0332 5.0433 5.05425 5.06604 5.07863 5.09201 5.10615 5.12101 5.13654 5.1527 5.16944 5.18669 5.20439 5.22246 5.24083 5.25943 5.27816 5.29694 5.31568 5.33429 5.35269 5.37077 5.38846 5.40565 5.42227 5.43823 5.45345 5.46785 5.48137 5.49392 5.50546 5.51593 5.52526 5.53343 5.54037 5.54607 5.5505 5.55363 5.55544 5.55594 5.5551 5.55295 5.54949 5.54473 5.5387 5.53143 5.52295 5.51331 5.50255 5.49073 5.47791 5.46415 5.44953 5.43412 5.41799 5.40125 5.38396 5.36622 5.34812 5.32976 5.31122 5.29259 5.27397 5.25545 5.2371 5.21902 5.20127 5.18394 5.16709 5.15077 5.13506 5.11999 5.10562 5.09197 5.07909 5.067 5.05571 5.04526 5.03565 5.02688 5.01897 5.01192 5.00572 5.00038 4.9959 4.99228 4.9895 4.98757 4.9865 
4.98083 4.98147 4.98298 4.98537 4.98864 4.9928 4.99785 5.00378 5.01061 5.01833 5.02695 5.03645 5.04683 5.05808 5.07018 5.08311 5.09685 5.11136 5.1266 5.14253 5.1591 5.17626 5.19394 5.21206 5.23057 5.24938 5.26842 5.28758 5.30679 5.32596 5.34499 5.36379 5.38226 5.40033 5.41789 5.43485 5.45114 5.46667 5.48137 5.49515 5.50796 5.51972 5.53039 5.53991 5.54823 5.55531 5.56112 5.56563 5.56882 5.57067 5.57117 5.57032 5.56813 5.5646 5.55976 5.55361 5.5462 5.53756 5.52773 5.51676 5.50471 5.49163 5.47759 5.46267 5.44694 5.43048 5.41337 5.39571 5.37758 5.35908 5.3403 5.32134 5.30229 5.28323 5.26427 5.24548 5.22696 5.20878 5.19102 5.17374 5.15701 5.14089 5.12543 5.11068 5.09667 5.08344 5.07102 5.05943 5.04869 5.0388 5.02979 5.02166 5.01441 5.00803 5.00254 4.99793 4.9942 4.99134 4.98935 4.98824 
4.98247 4.98312 4.98467 4.98712 4.99048 4.99474 4.99992 5.006 5.01301 5.02093 5.02976 5.0395 5.05014 5.06167 5.07406 5.08731 5.10137 5.11623 5.13183 5.14813 5.16508 5.18263 5.2007 5.21923 5.23814 5.25736 5.2768 5.29637 5.31597 5.33553 5.35495 5.37412 5.39296 5.41137 5.42927 5.44655 5.46315 5.47896 5.49392 5.50796 5.52099 5.53297 5.54382 5.5535 5.56197 5.56917 5.57508 5.57967 5.58291 5.5848 5.58531 5.58445 5.58222 5.57864 5.57371 5.56746 5.55992 5.55113 5.54113 5.52997 5.5177 5.50438 5.49009 5.47489 5.45886 5.44209 5.42465 5.40664 5.38816 5.36929 5.35013 5.33077 5.31132 5.29186 5.27249 5.2533 5.23437 5.21578 5.19762 5.17995 5.16283 5.14634 5.13051 5.11541 5.10106 5.08751 5.07479 5.06291 5.0519 5.04176 5.03252 5.02418 5.01674 5.0102 5.00457 4.99983 4.996 4.99307 4.99103 4.98989 
4.98398 4.98465 4.98624 4.98875 4.99218 4.99654 5.00184 5.00807 5.01523 5.02333 5.03236 5.04232 5.0532 5.06499 5.07766 5.09119 5.10556 5.12073 5.13666 5.1533 5.1706 5.18851 5.20694 5.22584 5.24512 5.26471 5.28452 5.30446 5.32443 5.34435 5.36411 5.38363 5.4028 5.42153 5.43973 5.45731 5.47418 5.49026 5.50546 5.51972 5.53297 5.54513 5.55616 5.56599 5.57459 5.5819 5.5879 5.59256 5.59585 5.59777 5.59829 5.59742 5.59516 5.59152 5.58652 5.58018 5.57252 5.5636 5.55344 5.5421 5.52963 5.5161 5.50157 5.48612 5.46982 5.45276 5.43503 5.4167 5.39789 5.37868 5.35917 5.33946 5.31964 5.29982 5.28007 5.26051 5.2412 5.22225 5.20371 5.18568 5.16821 5.15137 5.13521 5.11978 5.10513 5.09128 5.07827 5.06613 5.05487 5.04451 5.03506 5.02652 5.01891 5.01221 5.00645 5.0016 4.99768 4.99467 4.99258 4.99141 
4.98538 4.98606 4.98768 4.99024 4.99374 4.99819 5.0036 5.00996 5.01727 5.02553 5.03475 5.04491 5.056 5.06802 5.08093 5.09473 5.10937 5.12483 5.14106 5.15801 5.17563 5.19386 5.21262 5.23185 5.25148 5.2714 5.29154 5.31181 5.33212 5.35236 5.37244 5.39226 5.41173 5.43075 5.44923 5.46707 5.48419 5.5005 5.51593 5.53039 5.54382 5.55616 5.56734 5.5773 5.58602 5.59343 5.59952 5.60424 5.60758 5.60952 5.61005 5.60917 5.60688 5.60319 5.59813 5.5917 5.58394 5.57489 5.56459 5.5531 5.54045 5.52673 5.51199 5.49631 5.47977 5.46245 5.44444 5.42584 5.40673 5.38721 5.36739 5.34735 5.3272 5.30704 5.28697 5.26706 5.24742 5.22813 5.20926 5.1909 5.17311 5.15595 5.13949 5.12377 5.10883 5.09471 5.08145 5.06907 5.05758 5.04701 5.03737 5.02866 5.02089 5.01406 5.00817 5.00322 4.99921 4.99614 4.99401 4.99282 
4.98664 4.98733 4.98897 4.99158 4.99515 4.99968 5.00519 5.01166 5.0191 5.02751 5.03689 5.04723 5.05852 5.07074 5.08388 5.09791 5.1128 5.12851 5.14501 5.16223 5.18014 5.19865 5.21771 5.23724 5.25716 5.27738 5.29782 5.31839 5.33898 5.35951 5.37987 5.39997 5.41971 5.43898 5.45771 5.47578 5.49312 5.50964 5.52526 5.53991 5.5535 5.56599 5.5773 5.58739 5.59621 5.60372 5.60987 5.61465 5.61803 5.62 5.62053 5.61965 5.61733 5.6136 5.60847 5.60197 5.59412 5.58497 5.57454 5.5629 5.55011 5.53621 5.52128 5.5054 5.48865 5.4711 5.45285 5.43399 5.41462 5.39483 5.37473 5.35441 5.33397 5.31351 5.29313 5.27293 5.25298 5.23339 5.21423 5.19557 5.1775 5.16006 5.14333 5.12734 5.11215 5.0978 5.08431 5.07171 5.06002 5.04927 5.03945 5.03058 5.02267 5.01572 5.00972 5.00468 5.0006 4.99747 4.9953 4.99408 
4.98775 4.98845 4.99012 4.99277 4.9964 5.001 5.00659 5.01316 5.02072 5.02926 5.03878 5.04927 5.06073 5.07314 5.08647 5.1007 5.11581 5.13175 5.14848 5.16594 5.18409 5.20286 5.22217 5.24196 5.26214 5.28262 5.30333 5.32415 5.345 5.36578 5.38639 5.40672 5.42669 5.44619 5.46512 5.4834 5.50093 5.51764 5.53343 5.54823 5.56197 5.57459 5.58602 5.59621 5.60512 5.6127 5.61892 5.62375 5.62716 5.62915 5.6297 5.6288 5.62646 5.6227 5.61752 5.61095 5.60302 5.59377 5.58324 5.57148 5.55854 5.5445 5.52941 5.51335 5.49641 5.47867 5.46021 5.44113 5.42153 5.4015 5.38115 5.36058 5.33989 5.31917 5.29853 5.27806 5.25786 5.23801 5.21858 5.19968 5.18135 5.16367 5.1467 5.13048 5.11507 5.10051 5.08682 5.07403 5.06217 5.05125 5.04128 5.03228 5.02424 5.01718 5.01109 5.00597 5.00182 4.99865 4.99644 4.9952 
4.98871 4.98942 4.99111 4.9938 4.99747 5.00213 5.00779 5.01445 5.02211 5.03076 5.0404 5.05103 5.06263 5.07519 5.08869 5.1031 5.11838 5.13451 5.15144 5.16911 5.18747 5.20645 5.22598 5.24599 5.26639 5.2871 5.30802 5.32906 5.35013 5.37112 5.39193 5.41247 5.43263 5.45232 5.47144 5.48989 5.50758 5.52444 5.54037 5.55531 5.56917 5.5819 5.59343 5.60372 5.6127 5.62035 5.62662 5.63149 5.63494 5.63694 5.63749 5.63659 5.63423 5.63044 5.62522 5.61859 5.6106 5.60127 5.59064 5.57878 5.56573 5.55156 5.53633 5.52013 5.50302 5.48511 5.46647 5.44721 5.42741 5.40719 5.38663 5.36585 5.34494 5.324 5.30314 5.28245 5.26202 5.24194 5.2223 5.20318 5.18464 5.16675 5.14958 5.13317 5.11757 5.10283 5.08897 5.07602 5.06401 5.05295 5.04286 5.03374 5.0256 5.01844 5.01227 5.00708 5.00288 4.99966 4.99742 4.99617 
4.98951 4.99023 4.99194 4.99465 4.99836 5.00308 5.0088 5.01552 5.02326 5.032 5.04174 5.05248 5.0642 5.07689 5.09052 5.10507 5.12051 5.13679 5.15388 5.17172 5.19025 5.2094 5.22911 5.2493 5.26988 5.29077 5.31187 5.3331 5.35434 5.3755 5.39649 5.41719 5.43751 5.45736 5.47662 5.49521 5.51304 5.53002 5.54607 5.56112 5.57508 5.5879 5.59952 5.60987 5.61892 5.62662 5.63294 5.63784 5.64131 5.64333 5.64389 5.64298 5.64061 5.63679 5.63153 5.62486 5.61681 5.60741 5.59672 5.58477 5.57162 5.55734 5.54201 5.52568 5.50845 5.4904 5.47161 5.4522 5.43224 5.41185 5.39113 5.37017 5.34908 5.32797 5.30692 5.28605 5.26544 5.24518 5.22536 5.20606 5.18735 5.16929 5.15195 5.13538 5.11963 5.10474 5.09074 5.07767 5.06553 5.05436 5.04416 5.03494 5.02672 5.01949 5.01325 5.00801 5.00376 5.0005 4.99824 4.99697 
4.99014 4.99087 4.99259 4.99533 4.99907 5.00382 5.00959 5.01637 5.02417 5.03298 5.0428 5.05362 5.06543 5.07822 5.09195 5.10661 5.12217 5.13857 5.15579 5.17375 5.19242 5.21171 5.23155 5.25188 5.2726 5.29363 5.31487 5.33623 5.35761 5.37891 5.40003 5.42086 5.4413 5.46126 5.48064 5.49934 5.51728 5.53436 5.5505 5.56563 5.57967 5.59256 5.60424 5.61465 5.62375 5.63149 5.63784 5.64277 5.64626 5.64829 5.64885 5.64794 5.64556 5.64171 5.63643 5.62973 5.62163 5.61218 5.60143 5.58941 5.57619 5.56184 5.54641 5.52999 5.51266 5.4945 5.4756 5.45607 5.43599 5.41548 5.39462 5.37353 5.3523 5.33105 5.30987 5.28885 5.2681 5.2477 5.22774 5.2083 5.18946 5.17127 5.1538 5.13711 5.12124 5.10624 5.09213 5.07895 5.06672 5.05546 5.04518 5.03589 5.0276 5.02031 5.01402 5.00874 5.00445 5.00117 4.99889 4.99761 
4.99061 4.99133 4.99307 4.99582 4.99958 5.00436 5.01016 5.01698 5.02482 5.03368 5.04356 5.05444 5.06631 5.07917 5.09298 5.10772 5.12335 5.13984 5.15714 5.1752 5.19395 5.21334 5.23328 5.25371 5.27453 5.29565 5.31699 5.33845 5.35992 5.38132 5.40253 5.42345 5.44398 5.46403 5.48349 5.50227 5.52027 5.53742 5.55363 5.56882 5.58291 5.59585 5.60758 5.61803 5.62716 5.63494 5.64131 5.64626 5.64976 5.6518 5.65236 5.65145 5.64906 5.6452 5.6399 5.63317 5.62504 5.61556 5.60476 5.5927 5.57943 5.56501 5.54952 5.53304 5.51563 5.4974 5.47842 5.45881 5.43864 5.41803 5.39709 5.3759 5.35458 5.33323 5.31195 5.29083 5.26998 5.24949 5.22943 5.20989 5.19095 5.17267 5.15512 5.13834 5.12239 5.10731 5.09313 5.07988 5.06758 5.05626 5.04592 5.03658 5.02824 5.02091 5.01458 5.00927 5.00496 5.00166 4.99936 4.99807 
4.9909 4.99163 4.99337 4.99613 4.9999 5.0047 5.01051 5.01736 5.02522 5.03411 5.04402 5.05493 5.06684 5.07974 5.09359 5.10837 5.12405 5.14059 5.15794 5.17605 5.19486 5.21429 5.23429 5.25477 5.27565 5.29683 5.31822 5.33974 5.36127 5.38272 5.40398 5.42495 5.44553 5.46563 5.48514 5.50396 5.52201 5.5392 5.55544 5.57067 5.5848 5.59777 5.60952 5.62 5.62915 5.63694 5.64333 5.64829 5.6518 5.65384 5.6544 5.65349 5.65109 5.64723 5.64191 5.63516 5.62702 5.61752 5.60669 5.5946 5.5813 5.56685 5.55133 5.5348 5.51735 5.49907 5.48005 5.46039 5.44017 5.41952 5.39851 5.37727 5.3559 5.33449 5.31315 5.29198 5.27108 5.25053 5.23041 5.21082 5.19183 5.1735 5.15589 5.13907 5.12307 5.10794 5.09372 5.08043 5.06809 5.05673 5.04636 5.03699 5.02863 5.02127 5.01493 5.00959 5.00527 5.00196 4.99966 4.99837 
