4.58764 4.58782 4.58806 4.58836 4.5887 4.5891 4.58955 4.59006 4.59062 4.59125 4.59193 4.59268 4.59349 4.59437 4.59532 4.59634 4.59744 4.5986 4.59985 4.60116 4.60256 4.60402 4.60556 4.60716 4.60883 4.61055 4.61234 4.61417 4.61604 4.61794 4.61986 4.6218 4.62374 4.62567 4.62758 4.62945 4.63129 4.63306 4.63477 4.63639 4.63793 4.63935 4.64066 4.64185 4.6429 4.6438 4.64456 4.64516 4.6456 4.64588 4.64599 4.64593 4.64571 4.64532 4.64477 4.64407 4.64321 4.64222 4.64108 4.63983 4.63846 4.63698 4.63542 4.63377 4.63205 4.63028 4.62847 4.62662 4.62476 4.62289 4.62103 4.61918 4.61736 4.61557 4.61383 4.61214 4.61052 4.60895 4.60747 4.60605 4.60472 4.60347 4.6023 4.60122 4.60023 4.59932 4.5985 4.59776 4.5971 4.59652 4.59602 4.5956 4.59524 4.59496 4.59474 4.59459 4.59449 4.59446 4.59448 4.59456 
4.58782 4.58801 4.58825 4.58855 4.58889 4.58929 4.58975 4.59026 4.59082 4.59145 4.59214 4.59289 4.59371 4.5946 4.59555 4.59658 4.59768 4.59886 4.60011 4.60144 4.60285 4.60432 4.60587 4.60749 4.60918 4.61092 4.61272 4.61457 4.61645 4.61838 4.62032 4.62228 4.62423 4.62618 4.62811 4.63001 4.63186 4.63366 4.63538 4.63702 4.63857 4.64001 4.64133 4.64253 4.64359 4.64451 4.64527 4.64588 4.64632 4.6466 4.64671 4.64665 4.64643 4.64603 4.64548 4.64477 4.64391 4.6429 4.64176 4.64049 4.6391 4.63761 4.63603 4.63436 4.63263 4.63084 4.62901 4.62714 4.62526 4.62337 4.62149 4.61962 4.61778 4.61597 4.61422 4.61251 4.61087 4.60929 4.60779 4.60636 4.60501 4.60375 4.60257 4.60148 4.60048 4.59956 4.59873 4.59798 4.59732 4.59674 4.59623 4.5958 4.59544 4.59516 4.59493 4.59478 4.59468 4.59465 4.59467 4.59475 
4.58806 4.58825 4.5885 4.58879 4.58914 4.58955 4.59001 4.59053 4.59111 4.59175 4.59245 4.59322 4.59406 4.59497 4.59595 4.597 4.59814 4.59934 4.60063 4.60199 4.60343 4.60495 4.60654 4.60821 4.60994 4.61173 4.61357 4.61547 4.61741 4.61938 4.62138 4.62339 4.6254 4.6274 4.62938 4.63133 4.63323 4.63507 4.63684 4.63853 4.64012 4.64159 4.64295 4.64418 4.64527 4.64621 4.64699 4.64761 4.64807 4.64835 4.64846 4.6484 4.64817 4.64776 4.64719 4.64646 4.64558 4.64454 4.64337 4.64206 4.64064 4.63911 4.63748 4.63577 4.63399 4.63215 4.63027 4.62835 4.62642 4.62448 4.62254 4.62062 4.61873 4.61688 4.61507 4.61332 4.61163 4.61001 4.60846 4.60699 4.60561 4.60431 4.60309 4.60197 4.60094 4.59999 4.59913 4.59836 4.59768 4.59708 4.59655 4.59611 4.59573 4.59544 4.5952 4.59504 4.59494 4.5949 4.59492 4.59499 
4.58836 4.58855 4.58879 4.58909 4.58945 4.58987 4.59035 4.59088 4.59148 4.59215 4.59288 4.59368 4.59455 4.59549 4.59652 4.59761 4.59879 4.60005 4.6014 4.60282 4.60432 4.60591 4.60757 4.6093 4.61111 4.61298 4.61491 4.61689 4.61891 4.62097 4.62305 4.62514 4.62724 4.62933 4.63139 4.63342 4.6354 4.63732 4.63916 4.64092 4.64257 4.64411 4.64552 4.6468 4.64793 4.6489 4.64972 4.65036 4.65084 4.65113 4.65124 4.65118 4.65093 4.65051 4.64992 4.64915 4.64823 4.64715 4.64592 4.64456 4.64308 4.64148 4.63979 4.638 4.63615 4.63423 4.63226 4.63027 4.62825 4.62622 4.6242 4.6222 4.62022 4.61828 4.6164 4.61456 4.6128 4.6111 4.60948 4.60795 4.6065 4.60514 4.60387 4.60269 4.6016 4.60061 4.59971 4.5989 4.59818 4.59754 4.59699 4.59651 4.59612 4.5958 4.59555 4.59537 4.59525 4.5952 4.59522 4.59529 
4.5887 4.58889 4.58914 4.58945 4.58983 4.59026 4.59076 4.59132 4.59195 4.59264 4.59341 4.59426 4.59518 4.59617 4.59725 4.59841 4.59966 4.60099 4.60241 4.60392 4.60551 4.60719 4.60895 4.61079 4.6127 4.61468 4.61672 4.61881 4.62095 4.62313 4.62533 4.62754 4.62976 4.63197 4.63415 4.63629 4.63838 4.6404 4.64235 4.64419 4.64594 4.64756 4.64905 4.65039 4.65158 4.65261 4.65346 4.65414 4.65464 4.65494 4.65506 4.65499 4.65473 4.65428 4.65365 4.65284 4.65186 4.65072 4.64943 4.64799 4.64642 4.64474 4.64295 4.64106 4.6391 4.63707 4.63499 4.63288 4.63075 4.6286 4.62646 4.62434 4.62225 4.6202 4.6182 4.61626 4.61438 4.61258 4.61087 4.60923 4.60769 4.60624 4.60489 4.60364 4.60248 4.60142 4.60046 4.59959 4.59881 4.59813 4.59753 4.59702 4.59659 4.59624 4.59597 4.59576 4.59563 4.59557 4.59557 4.59564 
4.5891 4.58929 4.58955 4.58987 4.59026 4.59072 4.59124 4.59183 4.5925 4.59324 4.59406 4.59496 4.59594 4.59701 4.59816 4.59941 4.60074 4.60217 4.60369 4.60531 4.60701 4.60881 4.61069 4.61266 4.61471 4.61683 4.61902 4.62126 4.62355 4.62588 4.62823 4.6306 4.63297 4.63532 4.63765 4.63994 4.64217 4.64432 4.6464 4.64837 4.65022 4.65195 4.65353 4.65496 4.65623 4.65732 4.65823 4.65895 4.65947 4.6598 4.65992 4.65984 4.65956 4.65908 4.6584 4.65754 4.65649 4.65527 4.65389 4.65236 4.65068 4.64888 4.64697 4.64495 4.64285 4.64069 4.63847 4.63621 4.63392 4.63163 4.62934 4.62707 4.62483 4.62263 4.62048 4.6184 4.61639 4.61445 4.61261 4.61085 4.60919 4.60763 4.60618 4.60482 4.60357 4.60242 4.60138 4.60044 4.59959 4.59885 4.59819 4.59763 4.59716 4.59677 4.59646 4.59623 4.59607 4.59599 4.59598 4.59604 
4.58955 4.58975 4.59001 4.59035 4.59076 4.59124 4.5918 4.59243 4.59315 4.59394 4.59482 4.59579 4.59685 4.598 4.59925 4.60059 4.60204 4.60358 4.60523 4.60698 4.60882 4.61077 4.61281 4.61494 4.61715 4.61944 4.62181 4.62423 4.6267 4.62922 4.63176 4.63431 4.63686 4.6394 4.64191 4.64437 4.64677 4.6491 4.65132 4.65344 4.65544 4.65729 4.65899 4.66053 4.66188 4.66305 4.66403 4.6648 4.66535 4.6657 4.66583 4.66574 4.66543 4.66491 4.66418 4.66325 4.66212 4.66081 4.65932 4.65766 4.65586 4.65392 4.65185 4.64968 4.64742 4.64508 4.64269 4.64025 4.63778 4.63531 4.63283 4.63038 4.62795 4.62557 4.62325 4.621 4.61882 4.61672 4.61472 4.61281 4.61101 4.60931 4.60772 4.60624 4.60488 4.60362 4.60248 4.60145 4.60052 4.59969 4.59897 4.59835 4.59782 4.59738 4.59703 4.59676 4.59658 4.59648 4.59645 4.5965 
4.59006 4.59026 4.59053 4.59088 4.59132 4.59183 4.59243 4.59312 4.59389 4.59475 4.5957 4.59675 4.5979 4.59916 4.60052 4.60198 4.60356 4.60524 4.60704 4.60894 4.61096 4.61308 4.6153 4.61762 4.62003 4.62253 4.6251 4.62773 4.63042 4.63316 4.63592 4.63869 4.64146 4.64422 4.64694 4.64961 4.65221 4.65472 4.65713 4.65943 4.66158 4.66359 4.66543 4.66708 4.66855 4.66981 4.67086 4.67169 4.67229 4.67266 4.67279 4.67269 4.67235 4.67179 4.67099 4.66998 4.66876 4.66733 4.66571 4.66392 4.66196 4.65985 4.65762 4.65526 4.6528 4.65027 4.64766 4.64501 4.64233 4.63964 4.63695 4.63428 4.63164 4.62905 4.62652 4.62406 4.62168 4.61939 4.6172 4.61511 4.61313 4.61127 4.60953 4.60791 4.60641 4.60502 4.60376 4.60262 4.60159 4.60067 4.59987 4.59917 4.59858 4.59808 4.59768 4.59737 4.59715 4.59702 4.59698 4.59701 
4.59062 4.59082 4.59111 4.59148 4.59195 4.5925 4.59315 4.59389 4.59472 4.59566 4.5967 4.59785 4.59911 4.60048 4.60197 4.60357 4.6053 4.60715 4.60912 4.61121 4.61341 4.61574 4.61817 4.62071 4.62335 4.62609 4.6289 4.63178 4.63472 4.63771 4.64072 4.64375 4.64677 4.64977 4.65274 4.65565 4.65848 4.66121 4.66384 4.66633 4.66867 4.67085 4.67284 4.67464 4.67623 4.6776 4.67873 4.67963 4.68028 4.68067 4.68081 4.6807 4.68033 4.67971 4.67884 4.67774 4.6764 4.67485 4.67308 4.67113 4.669 4.6667 4.66426 4.66169 4.65901 4.65625 4.65341 4.65051 4.64759 4.64464 4.6417 4.63878 4.63589 4.63306 4.63028 4.62758 4.62497 4.62246 4.62005 4.61776 4.61559 4.61354 4.61161 4.60982 4.60816 4.60663 4.60523 4.60396 4.60281 4.60179 4.60089 4.6001 4.59943 4.59887 4.59841 4.59805 4.59779 4.59763 4.59756 4.59758 
4.59125 4.59145 4.59175 4.59215 4.59264 4.59324 4.59394 4.59475 4.59566 4.59669 4.59783 4.59909 4.60047 4.60198 4.60361 4.60538 4.60728 4.60931 4.61148 4.61377 4.6162 4.61876 4.62144 4.62423 4.62713 4.63013 4.63322 4.63638 4.6396 4.64287 4.64617 4.64949 4.6528 4.65608 4.65932 4.6625 4.66559 4.66858 4.67144 4.67416 4.67671 4.67908 4.68125 4.68321 4.68494 4.68642 4.68765 4.68862 4.68932 4.68975 4.6899 4.68977 4.68936 4.68868 4.68773 4.68652 4.68506 4.68336 4.68144 4.6793 4.67697 4.67446 4.67179 4.66898 4.66605 4.66303 4.65992 4.65675 4.65355 4.65032 4.6471 4.64389 4.64072 4.63761 4.63456 4.63159 4.62872 4.62595 4.6233 4.62077 4.61837 4.6161 4.61397 4.61199 4.61014 4.60844 4.60689 4.60547 4.60419 4.60305 4.60203 4.60115 4.60039 4.59975 4.59922 4.59881 4.5985 4.59831 4.59821 4.59821 
4.59193 4.59214 4.59245 4.59288 4.59341 4.59406 4.59482 4.5957 4.5967 4.59783 4.59908 4.60047 4.60199 4.60365 4.60545 4.6074 4.60949 4.61173 4.61412 4.61666 4.61933 4.62215 4.6251 4.62817 4.63137 4.63467 4.63806 4.64153 4.64508 4.64867 4.65229 4.65592 4.65955 4.66315 4.66669 4.67017 4.67355 4.67681 4.67994 4.68291 4.68569 4.68828 4.69065 4.69278 4.69466 4.69628 4.69762 4.69867 4.69943 4.69989 4.70005 4.6999 4.69945 4.6987 4.69766 4.69634 4.69474 4.69288 4.69077 4.68844 4.68588 4.68314 4.68022 4.67714 4.67393 4.67061 4.66721 4.66373 4.66022 4.65668 4.65314 4.64961 4.64613 4.6427 4.63935 4.63608 4.63291 4.62986 4.62693 4.62413 4.62148 4.61897 4.61661 4.61441 4.61236 4.61047 4.60874 4.60716 4.60573 4.60444 4.60331 4.60231 4.60145 4.60072 4.60012 4.59964 4.59929 4.59905 4.59892 4.59891 
4.59268 4.59289 4.59322 4.59368 4.59426 4.59496 4.59579 4.59675 4.59785 4.59909 4.60047 4.60199 4.60367 4.6055 4.60749 4.60964 4.61195 4.61442 4.61706 4.61986 4.62281 4.62591 4.62916 4.63255 4.63607 4.6397 4.64343 4.64725 4.65114 4.65509 4.65906 4.66305 4.66703 4.67097 4.67486 4.67866 4.68236 4.68593 4.68935 4.69259 4.69563 4.69845 4.70104 4.70336 4.70541 4.70717 4.70863 4.70977 4.7106 4.71109 4.71126 4.71109 4.7106 4.70978 4.70864 4.70719 4.70544 4.7034 4.70109 4.69853 4.69574 4.69273 4.68953 4.68616 4.68265 4.67901 4.67527 4.67146 4.6676 4.66372 4.65983 4.65596 4.65212 4.64835 4.64465 4.64105 4.63756 4.63419 4.63096 4.62787 4.62493 4.62215 4.61954 4.6171 4.61482 4.61272 4.61079 4.60902 4.60742 4.60599 4.60471 4.60359 4.60261 4.60179 4.6011 4.60056 4.60014 4.59986 4.5997 4.59967 
4.59349 4.59371 4.59406 4.59455 4.59518 4.59594 4.59685 4.5979 4.59911 4.60047 4.60199 4.60367 4.60552 4.60754 4.60973 4.61211 4.61466 4.61739 4.6203 4.62338 4.62664 4.63006 4.63364 4.63737 4.64124 4.64524 4.64934 4.65354 4.65782 4.66214 4.66651 4.67088 4.67524 4.67956 4.68381 4.68797 4.69202 4.69592 4.69965 4.70319 4.70651 4.70959 4.71241 4.71494 4.71718 4.71909 4.72068 4.72192 4.72282 4.72335 4.72353 4.72334 4.7228 4.72189 4.72064 4.71906 4.71714 4.71491 4.71239 4.70959 4.70653 4.70324 4.69974 4.69605 4.6922 4.68821 4.68412 4.67994 4.67571 4.67144 4.66717 4.66292 4.65871 4.65456 4.65049 4.64652 4.64267 4.63896 4.63539 4.63197 4.62873 4.62565 4.62276 4.62005 4.61753 4.61519 4.61304 4.61107 4.60928 4.60768 4.60625 4.60499 4.60389 4.60296 4.60218 4.60155 4.60107 4.60074 4.60054 4.60049 
4.59437 4.5946 4.59497 4.59549 4.59617 4.59701 4.598 4.59916 4.60048 4.60198 4.60365 4.6055 4.60754 4.60977 4.61219 4.6148 4.61762 4.62063 4.62383 4.62723 4.63082 4.63459 4.63853 4.64263 4.64689 4.65128 4.65579 4.6604 4.66509 4.66984 4.67462 4.67941 4.68418 4.6889 4.69355 4.6981 4.70252 4.70678 4.71086 4.71472 4.71834 4.72169 4.72476 4.72752 4.72995 4.73203 4.73376 4.73511 4.73607 4.73665 4.73684 4.73663 4.73603 4.73504 4.73367 4.73194 4.72984 4.72741 4.72465 4.7216 4.71826 4.71466 4.71083 4.7068 4.70259 4.69822 4.69374 4.68917 4.68453 4.67985 4.67517 4.6705 4.66588 4.66132 4.65685 4.65249 4.64825 4.64416 4.64022 4.63646 4.63287 4.62948 4.62627 4.62327 4.62048 4.61788 4.61549 4.6133 4.61131 4.60952 4.60792 4.60651 4.60528 4.60423 4.60335 4.60263 4.60208 4.60169 4.60146 4.60138 
4.59532 4.59555 4.59595 4.59652 4.59725 4.59816 4.59925 4.60052 4.60197 4.60361 4.60545 4.60749 4.60973 4.61219 4.61485 4.61774 4.62083 4.62415 4.62768 4.63142 4.63536 4.6395 4.64384 4.64834 4.65302 4.65783 4.66278 4.66783 4.67297 4.67816 4.68339 4.68863 4.69384 4.699 4.70408 4.70904 4.71386 4.71851 4.72294 4.72715 4.73109 4.73474 4.73807 4.74107 4.74371 4.74597 4.74784 4.7493 4.75035 4.75098 4.75117 4.75094 4.75028 4.7492 4.74771 4.74582 4.74353 4.74088 4.73787 4.73454 4.7309 4.72697 4.7228 4.71839 4.7138 4.70903 4.70414 4.69913 4.69406 4.68895 4.68382 4.67871 4.67364 4.66864 4.66373 4.65894 4.65429 4.64979 4.64546 4.64131 4.63736 4.63362 4.63008 4.62677 4.62367 4.6208 4.61815 4.61572 4.61352 4.61152 4.60974 4.60816 4.60678 4.6056 4.60461 4.6038 4.60318 4.60273 4.60245 4.60234 
4.59634 4.59658 4.597 4.59761 4.59841 4.59941 4.60059 4.60198 4.60357 4.60538 4.6074 4.60964 4.61211 4.6148 4.61774 4.6209 4.62431 4.62795 4.63183 4.63593 4.64026 4.64481 4.64956 4.6545 4.65962 4.66489 4.6703 4.67583 4.68144 4.68712 4.69282 4.69854 4.70422 4.70985 4.71538 4.72078 4.72602 4.73107 4.7359 4.74047 4.74474 4.74871 4.75233 4.75558 4.75844 4.76089 4.76291 4.7645 4.76563 4.7663 4.76651 4.76625 4.76553 4.76436 4.76273 4.76067 4.75819 4.7553 4.75203 4.7484 4.74444 4.74017 4.73562 4.73082 4.72582 4.72063 4.71529 4.70983 4.7043 4.69871 4.69311 4.68752 4.68198 4.67651 4.67114 4.66589 4.66079 4.65586 4.6511 4.64655 4.64221 4.63808 4.63419 4.63054 4.62713 4.62395 4.62102 4.61834 4.61589 4.61368 4.61169 4.60994 4.6084 4.60708 4.60597 4.60506 4.60435 4.60384 4.60351 4.60338 
4.59744 4.59768 4.59814 4.59879 4.59966 4.60074 4.60204 4.60356 4.6053 4.60728 4.60949 4.61195 4.61466 4.61762 4.62083 4.62431 4.62804 4.63204 4.63628 4.64078 4.64552 4.6505 4.6557 4.6611 4.66669 4.67245 4.67836 4.68438 4.6905 4.69669 4.7029 4.70912 4.71531 4.72142 4.72743 4.7333 4.73899 4.74447 4.7497 4.75465 4.75929 4.76358 4.7675 4.77101 4.77411 4.77676 4.77894 4.78065 4.78187 4.78259 4.78281 4.78253 4.78175 4.78047 4.7787 4.77647 4.77377 4.77064 4.76709 4.76315 4.75885 4.75422 4.74928 4.74407 4.73863 4.73299 4.72718 4.72125 4.71522 4.70914 4.70304 4.69695 4.6909 4.68493 4.67907 4.67333 4.66775 4.66235 4.65715 4.65216 4.64739 4.64287 4.6386 4.63458 4.63083 4.62733 4.62411 4.62114 4.61843 4.61599 4.61379 4.61184 4.61014 4.60867 4.60742 4.60641 4.60561 4.60502 4.60465 4.60449 
4.5986 4.59886 4.59934 4.60005 4.60099 4.60217 4.60358 4.60524 4.60715 4.60931 4.61173 4.61442 4.61739 4.62063 4.62415 4.62795 4.63204 4.6364 4.64105 4.64596 4.65114 4.65657 4.66224 4.66813 4.67423 4.6805 4.68693 4.69349 4.70014 4.70686 4.71362 4.72037 4.72707 4.7337 4.74022 4.74657 4.75273 4.75866 4.76432 4.76967 4.77468 4.77932 4.78355 4.78734 4.79068 4.79354 4.79589 4.79773 4.79904 4.79982 4.80005 4.79974 4.79889 4.7975 4.79559 4.79317 4.79025 4.78687 4.78303 4.77877 4.77411 4.76909 4.76375 4.75811 4.75221 4.74609 4.73979 4.73336 4.72682 4.72021 4.71358 4.70696 4.70038 4.69388 4.6875 4.68125 4.67516 4.66927 4.66359 4.65813 4.65293 4.64798 4.6433 4.6389 4.63478 4.63094 4.62739 4.62413 4.62115 4.61846 4.61603 4.61388 4.61199 4.61036 4.60898 4.60784 4.60695 4.60629 4.60587 4.60567 
4.59985 4.60011 4.60063 4.6014 4.60241 4.60369 4.60523 4.60704 4.60912 4.61148 4.61412 4.61706 4.6203 4.62383 4.62768 4.63183 4.63628 4.64105 4.64611 4.65147 4.65711 4.66302 4.66919 4.6756 4.68222 4.68903 4.69601 4.70313 4.71034 4.71763 4.72494 4.73224 4.7395 4.74667 4.75371 4.76057 4.76722 4.77362 4.77972 4.78549 4.79089 4.79588 4.80043 4.80452 4.80811 4.81118 4.81371 4.81569 4.8171 4.81793 4.81817 4.81783 4.81691 4.81541 4.81335 4.81074 4.80759 4.80394 4.7998 4.7952 4.79018 4.78476 4.77899 4.77289 4.76652 4.75991 4.7531 4.74614 4.73906 4.7319 4.72472 4.71754 4.71041 4.70336 4.69642 4.68963 4.68301 4.6766 4.67041 4.66447 4.6588 4.6534 4.64829 4.64348 4.63897 4.63478 4.63089 4.62731 4.62405 4.62108 4.61842 4.61604 4.61396 4.61216 4.61063 4.60937 4.60838 4.60764 4.60716 4.60693 
4.60116 4.60144 4.60199 4.60282 4.60392 4.60531 4.60698 4.60894 4.61121 4.61377 4.61666 4.61986 4.62338 4.62723 4.63142 4.63593 4.64078 4.64596 4.65147 4.65729 4.66341 4.66983 4.67652 4.68347 4.69065 4.69803 4.70558 4.71328 4.72108 4.72895 4.73685 4.74473 4.75256 4.76029 4.76787 4.77526 4.78242 4.7893 4.79586 4.80206 4.80786 4.81322 4.81811 4.8225 4.82635 4.82964 4.83235 4.83447 4.83598 4.83686 4.83712 4.83675 4.83576 4.83414 4.83193 4.82912 4.82574 4.82181 4.81735 4.81241 4.807 4.80118 4.79496 4.7884 4.78154 4.77441 4.76707 4.75956 4.75192 4.74419 4.73643 4.72867 4.72096 4.71333 4.70582 4.69846 4.69129 4.68433 4.67762 4.67116 4.66499 4.65912 4.65356 4.64832 4.64341 4.63883 4.63459 4.63068 4.62711 4.62386 4.62094 4.61834 4.61605 4.61407 4.61238 4.61099 4.60989 4.60907 4.60853 4.60826 
4.60256 4.60285 4.60343 4.60432 4.60551 4.60701 4.60882 4.61096 4.61341 4.6162 4.61933 4.62281 4.62664 4.63082 4.63536 4.64026 4.64552 4.65114 4.65711 4.66341 4.67005 4.67699 4.68423 4.69174 4.6995 4.70747 4.71562 4.72392 4.73233 4.7408 4.74931 4.75779 4.76621 4.77451 4.78266 4.7906 4.79828 4.80566 4.8127 4.81934 4.82555 4.83129 4.83652 4.84122 4.84533 4.84885 4.85175 4.85401 4.85562 4.85656 4.85684 4.85644 4.85537 4.85364 4.85126 4.84825 4.84463 4.84041 4.83564 4.83034 4.82454 4.81829 4.81162 4.80457 4.7972 4.78955 4.78166 4.77358 4.76536 4.75704 4.74868 4.74032 4.732 4.72377 4.71566 4.70772 4.69997 4.69245 4.68518 4.67819 4.67151 4.66514 4.65911 4.65342 4.64808 4.6431 4.63848 4.63423 4.63033 4.62679 4.6236 4.62076 4.61825 4.61608 4.61423 4.6127 4.61149 4.61058 4.60997 4.60967 
4.60402 4.60432 4.60495 4.60591 4.60719 4.60881 4.61077 4.61308 4.61574 4.61876 4.62215 4.62591 4.63006 4.63459 4.6395 4.64481 4.6505 4.65657 4.66302 4.66983 4.67699 4.68449 4.69229 4.70039 4.70874 4.71732 4.72609 4.73501 4.74405 4.75315 4.76228 4.77138 4.78041 4.78931 4.79803 4.80653 4.81475 4.82264 4.83016 4.83726 4.84389 4.85002 4.85561 4.86061 4.865 4.86875 4.87184 4.87425 4.87596 4.87696 4.87725 4.87682 4.87567 4.87383 4.87128 4.86807 4.86419 4.85969 4.85459 4.84892 4.84273 4.83604 4.8289 4.82136 4.81347 4.80527 4.79682 4.78815 4.77934 4.77041 4.76144 4.75246 4.74352 4.73466 4.72594 4.71738 4.70903 4.70092 4.69308 4.68554 4.67832 4.67144 4.66491 4.65875 4.65297 4.64758 4.64257 4.63795 4.63371 4.62986 4.62639 4.62329 4.62056 4.61819 4.61617 4.6145 4.61317 4.61217 4.61149 4.61115 
4.60556 4.60587 4.60654 4.60757 4.60895 4.61069 4.61281 4.6153 4.61817 4.62144 4.6251 4.62916 4.63364 4.63853 4.64384 4.64956 4.6557 4.66224 4.66919 4.67652 4.68423 4.69229 4.70069 4.70938 4.71835 4.72756 4.73697 4.74653 4.75621 4.76596 4.77573 4.78546 4.79511 4.80462 4.81393 4.823 4.83177 4.84018 4.8482 4.85576 4.86282 4.86934 4.87528 4.88061 4.88528 4.88927 4.89255 4.8951 4.89692 4.89798 4.89828 4.89782 4.8966 4.89463 4.89192 4.88849 4.88437 4.87957 4.87414 4.8681 4.86149 4.85436 4.84675 4.83871 4.83029 4.82153 4.8125 4.80324 4.79381 4.78427 4.77466 4.76504 4.75546 4.74596 4.7366 4.72742 4.71845 4.70973 4.7013 4.69319 4.68541 4.67799 4.67096 4.66431 4.65807 4.65224 4.64683 4.64183 4.63725 4.63308 4.62931 4.62595 4.62298 4.6204 4.61821 4.61638 4.61492 4.61383 4.61309 4.6127 
4.60716 4.60749 4.60821 4.6093 4.61079 4.61266 4.61494 4.61762 4.62071 4.62423 4.62817 4.63255 4.63737 4.64263 4.64834 4.6545 4.6611 4.66813 4.6756 4.68347 4.69174 4.70039 4.70938 4.7187 4.7283 4.73815 4.74821 4.75844 4.76878 4.77918 4.7896 4.79998 4.81026 4.82038 4.8303 4.83995 4.84927 4.85822 4.86673 4.87476 4.88226 4.88918 4.89548 4.90113 4.90608 4.9103 4.91378 4.91649 4.91841 4.91953 4.91984 4.91935 4.91805 4.91596 4.91309 4.90945 4.90507 4.89998 4.89421 4.88779 4.88077 4.8732 4.8651 4.85655 4.84758 4.83826 4.82864 4.81878 4.80873 4.79854 4.78829 4.77802 4.76778 4.75764 4.74762 4.73779 4.72819 4.71885 4.70981 4.70111 4.69276 4.6848 4.67723 4.67009 4.66337 4.65709 4.65126 4.64587 4.64092 4.63642 4.63235 4.62871 4.6255 4.62271 4.62032 4.61834 4.61676 4.61556 4.61475 4.61432 
4.60883 4.60918 4.60994 4.61111 4.6127 4.61471 4.61715 4.62003 4.62335 4.62713 4.63137 4.63607 4.64124 4.64689 4.65302 4.65962 4.66669 4.67423 4.68222 4.69065 4.6995 4.70874 4.71835 4.7283 4.73855 4.74906 4.75978 4.77068 4.78169 4.79276 4.80384 4.81487 4.8258 4.83655 4.84707 4.85731 4.86719 4.87667 4.88569 4.89419 4.90213 4.90945 4.91612 4.92208 4.92732 4.93178 4.93546 4.93831 4.94034 4.94152 4.94185 4.94133 4.93995 4.93774 4.9347 4.93085 4.92621 4.92082 4.91471 4.90792 4.90048 4.89245 4.88388 4.87481 4.8653 4.8554 4.84519 4.83471 4.82402 4.8132 4.80229 4.79135 4.78045 4.76964 4.75896 4.74848 4.73822 4.72825 4.71859 4.70928 4.70034 4.69182 4.68371 4.67605 4.66885 4.66211 4.65584 4.65005 4.64473 4.63988 4.6355 4.63158 4.62812 4.6251 4.62252 4.62038 4.61866 4.61736 4.61648 4.61601 
4.61055 4.61092 4.61173 4.61298 4.61468 4.61683 4.61944 4.62253 4.62609 4.63013 4.63467 4.6397 4.64524 4.65128 4.65783 4.66489 4.67245 4.6805 4.68903 4.69803 4.70747 4.71732 4.72756 4.73815 4.74906 4.76024 4.77164 4.78321 4.79489 4.80664 4.8184 4.83009 4.84166 4.85304 4.86418 4.875 4.88545 4.89547 4.90499 4.91397 4.92234 4.93007 4.9371 4.94339 4.9489 4.95361 4.95748 4.96049 4.96262 4.96386 4.9642 4.96365 4.9622 4.95986 4.95665 4.95259 4.9477 4.94201 4.93557 4.92839 4.92054 4.91206 4.90299 4.8934 4.88334 4.87288 4.86206 4.85096 4.83964 4.82817 4.81659 4.80499 4.79341 4.78192 4.77057 4.75942 4.74851 4.73788 4.72759 4.71766 4.70813 4.69903 4.69038 4.68219 4.67449 4.66727 4.66056 4.65436 4.64865 4.64345 4.63875 4.63454 4.63082 4.62757 4.6248 4.62249 4.62063 4.61923 4.61827 4.61776 
4.61234 4.61272 4.61357 4.61491 4.61672 4.61902 4.62181 4.6251 4.6289 4.63322 4.63806 4.64343 4.64934 4.65579 4.66278 4.6703 4.67836 4.68693 4.69601 4.70558 4.71562 4.72609 4.73697 4.74821 4.75978 4.77164 4.78372 4.79597 4.80834 4.82077 4.8332 4.84555 4.85777 4.86979 4.88154 4.89295 4.90397 4.91452 4.92455 4.934 4.94281 4.95094 4.95833 4.96494 4.97073 4.97568 4.97974 4.9829 4.98514 4.98644 4.9868 4.98621 4.98469 4.98223 4.97885 4.97458 4.96944 4.96346 4.95667 4.94912 4.94085 4.93192 4.92237 4.91226 4.90165 4.89061 4.8792 4.86747 4.85551 4.84338 4.83114 4.81886 4.80661 4.79443 4.78241 4.77058 4.759 4.74772 4.73678 4.72623 4.7161 4.70641 4.69719 4.68847 4.68026 4.67257 4.6654 4.65877 4.65268 4.64712 4.64209 4.63758 4.63359 4.63011 4.62713 4.62465 4.62266 4.62115 4.62012 4.61956 
4.61417 4.61457 4.61547 4.61689 4.61881 4.62126 4.62423 4.62773 4.63178 4.63638 4.64153 4.64725 4.65354 4.6604 4.66783 4.67583 4.68438 4.69349 4.70313 4.71328 4.72392 4.73501 4.74653 4.75844 4.77068 4.78321 4.79597 4.80891 4.82197 4.83508 4.84818 4.8612 4.87406 4.88671 4.89907 4.91107 4.92265 4.93374 4.94427 4.95419 4.96344 4.97196 4.97971 4.98664 4.99271 4.99789 5.00215 5.00545 5.0078 5.00916 5.00953 5.00892 5.00732 5.00474 5.0012 4.99672 4.99133 4.98505 4.97793 4.97001 4.96133 4.95195 4.94191 4.93129 4.92014 4.90852 4.89651 4.88417 4.87157 4.85878 4.84587 4.83292 4.81998 4.80712 4.79441 4.7819 4.76965 4.75771 4.74613 4.73495 4.7242 4.71392 4.70414 4.69487 4.68614 4.67796 4.67034 4.66328 4.65679 4.65087 4.6455 4.64069 4.63643 4.63271 4.62953 4.62688 4.62474 4.62312 4.62201 4.6214 
4.61604 4.61645 4.61741 4.61891 4.62095 4.62355 4.6267 4.63042 4.63472 4.6396 4.64508 4.65114 4.65782 4.66509 4.67297 4.68144 4.6905 4.70014 4.71034 4.72108 4.73233 4.74405 4.75621 4.76878 4.78169 4.79489 4.80834 4.82197 4.83571 4.8495 4.86327 4.87695 4.89046 4.90374 4.9167 4.92929 4.94142 4.95303 4.96406 4.97444 4.98412 4.99303 5.00114 5.00838 5.01473 5.02014 5.02459 5.02804 5.03049 5.03191 5.0323 5.03165 5.02998 5.02728 5.02358 5.0189 5.01326 5.0067 4.99925 4.99096 4.98187 4.97205 4.96153 4.9504 4.93871 4.92652 4.91392 4.90096 4.88772 4.87429 4.86071 4.84708 4.83346 4.81992 4.80653 4.79334 4.78042 4.76782 4.75558 4.74377 4.7324 4.72153 4.71118 4.70136 4.69212 4.68344 4.67536 4.66787 4.66097 4.65468 4.64897 4.64386 4.63932 4.63537 4.63197 4.62914 4.62687 4.62513 4.62394 4.62329 
4.61794 4.61838 4.61938 4.62097 4.62313 4.62588 4.62922 4.63316 4.63771 4.64287 4.64867 4.65509 4.66214 4.66984 4.67816 4.68712 4.69669 4.70686 4.71763 4.72895 4.7408 4.75315 4.76596 4.77918 4.79276 4.80664 4.82077 4.83508 4.8495 4.86397 4.8784 4.89273 4.90688 4.92078 4.93434 4.9475 4.96018 4.97231 4.98383 4.99467 5.00476 5.01406 5.02251 5.03006 5.03668 5.04232 5.04695 5.05055 5.05309 5.05457 5.05498 5.05431 5.05256 5.04975 5.0459 5.04101 5.03513 5.02829 5.02052 5.01186 5.00238 4.99212 4.98114 4.9695 4.95728 4.94453 4.93134 4.91777 4.90391 4.88983 4.8756 4.8613 4.847 4.83278 4.8187 4.80484 4.79125 4.77798 4.7651 4.75265 4.74067 4.7292 4.71828 4.70792 4.69815 4.68898 4.68043 4.6725 4.6652 4.65853 4.65249 4.64707 4.64226 4.63805 4.63445 4.63145 4.62902 4.62718 4.62591 4.62521 
4.61986 4.62032 4.62138 4.62305 4.62533 4.62823 4.63176 4.63592 4.64072 4.64617 4.65229 4.65906 4.66651 4.67462 4.68339 4.69282 4.7029 4.71362 4.72494 4.73685 4.74931 4.76228 4.77573 4.7896 4.80384 4.8184 4.8332 4.84818 4.86327 4.8784 4.89349 4.90846 4.92324 4.93775 4.9519 4.96562 4.97884 4.99148 5.00347 5.01475 5.02526 5.03494 5.04372 5.05158 5.05845 5.06431 5.06913 5.07287 5.07551 5.07705 5.07747 5.07677 5.07496 5.07204 5.06803 5.06295 5.05684 5.04972 5.04163 5.03263 5.02275 5.01207 5.00063 4.9885 4.97575 4.96245 4.94869 4.93452 4.92004 4.90532 4.89044 4.87548 4.86052 4.84562 4.83087 4.81634 4.80208 4.78816 4.77463 4.76155 4.74896 4.7369 4.7254 4.7145 4.7042 4.69454 4.68553 4.67717 4.66946 4.66242 4.65603 4.6503 4.64521 4.64077 4.63696 4.63377 4.6312 4.62925 4.6279 4.62715 
4.6218 4.62228 4.62339 4.62514 4.62754 4.6306 4.63431 4.63869 4.64375 4.64949 4.65592 4.66305 4.67088 4.67941 4.68863 4.69854 4.70912 4.72037 4.73224 4.74473 4.75779 4.77138 4.78546 4.79998 4.81487 4.83009 4.84555 4.8612 4.87695 4.89273 4.90846 4.92407 4.93946 4.95456 4.96928 4.98355 4.9973 5.01043 5.02289 5.03461 5.04551 5.05555 5.06467 5.07281 5.07994 5.08602 5.09101 5.09488 5.09763 5.09922 5.09965 5.09893 5.09705 5.09402 5.08987 5.0846 5.07826 5.07088 5.06249 5.05314 5.04289 5.03179 5.0199 5.00729 4.99404 4.9802 4.96587 4.95112 4.93604 4.92069 4.90518 4.88957 4.87395 4.85839 4.84298 4.82778 4.81287 4.7983 4.78413 4.77043 4.75723 4.74458 4.73252 4.72107 4.71026 4.70011 4.69063 4.68183 4.67373 4.66631 4.65959 4.65354 4.64818 4.64349 4.63947 4.63611 4.63339 4.63133 4.6299 4.62911 
4.62374 4.62423 4.6254 4.62724 4.62976 4.63297 4.63686 4.64146 4.64677 4.6528 4.65955 4.66703 4.67524 4.68418 4.69384 4.70422 4.71531 4.72707 4.7395 4.75256 4.76621 4.78041 4.79511 4.81026 4.8258 4.84166 4.85777 4.87406 4.89046 4.90688 4.92324 4.93946 4.95545 4.97113 4.98641 5.00121 5.01546 5.02908 5.04199 5.05413 5.06542 5.07581 5.08524 5.09367 5.10104 5.10733 5.11249 5.11649 5.11933 5.12097 5.12142 5.12068 5.11873 5.1156 5.11131 5.10586 5.0993 5.09166 5.08298 5.0733 5.06268 5.05118 5.03886 5.02579 5.01204 4.99769 4.98281 4.96749 4.95181 4.93586 4.91972 4.90348 4.88722 4.87101 4.85495 4.8391 4.82355 4.80834 4.79355 4.77923 4.76544 4.75221 4.73958 4.7276 4.71628 4.70564 4.6957 4.68648 4.67798 4.67019 4.66313 4.65678 4.65114 4.64621 4.64198 4.63844 4.63559 4.63341 4.6319 4.63106 
4.62567 4.62618 4.6274 4.62933 4.63197 4.63532 4.6394 4.64422 4.64977 4.65608 4.66315 4.67097 4.67956 4.6889 4.699 4.70985 4.72142 4.7337 4.74667 4.76029 4.77451 4.78931 4.80462 4.82038 4.83655 4.85304 4.86979 4.88671 4.90374 4.92078 4.93775 4.95456 4.97113 4.98736 5.00319 5.01851 5.03325 5.04733 5.06067 5.07321 5.08487 5.0956 5.10534 5.11404 5.12165 5.12813 5.13345 5.13758 5.14051 5.14221 5.14267 5.1419 5.1399 5.13667 5.13224 5.12663 5.11986 5.11197 5.103 5.09301 5.08204 5.07016 5.05742 5.0439 5.02967 5.01482 4.99941 4.98354 4.96729 4.95075 4.93401 4.91715 4.90026 4.88342 4.86673 4.85025 4.83406 4.81823 4.80283 4.78791 4.77353 4.75973 4.74656 4.73405 4.72222 4.71111 4.70072 4.69108 4.68218 4.67403 4.66664 4.65999 4.65408 4.64892 4.64448 4.64076 4.63776 4.63548 4.63389 4.63301 
4.62758 4.62811 4.62938 4.63139 4.63415 4.63765 4.64191 4.64694 4.65274 4.65932 4.66669 4.67486 4.68381 4.69355 4.70408 4.71538 4.72743 4.74022 4.75371 4.76787 4.78266 4.79803 4.81393 4.8303 4.84707 4.86418 4.88154 4.89907 4.9167 4.93434 4.9519 4.96928 4.98641 5.00319 5.01953 5.03534 5.05055 5.06508 5.07884 5.09176 5.10378 5.11483 5.12486 5.13382 5.14165 5.14832 5.1538 5.15805 5.16106 5.16281 5.16329 5.1625 5.16044 5.15712 5.15256 5.14678 5.13982 5.13169 5.12246 5.11217 5.10086 5.08861 5.07547 5.06153 5.04684 5.0315 5.01559 4.99918 4.98238 4.96527 4.94795 4.93049 4.913 4.89555 4.87824 4.86115 4.84435 4.82792 4.81192 4.79642 4.78146 4.76711 4.75341 4.74038 4.72807 4.71649 4.70566 4.6956 4.68632 4.67782 4.6701 4.66315 4.65698 4.65158 4.64694 4.64306 4.63992 4.63752 4.63586 4.63493 
4.62945 4.63001 4.63133 4.63342 4.63629 4.63994 4.64437 4.64961 4.65565 4.6625 4.67017 4.67866 4.68797 4.6981 4.70904 4.72078 4.7333 4.74657 4.76057 4.77526 4.7906 4.80653 4.823 4.83995 4.85731 4.875 4.89295 4.91107 4.92929 4.9475 4.96562 4.98355 5.00121 5.01851 5.03534 5.05163 5.06729 5.08224 5.09639 5.10968 5.12204 5.1334 5.14371 5.15291 5.16096 5.16781 5.17343 5.1778 5.18089 5.18269 5.18318 5.18237 5.18026 5.17685 5.17217 5.16624 5.15908 5.15074 5.14125 5.13067 5.11905 5.10644 5.09293 5.07857 5.06345 5.04765 5.03125 5.01434 4.99701 4.97936 4.96147 4.94344 4.92537 4.90734 4.88944 4.87175 4.85436 4.83734 4.82077 4.8047 4.7892 4.77431 4.76009 4.74656 4.73377 4.72174 4.71049 4.70003 4.69037 4.68152 4.67348 4.66625 4.65982 4.65419 4.64936 4.64531 4.64203 4.63953 4.6378 4.63683 
4.63129 4.63186 4.63323 4.6354 4.63838 4.64217 4.64677 4.65221 4.65848 4.66559 4.67355 4.68236 4.69202 4.70252 4.71386 4.72602 4.73899 4.75273 4.76722 4.78242 4.79828 4.81475 4.83177 4.84927 4.86719 4.88545 4.90397 4.92265 4.94142 4.96018 4.97884 4.9973 5.01546 5.03325 5.05055 5.06729 5.08337 5.09872 5.11325 5.12689 5.13957 5.15122 5.16179 5.17122 5.17947 5.18649 5.19225 5.19673 5.1999 5.20174 5.20225 5.20142 5.19926 5.19577 5.19098 5.1849 5.17756 5.16901 5.15928 5.14843 5.13651 5.12357 5.1097 5.09496 5.07942 5.06318 5.04632 5.02893 5.0111 4.99292 4.9745 4.95593 4.9373 4.91871 4.90024 4.88199 4.86403 4.84646 4.82933 4.81272 4.79668 4.78128 4.76655 4.75255 4.7393 4.72683 4.71517 4.70432 4.6943 4.68512 4.67677 4.66926 4.66259 4.65674 4.65171 4.6475 4.64409 4.64149 4.63969 4.63867 
4.63306 4.63366 4.63507 4.63732 4.6404 4.64432 4.6491 4.65472 4.66121 4.66858 4.67681 4.68593 4.69592 4.70678 4.71851 4.73107 4.74447 4.75866 4.77362 4.7893 4.80566 4.82264 4.84018 4.85822 4.87667 4.89547 4.91452 4.93374 4.95303 4.97231 4.99148 5.01043 5.02908 5.04733 5.06508 5.08224 5.09872 5.11444 5.12933 5.14329 5.15627 5.16819 5.17901 5.18865 5.19709 5.20427 5.21017 5.21475 5.21799 5.21987 5.22039 5.21955 5.21734 5.21378 5.20888 5.20266 5.19516 5.18642 5.17647 5.16536 5.15315 5.13991 5.1257 5.11059 5.09467 5.07801 5.06072 5.04287 5.02456 5.0059 4.98697 4.96788 4.94872 4.9296 4.91059 4.8918 4.87331 4.8552 4.83754 4.82041 4.80387 4.78798 4.77278 4.75831 4.74462 4.73174 4.71968 4.70846 4.69809 4.68859 4.67995 4.67217 4.66526 4.6592 4.65399 4.64962 4.64609 4.64339 4.64151 4.64046 
4.63477 4.63538 4.63684 4.63916 4.64235 4.6464 4.65132 4.65713 4.66384 4.67144 4.67994 4.68935 4.69965 4.71086 4.72294 4.7359 4.7497 4.76432 4.77972 4.79586 4.8127 4.83016 4.8482 4.86673 4.88569 4.90499 4.92455 4.94427 4.96406 4.98383 5.00347 5.02289 5.04199 5.06067 5.07884 5.09639 5.11325 5.12933 5.14454 5.15881 5.17206 5.18424 5.19528 5.20513 5.21375 5.22108 5.22709 5.23177 5.23508 5.237 5.23754 5.23668 5.23442 5.23079 5.22579 5.21945 5.2118 5.20287 5.19271 5.18137 5.1689 5.15537 5.14084 5.12539 5.10911 5.09207 5.07436 5.05609 5.03733 5.01821 4.99881 4.97923 4.95958 4.93995 4.92043 4.90113 4.88213 4.86352 4.84536 4.82774 4.81072 4.79436 4.77871 4.76381 4.7497 4.73642 4.72398 4.71241 4.70172 4.69191 4.68299 4.67496 4.66782 4.66155 4.65617 4.65165 4.648 4.64521 4.64327 4.64218 
4.63639 4.63702 4.63853 4.64092 4.64419 4.64837 4.65344 4.65943 4.66633 4.67416 4.68291 4.69259 4.70319 4.71472 4.72715 4.74047 4.75465 4.76967 4.78549 4.80206 4.81934 4.83726 4.85576 4.87476 4.89419 4.91397 4.934 4.95419 4.97444 4.99467 5.01475 5.03461 5.05413 5.07321 5.09176 5.10968 5.12689 5.14329 5.15881 5.17336 5.18687 5.19929 5.21054 5.22058 5.22935 5.23682 5.24295 5.24771 5.25108 5.25304 5.25359 5.25272 5.25043 5.24673 5.24164 5.23519 5.22739 5.2183 5.20795 5.19638 5.18367 5.16987 5.15505 5.13929 5.12267 5.10527 5.08718 5.06851 5.04934 5.02979 5.00994 4.98991 4.96979 4.94969 4.92971 4.90993 4.89046 4.87137 4.85275 4.83467 4.81719 4.80039 4.78432 4.76901 4.75451 4.74085 4.72806 4.71616 4.70515 4.69506 4.68587 4.6776 4.67024 4.66379 4.65824 4.65359 4.64982 4.64694 4.64494 4.64382 
4.63793 4.63857 4.64012 4.64257 4.64594 4.65022 4.65544 4.66158 4.66867 4.67671 4.68569 4.69563 4.70651 4.71834 4.73109 4.74474 4.75929 4.77468 4.79089 4.80786 4.82555 4.84389 4.86282 4.88226 4.90213 4.92234 4.94281 4.96344 4.98412 5.00476 5.02526 5.04551 5.06542 5.08487 5.10378 5.12204 5.13957 5.15627 5.17206 5.18687 5.20063 5.21326 5.2247 5.23491 5.24383 5.25143 5.25766 5.2625 5.26593 5.26793 5.26848 5.2676 5.26527 5.26152 5.25635 5.24979 5.24187 5.23262 5.22209 5.21033 5.19739 5.18335 5.16826 5.15221 5.13527 5.11754 5.09911 5.08007 5.06052 5.04057 5.02032 4.99987 4.97932 4.95879 4.93836 4.91814 4.89823 4.8787 4.85964 4.84113 4.82324 4.80604 4.78956 4.77387 4.75901 4.74501 4.73189 4.71967 4.70838 4.69801 4.68858 4.68009 4.67253 4.6659 4.66019 4.65541 4.65154 4.64858 4.64652 4.64536 
4.63935 4.64001 4.64159 4.64411 4.64756 4.65195 4.65729 4.66359 4.67085 4.67908 4.68828 4.69845 4.70959 4.72169 4.73474 4.74871 4.76358 4.77932 4.79588 4.81322 4.83129 4.85002 4.86934 4.88918 4.90945 4.93007 4.95094 4.97196 4.99303 5.01406 5.03494 5.05555 5.07581 5.0956 5.11483 5.1334 5.15122 5.16819 5.18424 5.19929 5.21326 5.22608 5.2377 5.24807 5.25712 5.26483 5.27116 5.27607 5.27955 5.28158 5.28215 5.28125 5.2789 5.27509 5.26985 5.26319 5.25515 5.24577 5.23508 5.22314 5.21 5.19573 5.1804 5.16408 5.14687 5.12884 5.11009 5.09071 5.07082 5.0505 5.02987 5.00904 4.9881 4.96717 4.94634 4.92572 4.9054 4.88547 4.86601 4.84711 4.82884 4.81125 4.79442 4.77838 4.76318 4.74885 4.73543 4.72293 4.71136 4.70075 4.69109 4.68239 4.67465 4.66785 4.66201 4.6571 4.65313 4.6501 4.64798 4.6468 
4.64066 4.64133 4.64295 4.64552 4.64905 4.65353 4.65899 4.66543 4.67284 4.68125 4.69065 4.70104 4.71241 4.72476 4.73807 4.75233 4.7675 4.78355 4.80043 4.81811 4.83652 4.85561 4.87528 4.89548 4.91612 4.9371 4.95833 4.97971 5.00114 5.02251 5.04372 5.06467 5.08524 5.10534 5.12486 5.14371 5.16179 5.17901 5.19528 5.21054 5.2247 5.2377 5.24948 5.25998 5.26916 5.27697 5.28338 5.28836 5.29189 5.29395 5.29453 5.29362 5.29124 5.28738 5.28207 5.27533 5.26719 5.25768 5.24685 5.23474 5.22143 5.20696 5.19141 5.17486 5.15739 5.13908 5.12005 5.10037 5.08016 5.05952 5.03856 5.01737 4.99608 4.97479 4.9536 4.93261 4.91192 4.89163 4.87181 4.85256 4.83393 4.81601 4.79884 4.78248 4.76698 4.75236 4.73866 4.7259 4.71409 4.70326 4.69339 4.6845 4.67659 4.66965 4.66367 4.65866 4.6546 4.65149 4.64933 4.64812 
4.64185 4.64253 4.64418 4.6468 4.65039 4.65496 4.66053 4.66708 4.67464 4.68321 4.69278 4.70336 4.71494 4.72752 4.74107 4.75558 4.77101 4.78734 4.80452 4.8225 4.84122 4.86061 4.88061 4.90113 4.92208 4.94339 4.96494 4.98664 5.00838 5.03006 5.05158 5.07281 5.09367 5.11404 5.13382 5.15291 5.17122 5.18865 5.20513 5.22058 5.23491 5.24807 5.25998 5.27061 5.27989 5.2878 5.29428 5.29932 5.30289 5.30497 5.30556 5.30464 5.30223 5.29834 5.29297 5.28616 5.27792 5.2683 5.25734 5.2451 5.23162 5.21697 5.20123 5.18447 5.16677 5.14823 5.12894 5.109 5.08851 5.06758 5.04632 5.02483 5.00322 4.98161 4.96009 4.93878 4.91777 4.89715 4.87701 4.85744 4.8385 4.82027 4.80281 4.78617 4.77039 4.75551 4.74157 4.72857 4.71655 4.70551 4.69546 4.6864 4.67834 4.67126 4.66517 4.66006 4.65592 4.65275 4.65055 4.64931 
4.6429 4.64359 4.64527 4.64793 4.65158 4.65623 4.66188 4.66855 4.67623 4.68494 4.69466 4.70541 4.71718 4.72995 4.74371 4.75844 4.77411 4.79068 4.80811 4.82635 4.84533 4.865 4.88528 4.90608 4.92732 4.9489 4.97073 4.99271 5.01473 5.03668 5.05845 5.07994 5.10104 5.12165 5.14165 5.16096 5.17947 5.19709 5.21375 5.22935 5.24383 5.25712 5.26916 5.27989 5.28927 5.29725 5.3038 5.30889 5.31249 5.3146 5.31519 5.31427 5.31184 5.30791 5.30249 5.29561 5.2873 5.27759 5.26652 5.25415 5.24053 5.22573 5.20982 5.19288 5.17499 5.15624 5.13673 5.11655 5.09582 5.07464 5.05311 5.03135 5.00947 4.98758 4.96579 4.94419 4.92289 4.90199 4.88157 4.86172 4.84251 4.82402 4.8063 4.78941 4.77339 4.75829 4.74412 4.73093 4.71872 4.7075 4.69729 4.68808 4.67988 4.67269 4.6665 4.6613 4.65709 4.65387 4.65163 4.65037 
4.6438 4.64451 4.64621 4.6489 4.65261 4.65732 4.66305 4.66981 4.6776 4.68642 4.69628 4.70717 4.71909 4.73203 4.74597 4.76089 4.77676 4.79354 4.81118 4.82964 4.84885 4.86875 4.88927 4.9103 4.93178 4.95361 4.97568 4.99789 5.02014 5.04232 5.06431 5.08602 5.10733 5.12813 5.14832 5.16781 5.18649 5.20427 5.22108 5.23682 5.25143 5.26483 5.27697 5.2878 5.29725 5.3053 5.3119 5.31703 5.32067 5.32279 5.32339 5.32247 5.32002 5.31606 5.3106 5.30366 5.29528 5.28549 5.27433 5.26185 5.24812 5.23319 5.21713 5.20004 5.18198 5.16306 5.14336 5.12299 5.10205 5.08065 5.0589 5.03692 5.01481 4.99268 4.97064 4.9488 4.92726 4.90612 4.88546 4.86538 4.84594 4.82722 4.80929 4.79218 4.77596 4.76066 4.74632 4.73295 4.72057 4.70921 4.69886 4.68952 4.68121 4.67392 4.66764 4.66237 4.6581 4.65483 4.65256 4.65128 
4.64456 4.64527 4.64699 4.64972 4.65346 4.65823 4.66403 4.67086 4.67873 4.68765 4.69762 4.70863 4.72068 4.73376 4.74784 4.76291 4.77894 4.79589 4.81371 4.83235 4.85175 4.87184 4.89255 4.91378 4.93546 4.95748 4.97974 5.00215 5.02459 5.04695 5.06913 5.09101 5.11249 5.13345 5.1538 5.17343 5.19225 5.21017 5.22709 5.24295 5.25766 5.27116 5.28338 5.29428 5.3038 5.3119 5.31855 5.32372 5.32738 5.32952 5.33012 5.32919 5.32673 5.32274 5.31725 5.31027 5.30183 5.29197 5.28074 5.26817 5.25434 5.2393 5.22314 5.20591 5.18772 5.16865 5.1488 5.12827 5.10716 5.08559 5.06366 5.04149 5.01919 4.99687 4.97463 4.9526 4.93086 4.90952 4.88867 4.86839 4.84877 4.82986 4.81175 4.79447 4.77808 4.76263 4.74813 4.73462 4.72211 4.71062 4.70016 4.69072 4.68232 4.67494 4.66859 4.66326 4.65894 4.65564 4.65334 4.65204 
4.64516 4.64588 4.64761 4.65036 4.65414 4.65895 4.6648 4.67169 4.67963 4.68862 4.69867 4.70977 4.72192 4.73511 4.7493 4.7645 4.78065 4.79773 4.81569 4.83447 4.85401 4.87425 4.8951 4.91649 4.93831 4.96049 4.9829 5.00545 5.02804 5.05055 5.07287 5.09488 5.11649 5.13758 5.15805 5.1778 5.19673 5.21475 5.23177 5.24771 5.2625 5.27607 5.28836 5.29932 5.30889 5.31703 5.32372 5.32891 5.33259 5.33474 5.33535 5.33442 5.33194 5.32794 5.32242 5.3154 5.30692 5.29701 5.28571 5.27308 5.25918 5.24406 5.2278 5.21048 5.19218 5.173 5.15303 5.13237 5.11113 5.08942 5.06736 5.04504 5.02259 5.00012 4.97774 4.95555 4.93366 4.91217 4.89117 4.87074 4.85097 4.83192 4.81367 4.79626 4.77974 4.76416 4.74955 4.73592 4.72331 4.71173 4.70118 4.69166 4.68319 4.67575 4.66934 4.66396 4.65961 4.65627 4.65395 4.65265 
4.6456 4.64632 4.64807 4.65084 4.65464 4.65947 4.66535 4.67229 4.68028 4.68932 4.69943 4.7106 4.72282 4.73607 4.75035 4.76563 4.78187 4.79904 4.8171 4.83598 4.85562 4.87596 4.89692 4.91841 4.94034 4.96262 4.98514 5.0078 5.03049 5.05309 5.07551 5.09763 5.11933 5.14051 5.16106 5.18089 5.1999 5.21799 5.23508 5.25108 5.26593 5.27955 5.29189 5.30289 5.31249 5.32067 5.32738 5.33259 5.33628 5.33844 5.33906 5.33812 5.33564 5.33162 5.32607 5.31903 5.31052 5.30057 5.28924 5.27656 5.2626 5.24742 5.23109 5.2137 5.19533 5.17607 5.15601 5.13527 5.11394 5.09214 5.06997 5.04755 5.025 5.00242 4.97993 4.95764 4.93564 4.91404 4.89294 4.8724 4.85253 4.83338 4.81503 4.79753 4.78092 4.76526 4.75056 4.73686 4.72418 4.71253 4.70191 4.69234 4.68382 4.67633 4.66989 4.66448 4.66009 4.65674 4.6544 4.65309 
4.64588 4.6466 4.64835 4.65113 4.65494 4.6598 4.6657 4.67266 4.68067 4.68975 4.69989 4.71109 4.72335 4.73665 4.75098 4.7663 4.78259 4.79982 4.81793 4.83686 4.85656 4.87696 4.89798 4.91953 4.94152 4.96386 4.98644 5.00916 5.03191 5.05457 5.07705 5.09922 5.12097 5.14221 5.16281 5.18269 5.20174 5.21987 5.237 5.25304 5.26793 5.28158 5.29395 5.30497 5.3146 5.32279 5.32952 5.33474 5.33844 5.34061 5.34122 5.34028 5.3378 5.33377 5.32821 5.32115 5.31262 5.30265 5.29129 5.27858 5.26459 5.24937 5.23301 5.21558 5.19716 5.17785 5.15775 5.13695 5.11557 5.09371 5.07149 5.04901 5.0264 5.00376 4.98121 4.95885 4.9368 4.91514 4.89397 4.87338 4.85344 4.83424 4.81583 4.79828 4.78162 4.76591 4.75116 4.73742 4.7247 4.71301 4.70236 4.69275 4.6842 4.67669 4.67022 4.66479 4.6604 4.65703 4.65469 4.65337 
