4.77126 4.77145 4.77169 4.772 4.77236 4.77278 4.77327 4.77382 4.77443 4.7751 4.77584 4.77666 4.77754 4.7785 4.77953 4.78063 4.78182 4.78308 4.78442 4.78584 4.78734 4.78891 4.79055 4.79226 4.79404 4.79588 4.79777 4.7997 4.80168 4.80368 4.80571 4.80774 4.80978 4.8118 4.8138 4.81576 4.81767 4.81951 4.82129 4.82298 4.82456 4.82604 4.8274 4.82863 4.82971 4.83065 4.83143 4.83205 4.8325 4.83278 4.8329 4.83284 4.8326 4.8322 4.83163 4.8309 4.83002 4.82899 4.82782 4.82651 4.82509 4.82356 4.82193 4.82022 4.81843 4.81659 4.81469 4.81277 4.81082 4.80886 4.8069 4.80495 4.80303 4.80115 4.7993 4.79751 4.79578 4.79412 4.79253 4.79101 4.78958 4.78823 4.78696 4.78579 4.7847 4.7837 4.78279 4.78197 4.78124 4.78058 4.78002 4.77953 4.77912 4.77878 4.77852 4.77832 4.77819 4.77813 4.77814 4.7782 
4.77145 4.77163 4.77188 4.77218 4.77255 4.77297 4.77346 4.77401 4.77462 4.7753 4.77605 4.77687 4.77776 4.77872 4.77976 4.78087 4.78207 4.78334 4.78469 4.78612 4.78763 4.78922 4.79087 4.7926 4.7944 4.79625 4.79816 4.80011 4.80211 4.80413 4.80617 4.80823 4.81028 4.81232 4.81434 4.81632 4.81825 4.82011 4.82191 4.82361 4.82521 4.82671 4.82808 4.82931 4.83041 4.83136 4.83214 4.83277 4.83323 4.83351 4.83362 4.83356 4.83333 4.83292 4.83235 4.83161 4.83072 4.82967 4.82849 4.82718 4.82574 4.82419 4.82255 4.82082 4.81901 4.81715 4.81524 4.81329 4.81132 4.80934 4.80736 4.8054 4.80346 4.80156 4.7997 4.79789 4.79614 4.79446 4.79285 4.79132 4.78987 4.78851 4.78724 4.78605 4.78495 4.78395 4.78303 4.7822 4.78146 4.7808 4.78023 4.77973 4.77932 4.77898 4.77871 4.77851 4.77838 4.77832 4.77832 4.77839 
4.77169 4.77188 4.77213 4.77244 4.77281 4.77324 4.77373 4.77429 4.77492 4.77561 4.77638 4.77721 4.77812 4.77911 4.78017 4.78131 4.78253 4.78384 4.78522 4.78669 4.78824 4.78986 4.79156 4.79333 4.79517 4.79707 4.79903 4.80103 4.80308 4.80515 4.80725 4.80936 4.81146 4.81355 4.81562 4.81765 4.81963 4.82154 4.82337 4.82512 4.82676 4.82829 4.8297 4.83096 4.83209 4.83305 4.83386 4.8345 4.83497 4.83526 4.83537 4.83531 4.83507 4.83465 4.83406 4.8333 4.83239 4.83132 4.8301 4.82875 4.82728 4.8257 4.82401 4.82223 4.82038 4.81847 4.81651 4.81451 4.81249 4.81046 4.80843 4.80642 4.80443 4.80248 4.80057 4.79871 4.79692 4.79519 4.79354 4.79197 4.79048 4.78908 4.78777 4.78655 4.78542 4.78439 4.78344 4.78259 4.78183 4.78115 4.78056 4.78005 4.77962 4.77926 4.77899 4.77878 4.77864 4.77858 4.77857 4.77863 
4.772 4.77218 4.77244 4.77275 4.77313 4.77357 4.77408 4.77466 4.77531 4.77603 4.77682 4.77769 4.77863 4.77965 4.78076 4.78195 4.78322 4.78457 4.78602 4.78754 4.78915 4.79084 4.79261 4.79446 4.79637 4.79835 4.80039 4.80247 4.8046 4.80676 4.80894 4.81113 4.81332 4.8155 4.81764 4.81975 4.82181 4.82379 4.8257 4.82751 4.82922 4.83081 4.83226 4.83358 4.83474 4.83575 4.83658 4.83724 4.83773 4.83803 4.83814 4.83808 4.83782 4.83739 4.83677 4.83599 4.83503 4.83392 4.83266 4.83125 4.82972 4.82807 4.82632 4.82447 4.82255 4.82056 4.81852 4.81644 4.81433 4.81222 4.81011 4.80801 4.80594 4.8039 4.80192 4.79998 4.79811 4.79631 4.79459 4.79295 4.7914 4.78994 4.78857 4.78729 4.78611 4.78503 4.78404 4.78315 4.78234 4.78163 4.78101 4.78047 4.78001 4.77964 4.77934 4.77912 4.77897 4.77889 4.77888 4.77894 
4.77236 4.77255 4.77281 4.77313 4.77352 4.77398 4.77452 4.77512 4.7758 4.77655 4.77738 4.77829 4.77928 4.78036 4.78153 4.78278 4.78412 4.78555 4.78707 4.78868 4.79038 4.79216 4.79403 4.79598 4.798 4.80008 4.80223 4.80443 4.80667 4.80895 4.81125 4.81355 4.81586 4.81815 4.82041 4.82263 4.82479 4.82688 4.82888 4.83079 4.83258 4.83425 4.83578 4.83716 4.83838 4.83943 4.84031 4.841 4.84151 4.84182 4.84194 4.84187 4.8416 4.84114 4.84049 4.83966 4.83866 4.83748 4.83615 4.83468 4.83306 4.83133 4.82948 4.82753 4.82551 4.82341 4.82126 4.81907 4.81685 4.81462 4.8124 4.81018 4.808 4.80585 4.80375 4.80171 4.79973 4.79783 4.79601 4.79427 4.79263 4.79108 4.78963 4.78827 4.78702 4.78587 4.78482 4.78386 4.78301 4.78225 4.78158 4.781 4.78051 4.78011 4.77978 4.77954 4.77937 4.77928 4.77926 4.77931 
4.77278 4.77297 4.77324 4.77357 4.77398 4.77447 4.77503 4.77567 4.77638 4.77718 4.77806 4.77903 4.78009 4.78124 4.78248 4.78381 4.78524 4.78677 4.78839 4.79011 4.79193 4.79383 4.79582 4.7979 4.80005 4.80228 4.80457 4.80691 4.8093 4.81173 4.81418 4.81663 4.81909 4.82152 4.82393 4.82629 4.82858 4.83081 4.83293 4.83496 4.83686 4.83863 4.84025 4.84172 4.84301 4.84413 4.84505 4.84579 4.84632 4.84665 4.84677 4.84669 4.8464 4.84591 4.84522 4.84433 4.84326 4.84202 4.8406 4.83903 4.83731 4.83546 4.8335 4.83143 4.82927 4.82703 4.82474 4.82241 4.82005 4.81767 4.8153 4.81294 4.81061 4.80831 4.80607 4.80389 4.80177 4.79974 4.79779 4.79593 4.79417 4.79251 4.79095 4.7895 4.78815 4.78691 4.78578 4.78475 4.78382 4.783 4.78227 4.78165 4.78111 4.78066 4.7803 4.78003 4.77984 4.77973 4.77969 4.77973 
4.77327 4.77346 4.77373 4.77408 4.77452 4.77503 4.77562 4.7763 4.77707 4.77792 4.77887 4.77991 4.78105 4.78228 4.78362 4.78505 4.78659 4.78824 4.78999 4.79184 4.79379 4.79584 4.79799 4.80023 4.80255 4.80494 4.80741 4.80993 4.8125 4.8151 4.81773 4.82037 4.82301 4.82562 4.8282 4.83073 4.83319 4.83557 4.83785 4.84002 4.84206 4.84395 4.84568 4.84725 4.84863 4.84982 4.85081 4.85159 4.85216 4.85251 4.85264 4.85255 4.85223 4.8517 4.85096 4.85001 4.84886 4.84752 4.846 4.84431 4.84247 4.84049 4.83837 4.83615 4.83383 4.83144 4.82898 4.82647 4.82393 4.82137 4.81882 4.81628 4.81377 4.8113 4.80888 4.80653 4.80425 4.80205 4.79995 4.79794 4.79604 4.79424 4.79255 4.79097 4.78951 4.78816 4.78693 4.7858 4.78479 4.78389 4.78309 4.7824 4.78181 4.78131 4.78091 4.7806 4.78038 4.78024 4.78019 4.78022 
4.77382 4.77401 4.77429 4.77466 4.77512 4.77567 4.7763 4.77703 4.77786 4.77878 4.7798 4.78093 4.78216 4.78349 4.78494 4.7865 4.78817 4.78996 4.79186 4.79387 4.79599 4.79821 4.80054 4.80297 4.80548 4.80808 4.81075 4.81348 4.81626 4.81908 4.82193 4.82478 4.82763 4.83045 4.83324 4.83597 4.83863 4.84119 4.84365 4.84598 4.84818 4.85022 4.85208 4.85376 4.85525 4.85653 4.85759 4.85843 4.85904 4.85941 4.85954 4.85944 4.8591 4.85852 4.85772 4.85669 4.85545 4.854 4.85236 4.85053 4.84854 4.8464 4.84412 4.84172 4.83921 4.83662 4.83396 4.83125 4.8285 4.82573 4.82297 4.82022 4.81749 4.81481 4.81219 4.80964 4.80716 4.80477 4.80248 4.8003 4.79822 4.79626 4.79442 4.7927 4.7911 4.78962 4.78826 4.78703 4.78592 4.78492 4.78404 4.78327 4.78261 4.78205 4.7816 4.78125 4.78099 4.78083 4.78076 4.78078 
4.77443 4.77462 4.77492 4.77531 4.7758 4.77638 4.77707 4.77786 4.77875 4.77975 4.78086 4.78209 4.78343 4.78488 4.78646 4.78816 4.78999 4.79193 4.79401 4.7962 4.79851 4.80094 4.80348 4.80612 4.80886 4.81169 4.8146 4.81757 4.8206 4.82367 4.82676 4.82986 4.83295 4.83602 4.83904 4.842 4.84488 4.84766 4.85033 4.85285 4.85523 4.85743 4.85945 4.86126 4.86287 4.86425 4.8654 4.8663 4.86695 4.86735 4.86749 4.86737 4.867 4.86637 4.8655 4.86438 4.86303 4.86146 4.85968 4.8577 4.85554 4.85321 4.85073 4.84813 4.84541 4.84259 4.8397 4.83675 4.83376 4.83076 4.82775 4.82475 4.82178 4.81886 4.816 4.81322 4.81051 4.80791 4.8054 4.80301 4.80074 4.79859 4.79656 4.79467 4.79291 4.79129 4.78979 4.78843 4.7872 4.78609 4.78511 4.78426 4.78352 4.78289 4.78238 4.78198 4.78168 4.78148 4.78139 4.78139 
4.7751 4.7753 4.77561 4.77603 4.77655 4.77718 4.77792 4.77878 4.77975 4.78084 4.78205 4.78339 4.78486 4.78645 4.78818 4.79004 4.79204 4.79417 4.79644 4.79884 4.80138 4.80403 4.80681 4.8097 4.8127 4.81579 4.81897 4.82222 4.82552 4.82887 4.83224 4.83562 4.83899 4.84233 4.84562 4.84884 4.85197 4.85499 4.85788 4.86063 4.8632 4.86559 4.86778 4.86975 4.87149 4.87298 4.87422 4.8752 4.8759 4.87633 4.87648 4.87634 4.87593 4.87525 4.87429 4.87308 4.87161 4.8699 4.86796 4.8658 4.86345 4.86092 4.85822 4.85538 4.85242 4.84935 4.8462 4.84299 4.83973 4.83645 4.83316 4.82989 4.82665 4.82345 4.82032 4.81727 4.81431 4.81145 4.80871 4.80608 4.80358 4.80122 4.79899 4.79691 4.79497 4.79317 4.79152 4.79001 4.78864 4.78741 4.78632 4.78536 4.78453 4.78383 4.78325 4.78279 4.78244 4.78221 4.78209 4.78208 
4.77584 4.77605 4.77638 4.77682 4.77738 4.77806 4.77887 4.7798 4.78086 4.78205 4.78338 4.78485 4.78645 4.7882 4.7901 4.79214 4.79434 4.79668 4.79917 4.8018 4.80458 4.8075 4.81055 4.81371 4.817 4.82039 4.82386 4.82741 4.83103 4.83469 4.83837 4.84206 4.84574 4.84938 4.85297 4.85648 4.85989 4.86318 4.86632 4.86931 4.87211 4.87471 4.87708 4.87922 4.88111 4.88273 4.88407 4.88513 4.88589 4.88635 4.8865 4.88635 4.8859 4.88515 4.88411 4.88278 4.88118 4.87931 4.8772 4.87485 4.87229 4.86953 4.86659 4.86349 4.86026 4.85691 4.85347 4.84996 4.8464 4.84281 4.83921 4.83563 4.83208 4.82859 4.82516 4.82181 4.81856 4.81542 4.8124 4.80952 4.80677 4.80416 4.80171 4.79941 4.79726 4.79527 4.79344 4.79177 4.79025 4.78888 4.78766 4.78659 4.78566 4.78487 4.78421 4.78368 4.78329 4.78301 4.78286 4.78283 
4.77666 4.77687 4.77721 4.77769 4.77829 4.77903 4.77991 4.78093 4.78209 4.78339 4.78485 4.78645 4.78822 4.79014 4.79222 4.79447 4.79688 4.79945 4.80219 4.80509 4.80814 4.81134 4.81468 4.81816 4.82176 4.82547 4.82928 4.83317 4.83712 4.84113 4.84515 4.84918 4.8532 4.85718 4.86109 4.86492 4.86864 4.87222 4.87565 4.8789 4.88194 4.88477 4.88735 4.88968 4.89172 4.89348 4.89494 4.89608 4.8969 4.8974 4.89756 4.89739 4.8969 4.89608 4.89494 4.89349 4.89174 4.8897 4.8874 4.88484 4.88204 4.87903 4.87582 4.87244 4.86891 4.86525 4.8615 4.85766 4.85377 4.84984 4.84591 4.84199 4.8381 4.83427 4.83051 4.82683 4.82327 4.81982 4.8165 4.81332 4.81029 4.80742 4.80471 4.80217 4.7998 4.7976 4.79557 4.79371 4.79202 4.7905 4.78914 4.78794 4.7869 4.78601 4.78526 4.78466 4.78421 4.78389 4.7837 4.78365 
4.77754 4.77776 4.77812 4.77863 4.77928 4.78009 4.78105 4.78216 4.78343 4.78486 4.78645 4.78822 4.79015 4.79227 4.79456 4.79703 4.79968 4.8025 4.80551 4.80869 4.81204 4.81556 4.81923 4.82304 4.82699 4.83105 4.83523 4.83949 4.84381 4.84819 4.85259 4.85699 4.86138 4.86572 4.86999 4.87416 4.87821 4.88212 4.88585 4.88939 4.8927 4.89577 4.89858 4.9011 4.90333 4.90523 4.90681 4.90805 4.90894 4.90947 4.90964 4.90946 4.90891 4.90802 4.90677 4.90519 4.90328 4.90106 4.89855 4.89575 4.89271 4.88942 4.88592 4.88223 4.87838 4.87439 4.87028 4.86609 4.86184 4.85755 4.85324 4.84895 4.8447 4.8405 4.83637 4.83234 4.82843 4.82464 4.82099 4.81749 4.81416 4.811 4.80801 4.8052 4.80258 4.80015 4.7979 4.79584 4.79397 4.79227 4.79076 4.78942 4.78825 4.78725 4.78641 4.78573 4.78521 4.78484 4.78462 4.78455 
4.7785 4.77872 4.77911 4.77965 4.78036 4.78124 4.78228 4.78349 4.78488 4.78645 4.7882 4.79014 4.79227 4.79459 4.7971 4.79981 4.80273 4.80583 4.80913 4.81263 4.8163 4.82016 4.82418 4.82836 4.83268 4.83714 4.8417 4.84636 4.85109 4.85587 4.86068 4.86549 4.87027 4.875 4.87966 4.8842 4.88861 4.89286 4.89692 4.90076 4.90437 4.9077 4.91075 4.91349 4.9159 4.91797 4.91968 4.92102 4.92198 4.92255 4.92273 4.92253 4.92193 4.92095 4.91959 4.91787 4.91579 4.91337 4.91063 4.90759 4.90427 4.90069 4.89688 4.89286 4.88866 4.88431 4.87983 4.87525 4.87061 4.86592 4.86122 4.85653 4.85187 4.84727 4.84276 4.83834 4.83405 4.82989 4.82588 4.82204 4.81837 4.81489 4.8116 4.80851 4.80562 4.80293 4.80044 4.79816 4.79608 4.7942 4.79252 4.79103 4.78972 4.7886 4.78766 4.78689 4.7863 4.78587 4.78561 4.78551 
4.77953 4.77976 4.78017 4.78076 4.78153 4.78248 4.78362 4.78494 4.78646 4.78818 4.7901 4.79222 4.79456 4.7971 4.79986 4.80284 4.80603 4.80944 4.81306 4.81689 4.82092 4.82514 4.82954 4.83412 4.83885 4.84372 4.84871 4.85379 4.85896 4.86417 4.86941 4.87465 4.87987 4.88502 4.89008 4.89502 4.89982 4.90444 4.90885 4.91302 4.91693 4.92055 4.92385 4.92682 4.92943 4.93167 4.93352 4.93497 4.936 4.93662 4.93681 4.93658 4.93593 4.93486 4.93338 4.93151 4.92925 4.92662 4.92364 4.92034 4.91673 4.91283 4.90869 4.90431 4.89974 4.895 4.89012 4.88513 4.88007 4.87496 4.86983 4.8647 4.85962 4.85459 4.84965 4.84482 4.84012 4.83556 4.83117 4.82696 4.82293 4.81911 4.81549 4.81209 4.8089 4.80594 4.80319 4.80067 4.79837 4.79629 4.79442 4.79276 4.79131 4.79006 4.78901 4.78814 4.78747 4.78699 4.78668 4.78656 
4.78063 4.78087 4.78131 4.78195 4.78278 4.78381 4.78505 4.7865 4.78816 4.79004 4.79214 4.79447 4.79703 4.79981 4.80284 4.8061 4.8096 4.81333 4.81729 4.82148 4.82589 4.8305 4.83532 4.84031 4.84548 4.85079 4.85623 4.86178 4.8674 4.87308 4.87879 4.88449 4.89015 4.89575 4.90125 4.90662 4.91182 4.91683 4.92161 4.92613 4.93036 4.93428 4.93786 4.94107 4.94389 4.94631 4.94831 4.94987 4.95099 4.95165 4.95185 4.9516 4.95089 4.94973 4.94812 4.94609 4.94363 4.94078 4.93755 4.93396 4.93004 4.92582 4.92132 4.91657 4.9116 4.90645 4.90115 4.89572 4.89021 4.88465 4.87906 4.87348 4.86793 4.86245 4.85706 4.85179 4.84665 4.84167 4.83686 4.83225 4.82784 4.82364 4.81967 4.81593 4.81243 4.80917 4.80615 4.80337 4.80084 4.79853 4.79647 4.79463 4.79302 4.79163 4.79045 4.78949 4.78873 4.78818 4.78783 4.78768 
4.78182 4.78207 4.78253 4.78322 4.78412 4.78524 4.78659 4.78817 4.78999 4.79204 4.79434 4.79688 4.79968 4.80273 4.80603 4.8096 4.81342 4.8175 4.82183 4.8264 4.83121 4.83625 4.8415 4.84694 4.85257 4.85835 4.86427 4.8703 4.87642 4.88259 4.88879 4.89497 4.90112 4.90719 4.91315 4.91896 4.92459 4.93001 4.93518 4.94007 4.94465 4.94888 4.95274 4.95621 4.95926 4.96186 4.96402 4.9657 4.9669 4.96761 4.96782 4.96755 4.96677 4.96551 4.96377 4.96157 4.95892 4.95583 4.95233 4.94845 4.9442 4.93963 4.93475 4.9296 4.92422 4.91864 4.91288 4.907 4.90102 4.89498 4.8889 4.88284 4.8768 4.87084 4.86497 4.85922 4.85362 4.84819 4.84294 4.8379 4.83308 4.82849 4.82415 4.82005 4.81622 4.81264 4.80932 4.80627 4.80347 4.80094 4.79866 4.79663 4.79485 4.79331 4.792 4.79093 4.79008 4.78946 4.78906 4.78888 
4.78308 4.78334 4.78384 4.78457 4.78555 4.78677 4.78824 4.78996 4.79193 4.79417 4.79668 4.79945 4.8025 4.80583 4.80944 4.81333 4.8175 4.82194 4.82666 4.83164 4.83688 4.84236 4.84807 4.85399 4.86011 4.86639 4.87282 4.87936 4.88599 4.89268 4.89939 4.90609 4.91274 4.9193 4.92575 4.93203 4.93811 4.94396 4.94954 4.95481 4.95975 4.96431 4.96847 4.9722 4.97548 4.97829 4.9806 4.98241 4.9837 4.98446 4.98469 4.98438 4.98354 4.98218 4.9803 4.97792 4.97506 4.97172 4.96795 4.96376 4.95917 4.95423 4.94896 4.9434 4.93758 4.93154 4.92532 4.91895 4.91247 4.90592 4.89934 4.89276 4.88622 4.87974 4.87337 4.86712 4.86103 4.85512 4.84941 4.84392 4.83866 4.83366 4.82891 4.82444 4.82024 4.81633 4.8127 4.80935 4.80629 4.8035 4.80099 4.79876 4.7968 4.79509 4.79365 4.79246 4.79152 4.79082 4.79037 4.79015 
4.78442 4.78469 4.78522 4.78602 4.78707 4.78839 4.78999 4.79186 4.79401 4.79644 4.79917 4.80219 4.80551 4.80913 4.81306 4.81729 4.82183 4.82666 4.83179 4.8372 4.84289 4.84884 4.85504 4.86146 4.86808 4.87489 4.88185 4.88893 4.8961 4.90333 4.91058 4.91782 4.92499 4.93207 4.93902 4.94579 4.95234 4.95864 4.96465 4.97032 4.97562 4.98053 4.985 4.98901 4.99253 4.99554 4.99802 4.99996 5.00134 5.00215 5.00239 5.00206 5.00115 4.99968 4.99766 4.9951 4.99201 4.98843 4.98436 4.97985 4.97491 4.96959 4.96391 4.95791 4.95164 4.94512 4.93841 4.93153 4.92454 4.91747 4.91035 4.90324 4.89615 4.88915 4.88224 4.87547 4.86886 4.86245 4.85625 4.85028 4.84457 4.83913 4.83396 4.82909 4.82451 4.82024 4.81628 4.81262 4.80927 4.80622 4.80347 4.80102 4.79886 4.79699 4.7954 4.79409 4.79304 4.79227 4.79176 4.79151 
4.78584 4.78612 4.78669 4.78754 4.78868 4.79011 4.79184 4.79387 4.7962 4.79884 4.8018 4.80509 4.80869 4.81263 4.81689 4.82148 4.8264 4.83164 4.8372 4.84307 4.84923 4.85567 4.86237 4.86932 4.87648 4.88383 4.89135 4.89899 4.90673 4.91452 4.92233 4.93012 4.93785 4.94546 4.95293 4.96021 4.96725 4.97401 4.98046 4.98654 4.99223 4.99749 5.00228 5.00657 5.01034 5.01357 5.01622 5.0183 5.01977 5.02063 5.02089 5.02052 5.01955 5.01797 5.0158 5.01305 5.00974 5.00589 5.00152 4.99667 4.99137 4.98565 4.97955 4.97311 4.96636 4.95936 4.95213 4.94473 4.9372 4.92958 4.92191 4.91423 4.90659 4.89903 4.89157 4.88425 4.87711 4.87016 4.86345 4.85699 4.8508 4.84489 4.83928 4.83399 4.82902 4.82437 4.82006 4.81607 4.81242 4.80909 4.80609 4.80341 4.80105 4.799 4.79725 4.79581 4.79466 4.7938 4.79323 4.79295 
4.78734 4.78763 4.78824 4.78915 4.79038 4.79193 4.79379 4.79599 4.79851 4.80138 4.80458 4.80814 4.81204 4.8163 4.82092 4.82589 4.83121 4.83688 4.84289 4.84923 4.85588 4.86284 4.87007 4.87756 4.88528 4.8932 4.90129 4.90952 4.91784 4.92622 4.93461 4.94297 4.95126 4.95944 4.96744 4.97524 4.98278 4.99002 4.99692 5.00343 5.00951 5.01513 5.02025 5.02484 5.02887 5.03231 5.03515 5.03735 5.03892 5.03984 5.04011 5.03972 5.03867 5.03698 5.03466 5.03171 5.02817 5.02405 5.01938 5.01419 5.00851 5.00238 4.99585 4.98894 4.98171 4.97419 4.96644 4.9585 4.95041 4.94222 4.93398 4.92573 4.91751 4.90936 4.90132 4.89344 4.88574 4.87825 4.871 4.86402 4.85732 4.85094 4.84487 4.83914 4.83375 4.82871 4.82403 4.8197 4.81573 4.81211 4.80885 4.80593 4.80335 4.80111 4.7992 4.79762 4.79636 4.79541 4.79478 4.79446 
4.78891 4.78922 4.78986 4.79084 4.79216 4.79383 4.79584 4.79821 4.80094 4.80403 4.8075 4.81134 4.81556 4.82016 4.82514 4.8305 4.83625 4.84236 4.84884 4.85567 4.86284 4.87032 4.87811 4.88616 4.89446 4.90297 4.91165 4.92048 4.9294 4.93838 4.94737 4.95633 4.9652 4.97394 4.98251 4.99084 4.99889 5.00663 5.01399 5.02093 5.02742 5.03341 5.03886 5.04375 5.04804 5.05171 5.05472 5.05707 5.05874 5.05971 5.05999 5.05957 5.05845 5.05665 5.05417 5.05102 5.04724 5.04284 5.03786 5.03232 5.02626 5.01972 5.01274 5.00536 4.99763 4.98959 4.9813 4.97279 4.96413 4.95536 4.94653 4.93768 4.92886 4.92011 4.91149 4.90301 4.89473 4.88667 4.87887 4.87135 4.86414 4.85725 4.85071 4.84452 4.8387 4.83325 4.82819 4.8235 4.8192 4.81528 4.81173 4.80856 4.80576 4.80332 4.80124 4.79952 4.79814 4.7971 4.7964 4.79604 
4.79055 4.79087 4.79156 4.79261 4.79403 4.79582 4.79799 4.80054 4.80348 4.80681 4.81055 4.81468 4.81923 4.82418 4.82954 4.83532 4.8415 4.84807 4.85504 4.86237 4.87007 4.87811 4.88645 4.89509 4.90398 4.9131 4.92239 4.93184 4.94138 4.95098 4.96058 4.97014 4.97961 4.98894 4.99807 5.00694 5.01553 5.02376 5.03159 5.03898 5.04588 5.05224 5.05804 5.06323 5.06779 5.07168 5.07488 5.07737 5.07914 5.08017 5.08046 5.08001 5.07882 5.0769 5.07426 5.07091 5.06689 5.06221 5.05691 5.05101 5.04456 5.0376 5.03016 5.0223 5.01406 5.00549 4.99664 4.98757 4.97832 4.96895 4.95951 4.95005 4.94062 4.93126 4.92202 4.91294 4.90406 4.89542 4.88705 4.87898 4.87122 4.86382 4.85678 4.85012 4.84385 4.83798 4.83252 4.82746 4.82281 4.81858 4.81474 4.81131 4.80828 4.80564 4.80338 4.8015 4.8 4.79887 4.79811 4.7977 
4.79226 4.7926 4.79333 4.79446 4.79598 4.7979 4.80023 4.80297 4.80612 4.8097 4.81371 4.81816 4.82304 4.82836 4.83412 4.84031 4.84694 4.85399 4.86146 4.86932 4.87756 4.88616 4.89509 4.90432 4.91382 4.92356 4.93348 4.94356 4.95373 4.96396 4.97419 4.98437 4.99445 5.00436 5.01407 5.0235 5.03261 5.04135 5.04966 5.0575 5.06481 5.07156 5.07771 5.08321 5.08803 5.09215 5.09553 5.09817 5.10004 5.10113 5.10143 5.10095 5.09969 5.09765 5.09485 5.0913 5.08704 5.08207 5.07645 5.07019 5.06335 5.05595 5.04805 5.0397 5.03094 5.02183 5.01243 5.00277 4.99293 4.98295 4.97289 4.9628 4.95274 4.94275 4.93289 4.92319 4.9137 4.90446 4.8955 4.88686 4.87855 4.87062 4.86307 4.85592 4.84919 4.84288 4.83701 4.83157 4.82657 4.822 4.81787 4.81417 4.8109 4.80804 4.8056 4.80357 4.80194 4.80071 4.79988 4.79943 
4.79404 4.7944 4.79517 4.79637 4.798 4.80005 4.80255 4.80548 4.80886 4.8127 4.817 4.82176 4.82699 4.83268 4.83885 4.84548 4.85257 4.86011 4.86808 4.87648 4.88528 4.89446 4.90398 4.91382 4.92395 4.93431 4.94488 4.95559 4.96641 4.97728 4.98814 4.99895 5.00964 5.02016 5.03044 5.04044 5.05009 5.05934 5.06813 5.07642 5.08416 5.09129 5.09778 5.10359 5.10869 5.11303 5.11661 5.11939 5.12136 5.1225 5.12282 5.12231 5.12097 5.11882 5.11585 5.11211 5.10759 5.10235 5.09639 5.08978 5.08253 5.0747 5.06634 5.0575 5.04822 5.03856 5.02858 5.01834 5.00789 4.99729 4.98661 4.97589 4.96518 4.95456 4.94406 4.93373 4.92361 4.91376 4.9042 4.89497 4.8861 4.87762 4.86955 4.8619 4.85469 4.84794 4.84164 4.83581 4.83044 4.82554 4.8211 4.81713 4.8136 4.81053 4.8079 4.80571 4.80395 4.80262 4.80171 4.80123 
4.79588 4.79625 4.79707 4.79835 4.80008 4.80228 4.80494 4.80808 4.81169 4.81579 4.82039 4.82547 4.83105 4.83714 4.84372 4.85079 4.85835 4.86639 4.87489 4.88383 4.8932 4.90297 4.9131 4.92356 4.93431 4.94532 4.95653 4.9679 4.97937 4.99088 5.00239 5.01383 5.02514 5.03626 5.04713 5.05769 5.06788 5.07764 5.08692 5.09567 5.10382 5.11134 5.11818 5.1243 5.12966 5.13424 5.138 5.14093 5.143 5.1442 5.14454 5.144 5.14258 5.14031 5.13719 5.13323 5.12848 5.12294 5.11667 5.10969 5.10204 5.09378 5.08495 5.07561 5.0658 5.0556 5.04504 5.03421 5.02315 5.01193 5.00061 4.98924 4.9779 4.96662 4.95547 4.9445 4.93376 4.92328 4.91311 4.90329 4.89385 4.88481 4.8762 4.86804 4.86035 4.85314 4.84641 4.84018 4.83443 4.82919 4.82444 4.82017 4.8164 4.8131 4.81027 4.80792 4.80602 4.80459 4.80361 4.80308 
4.79777 4.79816 4.79903 4.80039 4.80223 4.80457 4.80741 4.81075 4.8146 4.81897 4.82386 4.82928 4.83523 4.8417 4.84871 4.85623 4.86427 4.87282 4.88185 4.89135 4.90129 4.91165 4.92239 4.93348 4.94488 4.95653 4.96839 4.98042 4.99254 5.00471 5.01686 5.02893 5.04086 5.05259 5.06405 5.07517 5.08591 5.09618 5.10595 5.11514 5.12372 5.13162 5.13881 5.14524 5.15087 5.15568 5.15962 5.16269 5.16487 5.16613 5.16648 5.16591 5.16442 5.16203 5.15875 5.15459 5.14959 5.14377 5.13717 5.12983 5.12179 5.11309 5.1038 5.09396 5.08363 5.07287 5.06174 5.05031 5.03864 5.02679 5.01483 5.00282 4.99082 4.9789 4.9671 4.95548 4.94409 4.93298 4.9222 4.91178 4.90175 4.89215 4.883 4.87432 4.86614 4.85846 4.85129 4.84464 4.83852 4.83293 4.82785 4.8233 4.81926 4.81573 4.81271 4.81019 4.80816 4.80662 4.80556 4.80499 
4.7997 4.80011 4.80103 4.80247 4.80443 4.80691 4.80993 4.81348 4.81757 4.82222 4.82741 4.83317 4.83949 4.84636 4.85379 4.86178 4.8703 4.87936 4.88893 4.89899 4.90952 4.92048 4.93184 4.94356 4.95559 4.9679 4.98042 4.9931 5.00588 5.0187 5.03149 5.0442 5.05675 5.06909 5.08113 5.09282 5.10409 5.11488 5.12512 5.13477 5.14376 5.15205 5.15958 5.16631 5.17221 5.17724 5.18138 5.18459 5.18686 5.18818 5.18855 5.18795 5.18639 5.18388 5.18044 5.17609 5.17084 5.16474 5.15782 5.15012 5.14168 5.13256 5.1228 5.11246 5.10161 5.0903 5.0786 5.06658 5.05429 5.04182 5.02922 5.01656 5.00391 4.99133 4.97887 4.9666 4.95457 4.94283 4.93142 4.92039 4.90978 4.89961 4.88991 4.88071 4.87203 4.86387 4.85626 4.8492 4.84269 4.83674 4.83134 4.82649 4.82219 4.81843 4.8152 4.81251 4.81034 4.80869 4.80756 4.80694 
4.80168 4.80211 4.80308 4.8046 4.80667 4.8093 4.8125 4.81626 4.8206 4.82552 4.83103 4.83712 4.84381 4.85109 4.85896 4.8674 4.87642 4.88599 4.8961 4.90673 4.91784 4.9294 4.94138 4.95373 4.96641 4.97937 4.99254 5.00588 5.01931 5.03278 5.04622 5.05956 5.07273 5.08566 5.09829 5.11054 5.12234 5.13363 5.14436 5.15445 5.16385 5.17251 5.18038 5.18742 5.19358 5.19884 5.20316 5.20651 5.20888 5.21026 5.21064 5.21001 5.20838 5.20576 5.20216 5.19761 5.19213 5.18576 5.17852 5.17046 5.16163 5.15208 5.14186 5.13104 5.11967 5.10781 5.09554 5.08293 5.07004 5.05694 5.0437 5.0304 5.0171 5.00386 4.99075 4.97783 4.96515 4.95277 4.94074 4.92911 4.9179 4.90715 4.89691 4.88718 4.87799 4.86936 4.8613 4.85382 4.84692 4.84061 4.83488 4.82973 4.82516 4.82117 4.81774 4.81487 4.81256 4.81081 4.8096 4.80894 
4.80368 4.80413 4.80515 4.80676 4.80895 4.81173 4.8151 4.81908 4.82367 4.82887 4.83469 4.84113 4.84819 4.85587 4.86417 4.87308 4.88259 4.89268 4.90333 4.91452 4.92622 4.93838 4.95098 4.96396 4.97728 4.99088 5.00471 5.0187 5.03278 5.0469 5.06097 5.07494 5.08872 5.10225 5.11544 5.12824 5.14057 5.15237 5.16356 5.17409 5.18389 5.19293 5.20113 5.20847 5.21489 5.22036 5.22486 5.22835 5.23082 5.23225 5.23265 5.23199 5.23029 5.22756 5.22381 5.21907 5.21336 5.20671 5.19916 5.19075 5.18154 5.17157 5.1609 5.14959 5.13771 5.12532 5.11249 5.09929 5.0858 5.07208 5.05821 5.04427 5.03032 5.01643 5.00267 4.9891 4.97578 4.96277 4.95012 4.93787 4.92607 4.91475 4.90395 4.8937 4.88401 4.8749 4.86639 4.85849 4.8512 4.84452 4.83846 4.83301 4.82817 4.82394 4.82031 4.81727 4.81482 4.81295 4.81167 4.81096 
4.80571 4.80617 4.80725 4.80894 4.81125 4.81418 4.81773 4.82193 4.82676 4.83224 4.83837 4.84515 4.85259 4.86068 4.86941 4.87879 4.88879 4.89939 4.91058 4.92233 4.93461 4.94737 4.96058 4.97419 4.98814 5.00239 5.01686 5.03149 5.04622 5.06097 5.07568 5.09026 5.10464 5.11875 5.13251 5.14585 5.1587 5.17098 5.18263 5.19359 5.20379 5.21319 5.22172 5.22934 5.23602 5.24171 5.24638 5.25001 5.25257 5.25406 5.25447 5.25378 5.25202 5.24918 5.24528 5.24035 5.23441 5.2275 5.21965 5.2109 5.20131 5.19093 5.17982 5.16804 5.15565 5.14274 5.12935 5.11558 5.10149 5.08717 5.07268 5.0581 5.04351 5.02898 5.01457 5.00036 4.9864 4.97276 4.95949 4.94664 4.93425 4.92237 4.91102 4.90024 4.89004 4.88046 4.8715 4.86318 4.85549 4.84845 4.84206 4.83631 4.8312 4.82673 4.8229 4.81968 4.81709 4.81512 4.81375 4.813 
4.80774 4.80823 4.80936 4.81113 4.81355 4.81663 4.82037 4.82478 4.82986 4.83562 4.84206 4.84918 4.85699 4.86549 4.87465 4.88449 4.89497 4.90609 4.91782 4.93012 4.94297 4.95633 4.97014 4.98437 4.99895 5.01383 5.02893 5.0442 5.05956 5.07494 5.09026 5.10544 5.12042 5.1351 5.14941 5.16328 5.17663 5.18939 5.20149 5.21286 5.22345 5.2332 5.24205 5.24995 5.25687 5.26277 5.26761 5.27137 5.27403 5.27557 5.27599 5.27528 5.27345 5.27051 5.26647 5.26136 5.2552 5.24803 5.23988 5.2308 5.22085 5.21007 5.19853 5.18629 5.17341 5.15998 5.14605 5.13172 5.11705 5.10213 5.08703 5.07183 5.05661 5.04144 5.0264 5.01156 4.99697 4.98271 4.96883 4.95538 4.94241 4.92996 4.91806 4.90676 4.89607 4.88601 4.8766 4.86786 4.85979 4.85239 4.84567 4.83962 4.83424 4.82954 4.82549 4.82211 4.81937 4.81729 4.81585 4.81505 
4.80978 4.81028 4.81146 4.81332 4.81586 4.81909 4.82301 4.82763 4.83295 4.83899 4.84574 4.8532 4.86138 4.87027 4.87987 4.89015 4.90112 4.91274 4.92499 4.93785 4.95126 4.9652 4.97961 4.99445 5.00964 5.02514 5.04086 5.05675 5.07273 5.08872 5.10464 5.12042 5.13596 5.1512 5.16605 5.18043 5.19427 5.20749 5.22003 5.23181 5.24277 5.25286 5.26201 5.27019 5.27735 5.28345 5.28845 5.29234 5.29509 5.29668 5.29712 5.29638 5.29449 5.29145 5.28727 5.28199 5.27561 5.26819 5.25976 5.25036 5.24005 5.22889 5.21693 5.20424 5.19089 5.17695 5.1625 5.14762 5.13239 5.11688 5.10118 5.08538 5.06954 5.05376 5.03809 5.02263 5.00742 4.99255 4.97807 4.96403 4.95049 4.93748 4.92505 4.91323 4.90205 4.89152 4.88168 4.87252 4.86406 4.8563 4.84926 4.84291 4.83727 4.83233 4.82808 4.82452 4.82165 4.81946 4.81794 4.8171 
4.8118 4.81232 4.81355 4.8155 4.81815 4.82152 4.82562 4.83045 4.83602 4.84233 4.84938 4.85718 4.86572 4.875 4.88502 4.89575 4.90719 4.9193 4.93207 4.94546 4.95944 4.97394 4.98894 5.00436 5.02016 5.03626 5.05259 5.06909 5.08566 5.10225 5.11875 5.1351 5.1512 5.16697 5.18234 5.19722 5.21153 5.2252 5.23816 5.25033 5.26165 5.27206 5.28152 5.28996 5.29734 5.30364 5.3088 5.31281 5.31564 5.31729 5.31774 5.31698 5.31503 5.31189 5.30759 5.30213 5.29555 5.28789 5.27919 5.26948 5.25883 5.2473 5.23493 5.22181 5.208 5.19358 5.17862 5.16321 5.14742 5.13135 5.11508 5.09868 5.08225 5.06585 5.04959 5.03351 5.01771 5.00224 4.98717 4.97256 4.95845 4.9449 4.93195 4.91962 4.90795 4.89697 4.88669 4.87712 4.86829 4.86018 4.85281 4.84617 4.84027 4.8351 4.83065 4.82692 4.82391 4.82161 4.82002 4.81914 
4.8138 4.81434 4.81562 4.81764 4.82041 4.82393 4.8282 4.83324 4.83904 4.84562 4.85297 4.86109 4.86999 4.87966 4.89008 4.90125 4.91315 4.92575 4.93902 4.95293 4.96744 4.98251 4.99807 5.01407 5.03044 5.04713 5.06405 5.08113 5.09829 5.11544 5.13251 5.14941 5.16605 5.18234 5.19821 5.21357 5.22833 5.24243 5.25579 5.26833 5.28 5.29073 5.30046 5.30916 5.31676 5.32324 5.32855 5.33268 5.3356 5.33729 5.33775 5.33698 5.33497 5.33174 5.32731 5.32169 5.31492 5.30703 5.29806 5.28807 5.27709 5.2652 5.25245 5.23891 5.22466 5.20977 5.19432 5.1784 5.16208 5.14547 5.12863 5.11166 5.09465 5.07767 5.06082 5.04416 5.02777 5.01172 4.99608 4.98091 4.96626 4.95217 4.9387 4.92589 4.91375 4.90232 4.89161 4.88165 4.87244 4.86399 4.8563 4.84938 4.84322 4.83783 4.83318 4.82929 4.82615 4.82374 4.82208 4.82115 
4.81576 4.81632 4.81765 4.81975 4.82263 4.82629 4.83073 4.83597 4.842 4.84884 4.85648 4.86492 4.87416 4.8842 4.89502 4.90662 4.91896 4.93203 4.94579 4.96021 4.97524 4.99084 5.00694 5.0235 5.04044 5.05769 5.07517 5.09282 5.11054 5.12824 5.14585 5.16328 5.18043 5.19722 5.21357 5.22938 5.24458 5.25909 5.27283 5.28573 5.29772 5.30875 5.31876 5.32769 5.3355 5.34215 5.34761 5.35185 5.35485 5.35659 5.35706 5.35627 5.35421 5.3509 5.34634 5.34057 5.33362 5.32551 5.3163 5.30602 5.29473 5.2825 5.26938 5.25545 5.24077 5.22544 5.20952 5.19311 5.17629 5.15915 5.14177 5.12426 5.10669 5.08915 5.07172 5.0545 5.03755 5.02094 5.00475 4.98903 4.97385 4.95926 4.94529 4.93199 4.9194 4.90753 4.89642 4.88607 4.8765 4.86772 4.85972 4.85252 4.84612 4.8405 4.83566 4.83161 4.82833 4.82583 4.82409 4.82312 
4.81767 4.81825 4.81963 4.82181 4.82479 4.82858 4.83319 4.83863 4.84488 4.85197 4.85989 4.86864 4.87821 4.88861 4.89982 4.91182 4.92459 4.93811 4.95234 4.96725 4.98278 4.99889 5.01553 5.03261 5.05009 5.06788 5.08591 5.10409 5.12234 5.14057 5.1587 5.17663 5.19427 5.21153 5.22833 5.24458 5.26019 5.27509 5.28919 5.30243 5.31474 5.32605 5.33631 5.34547 5.35348 5.3603 5.36589 5.37024 5.37331 5.37509 5.37558 5.37477 5.37266 5.36926 5.3646 5.35869 5.35156 5.34324 5.33379 5.32325 5.31167 5.29912 5.28565 5.27134 5.25627 5.24051 5.22414 5.20727 5.18996 5.17232 5.15444 5.1364 5.11829 5.10021 5.08225 5.06448 5.04699 5.02984 5.01312 4.99689 4.9812 4.96611 4.95167 4.93791 4.92487 4.91259 4.90108 4.89035 4.88044 4.87133 4.86304 4.85558 4.84893 4.8431 4.83808 4.83387 4.83046 4.82786 4.82606 4.82505 
4.81951 4.82011 4.82154 4.82379 4.82688 4.83081 4.83557 4.84119 4.84766 4.85499 4.86318 4.87222 4.88212 4.89286 4.90444 4.91683 4.93001 4.94396 4.95864 4.97401 4.99002 5.00663 5.02376 5.04135 5.05934 5.07764 5.09618 5.11488 5.13363 5.15237 5.17098 5.18939 5.20749 5.2252 5.24243 5.25909 5.27509 5.29035 5.30479 5.31835 5.33095 5.34253 5.35303 5.3624 5.3706 5.37757 5.3833 5.38774 5.39088 5.39271 5.39321 5.39238 5.39022 5.38675 5.38198 5.37594 5.36864 5.36014 5.35047 5.33968 5.32782 5.31496 5.30117 5.2865 5.27105 5.25489 5.23811 5.22079 5.20303 5.18492 5.16655 5.14801 5.1294 5.11081 5.09233 5.07404 5.05604 5.03838 5.02116 5.00443 4.98825 4.97269 4.95779 4.9436 4.93014 4.91745 4.90556 4.89448 4.88423 4.87482 4.86625 4.85852 4.85164 4.8456 4.84041 4.83605 4.83252 4.82983 4.82796 4.82691 
4.82129 4.82191 4.82337 4.8257 4.82888 4.83293 4.83785 4.84365 4.85033 4.85788 4.86632 4.87565 4.88585 4.89692 4.90885 4.92161 4.93518 4.94954 4.96465 4.98046 4.99692 5.01399 5.03159 5.04966 5.06813 5.08692 5.10595 5.12512 5.14436 5.16356 5.18263 5.20149 5.22003 5.23816 5.25579 5.27283 5.28919 5.30479 5.31956 5.33342 5.34629 5.35812 5.36884 5.37841 5.38678 5.3939 5.39974 5.40428 5.40749 5.40935 5.40987 5.40902 5.40682 5.40328 5.39842 5.39225 5.3848 5.37612 5.36624 5.35522 5.34311 5.32996 5.31586 5.30087 5.28506 5.26853 5.25135 5.23362 5.21542 5.19687 5.17804 5.15903 5.13995 5.12088 5.10191 5.08314 5.06464 5.04651 5.0288 5.0116 4.99497 4.97896 4.96363 4.94902 4.93516 4.92209 4.90984 4.89842 4.88785 4.87815 4.86931 4.86134 4.85424 4.84801 4.84264 4.83814 4.8345 4.83171 4.82978 4.8287 
4.82298 4.82361 4.82512 4.82751 4.83079 4.83496 4.84002 4.84598 4.85285 4.86063 4.86931 4.8789 4.88939 4.90076 4.91302 4.92613 4.94007 4.95481 4.97032 4.98654 5.00343 5.02093 5.03898 5.0575 5.07642 5.09567 5.11514 5.13477 5.15445 5.17409 5.19359 5.21286 5.23181 5.25033 5.26833 5.28573 5.30243 5.31835 5.33342 5.34755 5.36067 5.37273 5.38367 5.39342 5.40194 5.4092 5.41516 5.41978 5.42305 5.42495 5.42547 5.42461 5.42238 5.41877 5.41382 5.40753 5.39995 5.3911 5.38103 5.36979 5.35744 5.34404 5.32965 5.31435 5.29821 5.28133 5.26378 5.24567 5.22708 5.2081 5.18885 5.16941 5.14988 5.13035 5.11093 5.0917 5.07275 5.05417 5.03602 5.01838 5.00131 4.98489 4.96915 4.95414 4.93991 4.92648 4.91389 4.90215 4.89129 4.8813 4.87221 4.86401 4.8567 4.85029 4.84476 4.84013 4.83638 4.83351 4.83151 4.83039 
4.82456 4.82521 4.82676 4.82922 4.83258 4.83686 4.84206 4.84818 4.85523 4.8632 4.87211 4.88194 4.8927 4.90437 4.91693 4.93036 4.94465 4.95975 4.97562 4.99223 5.00951 5.02742 5.04588 5.06481 5.08416 5.10382 5.12372 5.14376 5.16385 5.18389 5.20379 5.22345 5.24277 5.26165 5.28 5.29772 5.31474 5.33095 5.34629 5.36067 5.37403 5.38631 5.39743 5.40735 5.41602 5.4234 5.42946 5.43416 5.43749 5.43942 5.43996 5.43909 5.43681 5.43315 5.42811 5.42172 5.41401 5.40501 5.39477 5.38333 5.37076 5.35712 5.34246 5.32688 5.31044 5.29324 5.27536 5.25689 5.23792 5.21857 5.19892 5.17907 5.15913 5.13919 5.11935 5.0997 5.08032 5.06132 5.04275 5.0247 5.00724 4.99042 4.9743 4.95893 4.94435 4.93059 4.91768 4.90565 4.8945 4.88426 4.87493 4.86651 4.85901 4.85243 4.84676 4.84199 4.83814 4.83519 4.83314 4.83199 
4.82604 4.82671 4.82829 4.83081 4.83425 4.83863 4.84395 4.85022 4.85743 4.86559 4.87471 4.88477 4.89577 4.9077 4.92055 4.93428 4.94888 4.96431 4.98053 4.99749 5.01513 5.03341 5.05224 5.07156 5.09129 5.11134 5.13162 5.15205 5.17251 5.19293 5.21319 5.2332 5.25286 5.27206 5.29073 5.30875 5.32605 5.34253 5.35812 5.37273 5.38631 5.39877 5.41006 5.42014 5.42894 5.43644 5.44259 5.44736 5.45074 5.45271 5.45325 5.45237 5.45006 5.44635 5.44123 5.43475 5.42692 5.41778 5.40738 5.39577 5.383 5.36913 5.35424 5.3384 5.32169 5.30419 5.286 5.26721 5.24791 5.2282 5.20819 5.18798 5.16766 5.14734 5.12711 5.10707 5.08731 5.06791 5.04897 5.03054 5.01271 4.99554 4.97907 4.96336 4.94846 4.93439 4.92119 4.90888 4.89748 4.887 4.87745 4.86884 4.86116 4.85441 4.84861 4.84373 4.83978 4.83676 4.83466 4.83348 
4.8274 4.82808 4.8297 4.83226 4.83578 4.84025 4.84568 4.85208 4.85945 4.86778 4.87708 4.88735 4.89858 4.91075 4.92385 4.93786 4.95274 4.96847 4.985 5.00228 5.02025 5.03886 5.05804 5.07771 5.09778 5.11818 5.13881 5.15958 5.18038 5.20113 5.22172 5.24205 5.26201 5.28152 5.30046 5.31876 5.33631 5.35303 5.36884 5.38367 5.39743 5.41006 5.42152 5.43173 5.44065 5.44825 5.45448 5.45932 5.46275 5.46474 5.46529 5.4644 5.46207 5.4583 5.45312 5.44655 5.43862 5.42936 5.41882 5.40704 5.39409 5.38003 5.36493 5.34885 5.33189 5.31413 5.29566 5.27658 5.25697 5.23695 5.21662 5.19607 5.17541 5.15474 5.13416 5.11377 5.09366 5.07392 5.05463 5.03587 5.0177 5.0002 4.98342 4.9674 4.95221 4.93786 4.9244 4.91184 4.9002 4.88951 4.87976 4.87096 4.86312 4.85624 4.8503 4.84532 4.84129 4.8382 4.83605 4.83485 
4.82863 4.82931 4.83096 4.83358 4.83716 4.84172 4.84725 4.85376 4.86126 4.86975 4.87922 4.88968 4.9011 4.91349 4.92682 4.94107 4.95621 4.9722 4.98901 5.00657 5.02484 5.04375 5.06323 5.08321 5.10359 5.1243 5.14524 5.16631 5.18742 5.20847 5.22934 5.24995 5.27019 5.28996 5.30916 5.32769 5.34547 5.3624 5.37841 5.39342 5.40735 5.42014 5.43173 5.44206 5.45109 5.45878 5.46508 5.46998 5.47345 5.47546 5.47603 5.47512 5.47277 5.46896 5.46372 5.45708 5.44905 5.43968 5.42902 5.4171 5.40399 5.38976 5.37446 5.35818 5.341 5.32301 5.30429 5.28494 5.26507 5.24477 5.22414 5.2033 5.18234 5.16136 5.14048 5.11977 5.09935 5.0793 5.0597 5.04063 5.02217 5.00438 4.98731 4.97103 4.95557 4.94098 4.92728 4.9145 4.90265 4.89176 4.88184 4.87288 4.86489 4.85788 4.85183 4.84676 4.84265 4.8395 4.83731 4.83608 
4.82971 4.83041 4.83209 4.83474 4.83838 4.84301 4.84863 4.85525 4.86287 4.87149 4.88111 4.89172 4.90333 4.9159 4.92943 4.94389 4.95926 4.97548 4.99253 5.01034 5.02887 5.04804 5.06779 5.08803 5.10869 5.12966 5.15087 5.17221 5.19358 5.21489 5.23602 5.25687 5.27735 5.29734 5.31676 5.3355 5.35348 5.3706 5.38678 5.40194 5.41602 5.42894 5.44065 5.45109 5.46022 5.46798 5.47435 5.4793 5.4828 5.48484 5.4854 5.4845 5.48212 5.47827 5.47299 5.46627 5.45817 5.44871 5.43793 5.42589 5.41264 5.39826 5.3828 5.36634 5.34897 5.33077 5.31184 5.29227 5.27216 5.25161 5.23074 5.20963 5.18841 5.16717 5.14601 5.12503 5.10434 5.08402 5.06415 5.04482 5.02609 5.00805 4.99074 4.97422 4.95853 4.94372 4.92981 4.91683 4.90481 4.89375 4.88367 4.87457 4.86645 4.85933 4.85318 4.84802 4.84385 4.84065 4.83842 4.83717 
4.83065 4.83136 4.83305 4.83575 4.83943 4.84413 4.84982 4.85653 4.86425 4.87298 4.88273 4.89348 4.90523 4.91797 4.93167 4.94631 4.96186 4.97829 4.99554 5.01357 5.03231 5.05171 5.07168 5.09215 5.11303 5.13424 5.15568 5.17724 5.19884 5.22036 5.24171 5.26277 5.28345 5.30364 5.32324 5.34215 5.3603 5.37757 5.3939 5.4092 5.4234 5.43644 5.44825 5.45878 5.46798 5.47581 5.48223 5.48722 5.49075 5.49281 5.49339 5.49247 5.49007 5.4862 5.48087 5.4741 5.46593 5.45639 5.44552 5.43337 5.42001 5.40549 5.38989 5.37329 5.35575 5.33738 5.31827 5.29851 5.2782 5.25745 5.23636 5.21503 5.19358 5.17211 5.15073 5.12952 5.1086 5.08804 5.06795 5.04839 5.02945 5.01118 4.99366 4.97694 4.96106 4.94606 4.93198 4.91884 4.90666 4.89545 4.88524 4.87602 4.8678 4.86057 4.85435 4.84912 4.84488 4.84164 4.83938 4.83811 
4.83143 4.83214 4.83386 4.83658 4.84031 4.84505 4.85081 4.85759 4.8654 4.87422 4.88407 4.89494 4.90681 4.91968 4.93352 4.94831 4.96402 4.9806 4.99802 5.01622 5.03515 5.05472 5.07488 5.09553 5.11661 5.138 5.15962 5.18138 5.20316 5.22486 5.24638 5.26761 5.28845 5.3088 5.32855 5.34761 5.36589 5.3833 5.39974 5.41516 5.42946 5.44259 5.45448 5.46508 5.47435 5.48223 5.4887 5.49373 5.49728 5.49935 5.49993 5.49901 5.4966 5.4927 5.48734 5.48052 5.47229 5.46269 5.45174 5.43951 5.42605 5.41143 5.39572 5.37899 5.36132 5.34281 5.32354 5.30363 5.28315 5.26223 5.24097 5.21947 5.19784 5.17618 5.1546 5.13321 5.1121 5.09135 5.07107 5.05133 5.03221 5.01377 4.99608 4.97919 4.96315 4.948 4.93377 4.92049 4.90819 4.89686 4.88654 4.87722 4.86891 4.86161 4.85531 4.85003 4.84574 4.84246 4.84018 4.8389 
4.83205 4.83277 4.8345 4.83724 4.841 4.84579 4.85159 4.85843 4.8663 4.8752 4.88513 4.89608 4.90805 4.92102 4.93497 4.94987 4.9657 4.98241 4.99996 5.0183 5.03735 5.05707 5.07737 5.09817 5.11939 5.14093 5.16269 5.18459 5.20651 5.22835 5.25001 5.27137 5.29234 5.31281 5.33268 5.35185 5.37024 5.38774 5.40428 5.41978 5.43416 5.44736 5.45932 5.46998 5.4793 5.48722 5.49373 5.49878 5.50235 5.50444 5.50502 5.5041 5.50167 5.49775 5.49236 5.48551 5.47724 5.46758 5.45657 5.44428 5.43075 5.41604 5.40024 5.38341 5.36564 5.34702 5.32764 5.3076 5.287 5.26595 5.24455 5.22291 5.20114 5.17934 5.15762 5.13608 5.11482 5.09393 5.0735 5.05362 5.03436 5.01578 4.99796 4.98094 4.96478 4.94951 4.93517 4.92179 4.90938 4.89797 4.88756 4.87817 4.86979 4.86242 4.85608 4.85074 4.84643 4.84312 4.84082 4.83952 
4.8325 4.83323 4.83497 4.83773 4.84151 4.84632 4.85216 4.85904 4.86695 4.8759 4.88589 4.8969 4.90894 4.92198 4.936 4.95099 4.9669 4.9837 5.00134 5.01977 5.03892 5.05874 5.07914 5.10004 5.12136 5.143 5.16487 5.18686 5.20888 5.23082 5.25257 5.27403 5.29509 5.31564 5.3356 5.35485 5.37331 5.39088 5.40749 5.42305 5.43749 5.45074 5.46275 5.47345 5.4828 5.49075 5.49728 5.50235 5.50594 5.50803 5.50862 5.50769 5.50526 5.50133 5.49591 5.48904 5.48073 5.47104 5.45999 5.44765 5.43406 5.4193 5.40343 5.38654 5.36869 5.35 5.33054 5.31041 5.28972 5.26858 5.24708 5.22535 5.20347 5.18157 5.15975 5.13811 5.11674 5.09575 5.07523 5.05524 5.03588 5.01721 4.9993 4.98219 4.96594 4.95059 4.93618 4.92272 4.91024 4.89877 4.8883 4.87885 4.87042 4.86301 4.85663 4.85127 4.84692 4.84359 4.84128 4.83998 
4.83278 4.83351 4.83526 4.83803 4.84182 4.84665 4.85251 4.85941 4.86735 4.87633 4.88635 4.8974 4.90947 4.92255 4.93662 4.95165 4.96761 4.98446 5.00215 5.02063 5.03984 5.05971 5.08017 5.10113 5.1225 5.1442 5.16613 5.18818 5.21026 5.23225 5.25406 5.27557 5.29668 5.31729 5.33729 5.35659 5.37509 5.39271 5.40935 5.42495 5.43942 5.45271 5.46474 5.47546 5.48484 5.49281 5.49935 5.50444 5.50803 5.51013 5.51072 5.50979 5.50735 5.50341 5.49798 5.49109 5.48277 5.47305 5.46198 5.44961 5.43599 5.42119 5.40529 5.38835 5.37047 5.35172 5.33221 5.31204 5.2913 5.2701 5.24855 5.22676 5.20483 5.18287 5.16099 5.13929 5.11787 5.09682 5.07623 5.05619 5.03678 5.01805 5.00008 4.98293 4.96663 4.95123 4.93677 4.92327 4.91076 4.89924 4.88874 4.87926 4.87081 4.86338 4.85697 4.85159 4.84723 4.84389 4.84157 4.84026 
