1.26807 1.26842 1.26877 1.2691 1.26941 1.2697 1.26997 1.27021 1.27042 1.27061 1.27077 1.2709 1.27102 1.27111 1.27119 1.27125 1.2713 1.27134 1.27137 1.27139 1.27141 1.27143 1.27144 1.27145 1.27147 1.27148 1.27149 1.27151 1.27153 1.27155 1.27158 1.27161 1.27164 1.27168 1.27172 1.27177 1.27181 1.27186 1.27192 1.27197 1.27203 1.27208 1.27214 1.27219 1.27224 1.27228 1.27232 1.27235 1.27238 1.2724 1.27241 1.27241 1.2724 1.27239 1.27237 1.27234 1.2723 1.27226 1.27222 1.27217 1.27212 1.27206 1.27201 1.27196 1.2719 1.27185 1.2718 1.27176 1.27172 1.27168 1.27164 1.27161 1.27158 1.27156 1.27154 1.27152 1.27151 1.2715 1.2715 1.2715 1.2715 1.27151 1.27153 1.27156 1.2716 1.27165 1.27172 1.27181 1.27191 1.27204 1.2722 1.27239 1.2726 1.27284 1.27311 1.2734 1.27371 1.27405 1.2744 1.27475 
1.26842 1.26878 1.26912 1.26945 1.26977 1.27006 1.27033 1.27056 1.27078 1.27096 1.27112 1.27126 1.27137 1.27147 1.27154 1.2716 1.27165 1.27169 1.27172 1.27174 1.27176 1.27178 1.27179 1.2718 1.27182 1.27183 1.27184 1.27186 1.27188 1.2719 1.27192 1.27195 1.27198 1.27202 1.27206 1.2721 1.27215 1.2722 1.27226 1.27231 1.27237 1.27242 1.27248 1.27253 1.27258 1.27262 1.27266 1.27269 1.27272 1.27274 1.27275 1.27275 1.27274 1.27273 1.27271 1.27268 1.27264 1.2726 1.27256 1.27251 1.27246 1.2724 1.27235 1.2723 1.27224 1.27219 1.27214 1.2721 1.27206 1.27202 1.27198 1.27195 1.27193 1.27191 1.27189 1.27187 1.27186 1.27185 1.27185 1.27185 1.27185 1.27186 1.27188 1.27191 1.27195 1.272 1.27207 1.27216 1.27227 1.2724 1.27256 1.27274 1.27295 1.27319 1.27346 1.27375 1.27407 1.2744 1.27475 1.2751 
1.26877 1.26912 1.26947 1.2698 1.27011 1.2704 1.27067 1.27091 1.27112 1.27131 1.27147 1.2716 1.27172 1.27181 1.27189 1.27195 1.272 1.27204 1.27207 1.27209 1.27211 1.27212 1.27214 1.27215 1.27216 1.27218 1.27219 1.27221 1.27223 1.27226 1.27229 1.27232 1.27236 1.2724 1.27245 1.2725 1.27255 1.27261 1.27268 1.27274 1.27281 1.27287 1.27294 1.273 1.27306 1.27311 1.27315 1.27319 1.27322 1.27324 1.27326 1.27326 1.27325 1.27323 1.27321 1.27317 1.27313 1.27308 1.27303 1.27297 1.27291 1.27285 1.27278 1.27272 1.27266 1.2726 1.27254 1.27249 1.27244 1.2724 1.27236 1.27232 1.27229 1.27226 1.27224 1.27222 1.27221 1.2722 1.2722 1.2722 1.2722 1.27221 1.27223 1.27226 1.2723 1.27235 1.27242 1.27251 1.27261 1.27275 1.2729 1.27309 1.2733 1.27354 1.27381 1.2741 1.27441 1.27475 1.2751 1.27545 
1.2691 1.26945 1.2698 1.27013 1.27045 1.27074 1.271 1.27124 1.27146 1.27164 1.2718 1.27194 1.27205 1.27214 1.27222 1.27228 1.27233 1.27237 1.2724 1.27242 1.27244 1.27246 1.27248 1.27249 1.27251 1.27253 1.27255 1.27257 1.2726 1.27263 1.27267 1.27271 1.27276 1.27282 1.27288 1.27295 1.27303 1.27311 1.27319 1.27328 1.27337 1.27345 1.27354 1.27362 1.2737 1.27377 1.27383 1.27388 1.27392 1.27394 1.27396 1.27396 1.27395 1.27393 1.27389 1.27384 1.27379 1.27372 1.27365 1.27357 1.27349 1.27341 1.27332 1.27324 1.27315 1.27308 1.273 1.27293 1.27287 1.27281 1.27275 1.27271 1.27267 1.27263 1.2726 1.27258 1.27256 1.27255 1.27254 1.27254 1.27254 1.27255 1.27257 1.27259 1.27263 1.27268 1.27275 1.27284 1.27295 1.27308 1.27323 1.27342 1.27363 1.27387 1.27414 1.27443 1.27475 1.27508 1.27543 1.27578 
1.26941 1.26977 1.27011 1.27045 1.27076 1.27105 1.27132 1.27156 1.27177 1.27195 1.27211 1.27225 1.27236 1.27246 1.27253 1.2726 1.27264 1.27268 1.27272 1.27274 1.27276 1.27278 1.2728 1.27282 1.27284 1.27287 1.2729 1.27293 1.27297 1.27302 1.27308 1.27314 1.27321 1.2733 1.27339 1.27349 1.2736 1.27371 1.27383 1.27395 1.27408 1.2742 1.27432 1.27443 1.27454 1.27464 1.27472 1.27479 1.27485 1.27488 1.2749 1.2749 1.27489 1.27485 1.2748 1.27474 1.27466 1.27456 1.27446 1.27435 1.27423 1.27412 1.27399 1.27387 1.27376 1.27365 1.27354 1.27344 1.27335 1.27326 1.27319 1.27312 1.27306 1.27301 1.27297 1.27294 1.27291 1.27289 1.27287 1.27287 1.27286 1.27287 1.27289 1.27291 1.27295 1.273 1.27307 1.27315 1.27326 1.27339 1.27355 1.27373 1.27394 1.27418 1.27445 1.27474 1.27506 1.27539 1.27574 1.27609 
1.2697 1.27006 1.2704 1.27074 1.27105 1.27134 1.27161 1.27185 1.27206 1.27224 1.2724 1.27254 1.27265 1.27275 1.27283 1.27289 1.27294 1.27298 1.27301 1.27304 1.27307 1.27309 1.27311 1.27314 1.27317 1.27321 1.27325 1.2733 1.27336 1.27344 1.27352 1.27362 1.27373 1.27385 1.27398 1.27413 1.27429 1.27446 1.27463 1.27481 1.27499 1.27517 1.27534 1.2755 1.27566 1.27579 1.27591 1.27601 1.27609 1.27614 1.27617 1.27617 1.27614 1.27609 1.27602 1.27592 1.2758 1.27567 1.27552 1.27536 1.27519 1.27502 1.27484 1.27467 1.2745 1.27434 1.27418 1.27404 1.2739 1.27378 1.27367 1.27357 1.27349 1.27342 1.27335 1.2733 1.27326 1.27322 1.2732 1.27318 1.27318 1.27318 1.27319 1.27321 1.27325 1.2733 1.27336 1.27345 1.27355 1.27368 1.27384 1.27402 1.27424 1.27448 1.27474 1.27504 1.27535 1.27568 1.27603 1.27639 
1.26997 1.27033 1.27067 1.271 1.27132 1.27161 1.27187 1.27211 1.27233 1.27251 1.27267 1.27281 1.27292 1.27302 1.27309 1.27316 1.27321 1.27325 1.27329 1.27332 1.27335 1.27338 1.27342 1.27345 1.2735 1.27355 1.27362 1.27369 1.27379 1.27389 1.27402 1.27416 1.27433 1.27451 1.27471 1.27493 1.27516 1.2754 1.27566 1.27592 1.27618 1.27644 1.27669 1.27692 1.27714 1.27734 1.27751 1.27765 1.27775 1.27783 1.27786 1.27786 1.27782 1.27775 1.27764 1.2775 1.27733 1.27713 1.27692 1.27669 1.27644 1.27619 1.27594 1.27568 1.27544 1.2752 1.27497 1.27476 1.27457 1.27439 1.27423 1.27408 1.27396 1.27385 1.27375 1.27368 1.27361 1.27356 1.27352 1.27349 1.27348 1.27347 1.27347 1.27349 1.27352 1.27357 1.27363 1.27372 1.27382 1.27395 1.27411 1.27429 1.2745 1.27474 1.27501 1.2753 1.27562 1.27595 1.2763 1.27665 
1.27021 1.27056 1.27091 1.27124 1.27156 1.27185 1.27211 1.27235 1.27257 1.27275 1.27291 1.27305 1.27316 1.27326 1.27334 1.2734 1.27346 1.2735 1.27354 1.27358 1.27362 1.27366 1.27371 1.27376 1.27383 1.27391 1.27401 1.27412 1.27426 1.27442 1.27461 1.27483 1.27507 1.27533 1.27563 1.27594 1.27628 1.27664 1.277 1.27738 1.27775 1.27812 1.27847 1.27881 1.27912 1.2794 1.27964 1.27983 1.27998 1.28008 1.28013 1.28013 1.28007 1.27996 1.2798 1.2796 1.27936 1.27908 1.27877 1.27843 1.27808 1.27772 1.27736 1.277 1.27664 1.2763 1.27597 1.27566 1.27538 1.27512 1.27489 1.27468 1.27449 1.27433 1.27419 1.27408 1.27398 1.2739 1.27384 1.2738 1.27376 1.27375 1.27374 1.27375 1.27378 1.27382 1.27388 1.27396 1.27407 1.27419 1.27435 1.27453 1.27474 1.27498 1.27525 1.27554 1.27586 1.27619 1.27654 1.27689 
1.27042 1.27078 1.27112 1.27146 1.27177 1.27206 1.27233 1.27257 1.27278 1.27296 1.27313 1.27326 1.27338 1.27347 1.27356 1.27362 1.27368 1.27373 1.27378 1.27383 1.27388 1.27394 1.274 1.27408 1.27418 1.2743 1.27445 1.27462 1.27482 1.27506 1.27534 1.27565 1.276 1.27639 1.27681 1.27727 1.27775 1.27826 1.27878 1.27931 1.27984 1.28036 1.28086 1.28133 1.28176 1.28215 1.28248 1.28276 1.28296 1.2831 1.28316 1.28315 1.28307 1.28291 1.28269 1.2824 1.28205 1.28166 1.28122 1.28075 1.28025 1.27974 1.27923 1.27871 1.27821 1.27772 1.27725 1.27681 1.27641 1.27603 1.2757 1.2754 1.27513 1.2749 1.2747 1.27453 1.27438 1.27427 1.27417 1.2741 1.27405 1.27401 1.274 1.274 1.27401 1.27405 1.27411 1.27418 1.27429 1.27441 1.27457 1.27475 1.27496 1.2752 1.27546 1.27576 1.27607 1.2764 1.27675 1.2771 
1.27061 1.27096 1.27131 1.27164 1.27195 1.27224 1.27251 1.27275 1.27296 1.27315 1.27331 1.27345 1.27357 1.27367 1.27375 1.27382 1.27388 1.27394 1.274 1.27406 1.27413 1.27421 1.27431 1.27443 1.27457 1.27475 1.27496 1.27521 1.27551 1.27586 1.27625 1.2767 1.27721 1.27776 1.27836 1.27901 1.27969 1.28041 1.28114 1.28188 1.28262 1.28334 1.28403 1.28468 1.28528 1.28581 1.28626 1.28663 1.28691 1.28709 1.28718 1.28716 1.28704 1.28682 1.2865 1.2861 1.28562 1.28507 1.28446 1.28381 1.28312 1.28241 1.28168 1.28096 1.28026 1.27957 1.27892 1.2783 1.27773 1.2772 1.27672 1.27629 1.27591 1.27558 1.27529 1.27504 1.27484 1.27467 1.27453 1.27442 1.27434 1.27428 1.27424 1.27423 1.27423 1.27426 1.27431 1.27438 1.27448 1.2746 1.27476 1.27494 1.27515 1.27538 1.27565 1.27594 1.27626 1.27659 1.27694 1.27729 
1.27077 1.27112 1.27147 1.2718 1.27211 1.2724 1.27267 1.27291 1.27313 1.27331 1.27347 1.27361 1.27373 1.27383 1.27392 1.274 1.27407 1.27414 1.27421 1.2743 1.27439 1.27451 1.27464 1.27482 1.27503 1.27528 1.27559 1.27595 1.27638 1.27687 1.27744 1.27807 1.27878 1.27956 1.28041 1.28131 1.28226 1.28324 1.28425 1.28527 1.28628 1.28727 1.28821 1.28909 1.2899 1.29062 1.29123 1.29173 1.2921 1.29234 1.29245 1.29241 1.29224 1.29194 1.29151 1.29096 1.2903 1.28955 1.28872 1.28782 1.28687 1.2859 1.28491 1.28392 1.28294 1.28199 1.28109 1.28023 1.27943 1.2787 1.27803 1.27743 1.27689 1.27642 1.27602 1.27567 1.27537 1.27513 1.27493 1.27477 1.27464 1.27455 1.27449 1.27445 1.27444 1.27446 1.2745 1.27456 1.27465 1.27477 1.27492 1.2751 1.27531 1.27555 1.27581 1.2761 1.27642 1.27675 1.2771 1.27745 
1.2709 1.27126 1.2716 1.27194 1.27225 1.27254 1.27281 1.27305 1.27326 1.27345 1.27361 1.27376 1.27388 1.27398 1.27408 1.27416 1.27425 1.27433 1.27443 1.27454 1.27467 1.27483 1.27503 1.27528 1.27558 1.27594 1.27638 1.27689 1.2775 1.27819 1.27898 1.27987 1.28086 1.28193 1.28309 1.28433 1.28563 1.28697 1.28834 1.28971 1.29108 1.2924 1.29366 1.29484 1.29592 1.29687 1.29769 1.29834 1.29883 1.29915 1.29928 1.29923 1.29899 1.29858 1.298 1.29726 1.29637 1.29536 1.29424 1.29303 1.29176 1.29044 1.2891 1.28776 1.28643 1.28515 1.28391 1.28274 1.28165 1.28064 1.27972 1.27889 1.27815 1.27749 1.27693 1.27644 1.27602 1.27568 1.27539 1.27516 1.27498 1.27484 1.27474 1.27468 1.27464 1.27464 1.27467 1.27472 1.27481 1.27492 1.27507 1.27524 1.27545 1.27569 1.27595 1.27624 1.27655 1.27689 1.27723 1.27759 
1.27102 1.27137 1.27172 1.27205 1.27236 1.27265 1.27292 1.27316 1.27338 1.27357 1.27373 1.27388 1.274 1.27412 1.27422 1.27432 1.27442 1.27453 1.27465 1.2748 1.27499 1.27522 1.2755 1.27585 1.27627 1.27678 1.2774 1.27812 1.27895 1.27992 1.28101 1.28222 1.28357 1.28503 1.2866 1.28827 1.29001 1.29181 1.29364 1.29547 1.29727 1.29902 1.30069 1.30224 1.30365 1.3049 1.30596 1.30681 1.30745 1.30785 1.30801 1.30793 1.30762 1.30706 1.30629 1.30531 1.30414 1.3028 1.30132 1.29972 1.29803 1.29628 1.29449 1.29271 1.29094 1.28922 1.28756 1.28599 1.28451 1.28315 1.2819 1.28076 1.27975 1.27886 1.27808 1.27741 1.27684 1.27636 1.27596 1.27563 1.27537 1.27517 1.27502 1.27492 1.27485 1.27482 1.27483 1.27487 1.27495 1.27506 1.27519 1.27537 1.27557 1.2758 1.27607 1.27636 1.27667 1.277 1.27735 1.2777 
1.27111 1.27147 1.27181 1.27214 1.27246 1.27275 1.27302 1.27326 1.27347 1.27367 1.27383 1.27398 1.27412 1.27424 1.27435 1.27447 1.27459 1.27474 1.2749 1.27511 1.27537 1.27569 1.27608 1.27657 1.27716 1.27787 1.27871 1.27971 1.28085 1.28216 1.28364 1.28528 1.28709 1.28905 1.29114 1.29335 1.29566 1.29803 1.30042 1.30282 1.30517 1.30745 1.30961 1.31161 1.31343 1.31504 1.3164 1.31749 1.3183 1.3188 1.319 1.31889 1.31847 1.31775 1.31674 1.31546 1.31394 1.3122 1.31027 1.30818 1.30598 1.30369 1.30136 1.29901 1.29669 1.29442 1.29223 1.29015 1.28819 1.28637 1.28469 1.28318 1.28182 1.28061 1.27956 1.27864 1.27786 1.2772 1.27666 1.27621 1.27584 1.27556 1.27534 1.27518 1.27507 1.27501 1.275 1.27502 1.27508 1.27518 1.27531 1.27547 1.27567 1.2759 1.27616 1.27645 1.27676 1.2771 1.27744 1.27779 
1.27119 1.27154 1.27189 1.27222 1.27253 1.27283 1.27309 1.27334 1.27356 1.27375 1.27392 1.27408 1.27422 1.27435 1.27449 1.27463 1.27479 1.27497 1.2752 1.27548 1.27584 1.27628 1.27682 1.27749 1.2783 1.27927 1.28042 1.28177 1.28331 1.28507 1.28704 1.28922 1.29161 1.29419 1.29694 1.29982 1.30282 1.30589 1.30899 1.31207 1.31509 1.318 1.32076 1.32331 1.32562 1.32765 1.32937 1.33074 1.33175 1.33238 1.33261 1.33246 1.33191 1.33098 1.32969 1.32806 1.32611 1.32388 1.32141 1.31874 1.31591 1.31297 1.30996 1.30693 1.30392 1.30098 1.29813 1.29541 1.29285 1.29046 1.28826 1.28625 1.28445 1.28285 1.28144 1.28022 1.27917 1.27828 1.27753 1.27692 1.27642 1.27602 1.27572 1.27549 1.27532 1.27522 1.27517 1.27516 1.27521 1.27529 1.27541 1.27557 1.27576 1.27599 1.27625 1.27653 1.27684 1.27717 1.27752 1.27787 
1.27125 1.2716 1.27195 1.27228 1.2726 1.27289 1.27316 1.2734 1.27362 1.27382 1.274 1.27416 1.27432 1.27447 1.27463 1.2748 1.27501 1.27525 1.27556 1.27595 1.27643 1.27703 1.27777 1.27868 1.27978 1.28109 1.28263 1.28441 1.28646 1.28878 1.29137 1.29423 1.29734 1.30068 1.30423 1.30794 1.31178 1.31569 1.31963 1.32354 1.32735 1.33101 1.33447 1.33767 1.34055 1.34308 1.34521 1.34691 1.34816 1.34892 1.3492 1.34899 1.3483 1.34713 1.3455 1.34345 1.341 1.33819 1.33508 1.33171 1.32814 1.32441 1.3206 1.31675 1.31291 1.30915 1.3055 1.302 1.29869 1.2956 1.29274 1.29013 1.28778 1.28568 1.28382 1.28221 1.28082 1.27963 1.27864 1.27781 1.27714 1.2766 1.27617 1.27585 1.27561 1.27545 1.27536 1.27532 1.27533 1.2754 1.2755 1.27565 1.27584 1.27606 1.27631 1.2766 1.27691 1.27724 1.27758 1.27793 
1.2713 1.27165 1.272 1.27233 1.27264 1.27294 1.27321 1.27346 1.27368 1.27388 1.27407 1.27425 1.27442 1.27459 1.27479 1.27501 1.27527 1.2756 1.27601 1.27653 1.27718 1.27799 1.27899 1.28021 1.28167 1.2834 1.28544 1.28778 1.29046 1.29348 1.29683 1.30051 1.3045 1.30876 1.31327 1.31797 1.32281 1.32772 1.33265 1.33752 1.34226 1.3468 1.35107 1.35501 1.35855 1.36165 1.36426 1.36633 1.36784 1.36877 1.36909 1.36882 1.36795 1.36649 1.36448 1.36194 1.35891 1.35544 1.35158 1.3474 1.34295 1.33831 1.33355 1.32872 1.32391 1.31917 1.31456 1.31013 1.30593 1.30199 1.29833 1.29498 1.29194 1.28922 1.28682 1.28471 1.28289 1.28134 1.28003 1.27893 1.27804 1.27731 1.27674 1.2763 1.27596 1.27573 1.27557 1.27549 1.27547 1.27551 1.2756 1.27573 1.27591 1.27612 1.27637 1.27665 1.27696 1.27729 1.27763 1.27798 
1.27134 1.27169 1.27204 1.27237 1.27268 1.27298 1.27325 1.2735 1.27373 1.27394 1.27414 1.27433 1.27453 1.27474 1.27497 1.27525 1.2756 1.27603 1.27658 1.27728 1.27814 1.27922 1.28055 1.28215 1.28407 1.28634 1.28898 1.29202 1.29547 1.29933 1.30361 1.30827 1.31331 1.31867 1.32431 1.33017 1.33618 1.34225 1.34832 1.3543 1.3601 1.36564 1.37083 1.37561 1.3799 1.38364 1.38677 1.38926 1.39107 1.39216 1.39254 1.39219 1.39112 1.38935 1.38689 1.3838 1.38011 1.37589 1.37118 1.36607 1.36063 1.35494 1.34908 1.34313 1.33718 1.3313 1.32556 1.32003 1.31476 1.3098 1.30519 1.30095 1.29709 1.29362 1.29054 1.28783 1.28548 1.28347 1.28177 1.28034 1.27916 1.27821 1.27744 1.27685 1.27639 1.27606 1.27583 1.27569 1.27563 1.27563 1.2757 1.27581 1.27598 1.27618 1.27642 1.2767 1.277 1.27733 1.27767 1.27802 
1.27137 1.27172 1.27207 1.2724 1.27272 1.27301 1.27329 1.27354 1.27378 1.274 1.27421 1.27443 1.27465 1.2749 1.2752 1.27556 1.27601 1.27658 1.27731 1.27822 1.27937 1.28078 1.28251 1.2846 1.28708 1.29 1.29339 1.29727 1.30164 1.30652 1.31189 1.31773 1.32399 1.33063 1.33759 1.34478 1.35212 1.35952 1.36689 1.37412 1.3811 1.38775 1.39398 1.39968 1.40479 1.40923 1.41295 1.41589 1.41801 1.4193 1.41973 1.41929 1.418 1.41587 1.41294 1.40924 1.40482 1.39975 1.3941 1.38795 1.38139 1.37452 1.36741 1.36019 1.35294 1.34575 1.33871 1.3319 1.32539 1.31925 1.3135 1.3082 1.30336 1.299 1.29511 1.29167 1.28868 1.28611 1.28392 1.28209 1.28056 1.27932 1.27832 1.27753 1.27692 1.27647 1.27614 1.27593 1.27581 1.27577 1.2758 1.2759 1.27604 1.27624 1.27647 1.27674 1.27704 1.27736 1.2777 1.27805 
1.27139 1.27174 1.27209 1.27242 1.27274 1.27304 1.27332 1.27358 1.27383 1.27406 1.2743 1.27454 1.2748 1.27511 1.27548 1.27595 1.27653 1.27728 1.27822 1.27941 1.2809 1.28273 1.28496 1.28764 1.29082 1.29452 1.2988 1.30367 1.30915 1.31522 1.32187 1.32906 1.33674 1.34485 1.3533 1.362 1.37085 1.37973 1.38853 1.39714 1.40543 1.4133 1.42063 1.42734 1.43333 1.43853 1.44287 1.44629 1.44876 1.45024 1.45072 1.4502 1.44867 1.44616 1.4427 1.43834 1.43314 1.42715 1.42048 1.4132 1.40541 1.39722 1.38874 1.38009 1.37138 1.36271 1.3542 1.34594 1.33801 1.33049 1.32344 1.31691 1.31092 1.3055 1.30064 1.29635 1.29259 1.28934 1.28657 1.28423 1.28229 1.28069 1.2794 1.27837 1.27757 1.27696 1.27652 1.27621 1.27603 1.27593 1.27593 1.27599 1.27612 1.27629 1.27652 1.27678 1.27707 1.27739 1.27773 1.27808 
1.27141 1.27176 1.27211 1.27244 1.27276 1.27307 1.27335 1.27362 1.27388 1.27413 1.27439 1.27467 1.27499 1.27537 1.27584 1.27643 1.27718 1.27814 1.27937 1.2809 1.28281 1.28515 1.28799 1.29138 1.29537 1.30002 1.30535 1.31139 1.31814 1.32559 1.33371 1.34244 1.35173 1.36149 1.37161 1.38198 1.39249 1.40299 1.41336 1.42345 1.43315 1.44232 1.45084 1.45861 1.46554 1.47153 1.47652 1.48045 1.48327 1.48496 1.48549 1.48486 1.48308 1.48017 1.47617 1.47111 1.46508 1.45813 1.45035 1.44186 1.43275 1.42314 1.41317 1.40296 1.39264 1.38234 1.37219 1.3623 1.35277 1.34369 1.33515 1.3272 1.31989 1.31324 1.30727 1.30196 1.29729 1.29325 1.28978 1.28684 1.28439 1.28236 1.28072 1.2794 1.27837 1.27758 1.27698 1.27656 1.27629 1.27613 1.27607 1.2761 1.2762 1.27635 1.27656 1.27682 1.2771 1.27742 1.27775 1.2781 
1.27143 1.27178 1.27212 1.27246 1.27278 1.27309 1.27338 1.27366 1.27394 1.27421 1.27451 1.27483 1.27522 1.27569 1.27628 1.27703 1.27799 1.27922 1.28078 1.28273 1.28515 1.2881 1.29166 1.2959 1.30086 1.3066 1.31316 1.32054 1.32876 1.33777 1.34755 1.35802 1.36909 1.38067 1.39262 1.40482 1.41711 1.42935 1.44139 1.45306 1.46424 1.47477 1.48453 1.4934 1.50128 1.50809 1.51374 1.51818 1.52136 1.52326 1.52384 1.52311 1.52108 1.51776 1.51319 1.50743 1.50053 1.49258 1.48366 1.4739 1.4634 1.4523 1.44073 1.42885 1.4168 1.40473 1.39278 1.38109 1.36979 1.35898 1.34877 1.33922 1.33041 1.32235 1.31509 1.3086 1.30289 1.29791 1.29362 1.28998 1.28692 1.28439 1.28232 1.28066 1.27934 1.27832 1.27755 1.27699 1.2766 1.27636 1.27624 1.27622 1.27629 1.27642 1.27662 1.27686 1.27713 1.27744 1.27777 1.27812 
1.27144 1.27179 1.27214 1.27248 1.2728 1.27311 1.27342 1.27371 1.274 1.27431 1.27464 1.27503 1.2755 1.27608 1.27682 1.27777 1.27899 1.28055 1.28251 1.28496 1.28799 1.29166 1.29607 1.30129 1.30738 1.31438 1.32233 1.33125 1.34111 1.35188 1.36349 1.37587 1.3889 1.40245 1.41637 1.43051 1.44471 1.45877 1.47255 1.48586 1.49855 1.51047 1.52148 1.53147 1.54031 1.54793 1.55424 1.55919 1.56273 1.56483 1.56546 1.56463 1.56234 1.55862 1.55349 1.54702 1.53926 1.53029 1.52023 1.50917 1.49724 1.48459 1.47136 1.45773 1.44385 1.42988 1.41601 1.40238 1.38915 1.37644 1.36438 1.35306 1.34256 1.33293 1.3242 1.31638 1.30946 1.30341 1.29818 1.29371 1.28994 1.28681 1.28424 1.28216 1.28051 1.27922 1.27823 1.2775 1.27699 1.27665 1.27645 1.27638 1.2764 1.2765 1.27667 1.2769 1.27717 1.27747 1.27779 1.27813 
1.27145 1.2718 1.27215 1.27249 1.27282 1.27314 1.27345 1.27376 1.27408 1.27443 1.27482 1.27528 1.27585 1.27657 1.27749 1.27868 1.28021 1.28215 1.2846 1.28764 1.29138 1.2959 1.30129 1.30764 1.315 1.32344 1.33296 1.34358 1.35527 1.36797 1.38159 1.39603 1.41116 1.42681 1.44282 1.459 1.47516 1.49111 1.50666 1.52163 1.53584 1.54915 1.5614 1.57247 1.58225 1.59066 1.59761 1.60305 1.60693 1.60922 1.60991 1.60898 1.60645 1.60234 1.59667 1.58951 1.58091 1.57095 1.55974 1.54739 1.53404 1.51982 1.5049 1.48947 1.47369 1.45775 1.44185 1.42616 1.41086 1.39611 1.38204 1.36878 1.35643 1.34505 1.33469 1.32537 1.31709 1.30981 1.3035 1.29808 1.2935 1.28968 1.28652 1.28396 1.28191 1.28029 1.27905 1.27812 1.27745 1.27699 1.2767 1.27656 1.27653 1.2766 1.27674 1.27695 1.2772 1.27749 1.27781 1.27815 
1.27147 1.27182 1.27216 1.27251 1.27284 1.27317 1.2735 1.27383 1.27418 1.27457 1.27503 1.27558 1.27627 1.27716 1.2783 1.27978 1.28167 1.28407 1.28708 1.29082 1.29537 1.30086 1.30738 1.315 1.32381 1.33384 1.34511 1.3576 1.37128 1.38606 1.40184 1.41848 1.43582 1.45367 1.47183 1.4901 1.50826 1.52611 1.54343 1.56003 1.57574 1.59039 1.60383 1.61594 1.62661 1.63576 1.64331 1.6492 1.6534 1.65587 1.65661 1.6556 1.65284 1.64837 1.6422 1.6344 1.62501 1.61411 1.60181 1.58821 1.57346 1.5577 1.5411 1.52385 1.50615 1.48819 1.47019 1.45236 1.43489 1.41796 1.40175 1.3864 1.37204 1.35875 1.3466 1.33562 1.32582 1.31717 1.30964 1.30315 1.29764 1.29302 1.28919 1.28607 1.28355 1.28157 1.28002 1.27886 1.278 1.27739 1.277 1.27677 1.27668 1.27671 1.27682 1.277 1.27724 1.27752 1.27783 1.27816 
1.27148 1.27183 1.27218 1.27253 1.27287 1.27321 1.27355 1.27391 1.2743 1.27475 1.27528 1.27594 1.27678 1.27787 1.27927 1.28109 1.2834 1.28634 1.29 1.29452 1.30002 1.3066 1.31438 1.32344 1.33384 1.34562 1.3588 1.37332 1.38914 1.40614 1.42419 1.44313 1.46275 1.48285 1.5032 1.52357 1.54373 1.56344 1.58248 1.60066 1.61779 1.6337 1.64825 1.66131 1.6728 1.68262 1.6907 1.697 1.70149 1.70412 1.7049 1.70381 1.70087 1.69608 1.68947 1.68108 1.67098 1.65922 1.64591 1.63114 1.61506 1.59782 1.5796 1.56057 1.54096 1.52098 1.50086 1.48083 1.46111 1.44193 1.42347 1.4059 1.38939 1.37405 1.35995 1.34716 1.33569 1.32553 1.31664 1.30895 1.3024 1.29687 1.29228 1.28852 1.28547 1.28305 1.28116 1.27972 1.27864 1.27787 1.27735 1.27703 1.27687 1.27684 1.27691 1.27707 1.27728 1.27755 1.27785 1.27818 
1.27149 1.27184 1.27219 1.27255 1.2729 1.27325 1.27362 1.27401 1.27445 1.27496 1.27559 1.27638 1.2774 1.27871 1.28042 1.28263 1.28544 1.28898 1.29339 1.2988 1.30535 1.31316 1.32233 1.33296 1.34511 1.3588 1.37401 1.3907 1.40878 1.4281 1.44851 1.46981 1.49176 1.51413 1.53666 1.55909 1.58118 1.60268 1.62335 1.643 1.66144 1.67849 1.69404 1.70796 1.72015 1.73055 1.73909 1.74574 1.75046 1.75324 1.75406 1.75292 1.74981 1.74476 1.73778 1.7289 1.71818 1.70567 1.69145 1.67564 1.65835 1.63973 1.61996 1.59924 1.57778 1.55582 1.53359 1.51136 1.48937 1.46787 1.44708 1.42721 1.40843 1.39091 1.37474 1.35999 1.34672 1.3349 1.32452 1.31551 1.30779 1.30127 1.29582 1.29133 1.28769 1.28477 1.28249 1.28072 1.2794 1.27843 1.27776 1.27732 1.27708 1.27699 1.27702 1.27714 1.27734 1.27759 1.27788 1.2782 
1.27151 1.27186 1.27221 1.27257 1.27293 1.2733 1.27369 1.27412 1.27462 1.27521 1.27595 1.27689 1.27812 1.27971 1.28177 1.28441 1.28778 1.29202 1.29727 1.30367 1.31139 1.32054 1.33125 1.34358 1.3576 1.37332 1.3907 1.40966 1.43009 1.45181 1.47463 1.4983 1.52258 1.54718 1.57183 1.59625 1.62017 1.64334 1.66551 1.68649 1.70609 1.72415 1.74055 1.75518 1.76795 1.77882 1.78774 1.79466 1.79958 1.80247 1.80333 1.80214 1.79892 1.79367 1.78641 1.77714 1.76592 1.75278 1.73781 1.72108 1.70273 1.68288 1.66171 1.63941 1.6162 1.59234 1.56807 1.54367 1.51942 1.49559 1.47243 1.45019 1.42907 1.40927 1.39091 1.37409 1.35888 1.34529 1.3333 1.32284 1.31385 1.30621 1.29981 1.29452 1.2902 1.28674 1.284 1.28188 1.28027 1.27908 1.27824 1.27767 1.27733 1.27717 1.27714 1.27723 1.2774 1.27763 1.27791 1.27822 
1.27153 1.27188 1.27223 1.2726 1.27297 1.27336 1.27379 1.27426 1.27482 1.27551 1.27638 1.2775 1.27895 1.28085 1.28331 1.28646 1.29046 1.29547 1.30164 1.30915 1.31814 1.32876 1.34111 1.35527 1.37128 1.38914 1.40878 1.43009 1.45292 1.47707 1.5023 1.52834 1.55489 1.58165 1.60833 1.63461 1.66022 1.68489 1.7084 1.73053 1.75111 1.77 1.78709 1.80227 1.8155 1.82672 1.8359 1.84302 1.84808 1.85105 1.85194 1.85074 1.84745 1.84207 1.83461 1.82507 1.81348 1.79988 1.78431 1.76684 1.74759 1.72669 1.70428 1.68056 1.65576 1.63012 1.60392 1.57743 1.55097 1.52483 1.49931 1.47467 1.45117 1.42901 1.40838 1.3894 1.37215 1.35667 1.34294 1.33094 1.32056 1.31172 1.30427 1.2981 1.29304 1.28896 1.28572 1.28319 1.28126 1.27982 1.27878 1.27807 1.27762 1.27737 1.27729 1.27733 1.27747 1.27768 1.27794 1.27825 
1.27155 1.2719 1.27226 1.27263 1.27302 1.27344 1.27389 1.27442 1.27506 1.27586 1.27687 1.27819 1.27992 1.28216 1.28507 1.28878 1.29348 1.29933 1.30652 1.31522 1.32559 1.33777 1.35188 1.36797 1.38606 1.40614 1.4281 1.45181 1.47707 1.50365 1.53125 1.55959 1.58833 1.61713 1.64568 1.67367 1.70079 1.72678 1.75142 1.7745 1.79587 1.8154 1.83299 1.84857 1.86209 1.87353 1.88288 1.89011 1.89524 1.89827 1.89918 1.89799 1.89468 1.88925 1.88169 1.872 1.86019 1.84627 1.83028 1.81227 1.79233 1.77056 1.74712 1.72218 1.69596 1.66871 1.64071 1.61227 1.58369 1.55532 1.52747 1.50045 1.47454 1.45 1.42704 1.40582 1.38644 1.36898 1.35343 1.33977 1.32792 1.31777 1.3092 1.30206 1.29619 1.29143 1.28764 1.28467 1.28238 1.28066 1.2794 1.27853 1.27795 1.27761 1.27745 1.27745 1.27755 1.27774 1.27798 1.27828 
1.27158 1.27192 1.27229 1.27267 1.27308 1.27352 1.27402 1.27461 1.27534 1.27625 1.27744 1.27898 1.28101 1.28364 1.28704 1.29137 1.29683 1.30361 1.31189 1.32187 1.33371 1.34755 1.36349 1.38159 1.40184 1.42419 1.44851 1.47463 1.5023 1.53125 1.56117 1.5917 1.62249 1.65319 1.68344 1.71293 1.74135 1.76845 1.794 1.81782 1.83976 1.85972 1.87763 1.89342 1.90709 1.91862 1.92801 1.93528 1.94043 1.94347 1.94441 1.94324 1.93996 1.93455 1.927 1.91728 1.90539 1.89133 1.87511 1.85675 1.83633 1.81392 1.78966 1.76372 1.73629 1.70763 1.67802 1.64777 1.61721 1.58671 1.55661 1.52726 1.49897 1.47205 1.44673 1.42322 1.40166 1.38214 1.36469 1.3493 1.33588 1.32436 1.31458 1.3064 1.29965 1.29417 1.28977 1.2863 1.28362 1.2816 1.2801 1.27904 1.27832 1.27787 1.27764 1.27758 1.27764 1.2778 1.27803 1.27831 
1.27161 1.27195 1.27232 1.27271 1.27314 1.27362 1.27416 1.27483 1.27565 1.2767 1.27807 1.27987 1.28222 1.28528 1.28922 1.29423 1.30051 1.30827 1.31773 1.32906 1.34244 1.35802 1.37587 1.39603 1.41848 1.44313 1.46981 1.4983 1.52834 1.55959 1.5917 1.62429 1.65697 1.68937 1.72113 1.7519 1.7814 1.80937 1.8356 1.85992 1.88222 1.90241 1.92043 1.93628 1.94993 1.96142 1.97076 1.97797 1.98308 1.98611 1.98706 1.98594 1.98273 1.97741 1.96996 1.96034 1.94852 1.93449 1.91821 1.89972 1.87903 1.85621 1.83137 1.80465 1.77625 1.7464 1.71538 1.68351 1.65115 1.61866 1.58642 1.55482 1.52422 1.49494 1.46728 1.44147 1.41769 1.39607 1.37665 1.35945 1.34441 1.33143 1.32038 1.3111 1.30342 1.29714 1.2921 1.2881 1.285 1.28263 1.28087 1.2796 1.27873 1.27817 1.27785 1.27773 1.27774 1.27787 1.27808 1.27835 
1.27164 1.27198 1.27236 1.27276 1.27321 1.27373 1.27433 1.27507 1.276 1.27721 1.27878 1.28086 1.28357 1.28709 1.29161 1.29734 1.3045 1.31331 1.32399 1.33674 1.35173 1.36909 1.3889 1.41116 1.43582 1.46275 1.49176 1.52258 1.55489 1.58833 1.62249 1.65697 1.69136 1.72525 1.75828 1.79011 1.82044 1.84904 1.87571 1.90032 1.92275 1.94296 1.96093 1.97665 1.99015 2.00148 2.01066 2.01774 2.02276 2.02574 2.02671 2.02565 2.02255 2.01739 2.01013 2.00071 1.9891 1.97525 1.95911 1.94067 1.91993 1.89693 1.87174 1.84449 1.81536 1.78455 1.75235 1.71908 1.6851 1.65079 1.61657 1.58284 1.55001 1.51844 1.48847 1.46037 1.43437 1.41062 1.38921 1.37016 1.35344 1.33895 1.32657 1.31613 1.30746 1.30035 1.29461 1.29005 1.28649 1.28376 1.28171 1.28022 1.27918 1.2785 1.27809 1.27789 1.27786 1.27795 1.27814 1.27839 
1.27168 1.27202 1.2724 1.27282 1.2733 1.27385 1.27451 1.27533 1.27639 1.27776 1.27956 1.28193 1.28503 1.28905 1.29419 1.30068 1.30876 1.31867 1.33063 1.34485 1.36149 1.38067 1.40245 1.42681 1.45367 1.48285 1.51413 1.54718 1.58165 1.61713 1.65319 1.68937 1.72525 1.76042 1.79449 1.82712 1.85805 1.88704 1.91392 1.93858 1.96095 1.981 1.99873 2.01418 2.0274 2.03845 2.04738 2.05427 2.05915 2.06206 2.06302 2.06204 2.05909 2.05414 2.04715 2.03804 2.02676 2.01323 1.99739 1.97919 1.9586 1.93564 1.91034 1.8828 1.85317 1.82166 1.78852 1.75407 1.71868 1.68275 1.64672 1.61101 1.57606 1.5423 1.51008 1.47974 1.45154 1.42567 1.40225 1.38132 1.36288 1.34685 1.33309 1.32146 1.31175 1.30377 1.2973 1.29214 1.28809 1.28497 1.28262 1.2809 1.27967 1.27885 1.27834 1.27807 1.27799 1.27804 1.2782 1.27844 
1.27172 1.27206 1.27245 1.27288 1.27339 1.27398 1.27471 1.27563 1.27681 1.27836 1.28041 1.28309 1.2866 1.29114 1.29694 1.30423 1.31327 1.32431 1.33759 1.3533 1.37161 1.39262 1.41637 1.44282 1.47183 1.5032 1.53666 1.57183 1.60833 1.64568 1.68344 1.72113 1.75828 1.79449 1.82936 1.86257 1.89385 1.92301 1.94989 1.9744 1.99651 2.01622 2.03357 2.04861 2.06143 2.07211 2.08072 2.08734 2.09204 2.09486 2.09581 2.09492 2.09214 2.08746 2.0808 2.07209 2.06124 2.04816 2.03276 2.01497 1.99472 1.97199 1.9468 1.9192 1.88932 1.85734 1.8235 1.78811 1.75153 1.71419 1.67652 1.639 1.60209 1.56625 1.53189 1.49938 1.46902 1.44105 1.41562 1.39282 1.37265 1.35504 1.33989 1.32702 1.31625 1.30736 1.30014 1.29435 1.28979 1.28627 1.28359 1.28162 1.2802 1.27923 1.27861 1.27826 1.27812 1.27814 1.27827 1.27849 
1.27177 1.2721 1.2725 1.27295 1.27349 1.27413 1.27493 1.27594 1.27727 1.27901 1.28131 1.28433 1.28827 1.29335 1.29982 1.30794 1.31797 1.33017 1.34478 1.362 1.38198 1.40482 1.43051 1.459 1.4901 1.52357 1.55909 1.59625 1.63461 1.67367 1.71293 1.7519 1.79011 1.82712 1.86257 1.89613 1.92755 1.95666 1.98333 2.00752 2.02921 2.04844 2.06527 2.0798 2.09212 2.10235 2.11057 2.11689 2.12137 2.12407 2.12502 2.12421 2.12164 2.11725 2.11097 2.10272 2.09239 2.07986 2.06503 2.04779 2.02804 2.00573 1.98084 1.95339 1.92348 1.89125 1.85694 1.82084 1.78331 1.74477 1.70568 1.66652 1.62781 1.59003 1.55364 1.51905 1.48661 1.45659 1.4292 1.40454 1.38263 1.36345 1.34688 1.33277 1.32091 1.3111 1.30309 1.29666 1.29158 1.28763 1.28462 1.28238 1.28076 1.27964 1.27891 1.27847 1.27827 1.27824 1.27834 1.27854 
1.27181 1.27215 1.27255 1.27303 1.2736 1.27429 1.27516 1.27628 1.27775 1.27969 1.28226 1.28563 1.29001 1.29566 1.30282 1.31178 1.32281 1.33618 1.35212 1.37085 1.39249 1.41711 1.44471 1.47516 1.50826 1.54373 1.58118 1.62017 1.66022 1.70079 1.74135 1.7814 1.82044 1.85805 1.89385 1.92755 1.95891 1.98779 2.01409 2.0378 2.05893 2.07755 2.09377 2.10769 2.11945 2.12916 2.13696 2.14293 2.14717 2.14974 2.15066 2.14995 2.14759 2.14352 2.13766 2.12992 2.12017 2.10828 2.09411 2.07753 2.05842 2.03668 2.01226 1.98514 1.9554 1.92314 1.88858 1.85199 1.81372 1.77419 1.73388 1.69328 1.65294 1.61338 1.57509 1.53854 1.50411 1.47212 1.44282 1.41633 1.39273 1.37198 1.354 1.33863 1.32569 1.31494 1.30614 1.29905 1.29343 1.28904 1.28569 1.28318 1.28135 1.28007 1.27921 1.27869 1.27842 1.27835 1.27842 1.2786 
1.27186 1.2722 1.27261 1.27311 1.27371 1.27446 1.2754 1.27664 1.27826 1.28041 1.28324 1.28697 1.29181 1.29803 1.30589 1.31569 1.32772 1.34225 1.35952 1.37973 1.40299 1.42935 1.45877 1.49111 1.52611 1.56344 1.60268 1.64334 1.68489 1.72678 1.76845 1.80937 1.84904 1.88704 1.92301 1.95666 1.98779 2.01628 2.04207 2.06516 2.08563 2.10356 2.11908 2.13234 2.14348 2.15264 2.15997 2.16558 2.16956 2.17198 2.17288 2.17227 2.17012 2.16638 2.16097 2.15376 2.14463 2.13343 2.12 2.10417 2.08579 2.06474 2.04093 2.01431 1.9849 1.9528 1.91819 1.88131 1.84251 1.8022 1.76086 1.71902 1.67723 1.63605 1.59602 1.55763 1.52132 1.48746 1.45631 1.42807 1.4028 1.38052 1.36115 1.34455 1.33052 1.31883 1.30924 1.30149 1.29532 1.29049 1.28678 1.284 1.28196 1.28051 1.27953 1.27892 1.27859 1.27846 1.2785 1.27867 
1.27192 1.27226 1.27268 1.27319 1.27383 1.27463 1.27566 1.277 1.27878 1.28114 1.28425 1.28834 1.29364 1.30042 1.30899 1.31963 1.33265 1.34832 1.36689 1.38853 1.41336 1.44139 1.47255 1.50666 1.54343 1.58248 1.62335 1.66551 1.7084 1.75142 1.794 1.8356 1.87571 1.91392 1.94989 1.98333 2.01409 2.04207 2.06723 2.08963 2.10935 2.12653 2.14131 2.15386 2.16435 2.17295 2.1798 2.18503 2.18874 2.19101 2.19188 2.19136 2.18943 2.18602 2.18105 2.1744 2.16591 2.15543 2.14277 2.12775 2.11018 2.0899 2.0668 2.0408 2.01187 1.98009 1.94558 1.9086 1.86946 1.82856 1.7864 1.7435 1.70044 1.65782 1.61619 1.57611 1.53805 1.50242 1.46953 1.4396 1.41274 1.38898 1.36825 1.35044 1.33534 1.32273 1.31235 1.30394 1.29723 1.29196 1.2879 1.28483 1.28257 1.28096 1.27986 1.27915 1.27875 1.27858 1.27859 1.27873 
1.27197 1.27231 1.27274 1.27328 1.27395 1.27481 1.27592 1.27738 1.27931 1.28188 1.28527 1.28971 1.29547 1.30282 1.31207 1.32354 1.33752 1.3543 1.37412 1.39714 1.42345 1.45306 1.48586 1.52163 1.56003 1.60066 1.643 1.68649 1.73053 1.7745 1.81782 1.85992 1.90032 1.93858 1.9744 2.00752 2.0378 2.06516 2.08963 2.11127 2.13021 2.14659 2.1606 2.17244 2.18227 2.1903 2.19666 2.20152 2.20496 2.20708 2.20792 2.20749 2.20576 2.20268 2.19815 2.19204 2.1842 2.17444 2.16257 2.14838 2.13165 2.11222 2.0899 2.0646 2.03626 2.00491 1.97067 1.93373 1.89441 1.8531 1.81029 1.76651 1.72236 1.67846 1.63541 1.59379 1.55412 1.51684 1.48231 1.45079 1.42241 1.39723 1.37521 1.35622 1.34009 1.32658 1.31543 1.30637 1.29913 1.29342 1.28901 1.28567 1.28319 1.28142 1.28019 1.27939 1.27892 1.2787 1.27868 1.2788 
1.27203 1.27237 1.27281 1.27337 1.27408 1.27499 1.27618 1.27775 1.27984 1.28262 1.28628 1.29108 1.29727 1.30517 1.31509 1.32735 1.34226 1.3601 1.3811 1.40543 1.43315 1.46424 1.49855 1.53584 1.57574 1.61779 1.66144 1.70609 1.75111 1.79587 1.83976 1.88222 1.92275 1.96095 1.99651 2.02921 2.05893 2.08563 2.10935 2.13021 2.14833 2.16392 2.17717 2.18829 2.19748 2.20494 2.21084 2.21532 2.21851 2.22047 2.22127 2.22092 2.21939 2.21662 2.21251 2.20694 2.19972 2.19068 2.17959 2.16623 2.15036 2.13178 2.11029 2.08575 2.05807 2.02725 1.99337 1.95661 1.91725 1.87568 1.83237 1.78788 1.74281 1.6978 1.65349 1.61048 1.56934 1.53055 1.49451 1.46149 1.43169 1.40517 1.38192 1.36182 1.3447 1.33033 1.31844 1.30875 1.30099 1.29486 1.29011 1.28649 1.28381 1.28187 1.28052 1.27962 1.27909 1.27882 1.27876 1.27886 
1.27208 1.27242 1.27287 1.27345 1.2742 1.27517 1.27644 1.27812 1.28036 1.28334 1.28727 1.2924 1.29902 1.30745 1.318 1.33101 1.3468 1.36564 1.38775 1.4133 1.44232 1.47477 1.51047 1.54915 1.59039 1.6337 1.67849 1.72415 1.77 1.8154 1.85972 1.90241 1.94296 1.981 2.01622 2.04844 2.07755 2.10356 2.12653 2.14659 2.16392 2.17873 2.19123 2.20166 2.21024 2.21716 2.22261 2.22674 2.22968 2.2315 2.23226 2.23198 2.23063 2.22815 2.22444 2.21936 2.21274 2.20438 2.19405 2.18149 2.16648 2.14875 2.12809 2.10433 2.07736 2.04712 2.01368 1.97718 1.93789 1.89618 1.85252 1.80747 1.76163 1.71567 1.67025 1.62602 1.58356 1.5434 1.50597 1.47159 1.44047 1.4127 1.3883 1.36715 1.3491 1.33391 1.32132 1.31105 1.30278 1.29625 1.29117 1.28729 1.2844 1.28231 1.28084 1.27985 1.27925 1.27894 1.27885 1.27893 
1.27214 1.27248 1.27294 1.27354 1.27432 1.27534 1.27669 1.27847 1.28086 1.28403 1.28821 1.29366 1.30069 1.30961 1.32076 1.33447 1.35107 1.37083 1.39398 1.42063 1.45084 1.48453 1.52148 1.5614 1.60383 1.64825 1.69404 1.74055 1.78709 1.83299 1.87763 1.92043 1.96093 1.99873 2.03357 2.06527 2.09377 2.11908 2.14131 2.1606 2.17717 2.19123 2.20304 2.21282 2.22082 2.22724 2.23227 2.23607 2.23877 2.24046 2.24118 2.24097 2.23978 2.23756 2.23422 2.2296 2.22354 2.21581 2.20618 2.1944 2.18019 2.16328 2.14344 2.12046 2.09419 2.06456 2.0316 1.99543 1.9563 1.91455 1.87065 1.82516 1.7787 1.73194 1.68556 1.64025 1.59663 1.55524 1.51657 1.48095 1.44863 1.41973 1.39426 1.37215 1.35324 1.33729 1.32405 1.31321 1.30448 1.29757 1.29218 1.28806 1.28497 1.28273 1.28114 1.28008 1.27941 1.27905 1.27893 1.27899 
1.27219 1.27253 1.273 1.27362 1.27443 1.2755 1.27692 1.27881 1.28133 1.28468 1.28909 1.29484 1.30224 1.31161 1.32331 1.33767 1.35501 1.37561 1.39968 1.42734 1.45861 1.4934 1.53147 1.57247 1.61594 1.66131 1.70796 1.75518 1.80227 1.84857 1.89342 1.93628 1.97665 2.01418 2.04861 2.0798 2.10769 2.13234 2.15386 2.17244 2.18829 2.20166 2.21282 2.22201 2.22948 2.23544 2.24009 2.2436 2.24609 2.24765 2.24834 2.24817 2.24713 2.24515 2.24213 2.23793 2.23237 2.22522 2.21625 2.20517 2.1917 2.17557 2.1565 2.13426 2.10868 2.07966 2.04719 2.01138 1.97245 1.93074 1.8867 1.84087 1.79391 1.74648 1.6993 1.65306 1.60842 1.56596 1.52618 1.48946 1.45607 1.42614 1.39973 1.37674 1.35704 1.34041 1.32656 1.31522 1.30606 1.29879 1.29312 1.28877 1.28551 1.28312 1.28143 1.28028 1.27956 1.27916 1.27901 1.27906 
1.27224 1.27258 1.27306 1.2737 1.27454 1.27566 1.27714 1.27912 1.28176 1.28528 1.2899 1.29592 1.30365 1.31343 1.32562 1.34055 1.35855 1.3799 1.40479 1.43333 1.46554 1.50128 1.54031 1.58225 1.62661 1.6728 1.72015 1.76795 1.8155 1.86209 1.90709 1.94993 1.99015 2.0274 2.06143 2.09212 2.11945 2.14348 2.16435 2.18227 2.19748 2.21024 2.22082 2.22948 2.23647 2.24203 2.24635 2.24959 2.25189 2.25334 2.25399 2.25387 2.25296 2.25118 2.24845 2.24462 2.23949 2.23286 2.22447 2.21402 2.20123 2.1858 2.16743 2.14587 2.12093 2.09249 2.0605 2.02506 1.98636 1.94473 1.90061 1.85455 1.80718 1.75921 1.71136 1.66433 1.61883 1.57544 1.53471 1.49703 1.4627 1.43188 1.40462 1.38086 1.36047 1.34321 1.32884 1.31703 1.3075 1.29991 1.29398 1.28942 1.286 1.28348 1.2817 1.28048 1.2797 1.27926 1.27909 1.27911 
1.27228 1.27262 1.27311 1.27377 1.27464 1.27579 1.27734 1.2794 1.28215 1.28581 1.29062 1.29687 1.3049 1.31504 1.32765 1.34308 1.36165 1.38364 1.40923 1.43853 1.47153 1.50809 1.54793 1.59066 1.63576 1.68262 1.73055 1.77882 1.82672 1.87353 1.91862 1.96142 2.00148 2.03845 2.07211 2.10235 2.12916 2.15264 2.17295 2.1903 2.20494 2.21716 2.22724 2.23544 2.24203 2.24724 2.25127 2.25428 2.25642 2.25777 2.25839 2.25831 2.2575 2.2559 2.25341 2.24989 2.24515 2.23896 2.23106 2.22117 2.20897 2.19414 2.17639 2.15545 2.13108 2.10315 2.07161 2.03652 1.99805 1.95652 1.91237 1.86614 1.81847 1.77006 1.72166 1.67399 1.62776 1.5836 1.54206 1.50357 1.46844 1.43685 1.40887 1.38445 1.36345 1.34567 1.33083 1.31863 1.30876 1.30089 1.29474 1.29 1.28643 1.28381 1.28193 1.28065 1.27982 1.27935 1.27915 1.27917 
1.27232 1.27266 1.27315 1.27383 1.27472 1.27591 1.27751 1.27964 1.28248 1.28626 1.29123 1.29769 1.30596 1.3164 1.32937 1.34521 1.36426 1.38677 1.41295 1.44287 1.47652 1.51374 1.55424 1.59761 1.64331 1.6907 1.73909 1.78774 1.8359 1.88288 1.92801 1.97076 2.01066 2.04738 2.08072 2.11057 2.13696 2.15997 2.1798 2.19666 2.21084 2.22261 2.23227 2.24009 2.24635 2.25127 2.25506 2.25788 2.25988 2.26115 2.26175 2.2617 2.26097 2.25952 2.25723 2.25397 2.24954 2.24372 2.23624 2.2268 2.21509 2.20078 2.18355 2.16311 2.13923 2.11175 2.08059 2.0458 2.00754 1.96612 1.92197 1.87562 1.82772 1.77897 1.73013 1.68195 1.63513 1.59035 1.54816 1.509 1.47322 1.441 1.41242 1.38745 1.36596 1.34773 1.33251 1.31998 1.30983 1.30173 1.29538 1.29049 1.2868 1.28408 1.28214 1.2808 1.27993 1.27943 1.27921 1.27921 
1.27235 1.27269 1.27319 1.27388 1.27479 1.27601 1.27765 1.27983 1.28276 1.28663 1.29173 1.29834 1.30681 1.31749 1.33074 1.34691 1.36633 1.38926 1.41589 1.44629 1.48045 1.51818 1.55919 1.60305 1.6492 1.697 1.74574 1.79466 1.84302 1.89011 1.93528 1.97797 2.01774 2.05427 2.08734 2.11689 2.14293 2.16558 2.18503 2.20152 2.21532 2.22674 2.23607 2.2436 2.24959 2.25428 2.25788 2.26056 2.26245 2.26366 2.26424 2.26421 2.26355 2.26221 2.26008 2.25702 2.25283 2.2473 2.24014 2.23107 2.21974 2.20583 2.18901 2.16898 2.14549 2.11836 2.08751 2.05296 2.01488 1.97355 1.9294 1.88297 1.8349 1.7859 1.73673 1.68816 1.6409 1.59564 1.55294 1.51327 1.47698 1.44427 1.41523 1.38984 1.36796 1.34938 1.33385 1.32106 1.31069 1.3024 1.2959 1.29089 1.2871 1.28431 1.2823 1.28092 1.28002 1.2795 1.27926 1.27925 
1.27238 1.27272 1.27322 1.27392 1.27485 1.27609 1.27775 1.27998 1.28296 1.28691 1.2921 1.29883 1.30745 1.3183 1.33175 1.34816 1.36784 1.39107 1.41801 1.44876 1.48327 1.52136 1.56273 1.60693 1.6534 1.70149 1.75046 1.79958 1.84808 1.89524 1.94043 1.98308 2.02276 2.05915 2.09204 2.12137 2.14717 2.16956 2.18874 2.20496 2.21851 2.22968 2.23877 2.24609 2.25189 2.25642 2.25988 2.26245 2.26427 2.26543 2.26599 2.26598 2.26537 2.26411 2.26209 2.25918 2.25517 2.24984 2.24292 2.2341 2.22305 2.20943 2.1929 2.17316 2.14994 2.12306 2.09242 2.05804 2.02008 1.97882 1.93468 1.88819 1.84 1.79083 1.74143 1.69258 1.64501 1.59941 1.55636 1.51633 1.47968 1.44663 1.41726 1.39156 1.36941 1.35058 1.33484 1.32186 1.31132 1.30291 1.29629 1.29119 1.28733 1.28448 1.28243 1.28101 1.28009 1.27955 1.2793 1.27928 
1.2724 1.27274 1.27324 1.27394 1.27488 1.27614 1.27783 1.28008 1.2831 1.28709 1.29234 1.29915 1.30785 1.3188 1.33238 1.34892 1.36877 1.39216 1.4193 1.45024 1.48496 1.52326 1.56483 1.60922 1.65587 1.70412 1.75324 1.80247 1.85105 1.89827 1.94347 1.98611 2.02574 2.06206 2.09486 2.12407 2.14974 2.17198 2.19101 2.20708 2.22047 2.2315 2.24046 2.24765 2.25334 2.25777 2.26115 2.26366 2.26543 2.26656 2.26712 2.26711 2.26654 2.26532 2.26338 2.26055 2.25665 2.25145 2.24466 2.236 2.22511 2.21165 2.19529 2.1757 2.15264 2.12589 2.09536 2.06108 2.02318 1.98195 1.9378 1.89127 1.843 1.79372 1.74419 1.69518 1.64743 1.60164 1.55838 1.51815 1.4813 1.44805 1.41849 1.39261 1.37029 1.35132 1.33545 1.32235 1.31172 1.30322 1.29654 1.29139 1.28748 1.28459 1.28251 1.28108 1.28014 1.27958 1.27932 1.2793 
