6.65328 6.65347 6.65378 6.65422 6.65478 6.65547 6.65628 6.65721 6.65827 6.65944 6.66074 6.66216 6.6637 6.66536 6.66713 6.66901 6.671 6.67309 6.67529 6.67757 6.67995 6.68241 6.68494 6.68754 6.6902 6.69291 6.69565 6.69843 6.70122 6.70401 6.70679 6.70956 6.71228 6.71497 6.71759 6.72013 6.72259 6.72494 6.72719 6.7293 6.73128 6.73311 6.73477 6.73627 6.73759 6.73872 6.73966 6.7404 6.74093 6.74126 6.74139 6.7413 6.74101 6.74051 6.73981 6.73892 6.73783 6.73656 6.73511 6.7335 6.73173 6.72982 6.72777 6.72559 6.72331 6.72093 6.71847 6.71594 6.71336 6.71073 6.70808 6.70541 6.70273 6.70007 6.69743 6.69482 6.69226 6.68975 6.68731 6.68493 6.68264 6.68044 6.67833 6.67633 6.67442 6.67263 6.67095 6.66939 6.66795 6.66663 6.66543 6.66436 6.66341 6.66259 6.66189 6.66132 6.66088 6.66056 6.66037 6.66031 
6.65347 6.65366 6.65397 6.65441 6.65497 6.65566 6.65647 6.65741 6.65847 6.65966 6.66097 6.66239 6.66394 6.66561 6.66738 6.66928 6.67128 6.67338 6.67559 6.67789 6.68028 6.68275 6.6853 6.68792 6.69059 6.69332 6.69608 6.69887 6.70167 6.70448 6.70728 6.71006 6.71281 6.71551 6.71814 6.7207 6.72318 6.72555 6.7278 6.72993 6.73192 6.73376 6.73543 6.73694 6.73826 6.7394 6.74035 6.74109 6.74163 6.74196 6.74209 6.742 6.74171 6.74121 6.7405 6.7396 6.73851 6.73723 6.73577 6.73415 6.73237 6.73044 6.72838 6.72619 6.7239 6.7215 6.71903 6.71648 6.71388 6.71124 6.70856 6.70588 6.70319 6.70051 6.69785 6.69523 6.69265 6.69012 6.68767 6.68528 6.68297 6.68076 6.67864 6.67662 6.6747 6.6729 6.67121 6.66964 6.66819 6.66686 6.66566 6.66457 6.66362 6.66279 6.66209 6.66152 6.66107 6.66075 6.66056 6.6605 
6.65378 6.65397 6.65429 6.65473 6.6553 6.656 6.65682 6.65777 6.65885 6.66005 6.66138 6.66282 6.66439 6.66608 6.66789 6.66981 6.67184 6.67397 6.67621 6.67855 6.68098 6.68349 6.68607 6.68873 6.69144 6.6942 6.69701 6.69984 6.70268 6.70553 6.70838 6.7112 6.71398 6.71672 6.71939 6.72199 6.7245 6.7269 6.72919 6.73135 6.73337 6.73523 6.73693 6.73846 6.7398 6.74096 6.74192 6.74267 6.74322 6.74355 6.74368 6.74359 6.74329 6.74278 6.74207 6.74115 6.74004 6.73874 6.73726 6.73562 6.73381 6.73185 6.72976 6.72754 6.72521 6.72278 6.72027 6.71768 6.71504 6.71236 6.70965 6.70692 6.70419 6.70147 6.69877 6.6961 6.69349 6.69092 6.68843 6.686 6.68366 6.68141 6.67926 6.6772 6.67526 6.67343 6.67171 6.67012 6.66864 6.66729 6.66606 6.66497 6.664 6.66315 6.66244 6.66186 6.6614 6.66107 6.66088 6.66081 
6.65422 6.65441 6.65473 6.65518 6.65576 6.65648 6.65732 6.65829 6.65939 6.66062 6.66197 6.66346 6.66506 6.66679 6.66864 6.6706 6.67268 6.67487 6.67716 6.67955 6.68203 6.6846 6.68725 6.68997 6.69274 6.69557 6.69844 6.70133 6.70425 6.70716 6.71007 6.71296 6.71581 6.71861 6.72134 6.724 6.72656 6.72902 6.73136 6.73357 6.73563 6.73753 6.73927 6.74083 6.7422 6.74338 6.74436 6.74513 6.74569 6.74603 6.74616 6.74607 6.74576 6.74524 6.7445 6.74357 6.74243 6.7411 6.73959 6.7379 6.73605 6.73405 6.73191 6.72963 6.72725 6.72476 6.72219 6.71955 6.71684 6.7141 6.71132 6.70853 6.70573 6.70294 6.70018 6.69745 6.69477 6.69215 6.68959 6.6871 6.68471 6.6824 6.68019 6.67809 6.67609 6.67422 6.67246 6.67082 6.6693 6.66792 6.66666 6.66553 6.66453 6.66367 6.66293 6.66233 6.66186 6.66153 6.66132 6.66125 
6.65478 6.65497 6.6553 6.65576 6.65636 6.65709 6.65796 6.65896 6.66009 6.66136 6.66276 6.66429 6.66594 6.66773 6.66963 6.67166 6.6738 6.67606 6.67842 6.68089 6.68345 6.6861 6.68883 6.69164 6.6945 6.69742 6.70037 6.70336 6.70636 6.70937 6.71237 6.71534 6.71828 6.72116 6.72398 6.72672 6.72936 6.73189 6.7343 6.73657 6.73869 6.74065 6.74244 6.74405 6.74546 6.74667 6.74768 6.74847 6.74904 6.74939 6.74952 6.74942 6.74911 6.74857 6.74781 6.74684 6.74567 6.7443 6.74274 6.741 6.73909 6.73703 6.73482 6.73247 6.73002 6.72745 6.7248 6.72207 6.71928 6.71645 6.71358 6.7107 6.70782 6.70494 6.70209 6.69927 6.6965 6.69379 6.69115 6.68858 6.68611 6.68372 6.68144 6.67927 6.6772 6.67526 6.67344 6.67174 6.67018 6.66874 6.66744 6.66627 6.66523 6.66434 6.66357 6.66295 6.66246 6.66211 6.66189 6.66181 
6.65547 6.65566 6.656 6.65648 6.65709 6.65785 6.65875 6.65979 6.66096 6.66228 6.66373 6.66532 6.66704 6.66889 6.67087 6.67298 6.67521 6.67755 6.68001 6.68257 6.68523 6.68799 6.69082 6.69373 6.69671 6.69974 6.70281 6.70591 6.70903 6.71215 6.71526 6.71834 6.72139 6.72438 6.7273 6.73014 6.73288 6.73551 6.738 6.74036 6.74256 6.74459 6.74644 6.74811 6.74957 6.75082 6.75186 6.75268 6.75327 6.75363 6.75376 6.75366 6.75333 6.75277 6.75198 6.75098 6.74976 6.74833 6.74671 6.74491 6.74293 6.74078 6.73849 6.73605 6.7335 6.73084 6.72808 6.72525 6.72235 6.71941 6.71643 6.71344 6.71044 6.70745 6.70449 6.70156 6.69868 6.69586 6.69311 6.69044 6.68786 6.68538 6.683 6.68074 6.67859 6.67656 6.67466 6.6729 6.67126 6.66976 6.6684 6.66718 6.6661 6.66516 6.66436 6.6637 6.66319 6.66282 6.66259 6.6625 
6.65628 6.65647 6.65682 6.65732 6.65796 6.65875 6.65969 6.66077 6.662 6.66337 6.66489 6.66655 6.66835 6.67028 6.67235 6.67456 6.67689 6.67934 6.68191 6.68459 6.68737 6.69025 6.69321 6.69626 6.69937 6.70253 6.70574 6.70898 6.71223 6.71549 6.71874 6.72196 6.72514 6.72826 6.73131 6.73427 6.73713 6.73987 6.74247 6.74492 6.74722 6.74933 6.75126 6.753 6.75452 6.75582 6.7569 6.75775 6.75837 6.75874 6.75888 6.75877 6.75842 6.75783 6.75701 6.75595 6.75468 6.75319 6.7515 6.74961 6.74754 6.7453 6.74291 6.74037 6.7377 6.73492 6.73204 6.72908 6.72605 6.72298 6.71986 6.71673 6.7136 6.71047 6.70737 6.70431 6.70129 6.69834 6.69546 6.69267 6.68997 6.68736 6.68487 6.6825 6.68025 6.67812 6.67613 6.67427 6.67256 6.67098 6.66955 6.66826 6.66713 6.66614 6.66529 6.6646 6.66405 6.66366 6.66341 6.66331 
6.65721 6.65741 6.65777 6.65829 6.65896 6.65979 6.66077 6.66191 6.6632 6.66464 6.66623 6.66798 6.66987 6.6719 6.67408 6.6764 6.67885 6.68142 6.68412 6.68694 6.68987 6.69289 6.69601 6.6992 6.70247 6.70579 6.70916 6.71256 6.71598 6.7194 6.72281 6.72619 6.72952 6.7328 6.73599 6.7391 6.74209 6.74496 6.74769 6.75026 6.75266 6.75488 6.7569 6.75871 6.7603 6.76167 6.7628 6.76368 6.76432 6.76471 6.76485 6.76473 6.76436 6.76374 6.76288 6.76177 6.76043 6.75887 6.75709 6.75511 6.75294 6.75059 6.74807 6.74541 6.74261 6.73969 6.73666 6.73355 6.73038 6.72714 6.72387 6.72058 6.71729 6.714 6.71074 6.70752 6.70435 6.70124 6.69821 6.69527 6.69242 6.68968 6.68706 6.68455 6.68218 6.67994 6.67783 6.67587 6.67406 6.67239 6.67088 6.66952 6.66831 6.66726 6.66637 6.66563 6.66505 6.66463 6.66436 6.66425 
6.65827 6.65847 6.65885 6.65939 6.66009 6.66096 6.662 6.6632 6.66456 6.66608 6.66776 6.6696 6.6716 6.67375 6.67605 6.67849 6.68108 6.6838 6.68665 6.68963 6.69271 6.69591 6.6992 6.70257 6.70601 6.70952 6.71307 6.71666 6.72026 6.72386 6.72745 6.73101 6.73453 6.73798 6.74134 6.74461 6.74776 6.75078 6.75365 6.75635 6.75888 6.76121 6.76333 6.76523 6.76691 6.76834 6.76952 6.77045 6.77112 6.77153 6.77167 6.77154 6.77115 6.77049 6.76958 6.76841 6.767 6.76536 6.76348 6.76139 6.7591 6.75663 6.75397 6.75116 6.74821 6.74513 6.74194 6.73867 6.73531 6.7319 6.72845 6.72498 6.7215 6.71803 6.71459 6.71118 6.70783 6.70455 6.70134 6.69823 6.69522 6.69232 6.68954 6.68689 6.68438 6.682 6.67977 6.67769 6.67577 6.674 6.67239 6.67095 6.66966 6.66854 6.66759 6.6668 6.66618 6.66573 6.66544 6.66531 
6.65944 6.65966 6.66005 6.66062 6.66136 6.66228 6.66337 6.66464 6.66608 6.66769 6.66947 6.67142 6.67354 6.67581 6.67825 6.68084 6.68358 6.68647 6.68949 6.69264 6.69591 6.69929 6.70278 6.70635 6.70999 6.7137 6.71746 6.72126 6.72507 6.72888 6.73267 6.73644 6.74015 6.74379 6.74735 6.7508 6.75412 6.75731 6.76034 6.76319 6.76585 6.76831 6.77055 6.77255 6.77432 6.77583 6.77707 6.77805 6.77875 6.77918 6.77932 6.77919 6.77877 6.77807 6.7771 6.77587 6.77438 6.77263 6.77065 6.76844 6.76602 6.7634 6.7606 6.75762 6.7545 6.75124 6.74787 6.7444 6.74085 6.73724 6.73359 6.72991 6.72623 6.72255 6.7189 6.71529 6.71174 6.70826 6.70486 6.70156 6.69836 6.69529 6.69233 6.68952 6.68684 6.68432 6.68194 6.67973 6.67768 6.6758 6.67408 6.67254 6.67117 6.66998 6.66895 6.66811 6.66744 6.66695 6.66664 6.6665 
6.66074 6.66097 6.66138 6.66197 6.66276 6.66373 6.66489 6.66623 6.66776 6.66947 6.67136 6.67344 6.67568 6.6781 6.68069 6.68345 6.68636 6.68942 6.69263 6.69598 6.69945 6.70304 6.70674 6.71053 6.7144 6.71834 6.72233 6.72635 6.73039 6.73443 6.73845 6.74244 6.74637 6.75023 6.754 6.75765 6.76117 6.76454 6.76774 6.77076 6.77357 6.77617 6.77854 6.78066 6.78252 6.78411 6.78543 6.78646 6.7872 6.78764 6.78779 6.78764 6.7872 6.78646 6.78543 6.78412 6.78253 6.78069 6.77859 6.77624 6.77368 6.7709 6.76793 6.76477 6.76146 6.75801 6.75443 6.75075 6.74699 6.74316 6.73928 6.73538 6.73146 6.72756 6.72368 6.71985 6.71607 6.71237 6.70876 6.70525 6.70184 6.69857 6.69542 6.69242 6.68957 6.68688 6.68435 6.68199 6.6798 6.67779 6.67595 6.6743 6.67284 6.67156 6.67046 6.66955 6.66883 6.6683 6.66796 6.66781 
6.66216 6.66239 6.66282 6.66346 6.66429 6.66532 6.66655 6.66798 6.6696 6.67142 6.67344 6.67564 6.67803 6.68061 6.68337 6.6863 6.6894 6.69266 6.69608 6.69964 6.70334 6.70716 6.71109 6.71512 6.71923 6.72342 6.72765 6.73193 6.73622 6.74051 6.74478 6.74901 6.75319 6.75728 6.76127 6.76515 6.76888 6.77245 6.77585 6.77904 6.78203 6.78478 6.78728 6.78952 6.79149 6.79318 6.79457 6.79566 6.79644 6.7969 6.79706 6.79689 6.79642 6.79563 6.79453 6.79314 6.79146 6.7895 6.78727 6.78478 6.78205 6.7791 6.77595 6.7726 6.76908 6.76541 6.76162 6.7577 6.7537 6.74963 6.74551 6.74136 6.7372 6.73305 6.72892 6.72484 6.72082 6.71688 6.71303 6.70928 6.70566 6.70216 6.69881 6.6956 6.69256 6.68968 6.68698 6.68445 6.68211 6.67996 6.678 6.67623 6.67466 6.67328 6.67211 6.67113 6.67035 6.66978 6.66941 6.66923 
6.6637 6.66394 6.66439 6.66506 6.66594 6.66704 6.66835 6.66987 6.6716 6.67354 6.67568 6.67803 6.68058 6.68333 6.68627 6.68939 6.6927 6.69618 6.69982 6.70361 6.70755 6.71162 6.7158 6.72009 6.72447 6.72893 6.73344 6.73798 6.74255 6.74711 6.75165 6.75614 6.76058 6.76492 6.76917 6.77328 6.77724 6.78103 6.78463 6.78802 6.79118 6.7941 6.79675 6.79913 6.80121 6.803 6.80447 6.80562 6.80644 6.80693 6.80709 6.80691 6.8064 6.80556 6.8044 6.80292 6.80113 6.79904 6.79667 6.79403 6.79113 6.788 6.78464 6.78108 6.77734 6.77344 6.7694 6.76524 6.76099 6.75665 6.75227 6.74785 6.74342 6.73899 6.7346 6.73025 6.72597 6.72176 6.71765 6.71366 6.70979 6.70606 6.70248 6.69906 6.6958 6.69273 6.68983 6.68713 6.68462 6.68232 6.68022 6.67832 6.67663 6.67515 6.67389 6.67284 6.672 6.67138 6.67097 6.67078 
6.66536 6.66561 6.66608 6.66679 6.66773 6.66889 6.67028 6.6719 6.67375 6.67581 6.6781 6.68061 6.68333 6.68626 6.6894 6.69273 6.69625 6.69996 6.70384 6.70789 6.71208 6.71642 6.72088 6.72545 6.73012 6.73486 6.73966 6.7445 6.74935 6.7542 6.75903 6.76381 6.76853 6.77315 6.77765 6.78202 6.78622 6.79025 6.79407 6.79767 6.80102 6.80412 6.80693 6.80945 6.81166 6.81355 6.81511 6.81632 6.81719 6.81771 6.81787 6.81768 6.81714 6.81624 6.815 6.81342 6.81152 6.8093 6.80678 6.80397 6.80089 6.79755 6.79398 6.7902 6.78622 6.78207 6.77777 6.77335 6.76882 6.7642 6.75953 6.75483 6.75011 6.74539 6.74071 6.73607 6.7315 6.72702 6.72264 6.71837 6.71424 6.71026 6.70643 6.70277 6.69929 6.696 6.69291 6.69001 6.68733 6.68486 6.6826 6.68057 6.67876 6.67717 6.67581 6.67468 6.67377 6.6731 6.67266 6.67244 
6.66713 6.66738 6.66789 6.66864 6.66963 6.67087 6.67235 6.67408 6.67605 6.67825 6.68069 6.68337 6.68627 6.6894 6.69274 6.6963 6.70006 6.70401 6.70815 6.71246 6.71694 6.72156 6.72631 6.73118 6.73615 6.7412 6.74631 6.75145 6.75662 6.76178 6.76692 6.772 6.77701 6.78192 6.78671 6.79135 6.79581 6.80009 6.80415 6.80796 6.81152 6.8148 6.81779 6.82046 6.8228 6.8248 6.82645 6.82774 6.82866 6.8292 6.82937 6.82916 6.82858 6.82762 6.8263 6.82462 6.8226 6.82024 6.81756 6.81457 6.81129 6.80775 6.80395 6.79993 6.7957 6.79128 6.78671 6.782 6.77718 6.77227 6.76729 6.76228 6.75725 6.75223 6.74724 6.74229 6.73742 6.73264 6.72796 6.72341 6.719 6.71474 6.71065 6.70674 6.70302 6.6995 6.69619 6.69309 6.69022 6.68757 6.68515 6.68297 6.68103 6.67932 6.67786 6.67664 6.67567 6.67494 6.67446 6.67422 
6.66901 6.66928 6.66981 6.6706 6.67166 6.67298 6.67456 6.6764 6.67849 6.68084 6.68345 6.6863 6.68939 6.69273 6.6963 6.70009 6.7041 6.70831 6.71273 6.71732 6.72209 6.72701 6.73208 6.73726 6.74255 6.74793 6.75336 6.75884 6.76434 6.76983 6.77529 6.78069 6.78601 6.79123 6.79631 6.80124 6.80598 6.81052 6.81482 6.81887 6.82265 6.82613 6.82929 6.83212 6.8346 6.83672 6.83847 6.83983 6.8408 6.84138 6.84155 6.84133 6.8407 6.83968 6.83828 6.83649 6.83434 6.83183 6.82898 6.8258 6.82232 6.81855 6.81452 6.81024 6.80574 6.80105 6.79618 6.79117 6.78604 6.78082 6.77552 6.77019 6.76483 6.75948 6.75416 6.7489 6.7437 6.7386 6.73361 6.72876 6.72405 6.7195 6.71514 6.71096 6.70699 6.70322 6.69968 6.69637 6.69329 6.69045 6.68786 6.68553 6.68344 6.68161 6.68004 6.67873 6.67768 6.67689 6.67637 6.67611 
6.671 6.67128 6.67184 6.67268 6.6738 6.67521 6.67689 6.67885 6.68108 6.68358 6.68636 6.6894 6.6927 6.69625 6.70006 6.7041 6.70837 6.71286 6.71756 6.72246 6.72753 6.73278 6.73817 6.74369 6.74931 6.75503 6.76081 6.76664 6.77248 6.77831 6.78411 6.78985 6.79551 6.80104 6.80644 6.81167 6.8167 6.82151 6.82608 6.83037 6.83437 6.83806 6.84141 6.84441 6.84704 6.84928 6.85113 6.85257 6.85359 6.8542 6.85438 6.85413 6.85347 6.85239 6.85089 6.84899 6.84671 6.84404 6.84101 6.83764 6.83394 6.82994 6.82565 6.82111 6.81633 6.81134 6.80617 6.80084 6.79539 6.78984 6.78421 6.77853 6.77283 6.76714 6.76147 6.75586 6.75033 6.7449 6.73958 6.7344 6.72938 6.72454 6.71988 6.71542 6.71117 6.70715 6.70337 6.69983 6.69654 6.6935 6.69073 6.68823 6.68599 6.68403 6.68234 6.68094 6.67981 6.67896 6.6784 6.67811 
6.67309 6.67338 6.67397 6.67487 6.67606 6.67755 6.67934 6.68142 6.6838 6.68647 6.68942 6.69266 6.69618 6.69996 6.70401 6.70831 6.71286 6.71764 6.72265 6.72786 6.73326 6.73883 6.74456 6.75043 6.75642 6.76249 6.76863 6.77482 6.78102 6.78722 6.79337 6.79947 6.80546 6.81134 6.81706 6.8226 6.82794 6.83303 6.83787 6.84242 6.84666 6.85056 6.85411 6.85728 6.86006 6.86243 6.86439 6.86591 6.86699 6.86762 6.86781 6.86755 6.86684 6.86569 6.8641 6.86209 6.85966 6.85683 6.85362 6.85004 6.84612 6.84187 6.83732 6.8325 6.82743 6.82213 6.81664 6.81099 6.80519 6.79929 6.79331 6.78728 6.78122 6.77517 6.76915 6.76318 6.75729 6.75151 6.74585 6.74034 6.73499 6.72982 6.72485 6.7201 6.71557 6.71128 6.70724 6.70346 6.69995 6.69671 6.69374 6.69106 6.68867 6.68657 6.68477 6.68326 6.68205 6.68114 6.68053 6.68021 
6.67529 6.67559 6.67621 6.67716 6.67842 6.68001 6.68191 6.68412 6.68665 6.68949 6.69263 6.69608 6.69982 6.70384 6.70815 6.71273 6.71756 6.72265 6.72796 6.7335 6.73924 6.74516 6.75125 6.75748 6.76384 6.77028 6.7768 6.78337 6.78995 6.79651 6.80304 6.8095 6.81585 6.82207 6.82814 6.834 6.83965 6.84505 6.85017 6.85498 6.85946 6.86359 6.86734 6.8707 6.87363 6.87614 6.8782 6.87981 6.88095 6.88162 6.88181 6.88153 6.88078 6.87955 6.87787 6.87573 6.87316 6.87016 6.86676 6.86297 6.85881 6.85431 6.84949 6.84438 6.839 6.83339 6.82757 6.82157 6.81542 6.80916 6.80282 6.79641 6.78998 6.78356 6.77716 6.77082 6.76456 6.75842 6.7524 6.74653 6.74084 6.73535 6.73006 6.725 6.72017 6.71561 6.7113 6.70727 6.70352 6.70006 6.6969 6.69404 6.69148 6.68924 6.68731 6.68569 6.68439 6.68342 6.68276 6.68242 
6.67757 6.67789 6.67855 6.67955 6.68089 6.68257 6.68459 6.68694 6.68963 6.69264 6.69598 6.69964 6.70361 6.70789 6.71246 6.71732 6.72246 6.72786 6.7335 6.73938 6.74547 6.75175 6.75821 6.76482 6.77155 6.77839 6.78529 6.79225 6.79922 6.80617 6.81308 6.81992 6.82664 6.83322 6.83964 6.84584 6.85181 6.85752 6.86293 6.86801 6.87275 6.87711 6.88107 6.88461 6.88771 6.89036 6.89253 6.89422 6.89542 6.89612 6.89633 6.89603 6.89522 6.89393 6.89215 6.88989 6.88716 6.88399 6.88039 6.87638 6.87198 6.86721 6.86211 6.8567 6.85101 6.84507 6.83891 6.83256 6.82605 6.81942 6.81269 6.8059 6.79909 6.79227 6.78549 6.77876 6.77212 6.7656 6.75921 6.75298 6.74694 6.7411 6.73548 6.73009 6.72497 6.7201 6.71552 6.71123 6.70724 6.70355 6.70018 6.69713 6.69441 6.69202 6.68995 6.68823 6.68684 6.68579 6.68508 6.68472 
6.67995 6.68028 6.68098 6.68203 6.68345 6.68523 6.68737 6.68987 6.69271 6.69591 6.69945 6.70334 6.70755 6.71208 6.71694 6.72209 6.72753 6.73326 6.73924 6.74547 6.75192 6.75858 6.76542 6.77241 6.77954 6.78677 6.79408 6.80144 6.80881 6.81616 6.82347 6.83069 6.8378 6.84475 6.85152 6.85808 6.86438 6.8704 6.87611 6.88147 6.88647 6.89107 6.89524 6.89898 6.90224 6.90503 6.90732 6.9091 6.91036 6.9111 6.91131 6.91099 6.91014 6.90877 6.90688 6.9045 6.90162 6.89827 6.89446 6.89022 6.88558 6.88054 6.87515 6.86944 6.86342 6.85714 6.85063 6.84391 6.83703 6.83001 6.8229 6.81572 6.8085 6.80129 6.79411 6.78698 6.77995 6.77303 6.76626 6.75966 6.75325 6.74705 6.74109 6.73538 6.72993 6.72477 6.7199 6.71534 6.7111 6.70718 6.70359 6.70035 6.69745 6.6949 6.6927 6.69086 6.68938 6.68826 6.6875 6.6871 
6.68241 6.68275 6.68349 6.6846 6.6861 6.68799 6.69025 6.69289 6.69591 6.69929 6.70304 6.70716 6.71162 6.71642 6.72156 6.72701 6.73278 6.73883 6.74516 6.75175 6.75858 6.76562 6.77285 6.78024 6.78778 6.79542 6.80314 6.81091 6.81869 6.82645 6.83416 6.84178 6.84928 6.85661 6.86375 6.87066 6.8773 6.88365 6.88966 6.89532 6.90058 6.90542 6.90981 6.91374 6.91718 6.92011 6.92252 6.92439 6.92572 6.92649 6.92671 6.92636 6.92547 6.92402 6.92203 6.91951 6.91648 6.91294 6.90893 6.90446 6.89956 6.89425 6.88857 6.88253 6.87619 6.86956 6.86269 6.8556 6.84833 6.84093 6.83341 6.82583 6.8182 6.81058 6.80298 6.79545 6.78801 6.7807 6.77353 6.76654 6.75976 6.7532 6.74688 6.74083 6.73505 6.72958 6.72442 6.71958 6.71508 6.71092 6.70711 6.70367 6.70059 6.69788 6.69554 6.69358 6.69201 6.69081 6.69 6.68957 
6.68494 6.6853 6.68607 6.68725 6.68883 6.69082 6.69321 6.69601 6.6992 6.70278 6.70674 6.71109 6.7158 6.72088 6.72631 6.73208 6.73817 6.74456 6.75125 6.75821 6.76542 6.77285 6.78048 6.78828 6.79623 6.80429 6.81243 6.82062 6.82882 6.837 6.84512 6.85315 6.86104 6.86877 6.87628 6.88355 6.89054 6.89722 6.90354 6.90949 6.91502 6.92011 6.92473 6.92885 6.93247 6.93555 6.93808 6.94004 6.94143 6.94224 6.94246 6.9421 6.94115 6.93963 6.93753 6.93488 6.93168 6.92796 6.92374 6.91903 6.91387 6.90828 6.9023 6.89595 6.88926 6.88228 6.87504 6.86757 6.85992 6.85211 6.84419 6.83619 6.82815 6.8201 6.81209 6.80414 6.79629 6.78856 6.781 6.77361 6.76644 6.75951 6.75283 6.74643 6.74032 6.73453 6.72907 6.72394 6.71918 6.71477 6.71074 6.70709 6.70382 6.70094 6.69847 6.69639 6.69471 6.69344 6.69257 6.69212 
6.68754 6.68792 6.68873 6.68997 6.69164 6.69373 6.69626 6.6992 6.70257 6.70635 6.71053 6.71512 6.72009 6.72545 6.73118 6.73726 6.74369 6.75043 6.75748 6.76482 6.77241 6.78024 6.78828 6.7965 6.80487 6.81336 6.82193 6.83054 6.83917 6.84778 6.85632 6.86476 6.87305 6.88117 6.88906 6.8967 6.90404 6.91105 6.9177 6.92393 6.92974 6.93508 6.93993 6.94426 6.94805 6.95128 6.95393 6.95598 6.95744 6.95828 6.95852 6.95813 6.95713 6.95553 6.95333 6.95054 6.94718 6.94327 6.93883 6.93389 6.92847 6.92259 6.9163 6.90963 6.9026 6.89526 6.88765 6.87979 6.87174 6.86352 6.85519 6.84677 6.8383 6.82983 6.82139 6.81302 6.80475 6.7966 6.78863 6.78084 6.77328 6.76596 6.75891 6.75216 6.74571 6.73959 6.73382 6.72841 6.72337 6.71872 6.71445 6.71059 6.70713 6.70409 6.70146 6.69926 6.69749 6.69614 6.69522 6.69473 
6.6902 6.69059 6.69144 6.69274 6.6945 6.69671 6.69937 6.70247 6.70601 6.70999 6.7144 6.71923 6.72447 6.73012 6.73615 6.74255 6.74931 6.75642 6.76384 6.77155 6.77954 6.78778 6.79623 6.80487 6.81367 6.82258 6.83159 6.84064 6.8497 6.85873 6.8677 6.87655 6.88526 6.89377 6.90205 6.91006 6.91776 6.92511 6.93207 6.93861 6.94469 6.95028 6.95536 6.95989 6.96386 6.96724 6.97001 6.97216 6.97369 6.97457 6.97481 6.9744 6.97335 6.97167 6.96936 6.96643 6.96291 6.95881 6.95415 6.94897 6.94328 6.93712 6.93052 6.92352 6.91615 6.90845 6.90045 6.89221 6.88375 6.87513 6.86637 6.85753 6.84863 6.83973 6.83086 6.82206 6.81335 6.80479 6.7964 6.7882 6.78024 6.77254 6.76511 6.758 6.75121 6.74476 6.73868 6.73297 6.72765 6.72274 6.71824 6.71416 6.71052 6.7073 6.70453 6.7022 6.70032 6.69889 6.69792 6.6974 
6.69291 6.69332 6.6942 6.69557 6.69742 6.69974 6.70253 6.70579 6.70952 6.7137 6.71834 6.72342 6.72893 6.73486 6.7412 6.74793 6.75503 6.76249 6.77028 6.77839 6.78677 6.79542 6.80429 6.81336 6.82258 6.83193 6.84137 6.85086 6.86036 6.86983 6.87922 6.8885 6.89761 6.90653 6.9152 6.92358 6.93163 6.93932 6.9466 6.95344 6.9598 6.96565 6.97096 6.97569 6.97984 6.98337 6.98627 6.98852 6.9901 6.99102 6.99127 6.99084 6.98974 6.98798 6.98556 6.98249 6.97881 6.97452 6.96964 6.96422 6.95826 6.95182 6.94491 6.93757 6.92986 6.92179 6.91341 6.90478 6.89591 6.88687 6.87769 6.86842 6.8591 6.84976 6.84045 6.83121 6.82208 6.81309 6.80427 6.79567 6.7873 6.77921 6.77141 6.76392 6.75678 6.75 6.7436 6.7376 6.73201 6.72683 6.7221 6.7178 6.71395 6.71057 6.70764 6.70519 6.70321 6.7017 6.70067 6.70011 
6.69565 6.69608 6.69701 6.69844 6.70037 6.70281 6.70574 6.70916 6.71307 6.71746 6.72233 6.72765 6.73344 6.73966 6.74631 6.75336 6.76081 6.76863 6.7768 6.78529 6.79408 6.80314 6.81243 6.82193 6.83159 6.84137 6.85125 6.86118 6.87112 6.88102 6.89084 6.90054 6.91007 6.91938 6.92844 6.9372 6.94561 6.95364 6.96124 6.96838 6.97502 6.98112 6.98666 6.9916 6.99593 6.99961 7.00263 7.00497 7.00663 7.00758 7.00784 7.00739 7.00624 7.00439 7.00186 6.99866 6.99481 6.99033 6.98524 6.97957 6.97335 6.96661 6.95939 6.95173 6.94366 6.93523 6.92647 6.91744 6.90817 6.89872 6.88911 6.87941 6.86965 6.85988 6.85013 6.84045 6.83089 6.82147 6.81223 6.80321 6.79444 6.78595 6.77777 6.76992 6.76242 6.75531 6.74859 6.74228 6.73641 6.73097 6.726 6.72148 6.71744 6.71388 6.7108 6.70822 6.70613 6.70454 6.70345 6.70287 
6.69843 6.69887 6.69984 6.70133 6.70336 6.70591 6.70898 6.71256 6.71666 6.72126 6.72635 6.73193 6.73798 6.7445 6.75145 6.75884 6.76664 6.77482 6.78337 6.79225 6.80144 6.81091 6.82062 6.83054 6.84064 6.85086 6.86118 6.87155 6.88192 6.89226 6.90251 6.91263 6.92257 6.93228 6.94173 6.95086 6.95963 6.968 6.97592 6.98336 6.99027 6.99663 7.0024 7.00755 7.01205 7.01589 7.01903 7.02147 7.02319 7.02418 7.02444 7.02397 7.02277 7.02084 7.01821 7.01487 7.01086 7.00618 7.00088 6.99496 6.98848 6.98145 6.97392 6.96593 6.95751 6.94872 6.93958 6.93015 6.92048 6.91061 6.90058 6.89045 6.88025 6.87004 6.85985 6.84974 6.83974 6.82989 6.82023 6.81079 6.80162 6.79273 6.78417 6.77595 6.7681 6.76065 6.75361 6.747 6.74084 6.73515 6.72993 6.72519 6.72095 6.71722 6.71399 6.71128 6.70908 6.70741 6.70627 6.70565 
6.70122 6.70167 6.70268 6.70425 6.70636 6.70903 6.71223 6.71598 6.72026 6.72507 6.73039 6.73622 6.74255 6.74935 6.75662 6.76434 6.77248 6.78102 6.78995 6.79922 6.80881 6.81869 6.82882 6.83917 6.8497 6.86036 6.87112 6.88192 6.89273 6.9035 6.91418 6.92471 6.93506 6.94518 6.95501 6.96451 6.97364 6.98234 6.99058 6.99832 7.00551 7.01212 7.01812 7.02347 7.02815 7.03213 7.0354 7.03793 7.03971 7.04074 7.04101 7.04052 7.03927 7.03726 7.03452 7.03105 7.02687 7.02201 7.01649 7.01034 7.00359 6.99627 6.98844 6.98012 6.97135 6.96219 6.95268 6.94286 6.93278 6.9225 6.91205 6.90148 6.89086 6.88021 6.86959 6.85904 6.8486 6.83832 6.82824 6.81839 6.80881 6.79953 6.79058 6.782 6.7738 6.76601 6.75865 6.75174 6.7453 6.73934 6.73388 6.72892 6.72448 6.72057 6.71719 6.71435 6.71205 6.7103 6.7091 6.70845 
6.70401 6.70448 6.70553 6.70716 6.70937 6.71215 6.71549 6.7194 6.72386 6.72888 6.73443 6.74051 6.74711 6.7542 6.76178 6.76983 6.77831 6.78722 6.79651 6.80617 6.81616 6.82645 6.837 6.84778 6.85873 6.86983 6.88102 6.89226 6.9035 6.91469 6.92579 6.93674 6.9475 6.95801 6.96822 6.97809 6.98757 6.99661 7.00517 7.0132 7.02066 7.02752 7.03374 7.03929 7.04415 7.04828 7.05166 7.05429 7.05614 7.05721 7.05748 7.05697 7.05567 7.05358 7.05073 7.04713 7.04279 7.03774 7.03201 7.02562 7.01861 7.01101 7.00287 6.99423 6.98512 6.9756 6.96571 6.95551 6.94503 6.93433 6.92346 6.91248 6.90142 6.89034 6.87928 6.8683 6.85744 6.84673 6.83623 6.82597 6.81599 6.80631 6.79699 6.78803 6.77948 6.77136 6.76368 6.75647 6.74975 6.74353 6.73782 6.73265 6.72802 6.72393 6.7204 6.71743 6.71502 6.71319 6.71193 6.71125 
6.70679 6.70728 6.70838 6.71007 6.71237 6.71526 6.71874 6.72281 6.72745 6.73267 6.73845 6.74478 6.75165 6.75903 6.76692 6.77529 6.78411 6.79337 6.80304 6.81308 6.82347 6.83416 6.84512 6.85632 6.8677 6.87922 6.89084 6.90251 6.91418 6.92579 6.93731 6.94867 6.95983 6.97072 6.98131 6.99155 7.00137 7.01074 7.0196 7.02792 7.03565 7.04276 7.0492 7.05495 7.05998 7.06425 7.06776 7.07048 7.07239 7.07349 7.07378 7.07324 7.07189 7.06973 7.06678 7.06304 7.05854 7.05331 7.04737 7.04074 7.03348 7.0256 7.01716 7.0082 6.99876 6.98888 6.97862 6.96803 6.95716 6.94606 6.93478 6.92337 6.91189 6.90039 6.8889 6.87749 6.8662 6.85508 6.84416 6.83349 6.82311 6.81305 6.80335 6.79403 6.78513 6.77667 6.76868 6.76117 6.75417 6.7477 6.74175 6.73636 6.73153 6.72727 6.72359 6.72049 6.71799 6.71607 6.71476 6.71405 
6.70956 6.71006 6.7112 6.71296 6.71534 6.71834 6.72196 6.72619 6.73101 6.73644 6.74244 6.74901 6.75614 6.76381 6.772 6.78069 6.78985 6.79947 6.8095 6.81992 6.83069 6.84178 6.85315 6.86476 6.87655 6.8885 6.90054 6.91263 6.92471 6.93674 6.94867 6.96043 6.97198 6.98326 6.99422 7.00481 7.01497 7.02466 7.03383 7.04243 7.05043 7.05777 7.06443 7.07038 7.07557 7.07999 7.08361 7.08642 7.08839 7.08953 7.08982 7.08927 7.08787 7.08564 7.08258 7.07871 7.07406 7.06865 7.0625 7.05565 7.04813 7.03998 7.03125 7.02197 7.0122 7.00198 6.99136 6.98039 6.96913 6.95763 6.94595 6.93413 6.92223 6.9103 6.8984 6.88657 6.87486 6.86332 6.852 6.84093 6.83015 6.81971 6.80964 6.79997 6.79072 6.78194 6.77363 6.76583 6.75856 6.75182 6.74565 6.74004 6.73502 6.73059 6.72675 6.72353 6.72092 6.71893 6.71756 6.71682 
6.71228 6.71281 6.71398 6.71581 6.71828 6.72139 6.72514 6.72952 6.73453 6.74015 6.74637 6.75319 6.76058 6.76853 6.77701 6.78601 6.79551 6.80546 6.81585 6.82664 6.8378 6.84928 6.86104 6.87305 6.88526 6.89761 6.91007 6.92257 6.93506 6.9475 6.95983 6.97198 6.98391 6.99557 7.00689 7.01782 7.02831 7.03832 7.04778 7.05666 7.06491 7.0725 7.07937 7.0855 7.09086 7.09542 7.09915 7.10205 7.10408 7.10525 7.10555 7.10498 7.10353 7.10122 7.09807 7.09408 7.08927 7.08368 7.07734 7.07026 7.0625 7.05408 7.04506 7.03548 7.02538 7.01482 7.00385 6.99252 6.98088 6.96899 6.95691 6.94469 6.93238 6.92005 6.90773 6.89549 6.88337 6.87143 6.8597 6.84824 6.83708 6.82627 6.81583 6.80581 6.79623 6.78712 6.77851 6.77042 6.76288 6.75589 6.74948 6.74367 6.73845 6.73385 6.72988 6.72653 6.72382 6.72175 6.72033 6.71956 
6.71497 6.71551 6.71672 6.71861 6.72116 6.72438 6.72826 6.7328 6.73798 6.74379 6.75023 6.75728 6.76492 6.77315 6.78192 6.79123 6.80104 6.81134 6.82207 6.83322 6.84475 6.85661 6.86877 6.88117 6.89377 6.90653 6.91938 6.93228 6.94518 6.95801 6.97072 6.98326 6.99557 7.00758 7.01925 7.03052 7.04134 7.05165 7.0614 7.07055 7.07905 7.08686 7.09394 7.10025 7.10577 7.11046 7.11431 7.11729 7.11938 7.12059 7.12089 7.1203 7.11881 7.11643 7.11318 7.10906 7.10411 7.09835 7.09181 7.08452 7.07652 7.06785 7.05855 7.04867 7.03826 7.02737 7.01605 7.00436 6.99236 6.98009 6.96763 6.95501 6.94231 6.92957 6.91686 6.90421 6.8917 6.87936 6.86724 6.8554 6.84386 6.83268 6.82189 6.81152 6.80162 6.7922 6.78329 6.77492 6.76711 6.75988 6.75325 6.74723 6.74183 6.73706 6.73294 6.72948 6.72667 6.72453 6.72305 6.72225 
6.71759 6.71814 6.71939 6.72134 6.72398 6.7273 6.73131 6.73599 6.74134 6.74735 6.754 6.76127 6.76917 6.77765 6.78671 6.79631 6.80644 6.81706 6.82814 6.83964 6.85152 6.86375 6.87628 6.88906 6.90205 6.9152 6.92844 6.94173 6.95501 6.96822 6.98131 6.99422 7.00689 7.01925 7.03126 7.04286 7.05398 7.06459 7.07462 7.08403 7.09277 7.10079 7.10807 7.11456 7.12023 7.12506 7.12901 7.13207 7.13422 7.13546 7.13577 7.13516 7.13363 7.13118 7.12783 7.1236 7.11851 7.11259 7.10586 7.09836 7.09013 7.0812 7.07164 7.06147 7.05076 7.03955 7.0279 7.01587 7.00351 6.99088 6.97804 6.96504 6.95196 6.93883 6.92573 6.9127 6.8998 6.88707 6.87458 6.86236 6.85046 6.83893 6.82779 6.8171 6.80687 6.79714 6.78795 6.77931 6.77124 6.76377 6.75692 6.7507 6.74512 6.7402 6.73594 6.73236 6.72945 6.72723 6.72571 6.72487 
6.72013 6.7207 6.72199 6.724 6.72672 6.73014 6.73427 6.7391 6.74461 6.7508 6.75765 6.76515 6.77328 6.78202 6.79135 6.80124 6.81167 6.8226 6.834 6.84584 6.85808 6.87066 6.88355 6.8967 6.91006 6.92358 6.9372 6.95086 6.96451 6.97809 6.99155 7.00481 7.01782 7.03052 7.04286 7.05476 7.06619 7.07708 7.08737 7.09703 7.106 7.11424 7.12171 7.12837 7.13419 7.13914 7.14319 7.14633 7.14854 7.1498 7.15012 7.14949 7.14792 7.14541 7.14197 7.13763 7.1324 7.12632 7.11941 7.11171 7.10326 7.0941 7.08427 7.07383 7.06282 7.05131 7.03934 7.02698 7.01427 7.00129 6.98809 6.97474 6.96128 6.94778 6.9343 6.9209 6.90763 6.89453 6.88168 6.8691 6.85685 6.84497 6.83351 6.82249 6.81196 6.80194 6.79246 6.78356 6.77524 6.76755 6.76048 6.75407 6.74831 6.74324 6.73885 6.73515 6.73215 6.72987 6.72829 6.72743 
6.72259 6.72318 6.7245 6.72656 6.72936 6.73288 6.73713 6.74209 6.74776 6.75412 6.76117 6.76888 6.77724 6.78622 6.79581 6.80598 6.8167 6.82794 6.83965 6.85181 6.86438 6.8773 6.89054 6.90404 6.91776 6.93163 6.94561 6.95963 6.97364 6.98757 7.00137 7.01497 7.02831 7.04134 7.05398 7.06619 7.0779 7.08906 7.09961 7.1095 7.11869 7.12714 7.13479 7.14161 7.14757 7.15264 7.15679 7.16 7.16226 7.16356 7.16388 7.16324 7.16162 7.15905 7.15553 7.15108 7.14572 7.13949 7.13241 7.12451 7.11585 7.10646 7.09639 7.08568 7.0744 7.06259 7.05032 7.03764 7.02461 7.01129 6.99775 6.98404 6.97023 6.95638 6.94254 6.92878 6.91515 6.90171 6.8885 6.87558 6.86299 6.85079 6.83901 6.82768 6.81685 6.80655 6.79681 6.78765 6.7791 6.77118 6.76391 6.75731 6.75139 6.74617 6.74165 6.73784 6.73476 6.7324 6.73078 6.72989 
6.72494 6.72555 6.7269 6.72902 6.73189 6.73551 6.73987 6.74496 6.75078 6.75731 6.76454 6.77245 6.78103 6.79025 6.80009 6.81052 6.82151 6.83303 6.84505 6.85752 6.8704 6.88365 6.89722 6.91105 6.92511 6.93932 6.95364 6.968 6.98234 6.99661 7.01074 7.02466 7.03832 7.05165 7.06459 7.07708 7.08906 7.10047 7.11126 7.12139 7.13079 7.13942 7.14724 7.15422 7.16031 7.16549 7.16973 7.17302 7.17533 7.17665 7.17698 7.17632 7.17467 7.17203 7.16843 7.16388 7.1584 7.15203 7.14478 7.13671 7.12785 7.11824 7.10793 7.09698 7.08543 7.07335 7.06079 7.0478 7.03446 7.02083 7.00696 6.99292 6.97877 6.96458 6.9504 6.9363 6.92233 6.90855 6.89501 6.88177 6.86886 6.85635 6.84426 6.83264 6.82153 6.81096 6.80096 6.79156 6.78279 6.77466 6.7672 6.76042 6.75434 6.74898 6.74434 6.74043 6.73726 6.73484 6.73317 6.73225 
6.72719 6.7278 6.72919 6.73136 6.7343 6.738 6.74247 6.74769 6.75365 6.76034 6.76774 6.77585 6.78463 6.79407 6.80415 6.81482 6.82608 6.83787 6.85017 6.86293 6.87611 6.88966 6.90354 6.9177 6.93207 6.9466 6.96124 6.97592 6.99058 7.00517 7.0196 7.03383 7.04778 7.0614 7.07462 7.08737 7.09961 7.11126 7.12229 7.13262 7.14222 7.15103 7.15901 7.16613 7.17235 7.17764 7.18197 7.18532 7.18768 7.18903 7.18936 7.18869 7.187 7.18431 7.18063 7.17599 7.17039 7.16388 7.15649 7.14824 7.13919 7.12938 7.11885 7.10766 7.09587 7.08352 7.07069 7.05742 7.04379 7.02985 7.01568 7.00132 6.98686 6.97235 6.95785 6.94343 6.92914 6.91504 6.90119 6.88763 6.87443 6.86161 6.84924 6.83735 6.82597 6.81515 6.80491 6.79528 6.78629 6.77796 6.77032 6.76338 6.75715 6.75165 6.74689 6.74288 6.73964 6.73715 6.73544 6.7345 
6.7293 6.72993 6.73135 6.73357 6.73657 6.74036 6.74492 6.75026 6.75635 6.76319 6.77076 6.77904 6.78802 6.79767 6.80796 6.81887 6.83037 6.84242 6.85498 6.86801 6.88147 6.89532 6.90949 6.92393 6.93861 6.95344 6.96838 6.98336 6.99832 7.0132 7.02792 7.04243 7.05666 7.07055 7.08403 7.09703 7.1095 7.12139 7.13262 7.14315 7.15293 7.16191 7.17005 7.1773 7.18364 7.18902 7.19344 7.19685 7.19925 7.20062 7.20097 7.20028 7.19856 7.19581 7.19207 7.18733 7.18163 7.17499 7.16745 7.15905 7.14982 7.13982 7.12909 7.11768 7.10565 7.09306 7.07997 7.06644 7.05254 7.03832 7.02385 7.00921 6.99445 6.97964 6.96484 6.95012 6.93553 6.92113 6.90699 6.89314 6.87965 6.86657 6.85392 6.84177 6.83015 6.81909 6.80862 6.79878 6.78959 6.78108 6.77326 6.76616 6.75979 6.75416 6.7493 6.7452 6.74188 6.73934 6.73758 6.73662 
6.73128 6.73192 6.73337 6.73563 6.73869 6.74256 6.74722 6.75266 6.75888 6.76585 6.77357 6.78203 6.79118 6.80102 6.81152 6.82265 6.83437 6.84666 6.85946 6.87275 6.88647 6.90058 6.91502 6.92974 6.94469 6.9598 6.97502 6.99027 7.00551 7.02066 7.03565 7.05043 7.06491 7.07905 7.09277 7.106 7.11869 7.13079 7.14222 7.15293 7.16288 7.17202 7.18029 7.18767 7.19412 7.19959 7.20408 7.20755 7.20999 7.21139 7.21174 7.21103 7.20928 7.20649 7.20268 7.19786 7.19206 7.18531 7.17764 7.16909 7.1597 7.14952 7.1386 7.12699 7.11474 7.10193 7.0886 7.07482 7.06066 7.04619 7.03146 7.01654 7.00151 6.98642 6.97134 6.95634 6.94147 6.9268 6.91238 6.89827 6.88452 6.87118 6.85829 6.84589 6.83404 6.82276 6.81208 6.80204 6.79267 6.78398 6.776 6.76876 6.76225 6.75651 6.75155 6.74736 6.74397 6.74138 6.73959 6.73861 
6.73311 6.73376 6.73523 6.73753 6.74065 6.74459 6.74933 6.75488 6.76121 6.76831 6.77617 6.78478 6.7941 6.80412 6.8148 6.82613 6.83806 6.85056 6.86359 6.87711 6.89107 6.90542 6.92011 6.93508 6.95028 6.96565 6.98112 6.99663 7.01212 7.02752 7.04276 7.05777 7.0725 7.08686 7.10079 7.11424 7.12714 7.13942 7.15103 7.16191 7.17202 7.18129 7.1897 7.19719 7.20373 7.2093 7.21385 7.21738 7.21985 7.22127 7.22162 7.22091 7.21913 7.2163 7.21242 7.20753 7.20164 7.19478 7.18699 7.1783 7.16877 7.15842 7.14733 7.13553 7.12309 7.11007 7.09653 7.08253 7.06813 7.05342 7.03844 7.02328 7.00799 6.99265 6.97732 6.96206 6.94694 6.93202 6.91735 6.90299 6.889 6.87542 6.8623 6.84969 6.83762 6.82614 6.81527 6.80505 6.7955 6.78665 6.77853 6.77115 6.76453 6.75868 6.75362 6.74936 6.74591 6.74326 6.74144 6.74044 
6.73477 6.73543 6.73693 6.73927 6.74244 6.74644 6.75126 6.7569 6.76333 6.77055 6.77854 6.78728 6.79675 6.80693 6.81779 6.82929 6.84141 6.85411 6.86734 6.88107 6.89524 6.90981 6.92473 6.93993 6.95536 6.97096 6.98666 7.0024 7.01812 7.03374 7.0492 7.06443 7.07937 7.09394 7.10807 7.12171 7.13479 7.14724 7.15901 7.17005 7.18029 7.1897 7.19822 7.20581 7.21245 7.21809 7.2227 7.22627 7.22878 7.23022 7.23058 7.22985 7.22805 7.22518 7.22125 7.21629 7.21031 7.20336 7.19546 7.18665 7.17698 7.16649 7.15524 7.14327 7.13066 7.11745 7.10371 7.08951 7.07491 7.05997 7.04478 7.02939 7.01388 6.99831 6.98274 6.96726 6.9519 6.93675 6.92186 6.90728 6.89307 6.87928 6.86595 6.85314 6.84088 6.82921 6.81817 6.80778 6.79808 6.78909 6.78084 6.77333 6.7666 6.76066 6.75552 6.75118 6.74767 6.74498 6.74313 6.74211 
6.73627 6.73694 6.73846 6.74083 6.74405 6.74811 6.753 6.75871 6.76523 6.77255 6.78066 6.78952 6.79913 6.80945 6.82046 6.83212 6.84441 6.85728 6.8707 6.88461 6.89898 6.91374 6.92885 6.94426 6.95989 6.97569 6.9916 7.00755 7.02347 7.03929 7.05495 7.07038 7.0855 7.10025 7.11456 7.12837 7.14161 7.15422 7.16613 7.1773 7.18767 7.19719 7.20581 7.2135 7.22021 7.22592 7.23059 7.23421 7.23675 7.2382 7.23856 7.23782 7.236 7.23309 7.22911 7.22409 7.21805 7.21101 7.20301 7.19409 7.1843 7.17369 7.16229 7.15018 7.1374 7.12403 7.11012 7.09573 7.08095 7.06582 7.05043 7.03485 7.01913 7.00335 6.98759 6.97189 6.95634 6.94098 6.92588 6.91111 6.8967 6.88272 6.86921 6.85622 6.84379 6.83196 6.82076 6.81023 6.80039 6.79127 6.7829 6.77529 6.76846 6.76243 6.75721 6.75282 6.74925 6.74653 6.74464 6.74361 
6.73759 6.73826 6.7398 6.7422 6.74546 6.74957 6.75452 6.7603 6.76691 6.77432 6.78252 6.79149 6.80121 6.81166 6.8228 6.8346 6.84704 6.86006 6.87363 6.88771 6.90224 6.91718 6.93247 6.94805 6.96386 6.97984 6.99593 7.01205 7.02815 7.04415 7.05998 7.07557 7.09086 7.10577 7.12023 7.13419 7.14757 7.16031 7.17235 7.18364 7.19412 7.20373 7.21245 7.22021 7.227 7.23276 7.23748 7.24113 7.2437 7.24516 7.24553 7.24478 7.24294 7.24 7.23598 7.23091 7.2248 7.21768 7.2096 7.20059 7.1907 7.17997 7.16845 7.15621 7.1433 7.12978 7.11572 7.10118 7.08623 7.07094 7.05537 7.03961 7.02372 7.00777 6.99182 6.97595 6.96021 6.94468 6.92941 6.91446 6.89989 6.88574 6.87207 6.85893 6.84635 6.83437 6.82304 6.81238 6.80242 6.79319 6.78471 6.77701 6.7701 6.76399 6.75871 6.75426 6.75065 6.74788 6.74598 6.74493 
6.73872 6.7394 6.74096 6.74338 6.74667 6.75082 6.75582 6.76167 6.76834 6.77583 6.78411 6.79318 6.803 6.81355 6.8248 6.83672 6.84928 6.86243 6.87614 6.89036 6.90503 6.92011 6.93555 6.95128 6.96724 6.98337 6.99961 7.01589 7.03213 7.04828 7.06425 7.07999 7.09542 7.11046 7.12506 7.13914 7.15264 7.16549 7.17764 7.18902 7.19959 7.2093 7.21809 7.22592 7.23276 7.23857 7.24333 7.24702 7.2496 7.25108 7.25145 7.2507 7.24884 7.24587 7.24182 7.2367 7.23054 7.22336 7.21521 7.20612 7.19614 7.18531 7.17369 7.16134 7.14831 7.13467 7.12048 7.1058 7.09072 7.07528 7.05958 7.04367 7.02763 7.01152 6.99543 6.9794 6.96351 6.94783 6.93241 6.91732 6.9026 6.88831 6.87451 6.86123 6.84853 6.83643 6.82498 6.81421 6.80415 6.79483 6.78626 6.77848 6.77149 6.76533 6.75999 6.75549 6.75184 6.74905 6.74712 6.74607 
6.73966 6.74035 6.74192 6.74436 6.74768 6.75186 6.7569 6.7628 6.76952 6.77707 6.78543 6.79457 6.80447 6.81511 6.82645 6.83847 6.85113 6.86439 6.8782 6.89253 6.90732 6.92252 6.93808 6.95393 6.97001 6.98627 7.00263 7.01903 7.0354 7.05166 7.06776 7.08361 7.09915 7.11431 7.12901 7.14319 7.15679 7.16973 7.18197 7.19344 7.20408 7.21385 7.2227 7.23059 7.23748 7.24333 7.24813 7.25183 7.25444 7.25593 7.2563 7.25554 7.25367 7.25068 7.2466 7.24144 7.23523 7.22801 7.2198 7.21064 7.20059 7.18968 7.17798 7.16554 7.15241 7.13867 7.12438 7.10959 7.09439 7.07885 7.06302 7.047 7.03083 7.0146 6.99838 6.98223 6.96622 6.95042 6.93488 6.91966 6.90483 6.89043 6.87651 6.86313 6.85032 6.83813 6.82658 6.81572 6.80558 6.79618 6.78754 6.77969 6.77265 6.76643 6.76105 6.75651 6.75283 6.75002 6.74807 6.74701 
6.7404 6.74109 6.74267 6.74513 6.74847 6.75268 6.75775 6.76368 6.77045 6.77805 6.78646 6.79566 6.80562 6.81632 6.82774 6.83983 6.85257 6.86591 6.87981 6.89422 6.9091 6.92439 6.94004 6.95598 6.97216 6.98852 7.00497 7.02147 7.03793 7.05429 7.07048 7.08642 7.10205 7.11729 7.13207 7.14633 7.16 7.17302 7.18532 7.19685 7.20755 7.21738 7.22627 7.23421 7.24113 7.24702 7.25183 7.25556 7.25818 7.25968 7.26005 7.25929 7.2574 7.2544 7.2503 7.24511 7.23887 7.2316 7.22335 7.21414 7.20403 7.19307 7.1813 7.16879 7.15559 7.14177 7.1274 7.11253 7.09724 7.08161 7.06569 7.04957 7.03331 7.01699 7.00067 6.98443 6.96833 6.95243 6.93679 6.92149 6.90656 6.89208 6.87807 6.86461 6.85172 6.83945 6.82783 6.81691 6.8067 6.79724 6.78855 6.78065 6.77356 6.7673 6.76188 6.75731 6.75361 6.75078 6.74882 6.74775 
6.74093 6.74163 6.74322 6.74569 6.74904 6.75327 6.75837 6.76432 6.77112 6.77875 6.7872 6.79644 6.80644 6.81719 6.82866 6.8408 6.85359 6.86699 6.88095 6.89542 6.91036 6.92572 6.94143 6.95744 6.97369 6.9901 7.00663 7.02319 7.03971 7.05614 7.07239 7.08839 7.10408 7.11938 7.13422 7.14854 7.16226 7.17533 7.18768 7.19925 7.20999 7.21985 7.22878 7.23675 7.2437 7.2496 7.25444 7.25818 7.26081 7.26231 7.26268 7.26192 7.26003 7.25701 7.25289 7.24769 7.24142 7.23413 7.22584 7.2166 7.20645 7.19545 7.18363 7.17107 7.15782 7.14395 7.12952 7.11459 7.09925 7.08355 7.06757 7.05139 7.03506 7.01868 7.00229 6.98598 6.96981 6.95385 6.93815 6.92278 6.90779 6.89324 6.87918 6.86566 6.85271 6.84039 6.82873 6.81775 6.8075 6.79799 6.78927 6.78133 6.77421 6.76792 6.76248 6.75789 6.75417 6.75133 6.74936 6.74829 
6.74126 6.74196 6.74355 6.74603 6.74939 6.75363 6.75874 6.76471 6.77153 6.77918 6.78764 6.7969 6.80693 6.81771 6.8292 6.84138 6.8542 6.86762 6.88162 6.89612 6.9111 6.92649 6.94224 6.95828 6.97457 6.99102 7.00758 7.02418 7.04074 7.05721 7.07349 7.08953 7.10525 7.12059 7.13546 7.1498 7.16356 7.17665 7.18903 7.20062 7.21139 7.22127 7.23022 7.2382 7.24516 7.25108 7.25593 7.25968 7.26231 7.26382 7.26419 7.26343 7.26153 7.25851 7.25438 7.24916 7.24288 7.23557 7.22727 7.21801 7.20784 7.19681 7.18497 7.17238 7.1591 7.1452 7.13074 7.11578 7.1004 7.08467 7.06865 7.05243 7.03607 7.01965 7.00323 6.98688 6.97067 6.95467 6.93893 6.92353 6.90851 6.89392 6.87983 6.86628 6.8533 6.84095 6.82925 6.81825 6.80798 6.79845 6.7897 6.78175 6.77461 6.7683 6.76285 6.75825 6.75452 6.75167 6.7497 6.74862 
