4.40407 4.40426 4.4045 4.40478 4.4051 4.40548 4.4059 4.40637 4.40689 4.40746 4.40809 4.40877 4.40951 4.41032 4.41119 4.41212 4.41312 4.4142 4.41534 4.41655 4.41784 4.41919 4.42062 4.42211 4.42367 4.42528 4.42695 4.42867 4.43043 4.43222 4.43404 4.43587 4.43771 4.43954 4.44136 4.44315 4.4449 4.4466 4.44824 4.44979 4.45126 4.45263 4.45389 4.45503 4.45605 4.45692 4.45765 4.45823 4.45866 4.45893 4.45903 4.45898 4.45876 4.45839 4.45786 4.45719 4.45637 4.45541 4.45432 4.45312 4.4518 4.45039 4.44889 4.44731 4.44567 4.44398 4.44225 4.44049 4.43872 4.43695 4.43518 4.43343 4.43171 4.43003 4.42839 4.42681 4.42529 4.42384 4.42246 4.42115 4.41992 4.41877 4.4177 4.41672 4.41582 4.415 4.41426 4.4136 4.41302 4.41252 4.41209 4.41172 4.41143 4.41119 4.41102 4.41091 4.41085 4.41085 4.41089 4.41099 
4.40426 4.40445 4.40469 4.40497 4.4053 4.40567 4.40609 4.40657 4.40709 4.40766 4.40829 4.40898 4.40973 4.41054 4.41141 4.41236 4.41337 4.41445 4.4156 4.41683 4.41812 4.41949 4.42093 4.42244 4.42401 4.42564 4.42732 4.42906 4.43084 4.43265 4.43449 4.43634 4.4382 4.44005 4.44189 4.4437 4.44547 4.44719 4.44884 4.45041 4.4519 4.45328 4.45456 4.45571 4.45673 4.45762 4.45836 4.45894 4.45937 4.45964 4.45975 4.4597 4.45948 4.4591 4.45857 4.45789 4.45705 4.45609 4.45499 4.45377 4.45244 4.45101 4.44949 4.4479 4.44624 4.44453 4.44278 4.441 4.43921 4.43742 4.43563 4.43386 4.43213 4.43043 4.42877 4.42717 4.42564 4.42417 4.42277 4.42145 4.42021 4.41905 4.41797 4.41698 4.41607 4.41524 4.41449 4.41383 4.41324 4.41273 4.4123 4.41193 4.41163 4.41139 4.41122 4.4111 4.41104 4.41104 4.41108 4.41118 
4.4045 4.40469 4.40492 4.40521 4.40554 4.40592 4.40635 4.40683 4.40737 4.40796 4.4086 4.4093 4.41007 4.4109 4.4118 4.41277 4.4138 4.41492 4.4161 4.41736 4.41869 4.4201 4.42158 4.42313 4.42475 4.42643 4.42816 4.42995 4.43177 4.43364 4.43553 4.43744 4.43935 4.44126 4.44315 4.44501 4.44683 4.44859 4.45029 4.45191 4.45344 4.45486 4.45617 4.45736 4.45841 4.45931 4.46007 4.46067 4.46112 4.46139 4.4615 4.46144 4.46122 4.46083 4.46028 4.45958 4.45872 4.45772 4.45659 4.45534 4.45397 4.4525 4.45094 4.44929 4.44759 4.44583 4.44403 4.4422 4.44036 4.43851 4.43667 4.43485 4.43306 4.43131 4.42961 4.42796 4.42638 4.42487 4.42343 4.42206 4.42078 4.41959 4.41847 4.41745 4.41651 4.41566 4.41489 4.4142 4.41359 4.41306 4.41261 4.41223 4.41191 4.41167 4.41148 4.41136 4.41129 4.41128 4.41132 4.41141 
4.40478 4.40497 4.40521 4.4055 4.40584 4.40623 4.40668 4.40717 4.40773 4.40834 4.40901 4.40974 4.41054 4.4114 4.41234 4.41335 4.41444 4.4156 4.41684 4.41816 4.41955 4.42103 4.42257 4.4242 4.42589 4.42765 4.42946 4.43133 4.43324 4.43519 4.43717 4.43917 4.44117 4.44316 4.44514 4.44708 4.44898 4.45083 4.4526 4.45429 4.45588 4.45737 4.45874 4.45997 4.46107 4.46201 4.4628 4.46343 4.46389 4.46417 4.46429 4.46422 4.46399 4.46358 4.463 4.46227 4.46137 4.46033 4.45915 4.45783 4.4564 4.45486 4.45323 4.45151 4.44973 4.44789 4.446 4.44409 4.44216 4.44023 4.4383 4.4364 4.43452 4.43269 4.43091 4.42918 4.42752 4.42593 4.42442 4.42299 4.42165 4.42039 4.41922 4.41814 4.41715 4.41625 4.41544 4.41471 4.41407 4.41351 4.41302 4.41262 4.41228 4.41201 4.41181 4.41167 4.4116 4.41158 4.41161 4.4117 
4.4051 4.4053 4.40554 4.40584 4.40619 4.4066 4.40706 4.40758 4.40816 4.40881 4.40951 4.41029 4.41113 4.41205 4.41304 4.41412 4.41527 4.4165 4.41782 4.41922 4.4207 4.42227 4.42391 4.42564 4.42744 4.4293 4.43123 4.43322 4.43525 4.43732 4.43942 4.44154 4.44366 4.44577 4.44787 4.44993 4.45194 4.45389 4.45577 4.45756 4.45925 4.46082 4.46226 4.46357 4.46472 4.46572 4.46655 4.46721 4.4677 4.468 4.46811 4.46804 4.46779 4.46736 4.46675 4.46596 4.46501 4.46391 4.46265 4.46126 4.45974 4.45811 4.45638 4.45456 4.45266 4.45071 4.44871 4.44668 4.44463 4.44258 4.44054 4.43851 4.43652 4.43457 4.43267 4.43084 4.42907 4.42738 4.42577 4.42424 4.4228 4.42146 4.42021 4.41905 4.41799 4.41703 4.41615 4.41537 4.41468 4.41407 4.41355 4.4131 4.41273 4.41244 4.41221 4.41205 4.41196 4.41192 4.41195 4.41203 
4.40548 4.40567 4.40592 4.40623 4.4066 4.40703 4.40752 4.40807 4.40869 4.40937 4.41013 4.41095 4.41186 4.41284 4.41391 4.41506 4.4163 4.41763 4.41904 4.42055 4.42215 4.42384 4.42561 4.42746 4.4294 4.43141 4.43348 4.43562 4.4378 4.44003 4.44228 4.44455 4.44683 4.4491 4.45134 4.45355 4.45571 4.4578 4.45981 4.46173 4.46353 4.46521 4.46675 4.46815 4.46938 4.47045 4.47134 4.47204 4.47255 4.47287 4.47299 4.47291 4.47264 4.47217 4.47151 4.47067 4.46965 4.46847 4.46712 4.46563 4.464 4.46225 4.46039 4.45844 4.4564 4.45431 4.45216 4.44998 4.44778 4.44557 4.44338 4.4412 4.43905 4.43696 4.43491 4.43293 4.43103 4.4292 4.42746 4.42581 4.42426 4.4228 4.42145 4.42019 4.41904 4.41799 4.41704 4.41618 4.41542 4.41475 4.41417 4.41368 4.41327 4.41293 4.41268 4.41249 4.41237 4.41232 4.41233 4.41241 
4.4059 4.40609 4.40635 4.40668 4.40706 4.40752 4.40804 4.40863 4.40929 4.41003 4.41084 4.41174 4.41272 4.41379 4.41494 4.41619 4.41754 4.41898 4.42052 4.42216 4.4239 4.42573 4.42766 4.42968 4.43178 4.43396 4.43622 4.43853 4.44091 4.44332 4.44576 4.44823 4.45069 4.45315 4.45558 4.45797 4.4603 4.46256 4.46474 4.4668 4.46875 4.47056 4.47223 4.47373 4.47506 4.47621 4.47716 4.47791 4.47846 4.4788 4.47893 4.47884 4.47854 4.47803 4.47732 4.47641 4.4753 4.47402 4.47256 4.47094 4.46918 4.46729 4.46527 4.46316 4.46096 4.45869 4.45636 4.454 4.45161 4.44922 4.44683 4.44447 4.44214 4.43985 4.43763 4.43548 4.4334 4.43141 4.42951 4.42771 4.42601 4.42442 4.42294 4.42156 4.42029 4.41914 4.41809 4.41714 4.4163 4.41556 4.41491 4.41435 4.41389 4.41351 4.41321 4.41299 4.41284 4.41277 4.41277 4.41283 
4.40637 4.40657 4.40683 4.40717 4.40758 4.40807 4.40863 4.40926 4.40998 4.41078 4.41167 4.41264 4.41371 4.41488 4.41615 4.41752 4.41899 4.42057 4.42226 4.42406 4.42596 4.42797 4.43008 4.43229 4.43459 4.43698 4.43945 4.44198 4.44457 4.44721 4.44988 4.45257 4.45526 4.45794 4.46059 4.46319 4.46573 4.46819 4.47055 4.4728 4.47491 4.47688 4.47869 4.48032 4.48176 4.483 4.48403 4.48485 4.48544 4.48581 4.48594 4.48584 4.48551 4.48495 4.48417 4.48318 4.48197 4.48057 4.47898 4.47722 4.4753 4.47324 4.47104 4.46874 4.46634 4.46386 4.46132 4.45874 4.45613 4.45352 4.45091 4.44832 4.44577 4.44328 4.44084 4.43848 4.4362 4.43401 4.43193 4.42995 4.42808 4.42632 4.42468 4.42316 4.42176 4.42048 4.41931 4.41826 4.41732 4.41648 4.41576 4.41513 4.4146 4.41416 4.41382 4.41356 4.41338 4.41328 4.41326 4.41331 
4.40689 4.40709 4.40737 4.40773 4.40816 4.40869 4.40929 4.40998 4.41076 4.41164 4.41261 4.41368 4.41485 4.41614 4.41753 4.41904 4.42066 4.4224 4.42426 4.42624 4.42834 4.43055 4.43288 4.43531 4.43785 4.44047 4.44319 4.44597 4.44882 4.45171 4.45464 4.45759 4.46054 4.46347 4.46637 4.46922 4.472 4.47469 4.47727 4.47972 4.48203 4.48418 4.48614 4.48792 4.48949 4.49084 4.49197 4.49285 4.49349 4.49389 4.49403 4.49391 4.49355 4.49294 4.49208 4.49099 4.48967 4.48814 4.4864 4.48447 4.48237 4.48011 4.4777 4.47518 4.47255 4.46983 4.46705 4.46422 4.46136 4.45849 4.45562 4.45278 4.44998 4.44723 4.44455 4.44194 4.43943 4.43702 4.43472 4.43253 4.43046 4.42851 4.42669 4.42501 4.42345 4.42202 4.42071 4.41953 4.41848 4.41754 4.41672 4.41601 4.4154 4.4149 4.4145 4.41419 4.41397 4.41384 4.4138 4.41383 
4.40746 4.40766 4.40796 4.40834 4.40881 4.40937 4.41003 4.41078 4.41164 4.4126 4.41366 4.41484 4.41614 4.41755 4.41909 4.42076 4.42255 4.42448 4.42654 4.42873 4.43105 4.43349 4.43606 4.43875 4.44155 4.44445 4.44744 4.45051 4.45365 4.45683 4.46006 4.4633 4.46654 4.46977 4.47295 4.47608 4.47912 4.48207 4.4849 4.48758 4.49011 4.49246 4.49461 4.49655 4.49827 4.49974 4.50097 4.50193 4.50263 4.50305 4.5032 4.50307 4.50267 4.50199 4.50105 4.49985 4.4984 4.49672 4.49481 4.49269 4.49039 4.4879 4.48527 4.48249 4.4796 4.47662 4.47356 4.47044 4.4673 4.46414 4.46098 4.45785 4.45476 4.45172 4.44876 4.44589 4.44311 4.44044 4.43788 4.43546 4.43316 4.431 4.42898 4.42709 4.42535 4.42375 4.42229 4.42097 4.41978 4.41873 4.4178 4.41699 4.4163 4.41572 4.41525 4.41489 4.41463 4.41446 4.41439 4.41442 
4.40809 4.40829 4.4086 4.40901 4.40951 4.41013 4.41084 4.41167 4.41261 4.41366 4.41484 4.41614 4.41758 4.41914 4.42085 4.42269 4.42468 4.42681 4.42909 4.43152 4.43409 4.4368 4.43964 4.44262 4.44571 4.44891 4.45222 4.45561 4.45907 4.46259 4.46614 4.46971 4.47328 4.47683 4.48033 4.48376 4.48711 4.49035 4.49345 4.49639 4.49916 4.50173 4.50409 4.50621 4.50809 4.5097 4.51104 4.51209 4.51285 4.51331 4.51346 4.51332 4.51287 4.51213 4.51109 4.50977 4.50818 4.50633 4.50423 4.5019 4.49937 4.49664 4.49374 4.49069 4.48751 4.48422 4.48086 4.47743 4.47396 4.47047 4.46699 4.46354 4.46012 4.45677 4.45349 4.45031 4.44723 4.44427 4.44144 4.43875 4.43619 4.43379 4.43153 4.42944 4.42749 4.4257 4.42407 4.42258 4.42124 4.42005 4.419 4.41808 4.41729 4.41663 4.41609 4.41566 4.41535 4.41515 4.41505 4.41505 
4.40877 4.40898 4.4093 4.40974 4.41029 4.41095 4.41174 4.41264 4.41368 4.41484 4.41614 4.41758 4.41917 4.4209 4.42279 4.42484 4.42705 4.42941 4.43194 4.43463 4.43748 4.44048 4.44363 4.44692 4.45034 4.45388 4.45753 4.46128 4.4651 4.46898 4.47289 4.47683 4.48076 4.48466 4.48851 4.49229 4.49597 4.49952 4.50292 4.50615 4.50919 4.51201 4.51459 4.51691 4.51896 4.52072 4.52218 4.52333 4.52415 4.52465 4.52482 4.52465 4.52416 4.52334 4.5222 4.52074 4.51899 4.51696 4.51466 4.5121 4.50931 4.50631 4.50312 4.49977 4.49627 4.49266 4.48895 4.48517 4.48135 4.47751 4.47367 4.46985 4.46608 4.46237 4.45875 4.45523 4.45182 4.44854 4.44539 4.4424 4.43956 4.43689 4.43438 4.43203 4.42986 4.42786 4.42603 4.42436 4.42286 4.42151 4.42032 4.41928 4.41838 4.41763 4.417 4.41651 4.41614 4.41589 4.41576 4.41575 
4.40951 4.40973 4.41007 4.41054 4.41113 4.41186 4.41272 4.41371 4.41485 4.41614 4.41758 4.41917 4.42093 4.42285 4.42494 4.42721 4.42965 4.43228 4.43508 4.43806 4.44121 4.44453 4.44802 4.45166 4.45544 4.45936 4.46339 4.46752 4.47174 4.47601 4.48033 4.48466 4.48898 4.49328 4.49751 4.50166 4.50569 4.50959 4.51332 4.51686 4.52019 4.52327 4.5261 4.52864 4.53088 4.53281 4.5344 4.53565 4.53655 4.53709 4.53726 4.53708 4.53653 4.53563 4.53437 4.53278 4.53085 4.52862 4.52609 4.52328 4.52022 4.51693 4.51342 4.50974 4.50589 4.50192 4.49784 4.49368 4.48947 4.48524 4.481 4.4768 4.47263 4.46854 4.46454 4.46064 4.45687 4.45323 4.44975 4.44643 4.44328 4.4403 4.43751 4.4349 4.43248 4.43024 4.42819 4.42632 4.42463 4.42312 4.42178 4.4206 4.41958 4.41872 4.418 4.41743 4.417 4.4167 4.41654 4.4165 
4.41032 4.41054 4.4109 4.4114 4.41205 4.41284 4.41379 4.41488 4.41614 4.41755 4.41914 4.4209 4.42285 4.42498 4.4273 4.42981 4.43251 4.43542 4.43852 4.44182 4.44531 4.44898 4.45283 4.45685 4.46103 4.46535 4.4698 4.47435 4.47899 4.4837 4.48844 4.49321 4.49796 4.50267 4.50732 4.51187 4.51629 4.52056 4.52465 4.52852 4.53216 4.53553 4.53862 4.54139 4.54384 4.54594 4.54768 4.54904 4.55002 4.5506 4.55079 4.55058 4.54997 4.54898 4.5476 4.54585 4.54375 4.5413 4.53853 4.53545 4.53209 4.52848 4.52464 4.52059 4.51637 4.51201 4.50753 4.50296 4.49833 4.49367 4.48901 4.48438 4.47979 4.47528 4.47086 4.46656 4.46239 4.45837 4.45451 4.45083 4.44734 4.44404 4.44093 4.43803 4.43533 4.43284 4.43055 4.42846 4.42657 4.42488 4.42337 4.42204 4.42089 4.41991 4.41909 4.41843 4.41793 4.41758 4.41738 4.41732 
4.41119 4.41141 4.4118 4.41234 4.41304 4.41391 4.41494 4.41615 4.41753 4.41909 4.42085 4.42279 4.42494 4.4273 4.42986 4.43264 4.43563 4.43884 4.44227 4.44591 4.44976 4.45382 4.45807 4.4625 4.4671 4.47186 4.47675 4.48176 4.48686 4.49203 4.49725 4.50247 4.50768 4.51285 4.51794 4.52292 4.52776 4.53242 4.53689 4.54112 4.54509 4.54877 4.55214 4.55516 4.55783 4.56012 4.56201 4.56349 4.56455 4.56518 4.56538 4.56514 4.56448 4.56339 4.56188 4.55997 4.55766 4.55498 4.55195 4.54859 4.54491 4.54096 4.53676 4.53233 4.52771 4.52292 4.51801 4.513 4.50792 4.50281 4.49769 4.49259 4.48755 4.48258 4.47772 4.47298 4.46838 4.46394 4.45969 4.45562 4.45175 4.44809 4.44465 4.44144 4.43844 4.43567 4.43312 4.43079 4.42868 4.42678 4.42509 4.4236 4.4223 4.42119 4.42027 4.41952 4.41894 4.41853 4.41828 4.4182 
4.41212 4.41236 4.41277 4.41335 4.41412 4.41506 4.41619 4.41752 4.41904 4.42076 4.42269 4.42484 4.42721 4.42981 4.43264 4.4357 4.439 4.44255 4.44633 4.45034 4.45458 4.45905 4.46373 4.4686 4.47366 4.47889 4.48426 4.48976 4.49535 4.50102 4.50673 4.51245 4.51815 4.52379 4.52935 4.53479 4.54007 4.54516 4.55003 4.55464 4.55897 4.56298 4.56664 4.56993 4.57283 4.57531 4.57736 4.57897 4.58011 4.5808 4.58101 4.58075 4.58002 4.57883 4.57718 4.57509 4.57258 4.56966 4.56635 4.56268 4.55867 4.55436 4.54977 4.54493 4.53988 4.53465 4.52928 4.5238 4.51824 4.51264 4.50703 4.50144 4.49591 4.49046 4.48511 4.4799 4.47485 4.46996 4.46527 4.46079 4.45652 4.45248 4.44868 4.44512 4.4418 4.43872 4.43589 4.43331 4.43096 4.42884 4.42695 4.42528 4.42383 4.42258 4.42154 4.42069 4.42003 4.41955 4.41926 4.41915 
4.41312 4.41337 4.4138 4.41444 4.41527 4.4163 4.41754 4.41899 4.42066 4.42255 4.42468 4.42705 4.42965 4.43251 4.43563 4.439 4.44264 4.44654 4.45069 4.45511 4.45977 4.46467 4.46981 4.47516 4.48071 4.48643 4.49232 4.49833 4.50445 4.51064 4.51688 4.52312 4.52934 4.5355 4.54156 4.54748 4.55323 4.55877 4.56406 4.56907 4.57377 4.57812 4.58209 4.58566 4.5888 4.59149 4.59372 4.59545 4.59669 4.59743 4.59765 4.59736 4.59657 4.59527 4.59348 4.59121 4.58847 4.58529 4.58169 4.5777 4.57334 4.56865 4.56365 4.55838 4.55288 4.54718 4.54132 4.53534 4.52927 4.52316 4.51703 4.51092 4.50487 4.4989 4.49304 4.48733 4.48178 4.47642 4.47127 4.46634 4.46164 4.45719 4.453 4.44907 4.44541 4.44201 4.43888 4.43601 4.4334 4.43105 4.42895 4.42709 4.42547 4.42407 4.4229 4.42194 4.42119 4.42065 4.42031 4.42016 
4.4142 4.41445 4.41492 4.4156 4.4165 4.41763 4.41898 4.42057 4.4224 4.42448 4.42681 4.42941 4.43228 4.43542 4.43884 4.44255 4.44654 4.45081 4.45537 4.46021 4.46532 4.47069 4.47631 4.48216 4.48823 4.49449 4.50091 4.50747 4.51415 4.5209 4.52769 4.53448 4.54125 4.54794 4.55452 4.56095 4.56719 4.5732 4.57894 4.58437 4.58946 4.59417 4.59847 4.60233 4.60572 4.60863 4.61103 4.61291 4.61424 4.61503 4.61527 4.61495 4.61409 4.61268 4.61073 4.60827 4.6053 4.60186 4.59795 4.59362 4.58889 4.5838 4.57837 4.57265 4.56668 4.56048 4.55411 4.54761 4.54101 4.53435 4.52767 4.52101 4.5144 4.50789 4.50149 4.49525 4.48918 4.48331 4.47767 4.47226 4.46711 4.46223 4.45763 4.4533 4.44927 4.44553 4.44207 4.43891 4.43603 4.43342 4.43109 4.42903 4.42722 4.42567 4.42436 4.42328 4.42244 4.42182 4.42143 4.42125 
4.41534 4.4156 4.4161 4.41684 4.41782 4.41904 4.42052 4.42226 4.42426 4.42654 4.42909 4.43194 4.43508 4.43852 4.44227 4.44633 4.45069 4.45537 4.46036 4.46565 4.47123 4.4771 4.48323 4.48961 4.49622 4.50304 4.51003 4.51717 4.52443 4.53176 4.53913 4.54651 4.55385 4.5611 4.56823 4.57519 4.58194 4.58844 4.59464 4.60051 4.606 4.61108 4.61572 4.61989 4.62355 4.62668 4.62926 4.63128 4.63272 4.63356 4.63382 4.63347 4.63253 4.631 4.6289 4.62624 4.62303 4.61931 4.61509 4.61041 4.60529 4.59978 4.59391 4.58772 4.58125 4.57454 4.56763 4.56058 4.55341 4.54618 4.53893 4.53169 4.52451 4.51742 4.51046 4.50365 4.49704 4.49063 4.48447 4.47856 4.47293 4.46759 4.46255 4.45781 4.45338 4.44927 4.44548 4.44199 4.43882 4.43595 4.43337 4.43109 4.42909 4.42737 4.42591 4.42471 4.42377 4.42307 4.42262 4.42241 
4.41655 4.41683 4.41736 4.41816 4.41922 4.42055 4.42216 4.42406 4.42624 4.42873 4.43152 4.43463 4.43806 4.44182 4.44591 4.45034 4.45511 4.46021 4.46565 4.47141 4.47749 4.48388 4.49055 4.49749 4.50467 4.51207 4.51966 4.52741 4.53527 4.54321 4.55119 4.55917 4.5671 4.57494 4.58264 4.59015 4.59743 4.60444 4.61112 4.61744 4.62335 4.62882 4.63381 4.63829 4.64222 4.64559 4.64836 4.65052 4.65206 4.65297 4.65323 4.65286 4.65184 4.6502 4.64793 4.64506 4.64161 4.6376 4.63305 4.62801 4.62249 4.61655 4.61022 4.60354 4.59655 4.58931 4.58185 4.57422 4.56647 4.55865 4.55079 4.54295 4.53516 4.52747 4.51991 4.51252 4.50533 4.49837 4.49166 4.48523 4.47909 4.47326 4.46776 4.46258 4.45774 4.45324 4.44908 4.44526 4.44178 4.43863 4.4358 4.43328 4.43107 4.42917 4.42756 4.42623 4.42518 4.4244 4.42389 4.42364 
4.41784 4.41812 4.41869 4.41955 4.4207 4.42215 4.4239 4.42596 4.42834 4.43105 4.43409 4.43748 4.44121 4.44531 4.44976 4.45458 4.45977 4.46532 4.47123 4.47749 4.4841 4.49102 4.49826 4.50578 4.51356 4.52157 4.52978 4.53815 4.54665 4.55522 4.56384 4.57244 4.58099 4.58943 4.59771 4.6058 4.61362 4.62115 4.62833 4.63511 4.64146 4.64732 4.65267 4.65747 4.66168 4.66529 4.66826 4.67057 4.67222 4.67318 4.67346 4.67305 4.67196 4.67019 4.66776 4.66468 4.66097 4.65666 4.65178 4.64636 4.64044 4.63405 4.62725 4.62006 4.61254 4.60474 4.59671 4.58849 4.58014 4.5717 4.56322 4.55475 4.54634 4.53802 4.52985 4.52184 4.51405 4.50651 4.49923 4.49224 4.48558 4.47924 4.47325 4.46761 4.46234 4.45743 4.45289 4.44872 4.44491 4.44146 4.43835 4.4356 4.43317 4.43108 4.4293 4.42783 4.42667 4.4258 4.42523 4.42494 
4.41919 4.41949 4.4201 4.42103 4.42227 4.42384 4.42573 4.42797 4.43055 4.43349 4.4368 4.44048 4.44453 4.44898 4.45382 4.45905 4.46467 4.47069 4.4771 4.48388 4.49102 4.49852 4.50634 4.51447 4.52287 4.53151 4.54036 4.54938 4.55853 4.56776 4.57702 4.58627 4.59545 4.60451 4.6134 4.62207 4.63046 4.63852 4.64621 4.65347 4.66025 4.66653 4.67224 4.67737 4.68187 4.68571 4.68888 4.69135 4.6931 4.69413 4.69442 4.69398 4.69281 4.69092 4.68832 4.68502 4.68105 4.67644 4.67122 4.66542 4.65908 4.65224 4.64494 4.63724 4.62918 4.62081 4.61218 4.60336 4.59438 4.5853 4.57618 4.56707 4.55801 4.54904 4.54022 4.53159 4.52318 4.51502 4.50715 4.49959 4.49237 4.48551 4.47901 4.47289 4.46717 4.46183 4.4569 4.45235 4.4482 4.44443 4.44105 4.43803 4.43538 4.43309 4.43113 4.42952 4.42824 4.42728 4.42664 4.42631 
4.42062 4.42093 4.42158 4.42257 4.42391 4.42561 4.42766 4.43008 4.43288 4.43606 4.43964 4.44363 4.44802 4.45283 4.45807 4.46373 4.46981 4.47631 4.48323 4.49055 4.49826 4.50634 4.51477 4.52352 4.53256 4.54186 4.55137 4.56106 4.57088 4.58078 4.59071 4.60062 4.61045 4.62015 4.62965 4.63892 4.64788 4.65649 4.66469 4.67243 4.67967 4.68636 4.69245 4.6979 4.70269 4.70679 4.71016 4.71278 4.71464 4.71573 4.71604 4.71557 4.71432 4.7123 4.70952 4.70601 4.70178 4.69686 4.69129 4.6851 4.67833 4.67103 4.66324 4.655 4.64639 4.63744 4.62821 4.61876 4.60914 4.59942 4.58964 4.57986 4.57013 4.5605 4.55102 4.54173 4.53267 4.52389 4.51541 4.50726 4.49946 4.49205 4.48502 4.47841 4.47221 4.46643 4.46108 4.45615 4.45164 4.44755 4.44387 4.44059 4.4377 4.43519 4.43306 4.4313 4.42989 4.42883 4.42812 4.42776 
4.42211 4.42244 4.42313 4.4242 4.42564 4.42746 4.42968 4.43229 4.43531 4.43875 4.44262 4.44692 4.45166 4.45685 4.4625 4.4686 4.47516 4.48216 4.48961 4.49749 4.50578 4.51447 4.52352 4.53291 4.54261 4.55258 4.56277 4.57315 4.58365 4.59424 4.60485 4.61543 4.62592 4.63627 4.6464 4.65627 4.66582 4.67498 4.68371 4.69194 4.69963 4.70673 4.7132 4.71899 4.72408 4.72842 4.73199 4.73477 4.73675 4.7379 4.73822 4.73772 4.73639 4.73424 4.73129 4.72755 4.72306 4.71783 4.71191 4.70533 4.69813 4.69036 4.68206 4.6733 4.66411 4.65457 4.64473 4.63465 4.62438 4.61399 4.60354 4.59307 4.58266 4.57235 4.56219 4.55223 4.54252 4.53309 4.52397 4.51521 4.50683 4.49884 4.49128 4.48415 4.47746 4.47123 4.46544 4.46011 4.45524 4.4508 4.44681 4.44325 4.44011 4.43739 4.43507 4.43315 4.43161 4.43046 4.42968 4.42927 
4.42367 4.42401 4.42475 4.42589 4.42744 4.4294 4.43178 4.43459 4.43785 4.44155 4.44571 4.45034 4.45544 4.46103 4.4671 4.47366 4.48071 4.48823 4.49622 4.50467 4.51356 4.52287 4.53256 4.54261 4.55298 4.56363 4.57452 4.58559 4.5968 4.60808 4.61939 4.63065 4.64182 4.65281 4.66359 4.67407 4.6842 4.69392 4.70318 4.7119 4.72005 4.72757 4.73442 4.74055 4.74593 4.75052 4.7543 4.75724 4.75932 4.76054 4.76088 4.76034 4.75893 4.75665 4.75353 4.74957 4.74481 4.73927 4.733 4.72602 4.71839 4.71014 4.70134 4.69203 4.68228 4.67214 4.66168 4.65095 4.64003 4.62896 4.61782 4.60667 4.59556 4.58455 4.5737 4.56306 4.55267 4.54258 4.53282 4.52343 4.51444 4.50587 4.49775 4.49009 4.4829 4.47619 4.46996 4.46422 4.45896 4.45418 4.44987 4.44602 4.44263 4.43968 4.43717 4.43508 4.43341 4.43215 4.4313 4.43084 
4.42528 4.42564 4.42643 4.42765 4.4293 4.43141 4.43396 4.43698 4.44047 4.44445 4.44891 4.45388 4.45936 4.46535 4.47186 4.47889 4.48643 4.49449 4.50304 4.51207 4.52157 4.53151 4.54186 4.55258 4.56363 4.57498 4.58657 4.59835 4.61027 4.62226 4.63426 4.64622 4.65806 4.66971 4.68113 4.69223 4.70295 4.71323 4.72301 4.73223 4.74084 4.74878 4.75601 4.76248 4.76815 4.77299 4.77697 4.78007 4.78226 4.78354 4.7839 4.78333 4.78184 4.77944 4.77614 4.77196 4.76693 4.76109 4.75446 4.74708 4.73902 4.7303 4.72099 4.71114 4.70081 4.69007 4.67899 4.66761 4.65602 4.64427 4.63244 4.62059 4.60877 4.59706 4.58551 4.57417 4.56309 4.55232 4.54191 4.53188 4.52227 4.51311 4.50442 4.49621 4.48851 4.48131 4.47463 4.46846 4.46281 4.45767 4.45303 4.44889 4.44523 4.44205 4.43933 4.43708 4.43527 4.4339 4.43297 4.43248 
4.42695 4.42732 4.42816 4.42946 4.43123 4.43348 4.43622 4.43945 4.44319 4.44744 4.45222 4.45753 4.46339 4.4698 4.47675 4.48426 4.49232 4.50091 4.51003 4.51966 4.52978 4.54036 4.55137 4.56277 4.57452 4.58657 4.59887 4.61137 4.624 4.6367 4.64941 4.66205 4.67457 4.68689 4.69895 4.71066 4.72198 4.73282 4.74313 4.75284 4.76191 4.77026 4.77787 4.78467 4.79064 4.79573 4.79991 4.80316 4.80547 4.80681 4.80718 4.80658 4.80501 4.80248 4.79901 4.79462 4.78933 4.78317 4.77619 4.76843 4.75992 4.75073 4.74092 4.73053 4.71963 4.70829 4.69657 4.68455 4.67228 4.65985 4.64733 4.63477 4.62224 4.60982 4.59756 4.58551 4.57374 4.56229 4.5512 4.54053 4.53029 4.52052 4.51125 4.50249 4.49426 4.48657 4.47942 4.47282 4.46677 4.46126 4.45628 4.45184 4.44791 4.44449 4.44157 4.43914 4.43719 4.43572 4.43471 4.43416 
4.42867 4.42906 4.42995 4.43133 4.43322 4.43562 4.43853 4.44198 4.44597 4.45051 4.45561 4.46128 4.46752 4.47435 4.48176 4.48976 4.49833 4.50747 4.51717 4.52741 4.53815 4.54938 4.56106 4.57315 4.58559 4.59835 4.61137 4.62458 4.63793 4.65134 4.66475 4.67809 4.69129 4.70427 4.71696 4.72929 4.74119 4.75259 4.76342 4.77363 4.78314 4.79191 4.79989 4.80703 4.81328 4.81862 4.823 4.82641 4.82882 4.83023 4.83062 4.82998 4.82834 4.82569 4.82204 4.81743 4.81188 4.80542 4.7981 4.78994 4.78101 4.77135 4.76103 4.7501 4.73864 4.7267 4.71436 4.70168 4.68875 4.67564 4.66241 4.64915 4.63591 4.62277 4.60979 4.59704 4.58457 4.57243 4.56067 4.54933 4.53846 4.52808 4.51822 4.5089 4.50013 4.49194 4.48432 4.47728 4.47082 4.46493 4.45962 4.45486 4.45066 4.44699 4.44387 4.44126 4.43917 4.43758 4.43649 4.4359 
4.43043 4.43084 4.43177 4.43324 4.43525 4.4378 4.44091 4.44457 4.44882 4.45365 4.45907 4.4651 4.47174 4.47899 4.48686 4.49535 4.50445 4.51415 4.52443 4.53527 4.54665 4.55853 4.57088 4.58365 4.5968 4.61027 4.624 4.63793 4.65199 4.66611 4.68022 4.69426 4.70813 4.72176 4.73509 4.74802 4.7605 4.77245 4.7838 4.79449 4.80445 4.81363 4.82197 4.82944 4.83597 4.84155 4.84613 4.84969 4.85221 4.85368 4.85408 4.85342 4.8517 4.84893 4.84512 4.8403 4.83449 4.82773 4.82006 4.81153 4.80217 4.79206 4.78124 4.76978 4.75775 4.74521 4.73225 4.71894 4.70534 4.69155 4.67763 4.66365 4.64971 4.63585 4.62216 4.6087 4.59552 4.58269 4.57026 4.55826 4.54675 4.53575 4.52529 4.51541 4.50611 4.4974 4.48931 4.48182 4.47495 4.46868 4.46301 4.45794 4.45346 4.44955 4.44621 4.44342 4.44119 4.43948 4.43832 4.43768 
4.43222 4.43265 4.43364 4.43519 4.43732 4.44003 4.44332 4.44721 4.45171 4.45683 4.46259 4.46898 4.47601 4.4837 4.49203 4.50102 4.51064 4.5209 4.53176 4.54321 4.55522 4.56776 4.58078 4.59424 4.60808 4.62226 4.6367 4.65134 4.66611 4.68094 4.69575 4.71046 4.725 4.73928 4.75323 4.76676 4.77981 4.7923 4.80416 4.81532 4.82572 4.8353 4.844 4.85179 4.8586 4.86441 4.86919 4.8729 4.87552 4.87705 4.87747 4.87678 4.87499 4.8721 4.86813 4.8631 4.85704 4.84999 4.84199 4.83308 4.82331 4.81274 4.80143 4.78945 4.77687 4.76375 4.75018 4.73622 4.72197 4.7075 4.69289 4.67822 4.66357 4.649 4.6346 4.62043 4.60655 4.59303 4.57992 4.56727 4.55511 4.54349 4.53244 4.52199 4.51215 4.50293 4.49435 4.48642 4.47913 4.47248 4.46646 4.46108 4.45631 4.45215 4.4486 4.44563 4.44324 4.44143 4.44018 4.43949 
4.43404 4.43449 4.43553 4.43717 4.43942 4.44228 4.44576 4.44988 4.45464 4.46006 4.46614 4.47289 4.48033 4.48844 4.49725 4.50673 4.51688 4.52769 4.53913 4.55119 4.56384 4.57702 4.59071 4.60485 4.61939 4.63426 4.64941 4.66475 4.68022 4.69575 4.71124 4.72663 4.74182 4.75673 4.77129 4.78542 4.79903 4.81205 4.8244 4.83602 4.84685 4.85682 4.86587 4.87396 4.88105 4.88709 4.89205 4.89591 4.89864 4.90022 4.90066 4.89994 4.89808 4.89507 4.89095 4.88572 4.87942 4.87209 4.86376 4.85448 4.84431 4.8333 4.82152 4.80902 4.7959 4.78221 4.76803 4.75346 4.73856 4.72343 4.70814 4.69278 4.67742 4.66215 4.64705 4.63218 4.61761 4.6034 4.58961 4.5763 4.56351 4.55127 4.53963 4.5286 4.51822 4.50849 4.49944 4.49105 4.48334 4.47631 4.46994 4.46424 4.45919 4.45478 4.45101 4.44786 4.44532 4.44339 4.44206 4.44133 
4.43587 4.43634 4.43744 4.43917 4.44154 4.44455 4.44823 4.45257 4.45759 4.4633 4.46971 4.47683 4.48466 4.49321 4.50247 4.51245 4.52312 4.53448 4.54651 4.55917 4.57244 4.58627 4.60062 4.61543 4.63065 4.64622 4.66205 4.67809 4.69426 4.71046 4.72663 4.74267 4.7585 4.77404 4.78919 4.80389 4.81804 4.83158 4.84441 4.85648 4.86772 4.87807 4.88746 4.89586 4.90321 4.90947 4.91461 4.91861 4.92143 4.92308 4.92353 4.92279 4.92086 4.91774 4.91347 4.90805 4.90152 4.89391 4.88527 4.87564 4.86507 4.85364 4.84139 4.8284 4.81474 4.80049 4.78573 4.77055 4.75502 4.73923 4.72328 4.70724 4.6912 4.67524 4.65944 4.64387 4.62862 4.61373 4.59928 4.58532 4.57189 4.55904 4.54681 4.53522 4.5243 4.51407 4.50453 4.4957 4.48757 4.48015 4.47343 4.46741 4.46208 4.45742 4.45343 4.4501 4.44742 4.44537 4.44396 4.44318 
4.43771 4.4382 4.43935 4.44117 4.44366 4.44683 4.45069 4.45526 4.46054 4.46654 4.47328 4.48076 4.48898 4.49796 4.50768 4.51815 4.52934 4.54125 4.55385 4.5671 4.58099 4.59545 4.61045 4.62592 4.64182 4.65806 4.67457 4.69129 4.70813 4.725 4.74182 4.7585 4.77495 4.79109 4.80683 4.82208 4.83676 4.85079 4.8641 4.8766 4.88824 4.89895 4.90867 4.91736 4.92496 4.93143 4.93675 4.94088 4.94381 4.94551 4.94597 4.94521 4.94321 4.93999 4.93557 4.92997 4.92321 4.91534 4.9064 4.89643 4.88549 4.87364 4.86094 4.84747 4.8333 4.81851 4.80318 4.7874 4.77126 4.75484 4.73824 4.72153 4.70482 4.68818 4.6717 4.65546 4.63953 4.62398 4.60887 4.59427 4.58022 4.56677 4.55395 4.54181 4.53035 4.51961 4.5096 4.50032 4.49179 4.48399 4.47692 4.47059 4.46497 4.46007 4.45586 4.45235 4.44952 4.44736 4.44587 4.44504 
4.43954 4.44005 4.44126 4.44316 4.44577 4.4491 4.45315 4.45794 4.46347 4.46977 4.47683 4.48466 4.49328 4.50267 4.51285 4.52379 4.5355 4.54794 4.5611 4.57494 4.58943 4.60451 4.62015 4.63627 4.65281 4.66971 4.68689 4.70427 4.72176 4.73928 4.75673 4.77404 4.79109 4.80782 4.82412 4.8399 4.85509 4.8696 4.88335 4.89627 4.90829 4.91935 4.92939 4.93835 4.94619 4.95287 4.95836 4.96262 4.96563 4.96739 4.96787 4.96708 4.96503 4.96171 4.95715 4.95137 4.9444 4.93628 4.92705 4.91675 4.90545 4.8932 4.88008 4.86614 4.85148 4.83617 4.82029 4.80394 4.7872 4.77016 4.75293 4.73558 4.71822 4.70092 4.68378 4.66687 4.65029 4.63408 4.61834 4.60311 4.58844 4.5744 4.56101 4.54832 4.53634 4.52511 4.51463 4.50491 4.49597 4.48779 4.48038 4.47374 4.46784 4.46269 4.45828 4.45459 4.45161 4.44934 4.44776 4.44689 
4.44136 4.44189 4.44315 4.44514 4.44787 4.45134 4.45558 4.46059 4.46637 4.47295 4.48033 4.48851 4.49751 4.50732 4.51794 4.52935 4.54156 4.55452 4.56823 4.58264 4.59771 4.6134 4.62965 4.6464 4.66359 4.68113 4.69895 4.71696 4.73509 4.75323 4.77129 4.78919 4.80683 4.82412 4.84095 4.85725 4.87293 4.88789 4.90207 4.91539 4.92778 4.93917 4.94951 4.95873 4.9668 4.97368 4.97932 4.98371 4.98681 4.98862 4.98912 4.98831 4.98619 4.98278 4.97809 4.97215 4.96498 4.95662 4.94711 4.9365 4.92486 4.91223 4.89869 4.88432 4.86918 4.85337 4.83696 4.82006 4.80275 4.78512 4.76728 4.74931 4.73131 4.71338 4.69559 4.67805 4.66082 4.64399 4.62762 4.61177 4.59652 4.58189 4.56795 4.55472 4.54223 4.53051 4.51957 4.50943 4.50009 4.49154 4.4838 4.47685 4.47068 4.46529 4.46067 4.4568 4.45368 4.45129 4.44964 4.44872 
4.44315 4.4437 4.44501 4.44708 4.44993 4.45355 4.45797 4.46319 4.46922 4.47608 4.48376 4.49229 4.50166 4.51187 4.52292 4.53479 4.54748 4.56095 4.57519 4.59015 4.6058 4.62207 4.63892 4.65627 4.67407 4.69223 4.71066 4.72929 4.74802 4.76676 4.78542 4.80389 4.82208 4.8399 4.85725 4.87404 4.89018 4.90558 4.92017 4.93387 4.9466 4.9583 4.96892 4.9784 4.98669 4.99375 4.99954 5.00405 5.00723 5.00909 5.0096 5.00878 5.00661 5.00311 4.9983 4.9922 4.98483 4.97625 4.96648 4.95558 4.94361 4.93062 4.91669 4.9019 4.88631 4.87002 4.85311 4.83568 4.81782 4.79963 4.7812 4.76264 4.74403 4.72548 4.70708 4.68892 4.67107 4.65363 4.63666 4.62022 4.60439 4.5892 4.57472 4.56097 4.54799 4.5358 4.52441 4.51385 4.50412 4.49522 4.48715 4.4799 4.47347 4.46784 4.46301 4.45897 4.45571 4.45322 4.45149 4.45053 
4.4449 4.44547 4.44683 4.44898 4.45194 4.45571 4.4603 4.46573 4.472 4.47912 4.48711 4.49597 4.50569 4.51629 4.52776 4.54007 4.55323 4.56719 4.58194 4.59743 4.61362 4.63046 4.64788 4.66582 4.6842 4.70295 4.72198 4.74119 4.7605 4.77981 4.79903 4.81804 4.83676 4.85509 4.87293 4.89018 4.90676 4.92257 4.93754 4.9516 4.96466 4.97666 4.98754 4.99726 5.00575 5.01298 5.01892 5.02353 5.0268 5.0287 5.02923 5.02839 5.02617 5.02259 5.01766 5.01141 5.00387 4.99507 4.98506 4.97389 4.96161 4.94828 4.93399 4.91879 4.90278 4.88604 4.86865 4.85072 4.83234 4.8136 4.79462 4.77549 4.7563 4.73717 4.71818 4.69942 4.68098 4.66295 4.6454 4.6284 4.61201 4.59629 4.58128 4.56703 4.55357 4.54093 4.52912 4.51815 4.50805 4.4988 4.49041 4.48287 4.47618 4.47033 4.4653 4.4611 4.4577 4.4551 4.4533 4.45229 
4.4466 4.44719 4.44859 4.45083 4.45389 4.4578 4.46256 4.46819 4.47469 4.48207 4.49035 4.49952 4.50959 4.52056 4.53242 4.54516 4.55877 4.5732 4.58844 4.60444 4.62115 4.63852 4.65649 4.67498 4.69392 4.71323 4.73282 4.75259 4.77245 4.7923 4.81205 4.83158 4.85079 4.8696 4.88789 4.90558 4.92257 4.93877 4.95411 4.96849 4.98186 4.99414 5.00528 5.01521 5.02389 5.03129 5.03736 5.04208 5.04542 5.04736 5.04791 5.04705 5.04478 5.04113 5.03609 5.02971 5.022 5.01301 5.00277 4.99133 4.97877 4.96513 4.95048 4.93491 4.9185 4.90133 4.8835 4.86509 4.84622 4.82697 4.80747 4.78779 4.76806 4.74837 4.72882 4.70949 4.6905 4.67191 4.6538 4.63626 4.61934 4.60311 4.5876 4.57287 4.55895 4.54587 4.53365 4.5223 4.51183 4.50225 4.49355 4.48574 4.4788 4.47273 4.46752 4.46315 4.45962 4.45693 4.45506 4.45401 
4.44824 4.44884 4.45029 4.4526 4.45577 4.45981 4.46474 4.47055 4.47727 4.4849 4.49345 4.50292 4.51332 4.52465 4.53689 4.55003 4.56406 4.57894 4.59464 4.61112 4.62833 4.64621 4.66469 4.68371 4.70318 4.72301 4.74313 4.76342 4.7838 4.80416 4.8244 4.84441 4.8641 4.88335 4.90207 4.92017 4.93754 4.95411 4.96978 4.98447 4.99813 5.01067 5.02203 5.03217 5.04103 5.04858 5.05477 5.05958 5.06299 5.06498 5.06554 5.06466 5.06236 5.05863 5.0535 5.04699 5.03913 5.02995 5.0195 5.00783 4.995 4.98106 4.96609 4.95018 4.93339 4.91582 4.89757 4.87872 4.85939 4.83966 4.81966 4.79948 4.77923 4.75902 4.73893 4.71908 4.69955 4.68043 4.66181 4.64375 4.62633 4.60961 4.59363 4.57845 4.56409 4.5506 4.53798 4.52626 4.51545 4.50556 4.49657 4.48849 4.48132 4.47504 4.46964 4.46512 4.46147 4.45868 4.45674 4.45565 
4.44979 4.45041 4.45191 4.45429 4.45756 4.46173 4.4668 4.4728 4.47972 4.48758 4.49639 4.50615 4.51686 4.52852 4.54112 4.55464 4.56907 4.58437 4.60051 4.61744 4.63511 4.65347 4.67243 4.69194 4.7119 4.73223 4.75284 4.77363 4.79449 4.81532 4.83602 4.85648 4.8766 4.89627 4.91539 4.93387 4.9516 4.96849 4.98447 4.99946 5.01337 5.02615 5.03773 5.04806 5.05709 5.06477 5.07108 5.07598 5.07945 5.08147 5.08205 5.08116 5.07882 5.07503 5.06981 5.06318 5.05518 5.04583 5.03519 5.0233 5.01021 4.99601 4.98074 4.96451 4.94737 4.92944 4.91079 4.89153 4.87177 4.8516 4.83114 4.81049 4.78976 4.76905 4.74847 4.72812 4.70809 4.68848 4.66937 4.65083 4.63294 4.61576 4.59933 4.58372 4.56896 4.55507 4.54209 4.53002 4.51889 4.50869 4.49943 4.49111 4.48371 4.47723 4.47167 4.467 4.46324 4.46035 4.45835 4.45722 
4.45126 4.4519 4.45344 4.45588 4.45925 4.46353 4.46875 4.47491 4.48203 4.49011 4.49916 4.50919 4.52019 4.53216 4.54509 4.55897 4.57377 4.58946 4.606 4.62335 4.64146 4.66025 4.67967 4.69963 4.72005 4.74084 4.76191 4.78314 4.80445 4.82572 4.84685 4.86772 4.88824 4.90829 4.92778 4.9466 4.96466 4.98186 4.99813 5.01337 5.02753 5.04053 5.0523 5.0628 5.07198 5.07979 5.0862 5.09118 5.09471 5.09677 5.09735 5.09646 5.09408 5.09023 5.08493 5.0782 5.07007 5.06057 5.04975 5.03766 5.02435 5.00989 4.99436 4.97782 4.96037 4.9421 4.92309 4.90346 4.8833 4.86272 4.84183 4.82075 4.79957 4.77841 4.75737 4.73656 4.71607 4.696 4.67643 4.65745 4.63912 4.62151 4.60467 4.58866 4.57352 4.55927 4.54594 4.53355 4.52212 4.51164 4.50212 4.49356 4.48596 4.4793 4.47357 4.46877 4.4649 4.46193 4.45987 4.4587 
4.45263 4.45328 4.45486 4.45737 4.46082 4.46521 4.47056 4.47688 4.48418 4.49246 4.50173 4.51201 4.52327 4.53553 4.54877 4.56298 4.57812 4.59417 4.61108 4.62882 4.64732 4.66653 4.68636 4.70673 4.72757 4.74878 4.77026 4.79191 4.81363 4.8353 4.85682 4.87807 4.89895 4.91935 4.93917 4.9583 4.97666 4.99414 5.01067 5.02615 5.04053 5.05372 5.06567 5.07633 5.08564 5.09356 5.10007 5.10512 5.10871 5.1108 5.11139 5.11049 5.10808 5.10418 5.09881 5.09198 5.08373 5.0741 5.06312 5.05084 5.03733 5.02265 5.00687 4.99006 4.97233 4.95374 4.93441 4.91443 4.89391 4.87296 4.85169 4.8302 4.80861 4.78704 4.76558 4.74435 4.72344 4.70295 4.68296 4.66356 4.64483 4.62683 4.60961 4.59324 4.57774 4.56315 4.54951 4.53682 4.52511 4.51438 4.50462 4.49585 4.48805 4.48122 4.47534 4.47042 4.46644 4.4634 4.46128 4.46009 
4.45389 4.45456 4.45617 4.45874 4.46226 4.46675 4.47223 4.47869 4.48614 4.49461 4.50409 4.51459 4.5261 4.53862 4.55214 4.56664 4.58209 4.59847 4.61572 4.63381 4.65267 4.67224 4.69245 4.7132 4.73442 4.75601 4.77787 4.79989 4.82197 4.844 4.86587 4.88746 4.90867 4.92939 4.94951 4.96892 4.98754 5.00528 5.02203 5.03773 5.0523 5.06567 5.07778 5.08858 5.09801 5.10604 5.11263 5.11775 5.12138 5.1235 5.1241 5.12319 5.12075 5.11681 5.11137 5.10446 5.09611 5.08635 5.07523 5.06279 5.0491 5.03421 5.01821 5.00117 4.98317 4.96431 4.94468 4.9244 4.90355 4.88226 4.86064 4.83879 4.81684 4.79489 4.77305 4.75144 4.73014 4.70927 4.68891 4.66914 4.65004 4.63168 4.61412 4.59741 4.58159 4.56671 4.55277 4.53982 4.52785 4.51688 4.50691 4.49794 4.48997 4.48298 4.47697 4.47194 4.46786 4.46475 4.46258 4.46136 
4.45503 4.45571 4.45736 4.45997 4.46357 4.46815 4.47373 4.48032 4.48792 4.49655 4.50621 4.51691 4.52864 4.54139 4.55516 4.56993 4.58566 4.60233 4.61989 4.63829 4.65747 4.67737 4.6979 4.71899 4.74055 4.76248 4.78467 4.80703 4.82944 4.85179 4.87396 4.89586 4.91736 4.93835 4.95873 4.9784 4.99726 5.01521 5.03217 5.04806 5.0628 5.07633 5.08858 5.0995 5.10904 5.11715 5.12382 5.129 5.13267 5.13482 5.13543 5.13451 5.13205 5.12807 5.12257 5.11559 5.10714 5.09728 5.08603 5.07345 5.05959 5.04453 5.02833 5.01108 4.99285 4.97374 4.95386 4.9333 4.91217 4.89058 4.86864 4.84648 4.82419 4.80191 4.77974 4.75778 4.73615 4.71494 4.69424 4.67414 4.65471 4.63604 4.61817 4.60116 4.58506 4.5699 4.55571 4.54251 4.53031 4.51913 4.50897 4.49983 4.49169 4.48457 4.47844 4.4733 4.46915 4.46597 4.46375 4.46251 
4.45605 4.45673 4.45841 4.46107 4.46472 4.46938 4.47506 4.48176 4.48949 4.49827 4.50809 4.51896 4.53088 4.54384 4.55783 4.57283 4.5888 4.60572 4.62355 4.64222 4.66168 4.68187 4.70269 4.72408 4.74593 4.76815 4.79064 4.81328 4.83597 4.8586 4.88105 4.90321 4.92496 4.94619 4.9668 4.98669 5.00575 5.02389 5.04103 5.05709 5.07198 5.08564 5.09801 5.10904 5.11867 5.12687 5.13359 5.13882 5.14253 5.1447 5.14532 5.14439 5.14192 5.1379 5.13235 5.12531 5.11678 5.10682 5.09546 5.08276 5.06877 5.05355 5.03718 5.01974 5.00132 4.982 4.96189 4.94109 4.9197 4.89785 4.87565 4.85321 4.83064 4.80807 4.7856 4.76335 4.74142 4.71991 4.69892 4.67853 4.65882 4.63986 4.62173 4.60446 4.5881 4.57271 4.55829 4.54488 4.53248 4.52112 4.51079 4.50149 4.49322 4.48597 4.47974 4.47451 4.47029 4.46705 4.4648 4.46353 
4.45692 4.45762 4.45931 4.46201 4.46572 4.47045 4.47621 4.483 4.49084 4.49974 4.5097 4.52072 4.53281 4.54594 4.56012 4.57531 4.59149 4.60863 4.62668 4.64559 4.66529 4.68571 4.70679 4.72842 4.75052 4.77299 4.79573 4.81862 4.84155 4.86441 4.88709 4.90947 4.93143 4.95287 4.97368 4.99375 5.01298 5.03129 5.04858 5.06477 5.07979 5.09356 5.10604 5.11715 5.12687 5.13513 5.14191 5.14718 5.15092 5.15311 5.15374 5.15281 5.15031 5.14626 5.14068 5.13358 5.12499 5.11495 5.1035 5.09069 5.07658 5.06123 5.04472 5.02712 5.00853 4.98903 4.96873 4.94772 4.92613 4.90406 4.88162 4.85895 4.83614 4.81332 4.7906 4.7681 4.74592 4.72416 4.70291 4.68228 4.66233 4.64314 4.62477 4.60728 4.59071 4.57511 4.5605 4.54691 4.53435 4.52283 4.51235 4.50292 4.49454 4.48718 4.48086 4.47556 4.47127 4.46798 4.4657 4.46441 
4.45765 4.45836 4.46007 4.4628 4.46655 4.47134 4.47716 4.48403 4.49197 4.50097 4.51104 4.52218 4.5344 4.54768 4.56201 4.57736 4.59372 4.61103 4.62926 4.64836 4.66826 4.68888 4.71016 4.73199 4.7543 4.77697 4.79991 4.823 4.84613 4.86919 4.89205 4.91461 4.93675 4.95836 4.97932 4.99954 5.01892 5.03736 5.05477 5.07108 5.0862 5.10007 5.11263 5.12382 5.13359 5.14191 5.14874 5.15404 5.15781 5.16001 5.16065 5.15971 5.1572 5.15313 5.14751 5.14037 5.13172 5.12162 5.11009 5.09719 5.08299 5.06753 5.0509 5.03318 5.01444 4.9948 4.97434 4.95317 4.93141 4.90915 4.88653 4.86366 4.84066 4.81763 4.79471 4.772 4.74962 4.72765 4.7062 4.68537 4.66522 4.64583 4.62728 4.60961 4.59287 4.5771 4.56233 4.54859 4.53589 4.52424 4.51365 4.50411 4.49563 4.48819 4.48179 4.47643 4.47209 4.46876 4.46645 4.46514 
4.45823 4.45894 4.46067 4.46343 4.46721 4.47204 4.47791 4.48485 4.49285 4.50193 4.51209 4.52333 4.53565 4.54904 4.56349 4.57897 4.59545 4.61291 4.63128 4.65052 4.67057 4.69135 4.71278 4.73477 4.75724 4.78007 4.80316 4.82641 4.84969 4.8729 4.89591 4.91861 4.94088 4.96262 4.98371 5.00405 5.02353 5.04208 5.05958 5.07598 5.09118 5.10512 5.11775 5.129 5.13882 5.14718 5.15404 5.15938 5.16316 5.16538 5.16602 5.16508 5.16256 5.15847 5.15282 5.14564 5.13696 5.1268 5.11521 5.10225 5.08797 5.07243 5.05571 5.03788 5.01904 4.99928 4.9787 4.95741 4.9355 4.91311 4.89035 4.86732 4.84417 4.82099 4.79791 4.77504 4.75249 4.73037 4.70877 4.68777 4.66747 4.64794 4.62924 4.61143 4.59455 4.57866 4.56377 4.54991 4.5371 4.52535 4.51467 4.50505 4.49649 4.48898 4.48253 4.47712 4.47273 4.46938 4.46704 4.46573 
4.45866 4.45937 4.46112 4.46389 4.4677 4.47255 4.47846 4.48544 4.49349 4.50263 4.51285 4.52415 4.53655 4.55002 4.56455 4.58011 4.59669 4.61424 4.63272 4.65206 4.67222 4.6931 4.71464 4.73675 4.75932 4.78226 4.80547 4.82882 4.85221 4.87552 4.89864 4.92143 4.94381 4.96563 4.98681 5.00723 5.0268 5.04542 5.06299 5.07945 5.09471 5.10871 5.12138 5.13267 5.14253 5.15092 5.15781 5.16316 5.16696 5.16919 5.16983 5.16889 5.16636 5.16225 5.15659 5.14938 5.14066 5.13047 5.11884 5.10583 5.09149 5.07589 5.05911 5.04121 5.0223 5.00245 4.98179 4.9604 4.9384 4.91591 4.89304 4.86992 4.84665 4.82336 4.80017 4.77719 4.75453 4.7323 4.71058 4.68948 4.66907 4.64943 4.63063 4.61272 4.59575 4.57977 4.56479 4.55085 4.53797 4.52615 4.5154 4.50572 4.49711 4.48956 4.48306 4.47762 4.47321 4.46983 4.46748 4.46615 
4.45893 4.45964 4.46139 4.46417 4.468 4.47287 4.4788 4.48581 4.49389 4.50305 4.51331 4.52465 4.53709 4.5506 4.56518 4.5808 4.59743 4.61503 4.63356 4.65297 4.67318 4.69413 4.71573 4.7379 4.76054 4.78354 4.80681 4.83023 4.85368 4.87705 4.90022 4.92308 4.94551 4.96739 4.98862 5.00909 5.0287 5.04736 5.06498 5.08147 5.09677 5.1108 5.1235 5.13482 5.1447 5.15311 5.16001 5.16538 5.16919 5.17142 5.17206 5.17112 5.16858 5.16447 5.15879 5.15157 5.14283 5.13262 5.12096 5.10792 5.09355 5.07791 5.06109 5.04315 5.02419 5.0043 4.98358 4.96214 4.94009 4.91754 4.89461 4.87142 4.84809 4.82474 4.80149 4.77845 4.75572 4.73342 4.71164 4.69048 4.67001 4.65031 4.63145 4.61349 4.59646 4.58043 4.5654 4.55142 4.53849 4.52663 4.51585 4.50613 4.49749 4.48991 4.4834 4.47793 4.4735 4.47011 4.46776 4.46642 
