6.72415 6.72433 6.72465 6.72509 6.72566 6.72635 6.72717 6.72812 6.72919 6.73039 6.7317 6.73314 6.7347 6.73638 6.73817 6.74007 6.74209 6.74421 6.74643 6.74874 6.75114 6.75363 6.75618 6.75881 6.76149 6.76422 6.76699 6.76979 6.7726 6.77541 6.77821 6.78099 6.78374 6.78644 6.78907 6.79163 6.7941 6.79647 6.79873 6.80085 6.80284 6.80467 6.80634 6.80785 6.80917 6.81031 6.81125 6.81199 6.81253 6.81286 6.81298 6.8129 6.8126 6.8121 6.8114 6.8105 6.80941 6.80814 6.80668 6.80506 6.80329 6.80136 6.7993 6.79712 6.79483 6.79244 6.78996 6.78742 6.78482 6.78217 6.7795 6.77681 6.77411 6.77143 6.76877 6.76614 6.76355 6.76102 6.75855 6.75616 6.75384 6.75162 6.74948 6.74745 6.74552 6.74371 6.74201 6.74042 6.73896 6.73762 6.7364 6.73531 6.73434 6.73351 6.7328 6.73222 6.73176 6.73144 6.73124 6.73117 
6.72433 6.72452 6.72484 6.72528 6.72585 6.72655 6.72737 6.72832 6.7294 6.7306 6.73193 6.73337 6.73494 6.73663 6.73843 6.74034 6.74237 6.7445 6.74673 6.74906 6.75147 6.75397 6.75655 6.75919 6.76188 6.76463 6.76742 6.77023 6.77305 6.77588 6.7787 6.7815 6.78426 6.78698 6.78963 6.7922 6.79469 6.79707 6.79934 6.80148 6.80347 6.80532 6.807 6.80851 6.80985 6.81099 6.81193 6.81268 6.81322 6.81356 6.81368 6.81359 6.8133 6.8128 6.81209 6.81118 6.81009 6.8088 6.80734 6.80571 6.80392 6.80198 6.79991 6.79772 6.79541 6.793 6.79051 6.78795 6.78534 6.78268 6.77999 6.77728 6.77457 6.77187 6.76919 6.76655 6.76394 6.7614 6.75891 6.7565 6.75417 6.75193 6.74979 6.74774 6.7458 6.74398 6.74227 6.74067 6.7392 6.73785 6.73662 6.73553 6.73456 6.73371 6.733 6.73241 6.73196 6.73163 6.73143 6.73136 
6.72465 6.72484 6.72516 6.7256 6.72618 6.72689 6.72772 6.72869 6.72978 6.73099 6.73234 6.73381 6.73539 6.73711 6.73893 6.74088 6.74293 6.74509 6.74736 6.74972 6.75217 6.7547 6.75731 6.75999 6.76273 6.76552 6.76834 6.7712 6.77406 6.77693 6.7798 6.78263 6.78544 6.78819 6.79088 6.79349 6.79601 6.79843 6.80072 6.80289 6.80492 6.80679 6.8085 6.81003 6.81138 6.81254 6.8135 6.81425 6.8148 6.81514 6.81526 6.81517 6.81487 6.81436 6.81365 6.81273 6.81161 6.81031 6.80883 6.80717 6.80536 6.80339 6.80129 6.79906 6.79672 6.79428 6.79175 6.78915 6.7865 6.7838 6.78107 6.77832 6.77557 6.77283 6.77011 6.76742 6.76478 6.7622 6.75967 6.75723 6.75486 6.75259 6.75041 6.74833 6.74636 6.74451 6.74277 6.74115 6.73965 6.73828 6.73704 6.73592 6.73493 6.73407 6.73335 6.73275 6.73229 6.73195 6.73175 6.73168 
6.72509 6.72528 6.7256 6.72606 6.72665 6.72737 6.72822 6.72921 6.73032 6.73157 6.73294 6.73444 6.73607 6.73782 6.73969 6.74167 6.74378 6.74599 6.7483 6.75072 6.75323 6.75582 6.75849 6.76123 6.76403 6.76688 6.76977 6.77269 6.77562 6.77856 6.78149 6.78439 6.78725 6.79007 6.79282 6.79549 6.79806 6.80053 6.80288 6.8051 6.80717 6.80908 6.81082 6.81239 6.81377 6.81495 6.81593 6.8167 6.81726 6.8176 6.81773 6.81764 6.81733 6.8168 6.81607 6.81513 6.81399 6.81265 6.81114 6.80944 6.80759 6.80558 6.80342 6.80114 6.79875 6.79625 6.79367 6.79101 6.78829 6.78553 6.78273 6.77992 6.77711 6.7743 6.77152 6.76877 6.76607 6.76342 6.76084 6.75833 6.75591 6.75358 6.75134 6.74922 6.7472 6.7453 6.74351 6.74185 6.74032 6.73891 6.73763 6.73649 6.73547 6.73459 6.73385 6.73323 6.73275 6.73241 6.7322 6.73212 
6.72566 6.72585 6.72618 6.72665 6.72725 6.728 6.72887 6.72989 6.73103 6.73232 6.73373 6.73528 6.73695 6.73876 6.74069 6.74274 6.7449 6.74718 6.74957 6.75206 6.75465 6.75732 6.76008 6.7629 6.76579 6.76873 6.77171 6.77471 6.77773 6.78076 6.78377 6.78676 6.78971 6.79261 6.79544 6.79819 6.80085 6.80339 6.8058 6.80808 6.81021 6.81218 6.81398 6.81559 6.817 6.81822 6.81922 6.82002 6.82059 6.82094 6.82107 6.82097 6.82065 6.82011 6.81936 6.81839 6.81721 6.81583 6.81427 6.81252 6.81061 6.80854 6.80632 6.80397 6.8015 6.79893 6.79626 6.79352 6.79072 6.78787 6.78499 6.78209 6.77919 6.77629 6.77342 6.77059 6.7678 6.76506 6.7624 6.75981 6.75731 6.7549 6.7526 6.7504 6.74831 6.74635 6.7445 6.74279 6.7412 6.73974 6.73842 6.73723 6.73618 6.73527 6.73449 6.73386 6.73336 6.733 6.73278 6.73269 
6.72635 6.72655 6.72689 6.72737 6.728 6.72876 6.72967 6.73072 6.73191 6.73324 6.73471 6.73632 6.73806 6.73993 6.74193 6.74406 6.74631 6.74868 6.75116 6.75374 6.75643 6.75921 6.76207 6.765 6.768 6.77104 6.77414 6.77725 6.78039 6.78353 6.78665 6.78976 6.79282 6.79582 6.79875 6.8016 6.80435 6.80699 6.80949 6.81185 6.81406 6.8161 6.81795 6.81962 6.82108 6.82234 6.82338 6.8242 6.82479 6.82516 6.82529 6.82518 6.82485 6.82429 6.8235 6.82249 6.82127 6.81984 6.81822 6.81641 6.81442 6.81227 6.80997 6.80753 6.80497 6.8023 6.79953 6.79669 6.79378 6.79082 6.78783 6.78482 6.78181 6.7788 6.77582 6.77287 6.76997 6.76713 6.76436 6.76167 6.75906 6.75656 6.75416 6.75187 6.7497 6.74765 6.74573 6.74394 6.74229 6.74077 6.73939 6.73815 6.73705 6.7361 6.73529 6.73462 6.7341 6.73372 6.73348 6.73339 
6.72717 6.72737 6.72772 6.72822 6.72887 6.72967 6.73062 6.73171 6.73296 6.73434 6.73588 6.73756 6.73937 6.74133 6.74342 6.74565 6.748 6.75047 6.75306 6.75577 6.75857 6.76147 6.76446 6.76752 6.77065 6.77383 6.77706 6.78032 6.78359 6.78686 6.79012 6.79336 6.79655 6.79968 6.80274 6.80571 6.80858 6.81132 6.81393 6.81639 6.81869 6.82081 6.82274 6.82448 6.826 6.82731 6.82839 6.82924 6.82986 6.83023 6.83037 6.83026 6.82991 6.82932 6.82849 6.82744 6.82616 6.82467 6.82298 6.82109 6.81902 6.81677 6.81437 6.81182 6.80915 6.80636 6.80347 6.8005 6.79746 6.79438 6.79125 6.78811 6.78496 6.78181 6.7787 6.77561 6.77258 6.76961 6.76671 6.76389 6.76117 6.75855 6.75604 6.75364 6.75137 6.74922 6.74721 6.74533 6.74359 6.742 6.74055 6.73924 6.73809 6.73709 6.73623 6.73553 6.73497 6.73457 6.73432 6.73421 
6.72812 6.72832 6.72869 6.72921 6.72989 6.73072 6.73171 6.73286 6.73417 6.73562 6.73723 6.73899 6.7409 6.74296 6.74516 6.74749 6.74996 6.75256 6.75528 6.75812 6.76107 6.76411 6.76725 6.77047 6.77375 6.77709 6.78048 6.78389 6.78732 6.79076 6.79418 6.79757 6.80091 6.8042 6.8074 6.81051 6.81352 6.81639 6.81912 6.8217 6.8241 6.82632 6.82834 6.83015 6.83175 6.83312 6.83425 6.83513 6.83577 6.83616 6.8363 6.83618 6.83581 6.83519 6.83433 6.83322 6.83188 6.83032 6.82854 6.82656 6.82438 6.82203 6.81951 6.81684 6.81403 6.8111 6.80807 6.80496 6.80177 6.79853 6.79524 6.79194 6.78863 6.78533 6.78206 6.77882 6.77563 6.77251 6.76946 6.76649 6.76363 6.76087 6.75822 6.7557 6.7533 6.75104 6.74892 6.74694 6.7451 6.74342 6.74189 6.74051 6.73929 6.73823 6.73732 6.73657 6.73598 6.73555 6.73528 6.73517 
6.72919 6.7294 6.72978 6.73032 6.73103 6.73191 6.73296 6.73417 6.73554 6.73708 6.73877 6.74063 6.74265 6.74481 6.74713 6.7496 6.7522 6.75495 6.75782 6.76081 6.76392 6.76713 6.77044 6.77383 6.77729 6.78081 6.78438 6.78798 6.79159 6.79521 6.79881 6.80238 6.8059 6.80935 6.81273 6.816 6.81915 6.82217 6.82505 6.82775 6.83028 6.83261 6.83473 6.83664 6.83831 6.83974 6.84093 6.84186 6.84253 6.84293 6.84307 6.84295 6.84255 6.8419 6.84098 6.83982 6.83841 6.83676 6.83489 6.8328 6.83051 6.82803 6.82537 6.82256 6.8196 6.81652 6.81333 6.81004 6.80668 6.80326 6.79981 6.79632 6.79283 6.78935 6.78589 6.78247 6.77911 6.77581 6.77259 6.76946 6.76643 6.76351 6.76071 6.75804 6.75551 6.75311 6.75086 6.74876 6.74682 6.74504 6.74341 6.74195 6.74065 6.73952 6.73855 6.73775 6.73712 6.73666 6.73637 6.73624 
6.73039 6.7306 6.73099 6.73157 6.73232 6.73324 6.73434 6.73562 6.73708 6.7387 6.7405 6.74246 6.7446 6.74689 6.74935 6.75196 6.75472 6.75762 6.76066 6.76383 6.76712 6.77052 6.77402 6.7776 6.78126 6.78499 6.78876 6.79256 6.79638 6.8002 6.80401 6.80778 6.81149 6.81514 6.8187 6.82215 6.82548 6.82867 6.8317 6.83455 6.83721 6.83967 6.8419 6.84391 6.84567 6.84718 6.84843 6.8494 6.8501 6.85053 6.85067 6.85053 6.85012 6.84942 6.84845 6.84722 6.84573 6.84399 6.84201 6.8398 6.83738 6.83476 6.83195 6.82898 6.82586 6.8226 6.81922 6.81575 6.8122 6.80858 6.80492 6.80124 6.79755 6.79386 6.7902 6.78658 6.78301 6.77952 6.77611 6.77279 6.76958 6.76648 6.76351 6.76067 6.75798 6.75544 6.75305 6.75081 6.74875 6.74685 6.74511 6.74356 6.74217 6.74096 6.73993 6.73908 6.7384 6.7379 6.73758 6.73744 
6.7317 6.73193 6.73234 6.73294 6.73373 6.73471 6.73588 6.73723 6.73877 6.7405 6.7424 6.74449 6.74676 6.74919 6.7518 6.75457 6.7575 6.76058 6.76381 6.76717 6.77066 6.77427 6.77798 6.78178 6.78566 6.78961 6.79361 6.79764 6.80169 6.80573 6.80976 6.81375 6.81769 6.82155 6.82531 6.82897 6.83249 6.83585 6.83906 6.84207 6.84488 6.84748 6.84984 6.85196 6.85382 6.85541 6.85672 6.85775 6.85849 6.85893 6.85908 6.85893 6.85848 6.85775 6.85672 6.85541 6.85383 6.85199 6.84989 6.84755 6.84498 6.84221 6.83924 6.83609 6.83278 6.82933 6.82575 6.82207 6.8183 6.81447 6.81059 6.80668 6.80276 6.79885 6.79497 6.79112 6.78734 6.78362 6.78 6.77647 6.77306 6.76976 6.7666 6.76359 6.76072 6.75801 6.75546 6.75308 6.75087 6.74885 6.747 6.74533 6.74385 6.74256 6.74145 6.74054 6.73981 6.73927 6.73892 6.73877 
6.73314 6.73337 6.73381 6.73444 6.73528 6.73632 6.73756 6.73899 6.74063 6.74246 6.74449 6.74671 6.74912 6.75171 6.75448 6.75743 6.76055 6.76383 6.76726 6.77083 6.77454 6.77838 6.78232 6.78636 6.79048 6.79468 6.79892 6.8032 6.8075 6.81179 6.81606 6.8203 6.82447 6.82856 6.83255 6.83642 6.84015 6.84372 6.84711 6.8503 6.85328 6.85602 6.85852 6.86076 6.86272 6.8644 6.86579 6.86688 6.86766 6.86812 6.86827 6.86811 6.86764 6.86685 6.86576 6.86437 6.86269 6.86073 6.85851 6.85603 6.8533 6.85036 6.84721 6.84387 6.84035 6.83669 6.83289 6.82898 6.82498 6.82091 6.81679 6.81264 6.80848 6.80432 6.80019 6.7961 6.79207 6.78812 6.78426 6.7805 6.77687 6.77336 6.76999 6.76677 6.76371 6.76082 6.7581 6.75556 6.7532 6.75103 6.74906 6.74728 6.74569 6.7443 6.74312 6.74213 6.74135 6.74077 6.74039 6.74021 
6.7347 6.73494 6.73539 6.73607 6.73695 6.73806 6.73937 6.7409 6.74265 6.7446 6.74676 6.74912 6.75168 6.75444 6.7574 6.76054 6.76386 6.76735 6.771 6.77481 6.77875 6.78283 6.78703 6.79133 6.79571 6.80017 6.80468 6.80923 6.8138 6.81836 6.8229 6.82739 6.83182 6.83616 6.8404 6.8445 6.84846 6.85224 6.85583 6.85922 6.86237 6.86528 6.86792 6.87029 6.87237 6.87415 6.87562 6.87677 6.87759 6.87808 6.87823 6.87806 6.87755 6.87671 6.87555 6.87407 6.87229 6.87021 6.86784 6.86521 6.86232 6.85919 6.85584 6.85229 6.84856 6.84467 6.84063 6.83648 6.83223 6.8279 6.82352 6.8191 6.81467 6.81025 6.80585 6.8015 6.79721 6.793 6.78888 6.78488 6.781 6.77726 6.77366 6.77023 6.76696 6.76387 6.76096 6.75825 6.75573 6.75341 6.75129 6.74938 6.74768 6.74619 6.74492 6.74386 6.74301 6.74239 6.74197 6.74178 
6.73638 6.73663 6.73711 6.73782 6.73876 6.73993 6.74133 6.74296 6.74481 6.74689 6.74919 6.75171 6.75444 6.75739 6.76054 6.76388 6.76742 6.77114 6.77503 6.77908 6.78329 6.78763 6.7921 6.79667 6.80134 6.80609 6.81088 6.81572 6.82057 6.82542 6.83024 6.83502 6.83972 6.84434 6.84883 6.85319 6.85739 6.8614 6.86521 6.8688 6.87214 6.87522 6.87803 6.88054 6.88274 6.88462 6.88617 6.88739 6.88825 6.88877 6.88893 6.88874 6.8882 6.8873 6.88607 6.8845 6.8826 6.88039 6.87788 6.87508 6.872 6.86868 6.86512 6.86135 6.85738 6.85324 6.84895 6.84454 6.84002 6.83541 6.83075 6.82605 6.82133 6.81662 6.81194 6.8073 6.80273 6.79824 6.79385 6.78958 6.78545 6.78145 6.77762 6.77395 6.77046 6.76715 6.76405 6.76114 6.75844 6.75596 6.75369 6.75165 6.74982 6.74823 6.74686 6.74572 6.74481 6.74413 6.74368 6.74346 
6.73817 6.73843 6.73893 6.73969 6.74069 6.74193 6.74342 6.74516 6.74713 6.74935 6.7518 6.75448 6.7574 6.76054 6.76389 6.76746 6.77123 6.77519 6.77934 6.78366 6.78814 6.79276 6.79752 6.80239 6.80736 6.8124 6.81751 6.82265 6.82781 6.83297 6.83809 6.84316 6.84816 6.85306 6.85783 6.86246 6.86691 6.87117 6.87521 6.87902 6.88256 6.88583 6.8888 6.89146 6.89379 6.89579 6.89743 6.89871 6.89963 6.90017 6.90034 6.90013 6.89955 6.8986 6.89728 6.89561 6.8936 6.89124 6.88857 6.8856 6.88233 6.8788 6.87502 6.87101 6.86679 6.86239 6.85783 6.85314 6.84833 6.84343 6.83847 6.83346 6.82844 6.82343 6.81844 6.8135 6.80863 6.80385 6.79917 6.79461 6.7902 6.78594 6.78184 6.77792 6.77419 6.77066 6.76734 6.76423 6.76135 6.75869 6.75626 6.75407 6.75211 6.7504 6.74893 6.7477 6.74672 6.74599 6.7455 6.74526 
6.74007 6.74034 6.74088 6.74167 6.74274 6.74406 6.74565 6.74749 6.7496 6.75196 6.75457 6.75743 6.76054 6.76388 6.76746 6.77126 6.77527 6.7795 6.78391 6.78851 6.79328 6.79821 6.80327 6.80845 6.81374 6.81911 6.82454 6.83001 6.83549 6.84097 6.84641 6.8518 6.85711 6.86231 6.86738 6.87228 6.87701 6.88153 6.88582 6.88985 6.89361 6.89707 6.90022 6.90304 6.9055 6.90761 6.90935 6.91071 6.91167 6.91224 6.91242 6.91219 6.91157 6.91056 6.90916 6.90739 6.90524 6.90275 6.89991 6.89675 6.89328 6.88953 6.88551 6.88125 6.87677 6.87209 6.86725 6.86225 6.85714 6.85193 6.84665 6.84133 6.83599 6.83065 6.82534 6.82008 6.81489 6.80979 6.80481 6.79995 6.79524 6.7907 6.78632 6.78214 6.77816 6.77439 6.77084 6.76752 6.76443 6.76159 6.75899 6.75664 6.75454 6.75271 6.75113 6.74981 6.74876 6.74797 6.74744 6.74718 
6.74209 6.74237 6.74293 6.74378 6.7449 6.74631 6.748 6.74996 6.7522 6.75472 6.7575 6.76055 6.76386 6.76742 6.77123 6.77527 6.77955 6.78405 6.78875 6.79365 6.79872 6.80396 6.80935 6.81486 6.82048 6.82618 6.83195 6.83777 6.84359 6.84941 6.85519 6.86091 6.86654 6.87206 6.87743 6.88264 6.88765 6.89244 6.89698 6.90126 6.90524 6.90891 6.91224 6.91522 6.91784 6.92007 6.9219 6.92334 6.92436 6.92496 6.92514 6.9249 6.92423 6.92316 6.92167 6.91978 6.91751 6.91486 6.91184 6.90849 6.90481 6.90083 6.89656 6.89204 6.88728 6.88231 6.87717 6.87186 6.86643 6.86089 6.85528 6.84963 6.84394 6.83827 6.83262 6.82702 6.8215 6.81607 6.81076 6.80559 6.80057 6.79572 6.79106 6.7866 6.78235 6.77833 6.77454 6.77099 6.76769 6.76465 6.76187 6.75936 6.75711 6.75515 6.75346 6.75204 6.75091 6.75006 6.74949 6.7492 
6.74421 6.7445 6.74509 6.74599 6.74718 6.74868 6.75047 6.75256 6.75495 6.75762 6.76058 6.76383 6.76735 6.77114 6.77519 6.7795 6.78405 6.78883 6.79383 6.79904 6.80443 6.81 6.81573 6.82158 6.82755 6.83361 6.83974 6.84591 6.85209 6.85826 6.8644 6.87046 6.87644 6.88228 6.88798 6.8935 6.8988 6.90388 6.90869 6.91321 6.91743 6.92131 6.92483 6.92799 6.93075 6.93311 6.93505 6.93656 6.93764 6.93827 6.93846 6.9382 6.93749 6.93635 6.93477 6.93277 6.93035 6.92754 6.92435 6.92079 6.91689 6.91266 6.90814 6.90334 6.8983 6.89303 6.88757 6.88194 6.87617 6.87029 6.86434 6.85833 6.85229 6.84626 6.84025 6.8343 6.82843 6.82266 6.81701 6.8115 6.80616 6.801 6.79604 6.79128 6.78676 6.78246 6.77842 6.77464 6.77112 6.76787 6.7649 6.76221 6.75982 6.75771 6.7559 6.75439 6.75317 6.75226 6.75164 6.75133 
6.74643 6.74673 6.74736 6.7483 6.74957 6.75116 6.75306 6.75528 6.75782 6.76066 6.76381 6.76726 6.771 6.77503 6.77934 6.78391 6.78875 6.79383 6.79914 6.80467 6.8104 6.81632 6.82239 6.82861 6.83494 6.84137 6.84787 6.85441 6.86096 6.86751 6.874 6.88043 6.88676 6.89295 6.89898 6.90482 6.91043 6.9158 6.92089 6.92567 6.93013 6.93423 6.93796 6.94129 6.94421 6.9467 6.94875 6.95034 6.95147 6.95214 6.95233 6.95205 6.9513 6.95009 6.94842 6.9463 6.94374 6.94076 6.93738 6.93361 6.92948 6.925 6.92021 6.91513 6.90978 6.9042 6.89841 6.89245 6.88633 6.8801 6.87378 6.86741 6.86101 6.8546 6.84823 6.84191 6.83567 6.82954 6.82354 6.81769 6.81201 6.80652 6.80124 6.79618 6.79136 6.78679 6.78248 6.77845 6.7747 6.77124 6.76807 6.7652 6.76265 6.7604 6.75846 6.75684 6.75554 6.75456 6.7539 6.75356 
6.74874 6.74906 6.74972 6.75072 6.75206 6.75374 6.75577 6.75812 6.76081 6.76383 6.76717 6.77083 6.77481 6.77908 6.78366 6.78851 6.79365 6.79904 6.80467 6.81054 6.81662 6.82289 6.82933 6.83592 6.84263 6.84944 6.85632 6.86324 6.87018 6.87711 6.88398 6.89078 6.89747 6.90402 6.91039 6.91656 6.9225 6.92817 6.93354 6.9386 6.9433 6.94763 6.95157 6.95508 6.95816 6.96079 6.96295 6.96463 6.96582 6.96652 6.96672 6.96642 6.96562 6.96434 6.96257 6.96032 6.95762 6.95447 6.95089 6.9469 6.94253 6.9378 6.93273 6.92736 6.9217 6.91579 6.90967 6.90335 6.89688 6.89028 6.88359 6.87684 6.87006 6.86327 6.85651 6.84981 6.8432 6.8367 6.83033 6.82412 6.81809 6.81226 6.80665 6.80127 6.79615 6.79129 6.78671 6.78242 6.77843 6.77474 6.77137 6.76832 6.76559 6.76319 6.76113 6.7594 6.75801 6.75696 6.75625 6.75588 
6.75114 6.75147 6.75217 6.75323 6.75465 6.75643 6.75857 6.76107 6.76392 6.76712 6.77066 6.77454 6.77875 6.78329 6.78814 6.79328 6.79872 6.80443 6.8104 6.81662 6.82305 6.82969 6.83651 6.84348 6.85058 6.85778 6.86506 6.87238 6.87972 6.88703 6.8943 6.90148 6.90855 6.91546 6.92219 6.9287 6.93496 6.94095 6.94662 6.95194 6.95691 6.96147 6.96562 6.96932 6.97257 6.97533 6.97761 6.97937 6.98063 6.98136 6.98156 6.98125 6.9804 6.97904 6.97717 6.9748 6.97194 6.96862 6.96484 6.96063 6.95602 6.95102 6.94567 6.93999 6.93401 6.92777 6.9213 6.91463 6.90778 6.90081 6.89373 6.88659 6.87942 6.87224 6.86508 6.85799 6.85099 6.8441 6.83735 6.83077 6.82438 6.8182 6.81225 6.80655 6.80111 6.79596 6.7911 6.78654 6.7823 6.77838 6.7748 6.77155 6.76865 6.7661 6.7639 6.76206 6.76057 6.75945 6.75869 6.75829 
6.75363 6.75397 6.7547 6.75582 6.75732 6.75921 6.76147 6.76411 6.76713 6.77052 6.77427 6.77838 6.78283 6.78763 6.79276 6.79821 6.80396 6.81 6.81632 6.82289 6.82969 6.83671 6.84391 6.85127 6.85878 6.86638 6.87407 6.88179 6.88953 6.89725 6.90492 6.91249 6.91994 6.92723 6.93432 6.94118 6.94778 6.95408 6.96006 6.96567 6.97089 6.97569 6.98006 6.98396 6.98737 6.99028 6.99267 6.99452 6.99584 6.99661 6.99682 6.99648 6.99559 6.99415 6.99218 6.98968 6.98667 6.98316 6.97918 6.97474 6.96988 6.96461 6.95896 6.95298 6.94668 6.94009 6.93326 6.92622 6.919 6.91164 6.90417 6.89663 6.88905 6.88147 6.87391 6.86642 6.85901 6.85173 6.84459 6.83763 6.83087 6.82433 6.81803 6.81199 6.80623 6.80077 6.79562 6.79079 6.78629 6.78214 6.77833 6.77489 6.77181 6.7691 6.76676 6.7648 6.76322 6.76203 6.76121 6.76079 
6.75618 6.75655 6.75731 6.75849 6.76008 6.76207 6.76446 6.76725 6.77044 6.77402 6.77798 6.78232 6.78703 6.7921 6.79752 6.80327 6.80935 6.81573 6.82239 6.82933 6.83651 6.84391 6.85151 6.85928 6.86718 6.8752 6.8833 6.89145 6.8996 6.90773 6.9158 6.92378 6.93162 6.93929 6.94675 6.95397 6.96091 6.96754 6.97381 6.97971 6.9852 6.99025 6.99484 6.99893 7.00251 7.00557 7.00808 7.01002 7.0114 7.0122 7.01243 7.01207 7.01113 7.00961 7.00753 7.0049 7.00173 6.99804 6.99385 6.98918 6.98406 6.97852 6.97258 6.96628 6.95964 6.95271 6.94552 6.9381 6.9305 6.92274 6.91487 6.90692 6.89893 6.89093 6.88297 6.87506 6.86725 6.85956 6.85203 6.84467 6.83753 6.83062 6.82396 6.81758 6.81149 6.80572 6.80027 6.79516 6.7904 6.786 6.78197 6.77832 6.77506 6.77218 6.7697 6.76763 6.76595 6.76468 6.76381 6.76336 
6.75881 6.75919 6.75999 6.76123 6.7629 6.765 6.76752 6.77047 6.77383 6.7776 6.78178 6.78636 6.79133 6.79667 6.80239 6.80845 6.81486 6.82158 6.82861 6.83592 6.84348 6.85127 6.85928 6.86745 6.87578 6.88422 6.89274 6.9013 6.90988 6.91843 6.92691 6.93529 6.94353 6.95159 6.95943 6.96701 6.9743 6.98125 6.98784 6.99403 6.99979 7.00509 7.0099 7.01419 7.01795 7.02115 7.02378 7.02582 7.02726 7.0281 7.02833 7.02794 7.02695 7.02536 7.02318 7.02041 7.01708 7.01321 7.00881 7.0039 6.99852 6.9927 6.98646 6.97984 6.97286 6.96558 6.95802 6.95022 6.94223 6.93407 6.92579 6.91743 6.90902 6.9006 6.89221 6.88389 6.87566 6.86756 6.85962 6.85187 6.84434 6.83705 6.83003 6.8233 6.81688 6.81078 6.80503 6.79963 6.7946 6.78995 6.7857 6.78184 6.77839 6.77535 6.77272 6.77052 6.76875 6.7674 6.76648 6.76599 
6.76149 6.76188 6.76273 6.76403 6.76579 6.768 6.77065 6.77375 6.77729 6.78126 6.78566 6.79048 6.79571 6.80134 6.80736 6.81374 6.82048 6.82755 6.83494 6.84263 6.85058 6.85878 6.86718 6.87578 6.88452 6.89339 6.90234 6.91133 6.92033 6.92931 6.93821 6.947 6.95564 6.96409 6.97231 6.98026 6.98789 6.99518 7.00208 7.00857 7.0146 7.02015 7.02518 7.02967 7.03361 7.03696 7.03971 7.04184 7.04335 7.04422 7.04446 7.04405 7.04301 7.04134 7.03905 7.03615 7.03266 7.0286 7.02398 7.01884 7.0132 7.0071 7.00055 6.99361 6.98629 6.97865 6.97072 6.96254 6.95415 6.94558 6.93689 6.92811 6.91928 6.91043 6.90162 6.89287 6.88422 6.8757 6.86735 6.8592 6.85128 6.84361 6.83622 6.82913 6.82236 6.81594 6.80988 6.80419 6.79889 6.79399 6.7895 6.78543 6.78178 6.77858 6.77581 6.77348 6.77161 6.77018 6.7692 6.76869 
6.76422 6.76463 6.76552 6.76688 6.76873 6.77104 6.77383 6.77709 6.78081 6.78499 6.78961 6.79468 6.80017 6.80609 6.8124 6.81911 6.82618 6.83361 6.84137 6.84944 6.85778 6.86638 6.8752 6.88422 6.89339 6.90268 6.91206 6.92149 6.93092 6.94032 6.94964 6.95885 6.96789 6.97674 6.98534 6.99365 7.00164 7.00927 7.01649 7.02326 7.02957 7.03537 7.04063 7.04533 7.04943 7.05293 7.0558 7.05803 7.0596 7.06051 7.06076 7.06033 7.05924 7.05749 7.0551 7.05206 7.04841 7.04415 7.03933 7.03395 7.02804 7.02165 7.0148 7.00753 6.99988 6.99188 6.98357 6.975 6.96621 6.95724 6.94813 6.93892 6.92966 6.92039 6.91114 6.90197 6.89289 6.88395 6.87519 6.86663 6.85831 6.85026 6.84249 6.83504 6.82793 6.82118 6.8148 6.80882 6.80324 6.79809 6.79336 6.78908 6.78524 6.78186 6.77894 6.77649 6.77451 6.77301 6.77198 6.77143 
6.76699 6.76742 6.76834 6.76977 6.77171 6.77414 6.77706 6.78048 6.78438 6.78876 6.79361 6.79892 6.80468 6.81088 6.81751 6.82454 6.83195 6.83974 6.84787 6.85632 6.86506 6.87407 6.8833 6.89274 6.90234 6.91206 6.92187 6.93173 6.9416 6.95142 6.96117 6.97079 6.98024 6.98948 6.99847 7.00715 7.01549 7.02345 7.03099 7.03806 7.04464 7.05069 7.05618 7.06108 7.06536 7.06901 7.072 7.07432 7.07596 7.07691 7.07716 7.07671 7.07557 7.07374 7.07124 7.06807 7.06425 7.05981 7.05477 7.04915 7.04299 7.03631 7.02915 7.02156 7.01356 7.0052 6.99652 6.98756 6.97836 6.96898 6.95945 6.94983 6.94014 6.93043 6.92076 6.91115 6.90164 6.89228 6.8831 6.87414 6.86542 6.85697 6.84883 6.84102 6.83356 6.82648 6.81978 6.8135 6.80765 6.80223 6.79727 6.79277 6.78874 6.78519 6.78212 6.77954 6.77746 6.77587 6.77479 6.7742 
6.76979 6.77023 6.7712 6.77269 6.77471 6.77725 6.78032 6.78389 6.78798 6.79256 6.79764 6.8032 6.80923 6.81572 6.82265 6.83001 6.83777 6.84591 6.85441 6.86324 6.87238 6.88179 6.89145 6.9013 6.91133 6.92149 6.93173 6.94202 6.95232 6.96257 6.97274 6.98278 6.99264 7.00227 7.01164 7.02069 7.02938 7.03768 7.04553 7.0529 7.05975 7.06605 7.07177 7.07687 7.08133 7.08512 7.08824 7.09065 7.09235 7.09334 7.0936 7.09313 7.09194 7.09003 7.08742 7.08411 7.08014 7.07551 7.07025 7.06439 7.05797 7.05101 7.04355 7.03562 7.02728 7.01856 7.0095 7.00016 6.99057 6.98077 6.97083 6.96077 6.95066 6.94052 6.93041 6.92037 6.91044 6.90066 6.89106 6.88168 6.87256 6.86373 6.85521 6.84703 6.83923 6.83181 6.8248 6.81822 6.81209 6.80641 6.80121 6.79649 6.79227 6.78854 6.78532 6.78262 6.78043 6.77877 6.77762 6.77701 
6.7726 6.77305 6.77406 6.77562 6.77773 6.78039 6.78359 6.78732 6.79159 6.79638 6.80169 6.8075 6.8138 6.82057 6.82781 6.83549 6.84359 6.85209 6.86096 6.87018 6.87972 6.88953 6.8996 6.90988 6.92033 6.93092 6.9416 6.95232 6.96304 6.97372 6.98431 6.99476 7.00502 7.01505 7.0248 7.03422 7.04326 7.05189 7.06005 7.06771 7.07484 7.08139 7.08733 7.09263 7.09726 7.10121 7.10444 7.10695 7.10871 7.10973 7.11 7.10951 7.10827 7.10628 7.10357 7.10013 7.09599 7.09117 7.08571 7.07961 7.07293 7.06568 7.05792 7.04967 7.04099 7.03191 7.02248 7.01275 7.00276 6.99256 6.9822 6.97172 6.96118 6.95062 6.94008 6.9296 6.91925 6.90904 6.89903 6.88924 6.87972 6.8705 6.8616 6.85306 6.8449 6.83715 6.82983 6.82295 6.81654 6.81061 6.80517 6.80023 6.79581 6.79191 6.78854 6.78571 6.78342 6.78167 6.78048 6.77983 
6.77541 6.77588 6.77693 6.77856 6.78076 6.78353 6.78686 6.79076 6.79521 6.8002 6.80573 6.81179 6.81836 6.82542 6.83297 6.84097 6.84941 6.85826 6.86751 6.87711 6.88703 6.89725 6.90773 6.91843 6.92931 6.94032 6.95142 6.96257 6.97372 6.98483 6.99583 7.00669 7.01735 7.02777 7.03789 7.04767 7.05706 7.06602 7.07449 7.08244 7.08984 7.09663 7.10279 7.10829 7.1131 7.11719 7.12054 7.12314 7.12497 7.12602 7.1263 7.12579 7.1245 7.12244 7.11961 7.11604 7.11175 7.10675 7.10107 7.09474 7.0878 7.08027 7.07221 7.06365 7.05463 7.04519 7.0354 7.02528 7.0149 7.00429 6.99352 6.98262 6.97166 6.96067 6.9497 6.9388 6.92802 6.91739 6.90697 6.89678 6.88686 6.87725 6.86798 6.85908 6.85057 6.84249 6.83485 6.82768 6.82099 6.8148 6.80912 6.80397 6.79935 6.79528 6.79176 6.7888 6.78641 6.78458 6.78333 6.78265 
6.77821 6.7787 6.7798 6.78149 6.78377 6.78665 6.79012 6.79418 6.79881 6.80401 6.80976 6.81606 6.8229 6.83024 6.83809 6.84641 6.85519 6.8644 6.874 6.88398 6.8943 6.90492 6.9158 6.92691 6.93821 6.94964 6.96117 6.97274 6.98431 6.99583 7.00725 7.01851 7.02956 7.04036 7.05086 7.06099 7.07073 7.08 7.08878 7.09702 7.10468 7.11172 7.1181 7.12379 7.12876 7.133 7.13647 7.13916 7.14105 7.14214 7.14242 7.14189 7.14055 7.13842 7.13549 7.13179 7.12734 7.12216 7.11627 7.10971 7.10252 7.09472 7.08636 7.07748 7.06813 7.05835 7.04819 7.03769 7.02692 7.01592 7.00474 6.99343 6.98204 6.97063 6.95925 6.94793 6.93673 6.92568 6.91485 6.90425 6.89394 6.88395 6.87431 6.86505 6.85621 6.8478 6.83985 6.83238 6.82542 6.81897 6.81305 6.80769 6.80288 6.79863 6.79497 6.79188 6.78939 6.78748 6.78617 6.78546 
6.78099 6.7815 6.78263 6.78439 6.78676 6.78976 6.79336 6.79757 6.80238 6.80778 6.81375 6.8203 6.82739 6.83502 6.84316 6.8518 6.86091 6.87046 6.88043 6.89078 6.90148 6.91249 6.92378 6.93529 6.947 6.95885 6.97079 6.98278 6.99476 7.00669 7.01851 7.03017 7.04161 7.05279 7.06364 7.07413 7.08419 7.09379 7.10287 7.11139 7.1193 7.12658 7.13317 7.13905 7.1442 7.14857 7.15215 7.15493 7.15689 7.15801 7.1583 7.15775 7.15636 7.15415 7.15113 7.1473 7.14269 7.13733 7.13125 7.12446 7.11702 7.10895 7.1003 7.09112 7.08144 7.07131 7.0608 7.04993 7.03878 7.02739 7.01581 7.00409 6.9923 6.98047 6.96867 6.95694 6.94532 6.93387 6.92263 6.91165 6.90095 6.89058 6.88057 6.87096 6.86178 6.85304 6.84479 6.83703 6.8298 6.8231 6.81695 6.81137 6.80637 6.80196 6.79815 6.79494 6.79234 6.79036 6.789 6.78826 
6.78374 6.78426 6.78544 6.78725 6.78971 6.79282 6.79655 6.80091 6.8059 6.81149 6.81769 6.82447 6.83182 6.83972 6.84816 6.85711 6.86654 6.87644 6.88676 6.89747 6.90855 6.91994 6.93162 6.94353 6.95564 6.96789 6.98024 6.99264 7.00502 7.01735 7.02956 7.04161 7.05343 7.06497 7.07619 7.08701 7.0974 7.10731 7.11668 7.12547 7.13364 7.14115 7.14795 7.15402 7.15932 7.16383 7.16753 7.17039 7.17241 7.17357 7.17386 7.17329 7.17186 7.16958 7.16645 7.1625 7.15775 7.15221 7.14593 7.13893 7.13124 7.12291 7.11398 7.10449 7.09449 7.08404 7.07317 7.06195 7.05042 7.03864 7.02667 7.01456 7.00236 6.99013 6.97793 6.96579 6.95377 6.94192 6.93029 6.91891 6.90784 6.8971 6.88673 6.87678 6.86726 6.85821 6.84965 6.84161 6.83411 6.82717 6.82079 6.815 6.80982 6.80524 6.80128 6.79795 6.79526 6.7932 6.79178 6.79101 
6.78644 6.78698 6.78819 6.79007 6.79261 6.79582 6.79968 6.8042 6.80935 6.81514 6.82155 6.82856 6.83616 6.84434 6.85306 6.86231 6.87206 6.88228 6.89295 6.90402 6.91546 6.92723 6.93929 6.95159 6.96409 6.97674 6.98948 7.00227 7.01505 7.02777 7.04036 7.05279 7.06497 7.07687 7.08843 7.09959 7.1103 7.12051 7.13016 7.13922 7.14763 7.15536 7.16237 7.16861 7.17407 7.17872 7.18252 7.18547 7.18754 7.18873 7.18904 7.18845 7.18697 7.18462 7.1814 7.17733 7.17243 7.16673 7.16025 7.15304 7.14511 7.13653 7.12732 7.11754 7.10724 7.09646 7.08525 7.07367 7.06179 7.04964 7.03729 7.02479 7.0122 6.99958 6.98697 6.97444 6.96203 6.94979 6.93778 6.92602 6.91458 6.90348 6.89277 6.88247 6.87263 6.86327 6.85442 6.8461 6.83834 6.83115 6.82456 6.81857 6.8132 6.80846 6.80436 6.80091 6.79812 6.79598 6.79452 6.79372 
6.78907 6.78963 6.79088 6.79282 6.79544 6.79875 6.80274 6.8074 6.81273 6.8187 6.82531 6.83255 6.8404 6.84883 6.85783 6.86738 6.87743 6.88798 6.89898 6.91039 6.92219 6.93432 6.94675 6.95943 6.97231 6.98534 6.99847 7.01164 7.0248 7.03789 7.05086 7.06364 7.07619 7.08843 7.10032 7.1118 7.12282 7.13331 7.14324 7.15255 7.1612 7.16915 7.17635 7.18278 7.18839 7.19316 7.19707 7.2001 7.20223 7.20345 7.20376 7.20315 7.20163 7.19921 7.1959 7.19171 7.18667 7.18081 7.17415 7.16673 7.15858 7.14975 7.14028 7.13022 7.11961 7.10851 7.09698 7.08507 7.07283 7.06032 7.0476 7.03473 7.02176 7.00876 6.99577 6.98286 6.97007 6.95745 6.94506 6.93294 6.92114 6.90969 6.89864 6.88802 6.87786 6.8682 6.85907 6.85048 6.84247 6.83504 6.82823 6.82204 6.8165 6.8116 6.80736 6.8038 6.80091 6.79871 6.79719 6.79636 
6.79163 6.7922 6.79349 6.79549 6.79819 6.8016 6.80571 6.81051 6.816 6.82215 6.82897 6.83642 6.8445 6.85319 6.86246 6.87228 6.88264 6.8935 6.90482 6.91656 6.9287 6.94118 6.95397 6.96701 6.98026 6.99365 7.00715 7.02069 7.03422 7.04767 7.06099 7.07413 7.08701 7.09959 7.1118 7.12359 7.1349 7.14567 7.15587 7.16542 7.1743 7.18246 7.18985 7.19644 7.20219 7.20709 7.2111 7.2142 7.21639 7.21764 7.21795 7.21733 7.21577 7.21328 7.20988 7.20559 7.20042 7.1944 7.18756 7.17994 7.17157 7.16251 7.15278 7.14245 7.13155 7.12016 7.10831 7.09607 7.08349 7.07064 7.05756 7.04433 7.031 7.01763 7.00428 6.99099 6.97784 6.96486 6.95211 6.93964 6.92749 6.9157 6.90432 6.89339 6.88293 6.87298 6.86357 6.85472 6.84646 6.83881 6.83179 6.82541 6.81969 6.81465 6.81028 6.8066 6.80363 6.80135 6.79978 6.79893 
6.7941 6.79469 6.79601 6.79806 6.80085 6.80435 6.80858 6.81352 6.81915 6.82548 6.83249 6.84015 6.84846 6.85739 6.86691 6.87701 6.88765 6.8988 6.91043 6.9225 6.93496 6.94778 6.96091 6.9743 6.98789 7.00164 7.01549 7.02938 7.04326 7.05706 7.07073 7.08419 7.0974 7.1103 7.12282 7.1349 7.14649 7.15753 7.16797 7.17777 7.18686 7.19521 7.20278 7.20953 7.21543 7.22044 7.22455 7.22773 7.22996 7.23124 7.23156 7.23092 7.22932 7.22678 7.22329 7.21889 7.21359 7.20742 7.20041 7.19261 7.18403 7.17474 7.16477 7.15418 7.14301 7.13133 7.11918 7.10662 7.09372 7.08054 7.06713 7.05356 7.03988 7.02615 7.01245 6.99881 6.9853 6.97197 6.95888 6.94607 6.93359 6.92148 6.90979 6.89855 6.8878 6.87758 6.8679 6.8588 6.85031 6.84245 6.83522 6.82866 6.82278 6.81759 6.81309 6.80931 6.80624 6.8039 6.80229 6.8014 
6.79647 6.79707 6.79843 6.80053 6.80339 6.80699 6.81132 6.81639 6.82217 6.82867 6.83585 6.84372 6.85224 6.8614 6.87117 6.88153 6.89244 6.90388 6.9158 6.92817 6.94095 6.95408 6.96754 6.98125 6.99518 7.00927 7.02345 7.03768 7.05189 7.06602 7.08 7.09379 7.10731 7.12051 7.13331 7.14567 7.15753 7.16883 7.17951 7.18952 7.19882 7.20736 7.2151 7.222 7.22803 7.23316 7.23735 7.2406 7.24289 7.24419 7.24452 7.24387 7.24223 7.23962 7.23606 7.23156 7.22614 7.21983 7.21266 7.20467 7.1959 7.18639 7.1762 7.16536 7.15393 7.14197 7.12954 7.11669 7.10348 7.08998 7.07625 7.06235 7.04834 7.03428 7.02024 7.00627 6.99243 6.97877 6.96535 6.95222 6.93942 6.927 6.91501 6.90349 6.89246 6.88197 6.87204 6.86271 6.85399 6.84592 6.83851 6.83177 6.82573 6.8204 6.81579 6.8119 6.80875 6.80634 6.80469 6.80378 
6.79873 6.79934 6.80072 6.80288 6.8058 6.80949 6.81393 6.81912 6.82505 6.8317 6.83906 6.84711 6.85583 6.86521 6.87521 6.88582 6.89698 6.90869 6.92089 6.93354 6.94662 6.96006 6.97381 6.98784 7.00208 7.01649 7.03099 7.04553 7.06005 7.07449 7.08878 7.10287 7.11668 7.13016 7.14324 7.15587 7.16797 7.17951 7.19041 7.20064 7.21013 7.21885 7.22675 7.23379 7.23994 7.24517 7.24946 7.25277 7.2551 7.25643 7.25677 7.2561 7.25443 7.25176 7.24813 7.24353 7.23799 7.23155 7.22423 7.21608 7.20712 7.19741 7.187 7.17593 7.16425 7.15204 7.13933 7.12621 7.11271 7.09892 7.08488 7.07067 7.05635 7.04198 7.02762 7.01333 6.99917 6.9852 6.97147 6.95804 6.94494 6.93224 6.91997 6.90817 6.89688 6.88614 6.87597 6.86642 6.85749 6.84922 6.84163 6.83473 6.82854 6.82307 6.81835 6.81436 6.81114 6.80867 6.80697 6.80604 
6.80085 6.80148 6.80289 6.8051 6.80808 6.81185 6.81639 6.8217 6.82775 6.83455 6.84207 6.8503 6.85922 6.8688 6.87902 6.88985 6.90126 6.91321 6.92567 6.9386 6.95194 6.96567 6.97971 6.99403 7.00857 7.02326 7.03806 7.0529 7.06771 7.08244 7.09702 7.11139 7.12547 7.13922 7.15255 7.16542 7.17777 7.18952 7.20064 7.21106 7.22073 7.22962 7.23767 7.24484 7.25111 7.25644 7.2608 7.26417 7.26655 7.26791 7.26824 7.26756 7.26586 7.26314 7.25943 7.25475 7.24911 7.24254 7.23508 7.22677 7.21764 7.20774 7.19713 7.18584 7.17394 7.16148 7.14853 7.13513 7.12137 7.1073 7.09298 7.07848 7.06387 7.0492 7.03455 7.01996 7.00551 6.99125 6.97723 6.96351 6.95014 6.93716 6.92462 6.91257 6.90104 6.89006 6.87967 6.8699 6.86078 6.85233 6.84456 6.83751 6.83118 6.8256 6.82076 6.81669 6.81339 6.81086 6.80912 6.80817 
6.80284 6.80347 6.80492 6.80717 6.81021 6.81406 6.81869 6.8241 6.83028 6.83721 6.84488 6.85328 6.86237 6.87214 6.88256 6.89361 6.90524 6.91743 6.93013 6.9433 6.95691 6.97089 6.9852 6.99979 7.0146 7.02957 7.04464 7.05975 7.07484 7.08984 7.10468 7.1193 7.13364 7.14763 7.1612 7.1743 7.18686 7.19882 7.21013 7.22073 7.23058 7.23961 7.2478 7.2551 7.26147 7.26689 7.27133 7.27476 7.27717 7.27855 7.27889 7.2782 7.27646 7.2737 7.26993 7.26516 7.25942 7.25274 7.24516 7.2367 7.22741 7.21734 7.20653 7.19504 7.18293 7.17025 7.15706 7.14343 7.12942 7.11509 7.10051 7.08575 7.07086 7.05592 7.04099 7.02613 7.01141 6.99687 6.98259 6.9686 6.95497 6.94174 6.92896 6.91667 6.90491 6.89371 6.88312 6.87316 6.86385 6.85522 6.8473 6.84011 6.83365 6.82795 6.82301 6.81886 6.81549 6.81291 6.81113 6.81016 
6.80467 6.80532 6.80679 6.80908 6.81218 6.8161 6.82081 6.82632 6.83261 6.83967 6.84748 6.85602 6.86528 6.87522 6.88583 6.89707 6.90891 6.92131 6.93423 6.94763 6.96147 6.97569 6.99025 7.00509 7.02015 7.03537 7.05069 7.06605 7.08139 7.09663 7.11172 7.12658 7.14115 7.15536 7.16915 7.18246 7.19521 7.20736 7.21885 7.22962 7.23961 7.24879 7.2571 7.26451 7.27098 7.27648 7.28099 7.28447 7.28692 7.28832 7.28867 7.28796 7.2862 7.2834 7.27957 7.27472 7.26889 7.26211 7.2544 7.24581 7.23638 7.22614 7.21517 7.2035 7.19119 7.17831 7.16491 7.15105 7.13681 7.12225 7.10743 7.09242 7.07729 7.0621 7.04692 7.03181 7.01683 7.00205 6.98751 6.97329 6.95942 6.94596 6.93295 6.92044 6.90847 6.89708 6.8863 6.87615 6.86668 6.8579 6.84983 6.8425 6.83593 6.83012 6.82509 6.82086 6.81743 6.8148 6.81299 6.812 
6.80634 6.807 6.8085 6.81082 6.81398 6.81795 6.82274 6.82834 6.83473 6.8419 6.84984 6.85852 6.86792 6.87803 6.8888 6.90022 6.91224 6.92483 6.93796 6.95157 6.96562 6.98006 6.99484 7.0099 7.02518 7.04063 7.05618 7.07177 7.08733 7.10279 7.1181 7.13317 7.14795 7.16237 7.17635 7.18985 7.20278 7.2151 7.22675 7.23767 7.2478 7.2571 7.26553 7.27304 7.2796 7.28518 7.28974 7.29327 7.29576 7.29718 7.29753 7.29681 7.29502 7.29218 7.28829 7.28338 7.27747 7.27059 7.26278 7.25407 7.2445 7.23412 7.22299 7.21116 7.19868 7.18561 7.17201 7.15796 7.14351 7.12874 7.1137 7.09847 7.08311 7.0677 7.05229 7.03695 7.02175 7.00674 6.99199 6.97754 6.96346 6.94979 6.93658 6.92387 6.91172 6.90014 6.88918 6.87888 6.86925 6.86033 6.85213 6.84468 6.838 6.8321 6.82699 6.82269 6.8192 6.81653 6.81469 6.81368 
6.80785 6.80851 6.81003 6.81239 6.81559 6.81962 6.82448 6.83015 6.83664 6.84391 6.85196 6.86076 6.87029 6.88054 6.89146 6.90304 6.91522 6.92799 6.94129 6.95508 6.96932 6.98396 6.99893 7.01419 7.02967 7.04533 7.06108 7.07687 7.09263 7.10829 7.12379 7.13905 7.15402 7.16861 7.18278 7.19644 7.20953 7.222 7.23379 7.24484 7.2551 7.26451 7.27304 7.28064 7.28728 7.29292 7.29754 7.30112 7.30363 7.30506 7.30542 7.30469 7.30288 7.3 7.29607 7.2911 7.28512 7.27816 7.27025 7.26143 7.25174 7.24124 7.22997 7.21799 7.20535 7.19212 7.17835 7.16412 7.14949 7.13453 7.1193 7.10387 7.08831 7.0727 7.05709 7.04155 7.02614 7.01093 6.99598 6.98134 6.96707 6.95321 6.93982 6.92694 6.91461 6.90288 6.89177 6.88132 6.87155 6.86251 6.85419 6.84664 6.83986 6.83387 6.82869 6.82432 6.82078 6.81808 6.81621 6.81518 
6.80917 6.80985 6.81138 6.81377 6.817 6.82108 6.826 6.83175 6.83831 6.84567 6.85382 6.86272 6.87237 6.88274 6.89379 6.9055 6.91784 6.93075 6.94421 6.95816 6.97257 6.98737 7.00251 7.01795 7.03361 7.04943 7.06536 7.08133 7.09726 7.1131 7.12876 7.1442 7.15932 7.17407 7.18839 7.20219 7.21543 7.22803 7.23994 7.25111 7.26147 7.27098 7.2796 7.28728 7.29399 7.29969 7.30435 7.30796 7.3105 7.31195 7.31231 7.31157 7.30975 7.30684 7.30286 7.29784 7.2918 7.28476 7.27677 7.26785 7.25807 7.24745 7.23606 7.22395 7.21118 7.1978 7.18389 7.16951 7.15472 7.13959 7.12419 7.10859 7.09286 7.07707 7.06128 7.04557 7.02999 7.0146 6.99948 6.98467 6.97023 6.95621 6.94266 6.92963 6.91715 6.90528 6.89403 6.88346 6.87358 6.86442 6.856 6.84836 6.84149 6.83543 6.83019 6.82577 6.82218 6.81944 6.81755 6.81651 
6.81031 6.81099 6.81254 6.81495 6.81822 6.82234 6.82731 6.83312 6.83974 6.84718 6.85541 6.8644 6.87415 6.88462 6.89579 6.90761 6.92007 6.93311 6.9467 6.96079 6.97533 6.99028 7.00557 7.02115 7.03696 7.05293 7.06901 7.08512 7.10121 7.11719 7.133 7.14857 7.16383 7.17872 7.19316 7.20709 7.22044 7.23316 7.24517 7.25644 7.26689 7.27648 7.28518 7.29292 7.29969 7.30544 7.31014 7.31378 7.31634 7.3178 7.31816 7.31742 7.31558 7.31264 7.30863 7.30357 7.29747 7.29037 7.28231 7.27332 7.26344 7.25274 7.24124 7.22902 7.21614 7.20264 7.1886 7.17409 7.15916 7.14389 7.12835 7.11261 7.09673 7.08079 7.06485 7.04899 7.03326 7.01773 7.00245 6.9875 6.97292 6.95876 6.94508 6.93192 6.91932 6.90733 6.89597 6.88529 6.8753 6.86605 6.85755 6.84983 6.84289 6.83677 6.83147 6.827 6.82338 6.82061 6.8187 6.81765 
6.81125 6.81193 6.8135 6.81593 6.81922 6.82338 6.82839 6.83425 6.84093 6.84843 6.85672 6.86579 6.87562 6.88617 6.89743 6.90935 6.9219 6.93505 6.94875 6.96295 6.97761 6.99267 7.00808 7.02378 7.03971 7.0558 7.072 7.08824 7.10444 7.12054 7.13647 7.15215 7.16753 7.18252 7.19707 7.2111 7.22455 7.23735 7.24946 7.2608 7.27133 7.28099 7.28974 7.29754 7.30435 7.31014 7.31488 7.31855 7.32112 7.32259 7.32296 7.32221 7.32035 7.3174 7.31336 7.30826 7.30212 7.29497 7.28685 7.27779 7.26785 7.25706 7.24549 7.23318 7.2202 7.2066 7.19246 7.17784 7.1628 7.14742 7.13176 7.1159 7.0999 7.08384 7.06778 7.05179 7.03594 7.02029 7.0049 6.98983 6.97513 6.96086 6.94707 6.93381 6.92111 6.90901 6.89757 6.88679 6.87673 6.8674 6.85883 6.85104 6.84405 6.83787 6.83253 6.82802 6.82437 6.82158 6.81965 6.81859 
6.81199 6.81268 6.81425 6.8167 6.82002 6.8242 6.82924 6.83513 6.84186 6.8494 6.85775 6.86688 6.87677 6.88739 6.89871 6.91071 6.92334 6.93656 6.95034 6.96463 6.97937 6.99452 7.01002 7.02582 7.04184 7.05803 7.07432 7.09065 7.10695 7.12314 7.13916 7.15493 7.17039 7.18547 7.2001 7.2142 7.22773 7.2406 7.25277 7.26417 7.27476 7.28447 7.29327 7.30112 7.30796 7.31378 7.31855 7.32223 7.32482 7.3263 7.32666 7.32591 7.32404 7.32107 7.31701 7.31188 7.30571 7.29852 7.29036 7.28125 7.27125 7.26041 7.24877 7.23639 7.22334 7.20967 7.19545 7.18074 7.16562 7.15015 7.1344 7.11845 7.10236 7.08621 7.07005 7.05397 7.03803 7.02228 7.0068 6.99164 6.97685 6.9625 6.94862 6.93527 6.9225 6.91033 6.89881 6.88797 6.87784 6.86846 6.85983 6.85199 6.84496 6.83874 6.83336 6.82883 6.82515 6.82234 6.8204 6.81934 
6.81253 6.81322 6.8148 6.81726 6.82059 6.82479 6.82986 6.83577 6.84253 6.8501 6.85849 6.86766 6.87759 6.88825 6.89963 6.91167 6.92436 6.93764 6.95147 6.96582 6.98063 6.99584 7.0114 7.02726 7.04335 7.0596 7.07596 7.09235 7.10871 7.12497 7.14105 7.15689 7.17241 7.18754 7.20223 7.21639 7.22996 7.24289 7.2551 7.26655 7.27717 7.28692 7.29576 7.30363 7.3105 7.31634 7.32112 7.32482 7.32742 7.3289 7.32927 7.32851 7.32664 7.32366 7.31958 7.31443 7.30823 7.30102 7.29282 7.28368 7.27364 7.26276 7.25107 7.23865 7.22555 7.21182 7.19755 7.18278 7.1676 7.15207 7.13626 7.12025 7.10409 7.08787 7.07166 7.05551 7.0395 7.02369 7.00814 6.99292 6.97807 6.96366 6.94972 6.93632 6.92349 6.91127 6.8997 6.88881 6.87864 6.86921 6.86055 6.85268 6.84561 6.83937 6.83396 6.82941 6.82572 6.82289 6.82095 6.81988 
6.81286 6.81356 6.81514 6.8176 6.82094 6.82516 6.83023 6.83616 6.84293 6.85053 6.85893 6.86812 6.87808 6.88877 6.90017 6.91224 6.92496 6.93827 6.95214 6.96652 6.98136 6.99661 7.0122 7.0281 7.04422 7.06051 7.07691 7.09334 7.10973 7.12602 7.14214 7.15801 7.17357 7.18873 7.20345 7.21764 7.23124 7.24419 7.25643 7.26791 7.27855 7.28832 7.29718 7.30506 7.31195 7.3178 7.32259 7.3263 7.3289 7.33039 7.33076 7.33 7.32812 7.32513 7.32105 7.31589 7.30968 7.30245 7.29423 7.28507 7.27501 7.2641 7.25239 7.23994 7.22681 7.21306 7.19875 7.18395 7.16874 7.15317 7.13733 7.12128 7.10509 7.08883 7.07258 7.0564 7.04035 7.02451 7.00892 6.99366 6.97878 6.96433 6.95037 6.93693 6.92407 6.91182 6.90022 6.88931 6.87912 6.86967 6.86098 6.85309 6.84601 6.83975 6.83433 6.82977 6.82607 6.82323 6.82128 6.82021 
