6.4549 6.45509 6.45539 6.45582 6.45636 6.45702 6.4578 6.45869 6.45971 6.46084 6.46209 6.46346 6.46493 6.46653 6.46823 6.47005 6.47196 6.47399 6.47611 6.47832 6.48062 6.48301 6.48547 6.488 6.49058 6.49322 6.4959 6.4986 6.50133 6.50406 6.50679 6.5095 6.51217 6.5148 6.51738 6.51988 6.5223 6.52462 6.52683 6.52892 6.53087 6.53267 6.53432 6.53579 6.5371 6.53822 6.53914 6.53988 6.54041 6.54073 6.54086 6.54077 6.54049 6.54 6.5393 6.53842 6.53735 6.53609 6.53466 6.53307 6.53133 6.52944 6.52742 6.52528 6.52303 6.52069 6.51827 6.51579 6.51325 6.51067 6.50807 6.50545 6.50284 6.50024 6.49766 6.49512 6.49262 6.49018 6.48781 6.48551 6.48329 6.48116 6.47913 6.47719 6.47536 6.47364 6.47203 6.47053 6.46915 6.46789 6.46675 6.46573 6.46483 6.46405 6.46339 6.46286 6.46244 6.46215 6.46197 6.46192 
6.45509 6.45527 6.45558 6.456 6.45655 6.45721 6.45799 6.4589 6.45992 6.46105 6.46231 6.46368 6.46517 6.46677 6.46849 6.47031 6.47224 6.47428 6.47641 6.47864 6.48095 6.48335 6.48583 6.48837 6.49097 6.49363 6.49632 6.49904 6.50179 6.50454 6.50728 6.51 6.5127 6.51535 6.51794 6.52046 6.52289 6.52523 6.52745 6.52955 6.53151 6.53332 6.53498 6.53647 6.53778 6.53891 6.53984 6.54058 6.54111 6.54144 6.54156 6.54148 6.54119 6.54069 6.54 6.53911 6.53803 6.53677 6.53533 6.53372 6.53197 6.53007 6.52803 6.52588 6.52362 6.52126 6.51883 6.51633 6.51377 6.51118 6.50856 6.50593 6.50329 6.50068 6.49808 6.49552 6.49301 6.49056 6.48817 6.48585 6.48362 6.48148 6.47943 6.47748 6.47564 6.4739 6.47228 6.47078 6.46939 6.46812 6.46697 6.46594 6.46504 6.46425 6.46359 6.46305 6.46263 6.46234 6.46216 6.46211 
6.45539 6.45558 6.45589 6.45632 6.45687 6.45754 6.45833 6.45925 6.46028 6.46144 6.46271 6.46411 6.46562 6.46724 6.46898 6.47084 6.4728 6.47486 6.47703 6.47929 6.48164 6.48408 6.48659 6.48918 6.49182 6.49451 6.49725 6.50002 6.5028 6.50559 6.50838 6.51115 6.51388 6.51657 6.5192 6.52176 6.52423 6.5266 6.52886 6.53099 6.53298 6.53482 6.5365 6.53801 6.53934 6.54048 6.54143 6.54218 6.54272 6.54305 6.54318 6.54309 6.54279 6.54229 6.54159 6.54068 6.53958 6.5383 6.53684 6.53521 6.53343 6.53149 6.52943 6.52724 6.52494 6.52255 6.52008 6.51754 6.51494 6.51231 6.50965 6.50697 6.5043 6.50164 6.499 6.4964 6.49385 6.49135 6.48893 6.48657 6.4843 6.48213 6.48004 6.47806 6.47619 6.47443 6.47278 6.47125 6.46983 6.46854 6.46737 6.46633 6.4654 6.46461 6.46393 6.46338 6.46295 6.46265 6.46247 6.46241 
6.45582 6.456 6.45632 6.45676 6.45732 6.45801 6.45882 6.45975 6.46081 6.46199 6.4633 6.46473 6.46627 6.46794 6.46972 6.47162 6.47363 6.47574 6.47796 6.48028 6.48269 6.48519 6.48777 6.49041 6.49312 6.49588 6.49869 6.50152 6.50437 6.50723 6.51008 6.51292 6.51572 6.51847 6.52117 6.52378 6.52631 6.52874 6.53105 6.53323 6.53527 6.53715 6.53887 6.54042 6.54178 6.54295 6.54391 6.54468 6.54523 6.54557 6.5457 6.54561 6.5453 6.54479 6.54406 6.54313 6.54201 6.54069 6.5392 6.53753 6.5357 6.53372 6.5316 6.52936 6.52701 6.52456 6.52202 6.51942 6.51676 6.51406 6.51133 6.50859 6.50585 6.50312 6.50042 6.49775 6.49514 6.49258 6.49009 6.48767 6.48534 6.48311 6.48097 6.47894 6.47701 6.4752 6.47351 6.47194 6.47048 6.46916 6.46795 6.46688 6.46593 6.46511 6.46441 6.46384 6.4634 6.46309 6.4629 6.46284 
6.45636 6.45655 6.45687 6.45732 6.4579 6.4586 6.45944 6.4604 6.4615 6.46272 6.46407 6.46554 6.46714 6.46886 6.4707 6.47266 6.47474 6.47693 6.47922 6.48161 6.48411 6.48669 6.48935 6.49208 6.49488 6.49773 6.50063 6.50355 6.5065 6.50945 6.5124 6.51532 6.51821 6.52105 6.52383 6.52653 6.52914 6.53165 6.53403 6.53628 6.53838 6.54032 6.54209 6.54369 6.54509 6.54629 6.54729 6.54807 6.54864 6.54899 6.54912 6.54902 6.54871 6.54817 6.54742 6.54646 6.5453 6.54394 6.5424 6.54067 6.53878 6.53674 6.53455 6.53224 6.52981 6.52728 6.52466 6.52197 6.51922 6.51643 6.51361 6.51078 6.50795 6.50513 6.50233 6.49958 6.49687 6.49422 6.49165 6.48915 6.48674 6.48442 6.48221 6.4801 6.47811 6.47624 6.47448 6.47285 6.47134 6.46997 6.46872 6.4676 6.46661 6.46576 6.46503 6.46444 6.46398 6.46365 6.46345 6.46338 
6.45702 6.45721 6.45754 6.45801 6.4586 6.45934 6.46021 6.46121 6.46234 6.46361 6.46501 6.46655 6.46821 6.47 6.47192 6.47396 6.47612 6.4784 6.48079 6.48328 6.48588 6.48856 6.49133 6.49418 6.49709 6.50006 6.50307 6.50611 6.50918 6.51225 6.51531 6.51835 6.52136 6.52431 6.5272 6.53 6.53271 6.53531 6.53779 6.54012 6.5423 6.54432 6.54616 6.54781 6.54926 6.55051 6.55154 6.55236 6.55294 6.5533 6.55343 6.55333 6.553 6.55245 6.55166 6.55067 6.54946 6.54804 6.54643 6.54464 6.54268 6.54055 6.53828 6.53587 6.53334 6.53071 6.52798 6.52518 6.52232 6.51942 6.51649 6.51354 6.51059 6.50765 6.50474 6.50187 6.49905 6.49629 6.4936 6.491 6.48849 6.48607 6.48376 6.48156 6.47948 6.47752 6.47569 6.47398 6.47241 6.47097 6.46966 6.46849 6.46746 6.46656 6.4658 6.46517 6.46469 6.46434 6.46412 6.46405 
6.4578 6.45799 6.45833 6.45882 6.45944 6.46021 6.46111 6.46216 6.46335 6.46468 6.46614 6.46775 6.46949 6.47137 6.47338 6.47552 6.47779 6.48017 6.48268 6.48529 6.48801 6.49082 6.49372 6.4967 6.49975 6.50286 6.50601 6.5092 6.51241 6.51562 6.51882 6.522 6.52515 6.52823 6.53125 6.53419 6.53702 6.53973 6.54232 6.54476 6.54703 6.54914 6.55106 6.55278 6.5543 6.5556 6.55667 6.55752 6.55813 6.55851 6.55864 6.55853 6.55818 6.5576 6.55678 6.55573 6.55447 6.55299 6.5513 6.54943 6.54737 6.54514 6.54276 6.54024 6.5376 6.53484 6.53199 6.52906 6.52606 6.52302 6.51995 6.51686 6.51377 6.51069 6.50764 6.50463 6.50167 6.49877 6.49596 6.49322 6.49058 6.48805 6.48562 6.48331 6.48112 6.47906 6.47713 6.47534 6.47368 6.47216 6.47078 6.46955 6.46845 6.46751 6.4667 6.46604 6.46552 6.46515 6.46492 6.46483 
6.45869 6.4589 6.45925 6.45975 6.4604 6.46121 6.46216 6.46326 6.46451 6.46591 6.46746 6.46915 6.47098 6.47296 6.47508 6.47734 6.47972 6.48224 6.48488 6.48763 6.49049 6.49346 6.49651 6.49965 6.50286 6.50613 6.50945 6.51281 6.51618 6.51956 6.52293 6.52627 6.52958 6.53282 6.536 6.53908 6.54205 6.5449 6.54762 6.55018 6.55257 6.55478 6.55679 6.5586 6.56018 6.56155 6.56267 6.56356 6.5642 6.56459 6.56472 6.56461 6.56424 6.56362 6.56276 6.56166 6.56032 6.55876 6.55699 6.55502 6.55286 6.55051 6.54801 6.54536 6.54257 6.53967 6.53667 6.53359 6.53043 6.52723 6.524 6.52074 6.51748 6.51424 6.51102 6.50785 6.50473 6.50168 6.4987 6.49582 6.49303 6.49035 6.48779 6.48535 6.48303 6.48085 6.47881 6.47691 6.47515 6.47354 6.47208 6.47077 6.46961 6.4686 6.46774 6.46704 6.46648 6.46608 6.46583 6.46573 
6.45971 6.45992 6.46028 6.46081 6.4615 6.46234 6.46335 6.46451 6.46583 6.46731 6.46895 6.47074 6.47268 6.47478 6.47702 6.47941 6.48193 6.4846 6.48739 6.4903 6.49333 6.49647 6.4997 6.50302 6.50642 6.50988 6.51339 6.51693 6.52049 6.52406 6.52762 6.53116 6.53464 6.53807 6.54142 6.54467 6.54781 6.55081 6.55367 6.55637 6.55889 6.56122 6.56334 6.56524 6.56691 6.56834 6.56953 6.57046 6.57113 6.57154 6.57168 6.57155 6.57116 6.5705 6.56959 6.56842 6.56701 6.56537 6.5635 6.56141 6.55912 6.55665 6.55401 6.5512 6.54826 6.5452 6.54202 6.53876 6.53543 6.53204 6.52862 6.52518 6.52173 6.5183 6.51489 6.51153 6.50823 6.50499 6.50184 6.49878 6.49583 6.49298 6.49026 6.48767 6.48521 6.4829 6.48072 6.4787 6.47683 6.47512 6.47356 6.47216 6.47092 6.46984 6.46893 6.46817 6.46757 6.46714 6.46687 6.46675 
6.46084 6.46105 6.46144 6.46199 6.46272 6.46361 6.46468 6.46591 6.46731 6.46888 6.47062 6.47252 6.47459 6.47681 6.47919 6.48173 6.48441 6.48724 6.49021 6.49331 6.49652 6.49985 6.50329 6.50681 6.51041 6.51408 6.5178 6.52156 6.52534 6.52913 6.5329 6.53664 6.54033 6.54396 6.54751 6.55095 6.55427 6.55745 6.56047 6.56333 6.56599 6.56845 6.57069 6.5727 6.57446 6.57597 6.57722 6.57821 6.57891 6.57934 6.57948 6.57934 6.57892 6.57823 6.57726 6.57602 6.57453 6.57278 6.5708 6.56859 6.56616 6.56354 6.56074 6.55777 6.55465 6.5514 6.54803 6.54458 6.54104 6.53745 6.53382 6.53016 6.5265 6.52286 6.51924 6.51567 6.51216 6.50872 6.50536 6.50211 6.49896 6.49594 6.49304 6.49028 6.48766 6.48519 6.48287 6.48071 6.47871 6.47688 6.47521 6.47372 6.47239 6.47123 6.47025 6.46943 6.46879 6.46832 6.46802 6.46789 
6.46209 6.46231 6.46271 6.4633 6.46407 6.46501 6.46614 6.46746 6.46895 6.47062 6.47247 6.47449 6.47669 6.47906 6.4816 6.4843 6.48716 6.49018 6.49334 6.49663 6.50006 6.5036 6.50726 6.51101 6.51484 6.51874 6.5227 6.5267 6.53071 6.53474 6.53874 6.54272 6.54664 6.55049 6.55425 6.5579 6.56143 6.5648 6.56801 6.57103 6.57385 6.57646 6.57883 6.58096 6.58282 6.58442 6.58575 6.58678 6.58753 6.58797 6.58812 6.58797 6.58752 6.58678 6.58575 6.58443 6.58284 6.58099 6.57888 6.57653 6.57396 6.57117 6.56819 6.56504 6.56172 6.55827 6.55469 6.55102 6.54726 6.54344 6.53957 6.53568 6.53179 6.52791 6.52406 6.52025 6.51651 6.51284 6.50927 6.5058 6.50244 6.49921 6.49611 6.49316 6.49036 6.48772 6.48524 6.48293 6.48079 6.47883 6.47704 6.47544 6.47401 6.47277 6.47171 6.47083 6.47013 6.46962 6.46929 6.46915 
6.46346 6.46368 6.46411 6.46473 6.46554 6.46655 6.46775 6.46915 6.47074 6.47252 6.47449 6.47665 6.479 6.48153 6.48424 6.48713 6.49018 6.49339 6.49676 6.50028 6.50394 6.50772 6.51161 6.51561 6.5197 6.52386 6.52807 6.53233 6.5366 6.54088 6.54515 6.54938 6.55355 6.55764 6.56164 6.56552 6.56927 6.57285 6.57626 6.57947 6.58246 6.58522 6.58774 6.59 6.59198 6.59367 6.59507 6.59617 6.59695 6.59742 6.59758 6.59742 6.59694 6.59614 6.59504 6.59364 6.59195 6.58997 6.58773 6.58523 6.58249 6.57953 6.57636 6.573 6.56947 6.56579 6.56199 6.55807 6.55407 6.55 6.54588 6.54173 6.53758 6.53344 6.52933 6.52527 6.52128 6.51736 6.51355 6.50984 6.50625 6.5028 6.49948 6.49633 6.49333 6.4905 6.48784 6.48537 6.48307 6.48096 6.47904 6.47732 6.47578 6.47444 6.4733 6.47235 6.4716 6.47104 6.47068 6.47052 
6.46493 6.46517 6.46562 6.46627 6.46714 6.46821 6.46949 6.47098 6.47268 6.47459 6.47669 6.479 6.48151 6.48421 6.48711 6.49019 6.49345 6.49689 6.50049 6.50425 6.50815 6.51219 6.51634 6.52061 6.52497 6.52941 6.5339 6.53844 6.543 6.54756 6.5521 6.5566 6.56105 6.56541 6.56966 6.57379 6.57777 6.58158 6.5852 6.58861 6.5918 6.59473 6.5974 6.5998 6.6019 6.6037 6.60518 6.60634 6.60717 6.60767 6.60783 6.60765 6.60714 6.60629 6.60512 6.60362 6.60182 6.59972 6.59733 6.59466 6.59175 6.58859 6.58521 6.58163 6.57787 6.57396 6.5699 6.56572 6.56145 6.55711 6.55272 6.5483 6.54387 6.53945 6.53506 6.53073 6.52646 6.52227 6.51819 6.51422 6.51039 6.50669 6.50314 6.49976 6.49655 6.49351 6.49067 6.48801 6.48554 6.48328 6.48122 6.47936 6.47771 6.47626 6.47503 6.47401 6.47319 6.47259 6.47219 6.47201 
6.46653 6.46677 6.46724 6.46794 6.46886 6.47 6.47137 6.47296 6.47478 6.47681 6.47906 6.48153 6.48421 6.48711 6.4902 6.4935 6.49698 6.50066 6.5045 6.50852 6.51269 6.517 6.52144 6.526 6.53065 6.53538 6.54018 6.54502 6.54988 6.55474 6.55958 6.56438 6.56911 6.57376 6.57829 6.58268 6.58692 6.59097 6.59482 6.59845 6.60183 6.60495 6.60779 6.61034 6.61257 6.61448 6.61605 6.61728 6.61816 6.61868 6.61885 6.61865 6.6181 6.6172 6.61595 6.61435 6.61243 6.61019 6.60764 6.6048 6.6017 6.59833 6.59473 6.59092 6.58691 6.58274 6.57841 6.57396 6.5694 6.56477 6.56009 6.55537 6.55064 6.54592 6.54123 6.5366 6.53203 6.52756 6.52319 6.51895 6.51484 6.51088 6.50709 6.50346 6.50002 6.49676 6.49371 6.49085 6.48821 6.48577 6.48356 6.48156 6.47978 6.47822 6.47689 6.47579 6.4749 6.47425 6.47381 6.47361 
6.46823 6.46849 6.46898 6.46972 6.4707 6.47192 6.47338 6.47508 6.47702 6.47919 6.4816 6.48424 6.48711 6.4902 6.49351 6.49703 6.50076 6.50469 6.5088 6.51309 6.51755 6.52215 6.5269 6.53176 6.53673 6.54178 6.54689 6.55206 6.55724 6.56242 6.56758 6.57269 6.57773 6.58268 6.5875 6.59218 6.59669 6.601 6.6051 6.60895 6.61255 6.61587 6.61888 6.62158 6.62395 6.62598 6.62765 6.62895 6.62988 6.63043 6.63061 6.6304 6.6298 6.62884 6.6275 6.6258 6.62375 6.62136 6.61865 6.61563 6.61232 6.60873 6.6049 6.60084 6.59656 6.59211 6.5875 6.58275 6.5779 6.57296 6.56796 6.56292 6.55787 6.55283 6.54782 6.54287 6.538 6.53322 6.52855 6.524 6.51961 6.51537 6.5113 6.50742 6.50373 6.50024 6.49696 6.4939 6.49106 6.48844 6.48606 6.48391 6.482 6.48032 6.47889 6.47769 6.47674 6.47602 6.47555 6.47532 
6.47005 6.47031 6.47084 6.47162 6.47266 6.47396 6.47552 6.47734 6.47941 6.48173 6.4843 6.48713 6.49019 6.4935 6.49703 6.5008 6.50478 6.50898 6.51337 6.51796 6.52271 6.52763 6.53269 6.53788 6.54318 6.54857 6.55403 6.55953 6.56506 6.57058 6.57608 6.58152 6.58689 6.59215 6.59728 6.60226 6.60705 6.61164 6.61599 6.62009 6.62391 6.62744 6.63064 6.63351 6.63602 6.63817 6.63994 6.64132 6.64231 6.64289 6.64307 6.64284 6.64221 6.64118 6.63975 6.63794 6.63576 6.63321 6.63033 6.62711 6.62358 6.61977 6.61568 6.61135 6.6068 6.60206 6.59715 6.59209 6.58691 6.58164 6.57631 6.57094 6.56555 6.56017 6.55483 6.54954 6.54433 6.53922 6.53423 6.52938 6.52467 6.52014 6.51579 6.51163 6.50767 6.50394 6.50042 6.49714 6.49409 6.49128 6.48872 6.48641 6.48435 6.48255 6.481 6.47972 6.47868 6.47791 6.4774 6.47714 
6.47196 6.47224 6.4728 6.47363 6.47474 6.47612 6.47779 6.47972 6.48193 6.48441 6.48716 6.49018 6.49345 6.49698 6.50076 6.50478 6.50904 6.51352 6.51821 6.5231 6.52818 6.53342 6.53882 6.54436 6.55001 6.55575 6.56156 6.56743 6.57331 6.57919 6.58504 6.59083 6.59654 6.60214 6.6076 6.61289 6.61798 6.62286 6.62748 6.63184 6.63589 6.63963 6.64303 6.64608 6.64874 6.65102 6.6529 6.65436 6.6554 6.65602 6.6562 6.65595 6.65528 6.65418 6.65266 6.65073 6.64841 6.6457 6.64263 6.63921 6.63546 6.6314 6.62705 6.62245 6.6176 6.61255 6.60732 6.60194 6.59642 6.59081 6.58513 6.5794 6.57366 6.56793 6.56223 6.55658 6.55103 6.54557 6.54024 6.53505 6.53003 6.52518 6.52053 6.51608 6.51185 6.50784 6.50408 6.50056 6.49729 6.49428 6.49154 6.48906 6.48685 6.48491 6.48325 6.48186 6.48075 6.47991 6.47935 6.47907 
6.47399 6.47428 6.47486 6.47574 6.47693 6.4784 6.48017 6.48224 6.4846 6.48724 6.49018 6.49339 6.49689 6.50066 6.50469 6.50898 6.51352 6.5183 6.5233 6.52851 6.53392 6.53952 6.54527 6.55116 6.55718 6.56329 6.56948 6.57572 6.58198 6.58823 6.59445 6.60061 6.60668 6.61263 6.61842 6.62404 6.62945 6.63462 6.63953 6.64415 6.64845 6.65242 6.65603 6.65925 6.66208 6.66449 6.66648 6.66802 6.66912 6.66977 6.66996 6.6697 6.66898 6.6678 6.66619 6.66414 6.66167 6.6588 6.65553 6.65189 6.64791 6.64359 6.63897 6.63408 6.62893 6.62356 6.618 6.61227 6.60641 6.60044 6.59439 6.58829 6.58218 6.57607 6.57 6.56398 6.55806 6.55224 6.54656 6.54102 6.53566 6.53048 6.52551 6.52076 6.51624 6.51196 6.50793 6.50416 6.50067 6.49745 6.4945 6.49185 6.48948 6.4874 6.48561 6.48412 6.48292 6.48202 6.48141 6.48111 
6.47611 6.47641 6.47703 6.47796 6.47922 6.48079 6.48268 6.48488 6.48739 6.49021 6.49334 6.49676 6.50049 6.5045 6.5088 6.51337 6.51821 6.5233 6.52863 6.53418 6.53994 6.54589 6.55201 6.55828 6.56468 6.57118 6.57776 6.58439 6.59104 6.59768 6.60429 6.61083 6.61727 6.62358 6.62972 6.63568 6.64142 6.6469 6.6521 6.657 6.66156 6.66576 6.66957 6.67299 6.67598 6.67853 6.68063 6.68227 6.68343 6.68411 6.68431 6.68402 6.68326 6.68201 6.6803 6.67812 6.6755 6.67245 6.66898 6.66512 6.66089 6.65631 6.65141 6.64622 6.64075 6.63505 6.62914 6.62306 6.61683 6.61048 6.60406 6.59758 6.59107 6.58458 6.57812 6.57172 6.56541 6.55922 6.55316 6.54726 6.54155 6.53603 6.53073 6.52566 6.52083 6.51626 6.51196 6.50794 6.5042 6.50076 6.49761 6.49476 6.49223 6.49 6.48808 6.48648 6.48519 6.48422 6.48357 6.48324 
6.47832 6.47864 6.47929 6.48028 6.48161 6.48328 6.48529 6.48763 6.4903 6.49331 6.49663 6.50028 6.50425 6.50852 6.51309 6.51796 6.5231 6.52851 6.53418 6.54008 6.5462 6.55253 6.55903 6.56569 6.57249 6.57939 6.58637 6.59341 6.60046 6.60751 6.61451 6.62144 6.62827 6.63495 6.64146 6.64777 6.65385 6.65965 6.66516 6.67033 6.67516 6.6796 6.68364 6.68725 6.69041 6.6931 6.69532 6.69705 6.69827 6.69899 6.6992 6.69889 6.69807 6.69675 6.69493 6.69263 6.68985 6.68662 6.68294 6.67886 6.67437 6.66952 6.66433 6.65882 6.65303 6.64699 6.64072 6.63427 6.62766 6.62093 6.61411 6.60723 6.60032 6.59343 6.58656 6.57977 6.57306 6.56648 6.56004 6.55376 6.54768 6.54181 6.53616 6.53076 6.52562 6.52075 6.51616 6.51187 6.50789 6.50421 6.50085 6.49781 6.4951 6.49272 6.49067 6.48895 6.48757 6.48653 6.48583 6.48546 
6.48062 6.48095 6.48164 6.48269 6.48411 6.48588 6.48801 6.49049 6.49333 6.49652 6.50006 6.50394 6.50815 6.51269 6.51755 6.52271 6.52818 6.53392 6.53994 6.5462 6.5527 6.55941 6.56631 6.57338 6.58058 6.5879 6.59529 6.60274 6.61022 6.61768 6.62509 6.63243 6.63965 6.64672 6.65361 6.66028 6.6667 6.67283 6.67865 6.68412 6.68921 6.6939 6.69816 6.70197 6.70531 6.70815 6.71049 6.71231 6.7136 6.71435 6.71457 6.71424 6.71337 6.71197 6.71005 6.70761 6.70467 6.70125 6.69737 6.69305 6.6883 6.68317 6.67768 6.67185 6.66572 6.65933 6.6527 6.64586 6.63887 6.63174 6.62451 6.61722 6.6099 6.60259 6.59531 6.5881 6.58099 6.574 6.56716 6.5605 6.55404 6.5478 6.5418 6.53605 6.53059 6.52541 6.52053 6.51596 6.51171 6.50779 6.50421 6.50097 6.49808 6.49554 6.49335 6.49152 6.49004 6.48893 6.48817 6.48778 
6.48301 6.48335 6.48408 6.48519 6.48669 6.48856 6.49082 6.49346 6.49647 6.49985 6.5036 6.50772 6.51219 6.517 6.52215 6.52763 6.53342 6.53952 6.54589 6.55253 6.55941 6.56652 6.57382 6.5813 6.58893 6.59667 6.60449 6.61237 6.62027 6.62816 6.63599 6.64374 6.65137 6.65883 6.66611 6.67315 6.67992 6.68639 6.69253 6.6983 6.70367 6.70861 6.71311 6.71712 6.72063 6.72363 6.72609 6.72801 6.72936 6.73015 6.73037 6.73002 6.72911 6.72763 6.72559 6.72302 6.71992 6.71631 6.71221 6.70764 6.70263 6.69722 6.69141 6.68526 6.67879 6.67203 6.66502 6.6578 6.65041 6.64287 6.63522 6.62751 6.61977 6.61203 6.60433 6.59669 6.58916 6.58176 6.57451 6.56745 6.5606 6.55398 6.54761 6.54152 6.53572 6.53022 6.52503 6.52018 6.51567 6.5115 6.50769 6.50424 6.50117 6.49846 6.49613 6.49417 6.4926 6.49141 6.4906 6.49017 
6.48547 6.48583 6.48659 6.48777 6.48935 6.49133 6.49372 6.49651 6.4997 6.50329 6.50726 6.51161 6.51634 6.52144 6.5269 6.53269 6.53882 6.54527 6.55201 6.55903 6.56631 6.57382 6.58154 6.58945 6.5975 6.60567 6.61394 6.62225 6.63059 6.63891 6.64717 6.65535 6.66339 6.67126 6.67892 6.68634 6.69348 6.70029 6.70675 6.71283 6.71848 6.72368 6.72841 6.73263 6.73633 6.73948 6.74206 6.74407 6.7455 6.74633 6.74655 6.74618 6.74521 6.74365 6.74151 6.7388 6.73553 6.73172 6.7274 6.72259 6.71731 6.7116 6.70549 6.699 6.69218 6.68505 6.67766 6.67004 6.66224 6.65428 6.64622 6.63808 6.6299 6.62173 6.61359 6.60552 6.59755 6.58973 6.58206 6.57459 6.56734 6.56034 6.5536 6.54714 6.54099 6.53516 6.52967 6.52452 6.51974 6.51532 6.51127 6.50761 6.50434 6.50147 6.49899 6.49691 6.49524 6.49396 6.4931 6.49264 
6.488 6.48837 6.48918 6.49041 6.49208 6.49418 6.4967 6.49965 6.50302 6.50681 6.51101 6.51561 6.52061 6.526 6.53176 6.53788 6.54436 6.55116 6.55828 6.56569 6.57338 6.5813 6.58945 6.59778 6.60627 6.61489 6.62359 6.63236 6.64114 6.6499 6.6586 6.6672 6.67566 6.68394 6.69201 6.69981 6.70731 6.71447 6.72126 6.72764 6.73358 6.73905 6.74401 6.74844 6.75232 6.75563 6.75835 6.76045 6.76195 6.76281 6.76305 6.76266 6.76163 6.75999 6.75774 6.75488 6.75144 6.74744 6.7429 6.73784 6.73229 6.72628 6.71985 6.71302 6.70584 6.69834 6.69056 6.68254 6.67432 6.66595 6.65745 6.64887 6.64025 6.63163 6.62305 6.61454 6.60614 6.59788 6.58979 6.5819 6.57425 6.56685 6.55972 6.5529 6.5464 6.54023 6.53442 6.52898 6.52391 6.51923 6.51495 6.51107 6.50761 6.50456 6.50193 6.49972 6.49794 6.49659 6.49567 6.49518 
6.49058 6.49097 6.49182 6.49312 6.49488 6.49709 6.49975 6.50286 6.50642 6.51041 6.51484 6.5197 6.52497 6.53065 6.53673 6.54318 6.55001 6.55718 6.56468 6.57249 6.58058 6.58893 6.5975 6.60627 6.61521 6.62427 6.63343 6.64264 6.65187 6.66108 6.67022 6.67926 6.68815 6.69684 6.70531 6.71349 6.72137 6.72888 6.73601 6.7427 6.74893 6.75466 6.75986 6.7645 6.76857 6.77203 6.77488 6.77708 6.77864 6.77955 6.77979 6.77938 6.7783 6.77658 6.77421 6.77121 6.7676 6.7634 6.75863 6.75332 6.7475 6.74119 6.73444 6.72727 6.71973 6.71185 6.70368 6.69525 6.68661 6.67781 6.66887 6.65985 6.65079 6.64172 6.63269 6.62373 6.61488 6.60618 6.59766 6.58935 6.58128 6.57348 6.56597 6.55878 6.55192 6.54541 6.53927 6.53352 6.52817 6.52323 6.5187 6.51461 6.51094 6.50772 6.50493 6.5026 6.50071 6.49928 6.4983 6.49778 
6.49322 6.49363 6.49451 6.49588 6.49773 6.50006 6.50286 6.50613 6.50988 6.51408 6.51874 6.52386 6.52941 6.53538 6.54178 6.54857 6.55575 6.56329 6.57118 6.57939 6.5879 6.59667 6.60567 6.61489 6.62427 6.63379 6.6434 6.65307 6.66276 6.67241 6.682 6.69147 6.70079 6.7099 6.71877 6.72735 6.73559 6.74346 6.75092 6.75793 6.76445 6.77044 6.77588 6.78074 6.785 6.78862 6.79159 6.7939 6.79553 6.79647 6.79672 6.79628 6.79516 6.79335 6.79087 6.78773 6.78395 6.77955 6.77455 6.76899 6.76288 6.75628 6.7492 6.74169 6.73378 6.72553 6.71696 6.70812 6.69906 6.68982 6.68045 6.67098 6.66146 6.65194 6.64246 6.63305 6.62375 6.61461 6.60565 6.59692 6.58843 6.58022 6.57232 6.56474 6.55752 6.55067 6.54421 6.53815 6.53251 6.5273 6.52252 6.5182 6.51434 6.51093 6.50799 6.50553 6.50353 6.50202 6.50098 6.50043 
6.4959 6.49632 6.49725 6.49869 6.50063 6.50307 6.50601 6.50945 6.51339 6.5178 6.5227 6.52807 6.5339 6.54018 6.54689 6.55403 6.56156 6.56948 6.57776 6.58637 6.59529 6.60449 6.61394 6.62359 6.63343 6.6434 6.65347 6.6636 6.67374 6.68385 6.69388 6.7038 6.71354 6.72307 6.73235 6.74131 6.74993 6.75816 6.76595 6.77327 6.78008 6.78634 6.79202 6.7971 6.80154 6.80532 6.80842 6.81082 6.81252 6.81351 6.81377 6.81331 6.81213 6.81023 6.80764 6.80436 6.8004 6.7958 6.79058 6.78476 6.77839 6.77148 6.76407 6.75622 6.74795 6.73931 6.73035 6.7211 6.71162 6.70194 6.69213 6.68221 6.67224 6.66227 6.65232 6.64246 6.63271 6.62312 6.61373 6.60456 6.59565 6.58703 6.57873 6.57078 6.56319 6.55599 6.5492 6.54283 6.5369 6.53142 6.5264 6.52185 6.51778 6.51419 6.5111 6.5085 6.5064 6.5048 6.5037 6.50312 
6.4986 6.49904 6.50002 6.50152 6.50355 6.50611 6.5092 6.51281 6.51693 6.52156 6.5267 6.53233 6.53844 6.54502 6.55206 6.55953 6.56743 6.57572 6.58439 6.59341 6.60274 6.61237 6.62225 6.63236 6.64264 6.65307 6.6636 6.67418 6.68478 6.69534 6.70582 6.71618 6.72635 6.7363 6.74598 6.75533 6.76433 6.77291 6.78103 6.78866 6.79576 6.80229 6.80821 6.8135 6.81812 6.82206 6.82529 6.8278 6.82956 6.83059 6.83085 6.83037 6.82914 6.82716 6.82445 6.82103 6.81691 6.81211 6.80666 6.80059 6.79394 6.78673 6.779 6.7708 6.76217 6.75315 6.74379 6.73413 6.72423 6.71412 6.70386 6.6935 6.68308 6.67264 6.66225 6.65193 6.64173 6.63169 6.62185 6.61225 6.60292 6.5939 6.5852 6.57686 6.56891 6.56136 6.55423 6.54755 6.54133 6.53557 6.5303 6.52553 6.52125 6.51748 6.51423 6.5115 6.50929 6.50761 6.50646 6.50583 
6.50133 6.50179 6.5028 6.50437 6.5065 6.50918 6.51241 6.51618 6.52049 6.52534 6.53071 6.5366 6.543 6.54988 6.55724 6.56506 6.57331 6.58198 6.59104 6.60046 6.61022 6.62027 6.63059 6.64114 6.65187 6.66276 6.67374 6.68478 6.69583 6.70684 6.71777 6.72856 6.73916 6.74952 6.7596 6.76935 6.77871 6.78764 6.7961 6.80404 6.81143 6.81822 6.82438 6.82988 6.83469 6.83878 6.84214 6.84474 6.84658 6.84764 6.84791 6.84741 6.84612 6.84407 6.84125 6.83768 6.83339 6.82839 6.82272 6.8164 6.80947 6.80196 6.79392 6.78538 6.77638 6.76699 6.75723 6.74716 6.73684 6.7263 6.7156 6.70479 6.69392 6.68303 6.67218 6.66141 6.65076 6.64027 6.63 6.61997 6.61021 6.60078 6.59168 6.58296 6.57464 6.56674 6.55929 6.55229 6.54577 6.53975 6.53423 6.52922 6.52474 6.5208 6.51739 6.51452 6.5122 6.51044 6.50923 6.50857 
6.50406 6.50454 6.50559 6.50723 6.50945 6.51225 6.51562 6.51956 6.52406 6.52913 6.53474 6.54088 6.54756 6.55474 6.56242 6.57058 6.57919 6.58823 6.59768 6.60751 6.61768 6.62816 6.63891 6.6499 6.66108 6.67241 6.68385 6.69534 6.70684 6.7183 6.72967 6.74089 6.75191 6.76269 6.77317 6.7833 6.79302 6.8023 6.81109 6.81934 6.82701 6.83406 6.84045 6.84616 6.85115 6.8554 6.85888 6.86158 6.86349 6.86459 6.86487 6.86435 6.86301 6.86087 6.85794 6.85423 6.84977 6.84458 6.83869 6.83212 6.82492 6.81712 6.80876 6.79988 6.79053 6.78076 6.77061 6.76014 6.7494 6.73843 6.7273 6.71604 6.70472 6.69339 6.68208 6.67086 6.65976 6.64884 6.63812 6.62766 6.61749 6.60765 6.59816 6.58906 6.58037 6.57212 6.56434 6.55703 6.55022 6.54393 6.53816 6.53293 6.52824 6.52411 6.52055 6.51755 6.51512 6.51327 6.512 6.51131 
6.50679 6.50728 6.50838 6.51008 6.5124 6.51531 6.51882 6.52293 6.52762 6.5329 6.53874 6.54515 6.5521 6.55958 6.56758 6.57608 6.58504 6.59445 6.60429 6.61451 6.62509 6.63599 6.64717 6.6586 6.67022 6.682 6.69388 6.70582 6.71777 6.72967 6.74147 6.75312 6.76456 6.77574 6.78661 6.79711 6.8072 6.81683 6.82594 6.83449 6.84243 6.84974 6.85637 6.86228 6.86745 6.87185 6.87546 6.87826 6.88023 6.88136 6.88165 6.88111 6.87972 6.8775 6.87446 6.87062 6.866 6.86061 6.8545 6.84769 6.84022 6.83213 6.82345 6.81424 6.80454 6.7944 6.78387 6.773 6.76185 6.75046 6.73889 6.7272 6.71544 6.70366 6.69191 6.68024 6.6687 6.65734 6.64619 6.63531 6.62472 6.61448 6.6046 6.59512 6.58607 6.57748 6.56936 6.56175 6.55465 6.54809 6.54207 6.53661 6.53173 6.52742 6.5237 6.52057 6.51803 6.5161 6.51477 6.51405 
6.5095 6.51 6.51115 6.51292 6.51532 6.51835 6.522 6.52627 6.53116 6.53664 6.54272 6.54938 6.5566 6.56438 6.57269 6.58152 6.59083 6.60061 6.61083 6.62144 6.63243 6.64374 6.65535 6.6672 6.67926 6.69147 6.7038 6.71618 6.72856 6.74089 6.75312 6.76518 6.77703 6.78861 6.79987 6.81074 6.82119 6.83114 6.84057 6.84942 6.85764 6.8652 6.87205 6.87816 6.88351 6.88806 6.89179 6.89468 6.89671 6.89788 6.89819 6.89762 6.89618 6.89388 6.89074 6.88676 6.88198 6.87641 6.87008 6.86304 6.8553 6.84693 6.83795 6.82841 6.81836 6.80786 6.79695 6.78569 6.77413 6.76233 6.75034 6.73822 6.72603 6.71381 6.70162 6.68951 6.67754 6.66574 6.65417 6.64287 6.63188 6.62123 6.61097 6.60112 6.59171 6.58278 6.57434 6.56642 6.55904 6.55221 6.54595 6.54027 6.53518 6.5307 6.52682 6.52356 6.52092 6.51891 6.51752 6.51676 
6.51217 6.5127 6.51388 6.51572 6.51821 6.52136 6.52515 6.52958 6.53464 6.54033 6.54664 6.55355 6.56105 6.56911 6.57773 6.58689 6.59654 6.60668 6.61727 6.62827 6.63965 6.65137 6.66339 6.67566 6.68815 6.70079 6.71354 6.72635 6.73916 6.75191 6.76456 6.77703 6.78928 6.80125 6.81288 6.82412 6.83491 6.84519 6.85493 6.86406 6.87255 6.88035 6.88743 6.89374 6.89926 6.90395 6.9078 6.91078 6.91288 6.91408 6.91439 6.9138 6.91232 6.90995 6.9067 6.90259 6.89765 6.8919 6.88537 6.87809 6.8701 6.86144 6.85216 6.84231 6.83193 6.82107 6.80979 6.79815 6.7862 6.77399 6.76159 6.74905 6.73643 6.72378 6.71117 6.69863 6.68623 6.67401 6.66202 6.65031 6.63892 6.62788 6.61724 6.60703 6.59727 6.588 6.57925 6.57103 6.56337 6.55628 6.54978 6.54388 6.5386 6.53394 6.52991 6.52652 6.52378 6.52168 6.52024 6.51945 
6.5148 6.51535 6.51657 6.51847 6.52105 6.52431 6.52823 6.53282 6.53807 6.54396 6.55049 6.55764 6.56541 6.57376 6.58268 6.59215 6.60214 6.61263 6.62358 6.63495 6.64672 6.65883 6.67126 6.68394 6.69684 6.7099 6.72307 6.7363 6.74952 6.76269 6.77574 6.78861 6.80125 6.8136 6.82559 6.83718 6.8483 6.85891 6.86894 6.87836 6.88711 6.89514 6.90243 6.90894 6.91462 6.91945 6.92341 6.92648 6.92864 6.92989 6.9302 6.92959 6.92806 6.92562 6.92227 6.91804 6.91294 6.90701 6.90028 6.89277 6.88454 6.87561 6.86604 6.85588 6.84517 6.83397 6.82234 6.81032 6.79799 6.78539 6.77258 6.75964 6.7466 6.73354 6.7205 6.70755 6.69473 6.6821 6.66971 6.6576 6.64581 6.6344 6.62339 6.61282 6.60272 6.59313 6.58406 6.57555 6.56761 6.56027 6.55353 6.54742 6.54195 6.53712 6.53294 6.52943 6.52658 6.52441 6.52291 6.52209 
6.51738 6.51794 6.5192 6.52117 6.52383 6.5272 6.53125 6.536 6.54142 6.54751 6.55425 6.56164 6.56966 6.57829 6.5875 6.59728 6.6076 6.61842 6.62972 6.64146 6.65361 6.66611 6.67892 6.69201 6.70531 6.71877 6.73235 6.74598 6.7596 6.77317 6.78661 6.79987 6.81288 6.82559 6.83794 6.84987 6.86131 6.87223 6.88255 6.89223 6.90123 6.9095 6.917 6.92368 6.92953 6.9345 6.93857 6.94172 6.94394 6.94522 6.94554 6.94492 6.94334 6.94082 6.93738 6.93302 6.92778 6.92168 6.91475 6.90703 6.89856 6.88937 6.87952 6.86906 6.85804 6.84651 6.83452 6.82215 6.80944 6.79646 6.78327 6.76993 6.75649 6.74302 6.72958 6.71623 6.70301 6.68998 6.67719 6.66469 6.65253 6.64074 6.62937 6.61846 6.60803 6.59812 6.58875 6.57996 6.57176 6.56416 6.5572 6.55088 6.54522 6.54022 6.53591 6.53227 6.52932 6.52708 6.52552 6.52468 
6.51988 6.52046 6.52176 6.52378 6.52653 6.53 6.53419 6.53908 6.54467 6.55095 6.5579 6.56552 6.57379 6.58268 6.59218 6.60226 6.61289 6.62404 6.63568 6.64777 6.66028 6.67315 6.68634 6.69981 6.71349 6.72735 6.74131 6.75533 6.76935 6.7833 6.79711 6.81074 6.82412 6.83718 6.84987 6.86212 6.87388 6.88508 6.89568 6.90563 6.91487 6.92336 6.93105 6.93791 6.94391 6.94901 6.95319 6.95642 6.9587 6.96001 6.96034 6.95969 6.95807 6.95549 6.95195 6.94748 6.9421 6.93583 6.92872 6.92079 6.91209 6.90265 6.89253 6.88179 6.87046 6.85861 6.84629 6.83357 6.82051 6.80717 6.7936 6.77987 6.76605 6.7522 6.73837 6.72462 6.71101 6.6976 6.68443 6.67156 6.65903 6.64689 6.63517 6.62393 6.61318 6.60296 6.5933 6.58424 6.57577 6.56794 6.56076 6.55424 6.5484 6.54324 6.53878 6.53503 6.53199 6.52967 6.52806 6.52719 
6.5223 6.52289 6.52423 6.52631 6.52914 6.53271 6.53702 6.54205 6.54781 6.55427 6.56143 6.56927 6.57777 6.58692 6.59669 6.60705 6.61798 6.62945 6.64142 6.65385 6.6667 6.67992 6.69348 6.70731 6.72137 6.73559 6.74993 6.76433 6.77871 6.79302 6.8072 6.82119 6.83491 6.8483 6.86131 6.87388 6.88593 6.89742 6.90829 6.91848 6.92795 6.93664 6.94453 6.95156 6.9577 6.96292 6.9672 6.97052 6.97285 6.97419 6.97453 6.97387 6.9722 6.96955 6.96593 6.96135 6.95583 6.94941 6.94212 6.93399 6.92506 6.91539 6.90502 6.894 6.88238 6.87023 6.85759 6.84454 6.83114 6.81744 6.80352 6.78943 6.77524 6.76101 6.74681 6.73269 6.71871 6.70493 6.69139 6.67817 6.66529 6.6528 6.64076 6.62919 6.61813 6.60762 6.59769 6.58836 6.57965 6.57159 6.56419 6.55748 6.55146 6.54615 6.54156 6.5377 6.53456 6.53217 6.53052 6.52961 
6.52462 6.52523 6.5266 6.52874 6.53165 6.53531 6.53973 6.5449 6.55081 6.55745 6.5648 6.57285 6.58158 6.59097 6.601 6.61164 6.62286 6.63462 6.6469 6.65965 6.67283 6.68639 6.70029 6.71447 6.72888 6.74346 6.75816 6.77291 6.78764 6.8023 6.81683 6.83114 6.84519 6.85891 6.87223 6.88508 6.89742 6.90917 6.92029 6.93072 6.9404 6.9493 6.95736 6.96455 6.97083 6.97618 6.98055 6.98394 6.98633 6.98769 6.98804 6.98736 6.98566 6.98295 6.97924 6.97455 6.96891 6.96234 6.95488 6.94656 6.93743 6.92753 6.91691 6.90563 6.89374 6.8813 6.86836 6.855 6.84127 6.82725 6.81298 6.79855 6.78401 6.76943 6.75487 6.74039 6.72606 6.71192 6.69805 6.68448 6.67126 6.65846 6.64609 6.63422 6.62287 6.61208 6.60188 6.5923 6.58336 6.57508 6.56748 6.56058 6.5544 6.54895 6.54423 6.54025 6.53703 6.53457 6.53287 6.53194 
6.52683 6.52745 6.52886 6.53105 6.53403 6.53779 6.54232 6.54762 6.55367 6.56047 6.56801 6.57626 6.5852 6.59482 6.6051 6.61599 6.62748 6.63953 6.6521 6.66516 6.67865 6.69253 6.70675 6.72126 6.73601 6.75092 6.76595 6.78103 6.7961 6.81109 6.82594 6.84057 6.85493 6.86894 6.88255 6.89568 6.90829 6.92029 6.93165 6.9423 6.95218 6.96127 6.9695 6.97684 6.98325 6.9887 6.99317 6.99663 6.99906 7.00046 7.00081 7.00011 6.99838 6.99561 6.99182 6.98703 6.98127 6.97456 6.96694 6.95845 6.94912 6.93901 6.92817 6.91664 6.90449 6.89177 6.87856 6.8649 6.85087 6.83652 6.82194 6.80718 6.79231 6.77739 6.7625 6.74769 6.73302 6.71856 6.70435 6.69046 6.67693 6.66382 6.65116 6.639 6.62737 6.61632 6.60586 6.59604 6.58688 6.57839 6.57061 6.56354 6.5572 6.5516 6.54676 6.54269 6.53938 6.53686 6.53511 6.53416 
6.52892 6.52955 6.53099 6.53323 6.53628 6.54012 6.54476 6.55018 6.55637 6.56333 6.57103 6.57947 6.58861 6.59845 6.60895 6.62009 6.63184 6.64415 6.657 6.67033 6.68412 6.6983 6.71283 6.72764 6.7427 6.75793 6.77327 6.78866 6.80404 6.81934 6.83449 6.84942 6.86406 6.87836 6.89223 6.90563 6.91848 6.93072 6.9423 6.95315 6.96323 6.97249 6.98088 6.98836 6.99489 7.00045 7.005 7.00852 7.011 7.01242 7.01278 7.01207 7.0103 7.00748 7.00362 6.99874 6.99286 6.98602 6.97825 6.96959 6.96009 6.94978 6.93872 6.92696 6.91457 6.9016 6.88812 6.87419 6.85987 6.84523 6.83035 6.81528 6.8001 6.78488 6.76967 6.75454 6.73956 6.72479 6.71028 6.69609 6.68226 6.66886 6.65592 6.64349 6.6316 6.6203 6.60961 6.59957 6.5902 6.58152 6.57355 6.56632 6.55983 6.55411 6.54915 6.54498 6.5416 6.53901 6.53723 6.53625 
6.53087 6.53151 6.53298 6.53527 6.53838 6.5423 6.54703 6.55257 6.55889 6.56599 6.57385 6.58246 6.5918 6.60183 6.61255 6.62391 6.63589 6.64845 6.66156 6.67516 6.68921 6.70367 6.71848 6.73358 6.74893 6.76445 6.78008 6.79576 6.81143 6.82701 6.84243 6.85764 6.87255 6.88711 6.90123 6.91487 6.92795 6.9404 6.95218 6.96323 6.97349 6.98291 6.99144 6.99905 7.0057 7.01135 7.01598 7.01956 7.02208 7.02353 7.02389 7.02317 7.02137 7.01849 7.01457 7.0096 7.00362 6.99666 6.98876 6.97995 6.97027 6.95978 6.94852 6.93655 6.92394 6.91073 6.897 6.88282 6.86823 6.85333 6.83817 6.82282 6.80735 6.79184 6.77634 6.76092 6.74565 6.73059 6.7158 6.70132 6.68723 6.67356 6.66036 6.64768 6.63555 6.62402 6.61311 6.60286 6.59329 6.58443 6.5763 6.56891 6.56229 6.55644 6.55139 6.54713 6.54367 6.54103 6.53921 6.5382 
6.53267 6.53332 6.53482 6.53715 6.54032 6.54432 6.54914 6.55478 6.56122 6.56845 6.57646 6.58522 6.59473 6.60495 6.61587 6.62744 6.63963 6.65242 6.66576 6.6796 6.6939 6.70861 6.72368 6.73905 6.75466 6.77044 6.78634 6.80229 6.81822 6.83406 6.84974 6.8652 6.88035 6.89514 6.9095 6.92336 6.93664 6.9493 6.96127 6.97249 6.98291 6.99247 7.00114 7.00887 7.01562 7.02136 7.02606 7.0297 7.03225 7.03372 7.03409 7.03336 7.03153 7.02861 7.02462 7.01957 7.0135 7.00643 6.9984 6.98945 6.97962 6.96896 6.95752 6.94536 6.93254 6.91912 6.90517 6.89075 6.87592 6.86077 6.84535 6.82974 6.81402 6.79824 6.78247 6.76679 6.75125 6.73593 6.72087 6.70614 6.6918 6.67788 6.66444 6.65153 6.63918 6.62744 6.61633 6.60589 6.59615 6.58712 6.57883 6.57131 6.56456 6.5586 6.55345 6.54911 6.54559 6.5429 6.54104 6.54001 
6.53432 6.53498 6.5365 6.53887 6.54209 6.54616 6.55106 6.55679 6.56334 6.57069 6.57883 6.58774 6.5974 6.60779 6.61888 6.63064 6.64303 6.65603 6.66957 6.68364 6.69816 6.71311 6.72841 6.74401 6.75986 6.77588 6.79202 6.80821 6.82438 6.84045 6.85637 6.87205 6.88743 6.90243 6.917 6.93105 6.94453 6.95736 6.9695 6.98088 6.99144 7.00114 7.00993 7.01776 7.02461 7.03042 7.03519 7.03888 7.04147 7.04296 7.04333 7.04258 7.04073 7.03777 7.03372 7.02861 7.02245 7.01529 7.00714 6.99806 6.98809 6.97728 6.96568 6.95335 6.94034 6.92673 6.91257 6.89794 6.88289 6.86752 6.85187 6.83603 6.82006 6.80404 6.78804 6.77211 6.75634 6.74077 6.72548 6.71052 6.69595 6.68181 6.66816 6.65504 6.64249 6.63055 6.61926 6.60865 6.59874 6.58957 6.58114 6.57349 6.56663 6.56057 6.55533 6.55092 6.54734 6.5446 6.54271 6.54166 
6.53579 6.53647 6.53801 6.54042 6.54369 6.54781 6.55278 6.5586 6.56524 6.5727 6.58096 6.59 6.5998 6.61034 6.62158 6.63351 6.64608 6.65925 6.67299 6.68725 6.70197 6.71712 6.73263 6.74844 6.7645 6.78074 6.7971 6.8135 6.82988 6.84616 6.86228 6.87816 6.89374 6.90894 6.92368 6.93791 6.95156 6.96455 6.97684 6.98836 6.99905 7.00887 7.01776 7.02569 7.03262 7.03851 7.04333 7.04706 7.04968 7.05119 7.05156 7.05081 7.04893 7.04594 7.04184 7.03667 7.03043 7.02318 7.01493 7.00574 6.99565 6.9847 6.97295 6.96047 6.9473 6.93351 6.91917 6.90435 6.88911 6.87354 6.85769 6.84164 6.82546 6.80923 6.79301 6.77687 6.76088 6.7451 6.7296 6.71444 6.69966 6.68532 6.67148 6.65817 6.64545 6.63334 6.62189 6.61112 6.60107 6.59176 6.58321 6.57545 6.56849 6.56234 6.55702 6.55254 6.5489 6.54612 6.5442 6.54315 
6.5371 6.53778 6.53934 6.54178 6.54509 6.54926 6.5543 6.56018 6.56691 6.57446 6.58282 6.59198 6.6019 6.61257 6.62395 6.63602 6.64874 6.66208 6.67598 6.69041 6.70531 6.72063 6.73633 6.75232 6.76857 6.785 6.80154 6.81812 6.83469 6.85115 6.86745 6.88351 6.89926 6.91462 6.92953 6.94391 6.9577 6.97083 6.98325 6.99489 7.0057 7.01562 7.02461 7.03262 7.03962 7.04557 7.05044 7.05421 7.05686 7.05838 7.05876 7.058 7.0561 7.05307 7.04893 7.0437 7.0374 7.03007 7.02174 7.01245 7.00225 6.99118 6.97931 6.96669 6.95338 6.93944 6.92494 6.90996 6.89455 6.8788 6.86277 6.84654 6.83018 6.81376 6.79735 6.78103 6.76485 6.74889 6.73321 6.71786 6.70291 6.6884 6.67439 6.66092 6.64804 6.63578 6.62419 6.61329 6.60311 6.59369 6.58503 6.57717 6.57012 6.56389 6.55851 6.55397 6.55029 6.54747 6.54552 6.54445 
6.53822 6.53891 6.54048 6.54295 6.54629 6.55051 6.5556 6.56155 6.56834 6.57597 6.58442 6.59367 6.6037 6.61448 6.62598 6.63817 6.65102 6.66449 6.67853 6.6931 6.70815 6.72363 6.73948 6.75563 6.77203 6.78862 6.80532 6.82206 6.83878 6.8554 6.87185 6.88806 6.90395 6.91945 6.9345 6.94901 6.96292 6.97618 6.9887 7.00045 7.01135 7.02136 7.03042 7.03851 7.04557 7.05157 7.05648 7.06028 7.06296 7.06449 7.06487 7.0641 7.06219 7.05913 7.05496 7.04968 7.04333 7.03593 7.02752 7.01815 7.00786 6.99669 6.98471 6.97198 6.95854 6.94448 6.92985 6.91473 6.89918 6.88328 6.8671 6.85071 6.8342 6.81762 6.80106 6.78457 6.76824 6.75212 6.73628 6.72078 6.70568 6.69102 6.67687 6.66327 6.65025 6.63787 6.62616 6.61514 6.60486 6.59534 6.58659 6.57864 6.57152 6.56523 6.55978 6.55519 6.55147 6.54863 6.54666 6.54557 
6.53914 6.53984 6.54143 6.54391 6.54729 6.55154 6.55667 6.56267 6.56953 6.57722 6.58575 6.59507 6.60518 6.61605 6.62765 6.63994 6.6529 6.66648 6.68063 6.69532 6.71049 6.72609 6.74206 6.75835 6.77488 6.79159 6.80842 6.82529 6.84214 6.85888 6.87546 6.89179 6.9078 6.92341 6.93857 6.95319 6.9672 6.98055 6.99317 7.005 7.01598 7.02606 7.03519 7.04333 7.05044 7.05648 7.06143 7.06526 7.06795 7.06949 7.06988 7.0691 7.06717 7.0641 7.05989 7.05458 7.04818 7.04073 7.03226 7.02282 7.01245 7.00121 6.98914 6.97631 6.96278 6.94861 6.93387 6.91863 6.90297 6.88695 6.87064 6.85414 6.83749 6.82079 6.80409 6.78748 6.77102 6.75477 6.73881 6.72318 6.70795 6.69318 6.67891 6.6652 6.65207 6.63959 6.62778 6.61667 6.6063 6.5967 6.58788 6.57986 6.57267 6.56633 6.56083 6.55621 6.55245 6.54958 6.5476 6.54651 
6.53988 6.54058 6.54218 6.54468 6.54807 6.55236 6.55752 6.56356 6.57046 6.57821 6.58678 6.59617 6.60634 6.61728 6.62895 6.64132 6.65436 6.66802 6.68227 6.69705 6.71231 6.72801 6.74407 6.76045 6.77708 6.7939 6.81082 6.8278 6.84474 6.86158 6.87826 6.89468 6.91078 6.92648 6.94172 6.95642 6.97052 6.98394 6.99663 7.00852 7.01956 7.0297 7.03888 7.04706 7.05421 7.06028 7.06526 7.06911 7.07181 7.07336 7.07375 7.07297 7.07103 7.06794 7.06371 7.05837 7.05193 7.04444 7.03593 7.02643 7.01601 7.0047 6.99257 6.97966 6.96605 6.95181 6.93698 6.92166 6.9059 6.88979 6.87339 6.85679 6.84005 6.82324 6.80645 6.78974 6.77317 6.75683 6.74077 6.72504 6.70972 6.69486 6.6805 6.6667 6.65349 6.64093 6.62904 6.61787 6.60743 6.59776 6.58888 6.58082 6.57358 6.56719 6.56166 6.55701 6.55323 6.55034 6.54834 6.54724 
6.54041 6.54111 6.54272 6.54523 6.54864 6.55294 6.55813 6.5642 6.57113 6.57891 6.58753 6.59695 6.60717 6.61816 6.62988 6.64231 6.6554 6.66912 6.68343 6.69827 6.7136 6.72936 6.7455 6.76195 6.77864 6.79553 6.81252 6.82956 6.84658 6.86349 6.88023 6.89671 6.91288 6.92864 6.94394 6.9587 6.97285 6.98633 6.99906 7.011 7.02208 7.03225 7.04147 7.04968 7.05686 7.06296 7.06795 7.07181 7.07453 7.07609 7.07647 7.07569 7.07374 7.07064 7.06639 7.06103 7.05457 7.04705 7.0385 7.02897 7.01851 7.00716 6.99498 6.98202 6.96836 6.95405 6.93917 6.92379 6.90797 6.89179 6.87533 6.85866 6.84185 6.82497 6.80811 6.79133 6.7747 6.75828 6.74215 6.72637 6.71098 6.69605 6.68163 6.66777 6.65451 6.64189 6.62995 6.61872 6.60824 6.59852 6.58961 6.5815 6.57424 6.56782 6.56226 6.55758 6.55379 6.55088 6.54888 6.54777 
6.54073 6.54144 6.54305 6.54557 6.54899 6.5533 6.55851 6.56459 6.57154 6.57934 6.58797 6.59742 6.60767 6.61868 6.63043 6.64289 6.65602 6.66977 6.68411 6.69899 6.71435 6.73015 6.74633 6.76281 6.77955 6.79647 6.81351 6.83059 6.84764 6.86459 6.88136 6.89788 6.91408 6.92989 6.94522 6.96001 6.97419 6.98769 7.00046 7.01242 7.02353 7.03372 7.04296 7.05119 7.05838 7.06449 7.06949 7.07336 7.07609 7.07764 7.07803 7.07725 7.0753 7.07219 7.06793 7.06255 7.05608 7.04854 7.03998 7.03043 7.01994 7.00856 6.99636 6.98337 6.96968 6.95534 6.94043 6.92501 6.90916 6.89294 6.87644 6.85973 6.84288 6.82597 6.80907 6.79225 6.77558 6.75913 6.74296 6.72713 6.71171 6.69675 6.68229 6.6684 6.6551 6.64245 6.63048 6.61923 6.60872 6.59898 6.59004 6.58192 6.57463 6.5682 6.56263 6.55794 6.55413 6.55122 6.54921 6.5481 
