2.80348 2.80372 2.80396 2.8042 2.80445 2.80469 2.80493 2.80517 2.80541 2.80565 2.80589 2.80614 2.80639 2.80665 2.80692 2.8072 2.80749 2.80781 2.80814 2.80851 2.8089 2.80932 2.80977 2.81026 2.81079 2.81135 2.81196 2.8126 2.81327 2.81399 2.81473 2.8155 2.81629 2.81711 2.81794 2.81877 2.8196 2.82043 2.82124 2.82202 2.82277 2.82349 2.82415 2.82476 2.82531 2.82579 2.8262 2.82652 2.82677 2.82692 2.827 2.82698 2.82687 2.82668 2.82641 2.82606 2.82562 2.82512 2.82456 2.82394 2.82326 2.82255 2.82179 2.82102 2.82022 2.81941 2.8186 2.81779 2.81699 2.81621 2.81545 2.81472 2.81402 2.81336 2.81274 2.81216 2.81163 2.81114 2.8107 2.8103 2.80995 2.80965 2.80939 2.80918 2.80901 2.80889 2.8088 2.80875 2.80874 2.80876 2.80881 2.8089 2.809 2.80914 2.80929 2.80946 2.80965 2.80986 2.81007 2.8103 
2.80372 2.80396 2.8042 2.80444 2.80468 2.80492 2.80517 2.80541 2.80565 2.80589 2.80613 2.80637 2.80663 2.80688 2.80715 2.80743 2.80773 2.80805 2.80839 2.80875 2.80915 2.80957 2.81003 2.81053 2.81106 2.81163 2.81224 2.81289 2.81358 2.81431 2.81506 2.81585 2.81666 2.81748 2.81833 2.81917 2.82002 2.82086 2.82169 2.82249 2.82326 2.82398 2.82466 2.82528 2.82584 2.82633 2.82674 2.82708 2.82732 2.82749 2.82756 2.82754 2.82743 2.82724 2.82696 2.8266 2.82616 2.82565 2.82507 2.82444 2.82375 2.82302 2.82225 2.82146 2.82065 2.81982 2.81899 2.81817 2.81736 2.81656 2.81579 2.81505 2.81434 2.81367 2.81304 2.81245 2.8119 2.81141 2.81096 2.81056 2.81021 2.8099 2.80964 2.80943 2.80926 2.80913 2.80904 2.80899 2.80898 2.809 2.80905 2.80913 2.80924 2.80937 2.80953 2.8097 2.80989 2.81009 2.81031 2.81053 
2.80396 2.8042 2.80444 2.80468 2.80492 2.80517 2.80541 2.80565 2.8059 2.80614 2.80639 2.80664 2.80689 2.80716 2.80743 2.80773 2.80804 2.80837 2.80872 2.8091 2.80952 2.80997 2.81045 2.81098 2.81154 2.81215 2.81279 2.81348 2.81421 2.81498 2.81578 2.81661 2.81747 2.81835 2.81924 2.82014 2.82104 2.82193 2.8228 2.82365 2.82446 2.82523 2.82594 2.8266 2.82719 2.82771 2.82814 2.8285 2.82876 2.82893 2.829 2.82898 2.82887 2.82866 2.82836 2.82798 2.82751 2.82697 2.82636 2.82568 2.82496 2.82418 2.82337 2.82253 2.82167 2.82079 2.81992 2.81904 2.81818 2.81734 2.81652 2.81574 2.81498 2.81427 2.8136 2.81298 2.8124 2.81187 2.8114 2.81097 2.81059 2.81027 2.80999 2.80976 2.80957 2.80943 2.80933 2.80927 2.80925 2.80927 2.80931 2.80939 2.80949 2.80962 2.80977 2.80995 2.81013 2.81034 2.81055 2.81077 
2.8042 2.80444 2.80468 2.80492 2.80517 2.80541 2.80566 2.80591 2.80616 2.80641 2.80666 2.80692 2.80719 2.80747 2.80777 2.80808 2.80841 2.80877 2.80915 2.80957 2.81002 2.81051 2.81104 2.81162 2.81224 2.8129 2.81361 2.81437 2.81517 2.81601 2.81689 2.81781 2.81875 2.81971 2.82069 2.82167 2.82266 2.82363 2.82459 2.82551 2.8264 2.82724 2.82802 2.82874 2.82939 2.82995 2.83042 2.8308 2.83109 2.83127 2.83135 2.83133 2.8312 2.83097 2.83064 2.83022 2.82971 2.82911 2.82844 2.8277 2.82691 2.82606 2.82517 2.82425 2.8233 2.82234 2.82138 2.82042 2.81948 2.81856 2.81766 2.81679 2.81597 2.81518 2.81444 2.81376 2.81312 2.81254 2.81201 2.81154 2.81112 2.81075 2.81044 2.81018 2.80997 2.8098 2.80968 2.8096 2.80957 2.80957 2.8096 2.80967 2.80976 2.80989 2.81003 2.8102 2.81038 2.81058 2.81079 2.81102 
2.80445 2.80468 2.80492 2.80517 2.80542 2.80567 2.80592 2.80617 2.80643 2.80669 2.80696 2.80724 2.80752 2.80783 2.80815 2.80849 2.80885 2.80925 2.80968 2.81015 2.81066 2.81121 2.81181 2.81246 2.81316 2.81391 2.81472 2.81557 2.81648 2.81743 2.81842 2.81945 2.82052 2.8216 2.8227 2.82381 2.82492 2.82602 2.82709 2.82813 2.82912 2.83006 2.83094 2.83174 2.83246 2.83309 2.83362 2.83404 2.83435 2.83455 2.83464 2.83461 2.83446 2.8342 2.83383 2.83336 2.83278 2.83211 2.83136 2.83053 2.82963 2.82868 2.82768 2.82664 2.82558 2.8245 2.82341 2.82234 2.82127 2.82023 2.81921 2.81824 2.8173 2.81642 2.81558 2.8148 2.81408 2.81341 2.81281 2.81227 2.81179 2.81136 2.811 2.81069 2.81044 2.81024 2.81009 2.80998 2.80992 2.8099 2.80991 2.80997 2.81005 2.81016 2.8103 2.81046 2.81064 2.81083 2.81104 2.81126 
2.80469 2.80492 2.80517 2.80541 2.80567 2.80592 2.80618 2.80645 2.80672 2.80699 2.80728 2.80758 2.80789 2.80823 2.80858 2.80896 2.80938 2.80983 2.81032 2.81085 2.81144 2.81207 2.81276 2.81351 2.81432 2.81519 2.81612 2.81711 2.81816 2.81925 2.8204 2.82159 2.82281 2.82406 2.82532 2.82659 2.82786 2.82911 2.83034 2.83153 2.83266 2.83373 2.83473 2.83564 2.83646 2.83717 2.83777 2.83825 2.8386 2.83883 2.83892 2.83889 2.83871 2.83841 2.83799 2.83744 2.83678 2.83602 2.83515 2.8342 2.83317 2.83208 2.83093 2.82975 2.82853 2.82729 2.82605 2.82481 2.82359 2.82239 2.82122 2.82009 2.81902 2.81799 2.81703 2.81612 2.81528 2.81451 2.81381 2.81318 2.81261 2.81211 2.81168 2.81131 2.811 2.81075 2.81055 2.81041 2.81031 2.81026 2.81026 2.81029 2.81035 2.81045 2.81057 2.81072 2.81089 2.81108 2.81129 2.8115 
2.80493 2.80517 2.80541 2.80566 2.80592 2.80618 2.80645 2.80673 2.80702 2.80731 2.80762 2.80795 2.8083 2.80867 2.80907 2.80951 2.80998 2.8105 2.81107 2.81169 2.81238 2.81312 2.81393 2.81481 2.81575 2.81677 2.81786 2.81902 2.82024 2.82152 2.82285 2.82424 2.82566 2.82711 2.82858 2.83006 2.83153 2.83298 2.83439 2.83576 2.83707 2.83831 2.83946 2.84051 2.84145 2.84226 2.84295 2.8435 2.8439 2.84416 2.84426 2.84421 2.84401 2.84366 2.84316 2.84253 2.84176 2.84088 2.83988 2.83878 2.83759 2.83632 2.83499 2.83361 2.8322 2.83077 2.82932 2.82788 2.82646 2.82506 2.82371 2.82239 2.82113 2.81994 2.81881 2.81775 2.81676 2.81585 2.81502 2.81427 2.8136 2.813 2.81248 2.81203 2.81165 2.81133 2.81108 2.81089 2.81075 2.81067 2.81063 2.81063 2.81067 2.81075 2.81086 2.811 2.81116 2.81134 2.81154 2.81175 
2.80517 2.80541 2.80565 2.80591 2.80617 2.80645 2.80673 2.80702 2.80733 2.80765 2.80799 2.80836 2.80875 2.80917 2.80963 2.81013 2.81069 2.81129 2.81196 2.81269 2.81349 2.81437 2.81532 2.81636 2.81747 2.81867 2.81996 2.82132 2.82276 2.82426 2.82583 2.82745 2.82912 2.83082 2.83253 2.83426 2.83597 2.83766 2.83931 2.8409 2.84242 2.84386 2.84519 2.8464 2.84749 2.84843 2.84922 2.84985 2.85031 2.8506 2.85072 2.85065 2.85042 2.85 2.84943 2.84869 2.84779 2.84676 2.84559 2.84431 2.84293 2.84145 2.8399 2.8383 2.83665 2.83498 2.83329 2.83161 2.82994 2.82831 2.82671 2.82517 2.82369 2.82228 2.82095 2.8197 2.81853 2.81746 2.81647 2.81557 2.81477 2.81405 2.81342 2.81287 2.8124 2.81201 2.81169 2.81143 2.81124 2.81111 2.81103 2.811 2.81101 2.81107 2.81116 2.81128 2.81142 2.81159 2.81178 2.81199 
2.80541 2.80565 2.8059 2.80616 2.80643 2.80672 2.80702 2.80733 2.80766 2.80802 2.8084 2.80881 2.80925 2.80973 2.81026 2.81085 2.81149 2.8122 2.81299 2.81385 2.8148 2.81583 2.81696 2.81819 2.81951 2.82093 2.82245 2.82406 2.82575 2.82753 2.82937 2.83128 2.83324 2.83523 2.83724 2.83926 2.84126 2.84323 2.84515 2.84701 2.84878 2.85044 2.85199 2.85339 2.85465 2.85574 2.85665 2.85738 2.85791 2.85824 2.85837 2.85829 2.85801 2.85753 2.85685 2.85598 2.85494 2.85374 2.85238 2.85088 2.84926 2.84754 2.84573 2.84386 2.84193 2.83997 2.838 2.83603 2.83407 2.83215 2.83028 2.82847 2.82673 2.82506 2.82349 2.82201 2.82063 2.81935 2.81818 2.8171 2.81614 2.81527 2.81451 2.81384 2.81326 2.81278 2.81237 2.81204 2.81179 2.8116 2.81147 2.8114 2.81138 2.8114 2.81146 2.81156 2.8117 2.81185 2.81204 2.81224 
2.80565 2.80589 2.80614 2.80641 2.80669 2.80699 2.80731 2.80765 2.80802 2.80841 2.80883 2.8093 2.8098 2.81036 2.81098 2.81166 2.81242 2.81326 2.81418 2.8152 2.81632 2.81755 2.81889 2.82034 2.82191 2.82359 2.82538 2.82728 2.82927 2.83136 2.83354 2.83578 2.83807 2.8404 2.84276 2.84512 2.84745 2.84975 2.85199 2.85415 2.85621 2.85814 2.85993 2.86156 2.86302 2.86428 2.86533 2.86617 2.86678 2.86715 2.86729 2.8672 2.86686 2.8663 2.86551 2.8645 2.86328 2.86188 2.86029 2.85855 2.85667 2.85466 2.85255 2.85036 2.84811 2.84582 2.84351 2.8412 2.83891 2.83666 2.83446 2.83233 2.83028 2.82832 2.82646 2.82471 2.82308 2.82156 2.82016 2.81888 2.81773 2.81669 2.81577 2.81496 2.81425 2.81365 2.81314 2.81273 2.81239 2.81214 2.81195 2.81183 2.81176 2.81175 2.81179 2.81186 2.81197 2.81212 2.81229 2.81248 
2.80589 2.80613 2.80639 2.80666 2.80696 2.80728 2.80762 2.80799 2.8084 2.80883 2.80931 2.80984 2.81042 2.81107 2.81179 2.81259 2.81348 2.81446 2.81556 2.81676 2.81809 2.81954 2.82112 2.82284 2.82469 2.82667 2.82878 2.83102 2.83337 2.83582 2.83837 2.84099 2.84368 2.84641 2.84915 2.8519 2.85462 2.8573 2.8599 2.8624 2.86479 2.86703 2.8691 2.87098 2.87266 2.87411 2.87533 2.87629 2.87699 2.87742 2.87757 2.87745 2.87706 2.8764 2.87548 2.87431 2.87289 2.87126 2.86942 2.8674 2.86521 2.86287 2.86042 2.85787 2.85525 2.85258 2.84989 2.84719 2.84452 2.84188 2.8393 2.83681 2.8344 2.83209 2.82991 2.82784 2.82591 2.82412 2.82246 2.82094 2.81956 2.81832 2.81721 2.81624 2.81538 2.81464 2.81402 2.8135 2.81307 2.81273 2.81248 2.8123 2.81218 2.81213 2.81213 2.81217 2.81226 2.81239 2.81254 2.81273 
2.80614 2.80637 2.80664 2.80692 2.80724 2.80758 2.80795 2.80836 2.80881 2.8093 2.80984 2.81045 2.81112 2.81187 2.81271 2.81364 2.81469 2.81585 2.81713 2.81856 2.82012 2.82183 2.8237 2.82572 2.8279 2.83023 2.83271 2.83533 2.83808 2.84095 2.84393 2.84699 2.85012 2.8533 2.85649 2.85968 2.86284 2.86593 2.86894 2.87184 2.87459 2.87717 2.87956 2.88173 2.88365 2.88532 2.88671 2.88782 2.88861 2.8891 2.88927 2.88913 2.88867 2.88791 2.88684 2.88548 2.88385 2.88196 2.87983 2.87749 2.87495 2.87225 2.86941 2.86645 2.86341 2.86031 2.85718 2.85405 2.85093 2.84786 2.84486 2.84194 2.83912 2.83643 2.83386 2.83144 2.82917 2.82705 2.82509 2.8233 2.82166 2.82019 2.81886 2.81769 2.81666 2.81577 2.815 2.81436 2.81383 2.8134 2.81306 2.81281 2.81263 2.81253 2.81249 2.8125 2.81256 2.81266 2.81281 2.81298 
2.80639 2.80663 2.80689 2.80719 2.80752 2.80789 2.8083 2.80875 2.80925 2.8098 2.81042 2.81112 2.8119 2.81277 2.81375 2.81484 2.81606 2.81743 2.81894 2.82061 2.82245 2.82446 2.82665 2.82902 2.83157 2.8343 2.8372 2.84026 2.84346 2.84681 2.85027 2.85383 2.85746 2.86113 2.86483 2.86851 2.87216 2.87573 2.87919 2.88252 2.88568 2.88864 2.89138 2.89387 2.89607 2.89798 2.89957 2.90082 2.90173 2.90228 2.90247 2.9023 2.90177 2.90088 2.89965 2.89809 2.89621 2.89404 2.89159 2.88889 2.88597 2.88286 2.87958 2.87618 2.87266 2.86908 2.86547 2.86184 2.85823 2.85467 2.85118 2.84778 2.84451 2.84136 2.83837 2.83554 2.83288 2.8304 2.8281 2.82598 2.82405 2.82231 2.82074 2.81934 2.81811 2.81704 2.81611 2.81533 2.81467 2.81413 2.8137 2.81337 2.81312 2.81296 2.81287 2.81284 2.81287 2.81295 2.81308 2.81324 
2.80665 2.80688 2.80716 2.80747 2.80783 2.80823 2.80867 2.80917 2.80973 2.81036 2.81107 2.81187 2.81277 2.81378 2.81492 2.8162 2.81763 2.81922 2.82099 2.82295 2.8251 2.82745 2.83001 2.83277 2.83575 2.83892 2.84229 2.84585 2.84957 2.85344 2.85745 2.86155 2.86574 2.86998 2.87423 2.87846 2.88264 2.88674 2.8907 2.89451 2.89812 2.90151 2.90463 2.90746 2.90997 2.91214 2.91394 2.91536 2.91639 2.91701 2.91722 2.91702 2.91641 2.91539 2.91398 2.91219 2.91004 2.90755 2.90475 2.90167 2.89832 2.89476 2.891 2.88709 2.88306 2.87895 2.87478 2.87061 2.86645 2.86234 2.85831 2.85438 2.85059 2.84694 2.84347 2.84018 2.83708 2.83419 2.8315 2.82903 2.82676 2.82471 2.82286 2.82121 2.81975 2.81847 2.81736 2.81641 2.81561 2.81495 2.81441 2.81398 2.81366 2.81343 2.81328 2.81321 2.8132 2.81325 2.81335 2.81351 
2.80692 2.80715 2.80743 2.80777 2.80815 2.80858 2.80907 2.80963 2.81026 2.81098 2.81179 2.81271 2.81375 2.81492 2.81624 2.81773 2.81939 2.82125 2.82331 2.82559 2.8281 2.83083 2.83381 2.83702 2.84046 2.84414 2.84804 2.85214 2.85644 2.8609 2.8655 2.87022 2.87503 2.87988 2.88474 2.88958 2.89435 2.89902 2.90353 2.90786 2.91197 2.91581 2.91935 2.92255 2.9254 2.92785 2.92988 2.93149 2.93264 2.93334 2.93357 2.93333 2.93263 2.93147 2.92987 2.92783 2.92539 2.92256 2.91937 2.91586 2.91206 2.908 2.90372 2.89925 2.89465 2.88995 2.88519 2.88041 2.87564 2.87093 2.8663 2.86178 2.85741 2.85321 2.8492 2.84539 2.84181 2.83845 2.83533 2.83245 2.82982 2.82742 2.82525 2.82331 2.82159 2.82008 2.81876 2.81763 2.81666 2.81585 2.81519 2.81466 2.81424 2.81394 2.81373 2.8136 2.81355 2.81357 2.81365 2.81378 
2.8072 2.80743 2.80773 2.80808 2.80849 2.80896 2.80951 2.81013 2.81085 2.81166 2.81259 2.81364 2.81484 2.8162 2.81773 2.81945 2.82138 2.82354 2.82593 2.82857 2.83147 2.83464 2.83808 2.84178 2.84576 2.84999 2.85447 2.85919 2.86411 2.86922 2.87449 2.87988 2.88535 2.89088 2.89641 2.90191 2.90732 2.91261 2.91772 2.92262 2.92725 2.93159 2.93557 2.93918 2.94238 2.94514 2.94743 2.94922 2.95052 2.95129 2.95154 2.95127 2.95047 2.94916 2.94734 2.94504 2.94228 2.93909 2.93549 2.93152 2.92721 2.92261 2.91776 2.9127 2.90748 2.90214 2.89673 2.89128 2.88585 2.88047 2.87519 2.87003 2.86502 2.86021 2.8556 2.85122 2.84709 2.84322 2.83962 2.83629 2.83324 2.83045 2.82793 2.82567 2.82365 2.82188 2.82032 2.81898 2.81783 2.81686 2.81606 2.8154 2.81489 2.81449 2.81421 2.81402 2.81392 2.8139 2.81396 2.81407 
2.80749 2.80773 2.80804 2.80841 2.80885 2.80938 2.80998 2.81069 2.81149 2.81242 2.81348 2.81469 2.81606 2.81763 2.81939 2.82138 2.82361 2.8261 2.82886 2.83191 2.83525 2.83889 2.84284 2.8471 2.85166 2.85651 2.86163 2.86701 2.87263 2.87845 2.88443 2.89055 2.89676 2.90302 2.90927 2.91548 2.92158 2.92754 2.93329 2.93879 2.944 2.94886 2.95333 2.95737 2.96094 2.96402 2.96658 2.96858 2.97002 2.97088 2.97115 2.97084 2.96994 2.96846 2.96642 2.96384 2.96074 2.95715 2.95311 2.94864 2.9438 2.93863 2.93317 2.92747 2.92157 2.91554 2.90942 2.90326 2.89711 2.89101 2.88501 2.87914 2.87344 2.86795 2.86269 2.85769 2.85297 2.84853 2.8444 2.84057 2.83705 2.83383 2.83092 2.82829 2.82595 2.82388 2.82206 2.82049 2.81913 2.81798 2.81702 2.81623 2.81559 2.8151 2.81473 2.81448 2.81432 2.81426 2.81428 2.81438 
2.80781 2.80805 2.80837 2.80877 2.80925 2.80983 2.8105 2.81129 2.8122 2.81326 2.81446 2.81585 2.81743 2.81922 2.82125 2.82354 2.8261 2.82896 2.83213 2.83562 2.83945 2.84362 2.84814 2.853 2.8582 2.86371 2.86954 2.87565 2.88201 2.8886 2.89536 2.90227 2.90927 2.91631 2.92334 2.93031 2.93715 2.94382 2.95025 2.9564 2.96221 2.96762 2.9726 2.9771 2.98108 2.9845 2.98733 2.98955 2.99114 2.99209 2.99239 2.99203 2.99102 2.98937 2.98709 2.98421 2.98076 2.97675 2.97224 2.96725 2.96184 2.95605 2.94994 2.94355 2.93695 2.93018 2.9233 2.91637 2.90944 2.90256 2.89578 2.88915 2.8827 2.87648 2.87051 2.86483 2.85945 2.8544 2.84968 2.8453 2.84126 2.83758 2.83422 2.8312 2.8285 2.8261 2.82399 2.82215 2.82057 2.81921 2.81807 2.81713 2.81637 2.81576 2.8153 2.81497 2.81475 2.81465 2.81463 2.81471 
2.80814 2.80839 2.80872 2.80915 2.80968 2.81032 2.81107 2.81196 2.81299 2.81418 2.81556 2.81713 2.81894 2.82099 2.82331 2.82593 2.82886 2.83213 2.83575 2.83973 2.8441 2.84885 2.85398 2.8595 2.86539 2.87164 2.87822 2.88512 2.89229 2.8997 2.9073 2.91505 2.92289 2.93077 2.93862 2.94639 2.95402 2.96144 2.9686 2.97542 2.98187 2.98787 2.99338 2.99835 3.00275 3.00652 3.00965 3.0121 3.01385 3.01489 3.01521 3.0148 3.01368 3.01185 3.00933 3.00614 3.0023 2.99786 2.99285 2.98732 2.98131 2.97488 2.96807 2.96096 2.9536 2.94604 2.93836 2.93061 2.92285 2.91514 2.90753 2.90008 2.89282 2.88581 2.87908 2.87265 2.86657 2.86084 2.85548 2.8505 2.84591 2.8417 2.83787 2.83442 2.83131 2.82856 2.82612 2.82399 2.82215 2.82057 2.81924 2.81812 2.81721 2.81648 2.81592 2.8155 2.81522 2.81506 2.81501 2.81506 
2.80851 2.80875 2.8091 2.80957 2.81015 2.81085 2.81169 2.81269 2.81385 2.8152 2.81676 2.81856 2.82061 2.82295 2.82559 2.82857 2.83191 2.83562 2.83973 2.84426 2.8492 2.85458 2.86038 2.86661 2.87325 2.88028 2.88768 2.89542 2.90346 2.91175 2.92024 2.92888 2.93762 2.94638 2.95511 2.96373 2.97218 2.98039 2.9883 2.99583 3.00293 3.00955 3.01561 3.02108 3.02591 3.03005 3.03348 3.03616 3.03808 3.03921 3.03956 3.03911 3.03787 3.03585 3.03307 3.02955 3.02533 3.02044 3.01491 3.00881 3.00217 2.99506 2.98754 2.97967 2.97151 2.96313 2.9546 2.94598 2.93734 2.92875 2.92025 2.91192 2.9038 2.89595 2.88839 2.88117 2.87432 2.86787 2.86182 2.8562 2.851 2.84623 2.84188 2.83794 2.8344 2.83125 2.82846 2.82602 2.82389 2.82207 2.82051 2.81921 2.81814 2.81727 2.8166 2.81608 2.81573 2.81551 2.81541 2.81544 
2.8089 2.80915 2.80952 2.81002 2.81066 2.81144 2.81238 2.81349 2.8148 2.81632 2.81809 2.82012 2.82245 2.8251 2.8281 2.83147 2.83525 2.83945 2.8441 2.8492 2.85478 2.86083 2.86736 2.87435 2.88179 2.88966 2.89793 2.90657 2.91552 2.92474 2.93418 2.94376 2.95343 2.96313 2.97276 2.98227 2.99158 3.00061 3.0093 3.01757 3.02535 3.0326 3.03923 3.04521 3.05048 3.055 3.05874 3.06166 3.06375 3.06498 3.06535 3.06485 3.06349 3.06128 3.05823 3.05439 3.04976 3.0444 3.03835 3.03166 3.02438 3.01657 3.0083 2.99963 2.99064 2.9814 2.97198 2.96245 2.95289 2.94336 2.93394 2.92468 2.91565 2.90689 2.89846 2.89039 2.88273 2.87549 2.86871 2.86238 2.85653 2.85115 2.84624 2.84178 2.83778 2.83419 2.83102 2.82823 2.8258 2.8237 2.82191 2.8204 2.81915 2.81814 2.81733 2.81672 2.81627 2.81599 2.81585 2.81584 
2.80932 2.80957 2.80997 2.81051 2.81121 2.81207 2.81312 2.81437 2.81583 2.81755 2.81954 2.82183 2.82446 2.82745 2.83083 2.83464 2.83889 2.84362 2.84885 2.85458 2.86083 2.86761 2.8749 2.88271 2.89101 2.89977 2.90896 2.91854 2.92846 2.93866 2.94908 2.95965 2.97031 2.98096 2.99154 3.00197 3.01216 3.02204 3.03153 3.04056 3.04904 3.05693 3.06415 3.07064 3.07637 3.08127 3.08533 3.08849 3.09075 3.09208 3.09247 3.09192 3.09044 3.08803 3.08472 3.08054 3.07551 3.06967 3.06308 3.05578 3.04784 3.03931 3.03028 3.02079 3.01095 3.00081 2.99047 2.97999 2.96947 2.95897 2.94857 2.93833 2.92833 2.91863 2.90927 2.90031 2.89178 2.88372 2.87614 2.86907 2.86252 2.85649 2.85097 2.84596 2.84144 2.83739 2.8338 2.83063 2.82787 2.82548 2.82343 2.8217 2.82025 2.81907 2.81813 2.8174 2.81687 2.81651 2.81632 2.81628 
2.80977 2.81003 2.81045 2.81104 2.81181 2.81276 2.81393 2.81532 2.81696 2.81889 2.82112 2.8237 2.82665 2.83001 2.83381 2.83808 2.84284 2.84814 2.85398 2.86038 2.86736 2.8749 2.88302 2.89169 2.90088 2.91058 2.92074 2.93132 2.94225 2.95347 2.96492 2.97651 2.98818 2.99983 3.01139 3.02276 3.03386 3.0446 3.05491 3.0647 3.0739 3.08243 3.09024 3.09726 3.10344 3.10873 3.1131 3.11651 3.11894 3.12037 3.12078 3.12019 3.11858 3.11598 3.11241 3.10788 3.10244 3.09613 3.08899 3.08108 3.07247 3.06321 3.05339 3.04307 3.03235 3.02129 3.01 2.99855 2.98702 2.97551 2.9641 2.95285 2.94184 2.93115 2.92082 2.91091 2.90147 2.89252 2.88411 2.87625 2.86896 2.86223 2.85606 2.85045 2.84539 2.84085 2.83681 2.83324 2.83011 2.8274 2.82507 2.8231 2.82145 2.82009 2.81899 2.81814 2.81751 2.81707 2.81683 2.81675 
2.81026 2.81053 2.81098 2.81162 2.81246 2.81351 2.81481 2.81636 2.81819 2.82034 2.82284 2.82572 2.82902 2.83277 2.83702 2.84178 2.8471 2.853 2.8595 2.86661 2.87435 2.88271 2.89169 2.90126 2.91141 2.92209 2.93326 2.94486 2.95684 2.96912 2.98163 2.99428 3.00699 3.01966 3.03221 3.04454 3.05656 3.06818 3.07932 3.08988 3.09979 3.10898 3.11738 3.12492 3.13156 3.13724 3.14192 3.14557 3.14817 3.1497 3.15014 3.1495 3.14777 3.14498 3.14113 3.13627 3.13042 3.12363 3.11594 3.10742 3.09813 3.08814 3.07753 3.06637 3.05475 3.04276 3.03049 3.01804 3.0055 2.99294 2.98048 2.96818 2.95613 2.9444 2.93306 2.92216 2.91176 2.9019 2.89261 2.88392 2.87583 2.86837 2.86152 2.85528 2.84963 2.84456 2.84004 2.83604 2.83253 2.82948 2.82685 2.82461 2.82273 2.82118 2.81992 2.81894 2.81819 2.81768 2.81737 2.81726 
2.81079 2.81106 2.81154 2.81224 2.81316 2.81432 2.81575 2.81747 2.81951 2.82191 2.82469 2.8279 2.83157 2.83575 2.84046 2.84576 2.85166 2.8582 2.86539 2.87325 2.88179 2.89101 2.90088 2.91141 2.92254 2.93424 2.94645 2.95913 2.97218 2.98555 2.99915 3.01287 3.02664 3.04035 3.05391 3.06721 3.08016 3.09266 3.10462 3.11596 3.12659 3.13642 3.14541 3.15347 3.16055 3.16661 3.17161 3.1755 3.17827 3.17989 3.18036 3.17967 3.17783 3.17484 3.17074 3.16554 3.15929 3.15202 3.1438 3.13467 3.1247 3.11398 3.10257 3.09056 3.07804 3.06511 3.05186 3.03839 3.0248 3.01119 2.99765 2.98427 2.97114 2.95835 2.94596 2.93404 2.92264 2.91182 2.90162 2.89205 2.88314 2.8749 2.86733 2.86042 2.85416 2.84852 2.84349 2.83903 2.83511 2.8317 2.82875 2.82623 2.82411 2.82235 2.82092 2.81979 2.81893 2.81833 2.81796 2.81781 
2.81135 2.81163 2.81215 2.8129 2.81391 2.81519 2.81677 2.81867 2.82093 2.82359 2.82667 2.83023 2.8343 2.83892 2.84414 2.84999 2.85651 2.86371 2.87164 2.88028 2.88966 2.89977 2.91058 2.92209 2.93424 2.94699 2.96028 2.97405 2.98821 3.00269 3.01739 3.03221 3.04705 3.0618 3.07637 3.09065 3.10452 3.1179 3.13069 3.14279 3.15411 3.16459 3.17415 3.18272 3.19025 3.19668 3.20198 3.2061 3.20904 3.21076 3.21125 3.21052 3.20856 3.20539 3.20103 3.19551 3.18887 3.18114 3.17238 3.16265 3.15202 3.14057 3.12837 3.11552 3.1021 3.08823 3.07399 3.0595 3.04485 3.03016 3.01553 3.00105 2.98682 2.97293 2.95947 2.94649 2.93407 2.92225 2.91109 2.90062 2.89085 2.8818 2.87347 2.86586 2.85896 2.85273 2.84716 2.84222 2.83787 2.83406 2.83078 2.82796 2.82558 2.8236 2.82199 2.82071 2.81973 2.81903 2.81859 2.8184 
2.81196 2.81224 2.81279 2.81361 2.81472 2.81612 2.81786 2.81996 2.82245 2.82538 2.82878 2.83271 2.8372 2.84229 2.84804 2.85447 2.86163 2.86954 2.87822 2.88768 2.89793 2.90896 2.92074 2.93326 2.94645 2.96028 2.97467 2.98956 3.00484 3.02044 3.03625 3.05217 3.06809 3.08389 3.09947 3.11471 3.1295 3.14375 3.15734 3.17019 3.18221 3.19331 3.20343 3.21249 3.22044 3.22723 3.23283 3.23718 3.24027 3.24208 3.2426 3.24183 3.23976 3.23642 3.23182 3.22599 3.21896 3.21078 3.20151 3.1912 3.17992 3.16776 3.15478 3.1411 3.12679 3.11198 3.09676 3.08124 3.06554 3.04976 3.03402 3.01843 3.00309 2.98809 2.97352 2.95946 2.94599 2.93315 2.92101 2.90959 2.89894 2.88905 2.87994 2.8716 2.86401 2.85717 2.85104 2.84559 2.84078 2.83657 2.83292 2.8298 2.82715 2.82493 2.82312 2.82168 2.82057 2.81977 2.81926 2.81902 
2.8126 2.81289 2.81348 2.81437 2.81557 2.81711 2.81902 2.82132 2.82406 2.82728 2.83102 2.83533 2.84026 2.84585 2.85214 2.85919 2.86701 2.87565 2.88512 2.89542 2.90657 2.91854 2.93132 2.94486 2.95913 2.97405 2.98956 3.00557 3.02199 3.03871 3.05564 3.07266 3.08964 3.10648 3.12306 3.13925 3.15494 3.17003 3.18442 3.198 3.21068 3.22238 3.23304 3.24258 3.25094 3.25808 3.26395 3.26852 3.27176 3.27366 3.27421 3.2734 3.27123 3.26772 3.26289 3.25676 3.24937 3.24077 3.231 3.22013 3.20823 3.19537 3.18164 3.16714 3.15196 3.13622 3.12002 3.10349 3.08674 3.06988 3.05304 3.03633 3.01986 3.00373 2.98805 2.97289 2.95834 2.94446 2.93132 2.91894 2.90736 2.89661 2.88669 2.87759 2.86931 2.86183 2.85511 2.84913 2.84384 2.83921 2.83519 2.83173 2.8288 2.82634 2.82432 2.82271 2.82146 2.82055 2.81997 2.81969 
2.81327 2.81358 2.81421 2.81517 2.81648 2.81816 2.82024 2.82276 2.82575 2.82927 2.83337 2.83808 2.84346 2.84957 2.85644 2.86411 2.87263 2.88201 2.89229 2.90346 2.91552 2.92846 2.94225 2.95684 2.97218 2.98821 3.00484 3.02199 3.03954 3.05739 3.07543 3.09353 3.11158 3.12944 3.14699 3.16411 3.18068 3.19659 3.21174 3.22602 3.23934 3.25162 3.26279 3.27277 3.28152 3.28899 3.29512 3.2999 3.30329 3.30527 3.30585 3.305 3.30274 3.29908 3.29403 3.28762 3.2799 3.27089 3.26065 3.24924 3.23674 3.22322 3.20876 3.19347 3.17745 3.1608 3.14365 3.12612 3.10832 3.09039 3.07245 3.05463 3.03703 3.01978 3.00297 2.9867 2.97107 2.95613 2.94196 2.9286 2.91609 2.90445 2.89369 2.88382 2.87482 2.86668 2.85936 2.85283 2.84705 2.84197 2.83756 2.83376 2.83053 2.82782 2.82558 2.82379 2.8224 2.82138 2.82072 2.82039 
2.81399 2.81431 2.81498 2.81601 2.81743 2.81925 2.82152 2.82426 2.82753 2.83136 2.83582 2.84095 2.84681 2.85344 2.8609 2.86922 2.87845 2.8886 2.8997 2.91175 2.92474 2.93866 2.95347 2.96912 2.98555 3.00269 3.02044 3.03871 3.05739 3.07636 3.09549 3.11467 3.13374 3.1526 3.1711 3.18912 3.20654 3.22324 3.23911 3.25406 3.26799 3.28082 3.29247 3.30288 3.31199 3.31976 3.32614 3.3311 3.33463 3.3367 3.33729 3.33642 3.33408 3.33027 3.32503 3.31837 3.31032 3.30093 3.29026 3.27835 3.26528 3.25112 3.23597 3.21992 3.20308 3.18556 3.16749 3.14898 3.13016 3.11118 3.09216 3.07322 3.0545 3.03613 3.0182 3.00082 2.98409 2.96809 2.95288 2.93853 2.92507 2.91253 2.90092 2.89026 2.88052 2.8717 2.86375 2.85666 2.85037 2.84484 2.84003 2.83587 2.83233 2.82936 2.8269 2.82492 2.82338 2.82225 2.8215 2.82112 
2.81473 2.81506 2.81578 2.81689 2.81842 2.8204 2.82285 2.82583 2.82937 2.83354 2.83837 2.84393 2.85027 2.85745 2.8655 2.87449 2.88443 2.89536 2.9073 2.92024 2.93418 2.94908 2.96492 2.98163 2.99915 3.01739 3.03625 3.05564 3.07543 3.09549 3.1157 3.13592 3.156 3.17582 3.19524 3.21412 3.23235 3.2498 3.26636 3.28194 3.29644 3.30977 3.32187 3.33268 3.34212 3.35017 3.35678 3.36193 3.36558 3.36772 3.36834 3.36744 3.36502 3.36109 3.35567 3.34878 3.34044 3.33071 3.31962 3.30724 3.29364 3.27889 3.26309 3.24632 3.2287 3.21034 3.19137 3.17191 3.15211 3.1321 3.11201 3.09199 3.07217 3.05268 3.03363 3.01515 2.99733 2.98026 2.96402 2.94866 2.93424 2.92079 2.90833 2.89686 2.88638 2.87686 2.86828 2.86061 2.8538 2.84781 2.84258 2.83806 2.8342 2.83096 2.82827 2.8261 2.8244 2.82316 2.82232 2.82189 
2.8155 2.81585 2.81661 2.81781 2.81945 2.82159 2.82424 2.82745 2.83128 2.83578 2.84099 2.84699 2.85383 2.86155 2.87022 2.87988 2.89055 2.90227 2.91505 2.92888 2.94376 2.95965 2.97651 2.99428 3.01287 3.03221 3.05217 3.07266 3.09353 3.11467 3.13592 3.15714 3.1782 3.19894 3.21924 3.23894 3.25793 3.27609 3.2933 3.30947 3.32449 3.3383 3.35081 3.36197 3.37173 3.38003 3.38685 3.39215 3.39592 3.39813 3.39878 3.39786 3.39538 3.39134 3.38576 3.37865 3.37006 3.36001 3.34855 3.33574 3.32165 3.30635 3.28993 3.27248 3.25412 3.23497 3.21514 3.19478 3.17402 3.15301 3.1319 3.11081 3.08991 3.06932 3.04918 3.0296 3.0107 2.99257 2.97529 2.95894 2.94356 2.9292 2.91587 2.90359 2.89235 2.88213 2.87291 2.86466 2.85732 2.85085 2.8452 2.84031 2.83613 2.8326 2.82968 2.82731 2.82546 2.82409 2.82317 2.82269 
2.81629 2.81666 2.81747 2.81875 2.82052 2.82281 2.82566 2.82912 2.83324 2.83807 2.84368 2.85012 2.85746 2.86574 2.87503 2.88535 2.89676 2.90927 2.92289 2.93762 2.95343 2.97031 2.98818 3.00699 3.02664 3.04705 3.06809 3.08964 3.11158 3.13374 3.156 3.1782 3.20018 3.22181 3.24293 3.26341 3.28312 3.30194 3.31975 3.33646 3.35197 3.36621 3.3791 3.39058 3.40061 3.40915 3.41615 3.4216 3.42547 3.42774 3.42842 3.42748 3.42495 3.42081 3.41509 3.4078 3.39898 3.38865 3.37686 3.36366 3.34912 3.33331 3.31632 3.29824 3.27919 3.25928 3.23865 3.21742 3.19575 3.17379 3.15167 3.12956 3.10761 3.08595 3.06473 3.04408 3.02412 3.00494 2.98664 2.96929 2.95296 2.93768 2.92349 2.9104 2.8984 2.88748 2.87762 2.86877 2.8609 2.85395 2.84787 2.84261 2.8381 2.83429 2.83112 2.82856 2.82655 2.82505 2.82405 2.82351 
2.81711 2.81748 2.81835 2.81971 2.8216 2.82406 2.82711 2.83082 2.83523 2.8404 2.84641 2.8533 2.86113 2.86998 2.87988 2.89088 2.90302 2.91631 2.93077 2.94638 2.96313 2.98096 2.99983 3.01966 3.04035 3.0618 3.08389 3.10648 3.12944 3.1526 3.17582 3.19894 3.22181 3.24427 3.26617 3.28738 3.30776 3.32718 3.34555 3.36275 3.3787 3.39332 3.40655 3.41832 3.4286 3.43733 3.4445 3.45007 3.45404 3.45637 3.45707 3.45613 3.45354 3.44933 3.44349 3.43605 3.42702 3.41644 3.40436 3.39081 3.37587 3.3596 3.34208 3.32343 3.30374 3.28313 3.26173 3.23969 3.21716 3.19428 3.17121 3.14811 3.12514 3.10245 3.08019 3.05849 3.03748 3.01727 2.99796 2.97964 2.96237 2.94619 2.93114 2.91724 2.90449 2.89287 2.88236 2.87292 2.86452 2.85709 2.85058 2.84493 2.84009 2.836 2.83259 2.82983 2.82765 2.82603 2.82494 2.82434 
2.81794 2.81833 2.81924 2.82069 2.8227 2.82532 2.82858 2.83253 2.83724 2.84276 2.84915 2.85649 2.86483 2.87423 2.88474 2.89641 2.90927 2.92334 2.93862 2.95511 2.97276 2.99154 3.01139 3.03221 3.05391 3.07637 3.09947 3.12306 3.14699 3.1711 3.19524 3.21924 3.24293 3.26617 3.2888 3.31068 3.33167 3.35165 3.37052 3.38817 3.40451 3.41948 3.433 3.44503 3.45552 3.46443 3.47174 3.47742 3.48146 3.48385 3.48457 3.48363 3.48101 3.47673 3.4708 3.46322 3.45403 3.44324 3.43089 3.41704 3.40174 3.38505 3.36707 3.34789 3.3276 3.30635 3.28424 3.26144 3.23809 3.21434 3.19037 3.16633 3.14238 3.1187 3.09543 3.07272 3.05069 3.02949 3.0092 2.98992 2.97172 2.95466 2.93877 2.92407 2.91057 2.89826 2.88711 2.87708 2.86814 2.86023 2.8533 2.84727 2.8421 2.83772 2.83408 2.83111 2.82877 2.82703 2.82584 2.8252 
2.81877 2.81917 2.82014 2.82167 2.82381 2.82659 2.83006 2.83426 2.83926 2.84512 2.8519 2.85968 2.86851 2.87846 2.88958 2.90191 2.91548 2.93031 2.94639 2.96373 2.98227 3.00197 3.02276 3.04454 3.06721 3.09065 3.11471 3.13925 3.16411 3.18912 3.21412 3.23894 3.26341 3.28738 3.31068 3.33317 3.35472 3.37521 3.39453 3.41257 3.42926 3.44453 3.45831 3.47056 3.48123 3.49029 3.49772 3.5035 3.50761 3.51004 3.51079 3.50984 3.5072 3.50288 3.49687 3.48918 3.47985 3.46888 3.45631 3.4422 3.42658 3.40953 3.39113 3.37146 3.35065 3.32879 3.30604 3.28253 3.25841 3.23386 3.20903 3.18409 3.15922 3.13459 3.11035 3.08666 3.06367 3.04149 3.02025 3.00004 2.98095 2.96302 2.9463 2.93083 2.91659 2.9036 2.89182 2.88122 2.87175 2.86337 2.85601 2.84961 2.84411 2.83945 2.83556 2.83239 2.8299 2.82803 2.82675 2.82605 
2.8196 2.82002 2.82104 2.82266 2.82492 2.82786 2.83153 2.83597 2.84126 2.84745 2.85462 2.86284 2.87216 2.88264 2.89435 2.90732 2.92158 2.93715 2.95402 2.97218 2.99158 3.01216 3.03386 3.05656 3.08016 3.10452 3.1295 3.15494 3.18068 3.20654 3.23235 3.25793 3.28312 3.30776 3.33167 3.35472 3.37678 3.39772 3.41744 3.43583 3.45283 3.46835 3.48235 3.49478 3.50561 3.5148 3.52233 3.52818 3.53235 3.53482 3.53559 3.53465 3.53199 3.52763 3.52156 3.5138 3.50435 3.49324 3.48049 3.46615 3.45026 3.43289 3.41412 3.39403 3.37273 3.35034 3.32698 3.30282 3.278 3.25269 3.22706 3.20128 3.17554 3.15001 3.12485 3.10024 3.07631 3.0532 3.03105 3.00994 2.98998 2.97121 2.9537 2.93746 2.92252 2.90886 2.89646 2.8853 2.87532 2.86647 2.85869 2.85193 2.8461 2.84116 2.83704 2.83367 2.83101 2.82902 2.82766 2.82691 
2.82043 2.82086 2.82193 2.82363 2.82602 2.82911 2.83298 2.83766 2.84323 2.84975 2.8573 2.86593 2.87573 2.88674 2.89902 2.91261 2.92754 2.94382 2.96144 2.98039 3.00061 3.02204 3.0446 3.06818 3.09266 3.1179 3.14375 3.17003 3.19659 3.22324 3.2498 3.27609 3.30194 3.32718 3.35165 3.37521 3.39772 3.41906 3.43913 3.45782 3.47508 3.49083 3.50501 3.51759 3.52854 3.53783 3.54544 3.55136 3.55558 3.55808 3.55887 3.55794 3.55528 3.5509 3.54479 3.53696 3.52743 3.5162 3.5033 3.48877 3.47266 3.45502 3.43592 3.41545 3.39372 3.37085 3.34695 3.3222 3.29673 3.27072 3.24434 3.21779 3.19123 3.16485 3.13883 3.11333 3.08852 3.06453 3.0415 3.01954 2.99874 2.97917 2.96089 2.94392 2.92829 2.91399 2.901 2.88928 2.8788 2.8695 2.86132 2.8542 2.84806 2.84284 2.83849 2.83493 2.83212 2.83001 2.82856 2.82776 
2.82124 2.82169 2.8228 2.82459 2.82709 2.83034 2.83439 2.83931 2.84515 2.85199 2.8599 2.86894 2.87919 2.8907 2.90353 2.91772 2.93329 2.95025 2.9686 2.9883 3.0093 3.03153 3.05491 3.07932 3.10462 3.13069 3.15734 3.18442 3.21174 3.23911 3.26636 3.2933 3.31975 3.34555 3.37052 3.39453 3.41744 3.43913 3.45949 3.47845 3.49593 3.51186 3.52619 3.5389 3.54995 3.55932 3.56699 3.57296 3.57722 3.57975 3.58056 3.57964 3.57698 3.57259 3.56645 3.55858 3.54898 3.53767 3.52465 3.50998 3.49367 3.4758 3.45642 3.43563 3.41352 3.39021 3.36583 3.34054 3.31448 3.28783 3.26077 3.23349 3.20617 3.17901 3.15217 3.12585 3.10021 3.07539 3.05153 3.02876 3.00717 2.98684 2.96782 2.95016 2.93387 2.91895 2.90539 2.89315 2.88218 2.87245 2.86388 2.85641 2.84996 2.84448 2.8399 2.83616 2.8332 2.83097 2.82944 2.82859 
2.82202 2.82249 2.82365 2.82551 2.82813 2.83153 2.83576 2.8409 2.84701 2.85415 2.8624 2.87184 2.88252 2.89451 2.90786 2.92262 2.93879 2.9564 2.97542 2.99583 3.01757 3.04056 3.0647 3.08988 3.11596 3.14279 3.17019 3.198 3.22602 3.25406 3.28194 3.30947 3.33646 3.36275 3.38817 3.41257 3.43583 3.45782 3.47845 3.49763 3.51529 3.53137 3.54582 3.55863 3.56975 3.57918 3.58691 3.59291 3.5972 3.59976 3.60058 3.59967 3.59702 3.59263 3.58649 3.57859 3.56895 3.55757 3.54447 3.52967 3.51321 3.49514 3.47553 3.45446 3.43202 3.40833 3.38352 3.35774 3.33115 3.30392 3.27624 3.2483 3.22028 3.19238 3.1648 3.13771 3.11129 3.08569 3.06107 3.03753 3.0152 2.99414 2.97443 2.95611 2.9392 2.9237 2.90959 2.89685 2.88543 2.87528 2.86633 2.85853 2.8518 2.84607 2.84127 2.83735 2.83424 2.8319 2.83029 2.82939 
2.82277 2.82326 2.82446 2.8264 2.82912 2.83266 2.83707 2.84242 2.84878 2.85621 2.86479 2.87459 2.88568 2.89812 2.91197 2.92725 2.944 2.96221 2.98187 3.00293 3.02535 3.04904 3.0739 3.09979 3.12659 3.15411 3.18221 3.21068 3.23934 3.26799 3.29644 3.32449 3.35197 3.3787 3.40451 3.42926 3.45283 3.47508 3.49593 3.51529 3.53309 3.54929 3.56384 3.57672 3.5879 3.59738 3.60513 3.61117 3.61548 3.61805 3.6189 3.61801 3.61537 3.61098 3.60484 3.59693 3.58727 3.57584 3.56268 3.54779 3.53121 3.51298 3.49317 3.47186 3.44914 3.42512 3.39993 3.37372 3.34665 3.3189 3.29066 3.26211 3.23345 3.20489 3.17662 3.14882 3.12169 3.09537 3.07003 3.04578 3.02275 3.00103 2.98067 2.96173 2.94424 2.92818 2.91357 2.90035 2.8885 2.87796 2.86867 2.86055 2.85354 2.84757 2.84257 2.83848 2.83524 2.83279 2.83111 2.83016 
2.82349 2.82398 2.82523 2.82724 2.83006 2.83373 2.83831 2.84386 2.85044 2.85814 2.86703 2.87717 2.88864 2.90151 2.91581 2.93159 2.94886 2.96762 2.98787 3.00955 3.0326 3.05693 3.08243 3.10898 3.13642 3.16459 3.19331 3.22238 3.25162 3.28082 3.30977 3.3383 3.36621 3.39332 3.41948 3.44453 3.46835 3.49083 3.51186 3.53137 3.54929 3.56558 3.58021 3.59314 3.60436 3.61387 3.62165 3.6277 3.63202 3.63462 3.63548 3.6346 3.63198 3.62761 3.62147 3.61357 3.60389 3.59244 3.57923 3.56428 3.5476 3.52925 3.50928 3.48776 3.4648 3.44049 3.41497 3.38838 3.3609 3.33268 3.30393 3.27484 3.24561 3.21645 3.18755 3.15911 3.13132 3.10434 3.07834 3.05345 3.02978 3.00744 2.98649 2.96698 2.94894 2.93238 2.91729 2.90364 2.89139 2.88048 2.87086 2.86245 2.85518 2.84899 2.8438 2.83955 2.83618 2.83364 2.83188 2.83089 
2.82415 2.82466 2.82594 2.82802 2.83094 2.83473 2.83946 2.84519 2.85199 2.85993 2.8691 2.87956 2.89138 2.90463 2.91935 2.93557 2.95333 2.9726 2.99338 3.01561 3.03923 3.06415 3.09024 3.11738 3.14541 3.17415 3.20343 3.23304 3.26279 3.29247 3.32187 3.35081 3.3791 3.40655 3.433 3.45831 3.48235 3.50501 3.52619 3.54582 3.56384 3.58021 3.59489 3.60786 3.6191 3.62863 3.63642 3.64249 3.64682 3.64943 3.65031 3.64945 3.64684 3.64248 3.63636 3.62847 3.61879 3.60733 3.5941 3.57909 3.56234 3.54389 3.52379 3.50211 3.47894 3.45438 3.42858 3.40167 3.37381 3.34519 3.31599 3.28642 3.25668 3.22697 3.19751 3.1685 3.14012 3.11255 3.08595 3.06047 3.03623 3.01332 2.99182 2.97179 2.95326 2.93624 2.92072 2.90666 2.89404 2.8828 2.87288 2.8642 2.8567 2.85031 2.84494 2.84054 2.83705 2.83442 2.8326 2.83157 
2.82476 2.82528 2.8266 2.82874 2.83174 2.83564 2.84051 2.8464 2.85339 2.86156 2.87098 2.88173 2.89387 2.90746 2.92255 2.93918 2.95737 2.9771 2.99835 3.02108 3.04521 3.07064 3.09726 3.12492 3.15347 3.18272 3.21249 3.24258 3.27277 3.30288 3.33268 3.36197 3.39058 3.41832 3.44503 3.47056 3.49478 3.51759 3.5389 3.55863 3.57672 3.59314 3.60786 3.62085 3.63212 3.64165 3.64945 3.65552 3.65987 3.66249 3.66337 3.66253 3.65994 3.65561 3.6495 3.64162 3.63196 3.6205 3.60724 3.59221 3.5754 3.55687 3.53667 3.51485 3.4915 3.46674 3.4407 3.4135 3.38533 3.35635 3.32677 3.29677 3.26658 3.2364 3.20645 3.17692 3.14802 3.11992 3.0928 3.06679 3.04203 3.01862 2.99664 2.97615 2.95717 2.93973 2.92382 2.90941 2.89646 2.88491 2.87472 2.8658 2.85809 2.8515 2.84598 2.84145 2.83785 2.83514 2.83326 2.8322 
2.82531 2.82584 2.82719 2.82939 2.83246 2.83646 2.84145 2.84749 2.85465 2.86302 2.87266 2.88365 2.89607 2.90997 2.9254 2.94238 2.96094 2.98108 3.00275 3.02591 3.05048 3.07637 3.10344 3.13156 3.16055 3.19025 3.22044 3.25094 3.28152 3.31199 3.34212 3.37173 3.40061 3.4286 3.45552 3.48123 3.50561 3.52854 3.54995 3.56975 3.5879 3.60436 3.6191 3.63212 3.64339 3.65293 3.66073 3.66681 3.67116 3.67378 3.67469 3.67386 3.67129 3.66697 3.66089 3.65303 3.64337 3.63192 3.61866 3.6036 3.58676 3.56817 3.54787 3.52594 3.50246 3.47753 3.45127 3.42384 3.3954 3.36612 3.3362 3.30584 3.27527 3.24468 3.2143 3.18433 3.15497 3.12641 3.09883 3.07236 3.04715 3.0233 3.0009 2.97999 2.96063 2.94282 2.92657 2.91184 2.8986 2.88679 2.87635 2.86722 2.85932 2.85257 2.84691 2.84226 2.83857 2.83578 2.83385 2.83276 
2.82579 2.82633 2.82771 2.82995 2.83309 2.83717 2.84226 2.84843 2.85574 2.86428 2.87411 2.88532 2.89798 2.91214 2.92785 2.94514 2.96402 2.9845 3.00652 3.03005 3.055 3.08127 3.10873 3.13724 3.16661 3.19668 3.22723 3.25808 3.28899 3.31976 3.35017 3.38003 3.40915 3.43733 3.46443 3.49029 3.5148 3.53783 3.55932 3.57918 3.59738 3.61387 3.62863 3.64165 3.65293 3.66247 3.67027 3.67635 3.6807 3.68334 3.68425 3.68343 3.68088 3.67658 3.67052 3.66267 3.65303 3.64159 3.62832 3.61325 3.59638 3.57775 3.55739 3.53536 3.51177 3.48669 3.46027 3.43264 3.40397 3.37444 3.34424 3.31358 3.28268 3.25174 3.221 3.19066 3.16092 3.13197 3.10399 3.07714 3.05155 3.02732 3.00455 2.9833 2.96361 2.94549 2.92894 2.91394 2.90045 2.88841 2.87777 2.86845 2.86039 2.8535 2.84772 2.84297 2.83919 2.83634 2.83437 2.83325 
2.8262 2.82674 2.82814 2.83042 2.83362 2.83777 2.84295 2.84922 2.85665 2.86533 2.87533 2.88671 2.89957 2.91394 2.92988 2.94743 2.96658 2.98733 3.00965 3.03348 3.05874 3.08533 3.1131 3.14192 3.17161 3.20198 3.23283 3.26395 3.29512 3.32614 3.35678 3.38685 3.41615 3.4445 3.47174 3.49772 3.52233 3.54544 3.56699 3.58691 3.60513 3.62165 3.63642 3.64945 3.66073 3.67027 3.67808 3.68415 3.68851 3.69115 3.69207 3.69127 3.68873 3.68445 3.6784 3.67057 3.66094 3.6495 3.63624 3.62116 3.60427 3.5856 3.56518 3.54309 3.5194 3.49421 3.46765 3.43987 3.41101 3.38128 3.35085 3.31994 3.28877 3.25756 3.22652 3.19587 3.16582 3.13655 3.10826 3.08109 3.05518 3.03065 3.00758 2.98604 2.96607 2.9477 2.93091 2.91568 2.90198 2.88976 2.87895 2.86948 2.86128 2.85428 2.84839 2.84356 2.83972 2.83682 2.83481 2.83366 
2.82652 2.82708 2.8285 2.8308 2.83404 2.83825 2.8435 2.84985 2.85738 2.86617 2.87629 2.88782 2.90082 2.91536 2.93149 2.94922 2.96858 2.98955 3.0121 3.03616 3.06166 3.08849 3.11651 3.14557 3.1755 3.2061 3.23718 3.26852 3.2999 3.3311 3.36193 3.39215 3.4216 3.45007 3.47742 3.5035 3.52818 3.55136 3.57296 3.59291 3.61117 3.6277 3.64249 3.65552 3.66681 3.67635 3.68415 3.69023 3.69459 3.69724 3.69816 3.69737 3.69484 3.69057 3.68454 3.67672 3.6671 3.65567 3.6424 3.62731 3.61041 3.5917 3.57125 3.5491 3.52534 3.50006 3.4734 3.44548 3.41649 3.38659 3.35599 3.3249 3.29352 3.26209 3.23082 3.19994 3.16964 3.14013 3.11159 3.08417 3.05802 3.03325 3.00995 2.98819 2.96801 2.94944 2.93246 2.91706 2.9032 2.89083 2.87988 2.8703 2.86199 2.8549 2.84893 2.84404 2.84014 2.8372 2.83516 2.834 
2.82677 2.82732 2.82876 2.83109 2.83435 2.8386 2.8439 2.85031 2.85791 2.86678 2.87699 2.88861 2.90173 2.91639 2.93264 2.95052 2.97002 2.99114 3.01385 3.03808 3.06375 3.09075 3.11894 3.14817 3.17827 3.20904 3.24027 3.27176 3.30329 3.33463 3.36558 3.39592 3.42547 3.45404 3.48146 3.50761 3.53235 3.55558 3.57722 3.5972 3.61548 3.63202 3.64682 3.65987 3.67116 3.6807 3.68851 3.69459 3.69896 3.7016 3.70254 3.70175 3.69923 3.69497 3.68894 3.68113 3.67151 3.66008 3.64681 3.63171 3.61479 3.59606 3.57557 3.55338 3.52956 3.50422 3.47748 3.44948 3.42038 3.39037 3.35964 3.32841 3.29689 3.2653 3.23387 3.20282 3.17236 3.14267 3.11396 3.08637 3.06004 3.0351 3.01164 2.98973 2.9694 2.95068 2.93357 2.91805 2.90408 2.8916 2.88056 2.87089 2.86251 2.85535 2.84933 2.84439 2.84045 2.83748 2.83542 2.83425 
2.82692 2.82749 2.82893 2.83127 2.83455 2.83883 2.84416 2.8506 2.85824 2.86715 2.87742 2.8891 2.90228 2.91701 2.93334 2.95129 2.97088 2.99209 3.01489 3.03921 3.06498 3.09208 3.12037 3.1497 3.17989 3.21076 3.24208 3.27366 3.30527 3.3367 3.36772 3.39813 3.42774 3.45637 3.48385 3.51004 3.53482 3.55808 3.57975 3.59976 3.61805 3.63462 3.64943 3.66249 3.67378 3.68334 3.69115 3.69724 3.7016 3.70425 3.70519 3.70441 3.70189 3.69763 3.6916 3.68379 3.67417 3.66273 3.64946 3.63435 3.61741 3.59866 3.57814 3.55592 3.53207 3.50668 3.47989 3.45183 3.42267 3.39258 3.36178 3.33047 3.29886 3.26718 3.23566 3.20451 3.17395 3.14417 3.11535 3.08766 3.06124 3.0362 3.01265 2.99064 2.97023 2.95143 2.93424 2.91865 2.90461 2.89207 2.88098 2.87126 2.86283 2.85563 2.84958 2.84461 2.84065 2.83766 2.83559 2.83441 
