4.89842 4.89861 4.89886 4.89917 4.89955 4.89999 4.90049 4.90107 4.90171 4.90242 4.90321 4.90406 4.90499 4.906 4.90709 4.90826 4.9095 4.91083 4.91224 4.91373 4.91529 4.91694 4.91865 4.92044 4.92229 4.9242 4.92616 4.92817 4.93022 4.93229 4.93438 4.93648 4.93858 4.94066 4.94271 4.94473 4.94669 4.94859 4.9504 4.95213 4.95376 4.95527 4.95666 4.95791 4.95902 4.95997 4.96077 4.9614 4.96186 4.96215 4.96227 4.9622 4.96196 4.96155 4.96097 4.96023 4.95932 4.95827 4.95707 4.95574 4.95428 4.95271 4.95104 4.94929 4.94746 4.94556 4.94361 4.94163 4.93962 4.9376 4.93558 4.93358 4.93159 4.92964 4.92773 4.92587 4.92407 4.92233 4.92067 4.91909 4.91758 4.91616 4.91483 4.91359 4.91244 4.91138 4.91042 4.90954 4.90875 4.90805 4.90743 4.9069 4.90645 4.90608 4.90578 4.90556 4.90541 4.90533 4.90531 4.90537 
4.89861 4.89879 4.89904 4.89936 4.89973 4.90018 4.90069 4.90126 4.90191 4.90263 4.90341 4.90428 4.90521 4.90623 4.90732 4.9085 4.90976 4.91109 4.91251 4.91401 4.91559 4.91725 4.91898 4.92078 4.92265 4.92458 4.92656 4.92858 4.93065 4.93274 4.93485 4.93697 4.93909 4.94119 4.94326 4.94529 4.94727 4.94919 4.95102 4.95277 4.95441 4.95594 4.95734 4.9586 4.95972 4.96068 4.96149 4.96213 4.96259 4.96288 4.96299 4.96293 4.96269 4.96227 4.96169 4.96093 4.96002 4.95896 4.95775 4.9564 4.95493 4.95335 4.95166 4.94989 4.94804 4.94613 4.94416 4.94216 4.94013 4.93809 4.93605 4.93403 4.93202 4.93005 4.92812 4.92625 4.92443 4.92268 4.921 4.9194 4.91788 4.91645 4.91511 4.91386 4.9127 4.91163 4.91065 4.90977 4.90897 4.90826 4.90764 4.90711 4.90665 4.90627 4.90597 4.90575 4.9056 4.90551 4.9055 4.90555 
4.89886 4.89904 4.89929 4.89961 4.89999 4.90044 4.90096 4.90155 4.90221 4.90294 4.90374 4.90463 4.90558 4.90662 4.90774 4.90895 4.91023 4.9116 4.91305 4.91459 4.91621 4.91791 4.91968 4.92152 4.92344 4.92541 4.92744 4.92952 4.93163 4.93377 4.93594 4.93811 4.94027 4.94243 4.94455 4.94663 4.94866 4.95062 4.9525 4.95428 4.95596 4.95752 4.95895 4.96025 4.96139 4.96238 4.9632 4.96385 4.96433 4.96462 4.96474 4.96467 4.96443 4.964 4.9634 4.96262 4.96169 4.9606 4.95936 4.95798 4.95647 4.95485 4.95313 4.95131 4.94941 4.94745 4.94544 4.94339 4.94131 4.93922 4.93713 4.93505 4.933 4.93098 4.929 4.92708 4.92521 4.92342 4.9217 4.92006 4.9185 4.91703 4.91566 4.91437 4.91318 4.91208 4.91108 4.91017 4.90935 4.90862 4.90798 4.90743 4.90695 4.90656 4.90625 4.90602 4.90586 4.90577 4.90575 4.9058 
4.89917 4.89936 4.89961 4.89993 4.90033 4.90079 4.90132 4.90193 4.90261 4.90337 4.9042 4.90511 4.90611 4.90718 4.90835 4.90959 4.91093 4.91235 4.91386 4.91546 4.91714 4.9189 4.92075 4.92266 4.92465 4.9267 4.92881 4.93097 4.93317 4.93539 4.93764 4.93989 4.94214 4.94437 4.94658 4.94874 4.95084 4.95287 4.95482 4.95667 4.95841 4.96003 4.96152 4.96286 4.96404 4.96506 4.96591 4.96659 4.96708 4.96738 4.9675 4.96743 4.96717 4.96673 4.9661 4.9653 4.96433 4.96319 4.9619 4.96047 4.95891 4.95723 4.95543 4.95355 4.95158 4.94954 4.94745 4.94532 4.94316 4.94099 4.93882 4.93666 4.93452 4.93242 4.93037 4.92836 4.92642 4.92456 4.92276 4.92106 4.91943 4.9179 4.91647 4.91513 4.91388 4.91274 4.91169 4.91073 4.90988 4.90911 4.90844 4.90786 4.90736 4.90695 4.90662 4.90637 4.9062 4.9061 4.90607 4.90612 
4.89955 4.89973 4.89999 4.90033 4.90073 4.90122 4.90177 4.9024 4.90312 4.90391 4.90478 4.90574 4.90678 4.90791 4.90914 4.91045 4.91185 4.91335 4.91494 4.91662 4.91839 4.92025 4.92219 4.92421 4.9263 4.92846 4.93068 4.93295 4.93526 4.9376 4.93996 4.94233 4.94469 4.94704 4.94935 4.95162 4.95383 4.95596 4.958 4.95995 4.96177 4.96347 4.96502 4.96643 4.96767 4.96874 4.96963 4.97033 4.97085 4.97116 4.97128 4.97121 4.97093 4.97046 4.96981 4.96896 4.96794 4.96675 4.96539 4.96389 4.96225 4.96048 4.95859 4.95661 4.95454 4.9524 4.9502 4.94796 4.94569 4.9434 4.94112 4.93885 4.9366 4.93438 4.93222 4.93011 4.92806 4.92609 4.9242 4.9224 4.92068 4.91907 4.91755 4.91613 4.91481 4.9136 4.91248 4.91147 4.91056 4.90975 4.90903 4.90841 4.90788 4.90743 4.90708 4.9068 4.90661 4.9065 4.90646 4.9065 
4.89999 4.90018 4.90044 4.90079 4.90122 4.90172 4.90231 4.90297 4.90372 4.90456 4.90549 4.9065 4.90761 4.90882 4.91012 4.91151 4.91301 4.9146 4.91629 4.91808 4.91997 4.92194 4.92401 4.92616 4.92838 4.93068 4.93304 4.93545 4.93791 4.9404 4.9429 4.94542 4.94793 4.95042 4.95287 4.95528 4.95762 4.95988 4.96205 4.9641 4.96604 4.96783 4.96948 4.97097 4.97228 4.97341 4.97435 4.97509 4.97563 4.97596 4.97609 4.976 4.97571 4.97521 4.97451 4.97361 4.97253 4.97126 4.96982 4.96823 4.96648 4.9646 4.9626 4.9605 4.9583 4.95602 4.95369 4.95131 4.94889 4.94646 4.94403 4.94162 4.93922 4.93687 4.93456 4.93231 4.93013 4.92803 4.92601 4.92409 4.92226 4.92053 4.9189 4.91738 4.91597 4.91467 4.91347 4.91238 4.9114 4.91052 4.90975 4.90907 4.90849 4.90801 4.90762 4.90731 4.9071 4.90696 4.90691 4.90694 
4.90049 4.90069 4.90096 4.90132 4.90177 4.90231 4.90293 4.90364 4.90444 4.90533 4.90632 4.90741 4.9086 4.90989 4.91129 4.91279 4.91439 4.9161 4.91792 4.91984 4.92187 4.92399 4.92621 4.92852 4.93091 4.93337 4.9359 4.93849 4.94112 4.94379 4.94648 4.94917 4.95186 4.95453 4.95715 4.95972 4.96223 4.96464 4.96696 4.96915 4.97122 4.97313 4.97489 4.97647 4.97787 4.97908 4.98008 4.98087 4.98144 4.98179 4.98192 4.98183 4.98151 4.98097 4.98022 4.97926 4.97809 4.97674 4.9752 4.97349 4.97162 4.96961 4.96747 4.96521 4.96286 4.96042 4.95792 4.95537 4.95278 4.95018 4.94757 4.94497 4.94241 4.93987 4.9374 4.93498 4.93263 4.93037 4.9282 4.92612 4.92415 4.92228 4.92053 4.91889 4.91736 4.91595 4.91465 4.91347 4.9124 4.91144 4.9106 4.90986 4.90922 4.90868 4.90825 4.90791 4.90766 4.9075 4.90744 4.90746 
4.90107 4.90126 4.90155 4.90193 4.9024 4.90297 4.90364 4.9044 4.90526 4.90622 4.90729 4.90846 4.90975 4.91114 4.91265 4.91427 4.91601 4.91786 4.91983 4.92191 4.9241 4.9264 4.9288 4.93129 4.93387 4.93654 4.93927 4.94207 4.94491 4.94779 4.95069 4.95359 4.95649 4.95936 4.96219 4.96496 4.96765 4.97025 4.97274 4.9751 4.97731 4.97937 4.98126 4.98295 4.98445 4.98574 4.98681 4.98766 4.98827 4.98864 4.98878 4.98867 4.98833 4.98775 4.98694 4.9859 4.98464 4.98318 4.98152 4.97968 4.97767 4.9755 4.9732 4.97077 4.96823 4.9656 4.9629 4.96015 4.95736 4.95455 4.95173 4.94893 4.94615 4.94341 4.94073 4.93811 4.93558 4.93312 4.93077 4.92852 4.92637 4.92434 4.92243 4.92065 4.91898 4.91744 4.91602 4.91473 4.91356 4.91251 4.91157 4.91076 4.91005 4.90946 4.90897 4.90858 4.9083 4.90812 4.90803 4.90804 
4.90171 4.90191 4.90221 4.90261 4.90312 4.90372 4.90444 4.90526 4.90619 4.90723 4.90839 4.90967 4.91106 4.91258 4.91422 4.91598 4.91787 4.91989 4.92203 4.92429 4.92667 4.92917 4.93178 4.93449 4.93729 4.94019 4.94315 4.94619 4.94927 4.95239 4.95553 4.95868 4.96182 4.96492 4.96798 4.97098 4.97389 4.9767 4.97938 4.98193 4.98432 4.98654 4.98858 4.99041 4.99202 4.99341 4.99456 4.99547 4.99612 4.99652 4.99667 4.99655 4.99617 4.99554 4.99466 4.99353 4.99218 4.99059 4.9888 4.98681 4.98463 4.98228 4.97979 4.97715 4.97441 4.97156 4.96864 4.96565 4.96263 4.95958 4.95652 4.95348 4.95046 4.94749 4.94457 4.94172 4.93896 4.93629 4.93372 4.93127 4.92893 4.92671 4.92462 4.92266 4.92084 4.91915 4.91759 4.91617 4.91488 4.91372 4.91269 4.91178 4.911 4.91033 4.90978 4.90935 4.90902 4.9088 4.90869 4.90869 
4.90242 4.90263 4.90294 4.90337 4.90391 4.90456 4.90533 4.90622 4.90723 4.90837 4.90963 4.91102 4.91254 4.91419 4.91598 4.91791 4.91997 4.92217 4.92451 4.92698 4.92958 4.93231 4.93515 4.93811 4.94117 4.94432 4.94755 4.95085 4.95421 4.95761 4.96102 4.96444 4.96785 4.97122 4.97455 4.97779 4.98095 4.98399 4.98691 4.98967 4.99225 4.99466 4.99685 4.99883 5.00058 5.00208 5.00332 5.0043 5.005 5.00543 5.00558 5.00545 5.00503 5.00434 5.00339 5.00216 5.00069 4.99897 4.99702 4.99486 4.9925 4.98995 4.98724 4.98438 4.98139 4.9783 4.97512 4.97188 4.96859 4.96527 4.96194 4.95863 4.95534 4.9521 4.94892 4.94581 4.94279 4.93987 4.93707 4.93438 4.93181 4.92939 4.92709 4.92494 4.92294 4.92108 4.91936 4.91779 4.91637 4.91508 4.91394 4.91293 4.91205 4.91131 4.91069 4.91019 4.90982 4.90957 4.90943 4.90941 
4.90321 4.90341 4.90374 4.9042 4.90478 4.90549 4.90632 4.90729 4.90839 4.90963 4.911 4.91252 4.91418 4.91599 4.91795 4.92006 4.92232 4.92473 4.92729 4.92999 4.93283 4.93581 4.93892 4.94216 4.9455 4.94894 4.95247 4.95607 4.95973 4.96343 4.96716 4.97088 4.97459 4.97826 4.98187 4.9854 4.98883 4.99214 4.9953 4.99829 5.0011 5.00371 5.00609 5.00823 5.01012 5.01174 5.01308 5.01414 5.0149 5.01536 5.01551 5.01536 5.01491 5.01416 5.01312 5.01179 5.01018 5.00831 5.00619 5.00384 5.00127 4.9985 4.99555 4.99244 4.98919 4.98583 4.98237 4.97883 4.97524 4.97163 4.968 4.96438 4.96079 4.95725 4.95377 4.95038 4.94707 4.94388 4.9408 4.93785 4.93504 4.93237 4.92986 4.92749 4.92528 4.92323 4.92133 4.9196 4.91802 4.9166 4.91532 4.9142 4.91322 4.91239 4.91169 4.91113 4.91071 4.91041 4.91024 4.9102 
4.90406 4.90428 4.90463 4.90511 4.90574 4.9065 4.90741 4.90846 4.90967 4.91102 4.91252 4.91418 4.916 4.91799 4.92013 4.92244 4.92492 4.92756 4.93036 4.93332 4.93644 4.9397 4.9431 4.94664 4.95029 4.95406 4.95791 4.96185 4.96584 4.96988 4.97394 4.978 4.98204 4.98603 4.98996 4.99381 4.99753 5.00113 5.00456 5.00781 5.01086 5.01368 5.01627 5.01859 5.02063 5.02239 5.02384 5.02498 5.0258 5.0263 5.02646 5.02629 5.0258 5.02498 5.02384 5.02239 5.02064 5.01861 5.0163 5.01374 5.01095 5.00793 5.00472 5.00134 4.9978 4.99413 4.99036 4.98651 4.98259 4.97865 4.97469 4.97074 4.96682 4.96295 4.95914 4.95543 4.95181 4.94831 4.94493 4.9417 4.93861 4.93568 4.93291 4.9303 4.92787 4.9256 4.92351 4.92159 4.91984 4.91826 4.91685 4.9156 4.91451 4.91357 4.91279 4.91216 4.91167 4.91133 4.91113 4.91107 
4.90499 4.90521 4.90558 4.90611 4.90678 4.90761 4.9086 4.90975 4.91106 4.91254 4.91418 4.916 4.918 4.92017 4.92252 4.92506 4.92777 4.93066 4.93373 4.93698 4.94039 4.94396 4.94769 4.95155 4.95555 4.95966 4.96388 4.96817 4.97253 4.97694 4.98136 4.98579 4.99019 4.99454 4.99882 5.00299 5.00705 5.01095 5.01468 5.01821 5.02152 5.02459 5.02739 5.0299 5.03212 5.03402 5.03559 5.03682 5.03771 5.03824 5.03841 5.03822 5.03768 5.03679 5.03555 5.03397 5.03207 5.02986 5.02735 5.02456 5.02152 5.01824 5.01474 5.01106 5.00721 5.00321 4.9991 4.9949 4.99064 4.98633 4.98201 4.9777 4.97341 4.96918 4.96502 4.96096 4.957 4.95316 4.94946 4.94591 4.94252 4.9393 4.93625 4.93339 4.9307 4.92821 4.9259 4.92378 4.92184 4.92009 4.91852 4.91713 4.91591 4.91487 4.91399 4.91328 4.91273 4.91233 4.91209 4.91201 
4.906 4.90623 4.90662 4.90718 4.90791 4.90882 4.90989 4.91114 4.91258 4.91419 4.91599 4.91799 4.92017 4.92255 4.92513 4.92791 4.93088 4.93405 4.93741 4.94096 4.9447 4.9486 4.95268 4.95691 4.96127 4.96577 4.97036 4.97505 4.97981 4.98461 4.98943 4.99425 4.99904 5.00377 5.00842 5.01296 5.01737 5.02161 5.02565 5.02948 5.03307 5.0364 5.03943 5.04216 5.04455 5.04661 5.04831 5.04964 5.05059 5.05116 5.05135 5.05114 5.05055 5.04957 5.04822 5.04651 5.04444 5.04203 5.03931 5.03628 5.03297 5.02941 5.02561 5.0216 5.01741 5.01306 5.00859 5.00401 4.99937 4.99467 4.98996 4.98526 4.98058 4.97596 4.97142 4.96697 4.96264 4.95844 4.95439 4.9505 4.94678 4.94324 4.93989 4.93674 4.93379 4.93104 4.92849 4.92615 4.92401 4.92208 4.92034 4.91879 4.91744 4.91627 4.91529 4.91449 4.91387 4.91342 4.91314 4.91303 
4.90709 4.90732 4.90774 4.90835 4.90914 4.91012 4.91129 4.91265 4.91422 4.91598 4.91795 4.92013 4.92252 4.92513 4.92795 4.93099 4.93424 4.93771 4.94139 4.94527 4.94936 4.95363 4.95808 4.96269 4.96746 4.97236 4.97737 4.98248 4.98766 4.99288 4.99813 5.00337 5.00858 5.01372 5.01877 5.0237 5.02848 5.03308 5.03746 5.04161 5.0455 5.0491 5.05238 5.05533 5.05792 5.06015 5.06198 5.06342 5.06444 5.06506 5.06525 5.06502 5.06437 5.06331 5.06184 5.05998 5.05774 5.05513 5.05217 5.04888 5.04529 5.04142 5.0373 5.03294 5.02839 5.02367 5.0188 5.01383 5.00877 5.00367 4.99853 4.99341 4.98831 4.98327 4.97832 4.97346 4.96873 4.96414 4.95971 4.95545 4.95138 4.9475 4.94383 4.94037 4.93713 4.9341 4.9313 4.92872 4.92636 4.92422 4.9223 4.92059 4.91908 4.91779 4.91669 4.9158 4.9151 4.91459 4.91426 4.91413 
4.90826 4.9085 4.90895 4.90959 4.91045 4.91151 4.91279 4.91427 4.91598 4.91791 4.92006 4.92244 4.92506 4.92791 4.93099 4.93431 4.93787 4.94165 4.94567 4.94991 4.95437 4.95903 4.96388 4.96891 4.9741 4.97944 4.98489 4.99045 4.99608 5.00176 5.00746 5.01315 5.01879 5.02437 5.02985 5.03519 5.04036 5.04534 5.05009 5.05458 5.05878 5.06267 5.06622 5.0694 5.0722 5.0746 5.07658 5.07812 5.07923 5.07988 5.08009 5.07983 5.07913 5.07798 5.07639 5.07437 5.07194 5.06911 5.06591 5.06235 5.05846 5.05426 5.04979 5.04507 5.04014 5.03501 5.02974 5.02434 5.01885 5.0133 5.00772 5.00214 4.9966 4.99112 4.98572 4.98042 4.97527 4.97026 4.96542 4.96077 4.95632 4.95208 4.94806 4.94427 4.94071 4.93739 4.93432 4.93148 4.92888 4.92653 4.9244 4.92251 4.92085 4.91942 4.9182 4.9172 4.91642 4.91584 4.91547 4.91531 
4.9095 4.90976 4.91023 4.91093 4.91185 4.91301 4.91439 4.91601 4.91787 4.91997 4.92232 4.92492 4.92777 4.93088 4.93424 4.93787 4.94174 4.94587 4.95025 4.95487 4.95972 4.9648 4.97008 4.97555 4.98119 4.98699 4.99292 4.99895 5.00506 5.01122 5.01739 5.02356 5.02967 5.03571 5.04163 5.04741 5.053 5.05838 5.06351 5.06835 5.07289 5.07708 5.0809 5.08434 5.08735 5.08993 5.09206 5.09373 5.09491 5.09561 5.09583 5.09555 5.09479 5.09354 5.09182 5.08964 5.08701 5.08395 5.08049 5.07665 5.07244 5.06791 5.06307 5.05797 5.05262 5.04708 5.04137 5.03552 5.02957 5.02355 5.0175 5.01145 5.00543 4.99948 4.99361 4.98785 4.98224 4.97679 4.97152 4.96645 4.96159 4.95697 4.95258 4.94843 4.94455 4.94091 4.93754 4.93443 4.93158 4.92899 4.92666 4.92457 4.92274 4.92116 4.91981 4.9187 4.91783 4.91718 4.91676 4.91657 
4.91083 4.91109 4.9116 4.91235 4.91335 4.9146 4.9161 4.91786 4.91989 4.92217 4.92473 4.92756 4.93066 4.93405 4.93771 4.94165 4.94587 4.95037 4.95513 4.96015 4.96542 4.97093 4.97667 4.9826 4.98873 4.99501 5.00143 5.00797 5.01458 5.02124 5.02792 5.03458 5.04119 5.04771 5.0541 5.06033 5.06636 5.07216 5.07768 5.0829 5.08778 5.0923 5.09641 5.1001 5.10334 5.10612 5.1084 5.11019 5.11146 5.11221 5.11243 5.11213 5.1113 5.10996 5.1081 5.10575 5.10292 5.09962 5.09589 5.09174 5.08721 5.08232 5.0771 5.07159 5.06583 5.05984 5.05367 5.04735 5.04091 5.03441 5.02786 5.02131 5.01479 5.00834 5.00198 4.99574 4.98964 4.98372 4.978 4.97248 4.9672 4.96216 4.95738 4.95287 4.94862 4.94466 4.94097 4.93757 4.93445 4.93161 4.92905 4.92677 4.92476 4.92301 4.92153 4.9203 4.91933 4.91861 4.91814 4.91791 
4.91224 4.91251 4.91305 4.91386 4.91494 4.91629 4.91792 4.91983 4.92203 4.92451 4.92729 4.93036 4.93373 4.93741 4.94139 4.94567 4.95025 4.95513 4.9603 4.96574 4.97146 4.97743 4.98364 4.99006 4.99669 5.00348 5.01043 5.01748 5.02462 5.03181 5.03902 5.0462 5.05332 5.06034 5.06723 5.07393 5.08042 5.08665 5.09259 5.09819 5.10343 5.10828 5.11269 5.11665 5.12013 5.1231 5.12555 5.12746 5.12882 5.12962 5.12986 5.12953 5.12863 5.12718 5.12519 5.12266 5.11961 5.11607 5.11206 5.1076 5.10272 5.09746 5.09185 5.08592 5.07971 5.07326 5.06661 5.0598 5.05286 5.04584 5.03878 5.03171 5.02467 5.01769 5.01081 5.00406 4.99746 4.99105 4.98484 4.97886 4.97313 4.96766 4.96246 4.95755 4.95294 4.94862 4.94461 4.9409 4.93749 4.93439 4.9316 4.92909 4.92689 4.92497 4.92334 4.92199 4.92092 4.92012 4.91959 4.91933 
4.91373 4.91401 4.91459 4.91546 4.91662 4.91808 4.91984 4.92191 4.92429 4.92698 4.92999 4.93332 4.93698 4.94096 4.94527 4.94991 4.95487 4.96015 4.96574 4.97163 4.97781 4.98427 4.99097 4.99791 5.00506 5.01239 5.01987 5.02748 5.03517 5.0429 5.05066 5.05838 5.06603 5.07358 5.08097 5.08816 5.09512 5.10181 5.10817 5.11418 5.11979 5.12498 5.1297 5.13394 5.13766 5.14084 5.14345 5.14549 5.14694 5.1478 5.14804 5.14769 5.14673 5.14517 5.14303 5.14032 5.13705 5.13325 5.12895 5.12417 5.11894 5.11329 5.10727 5.1009 5.09424 5.08731 5.08017 5.07284 5.06538 5.05783 5.05023 5.04261 5.03502 5.0275 5.02008 5.0128 5.00567 4.99875 4.99204 4.98557 4.97937 4.97345 4.96782 4.96249 4.95749 4.9528 4.94844 4.94441 4.9407 4.93733 4.93428 4.93155 4.92914 4.92704 4.92526 4.92378 4.9226 4.92172 4.92113 4.92084 
4.91529 4.91559 4.91621 4.91714 4.91839 4.91997 4.92187 4.9241 4.92667 4.92958 4.93283 4.93644 4.94039 4.9447 4.94936 4.95437 4.95972 4.96542 4.97146 4.97781 4.98448 4.99143 4.99865 5.00613 5.01382 5.0217 5.02975 5.03792 5.04618 5.05449 5.0628 5.07109 5.07929 5.08737 5.09529 5.10299 5.11044 5.11758 5.12439 5.13081 5.1368 5.14234 5.14739 5.15191 5.15587 5.15926 5.16205 5.16423 5.16577 5.16668 5.16694 5.16655 5.16552 5.16386 5.16157 5.15867 5.15517 5.15111 5.14651 5.1414 5.1358 5.12976 5.12332 5.11651 5.10937 5.10195 5.09429 5.08644 5.07844 5.07033 5.06217 5.05399 5.04584 5.03776 5.02977 5.02193 5.01426 5.0068 4.99957 4.9926 4.9859 4.97951 4.97343 4.96767 4.96226 4.95718 4.95246 4.94809 4.94407 4.94041 4.93709 4.93413 4.93151 4.92922 4.92728 4.92566 4.92437 4.9234 4.92275 4.92242 
4.91694 4.91725 4.91791 4.9189 4.92025 4.92194 4.92399 4.9264 4.92917 4.93231 4.93581 4.9397 4.94396 4.9486 4.95363 4.95903 4.9648 4.97093 4.97743 4.98427 4.99143 4.9989 5.00667 5.01469 5.02294 5.0314 5.04003 5.04878 5.05763 5.06652 5.07542 5.08428 5.09305 5.10168 5.11014 5.11836 5.12631 5.13393 5.14118 5.14802 5.15441 5.16031 5.16568 5.17049 5.17471 5.17832 5.18128 5.18359 5.18523 5.18619 5.18647 5.18605 5.18495 5.18317 5.18073 5.17764 5.17392 5.16959 5.16468 5.15923 5.15326 5.14682 5.13994 5.13267 5.12505 5.11712 5.10893 5.10054 5.09199 5.08332 5.07458 5.06582 5.05708 5.04842 5.03986 5.03144 5.02321 5.01519 5.00742 4.99992 4.99272 4.98583 4.97928 4.97308 4.96724 4.96176 4.95666 4.95194 4.94759 4.94363 4.94004 4.93683 4.93398 4.9315 4.92939 4.92763 4.92622 4.92516 4.92445 4.92408 
4.91865 4.91898 4.91968 4.92075 4.92219 4.92401 4.92621 4.9288 4.93178 4.93515 4.93892 4.9431 4.94769 4.95268 4.95808 4.96388 4.97008 4.97667 4.98364 4.99097 4.99865 5.00667 5.01498 5.02357 5.03241 5.04145 5.05068 5.06003 5.06948 5.07897 5.08847 5.09792 5.10726 5.11646 5.12547 5.13422 5.14267 5.15078 5.15849 5.16577 5.17255 5.17882 5.18452 5.18963 5.1941 5.19793 5.20107 5.20352 5.20526 5.20627 5.20656 5.20611 5.20494 5.20305 5.20046 5.19717 5.19321 5.18861 5.1834 5.1776 5.17125 5.1644 5.15708 5.14934 5.14122 5.13278 5.12405 5.11511 5.10598 5.09673 5.0874 5.07805 5.06872 5.05945 5.0503 5.04129 5.03248 5.02389 5.01556 5.00752 4.99979 4.9924 4.98536 4.9787 4.97241 4.96652 4.96103 4.95594 4.95126 4.94698 4.94311 4.93964 4.93656 4.93388 4.93159 4.92968 4.92815 4.927 4.92622 4.92581 
4.92044 4.92078 4.92152 4.92266 4.92421 4.92616 4.92852 4.93129 4.93449 4.93811 4.94216 4.94664 4.95155 4.95691 4.96269 4.96891 4.97555 4.9826 4.99006 4.99791 5.00613 5.01469 5.02357 5.03274 5.04217 5.05182 5.06166 5.07163 5.08169 5.0918 5.1019 5.11194 5.12188 5.13166 5.14122 5.15051 5.15948 5.16808 5.17626 5.18397 5.19116 5.19779 5.20383 5.20924 5.21397 5.21802 5.22135 5.22393 5.22577 5.22684 5.22714 5.22666 5.22542 5.22342 5.22066 5.21718 5.21299 5.20811 5.20258 5.19643 5.1897 5.18243 5.17466 5.16645 5.15783 5.14886 5.13959 5.13008 5.12038 5.11053 5.10061 5.09064 5.0807 5.07082 5.06106 5.05145 5.04204 5.03287 5.02397 5.01537 5.0071 4.99919 4.99166 4.98451 4.97777 4.97145 4.96556 4.96009 4.95506 4.95046 4.9463 4.94256 4.93924 4.93635 4.93388 4.93182 4.93016 4.92891 4.92806 4.92761 
4.92229 4.92265 4.92344 4.92465 4.9263 4.92838 4.93091 4.93387 4.93729 4.94117 4.9455 4.95029 4.95555 4.96127 4.96746 4.9741 4.98119 4.98873 4.99669 5.00506 5.01382 5.02294 5.03241 5.04217 5.05221 5.06247 5.07293 5.08352 5.09421 5.10494 5.11566 5.12631 5.13685 5.1472 5.15733 5.16717 5.17666 5.18576 5.1944 5.20255 5.21015 5.21716 5.22353 5.22924 5.23424 5.23851 5.24201 5.24474 5.24668 5.2478 5.24811 5.24761 5.2463 5.24418 5.24127 5.23759 5.23316 5.228 5.22216 5.21566 5.20854 5.20085 5.19263 5.18393 5.1748 5.1653 5.15549 5.1454 5.13511 5.12467 5.11413 5.10355 5.09299 5.08249 5.07211 5.06188 5.05187 5.0421 5.03261 5.02345 5.01463 5.00618 4.99813 4.9905 4.9833 4.97654 4.97023 4.96438 4.95899 4.95406 4.94959 4.94557 4.94202 4.93891 4.93625 4.93403 4.93224 4.93089 4.92997 4.92948 
4.9242 4.92458 4.92541 4.9267 4.92846 4.93068 4.93337 4.93654 4.94019 4.94432 4.94894 4.95406 4.95966 4.96577 4.97236 4.97944 4.98699 4.99501 5.00348 5.01239 5.0217 5.0314 5.04145 5.05182 5.06247 5.07336 5.08445 5.09567 5.10699 5.11835 5.12969 5.14096 5.1521 5.16304 5.17373 5.18412 5.19414 5.20373 5.21285 5.22144 5.22945 5.23683 5.24354 5.24955 5.25481 5.2593 5.26299 5.26586 5.26789 5.26908 5.2694 5.26887 5.26748 5.26525 5.26218 5.25831 5.25364 5.2482 5.24204 5.23519 5.22768 5.21957 5.2109 5.20172 5.19208 5.18205 5.17167 5.16101 5.15013 5.13908 5.12793 5.11673 5.10553 5.0944 5.08339 5.07255 5.06191 5.05154 5.04146 5.03171 5.02233 5.01335 5.00478 4.99664 4.98897 4.98176 4.97503 4.96878 4.96302 4.95775 4.95297 4.94868 4.94487 4.94154 4.93869 4.9363 4.93439 4.93294 4.93194 4.93141 
4.92616 4.92656 4.92744 4.92881 4.93068 4.93304 4.9359 4.93927 4.94315 4.94755 4.95247 4.95791 4.96388 4.97036 4.97737 4.98489 4.99292 5.00143 5.01043 5.01987 5.02975 5.04003 5.05068 5.06166 5.07293 5.08445 5.09616 5.10803 5.11998 5.13197 5.14394 5.15583 5.16757 5.1791 5.19036 5.2013 5.21184 5.22193 5.23152 5.24055 5.24896 5.25672 5.26377 5.27008 5.2756 5.28032 5.28419 5.2872 5.28933 5.29057 5.29091 5.29035 5.28889 5.28654 5.28332 5.27924 5.27434 5.26863 5.26215 5.25495 5.24705 5.23852 5.22939 5.21973 5.20958 5.19901 5.18808 5.17684 5.16536 5.15371 5.14193 5.13011 5.11828 5.10652 5.09487 5.0834 5.07214 5.06115 5.05047 5.04014 5.03019 5.02065 5.01155 5.00292 4.99476 4.98709 4.97993 4.97328 4.96715 4.96153 4.95643 4.95186 4.94779 4.94424 4.94119 4.93864 4.93659 4.93503 4.93397 4.93339 
4.92817 4.92858 4.92952 4.93097 4.93295 4.93545 4.93849 4.94207 4.94619 4.95085 4.95607 4.96185 4.96817 4.97505 4.98248 4.99045 4.99895 5.00797 5.01748 5.02748 5.03792 5.04878 5.06003 5.07163 5.08352 5.09567 5.10803 5.12053 5.13312 5.14575 5.15834 5.17084 5.18318 5.1953 5.20714 5.21862 5.22968 5.24028 5.25033 5.2598 5.26862 5.27674 5.28413 5.29074 5.29652 5.30145 5.30551 5.30866 5.31088 5.31218 5.31253 5.31194 5.31041 5.30795 5.30458 5.30031 5.29516 5.28918 5.28239 5.27484 5.26656 5.25761 5.24803 5.23789 5.22723 5.21613 5.20464 5.19282 5.18075 5.16849 5.15609 5.14363 5.13118 5.11878 5.10649 5.09439 5.0825 5.0709 5.05961 5.04869 5.03817 5.02807 5.01844 5.00929 5.00064 4.99252 4.98492 4.97786 4.97135 4.96538 4.95997 4.9551 4.95077 4.94699 4.94374 4.94103 4.93884 4.93718 4.93604 4.93541 
4.93022 4.93065 4.93163 4.93317 4.93526 4.93791 4.94112 4.94491 4.94927 4.95421 4.95973 4.96584 4.97253 4.97981 4.98766 4.99608 5.00506 5.01458 5.02462 5.03517 5.04618 5.05763 5.06948 5.08169 5.09421 5.10699 5.11998 5.13312 5.14635 5.15961 5.17283 5.18594 5.19888 5.21159 5.22398 5.23601 5.24759 5.25867 5.26919 5.27909 5.28831 5.29681 5.30452 5.31142 5.31747 5.32262 5.32685 5.33013 5.33246 5.33381 5.33417 5.33355 5.33196 5.32939 5.32586 5.3214 5.31602 5.30977 5.30267 5.29477 5.28611 5.27675 5.26672 5.2561 5.24495 5.23331 5.22127 5.20888 5.19622 5.18335 5.17034 5.15725 5.14416 5.13112 5.11821 5.10547 5.09296 5.08073 5.06884 5.05733 5.04623 5.03558 5.02541 5.01574 5.0066 4.99801 4.98997 4.9825 4.97561 4.96929 4.96355 4.95839 4.9538 4.94979 4.94634 4.94345 4.94113 4.93936 4.93814 4.93748 
4.93229 4.93274 4.93377 4.93539 4.9376 4.9404 4.94379 4.94779 4.95239 4.95761 4.96343 4.96988 4.97694 4.98461 4.99288 5.00176 5.01122 5.02124 5.03181 5.0429 5.05449 5.06652 5.07897 5.0918 5.10494 5.11835 5.13197 5.14575 5.15961 5.17349 5.18733 5.20105 5.21458 5.22786 5.24082 5.25338 5.26547 5.27704 5.28802 5.29834 5.30796 5.31681 5.32486 5.33204 5.33834 5.3437 5.34811 5.35153 5.35395 5.35535 5.35573 5.35509 5.35342 5.35074 5.34707 5.34242 5.33682 5.3303 5.3229 5.31466 5.30562 5.29585 5.28539 5.2743 5.26264 5.25048 5.2379 5.22494 5.21169 5.19822 5.1846 5.17089 5.15717 5.1435 5.12995 5.11658 5.10345 5.09061 5.07811 5.06601 5.05433 5.04312 5.03242 5.02224 5.01261 5.00355 4.99507 4.98719 4.97991 4.97324 4.96717 4.96172 4.95686 4.95262 4.94897 4.94591 4.94345 4.94157 4.94028 4.93957 
4.93438 4.93485 4.93594 4.93764 4.93996 4.9429 4.94648 4.95069 4.95553 4.96102 4.96716 4.97394 4.98136 4.98943 4.99813 5.00746 5.01739 5.02792 5.03902 5.05066 5.0628 5.07542 5.08847 5.1019 5.11566 5.12969 5.14394 5.15834 5.17283 5.18733 5.20177 5.21609 5.23021 5.24406 5.25756 5.27065 5.28325 5.29529 5.30671 5.31746 5.32746 5.33666 5.34503 5.3525 5.35904 5.36461 5.36919 5.37274 5.37525 5.37671 5.3771 5.37643 5.3747 5.37192 5.3681 5.36326 5.35744 5.35066 5.34297 5.33439 5.32499 5.31482 5.30393 5.29238 5.28023 5.26756 5.25444 5.24093 5.2271 5.21304 5.19881 5.18449 5.17015 5.15585 5.14168 5.12768 5.11393 5.10048 5.08739 5.07469 5.06244 5.05068 5.03944 5.02874 5.01862 5.0091 5.00018 4.99189 4.98423 4.9772 4.97081 4.96506 4.95994 4.95546 4.95161 4.94839 4.94578 4.9438 4.94243 4.94167 
4.93648 4.93697 4.93811 4.93989 4.94233 4.94542 4.94917 4.95359 4.95868 4.96444 4.97088 4.978 4.98579 4.99425 5.00337 5.01315 5.02356 5.03458 5.0462 5.05838 5.07109 5.08428 5.09792 5.11194 5.12631 5.14096 5.15583 5.17084 5.18594 5.20105 5.21609 5.231 5.24569 5.2601 5.27413 5.28773 5.30082 5.31333 5.32519 5.33634 5.34672 5.35627 5.36494 5.37269 5.37947 5.38524 5.38999 5.39367 5.39627 5.39778 5.39819 5.39749 5.3957 5.39281 5.38885 5.38384 5.3778 5.37077 5.36278 5.35389 5.34413 5.33357 5.32226 5.31026 5.29764 5.28446 5.27081 5.25675 5.24237 5.22772 5.2129 5.19798 5.18302 5.16812 5.15332 5.13871 5.12435 5.1103 5.09661 5.08333 5.07052 5.0582 5.04643 5.03523 5.02462 5.01464 5.00529 4.99659 4.98854 4.98116 4.97445 4.96841 4.96303 4.95831 4.95426 4.95087 4.94813 4.94603 4.94459 4.94379 
4.93858 4.93909 4.94027 4.94214 4.94469 4.94793 4.95186 4.95649 4.96182 4.96785 4.97459 4.98204 4.99019 4.99904 5.00858 5.01879 5.02967 5.04119 5.05332 5.06603 5.07929 5.09305 5.10726 5.12188 5.13685 5.1521 5.16757 5.18318 5.19888 5.21458 5.23021 5.24569 5.26094 5.27589 5.29045 5.30455 5.31811 5.33107 5.34336 5.3549 5.36564 5.37553 5.3845 5.39251 5.39952 5.4055 5.4104 5.41421 5.4169 5.41846 5.41888 5.41816 5.4163 5.41332 5.40923 5.40404 5.39779 5.39052 5.38225 5.37305 5.36294 5.352 5.34028 5.32785 5.31476 5.3011 5.28694 5.27235 5.25741 5.2422 5.2268 5.21128 5.19573 5.18022 5.16483 5.14961 5.13465 5.12001 5.10573 5.09189 5.07851 5.06566 5.05337 5.04166 5.03058 5.02014 5.01036 5.00125 4.99283 4.9851 4.97807 4.97173 4.9661 4.96115 4.9569 4.95334 4.95046 4.94826 4.94674 4.9459 
4.94066 4.94119 4.94243 4.94437 4.94704 4.95042 4.95453 4.95936 4.96492 4.97122 4.97826 4.98603 4.99454 5.00377 5.01372 5.02437 5.03571 5.04771 5.06034 5.07358 5.08737 5.10168 5.11646 5.13166 5.1472 5.16304 5.1791 5.1953 5.21159 5.22786 5.24406 5.2601 5.27589 5.29136 5.30642 5.32101 5.33503 5.34843 5.36112 5.37305 5.38414 5.39434 5.40361 5.41188 5.41911 5.42528 5.43033 5.43426 5.43704 5.43865 5.43908 5.43834 5.43642 5.43334 5.42912 5.42377 5.41732 5.40981 5.40128 5.39177 5.38134 5.37003 5.35792 5.34506 5.33153 5.31739 5.30274 5.28763 5.27216 5.2564 5.24043 5.22434 5.20821 5.19211 5.17613 5.16033 5.14478 5.12956 5.11471 5.10031 5.08639 5.07301 5.0602 5.04801 5.03645 5.02556 5.01536 5.00586 4.99707 4.989 4.98165 4.97503 4.96914 4.96397 4.95952 4.95579 4.95278 4.95048 4.94888 4.948 
4.94271 4.94326 4.94455 4.94658 4.94935 4.95287 4.95715 4.96219 4.96798 4.97455 4.98187 4.98996 4.99882 5.00842 5.01877 5.02985 5.04163 5.0541 5.06723 5.08097 5.09529 5.11014 5.12547 5.14122 5.15733 5.17373 5.19036 5.20714 5.22398 5.24082 5.25756 5.27413 5.29045 5.30642 5.32197 5.33702 5.35149 5.36531 5.37839 5.39068 5.40212 5.41263 5.42217 5.43068 5.43813 5.44448 5.44969 5.45373 5.45658 5.45824 5.45869 5.45793 5.45596 5.45279 5.44844 5.44293 5.43629 5.42856 5.41977 5.40997 5.39922 5.38756 5.37507 5.36181 5.34784 5.33326 5.31812 5.30252 5.28653 5.27024 5.25373 5.23708 5.22039 5.20373 5.18717 5.1708 5.15469 5.1389 5.1235 5.10855 5.0941 5.08021 5.0669 5.05423 5.04221 5.03089 5.02027 5.01038 5.00123 4.99282 4.98517 4.97827 4.97213 4.96674 4.9621 4.95821 4.95506 4.95266 4.95099 4.95007 
4.94473 4.94529 4.94663 4.94874 4.95162 4.95528 4.95972 4.96496 4.97098 4.97779 4.9854 4.99381 5.00299 5.01296 5.0237 5.03519 5.04741 5.06033 5.07393 5.08816 5.10299 5.11836 5.13422 5.15051 5.16717 5.18412 5.2013 5.21862 5.23601 5.25338 5.27065 5.28773 5.30455 5.32101 5.33702 5.35252 5.36741 5.38163 5.39509 5.40773 5.41948 5.43029 5.44009 5.44884 5.4565 5.46301 5.46836 5.47251 5.47545 5.47715 5.47761 5.47683 5.4748 5.47155 5.46709 5.46143 5.45461 5.44666 5.43763 5.42756 5.4165 5.40451 5.39166 5.37801 5.36363 5.34861 5.33301 5.31693 5.30045 5.28365 5.26662 5.24944 5.23221 5.21499 5.19789 5.18097 5.16431 5.14798 5.13204 5.11657 5.10161 5.08721 5.07342 5.06029 5.04783 5.03608 5.02506 5.0148 5.00529 4.99656 4.98861 4.98144 4.97505 4.96945 4.96462 4.96057 4.9573 4.95479 4.95306 4.95209 
4.94669 4.94727 4.94866 4.95084 4.95383 4.95762 4.96223 4.96765 4.97389 4.98095 4.98883 4.99753 5.00705 5.01737 5.02848 5.04036 5.053 5.06636 5.08042 5.09512 5.11044 5.12631 5.14267 5.15948 5.17666 5.19414 5.21184 5.22968 5.24759 5.26547 5.28325 5.30082 5.31811 5.33503 5.35149 5.36741 5.38271 5.3973 5.41112 5.42409 5.43615 5.44723 5.45729 5.46626 5.47411 5.48079 5.48627 5.49053 5.49354 5.49528 5.49575 5.49495 5.49288 5.48955 5.48497 5.47917 5.47218 5.46403 5.45477 5.44443 5.43309 5.42078 5.40759 5.39357 5.3788 5.36337 5.34734 5.3308 5.31385 5.29656 5.27903 5.26135 5.24359 5.22586 5.20823 5.19078 5.17359 5.15674 5.1403 5.12432 5.10886 5.09399 5.07974 5.06615 5.05326 5.04111 5.0297 5.01907 5.00923 5.00019 4.99195 4.98451 4.97789 4.97208 4.96707 4.96287 4.95947 4.95688 4.95507 4.95407 
4.94859 4.94919 4.95062 4.95287 4.95596 4.95988 4.96464 4.97025 4.9767 4.98399 4.99214 5.00113 5.01095 5.02161 5.03308 5.04534 5.05838 5.07216 5.08665 5.10181 5.11758 5.13393 5.15078 5.16808 5.18576 5.20373 5.22193 5.24028 5.25867 5.27704 5.29529 5.31333 5.33107 5.34843 5.36531 5.38163 5.3973 5.41225 5.42641 5.43969 5.45204 5.46338 5.47367 5.48286 5.49089 5.49772 5.50333 5.50768 5.51076 5.51255 5.51303 5.51221 5.5101 5.50669 5.50201 5.49608 5.48892 5.48058 5.4711 5.46053 5.44891 5.43631 5.42279 5.40842 5.39329 5.37746 5.36102 5.34405 5.32665 5.30891 5.2909 5.27273 5.25449 5.23626 5.21813 5.20018 5.18249 5.16515 5.14821 5.13175 5.11583 5.10049 5.0858 5.07178 5.05849 5.04594 5.03417 5.02319 5.01302 5.00368 4.99516 4.98748 4.98063 4.97462 4.96944 4.96509 4.96158 4.95889 4.95702 4.95598 
4.9504 4.95102 4.9525 4.95482 4.958 4.96205 4.96696 4.97274 4.97938 4.98691 4.9953 5.00456 5.01468 5.02565 5.03746 5.05009 5.06351 5.07768 5.09259 5.10817 5.12439 5.14118 5.15849 5.17626 5.1944 5.21285 5.23152 5.25033 5.26919 5.28802 5.30671 5.32519 5.34336 5.36112 5.37839 5.39509 5.41112 5.42641 5.44088 5.45445 5.46707 5.47866 5.48917 5.49855 5.50675 5.51373 5.51945 5.5239 5.52704 5.52886 5.52936 5.52853 5.52637 5.52289 5.51811 5.51206 5.50475 5.49624 5.48655 5.47575 5.46388 5.451 5.43718 5.42249 5.407 5.39081 5.37398 5.35661 5.3388 5.32062 5.30217 5.28354 5.26484 5.24614 5.22753 5.20911 5.19095 5.17314 5.15574 5.13882 5.12245 5.10669 5.09157 5.07715 5.06347 5.05055 5.03843 5.02712 5.01665 5.00701 4.99824 4.99031 4.98325 4.97705 4.97171 4.96722 4.96359 4.96081 4.95888 4.95781 
4.95213 4.95277 4.95428 4.95667 4.95995 4.9641 4.96915 4.9751 4.98193 4.98967 4.99829 5.00781 5.01821 5.02948 5.04161 5.05458 5.06835 5.0829 5.09819 5.11418 5.13081 5.14802 5.16577 5.18397 5.20255 5.22144 5.24055 5.2598 5.27909 5.29834 5.31746 5.33634 5.3549 5.37305 5.39068 5.40773 5.42409 5.43969 5.45445 5.4683 5.48116 5.49298 5.5037 5.51326 5.52161 5.52873 5.53456 5.53909 5.5423 5.54416 5.54466 5.54381 5.54161 5.53807 5.53321 5.52704 5.5196 5.51092 5.50104 5.49003 5.47792 5.46478 5.45068 5.43569 5.41988 5.40335 5.38616 5.36842 5.35021 5.33163 5.31276 5.29371 5.27457 5.25543 5.23639 5.21753 5.19893 5.18067 5.16284 5.1455 5.12871 5.11253 5.09702 5.08222 5.06817 5.05491 5.04246 5.03084 5.02007 5.01017 5.00115 4.993 4.98574 4.97936 4.97386 4.96924 4.9655 4.96264 4.96066 4.95954 
4.95376 4.95441 4.95596 4.95841 4.96177 4.96604 4.97122 4.97731 4.98432 4.99225 5.0011 5.01086 5.02152 5.03307 5.0455 5.05878 5.07289 5.08778 5.10343 5.11979 5.1368 5.15441 5.17255 5.19116 5.21015 5.22945 5.24896 5.26862 5.28831 5.30796 5.32746 5.34672 5.36564 5.38414 5.40212 5.41948 5.43615 5.45204 5.46707 5.48116 5.49426 5.50629 5.51719 5.52691 5.53542 5.54265 5.54859 5.5532 5.55646 5.55835 5.55887 5.558 5.55577 5.55217 5.54722 5.54095 5.53338 5.52455 5.5145 5.50329 5.49097 5.47759 5.46323 5.44796 5.43186 5.41501 5.39749 5.3794 5.36083 5.34188 5.32263 5.30319 5.28365 5.2641 5.24465 5.22537 5.20636 5.1877 5.16947 5.15173 5.13455 5.118 5.10212 5.08697 5.07258 5.05899 5.04623 5.03432 5.02328 5.01313 5.00388 4.99552 4.98807 4.98152 4.97588 4.97114 4.9673 4.96436 4.96232 4.96118 
4.95527 4.95594 4.95752 4.96003 4.96347 4.96783 4.97313 4.97937 4.98654 4.99466 5.00371 5.01368 5.02459 5.0364 5.0491 5.06267 5.07708 5.0923 5.10828 5.12498 5.14234 5.16031 5.17882 5.19779 5.21716 5.23683 5.25672 5.27674 5.29681 5.31681 5.33666 5.35627 5.37553 5.39434 5.41263 5.43029 5.44723 5.46338 5.47866 5.49298 5.50629 5.5185 5.52958 5.53946 5.54809 5.55544 5.56146 5.56614 5.56945 5.57138 5.5719 5.57103 5.56876 5.56511 5.56009 5.55372 5.54603 5.53707 5.52687 5.51548 5.50296 5.48936 5.47477 5.45925 5.44288 5.42574 5.40792 5.38951 5.37061 5.35131 5.33171 5.31191 5.292 5.27209 5.25226 5.23261 5.21322 5.19419 5.17558 5.15748 5.13995 5.12304 5.10683 5.09135 5.07665 5.06276 5.04972 5.03754 5.02626 5.01588 5.00641 4.99786 4.99023 4.98353 4.97775 4.9729 4.96897 4.96596 4.96387 4.9627 
4.95666 4.95734 4.95895 4.96152 4.96502 4.96948 4.97489 4.98126 4.98858 4.99685 5.00609 5.01627 5.02739 5.03943 5.05238 5.06622 5.0809 5.09641 5.11269 5.1297 5.14739 5.16568 5.18452 5.20383 5.22353 5.24354 5.26377 5.28413 5.30452 5.32486 5.34503 5.36494 5.3845 5.40361 5.42217 5.44009 5.45729 5.47367 5.48917 5.5037 5.51719 5.52958 5.54081 5.55082 5.55957 5.56702 5.57313 5.57787 5.58123 5.58318 5.58371 5.58283 5.58053 5.57683 5.57174 5.56529 5.5575 5.54841 5.53807 5.52652 5.51383 5.50004 5.48523 5.46948 5.45287 5.43547 5.41738 5.39869 5.37949 5.35988 5.33997 5.31984 5.2996 5.27935 5.25918 5.23919 5.21947 5.20009 5.18115 5.16272 5.14486 5.12764 5.11112 5.09535 5.08036 5.0662 5.0529 5.04049 5.02897 5.01838 5.00872 4.99999 4.99221 4.98537 4.97947 4.97451 4.9705 4.96743 4.96529 4.9641 
4.95791 4.9586 4.96025 4.96286 4.96643 4.97097 4.97647 4.98295 4.99041 4.99883 5.00823 5.01859 5.0299 5.04216 5.05533 5.0694 5.08434 5.1001 5.11665 5.13394 5.15191 5.17049 5.18963 5.20924 5.22924 5.24955 5.27008 5.29074 5.31142 5.33204 5.3525 5.37269 5.39251 5.41188 5.43068 5.44884 5.46626 5.48286 5.49855 5.51326 5.52691 5.53946 5.55082 5.56095 5.56981 5.57735 5.58353 5.58833 5.59173 5.5937 5.59424 5.59335 5.59103 5.58729 5.58214 5.57561 5.56773 5.55853 5.54807 5.53638 5.52352 5.50956 5.49457 5.47862 5.46179 5.44416 5.42583 5.40688 5.38742 5.36754 5.34734 5.32693 5.30639 5.28584 5.26537 5.24508 5.22505 5.20538 5.18614 5.16741 5.14926 5.13176 5.11497 5.09893 5.08369 5.06929 5.05576 5.04313 5.03142 5.02063 5.0108 5.00191 4.99399 4.98702 4.98102 4.97597 4.97188 4.96875 4.96658 4.96536 
4.95902 4.95972 4.96139 4.96404 4.96767 4.97228 4.97787 4.98445 4.99202 5.00058 5.01012 5.02063 5.03212 5.04455 5.05792 5.0722 5.08735 5.10334 5.12013 5.13766 5.15587 5.17471 5.1941 5.21397 5.23424 5.25481 5.2756 5.29652 5.31747 5.33834 5.35904 5.37947 5.39952 5.41911 5.43813 5.4565 5.47411 5.49089 5.50675 5.52161 5.53542 5.54809 5.55957 5.56981 5.57876 5.58637 5.59262 5.59747 5.6009 5.60289 5.60344 5.60254 5.6002 5.59642 5.59122 5.58463 5.57667 5.56738 5.5568 5.54499 5.532 5.51789 5.50274 5.48661 5.46959 5.45176 5.43322 5.41405 5.39436 5.37424 5.3538 5.33313 5.31234 5.29153 5.2708 5.25024 5.22995 5.21001 5.19051 5.17152 5.15313 5.13538 5.11835 5.10208 5.08662 5.07201 5.05828 5.04546 5.03356 5.02262 5.01263 5.00361 4.99556 4.98848 4.98238 4.97726 4.9731 4.96992 4.96771 4.96647 
4.95997 4.96068 4.96238 4.96506 4.96874 4.97341 4.97908 4.98574 4.99341 5.00208 5.01174 5.02239 5.03402 5.04661 5.06015 5.0746 5.08993 5.10612 5.1231 5.14084 5.15926 5.17832 5.19793 5.21802 5.23851 5.2593 5.28032 5.30145 5.32262 5.3437 5.36461 5.38524 5.4055 5.42528 5.44448 5.46301 5.48079 5.49772 5.51373 5.52873 5.54265 5.55544 5.56702 5.57735 5.58637 5.59405 5.60035 5.60524 5.6087 5.61072 5.61127 5.61037 5.608 5.60419 5.59895 5.5923 5.58427 5.57491 5.56424 5.55232 5.53922 5.52498 5.50969 5.49341 5.47623 5.45824 5.43951 5.42016 5.40027 5.37995 5.3593 5.33842 5.31741 5.29638 5.27543 5.25464 5.23413 5.21396 5.19424 5.17504 5.15643 5.13847 5.12124 5.10477 5.08912 5.07433 5.06043 5.04745 5.03541 5.02432 5.0142 5.00507 4.99691 4.98974 4.98356 4.97836 4.97416 4.97093 4.96869 4.96743 
4.96077 4.96149 4.9632 4.96591 4.96963 4.97435 4.98008 4.98681 4.99456 5.00332 5.01308 5.02384 5.03559 5.04831 5.06198 5.07658 5.09206 5.1084 5.12555 5.14345 5.16205 5.18128 5.20107 5.22135 5.24201 5.26299 5.28419 5.30551 5.32685 5.34811 5.36919 5.38999 5.4104 5.43033 5.44969 5.46836 5.48627 5.50333 5.51945 5.53456 5.54859 5.56146 5.57313 5.58353 5.59262 5.60035 5.6067 5.61162 5.61511 5.61713 5.61769 5.61678 5.61441 5.61057 5.60529 5.5986 5.59051 5.58108 5.57034 5.55834 5.54514 5.5308 5.51539 5.49899 5.48168 5.46355 5.44468 5.42517 5.40513 5.38464 5.36382 5.34276 5.32158 5.30037 5.27923 5.25826 5.23756 5.21722 5.19731 5.17793 5.15914 5.14102 5.12362 5.10699 5.09119 5.07625 5.06221 5.0491 5.03693 5.02573 5.01551 5.00627 4.99803 4.99079 4.98454 4.97929 4.97503 4.97177 4.96951 4.96823 
4.9614 4.96213 4.96385 4.96659 4.97033 4.97509 4.98087 4.98766 4.99547 5.0043 5.01414 5.02498 5.03682 5.04964 5.06342 5.07812 5.09373 5.11019 5.12746 5.14549 5.16423 5.18359 5.20352 5.22393 5.24474 5.26586 5.2872 5.30866 5.33013 5.35153 5.37274 5.39367 5.41421 5.43426 5.45373 5.47251 5.49053 5.50768 5.5239 5.53909 5.5532 5.56614 5.57787 5.58833 5.59747 5.60524 5.61162 5.61658 5.62008 5.62212 5.62268 5.62177 5.61938 5.61552 5.61022 5.60349 5.59536 5.58587 5.57507 5.56301 5.54973 5.53531 5.51982 5.50332 5.48591 5.46767 5.44869 5.42906 5.40889 5.38828 5.36733 5.34613 5.32481 5.30346 5.28218 5.26107 5.24023 5.21974 5.1997 5.18018 5.16126 5.143 5.12547 5.10872 5.0928 5.07775 5.0636 5.05039 5.03812 5.02683 5.01653 5.00722 4.99891 4.99161 4.98531 4.98001 4.97572 4.97244 4.97015 4.96887 
4.96186 4.96259 4.96433 4.96708 4.97085 4.97563 4.98144 4.98827 4.99612 5.005 5.0149 5.0258 5.03771 5.05059 5.06444 5.07923 5.09491 5.11146 5.12882 5.14694 5.16577 5.18523 5.20526 5.22577 5.24668 5.26789 5.28933 5.31088 5.33246 5.35395 5.37525 5.39627 5.4169 5.43704 5.45658 5.47545 5.49354 5.51076 5.52704 5.5423 5.55646 5.56945 5.58123 5.59173 5.6009 5.6087 5.61511 5.62008 5.6236 5.62564 5.62621 5.62529 5.62289 5.61902 5.6137 5.60694 5.59878 5.58926 5.57842 5.56631 5.55298 5.5385 5.52294 5.50638 5.4889 5.47058 5.45152 5.43181 5.41155 5.39085 5.3698 5.34852 5.3271 5.30565 5.28427 5.26306 5.24212 5.22154 5.2014 5.18178 5.16276 5.14441 5.12679 5.10996 5.09395 5.07882 5.0646 5.05131 5.03898 5.02763 5.01727 5.00791 4.99955 4.9922 4.98587 4.98054 4.97623 4.97292 4.97062 4.96933 
4.96215 4.96288 4.96462 4.96738 4.97116 4.97596 4.98179 4.98864 4.99652 5.00543 5.01536 5.0263 5.03824 5.05116 5.06506 5.07988 5.09561 5.11221 5.12962 5.1478 5.16668 5.18619 5.20627 5.22684 5.2478 5.26908 5.29057 5.31218 5.33381 5.35535 5.37671 5.39778 5.41846 5.43865 5.45824 5.47715 5.49528 5.51255 5.52886 5.54416 5.55835 5.57138 5.58318 5.5937 5.60289 5.61072 5.61713 5.62212 5.62564 5.62769 5.62826 5.62734 5.62494 5.62106 5.61572 5.60895 5.60077 5.59123 5.58036 5.56822 5.55486 5.54035 5.52476 5.50816 5.49063 5.47227 5.45316 5.4334 5.41309 5.39234 5.37124 5.3499 5.32842 5.30692 5.28548 5.26422 5.24322 5.22258 5.20238 5.18271 5.16364 5.14524 5.12757 5.11068 5.09463 5.07945 5.06519 5.05186 5.03949 5.02811 5.01771 5.00832 4.99994 4.99257 4.98621 4.98087 4.97654 4.97322 4.97092 4.96962 
