7.0573 7.05749 7.05782 7.05828 7.05888 7.05961 7.06048 7.06148 7.06262 7.06389 7.06528 7.06681 7.06846 7.07023 7.07212 7.07413 7.07625 7.07848 7.08081 7.08323 7.08575 7.08834 7.09101 7.09374 7.09653 7.09937 7.10224 7.10513 7.10803 7.11093 7.11382 7.11668 7.1195 7.12227 7.12497 7.12759 7.13012 7.13254 7.13484 7.137 7.13903 7.14089 7.1426 7.14412 7.14547 7.14662 7.14758 7.14833 7.14887 7.14921 7.14933 7.14925 7.14895 7.14844 7.14772 7.14681 7.1457 7.1444 7.14292 7.14128 7.13946 7.1375 7.1354 7.13317 7.13083 7.12839 7.12585 7.12324 7.12057 7.11786 7.11511 7.11234 7.10956 7.10678 7.10403 7.1013 7.09861 7.09598 7.0934 7.0909 7.08848 7.08614 7.0839 7.08176 7.07972 7.0778 7.076 7.07431 7.07275 7.07132 7.07002 7.06885 7.06781 7.0669 7.06614 7.0655 7.06501 7.06465 7.06443 7.06434 
7.05749 7.05768 7.05801 7.05848 7.05908 7.05981 7.06069 7.06169 7.06283 7.0641 7.06551 7.06704 7.0687 7.07048 7.07238 7.0744 7.07653 7.07877 7.08111 7.08355 7.08608 7.08869 7.09137 7.09412 7.09693 7.09978 7.10266 7.10557 7.10849 7.11141 7.11431 7.11719 7.12002 7.12281 7.12552 7.12816 7.1307 7.13313 7.13544 7.13762 7.13965 7.14153 7.14324 7.14478 7.14613 7.14729 7.14825 7.14901 7.14956 7.14989 7.15002 7.14993 7.14963 7.14912 7.1484 7.14748 7.14636 7.14506 7.14357 7.14191 7.14009 7.13812 7.136 7.13376 7.13141 7.12895 7.1264 7.12378 7.12109 7.11836 7.11559 7.11281 7.11001 7.10722 7.10445 7.10171 7.099 7.09635 7.09377 7.09125 7.08881 7.08646 7.08421 7.08205 7.08001 7.07807 7.07626 7.07457 7.073 7.07156 7.07025 7.06907 7.06802 7.06711 7.06634 7.0657 7.0652 7.06484 7.06462 7.06453 
7.05782 7.05801 7.05834 7.05881 7.05942 7.06016 7.06105 7.06207 7.06322 7.06451 7.06593 7.06748 7.06916 7.07097 7.0729 7.07494 7.0771 7.07937 7.08174 7.08422 7.08678 7.08942 7.09214 7.09493 7.09777 7.10066 7.10358 7.10653 7.10949 7.11245 7.11539 7.1183 7.12118 7.124 7.12675 7.12942 7.13199 7.13446 7.1368 7.13901 7.14107 7.14297 7.1447 7.14626 7.14763 7.1488 7.14977 7.15054 7.15109 7.15143 7.15156 7.15147 7.15116 7.15064 7.14992 7.14898 7.14785 7.14653 7.14502 7.14334 7.14149 7.13949 7.13735 7.13508 7.13269 7.1302 7.12761 7.12496 7.12223 7.11946 7.11666 7.11383 7.111 7.10817 7.10536 7.10258 7.09984 7.09715 7.09453 7.09197 7.0895 7.08712 7.08483 7.08265 7.08057 7.07861 7.07677 7.07505 7.07346 7.072 7.07067 7.06947 7.06841 7.06749 7.0667 7.06605 7.06554 7.06518 7.06495 7.06486 
7.05828 7.05848 7.05881 7.05929 7.05991 7.06067 7.06157 7.06261 7.06379 7.0651 7.06655 7.06814 7.06985 7.0717 7.07366 7.07575 7.07796 7.08028 7.0827 7.08523 7.08784 7.09054 7.09332 7.09617 7.09907 7.10202 7.105 7.10801 7.11103 7.11405 7.11706 7.12003 7.12297 7.12584 7.12865 7.13138 7.134 7.13652 7.13891 7.14116 7.14326 7.1452 7.14697 7.14855 7.14995 7.15115 7.15214 7.15292 7.15348 7.15383 7.15396 7.15386 7.15355 7.15302 7.15227 7.15132 7.15016 7.14881 7.14727 7.14555 7.14367 7.14163 7.13944 7.13712 7.13468 7.13213 7.12949 7.12678 7.124 7.12117 7.1183 7.11542 7.11252 7.10963 7.10676 7.10392 7.10112 7.09837 7.09569 7.09308 7.09055 7.08811 7.08578 7.08354 7.08142 7.07941 7.07753 7.07577 7.07414 7.07264 7.07128 7.07006 7.06897 7.06802 7.06722 7.06655 7.06603 7.06565 7.06542 7.06532 
7.05888 7.05908 7.05942 7.05991 7.06054 7.06132 7.06225 7.06331 7.06453 7.06588 7.06737 7.069 7.07076 7.07266 7.07468 7.07683 7.0791 7.08149 7.08398 7.08658 7.08927 7.09205 7.0949 7.09783 7.10082 7.10385 7.10692 7.11001 7.11312 7.11622 7.11931 7.12237 7.12538 7.12834 7.13123 7.13402 7.13672 7.1393 7.14176 7.14407 7.14623 7.14822 7.15004 7.15166 7.1531 7.15432 7.15534 7.15614 7.15672 7.15707 7.1572 7.1571 7.15678 7.15623 7.15547 7.15449 7.1533 7.1519 7.15032 7.14855 7.14661 7.14451 7.14226 7.13988 7.13737 7.13475 7.13204 7.12924 7.12638 7.12347 7.12052 7.11755 7.11458 7.1116 7.10865 7.10572 7.10284 7.10001 7.09725 7.09456 7.09196 7.08945 7.08704 7.08474 7.08255 7.08048 7.07854 7.07672 7.07504 7.0735 7.07209 7.07083 7.0697 7.06873 7.06789 7.0672 7.06666 7.06627 7.06602 7.06592 
7.05961 7.05981 7.06016 7.06067 7.06132 7.06213 7.06308 7.06419 7.06544 7.06684 7.06838 7.07007 7.0719 7.07386 7.07596 7.07818 7.08053 7.083 7.08558 7.08827 7.09106 7.09393 7.09689 7.09992 7.10301 7.10615 7.10932 7.11252 7.11574 7.11895 7.12214 7.12531 7.12842 7.13148 7.13447 7.13736 7.14015 7.14282 7.14535 7.14774 7.14997 7.15203 7.1539 7.15558 7.15706 7.15833 7.15938 7.1602 7.1608 7.16116 7.16129 7.16119 7.16085 7.16028 7.15949 7.15847 7.15724 7.1558 7.15416 7.15233 7.15032 7.14815 7.14582 7.14335 7.14075 7.13804 7.13524 7.13234 7.12938 7.12637 7.12332 7.12024 7.11716 7.11408 7.11101 7.10798 7.105 7.10207 7.0992 7.09642 7.09372 7.09111 7.08861 7.08623 7.08396 7.08181 7.07979 7.07791 7.07616 7.07456 7.07309 7.07178 7.07061 7.06959 7.06872 7.06801 7.06744 7.06703 7.06677 7.06666 
7.06048 7.06069 7.06105 7.06157 7.06225 7.06308 7.06408 7.06522 7.06653 7.06798 7.06959 7.07135 7.07325 7.07529 7.07748 7.0798 7.08224 7.08481 7.0875 7.0903 7.0932 7.0962 7.09928 7.10243 7.10565 7.10891 7.11222 7.11555 7.11889 7.12223 7.12555 7.12884 7.13209 7.13526 7.13837 7.14137 7.14427 7.14704 7.14968 7.15216 7.15447 7.15661 7.15855 7.1603 7.16183 7.16315 7.16423 7.16509 7.1657 7.16608 7.16621 7.1661 7.16575 7.16516 7.16433 7.16327 7.16199 7.16049 7.15878 7.15688 7.15479 7.15253 7.1501 7.14753 7.14483 7.14201 7.13909 7.13608 7.13299 7.12986 7.12668 7.12347 7.12026 7.11705 7.11386 7.1107 7.10759 7.10454 7.10155 7.09864 7.09583 7.09311 7.0905 7.08801 7.08564 7.0834 7.08129 7.07932 7.0775 7.07582 7.07429 7.07291 7.07169 7.07062 7.06971 7.06896 7.06836 7.06793 7.06765 7.06753 
7.06148 7.06169 7.06207 7.06261 7.06331 7.06419 7.06522 7.06642 7.06779 7.06931 7.07099 7.07283 7.07482 7.07696 7.07925 7.08167 7.08424 7.08693 7.08974 7.09267 7.09571 7.09884 7.10206 7.10536 7.10872 7.11214 7.1156 7.11908 7.12257 7.12606 7.12953 7.13297 7.13636 7.13968 7.14292 7.14606 7.14908 7.15198 7.15472 7.15731 7.15973 7.16196 7.16399 7.1658 7.1674 7.16877 7.1699 7.17079 7.17143 7.17182 7.17196 7.17184 7.17147 7.17085 7.16998 7.16887 7.16753 7.16596 7.16417 7.16218 7.16 7.15763 7.1551 7.15241 7.14959 7.14664 7.14358 7.14043 7.13721 7.13392 7.1306 7.12725 7.12388 7.12052 7.11718 7.11388 7.11061 7.10741 7.10428 7.10124 7.09829 7.09544 7.0927 7.09009 7.0876 7.08525 7.08303 7.08097 7.07905 7.07728 7.07567 7.07422 7.07294 7.07181 7.07085 7.07005 7.06942 7.06896 7.06867 7.06854 
7.06262 7.06283 7.06322 7.06379 7.06453 7.06544 7.06653 7.06779 7.06922 7.07082 7.07259 7.07452 7.07661 7.07886 7.08126 7.08381 7.0865 7.08933 7.09229 7.09537 7.09856 7.10185 7.10524 7.1087 7.11223 7.11582 7.11945 7.12311 7.12677 7.13043 7.13408 7.13768 7.14123 7.14472 7.14811 7.1514 7.15457 7.1576 7.16048 7.1632 7.16573 7.16806 7.17018 7.17209 7.17376 7.17519 7.17637 7.1773 7.17797 7.17837 7.17851 7.17838 7.17799 7.17734 7.17642 7.17526 7.17385 7.1722 7.17033 7.16824 7.16595 7.16346 7.1608 7.15798 7.15501 7.15192 7.14871 7.1454 7.14201 7.13857 7.13507 7.13155 7.12801 7.12448 7.12097 7.11749 7.11406 7.1107 7.1074 7.1042 7.10109 7.09809 7.09521 7.09245 7.08983 7.08735 7.08502 7.08283 7.08081 7.07895 7.07725 7.07571 7.07435 7.07316 7.07214 7.0713 7.07063 7.07014 7.06982 7.06968 
7.06389 7.0641 7.06451 7.0651 7.06588 7.06684 7.06798 7.06931 7.07082 7.07251 7.07437 7.0764 7.07861 7.08098 7.08352 7.08621 7.08905 7.09203 7.09515 7.0984 7.10176 7.10523 7.1088 7.11245 7.11617 7.11995 7.12377 7.12762 7.13148 7.13534 7.13917 7.14297 7.1467 7.15037 7.15394 7.1574 7.16073 7.16392 7.16694 7.16979 7.17245 7.1749 7.17713 7.17913 7.18088 7.18238 7.18362 7.18459 7.18529 7.18571 7.18586 7.18572 7.1853 7.18461 7.18365 7.18242 7.18093 7.1792 7.17723 7.17503 7.17261 7.17 7.1672 7.16422 7.1611 7.15784 7.15446 7.15097 7.1474 7.14377 7.14009 7.13637 7.13265 7.12892 7.12522 7.12155 7.11793 7.11438 7.1109 7.10751 7.10423 7.10106 7.09802 7.0951 7.09233 7.08971 7.08724 7.08493 7.08278 7.08081 7.079 7.07738 7.07593 7.07467 7.07359 7.07269 7.07197 7.07145 7.07111 7.07095 
7.06528 7.06551 7.06593 7.06655 7.06737 7.06838 7.06959 7.07099 7.07259 7.07437 7.07634 7.07849 7.08082 7.08333 7.08601 7.08886 7.09186 7.09502 7.09831 7.10175 7.1053 7.10897 7.11274 7.1166 7.12053 7.12452 7.12855 7.13262 7.13669 7.14076 7.14481 7.14881 7.15275 7.15662 7.16038 7.16403 7.16754 7.1709 7.17409 7.17709 7.17988 7.18246 7.18481 7.18691 7.18876 7.19034 7.19164 7.19266 7.19339 7.19383 7.19398 7.19383 7.19339 7.19265 7.19164 7.19034 7.18877 7.18694 7.18485 7.18253 7.17998 7.17722 7.17426 7.17113 7.16783 7.16438 7.16081 7.15713 7.15337 7.14953 7.14563 7.14171 7.13777 7.13383 7.12992 7.12604 7.12221 7.11845 7.11477 7.11118 7.10771 7.10435 7.10112 7.09803 7.09509 7.09231 7.08969 7.08724 7.08496 7.08286 7.08095 7.07922 7.07768 7.07633 7.07518 7.07422 7.07346 7.07289 7.07252 7.07235 
7.06681 7.06704 7.06748 7.06814 7.069 7.07007 7.07135 7.07283 7.07452 7.0764 7.07849 7.08077 7.08324 7.0859 7.08874 7.09176 7.09494 7.09828 7.10177 7.10541 7.10917 7.11306 7.11705 7.12113 7.12529 7.12952 7.13379 7.13808 7.14239 7.1467 7.15097 7.1552 7.15937 7.16345 7.16742 7.17128 7.17498 7.17853 7.18189 7.18506 7.18801 7.19073 7.19321 7.19542 7.19736 7.19903 7.2004 7.20147 7.20224 7.2027 7.20285 7.20269 7.20222 7.20144 7.20036 7.19899 7.19733 7.19539 7.19319 7.19073 7.18804 7.18512 7.18199 7.17867 7.17518 7.17154 7.16776 7.16387 7.15988 7.15582 7.1517 7.14755 7.14337 7.1392 7.13505 7.13094 7.12688 7.1229 7.119 7.11519 7.11151 7.10794 7.10452 7.10124 7.09811 7.09516 7.09237 7.08976 7.08734 7.08511 7.08307 7.08123 7.07959 7.07815 7.07692 7.07589 7.07508 7.07447 7.07407 7.07388 
7.06846 7.0687 7.06916 7.06985 7.07076 7.0719 7.07325 7.07482 7.07661 7.07861 7.08082 7.08324 7.08587 7.08869 7.0917 7.0949 7.09828 7.10182 7.10553 7.10938 7.11337 7.11749 7.12172 7.12605 7.13046 7.13493 7.13946 7.14401 7.14857 7.15312 7.15765 7.16213 7.16653 7.17085 7.17505 7.17913 7.18304 7.18679 7.19035 7.19369 7.19681 7.19968 7.20229 7.20463 7.20668 7.20843 7.20988 7.21101 7.21182 7.2123 7.21246 7.21228 7.21178 7.21096 7.20981 7.20836 7.2066 7.20454 7.20221 7.19961 7.19676 7.19367 7.19036 7.18684 7.18315 7.17929 7.17529 7.17117 7.16694 7.16264 7.15827 7.15387 7.14944 7.14502 7.14062 7.13626 7.13195 7.12772 7.12358 7.11954 7.11562 7.11184 7.10819 7.10471 7.10139 7.09824 7.09527 7.0925 7.08992 7.08754 7.08537 7.0834 7.08165 7.08012 7.0788 7.0777 7.07683 7.07618 7.07575 7.07554 
7.07023 7.07048 7.07097 7.0717 7.07266 7.07386 7.07529 7.07696 7.07886 7.08098 7.08333 7.0859 7.08869 7.09168 7.09488 7.09828 7.10186 7.10563 7.10956 7.11365 7.11789 7.12226 7.12674 7.13133 7.13601 7.14075 7.14555 7.15037 7.15521 7.16003 7.16482 7.16956 7.17423 7.1788 7.18325 7.18755 7.1917 7.19566 7.19942 7.20296 7.20625 7.20929 7.21205 7.21452 7.21668 7.21853 7.22006 7.22125 7.2221 7.2226 7.22276 7.22257 7.22204 7.22116 7.21995 7.21841 7.21654 7.21437 7.2119 7.20914 7.20612 7.20284 7.19934 7.19561 7.1917 7.18761 7.18337 7.179 7.17452 7.16996 7.16533 7.16066 7.15596 7.15127 7.1466 7.14197 7.1374 7.1329 7.1285 7.12421 7.12005 7.11602 7.11215 7.10844 7.1049 7.10155 7.0984 7.09544 7.09269 7.09015 7.08784 7.08574 7.08387 7.08223 7.08082 7.07965 7.07871 7.07801 7.07755 7.07732 
7.07212 7.07238 7.0729 7.07366 7.07468 7.07596 7.07748 7.07925 7.08126 7.08352 7.08601 7.08874 7.0917 7.09488 7.09828 7.10189 7.10569 7.10969 7.11387 7.11821 7.12271 7.12734 7.13211 7.13698 7.14193 7.14697 7.15205 7.15716 7.16229 7.1674 7.17248 7.1775 7.18244 7.18727 7.19198 7.19654 7.20093 7.20512 7.2091 7.21283 7.21632 7.21952 7.22244 7.22505 7.22733 7.22929 7.2309 7.23215 7.23305 7.23358 7.23374 7.23354 7.23297 7.23204 7.23075 7.22911 7.22714 7.22483 7.22221 7.21929 7.21609 7.21262 7.20891 7.20496 7.20081 7.19648 7.19199 7.18735 7.1826 7.17776 7.17285 7.1679 7.16292 7.15794 7.15298 7.14806 7.14321 7.13843 7.13376 7.1292 7.12477 7.12049 7.11637 7.11242 7.10866 7.10509 7.10173 7.09858 7.09565 7.09295 7.09047 7.08824 7.08624 7.08449 7.08298 7.08173 7.08072 7.07997 7.07947 7.07922 
7.07413 7.0744 7.07494 7.07575 7.07683 7.07818 7.0798 7.08167 7.08381 7.08621 7.08886 7.09176 7.0949 7.09828 7.10189 7.10572 7.10976 7.114 7.11844 7.12305 7.12782 7.13274 7.13779 7.14296 7.14822 7.15355 7.15894 7.16436 7.16979 7.17521 7.18058 7.1859 7.19113 7.19625 7.20123 7.20606 7.2107 7.21513 7.21934 7.22329 7.22697 7.23036 7.23344 7.2362 7.23861 7.24067 7.24237 7.24369 7.24464 7.24519 7.24536 7.24515 7.24454 7.24355 7.24218 7.24045 7.23835 7.23591 7.23314 7.23004 7.22665 7.22298 7.21904 7.21486 7.21047 7.20587 7.20111 7.1962 7.19117 7.18603 7.18083 7.17557 7.17029 7.16501 7.15974 7.15452 7.14937 7.1443 7.13933 7.13448 7.12978 7.12523 7.12084 7.11665 7.11264 7.10885 7.10527 7.10191 7.09879 7.09591 7.09327 7.09088 7.08876 7.08688 7.08528 7.08393 7.08285 7.08205 7.08151 7.08124 
7.07625 7.07653 7.0771 7.07796 7.0791 7.08053 7.08224 7.08424 7.0865 7.08905 7.09186 7.09494 7.09828 7.10186 7.10569 7.10976 7.11405 7.11855 7.12326 7.12815 7.13321 7.13843 7.14379 7.14927 7.15484 7.16049 7.1662 7.17194 7.1777 7.18343 7.18912 7.19475 7.20029 7.2057 7.21098 7.21608 7.22099 7.22567 7.23012 7.23429 7.23818 7.24176 7.24502 7.24793 7.25048 7.25265 7.25444 7.25584 7.25683 7.25741 7.25759 7.25735 7.25671 7.25566 7.25421 7.25237 7.25015 7.24757 7.24463 7.24136 7.23776 7.23387 7.22971 7.22528 7.22063 7.21576 7.21072 7.20552 7.20018 7.19474 7.18923 7.18365 7.17805 7.17245 7.16687 7.16133 7.15586 7.15048 7.1452 7.14006 7.13506 7.13022 7.12556 7.1211 7.11684 7.11281 7.109 7.10542 7.1021 7.09903 7.09622 7.09368 7.09141 7.08941 7.08769 7.08626 7.08511 7.08424 7.08366 7.08336 
7.07848 7.07877 7.07937 7.08028 7.08149 7.083 7.08481 7.08693 7.08933 7.09203 7.09502 7.09828 7.10182 7.10563 7.10969 7.114 7.11855 7.12333 7.12832 7.13351 7.13887 7.1444 7.15008 7.15588 7.16179 7.16777 7.17382 7.17989 7.18598 7.19205 7.19807 7.20403 7.20988 7.21561 7.22118 7.22657 7.23176 7.23671 7.2414 7.24581 7.24992 7.2537 7.25713 7.2602 7.26289 7.26518 7.26707 7.26854 7.26958 7.2702 7.27038 7.27013 7.26944 7.26833 7.2668 7.26485 7.2625 7.25977 7.25666 7.2532 7.2494 7.24528 7.24087 7.23619 7.23127 7.22612 7.22078 7.21527 7.20963 7.20387 7.19803 7.19212 7.18619 7.18025 7.17434 7.16847 7.16266 7.15695 7.15136 7.1459 7.14059 7.13546 7.13052 7.12577 7.12125 7.11696 7.11291 7.10911 7.10558 7.10231 7.09932 7.09661 7.09419 7.09207 7.09023 7.0887 7.08747 7.08654 7.08592 7.0856 
7.08081 7.08111 7.08174 7.0827 7.08398 7.08558 7.0875 7.08974 7.09229 7.09515 7.09831 7.10177 7.10553 7.10956 7.11387 7.11844 7.12326 7.12832 7.1336 7.1391 7.14478 7.15063 7.15664 7.16278 7.16903 7.17537 7.18176 7.18819 7.19462 7.20104 7.2074 7.21369 7.21988 7.22592 7.23181 7.2375 7.24298 7.2482 7.25316 7.25781 7.26214 7.26613 7.26975 7.27298 7.27582 7.27823 7.28022 7.28177 7.28286 7.28351 7.28369 7.28342 7.2827 7.28152 7.2799 7.27784 7.27536 7.27247 7.26918 7.26552 7.26151 7.25716 7.2525 7.24755 7.24235 7.23691 7.23126 7.22544 7.21947 7.21338 7.2072 7.20095 7.19467 7.18839 7.18212 7.17591 7.16976 7.16371 7.15779 7.152 7.14637 7.14093 7.13568 7.13065 7.12585 7.1213 7.117 7.11296 7.10921 7.10574 7.10256 7.09968 7.0971 7.09484 7.09289 7.09126 7.08994 7.08895 7.08828 7.08794 
7.08323 7.08355 7.08422 7.08523 7.08658 7.08827 7.0903 7.09267 7.09537 7.0984 7.10175 7.10541 7.10938 7.11365 7.11821 7.12305 7.12815 7.13351 7.1391 7.14491 7.15092 7.15711 7.16346 7.16995 7.17656 7.18325 7.19 7.19679 7.20359 7.21036 7.21708 7.22372 7.23024 7.23663 7.24283 7.24884 7.25461 7.26012 7.26534 7.27024 7.27481 7.27901 7.28282 7.28623 7.28921 7.29175 7.29384 7.29547 7.29662 7.2973 7.29749 7.2972 7.29643 7.29518 7.29347 7.2913 7.28868 7.28563 7.28216 7.2783 7.27406 7.26947 7.26455 7.25933 7.25384 7.24809 7.24213 7.23598 7.22968 7.22324 7.21671 7.21011 7.20347 7.19683 7.19021 7.18363 7.17713 7.17073 7.16446 7.15833 7.15238 7.14661 7.14105 7.13572 7.13064 7.12581 7.12125 7.11697 7.11298 7.1093 7.10592 7.10287 7.10013 7.09773 7.09565 7.09391 7.09252 7.09146 7.09074 7.09037 
7.08575 7.08608 7.08678 7.08784 7.08927 7.09106 7.0932 7.09571 7.09856 7.10176 7.1053 7.10917 7.11337 7.11789 7.12271 7.12782 7.13321 7.13887 7.14478 7.15092 7.15727 7.16381 7.17051 7.17736 7.18433 7.1914 7.19852 7.20568 7.21285 7.21999 7.22708 7.23407 7.24095 7.24767 7.25421 7.26054 7.26661 7.27241 7.27791 7.28307 7.28787 7.29229 7.2963 7.29988 7.30302 7.30569 7.30789 7.3096 7.31081 7.31151 7.31171 7.3114 7.31059 7.30928 7.30747 7.30518 7.30242 7.2992 7.29555 7.29148 7.28701 7.28217 7.27699 7.27148 7.26569 7.25964 7.25335 7.24687 7.24021 7.23343 7.22654 7.21957 7.21257 7.20555 7.19856 7.19161 7.18475 7.17799 7.17136 7.16488 7.15858 7.15249 7.14661 7.14097 7.13559 7.13047 7.12565 7.12111 7.11689 7.11299 7.10941 7.10617 7.10327 7.10072 7.09851 7.09667 7.09518 7.09406 7.09329 7.0929 
7.08834 7.08869 7.08942 7.09054 7.09205 7.09393 7.0962 7.09884 7.10185 7.10523 7.10897 7.11306 7.11749 7.12226 7.12734 7.13274 7.13843 7.1444 7.15063 7.15711 7.16381 7.1707 7.17777 7.18499 7.19234 7.19978 7.20729 7.21483 7.22238 7.2299 7.23736 7.24472 7.25195 7.25903 7.26591 7.27256 7.27895 7.28505 7.29082 7.29625 7.30129 7.30593 7.31015 7.31391 7.3172 7.32001 7.32231 7.3241 7.32537 7.32611 7.32632 7.32599 7.32513 7.32374 7.32184 7.31943 7.31652 7.31314 7.30929 7.30501 7.30031 7.29522 7.28976 7.28397 7.27787 7.2715 7.26488 7.25805 7.25105 7.2439 7.23664 7.2293 7.22192 7.21452 7.20715 7.19983 7.19259 7.18545 7.17846 7.17162 7.16498 7.15854 7.15233 7.14637 7.14069 7.13528 7.13018 7.12539 7.12092 7.11679 7.11301 7.10958 7.10651 7.1038 7.10147 7.09951 7.09793 7.09674 7.09593 7.0955 
7.09101 7.09137 7.09214 7.09332 7.0949 7.09689 7.09928 7.10206 7.10524 7.1088 7.11274 7.11705 7.12172 7.12674 7.13211 7.13779 7.14379 7.15008 7.15664 7.16346 7.17051 7.17777 7.18522 7.19282 7.20055 7.20837 7.21627 7.2242 7.23214 7.24004 7.24788 7.25562 7.26322 7.27065 7.27788 7.28486 7.29157 7.29797 7.30403 7.30972 7.31502 7.31989 7.32431 7.32825 7.3317 7.33465 7.33706 7.33894 7.34026 7.34103 7.34125 7.3409 7.33999 7.33853 7.33653 7.334 7.33095 7.32739 7.32335 7.31885 7.31391 7.30856 7.30283 7.29675 7.29034 7.28364 7.27668 7.2695 7.26214 7.25462 7.24698 7.23926 7.2315 7.22371 7.21595 7.20824 7.20062 7.19311 7.18574 7.17854 7.17153 7.16474 7.1582 7.15192 7.14592 7.14022 7.13483 7.12977 7.12506 7.1207 7.1167 7.11308 7.10983 7.10697 7.1045 7.10243 7.10076 7.0995 7.09863 7.09818 
7.09374 7.09412 7.09493 7.09617 7.09783 7.09992 7.10243 7.10536 7.1087 7.11245 7.1166 7.12113 7.12605 7.13133 7.13698 7.14296 7.14927 7.15588 7.16278 7.16995 7.17736 7.18499 7.19282 7.2008 7.20892 7.21714 7.22544 7.23376 7.24209 7.25039 7.25861 7.26673 7.2747 7.2825 7.29007 7.29739 7.30443 7.31114 7.31749 7.32345 7.329 7.3341 7.33873 7.34286 7.34647 7.34955 7.35207 7.35404 7.35542 7.35623 7.35644 7.35608 7.35513 7.35359 7.35149 7.34884 7.34563 7.3419 7.33767 7.33295 7.32777 7.32216 7.31615 7.30976 7.30304 7.29601 7.28871 7.28117 7.27344 7.26555 7.25753 7.24942 7.24126 7.23309 7.22493 7.21683 7.20882 7.20092 7.19317 7.18559 7.17822 7.17108 7.16419 7.15758 7.15126 7.14526 7.13959 7.13426 7.12929 7.12469 7.12048 7.11665 7.11323 7.11021 7.10761 7.10542 7.10366 7.10232 7.10141 7.10092 
7.09653 7.09693 7.09777 7.09907 7.10082 7.10301 7.10565 7.10872 7.11223 7.11617 7.12053 7.12529 7.13046 7.13601 7.14193 7.14822 7.15484 7.16179 7.16903 7.17656 7.18433 7.19234 7.20055 7.20892 7.21744 7.22606 7.23475 7.24348 7.25221 7.2609 7.26951 7.27802 7.28636 7.29452 7.30245 7.31012 7.31747 7.32449 7.33114 7.33738 7.34318 7.34851 7.35335 7.35767 7.36144 7.36466 7.3673 7.36935 7.37079 7.37163 7.37186 7.37147 7.37047 7.36886 7.36666 7.36388 7.36053 7.35662 7.35219 7.34725 7.34182 7.33595 7.32965 7.32297 7.31592 7.30856 7.30091 7.29302 7.28492 7.27664 7.26824 7.25974 7.25119 7.24261 7.23406 7.22556 7.21715 7.20886 7.20072 7.19277 7.18503 7.17753 7.17029 7.16334 7.1567 7.15039 7.14443 7.13882 7.1336 7.12876 7.12433 7.1203 7.1167 7.11352 7.11078 7.10847 7.10661 7.1052 7.10423 7.10372 
7.09937 7.09978 7.10066 7.10202 7.10385 7.10615 7.10891 7.11214 7.11582 7.11995 7.12452 7.12952 7.13493 7.14075 7.14697 7.15355 7.16049 7.16777 7.17537 7.18325 7.1914 7.19978 7.20837 7.21714 7.22606 7.23508 7.24418 7.25331 7.26244 7.27153 7.28054 7.28943 7.29815 7.30668 7.31497 7.32297 7.33066 7.33799 7.34493 7.35145 7.3575 7.36307 7.36812 7.37263 7.37657 7.37992 7.38267 7.38481 7.38631 7.38719 7.38742 7.38701 7.38596 7.38429 7.38198 7.37907 7.37557 7.37149 7.36685 7.36169 7.35602 7.34988 7.3433 7.33631 7.32895 7.32125 7.31325 7.305 7.29652 7.28787 7.27907 7.27018 7.26122 7.25225 7.24329 7.23439 7.22558 7.2169 7.20837 7.20004 7.19192 7.18406 7.17647 7.16919 7.16222 7.1556 7.14934 7.14346 7.13797 7.13289 7.12823 7.12401 7.12022 7.11688 7.11399 7.11157 7.10961 7.10812 7.10711 7.10656 
7.10224 7.10266 7.10358 7.105 7.10692 7.10932 7.11222 7.1156 7.11945 7.12377 7.12855 7.13379 7.13946 7.14555 7.15205 7.15894 7.1662 7.17382 7.18176 7.19 7.19852 7.20729 7.21627 7.22544 7.23475 7.24418 7.25368 7.26321 7.27275 7.28224 7.29164 7.30092 7.31003 7.31892 7.32757 7.33592 7.34393 7.35158 7.35881 7.3656 7.37191 7.37772 7.38298 7.38767 7.39178 7.39527 7.39813 7.40036 7.40192 7.40283 7.40307 7.40264 7.40155 7.39979 7.39739 7.39436 7.3907 7.38644 7.38161 7.37622 7.37031 7.3639 7.35703 7.34974 7.34206 7.33402 7.32568 7.31706 7.30821 7.29917 7.28998 7.28069 7.27134 7.26196 7.2526 7.24329 7.23408 7.225 7.21609 7.20737 7.19888 7.19065 7.18271 7.17508 7.16779 7.16085 7.1543 7.14813 7.14239 7.13706 7.13218 7.12775 7.12378 7.12027 7.11725 7.1147 7.11265 7.11108 7.11002 7.10944 
7.10513 7.10557 7.10653 7.10801 7.11001 7.11252 7.11555 7.11908 7.12311 7.12762 7.13262 7.13808 7.14401 7.15037 7.15716 7.16436 7.17194 7.17989 7.18819 7.19679 7.20568 7.21483 7.2242 7.23376 7.24348 7.25331 7.26321 7.27316 7.28309 7.29298 7.30278 7.31245 7.32193 7.3312 7.3402 7.34889 7.35724 7.36519 7.37272 7.37979 7.38635 7.39239 7.39786 7.40274 7.40701 7.41064 7.41362 7.41593 7.41756 7.4185 7.41874 7.41829 7.41715 7.41533 7.41283 7.40966 7.40586 7.40142 7.39639 7.39078 7.38462 7.37795 7.3708 7.3632 7.3552 7.34683 7.33813 7.32915 7.31993 7.3105 7.30093 7.29124 7.28149 7.27171 7.26194 7.25223 7.24262 7.23314 7.22384 7.21473 7.20587 7.19728 7.18898 7.18101 7.17339 7.16614 7.15928 7.15284 7.14683 7.14126 7.13615 7.13152 7.12736 7.12369 7.12053 7.11786 7.11571 7.11407 7.11295 7.11234 
7.10803 7.10849 7.10949 7.11103 7.11312 7.11574 7.11889 7.12257 7.12677 7.13148 7.13669 7.14239 7.14857 7.15521 7.16229 7.16979 7.1777 7.18598 7.19462 7.20359 7.21285 7.22238 7.23214 7.24209 7.25221 7.26244 7.27275 7.28309 7.29343 7.30372 7.31391 7.32396 7.33382 7.34345 7.35281 7.36184 7.37052 7.37878 7.38661 7.39394 7.40076 7.40703 7.41271 7.41778 7.42221 7.42598 7.42907 7.43146 7.43315 7.43412 7.43438 7.43391 7.43272 7.43082 7.42822 7.42493 7.42098 7.41637 7.41114 7.4053 7.39891 7.39197 7.38454 7.37664 7.36831 7.35961 7.35057 7.34122 7.33163 7.32183 7.31186 7.30178 7.29163 7.28145 7.27128 7.26117 7.25116 7.24128 7.23159 7.2221 7.21286 7.2039 7.19525 7.18694 7.17899 7.17143 7.16428 7.15756 7.15128 7.14547 7.14014 7.13529 7.13095 7.12712 7.12381 7.12103 7.11878 7.11706 7.11589 7.11526 
7.11093 7.11141 7.11245 7.11405 7.11622 7.11895 7.12223 7.12606 7.13043 7.13534 7.14076 7.1467 7.15312 7.16003 7.1674 7.17521 7.18343 7.19205 7.20104 7.21036 7.21999 7.2299 7.24004 7.25039 7.2609 7.27153 7.28224 7.29298 7.30372 7.3144 7.32498 7.33541 7.34565 7.35564 7.36535 7.37472 7.38372 7.39229 7.4004 7.40801 7.41508 7.42157 7.42746 7.43272 7.43731 7.44121 7.44441 7.44689 7.44864 7.44965 7.4499 7.44942 7.44818 7.44621 7.44351 7.4401 7.43599 7.43121 7.42579 7.41974 7.4131 7.4059 7.39819 7.38999 7.38135 7.37232 7.36293 7.35323 7.34327 7.33309 7.32274 7.31227 7.30172 7.29114 7.28057 7.27006 7.25966 7.24939 7.23931 7.22944 7.21983 7.21051 7.20151 7.19285 7.18458 7.17671 7.16926 7.16226 7.15572 7.14967 7.14411 7.13907 7.13454 7.13055 7.1271 7.12419 7.12185 7.12006 7.11883 7.11817 
7.11382 7.11431 7.11539 7.11706 7.11931 7.12214 7.12555 7.12953 7.13408 7.13917 7.14481 7.15097 7.15765 7.16482 7.17248 7.18058 7.18912 7.19807 7.2074 7.21708 7.22708 7.23736 7.24788 7.25861 7.26951 7.28054 7.29164 7.30278 7.31391 7.32498 7.33594 7.34675 7.35735 7.36771 7.37776 7.38746 7.39678 7.40565 7.41405 7.42192 7.42924 7.43596 7.44205 7.44749 7.45224 7.45628 7.45959 7.46215 7.46395 7.46499 7.46526 7.46475 7.46347 7.46143 7.45863 7.4551 7.45085 7.4459 7.44028 7.43401 7.42714 7.41968 7.41169 7.4032 7.39426 7.3849 7.37517 7.36512 7.35479 7.34424 7.33351 7.32265 7.31171 7.30074 7.28978 7.27888 7.26808 7.25743 7.24696 7.23672 7.22674 7.21706 7.20771 7.19872 7.19013 7.18195 7.17421 7.16693 7.16014 7.15384 7.14806 7.14282 7.13811 7.13396 7.13036 7.12734 7.1249 7.12303 7.12175 7.12106 
7.11668 7.11719 7.1183 7.12003 7.12237 7.12531 7.12884 7.13297 7.13768 7.14297 7.14881 7.1552 7.16213 7.16956 7.1775 7.1859 7.19475 7.20403 7.21369 7.22372 7.23407 7.24472 7.25562 7.26673 7.27802 7.28943 7.30092 7.31245 7.32396 7.33541 7.34675 7.35793 7.36889 7.3796 7.38999 7.40002 7.40964 7.41882 7.42749 7.43563 7.44318 7.45013 7.45642 7.46203 7.46693 7.47111 7.47452 7.47717 7.47903 7.4801 7.48037 7.47984 7.47852 7.47641 7.47352 7.46987 7.46547 7.46036 7.45455 7.44807 7.44096 7.43326 7.425 7.41622 7.40697 7.39729 7.38723 7.37683 7.36615 7.35523 7.34413 7.33289 7.32157 7.31021 7.29886 7.28758 7.27639 7.26536 7.25451 7.2439 7.23356 7.22353 7.21384 7.20452 7.19561 7.18713 7.1791 7.17155 7.1645 7.15797 7.15197 7.14653 7.14164 7.13733 7.1336 7.13046 7.12792 7.12598 7.12465 7.12393 
7.1195 7.12002 7.12118 7.12297 7.12538 7.12842 7.13209 7.13636 7.14123 7.1467 7.15275 7.15937 7.16653 7.17423 7.18244 7.19113 7.20029 7.20988 7.21988 7.23024 7.24095 7.25195 7.26322 7.2747 7.28636 7.29815 7.31003 7.32193 7.33382 7.34565 7.35735 7.36889 7.38021 7.39126 7.40198 7.41233 7.42226 7.43172 7.44067 7.44906 7.45685 7.46401 7.4705 7.47628 7.48134 7.48563 7.48916 7.49188 7.4938 7.4949 7.49518 7.49463 7.49327 7.49109 7.4881 7.48434 7.4798 7.47452 7.46853 7.46185 7.45451 7.44657 7.43804 7.42898 7.41943 7.40944 7.39905 7.38832 7.37729 7.36602 7.35455 7.34294 7.33125 7.31951 7.30778 7.29612 7.28455 7.27315 7.26194 7.25096 7.24027 7.22989 7.21986 7.21022 7.201 7.19222 7.18391 7.17609 7.1688 7.16203 7.15582 7.15018 7.14512 7.14065 7.13679 7.13353 7.1309 7.12889 7.12751 7.12676 
7.12227 7.12281 7.124 7.12584 7.12834 7.13148 7.13526 7.13968 7.14472 7.15037 7.15662 7.16345 7.17085 7.1788 7.18727 7.19625 7.2057 7.21561 7.22592 7.23663 7.24767 7.25903 7.27065 7.2825 7.29452 7.30668 7.31892 7.3312 7.34345 7.35564 7.36771 7.3796 7.39126 7.40263 7.41368 7.42434 7.43456 7.44431 7.45352 7.46216 7.47018 7.47755 7.48422 7.49018 7.49538 7.4998 7.50342 7.50623 7.5082 7.50933 7.50961 7.50905 7.50764 7.50539 7.50232 7.49844 7.49377 7.48834 7.48216 7.47528 7.46773 7.45954 7.45076 7.44143 7.43159 7.4213 7.41059 7.39953 7.38816 7.37654 7.36472 7.35276 7.34069 7.32859 7.31649 7.30446 7.29253 7.28076 7.26919 7.25786 7.24682 7.23611 7.22576 7.2158 7.20627 7.1972 7.18862 7.18054 7.173 7.16601 7.15959 7.15376 7.14853 7.14391 7.13991 7.13654 7.13382 7.13174 7.13031 7.12954 
7.12497 7.12552 7.12675 7.12865 7.13123 7.13447 7.13837 7.14292 7.14811 7.15394 7.16038 7.16742 7.17505 7.18325 7.19198 7.20123 7.21098 7.22118 7.23181 7.24283 7.25421 7.26591 7.27788 7.29007 7.30245 7.31497 7.32757 7.3402 7.35281 7.36535 7.37776 7.38999 7.40198 7.41368 7.42504 7.43599 7.44651 7.45652 7.46599 7.47486 7.48311 7.49068 7.49754 7.50365 7.509 7.51354 7.51726 7.52014 7.52216 7.52332 7.52361 7.52303 7.52158 7.51927 7.51611 7.51212 7.50732 7.50174 7.49539 7.48832 7.48055 7.47213 7.4631 7.45351 7.44339 7.4328 7.42179 7.41041 7.39872 7.38676 7.3746 7.36228 7.34987 7.33741 7.32496 7.31256 7.30028 7.28816 7.27624 7.26457 7.2532 7.24216 7.23149 7.22123 7.2114 7.20205 7.1932 7.18488 7.1771 7.16989 7.16326 7.15725 7.15185 7.14708 7.14296 7.13948 7.13667 7.13452 7.13305 7.13224 
7.12759 7.12816 7.12942 7.13138 7.13402 7.13736 7.14137 7.14606 7.1514 7.1574 7.16403 7.17128 7.17913 7.18755 7.19654 7.20606 7.21608 7.22657 7.2375 7.24884 7.26054 7.27256 7.28486 7.29739 7.31012 7.32297 7.33592 7.34889 7.36184 7.37472 7.38746 7.40002 7.41233 7.42434 7.43599 7.44724 7.45803 7.4683 7.47801 7.48712 7.49558 7.50334 7.51038 7.51665 7.52213 7.52678 7.5306 7.53355 7.53562 7.53681 7.53711 7.53651 7.53502 7.53265 7.52941 7.52532 7.52039 7.51466 7.50814 7.50089 7.49292 7.48428 7.47501 7.46516 7.45477 7.4439 7.4326 7.42092 7.40891 7.39663 7.38414 7.37149 7.35873 7.34593 7.33313 7.3204 7.30777 7.29531 7.28306 7.27106 7.25936 7.24801 7.23703 7.22648 7.21637 7.20675 7.19764 7.18907 7.18106 7.17364 7.16682 7.16063 7.15507 7.15016 7.14591 7.14233 7.13943 7.13722 7.1357 7.13487 
7.13012 7.1307 7.13199 7.134 7.13672 7.14015 7.14427 7.14908 7.15457 7.16073 7.16754 7.17498 7.18304 7.1917 7.20093 7.2107 7.22099 7.23176 7.24298 7.25461 7.26661 7.27895 7.29157 7.30443 7.31747 7.33066 7.34393 7.35724 7.37052 7.38372 7.39678 7.40964 7.42226 7.43456 7.44651 7.45803 7.46908 7.4796 7.48955 7.49887 7.50753 7.51548 7.52268 7.5291 7.53471 7.53948 7.54338 7.5464 7.54852 7.54974 7.55004 7.54943 7.5479 7.54547 7.54215 7.53796 7.53291 7.52704 7.52037 7.51294 7.50477 7.49592 7.48643 7.47633 7.46569 7.45455 7.44297 7.431 7.41869 7.4061 7.39329 7.38032 7.36724 7.35411 7.34098 7.32792 7.31497 7.30218 7.2896 7.27729 7.26529 7.25363 7.24236 7.23152 7.22115 7.21126 7.20191 7.19311 7.18488 7.17725 7.17025 7.16388 7.15817 7.15312 7.14875 7.14508 7.1421 7.13982 7.13826 7.1374 
7.13254 7.13313 7.13446 7.13652 7.1393 7.14282 7.14704 7.15198 7.1576 7.16392 7.1709 7.17853 7.18679 7.19566 7.20512 7.21513 7.22567 7.23671 7.2482 7.26012 7.27241 7.28505 7.29797 7.31114 7.32449 7.33799 7.35158 7.36519 7.37878 7.39229 7.40565 7.41882 7.43172 7.44431 7.45652 7.4683 7.4796 7.49036 7.50053 7.51006 7.51891 7.52704 7.5344 7.54096 7.54669 7.55156 7.55555 7.55864 7.5608 7.56204 7.56235 7.56172 7.56016 7.55768 7.55428 7.55 7.54484 7.53883 7.53201 7.52441 7.51606 7.50701 7.4973 7.48698 7.47609 7.4647 7.45285 7.4406 7.428 7.41512 7.40201 7.38873 7.37535 7.36191 7.34847 7.33509 7.32183 7.30873 7.29585 7.28324 7.27094 7.259 7.24745 7.23634 7.22571 7.21558 7.20599 7.19696 7.18853 7.18071 7.17352 7.16699 7.16113 7.15596 7.15148 7.1477 7.14465 7.14231 7.1407 7.13983 
7.13484 7.13544 7.1368 7.13891 7.14176 7.14535 7.14968 7.15472 7.16048 7.16694 7.17409 7.18189 7.19035 7.19942 7.2091 7.21934 7.23012 7.2414 7.25316 7.26534 7.27791 7.29082 7.30403 7.31749 7.33114 7.34493 7.35881 7.37272 7.38661 7.4004 7.41405 7.42749 7.44067 7.45352 7.46599 7.47801 7.48955 7.50053 7.51091 7.52064 7.52967 7.53796 7.54547 7.55217 7.55801 7.56298 7.56705 7.5702 7.57241 7.57367 7.57398 7.57334 7.57175 7.56921 7.56575 7.56137 7.5561 7.54997 7.54301 7.53525 7.52673 7.51749 7.50758 7.49704 7.48592 7.47429 7.46219 7.44968 7.43681 7.42365 7.41026 7.3967 7.38302 7.36928 7.35555 7.34188 7.32832 7.31493 7.30177 7.28887 7.27629 7.26408 7.25227 7.24091 7.23003 7.21967 7.20985 7.20062 7.19199 7.18399 7.17663 7.16995 7.16395 7.15865 7.15406 7.1502 7.14707 7.14468 7.14303 7.14213 
7.137 7.13762 7.13901 7.14116 7.14407 7.14774 7.15216 7.15731 7.1632 7.16979 7.17709 7.18506 7.19369 7.20296 7.21283 7.22329 7.23429 7.24581 7.25781 7.27024 7.28307 7.29625 7.30972 7.32345 7.33738 7.35145 7.3656 7.37979 7.39394 7.40801 7.42192 7.43563 7.44906 7.46216 7.47486 7.48712 7.49887 7.51006 7.52064 7.53055 7.53975 7.5482 7.55585 7.56267 7.56862 7.57368 7.57782 7.58103 7.58328 7.58456 7.58488 7.58422 7.5826 7.58002 7.57649 7.57203 7.56666 7.56042 7.55332 7.54541 7.53673 7.52731 7.51721 7.50647 7.49514 7.48328 7.47094 7.45819 7.44507 7.43166 7.418 7.40417 7.39022 7.37621 7.3622 7.34825 7.33442 7.32076 7.30732 7.29416 7.28132 7.26886 7.2568 7.2452 7.23409 7.22351 7.21349 7.20406 7.19524 7.18707 7.17956 7.17273 7.1666 7.16118 7.1565 7.15255 7.14935 7.14691 7.14522 7.1443 
7.13903 7.13965 7.14107 7.14326 7.14623 7.14997 7.15447 7.15973 7.16573 7.17245 7.17988 7.18801 7.19681 7.20625 7.21632 7.22697 7.23818 7.24992 7.26214 7.27481 7.28787 7.30129 7.31502 7.329 7.34318 7.3575 7.37191 7.38635 7.40076 7.41508 7.42924 7.44318 7.45685 7.47018 7.48311 7.49558 7.50753 7.51891 7.52967 7.53975 7.54911 7.5577 7.56548 7.57241 7.57847 7.58361 7.58782 7.59108 7.59337 7.59467 7.59499 7.59433 7.59267 7.59004 7.58645 7.58192 7.57646 7.57011 7.56289 7.55484 7.54601 7.53643 7.52615 7.51522 7.5037 7.49163 7.47908 7.4661 7.45275 7.43909 7.42519 7.41111 7.39691 7.38264 7.36838 7.35417 7.34009 7.32617 7.31249 7.29908 7.286 7.2733 7.26102 7.2492 7.23788 7.22709 7.21688 7.20726 7.19828 7.18994 7.18228 7.17532 7.16907 7.16355 7.15877 7.15474 7.15148 7.14899 7.14727 7.14633 
7.14089 7.14153 7.14297 7.1452 7.14822 7.15203 7.15661 7.16196 7.16806 7.1749 7.18246 7.19073 7.19968 7.20929 7.21952 7.23036 7.24176 7.2537 7.26613 7.27901 7.29229 7.30593 7.31989 7.3341 7.34851 7.36307 7.37772 7.39239 7.40703 7.42157 7.43596 7.45013 7.46401 7.47755 7.49068 7.50334 7.51548 7.52704 7.53796 7.5482 7.5577 7.56642 7.57432 7.58136 7.5875 7.59272 7.597 7.6003 7.60262 7.60395 7.60427 7.6036 7.60192 7.59925 7.5956 7.59099 7.58545 7.579 7.57167 7.5635 7.55453 7.5448 7.53436 7.52326 7.51156 7.4993 7.48655 7.47336 7.4598 7.44592 7.4318 7.41749 7.40305 7.38856 7.37406 7.35962 7.3453 7.33115 7.31724 7.30361 7.29031 7.27739 7.2649 7.25287 7.24136 7.23039 7.22 7.21021 7.20107 7.19259 7.1848 7.17771 7.17135 7.16573 7.16087 7.15677 7.15345 7.15091 7.14916 7.1482 
7.1426 7.14324 7.1447 7.14697 7.15004 7.1539 7.15855 7.16399 7.17018 7.17713 7.18481 7.19321 7.20229 7.21205 7.22244 7.23344 7.24502 7.25713 7.26975 7.28282 7.2963 7.31015 7.32431 7.33873 7.35335 7.36812 7.38298 7.39786 7.41271 7.42746 7.44205 7.45642 7.4705 7.48422 7.49754 7.51038 7.52268 7.5344 7.54547 7.55585 7.56548 7.57432 7.58232 7.58946 7.59568 7.60098 7.60531 7.60866 7.61101 7.61235 7.61268 7.61199 7.61029 7.60758 7.60388 7.59921 7.5936 7.58706 7.57963 7.57134 7.56225 7.55239 7.5418 7.53055 7.51868 7.50625 7.49331 7.47994 7.46618 7.45211 7.43779 7.42327 7.40863 7.39392 7.37921 7.36456 7.35003 7.33567 7.32155 7.30771 7.29421 7.2811 7.26842 7.25621 7.24452 7.23338 7.22283 7.2129 7.20361 7.195 7.18708 7.17989 7.17343 7.16772 7.16278 7.15861 7.15524 7.15266 7.15088 7.14991 
7.14412 7.14478 7.14626 7.14855 7.15166 7.15558 7.1603 7.1658 7.17209 7.17913 7.18691 7.19542 7.20463 7.21452 7.22505 7.2362 7.24793 7.2602 7.27298 7.28623 7.29988 7.31391 7.32825 7.34286 7.35767 7.37263 7.38767 7.40274 7.41778 7.43272 7.44749 7.46203 7.47628 7.49018 7.50365 7.51665 7.5291 7.54096 7.55217 7.56267 7.57241 7.58136 7.58946 7.59667 7.60297 7.60833 7.61271 7.6161 7.61848 7.61984 7.62017 7.61947 7.61775 7.61501 7.61127 7.60654 7.60085 7.59423 7.58672 7.57833 7.56913 7.55914 7.54843 7.53704 7.52502 7.51244 7.49935 7.48581 7.47188 7.45763 7.44313 7.42843 7.4136 7.3987 7.3838 7.36897 7.35425 7.3397 7.3254 7.31138 7.2977 7.28442 7.27157 7.2592 7.24735 7.23606 7.22537 7.2153 7.20589 7.19716 7.18913 7.18184 7.17529 7.1695 7.16449 7.16027 7.15684 7.15423 7.15242 7.15144 
7.14547 7.14613 7.14763 7.14995 7.1531 7.15706 7.16183 7.1674 7.17376 7.18088 7.18876 7.19736 7.20668 7.21668 7.22733 7.23861 7.25048 7.26289 7.27582 7.28921 7.30302 7.3172 7.3317 7.34647 7.36144 7.37657 7.39178 7.40701 7.42221 7.43731 7.45224 7.46693 7.48134 7.49538 7.509 7.52213 7.53471 7.54669 7.55801 7.56862 7.57847 7.5875 7.59568 7.60297 7.60934 7.61475 7.61917 7.6226 7.625 7.62637 7.6267 7.626 7.62426 7.62149 7.61771 7.61293 7.60719 7.6005 7.5929 7.58443 7.57513 7.56505 7.55422 7.54271 7.53056 7.51785 7.50462 7.49093 7.47686 7.46246 7.44779 7.43293 7.41794 7.40288 7.38782 7.37282 7.35794 7.34323 7.32877 7.31459 7.30076 7.28732 7.27432 7.26181 7.24983 7.23841 7.22759 7.2174 7.20788 7.19905 7.19093 7.18355 7.17692 7.17106 7.16599 7.16172 7.15826 7.15561 7.15378 7.15279 
7.14662 7.14729 7.1488 7.15115 7.15432 7.15833 7.16315 7.16877 7.17519 7.18238 7.19034 7.19903 7.20843 7.21853 7.22929 7.24067 7.25265 7.26518 7.27823 7.29175 7.30569 7.32001 7.33465 7.34955 7.36466 7.37992 7.39527 7.41064 7.42598 7.44121 7.45628 7.47111 7.48563 7.4998 7.51354 7.52678 7.53948 7.55156 7.56298 7.57368 7.58361 7.59272 7.60098 7.60833 7.61475 7.6202 7.62467 7.62812 7.63054 7.63192 7.63226 7.63154 7.62979 7.627 7.62318 7.61837 7.61257 7.60583 7.59816 7.58962 7.58024 7.57006 7.55914 7.54753 7.53528 7.52245 7.5091 7.49529 7.48109 7.46656 7.45176 7.43677 7.42164 7.40644 7.39124 7.3761 7.36108 7.34624 7.33163 7.31732 7.30336 7.28979 7.27667 7.26404 7.25194 7.24041 7.22949 7.2192 7.20959 7.20067 7.19247 7.18501 7.17832 7.1724 7.16728 7.16297 7.15947 7.15679 7.15495 7.15394 
7.14758 7.14825 7.14977 7.15214 7.15534 7.15938 7.16423 7.1699 7.17637 7.18362 7.19164 7.2004 7.20988 7.22006 7.2309 7.24237 7.25444 7.26707 7.28022 7.29384 7.30789 7.32231 7.33706 7.35207 7.3673 7.38267 7.39813 7.41362 7.42907 7.44441 7.45959 7.47452 7.48916 7.50342 7.51726 7.5306 7.54338 7.55555 7.56705 7.57782 7.58782 7.597 7.60531 7.61271 7.61917 7.62467 7.62916 7.63263 7.63507 7.63646 7.6368 7.63608 7.63431 7.6315 7.62766 7.62281 7.61698 7.61018 7.60247 7.59386 7.58441 7.57416 7.56317 7.55147 7.53913 7.52621 7.51276 7.49886 7.48455 7.46992 7.45501 7.43991 7.42467 7.40936 7.39405 7.37879 7.36366 7.3487 7.33399 7.31957 7.3055 7.29183 7.27861 7.26588 7.25368 7.24206 7.23105 7.22068 7.21099 7.202 7.19374 7.18622 7.17947 7.17351 7.16835 7.164 7.16047 7.15777 7.15591 7.1549 
7.14833 7.14901 7.15054 7.15292 7.15614 7.1602 7.16509 7.17079 7.1773 7.18459 7.19266 7.20147 7.21101 7.22125 7.23215 7.24369 7.25584 7.26854 7.28177 7.29547 7.3096 7.3241 7.33894 7.35404 7.36935 7.38481 7.40036 7.41593 7.43146 7.44689 7.46215 7.47717 7.49188 7.50623 7.52014 7.53355 7.5464 7.55864 7.5702 7.58103 7.59108 7.6003 7.60866 7.6161 7.6226 7.62812 7.63263 7.63613 7.63858 7.63998 7.64031 7.63959 7.63781 7.63499 7.63112 7.62625 7.62038 7.61355 7.60579 7.59714 7.58764 7.57734 7.56628 7.55452 7.54212 7.52912 7.5156 7.50162 7.48724 7.47252 7.45753 7.44234 7.42702 7.41162 7.39622 7.38088 7.36565 7.35061 7.33582 7.32131 7.30716 7.29341 7.28011 7.2673 7.25504 7.24335 7.23227 7.22184 7.21209 7.20304 7.19473 7.18717 7.18038 7.17438 7.16918 7.16481 7.16126 7.15854 7.15667 7.15565 
7.14887 7.14956 7.15109 7.15348 7.15672 7.1608 7.1657 7.17143 7.17797 7.18529 7.19339 7.20224 7.21182 7.2221 7.23305 7.24464 7.25683 7.26958 7.28286 7.29662 7.31081 7.32537 7.34026 7.35542 7.37079 7.38631 7.40192 7.41756 7.43315 7.44864 7.46395 7.47903 7.4938 7.5082 7.52216 7.53562 7.54852 7.5608 7.57241 7.58328 7.59337 7.60262 7.61101 7.61848 7.625 7.63054 7.63507 7.63858 7.64104 7.64244 7.64278 7.64205 7.64027 7.63743 7.63355 7.62866 7.62277 7.61592 7.60813 7.59945 7.58991 7.57957 7.56847 7.55666 7.54421 7.53117 7.5176 7.50356 7.48912 7.47435 7.4593 7.44405 7.42867 7.41321 7.39775 7.38235 7.36707 7.35197 7.33711 7.32255 7.30834 7.29453 7.28118 7.26832 7.256 7.24426 7.23314 7.22267 7.21288 7.20379 7.19544 7.18785 7.18103 7.17501 7.16979 7.16539 7.16183 7.1591 7.15723 7.1562 
7.14921 7.14989 7.15143 7.15383 7.15707 7.16116 7.16608 7.17182 7.17837 7.18571 7.19383 7.2027 7.2123 7.2226 7.23358 7.24519 7.25741 7.2702 7.28351 7.2973 7.31151 7.32611 7.34103 7.35623 7.37163 7.38719 7.40283 7.4185 7.43412 7.44965 7.46499 7.4801 7.4949 7.50933 7.52332 7.53681 7.54974 7.56204 7.57367 7.58456 7.59467 7.60395 7.61235 7.61984 7.62637 7.63192 7.63646 7.63998 7.64244 7.64385 7.64419 7.64346 7.64167 7.63882 7.63494 7.63004 7.62413 7.61726 7.60946 7.60076 7.5912 7.58084 7.56972 7.55789 7.54541 7.53234 7.51874 7.50467 7.4902 7.4754 7.46032 7.44504 7.42962 7.41413 7.39863 7.3832 7.36788 7.35275 7.33786 7.32326 7.30902 7.29519 7.2818 7.26891 7.25657 7.2448 7.23365 7.22316 7.21334 7.20424 7.19587 7.18826 7.18143 7.17539 7.17016 7.16575 7.16218 7.15945 7.15756 7.15654 
