5.64784 5.64803 5.6483 5.64867 5.64913 5.64968 5.65032 5.65105 5.65188 5.65281 5.65383 5.65494 5.65615 5.65746 5.65886 5.66036 5.66196 5.66365 5.66543 5.6673 5.66925 5.67128 5.6734 5.67558 5.67782 5.68012 5.68247 5.68485 5.68727 5.6897 5.69214 5.69457 5.69699 5.69938 5.70172 5.70401 5.70622 5.70836 5.7104 5.71233 5.71414 5.71582 5.71735 5.71874 5.71996 5.72101 5.72188 5.72257 5.72307 5.72338 5.7235 5.72343 5.72316 5.7227 5.72206 5.72123 5.72023 5.71906 5.71773 5.71625 5.71463 5.71288 5.71101 5.70904 5.70698 5.70483 5.70262 5.70036 5.69806 5.69573 5.6934 5.69106 5.68873 5.68642 5.68416 5.68193 5.67976 5.67765 5.67561 5.67365 5.67177 5.66998 5.66828 5.66667 5.66517 5.66377 5.66247 5.66127 5.66018 5.65919 5.65831 5.65753 5.65685 5.65627 5.65579 5.6554 5.65512 5.65493 5.65483 5.65483 
5.64803 5.64821 5.64849 5.64885 5.64931 5.64986 5.65051 5.65125 5.65208 5.65301 5.65404 5.65516 5.65638 5.6577 5.65911 5.66062 5.66222 5.66392 5.66572 5.6676 5.66957 5.67162 5.67374 5.67594 5.6782 5.68052 5.68288 5.68529 5.68772 5.69017 5.69263 5.69508 5.69751 5.69992 5.70228 5.70459 5.70682 5.70897 5.71103 5.71297 5.7148 5.71649 5.71803 5.71943 5.72066 5.72171 5.72259 5.72329 5.72379 5.72411 5.72423 5.72415 5.72388 5.72342 5.72277 5.72194 5.72093 5.71975 5.71841 5.71692 5.71528 5.71352 5.71164 5.70965 5.70757 5.70541 5.70318 5.7009 5.69858 5.69624 5.69388 5.69152 5.68918 5.68686 5.68457 5.68233 5.68014 5.67801 5.67596 5.67398 5.67208 5.67028 5.66857 5.66695 5.66544 5.66403 5.66272 5.66151 5.66041 5.65941 5.65852 5.65773 5.65705 5.65646 5.65598 5.65559 5.65531 5.65511 5.65502 5.65501 
5.6483 5.64849 5.64876 5.64913 5.6496 5.65016 5.65082 5.65157 5.65242 5.65336 5.65441 5.65555 5.65679 5.65813 5.65957 5.66111 5.66275 5.66448 5.66631 5.66822 5.67023 5.67232 5.67448 5.67672 5.67903 5.68139 5.6838 5.68625 5.68873 5.69123 5.69373 5.69623 5.69872 5.70117 5.70357 5.70592 5.7082 5.71039 5.71248 5.71446 5.71632 5.71804 5.71962 5.72104 5.72229 5.72337 5.72426 5.72497 5.72548 5.7258 5.72592 5.72584 5.72557 5.7251 5.72444 5.72359 5.72256 5.72136 5.71999 5.71847 5.7168 5.715 5.71309 5.71106 5.70894 5.70673 5.70446 5.70214 5.69977 5.69738 5.69498 5.69258 5.69018 5.68781 5.68548 5.68319 5.68096 5.67879 5.6767 5.67468 5.67274 5.6709 5.66915 5.66751 5.66596 5.66452 5.66318 5.66195 5.66082 5.65981 5.65889 5.65809 5.65739 5.65679 5.65629 5.65589 5.6556 5.6554 5.65529 5.65529 
5.64867 5.64885 5.64913 5.64951 5.64999 5.65057 5.65124 5.65201 5.65288 5.65386 5.65493 5.65611 5.65739 5.65877 5.66025 5.66184 5.66352 5.66531 5.66719 5.66917 5.67124 5.67339 5.67562 5.67793 5.68031 5.68274 5.68523 5.68775 5.69031 5.69288 5.69546 5.69804 5.7006 5.70312 5.7056 5.70802 5.71036 5.71262 5.71477 5.71681 5.71872 5.72049 5.72211 5.72357 5.72486 5.72597 5.72689 5.72761 5.72814 5.72847 5.72859 5.72851 5.72822 5.72774 5.72705 5.72618 5.72512 5.72388 5.72247 5.7209 5.71918 5.71733 5.71535 5.71326 5.71108 5.70881 5.70647 5.70407 5.70163 5.69917 5.69669 5.69421 5.69174 5.6893 5.68689 5.68453 5.68223 5.67999 5.67783 5.67574 5.67375 5.67184 5.67004 5.66833 5.66673 5.66524 5.66386 5.66258 5.66142 5.66036 5.65942 5.65858 5.65785 5.65723 5.65671 5.6563 5.65599 5.65578 5.65567 5.65566 
5.64913 5.64931 5.6496 5.64999 5.65048 5.65108 5.65178 5.65258 5.65348 5.65449 5.65561 5.65683 5.65816 5.6596 5.66115 5.6628 5.66456 5.66642 5.66838 5.67044 5.67259 5.67484 5.67716 5.67957 5.68204 5.68458 5.68716 5.68979 5.69245 5.69513 5.69781 5.70049 5.70315 5.70578 5.70835 5.71087 5.7133 5.71565 5.71789 5.72 5.72199 5.72383 5.72551 5.72703 5.72836 5.72951 5.73046 5.73122 5.73176 5.7321 5.73222 5.73214 5.73184 5.73133 5.73062 5.72971 5.7286 5.72731 5.72585 5.72421 5.72243 5.7205 5.71844 5.71627 5.71399 5.71163 5.70919 5.7067 5.70416 5.7016 5.69901 5.69643 5.69386 5.69131 5.68881 5.68634 5.68394 5.68161 5.67935 5.67717 5.67509 5.6731 5.67122 5.66944 5.66776 5.6662 5.66475 5.66342 5.6622 5.66109 5.6601 5.65922 5.65846 5.6578 5.65725 5.65681 5.65648 5.65626 5.65614 5.65612 
5.64968 5.64986 5.65016 5.65057 5.65108 5.6517 5.65243 5.65327 5.65422 5.65528 5.65645 5.65773 5.65913 5.66064 5.66226 5.664 5.66585 5.6678 5.66987 5.67203 5.67429 5.67665 5.6791 5.68162 5.68422 5.68689 5.6896 5.69236 5.69516 5.69797 5.70079 5.7036 5.70639 5.70914 5.71184 5.71448 5.71703 5.71949 5.72183 5.72405 5.72613 5.72805 5.72982 5.7314 5.7328 5.734 5.73499 5.73578 5.73635 5.7367 5.73682 5.73673 5.73642 5.73588 5.73513 5.73417 5.73301 5.73166 5.73012 5.72841 5.72653 5.72451 5.72235 5.72007 5.71768 5.7152 5.71264 5.71002 5.70736 5.70466 5.70195 5.69924 5.69653 5.69386 5.69122 5.68863 5.6861 5.68364 5.68126 5.67897 5.67678 5.67468 5.67269 5.67081 5.66905 5.6674 5.66587 5.66446 5.66316 5.66199 5.66094 5.66001 5.65919 5.65849 5.65791 5.65744 5.65708 5.65683 5.6567 5.65667 
5.65032 5.65051 5.65082 5.65124 5.65178 5.65243 5.6532 5.65408 5.65508 5.6562 5.65744 5.6588 5.66028 5.66188 5.6636 5.66544 5.6674 5.66947 5.67165 5.67395 5.67635 5.67884 5.68143 5.68411 5.68686 5.68968 5.69255 5.69548 5.69843 5.7014 5.70438 5.70735 5.7103 5.71321 5.71606 5.71884 5.72154 5.72413 5.7266 5.72894 5.73113 5.73316 5.73502 5.73669 5.73816 5.73942 5.74047 5.74129 5.74189 5.74226 5.74239 5.74229 5.74195 5.74138 5.74059 5.73958 5.73835 5.73692 5.73529 5.73348 5.7315 5.72936 5.72708 5.72467 5.72214 5.71952 5.71681 5.71404 5.71122 5.70837 5.7055 5.70262 5.69976 5.69693 5.69413 5.69139 5.6887 5.6861 5.68357 5.68114 5.67881 5.67658 5.67447 5.67247 5.67059 5.66883 5.6672 5.66569 5.66431 5.66306 5.66194 5.66093 5.66006 5.65931 5.65868 5.65817 5.65778 5.65751 5.65736 5.65732 
5.65105 5.65125 5.65157 5.65201 5.65258 5.65327 5.65408 5.65502 5.65608 5.65728 5.65859 5.66004 5.66162 5.66332 5.66516 5.66712 5.66921 5.67141 5.67374 5.67619 5.67875 5.68141 5.68417 5.68702 5.68995 5.69295 5.69601 5.69912 5.70226 5.70543 5.7086 5.71175 5.71489 5.71797 5.721 5.72396 5.72682 5.72957 5.73219 5.73468 5.737 5.73915 5.74112 5.74288 5.74444 5.74578 5.74689 5.74776 5.74839 5.74877 5.74891 5.7488 5.74844 5.74783 5.74699 5.74591 5.7446 5.74308 5.74135 5.73943 5.73732 5.73504 5.73262 5.73005 5.72737 5.72458 5.7217 5.71875 5.71575 5.71271 5.70966 5.70659 5.70355 5.70052 5.69754 5.69461 5.69175 5.68897 5.68627 5.68368 5.68118 5.6788 5.67654 5.6744 5.67238 5.6705 5.66875 5.66713 5.66565 5.6643 5.66309 5.66201 5.66106 5.66025 5.65957 5.65901 5.65858 5.65828 5.65811 5.65806 
5.65188 5.65208 5.65242 5.65288 5.65348 5.65422 5.65508 5.65608 5.65722 5.6585 5.65991 5.66146 5.66315 5.66497 5.66694 5.66904 5.67127 5.67364 5.67614 5.67876 5.6815 5.68435 5.6873 5.69036 5.69349 5.6967 5.69998 5.7033 5.70666 5.71004 5.71343 5.7168 5.72014 5.72344 5.72667 5.72983 5.73288 5.73581 5.7386 5.74125 5.74372 5.74601 5.74811 5.74999 5.75164 5.75306 5.75424 5.75516 5.75583 5.75624 5.75638 5.75625 5.75587 5.75522 5.75431 5.75316 5.75177 5.75014 5.74829 5.74624 5.74399 5.74156 5.73897 5.73623 5.73336 5.73038 5.7273 5.72415 5.72094 5.71769 5.71442 5.71115 5.70788 5.70465 5.70145 5.69831 5.69525 5.69226 5.68937 5.68658 5.6839 5.68134 5.67891 5.6766 5.67443 5.6724 5.67052 5.66877 5.66717 5.66571 5.6644 5.66323 5.6622 5.66132 5.66057 5.65996 5.65949 5.65916 5.65896 5.6589 
5.65281 5.65301 5.65336 5.65386 5.65449 5.65528 5.6562 5.65728 5.6585 5.65986 5.66138 5.66305 5.66486 5.66683 5.66894 5.6712 5.6736 5.67615 5.67884 5.68165 5.6846 5.68766 5.69084 5.69412 5.69749 5.70094 5.70445 5.70802 5.71162 5.71525 5.71887 5.72249 5.72607 5.7296 5.73306 5.73644 5.7397 5.74284 5.74583 5.74865 5.7513 5.75374 5.75598 5.75798 5.75975 5.76126 5.76252 5.7635 5.76421 5.76464 5.76479 5.76465 5.76423 5.76353 5.76256 5.76133 5.75983 5.75809 5.75611 5.75391 5.7515 5.74889 5.74612 5.74318 5.74011 5.73691 5.73361 5.73023 5.72679 5.7233 5.71979 5.71628 5.71277 5.70929 5.70586 5.70248 5.69918 5.69597 5.69286 5.68985 5.68696 5.6842 5.68157 5.67909 5.67674 5.67455 5.6725 5.67061 5.66888 5.66729 5.66587 5.66459 5.66347 5.66251 5.66169 5.66102 5.66051 5.66013 5.65991 5.65983 
5.65383 5.65404 5.65441 5.65493 5.65561 5.65645 5.65744 5.65859 5.65991 5.66138 5.66301 5.66481 5.66677 5.66889 5.67116 5.6736 5.6762 5.67894 5.68184 5.68487 5.68805 5.69135 5.69477 5.6983 5.70193 5.70564 5.70943 5.71326 5.71714 5.72103 5.72493 5.72882 5.73266 5.73645 5.74017 5.74378 5.74728 5.75064 5.75385 5.75688 5.75971 5.76233 5.76472 5.76686 5.76875 5.77037 5.77171 5.77276 5.77351 5.77397 5.77412 5.77397 5.77352 5.77277 5.77172 5.77039 5.76879 5.76691 5.76479 5.76243 5.75984 5.75704 5.75406 5.75091 5.7476 5.74417 5.74063 5.73699 5.73329 5.72954 5.72577 5.72198 5.7182 5.71446 5.71076 5.70712 5.70356 5.7001 5.69673 5.69349 5.69037 5.68738 5.68454 5.68184 5.67931 5.67693 5.67471 5.67266 5.67077 5.66905 5.66749 5.66611 5.66488 5.66383 5.66293 5.6622 5.66162 5.66121 5.66095 5.66085 
5.65494 5.65516 5.65555 5.65611 5.65683 5.65773 5.6588 5.66004 5.66146 5.66305 5.66481 5.66675 5.66886 5.67115 5.67361 5.67625 5.67905 5.68201 5.68514 5.68842 5.69185 5.69541 5.6991 5.70291 5.70682 5.71082 5.7149 5.71903 5.72321 5.7274 5.73159 5.73577 5.73991 5.74398 5.74797 5.75186 5.75562 5.75922 5.76266 5.76591 5.76895 5.77175 5.77431 5.77661 5.77864 5.78037 5.7818 5.78292 5.78373 5.78421 5.78437 5.7842 5.78371 5.7829 5.78178 5.78035 5.77862 5.77661 5.77432 5.77178 5.769 5.76599 5.76279 5.75939 5.75584 5.75215 5.74833 5.74442 5.74044 5.7364 5.73233 5.72825 5.72418 5.72014 5.71615 5.71222 5.70838 5.70463 5.701 5.69749 5.69411 5.69088 5.6878 5.68488 5.68213 5.67954 5.67713 5.6749 5.67285 5.67098 5.66928 5.66777 5.66643 5.66527 5.66429 5.66348 5.66285 5.66239 5.6621 5.66198 
5.65615 5.65638 5.65679 5.65739 5.65816 5.65913 5.66028 5.66162 5.66315 5.66486 5.66677 5.66886 5.67115 5.67362 5.67628 5.67913 5.68216 5.68537 5.68874 5.69229 5.69599 5.69984 5.70383 5.70794 5.71216 5.71647 5.72087 5.72532 5.72982 5.73433 5.73885 5.74335 5.7478 5.75218 5.75647 5.76065 5.76468 5.76856 5.77225 5.77574 5.77899 5.78201 5.78475 5.78722 5.78938 5.79124 5.79277 5.79397 5.79483 5.79534 5.79551 5.79532 5.79479 5.79392 5.79271 5.79117 5.78931 5.78714 5.78469 5.78195 5.77896 5.77573 5.77228 5.76863 5.7648 5.76083 5.75672 5.75251 5.74822 5.74387 5.73948 5.73508 5.73069 5.72633 5.72202 5.71778 5.71363 5.70958 5.70565 5.70185 5.69819 5.69469 5.69135 5.68819 5.6852 5.68239 5.67978 5.67735 5.67512 5.67307 5.67123 5.66957 5.66811 5.66684 5.66577 5.66488 5.66418 5.66367 5.66334 5.6632 
5.65746 5.6577 5.65813 5.65877 5.6596 5.66064 5.66188 5.66332 5.66497 5.66683 5.66889 5.67115 5.67362 5.6763 5.67918 5.68225 5.68553 5.689 5.69265 5.69648 5.70048 5.70463 5.70894 5.71337 5.71793 5.72258 5.72732 5.73212 5.73697 5.74183 5.74669 5.75153 5.75632 5.76103 5.76565 5.77013 5.77447 5.77863 5.7826 5.78634 5.78983 5.79306 5.79601 5.79865 5.80097 5.80296 5.8046 5.80588 5.8068 5.80734 5.80752 5.80732 5.80674 5.8058 5.80449 5.80284 5.80084 5.79851 5.79586 5.79292 5.78971 5.78623 5.78252 5.77859 5.77448 5.7702 5.76578 5.76124 5.75662 5.75193 5.7472 5.74246 5.73772 5.73302 5.72837 5.72379 5.7193 5.71493 5.71067 5.70656 5.70261 5.69881 5.6952 5.69177 5.68852 5.68548 5.68264 5.68 5.67757 5.67534 5.67333 5.67153 5.66993 5.66854 5.66736 5.66639 5.66562 5.66505 5.66468 5.66452 
5.65886 5.65911 5.65957 5.66025 5.66115 5.66226 5.6636 5.66516 5.66694 5.66894 5.67116 5.67361 5.67628 5.67918 5.68229 5.68561 5.68915 5.6929 5.69684 5.70098 5.7053 5.70979 5.71443 5.71922 5.72413 5.72914 5.73425 5.73942 5.74464 5.74988 5.75511 5.76031 5.76546 5.77053 5.77548 5.7803 5.78496 5.78943 5.79368 5.79769 5.80144 5.80491 5.80806 5.81089 5.81338 5.8155 5.81726 5.81863 5.81961 5.82019 5.82037 5.82015 5.81953 5.81851 5.81711 5.81533 5.81318 5.81067 5.80783 5.80467 5.80121 5.79748 5.79349 5.78927 5.78484 5.78024 5.77549 5.77061 5.76563 5.76058 5.75549 5.75038 5.74527 5.7402 5.73518 5.73024 5.7254 5.72067 5.71607 5.71163 5.70735 5.70325 5.69933 5.69561 5.6921 5.68879 5.68571 5.68284 5.6802 5.67778 5.67559 5.67362 5.67188 5.67037 5.66908 5.66801 5.66716 5.66653 5.66612 5.66593 
5.66036 5.66062 5.66111 5.66184 5.6628 5.664 5.66544 5.66712 5.66904 5.6712 5.6736 5.67625 5.67913 5.68225 5.68561 5.68921 5.69303 5.69707 5.70133 5.70579 5.71045 5.71529 5.7203 5.72545 5.73074 5.73615 5.74164 5.74721 5.75282 5.75845 5.76408 5.76967 5.7752 5.78064 5.78596 5.79113 5.79613 5.80092 5.80548 5.80978 5.81379 5.8175 5.82088 5.82391 5.82657 5.82884 5.83072 5.83218 5.83322 5.83384 5.83403 5.83379 5.83312 5.83203 5.83052 5.82861 5.8263 5.82361 5.82056 5.81717 5.81346 5.80945 5.80516 5.80063 5.79588 5.79093 5.78582 5.78058 5.77523 5.76979 5.76432 5.75881 5.75332 5.74785 5.74245 5.73712 5.7319 5.7268 5.72184 5.71704 5.71241 5.70798 5.70374 5.69972 5.69591 5.69234 5.68899 5.68588 5.68301 5.68039 5.67801 5.67587 5.67397 5.67232 5.67091 5.66974 5.66881 5.66812 5.66766 5.66744 
5.66196 5.66222 5.66275 5.66352 5.66456 5.66585 5.6674 5.66921 5.67127 5.6736 5.6762 5.67905 5.68216 5.68553 5.68915 5.69303 5.69715 5.70151 5.7061 5.71091 5.71593 5.72114 5.72653 5.73208 5.73777 5.74358 5.74949 5.75547 5.7615 5.76755 5.77358 5.77958 5.78552 5.79135 5.79705 5.80259 5.80795 5.81308 5.81796 5.82256 5.82686 5.83082 5.83444 5.83767 5.84051 5.84294 5.84494 5.8465 5.84762 5.84827 5.84847 5.84821 5.84749 5.84631 5.8447 5.84264 5.84017 5.83729 5.83402 5.83039 5.82641 5.82211 5.81751 5.81265 5.80756 5.80225 5.79677 5.79114 5.78539 5.77956 5.77367 5.76776 5.76185 5.75597 5.75015 5.74442 5.73879 5.7333 5.72795 5.72278 5.71779 5.713 5.70843 5.70408 5.69997 5.6961 5.69248 5.68911 5.686 5.68316 5.68057 5.67825 5.67619 5.67439 5.67285 5.67158 5.67056 5.6698 5.6693 5.66905 
5.66365 5.66392 5.66448 5.66531 5.66642 5.6678 5.66947 5.67141 5.67364 5.67615 5.67894 5.68201 5.68537 5.689 5.6929 5.69707 5.70151 5.7062 5.71114 5.71632 5.72171 5.72731 5.73311 5.73907 5.74518 5.75142 5.75776 5.76418 5.77065 5.77713 5.7836 5.79003 5.79638 5.80263 5.80873 5.81466 5.82039 5.82587 5.83109 5.836 5.84059 5.84483 5.84869 5.85214 5.85517 5.85776 5.85989 5.86156 5.86274 5.86344 5.86364 5.86336 5.86259 5.86133 5.8596 5.8574 5.85475 5.85167 5.84817 5.84428 5.84002 5.83542 5.83051 5.8253 5.81984 5.81416 5.80829 5.80225 5.79609 5.78984 5.78352 5.77718 5.77084 5.76453 5.75828 5.75212 5.74607 5.74016 5.73441 5.72884 5.72347 5.71831 5.71338 5.70869 5.70425 5.70007 5.69616 5.69253 5.68917 5.68608 5.68329 5.68077 5.67853 5.67658 5.67491 5.67352 5.67241 5.67158 5.67103 5.67075 
5.66543 5.66572 5.66631 5.66719 5.66838 5.66987 5.67165 5.67374 5.67614 5.67884 5.68184 5.68514 5.68874 5.69265 5.69684 5.70133 5.7061 5.71114 5.71645 5.722 5.7278 5.73381 5.74002 5.74642 5.75297 5.75966 5.76645 5.77333 5.78025 5.78718 5.79411 5.80098 5.80777 5.81445 5.82097 5.8273 5.83341 5.83926 5.84483 5.85007 5.85497 5.85948 5.86359 5.86727 5.8705 5.87326 5.87553 5.87729 5.87855 5.87929 5.87951 5.8792 5.87837 5.87702 5.87517 5.87283 5.87 5.86671 5.86297 5.85882 5.85427 5.84936 5.8441 5.83855 5.83271 5.82664 5.82036 5.8139 5.80731 5.80062 5.79386 5.78706 5.78027 5.77351 5.76681 5.7602 5.75371 5.74737 5.74119 5.73521 5.72943 5.72389 5.71858 5.71354 5.70876 5.70426 5.70004 5.69612 5.69249 5.68917 5.68614 5.68342 5.681 5.67889 5.67708 5.67557 5.67437 5.67346 5.67285 5.67255 
5.6673 5.6676 5.66822 5.66917 5.67044 5.67203 5.67395 5.67619 5.67876 5.68165 5.68487 5.68842 5.69229 5.69648 5.70098 5.70579 5.71091 5.71632 5.722 5.72796 5.73416 5.7406 5.74726 5.7541 5.76111 5.76827 5.77553 5.78287 5.79027 5.79768 5.80507 5.81241 5.81965 5.82677 5.83372 5.84047 5.84698 5.85322 5.85914 5.86473 5.86993 5.87474 5.87911 5.88302 5.88645 5.88938 5.89179 5.89367 5.895 5.89578 5.89601 5.89568 5.89479 5.89336 5.89138 5.88888 5.88586 5.88236 5.87838 5.87395 5.86911 5.86387 5.85827 5.85234 5.84612 5.83964 5.83293 5.82605 5.81901 5.81186 5.80464 5.79738 5.79012 5.78288 5.77572 5.76864 5.7617 5.7549 5.74828 5.74187 5.73567 5.72972 5.72403 5.71861 5.71348 5.70864 5.70411 5.69989 5.69598 5.6924 5.68914 5.6862 5.68359 5.68131 5.67935 5.67772 5.67641 5.67543 5.67477 5.67443 
5.66925 5.66957 5.67023 5.67124 5.67259 5.67429 5.67635 5.67875 5.6815 5.6846 5.68805 5.69185 5.69599 5.70048 5.7053 5.71045 5.71593 5.72171 5.7278 5.73416 5.7408 5.74768 5.75479 5.7621 5.76959 5.77722 5.78497 5.7928 5.80069 5.80858 5.81646 5.82427 5.83198 5.83956 5.84695 5.85413 5.86105 5.86768 5.87398 5.87991 5.88544 5.89054 5.89518 5.89933 5.90297 5.90608 5.90863 5.91062 5.91203 5.91286 5.91309 5.91274 5.91179 5.91027 5.90816 5.9055 5.9023 5.89857 5.89434 5.88963 5.88448 5.87891 5.87295 5.86664 5.86002 5.85312 5.84599 5.83865 5.83115 5.82354 5.81584 5.80809 5.80035 5.79263 5.78498 5.77742 5.77 5.76274 5.75566 5.7488 5.74217 5.7358 5.7297 5.7239 5.71839 5.71321 5.70834 5.70381 5.69962 5.69577 5.69226 5.68911 5.6863 5.68384 5.68173 5.67997 5.67856 5.67749 5.67677 5.67639 
5.67128 5.67162 5.67232 5.67339 5.67484 5.67665 5.67884 5.68141 5.68435 5.68766 5.69135 5.69541 5.69984 5.70463 5.70979 5.71529 5.72114 5.72731 5.73381 5.7406 5.74768 5.75502 5.7626 5.77039 5.77836 5.78649 5.79474 5.80308 5.81146 5.81986 5.82823 5.83653 5.84473 5.85277 5.86062 5.86824 5.87558 5.88261 5.88929 5.89558 5.90144 5.90684 5.91175 5.91615 5.92 5.92329 5.92599 5.9281 5.92959 5.93046 5.9307 5.93032 5.92932 5.92769 5.92547 5.92264 5.91924 5.91529 5.9108 5.90581 5.90034 5.89442 5.8881 5.88141 5.87438 5.86705 5.85947 5.85167 5.8437 5.8356 5.82741 5.81917 5.81093 5.80271 5.79456 5.78651 5.7786 5.77086 5.76331 5.75598 5.74891 5.74211 5.73559 5.72938 5.7235 5.71795 5.71274 5.70789 5.7034 5.69927 5.69551 5.69213 5.68911 5.68647 5.6842 5.68231 5.68078 5.67963 5.67885 5.67844 
5.6734 5.67374 5.67448 5.67562 5.67716 5.6791 5.68143 5.68417 5.6873 5.69084 5.69477 5.6991 5.70383 5.70894 5.71443 5.7203 5.72653 5.73311 5.74002 5.74726 5.75479 5.7626 5.77066 5.77894 5.78742 5.79605 5.80481 5.81366 5.82256 5.83147 5.84035 5.84915 5.85784 5.86636 5.87467 5.88274 5.89051 5.89795 5.90502 5.91167 5.91786 5.92358 5.92877 5.93341 5.93748 5.94095 5.94381 5.94603 5.9476 5.94852 5.94877 5.94836 5.9473 5.94558 5.94322 5.94023 5.93663 5.93245 5.9277 5.92241 5.91662 5.91036 5.90367 5.89658 5.88913 5.88136 5.87333 5.86506 5.85661 5.84802 5.83933 5.83058 5.82183 5.8131 5.80444 5.79588 5.78747 5.77923 5.7712 5.7634 5.75586 5.74861 5.74167 5.73505 5.72877 5.72285 5.71729 5.71211 5.70731 5.7029 5.69888 5.69525 5.69202 5.68919 5.68676 5.68473 5.68309 5.68185 5.68101 5.68057 
5.67558 5.67594 5.67672 5.67793 5.67957 5.68162 5.68411 5.68702 5.69036 5.69412 5.6983 5.70291 5.70794 5.71337 5.71922 5.72545 5.73208 5.73907 5.74642 5.7541 5.7621 5.77039 5.77894 5.78773 5.79672 5.80587 5.81515 5.82453 5.83395 5.84338 5.85277 5.86209 5.87127 5.88028 5.88906 5.89758 5.90579 5.91365 5.9211 5.92812 5.93466 5.94068 5.94616 5.95106 5.95535 5.959 5.96201 5.96435 5.966 5.96696 5.96723 5.9668 5.96567 5.96385 5.96136 5.95821 5.95441 5.94999 5.94497 5.93939 5.93328 5.92667 5.91959 5.9121 5.90423 5.89602 5.88752 5.87878 5.86984 5.86074 5.85154 5.84228 5.833 5.82375 5.81457 5.8055 5.79657 5.78783 5.7793 5.77102 5.76301 5.75531 5.74792 5.74088 5.7342 5.72789 5.72197 5.71645 5.71134 5.70663 5.70234 5.69847 5.69503 5.692 5.68941 5.68723 5.68548 5.68415 5.68324 5.68276 
5.67782 5.6782 5.67903 5.68031 5.68204 5.68422 5.68686 5.68995 5.69349 5.69749 5.70193 5.70682 5.71216 5.71793 5.72413 5.73074 5.73777 5.74518 5.75297 5.76111 5.76959 5.77836 5.78742 5.79672 5.80622 5.8159 5.82572 5.83562 5.84558 5.85554 5.86545 5.87528 5.88497 5.89447 5.90373 5.91271 5.92136 5.92964 5.93749 5.94488 5.95176 5.9581 5.96386 5.96901 5.97352 5.97737 5.98053 5.98298 5.98472 5.98573 5.986 5.98555 5.98436 5.98244 5.97982 5.97649 5.97249 5.96784 5.96256 5.95668 5.95023 5.94327 5.93581 5.92791 5.91961 5.91095 5.90199 5.89276 5.88332 5.87372 5.864 5.85422 5.84441 5.83463 5.82492 5.81532 5.80588 5.79662 5.78759 5.77881 5.77033 5.76216 5.75433 5.74685 5.73976 5.73306 5.72678 5.72091 5.71547 5.71046 5.7059 5.70178 5.69811 5.69489 5.69212 5.6898 5.68793 5.68651 5.68554 5.68502 
5.68012 5.68052 5.68139 5.68274 5.68458 5.68689 5.68968 5.69295 5.6967 5.70094 5.70564 5.71082 5.71647 5.72258 5.72914 5.73615 5.74358 5.75142 5.75966 5.76827 5.77722 5.78649 5.79605 5.80587 5.8159 5.82612 5.83647 5.84691 5.8574 5.86789 5.87834 5.88868 5.89888 5.90887 5.91862 5.92806 5.93716 5.94585 5.9541 5.96186 5.96909 5.97575 5.9818 5.9872 5.99193 5.99597 5.99928 6.00186 6.00368 6.00473 6.00502 6.00454 6.00328 6.00127 5.99851 5.99502 5.99082 5.98593 5.98037 5.9742 5.96742 5.9601 5.95226 5.94395 5.93522 5.92611 5.91668 5.90696 5.89702 5.88691 5.87667 5.86636 5.85602 5.8457 5.83546 5.82532 5.81535 5.80557 5.79603 5.78676 5.77779 5.76914 5.76086 5.75295 5.74544 5.73834 5.73168 5.72546 5.71969 5.71438 5.70954 5.70517 5.70127 5.69785 5.6949 5.69243 5.69044 5.68893 5.68789 5.68733 
5.68247 5.68288 5.6838 5.68523 5.68716 5.6896 5.69255 5.69601 5.69998 5.70445 5.70943 5.7149 5.72087 5.72732 5.73425 5.74164 5.74949 5.75776 5.76645 5.77553 5.78497 5.79474 5.80481 5.81515 5.82572 5.83647 5.84736 5.85834 5.86937 5.8804 5.89137 5.90224 5.91295 5.92344 5.93367 5.94358 5.95311 5.96223 5.97088 5.97901 5.98659 5.99356 5.99989 6.00555 6.01051 6.01473 6.0182 6.02089 6.02279 6.0239 6.0242 6.02369 6.02237 6.02026 6.01737 6.01371 6.0093 6.00418 5.99836 5.99188 5.98478 5.97709 5.96887 5.96015 5.95099 5.94143 5.93152 5.92132 5.91088 5.90025 5.88948 5.87864 5.86776 5.85691 5.84613 5.83546 5.82495 5.81465 5.80459 5.79482 5.78535 5.77623 5.76749 5.75914 5.7512 5.74371 5.73667 5.73009 5.72399 5.71837 5.71324 5.70861 5.70448 5.70086 5.69773 5.69512 5.693 5.6914 5.69029 5.6897 
5.68485 5.68529 5.68625 5.68775 5.68979 5.69236 5.69548 5.69912 5.7033 5.70802 5.71326 5.71903 5.72532 5.73212 5.73942 5.74721 5.75547 5.76418 5.77333 5.78287 5.7928 5.80308 5.81366 5.82453 5.83562 5.84691 5.85834 5.86987 5.88144 5.893 5.90451 5.91589 5.92711 5.9381 5.94881 5.95918 5.96916 5.9787 5.98775 5.99625 6.00417 6.01146 6.01807 6.02399 6.02916 6.03357 6.03719 6.04001 6.04199 6.04314 6.04345 6.04291 6.04154 6.03933 6.03631 6.03248 6.02787 6.02251 6.01642 6.00965 6.00222 5.99418 5.98557 5.97645 5.96685 5.95684 5.94646 5.93577 5.92483 5.91368 5.9024 5.89102 5.87961 5.86821 5.85689 5.84568 5.83465 5.82382 5.81324 5.80296 5.793 5.7834 5.77419 5.7654 5.75704 5.74914 5.74171 5.73478 5.72834 5.72241 5.717 5.71211 5.70775 5.70391 5.70061 5.69784 5.6956 5.6939 5.69273 5.69209 
5.68727 5.68772 5.68873 5.69031 5.69245 5.69516 5.69843 5.70226 5.70666 5.71162 5.71714 5.72321 5.72982 5.73697 5.74464 5.75282 5.7615 5.77065 5.78025 5.79027 5.80069 5.81146 5.82256 5.83395 5.84558 5.8574 5.86937 5.88144 5.89355 5.90565 5.91768 5.92958 5.94131 5.95279 5.96398 5.97481 5.98523 5.99519 6.00463 6.0135 6.02176 6.02936 6.03626 6.04242 6.04782 6.05241 6.05619 6.05912 6.06118 6.06238 6.0627 6.06214 6.0607 6.0584 6.05524 6.05125 6.04644 6.04085 6.0345 6.02743 6.01967 6.01128 6.00229 5.99276 5.98274 5.97228 5.96143 5.95026 5.93881 5.92716 5.91535 5.90344 5.89149 5.87956 5.8677 5.85596 5.84438 5.83303 5.82194 5.81114 5.80069 5.79061 5.78094 5.7717 5.76292 5.75461 5.7468 5.7395 5.73273 5.72649 5.72079 5.71564 5.71104 5.707 5.70352 5.7006 5.69823 5.69644 5.6952 5.69452 
5.6897 5.69017 5.69123 5.69288 5.69513 5.69797 5.7014 5.70543 5.71004 5.71525 5.72103 5.7274 5.73433 5.74183 5.74988 5.75845 5.76755 5.77713 5.78718 5.79768 5.80858 5.81986 5.83147 5.84338 5.85554 5.86789 5.8804 5.893 5.90565 5.91828 5.93083 5.94325 5.95548 5.96745 5.97911 5.99039 6.00125 6.01162 6.02145 6.03068 6.03928 6.04719 6.05437 6.06078 6.06639 6.07117 6.07509 6.07813 6.08028 6.08153 6.08186 6.08127 6.07978 6.07738 6.07409 6.06994 6.06493 6.05911 6.0525 6.04513 6.03706 6.02832 6.01896 6.00903 5.99858 5.98767 5.97636 5.96471 5.95277 5.94061 5.92828 5.91584 5.90337 5.8909 5.8785 5.86623 5.85412 5.84225 5.83064 5.81934 5.8084 5.79784 5.78771 5.77802 5.76881 5.7601 5.7519 5.74425 5.73713 5.73058 5.72459 5.71918 5.71435 5.7101 5.70644 5.70337 5.70088 5.69899 5.69768 5.69697 
5.69214 5.69263 5.69373 5.69546 5.69781 5.70079 5.70438 5.7086 5.71343 5.71887 5.72493 5.73159 5.73885 5.74669 5.75511 5.76408 5.77358 5.7836 5.79411 5.80507 5.81646 5.82823 5.84035 5.85277 5.86545 5.87834 5.89137 5.90451 5.91768 5.93083 5.9439 5.95683 5.96955 5.982 5.99413 6.00586 6.01714 6.02792 6.03813 6.04772 6.05665 6.06486 6.07231 6.07897 6.08479 6.08975 6.09382 6.09698 6.0992 6.10049 6.10083 6.10022 6.09867 6.09618 6.09277 6.08845 6.08325 6.07721 6.07034 6.06269 6.0543 6.04522 6.03549 6.02516 6.0143 6.00296 5.99119 5.97906 5.96664 5.95397 5.94113 5.92818 5.91517 5.90218 5.88925 5.87645 5.86382 5.85143 5.83931 5.82751 5.81608 5.80505 5.79445 5.78432 5.77469 5.76558 5.757 5.74898 5.74154 5.73467 5.7284 5.72273 5.71767 5.71321 5.70937 5.70615 5.70354 5.70155 5.70017 5.69942 
5.69457 5.69508 5.69623 5.69804 5.70049 5.7036 5.70735 5.71175 5.7168 5.72249 5.72882 5.73577 5.74335 5.75153 5.76031 5.76967 5.77958 5.79003 5.80098 5.81241 5.82427 5.83653 5.84915 5.86209 5.87528 5.88868 5.90224 5.91589 5.92958 5.94325 5.95683 5.97025 5.98346 5.99639 6.00897 6.02114 6.03284 6.04401 6.0546 6.06454 6.07379 6.0823 6.09002 6.09691 6.10294 6.10808 6.11229 6.11556 6.11786 6.11919 6.11954 6.11891 6.1173 6.11472 6.11119 6.10671 6.10133 6.09506 6.08794 6.08001 6.07132 6.0619 6.05181 6.0411 6.02983 6.01806 6.00584 5.99325 5.98034 5.96719 5.95384 5.94038 5.92686 5.91335 5.8999 5.88657 5.87343 5.86052 5.8479 5.83561 5.8237 5.8122 5.80115 5.79059 5.78053 5.77102 5.76207 5.7537 5.74592 5.73875 5.73219 5.72626 5.72097 5.71631 5.71229 5.70891 5.70618 5.7041 5.70266 5.70187 
5.69699 5.69751 5.69872 5.7006 5.70315 5.70639 5.7103 5.71489 5.72014 5.72607 5.73266 5.73991 5.7478 5.75632 5.76546 5.7752 5.78552 5.79638 5.80777 5.81965 5.83198 5.84473 5.85784 5.87127 5.88497 5.89888 5.91295 5.92711 5.94131 5.95548 5.96955 5.98346 5.99714 6.01053 6.02355 6.03615 6.04826 6.05982 6.07077 6.08106 6.09062 6.09942 6.1074 6.11452 6.12075 6.12606 6.13041 6.13379 6.13617 6.13754 6.1379 6.13725 6.13558 6.13292 6.12926 6.12464 6.11907 6.11259 6.10523 6.09702 6.08803 6.07828 6.06784 6.05676 6.04509 6.0329 6.02025 6.0072 5.99383 5.98019 5.96636 5.9524 5.93837 5.92435 5.91039 5.89656 5.88291 5.8695 5.85638 5.84361 5.83122 5.81926 5.80776 5.79677 5.78631 5.7764 5.76708 5.75836 5.75025 5.74278 5.73594 5.72976 5.72424 5.71938 5.71518 5.71166 5.70881 5.70663 5.70512 5.7043 
5.69938 5.69992 5.70117 5.70312 5.70578 5.70914 5.71321 5.71797 5.72344 5.7296 5.73645 5.74398 5.75218 5.76103 5.77053 5.78064 5.79135 5.80263 5.81445 5.82677 5.83956 5.85277 5.86636 5.88028 5.89447 5.90887 5.92344 5.9381 5.95279 5.96745 5.982 5.99639 6.01053 6.02436 6.03782 6.05083 6.06334 6.07528 6.08658 6.09719 6.10706 6.11613 6.12437 6.13172 6.13814 6.14361 6.1481 6.15158 6.15403 6.15545 6.15582 6.15515 6.15343 6.15068 6.1469 6.14213 6.13639 6.1297 6.1221 6.11364 6.10435 6.09429 6.08351 6.07206 6.06001 6.04741 6.03434 6.02085 6.00702 5.99292 5.97861 5.96416 5.94964 5.93513 5.92067 5.90634 5.8922 5.8783 5.8647 5.85145 5.8386 5.82619 5.81426 5.80285 5.79198 5.7817 5.77201 5.76294 5.75452 5.74675 5.73964 5.73321 5.72746 5.7224 5.71804 5.71437 5.7114 5.70913 5.70756 5.70669 
5.70172 5.70228 5.70357 5.7056 5.70835 5.71184 5.71606 5.721 5.72667 5.73306 5.74017 5.74797 5.75647 5.76565 5.77548 5.78596 5.79705 5.80873 5.82097 5.83372 5.84695 5.86062 5.87467 5.88906 5.90373 5.91862 5.93367 5.94881 5.96398 5.97911 5.99413 6.00897 6.02355 6.03782 6.05169 6.06511 6.078 6.09029 6.10194 6.11287 6.12303 6.13237 6.14085 6.14841 6.15503 6.16066 6.16527 6.16885 6.17138 6.17284 6.17322 6.17252 6.17075 6.16792 6.16404 6.15913 6.15321 6.14632 6.1385 6.12978 6.12022 6.10985 6.09874 6.08694 6.07452 6.06153 6.04805 6.03414 6.01987 6.00531 5.99054 5.97562 5.96063 5.94563 5.93069 5.91588 5.90126 5.88689 5.87282 5.85911 5.84581 5.83296 5.82061 5.80879 5.79753 5.78687 5.77683 5.76743 5.75869 5.75063 5.74326 5.73659 5.73062 5.72537 5.72084 5.71703 5.71394 5.71158 5.70995 5.70905 
5.70401 5.70459 5.70592 5.70802 5.71087 5.71448 5.71884 5.72396 5.72983 5.73644 5.74378 5.75186 5.76065 5.77013 5.7803 5.79113 5.80259 5.81466 5.8273 5.84047 5.85413 5.86824 5.88274 5.89758 5.91271 5.92806 5.94358 5.95918 5.97481 5.99039 6.00586 6.02114 6.03615 6.05083 6.06511 6.07891 6.09216 6.10481 6.11678 6.12801 6.13846 6.14806 6.15676 6.16453 6.17133 6.17711 6.18185 6.18553 6.18812 6.18962 6.19001 6.18929 6.18747 6.18456 6.18057 6.17553 6.16945 6.16237 6.15434 6.14538 6.13554 6.12488 6.11346 6.10132 6.08854 6.07518 6.0613 6.04698 6.03229 6.0173 6.00209 5.98672 5.97126 5.9558 5.9404 5.92513 5.91004 5.89521 5.88069 5.86654 5.85281 5.83954 5.82677 5.81456 5.80292 5.7919 5.78152 5.7718 5.76276 5.75441 5.74678 5.73988 5.7337 5.72826 5.72356 5.71962 5.71642 5.71397 5.71228 5.71135 
5.70622 5.70682 5.7082 5.71036 5.7133 5.71703 5.72154 5.72682 5.73288 5.7397 5.74728 5.75562 5.76468 5.77447 5.78496 5.79613 5.80795 5.82039 5.83341 5.84698 5.86105 5.87558 5.89051 5.90579 5.92136 5.93716 5.95311 5.96916 5.98523 6.00125 6.01714 6.03284 6.04826 6.06334 6.078 6.09216 6.10577 6.11874 6.13102 6.14255 6.15326 6.1631 6.17203 6.18 6.18696 6.19289 6.19775 6.20152 6.20418 6.20571 6.20611 6.20538 6.20351 6.20053 6.19644 6.19126 6.18503 6.17778 6.16953 6.16034 6.15025 6.13931 6.12759 6.11513 6.10201 6.08829 6.07404 6.05933 6.04424 6.02883 6.01319 5.99739 5.9815 5.9656 5.94975 5.93403 5.9185 5.90323 5.88828 5.8737 5.85955 5.84588 5.83272 5.82013 5.80813 5.79676 5.78604 5.77601 5.76668 5.75807 5.75019 5.74306 5.73668 5.73106 5.72621 5.72213 5.71882 5.71629 5.71454 5.71357 
5.70836 5.70897 5.71039 5.71262 5.71565 5.71949 5.72413 5.72957 5.73581 5.74284 5.75064 5.75922 5.76856 5.77863 5.78943 5.80092 5.81308 5.82587 5.83926 5.85322 5.86768 5.88261 5.89795 5.91365 5.92964 5.94585 5.96223 5.9787 5.99519 6.01162 6.02792 6.04401 6.05982 6.07528 6.09029 6.10481 6.11874 6.13203 6.1446 6.1564 6.16737 6.17745 6.18658 6.19474 6.20186 6.20793 6.2129 6.21675 6.21947 6.22104 6.22145 6.2207 6.21879 6.21574 6.21155 6.20626 6.19988 6.19245 6.18401 6.1746 6.16427 6.15307 6.14107 6.12831 6.11486 6.1008 6.0862 6.07112 6.05564 6.03984 6.0238 6.00759 5.99128 5.97495 5.95869 5.94254 5.92659 5.91091 5.89554 5.88056 5.86601 5.85195 5.83842 5.82546 5.81311 5.80141 5.79039 5.78006 5.77045 5.76158 5.75346 5.74611 5.73954 5.73375 5.72875 5.72454 5.72113 5.71852 5.71672 5.71572 
5.7104 5.71103 5.71248 5.71477 5.71789 5.72183 5.7266 5.73219 5.7386 5.74583 5.75385 5.76266 5.77225 5.7826 5.79368 5.80548 5.81796 5.83109 5.84483 5.85914 5.87398 5.88929 5.90502 5.9211 5.93749 5.9541 5.97088 5.98775 6.00463 6.02145 6.03813 6.0546 6.07077 6.08658 6.10194 6.11678 6.13102 6.1446 6.15745 6.16951 6.18072 6.19101 6.20035 6.20867 6.21595 6.22214 6.22722 6.23116 6.23393 6.23553 6.23595 6.23519 6.23324 6.23012 6.22584 6.22044 6.21392 6.20633 6.19771 6.1881 6.17754 6.1661 6.15382 6.14078 6.12703 6.11265 6.09771 6.08228 6.06645 6.05028 6.03385 6.01725 6.00055 5.98383 5.96716 5.95062 5.93427 5.91819 5.90244 5.88707 5.87215 5.85772 5.84383 5.83053 5.81786 5.80584 5.79452 5.78391 5.77404 5.76492 5.75658 5.74903 5.74227 5.73631 5.73117 5.72684 5.72334 5.72065 5.7188 5.71777 
5.71233 5.71297 5.71446 5.71681 5.72 5.72405 5.72894 5.73468 5.74125 5.74865 5.75688 5.76591 5.77574 5.78634 5.79769 5.80978 5.82256 5.836 5.85007 5.86473 5.87991 5.89558 5.91167 5.92812 5.94488 5.96186 5.97901 5.99625 6.0135 6.03068 6.04772 6.06454 6.08106 6.09719 6.11287 6.12801 6.14255 6.1564 6.16951 6.18181 6.19324 6.20373 6.21325 6.22174 6.22916 6.23547 6.24065 6.24466 6.24749 6.24912 6.24955 6.24877 6.24678 6.2436 6.23925 6.23373 6.22709 6.21935 6.21056 6.20076 6.18999 6.17831 6.16579 6.15248 6.13845 6.12377 6.10852 6.09277 6.07659 6.06008 6.0433 6.02634 6.00927 5.99218 5.97514 5.95822 5.9415 5.92505 5.90893 5.8932 5.87792 5.86315 5.84893 5.83531 5.82233 5.81002 5.79842 5.78754 5.77742 5.76808 5.75953 5.75178 5.74485 5.73874 5.73346 5.72902 5.72543 5.72267 5.72076 5.71971 
5.71414 5.7148 5.71632 5.71872 5.72199 5.72613 5.73113 5.737 5.74372 5.7513 5.75971 5.76895 5.77899 5.78983 5.80144 5.81379 5.82686 5.84059 5.85497 5.86993 5.88544 5.90144 5.91786 5.93466 5.95176 5.96909 5.98659 6.00417 6.02176 6.03928 6.05665 6.07379 6.09062 6.10706 6.12303 6.13846 6.15326 6.16737 6.18072 6.19324 6.20487 6.21555 6.22524 6.23388 6.24143 6.24785 6.25312 6.2572 6.26008 6.26174 6.26217 6.26138 6.25936 6.25612 6.25169 6.24608 6.23932 6.23145 6.2225 6.21251 6.20155 6.18966 6.17691 6.16335 6.14906 6.13411 6.11857 6.10252 6.08603 6.0692 6.05209 6.03479 6.01738 5.99995 5.98256 5.9653 5.94823 5.93144 5.91498 5.89892 5.88331 5.86822 5.8537 5.83978 5.82651 5.81392 5.80206 5.79094 5.78059 5.77103 5.76228 5.75435 5.74726 5.74101 5.73561 5.73106 5.72738 5.72456 5.72261 5.72152 
5.71582 5.71649 5.71804 5.72049 5.72383 5.72805 5.73316 5.73915 5.74601 5.75374 5.76233 5.77175 5.78201 5.79306 5.80491 5.8175 5.83082 5.84483 5.85948 5.87474 5.89054 5.90684 5.92358 5.94068 5.9581 5.97575 5.99356 6.01146 6.02936 6.04719 6.06486 6.0823 6.09942 6.11613 6.13237 6.14806 6.1631 6.17745 6.19101 6.20373 6.21555 6.22641 6.23625 6.24502 6.25269 6.25922 6.26457 6.26871 6.27164 6.27332 6.27376 6.27296 6.27091 6.26762 6.26312 6.25742 6.25055 6.24255 6.23346 6.22332 6.21218 6.2001 6.18713 6.17335 6.15882 6.14362 6.12781 6.11149 6.09472 6.07759 6.06018 6.04257 6.02485 6.0071 5.9894 5.97182 5.95443 5.93732 5.92055 5.90419 5.88828 5.8729 5.85809 5.84389 5.83036 5.81752 5.80542 5.79407 5.78351 5.77376 5.76483 5.75673 5.74949 5.74311 5.7376 5.73296 5.72919 5.72631 5.72432 5.72321 
5.71735 5.71803 5.71962 5.72211 5.72551 5.72982 5.73502 5.74112 5.74811 5.75598 5.76472 5.77431 5.78475 5.79601 5.80806 5.82088 5.83444 5.84869 5.86359 5.87911 5.89518 5.91175 5.92877 5.94616 5.96386 5.9818 5.99989 6.01807 6.03626 6.05437 6.07231 6.09002 6.1074 6.12437 6.14085 6.15676 6.17203 6.18658 6.20035 6.21325 6.22524 6.23625 6.24623 6.25513 6.2629 6.26952 6.27494 6.27915 6.28211 6.28382 6.28427 6.28345 6.28137 6.27804 6.27347 6.26769 6.26073 6.25262 6.2434 6.23311 6.22181 6.20955 6.1964 6.18242 6.16767 6.15224 6.1362 6.11962 6.10259 6.0852 6.06752 6.04964 6.03163 6.0136 5.99561 5.97774 5.96007 5.94267 5.92562 5.90898 5.8928 5.87715 5.86208 5.84764 5.83387 5.8208 5.80848 5.79693 5.78618 5.77625 5.76715 5.75891 5.75153 5.74503 5.73941 5.73468 5.73085 5.72792 5.72588 5.72475 
5.71874 5.71943 5.72104 5.72357 5.72703 5.7314 5.73669 5.74288 5.74999 5.75798 5.76686 5.77661 5.78722 5.79865 5.81089 5.82391 5.83767 5.85214 5.86727 5.88302 5.89933 5.91615 5.93341 5.95106 5.96901 5.9872 6.00555 6.02399 6.04242 6.06078 6.07897 6.09691 6.11452 6.13172 6.14841 6.16453 6.18 6.19474 6.20867 6.22174 6.23388 6.24502 6.25513 6.26414 6.27201 6.27871 6.2842 6.28845 6.29145 6.29318 6.29363 6.29281 6.2907 6.28733 6.28271 6.27686 6.26981 6.2616 6.25226 6.24184 6.2304 6.21799 6.20467 6.1905 6.17557 6.15994 6.14368 6.12688 6.10963 6.092 6.07407 6.05595 6.03769 6.0194 6.00116 5.98303 5.96511 5.94746 5.93015 5.91326 5.89685 5.88096 5.86566 5.851 5.83701 5.82374 5.81123 5.79949 5.78857 5.77848 5.76924 5.76086 5.75336 5.74676 5.74104 5.73624 5.73234 5.72936 5.72729 5.72614 
5.71996 5.72066 5.72229 5.72486 5.72836 5.7328 5.73816 5.74444 5.75164 5.75975 5.76875 5.77864 5.78938 5.80097 5.81338 5.82657 5.84051 5.85517 5.8705 5.88645 5.90297 5.92 5.93748 5.95535 5.97352 5.99193 6.01051 6.02916 6.04782 6.06639 6.08479 6.10294 6.12075 6.13814 6.15503 6.17133 6.18696 6.20186 6.21595 6.22916 6.24143 6.25269 6.2629 6.27201 6.27996 6.28673 6.29228 6.29658 6.29961 6.30136 6.30182 6.30098 6.29885 6.29545 6.29078 6.28487 6.27774 6.26944 6.26001 6.24948 6.23791 6.22536 6.2119 6.19758 6.18247 6.16666 6.15022 6.13324 6.11578 6.09794 6.07981 6.06147 6.043 6.02448 6.00601 5.98767 5.96952 5.95165 5.93413 5.91702 5.90039 5.8843 5.8688 5.85394 5.83977 5.82632 5.81364 5.80175 5.79067 5.78044 5.77107 5.76258 5.75498 5.74828 5.74248 5.73761 5.73366 5.73063 5.72853 5.72736 
5.72101 5.72171 5.72337 5.72597 5.72951 5.734 5.73942 5.74578 5.75306 5.76126 5.77037 5.78037 5.79124 5.80296 5.8155 5.82884 5.84294 5.85776 5.87326 5.88938 5.90608 5.92329 5.94095 5.959 5.97737 5.99597 6.01473 6.03357 6.05241 6.07117 6.08975 6.10808 6.12606 6.14361 6.16066 6.17711 6.19289 6.20793 6.22214 6.23547 6.24785 6.25922 6.26952 6.27871 6.28673 6.29356 6.29915 6.30349 6.30655 6.30831 6.30878 6.30793 6.30579 6.30235 6.29764 6.29168 6.28449 6.27612 6.26659 6.25597 6.2443 6.23164 6.21805 6.20359 6.18835 6.17239 6.15579 6.13864 6.12102 6.10301 6.0847 6.06617 6.04751 6.02881 6.01015 5.99162 5.97328 5.95522 5.93751 5.92022 5.90342 5.88715 5.87148 5.85646 5.84213 5.82853 5.8157 5.80367 5.79247 5.78212 5.77264 5.76405 5.75636 5.74958 5.74372 5.73879 5.73479 5.73172 5.7296 5.72842 
5.72188 5.72259 5.72426 5.72689 5.73046 5.73499 5.74047 5.74689 5.75424 5.76252 5.77171 5.7818 5.79277 5.8046 5.81726 5.83072 5.84494 5.85989 5.87553 5.89179 5.90863 5.92599 5.94381 5.96201 5.98053 5.99928 6.0182 6.03719 6.05619 6.07509 6.09382 6.11229 6.13041 6.1481 6.16527 6.18185 6.19775 6.2129 6.22722 6.24065 6.25312 6.26457 6.27494 6.2842 6.29228 6.29915 6.30479 6.30916 6.31224 6.31402 6.31448 6.31363 6.31147 6.30801 6.30327 6.29726 6.29002 6.28159 6.272 6.26129 6.24954 6.23678 6.22309 6.20853 6.19317 6.17709 6.16036 6.14308 6.12532 6.10716 6.0887 6.07003 6.05122 6.03237 6.01355 5.99486 5.97637 5.95816 5.9403 5.92286 5.9059 5.88949 5.87369 5.85853 5.84407 5.83035 5.8174 5.80526 5.79396 5.78351 5.77394 5.76527 5.75751 5.75066 5.74474 5.73976 5.73572 5.73263 5.73049 5.72929 
5.72257 5.72329 5.72497 5.72761 5.73122 5.73578 5.74129 5.74776 5.75516 5.7635 5.77276 5.78292 5.79397 5.80588 5.81863 5.83218 5.8465 5.86156 5.87729 5.89367 5.91062 5.9281 5.94603 5.96435 5.98298 6.00186 6.02089 6.04001 6.05912 6.07813 6.09698 6.11556 6.13379 6.15158 6.16885 6.18553 6.20152 6.21675 6.23116 6.24466 6.2572 6.26871 6.27915 6.28845 6.29658 6.30349 6.30916 6.31355 6.31665 6.31844 6.3189 6.31805 6.31588 6.3124 6.30763 6.30159 6.29431 6.28583 6.27618 6.26542 6.2536 6.24077 6.227 6.21235 6.1969 6.18073 6.1639 6.14651 6.12865 6.11038 6.09181 6.07302 6.0541 6.03512 6.01619 5.99738 5.97877 5.96044 5.94246 5.92491 5.90784 5.89132 5.8754 5.86014 5.84558 5.83177 5.81873 5.80651 5.79512 5.7846 5.77496 5.76623 5.75841 5.75151 5.74555 5.74053 5.73647 5.73335 5.73119 5.72999 
5.72307 5.72379 5.72548 5.72814 5.73176 5.73635 5.74189 5.74839 5.75583 5.76421 5.77351 5.78373 5.79483 5.8068 5.81961 5.83322 5.84762 5.86274 5.87855 5.895 5.91203 5.92959 5.9476 5.966 5.98472 6.00368 6.02279 6.04199 6.06118 6.08028 6.0992 6.11786 6.13617 6.15403 6.17138 6.18812 6.20418 6.21947 6.23393 6.24749 6.26008 6.27164 6.28211 6.29145 6.29961 6.30655 6.31224 6.31665 6.31976 6.32155 6.32202 6.32116 6.31898 6.31549 6.3107 6.30464 6.29733 6.28881 6.27913 6.26833 6.25646 6.24358 6.22975 6.21504 6.19953 6.18329 6.1664 6.14894 6.13099 6.11265 6.094 6.07513 6.05613 6.03707 6.01806 5.99916 5.98047 5.96206 5.944 5.92636 5.90921 5.89262 5.87663 5.86129 5.84666 5.83278 5.81968 5.8074 5.79596 5.78538 5.7757 5.76692 5.75906 5.75213 5.74614 5.74109 5.737 5.73387 5.7317 5.73049 
5.72338 5.72411 5.7258 5.72847 5.7321 5.7367 5.74226 5.74877 5.75624 5.76464 5.77397 5.78421 5.79534 5.80734 5.82019 5.83384 5.84827 5.86344 5.87929 5.89578 5.91286 5.93046 5.94852 5.96696 5.98573 6.00473 6.0239 6.04314 6.06238 6.08153 6.10049 6.11919 6.13754 6.15545 6.17284 6.18962 6.20571 6.22104 6.23553 6.24912 6.26174 6.27332 6.28382 6.29318 6.30136 6.30831 6.31402 6.31844 6.32155 6.32335 6.32382 6.32296 6.32077 6.31727 6.31247 6.30639 6.29907 6.29054 6.28083 6.27 6.2581 6.24519 6.23134 6.2166 6.20105 6.18477 6.16784 6.15034 6.13235 6.11396 6.09527 6.07635 6.0573 6.0382 6.01913 6.00019 5.98145 5.96299 5.94489 5.92721 5.91002 5.89337 5.87734 5.86197 5.8473 5.83338 5.82024 5.80793 5.79645 5.78585 5.77614 5.76733 5.75945 5.7525 5.74649 5.74144 5.73733 5.73419 5.73201 5.7308 
