2.97257 2.9728 2.97304 2.97328 2.97352 2.97377 2.97402 2.97427 2.97453 2.97479 2.97506 2.97533 2.97562 2.97592 2.97623 2.97656 2.97692 2.9773 2.9777 2.97814 2.97861 2.97912 2.97967 2.98025 2.98088 2.98155 2.98226 2.98302 2.98381 2.98464 2.9855 2.98639 2.9873 2.98823 2.98918 2.99012 2.99106 2.99199 2.9929 2.99378 2.99463 2.99542 2.99616 2.99684 2.99745 2.99798 2.99843 2.99879 2.99906 2.99923 2.99931 2.99929 2.99917 2.99895 2.99865 2.99825 2.99777 2.99721 2.99658 2.99589 2.99513 2.99433 2.99349 2.99261 2.99171 2.9908 2.98988 2.98896 2.98805 2.98716 2.98629 2.98544 2.98464 2.98387 2.98314 2.98246 2.98182 2.98124 2.98071 2.98022 2.9798 2.97942 2.97909 2.97881 2.97858 2.9784 2.97826 2.97817 2.97811 2.9781 2.97811 2.97816 2.97824 2.97835 2.97848 2.97863 2.9788 2.97899 2.97919 2.9794 
2.9728 2.97303 2.97327 2.97351 2.97375 2.974 2.97425 2.9745 2.97476 2.97502 2.97529 2.97556 2.97585 2.97615 2.97646 2.9768 2.97715 2.97753 2.97794 2.97838 2.97886 2.97937 2.97993 2.98052 2.98116 2.98184 2.98256 2.98332 2.98413 2.98497 2.98584 2.98675 2.98768 2.98863 2.98958 2.99055 2.99151 2.99245 2.99338 2.99428 2.99513 2.99594 2.9967 2.99739 2.99801 2.99855 2.999 2.99937 2.99964 2.99982 2.9999 2.99988 2.99975 2.99954 2.99922 2.99882 2.99833 2.99776 2.99712 2.99641 2.99565 2.99483 2.99397 2.99308 2.99216 2.99123 2.99029 2.98936 2.98843 2.98753 2.98664 2.98578 2.98496 2.98418 2.98344 2.98275 2.98211 2.98151 2.98097 2.98048 2.98005 2.97967 2.97934 2.97906 2.97882 2.97864 2.9785 2.9784 2.97834 2.97833 2.97834 2.97839 2.97847 2.97858 2.97871 2.97886 2.97903 2.97921 2.97942 2.97963 
2.97304 2.97327 2.9735 2.97374 2.97399 2.97424 2.97449 2.97474 2.975 2.97527 2.97554 2.97582 2.97612 2.97643 2.97675 2.9771 2.97747 2.97786 2.97829 2.97875 2.97925 2.97979 2.98037 2.981 2.98167 2.98239 2.98315 2.98395 2.9848 2.98569 2.98661 2.98757 2.98855 2.98954 2.99055 2.99157 2.99258 2.99358 2.99455 2.9955 2.9964 2.99725 2.99805 2.99877 2.99942 2.99999 3.00047 3.00086 3.00114 3.00133 3.00141 3.00138 3.00125 3.00102 3.00069 3.00027 2.99975 2.99915 2.99847 2.99773 2.99692 2.99605 2.99515 2.99421 2.99324 2.99226 2.99127 2.99029 2.98931 2.98835 2.98742 2.98652 2.98565 2.98482 2.98404 2.98331 2.98263 2.98201 2.98144 2.98092 2.98046 2.98005 2.9797 2.9794 2.97915 2.97895 2.9788 2.97869 2.97862 2.9786 2.97861 2.97865 2.97872 2.97882 2.97895 2.9791 2.97927 2.97945 2.97965 2.97986 
2.97328 2.97351 2.97374 2.97399 2.97423 2.97448 2.97474 2.975 2.97527 2.97554 2.97583 2.97612 2.97643 2.97676 2.9771 2.97747 2.97787 2.97829 2.97876 2.97926 2.9798 2.98038 2.98101 2.98169 2.98242 2.9832 2.98403 2.98491 2.98584 2.9868 2.98781 2.98885 2.98992 2.991 2.9921 2.99321 2.9943 2.99539 2.99645 2.99747 2.99845 2.99937 3.00023 3.00102 3.00172 3.00234 3.00285 3.00327 3.00358 3.00377 3.00386 3.00383 3.00369 3.00344 3.00308 3.00261 3.00205 3.0014 3.00066 2.99985 2.99897 2.99803 2.99705 2.99602 2.99497 2.99391 2.99283 2.99176 2.9907 2.98965 2.98863 2.98765 2.9867 2.9858 2.98495 2.98415 2.98341 2.98273 2.9821 2.98153 2.98102 2.98057 2.98018 2.97985 2.97957 2.97934 2.97917 2.97904 2.97895 2.97891 2.9789 2.97893 2.979 2.97909 2.97921 2.97935 2.97952 2.9797 2.97989 2.9801 
2.97352 2.97375 2.97399 2.97423 2.97448 2.97474 2.975 2.97527 2.97555 2.97584 2.97614 2.97645 2.97678 2.97714 2.97751 2.97792 2.97835 2.97882 2.97934 2.97989 2.98049 2.98115 2.98185 2.98262 2.98343 2.98431 2.98524 2.98622 2.98725 2.98833 2.98946 2.99062 2.99181 2.99302 2.99425 2.99548 2.9967 2.99791 2.99908 3.00022 3.00131 3.00233 3.00328 3.00415 3.00493 3.00561 3.00618 3.00664 3.00698 3.00719 3.00728 3.00725 3.00709 3.00681 3.0064 3.00589 3.00526 3.00453 3.00371 3.0028 3.00183 3.00078 2.99969 2.99855 2.99738 2.99619 2.99499 2.99379 2.99261 2.99144 2.9903 2.9892 2.98814 2.98714 2.98618 2.98529 2.98445 2.98368 2.98297 2.98233 2.98175 2.98124 2.98079 2.98041 2.98008 2.97981 2.9796 2.97944 2.97933 2.97926 2.97923 2.97925 2.97929 2.97937 2.97948 2.97962 2.97977 2.97995 2.98014 2.98035 
2.97377 2.974 2.97424 2.97448 2.97474 2.97501 2.97528 2.97556 2.97585 2.97616 2.97648 2.97682 2.97718 2.97757 2.97799 2.97844 2.97893 2.97946 2.98004 2.98067 2.98136 2.9821 2.98291 2.98378 2.98471 2.98571 2.98677 2.98789 2.98907 2.9903 2.99158 2.9929 2.99426 2.99564 2.99703 2.99842 2.99981 3.00117 3.0025 3.00379 3.00501 3.00617 3.00724 3.00822 3.0091 3.00986 3.0105 3.01101 3.01139 3.01163 3.01173 3.01168 3.0115 3.01118 3.01072 3.01013 3.00942 3.00859 3.00766 3.00664 3.00553 3.00435 3.0031 3.00181 3.00049 2.99914 2.99778 2.99642 2.99507 2.99374 2.99245 2.9912 2.98999 2.98884 2.98775 2.98672 2.98577 2.98488 2.98406 2.98332 2.98266 2.98206 2.98154 2.98108 2.9807 2.98037 2.98011 2.9799 2.97975 2.97965 2.9796 2.97959 2.97961 2.97968 2.97977 2.97989 2.98004 2.98021 2.9804 2.9806 
2.97402 2.97425 2.97449 2.97474 2.975 2.97528 2.97556 2.97586 2.97618 2.97651 2.97686 2.97723 2.97763 2.97807 2.97854 2.97905 2.97961 2.98022 2.98088 2.98161 2.9824 2.98326 2.98419 2.9852 2.98628 2.98743 2.98866 2.98995 2.99132 2.99274 2.99422 2.99574 2.99729 2.99888 3.00048 3.00207 3.00366 3.00522 3.00675 3.00822 3.00962 3.01094 3.01216 3.01327 3.01427 3.01513 3.01586 3.01644 3.01687 3.01713 3.01724 3.01719 3.01697 3.0166 3.01607 3.0154 3.01458 3.01364 3.01257 3.0114 3.01012 3.00877 3.00735 3.00587 3.00434 3.0028 3.00123 2.99967 2.99812 2.9966 2.9951 2.99366 2.99227 2.99094 2.98968 2.98849 2.98737 2.98634 2.98539 2.98453 2.98375 2.98304 2.98242 2.98188 2.98142 2.98102 2.9807 2.98044 2.98024 2.98009 2.98 2.97996 2.97996 2.98 2.98007 2.98018 2.98031 2.98047 2.98065 2.98085 
2.97427 2.9745 2.97474 2.975 2.97527 2.97556 2.97586 2.97618 2.97652 2.97688 2.97727 2.97768 2.97814 2.97863 2.97916 2.97975 2.98039 2.9811 2.98187 2.98272 2.98364 2.98464 2.98573 2.9869 2.98816 2.98951 2.99093 2.99244 2.99403 2.99568 2.99739 2.99916 3.00096 3.00279 3.00464 3.00649 3.00832 3.01012 3.01187 3.01356 3.01517 3.01668 3.01809 3.01936 3.0205 3.02149 3.02232 3.02298 3.02346 3.02376 3.02388 3.02381 3.02356 3.02313 3.02252 3.02174 3.0208 3.01971 3.01848 3.01713 3.01566 3.0141 3.01246 3.01075 3.00899 3.00721 3.0054 3.00359 3.0018 3.00003 2.9983 2.99662 2.99501 2.99346 2.99199 2.9906 2.9893 2.98809 2.98698 2.98596 2.98503 2.9842 2.98347 2.98282 2.98225 2.98177 2.98137 2.98104 2.98078 2.98058 2.98045 2.98036 2.98033 2.98034 2.98039 2.98048 2.9806 2.98074 2.98091 2.98111 
2.97453 2.97476 2.975 2.97527 2.97555 2.97585 2.97618 2.97652 2.97689 2.97729 2.97772 2.97819 2.9787 2.97926 2.97988 2.98056 2.9813 2.98212 2.98302 2.98401 2.98509 2.98627 2.98754 2.98891 2.99038 2.99196 2.99363 2.99539 2.99724 2.99916 3.00116 3.00321 3.00531 3.00743 3.00957 3.01171 3.01383 3.01591 3.01793 3.01988 3.02173 3.02347 3.02509 3.02655 3.02786 3.02899 3.02994 3.03069 3.03124 3.03158 3.03171 3.03163 3.03134 3.03083 3.03013 3.02922 3.02814 3.02688 3.02546 3.0239 3.0222 3.0204 3.0185 3.01652 3.01449 3.01242 3.01033 3.00823 3.00615 3.00409 3.00208 3.00013 2.99824 2.99644 2.99472 2.99309 2.99157 2.99015 2.98884 2.98764 2.98654 2.98556 2.98467 2.9839 2.98322 2.98263 2.98213 2.98172 2.98139 2.98113 2.98094 2.98081 2.98073 2.98071 2.98073 2.98079 2.98089 2.98102 2.98118 2.98137 
2.97479 2.97502 2.97527 2.97554 2.97584 2.97616 2.97651 2.97688 2.97729 2.97773 2.97821 2.97875 2.97933 2.97997 2.98069 2.98147 2.98234 2.9833 2.98436 2.98551 2.98678 2.98815 2.98965 2.99126 2.99298 2.99482 2.99677 2.99883 3.00099 3.00323 3.00555 3.00794 3.01038 3.01284 3.01532 3.0178 3.02025 3.02265 3.02499 3.02723 3.02937 3.03137 3.03322 3.03491 3.03641 3.0377 3.03879 3.03965 3.04028 3.04066 3.0408 3.0407 3.04036 3.03977 3.03895 3.03791 3.03666 3.0352 3.03356 3.03176 3.0298 3.02772 3.02552 3.02324 3.02088 3.01848 3.01606 3.01363 3.01121 3.00882 3.00649 3.00421 3.00201 2.9999 2.9979 2.996 2.99421 2.99254 2.991 2.98958 2.98829 2.98712 2.98607 2.98514 2.98432 2.98361 2.983 2.98249 2.98207 2.98173 2.98148 2.98129 2.98116 2.9811 2.98109 2.98112 2.9812 2.98131 2.98146 2.98163 
2.97506 2.97529 2.97554 2.97583 2.97614 2.97648 2.97686 2.97727 2.97772 2.97821 2.97876 2.97937 2.98004 2.98078 2.98161 2.98252 2.98353 2.98465 2.98589 2.98724 2.98872 2.99033 2.99208 2.99396 2.99598 2.99813 3.00041 3.00281 3.00532 3.00793 3.01063 3.0134 3.01622 3.01908 3.02195 3.02481 3.02764 3.03041 3.0331 3.03568 3.03813 3.04043 3.04256 3.04449 3.04621 3.04769 3.04893 3.04991 3.05062 3.05106 3.05122 3.05109 3.05069 3.05001 3.04907 3.04787 3.04642 3.04475 3.04286 3.04078 3.03852 3.03612 3.03359 3.03095 3.02823 3.02546 3.02265 3.01984 3.01704 3.01427 3.01156 3.00891 3.00636 3.0039 3.00156 2.99934 2.99725 2.9953 2.99349 2.99182 2.99029 2.98891 2.98766 2.98655 2.98557 2.98472 2.98398 2.98335 2.98283 2.98241 2.98207 2.98182 2.98164 2.98152 2.98147 2.98147 2.98152 2.98161 2.98174 2.98191 
2.97533 2.97556 2.97582 2.97612 2.97645 2.97682 2.97723 2.97768 2.97819 2.97875 2.97937 2.98006 2.98083 2.98169 2.98264 2.98371 2.98489 2.9862 2.98764 2.98922 2.99095 2.99283 2.99487 2.99707 2.99942 3.00192 3.00457 3.00736 3.01028 3.01331 3.01643 3.01964 3.0229 3.0262 3.02951 3.0328 3.03605 3.03924 3.04232 3.04528 3.0481 3.05073 3.05316 3.05536 3.05732 3.05902 3.06043 3.06154 3.06235 3.06284 3.06301 3.06287 3.0624 3.06162 3.06053 3.05915 3.05749 3.05557 3.0534 3.05101 3.04842 3.04566 3.04275 3.03972 3.03659 3.0334 3.03016 3.02692 3.02368 3.02048 3.01734 3.01428 3.01132 3.00847 3.00574 3.00316 3.00072 2.99844 2.99632 2.99437 2.99258 2.99095 2.98947 2.98816 2.98699 2.98597 2.98508 2.98432 2.98368 2.98316 2.98273 2.9824 2.98215 2.98198 2.98188 2.98184 2.98186 2.98192 2.98204 2.98219 
2.97562 2.97585 2.97612 2.97643 2.97678 2.97718 2.97763 2.97814 2.9787 2.97933 2.98004 2.98083 2.98171 2.98271 2.98382 2.98505 2.98642 2.98795 2.98962 2.99147 2.99348 2.99568 2.99805 3.0006 3.00333 3.00624 3.00931 3.01254 3.01591 3.01941 3.02301 3.02671 3.03046 3.03425 3.03805 3.04182 3.04555 3.04919 3.05272 3.0561 3.05931 3.06231 3.06508 3.06759 3.06981 3.07173 3.07333 3.07459 3.07551 3.07606 3.07625 3.07607 3.07554 3.07464 3.0734 3.07182 3.06992 3.06773 3.06525 3.06252 3.05956 3.0564 3.05307 3.04959 3.04601 3.04235 3.03864 3.03491 3.03119 3.0275 3.02389 3.02035 3.01693 3.01363 3.01048 3.00749 3.00466 3.00201 2.99954 2.99726 2.99516 2.99325 2.99153 2.98998 2.9886 2.98738 2.98632 2.98541 2.98463 2.98399 2.98346 2.98303 2.98271 2.98247 2.98231 2.98223 2.98221 2.98225 2.98234 2.98248 
2.97592 2.97615 2.97643 2.97676 2.97714 2.97757 2.97807 2.97863 2.97926 2.97997 2.98078 2.98169 2.98271 2.98385 2.98513 2.98657 2.98816 2.98992 2.99187 2.99401 2.99635 2.99889 3.00164 3.00459 3.00775 3.01111 3.01465 3.01837 3.02225 3.02627 3.03041 3.03464 3.03894 3.04328 3.04762 3.05193 3.05618 3.06032 3.06433 3.06818 3.07182 3.07522 3.07836 3.0812 3.08372 3.08589 3.0877 3.08912 3.09014 3.09076 3.09097 3.09076 3.09015 3.08913 3.08771 3.08592 3.08376 3.08126 3.07845 3.07534 3.07197 3.06838 3.06458 3.06062 3.05654 3.05236 3.04812 3.04385 3.0396 3.03538 3.03123 3.02717 3.02324 3.01944 3.01581 3.01236 3.00909 3.00603 3.00317 3.00052 2.99808 2.99585 2.99383 2.99202 2.9904 2.98897 2.98771 2.98662 2.98569 2.98491 2.98426 2.98373 2.98332 2.98301 2.98279 2.98265 2.98259 2.9826 2.98267 2.98279 
2.97623 2.97646 2.97675 2.9771 2.97751 2.97799 2.97854 2.97916 2.97988 2.98069 2.98161 2.98264 2.98382 2.98513 2.98661 2.98827 2.99011 2.99215 2.9944 2.99687 2.99957 3.00251 3.00568 3.00908 3.01271 3.01657 3.02064 3.0249 3.02934 3.03394 3.03867 3.0435 3.0484 3.05333 3.05826 3.06316 3.06797 3.07267 3.07721 3.08156 3.08567 3.08951 3.09305 3.09625 3.09908 3.10152 3.10355 3.10514 3.10629 3.10698 3.10721 3.10697 3.10627 3.10511 3.10351 3.10148 3.09904 3.09622 3.09304 3.08952 3.08571 3.08164 3.07734 3.07285 3.06821 3.06347 3.05865 3.0538 3.04895 3.04414 3.03941 3.03477 3.03028 3.02593 3.02177 3.0178 3.01405 3.01052 3.00722 3.00416 3.00134 2.99876 2.99642 2.99431 2.99241 2.99074 2.98926 2.98798 2.98687 2.98593 2.98515 2.9845 2.98399 2.98359 2.9833 2.98311 2.983 2.98297 2.98301 2.98312 
2.97656 2.9768 2.9771 2.97747 2.97792 2.97844 2.97905 2.97975 2.98056 2.98147 2.98252 2.98371 2.98505 2.98657 2.98827 2.99017 2.99229 2.99464 2.99723 3.00008 3.00318 3.00655 3.01018 3.01408 3.01824 3.02265 3.0273 3.03216 3.03722 3.04245 3.04782 3.0533 3.05886 3.06444 3.07002 3.07554 3.08097 3.08627 3.09138 3.09627 3.10088 3.1052 3.10916 3.11275 3.11592 3.11865 3.12092 3.1227 3.12397 3.12474 3.12499 3.12471 3.12392 3.12262 3.12081 3.11853 3.11579 3.11262 3.10904 3.10508 3.1008 3.09621 3.09136 3.0863 3.08107 3.07571 3.07026 3.06477 3.05928 3.05383 3.04846 3.04319 3.03807 3.03313 3.02838 3.02385 3.01956 3.01552 3.01174 3.00822 3.00498 3.00201 2.9993 2.99685 2.99466 2.9927 2.99098 2.98948 2.98818 2.98706 2.98613 2.98535 2.98472 2.98423 2.98386 2.98359 2.98343 2.98336 2.98337 2.98346 
2.97692 2.97715 2.97747 2.97787 2.97835 2.97893 2.97961 2.98039 2.9813 2.98234 2.98353 2.98489 2.98642 2.98816 2.99011 2.99229 2.99472 2.99741 3.00038 3.00364 3.00719 3.01104 3.01519 3.01963 3.02437 3.02939 3.03466 3.04018 3.04591 3.05183 3.0579 3.06409 3.07034 3.07663 3.0829 3.08911 3.0952 3.10113 3.10686 3.11232 3.11748 3.12229 3.12671 3.13071 3.13424 3.13728 3.1398 3.14177 3.14319 3.14403 3.1443 3.14399 3.1431 3.14164 3.13962 3.13707 3.13401 3.13046 3.12646 3.12204 3.11724 3.1121 3.10668 3.101 3.09513 3.08911 3.08298 3.0768 3.07062 3.06447 3.0584 3.05245 3.04666 3.04106 3.03567 3.03053 3.02564 3.02104 3.01673 3.01272 3.00901 3.0056 3.00249 2.99967 2.99714 2.99489 2.99289 2.99114 2.98962 2.98831 2.98721 2.98628 2.98553 2.98493 2.98446 2.98412 2.9839 2.98378 2.98376 2.98383 
2.9773 2.97753 2.97786 2.97829 2.97882 2.97946 2.98022 2.9811 2.98212 2.9833 2.98465 2.9862 2.98795 2.98992 2.99215 2.99464 2.99741 3.00048 3.00387 3.00758 3.01162 3.016 3.02071 3.02575 3.03112 3.03679 3.04275 3.04898 3.05544 3.0621 3.06892 3.07586 3.08288 3.08992 3.09693 3.10386 3.11066 3.11727 3.12364 3.12972 3.13545 3.14079 3.1457 3.15012 3.15403 3.15739 3.16018 3.16236 3.16392 3.16485 3.16514 3.16478 3.16379 3.16217 3.15993 3.15709 3.15369 3.14975 3.1453 3.14038 3.13504 3.12933 3.12328 3.11695 3.1104 3.10367 3.09682 3.0899 3.08297 3.07608 3.06926 3.06257 3.05605 3.04974 3.04366 3.03785 3.03232 3.02711 3.02222 3.01766 3.01344 3.00956 3.00601 3.00279 2.99989 2.99729 2.99499 2.99297 2.99121 2.98969 2.98839 2.98731 2.98641 2.98569 2.98512 2.9847 2.98441 2.98424 2.98418 2.98422 
2.9777 2.97794 2.97829 2.97876 2.97934 2.98004 2.98088 2.98187 2.98302 2.98436 2.98589 2.98764 2.98962 2.99187 2.9944 2.99723 3.00038 3.00387 3.00771 3.01191 3.01649 3.02144 3.02676 3.03245 3.0385 3.04488 3.05158 3.05857 3.06581 3.07327 3.08089 3.08864 3.09646 3.1043 3.1121 3.1198 3.12734 3.13467 3.14172 3.14844 3.15477 3.16067 3.16608 3.17096 3.17526 3.17896 3.18202 3.18442 3.18613 3.18714 3.18745 3.18706 3.18595 3.18416 3.18169 3.17856 3.1748 3.17044 3.16553 3.16009 3.15418 3.14785 3.14115 3.13414 3.12686 3.11939 3.11177 3.10407 3.09635 3.08865 3.08104 3.07356 3.06626 3.05918 3.05236 3.04583 3.03962 3.03374 3.02822 3.02307 3.01829 3.01389 3.00986 3.0062 3.00289 2.99993 2.9973 2.99498 2.99295 2.99119 2.98969 2.98842 2.98737 2.98651 2.98584 2.98532 2.98496 2.98473 2.98462 2.98464 
2.97814 2.97838 2.97875 2.97926 2.97989 2.98067 2.98161 2.98272 2.98401 2.98551 2.98724 2.98922 2.99147 2.99401 2.99687 3.00008 3.00364 3.00758 3.01191 3.01665 3.02181 3.02738 3.03336 3.03975 3.04652 3.05367 3.06116 3.06896 3.07703 3.08533 3.09381 3.10241 3.11109 3.11977 3.12839 3.1369 3.14522 3.1533 3.16106 3.16845 3.17541 3.18188 3.18782 3.19316 3.19788 3.20192 3.20527 3.20789 3.20975 3.21086 3.21119 3.21075 3.20954 3.20757 3.20485 3.20142 3.19729 3.1925 3.1871 3.18113 3.17463 3.16766 3.16027 3.15253 3.1445 3.13625 3.12782 3.1193 3.11074 3.1022 3.09374 3.08542 3.07729 3.0694 3.06178 3.05448 3.04753 3.04094 3.03475 3.02896 3.02358 3.01862 3.01407 3.00992 3.00618 3.00282 2.99982 2.99717 2.99485 2.99284 2.99111 2.98964 2.98842 2.98741 2.98661 2.986 2.98555 2.98525 2.98511 2.98509 
2.97861 2.97886 2.97925 2.9798 2.98049 2.98136 2.9824 2.98364 2.98509 2.98678 2.98872 2.99095 2.99348 2.99635 2.99957 3.00318 3.00719 3.01162 3.01649 3.02181 3.02758 3.03382 3.04051 3.04764 3.05519 3.06315 3.07148 3.08014 3.08909 3.09828 3.10766 3.11716 3.12673 3.13629 3.14578 3.15512 3.16426 3.17311 3.18161 3.1897 3.1973 3.20437 3.21084 3.21667 3.2218 3.22621 3.22984 3.23269 3.23472 3.23591 3.23627 3.23578 3.23445 3.2323 3.22934 3.22559 3.22108 3.21586 3.20995 3.20342 3.19631 3.18868 3.18059 3.1721 3.16329 3.15421 3.14494 3.13556 3.12612 3.11669 3.10735 3.09814 3.08913 3.08038 3.07192 3.0638 3.05605 3.04871 3.04179 3.03532 3.0293 3.02373 3.01863 3.01397 3.00975 3.00595 3.00256 2.99956 2.99692 2.99463 2.99265 2.99097 2.98956 2.98839 2.98746 2.98673 2.98619 2.98582 2.98563 2.98558 
2.97912 2.97937 2.97979 2.98038 2.98115 2.9821 2.98326 2.98464 2.98627 2.98815 2.99033 2.99283 2.99568 2.99889 3.00251 3.00655 3.01104 3.016 3.02144 3.02738 3.03382 3.04076 3.0482 3.05612 3.0645 3.07332 3.08253 3.0921 3.10197 3.1121 3.12241 3.13285 3.14335 3.15382 3.16421 3.17442 3.18439 3.19405 3.20331 3.2121 3.22037 3.22805 3.23507 3.24138 3.24695 3.25171 3.25565 3.25872 3.26091 3.2622 3.26258 3.26204 3.2606 3.25826 3.25505 3.25098 3.24609 3.24042 3.234 3.2269 3.21916 3.21085 3.20204 3.19278 3.18315 3.17323 3.16309 3.15281 3.14245 3.1321 3.12183 3.11169 3.10177 3.0921 3.08276 3.07377 3.06519 3.05705 3.04937 3.04216 3.03546 3.02925 3.02354 3.01833 3.0136 3.00934 3.00552 3.00214 2.99916 2.99656 2.99432 2.9924 2.99079 2.98945 2.98837 2.98752 2.98688 2.98644 2.98619 2.98611 
2.97967 2.97993 2.98037 2.98101 2.98185 2.98291 2.98419 2.98573 2.98754 2.98965 2.99208 2.99487 2.99805 3.00164 3.00568 3.01018 3.01519 3.02071 3.02676 3.03336 3.04051 3.0482 3.05643 3.06519 3.07444 3.08415 3.09429 3.10481 3.11565 3.12674 3.13803 3.14944 3.16089 3.17231 3.18362 3.19472 3.20555 3.21602 3.22605 3.23558 3.24451 3.2528 3.26038 3.26719 3.27319 3.27832 3.28255 3.28586 3.28821 3.28959 3.28999 3.28941 3.28786 3.28534 3.28187 3.27748 3.2722 3.26607 3.25914 3.25146 3.24309 3.23409 3.22453 3.21449 3.20403 3.19324 3.1822 3.17099 3.1597 3.14839 3.13715 3.12605 3.11517 3.10456 3.09428 3.08439 3.07493 3.06594 3.05745 3.04948 3.04205 3.03516 3.02881 3.02301 3.01773 3.01298 3.00871 3.00492 3.00158 2.99865 2.99612 2.99395 2.99211 2.99059 2.98935 2.98836 2.98762 2.9871 2.98679 2.98667 
2.98025 2.98052 2.981 2.98169 2.98262 2.98378 2.9852 2.9869 2.98891 2.99126 2.99396 2.99707 3.0006 3.00459 3.00908 3.01408 3.01963 3.02575 3.03245 3.03975 3.04764 3.05612 3.06519 3.07481 3.08497 3.09563 3.10673 3.11823 3.13007 3.14217 3.15446 3.16686 3.1793 3.19169 3.20393 3.21594 3.22764 3.23894 3.24975 3.26 3.26962 3.27853 3.28666 3.29397 3.30039 3.30589 3.31042 3.31396 3.31647 3.31795 3.31838 3.31775 3.31608 3.31337 3.30965 3.30494 3.29927 3.29269 3.28525 3.27699 3.26798 3.25828 3.24797 3.23713 3.22583 3.21416 3.2022 3.19005 3.17778 3.16549 3.15326 3.14117 3.12929 3.11769 3.10645 3.09562 3.08524 3.07537 3.06603 3.05725 3.04905 3.04145 3.03443 3.028 3.02215 3.01687 3.01212 3.0079 3.00416 3.00089 2.99805 2.99561 2.99354 2.99181 2.9904 2.98928 2.98842 2.98781 2.98743 2.98728 
2.98088 2.98116 2.98167 2.98242 2.98343 2.98471 2.98628 2.98816 2.99038 2.99298 2.99598 2.99942 3.00333 3.00775 3.01271 3.01824 3.02437 3.03112 3.0385 3.04652 3.05519 3.0645 3.07444 3.08497 3.09608 3.1077 3.1198 3.13232 3.14517 3.1583 3.17162 3.18505 3.19849 3.21185 3.22504 3.23797 3.25055 3.26268 3.27427 3.28526 3.29555 3.30507 3.31376 3.32156 3.32841 3.33427 3.3391 3.34287 3.34554 3.34711 3.34756 3.34689 3.34511 3.34222 3.33825 3.33322 3.32717 3.32014 3.31218 3.30334 3.29369 3.2833 3.27224 3.2606 3.24845 3.23589 3.223 3.20989 3.19664 3.18334 3.17009 3.15698 3.14408 3.13147 3.11923 3.10742 3.0961 3.0853 3.07508 3.06546 3.05646 3.0481 3.04038 3.0333 3.02684 3.021 3.01575 3.01106 3.00691 3.00327 3.0001 2.99738 2.99506 2.99312 2.99152 2.99025 2.98927 2.98857 2.98813 2.98793 
2.98155 2.98184 2.98239 2.9832 2.98431 2.98571 2.98743 2.98951 2.99196 2.99482 2.99813 3.00192 3.00624 3.01111 3.01657 3.02265 3.02939 3.03679 3.04488 3.05367 3.06315 3.07332 3.08415 3.09563 3.1077 3.12033 3.13345 3.147 3.16091 3.17509 3.18945 3.2039 3.21836 3.23271 3.24685 3.2607 3.27415 3.28711 3.29949 3.3112 3.32215 3.33229 3.34152 3.34981 3.35708 3.36329 3.36841 3.3724 3.37523 3.37689 3.37737 3.37666 3.37476 3.3717 3.36749 3.36215 3.35572 3.34825 3.33978 3.33038 3.3201 3.30902 3.29721 3.28477 3.27177 3.25831 3.2445 3.23041 3.21617 3.20185 3.18757 3.17342 3.15948 3.14584 3.13257 3.11976 3.10745 3.09571 3.08457 3.07408 3.06425 3.05511 3.04665 3.03889 3.0318 3.02537 3.01959 3.01442 3.00983 3.0058 3.00229 2.99926 2.99667 2.9945 2.99272 2.99128 2.99018 2.98938 2.98886 2.98862 
2.98226 2.98256 2.98315 2.98403 2.98524 2.98677 2.98866 2.99093 2.99363 2.99677 3.00041 3.00457 3.00931 3.01465 3.02064 3.0273 3.03466 3.04275 3.05158 3.06116 3.07148 3.08253 3.09429 3.10673 3.1198 3.13345 3.14762 3.16222 3.17719 3.19243 3.20784 3.22334 3.2388 3.25414 3.26924 3.284 3.29832 3.3121 3.32525 3.33767 3.34928 3.36001 3.36978 3.37853 3.38621 3.39278 3.39818 3.40238 3.40537 3.40711 3.40761 3.40686 3.40487 3.40163 3.39718 3.39155 3.38476 3.37686 3.3679 3.35794 3.34704 3.33528 3.32274 3.3095 3.29566 3.28132 3.26657 3.25152 3.23627 3.22094 3.20561 3.19041 3.17541 3.16072 3.14641 3.13257 3.11926 3.10655 3.09447 3.08308 3.07239 3.06244 3.05322 3.04474 3.03699 3.02996 3.02362 3.01795 3.01291 3.00847 3.00459 3.00124 2.99838 2.99597 2.99398 2.99238 2.99114 2.99023 2.98964 2.98936 
2.98302 2.98332 2.98395 2.98491 2.98622 2.98789 2.98995 2.99244 2.99539 2.99883 3.00281 3.00736 3.01254 3.01837 3.0249 3.03216 3.04018 3.04898 3.05857 3.06896 3.08014 3.0921 3.10481 3.11823 3.13232 3.147 3.16222 3.1779 3.19393 3.21023 3.2267 3.24323 3.25971 3.27603 3.29207 3.30773 3.32291 3.33749 3.35139 3.3645 3.37675 3.38806 3.39835 3.40756 3.41563 3.42253 3.4282 3.43261 3.43574 3.43758 3.4381 3.43732 3.43522 3.43183 3.42715 3.42123 3.41409 3.40578 3.39634 3.38584 3.37434 3.36192 3.34866 3.33465 3.31999 3.30476 3.28909 3.27308 3.25684 3.24049 3.22412 3.20785 3.19179 3.17604 3.16068 3.14579 3.13147 3.11776 3.10472 3.09241 3.08085 3.07006 3.06006 3.05085 3.04242 3.03475 3.02784 3.02164 3.01612 3.01126 3.00701 3.00332 3.00017 2.99751 2.99531 2.99354 2.99215 2.99114 2.99047 2.99013 
2.98381 2.98413 2.9848 2.98584 2.98725 2.98907 2.99132 2.99403 2.99724 3.00099 3.00532 3.01028 3.01591 3.02225 3.02934 3.03722 3.04591 3.05544 3.06581 3.07703 3.08909 3.10197 3.11565 3.13007 3.14517 3.16091 3.17719 3.19393 3.21104 3.2284 3.24592 3.26347 3.28095 3.29823 3.3152 3.33175 3.34776 3.36312 3.37775 3.39154 3.4044 3.41626 3.42704 3.43669 3.44514 3.45235 3.45828 3.46289 3.46617 3.46808 3.46863 3.46781 3.46562 3.46208 3.4572 3.451 3.44353 3.43483 3.42494 3.41392 3.40185 3.38879 3.37483 3.36007 3.34459 3.32851 3.31194 3.29498 3.27776 3.26039 3.24298 3.22566 3.20854 3.19172 3.17529 3.15936 3.144 3.12929 3.11528 3.10203 3.08957 3.07793 3.06713 3.05717 3.04804 3.03973 3.03222 3.02548 3.01947 3.01417 3.00953 3.0055 3.00205 2.99913 2.99671 2.99475 2.99321 2.99208 2.99133 2.99095 
2.98464 2.98497 2.98569 2.9868 2.98833 2.9903 2.99274 2.99568 2.99916 3.00323 3.00793 3.01331 3.01941 3.02627 3.03394 3.04245 3.05183 3.0621 3.07327 3.08533 3.09828 3.1121 3.12674 3.14217 3.1583 3.17509 3.19243 3.21023 3.2284 3.24682 3.26537 3.28394 3.30239 3.32062 3.33849 3.3559 3.37271 3.38883 3.40416 3.41859 3.43204 3.44443 3.45568 3.46574 3.47455 3.48206 3.48823 3.49303 3.49644 3.49843 3.49901 3.49816 3.49588 3.4922 3.48712 3.48067 3.47289 3.46382 3.4535 3.44199 3.42937 3.4157 3.40108 3.38558 3.36933 3.35242 3.33496 3.31707 3.29889 3.28052 3.26209 3.24373 3.22555 3.20766 3.19018 3.17319 3.1568 3.14108 3.12609 3.11189 3.09852 3.08602 3.0744 3.06367 3.05383 3.04486 3.03674 3.02945 3.02294 3.01719 3.01214 3.00775 3.00399 3.0008 2.99816 2.996 2.99432 2.99307 2.99224 2.9918 
2.9855 2.98584 2.98661 2.98781 2.98946 2.99158 2.99422 2.99739 3.00116 3.00555 3.01063 3.01643 3.02301 3.03041 3.03867 3.04782 3.0579 3.06892 3.08089 3.09381 3.10766 3.12241 3.13803 3.15446 3.17162 3.18945 3.20784 3.2267 3.24592 3.26537 3.28494 3.30449 3.3239 3.34305 3.36179 3.38002 3.39761 3.41446 3.43045 3.44549 3.45949 3.47238 3.48407 3.49452 3.50366 3.51145 3.51784 3.52282 3.52635 3.52842 3.52902 3.52815 3.5258 3.52199 3.51673 3.51005 3.50198 3.49256 3.48184 3.46987 3.45673 3.44249 3.42723 3.41104 3.39404 3.37632 3.35801 3.33923 3.3201 3.30076 3.28132 3.26193 3.24271 3.22377 3.20524 3.18721 3.16978 3.15305 3.13708 3.12193 3.10765 3.09427 3.08183 3.07033 3.05976 3.05012 3.04138 3.03352 3.0265 3.02029 3.01483 3.01008 3.006 3.00254 2.99965 2.99731 2.99547 2.9941 2.99318 2.99269 
2.98639 2.98675 2.98757 2.98885 2.99062 2.9929 2.99574 2.99916 3.00321 3.00794 3.0134 3.01964 3.02671 3.03464 3.0435 3.0533 3.06409 3.07586 3.08864 3.10241 3.11716 3.13285 3.14944 3.16686 3.18505 3.2039 3.22334 3.24323 3.26347 3.28394 3.30449 3.325 3.34534 3.36536 3.38495 3.40396 3.42229 3.43982 3.45644 3.47206 3.48658 3.49993 3.51204 3.52284 3.53229 3.54033 3.54694 3.55208 3.55573 3.55787 3.55849 3.55759 3.55518 3.55125 3.54583 3.53894 3.53061 3.52087 3.50978 3.49739 3.48376 3.46898 3.45312 3.43627 3.41856 3.40007 3.38094 3.3613 3.34126 3.32097 3.30056 3.28017 3.25992 3.23995 3.22038 3.20132 3.18287 3.16513 3.14818 3.13208 3.11689 3.10264 3.08937 3.07709 3.06579 3.05547 3.04611 3.03768 3.03014 3.02346 3.01758 3.01246 3.00806 3.00431 3.00119 2.99865 2.99665 2.99515 2.99414 2.9936 
2.9873 2.98768 2.98855 2.98992 2.99181 2.99426 2.99729 3.00096 3.00531 3.01038 3.01622 3.0229 3.03046 3.03894 3.0484 3.05886 3.07034 3.08288 3.09646 3.11109 3.12673 3.14335 3.16089 3.1793 3.19849 3.21836 3.2388 3.25971 3.28095 3.30239 3.3239 3.34534 3.36656 3.38743 3.40781 3.42758 3.4466 3.46477 3.48198 3.49813 3.51314 3.52692 3.5394 3.55053 3.56026 3.56854 3.57534 3.58062 3.58438 3.58658 3.58723 3.58632 3.58384 3.57982 3.57425 3.56717 3.5586 3.54858 3.53715 3.52436 3.51029 3.495 3.47858 3.46112 3.44273 3.42352 3.40362 3.38314 3.36223 3.34103 3.31968 3.29831 3.27707 3.25609 3.2355 3.21542 3.19597 3.17724 3.15932 3.14228 3.12618 3.11107 3.09697 3.08391 3.07189 3.06089 3.0509 3.0419 3.03384 3.02668 3.02038 3.01489 3.01015 3.00613 3.00276 3.00002 2.99785 2.99623 2.99514 2.99454 
2.98823 2.98863 2.98954 2.991 2.99302 2.99564 2.99888 3.00279 3.00743 3.01284 3.01908 3.0262 3.03425 3.04328 3.05333 3.06444 3.07663 3.08992 3.1043 3.11977 3.13629 3.15382 3.17231 3.19169 3.21185 3.23271 3.25414 3.27603 3.29823 3.32062 3.34305 3.36536 3.38743 3.4091 3.43023 3.4507 3.47038 3.48915 3.50691 3.52355 3.539 3.55317 3.566 3.57743 3.58741 3.5959 3.60287 3.60828 3.61213 3.6144 3.61507 3.61415 3.61162 3.60751 3.60182 3.59457 3.58579 3.57551 3.56377 3.55063 3.53615 3.5204 3.50346 3.48543 3.46642 3.44652 3.42588 3.40462 3.38288 3.36081 3.33854 3.31624 3.29404 3.27208 3.2505 3.22944 3.209 3.1893 3.17043 3.15246 3.13547 3.1195 3.10459 3.09075 3.078 3.06633 3.05572 3.04614 3.03756 3.02993 3.0232 3.01734 3.01227 3.00796 3.00436 3.00141 2.99908 2.99733 2.99615 2.99549 
2.98918 2.98958 2.99055 2.9921 2.99425 2.99703 3.00048 3.00464 3.00957 3.01532 3.02195 3.02951 3.03805 3.04762 3.05826 3.07002 3.0829 3.09693 3.1121 3.12839 3.14578 3.16421 3.18362 3.20393 3.22504 3.24685 3.26924 3.29207 3.3152 3.33849 3.36179 3.38495 3.40781 3.43023 3.45207 3.4732 3.49348 3.51281 3.53106 3.54816 3.56401 3.57853 3.59167 3.60336 3.61357 3.62225 3.62937 3.63491 3.63884 3.64116 3.64186 3.64092 3.63836 3.63417 3.62838 3.62098 3.61202 3.60151 3.5895 3.57605 3.5612 3.54503 3.52761 3.50906 3.48945 3.46893 3.4476 3.4256 3.40307 3.38017 3.35704 3.33384 3.31071 3.28782 3.26529 3.24326 3.22187 3.20123 3.18142 3.16255 3.14468 3.12787 3.11216 3.09756 3.0841 3.07176 3.06053 3.05038 3.04128 3.03318 3.02603 3.01979 3.0144 3.00981 3.00596 3.00281 3.00032 2.99844 2.99717 2.99646 
2.99012 2.99055 2.99157 2.99321 2.99548 2.99842 3.00207 3.00649 3.01171 3.0178 3.02481 3.0328 3.04182 3.05193 3.06316 3.07554 3.08911 3.10386 3.1198 3.1369 3.15512 3.17442 3.19472 3.21594 3.23797 3.2607 3.284 3.30773 3.33175 3.3559 3.38002 3.40396 3.42758 3.4507 3.4732 3.49493 3.51577 3.5356 3.55431 3.57182 3.58803 3.60287 3.61628 3.62821 3.63861 3.64746 3.65471 3.66035 3.66436 3.66673 3.66745 3.66651 3.66392 3.65967 3.65378 3.64627 3.63714 3.62644 3.6142 3.60046 3.58528 3.56873 3.55089 3.53185 3.51171 3.4906 3.46863 3.44594 3.42268 3.399 3.37505 3.35099 3.32699 3.30319 3.27975 3.2568 3.23449 3.21293 3.19223 3.17248 3.15376 3.13613 3.11963 3.10429 3.09013 3.07713 3.06529 3.05459 3.04497 3.03641 3.02885 3.02224 3.01652 3.01165 3.00756 3.00421 3.00155 2.99956 2.99819 2.99743 
2.99106 2.99151 2.99258 2.9943 2.9967 2.99981 3.00366 3.00832 3.01383 3.02025 3.02764 3.03605 3.04555 3.05618 3.06797 3.08097 3.0952 3.11066 3.12734 3.14522 3.16426 3.18439 3.20555 3.22764 3.25055 3.27415 3.29832 3.32291 3.34776 3.37271 3.39761 3.42229 3.4466 3.47038 3.49348 3.51577 3.53712 3.55741 3.57653 3.5944 3.61093 3.62605 3.6397 3.65183 3.66241 3.6714 3.67877 3.6845 3.68857 3.69099 3.69173 3.69079 3.68817 3.68388 3.67792 3.6703 3.66104 3.65017 3.63772 3.62374 3.60827 3.59138 3.57316 3.55368 3.53306 3.51141 3.48885 3.46552 3.44158 3.41716 3.39245 3.36759 3.34275 3.3181 3.29379 3.26996 3.24677 3.22433 3.20277 3.18217 3.16263 3.1442 3.12695 3.11088 3.09604 3.08241 3.06998 3.05872 3.04861 3.0396 3.03163 3.02465 3.01862 3.01347 3.00914 3.00559 3.00278 3.00066 2.99921 2.99839 
2.99199 2.99245 2.99358 2.99539 2.99791 3.00117 3.00522 3.01012 3.01591 3.02265 3.03041 3.03924 3.04919 3.06032 3.07267 3.08627 3.10113 3.11727 3.13467 3.1533 3.17311 3.19405 3.21602 3.23894 3.26268 3.28711 3.3121 3.33749 3.36312 3.38883 3.41446 3.43982 3.46477 3.48915 3.51281 3.5356 3.55741 3.57811 3.5976 3.61579 3.6326 3.64796 3.66182 3.67413 3.68486 3.69396 3.70143 3.70724 3.71137 3.71382 3.71458 3.71365 3.71102 3.70669 3.70067 3.69297 3.6836 3.67259 3.65997 3.64577 3.63005 3.61287 3.5943 3.57444 3.55338 3.53124 3.50814 3.48422 3.45965 3.43456 3.40912 3.38352 3.3579 3.33244 3.30731 3.28265 3.25862 3.23535 3.21296 3.19156 3.17122 3.15204 3.13405 3.11729 3.10179 3.08754 3.07454 3.06276 3.05216 3.04271 3.03435 3.02702 3.02067 3.01525 3.0107 3.00696 3.00399 3.00175 3.00021 2.99935 
2.9929 2.99338 2.99455 2.99645 2.99908 3.0025 3.00675 3.01187 3.01793 3.02499 3.0331 3.04232 3.05272 3.06433 3.07721 3.09138 3.10686 3.12364 3.14172 3.16106 3.18161 3.20331 3.22605 3.24975 3.27427 3.29949 3.32525 3.35139 3.37775 3.40416 3.43045 3.45644 3.48198 3.50691 3.53106 3.55431 3.57653 3.5976 3.61741 3.63588 3.65294 3.66851 3.68255 3.69501 3.70586 3.71506 3.72261 3.72848 3.73267 3.73515 3.73593 3.735 3.73236 3.72801 3.72195 3.71418 3.70473 3.6936 3.68084 3.66646 3.65052 3.63309 3.61422 3.59401 3.57256 3.54997 3.52639 3.50194 3.47678 3.45107 3.42498 3.39867 3.37233 3.34612 3.32021 3.29478 3.26996 3.2459 3.22273 3.20056 3.17948 3.15957 3.14089 3.12347 3.10734 3.0925 3.07895 3.06666 3.0556 3.04572 3.03698 3.02931 3.02267 3.01699 3.01221 3.00828 3.00517 3.00281 3.00119 3.00028 
2.99378 2.99428 2.9955 2.99747 3.00022 3.00379 3.00822 3.01356 3.01988 3.02723 3.03568 3.04528 3.0561 3.06818 3.08156 3.09627 3.11232 3.12972 3.14844 3.16845 3.1897 3.2121 3.23558 3.26 3.28526 3.3112 3.33767 3.3645 3.39154 3.41859 3.44549 3.47206 3.49813 3.52355 3.54816 3.57182 3.5944 3.61579 3.63588 3.6546 3.67187 3.68762 3.7018 3.71439 3.72534 3.73463 3.74224 3.74817 3.75239 3.7549 3.7557 3.75478 3.75214 3.74777 3.74168 3.73387 3.72434 3.71313 3.70024 3.68572 3.6696 3.65194 3.63281 3.6123 3.5905 3.56752 3.5435 3.51857 3.49288 3.4666 3.4399 3.41296 3.38594 3.35904 3.33242 3.30625 3.2807 3.25591 3.23201 3.20912 3.18733 3.16674 3.1474 3.12935 3.11263 3.09724 3.08317 3.0704 3.05889 3.04861 3.03951 3.03152 3.02459 3.01866 3.01367 3.00956 3.0063 3.00384 3.00214 3.00118 
2.99463 2.99513 2.9964 2.99845 3.00131 3.00501 3.00962 3.01517 3.02173 3.02937 3.03813 3.0481 3.05931 3.07182 3.08567 3.10088 3.11748 3.13545 3.15477 3.17541 3.1973 3.22037 3.24451 3.26962 3.29555 3.32215 3.34928 3.37675 3.4044 3.43204 3.45949 3.48658 3.51314 3.539 3.56401 3.58803 3.61093 3.6326 3.65294 3.67187 3.68931 3.70521 3.71952 3.73221 3.74324 3.7526 3.76026 3.76623 3.77049 3.77303 3.77384 3.77293 3.77029 3.76591 3.7598 3.75196 3.74238 3.7311 3.71811 3.70347 3.68719 3.66935 3.65 3.62922 3.60712 3.5838 3.55938 3.53402 3.50786 3.48107 3.45382 3.42628 3.39866 3.37112 3.34384 3.317 3.29077 3.2653 3.24072 3.21716 3.19472 3.17349 3.15354 3.13491 3.11763 3.10171 3.08715 3.07393 3.06201 3.05135 3.0419 3.03361 3.02641 3.02024 3.01505 3.01078 3.00739 3.00482 3.00304 3.00204 
2.99542 2.99594 2.99725 2.99937 3.00233 3.00617 3.01094 3.01668 3.02347 3.03137 3.04043 3.05073 3.06231 3.07522 3.08951 3.1052 3.12229 3.14079 3.16067 3.18188 3.20437 3.22805 3.2528 3.27853 3.30507 3.33229 3.36001 3.38806 3.41626 3.44443 3.47238 3.49993 3.52692 3.55317 3.57853 3.60287 3.62605 3.64796 3.66851 3.68762 3.70521 3.72123 3.73565 3.74841 3.75951 3.76892 3.77663 3.78263 3.78692 3.78948 3.79031 3.78941 3.78678 3.7824 3.77627 3.7684 3.7588 3.74745 3.7344 3.71965 3.70325 3.68525 3.66571 3.64471 3.62234 3.59871 3.57396 3.54821 3.52163 3.49438 3.46663 3.43857 3.41039 3.38227 3.3544 3.32695 3.3001 3.274 3.2488 3.22463 3.20159 3.17977 3.15925 3.14008 3.12229 3.10589 3.09087 3.07723 3.06493 3.05391 3.04415 3.03557 3.02812 3.02174 3.01636 3.01193 3.00841 3.00574 3.00389 3.00285 
2.99616 2.9967 2.99805 3.00023 3.00328 3.00724 3.01216 3.01809 3.02509 3.03322 3.04256 3.05316 3.06508 3.07836 3.09305 3.10916 3.12671 3.1457 3.16608 3.18782 3.21084 3.23507 3.26038 3.28666 3.31376 3.34152 3.36978 3.39835 3.42704 3.45568 3.48407 3.51204 3.5394 3.566 3.59167 3.61628 3.6397 3.66182 3.68255 3.7018 3.71952 3.73565 3.75014 3.76297 3.77412 3.78357 3.79132 3.79734 3.80165 3.80423 3.80508 3.80419 3.80156 3.79719 3.79106 3.78318 3.77354 3.76216 3.74905 3.73422 3.71772 3.69959 3.67989 3.6587 3.6361 3.61221 3.58715 3.56107 3.53412 3.50646 3.47827 3.44975 3.42107 3.39243 3.36402 3.33603 3.30861 3.28195 3.25619 3.23146 3.20787 3.18553 3.16449 3.14483 3.12657 3.10972 3.0943 3.08027 3.06761 3.05628 3.04622 3.03738 3.0297 3.02312 3.01757 3.013 3.00935 3.0066 3.00469 3.00361 
2.99684 2.99739 2.99877 3.00102 3.00415 3.00822 3.01327 3.01936 3.02655 3.03491 3.04449 3.05536 3.06759 3.0812 3.09625 3.11275 3.13071 3.15012 3.17096 3.19316 3.21667 3.24138 3.26719 3.29397 3.32156 3.34981 3.37853 3.40756 3.43669 3.46574 3.49452 3.52284 3.55053 3.57743 3.60336 3.62821 3.65183 3.67413 3.69501 3.71439 3.73221 3.74841 3.76297 3.77586 3.78705 3.79653 3.8043 3.81034 3.81467 3.81726 3.81812 3.81725 3.81463 3.81026 3.80413 3.79625 3.7866 3.77519 3.76203 3.74714 3.73056 3.71232 3.69249 3.67113 3.64834 3.62423 3.59892 3.57254 3.54526 3.51725 3.48868 3.45974 3.43063 3.40154 3.37265 3.34417 3.31626 3.2891 3.26284 3.23761 3.21354 3.19071 3.16922 3.14911 3.13043 3.11319 3.0974 3.08302 3.07005 3.05842 3.0481 3.03903 3.03114 3.02437 3.01867 3.01397 3.01022 3.00738 3.00541 3.0043 
2.99745 2.99801 2.99942 3.00172 3.00493 3.0091 3.01427 3.0205 3.02786 3.03641 3.04621 3.05732 3.06981 3.08372 3.09908 3.11592 3.13424 3.15403 3.17526 3.19788 3.2218 3.24695 3.27319 3.30039 3.32841 3.35708 3.38621 3.41563 3.44514 3.47455 3.50366 3.53229 3.56026 3.58741 3.61357 3.63861 3.66241 3.68486 3.70586 3.72534 3.74324 3.75951 3.77412 3.78705 3.79827 3.80777 3.81556 3.82162 3.82596 3.82857 3.82944 3.82858 3.82597 3.82161 3.81548 3.8076 3.79794 3.78651 3.77332 3.75838 3.74173 3.72341 3.70347 3.68197 3.65902 3.63472 3.60919 3.58257 3.55501 3.5267 3.4978 3.4685 3.43901 3.40952 3.38023 3.35132 3.32298 3.29538 3.26869 3.24303 3.21853 3.19529 3.17339 3.1529 3.13385 3.11626 3.10014 3.08546 3.0722 3.06033 3.04977 3.04049 3.03242 3.02549 3.01965 3.01483 3.01099 3.00808 3.00606 3.00492 
2.99798 2.99855 2.99999 3.00234 3.00561 3.00986 3.01513 3.02149 3.02899 3.0377 3.04769 3.05902 3.07173 3.08589 3.10152 3.11865 3.13728 3.15739 3.17896 3.20192 3.22621 3.25171 3.27832 3.30589 3.33427 3.36329 3.39278 3.42253 3.45235 3.48206 3.51145 3.54033 3.56854 3.5959 3.62225 3.64746 3.6714 3.69396 3.71506 3.73463 3.7526 3.76892 3.78357 3.79653 3.80777 3.8173 3.8251 3.83118 3.83552 3.83814 3.83903 3.83817 3.83557 3.83122 3.8251 3.81721 3.80755 3.79611 3.78289 3.76792 3.75122 3.73282 3.71279 3.69119 3.6681 3.64364 3.61793 3.5911 3.56332 3.53474 3.50557 3.47597 3.44617 3.41634 3.3867 3.35743 3.32873 3.30076 3.2737 3.24767 3.22281 3.19921 3.17698 3.15615 3.13679 3.1189 3.1025 3.08756 3.07407 3.06197 3.05122 3.04176 3.03353 3.02646 3.0205 3.01559 3.01167 3.00869 3.00663 3.00546 
2.99843 2.999 3.00047 3.00285 3.00618 3.0105 3.01586 3.02232 3.02994 3.03879 3.04893 3.06043 3.07333 3.0877 3.10355 3.12092 3.1398 3.16018 3.18202 3.20527 3.22984 3.25565 3.28255 3.31042 3.3391 3.36841 3.39818 3.4282 3.45828 3.48823 3.51784 3.54694 3.57534 3.60287 3.62937 3.65471 3.67877 3.70143 3.72261 3.74224 3.76026 3.77663 3.79132 3.8043 3.81556 3.8251 3.83291 3.839 3.84336 3.84598 3.84688 3.84603 3.84344 3.83909 3.83298 3.82509 3.81542 3.80397 3.79074 3.77574 3.75899 3.74054 3.72044 3.69875 3.67555 3.65097 3.62511 3.59811 3.57014 3.54136 3.51195 3.48212 3.45205 3.42195 3.39203 3.36247 3.33347 3.3052 3.27783 3.2515 3.22634 3.20246 3.17994 3.15885 3.13922 3.12109 3.10446 3.08931 3.07562 3.06334 3.05242 3.04281 3.03445 3.02727 3.02122 3.01622 3.01223 3.00921 3.00711 3.00591 
2.99879 2.99937 3.00086 3.00327 3.00664 3.01101 3.01644 3.02298 3.03069 3.03965 3.04991 3.06154 3.07459 3.08912 3.10514 3.1227 3.14177 3.16236 3.18442 3.20789 3.23269 3.25872 3.28586 3.31396 3.34287 3.3724 3.40238 3.43261 3.46289 3.49303 3.52282 3.55208 3.58062 3.60828 3.63491 3.66035 3.6845 3.70724 3.72848 3.74817 3.76623 3.78263 3.79734 3.81034 3.82162 3.83118 3.839 3.84509 3.84946 3.85209 3.85299 3.85215 3.84957 3.84523 3.83912 3.83123 3.82156 3.8101 3.79685 3.78182 3.76505 3.74655 3.72639 3.70463 3.68135 3.65666 3.63069 3.60356 3.57544 3.5465 3.51692 3.4869 3.45663 3.42632 3.39618 3.3664 3.33716 3.30866 3.28106 3.25449 3.2291 3.205 3.18226 3.16096 3.14113 3.12281 3.106 3.09069 3.07684 3.06442 3.05337 3.04365 3.03519 3.02792 3.02178 3.01672 3.01268 3.00962 3.00749 3.00628 
2.99906 2.99964 3.00114 3.00358 3.00698 3.01139 3.01687 3.02346 3.03124 3.04028 3.05062 3.06235 3.07551 3.09014 3.10629 3.12397 3.14319 3.16392 3.18613 3.20975 3.23472 3.26091 3.28821 3.31647 3.34554 3.37523 3.40537 3.43574 3.46617 3.49644 3.52635 3.55573 3.58438 3.61213 3.63884 3.66436 3.68857 3.71137 3.73267 3.75239 3.77049 3.78692 3.80165 3.81467 3.82596 3.83552 3.84336 3.84946 3.85383 3.85647 3.85738 3.85654 3.85396 3.84962 3.84351 3.83562 3.82595 3.81447 3.80121 3.78617 3.76936 3.75083 3.73063 3.70881 3.68547 3.66071 3.63465 3.60743 3.57921 3.55015 3.52045 3.49029 3.45988 3.42943 3.39913 3.36918 3.33979 3.31112 3.28335 3.25663 3.23107 3.20681 3.18392 3.16247 3.1425 3.12405 3.10711 3.09168 3.07772 3.0652 3.05406 3.04426 3.03572 3.02839 3.0222 3.01709 3.01302 3.00992 3.00778 3.00655 
2.99923 2.99982 3.00133 3.00377 3.00719 3.01163 3.01713 3.02376 3.03158 3.04066 3.05106 3.06284 3.07606 3.09076 3.10698 3.12474 3.14403 3.16485 3.18714 3.21086 3.23591 3.2622 3.28959 3.31795 3.34711 3.37689 3.40711 3.43758 3.46808 3.49843 3.52842 3.55787 3.58658 3.6144 3.64116 3.66673 3.69099 3.71382 3.73515 3.7549 3.77303 3.78948 3.80423 3.81726 3.82857 3.83814 3.84598 3.85209 3.85647 3.85911 3.86002 3.85919 3.85661 3.85227 3.84616 3.83827 3.82858 3.8171 3.80382 3.78876 3.77194 3.75338 3.73314 3.71129 3.68791 3.6631 3.63699 3.60971 3.58142 3.55229 3.52251 3.49228 3.46178 3.43124 3.40085 3.37081 3.34133 3.31256 3.2847 3.25788 3.23224 3.20788 3.1849 3.16336 3.14332 3.12479 3.10778 3.09227 3.07825 3.06567 3.05449 3.04463 3.03605 3.02869 3.02246 3.01733 3.01323 3.01012 3.00796 3.00673 
