3.74087 3.74107 3.7413 3.74155 3.74182 3.74212 3.74244 3.74279 3.74316 3.74357 3.744 3.74447 3.74497 3.74551 3.7461 3.74673 3.74741 3.74814 3.74892 3.74976 3.75065 3.7516 3.75261 3.75368 3.75481 3.75599 3.75723 3.75851 3.75984 3.7612 3.7626 3.76402 3.76546 3.76691 3.76835 3.76978 3.77119 3.77257 3.7739 3.77518 3.77639 3.77753 3.77858 3.77953 3.78038 3.78111 3.78173 3.78222 3.78259 3.78282 3.78291 3.78288 3.7827 3.78239 3.78196 3.7814 3.78071 3.77992 3.77902 3.77802 3.77694 3.77578 3.77455 3.77327 3.77194 3.77057 3.76919 3.76779 3.76639 3.76499 3.76362 3.76227 3.76095 3.75968 3.75845 3.75728 3.75617 3.75512 3.75413 3.75322 3.75237 3.75159 3.75088 3.75025 3.74968 3.74918 3.74875 3.74837 3.74806 3.74781 3.74761 3.74746 3.74736 3.74731 3.74729 3.74731 3.74737 3.74747 3.74759 3.74774 
3.74107 3.74127 3.7415 3.74175 3.74203 3.74232 3.74265 3.74299 3.74337 3.74377 3.74421 3.74468 3.74519 3.74573 3.74632 3.74696 3.74764 3.74838 3.74916 3.75001 3.75091 3.75188 3.7529 3.75398 3.75512 3.75632 3.75757 3.75887 3.76021 3.76159 3.76301 3.76445 3.76591 3.76737 3.76884 3.77029 3.77172 3.77311 3.77446 3.77576 3.77699 3.77814 3.7792 3.78017 3.78103 3.78177 3.7824 3.7829 3.78327 3.7835 3.7836 3.78356 3.78338 3.78307 3.78262 3.78205 3.78136 3.78056 3.77964 3.77863 3.77754 3.77636 3.77511 3.77381 3.77246 3.77108 3.76968 3.76826 3.76684 3.76543 3.76403 3.76266 3.76133 3.76004 3.7588 3.75761 3.75648 3.75542 3.75442 3.7535 3.75264 3.75185 3.75114 3.75049 3.74992 3.74941 3.74897 3.7486 3.74828 3.74803 3.74782 3.74767 3.74757 3.74751 3.7475 3.74752 3.74758 3.74767 3.74779 3.74794 
3.7413 3.7415 3.74173 3.74198 3.74226 3.74256 3.74289 3.74324 3.74363 3.74404 3.74449 3.74497 3.74549 3.74605 3.74666 3.74731 3.74802 3.74878 3.7496 3.75047 3.75141 3.75241 3.75347 3.75459 3.75577 3.75701 3.75831 3.75966 3.76105 3.76249 3.76396 3.76545 3.76697 3.76849 3.77 3.77151 3.77299 3.77444 3.77584 3.77718 3.77845 3.77965 3.78075 3.78175 3.78264 3.78341 3.78406 3.78458 3.78496 3.7852 3.7853 3.78525 3.78507 3.78474 3.78428 3.78369 3.78297 3.78214 3.78119 3.78014 3.779 3.77778 3.77649 3.77513 3.77374 3.7723 3.77084 3.76937 3.7679 3.76643 3.76498 3.76356 3.76218 3.76084 3.75955 3.75832 3.75714 3.75604 3.755 3.75404 3.75314 3.75232 3.75158 3.75091 3.75031 3.74978 3.74932 3.74893 3.74859 3.74832 3.74811 3.74795 3.74783 3.74777 3.74774 3.74776 3.74782 3.7479 3.74802 3.74817 
3.74155 3.74175 3.74198 3.74224 3.74252 3.74283 3.74317 3.74353 3.74393 3.74436 3.74483 3.74533 3.74588 3.74647 3.74711 3.7478 3.74855 3.74935 3.75022 3.75114 3.75214 3.7532 3.75432 3.75551 3.75677 3.75808 3.75946 3.76089 3.76237 3.76389 3.76545 3.76704 3.76864 3.77025 3.77186 3.77346 3.77503 3.77656 3.77804 3.77946 3.78081 3.78207 3.78323 3.78429 3.78523 3.78604 3.78672 3.78727 3.78767 3.78792 3.78802 3.78797 3.78778 3.78743 3.78694 3.78631 3.78555 3.78467 3.78366 3.78255 3.78134 3.78005 3.77868 3.77725 3.77576 3.77424 3.77269 3.77113 3.76957 3.76801 3.76648 3.76497 3.7635 3.76208 3.76071 3.7594 3.75815 3.75697 3.75587 3.75484 3.75389 3.75301 3.75221 3.7515 3.75085 3.75028 3.74979 3.74936 3.749 3.7487 3.74846 3.74828 3.74815 3.74807 3.74803 3.74804 3.74808 3.74816 3.74828 3.74842 
3.74182 3.74203 3.74226 3.74252 3.74281 3.74313 3.74348 3.74387 3.74429 3.74474 3.74524 3.74577 3.74636 3.74699 3.74768 3.74842 3.74923 3.75009 3.75103 3.75203 3.7531 3.75425 3.75547 3.75675 3.75811 3.75954 3.76103 3.76258 3.76418 3.76582 3.76751 3.76922 3.77095 3.77269 3.77442 3.77614 3.77784 3.77948 3.78108 3.78261 3.78406 3.78541 3.78666 3.78779 3.7888 3.78968 3.79041 3.79099 3.79142 3.79169 3.79179 3.79174 3.79152 3.79115 3.79062 3.78994 3.78912 3.78816 3.78708 3.78588 3.78458 3.78318 3.7817 3.78016 3.77856 3.77692 3.77525 3.77356 3.77187 3.77019 3.76853 3.7669 3.76531 3.76377 3.76228 3.76086 3.75951 3.75823 3.75703 3.75591 3.75487 3.75392 3.75305 3.75226 3.75155 3.75093 3.75038 3.7499 3.7495 3.74916 3.74889 3.74868 3.74852 3.74842 3.74836 3.74835 3.74838 3.74845 3.74856 3.7487 
3.74212 3.74232 3.74256 3.74283 3.74313 3.74347 3.74384 3.74425 3.74469 3.74518 3.74571 3.7463 3.74693 3.74762 3.74837 3.74918 3.75006 3.75101 3.75204 3.75314 3.75432 3.75558 3.75691 3.75833 3.75982 3.76139 3.76303 3.76472 3.76648 3.76829 3.77013 3.77201 3.77391 3.77581 3.77771 3.77959 3.78144 3.78324 3.78498 3.78665 3.78822 3.7897 3.79106 3.7923 3.79339 3.79434 3.79514 3.79577 3.79623 3.79652 3.79663 3.79657 3.79633 3.79592 3.79534 3.79459 3.79369 3.79265 3.79146 3.79015 3.78872 3.7872 3.78558 3.78389 3.78214 3.78034 3.77852 3.77667 3.77482 3.77297 3.77115 3.76936 3.76761 3.76592 3.76429 3.76272 3.76123 3.75982 3.75849 3.75726 3.75611 3.75505 3.75408 3.7532 3.75241 3.75171 3.75109 3.75055 3.75009 3.74971 3.74939 3.74914 3.74895 3.74881 3.74873 3.7487 3.74871 3.74877 3.74887 3.749 
3.74244 3.74265 3.74289 3.74317 3.74348 3.74384 3.74423 3.74467 3.74515 3.74568 3.74626 3.7469 3.7476 3.74836 3.74918 3.75008 3.75106 3.75211 3.75325 3.75448 3.75579 3.75719 3.75868 3.76025 3.76191 3.76365 3.76547 3.76735 3.7693 3.77131 3.77335 3.77543 3.77753 3.77964 3.78173 3.78381 3.78585 3.78784 3.78976 3.7916 3.79333 3.79496 3.79645 3.79781 3.79902 3.80006 3.80093 3.80162 3.80212 3.80244 3.80256 3.80248 3.80221 3.80176 3.80111 3.80029 3.7993 3.79814 3.79683 3.79538 3.79381 3.79212 3.79033 3.78847 3.78653 3.78454 3.78252 3.78047 3.77842 3.77638 3.77436 3.77237 3.77043 3.76855 3.76673 3.76499 3.76333 3.76176 3.76028 3.75889 3.7576 3.75641 3.75532 3.75433 3.75344 3.75264 3.75194 3.75132 3.75079 3.75034 3.74997 3.74966 3.74943 3.74926 3.74914 3.74909 3.74908 3.74912 3.7492 3.74933 
3.74279 3.74299 3.74324 3.74353 3.74387 3.74425 3.74467 3.74514 3.74567 3.74625 3.74689 3.74759 3.74837 3.74921 3.75013 3.75114 3.75223 3.75341 3.75469 3.75606 3.75753 3.7591 3.76077 3.76253 3.76439 3.76634 3.76837 3.77048 3.77266 3.7749 3.77718 3.7795 3.78184 3.78419 3.78653 3.78884 3.79111 3.79332 3.79545 3.79748 3.79941 3.80121 3.80287 3.80437 3.8057 3.80685 3.80781 3.80857 3.80913 3.80947 3.8096 3.80951 3.80921 3.8087 3.80798 3.80706 3.80595 3.80467 3.80321 3.8016 3.79985 3.79797 3.79598 3.79391 3.79175 3.78954 3.78728 3.785 3.78271 3.78043 3.77818 3.77596 3.77378 3.77168 3.76964 3.76768 3.76582 3.76405 3.76238 3.76082 3.75937 3.75802 3.75679 3.75566 3.75465 3.75373 3.75292 3.75221 3.75159 3.75107 3.75062 3.75026 3.74997 3.74975 3.7496 3.74951 3.74948 3.7495 3.74957 3.74968 
3.74316 3.74337 3.74363 3.74393 3.74429 3.74469 3.74515 3.74567 3.74625 3.74689 3.7476 3.74838 3.74924 3.75019 3.75122 3.75235 3.75358 3.75491 3.75635 3.75789 3.75955 3.76132 3.7632 3.76519 3.76728 3.76947 3.77176 3.77413 3.77658 3.77909 3.78165 3.78425 3.78687 3.7895 3.79211 3.79469 3.79723 3.79969 3.80207 3.80434 3.80648 3.80848 3.81033 3.812 3.81347 3.81475 3.81581 3.81666 3.81727 3.81764 3.81778 3.81768 3.81734 3.81676 3.81596 3.81493 3.8137 3.81226 3.81063 3.80883 3.80688 3.80478 3.80256 3.80023 3.79782 3.79535 3.79282 3.79027 3.78771 3.78515 3.78262 3.78013 3.77769 3.77531 3.77302 3.77082 3.76872 3.76672 3.76483 3.76306 3.76141 3.75989 3.75848 3.7572 3.75603 3.75498 3.75405 3.75323 3.75251 3.75189 3.75136 3.75093 3.75058 3.75031 3.75011 3.74998 3.74991 3.74991 3.74996 3.75006 
3.74357 3.74377 3.74404 3.74436 3.74474 3.74518 3.74568 3.74625 3.74689 3.7476 3.74839 3.74927 3.75023 3.7513 3.75246 3.75374 3.75512 3.75662 3.75825 3.76 3.76187 3.76387 3.76599 3.76824 3.7706 3.77307 3.77565 3.77832 3.78108 3.7839 3.78678 3.7897 3.79264 3.79559 3.79851 3.80141 3.80424 3.80699 3.80965 3.81218 3.81458 3.81681 3.81886 3.82072 3.82236 3.82378 3.82496 3.82589 3.82657 3.82698 3.82713 3.82701 3.82663 3.82598 3.82508 3.82393 3.82255 3.82094 3.81912 3.8171 3.81492 3.81257 3.81008 3.80748 3.80478 3.802 3.79917 3.79631 3.79343 3.79056 3.78771 3.78491 3.78216 3.77949 3.7769 3.77441 3.77203 3.76977 3.76764 3.76563 3.76376 3.76202 3.76041 3.75894 3.75761 3.75641 3.75533 3.75438 3.75354 3.75281 3.7522 3.75168 3.75125 3.75092 3.75066 3.75049 3.75039 3.75035 3.75038 3.75047 
3.744 3.74421 3.74449 3.74483 3.74524 3.74571 3.74626 3.74689 3.7476 3.74839 3.74928 3.75026 3.75135 3.75254 3.75386 3.7553 3.75686 3.75856 3.7604 3.76238 3.7645 3.76676 3.76916 3.7717 3.77436 3.77716 3.78006 3.78307 3.78618 3.78935 3.79259 3.79587 3.79917 3.80248 3.80576 3.809 3.81217 3.81525 3.81822 3.82105 3.82372 3.82621 3.82849 3.83056 3.83239 3.83397 3.83528 3.83631 3.83706 3.83751 3.83767 3.83753 3.8371 3.83637 3.83536 3.83408 3.83253 3.83073 3.82869 3.82644 3.82399 3.82136 3.81858 3.81567 3.81264 3.80953 3.80635 3.80314 3.7999 3.79668 3.79347 3.79032 3.78722 3.78421 3.78129 3.77848 3.77579 3.77323 3.77081 3.76853 3.7664 3.76442 3.7626 3.76092 3.75939 3.75801 3.75677 3.75566 3.75469 3.75385 3.75312 3.75251 3.752 3.75159 3.75127 3.75105 3.7509 3.75083 3.75084 3.75091 
3.74447 3.74468 3.74497 3.74533 3.74577 3.7463 3.7469 3.74759 3.74838 3.74927 3.75026 3.75136 3.75259 3.75394 3.75542 3.75705 3.75882 3.76074 3.76282 3.76506 3.76745 3.77001 3.77272 3.77558 3.7786 3.78174 3.78502 3.78841 3.7919 3.79547 3.79911 3.80279 3.8065 3.8102 3.81387 3.81749 3.82104 3.82448 3.82779 3.83095 3.83393 3.8367 3.83925 3.84155 3.84358 3.84533 3.84679 3.84793 3.84876 3.84926 3.84943 3.84927 3.84878 3.84797 3.84683 3.8454 3.84366 3.84165 3.83938 3.83686 3.83412 3.83119 3.82807 3.82481 3.82143 3.81794 3.81438 3.81078 3.80715 3.80353 3.79993 3.79638 3.7929 3.78951 3.78622 3.78305 3.78001 3.77712 3.77438 3.77179 3.76938 3.76713 3.76504 3.76313 3.76138 3.7598 3.75837 3.7571 3.75598 3.75499 3.75414 3.75342 3.75282 3.75233 3.75194 3.75165 3.75146 3.75135 3.75133 3.75139 
3.74497 3.74519 3.74549 3.74588 3.74636 3.74693 3.7476 3.74837 3.74924 3.75023 3.75135 3.75259 3.75397 3.75549 3.75717 3.759 3.761 3.76317 3.76552 3.76805 3.77075 3.77364 3.77669 3.77992 3.78331 3.78686 3.79054 3.79435 3.79827 3.80228 3.80636 3.81048 3.81462 3.81876 3.82287 3.82691 3.83087 3.83471 3.8384 3.84191 3.84522 3.84831 3.85114 3.85369 3.85595 3.85789 3.8595 3.86077 3.86168 3.86223 3.86241 3.86223 3.86168 3.86077 3.85951 3.8579 3.85597 3.85373 3.85119 3.84839 3.84533 3.84206 3.83858 3.83494 3.83116 3.82726 3.82329 3.81925 3.81519 3.81113 3.8071 3.80312 3.79921 3.79539 3.79169 3.78813 3.7847 3.78144 3.77834 3.77542 3.77268 3.77013 3.76777 3.76559 3.7636 3.76179 3.76015 3.75869 3.7574 3.75626 3.75527 3.75443 3.75372 3.75313 3.75267 3.75231 3.75207 3.75192 3.75187 3.75191 
3.74551 3.74573 3.74605 3.74647 3.74699 3.74762 3.74836 3.74921 3.75019 3.7513 3.75254 3.75394 3.75549 3.75721 3.75909 3.76116 3.76342 3.76587 3.76851 3.77136 3.77441 3.77765 3.78109 3.78472 3.78853 3.79251 3.79664 3.80091 3.8053 3.80979 3.81435 3.81895 3.82358 3.8282 3.83277 3.83728 3.84168 3.84594 3.85004 3.85395 3.85762 3.86104 3.86418 3.86701 3.8695 3.87165 3.87343 3.87483 3.87583 3.87644 3.87664 3.87642 3.87581 3.87479 3.87339 3.8716 3.86946 3.86696 3.86415 3.86103 3.85763 3.85399 3.85012 3.84607 3.84185 3.83751 3.83308 3.82858 3.82404 3.81951 3.815 3.81054 3.80616 3.80189 3.79774 3.79373 3.78988 3.78621 3.78272 3.77943 3.77634 3.77345 3.77077 3.7683 3.76604 3.76398 3.76212 3.76045 3.75896 3.75766 3.75651 3.75553 3.7547 3.75401 3.75346 3.75303 3.75272 3.75253 3.75244 3.75246 
3.7461 3.74632 3.74666 3.74711 3.74768 3.74837 3.74918 3.75013 3.75122 3.75246 3.75386 3.75542 3.75717 3.75909 3.76122 3.76354 3.76608 3.76883 3.77181 3.77501 3.77843 3.78207 3.78593 3.79 3.79427 3.79872 3.80334 3.80811 3.81301 3.81802 3.8231 3.82823 3.83338 3.83851 3.84359 3.84859 3.85347 3.8582 3.86274 3.86706 3.87113 3.87491 3.87837 3.88149 3.88425 3.88662 3.88858 3.89012 3.89122 3.89188 3.89209 3.89185 3.89117 3.89004 3.88848 3.88651 3.88413 3.88136 3.87824 3.87479 3.87102 3.86698 3.86269 3.8582 3.85352 3.8487 3.84377 3.83876 3.83372 3.82866 3.82364 3.81867 3.81378 3.809 3.80436 3.79987 3.79556 3.79144 3.78753 3.78383 3.78035 3.7771 3.77408 3.77129 3.76873 3.76639 3.76428 3.76238 3.76068 3.75918 3.75787 3.75674 3.75578 3.75497 3.75432 3.75381 3.75344 3.75319 3.75306 3.75306 
3.74673 3.74696 3.74731 3.7478 3.74842 3.74918 3.75008 3.75114 3.75235 3.75374 3.7553 3.75705 3.759 3.76116 3.76354 3.76615 3.769 3.77209 3.77542 3.779 3.78283 3.78691 3.79122 3.79577 3.80053 3.8055 3.81065 3.81596 3.82141 3.82697 3.83262 3.83831 3.84402 3.8497 3.85533 3.86086 3.86626 3.87148 3.87649 3.88126 3.88574 3.8899 3.89371 3.89715 3.90018 3.90278 3.90493 3.90662 3.90783 3.90855 3.90878 3.90851 3.90775 3.9065 3.90478 3.9026 3.89997 3.89692 3.89348 3.88966 3.8855 3.88104 3.8763 3.87133 3.86616 3.86082 3.85536 3.84981 3.84422 3.83861 3.83303 3.8275 3.82206 3.81675 3.81157 3.80657 3.80176 3.79715 3.79277 3.78863 3.78473 3.78108 3.77769 3.77455 3.77166 3.76902 3.76663 3.76448 3.76255 3.76085 3.75935 3.75805 3.75694 3.75602 3.75525 3.75465 3.7542 3.7539 3.75373 3.7537 
3.74741 3.74764 3.74802 3.74855 3.74923 3.75006 3.75106 3.75223 3.75358 3.75512 3.75686 3.75882 3.761 3.76342 3.76608 3.769 3.77218 3.77563 3.77935 3.78335 3.78762 3.79217 3.79697 3.80203 3.80733 3.81285 3.81857 3.82446 3.8305 3.83666 3.84291 3.8492 3.85551 3.86178 3.86799 3.87408 3.88002 3.88577 3.89128 3.89652 3.90144 3.90601 3.91019 3.91395 3.91727 3.92012 3.92248 3.92432 3.92564 3.92642 3.92666 3.92636 3.92552 3.92415 3.92226 3.91986 3.91697 3.91362 3.90983 3.90564 3.90107 3.89615 3.89094 3.88546 3.87976 3.87387 3.86785 3.86173 3.85554 3.84934 3.84317 3.83705 3.83102 3.82512 3.81938 3.81382 3.80847 3.80335 3.79846 3.79384 3.78949 3.78541 3.78161 3.77809 3.77485 3.77189 3.76919 3.76676 3.76459 3.76265 3.76095 3.75948 3.75821 3.75714 3.75626 3.75556 3.75503 3.75467 3.75446 3.7544 
3.74814 3.74838 3.74878 3.74935 3.75009 3.75101 3.75211 3.75341 3.75491 3.75662 3.75856 3.76074 3.76317 3.76587 3.76883 3.77209 3.77563 3.77947 3.78361 3.78806 3.79281 3.79786 3.80319 3.8088 3.81467 3.82078 3.8271 3.83362 3.84029 3.84709 3.85397 3.8609 3.86784 3.87474 3.88155 3.88824 3.89476 3.90106 3.9071 3.91282 3.91821 3.9232 3.92777 3.93188 3.9355 3.93861 3.94118 3.94318 3.94462 3.94547 3.94572 3.94539 3.94447 3.94296 3.94089 3.93826 3.9351 3.93144 3.92729 3.92269 3.91769 3.9123 3.90659 3.90057 3.89432 3.88785 3.88123 3.8745 3.86769 3.86087 3.85406 3.84731 3.84066 3.83414 3.82779 3.82164 3.81571 3.81002 3.8046 3.79947 3.79462 3.79008 3.78585 3.78192 3.7783 3.77498 3.77196 3.76924 3.76679 3.76461 3.76269 3.76102 3.75958 3.75836 3.75735 3.75654 3.75593 3.75549 3.75523 3.75514 
3.74892 3.74916 3.7496 3.75022 3.75103 3.75204 3.75325 3.75469 3.75635 3.75825 3.7604 3.76282 3.76552 3.76851 3.77181 3.77542 3.77935 3.78361 3.78821 3.79314 3.7984 3.80398 3.80987 3.81607 3.82255 3.82929 3.83625 3.84342 3.85076 3.85823 3.86579 3.87339 3.88099 3.88855 3.89601 3.90332 3.91044 3.91732 3.9239 3.93015 3.93601 3.94145 3.94642 3.95089 3.95483 3.9582 3.96099 3.96317 3.96472 3.96564 3.96591 3.96554 3.96453 3.96289 3.96063 3.95777 3.95432 3.95033 3.9458 3.94079 3.93533 3.92945 3.92321 3.91664 3.9098 3.90273 3.89548 3.88811 3.88065 3.87316 3.86568 3.85827 3.85096 3.84378 3.83679 3.83 3.82346 3.81718 3.81119 3.80551 3.80014 3.79511 3.7904 3.78604 3.78201 3.77832 3.77495 3.7719 3.76916 3.76672 3.76456 3.76267 3.76105 3.75967 3.75852 3.7576 3.75688 3.75638 3.75606 3.75594 
3.74976 3.75001 3.75047 3.75114 3.75203 3.75314 3.75448 3.75606 3.75789 3.76 3.76238 3.76506 3.76805 3.77136 3.77501 3.779 3.78335 3.78806 3.79314 3.79858 3.80438 3.81053 3.81702 3.82384 3.83096 3.83836 3.84601 3.85387 3.86191 3.87008 3.87834 3.88665 3.89495 3.90319 3.91132 3.91928 3.92703 3.93451 3.94166 3.94844 3.9548 3.9607 3.96609 3.97093 3.97519 3.97885 3.98186 3.98421 3.98589 3.98687 3.98717 3.98676 3.98566 3.98388 3.98143 3.97832 3.97458 3.97024 3.96533 3.95989 3.95396 3.94757 3.94078 3.93363 3.92618 3.91848 3.91058 3.90253 3.89439 3.88621 3.87803 3.86992 3.86191 3.85405 3.84637 3.83892 3.83173 3.82483 3.81823 3.81196 3.80604 3.80048 3.79528 3.79045 3.78599 3.78189 3.77814 3.77475 3.7717 3.76897 3.76656 3.76445 3.76262 3.76107 3.75977 3.75872 3.75791 3.75732 3.75695 3.75679 
3.75065 3.75091 3.75141 3.75214 3.7531 3.75432 3.75579 3.75753 3.75955 3.76187 3.7645 3.76745 3.77075 3.77441 3.77843 3.78283 3.78762 3.79281 3.7984 3.80438 3.81075 3.8175 3.82463 3.8321 3.8399 3.84799 3.85635 3.86493 3.8737 3.88261 3.89161 3.90065 3.90967 3.91862 3.92745 3.93609 3.94448 3.95258 3.96032 3.96765 3.97453 3.9809 3.98672 3.99194 3.99654 4.00047 4.00372 4.00625 4.00805 4.00911 4.00942 4.00898 4.00779 4.00586 4.00321 3.99985 3.99581 3.99112 3.98581 3.97993 3.97351 3.96659 3.95924 3.9515 3.94342 3.93506 3.92648 3.91773 3.90888 3.89998 3.89107 3.88223 3.87349 3.86491 3.85652 3.84838 3.8405 3.83294 3.8257 3.81883 3.81232 3.8062 3.80048 3.79515 3.79022 3.78569 3.78156 3.7778 3.77441 3.77138 3.7687 3.76635 3.76431 3.76257 3.76111 3.75993 3.75901 3.75833 3.7579 3.75771 
3.7516 3.75188 3.75241 3.7532 3.75425 3.75558 3.75719 3.7591 3.76132 3.76387 3.76676 3.77001 3.77364 3.77765 3.78207 3.78691 3.79217 3.79786 3.80398 3.81053 3.8175 3.82489 3.83267 3.84083 3.84933 3.85815 3.86725 3.87659 3.88612 3.8958 3.90556 3.91535 3.92512 3.93481 3.94435 3.95368 3.96274 3.97147 3.97982 3.98772 3.99512 4.00197 4.00822 4.01384 4.01877 4.023 4.02648 4.02919 4.03113 4.03226 4.03259 4.03211 4.03083 4.02875 4.0259 4.02228 4.01794 4.01289 4.00718 4.00084 3.99392 3.98646 3.97853 3.97017 3.96145 3.95242 3.94314 3.93367 3.92409 3.91443 3.90478 3.89517 3.88568 3.87634 3.86722 3.85834 3.84976 3.8415 3.8336 3.82608 3.81896 3.81226 3.80598 3.80013 3.79472 3.78974 3.78518 3.78103 3.77729 3.77395 3.77097 3.76836 3.7661 3.76416 3.76253 3.76121 3.76017 3.75941 3.75891 3.75868 
3.75261 3.7529 3.75347 3.75432 3.75547 3.75691 3.75868 3.76077 3.7632 3.76599 3.76916 3.77272 3.77669 3.78109 3.78593 3.79122 3.79697 3.80319 3.80987 3.81702 3.82463 3.83267 3.84114 3.85001 3.85925 3.86883 3.87869 3.88881 3.89913 3.90959 3.92014 3.93071 3.94125 3.95169 3.96196 3.972 3.98174 3.99112 4.00008 4.00856 4.01649 4.02383 4.03053 4.03654 4.04182 4.04634 4.05006 4.05296 4.05502 4.05623 4.05657 4.05606 4.05468 4.05246 4.0494 4.04553 4.04087 4.03546 4.02933 4.02253 4.01511 4.0071 3.99858 3.9896 3.98022 3.97049 3.9605 3.9503 3.93995 3.92953 3.9191 3.90871 3.89844 3.88833 3.87843 3.8688 3.85948 3.8505 3.8419 3.83371 3.82595 3.81864 3.81178 3.80539 3.79946 3.794 3.789 3.78445 3.78034 3.77666 3.77338 3.7705 3.76799 3.76585 3.76404 3.76257 3.76141 3.76055 3.75999 3.75971 
3.75368 3.75398 3.75459 3.75551 3.75675 3.75833 3.76025 3.76253 3.76519 3.76824 3.7717 3.77558 3.77992 3.78472 3.79 3.79577 3.80203 3.8088 3.81607 3.82384 3.8321 3.84083 3.85001 3.85962 3.86962 3.87997 3.89063 3.90155 3.91267 3.92394 3.9353 3.94667 3.95799 3.9692 3.98021 3.99097 4.00141 4.01145 4.02103 4.03008 4.03856 4.04639 4.05354 4.05994 4.06557 4.07038 4.07434 4.07743 4.07962 4.0809 4.08127 4.08071 4.07924 4.07687 4.07361 4.06948 4.06451 4.05873 4.05219 4.04493 4.03699 4.02843 4.01931 4.0097 3.99964 3.98922 3.97849 3.96754 3.95642 3.94522 3.93399 3.9228 3.91172 3.90081 3.89012 3.87971 3.86963 3.85991 3.85059 3.8417 3.83327 3.82532 3.81787 3.8109 3.80445 3.79849 3.79303 3.78805 3.78355 3.77951 3.77592 3.77275 3.76999 3.76763 3.76563 3.764 3.76271 3.76175 3.76112 3.7608 
3.75481 3.75512 3.75577 3.75677 3.75811 3.75982 3.76191 3.76439 3.76728 3.7706 3.77436 3.7786 3.78331 3.78853 3.79427 3.80053 3.80733 3.81467 3.82255 3.83096 3.8399 3.84933 3.85925 3.86962 3.8804 3.89155 3.90302 3.91476 3.92671 3.9388 3.95097 3.96316 3.97527 3.98726 3.99903 4.01052 4.02165 4.03235 4.04256 4.0522 4.06121 4.06954 4.07713 4.08394 4.08991 4.09502 4.09922 4.10249 4.10481 4.10617 4.10656 4.10597 4.1044 4.10188 4.09841 4.09402 4.08874 4.0826 4.07564 4.06792 4.05947 4.05035 4.04063 4.03037 4.01964 4.00851 3.99705 3.98533 3.97343 3.96143 3.94938 3.93738 3.92548 3.91375 3.90225 3.89104 3.88017 3.86969 3.85963 3.85002 3.84091 3.8323 3.82422 3.81667 3.80965 3.80318 3.79724 3.79182 3.78692 3.78251 3.77858 3.77511 3.77209 3.7695 3.76731 3.76551 3.76408 3.76302 3.76231 3.76195 
3.75599 3.75632 3.75701 3.75808 3.75954 3.76139 3.76365 3.76634 3.76947 3.77307 3.77716 3.78174 3.78686 3.79251 3.79872 3.8055 3.81285 3.82078 3.82929 3.83836 3.84799 3.85815 3.86883 3.87997 3.89155 3.90351 3.91581 3.92838 3.94117 3.9541 3.9671 3.9801 3.99303 4.00579 4.01832 4.03054 4.04237 4.05374 4.06457 4.07479 4.08435 4.09317 4.10121 4.10841 4.11473 4.12012 4.12456 4.12802 4.13047 4.13191 4.13231 4.13168 4.13003 4.12736 4.12369 4.11905 4.11346 4.10695 4.09958 4.09139 4.08243 4.07276 4.06244 4.05154 4.04013 4.02828 4.01608 4.00359 3.9909 3.97809 3.96523 3.95239 3.93966 3.9271 3.91477 3.90275 3.89108 3.87981 3.86898 3.85865 3.84882 3.83954 3.83081 3.82265 3.81507 3.80806 3.80162 3.79575 3.79042 3.78563 3.78136 3.77758 3.77429 3.77145 3.76906 3.76708 3.76552 3.76435 3.76356 3.76315 
3.75723 3.75757 3.75831 3.75946 3.76103 3.76303 3.76547 3.76837 3.77176 3.77565 3.78006 3.78502 3.79054 3.79664 3.80334 3.81065 3.81857 3.8271 3.83625 3.84601 3.85635 3.86725 3.87869 3.89063 3.90302 3.91581 3.92895 3.94237 3.956 3.96977 3.98361 3.99743 4.01116 4.02471 4.038 4.05095 4.06348 4.0755 4.08696 4.09776 4.10785 4.11716 4.12564 4.13323 4.13989 4.14557 4.15025 4.15389 4.15647 4.15798 4.1584 4.15774 4.15599 4.15318 4.14931 4.14442 4.13852 4.13166 4.12388 4.11523 4.10576 4.09554 4.08462 4.07309 4.061 4.04844 4.0355 4.02224 4.00876 3.99513 3.98144 3.96777 3.9542 3.94079 3.92763 3.91478 3.90229 3.89022 3.87862 3.86753 3.85699 3.84701 3.83763 3.82885 3.82068 3.81312 3.80617 3.79982 3.79406 3.78887 3.78424 3.78015 3.77657 3.77348 3.77088 3.76873 3.76702 3.76573 3.76487 3.7644 
3.75851 3.75887 3.75966 3.76089 3.76258 3.76472 3.76735 3.77048 3.77413 3.77832 3.78307 3.78841 3.79435 3.80091 3.80811 3.81596 3.82446 3.83362 3.84342 3.85387 3.86493 3.87659 3.88881 3.90155 3.91476 3.92838 3.94237 3.95663 3.97111 3.98573 4.00041 4.01505 4.02959 4.04392 4.05796 4.07164 4.08486 4.09753 4.1096 4.12097 4.13159 4.14138 4.15029 4.15827 4.16526 4.17123 4.17613 4.17995 4.18266 4.18424 4.18468 4.18399 4.18216 4.1792 4.17514 4.17 4.16381 4.1566 4.14842 4.13931 4.12935 4.11858 4.10708 4.09491 4.08215 4.06889 4.0552 4.04118 4.0269 4.01246 3.99795 3.98344 3.96902 3.95477 3.94076 3.92707 3.91376 3.90088 3.8885 3.87665 3.86537 3.85469 3.84463 3.83521 3.82644 3.81832 3.81085 3.80402 3.79781 3.79222 3.78722 3.7828 3.77893 3.77559 3.77276 3.77043 3.76857 3.76717 3.76622 3.76571 
3.75984 3.76021 3.76105 3.76237 3.76418 3.76648 3.7693 3.77266 3.77658 3.78108 3.78618 3.7919 3.79827 3.8053 3.81301 3.82141 3.8305 3.84029 3.85076 3.86191 3.8737 3.88612 3.89913 3.91267 3.92671 3.94117 3.956 3.97111 3.98645 4.00191 4.01741 4.03288 4.04821 4.06331 4.0781 4.09249 4.10639 4.11971 4.13238 4.14431 4.15545 4.16571 4.17504 4.18339 4.19071 4.19695 4.20208 4.20607 4.2089 4.21055 4.21102 4.21029 4.20838 4.20529 4.20104 4.19566 4.18917 4.18162 4.17305 4.16351 4.15306 4.14176 4.12967 4.11689 4.10347 4.08951 4.0751 4.06031 4.04525 4.03 4.01466 3.99931 3.98405 3.96895 3.9541 3.93957 3.92543 3.91174 3.89857 3.88594 3.87392 3.86253 3.85179 3.84173 3.83235 3.82366 3.81565 3.80833 3.80167 3.79566 3.79029 3.78553 3.78136 3.77776 3.77471 3.77218 3.77017 3.76866 3.76762 3.76706 
3.7612 3.76159 3.76249 3.76389 3.76582 3.76829 3.77131 3.7749 3.77909 3.7839 3.78935 3.79547 3.80228 3.80979 3.81802 3.82697 3.83666 3.84709 3.85823 3.87008 3.88261 3.8958 3.90959 3.92394 3.9388 3.9541 3.96977 3.98573 4.00191 4.0182 4.03453 4.05081 4.06692 4.08279 4.09831 4.1134 4.12796 4.14191 4.15517 4.16765 4.17928 4.19 4.19974 4.20846 4.21609 4.2226 4.22794 4.2321 4.23505 4.23677 4.23726 4.2365 4.23451 4.23129 4.22686 4.22125 4.21449 4.20661 4.19766 4.18769 4.17677 4.16495 4.1523 4.13891 4.12484 4.1102 4.09507 4.07954 4.0637 4.04765 4.0315 4.01532 3.99921 3.98327 3.96758 3.95221 3.93724 3.92274 3.90877 3.89538 3.8826 3.87049 3.85907 3.84836 3.83836 3.82909 3.82055 3.81272 3.8056 3.79917 3.79342 3.78832 3.78385 3.77998 3.7767 3.77399 3.77182 3.77018 3.76906 3.76845 
3.7626 3.76301 3.76396 3.76545 3.76751 3.77013 3.77335 3.77718 3.78165 3.78678 3.79259 3.79911 3.80636 3.81435 3.8231 3.83262 3.84291 3.85397 3.86579 3.87834 3.89161 3.90556 3.92014 3.9353 3.95097 3.9671 3.98361 4.00041 4.01741 4.03453 4.05168 4.06874 4.08563 4.10224 4.11848 4.13425 4.14946 4.16402 4.17784 4.19085 4.20297 4.21413 4.22427 4.23333 4.24126 4.24803 4.25358 4.25791 4.26097 4.26276 4.26326 4.26248 4.26041 4.25707 4.25247 4.24664 4.23961 4.23141 4.2221 4.21172 4.20034 4.18802 4.17482 4.16084 4.14615 4.13084 4.11501 4.09875 4.08215 4.06532 4.04836 4.03136 4.01443 3.99765 3.98112 3.96492 3.94913 3.93382 3.91905 3.90489 3.89137 3.87854 3.86643 3.85506 3.84445 3.8346 3.82551 3.81718 3.8096 3.80275 3.79661 3.79116 3.78638 3.78224 3.77873 3.77583 3.7735 3.77174 3.77053 3.76987 
3.76402 3.76445 3.76545 3.76704 3.76922 3.77201 3.77543 3.7795 3.78425 3.7897 3.79587 3.80279 3.81048 3.81895 3.82823 3.83831 3.8492 3.8609 3.87339 3.88665 3.90065 3.91535 3.93071 3.94667 3.96316 3.9801 3.99743 4.01505 4.03288 4.05081 4.06874 4.08658 4.10421 4.12155 4.13849 4.15492 4.17076 4.1859 4.20028 4.21379 4.22638 4.23796 4.24847 4.25787 4.26609 4.2731 4.27886 4.28333 4.28651 4.28836 4.28888 4.28807 4.28594 4.28248 4.27772 4.27168 4.26439 4.2559 4.24624 4.23547 4.22365 4.21084 4.19713 4.18258 4.16728 4.15133 4.13481 4.11783 4.1005 4.0829 4.06515 4.04736 4.02961 4.01201 3.99466 3.97763 3.96103 3.94492 3.92936 3.91443 3.90017 3.88663 3.87383 3.86181 3.85058 3.84015 3.83052 3.82168 3.81363 3.80635 3.79983 3.79403 3.78894 3.78454 3.7808 3.77769 3.77521 3.77332 3.77203 3.77131 
3.76546 3.76591 3.76697 3.76864 3.77095 3.77391 3.77753 3.78184 3.78687 3.79264 3.79917 3.8065 3.81462 3.82358 3.83338 3.84402 3.85551 3.86784 3.88099 3.89495 3.90967 3.92512 3.94125 3.95799 3.97527 3.99303 4.01116 4.02959 4.04821 4.06692 4.08563 4.10421 4.12258 4.14062 4.15822 4.17529 4.19173 4.20744 4.22234 4.23634 4.24937 4.26135 4.27223 4.28194 4.29044 4.29768 4.30363 4.30825 4.31153 4.31345 4.31399 4.31316 4.31095 4.30739 4.30247 4.29624 4.28871 4.27993 4.26995 4.2588 4.24657 4.2333 4.21908 4.20398 4.1881 4.17153 4.15436 4.13669 4.11864 4.1003 4.08179 4.0632 4.04466 4.02626 4.0081 3.99027 3.97287 3.95597 3.93964 3.92395 3.90896 3.89471 3.88123 3.86856 3.85672 3.84571 3.83553 3.8262 3.81768 3.80998 3.80307 3.79692 3.79152 3.78685 3.78287 3.77957 3.77693 3.77492 3.77354 3.77277 
3.76691 3.76737 3.76849 3.77025 3.77269 3.77581 3.77964 3.78419 3.7895 3.79559 3.80248 3.8102 3.81876 3.8282 3.83851 3.8497 3.86178 3.87474 3.88855 3.90319 3.91862 3.93481 3.95169 3.9692 3.98726 4.00579 4.02471 4.04392 4.06331 4.08279 4.10224 4.12155 4.14062 4.15933 4.17758 4.19526 4.21227 4.22852 4.24392 4.25838 4.27183 4.28419 4.29541 4.30542 4.31418 4.32164 4.32776 4.33252 4.3359 4.33788 4.33844 4.33759 4.33532 4.33165 4.3266 4.32018 4.31243 4.30339 4.29309 4.2816 4.26896 4.25526 4.24056 4.22495 4.20851 4.19134 4.17354 4.15521 4.13646 4.11741 4.09816 4.07882 4.0595 4.04032 4.02137 4.00276 3.98458 3.9669 3.94981 3.93338 3.91767 3.90272 3.88858 3.87527 3.86282 3.85124 3.84053 3.83069 3.82172 3.8136 3.8063 3.79981 3.79411 3.78916 3.78496 3.78146 3.77866 3.77653 3.77506 3.77424 
3.76835 3.76884 3.77 3.77186 3.77442 3.77771 3.78173 3.78653 3.79211 3.79851 3.80576 3.81387 3.82287 3.83277 3.84359 3.85533 3.86799 3.88155 3.89601 3.91132 3.92745 3.94435 3.96196 3.98021 3.99903 4.01832 4.038 4.05796 4.0781 4.09831 4.11848 4.13849 4.15822 4.17758 4.19644 4.2147 4.23226 4.24902 4.26489 4.27978 4.29363 4.30635 4.31789 4.32818 4.33718 4.34484 4.35113 4.35603 4.3595 4.36153 4.36211 4.36124 4.35892 4.35516 4.34998 4.34339 4.33543 4.32613 4.31555 4.30372 4.29072 4.27661 4.26146 4.24535 4.22838 4.21065 4.19225 4.17329 4.15388 4.13414 4.11417 4.0941 4.07404 4.05411 4.0344 4.01503 3.99608 3.97765 3.95983 3.94267 3.92626 3.91063 3.89583 3.8819 3.86885 3.85671 3.84548 3.83515 3.82572 3.81718 3.80951 3.80268 3.79667 3.79146 3.78703 3.78334 3.78038 3.77813 3.77657 3.7757 
3.76978 3.77029 3.77151 3.77346 3.77614 3.77959 3.78381 3.78884 3.79469 3.80141 3.809 3.81749 3.82691 3.83728 3.84859 3.86086 3.87408 3.88824 3.90332 3.91928 3.93609 3.95368 3.972 3.99097 4.01052 4.03054 4.05095 4.07164 4.09249 4.1134 4.13425 4.15492 4.17529 4.19526 4.2147 4.23351 4.25158 4.26882 4.28513 4.30044 4.31465 4.32771 4.33954 4.3501 4.35932 4.36718 4.37362 4.37864 4.3822 4.38428 4.38488 4.384 4.38163 4.37778 4.37248 4.36573 4.35758 4.34805 4.3372 4.32507 4.31172 4.29722 4.28165 4.26508 4.24762 4.22935 4.21038 4.19082 4.17078 4.15038 4.12974 4.10897 4.0882 4.06753 4.0471 4.02699 4.00731 3.98816 3.96962 3.95176 3.93466 3.91837 3.90294 3.8884 3.87477 3.86208 3.85034 3.83953 3.82966 3.82072 3.81267 3.80551 3.79921 3.79374 3.78907 3.7852 3.78208 3.77971 3.77807 3.77715 
3.77119 3.77172 3.77299 3.77503 3.77784 3.78144 3.78585 3.79111 3.79723 3.80424 3.81217 3.82104 3.83087 3.84168 3.85347 3.86626 3.88002 3.89476 3.91044 3.92703 3.94448 3.96274 3.98174 4.00141 4.02165 4.04237 4.06348 4.08486 4.10639 4.12796 4.14946 4.17076 4.19173 4.21227 4.23226 4.25158 4.27014 4.28782 4.30455 4.32024 4.3348 4.34816 4.36027 4.37106 4.3805 4.38853 4.39512 4.40025 4.40389 4.40602 4.40664 4.40574 4.40333 4.39941 4.39399 4.3871 4.37878 4.36904 4.35794 4.34552 4.33185 4.317 4.30103 4.28403 4.2661 4.24733 4.22782 4.2077 4.18706 4.16604 4.14476 4.12333 4.10187 4.08052 4.05938 4.03857 4.01819 3.99835 3.97912 3.96059 3.94283 3.9259 3.90985 3.89472 3.88054 3.86732 3.85508 3.84381 3.83351 3.82417 3.81577 3.80828 3.80169 3.79596 3.79108 3.78702 3.78376 3.78127 3.77955 3.77858 
3.77257 3.77311 3.77444 3.77656 3.77948 3.78324 3.78784 3.79332 3.79969 3.80699 3.81525 3.82448 3.83471 3.84594 3.8582 3.87148 3.88577 3.90106 3.91732 3.93451 3.95258 3.97147 3.99112 4.01145 4.03235 4.05374 4.0755 4.09753 4.11971 4.14191 4.16402 4.1859 4.20744 4.22852 4.24902 4.26882 4.28782 4.30593 4.32304 4.33907 4.35395 4.3676 4.37996 4.39098 4.40061 4.4088 4.41552 4.42075 4.42447 4.42665 4.42728 4.42637 4.42392 4.41993 4.41442 4.4074 4.39891 4.38898 4.37765 4.36498 4.35101 4.33583 4.31949 4.3021 4.28373 4.26449 4.24449 4.22383 4.20264 4.18104 4.15914 4.13709 4.11499 4.09299 4.07119 4.04971 4.02866 4.00815 3.98827 3.9691 3.95071 3.93317 3.91653 3.90084 3.88612 3.87239 3.85967 3.84796 3.83724 3.82752 3.81877 3.81097 3.8041 3.79813 3.79304 3.7888 3.78539 3.78279 3.78099 3.77998 
3.7739 3.77446 3.77584 3.77804 3.78108 3.78498 3.78976 3.79545 3.80207 3.80965 3.81822 3.82779 3.8384 3.85004 3.86274 3.87649 3.89128 3.9071 3.9239 3.94166 3.96032 3.97982 4.00008 4.02103 4.04256 4.06457 4.08696 4.1096 4.13238 4.15517 4.17784 4.20028 4.22234 4.24392 4.26489 4.28513 4.30455 4.32304 4.34051 4.35686 4.37203 4.38594 4.39854 4.40975 4.41955 4.42789 4.43474 4.44006 4.44384 4.44606 4.44672 4.4458 4.44331 4.43926 4.43366 4.42653 4.41789 4.40779 4.39626 4.38334 4.36911 4.35362 4.33695 4.31919 4.30042 4.28075 4.26028 4.23913 4.21742 4.19527 4.17281 4.15017 4.12748 4.10485 4.08243 4.06032 4.03865 4.01751 3.99701 3.97722 3.95824 3.94012 3.92293 3.9067 3.89147 3.87725 3.86408 3.85194 3.84083 3.83074 3.82166 3.81356 3.80642 3.80022 3.79492 3.79051 3.78697 3.78426 3.78238 3.78132 
3.77518 3.77576 3.77718 3.77946 3.78261 3.78665 3.7916 3.79748 3.80434 3.81218 3.82105 3.83095 3.84191 3.85395 3.86706 3.88126 3.89652 3.91282 3.93015 3.94844 3.96765 3.98772 4.00856 4.03008 4.0522 4.07479 4.09776 4.12097 4.14431 4.16765 4.19085 4.21379 4.23634 4.25838 4.27978 4.30044 4.32024 4.33907 4.35686 4.37351 4.38894 4.40309 4.4159 4.4273 4.43726 4.44573 4.45268 4.45809 4.46193 4.46419 4.46486 4.46394 4.46142 4.45732 4.45164 4.4444 4.43564 4.42538 4.41366 4.40053 4.38605 4.37029 4.35332 4.33522 4.31608 4.29601 4.27512 4.25352 4.23133 4.20867 4.18569 4.1625 4.13924 4.11605 4.09304 4.07035 4.04809 4.02636 4.00528 3.98492 3.96538 3.94672 3.929 3.91226 3.89654 3.88188 3.86827 3.85572 3.84424 3.83381 3.82441 3.81603 3.80864 3.80221 3.79673 3.79215 3.78848 3.78567 3.78372 3.78262 
3.77639 3.77699 3.77845 3.78081 3.78406 3.78822 3.79333 3.79941 3.80648 3.81458 3.82372 3.83393 3.84522 3.85762 3.87113 3.88574 3.90144 3.91821 3.93601 3.9548 3.97453 3.99512 4.01649 4.03856 4.06121 4.08435 4.10785 4.13159 4.15545 4.17928 4.20297 4.22638 4.24937 4.27183 4.29363 4.31465 4.3348 4.35395 4.37203 4.38894 4.40462 4.41898 4.43197 4.44354 4.45363 4.46223 4.46928 4.47476 4.47866 4.48096 4.48164 4.48071 4.47817 4.47402 4.46827 4.46094 4.45206 4.44166 4.42978 4.41646 4.40176 4.38575 4.3685 4.3501 4.33063 4.3102 4.28892 4.2669 4.24427 4.22115 4.19769 4.174 4.15023 4.1265 4.10296 4.07972 4.05691 4.03464 4.01302 3.99213 3.97207 3.9529 3.93469 3.91748 3.90132 3.88622 3.87221 3.85929 3.84745 3.8367 3.82701 3.81836 3.81073 3.8041 3.79843 3.79371 3.7899 3.787 3.78499 3.78384 
3.77753 3.77814 3.77965 3.78207 3.78541 3.7897 3.79496 3.80121 3.80848 3.81681 3.82621 3.8367 3.84831 3.86104 3.87491 3.8899 3.90601 3.9232 3.94145 3.9607 3.9809 4.00197 4.02383 4.04639 4.06954 4.09317 4.11716 4.14138 4.16571 4.19 4.21413 4.23796 4.26135 4.28419 4.30635 4.32771 4.34816 4.3676 4.38594 4.40309 4.41898 4.43353 4.44669 4.4584 4.46863 4.47732 4.48446 4.49001 4.49396 4.49629 4.49699 4.49606 4.49349 4.4893 4.48349 4.47609 4.4671 4.45658 4.44455 4.43106 4.41617 4.39994 4.38244 4.36376 4.34399 4.32324 4.30161 4.27921 4.25619 4.23265 4.20874 4.1846 4.16036 4.13615 4.11212 4.08838 4.06507 4.04231 4.02019 3.99881 3.97827 3.95863 3.93997 3.92233 3.90575 3.89025 3.87587 3.8626 3.85044 3.83939 3.82943 3.82053 3.81268 3.80586 3.80002 3.79516 3.79124 3.78825 3.78617 3.78499 
3.77858 3.7792 3.78075 3.78323 3.78666 3.79106 3.79645 3.80287 3.81033 3.81886 3.82849 3.83925 3.85114 3.86418 3.87837 3.89371 3.91019 3.92777 3.94642 3.96609 3.98672 4.00822 4.03053 4.05354 4.07713 4.10121 4.12564 4.15029 4.17504 4.19974 4.22427 4.24847 4.27223 4.29541 4.31789 4.33954 4.36027 4.37996 4.39854 4.4159 4.43197 4.44669 4.46 4.47184 4.48217 4.49096 4.49818 4.50379 4.50778 4.51014 4.51085 4.50992 4.50733 4.50311 4.49725 4.48977 4.4807 4.47007 4.45791 4.44427 4.4292 4.41278 4.39506 4.37614 4.35611 4.33507 4.31312 4.29039 4.26701 4.2431 4.21879 4.19424 4.16957 4.14493 4.12046 4.09627 4.07251 4.04929 4.02673 4.00491 3.98393 3.96387 3.9448 3.92676 3.9098 3.89395 3.87923 3.86564 3.85319 3.84186 3.83165 3.82253 3.81448 3.80747 3.80149 3.79649 3.79247 3.7894 3.78726 3.78605 
3.77953 3.78017 3.78175 3.78429 3.78779 3.7923 3.79781 3.80437 3.812 3.82072 3.83056 3.84155 3.85369 3.86701 3.88149 3.89715 3.91395 3.93188 3.95089 3.97093 3.99194 4.01384 4.03654 4.05994 4.08394 4.10841 4.13323 4.15827 4.18339 4.20846 4.23333 4.25787 4.28194 4.30542 4.32818 4.3501 4.37106 4.39098 4.40975 4.4273 4.44354 4.4584 4.47184 4.48379 4.49422 4.5031 4.51038 4.51604 4.52007 4.52246 4.52318 4.52224 4.51964 4.51539 4.50948 4.50195 4.4928 4.48207 4.4698 4.45603 4.44082 4.42422 4.40632 4.38718 4.36692 4.34562 4.3234 4.30037 4.27667 4.25243 4.22778 4.20286 4.17782 4.1528 4.12793 4.10335 4.07918 4.05556 4.03259 4.01038 3.98902 3.96858 3.94914 3.93075 3.91345 3.89728 3.88225 3.86838 3.85566 3.84409 3.83366 3.82434 3.8161 3.80894 3.80282 3.79771 3.79359 3.79045 3.78826 3.78702 
3.78038 3.78103 3.78264 3.78523 3.7888 3.79339 3.79902 3.8057 3.81347 3.82236 3.83239 3.84358 3.85595 3.8695 3.88425 3.90018 3.91727 3.9355 3.95483 3.97519 3.99654 4.01877 4.04182 4.06557 4.08991 4.11473 4.13989 4.16526 4.19071 4.21609 4.24126 4.26609 4.29044 4.31418 4.33718 4.35932 4.3805 4.40061 4.41955 4.43726 4.45363 4.46863 4.48217 4.49422 4.50474 4.51368 4.52102 4.52673 4.53079 4.5332 4.53393 4.53299 4.53038 4.5261 4.52016 4.51257 4.50336 4.49255 4.48019 4.46631 4.45096 4.43422 4.41615 4.39683 4.37637 4.35485 4.33239 4.30911 4.28514 4.26061 4.23565 4.21042 4.18505 4.15969 4.13448 4.10955 4.08504 4.06107 4.03775 4.01519 3.99349 3.97272 3.95296 3.93426 3.91667 3.90021 3.88492 3.8708 3.85785 3.84607 3.83543 3.82593 3.81754 3.81024 3.80399 3.79878 3.79458 3.79138 3.78914 3.78787 
3.78111 3.78177 3.78341 3.78604 3.78968 3.79434 3.80006 3.80685 3.81475 3.82378 3.83397 3.84533 3.85789 3.87165 3.88662 3.90278 3.92012 3.93861 3.9582 3.97885 4.00047 4.023 4.04634 4.07038 4.09502 4.12012 4.14557 4.17123 4.19695 4.2226 4.24803 4.2731 4.29768 4.32164 4.34484 4.36718 4.38853 4.4088 4.42789 4.44573 4.46223 4.47732 4.49096 4.5031 4.51368 4.52268 4.53006 4.53581 4.5399 4.54233 4.54307 4.54213 4.53951 4.53521 4.52923 4.5216 4.51234 4.50147 4.48902 4.47505 4.45959 4.44273 4.42452 4.40505 4.38441 4.36271 4.34005 4.31655 4.29235 4.26758 4.24237 4.21687 4.19122 4.16558 4.14008 4.11485 4.09004 4.06577 4.04216 4.01931 3.99732 3.97627 3.95624 3.93727 3.91943 3.90273 3.88721 3.87288 3.85973 3.84776 3.83696 3.82731 3.81879 3.81136 3.80501 3.79971 3.79544 3.79218 3.78991 3.78862 
3.78173 3.7824 3.78406 3.78672 3.79041 3.79514 3.80093 3.80781 3.81581 3.82496 3.83528 3.84679 3.8595 3.87343 3.88858 3.90493 3.92248 3.94118 3.96099 3.98186 4.00372 4.02648 4.05006 4.07434 4.09922 4.12456 4.15025 4.17613 4.20208 4.22794 4.25358 4.27886 4.30363 4.32776 4.35113 4.37362 4.39512 4.41552 4.43474 4.45268 4.46928 4.48446 4.49818 4.51038 4.52102 4.53006 4.53749 4.54327 4.54738 4.54982 4.55057 4.54963 4.547 4.54268 4.53668 4.52902 4.51971 4.50878 4.49627 4.48222 4.46668 4.44971 4.43139 4.4118 4.39102 4.36916 4.34634 4.32267 4.29828 4.2733 4.24788 4.22217 4.1963 4.17042 4.14468 4.11922 4.09416 4.06965 4.0458 4.02271 4.00048 3.9792 3.95894 3.93976 3.92171 3.90482 3.88911 3.8746 3.86129 3.84917 3.83823 3.82846 3.81982 3.8123 3.80586 3.80049 3.79616 3.79286 3.79055 3.78924 
3.78222 3.7829 3.78458 3.78727 3.79099 3.79577 3.80162 3.80857 3.81666 3.82589 3.83631 3.84793 3.86077 3.87483 3.89012 3.90662 3.92432 3.94318 3.96317 3.98421 4.00625 4.02919 4.05296 4.07743 4.10249 4.12802 4.15389 4.17995 4.20607 4.2321 4.25791 4.28333 4.30825 4.33252 4.35603 4.37864 4.40025 4.42075 4.44006 4.45809 4.47476 4.49001 4.50379 4.51604 4.52673 4.53581 4.54327 4.54907 4.5532 4.55566 4.55641 4.55547 4.55284 4.5485 4.54248 4.53479 4.52545 4.51448 4.50191 4.4878 4.47219 4.45515 4.43673 4.41704 4.39616 4.37418 4.35123 4.32742 4.30288 4.27775 4.25218 4.22629 4.20024 4.17419 4.14826 4.12261 4.09737 4.07267 4.04863 4.02535 4.00294 3.98148 3.96105 3.94171 3.92349 3.90645 3.8906 3.87595 3.86251 3.85028 3.83923 3.82936 3.82064 3.81304 3.80654 3.80111 3.79674 3.79339 3.79106 3.78974 
3.78259 3.78327 3.78496 3.78767 3.79142 3.79623 3.80212 3.80913 3.81727 3.82657 3.83706 3.84876 3.86168 3.87583 3.89122 3.90783 3.92564 3.94462 3.96472 3.98589 4.00805 4.03113 4.05502 4.07962 4.10481 4.13047 4.15647 4.18266 4.2089 4.23505 4.26097 4.28651 4.31153 4.3359 4.3595 4.3822 4.40389 4.42447 4.44384 4.46193 4.47866 4.49396 4.50778 4.52007 4.53079 4.5399 4.54738 4.5532 4.55735 4.55981 4.56057 4.55963 4.55699 4.55265 4.54661 4.5389 4.52953 4.51853 4.50592 4.49177 4.47611 4.459 4.44053 4.42076 4.3998 4.37774 4.3547 4.33079 4.30615 4.28091 4.25521 4.22921 4.20304 4.17686 4.1508 4.12502 4.09965 4.07482 4.05064 4.02723 4.0047 3.98311 3.96256 3.94309 3.92477 3.90762 3.89166 3.87692 3.8634 3.85108 3.83996 3.83002 3.82123 3.81358 3.80703 3.80156 3.79716 3.79379 3.79144 3.79011 
3.78282 3.7835 3.7852 3.78792 3.79169 3.79652 3.80244 3.80947 3.81764 3.82698 3.83751 3.84926 3.86223 3.87644 3.89188 3.90855 3.92642 3.94547 3.96564 3.98687 4.00911 4.03226 4.05623 4.0809 4.10617 4.13191 4.15798 4.18424 4.21055 4.23677 4.26276 4.28836 4.31345 4.33788 4.36153 4.38428 4.40602 4.42665 4.44606 4.46419 4.48096 4.49629 4.51014 4.52246 4.5332 4.54233 4.54982 4.55566 4.55981 4.56228 4.56304 4.5621 4.55945 4.5551 4.54906 4.54133 4.53194 4.52092 4.50829 4.4941 4.47841 4.46127 4.44276 4.42295 4.40193 4.37982 4.35672 4.33276 4.30805 4.28275 4.25699 4.23091 4.20467 4.17841 4.15228 4.12643 4.10098 4.07607 4.05182 4.02834 4.00573 3.98407 3.96345 3.94392 3.92553 3.90831 3.8923 3.87751 3.86393 3.85156 3.8404 3.83041 3.82159 3.81391 3.80733 3.80184 3.79742 3.79404 3.79168 3.79034 
