3.49409 3.4943 3.49453 3.49478 3.49504 3.49531 3.4956 3.49591 3.49624 3.49659 3.49696 3.49736 3.49779 3.49824 3.49873 3.49926 3.49982 3.50043 3.50108 3.50178 3.50254 3.50334 3.5042 3.50511 3.50607 3.50709 3.50815 3.50926 3.51042 3.51162 3.51284 3.5141 3.51538 3.51666 3.51795 3.51924 3.5205 3.52174 3.52295 3.52411 3.52521 3.52624 3.5272 3.52807 3.52885 3.52952 3.53009 3.53054 3.53088 3.53109 3.53118 3.53115 3.53099 3.53071 3.53032 3.5298 3.52918 3.52846 3.52764 3.52673 3.52575 3.5247 3.52358 3.52242 3.52123 3.52 3.51876 3.51751 3.51626 3.51502 3.5138 3.51261 3.51146 3.51034 3.50928 3.50826 3.50731 3.50641 3.50557 3.5048 3.50409 3.50345 3.50288 3.50236 3.50191 3.50152 3.50119 3.50092 3.5007 3.50053 3.50041 3.50033 3.5003 3.5003 3.50034 3.50041 3.50051 3.50063 3.50078 3.50095 
3.4943 3.49451 3.49474 3.49499 3.49525 3.49552 3.49582 3.49613 3.49646 3.49681 3.49718 3.49758 3.498 3.49846 3.49895 3.49948 3.50005 3.50067 3.50133 3.50203 3.50279 3.50361 3.50447 3.50539 3.50637 3.5074 3.50848 3.5096 3.51078 3.51199 3.51324 3.51451 3.5158 3.51711 3.51842 3.51972 3.521 3.52226 3.52349 3.52466 3.52578 3.52683 3.5278 3.52868 3.52947 3.53016 3.53073 3.53119 3.53153 3.53175 3.53184 3.53181 3.53165 3.53136 3.53096 3.53044 3.52981 3.52907 3.52824 3.52732 3.52632 3.52525 3.52412 3.52295 3.52173 3.52049 3.51922 3.51795 3.51669 3.51543 3.5142 3.51299 3.51182 3.51069 3.50961 3.50858 3.50761 3.5067 3.50586 3.50507 3.50436 3.50371 3.50312 3.5026 3.50215 3.50176 3.50142 3.50114 3.50092 3.50075 3.50063 3.50055 3.50051 3.50051 3.50055 3.50062 3.50072 3.50084 3.50099 3.50116 
3.49453 3.49474 3.49497 3.49522 3.49548 3.49576 3.49605 3.49637 3.49671 3.49706 3.49745 3.49786 3.49829 3.49877 3.49927 3.49982 3.50041 3.50105 3.50173 3.50247 3.50326 3.5041 3.505 3.50596 3.50698 3.50805 3.50918 3.51035 3.51157 3.51284 3.51413 3.51546 3.51681 3.51817 3.51953 3.52089 3.52223 3.52354 3.52481 3.52604 3.5272 3.52829 3.5293 3.53022 3.53104 3.53175 3.53235 3.53283 3.53318 3.5334 3.5335 3.53346 3.53329 3.533 3.53258 3.53203 3.53137 3.53061 3.52974 3.52878 3.52774 3.52663 3.52545 3.52422 3.52295 3.52166 3.52034 3.51902 3.5177 3.51639 3.5151 3.51384 3.51262 3.51144 3.51032 3.50924 3.50823 3.50728 3.5064 3.50558 3.50483 3.50415 3.50354 3.503 3.50252 3.5021 3.50175 3.50146 3.50122 3.50104 3.5009 3.50081 3.50077 3.50076 3.50079 3.50086 3.50095 3.50107 3.50122 3.50139 
3.49478 3.49499 3.49522 3.49546 3.49573 3.49602 3.49632 3.49665 3.497 3.49737 3.49777 3.4982 3.49866 3.49915 3.49969 3.50027 3.5009 3.50157 3.5023 3.50308 3.50393 3.50483 3.50579 3.50682 3.5079 3.50905 3.51025 3.51151 3.51281 3.51416 3.51555 3.51697 3.51841 3.51986 3.52131 3.52276 3.52419 3.52558 3.52694 3.52824 3.52948 3.53064 3.53171 3.53269 3.53356 3.53432 3.53495 3.53546 3.53583 3.53607 3.53617 3.53613 3.53594 3.53563 3.53517 3.53459 3.53389 3.53307 3.53215 3.53113 3.53001 3.52883 3.52757 3.52626 3.52491 3.52352 3.52212 3.52071 3.5193 3.5179 3.51652 3.51518 3.51387 3.51261 3.5114 3.51026 3.50917 3.50815 3.5072 3.50633 3.50552 3.50479 3.50413 3.50354 3.50302 3.50257 3.50218 3.50186 3.5016 3.50139 3.50123 3.50113 3.50107 3.50105 3.50107 3.50112 3.50121 3.50133 3.50147 3.50164 
3.49504 3.49525 3.49548 3.49573 3.496 3.4963 3.49662 3.49696 3.49732 3.49772 3.49814 3.4986 3.49909 3.49963 3.50021 3.50083 3.50151 3.50225 3.50304 3.50389 3.50481 3.5058 3.50685 3.50797 3.50915 3.5104 3.51172 3.51309 3.51451 3.51598 3.5175 3.51904 3.52061 3.52219 3.52377 3.52534 3.52689 3.52841 3.52988 3.5313 3.53264 3.5339 3.53506 3.53612 3.53706 3.53788 3.53856 3.53911 3.53951 3.53977 3.53987 3.53982 3.53962 3.53927 3.53878 3.53815 3.53738 3.53649 3.53549 3.53437 3.53316 3.53187 3.53051 3.52908 3.52761 3.5261 3.52457 3.52304 3.5215 3.51997 3.51847 3.517 3.51558 3.5142 3.51288 3.51163 3.51044 3.50932 3.50828 3.50732 3.50643 3.50562 3.50489 3.50424 3.50366 3.50316 3.50272 3.50236 3.50206 3.50181 3.50163 3.50149 3.50141 3.50137 3.50138 3.50142 3.50149 3.5016 3.50174 3.5019 
3.49531 3.49552 3.49576 3.49602 3.4963 3.49661 3.49694 3.4973 3.49769 3.49811 3.49857 3.49907 3.49961 3.50019 3.50083 3.50152 3.50227 3.50308 3.50396 3.5049 3.50592 3.50702 3.50818 3.50943 3.51074 3.51213 3.51359 3.51511 3.51669 3.51832 3.51999 3.5217 3.52343 3.52518 3.52693 3.52867 3.53038 3.53205 3.53367 3.53523 3.53671 3.53809 3.53937 3.54053 3.54156 3.54246 3.54321 3.54381 3.54425 3.54452 3.54463 3.54457 3.54435 3.54396 3.54342 3.54272 3.54187 3.54089 3.53978 3.53855 3.53721 3.53579 3.53428 3.53271 3.53108 3.52942 3.52773 3.52602 3.52432 3.52263 3.52097 3.51934 3.51776 3.51623 3.51477 3.51337 3.51205 3.5108 3.50964 3.50856 3.50757 3.50666 3.50584 3.5051 3.50445 3.50387 3.50337 3.50295 3.5026 3.50231 3.50208 3.50191 3.5018 3.50173 3.50171 3.50174 3.5018 3.50189 3.50202 3.50218 
3.4956 3.49582 3.49605 3.49632 3.49662 3.49694 3.4973 3.49768 3.4981 3.49856 3.49906 3.49961 3.5002 3.50085 3.50156 3.50233 3.50316 3.50407 3.50506 3.50612 3.50727 3.5085 3.50981 3.5112 3.51268 3.51424 3.51588 3.51758 3.51936 3.52118 3.52306 3.52497 3.52691 3.52886 3.53082 3.53275 3.53466 3.53653 3.53833 3.54007 3.54171 3.54324 3.54466 3.54595 3.5471 3.54809 3.54892 3.54958 3.55006 3.55036 3.55048 3.55041 3.55016 3.54973 3.54912 3.54833 3.54739 3.54629 3.54505 3.54368 3.54219 3.5406 3.53892 3.53716 3.53535 3.53349 3.5316 3.52969 3.52779 3.5259 3.52404 3.52221 3.52044 3.51872 3.51707 3.5155 3.51401 3.51261 3.51129 3.51007 3.50894 3.50791 3.50698 3.50613 3.50538 3.50472 3.50414 3.50364 3.50322 3.50288 3.5026 3.50239 3.50223 3.50214 3.50209 3.50209 3.50213 3.50221 3.50232 3.50247 
3.49591 3.49613 3.49637 3.49665 3.49696 3.4973 3.49768 3.4981 3.49856 3.49906 3.49961 3.50022 3.50088 3.50161 3.5024 3.50327 3.50422 3.50524 3.50636 3.50756 3.50886 3.51025 3.51174 3.51332 3.515 3.51676 3.51861 3.52054 3.52254 3.52461 3.52673 3.52888 3.53107 3.53326 3.53546 3.53764 3.53978 3.54188 3.5439 3.54584 3.54768 3.5494 3.55098 3.55242 3.5537 3.55481 3.55573 3.55647 3.557 3.55733 3.55746 3.55738 3.55709 3.5566 3.55591 3.55503 3.55397 3.55274 3.55135 3.54981 3.54813 3.54635 3.54446 3.54248 3.54044 3.53835 3.53622 3.53407 3.53193 3.5298 3.5277 3.52563 3.52363 3.52169 3.51982 3.51804 3.51634 3.51475 3.51325 3.51186 3.51057 3.50939 3.50831 3.50734 3.50647 3.5057 3.50502 3.50444 3.50394 3.50353 3.50319 3.50292 3.50272 3.50258 3.5025 3.50247 3.50248 3.50255 3.50265 3.50279 
3.49624 3.49646 3.49671 3.497 3.49732 3.49769 3.4981 3.49856 3.49906 3.49962 3.50024 3.50091 3.50166 3.50248 3.50337 3.50436 3.50543 3.5066 3.50787 3.50924 3.51072 3.5123 3.51399 3.5158 3.5177 3.51971 3.52181 3.52401 3.52628 3.52862 3.53102 3.53346 3.53593 3.53841 3.54089 3.54335 3.54577 3.54813 3.5504 3.55259 3.55465 3.55658 3.55836 3.55998 3.56141 3.56265 3.56368 3.5645 3.56509 3.56546 3.5656 3.5655 3.56517 3.56462 3.56384 3.56285 3.56165 3.56026 3.55869 3.55695 3.55507 3.55305 3.55092 3.54869 3.54639 3.54402 3.54162 3.5392 3.53677 3.53436 3.53197 3.52964 3.52736 3.52515 3.52303 3.521 3.51907 3.51724 3.51553 3.51394 3.51246 3.5111 3.50986 3.50874 3.50773 3.50683 3.50604 3.50535 3.50476 3.50426 3.50384 3.50351 3.50325 3.50307 3.50294 3.50288 3.50287 3.50291 3.50299 3.50312 
3.49659 3.49681 3.49706 3.49737 3.49772 3.49811 3.49856 3.49906 3.49962 3.50024 3.50093 3.50169 3.50253 3.50346 3.50448 3.5056 3.50682 3.50815 3.5096 3.51116 3.51285 3.51466 3.51659 3.51865 3.52082 3.52311 3.52551 3.528 3.53058 3.53324 3.53596 3.53873 3.54153 3.54435 3.54715 3.54993 3.55266 3.55532 3.55789 3.56034 3.56267 3.56484 3.56684 3.56865 3.57026 3.57165 3.5728 3.57372 3.57438 3.57479 3.57493 3.57482 3.57444 3.57381 3.57293 3.57181 3.57046 3.56889 3.56712 3.56516 3.56304 3.56076 3.55835 3.55583 3.55323 3.55055 3.54783 3.54509 3.54234 3.5396 3.5369 3.53424 3.53165 3.52914 3.52672 3.52441 3.5222 3.52012 3.51816 3.51633 3.51463 3.51307 3.51164 3.51034 3.50916 3.50812 3.50719 3.50638 3.50568 3.50508 3.50458 3.50417 3.50385 3.5036 3.50343 3.50332 3.50328 3.50329 3.50336 3.50348 
3.49696 3.49718 3.49745 3.49777 3.49814 3.49857 3.49906 3.49961 3.50024 3.50093 3.5017 3.50256 3.50352 3.50457 3.50573 3.507 3.5084 3.50992 3.51157 3.51336 3.51528 3.51735 3.51956 3.5219 3.52438 3.52699 3.52972 3.53255 3.53549 3.53851 3.5416 3.54474 3.54791 3.55109 3.55426 3.5574 3.56048 3.56348 3.56638 3.56914 3.57176 3.5742 3.57645 3.57848 3.58029 3.58184 3.58314 3.58416 3.5849 3.58535 3.5855 3.58537 3.58494 3.58423 3.58323 3.58197 3.58044 3.57867 3.57668 3.57447 3.57207 3.56949 3.56678 3.56393 3.56099 3.55796 3.55489 3.55178 3.54866 3.54556 3.54249 3.53948 3.53654 3.53368 3.53092 3.52828 3.52577 3.52339 3.52114 3.51905 3.5171 3.5153 3.51365 3.51214 3.51079 3.50957 3.50849 3.50754 3.50671 3.506 3.5054 3.5049 3.5045 3.50419 3.50396 3.50381 3.50373 3.50371 3.50376 3.50386 
3.49736 3.49758 3.49786 3.4982 3.4986 3.49907 3.49961 3.50022 3.50091 3.50169 3.50256 3.50353 3.50461 3.50581 3.50713 3.50858 3.51017 3.51191 3.51379 3.51584 3.51803 3.52039 3.52291 3.52558 3.5284 3.53137 3.53447 3.53769 3.54102 3.54445 3.54795 3.5515 3.55509 3.55868 3.56226 3.5658 3.56927 3.57265 3.57591 3.57902 3.58196 3.5847 3.58722 3.5895 3.59152 3.59326 3.59471 3.59585 3.59667 3.59717 3.59734 3.59718 3.5967 3.59589 3.59477 3.59334 3.59163 3.58963 3.58738 3.5849 3.58219 3.5793 3.57623 3.57303 3.5697 3.56629 3.56282 3.5593 3.55578 3.55227 3.54879 3.54538 3.54204 3.53879 3.53566 3.53265 3.52979 3.52707 3.52451 3.52211 3.51988 3.51781 3.51591 3.51418 3.51261 3.5112 3.50994 3.50883 3.50786 3.50702 3.5063 3.50571 3.50522 3.50483 3.50454 3.50433 3.50421 3.50416 3.50418 3.50427 
3.49779 3.498 3.49829 3.49866 3.49909 3.49961 3.5002 3.50088 3.50166 3.50253 3.50352 3.50461 3.50584 3.5072 3.5087 3.51035 3.51216 3.51414 3.51629 3.51861 3.52112 3.5238 3.52667 3.5297 3.53291 3.53628 3.53979 3.54344 3.54722 3.55109 3.55504 3.55906 3.5631 3.56715 3.57118 3.57516 3.57907 3.58286 3.58651 3.59 3.59329 3.59636 3.59918 3.60173 3.60399 3.60593 3.60754 3.60881 3.60973 3.61028 3.61046 3.61028 3.60973 3.60882 3.60756 3.60596 3.60403 3.6018 3.59927 3.59648 3.59344 3.59019 3.58674 3.58314 3.5794 3.57556 3.57165 3.56769 3.56371 3.55975 3.55582 3.55196 3.54818 3.5445 3.54095 3.53754 3.53428 3.53119 3.52827 3.52553 3.52298 3.52062 3.51844 3.51645 3.51464 3.51301 3.51156 3.51027 3.50913 3.50815 3.5073 3.50659 3.50601 3.50553 3.50517 3.5049 3.50473 3.50464 3.50463 3.5047 
3.49824 3.49846 3.49877 3.49915 3.49963 3.50019 3.50085 3.50161 3.50248 3.50346 3.50457 3.50581 3.5072 3.50874 3.51044 3.51232 3.51438 3.51663 3.51907 3.52171 3.52456 3.5276 3.53085 3.53429 3.53792 3.54173 3.54571 3.54983 3.55409 3.55845 3.56291 3.56742 3.57197 3.57652 3.58104 3.58551 3.58988 3.59413 3.59821 3.60211 3.60579 3.60921 3.61236 3.6152 3.61771 3.61987 3.62166 3.62307 3.62409 3.62469 3.6249 3.62469 3.62407 3.62305 3.62164 3.61984 3.61769 3.61518 3.61236 3.60923 3.60583 3.60219 3.59833 3.5943 3.5901 3.5858 3.5814 3.57695 3.57248 3.56802 3.5636 3.55925 3.55498 3.55083 3.54682 3.54296 3.53927 3.53576 3.53245 3.52934 3.52643 3.52374 3.52125 3.51897 3.5169 3.51503 3.51335 3.51186 3.51054 3.50939 3.50841 3.50757 3.50687 3.5063 3.50585 3.50552 3.50529 3.50515 3.50512 3.50517 
3.49873 3.49895 3.49927 3.49969 3.50021 3.50083 3.50156 3.5024 3.50337 3.50448 3.50573 3.50713 3.5087 3.51044 3.51237 3.5145 3.51683 3.51938 3.52215 3.52514 3.52836 3.53181 3.53547 3.53936 3.54346 3.54775 3.55223 3.55687 3.56166 3.56657 3.57156 3.57663 3.58172 3.58681 3.59187 3.59685 3.60173 3.60647 3.61102 3.61536 3.61945 3.62326 3.62676 3.62991 3.6327 3.63509 3.63708 3.63864 3.63975 3.64043 3.64064 3.6404 3.63971 3.63857 3.637 3.635 3.63259 3.62981 3.62666 3.62317 3.61939 3.61532 3.61102 3.60651 3.60183 3.59701 3.5921 3.58712 3.58211 3.57711 3.57215 3.56726 3.56247 3.5578 3.55328 3.54893 3.54477 3.54081 3.53706 3.53354 3.53024 3.52718 3.52435 3.52176 3.51939 3.51725 3.51533 3.51361 3.51209 3.51077 3.50962 3.50864 3.50781 3.50714 3.5066 3.50618 3.50589 3.50571 3.50564 3.50567 
3.49926 3.49948 3.49982 3.50027 3.50083 3.50152 3.50233 3.50327 3.50436 3.5056 3.507 3.50858 3.51035 3.51232 3.5145 3.5169 3.51954 3.52242 3.52554 3.52892 3.53255 3.53643 3.54056 3.54494 3.54954 3.55437 3.55939 3.56459 3.56995 3.57544 3.58103 3.58668 3.59236 3.59804 3.60367 3.60921 3.61464 3.6199 3.62495 3.62977 3.6343 3.63851 3.64238 3.64587 3.64895 3.65159 3.65378 3.6555 3.65673 3.65747 3.6577 3.65743 3.65666 3.65539 3.65364 3.65142 3.64876 3.64567 3.64217 3.63831 3.6341 3.62959 3.62481 3.61979 3.61459 3.60923 3.60375 3.5982 3.59262 3.58703 3.58149 3.57602 3.57066 3.56543 3.56036 3.55547 3.55079 3.54634 3.54212 3.53814 3.53442 3.53096 3.52776 3.52482 3.52213 3.51969 3.5175 3.51553 3.51379 3.51227 3.51094 3.5098 3.50884 3.50804 3.5074 3.50691 3.50655 3.50631 3.5062 3.50621 
3.49982 3.50005 3.50041 3.5009 3.50151 3.50227 3.50316 3.50422 3.50543 3.50682 3.5084 3.51017 3.51216 3.51438 3.51683 3.51954 3.52251 3.52575 3.52926 3.53305 3.53713 3.54149 3.54612 3.55102 3.55618 3.56158 3.56719 3.573 3.57897 3.58509 3.5913 3.59759 3.6039 3.6102 3.61644 3.62259 3.62859 3.63441 3.64 3.64531 3.65031 3.65496 3.65922 3.66306 3.66645 3.66936 3.67177 3.67365 3.675 3.6758 3.67605 3.67575 3.67489 3.67349 3.67156 3.66911 3.66617 3.66275 3.65889 3.65462 3.64997 3.64498 3.63969 3.63414 3.62838 3.62243 3.61636 3.6102 3.604 3.59779 3.59162 3.58553 3.57955 3.57372 3.56805 3.56259 3.55736 3.55236 3.54763 3.54317 3.53899 3.53509 3.53148 3.52816 3.52512 3.52236 3.51987 3.51763 3.51565 3.5139 3.51238 3.51107 3.50996 3.50903 3.50828 3.50769 3.50725 3.50696 3.50681 3.50679 
3.50043 3.50067 3.50105 3.50157 3.50225 3.50308 3.50407 3.50524 3.5066 3.50815 3.50992 3.51191 3.51414 3.51663 3.51938 3.52242 3.52575 3.52937 3.53331 3.53756 3.54212 3.54699 3.55217 3.55764 3.56338 3.56939 3.57564 3.58209 3.58873 3.59551 3.6024 3.60936 3.61634 3.6233 3.6302 3.63697 3.64359 3.64999 3.65614 3.66198 3.66748 3.67258 3.67726 3.68147 3.68518 3.68837 3.691 3.69306 3.69453 3.69541 3.69567 3.69533 3.69439 3.69285 3.69072 3.68803 3.68479 3.68104 3.6768 3.6721 3.66699 3.66149 3.65567 3.64955 3.64319 3.63663 3.62992 3.62312 3.61626 3.60939 3.60255 3.5958 3.58916 3.58268 3.57638 3.5703 3.56447 3.5589 3.55361 3.54862 3.54394 3.53957 3.53552 3.53179 3.52837 3.52526 3.52244 3.51992 3.51767 3.51568 3.51395 3.51245 3.51117 3.5101 3.50923 3.50854 3.50802 3.50766 3.50746 3.50741 
3.50108 3.50133 3.50173 3.5023 3.50304 3.50396 3.50506 3.50636 3.50787 3.5096 3.51157 3.51379 3.51629 3.51907 3.52215 3.52554 3.52926 3.53331 3.5377 3.54244 3.54752 3.55295 3.5587 3.56478 3.57116 3.57782 3.58474 3.59188 3.59922 3.60671 3.61431 3.62198 3.62967 3.63733 3.6449 3.65235 3.65961 3.66663 3.67336 3.67976 3.68577 3.69135 3.69645 3.70105 3.7051 3.70857 3.71144 3.71368 3.71528 3.71623 3.71652 3.71614 3.7151 3.71341 3.71109 3.70814 3.7046 3.70049 3.69585 3.69071 3.68511 3.67909 3.6727 3.66599 3.65901 3.6518 3.64443 3.63694 3.62938 3.62181 3.61427 3.60681 3.59948 3.5923 3.58533 3.5786 3.57212 3.56594 3.56006 3.55451 3.54929 3.54442 3.5399 3.53572 3.53189 3.5284 3.52523 3.52239 3.51985 3.51761 3.51564 3.51394 3.51248 3.51126 3.51025 3.50945 3.50884 3.50841 3.50816 3.50808 
3.50178 3.50203 3.50247 3.50308 3.50389 3.5049 3.50612 3.50756 3.50924 3.51116 3.51336 3.51584 3.51861 3.52171 3.52514 3.52892 3.53305 3.53756 3.54244 3.5477 3.55334 3.55935 3.56572 3.57244 3.5795 3.58685 3.59448 3.60236 3.61043 3.61867 3.62702 3.63543 3.64386 3.65225 3.66054 3.66868 3.67661 3.68427 3.69162 3.69859 3.70513 3.7112 3.71676 3.72175 3.72615 3.72992 3.73303 3.73546 3.73719 3.73822 3.73852 3.73811 3.73697 3.73513 3.7326 3.7294 3.72554 3.72107 3.71601 3.7104 3.7043 3.69773 3.69076 3.68343 3.67579 3.66791 3.65984 3.65164 3.64335 3.63504 3.62677 3.61857 3.61049 3.6026 3.59491 3.58748 3.58032 3.57348 3.56698 3.56083 3.55504 3.54963 3.5446 3.53995 3.53567 3.53178 3.52824 3.52506 3.52221 3.51969 3.51747 3.51554 3.51389 3.5125 3.51135 3.51043 3.50972 3.50922 3.50892 3.5088 
3.50254 3.50279 3.50326 3.50393 3.50481 3.50592 3.50727 3.50886 3.51072 3.51285 3.51528 3.51803 3.52112 3.52456 3.52836 3.53255 3.53713 3.54212 3.54752 3.55334 3.55957 3.5662 3.57323 3.58063 3.58839 3.59648 3.60486 3.6135 3.62235 3.63136 3.6405 3.64969 3.6589 3.66804 3.67708 3.68594 3.69456 3.70289 3.71086 3.71842 3.72552 3.73209 3.73811 3.74351 3.74827 3.75234 3.7557 3.75832 3.76019 3.76129 3.76162 3.76116 3.75993 3.75794 3.75519 3.75172 3.74754 3.74269 3.73721 3.73113 3.7245 3.71737 3.70979 3.70182 3.69351 3.68493 3.67614 3.66719 3.65814 3.64907 3.64001 3.63104 3.6222 3.61353 3.6051 3.59693 3.58906 3.58153 3.57436 3.56757 3.56118 3.5552 3.54963 3.54447 3.53973 3.5354 3.53146 3.52791 3.52474 3.52191 3.51943 3.51727 3.51541 3.51383 3.51253 3.51148 3.51067 3.51009 3.50972 3.50957 
3.50334 3.50361 3.5041 3.50483 3.5058 3.50702 3.5085 3.51025 3.5123 3.51466 3.51735 3.52039 3.5238 3.5276 3.53181 3.53643 3.54149 3.54699 3.55295 3.55935 3.5662 3.57349 3.58121 3.58933 3.59783 3.60668 3.61585 3.62528 3.63494 3.64477 3.65472 3.66472 3.67472 3.68465 3.69445 3.70405 3.71339 3.7224 3.73102 3.73919 3.74685 3.75394 3.76042 3.76624 3.77136 3.77575 3.77936 3.78218 3.78419 3.78537 3.78571 3.78522 3.78389 3.78173 3.77877 3.77503 3.77052 3.76529 3.75937 3.7528 3.74564 3.73793 3.72973 3.7211 3.71211 3.70281 3.69326 3.68354 3.67371 3.66384 3.65398 3.6442 3.63455 3.62509 3.61587 3.60694 3.59832 3.59007 3.5822 3.57474 3.56771 3.56112 3.55498 3.54929 3.54405 3.53926 3.5349 3.53096 3.52743 3.52429 3.52152 3.51911 3.51703 3.51526 3.51379 3.5126 3.51168 3.51101 3.51058 3.51039 
3.5042 3.50447 3.505 3.50579 3.50685 3.50818 3.50981 3.51174 3.51399 3.51659 3.51956 3.52291 3.52667 3.53085 3.53547 3.54056 3.54612 3.55217 3.5587 3.56572 3.57323 3.58121 3.58964 3.59852 3.60779 3.61744 3.62742 3.63768 3.64818 3.65885 3.66963 3.68047 3.69129 3.70203 3.71261 3.72297 3.73304 3.74275 3.75202 3.76081 3.76904 3.77666 3.78361 3.78986 3.79535 3.80004 3.80391 3.80693 3.80908 3.81034 3.8107 3.81017 3.80874 3.80643 3.80325 3.79922 3.79438 3.78876 3.7824 3.77534 3.76764 3.75934 3.75051 3.74121 3.73151 3.72147 3.71116 3.70065 3.69001 3.67932 3.66863 3.65801 3.64753 3.63725 3.62721 3.61748 3.60808 3.59907 3.59047 3.58231 3.57461 3.56739 3.56065 3.5544 3.54864 3.54336 3.53855 3.53421 3.5303 3.52682 3.52375 3.52107 3.51875 3.51678 3.51513 3.5138 3.51276 3.51199 3.5115 3.51127 
3.50511 3.50539 3.50596 3.50682 3.50797 3.50943 3.5112 3.51332 3.5158 3.51865 3.5219 3.52558 3.5297 3.53429 3.53936 3.54494 3.55102 3.55764 3.56478 3.57244 3.58063 3.58933 3.59852 3.60817 3.61825 3.62872 3.63954 3.65065 3.66201 3.67354 3.68519 3.69688 3.70854 3.7201 3.73149 3.74262 3.75343 3.76384 3.77378 3.78319 3.79199 3.80014 3.80758 3.81425 3.82011 3.82512 3.82924 3.83246 3.83475 3.83609 3.83647 3.83589 3.83437 3.8319 3.8285 3.8242 3.81903 3.81302 3.80621 3.79865 3.7904 3.78151 3.77204 3.76206 3.75164 3.74085 3.72976 3.71844 3.70698 3.69544 3.6839 3.67243 3.66109 3.64996 3.63908 3.62852 3.61832 3.60852 3.59916 3.59027 3.58187 3.57399 3.56663 3.55979 3.55348 3.54769 3.54241 3.53763 3.53333 3.5295 3.52611 3.52314 3.52057 3.51839 3.51656 3.51506 3.5139 3.51304 3.51247 3.5122 
3.50607 3.50637 3.50698 3.5079 3.50915 3.51074 3.51268 3.515 3.5177 3.52082 3.52438 3.5284 3.53291 3.53792 3.54346 3.54954 3.55618 3.56338 3.57116 3.5795 3.58839 3.59783 3.60779 3.61825 3.62915 3.64047 3.65216 3.66415 3.67639 3.6888 3.70133 3.71388 3.7264 3.73879 3.75099 3.7629 3.77445 3.78557 3.79618 3.80622 3.8156 3.82428 3.83219 3.83929 3.84552 3.85084 3.85522 3.85864 3.86106 3.86248 3.86289 3.86227 3.86065 3.85802 3.85441 3.84983 3.84433 3.83793 3.83068 3.82262 3.81383 3.80434 3.79423 3.78356 3.77242 3.76086 3.74898 3.73685 3.72454 3.71215 3.69974 3.6874 3.67518 3.66318 3.65143 3.64002 3.62899 3.61838 3.60823 3.59859 3.58947 3.5809 3.57289 3.56544 3.55856 3.55223 3.54647 3.54124 3.53653 3.53232 3.5286 3.52533 3.5225 3.52008 3.51806 3.5164 3.5151 3.51414 3.5135 3.51318 
3.50709 3.5074 3.50805 3.50905 3.5104 3.51213 3.51424 3.51676 3.51971 3.52311 3.52699 3.53137 3.53628 3.54173 3.54775 3.55437 3.56158 3.56939 3.57782 3.58685 3.59648 3.60668 3.61744 3.62872 3.64047 3.65266 3.66523 3.67811 3.69124 3.70456 3.71797 3.7314 3.74478 3.75801 3.77102 3.78372 3.79602 3.80785 3.81913 3.82978 3.83975 3.84895 3.85734 3.86485 3.87145 3.87708 3.88172 3.88533 3.88789 3.88939 3.88982 3.88917 3.88744 3.88466 3.88083 3.87599 3.87015 3.86337 3.85568 3.84713 3.83779 3.82771 3.81696 3.80561 3.79373 3.78142 3.76874 3.75578 3.74263 3.72937 3.71608 3.70285 3.68974 3.67685 3.66422 3.65194 3.64005 3.62861 3.61766 3.60724 3.59738 3.5881 3.57942 3.57133 3.56386 3.55699 3.55071 3.54501 3.53987 3.53528 3.5312 3.52762 3.52452 3.52186 3.51963 3.51781 3.51637 3.5153 3.51459 3.51422 
3.50815 3.50848 3.50918 3.51025 3.51172 3.51359 3.51588 3.51861 3.52181 3.52551 3.52972 3.53447 3.53979 3.54571 3.55223 3.55939 3.56719 3.57564 3.58474 3.59448 3.60486 3.61585 3.62742 3.63954 3.65216 3.66523 3.67869 3.69248 3.70652 3.72073 3.73504 3.74936 3.7636 3.77767 3.79149 3.80497 3.81802 3.83055 3.84249 3.85377 3.8643 3.87402 3.88287 3.8908 3.89776 3.9037 3.90859 3.91239 3.91509 3.91667 3.91711 3.91642 3.91461 3.91167 3.90764 3.90252 3.89637 3.8892 3.88108 3.87205 3.86217 3.8515 3.84011 3.82808 3.81548 3.80241 3.78893 3.77515 3.76115 3.74702 3.73284 3.71871 3.70471 3.69091 3.67739 3.66422 3.65147 3.63918 3.62741 3.61619 3.60557 3.59556 3.58618 3.57745 3.56937 3.56192 3.55512 3.54893 3.54335 3.53835 3.53392 3.53002 3.52663 3.52373 3.52128 3.51928 3.5177 3.51652 3.51572 3.51531 
3.50926 3.5096 3.51035 3.51151 3.51309 3.51511 3.51758 3.52054 3.52401 3.528 3.53255 3.53769 3.54344 3.54983 3.55687 3.56459 3.573 3.58209 3.59188 3.60236 3.6135 3.62528 3.63768 3.65065 3.66415 3.67811 3.69248 3.70717 3.72212 3.73724 3.75245 3.76765 3.78275 3.79766 3.81229 3.82654 3.84032 3.85355 3.86615 3.87803 3.88912 3.89935 3.90866 3.917 3.92431 3.93054 3.93567 3.93966 3.9425 3.94415 3.94462 3.9439 3.94199 3.93891 3.93467 3.9293 3.92283 3.91529 3.90675 3.89724 3.88683 3.87558 3.86357 3.85087 3.83756 3.82372 3.80946 3.79486 3.78001 3.76501 3.74994 3.73491 3.72 3.7053 3.69087 3.67681 3.66318 3.65003 3.63742 3.6254 3.614 3.60325 3.59317 3.58377 3.57506 3.56703 3.55968 3.553 3.54696 3.54155 3.53674 3.53251 3.52882 3.52566 3.523 3.52081 3.51908 3.51779 3.51691 3.51644 
3.51042 3.51078 3.51157 3.51281 3.51451 3.51669 3.51936 3.52254 3.52628 3.53058 3.53549 3.54102 3.54722 3.55409 3.56166 3.56995 3.57897 3.58873 3.59922 3.61043 3.62235 3.63494 3.64818 3.66201 3.67639 3.69124 3.70652 3.72212 3.73798 3.75401 3.7701 3.78618 3.80213 3.81787 3.83329 3.84831 3.86282 3.87673 3.88996 3.90244 3.91407 3.9248 3.93456 3.94328 3.95093 3.95746 3.96282 3.967 3.96996 3.97169 3.97218 3.97142 3.96943 3.9662 3.96177 3.95615 3.94938 3.94149 3.93253 3.92256 3.91164 3.89983 3.8872 3.87384 3.85983 3.84525 3.83021 3.8148 3.79911 3.78324 3.76729 3.75136 3.73555 3.71993 3.70461 3.68965 3.67513 3.66111 3.64766 3.63482 3.62263 3.61112 3.60033 3.59025 3.5809 3.57228 3.56438 3.55718 3.55068 3.54484 3.53965 3.53507 3.53109 3.52767 3.52478 3.5224 3.52052 3.5191 3.51814 3.51762 
3.51162 3.51199 3.51284 3.51416 3.51598 3.51832 3.52118 3.52461 3.52862 3.53324 3.53851 3.54445 3.55109 3.55845 3.56657 3.57544 3.58509 3.59551 3.60671 3.61867 3.63136 3.64477 3.65885 3.67354 3.6888 3.70456 3.72073 3.73724 3.75401 3.77093 3.7879 3.80484 3.82164 3.83819 3.85439 3.87015 3.88537 3.89995 3.9138 3.92685 3.93901 3.95022 3.9604 3.96951 3.97749 3.98429 3.98988 3.99423 3.99732 3.99912 3.99963 3.99884 3.99677 3.99341 3.98879 3.98293 3.97587 3.96764 3.95829 3.94787 3.93645 3.92409 3.91087 3.89687 3.88217 3.86687 3.85107 3.83485 3.81833 3.80161 3.78479 3.76797 3.75126 3.73474 3.71851 3.70265 3.68725 3.67236 3.65806 3.6444 3.63142 3.61915 3.60763 3.59687 3.58687 3.57764 3.56918 3.56147 3.55449 3.54822 3.54264 3.53771 3.53342 3.52973 3.52661 3.52404 3.52199 3.52046 3.51941 3.51884 
3.51284 3.51324 3.51413 3.51555 3.5175 3.51999 3.52306 3.52673 3.53102 3.53596 3.5416 3.54795 3.55504 3.56291 3.57156 3.58103 3.5913 3.6024 3.61431 3.62702 3.6405 3.65472 3.66963 3.68519 3.70133 3.71797 3.73504 3.75245 3.7701 3.7879 3.80575 3.82354 3.84116 3.8585 3.87547 3.89195 3.90785 3.92307 3.93753 3.95113 3.9638 3.97546 3.98606 3.99553 4.00382 4.01089 4.01669 4.02121 4.02441 4.02629 4.02682 4.02601 4.02385 4.02037 4.01558 4.00949 4.00215 3.9936 3.98387 3.97303 3.96113 3.94824 3.93445 3.91983 3.90446 3.88846 3.87191 3.85491 3.83758 3.82003 3.80235 3.78465 3.76705 3.74963 3.73251 3.71576 3.69947 3.68372 3.66857 3.65409 3.64031 3.62728 3.61503 3.60358 3.59293 3.5831 3.57407 3.56583 3.55837 3.55166 3.54568 3.54041 3.5358 3.53183 3.52848 3.52571 3.52351 3.52185 3.52071 3.52009 
3.5141 3.51451 3.51546 3.51697 3.51904 3.5217 3.52497 3.52888 3.53346 3.53873 3.54474 3.5515 3.55906 3.56742 3.57663 3.58668 3.59759 3.60936 3.62198 3.63543 3.64969 3.66472 3.68047 3.69688 3.71388 3.7314 3.74936 3.76765 3.78618 3.80484 3.82354 3.84215 3.86057 3.87868 3.89638 3.91357 3.93013 3.94597 3.961 3.97513 3.98828 4.00038 4.01137 4.02118 4.02977 4.03709 4.0431 4.04778 4.05109 4.05303 4.05359 4.05275 4.05053 4.04693 4.04197 4.03568 4.02808 4.01921 4.00913 3.99788 3.98553 3.97214 3.95779 3.94258 3.92657 3.90989 3.89262 3.87487 3.85675 3.83837 3.81985 3.8013 3.78282 3.76453 3.74652 3.72889 3.71173 3.69512 3.67913 3.66383 3.64926 3.63548 3.6225 3.61035 3.59906 3.58861 3.57901 3.57025 3.5623 3.55515 3.54878 3.54314 3.53822 3.53397 3.53039 3.52742 3.52506 3.52327 3.52205 3.52137 
3.51538 3.5158 3.51681 3.51841 3.52061 3.52343 3.52691 3.53107 3.53593 3.54153 3.54791 3.55509 3.5631 3.57197 3.58172 3.59236 3.6039 3.61634 3.62967 3.64386 3.6589 3.67472 3.69129 3.70854 3.7264 3.74478 3.7636 3.78275 3.80213 3.82164 3.84116 3.86057 3.87976 3.89862 3.91703 3.93488 3.95207 3.9685 3.98408 3.99871 4.01232 4.02484 4.0362 4.04633 4.0552 4.06276 4.06896 4.07379 4.07721 4.07921 4.07979 4.07893 4.07664 4.07294 4.06782 4.06133 4.05349 4.04434 4.03392 4.02229 4.0095 3.99564 3.98077 3.96499 3.94837 3.93103 3.91307 3.89459 3.87571 3.85654 3.8372 3.81781 3.79849 3.77933 3.76046 3.74197 3.72395 3.70649 3.68968 3.67357 3.65822 3.64367 3.62998 3.61715 3.6052 3.59415 3.58398 3.57469 3.56626 3.55867 3.55189 3.5459 3.54066 3.53614 3.53231 3.52915 3.52662 3.52471 3.5234 3.52267 
3.51666 3.51711 3.51817 3.51986 3.52219 3.52518 3.52886 3.53326 3.53841 3.54435 3.55109 3.55868 3.56715 3.57652 3.58681 3.59804 3.6102 3.6233 3.63733 3.65225 3.66804 3.68465 3.70203 3.7201 3.73879 3.75801 3.77767 3.79766 3.81787 3.83819 3.8585 3.87868 3.89862 3.91818 3.93727 3.95576 3.97355 3.99054 4.00664 4.02175 4.03579 4.0487 4.0604 4.07084 4.07997 4.08774 4.09413 4.09909 4.10262 4.10468 4.10528 4.1044 4.10205 4.09825 4.093 4.08632 4.07826 4.06883 4.0581 4.04611 4.03293 4.01861 4.00325 3.98693 3.96973 3.95177 3.93314 3.91396 3.89435 3.87442 3.8543 3.8341 3.81395 3.79396 3.77424 3.75491 3.73605 3.71777 3.70014 3.68323 3.66712 3.65183 3.63742 3.62391 3.61133 3.59967 3.58894 3.57913 3.57022 3.56219 3.55502 3.54867 3.54311 3.53831 3.53425 3.53089 3.5282 3.52616 3.52476 3.52398 
3.51795 3.51842 3.51953 3.52131 3.52377 3.52693 3.53082 3.53546 3.54089 3.54715 3.55426 3.56226 3.57118 3.58104 3.59187 3.60367 3.61644 3.6302 3.6449 3.66054 3.67708 3.69445 3.71261 3.73149 3.75099 3.77102 3.79149 3.81229 3.83329 3.85439 3.87547 3.89638 3.91703 3.93727 3.957 3.9761 3.99445 4.01197 4.02855 4.0441 4.05855 4.07182 4.08384 4.09456 4.10394 4.11192 4.11847 4.12356 4.12718 4.1293 4.12992 4.12902 4.12663 4.12273 4.11735 4.11051 4.10224 4.09257 4.08155 4.06922 4.05566 4.04093 4.02511 4.00828 3.99053 3.97198 3.95273 3.93288 3.91257 3.89191 3.87103 3.85006 3.82911 3.80831 3.78778 3.76763 3.74796 3.72888 3.71045 3.69277 3.6759 3.65989 3.64478 3.63061 3.6174 3.60515 3.59386 3.58354 3.57415 3.56569 3.55812 3.55142 3.54555 3.54048 3.53618 3.53262 3.52977 3.52761 3.52612 3.52529 
3.51924 3.51972 3.52089 3.52276 3.52534 3.52867 3.53275 3.53764 3.54335 3.54993 3.5574 3.5658 3.57516 3.58551 3.59685 3.60921 3.62259 3.63697 3.65235 3.66868 3.68594 3.70405 3.72297 3.74262 3.7629 3.78372 3.80497 3.82654 3.84831 3.87015 3.89195 3.91357 3.93488 3.95576 3.9761 3.99576 4.01465 4.03266 4.04969 4.06566 4.08048 4.09408 4.1064 4.11739 4.12698 4.13515 4.14185 4.14707 4.15077 4.15294 4.15358 4.15268 4.15023 4.14625 4.14076 4.13377 4.12531 4.11541 4.10413 4.0915 4.07759 4.06247 4.04622 4.02891 4.01066 3.99155 3.9717 3.95123 3.93025 3.9089 3.8873 3.86559 3.84388 3.82231 3.80099 3.78006 3.7596 3.73974 3.72055 3.70212 3.68452 3.6678 3.65202 3.6372 3.62337 3.61054 3.59871 3.58788 3.57803 3.56915 3.56119 3.55414 3.54797 3.54263 3.5381 3.53434 3.53134 3.52905 3.52748 3.52659 
3.5205 3.521 3.52223 3.52419 3.52689 3.53038 3.53466 3.53978 3.54577 3.55266 3.56048 3.56927 3.57907 3.58988 3.60173 3.61464 3.62859 3.64359 3.65961 3.67661 3.69456 3.71339 3.73304 3.75343 3.77445 3.79602 3.81802 3.84032 3.86282 3.88537 3.90785 3.93013 3.95207 3.97355 3.99445 4.01465 4.03404 4.0525 4.06995 4.0863 4.10147 4.11538 4.12797 4.13919 4.14899 4.15733 4.16417 4.16949 4.17327 4.1755 4.17615 4.17524 4.17276 4.16871 4.16311 4.15599 4.14735 4.13725 4.12573 4.11282 4.09859 4.08312 4.06646 4.04872 4.02999 4.01036 3.98996 3.9689 3.9473 3.92529 3.90301 3.88059 3.85816 3.83585 3.81379 3.7921 3.7709 3.75029 3.73036 3.71121 3.6929 3.67551 3.65906 3.64362 3.62919 3.6158 3.60345 3.59213 3.58183 3.57253 3.5642 3.55682 3.55034 3.54474 3.53998 3.53604 3.53288 3.53048 3.52881 3.52788 
3.52174 3.52226 3.52354 3.52558 3.52841 3.53205 3.53653 3.54188 3.54813 3.55532 3.56348 3.57265 3.58286 3.59413 3.60647 3.6199 3.63441 3.64999 3.66663 3.68427 3.70289 3.7224 3.74275 3.76384 3.78557 3.80785 3.83055 3.85355 3.87673 3.89995 3.92307 3.94597 3.9685 3.99054 4.01197 4.03266 4.0525 4.07139 4.08923 4.10592 4.1214 4.13559 4.14843 4.15987 4.16985 4.17834 4.18532 4.19074 4.19459 4.19686 4.19753 4.19661 4.19409 4.18998 4.1843 4.17705 4.16827 4.15798 4.14624 4.13308 4.11856 4.10276 4.08574 4.0676 4.04842 4.02832 4.0074 3.98578 3.9636 3.94099 3.91807 3.89498 3.87187 3.84886 3.8261 3.80369 3.78177 3.76045 3.73982 3.71998 3.701 3.68295 3.66588 3.64984 3.63484 3.62091 3.60805 3.59626 3.58552 3.57582 3.56713 3.55942 3.55265 3.5468 3.54182 3.53769 3.53438 3.53187 3.53012 3.52914 
3.52295 3.52349 3.52481 3.52694 3.52988 3.53367 3.53833 3.5439 3.5504 3.55789 3.56638 3.57591 3.58651 3.59821 3.61102 3.62495 3.64 3.65614 3.67336 3.69162 3.71086 3.73102 3.75202 3.77378 3.79618 3.81913 3.84249 3.86615 3.88996 3.9138 3.93753 3.961 3.98408 4.00664 4.02855 4.04969 4.06995 4.08923 4.10741 4.12443 4.14019 4.15464 4.1677 4.17933 4.18948 4.19811 4.20519 4.2107 4.21462 4.21693 4.21763 4.2167 4.21415 4.20999 4.20422 4.19687 4.18795 4.17751 4.16557 4.15218 4.1374 4.1213 4.10395 4.08544 4.06586 4.04531 4.02392 4.0018 3.97907 3.95589 3.93237 3.90867 3.88491 3.86125 3.83782 3.81475 3.79216 3.77016 3.74887 3.72837 3.70876 3.69008 3.67242 3.6558 3.64026 3.62581 3.61247 3.60023 3.58908 3.57899 3.56995 3.56193 3.55488 3.54878 3.5436 3.53929 3.53584 3.53321 3.53139 3.53036 
3.52411 3.52466 3.52604 3.52824 3.5313 3.53523 3.54007 3.54584 3.55259 3.56034 3.56914 3.57902 3.59 3.60211 3.61536 3.62977 3.64531 3.66198 3.67976 3.69859 3.71842 3.73919 3.76081 3.78319 3.80622 3.82978 3.85377 3.87803 3.90244 3.92685 3.95113 3.97513 3.99871 4.02175 4.0441 4.06566 4.0863 4.10592 4.12443 4.14173 4.15775 4.17242 4.18569 4.19749 4.20778 4.21654 4.22372 4.22931 4.23329 4.23564 4.23635 4.23542 4.23285 4.22864 4.22281 4.21536 4.20633 4.19573 4.18362 4.17003 4.15502 4.13865 4.121 4.10215 4.08221 4.06126 4.03943 4.01684 3.99362 3.96991 3.94584 3.92156 3.89722 3.87295 3.8489 3.8252 3.80198 3.77935 3.75744 3.73633 3.71611 3.69686 3.67863 3.66147 3.64541 3.63048 3.61668 3.60401 3.59246 3.58202 3.57265 3.56433 3.55702 3.55069 3.5453 3.54083 3.53724 3.53451 3.53261 3.53154 
3.52521 3.52578 3.5272 3.52948 3.53264 3.53671 3.54171 3.54768 3.55465 3.56267 3.57176 3.58196 3.59329 3.60579 3.61945 3.6343 3.65031 3.66748 3.68577 3.70513 3.72552 3.74685 3.76904 3.79199 3.8156 3.83975 3.8643 3.88912 3.91407 3.93901 3.9638 3.98828 4.01232 4.03579 4.05855 4.08048 4.10147 4.1214 4.14019 4.15775 4.174 4.18888 4.20231 4.21427 4.2247 4.23356 4.24083 4.24649 4.25052 4.25291 4.25363 4.2527 4.25011 4.24586 4.23997 4.23245 4.22331 4.21259 4.20032 4.18656 4.17134 4.15473 4.13681 4.11767 4.09739 4.07608 4.05385 4.03084 4.00717 3.98297 3.9584 3.93359 3.9087 3.88388 3.85925 3.83497 3.81117 3.78796 3.76547 3.74379 3.72301 3.70321 3.68446 3.6668 3.65026 3.63487 3.62064 3.60758 3.59566 3.58487 3.5752 3.56659 3.55904 3.55249 3.54692 3.54228 3.53857 3.53573 3.53377 3.53265 
3.52624 3.52683 3.52829 3.53064 3.5339 3.53809 3.54324 3.5494 3.55658 3.56484 3.5742 3.5847 3.59636 3.60921 3.62326 3.63851 3.65496 3.67258 3.69135 3.7112 3.73209 3.75394 3.77666 3.80014 3.82428 3.84895 3.87402 3.89935 3.9248 3.95022 3.97546 4.00038 4.02484 4.0487 4.07182 4.09408 4.11538 4.13559 4.15464 4.17242 4.18888 4.20393 4.21752 4.22961 4.24015 4.24911 4.25646 4.26219 4.26626 4.26867 4.26942 4.26848 4.26588 4.2616 4.25566 4.24806 4.23884 4.22801 4.21561 4.20169 4.18628 4.16947 4.15131 4.1319 4.11132 4.08969 4.06711 4.04371 4.01963 3.995 3.96997 3.94469 3.9193 3.89396 3.86882 3.84401 3.81967 3.79593 3.7729 3.7507 3.72941 3.70911 3.68987 3.67175 3.65477 3.63896 3.62434 3.6109 3.59864 3.58754 3.57757 3.56871 3.56092 3.55417 3.54842 3.54365 3.53981 3.53689 3.53485 3.5337 
3.5272 3.5278 3.5293 3.53171 3.53506 3.53937 3.54466 3.55098 3.55836 3.56684 3.57645 3.58722 3.59918 3.61236 3.62676 3.64238 3.65922 3.67726 3.69645 3.71676 3.73811 3.76042 3.78361 3.80758 3.83219 3.85734 3.88287 3.90866 3.93456 3.9604 3.98606 4.01137 4.0362 4.0604 4.08384 4.1064 4.12797 4.14843 4.1677 4.18569 4.20231 4.21752 4.23125 4.24346 4.2541 4.26314 4.27056 4.27634 4.28045 4.28289 4.28365 4.28272 4.2801 4.27579 4.26981 4.26216 4.25286 4.24193 4.22942 4.21536 4.1998 4.1828 4.16443 4.14479 4.12395 4.10202 4.07913 4.05539 4.03095 4.00593 3.98049 3.95478 3.92894 3.90315 3.87753 3.85224 3.82742 3.8032 3.77969 3.75702 3.73526 3.71451 3.69483 3.67628 3.6589 3.6427 3.62772 3.61395 3.60137 3.58998 3.57976 3.57066 3.56266 3.55572 3.54982 3.54491 3.54096 3.53795 3.53586 3.53467 
3.52807 3.52868 3.53022 3.53269 3.53612 3.54053 3.54595 3.55242 3.55998 3.56865 3.57848 3.5895 3.60173 3.6152 3.62991 3.64587 3.66306 3.68147 3.70105 3.72175 3.74351 3.76624 3.78986 3.81425 3.83929 3.86485 3.8908 3.917 3.94328 3.96951 3.99553 4.02118 4.04633 4.07084 4.09456 4.11739 4.13919 4.15987 4.17933 4.19749 4.21427 4.22961 4.24346 4.25576 4.26649 4.2756 4.28308 4.2889 4.29305 4.29552 4.29629 4.29536 4.29273 4.2884 4.28238 4.27468 4.26532 4.25431 4.2417 4.22752 4.21183 4.19467 4.17612 4.15627 4.1352 4.11303 4.08986 4.06582 4.04105 4.01569 3.98989 3.9638 3.93758 3.91137 3.88534 3.85962 3.83438 3.80972 3.78579 3.76269 3.74052 3.71936 3.69929 3.68036 3.66262 3.64608 3.63077 3.6167 3.60384 3.5922 3.58173 3.57242 3.56423 3.55713 3.55108 3.54605 3.542 3.53892 3.53677 3.53555 
3.52885 3.52947 3.53104 3.53356 3.53706 3.54156 3.5471 3.5537 3.56141 3.57026 3.58029 3.59152 3.60399 3.61771 3.6327 3.64895 3.66645 3.68518 3.7051 3.72615 3.74827 3.77136 3.79535 3.82011 3.84552 3.87145 3.89776 3.92431 3.95093 3.97749 4.00382 4.02977 4.0552 4.07997 4.10394 4.12698 4.14899 4.16985 4.18948 4.20778 4.2247 4.24015 4.2541 4.26649 4.27729 4.28646 4.29399 4.29985 4.30403 4.30651 4.30729 4.30637 4.30373 4.29939 4.29334 4.2856 4.27618 4.26511 4.25242 4.23814 4.22232 4.20503 4.18633 4.1663 4.14504 4.12265 4.09924 4.07495 4.0499 4.02425 3.99813 3.97171 3.94514 3.91858 3.89219 3.86611 3.84048 3.81546 3.79115 3.76768 3.74515 3.72363 3.70322 3.68396 3.6659 3.64906 3.63347 3.61913 3.60603 3.59415 3.58348 3.57399 3.56563 3.55838 3.5522 3.54706 3.54293 3.53978 3.53759 3.53634 
3.52952 3.53016 3.53175 3.53432 3.53788 3.54246 3.54809 3.55481 3.56265 3.57165 3.58184 3.59326 3.60593 3.61987 3.63509 3.65159 3.66936 3.68837 3.70857 3.72992 3.75234 3.77575 3.80004 3.82512 3.85084 3.87708 3.9037 3.93054 3.95746 3.98429 4.01089 4.03709 4.06276 4.08774 4.11192 4.13515 4.15733 4.17834 4.19811 4.21654 4.23356 4.24911 4.26314 4.2756 4.28646 4.29569 4.30326 4.30915 4.31335 4.31586 4.31665 4.31572 4.31308 4.30872 4.30265 4.29487 4.28541 4.27429 4.26153 4.24717 4.23125 4.21385 4.19502 4.17484 4.15342 4.13084 4.10723 4.08272 4.05744 4.03154 4.00516 3.97846 3.9516 3.92474 3.89804 3.87164 3.84571 3.82036 3.79574 3.77195 3.74911 3.7273 3.70659 3.68705 3.66871 3.65162 3.63579 3.62122 3.60791 3.59584 3.58499 3.57533 3.56684 3.55946 3.55317 3.54794 3.54374 3.54053 3.5383 3.53703 
3.53009 3.53073 3.53235 3.53495 3.53856 3.54321 3.54892 3.55573 3.56368 3.5728 3.58314 3.59471 3.60754 3.62166 3.63708 3.65378 3.67177 3.691 3.71144 3.73303 3.7557 3.77936 3.80391 3.82924 3.85522 3.88172 3.90859 3.93567 3.96282 3.98988 4.01669 4.0431 4.06896 4.09413 4.11847 4.14185 4.16417 4.18532 4.20519 4.22372 4.24083 4.25646 4.27056 4.28308 4.29399 4.30326 4.31086 4.31678 4.32101 4.32352 4.32432 4.3234 4.32075 4.31638 4.31029 4.30249 4.29299 4.28182 4.269 4.25457 4.23858 4.22108 4.20215 4.18185 4.16029 4.13757 4.1138 4.08911 4.06364 4.03753 4.01093 3.98401 3.95691 3.92981 3.90285 3.8762 3.85001 3.8244 3.79952 3.77548 3.75238 3.73032 3.70937 3.6896 3.67104 3.65374 3.63771 3.62295 3.60947 3.59724 3.58625 3.57646 3.56784 3.56036 3.55399 3.54868 3.54441 3.54116 3.53889 3.5376 
3.53054 3.53119 3.53283 3.53546 3.53911 3.54381 3.54958 3.55647 3.5645 3.57372 3.58416 3.59585 3.60881 3.62307 3.63864 3.6555 3.67365 3.69306 3.71368 3.73546 3.75832 3.78218 3.80693 3.83246 3.85864 3.88533 3.91239 3.93966 3.967 3.99423 4.02121 4.04778 4.07379 4.09909 4.12356 4.14707 4.16949 4.19074 4.2107 4.22931 4.24649 4.26219 4.27634 4.2889 4.29985 4.30915 4.31678 4.32273 4.32697 4.32949 4.3303 4.32938 4.32672 4.32234 4.31624 4.30842 4.29889 4.28768 4.27482 4.26034 4.24428 4.22671 4.20769 4.1873 4.16564 4.1428 4.1189 4.09408 4.06846 4.04219 4.01542 3.98832 3.96104 3.93375 3.9066 3.87975 3.85336 3.82755 3.80247 3.77823 3.75493 3.73268 3.71155 3.6916 3.67287 3.6554 3.63922 3.62432 3.6107 3.59834 3.58724 3.57734 3.56863 3.56108 3.55463 3.54927 3.54495 3.54166 3.53937 3.53806 
3.53088 3.53153 3.53318 3.53583 3.53951 3.54425 3.55006 3.557 3.56509 3.57438 3.5849 3.59667 3.60973 3.62409 3.63975 3.65673 3.675 3.69453 3.71528 3.73719 3.76019 3.78419 3.80908 3.83475 3.86106 3.88789 3.91509 3.9425 3.96996 3.99732 4.02441 4.05109 4.07721 4.10262 4.12718 4.15077 4.17327 4.19459 4.21462 4.23329 4.25052 4.26626 4.28045 4.29305 4.30403 4.31335 4.32101 4.32697 4.33122 4.33375 4.33456 4.33364 4.33099 4.3266 4.32048 4.31264 4.30309 4.29186 4.27896 4.26444 4.24834 4.23072 4.21163 4.19118 4.16944 4.14651 4.12252 4.0976 4.07187 4.04549 4.01861 3.99138 3.96397 3.93655 3.90926 3.88227 3.85573 3.82979 3.80456 3.78018 3.75675 3.73437 3.7131 3.69302 3.67417 3.65659 3.6403 3.6253 3.61158 3.59914 3.58795 3.57799 3.56921 3.5616 3.5551 3.54969 3.54535 3.54203 3.53972 3.5384 
3.53109 3.53175 3.5334 3.53607 3.53977 3.54452 3.55036 3.55733 3.56546 3.57479 3.58535 3.59717 3.61028 3.62469 3.64043 3.65747 3.6758 3.69541 3.71623 3.73822 3.76129 3.78537 3.81034 3.83609 3.86248 3.88939 3.91667 3.94415 3.97169 3.99912 4.02629 4.05303 4.07921 4.10468 4.1293 4.15294 4.1755 4.19686 4.21693 4.23564 4.25291 4.26867 4.28289 4.29552 4.30651 4.31586 4.32352 4.32949 4.33375 4.33629 4.33711 4.33619 4.33353 4.32913 4.32301 4.31516 4.30559 4.29434 4.28142 4.26687 4.25074 4.23308 4.21396 4.19345 4.17166 4.14869 4.12465 4.09966 4.07387 4.04742 4.02047 3.99317 3.96568 3.93818 3.91081 3.88374 3.85712 3.8311 3.80579 3.78133 3.75782 3.73536 3.71402 3.69387 3.67495 3.6573 3.64095 3.62588 3.61211 3.59962 3.58839 3.57838 3.56957 3.56192 3.55539 3.54996 3.54559 3.54226 3.53994 3.53862 
