5.87428 5.87446 5.87474 5.87513 5.87561 5.87619 5.87687 5.87766 5.87854 5.87953 5.88061 5.8818 5.88309 5.88448 5.88598 5.88757 5.88926 5.89105 5.89293 5.89491 5.89697 5.89911 5.90132 5.90361 5.90596 5.90836 5.91081 5.9133 5.91581 5.91833 5.92086 5.92338 5.92588 5.92834 5.93076 5.93311 5.93539 5.93759 5.93968 5.94166 5.94352 5.94523 5.9468 5.94822 5.94946 5.95054 5.95143 5.95213 5.95264 5.95296 5.95308 5.953 5.95273 5.95226 5.9516 5.95076 5.94973 5.94854 5.94718 5.94566 5.944 5.9422 5.94029 5.93826 5.93614 5.93393 5.93166 5.92933 5.92695 5.92455 5.92213 5.9197 5.91728 5.91489 5.91252 5.9102 5.90793 5.90572 5.90358 5.90152 5.89953 5.89764 5.89584 5.89414 5.89254 5.89104 5.88965 5.88836 5.88718 5.88611 5.88515 5.8843 5.88355 5.88292 5.88238 5.88196 5.88163 5.88141 5.88129 5.88127 
5.87446 5.87464 5.87493 5.87531 5.8758 5.87638 5.87707 5.87785 5.87874 5.87973 5.88083 5.88202 5.88332 5.88472 5.88623 5.88783 5.88953 5.89133 5.89323 5.89521 5.89729 5.89944 5.90167 5.90398 5.90634 5.90876 5.91123 5.91373 5.91626 5.9188 5.92135 5.92389 5.9264 5.92888 5.93132 5.93369 5.93599 5.9382 5.94031 5.9423 5.94417 5.9459 5.94748 5.94891 5.95016 5.95124 5.95214 5.95285 5.95336 5.95368 5.9538 5.95372 5.95345 5.95298 5.95231 5.95146 5.95043 5.94922 5.94785 5.94632 5.94465 5.94284 5.94091 5.93887 5.93673 5.93451 5.93222 5.92987 5.92747 5.92505 5.92261 5.92017 5.91774 5.91532 5.91294 5.9106 5.90831 5.90609 5.90393 5.90185 5.89986 5.89795 5.89614 5.89442 5.89281 5.8913 5.8899 5.8886 5.88741 5.88634 5.88537 5.88451 5.88376 5.88312 5.88258 5.88215 5.88182 5.8816 5.88148 5.88146 
5.87474 5.87493 5.87521 5.8756 5.87609 5.87669 5.87738 5.87818 5.87909 5.88009 5.88121 5.88242 5.88374 5.88517 5.8867 5.88833 5.89006 5.8919 5.89383 5.89585 5.89796 5.90015 5.90243 5.90477 5.90718 5.90964 5.91215 5.9147 5.91728 5.91987 5.92246 5.92504 5.9276 5.93013 5.9326 5.93502 5.93736 5.93961 5.94175 5.94378 5.94568 5.94744 5.94905 5.9505 5.95178 5.95288 5.95379 5.95451 5.95503 5.95536 5.95548 5.9554 5.95511 5.95463 5.95396 5.95309 5.95204 5.95081 5.94941 5.94786 5.94615 5.94431 5.94235 5.94027 5.93809 5.93583 5.93349 5.9311 5.92866 5.9262 5.92371 5.92122 5.91874 5.91628 5.91386 5.91148 5.90914 5.90688 5.90468 5.90256 5.90052 5.89858 5.89673 5.89498 5.89334 5.8918 5.89037 5.88905 5.88784 5.88674 5.88575 5.88487 5.8841 5.88345 5.8829 5.88245 5.88212 5.88189 5.88176 5.88174 
5.87513 5.87531 5.8756 5.876 5.8765 5.87711 5.87782 5.87864 5.87957 5.88061 5.88175 5.883 5.88436 5.88582 5.8874 5.88908 5.89086 5.89275 5.89473 5.89681 5.89898 5.90124 5.90358 5.90599 5.90847 5.911 5.91359 5.91621 5.91886 5.92152 5.92418 5.92684 5.92947 5.93207 5.93462 5.9371 5.9395 5.94181 5.94402 5.9461 5.94805 5.94986 5.95152 5.953 5.95431 5.95544 5.95638 5.95711 5.95765 5.95798 5.95811 5.95802 5.95773 5.95723 5.95654 5.95564 5.95456 5.9533 5.95186 5.95026 5.94851 5.94661 5.94459 5.94245 5.94021 5.93789 5.93548 5.93302 5.93051 5.92798 5.92542 5.92286 5.92031 5.91777 5.91528 5.91282 5.91042 5.90809 5.90582 5.90364 5.90154 5.89954 5.89763 5.89583 5.89413 5.89254 5.89107 5.8897 5.88845 5.88732 5.88629 5.88539 5.88459 5.88391 5.88334 5.88288 5.88253 5.88229 5.88215 5.88213 
5.87561 5.8758 5.87609 5.8765 5.87702 5.87765 5.87839 5.87924 5.8802 5.88127 5.88245 5.88375 5.88516 5.88669 5.88832 5.89007 5.89192 5.89388 5.89594 5.8981 5.90036 5.9027 5.90513 5.90764 5.91021 5.91285 5.91553 5.91825 5.921 5.92376 5.92653 5.92929 5.93202 5.93471 5.93735 5.93993 5.94242 5.94481 5.9471 5.94926 5.95128 5.95316 5.95487 5.95641 5.95777 5.95893 5.9599 5.96066 5.96122 5.96156 5.96168 5.96159 5.96129 5.96077 5.96005 5.95912 5.958 5.95669 5.95519 5.95353 5.95171 5.94975 5.94765 5.94543 5.9431 5.94068 5.93819 5.93563 5.93303 5.93039 5.92774 5.92508 5.92242 5.91979 5.91719 5.91464 5.91215 5.90971 5.90736 5.90509 5.9029 5.90082 5.89883 5.89695 5.89518 5.89353 5.89199 5.89056 5.88926 5.88807 5.887 5.88605 5.88522 5.8845 5.8839 5.88342 5.88305 5.88279 5.88264 5.88261 
5.87619 5.87638 5.87669 5.87711 5.87765 5.8783 5.87907 5.87996 5.88096 5.88209 5.88333 5.88469 5.88616 5.88776 5.88947 5.8913 5.89324 5.89529 5.89746 5.89972 5.90209 5.90455 5.90709 5.90972 5.91241 5.91517 5.91798 5.92083 5.92371 5.9266 5.92949 5.93238 5.93524 5.93805 5.94081 5.9435 5.94611 5.94861 5.951 5.95325 5.95537 5.95732 5.95911 5.96072 5.96213 5.96335 5.96436 5.96515 5.96573 5.96608 5.96621 5.96611 5.96579 5.96525 5.96449 5.96352 5.96234 5.96097 5.95941 5.95767 5.95576 5.95371 5.95151 5.94919 5.94675 5.94422 5.94161 5.93893 5.93621 5.93344 5.93066 5.92787 5.92509 5.92234 5.91961 5.91694 5.91432 5.91177 5.90929 5.90691 5.90461 5.90242 5.90033 5.89836 5.8965 5.89475 5.89313 5.89163 5.89025 5.889 5.88787 5.88687 5.88598 5.88523 5.88459 5.88407 5.88368 5.8834 5.88324 5.8832 
5.87687 5.87707 5.87738 5.87782 5.87839 5.87907 5.87988 5.88081 5.88187 5.88305 5.88436 5.8858 5.88736 5.88904 5.89085 5.89278 5.89483 5.897 5.89928 5.90167 5.90417 5.90676 5.90945 5.91222 5.91506 5.91797 5.92094 5.92394 5.92697 5.93002 5.93307 5.93611 5.93912 5.94209 5.94499 5.94782 5.95056 5.9532 5.95571 5.95808 5.9603 5.96236 5.96423 5.96592 5.96741 5.96868 5.96974 5.97057 5.97118 5.97154 5.97168 5.97157 5.97123 5.97066 5.96986 5.96883 5.96759 5.96614 5.9645 5.96267 5.96066 5.95849 5.95617 5.95373 5.95116 5.94849 5.94574 5.94292 5.94004 5.93713 5.93419 5.93125 5.92832 5.9254 5.92253 5.9197 5.91693 5.91424 5.91162 5.9091 5.90667 5.90435 5.90214 5.90004 5.89807 5.89622 5.8945 5.8929 5.89144 5.89011 5.8889 5.88783 5.88689 5.88608 5.8854 5.88484 5.88442 5.88411 5.88394 5.88388 
5.87766 5.87785 5.87818 5.87864 5.87924 5.87996 5.88081 5.8818 5.88292 5.88418 5.88556 5.88709 5.88874 5.89053 5.89245 5.8945 5.89668 5.89898 5.90141 5.90395 5.9066 5.90936 5.91221 5.91515 5.91817 5.92126 5.9244 5.92758 5.9308 5.93403 5.93727 5.94048 5.94367 5.94681 5.94989 5.95289 5.95579 5.95857 5.96123 5.96373 5.96608 5.96825 5.97024 5.97202 5.97359 5.97493 5.97605 5.97692 5.97756 5.97794 5.97808 5.97797 5.9776 5.97699 5.97614 5.97505 5.97374 5.9722 5.97046 5.96852 5.96639 5.96409 5.96164 5.95904 5.95633 5.9535 5.95058 5.94759 5.94454 5.94144 5.93833 5.93521 5.93209 5.929 5.92594 5.92294 5.91999 5.91713 5.91434 5.91166 5.90907 5.9066 5.90424 5.90201 5.8999 5.89793 5.89609 5.89438 5.89282 5.89139 5.8901 5.88895 5.88794 5.88707 5.88633 5.88573 5.88527 5.88494 5.88474 5.88467 
5.87854 5.87874 5.87909 5.87957 5.8802 5.88096 5.88187 5.88292 5.88412 5.88545 5.88693 5.88856 5.89032 5.89223 5.89428 5.89647 5.8988 5.90126 5.90384 5.90656 5.90939 5.91233 5.91537 5.91851 5.92173 5.92502 5.92837 5.93176 5.93519 5.93863 5.94207 5.9455 5.94889 5.95223 5.9555 5.95868 5.96177 5.96472 5.96754 5.97021 5.9727 5.975 5.97711 5.97899 5.98066 5.98208 5.98326 5.98419 5.98486 5.98527 5.98541 5.98528 5.98489 5.98424 5.98333 5.98218 5.98077 5.97914 5.97728 5.97522 5.97295 5.97051 5.9679 5.96513 5.96224 5.95923 5.95612 5.95293 5.94968 5.94639 5.94307 5.93974 5.93641 5.93311 5.92985 5.92664 5.9235 5.92043 5.91746 5.91459 5.91182 5.90917 5.90665 5.90426 5.902 5.89988 5.8979 5.89607 5.89439 5.89285 5.89146 5.89023 5.88913 5.88819 5.88739 5.88674 5.88623 5.88586 5.88564 5.88556 
5.87953 5.87973 5.88009 5.88061 5.88127 5.88209 5.88305 5.88418 5.88545 5.88688 5.88847 5.89021 5.8921 5.89414 5.89634 5.89869 5.90118 5.90381 5.90659 5.90949 5.91252 5.91567 5.91893 5.92229 5.92573 5.92925 5.93283 5.93646 5.94012 5.9438 5.94748 5.95114 5.95476 5.95832 5.96181 5.96521 5.9685 5.97165 5.97465 5.97749 5.98014 5.9826 5.98484 5.98685 5.98861 5.99013 5.99138 5.99237 5.99308 5.9935 5.99365 5.99351 5.99309 5.9924 5.99143 5.99019 5.98869 5.98694 5.98496 5.98275 5.98034 5.97772 5.97494 5.97199 5.96889 5.96568 5.96236 5.95895 5.95547 5.95195 5.9484 5.94483 5.94128 5.93774 5.93425 5.93081 5.92744 5.92416 5.92097 5.91788 5.91491 5.91207 5.90936 5.90678 5.90435 5.90207 5.89994 5.89797 5.89615 5.89449 5.89299 5.89165 5.89047 5.88944 5.88857 5.88786 5.8873 5.8869 5.88665 5.88655 
5.88061 5.88083 5.88121 5.88175 5.88245 5.88333 5.88436 5.88556 5.88693 5.88847 5.89017 5.89203 5.89407 5.89626 5.89862 5.90115 5.90382 5.90665 5.90963 5.91275 5.91601 5.91939 5.92289 5.92649 5.93018 5.93396 5.9378 5.94169 5.94561 5.94955 5.95349 5.9574 5.96128 5.96509 5.96882 5.97246 5.97597 5.97934 5.98255 5.98557 5.98841 5.99102 5.99341 5.99556 5.99744 5.99905 6.00039 6.00144 6.00219 6.00264 6.00279 6.00264 6.00219 6.00144 6.0004 5.99907 5.99747 5.9956 5.99348 5.99112 5.98853 5.98573 5.98275 5.97959 5.97628 5.97284 5.96928 5.96563 5.9619 5.95813 5.95432 5.9505 5.94668 5.94289 5.93914 5.93545 5.93183 5.92829 5.92486 5.92154 5.91835 5.91528 5.91236 5.90959 5.90697 5.9045 5.9022 5.90007 5.8981 5.89631 5.89468 5.89323 5.89194 5.89082 5.88988 5.8891 5.88849 5.88804 5.88776 5.88765 
5.8818 5.88202 5.88242 5.883 5.88375 5.88469 5.8858 5.88709 5.88856 5.89021 5.89203 5.89404 5.89623 5.8986 5.90114 5.90385 5.90673 5.90978 5.91298 5.91634 5.91984 5.92348 5.92723 5.93111 5.93508 5.93913 5.94325 5.94743 5.95164 5.95587 5.96009 5.96429 5.96844 5.97252 5.97652 5.98041 5.98417 5.98777 5.99121 5.99445 5.99747 6.00027 6.00282 6.00511 6.00712 6.00884 6.01027 6.01138 6.01218 6.01266 6.01282 6.01265 6.01217 6.01136 6.01024 6.00882 6.0071 6.0051 6.00282 6.00029 5.99752 5.99452 5.99132 5.98794 5.98439 5.98069 5.97688 5.97296 5.96896 5.96491 5.96082 5.95672 5.95262 5.94854 5.94451 5.94054 5.93664 5.93284 5.92914 5.92557 5.92212 5.91882 5.91566 5.91267 5.90984 5.90717 5.90469 5.90238 5.90025 5.8983 5.89654 5.89495 5.89356 5.89234 5.89131 5.89046 5.88978 5.88929 5.88898 5.88885 
5.88309 5.88332 5.88374 5.88436 5.88516 5.88616 5.88736 5.88874 5.89032 5.8921 5.89407 5.89623 5.89859 5.90114 5.90387 5.9068 5.9099 5.91318 5.91663 5.92025 5.92402 5.92793 5.93197 5.93614 5.94041 5.94476 5.94919 5.95368 5.9582 5.96274 5.96727 5.97177 5.97623 5.98061 5.98489 5.98906 5.99308 5.99694 6.00062 6.00409 6.00732 6.01032 6.01304 6.01549 6.01764 6.01948 6.021 6.02218 6.02304 6.02355 6.02371 6.02353 6.023 6.02213 6.02093 6.01941 6.01756 6.01541 6.01297 6.01026 6.00728 6.00407 6.00064 5.99701 5.9932 5.98923 5.98514 5.98093 5.97664 5.97229 5.96789 5.96348 5.95907 5.95469 5.95035 5.94608 5.94188 5.93779 5.9338 5.92995 5.92623 5.92266 5.91926 5.91602 5.91296 5.91008 5.90739 5.90489 5.90258 5.90047 5.89855 5.89683 5.89531 5.89399 5.89286 5.89193 5.89119 5.89065 5.8903 5.89015 
5.88448 5.88472 5.88517 5.88582 5.88669 5.88776 5.88904 5.89053 5.89223 5.89414 5.89626 5.8986 5.90114 5.90388 5.90683 5.90998 5.91333 5.91686 5.92058 5.92447 5.92853 5.93274 5.93709 5.94157 5.94616 5.95085 5.95561 5.96043 5.96529 5.97016 5.97502 5.97985 5.98463 5.98933 5.99392 5.99839 6.0027 6.00683 6.01076 6.01448 6.01794 6.02114 6.02406 6.02667 6.02897 6.03093 6.03255 6.03382 6.03473 6.03527 6.03544 6.03524 6.03467 6.03374 6.03245 6.03081 6.02883 6.02652 6.02391 6.021 6.01781 6.01436 6.01068 6.00679 6.0027 5.99844 5.99405 5.98953 5.98492 5.98025 5.97553 5.97078 5.96604 5.96133 5.95666 5.95206 5.94754 5.94313 5.93884 5.93468 5.93067 5.92682 5.92314 5.91964 5.91634 5.91322 5.91031 5.9076 5.9051 5.90281 5.90073 5.89886 5.89721 5.89577 5.89454 5.89352 5.89271 5.89212 5.89173 5.89155 
5.88598 5.88623 5.8867 5.8874 5.88832 5.88947 5.89085 5.89245 5.89428 5.89634 5.89862 5.90114 5.90387 5.90683 5.91001 5.9134 5.91701 5.92081 5.92482 5.92901 5.93337 5.9379 5.94259 5.9474 5.95234 5.95737 5.96249 5.96767 5.97288 5.97811 5.98333 5.98851 5.99363 5.99867 6.00359 6.00837 6.01299 6.01741 6.02162 6.02559 6.0293 6.03272 6.03584 6.03863 6.04108 6.04318 6.04491 6.04626 6.04723 6.0478 6.04798 6.04776 6.04715 6.04615 6.04476 6.043 6.04088 6.03841 6.0356 6.03248 6.02907 6.02537 6.02143 6.01725 6.01287 6.0083 6.00359 5.99874 5.99379 5.98877 5.9837 5.97861 5.97351 5.96844 5.96342 5.95847 5.95361 5.94886 5.94423 5.93975 5.93543 5.93128 5.92731 5.92353 5.91996 5.91659 5.91344 5.91051 5.9078 5.90532 5.90306 5.90104 5.89924 5.89767 5.89633 5.89522 5.89434 5.89369 5.89326 5.89305 
5.88757 5.88783 5.88833 5.88908 5.89007 5.8913 5.89278 5.8945 5.89647 5.89869 5.90115 5.90385 5.9068 5.90998 5.9134 5.91706 5.92093 5.92503 5.92934 5.93385 5.93854 5.94341 5.94845 5.95362 5.95892 5.96433 5.96982 5.97538 5.98097 5.98658 5.99217 5.99772 6.00321 6.0086 6.01387 6.01899 6.02393 6.02866 6.03316 6.03741 6.04137 6.04502 6.04835 6.05134 6.05395 6.05619 6.05803 6.05947 6.0605 6.06111 6.0613 6.06106 6.0604 6.05932 6.05784 6.05596 6.05368 6.05104 6.04803 6.04469 6.04103 6.03708 6.03285 6.02837 6.02368 6.01879 6.01373 6.00854 6.00323 5.99785 5.9924 5.98693 5.98146 5.97602 5.97062 5.9653 5.96007 5.95496 5.94999 5.94516 5.9405 5.93603 5.93175 5.92768 5.92382 5.92019 5.91678 5.91362 5.91069 5.908 5.90556 5.90336 5.90141 5.89971 5.89825 5.89704 5.89608 5.89536 5.89489 5.89466 
5.88926 5.88953 5.89006 5.89086 5.89192 5.89324 5.89483 5.89668 5.8988 5.90118 5.90382 5.90673 5.9099 5.91333 5.91701 5.92093 5.9251 5.92951 5.93414 5.93898 5.94403 5.94926 5.95466 5.96021 5.9659 5.9717 5.97759 5.98354 5.98953 5.99554 6.00153 6.00747 6.01334 6.01911 6.02475 6.03022 6.0355 6.04056 6.04536 6.04989 6.05412 6.05802 6.06157 6.06475 6.06755 6.06993 6.07189 6.07343 6.07452 6.07516 6.07536 6.0751 6.07439 6.07324 6.07165 6.06963 6.0672 6.06437 6.06116 6.05759 6.05367 6.04944 6.04492 6.04013 6.03511 6.02987 6.02446 6.0189 6.01322 6.00744 6.00161 5.99575 5.98988 5.98404 5.97825 5.97254 5.96692 5.96143 5.95608 5.95089 5.94589 5.94107 5.93646 5.93208 5.92792 5.924 5.92033 5.91691 5.91375 5.91084 5.9082 5.90583 5.90371 5.90187 5.90029 5.89897 5.89793 5.89714 5.89662 5.89636 
5.89105 5.89133 5.8919 5.89275 5.89388 5.89529 5.897 5.89898 5.90126 5.90381 5.90665 5.90978 5.91318 5.91686 5.92081 5.92503 5.92951 5.93424 5.93921 5.9444 5.94981 5.95542 5.96121 5.96716 5.97326 5.97947 5.98577 5.99214 5.99856 6.00498 6.01138 6.01773 6.02401 6.03017 6.03619 6.04203 6.04766 6.05306 6.05818 6.06302 6.06752 6.07168 6.07546 6.07885 6.08182 6.08436 6.08645 6.08808 6.08924 6.08992 6.09012 6.08984 6.08908 6.08785 6.08615 6.084 6.0814 6.07838 6.07495 6.07114 6.06696 6.06244 6.05761 6.05249 6.04712 6.04153 6.03575 6.0298 6.02372 6.01755 6.0113 6.00503 5.99875 5.99249 5.98629 5.98016 5.97414 5.96825 5.96251 5.95694 5.95156 5.94639 5.94144 5.93672 5.93225 5.92803 5.92407 5.92039 5.91698 5.91385 5.911 5.90843 5.90615 5.90415 5.90244 5.90101 5.89987 5.89902 5.89845 5.89816 
5.89293 5.89323 5.89383 5.89473 5.89594 5.89746 5.89928 5.90141 5.90384 5.90659 5.90963 5.91298 5.91663 5.92058 5.92482 5.92934 5.93414 5.93921 5.94453 5.95009 5.95589 5.96189 5.96809 5.97446 5.98097 5.98761 5.99435 6.00116 6.00801 6.01486 6.0217 6.02848 6.03517 6.04174 6.04816 6.05438 6.06038 6.06613 6.07159 6.07673 6.08153 6.08595 6.08997 6.09358 6.09673 6.09943 6.10165 6.10338 6.10461 6.10533 6.10554 6.10524 6.10443 6.10311 6.1013 6.09901 6.09624 6.09302 6.08936 6.08529 6.08084 6.07602 6.07087 6.06542 6.05969 6.05373 6.04755 6.0412 6.03471 6.02812 6.02145 6.01475 6.00803 6.00134 5.99471 5.98815 5.98171 5.9754 5.96925 5.96328 5.95752 5.95197 5.94665 5.94159 5.93679 5.93226 5.92801 5.92404 5.92037 5.917 5.91393 5.91117 5.9087 5.90655 5.9047 5.90316 5.90193 5.901 5.90037 5.90006 
5.89491 5.89521 5.89585 5.89681 5.8981 5.89972 5.90167 5.90395 5.90656 5.90949 5.91275 5.91634 5.92025 5.92447 5.92901 5.93385 5.93898 5.9444 5.95009 5.95604 5.96224 5.96865 5.97527 5.98207 5.98903 5.99612 6.0033 6.01056 6.01786 6.02517 6.03245 6.03968 6.0468 6.05379 6.06062 6.06724 6.07362 6.07973 6.08554 6.091 6.0961 6.10079 6.10507 6.10889 6.11224 6.1151 6.11746 6.11929 6.12059 6.12135 6.12157 6.12125 6.12038 6.11898 6.11705 6.11461 6.11166 6.10824 6.10435 6.10002 6.09528 6.09016 6.08467 6.07887 6.07277 6.06642 6.05984 6.05308 6.04617 6.03914 6.03203 6.02488 6.01771 6.01057 6.00349 5.99649 5.98961 5.98286 5.97629 5.96991 5.96374 5.9578 5.95211 5.94668 5.94154 5.93668 5.93212 5.92786 5.92393 5.9203 5.917 5.91403 5.91138 5.90906 5.90707 5.90541 5.90407 5.90307 5.90239 5.90204 
5.89697 5.89729 5.89796 5.89898 5.90036 5.90209 5.90417 5.9066 5.90939 5.91252 5.91601 5.91984 5.92402 5.92853 5.93337 5.93854 5.94403 5.94981 5.95589 5.96224 5.96884 5.97569 5.98274 5.98999 5.9974 6.00495 6.0126 6.02033 6.0281 6.03587 6.04361 6.05129 6.05886 6.06629 6.07354 6.08057 6.08734 6.09383 6.09998 6.10578 6.11118 6.11616 6.12069 6.12474 6.12829 6.13132 6.13381 6.13575 6.13712 6.13793 6.13815 6.13781 6.13689 6.1354 6.13335 6.13075 6.12763 6.12399 6.11986 6.11527 6.11023 6.10479 6.09897 6.0928 6.08633 6.07957 6.07258 6.06539 6.05804 6.05057 6.043 6.03539 6.02776 6.02016 6.01261 6.00515 5.99781 5.99062 5.9836 5.97679 5.9702 5.96386 5.95778 5.95198 5.94648 5.94128 5.9364 5.93185 5.92763 5.92374 5.92021 5.91702 5.91417 5.91168 5.90954 5.90775 5.90632 5.90523 5.9045 5.90411 
5.89911 5.89944 5.90015 5.90124 5.9027 5.90455 5.90676 5.90936 5.91233 5.91567 5.91939 5.92348 5.92793 5.93274 5.9379 5.94341 5.94926 5.95542 5.96189 5.96865 5.97569 5.98297 5.99047 5.99818 6.00606 6.01408 6.02221 6.03042 6.03867 6.04692 6.05514 6.06328 6.07131 6.07918 6.08687 6.09432 6.10149 6.10836 6.11488 6.12101 6.12673 6.13199 6.13678 6.14106 6.14482 6.14802 6.15065 6.1527 6.15415 6.155 6.15523 6.15486 6.15388 6.1523 6.15013 6.14738 6.14407 6.14022 6.13584 6.13098 6.12564 6.11988 6.11371 6.10717 6.1003 6.09314 6.08573 6.0781 6.0703 6.06236 6.05433 6.04624 6.03814 6.03006 6.02203 6.0141 6.00629 5.99864 5.99117 5.98392 5.9769 5.97014 5.96366 5.95747 5.9516 5.94605 5.94084 5.93597 5.93146 5.92731 5.92353 5.92011 5.91707 5.9144 5.91211 5.91019 5.90864 5.90748 5.90668 5.90627 
5.90132 5.90167 5.90243 5.90358 5.90513 5.90709 5.90945 5.91221 5.91537 5.91893 5.92289 5.92723 5.93197 5.93709 5.94259 5.94845 5.95466 5.96121 5.96809 5.97527 5.98274 5.99047 5.99844 6.00662 6.01498 6.02349 6.03211 6.04081 6.04955 6.05829 6.06699 6.07561 6.0841 6.09244 6.10056 6.10844 6.11602 6.12328 6.13016 6.13664 6.14268 6.14824 6.15329 6.15781 6.16177 6.16515 6.16792 6.17008 6.17161 6.1725 6.17274 6.17235 6.17131 6.16964 6.16734 6.16444 6.16094 6.15686 6.15224 6.1471 6.14146 6.13536 6.12884 6.12192 6.11466 6.10708 6.09924 6.09116 6.0829 6.07449 6.06598 6.05741 6.04882 6.04025 6.03174 6.02332 6.01503 6.0069 5.99897 5.99126 5.9838 5.97661 5.96972 5.96313 5.95688 5.95097 5.94542 5.94024 5.93543 5.931 5.92696 5.92332 5.92007 5.91721 5.91476 5.91271 5.91105 5.9098 5.90895 5.9085 
5.90361 5.90398 5.90477 5.90599 5.90764 5.90972 5.91222 5.91515 5.91851 5.92229 5.92649 5.93111 5.93614 5.94157 5.9474 5.95362 5.96021 5.96716 5.97446 5.98207 5.98999 5.99818 6.00662 6.01528 6.02413 6.03314 6.04226 6.05146 6.06069 6.06993 6.07912 6.08823 6.0972 6.10599 6.11457 6.12288 6.13088 6.13853 6.14579 6.15261 6.15898 6.16483 6.17016 6.17492 6.17908 6.18264 6.18556 6.18783 6.18943 6.19036 6.19062 6.1902 6.1891 6.18734 6.18492 6.18185 6.17816 6.17387 6.16899 6.16356 6.15762 6.15118 6.1443 6.137 6.12934 6.12134 6.11305 6.10452 6.09579 6.08691 6.07791 6.06885 6.05976 6.05069 6.04168 6.03277 6.02399 6.01538 6.00697 5.9988 5.99089 5.98326 5.97594 5.96895 5.96231 5.95603 5.95013 5.94462 5.93951 5.9348 5.9305 5.92662 5.92315 5.92011 5.9175 5.9153 5.91354 5.9122 5.91128 5.9108 
5.90596 5.90634 5.90718 5.90847 5.91021 5.91241 5.91506 5.91817 5.92173 5.92573 5.93018 5.93508 5.94041 5.94616 5.95234 5.95892 5.9659 5.97326 5.98097 5.98903 5.9974 6.00606 6.01498 6.02413 6.03348 6.04299 6.05261 6.06232 6.07206 6.08181 6.0915 6.10109 6.11054 6.11981 6.12883 6.13758 6.146 6.15405 6.16169 6.16887 6.17556 6.18171 6.18731 6.19231 6.19669 6.20042 6.20348 6.20587 6.20755 6.20853 6.2088 6.20835 6.20719 6.20534 6.20279 6.19956 6.19568 6.19116 6.18603 6.18032 6.17406 6.16729 6.16004 6.15236 6.14428 6.13585 6.12712 6.11813 6.10893 6.09956 6.09007 6.08051 6.07092 6.06135 6.05183 6.04242 6.03314 6.02404 6.01515 6.0065 5.99813 5.99006 5.98231 5.9749 5.96787 5.96121 5.95496 5.94911 5.94368 5.93868 5.93412 5.93 5.92632 5.92308 5.9203 5.91797 5.91609 5.91466 5.91368 5.91316 
5.90836 5.90876 5.90964 5.911 5.91285 5.91517 5.91797 5.92126 5.92502 5.92925 5.93396 5.93913 5.94476 5.95085 5.95737 5.96433 5.9717 5.97947 5.98761 5.99612 6.00495 6.01408 6.02349 6.03314 6.04299 6.053 6.06314 6.07336 6.08361 6.09386 6.10406 6.11415 6.12408 6.13382 6.1433 6.15249 6.16133 6.16979 6.1778 6.18534 6.19235 6.19881 6.20468 6.20992 6.21451 6.21842 6.22164 6.22413 6.22589 6.22692 6.22719 6.22672 6.22551 6.22356 6.22088 6.21749 6.21341 6.20867 6.20328 6.19729 6.19071 6.1836 6.17599 6.16792 6.15943 6.15058 6.1414 6.13194 6.12226 6.11241 6.10242 6.09235 6.08226 6.07217 6.06215 6.05222 6.04244 6.03284 6.02347 6.01434 6.0055 5.99698 5.98879 5.98097 5.97353 5.96649 5.95988 5.95369 5.94795 5.94265 5.93782 5.93345 5.92955 5.92612 5.92317 5.92069 5.91869 5.91717 5.91613 5.91557 
5.91081 5.91123 5.91215 5.91359 5.91553 5.91798 5.92094 5.9244 5.92837 5.93283 5.9378 5.94325 5.94919 5.95561 5.96249 5.96982 5.97759 5.98577 5.99435 6.0033 6.0126 6.02221 6.03211 6.04226 6.05261 6.06314 6.07379 6.08453 6.0953 6.10606 6.11675 6.12734 6.13776 6.14797 6.15792 6.16755 6.17681 6.18567 6.19406 6.20195 6.2093 6.21606 6.2222 6.22768 6.23248 6.23657 6.23993 6.24254 6.24438 6.24545 6.24574 6.24524 6.24397 6.24192 6.23912 6.23557 6.2313 6.22633 6.22069 6.2144 6.20752 6.20007 6.19209 6.18363 6.17473 6.16544 6.15581 6.14589 6.13574 6.12539 6.1149 6.10433 6.09372 6.08312 6.07258 6.06215 6.05186 6.04176 6.03189 6.02228 6.01297 6.00399 5.99537 5.98712 5.97928 5.97185 5.96487 5.95834 5.95228 5.94668 5.94158 5.93696 5.93284 5.92921 5.92609 5.92347 5.92135 5.91974 5.91863 5.91804 
5.9133 5.91373 5.9147 5.91621 5.91825 5.92083 5.92394 5.92758 5.93176 5.93646 5.94169 5.94743 5.95368 5.96043 5.96767 5.97538 5.98354 5.99214 6.00116 6.01056 6.02033 6.03042 6.04081 6.05146 6.06232 6.07336 6.08453 6.09578 6.10706 6.11833 6.12954 6.14062 6.15153 6.16221 6.17261 6.18268 6.19237 6.20162 6.2104 6.21864 6.22631 6.23337 6.23979 6.24551 6.25052 6.25479 6.2583 6.26102 6.26294 6.26405 6.26435 6.26383 6.26249 6.26036 6.25742 6.25372 6.24925 6.24406 6.23816 6.2316 6.2244 6.21661 6.20826 6.19941 6.19011 6.18039 6.17031 6.15993 6.14929 6.13845 6.12747 6.11639 6.10527 6.09416 6.0831 6.07215 6.06136 6.05076 6.04039 6.0303 6.02052 6.01108 6.00201 5.99333 5.98508 5.97727 5.96992 5.96304 5.95666 5.95077 5.94538 5.94051 5.93617 5.93234 5.92904 5.92628 5.92404 5.92234 5.92117 5.92053 
5.91581 5.91626 5.91728 5.91886 5.921 5.92371 5.92697 5.9308 5.93519 5.94012 5.94561 5.95164 5.9582 5.96529 5.97288 5.98097 5.98953 5.99856 6.00801 6.01786 6.0281 6.03867 6.04955 6.06069 6.07206 6.08361 6.0953 6.10706 6.11886 6.13064 6.14235 6.15392 6.16532 6.17647 6.18733 6.19783 6.20794 6.21759 6.22674 6.23533 6.24333 6.25069 6.25737 6.26334 6.26856 6.273 6.27665 6.27948 6.28148 6.28264 6.28294 6.2824 6.28101 6.27878 6.27572 6.27186 6.2672 6.26179 6.25564 6.24879 6.24128 6.23315 6.22445 6.21521 6.2055 6.19535 6.18483 6.17398 6.16287 6.15154 6.14006 6.12848 6.11685 6.10522 6.09365 6.08219 6.07089 6.05979 6.04893 6.03835 6.0281 6.0182 6.00868 5.99959 5.99092 5.98272 5.97501 5.96778 5.96107 5.95488 5.94922 5.9441 5.93952 5.9355 5.93203 5.92911 5.92676 5.92496 5.92373 5.92306 
5.91833 5.9188 5.91987 5.92152 5.92376 5.9266 5.93002 5.93403 5.93863 5.9438 5.94955 5.95587 5.96274 5.97016 5.97811 5.98658 5.99554 6.00498 6.01486 6.02517 6.03587 6.04692 6.05829 6.06993 6.08181 6.09386 6.10606 6.11833 6.13064 6.14293 6.15513 6.16719 6.17907 6.19068 6.20199 6.21293 6.22345 6.2335 6.24302 6.25196 6.26028 6.26793 6.27488 6.28108 6.2865 6.29112 6.29492 6.29786 6.29993 6.30113 6.30145 6.30088 6.29943 6.29711 6.29393 6.28991 6.28507 6.27943 6.27303 6.26591 6.25809 6.24963 6.24057 6.23095 6.22083 6.21026 6.1993 6.188 6.17641 6.1646 6.15263 6.14054 6.12841 6.11627 6.1042 6.09223 6.08042 6.06882 6.05746 6.04641 6.03568 6.02532 6.01537 6.00584 5.99678 5.98819 5.9801 5.97253 5.96549 5.959 5.95307 5.9477 5.9429 5.93867 5.93503 5.93197 5.92949 5.9276 5.9263 5.92559 
5.92086 5.92135 5.92246 5.92418 5.92653 5.92949 5.93307 5.93727 5.94207 5.94748 5.95349 5.96009 5.96727 5.97502 5.98333 5.99217 6.00153 6.01138 6.0217 6.03245 6.04361 6.05514 6.06699 6.07912 6.0915 6.10406 6.11675 6.12954 6.14235 6.15513 6.16782 6.18037 6.19271 6.20479 6.21654 6.22791 6.23884 6.24927 6.25915 6.26843 6.27707 6.28501 6.29222 6.29865 6.30428 6.30907 6.313 6.31605 6.31821 6.31945 6.31977 6.31918 6.31768 6.31527 6.31197 6.30779 6.30276 6.29691 6.29027 6.28287 6.27476 6.26597 6.25655 6.24656 6.23605 6.22506 6.21366 6.20191 6.18986 6.17757 6.16511 6.15253 6.13989 6.12726 6.11468 6.1022 6.0899 6.0778 6.06596 6.05443 6.04323 6.03242 6.02203 6.01208 6.00261 5.99364 5.98518 5.97727 5.96991 5.96312 5.95691 5.95129 5.94627 5.94184 5.93803 5.93482 5.93223 5.93025 5.92888 5.92814 
5.92338 5.92389 5.92504 5.92684 5.92929 5.93238 5.93611 5.94048 5.9455 5.95114 5.9574 5.96429 5.97177 5.97985 5.98851 5.99772 6.00747 6.01773 6.02848 6.03968 6.05129 6.06328 6.07561 6.08823 6.10109 6.11415 6.12734 6.14062 6.15392 6.16719 6.18037 6.19339 6.2062 6.21872 6.23091 6.2427 6.25402 6.26483 6.27507 6.28469 6.29363 6.30186 6.30932 6.31598 6.32181 6.32677 6.33084 6.33399 6.33622 6.3375 6.33784 6.33722 6.33567 6.33317 6.32975 6.32542 6.32022 6.31416 6.30727 6.29961 6.2912 6.28209 6.27233 6.26197 6.25106 6.23967 6.22785 6.21565 6.20314 6.19039 6.17745 6.16438 6.15126 6.13812 6.12505 6.11208 6.09928 6.08669 6.07438 6.06237 6.05072 6.03946 6.02864 6.01827 6.0084 5.99904 5.99023 5.98198 5.9743 5.96721 5.96073 5.95486 5.94962 5.945 5.94101 5.93766 5.93495 5.93288 5.93145 5.93067 
5.92588 5.9264 5.9276 5.92947 5.93202 5.93524 5.93912 5.94367 5.94889 5.95476 5.96128 5.96844 5.97623 5.98463 5.99363 6.00321 6.01334 6.02401 6.03517 6.0468 6.05886 6.07131 6.0841 6.0972 6.11054 6.12408 6.13776 6.15153 6.16532 6.17907 6.19271 6.2062 6.21945 6.23242 6.24503 6.25722 6.26894 6.28012 6.29071 6.30065 6.3099 6.31839 6.32611 6.33299 6.33901 6.34413 6.34833 6.35159 6.35389 6.35521 6.35556 6.35492 6.35331 6.35073 6.34719 6.34272 6.33734 6.33108 6.32396 6.31604 6.30734 6.29792 6.28782 6.2771 6.26582 6.25403 6.24179 6.22916 6.21621 6.20299 6.18959 6.17605 6.16244 6.14882 6.13526 6.12181 6.10852 6.09546 6.08267 6.0702 6.0581 6.04641 6.03515 6.02438 6.01411 6.00438 5.99522 5.98663 5.97864 5.97126 5.96451 5.9584 5.95294 5.94812 5.94397 5.94047 5.93765 5.93549 5.93399 5.93318 
5.92834 5.92888 5.93013 5.93207 5.93471 5.93805 5.94209 5.94681 5.95223 5.95832 5.96509 5.97252 5.98061 5.98933 5.99867 6.0086 6.01911 6.03017 6.04174 6.05379 6.06629 6.07918 6.09244 6.10599 6.11981 6.13382 6.14797 6.16221 6.17647 6.19068 6.20479 6.21872 6.23242 6.24581 6.25883 6.27142 6.28352 6.29506 6.30598 6.31624 6.32577 6.33454 6.34249 6.34959 6.3558 6.36108 6.36541 6.36877 6.37113 6.3725 6.37285 6.3722 6.37053 6.36787 6.36422 6.35961 6.35406 6.3476 6.34026 6.33208 6.3231 6.31338 6.30296 6.29189 6.28024 6.26806 6.25542 6.24237 6.22898 6.21533 6.20146 6.18746 6.17338 6.1593 6.14526 6.13134 6.11758 6.10405 6.09081 6.07789 6.06534 6.05322 6.04155 6.03038 6.01973 6.00963 6.00011 5.9912 5.9829 5.97524 5.96823 5.96188 5.9562 5.9512 5.94688 5.94325 5.9403 5.93806 5.9365 5.93565 
5.93076 5.93132 5.9326 5.93462 5.93735 5.94081 5.94499 5.94989 5.9555 5.96181 5.96882 5.97652 5.98489 5.99392 6.00359 6.01387 6.02475 6.03619 6.04816 6.06062 6.07354 6.08687 6.10056 6.11457 6.12883 6.1433 6.15792 6.17261 6.18733 6.20199 6.21654 6.23091 6.24503 6.25883 6.27225 6.28523 6.29768 6.30957 6.32082 6.33138 6.3412 6.35022 6.35841 6.36571 6.37209 6.37753 6.38198 6.38544 6.38787 6.38927 6.38964 6.38896 6.38725 6.38451 6.38076 6.37601 6.37029 6.36364 6.35608 6.34766 6.33842 6.3284 6.31767 6.30627 6.29426 6.28171 6.26867 6.25522 6.24141 6.22733 6.21302 6.19857 6.18404 6.1695 6.155 6.14062 6.12641 6.11243 6.09874 6.08538 6.07241 6.05987 6.0478 6.03623 6.02521 6.01476 6.0049 5.99567 5.98707 5.97914 5.97187 5.96529 5.9594 5.95421 5.94973 5.94596 5.94291 5.94058 5.93897 5.93808 
5.93311 5.93369 5.93502 5.9371 5.93993 5.9435 5.94782 5.95289 5.95868 5.96521 5.97246 5.98041 5.98906 5.99839 6.00837 6.01899 6.03022 6.04203 6.05438 6.06724 6.08057 6.09432 6.10844 6.12288 6.13758 6.15249 6.16755 6.18268 6.19783 6.21293 6.22791 6.2427 6.25722 6.27142 6.28523 6.29856 6.31137 6.32359 6.33515 6.346 6.35609 6.36536 6.37377 6.38127 6.38783 6.39341 6.39798 6.40153 6.40403 6.40546 6.40584 6.40514 6.40338 6.40057 6.39671 6.39184 6.38596 6.37913 6.37136 6.36271 6.35321 6.34291 6.33188 6.32016 6.30781 6.29489 6.28148 6.26764 6.25343 6.23893 6.22421 6.20933 6.19436 6.17937 6.16444 6.14961 6.13496 6.12055 6.10643 6.09265 6.07926 6.06632 6.05386 6.04192 6.03053 6.01973 6.00955 6.00001 5.99113 5.98292 5.97541 5.9686 5.96251 5.95714 5.95251 5.94861 5.94545 5.94303 5.94136 5.94044 
5.93539 5.93599 5.93736 5.9395 5.94242 5.94611 5.95056 5.95579 5.96177 5.9685 5.97597 5.98417 5.99308 6.0027 6.01299 6.02393 6.0355 6.04766 6.06038 6.07362 6.08734 6.10149 6.11602 6.13088 6.146 6.16133 6.17681 6.19237 6.20794 6.22345 6.23884 6.25402 6.26894 6.28352 6.29768 6.31137 6.32452 6.33705 6.34891 6.36004 6.37038 6.37989 6.38851 6.3962 6.40292 6.40864 6.41332 6.41696 6.41952 6.42099 6.42137 6.42066 6.41886 6.41597 6.41202 6.40702 6.401 6.39399 6.38602 6.37715 6.3674 6.35684 6.34552 6.33349 6.32082 6.30756 6.29379 6.27958 6.26499 6.25009 6.23496 6.21967 6.20428 6.18888 6.17352 6.15827 6.1432 6.12837 6.11383 6.09965 6.08586 6.07253 6.0597 6.0474 6.03566 6.02454 6.01404 6.0042 5.99504 5.98658 5.97883 5.9718 5.96552 5.95998 5.95519 5.95117 5.9479 5.94541 5.94369 5.94273 
5.93759 5.9382 5.93961 5.94181 5.94481 5.94861 5.9532 5.95857 5.96472 5.97165 5.97934 5.98777 5.99694 6.00683 6.01741 6.02866 6.04056 6.05306 6.06613 6.07973 6.09383 6.10836 6.12328 6.13853 6.15405 6.16979 6.18567 6.20162 6.21759 6.2335 6.24927 6.26483 6.28012 6.29506 6.30957 6.32359 6.33705 6.34988 6.36202 6.37342 6.384 6.39373 6.40255 6.41042 6.41729 6.42314 6.42794 6.43166 6.43428 6.43578 6.43617 6.43544 6.4336 6.43064 6.4266 6.42148 6.41532 6.40815 6.4 6.39091 6.38093 6.37012 6.35853 6.34621 6.33322 6.31964 6.30554 6.29097 6.27601 6.26074 6.24523 6.22954 6.21376 6.19795 6.18219 6.16654 6.15107 6.13584 6.12091 6.10634 6.09218 6.07848 6.06529 6.05264 6.04058 6.02914 6.01834 6.00822 5.99879 5.99009 5.98211 5.97488 5.96841 5.9627 5.95777 5.95363 5.95027 5.9477 5.94592 5.94493 
5.93968 5.94031 5.94175 5.94402 5.9471 5.951 5.95571 5.96123 5.96754 5.97465 5.98255 5.99121 6.00062 6.01076 6.02162 6.03316 6.04536 6.05818 6.07159 6.08554 6.09998 6.11488 6.13016 6.14579 6.16169 6.1778 6.19406 6.2104 6.22674 6.24302 6.25915 6.27507 6.29071 6.30598 6.32082 6.33515 6.34891 6.36202 6.37443 6.38607 6.39689 6.40682 6.41583 6.42387 6.43089 6.43686 6.44176 6.44555 6.44823 6.44977 6.45017 6.44942 6.44753 6.44452 6.44039 6.43516 6.42887 6.42154 6.41321 6.40393 6.39374 6.38269 6.37083 6.35824 6.34497 6.33108 6.31665 6.30175 6.28645 6.27083 6.25495 6.2389 6.22274 6.20656 6.19042 6.17439 6.15854 6.14293 6.12763 6.1127 6.09818 6.08413 6.0706 6.05763 6.04526 6.03351 6.02243 6.01204 6.00237 5.99342 5.98523 5.97781 5.97116 5.9653 5.96023 5.95597 5.95252 5.94988 5.94805 5.94704 
5.94166 5.9423 5.94378 5.9461 5.94926 5.95325 5.95808 5.96373 5.97021 5.97749 5.98557 5.99445 6.00409 6.01448 6.02559 6.03741 6.04989 6.06302 6.07673 6.091 6.10578 6.12101 6.13664 6.15261 6.16887 6.18534 6.20195 6.21864 6.23533 6.25196 6.26843 6.28469 6.30065 6.31624 6.33138 6.346 6.36004 6.37342 6.38607 6.39794 6.40897 6.4191 6.42829 6.43648 6.44364 6.44972 6.45472 6.45858 6.46131 6.46288 6.46328 6.46252 6.4606 6.45752 6.45331 6.44798 6.44157 6.4341 6.4256 6.41614 6.40574 6.39447 6.38238 6.36953 6.35599 6.34182 6.32709 6.31188 6.29626 6.28031 6.26409 6.24769 6.23119 6.21465 6.19815 6.18177 6.16556 6.1496 6.13396 6.11868 6.10383 6.08945 6.07561 6.06233 6.04966 6.03764 6.02629 6.01565 6.00574 5.99657 5.98818 5.98057 5.97376 5.96775 5.96256 5.95819 5.95465 5.95194 5.95006 5.94902 
5.94352 5.94417 5.94568 5.94805 5.95128 5.95537 5.9603 5.96608 5.9727 5.98014 5.98841 5.99747 6.00732 6.01794 6.0293 6.04137 6.05412 6.06752 6.08153 6.0961 6.11118 6.12673 6.14268 6.15898 6.17556 6.19235 6.2093 6.22631 6.24333 6.26028 6.27707 6.29363 6.3099 6.32577 6.3412 6.35609 6.37038 6.384 6.39689 6.40897 6.4202 6.43051 6.43985 6.44819 6.45547 6.46167 6.46675 6.47068 6.47345 6.47505 6.47546 6.47469 6.47273 6.4696 6.46532 6.45989 6.45336 6.44576 6.43712 6.42748 6.4169 6.40542 6.39311 6.38003 6.36623 6.3518 6.3368 6.3213 6.30538 6.28912 6.27259 6.25587 6.23904 6.22218 6.20535 6.18864 6.1721 6.15582 6.13985 6.12425 6.10909 6.09442 6.08027 6.06671 6.05377 6.04148 6.02989 6.01901 6.00888 5.99952 5.99094 5.98316 5.97619 5.97005 5.96474 5.96027 5.95664 5.95387 5.95195 5.95089 
5.94523 5.9459 5.94744 5.94986 5.95316 5.95732 5.96236 5.96825 5.975 5.9826 5.99102 6.00027 6.01032 6.02114 6.03272 6.04502 6.05802 6.07168 6.08595 6.10079 6.11616 6.13199 6.14824 6.16483 6.18171 6.19881 6.21606 6.23337 6.25069 6.26793 6.28501 6.30186 6.31839 6.33454 6.35022 6.36536 6.37989 6.39373 6.40682 6.4191 6.43051 6.44098 6.45048 6.45894 6.46634 6.47264 6.47779 6.48179 6.48461 6.48623 6.48664 6.48586 6.48387 6.48069 6.47634 6.47083 6.4642 6.45647 6.44769 6.4379 6.42714 6.41548 6.40297 6.38967 6.37565 6.36097 6.34572 6.32996 6.31377 6.29722 6.28041 6.2634 6.24627 6.22911 6.21198 6.19496 6.17813 6.16154 6.14528 6.12939 6.11394 6.09899 6.08458 6.07075 6.05756 6.04503 6.03321 6.02212 6.01179 6.00224 5.99348 5.98554 5.97844 5.97217 5.96675 5.96219 5.95849 5.95566 5.9537 5.95261 
5.9468 5.94748 5.94905 5.95152 5.95487 5.95911 5.96423 5.97024 5.97711 5.98484 5.99341 6.00282 6.01304 6.02406 6.03584 6.04835 6.06157 6.07546 6.08997 6.10507 6.12069 6.13678 6.15329 6.17016 6.18731 6.20468 6.2222 6.23979 6.25737 6.27488 6.29222 6.30932 6.32611 6.34249 6.35841 6.37377 6.38851 6.40255 6.41583 6.42829 6.43985 6.45048 6.4601 6.46869 6.47619 6.48257 6.4878 6.49186 6.49471 6.49635 6.49678 6.49598 6.49396 6.49074 6.48633 6.48074 6.47402 6.46618 6.45727 6.44734 6.43643 6.4246 6.41191 6.39841 6.38419 6.36929 6.35381 6.33781 6.32138 6.30458 6.2875 6.27023 6.25283 6.2354 6.218 6.2007 6.1836 6.16674 6.15021 6.13406 6.11835 6.10315 6.08849 6.07443 6.06101 6.04827 6.03624 6.02495 6.01444 6.00471 5.9958 5.98772 5.98049 5.9741 5.96859 5.96394 5.96017 5.95729 5.95529 5.95419 
5.94822 5.94891 5.9505 5.953 5.95641 5.96072 5.96592 5.97202 5.97899 5.98685 5.99556 6.00511 6.01549 6.02667 6.03863 6.05134 6.06475 6.07885 6.09358 6.10889 6.12474 6.14106 6.15781 6.17492 6.19231 6.20992 6.22768 6.24551 6.26334 6.28108 6.29865 6.31598 6.33299 6.34959 6.36571 6.38127 6.3962 6.41042 6.42387 6.43648 6.44819 6.45894 6.46869 6.47738 6.48498 6.49144 6.49673 6.50083 6.50372 6.50538 6.50581 6.505 6.50296 6.4997 6.49523 6.48958 6.48277 6.47484 6.46582 6.45577 6.44472 6.43274 6.41988 6.40622 6.3918 6.37672 6.36103 6.34482 6.32817 6.31115 6.29384 6.27633 6.2587 6.24102 6.22337 6.20584 6.18849 6.17139 6.15462 6.13824 6.1223 6.10687 6.09199 6.07772 6.0641 6.05116 6.03895 6.02749 6.01681 6.00694 5.99789 5.98968 5.98233 5.97584 5.97024 5.96552 5.96169 5.95876 5.95673 5.95561 
5.94946 5.95016 5.95178 5.95431 5.95777 5.96213 5.96741 5.97359 5.98066 5.98861 5.99744 6.00712 6.01764 6.02897 6.04108 6.05395 6.06755 6.08182 6.09673 6.11224 6.12829 6.14482 6.16177 6.17908 6.19669 6.21451 6.23248 6.25052 6.26856 6.2865 6.30428 6.32181 6.33901 6.3558 6.37209 6.38783 6.40292 6.41729 6.43089 6.44364 6.45547 6.46634 6.47619 6.48498 6.49265 6.49918 6.50453 6.50867 6.51159 6.51327 6.5137 6.51289 6.51083 6.50753 6.50301 6.4973 6.49042 6.4824 6.47329 6.46312 6.45196 6.43985 6.42685 6.41303 6.39846 6.38321 6.36734 6.35095 6.33411 6.31689 6.29938 6.28167 6.26382 6.24593 6.22808 6.21033 6.19277 6.17546 6.15848 6.14189 6.12576 6.11013 6.09506 6.08061 6.06681 6.0537 6.04133 6.02972 6.0189 6.00889 5.99972 5.9914 5.98395 5.97738 5.97169 5.96691 5.96303 5.96006 5.958 5.95686 
5.95054 5.95124 5.95288 5.95544 5.95893 5.96335 5.96868 5.97493 5.98208 5.99013 5.99905 6.00884 6.01948 6.03093 6.04318 6.05619 6.06993 6.08436 6.09943 6.1151 6.13132 6.14802 6.16515 6.18264 6.20042 6.21842 6.23657 6.25479 6.273 6.29112 6.30907 6.32677 6.34413 6.36108 6.37753 6.39341 6.40864 6.42314 6.43686 6.44972 6.46167 6.47264 6.48257 6.49144 6.49918 6.50576 6.51116 6.51534 6.51828 6.51998 6.52042 6.51959 6.51751 6.51419 6.50963 6.50387 6.49692 6.48884 6.47964 6.46938 6.45812 6.4459 6.43278 6.41884 6.40413 6.38873 6.37272 6.35617 6.33916 6.32178 6.3041 6.28621 6.26819 6.25012 6.23209 6.21416 6.19642 6.17893 6.16178 6.14501 6.12871 6.11291 6.09768 6.08307 6.06912 6.05588 6.04337 6.03163 6.02068 6.01056 6.00129 5.99288 5.98534 5.97869 5.97294 5.9681 5.96418 5.96117 5.95909 5.95793 
5.95143 5.95214 5.95379 5.95638 5.9599 5.96436 5.96974 5.97605 5.98326 5.99138 6.00039 6.01027 6.021 6.03255 6.04491 6.05803 6.07189 6.08645 6.10165 6.11746 6.13381 6.15065 6.16792 6.18556 6.20348 6.22164 6.23993 6.2583 6.27665 6.29492 6.313 6.33084 6.34833 6.36541 6.38198 6.39798 6.41332 6.42794 6.44176 6.45472 6.46675 6.47779 6.4878 6.49673 6.50453 6.51116 6.51659 6.5208 6.52377 6.52547 6.52591 6.52509 6.52299 6.51964 6.51505 6.50925 6.50226 6.49411 6.48485 6.47451 6.46317 6.45085 6.43764 6.42359 6.40877 6.39326 6.37712 6.36044 6.34331 6.32579 6.30797 6.28994 6.27177 6.25356 6.23538 6.2173 6.19941 6.18179 6.16448 6.14758 6.13113 6.1152 6.09984 6.0851 6.07103 6.05767 6.04504 6.0332 6.02216 6.01195 6.00259 5.9941 5.98649 5.97978 5.97398 5.96909 5.96513 5.9621 5.95999 5.95883 
5.95213 5.95285 5.95451 5.95711 5.96066 5.96515 5.97057 5.97692 5.98419 5.99237 6.00144 6.01138 6.02218 6.03382 6.04626 6.05947 6.07343 6.08808 6.10338 6.11929 6.13575 6.1527 6.17008 6.18783 6.20587 6.22413 6.24254 6.26102 6.27948 6.29786 6.31605 6.33399 6.35159 6.36877 6.38544 6.40153 6.41696 6.43166 6.44555 6.45858 6.47068 6.48179 6.49186 6.50083 6.50867 6.51534 6.5208 6.52503 6.52802 6.52973 6.53018 6.52934 6.52724 6.52387 6.51925 6.51342 6.50638 6.49819 6.48888 6.47849 6.46708 6.45469 6.4414 6.42727 6.41237 6.39676 6.38053 6.36376 6.34652 6.32889 6.31097 6.29283 6.27455 6.25623 6.23793 6.21974 6.20174 6.184 6.16659 6.14957 6.13302 6.11698 6.10152 6.08669 6.07252 6.05906 6.04635 6.03443 6.02331 6.01303 6.0036 5.99505 5.98739 5.98064 5.97479 5.96987 5.96588 5.96283 5.96071 5.95953 
5.95264 5.95336 5.95503 5.95765 5.96122 5.96573 5.97118 5.97756 5.98486 5.99308 6.00219 6.01218 6.02304 6.03473 6.04723 6.0605 6.07452 6.08924 6.10461 6.12059 6.13712 6.15415 6.17161 6.18943 6.20755 6.22589 6.24438 6.26294 6.28148 6.29993 6.31821 6.33622 6.35389 6.37113 6.38787 6.40403 6.41952 6.43428 6.44823 6.46131 6.47345 6.48461 6.49471 6.50372 6.51159 6.51828 6.52377 6.52802 6.53101 6.53273 6.53318 6.53234 6.53023 6.52684 6.52221 6.51635 6.50929 6.50107 6.49172 6.48129 6.46983 6.4574 6.44406 6.42987 6.4149 6.39924 6.38294 6.3661 6.34878 6.33109 6.31309 6.29487 6.27652 6.25811 6.23974 6.22147 6.20339 6.18557 6.16808 6.15099 6.13436 6.11825 6.10272 6.08781 6.07358 6.06006 6.04729 6.03531 6.02414 6.01381 6.00433 5.99574 5.98804 5.98125 5.97538 5.97044 5.96643 5.96335 5.96123 5.96005 
5.95296 5.95368 5.95536 5.95798 5.96156 5.96608 5.97154 5.97794 5.98527 5.9935 6.00264 6.01266 6.02355 6.03527 6.0478 6.06111 6.07516 6.08992 6.10533 6.12135 6.13793 6.155 6.1725 6.19036 6.20853 6.22692 6.24545 6.26405 6.28264 6.30113 6.31945 6.3375 6.35521 6.3725 6.38927 6.40546 6.42099 6.43578 6.44977 6.46288 6.47505 6.48623 6.49635 6.50538 6.51327 6.51998 6.52547 6.52973 6.53273 6.53446 6.5349 6.53406 6.53195 6.52856 6.52391 6.51804 6.51097 6.50272 6.49335 6.4829 6.47141 6.45895 6.44558 6.43136 6.41636 6.40066 6.38432 6.36744 6.35009 6.33235 6.31431 6.29604 6.27765 6.2592 6.24078 6.22247 6.20434 6.18648 6.16894 6.15181 6.13514 6.11899 6.10342 6.08847 6.0742 6.06065 6.04785 6.03583 6.02463 6.01427 6.00477 5.99616 5.98844 5.98163 5.97574 5.97078 5.96676 5.96368 5.96155 5.96036 
