5.29422 5.2944 5.29466 5.295 5.29542 5.29592 5.2965 5.29716 5.2979 5.29873 5.29964 5.30063 5.30171 5.30288 5.30414 5.30549 5.30692 5.30845 5.31006 5.31175 5.31353 5.31539 5.31732 5.31932 5.32139 5.32352 5.32569 5.32791 5.33016 5.33243 5.33472 5.33701 5.33928 5.34153 5.34375 5.34592 5.34802 5.35005 5.352 5.35384 5.35557 5.35718 5.35865 5.35997 5.36115 5.36216 5.363 5.36366 5.36415 5.36445 5.36456 5.3645 5.36424 5.3638 5.36319 5.3624 5.36144 5.36032 5.35904 5.35763 5.35608 5.35441 5.35262 5.35075 5.34878 5.34675 5.34465 5.34251 5.34034 5.33815 5.33595 5.33376 5.33159 5.32944 5.32733 5.32527 5.32326 5.32132 5.31945 5.31766 5.31595 5.31433 5.3128 5.31136 5.31002 5.30878 5.30763 5.30658 5.30563 5.30477 5.30401 5.30334 5.30277 5.30229 5.30189 5.30158 5.30136 5.30122 5.30116 5.30119 
5.2944 5.29459 5.29485 5.29519 5.29561 5.29611 5.29669 5.29736 5.2981 5.29893 5.29985 5.30085 5.30194 5.30312 5.30438 5.30574 5.30718 5.30872 5.31034 5.31205 5.31384 5.31571 5.31766 5.31968 5.32176 5.3239 5.3261 5.32833 5.3306 5.3329 5.3352 5.33751 5.3398 5.34207 5.34431 5.34649 5.34862 5.35066 5.35262 5.35448 5.35623 5.35785 5.35933 5.36067 5.36185 5.36287 5.36371 5.36439 5.36487 5.36518 5.36529 5.36522 5.36497 5.36453 5.3639 5.36311 5.36214 5.36101 5.35972 5.35829 5.35673 5.35505 5.35325 5.35135 5.34937 5.34732 5.34521 5.34305 5.34086 5.33865 5.33643 5.33422 5.33203 5.32986 5.32774 5.32566 5.32363 5.32168 5.31979 5.31799 5.31626 5.31463 5.31308 5.31164 5.31028 5.30903 5.30787 5.30681 5.30585 5.30499 5.30422 5.30355 5.30297 5.30248 5.30209 5.30177 5.30155 5.30141 5.30135 5.30137 
5.29466 5.29485 5.29511 5.29546 5.29589 5.29639 5.29699 5.29766 5.29842 5.29927 5.3002 5.30122 5.30233 5.30353 5.30482 5.30621 5.30768 5.30925 5.31091 5.31265 5.31448 5.31639 5.31838 5.32045 5.32258 5.32476 5.327 5.32929 5.33161 5.33395 5.3363 5.33866 5.341 5.34332 5.3456 5.34783 5.35 5.35209 5.35409 5.35599 5.35777 5.35942 5.36094 5.3623 5.36351 5.36455 5.36541 5.36609 5.36659 5.3669 5.36702 5.36695 5.36668 5.36623 5.36559 5.36478 5.36379 5.36263 5.36132 5.35986 5.35826 5.35654 5.35471 5.35277 5.35075 5.34865 5.34649 5.34429 5.34205 5.33979 5.33753 5.33527 5.33302 5.33081 5.32864 5.32651 5.32444 5.32244 5.32052 5.31867 5.31691 5.31523 5.31365 5.31217 5.31079 5.3095 5.30832 5.30723 5.30625 5.30537 5.30458 5.30389 5.30329 5.30279 5.30238 5.30206 5.30183 5.30168 5.30161 5.30163 
5.295 5.29519 5.29546 5.29581 5.29625 5.29677 5.29738 5.29807 5.29886 5.29973 5.30069 5.30175 5.30289 5.30413 5.30547 5.3069 5.30843 5.31005 5.31176 5.31357 5.31546 5.31744 5.3195 5.32163 5.32383 5.32609 5.32841 5.33077 5.33317 5.33559 5.33802 5.34046 5.34288 5.34528 5.34763 5.34994 5.35218 5.35434 5.3564 5.35836 5.3602 5.36191 5.36347 5.36488 5.36612 5.36719 5.36808 5.36879 5.3693 5.36962 5.36974 5.36966 5.36939 5.36892 5.36826 5.36741 5.36639 5.3652 5.36384 5.36233 5.36068 5.3589 5.357 5.355 5.35291 5.35074 5.34851 5.34623 5.34391 5.34158 5.33923 5.33689 5.33457 5.33228 5.33003 5.32783 5.32569 5.32362 5.32162 5.31971 5.31788 5.31614 5.31451 5.31297 5.31153 5.3102 5.30897 5.30784 5.30682 5.3059 5.30508 5.30436 5.30373 5.30321 5.30278 5.30244 5.30219 5.30203 5.30196 5.30198 
5.29542 5.29561 5.29589 5.29625 5.2967 5.29724 5.29787 5.2986 5.29941 5.30032 5.30133 5.30243 5.30363 5.30492 5.30632 5.30782 5.30942 5.31111 5.3129 5.31479 5.31677 5.31884 5.321 5.32323 5.32553 5.3279 5.33032 5.33279 5.3353 5.33783 5.34037 5.34291 5.34544 5.34795 5.35041 5.35282 5.35515 5.35741 5.35956 5.3616 5.36352 5.3653 5.36693 5.3684 5.36969 5.37081 5.37173 5.37247 5.373 5.37333 5.37345 5.37337 5.37308 5.37259 5.3719 5.37102 5.36995 5.3687 5.36728 5.3657 5.36398 5.36212 5.36013 5.35804 5.35585 5.35359 5.35125 5.34887 5.34645 5.34401 5.34155 5.33911 5.33668 5.33428 5.33192 5.32962 5.32738 5.3252 5.32311 5.3211 5.31919 5.31737 5.31565 5.31403 5.31252 5.31111 5.30982 5.30863 5.30755 5.30658 5.30572 5.30495 5.3043 5.30374 5.30328 5.30292 5.30265 5.30247 5.30239 5.3024 
5.29592 5.29611 5.29639 5.29677 5.29724 5.29781 5.29847 5.29923 5.30009 5.30105 5.3021 5.30327 5.30453 5.3059 5.30738 5.30896 5.31065 5.31244 5.31434 5.31633 5.31842 5.32061 5.32289 5.32525 5.32768 5.33018 5.33274 5.33535 5.33799 5.34066 5.34334 5.34603 5.34869 5.35133 5.35393 5.35646 5.35892 5.3613 5.36357 5.36572 5.36773 5.3696 5.37132 5.37286 5.37422 5.37539 5.37636 5.37713 5.37769 5.37803 5.37816 5.37807 5.37776 5.37724 5.37651 5.37558 5.37445 5.37313 5.37164 5.36998 5.36816 5.36619 5.3641 5.3619 5.35959 5.3572 5.35473 5.35222 5.34966 5.34708 5.34449 5.34191 5.33934 5.33681 5.33431 5.33188 5.3295 5.3272 5.32499 5.32286 5.32083 5.3189 5.31707 5.31535 5.31375 5.31226 5.31088 5.30961 5.30846 5.30743 5.3065 5.30568 5.30498 5.30438 5.30388 5.30349 5.30319 5.303 5.3029 5.3029 
5.2965 5.29669 5.29699 5.29738 5.29787 5.29847 5.29917 5.29997 5.30088 5.3019 5.30303 5.30426 5.30561 5.30707 5.30864 5.31033 5.31213 5.31404 5.31606 5.31819 5.32042 5.32275 5.32517 5.32768 5.33027 5.33294 5.33566 5.33844 5.34125 5.34409 5.34694 5.34979 5.35263 5.35543 5.35819 5.36088 5.36349 5.36601 5.36842 5.37069 5.37283 5.37482 5.37663 5.37826 5.3797 5.38094 5.38197 5.38278 5.38337 5.38373 5.38386 5.38376 5.38343 5.38288 5.3821 5.38111 5.37991 5.37851 5.37692 5.37515 5.37322 5.37113 5.36891 5.36656 5.36411 5.36157 5.35895 5.35627 5.35355 5.35081 5.34805 5.3453 5.34256 5.33986 5.3372 5.3346 5.33207 5.32962 5.32725 5.32498 5.3228 5.32074 5.31878 5.31694 5.31522 5.31362 5.31214 5.31078 5.30955 5.30843 5.30743 5.30655 5.30578 5.30513 5.30459 5.30415 5.30383 5.30361 5.3035 5.30348 
5.29716 5.29736 5.29766 5.29807 5.2986 5.29923 5.29997 5.30083 5.3018 5.30289 5.3041 5.30542 5.30687 5.30843 5.31012 5.31193 5.31386 5.31591 5.31807 5.32036 5.32275 5.32525 5.32785 5.33054 5.33332 5.33618 5.33909 5.34207 5.34508 5.34812 5.35117 5.35422 5.35725 5.36025 5.36319 5.36607 5.36886 5.37154 5.37411 5.37654 5.37882 5.38093 5.38287 5.38461 5.38614 5.38746 5.38855 5.38941 5.39003 5.39041 5.39055 5.39044 5.39009 5.38949 5.38866 5.3876 5.38631 5.38482 5.38312 5.38123 5.37916 5.37693 5.37455 5.37204 5.36942 5.3667 5.3639 5.36103 5.35812 5.35518 5.35222 5.34927 5.34634 5.34345 5.34059 5.3378 5.33508 5.33245 5.3299 5.32746 5.32512 5.32289 5.32079 5.3188 5.31695 5.31522 5.31362 5.31215 5.3108 5.30959 5.3085 5.30754 5.30671 5.30599 5.3054 5.30492 5.30456 5.30431 5.30417 5.30415 
5.2979 5.2981 5.29842 5.29886 5.29941 5.30009 5.30088 5.3018 5.30285 5.30402 5.30532 5.30674 5.3083 5.30998 5.3118 5.31375 5.31584 5.31805 5.32039 5.32285 5.32543 5.32812 5.33093 5.33383 5.33682 5.3399 5.34304 5.34624 5.34948 5.35275 5.35603 5.3593 5.36256 5.36578 5.36894 5.37202 5.37502 5.3779 5.38065 5.38325 5.3857 5.38796 5.39003 5.39189 5.39353 5.39494 5.3961 5.39702 5.39768 5.39809 5.39823 5.39811 5.39772 5.39708 5.39619 5.39504 5.39366 5.39205 5.39023 5.3882 5.38598 5.38358 5.38103 5.37833 5.37551 5.37259 5.36958 5.36649 5.36336 5.3602 5.35702 5.35384 5.35068 5.34756 5.34449 5.34148 5.33854 5.33569 5.33294 5.3303 5.32777 5.32536 5.32308 5.32093 5.31892 5.31704 5.3153 5.3137 5.31224 5.31091 5.30973 5.30867 5.30776 5.30697 5.30631 5.30578 5.30538 5.3051 5.30494 5.3049 
5.29873 5.29893 5.29927 5.29973 5.30032 5.30105 5.3019 5.30289 5.30402 5.30528 5.30668 5.30822 5.30991 5.31173 5.3137 5.31582 5.31807 5.32046 5.323 5.32566 5.32846 5.33137 5.3344 5.33754 5.34078 5.3441 5.34749 5.35095 5.35445 5.35797 5.36151 5.36505 5.36855 5.37202 5.37543 5.37875 5.38197 5.38507 5.38803 5.39083 5.39345 5.39588 5.3981 5.4001 5.40186 5.40337 5.40462 5.4056 5.40631 5.40674 5.40689 5.40675 5.40633 5.40564 5.40467 5.40344 5.40195 5.40022 5.39825 5.39606 5.39367 5.39109 5.38833 5.38543 5.38239 5.37924 5.37599 5.37266 5.36928 5.36586 5.36243 5.359 5.35559 5.35221 5.34888 5.34562 5.34245 5.33936 5.33638 5.33351 5.33077 5.32815 5.32567 5.32333 5.32114 5.31909 5.31719 5.31545 5.31385 5.3124 5.3111 5.30994 5.30893 5.30806 5.30734 5.30675 5.30629 5.30597 5.30579 5.30573 
5.29964 5.29985 5.3002 5.30069 5.30133 5.3021 5.30303 5.3041 5.30532 5.30668 5.3082 5.30987 5.3117 5.31368 5.31582 5.31811 5.32056 5.32316 5.32591 5.3288 5.33183 5.33499 5.33828 5.34168 5.34519 5.34879 5.35246 5.3562 5.35998 5.3638 5.36762 5.37144 5.37523 5.37898 5.38265 5.38624 5.38971 5.39305 5.39624 5.39926 5.40208 5.4047 5.40709 5.40923 5.41113 5.41275 5.41409 5.41514 5.4159 5.41636 5.41651 5.41636 5.41591 5.41516 5.41411 5.41278 5.41117 5.4093 5.40717 5.40481 5.40223 5.39944 5.39647 5.39333 5.39004 5.38664 5.38312 5.37953 5.37587 5.37218 5.36846 5.36474 5.36105 5.35739 5.35378 5.35025 5.3468 5.34345 5.34021 5.33709 5.3341 5.33125 5.32855 5.326 5.32361 5.32137 5.3193 5.31739 5.31564 5.31405 5.31262 5.31135 5.31023 5.30927 5.30847 5.30781 5.3073 5.30694 5.30672 5.30665 
5.30063 5.30085 5.30122 5.30175 5.30243 5.30327 5.30426 5.30542 5.30674 5.30822 5.30987 5.31169 5.31368 5.31583 5.31815 5.32065 5.32331 5.32613 5.32912 5.33226 5.33555 5.33899 5.34256 5.34625 5.35005 5.35395 5.35794 5.36199 5.36609 5.37022 5.37436 5.37849 5.38259 5.38664 5.39061 5.39448 5.39823 5.40184 5.40528 5.40853 5.41158 5.4144 5.41697 5.41928 5.42132 5.42306 5.42451 5.42564 5.42645 5.42694 5.4271 5.42693 5.42644 5.42562 5.42449 5.42305 5.42131 5.41929 5.41699 5.41444 5.41164 5.40863 5.40542 5.40202 5.39847 5.39478 5.39098 5.38709 5.38313 5.37913 5.3751 5.37107 5.36706 5.36309 5.35918 5.35534 5.35159 5.34795 5.34443 5.34103 5.33778 5.33468 5.33173 5.32895 5.32633 5.32389 5.32162 5.31952 5.3176 5.31586 5.31429 5.31289 5.31166 5.3106 5.30971 5.30898 5.30841 5.308 5.30775 5.30766 
5.30171 5.30194 5.30233 5.30289 5.30363 5.30453 5.30561 5.30687 5.3083 5.30991 5.3117 5.31368 5.31583 5.31818 5.32071 5.32342 5.32631 5.32938 5.33263 5.33605 5.33962 5.34336 5.34723 5.35124 5.35537 5.3596 5.36392 5.36832 5.37276 5.37723 5.38172 5.38619 5.39062 5.395 5.39929 5.40347 5.40752 5.41142 5.41513 5.41864 5.42192 5.42496 5.42774 5.43023 5.43242 5.4343 5.43585 5.43706 5.43794 5.43846 5.43863 5.43844 5.43791 5.43702 5.43579 5.43424 5.43236 5.43017 5.42768 5.42492 5.4219 5.41864 5.41517 5.4115 5.40766 5.40367 5.39955 5.39534 5.39105 5.38672 5.38235 5.37798 5.37363 5.36932 5.36507 5.3609 5.35683 5.35287 5.34904 5.34534 5.3418 5.33842 5.3352 5.33216 5.32931 5.32664 5.32415 5.32186 5.31975 5.31784 5.31611 5.31457 5.31322 5.31205 5.31106 5.31025 5.30961 5.30915 5.30886 5.30875 
5.30288 5.30312 5.30353 5.30413 5.30492 5.3059 5.30707 5.30843 5.30998 5.31173 5.31368 5.31583 5.31818 5.32073 5.32348 5.32643 5.32957 5.33291 5.33644 5.34016 5.34404 5.3481 5.35231 5.35666 5.36114 5.36573 5.37041 5.37517 5.37999 5.38483 5.38968 5.39452 5.39932 5.40404 5.40868 5.4132 5.41757 5.42178 5.42578 5.42957 5.43311 5.43638 5.43937 5.44205 5.44441 5.44643 5.4481 5.44941 5.45034 5.4509 5.45107 5.45087 5.45029 5.44933 5.448 5.44632 5.44429 5.44192 5.43924 5.43625 5.43299 5.42947 5.42571 5.42175 5.41759 5.41328 5.40883 5.40427 5.39963 5.39493 5.3902 5.38546 5.38075 5.37607 5.37146 5.36693 5.36251 5.3582 5.35403 5.35001 5.34615 5.34247 5.33897 5.33565 5.33253 5.32962 5.3269 5.32439 5.32208 5.31998 5.31809 5.3164 5.31491 5.31362 5.31252 5.31162 5.31091 5.3104 5.31007 5.30993 
5.30414 5.30438 5.30482 5.30547 5.30632 5.30738 5.30864 5.31012 5.3118 5.3137 5.31582 5.31815 5.32071 5.32348 5.32646 5.32967 5.33309 5.33672 5.34055 5.34459 5.34881 5.35321 5.35778 5.36249 5.36735 5.37232 5.3774 5.38255 5.38776 5.393 5.39825 5.40348 5.40866 5.41377 5.41877 5.42365 5.42836 5.4329 5.43721 5.44129 5.44511 5.44863 5.45185 5.45474 5.45727 5.45944 5.46124 5.46264 5.46364 5.46423 5.46442 5.4642 5.46356 5.46253 5.46109 5.45927 5.45708 5.45452 5.45163 5.44841 5.44489 5.44109 5.43703 5.43275 5.42826 5.42359 5.41878 5.41386 5.40884 5.40375 5.39863 5.39351 5.3884 5.38333 5.37833 5.37342 5.36862 5.36394 5.35941 5.35504 5.35085 5.34684 5.34302 5.33941 5.33601 5.33283 5.32986 5.32712 5.32459 5.32229 5.32022 5.31836 5.31672 5.3153 5.31409 5.3131 5.31231 5.31174 5.31137 5.3112 
5.30549 5.30574 5.30621 5.3069 5.30782 5.30896 5.31033 5.31193 5.31375 5.31582 5.31811 5.32065 5.32342 5.32643 5.32967 5.33315 5.33686 5.3408 5.34496 5.34934 5.35391 5.35868 5.36363 5.36874 5.374 5.37938 5.38487 5.39044 5.39607 5.40173 5.4074 5.41304 5.41863 5.42414 5.42954 5.4348 5.43988 5.44476 5.44941 5.45379 5.4579 5.46169 5.46515 5.46825 5.47097 5.4733 5.47523 5.47673 5.4778 5.47844 5.47863 5.47839 5.4777 5.47658 5.47503 5.47307 5.47071 5.46795 5.46483 5.46136 5.45757 5.45347 5.4491 5.44447 5.43963 5.4346 5.42941 5.42409 5.41867 5.41318 5.40765 5.4021 5.39658 5.39109 5.38568 5.38036 5.37515 5.37009 5.36517 5.36043 5.35587 5.35151 5.34736 5.34344 5.33973 5.33626 5.33303 5.33004 5.32728 5.32477 5.3225 5.32046 5.31867 5.31711 5.31578 5.31468 5.31381 5.31317 5.31275 5.31256 
5.30692 5.30718 5.30768 5.30843 5.30942 5.31065 5.31213 5.31386 5.31584 5.31807 5.32056 5.32331 5.32631 5.32957 5.33309 5.33686 5.34089 5.34515 5.34966 5.3544 5.35935 5.36451 5.36986 5.37539 5.38107 5.38689 5.39282 5.39883 5.4049 5.41101 5.41712 5.4232 5.42923 5.43516 5.44097 5.44662 5.45209 5.45733 5.46233 5.46704 5.47145 5.47552 5.47923 5.48256 5.48548 5.48798 5.49004 5.49165 5.49279 5.49347 5.49367 5.49341 5.49266 5.49146 5.48979 5.48768 5.48513 5.48217 5.47882 5.47508 5.471 5.46659 5.46188 5.45691 5.4517 5.44628 5.44068 5.43495 5.4291 5.42318 5.41721 5.41123 5.40526 5.39934 5.39349 5.38774 5.38211 5.37662 5.3713 5.36616 5.36122 5.35649 5.35199 5.34772 5.3437 5.33993 5.33641 5.33315 5.33015 5.3274 5.32492 5.3227 5.32074 5.31903 5.31757 5.31637 5.31541 5.3147 5.31423 5.31401 
5.30845 5.30872 5.30925 5.31005 5.31111 5.31244 5.31404 5.31591 5.31805 5.32046 5.32316 5.32613 5.32938 5.33291 5.33672 5.3408 5.34515 5.34977 5.35464 5.35976 5.36511 5.37069 5.37647 5.38243 5.38856 5.39483 5.40122 5.4077 5.41424 5.42081 5.42739 5.43393 5.44041 5.44678 5.45302 5.45909 5.46496 5.47059 5.47595 5.481 5.48573 5.49009 5.49406 5.49763 5.50075 5.50343 5.50563 5.50735 5.50857 5.50929 5.50951 5.50922 5.50842 5.50712 5.50533 5.50306 5.50033 5.49715 5.49354 5.48954 5.48515 5.48042 5.47536 5.47002 5.46442 5.45859 5.45258 5.44641 5.44012 5.43374 5.42732 5.42087 5.41444 5.40806 5.40174 5.39554 5.38946 5.38353 5.37778 5.37222 5.36688 5.36176 5.35689 5.35226 5.3479 5.34381 5.33999 5.33645 5.33318 5.3302 5.3275 5.32508 5.32294 5.32107 5.31948 5.31815 5.3171 5.31632 5.3158 5.31554 
5.31006 5.31034 5.31091 5.31176 5.3129 5.31434 5.31606 5.31807 5.32039 5.323 5.32591 5.32912 5.33263 5.33644 5.34055 5.34496 5.34966 5.35464 5.3599 5.36542 5.37119 5.3772 5.38342 5.38985 5.39644 5.40319 5.41006 5.41703 5.42406 5.43112 5.43818 5.4452 5.45215 5.45898 5.46567 5.47218 5.47846 5.48449 5.49023 5.49564 5.50069 5.50536 5.50961 5.51341 5.51675 5.51961 5.52196 5.52379 5.5251 5.52586 5.52609 5.52577 5.52491 5.52352 5.5216 5.51917 5.51624 5.51284 5.50898 5.50468 5.49999 5.49491 5.48949 5.48376 5.47776 5.47151 5.46506 5.45844 5.45168 5.44484 5.43793 5.431 5.42409 5.41722 5.41043 5.40374 5.3972 5.39081 5.38461 5.37861 5.37284 5.36732 5.36205 5.35705 5.35233 5.3479 5.34377 5.33993 5.33639 5.33315 5.33022 5.32759 5.32526 5.32322 5.32149 5.32004 5.31889 5.31803 5.31745 5.31717 
5.31175 5.31205 5.31265 5.31357 5.31479 5.31633 5.31819 5.32036 5.32285 5.32566 5.3288 5.33226 5.33605 5.34016 5.34459 5.34934 5.3544 5.35976 5.36542 5.37136 5.37757 5.38403 5.39072 5.39762 5.40471 5.41195 5.41933 5.4268 5.43434 5.4419 5.44946 5.45698 5.46442 5.47173 5.47889 5.48584 5.49256 5.499 5.50513 5.5109 5.5163 5.52128 5.52581 5.52987 5.53343 5.53647 5.53897 5.54093 5.54231 5.54313 5.54336 5.54302 5.5421 5.54061 5.53856 5.53596 5.53283 5.52919 5.52507 5.52048 5.51546 5.51003 5.50424 5.49811 5.49169 5.485 5.47809 5.471 5.46377 5.45643 5.44903 5.4416 5.43418 5.42681 5.41952 5.41234 5.4053 5.39843 5.39176 5.38531 5.3791 5.37315 5.36747 5.36208 5.35699 5.3522 5.34773 5.34358 5.33976 5.33625 5.33308 5.33022 5.3277 5.32549 5.3236 5.32203 5.32077 5.31983 5.3192 5.31888 
5.31353 5.31384 5.31448 5.31546 5.31677 5.31842 5.32042 5.32275 5.32543 5.32846 5.33183 5.33555 5.33962 5.34404 5.34881 5.35391 5.35935 5.36511 5.37119 5.37757 5.38423 5.39116 5.39834 5.40573 5.41333 5.42109 5.42898 5.43698 5.44504 5.45313 5.46121 5.46924 5.47718 5.48499 5.49263 5.50004 5.50721 5.51407 5.5206 5.52675 5.53249 5.53779 5.54262 5.54693 5.55072 5.55396 5.55662 5.55869 5.56016 5.56102 5.56127 5.5609 5.55992 5.55833 5.55614 5.55337 5.55004 5.54616 5.54176 5.53687 5.53151 5.52573 5.51955 5.51301 5.50615 5.49902 5.49164 5.48407 5.47634 5.46849 5.46058 5.45263 5.44469 5.4368 5.42899 5.4213 5.41375 5.40639 5.39923 5.3923 5.38563 5.37923 5.37313 5.36733 5.36185 5.3567 5.35188 5.34741 5.34328 5.3395 5.33607 5.33299 5.33025 5.32786 5.32582 5.32411 5.32275 5.32172 5.32103 5.32067 
5.31539 5.31571 5.31639 5.31744 5.31884 5.32061 5.32275 5.32525 5.32812 5.33137 5.33499 5.33899 5.34336 5.3481 5.35321 5.35868 5.36451 5.37069 5.3772 5.38403 5.39116 5.39858 5.40625 5.41416 5.42228 5.43057 5.439 5.44753 5.45613 5.46476 5.47338 5.48194 5.4904 5.49871 5.50684 5.51473 5.52235 5.52965 5.53659 5.54313 5.54923 5.55485 5.55997 5.56456 5.56858 5.57201 5.57483 5.57703 5.57858 5.57949 5.57975 5.57936 5.57831 5.57662 5.57429 5.57135 5.5678 5.56368 5.559 5.5538 5.5481 5.54195 5.53537 5.52842 5.52112 5.51352 5.50566 5.49759 5.48935 5.48099 5.47254 5.46406 5.45559 5.44716 5.43881 5.43059 5.42252 5.41464 5.40698 5.39956 5.39242 5.38556 5.37901 5.37279 5.36691 5.36138 5.3562 5.35139 5.34695 5.34288 5.33919 5.33586 5.33291 5.33034 5.32813 5.32628 5.32481 5.32369 5.32294 5.32254 
5.31732 5.31766 5.31838 5.3195 5.321 5.32289 5.32517 5.32785 5.33093 5.3344 5.33828 5.34256 5.34723 5.35231 5.35778 5.36363 5.36986 5.37647 5.38342 5.39072 5.39834 5.40625 5.41444 5.42288 5.43153 5.44036 5.44934 5.45843 5.46759 5.47677 5.48593 5.49503 5.50402 5.51285 5.52148 5.52986 5.53794 5.54568 5.55304 5.55997 5.56643 5.57239 5.57782 5.58267 5.58692 5.59055 5.59354 5.59586 5.59751 5.59847 5.59874 5.59831 5.5972 5.59541 5.59294 5.58982 5.58606 5.58168 5.57672 5.5712 5.56516 5.55863 5.55166 5.54427 5.53652 5.52845 5.5201 5.51152 5.50276 5.49387 5.48488 5.47586 5.46683 5.45785 5.44896 5.44019 5.43159 5.42318 5.415 5.40708 5.39944 5.39211 5.38511 5.37845 5.37215 5.36622 5.36068 5.35552 5.35076 5.34639 5.34242 5.33885 5.33568 5.33291 5.33053 5.32854 5.32695 5.32574 5.32492 5.32449 
5.31932 5.31968 5.32045 5.32163 5.32323 5.32525 5.32768 5.33054 5.33383 5.33754 5.34168 5.34625 5.35124 5.35666 5.36249 5.36874 5.37539 5.38243 5.38985 5.39762 5.40573 5.41416 5.42288 5.43185 5.44105 5.45044 5.45998 5.46964 5.47936 5.4891 5.49882 5.50847 5.51799 5.52735 5.53649 5.54536 5.55391 5.56211 5.56989 5.57722 5.58405 5.59035 5.59608 5.6012 5.6057 5.60953 5.61268 5.61513 5.61686 5.61787 5.61816 5.6177 5.61652 5.61462 5.61201 5.60871 5.60473 5.60011 5.59486 5.58902 5.58263 5.57572 5.56834 5.56051 5.5523 5.54375 5.5349 5.52581 5.51652 5.50709 5.49755 5.48797 5.47839 5.46884 5.45939 5.45007 5.44091 5.43196 5.42325 5.41481 5.40667 5.39886 5.39139 5.38428 5.37756 5.37123 5.3653 5.35979 5.35469 5.35002 5.34577 5.34194 5.33854 5.33557 5.33301 5.33088 5.32916 5.32786 5.32698 5.32651 
5.32139 5.32176 5.32258 5.32383 5.32553 5.32768 5.33027 5.33332 5.33682 5.34078 5.34519 5.35005 5.35537 5.36114 5.36735 5.374 5.38107 5.38856 5.39644 5.40471 5.41333 5.42228 5.43153 5.44105 5.45081 5.46077 5.47088 5.4811 5.4914 5.50171 5.51199 5.5222 5.53227 5.54216 5.55181 5.56118 5.57021 5.57886 5.58707 5.5948 5.60201 5.60865 5.61468 5.62008 5.62482 5.62885 5.63217 5.63475 5.63657 5.63763 5.63793 5.63745 5.6362 5.63419 5.63144 5.62796 5.62376 5.61888 5.61335 5.60719 5.60044 5.59315 5.58535 5.57709 5.56841 5.55938 5.55002 5.54041 5.53058 5.5206 5.51051 5.50036 5.4902 5.48009 5.47007 5.46018 5.45046 5.44096 5.43171 5.42275 5.4141 5.40578 5.39784 5.39028 5.38312 5.37637 5.37005 5.36418 5.35874 5.35375 5.34921 5.34513 5.34149 5.33831 5.33557 5.33329 5.33145 5.33005 5.3291 5.32859 
5.32352 5.3239 5.32476 5.32609 5.3279 5.33018 5.33294 5.33618 5.3399 5.3441 5.34879 5.35395 5.3596 5.36573 5.37232 5.37938 5.38689 5.39483 5.40319 5.41195 5.42109 5.43057 5.44036 5.45044 5.46077 5.47129 5.48198 5.49279 5.50366 5.51455 5.5254 5.53617 5.54679 5.55722 5.56739 5.57726 5.58677 5.59587 5.60451 5.61265 5.62023 5.62721 5.63356 5.63923 5.6442 5.64844 5.65193 5.65463 5.65655 5.65766 5.65797 5.65746 5.65615 5.65404 5.65114 5.64747 5.64306 5.63792 5.6321 5.62562 5.61851 5.61083 5.60262 5.59392 5.58478 5.57525 5.56539 5.55525 5.54488 5.53434 5.52369 5.51297 5.50224 5.49155 5.48095 5.47049 5.46021 5.45015 5.44035 5.43085 5.42168 5.41286 5.40443 5.3964 5.3888 5.38163 5.37492 5.36867 5.36288 5.35757 5.35274 5.34839 5.34451 5.34112 5.3382 5.33576 5.3338 5.3323 5.33128 5.33073 
5.32569 5.3261 5.327 5.32841 5.33032 5.33274 5.33566 5.33909 5.34304 5.34749 5.35246 5.35794 5.36392 5.37041 5.3774 5.38487 5.39282 5.40122 5.41006 5.41933 5.42898 5.439 5.44934 5.45998 5.47088 5.48198 5.49326 5.50464 5.5161 5.52757 5.53899 5.55032 5.5615 5.57246 5.58316 5.59353 5.60352 5.61308 5.62215 5.63068 5.63864 5.64596 5.65262 5.65857 5.66378 5.66822 5.67187 5.67471 5.67671 5.67788 5.67819 5.67766 5.67628 5.67406 5.67102 5.66718 5.66254 5.65716 5.65104 5.64423 5.63678 5.62871 5.62008 5.61094 5.60133 5.59132 5.58094 5.57028 5.55936 5.54827 5.53705 5.52575 5.51445 5.50318 5.492 5.48095 5.4701 5.45948 5.44913 5.43908 5.42939 5.42006 5.41114 5.40264 5.39459 5.38699 5.37988 5.37325 5.36711 5.36147 5.35634 5.35172 5.3476 5.34399 5.34089 5.33829 5.3362 5.3346 5.33351 5.33292 
5.32791 5.32833 5.32929 5.33077 5.33279 5.33535 5.33844 5.34207 5.34624 5.35095 5.3562 5.36199 5.36832 5.37517 5.38255 5.39044 5.39883 5.4077 5.41703 5.4268 5.43698 5.44753 5.45843 5.46964 5.4811 5.49279 5.50464 5.51662 5.52866 5.5407 5.5527 5.56459 5.57632 5.58782 5.59904 5.60991 5.62038 5.63039 5.63989 5.64883 5.65715 5.66482 5.67178 5.67801 5.68346 5.6881 5.69192 5.69488 5.69697 5.69819 5.69852 5.69796 5.69651 5.69419 5.69101 5.68698 5.68213 5.67649 5.67009 5.66296 5.65515 5.6467 5.63766 5.62807 5.618 5.6075 5.59662 5.58542 5.57397 5.56232 5.55053 5.53866 5.52677 5.51492 5.50315 5.49153 5.4801 5.46891 5.45801 5.44742 5.43719 5.42735 5.41794 5.40896 5.40045 5.39243 5.38491 5.37789 5.3714 5.36544 5.36 5.35511 5.35074 5.34692 5.34363 5.34087 5.33864 5.33695 5.33579 5.33515 
5.33016 5.3306 5.33161 5.33317 5.3353 5.33799 5.34125 5.34508 5.34948 5.35445 5.35998 5.36609 5.37276 5.37999 5.38776 5.39607 5.4049 5.41424 5.42406 5.43434 5.44504 5.45613 5.46759 5.47936 5.4914 5.50366 5.5161 5.52866 5.54127 5.5539 5.56647 5.57892 5.5912 5.60323 5.61496 5.62633 5.63728 5.64774 5.65766 5.667 5.67569 5.68369 5.69096 5.69746 5.70314 5.70799 5.71197 5.71506 5.71724 5.7185 5.71885 5.71826 5.71675 5.71433 5.711 5.7068 5.70173 5.69584 5.68916 5.68171 5.67355 5.66472 5.65527 5.64525 5.63471 5.62372 5.61234 5.60062 5.58862 5.57642 5.56406 5.55162 5.53915 5.52672 5.51438 5.50218 5.49017 5.47842 5.46695 5.45582 5.44506 5.43471 5.42479 5.41534 5.40638 5.39792 5.38999 5.38259 5.37574 5.36945 5.36371 5.35853 5.35392 5.34988 5.3464 5.34348 5.34112 5.33933 5.33809 5.33742 
5.33243 5.3329 5.33395 5.33559 5.33783 5.34066 5.34409 5.34812 5.35275 5.35797 5.3638 5.37022 5.37723 5.38483 5.393 5.40173 5.41101 5.42081 5.43112 5.4419 5.45313 5.46476 5.47677 5.4891 5.50171 5.51455 5.52757 5.5407 5.5539 5.5671 5.58023 5.59324 5.60606 5.61862 5.63086 5.64272 5.65413 5.66504 5.67539 5.68511 5.69417 5.7025 5.71007 5.71683 5.72275 5.7278 5.73193 5.73515 5.73742 5.73873 5.73909 5.73847 5.7369 5.73438 5.73092 5.72654 5.72126 5.71512 5.70816 5.7004 5.69189 5.68269 5.67283 5.66238 5.65139 5.63992 5.62803 5.61579 5.60327 5.59051 5.5776 5.56459 5.55155 5.53853 5.52561 5.51283 5.50026 5.48794 5.47592 5.46424 5.45295 5.44209 5.43168 5.42175 5.41233 5.40344 5.3951 5.38732 5.38011 5.37348 5.36744 5.36199 5.35713 5.35286 5.34919 5.34611 5.34363 5.34173 5.34042 5.33971 
5.33472 5.3352 5.3363 5.33802 5.34037 5.34334 5.34694 5.35117 5.35603 5.36151 5.36762 5.37436 5.38172 5.38968 5.39825 5.4074 5.41712 5.42739 5.43818 5.44946 5.46121 5.47338 5.48593 5.49882 5.51199 5.5254 5.53899 5.5527 5.56647 5.58023 5.59392 5.60748 5.62083 5.63391 5.64666 5.659 5.67088 5.68222 5.69298 5.70309 5.7125 5.72116 5.72902 5.73605 5.74219 5.74743 5.75173 5.75506 5.75742 5.75878 5.75915 5.75851 5.75687 5.75425 5.75066 5.7461 5.74062 5.73425 5.727 5.71894 5.71009 5.70052 5.69027 5.67939 5.66795 5.65601 5.64363 5.63088 5.61783 5.60453 5.59106 5.57749 5.56388 5.5503 5.53681 5.52346 5.51032 5.49744 5.48486 5.47265 5.46084 5.44946 5.43855 5.42815 5.41828 5.40896 5.40021 5.39205 5.38448 5.37752 5.37118 5.36545 5.36034 5.35586 5.352 5.34876 5.34614 5.34414 5.34276 5.34201 
5.33701 5.33751 5.33866 5.34046 5.34291 5.34603 5.34979 5.35422 5.3593 5.36505 5.37144 5.37849 5.38619 5.39452 5.40348 5.41304 5.4232 5.43393 5.4452 5.45698 5.46924 5.48194 5.49503 5.50847 5.5222 5.53617 5.55032 5.56459 5.57892 5.59324 5.60748 5.62157 5.63545 5.64904 5.66228 5.67509 5.68742 5.69919 5.71035 5.72084 5.7306 5.73957 5.74772 5.755 5.76137 5.7668 5.77125 5.7747 5.77714 5.77855 5.77893 5.77827 5.77658 5.77386 5.77013 5.76541 5.75973 5.75312 5.74561 5.73724 5.72807 5.71813 5.70749 5.6962 5.68432 5.67192 5.65906 5.64581 5.63224 5.61841 5.6044 5.59028 5.57611 5.56196 5.5479 5.534 5.5203 5.50686 5.49375 5.481 5.46867 5.45679 5.44539 5.43452 5.4242 5.41446 5.4053 5.39676 5.38884 5.38155 5.3749 5.3689 5.36355 5.35885 5.3548 5.3514 5.34865 5.34655 5.34511 5.34431 
5.33928 5.3398 5.341 5.34288 5.34544 5.34869 5.35263 5.35725 5.36256 5.36855 5.37523 5.38259 5.39062 5.39932 5.40866 5.41863 5.42923 5.44041 5.45215 5.46442 5.47718 5.4904 5.50402 5.51799 5.53227 5.54679 5.5615 5.57632 5.5912 5.60606 5.62083 5.63545 5.64984 5.66393 5.67764 5.69092 5.70368 5.71587 5.72743 5.73828 5.74837 5.75766 5.76609 5.77361 5.7802 5.78581 5.79041 5.79398 5.7965 5.79796 5.79835 5.79766 5.79591 5.7931 5.78924 5.78436 5.77849 5.77165 5.76388 5.75522 5.74573 5.73544 5.72442 5.71273 5.70043 5.68757 5.67424 5.6605 5.64642 5.63208 5.61754 5.60287 5.58816 5.57346 5.55885 5.54439 5.53015 5.51617 5.50252 5.48925 5.47641 5.46403 5.45216 5.44083 5.43006 5.4199 5.41035 5.40143 5.39316 5.38555 5.3786 5.37233 5.36673 5.36182 5.35758 5.35403 5.35115 5.34895 5.34743 5.3466 
5.34153 5.34207 5.34332 5.34528 5.34795 5.35133 5.35543 5.36025 5.36578 5.37202 5.37898 5.38664 5.395 5.40404 5.41377 5.42414 5.43516 5.44678 5.45898 5.47173 5.48499 5.49871 5.51285 5.52735 5.54216 5.55722 5.57246 5.58782 5.60323 5.61862 5.63391 5.64904 5.66393 5.6785 5.69268 5.7064 5.71959 5.73218 5.74411 5.75532 5.76574 5.77533 5.78403 5.79179 5.79858 5.80437 5.80911 5.8128 5.8154 5.8169 5.8173 5.81659 5.81479 5.81188 5.80791 5.80287 5.79681 5.78975 5.78173 5.77279 5.76299 5.75236 5.74098 5.7289 5.71618 5.70289 5.6891 5.67489 5.66032 5.64547 5.63041 5.61522 5.59998 5.58475 5.5696 5.5546 5.53982 5.52532 5.51115 5.49736 5.48402 5.47116 5.45882 5.44703 5.43584 5.42526 5.41531 5.40603 5.39742 5.38949 5.38225 5.37571 5.36988 5.36475 5.36033 5.35662 5.35362 5.35133 5.34974 5.34886 
5.34375 5.34431 5.3456 5.34763 5.35041 5.35393 5.35819 5.36319 5.36894 5.37543 5.38265 5.39061 5.39929 5.40868 5.41877 5.42954 5.44097 5.45302 5.46567 5.47889 5.49263 5.50684 5.52148 5.53649 5.55181 5.56739 5.58316 5.59904 5.61496 5.63086 5.64666 5.66228 5.67764 5.69268 5.70731 5.72146 5.73506 5.74804 5.76034 5.77188 5.78262 5.79249 5.80145 5.80945 5.81644 5.82239 5.82728 5.83107 5.83374 5.83529 5.8357 5.83497 5.83311 5.83013 5.82603 5.82085 5.8146 5.80733 5.79907 5.78986 5.77976 5.76881 5.75708 5.74462 5.7315 5.71779 5.70356 5.68889 5.67385 5.65851 5.64296 5.62726 5.6115 5.59575 5.58008 5.56456 5.54926 5.53425 5.51957 5.50529 5.49146 5.47812 5.46533 5.4531 5.44149 5.4305 5.42018 5.41054 5.40159 5.39335 5.38583 5.37903 5.37297 5.36763 5.36304 5.35918 5.35605 5.35366 5.35201 5.35109 
5.34592 5.34649 5.34783 5.34994 5.35282 5.35646 5.36088 5.36607 5.37202 5.37875 5.38624 5.39448 5.40347 5.4132 5.42365 5.4348 5.44662 5.45909 5.47218 5.48584 5.50004 5.51473 5.52986 5.54536 5.56118 5.57726 5.59353 5.60991 5.62633 5.64272 5.659 5.67509 5.69092 5.7064 5.72146 5.73602 5.75002 5.76337 5.77602 5.78789 5.79892 5.80907 5.81828 5.82649 5.83368 5.83979 5.84481 5.8487 5.85145 5.85304 5.85346 5.85271 5.8508 5.84773 5.84353 5.8382 5.83179 5.82431 5.81582 5.80636 5.79597 5.78471 5.77264 5.75982 5.74632 5.73221 5.71756 5.70244 5.68695 5.67114 5.65511 5.63892 5.62267 5.60642 5.59025 5.57423 5.55843 5.54291 5.52775 5.51299 5.49869 5.4849 5.47166 5.45901 5.44698 5.43561 5.42492 5.41493 5.40566 5.39712 5.38932 5.38227 5.37598 5.37045 5.36568 5.36167 5.35842 5.35594 5.35422 5.35327 
5.34802 5.34862 5.35 5.35218 5.35515 5.35892 5.36349 5.36886 5.37502 5.38197 5.38971 5.39823 5.40752 5.41757 5.42836 5.43988 5.45209 5.46496 5.47846 5.49256 5.50721 5.52235 5.53794 5.55391 5.57021 5.58677 5.60352 5.62038 5.63728 5.65413 5.67088 5.68742 5.70368 5.71959 5.73506 5.75002 5.76439 5.77809 5.79107 5.80325 5.81457 5.82498 5.83442 5.84285 5.85021 5.85648 5.86163 5.86562 5.86843 5.87006 5.87049 5.86973 5.86777 5.86462 5.86031 5.85485 5.84827 5.84061 5.8319 5.82219 5.81153 5.79997 5.78758 5.77442 5.76056 5.74606 5.73101 5.71548 5.69955 5.68329 5.6668 5.65015 5.63342 5.61669 5.60004 5.58354 5.56726 5.55127 5.53564 5.52042 5.50567 5.49144 5.47777 5.46471 5.4523 5.44055 5.42951 5.41918 5.4096 5.40077 5.3927 5.38541 5.3789 5.37318 5.36824 5.36409 5.36073 5.35816 5.35638 5.35539 
5.35005 5.35066 5.35209 5.35434 5.35741 5.3613 5.36601 5.37154 5.3779 5.38507 5.39305 5.40184 5.41142 5.42178 5.4329 5.44476 5.45733 5.47059 5.48449 5.499 5.51407 5.52965 5.54568 5.56211 5.57886 5.59587 5.61308 5.63039 5.64774 5.66504 5.68222 5.69919 5.71587 5.73218 5.74804 5.76337 5.77809 5.79213 5.80543 5.8179 5.82949 5.84015 5.84981 5.85843 5.86597 5.87238 5.87765 5.88173 5.88461 5.88628 5.88672 5.88594 5.88393 5.88072 5.8763 5.87072 5.86398 5.85614 5.84722 5.83728 5.82637 5.81453 5.80184 5.78835 5.77414 5.75928 5.74385 5.72792 5.71158 5.6949 5.67798 5.66088 5.6437 5.62652 5.60941 5.59245 5.57572 5.55928 5.5432 5.52754 5.51236 5.49771 5.48364 5.47019 5.4574 5.44529 5.43391 5.42327 5.41338 5.40427 5.39595 5.38843 5.38171 5.3758 5.3707 5.36642 5.36295 5.36029 5.35845 5.35743 
5.352 5.35262 5.35409 5.3564 5.35956 5.36357 5.36842 5.37411 5.38065 5.38803 5.39624 5.40528 5.41513 5.42578 5.43721 5.44941 5.46233 5.47595 5.49023 5.50513 5.5206 5.53659 5.55304 5.56989 5.58707 5.60451 5.62215 5.63989 5.65766 5.67539 5.69298 5.71035 5.72743 5.74411 5.76034 5.77602 5.79107 5.80543 5.81901 5.83176 5.8436 5.85449 5.86436 5.87317 5.88087 5.88742 5.89279 5.89696 5.8999 5.90161 5.90206 5.90126 5.89921 5.89593 5.89142 5.88572 5.87884 5.87083 5.86172 5.85156 5.84041 5.82831 5.81533 5.80154 5.78701 5.77181 5.75602 5.73972 5.72299 5.70591 5.68857 5.67106 5.65346 5.63585 5.61831 5.60091 5.58375 5.56688 5.55038 5.5343 5.51872 5.50367 5.48922 5.4754 5.46225 5.44981 5.4381 5.42716 5.41699 5.40762 5.39906 5.39131 5.3844 5.37831 5.37306 5.36865 5.36507 5.36234 5.36044 5.35938 
5.35384 5.35448 5.35599 5.35836 5.3616 5.36572 5.37069 5.37654 5.38325 5.39083 5.39926 5.40853 5.41864 5.42957 5.44129 5.45379 5.46704 5.481 5.49564 5.5109 5.52675 5.54313 5.55997 5.57722 5.5948 5.61265 5.63068 5.64883 5.667 5.68511 5.70309 5.72084 5.73828 5.75532 5.77188 5.78789 5.80325 5.8179 5.83176 5.84476 5.85684 5.86794 5.87801 5.88699 5.89483 5.90151 5.90699 5.91124 5.91424 5.91598 5.91644 5.91562 5.91354 5.91019 5.9056 5.89978 5.89277 5.88461 5.87532 5.86496 5.85358 5.84124 5.828 5.81392 5.79909 5.78357 5.76745 5.7508 5.7337 5.71626 5.69854 5.68064 5.66264 5.64462 5.62668 5.60888 5.59131 5.57404 5.55714 5.54068 5.52471 5.5093 5.49448 5.48031 5.46683 5.45407 5.44206 5.43083 5.4204 5.41078 5.40199 5.39404 5.38694 5.38069 5.37529 5.37076 5.36708 5.36427 5.36232 5.36123 
5.35557 5.35623 5.35777 5.3602 5.36352 5.36773 5.37283 5.37882 5.3857 5.39345 5.40208 5.41158 5.42192 5.43311 5.44511 5.4579 5.47145 5.48573 5.50069 5.5163 5.53249 5.54923 5.56643 5.58405 5.60201 5.62023 5.63864 5.65715 5.67569 5.69417 5.7125 5.7306 5.74837 5.76574 5.78262 5.79892 5.81457 5.82949 5.8436 5.85684 5.86914 5.88044 5.89068 5.89982 5.90781 5.9146 5.92018 5.9245 5.92755 5.92932 5.92979 5.92896 5.92684 5.92344 5.91876 5.91285 5.90571 5.8974 5.88795 5.8774 5.86582 5.85325 5.83977 5.82543 5.81032 5.79451 5.77808 5.7611 5.74368 5.72588 5.70781 5.68955 5.67118 5.6528 5.63448 5.61631 5.59836 5.58072 5.56346 5.54663 5.53031 5.51455 5.4994 5.4849 5.47111 5.45806 5.44577 5.43427 5.42359 5.41374 5.40474 5.39659 5.38932 5.38291 5.37739 5.37274 5.36897 5.36609 5.36409 5.36297 
5.35718 5.35785 5.35942 5.36191 5.3653 5.3696 5.37482 5.38093 5.38796 5.39588 5.4047 5.4144 5.42496 5.43638 5.44863 5.46169 5.47552 5.49009 5.50536 5.52128 5.53779 5.55485 5.57239 5.59035 5.60865 5.62721 5.64596 5.66482 5.68369 5.7025 5.72116 5.73957 5.75766 5.77533 5.79249 5.80907 5.82498 5.84015 5.85449 5.86794 5.88044 5.89192 5.90232 5.91161 5.91972 5.92662 5.93228 5.93667 5.93977 5.94157 5.94205 5.94121 5.93905 5.9356 5.93085 5.92484 5.9176 5.90915 5.89955 5.88884 5.87707 5.86429 5.85059 5.83601 5.82065 5.80457 5.78785 5.77058 5.75285 5.73475 5.71635 5.69775 5.67905 5.66032 5.64166 5.62315 5.60486 5.58688 5.56927 5.55212 5.53547 5.51939 5.50393 5.48914 5.47507 5.46174 5.44919 5.43745 5.42654 5.41648 5.40728 5.39896 5.39152 5.38498 5.37933 5.37457 5.37072 5.36777 5.36573 5.36459 
5.35865 5.35933 5.36094 5.36347 5.36693 5.37132 5.37663 5.38287 5.39003 5.3981 5.40709 5.41697 5.42774 5.43937 5.45185 5.46515 5.47923 5.49406 5.50961 5.52581 5.54262 5.55997 5.57782 5.59608 5.61468 5.63356 5.65262 5.67178 5.69096 5.71007 5.72902 5.74772 5.76609 5.78403 5.80145 5.81828 5.83442 5.84981 5.86436 5.87801 5.89068 5.90232 5.91288 5.92229 5.93051 5.93751 5.94325 5.9477 5.95085 5.95267 5.95315 5.9523 5.95012 5.94662 5.94181 5.93572 5.92837 5.91981 5.91007 5.8992 5.88726 5.87431 5.8604 5.84561 5.83002 5.81369 5.79672 5.77919 5.76118 5.74279 5.7241 5.70521 5.6862 5.66716 5.64819 5.62937 5.61077 5.59248 5.57457 5.55711 5.54017 5.5238 5.50806 5.49301 5.47867 5.46509 5.45231 5.44035 5.42923 5.41898 5.4096 5.40112 5.39354 5.38686 5.3811 5.37625 5.37233 5.36932 5.36723 5.36607 
5.35997 5.36067 5.3623 5.36488 5.3684 5.37286 5.37826 5.38461 5.39189 5.4001 5.40923 5.41928 5.43023 5.44205 5.45474 5.46825 5.48256 5.49763 5.51341 5.52987 5.54693 5.56456 5.58267 5.6012 5.62008 5.63923 5.65857 5.67801 5.69746 5.71683 5.73605 5.755 5.77361 5.79179 5.80945 5.82649 5.84285 5.85843 5.87317 5.88699 5.89982 5.91161 5.92229 5.93182 5.94014 5.94723 5.95303 5.95754 5.96072 5.96256 5.96306 5.9622 5.95999 5.95644 5.95158 5.94541 5.93798 5.92931 5.91945 5.90845 5.89636 5.88324 5.86915 5.85418 5.83838 5.82184 5.80464 5.78687 5.76862 5.74997 5.73103 5.71187 5.69259 5.67328 5.65403 5.63493 5.61605 5.59749 5.57931 5.56158 5.54437 5.52775 5.51177 5.49647 5.4819 5.4681 5.45511 5.44295 5.43165 5.42122 5.41169 5.40306 5.39535 5.38856 5.3827 5.37777 5.37377 5.37071 5.36859 5.3674 
5.36115 5.36185 5.36351 5.36612 5.36969 5.37422 5.3797 5.38614 5.39353 5.40186 5.41113 5.42132 5.43242 5.44441 5.45727 5.47097 5.48548 5.50075 5.51675 5.53343 5.55072 5.56858 5.58692 5.6057 5.62482 5.6442 5.66378 5.68346 5.70314 5.72275 5.74219 5.76137 5.7802 5.79858 5.81644 5.83368 5.85021 5.86597 5.88087 5.89483 5.90781 5.91972 5.93051 5.94014 5.94855 5.95571 5.96158 5.96614 5.96935 5.97121 5.97171 5.97084 5.96861 5.96503 5.96011 5.95388 5.94637 5.93761 5.92765 5.91653 5.90431 5.89105 5.87681 5.86166 5.84569 5.82896 5.81157 5.79359 5.77513 5.75626 5.73709 5.71769 5.69818 5.67863 5.65914 5.6398 5.62068 5.60188 5.58346 5.5655 5.54806 5.53122 5.51501 5.4995 5.48474 5.47075 5.45757 5.44524 5.43377 5.4232 5.41353 5.40477 5.39695 5.39006 5.38411 5.3791 5.37505 5.37194 5.36978 5.36858 
5.36216 5.36287 5.36455 5.36719 5.37081 5.37539 5.38094 5.38746 5.39494 5.40337 5.41275 5.42306 5.4343 5.44643 5.45944 5.4733 5.48798 5.50343 5.51961 5.53647 5.55396 5.57201 5.59055 5.60953 5.62885 5.64844 5.66822 5.6881 5.70799 5.7278 5.74743 5.7668 5.78581 5.80437 5.82239 5.83979 5.85648 5.87238 5.88742 5.90151 5.9146 5.92662 5.93751 5.94723 5.95571 5.96293 5.96886 5.97345 5.97669 5.97857 5.97907 5.9782 5.97595 5.97234 5.96738 5.96109 5.95352 5.94468 5.93463 5.92341 5.91108 5.89769 5.88332 5.86804 5.85191 5.83503 5.81747 5.79932 5.78067 5.76162 5.74225 5.72266 5.70295 5.6832 5.6635 5.64395 5.62463 5.60562 5.587 5.56884 5.55121 5.53418 5.51779 5.5021 5.48716 5.47301 5.45968 5.4472 5.43559 5.42489 5.4151 5.40624 5.39832 5.39134 5.38532 5.38025 5.37614 5.373 5.37081 5.36959 
5.363 5.36371 5.36541 5.36808 5.37173 5.37636 5.38197 5.38855 5.3961 5.40462 5.41409 5.42451 5.43585 5.4481 5.46124 5.47523 5.49004 5.50563 5.52196 5.53897 5.55662 5.57483 5.59354 5.61268 5.63217 5.65193 5.67187 5.69192 5.71197 5.73193 5.75173 5.77125 5.79041 5.80911 5.82728 5.84481 5.86163 5.87765 5.89279 5.90699 5.92018 5.93228 5.94325 5.95303 5.96158 5.96886 5.97482 5.97945 5.98271 5.9846 5.98511 5.98423 5.98197 5.97833 5.97333 5.96701 5.95937 5.95047 5.94035 5.92905 5.91663 5.90314 5.88867 5.87326 5.85702 5.84 5.8223 5.80401 5.78522 5.76601 5.74649 5.72674 5.70686 5.68694 5.66708 5.64736 5.62788 5.6087 5.58992 5.57159 5.55381 5.53661 5.52007 5.50424 5.48916 5.47487 5.46141 5.44881 5.4371 5.42629 5.4164 5.40745 5.39945 5.39241 5.38632 5.3812 5.37705 5.37387 5.37167 5.37044 
5.36366 5.36439 5.36609 5.36879 5.37247 5.37713 5.38278 5.38941 5.39702 5.4056 5.41514 5.42564 5.43706 5.44941 5.46264 5.47673 5.49165 5.50735 5.52379 5.54093 5.55869 5.57703 5.59586 5.61513 5.63475 5.65463 5.67471 5.69488 5.71506 5.73515 5.75506 5.7747 5.79398 5.8128 5.83107 5.8487 5.86562 5.88173 5.89696 5.91124 5.9245 5.93667 5.9477 5.95754 5.96614 5.97345 5.97945 5.9841 5.98738 5.98928 5.98979 5.98891 5.98663 5.98297 5.97795 5.97159 5.96392 5.95497 5.94479 5.93342 5.92093 5.90737 5.89281 5.87732 5.86098 5.84386 5.82606 5.80766 5.78875 5.76942 5.74977 5.7299 5.7099 5.68985 5.66986 5.65002 5.6304 5.61109 5.59218 5.57374 5.55582 5.53851 5.52186 5.50591 5.49072 5.47633 5.46277 5.45008 5.43828 5.42739 5.41743 5.40841 5.40035 5.39325 5.38712 5.38196 5.37777 5.37457 5.37235 5.3711 
5.36415 5.36487 5.36659 5.3693 5.373 5.37769 5.38337 5.39003 5.39768 5.40631 5.4159 5.42645 5.43794 5.45034 5.46364 5.4778 5.49279 5.50857 5.5251 5.54231 5.56016 5.57858 5.59751 5.61686 5.63657 5.65655 5.67671 5.69697 5.71724 5.73742 5.75742 5.77714 5.7965 5.8154 5.83374 5.85145 5.86843 5.88461 5.8999 5.91424 5.92755 5.93977 5.95085 5.96072 5.96935 5.97669 5.98271 5.98738 5.99068 5.99259 5.9931 5.99221 5.98993 5.98626 5.98121 5.97483 5.96712 5.95814 5.94792 5.93651 5.92397 5.91035 5.89573 5.88018 5.86377 5.84658 5.8287 5.81023 5.79123 5.77183 5.75209 5.73213 5.71204 5.69191 5.67183 5.65189 5.63218 5.61279 5.59379 5.57525 5.55726 5.53986 5.52312 5.5071 5.49183 5.47737 5.46374 5.45098 5.43912 5.42817 5.41816 5.4091 5.40099 5.39385 5.38769 5.3825 5.3783 5.37508 5.37284 5.37159 
5.36445 5.36518 5.3669 5.36962 5.37333 5.37803 5.38373 5.39041 5.39809 5.40674 5.41636 5.42694 5.43846 5.4509 5.46423 5.47844 5.49347 5.50929 5.52586 5.54313 5.56102 5.57949 5.59847 5.61787 5.63763 5.65766 5.67788 5.69819 5.7185 5.73873 5.75878 5.77855 5.79796 5.8169 5.83529 5.85304 5.87006 5.88628 5.90161 5.91598 5.92932 5.94157 5.95267 5.96256 5.97121 5.97857 5.9846 5.98928 5.99259 5.9945 5.99501 5.99412 5.99183 5.98815 5.9831 5.9767 5.96898 5.95997 5.94973 5.93829 5.92572 5.91208 5.89742 5.88183 5.86538 5.84815 5.83023 5.81171 5.79267 5.77322 5.75344 5.73343 5.71328 5.6931 5.67297 5.65298 5.63322 5.61377 5.59472 5.57614 5.55809 5.54065 5.52387 5.5078 5.49249 5.47798 5.46432 5.45152 5.43963 5.42865 5.4186 5.40951 5.40138 5.39422 5.38804 5.38284 5.37862 5.37539 5.37315 5.37189 
