5.88843 5.88862 5.8889 5.88928 5.88977 5.89035 5.89104 5.89182 5.89271 5.8937 5.89479 5.89598 5.89728 5.89868 5.90017 5.90177 5.90347 5.90527 5.90716 5.90913 5.9112 5.91335 5.91557 5.91786 5.92022 5.92263 5.92508 5.92757 5.93009 5.93262 5.93515 5.93768 5.94018 5.94265 5.94507 5.94743 5.94971 5.95191 5.95401 5.95599 5.95785 5.95957 5.96114 5.96256 5.96381 5.96488 5.96577 5.96648 5.96699 5.96731 5.96743 5.96735 5.96707 5.96661 5.96595 5.9651 5.96407 5.96288 5.96151 5.95999 5.95833 5.95653 5.95461 5.95258 5.95046 5.94825 5.94597 5.94363 5.94125 5.93885 5.93642 5.93399 5.93157 5.92917 5.9268 5.92447 5.92219 5.91998 5.91783 5.91576 5.91377 5.91187 5.91006 5.90836 5.90675 5.90524 5.90385 5.90256 5.90137 5.9003 5.89933 5.89848 5.89773 5.89708 5.89655 5.89612 5.89579 5.89557 5.89545 5.89543 
5.88862 5.8888 5.88908 5.88947 5.88995 5.89054 5.89123 5.89202 5.89291 5.89391 5.895 5.8962 5.89751 5.89891 5.90042 5.90203 5.90374 5.90555 5.90745 5.90944 5.91152 5.91368 5.91592 5.91823 5.9206 5.92303 5.9255 5.92801 5.93054 5.93309 5.93564 5.93819 5.94071 5.94319 5.94563 5.94801 5.95031 5.95252 5.95463 5.95663 5.9585 5.96023 5.96182 5.96324 5.9645 5.96558 5.96648 5.96719 5.96771 5.96803 5.96815 5.96807 5.96779 5.96732 5.96665 5.9658 5.96477 5.96356 5.96219 5.96066 5.95898 5.95717 5.95524 5.95319 5.95105 5.94883 5.94653 5.94418 5.94178 5.93935 5.93691 5.93446 5.93202 5.9296 5.92721 5.92487 5.92258 5.92034 5.91818 5.91609 5.91409 5.91218 5.91036 5.90864 5.90702 5.9055 5.9041 5.9028 5.9016 5.90052 5.89955 5.89869 5.89793 5.89728 5.89674 5.89631 5.89598 5.89575 5.89563 5.89561 
5.8889 5.88908 5.88937 5.88976 5.89025 5.89085 5.89155 5.89235 5.89326 5.89427 5.89538 5.8966 5.89793 5.89936 5.9009 5.90253 5.90427 5.90611 5.90805 5.91008 5.91219 5.91439 5.91667 5.91902 5.92144 5.92391 5.92643 5.92898 5.93156 5.93415 5.93675 5.93934 5.94191 5.94444 5.94692 5.94934 5.95168 5.95393 5.95608 5.95811 5.96001 5.96178 5.96339 5.96484 5.96612 5.96722 5.96813 5.96885 5.96937 5.9697 5.96982 5.96974 5.96946 5.96898 5.9683 5.96743 5.96638 5.96515 5.96375 5.96219 5.96048 5.95864 5.95667 5.95459 5.95241 5.95014 5.9478 5.94541 5.94297 5.94049 5.93801 5.93551 5.93303 5.93056 5.92813 5.92574 5.92341 5.92113 5.91893 5.9168 5.91476 5.91281 5.91096 5.9092 5.90755 5.90601 5.90457 5.90324 5.90203 5.90092 5.89993 5.89905 5.89828 5.89762 5.89706 5.89662 5.89628 5.89605 5.89592 5.8959 
5.88928 5.88947 5.88976 5.89016 5.89066 5.89127 5.89199 5.89281 5.89374 5.89478 5.89593 5.89718 5.89855 5.90002 5.9016 5.90328 5.90507 5.90696 5.90895 5.91104 5.91322 5.91548 5.91783 5.92025 5.92273 5.92527 5.92786 5.93049 5.93314 5.93581 5.93848 5.94114 5.94378 5.94638 5.94893 5.95141 5.95382 5.95613 5.95834 5.96043 5.96238 5.96419 5.96585 5.96734 5.96865 5.96978 5.97072 5.97145 5.97199 5.97232 5.97245 5.97236 5.97207 5.97157 5.97088 5.96998 5.9689 5.96763 5.96619 5.96459 5.96284 5.96094 5.95892 5.95677 5.95453 5.9522 5.94979 5.94733 5.94482 5.94227 5.93971 5.93715 5.93459 5.93205 5.92955 5.92709 5.92468 5.92234 5.92007 5.91788 5.91578 5.91377 5.91186 5.91005 5.90834 5.90675 5.90527 5.9039 5.90264 5.9015 5.90048 5.89956 5.89876 5.89808 5.8975 5.89704 5.89669 5.89645 5.89631 5.89628 
5.88977 5.88995 5.89025 5.89066 5.89118 5.89181 5.89255 5.8934 5.89437 5.89545 5.89663 5.89794 5.89935 5.90088 5.90252 5.90427 5.90613 5.9081 5.91016 5.91233 5.9146 5.91695 5.91938 5.92189 5.92447 5.92711 5.9298 5.93253 5.93528 5.93805 5.94082 5.94359 5.94632 5.94902 5.95166 5.95424 5.95674 5.95913 5.96142 5.96359 5.96561 5.96749 5.9692 5.97074 5.9721 5.97327 5.97424 5.975 5.97555 5.97589 5.97602 5.97593 5.97563 5.97511 5.97439 5.97346 5.97233 5.97102 5.96952 5.96786 5.96604 5.96407 5.96197 5.95975 5.95742 5.955 5.9525 5.94994 5.94733 5.94469 5.94203 5.93936 5.93671 5.93407 5.93147 5.92891 5.92641 5.92397 5.92161 5.91933 5.91714 5.91505 5.91306 5.91117 5.9094 5.90774 5.90619 5.90476 5.90345 5.90226 5.90118 5.90023 5.89939 5.89867 5.89807 5.89758 5.89721 5.89695 5.8968 5.89677 
5.89035 5.89054 5.89085 5.89127 5.89181 5.89247 5.89324 5.89413 5.89514 5.89626 5.89751 5.89887 5.90035 5.90196 5.90367 5.90551 5.90745 5.90951 5.91168 5.91395 5.91632 5.91879 5.92134 5.92397 5.92667 5.92944 5.93225 5.93511 5.93799 5.94089 5.94379 5.94667 5.94954 5.95236 5.95512 5.95782 5.96042 5.96293 5.96532 5.96758 5.96969 5.97165 5.97344 5.97504 5.97646 5.97768 5.97869 5.97948 5.98006 5.98041 5.98054 5.98045 5.98012 5.97958 5.97882 5.97785 5.97667 5.9753 5.97373 5.97199 5.97009 5.96803 5.96583 5.9635 5.96107 5.95853 5.95592 5.95324 5.95051 5.94774 5.94495 5.94216 5.93938 5.93661 5.93389 5.9312 5.92858 5.92602 5.92354 5.92115 5.91885 5.91665 5.91456 5.91258 5.91071 5.90896 5.90733 5.90583 5.90445 5.90319 5.90206 5.90105 5.90016 5.8994 5.89876 5.89824 5.89784 5.89756 5.8974 5.89736 
5.89104 5.89123 5.89155 5.89199 5.89255 5.89324 5.89405 5.89499 5.89605 5.89723 5.89855 5.89999 5.90155 5.90324 5.90505 5.90699 5.90904 5.91122 5.91351 5.9159 5.91841 5.92101 5.9237 5.92648 5.92933 5.93224 5.93521 5.93822 5.94126 5.94431 5.94736 5.95041 5.95342 5.95639 5.9593 5.96213 5.96488 5.96751 5.97002 5.9724 5.97462 5.97668 5.97856 5.98024 5.98173 5.98301 5.98407 5.9849 5.9855 5.98587 5.986 5.9859 5.98556 5.98499 5.98418 5.98316 5.98192 5.98047 5.97882 5.97699 5.97498 5.97281 5.97049 5.96804 5.96547 5.9628 5.96005 5.95722 5.95434 5.95142 5.94849 5.94554 5.9426 5.93968 5.9368 5.93397 5.9312 5.92849 5.92587 5.92334 5.92091 5.91858 5.91637 5.91427 5.91229 5.91043 5.9087 5.90711 5.90564 5.9043 5.90309 5.90202 5.90107 5.90026 5.89957 5.89901 5.89858 5.89828 5.8981 5.89805 
5.89182 5.89202 5.89235 5.89281 5.8934 5.89413 5.89499 5.89598 5.8971 5.89836 5.89975 5.90128 5.90294 5.90473 5.90666 5.90871 5.9109 5.91321 5.91564 5.91819 5.92084 5.9236 5.92646 5.92941 5.93243 5.93552 5.93867 5.94186 5.94508 5.94832 5.95156 5.95478 5.95797 5.96111 5.96419 5.96719 5.97009 5.97288 5.97554 5.97805 5.98039 5.98257 5.98455 5.98633 5.9879 5.98925 5.99036 5.99124 5.99188 5.99226 5.9924 5.99228 5.99192 5.99131 5.99046 5.98937 5.98806 5.98652 5.98477 5.98283 5.9807 5.9784 5.97595 5.97335 5.97063 5.9678 5.96488 5.96189 5.95883 5.95574 5.95262 5.94949 5.94637 5.94328 5.94022 5.93721 5.93426 5.93139 5.9286 5.9259 5.92331 5.92084 5.91847 5.91624 5.91412 5.91214 5.9103 5.90859 5.90702 5.90559 5.90429 5.90314 5.90212 5.90125 5.90051 5.8999 5.89944 5.8991 5.8989 5.89884 
5.89271 5.89291 5.89326 5.89374 5.89437 5.89514 5.89605 5.8971 5.8983 5.89964 5.90112 5.90275 5.90452 5.90644 5.90849 5.91069 5.91302 5.91548 5.91808 5.92079 5.92363 5.92658 5.92962 5.93277 5.93599 5.93928 5.94264 5.94604 5.94947 5.95291 5.95636 5.95979 5.96318 5.96652 5.9698 5.97298 5.97607 5.97903 5.98185 5.98451 5.987 5.98931 5.99141 5.9933 5.99497 5.99639 5.99757 5.9985 5.99917 5.99958 5.99972 5.99959 5.9992 5.99855 5.99764 5.99648 5.99508 5.99345 5.99159 5.98952 5.98726 5.98481 5.9822 5.97944 5.97654 5.97353 5.97042 5.96723 5.96397 5.96068 5.95735 5.95402 5.95069 5.94739 5.94412 5.94091 5.93776 5.93469 5.93172 5.92884 5.92607 5.92341 5.92088 5.91848 5.91622 5.9141 5.91212 5.91028 5.90859 5.90705 5.90566 5.90441 5.90332 5.90237 5.90157 5.90091 5.9004 5.90004 5.89981 5.89973 
5.8937 5.89391 5.89427 5.89478 5.89545 5.89626 5.89723 5.89836 5.89964 5.90107 5.90266 5.9044 5.9063 5.90835 5.91055 5.9129 5.9154 5.91804 5.92082 5.92373 5.92677 5.92992 5.93318 5.93655 5.94 5.94352 5.94711 5.95074 5.9544 5.95808 5.96176 5.96542 5.96905 5.97261 5.97611 5.97951 5.98279 5.98595 5.98895 5.99179 5.99444 5.9969 5.99913 6.00114 6.00291 6.00443 6.00568 6.00667 6.00738 6.0078 6.00795 6.00781 6.00739 6.0067 6.00572 6.00449 6.00299 6.00124 5.99926 5.99705 5.99463 5.99202 5.98923 5.98628 5.98319 5.97997 5.97665 5.97324 5.96976 5.96624 5.96268 5.95912 5.95556 5.95202 5.94852 5.94508 5.94171 5.93842 5.93522 5.93213 5.92916 5.92631 5.92359 5.92101 5.91858 5.91629 5.91416 5.91218 5.91036 5.90869 5.90719 5.90584 5.90465 5.90363 5.90275 5.90204 5.90148 5.90108 5.90082 5.90073 
5.89479 5.895 5.89538 5.89593 5.89663 5.89751 5.89855 5.89975 5.90112 5.90266 5.90437 5.90624 5.90827 5.91048 5.91284 5.91537 5.91805 5.92089 5.92387 5.927 5.93026 5.93364 5.93714 5.94075 5.94445 5.94823 5.95207 5.95596 5.95989 5.96383 5.96777 5.97169 5.97556 5.97938 5.98311 5.98674 5.99026 5.99363 5.99683 5.99986 6.0027 6.00531 6.0077 6.00984 6.01173 6.01334 6.01468 6.01572 6.01648 6.01693 6.01708 6.01693 6.01648 6.01573 6.01469 6.01336 6.01176 6.00989 6.00777 6.0054 6.00282 6.00002 5.99704 5.99388 5.99057 5.98712 5.98356 5.97991 5.97619 5.97241 5.9686 5.96478 5.96096 5.95716 5.95341 5.94971 5.94609 5.94256 5.93912 5.9358 5.9326 5.92953 5.9266 5.92382 5.92119 5.91873 5.91642 5.91428 5.91231 5.91051 5.90888 5.90742 5.90613 5.90501 5.90406 5.90328 5.90267 5.90222 5.90194 5.90183 
5.89598 5.8962 5.8966 5.89718 5.89794 5.89887 5.89999 5.90128 5.90275 5.9044 5.90624 5.90825 5.91044 5.91281 5.91536 5.91807 5.92096 5.92401 5.92722 5.93058 5.93409 5.93773 5.94149 5.94537 5.94934 5.9534 5.95752 5.9617 5.96591 5.97014 5.97437 5.97856 5.98272 5.9868 5.9908 5.99469 5.99845 6.00205 6.00549 6.00872 6.01175 6.01455 6.0171 6.01939 6.0214 6.02312 6.02454 6.02566 6.02646 6.02694 6.02709 6.02693 6.02644 6.02563 6.02452 6.02309 6.02138 6.01937 6.0171 6.01457 6.0118 6.0088 6.0056 6.00222 5.99867 5.99497 5.99116 5.98724 5.98324 5.97919 5.9751 5.97099 5.96689 5.96281 5.95878 5.9548 5.95091 5.9471 5.9434 5.93982 5.93637 5.93306 5.9299 5.9269 5.92407 5.9214 5.91891 5.9166 5.91446 5.91251 5.91074 5.90915 5.90775 5.90653 5.9055 5.90464 5.90397 5.90348 5.90316 5.90303 
5.89728 5.89751 5.89793 5.89855 5.89935 5.90035 5.90155 5.90294 5.90452 5.9063 5.90827 5.91044 5.9128 5.91536 5.9181 5.92102 5.92413 5.92742 5.93088 5.93449 5.93827 5.94218 5.94623 5.9504 5.95467 5.95903 5.96346 5.96795 5.97247 5.97701 5.98154 5.98605 5.9905 5.99488 5.99916 6.00333 6.00735 6.01121 6.01489 6.01835 6.02159 6.02458 6.02731 6.02975 6.0319 6.03374 6.03525 6.03644 6.03729 6.0378 6.03797 6.03779 6.03726 6.03639 6.03519 6.03367 6.03182 6.02967 6.02723 6.02452 6.02155 6.01834 6.01491 6.01128 6.00747 6.00351 5.99941 5.99521 5.99091 5.98656 5.98217 5.97775 5.97334 5.96896 5.96462 5.96034 5.95615 5.95205 5.94806 5.9442 5.94048 5.93691 5.9335 5.93026 5.9272 5.92431 5.92162 5.91911 5.9168 5.91468 5.91276 5.91104 5.90951 5.90819 5.90706 5.90612 5.90538 5.90484 5.90449 5.90433 
5.89868 5.89891 5.89936 5.90002 5.90088 5.90196 5.90324 5.90473 5.90644 5.90835 5.91048 5.91281 5.91536 5.91811 5.92106 5.92421 5.92756 5.9311 5.93482 5.93872 5.94278 5.94699 5.95135 5.95583 5.96042 5.96511 5.96988 5.9747 5.97955 5.98442 5.98929 5.99412 5.99889 6.00359 6.00818 6.01265 6.01696 6.02109 6.02502 6.02873 6.03219 6.03539 6.0383 6.04092 6.04321 6.04517 6.04679 6.04806 6.04897 6.04951 6.04968 6.04948 6.04891 6.04798 6.04669 6.04505 6.04307 6.04077 6.03816 6.03525 6.03206 6.02862 6.02494 6.02104 6.01696 6.01271 6.00831 6.0038 5.99919 5.99451 5.98979 5.98505 5.98031 5.97559 5.97092 5.96632 5.9618 5.95739 5.95309 5.94893 5.94492 5.94107 5.93739 5.93389 5.93057 5.92746 5.92454 5.92183 5.91932 5.91703 5.91494 5.91307 5.91141 5.90997 5.90874 5.90772 5.90691 5.90631 5.90592 5.90574 
5.90017 5.90042 5.9009 5.9016 5.90252 5.90367 5.90505 5.90666 5.90849 5.91055 5.91284 5.91536 5.9181 5.92106 5.92424 5.92764 5.93125 5.93506 5.93906 5.94326 5.94763 5.95216 5.95684 5.96166 5.9666 5.97164 5.97675 5.98193 5.98714 5.99237 5.99759 6.00277 6.00789 6.01292 6.01784 6.02262 6.02723 6.03166 6.03586 6.03983 6.04353 6.04695 6.05007 6.05286 6.05531 6.0574 6.05913 6.06048 6.06145 6.06202 6.0622 6.06198 6.06137 6.06037 6.05898 6.05723 6.05511 6.05264 6.04984 6.04672 6.0433 6.03961 6.03567 6.03149 6.02711 6.02255 6.01784 6.013 6.00805 6.00303 5.99796 5.99287 5.98777 5.9827 5.97768 5.97273 5.96787 5.96312 5.95849 5.95401 5.94968 5.94553 5.94156 5.93778 5.9342 5.93083 5.92768 5.92474 5.92203 5.91954 5.91728 5.91525 5.91345 5.91188 5.91054 5.90943 5.90854 5.90789 5.90745 5.90725 
5.90177 5.90203 5.90253 5.90328 5.90427 5.90551 5.90699 5.90871 5.91069 5.9129 5.91537 5.91807 5.92102 5.92421 5.92764 5.93129 5.93518 5.93928 5.94359 5.9481 5.9528 5.95767 5.9627 5.96788 5.97318 5.97859 5.98408 5.98963 5.99522 6.00083 6.00642 6.01197 6.01746 6.02285 6.02811 6.03323 6.03816 6.04289 6.04739 6.05163 6.05559 6.05924 6.06257 6.06554 6.06816 6.07039 6.07224 6.07368 6.0747 6.07531 6.07549 6.07526 6.0746 6.07353 6.07204 6.07016 6.06789 6.06525 6.06225 6.05891 6.05525 6.0513 6.04707 6.0426 6.03791 6.03303 6.02797 6.02278 6.01748 6.01209 6.00665 6.00119 5.99572 5.99028 5.98488 5.97956 5.97433 5.96922 5.96424 5.95942 5.95476 5.95028 5.946 5.94193 5.93807 5.93443 5.93102 5.92785 5.92492 5.92223 5.91978 5.91758 5.91563 5.91392 5.91246 5.91125 5.91029 5.90957 5.90909 5.90886 
5.90347 5.90374 5.90427 5.90507 5.90613 5.90745 5.90904 5.9109 5.91302 5.9154 5.91805 5.92096 5.92413 5.92756 5.93125 5.93518 5.93935 5.94376 5.94839 5.95323 5.95828 5.96351 5.96891 5.97447 5.98016 5.98595 5.99184 5.99779 6.00378 6.00978 6.01577 6.02171 6.02758 6.03334 6.03897 6.04444 6.04972 6.05477 6.05957 6.0641 6.06832 6.07222 6.07577 6.07894 6.08173 6.08411 6.08607 6.08761 6.0887 6.08934 6.08953 6.08928 6.08857 6.08742 6.08583 6.08382 6.08139 6.07856 6.07535 6.07178 6.06787 6.06365 6.05913 6.05435 6.04933 6.0441 6.03869 6.03313 6.02745 6.02168 6.01585 6.00999 6.00413 5.99829 5.9925 5.98679 5.98118 5.97569 5.97034 5.96515 5.96014 5.95532 5.95071 5.94633 5.94217 5.93825 5.93457 5.93115 5.92798 5.92507 5.92243 5.92005 5.91794 5.91609 5.91451 5.91319 5.91214 5.91135 5.91083 5.91057 
5.90527 5.90555 5.90611 5.90696 5.9081 5.90951 5.91122 5.91321 5.91548 5.91804 5.92089 5.92401 5.92742 5.9311 5.93506 5.93928 5.94376 5.94849 5.95346 5.95865 5.96407 5.96967 5.97547 5.98142 5.98751 5.99372 6.00002 6.00639 6.0128 6.01921 6.02561 6.03196 6.03823 6.04439 6.0504 6.05623 6.06186 6.06725 6.07237 6.0772 6.0817 6.08585 6.08963 6.09301 6.09598 6.09852 6.1006 6.10223 6.10339 6.10407 6.10427 6.10399 6.10324 6.10201 6.10031 6.09816 6.09556 6.09255 6.08912 6.08531 6.08113 6.07662 6.0718 6.06669 6.06132 6.05574 6.04996 6.04401 6.03794 6.03177 6.02554 6.01926 6.01299 6.00673 6.00053 5.99441 5.98839 5.9825 5.97676 5.97119 5.96581 5.96064 5.95569 5.95097 5.94649 5.94227 5.93832 5.93463 5.93122 5.92808 5.92523 5.92266 5.92037 5.91837 5.91666 5.91523 5.91409 5.91324 5.91266 5.91238 
5.90716 5.90745 5.90805 5.90895 5.91016 5.91168 5.91351 5.91564 5.91808 5.92082 5.92387 5.92722 5.93088 5.93482 5.93906 5.94359 5.94839 5.95346 5.95878 5.96435 5.97014 5.97614 5.98234 5.98871 5.99522 6.00186 6.00859 6.01539 6.02224 6.02909 6.03592 6.04269 6.04938 6.05594 6.06235 6.06857 6.07456 6.0803 6.08576 6.09089 6.09568 6.1001 6.10412 6.10772 6.11087 6.11356 6.11578 6.11751 6.11873 6.11946 6.11967 6.11937 6.11856 6.11724 6.11543 6.11314 6.11037 6.10716 6.10351 6.09945 6.095 6.09018 6.08504 6.07959 6.07387 6.06791 6.06175 6.0554 6.04892 6.04233 6.03567 6.02897 6.02226 6.01558 6.00894 6.00239 5.99595 5.98965 5.9835 5.97753 5.97177 5.96622 5.96091 5.95584 5.95104 5.9465 5.94225 5.93829 5.93461 5.93124 5.92817 5.9254 5.92294 5.92078 5.91893 5.91739 5.91615 5.91522 5.9146 5.91428 
5.90913 5.90944 5.91008 5.91104 5.91233 5.91395 5.9159 5.91819 5.92079 5.92373 5.927 5.93058 5.93449 5.93872 5.94326 5.9481 5.95323 5.95865 5.96435 5.9703 5.97649 5.9829 5.98952 5.99632 6.00327 6.01035 6.01754 6.02479 6.03208 6.03939 6.04666 6.05388 6.06099 6.06798 6.0748 6.08141 6.08778 6.09389 6.09968 6.10514 6.11023 6.11492 6.11919 6.123 6.12635 6.12921 6.13156 6.13339 6.13469 6.13545 6.13567 6.13534 6.13448 6.13308 6.13115 6.12871 6.12577 6.12235 6.11847 6.11415 6.10941 6.10429 6.09882 6.09302 6.08693 6.08059 6.07402 6.06727 6.06036 6.05334 6.04624 6.03909 6.03193 6.0248 6.01772 6.01073 6.00385 5.99711 5.99054 5.98416 5.97799 5.97205 5.96636 5.96093 5.95579 5.95093 5.94637 5.94211 5.93817 5.93455 5.93125 5.92827 5.92562 5.9233 5.9213 5.91964 5.9183 5.9173 5.91662 5.91627 
5.9112 5.91152 5.91219 5.91322 5.9146 5.91632 5.91841 5.92084 5.92363 5.92677 5.93026 5.93409 5.93827 5.94278 5.94763 5.9528 5.95828 5.96407 5.97014 5.97649 5.98309 5.98993 5.99698 6.00423 6.01163 6.01918 6.02682 6.03454 6.0423 6.05007 6.05781 6.06547 6.07304 6.08046 6.08769 6.09472 6.10148 6.10796 6.1141 6.11989 6.12529 6.13026 6.13478 6.13882 6.14237 6.14539 6.14788 6.14981 6.15119 6.15199 6.15222 6.15187 6.15095 6.14946 6.14742 6.14483 6.14171 6.13807 6.13395 6.12936 6.12434 6.1189 6.11309 6.10693 6.10047 6.09372 6.08674 6.07956 6.07222 6.06475 6.05719 6.04959 6.04197 6.03437 6.02683 6.01938 6.01204 6.00486 5.99785 5.99104 5.98445 5.97811 5.97203 5.96623 5.96073 5.95553 5.95065 5.9461 5.94187 5.93799 5.93445 5.93126 5.92842 5.92592 5.92378 5.92199 5.92055 5.91946 5.91873 5.91835 
5.91335 5.91368 5.91439 5.91548 5.91695 5.91879 5.92101 5.9236 5.92658 5.92992 5.93364 5.93773 5.94218 5.94699 5.95216 5.95767 5.96351 5.96967 5.97614 5.9829 5.98993 5.99721 6.00471 6.01241 6.02029 6.0283 6.03643 6.04463 6.05287 6.06111 6.06931 6.07745 6.08547 6.09333 6.101 6.10844 6.11561 6.12246 6.12897 6.1351 6.1408 6.14606 6.15084 6.15512 6.15887 6.16206 6.16469 6.16673 6.16818 6.16903 6.16926 6.16889 6.16792 6.16634 6.16417 6.16143 6.15812 6.15427 6.14991 6.14505 6.13972 6.13396 6.1278 6.12128 6.11442 6.10727 6.09987 6.09225 6.08446 6.07653 6.06851 6.06043 6.05234 6.04426 6.03625 6.02832 6.02052 6.01287 6.00541 5.99816 5.99114 5.98439 5.97791 5.97172 5.96585 5.9603 5.95509 5.95023 5.94572 5.94157 5.93778 5.93436 5.93132 5.92865 5.92635 5.92443 5.92289 5.92172 5.92092 5.92051 
5.91557 5.91592 5.91667 5.91783 5.91938 5.92134 5.9237 5.92646 5.92962 5.93318 5.93714 5.94149 5.94623 5.95135 5.95684 5.9627 5.96891 5.97547 5.98234 5.98952 5.99698 6.00471 6.01268 6.02085 6.0292 6.0377 6.04631 6.055 6.06373 6.07246 6.08115 6.08976 6.09824 6.10656 6.11467 6.12254 6.13011 6.13736 6.14423 6.1507 6.15673 6.16228 6.16732 6.17184 6.17579 6.17916 6.18193 6.18408 6.18561 6.18649 6.18674 6.18635 6.18531 6.18364 6.18135 6.17845 6.17495 6.17089 6.16627 6.16114 6.15551 6.14942 6.14291 6.136 6.12875 6.12119 6.11335 6.10529 6.09704 6.08864 6.08014 6.07158 6.063 6.05444 6.04594 6.03753 6.02925 6.02113 6.0132 6.0055 5.99804 5.99086 5.98397 5.97739 5.97113 5.96523 5.95968 5.95449 5.94968 5.94526 5.94122 5.93757 5.93432 5.93147 5.92901 5.92696 5.9253 5.92405 5.92319 5.92274 
5.91786 5.91823 5.91902 5.92025 5.92189 5.92397 5.92648 5.92941 5.93277 5.93655 5.94075 5.94537 5.9504 5.95583 5.96166 5.96788 5.97447 5.98142 5.98871 5.99632 6.00423 6.01241 6.02085 6.0295 6.03834 6.04734 6.05645 6.06563 6.07486 6.08409 6.09327 6.10236 6.11132 6.1201 6.12866 6.13695 6.14494 6.15258 6.15983 6.16664 6.17299 6.17884 6.18416 6.18891 6.19307 6.19661 6.19953 6.20179 6.20339 6.20433 6.20458 6.20416 6.20307 6.20131 6.19889 6.19583 6.19214 6.18786 6.18299 6.17757 6.17164 6.16521 6.15834 6.15106 6.1434 6.13542 6.12714 6.11863 6.10991 6.10104 6.09205 6.083 6.07393 6.06487 6.05587 6.04697 6.0382 6.0296 6.0212 6.01303 6.00512 5.9975 5.99019 5.9832 5.97656 5.97029 5.96439 5.95888 5.95376 5.94905 5.94476 5.94087 5.93741 5.93437 5.93175 5.92956 5.92779 5.92645 5.92554 5.92505 
5.92022 5.9206 5.92144 5.92273 5.92447 5.92667 5.92933 5.93243 5.93599 5.94 5.94445 5.94934 5.95467 5.96042 5.9666 5.97318 5.98016 5.98751 5.99522 6.00327 6.01163 6.02029 6.0292 6.03834 6.04768 6.05717 6.06679 6.07648 6.08622 6.09594 6.10562 6.1152 6.12464 6.13389 6.1429 6.15163 6.16004 6.16808 6.1757 6.18287 6.18954 6.19569 6.20127 6.20627 6.21064 6.21436 6.21742 6.2198 6.22148 6.22245 6.22272 6.22228 6.22112 6.21927 6.21672 6.2135 6.20963 6.20511 6.19999 6.19429 6.18805 6.18129 6.17405 6.16638 6.15832 6.14991 6.14119 6.13222 6.12303 6.11367 6.1042 6.09465 6.08507 6.07551 6.06601 6.0566 6.04734 6.03825 6.02937 6.02073 6.01236 6.00429 5.99655 5.98915 5.98212 5.97547 5.96922 5.96337 5.95794 5.95295 5.94838 5.94426 5.94058 5.93735 5.93456 5.93223 5.93035 5.92892 5.92794 5.92742 
5.92263 5.92303 5.92391 5.92527 5.92711 5.92944 5.93224 5.93552 5.93928 5.94352 5.94823 5.9534 5.95903 5.96511 5.97164 5.97859 5.98595 5.99372 6.00186 6.01035 6.01918 6.0283 6.0377 6.04734 6.05717 6.06717 6.0773 6.08751 6.09775 6.10798 6.11816 6.12823 6.13816 6.14787 6.15735 6.16652 6.17534 6.18378 6.19178 6.1993 6.20631 6.21275 6.21861 6.22384 6.22842 6.23233 6.23553 6.23802 6.23978 6.2408 6.24108 6.24061 6.2394 6.23745 6.23478 6.2314 6.22733 6.22259 6.21721 6.21123 6.20467 6.19757 6.18997 6.18192 6.17344 6.1646 6.15544 6.146 6.13634 6.1265 6.11653 6.10648 6.09639 6.08632 6.07631 6.0664 6.05663 6.04704 6.03768 6.02856 6.01973 6.01121 6.00303 5.99521 5.98778 5.98075 5.97414 5.96795 5.96221 5.95692 5.95208 5.94771 5.94381 5.94039 5.93743 5.93496 5.93296 5.93144 5.9304 5.92984 
5.92508 5.9255 5.92643 5.92786 5.9298 5.93225 5.93521 5.93867 5.94264 5.94711 5.95207 5.95752 5.96346 5.96988 5.97675 5.98408 5.99184 6.00002 6.00859 6.01754 6.02682 6.03643 6.04631 6.05645 6.06679 6.0773 6.08794 6.09866 6.10941 6.12016 6.13084 6.14141 6.15181 6.162 6.17193 6.18154 6.19079 6.19963 6.20801 6.21588 6.22322 6.22996 6.23609 6.24157 6.24636 6.25044 6.25379 6.25639 6.25823 6.2593 6.25958 6.25909 6.25782 6.25578 6.25298 6.24944 6.24517 6.24021 6.23458 6.22831 6.22144 6.214 6.20604 6.19759 6.18871 6.17944 6.16983 6.15993 6.14979 6.13946 6.12899 6.11843 6.10784 6.09726 6.08673 6.07631 6.06604 6.05595 6.04609 6.0365 6.0272 6.01822 6.0096 6.00136 5.99353 5.98611 5.97913 5.9726 5.96654 5.96095 5.95585 5.95123 5.94711 5.94348 5.94036 5.93774 5.93562 5.93401 5.9329 5.93231 
5.92757 5.92801 5.92898 5.93049 5.93253 5.93511 5.93822 5.94186 5.94604 5.95074 5.95596 5.9617 5.96795 5.9747 5.98193 5.98963 5.99779 6.00639 6.01539 6.02479 6.03454 6.04463 6.055 6.06563 6.07648 6.08751 6.09866 6.10989 6.12116 6.13241 6.1436 6.15466 6.16555 6.17622 6.1866 6.19665 6.20632 6.21556 6.22431 6.23254 6.2402 6.24725 6.25365 6.25936 6.26436 6.26862 6.27212 6.27483 6.27675 6.27786 6.27816 6.27764 6.27631 6.27417 6.27125 6.26755 6.26309 6.25791 6.25202 6.24547 6.23829 6.23051 6.22218 6.21335 6.20406 6.19436 6.1843 6.17394 6.16332 6.1525 6.14153 6.13047 6.11937 6.10827 6.09724 6.0863 6.07552 6.06494 6.05458 6.0445 6.03473 6.0253 6.01624 6.00758 5.99933 5.99153 5.98418 5.97731 5.97092 5.96504 5.95965 5.95479 5.95044 5.94662 5.94332 5.94055 5.93832 5.93661 5.93545 5.93481 
5.93009 5.93054 5.93156 5.93314 5.93528 5.93799 5.94126 5.94508 5.94947 5.9544 5.95989 5.96591 5.97247 5.97955 5.98714 5.99522 6.00378 6.0128 6.02224 6.03208 6.0423 6.05287 6.06373 6.07486 6.08622 6.09775 6.10941 6.12116 6.13294 6.1447 6.15639 6.16794 6.17931 6.19045 6.20128 6.21177 6.22186 6.23149 6.24062 6.2492 6.25718 6.26453 6.27119 6.27715 6.28236 6.28679 6.29044 6.29326 6.29526 6.29641 6.29671 6.29617 6.29478 6.29256 6.28951 6.28565 6.281 6.2756 6.26946 6.26263 6.25513 6.24702 6.23833 6.22912 6.21942 6.20929 6.19879 6.18796 6.17687 6.16557 6.1541 6.14254 6.13093 6.11932 6.10777 6.09633 6.08504 6.07396 6.06311 6.05255 6.04231 6.03242 6.02291 6.01382 6.00517 5.99698 5.98926 5.98205 5.97534 5.96915 5.96349 5.95838 5.9538 5.94978 5.94631 5.9434 5.94104 5.93925 5.93801 5.93734 
5.93262 5.93309 5.93415 5.93581 5.93805 5.94089 5.94431 5.94832 5.95291 5.95808 5.96383 5.97014 5.97701 5.98442 5.99237 6.00083 6.00978 6.01921 6.02909 6.03939 6.05007 6.06111 6.07246 6.08409 6.09594 6.10798 6.12016 6.13241 6.1447 6.15696 6.16915 6.18119 6.19304 6.20463 6.21592 6.22684 6.23734 6.24737 6.25687 6.26579 6.27409 6.28173 6.28866 6.29485 6.30027 6.30488 6.30866 6.31159 6.31367 6.31486 6.31518 6.31461 6.31317 6.31085 6.30768 6.30366 6.29883 6.29321 6.28682 6.27971 6.27191 6.26347 6.25442 6.24482 6.23472 6.22418 6.21323 6.20195 6.19039 6.1786 6.16665 6.15459 6.14247 6.13036 6.1183 6.10635 6.09456 6.08297 6.07164 6.06059 6.04988 6.03954 6.02959 6.02008 6.01102 6.00244 5.99436 5.98679 5.97976 5.97328 5.96734 5.96198 5.95718 5.95295 5.94931 5.94625 5.94378 5.94189 5.94059 5.93988 
5.93515 5.93564 5.93675 5.93848 5.94082 5.94379 5.94736 5.95156 5.95636 5.96176 5.96777 5.97437 5.98154 5.98929 5.99759 6.00642 6.01577 6.02561 6.03592 6.04666 6.05781 6.06931 6.08115 6.09327 6.10562 6.11816 6.13084 6.1436 6.15639 6.16915 6.18182 6.19434 6.20666 6.21871 6.23044 6.24179 6.25269 6.26311 6.27297 6.28223 6.29085 6.29877 6.30597 6.31239 6.318 6.32279 6.32671 6.32975 6.3319 6.33314 6.33346 6.33287 6.33137 6.32897 6.32567 6.32151 6.31649 6.31065 6.30402 6.29664 6.28854 6.27977 6.27037 6.2604 6.24991 6.23894 6.22757 6.21584 6.20381 6.19155 6.17911 6.16655 6.15394 6.14132 6.12876 6.11631 6.10402 6.09194 6.08012 6.0686 6.05743 6.04663 6.03625 6.02631 6.01685 6.00789 5.99944 5.99153 5.98418 5.9774 5.97119 5.96557 5.96055 5.95613 5.95232 5.94911 5.94652 5.94454 5.94317 5.94243 
5.93768 5.93819 5.93934 5.94114 5.94359 5.94667 5.95041 5.95478 5.95979 5.96542 5.97169 5.97856 5.98605 5.99412 6.00277 6.01197 6.02171 6.03196 6.04269 6.05388 6.06547 6.07745 6.08976 6.10236 6.1152 6.12823 6.14141 6.15466 6.16794 6.18119 6.19434 6.20734 6.22012 6.23262 6.24478 6.25655 6.26785 6.27864 6.28886 6.29845 6.30738 6.31559 6.32303 6.32968 6.3355 6.34044 6.3445 6.34765 6.34987 6.35115 6.35149 6.35088 6.34932 6.34683 6.34342 6.3391 6.3339 6.32786 6.32099 6.31334 6.30495 6.29586 6.28612 6.27578 6.26489 6.25352 6.24172 6.22955 6.21707 6.20434 6.19142 6.17838 6.16528 6.15217 6.13911 6.12617 6.11339 6.10083 6.08853 6.07654 6.0649 6.05366 6.04285 6.0325 6.02264 6.01329 6.00449 5.99624 5.98857 5.98149 5.97501 5.96915 5.96391 5.95929 5.9553 5.95195 5.94924 5.94717 5.94575 5.94497 
5.94018 5.94071 5.94191 5.94378 5.94632 5.94954 5.95342 5.95797 5.96318 5.96905 5.97556 5.98272 5.9905 5.99889 6.00789 6.01746 6.02758 6.03823 6.04938 6.06099 6.07304 6.08547 6.09824 6.11132 6.12464 6.13816 6.15181 6.16555 6.17931 6.19304 6.20666 6.22012 6.23335 6.24629 6.25887 6.27104 6.28274 6.29389 6.30446 6.31438 6.32361 6.33209 6.33978 6.34665 6.35266 6.35777 6.36196 6.36521 6.3675 6.36883 6.36917 6.36854 6.36693 6.36435 6.36082 6.35636 6.35099 6.34474 6.33764 6.32973 6.32105 6.31165 6.30158 6.29088 6.27962 6.26785 6.25563 6.24303 6.23011 6.21692 6.20354 6.19002 6.17644 6.16285 6.14931 6.13588 6.12262 6.10958 6.09681 6.08436 6.07228 6.0606 6.04936 6.0386 6.02835 6.01863 6.00947 6.00089 5.99291 5.98554 5.9788 5.97269 5.96723 5.96242 5.95826 5.95477 5.95195 5.94979 5.9483 5.94748 
5.94265 5.94319 5.94444 5.94638 5.94902 5.95236 5.95639 5.96111 5.96652 5.97261 5.97938 5.9868 5.99488 6.00359 6.01292 6.02285 6.03334 6.04439 6.05594 6.06798 6.08046 6.09333 6.10656 6.1201 6.13389 6.14787 6.162 6.17622 6.19045 6.20463 6.21871 6.23262 6.24629 6.25965 6.27265 6.28521 6.29728 6.3088 6.3197 6.32994 6.33945 6.3482 6.35613 6.36322 6.36941 6.37468 6.379 6.38235 6.38471 6.38607 6.38643 6.38577 6.38411 6.38145 6.37781 6.37321 6.36767 6.36122 6.3539 6.34574 6.33678 6.32708 6.31668 6.30564 6.29401 6.28186 6.26924 6.25622 6.24286 6.22923 6.21539 6.20142 6.18737 6.17331 6.15929 6.14539 6.13166 6.11816 6.10493 6.09204 6.07951 6.0674 6.05575 6.04459 6.03396 6.02387 6.01437 6.00546 5.99717 5.98952 5.98252 5.97617 5.97049 5.9655 5.96118 5.95755 5.95461 5.95236 5.95081 5.94996 
5.94507 5.94563 5.94692 5.94893 5.95166 5.95512 5.9593 5.96419 5.9698 5.97611 5.98311 5.9908 5.99916 6.00818 6.01784 6.02811 6.03897 6.0504 6.06235 6.0748 6.08769 6.101 6.11467 6.12866 6.1429 6.15735 6.17193 6.1866 6.20128 6.21592 6.23044 6.24478 6.25887 6.27265 6.28604 6.29899 6.31142 6.32328 6.33451 6.34505 6.35484 6.36384 6.37201 6.3793 6.38567 6.39109 6.39554 6.39898 6.40141 6.40281 6.40317 6.4025 6.40079 6.39806 6.39431 6.38957 6.38387 6.37723 6.36969 6.36129 6.35206 6.34207 6.33136 6.31998 6.308 6.29547 6.28246 6.26904 6.25526 6.2412 6.22693 6.21251 6.19801 6.18349 6.16902 6.15466 6.14048 6.12652 6.11285 6.09952 6.08657 6.07404 6.06199 6.05044 6.03943 6.02899 6.01915 6.00993 6.00134 5.99341 5.98615 5.97958 5.97369 5.96851 5.96403 5.96027 5.95722 5.95489 5.95328 5.95239 
5.94743 5.94801 5.94934 5.95141 5.95424 5.95782 5.96213 5.96719 5.97298 5.97951 5.98674 5.99469 6.00333 6.01265 6.02262 6.03323 6.04444 6.05623 6.06857 6.08141 6.09472 6.10844 6.12254 6.13695 6.15163 6.16652 6.18154 6.19665 6.21177 6.22684 6.24179 6.25655 6.27104 6.28521 6.29899 6.3123 6.32508 6.33727 6.34881 6.35964 6.3697 6.37895 6.38734 6.39482 6.40137 6.40693 6.4115 6.41504 6.41753 6.41897 6.41934 6.41864 6.41689 6.41408 6.41023 6.40537 6.39951 6.39268 6.38494 6.3763 6.36682 6.35655 6.34554 6.33384 6.32152 6.30863 6.29525 6.28144 6.26726 6.25279 6.23809 6.22324 6.2083 6.19335 6.17844 6.16364 6.14902 6.13463 6.12053 6.10677 6.09341 6.08049 6.06804 6.05612 6.04475 6.03397 6.0238 6.01427 6.0054 5.9972 5.98969 5.98289 5.97681 5.97145 5.96681 5.96292 5.95976 5.95735 5.95568 5.95476 
5.94971 5.95031 5.95168 5.95382 5.95674 5.96042 5.96488 5.97009 5.97607 5.98279 5.99026 5.99845 6.00735 6.01696 6.02723 6.03816 6.04972 6.06186 6.07456 6.08778 6.10148 6.11561 6.13011 6.14494 6.16004 6.17534 6.19079 6.20632 6.22186 6.23734 6.25269 6.26785 6.28274 6.29728 6.31142 6.32508 6.33819 6.3507 6.36254 6.37364 6.38396 6.39345 6.40205 6.40972 6.41642 6.42213 6.42681 6.43043 6.43299 6.43446 6.43484 6.43413 6.43233 6.42945 6.4255 6.42051 6.41451 6.40751 6.39956 6.39071 6.38099 6.37045 6.35915 6.34714 6.3345 6.32127 6.30753 6.29335 6.27879 6.26392 6.24882 6.23356 6.21821 6.20283 6.1875 6.17228 6.15724 6.14243 6.12792 6.11376 6.10001 6.0867 6.07388 6.0616 6.04988 6.03877 6.02829 6.01846 6.00931 6.00086 5.99311 5.9861 5.97982 5.97428 5.9695 5.96548 5.96222 5.95973 5.958 5.95705 
5.95191 5.95252 5.95393 5.95613 5.95913 5.96293 5.96751 5.97288 5.97903 5.98595 5.99363 6.00205 6.01121 6.02109 6.03166 6.04289 6.05477 6.06725 6.0803 6.09389 6.10796 6.12246 6.13736 6.15258 6.16808 6.18378 6.19963 6.21556 6.23149 6.24737 6.26311 6.27864 6.29389 6.3088 6.32328 6.33727 6.3507 6.36351 6.37562 6.38699 6.39755 6.40726 6.41606 6.42391 6.43077 6.43661 6.44139 6.4451 6.44771 6.44922 6.44961 6.44888 6.44703 6.44409 6.44005 6.43495 6.4288 6.42164 6.41351 6.40444 6.39449 6.3837 6.37213 6.35983 6.34688 6.33333 6.31925 6.30471 6.28979 6.27455 6.25907 6.24342 6.22767 6.21189 6.19616 6.18054 6.1651 6.1499 6.135 6.12045 6.10631 6.09264 6.07947 6.06684 6.05479 6.04337 6.03258 6.02248 6.01306 6.00436 5.9964 5.98917 5.98271 5.97701 5.97209 5.96794 5.96458 5.96202 5.96024 5.95926 
5.95401 5.95463 5.95608 5.95834 5.96142 5.96532 5.97002 5.97554 5.98185 5.98895 5.99683 6.00549 6.01489 6.02502 6.03586 6.04739 6.05957 6.07237 6.08576 6.09968 6.1141 6.12897 6.14423 6.15983 6.1757 6.19178 6.20801 6.22431 6.24062 6.25687 6.27297 6.28886 6.30446 6.3197 6.33451 6.34881 6.36254 6.37562 6.388 6.39962 6.41041 6.42032 6.42931 6.43733 6.44433 6.4503 6.45518 6.45897 6.46163 6.46317 6.46357 6.46282 6.46094 6.45793 6.45381 6.44859 6.44231 6.435 6.42669 6.41743 6.40726 6.39623 6.38441 6.37184 6.3586 6.34474 6.33035 6.31548 6.30021 6.28462 6.26877 6.25276 6.23663 6.22048 6.20437 6.18837 6.17255 6.15698 6.14171 6.1268 6.11231 6.09828 6.08477 6.07182 6.05946 6.04774 6.03667 6.0263 6.01663 6.0077 5.99952 5.9921 5.98546 5.97961 5.97455 5.97029 5.96684 5.9642 5.96237 5.96136 
5.95599 5.95663 5.95811 5.96043 5.96359 5.96758 5.9724 5.97805 5.98451 5.99179 5.99986 6.00872 6.01835 6.02873 6.03983 6.05163 6.0641 6.0772 6.09089 6.10514 6.11989 6.1351 6.1507 6.16664 6.18287 6.1993 6.21588 6.23254 6.2492 6.26579 6.28223 6.29845 6.31438 6.32994 6.34505 6.35964 6.37364 6.38699 6.39962 6.41146 6.42247 6.43257 6.44174 6.44991 6.45705 6.46313 6.46811 6.47197 6.47469 6.47625 6.47665 6.47589 6.47398 6.47091 6.4667 6.46139 6.45499 6.44753 6.43906 6.42961 6.41924 6.40799 6.39593 6.38311 6.36959 6.35546 6.34076 6.32558 6.31 6.29407 6.27789 6.26153 6.24506 6.22855 6.21209 6.19574 6.17956 6.16364 6.14802 6.13277 6.11794 6.10359 6.08977 6.07651 6.06386 6.05186 6.04053 6.0299 6.02 6.01085 6.00247 5.99487 5.98806 5.98206 5.97688 5.97251 5.96897 5.96626 5.96439 5.96335 
5.95785 5.9585 5.96001 5.96238 5.96561 5.96969 5.97462 5.98039 5.987 5.99444 6.0027 6.01175 6.02159 6.03219 6.04353 6.05559 6.06832 6.0817 6.09568 6.11023 6.12529 6.1408 6.15673 6.17299 6.18954 6.20631 6.22322 6.2402 6.25718 6.27409 6.29085 6.30738 6.32361 6.33945 6.35484 6.3697 6.38396 6.39755 6.41041 6.42247 6.43367 6.44395 6.45328 6.4616 6.46886 6.47505 6.48011 6.48404 6.4868 6.4884 6.48881 6.48803 6.48608 6.48296 6.47868 6.47327 6.46676 6.45917 6.45054 6.44093 6.43037 6.41892 6.40663 6.39358 6.37982 6.36541 6.35044 6.33498 6.3191 6.30287 6.28638 6.26969 6.2529 6.23607 6.21928 6.20259 6.18609 6.16984 6.1539 6.13834 6.1232 6.10855 6.09443 6.08089 6.06797 6.0557 6.04412 6.03326 6.02315 6.01379 6.00522 5.99745 5.99049 5.98436 5.97905 5.97459 5.97097 5.9682 5.96628 5.96522 
5.95957 5.96023 5.96178 5.96419 5.96749 5.97165 5.97668 5.98257 5.98931 5.9969 6.00531 6.01455 6.02458 6.03539 6.04695 6.05924 6.07222 6.08585 6.1001 6.11492 6.13026 6.14606 6.16228 6.17884 6.19569 6.21275 6.22996 6.24725 6.26453 6.28173 6.29877 6.31559 6.33209 6.3482 6.36384 6.37895 6.39345 6.40726 6.42032 6.43257 6.44395 6.45441 6.46388 6.47233 6.47971 6.48599 6.49113 6.49512 6.49793 6.49955 6.49996 6.49918 6.4972 6.49402 6.48968 6.48418 6.47756 6.46986 6.46109 6.45132 6.44059 6.42896 6.41647 6.4032 6.38921 6.37457 6.35935 6.34362 6.32746 6.31096 6.29418 6.2772 6.26011 6.24298 6.22589 6.20891 6.19211 6.17555 6.15932 6.14346 6.12804 6.11311 6.09873 6.08493 6.07175 6.05925 6.04744 6.03637 6.02605 6.01651 6.00777 5.99984 5.99274 5.98648 5.98107 5.97651 5.97282 5.96999 5.96803 5.96695 
5.96114 5.96182 5.96339 5.96585 5.9692 5.97344 5.97856 5.98455 5.99141 5.99913 6.0077 6.0171 6.02731 6.0383 6.05007 6.06257 6.07577 6.08963 6.10412 6.11919 6.13478 6.15084 6.16732 6.18416 6.20127 6.21861 6.23609 6.25365 6.27119 6.28866 6.30597 6.32303 6.33978 6.35613 6.37201 6.38734 6.40205 6.41606 6.42931 6.44174 6.45328 6.46388 6.47349 6.48205 6.48954 6.4959 6.50112 6.50516 6.50801 6.50965 6.51007 6.50928 6.50727 6.50405 6.49965 6.49407 6.48736 6.47954 6.47066 6.46075 6.44986 6.43806 6.42539 6.41193 6.39773 6.38287 6.36742 6.35146 6.33506 6.3183 6.30126 6.28402 6.26666 6.24926 6.2319 6.21464 6.19757 6.18075 6.16424 6.14812 6.13245 6.11727 6.10264 6.0886 6.0752 6.06248 6.05047 6.0392 6.0287 6.01899 6.01009 6.00202 5.99479 5.98842 5.98291 5.97827 5.9745 5.97162 5.96963 5.96852 
5.96256 5.96324 5.96484 5.96734 5.97074 5.97504 5.98024 5.98633 5.9933 6.00114 6.00984 6.01939 6.02975 6.04092 6.05286 6.06554 6.07894 6.09301 6.10772 6.123 6.13882 6.15512 6.17184 6.18891 6.20627 6.22384 6.24157 6.25936 6.27715 6.29485 6.31239 6.32968 6.34665 6.36322 6.3793 6.39482 6.40972 6.42391 6.43733 6.44991 6.4616 6.47233 6.48205 6.49072 6.4983 6.50475 6.51003 6.51412 6.517 6.51866 6.51909 6.51828 6.51625 6.51299 6.50853 6.50289 6.4961 6.48818 6.47918 6.46915 6.45813 6.44617 6.43335 6.41971 6.40533 6.39028 6.37462 6.35845 6.34183 6.32485 6.30758 6.29011 6.27251 6.25487 6.23726 6.21976 6.20245 6.18539 6.16865 6.15229 6.13639 6.12098 6.10613 6.09189 6.07829 6.06537 6.05318 6.04174 6.03107 6.02121 6.01217 6.00398 5.99663 5.99016 5.98456 5.97985 5.97602 5.9731 5.97107 5.96995 
5.96381 5.9645 5.96612 5.96865 5.9721 5.97646 5.98173 5.9879 5.99497 6.00291 6.01173 6.0214 6.0319 6.04321 6.05531 6.06816 6.08173 6.09598 6.11087 6.12635 6.14237 6.15887 6.17579 6.19307 6.21064 6.22842 6.24636 6.26436 6.28236 6.30027 6.318 6.3355 6.35266 6.36941 6.38567 6.40137 6.41642 6.43077 6.44433 6.45705 6.46886 6.47971 6.48954 6.4983 6.50596 6.51247 6.51781 6.52194 6.52485 6.52653 6.52696 6.52615 6.52409 6.5208 6.51629 6.51059 6.50373 6.49573 6.48663 6.47649 6.46535 6.45327 6.4403 6.42651 6.41197 6.39675 6.38092 6.36457 6.34776 6.33058 6.31311 6.29543 6.27763 6.25978 6.24196 6.22425 6.20672 6.18945 6.1725 6.15595 6.13984 6.12424 6.1092 6.09477 6.08099 6.06791 6.05556 6.04396 6.03316 6.02317 6.01401 6.0057 5.99826 5.99169 5.98602 5.98124 5.97736 5.97439 5.97234 5.9712 
5.96488 5.96558 5.96722 5.96978 5.97327 5.97768 5.98301 5.98925 5.99639 6.00443 6.01334 6.02312 6.03374 6.04517 6.0574 6.07039 6.08411 6.09852 6.11356 6.12921 6.14539 6.16206 6.17916 6.19661 6.21436 6.23233 6.25044 6.26862 6.28679 6.30488 6.32279 6.34044 6.35777 6.37468 6.39109 6.40693 6.42213 6.43661 6.4503 6.46313 6.47505 6.48599 6.4959 6.50475 6.51247 6.51904 6.52442 6.52859 6.53153 6.53322 6.53366 6.53284 6.53076 6.52744 6.5229 6.51715 6.51022 6.50215 6.49297 6.48274 6.4715 6.4593 6.44622 6.4323 6.41762 6.40226 6.38628 6.36977 6.3528 6.33546 6.31782 6.29997 6.28199 6.26396 6.24596 6.22807 6.21036 6.19292 6.17579 6.15906 6.14278 6.12702 6.11182 6.09723 6.08331 6.07008 6.05759 6.04587 6.03494 6.02484 6.01558 6.00717 5.99965 5.99301 5.98726 5.98243 5.97851 5.97551 5.97343 5.97228 
5.96577 5.96648 5.96813 5.97072 5.97424 5.97869 5.98407 5.99036 5.99757 6.00568 6.01468 6.02454 6.03525 6.04679 6.05913 6.07224 6.08607 6.1006 6.11578 6.13156 6.14788 6.16469 6.18193 6.19953 6.21742 6.23553 6.25379 6.27212 6.29044 6.30866 6.32671 6.3445 6.36196 6.379 6.39554 6.4115 6.42681 6.44139 6.45518 6.46811 6.48011 6.49113 6.50112 6.51003 6.51781 6.52442 6.52984 6.53405 6.537 6.53871 6.53915 6.53832 6.53623 6.53289 6.52831 6.52251 6.51554 6.50741 6.49816 6.48786 6.47653 6.46425 6.45106 6.43704 6.42226 6.40678 6.39068 6.37404 6.35694 6.33946 6.32168 6.30369 6.28556 6.26739 6.24924 6.23121 6.21336 6.19576 6.17849 6.16162 6.14521 6.12931 6.11397 6.09926 6.08521 6.07187 6.05927 6.04744 6.03642 6.02622 6.01687 6.00839 6.0008 5.9941 5.9883 5.98342 5.97946 5.97643 5.97433 5.97317 
5.96648 5.96719 5.96885 5.97145 5.975 5.97948 5.9849 5.99124 5.9985 6.00667 6.01572 6.02566 6.03644 6.04806 6.06048 6.07368 6.08761 6.10223 6.11751 6.13339 6.14981 6.16673 6.18408 6.20179 6.2198 6.23802 6.25639 6.27483 6.29326 6.31159 6.32975 6.34765 6.36521 6.38235 6.39898 6.41504 6.43043 6.4451 6.45897 6.47197 6.48404 6.49512 6.50516 6.51412 6.52194 6.52859 6.53405 6.53827 6.54124 6.54296 6.5434 6.54256 6.54046 6.5371 6.5325 6.52667 6.51966 6.51148 6.50219 6.49182 6.48043 6.46808 6.45482 6.44072 6.42585 6.41028 6.39408 6.37735 6.36014 6.34256 6.32467 6.30657 6.28834 6.27005 6.25179 6.23364 6.21568 6.19797 6.18059 6.16361 6.14709 6.13108 6.11565 6.10084 6.0867 6.07326 6.06058 6.04867 6.03757 6.0273 6.01789 6.00935 6.0017 5.99495 5.98912 5.9842 5.98022 5.97716 5.97505 5.97388 
5.96699 5.96771 5.96937 5.97199 5.97555 5.98006 5.9855 5.99188 5.99917 6.00738 6.01648 6.02646 6.03729 6.04897 6.06145 6.0747 6.0887 6.10339 6.11873 6.13469 6.15119 6.16818 6.18561 6.20339 6.22148 6.23978 6.25823 6.27675 6.29526 6.31367 6.3319 6.34987 6.3675 6.38471 6.40141 6.41753 6.43299 6.44771 6.46163 6.47469 6.4868 6.49793 6.50801 6.517 6.52485 6.53153 6.537 6.54124 6.54423 6.54595 6.54639 6.54555 6.54344 6.54007 6.53545 6.5296 6.52256 6.51435 6.50502 6.49461 6.48318 6.47078 6.45746 6.44331 6.42838 6.41274 6.39648 6.37968 6.3624 6.34475 6.32679 6.30861 6.29029 6.27193 6.25359 6.23536 6.21732 6.19954 6.18208 6.16502 6.14843 6.13235 6.11684 6.10196 6.08776 6.07426 6.06151 6.04955 6.03839 6.02808 6.01862 6.01004 6.00235 5.99557 5.98971 5.98477 5.98076 5.97769 5.97557 5.97439 
5.96731 5.96803 5.9697 5.97232 5.97589 5.98041 5.98587 5.99226 5.99958 6.0078 6.01693 6.02694 6.0378 6.04951 6.06202 6.07531 6.08934 6.10407 6.11946 6.13545 6.15199 6.16903 6.18649 6.20433 6.22245 6.2408 6.2593 6.27786 6.29641 6.31486 6.33314 6.35115 6.36883 6.38607 6.40281 6.41897 6.43446 6.44922 6.46317 6.47625 6.4884 6.49955 6.50965 6.51866 6.52653 6.53322 6.53871 6.54296 6.54595 6.54767 6.54811 6.54728 6.54516 6.54178 6.53715 6.53129 6.52423 6.516 6.50665 6.49622 6.48476 6.47233 6.45898 6.4448 6.42983 6.41416 6.39786 6.38102 6.3637 6.346 6.328 6.30978 6.29142 6.27301 6.25463 6.23636 6.21827 6.20044 6.18295 6.16585 6.14921 6.13309 6.11754 6.10263 6.08838 6.07485 6.06207 6.05007 6.03889 6.02854 6.01906 6.01046 6.00275 5.99595 5.99007 5.98511 5.9811 5.97802 5.97589 5.97471 
