5.6337 5.63388 5.63415 5.63452 5.63497 5.63552 5.63616 5.63689 5.63772 5.63864 5.63965 5.64076 5.64197 5.64327 5.64467 5.64617 5.64775 5.64944 5.65121 5.65307 5.65502 5.65705 5.65915 5.66132 5.66356 5.66586 5.6682 5.67058 5.67298 5.67541 5.67784 5.68027 5.68268 5.68507 5.6874 5.68969 5.6919 5.69403 5.69607 5.69799 5.6998 5.70148 5.70301 5.70439 5.70561 5.70666 5.70753 5.70822 5.70872 5.70903 5.70915 5.70907 5.70881 5.70835 5.70771 5.70688 5.70588 5.70472 5.70339 5.70191 5.70029 5.69855 5.69668 5.69471 5.69265 5.69051 5.68831 5.68605 5.68375 5.68143 5.6791 5.67677 5.67444 5.67215 5.66988 5.66766 5.6655 5.66339 5.66136 5.65941 5.65753 5.65575 5.65406 5.65246 5.65096 5.64957 5.64827 5.64708 5.646 5.64501 5.64413 5.64335 5.64268 5.6421 5.64163 5.64125 5.64096 5.64077 5.64068 5.64068 
5.63388 5.63406 5.63434 5.6347 5.63516 5.63571 5.63635 5.63709 5.63792 5.63885 5.63987 5.64098 5.6422 5.64351 5.64492 5.64642 5.64802 5.64971 5.6515 5.65337 5.65534 5.65738 5.6595 5.66169 5.66394 5.66625 5.66861 5.67101 5.67343 5.67588 5.67833 5.68078 5.68321 5.68561 5.68796 5.69026 5.69249 5.69464 5.69669 5.69864 5.70046 5.70214 5.70369 5.70508 5.70631 5.70736 5.70824 5.70894 5.70944 5.70976 5.70987 5.7098 5.70953 5.70907 5.70842 5.70759 5.70658 5.70541 5.70407 5.70258 5.70095 5.69919 5.69731 5.69532 5.69324 5.69109 5.68887 5.68659 5.68428 5.68194 5.67958 5.67723 5.67489 5.67258 5.6703 5.66806 5.66588 5.66376 5.66171 5.65974 5.65785 5.65605 5.65435 5.65274 5.65123 5.64982 5.64852 5.64732 5.64622 5.64523 5.64435 5.64356 5.64288 5.6423 5.64182 5.64144 5.64115 5.64096 5.64086 5.64086 
5.63415 5.63434 5.63461 5.63498 5.63545 5.63601 5.63666 5.63741 5.63825 5.63919 5.64023 5.64137 5.64261 5.64394 5.64538 5.64691 5.64854 5.65027 5.65209 5.654 5.656 5.65808 5.66024 5.66247 5.66477 5.66712 5.66953 5.67197 5.67445 5.67694 5.67944 5.68193 5.68441 5.68686 5.68926 5.6916 5.69387 5.69606 5.69815 5.70013 5.70198 5.7037 5.70528 5.70669 5.70794 5.70902 5.70991 5.71062 5.71113 5.71145 5.71157 5.71149 5.71122 5.71075 5.71009 5.70924 5.70821 5.70701 5.70565 5.70413 5.70247 5.70067 5.69875 5.69673 5.69461 5.69241 5.69015 5.68783 5.68547 5.68308 5.68068 5.67828 5.6759 5.67353 5.67121 5.66893 5.6667 5.66454 5.66245 5.66044 5.65851 5.65667 5.65493 5.65329 5.65175 5.65031 5.64898 5.64776 5.64664 5.64562 5.64472 5.64392 5.64322 5.64262 5.64213 5.64174 5.64144 5.64124 5.64114 5.64114 
5.63452 5.6347 5.63498 5.63536 5.63584 5.63641 5.63708 5.63785 5.63872 5.63969 5.64076 5.64193 5.6432 5.64458 5.64606 5.64764 5.64932 5.6511 5.65297 5.65494 5.657 5.65915 5.66138 5.66368 5.66605 5.66848 5.67096 5.67347 5.67602 5.67859 5.68117 5.68374 5.68629 5.68881 5.69128 5.6937 5.69604 5.69829 5.70044 5.70248 5.70438 5.70615 5.70777 5.70923 5.71051 5.71162 5.71254 5.71326 5.71379 5.71412 5.71424 5.71416 5.71387 5.71339 5.71271 5.71183 5.71077 5.70953 5.70813 5.70656 5.70485 5.703 5.70102 5.69894 5.69675 5.69449 5.69215 5.68976 5.68733 5.68487 5.68239 5.67992 5.67746 5.67502 5.67262 5.67026 5.66797 5.66573 5.66358 5.6615 5.65951 5.65761 5.65581 5.65412 5.65252 5.65104 5.64966 5.64839 5.64723 5.64618 5.64524 5.64441 5.64369 5.64307 5.64255 5.64214 5.64183 5.64162 5.64151 5.6415 
5.63497 5.63516 5.63545 5.63584 5.63633 5.63692 5.63762 5.63841 5.63932 5.64032 5.64144 5.64265 5.64398 5.64541 5.64695 5.6486 5.65035 5.6522 5.65416 5.65621 5.65836 5.66059 5.66291 5.66531 5.66778 5.67031 5.67289 5.67551 5.67817 5.68084 5.68352 5.68619 5.68885 5.69147 5.69404 5.69655 5.69898 5.70132 5.70356 5.70567 5.70766 5.70949 5.71117 5.71269 5.71402 5.71517 5.71612 5.71687 5.71742 5.71775 5.71788 5.71779 5.71749 5.71699 5.71628 5.71536 5.71426 5.71297 5.71151 5.70988 5.7081 5.70617 5.70411 5.70194 5.69967 5.69731 5.69488 5.69239 5.68986 5.68729 5.68472 5.68214 5.67957 5.67703 5.67453 5.67208 5.66968 5.66735 5.6651 5.66293 5.66085 5.65887 5.65699 5.65522 5.65355 5.652 5.65055 5.64923 5.64801 5.64691 5.64592 5.64505 5.64429 5.64363 5.64309 5.64265 5.64233 5.6421 5.64198 5.64196 
5.63552 5.63571 5.63601 5.63641 5.63692 5.63754 5.63827 5.6391 5.64005 5.6411 5.64227 5.64355 5.64494 5.64645 5.64807 5.6498 5.65164 5.65359 5.65564 5.6578 5.66006 5.66241 5.66485 5.66737 5.66996 5.67262 5.67533 5.67809 5.68087 5.68368 5.68649 5.6893 5.69208 5.69483 5.69753 5.70016 5.70271 5.70516 5.7075 5.70972 5.7118 5.71372 5.71548 5.71706 5.71846 5.71966 5.72065 5.72144 5.72201 5.72236 5.72248 5.72239 5.72208 5.72154 5.72079 5.71984 5.71868 5.71732 5.71579 5.71408 5.7122 5.71018 5.70803 5.70575 5.70336 5.70088 5.69833 5.69571 5.69305 5.69036 5.68765 5.68494 5.68225 5.67958 5.67694 5.67436 5.67184 5.66938 5.66701 5.66473 5.66254 5.66045 5.65847 5.65659 5.65483 5.65319 5.65167 5.65026 5.64897 5.64781 5.64676 5.64583 5.64502 5.64432 5.64374 5.64328 5.64292 5.64268 5.64254 5.64252 
5.63616 5.63635 5.63666 5.63708 5.63762 5.63827 5.63903 5.63991 5.64091 5.64203 5.64326 5.64462 5.64609 5.64769 5.6494 5.65123 5.65318 5.65525 5.65743 5.65972 5.66211 5.6646 5.66718 5.66985 5.6726 5.67541 5.67828 5.68119 5.68414 5.68711 5.69009 5.69305 5.69599 5.6989 5.70175 5.70453 5.70722 5.70981 5.71228 5.71462 5.71681 5.71883 5.72069 5.72236 5.72382 5.72509 5.72613 5.72696 5.72756 5.72792 5.72805 5.72795 5.72762 5.72705 5.72626 5.72524 5.72402 5.72259 5.72096 5.71915 5.71717 5.71504 5.71276 5.71035 5.70782 5.7052 5.7025 5.69973 5.69692 5.69407 5.6912 5.68833 5.68548 5.68265 5.67985 5.67712 5.67444 5.67184 5.66932 5.66689 5.66457 5.66235 5.66024 5.65824 5.65637 5.65462 5.65299 5.65149 5.65012 5.64887 5.64775 5.64676 5.64588 5.64514 5.64451 5.64401 5.64362 5.64335 5.6432 5.64316 
5.63689 5.63709 5.63741 5.63785 5.63841 5.6391 5.63991 5.64085 5.64191 5.6431 5.64441 5.64585 5.64743 5.64913 5.65095 5.65291 5.65499 5.65719 5.65952 5.66196 5.66451 5.66716 5.66992 5.67276 5.67569 5.67868 5.68174 5.68484 5.68798 5.69114 5.6943 5.69746 5.70058 5.70367 5.7067 5.70965 5.71251 5.71525 5.71788 5.72036 5.72268 5.72483 5.72679 5.72856 5.73012 5.73145 5.73256 5.73343 5.73406 5.73444 5.73458 5.73447 5.73411 5.7335 5.73266 5.73158 5.73028 5.72875 5.72703 5.7251 5.723 5.72073 5.7183 5.71574 5.71305 5.71027 5.70739 5.70445 5.70145 5.69841 5.69536 5.6923 5.68926 5.68624 5.68327 5.68034 5.67749 5.67471 5.67202 5.66943 5.66694 5.66456 5.66231 5.66017 5.65816 5.65629 5.65454 5.65293 5.65145 5.65011 5.6489 5.64783 5.64689 5.64608 5.64539 5.64484 5.64442 5.64412 5.64395 5.6439 
5.63772 5.63792 5.63825 5.63872 5.63932 5.64005 5.64091 5.64191 5.64304 5.64431 5.64572 5.64727 5.64895 5.65077 5.65273 5.65483 5.65705 5.65942 5.66191 5.66452 5.66725 5.6701 5.67305 5.6761 5.67923 5.68243 5.6857 5.68902 5.69238 5.69575 5.69913 5.7025 5.70584 5.70914 5.71237 5.71552 5.71857 5.7215 5.72429 5.72693 5.72941 5.7317 5.73379 5.73567 5.73732 5.73874 5.73992 5.74084 5.74151 5.74192 5.74206 5.74193 5.74155 5.7409 5.74 5.73884 5.73745 5.73582 5.73398 5.73192 5.72967 5.72725 5.72465 5.72192 5.71905 5.71607 5.713 5.70985 5.70664 5.7034 5.70013 5.69686 5.6936 5.69037 5.68718 5.68404 5.68098 5.678 5.67511 5.67233 5.66965 5.6671 5.66467 5.66237 5.66021 5.65819 5.65631 5.65457 5.65297 5.65152 5.65021 5.64904 5.64802 5.64714 5.6464 5.64579 5.64532 5.64499 5.6448 5.64473 
5.63864 5.63885 5.63919 5.63969 5.64032 5.6411 5.64203 5.6431 5.64431 5.64568 5.64719 5.64885 5.65066 5.65262 5.65473 5.65698 5.65938 5.66192 5.6646 5.66741 5.67035 5.67341 5.67658 5.67986 5.68322 5.68666 5.69017 5.69374 5.69734 5.70096 5.70458 5.7082 5.71178 5.7153 5.71876 5.72213 5.7254 5.72853 5.73152 5.73434 5.73699 5.73943 5.74167 5.74367 5.74544 5.74695 5.74821 5.74919 5.7499 5.75033 5.75048 5.75034 5.74992 5.74923 5.74825 5.74702 5.74552 5.74378 5.7418 5.7396 5.73719 5.73459 5.73181 5.72888 5.7258 5.72261 5.71931 5.71594 5.71249 5.70901 5.7055 5.70199 5.69849 5.69501 5.69158 5.68821 5.68492 5.68171 5.6786 5.6756 5.67271 5.66996 5.66734 5.66485 5.66252 5.66033 5.65829 5.6564 5.65467 5.6531 5.65167 5.65041 5.64929 5.64833 5.64751 5.64685 5.64633 5.64596 5.64574 5.64566 
5.63965 5.63987 5.64023 5.64076 5.64144 5.64227 5.64326 5.64441 5.64572 5.64719 5.64882 5.65061 5.65256 5.65468 5.65695 5.65938 5.66197 5.66471 5.6676 5.67063 5.6738 5.6771 5.68051 5.68404 5.68766 5.69137 5.69515 5.69898 5.70285 5.70675 5.71064 5.71453 5.71837 5.72216 5.72587 5.72949 5.73299 5.73635 5.73955 5.74258 5.74541 5.74803 5.75042 5.75256 5.75445 5.75607 5.75741 5.75846 5.75922 5.75967 5.75982 5.75967 5.75922 5.75847 5.75743 5.7561 5.75449 5.75262 5.75049 5.74813 5.74554 5.74275 5.73976 5.73661 5.73331 5.72987 5.72633 5.7227 5.719 5.71525 5.71148 5.70769 5.70392 5.70018 5.69648 5.69285 5.68929 5.68583 5.68247 5.67923 5.67612 5.67314 5.6703 5.66761 5.66508 5.6627 5.66049 5.65844 5.65656 5.65485 5.6533 5.65191 5.6507 5.64964 5.64875 5.64802 5.64745 5.64704 5.64678 5.64668 
5.64076 5.64098 5.64137 5.64193 5.64265 5.64355 5.64462 5.64585 5.64727 5.64885 5.65061 5.65254 5.65465 5.65694 5.65939 5.66202 5.66482 5.66778 5.6709 5.67417 5.6776 5.68116 5.68484 5.68865 5.69255 5.69655 5.70062 5.70475 5.70892 5.71312 5.71731 5.72149 5.72562 5.72969 5.73368 5.73757 5.74133 5.74493 5.74837 5.75162 5.75466 5.75747 5.76003 5.76233 5.76435 5.76608 5.76751 5.76864 5.76944 5.76993 5.77009 5.76992 5.76943 5.76862 5.76749 5.76606 5.76433 5.76232 5.76003 5.75749 5.75471 5.75171 5.7485 5.74511 5.74155 5.73786 5.73405 5.73014 5.72615 5.72211 5.71805 5.71397 5.7099 5.70586 5.70187 5.69795 5.69411 5.69037 5.68674 5.68323 5.67986 5.67663 5.67356 5.67064 5.66789 5.66532 5.66291 5.66069 5.65864 5.65677 5.65508 5.65357 5.65224 5.65108 5.6501 5.6493 5.64867 5.64821 5.64792 5.6478 
5.64197 5.6422 5.64261 5.6432 5.64398 5.64494 5.64609 5.64743 5.64895 5.65066 5.65256 5.65465 5.65693 5.6594 5.66206 5.6649 5.66793 5.67113 5.6745 5.67804 5.68174 5.68558 5.68956 5.69367 5.69789 5.7022 5.70659 5.71105 5.71554 5.72006 5.72457 5.72907 5.73352 5.7379 5.74219 5.74637 5.7504 5.75428 5.75797 5.76146 5.76472 5.76773 5.77048 5.77294 5.77511 5.77697 5.7785 5.7797 5.78056 5.78107 5.78124 5.78106 5.78053 5.77965 5.77844 5.7769 5.77504 5.77287 5.77041 5.76768 5.76468 5.76145 5.758 5.75435 5.75053 5.74655 5.74244 5.73823 5.73394 5.72959 5.7252 5.7208 5.71641 5.71205 5.70775 5.70351 5.69936 5.69531 5.69138 5.68759 5.68394 5.68044 5.67711 5.67395 5.67096 5.66816 5.66555 5.66313 5.6609 5.65886 5.65702 5.65537 5.65391 5.65265 5.65158 5.65069 5.64999 5.64948 5.64916 5.64902 
5.64327 5.64351 5.64394 5.64458 5.64541 5.64645 5.64769 5.64913 5.65077 5.65262 5.65468 5.65694 5.6594 5.66207 5.66495 5.66802 5.67129 5.67475 5.6784 5.68223 5.68622 5.69038 5.69468 5.69911 5.70366 5.70831 5.71305 5.71785 5.72269 5.72756 5.73242 5.73726 5.74205 5.74676 5.75137 5.75586 5.7602 5.76437 5.76833 5.77208 5.77557 5.77881 5.78175 5.78439 5.78672 5.7887 5.79034 5.79163 5.79255 5.79309 5.79327 5.79307 5.79249 5.79155 5.79024 5.78858 5.78658 5.78425 5.78161 5.77867 5.77545 5.77197 5.76825 5.76433 5.76021 5.75593 5.75151 5.74697 5.74235 5.73766 5.73293 5.72819 5.72345 5.71875 5.7141 5.70952 5.70503 5.70066 5.69641 5.6923 5.68835 5.68456 5.68095 5.67752 5.67429 5.67125 5.66841 5.66577 5.66335 5.66113 5.65912 5.65732 5.65573 5.65434 5.65317 5.65219 5.65143 5.65086 5.65049 5.65033 
5.64467 5.64492 5.64538 5.64606 5.64695 5.64807 5.6494 5.65095 5.65273 5.65473 5.65695 5.65939 5.66206 5.66495 5.66805 5.67138 5.67491 5.67865 5.6826 5.68673 5.69104 5.69553 5.70017 5.70495 5.70986 5.71488 5.71998 5.72515 5.73037 5.73561 5.74084 5.74605 5.7512 5.75626 5.76122 5.76604 5.7707 5.77518 5.77943 5.78345 5.7872 5.79066 5.79382 5.79665 5.79914 5.80127 5.80302 5.80439 5.80537 5.80596 5.80614 5.80592 5.8053 5.80428 5.80288 5.80109 5.79894 5.79643 5.79359 5.79043 5.78697 5.78323 5.77924 5.77502 5.77059 5.76598 5.76123 5.75634 5.75136 5.74631 5.74122 5.73611 5.731 5.72593 5.72091 5.71597 5.71113 5.7064 5.70181 5.69737 5.69309 5.68899 5.68508 5.68136 5.67785 5.67456 5.67147 5.66861 5.66598 5.66356 5.66137 5.65941 5.65768 5.65616 5.65488 5.65381 5.65296 5.65234 5.65193 5.65174 
5.64617 5.64642 5.64691 5.64764 5.6486 5.6498 5.65123 5.65291 5.65483 5.65698 5.65938 5.66202 5.6649 5.66802 5.67138 5.67497 5.67878 5.68282 5.68708 5.69154 5.69619 5.70103 5.70603 5.71119 5.71648 5.72188 5.72738 5.73295 5.73856 5.74419 5.74982 5.75541 5.76094 5.76639 5.77171 5.77689 5.78189 5.78668 5.79124 5.79555 5.79957 5.80328 5.80666 5.80969 5.81235 5.81463 5.8165 5.81797 5.81901 5.81963 5.81982 5.81958 5.81891 5.81782 5.81631 5.81439 5.81208 5.80939 5.80634 5.80295 5.79923 5.79522 5.79093 5.78639 5.78164 5.77669 5.77157 5.76633 5.76097 5.75554 5.75006 5.74455 5.73906 5.73359 5.72818 5.72286 5.71763 5.71253 5.70757 5.70278 5.69815 5.69372 5.68949 5.68547 5.68167 5.67809 5.67475 5.67165 5.66878 5.66616 5.66378 5.66165 5.65976 5.65811 5.6567 5.65553 5.65461 5.65392 5.65346 5.65325 
5.64775 5.64802 5.64854 5.64932 5.65035 5.65164 5.65318 5.65499 5.65705 5.65938 5.66197 5.66482 5.66793 5.67129 5.67491 5.67878 5.6829 5.68726 5.69185 5.69665 5.70167 5.70688 5.71227 5.71781 5.72351 5.72932 5.73523 5.74121 5.74724 5.75329 5.75933 5.76534 5.77127 5.77711 5.78282 5.78836 5.79372 5.79886 5.80374 5.80835 5.81265 5.81662 5.82023 5.82347 5.82632 5.82875 5.83075 5.83232 5.83343 5.83409 5.83429 5.83402 5.8333 5.83213 5.83051 5.82845 5.82597 5.82309 5.81982 5.81618 5.8122 5.80789 5.8033 5.79843 5.79333 5.78802 5.78253 5.7769 5.77114 5.76531 5.75942 5.7535 5.74759 5.74171 5.73589 5.73016 5.72453 5.71904 5.71369 5.70852 5.70353 5.69874 5.69417 5.68983 5.68572 5.68185 5.67824 5.67487 5.67177 5.66893 5.66634 5.66403 5.66197 5.66017 5.65864 5.65737 5.65635 5.65559 5.65509 5.65485 
5.64944 5.64971 5.65027 5.6511 5.6522 5.65359 5.65525 5.65719 5.65942 5.66192 5.66471 5.66778 5.67113 5.67475 5.67865 5.68282 5.68726 5.69195 5.69689 5.70206 5.70745 5.71305 5.71885 5.72481 5.73092 5.73717 5.74351 5.74993 5.7564 5.76289 5.76936 5.77579 5.78215 5.7884 5.79451 5.80045 5.80618 5.81167 5.81689 5.82181 5.82641 5.83065 5.83451 5.83797 5.841 5.84359 5.84573 5.84739 5.84858 5.84928 5.84948 5.8492 5.84843 5.84717 5.84543 5.84323 5.84058 5.83749 5.83399 5.8301 5.82584 5.82123 5.81631 5.8111 5.80563 5.79995 5.79407 5.78803 5.78186 5.7756 5.76928 5.76294 5.75659 5.75028 5.74403 5.73786 5.73181 5.7259 5.72015 5.71458 5.70921 5.70405 5.69912 5.69444 5.69 5.68583 5.68192 5.67828 5.67493 5.67185 5.66905 5.66654 5.66431 5.66236 5.66069 5.65931 5.6582 5.65737 5.65682 5.65654 
5.65121 5.6515 5.65209 5.65297 5.65416 5.65564 5.65743 5.65952 5.66191 5.6646 5.6676 5.6709 5.6745 5.6784 5.6826 5.68708 5.69185 5.69689 5.70219 5.70774 5.71354 5.71955 5.72577 5.73216 5.73872 5.74541 5.7522 5.75908 5.76601 5.77295 5.77988 5.78676 5.79356 5.80024 5.80676 5.8131 5.81922 5.82508 5.83065 5.8359 5.8408 5.84532 5.84944 5.85312 5.85636 5.85912 5.86139 5.86316 5.86442 5.86516 5.86538 5.86507 5.86424 5.86289 5.86104 5.85869 5.85585 5.85256 5.84882 5.84466 5.84011 5.83519 5.82993 5.82436 5.81852 5.81244 5.80615 5.79969 5.79309 5.78639 5.77963 5.77283 5.76603 5.75926 5.75256 5.74595 5.73946 5.73311 5.72693 5.72095 5.71517 5.70963 5.70433 5.69928 5.6945 5.69001 5.68579 5.68187 5.67825 5.67493 5.67191 5.66919 5.66677 5.66466 5.66285 5.66135 5.66014 5.65924 5.65863 5.65833 
5.65307 5.65337 5.654 5.65494 5.65621 5.6578 5.65972 5.66196 5.66452 5.66741 5.67063 5.67417 5.67804 5.68223 5.68673 5.69154 5.69665 5.70206 5.70774 5.7137 5.71991 5.72635 5.733 5.73985 5.74687 5.75402 5.76129 5.76864 5.77604 5.78346 5.79085 5.7982 5.80545 5.81257 5.81953 5.82629 5.83281 5.83905 5.84499 5.85058 5.85579 5.8606 5.86498 5.8689 5.87234 5.87527 5.87768 5.87956 5.8809 5.88168 5.88191 5.88158 5.88069 5.87925 5.87727 5.87477 5.87175 5.86824 5.86425 5.85982 5.85497 5.84972 5.84411 5.83818 5.83195 5.82546 5.81875 5.81185 5.80481 5.79765 5.79042 5.78316 5.77589 5.76865 5.76147 5.7544 5.74745 5.74065 5.73403 5.72761 5.72142 5.71547 5.70977 5.70435 5.69922 5.69438 5.68985 5.68564 5.68173 5.67815 5.6749 5.67196 5.66936 5.66708 5.66512 5.66349 5.66219 5.6612 5.66054 5.6602 
5.65502 5.65534 5.656 5.657 5.65836 5.66006 5.66211 5.66451 5.66725 5.67035 5.6738 5.6776 5.68174 5.68622 5.69104 5.69619 5.70167 5.70745 5.71354 5.71991 5.72654 5.73343 5.74054 5.74785 5.75534 5.76298 5.77074 5.77858 5.78647 5.79437 5.80225 5.81008 5.8178 5.82538 5.83279 5.83997 5.84691 5.85354 5.85985 5.86579 5.87133 5.87644 5.88108 5.88524 5.88889 5.892 5.89456 5.89655 5.89796 5.89879 5.89903 5.89867 5.89772 5.89619 5.89409 5.89142 5.88821 5.88448 5.88024 5.87553 5.87037 5.86479 5.85882 5.8525 5.84587 5.83897 5.83182 5.82447 5.81697 5.80934 5.80163 5.79388 5.78613 5.7784 5.77074 5.76318 5.75576 5.74849 5.74141 5.73455 5.72792 5.72154 5.71545 5.70964 5.70414 5.69895 5.69409 5.68956 5.68537 5.68152 5.67802 5.67486 5.67206 5.6696 5.66749 5.66573 5.66432 5.66326 5.66254 5.66216 
5.65705 5.65738 5.65808 5.65915 5.66059 5.66241 5.6646 5.66716 5.6701 5.67341 5.6771 5.68116 5.68558 5.69038 5.69553 5.70103 5.70688 5.71305 5.71955 5.72635 5.73343 5.74077 5.74835 5.75615 5.76413 5.77226 5.78052 5.78886 5.79726 5.80566 5.81404 5.82236 5.83056 5.83861 5.84648 5.8541 5.86146 5.8685 5.87519 5.88148 5.88735 5.89276 5.89769 5.90209 5.90595 5.90924 5.91195 5.91406 5.91555 5.91642 5.91667 5.91629 5.91528 5.91365 5.91142 5.90859 5.90519 5.90123 5.89673 5.89173 5.88625 5.88033 5.874 5.86729 5.86025 5.85291 5.84532 5.83751 5.82953 5.82142 5.81322 5.80498 5.79672 5.7885 5.78034 5.77228 5.76436 5.75661 5.74906 5.74173 5.73466 5.72785 5.72133 5.71512 5.70924 5.70369 5.69848 5.69363 5.68914 5.68502 5.68126 5.67788 5.67486 5.67222 5.66996 5.66806 5.66654 5.66539 5.66461 5.6642 
5.65915 5.6595 5.66024 5.66138 5.66291 5.66485 5.66718 5.66992 5.67305 5.67658 5.68051 5.68484 5.68956 5.69468 5.70017 5.70603 5.71227 5.71885 5.72577 5.733 5.74054 5.74835 5.75642 5.76471 5.77319 5.78183 5.7906 5.79946 5.80837 5.81729 5.82618 5.835 5.84369 5.85222 5.86055 5.86863 5.87642 5.88387 5.89094 5.8976 5.90381 5.90953 5.91473 5.91939 5.92346 5.92694 5.9298 5.93202 5.9336 5.93452 5.93477 5.93436 5.9333 5.93158 5.92921 5.92622 5.92261 5.91842 5.91366 5.90837 5.90257 5.8963 5.88959 5.88249 5.87503 5.86725 5.8592 5.85093 5.84246 5.83386 5.82516 5.8164 5.80763 5.79889 5.79022 5.78166 5.77324 5.76499 5.75696 5.74915 5.74161 5.73436 5.72741 5.72079 5.71451 5.70859 5.70303 5.69785 5.69305 5.68864 5.68462 5.681 5.67777 5.67494 5.67251 5.67048 5.66885 5.66761 5.66677 5.66632 
5.66132 5.66169 5.66247 5.66368 5.66531 5.66737 5.66985 5.67276 5.6761 5.67986 5.68404 5.68865 5.69367 5.69911 5.70495 5.71119 5.71781 5.72481 5.73216 5.73985 5.74785 5.75615 5.76471 5.7735 5.7825 5.79166 5.80095 5.81034 5.81977 5.82922 5.83862 5.84795 5.85714 5.86616 5.87497 5.8835 5.89172 5.89959 5.90706 5.91409 5.92064 5.92667 5.93216 5.93706 5.94136 5.94503 5.94804 5.95038 5.95204 5.953 5.95327 5.95283 5.9517 5.94989 5.94739 5.94423 5.94042 5.93599 5.93097 5.92538 5.91925 5.91263 5.90555 5.89804 5.89015 5.88193 5.87342 5.86466 5.85571 5.8466 5.83739 5.82811 5.81882 5.80956 5.80037 5.79129 5.78235 5.7736 5.76506 5.75678 5.74877 5.74105 5.73367 5.72662 5.71994 5.71363 5.70771 5.70219 5.69707 5.69237 5.68808 5.68421 5.68077 5.67775 5.67515 5.67298 5.67122 5.6699 5.66899 5.66851 
5.66356 5.66394 5.66477 5.66605 5.66778 5.66996 5.6726 5.67569 5.67923 5.68322 5.68766 5.69255 5.69789 5.70366 5.70986 5.71648 5.72351 5.73092 5.73872 5.74687 5.75534 5.76413 5.77319 5.7825 5.79201 5.8017 5.81153 5.82145 5.83142 5.84139 5.85132 5.86116 5.87086 5.88038 5.88966 5.89866 5.90732 5.91561 5.92347 5.93088 5.93777 5.94412 5.94989 5.95505 5.95957 5.96343 5.96659 5.96905 5.97079 5.9718 5.97208 5.97162 5.97043 5.96851 5.96588 5.96255 5.95854 5.95388 5.94859 5.9427 5.93624 5.92926 5.9218 5.91388 5.90557 5.8969 5.88791 5.87867 5.86922 5.8596 5.84987 5.84007 5.83025 5.82046 5.81074 5.80113 5.79167 5.7824 5.77336 5.76458 5.75609 5.74791 5.74007 5.7326 5.7255 5.7188 5.71251 5.70664 5.7012 5.6962 5.69164 5.68752 5.68385 5.68063 5.67786 5.67554 5.67367 5.67225 5.67128 5.67076 
5.66586 5.66625 5.66712 5.66848 5.67031 5.67262 5.67541 5.67868 5.68243 5.68666 5.69137 5.69655 5.7022 5.70831 5.71488 5.72188 5.72932 5.73717 5.74541 5.75402 5.76298 5.77226 5.78183 5.79166 5.8017 5.81193 5.82229 5.83275 5.84326 5.85377 5.86423 5.87459 5.8848 5.89481 5.90458 5.91404 5.92315 5.93186 5.94012 5.9479 5.95514 5.96181 5.96787 5.97328 5.97802 5.98207 5.98539 5.98797 5.98979 5.99085 5.99113 5.99065 5.9894 5.98738 5.98462 5.98112 5.97691 5.972 5.96644 5.96025 5.95347 5.94613 5.93828 5.92995 5.92121 5.91208 5.90263 5.8929 5.88294 5.87281 5.86256 5.85223 5.84187 5.83154 5.82128 5.81114 5.80115 5.79136 5.78181 5.77253 5.76355 5.7549 5.74661 5.73869 5.73118 5.72408 5.71741 5.71119 5.70542 5.70011 5.69527 5.6909 5.687 5.68358 5.68063 5.67817 5.67618 5.67466 5.67363 5.67307 
5.6682 5.66861 5.66953 5.67096 5.67289 5.67533 5.67828 5.68174 5.6857 5.69017 5.69515 5.70062 5.70659 5.71305 5.71998 5.72738 5.73523 5.74351 5.7522 5.76129 5.77074 5.78052 5.7906 5.80095 5.81153 5.82229 5.8332 5.8442 5.85525 5.86629 5.87728 5.88817 5.89889 5.9094 5.91965 5.92958 5.93913 5.94827 5.95693 5.96508 5.97267 5.97965 5.986 5.99167 5.99664 6.00087 6.00434 6.00704 6.00895 6.01005 6.01035 6.00984 6.00853 6.00641 6.00351 5.99984 5.99543 5.99029 5.98446 5.97797 5.97086 5.96316 5.95492 5.94619 5.93701 5.92743 5.9175 5.90728 5.89682 5.88617 5.87539 5.86453 5.85364 5.84277 5.83197 5.82129 5.81077 5.80045 5.79038 5.7806 5.77112 5.76199 5.75324 5.74488 5.73695 5.72945 5.7224 5.71582 5.70971 5.7041 5.69897 5.69434 5.69021 5.68658 5.68346 5.68084 5.67873 5.67712 5.67602 5.67542 
5.67058 5.67101 5.67197 5.67347 5.67551 5.67809 5.68119 5.68484 5.68902 5.69374 5.69898 5.70475 5.71105 5.71785 5.72515 5.73295 5.74121 5.74993 5.75908 5.76864 5.77858 5.78886 5.79946 5.81034 5.82145 5.83275 5.8442 5.85574 5.86733 5.87892 5.89044 5.90185 5.91308 5.92409 5.93482 5.94521 5.95521 5.96477 5.97383 5.98235 5.99028 5.99759 6.00422 6.01014 6.01533 6.01975 6.02338 6.0262 6.02819 6.02934 6.02965 6.02911 6.02773 6.02552 6.02249 6.01866 6.01404 6.00867 6.00257 5.99578 5.98833 5.98028 5.97166 5.96251 5.9529 5.94287 5.93247 5.92176 5.9108 5.89963 5.88833 5.87693 5.8655 5.85409 5.84275 5.83153 5.82047 5.80963 5.79904 5.78874 5.77878 5.76917 5.75995 5.75115 5.74278 5.73488 5.72745 5.7205 5.71406 5.70813 5.70272 5.69783 5.69347 5.68963 5.68633 5.68356 5.68133 5.67962 5.67845 5.67782 
5.67298 5.67343 5.67445 5.67602 5.67817 5.68087 5.68414 5.68798 5.69238 5.69734 5.70285 5.70892 5.71554 5.72269 5.73037 5.73856 5.74724 5.7564 5.76601 5.77604 5.78647 5.79726 5.80837 5.81977 5.83142 5.84326 5.85525 5.86733 5.87946 5.89158 5.90363 5.91556 5.92731 5.93881 5.95002 5.96087 5.97131 5.98129 5.99075 5.99964 6.00791 6.01553 6.02244 6.02862 6.03403 6.03863 6.04241 6.04535 6.04742 6.04862 6.04894 6.04838 6.04694 6.04463 6.04147 6.03747 6.03265 6.02704 6.02068 6.01359 6.00582 5.99741 5.98841 5.97886 5.96882 5.95834 5.94747 5.93627 5.92481 5.91313 5.9013 5.88937 5.8774 5.86545 5.85357 5.84181 5.83022 5.81885 5.80774 5.79694 5.78648 5.77639 5.7667 5.75745 5.74866 5.74035 5.73253 5.72523 5.71845 5.71221 5.70651 5.70136 5.69676 5.69272 5.68923 5.68631 5.68395 5.68215 5.68091 5.68024 
5.67541 5.67588 5.67694 5.67859 5.68084 5.68368 5.68711 5.69114 5.69575 5.70096 5.70675 5.71312 5.72006 5.72756 5.73561 5.74419 5.75329 5.76289 5.77295 5.78346 5.79437 5.80566 5.81729 5.82922 5.84139 5.85377 5.86629 5.87892 5.89158 5.90423 5.91681 5.92925 5.9415 5.9535 5.96518 5.97649 5.98736 5.99775 6.0076 6.01686 6.02547 6.03339 6.04059 6.04701 6.05264 6.05743 6.06136 6.06441 6.06656 6.06781 6.06814 6.06755 6.06605 6.06365 6.06036 6.05619 6.05118 6.04534 6.03872 6.03134 6.02325 6.01449 6.00511 5.99516 5.98469 5.97376 5.96243 5.95075 5.93879 5.9266 5.91425 5.9018 5.8893 5.87681 5.86439 5.8521 5.83998 5.82808 5.81646 5.80515 5.79419 5.78362 5.77347 5.76378 5.75456 5.74584 5.73764 5.72997 5.72286 5.7163 5.71031 5.7049 5.70007 5.69582 5.69215 5.68908 5.68659 5.6847 5.68339 5.68268 
5.67784 5.67833 5.67944 5.68117 5.68352 5.68649 5.69009 5.6943 5.69913 5.70458 5.71064 5.71731 5.72457 5.73242 5.74084 5.74982 5.75933 5.76936 5.77988 5.79085 5.80225 5.81404 5.82618 5.83862 5.85132 5.86423 5.87728 5.89044 5.90363 5.91681 5.9299 5.94285 5.9556 5.96808 5.98023 5.99198 6.00329 6.01409 6.02432 6.03393 6.04288 6.05111 6.05857 6.06524 6.07108 6.07605 6.08013 6.08329 6.08552 6.08681 6.08716 6.08655 6.08499 6.08249 6.07907 6.07475 6.06954 6.06348 6.0566 6.04893 6.04053 6.03142 6.02167 6.01133 6.00044 5.98908 5.97729 5.96514 5.95268 5.93999 5.92713 5.91415 5.90113 5.88811 5.87516 5.86233 5.84969 5.83727 5.82514 5.81332 5.80188 5.79083 5.78022 5.77009 5.76044 5.75132 5.74274 5.73471 5.72726 5.72039 5.71412 5.70844 5.70338 5.69892 5.69508 5.69185 5.68924 5.68725 5.68588 5.68513 
5.68027 5.68078 5.68193 5.68374 5.68619 5.6893 5.69305 5.69746 5.7025 5.7082 5.71453 5.72149 5.72907 5.73726 5.74605 5.75541 5.76534 5.77579 5.78676 5.7982 5.81008 5.82236 5.835 5.84795 5.86116 5.87459 5.88817 5.90185 5.91556 5.92925 5.94285 5.9563 5.96954 5.98249 5.9951 6.00729 6.01902 6.03021 6.04082 6.05079 6.06006 6.06858 6.07632 6.08323 6.08927 6.09441 6.09864 6.10191 6.10422 6.10556 6.10591 6.10528 6.10366 6.10108 6.09753 6.09305 6.08765 6.08137 6.07424 6.06629 6.05758 6.04814 6.03803 6.0273 6.016 6.00421 5.99197 5.97935 5.96642 5.95324 5.93987 5.92638 5.91283 5.8993 5.88582 5.87248 5.85931 5.84639 5.83374 5.82143 5.8095 5.79799 5.78693 5.77635 5.76629 5.75677 5.74781 5.73943 5.73164 5.72446 5.7179 5.71197 5.70667 5.70201 5.69799 5.69462 5.69188 5.6898 5.68836 5.68757 
5.68268 5.68321 5.68441 5.68629 5.68885 5.69208 5.69599 5.70058 5.70584 5.71178 5.71837 5.72562 5.73352 5.74205 5.7512 5.76094 5.77127 5.78215 5.79356 5.80545 5.8178 5.83056 5.84369 5.85714 5.87086 5.8848 5.89889 5.91308 5.92731 5.9415 5.9556 5.96954 5.98325 5.99666 6.00971 6.02234 6.03447 6.04606 6.05703 6.06734 6.07692 6.08574 6.09373 6.10087 6.10712 6.11244 6.1168 6.12018 6.12257 6.12395 6.12431 6.12365 6.12198 6.11931 6.11565 6.11101 6.10543 6.09894 6.09156 6.08334 6.07433 6.06456 6.0541 6.04299 6.0313 6.01908 6.0064 5.99333 5.97993 5.96627 5.95241 5.93842 5.92436 5.91032 5.89633 5.88247 5.8688 5.85537 5.84223 5.82944 5.81703 5.80506 5.79355 5.78254 5.77207 5.76215 5.75282 5.74409 5.73597 5.72849 5.72166 5.71547 5.70994 5.70508 5.70088 5.69736 5.6945 5.69232 5.69082 5.68999 
5.68507 5.68561 5.68686 5.68881 5.69147 5.69483 5.6989 5.70367 5.70914 5.7153 5.72216 5.72969 5.7379 5.74676 5.75626 5.76639 5.77711 5.7884 5.80024 5.81257 5.82538 5.83861 5.85222 5.86616 5.88038 5.89481 5.9094 5.92409 5.93881 5.9535 5.96808 5.98249 5.99666 6.01052 6.02401 6.03705 6.04958 6.06154 6.07287 6.08351 6.0934 6.10249 6.11074 6.11811 6.12455 6.13003 6.13453 6.13801 6.14047 6.14189 6.14227 6.14159 6.13987 6.13711 6.13333 6.12855 6.12279 6.11609 6.10848 6.1 6.09069 6.08061 6.0698 6.05833 6.04625 6.03363 6.02053 6.00701 5.99315 5.97902 5.96468 5.9502 5.93566 5.92111 5.90663 5.89228 5.87811 5.86419 5.85056 5.8373 5.82442 5.812 5.80005 5.78862 5.77775 5.76745 5.75775 5.74867 5.74024 5.73246 5.72535 5.71891 5.71316 5.7081 5.70373 5.70006 5.69709 5.69482 5.69325 5.69238 
5.6874 5.68796 5.68926 5.69128 5.69404 5.69753 5.70175 5.7067 5.71237 5.71876 5.72587 5.73368 5.74219 5.75137 5.76122 5.77171 5.78282 5.79451 5.80676 5.81953 5.83279 5.84648 5.86055 5.87497 5.88966 5.90458 5.91965 5.93482 5.95002 5.96518 5.98023 5.9951 6.00971 6.02401 6.03791 6.05136 6.06427 6.07659 6.08826 6.09922 6.1094 6.11877 6.12726 6.13484 6.14147 6.14711 6.15174 6.15533 6.15786 6.15932 6.1597 6.15901 6.15723 6.15439 6.1505 6.14558 6.13965 6.13275 6.12491 6.11617 6.10659 6.0962 6.08506 6.07324 6.06079 6.04777 6.03426 6.02032 6.00602 5.99144 5.97663 5.96169 5.94666 5.93164 5.91667 5.90183 5.88718 5.87279 5.85869 5.84496 5.83164 5.81878 5.80641 5.79457 5.7833 5.77262 5.76257 5.75316 5.74442 5.73635 5.72897 5.72229 5.71632 5.71106 5.70653 5.70271 5.69963 5.69727 5.69563 5.69473 
5.68969 5.69026 5.6916 5.6937 5.69655 5.70016 5.70453 5.70965 5.71552 5.72213 5.72949 5.73757 5.74637 5.75586 5.76604 5.77689 5.78836 5.80045 5.8131 5.82629 5.83997 5.8541 5.86863 5.8835 5.89866 5.91404 5.92958 5.94521 5.96087 5.97649 5.99198 6.00729 6.02234 6.03705 6.05136 6.06518 6.07847 6.09114 6.10313 6.11439 6.12486 6.13448 6.14321 6.151 6.15781 6.1636 6.16835 6.17204 6.17464 6.17614 6.17653 6.17581 6.17399 6.17107 6.16708 6.16202 6.15593 6.14884 6.14078 6.1318 6.12194 6.11126 6.09981 6.08765 6.07484 6.06145 6.04755 6.0332 6.01847 6.00345 5.9882 5.9728 5.95732 5.94183 5.9264 5.91109 5.89598 5.88112 5.86658 5.8524 5.83865 5.82536 5.81258 5.80034 5.78869 5.77766 5.76726 5.75753 5.74848 5.74013 5.73249 5.72558 5.71939 5.71395 5.70925 5.7053 5.7021 5.69965 5.69796 5.69703 
5.6919 5.69249 5.69387 5.69604 5.69898 5.70271 5.70722 5.71251 5.71857 5.7254 5.73299 5.74133 5.7504 5.7602 5.7707 5.78189 5.79372 5.80618 5.81922 5.83281 5.84691 5.86146 5.87642 5.89172 5.90732 5.92315 5.93913 5.95521 5.97131 5.98736 6.00329 6.01902 6.03447 6.04958 6.06427 6.07847 6.0921 6.1051 6.11741 6.12896 6.1397 6.14957 6.15851 6.1665 6.17348 6.17942 6.18429 6.18807 6.19073 6.19227 6.19267 6.19193 6.19007 6.18708 6.18298 6.17779 6.17155 6.16427 6.15601 6.1468 6.13669 6.12573 6.11398 6.10149 6.08834 6.07459 6.06031 6.04557 6.03044 6.01501 5.99933 5.9835 5.96758 5.95164 5.93576 5.92001 5.90446 5.88916 5.87418 5.85958 5.8454 5.83171 5.81853 5.80592 5.7939 5.78252 5.77179 5.76175 5.7524 5.74378 5.7359 5.72876 5.72237 5.71675 5.71189 5.70781 5.7045 5.70197 5.70022 5.69925 
5.69403 5.69464 5.69606 5.69829 5.70132 5.70516 5.70981 5.71525 5.7215 5.72853 5.73635 5.74493 5.75428 5.76437 5.77518 5.78668 5.79886 5.81167 5.82508 5.83905 5.85354 5.8685 5.88387 5.89959 5.91561 5.93186 5.94827 5.96477 5.98129 5.99775 6.01409 6.03021 6.04606 6.06154 6.07659 6.09114 6.1051 6.11842 6.13102 6.14285 6.15384 6.16394 6.1731 6.18127 6.18841 6.19449 6.19947 6.20334 6.20606 6.20763 6.20804 6.20729 6.20538 6.20232 6.19813 6.19282 6.18643 6.17898 6.17052 6.16109 6.15074 6.13952 6.12748 6.1147 6.10122 6.08713 6.07249 6.05738 6.04187 6.02604 6.00996 5.99371 5.97737 5.96102 5.94472 5.92854 5.91256 5.89685 5.88145 5.86644 5.85187 5.83778 5.82423 5.81126 5.79889 5.78718 5.77613 5.76579 5.75617 5.74729 5.73917 5.73181 5.72523 5.71943 5.71443 5.71022 5.70681 5.7042 5.70239 5.70139 
5.69607 5.69669 5.69815 5.70044 5.70356 5.7075 5.71228 5.71788 5.72429 5.73152 5.73955 5.74837 5.75797 5.76833 5.77943 5.79124 5.80374 5.81689 5.83065 5.84499 5.85985 5.87519 5.89094 5.90706 5.92347 5.94012 5.95693 5.97383 5.99075 6.0076 6.02432 6.04082 6.05703 6.07287 6.08826 6.10313 6.11741 6.13102 6.1439 6.15599 6.16722 6.17753 6.18689 6.19523 6.20253 6.20874 6.21383 6.21777 6.22055 6.22216 6.22258 6.22181 6.21986 6.21673 6.21245 6.20703 6.2005 6.1929 6.18425 6.17462 6.16404 6.15257 6.14027 6.12719 6.11342 6.099 6.08403 6.06857 6.0527 6.0365 6.02004 6.0034 5.98667 5.96991 5.95321 5.93663 5.92026 5.90414 5.88836 5.87296 5.85801 5.84356 5.82965 5.81633 5.80364 5.79161 5.78027 5.76965 5.75976 5.75064 5.74229 5.73472 5.72796 5.722 5.71685 5.71252 5.70901 5.70633 5.70447 5.70343 
5.69799 5.69864 5.70013 5.70248 5.70567 5.70972 5.71462 5.72036 5.72693 5.73434 5.74258 5.75162 5.76146 5.77208 5.78345 5.79555 5.80835 5.82181 5.8359 5.85058 5.86579 5.88148 5.8976 5.91409 5.93088 5.9479 5.96508 5.98235 5.99964 6.01686 6.03393 6.05079 6.06734 6.08351 6.09922 6.11439 6.12896 6.14285 6.15599 6.16831 6.17977 6.19029 6.19982 6.20833 6.21577 6.2221 6.22728 6.2313 6.23414 6.23578 6.2362 6.23542 6.23343 6.23025 6.22588 6.22035 6.2137 6.20594 6.19713 6.18731 6.17651 6.16481 6.15226 6.13892 6.12486 6.11015 6.09487 6.07908 6.06287 6.04632 6.0295 6.0125 5.9954 5.97827 5.9612 5.94425 5.9275 5.91101 5.89486 5.8791 5.8638 5.849 5.83476 5.82112 5.80812 5.79579 5.78417 5.77328 5.76315 5.75379 5.74523 5.73747 5.73053 5.72442 5.71914 5.7147 5.7111 5.70834 5.70643 5.70537 
5.6998 5.70046 5.70198 5.70438 5.70766 5.7118 5.71681 5.72268 5.72941 5.73699 5.74541 5.75466 5.76472 5.77557 5.7872 5.79957 5.81265 5.82641 5.8408 5.85579 5.87133 5.88735 5.90381 5.92064 5.93777 5.95514 5.97267 5.99028 6.00791 6.02547 6.04288 6.06006 6.07692 6.0934 6.1094 6.12486 6.1397 6.15384 6.16722 6.17977 6.19142 6.20213 6.21184 6.2205 6.22806 6.2345 6.23978 6.24387 6.24676 6.24842 6.24886 6.24806 6.24604 6.24279 6.23835 6.23273 6.22596 6.21806 6.20909 6.19909 6.18811 6.17619 6.16341 6.14982 6.1355 6.12051 6.10494 6.08885 6.07233 6.05546 6.03831 6.02098 6.00353 5.98606 5.96864 5.95134 5.93424 5.91741 5.90092 5.88483 5.8692 5.85408 5.83953 5.82559 5.8123 5.79969 5.78781 5.77668 5.76632 5.75675 5.74799 5.74005 5.73295 5.72669 5.72128 5.71674 5.71305 5.71023 5.70827 5.70719 
5.70148 5.70214 5.7037 5.70615 5.70949 5.71372 5.71883 5.72483 5.7317 5.73943 5.74803 5.75747 5.76773 5.77881 5.79066 5.80328 5.81662 5.83065 5.84532 5.8606 5.87644 5.89276 5.90953 5.92667 5.94412 5.96181 5.97965 5.99759 6.01553 6.03339 6.05111 6.06858 6.08574 6.10249 6.11877 6.13448 6.14957 6.16394 6.17753 6.19029 6.20213 6.21301 6.22287 6.23167 6.23935 6.24589 6.25126 6.25541 6.25834 6.26003 6.26047 6.25966 6.25761 6.25432 6.24981 6.24409 6.23721 6.2292 6.22008 6.20992 6.19875 6.18665 6.17365 6.15984 6.14528 6.13004 6.1142 6.09784 6.08103 6.06386 6.04642 6.02877 6.01102 5.99323 5.97549 5.95787 5.94045 5.92331 5.9065 5.89011 5.87417 5.85876 5.84393 5.82971 5.81615 5.8033 5.79118 5.77982 5.76924 5.75947 5.75053 5.74243 5.73518 5.72879 5.72327 5.71863 5.71486 5.71198 5.70998 5.70887 
5.70301 5.70369 5.70528 5.70777 5.71117 5.71548 5.72069 5.72679 5.73379 5.74167 5.75042 5.76003 5.77048 5.78175 5.79382 5.80666 5.82023 5.83451 5.84944 5.86498 5.88108 5.89769 5.91473 5.93216 5.94989 5.96787 5.986 6.00422 6.02244 6.04059 6.05857 6.07632 6.09373 6.11074 6.12726 6.14321 6.15851 6.1731 6.18689 6.19982 6.21184 6.22287 6.23287 6.24179 6.24959 6.25622 6.26165 6.26587 6.26884 6.27055 6.271 6.27018 6.2681 6.26476 6.26018 6.25439 6.24742 6.23929 6.23004 6.21973 6.20841 6.19612 6.18294 6.16893 6.15415 6.13868 6.12261 6.10599 6.08893 6.07149 6.05377 6.03585 6.01781 5.99974 5.98171 5.9638 5.9461 5.92867 5.91158 5.89491 5.8787 5.86302 5.84793 5.83346 5.81967 5.80658 5.79424 5.78268 5.77191 5.76196 5.75286 5.7446 5.73722 5.73071 5.72509 5.72035 5.71651 5.71358 5.71154 5.71041 
5.70439 5.70508 5.70669 5.70923 5.71269 5.71706 5.72236 5.72856 5.73567 5.74367 5.75256 5.76233 5.77294 5.78439 5.79665 5.80969 5.82347 5.83797 5.85312 5.8689 5.88524 5.90209 5.91939 5.93706 5.95505 5.97328 5.99167 6.01014 6.02862 6.04701 6.06524 6.08323 6.10087 6.11811 6.13484 6.151 6.1665 6.18127 6.19523 6.20833 6.2205 6.23167 6.24179 6.25082 6.25871 6.26543 6.27093 6.27519 6.2782 6.27993 6.28039 6.27956 6.27745 6.27407 6.26944 6.26358 6.25652 6.24828 6.23893 6.22849 6.21702 6.20458 6.19123 6.17703 6.16207 6.1464 6.13011 6.11327 6.09598 6.07831 6.06034 6.04218 6.02388 6.00555 5.98727 5.96911 5.95115 5.93346 5.91612 5.8992 5.88275 5.86684 5.85151 5.83682 5.82281 5.80952 5.79699 5.78524 5.7743 5.7642 5.75494 5.74656 5.73905 5.73243 5.72672 5.7219 5.718 5.71502 5.71294 5.71179 
5.70561 5.70631 5.70794 5.71051 5.71402 5.71846 5.72382 5.73012 5.73732 5.74544 5.75445 5.76435 5.77511 5.78672 5.79914 5.81235 5.82632 5.841 5.85636 5.87234 5.88889 5.90595 5.92346 5.94136 5.95957 5.97802 5.99664 6.01533 6.03403 6.05264 6.07108 6.08927 6.10712 6.12455 6.14147 6.15781 6.17348 6.18841 6.20253 6.21577 6.22806 6.23935 6.24959 6.25871 6.26669 6.27347 6.27903 6.28334 6.28638 6.28813 6.28859 6.28775 6.28562 6.28221 6.27753 6.2716 6.26447 6.25615 6.24669 6.23614 6.22455 6.21197 6.19847 6.18412 6.16899 6.15314 6.13666 6.11964 6.10214 6.08427 6.06609 6.04771 6.0292 6.01065 5.99214 5.97375 5.95557 5.93766 5.9201 5.90296 5.8863 5.87018 5.85465 5.83977 5.82557 5.81211 5.7994 5.78749 5.7764 5.76616 5.75678 5.74827 5.74066 5.73395 5.72815 5.72327 5.71932 5.71629 5.71419 5.71302 
5.70666 5.70736 5.70902 5.71162 5.71517 5.71966 5.72509 5.73145 5.73874 5.74695 5.75607 5.76608 5.77697 5.7887 5.80127 5.81463 5.82875 5.84359 5.85912 5.87527 5.892 5.90924 5.92694 5.94503 5.96343 5.98207 6.00087 6.01975 6.03863 6.05743 6.07605 6.09441 6.11244 6.13003 6.14711 6.1636 6.17942 6.19449 6.20874 6.2221 6.2345 6.24589 6.25622 6.26543 6.27347 6.28031 6.28592 6.29027 6.29333 6.2951 6.29556 6.29472 6.29257 6.28913 6.28441 6.27843 6.27123 6.26284 6.25329 6.24265 6.23095 6.21826 6.20464 6.19015 6.17487 6.15888 6.14225 6.12506 6.10739 6.08934 6.07099 6.05242 6.03372 6.01498 5.99629 5.97771 5.95934 5.94124 5.9235 5.90617 5.88933 5.87304 5.85734 5.84229 5.82794 5.81432 5.80147 5.78942 5.77821 5.76784 5.75835 5.74975 5.74205 5.73526 5.72939 5.72445 5.72045 5.71738 5.71525 5.71407 
5.70753 5.70824 5.70991 5.71254 5.71612 5.72065 5.72613 5.73256 5.73992 5.74821 5.75741 5.76751 5.7785 5.79034 5.80302 5.8165 5.83075 5.84573 5.86139 5.87768 5.89456 5.91195 5.9298 5.94804 5.96659 5.98539 6.00434 6.02338 6.04241 6.06136 6.08013 6.09864 6.1168 6.13453 6.15174 6.16835 6.18429 6.19947 6.21383 6.22728 6.23978 6.25126 6.26165 6.27093 6.27903 6.28592 6.29157 6.29595 6.29904 6.30082 6.30128 6.30043 6.29827 6.2948 6.29004 6.28403 6.27677 6.26832 6.25871 6.24798 6.2362 6.22341 6.20969 6.1951 6.1797 6.16359 6.14682 6.1295 6.1117 6.0935 6.07501 6.05629 6.03744 6.01854 5.99969 5.98096 5.96243 5.94418 5.92629 5.90881 5.89182 5.87538 5.85955 5.84436 5.82988 5.81614 5.80317 5.79101 5.77969 5.76923 5.75965 5.75097 5.74319 5.73634 5.73041 5.72543 5.72138 5.71829 5.71614 5.71494 
5.70822 5.70894 5.71062 5.71326 5.71687 5.72144 5.72696 5.73343 5.74084 5.74919 5.75846 5.76864 5.7797 5.79163 5.80439 5.81797 5.83232 5.84739 5.86316 5.87956 5.89655 5.91406 5.93202 5.95038 5.96905 5.98797 6.00704 6.0262 6.04535 6.06441 6.08329 6.10191 6.12018 6.13801 6.15533 6.17204 6.18807 6.20334 6.21777 6.2313 6.24387 6.25541 6.26587 6.27519 6.28334 6.29027 6.29595 6.30035 6.30345 6.30525 6.30571 6.30486 6.30268 6.2992 6.29441 6.28836 6.28107 6.27257 6.2629 6.25212 6.24027 6.22741 6.21361 6.19893 6.18345 6.16723 6.15037 6.13295 6.11504 6.09673 6.07812 6.05929 6.04032 6.02131 6.00234 5.98348 5.96484 5.94647 5.92845 5.91086 5.89376 5.87721 5.86127 5.84598 5.8314 5.81756 5.8045 5.79226 5.78086 5.77032 5.76067 5.75192 5.74409 5.73719 5.73122 5.7262 5.72212 5.719 5.71684 5.71564 
5.70872 5.70944 5.71113 5.71379 5.71742 5.72201 5.72756 5.73406 5.74151 5.7499 5.75922 5.76944 5.78056 5.79255 5.80537 5.81901 5.83343 5.84858 5.86442 5.8809 5.89796 5.91555 5.9336 5.95204 5.97079 5.98979 6.00895 6.02819 6.04742 6.06656 6.08552 6.10422 6.12257 6.14047 6.15786 6.17464 6.19073 6.20606 6.22055 6.23414 6.24676 6.25834 6.26884 6.2782 6.28638 6.29333 6.29904 6.30345 6.30657 6.30837 6.30884 6.30798 6.3058 6.30229 6.2975 6.29142 6.2841 6.27556 6.26586 6.25503 6.24314 6.23023 6.21637 6.20163 6.18608 6.16981 6.15288 6.13538 6.11739 6.09901 6.08032 6.0614 6.04236 6.02326 6.0042 5.98527 5.96654 5.94809 5.92999 5.91232 5.89514 5.87851 5.86249 5.84713 5.83248 5.81857 5.80545 5.79315 5.78169 5.7711 5.7614 5.75261 5.74474 5.7378 5.7318 5.72675 5.72266 5.71952 5.71735 5.71614 
5.70903 5.70976 5.71145 5.71412 5.71775 5.72236 5.72792 5.73444 5.74192 5.75033 5.75967 5.76993 5.78107 5.79309 5.80596 5.81963 5.83409 5.84928 5.86516 5.88168 5.89879 5.91642 5.93452 5.953 5.9718 5.99085 6.01005 6.02934 6.04862 6.06781 6.08681 6.10556 6.12395 6.14189 6.15932 6.17614 6.19227 6.20763 6.22216 6.23578 6.24842 6.26003 6.27055 6.27993 6.28813 6.2951 6.30082 6.30525 6.30837 6.31017 6.31064 6.30978 6.30759 6.30408 6.29927 6.29318 6.28584 6.27729 6.26756 6.25671 6.24479 6.23185 6.21796 6.20319 6.1876 6.17129 6.15432 6.13678 6.11875 6.10032 6.08159 6.06263 6.04353 6.02439 6.00528 5.9863 5.96752 5.94903 5.93088 5.91317 5.89594 5.87927 5.86321 5.84781 5.83311 5.81917 5.80601 5.79368 5.78219 5.77157 5.76184 5.75303 5.74513 5.73818 5.73216 5.7271 5.72299 5.71985 5.71766 5.71645 
