2.32448 2.32475 2.32501 2.32526 2.32551 2.32575 2.32599 2.32621 2.32643 2.32663 2.32683 2.32701 2.32719 2.32736 2.32753 2.3277 2.32787 2.32804 2.32822 2.32841 2.32861 2.32882 2.32905 2.32931 2.32958 2.32988 2.33021 2.33056 2.33093 2.33134 2.33177 2.33222 2.33269 2.33319 2.33369 2.33421 2.33474 2.33526 2.33578 2.3363 2.33679 2.33726 2.33771 2.33812 2.33849 2.33882 2.3391 2.33932 2.33949 2.33961 2.33966 2.33965 2.33959 2.33946 2.33928 2.33904 2.33876 2.33842 2.33805 2.33764 2.33719 2.33672 2.33624 2.33573 2.33522 2.33471 2.3342 2.3337 2.33321 2.33273 2.33228 2.33185 2.33144 2.33107 2.33072 2.3304 2.33011 2.32986 2.32964 2.32945 2.32929 2.32916 2.32907 2.329 2.32897 2.32896 2.32899 2.32904 2.32911 2.32921 2.32934 2.32949 2.32966 2.32985 2.33005 2.33028 2.33051 2.33075 2.33101 2.33127 
2.32475 2.32501 2.32527 2.32552 2.32577 2.32602 2.32625 2.32647 2.32669 2.32689 2.32708 2.32727 2.32745 2.32762 2.32779 2.32796 2.32812 2.3283 2.32847 2.32866 2.32886 2.32908 2.32931 2.32957 2.32985 2.33015 2.33048 2.33084 2.33122 2.33163 2.33207 2.33253 2.33301 2.33351 2.33403 2.33456 2.3351 2.33563 2.33617 2.33669 2.33719 2.33768 2.33813 2.33855 2.33893 2.33927 2.33955 2.33978 2.33996 2.34007 2.34013 2.34012 2.34005 2.33993 2.33974 2.3395 2.3392 2.33886 2.33848 2.33806 2.3376 2.33712 2.33662 2.33611 2.33559 2.33506 2.33454 2.33403 2.33353 2.33305 2.33258 2.33215 2.33173 2.33135 2.331 2.33067 2.33038 2.33013 2.3299 2.32971 2.32955 2.32942 2.32933 2.32926 2.32923 2.32922 2.32924 2.32929 2.32937 2.32947 2.3296 2.32975 2.32992 2.33011 2.33031 2.33054 2.33077 2.33102 2.33127 2.33153 
2.32501 2.32527 2.32553 2.32578 2.32603 2.32628 2.32651 2.32673 2.32695 2.32715 2.32735 2.32754 2.32772 2.32789 2.32807 2.32824 2.32841 2.32859 2.32878 2.32898 2.32919 2.32942 2.32967 2.32994 2.33024 2.33057 2.33092 2.33131 2.33172 2.33216 2.33263 2.33313 2.33365 2.3342 2.33476 2.33533 2.33591 2.33648 2.33706 2.33762 2.33817 2.33869 2.33918 2.33963 2.34004 2.3404 2.34071 2.34096 2.34114 2.34127 2.34132 2.34132 2.34124 2.3411 2.3409 2.34064 2.34032 2.33995 2.33953 2.33908 2.33859 2.33807 2.33753 2.33698 2.33641 2.33585 2.33528 2.33473 2.33419 2.33367 2.33317 2.3327 2.33225 2.33184 2.33146 2.33111 2.3308 2.33052 2.33027 2.33006 2.32989 2.32975 2.32964 2.32957 2.32952 2.32951 2.32953 2.32957 2.32965 2.32974 2.32987 2.33001 2.33018 2.33037 2.33058 2.3308 2.33103 2.33128 2.33153 2.33179 
2.32526 2.32552 2.32578 2.32604 2.32629 2.32653 2.32677 2.327 2.32721 2.32742 2.32762 2.32781 2.328 2.32818 2.32836 2.32854 2.32873 2.32892 2.32913 2.32935 2.32958 2.32984 2.33012 2.33043 2.33077 2.33114 2.33154 2.33197 2.33244 2.33295 2.33348 2.33405 2.33464 2.33525 2.33588 2.33653 2.33718 2.33784 2.33849 2.33912 2.33974 2.34032 2.34088 2.34138 2.34184 2.34225 2.34259 2.34287 2.34308 2.34321 2.34328 2.34326 2.34318 2.34302 2.34279 2.34249 2.34213 2.34171 2.34124 2.34073 2.34017 2.33959 2.33898 2.33835 2.33772 2.33708 2.33644 2.33581 2.3352 2.33461 2.33405 2.33351 2.33301 2.33254 2.3321 2.33171 2.33135 2.33103 2.33075 2.33051 2.33031 2.33014 2.33001 2.32992 2.32986 2.32983 2.32984 2.32987 2.32993 2.33003 2.33014 2.33029 2.33045 2.33064 2.33084 2.33106 2.33129 2.33153 2.33179 2.33204 
2.32551 2.32577 2.32603 2.32629 2.32654 2.32679 2.32702 2.32725 2.32747 2.32769 2.32789 2.32809 2.32829 2.32848 2.32868 2.32887 2.32908 2.3293 2.32953 2.32978 2.33005 2.33035 2.33068 2.33104 2.33144 2.33187 2.33235 2.33286 2.33341 2.334 2.33463 2.33529 2.33599 2.33671 2.33745 2.33821 2.33897 2.33974 2.34049 2.34123 2.34195 2.34263 2.34327 2.34386 2.34439 2.34486 2.34525 2.34557 2.34581 2.34597 2.34604 2.34602 2.34592 2.34573 2.34546 2.34511 2.34469 2.3442 2.34365 2.34305 2.3424 2.34172 2.34101 2.34028 2.33953 2.33878 2.33804 2.33731 2.33659 2.3359 2.33524 2.33461 2.33402 2.33346 2.33295 2.33248 2.33206 2.33168 2.33135 2.33106 2.33081 2.33061 2.33044 2.33032 2.33023 2.33018 2.33017 2.33019 2.33024 2.33032 2.33043 2.33056 2.33072 2.3309 2.3311 2.33132 2.33155 2.33179 2.33204 2.33229 
2.32575 2.32602 2.32628 2.32653 2.32679 2.32703 2.32727 2.32751 2.32773 2.32795 2.32817 2.32838 2.32859 2.3288 2.32901 2.32923 2.32947 2.32972 2.32999 2.33028 2.33061 2.33096 2.33136 2.33179 2.33227 2.33279 2.33336 2.33398 2.33465 2.33536 2.33612 2.33691 2.33775 2.33861 2.3395 2.3404 2.34131 2.34223 2.34313 2.34401 2.34486 2.34566 2.34642 2.34712 2.34775 2.3483 2.34876 2.34914 2.34942 2.3496 2.34968 2.34965 2.34952 2.3493 2.34897 2.34856 2.34806 2.34747 2.34682 2.3461 2.34533 2.34452 2.34367 2.3428 2.34191 2.34102 2.34013 2.33925 2.3384 2.33757 2.33677 2.33602 2.3353 2.33464 2.33402 2.33346 2.33294 2.33248 2.33207 2.33171 2.33141 2.33115 2.33094 2.33077 2.33065 2.33057 2.33053 2.33053 2.33056 2.33062 2.33072 2.33084 2.33099 2.33116 2.33136 2.33157 2.33179 2.33203 2.33228 2.33254 
2.32599 2.32625 2.32651 2.32677 2.32702 2.32727 2.32752 2.32776 2.32799 2.32822 2.32845 2.32867 2.3289 2.32913 2.32937 2.32962 2.3299 2.33019 2.33051 2.33087 2.33126 2.33169 2.33217 2.3327 2.33328 2.33392 2.33462 2.33538 2.33619 2.33706 2.33798 2.33895 2.33996 2.34101 2.34208 2.34318 2.34428 2.34538 2.34646 2.34752 2.34854 2.34951 2.35041 2.35125 2.352 2.35265 2.35321 2.35365 2.35398 2.35419 2.35428 2.35425 2.35409 2.35381 2.35342 2.35292 2.35231 2.35161 2.35083 2.34996 2.34903 2.34805 2.34703 2.34598 2.34491 2.34383 2.34276 2.3417 2.34066 2.33966 2.33869 2.33777 2.33691 2.33609 2.33534 2.33465 2.33402 2.33345 2.33294 2.3325 2.33211 2.33178 2.33151 2.33129 2.33112 2.331 2.33092 2.33089 2.3309 2.33094 2.33102 2.33113 2.33126 2.33143 2.33161 2.33182 2.33204 2.33227 2.33252 2.33277 
2.32621 2.32647 2.32673 2.327 2.32725 2.32751 2.32776 2.328 2.32825 2.32849 2.32873 2.32897 2.32922 2.32949 2.32976 2.33006 2.33038 2.33073 2.33111 2.33154 2.33202 2.33255 2.33314 2.33379 2.33451 2.3353 2.33615 2.33708 2.33808 2.33914 2.34027 2.34145 2.34269 2.34397 2.34527 2.3466 2.34793 2.34926 2.35057 2.35185 2.35308 2.35424 2.35533 2.35633 2.35723 2.35802 2.35868 2.35921 2.3596 2.35985 2.35995 2.3599 2.35971 2.35937 2.3589 2.35829 2.35756 2.35671 2.35576 2.35472 2.35359 2.35241 2.35117 2.34989 2.3486 2.34729 2.34599 2.3447 2.34344 2.34222 2.34104 2.33992 2.33886 2.33787 2.33694 2.33609 2.33531 2.33461 2.33398 2.33342 2.33293 2.33252 2.33217 2.33188 2.33165 2.33147 2.33135 2.33128 2.33125 2.33127 2.33133 2.33142 2.33154 2.33169 2.33186 2.33206 2.33227 2.3325 2.33275 2.333 
2.32643 2.32669 2.32695 2.32721 2.32747 2.32773 2.32799 2.32825 2.3285 2.32876 2.32902 2.32929 2.32957 2.32987 2.33019 2.33053 2.33091 2.33133 2.3318 2.33233 2.33291 2.33356 2.33429 2.33509 2.33598 2.33694 2.338 2.33914 2.34036 2.34167 2.34305 2.34449 2.346 2.34755 2.34914 2.35075 2.35237 2.35398 2.35556 2.3571 2.35858 2.35998 2.36129 2.36249 2.36357 2.36451 2.3653 2.36593 2.36639 2.36668 2.3668 2.36674 2.3665 2.36609 2.36551 2.36478 2.36389 2.36287 2.36172 2.36046 2.35911 2.35767 2.35618 2.35463 2.35306 2.35148 2.3499 2.34833 2.3468 2.34531 2.34388 2.34251 2.34122 2.34 2.33886 2.33782 2.33686 2.33599 2.3352 2.33451 2.3339 2.33337 2.33292 2.33255 2.33224 2.332 2.33183 2.33171 2.33164 2.33162 2.33165 2.33171 2.33181 2.33195 2.33211 2.3323 2.3325 2.33273 2.33297 2.33321 
2.32663 2.32689 2.32715 2.32742 2.32769 2.32795 2.32822 2.32849 2.32876 2.32904 2.32932 2.32962 2.32994 2.33028 2.33066 2.33107 2.33152 2.33203 2.3326 2.33324 2.33396 2.33476 2.33565 2.33664 2.33772 2.33891 2.34021 2.34161 2.3431 2.3447 2.34638 2.34814 2.34997 2.35185 2.35378 2.35572 2.35768 2.35962 2.36152 2.36337 2.36515 2.36683 2.3684 2.36983 2.37111 2.37223 2.37317 2.37392 2.37447 2.37481 2.37495 2.37487 2.37458 2.37408 2.37339 2.3725 2.37143 2.3702 2.36882 2.3673 2.36567 2.36395 2.36214 2.36028 2.35839 2.35648 2.35456 2.35267 2.35082 2.34901 2.34727 2.3456 2.34403 2.34254 2.34115 2.33987 2.33869 2.33762 2.33665 2.33579 2.33503 2.33436 2.33379 2.33331 2.33292 2.3326 2.33235 2.33217 2.33205 2.33199 2.33198 2.33202 2.3321 2.33221 2.33236 2.33253 2.33273 2.33294 2.33318 2.33342 
2.32683 2.32708 2.32735 2.32762 2.32789 2.32817 2.32845 2.32873 2.32902 2.32932 2.32964 2.32998 2.33034 2.33074 2.33118 2.33167 2.33222 2.33284 2.33353 2.33431 2.33519 2.33617 2.33726 2.33847 2.3398 2.34125 2.34283 2.34453 2.34636 2.34829 2.35033 2.35246 2.35468 2.35695 2.35927 2.36161 2.36396 2.36628 2.36856 2.37077 2.37289 2.3749 2.37677 2.37847 2.38 2.38132 2.38243 2.38332 2.38397 2.38437 2.38452 2.38442 2.38407 2.38347 2.38263 2.38157 2.3803 2.37883 2.37717 2.37536 2.37341 2.37134 2.36918 2.36695 2.36467 2.36237 2.36008 2.3578 2.35556 2.35338 2.35128 2.34926 2.34734 2.34554 2.34385 2.34228 2.34084 2.33953 2.33834 2.33728 2.33634 2.33551 2.3348 2.33419 2.33368 2.33327 2.33294 2.33268 2.33251 2.33239 2.33234 2.33234 2.33239 2.33248 2.3326 2.33276 2.33295 2.33315 2.33338 2.33362 
2.32701 2.32727 2.32754 2.32781 2.32809 2.32838 2.32867 2.32897 2.32929 2.32962 2.32998 2.33036 2.33078 2.33125 2.33177 2.33236 2.33302 2.33376 2.33461 2.33556 2.33662 2.33782 2.33915 2.34062 2.34224 2.34401 2.34592 2.34799 2.35019 2.35253 2.35499 2.35755 2.36021 2.36294 2.36571 2.36851 2.37131 2.37408 2.37679 2.37942 2.38194 2.38431 2.38652 2.38853 2.39033 2.3919 2.3932 2.39424 2.395 2.39547 2.39564 2.39551 2.39509 2.39438 2.39338 2.39212 2.39061 2.38886 2.38689 2.38474 2.38242 2.37996 2.37739 2.37473 2.37201 2.36927 2.36652 2.36379 2.36111 2.3585 2.35597 2.35355 2.35124 2.34906 2.34702 2.34512 2.34337 2.34177 2.34032 2.33902 2.33787 2.33685 2.33596 2.3352 2.33456 2.33403 2.3336 2.33326 2.333 2.33283 2.33272 2.33268 2.33269 2.33275 2.33285 2.33299 2.33316 2.33336 2.33357 2.33381 
2.32719 2.32745 2.32772 2.328 2.32829 2.32859 2.3289 2.32922 2.32957 2.32994 2.33034 2.33078 2.33127 2.33182 2.33244 2.33314 2.33393 2.33483 2.33585 2.33701 2.3383 2.33975 2.34136 2.34315 2.3451 2.34724 2.34955 2.35203 2.35468 2.35748 2.36042 2.36349 2.36666 2.3699 2.3732 2.37652 2.37984 2.38311 2.38632 2.38942 2.39238 2.39517 2.39777 2.40013 2.40224 2.40407 2.4056 2.40681 2.40769 2.40823 2.40842 2.40827 2.40776 2.40692 2.40575 2.40426 2.40247 2.40041 2.39809 2.39555 2.39281 2.38991 2.38687 2.38372 2.38051 2.37725 2.37399 2.37075 2.36756 2.36445 2.36143 2.35853 2.35577 2.35315 2.3507 2.34842 2.34631 2.34438 2.34263 2.34105 2.33964 2.33839 2.3373 2.33636 2.33556 2.33489 2.33434 2.3339 2.33356 2.33331 2.33314 2.33304 2.33301 2.33303 2.33311 2.33322 2.33337 2.33356 2.33376 2.33399 
2.32736 2.32762 2.32789 2.32818 2.32848 2.3288 2.32913 2.32949 2.32987 2.33028 2.33074 2.33125 2.33182 2.33247 2.3332 2.33404 2.33499 2.33607 2.3373 2.33869 2.34025 2.342 2.34394 2.34609 2.34844 2.35099 2.35376 2.35673 2.35988 2.36322 2.36671 2.37035 2.3741 2.37794 2.38183 2.38574 2.38964 2.39349 2.39725 2.40088 2.40434 2.4076 2.41062 2.41338 2.41583 2.41795 2.41973 2.42113 2.42215 2.42277 2.42298 2.42279 2.4222 2.42121 2.41983 2.41809 2.416 2.41359 2.41088 2.4079 2.4047 2.40129 2.39772 2.39403 2.39025 2.38642 2.38258 2.37875 2.37498 2.3713 2.36772 2.36428 2.361 2.35789 2.35497 2.35224 2.34972 2.3474 2.34529 2.34339 2.34169 2.34017 2.33885 2.3377 2.33671 2.33588 2.33518 2.33462 2.33418 2.33384 2.33359 2.33344 2.33335 2.33333 2.33337 2.33346 2.33359 2.33375 2.33395 2.33417 
2.32753 2.32779 2.32807 2.32836 2.32868 2.32901 2.32937 2.32976 2.33019 2.33066 2.33118 2.33177 2.33244 2.3332 2.33407 2.33507 2.33621 2.33751 2.33898 2.34065 2.34252 2.34461 2.34693 2.34949 2.35229 2.35534 2.35862 2.36214 2.36588 2.36982 2.37394 2.37822 2.38263 2.38713 2.39169 2.39626 2.40081 2.4053 2.40967 2.41388 2.4179 2.42168 2.42518 2.42836 2.43119 2.43364 2.43568 2.4373 2.43846 2.43917 2.43941 2.43918 2.43848 2.43733 2.43573 2.43371 2.43129 2.42849 2.42534 2.42189 2.41816 2.4142 2.41004 2.40574 2.40133 2.39685 2.39236 2.38788 2.38346 2.37913 2.37493 2.37088 2.367 2.36333 2.35987 2.35663 2.35363 2.35088 2.34836 2.34608 2.34404 2.34222 2.34062 2.33923 2.33802 2.337 2.33614 2.33544 2.33487 2.33443 2.3341 2.33386 2.33372 2.33365 2.33365 2.3337 2.33381 2.33395 2.33413 2.33434 
2.3277 2.32796 2.32824 2.32854 2.32887 2.32923 2.32962 2.33006 2.33053 2.33107 2.33167 2.33236 2.33314 2.33404 2.33507 2.33626 2.33761 2.33916 2.34091 2.3429 2.34513 2.34761 2.35037 2.35341 2.35672 2.36032 2.3642 2.36834 2.37273 2.37735 2.38218 2.38718 2.39232 2.39756 2.40286 2.40816 2.41343 2.41862 2.42366 2.42852 2.43315 2.43749 2.44151 2.44516 2.4484 2.45121 2.45354 2.45538 2.4567 2.4575 2.45777 2.4575 2.45669 2.45536 2.45352 2.4512 2.44841 2.44518 2.44156 2.43758 2.43328 2.4287 2.42391 2.41893 2.41382 2.40863 2.40342 2.39821 2.39307 2.38802 2.38311 2.37837 2.37383 2.36952 2.36545 2.36165 2.35811 2.35485 2.35187 2.34917 2.34673 2.34457 2.34265 2.34097 2.33952 2.33828 2.33723 2.33636 2.33565 2.33509 2.33465 2.33434 2.33412 2.33399 2.33394 2.33396 2.33403 2.33415 2.33432 2.33452 
2.32787 2.32812 2.32841 2.32873 2.32908 2.32947 2.3299 2.33038 2.33091 2.33152 2.33222 2.33302 2.33393 2.33499 2.33621 2.33761 2.33922 2.34105 2.34313 2.34548 2.34811 2.35105 2.3543 2.35788 2.36178 2.366 2.37054 2.37538 2.3805 2.38588 2.39149 2.39729 2.40324 2.40929 2.4154 2.42151 2.42757 2.43351 2.4393 2.44486 2.45014 2.4551 2.45967 2.46383 2.46751 2.4707 2.47334 2.47542 2.47692 2.47782 2.47811 2.47779 2.47687 2.47535 2.47325 2.47059 2.4674 2.46372 2.45958 2.45503 2.45011 2.44488 2.43937 2.43366 2.42779 2.42182 2.41581 2.40981 2.40386 2.39802 2.39233 2.38683 2.38155 2.37653 2.37178 2.36733 2.36319 2.35936 2.35586 2.35267 2.3498 2.34723 2.34496 2.34296 2.34122 2.33973 2.33846 2.3374 2.33653 2.33583 2.33528 2.33486 2.33456 2.33436 2.33426 2.33423 2.33427 2.33436 2.33451 2.33469 
2.32804 2.3283 2.32859 2.32892 2.3293 2.32972 2.33019 2.33073 2.33133 2.33203 2.33284 2.33376 2.33483 2.33607 2.33751 2.33916 2.34105 2.34321 2.34566 2.34842 2.35152 2.35497 2.35877 2.36295 2.3675 2.37242 2.37769 2.38331 2.38924 2.39546 2.40193 2.4086 2.41544 2.42238 2.42937 2.43635 2.44326 2.45003 2.45661 2.46292 2.46891 2.47452 2.4797 2.48439 2.48854 2.49213 2.49511 2.49745 2.49913 2.50013 2.50045 2.50008 2.49903 2.4973 2.49492 2.49192 2.48831 2.48414 2.47945 2.47428 2.4687 2.46275 2.45649 2.44998 2.44329 2.43647 2.4296 2.42272 2.4159 2.40919 2.40264 2.3963 2.3902 2.38439 2.37889 2.37373 2.36891 2.36446 2.36037 2.35664 2.35327 2.35025 2.34757 2.34521 2.34315 2.34138 2.33986 2.33858 2.33752 2.33666 2.33597 2.33544 2.33504 2.33477 2.3346 2.33452 2.33452 2.33458 2.3347 2.33487 
2.32822 2.32847 2.32878 2.32913 2.32953 2.32999 2.33051 2.33111 2.3318 2.3326 2.33353 2.33461 2.33585 2.3373 2.33898 2.34091 2.34313 2.34566 2.34852 2.35176 2.35537 2.35939 2.36382 2.36867 2.37394 2.37962 2.38571 2.39218 2.399 2.40613 2.41354 2.42116 2.42896 2.43686 2.4448 2.45272 2.46054 2.46819 2.47561 2.48273 2.48947 2.49577 2.50158 2.50683 2.51149 2.5155 2.51882 2.52143 2.5233 2.52441 2.52476 2.52434 2.52315 2.52121 2.51854 2.51516 2.51111 2.50642 2.50115 2.49534 2.48904 2.48233 2.47526 2.46791 2.46033 2.45261 2.4448 2.43698 2.42921 2.42156 2.41408 2.40682 2.39983 2.39316 2.38683 2.38088 2.37532 2.37016 2.36542 2.36109 2.35717 2.35365 2.35052 2.34775 2.34533 2.34323 2.34143 2.33991 2.33863 2.33759 2.33675 2.33609 2.33558 2.33522 2.33497 2.33483 2.33478 2.33481 2.33491 2.33506 
2.32841 2.32866 2.32898 2.32935 2.32978 2.33028 2.33087 2.33154 2.33233 2.33324 2.33431 2.33556 2.33701 2.33869 2.34065 2.3429 2.34548 2.34842 2.35176 2.35551 2.3597 2.36434 2.36946 2.37505 2.38112 2.38765 2.39462 2.40202 2.4098 2.41793 2.42634 2.43499 2.44382 2.45275 2.4617 2.47062 2.47941 2.48799 2.4963 2.50426 2.51178 2.51881 2.52528 2.53113 2.5363 2.54075 2.54443 2.54732 2.54939 2.55062 2.55099 2.55051 2.54919 2.54703 2.54405 2.54028 2.53577 2.53054 2.52465 2.51816 2.51113 2.50362 2.4957 2.48744 2.47893 2.47023 2.46144 2.45261 2.44383 2.43516 2.42667 2.41842 2.41047 2.40286 2.39563 2.38881 2.38244 2.37651 2.37106 2.36606 2.36153 2.35745 2.35381 2.35059 2.34776 2.3453 2.34319 2.34139 2.33988 2.33863 2.33761 2.3368 2.33618 2.33571 2.33538 2.33517 2.33507 2.33506 2.33513 2.33526 
2.32861 2.32886 2.32919 2.32958 2.33005 2.33061 2.33126 2.33202 2.33291 2.33396 2.33519 2.33662 2.3383 2.34025 2.34252 2.34513 2.34811 2.35152 2.35537 2.3597 2.36452 2.36986 2.37573 2.38214 2.38907 2.39651 2.40445 2.41285 2.42167 2.43086 2.44036 2.4501 2.46002 2.47003 2.48006 2.49003 2.49983 2.5094 2.51864 2.52747 2.53581 2.54359 2.55074 2.5572 2.5629 2.5678 2.57186 2.57503 2.5773 2.57864 2.57905 2.57851 2.57704 2.57465 2.57136 2.5672 2.5622 2.55642 2.5499 2.54271 2.5349 2.52656 2.51775 2.50855 2.49905 2.48934 2.4795 2.4696 2.45974 2.44999 2.44043 2.43112 2.42213 2.41351 2.4053 2.39755 2.39029 2.38353 2.37729 2.37157 2.36637 2.36168 2.35748 2.35375 2.35047 2.34762 2.34515 2.34305 2.34127 2.33979 2.33858 2.3376 2.33684 2.33625 2.33583 2.33555 2.33539 2.33533 2.33536 2.33547 
2.32882 2.32908 2.32942 2.32984 2.33035 2.33096 2.33169 2.33255 2.33356 2.33476 2.33617 2.33782 2.33975 2.342 2.34461 2.34761 2.35105 2.35497 2.35939 2.36434 2.36986 2.37596 2.38265 2.38994 2.3978 2.40623 2.41521 2.42468 2.4346 2.44492 2.45557 2.46647 2.47754 2.48869 2.49985 2.5109 2.52176 2.53234 2.54254 2.55227 2.56145 2.57 2.57785 2.58493 2.59117 2.59653 2.60096 2.60443 2.6069 2.60836 2.6088 2.6082 2.60659 2.60396 2.60036 2.59579 2.59031 2.58396 2.57679 2.56888 2.56028 2.55108 2.54135 2.53118 2.52066 2.50988 2.49894 2.48793 2.47693 2.46604 2.45534 2.44491 2.43481 2.42511 2.41586 2.40711 2.39889 2.39123 2.38414 2.37763 2.3717 2.36633 2.36153 2.35725 2.35348 2.35018 2.34733 2.34488 2.34281 2.34108 2.33965 2.33849 2.33757 2.33685 2.33633 2.33596 2.33573 2.33562 2.33561 2.3357 
2.32905 2.32931 2.32967 2.33012 2.33068 2.33136 2.33217 2.33314 2.33429 2.33565 2.33726 2.33915 2.34136 2.34394 2.34693 2.35037 2.3543 2.35877 2.36382 2.36946 2.37573 2.38265 2.39023 2.39845 2.40732 2.41681 2.42688 2.43749 2.44859 2.4601 2.47195 2.48406 2.49633 2.50867 2.52099 2.53317 2.54512 2.55673 2.56791 2.57856 2.58859 2.59792 2.60647 2.61417 2.62096 2.62678 2.63159 2.63535 2.63802 2.6396 2.64007 2.63942 2.63766 2.6348 2.63087 2.6259 2.61994 2.61301 2.6052 2.59655 2.58715 2.57707 2.5664 2.55524 2.54367 2.5318 2.51972 2.50754 2.49537 2.48328 2.47139 2.45977 2.4485 2.43766 2.4273 2.41748 2.40824 2.39961 2.39161 2.38425 2.37753 2.37144 2.36597 2.36109 2.35678 2.35301 2.34973 2.34691 2.34451 2.3425 2.34083 2.33946 2.33837 2.33751 2.33687 2.33641 2.3361 2.33593 2.33589 2.33595 
2.32931 2.32957 2.32994 2.33043 2.33104 2.33179 2.3327 2.33379 2.33509 2.33664 2.33847 2.34062 2.34315 2.34609 2.34949 2.35341 2.35788 2.36295 2.36867 2.37505 2.38214 2.38994 2.39845 2.40769 2.41762 2.42823 2.43946 2.45127 2.46359 2.47634 2.48945 2.50281 2.51632 2.52989 2.54339 2.55673 2.56978 2.58244 2.59462 2.60619 2.61708 2.62719 2.63644 2.64476 2.65209 2.65837 2.66355 2.66759 2.67047 2.67216 2.67266 2.67195 2.67005 2.66697 2.66272 2.65736 2.6509 2.64341 2.63495 2.62557 2.61537 2.60441 2.59279 2.58061 2.56798 2.55498 2.54175 2.52837 2.51497 2.50166 2.48852 2.47566 2.46317 2.45112 2.4396 2.42865 2.41833 2.40867 2.39969 2.39142 2.38386 2.37699 2.37081 2.36529 2.36039 2.3561 2.35236 2.34913 2.34638 2.34406 2.34212 2.34053 2.33925 2.33824 2.33746 2.3369 2.33651 2.33628 2.33619 2.33622 
2.32958 2.32985 2.33024 2.33077 2.33144 2.33227 2.33328 2.33451 2.33598 2.33772 2.3398 2.34224 2.3451 2.34844 2.35229 2.35672 2.36178 2.3675 2.37394 2.38112 2.38907 2.3978 2.40732 2.41762 2.42868 2.44045 2.4529 2.46596 2.47956 2.4936 2.508 2.52264 2.53743 2.55224 2.56695 2.58145 2.59562 2.60934 2.6225 2.63499 2.64673 2.65761 2.66755 2.67648 2.68434 2.69106 2.6966 2.70093 2.704 2.70581 2.70633 2.70557 2.70354 2.70023 2.69569 2.68993 2.683 2.67496 2.66586 2.65576 2.64475 2.63292 2.62036 2.60717 2.59345 2.57933 2.56491 2.55032 2.53567 2.52108 2.50667 2.49253 2.47877 2.46547 2.45273 2.44059 2.42913 2.41839 2.40839 2.39915 2.39069 2.38299 2.37605 2.36983 2.36431 2.35945 2.35521 2.35155 2.34841 2.34576 2.34354 2.3417 2.34022 2.33903 2.33811 2.33743 2.33695 2.33665 2.33651 2.33651 
2.32988 2.33015 2.33057 2.33114 2.33187 2.33279 2.33392 2.3353 2.33694 2.33891 2.34125 2.34401 2.34724 2.35099 2.35534 2.36032 2.366 2.37242 2.37962 2.38765 2.39651 2.40623 2.41681 2.42823 2.44045 2.45345 2.46716 2.48151 2.49642 2.51178 2.5275 2.54346 2.55953 2.57559 2.59152 2.60719 2.62246 2.63723 2.65137 2.66477 2.67733 2.68896 2.69958 2.7091 2.71747 2.72462 2.73051 2.7351 2.73837 2.74028 2.74084 2.74003 2.73786 2.73435 2.72951 2.72338 2.716 2.70742 2.6977 2.6869 2.67512 2.66242 2.64893 2.63473 2.61994 2.60469 2.58908 2.57327 2.55735 2.54147 2.52575 2.5103 2.49523 2.48065 2.46664 2.45327 2.44063 2.42874 2.41767 2.40742 2.398 2.38943 2.38167 2.37472 2.36853 2.36308 2.3583 2.35417 2.35062 2.3476 2.34507 2.34298 2.34126 2.33989 2.33882 2.33801 2.33743 2.33706 2.33686 2.33683 
2.33021 2.33048 2.33092 2.33154 2.33235 2.33336 2.33462 2.33615 2.338 2.34021 2.34283 2.34592 2.34955 2.35376 2.35862 2.3642 2.37054 2.37769 2.38571 2.39462 2.40445 2.41521 2.42688 2.43946 2.4529 2.46716 2.48217 2.49784 2.51409 2.5308 2.54785 2.56513 2.58249 2.59981 2.61695 2.63377 2.65014 2.66593 2.68102 2.6953 2.70866 2.72102 2.73228 2.74236 2.75122 2.75878 2.765 2.76985 2.77329 2.77531 2.7759 2.77504 2.77275 2.76905 2.76394 2.75746 2.74965 2.74055 2.73024 2.71877 2.70623 2.69271 2.6783 2.66311 2.64727 2.6309 2.61412 2.59707 2.57989 2.56271 2.54567 2.52888 2.51248 2.49658 2.48126 2.46663 2.45276 2.4397 2.4275 2.41619 2.40578 2.39628 2.38768 2.37994 2.37305 2.36696 2.36162 2.35698 2.35299 2.34959 2.34673 2.34435 2.3424 2.34082 2.33958 2.33864 2.33795 2.3375 2.33724 2.33718 
2.33056 2.33084 2.33131 2.33197 2.33286 2.33398 2.33538 2.33708 2.33914 2.34161 2.34453 2.34799 2.35203 2.35673 2.36214 2.36834 2.37538 2.38331 2.39218 2.40202 2.41285 2.42468 2.43749 2.45127 2.46596 2.48151 2.49784 2.51486 2.53246 2.55053 2.56892 2.58752 2.60617 2.62473 2.64305 2.661 2.67843 2.69522 2.71123 2.72635 2.74048 2.75352 2.76539 2.77601 2.78532 2.79326 2.79979 2.80487 2.80848 2.8106 2.81122 2.81033 2.80793 2.80404 2.79868 2.79188 2.78366 2.7741 2.76322 2.75112 2.73786 2.72354 2.70826 2.69212 2.67525 2.65778 2.63984 2.62158 2.60314 2.58466 2.56629 2.54817 2.53042 2.51317 2.49653 2.4806 2.46547 2.45119 2.43784 2.42543 2.41399 2.40353 2.39403 2.38548 2.37785 2.37109 2.36515 2.35998 2.35552 2.35172 2.3485 2.34582 2.34361 2.34182 2.34041 2.33932 2.33852 2.33797 2.33766 2.33755 
2.33093 2.33122 2.33172 2.33244 2.33341 2.33465 2.33619 2.33808 2.34036 2.3431 2.34636 2.35019 2.35468 2.35988 2.36588 2.37273 2.3805 2.38924 2.399 2.4098 2.42167 2.4346 2.44859 2.46359 2.47956 2.49642 2.51409 2.53246 2.55142 2.57084 2.59057 2.61047 2.63038 2.65016 2.66964 2.68868 2.70714 2.72488 2.74176 2.75768 2.77253 2.78622 2.79865 2.80976 2.81949 2.82778 2.83459 2.83989 2.84366 2.84587 2.84651 2.84559 2.84309 2.83904 2.83346 2.82636 2.81778 2.80778 2.79639 2.7837 2.76977 2.75469 2.73858 2.72153 2.70367 2.68514 2.66608 2.64663 2.62695 2.60719 2.5875 2.56803 2.54893 2.53033 2.51235 2.49511 2.47869 2.46318 2.44863 2.43509 2.42259 2.41113 2.40071 2.39132 2.38291 2.37545 2.36889 2.36316 2.35821 2.35398 2.35039 2.34738 2.3449 2.34289 2.34128 2.34004 2.33912 2.33848 2.3381 2.33795 
2.33134 2.33163 2.33216 2.33295 2.334 2.33536 2.33706 2.33914 2.34167 2.3447 2.34829 2.35253 2.35748 2.36322 2.36982 2.37735 2.38588 2.39546 2.40613 2.41793 2.43086 2.44492 2.4601 2.47634 2.4936 2.51178 2.5308 2.55053 2.57084 2.5916 2.61264 2.63382 2.65497 2.67592 2.69652 2.71661 2.73604 2.75467 2.77238 2.78905 2.80456 2.81884 2.83179 2.84334 2.85345 2.86205 2.86912 2.87462 2.87852 2.88081 2.88148 2.88053 2.87796 2.87377 2.86799 2.86063 2.85173 2.84133 2.82948 2.81624 2.80169 2.78592 2.76902 2.75112 2.73232 2.71278 2.69263 2.67203 2.65114 2.63012 2.60913 2.58834 2.5679 2.54795 2.52863 2.51006 2.49234 2.47557 2.45981 2.44512 2.43153 2.41905 2.40769 2.39742 2.38821 2.38003 2.37281 2.3665 2.36104 2.35636 2.35238 2.34904 2.34627 2.34402 2.34221 2.34081 2.33976 2.33902 2.33857 2.33837 
2.33177 2.33207 2.33263 2.33348 2.33463 2.33612 2.33798 2.34027 2.34305 2.34638 2.35033 2.35499 2.36042 2.36671 2.37394 2.38218 2.39149 2.40193 2.41354 2.42634 2.44036 2.45557 2.47195 2.48945 2.508 2.5275 2.54785 2.56892 2.59057 2.61264 2.63497 2.65739 2.67972 2.70181 2.72347 2.74455 2.7649 2.78437 2.80284 2.82019 2.83631 2.85112 2.86453 2.87649 2.88693 2.89581 2.9031 2.90876 2.91279 2.91515 2.91585 2.91488 2.91225 2.90794 2.90199 2.89441 2.88523 2.87448 2.86222 2.8485 2.83339 2.81698 2.79937 2.78066 2.76098 2.74048 2.7193 2.6976 2.67554 2.6533 2.63105 2.60895 2.58719 2.5659 2.54524 2.52535 2.50633 2.4883 2.47132 2.45546 2.44076 2.42725 2.41491 2.40374 2.39372 2.38479 2.3769 2.36999 2.364 2.35885 2.35447 2.35078 2.34771 2.34521 2.34319 2.34162 2.34043 2.33959 2.33906 2.33883 
2.33222 2.33253 2.33313 2.33405 2.33529 2.33691 2.33895 2.34145 2.34449 2.34814 2.35246 2.35755 2.36349 2.37035 2.37822 2.38718 2.39729 2.4086 2.42116 2.43499 2.4501 2.46647 2.48406 2.50281 2.52264 2.54346 2.56513 2.58752 2.61047 2.63382 2.65739 2.681 2.70447 2.72763 2.7503 2.77231 2.79351 2.81375 2.83291 2.85088 2.86754 2.88282 2.89664 2.90894 2.91967 2.92879 2.93626 2.94207 2.9462 2.94863 2.94936 2.94838 2.94569 2.9413 2.93521 2.92744 2.91803 2.90699 2.89437 2.88022 2.86462 2.84763 2.82936 2.80992 2.78944 2.76804 2.74588 2.72314 2.69997 2.67655 2.65308 2.62972 2.60665 2.58406 2.56208 2.54088 2.52057 2.50127 2.48307 2.46604 2.45022 2.43565 2.42234 2.41026 2.3994 2.3897 2.38113 2.37361 2.36707 2.36144 2.35664 2.35259 2.34921 2.34645 2.34422 2.34247 2.34114 2.34019 2.33959 2.3393 
2.33269 2.33301 2.33365 2.33464 2.33599 2.33775 2.33996 2.34269 2.346 2.34997 2.35468 2.36021 2.36666 2.3741 2.38263 2.39232 2.40324 2.41544 2.42896 2.44382 2.46002 2.47754 2.49633 2.51632 2.53743 2.55953 2.58249 2.60617 2.63038 2.65497 2.67972 2.70447 2.72902 2.75319 2.77679 2.79966 2.82163 2.84258 2.86236 2.88087 2.89801 2.9137 2.92787 2.94046 2.95143 2.96074 2.96837 2.9743 2.97852 2.981 2.98176 2.98077 2.97805 2.97359 2.9674 2.95949 2.94988 2.9386 2.92568 2.91117 2.89513 2.87765 2.8588 2.8387 2.81747 2.79524 2.77219 2.74846 2.72423 2.6997 2.67505 2.65047 2.62616 2.60228 2.57902 2.55652 2.53494 2.51439 2.49497 2.47677 2.45984 2.44422 2.42991 2.41692 2.40521 2.39475 2.38547 2.37732 2.37023 2.36411 2.35888 2.35446 2.35077 2.34773 2.34528 2.34335 2.34188 2.34082 2.34014 2.3398 
2.33319 2.33351 2.3342 2.33525 2.33671 2.33861 2.34101 2.34397 2.34755 2.35185 2.35695 2.36294 2.3699 2.37794 2.38713 2.39756 2.40929 2.42238 2.43686 2.45275 2.47003 2.48869 2.50867 2.52989 2.55224 2.57559 2.59981 2.62473 2.65016 2.67592 2.70181 2.72763 2.75319 2.77829 2.80275 2.8264 2.84908 2.87065 2.89098 2.90997 2.92751 2.94355 2.958 2.97083 2.98199 2.99146 2.99921 3.00523 3.00951 3.01205 3.01282 3.01184 3.0091 3.0046 2.99833 2.99032 2.98057 2.9691 2.95594 2.94113 2.92473 2.90681 2.88746 2.86677 2.84487 2.8219 2.79801 2.77337 2.74816 2.72257 2.69681 2.67107 2.64554 2.62043 2.59592 2.57217 2.54934 2.52756 2.50695 2.48759 2.46955 2.45287 2.43758 2.42367 2.41111 2.39987 2.38989 2.38111 2.37346 2.36684 2.36117 2.35638 2.35236 2.34906 2.34638 2.34426 2.34264 2.34147 2.3407 2.34032 
2.33369 2.33403 2.33476 2.33588 2.33745 2.3395 2.34208 2.34527 2.34914 2.35378 2.35927 2.36571 2.3732 2.38183 2.39169 2.40286 2.4154 2.42937 2.4448 2.4617 2.48006 2.49985 2.52099 2.54339 2.56695 2.59152 2.61695 2.64305 2.66964 2.69652 2.72347 2.7503 2.77679 2.80275 2.82799 2.85235 2.87565 2.89777 2.91858 2.93796 2.95585 2.97216 2.98684 2.99985 3.01116 3.02074 3.02859 3.03468 3.03901 3.04158 3.04238 3.04141 3.03866 3.03414 3.02783 3.01975 3.0099 2.99829 2.98495 2.96991 2.95322 2.93493 2.91514 2.89395 2.87146 2.84781 2.82316 2.79769 2.77157 2.745 2.71819 2.69134 2.66467 2.63838 2.61266 2.58769 2.56365 2.54067 2.51889 2.49839 2.47926 2.46155 2.44528 2.43046 2.41706 2.40504 2.39436 2.38495 2.37672 2.3696 2.3635 2.35833 2.35399 2.3504 2.3475 2.34519 2.34342 2.34213 2.34129 2.34085 
2.33421 2.33456 2.33533 2.33653 2.33821 2.3404 2.34318 2.3466 2.35075 2.35572 2.36161 2.36851 2.37652 2.38574 2.39626 2.40816 2.42151 2.43635 2.45272 2.47062 2.49003 2.5109 2.53317 2.55673 2.58145 2.60719 2.63377 2.661 2.68868 2.71661 2.74455 2.77231 2.79966 2.8264 2.85235 2.87733 2.90118 2.92377 2.94497 2.96469 2.98285 2.99938 3.01423 3.02738 3.03879 3.04845 3.05635 3.06248 3.06685 3.06944 3.07027 3.06931 3.06658 3.06205 3.05574 3.04762 3.03771 3.02602 3.01255 2.99733 2.98041 2.96183 2.94168 2.92005 2.89705 2.87281 2.84748 2.82125 2.79429 2.76681 2.73903 2.71114 2.68339 2.65597 2.6291 2.60297 2.57776 2.55362 2.5307 2.5091 2.48891 2.47018 2.45295 2.43723 2.42299 2.41021 2.39884 2.38879 2.38001 2.37239 2.36585 2.36029 2.35563 2.35177 2.34863 2.34613 2.34421 2.34281 2.34188 2.34139 
2.33474 2.3351 2.33591 2.33718 2.33897 2.34131 2.34428 2.34793 2.35237 2.35768 2.36396 2.37131 2.37984 2.38964 2.40081 2.41343 2.42757 2.44326 2.46054 2.47941 2.49983 2.52176 2.54512 2.56978 2.59562 2.62246 2.65014 2.67843 2.70714 2.73604 2.7649 2.79351 2.82163 2.84908 2.87565 2.90118 2.9255 2.94849 2.97002 2.99001 3.00837 3.02506 3.04004 3.05327 3.06473 3.07444 3.08236 3.08852 3.09291 3.09552 3.09637 3.09544 3.09272 3.08822 3.08191 3.0738 3.06387 3.05213 3.03858 3.02325 3.00616 2.98736 2.96691 2.94492 2.92148 2.89672 2.8708 2.84389 2.81617 2.78786 2.75917 2.73033 2.70156 2.67308 2.64512 2.61788 2.59156 2.56631 2.54229 2.51962 2.4984 2.47869 2.46052 2.44392 2.42887 2.41534 2.40328 2.39262 2.38327 2.37516 2.36819 2.36226 2.35727 2.35313 2.34976 2.34708 2.345 2.34349 2.34248 2.34194 
2.33526 2.33563 2.33648 2.33784 2.33974 2.34223 2.34538 2.34926 2.35398 2.35962 2.36628 2.37408 2.38311 2.39349 2.4053 2.41862 2.43351 2.45003 2.46819 2.48799 2.5094 2.53234 2.55673 2.58244 2.60934 2.63723 2.66593 2.69522 2.72488 2.75467 2.78437 2.81375 2.84258 2.87065 2.89777 2.92377 2.94849 2.9718 2.99359 3.01378 3.0323 3.0491 3.06414 3.07741 3.0889 3.09861 3.10655 3.11271 3.1171 3.11972 3.12059 3.11968 3.117 3.11253 3.10626 3.09818 3.08827 3.07653 3.06295 3.04755 3.03034 3.01138 2.99071 2.96842 2.94462 2.91942 2.89298 2.86546 2.83707 2.808 2.77849 2.74876 2.71904 2.68958 2.6606 2.63231 2.60493 2.57863 2.55356 2.52987 2.50766 2.48699 2.46793 2.45048 2.43464 2.42038 2.40765 2.39638 2.38649 2.3779 2.3705 2.3642 2.3589 2.35449 2.35089 2.34802 2.3458 2.34417 2.34308 2.34249 
2.33578 2.33617 2.33706 2.33849 2.34049 2.34313 2.34646 2.35057 2.35556 2.36152 2.36856 2.37679 2.38632 2.39725 2.40967 2.42366 2.4393 2.45661 2.47561 2.4963 2.51864 2.54254 2.56791 2.59462 2.6225 2.65137 2.68102 2.71123 2.74176 2.77238 2.80284 2.83291 2.86236 2.89098 2.91858 2.94497 2.97002 2.99359 3.01559 3.03592 3.05454 3.07139 3.08647 3.09974 3.11123 3.12092 3.12883 3.13498 3.13936 3.14199 3.14287 3.142 3.13936 3.13494 3.12873 3.1207 3.11084 3.09912 3.08555 3.07013 3.05286 3.03379 3.01296 2.99044 2.96634 2.94077 2.91388 2.88584 2.85684 2.8271 2.79684 2.7663 2.73571 2.70534 2.6754 2.64614 2.61777 2.59047 2.56442 2.53976 2.5166 2.49503 2.4751 2.45684 2.44024 2.42527 2.4119 2.40005 2.38964 2.38058 2.37277 2.36611 2.36049 2.35582 2.352 2.34894 2.34658 2.34484 2.34367 2.34303 
2.3363 2.33669 2.33762 2.33912 2.34123 2.34401 2.34752 2.35185 2.3571 2.36337 2.37077 2.37942 2.38942 2.40088 2.41388 2.42852 2.44486 2.46292 2.48273 2.50426 2.52747 2.55227 2.57856 2.60619 2.63499 2.66477 2.6953 2.72635 2.75768 2.78905 2.82019 2.85088 2.88087 2.90997 2.93796 2.96469 2.99001 3.01378 3.03592 3.05635 3.07502 3.09189 3.10696 3.12021 3.13166 3.14131 3.14919 3.1553 3.15967 3.1623 3.1632 3.16235 3.15976 3.15541 3.14926 3.14131 3.13152 3.11987 3.10634 3.09093 3.07365 3.05451 3.03357 3.01088 2.98654 2.96066 2.93339 2.9049 2.87538 2.84504 2.8141 2.78283 2.75145 2.72024 2.68943 2.65926 2.62997 2.60174 2.57476 2.54919 2.52515 2.50272 2.48198 2.46294 2.44562 2.42999 2.416 2.40359 2.39268 2.38317 2.37496 2.36795 2.36204 2.35711 2.35308 2.34985 2.34734 2.34549 2.34425 2.34357 
2.33679 2.33719 2.33817 2.33974 2.34195 2.34486 2.34854 2.35308 2.35858 2.36515 2.37289 2.38194 2.39238 2.40434 2.4179 2.43315 2.45014 2.46891 2.48947 2.51178 2.53581 2.56145 2.58859 2.61708 2.64673 2.67733 2.70866 2.74048 2.77253 2.80456 2.83631 2.86754 2.89801 2.92751 2.95585 2.98285 3.00837 3.0323 3.05454 3.07502 3.0937 3.11056 3.12559 3.13879 3.15018 3.15977 3.1676 3.17367 3.17802 3.18064 3.18155 3.18075 3.17821 3.17392 3.16786 3.15999 3.15029 3.13872 3.12527 3.10991 3.09264 3.07348 3.05247 3.02966 3.00514 2.97902 2.95143 2.92256 2.89257 2.8617 2.83018 2.79824 2.76616 2.73418 2.70257 2.67158 2.64143 2.61235 2.58452 2.5581 2.53323 2.51 2.48849 2.46873 2.45073 2.43447 2.4199 2.40696 2.39557 2.38564 2.37706 2.36972 2.36352 2.35835 2.35412 2.35072 2.34808 2.34612 2.34481 2.34408 
2.33726 2.33768 2.33869 2.34032 2.34263 2.34566 2.34951 2.35424 2.35998 2.36683 2.3749 2.38431 2.39517 2.4076 2.42168 2.43749 2.4551 2.47452 2.49577 2.51881 2.54359 2.57 2.59792 2.62719 2.65761 2.68896 2.72102 2.75352 2.78622 2.81884 2.85112 2.88282 2.9137 2.94355 2.97216 2.99938 3.02506 3.0491 3.07139 3.09189 3.11056 3.12738 3.14235 3.15548 3.1668 3.17632 3.18408 3.19011 3.19443 3.19704 3.19796 3.19719 3.19471 3.19049 3.18452 3.17675 3.16715 3.15568 3.14232 3.12703 3.10981 3.09066 3.06962 3.04673 3.02208 2.99576 2.96792 2.93871 2.90834 2.87701 2.84496 2.81245 2.77973 2.74707 2.71474 2.68299 2.65207 2.62221 2.59359 2.56639 2.54076 2.5168 2.49458 2.47415 2.45552 2.43867 2.42356 2.41013 2.3983 2.38797 2.37904 2.37139 2.36492 2.35953 2.3551 2.35154 2.34878 2.34673 2.34534 2.34457 
2.33771 2.33813 2.33918 2.34088 2.34327 2.34642 2.35041 2.35533 2.36129 2.3684 2.37677 2.38652 2.39777 2.41062 2.42518 2.44151 2.45967 2.4797 2.50158 2.52528 2.55074 2.57785 2.60647 2.63644 2.66755 2.69958 2.73228 2.76539 2.79865 2.83179 2.86453 2.89664 2.92787 2.958 2.98684 3.01423 3.04004 3.06414 3.08647 3.10696 3.12559 3.14235 3.15724 3.17029 3.18153 3.19097 3.19867 3.20465 3.20893 3.21153 3.21246 3.21172 3.2093 3.20516 3.19928 3.19161 3.18212 3.17076 3.15749 3.14229 3.12514 3.10603 3.08498 3.06205 3.0373 3.01083 2.98278 2.9533 2.9226 2.89087 2.85837 2.82535 2.79207 2.75881 2.72583 2.69342 2.66181 2.63123 2.60191 2.57401 2.54769 2.52305 2.50019 2.47915 2.45994 2.44256 2.42695 2.41307 2.40083 2.39013 2.38087 2.37294 2.36623 2.36062 2.35602 2.35231 2.34943 2.34729 2.34584 2.34503 
2.33812 2.33855 2.33963 2.34138 2.34386 2.34712 2.35125 2.35633 2.36249 2.36983 2.37847 2.38853 2.40013 2.41338 2.42836 2.44516 2.46383 2.48439 2.50683 2.53113 2.5572 2.58493 2.61417 2.64476 2.67648 2.7091 2.74236 2.77601 2.80976 2.84334 2.87649 2.90894 2.94046 2.97083 2.99985 3.02738 3.05327 3.07741 3.09974 3.12021 3.13879 3.15548 3.17029 3.18326 3.1944 3.20377 3.2114 3.21732 3.22157 3.22416 3.2251 3.22439 3.22202 3.21795 3.21216 3.2046 3.19522 3.18397 3.17081 3.1557 3.13862 3.11956 3.09854 3.07558 3.05077 3.02419 2.99597 2.96627 2.93529 2.90323 2.87034 2.83688 2.80311 2.76932 2.73579 2.70278 2.67056 2.63936 2.6094 2.58088 2.55394 2.52871 2.50527 2.48368 2.46395 2.44608 2.43004 2.41575 2.40313 2.3921 2.38255 2.37436 2.36743 2.36163 2.35686 2.35302 2.35003 2.34781 2.3463 2.34546 
2.33849 2.33893 2.34004 2.34184 2.34439 2.34775 2.352 2.35723 2.36357 2.37111 2.38 2.39033 2.40224 2.41583 2.43119 2.4484 2.46751 2.48854 2.51149 2.5363 2.5629 2.59117 2.62096 2.65209 2.68434 2.71747 2.75122 2.78532 2.81949 2.85345 2.88693 2.91967 2.95143 2.98199 3.01116 3.03879 3.06473 3.0889 3.11123 3.13166 3.15018 3.1668 3.18153 3.1944 3.20546 3.21475 3.22231 3.22819 3.2324 3.23498 3.23593 3.23525 3.23293 3.22893 3.22322 3.21576 3.20648 3.19534 3.18228 3.16727 3.15027 3.13127 3.11028 3.08732 3.06246 3.0358 3.00745 2.97758 2.94636 2.91403 2.88081 2.84697 2.81279 2.77855 2.74453 2.71101 2.67826 2.64652 2.61602 2.58694 2.55947 2.53371 2.50976 2.48769 2.46751 2.44922 2.43278 2.41813 2.40519 2.39386 2.38405 2.37563 2.36849 2.36252 2.35761 2.35366 2.35057 2.34828 2.34672 2.34585 
2.33882 2.33927 2.3404 2.34225 2.34486 2.3483 2.35265 2.35802 2.36451 2.37223 2.38132 2.3919 2.40407 2.41795 2.43364 2.45121 2.4707 2.49213 2.5155 2.54075 2.5678 2.59653 2.62678 2.65837 2.69106 2.72462 2.75878 2.79326 2.82778 2.86205 2.89581 2.92879 2.96074 2.99146 3.02074 3.04845 3.07444 3.09861 3.12092 3.14131 3.15977 3.17632 3.19097 3.20377 3.21475 3.22397 3.23147 3.2373 3.24149 3.24405 3.24501 3.24436 3.24208 3.23814 3.23251 3.22513 3.21595 3.20491 3.19195 3.17702 3.1601 3.14116 3.1202 3.09725 3.07237 3.04564 3.01719 2.98717 2.95578 2.92321 2.88972 2.85558 2.82105 2.78643 2.752 2.71805 2.68485 2.65265 2.62169 2.59215 2.56422 2.53801 2.51364 2.49115 2.47058 2.45192 2.43514 2.42018 2.40697 2.39539 2.38535 2.37674 2.36943 2.36331 2.35827 2.35421 2.35105 2.34869 2.34708 2.34619 
2.3391 2.33955 2.34071 2.34259 2.34525 2.34876 2.35321 2.35868 2.3653 2.37317 2.38243 2.3932 2.4056 2.41973 2.43568 2.45354 2.47334 2.49511 2.51882 2.54443 2.57186 2.60096 2.63159 2.66355 2.6966 2.73051 2.765 2.79979 2.83459 2.86912 2.9031 2.93626 2.96837 2.99921 3.02859 3.05635 3.08236 3.10655 3.12883 3.14919 3.1676 3.18408 3.19867 3.2114 3.22231 3.23147 3.23892 3.24471 3.24887 3.25143 3.25239 3.25176 3.24952 3.24564 3.24007 3.23276 3.22366 3.2127 3.19983 3.18498 3.16812 3.14923 3.12831 3.10537 3.08047 3.0537 3.02517 2.99504 2.9635 2.93075 2.89705 2.86265 2.82784 2.79291 2.75815 2.72385 2.69029 2.65772 2.62637 2.59646 2.56815 2.54158 2.51685 2.49402 2.47313 2.45418 2.43712 2.4219 2.40845 2.39667 2.38644 2.37766 2.37021 2.36397 2.35883 2.35469 2.35145 2.34904 2.3474 2.34647 
2.33932 2.33978 2.34096 2.34287 2.34557 2.34914 2.35365 2.35921 2.36593 2.37392 2.38332 2.39424 2.40681 2.42113 2.4373 2.45538 2.47542 2.49745 2.52143 2.54732 2.57503 2.60443 2.63535 2.66759 2.70093 2.7351 2.76985 2.80487 2.83989 2.87462 2.90876 2.94207 2.9743 3.00523 3.03468 3.06248 3.08852 3.11271 3.13498 3.1553 3.17367 3.19011 3.20465 3.21732 3.22819 3.2373 3.24471 3.25047 3.25461 3.25716 3.25813 3.25752 3.2553 3.25146 3.24594 3.23869 3.22965 3.21876 3.20595 3.19116 3.17436 3.15551 3.13461 3.11168 3.08677 3.05996 3.03137 3.00116 2.9695 2.93661 2.90274 2.86815 2.83313 2.79796 2.76295 2.72838 2.69453 2.66167 2.63003 2.59983 2.57123 2.54437 2.51937 2.49628 2.47514 2.45595 2.43868 2.42326 2.40963 2.39768 2.38731 2.3784 2.37083 2.3645 2.35927 2.35506 2.35177 2.34932 2.34765 2.34671 
2.33949 2.33996 2.34114 2.34308 2.34581 2.34942 2.35398 2.3596 2.36639 2.37447 2.38397 2.395 2.40769 2.42215 2.43846 2.4567 2.47692 2.49913 2.5233 2.54939 2.5773 2.6069 2.63802 2.67047 2.704 2.73837 2.77329 2.80848 2.84366 2.87852 2.91279 2.9462 2.97852 3.00951 3.03901 3.06685 3.09291 3.1171 3.13936 3.15967 3.17802 3.19443 3.20893 3.22157 3.2324 3.24149 3.24887 3.25461 3.25874 3.26128 3.26226 3.26166 3.25946 3.25565 3.25017 3.24296 3.23396 3.22311 3.21034 3.19559 3.17882 3.15999 3.13911 3.11618 3.09126 3.06442 3.03579 3.00551 2.97376 2.94078 2.90679 2.87206 2.83688 2.80155 2.76636 2.7316 2.69755 2.66449 2.63264 2.60223 2.57342 2.54637 2.52117 2.4979 2.47658 2.45723 2.4398 2.42424 2.41048 2.39841 2.38794 2.37894 2.37129 2.36488 2.3596 2.35534 2.35201 2.34953 2.34784 2.34688 
2.33961 2.34007 2.34127 2.34321 2.34597 2.3496 2.35419 2.35985 2.36668 2.37481 2.38437 2.39547 2.40823 2.42277 2.43917 2.4575 2.47782 2.50013 2.52441 2.55062 2.57864 2.60836 2.6396 2.67216 2.70581 2.74028 2.77531 2.8106 2.84587 2.88081 2.91515 2.94863 2.981 3.01205 3.04158 3.06944 3.09552 3.11972 3.14199 3.1623 3.18064 3.19704 3.21153 3.22416 3.23498 3.24405 3.25143 3.25716 3.26128 3.26383 3.2648 3.26421 3.26203 3.25823 3.25276 3.24557 3.23659 3.22576 3.213 3.19827 3.18151 3.16269 3.14181 3.11887 3.09393 3.06707 3.0384 3.00808 2.97628 2.94323 2.90916 2.87435 2.83908 2.80365 2.76835 2.73348 2.69932 2.66614 2.63418 2.60365 2.57473 2.54756 2.52225 2.49887 2.47745 2.458 2.44048 2.42484 2.411 2.39887 2.38833 2.37927 2.37158 2.36513 2.35981 2.35552 2.35217 2.34967 2.34796 2.347 
