3.38131 3.38152 3.38175 3.38199 3.38225 3.38252 3.3828 3.38309 3.3834 3.38373 3.38408 3.38444 3.38483 3.38525 3.3857 3.38618 3.38669 3.38725 3.38785 3.38849 3.38918 3.38991 3.3907 3.39154 3.39243 3.39337 3.39436 3.39539 3.39647 3.39758 3.39873 3.39991 3.40111 3.40232 3.40354 3.40475 3.40595 3.40713 3.40827 3.40937 3.41042 3.4114 3.41232 3.41315 3.41389 3.41454 3.41508 3.41551 3.41584 3.41604 3.41613 3.4161 3.41595 3.41569 3.41531 3.41482 3.41423 3.41354 3.41276 3.41189 3.41096 3.40995 3.4089 3.4078 3.40666 3.4055 3.40433 3.40314 3.40197 3.4008 3.39966 3.39854 3.39746 3.39642 3.39543 3.39449 3.3936 3.39278 3.39201 3.3913 3.39066 3.39008 3.38956 3.3891 3.3887 3.38836 3.38807 3.38784 3.38766 3.38753 3.38744 3.38739 3.38739 3.38741 3.38747 3.38756 3.38768 3.38782 3.38798 3.38816 
3.38152 3.38174 3.38196 3.38221 3.38246 3.38273 3.38301 3.38331 3.38362 3.38395 3.38429 3.38466 3.38505 3.38547 3.38592 3.38641 3.38693 3.38749 3.38809 3.38874 3.38943 3.39018 3.39097 3.39182 3.39272 3.39367 3.39467 3.39572 3.39682 3.39795 3.39912 3.40031 3.40153 3.40276 3.40399 3.40522 3.40644 3.40764 3.4088 3.40991 3.41098 3.41198 3.4129 3.41375 3.4145 3.41516 3.41571 3.41615 3.41648 3.41669 3.41678 3.41674 3.41659 3.41632 3.41594 3.41544 3.41484 3.41414 3.41335 3.41247 3.41152 3.4105 3.40943 3.40831 3.40716 3.40598 3.40478 3.40358 3.40239 3.40121 3.40005 3.39891 3.39782 3.39676 3.39576 3.3948 3.3939 3.39307 3.39229 3.39157 3.39092 3.39033 3.3898 3.38934 3.38894 3.38859 3.3883 3.38807 3.38788 3.38775 3.38766 3.38761 3.3876 3.38763 3.38769 3.38778 3.38789 3.38803 3.38819 3.38837 
3.38175 3.38196 3.38219 3.38244 3.38269 3.38296 3.38325 3.38355 3.38387 3.3842 3.38456 3.38493 3.38534 3.38577 3.38624 3.38674 3.38727 3.38786 3.38848 3.38915 3.38988 3.39066 3.39149 3.39237 3.39331 3.3943 3.39535 3.39645 3.39759 3.39877 3.39999 3.40124 3.40251 3.40379 3.40508 3.40637 3.40764 3.40888 3.41009 3.41126 3.41237 3.41341 3.41438 3.41526 3.41604 3.41673 3.4173 3.41776 3.4181 3.41832 3.41841 3.41837 3.41821 3.41793 3.41753 3.41701 3.41638 3.41565 3.41482 3.4139 3.41291 3.41185 3.41073 3.40956 3.40835 3.40712 3.40587 3.40462 3.40337 3.40214 3.40093 3.39974 3.3986 3.3975 3.39644 3.39545 3.39451 3.39363 3.39281 3.39206 3.39138 3.39076 3.39021 3.38972 3.38929 3.38893 3.38862 3.38837 3.38818 3.38803 3.38793 3.38787 3.38786 3.38788 3.38793 3.38802 3.38813 3.38826 3.38842 3.3886 
3.38199 3.38221 3.38244 3.38268 3.38294 3.38322 3.38351 3.38382 3.38415 3.3845 3.38487 3.38526 3.38569 3.38615 3.38664 3.38717 3.38774 3.38836 3.38903 3.38975 3.39052 3.39135 3.39224 3.39319 3.3942 3.39527 3.39639 3.39756 3.39879 3.40006 3.40136 3.4027 3.40406 3.40544 3.40682 3.40819 3.40955 3.41089 3.41218 3.41343 3.41461 3.41572 3.41675 3.41769 3.41853 3.41926 3.41987 3.42036 3.42072 3.42095 3.42104 3.421 3.42083 3.42053 3.42009 3.41954 3.41886 3.41808 3.41719 3.41621 3.41515 3.41401 3.41281 3.41156 3.41027 3.40895 3.40761 3.40627 3.40493 3.40361 3.40231 3.40104 3.39981 3.39863 3.3975 3.39642 3.39541 3.39447 3.39359 3.39278 3.39204 3.39137 3.39077 3.39024 3.38978 3.38938 3.38904 3.38877 3.38854 3.38837 3.38825 3.38818 3.38815 3.38816 3.3882 3.38828 3.38838 3.38851 3.38867 3.38885 
3.38225 3.38246 3.38269 3.38294 3.38321 3.3835 3.3838 3.38412 3.38447 3.38483 3.38523 3.38565 3.38611 3.3866 3.38713 3.38771 3.38833 3.389 3.38973 3.39052 3.39137 3.39228 3.39326 3.3943 3.3954 3.39657 3.3978 3.39909 3.40043 3.40182 3.40325 3.40472 3.40621 3.40771 3.40922 3.41072 3.41221 3.41366 3.41507 3.41643 3.41772 3.41893 3.42005 3.42107 3.42198 3.42277 3.42344 3.42396 3.42435 3.4246 3.4247 3.42465 3.42446 3.42413 3.42365 3.42304 3.42231 3.42145 3.42048 3.41941 3.41825 3.417 3.41569 3.41433 3.41292 3.41147 3.41001 3.40855 3.40708 3.40563 3.40421 3.40281 3.40147 3.40017 3.39893 3.39775 3.39664 3.39559 3.39463 3.39373 3.39291 3.39217 3.39151 3.39091 3.39039 3.38994 3.38956 3.38924 3.38898 3.38878 3.38863 3.38853 3.38848 3.38847 3.3885 3.38856 3.38866 3.38878 3.38893 3.3891 
3.38252 3.38273 3.38296 3.38322 3.3835 3.38379 3.38411 3.38445 3.38482 3.38521 3.38564 3.3861 3.38659 3.38713 3.38772 3.38835 3.38904 3.38979 3.3906 3.39148 3.39243 3.39345 3.39453 3.3957 3.39693 3.39824 3.39961 3.40104 3.40254 3.40409 3.40568 3.40731 3.40896 3.41064 3.41231 3.41398 3.41562 3.41723 3.4188 3.4203 3.42173 3.42306 3.4243 3.42543 3.42643 3.4273 3.42803 3.42861 3.42904 3.4293 3.42941 3.42936 3.42914 3.42877 3.42824 3.42756 3.42674 3.42579 3.42472 3.42353 3.42224 3.42086 3.41941 3.41789 3.41632 3.41472 3.4131 3.41147 3.40984 3.40823 3.40664 3.40509 3.40359 3.40214 3.40075 3.39943 3.39819 3.39702 3.39593 3.39493 3.394 3.39317 3.39241 3.39174 3.39114 3.39062 3.39018 3.3898 3.3895 3.38925 3.38907 3.38894 3.38885 3.38882 3.38883 3.38887 3.38895 3.38907 3.38921 3.38937 
3.3828 3.38301 3.38325 3.38351 3.3838 3.38411 3.38445 3.38481 3.38521 3.38564 3.3861 3.38661 3.38716 3.38776 3.38841 3.38912 3.3899 3.39074 3.39165 3.39264 3.39371 3.39486 3.39609 3.3974 3.3988 3.40027 3.40182 3.40344 3.40513 3.40687 3.40867 3.4105 3.41236 3.41424 3.41612 3.41799 3.41984 3.42164 3.42339 3.42507 3.42666 3.42816 3.42954 3.43079 3.43191 3.43288 3.43369 3.43433 3.4348 3.4351 3.43521 3.43515 3.4349 3.43448 3.43389 3.43312 3.43221 3.43114 3.42993 3.4286 3.42716 3.42561 3.42398 3.42228 3.42052 3.41872 3.4169 3.41506 3.41323 3.41142 3.40963 3.40788 3.40619 3.40455 3.40298 3.40149 3.40008 3.39875 3.39752 3.39637 3.39532 3.39436 3.39349 3.39272 3.39203 3.39143 3.3909 3.39046 3.39009 3.38979 3.38956 3.38939 3.38927 3.3892 3.38918 3.38921 3.38927 3.38937 3.3895 3.38966 
3.38309 3.38331 3.38355 3.38382 3.38412 3.38445 3.38481 3.38521 3.38564 3.38611 3.38662 3.38718 3.3878 3.38847 3.38921 3.39001 3.39089 3.39185 3.39289 3.39401 3.39523 3.39654 3.39794 3.39944 3.40103 3.40271 3.40447 3.40631 3.40823 3.41021 3.41224 3.41432 3.41643 3.41855 3.42068 3.42279 3.42488 3.42691 3.42888 3.43077 3.43257 3.43425 3.4358 3.43721 3.43846 3.43954 3.44045 3.44117 3.44169 3.44202 3.44214 3.44206 3.44178 3.4413 3.44063 3.43977 3.43873 3.43753 3.43617 3.43466 3.43303 3.43129 3.42945 3.42752 3.42554 3.4235 3.42144 3.41936 3.41729 3.41523 3.4132 3.41122 3.40929 3.40743 3.40565 3.40395 3.40233 3.40082 3.3994 3.39809 3.39688 3.39577 3.39477 3.39387 3.39307 3.39236 3.39174 3.39122 3.39077 3.39041 3.39011 3.38989 3.38973 3.38962 3.38957 3.38957 3.38961 3.38969 3.38981 3.38996 
3.3834 3.38362 3.38387 3.38415 3.38447 3.38482 3.38521 3.38564 3.38611 3.38663 3.3872 3.38783 3.38853 3.38929 3.39012 3.39104 3.39204 3.39313 3.39432 3.39561 3.39701 3.3985 3.40011 3.40182 3.40364 3.40556 3.40757 3.40968 3.41186 3.41412 3.41644 3.4188 3.4212 3.42362 3.42603 3.42842 3.43078 3.43309 3.43532 3.43745 3.43948 3.44137 3.44312 3.44471 3.44612 3.44734 3.44835 3.44916 3.44975 3.45011 3.45024 3.45015 3.44983 3.44928 3.44852 3.44754 3.44637 3.445 3.44346 3.44176 3.43991 3.43793 3.43584 3.43366 3.43141 3.4291 3.42676 3.4244 3.42204 3.4197 3.41739 3.41513 3.41293 3.41081 3.40876 3.40682 3.40497 3.40323 3.4016 3.40009 3.39869 3.39741 3.39625 3.3952 3.39426 3.39343 3.39271 3.39208 3.39154 3.3911 3.39073 3.39045 3.39023 3.39008 3.38999 3.38995 3.38997 3.39003 3.39013 3.39027 
3.38373 3.38395 3.3842 3.3845 3.38483 3.38521 3.38564 3.38611 3.38663 3.38721 3.38785 3.38856 3.38935 3.39021 3.39116 3.39221 3.39336 3.39461 3.39597 3.39745 3.39905 3.40077 3.40261 3.40458 3.40666 3.40886 3.41116 3.41357 3.41607 3.41865 3.42129 3.42398 3.42671 3.42946 3.4322 3.43492 3.4376 3.44021 3.44273 3.44515 3.44744 3.44958 3.45155 3.45334 3.45493 3.4563 3.45744 3.45835 3.459 3.45941 3.45955 3.45944 3.45907 3.45845 3.45758 3.45648 3.45514 3.45359 3.45185 3.44992 3.44782 3.44558 3.44321 3.44074 3.43818 3.43556 3.43289 3.43021 3.42752 3.42485 3.42222 3.41964 3.41713 3.4147 3.41236 3.41013 3.40801 3.40601 3.40414 3.40239 3.40078 3.3993 3.39795 3.39672 3.39563 3.39465 3.3938 3.39305 3.39241 3.39187 3.39143 3.39107 3.39079 3.39058 3.39045 3.39037 3.39036 3.39039 3.39048 3.39061 
3.38408 3.38429 3.38456 3.38487 3.38523 3.38564 3.3861 3.38662 3.3872 3.38785 3.38858 3.38938 3.39027 3.39126 3.39234 3.39354 3.39485 3.39629 3.39785 3.39955 3.40139 3.40336 3.40548 3.40773 3.41011 3.41263 3.41527 3.41802 3.42087 3.42381 3.42682 3.42989 3.433 3.43612 3.43923 3.44232 3.44535 3.44831 3.45117 3.4539 3.45649 3.4589 3.46113 3.46315 3.46494 3.46648 3.46776 3.46878 3.46951 3.46996 3.47012 3.46999 3.46956 3.46886 3.46787 3.46662 3.4651 3.46335 3.46137 3.45919 3.45681 3.45427 3.45159 3.44878 3.44588 3.4429 3.43987 3.43682 3.43377 3.43073 3.42773 3.42478 3.42192 3.41914 3.41646 3.41391 3.41148 3.40918 3.40703 3.40502 3.40315 3.40144 3.39987 3.39845 3.39718 3.39603 3.39503 3.39415 3.39338 3.39274 3.39219 3.39175 3.3914 3.39113 3.39094 3.39082 3.39077 3.39078 3.39084 3.39096 
3.38444 3.38466 3.38493 3.38526 3.38565 3.3861 3.38661 3.38718 3.38783 3.38856 3.38938 3.39029 3.3913 3.39243 3.39367 3.39504 3.39654 3.39819 3.39998 3.40193 3.40403 3.4063 3.40872 3.41129 3.41402 3.4169 3.41991 3.42305 3.4263 3.42965 3.43308 3.43657 3.44009 3.44363 3.44717 3.45066 3.45409 3.45743 3.46066 3.46375 3.46666 3.46939 3.47189 3.47416 3.47617 3.4779 3.47934 3.48048 3.4813 3.4818 3.48197 3.48182 3.48133 3.48053 3.47941 3.478 3.47629 3.47431 3.47207 3.4696 3.46692 3.46404 3.461 3.45783 3.45454 3.45117 3.44774 3.44427 3.4408 3.43735 3.43394 3.43059 3.42732 3.42415 3.4211 3.41818 3.41539 3.41276 3.41029 3.40798 3.40584 3.40386 3.40205 3.4004 3.39892 3.39759 3.39641 3.39537 3.39447 3.3937 3.39305 3.39251 3.39207 3.39173 3.39148 3.39131 3.39122 3.39119 3.39124 3.39134 
3.38483 3.38505 3.38534 3.38569 3.38611 3.38659 3.38716 3.3878 3.38853 3.38935 3.39027 3.3913 3.39246 3.39374 3.39515 3.39672 3.39844 3.40032 3.40238 3.40461 3.40701 3.4096 3.41236 3.4153 3.41842 3.4217 3.42513 3.4287 3.4324 3.4362 3.44009 3.44404 3.44803 3.45204 3.45603 3.45997 3.46385 3.46761 3.47125 3.47472 3.478 3.48106 3.48387 3.48642 3.48867 3.49061 3.49222 3.49349 3.4944 3.49496 3.49514 3.49496 3.49442 3.49351 3.49225 3.49065 3.48873 3.48649 3.48397 3.48119 3.47817 3.47493 3.4715 3.46792 3.46421 3.46039 3.45652 3.4526 3.44867 3.44475 3.44088 3.43708 3.43337 3.42976 3.42629 3.42296 3.41978 3.41678 3.41395 3.4113 3.40884 3.40657 3.40448 3.40258 3.40086 3.39932 3.39795 3.39673 3.39568 3.39476 3.39399 3.39334 3.39281 3.39239 3.39207 3.39184 3.3917 3.39164 3.39165 3.39174 
3.38525 3.38547 3.38577 3.38615 3.3866 3.38713 3.38776 3.38847 3.38929 3.39021 3.39126 3.39243 3.39374 3.39519 3.39681 3.3986 3.40056 3.40271 3.40505 3.40759 3.41034 3.41328 3.41643 3.41978 3.42332 3.42705 3.43094 3.43499 3.43918 3.44348 3.44788 3.45234 3.45685 3.46136 3.46585 3.47029 3.47464 3.47888 3.48295 3.48685 3.49052 3.49395 3.49709 3.49994 3.50245 3.50462 3.50641 3.50783 3.50884 3.50946 3.50966 3.50945 3.50883 3.50781 3.50639 3.5046 3.50244 3.49994 3.49711 3.49398 3.49059 3.48695 3.4831 3.47907 3.47489 3.47061 3.46624 3.46182 3.45739 3.45297 3.44859 3.44429 3.44009 3.436 3.43206 3.42828 3.42467 3.42125 3.41802 3.415 3.41219 3.40959 3.40719 3.40501 3.40303 3.40125 3.39966 3.39825 3.39701 3.39594 3.39503 3.39425 3.39362 3.3931 3.3927 3.39241 3.39222 3.39212 3.3921 3.39217 
3.3857 3.38592 3.38624 3.38664 3.38713 3.38772 3.38841 3.38921 3.39012 3.39116 3.39234 3.39367 3.39515 3.39681 3.39865 3.40068 3.40291 3.40536 3.40802 3.41091 3.41403 3.41738 3.42095 3.42475 3.42876 3.43297 3.43737 3.44194 3.44667 3.45152 3.45647 3.46149 3.46656 3.47162 3.47666 3.48164 3.48651 3.49124 3.4958 3.50015 3.50425 3.50807 3.51157 3.51474 3.51754 3.51994 3.52194 3.52351 3.52463 3.52531 3.52553 3.52529 3.52459 3.52345 3.52187 3.51986 3.51745 3.51465 3.51149 3.508 3.5042 3.50013 3.49582 3.49131 3.48663 3.48182 3.47692 3.47196 3.46698 3.46201 3.45709 3.45224 3.4475 3.44289 3.43844 3.43416 3.43007 3.42619 3.42253 3.41909 3.41589 3.41293 3.41019 3.4077 3.40543 3.40338 3.40154 3.39992 3.39849 3.39724 3.39617 3.39526 3.3945 3.39388 3.3934 3.39303 3.39278 3.39263 3.39258 3.39263 
3.38618 3.38641 3.38674 3.38717 3.38771 3.38835 3.38912 3.39001 3.39104 3.39221 3.39354 3.39504 3.39672 3.3986 3.40068 3.40298 3.40551 3.40829 3.41131 3.41458 3.41811 3.42189 3.42593 3.43022 3.43474 3.43949 3.44444 3.44959 3.45489 3.46034 3.46589 3.47152 3.47718 3.48285 3.48847 3.49402 3.49946 3.50473 3.5098 3.51463 3.51919 3.52343 3.52732 3.53083 3.53393 3.53659 3.5388 3.54053 3.54177 3.54251 3.54275 3.54248 3.5417 3.54043 3.53867 3.53643 3.53375 3.53064 3.52712 3.52324 3.51901 3.51448 3.50968 3.50465 3.49943 3.49406 3.48859 3.48304 3.47747 3.4719 3.46639 3.46095 3.45563 3.45044 3.44543 3.44061 3.436 3.43162 3.42749 3.4236 3.41997 3.4166 3.4135 3.41065 3.40806 3.40572 3.40362 3.40175 3.4001 3.39866 3.39742 3.39636 3.39546 3.39473 3.39415 3.3937 3.39338 3.39318 3.3931 3.39312 
3.38669 3.38693 3.38727 3.38774 3.38833 3.38904 3.3899 3.39089 3.39204 3.39336 3.39485 3.39654 3.39844 3.40056 3.40291 3.40551 3.40838 3.41151 3.41492 3.41861 3.42258 3.42685 3.43139 3.43621 3.44129 3.44662 3.45217 3.45793 3.46387 3.46995 3.47615 3.48242 3.48873 3.49504 3.50129 3.50746 3.51349 3.51933 3.52495 3.5303 3.53534 3.54002 3.54432 3.5482 3.55161 3.55455 3.55698 3.55889 3.56025 3.56106 3.56131 3.56101 3.56014 3.55873 3.55678 3.55431 3.55134 3.5479 3.544 3.5397 3.53502 3.52999 3.52467 3.51909 3.51329 3.50733 3.50124 3.49507 3.48886 3.48266 3.4765 3.47043 3.46448 3.45868 3.45306 3.44766 3.44248 3.43756 3.43291 3.42853 3.42443 3.42063 3.41712 3.41389 3.41096 3.40829 3.4059 3.40377 3.40188 3.40022 3.39878 3.39755 3.39651 3.39566 3.39496 3.39443 3.39404 3.39378 3.39365 3.39365 
3.38725 3.38749 3.38786 3.38836 3.389 3.38979 3.39074 3.39185 3.39313 3.39461 3.39629 3.39819 3.40032 3.40271 3.40536 3.40829 3.41151 3.41503 3.41886 3.42301 3.42747 3.43225 3.43734 3.44273 3.44841 3.45437 3.46056 3.46698 3.4736 3.48036 3.48725 3.49421 3.50121 3.50819 3.51512 3.52193 3.52859 3.53505 3.54124 3.54714 3.55268 3.55784 3.56256 3.56682 3.57057 3.5738 3.57646 3.57855 3.58004 3.58092 3.58119 3.58085 3.5799 3.57834 3.57619 3.57347 3.5702 3.5664 3.56211 3.55737 3.55221 3.54666 3.54079 3.53462 3.52822 3.52162 3.51488 3.50804 3.50116 3.49427 3.48743 3.48068 3.47406 3.4676 3.46134 3.4553 3.44952 3.44401 3.4388 3.43389 3.42929 3.42502 3.42106 3.41743 3.41411 3.4111 3.40838 3.40596 3.40381 3.40192 3.40027 3.39886 3.39766 3.39666 3.39585 3.39521 3.39474 3.39442 3.39425 3.39422 
3.38785 3.38809 3.38848 3.38903 3.38973 3.3906 3.39165 3.39289 3.39432 3.39597 3.39785 3.39998 3.40238 3.40505 3.40802 3.41131 3.41492 3.41886 3.42315 3.42779 3.43277 3.43811 3.44379 3.4498 3.45612 3.46274 3.46963 3.47675 3.48408 3.49157 3.49919 3.50688 3.51461 3.52231 3.52994 3.53744 3.54476 3.55185 3.55865 3.56512 3.5712 3.57684 3.58201 3.58667 3.59077 3.59429 3.5972 3.59947 3.60109 3.60206 3.60235 3.60196 3.60091 3.5992 3.59685 3.59386 3.59028 3.58612 3.58142 3.57621 3.57055 3.56446 3.55801 3.55123 3.54418 3.53692 3.52949 3.52195 3.51435 3.50674 3.49918 3.49171 3.48437 3.47721 3.47026 3.46355 3.45712 3.45098 3.44517 3.43969 3.43455 3.42977 3.42533 3.42126 3.41753 3.41414 3.41108 3.40834 3.4059 3.40376 3.40188 3.40027 3.39889 3.39774 3.3968 3.39606 3.3955 3.39512 3.39489 3.39483 
3.38849 3.38874 3.38915 3.38975 3.39052 3.39148 3.39264 3.39401 3.39561 3.39745 3.39955 3.40193 3.40461 3.40759 3.41091 3.41458 3.41861 3.42301 3.42779 3.43295 3.4385 3.44443 3.45074 3.45741 3.46441 3.47174 3.47935 3.48722 3.49531 3.50357 3.51196 3.52042 3.5289 3.53736 3.54572 3.55394 3.56196 3.56971 3.57714 3.5842 3.59083 3.59698 3.60261 3.60768 3.61214 3.61597 3.61913 3.6216 3.62336 3.6244 3.62471 3.62429 3.62314 3.62127 3.6187 3.61545 3.61154 3.607 3.60187 3.59619 3.59 3.58335 3.57629 3.56887 3.56116 3.5532 3.54505 3.53677 3.52842 3.52006 3.51173 3.5035 3.49541 3.4875 3.47982 3.4724 3.46527 3.45848 3.45202 3.44593 3.44022 3.43489 3.42994 3.42539 3.42122 3.41742 3.41399 3.41091 3.40817 3.40574 3.40362 3.40179 3.40023 3.39891 3.39783 3.39697 3.39632 3.39586 3.39559 3.39549 
3.38918 3.38943 3.38988 3.39052 3.39137 3.39243 3.39371 3.39523 3.39701 3.39905 3.40139 3.40403 3.40701 3.41034 3.41403 3.41811 3.42258 3.42747 3.43277 3.4385 3.44465 3.45122 3.45819 3.46555 3.47328 3.48135 3.48974 3.49839 3.50727 3.51633 3.52553 3.53479 3.54407 3.55331 3.56244 3.5714 3.58014 3.58857 3.59665 3.60432 3.61152 3.6182 3.62431 3.6298 3.63463 3.63877 3.64219 3.64486 3.64676 3.64788 3.64821 3.64774 3.6465 3.64447 3.64168 3.63815 3.6339 3.62898 3.62341 3.61724 3.61051 3.60327 3.59559 3.58751 3.5791 3.57042 3.56152 3.55248 3.54335 3.53419 3.52507 3.51604 3.50715 3.49846 3.49001 3.48184 3.47399 3.46648 3.45935 3.45261 3.44628 3.44037 3.43489 3.42982 3.42518 3.42095 3.41712 3.41367 3.4106 3.40788 3.4055 3.40343 3.40166 3.40017 3.39894 3.39795 3.3972 3.39666 3.39633 3.3962 
3.38991 3.39018 3.39066 3.39135 3.39228 3.39345 3.39486 3.39654 3.3985 3.40077 3.40336 3.4063 3.4096 3.41328 3.41738 3.42189 3.42685 3.43225 3.43811 3.44443 3.45122 3.45845 3.46612 3.47422 3.48271 3.49157 3.50075 3.51023 3.51994 3.52984 3.53987 3.54997 3.56007 3.57012 3.58004 3.58977 3.59924 3.60838 3.61713 3.62543 3.63321 3.64042 3.64701 3.65293 3.65814 3.6626 3.66628 3.66915 3.6712 3.6724 3.67275 3.67224 3.67089 3.6687 3.66569 3.66188 3.6573 3.65197 3.64595 3.63928 3.632 3.62417 3.61584 3.60709 3.59796 3.58853 3.57886 3.56902 3.55908 3.54911 3.53915 3.52929 3.51958 3.51007 3.50081 3.49186 3.48324 3.47499 3.46715 3.45973 3.45275 3.44623 3.44016 3.43456 3.42942 3.42472 3.42046 3.41663 3.41321 3.41017 3.40751 3.40519 3.4032 3.40152 3.40012 3.399 3.39814 3.39751 3.39712 3.39695 
3.3907 3.39097 3.39149 3.39224 3.39326 3.39453 3.39609 3.39794 3.40011 3.40261 3.40548 3.40872 3.41236 3.41643 3.42095 3.42593 3.43139 3.43734 3.44379 3.45074 3.45819 3.46612 3.47453 3.48339 3.49268 3.50235 3.51238 3.5227 3.53328 3.54404 3.55494 3.5659 3.57685 3.58773 3.59846 3.60898 3.6192 3.62906 3.63849 3.64742 3.6558 3.66355 3.67063 3.67699 3.68258 3.68736 3.69131 3.69438 3.69657 3.69785 3.69822 3.69768 3.69623 3.69387 3.69064 3.68654 3.68161 3.67589 3.66941 3.66223 3.65439 3.64595 3.63697 3.62752 3.61767 3.60747 3.59701 3.58636 3.57558 3.56476 3.55395 3.54323 3.53266 3.5223 3.5122 3.50243 3.49301 3.48398 3.47539 3.46726 3.4596 3.45243 3.44576 3.43959 3.43392 3.42873 3.42403 3.41978 3.41599 3.41261 3.40965 3.40706 3.40484 3.40295 3.40139 3.40012 3.39914 3.39843 3.39797 3.39776 
3.39154 3.39182 3.39237 3.39319 3.3943 3.3957 3.3974 3.39944 3.40182 3.40458 3.40773 3.41129 3.4153 3.41978 3.42475 3.43022 3.43621 3.44273 3.4498 3.45741 3.46555 3.47422 3.48339 3.49305 3.50316 3.51369 3.52457 3.53578 3.54724 3.55889 3.57068 3.58252 3.59434 3.60607 3.61763 3.62894 3.63993 3.65052 3.66064 3.67021 3.67918 3.68748 3.69506 3.70186 3.70783 3.71294 3.71714 3.72043 3.72276 3.72412 3.72452 3.72393 3.72237 3.71986 3.71639 3.71201 3.70674 3.70062 3.69368 3.68598 3.67758 3.66853 3.65889 3.64874 3.63814 3.62717 3.6159 3.60441 3.59278 3.58109 3.5694 3.5578 3.54634 3.53511 3.52415 3.51352 3.50327 3.49344 3.48407 3.47519 3.46682 3.45898 3.45167 3.44491 3.43868 3.43298 3.4278 3.42312 3.41893 3.4152 3.41192 3.40905 3.40658 3.40448 3.40273 3.40131 3.40021 3.3994 3.39887 3.39862 
3.39243 3.39272 3.39331 3.3942 3.3954 3.39693 3.3988 3.40103 3.40364 3.40666 3.41011 3.41402 3.41842 3.42332 3.42876 3.43474 3.44129 3.44841 3.45612 3.46441 3.47328 3.48271 3.49268 3.50316 3.51412 3.52552 3.5373 3.5494 3.56177 3.57434 3.58703 3.59977 3.61247 3.62506 3.63746 3.64957 3.66133 3.67266 3.68347 3.69369 3.70326 3.7121 3.72017 3.72741 3.73376 3.73919 3.74366 3.74715 3.74962 3.75107 3.75149 3.75086 3.7492 3.74652 3.74284 3.73817 3.73256 3.72603 3.71864 3.71043 3.70146 3.69179 3.68149 3.67063 3.65928 3.64753 3.63544 3.62311 3.61061 3.59803 3.58545 3.57294 3.56059 3.54845 3.5366 3.52509 3.51399 3.50333 3.49316 3.4835 3.4744 3.46585 3.45788 3.4505 3.44369 3.43745 3.43177 3.42664 3.42204 3.41794 3.41432 3.41115 3.40842 3.4061 3.40415 3.40257 3.40134 3.40043 3.39983 3.39953 
3.39337 3.39367 3.3943 3.39527 3.39657 3.39824 3.40027 3.40271 3.40556 3.40886 3.41263 3.4169 3.4217 3.42705 3.43297 3.43949 3.44662 3.45437 3.46274 3.47174 3.48135 3.49157 3.50235 3.51369 3.52552 3.53781 3.5505 3.56352 3.57682 3.59031 3.60392 3.61756 3.63115 3.64461 3.65785 3.67078 3.68331 3.69537 3.70686 3.71773 3.72789 3.73728 3.74584 3.7535 3.76023 3.76599 3.77072 3.77441 3.77702 3.77855 3.77899 3.77833 3.77657 3.77373 3.76982 3.76488 3.75893 3.75201 3.74416 3.73544 3.72591 3.71563 3.70467 3.6931 3.681 3.66846 3.65555 3.64237 3.62899 3.61552 3.60203 3.5886 3.57532 3.56227 3.54951 3.53711 3.52512 3.51361 3.50261 3.49216 3.48229 3.47303 3.46437 3.45634 3.44893 3.44213 3.43594 3.43033 3.4253 3.42081 3.41684 3.41336 3.41036 3.4078 3.40565 3.4039 3.40253 3.40151 3.40083 3.40049 
3.39436 3.39467 3.39535 3.39639 3.3978 3.39961 3.40182 3.40447 3.40757 3.41116 3.41527 3.41991 3.42513 3.43094 3.43737 3.44444 3.45217 3.46056 3.46963 3.47935 3.48974 3.50075 3.51238 3.52457 3.5373 3.5505 3.56411 3.57807 3.5923 3.60672 3.62126 3.63581 3.6503 3.66463 3.6787 3.69244 3.70574 3.71852 3.73071 3.74221 3.75295 3.76288 3.77191 3.78001 3.78711 3.79317 3.79816 3.80205 3.8048 3.80641 3.80687 3.80617 3.80432 3.80132 3.7972 3.79199 3.7857 3.77839 3.7701 3.76089 3.7508 3.73991 3.7283 3.71603 3.70318 3.68985 3.67612 3.66209 3.64783 3.63346 3.61905 3.6047 3.59049 3.5765 3.56282 3.54951 3.53663 3.52424 3.5124 3.50113 3.49048 3.48047 3.47111 3.46241 3.45438 3.44701 3.44028 3.43419 3.4287 3.42381 3.41947 3.41568 3.41239 3.40958 3.40722 3.4053 3.40378 3.40265 3.40189 3.4015 
3.39539 3.39572 3.39645 3.39756 3.39909 3.40104 3.40344 3.40631 3.40968 3.41357 3.41802 3.42305 3.4287 3.43499 3.44194 3.44959 3.45793 3.46698 3.47675 3.48722 3.49839 3.51023 3.5227 3.53578 3.5494 3.56352 3.57807 3.59296 3.60814 3.6235 3.63896 3.65443 3.6698 3.685 3.69991 3.71444 3.7285 3.742 3.75486 3.76698 3.7783 3.78875 3.79825 3.80676 3.81423 3.82059 3.82583 3.82991 3.8328 3.83449 3.83497 3.83424 3.83229 3.82914 3.82482 3.81934 3.81273 3.80505 3.79632 3.78662 3.77599 3.76451 3.75225 3.73928 3.7257 3.71159 3.69705 3.68217 3.66704 3.65176 3.63644 3.62115 3.60601 3.59109 3.57647 3.56223 3.54845 3.53518 3.52247 3.51038 3.49893 3.48815 3.47807 3.4687 3.46002 3.45206 3.44478 3.43818 3.43224 3.42692 3.42221 3.41808 3.4145 3.41143 3.40886 3.40675 3.40508 3.40384 3.403 3.40256 
3.39647 3.39682 3.39759 3.39879 3.40043 3.40254 3.40513 3.40823 3.41186 3.41607 3.42087 3.4263 3.4324 3.43918 3.44667 3.45489 3.46387 3.4736 3.48408 3.49531 3.50727 3.51994 3.53328 3.54724 3.56177 3.57682 3.5923 3.60814 3.62425 3.64055 3.65693 3.6733 3.68956 3.70561 3.72134 3.73665 3.75146 3.76567 3.77918 3.79191 3.80379 3.81474 3.82471 3.83362 3.84143 3.84809 3.85357 3.85783 3.86086 3.86262 3.86312 3.86236 3.86032 3.85703 3.85251 3.84678 3.83986 3.83181 3.82267 3.81249 3.80133 3.78927 3.77638 3.76274 3.74844 3.73357 3.71822 3.70249 3.6865 3.67033 3.65409 3.63788 3.6218 3.60594 3.59038 3.57522 3.56052 3.54636 3.53278 3.51985 3.50759 3.49604 3.48523 3.47515 3.46583 3.45726 3.44942 3.4423 3.43588 3.43014 3.42505 3.42057 3.41668 3.41336 3.41055 3.40826 3.40644 3.40507 3.40415 3.40366 
3.39758 3.39795 3.39877 3.40006 3.40182 3.40409 3.40687 3.41021 3.41412 3.41865 3.42381 3.42965 3.4362 3.44348 3.45152 3.46034 3.46995 3.48036 3.49157 3.50357 3.51633 3.52984 3.54404 3.55889 3.57434 3.59031 3.60672 3.6235 3.64055 3.65777 3.67506 3.69232 3.70945 3.72634 3.74287 3.75896 3.77449 3.78938 3.80353 3.81685 3.82927 3.84071 3.85111 3.86041 3.86855 3.8755 3.88121 3.88565 3.8888 3.89064 3.89116 3.89037 3.88825 3.88483 3.88011 3.87414 3.86693 3.85853 3.84898 3.83835 3.82669 3.81407 3.80057 3.78627 3.77126 3.75564 3.7395 3.72296 3.70611 3.68906 3.67191 3.65478 3.63777 3.62098 3.60449 3.5884 3.57279 3.55773 3.54328 3.52949 3.51642 3.50409 3.49253 3.48176 3.47178 3.46259 3.45417 3.44653 3.43963 3.43345 3.42796 3.42313 3.41894 3.41534 3.4123 3.40981 3.40784 3.40635 3.40534 3.4048 
3.39873 3.39912 3.39999 3.40136 3.40325 3.40568 3.40867 3.41224 3.41644 3.42129 3.42682 3.43308 3.44009 3.44788 3.45647 3.46589 3.47615 3.48725 3.49919 3.51196 3.52553 3.53987 3.55494 3.57068 3.58703 3.60392 3.62126 3.63896 3.65693 3.67506 3.69325 3.71139 3.72936 3.74707 3.76439 3.78122 3.79745 3.813 3.82776 3.84165 3.85459 3.8665 3.87731 3.88698 3.89544 3.90266 3.90858 3.9132 3.91647 3.91838 3.91892 3.9181 3.91591 3.91236 3.90747 3.90126 3.89378 3.88505 3.87512 3.86405 3.8519 3.83874 3.82465 3.80972 3.79403 3.77768 3.76078 3.74344 3.72575 3.70783 3.6898 3.67177 3.65384 3.63612 3.61871 3.6017 3.58517 3.56921 3.55389 3.53926 3.52537 3.51226 3.49995 3.48847 3.47782 3.46801 3.45902 3.45084 3.44345 3.43683 3.43094 3.42576 3.42124 3.41737 3.4141 3.41141 3.40927 3.40767 3.40657 3.40597 
3.39991 3.40031 3.40124 3.4027 3.40472 3.40731 3.4105 3.41432 3.4188 3.42398 3.42989 3.43657 3.44404 3.45234 3.46149 3.47152 3.48242 3.49421 3.50688 3.52042 3.53479 3.54997 3.5659 3.58252 3.59977 3.61756 3.63581 3.65443 3.6733 3.69232 3.71139 3.73038 3.74918 3.76767 3.78575 3.8033 3.82021 3.83639 3.85173 3.86616 3.87959 3.89195 3.90316 3.91318 3.92194 3.92941 3.93554 3.94031 3.9437 3.94568 3.94624 3.9454 3.94313 3.93947 3.93441 3.92799 3.92025 3.9112 3.90092 3.88943 3.87682 3.86316 3.84851 3.83296 3.81662 3.79958 3.78193 3.76381 3.74531 3.72655 3.70765 3.68873 3.6699 3.65127 3.63295 3.61503 3.5976 3.58076 3.56457 3.54909 3.53439 3.52049 3.50744 3.49525 3.48394 3.4735 3.46393 3.45521 3.44733 3.44026 3.43397 3.42842 3.42359 3.41944 3.41593 3.41304 3.41074 3.40901 3.40782 3.40717 
3.40111 3.40153 3.40251 3.40406 3.40621 3.40896 3.41236 3.41643 3.4212 3.42671 3.433 3.44009 3.44803 3.45685 3.46656 3.47718 3.48873 3.50121 3.51461 3.5289 3.54407 3.56007 3.57685 3.59434 3.61247 3.63115 3.6503 3.6698 3.68956 3.70945 3.72936 3.74918 3.76877 3.78803 3.80683 3.82507 3.84262 3.8594 3.87531 3.89025 3.90414 3.91692 3.9285 3.93884 3.94789 3.95559 3.96192 3.96684 3.97033 3.97238 3.97297 3.9721 3.96977 3.966 3.96079 3.95418 3.94619 3.93685 3.92623 3.91436 3.90132 3.88716 3.87198 3.85586 3.83889 3.82118 3.80283 3.78395 3.76467 3.7451 3.72536 3.70557 3.68586 3.66634 3.64713 3.62831 3.61 3.59229 3.57524 3.55893 3.54342 3.52875 3.51495 3.50206 3.49008 3.47902 3.46887 3.45962 3.45124 3.44372 3.43702 3.43112 3.42596 3.42153 3.41778 3.4147 3.41223 3.41037 3.4091 3.40839 
3.40232 3.40276 3.40379 3.40544 3.40771 3.41064 3.41424 3.41855 3.42362 3.42946 3.43612 3.44363 3.45204 3.46136 3.47162 3.48285 3.49504 3.50819 3.52231 3.53736 3.55331 3.57012 3.58773 3.60607 3.62506 3.64461 3.66463 3.685 3.70561 3.72634 3.74707 3.76767 3.78803 3.80802 3.82751 3.8464 3.86457 3.88192 3.89834 3.91376 3.92809 3.94126 3.95319 3.96384 3.97314 3.98107 3.98758 3.99264 3.99623 3.99833 3.99895 3.99806 3.99567 3.9918 3.98646 3.97966 3.97145 3.96185 3.95091 3.93868 3.92523 3.91063 3.89495 3.87828 3.86072 3.84237 3.82334 3.80375 3.78371 3.76335 3.74281 3.72219 3.70163 3.68124 3.66116 3.64147 3.6223 3.60372 3.58584 3.56871 3.5524 3.53696 3.52244 3.50885 3.49621 3.48453 3.47381 3.46402 3.45516 3.44719 3.44009 3.43382 3.42835 3.42364 3.41965 3.41636 3.41374 3.41175 3.41039 3.40963 
3.40354 3.40399 3.40508 3.40682 3.40922 3.41231 3.41612 3.42068 3.42603 3.4322 3.43923 3.44717 3.45603 3.46585 3.47666 3.48847 3.50129 3.51512 3.52994 3.54572 3.56244 3.58004 3.59846 3.61763 3.63746 3.65785 3.6787 3.69991 3.72134 3.74287 3.76439 3.78575 3.80683 3.82751 3.84766 3.86716 3.88591 3.90379 3.92071 3.93658 3.95131 3.96484 3.9771 3.98802 3.99757 4.0057 4.01237 4.01756 4.02124 4.0234 4.02404 4.02314 4.0207 4.01674 4.01127 4.00432 3.9959 3.98605 3.97482 3.96227 3.94844 3.93341 3.91727 3.90009 3.88197 3.86302 3.84335 3.82307 3.80232 3.78122 3.75989 3.73847 3.71709 3.69588 3.67495 3.65442 3.6344 3.615 3.59629 3.57836 3.56128 3.54509 3.52985 3.51558 3.50229 3.49 3.47871 3.4684 3.45905 3.45065 3.44314 3.43652 3.43073 3.42574 3.42152 3.41803 3.41524 3.41313 3.41168 3.41087 
3.40475 3.40522 3.40637 3.40819 3.41072 3.41398 3.41799 3.42279 3.42842 3.43492 3.44232 3.45066 3.45997 3.47029 3.48164 3.49402 3.50746 3.52193 3.53744 3.55394 3.5714 3.58977 3.60898 3.62894 3.64957 3.67078 3.69244 3.71444 3.73665 3.75896 3.78122 3.8033 3.82507 3.8464 3.86716 3.88725 3.90653 3.92491 3.94228 3.95857 3.97368 3.98754 4.00009 4.01127 4.02104 4.02935 4.03617 4.04148 4.04525 4.04746 4.04812 4.0472 4.04473 4.04069 4.03511 4.028 4.0194 4.00933 3.99784 3.98498 3.97081 3.9554 3.93882 3.92116 3.90252 3.88301 3.86273 3.84182 3.82039 3.79857 3.77651 3.75432 3.73216 3.71015 3.68841 3.66707 3.64624 3.62603 3.60653 3.58783 3.56999 3.55308 3.53714 3.5222 3.50828 3.4954 3.48355 3.47272 3.4629 3.45406 3.44617 3.43919 3.43309 3.42783 3.42337 3.41968 3.41674 3.41451 3.41296 3.4121 
3.40595 3.40644 3.40764 3.40955 3.41221 3.41562 3.41984 3.42488 3.43078 3.4376 3.44535 3.45409 3.46385 3.47464 3.48651 3.49946 3.51349 3.52859 3.54476 3.56196 3.58014 3.59924 3.6192 3.63993 3.66133 3.68331 3.70574 3.7285 3.75146 3.77449 3.79745 3.82021 3.84262 3.86457 3.88591 3.90653 3.92631 3.94515 3.96295 3.97961 3.99506 4.00923 4.02204 4.03346 4.04343 4.05191 4.05887 4.06428 4.06812 4.07039 4.07106 4.07014 4.06763 4.06352 4.05785 4.05061 4.04184 4.03158 4.01985 4.00671 3.99223 3.97645 3.95948 3.94138 3.92226 3.90222 3.88139 3.85987 3.8378 3.81532 3.79255 3.76965 3.74674 3.72396 3.70145 3.67934 3.65774 3.63675 3.61649 3.59704 3.57848 3.56086 3.54424 3.52866 3.51413 3.50067 3.48828 3.47696 3.46667 3.45741 3.44913 3.44181 3.43541 3.42988 3.42519 3.42132 3.41821 3.41586 3.41423 3.41332 
3.40713 3.40764 3.40888 3.41089 3.41366 3.41723 3.42164 3.42691 3.43309 3.44021 3.44831 3.45743 3.46761 3.47888 3.49124 3.50473 3.51933 3.53505 3.55185 3.56971 3.58857 3.60838 3.62906 3.65052 3.67266 3.69537 3.71852 3.742 3.76567 3.78938 3.813 3.83639 3.8594 3.88192 3.90379 3.92491 3.94515 3.96441 3.98259 3.9996 4.01536 4.0298 4.04286 4.05449 4.06464 4.07327 4.08035 4.08586 4.08977 4.09208 4.09278 4.09185 4.0893 4.08514 4.07938 4.07203 4.06311 4.05267 4.04073 4.02735 4.01258 3.99648 3.97914 3.96064 3.94108 3.92056 3.8992 3.87712 3.85446 3.83135 3.80793 3.78434 3.76073 3.73724 3.714 3.69115 3.66881 3.64709 3.62611 3.60594 3.58668 3.56839 3.55112 3.53492 3.5198 3.50579 3.49288 3.48107 3.47034 3.46067 3.45202 3.44437 3.43767 3.43188 3.42698 3.42291 3.41966 3.41719 3.41548 3.41452 
3.40827 3.4088 3.41009 3.41218 3.41507 3.4188 3.42339 3.42888 3.43532 3.44273 3.45117 3.46066 3.47125 3.48295 3.4958 3.5098 3.52495 3.54124 3.55865 3.57714 3.59665 3.61713 3.63849 3.66064 3.68347 3.70686 3.73071 3.75486 3.77918 3.80353 3.82776 3.85173 3.87531 3.89834 3.92071 3.94228 3.96295 3.98259 4.00112 4.01844 4.03449 4.04917 4.06245 4.07426 4.08457 4.09333 4.10052 4.10612 4.1101 4.11245 4.11316 4.11223 4.10966 4.10545 4.09961 4.09216 4.08312 4.07252 4.06039 4.04679 4.03176 4.01537 3.9977 3.97884 3.95887 3.93791 3.91607 3.89348 3.87026 3.84657 3.82254 3.79832 3.77405 3.74989 3.72596 3.70242 3.67938 3.65697 3.6353 3.61446 3.59454 3.57561 3.55773 3.54093 3.52525 3.51071 3.4973 3.48503 3.47388 3.46381 3.45481 3.44684 3.43985 3.43382 3.4287 3.42446 3.42106 3.41848 3.41669 3.41568 
3.40937 3.40991 3.41126 3.41343 3.41643 3.4203 3.42507 3.43077 3.43745 3.44515 3.4539 3.46375 3.47472 3.48685 3.50015 3.51463 3.5303 3.54714 3.56512 3.5842 3.60432 3.62543 3.64742 3.67021 3.69369 3.71773 3.74221 3.76698 3.79191 3.81685 3.84165 3.86616 3.89025 3.91376 3.93658 3.95857 3.97961 3.9996 4.01844 4.03605 4.05234 4.06725 4.08072 4.0927 4.10315 4.11203 4.11931 4.12498 4.12902 4.1314 4.13213 4.1312 4.12861 4.12436 4.11846 4.11092 4.10177 4.09104 4.07875 4.06495 4.04969 4.03304 4.01508 3.99588 3.97555 3.95418 3.93191 3.90884 3.88513 3.8609 3.8363 3.81149 3.78662 3.76183 3.73726 3.71307 3.68938 3.66633 3.64401 3.62254 3.602 3.58246 3.564 3.54665 3.53044 3.51539 3.50152 3.48881 3.47725 3.46681 3.45748 3.4492 3.44195 3.43568 3.43035 3.42594 3.4224 3.41972 3.41785 3.4168 
3.41042 3.41098 3.41237 3.41461 3.41772 3.42173 3.42666 3.43257 3.43948 3.44744 3.45649 3.46666 3.478 3.49052 3.50425 3.51919 3.53534 3.55268 3.5712 3.59083 3.61152 3.63321 3.6558 3.67918 3.70326 3.72789 3.75295 3.7783 3.80379 3.82927 3.85459 3.87959 3.90414 3.92809 3.95131 3.97368 3.99506 4.01536 4.03449 4.05234 4.06885 4.08396 4.0976 4.10972 4.12029 4.12927 4.13664 4.14238 4.14646 4.14888 4.14963 4.1487 4.14609 4.14181 4.13586 4.12825 4.119 4.10815 4.09571 4.08174 4.06629 4.04941 4.03118 4.01169 3.99103 3.9693 3.94663 3.92313 3.89896 3.87424 3.84913 3.82378 3.79835 3.77298 3.74783 3.72304 3.69875 3.67509 3.65218 3.63012 3.609 3.58891 3.5699 3.55202 3.53532 3.51981 3.50549 3.49237 3.48043 3.46965 3.45999 3.45143 3.44393 3.43744 3.43192 3.42735 3.42368 3.42089 3.41896 3.41786 
3.4114 3.41198 3.41341 3.41572 3.41893 3.42306 3.42816 3.43425 3.44137 3.44958 3.4589 3.46939 3.48106 3.49395 3.50807 3.52343 3.54002 3.55784 3.57684 3.59698 3.6182 3.64042 3.66355 3.68748 3.7121 3.73728 3.76288 3.78875 3.81474 3.84071 3.8665 3.89195 3.91692 3.94126 3.96484 3.98754 4.00923 4.0298 4.04917 4.06725 4.08396 4.09923 4.11302 4.12527 4.13595 4.14502 4.15246 4.15825 4.16238 4.16483 4.16559 4.16467 4.16204 4.15773 4.15174 4.14407 4.13474 4.12379 4.11123 4.09711 4.08148 4.0644 4.04594 4.02619 4.00523 3.98318 3.96015 3.93628 3.91169 3.88653 3.86095 3.83512 3.80917 3.78328 3.75759 3.73226 3.70742 3.68321 3.65974 3.63714 3.61549 3.59488 3.57538 3.55702 3.53986 3.52392 3.50919 3.49569 3.4834 3.4723 3.46235 3.45352 3.44578 3.43908 3.43339 3.42867 3.42488 3.422 3.42 3.41886 
3.41232 3.4129 3.41438 3.41675 3.42005 3.4243 3.42954 3.4358 3.44312 3.45155 3.46113 3.47189 3.48387 3.49709 3.51157 3.52732 3.54432 3.56256 3.58201 3.60261 3.62431 3.64701 3.67063 3.69506 3.72017 3.74584 3.77191 3.79825 3.82471 3.85111 3.87731 3.90316 3.9285 3.95319 3.9771 4.00009 4.02204 4.04286 4.06245 4.08072 4.0976 4.11302 4.12693 4.13929 4.15006 4.15921 4.16672 4.17256 4.17672 4.1792 4.17997 4.17905 4.17642 4.17209 4.16605 4.15833 4.14894 4.1379 4.12524 4.11099 4.09521 4.07795 4.05929 4.03931 4.0181 3.99576 3.97242 3.9482 3.92324 3.89769 3.8717 3.84542 3.81902 3.79266 3.76649 3.74066 3.71532 3.69061 3.66666 3.64356 3.62143 3.60035 3.58039 3.5616 3.54403 3.52768 3.51259 3.49874 3.48613 3.47473 3.46451 3.45544 3.44749 3.4406 3.43475 3.42989 3.42599 3.42302 3.42096 3.41979 
3.41315 3.41375 3.41526 3.41769 3.42107 3.42543 3.43079 3.43721 3.44471 3.45334 3.46315 3.47416 3.48642 3.49994 3.51474 3.53083 3.5482 3.56682 3.58667 3.60768 3.6298 3.65293 3.67699 3.70186 3.72741 3.7535 3.78001 3.80676 3.83362 3.86041 3.88698 3.91318 3.93884 3.96384 3.98802 4.01127 4.03346 4.05449 4.07426 4.0927 4.10972 4.12527 4.13929 4.15174 4.16259 4.17181 4.17936 4.18525 4.18945 4.19194 4.19273 4.19181 4.18918 4.18483 4.17876 4.171 4.16155 4.15044 4.13769 4.12333 4.10742 4.09002 4.07118 4.051 4.02956 4.00698 3.98336 3.95884 3.93356 3.90766 3.8813 3.85464 3.82784 3.80106 3.77446 3.7482 3.72242 3.69726 3.67286 3.64933 3.62677 3.60528 3.58491 3.56573 3.54778 3.53108 3.51566 3.5015 3.4886 3.47693 3.46647 3.45718 3.44903 3.44198 3.43598 3.431 3.427 3.42395 3.42183 3.42063 
3.41389 3.4145 3.41604 3.41853 3.42198 3.42643 3.43191 3.43846 3.44612 3.45493 3.46494 3.47617 3.48867 3.50245 3.51754 3.53393 3.55161 3.57057 3.59077 3.61214 3.63463 3.65814 3.68258 3.70783 3.73376 3.76023 3.78711 3.81423 3.84143 3.86855 3.89544 3.92194 3.94789 3.97314 3.99757 4.02104 4.04343 4.06464 4.08457 4.10315 4.12029 4.13595 4.15006 4.16259 4.1735 4.18277 4.19038 4.1963 4.20052 4.20304 4.20384 4.20292 4.20028 4.19592 4.18983 4.18204 4.17254 4.16137 4.14854 4.1341 4.11808 4.10054 4.08156 4.06121 4.03958 4.01678 3.99293 3.96815 3.94259 3.9164 3.88972 3.86272 3.83557 3.80843 3.78145 3.75481 3.72865 3.70311 3.67832 3.65441 3.63148 3.60961 3.58889 3.56937 3.55109 3.53408 3.51837 3.50393 3.49078 3.47888 3.46821 3.45873 3.45041 3.4432 3.43707 3.43198 3.4279 3.42478 3.42262 3.42138 
3.41454 3.41516 3.41673 3.41926 3.42277 3.4273 3.43288 3.43954 3.44734 3.4563 3.46648 3.4779 3.49061 3.50462 3.51994 3.53659 3.55455 3.5738 3.59429 3.61597 3.63877 3.6626 3.68736 3.71294 3.73919 3.76599 3.79317 3.82059 3.84809 3.8755 3.90266 3.92941 3.95559 3.98107 4.0057 4.02935 4.05191 4.07327 4.09333 4.11203 4.12927 4.14502 4.15921 4.17181 4.18277 4.19209 4.19973 4.20568 4.20993 4.21246 4.21328 4.21236 4.20972 4.20534 4.19924 4.19141 4.18188 4.17066 4.15777 4.14325 4.12714 4.1095 4.09039 4.0699 4.04811 4.02513 4.00108 3.97609 3.95029 3.92384 3.8969 3.86962 3.84217 3.81472 3.78743 3.76046 3.73398 3.70811 3.68299 3.65876 3.6355 3.61333 3.5923 3.57249 3.55393 3.53666 3.52069 3.50603 3.49266 3.48056 3.4697 3.46006 3.4516 3.44426 3.43802 3.43284 3.42867 3.4255 3.42329 3.42204 
3.41508 3.41571 3.4173 3.41987 3.42344 3.42803 3.43369 3.44045 3.44835 3.45744 3.46776 3.47934 3.49222 3.50641 3.52194 3.5388 3.55698 3.57646 3.5972 3.61913 3.64219 3.66628 3.69131 3.71714 3.74366 3.77072 3.79816 3.82583 3.85357 3.88121 3.90858 3.93554 3.96192 3.98758 4.01237 4.03617 4.05887 4.08035 4.10052 4.11931 4.13664 4.15246 4.16672 4.17936 4.19038 4.19973 4.2074 4.21338 4.21765 4.22019 4.22101 4.2201 4.21745 4.21307 4.20695 4.19911 4.18954 4.17828 4.16534 4.15076 4.13457 4.11684 4.09764 4.07703 4.05511 4.03198 4.00777 3.9826 3.95661 3.92996 3.90279 3.87528 3.84759 3.81989 3.79235 3.76512 3.73836 3.71223 3.68685 3.66234 3.63883 3.6164 3.59512 3.57507 3.55629 3.5388 3.52262 3.50777 3.49422 3.48195 3.47095 3.46117 3.45259 3.44515 3.43881 3.43355 3.42933 3.42611 3.42387 3.42259 
3.41551 3.41615 3.41776 3.42036 3.42396 3.42861 3.43433 3.44117 3.44916 3.45835 3.46878 3.48048 3.49349 3.50783 3.52351 3.54053 3.55889 3.57855 3.59947 3.6216 3.64486 3.66915 3.69438 3.72043 3.74715 3.77441 3.80205 3.82991 3.85783 3.88565 3.9132 3.94031 3.96684 3.99264 4.01756 4.04148 4.06428 4.08586 4.10612 4.12498 4.14238 4.15825 4.17256 4.18525 4.1963 4.20568 4.21338 4.21937 4.22366 4.22621 4.22704 4.22613 4.22348 4.21909 4.21296 4.2051 4.19551 4.18421 4.17123 4.1566 4.14036 4.12256 4.10327 4.08257 4.06055 4.03731 4.01298 3.98767 3.96153 3.93472 3.90738 3.87969 3.85182 3.82392 3.79618 3.76874 3.74178 3.71544 3.68985 3.66514 3.64143 3.61879 3.59733 3.57709 3.55813 3.54047 3.52414 3.50913 3.49544 3.48305 3.47193 3.46205 3.45337 3.44585 3.43944 3.43412 3.42985 3.42659 3.42432 3.42303 
3.41584 3.41648 3.4181 3.42072 3.42435 3.42904 3.4348 3.44169 3.44975 3.459 3.46951 3.4813 3.4944 3.50884 3.52463 3.54177 3.56025 3.58004 3.60109 3.62336 3.64676 3.6712 3.69657 3.72276 3.74962 3.77702 3.8048 3.8328 3.86086 3.8888 3.91647 3.9437 3.97033 3.99623 4.02124 4.04525 4.06812 4.08977 4.1101 4.12902 4.14646 4.16238 4.17672 4.18945 4.20052 4.20993 4.21765 4.22366 4.22795 4.23051 4.23135 4.23044 4.22779 4.22339 4.21725 4.20937 4.19976 4.18844 4.17543 4.16076 4.14448 4.12663 4.10728 4.08652 4.06442 4.0411 4.01667 3.99126 3.96502 3.93809 3.91064 3.88282 3.85481 3.82678 3.79889 3.77132 3.74421 3.71772 3.69199 3.66713 3.64327 3.6205 3.5989 3.57854 3.55945 3.54167 3.52523 3.51012 3.49633 3.48385 3.47264 3.46269 3.45394 3.44636 3.4399 3.43454 3.43023 3.42694 3.42466 3.42336 
3.41604 3.41669 3.41832 3.42095 3.4246 3.4293 3.4351 3.44202 3.45011 3.45941 3.46996 3.4818 3.49496 3.50946 3.52531 3.54251 3.56106 3.58092 3.60206 3.6244 3.64788 3.6724 3.69785 3.72412 3.75107 3.77855 3.80641 3.83449 3.86262 3.89064 3.91838 3.94568 3.97238 3.99833 4.0234 4.04746 4.07039 4.09208 4.11245 4.1314 4.14888 4.16483 4.1792 4.19194 4.20304 4.21246 4.22019 4.22621 4.23051 4.23308 4.23392 4.23301 4.23036 4.22596 4.21981 4.21192 4.20229 4.19095 4.17792 4.16323 4.14691 4.12903 4.10965 4.08884 4.06669 4.04332 4.01884 3.99337 3.96706 3.94006 3.91254 3.88465 3.85656 3.82845 3.80048 3.77282 3.74563 3.71905 3.69324 3.6683 3.64436 3.62151 3.59983 3.57939 3.56023 3.54239 3.52588 3.51071 3.49686 3.48433 3.47308 3.46308 3.45429 3.44667 3.44019 3.4348 3.43047 3.42717 3.42487 3.42356 
