5.15283 5.15302 5.15327 5.1536 5.15401 5.15448 5.15504 5.15567 5.15637 5.15716 5.15802 5.15897 5.16 5.16111 5.16231 5.16359 5.16496 5.16641 5.16795 5.16958 5.17128 5.17306 5.17492 5.17685 5.17884 5.18089 5.18299 5.18514 5.18732 5.18952 5.19174 5.19396 5.19618 5.19837 5.20053 5.20265 5.2047 5.20669 5.20859 5.21039 5.21209 5.21366 5.21511 5.21641 5.21756 5.21855 5.21938 5.22003 5.22051 5.2208 5.22092 5.22085 5.2206 5.22017 5.21957 5.21879 5.21785 5.21676 5.21551 5.21412 5.2126 5.21097 5.20922 5.20739 5.20547 5.20348 5.20144 5.19935 5.19723 5.1951 5.19297 5.19084 5.18873 5.18665 5.18461 5.18261 5.18068 5.17881 5.17701 5.17529 5.17366 5.17211 5.17065 5.16928 5.168 5.16682 5.16574 5.16475 5.16386 5.16306 5.16235 5.16173 5.1612 5.16075 5.16039 5.16011 5.15992 5.1598 5.15976 5.15979 
5.15302 5.1532 5.15346 5.15379 5.15419 5.15467 5.15523 5.15586 5.15657 5.15736 5.15823 5.15918 5.16022 5.16134 5.16255 5.16384 5.16522 5.16668 5.16823 5.16987 5.17159 5.17338 5.17526 5.1772 5.17921 5.18128 5.18339 5.18556 5.18776 5.18998 5.19222 5.19446 5.19669 5.19891 5.20109 5.20322 5.2053 5.2073 5.20921 5.21103 5.21274 5.21433 5.21579 5.2171 5.21826 5.21926 5.22009 5.22075 5.22124 5.22153 5.22165 5.22158 5.22133 5.2209 5.22029 5.2195 5.21855 5.21745 5.21619 5.21479 5.21326 5.2116 5.20985 5.20799 5.20606 5.20405 5.20199 5.19988 5.19775 5.1956 5.19344 5.19129 5.18917 5.18707 5.18501 5.183 5.18105 5.17916 5.17735 5.17562 5.17397 5.1724 5.17093 5.16955 5.16826 5.16707 5.16598 5.16498 5.16408 5.16327 5.16256 5.16193 5.1614 5.16095 5.16059 5.16031 5.16011 5.15998 5.15994 5.15997 
5.15327 5.15346 5.15372 5.15405 5.15446 5.15495 5.15552 5.15616 5.15688 5.15769 5.15857 5.15955 5.1606 5.16175 5.16298 5.1643 5.16571 5.16721 5.16879 5.17046 5.17222 5.17406 5.17597 5.17796 5.18001 5.18213 5.18429 5.18651 5.18875 5.19103 5.19332 5.19561 5.19789 5.20015 5.20238 5.20456 5.20668 5.20873 5.21069 5.21255 5.21429 5.21591 5.2174 5.21874 5.21993 5.22095 5.2218 5.22247 5.22296 5.22327 5.22338 5.22331 5.22305 5.22261 5.22199 5.22118 5.22021 5.21908 5.21779 5.21636 5.21479 5.21311 5.21131 5.20941 5.20743 5.20538 5.20327 5.20112 5.19894 5.19674 5.19453 5.19233 5.19016 5.18801 5.1859 5.18385 5.18185 5.17992 5.17807 5.17629 5.1746 5.173 5.17149 5.17008 5.16876 5.16754 5.16642 5.1654 5.16447 5.16364 5.16291 5.16226 5.16171 5.16125 5.16088 5.16059 5.16038 5.16025 5.1602 5.16023 
5.1536 5.15379 5.15405 5.15439 5.15481 5.15532 5.1559 5.15656 5.15731 5.15814 5.15905 5.16006 5.16115 5.16234 5.16361 5.16498 5.16644 5.16799 5.16963 5.17136 5.17318 5.17509 5.17707 5.17913 5.18126 5.18345 5.18569 5.18798 5.19031 5.19266 5.19503 5.19741 5.19977 5.20211 5.20441 5.20667 5.20886 5.21098 5.21301 5.21493 5.21673 5.21841 5.21995 5.22133 5.22256 5.22361 5.22449 5.22518 5.22569 5.226 5.22612 5.22604 5.22578 5.22532 5.22467 5.22384 5.22283 5.22166 5.22032 5.21884 5.21722 5.21547 5.21361 5.21165 5.2096 5.20747 5.20529 5.20306 5.2008 5.19852 5.19623 5.19396 5.1917 5.18947 5.18729 5.18516 5.18309 5.18108 5.17916 5.17732 5.17556 5.1739 5.17233 5.17086 5.16949 5.16822 5.16705 5.16599 5.16502 5.16416 5.16339 5.16272 5.16214 5.16166 5.16126 5.16095 5.16073 5.1606 5.16054 5.16057 
5.15401 5.15419 5.15446 5.15481 5.15525 5.15577 5.15638 5.15707 5.15784 5.15871 5.15967 5.16072 5.16187 5.16311 5.16444 5.16587 5.1674 5.16903 5.17075 5.17257 5.17448 5.17647 5.17855 5.18071 5.18294 5.18523 5.18759 5.18999 5.19243 5.19489 5.19737 5.19986 5.20233 5.20478 5.20719 5.20955 5.21185 5.21406 5.21618 5.21818 5.22007 5.22182 5.22343 5.22487 5.22615 5.22725 5.22816 5.22889 5.22941 5.22974 5.22986 5.22978 5.2295 5.22901 5.22833 5.22746 5.22641 5.22518 5.22378 5.22223 5.22053 5.2187 5.21675 5.2147 5.21255 5.21033 5.20804 5.2057 5.20333 5.20094 5.19855 5.19616 5.19379 5.19146 5.18917 5.18693 5.18476 5.18265 5.18063 5.17869 5.17685 5.1751 5.17345 5.1719 5.17046 5.16912 5.16789 5.16676 5.16574 5.16483 5.16401 5.1633 5.16269 5.16217 5.16175 5.16141 5.16117 5.16102 5.16095 5.16097 
5.15448 5.15467 5.15495 5.15532 5.15577 5.15631 5.15695 5.15768 5.1585 5.15941 5.16042 5.16153 5.16275 5.16406 5.16547 5.16699 5.16861 5.17033 5.17216 5.17408 5.1761 5.17822 5.18042 5.1827 5.18507 5.1875 5.18999 5.19253 5.19511 5.19772 5.20034 5.20296 5.20558 5.20817 5.21071 5.21321 5.21563 5.21796 5.2202 5.22232 5.2243 5.22615 5.22784 5.22936 5.23071 5.23187 5.23283 5.23359 5.23414 5.23448 5.23461 5.23452 5.23422 5.2337 5.23298 5.23206 5.23095 5.22965 5.22817 5.22653 5.22473 5.2228 5.22074 5.21857 5.2163 5.21394 5.21152 5.20905 5.20655 5.20402 5.20148 5.19895 5.19645 5.19397 5.19154 5.18917 5.18687 5.18463 5.18249 5.18043 5.17847 5.17661 5.17485 5.1732 5.17166 5.17024 5.16892 5.16772 5.16663 5.16565 5.16478 5.16401 5.16335 5.16279 5.16233 5.16196 5.1617 5.16153 5.16145 5.16146 
5.15504 5.15523 5.15552 5.1559 5.15638 5.15695 5.15762 5.15839 5.15926 5.16024 5.16132 5.1625 5.16379 5.16519 5.1667 5.16833 5.17006 5.1719 5.17385 5.1759 5.17806 5.18032 5.18268 5.18512 5.18764 5.19024 5.19289 5.1956 5.19836 5.20114 5.20393 5.20673 5.20952 5.21227 5.21499 5.21764 5.22021 5.2227 5.22507 5.22732 5.22944 5.2314 5.23319 5.23481 5.23624 5.23746 5.23848 5.23929 5.23987 5.24023 5.24036 5.24026 5.23993 5.23939 5.23862 5.23764 5.23645 5.23506 5.23349 5.23174 5.22983 5.22777 5.22557 5.22326 5.22084 5.21833 5.21575 5.21311 5.21044 5.20774 5.20504 5.20234 5.19966 5.19702 5.19442 5.19188 5.18941 5.18703 5.18472 5.18252 5.18042 5.17842 5.17653 5.17476 5.17311 5.17158 5.17016 5.16886 5.16768 5.16662 5.16568 5.16484 5.16412 5.16351 5.16301 5.16261 5.16231 5.16211 5.16201 5.16201 
5.15567 5.15586 5.15616 5.15656 5.15707 5.15768 5.15839 5.15922 5.16015 5.16119 5.16235 5.16362 5.16501 5.16652 5.16814 5.16989 5.17175 5.17373 5.17583 5.17804 5.18037 5.1828 5.18533 5.18795 5.19066 5.19345 5.19631 5.19922 5.20217 5.20516 5.20816 5.21116 5.21415 5.2171 5.22 5.22284 5.2256 5.22826 5.2308 5.23321 5.23547 5.23756 5.23948 5.24121 5.24273 5.24404 5.24512 5.24598 5.2466 5.24698 5.24711 5.247 5.24665 5.24606 5.24524 5.24418 5.24291 5.24142 5.23974 5.23786 5.23581 5.2336 5.23125 5.22877 5.22617 5.22348 5.22071 5.21789 5.21501 5.21212 5.20921 5.20631 5.20343 5.20059 5.19779 5.19506 5.1924 5.18983 5.18735 5.18497 5.1827 5.18054 5.17851 5.17659 5.1748 5.17313 5.1716 5.17019 5.16891 5.16775 5.16672 5.16581 5.16502 5.16434 5.16379 5.16334 5.16301 5.16278 5.16266 5.16265 
5.15637 5.15657 5.15688 5.15731 5.15784 5.1585 5.15926 5.16015 5.16115 5.16228 5.16353 5.1649 5.1664 5.16803 5.16979 5.17167 5.17369 5.17583 5.1781 5.1805 5.18301 5.18564 5.18837 5.19121 5.19414 5.19715 5.20023 5.20338 5.20656 5.20978 5.21302 5.21625 5.21947 5.22265 5.22577 5.22883 5.2318 5.23465 5.23738 5.23997 5.2424 5.24464 5.2467 5.24855 5.25018 5.25159 5.25275 5.25366 5.25432 5.25473 5.25487 5.25475 5.25437 5.25373 5.25284 5.2517 5.25033 5.24873 5.24691 5.24489 5.24268 5.2403 5.23777 5.23509 5.2323 5.2294 5.22642 5.22337 5.22027 5.21715 5.21401 5.21088 5.20777 5.20469 5.20167 5.19872 5.19584 5.19305 5.19037 5.18779 5.18532 5.18298 5.18077 5.17868 5.17673 5.17492 5.17324 5.1717 5.1703 5.16903 5.1679 5.1669 5.16603 5.16528 5.16467 5.16417 5.16379 5.16353 5.16339 5.16336 
5.15716 5.15736 5.15769 5.15814 5.15871 5.15941 5.16024 5.16119 5.16228 5.1635 5.16485 5.16634 5.16797 5.16973 5.17164 5.17369 5.17588 5.17821 5.18067 5.18327 5.186 5.18885 5.19182 5.19489 5.19807 5.20133 5.20467 5.20808 5.21153 5.21501 5.21851 5.22201 5.22548 5.22892 5.23229 5.23559 5.23879 5.24187 5.24482 5.2476 5.25022 5.25264 5.25485 5.25684 5.2586 5.26011 5.26135 5.26234 5.26304 5.26347 5.26362 5.26348 5.26307 5.26238 5.26141 5.26018 5.2587 5.25697 5.25501 5.25283 5.25044 5.24787 5.24513 5.24224 5.23922 5.23609 5.23286 5.22956 5.22621 5.22283 5.21943 5.21604 5.21266 5.20933 5.20606 5.20285 5.19972 5.1967 5.19377 5.19097 5.18828 5.18573 5.18332 5.18104 5.17891 5.17693 5.1751 5.17341 5.17187 5.17048 5.16923 5.16813 5.16716 5.16634 5.16565 5.16509 5.16467 5.16437 5.1642 5.16415 
5.15802 5.15823 5.15857 5.15905 5.15967 5.16042 5.16132 5.16235 5.16353 5.16485 5.16632 5.16794 5.16971 5.17163 5.17371 5.17594 5.17832 5.18085 5.18354 5.18637 5.18933 5.19243 5.19566 5.19901 5.20246 5.206 5.20963 5.21332 5.21707 5.22084 5.22463 5.22842 5.23219 5.23591 5.23956 5.24313 5.24659 5.24992 5.2531 5.25611 5.25893 5.26154 5.26393 5.26608 5.26797 5.26959 5.27093 5.27199 5.27275 5.2732 5.27336 5.27321 5.27276 5.27201 5.27096 5.26963 5.26802 5.26615 5.26402 5.26166 5.25908 5.2563 5.25333 5.2502 5.24693 5.24354 5.24004 5.23646 5.23283 5.22916 5.22547 5.22179 5.21813 5.21451 5.21094 5.20746 5.20406 5.20076 5.19757 5.19451 5.19158 5.1888 5.18616 5.18367 5.18134 5.17917 5.17716 5.1753 5.17361 5.17208 5.1707 5.16948 5.16842 5.1675 5.16673 5.16611 5.16563 5.16529 5.16509 5.16503 
5.15897 5.15918 5.15955 5.16006 5.16072 5.16153 5.1625 5.16362 5.1649 5.16634 5.16794 5.1697 5.17163 5.17373 5.17599 5.17842 5.18102 5.18378 5.1867 5.18979 5.19302 5.1964 5.19991 5.20355 5.2073 5.21116 5.2151 5.21911 5.22318 5.22728 5.23139 5.2355 5.23958 5.24361 5.24757 5.25143 5.25518 5.25878 5.26222 5.26547 5.26852 5.27134 5.27392 5.27624 5.27828 5.28003 5.28147 5.28261 5.28342 5.28391 5.28408 5.28391 5.28342 5.2826 5.28146 5.28002 5.27828 5.27625 5.27395 5.27139 5.2686 5.26558 5.26237 5.25897 5.25543 5.25174 5.24795 5.24407 5.24013 5.23614 5.23214 5.22813 5.22415 5.22021 5.21634 5.21254 5.20883 5.20524 5.20176 5.19842 5.19523 5.19218 5.1893 5.18657 5.18402 5.18164 5.17943 5.17739 5.17553 5.17384 5.17233 5.17098 5.1698 5.16878 5.16793 5.16723 5.16669 5.1663 5.16607 5.16598 
5.16 5.16022 5.1606 5.16115 5.16187 5.16275 5.16379 5.16501 5.1664 5.16797 5.16971 5.17163 5.17373 5.17602 5.17849 5.18114 5.18397 5.18698 5.19017 5.19353 5.19705 5.20073 5.20456 5.20852 5.2126 5.2168 5.22108 5.22544 5.22986 5.23431 5.23878 5.24324 5.24766 5.25203 5.25632 5.2605 5.26455 5.26845 5.27217 5.27569 5.27899 5.28203 5.28482 5.28732 5.28952 5.29141 5.29296 5.29419 5.29506 5.29559 5.29576 5.29557 5.29503 5.29415 5.29291 5.29135 5.28946 5.28726 5.28477 5.282 5.27897 5.2757 5.27222 5.26854 5.2647 5.2607 5.25659 5.25238 5.2481 5.24377 5.23942 5.23507 5.23074 5.22645 5.22223 5.2181 5.21406 5.21014 5.20635 5.2027 5.19921 5.19588 5.19273 5.18975 5.18695 5.18434 5.18191 5.17968 5.17763 5.17577 5.1741 5.17261 5.1713 5.17017 5.16922 5.16845 5.16784 5.1674 5.16713 5.16702 
5.16111 5.16134 5.16175 5.16234 5.16311 5.16406 5.16519 5.16652 5.16803 5.16973 5.17163 5.17373 5.17602 5.17851 5.1812 5.18409 5.18718 5.19047 5.19394 5.1976 5.20144 5.20544 5.20961 5.21392 5.21836 5.22292 5.22758 5.23231 5.23711 5.24194 5.24679 5.25162 5.25641 5.26115 5.26579 5.27032 5.2747 5.27892 5.28294 5.28674 5.2903 5.2936 5.2966 5.2993 5.30167 5.3037 5.30538 5.3067 5.30764 5.3082 5.30838 5.30818 5.30759 5.30662 5.30529 5.30359 5.30155 5.29917 5.29647 5.29347 5.29019 5.28665 5.28288 5.2789 5.27473 5.2704 5.26594 5.26138 5.25673 5.25203 5.24731 5.24258 5.23788 5.23322 5.22863 5.22413 5.21973 5.21546 5.21133 5.20735 5.20354 5.1999 5.19645 5.19319 5.19013 5.18727 5.18461 5.18216 5.17991 5.17786 5.17602 5.17438 5.17293 5.17168 5.17063 5.16976 5.16908 5.16859 5.16828 5.16815 
5.16231 5.16255 5.16298 5.16361 5.16444 5.16547 5.1667 5.16814 5.16979 5.17164 5.17371 5.17599 5.17849 5.1812 5.18414 5.18729 5.19065 5.19423 5.19801 5.20199 5.20617 5.21053 5.21506 5.21974 5.22457 5.22952 5.23458 5.23972 5.24492 5.25015 5.2554 5.26064 5.26583 5.27095 5.27598 5.28087 5.28561 5.29017 5.29451 5.29862 5.30246 5.30601 5.30925 5.31216 5.31471 5.3169 5.31871 5.32012 5.32113 5.32174 5.32192 5.3217 5.32106 5.32001 5.31857 5.31673 5.31452 5.31195 5.30903 5.30579 5.30224 5.29841 5.29433 5.29002 5.28551 5.28083 5.276 5.27105 5.26601 5.26092 5.2558 5.25067 5.24556 5.2405 5.23551 5.23062 5.22584 5.22119 5.21669 5.21236 5.2082 5.20424 5.20047 5.19691 5.19356 5.19043 5.18752 5.18483 5.18236 5.18011 5.17809 5.17628 5.17469 5.17331 5.17214 5.17118 5.17042 5.16987 5.16951 5.16936 
5.16359 5.16384 5.1643 5.16498 5.16587 5.16699 5.16833 5.16989 5.17167 5.17369 5.17594 5.17842 5.18114 5.18409 5.18729 5.19071 5.19437 5.19826 5.20238 5.20671 5.21125 5.21598 5.2209 5.22598 5.23122 5.23659 5.24207 5.24764 5.25327 5.25894 5.26462 5.27028 5.2759 5.28143 5.28686 5.29214 5.29726 5.30218 5.30686 5.31128 5.31542 5.31925 5.32274 5.32587 5.32862 5.33097 5.33292 5.33443 5.33552 5.33616 5.33636 5.33611 5.33542 5.33429 5.33272 5.33074 5.32835 5.32557 5.32242 5.31892 5.31509 5.31096 5.30655 5.3019 5.29702 5.29196 5.28673 5.28138 5.27594 5.27042 5.26487 5.25932 5.25378 5.2483 5.24288 5.23757 5.23238 5.22733 5.22244 5.21772 5.2132 5.20888 5.20478 5.20089 5.19724 5.19382 5.19064 5.18769 5.18499 5.18253 5.18031 5.17832 5.17657 5.17505 5.17376 5.1727 5.17186 5.17124 5.17084 5.17065 
5.16496 5.16522 5.16571 5.16644 5.1674 5.16861 5.17006 5.17175 5.17369 5.17588 5.17832 5.18102 5.18397 5.18718 5.19065 5.19437 5.19835 5.20257 5.20704 5.21174 5.21666 5.22179 5.22712 5.23263 5.23831 5.24412 5.25005 5.25607 5.26216 5.26829 5.27442 5.28054 5.28659 5.29256 5.29841 5.30411 5.30962 5.31492 5.31996 5.32472 5.32917 5.33329 5.33704 5.3404 5.34335 5.34588 5.34797 5.34959 5.35075 5.35144 5.35165 5.35138 5.35063 5.34941 5.34772 5.34559 5.34301 5.34002 5.33662 5.33285 5.32872 5.32427 5.31952 5.3145 5.30924 5.30377 5.29814 5.29236 5.28648 5.28052 5.27452 5.26851 5.26252 5.25659 5.25073 5.24497 5.23934 5.23387 5.22856 5.22344 5.21853 5.21383 5.20937 5.20514 5.20116 5.19743 5.19396 5.19075 5.1878 5.18511 5.18268 5.1805 5.17858 5.17691 5.17549 5.17432 5.17339 5.1727 5.17225 5.17204 
5.16641 5.16668 5.16721 5.16799 5.16903 5.17033 5.1719 5.17373 5.17583 5.17821 5.18085 5.18378 5.18698 5.19047 5.19423 5.19826 5.20257 5.20715 5.21199 5.21708 5.22241 5.22796 5.23373 5.23969 5.24582 5.25209 5.2585 5.265 5.27157 5.27817 5.28479 5.29137 5.2979 5.30432 5.31062 5.31675 5.32267 5.32836 5.33378 5.33889 5.34367 5.34808 5.35211 5.35571 5.35888 5.36159 5.36382 5.36557 5.36681 5.36754 5.36775 5.36746 5.36665 5.36533 5.36352 5.36122 5.35846 5.35524 5.35159 5.34753 5.34309 5.3383 5.33319 5.32779 5.32213 5.31625 5.31017 5.30395 5.29761 5.29119 5.28472 5.27824 5.27177 5.26536 5.25903 5.25281 5.24672 5.24079 5.23505 5.2295 5.22417 5.21908 5.21424 5.20965 5.20532 5.20127 5.19749 5.194 5.19078 5.18785 5.18519 5.18282 5.18072 5.17889 5.17733 5.17604 5.17502 5.17425 5.17375 5.1735 
5.16795 5.16823 5.16879 5.16963 5.17075 5.17216 5.17385 5.17583 5.1781 5.18067 5.18354 5.1867 5.19017 5.19394 5.19801 5.20238 5.20704 5.21199 5.21722 5.22272 5.22847 5.23447 5.24069 5.24712 5.25373 5.2605 5.2674 5.2744 5.28147 5.28858 5.29569 5.30277 5.30978 5.31668 5.32344 5.33001 5.33637 5.34247 5.34828 5.35376 5.35888 5.3636 5.36791 5.37177 5.37516 5.37805 5.38044 5.3823 5.38362 5.3844 5.38463 5.38431 5.38344 5.38203 5.38008 5.37762 5.37465 5.37119 5.36728 5.36293 5.35817 5.35303 5.34754 5.34174 5.33566 5.32934 5.32282 5.31613 5.30931 5.30241 5.29544 5.28846 5.2815 5.27459 5.26777 5.26106 5.25449 5.24809 5.24188 5.23589 5.23013 5.22462 5.21938 5.2144 5.20972 5.20532 5.20122 5.19743 5.19393 5.19074 5.18785 5.18526 5.18297 5.18098 5.17927 5.17786 5.17674 5.1759 5.17534 5.17506 
5.16958 5.16987 5.17046 5.17136 5.17257 5.17408 5.1759 5.17804 5.1805 5.18327 5.18637 5.18979 5.19353 5.1976 5.20199 5.20671 5.21174 5.21708 5.22272 5.22864 5.23485 5.24131 5.24801 5.25493 5.26204 5.26931 5.27673 5.28425 5.29184 5.29947 5.3071 5.31469 5.32221 5.3296 5.33684 5.34388 5.35068 5.35721 5.36342 5.36928 5.37475 5.3798 5.3844 5.38852 5.39213 5.39522 5.39777 5.39975 5.40116 5.40198 5.40222 5.40188 5.40094 5.39943 5.39735 5.39471 5.39153 5.38784 5.38365 5.37899 5.3739 5.3684 5.36252 5.35631 5.3498 5.34303 5.33604 5.32887 5.32156 5.31414 5.30667 5.29917 5.29169 5.28427 5.27693 5.26971 5.26264 5.25574 5.24906 5.2426 5.23639 5.23044 5.22477 5.2194 5.21434 5.20958 5.20515 5.20103 5.19725 5.19378 5.19065 5.18784 5.18535 5.18318 5.18132 5.17978 5.17855 5.17763 5.17701 5.1767 
5.17128 5.17159 5.17222 5.17318 5.17448 5.1761 5.17806 5.18037 5.18301 5.186 5.18933 5.19302 5.19705 5.20144 5.20617 5.21125 5.21666 5.22241 5.22847 5.23485 5.24151 5.24846 5.25565 5.26308 5.27071 5.27852 5.28647 5.29452 5.30266 5.31083 5.31899 5.32711 5.33515 5.34305 5.35078 5.3583 5.36556 5.37253 5.37915 5.3854 5.39123 5.39661 5.40151 5.4059 5.40975 5.41304 5.41574 5.41785 5.41935 5.42022 5.42048 5.4201 5.4191 5.41748 5.41526 5.41245 5.40906 5.40512 5.40065 5.39568 5.39024 5.38437 5.37809 5.37146 5.3645 5.35727 5.34979 5.34212 5.3343 5.32636 5.31836 5.31033 5.30231 5.29435 5.28648 5.27873 5.27114 5.26374 5.25655 5.2496 5.24292 5.23652 5.23042 5.22463 5.21917 5.21404 5.20925 5.20481 5.20072 5.19697 5.19358 5.19054 5.18784 5.18548 5.18347 5.18179 5.18045 5.17944 5.17876 5.17841 
5.17306 5.17338 5.17406 5.17509 5.17647 5.17822 5.18032 5.1828 5.18564 5.18885 5.19243 5.1964 5.20073 5.20544 5.21053 5.21598 5.22179 5.22796 5.23447 5.24131 5.24846 5.2559 5.26361 5.27156 5.27973 5.28808 5.29658 5.30519 5.31388 5.3226 5.33132 5.33998 5.34855 5.35698 5.36522 5.37323 5.38096 5.38837 5.39542 5.40207 5.40827 5.41399 5.4192 5.42386 5.42795 5.43144 5.43431 5.43655 5.43813 5.43906 5.43932 5.43892 5.43785 5.43613 5.43377 5.43077 5.42716 5.42297 5.41821 5.41292 5.40713 5.40088 5.3942 5.38713 5.37972 5.372 5.36403 5.35585 5.3475 5.33903 5.33048 5.3219 5.31333 5.30482 5.2964 5.2881 5.27998 5.27204 5.26434 5.25689 5.24972 5.24285 5.2363 5.23008 5.22421 5.21869 5.21353 5.20875 5.20434 5.2003 5.19664 5.19335 5.19044 5.18789 5.18571 5.18389 5.18244 5.18134 5.1806 5.18021 
5.17492 5.17526 5.17597 5.17707 5.17855 5.18042 5.18268 5.18533 5.18837 5.19182 5.19566 5.19991 5.20456 5.20961 5.21506 5.2209 5.22712 5.23373 5.24069 5.24801 5.25565 5.26361 5.27184 5.28034 5.28905 5.29797 5.30703 5.31622 5.32548 5.33477 5.34405 5.35327 5.36238 5.37134 5.3801 5.38861 5.39682 5.40469 5.41217 5.41922 5.4258 5.43187 5.43739 5.44233 5.44666 5.45036 5.4534 5.45576 5.45744 5.45842 5.45869 5.45826 5.45713 5.4553 5.45279 5.44961 5.44578 5.44133 5.43628 5.43066 5.42452 5.41788 5.41078 5.40327 5.39539 5.38719 5.37871 5.37 5.36112 5.3521 5.34299 5.33385 5.32472 5.31564 5.30665 5.2978 5.28911 5.28064 5.27241 5.26444 5.25677 5.24941 5.24239 5.23573 5.22943 5.22351 5.21798 5.21284 5.2081 5.20376 5.19982 5.19628 5.19314 5.19039 5.18804 5.18608 5.18451 5.18332 5.18251 5.18208 
5.17685 5.1772 5.17796 5.17913 5.18071 5.1827 5.18512 5.18795 5.19121 5.19489 5.19901 5.20355 5.20852 5.21392 5.21974 5.22598 5.23263 5.23969 5.24712 5.25493 5.26308 5.27156 5.28034 5.28938 5.29867 5.30815 5.31779 5.32756 5.3374 5.34727 5.35712 5.36691 5.37658 5.38609 5.39537 5.40439 5.41309 5.42142 5.42934 5.4368 5.44376 5.45018 5.45601 5.46123 5.46581 5.46972 5.47293 5.47543 5.4772 5.47823 5.47851 5.47806 5.47685 5.47492 5.47226 5.46889 5.46484 5.46013 5.45478 5.44884 5.44233 5.43529 5.42777 5.41982 5.41146 5.40277 5.39377 5.38453 5.3751 5.36552 5.35585 5.34613 5.33642 5.32676 5.3172 5.30777 5.29853 5.2895 5.28072 5.27222 5.26403 5.25618 5.24868 5.24156 5.23482 5.22849 5.22257 5.21707 5.21199 5.20734 5.20311 5.19931 5.19594 5.19299 5.19046 5.18835 5.18665 5.18537 5.18449 5.18403 
5.17884 5.17921 5.18001 5.18126 5.18294 5.18507 5.18764 5.19066 5.19414 5.19807 5.20246 5.2073 5.2126 5.21836 5.22457 5.23122 5.23831 5.24582 5.25373 5.26204 5.27071 5.27973 5.28905 5.29867 5.30852 5.31859 5.32882 5.33918 5.34961 5.36007 5.37051 5.38087 5.3911 5.40115 5.41097 5.4205 5.4297 5.4385 5.44686 5.45473 5.46208 5.46884 5.475 5.4805 5.48533 5.48944 5.49283 5.49546 5.49732 5.4984 5.4987 5.49822 5.49695 5.4949 5.49209 5.48854 5.48426 5.47929 5.47365 5.46737 5.46049 5.45306 5.44512 5.4367 5.42787 5.41868 5.40916 5.39938 5.3894 5.37925 5.369 5.3587 5.34841 5.33816 5.32801 5.318 5.30818 5.29858 5.28925 5.28021 5.27149 5.26313 5.25514 5.24755 5.24037 5.23362 5.2273 5.22142 5.216 5.21102 5.2065 5.20244 5.19883 5.19567 5.19295 5.19069 5.18887 5.18748 5.18654 5.18604 
5.18089 5.18128 5.18213 5.18345 5.18523 5.1875 5.19024 5.19345 5.19715 5.20133 5.206 5.21116 5.2168 5.22292 5.22952 5.23659 5.24412 5.25209 5.2605 5.26931 5.27852 5.28808 5.29797 5.30815 5.31859 5.32925 5.34007 5.35103 5.36206 5.37311 5.38413 5.39507 5.40588 5.41648 5.42684 5.43689 5.44657 5.45585 5.46465 5.47294 5.48067 5.48779 5.49427 5.50006 5.50513 5.50946 5.51301 5.51577 5.51773 5.51887 5.51918 5.51866 5.51732 5.51517 5.51221 5.50847 5.50397 5.49873 5.49279 5.48618 5.47894 5.47111 5.46274 5.45387 5.44456 5.43485 5.42481 5.41449 5.40395 5.39323 5.3824 5.37151 5.36062 5.34978 5.33903 5.32843 5.31803 5.30786 5.29796 5.28837 5.27912 5.27024 5.26175 5.25369 5.24605 5.23887 5.23214 5.22588 5.2201 5.2148 5.20998 5.20565 5.20179 5.19842 5.19552 5.1931 5.19114 5.18966 5.18865 5.1881 
5.18299 5.18339 5.18429 5.18569 5.18759 5.18999 5.19289 5.19631 5.20023 5.20467 5.20963 5.2151 5.22108 5.22758 5.23458 5.24207 5.25005 5.2585 5.2674 5.27673 5.28647 5.29658 5.30703 5.31779 5.32882 5.34007 5.3515 5.36306 5.37469 5.38634 5.39795 5.40948 5.42085 5.43201 5.4429 5.45347 5.46365 5.47339 5.48264 5.49135 5.49946 5.50694 5.51373 5.51981 5.52513 5.52966 5.53339 5.53629 5.53833 5.53952 5.53985 5.5393 5.5379 5.53564 5.53253 5.52861 5.52388 5.51838 5.51214 5.50519 5.49759 5.48936 5.48056 5.47123 5.46144 5.45123 5.44067 5.4298 5.41869 5.4074 5.39599 5.38451 5.37302 5.36157 5.35023 5.33904 5.32804 5.31729 5.30682 5.29667 5.28688 5.27748 5.26849 5.25994 5.25184 5.24422 5.23708 5.23044 5.2243 5.21867 5.21354 5.20893 5.20482 5.20123 5.19814 5.19556 5.19348 5.19189 5.19081 5.19022 
5.18514 5.18556 5.18651 5.18798 5.18999 5.19253 5.1956 5.19922 5.20338 5.20808 5.21332 5.21911 5.22544 5.23231 5.23972 5.24764 5.25607 5.265 5.2744 5.28425 5.29452 5.30519 5.31622 5.32756 5.33918 5.35103 5.36306 5.37522 5.38745 5.3997 5.4119 5.42401 5.43595 5.44766 5.45909 5.47018 5.48085 5.49106 5.50076 5.50988 5.51837 5.5262 5.53331 5.53967 5.54523 5.54998 5.55387 5.5569 5.55904 5.56028 5.56062 5.56005 5.55858 5.55621 5.55296 5.54885 5.5439 5.53814 5.5316 5.52432 5.51635 5.50773 5.4985 5.48872 5.47845 5.46774 5.45665 5.44523 5.43357 5.4217 5.4097 5.39763 5.38554 5.3735 5.36155 5.34976 5.33817 5.32683 5.31579 5.30509 5.29475 5.28482 5.27532 5.26628 5.25772 5.24966 5.2421 5.23507 5.22856 5.22259 5.21716 5.21227 5.20791 5.2041 5.20082 5.19807 5.19585 5.19417 5.19301 5.19238 
5.18732 5.18776 5.18875 5.19031 5.19243 5.19511 5.19836 5.20217 5.20656 5.21153 5.21707 5.22318 5.22986 5.23711 5.24492 5.25327 5.26216 5.27157 5.28147 5.29184 5.30266 5.31388 5.32548 5.3374 5.34961 5.36206 5.37469 5.38745 5.40028 5.41313 5.42592 5.4386 5.45111 5.46338 5.47534 5.48693 5.4981 5.50878 5.51891 5.52844 5.53731 5.54549 5.55291 5.55955 5.56536 5.57031 5.57437 5.57753 5.57976 5.58106 5.58141 5.58081 5.57927 5.57679 5.5734 5.56911 5.56393 5.55792 5.55109 5.54349 5.53515 5.52614 5.51649 5.50626 5.49551 5.4843 5.47268 5.46073 5.4485 5.43607 5.42349 5.41082 5.39813 5.38549 5.37295 5.36056 5.34838 5.33645 5.32484 5.31357 5.30269 5.29223 5.28222 5.27269 5.26366 5.25515 5.24718 5.23975 5.23288 5.22657 5.22082 5.21565 5.21104 5.207 5.20353 5.20062 5.19827 5.19648 5.19525 5.19458 
5.18952 5.18998 5.19103 5.19266 5.19489 5.19772 5.20114 5.20516 5.20978 5.21501 5.22084 5.22728 5.23431 5.24194 5.25015 5.25894 5.26829 5.27817 5.28858 5.29947 5.31083 5.3226 5.33477 5.34727 5.36007 5.37311 5.38634 5.3997 5.41313 5.42656 5.43994 5.4532 5.46626 5.47907 5.49156 5.50366 5.51531 5.52645 5.53701 5.54695 5.5562 5.56471 5.57244 5.57935 5.5854 5.59056 5.59479 5.59807 5.6004 5.60174 5.6021 5.60148 5.59988 5.5973 5.59376 5.58929 5.5839 5.57763 5.57051 5.56259 5.5539 5.5445 5.53443 5.52376 5.51254 5.50083 5.4887 5.47621 5.46344 5.45043 5.43727 5.42402 5.41074 5.3975 5.38436 5.37138 5.35861 5.3461 5.33391 5.32208 5.31066 5.29967 5.28915 5.27913 5.26963 5.26068 5.25228 5.24446 5.23722 5.23057 5.22452 5.21906 5.2142 5.20993 5.20626 5.20319 5.20071 5.19882 5.19751 5.1968 
5.19174 5.19222 5.19332 5.19503 5.19737 5.20034 5.20393 5.20816 5.21302 5.21851 5.22463 5.23139 5.23878 5.24679 5.2554 5.26462 5.27442 5.28479 5.29569 5.3071 5.31899 5.33132 5.34405 5.35712 5.37051 5.38413 5.39795 5.4119 5.42592 5.43994 5.45389 5.46771 5.48133 5.49468 5.50769 5.52029 5.53241 5.544 5.55499 5.56532 5.57493 5.58378 5.59182 5.599 5.60528 5.61063 5.61503 5.61844 5.62085 5.62225 5.62262 5.62197 5.6203 5.61762 5.61395 5.6093 5.6037 5.59718 5.58978 5.58154 5.57251 5.56272 5.55225 5.54114 5.52946 5.51726 5.50463 5.49161 5.47829 5.46473 5.451 5.43717 5.4233 5.40947 5.39574 5.38217 5.36881 5.35573 5.34297 5.33059 5.31862 5.3071 5.29608 5.28557 5.27561 5.26621 5.2574 5.24918 5.24158 5.23459 5.22822 5.22248 5.21737 5.21288 5.20902 5.20578 5.20316 5.20117 5.19979 5.19903 
5.19396 5.19446 5.19561 5.19741 5.19986 5.20296 5.20673 5.21116 5.21625 5.22201 5.22842 5.2355 5.24324 5.25162 5.26064 5.27028 5.28054 5.29137 5.30277 5.31469 5.32711 5.33998 5.35327 5.36691 5.38087 5.39507 5.40948 5.42401 5.4386 5.4532 5.46771 5.48209 5.49625 5.51012 5.52364 5.53672 5.54931 5.56134 5.57274 5.58346 5.59343 5.60261 5.61094 5.61838 5.62489 5.63044 5.63499 5.63853 5.64102 5.64247 5.64286 5.64218 5.64045 5.63768 5.63387 5.62905 5.62324 5.61648 5.60881 5.60026 5.59088 5.58073 5.56986 5.55832 5.54619 5.53352 5.52038 5.50685 5.493 5.47889 5.46459 5.45019 5.43575 5.42134 5.40703 5.39288 5.37895 5.36529 5.35198 5.33904 5.32654 5.3145 5.30297 5.29198 5.28156 5.27172 5.2625 5.25389 5.24592 5.2386 5.23192 5.2259 5.22053 5.21582 5.21177 5.20836 5.20562 5.20352 5.20207 5.20127 
5.19618 5.19669 5.19789 5.19977 5.20233 5.20558 5.20952 5.21415 5.21947 5.22548 5.23219 5.23958 5.24766 5.25641 5.26583 5.2759 5.28659 5.2979 5.30978 5.32221 5.33515 5.34855 5.36238 5.37658 5.3911 5.40588 5.42085 5.43595 5.45111 5.46626 5.48133 5.49625 5.51094 5.52532 5.53933 5.55289 5.56593 5.57839 5.5902 5.60129 5.61161 5.6211 5.62972 5.63742 5.64415 5.64988 5.65459 5.65824 5.66082 5.66232 5.66272 5.66202 5.66023 5.65736 5.65342 5.64843 5.64243 5.63544 5.6275 5.61865 5.60894 5.59843 5.58717 5.57522 5.56264 5.54951 5.53589 5.52186 5.50748 5.49283 5.478 5.46304 5.44803 5.43306 5.41817 5.40345 5.38895 5.37474 5.36088 5.3474 5.33437 5.32182 5.3098 5.29833 5.28745 5.27719 5.26755 5.25856 5.25023 5.24257 5.23559 5.22929 5.22368 5.21875 5.2145 5.21094 5.20806 5.20586 5.20434 5.2035 
5.19837 5.19891 5.20015 5.20211 5.20478 5.20817 5.21227 5.2171 5.22265 5.22892 5.23591 5.24361 5.25203 5.26115 5.27095 5.28143 5.29256 5.30432 5.31668 5.3296 5.34305 5.35698 5.37134 5.38609 5.40115 5.41648 5.43201 5.44766 5.46338 5.47907 5.49468 5.51012 5.52532 5.5402 5.55469 5.56871 5.58219 5.59506 5.60726 5.61871 5.62937 5.63917 5.64806 5.65601 5.66295 5.66887 5.67372 5.67749 5.68015 5.68169 5.6821 5.68138 5.67954 5.67658 5.67251 5.66737 5.66117 5.65395 5.64576 5.63662 5.6266 5.61574 5.6041 5.59175 5.57875 5.56516 5.55107 5.53655 5.52167 5.5065 5.49113 5.47563 5.46008 5.44455 5.42911 5.41383 5.39878 5.38403 5.36962 5.35562 5.34207 5.32903 5.31652 5.30459 5.29326 5.28257 5.27253 5.26317 5.25448 5.2465 5.23922 5.23265 5.22679 5.22164 5.21721 5.21349 5.21048 5.20818 5.20659 5.2057 
5.20053 5.20109 5.20238 5.20441 5.20719 5.21071 5.21499 5.22 5.22577 5.23229 5.23956 5.24757 5.25632 5.26579 5.27598 5.28686 5.29841 5.31062 5.32344 5.33684 5.35078 5.36522 5.3801 5.39537 5.41097 5.42684 5.4429 5.45909 5.47534 5.49156 5.50769 5.52364 5.53933 5.55469 5.56964 5.5841 5.59801 5.61128 5.62385 5.63565 5.64663 5.65672 5.66588 5.67406 5.68121 5.6873 5.6923 5.69618 5.69892 5.7005 5.70093 5.70019 5.69829 5.69524 5.69105 5.68576 5.67937 5.67194 5.6635 5.65408 5.64375 5.63256 5.62056 5.60782 5.59441 5.5804 5.56586 5.55086 5.53549 5.51982 5.50394 5.48791 5.47183 5.45576 5.43979 5.42397 5.40839 5.3931 5.37817 5.36366 5.34961 5.33608 5.3231 5.31071 5.29895 5.28785 5.27742 5.26768 5.25866 5.25035 5.24278 5.23594 5.22984 5.22448 5.21987 5.21599 5.21286 5.21046 5.2088 5.20788 
5.20265 5.20322 5.20456 5.20667 5.20955 5.21321 5.21764 5.22284 5.22883 5.23559 5.24313 5.25143 5.2605 5.27032 5.28087 5.29214 5.30411 5.31675 5.33001 5.34388 5.3583 5.37323 5.38861 5.40439 5.4205 5.43689 5.45347 5.47018 5.48693 5.50366 5.52029 5.53672 5.55289 5.56871 5.5841 5.59899 5.6133 5.62695 5.63988 5.65202 5.6633 5.67368 5.68309 5.69149 5.69884 5.7051 5.71023 5.71422 5.71703 5.71866 5.71909 5.71833 5.71638 5.71325 5.70895 5.70351 5.69695 5.68931 5.68063 5.67096 5.66033 5.64882 5.63648 5.62337 5.60957 5.59514 5.58016 5.56471 5.54887 5.53272 5.51635 5.49982 5.48322 5.46664 5.45014 5.43381 5.41771 5.40191 5.38648 5.37147 5.35694 5.34293 5.3295 5.31667 5.30449 5.29299 5.28218 5.27208 5.26272 5.25411 5.24625 5.23916 5.23283 5.22726 5.22247 5.21844 5.21518 5.21269 5.21097 5.21001 
5.2047 5.2053 5.20668 5.20886 5.21185 5.21563 5.22021 5.2256 5.2318 5.23879 5.24659 5.25518 5.26455 5.2747 5.28561 5.29726 5.30962 5.32267 5.33637 5.35068 5.36556 5.38096 5.39682 5.41309 5.4297 5.44657 5.46365 5.48085 5.4981 5.51531 5.53241 5.54931 5.56593 5.58219 5.59801 5.6133 5.62799 5.642 5.65527 5.66773 5.67931 5.68995 5.69961 5.70822 5.71576 5.72217 5.72743 5.73151 5.7344 5.73607 5.73651 5.73574 5.73374 5.73052 5.72612 5.72054 5.71382 5.70598 5.69708 5.68715 5.67625 5.66444 5.65177 5.63831 5.62413 5.60931 5.59392 5.57804 5.56175 5.54514 5.52829 5.51128 5.4942 5.47712 5.46013 5.4433 5.4267 5.41041 5.3945 5.37901 5.36401 5.34955 5.33568 5.32244 5.30985 5.29796 5.28678 5.27635 5.26666 5.25775 5.24962 5.24228 5.23572 5.22996 5.22499 5.22082 5.21744 5.21486 5.21307 5.21207 
5.20669 5.2073 5.20873 5.21098 5.21406 5.21796 5.2227 5.22826 5.23465 5.24187 5.24992 5.25878 5.26845 5.27892 5.29017 5.30218 5.31492 5.32836 5.34247 5.35721 5.37253 5.38837 5.40469 5.42142 5.4385 5.45585 5.47339 5.49106 5.50878 5.52645 5.544 5.56134 5.57839 5.59506 5.61128 5.62695 5.642 5.65636 5.66995 5.68271 5.69456 5.70546 5.71534 5.72416 5.73187 5.73843 5.74381 5.74799 5.75094 5.75265 5.75311 5.75231 5.75027 5.74698 5.74248 5.73677 5.72989 5.72187 5.71276 5.70259 5.69143 5.67933 5.66635 5.65256 5.63803 5.62283 5.60705 5.59076 5.57405 5.557 5.53971 5.52224 5.50469 5.48714 5.46968 5.45238 5.43531 5.41856 5.40218 5.38624 5.3708 5.35591 5.34162 5.32797 5.31499 5.30273 5.29121 5.28044 5.27045 5.26126 5.25286 5.24528 5.23851 5.23256 5.22743 5.22312 5.21962 5.21695 5.2151 5.21407 
5.20859 5.20921 5.21069 5.21301 5.21618 5.2202 5.22507 5.2308 5.23738 5.24482 5.2531 5.26222 5.27217 5.28294 5.29451 5.30686 5.31996 5.33378 5.34828 5.36342 5.37915 5.39542 5.41217 5.42934 5.44686 5.46465 5.48264 5.50076 5.51891 5.53701 5.55499 5.57274 5.5902 5.60726 5.62385 5.63988 5.65527 5.66995 5.68385 5.69688 5.709 5.72013 5.73022 5.73923 5.7471 5.75381 5.7593 5.76357 5.76658 5.76833 5.76879 5.76798 5.7659 5.76254 5.75794 5.75211 5.74509 5.7369 5.72759 5.7172 5.7058 5.69343 5.68016 5.66605 5.65119 5.63564 5.61949 5.60282 5.58571 5.56826 5.55053 5.53264 5.51465 5.49666 5.47875 5.461 5.44349 5.4263 5.40948 5.39311 5.37725 5.36195 5.34726 5.33323 5.31989 5.30728 5.29542 5.28435 5.27407 5.2646 5.25596 5.24815 5.24117 5.23504 5.22975 5.22531 5.22171 5.21896 5.21705 5.21598 
5.21039 5.21103 5.21255 5.21493 5.21818 5.22232 5.22732 5.23321 5.23997 5.2476 5.25611 5.26547 5.27569 5.28674 5.29862 5.31128 5.32472 5.33889 5.35376 5.36928 5.3854 5.40207 5.41922 5.4368 5.45473 5.47294 5.49135 5.50988 5.52844 5.54695 5.56532 5.58346 5.60129 5.61871 5.63565 5.65202 5.66773 5.68271 5.69688 5.71018 5.72253 5.73389 5.74418 5.75336 5.76139 5.76822 5.77382 5.77817 5.78124 5.78302 5.7835 5.78267 5.78054 5.77713 5.77244 5.7665 5.75934 5.75099 5.7415 5.73091 5.71927 5.70665 5.69311 5.67872 5.66355 5.64768 5.63118 5.61415 5.59667 5.57883 5.56072 5.54242 5.52402 5.50562 5.48729 5.46912 5.4512 5.43359 5.41636 5.39959 5.38334 5.36765 5.35259 5.3382 5.32452 5.31158 5.29941 5.28804 5.27748 5.26776 5.25888 5.25086 5.24369 5.23739 5.23196 5.22739 5.22369 5.22086 5.21889 5.2178 
5.21209 5.21274 5.21429 5.21673 5.22007 5.2243 5.22944 5.23547 5.2424 5.25022 5.25893 5.26852 5.27899 5.2903 5.30246 5.31542 5.32917 5.34367 5.35888 5.37475 5.39123 5.40827 5.4258 5.44376 5.46208 5.48067 5.49946 5.51837 5.53731 5.5562 5.57493 5.59343 5.61161 5.62937 5.64663 5.6633 5.67931 5.69456 5.709 5.72253 5.73511 5.74667 5.75714 5.76648 5.77465 5.7816 5.7873 5.79173 5.79485 5.79666 5.79715 5.79631 5.79415 5.79067 5.7859 5.77986 5.77257 5.76408 5.75442 5.74364 5.7318 5.71895 5.70516 5.6905 5.67504 5.65887 5.64206 5.62469 5.60687 5.58868 5.5702 5.55152 5.53275 5.51396 5.49525 5.4767 5.45838 5.44039 5.42278 5.40564 5.38902 5.37298 5.35757 5.34285 5.32884 5.3156 5.30314 5.29149 5.28068 5.27072 5.26163 5.2534 5.24606 5.2396 5.23403 5.22934 5.22555 5.22264 5.22063 5.2195 
5.21366 5.21433 5.21591 5.21841 5.22182 5.22615 5.2314 5.23756 5.24464 5.25264 5.26154 5.27134 5.28203 5.2936 5.30601 5.31925 5.33329 5.34808 5.3636 5.3798 5.39661 5.41399 5.43187 5.45018 5.46884 5.48779 5.50694 5.5262 5.54549 5.56471 5.58378 5.60261 5.6211 5.63917 5.65672 5.67368 5.68995 5.70546 5.72013 5.73389 5.74667 5.7584 5.76904 5.77853 5.78683 5.79389 5.79968 5.80417 5.80735 5.80918 5.80968 5.80883 5.80663 5.80311 5.79826 5.79213 5.78473 5.7761 5.76629 5.75534 5.7433 5.73024 5.71623 5.70132 5.68561 5.66916 5.65206 5.63439 5.61626 5.59774 5.57892 5.55991 5.54079 5.52165 5.50258 5.48367 5.46501 5.44666 5.42871 5.41122 5.39426 5.37789 5.36217 5.34714 5.33284 5.31931 5.30658 5.29469 5.28364 5.27346 5.26416 5.25576 5.24825 5.24164 5.23594 5.23115 5.22727 5.2243 5.22224 5.22108 
5.21511 5.21579 5.2174 5.21995 5.22343 5.22784 5.23319 5.23948 5.2467 5.25485 5.26393 5.27392 5.28482 5.2966 5.30925 5.32274 5.33704 5.35211 5.36791 5.3844 5.40151 5.4192 5.43739 5.45601 5.475 5.49427 5.51373 5.53331 5.55291 5.57244 5.59182 5.61094 5.62972 5.64806 5.66588 5.68309 5.69961 5.71534 5.73022 5.74418 5.75714 5.76904 5.77983 5.78946 5.79787 5.80502 5.8109 5.81545 5.81867 5.82053 5.82104 5.82017 5.81795 5.81438 5.80947 5.80325 5.79575 5.787 5.77705 5.76594 5.75373 5.74049 5.72627 5.71114 5.69519 5.67849 5.66113 5.6432 5.62478 5.60596 5.58685 5.56753 5.54809 5.52864 5.50925 5.49002 5.47103 5.45236 5.43409 5.4163 5.39903 5.38237 5.36636 5.35105 5.33648 5.3227 5.30973 5.2976 5.28634 5.27596 5.26648 5.25791 5.25025 5.24351 5.2377 5.23281 5.22885 5.22582 5.22371 5.22253 
5.21641 5.2171 5.21874 5.22133 5.22487 5.22936 5.23481 5.24121 5.24855 5.25684 5.26608 5.27624 5.28732 5.2993 5.31216 5.32587 5.3404 5.35571 5.37177 5.38852 5.4059 5.42386 5.44233 5.46123 5.4805 5.50006 5.51981 5.53967 5.55955 5.57935 5.599 5.61838 5.63742 5.65601 5.67406 5.69149 5.70822 5.72416 5.73923 5.75336 5.76648 5.77853 5.78946 5.7992 5.80771 5.81495 5.8209 5.82551 5.82876 5.83065 5.83116 5.83029 5.82804 5.82442 5.81946 5.81316 5.80557 5.79672 5.78664 5.7754 5.76304 5.74963 5.73522 5.7199 5.70375 5.68683 5.66924 5.65106 5.63238 5.61331 5.59393 5.57433 5.55462 5.53488 5.51521 5.49569 5.47642 5.45747 5.43892 5.42084 5.40331 5.38638 5.37011 5.35455 5.33974 5.32573 5.31255 5.30022 5.28877 5.27821 5.26857 5.25985 5.25205 5.2452 5.23928 5.23431 5.23027 5.22718 5.22504 5.22384 
5.21756 5.21826 5.21993 5.22256 5.22615 5.23071 5.23624 5.24273 5.25018 5.2586 5.26797 5.27828 5.28952 5.30167 5.31471 5.32862 5.34335 5.35888 5.37516 5.39213 5.40975 5.42795 5.44666 5.46581 5.48533 5.50513 5.52513 5.54523 5.56536 5.5854 5.60528 5.62489 5.64415 5.66295 5.68121 5.69884 5.71576 5.73187 5.7471 5.76139 5.77465 5.78683 5.79787 5.80771 5.81631 5.82363 5.82963 5.83429 5.83758 5.83949 5.84001 5.83913 5.83686 5.8332 5.82819 5.82183 5.81416 5.80521 5.79503 5.78367 5.77118 5.75762 5.74306 5.72757 5.71123 5.69412 5.67632 5.65793 5.63904 5.61974 5.60013 5.58029 5.56034 5.54035 5.52043 5.50066 5.48114 5.46194 5.44315 5.42483 5.40706 5.3899 5.3734 5.35763 5.34261 5.3284 5.31503 5.30252 5.2909 5.28019 5.2704 5.26155 5.25364 5.24668 5.24068 5.23562 5.23153 5.22839 5.22622 5.225 
5.21855 5.21926 5.22095 5.22361 5.22725 5.23187 5.23746 5.24404 5.25159 5.26011 5.26959 5.28003 5.29141 5.3037 5.3169 5.33097 5.34588 5.36159 5.37805 5.39522 5.41304 5.43144 5.45036 5.46972 5.48944 5.50946 5.52966 5.54998 5.57031 5.59056 5.61063 5.63044 5.64988 5.66887 5.6873 5.7051 5.72217 5.73843 5.75381 5.76822 5.7816 5.79389 5.80502 5.81495 5.82363 5.83102 5.83707 5.84177 5.84509 5.84701 5.84754 5.84665 5.84436 5.84068 5.83562 5.8292 5.82146 5.81244 5.80217 5.79071 5.7781 5.76442 5.74972 5.73409 5.7176 5.70032 5.68236 5.66379 5.64471 5.62522 5.60541 5.58537 5.56521 5.54501 5.52488 5.5049 5.48517 5.46576 5.44676 5.42823 5.41026 5.3929 5.37622 5.36026 5.34507 5.33069 5.31715 5.30449 5.29273 5.28189 5.27198 5.26302 5.25501 5.24796 5.24187 5.23676 5.23261 5.22943 5.22723 5.22599 
5.21938 5.22009 5.2218 5.22449 5.22816 5.23283 5.23848 5.24512 5.25275 5.26135 5.27093 5.28147 5.29296 5.30538 5.31871 5.33292 5.34797 5.36382 5.38044 5.39777 5.41574 5.43431 5.4534 5.47293 5.49283 5.51301 5.53339 5.55387 5.57437 5.59479 5.61503 5.63499 5.65459 5.67372 5.6923 5.71023 5.72743 5.74381 5.7593 5.77382 5.7873 5.79968 5.8109 5.8209 5.82963 5.83707 5.84317 5.8479 5.85124 5.85318 5.85371 5.85282 5.85051 5.8468 5.84171 5.83525 5.82746 5.81837 5.80802 5.79648 5.78378 5.77 5.75519 5.73944 5.72282 5.70542 5.68731 5.6686 5.64937 5.62972 5.60974 5.58954 5.56921 5.54884 5.52854 5.50839 5.48848 5.4689 5.44972 5.43103 5.4129 5.39538 5.37854 5.36242 5.34709 5.33257 5.3189 5.30612 5.29424 5.28329 5.27328 5.26423 5.25614 5.24902 5.24287 5.2377 5.23351 5.2303 5.22807 5.22682 
5.22003 5.22075 5.22247 5.22518 5.22889 5.23359 5.23929 5.24598 5.25366 5.26234 5.27199 5.28261 5.29419 5.3067 5.32012 5.33443 5.34959 5.36557 5.3823 5.39975 5.41785 5.43655 5.45576 5.47543 5.49546 5.51577 5.53629 5.5569 5.57753 5.59807 5.61844 5.63853 5.65824 5.67749 5.69618 5.71422 5.73151 5.74799 5.76357 5.77817 5.79173 5.80417 5.81545 5.82551 5.83429 5.84177 5.8479 5.85266 5.85602 5.85797 5.8585 5.8576 5.85529 5.85156 5.84643 5.83994 5.83211 5.82297 5.81257 5.80095 5.78819 5.77432 5.75943 5.74359 5.72688 5.70937 5.69115 5.67233 5.65298 5.6332 5.6131 5.59277 5.57231 5.55182 5.53138 5.51109 5.49105 5.47134 5.45203 5.43321 5.41495 5.39731 5.38034 5.36412 5.34867 5.33404 5.32027 5.30739 5.29543 5.28439 5.27431 5.26518 5.25703 5.24985 5.24366 5.23845 5.23422 5.23099 5.22874 5.22748 
5.22051 5.22124 5.22296 5.22569 5.22941 5.23414 5.23987 5.2466 5.25432 5.26304 5.27275 5.28342 5.29506 5.30764 5.32113 5.33552 5.35075 5.36681 5.38362 5.40116 5.41935 5.43813 5.45744 5.4772 5.49732 5.51773 5.53833 5.55904 5.57976 5.6004 5.62085 5.64102 5.66082 5.68015 5.69892 5.71703 5.7344 5.75094 5.76658 5.78124 5.79485 5.80735 5.81867 5.82876 5.83758 5.84509 5.85124 5.85602 5.8594 5.86135 5.86188 5.86098 5.85866 5.85492 5.84977 5.84325 5.83539 5.82622 5.81577 5.80412 5.7913 5.77738 5.76243 5.74652 5.72974 5.71215 5.69386 5.67496 5.65553 5.63567 5.61548 5.59506 5.57451 5.55392 5.53339 5.51301 5.49287 5.47307 5.45367 5.43476 5.41641 5.39868 5.38163 5.36532 5.34979 5.33509 5.32125 5.30831 5.29628 5.28518 5.27504 5.26587 5.25767 5.25045 5.24422 5.23899 5.23474 5.23148 5.22922 5.22796 
5.2208 5.22153 5.22327 5.226 5.22974 5.23448 5.24023 5.24698 5.25473 5.26347 5.2732 5.28391 5.29559 5.3082 5.32174 5.33616 5.35144 5.36754 5.3844 5.40198 5.42022 5.43906 5.45842 5.47823 5.4984 5.51887 5.53952 5.56028 5.58106 5.60174 5.62225 5.64247 5.66232 5.68169 5.7005 5.71866 5.73607 5.75265 5.76833 5.78302 5.79666 5.80918 5.82053 5.83065 5.83949 5.84701 5.85318 5.85797 5.86135 5.86332 5.86385 5.86295 5.86061 5.85686 5.85171 5.84517 5.83729 5.8281 5.81763 5.80595 5.7931 5.77915 5.76416 5.74822 5.73139 5.71377 5.69543 5.67648 5.657 5.63709 5.61685 5.59638 5.57578 5.55513 5.53455 5.51412 5.49393 5.47407 5.45462 5.43566 5.41726 5.39948 5.38238 5.36603 5.35046 5.33571 5.32183 5.30885 5.29678 5.28566 5.27549 5.26628 5.25806 5.25082 5.24457 5.23932 5.23506 5.23179 5.22953 5.22826 
