3.81139 3.81159 3.81182 3.81207 3.81235 3.81265 3.81298 3.81334 3.81373 3.81415 3.8146 3.81509 3.81562 3.81619 3.8168 3.81746 3.81818 3.81894 3.81976 3.82064 3.82157 3.82257 3.82362 3.82474 3.82591 3.82714 3.82842 3.82975 3.83113 3.83254 3.83399 3.83546 3.83694 3.83843 3.83992 3.84139 3.84284 3.84426 3.84562 3.84693 3.84818 3.84934 3.85041 3.85139 3.85226 3.85301 3.85364 3.85414 3.85451 3.85475 3.85485 3.8548 3.85463 3.85431 3.85386 3.85329 3.85259 3.85178 3.85085 3.84983 3.84872 3.84753 3.84627 3.84496 3.84359 3.84219 3.84076 3.83932 3.83788 3.83644 3.83502 3.83363 3.83227 3.83095 3.82968 3.82846 3.8273 3.82621 3.82518 3.82422 3.82333 3.82252 3.82177 3.8211 3.8205 3.81997 3.8195 3.8191 3.81876 3.81848 3.81826 3.81809 3.81797 3.8179 3.81787 3.81788 3.81792 3.81801 3.81812 3.81827 
3.81159 3.81179 3.81202 3.81227 3.81255 3.81286 3.81319 3.81355 3.81394 3.81436 3.81481 3.8153 3.81583 3.81641 3.81703 3.81769 3.81841 3.81918 3.82001 3.82089 3.82184 3.82285 3.82391 3.82504 3.82623 3.82747 3.82877 3.83012 3.83151 3.83294 3.8344 3.83589 3.83739 3.8389 3.84041 3.8419 3.84337 3.84481 3.84619 3.84752 3.84878 3.84995 3.85104 3.85203 3.85291 3.85367 3.85431 3.85482 3.8552 3.85543 3.85553 3.85549 3.85531 3.85499 3.85454 3.85395 3.85324 3.85242 3.85149 3.85045 3.84932 3.84812 3.84684 3.8455 3.84412 3.8427 3.84126 3.8398 3.83833 3.83688 3.83544 3.83403 3.83265 3.83131 3.83003 3.8288 3.82762 3.82652 3.82547 3.8245 3.82361 3.82278 3.82203 3.82135 3.82074 3.8202 3.81973 3.81932 3.81898 3.8187 3.81847 3.8183 3.81818 3.8181 3.81807 3.81808 3.81813 3.81821 3.81832 3.81847 
3.81182 3.81202 3.81225 3.8125 3.81278 3.81309 3.81343 3.8138 3.8142 3.81463 3.81509 3.8156 3.81614 3.81673 3.81737 3.81805 3.8188 3.81959 3.82045 3.82136 3.82234 3.82338 3.82449 3.82566 3.82689 3.82818 3.82952 3.83092 3.83236 3.83385 3.83536 3.83691 3.83846 3.84003 3.84159 3.84314 3.84466 3.84614 3.84758 3.84895 3.85026 3.85147 3.8526 3.85362 3.85453 3.85532 3.85598 3.85651 3.8569 3.85714 3.85724 3.8572 3.85701 3.85667 3.8562 3.8556 3.85486 3.85401 3.85304 3.85197 3.8508 3.84955 3.84822 3.84684 3.8454 3.84393 3.84243 3.84092 3.83941 3.8379 3.8364 3.83494 3.83351 3.83212 3.83079 3.82951 3.82829 3.82714 3.82606 3.82505 3.82412 3.82326 3.82248 3.82177 3.82113 3.82057 3.82008 3.81966 3.8193 3.819 3.81876 3.81857 3.81844 3.81836 3.81832 3.81832 3.81836 3.81844 3.81855 3.8187 
3.81207 3.81227 3.8125 3.81276 3.81305 3.81337 3.81371 3.81409 3.81451 3.81495 3.81544 3.81597 3.81654 3.81716 3.81783 3.81855 3.81933 3.82018 3.82108 3.82205 3.82309 3.82419 3.82536 3.8266 3.8279 3.82927 3.83069 3.83217 3.8337 3.83527 3.83688 3.83851 3.84016 3.84182 3.84347 3.8451 3.84671 3.84828 3.8498 3.85125 3.85262 3.85391 3.8551 3.85617 3.85713 3.85796 3.85866 3.85921 3.85962 3.85988 3.85998 3.85993 3.85973 3.85938 3.85888 3.85823 3.85746 3.85655 3.85553 3.85439 3.85316 3.85183 3.85043 3.84897 3.84745 3.84589 3.84431 3.8427 3.8411 3.8395 3.83792 3.83637 3.83485 3.83338 3.83196 3.83061 3.82931 3.82809 3.82694 3.82587 3.82488 3.82396 3.82313 3.82237 3.82169 3.82109 3.82056 3.8201 3.81971 3.81938 3.81912 3.81891 3.81876 3.81866 3.81861 3.8186 3.81864 3.81871 3.81881 3.81895 
3.81235 3.81255 3.81278 3.81305 3.81335 3.81368 3.81404 3.81443 3.81487 3.81534 3.81586 3.81642 3.81703 3.81769 3.81841 3.81919 3.82003 3.82094 3.82191 3.82296 3.82408 3.82527 3.82653 3.82787 3.82927 3.83075 3.83229 3.83388 3.83553 3.83723 3.83896 3.84072 3.84249 3.84428 3.84605 3.84781 3.84954 3.85123 3.85286 3.85442 3.85589 3.85727 3.85855 3.8597 3.86073 3.86162 3.86236 3.86295 3.86339 3.86366 3.86377 3.86371 3.86349 3.86311 3.86257 3.86188 3.86104 3.86007 3.85896 3.85774 3.85641 3.85499 3.85348 3.8519 3.85027 3.84859 3.84688 3.84516 3.84342 3.8417 3.84 3.83832 3.83668 3.8351 3.83356 3.8321 3.8307 3.82937 3.82813 3.82696 3.82588 3.82489 3.82398 3.82315 3.8224 3.82174 3.82116 3.82065 3.82022 3.81985 3.81956 3.81932 3.81914 3.81902 3.81895 3.81892 3.81894 3.819 3.8191 3.81923 
3.81265 3.81286 3.81309 3.81337 3.81368 3.81402 3.8144 3.81482 3.81529 3.8158 3.81635 3.81696 3.81762 3.81834 3.81912 3.81997 3.82089 3.82188 3.82295 3.82409 3.82532 3.82662 3.82801 3.82947 3.83102 3.83263 3.83432 3.83607 3.83787 3.83973 3.84162 3.84354 3.84548 3.84743 3.84937 3.85129 3.85317 3.85501 3.85678 3.85848 3.86008 3.86158 3.86297 3.86422 3.86533 3.8663 3.8671 3.86774 3.86821 3.8685 3.86862 3.86855 3.86831 3.86789 3.8673 3.86655 3.86563 3.86457 3.86336 3.86203 3.86058 3.85903 3.85738 3.85566 3.85388 3.85204 3.85018 3.84829 3.8464 3.84451 3.84265 3.84081 3.83902 3.83728 3.8356 3.83399 3.83245 3.83099 3.82962 3.82834 3.82715 3.82604 3.82503 3.82412 3.82329 3.82255 3.82189 3.82132 3.82083 3.82041 3.82007 3.81979 3.81958 3.81942 3.81933 3.81928 3.81928 3.81933 3.81941 3.81954 
3.81298 3.81319 3.81343 3.81371 3.81404 3.8144 3.81481 3.81526 3.81576 3.81631 3.81692 3.81758 3.81831 3.8191 3.81996 3.8209 3.82191 3.82301 3.82419 3.82546 3.82682 3.82827 3.82981 3.83143 3.83314 3.83493 3.8368 3.83873 3.84073 3.84278 3.84488 3.847 3.84914 3.85129 3.85343 3.85554 3.85762 3.85964 3.86159 3.86345 3.86522 3.86686 3.86838 3.86976 3.87098 3.87203 3.87291 3.87361 3.87412 3.87444 3.87456 3.87448 3.87421 3.87375 3.87309 3.87226 3.87125 3.87008 3.86875 3.86728 3.86569 3.86397 3.86216 3.86026 3.85829 3.85627 3.85421 3.85213 3.85004 3.84796 3.84589 3.84386 3.84188 3.83995 3.83808 3.83629 3.83459 3.83296 3.83144 3.83001 3.82867 3.82744 3.82631 3.82528 3.82434 3.82351 3.82276 3.82211 3.82155 3.82107 3.82066 3.82034 3.82008 3.81988 3.81975 3.81968 3.81965 3.81968 3.81976 3.81988 
3.81334 3.81355 3.8138 3.81409 3.81443 3.81482 3.81526 3.81575 3.8163 3.8169 3.81757 3.8183 3.8191 3.81998 3.82094 3.82198 3.82312 3.82434 3.82566 3.82708 3.8286 3.83022 3.83194 3.83375 3.83566 3.83766 3.83975 3.84191 3.84413 3.84642 3.84875 3.85111 3.85349 3.85588 3.85826 3.8606 3.8629 3.86514 3.8673 3.86936 3.87131 3.87314 3.87481 3.87633 3.87768 3.87884 3.87981 3.88057 3.88113 3.88148 3.88161 3.88152 3.88121 3.8807 3.87997 3.87904 3.87792 3.87662 3.87515 3.87352 3.87175 3.86985 3.86783 3.86573 3.86354 3.8613 3.85901 3.85669 3.85436 3.85204 3.84975 3.84748 3.84527 3.84311 3.84103 3.83903 3.83712 3.8353 3.83358 3.83197 3.83047 3.82908 3.8278 3.82664 3.82558 3.82462 3.82378 3.82303 3.82238 3.82182 3.82134 3.82095 3.82064 3.8204 3.82022 3.82012 3.82007 3.82007 3.82013 3.82024 
3.81373 3.81394 3.8142 3.81451 3.81487 3.81529 3.81576 3.8163 3.8169 3.81756 3.8183 3.81911 3.82001 3.82099 3.82206 3.82323 3.8245 3.82588 3.82737 3.82896 3.83067 3.83249 3.83442 3.83646 3.8386 3.84085 3.84318 3.8456 3.8481 3.85065 3.85326 3.8559 3.85856 3.86123 3.86387 3.86649 3.86905 3.87154 3.87395 3.87624 3.87841 3.88043 3.88229 3.88397 3.88546 3.88674 3.88781 3.88866 3.88928 3.88965 3.88979 3.88969 3.88935 3.88877 3.88796 3.88692 3.88567 3.88422 3.88258 3.88077 3.87879 3.87667 3.87443 3.87208 3.86964 3.86714 3.86458 3.862 3.8594 3.8568 3.85423 3.85169 3.84921 3.84679 3.84446 3.84221 3.84006 3.83801 3.83608 3.83426 3.83256 3.83099 3.82954 3.82821 3.827 3.82591 3.82493 3.82407 3.82332 3.82266 3.82211 3.82164 3.82127 3.82097 3.82075 3.8206 3.82052 3.8205 3.82054 3.82064 
3.81415 3.81436 3.81463 3.81495 3.81534 3.8158 3.81631 3.8169 3.81756 3.8183 3.81912 3.82003 3.82103 3.82213 3.82334 3.82466 3.82609 3.82764 3.82931 3.83111 3.83303 3.83508 3.83726 3.83956 3.84197 3.84449 3.84712 3.84984 3.85264 3.85551 3.85843 3.86139 3.86437 3.86735 3.87031 3.87323 3.87609 3.87887 3.88155 3.8841 3.88651 3.88876 3.89083 3.89269 3.89435 3.89577 3.89696 3.8979 3.89857 3.89899 3.89914 3.89902 3.89863 3.89798 3.89707 3.89592 3.89452 3.8929 3.89107 3.88905 3.88684 3.88448 3.88197 3.87935 3.87662 3.87382 3.87096 3.86807 3.86515 3.86225 3.85936 3.85652 3.85373 3.85101 3.84838 3.84585 3.84342 3.84111 3.83893 3.83687 3.83495 3.83316 3.83151 3.83 3.82862 3.82737 3.82625 3.82525 3.82438 3.82362 3.82297 3.82242 3.82196 3.8216 3.82132 3.82113 3.82101 3.82096 3.82098 3.82106 
3.8146 3.81481 3.81509 3.81544 3.81586 3.81635 3.81692 3.81757 3.8183 3.81912 3.82004 3.82106 3.82218 3.82342 3.82478 3.82626 3.82788 3.82963 3.83151 3.83354 3.83572 3.83803 3.84048 3.84307 3.84579 3.84863 3.85158 3.85464 3.85779 3.86101 3.86429 3.8676 3.87094 3.87427 3.87758 3.88085 3.88404 3.88714 3.89013 3.89297 3.89566 3.89816 3.90045 3.90253 3.90437 3.90595 3.90726 3.9083 3.90905 3.9095 3.90966 3.90952 3.90909 3.90836 3.90734 3.90605 3.9045 3.90269 3.90065 3.89838 3.89592 3.89328 3.89048 3.88755 3.8845 3.88137 3.87817 3.87492 3.87166 3.8684 3.86516 3.86197 3.85884 3.85578 3.85282 3.84997 3.84723 3.84462 3.84215 3.83983 3.83765 3.83562 3.83374 3.83201 3.83044 3.82901 3.82773 3.82658 3.82557 3.82468 3.82392 3.82327 3.82273 3.8223 3.82196 3.82171 3.82155 3.82146 3.82146 3.82152 
3.81509 3.8153 3.8156 3.81597 3.81642 3.81696 3.81758 3.8183 3.81911 3.82003 3.82106 3.8222 3.82346 3.82486 3.82639 3.82806 3.82988 3.83186 3.83399 3.83628 3.83873 3.84133 3.8441 3.84701 3.85007 3.85327 3.85659 3.86003 3.86356 3.86717 3.87084 3.87456 3.87829 3.88202 3.88572 3.88936 3.89292 3.89638 3.8997 3.90287 3.90586 3.90864 3.91119 3.9135 3.91554 3.91729 3.91875 3.91989 3.92072 3.92122 3.92139 3.92123 3.92074 3.91992 3.91879 3.91735 3.91561 3.9136 3.91132 3.90879 3.90605 3.9031 3.89998 3.8967 3.8933 3.8898 3.88622 3.88259 3.87894 3.87529 3.87166 3.86807 3.86456 3.86112 3.85779 3.85458 3.8515 3.84856 3.84577 3.84314 3.84067 3.83837 3.83624 3.83427 3.83248 3.83084 3.82937 3.82806 3.82689 3.82587 3.82498 3.82422 3.82358 3.82306 3.82265 3.82234 3.82213 3.82201 3.82197 3.82202 
3.81562 3.81583 3.81614 3.81654 3.81703 3.81762 3.81831 3.8191 3.82001 3.82103 3.82218 3.82346 3.82488 3.82645 3.82818 3.83006 3.83211 3.83434 3.83674 3.83932 3.84208 3.84502 3.84813 3.8514 3.85484 3.85843 3.86216 3.86601 3.86997 3.87401 3.87812 3.88227 3.88644 3.8906 3.89473 3.89879 3.90276 3.9066 3.9103 3.91382 3.91714 3.92022 3.92305 3.92561 3.92787 3.92981 3.93142 3.93268 3.93359 3.93414 3.93433 3.93414 3.93359 3.93268 3.93142 3.92981 3.92788 3.92564 3.9231 3.92029 3.91724 3.91396 3.91048 3.90683 3.90303 3.89913 3.89513 3.89108 3.887 3.88292 3.87886 3.87485 3.8709 3.86705 3.86331 3.8597 3.85624 3.85293 3.84978 3.84681 3.84403 3.84142 3.83901 3.83678 3.83474 3.83288 3.8312 3.82969 3.82835 3.82717 3.82614 3.82526 3.82452 3.8239 3.82341 3.82303 3.82276 3.8226 3.82253 3.82256 
3.81619 3.81641 3.81673 3.81716 3.81769 3.81834 3.8191 3.81998 3.82099 3.82213 3.82342 3.82486 3.82645 3.82822 3.83015 3.83227 3.83458 3.83709 3.83979 3.84269 3.84579 3.84909 3.85258 3.85626 3.86011 3.86414 3.86831 3.87262 3.87704 3.88156 3.88614 3.89077 3.89542 3.90005 3.90463 3.90915 3.91355 3.91782 3.92193 3.92583 3.9295 3.93292 3.93605 3.93887 3.94137 3.94351 3.94529 3.94668 3.94768 3.94828 3.94848 3.94827 3.94766 3.94664 3.94524 3.94346 3.94131 3.93882 3.93601 3.93289 3.9295 3.92586 3.92199 3.91793 3.91372 3.90937 3.90493 3.90041 3.89587 3.89131 3.88678 3.8823 3.87789 3.87359 3.8694 3.86535 3.86146 3.85775 3.85421 3.85087 3.84773 3.8448 3.84207 3.83955 3.83723 3.83512 3.83321 3.83149 3.82996 3.82861 3.82742 3.8264 3.82554 3.82481 3.82423 3.82378 3.82345 3.82323 3.82313 3.82314 
3.8168 3.81703 3.81737 3.81783 3.81841 3.81912 3.81996 3.82094 3.82206 3.82334 3.82478 3.82639 3.82818 3.83015 3.83233 3.83471 3.8373 3.84011 3.84314 3.84639 3.84987 3.85356 3.85747 3.86159 3.8659 3.87039 3.87505 3.87985 3.88478 3.88981 3.89491 3.90006 3.90522 3.91036 3.91544 3.92044 3.92533 3.93005 3.93459 3.9389 3.94295 3.94672 3.95018 3.95329 3.95604 3.9584 3.96035 3.96189 3.96298 3.96364 3.96385 3.96361 3.96293 3.96181 3.96025 3.95828 3.95591 3.95316 3.95004 3.94659 3.94284 3.93881 3.93453 3.93003 3.92536 3.92054 3.9156 3.91059 3.90554 3.90048 3.89544 3.89045 3.88554 3.88073 3.87606 3.87154 3.86719 3.86303 3.85907 3.85532 3.8518 3.8485 3.84542 3.84258 3.83997 3.83758 3.83542 3.83346 3.83172 3.83018 3.82882 3.82765 3.82665 3.82581 3.82512 3.82459 3.82419 3.82392 3.82378 3.82377 
3.81746 3.81769 3.81805 3.81855 3.81919 3.81997 3.8209 3.82198 3.82323 3.82466 3.82626 3.82806 3.83006 3.83227 3.83471 3.83737 3.84028 3.84342 3.84681 3.85044 3.85433 3.85845 3.86281 3.8674 3.8722 3.87721 3.88239 3.88773 3.8932 3.89878 3.90444 3.91014 3.91585 3.92154 3.92716 3.93268 3.93807 3.94328 3.94828 3.95303 3.95749 3.96164 3.96544 3.96886 3.97187 3.97446 3.9766 3.97828 3.97948 3.9802 3.98042 3.98016 3.9794 3.97816 3.97645 3.97427 3.97166 3.96862 3.96519 3.96139 3.95725 3.9528 3.94808 3.94312 3.93795 3.93263 3.92717 3.92163 3.91603 3.91042 3.90483 3.89929 3.89384 3.8885 3.8833 3.87827 3.87343 3.86879 3.86436 3.86018 3.85623 3.85253 3.84909 3.8459 3.84296 3.84027 3.83782 3.83562 3.83364 3.83189 3.83034 3.829 3.82785 3.82689 3.82609 3.82546 3.82499 3.82467 3.82449 3.82444 
3.81818 3.81841 3.8188 3.81933 3.82003 3.82089 3.82191 3.82312 3.8245 3.82609 3.82788 3.82988 3.83211 3.83458 3.8373 3.84028 3.84351 3.84702 3.8508 3.85485 3.85917 3.86376 3.86861 3.87371 3.87904 3.88459 3.89033 3.89625 3.90231 3.90848 3.91473 3.92102 3.92732 3.93358 3.93978 3.94585 3.95178 3.9575 3.96299 3.9682 3.9731 3.97764 3.98181 3.98555 3.98885 3.99168 3.99402 3.99585 3.99716 3.99794 3.99818 3.99788 3.99705 3.99568 3.9938 3.99141 3.98854 3.98521 3.98144 3.97727 3.97272 3.96783 3.96264 3.95718 3.9515 3.94563 3.93962 3.93351 3.92734 3.92114 3.91497 3.90884 3.90281 3.8969 3.89114 3.88556 3.88017 3.87502 3.8701 3.86543 3.86104 3.85691 3.85306 3.84949 3.8462 3.84318 3.84043 3.83795 3.83572 3.83374 3.83199 3.83047 3.82916 3.82805 3.82714 3.82641 3.82586 3.82547 3.82524 3.82517 
3.81894 3.81918 3.81959 3.82018 3.82094 3.82188 3.82301 3.82434 3.82588 3.82764 3.82963 3.83186 3.83434 3.83709 3.84011 3.84342 3.84702 3.85091 3.85511 3.85961 3.86441 3.8695 3.87487 3.88052 3.88641 3.89255 3.89889 3.90542 3.91209 3.91889 3.92577 3.93269 3.93961 3.94649 3.95328 3.95995 3.96644 3.9727 3.97871 3.9844 3.98975 3.99472 3.99926 4.00334 4.00694 4.01002 4.01257 4.01456 4.01598 4.01683 4.01708 4.01675 4.01583 4.01434 4.01228 4.00967 4.00653 4.00289 3.99877 3.9942 3.98923 3.98388 3.97819 3.97221 3.96598 3.95954 3.95295 3.94624 3.93945 3.93264 3.92584 3.9191 3.91244 3.90592 3.89956 3.89339 3.88744 3.88173 3.87628 3.8711 3.86622 3.86163 3.85735 3.85337 3.8497 3.84633 3.84326 3.84047 3.83797 3.83574 3.83377 3.83205 3.83057 3.82931 3.82827 3.82743 3.82679 3.82633 3.82605 3.82595 
3.81976 3.82001 3.82045 3.82108 3.82191 3.82295 3.82419 3.82566 3.82737 3.82931 3.83151 3.83399 3.83674 3.83979 3.84314 3.84681 3.8508 3.85511 3.85976 3.86473 3.87004 3.87566 3.88159 3.88782 3.89432 3.90107 3.90805 3.91522 3.92255 3.93001 3.93755 3.94513 3.95271 3.96024 3.96766 3.97494 3.98202 3.98885 3.99539 4.0016 4.00742 4.01282 4.01775 4.02219 4.0261 4.02944 4.03221 4.03437 4.0359 4.03681 4.03709 4.03672 4.03572 4.03409 4.03185 4.02901 4.02559 4.02162 4.01714 4.01216 4.00674 4.0009 3.9947 3.98817 3.98137 3.97434 3.96713 3.95978 3.95235 3.94489 3.93744 3.93004 3.92273 3.91556 3.90857 3.90177 3.89522 3.88892 3.8829 3.87718 3.87178 3.8667 3.86195 3.85754 3.85346 3.84971 3.84629 3.84319 3.84039 3.8379 3.83569 3.83376 3.83208 3.83066 3.82948 3.82852 3.82778 3.82725 3.82692 3.82679 
3.82064 3.82089 3.82136 3.82205 3.82296 3.82409 3.82546 3.82708 3.82896 3.83111 3.83354 3.83628 3.83932 3.84269 3.84639 3.85044 3.85485 3.85961 3.86473 3.87022 3.87606 3.88225 3.88877 3.89561 3.90274 3.91015 3.9178 3.92565 3.93368 3.94183 3.95006 3.95834 3.9666 3.97479 3.98288 3.99079 3.99849 4.00591 4.01301 4.01974 4.02606 4.0319 4.03725 4.04205 4.04627 4.04989 4.05288 4.05521 4.05687 4.05785 4.05814 4.05773 4.05665 4.05488 4.05244 4.04936 4.04566 4.04136 4.03649 4.03109 4.0252 4.01887 4.01213 4.00503 3.99764 3.98998 3.98213 3.97413 3.96603 3.95788 3.94974 3.94165 3.93366 3.92581 3.91814 3.9107 3.9035 3.89658 3.88996 3.88367 3.87772 3.87212 3.86688 3.862 3.85749 3.85333 3.84954 3.84609 3.84298 3.84021 3.83774 3.83558 3.83371 3.83211 3.83078 3.82969 3.82885 3.82824 3.82785 3.82768 
3.82157 3.82184 3.82234 3.82309 3.82408 3.82532 3.82682 3.8286 3.83067 3.83303 3.83572 3.83873 3.84208 3.84579 3.84987 3.85433 3.85917 3.86441 3.87004 3.87606 3.88247 3.88925 3.89639 3.90388 3.91168 3.91977 3.92812 3.93669 3.94543 3.95431 3.96327 3.97226 3.98123 3.99013 3.99889 4.00747 4.0158 4.02383 4.03151 4.03878 4.0456 4.05191 4.05767 4.06285 4.0674 4.0713 4.07451 4.07702 4.0788 4.07985 4.08016 4.07972 4.07854 4.07663 4.074 4.07068 4.06668 4.06203 4.05677 4.05094 4.04457 4.03772 4.03043 4.02275 4.01473 4.00644 3.99792 3.98923 3.98043 3.97158 3.96272 3.95391 3.94521 3.93665 3.92828 3.92014 3.91227 3.9047 3.89746 3.89056 3.88403 3.87787 3.87211 3.86674 3.86177 3.85719 3.853 3.84919 3.84575 3.84267 3.83993 3.83752 3.83544 3.83365 3.83216 3.83094 3.82999 3.82929 3.82884 3.82864 
3.82257 3.82285 3.82338 3.82419 3.82527 3.82662 3.82827 3.83022 3.83249 3.83508 3.83803 3.84133 3.84502 3.84909 3.85356 3.85845 3.86376 3.8695 3.87566 3.88225 3.88925 3.89666 3.90445 3.91261 3.92111 3.92992 3.939 3.94831 3.9578 3.96743 3.97713 3.98687 3.99658 4.00619 4.01566 4.02492 4.0339 4.04256 4.05083 4.05865 4.06598 4.07277 4.07896 4.08452 4.0894 4.09358 4.09703 4.09972 4.10163 4.10275 4.10307 4.1026 4.10133 4.09927 4.09645 4.09287 4.08857 4.08357 4.07791 4.07164 4.06478 4.0574 4.04954 4.04126 4.03261 4.02365 4.01445 4.00505 3.99553 3.98594 3.97634 3.96679 3.95734 3.94805 3.93895 3.93009 3.92152 3.91327 3.90536 3.89783 3.89069 3.88396 3.87765 3.87177 3.86631 3.86128 3.85667 3.85247 3.84868 3.84528 3.84225 3.83959 3.83728 3.83529 3.83363 3.83227 3.8312 3.83041 3.8299 3.82965 
3.82362 3.82391 3.82449 3.82536 3.82653 3.82801 3.82981 3.83194 3.83442 3.83726 3.84048 3.8441 3.84813 3.85258 3.85747 3.86281 3.86861 3.87487 3.88159 3.88877 3.89639 3.90445 3.91293 3.92179 3.93101 3.94056 3.9504 3.96047 3.97074 3.98114 3.99162 4.00212 4.01258 4.02293 4.03312 4.04307 4.05272 4.06202 4.07089 4.07928 4.08713 4.0944 4.10103 4.10697 4.11219 4.11666 4.12034 4.12321 4.12525 4.12644 4.12678 4.12627 4.12491 4.12271 4.11968 4.11585 4.11125 4.10589 4.09983 4.0931 4.08575 4.07783 4.06939 4.0605 4.0512 4.04157 4.03166 4.02154 4.01128 4.00093 3.99057 3.98025 3.97003 3.95997 3.95012 3.94052 3.93122 3.92226 3.91367 3.90548 3.8977 3.89037 3.88348 3.87706 3.87109 3.86559 3.86054 3.85594 3.85178 3.84804 3.84471 3.84178 3.83922 3.83703 3.83518 3.83367 3.83248 3.8316 3.83101 3.83073 
3.82474 3.82504 3.82566 3.8266 3.82787 3.82947 3.83143 3.83375 3.83646 3.83956 3.84307 3.84701 3.8514 3.85626 3.86159 3.8674 3.87371 3.88052 3.88782 3.89561 3.90388 3.91261 3.92179 3.93138 3.94135 3.95167 3.96228 3.97314 3.9842 3.99539 4.00666 4.01795 4.02918 4.04028 4.0512 4.06186 4.07219 4.08213 4.09161 4.10057 4.10895 4.1167 4.12377 4.13011 4.13567 4.14043 4.14434 4.14739 4.14956 4.15083 4.15119 4.15064 4.14919 4.14684 4.14361 4.13953 4.13461 4.1289 4.12243 4.11525 4.10739 4.09893 4.08991 4.08038 4.07043 4.06011 4.04949 4.03863 4.02761 4.0165 4.00535 3.99425 3.98324 3.97239 3.96176 3.9514 3.94135 3.93165 3.92235 3.91347 3.90504 3.89708 3.8896 3.88261 3.87611 3.87011 3.86461 3.85958 3.85503 3.85094 3.84729 3.84408 3.84127 3.83886 3.83682 3.83515 3.83383 3.83285 3.83219 3.83186 
3.82591 3.82623 3.82689 3.8279 3.82927 3.83102 3.83314 3.83566 3.8386 3.84197 3.84579 3.85007 3.85484 3.86011 3.8659 3.8722 3.87904 3.88641 3.89432 3.90274 3.91168 3.92111 3.93101 3.94135 3.95209 3.96319 3.9746 3.98627 3.99814 4.01014 4.02222 4.03429 4.0463 4.05817 4.06983 4.0812 4.09222 4.10281 4.1129 4.12244 4.13135 4.13959 4.14709 4.15382 4.15972 4.16477 4.16892 4.17215 4.17445 4.17579 4.17617 4.17559 4.17404 4.17155 4.16812 4.16378 4.15856 4.15249 4.14561 4.13797 4.12961 4.1206 4.11099 4.10084 4.09022 4.0792 4.06786 4.05625 4.04446 4.03257 4.02063 4.00872 3.99691 3.98526 3.97383 3.96268 3.95185 3.94141 3.93137 3.92179 3.91268 3.90406 3.89597 3.8884 3.88135 3.87484 3.86886 3.8634 3.85844 3.85398 3.85 3.84649 3.84342 3.84077 3.83854 3.8367 3.83525 3.83416 3.83343 3.83305 
3.82714 3.82747 3.82818 3.82927 3.83075 3.83263 3.83493 3.83766 3.84085 3.84449 3.84863 3.85327 3.85843 3.86414 3.87039 3.87721 3.88459 3.89255 3.90107 3.91015 3.91977 3.92992 3.94056 3.95167 3.96319 3.97509 3.98731 3.9998 4.01249 4.02531 4.0382 4.05108 4.06388 4.07652 4.08892 4.10101 4.11271 4.12395 4.13466 4.14477 4.15422 4.16294 4.17088 4.17799 4.18424 4.18957 4.19396 4.19737 4.19979 4.20121 4.20161 4.20099 4.19935 4.19671 4.19309 4.1885 4.18297 4.17655 4.16926 4.16116 4.15231 4.14275 4.13254 4.12177 4.11048 4.09877 4.08669 4.07433 4.06177 4.04908 4.03633 4.02361 4.01098 3.99851 3.98627 3.97432 3.96271 3.95149 3.94071 3.9304 3.92059 3.91131 3.90258 3.8944 3.8868 3.87976 3.87328 3.86736 3.86199 3.85715 3.85283 3.849 3.84566 3.84277 3.84034 3.83833 3.83673 3.83554 3.83473 3.8343 
3.82842 3.82877 3.82952 3.83069 3.83229 3.83432 3.8368 3.83975 3.84318 3.84712 3.85158 3.85659 3.86216 3.86831 3.87505 3.88239 3.89033 3.89889 3.90805 3.9178 3.92812 3.939 3.9504 3.96228 3.9746 3.98731 4.00036 4.01367 4.02719 4.04084 4.05455 4.06824 4.08183 4.09524 4.10839 4.12119 4.13358 4.14547 4.15679 4.16746 4.17743 4.18663 4.19501 4.20251 4.20909 4.2147 4.21932 4.22291 4.22546 4.22695 4.22737 4.22671 4.22499 4.22221 4.21839 4.21355 4.20773 4.20095 4.19326 4.18471 4.17536 4.16525 4.15447 4.14306 4.13112 4.1187 4.1059 4.09278 4.07944 4.06595 4.05239 4.03885 4.02539 4.0121 3.99904 3.98627 3.97386 3.96186 3.95031 3.93926 3.92874 3.91878 3.9094 3.90061 3.89242 3.88484 3.87786 3.87147 3.86567 3.86043 3.85575 3.85161 3.84798 3.84485 3.84221 3.84002 3.83828 3.83697 3.83608 3.83561 
3.82975 3.83012 3.83092 3.83217 3.83388 3.83607 3.83873 3.84191 3.8456 3.84984 3.85464 3.86003 3.86601 3.87262 3.87985 3.88773 3.89625 3.90542 3.91522 3.92565 3.93669 3.94831 3.96047 3.97314 3.98627 3.9998 4.01367 4.02782 4.04218 4.05666 4.07119 4.08568 4.10006 4.11424 4.12812 4.14164 4.1547 4.16723 4.17916 4.19039 4.20088 4.21056 4.21936 4.22724 4.23414 4.24003 4.24488 4.24865 4.25132 4.25288 4.25332 4.25263 4.25082 4.24791 4.24389 4.23881 4.23269 4.22557 4.21749 4.2085 4.19865 4.18801 4.17665 4.16462 4.15202 4.13891 4.12538 4.11151 4.09739 4.08311 4.06874 4.05437 4.04008 4.02596 4.01207 3.99848 3.98526 3.97247 3.96015 3.94835 3.93711 3.92645 3.91641 3.90699 3.89821 3.89007 3.88257 3.8757 3.86946 3.86382 3.85878 3.85431 3.85039 3.84701 3.84414 3.84177 3.83988 3.83845 3.83748 3.83696 
3.83113 3.83151 3.83236 3.8337 3.83553 3.83787 3.84073 3.84413 3.8481 3.85264 3.85779 3.86356 3.86997 3.87704 3.88478 3.8932 3.90231 3.91209 3.92255 3.93368 3.94543 3.9578 3.97074 3.9842 3.99814 4.01249 4.02719 4.04218 4.05736 4.07267 4.08802 4.10331 4.11847 4.13341 4.14803 4.16225 4.17598 4.18914 4.20165 4.21344 4.22444 4.23458 4.2438 4.25204 4.25927 4.26543 4.2705 4.27444 4.27724 4.27887 4.27932 4.2786 4.27671 4.27366 4.26946 4.26415 4.25774 4.25028 4.24182 4.23239 4.22207 4.2109 4.19897 4.18633 4.17308 4.15929 4.14504 4.13043 4.11554 4.10046 4.08528 4.07009 4.05498 4.04002 4.0253 4.01089 3.99686 3.98326 3.97016 3.95761 3.94563 3.93428 3.92356 3.91351 3.90413 3.89542 3.8874 3.88004 3.87335 3.8673 3.86188 3.85708 3.85286 3.84922 3.84613 3.84357 3.84153 3.83998 3.83893 3.83836 
3.83254 3.83294 3.83385 3.83527 3.83723 3.83973 3.84278 3.84642 3.85065 3.85551 3.86101 3.86717 3.87401 3.88156 3.88981 3.89878 3.90848 3.91889 3.93001 3.94183 3.95431 3.96743 3.98114 3.99539 4.01014 4.02531 4.04084 4.05666 4.07267 4.0888 4.10495 4.12104 4.13697 4.15266 4.168 4.1829 4.19729 4.21107 4.22416 4.23649 4.24798 4.25857 4.26819 4.27679 4.28433 4.29076 4.29604 4.30015 4.30306 4.30476 4.30523 4.30448 4.30251 4.29933 4.29496 4.28942 4.28273 4.27495 4.26611 4.25627 4.24548 4.2338 4.22131 4.20808 4.19419 4.17973 4.16477 4.14943 4.13377 4.11791 4.10193 4.08593 4.06999 4.05421 4.03866 4.02343 4.00858 3.99419 3.98031 3.96699 3.95429 3.94222 3.93083 3.92014 3.91015 3.90087 3.89231 3.88446 3.87731 3.87085 3.86505 3.85991 3.85539 3.85149 3.84817 3.84542 3.84322 3.84155 3.84042 3.83979 
3.83399 3.8344 3.83536 3.83688 3.83896 3.84162 3.84488 3.84875 3.85326 3.85843 3.86429 3.87084 3.87812 3.88614 3.89491 3.90444 3.91473 3.92577 3.93755 3.95006 3.96327 3.97713 3.99162 4.00666 4.02222 4.0382 4.05455 4.07119 4.08802 4.10495 4.1219 4.13877 4.15546 4.17187 4.18792 4.2035 4.21852 4.2329 4.24655 4.2594 4.27137 4.28239 4.2924 4.30135 4.30919 4.31587 4.32136 4.32563 4.32865 4.33042 4.33091 4.33014 4.32809 4.32479 4.32024 4.31448 4.30754 4.29944 4.29024 4.27999 4.26875 4.25658 4.24355 4.22974 4.21523 4.20011 4.18447 4.16841 4.15201 4.13538 4.11861 4.1018 4.08505 4.06845 4.05208 4.03603 4.02038 4.00519 3.99053 3.97646 3.96302 3.95025 3.93818 3.92684 3.91624 3.90639 3.8973 3.88895 3.88134 3.87445 3.86828 3.86279 3.85797 3.85379 3.85024 3.8473 3.84494 3.84316 3.84193 3.84126 
3.83546 3.83589 3.83691 3.83851 3.84072 3.84354 3.847 3.85111 3.8559 3.86139 3.8676 3.87456 3.88227 3.89077 3.90006 3.91014 3.92102 3.93269 3.94513 3.95834 3.97226 3.98687 4.00212 4.01795 4.03429 4.05108 4.06824 4.08568 4.10331 4.12104 4.13877 4.1564 4.17382 4.19095 4.20768 4.22391 4.23955 4.25451 4.26871 4.28205 4.29448 4.30592 4.31631 4.32559 4.33371 4.34063 4.34632 4.35074 4.35388 4.35571 4.35622 4.35542 4.35331 4.34989 4.34518 4.33921 4.33201 4.32362 4.31408 4.30344 4.29176 4.27912 4.26557 4.2512 4.23609 4.22034 4.20403 4.18726 4.17013 4.15275 4.13521 4.11762 4.10007 4.08266 4.06548 4.04863 4.03218 4.0162 4.00077 3.98594 3.97177 3.9583 3.94556 3.93358 3.92237 3.91195 3.90232 3.89347 3.8854 3.87809 3.87153 3.8657 3.86057 3.85613 3.85235 3.84921 3.8467 3.84479 3.84348 3.84275 
3.83694 3.83739 3.83846 3.84016 3.84249 3.84548 3.84914 3.85349 3.85856 3.86437 3.87094 3.87829 3.88644 3.89542 3.90522 3.91585 3.92732 3.93961 3.95271 3.9666 3.98123 3.99658 4.01258 4.02918 4.0463 4.06388 4.08183 4.10006 4.11847 4.13697 4.15546 4.17382 4.19197 4.20978 4.22717 4.24403 4.26026 4.27578 4.2905 4.30432 4.31719 4.32903 4.33977 4.34937 4.35776 4.36492 4.37079 4.37536 4.3786 4.38049 4.38103 4.3802 4.37802 4.37449 4.36963 4.36347 4.35603 4.34736 4.33749 4.32648 4.31439 4.30129 4.28724 4.27234 4.25665 4.24029 4.22333 4.20588 4.18805 4.16994 4.15165 4.13329 4.11496 4.09676 4.07879 4.06115 4.04391 4.02716 4.01097 3.9954 3.98051 3.96634 3.95293 3.94031 3.9285 3.91751 3.90734 3.898 3.88947 3.88174 3.8748 3.86862 3.86319 3.85848 3.85447 3.85113 3.84846 3.84643 3.84503 3.84425 
3.83843 3.8389 3.84003 3.84182 3.84428 3.84743 3.85129 3.85588 3.86123 3.86735 3.87427 3.88202 3.8906 3.90005 3.91036 3.92154 3.93358 3.94649 3.96024 3.97479 3.99013 4.00619 4.02293 4.04028 4.05817 4.07652 4.09524 4.11424 4.13341 4.15266 4.17187 4.19095 4.20978 4.22826 4.24628 4.26374 4.28055 4.2966 4.3118 4.32609 4.33937 4.35159 4.36267 4.37256 4.38122 4.38859 4.39464 4.39935 4.40269 4.40464 4.40519 4.40434 4.4021 4.39847 4.39347 4.38713 4.37947 4.37052 4.36035 4.34899 4.33651 4.32297 4.30845 4.29304 4.2768 4.25985 4.24227 4.22417 4.20566 4.18684 4.16782 4.14872 4.12963 4.11067 4.09193 4.07351 4.05551 4.038 4.02106 4.00477 3.98917 3.97432 3.96025 3.947 3.9346 3.92304 3.91235 3.90251 3.89353 3.88539 3.87806 3.87155 3.86581 3.86083 3.85659 3.85306 3.85023 3.84808 3.84659 3.84576 
3.83992 3.84041 3.84159 3.84347 3.84605 3.84937 3.85343 3.85826 3.86387 3.87031 3.87758 3.88572 3.89473 3.90463 3.91544 3.92716 3.93978 3.95328 3.96766 3.98288 3.99889 4.01566 4.03312 4.0512 4.06983 4.08892 4.10839 4.12812 4.14803 4.168 4.18792 4.20768 4.22717 4.24628 4.26491 4.28294 4.30028 4.31684 4.33251 4.34723 4.36091 4.37348 4.38488 4.39505 4.40395 4.41152 4.41774 4.42258 4.42601 4.42802 4.42859 4.42773 4.42543 4.42171 4.41658 4.41006 4.40219 4.393 4.38253 4.37085 4.358 4.34405 4.32909 4.31318 4.29642 4.27891 4.26074 4.24202 4.22286 4.20336 4.18364 4.16382 4.144 4.1243 4.10481 4.08565 4.0669 4.04866 4.031 4.01399 3.9977 3.98218 3.96747 3.95361 3.94062 3.92851 3.9173 3.90698 3.89755 3.889 3.8813 3.87445 3.86841 3.86317 3.8587 3.85498 3.85199 3.84972 3.84815 3.84727 
3.84139 3.8419 3.84314 3.8451 3.84781 3.85129 3.85554 3.8606 3.86649 3.87323 3.88085 3.88936 3.89879 3.90915 3.92044 3.93268 3.94585 3.95995 3.97494 3.99079 4.00747 4.02492 4.04307 4.06186 4.0812 4.10101 4.12119 4.14164 4.16225 4.1829 4.2035 4.22391 4.24403 4.26374 4.28294 4.30152 4.31937 4.3364 4.35252 4.36764 4.38168 4.39459 4.40629 4.41672 4.42584 4.43361 4.43998 4.44494 4.44846 4.45052 4.45111 4.45023 4.44788 4.44407 4.43882 4.43215 4.42408 4.41466 4.40393 4.39193 4.37874 4.36441 4.34903 4.33266 4.31541 4.29737 4.27864 4.25933 4.23954 4.2194 4.19902 4.17851 4.15799 4.13757 4.11737 4.09749 4.07802 4.05906 4.0407 4.02301 4.00604 3.98987 3.97454 3.96008 3.94652 3.93388 3.92216 3.91137 3.9015 3.89255 3.88449 3.8773 3.87097 3.86547 3.86078 3.85688 3.85374 3.85135 3.84969 3.84876 
3.84284 3.84337 3.84466 3.84671 3.84954 3.85317 3.85762 3.8629 3.86905 3.87609 3.88404 3.89292 3.90276 3.91355 3.92533 3.93807 3.95178 3.96644 3.98202 3.99849 4.0158 4.0339 4.05272 4.07219 4.09222 4.11271 4.13358 4.1547 4.17598 4.19729 4.21852 4.23955 4.26026 4.28055 4.30028 4.31937 4.3377 4.35517 4.3717 4.3872 4.40159 4.41481 4.42678 4.43745 4.44678 4.45473 4.46125 4.46632 4.46992 4.47203 4.47263 4.47174 4.46935 4.46546 4.4601 4.45328 4.44504 4.4354 4.42442 4.41215 4.39863 4.38395 4.36817 4.35138 4.33366 4.31513 4.29587 4.27599 4.25562 4.23487 4.21385 4.19269 4.1715 4.15041 4.12952 4.10895 4.08879 4.06915 4.05011 4.03176 4.01415 3.99736 3.98142 3.96638 3.95227 3.93911 3.9269 3.91565 3.90536 3.89602 3.8876 3.8801 3.87348 3.86773 3.86282 3.85874 3.85545 3.85294 3.85121 3.85023 
3.84426 3.84481 3.84614 3.84828 3.85123 3.85501 3.85964 3.86514 3.87154 3.87887 3.88714 3.89638 3.9066 3.91782 3.93005 3.94328 3.9575 3.9727 3.98885 4.00591 4.02383 4.04256 4.06202 4.08213 4.10281 4.12395 4.14547 4.16723 4.18914 4.21107 4.2329 4.25451 4.27578 4.2966 4.31684 4.3364 4.35517 4.37306 4.38997 4.40582 4.42053 4.43403 4.44626 4.45716 4.46668 4.47479 4.48144 4.48661 4.49029 4.49244 4.49307 4.49216 4.48973 4.48577 4.48031 4.47336 4.46496 4.45513 4.44392 4.43138 4.41757 4.40256 4.38641 4.36922 4.35108 4.33208 4.31232 4.29193 4.271 4.24967 4.22806 4.20628 4.18446 4.16273 4.14119 4.11996 4.09915 4.07886 4.05918 4.04019 4.02197 4.00458 3.98806 3.97247 3.95783 3.94417 3.93149 3.9198 3.9091 3.89938 3.89062 3.88281 3.87592 3.86993 3.86481 3.86054 3.85711 3.8545 3.85269 3.85166 
3.84562 3.84619 3.84758 3.8498 3.85286 3.85678 3.86159 3.8673 3.87395 3.88155 3.89013 3.8997 3.9103 3.92193 3.93459 3.94828 3.96299 3.97871 3.99539 4.01301 4.03151 4.05083 4.07089 4.09161 4.1129 4.13466 4.15679 4.17916 4.20165 4.22416 4.24655 4.26871 4.2905 4.3118 4.33251 4.35252 4.3717 4.38997 4.40724 4.42341 4.43841 4.45217 4.46463 4.47573 4.48543 4.49369 4.50046 4.50573 4.50947 4.51167 4.51231 4.5114 4.50893 4.50491 4.49936 4.49229 4.48374 4.47373 4.46231 4.44954 4.43546 4.42014 4.40366 4.38611 4.36756 4.34813 4.32792 4.30703 4.2856 4.26373 4.24156 4.2192 4.19679 4.17445 4.1523 4.13045 4.10903 4.08812 4.06783 4.04825 4.02944 4.01148 3.99442 3.9783 3.96316 3.94902 3.93589 3.92378 3.9127 3.90262 3.89353 3.88542 3.87827 3.87204 3.86672 3.86229 3.85872 3.856 3.85411 3.85305 
3.84693 3.84752 3.84895 3.85125 3.85442 3.85848 3.86345 3.86936 3.87624 3.8841 3.89297 3.90287 3.91382 3.92583 3.9389 3.95303 3.9682 3.9844 4.0016 4.01974 4.03878 4.05865 4.07928 4.10057 4.12244 4.14477 4.16746 4.19039 4.21344 4.23649 4.2594 4.28205 4.30432 4.32609 4.34723 4.36764 4.3872 4.40582 4.42341 4.43987 4.45514 4.46914 4.48181 4.4931 4.50296 4.51135 4.51823 4.52359 4.52739 4.52963 4.53029 4.52936 4.52686 4.52279 4.51716 4.50998 4.5013 4.49113 4.47953 4.46654 4.45221 4.43662 4.41983 4.40194 4.38303 4.36321 4.34257 4.32124 4.29933 4.27696 4.25427 4.23138 4.20841 4.18551 4.16279 4.14037 4.11836 4.09688 4.07602 4.05587 4.03652 4.01802 4.00044 3.98383 3.96821 3.95362 3.94007 3.92757 3.91611 3.90569 3.8963 3.88791 3.8805 3.87406 3.86855 3.86396 3.86026 3.85744 3.85548 3.85437 
3.84818 3.84878 3.85026 3.85262 3.85589 3.86008 3.86522 3.87131 3.87841 3.88651 3.89566 3.90586 3.91714 3.9295 3.94295 3.95749 3.9731 3.98975 4.00742 4.02606 4.0456 4.06598 4.08713 4.10895 4.13135 4.15422 4.17743 4.20088 4.22444 4.24798 4.27137 4.29448 4.31719 4.33937 4.36091 4.38168 4.40159 4.42053 4.43841 4.45514 4.47065 4.48486 4.49772 4.50918 4.51918 4.52769 4.53467 4.54011 4.54397 4.54624 4.54691 4.54599 4.54346 4.53934 4.53363 4.52637 4.51756 4.50725 4.49548 4.48229 4.46775 4.45191 4.43484 4.41665 4.39741 4.37722 4.3562 4.33445 4.31211 4.28928 4.26612 4.24273 4.21926 4.19584 4.17259 4.14963 4.12709 4.10508 4.08369 4.06302 4.04315 4.02416 4.0061 3.98902 3.97296 3.95795 3.944 3.93113 3.91933 3.90859 3.89891 3.89026 3.88262 3.87597 3.87028 3.86554 3.86172 3.8588 3.85677 3.85563 
3.84934 3.84995 3.85147 3.85391 3.85727 3.86158 3.86686 3.87314 3.88043 3.88876 3.89816 3.90864 3.92022 3.93292 3.94672 3.96164 3.97764 3.99472 4.01282 4.0319 4.05191 4.07277 4.0944 4.1167 4.13959 4.16294 4.18663 4.21056 4.23458 4.25857 4.28239 4.30592 4.32903 4.35159 4.37348 4.39459 4.41481 4.43403 4.45217 4.46914 4.48486 4.49927 4.5123 4.52391 4.53404 4.54265 4.54973 4.55523 4.55914 4.56144 4.56213 4.5612 4.55865 4.55448 4.54872 4.54137 4.53246 4.52203 4.5101 4.49674 4.482 4.46593 4.44862 4.43015 4.41061 4.3901 4.36873 4.34661 4.32387 4.30064 4.27703 4.2532 4.22926 4.20537 4.18163 4.15819 4.13516 4.11265 4.09078 4.06963 4.04929 4.02984 4.01134 3.99383 3.97737 3.96197 3.94766 3.93444 3.92232 3.91129 3.90134 3.89244 3.88459 3.87774 3.87189 3.86701 3.86308 3.86008 3.85799 3.8568 
3.85041 3.85104 3.8526 3.8551 3.85855 3.86297 3.86838 3.87481 3.88229 3.89083 3.90045 3.91119 3.92305 3.93605 3.95018 3.96544 3.98181 3.99926 4.01775 4.03725 4.05767 4.07896 4.10103 4.12377 4.14709 4.17088 4.19501 4.21936 4.2438 4.26819 4.2924 4.31631 4.33977 4.36267 4.38488 4.40629 4.42678 4.44626 4.46463 4.48181 4.49772 4.5123 4.52548 4.53722 4.54746 4.55617 4.56333 4.56889 4.57284 4.57518 4.57588 4.57494 4.57237 4.56817 4.56235 4.55493 4.54593 4.53539 4.52333 4.50982 4.4949 4.47864 4.46111 4.44239 4.42259 4.40179 4.3801 4.35765 4.33456 4.31095 4.28696 4.26272 4.23837 4.21404 4.18987 4.16599 4.14251 4.11957 4.09725 4.07567 4.05491 4.03504 4.01613 3.99824 3.9814 3.96565 3.95101 3.93748 3.92507 3.91377 3.90357 3.89445 3.8864 3.87938 3.87338 3.86837 3.86433 3.86125 3.85911 3.85789 
3.85139 3.85203 3.85362 3.85617 3.8597 3.86422 3.86976 3.87633 3.88397 3.89269 3.90253 3.9135 3.92561 3.93887 3.95329 3.96886 3.98555 4.00334 4.02219 4.04205 4.06285 4.08452 4.10697 4.13011 4.15382 4.17799 4.20251 4.22724 4.25204 4.27679 4.30135 4.32559 4.34937 4.37256 4.39505 4.41672 4.43745 4.45716 4.47573 4.4931 4.50918 4.52391 4.53722 4.54907 4.55941 4.56821 4.57543 4.58104 4.58504 4.5874 4.58811 4.58717 4.58458 4.58035 4.57448 4.567 4.55792 4.54728 4.53511 4.52147 4.50639 4.48996 4.47224 4.45331 4.43327 4.41221 4.39026 4.36751 4.3441 4.32017 4.29583 4.27123 4.24651 4.22181 4.19725 4.17297 4.14911 4.12576 4.10306 4.08109 4.05994 4.03971 4.02044 4.0022 3.98503 3.96897 3.95402 3.94021 3.92754 3.916 3.90559 3.89627 3.88804 3.88086 3.87473 3.8696 3.86547 3.86232 3.86012 3.85887 
3.85226 3.85291 3.85453 3.85713 3.86073 3.86533 3.87098 3.87768 3.88546 3.89435 3.90437 3.91554 3.92787 3.94137 3.95604 3.97187 3.98885 4.00694 4.0261 4.04627 4.0674 4.0894 4.11219 4.13567 4.15972 4.18424 4.20909 4.23414 4.25927 4.28433 4.30919 4.33371 4.35776 4.38122 4.40395 4.42584 4.44678 4.46668 4.48543 4.50296 4.51918 4.53404 4.54746 4.55941 4.56984 4.5787 4.58598 4.59164 4.59567 4.59805 4.59878 4.59784 4.59524 4.59098 4.58507 4.57753 4.56839 4.55766 4.5454 4.53164 4.51643 4.49985 4.48196 4.46285 4.44261 4.42133 4.39914 4.37614 4.35246 4.32824 4.3036 4.27869 4.25365 4.22862 4.20372 4.17911 4.15489 4.13121 4.10816 4.08585 4.06438 4.04381 4.02423 4.00569 3.98823 3.97189 3.95668 3.94263 3.92973 3.91798 3.90737 3.89788 3.88949 3.88217 3.87592 3.87069 3.86648 3.86326 3.86102 3.85975 
3.85301 3.85367 3.85532 3.85796 3.86162 3.8663 3.87203 3.87884 3.88674 3.89577 3.90595 3.91729 3.92981 3.94351 3.9584 3.97446 3.99168 4.01002 4.02944 4.04989 4.0713 4.09358 4.11666 4.14043 4.16477 4.18957 4.2147 4.24003 4.26543 4.29076 4.31587 4.34063 4.36492 4.38859 4.41152 4.43361 4.45473 4.47479 4.49369 4.51135 4.52769 4.54265 4.55617 4.56821 4.5787 4.58763 4.59496 4.60066 4.60472 4.60712 4.60785 4.60691 4.6043 4.60001 4.59407 4.58649 4.57729 4.5665 4.55415 4.54029 4.52498 4.50827 4.49024 4.47098 4.45056 4.4291 4.4067 4.38349 4.35959 4.33512 4.31023 4.28506 4.25974 4.23443 4.20925 4.18434 4.15984 4.13586 4.11252 4.08993 4.06817 4.04733 4.02748 4.00868 3.99097 3.97439 3.95897 3.9447 3.93161 3.91968 3.9089 3.89926 3.89074 3.88331 3.87695 3.87164 3.86736 3.86408 3.86181 3.86051 
3.85364 3.85431 3.85598 3.85866 3.86236 3.8671 3.87291 3.87981 3.88781 3.89696 3.90726 3.91875 3.93142 3.94529 3.96035 3.9766 3.99402 4.01257 4.03221 4.05288 4.07451 4.09703 4.12034 4.14434 4.16892 4.19396 4.21932 4.24488 4.2705 4.29604 4.32136 4.34632 4.37079 4.39464 4.41774 4.43998 4.46125 4.48144 4.50046 4.51823 4.53467 4.54973 4.56333 4.57543 4.58598 4.59496 4.60232 4.60806 4.61214 4.61456 4.6153 4.61435 4.61173 4.60743 4.60147 4.59385 4.5846 4.57375 4.56133 4.5474 4.53199 4.51518 4.49704 4.47765 4.45709 4.43548 4.41292 4.38953 4.36544 4.34077 4.31568 4.29029 4.26475 4.23921 4.2138 4.18865 4.16391 4.13969 4.11612 4.09329 4.0713 4.05023 4.03016 4.01115 3.99324 3.97647 3.96086 3.94642 3.93317 3.92109 3.91018 3.90041 3.89178 3.88425 3.87781 3.87243 3.86809 3.86477 3.86246 3.86115 
3.85414 3.85482 3.85651 3.85921 3.86295 3.86774 3.87361 3.88057 3.88866 3.8979 3.9083 3.91989 3.93268 3.94668 3.96189 3.97828 3.99585 4.01456 4.03437 4.05521 4.07702 4.09972 4.12321 4.14739 4.17215 4.19737 4.22291 4.24865 4.27444 4.30015 4.32563 4.35074 4.37536 4.39935 4.42258 4.44494 4.46632 4.48661 4.50573 4.52359 4.54011 4.55523 4.56889 4.58104 4.59164 4.60066 4.60806 4.61382 4.61792 4.62035 4.62109 4.62015 4.61752 4.61321 4.60722 4.59957 4.59028 4.57939 4.56692 4.55292 4.53745 4.52056 4.50233 4.48283 4.46217 4.44044 4.41775 4.39422 4.36999 4.34517 4.31991 4.29436 4.26865 4.24293 4.21733 4.19201 4.16708 4.14268 4.11892 4.09591 4.07374 4.0525 4.03226 4.01308 3.99501 3.97809 3.96234 3.94777 3.93439 3.9222 3.91118 3.90132 3.8926 3.885 3.87849 3.87306 3.86867 3.86532 3.86298 3.86166 
3.85451 3.8552 3.8569 3.85962 3.86339 3.86821 3.87412 3.88113 3.88928 3.89857 3.90905 3.92072 3.93359 3.94768 3.96298 3.97948 3.99716 4.01598 4.0359 4.05687 4.0788 4.10163 4.12525 4.14956 4.17445 4.19979 4.22546 4.25132 4.27724 4.30306 4.32865 4.35388 4.3786 4.40269 4.42601 4.44846 4.46992 4.49029 4.50947 4.52739 4.54397 4.55914 4.57284 4.58504 4.59567 4.60472 4.61214 4.61792 4.62203 4.62447 4.62522 4.62428 4.62164 4.61731 4.61131 4.60364 4.59433 4.5834 4.57089 4.55685 4.54132 4.52438 4.50608 4.48651 4.46577 4.44395 4.42117 4.39755 4.37321 4.34828 4.32291 4.29724 4.27141 4.24556 4.21984 4.19439 4.16933 4.1448 4.12091 4.09777 4.07547 4.05411 4.03375 4.01446 3.99628 3.97925 3.9634 3.94874 3.93527 3.923 3.91191 3.90198 3.8932 3.88554 3.87899 3.87351 3.8691 3.86572 3.86337 3.86203 
3.85475 3.85543 3.85714 3.85988 3.86366 3.8685 3.87444 3.88148 3.88965 3.89899 3.9095 3.92122 3.93414 3.94828 3.96364 3.9802 3.99794 4.01683 4.03681 4.05785 4.07985 4.10275 4.12644 4.15083 4.17579 4.20121 4.22695 4.25288 4.27887 4.30476 4.33042 4.35571 4.38049 4.40464 4.42802 4.45052 4.47203 4.49244 4.51167 4.52963 4.54624 4.56144 4.57518 4.5874 4.59805 4.60712 4.61456 4.62035 4.62447 4.62691 4.62766 4.62672 4.62408 4.61975 4.61373 4.60605 4.59672 4.58577 4.57323 4.55916 4.5436 4.52662 4.50828 4.48867 4.46788 4.44601 4.42317 4.39949 4.37509 4.3501 4.32466 4.29892 4.27302 4.2471 4.2213 4.19577 4.17064 4.14604 4.12207 4.09886 4.07649 4.05506 4.03463 4.01528 3.99703 3.97995 3.96404 3.94932 3.9358 3.92348 3.91235 3.90238 3.89356 3.88588 3.8793 3.8738 3.86936 3.86597 3.86361 3.86227 
