1.54976 1.55009 1.5504 1.55071 1.551 1.55127 1.55152 1.55176 1.55197 1.55216 1.55233 1.55247 1.5526 1.55271 1.5528 1.55288 1.55295 1.55301 1.55306 1.5531 1.55314 1.55318 1.55321 1.55325 1.55329 1.55334 1.55339 1.55345 1.55351 1.55358 1.55366 1.55375 1.55385 1.55396 1.55407 1.55419 1.55432 1.55445 1.55458 1.55472 1.55485 1.55499 1.55511 1.55523 1.55534 1.55544 1.55553 1.5556 1.55566 1.55569 1.55572 1.55572 1.5557 1.55567 1.55562 1.55555 1.55547 1.55537 1.55527 1.55515 1.55503 1.5549 1.55477 1.55464 1.55451 1.55438 1.55425 1.55413 1.55402 1.55391 1.55382 1.55373 1.55365 1.55358 1.55351 1.55346 1.55342 1.55338 1.55336 1.55334 1.55334 1.55334 1.55336 1.55339 1.55343 1.55349 1.55357 1.55367 1.55379 1.55393 1.55409 1.55428 1.55449 1.55472 1.55497 1.55525 1.55554 1.55585 1.55616 1.55648 
1.55009 1.55041 1.55072 1.55103 1.55132 1.55159 1.55184 1.55208 1.55229 1.55248 1.55265 1.55279 1.55292 1.55303 1.55312 1.5532 1.55327 1.55333 1.55337 1.55342 1.55346 1.55349 1.55353 1.55357 1.55361 1.55365 1.5537 1.55376 1.55382 1.55389 1.55397 1.55406 1.55416 1.55427 1.55438 1.5545 1.55463 1.55476 1.5549 1.55504 1.55518 1.55531 1.55544 1.55556 1.55568 1.55578 1.55587 1.55594 1.556 1.55604 1.55606 1.55606 1.55604 1.55601 1.55596 1.55589 1.5558 1.55571 1.5556 1.55548 1.55535 1.55522 1.55509 1.55496 1.55482 1.55469 1.55456 1.55444 1.55433 1.55422 1.55413 1.55404 1.55396 1.55389 1.55383 1.55377 1.55373 1.5537 1.55367 1.55366 1.55365 1.55366 1.55368 1.55371 1.55375 1.55381 1.55389 1.55399 1.55411 1.55425 1.55441 1.5546 1.55481 1.55504 1.5553 1.55557 1.55586 1.55617 1.55648 1.5568 
1.5504 1.55072 1.55104 1.55134 1.55163 1.55191 1.55216 1.55239 1.5526 1.55279 1.55296 1.55311 1.55324 1.55335 1.55344 1.55352 1.55358 1.55364 1.55369 1.55374 1.55378 1.55381 1.55385 1.55389 1.55394 1.55399 1.55404 1.55411 1.55418 1.55426 1.55435 1.55445 1.55456 1.55468 1.55481 1.55495 1.5551 1.55525 1.55541 1.55557 1.55572 1.55588 1.55602 1.55616 1.55629 1.55641 1.55651 1.55659 1.55666 1.5567 1.55672 1.55673 1.55671 1.55667 1.55661 1.55653 1.55643 1.55632 1.5562 1.55606 1.55592 1.55577 1.55561 1.55546 1.55531 1.55516 1.55502 1.55488 1.55475 1.55463 1.55452 1.55442 1.55433 1.55425 1.55418 1.55412 1.55407 1.55403 1.554 1.55398 1.55397 1.55398 1.554 1.55402 1.55407 1.55413 1.55421 1.5543 1.55442 1.55456 1.55473 1.55491 1.55512 1.55536 1.55561 1.55588 1.55618 1.55648 1.5568 1.55712 
1.55071 1.55103 1.55134 1.55165 1.55194 1.55221 1.55246 1.5527 1.55291 1.5531 1.55327 1.55341 1.55354 1.55365 1.55374 1.55382 1.55389 1.55395 1.554 1.55405 1.5541 1.55414 1.55418 1.55423 1.55429 1.55435 1.55442 1.5545 1.55458 1.55469 1.5548 1.55493 1.55507 1.55522 1.55538 1.55556 1.55574 1.55593 1.55613 1.55632 1.55652 1.55671 1.55689 1.55706 1.55722 1.55737 1.55749 1.55759 1.55767 1.55773 1.55775 1.55775 1.55773 1.55768 1.5576 1.5575 1.55738 1.55724 1.55709 1.55692 1.55674 1.55655 1.55636 1.55617 1.55598 1.55579 1.55562 1.55544 1.55528 1.55513 1.555 1.55487 1.55476 1.55466 1.55457 1.5545 1.55443 1.55438 1.55434 1.55432 1.5543 1.5543 1.55431 1.55434 1.55438 1.55444 1.55452 1.55461 1.55473 1.55487 1.55503 1.55522 1.55543 1.55566 1.55592 1.55619 1.55648 1.55679 1.5571 1.55742 
1.551 1.55132 1.55163 1.55194 1.55223 1.5525 1.55275 1.55299 1.5532 1.55339 1.55356 1.55371 1.55383 1.55394 1.55404 1.55412 1.55419 1.55426 1.55431 1.55436 1.55442 1.55447 1.55452 1.55459 1.55466 1.55474 1.55483 1.55493 1.55505 1.55519 1.55534 1.55551 1.55569 1.5559 1.55611 1.55634 1.55659 1.55684 1.55709 1.55735 1.5576 1.55785 1.55809 1.55832 1.55853 1.55871 1.55887 1.559 1.5591 1.55917 1.5592 1.5592 1.55917 1.5591 1.559 1.55887 1.55871 1.55852 1.55832 1.5581 1.55786 1.55762 1.55737 1.55712 1.55687 1.55663 1.55639 1.55617 1.55595 1.55576 1.55557 1.55541 1.55526 1.55513 1.55501 1.55491 1.55483 1.55476 1.5547 1.55466 1.55464 1.55463 1.55463 1.55465 1.55469 1.55474 1.55482 1.55491 1.55503 1.55516 1.55532 1.55551 1.55572 1.55595 1.55621 1.55648 1.55677 1.55708 1.55739 1.55771 
1.55127 1.55159 1.55191 1.55221 1.5525 1.55277 1.55303 1.55326 1.55347 1.55366 1.55383 1.55398 1.55411 1.55422 1.55432 1.55441 1.55448 1.55455 1.55461 1.55467 1.55474 1.5548 1.55488 1.55496 1.55505 1.55516 1.55529 1.55543 1.55559 1.55578 1.55599 1.55622 1.55647 1.55675 1.55704 1.55736 1.55768 1.55802 1.55836 1.55871 1.55905 1.55938 1.5597 1.56 1.56028 1.56052 1.56073 1.5609 1.56103 1.56112 1.56116 1.56116 1.56111 1.56102 1.56088 1.5607 1.56049 1.56024 1.55997 1.55967 1.55936 1.55903 1.5587 1.55836 1.55802 1.5577 1.55738 1.55708 1.55679 1.55652 1.55628 1.55605 1.55585 1.55567 1.55551 1.55538 1.55526 1.55516 1.55508 1.55502 1.55498 1.55496 1.55495 1.55496 1.55499 1.55504 1.5551 1.55519 1.55531 1.55544 1.5556 1.55579 1.55599 1.55623 1.55648 1.55675 1.55704 1.55735 1.55766 1.55799 
1.55152 1.55184 1.55216 1.55246 1.55275 1.55303 1.55328 1.55352 1.55373 1.55392 1.55409 1.55424 1.55437 1.55449 1.55459 1.55468 1.55476 1.55483 1.55491 1.55498 1.55506 1.55515 1.55524 1.55536 1.55549 1.55564 1.55581 1.55601 1.55624 1.5565 1.55678 1.5571 1.55745 1.55783 1.55823 1.55865 1.5591 1.55956 1.56002 1.56049 1.56095 1.56139 1.56182 1.56222 1.56259 1.56291 1.56319 1.56342 1.56359 1.5637 1.56376 1.56375 1.56368 1.56355 1.56336 1.56312 1.56284 1.5625 1.56214 1.56174 1.56131 1.56087 1.56042 1.55996 1.55951 1.55907 1.55864 1.55823 1.55784 1.55748 1.55714 1.55684 1.55656 1.55631 1.55609 1.5559 1.55574 1.5556 1.55549 1.5554 1.55533 1.55529 1.55526 1.55526 1.55528 1.55532 1.55538 1.55547 1.55557 1.55571 1.55586 1.55605 1.55625 1.55648 1.55674 1.55701 1.5573 1.5576 1.55792 1.55824 
1.55176 1.55208 1.55239 1.5527 1.55299 1.55326 1.55352 1.55375 1.55396 1.55416 1.55433 1.55448 1.55461 1.55473 1.55484 1.55493 1.55502 1.55511 1.5552 1.55529 1.55539 1.55551 1.55564 1.5558 1.55597 1.55618 1.55642 1.5567 1.55702 1.55737 1.55777 1.55821 1.55868 1.5592 1.55974 1.56032 1.56092 1.56154 1.56216 1.56279 1.56341 1.564 1.56457 1.56511 1.56559 1.56602 1.56639 1.56669 1.56691 1.56706 1.56713 1.56711 1.56702 1.56684 1.56659 1.56627 1.56588 1.56544 1.56494 1.5644 1.56384 1.56324 1.56264 1.56202 1.56142 1.56082 1.56024 1.55968 1.55916 1.55867 1.55821 1.55779 1.55742 1.55708 1.55678 1.55651 1.55629 1.55609 1.55593 1.55581 1.55571 1.55563 1.55558 1.55556 1.55557 1.55559 1.55564 1.55572 1.55582 1.55595 1.55611 1.55629 1.55649 1.55672 1.55697 1.55724 1.55753 1.55784 1.55815 1.55847 
1.55197 1.55229 1.5526 1.55291 1.5532 1.55347 1.55373 1.55396 1.55418 1.55437 1.55454 1.5547 1.55484 1.55496 1.55508 1.55518 1.55528 1.55539 1.5555 1.55562 1.55575 1.5559 1.55608 1.55629 1.55654 1.55683 1.55716 1.55754 1.55797 1.55846 1.559 1.5596 1.56024 1.56094 1.56168 1.56246 1.56326 1.56409 1.56492 1.56575 1.56657 1.56736 1.56812 1.56882 1.56946 1.57002 1.57051 1.5709 1.57119 1.57138 1.57146 1.57144 1.5713 1.57107 1.57073 1.5703 1.56979 1.5692 1.56854 1.56783 1.56707 1.56628 1.56547 1.56466 1.56384 1.56305 1.56227 1.56153 1.56082 1.56016 1.55954 1.55898 1.55847 1.55801 1.5576 1.55724 1.55693 1.55666 1.55644 1.55625 1.55611 1.556 1.55592 1.55587 1.55585 1.55586 1.5559 1.55597 1.55606 1.55618 1.55633 1.55651 1.55671 1.55694 1.55719 1.55746 1.55775 1.55805 1.55836 1.55869 
1.55216 1.55248 1.55279 1.5531 1.55339 1.55366 1.55392 1.55416 1.55437 1.55457 1.55474 1.5549 1.55505 1.55518 1.5553 1.55542 1.55554 1.55567 1.5558 1.55596 1.55614 1.55634 1.55659 1.55688 1.55721 1.55761 1.55806 1.55858 1.55917 1.55983 1.56056 1.56136 1.56223 1.56316 1.56414 1.56518 1.56625 1.56734 1.56844 1.56953 1.57061 1.57165 1.57263 1.57355 1.57438 1.57511 1.57574 1.57624 1.57662 1.57686 1.57696 1.57692 1.57675 1.57643 1.57599 1.57543 1.57475 1.57397 1.57311 1.57217 1.57117 1.57013 1.56907 1.56799 1.56692 1.56587 1.56484 1.56385 1.56291 1.56203 1.56121 1.56045 1.55977 1.55915 1.5586 1.55811 1.55769 1.55732 1.55702 1.55676 1.55655 1.55639 1.55627 1.55619 1.55614 1.55613 1.55615 1.5562 1.55628 1.5564 1.55654 1.55671 1.55691 1.55713 1.55738 1.55765 1.55794 1.55824 1.55855 1.55888 
1.55233 1.55265 1.55296 1.55327 1.55356 1.55383 1.55409 1.55433 1.55454 1.55474 1.55492 1.55509 1.55524 1.55538 1.55552 1.55566 1.5558 1.55596 1.55613 1.55634 1.55657 1.55685 1.55718 1.55757 1.55803 1.55856 1.55917 1.55987 1.56066 1.56154 1.56252 1.56359 1.56474 1.56597 1.56727 1.56862 1.57003 1.57145 1.57289 1.57431 1.57571 1.57705 1.57832 1.5795 1.58057 1.58151 1.58231 1.58295 1.58343 1.58373 1.58386 1.5838 1.58357 1.58316 1.58258 1.58185 1.58097 1.57996 1.57884 1.57762 1.57633 1.57498 1.5736 1.57219 1.57079 1.56941 1.56807 1.56677 1.56554 1.56438 1.56329 1.56229 1.56138 1.56056 1.55982 1.55917 1.5586 1.55811 1.5577 1.55735 1.55706 1.55683 1.55665 1.55653 1.55644 1.5564 1.5564 1.55643 1.5565 1.5566 1.55673 1.5569 1.55709 1.55731 1.55756 1.55782 1.55811 1.55841 1.55872 1.55904 
1.55247 1.55279 1.55311 1.55341 1.55371 1.55398 1.55424 1.55448 1.5547 1.5549 1.55509 1.55526 1.55542 1.55558 1.55574 1.5559 1.55608 1.55627 1.5565 1.55677 1.55708 1.55746 1.5579 1.55842 1.55904 1.55975 1.56056 1.56149 1.56254 1.56371 1.56499 1.56639 1.5679 1.56951 1.5712 1.57296 1.57477 1.57661 1.57846 1.58029 1.58208 1.58379 1.58541 1.58691 1.58827 1.58946 1.59047 1.59128 1.59188 1.59226 1.59241 1.59233 1.59203 1.5915 1.59076 1.58982 1.58869 1.5874 1.58596 1.5844 1.58275 1.58101 1.57923 1.57743 1.57562 1.57384 1.5721 1.57042 1.56882 1.5673 1.56589 1.56459 1.56339 1.56231 1.56134 1.56048 1.55973 1.55907 1.55851 1.55804 1.55765 1.55734 1.55709 1.5569 1.55677 1.55668 1.55665 1.55666 1.5567 1.55679 1.55691 1.55707 1.55725 1.55747 1.55771 1.55798 1.55826 1.55856 1.55887 1.55919 
1.5526 1.55292 1.55324 1.55354 1.55383 1.55411 1.55437 1.55461 1.55484 1.55505 1.55524 1.55542 1.5556 1.55578 1.55596 1.55616 1.55637 1.55663 1.55692 1.55727 1.55769 1.55818 1.55877 1.55947 1.56028 1.56122 1.5623 1.56352 1.56489 1.56642 1.56809 1.5699 1.57185 1.57392 1.5761 1.57835 1.58067 1.58301 1.58536 1.58768 1.58994 1.5921 1.59414 1.59603 1.59773 1.59922 1.60048 1.60149 1.60223 1.60269 1.60287 1.60276 1.60237 1.6017 1.60076 1.59958 1.59815 1.59652 1.59471 1.59273 1.59063 1.58844 1.58618 1.58388 1.58159 1.57931 1.57709 1.57494 1.57288 1.57094 1.56911 1.56743 1.56588 1.56447 1.56321 1.56209 1.5611 1.56024 1.55951 1.55888 1.55836 1.55793 1.55759 1.55732 1.55712 1.55699 1.55691 1.55689 1.55691 1.55698 1.55708 1.55723 1.5574 1.55761 1.55785 1.55811 1.55839 1.55869 1.559 1.55932 
1.55271 1.55303 1.55335 1.55365 1.55394 1.55422 1.55449 1.55473 1.55496 1.55518 1.55538 1.55558 1.55578 1.55598 1.5562 1.55644 1.55671 1.55703 1.55742 1.55787 1.55842 1.55908 1.55985 1.56076 1.56183 1.56306 1.56446 1.56605 1.56783 1.56979 1.57194 1.57426 1.57675 1.57939 1.58214 1.585 1.58792 1.59087 1.59381 1.59671 1.59953 1.60222 1.60476 1.6071 1.6092 1.61104 1.61259 1.61383 1.61474 1.6153 1.61551 1.61537 1.61487 1.61403 1.61286 1.61138 1.60961 1.60757 1.60531 1.60285 1.60022 1.59748 1.59464 1.59176 1.58887 1.58601 1.5832 1.58048 1.57788 1.5754 1.57308 1.57093 1.56895 1.56714 1.56552 1.56407 1.56279 1.56167 1.56071 1.55989 1.5592 1.55864 1.55817 1.55781 1.55753 1.55733 1.5572 1.55714 1.55712 1.55716 1.55725 1.55738 1.55754 1.55774 1.55797 1.55823 1.55851 1.5588 1.55911 1.55943 
1.5528 1.55312 1.55344 1.55374 1.55404 1.55432 1.55459 1.55484 1.55508 1.5553 1.55552 1.55574 1.55596 1.5562 1.55646 1.55675 1.5571 1.55751 1.55801 1.5586 1.55932 1.56017 1.56118 1.56237 1.56375 1.56534 1.56714 1.56918 1.57145 1.57395 1.57668 1.57962 1.58276 1.58607 1.58952 1.59308 1.59672 1.60038 1.60403 1.60761 1.61108 1.6144 1.6175 1.62036 1.62293 1.62518 1.62707 1.62857 1.62967 1.63034 1.63059 1.6304 1.62978 1.62874 1.6273 1.62548 1.6233 1.6208 1.61801 1.61497 1.61174 1.60834 1.60484 1.60127 1.59768 1.59412 1.59062 1.58722 1.58395 1.58085 1.57793 1.57521 1.5727 1.57041 1.56834 1.56649 1.56486 1.56342 1.56218 1.56112 1.56023 1.55948 1.55887 1.55839 1.55801 1.55772 1.55753 1.5574 1.55735 1.55736 1.55742 1.55752 1.55768 1.55786 1.55809 1.55834 1.55861 1.5589 1.55921 1.55952 
1.55288 1.5532 1.55352 1.55382 1.55412 1.55441 1.55468 1.55493 1.55518 1.55542 1.55566 1.5559 1.55616 1.55644 1.55675 1.55712 1.55756 1.55809 1.55873 1.5595 1.56042 1.56152 1.56283 1.56435 1.56612 1.56814 1.57044 1.57302 1.57589 1.57903 1.58245 1.58613 1.59003 1.59414 1.59841 1.60281 1.60728 1.61177 1.61623 1.6206 1.62482 1.62884 1.63261 1.63606 1.63916 1.64187 1.64413 1.64593 1.64724 1.64804 1.64832 1.64808 1.64733 1.64606 1.64431 1.6421 1.63945 1.63641 1.63303 1.62933 1.62539 1.62125 1.61697 1.6126 1.6082 1.60382 1.59951 1.59531 1.59126 1.58741 1.58378 1.58038 1.57725 1.57438 1.57177 1.56944 1.56737 1.56556 1.56398 1.56262 1.56147 1.56051 1.55971 1.55907 1.55857 1.55818 1.5579 1.55771 1.5576 1.55756 1.55759 1.55767 1.5578 1.55798 1.55819 1.55843 1.5587 1.55899 1.55929 1.55961 
1.55295 1.55327 1.55358 1.55389 1.55419 1.55448 1.55476 1.55502 1.55528 1.55554 1.5558 1.55608 1.55637 1.55671 1.5571 1.55756 1.55812 1.55879 1.55961 1.56059 1.56178 1.56318 1.56484 1.56677 1.56901 1.57157 1.57446 1.57769 1.58126 1.58517 1.58941 1.59394 1.59875 1.60379 1.60901 1.61436 1.61979 1.62523 1.63061 1.63587 1.64095 1.64577 1.65027 1.65439 1.65808 1.6613 1.66398 1.66611 1.66766 1.6686 1.66892 1.66862 1.6677 1.66618 1.66408 1.66143 1.65826 1.65462 1.65056 1.64613 1.64139 1.6364 1.63123 1.62595 1.62061 1.61529 1.61004 1.60492 1.59997 1.59524 1.59077 1.58659 1.58271 1.57915 1.57591 1.573 1.57041 1.56813 1.56614 1.56443 1.56297 1.56174 1.56072 1.55989 1.55923 1.55871 1.55833 1.55805 1.55788 1.55779 1.55778 1.55783 1.55793 1.55809 1.55829 1.55852 1.55878 1.55906 1.55936 1.55967 
1.55301 1.55333 1.55364 1.55395 1.55426 1.55455 1.55483 1.55511 1.55539 1.55567 1.55596 1.55627 1.55663 1.55703 1.55751 1.55809 1.55879 1.55965 1.56068 1.56193 1.56343 1.5652 1.56729 1.56972 1.57252 1.57571 1.57929 1.58329 1.5877 1.59251 1.59769 1.60322 1.60906 1.61516 1.62147 1.62791 1.63442 1.64093 1.64735 1.65361 1.65963 1.66533 1.67065 1.67551 1.67985 1.68362 1.68677 1.68926 1.69106 1.69215 1.69251 1.69214 1.69105 1.68925 1.68677 1.68363 1.67989 1.67558 1.67077 1.66551 1.65988 1.65395 1.64779 1.64147 1.63509 1.6287 1.62238 1.6162 1.61022 1.60449 1.59905 1.59395 1.5892 1.58483 1.58085 1.57726 1.57406 1.57122 1.56875 1.56661 1.56477 1.56323 1.56194 1.56088 1.56002 1.55935 1.55884 1.55846 1.5582 1.55805 1.55798 1.55799 1.55807 1.5582 1.55838 1.5586 1.55885 1.55913 1.55943 1.55973 
1.55306 1.55337 1.55369 1.554 1.55431 1.55461 1.55491 1.5552 1.5555 1.5558 1.55613 1.5565 1.55692 1.55742 1.55801 1.55873 1.55961 1.56068 1.56198 1.56355 1.56543 1.56765 1.57025 1.57327 1.57673 1.58066 1.58506 1.58995 1.59533 1.60116 1.60743 1.6141 1.62112 1.62842 1.63594 1.6436 1.65132 1.65901 1.66658 1.67393 1.68099 1.68766 1.69386 1.69952 1.70456 1.70893 1.71258 1.71545 1.71752 1.71877 1.71917 1.71873 1.71745 1.71535 1.71245 1.7088 1.70442 1.69939 1.69376 1.6876 1.681 1.67402 1.66677 1.65931 1.65176 1.64418 1.63667 1.6293 1.62214 1.61527 1.60873 1.60257 1.59683 1.59153 1.58669 1.58231 1.57838 1.5749 1.57185 1.5692 1.56693 1.565 1.56339 1.56205 1.56097 1.56011 1.55944 1.55894 1.55858 1.55834 1.55822 1.55818 1.55822 1.55832 1.55848 1.55868 1.55892 1.55919 1.55948 1.55979 
1.5531 1.55342 1.55374 1.55405 1.55436 1.55467 1.55498 1.55529 1.55562 1.55596 1.55634 1.55677 1.55727 1.55787 1.5586 1.5595 1.56059 1.56193 1.56355 1.5655 1.56783 1.57057 1.57378 1.57749 1.58172 1.58651 1.59186 1.59778 1.60425 1.61126 1.61876 1.6267 1.63503 1.64367 1.65254 1.66154 1.67059 1.67956 1.68838 1.69692 1.70509 1.7128 1.71995 1.72645 1.73224 1.73725 1.74142 1.7447 1.74705 1.74846 1.74891 1.74839 1.74691 1.74449 1.74115 1.73693 1.7319 1.72609 1.71959 1.71246 1.70481 1.69671 1.68826 1.67957 1.67073 1.66184 1.653 1.64431 1.63585 1.6277 1.61992 1.61258 1.6057 1.59934 1.59351 1.58822 1.58346 1.57924 1.57551 1.57227 1.56948 1.56711 1.56511 1.56345 1.5621 1.56101 1.56015 1.5595 1.55902 1.55869 1.55848 1.55839 1.55838 1.55845 1.55858 1.55877 1.55899 1.55925 1.55953 1.55983 
1.55314 1.55346 1.55378 1.5541 1.55442 1.55474 1.55506 1.55539 1.55575 1.55614 1.55657 1.55708 1.55769 1.55842 1.55932 1.56042 1.56178 1.56343 1.56543 1.56783 1.57068 1.57404 1.57795 1.58246 1.58758 1.59335 1.59978 1.60686 1.61457 1.62289 1.63176 1.64112 1.6509 1.66101 1.67134 1.6818 1.69227 1.70264 1.71278 1.72258 1.73194 1.74073 1.74887 1.75627 1.76284 1.7685 1.77321 1.77691 1.77956 1.78114 1.78163 1.78103 1.77934 1.77658 1.77279 1.768 1.76226 1.75565 1.74823 1.74008 1.73131 1.72202 1.7123 1.70227 1.69205 1.68175 1.67147 1.66134 1.65144 1.64187 1.63272 1.62405 1.61591 1.60835 1.6014 1.59508 1.58937 1.58429 1.5798 1.57587 1.57248 1.56959 1.56714 1.5651 1.56342 1.56207 1.56099 1.56016 1.55954 1.55909 1.5588 1.55863 1.55857 1.55859 1.55869 1.55885 1.55906 1.55931 1.55958 1.55988 
1.55318 1.55349 1.55381 1.55414 1.55447 1.5548 1.55515 1.55551 1.5559 1.55634 1.55685 1.55746 1.55818 1.55908 1.56017 1.56152 1.56318 1.5652 1.56765 1.57057 1.57404 1.57811 1.58283 1.58824 1.59438 1.60126 1.6089 1.61727 1.62637 1.63613 1.64651 1.65742 1.66877 1.68047 1.69238 1.7044 1.71638 1.72821 1.73975 1.75087 1.76145 1.77138 1.78054 1.78885 1.79621 1.80255 1.80781 1.81193 1.81488 1.81663 1.81716 1.81648 1.81458 1.81148 1.80722 1.80184 1.79539 1.78795 1.77958 1.77038 1.76046 1.74991 1.73886 1.72742 1.71573 1.70392 1.6921 1.68041 1.66895 1.65785 1.64719 1.63705 1.62752 1.61863 1.61043 1.60295 1.59618 1.59012 1.58475 1.58005 1.57597 1.57248 1.56951 1.56703 1.56498 1.56331 1.56198 1.56094 1.56014 1.55956 1.55916 1.55891 1.55878 1.55876 1.55882 1.55895 1.55914 1.55937 1.55963 1.55992 
1.55321 1.55353 1.55385 1.55418 1.55452 1.55488 1.55524 1.55564 1.55608 1.55659 1.55718 1.5579 1.55877 1.55985 1.56118 1.56283 1.56484 1.56729 1.57025 1.57378 1.57795 1.58283 1.58846 1.5949 1.60217 1.6103 1.61927 1.62908 1.63969 1.65103 1.66304 1.67562 1.68866 1.70204 1.71563 1.72928 1.74285 1.7562 1.76918 1.78166 1.79349 1.80456 1.81476 1.82398 1.83214 1.83915 1.84495 1.8495 1.85275 1.85467 1.85524 1.85447 1.85236 1.84893 1.8442 1.83824 1.83108 1.8228 1.81347 1.80321 1.7921 1.78027 1.76784 1.75494 1.74172 1.72832 1.71487 1.70152 1.68841 1.67565 1.66336 1.65164 1.64058 1.63023 1.62066 1.61188 1.60392 1.59678 1.59043 1.58485 1.57999 1.57581 1.57226 1.56927 1.56679 1.56477 1.56313 1.56185 1.56085 1.56011 1.55958 1.55923 1.55902 1.55894 1.55896 1.55906 1.55922 1.55943 1.55968 1.55996 
1.55325 1.55357 1.55389 1.55423 1.55459 1.55496 1.55536 1.5558 1.55629 1.55688 1.55757 1.55842 1.55947 1.56076 1.56237 1.56435 1.56677 1.56972 1.57327 1.57749 1.58246 1.58824 1.5949 1.60248 1.61101 1.6205 1.63094 1.64231 1.65456 1.6676 1.68136 1.69571 1.71053 1.72568 1.74101 1.75635 1.77155 1.78645 1.8009 1.81474 1.82783 1.84004 1.85126 1.86139 1.87032 1.87799 1.88433 1.88928 1.89281 1.8949 1.89551 1.89466 1.89235 1.88859 1.88342 1.87688 1.86902 1.85992 1.84966 1.83832 1.82604 1.81291 1.79909 1.7847 1.76991 1.75486 1.73972 1.72464 1.70977 1.69526 1.68124 1.66782 1.6551 1.64318 1.6321 1.62192 1.61265 1.60431 1.59687 1.5903 1.58457 1.57963 1.57541 1.57184 1.56888 1.56644 1.56447 1.5629 1.56167 1.56075 1.56007 1.5596 1.55931 1.55915 1.55912 1.55918 1.55931 1.5595 1.55974 1.56001 
1.55329 1.55361 1.55394 1.55429 1.55466 1.55505 1.55549 1.55597 1.55654 1.55721 1.55803 1.55904 1.56028 1.56183 1.56375 1.56612 1.56901 1.57252 1.57673 1.58172 1.58758 1.59438 1.60217 1.61101 1.62091 1.63189 1.64392 1.65697 1.67096 1.68581 1.70141 1.71762 1.73429 1.75127 1.76838 1.78545 1.8023 1.81876 1.83466 1.84985 1.86417 1.8775 1.88971 1.9007 1.91038 1.91867 1.92551 1.93085 1.93466 1.9369 1.93756 1.93663 1.93413 1.93007 1.92447 1.91739 1.90887 1.89898 1.8878 1.87544 1.86199 1.84759 1.83237 1.8165 1.80012 1.7834 1.76653 1.74966 1.73297 1.71663 1.70078 1.68556 1.67109 1.65747 1.64478 1.63308 1.62239 1.61273 1.60409 1.59644 1.58974 1.58394 1.57898 1.57477 1.57126 1.56835 1.56599 1.5641 1.56262 1.56148 1.56063 1.56003 1.55963 1.5594 1.5593 1.55931 1.55941 1.55958 1.5598 1.56005 
1.55334 1.55365 1.55399 1.55435 1.55474 1.55516 1.55564 1.55618 1.55683 1.55761 1.55856 1.55975 1.56122 1.56306 1.56534 1.56814 1.57157 1.57571 1.58066 1.58651 1.59335 1.60126 1.6103 1.6205 1.63189 1.64446 1.65819 1.67302 1.68886 1.7056 1.72311 1.74123 1.75981 1.77864 1.79755 1.81635 1.83484 1.85283 1.87016 1.88665 1.90216 1.91654 1.92969 1.9415 1.95187 1.96074 1.96805 1.97375 1.9778 1.98018 1.98088 1.97989 1.97722 1.97288 1.9669 1.95932 1.95019 1.93956 1.92753 1.91418 1.89962 1.88399 1.86742 1.85008 1.83212 1.81374 1.79512 1.77644 1.75789 1.73966 1.72191 1.70482 1.6885 1.67309 1.65869 1.64535 1.63313 1.62205 1.61211 1.60328 1.59552 1.58878 1.58299 1.57807 1.57394 1.57052 1.56772 1.56547 1.56369 1.56231 1.56128 1.56052 1.56 1.55968 1.55951 1.55947 1.55953 1.55966 1.55986 1.56011 
1.55339 1.5537 1.55404 1.55442 1.55483 1.55529 1.55581 1.55642 1.55716 1.55806 1.55917 1.56056 1.5623 1.56446 1.56714 1.57044 1.57446 1.57929 1.58506 1.59186 1.59978 1.6089 1.61927 1.63094 1.64392 1.65819 1.67371 1.6904 1.70816 1.72686 1.74633 1.76641 1.7869 1.8076 1.8283 1.84879 1.86887 1.88835 1.90704 1.92476 1.94138 1.95676 1.97077 1.98331 1.99432 2.00371 2.01143 2.01744 2.02171 2.02423 2.02496 2.02392 2.0211 2.01653 2.01021 2.00218 1.9925 1.98121 1.96839 1.95413 1.93854 1.92175 1.90389 1.88513 1.86565 1.84563 1.82527 1.80478 1.78435 1.7642 1.74452 1.72549 1.70726 1.68998 1.67377 1.65871 1.64486 1.63226 1.62092 1.61082 1.60191 1.59415 1.58746 1.58175 1.57695 1.57295 1.56967 1.56702 1.56491 1.56326 1.562 1.56108 1.56043 1.55999 1.55975 1.55964 1.55966 1.55976 1.55994 1.56017 
1.55345 1.55376 1.55411 1.5545 1.55493 1.55543 1.55601 1.5567 1.55754 1.55858 1.55987 1.56149 1.56352 1.56605 1.56918 1.57302 1.57769 1.58329 1.58995 1.59778 1.60686 1.61727 1.62908 1.64231 1.65697 1.67302 1.6904 1.70902 1.72876 1.74944 1.7709 1.79294 1.81534 1.83787 1.86032 1.88245 1.90406 1.92494 1.9449 1.96377 1.9814 1.99766 2.01244 2.02564 2.03719 2.04703 2.05511 2.06139 2.06585 2.06847 2.06925 2.06816 2.06523 2.06046 2.05386 2.04546 2.0353 2.02343 2.00992 1.99485 1.97833 1.96046 1.94141 1.92132 1.90037 1.87877 1.85672 1.83445 1.81216 1.79009 1.76845 1.74744 1.72725 1.70805 1.68996 1.6731 1.65754 1.64334 1.63051 1.61905 1.60891 1.60004 1.59238 1.58582 1.58028 1.57565 1.57184 1.56874 1.56626 1.56432 1.56282 1.56171 1.5609 1.56035 1.56001 1.55984 1.5598 1.55987 1.56002 1.56023 
1.55351 1.55382 1.55418 1.55458 1.55505 1.55559 1.55624 1.55702 1.55797 1.55917 1.56066 1.56254 1.56489 1.56783 1.57145 1.57589 1.58126 1.5877 1.59533 1.60425 1.61457 1.62637 1.63969 1.65456 1.67096 1.68886 1.70816 1.72876 1.75049 1.77318 1.79662 1.8206 1.84486 1.86918 1.8933 1.91699 1.94003 1.9622 1.98332 2.00322 2.02175 2.03878 2.05422 2.06797 2.07998 2.09018 2.09854 2.10504 2.10966 2.11237 2.11318 2.11207 2.10905 2.10413 2.09731 2.08861 2.07807 2.06573 2.05164 2.03587 2.01852 1.9997 1.97956 1.95824 1.93594 1.91285 1.88918 1.86518 1.84107 1.81711 1.79352 1.77053 1.74835 1.72718 1.70716 1.68844 1.67111 1.65523 1.64084 1.62794 1.61649 1.60645 1.59774 1.59026 1.58393 1.57862 1.57423 1.57065 1.56777 1.5655 1.56374 1.56241 1.56143 1.56075 1.56031 1.56006 1.55997 1.55999 1.56011 1.56031 
1.55358 1.55389 1.55426 1.55469 1.55519 1.55578 1.5565 1.55737 1.55846 1.55983 1.56154 1.56371 1.56642 1.56979 1.57395 1.57903 1.58517 1.59251 1.60116 1.61126 1.62289 1.63613 1.65103 1.6676 1.68581 1.7056 1.72686 1.74944 1.77318 1.79786 1.82326 1.84912 1.87518 1.9012 1.92689 1.95203 1.97638 1.99972 2.02187 2.04266 2.06196 2.07963 2.0956 2.1098 2.12215 2.13263 2.14121 2.14787 2.1526 2.15538 2.15622 2.1551 2.15203 2.14701 2.14004 2.13113 2.12031 2.1076 2.09304 2.0767 2.05866 2.03903 2.01793 1.99552 1.97197 1.9475 1.92232 1.89667 1.87082 1.84501 1.8195 1.79455 1.77039 1.74723 1.72527 1.70464 1.68548 1.66787 1.65186 1.63745 1.62463 1.61335 1.60353 1.59508 1.58789 1.58185 1.57684 1.57273 1.56942 1.56679 1.56474 1.56318 1.56202 1.5612 1.56064 1.56031 1.56015 1.56013 1.56022 1.56039 
1.55366 1.55397 1.55435 1.5548 1.55534 1.55599 1.55678 1.55777 1.559 1.56056 1.56252 1.56499 1.56809 1.57194 1.57668 1.58245 1.58941 1.59769 1.60743 1.61876 1.63176 1.64651 1.66304 1.68136 1.70141 1.72311 1.74633 1.7709 1.79662 1.82326 1.85055 1.87822 1.906 1.9336 1.96075 1.98721 2.01272 2.03709 2.06012 2.08165 2.10156 2.11975 2.13612 2.15063 2.16323 2.1739 2.18262 2.18938 2.19418 2.19701 2.19787 2.19676 2.19367 2.18861 2.18156 2.17253 2.16152 2.14856 2.13367 2.11689 2.09831 2.078 2.0561 2.03273 2.00809 1.98237 1.95579 1.92862 1.9011 1.87353 1.84617 1.8193 1.79318 1.76805 1.74412 1.72158 1.70056 1.68118 1.66349 1.64753 1.63328 1.6207 1.60972 1.60024 1.59215 1.58533 1.57966 1.57499 1.57121 1.5682 1.56584 1.56402 1.56266 1.56168 1.56101 1.56058 1.56035 1.56028 1.56033 1.56049 
1.55375 1.55406 1.55445 1.55493 1.55551 1.55622 1.5571 1.55821 1.5596 1.56136 1.56359 1.56639 1.5699 1.57426 1.57962 1.58613 1.59394 1.60322 1.6141 1.6267 1.64112 1.65742 1.67562 1.69571 1.71762 1.74123 1.76641 1.79294 1.8206 1.84912 1.87822 1.90761 1.93698 1.96604 1.99451 2.02213 2.04866 2.07389 2.09764 2.11976 2.14014 2.15869 2.17534 2.19004 2.20278 2.21355 2.22233 2.22913 2.23395 2.23681 2.23769 2.2366 2.23353 2.22848 2.22142 2.21235 2.20127 2.18817 2.17307 2.15601 2.13703 2.11621 2.09365 2.0695 2.04391 2.01709 1.98926 1.96069 1.93163 1.90239 1.87326 1.84454 1.81651 1.78943 1.76356 1.7391 1.71622 1.69504 1.67565 1.6581 1.64238 1.62846 1.61626 1.60571 1.59668 1.58905 1.58267 1.57742 1.57314 1.56972 1.56702 1.56494 1.56336 1.56221 1.56141 1.56088 1.56057 1.56045 1.56046 1.56059 
1.55385 1.55416 1.55456 1.55507 1.55569 1.55647 1.55745 1.55868 1.56024 1.56223 1.56474 1.5679 1.57185 1.57675 1.58276 1.59003 1.59875 1.60906 1.62112 1.63503 1.6509 1.66877 1.68866 1.71053 1.73429 1.75981 1.7869 1.81534 1.84486 1.87518 1.906 1.93698 1.96781 1.99819 2.02783 2.05645 2.08383 2.10976 2.13406 2.15662 2.17731 2.19607 2.21286 2.22764 2.24042 2.25118 2.25995 2.26674 2.27155 2.27441 2.27531 2.27426 2.27124 2.26624 2.25924 2.25021 2.23915 2.22604 2.21087 2.19365 2.17443 2.15325 2.13022 2.10544 2.07907 2.05132 2.02239 1.99256 1.96209 1.93131 1.90051 1.87002 1.84015 1.8112 1.78342 1.75706 1.73232 1.70934 1.68824 1.66907 1.65185 1.63656 1.62313 1.61146 1.60146 1.59297 1.58587 1.57999 1.57519 1.57134 1.56828 1.56591 1.56411 1.56278 1.56184 1.5612 1.56081 1.56063 1.5606 1.5607 
1.55396 1.55427 1.55468 1.55522 1.5559 1.55675 1.55783 1.5592 1.56094 1.56316 1.56597 1.56951 1.57392 1.57939 1.58607 1.59414 1.60379 1.61516 1.62842 1.64367 1.66101 1.68047 1.70204 1.72568 1.75127 1.77864 1.8076 1.83787 1.86918 1.9012 1.9336 1.96604 1.99819 2.02974 2.06037 2.08984 2.11789 2.14435 2.16905 2.19187 2.21273 2.23157 2.24837 2.26311 2.27582 2.2865 2.29519 2.3019 2.30667 2.30951 2.31043 2.30942 2.30648 2.30158 2.2947 2.28581 2.27486 2.26184 2.24672 2.22949 2.21017 2.1888 2.16544 2.1402 2.11323 2.08471 2.05485 2.02391 1.99219 1.96 1.92766 1.89551 1.86389 1.83312 1.8035 1.77529 1.74871 1.72395 1.70114 1.68035 1.66162 1.64494 1.63024 1.61745 1.60644 1.59708 1.58921 1.58269 1.57735 1.57304 1.56962 1.56695 1.56491 1.56339 1.56229 1.56154 1.56107 1.56082 1.56075 1.56082 
1.55407 1.55438 1.55481 1.55538 1.55611 1.55704 1.55823 1.55974 1.56168 1.56414 1.56727 1.5712 1.5761 1.58214 1.58952 1.59841 1.60901 1.62147 1.63594 1.65254 1.67134 1.69238 1.71563 1.74101 1.76838 1.79755 1.8283 1.86032 1.8933 1.92689 1.96075 1.99451 2.02783 2.06037 2.09184 2.12198 2.15055 2.17737 2.2023 2.22524 2.24612 2.26491 2.2816 2.29621 2.30875 2.31927 2.32781 2.33441 2.3391 2.3419 2.34282 2.34187 2.33904 2.33428 2.32758 2.31888 2.30814 2.29531 2.28036 2.26324 2.24397 2.22254 2.19903 2.1735 2.14609 2.11696 2.08634 2.05447 2.02164 1.98818 1.95443 1.92075 1.88749 1.855 1.82361 1.7936 1.76524 1.73874 1.71423 1.69184 1.6716 1.65352 1.63755 1.62361 1.61158 1.60132 1.59268 1.5855 1.5796 1.57483 1.57102 1.56804 1.56575 1.56403 1.56278 1.56191 1.56134 1.56103 1.56091 1.56095 
1.55419 1.5545 1.55495 1.55556 1.55634 1.55736 1.55865 1.56032 1.56246 1.56518 1.56862 1.57296 1.57835 1.585 1.59308 1.60281 1.61436 1.62791 1.6436 1.66154 1.6818 1.7044 1.72928 1.75635 1.78545 1.81635 1.84879 1.88245 1.91699 1.95203 1.98721 2.02213 2.05645 2.08984 2.12198 2.15262 2.18154 2.20857 2.23359 2.25651 2.27729 2.29591 2.31238 2.32675 2.33905 2.34934 2.35768 2.36412 2.36869 2.37144 2.37237 2.37148 2.36877 2.3642 2.35772 2.34928 2.33882 2.32627 2.31158 2.2947 2.27559 2.25426 2.23073 2.20506 2.17737 2.14781 2.11659 2.08395 2.05017 2.0156 1.98059 1.9455 1.91072 1.87661 1.84354 1.81183 1.78175 1.75354 1.72738 1.70341 1.68168 1.66221 1.64497 1.62988 1.61683 1.60567 1.59625 1.58839 1.58192 1.57667 1.57247 1.56917 1.56662 1.56469 1.56328 1.56229 1.56163 1.56124 1.56108 1.56109 
1.55432 1.55463 1.5551 1.55574 1.55659 1.55768 1.5591 1.56092 1.56326 1.56625 1.57003 1.57477 1.58067 1.58792 1.59672 1.60728 1.61979 1.63442 1.65132 1.67059 1.69227 1.71638 1.74285 1.77155 1.8023 1.83484 1.86887 1.90406 1.94003 1.97638 2.01272 2.04866 2.08383 2.11789 2.15055 2.18154 2.21066 2.23776 2.26273 2.28551 2.30607 2.32441 2.34058 2.35463 2.36663 2.37663 2.38472 2.39096 2.3954 2.39807 2.399 2.39819 2.39562 2.39125 2.38504 2.37691 2.36679 2.3546 2.34026 2.3237 2.30488 2.28376 2.26035 2.23469 2.20687 2.17704 2.14537 2.11211 2.07755 2.04202 2.00589 1.96953 1.93336 1.89776 1.86311 1.82977 1.79805 1.76821 1.74046 1.71494 1.69176 1.67093 1.65243 1.6362 1.62213 1.61007 1.59986 1.59133 1.58429 1.57856 1.57396 1.57033 1.56751 1.56538 1.5638 1.56268 1.56192 1.56147 1.56125 1.56123 
1.55445 1.55476 1.55525 1.55593 1.55684 1.55802 1.55956 1.56154 1.56409 1.56734 1.57145 1.57661 1.58301 1.59087 1.60038 1.61177 1.62523 1.64093 1.65901 1.67956 1.70264 1.72821 1.7562 1.78645 1.81876 1.85283 1.88835 1.92494 1.9622 1.99972 2.03709 2.07389 2.10976 2.14435 2.17737 2.20857 2.23776 2.26481 2.28961 2.31214 2.33238 2.35037 2.36616 2.37982 2.39145 2.40113 2.40894 2.41495 2.41923 2.42182 2.42275 2.42201 2.41959 2.41545 2.40953 2.40174 2.39201 2.38024 2.36632 2.35018 2.33173 2.31093 2.28775 2.26222 2.23441 2.20444 2.17247 2.13875 2.10356 2.06722 2.03012 1.99264 1.9552 1.91823 1.88213 1.84727 1.81399 1.7826 1.75332 1.72632 1.70173 1.67957 1.65985 1.64251 1.62743 1.61448 1.60349 1.59429 1.58667 1.58046 1.57546 1.5715 1.56842 1.56608 1.56433 1.56308 1.56223 1.5617 1.56143 1.56138 
1.55458 1.5549 1.55541 1.55613 1.55709 1.55836 1.56002 1.56216 1.56492 1.56844 1.57289 1.57846 1.58536 1.59381 1.60403 1.61623 1.63061 1.64735 1.66658 1.68838 1.71278 1.73975 1.76918 1.8009 1.83466 1.87016 1.90704 1.9449 1.98332 2.02187 2.06012 2.09764 2.13406 2.16905 2.2023 2.23359 2.26273 2.28961 2.31416 2.33634 2.35619 2.37375 2.38911 2.40235 2.41357 2.42289 2.43038 2.43615 2.44026 2.44276 2.44368 2.44302 2.44076 2.43685 2.43124 2.42383 2.41452 2.4032 2.38976 2.37409 2.35609 2.33569 2.31285 2.28756 2.25987 2.22988 2.19776 2.16371 2.12802 2.09102 2.05308 2.01462 1.97606 1.93785 1.9004 1.86414 1.82942 1.79656 1.76583 1.73743 1.71148 1.68805 1.66714 1.64872 1.63266 1.61884 1.60709 1.59723 1.58905 1.58236 1.57697 1.57268 1.56934 1.56678 1.56487 1.56348 1.56253 1.56193 1.56161 1.56153 
1.55472 1.55504 1.55557 1.55632 1.55735 1.55871 1.56049 1.56279 1.56575 1.56953 1.57431 1.58029 1.58768 1.59671 1.60761 1.6206 1.63587 1.65361 1.67393 1.69692 1.72258 1.75087 1.78166 1.81474 1.84985 1.88665 1.92476 1.96377 2.00322 2.04266 2.08165 2.11976 2.15662 2.19187 2.22524 2.25651 2.28551 2.31214 2.33634 2.35812 2.37753 2.39462 2.4095 2.42228 2.43307 2.442 2.44918 2.45469 2.45862 2.46102 2.46193 2.46134 2.45924 2.45558 2.45028 2.44326 2.43439 2.42356 2.41063 2.39548 2.37798 2.35804 2.3356 2.31063 2.28316 2.25327 2.22109 2.18684 2.15078 2.11325 2.07462 2.03531 1.99576 1.95643 1.91778 1.88022 1.84416 1.80995 1.77786 1.74813 1.7209 1.69626 1.67423 1.65476 1.63776 1.62311 1.61062 1.60011 1.59139 1.58423 1.57845 1.57385 1.57024 1.56747 1.5654 1.56389 1.56284 1.56217 1.5618 1.56169 
1.55485 1.55518 1.55572 1.55652 1.5576 1.55905 1.56095 1.56341 1.56657 1.57061 1.57571 1.58208 1.58994 1.59953 1.61108 1.62482 1.64095 1.65963 1.68099 1.70509 1.73194 1.76145 1.79349 1.82783 1.86417 1.90216 1.94138 1.9814 2.02175 2.06196 2.10156 2.14014 2.17731 2.21273 2.24612 2.27729 2.30607 2.33238 2.35619 2.37753 2.39644 2.41304 2.42742 2.43972 2.45008 2.45862 2.46546 2.47072 2.47446 2.47677 2.47766 2.47714 2.4752 2.47178 2.46681 2.46017 2.45175 2.44141 2.42901 2.41439 2.39743 2.378 2.35601 2.33143 2.30425 2.27453 2.2424 2.20805 2.17174 2.13379 2.09459 2.05456 2.01415 1.97384 1.93409 1.89537 1.85809 1.82263 1.78929 1.75832 1.72989 1.70411 1.68101 1.66056 1.64268 1.62722 1.61403 1.60291 1.59365 1.58605 1.57989 1.57498 1.57113 1.56815 1.56592 1.56428 1.56314 1.5624 1.56198 1.56184 
1.55499 1.55531 1.55588 1.55671 1.55785 1.55938 1.56139 1.564 1.56736 1.57165 1.57705 1.58379 1.5921 1.60222 1.6144 1.62884 1.64577 1.66533 1.68766 1.7128 1.74073 1.77138 1.80456 1.84004 1.8775 1.91654 1.95676 1.99766 2.03878 2.07963 2.11975 2.15869 2.19607 2.23157 2.26491 2.29591 2.32441 2.35037 2.37375 2.39462 2.41304 2.42912 2.443 2.45483 2.46475 2.47291 2.47942 2.48442 2.48799 2.49019 2.49107 2.49062 2.48883 2.48564 2.48098 2.47472 2.46674 2.4569 2.44502 2.43094 2.41452 2.39562 2.37412 2.34996 2.32312 2.29363 2.26162 2.22726 2.19079 2.15253 2.11287 2.07224 2.03109 1.98992 1.94922 1.90945 1.87107 1.83447 1.79998 1.76788 1.73835 1.71151 1.68742 1.66606 1.64733 1.63113 1.61727 1.60557 1.59582 1.58779 1.58128 1.57607 1.57198 1.56881 1.56642 1.56467 1.56343 1.56262 1.56216 1.56198 
1.55511 1.55544 1.55602 1.55689 1.55809 1.5597 1.56182 1.56457 1.56812 1.57263 1.57832 1.58541 1.59414 1.60476 1.6175 1.63261 1.65027 1.67065 1.69386 1.71995 1.74887 1.78054 1.81476 1.85126 1.88971 1.92969 1.97077 2.01244 2.05422 2.0956 2.13612 2.17534 2.21286 2.24837 2.2816 2.31238 2.34058 2.36616 2.38911 2.4095 2.42742 2.443 2.4564 2.46777 2.47727 2.48505 2.49125 2.49601 2.4994 2.50151 2.50236 2.50198 2.50033 2.49737 2.49299 2.4871 2.47954 2.47017 2.4588 2.44526 2.42937 2.41099 2.38999 2.36627 2.33979 2.31059 2.27874 2.24443 2.20787 2.1694 2.12938 2.08825 2.04648 2.00457 1.96302 1.92234 1.88298 1.84536 1.80984 1.77671 1.74617 1.71838 1.69338 1.67117 1.65168 1.63478 1.62031 1.60807 1.59785 1.58943 1.58259 1.5771 1.57278 1.56943 1.5669 1.56503 1.56371 1.56283 1.56233 1.56213 
1.55523 1.55556 1.55616 1.55706 1.55832 1.56 1.56222 1.56511 1.56882 1.57355 1.5795 1.58691 1.59603 1.6071 1.62036 1.63606 1.65439 1.67551 1.69952 1.72645 1.75627 1.78885 1.82398 1.86139 1.9007 1.9415 1.98331 2.02564 2.06797 2.1098 2.15063 2.19004 2.22764 2.26311 2.29621 2.32675 2.35463 2.37982 2.40235 2.42228 2.43972 2.45483 2.46777 2.4787 2.4878 2.49524 2.50115 2.50568 2.50891 2.51092 2.51176 2.51143 2.50992 2.50715 2.50305 2.4975 2.49033 2.4814 2.47051 2.45747 2.4421 2.42422 2.4037 2.38041 2.35431 2.32541 2.29376 2.25954 2.22296 2.18434 2.14404 2.1025 2.06021 2.01768 1.97541 1.93393 1.89371 1.85519 1.81876 1.78471 1.75328 1.72463 1.69881 1.67584 1.65565 1.63813 1.6231 1.61037 1.59972 1.59094 1.58379 1.57806 1.57353 1.57001 1.56734 1.56537 1.56397 1.56304 1.56249 1.56226 
1.55534 1.55568 1.55629 1.55722 1.55853 1.56028 1.56259 1.56559 1.56946 1.57438 1.58057 1.58827 1.59773 1.6092 1.62293 1.63916 1.65808 1.67985 1.70456 1.73224 1.76284 1.79621 1.83214 1.87032 1.91038 1.95187 1.99432 2.03719 2.07998 2.12215 2.16323 2.20278 2.24042 2.27582 2.30875 2.33905 2.36663 2.39145 2.41357 2.43307 2.45008 2.46475 2.47727 2.4878 2.49655 2.50367 2.50932 2.51363 2.51671 2.51864 2.51947 2.51919 2.51779 2.51521 2.51135 2.5061 2.49929 2.49076 2.4803 2.46773 2.45283 2.43542 2.41534 2.39247 2.36674 2.33812 2.30669 2.27259 2.23602 2.1973 2.1568 2.11494 2.07223 2.02916 1.98629 1.94412 1.90317 1.86388 1.82665 1.79181 1.7596 1.73019 1.70366 1.68002 1.65921 1.64113 1.6256 1.61243 1.60141 1.59231 1.58488 1.57892 1.5742 1.57054 1.56775 1.56568 1.56421 1.56322 1.56263 1.56238 
1.55544 1.55578 1.55641 1.55737 1.55871 1.56052 1.56291 1.56602 1.57002 1.57511 1.58151 1.58946 1.59922 1.61104 1.62518 1.64187 1.6613 1.68362 1.70893 1.73725 1.7685 1.80255 1.83915 1.87799 1.91867 1.96074 2.00371 2.04703 2.09018 2.13263 2.1739 2.21355 2.25118 2.2865 2.31927 2.34934 2.37663 2.40113 2.42289 2.442 2.45862 2.47291 2.48505 2.49524 2.50367 2.51051 2.51593 2.52006 2.52301 2.52487 2.52568 2.52544 2.52414 2.52172 2.51808 2.51309 2.50659 2.49841 2.48834 2.47617 2.46169 2.4447 2.42502 2.40253 2.37712 2.34878 2.31756 2.28358 2.24705 2.20828 2.16762 2.12551 2.08245 2.03896 1.99558 1.95285 1.91128 1.87135 1.83345 1.79793 1.76505 1.735 1.70785 1.68364 1.6623 1.64374 1.62778 1.61424 1.60289 1.5935 1.58584 1.57968 1.5748 1.571 1.56811 1.56596 1.56442 1.56338 1.56276 1.56249 
1.55553 1.55587 1.55651 1.55749 1.55887 1.56073 1.56319 1.56639 1.57051 1.57574 1.58231 1.59047 1.60048 1.61259 1.62707 1.64413 1.66398 1.68677 1.71258 1.74142 1.77321 1.80781 1.84495 1.88433 1.92551 1.96805 2.01143 2.05511 2.09854 2.14121 2.18262 2.22233 2.25995 2.29519 2.32781 2.35768 2.38472 2.40894 2.43038 2.44918 2.46546 2.47942 2.49125 2.50115 2.50932 2.51593 2.52115 2.52513 2.52798 2.52977 2.53056 2.53037 2.52915 2.52686 2.5234 2.51863 2.51239 2.5045 2.49476 2.48293 2.4688 2.45216 2.43283 2.41065 2.38553 2.35744 2.3264 2.29253 2.25605 2.21724 2.17647 2.13418 2.09085 2.04702 2.00324 1.96005 1.91798 1.87752 1.83907 1.80301 1.76958 1.739 1.71135 1.68666 1.66489 1.64593 1.62962 1.61576 1.60414 1.59451 1.58665 1.58033 1.57531 1.5714 1.56841 1.56619 1.5646 1.56352 1.56288 1.56259 
1.5556 1.55594 1.55659 1.55759 1.559 1.5609 1.56342 1.56669 1.5709 1.57624 1.58295 1.59128 1.60149 1.61383 1.62857 1.64593 1.66611 1.68926 1.71545 1.7447 1.77691 1.81193 1.8495 1.88928 1.93085 1.97375 2.01744 2.06139 2.10504 2.14787 2.18938 2.22913 2.26674 2.3019 2.33441 2.36412 2.39096 2.41495 2.43615 2.45469 2.47072 2.48442 2.49601 2.50568 2.51363 2.52006 2.52513 2.52899 2.53175 2.5335 2.53428 2.53411 2.53296 2.53077 2.52745 2.52285 2.51682 2.50917 2.49967 2.48811 2.47426 2.45791 2.43884 2.41692 2.39203 2.36412 2.33323 2.29947 2.26303 2.2242 2.18335 2.14091 2.09738 2.05329 2.0092 1.96567 1.92322 1.88235 1.84348 1.80699 1.77315 1.74215 1.7141 1.68905 1.66694 1.64766 1.63107 1.61697 1.60513 1.59532 1.58731 1.58084 1.57572 1.57172 1.56866 1.56639 1.56475 1.56364 1.56297 1.56267 
1.55566 1.556 1.55666 1.55767 1.5591 1.56103 1.56359 1.56691 1.57119 1.57662 1.58343 1.59188 1.60223 1.61474 1.62967 1.64724 1.66766 1.69106 1.71752 1.74705 1.77956 1.81488 1.85275 1.89281 1.93466 1.9778 2.02171 2.06585 2.10966 2.1526 2.19418 2.23395 2.27155 2.30667 2.3391 2.36869 2.3954 2.41923 2.44026 2.45862 2.47446 2.48799 2.4994 2.50891 2.51671 2.52301 2.52798 2.53175 2.53445 2.53616 2.53694 2.53679 2.53569 2.53357 2.53035 2.52588 2.52 2.51251 2.50319 2.49182 2.47817 2.46201 2.44313 2.42139 2.39665 2.36888 2.33809 2.30439 2.26798 2.22914 2.18823 2.14569 2.10201 2.05775 2.01344 1.96966 1.92695 1.88579 1.84663 1.80984 1.7757 1.74441 1.71609 1.69077 1.66842 1.64893 1.63214 1.61785 1.60586 1.59592 1.58779 1.58123 1.57602 1.57196 1.56885 1.56653 1.56486 1.56373 1.56304 1.56273 
1.55569 1.55604 1.5567 1.55773 1.55917 1.56112 1.5637 1.56706 1.57138 1.57686 1.58373 1.59226 1.60269 1.6153 1.63034 1.64804 1.6686 1.69215 1.71877 1.74846 1.78114 1.81663 1.85467 1.8949 1.9369 1.98018 2.02423 2.06847 2.11237 2.15538 2.19701 2.23681 2.27441 2.30951 2.3419 2.37144 2.39807 2.42182 2.44276 2.46102 2.47677 2.49019 2.50151 2.51092 2.51864 2.52487 2.52977 2.5335 2.53616 2.53786 2.53863 2.53849 2.53742 2.53535 2.53218 2.52779 2.52199 2.51459 2.50538 2.49412 2.48057 2.46452 2.44575 2.4241 2.39944 2.37174 2.341 2.30733 2.27092 2.23206 2.19111 2.1485 2.10474 2.06036 2.01593 1.97201 1.92914 1.88782 1.84849 1.81153 1.77722 1.74576 1.71728 1.69182 1.66932 1.6497 1.63279 1.6184 1.60631 1.59629 1.58809 1.58148 1.57622 1.57211 1.56897 1.56663 1.56494 1.56379 1.56309 1.56277 
