2.52171 2.52196 2.52221 2.52246 2.5227 2.52294 2.52318 2.52341 2.52363 2.52384 2.52405 2.52426 2.52446 2.52466 2.52487 2.52508 2.52529 2.52551 2.52575 2.526 2.52627 2.52657 2.52688 2.52722 2.5276 2.528 2.52843 2.52889 2.52939 2.52991 2.53046 2.53104 2.53165 2.53227 2.5329 2.53355 2.5342 2.53485 2.53548 2.53611 2.53671 2.53728 2.53782 2.53831 2.53876 2.53915 2.53948 2.53975 2.53995 2.54008 2.54014 2.54013 2.54005 2.5399 2.53968 2.53939 2.53905 2.53864 2.53819 2.53769 2.53715 2.53658 2.53599 2.53537 2.53474 2.53411 2.53348 2.53285 2.53224 2.53164 2.53107 2.53052 2.53 2.52951 2.52905 2.52864 2.52825 2.52791 2.52761 2.52734 2.52711 2.52692 2.52677 2.52665 2.52657 2.52652 2.5265 2.52652 2.52656 2.52664 2.52674 2.52686 2.52701 2.52718 2.52737 2.52757 2.52779 2.52802 2.52826 2.5285 
2.52196 2.52221 2.52246 2.52271 2.52295 2.52319 2.52343 2.52365 2.52388 2.52409 2.5243 2.52451 2.52471 2.52491 2.52512 2.52532 2.52554 2.52576 2.526 2.52625 2.52653 2.52682 2.52714 2.52749 2.52786 2.52827 2.52871 2.52918 2.52968 2.53021 2.53077 2.53136 2.53198 2.53261 2.53326 2.53392 2.53458 2.53524 2.5359 2.53653 2.53715 2.53773 2.53828 2.53878 2.53924 2.53964 2.53997 2.54025 2.54045 2.54059 2.54065 2.54064 2.54056 2.5404 2.54018 2.53988 2.53953 2.53912 2.53865 2.53814 2.5376 2.53701 2.5364 2.53577 2.53513 2.53449 2.53384 2.5332 2.53258 2.53197 2.53138 2.53083 2.5303 2.5298 2.52934 2.52891 2.52853 2.52818 2.52787 2.5276 2.52737 2.52717 2.52702 2.5269 2.52681 2.52677 2.52675 2.52677 2.52681 2.52689 2.52699 2.52711 2.52726 2.52743 2.52762 2.52782 2.52804 2.52827 2.52851 2.52875 
2.52221 2.52246 2.52271 2.52296 2.5232 2.52344 2.52368 2.52391 2.52413 2.52435 2.52456 2.52477 2.52498 2.52518 2.52539 2.52561 2.52583 2.52606 2.52631 2.52658 2.52687 2.52718 2.52752 2.52789 2.52829 2.52872 2.52919 2.52969 2.53023 2.5308 2.5314 2.53204 2.53269 2.53337 2.53407 2.53477 2.53548 2.53619 2.53688 2.53756 2.53822 2.53885 2.53943 2.53997 2.54045 2.54088 2.54124 2.54153 2.54175 2.54189 2.54196 2.54195 2.54185 2.54169 2.54144 2.54113 2.54075 2.54031 2.53981 2.53927 2.53868 2.53806 2.5374 2.53673 2.53604 2.53535 2.53466 2.53398 2.53331 2.53266 2.53203 2.53143 2.53087 2.53033 2.52984 2.52938 2.52897 2.5286 2.52826 2.52797 2.52772 2.52751 2.52734 2.52721 2.52712 2.52706 2.52703 2.52704 2.52708 2.52715 2.52725 2.52737 2.52752 2.52769 2.52787 2.52808 2.52829 2.52852 2.52876 2.529 
2.52246 2.52271 2.52296 2.52321 2.52345 2.5237 2.52393 2.52416 2.52439 2.52461 2.52483 2.52505 2.52526 2.52548 2.5257 2.52593 2.52617 2.52642 2.52669 2.52699 2.5273 2.52765 2.52803 2.52844 2.52888 2.52937 2.52989 2.53045 2.53105 2.53169 2.53236 2.53307 2.5338 2.53456 2.53534 2.53612 2.53691 2.5377 2.53847 2.53923 2.53996 2.54065 2.5413 2.5419 2.54243 2.54291 2.5433 2.54363 2.54387 2.54402 2.54409 2.54408 2.54397 2.54378 2.54351 2.54316 2.54274 2.54225 2.54169 2.54109 2.54043 2.53973 2.53901 2.53826 2.53749 2.53672 2.53595 2.53519 2.53444 2.53372 2.53302 2.53235 2.53172 2.53112 2.53057 2.53006 2.52959 2.52917 2.5288 2.52847 2.52818 2.52794 2.52774 2.52759 2.52747 2.5274 2.52736 2.52735 2.52738 2.52744 2.52753 2.52765 2.52779 2.52795 2.52813 2.52833 2.52855 2.52877 2.52901 2.52925 
2.5227 2.52295 2.5232 2.52345 2.5237 2.52395 2.52419 2.52442 2.52465 2.52488 2.52511 2.52534 2.52556 2.5258 2.52604 2.52629 2.52655 2.52684 2.52714 2.52748 2.52784 2.52823 2.52867 2.52914 2.52966 2.53022 2.53082 2.53147 2.53216 2.5329 2.53368 2.53449 2.53534 2.53621 2.5371 2.538 2.53891 2.53981 2.5407 2.54157 2.5424 2.54319 2.54393 2.54461 2.54522 2.54576 2.54621 2.54658 2.54685 2.54702 2.5471 2.54708 2.54696 2.54674 2.54642 2.54602 2.54554 2.54497 2.54434 2.54364 2.54288 2.54209 2.54125 2.54039 2.53952 2.53863 2.53775 2.53687 2.53601 2.53517 2.53437 2.5336 2.53287 2.53218 2.53154 2.53094 2.5304 2.52991 2.52947 2.52909 2.52875 2.52846 2.52822 2.52803 2.52788 2.52778 2.52772 2.52769 2.5277 2.52775 2.52782 2.52793 2.52806 2.52822 2.52839 2.52859 2.5288 2.52902 2.52926 2.5295 
2.52294 2.52319 2.52344 2.5237 2.52395 2.52419 2.52444 2.52468 2.52492 2.52516 2.5254 2.52564 2.52589 2.52614 2.52641 2.52669 2.52699 2.52732 2.52767 2.52806 2.52848 2.52895 2.52946 2.53002 2.53063 2.53129 2.532 2.53277 2.53359 2.53446 2.53538 2.53634 2.53733 2.53835 2.5394 2.54046 2.54152 2.54258 2.54362 2.54463 2.5456 2.54652 2.54738 2.54817 2.54888 2.5495 2.55002 2.55044 2.55076 2.55096 2.55104 2.55101 2.55086 2.55061 2.55024 2.54977 2.5492 2.54854 2.54779 2.54698 2.54609 2.54516 2.54419 2.54318 2.54215 2.54111 2.54008 2.53905 2.53804 2.53706 2.53611 2.5352 2.53434 2.53352 2.53277 2.53206 2.53142 2.53084 2.53031 2.52985 2.52944 2.52909 2.52879 2.52855 2.52836 2.52821 2.52812 2.52806 2.52805 2.52807 2.52813 2.52822 2.52834 2.52849 2.52865 2.52884 2.52905 2.52927 2.5295 2.52974 
2.52318 2.52343 2.52368 2.52393 2.52419 2.52444 2.52469 2.52494 2.52519 2.52545 2.5257 2.52596 2.52623 2.52652 2.52682 2.52714 2.52749 2.52787 2.52828 2.52874 2.52925 2.5298 2.53041 2.53108 2.53181 2.53261 2.53346 2.53438 2.53536 2.5364 2.5375 2.53864 2.53983 2.54104 2.54229 2.54354 2.5448 2.54605 2.54728 2.54847 2.54962 2.5507 2.55171 2.55264 2.55347 2.5542 2.55481 2.5553 2.55567 2.5559 2.55599 2.55595 2.55577 2.55547 2.55503 2.55447 2.55379 2.55301 2.55213 2.55117 2.55013 2.54902 2.54787 2.54667 2.54546 2.54423 2.54299 2.54177 2.54057 2.53941 2.53828 2.53719 2.53616 2.53519 2.53428 2.53344 2.53267 2.53196 2.53132 2.53076 2.53026 2.52982 2.52945 2.52915 2.5289 2.5287 2.52856 2.52847 2.52842 2.52842 2.52845 2.52853 2.52863 2.52876 2.52892 2.5291 2.5293 2.52951 2.52974 2.52998 
2.52341 2.52365 2.52391 2.52416 2.52442 2.52468 2.52494 2.5252 2.52547 2.52574 2.52602 2.5263 2.5266 2.52693 2.52727 2.52764 2.52805 2.5285 2.529 2.52955 2.53015 2.53082 2.53156 2.53236 2.53325 2.5342 2.53524 2.53635 2.53753 2.53878 2.54009 2.54146 2.54288 2.54434 2.54582 2.54732 2.54882 2.55031 2.55176 2.55318 2.55454 2.55582 2.55702 2.55811 2.55909 2.55995 2.56067 2.56124 2.56166 2.56193 2.56204 2.56198 2.56177 2.5614 2.56088 2.56021 2.55941 2.55848 2.55744 2.55629 2.55505 2.55374 2.55236 2.55094 2.54949 2.54803 2.54656 2.5451 2.54367 2.54227 2.54092 2.53962 2.53838 2.53721 2.53612 2.5351 2.53416 2.53331 2.53253 2.53184 2.53122 2.53069 2.53022 2.52983 2.52951 2.52926 2.52906 2.52892 2.52883 2.52879 2.5288 2.52884 2.52893 2.52904 2.52918 2.52935 2.52954 2.52975 2.52997 2.53021 
2.52363 2.52388 2.52413 2.52439 2.52465 2.52492 2.52519 2.52547 2.52575 2.52604 2.52635 2.52667 2.52701 2.52738 2.52778 2.52821 2.5287 2.52923 2.52983 2.53049 2.53122 2.53202 2.53291 2.53389 2.53496 2.53611 2.53736 2.5387 2.54012 2.54163 2.54321 2.54485 2.54656 2.5483 2.55007 2.55186 2.55365 2.55542 2.55715 2.55883 2.56044 2.56196 2.56337 2.56467 2.56582 2.56683 2.56768 2.56835 2.56884 2.56915 2.56928 2.56921 2.56895 2.56851 2.56788 2.56709 2.56614 2.56503 2.56379 2.56242 2.56095 2.55939 2.55775 2.55606 2.55434 2.55259 2.55083 2.54909 2.54738 2.5457 2.54408 2.54252 2.54103 2.53963 2.53831 2.53708 2.53594 2.5349 2.53396 2.53311 2.53236 2.53169 2.53112 2.53063 2.53021 2.52988 2.52961 2.52941 2.52928 2.52919 2.52916 2.52918 2.52923 2.52933 2.52945 2.52961 2.52979 2.52998 2.5302 2.53043 
2.52384 2.52409 2.52435 2.52461 2.52488 2.52516 2.52545 2.52574 2.52604 2.52636 2.5267 2.52706 2.52745 2.52787 2.52834 2.52886 2.52943 2.53007 2.53079 2.53158 2.53246 2.53344 2.53451 2.53569 2.53698 2.53838 2.53989 2.5415 2.54321 2.54502 2.54691 2.54888 2.55092 2.553 2.55511 2.55724 2.55937 2.56147 2.56352 2.56551 2.56742 2.56921 2.57088 2.57241 2.57377 2.57495 2.57594 2.57673 2.57731 2.57767 2.57781 2.57772 2.57741 2.57688 2.57614 2.5752 2.57407 2.57275 2.57128 2.56966 2.56792 2.56606 2.56412 2.56211 2.56006 2.55798 2.55589 2.55381 2.55177 2.54977 2.54782 2.54596 2.54417 2.54248 2.54089 2.53941 2.53804 2.53678 2.53563 2.5346 2.53368 2.53286 2.53215 2.53153 2.53102 2.53058 2.53024 2.52997 2.52977 2.52963 2.52955 2.52953 2.52956 2.52962 2.52973 2.52986 2.53003 2.53022 2.53042 2.53065 
2.52405 2.5243 2.52456 2.52483 2.52511 2.5254 2.5257 2.52602 2.52635 2.5267 2.52708 2.52749 2.52794 2.52843 2.52898 2.52959 2.53027 2.53104 2.5319 2.53285 2.53391 2.53509 2.53639 2.53781 2.53936 2.54104 2.54285 2.54478 2.54684 2.549 2.55126 2.55361 2.55604 2.55851 2.56102 2.56355 2.56607 2.56855 2.57098 2.57332 2.57557 2.57768 2.57964 2.58143 2.58303 2.58441 2.58557 2.58649 2.58717 2.58758 2.58773 2.58762 2.58725 2.58663 2.58575 2.58464 2.5833 2.58175 2.58001 2.5781 2.57604 2.57385 2.57156 2.56918 2.56675 2.56428 2.5618 2.55934 2.5569 2.55452 2.55221 2.54998 2.54785 2.54583 2.54392 2.54214 2.54049 2.53897 2.53759 2.53633 2.53521 2.53421 2.53334 2.53258 2.53193 2.53139 2.53094 2.53058 2.53031 2.53011 2.52998 2.52991 2.52989 2.52993 2.53001 2.53012 2.53027 2.53045 2.53065 2.53086 
2.52426 2.52451 2.52477 2.52505 2.52534 2.52564 2.52596 2.5263 2.52667 2.52706 2.52749 2.52796 2.52847 2.52905 2.5297 2.53042 2.53124 2.53216 2.53318 2.53433 2.5356 2.53702 2.53857 2.54028 2.54214 2.54415 2.54631 2.54862 2.55107 2.55364 2.55633 2.55912 2.56199 2.56492 2.56789 2.57087 2.57383 2.57675 2.5796 2.58236 2.58498 2.58746 2.58975 2.59184 2.5937 2.59531 2.59666 2.59773 2.59851 2.59899 2.59916 2.59902 2.59858 2.59785 2.59682 2.59551 2.59394 2.59212 2.59008 2.58784 2.58541 2.58284 2.58014 2.57735 2.57448 2.57157 2.56865 2.56574 2.56286 2.56004 2.5573 2.55465 2.55212 2.54971 2.54744 2.54531 2.54334 2.54151 2.53985 2.53834 2.53698 2.53577 2.5347 2.53377 2.53297 2.53229 2.53173 2.53127 2.53091 2.53063 2.53044 2.53031 2.53025 2.53025 2.5303 2.53039 2.53052 2.53068 2.53086 2.53107 
2.52446 2.52471 2.52498 2.52526 2.52556 2.52589 2.52623 2.5266 2.52701 2.52745 2.52794 2.52847 2.52908 2.52975 2.53052 2.53138 2.53235 2.53344 2.53466 2.53603 2.53756 2.53925 2.54111 2.54314 2.54536 2.54775 2.55032 2.55306 2.55596 2.55901 2.56219 2.56547 2.56885 2.5723 2.57578 2.57927 2.58274 2.58616 2.58949 2.5927 2.59576 2.59864 2.6013 2.60372 2.60588 2.60775 2.60931 2.61054 2.61144 2.61199 2.61218 2.61201 2.6115 2.61063 2.60943 2.6079 2.60607 2.60395 2.60157 2.59896 2.59613 2.59312 2.58997 2.5867 2.58334 2.57994 2.57651 2.57309 2.5697 2.56638 2.56315 2.56003 2.55703 2.55418 2.55149 2.54897 2.54662 2.54445 2.54246 2.54065 2.53902 2.53756 2.53627 2.53514 2.53416 2.53333 2.53262 2.53204 2.53158 2.53121 2.53094 2.53075 2.53064 2.53059 2.5306 2.53066 2.53077 2.53091 2.53108 2.53128 
2.52466 2.52491 2.52518 2.52548 2.5258 2.52614 2.52652 2.52693 2.52738 2.52787 2.52843 2.52905 2.52975 2.53055 2.53145 2.53246 2.53361 2.53491 2.53637 2.538 2.53981 2.54182 2.54403 2.54644 2.54907 2.5519 2.55493 2.55817 2.56158 2.56516 2.56889 2.57275 2.5767 2.58072 2.58479 2.58885 2.59289 2.59686 2.60072 2.60444 2.60798 2.6113 2.61438 2.61717 2.61966 2.62181 2.6236 2.62501 2.62604 2.62666 2.62687 2.62668 2.62607 2.62507 2.62367 2.62191 2.61978 2.61733 2.61457 2.61154 2.60826 2.60478 2.60112 2.59732 2.59341 2.58945 2.58545 2.58146 2.57751 2.57362 2.56984 2.56618 2.56266 2.55931 2.55613 2.55316 2.55038 2.54781 2.54545 2.54329 2.54135 2.53961 2.53806 2.5367 2.53551 2.5345 2.53363 2.53291 2.53232 2.53186 2.53149 2.53123 2.53105 2.53095 2.53092 2.53095 2.53102 2.53114 2.5313 2.53149 
2.52487 2.52512 2.52539 2.5257 2.52604 2.52641 2.52682 2.52727 2.52778 2.52834 2.52898 2.5297 2.53052 2.53145 2.5325 2.5337 2.53506 2.5366 2.53832 2.54025 2.54239 2.54476 2.54737 2.55022 2.55331 2.55664 2.5602 2.56399 2.56798 2.57216 2.57651 2.581 2.5856 2.59027 2.59497 2.59968 2.60434 2.60892 2.61337 2.61765 2.62171 2.62553 2.62906 2.63226 2.6351 2.63756 2.6396 2.64121 2.64238 2.64308 2.64332 2.64308 2.64238 2.64122 2.63962 2.63759 2.63515 2.63233 2.62916 2.62567 2.62189 2.61788 2.61365 2.60927 2.60476 2.60017 2.59555 2.59092 2.58633 2.58182 2.57742 2.57315 2.56904 2.56513 2.56141 2.55792 2.55466 2.55163 2.54885 2.54631 2.54401 2.54194 2.5401 2.53847 2.53705 2.53582 2.53477 2.53389 2.53316 2.53257 2.53211 2.53176 2.53151 2.53134 2.53126 2.53124 2.53129 2.53138 2.53152 2.5317 
2.52508 2.52532 2.52561 2.52593 2.52629 2.52669 2.52714 2.52764 2.52821 2.52886 2.52959 2.53042 2.53138 2.53246 2.5337 2.53511 2.53671 2.53852 2.54055 2.54281 2.54534 2.54812 2.55118 2.55452 2.55813 2.56202 2.56617 2.57058 2.57522 2.58007 2.58511 2.5903 2.59561 2.60099 2.6064 2.61181 2.61716 2.6224 2.62749 2.63238 2.63703 2.64138 2.64539 2.64903 2.65226 2.65505 2.65737 2.65919 2.66051 2.6613 2.66156 2.66128 2.66048 2.65915 2.65732 2.655 2.65222 2.649 2.64538 2.64139 2.63708 2.63248 2.62764 2.62262 2.61745 2.61218 2.60685 2.60153 2.59624 2.59103 2.58594 2.581 2.57624 2.57169 2.56738 2.56331 2.5595 2.55597 2.55271 2.54973 2.54702 2.54458 2.54241 2.54048 2.53879 2.53732 2.53606 2.53499 2.5341 2.53337 2.53279 2.53234 2.532 2.53177 2.53163 2.53156 2.53157 2.53163 2.53175 2.53192 
2.52529 2.52554 2.52583 2.52617 2.52655 2.52699 2.52749 2.52805 2.5287 2.52943 2.53027 2.53124 2.53235 2.53361 2.53506 2.53671 2.53858 2.5407 2.54307 2.54573 2.54867 2.55193 2.55549 2.55938 2.56358 2.56809 2.5729 2.57799 2.58335 2.58894 2.59474 2.60069 2.60678 2.61294 2.61913 2.6253 2.63139 2.63736 2.64315 2.64869 2.65396 2.65888 2.66342 2.66753 2.67118 2.67432 2.67693 2.67898 2.68046 2.68134 2.68162 2.6813 2.68039 2.67888 2.67681 2.67418 2.67102 2.66738 2.66327 2.65875 2.65385 2.64863 2.64313 2.63741 2.63151 2.6255 2.61942 2.61333 2.60728 2.6013 2.59546 2.58978 2.5843 2.57905 2.57406 2.56936 2.56495 2.56084 2.55705 2.55358 2.55042 2.54756 2.54501 2.54274 2.54075 2.53901 2.53751 2.53623 2.53516 2.53427 2.53355 2.53298 2.53255 2.53223 2.53202 2.5319 2.53187 2.5319 2.53199 2.53214 
2.52551 2.52576 2.52606 2.52642 2.52684 2.52732 2.52787 2.5285 2.52923 2.53007 2.53104 2.53216 2.53344 2.53491 2.5366 2.53852 2.5407 2.54316 2.54593 2.54901 2.55244 2.55621 2.56034 2.56483 2.56968 2.57488 2.58041 2.58626 2.59241 2.59881 2.60543 2.61223 2.61915 2.62616 2.63319 2.64018 2.64708 2.65382 2.66035 2.6666 2.67252 2.67806 2.68316 2.68777 2.69185 2.69537 2.69829 2.70058 2.70222 2.70321 2.70351 2.70315 2.70211 2.70042 2.69808 2.69513 2.69158 2.68747 2.68285 2.67776 2.67224 2.66635 2.66014 2.65367 2.647 2.64019 2.63329 2.62637 2.61948 2.61268 2.60601 2.59952 2.59325 2.58724 2.58151 2.5761 2.57102 2.56629 2.56191 2.55789 2.55422 2.55091 2.54793 2.54528 2.54294 2.5409 2.53913 2.53761 2.53633 2.53527 2.53439 2.53369 2.53315 2.53274 2.53245 2.53227 2.53218 2.53218 2.53225 2.53238 
2.52575 2.526 2.52631 2.52669 2.52714 2.52767 2.52828 2.529 2.52983 2.53079 2.5319 2.53318 2.53466 2.53637 2.53832 2.54055 2.54307 2.54593 2.54913 2.55269 2.55665 2.56099 2.56575 2.57091 2.57647 2.58242 2.58875 2.59543 2.60243 2.6097 2.61722 2.62492 2.63276 2.64067 2.64859 2.65647 2.66422 2.67179 2.6791 2.6861 2.69272 2.6989 2.70459 2.70973 2.71427 2.71818 2.72142 2.72397 2.72579 2.72687 2.7272 2.72679 2.72563 2.72373 2.72112 2.71782 2.71386 2.70928 2.70411 2.69841 2.69224 2.68563 2.67867 2.67141 2.66391 2.65624 2.64847 2.64066 2.63288 2.62518 2.61762 2.61025 2.60313 2.59628 2.58975 2.58357 2.57776 2.57234 2.56731 2.56269 2.55846 2.55463 2.55119 2.54811 2.54539 2.54301 2.54094 2.53916 2.53764 2.53637 2.53533 2.53448 2.53381 2.53329 2.53292 2.53267 2.53253 2.53248 2.53251 2.53263 
2.526 2.52625 2.52658 2.52699 2.52748 2.52806 2.52874 2.52955 2.53049 2.53158 2.53285 2.53433 2.53603 2.538 2.54025 2.54281 2.54573 2.54901 2.55269 2.55679 2.56133 2.56631 2.57175 2.57764 2.58398 2.59075 2.59794 2.60551 2.61343 2.62165 2.63012 2.6388 2.6476 2.65648 2.66535 2.67415 2.68281 2.69125 2.69939 2.70717 2.71452 2.72138 2.72767 2.73336 2.73839 2.7427 2.74628 2.74908 2.75108 2.75227 2.75263 2.75216 2.75087 2.74877 2.74588 2.74222 2.73783 2.73274 2.72701 2.72068 2.71382 2.70647 2.69871 2.69061 2.68224 2.67367 2.66497 2.65622 2.64748 2.63882 2.63031 2.622 2.61395 2.60621 2.59881 2.59179 2.58519 2.57901 2.57327 2.56799 2.56315 2.55876 2.5548 2.55126 2.54812 2.54535 2.54295 2.54087 2.5391 2.5376 2.53636 2.53535 2.53454 2.53391 2.53344 2.5331 2.5329 2.5328 2.5328 2.53289 
2.52627 2.52653 2.52687 2.5273 2.52784 2.52848 2.52925 2.53015 2.53122 2.53246 2.53391 2.5356 2.53756 2.53981 2.54239 2.54534 2.54867 2.55244 2.55665 2.56133 2.5665 2.57217 2.57835 2.58503 2.59222 2.59987 2.60799 2.61651 2.62542 2.63465 2.64414 2.65384 2.66367 2.67356 2.68344 2.69322 2.70282 2.71216 2.72117 2.72976 2.73787 2.74542 2.75235 2.7586 2.76411 2.76885 2.77277 2.77583 2.77802 2.77932 2.77971 2.77919 2.77776 2.77545 2.77227 2.76824 2.76341 2.75781 2.75149 2.74451 2.73692 2.72881 2.72022 2.71125 2.70197 2.69244 2.68277 2.67302 2.66327 2.65359 2.64407 2.63476 2.62572 2.61702 2.60869 2.60077 2.59331 2.58632 2.57982 2.57381 2.56831 2.5633 2.55878 2.55472 2.55112 2.54794 2.54517 2.54276 2.54071 2.53896 2.53751 2.53631 2.53534 2.53458 2.534 2.53358 2.5333 2.53315 2.53311 2.53318 
2.52657 2.52682 2.52718 2.52765 2.52823 2.52895 2.5298 2.53082 2.53202 2.53344 2.53509 2.53702 2.53925 2.54182 2.54476 2.54812 2.55193 2.55621 2.56099 2.56631 2.57217 2.57859 2.58557 2.59311 2.60119 2.6098 2.61889 2.62844 2.63839 2.64868 2.65926 2.67003 2.68094 2.69189 2.70281 2.7136 2.72418 2.73446 2.74436 2.75379 2.76267 2.77093 2.7785 2.78533 2.79135 2.79651 2.80077 2.80411 2.80649 2.80789 2.80831 2.80773 2.80618 2.80365 2.80017 2.79577 2.79048 2.78436 2.77744 2.76979 2.76148 2.75257 2.74313 2.73326 2.72303 2.71252 2.70182 2.69103 2.68022 2.66948 2.65889 2.64852 2.63844 2.62871 2.61939 2.61052 2.60214 2.59427 2.58695 2.58017 2.57394 2.56827 2.56313 2.55852 2.55442 2.55079 2.54761 2.54485 2.54248 2.54046 2.53876 2.53736 2.53622 2.53531 2.53461 2.5341 2.53374 2.53353 2.53345 2.53348 
2.52688 2.52714 2.52752 2.52803 2.52867 2.52946 2.53041 2.53156 2.53291 2.53451 2.53639 2.53857 2.54111 2.54403 2.54737 2.55118 2.55549 2.56034 2.56575 2.57175 2.57835 2.58557 2.59341 2.60186 2.6109 2.62051 2.63065 2.64128 2.65232 2.66373 2.67543 2.68733 2.69936 2.71141 2.72341 2.73524 2.74683 2.75807 2.76887 2.77914 2.78881 2.7978 2.80602 2.81342 2.81995 2.82554 2.83015 2.83375 2.83632 2.83783 2.83828 2.83765 2.83596 2.83322 2.82944 2.82467 2.81893 2.81228 2.80476 2.79643 2.78737 2.77765 2.76735 2.75655 2.74535 2.73382 2.72208 2.71021 2.6983 2.68645 2.67474 2.66326 2.65209 2.64128 2.63091 2.62102 2.61166 2.60287 2.59466 2.58706 2.58006 2.57367 2.56788 2.56267 2.55801 2.55389 2.55027 2.54713 2.54441 2.54209 2.54014 2.53852 2.53719 2.53612 2.53528 2.53466 2.53422 2.53394 2.53381 2.53382 
2.52722 2.52749 2.52789 2.52844 2.52914 2.53002 2.53108 2.53236 2.53389 2.53569 2.53781 2.54028 2.54314 2.54644 2.55022 2.55452 2.55938 2.56483 2.57091 2.57764 2.58503 2.59311 2.60186 2.61127 2.62133 2.632 2.64324 2.65498 2.66718 2.67975 2.69261 2.70568 2.71885 2.73204 2.74513 2.75804 2.77064 2.78285 2.79457 2.8057 2.81616 2.82587 2.83474 2.84272 2.84975 2.85576 2.86072 2.86459 2.86735 2.86897 2.86944 2.86876 2.86694 2.86398 2.85992 2.85477 2.84858 2.8414 2.83328 2.82428 2.81447 2.80394 2.79276 2.78102 2.76883 2.75627 2.74345 2.73047 2.71743 2.70444 2.69158 2.67894 2.66662 2.65469 2.64321 2.63226 2.62187 2.6121 2.60296 2.59447 2.58665 2.5795 2.573 2.56715 2.56191 2.55726 2.55317 2.5496 2.54652 2.54387 2.54164 2.53977 2.53824 2.53699 2.53602 2.53527 2.53473 2.53438 2.5342 2.53418 
2.5276 2.52786 2.52829 2.52888 2.52966 2.53063 2.53181 2.53325 2.53496 2.53698 2.53936 2.54214 2.54536 2.54907 2.55331 2.55813 2.56358 2.56968 2.57647 2.58398 2.59222 2.60119 2.6109 2.62133 2.63245 2.64423 2.6566 2.66952 2.6829 2.69667 2.71073 2.72499 2.73934 2.75368 2.76789 2.78187 2.7955 2.80869 2.82132 2.83331 2.84455 2.85497 2.86449 2.87304 2.88056 2.88699 2.89229 2.89642 2.89936 2.90108 2.90158 2.90086 2.8989 2.89574 2.89139 2.88588 2.87925 2.87155 2.86284 2.85317 2.84262 2.83127 2.81922 2.80654 2.79335 2.77975 2.76584 2.75173 2.73754 2.72337 2.70932 2.6955 2.68199 2.66889 2.65627 2.64421 2.63274 2.62194 2.61181 2.6024 2.59372 2.58575 2.57851 2.57197 2.5661 2.56089 2.55629 2.55227 2.54879 2.5458 2.54326 2.54113 2.53937 2.53794 2.53681 2.53593 2.5353 2.53487 2.53463 2.53457 
2.528 2.52827 2.52872 2.52937 2.53022 2.53129 2.53261 2.5342 2.53611 2.53838 2.54104 2.54415 2.54775 2.5519 2.55664 2.56202 2.56809 2.57488 2.58242 2.59075 2.59987 2.6098 2.62051 2.632 2.64423 2.65715 2.6707 2.68482 2.69942 2.71442 2.7297 2.74517 2.76071 2.77621 2.79154 2.80659 2.82125 2.83541 2.84895 2.86178 2.87379 2.88492 2.89506 2.90417 2.91216 2.919 2.92462 2.92901 2.93213 2.93396 2.93449 2.93371 2.93164 2.92828 2.92365 2.91779 2.91074 2.90253 2.89323 2.88291 2.87164 2.85949 2.84657 2.83296 2.81878 2.80413 2.78912 2.77388 2.75852 2.74315 2.72789 2.71285 2.69814 2.68383 2.67003 2.65681 2.64424 2.63235 2.62121 2.61083 2.60123 2.59241 2.58438 2.57712 2.57059 2.56478 2.55965 2.55515 2.55124 2.54787 2.54501 2.5426 2.5406 2.53897 2.53766 2.53665 2.5359 2.53539 2.53509 2.53499 
2.52843 2.52871 2.52919 2.52989 2.53082 2.532 2.53346 2.53524 2.53736 2.53989 2.54285 2.54631 2.55032 2.55493 2.5602 2.56617 2.5729 2.58041 2.58875 2.59794 2.60799 2.61889 2.63065 2.64324 2.6566 2.6707 2.68547 2.70081 2.71666 2.73289 2.74942 2.7661 2.78284 2.79949 2.81594 2.83206 2.84774 2.86285 2.87728 2.89092 2.90369 2.91549 2.92625 2.93588 2.94434 2.95156 2.9575 2.96213 2.96542 2.96735 2.9679 2.96709 2.9649 2.96135 2.95646 2.95027 2.9428 2.93412 2.92426 2.91331 2.90133 2.8884 2.87463 2.86011 2.84494 2.82926 2.81316 2.79678 2.78025 2.76368 2.7472 2.73093 2.71497 2.69945 2.68444 2.67003 2.6563 2.64331 2.6311 2.61971 2.60916 2.59946 2.59061 2.58258 2.57536 2.56892 2.56322 2.55821 2.55385 2.55009 2.54688 2.54417 2.54191 2.54006 2.53858 2.53742 2.53655 2.53595 2.53558 2.53544 
2.52889 2.52918 2.52969 2.53045 2.53147 2.53277 2.53438 2.53635 2.5387 2.5415 2.54478 2.54862 2.55306 2.55817 2.56399 2.57058 2.57799 2.58626 2.59543 2.60551 2.61651 2.62844 2.64128 2.65498 2.66952 2.68482 2.70081 2.71741 2.73451 2.752 2.76976 2.78766 2.80558 2.82338 2.84094 2.85811 2.87477 2.89081 2.9061 2.92053 2.93402 2.94648 2.95781 2.96795 2.97684 2.98442 2.99066 2.99552 2.99897 3.001 3.00158 3.00072 2.99843 2.99471 2.98958 2.98307 2.97523 2.96608 2.9557 2.94414 2.93148 2.91781 2.90321 2.8878 2.87168 2.85497 2.8378 2.8203 2.8026 2.78483 2.76713 2.74962 2.73242 2.71564 2.6994 2.68379 2.66888 2.65475 2.64145 2.62903 2.61749 2.60687 2.59716 2.58834 2.58039 2.57329 2.56699 2.56145 2.55662 2.55244 2.54886 2.54584 2.54331 2.54123 2.53955 2.53824 2.53724 2.53654 2.53611 2.53593 
2.52939 2.52968 2.53023 2.53105 2.53216 2.53359 2.53536 2.53753 2.54012 2.54321 2.54684 2.55107 2.55596 2.56158 2.56798 2.57522 2.58335 2.59241 2.60243 2.61343 2.62542 2.63839 2.65232 2.66718 2.6829 2.69942 2.71666 2.73451 2.75286 2.7716 2.79059 2.8097 2.82879 2.84772 2.86635 2.88454 2.90216 2.91909 2.9352 2.9504 2.96457 2.97764 2.98951 3.00013 3.00942 3.01735 3.02387 3.02894 3.03254 3.03465 3.03526 3.03437 3.03198 3.0281 3.02275 3.01596 3.00775 2.99819 2.98731 2.97518 2.96188 2.94749 2.93211 2.91584 2.8988 2.8811 2.86289 2.84428 2.82543 2.80648 2.78755 2.7688 2.75035 2.73233 2.71485 2.69801 2.68191 2.66662 2.65221 2.63871 2.62617 2.6146 2.604 2.59437 2.58567 2.57788 2.57096 2.56486 2.55953 2.55492 2.55096 2.5476 2.54479 2.54247 2.54059 2.53911 2.53798 2.53718 2.53667 2.53644 
2.52991 2.53021 2.5308 2.53169 2.5329 2.53446 2.5364 2.53878 2.54163 2.54502 2.549 2.55364 2.55901 2.56516 2.57216 2.58007 2.58894 2.59881 2.6097 2.62165 2.63465 2.64868 2.66373 2.67975 2.69667 2.71442 2.73289 2.752 2.7716 2.79157 2.81178 2.83207 2.85231 2.87233 2.892 2.91117 2.92971 2.94749 2.96438 2.98029 2.9951 3.00874 3.02112 3.03217 3.04184 3.05008 3.05685 3.06211 3.06585 3.06805 3.06869 3.06777 3.0653 3.06128 3.05573 3.04867 3.04015 3.03019 3.01886 3.0062 2.99231 2.97725 2.96112 2.94404 2.92611 2.90746 2.88823 2.86856 2.84859 2.82847 2.80834 2.78836 2.76867 2.7494 2.73068 2.71261 2.69531 2.67885 2.6633 2.64873 2.63516 2.62262 2.61111 2.60063 2.59116 2.58267 2.57511 2.56843 2.56259 2.55752 2.55316 2.54946 2.54635 2.54377 2.54168 2.54002 2.53876 2.53785 2.53727 2.53699 
2.53046 2.53077 2.5314 2.53236 2.53368 2.53538 2.5375 2.54009 2.54321 2.54691 2.55126 2.55633 2.56219 2.56889 2.57651 2.58511 2.59474 2.60543 2.61722 2.63012 2.64414 2.65926 2.67543 2.69261 2.71073 2.7297 2.74942 2.76976 2.79059 2.81178 2.83317 2.85462 2.87596 2.89704 2.9177 2.93781 2.95722 2.9758 2.99342 3.00999 3.0254 3.03956 3.0524 3.06385 3.07386 3.08238 3.08937 3.09481 3.09867 3.10094 3.10161 3.10067 3.09813 3.09398 3.08826 3.08098 3.07216 3.06186 3.05011 3.03698 3.02253 3.00685 2.99004 2.97219 2.95342 2.93387 2.91367 2.89296 2.8719 2.85065 2.82935 2.80817 2.78725 2.76675 2.74679 2.7275 2.70899 2.69135 2.67467 2.659 2.64439 2.63086 2.61844 2.6071 2.59684 2.58762 2.5794 2.57213 2.56576 2.56022 2.55545 2.55139 2.54797 2.54513 2.54282 2.54099 2.53958 2.53856 2.53789 2.53757 
2.53104 2.53136 2.53204 2.53307 2.53449 2.53634 2.53864 2.54146 2.54485 2.54888 2.55361 2.55912 2.56547 2.57275 2.581 2.5903 2.60069 2.61223 2.62492 2.6388 2.65384 2.67003 2.68733 2.70568 2.72499 2.74517 2.7661 2.78766 2.8097 2.83207 2.85462 2.87717 2.89957 2.92166 2.94327 2.96426 2.98448 3.00381 3.02211 3.03928 3.05523 3.06987 3.08312 3.09492 3.10523 3.114 3.12119 3.12679 3.13076 3.1331 3.13379 3.13284 3.13023 3.12599 3.12012 3.11264 3.10357 3.09296 3.08085 3.06728 3.05234 3.03609 3.01864 3.00008 2.98053 2.96013 2.939 2.91731 2.89521 2.87286 2.85043 2.82808 2.80596 2.78425 2.76307 2.74257 2.72286 2.70405 2.68623 2.66946 2.65381 2.63929 2.62593 2.61373 2.60266 2.59271 2.58382 2.57595 2.56903 2.56301 2.55782 2.55339 2.54966 2.54655 2.54401 2.54199 2.54043 2.53929 2.53855 2.53817 
2.53165 2.53198 2.53269 2.5338 2.53534 2.53733 2.53983 2.54288 2.54656 2.55092 2.55604 2.56199 2.56885 2.5767 2.5856 2.59561 2.60678 2.61915 2.63276 2.6476 2.66367 2.68094 2.69936 2.71885 2.73934 2.76071 2.78284 2.80558 2.82879 2.85231 2.87596 2.89957 2.92299 2.94602 2.96853 2.99034 3.01131 3.03132 3.05024 3.06796 3.08439 3.09945 3.11306 3.12518 3.13575 3.14473 3.1521 3.15782 3.16189 3.16429 3.16501 3.16404 3.1614 3.15707 3.15108 3.14343 3.13416 3.12328 3.11085 3.09691 3.08152 3.06477 3.04673 3.02752 3.00725 2.98605 2.96407 2.94145 2.91836 2.89496 2.87143 2.84795 2.82467 2.80177 2.7794 2.75771 2.73682 2.71685 2.6979 2.68005 2.66335 2.64784 2.63355 2.62047 2.6086 2.5979 2.58833 2.57985 2.57239 2.56588 2.56026 2.55545 2.55139 2.548 2.54523 2.54302 2.54131 2.54005 2.53923 2.5388 
2.53227 2.53261 2.53337 2.53456 2.53621 2.53835 2.54104 2.54434 2.5483 2.553 2.55851 2.56492 2.5723 2.58072 2.59027 2.60099 2.61294 2.62616 2.64067 2.65648 2.67356 2.69189 2.71141 2.73204 2.75368 2.77621 2.79949 2.82338 2.84772 2.87233 2.89704 2.92166 2.94602 2.96995 2.99328 3.01585 3.03752 3.05815 3.07762 3.09583 3.11269 3.12811 3.14204 3.15442 3.16521 3.17437 3.18188 3.18772 3.19187 3.19432 3.19506 3.19409 3.19142 3.18703 3.18094 3.17317 3.16372 3.15262 3.13992 3.12565 3.10988 3.09268 3.07412 3.05432 3.03339 3.01146 2.98868 2.96519 2.94116 2.91678 2.89221 2.86764 2.84324 2.8192 2.79567 2.77282 2.75077 2.72967 2.70961 2.69068 2.67294 2.65645 2.64123 2.62728 2.6146 2.60316 2.59291 2.58381 2.57579 2.56879 2.56274 2.55755 2.55316 2.54949 2.54649 2.54408 2.54221 2.54084 2.53993 2.53945 
2.5329 2.53326 2.53407 2.53534 2.5371 2.5394 2.54229 2.54582 2.55007 2.55511 2.56102 2.56789 2.57578 2.58479 2.59497 2.6064 2.61913 2.63319 2.64859 2.66535 2.68344 2.70281 2.72341 2.74513 2.76789 2.79154 2.81594 2.84094 2.86635 2.892 2.9177 2.94327 2.96853 2.99328 3.01737 3.04063 3.06293 3.08411 3.10407 3.12271 3.13994 3.15568 3.16987 3.18247 3.19344 3.20274 3.21037 3.2163 3.22051 3.22301 3.22377 3.22281 3.22012 3.21569 3.20953 3.20166 3.19207 3.1808 3.16788 3.15334 3.13724 3.11964 3.10063 3.08031 3.05879 3.03619 3.01266 2.98837 2.96347 2.93816 2.9126 2.887 2.86154 2.8364 2.81175 2.78778 2.76461 2.7424 2.72125 2.70127 2.68252 2.66505 2.64891 2.63411 2.62062 2.60844 2.59751 2.5878 2.57923 2.57173 2.56524 2.55967 2.55495 2.551 2.54776 2.54515 2.54313 2.54164 2.54064 2.54011 
2.53355 2.53392 2.53477 2.53612 2.538 2.54046 2.54354 2.54732 2.55186 2.55724 2.56355 2.57087 2.57927 2.58885 2.59968 2.61181 2.6253 2.64018 2.65647 2.67415 2.69322 2.7136 2.73524 2.75804 2.78187 2.80659 2.83206 2.85811 2.88454 2.91117 2.93781 2.96426 2.99034 3.01585 3.04063 3.06452 3.08737 3.10905 3.12944 3.14844 3.16598 3.18198 3.19639 3.20917 3.22028 3.2297 3.23741 3.24341 3.24767 3.25021 3.251 3.25004 3.24734 3.24289 3.23669 3.22874 3.21906 3.20766 3.19456 3.1798 3.16342 3.1455 3.1261 3.10531 3.08326 3.06006 3.03587 3.01084 2.98514 2.95895 2.93248 2.9059 2.87942 2.85324 2.82753 2.80247 2.77823 2.75495 2.73275 2.71173 2.69199 2.67358 2.65654 2.64089 2.62661 2.6137 2.60211 2.59178 2.58266 2.57468 2.56775 2.5618 2.55675 2.55252 2.54904 2.54624 2.54406 2.54245 2.54136 2.54078 
2.5342 2.53458 2.53548 2.53691 2.53891 2.54152 2.5448 2.54882 2.55365 2.55937 2.56607 2.57383 2.58274 2.59289 2.60434 2.61716 2.63139 2.64708 2.66422 2.68281 2.70282 2.72418 2.74683 2.77064 2.7955 2.82125 2.84774 2.87477 2.90216 2.92971 2.95722 2.98448 3.01131 3.03752 3.06293 3.08737 3.11071 3.13282 3.15357 3.17289 3.19068 3.20689 3.22147 3.23438 3.2456 3.2551 3.26288 3.26893 3.27323 3.27579 3.27661 3.27567 3.27297 3.26851 3.26229 3.2543 3.24456 3.23306 3.21983 3.2049 3.1883 3.1701 3.15037 3.12919 3.10667 3.08294 3.05815 3.03244 3.006 2.97902 2.95169 2.9242 2.89677 2.8696 2.84288 2.8168 2.79152 2.76721 2.744 2.72199 2.7013 2.68197 2.66405 2.64757 2.63253 2.6189 2.60665 2.59573 2.58607 2.5776 2.57025 2.56392 2.55855 2.55404 2.55032 2.54733 2.54499 2.54326 2.54209 2.54145 
2.53485 2.53524 2.53619 2.5377 2.53981 2.54258 2.54605 2.55031 2.55542 2.56147 2.56855 2.57675 2.58616 2.59686 2.60892 2.6224 2.63736 2.65382 2.67179 2.69125 2.71216 2.73446 2.75807 2.78285 2.80869 2.83541 2.86285 2.89081 2.91909 2.94749 2.9758 3.00381 3.03132 3.05815 3.08411 3.10905 3.13282 3.15528 3.17635 3.19592 3.21392 3.23029 3.245 3.25801 3.2693 3.27886 3.28668 3.29275 3.29709 3.29967 3.3005 3.29958 3.2969 3.29245 3.28623 3.27823 3.26845 3.25689 3.24357 3.22851 3.21175 3.19333 3.17332 3.1518 3.12888 3.10469 3.07936 3.05305 3.02594 2.99823 2.9701 2.94178 2.91346 2.88537 2.85769 2.83064 2.80439 2.7791 2.75492 2.73197 2.71035 2.69014 2.67138 2.6541 2.63831 2.62399 2.61111 2.5996 2.58942 2.58048 2.57271 2.56602 2.56032 2.55554 2.55159 2.5484 2.54591 2.54406 2.54281 2.54212 
2.53548 2.5359 2.53688 2.53847 2.5407 2.54362 2.54728 2.55176 2.55715 2.56352 2.57098 2.5796 2.58949 2.60072 2.61337 2.62749 2.64315 2.66035 2.6791 2.69939 2.72117 2.74436 2.76887 2.79457 2.82132 2.84895 2.87728 2.9061 2.9352 2.96438 2.99342 3.02211 3.05024 3.07762 3.10407 3.12944 3.15357 3.17635 3.19767 3.21744 3.2356 3.25209 3.26689 3.27996 3.29129 3.30088 3.30873 3.31482 3.31917 3.32177 3.32262 3.32172 3.31906 3.31463 3.30843 3.30043 3.29065 3.27906 3.26569 3.25055 3.23366 3.21506 3.19483 3.17304 3.14978 3.12518 3.09938 3.07253 3.04483 3.01645 2.9876 2.9585 2.92937 2.90042 2.87186 2.84389 2.81672 2.79051 2.76542 2.74157 2.71908 2.69802 2.67846 2.66042 2.64392 2.62893 2.61543 2.60337 2.59268 2.58328 2.5751 2.56806 2.56205 2.557 2.55283 2.54946 2.54682 2.54485 2.54352 2.54278 
2.53611 2.53653 2.53756 2.53923 2.54157 2.54463 2.54847 2.55318 2.55883 2.56551 2.57332 2.58236 2.5927 2.60444 2.61765 2.63238 2.64869 2.6666 2.6861 2.70717 2.72976 2.75379 2.77914 2.8057 2.83331 2.86178 2.89092 2.92053 2.9504 2.98029 3.00999 3.03928 3.06796 3.09583 3.12271 3.14844 3.17289 3.19592 3.21744 3.23737 3.25564 3.27222 3.28707 3.30018 3.31153 3.32113 3.32898 3.33508 3.33943 3.34204 3.34291 3.34204 3.33941 3.33501 3.32883 3.32087 3.3111 3.29951 3.28612 3.27093 3.25395 3.23523 3.21482 3.1928 3.16926 3.14431 3.1181 3.09079 3.06255 3.03357 3.00408 2.97427 2.94439 2.91464 2.88527 2.85646 2.82843 2.80136 2.77541 2.75072 2.7274 2.70555 2.68523 2.66647 2.64929 2.63367 2.61959 2.60699 2.59581 2.58598 2.57742 2.57003 2.56373 2.55842 2.55403 2.55048 2.5477 2.54562 2.54421 2.54343 
2.53671 2.53715 2.53822 2.53996 2.5424 2.5456 2.54962 2.55454 2.56044 2.56742 2.57557 2.58498 2.59576 2.60798 2.62171 2.63703 2.65396 2.67252 2.69272 2.71452 2.73787 2.76267 2.78881 2.81616 2.84455 2.87379 2.90369 2.93402 2.96457 2.9951 3.0254 3.05523 3.08439 3.11269 3.13994 3.16598 3.19068 3.21392 3.2356 3.25564 3.274 3.29063 3.30551 3.31862 3.32998 3.33957 3.3474 3.35349 3.35785 3.36047 3.36135 3.3605 3.35791 3.35355 3.34742 3.33949 3.32975 3.3182 3.30481 3.28959 3.27256 3.25376 3.23322 3.21101 3.18724 3.162 3.13544 3.10771 3.079 3.0495 3.01942 2.98898 2.95842 2.92795 2.89782 2.86825 2.83943 2.81156 2.78482 2.75934 2.73526 2.71267 2.69163 2.6722 2.65438 2.63817 2.62353 2.61043 2.5988 2.58855 2.57962 2.57191 2.56533 2.55978 2.55519 2.55146 2.54854 2.54636 2.54488 2.54405 
2.53728 2.53773 2.53885 2.54065 2.54319 2.54652 2.5507 2.55582 2.56196 2.56921 2.57768 2.58746 2.59864 2.6113 2.62553 2.64138 2.65888 2.67806 2.6989 2.72138 2.74542 2.77093 2.7978 2.82587 2.85497 2.88492 2.91549 2.94648 2.97764 3.00874 3.03956 3.06987 3.09945 3.12811 3.15568 3.18198 3.20689 3.23029 3.25209 3.27222 3.29063 3.30728 3.32217 3.33527 3.34661 3.35618 3.36399 3.37007 3.37441 3.37704 3.37794 3.37711 3.37455 3.37024 3.36416 3.35629 3.3466 3.33508 3.32171 3.3065 3.28945 3.27059 3.24995 3.22761 3.20364 3.17816 3.15131 3.12323 3.09411 3.06414 3.03354 3.00254 2.97136 2.94025 2.90944 2.87916 2.84963 2.82103 2.79356 2.76737 2.74258 2.7193 2.69761 2.67755 2.65914 2.64238 2.62723 2.61366 2.6016 2.59097 2.5817 2.57368 2.56683 2.56106 2.55628 2.55239 2.54935 2.54707 2.54551 2.54464 
2.53782 2.53828 2.53943 2.5413 2.54393 2.54738 2.55171 2.55702 2.56337 2.57088 2.57964 2.58975 2.6013 2.61438 2.62906 2.64539 2.66342 2.68316 2.70459 2.72767 2.75235 2.7785 2.80602 2.83474 2.86449 2.89506 2.92625 2.95781 2.98951 3.02112 3.0524 3.08312 3.11306 3.14204 3.16987 3.19639 3.22147 3.245 3.26689 3.28707 3.30551 3.32217 3.33704 3.35012 3.36143 3.37096 3.37875 3.38481 3.38914 3.39177 3.39268 3.39188 3.38936 3.3851 3.37907 3.37125 3.36162 3.35015 3.33683 3.32164 3.30458 3.28569 3.26499 3.24254 3.21842 3.19274 3.16564 3.13726 3.10778 3.07741 3.04636 3.01486 2.98314 2.95145 2.92004 2.88913 2.85895 2.8297 2.80157 2.77473 2.7493 2.7254 2.70311 2.68248 2.66353 2.64626 2.63065 2.61665 2.60419 2.59321 2.58362 2.57533 2.56824 2.56225 2.55729 2.55326 2.55009 2.54772 2.5461 2.54519 
2.53831 2.53878 2.53997 2.5419 2.54461 2.54817 2.55264 2.55811 2.56467 2.57241 2.58143 2.59184 2.60372 2.61717 2.63226 2.64903 2.66753 2.68777 2.70973 2.73336 2.7586 2.78533 2.81342 2.84272 2.87304 2.90417 2.93588 2.96795 3.00013 3.03217 3.06385 3.09492 3.12518 3.15442 3.18247 3.20917 3.23438 3.25801 3.27996 3.30018 3.31862 3.33527 3.35012 3.36317 3.37444 3.38394 3.3917 3.39773 3.40205 3.40467 3.4056 3.40483 3.40234 3.39812 3.39215 3.3844 3.37483 3.36342 3.35014 3.33498 3.31794 3.29903 3.27829 3.25576 3.23153 3.20569 3.17838 3.14974 3.11997 3.08925 3.05781 3.02587 2.99368 2.96149 2.92954 2.89808 2.86732 2.8375 2.80878 2.78136 2.75536 2.73091 2.70808 2.68694 2.6675 2.64978 2.63375 2.61936 2.60655 2.59525 2.58537 2.57683 2.56952 2.56334 2.55822 2.55405 2.55078 2.54833 2.54665 2.5457 
2.53876 2.53924 2.54045 2.54243 2.54522 2.54888 2.55347 2.55909 2.56582 2.57377 2.58303 2.5937 2.60588 2.61966 2.6351 2.65226 2.67118 2.69185 2.71427 2.73839 2.76411 2.79135 2.81995 2.84975 2.88056 2.91216 2.94434 2.97684 3.00942 3.04184 3.07386 3.10523 3.13575 3.16521 3.19344 3.22028 3.2456 3.2693 3.29129 3.31153 3.32998 3.34661 3.36143 3.37444 3.38567 3.39513 3.40285 3.40886 3.41317 3.41579 3.41672 3.41597 3.41352 3.40935 3.40344 3.39574 3.38623 3.37488 3.36165 3.34653 3.32952 3.31061 3.28984 3.26725 3.24293 3.21696 3.18948 3.16064 3.13061 3.0996 3.06782 3.03551 3.00292 2.9703 2.93789 2.90594 2.87469 2.84436 2.81514 2.78721 2.76071 2.73577 2.71248 2.69088 2.67102 2.6529 2.6365 2.62176 2.60865 2.59707 2.58694 2.57817 2.57066 2.56432 2.55905 2.55477 2.5514 2.54887 2.54714 2.54616 
2.53915 2.53964 2.54088 2.54291 2.54576 2.5495 2.5542 2.55995 2.56683 2.57495 2.58441 2.59531 2.60775 2.62181 2.63756 2.65505 2.67432 2.69537 2.71818 2.7427 2.76885 2.79651 2.82554 2.85576 2.88699 2.919 2.95156 2.98442 3.01735 3.05008 3.08238 3.114 3.14473 3.17437 3.20274 3.2297 3.2551 3.27886 3.30088 3.32113 3.33957 3.35618 3.37096 3.38394 3.39513 3.40456 3.41225 3.41823 3.42253 3.42514 3.42609 3.42536 3.42294 3.41881 3.41295 3.40531 3.39585 3.38455 3.37138 3.3563 3.33931 3.32041 3.29962 3.27699 3.2526 3.22653 3.19891 3.1699 3.13966 3.10841 3.07636 3.04374 3.01081 2.97782 2.94502 2.91267 2.881 2.85024 2.82059 2.79223 2.76531 2.73996 2.71626 2.69428 2.67406 2.6556 2.63887 2.62385 2.61046 2.59864 2.58829 2.57933 2.57165 2.56516 2.55977 2.55539 2.55193 2.54934 2.54757 2.54656 
2.53948 2.53997 2.54124 2.5433 2.54621 2.55002 2.55481 2.56067 2.56768 2.57594 2.58557 2.59666 2.60931 2.6236 2.6396 2.65737 2.67693 2.69829 2.72142 2.74628 2.77277 2.80077 2.83015 2.86072 2.89229 2.92462 2.9575 2.99066 3.02387 3.05685 3.08937 3.12119 3.1521 3.18188 3.21037 3.23741 3.26288 3.28668 3.30873 3.32898 3.3474 3.36399 3.37875 3.3917 3.40285 3.41225 3.41992 3.42588 3.43016 3.43278 3.43373 3.43302 3.43063 3.42653 3.42071 3.41311 3.40371 3.39246 3.37932 3.36428 3.34731 3.32842 3.30762 3.28497 3.26052 3.23437 3.20664 3.17749 3.14709 3.11564 3.08337 3.0505 3.01729 2.98401 2.9509 2.91821 2.8862 2.85509 2.82509 2.79638 2.76911 2.74342 2.71939 2.6971 2.67658 2.65783 2.64085 2.62558 2.61197 2.59995 2.58942 2.5803 2.57248 2.56588 2.56038 2.55591 2.55239 2.54975 2.54793 2.5469 
2.53975 2.54025 2.54153 2.54363 2.54658 2.55044 2.5553 2.56124 2.56835 2.57673 2.58649 2.59773 2.61054 2.62501 2.64121 2.65919 2.67898 2.70058 2.72397 2.74908 2.77583 2.80411 2.83375 2.86459 2.89642 2.92901 2.96213 2.99552 3.02894 3.06211 3.09481 3.12679 3.15782 3.18772 3.2163 3.24341 3.26893 3.29275 3.31482 3.33508 3.35349 3.37007 3.38481 3.39773 3.40886 3.41823 3.42588 3.43183 3.4361 3.43871 3.43968 3.43898 3.43661 3.43254 3.42675 3.41919 3.40982 3.39861 3.3855 3.37049 3.35354 3.33465 3.31385 3.29117 3.26668 3.24047 3.21266 3.1834 3.15287 3.12127 3.08882 3.05576 3.02234 2.98883 2.95547 2.92254 2.89026 2.85888 2.82861 2.79962 2.77209 2.74613 2.72185 2.69931 2.67856 2.6596 2.64241 2.62695 2.61317 2.60099 2.59032 2.58107 2.57315 2.56644 2.56087 2.55633 2.55275 2.55007 2.54822 2.54718 
2.53995 2.54045 2.54175 2.54387 2.54685 2.55076 2.55567 2.56166 2.56884 2.57731 2.58717 2.59851 2.61144 2.62604 2.64238 2.66051 2.68046 2.70222 2.72579 2.75108 2.77802 2.80649 2.83632 2.86735 2.89936 2.93213 2.96542 2.99897 3.03254 3.06585 3.09867 3.13076 3.16189 3.19187 3.22051 3.24767 3.27323 3.29709 3.31917 3.33943 3.35785 3.37441 3.38914 3.40205 3.41317 3.42253 3.43016 3.4361 3.44037 3.44298 3.44395 3.44326 3.44091 3.43686 3.43109 3.42355 3.41421 3.40301 3.38993 3.37493 3.35799 3.3391 3.31829 3.29559 3.27106 3.24481 3.21694 3.1876 3.15698 3.12527 3.0927 3.0595 3.02593 2.99225 2.95872 2.92561 2.89315 2.86158 2.83111 2.80194 2.77421 2.74807 2.72361 2.7009 2.67998 2.66086 2.64353 2.62794 2.61404 2.60174 2.59098 2.58164 2.57363 2.56686 2.56123 2.55664 2.55302 2.55031 2.54844 2.54738 
2.54008 2.54059 2.54189 2.54402 2.54702 2.55096 2.5559 2.56193 2.56915 2.57767 2.58758 2.59899 2.61199 2.62666 2.64308 2.6613 2.68134 2.70321 2.72687 2.75227 2.77932 2.80789 2.83783 2.86897 2.90108 2.93396 2.96735 3.001 3.03465 3.06805 3.10094 3.1331 3.16429 3.19432 3.22301 3.25021 3.27579 3.29967 3.32177 3.34204 3.36047 3.37704 3.39177 3.40467 3.41579 3.42514 3.43278 3.43871 3.44298 3.4456 3.44657 3.44589 3.44354 3.4395 3.43373 3.42621 3.41687 3.40569 3.39261 3.37761 3.36066 3.34177 3.32095 3.29823 3.27367 3.24738 3.21947 3.19008 3.1594 3.12762 3.09497 3.06169 3.02803 2.99426 2.96063 2.92741 2.89484 2.86316 2.83259 2.8033 2.77547 2.74922 2.72465 2.70185 2.68083 2.66163 2.64421 2.62854 2.61456 2.60221 2.59138 2.58199 2.57394 2.56712 2.56145 2.55684 2.5532 2.55047 2.54859 2.54752 
