6.29907 6.29926 6.29956 6.29997 6.3005 6.30114 6.30189 6.30276 6.30374 6.30483 6.30604 6.30736 6.30879 6.31033 6.31198 6.31374 6.3156 6.31756 6.31962 6.32178 6.32402 6.32634 6.32874 6.33121 6.33373 6.33631 6.33893 6.34158 6.34426 6.34694 6.34961 6.35228 6.35491 6.3575 6.36004 6.3625 6.36489 6.36718 6.36936 6.37142 6.37335 6.37513 6.37676 6.37822 6.37951 6.38062 6.38154 6.38226 6.38279 6.38311 6.38324 6.38315 6.38287 6.38238 6.3817 6.38083 6.37976 6.37852 6.37711 6.37554 6.37381 6.37195 6.36995 6.36784 6.36562 6.36331 6.36093 6.35848 6.35599 6.35345 6.35089 6.34833 6.34576 6.34321 6.34068 6.3382 6.33576 6.33338 6.33106 6.32882 6.32666 6.32459 6.32262 6.32074 6.31897 6.3173 6.31575 6.31431 6.31298 6.31177 6.31067 6.30969 6.30883 6.30809 6.30746 6.30696 6.30656 6.30629 6.30613 6.30608 
6.29926 6.29944 6.29974 6.30016 6.30068 6.30133 6.30209 6.30296 6.30394 6.30504 6.30626 6.30759 6.30902 6.31058 6.31224 6.314 6.31588 6.31785 6.31992 6.32209 6.32435 6.32668 6.3291 6.33158 6.33412 6.33672 6.33936 6.34202 6.34471 6.34741 6.35011 6.35279 6.35544 6.35804 6.3606 6.36308 6.36548 6.36778 6.36998 6.37205 6.37399 6.37579 6.37743 6.3789 6.3802 6.38131 6.38224 6.38297 6.3835 6.38382 6.38395 6.38386 6.38358 6.38309 6.3824 6.38152 6.38045 6.3792 6.37778 6.37619 6.37446 6.37258 6.37057 6.36844 6.36621 6.36389 6.36149 6.35902 6.35651 6.35396 6.35138 6.3488 6.34621 6.34365 6.34111 6.3386 6.33615 6.33375 6.33142 6.32916 6.32699 6.32491 6.32292 6.32103 6.31924 6.31757 6.316 6.31455 6.31321 6.31199 6.31089 6.30991 6.30904 6.30829 6.30766 6.30715 6.30675 6.30648 6.30632 6.30627 
6.29956 6.29974 6.30004 6.30046 6.301 6.30165 6.30242 6.3033 6.30431 6.30542 6.30665 6.308 6.30946 6.31104 6.31273 6.31452 6.31643 6.31843 6.32054 6.32274 6.32503 6.32741 6.32986 6.33238 6.33497 6.33761 6.34029 6.343 6.34573 6.34847 6.35121 6.35393 6.35662 6.35927 6.36187 6.36439 6.36683 6.36917 6.3714 6.3735 6.37547 6.3773 6.37896 6.38046 6.38177 6.38291 6.38384 6.38458 6.38512 6.38545 6.38558 6.38549 6.3852 6.3847 6.384 6.38311 6.38202 6.38075 6.3793 6.37769 6.37593 6.37402 6.37198 6.36981 6.36755 6.36519 6.36275 6.36024 6.35769 6.35509 6.35247 6.34985 6.34722 6.34461 6.34203 6.33948 6.33698 6.33455 6.33218 6.32988 6.32767 6.32555 6.32353 6.32161 6.31979 6.31808 6.31649 6.31501 6.31365 6.31241 6.31129 6.31028 6.3094 6.30864 6.308 6.30747 6.30707 6.30678 6.30662 6.30657 
6.29997 6.30016 6.30046 6.30089 6.30144 6.3021 6.30289 6.3038 6.30482 6.30597 6.30723 6.30861 6.31011 6.31173 6.31346 6.3153 6.31725 6.31931 6.32147 6.32373 6.32608 6.32851 6.33103 6.33362 6.33627 6.33897 6.34172 6.3445 6.3473 6.35012 6.35292 6.35571 6.35847 6.36119 6.36385 6.36643 6.36893 6.37133 6.37361 6.37577 6.37779 6.37966 6.38136 6.38289 6.38424 6.3854 6.38636 6.38711 6.38766 6.388 6.38813 6.38804 6.38774 6.38723 6.38651 6.38559 6.38447 6.38317 6.38169 6.38004 6.37822 6.37627 6.37417 6.37195 6.36963 6.36721 6.36471 6.36214 6.35951 6.35685 6.35417 6.35147 6.34878 6.3461 6.34345 6.34083 6.33827 6.33577 6.33333 6.33098 6.32871 6.32653 6.32445 6.32247 6.32061 6.31885 6.31722 6.3157 6.3143 6.31302 6.31186 6.31083 6.30992 6.30913 6.30847 6.30793 6.30751 6.30721 6.30704 6.30698 
6.3005 6.30068 6.301 6.30144 6.302 6.30269 6.3035 6.30443 6.30549 6.30668 6.30798 6.30941 6.31096 6.31263 6.31442 6.31633 6.31835 6.32048 6.32271 6.32505 6.32748 6.33 6.33261 6.33528 6.33803 6.34082 6.34367 6.34654 6.34944 6.35234 6.35525 6.35813 6.36098 6.36379 6.36653 6.3692 6.37179 6.37426 6.37662 6.37885 6.38093 6.38286 6.38462 6.3862 6.38759 6.38878 6.38977 6.39055 6.39112 6.39146 6.39159 6.3915 6.39119 6.39066 6.38991 6.38896 6.38781 6.38646 6.38493 6.38322 6.38134 6.37932 6.37715 6.37486 6.37245 6.36995 6.36736 6.3647 6.36199 6.35924 6.35646 6.35367 6.35088 6.34811 6.34536 6.34266 6.34 6.33741 6.33489 6.33245 6.33009 6.32784 6.32568 6.32363 6.3217 6.31987 6.31817 6.3166 6.31514 6.31381 6.31261 6.31153 6.31059 6.30977 6.30907 6.30851 6.30807 6.30776 6.30757 6.30751 
6.30114 6.30133 6.30165 6.3021 6.30269 6.3034 6.30424 6.30522 6.30632 6.30755 6.30891 6.3104 6.31202 6.31376 6.31562 6.31761 6.31972 6.32194 6.32427 6.32671 6.32924 6.33187 6.33459 6.33738 6.34024 6.34315 6.34611 6.34911 6.35213 6.35515 6.35818 6.36118 6.36415 6.36707 6.36993 6.37271 6.37539 6.37797 6.38042 6.38274 6.3849 6.3869 6.38873 6.39037 6.39182 6.39306 6.39408 6.39489 6.39548 6.39584 6.39597 6.39587 6.39554 6.39498 6.39421 6.39322 6.39201 6.39061 6.38901 6.38723 6.38528 6.38317 6.38091 6.37853 6.37602 6.37341 6.37071 6.36795 6.36512 6.36225 6.35935 6.35644 6.35353 6.35064 6.34778 6.34495 6.34218 6.33947 6.33684 6.33429 6.33183 6.32947 6.32722 6.32508 6.32305 6.32115 6.31937 6.31771 6.31619 6.31479 6.31353 6.3124 6.31141 6.31055 6.30982 6.30922 6.30876 6.30843 6.30823 6.30816 
6.30189 6.30209 6.30242 6.30289 6.3035 6.30424 6.30512 6.30614 6.3073 6.30859 6.31002 6.31158 6.31328 6.31511 6.31707 6.31915 6.32136 6.3237 6.32614 6.3287 6.33136 6.33412 6.33697 6.3399 6.3429 6.34596 6.34906 6.35221 6.35537 6.35854 6.36171 6.36486 6.36797 6.37103 6.37402 6.37693 6.37974 6.38244 6.385 6.38743 6.38969 6.39178 6.39369 6.39541 6.39692 6.39821 6.39929 6.40013 6.40074 6.40111 6.40124 6.40114 6.40079 6.40021 6.39939 6.39835 6.39709 6.39562 6.39394 6.39208 6.39003 6.38782 6.38545 6.38295 6.38032 6.37759 6.37476 6.37185 6.36889 6.36588 6.36284 6.35978 6.35673 6.35369 6.35068 6.34772 6.34481 6.34196 6.33919 6.33651 6.33392 6.33144 6.32907 6.32681 6.32468 6.32267 6.32079 6.31905 6.31744 6.31597 6.31463 6.31344 6.31239 6.31147 6.3107 6.31006 6.30957 6.30921 6.309 6.30892 
6.30276 6.30296 6.3033 6.3038 6.30443 6.30522 6.30614 6.30722 6.30843 6.3098 6.3113 6.31295 6.31474 6.31667 6.31874 6.32095 6.32328 6.32574 6.32833 6.33103 6.33384 6.33675 6.33976 6.34285 6.34601 6.34924 6.35252 6.35583 6.35916 6.36251 6.36584 6.36916 6.37244 6.37566 6.37881 6.38187 6.38483 6.38766 6.39036 6.39291 6.39529 6.39749 6.3995 6.4013 6.40288 6.40424 6.40537 6.40625 6.40689 6.40728 6.40742 6.4073 6.40693 6.40632 6.40546 6.40436 6.40303 6.40147 6.39971 6.39774 6.39558 6.39325 6.39076 6.38812 6.38535 6.38247 6.37949 6.37642 6.37329 6.37012 6.36691 6.36369 6.36046 6.35726 6.35408 6.35095 6.34787 6.34486 6.34194 6.3391 6.33636 6.33374 6.33122 6.32883 6.32657 6.32444 6.32245 6.3206 6.31889 6.31733 6.31591 6.31464 6.31351 6.31254 6.31171 6.31103 6.3105 6.31012 6.30988 6.30979 
6.30374 6.30394 6.30431 6.30482 6.30549 6.30632 6.3073 6.30843 6.30972 6.31117 6.31276 6.31451 6.31641 6.31846 6.32065 6.32299 6.32547 6.32808 6.33082 6.33369 6.33667 6.33976 6.34295 6.34622 6.34957 6.35299 6.35646 6.35997 6.3635 6.36704 6.37057 6.37408 6.37754 6.38095 6.38428 6.38752 6.39064 6.39364 6.39649 6.39918 6.4017 6.40402 6.40613 6.40803 6.40971 6.41114 6.41232 6.41325 6.41392 6.41433 6.41447 6.41434 6.41395 6.4133 6.41238 6.41122 6.40981 6.40817 6.4063 6.40422 6.40193 6.39947 6.39683 6.39404 6.3911 6.38805 6.38489 6.38165 6.37833 6.37497 6.37157 6.36815 6.36474 6.36133 6.35796 6.35464 6.35137 6.34818 6.34507 6.34206 6.33915 6.33636 6.33368 6.33114 6.32873 6.32646 6.32434 6.32237 6.32054 6.31887 6.31736 6.316 6.3148 6.31375 6.31286 6.31213 6.31156 6.31114 6.31088 6.31078 
6.30483 6.30504 6.30542 6.30597 6.30668 6.30755 6.30859 6.3098 6.31117 6.3127 6.3144 6.31626 6.31828 6.32046 6.3228 6.32529 6.32793 6.33071 6.33363 6.33668 6.33985 6.34314 6.34653 6.35001 6.35358 6.35721 6.3609 6.36463 6.36838 6.37214 6.37589 6.37961 6.38329 6.3869 6.39043 6.39387 6.39718 6.40036 6.40338 6.40623 6.40889 6.41135 6.41359 6.4156 6.41737 6.41888 6.42013 6.42111 6.42182 6.42225 6.42239 6.42226 6.42184 6.42114 6.42017 6.41893 6.41743 6.41569 6.4137 6.41149 6.40907 6.40645 6.40365 6.40068 6.39757 6.39432 6.39097 6.38752 6.384 6.38042 6.37681 6.37317 6.36954 6.36592 6.36233 6.35879 6.35531 6.35191 6.3486 6.34538 6.34228 6.3393 6.33644 6.33373 6.33116 6.32873 6.32646 6.32435 6.32239 6.3206 6.31898 6.31752 6.31623 6.31511 6.31415 6.31336 6.31274 6.31228 6.312 6.31188 
6.30604 6.30626 6.30665 6.30723 6.30798 6.30891 6.31002 6.3113 6.31276 6.3144 6.31621 6.3182 6.32036 6.32269 6.32518 6.32784 6.33065 6.33362 6.33674 6.33999 6.34338 6.34688 6.3505 6.35421 6.35802 6.36189 6.36582 6.36979 6.37379 6.37779 6.38178 6.38574 6.38966 6.3935 6.39726 6.4009 6.40443 6.4078 6.41101 6.41404 6.41686 6.41947 6.42185 6.42398 6.42586 6.42746 6.42879 6.42982 6.43057 6.43102 6.43117 6.43102 6.43057 6.42982 6.42879 6.42747 6.42588 6.42402 6.4219 6.41955 6.41697 6.41418 6.4112 6.40804 6.40473 6.40127 6.3977 6.39403 6.39027 6.38646 6.38261 6.37874 6.37486 6.371 6.36717 6.36339 6.35968 6.35604 6.3525 6.34907 6.34575 6.34256 6.33951 6.3366 6.33384 6.33124 6.32881 6.32654 6.32444 6.32252 6.32077 6.31921 6.31781 6.3166 6.31557 6.31472 6.31404 6.31355 6.31323 6.31309 
6.30736 6.30759 6.308 6.30861 6.30941 6.3104 6.31158 6.31295 6.31451 6.31626 6.3182 6.32032 6.32263 6.32512 6.32779 6.33063 6.33364 6.33682 6.34015 6.34363 6.34725 6.35099 6.35486 6.35883 6.36289 6.36702 6.37122 6.37545 6.37972 6.38399 6.38824 6.39247 6.39664 6.40073 6.40473 6.40862 6.41236 6.41596 6.41937 6.42259 6.42559 6.42837 6.4309 6.43316 6.43515 6.43685 6.43826 6.43936 6.44015 6.44062 6.44078 6.44061 6.44013 6.43934 6.43823 6.43682 6.43512 6.43314 6.43089 6.42838 6.42563 6.42266 6.41948 6.41611 6.41257 6.40889 6.40508 6.40116 6.39716 6.39309 6.38897 6.38484 6.38069 6.37657 6.37248 6.36844 6.36446 6.36058 6.35679 6.35311 6.34955 6.34614 6.34286 6.33974 6.33679 6.334 6.33138 6.32894 6.32669 6.32462 6.32274 6.32105 6.31955 6.31824 6.31712 6.3162 6.31546 6.31492 6.31458 6.31442 
6.30879 6.30902 6.30946 6.31011 6.31096 6.31202 6.31328 6.31474 6.31641 6.31828 6.32036 6.32263 6.3251 6.32777 6.33063 6.33367 6.3369 6.3403 6.34386 6.34758 6.35146 6.35546 6.3596 6.36384 6.36818 6.3726 6.37708 6.38161 6.38616 6.39072 6.39526 6.39977 6.40421 6.40858 6.41285 6.41699 6.42098 6.42481 6.42844 6.43187 6.43507 6.43802 6.44071 6.44312 6.44523 6.44704 6.44854 6.4497 6.45054 6.45104 6.4512 6.45102 6.4505 6.44965 6.44847 6.44697 6.44515 6.44303 6.44063 6.43795 6.43502 6.43185 6.42846 6.42486 6.42109 6.41716 6.41309 6.4089 6.40462 6.40028 6.39588 6.39146 6.38703 6.38262 6.37824 6.37392 6.36966 6.3655 6.36144 6.3575 6.35369 6.35002 6.34651 6.34316 6.33998 6.33699 6.33418 6.33155 6.32913 6.3269 6.32487 6.32305 6.32143 6.32002 6.31881 6.3178 6.31701 6.31642 6.31604 6.31586 
6.31033 6.31058 6.31104 6.31173 6.31263 6.31376 6.31511 6.31667 6.31846 6.32046 6.32269 6.32512 6.32777 6.33063 6.33369 6.33695 6.3404 6.34404 6.34786 6.35185 6.35599 6.36028 6.36471 6.36925 6.37389 6.37861 6.3834 6.38824 6.3931 6.39797 6.40282 6.40763 6.41238 6.41703 6.42158 6.426 6.43026 6.43433 6.43821 6.44186 6.44526 6.4484 6.45126 6.45383 6.45608 6.458 6.45959 6.46083 6.46171 6.46224 6.46241 6.46221 6.46166 6.46074 6.45948 6.45788 6.45594 6.45368 6.45111 6.44826 6.44513 6.44174 6.43812 6.43428 6.43025 6.42605 6.42171 6.41724 6.41267 6.40802 6.40332 6.39859 6.39386 6.38914 6.38445 6.37982 6.37527 6.37081 6.36646 6.36223 6.35814 6.35421 6.35044 6.34685 6.34343 6.34021 6.33719 6.33437 6.33176 6.32936 6.32717 6.32521 6.32346 6.32193 6.32062 6.31954 6.31867 6.31803 6.31761 6.31741 
6.31198 6.31224 6.31273 6.31346 6.31442 6.31562 6.31707 6.31874 6.32065 6.3228 6.32518 6.32779 6.33063 6.33369 6.33697 6.34046 6.34416 6.34806 6.35215 6.35642 6.36085 6.36545 6.37018 6.37503 6.37999 6.38505 6.39017 6.39533 6.40053 6.40573 6.4109 6.41604 6.4211 6.42607 6.43092 6.43563 6.44016 6.44451 6.44864 6.45252 6.45615 6.45949 6.46254 6.46526 6.46766 6.4697 6.47139 6.4727 6.47364 6.4742 6.47437 6.47416 6.47356 6.47259 6.47124 6.46952 6.46745 6.46504 6.46231 6.45926 6.45592 6.4523 6.44844 6.44434 6.44004 6.43556 6.43092 6.42614 6.42126 6.4163 6.41128 6.40622 6.40116 6.39611 6.3911 6.38614 6.38126 6.37649 6.37183 6.3673 6.36291 6.3587 6.35465 6.35079 6.34713 6.34366 6.34041 6.33738 6.33457 6.33199 6.32964 6.32752 6.32563 6.32398 6.32257 6.32139 6.32045 6.31975 6.31929 6.31907 
6.31374 6.314 6.31452 6.3153 6.31633 6.31761 6.31915 6.32095 6.32299 6.32529 6.32784 6.33063 6.33367 6.33695 6.34046 6.3442 6.34816 6.35234 6.35671 6.36128 6.36603 6.37094 6.376 6.38119 6.38649 6.39189 6.39736 6.40288 6.40842 6.41397 6.41949 6.42497 6.43037 6.43567 6.44084 6.44585 6.45068 6.45531 6.4597 6.46384 6.4677 6.47126 6.4745 6.47739 6.47994 6.48211 6.4839 6.4853 6.48629 6.48688 6.48706 6.48683 6.48619 6.48515 6.48371 6.48188 6.47967 6.4771 6.47418 6.47093 6.46737 6.46351 6.45939 6.45502 6.45044 6.44565 6.4407 6.4356 6.43039 6.42509 6.41973 6.41433 6.40892 6.40352 6.39816 6.39286 6.38764 6.38253 6.37753 6.37268 6.36799 6.36347 6.35913 6.35499 6.35105 6.34734 6.34385 6.34059 6.33757 6.33479 6.33226 6.32997 6.32794 6.32616 6.32463 6.32336 6.32235 6.32159 6.32108 6.32084 
6.3156 6.31588 6.31643 6.31725 6.31835 6.31972 6.32136 6.32328 6.32547 6.32793 6.33065 6.33364 6.3369 6.3404 6.34416 6.34816 6.3524 6.35687 6.36155 6.36643 6.3715 6.37675 6.38215 6.3877 6.39336 6.39912 6.40496 6.41085 6.41676 6.42268 6.42857 6.4344 6.44016 6.4458 6.4513 6.45664 6.46179 6.46671 6.47138 6.47578 6.47989 6.48367 6.48711 6.49019 6.49289 6.49519 6.49709 6.49857 6.49963 6.50025 6.50044 6.50019 6.4995 6.49839 6.49685 6.4949 6.49255 6.48981 6.4867 6.48324 6.47944 6.47534 6.47095 6.46629 6.4614 6.45631 6.45103 6.44559 6.44003 6.43438 6.42865 6.42289 6.41711 6.41135 6.40562 6.39996 6.39438 6.38891 6.38357 6.37838 6.37336 6.36851 6.36387 6.35943 6.35521 6.35123 6.34748 6.34398 6.34074 6.33775 6.33503 6.33257 6.33039 6.32847 6.32683 6.32545 6.32436 6.32353 6.32298 6.32271 
6.31756 6.31785 6.31843 6.31931 6.32048 6.32194 6.3237 6.32574 6.32808 6.33071 6.33362 6.33682 6.3403 6.34404 6.34806 6.35234 6.35687 6.36163 6.36663 6.37185 6.37726 6.38286 6.38863 6.39455 6.40059 6.40673 6.41295 6.41923 6.42553 6.43183 6.4381 6.44431 6.45043 6.45644 6.46229 6.46797 6.47344 6.47867 6.48364 6.48831 6.49267 6.49668 6.50034 6.5036 6.50647 6.50891 6.51093 6.51249 6.51361 6.51427 6.51446 6.51419 6.51346 6.51227 6.51064 6.50856 6.50606 6.50314 6.49984 6.49615 6.49211 6.48775 6.48307 6.47812 6.47291 6.46749 6.46186 6.45608 6.45016 6.44413 6.43803 6.43188 6.42572 6.41957 6.41346 6.40742 6.40147 6.39563 6.38992 6.38437 6.379 6.37382 6.36885 6.3641 6.35959 6.35532 6.35131 6.34756 6.34408 6.34088 6.33795 6.33532 6.33297 6.3309 6.32913 6.32766 6.32647 6.32558 6.32498 6.32468 
6.31962 6.31992 6.32054 6.32147 6.32271 6.32427 6.32614 6.32833 6.33082 6.33363 6.33674 6.34015 6.34386 6.34786 6.35215 6.35671 6.36155 6.36663 6.37196 6.37753 6.3833 6.38927 6.39542 6.40172 6.40815 6.41469 6.42131 6.42799 6.43469 6.4414 6.44806 6.45467 6.46117 6.46755 6.47377 6.4798 6.4856 6.49116 6.49643 6.50139 6.50601 6.51027 6.51414 6.5176 6.52063 6.52322 6.52536 6.52702 6.52819 6.52889 6.52909 6.5288 6.52802 6.52676 6.52502 6.52281 6.52015 6.51705 6.51354 6.50963 6.50534 6.50069 6.49573 6.49047 6.48493 6.47916 6.47318 6.46703 6.46073 6.45432 6.44783 6.44129 6.43473 6.42818 6.42167 6.41523 6.40888 6.40265 6.39657 6.39065 6.38491 6.37938 6.37407 6.369 6.36417 6.35961 6.35532 6.35131 6.34758 6.34415 6.34102 6.33819 6.33567 6.33346 6.33156 6.32997 6.32869 6.32773 6.32708 6.32675 
6.32178 6.32209 6.32274 6.32373 6.32505 6.32671 6.3287 6.33103 6.33369 6.33668 6.33999 6.34363 6.34758 6.35185 6.35642 6.36128 6.36643 6.37185 6.37753 6.38345 6.38959 6.39595 6.40248 6.40919 6.41603 6.42298 6.43002 6.43711 6.44423 6.45135 6.45843 6.46544 6.47234 6.47911 6.4857 6.49209 6.49825 6.50413 6.50972 6.51497 6.51986 6.52437 6.52847 6.53213 6.53534 6.53808 6.54034 6.54209 6.54333 6.54406 6.54427 6.54396 6.54313 6.54179 6.53994 6.5376 6.53478 6.5315 6.52777 6.52362 6.51907 6.51415 6.50888 6.50329 6.49742 6.4913 6.48495 6.47842 6.47173 6.46492 6.45802 6.45107 6.44409 6.43713 6.43021 6.42335 6.4166 6.40997 6.40349 6.39718 6.39107 6.38518 6.37952 6.3741 6.36896 6.36408 6.3595 6.35521 6.35123 6.34757 6.34422 6.34119 6.33849 6.33612 6.33408 6.33238 6.33101 6.32998 6.32928 6.32892 
6.32402 6.32435 6.32503 6.32608 6.32748 6.32924 6.33136 6.33384 6.33667 6.33985 6.34338 6.34725 6.35146 6.35599 6.36085 6.36603 6.3715 6.37726 6.3833 6.38959 6.39612 6.40287 6.40982 6.41693 6.42419 6.43157 6.43904 6.44657 6.45412 6.46166 6.46916 6.47659 6.4839 6.49107 6.49805 6.50481 6.51133 6.51755 6.52346 6.52901 6.53418 6.53895 6.54328 6.54715 6.55054 6.55344 6.55581 6.55766 6.55897 6.55974 6.55996 6.55963 6.55875 6.55732 6.55537 6.55289 6.5499 6.54642 6.54248 6.53808 6.53327 6.52805 6.52247 6.51656 6.51034 6.50385 6.49713 6.4902 6.48311 6.47589 6.46857 6.4612 6.4538 6.4464 6.43905 6.43178 6.4246 6.41756 6.41067 6.40396 6.39746 6.39119 6.38517 6.3794 6.37392 6.36873 6.36385 6.35928 6.35503 6.35112 6.34754 6.34431 6.34143 6.33889 6.33671 6.33489 6.33342 6.33231 6.33156 6.33117 
6.32634 6.32668 6.32741 6.32851 6.33 6.33187 6.33412 6.33675 6.33976 6.34314 6.34688 6.35099 6.35546 6.36028 6.36545 6.37094 6.37675 6.38286 6.38927 6.39595 6.40287 6.41003 6.41739 6.42493 6.43263 6.44044 6.44835 6.45632 6.46431 6.47229 6.48023 6.48808 6.49581 6.50339 6.51077 6.51791 6.52479 6.53137 6.5376 6.54346 6.54893 6.55395 6.55852 6.5626 6.56618 6.56923 6.57174 6.57368 6.57506 6.57587 6.57609 6.57574 6.57481 6.5733 6.57123 6.56861 6.56546 6.56178 6.55761 6.55297 6.54788 6.54237 6.53647 6.53022 6.52364 6.51678 6.50967 6.50234 6.49484 6.4872 6.47945 6.47164 6.4638 6.45597 6.44818 6.44047 6.43286 6.42539 6.41808 6.41096 6.40407 6.3974 6.391 6.38488 6.37905 6.37353 6.36834 6.36348 6.35896 6.35479 6.35098 6.34754 6.34447 6.34177 6.33944 6.33749 6.33592 6.33473 6.33393 6.3335 
6.32874 6.3291 6.32986 6.33103 6.33261 6.33459 6.33697 6.33976 6.34295 6.34653 6.3505 6.35486 6.3596 6.36471 6.37018 6.376 6.38215 6.38863 6.39542 6.40248 6.40982 6.41739 6.42518 6.43316 6.44129 6.44956 6.45792 6.46634 6.47478 6.48321 6.49159 6.49988 6.50804 6.51603 6.52381 6.53135 6.5386 6.54553 6.5521 6.55828 6.56403 6.56933 6.57414 6.57843 6.5822 6.58541 6.58804 6.59009 6.59154 6.59239 6.59262 6.59224 6.59125 6.58967 6.58748 6.58472 6.58139 6.57752 6.57312 6.56822 6.56285 6.55704 6.55082 6.54422 6.53728 6.53004 6.52253 6.5148 6.50687 6.4988 6.49062 6.48236 6.47408 6.4658 6.45756 6.4494 6.44135 6.43344 6.4257 6.41816 6.41085 6.4038 6.39701 6.39052 6.38434 6.37848 6.37297 6.3678 6.363 6.35858 6.35453 6.35087 6.3476 6.34473 6.34225 6.34018 6.3385 6.33723 6.33637 6.33591 
6.33121 6.33158 6.33238 6.33362 6.33528 6.33738 6.3399 6.34285 6.34622 6.35001 6.35421 6.35883 6.36384 6.36925 6.37503 6.38119 6.3877 6.39455 6.40172 6.40919 6.41693 6.42493 6.43316 6.44158 6.45017 6.45889 6.4677 6.47658 6.48548 6.49437 6.5032 6.51193 6.52053 6.52894 6.53714 6.54507 6.5527 6.55999 6.5669 6.5734 6.57944 6.58501 6.59007 6.59458 6.59854 6.60191 6.60467 6.60682 6.60835 6.60923 6.60947 6.60907 6.60803 6.60636 6.60406 6.60115 6.59764 6.59357 6.58894 6.58378 6.57813 6.57201 6.56546 6.55852 6.55121 6.54358 6.53567 6.52752 6.51917 6.51066 6.50203 6.49333 6.48459 6.47585 6.46715 6.45854 6.45003 6.44168 6.4335 6.42554 6.41781 6.41034 6.40317 6.3963 6.38975 6.38355 6.37771 6.37224 6.36716 6.36246 6.35817 6.35429 6.35082 6.34777 6.34514 6.34293 6.34115 6.3398 6.33888 6.33839 
6.33373 6.33412 6.33497 6.33627 6.33803 6.34024 6.3429 6.34601 6.34957 6.35358 6.35802 6.36289 6.36818 6.37389 6.37999 6.38649 6.39336 6.40059 6.40815 6.41603 6.42419 6.43263 6.44129 6.45017 6.45921 6.46839 6.47768 6.48702 6.49639 6.50573 6.51502 6.5242 6.53323 6.54208 6.55069 6.55902 6.56703 6.57469 6.58194 6.58876 6.59511 6.60095 6.60625 6.61099 6.61513 6.61867 6.62157 6.62382 6.62541 6.62633 6.62658 6.62616 6.62507 6.62331 6.62089 6.61783 6.61416 6.60987 6.60501 6.5996 6.59366 6.58723 6.58035 6.57305 6.56537 6.55735 6.54904 6.54046 6.53168 6.52273 6.51365 6.50449 6.49528 6.48608 6.47692 6.46785 6.45888 6.45008 6.44146 6.43306 6.4249 6.41703 6.40945 6.40219 6.39528 6.38873 6.38256 6.37678 6.3714 6.36644 6.3619 6.35779 6.35411 6.35088 6.34809 6.34576 6.34387 6.34244 6.34146 6.34093 
6.33631 6.33672 6.33761 6.33897 6.34082 6.34315 6.34596 6.34924 6.35299 6.35721 6.36189 6.36702 6.3726 6.37861 6.38505 6.39189 6.39912 6.40673 6.41469 6.42298 6.43157 6.44044 6.44956 6.45889 6.46839 6.47804 6.48779 6.49761 6.50744 6.51726 6.527 6.53663 6.54611 6.55539 6.56441 6.57315 6.58155 6.58957 6.59717 6.60431 6.61096 6.61707 6.62262 6.62758 6.63192 6.63562 6.63865 6.64101 6.64267 6.64363 6.64389 6.64345 6.6423 6.64045 6.63792 6.63471 6.63086 6.62637 6.62127 6.6156 6.60937 6.60264 6.59542 6.58777 6.57971 6.5713 6.56257 6.55358 6.54436 6.53496 6.52542 6.5158 6.50613 6.49647 6.48684 6.47729 6.46787 6.45861 6.44954 6.44069 6.43211 6.42381 6.41583 6.40819 6.40091 6.394 6.38749 6.38139 6.37572 6.37048 6.36569 6.36135 6.35747 6.35405 6.35111 6.34863 6.34664 6.34512 6.34408 6.34352 
6.33893 6.33936 6.34029 6.34172 6.34367 6.34611 6.34906 6.35252 6.35646 6.3609 6.36582 6.37122 6.37708 6.3834 6.39017 6.39736 6.40496 6.41295 6.42131 6.43002 6.43904 6.44835 6.45792 6.4677 6.47768 6.48779 6.49802 6.5083 6.51861 6.52889 6.5391 6.54918 6.5591 6.56881 6.57826 6.5874 6.59618 6.60457 6.61252 6.61998 6.62693 6.63332 6.63912 6.6443 6.64883 6.65269 6.65586 6.65831 6.66005 6.66105 6.66132 6.66085 6.65965 6.65772 6.65507 6.65172 6.64768 6.64299 6.63766 6.63172 6.62521 6.61816 6.61061 6.6026 6.59417 6.58537 6.57623 6.56681 6.55715 6.5473 6.53731 6.52723 6.51709 6.50695 6.49685 6.48684 6.47695 6.46723 6.4577 6.44842 6.4394 6.43068 6.4223 6.41426 6.4066 6.39934 6.39249 6.38607 6.3801 6.37458 6.36953 6.36496 6.36087 6.35727 6.35417 6.35156 6.34945 6.34785 6.34675 6.34615 
6.34158 6.34202 6.343 6.3445 6.34654 6.34911 6.35221 6.35583 6.35997 6.36463 6.36979 6.37545 6.38161 6.38824 6.39533 6.40288 6.41085 6.41923 6.42799 6.43711 6.44657 6.45632 6.46634 6.47658 6.48702 6.49761 6.5083 6.51906 6.52984 6.54059 6.55125 6.5618 6.57216 6.5823 6.59216 6.6017 6.61087 6.61963 6.62792 6.63571 6.64295 6.64962 6.65567 6.66107 6.66579 6.66981 6.67311 6.67567 6.67748 6.67853 6.6788 6.67831 6.67705 6.67503 6.67227 6.66877 6.66456 6.65966 6.6541 6.6479 6.6411 6.63375 6.62586 6.6175 6.60869 6.59949 6.58994 6.5801 6.57001 6.55971 6.54926 6.53871 6.52811 6.5175 6.50693 6.49645 6.48609 6.47591 6.46593 6.4562 6.44675 6.43761 6.42881 6.42038 6.41234 6.40472 6.39753 6.39079 6.38452 6.37872 6.37342 6.36861 6.36431 6.36053 6.35726 6.35451 6.35229 6.3506 6.34944 6.34882 
6.34426 6.34471 6.34573 6.3473 6.34944 6.35213 6.35537 6.35916 6.3635 6.36838 6.37379 6.37972 6.38616 6.3931 6.40053 6.40842 6.41676 6.42553 6.43469 6.44423 6.45412 6.46431 6.47478 6.48548 6.49639 6.50744 6.51861 6.52984 6.54109 6.5523 6.56342 6.57442 6.58522 6.59579 6.60607 6.61601 6.62556 6.63468 6.64332 6.65143 6.65897 6.6659 6.6722 6.67782 6.68273 6.68692 6.69035 6.69301 6.69489 6.69597 6.69626 6.69574 6.69443 6.69233 6.68945 6.6858 6.68142 6.67631 6.67052 6.66407 6.65699 6.64932 6.6411 6.63238 6.62321 6.61362 6.60366 6.5934 6.58287 6.57213 6.56122 6.55021 6.53914 6.52807 6.51703 6.50608 6.49525 6.48461 6.47418 6.464 6.45412 6.44455 6.43535 6.42652 6.41811 6.41012 6.40259 6.39553 6.38896 6.38288 6.37732 6.37228 6.36777 6.3638 6.36037 6.35749 6.35516 6.35338 6.35216 6.3515 
6.34694 6.34741 6.34847 6.35012 6.35234 6.35515 6.35854 6.36251 6.36704 6.37214 6.37779 6.38399 6.39072 6.39797 6.40573 6.41397 6.42268 6.43183 6.4414 6.45135 6.46166 6.47229 6.48321 6.49437 6.50573 6.51726 6.52889 6.54059 6.5523 6.56397 6.57555 6.58699 6.59823 6.60923 6.61992 6.63025 6.64019 6.64966 6.65864 6.66706 6.6749 6.6821 6.68864 6.69448 6.69958 6.70392 6.70749 6.71025 6.7122 6.71332 6.71361 6.71308 6.71171 6.70952 6.70653 6.70274 6.69818 6.69288 6.68686 6.68015 6.67279 6.66482 6.65627 6.64721 6.63766 6.62768 6.61732 6.60664 6.59568 6.5845 6.57314 6.56168 6.55015 6.5386 6.5271 6.51568 6.5044 6.49329 6.48241 6.47179 6.46147 6.45149 6.44188 6.43266 6.42387 6.41553 6.40766 6.40028 6.3934 6.38705 6.38123 6.37596 6.37124 6.36708 6.36349 6.36047 6.35803 6.35617 6.35489 6.35419 
6.34961 6.35011 6.35121 6.35292 6.35525 6.35818 6.36171 6.36584 6.37057 6.37589 6.38178 6.38824 6.39526 6.40282 6.4109 6.41949 6.42857 6.4381 6.44806 6.45843 6.46916 6.48023 6.49159 6.5032 6.51502 6.527 6.5391 6.55125 6.56342 6.57555 6.58758 6.59946 6.61114 6.62255 6.63364 6.64437 6.65468 6.66451 6.67381 6.68255 6.69068 6.69815 6.70492 6.71097 6.71626 6.72076 6.72445 6.72731 6.72933 6.73049 6.73079 6.73023 6.72881 6.72655 6.72344 6.71951 6.71479 6.70928 6.70304 6.69607 6.68844 6.68017 6.6713 6.66189 6.65198 6.64162 6.63087 6.61977 6.60839 6.59677 6.58497 6.57305 6.56106 6.54906 6.53709 6.52522 6.51348 6.50192 6.49059 6.47954 6.46879 6.45839 6.44838 6.43877 6.42961 6.42091 6.4127 6.405 6.39783 6.3912 6.38513 6.37963 6.3747 6.37035 6.3666 6.36345 6.3609 6.35895 6.35761 6.35688 
6.35228 6.35279 6.35393 6.35571 6.35813 6.36118 6.36486 6.36916 6.37408 6.37961 6.38574 6.39247 6.39977 6.40763 6.41604 6.42497 6.4344 6.44431 6.45467 6.46544 6.47659 6.48808 6.49988 6.51193 6.5242 6.53663 6.54918 6.5618 6.57442 6.58699 6.59946 6.61178 6.62387 6.6357 6.64719 6.6583 6.66897 6.67915 6.68878 6.69782 6.70623 6.71396 6.72097 6.72723 6.7327 6.73735 6.74117 6.74412 6.74621 6.74741 6.74772 6.74714 6.74567 6.74332 6.7401 6.73604 6.73115 6.72545 6.71898 6.71178 6.70387 6.6953 6.68612 6.67638 6.66611 6.65538 6.64423 6.63273 6.62093 6.60888 6.59665 6.58429 6.57185 6.55939 6.54698 6.53465 6.52246 6.51045 6.49869 6.4872 6.47603 6.46522 6.45481 6.44482 6.43529 6.42624 6.4177 6.40969 6.40222 6.39532 6.389 6.38326 6.37813 6.3736 6.36969 6.36641 6.36374 6.36171 6.36031 6.35955 
6.35491 6.35544 6.35662 6.35847 6.36098 6.36415 6.36797 6.37244 6.37754 6.38329 6.38966 6.39664 6.40421 6.41238 6.4211 6.43037 6.44016 6.45043 6.46117 6.47234 6.4839 6.49581 6.50804 6.52053 6.53323 6.54611 6.5591 6.57216 6.58522 6.59823 6.61114 6.62387 6.63638 6.64861 6.66049 6.67197 6.683 6.69351 6.70347 6.71281 6.72149 6.72947 6.73671 6.74317 6.74882 6.75362 6.75756 6.76061 6.76276 6.764 6.76432 6.76371 6.7622 6.75977 6.75645 6.75225 6.74719 6.74131 6.73463 6.72718 6.71901 6.71016 6.70067 6.69059 6.67998 6.66888 6.65736 6.64546 6.63325 6.62079 6.60813 6.59533 6.58245 6.56956 6.55669 6.54392 6.53129 6.51885 6.50665 6.49474 6.48316 6.47195 6.46115 6.45078 6.44089 6.4315 6.42263 6.41431 6.40656 6.39939 6.39282 6.38686 6.38152 6.37682 6.37275 6.36933 6.36656 6.36445 6.36299 6.36219 
6.3575 6.35804 6.35927 6.36119 6.36379 6.36707 6.37103 6.37566 6.38095 6.3869 6.3935 6.40073 6.40858 6.41703 6.42607 6.43567 6.4458 6.45644 6.46755 6.47911 6.49107 6.50339 6.51603 6.52894 6.54208 6.55539 6.56881 6.5823 6.59579 6.60923 6.62255 6.6357 6.64861 6.66122 6.67348 6.68532 6.6967 6.70754 6.71781 6.72744 6.73639 6.74461 6.75207 6.75873 6.76454 6.76949 6.77355 6.77669 6.77891 6.78018 6.78051 6.77989 6.77832 6.77582 6.77239 6.76806 6.76285 6.75678 6.74989 6.74222 6.73379 6.72466 6.71487 6.70448 6.69353 6.68208 6.67018 6.6579 6.64529 6.63242 6.61935 6.60613 6.59282 6.5795 6.5662 6.553 6.53994 6.52707 6.51446 6.50213 6.49015 6.47855 6.46736 6.45663 6.44639 6.43666 6.42747 6.41885 6.41081 6.40338 6.39657 6.39039 6.38485 6.37997 6.37575 6.37221 6.36933 6.36714 6.36562 6.36479 
6.36004 6.3606 6.36187 6.36385 6.36653 6.36993 6.37402 6.37881 6.38428 6.39043 6.39726 6.40473 6.41285 6.42158 6.43092 6.44084 6.4513 6.46229 6.47377 6.4857 6.49805 6.51077 6.52381 6.53714 6.55069 6.56441 6.57826 6.59216 6.60607 6.61992 6.63364 6.64719 6.66049 6.67348 6.6861 6.6983 6.71 6.72117 6.73173 6.74164 6.75085 6.75931 6.76698 6.77383 6.77981 6.7849 6.78907 6.7923 6.79458 6.79588 6.79622 6.79558 6.79397 6.79139 6.78787 6.78341 6.77805 6.77181 6.76471 6.75681 6.74814 6.73874 6.72867 6.71796 6.70669 6.69489 6.68264 6.66999 6.657 6.64374 6.63026 6.61663 6.60291 6.58917 6.57545 6.56183 6.54835 6.53508 6.52205 6.50933 6.49696 6.48497 6.47342 6.46233 6.45174 6.44169 6.43219 6.42327 6.41496 6.40728 6.40023 6.39383 6.38811 6.38306 6.37869 6.37502 6.37204 6.36977 6.3682 6.36734 
6.3625 6.36308 6.36439 6.36643 6.3692 6.37271 6.37693 6.38187 6.38752 6.39387 6.4009 6.40862 6.41699 6.426 6.43563 6.44585 6.45664 6.46797 6.4798 6.49209 6.50481 6.51791 6.53135 6.54507 6.55902 6.57315 6.5874 6.6017 6.61601 6.63025 6.64437 6.6583 6.67197 6.68532 6.6983 6.71083 6.72286 6.73432 6.74517 6.75535 6.76481 6.7735 6.78137 6.7884 6.79454 6.79976 6.80404 6.80736 6.80969 6.81104 6.81138 6.81072 6.80906 6.80642 6.8028 6.79822 6.79272 6.7863 6.77902 6.7709 6.76199 6.75234 6.74199 6.73099 6.7194 6.70727 6.69468 6.68167 6.66831 6.65467 6.64081 6.62678 6.61267 6.59852 6.58441 6.57038 6.5565 6.54283 6.52941 6.5163 6.50355 6.4912 6.47929 6.46785 6.45694 6.44656 6.43677 6.42757 6.41899 6.41106 6.40378 6.39718 6.39127 6.38605 6.38155 6.37775 6.37468 6.37233 6.3707 6.36981 
6.36489 6.36548 6.36683 6.36893 6.37179 6.37539 6.37974 6.38483 6.39064 6.39718 6.40443 6.41236 6.42098 6.43026 6.44016 6.45068 6.46179 6.47344 6.4856 6.49825 6.51133 6.52479 6.5386 6.5527 6.56703 6.58155 6.59618 6.61087 6.62556 6.64019 6.65468 6.66897 6.683 6.6967 6.71 6.72286 6.73519 6.74695 6.75807 6.7685 6.7782 6.7871 6.79517 6.80237 6.80867 6.81402 6.8184 6.8218 6.82419 6.82556 6.82591 6.82524 6.82354 6.82083 6.81712 6.81243 6.80678 6.80021 6.79274 6.78442 6.77529 6.76539 6.75477 6.74349 6.7316 6.71916 6.70624 6.69289 6.67918 6.66517 6.65094 6.63654 6.62204 6.60751 6.59301 6.5786 6.56434 6.55028 6.53649 6.52301 6.5099 6.49719 6.48494 6.47317 6.46194 6.45126 6.44118 6.43171 6.42288 6.41471 6.40721 6.40042 6.39432 6.38895 6.3843 6.38039 6.37722 6.3748 6.37313 6.37221 
6.36718 6.36778 6.36917 6.37133 6.37426 6.37797 6.38244 6.38766 6.39364 6.40036 6.4078 6.41596 6.42481 6.43433 6.44451 6.45531 6.46671 6.47867 6.49116 6.50413 6.51755 6.53137 6.54553 6.55999 6.57469 6.58957 6.60457 6.61963 6.63468 6.64966 6.66451 6.67915 6.69351 6.70754 6.72117 6.73432 6.74695 6.75898 6.77036 6.78104 6.79095 6.80006 6.80832 6.81569 6.82212 6.8276 6.83208 6.83555 6.838 6.8394 6.83976 6.83906 6.83733 6.83455 6.83076 6.82596 6.82018 6.81346 6.80582 6.7973 6.78795 6.77782 6.76695 6.7554 6.74323 6.73049 6.71726 6.70359 6.68954 6.67519 6.66061 6.64585 6.63099 6.6161 6.60123 6.58645 6.57182 6.5574 6.54325 6.52942 6.51596 6.50292 6.49034 6.47826 6.46673 6.45576 6.4454 6.43567 6.4266 6.4182 6.4105 6.40351 6.39725 6.39173 6.38695 6.38293 6.37967 6.37717 6.37545 6.3745 
6.36936 6.36998 6.3714 6.37361 6.37662 6.38042 6.385 6.39036 6.39649 6.40338 6.41101 6.41937 6.42844 6.43821 6.44864 6.4597 6.47138 6.48364 6.49643 6.50972 6.52346 6.5376 6.5521 6.5669 6.58194 6.59717 6.61252 6.62792 6.64332 6.65864 6.67381 6.68878 6.70347 6.71781 6.73173 6.74517 6.75807 6.77036 6.78199 6.79289 6.80302 6.81232 6.82075 6.82827 6.83484 6.84043 6.84501 6.84855 6.85105 6.85248 6.85284 6.85213 6.85036 6.84753 6.84365 6.83875 6.83285 6.82598 6.81818 6.80948 6.79993 6.78958 6.77847 6.76667 6.75423 6.74122 6.72769 6.71371 6.69935 6.68468 6.66976 6.65467 6.63947 6.62423 6.60901 6.59389 6.57891 6.56415 6.54967 6.5355 6.52172 6.50836 6.49547 6.48309 6.47127 6.46003 6.44941 6.43944 6.43014 6.42153 6.41363 6.40646 6.40004 6.39437 6.38947 6.38534 6.38199 6.37943 6.37767 6.37669 
6.37142 6.37205 6.3735 6.37577 6.37885 6.38274 6.38743 6.39291 6.39918 6.40623 6.41404 6.42259 6.43187 6.44186 6.45252 6.46384 6.47578 6.48831 6.50139 6.51497 6.52901 6.54346 6.55828 6.5734 6.58876 6.60431 6.61998 6.63571 6.65143 6.66706 6.68255 6.69782 6.71281 6.72744 6.74164 6.75535 6.7685 6.78104 6.79289 6.80401 6.81433 6.82382 6.83241 6.84007 6.84677 6.85246 6.85713 6.86074 6.86328 6.86474 6.86511 6.86439 6.86258 6.85969 6.85574 6.85074 6.84473 6.83772 6.82977 6.8209 6.81116 6.8006 6.78928 6.77724 6.76456 6.75128 6.73748 6.72321 6.70856 6.69359 6.67836 6.66295 6.64743 6.63187 6.61633 6.60088 6.58558 6.5705 6.5557 6.54122 6.52713 6.51347 6.5003 6.48764 6.47555 6.46405 6.45319 6.44299 6.43347 6.42466 6.41658 6.40924 6.40266 6.39686 6.39184 6.38761 6.38419 6.38157 6.37976 6.37876 
6.37335 6.37399 6.37547 6.37779 6.38093 6.3849 6.38969 6.39529 6.4017 6.40889 6.41686 6.42559 6.43507 6.44526 6.45615 6.4677 6.47989 6.49267 6.50601 6.51986 6.53418 6.54893 6.56403 6.57944 6.59511 6.61096 6.62693 6.64295 6.65897 6.6749 6.69068 6.70623 6.72149 6.73639 6.75085 6.76481 6.7782 6.79095 6.80302 6.81433 6.82484 6.83449 6.84323 6.85103 6.85784 6.86363 6.86838 6.87205 6.87464 6.87612 6.8765 6.87576 6.87392 6.87098 6.86696 6.86187 6.85575 6.84863 6.84053 6.83151 6.82159 6.81085 6.79932 6.78707 6.77415 6.76063 6.74657 6.73205 6.71712 6.70187 6.68635 6.67065 6.65484 6.63897 6.62313 6.60738 6.59179 6.57641 6.56131 6.54654 6.53217 6.51824 6.50479 6.49188 6.47954 6.4678 6.45671 6.4463 6.43658 6.42758 6.41933 6.41183 6.40512 6.39919 6.39406 6.38974 6.38624 6.38356 6.38171 6.38069 
6.37513 6.37579 6.3773 6.37966 6.38286 6.3869 6.39178 6.39749 6.40402 6.41135 6.41947 6.42837 6.43802 6.4484 6.45949 6.47126 6.48367 6.49668 6.51027 6.52437 6.53895 6.55395 6.56933 6.58501 6.60095 6.61707 6.63332 6.64962 6.6659 6.6821 6.69815 6.71396 6.72947 6.74461 6.75931 6.7735 6.7871 6.80006 6.81232 6.82382 6.83449 6.84429 6.85317 6.86109 6.86801 6.87389 6.87871 6.88244 6.88506 6.88657 6.88695 6.8862 6.88433 6.88135 6.87726 6.8721 6.86588 6.85864 6.85042 6.84125 6.83118 6.82026 6.80854 6.79609 6.78296 6.76922 6.75493 6.74016 6.72499 6.70948 6.6937 6.67773 6.66165 6.64551 6.62939 6.61337 6.5975 6.58185 6.56648 6.55145 6.53681 6.52263 6.50893 6.49578 6.48321 6.47126 6.45996 6.44935 6.43945 6.43028 6.42187 6.41423 6.40738 6.40134 6.39611 6.39171 6.38814 6.38541 6.38352 6.38248 
6.37676 6.37743 6.37896 6.38136 6.38462 6.38873 6.39369 6.3995 6.40613 6.41359 6.42185 6.4309 6.44071 6.45126 6.46254 6.4745 6.48711 6.50034 6.51414 6.52847 6.54328 6.55852 6.57414 6.59007 6.60625 6.62262 6.63912 6.65567 6.6722 6.68864 6.70492 6.72097 6.73671 6.75207 6.76698 6.78137 6.79517 6.80832 6.82075 6.83241 6.84323 6.85317 6.86218 6.87021 6.87722 6.88318 6.88807 6.89185 6.89451 6.89604 6.89642 6.89566 6.89377 6.89074 6.8866 6.88136 6.87506 6.86771 6.85937 6.85007 6.83986 6.82879 6.8169 6.80427 6.79095 6.77701 6.76251 6.74752 6.73212 6.71638 6.70037 6.68416 6.66782 6.65144 6.63507 6.6188 6.60268 6.58678 6.57117 6.5559 6.54103 6.52661 6.5127 6.49933 6.48656 6.47441 6.46292 6.45213 6.44206 6.43274 6.42418 6.41641 6.40945 6.4033 6.39798 6.39351 6.38987 6.38709 6.38517 6.38412 
6.37822 6.3789 6.38046 6.38289 6.3862 6.39037 6.39541 6.4013 6.40803 6.4156 6.42398 6.43316 6.44312 6.45383 6.46526 6.47739 6.49019 6.5036 6.5176 6.53213 6.54715 6.5626 6.57843 6.59458 6.61099 6.62758 6.6443 6.66107 6.67782 6.69448 6.71097 6.72723 6.74317 6.75873 6.77383 6.7884 6.80237 6.81569 6.82827 6.84007 6.85103 6.86109 6.87021 6.87833 6.88543 6.89147 6.89641 6.90024 6.90293 6.90447 6.90486 6.9041 6.90217 6.89911 6.89492 6.88962 6.88323 6.8758 6.86736 6.85794 6.8476 6.83639 6.82436 6.81157 6.79808 6.78395 6.76927 6.75409 6.73849 6.72254 6.70632 6.68989 6.67334 6.65674 6.64015 6.62365 6.60731 6.59119 6.57536 6.55988 6.5448 6.53018 6.51607 6.50251 6.48955 6.47722 6.46557 6.45462 6.4444 6.43494 6.42626 6.41837 6.4113 6.40506 6.39966 6.39512 6.39143 6.38861 6.38666 6.38558 
6.37951 6.3802 6.38177 6.38424 6.38759 6.39182 6.39692 6.40288 6.40971 6.41737 6.42586 6.43515 6.44523 6.45608 6.46766 6.47994 6.49289 6.50647 6.52063 6.53534 6.55054 6.56618 6.5822 6.59854 6.61513 6.63192 6.64883 6.66579 6.68273 6.69958 6.71626 6.7327 6.74882 6.76454 6.77981 6.79454 6.80867 6.82212 6.83484 6.84677 6.85784 6.86801 6.87722 6.88543 6.8926 6.8987 6.9037 6.90756 6.91028 6.91184 6.91224 6.91146 6.90952 6.90642 6.90219 6.89683 6.89038 6.88287 6.87433 6.86482 6.85437 6.84303 6.83087 6.81794 6.8043 6.79003 6.77518 6.75983 6.74406 6.72793 6.71152 6.69491 6.67816 6.66137 6.64459 6.6279 6.61136 6.59506 6.57904 6.56337 6.54811 6.53331 6.51902 6.50529 6.49217 6.47969 6.46789 6.4568 6.44645 6.43687 6.42808 6.42009 6.41293 6.40661 6.40114 6.39654 6.3928 6.38994 6.38797 6.38688 
6.38062 6.38131 6.38291 6.3854 6.38878 6.39306 6.39821 6.40424 6.41114 6.41888 6.42746 6.43685 6.44704 6.458 6.4697 6.48211 6.49519 6.50891 6.52322 6.53808 6.55344 6.56923 6.58541 6.60191 6.61867 6.63562 6.65269 6.66981 6.68692 6.70392 6.72076 6.73735 6.75362 6.76949 6.7849 6.79976 6.81402 6.8276 6.84043 6.85246 6.86363 6.87389 6.88318 6.89147 6.8987 6.90485 6.90989 6.91379 6.91654 6.91811 6.91851 6.91772 6.91576 6.91264 6.90836 6.90296 6.89645 6.88888 6.88027 6.87066 6.86012 6.84868 6.83641 6.82336 6.8096 6.79519 6.7802 6.76471 6.74879 6.73251 6.71595 6.69917 6.68227 6.66531 6.64837 6.63151 6.61482 6.59835 6.58217 6.56634 6.55092 6.53597 6.52154 6.50767 6.49441 6.4818 6.46988 6.45867 6.44821 6.43853 6.42964 6.42157 6.41433 6.40794 6.40241 6.39776 6.39398 6.39109 6.38909 6.38799 
6.38154 6.38224 6.38384 6.38636 6.38977 6.39408 6.39929 6.40537 6.41232 6.42013 6.42879 6.43826 6.44854 6.45959 6.47139 6.4839 6.49709 6.51093 6.52536 6.54034 6.55581 6.57174 6.58804 6.60467 6.62157 6.63865 6.65586 6.67311 6.69035 6.70749 6.72445 6.74117 6.75756 6.77355 6.78907 6.80404 6.8184 6.83208 6.84501 6.85713 6.86838 6.87871 6.88807 6.89641 6.9037 6.90989 6.91497 6.91889 6.92166 6.92324 6.92364 6.92285 6.92088 6.91773 6.91342 6.90798 6.90143 6.8938 6.88512 6.87545 6.86483 6.85331 6.84095 6.8278 6.81394 6.79942 6.78432 6.76872 6.75267 6.73627 6.71958 6.70267 6.68564 6.66855 6.65147 6.63448 6.61765 6.60105 6.58474 6.56878 6.55324 6.53816 6.52361 6.50963 6.49626 6.48354 6.47151 6.46021 6.44966 6.43989 6.43093 6.42279 6.41549 6.40904 6.40346 6.39876 6.39495 6.39204 6.39002 6.38891 
6.38226 6.38297 6.38458 6.38711 6.39055 6.39489 6.40013 6.40625 6.41325 6.42111 6.42982 6.43936 6.4497 6.46083 6.4727 6.4853 6.49857 6.51249 6.52702 6.54209 6.55766 6.57368 6.59009 6.60682 6.62382 6.64101 6.65831 6.67567 6.69301 6.71025 6.72731 6.74412 6.76061 6.77669 6.7923 6.80736 6.8218 6.83555 6.84855 6.86074 6.87205 6.88244 6.89185 6.90024 6.90756 6.91379 6.91889 6.92284 6.92562 6.92721 6.92761 6.92682 6.92484 6.92167 6.91734 6.91187 6.90528 6.89761 6.88888 6.87916 6.86848 6.85689 6.84446 6.83124 6.8173 6.8027 6.78751 6.77182 6.75568 6.73918 6.72239 6.70539 6.68825 6.67106 6.65388 6.63678 6.61985 6.60315 6.58673 6.57068 6.55504 6.53987 6.52522 6.51115 6.49769 6.48489 6.47279 6.46141 6.4508 6.44096 6.43194 6.42374 6.41639 6.4099 6.40429 6.39956 6.39572 6.39279 6.39076 6.38964 
6.38279 6.3835 6.38512 6.38766 6.39112 6.39548 6.40074 6.40689 6.41392 6.42182 6.43057 6.44015 6.45054 6.46171 6.47364 6.48629 6.49963 6.51361 6.52819 6.54333 6.55897 6.57506 6.59154 6.60835 6.62541 6.64267 6.66005 6.67748 6.69489 6.7122 6.72933 6.74621 6.76276 6.77891 6.79458 6.80969 6.82419 6.838 6.85105 6.86328 6.87464 6.88506 6.89451 6.90293 6.91028 6.91654 6.92166 6.92562 6.92841 6.93001 6.93041 6.92961 6.92762 6.92444 6.9201 6.9146 6.90799 6.90028 6.89153 6.88177 6.87104 6.85941 6.84693 6.83366 6.81966 6.805 6.78976 6.774 6.7578 6.74123 6.72437 6.7073 6.69009 6.67283 6.65557 6.63841 6.62141 6.60463 6.58815 6.57202 6.55631 6.54108 6.52637 6.51223 6.49872 6.48586 6.4737 6.46227 6.45161 6.44173 6.43266 6.42443 6.41705 6.41053 6.40489 6.40013 6.39628 6.39333 6.39129 6.39016 
6.38311 6.38382 6.38545 6.388 6.39146 6.39584 6.40111 6.40728 6.41433 6.42225 6.43102 6.44062 6.45104 6.46224 6.4742 6.48688 6.50025 6.51427 6.52889 6.54406 6.55974 6.57587 6.59239 6.60923 6.62633 6.64363 6.66105 6.67853 6.69597 6.71332 6.73049 6.74741 6.764 6.78018 6.79588 6.81104 6.82556 6.8394 6.85248 6.86474 6.87612 6.88657 6.89604 6.90447 6.91184 6.91811 6.92324 6.92721 6.93001 6.93161 6.93201 6.93121 6.92922 6.92603 6.92168 6.91617 6.90954 6.90182 6.89304 6.88326 6.87251 6.86086 6.84835 6.83505 6.82102 6.80633 6.79105 6.77525 6.75901 6.74241 6.72551 6.7084 6.69115 6.67385 6.65656 6.63935 6.62231 6.60549 6.58897 6.57281 6.55706 6.54179 6.52704 6.51287 6.49932 6.48643 6.47424 6.46279 6.45209 6.44219 6.4331 6.42485 6.41744 6.41091 6.40525 6.40049 6.39662 6.39366 6.39162 6.39049 
