0.169861 0.170784 0.171545 0.172106 0.172481 0.17271 0.172839 0.172907 0.17294 0.172955 0.172962 0.172964 0.172965 0.172966 0.172966 0.172966 0.172966 0.172966 0.172966 0.172966 0.172966 0.172966 0.172966 0.172966 0.172966 0.172966 0.172966 0.172966 0.172966 0.172966 0.172966 0.172966 0.172966 0.172966 0.172966 0.172966 0.172966 0.172966 0.172966 0.172966 0.172966 0.172966 0.172966 0.172966 0.172966 0.172966 0.172966 0.172966 0.172966 0.172966 0.172966 0.172966 0.172966 0.172966 0.172966 0.172966 0.172966 0.172966 0.172966 0.172966 0.172966 0.172966 0.172966 0.172966 0.172966 0.172966 0.172966 0.172966 0.172966 0.172966 0.172966 0.172966 0.172966 0.172966 0.172966 0.172966 0.172966 0.172966 0.172966 0.172966 0.172966 0.172966 0.172966 0.172966 0.172966 0.172966 0.172966 0.172966 0.172966 0.172966 0.172968 0.172972 0.172986 0.173024 0.173117 0.17331 0.173663 0.174222 0.17499 0.175913 
0.170784 0.171703 0.172461 0.173021 0.173396 0.173626 0.173755 0.173823 0.173857 0.173872 0.173879 0.173882 0.173883 0.173883 0.173883 0.173883 0.173883 0.173883 0.173883 0.173883 0.173883 0.173883 0.173883 0.173883 0.173883 0.173883 0.173883 0.173883 0.173883 0.173883 0.173883 0.173883 0.173883 0.173883 0.173883 0.173883 0.173883 0.173883 0.173883 0.173883 0.173883 0.173883 0.173883 0.173883 0.173883 0.173883 0.173883 0.173883 0.173883 0.173883 0.173883 0.173883 0.173883 0.173883 0.173883 0.173883 0.173883 0.173883 0.173883 0.173883 0.173883 0.173883 0.173883 0.173883 0.173883 0.173883 0.173883 0.173883 0.173883 0.173883 0.173883 0.173883 0.173883 0.173883 0.173883 0.173883 0.173883 0.173883 0.173883 0.173883 0.173883 0.173883 0.173883 0.173883 0.173883 0.173883 0.173883 0.173883 0.173883 0.173884 0.173885 0.173889 0.173903 0.173942 0.174035 0.17423 0.174583 0.17514 0.175906 0.176825 
0.171545 0.172461 0.173217 0.173777 0.174152 0.174382 0.174512 0.174581 0.174614 0.17463 0.174637 0.17464 0.174641 0.174641 0.174641 0.174641 0.174641 0.174641 0.174641 0.174641 0.174641 0.174641 0.174641 0.174641 0.174641 0.174641 0.174641 0.174641 0.174641 0.174641 0.174641 0.174641 0.174641 0.174641 0.174641 0.174641 0.174641 0.174641 0.174641 0.174641 0.174641 0.174641 0.174641 0.174641 0.174641 0.174641 0.174641 0.174641 0.174641 0.174641 0.174641 0.174641 0.174641 0.174641 0.174641 0.174641 0.174641 0.174641 0.174641 0.174641 0.174641 0.174641 0.174641 0.174641 0.174641 0.174641 0.174641 0.174641 0.174641 0.174641 0.174641 0.174641 0.174641 0.174641 0.174641 0.174641 0.174641 0.174641 0.174641 0.174641 0.174641 0.174641 0.174641 0.174641 0.174641 0.174641 0.174641 0.174641 0.174641 0.174642 0.174643 0.174648 0.174662 0.174701 0.174795 0.174991 0.175344 0.175901 0.176665 0.177581 
0.172106 0.173021 0.173777 0.174337 0.174712 0.174943 0.175074 0.175143 0.175176 0.175192 0.175199 0.175202 0.175203 0.175203 0.175204 0.175204 0.175204 0.175204 0.175204 0.175204 0.175204 0.175204 0.175204 0.175204 0.175204 0.175204 0.175204 0.175204 0.175204 0.175204 0.175204 0.175204 0.175204 0.175204 0.175204 0.175204 0.175204 0.175204 0.175204 0.175204 0.175204 0.175204 0.175204 0.175204 0.175204 0.175204 0.175204 0.175204 0.175204 0.175204 0.175204 0.175204 0.175204 0.175204 0.175204 0.175204 0.175204 0.175204 0.175204 0.175204 0.175204 0.175204 0.175204 0.175204 0.175204 0.175204 0.175204 0.175204 0.175204 0.175204 0.175204 0.175204 0.175204 0.175204 0.175204 0.175204 0.175204 0.175204 0.175204 0.175204 0.175204 0.175204 0.175204 0.175204 0.175204 0.175204 0.175204 0.175204 0.175204 0.175204 0.175205 0.17521 0.175225 0.175264 0.175359 0.175555 0.175909 0.176466 0.17723 0.178145 
0.172481 0.173396 0.174152 0.174712 0.175089 0.17532 0.175451 0.17552 0.175554 0.17557 0.175577 0.17558 0.175581 0.175582 0.175582 0.175582 0.175582 0.175582 0.175582 0.175582 0.175582 0.175582 0.175582 0.175582 0.175582 0.175582 0.175582 0.175582 0.175582 0.175582 0.175582 0.175582 0.175582 0.175582 0.175582 0.175582 0.175582 0.175582 0.175582 0.175582 0.175582 0.175582 0.175582 0.175582 0.175582 0.175582 0.175582 0.175582 0.175582 0.175582 0.175582 0.175582 0.175582 0.175582 0.175582 0.175582 0.175582 0.175582 0.175582 0.175582 0.175582 0.175582 0.175582 0.175582 0.175582 0.175582 0.175582 0.175582 0.175582 0.175582 0.175582 0.175582 0.175582 0.175582 0.175582 0.175582 0.175582 0.175582 0.175582 0.175582 0.175582 0.175582 0.175582 0.175582 0.175582 0.175582 0.175582 0.175582 0.175582 0.175582 0.175584 0.175588 0.175603 0.175643 0.175738 0.175935 0.17629 0.176848 0.177611 0.178526 
0.17271 0.173626 0.174382 0.174943 0.17532 0.175552 0.175683 0.175753 0.175787 0.175803 0.17581 0.175813 0.175814 0.175814 0.175814 0.175814 0.175815 0.175815 0.175815 0.175815 0.175815 0.175815 0.175815 0.175815 0.175815 0.175815 0.175815 0.175815 0.175815 0.175815 0.175815 0.175815 0.175815 0.175815 0.175815 0.175815 0.175815 0.175815 0.175815 0.175815 0.175815 0.175815 0.175815 0.175815 0.175815 0.175815 0.175815 0.175815 0.175815 0.175815 0.175815 0.175815 0.175815 0.175815 0.175815 0.175815 0.175815 0.175815 0.175815 0.175815 0.175815 0.175815 0.175815 0.175815 0.175815 0.175815 0.175815 0.175815 0.175815 0.175815 0.175815 0.175815 0.175815 0.175815 0.175815 0.175815 0.175815 0.175815 0.175815 0.175815 0.175815 0.175815 0.175815 0.175815 0.175815 0.175815 0.175815 0.175815 0.175815 0.175815 0.175816 0.175821 0.175836 0.175876 0.175971 0.176169 0.176525 0.177083 0.177847 0.178762 
0.172839 0.173755 0.174512 0.175074 0.175451 0.175683 0.175815 0.175884 0.175919 0.175935 0.175942 0.175945 0.175946 0.175946 0.175947 0.175947 0.175947 0.175947 0.175947 0.175947 0.175947 0.175947 0.175947 0.175947 0.175947 0.175947 0.175947 0.175947 0.175947 0.175947 0.175947 0.175947 0.175947 0.175947 0.175947 0.175947 0.175947 0.175947 0.175947 0.175947 0.175947 0.175947 0.175947 0.175947 0.175947 0.175947 0.175947 0.175947 0.175947 0.175947 0.175947 0.175947 0.175947 0.175947 0.175947 0.175947 0.175947 0.175947 0.175947 0.175947 0.175947 0.175947 0.175947 0.175947 0.175947 0.175947 0.175947 0.175947 0.175947 0.175947 0.175947 0.175947 0.175947 0.175947 0.175947 0.175947 0.175947 0.175947 0.175947 0.175947 0.175947 0.175947 0.175947 0.175947 0.175947 0.175947 0.175947 0.175947 0.175947 0.175947 0.175948 0.175953 0.175968 0.176008 0.176104 0.176302 0.176658 0.177217 0.177982 0.178898 
0.172907 0.173823 0.174581 0.175143 0.17552 0.175753 0.175884 0.175954 0.175988 0.176004 0.176011 0.176014 0.176016 0.176016 0.176016 0.176016 0.176016 0.176016 0.176016 0.176016 0.176016 0.176016 0.176016 0.176016 0.176016 0.176016 0.176016 0.176016 0.176016 0.176016 0.176016 0.176016 0.176016 0.176016 0.176016 0.176016 0.176016 0.176016 0.176016 0.176016 0.176016 0.176016 0.176016 0.176016 0.176016 0.176016 0.176016 0.176016 0.176016 0.176016 0.176016 0.176016 0.176016 0.176016 0.176016 0.176016 0.176016 0.176016 0.176016 0.176016 0.176016 0.176016 0.176016 0.176016 0.176016 0.176016 0.176016 0.176016 0.176016 0.176016 0.176016 0.176016 0.176016 0.176016 0.176016 0.176016 0.176016 0.176016 0.176016 0.176016 0.176016 0.176016 0.176016 0.176016 0.176016 0.176016 0.176016 0.176016 0.176016 0.176017 0.176018 0.176023 0.176038 0.176078 0.176174 0.176372 0.176729 0.177288 0.178053 0.17897 
0.17294 0.173857 0.174614 0.175176 0.175554 0.175787 0.175919 0.175988 0.176023 0.176039 0.176046 0.176049 0.17605 0.176051 0.176051 0.176051 0.176051 0.176051 0.176051 0.176051 0.176051 0.176051 0.176051 0.176051 0.176051 0.176051 0.176051 0.176051 0.176051 0.176051 0.176051 0.176051 0.176051 0.176051 0.176051 0.176051 0.176051 0.176051 0.176051 0.176051 0.176051 0.176051 0.176051 0.176051 0.176051 0.176051 0.176051 0.176051 0.176051 0.176051 0.176051 0.176051 0.176051 0.176051 0.176051 0.176051 0.176051 0.176051 0.176051 0.176051 0.176051 0.176051 0.176051 0.176051 0.176051 0.176051 0.176051 0.176051 0.176051 0.176051 0.176051 0.176051 0.176051 0.176051 0.176051 0.176051 0.176051 0.176051 0.176051 0.176051 0.176051 0.176051 0.176051 0.176051 0.176051 0.176051 0.176051 0.176051 0.176051 0.176051 0.176053 0.176057 0.176072 0.176113 0.176209 0.176407 0.176764 0.177323 0.178089 0.179005 
0.172955 0.173872 0.17463 0.175192 0.17557 0.175803 0.175935 0.176004 0.176039 0.176055 0.176062 0.176065 0.176066 0.176067 0.176067 0.176067 0.176067 0.176067 0.176067 0.176067 0.176067 0.176067 0.176067 0.176067 0.176067 0.176067 0.176067 0.176067 0.176067 0.176067 0.176067 0.176067 0.176067 0.176067 0.176067 0.176067 0.176067 0.176067 0.176067 0.176067 0.176067 0.176067 0.176067 0.176067 0.176067 0.176067 0.176067 0.176067 0.176067 0.176067 0.176067 0.176067 0.176067 0.176067 0.176067 0.176067 0.176067 0.176067 0.176067 0.176067 0.176067 0.176067 0.176067 0.176067 0.176067 0.176067 0.176067 0.176067 0.176067 0.176067 0.176067 0.176067 0.176067 0.176067 0.176067 0.176067 0.176067 0.176067 0.176067 0.176067 0.176067 0.176067 0.176067 0.176067 0.176067 0.176067 0.176067 0.176067 0.176067 0.176067 0.176069 0.176073 0.176088 0.176129 0.176225 0.176423 0.17678 0.177339 0.178105 0.179022 
0.172962 0.173879 0.174637 0.175199 0.175577 0.17581 0.175942 0.176011 0.176046 0.176062 0.176069 0.176072 0.176073 0.176074 0.176074 0.176074 0.176074 0.176074 0.176074 0.176074 0.176074 0.176074 0.176074 0.176074 0.176074 0.176074 0.176074 0.176074 0.176074 0.176074 0.176074 0.176074 0.176074 0.176074 0.176074 0.176074 0.176074 0.176074 0.176074 0.176074 0.176074 0.176074 0.176074 0.176074 0.176074 0.176074 0.176074 0.176074 0.176074 0.176074 0.176074 0.176074 0.176074 0.176074 0.176074 0.176074 0.176074 0.176074 0.176074 0.176074 0.176074 0.176074 0.176074 0.176074 0.176074 0.176074 0.176074 0.176074 0.176074 0.176074 0.176074 0.176074 0.176074 0.176074 0.176074 0.176074 0.176074 0.176074 0.176074 0.176074 0.176074 0.176074 0.176074 0.176074 0.176074 0.176074 0.176074 0.176074 0.176074 0.176074 0.176076 0.176081 0.176096 0.176136 0.176232 0.17643 0.176787 0.177347 0.178113 0.17903 
0.172964 0.173882 0.17464 0.175202 0.17558 0.175813 0.175945 0.176014 0.176049 0.176065 0.176072 0.176075 0.176076 0.176077 0.176077 0.176077 0.176077 0.176077 0.176077 0.176077 0.176077 0.176077 0.176077 0.176077 0.176077 0.176077 0.176077 0.176077 0.176077 0.176077 0.176077 0.176077 0.176077 0.176077 0.176077 0.176077 0.176077 0.176077 0.176077 0.176077 0.176077 0.176077 0.176077 0.176077 0.176077 0.176077 0.176077 0.176077 0.176077 0.176077 0.176077 0.176077 0.176077 0.176077 0.176077 0.176077 0.176077 0.176077 0.176077 0.176077 0.176077 0.176077 0.176077 0.176077 0.176077 0.176077 0.176077 0.176077 0.176077 0.176077 0.176077 0.176077 0.176077 0.176077 0.176077 0.176077 0.176077 0.176077 0.176077 0.176077 0.176077 0.176077 0.176077 0.176077 0.176077 0.176077 0.176077 0.176077 0.176077 0.176077 0.176079 0.176084 0.176098 0.176139 0.176235 0.176433 0.17679 0.17735 0.178116 0.179033 
0.172965 0.173883 0.174641 0.175203 0.175581 0.175814 0.175946 0.176016 0.17605 0.176066 0.176073 0.176076 0.176077 0.176078 0.176078 0.176078 0.176078 0.176078 0.176078 0.176078 0.176078 0.176078 0.176078 0.176078 0.176078 0.176078 0.176078 0.176078 0.176078 0.176078 0.176078 0.176078 0.176078 0.176078 0.176078 0.176078 0.176078 0.176078 0.176078 0.176078 0.176078 0.176078 0.176078 0.176078 0.176078 0.176078 0.176079 0.176079 0.176079 0.176079 0.176079 0.176079 0.176079 0.176079 0.176079 0.176079 0.176079 0.176079 0.176078 0.176078 0.176078 0.176078 0.176078 0.176078 0.176078 0.176078 0.176078 0.176078 0.176078 0.176078 0.176078 0.176078 0.176078 0.176078 0.176078 0.176078 0.176078 0.176078 0.176078 0.176078 0.176078 0.176078 0.176078 0.176078 0.176078 0.176078 0.176078 0.176078 0.176078 0.176079 0.17608 0.176085 0.1761 0.17614 0.176236 0.176435 0.176791 0.177351 0.178117 0.179034 
0.172966 0.173883 0.174641 0.175203 0.175582 0.175814 0.175946 0.176016 0.176051 0.176067 0.176074 0.176077 0.176078 0.176078 0.176079 0.176079 0.176079 0.176079 0.176079 0.176079 0.176079 0.176079 0.176079 0.176079 0.176079 0.176079 0.176079 0.176079 0.176079 0.176079 0.176079 0.176079 0.176079 0.176079 0.176079 0.176079 0.176079 0.176079 0.176079 0.176079 0.176079 0.176079 0.176079 0.176079 0.17608 0.17608 0.176081 0.176081 0.176081 0.176081 0.176081 0.176081 0.176081 0.176081 0.176081 0.176081 0.176081 0.17608 0.17608 0.17608 0.176079 0.176079 0.176079 0.176079 0.176079 0.176079 0.176079 0.176079 0.176079 0.176079 0.176079 0.176079 0.176079 0.176079 0.176079 0.176079 0.176079 0.176079 0.176079 0.176079 0.176079 0.176079 0.176079 0.176079 0.176079 0.176079 0.176079 0.176079 0.176079 0.176079 0.17608 0.176085 0.1761 0.176141 0.176237 0.176435 0.176792 0.177352 0.178117 0.179035 
0.172966 0.173883 0.174641 0.175204 0.175582 0.175814 0.175947 0.176016 0.176051 0.176067 0.176074 0.176077 0.176078 0.176079 0.176079 0.176079 0.176079 0.176079 0.176079 0.176079 0.176079 0.176079 0.176079 0.176079 0.176079 0.176079 0.176079 0.176079 0.176079 0.176079 0.176079 0.176079 0.176079 0.176079 0.176079 0.176079 0.176079 0.176079 0.176079 0.176079 0.17608 0.176081 0.176082 0.176084 0.176086 0.176088 0.176089 0.176091 0.176092 0.176092 0.176092 0.176093 0.176093 0.176092 0.176092 0.176091 0.17609 0.176088 0.176086 0.176084 0.176083 0.176081 0.17608 0.17608 0.176079 0.176079 0.176079 0.176079 0.176079 0.176079 0.176079 0.176079 0.176079 0.176079 0.176079 0.176079 0.176079 0.176079 0.176079 0.176079 0.176079 0.176079 0.176079 0.176079 0.176079 0.176079 0.176079 0.176079 0.176079 0.176079 0.176081 0.176085 0.1761 0.176141 0.176237 0.176435 0.176792 0.177352 0.178118 0.179035 
0.172966 0.173883 0.174641 0.175204 0.175582 0.175814 0.175947 0.176016 0.176051 0.176067 0.176074 0.176077 0.176078 0.176079 0.176079 0.176079 0.176079 0.176079 0.176079 0.176079 0.176079 0.176079 0.176079 0.176079 0.176079 0.176079 0.176079 0.176079 0.176079 0.176079 0.176079 0.176079 0.176079 0.176079 0.176079 0.176079 0.176079 0.17608 0.17608 0.176082 0.176085 0.176089 0.176096 0.176104 0.176114 0.176123 0.176131 0.176137 0.176141 0.176143 0.176145 0.176145 0.176145 0.176144 0.176142 0.176138 0.176131 0.176122 0.176113 0.176104 0.176097 0.176091 0.176086 0.176083 0.176082 0.17608 0.17608 0.176079 0.176079 0.176079 0.176079 0.176079 0.176079 0.176079 0.176079 0.176079 0.176079 0.176079 0.176079 0.176079 0.176079 0.176079 0.176079 0.176079 0.176079 0.176079 0.176079 0.176079 0.176079 0.176079 0.176081 0.176085 0.1761 0.176141 0.176237 0.176435 0.176792 0.177352 0.178118 0.179035 
0.172966 0.173883 0.174641 0.175204 0.175582 0.175815 0.175947 0.176016 0.176051 0.176067 0.176074 0.176077 0.176078 0.176079 0.176079 0.176079 0.176079 0.176079 0.176079 0.176079 0.176079 0.176079 0.176079 0.176079 0.176079 0.176079 0.176079 0.176079 0.176079 0.176079 0.176079 0.176079 0.176079 0.176079 0.176079 0.17608 0.176081 0.176083 0.176088 0.176096 0.17611 0.176131 0.17616 0.176196 0.176235 0.176272 0.176304 0.176327 0.176343 0.176352 0.176357 0.176359 0.176358 0.176353 0.176342 0.176323 0.176294 0.176259 0.176221 0.176185 0.176155 0.17613 0.176112 0.176099 0.176091 0.176086 0.176082 0.176081 0.17608 0.176079 0.176079 0.176079 0.176079 0.176079 0.176079 0.176079 0.176079 0.176079 0.176079 0.176079 0.176079 0.176079 0.176079 0.176079 0.176079 0.176079 0.176079 0.176079 0.176079 0.176079 0.176081 0.176085 0.1761 0.176141 0.176237 0.176435 0.176792 0.177352 0.178118 0.179035 
0.172966 0.173883 0.174641 0.175204 0.175582 0.175815 0.175947 0.176016 0.176051 0.176067 0.176074 0.176077 0.176078 0.176079 0.176079 0.176079 0.176079 0.176079 0.176079 0.176079 0.176079 0.176079 0.176079 0.176079 0.176079 0.176079 0.176079 0.176079 0.176079 0.176079 0.176079 0.176079 0.176079 0.17608 0.176081 0.176084 0.17609 0.176102 0.176125 0.176163 0.176222 0.176307 0.176419 0.176552 0.176693 0.176825 0.176933 0.177012 0.177063 0.177094 0.17711 0.177115 0.17711 0.17709 0.177046 0.176972 0.176867 0.176739 0.176604 0.176475 0.176364 0.176275 0.176207 0.176159 0.176127 0.176106 0.176094 0.176087 0.176083 0.176081 0.17608 0.176079 0.176079 0.176079 0.176079 0.176079 0.176079 0.176079 0.176079 0.176079 0.176079 0.176079 0.176079 0.176079 0.176079 0.176079 0.176079 0.176079 0.176079 0.176079 0.176081 0.176085 0.1761 0.176141 0.176237 0.176435 0.176792 0.177352 0.178118 0.179035 
0.172966 0.173883 0.174641 0.175204 0.175582 0.175815 0.175947 0.176016 0.176051 0.176067 0.176074 0.176077 0.176078 0.176079 0.176079 0.176079 0.176079 0.176079 0.176079 0.176079 0.176079 0.176079 0.176079 0.176079 0.176079 0.176079 0.176079 0.176079 0.176079 0.176079 0.176079 0.176079 0.17608 0.176083 0.176089 0.176104 0.176133 0.176188 0.176282 0.17643 0.176648 0.176946 0.177323 0.177754 0.178196 0.178598 0.178922 0.179156 0.179308 0.179396 0.179441 0.179453 0.17943 0.179356 0.179206 0.178962 0.178623 0.178219 0.177794 0.17739 0.177037 0.176748 0.176527 0.176365 0.176254 0.176182 0.176137 0.17611 0.176095 0.176087 0.176083 0.176081 0.17608 0.176079 0.176079 0.176079 0.176079 0.176079 0.176079 0.176079 0.176079 0.176079 0.176079 0.176079 0.176079 0.176079 0.176079 0.176079 0.176079 0.176079 0.176081 0.176086 0.1761 0.176141 0.176237 0.176435 0.176792 0.177352 0.178118 0.179035 
0.172966 0.173883 0.174641 0.175204 0.175582 0.175815 0.175947 0.176016 0.176051 0.176067 0.176074 0.176077 0.176078 0.176079 0.176079 0.176079 0.176079 0.176079 0.176079 0.176079 0.176079 0.176079 0.176079 0.176079 0.176079 0.176079 0.176079 0.176079 0.176079 0.176079 0.17608 0.176082 0.176087 0.1761 0.17613 0.176193 0.176312 0.176519 0.176852 0.17735 0.178047 0.178956 0.180055 0.181269 0.182476 0.18355 0.184402 0.185009 0.185399 0.185625 0.185734 0.185753 0.185671 0.185441 0.184998 0.184298 0.183351 0.182235 0.181064 0.179943 0.17895 0.178125 0.177477 0.176995 0.176654 0.176425 0.176278 0.176188 0.176137 0.176108 0.176093 0.176085 0.176082 0.17608 0.176079 0.176079 0.176079 0.176079 0.176079 0.176079 0.176079 0.176079 0.176079 0.176079 0.176079 0.176079 0.176079 0.176079 0.176079 0.176079 0.176081 0.176086 0.1761 0.176141 0.176237 0.176435 0.176792 0.177352 0.178118 0.179035 
0.172966 0.173883 0.174641 0.175204 0.175582 0.175815 0.175947 0.176016 0.176051 0.176067 0.176074 0.176077 0.176078 0.176079 0.176079 0.176079 0.176079 0.176079 0.176079 0.176079 0.176079 0.176079 0.176079 0.176079 0.176079 0.176079 0.176079 0.176079 0.176079 0.17608 0.176084 0.176093 0.176118 0.176176 0.176297 0.176531 0.176944 0.177618 0.178642 0.180094 0.182024 0.184429 0.18722 0.190196 0.193075 0.195581 0.19754 0.19892 0.199799 0.200301 0.200535 0.200549 0.200307 0.199696 0.198568 0.196833 0.194527 0.19183 0.188992 0.186251 0.183782 0.181687 0.180001 0.178713 0.177776 0.177126 0.176698 0.176429 0.176269 0.176177 0.176128 0.176102 0.17609 0.176084 0.176081 0.17608 0.176079 0.176079 0.176079 0.176079 0.176079 0.176079 0.176079 0.176079 0.176079 0.176079 0.176079 0.176079 0.176079 0.176079 0.176081 0.176086 0.1761 0.176141 0.176237 0.176435 0.176792 0.177352 0.178118 0.179035 
0.172966 0.173883 0.174641 0.175204 0.175582 0.175815 0.175947 0.176016 0.176051 0.176067 0.176074 0.176077 0.176078 0.176079 0.176079 0.176079 0.176079 0.176079 0.176079 0.176079 0.176079 0.176079 0.176079 0.176079 0.176079 0.176079 0.176079 0.176079 0.176081 0.176087 0.176103 0.176146 0.176247 0.176461 0.17688 0.17763 0.17887 0.180774 0.183502 0.18717 0.191813 0.197346 0.203516 0.209879 0.215873 0.220988 0.224931 0.22768 0.229418 0.230401 0.230836 0.230804 0.230212 0.228822 0.226346 0.222618 0.217727 0.212019 0.205974 0.200054 0.194615 0.189886 0.18598 0.182906 0.180599 0.178949 0.177825 0.177097 0.176647 0.176383 0.176235 0.176155 0.176115 0.176095 0.176086 0.176082 0.17608 0.176079 0.176079 0.176079 0.176079 0.176079 0.176079 0.176079 0.176079 0.176079 0.176079 0.176079 0.176079 0.176079 0.176081 0.176086 0.1761 0.176141 0.176237 0.176435 0.176792 0.177352 0.178118 0.179035 
0.172966 0.173883 0.174641 0.175204 0.175582 0.175815 0.175947 0.176016 0.176051 0.176067 0.176074 0.176077 0.176078 0.176079 0.176079 0.176079 0.176079 0.176079 0.176079 0.176079 0.176079 0.176079 0.176079 0.176079 0.176079 0.176079 0.17608 0.176082 0.176091 0.176116 0.176185 0.176347 0.176697 0.177387 0.178635 0.18072 0.183949 0.188614 0.194932 0.202994 0.212717 0.223806 0.235703 0.247582 0.258493 0.26763 0.27458 0.279386 0.282405 0.284093 0.284801 0.284641 0.283427 0.280722 0.276035 0.269091 0.260041 0.249457 0.238126 0.226826 0.216201 0.206712 0.198635 0.192072 0.18698 0.183211 0.180555 0.178772 0.177632 0.176937 0.176532 0.176308 0.17619 0.17613 0.176102 0.176089 0.176083 0.17608 0.17608 0.176079 0.176079 0.176079 0.176079 0.176079 0.176079 0.176079 0.176079 0.176079 0.176079 0.176079 0.176081 0.176086 0.1761 0.176141 0.176237 0.176435 0.176792 0.177352 0.178118 0.179035 
0.172966 0.173883 0.174641 0.175204 0.175582 0.175815 0.175947 0.176016 0.176051 0.176067 0.176074 0.176077 0.176078 0.176079 0.176079 0.176079 0.176079 0.176079 0.176079 0.176079 0.176079 0.176079 0.176079 0.176079 0.176079 0.17608 0.176083 0.176095 0.176131 0.176232 0.176476 0.177008 0.178062 0.179981 0.183209 0.188247 0.195568 0.20553 0.21829 0.23375 0.251527 0.270943 0.290996 0.310401 0.327794 0.342105 0.352862 0.360244 0.364856 0.36741 0.368424 0.368035 0.365927 0.361419 0.353759 0.342527 0.327913 0.310695 0.291977 0.2729 0.254475 0.237516 0.222598 0.210045 0.199949 0.192201 0.186533 0.182583 0.179958 0.178295 0.177289 0.17671 0.176393 0.176228 0.176146 0.176108 0.176091 0.176084 0.176081 0.17608 0.176079 0.176079 0.176079 0.176079 0.176079 0.176079 0.176079 0.176079 0.176079 0.176079 0.176081 0.176086 0.1761 0.176141 0.176237 0.176435 0.176792 0.177352 0.178118 0.179035 
0.172966 0.173883 0.174641 0.175204 0.175582 0.175815 0.175947 0.176016 0.176051 0.176067 0.176074 0.176077 0.176078 0.176079 0.176079 0.176079 0.176079 0.176079 0.176079 0.176079 0.176079 0.176079 0.176079 0.176079 0.17608 0.176084 0.176098 0.176145 0.176281 0.17662 0.177373 0.178882 0.181641 0.186296 0.193583 0.204215 0.218725 0.237342 0.25991 0.285886 0.314376 0.344187 0.373848 0.401678 0.426038 0.445747 0.4604 0.470391 0.476609 0.480022 0.481314 0.480635 0.47753 0.471071 0.460243 0.444439 0.423796 0.399178 0.371883 0.343342 0.314936 0.2879 0.263245 0.241705 0.223701 0.209333 0.198399 0.190462 0.184965 0.181332 0.179044 0.177674 0.176896 0.176477 0.176264 0.176161 0.176113 0.176093 0.176084 0.176081 0.17608 0.176079 0.176079 0.176079 0.176079 0.176079 0.176079 0.176079 0.176079 0.176079 0.176081 0.176086 0.1761 0.176141 0.176237 0.176435 0.176792 0.177352 0.178118 0.179035 
0.172966 0.173883 0.174641 0.175204 0.175582 0.175815 0.175947 0.176016 0.176051 0.176067 0.176074 0.176077 0.176078 0.176079 0.176079 0.176079 0.176079 0.176079 0.176079 0.176079 0.176079 0.176079 0.176079 0.17608 0.176084 0.176099 0.176153 0.176318 0.176748 0.177738 0.179762 0.183501 0.189823 0.199718 0.214152 0.23386 0.259141 0.289747 0.324887 0.363333 0.403571 0.443925 0.482617 0.517832 0.54795 0.571923 0.589567 0.601531 0.608955 0.61301 0.614494 0.613563 0.60966 0.601679 0.588389 0.568974 0.54339 0.512364 0.47714 0.439216 0.40019 0.361661 0.325132 0.291906 0.262973 0.238902 0.219786 0.205288 0.194787 0.187532 0.182763 0.179789 0.178035 0.177058 0.176545 0.17629 0.17617 0.176116 0.176094 0.176085 0.176081 0.17608 0.176079 0.176079 0.176079 0.176079 0.176079 0.176079 0.176079 0.176079 0.176081 0.176086 0.1761 0.176141 0.176237 0.176435 0.176792 0.177352 0.178118 0.179035 
0.172966 0.173883 0.174641 0.175204 0.175582 0.175815 0.175947 0.176016 0.176051 0.176067 0.176074 0.176077 0.176078 0.176079 0.176079 0.176079 0.176079 0.176079 0.176079 0.176079 0.176079 0.176079 0.17608 0.176083 0.176098 0.176153 0.176332 0.176825 0.178014 0.180535 0.1853 0.193444 0.206208 0.224769 0.25002 0.282313 0.321284 0.36584 0.414328 0.464791 0.515218 0.563711 0.60853 0.648106 0.681181 0.707093 0.72598 0.738726 0.746624 0.750932 0.752486 0.751449 0.747234 0.738677 0.724439 0.703512 0.675563 0.640959 0.600587 0.555688 0.507767 0.458551 0.409911 0.363738 0.321746 0.285224 0.254857 0.230714 0.212373 0.199093 0.189964 0.18403 0.180395 0.178298 0.177161 0.17658 0.176299 0.176171 0.176116 0.176093 0.176084 0.176081 0.17608 0.176079 0.176079 0.176079 0.176079 0.176079 0.176079 0.176079 0.176081 0.176086 0.1761 0.176141 0.176237 0.176435 0.176792 0.177352 0.178118 0.179035 
0.172966 0.173883 0.174641 0.175204 0.175582 0.175815 0.175947 0.176016 0.176051 0.176067 0.176074 0.176077 0.176078 0.176079 0.176079 0.176079 0.176079 0.176079 0.176079 0.176079 0.176079 0.176079 0.176082 0.176095 0.176145 0.176318 0.176825 0.178118 0.180995 0.186644 0.196544 0.212252 0.235123 0.266079 0.305394 0.352529 0.406083 0.463962 0.523722 0.582933 0.639469 0.691628 0.73811 0.777931 0.810451 0.835525 0.853628 0.865793 0.873328 0.877447 0.878947 0.87799 0.874043 0.866019 0.852606 0.832686 0.805619 0.771285 0.729999 0.682435 0.629646 0.573107 0.514727 0.456764 0.40157 0.351233 0.307267 0.270502 0.241126 0.218792 0.202717 0.191815 0.184871 0.180725 0.178402 0.17718 0.176575 0.176291 0.176166 0.176113 0.176092 0.176084 0.176081 0.176079 0.176079 0.176079 0.176079 0.176079 0.176079 0.176079 0.176081 0.176086 0.1761 0.176141 0.176237 0.176435 0.176792 0.177352 0.178118 0.179035 
0.172966 0.173883 0.174641 0.175204 0.175582 0.175815 0.175947 0.176016 0.176051 0.176067 0.176074 0.176077 0.176078 0.176079 0.176079 0.176079 0.176079 0.176079 0.176079 0.176079 0.176079 0.176081 0.176091 0.176131 0.176281 0.176748 0.178014 0.180995 0.187145 0.198366 0.216669 0.243706 0.280382 0.326673 0.381631 0.443449 0.509627 0.577302 0.643662 0.706326 0.763546 0.814225 0.857783 0.893986 0.922867 0.944775 0.96044 0.970924 0.97742 0.98099 0.982326 0.981587 0.97835 0.971706 0.9605 0.943625 0.920222 0.88973 0.851848 0.806539 0.754135 0.69549 0.63211 0.566156 0.500229 0.436979 0.378749 0.327375 0.284103 0.249501 0.223398 0.204915 0.192671 0.185092 0.180705 0.178326 0.177114 0.176532 0.176268 0.176155 0.176108 0.17609 0.176083 0.17608 0.176079 0.176079 0.176079 0.176079 0.176079 0.176079 0.176081 0.176086 0.1761 0.176141 0.176237 0.176435 0.176792 0.177352 0.178118 0.179035 
0.172966 0.173883 0.174641 0.175204 0.175582 0.175815 0.175947 0.176016 0.176051 0.176067 0.176074 0.176077 0.176078 0.176079 0.176079 0.176079 0.176079 0.176079 0.176079 0.176079 0.17608 0.176087 0.176116 0.176232 0.17662 0.177738 0.180535 0.186644 0.198366 0.218305 0.248668 0.290568 0.343668 0.406317 0.475951 0.549505 0.623753 0.695649 0.76267 0.82305 0.875828 0.920734 0.95797 0.987992 1.01138 1.02882 1.04116 1.04939 1.05449 1.05731 1.05841 1.05794 1.05559 1.05068 1.0423 1.02947 1.01126 0.986856 0.955472 0.916439 0.869326 0.814159 0.75166 0.683358 0.611489 0.538719 0.467871 0.401748 0.34292 0.293389 0.254193 0.225197 0.205202 0.192358 0.184666 0.18036 0.1781 0.176985 0.176466 0.176237 0.17614 0.176102 0.176087 0.176082 0.17608 0.176079 0.176079 0.176079 0.176079 0.176079 0.176081 0.176086 0.1761 0.176141 0.176237 0.176435 0.176792 0.177352 0.178118 0.179035 
0.172966 0.173883 0.174641 0.175204 0.175582 0.175815 0.175947 0.176016 0.176051 0.176067 0.176074 0.176077 0.176078 0.176079 0.176079 0.176079 0.176079 0.176079 0.176079 0.17608 0.176084 0.176103 0.176185 0.176476 0.177373 0.179762 0.1853 0.196544 0.216669 0.248668 0.294297 0.353298 0.423374 0.500863 0.581654 0.661883 0.73829 0.808388 0.870554 0.924032 0.968817 1.00545 1.03476 1.05769 1.07511 1.08788 1.09682 1.10274 1.10642 1.10847 1.10931 1.10906 1.10753 1.10427 1.0986 1.08977 1.07693 1.05919 1.03556 1.00497 0.966397 0.919099 0.862851 0.798158 0.726291 0.649238 0.56967 0.490934 0.416841 0.351092 0.296479 0.254231 0.223868 0.2036 0.191017 0.183732 0.179788 0.177783 0.176824 0.176389 0.176202 0.176126 0.176096 0.176085 0.176081 0.17608 0.176079 0.176079 0.176079 0.176079 0.176081 0.176086 0.1761 0.176141 0.176237 0.176435 0.176792 0.177352 0.178118 0.179035 
0.172966 0.173883 0.174641 0.175204 0.175582 0.175815 0.175947 0.176016 0.176051 0.176067 0.176074 0.176077 0.176078 0.176079 0.176079 0.176079 0.176079 0.176079 0.176079 0.176082 0.176093 0.176146 0.176347 0.177008 0.178882 0.183501 0.193444 0.212252 0.243706 0.290568 0.353298 0.429534 0.514659 0.603141 0.689875 0.77096 0.843859 0.907239 0.960726 1.00468 1.03997 1.06773 1.08918 1.10544 1.11749 1.12616 1.13216 1.13611 1.13856 1.13994 1.14053 1.14043 1.13953 1.13756 1.13407 1.12852 1.12024 1.10845 1.09217 1.07022 1.04131 1.00414 0.957688 0.90132 0.835007 0.759482 0.676545 0.589383 0.502539 0.421267 0.350353 0.292923 0.249841 0.219898 0.200588 0.189003 0.182516 0.179114 0.177438 0.176658 0.176314 0.176171 0.176113 0.176091 0.176083 0.17608 0.176079 0.176079 0.176079 0.176079 0.176081 0.176086 0.1761 0.176141 0.176237 0.176435 0.176792 0.177352 0.178118 0.179035 
0.172966 0.173883 0.174641 0.175204 0.175582 0.175815 0.175947 0.176016 0.176051 0.176067 0.176074 0.176077 0.176078 0.176079 0.176079 0.176079 0.176079 0.176079 0.17608 0.176087 0.176118 0.176247 0.176697 0.178062 0.181641 0.189823 0.206208 0.235123 0.280382 0.343668 0.423374 0.514659 0.610779 0.704987 0.79204 0.868789 0.933977 0.987686 1.03081 1.06466 1.09071 1.11043 1.12514 1.13595 1.14375 1.14926 1.15301 1.15547 1.15699 1.15786 1.15825 1.15823 1.15775 1.15665 1.15467 1.15146 1.14655 1.13933 1.129 1.1145 1.09453 1.06761 1.03218 0.986704 0.929862 0.860889 0.780177 0.689986 0.594789 0.500783 0.414539 0.341315 0.283869 0.24221 0.214239 0.196811 0.186701 0.181223 0.17844 0.177108 0.176507 0.176249 0.176144 0.176103 0.176087 0.176082 0.17608 0.176079 0.176079 0.176079 0.176081 0.176086 0.1761 0.176141 0.176237 0.176435 0.176792 0.177352 0.178118 0.179035 
0.172966 0.173883 0.174641 0.175204 0.175582 0.175815 0.175947 0.176016 0.176051 0.176067 0.176074 0.176077 0.176078 0.176079 0.176079 0.176079 0.176079 0.17608 0.176083 0.1761 0.176176 0.176461 0.177387 0.179981 0.186296 0.199718 0.224769 0.266079 0.326673 0.406317 0.500863 0.603141 0.704987 0.799403 0.881889 0.950623 1.00584 1.04895 1.08187 1.10653 1.12471 1.13795 1.14748 1.15426 1.15903 1.16233 1.16454 1.16598 1.16687 1.16737 1.16761 1.16762 1.16739 1.16683 1.16579 1.16407 1.16136 1.15727 1.15119 1.14231 1.12953 1.11145 1.08632 1.05209 1.0065 0.947406 0.873612 0.785887 0.687766 0.585468 0.486671 0.39858 0.326155 0.271233 0.232767 0.20783 0.192823 0.18441 0.18 0.177829 0.176822 0.17638 0.176196 0.176122 0.176094 0.176084 0.176081 0.17608 0.176079 0.176079 0.176081 0.176086 0.1761 0.176141 0.176237 0.176435 0.176792 0.177352 0.178118 0.179035 
0.172966 0.173883 0.174641 0.175204 0.175582 0.175815 0.175947 0.176016 0.176051 0.176067 0.176074 0.176077 0.176078 0.176079 0.176079 0.176079 0.176079 0.176081 0.176089 0.17613 0.176297 0.17688 0.178635 0.183209 0.193583 0.214152 0.25002 0.305394 0.381631 0.475951 0.581654 0.689875 0.79204 0.881889 0.956332 1.01512 1.05985 1.09297 1.117 1.13416 1.14628 1.15475 1.16063 1.16468 1.16745 1.16932 1.17056 1.17135 1.17184 1.17212 1.17226 1.17227 1.17217 1.1719 1.17139 1.17053 1.16914 1.16698 1.16365 1.15858 1.15095 1.1396 1.1229 1.09869 1.06421 1.01638 0.952607 0.871944 0.776318 0.670975 0.563727 0.463118 0.376262 0.307262 0.256772 0.222677 0.20137 0.189006 0.182317 0.178929 0.177316 0.17659 0.176281 0.176155 0.176107 0.176089 0.176082 0.17608 0.176079 0.176079 0.176081 0.176086 0.1761 0.176141 0.176237 0.176435 0.176792 0.177352 0.178118 0.179035 
0.172966 0.173883 0.174641 0.175204 0.175582 0.175815 0.175947 0.176016 0.176051 0.176067 0.176074 0.176077 0.176078 0.176079 0.176079 0.176079 0.17608 0.176084 0.176104 0.176193 0.176531 0.17763 0.18072 0.188247 0.204215 0.23386 0.282313 0.352529 0.443449 0.549505 0.661883 0.77096 0.868789 0.950623 1.01512 1.06352 1.0985 1.12308 1.14002 1.15154 1.15932 1.16453 1.16801 1.17033 1.17186 1.17288 1.17354 1.17395 1.17421 1.17436 1.17443 1.17445 1.1744 1.17428 1.17405 1.17365 1.17298 1.1719 1.17019 1.16748 1.16321 1.1565 1.14603 1.12981 1.10504 1.06824 1.01583 0.945319 0.856688 0.753417 0.642419 0.532685 0.433061 0.350044 0.286518 0.241805 0.212781 0.195344 0.185608 0.180534 0.178053 0.176911 0.176414 0.176208 0.176127 0.176096 0.176085 0.176081 0.17608 0.17608 0.176081 0.176086 0.1761 0.176141 0.176237 0.176435 0.176792 0.177352 0.178118 0.179035 
0.172966 0.173883 0.174641 0.175204 0.175582 0.175815 0.175947 0.176016 0.176051 0.176067 0.176074 0.176077 0.176078 0.176079 0.176079 0.176079 0.176081 0.17609 0.176133 0.176312 0.176944 0.17887 0.183949 0.195568 0.218725 0.259141 0.321284 0.406083 0.509627 0.623753 0.73829 0.843859 0.933977 1.00584 1.05985 1.0985 1.12509 1.14285 1.1545 1.16203 1.16688 1.16998 1.17198 1.17326 1.17408 1.17461 1.17495 1.17516 1.17529 1.17536 1.1754 1.17541 1.17539 1.17534 1.17524 1.17506 1.17476 1.17425 1.17342 1.17206 1.1698 1.16604 1.1598 1.14942 1.13241 1.10533 1.06416 1.00523 0.92664 0.829678 0.719508 0.604588 0.494762 0.398707 0.321812 0.265394 0.227355 0.203701 0.190075 0.18277 0.179106 0.17738 0.176611 0.176287 0.176157 0.176107 0.176089 0.176082 0.17608 0.17608 0.176081 0.176086 0.1761 0.176141 0.176237 0.176435 0.176792 0.177352 0.178118 0.179035 
0.172966 0.173883 0.174641 0.175204 0.175582 0.175815 0.175947 0.176016 0.176051 0.176067 0.176074 0.176077 0.176078 0.176079 0.176079 0.17608 0.176083 0.176102 0.176188 0.176519 0.177618 0.180774 0.188614 0.20553 0.237342 0.289747 0.36584 0.463962 0.577302 0.695649 0.808388 0.907239 0.987686 1.04895 1.09297 1.12308 1.14285 1.15545 1.16331 1.16815 1.17111 1.17293 1.17404 1.17473 1.17516 1.17543 1.17559 1.17569 1.17575 1.17579 1.17581 1.17581 1.17581 1.17579 1.17575 1.17567 1.17554 1.17532 1.17494 1.17428 1.17315 1.17114 1.16757 1.1612 1.14996 1.1308 1.0997 1.05234 0.985269 0.897562 0.792115 0.675977 0.559104 0.451806 0.361964 0.293271 0.245186 0.214252 0.195878 0.185751 0.180544 0.178033 0.176893 0.176403 0.176202 0.176124 0.176095 0.176084 0.176081 0.17608 0.176081 0.176086 0.1761 0.176141 0.176237 0.176435 0.176792 0.177352 0.178118 0.179035 
0.172966 0.173883 0.174641 0.175204 0.175582 0.175815 0.175947 0.176016 0.176051 0.176067 0.176074 0.176077 0.176078 0.176079 0.176079 0.17608 0.176088 0.176125 0.176282 0.176852 0.178642 0.183502 0.194932 0.21829 0.25991 0.324887 0.414328 0.523722 0.643662 0.76267 0.870554 0.960726 1.03081 1.08187 1.117 1.14002 1.1545 1.16331 1.16855 1.17163 1.17342 1.17447 1.17508 1.17545 1.17566 1.17579 1.17587 1.17592 1.17595 1.17597 1.17598 1.17598 1.17598 1.17597 1.17595 1.17592 1.17587 1.17578 1.17561 1.17531 1.17476 1.17373 1.17177 1.16798 1.16081 1.1477 1.12498 1.08815 1.03273 0.955851 0.858004 0.744205 0.623635 0.507495 0.405838 0.324896 0.266115 0.227024 0.203101 0.189556 0.182421 0.178905 0.177275 0.176562 0.176266 0.176148 0.176104 0.176087 0.176082 0.17608 0.176081 0.176086 0.1761 0.176141 0.176237 0.176435 0.176792 0.177352 0.178118 0.179035 
0.172966 0.173883 0.174641 0.175204 0.175582 0.175815 0.175947 0.176016 0.176051 0.176067 0.176074 0.176077 0.176078 0.176079 0.176079 0.176082 0.176096 0.176163 0.17643 0.17735 0.180094 0.18717 0.202994 0.23375 0.285886 0.363333 0.464791 0.582933 0.706326 0.82305 0.924032 1.00468 1.06466 1.10653 1.13416 1.15154 1.16203 1.16815 1.17163 1.17358 1.17466 1.17526 1.1756 1.17579 1.17589 1.17596 1.17599 1.17602 1.17603 1.17604 1.17604 1.17604 1.17604 1.17604 1.17603 1.17602 1.176 1.17596 1.17589 1.17576 1.17551 1.175 1.17395 1.17176 1.1673 1.15858 1.14244 1.11455 1.06993 1.00426 0.915767 0.807131 0.686037 0.563758 0.451983 0.359397 0.289716 0.241864 0.211724 0.194212 0.184769 0.180017 0.177773 0.176773 0.176351 0.176181 0.176116 0.176092 0.176083 0.176081 0.176081 0.176086 0.1761 0.176141 0.176237 0.176435 0.176792 0.177352 0.178118 0.179035 
0.172966 0.173883 0.174641 0.175204 0.175582 0.175815 0.175947 0.176016 0.176051 0.176067 0.176074 0.176077 0.176078 0.176079 0.17608 0.176085 0.17611 0.176222 0.176648 0.178047 0.182024 0.191813 0.212717 0.251527 0.314376 0.403571 0.515218 0.639469 0.763546 0.875828 0.968817 1.03997 1.09071 1.12471 1.14628 1.15932 1.16688 1.17111 1.17342 1.17466 1.17531 1.17566 1.17584 1.17594 1.176 1.17603 1.17604 1.17605 1.17606 1.17606 1.17607 1.17607 1.17607 1.17606 1.17606 1.17606 1.17605 1.17604 1.17601 1.17595 1.17584 1.17559 1.17504 1.17381 1.1711 1.16542 1.15418 1.13349 1.09827 1.04326 0.964835 0.863307 0.744378 0.618645 0.49878 0.395637 0.315301 0.258414 0.221589 0.199662 0.187576 0.181373 0.17839 0.177039 0.17646 0.176224 0.176132 0.176098 0.176085 0.176081 0.176081 0.176086 0.1761 0.176141 0.176237 0.176435 0.176792 0.177352 0.178118 0.179035 
0.172966 0.173883 0.174641 0.175204 0.175582 0.175815 0.175947 0.176016 0.176051 0.176067 0.176074 0.176077 0.176078 0.176079 0.176081 0.176089 0.176131 0.176307 0.176946 0.178956 0.184429 0.197346 0.223806 0.270943 0.344187 0.443925 0.563711 0.691628 0.814225 0.920734 1.00545 1.06773 1.11043 1.13795 1.15475 1.16453 1.16998 1.17293 1.17447 1.17526 1.17566 1.17586 1.17596 1.17602 1.17604 1.17606 1.17607 1.17607 1.17607 1.17607 1.17607 1.17607 1.17607 1.17607 1.17607 1.17607 1.17607 1.17606 1.17605 1.17603 1.17598 1.17586 1.17558 1.1749 1.17328 1.16963 1.16191 1.14675 1.11931 1.07385 1.00537 0.911992 0.797227 0.670411 0.544551 0.432255 0.341917 0.276085 0.23237 0.205745 0.19077 0.182943 0.179116 0.177356 0.176592 0.176276 0.176152 0.176105 0.176088 0.176082 0.176082 0.176086 0.176101 0.176141 0.176237 0.176435 0.176792 0.177352 0.178118 0.179035 
0.172966 0.173883 0.174641 0.175204 0.175582 0.175815 0.175947 0.176016 0.176051 0.176067 0.176074 0.176077 0.176078 0.176079 0.176082 0.176096 0.17616 0.176419 0.177323 0.180055 0.18722 0.203516 0.235703 0.290996 0.373848 0.482617 0.60853 0.73811 0.857783 0.95797 1.03476 1.08918 1.12514 1.14748 1.16063 1.16801 1.17198 1.17404 1.17508 1.1756 1.17584 1.17596 1.17602 1.17605 1.17606 1.17607 1.17607 1.17608 1.17608 1.17608 1.17608 1.17608 1.17608 1.17608 1.17608 1.17608 1.17608 1.17607 1.17607 1.17606 1.17604 1.17599 1.17584 1.17546 1.1745 1.17217 1.1669 1.15586 1.1346 1.09731 1.03801 0.953003 0.843596 0.717518 0.587577 0.467684 0.368338 0.294035 0.243552 0.212175 0.194206 0.184659 0.179921 0.177714 0.176742 0.176336 0.176175 0.176113 0.176091 0.176083 0.176082 0.176086 0.176101 0.176141 0.176237 0.176435 0.176792 0.177352 0.178118 0.179035 
0.172966 0.173883 0.174641 0.175204 0.175582 0.175815 0.175947 0.176016 0.176051 0.176067 0.176074 0.176077 0.176078 0.176079 0.176084 0.176104 0.176196 0.176552 0.177754 0.181269 0.190196 0.209879 0.247582 0.310401 0.401678 0.517832 0.648106 0.777931 0.893986 0.987992 1.05769 1.10544 1.13595 1.15426 1.16468 1.17033 1.17326 1.17473 1.17545 1.17579 1.17594 1.17602 1.17605 1.17606 1.17607 1.17608 1.17608 1.17608 1.17608 1.17608 1.17608 1.17608 1.17608 1.17608 1.17608 1.17608 1.17608 1.17608 1.17608 1.17607 1.17606 1.17604 1.17597 1.17576 1.17519 1.1737 1.17008 1.16201 1.14552 1.11489 1.0636 0.986468 0.882794 0.7586 0.626146 0.500229 0.393147 0.311228 0.254461 0.218556 0.19767 0.186415 0.180758 0.17809 0.176903 0.176402 0.1762 0.176123 0.176094 0.176085 0.176082 0.176086 0.176101 0.176141 0.176237 0.176435 0.176792 0.177352 0.178118 0.179035 
0.172966 0.173883 0.174641 0.175204 0.175582 0.175815 0.175947 0.176016 0.176051 0.176067 0.176074 0.176077 0.176078 0.17608 0.176086 0.176114 0.176235 0.176693 0.178196 0.182476 0.193075 0.215873 0.258493 0.327794 0.426038 0.54795 0.681181 0.810451 0.922867 1.01138 1.07511 1.11749 1.14375 1.15903 1.16745 1.17186 1.17408 1.17516 1.17566 1.17589 1.176 1.17604 1.17606 1.17607 1.17608 1.17608 1.17608 1.17608 1.17608 1.17608 1.17608 1.17608 1.17608 1.17608 1.17608 1.17608 1.17608 1.17608 1.17608 1.17608 1.17607 1.17606 1.17602 1.17591 1.17556 1.1746 1.17209 1.16611 1.15314 1.12773 1.083 1.01269 0.914406 0.79258 0.658772 0.528321 0.414964 0.326613 0.264382 0.22445 0.200917 0.188085 0.181565 0.178458 0.177062 0.176467 0.176226 0.176133 0.176098 0.176086 0.176083 0.176086 0.176101 0.176141 0.176237 0.176435 0.176792 0.177352 0.178118 0.179035 
