5.22352 5.2237 5.22396 5.2243 5.22471 5.2252 5.22576 5.22641 5.22713 5.22794 5.22883 5.2298 5.23085 5.23199 5.23322 5.23454 5.23594 5.23743 5.239 5.24066 5.2424 5.24422 5.24612 5.24808 5.25011 5.2522 5.25434 5.25652 5.25874 5.26098 5.26323 5.26549 5.26773 5.26995 5.27214 5.27428 5.27637 5.27837 5.2803 5.28212 5.28383 5.28542 5.28688 5.2882 5.28936 5.29036 5.29119 5.29185 5.29233 5.29263 5.29275 5.29268 5.29243 5.29199 5.29138 5.2906 5.28965 5.28854 5.28728 5.28588 5.28434 5.28269 5.28093 5.27907 5.27713 5.27512 5.27305 5.27093 5.26879 5.26663 5.26446 5.2623 5.26016 5.25804 5.25597 5.25394 5.25197 5.25006 5.24823 5.24648 5.2448 5.24322 5.24172 5.24032 5.23901 5.2378 5.23668 5.23566 5.23474 5.23391 5.23317 5.23253 5.23198 5.23152 5.23114 5.23084 5.23063 5.23051 5.23046 5.23048 
5.2237 5.22389 5.22415 5.22448 5.2249 5.22539 5.22596 5.2266 5.22733 5.22814 5.22903 5.23001 5.23107 5.23222 5.23346 5.23478 5.2362 5.2377 5.23928 5.24096 5.24271 5.24454 5.24646 5.24844 5.25048 5.25259 5.25475 5.25695 5.25918 5.26144 5.26371 5.26598 5.26825 5.27049 5.2727 5.27486 5.27696 5.27898 5.28092 5.28276 5.28449 5.28609 5.28756 5.28889 5.29006 5.29107 5.29191 5.29257 5.29306 5.29336 5.29348 5.29341 5.29315 5.29272 5.2921 5.29131 5.29035 5.28923 5.28796 5.28654 5.285 5.28333 5.28155 5.27968 5.27772 5.27569 5.2736 5.27147 5.26931 5.26713 5.26494 5.26276 5.2606 5.25846 5.25637 5.25433 5.25234 5.25042 5.24857 5.2468 5.24511 5.24351 5.242 5.24059 5.23927 5.23805 5.23692 5.23589 5.23496 5.23413 5.23339 5.23274 5.23218 5.23171 5.23133 5.23104 5.23082 5.23069 5.23064 5.23067 
5.22396 5.22415 5.22441 5.22475 5.22517 5.22567 5.22625 5.22691 5.22765 5.22847 5.22938 5.23038 5.23146 5.23264 5.2339 5.23525 5.23669 5.23823 5.23985 5.24156 5.24335 5.24522 5.24718 5.2492 5.25129 5.25344 5.25565 5.2579 5.26018 5.26249 5.26481 5.26713 5.26945 5.27174 5.27399 5.2762 5.27834 5.28041 5.28239 5.28427 5.28603 5.28767 5.28917 5.29053 5.29172 5.29275 5.29361 5.29429 5.29478 5.29509 5.29521 5.29513 5.29487 5.29443 5.29379 5.29299 5.29201 5.29086 5.28956 5.28811 5.28653 5.28483 5.28301 5.28109 5.27909 5.27702 5.27488 5.27271 5.27049 5.26826 5.26603 5.2638 5.26159 5.25941 5.25727 5.25518 5.25315 5.25118 5.24929 5.24748 5.24575 5.24411 5.24257 5.24112 5.23977 5.23852 5.23736 5.23631 5.23536 5.2345 5.23374 5.23307 5.2325 5.23202 5.23162 5.23132 5.2311 5.23096 5.2309 5.23093 
5.2243 5.22448 5.22475 5.2251 5.22553 5.22604 5.22663 5.22731 5.22808 5.22893 5.22987 5.2309 5.23202 5.23323 5.23454 5.23594 5.23743 5.23902 5.24069 5.24246 5.24432 5.24626 5.24828 5.25038 5.25254 5.25477 5.25705 5.25938 5.26174 5.26413 5.26653 5.26893 5.27133 5.27369 5.27603 5.27831 5.28052 5.28266 5.28471 5.28665 5.28847 5.29016 5.29171 5.29311 5.29434 5.29541 5.29629 5.29699 5.2975 5.29781 5.29793 5.29786 5.29759 5.29712 5.29647 5.29563 5.29462 5.29343 5.29209 5.29059 5.28895 5.28719 5.28531 5.28333 5.28126 5.27911 5.2769 5.27465 5.27236 5.27005 5.26773 5.26543 5.26314 5.26088 5.25866 5.25649 5.25439 5.25235 5.25039 5.24851 5.24672 5.24502 5.24342 5.24191 5.24051 5.23921 5.23801 5.23691 5.23592 5.23502 5.23423 5.23353 5.23293 5.23243 5.23202 5.23169 5.23146 5.23131 5.23125 5.23127 
5.22471 5.2249 5.22517 5.22553 5.22597 5.2265 5.22712 5.22783 5.22862 5.22951 5.23049 5.23157 5.23274 5.23401 5.23538 5.23684 5.23841 5.24007 5.24183 5.24368 5.24562 5.24765 5.24977 5.25197 5.25423 5.25657 5.25895 5.26139 5.26386 5.26636 5.26887 5.27139 5.27389 5.27637 5.2788 5.28119 5.2835 5.28574 5.28787 5.2899 5.2918 5.29357 5.29518 5.29664 5.29793 5.29903 5.29995 5.30068 5.30121 5.30154 5.30166 5.30158 5.30129 5.30081 5.30012 5.29924 5.29818 5.29694 5.29554 5.29397 5.29226 5.29041 5.28845 5.28637 5.28421 5.28196 5.27965 5.27729 5.27489 5.27248 5.27005 5.26764 5.26524 5.26287 5.26055 5.25827 5.25607 5.25393 5.25187 5.2499 5.24801 5.24623 5.24454 5.24296 5.24148 5.24011 5.23885 5.23769 5.23665 5.2357 5.23486 5.23412 5.23349 5.23295 5.23251 5.23216 5.23191 5.23174 5.23167 5.23168 
5.2252 5.22539 5.22567 5.22604 5.2265 5.22706 5.22771 5.22845 5.22929 5.23022 5.23126 5.2324 5.23363 5.23498 5.23642 5.23797 5.23963 5.24138 5.24324 5.2452 5.24726 5.24941 5.25165 5.25397 5.25637 5.25884 5.26136 5.26394 5.26655 5.26919 5.27184 5.2745 5.27714 5.27975 5.28232 5.28484 5.28728 5.28963 5.29189 5.29402 5.29602 5.29788 5.29958 5.30112 5.30247 5.30363 5.3046 5.30537 5.30592 5.30626 5.30639 5.3063 5.30599 5.30548 5.30475 5.30383 5.30271 5.3014 5.29991 5.29826 5.29645 5.2945 5.29243 5.29024 5.28795 5.28557 5.28313 5.28064 5.27811 5.27555 5.27299 5.27043 5.2679 5.26539 5.26293 5.26052 5.25818 5.25592 5.25373 5.25164 5.24964 5.24775 5.24596 5.24428 5.2427 5.24124 5.2399 5.23866 5.23754 5.23653 5.23563 5.23484 5.23416 5.23358 5.2331 5.23272 5.23244 5.23226 5.23217 5.23217 
5.22576 5.22596 5.22625 5.22663 5.22712 5.22771 5.22839 5.22918 5.23007 5.23107 5.23217 5.23338 5.2347 5.23613 5.23767 5.23932 5.24109 5.24297 5.24495 5.24704 5.24924 5.25153 5.25392 5.2564 5.25896 5.26159 5.26428 5.26702 5.2698 5.27262 5.27544 5.27827 5.28108 5.28386 5.28659 5.28926 5.29186 5.29436 5.29675 5.29901 5.30114 5.30311 5.30492 5.30654 5.30798 5.30921 5.31023 5.31104 5.31162 5.31198 5.31211 5.31202 5.31169 5.31114 5.31037 5.30938 5.30818 5.30679 5.30521 5.30345 5.30153 5.29945 5.29724 5.29491 5.29248 5.28995 5.28735 5.2847 5.282 5.27928 5.27654 5.27382 5.27111 5.26844 5.26581 5.26324 5.26074 5.25832 5.25599 5.25375 5.25161 5.24958 5.24766 5.24585 5.24416 5.2426 5.24115 5.23982 5.23861 5.23752 5.23655 5.23569 5.23495 5.23432 5.23379 5.23338 5.23307 5.23286 5.23275 5.23274 
5.22641 5.2266 5.22691 5.22731 5.22783 5.22845 5.22918 5.23002 5.23097 5.23204 5.23322 5.23452 5.23593 5.23747 5.23913 5.2409 5.2428 5.24482 5.24695 5.2492 5.25156 5.25402 5.25659 5.25925 5.26199 5.26481 5.2677 5.27064 5.27363 5.27664 5.27967 5.28269 5.2857 5.28868 5.2916 5.29446 5.29723 5.29991 5.30246 5.30488 5.30715 5.30925 5.31118 5.31291 5.31444 5.31575 5.31684 5.3177 5.31832 5.3187 5.31884 5.31873 5.31838 5.31778 5.31696 5.3159 5.31462 5.31313 5.31143 5.30955 5.30749 5.30527 5.3029 5.30041 5.2978 5.29509 5.29231 5.28946 5.28657 5.28365 5.28072 5.27779 5.27489 5.27202 5.2692 5.26643 5.26374 5.26114 5.25863 5.25621 5.25391 5.25172 5.24964 5.2477 5.24587 5.24417 5.2426 5.24116 5.23985 5.23867 5.23761 5.23667 5.23586 5.23516 5.23459 5.23413 5.23378 5.23354 5.23341 5.2334 
5.22713 5.22733 5.22765 5.22808 5.22862 5.22929 5.23007 5.23097 5.232 5.23314 5.23442 5.23582 5.23735 5.239 5.24079 5.24271 5.24476 5.24694 5.24924 5.25167 5.25422 5.25688 5.25965 5.26252 5.26548 5.26852 5.27164 5.27481 5.27802 5.28127 5.28453 5.28778 5.29102 5.29422 5.29736 5.30043 5.30341 5.30628 5.30902 5.31162 5.31405 5.31631 5.31837 5.32023 5.32186 5.32327 5.32443 5.32535 5.32601 5.32641 5.32656 5.32643 5.32605 5.32541 5.32452 5.32338 5.322 5.3204 5.31858 5.31655 5.31434 5.31195 5.3094 5.30672 5.30391 5.301 5.298 5.29494 5.29182 5.28868 5.28552 5.28236 5.27923 5.27613 5.27308 5.2701 5.26719 5.26437 5.26166 5.25904 5.25655 5.25417 5.25192 5.24981 5.24782 5.24598 5.24427 5.2427 5.24127 5.23997 5.23881 5.23778 5.23689 5.23612 5.23549 5.23497 5.23458 5.23431 5.23416 5.23413 
5.22794 5.22814 5.22847 5.22893 5.22951 5.23022 5.23107 5.23204 5.23314 5.23439 5.23576 5.23728 5.23893 5.24073 5.24267 5.24475 5.24697 5.24933 5.25183 5.25446 5.25723 5.26011 5.26311 5.26622 5.26943 5.27272 5.27609 5.27951 5.28299 5.2865 5.29001 5.29353 5.29702 5.30047 5.30387 5.30718 5.31039 5.31348 5.31643 5.31922 5.32184 5.32427 5.32649 5.32848 5.33024 5.33174 5.33299 5.33398 5.33468 5.33511 5.33526 5.33513 5.33471 5.33402 5.33305 5.33182 5.33033 5.3286 5.32664 5.32445 5.32206 5.31949 5.31674 5.31384 5.31081 5.30767 5.30443 5.30112 5.29775 5.29435 5.29093 5.28752 5.28413 5.28077 5.27747 5.27424 5.27109 5.26803 5.26508 5.26224 5.25952 5.25694 5.25449 5.25219 5.25002 5.24801 5.24614 5.24442 5.24286 5.24143 5.24016 5.23903 5.23804 5.2372 5.23649 5.23592 5.23548 5.23517 5.23499 5.23494 
5.22883 5.22903 5.22938 5.22987 5.23049 5.23126 5.23217 5.23322 5.23442 5.23576 5.23726 5.2389 5.2407 5.24266 5.24476 5.24702 5.24944 5.25201 5.25472 5.25758 5.26058 5.26371 5.26697 5.27035 5.27382 5.2774 5.28105 5.28476 5.28853 5.29233 5.29613 5.29994 5.30372 5.30745 5.31111 5.31469 5.31815 5.32149 5.32468 5.32769 5.33051 5.33313 5.33552 5.33766 5.33955 5.34118 5.34252 5.34357 5.34433 5.34479 5.34494 5.34479 5.34434 5.34359 5.34254 5.34121 5.3396 5.33773 5.33561 5.33324 5.33066 5.32788 5.32491 5.32177 5.31849 5.31509 5.31159 5.308 5.30436 5.30067 5.29697 5.29327 5.28959 5.28595 5.28237 5.27885 5.27543 5.2721 5.26889 5.2658 5.26284 5.26003 5.25736 5.25484 5.25247 5.25027 5.24823 5.24634 5.24462 5.24306 5.24166 5.24041 5.23932 5.23838 5.2376 5.23696 5.23646 5.23611 5.2359 5.23584 
5.2298 5.23001 5.23038 5.2309 5.23157 5.2324 5.23338 5.23452 5.23582 5.23728 5.2389 5.24069 5.24265 5.24478 5.24707 5.24953 5.25216 5.25496 5.25791 5.26102 5.26429 5.26769 5.27124 5.2749 5.27868 5.28256 5.28652 5.29056 5.29464 5.29875 5.30288 5.307 5.31109 5.31513 5.3191 5.32296 5.32671 5.33032 5.33376 5.33701 5.34006 5.34288 5.34545 5.34777 5.34981 5.35155 5.353 5.35413 5.35495 5.35543 5.3556 5.35543 5.35494 5.35412 5.35299 5.35154 5.3498 5.34778 5.34548 5.34292 5.34013 5.33711 5.3339 5.33051 5.32696 5.32327 5.31947 5.31559 5.31164 5.30764 5.30363 5.29961 5.29561 5.29166 5.28776 5.28394 5.28022 5.2766 5.2731 5.26973 5.2665 5.26343 5.26051 5.25776 5.25518 5.25276 5.25052 5.24846 5.24657 5.24485 5.24331 5.24193 5.24073 5.23969 5.23881 5.2381 5.23755 5.23715 5.2369 5.23682 
5.23085 5.23107 5.23146 5.23202 5.23274 5.23363 5.2347 5.23593 5.23735 5.23893 5.2407 5.24265 5.24478 5.2471 5.2496 5.25228 5.25514 5.25818 5.2614 5.26479 5.26834 5.27205 5.2759 5.27988 5.28399 5.28821 5.29251 5.29689 5.30132 5.30578 5.31025 5.31472 5.31915 5.32352 5.32781 5.33199 5.33605 5.33994 5.34366 5.34717 5.35046 5.35351 5.35629 5.35878 5.36098 5.36286 5.36442 5.36563 5.36651 5.36703 5.3672 5.36702 5.36648 5.36559 5.36436 5.3628 5.36092 5.35872 5.35623 5.35347 5.35044 5.34718 5.3437 5.34003 5.33618 5.33219 5.32808 5.32387 5.31958 5.31525 5.31089 5.30653 5.30219 5.29789 5.29366 5.2895 5.28545 5.28151 5.2777 5.27403 5.27051 5.26715 5.26397 5.26096 5.25813 5.25549 5.25303 5.25077 5.24869 5.2468 5.2451 5.24359 5.24226 5.24111 5.24014 5.23934 5.23872 5.23827 5.23799 5.23788 
5.23199 5.23222 5.23264 5.23323 5.23401 5.23498 5.23613 5.23747 5.239 5.24073 5.24266 5.24478 5.2471 5.24962 5.25234 5.25526 5.25838 5.26169 5.26519 5.26888 5.27274 5.27677 5.28096 5.28529 5.28975 5.29433 5.299 5.30375 5.30855 5.31339 5.31824 5.32308 5.32787 5.3326 5.33724 5.34177 5.34615 5.35036 5.35437 5.35816 5.36171 5.365 5.36799 5.37068 5.37305 5.37508 5.37675 5.37806 5.379 5.37956 5.37974 5.37953 5.37895 5.37799 5.37666 5.37496 5.37293 5.37055 5.36786 5.36487 5.3616 5.35807 5.35431 5.35033 5.34617 5.34185 5.33739 5.33283 5.32819 5.32349 5.31876 5.31403 5.30932 5.30465 5.30005 5.29553 5.29112 5.28683 5.28268 5.27868 5.27485 5.27119 5.26771 5.26442 5.26133 5.25844 5.25575 5.25327 5.25099 5.24892 5.24705 5.24538 5.24392 5.24265 5.24157 5.24069 5.24 5.23949 5.23917 5.23903 
5.23322 5.23346 5.2339 5.23454 5.23538 5.23642 5.23767 5.23913 5.24079 5.24267 5.24476 5.24707 5.2496 5.25234 5.2553 5.25848 5.26187 5.26548 5.26928 5.27329 5.27749 5.28187 5.28642 5.29112 5.29596 5.30093 5.30599 5.31114 5.31635 5.32158 5.32683 5.33207 5.33725 5.34237 5.34738 5.35227 5.357 5.36154 5.36587 5.36996 5.37379 5.37733 5.38056 5.38346 5.386 5.38818 5.38998 5.39139 5.3924 5.39299 5.39318 5.39296 5.39232 5.39128 5.38984 5.38801 5.38581 5.38324 5.38034 5.37711 5.37357 5.36976 5.36569 5.36139 5.35689 5.35222 5.3474 5.34246 5.33743 5.33234 5.32722 5.3221 5.31699 5.31192 5.30693 5.30203 5.29723 5.29257 5.28806 5.2837 5.27953 5.27554 5.27175 5.26816 5.26479 5.26163 5.25869 5.25597 5.25348 5.2512 5.24915 5.24732 5.2457 5.2443 5.24311 5.24214 5.24137 5.2408 5.24044 5.24027 
5.23454 5.23478 5.23525 5.23594 5.23684 5.23797 5.23932 5.2409 5.24271 5.24475 5.24702 5.24953 5.25228 5.25526 5.25848 5.26193 5.26562 5.26953 5.27367 5.27803 5.28258 5.28734 5.29227 5.29737 5.30262 5.30799 5.31348 5.31905 5.32468 5.33035 5.33602 5.34167 5.34727 5.3528 5.35821 5.36348 5.36858 5.37347 5.37814 5.38255 5.38667 5.39048 5.39395 5.39707 5.3998 5.40215 5.40408 5.40559 5.40667 5.40731 5.4075 5.40726 5.40657 5.40544 5.40389 5.40191 5.39954 5.39677 5.39364 5.39015 5.38634 5.38222 5.37783 5.37319 5.36834 5.36329 5.35808 5.35274 5.34731 5.34181 5.33627 5.33072 5.32519 5.3197 5.31429 5.30897 5.30377 5.29871 5.29381 5.28908 5.28454 5.2802 5.27607 5.27217 5.26849 5.26504 5.26183 5.25886 5.25614 5.25365 5.2514 5.24939 5.24762 5.24608 5.24477 5.24369 5.24283 5.2422 5.24179 5.2416 
5.23594 5.2362 5.23669 5.23743 5.23841 5.23963 5.24109 5.2428 5.24476 5.24697 5.24944 5.25216 5.25514 5.25838 5.26187 5.26562 5.26962 5.27387 5.27835 5.28307 5.28801 5.29316 5.2985 5.30402 5.3097 5.31551 5.32144 5.32746 5.33354 5.33966 5.34578 5.35188 5.35792 5.36387 5.3697 5.37537 5.38086 5.38613 5.39115 5.39589 5.40032 5.40441 5.40814 5.41149 5.41443 5.41694 5.41901 5.42063 5.42178 5.42246 5.42267 5.4224 5.42165 5.42044 5.41877 5.41664 5.41408 5.4111 5.40773 5.40397 5.39987 5.39544 5.39071 5.38571 5.38048 5.37503 5.36942 5.36366 5.3578 5.35186 5.34587 5.33988 5.3339 5.32797 5.32212 5.31636 5.31073 5.30525 5.29993 5.2948 5.28988 5.28517 5.28068 5.27643 5.27243 5.26868 5.26519 5.26195 5.25897 5.25626 5.2538 5.2516 5.24966 5.24797 5.24653 5.24534 5.2444 5.2437 5.24324 5.24302 
5.23743 5.2377 5.23823 5.23902 5.24007 5.24138 5.24297 5.24482 5.24694 5.24933 5.25201 5.25496 5.25818 5.26169 5.26548 5.26953 5.27387 5.27846 5.28332 5.28842 5.29377 5.29933 5.3051 5.31106 5.31719 5.32347 5.32987 5.33636 5.34291 5.3495 5.3561 5.36266 5.36916 5.37556 5.38183 5.38793 5.39382 5.39948 5.40487 5.40996 5.41471 5.4191 5.42309 5.42668 5.42983 5.43252 5.43473 5.43647 5.4377 5.43842 5.43864 5.43834 5.43754 5.43623 5.43443 5.43215 5.4294 5.4262 5.42257 5.41854 5.41413 5.40937 5.40428 5.39891 5.39328 5.38743 5.38138 5.37519 5.36887 5.36247 5.35603 5.34956 5.34311 5.33672 5.33039 5.32418 5.31809 5.31217 5.30642 5.30087 5.29553 5.29043 5.28557 5.28096 5.27661 5.27254 5.26874 5.26522 5.26198 5.25902 5.25635 5.25395 5.25182 5.24998 5.2484 5.2471 5.24606 5.24528 5.24477 5.24452 
5.239 5.23928 5.23985 5.24069 5.24183 5.24324 5.24495 5.24695 5.24924 5.25183 5.25472 5.25791 5.2614 5.26519 5.26928 5.27367 5.27835 5.28332 5.28856 5.29407 5.29984 5.30584 5.31207 5.31849 5.3251 5.33185 5.33874 5.34572 5.35277 5.35986 5.36694 5.37399 5.38097 5.38784 5.39457 5.40111 5.40743 5.41349 5.41926 5.42471 5.42979 5.43449 5.43877 5.4426 5.44596 5.44884 5.45121 5.45305 5.45437 5.45514 5.45537 5.45505 5.45418 5.45278 5.45085 5.4484 5.44545 5.44202 5.43814 5.43381 5.42908 5.42398 5.41853 5.41276 5.40672 5.40044 5.39395 5.38729 5.38051 5.37363 5.3667 5.35974 5.3528 5.34591 5.33911 5.33241 5.32585 5.31946 5.31325 5.30726 5.30149 5.29598 5.29072 5.28573 5.28103 5.27662 5.2725 5.26868 5.26516 5.26195 5.25903 5.25642 5.25411 5.2521 5.25038 5.24895 5.24781 5.24696 5.24639 5.24611 
5.24066 5.24096 5.24156 5.24246 5.24368 5.2452 5.24704 5.2492 5.25167 5.25446 5.25758 5.26102 5.26479 5.26888 5.27329 5.27803 5.28307 5.28842 5.29407 5.30001 5.30621 5.31268 5.31937 5.32628 5.33338 5.34064 5.34804 5.35553 5.3631 5.3707 5.37829 5.38585 5.39332 5.40068 5.40787 5.41487 5.42163 5.42811 5.43428 5.4401 5.44553 5.45054 5.45511 5.4592 5.46279 5.46585 5.46838 5.47034 5.47174 5.47256 5.4728 5.47245 5.47153 5.47002 5.46796 5.46534 5.46219 5.45852 5.45437 5.44974 5.44469 5.43922 5.43339 5.42722 5.42075 5.41402 5.40707 5.39994 5.39267 5.3853 5.37786 5.3704 5.36295 5.35555 5.34823 5.34103 5.33398 5.3271 5.32042 5.31396 5.30775 5.3018 5.29613 5.29074 5.28567 5.2809 5.27644 5.27231 5.2685 5.26502 5.26186 5.25903 5.25652 5.25433 5.25246 5.2509 5.24966 5.24873 5.2481 5.24778 
5.2424 5.24271 5.24335 5.24432 5.24562 5.24726 5.24924 5.25156 5.25422 5.25723 5.26058 5.26429 5.26834 5.27274 5.27749 5.28258 5.28801 5.29377 5.29984 5.30621 5.31288 5.31982 5.327 5.33442 5.34203 5.34981 5.35773 5.36576 5.37386 5.38199 5.39011 5.39819 5.40617 5.41403 5.42171 5.42918 5.43639 5.44331 5.44988 5.45608 5.46187 5.46721 5.47207 5.47642 5.48024 5.4835 5.48619 5.48828 5.48976 5.49063 5.49088 5.49051 5.48951 5.48791 5.48571 5.48291 5.47955 5.47564 5.47121 5.46628 5.46088 5.45505 5.44883 5.44224 5.43534 5.42815 5.42072 5.4131 5.40533 5.39744 5.38948 5.38149 5.37351 5.36559 5.35774 5.35002 5.34245 5.33507 5.3279 5.32096 5.31428 5.30788 5.30178 5.29599 5.29051 5.28537 5.28057 5.27611 5.272 5.26824 5.26483 5.26176 5.25904 5.25667 5.25464 5.25295 5.2516 5.25058 5.24989 5.24954 
5.24422 5.24454 5.24522 5.24626 5.24765 5.24941 5.25153 5.25402 5.25688 5.26011 5.26371 5.26769 5.27205 5.27677 5.28187 5.28734 5.29316 5.29933 5.30584 5.31268 5.31982 5.32725 5.33494 5.34287 5.35101 5.35933 5.3678 5.37637 5.38502 5.39369 5.40236 5.41097 5.41948 5.42785 5.43604 5.44399 5.45166 5.45902 5.46601 5.4726 5.47875 5.48443 5.48959 5.49421 5.49827 5.50173 5.50457 5.50679 5.50836 5.50928 5.50954 5.50914 5.50808 5.50638 5.50403 5.50106 5.49749 5.49333 5.48861 5.48336 5.47762 5.47142 5.46479 5.45778 5.45042 5.44277 5.43485 5.42673 5.41843 5.41002 5.40152 5.39299 5.38447 5.376 5.36761 5.35936 5.35126 5.34335 5.33567 5.32824 5.32108 5.31421 5.30766 5.30144 5.29556 5.29004 5.28487 5.28007 5.27565 5.27159 5.26791 5.26461 5.26168 5.25911 5.25692 5.25509 5.25362 5.25251 5.25176 5.25137 
5.24612 5.24646 5.24718 5.24828 5.24977 5.25165 5.25392 5.25659 5.25965 5.26311 5.26697 5.27124 5.2759 5.28096 5.28642 5.29227 5.2985 5.3051 5.31207 5.31937 5.327 5.33494 5.34315 5.35162 5.3603 5.36917 5.3782 5.38733 5.39654 5.40578 5.415 5.42416 5.43321 5.4421 5.4508 5.45924 5.46739 5.47519 5.48261 5.4896 5.49612 5.50213 5.50761 5.5125 5.51679 5.52046 5.52347 5.52582 5.52748 5.52845 5.52872 5.52829 5.52717 5.52536 5.52287 5.51972 5.51592 5.51151 5.5065 5.50094 5.49485 5.48826 5.48122 5.47378 5.46596 5.45782 5.44941 5.44077 5.43195 5.42299 5.41395 5.40486 5.39578 5.38675 5.37781 5.369 5.36036 5.35192 5.34371 5.33577 5.32811 5.32077 5.31376 5.30709 5.3008 5.29487 5.28933 5.28419 5.27943 5.27508 5.27112 5.26757 5.26441 5.26165 5.25928 5.25731 5.25572 5.25453 5.25371 5.25328 
5.24808 5.24844 5.2492 5.25038 5.25197 5.25397 5.2564 5.25925 5.26252 5.26622 5.27035 5.2749 5.27988 5.28529 5.29112 5.29737 5.30402 5.31106 5.31849 5.32628 5.33442 5.34287 5.35162 5.36063 5.36987 5.3793 5.3889 5.39861 5.40839 5.41819 5.42798 5.4377 5.4473 5.45673 5.46594 5.47488 5.48351 5.49177 5.49962 5.50701 5.51391 5.52027 5.52605 5.53122 5.53576 5.53962 5.54281 5.54528 5.54703 5.54805 5.54834 5.54788 5.54669 5.54477 5.54214 5.5388 5.53479 5.53012 5.52483 5.51893 5.51248 5.50551 5.49806 5.49017 5.48189 5.47326 5.46435 5.45518 5.44582 5.43631 5.42671 5.41706 5.40741 5.39781 5.3883 5.37893 5.36973 5.36074 5.35199 5.34352 5.33536 5.32753 5.32004 5.31293 5.3062 5.29987 5.29394 5.28843 5.28334 5.27868 5.27444 5.27063 5.26724 5.26428 5.26174 5.25961 5.25791 5.25661 5.25573 5.25527 
5.25011 5.25048 5.25129 5.25254 5.25423 5.25637 5.25896 5.26199 5.26548 5.26943 5.27382 5.27868 5.28399 5.28975 5.29596 5.30262 5.3097 5.31719 5.3251 5.33338 5.34203 5.35101 5.3603 5.36987 5.37968 5.38969 5.39986 5.41015 5.42051 5.4309 5.44126 5.45154 5.46169 5.47166 5.4814 5.49085 5.49996 5.50868 5.51697 5.52477 5.53204 5.53875 5.54484 5.5503 5.55507 5.55915 5.5625 5.5651 5.56695 5.56802 5.56831 5.56783 5.56657 5.56455 5.56177 5.55825 5.55401 5.54909 5.5435 5.53728 5.53047 5.52311 5.51524 5.5069 5.49815 5.48903 5.4796 5.4699 5.46 5.44993 5.43976 5.42954 5.41931 5.40913 5.39905 5.3891 5.37933 5.36978 5.36049 5.35149 5.3428 5.33446 5.3265 5.31892 5.31175 5.305 5.29868 5.2928 5.28737 5.28239 5.27786 5.27378 5.27016 5.26699 5.26426 5.26199 5.26016 5.25877 5.25782 5.25731 
5.2522 5.25259 5.25344 5.25477 5.25657 5.25884 5.26159 5.26481 5.26852 5.27272 5.2774 5.28256 5.28821 5.29433 5.30093 5.30799 5.31551 5.32347 5.33185 5.34064 5.34981 5.35933 5.36917 5.3793 5.38969 5.40028 5.41104 5.42192 5.43287 5.44384 5.45478 5.46563 5.47634 5.48686 5.49712 5.50708 5.51668 5.52586 5.53459 5.5428 5.55045 5.5575 5.56391 5.56964 5.57467 5.57895 5.58247 5.5852 5.58714 5.58826 5.58857 5.58806 5.58673 5.5846 5.58168 5.57797 5.57351 5.56833 5.56245 5.5559 5.54873 5.54097 5.53268 5.5239 5.51467 5.50506 5.49511 5.48488 5.47442 5.46379 5.45305 5.44225 5.43144 5.42067 5.41 5.39947 5.38913 5.37901 5.36916 5.35962 5.35041 5.34156 5.3331 5.32505 5.31743 5.31026 5.30354 5.29728 5.2915 5.28619 5.28137 5.27702 5.27315 5.26977 5.26686 5.26443 5.26247 5.26098 5.25996 5.25941 
5.25434 5.25475 5.25565 5.25705 5.25895 5.26136 5.26428 5.2677 5.27164 5.27609 5.28105 5.28652 5.29251 5.299 5.30599 5.31348 5.32144 5.32987 5.33874 5.34804 5.35773 5.3678 5.3782 5.3889 5.39986 5.41104 5.42239 5.43386 5.4454 5.45696 5.46848 5.4799 5.49118 5.50224 5.51303 5.5235 5.53359 5.54324 5.5524 5.56102 5.56905 5.57645 5.58317 5.58918 5.59445 5.59894 5.60263 5.60549 5.60752 5.6087 5.60902 5.60848 5.60709 5.60485 5.60177 5.59789 5.59321 5.58777 5.58159 5.57471 5.56718 5.55903 5.55032 5.54109 5.53139 5.52128 5.51081 5.50004 5.48903 5.47784 5.46652 5.45514 5.44374 5.43238 5.42112 5.41 5.39908 5.38839 5.37798 5.36789 5.35814 5.34878 5.33982 5.3313 5.32322 5.31561 5.30849 5.30185 5.29571 5.29007 5.28495 5.28033 5.27622 5.27261 5.26952 5.26693 5.26484 5.26325 5.26216 5.26157 
5.25652 5.25695 5.2579 5.25938 5.26139 5.26394 5.26702 5.27064 5.27481 5.27951 5.28476 5.29056 5.29689 5.30375 5.31114 5.31905 5.32746 5.33636 5.34572 5.35553 5.36576 5.37637 5.38733 5.39861 5.41015 5.42192 5.43386 5.44592 5.45806 5.47021 5.48231 5.49431 5.50614 5.51775 5.52907 5.54004 5.55062 5.56073 5.57032 5.57935 5.58776 5.5955 5.60254 5.60883 5.61434 5.61903 5.62289 5.62589 5.628 5.62923 5.62956 5.629 5.62754 5.62519 5.62198 5.61791 5.61301 5.60731 5.60084 5.59364 5.58575 5.57721 5.56808 5.5584 5.54823 5.53762 5.52663 5.51533 5.50377 5.49201 5.48012 5.46815 5.45616 5.44421 5.43236 5.42066 5.40915 5.39788 5.38691 5.37626 5.36598 5.3561 5.34664 5.33763 5.32909 5.32105 5.31351 5.30649 5.29999 5.29402 5.28859 5.28369 5.27933 5.27551 5.27222 5.26947 5.26725 5.26556 5.2644 5.26377 
5.25874 5.25918 5.26018 5.26174 5.26386 5.26655 5.2698 5.27363 5.27802 5.28299 5.28853 5.29464 5.30132 5.30855 5.31635 5.32468 5.33354 5.34291 5.35277 5.3631 5.37386 5.38502 5.39654 5.40839 5.42051 5.43287 5.4454 5.45806 5.47078 5.48352 5.4962 5.50877 5.52116 5.53331 5.54515 5.55663 5.56769 5.57826 5.58828 5.59772 5.6065 5.61459 5.62193 5.6285 5.63424 5.63914 5.64316 5.64629 5.64849 5.64977 5.65012 5.64953 5.648 5.64555 5.64219 5.63794 5.63283 5.62687 5.62012 5.61259 5.60435 5.59542 5.58587 5.57575 5.56511 5.55401 5.54251 5.53068 5.51857 5.50625 5.49378 5.48123 5.46865 5.45611 5.44367 5.43137 5.41928 5.40744 5.3959 5.3847 5.37388 5.36348 5.35351 5.34402 5.33503 5.32654 5.31859 5.31118 5.30431 5.29801 5.29227 5.28709 5.28248 5.27844 5.27496 5.27205 5.2697 5.2679 5.26667 5.266 
5.26098 5.26144 5.26249 5.26413 5.26636 5.26919 5.27262 5.27664 5.28127 5.2865 5.29233 5.29875 5.30578 5.31339 5.32158 5.33035 5.33966 5.3495 5.35986 5.3707 5.38199 5.39369 5.40578 5.41819 5.4309 5.44384 5.45696 5.47021 5.48352 5.49683 5.51009 5.52322 5.53616 5.54885 5.56121 5.57319 5.58472 5.59574 5.6062 5.61603 5.62518 5.6336 5.64125 5.64809 5.65407 5.65917 5.66335 5.6666 5.6689 5.67023 5.67059 5.66997 5.66838 5.66583 5.66233 5.6579 5.65257 5.64637 5.63933 5.63149 5.62289 5.61359 5.60363 5.59307 5.58196 5.57037 5.55837 5.54601 5.53335 5.52047 5.50744 5.49431 5.48115 5.46802 5.45499 5.44211 5.42944 5.41703 5.40492 5.39317 5.38181 5.37089 5.36042 5.35045 5.34099 5.33207 5.3237 5.31589 5.30867 5.30203 5.29598 5.29053 5.28566 5.2814 5.27773 5.27465 5.27217 5.27027 5.26897 5.26825 
5.26323 5.26371 5.26481 5.26653 5.26887 5.27184 5.27544 5.27967 5.28453 5.29001 5.29613 5.30288 5.31025 5.31824 5.32683 5.33602 5.34578 5.3561 5.36694 5.37829 5.39011 5.40236 5.415 5.42798 5.44126 5.45478 5.46848 5.48231 5.4962 5.51009 5.52391 5.5376 5.55108 5.5643 5.57717 5.58964 5.60164 5.61311 5.62398 5.6342 5.64371 5.65246 5.66041 5.66751 5.67373 5.67902 5.68337 5.68674 5.68912 5.6905 5.69087 5.69023 5.68858 5.68593 5.68229 5.67769 5.67215 5.66571 5.65839 5.65023 5.64129 5.63162 5.62125 5.61026 5.5987 5.58664 5.57413 5.56125 5.54806 5.53463 5.52103 5.50733 5.4936 5.47989 5.46628 5.45282 5.43957 5.42659 5.41393 5.40163 5.38974 5.37829 5.36732 5.35687 5.34695 5.33759 5.32881 5.32062 5.31303 5.30606 5.2997 5.29397 5.28886 5.28437 5.28051 5.27727 5.27465 5.27265 5.27128 5.27052 
5.26549 5.26598 5.26713 5.26893 5.27139 5.2745 5.27827 5.28269 5.28778 5.29353 5.29994 5.307 5.31472 5.32308 5.33207 5.34167 5.35188 5.36266 5.37399 5.38585 5.39819 5.41097 5.42416 5.4377 5.45154 5.46563 5.4799 5.49431 5.50877 5.52322 5.5376 5.55183 5.56585 5.57958 5.59295 5.6059 5.61836 5.63026 5.64154 5.65214 5.66201 5.67108 5.67932 5.68668 5.69312 5.69861 5.70311 5.7066 5.70907 5.7105 5.71088 5.71021 5.7085 5.70575 5.70199 5.69722 5.69147 5.68479 5.6772 5.66874 5.65947 5.64942 5.63867 5.62726 5.61525 5.60272 5.58972 5.57633 5.56262 5.54865 5.5345 5.52024 5.50594 5.49166 5.47747 5.46344 5.44963 5.43609 5.42287 5.41003 5.39761 5.38565 5.37419 5.36326 5.35289 5.3431 5.33391 5.32533 5.31739 5.31008 5.30342 5.2974 5.29204 5.28734 5.28328 5.27988 5.27713 5.27504 5.27359 5.27279 
5.26773 5.26825 5.26945 5.27133 5.27389 5.27714 5.28108 5.2857 5.29102 5.29702 5.30372 5.31109 5.31915 5.32787 5.33725 5.34727 5.35792 5.36916 5.38097 5.39332 5.40617 5.41948 5.43321 5.4473 5.46169 5.47634 5.49118 5.50614 5.52116 5.53616 5.55108 5.56585 5.58039 5.59462 5.60848 5.6219 5.6348 5.64713 5.6588 5.66977 5.67998 5.68937 5.69789 5.7055 5.71216 5.71783 5.72249 5.7261 5.72865 5.73012 5.73052 5.72983 5.72806 5.72521 5.72132 5.71639 5.71045 5.70353 5.69568 5.68692 5.67732 5.66693 5.65579 5.64397 5.63153 5.61854 5.60506 5.59118 5.57695 5.56246 5.54777 5.53296 5.5181 5.50326 5.48852 5.47393 5.45956 5.44547 5.43171 5.41834 5.4054 5.39294 5.38099 5.36959 5.35877 5.34855 5.33895 5.33 5.3217 5.31407 5.3071 5.30082 5.29521 5.29029 5.28604 5.28248 5.27961 5.27741 5.27589 5.27505 
5.26995 5.27049 5.27174 5.27369 5.27637 5.27975 5.28386 5.28868 5.29422 5.30047 5.30745 5.31513 5.32352 5.3326 5.34237 5.3528 5.36387 5.37556 5.38784 5.40068 5.41403 5.42785 5.4421 5.45673 5.47166 5.48686 5.50224 5.51775 5.53331 5.54885 5.5643 5.57958 5.59462 5.60935 5.62368 5.63755 5.65088 5.66361 5.67568 5.68701 5.69754 5.70724 5.71603 5.72389 5.73075 5.7366 5.7414 5.74513 5.74776 5.74928 5.74969 5.74897 5.74715 5.74421 5.74019 5.73511 5.72898 5.72184 5.71373 5.70469 5.69478 5.68404 5.67253 5.66031 5.64745 5.63402 5.62008 5.60571 5.59099 5.57598 5.56077 5.54543 5.53003 5.51465 5.49936 5.48422 5.46931 5.45468 5.44039 5.4265 5.41306 5.4001 5.38768 5.37582 5.36456 5.35392 5.34393 5.3346 5.32596 5.318 5.31074 5.30419 5.29834 5.2932 5.28877 5.28506 5.28205 5.27975 5.27816 5.27728 
5.27214 5.2727 5.27399 5.27603 5.2788 5.28232 5.28659 5.2916 5.29736 5.30387 5.31111 5.3191 5.32781 5.33724 5.34738 5.35821 5.3697 5.38183 5.39457 5.40787 5.42171 5.43604 5.4508 5.46594 5.4814 5.49712 5.51303 5.52907 5.54515 5.56121 5.57717 5.59295 5.60848 5.62368 5.63847 5.65277 5.66652 5.67965 5.69208 5.70376 5.71461 5.72459 5.73365 5.74174 5.74881 5.75483 5.75977 5.76361 5.76631 5.76788 5.7683 5.76756 5.76568 5.76266 5.75852 5.75329 5.74697 5.73962 5.73127 5.72196 5.71174 5.70067 5.68881 5.67621 5.66295 5.64909 5.6347 5.61987 5.60466 5.58916 5.57345 5.55759 5.54167 5.52576 5.50994 5.49427 5.47883 5.46368 5.44888 5.43448 5.42054 5.40711 5.39422 5.38192 5.37023 5.35918 5.34881 5.33912 5.33013 5.32186 5.31431 5.30749 5.30141 5.29606 5.29146 5.28759 5.28446 5.28206 5.28041 5.27949 
5.27428 5.27486 5.2762 5.27831 5.28119 5.28484 5.28926 5.29446 5.30043 5.30718 5.31469 5.32296 5.33199 5.34177 5.35227 5.36348 5.37537 5.38793 5.40111 5.41487 5.42918 5.44399 5.45924 5.47488 5.49085 5.50708 5.5235 5.54004 5.55663 5.57319 5.58964 5.6059 5.6219 5.63755 5.65277 5.6675 5.68165 5.69515 5.70793 5.71994 5.7311 5.74136 5.75067 5.75898 5.76624 5.77243 5.7775 5.78144 5.78422 5.78583 5.78626 5.7855 5.78357 5.78047 5.77622 5.77084 5.76435 5.7568 5.74821 5.73864 5.72814 5.71675 5.70455 5.69158 5.67793 5.66366 5.64885 5.63357 5.61791 5.60193 5.58572 5.56937 5.55295 5.53653 5.5202 5.50402 5.48807 5.47242 5.45712 5.44224 5.42782 5.41392 5.40059 5.38785 5.37575 5.36431 5.35356 5.34352 5.3342 5.32562 5.31779 5.31072 5.30441 5.29886 5.29408 5.29006 5.28681 5.28432 5.2826 5.28164 
5.27637 5.27696 5.27834 5.28052 5.2835 5.28728 5.29186 5.29723 5.30341 5.31039 5.31815 5.32671 5.33605 5.34615 5.357 5.36858 5.38086 5.39382 5.40743 5.42163 5.43639 5.45166 5.46739 5.48351 5.49996 5.51668 5.53359 5.55062 5.56769 5.58472 5.60164 5.61836 5.6348 5.65088 5.66652 5.68165 5.69617 5.71004 5.72316 5.73547 5.74692 5.75745 5.767 5.77552 5.78297 5.78931 5.79451 5.79855 5.8014 5.80304 5.80348 5.80271 5.80073 5.79756 5.7932 5.78768 5.78103 5.77328 5.76447 5.75465 5.74388 5.73219 5.71966 5.70635 5.69233 5.67767 5.66245 5.64675 5.63064 5.61421 5.59754 5.58071 5.56381 5.54691 5.53009 5.51342 5.49699 5.48085 5.46507 5.44972 5.43485 5.4205 5.40674 5.39358 5.38108 5.36926 5.35815 5.34777 5.33814 5.32927 5.32117 5.31385 5.30732 5.30157 5.29662 5.29246 5.28909 5.28651 5.28473 5.28373 
5.27837 5.27898 5.28041 5.28266 5.28574 5.28963 5.29436 5.29991 5.30628 5.31348 5.32149 5.33032 5.33994 5.35036 5.36154 5.37347 5.38613 5.39948 5.41349 5.42811 5.44331 5.45902 5.47519 5.49177 5.50868 5.52586 5.54324 5.56073 5.57826 5.59574 5.61311 5.63026 5.64713 5.66361 5.67965 5.69515 5.71004 5.72423 5.73767 5.75029 5.76201 5.77279 5.78256 5.79128 5.7989 5.80539 5.81071 5.81484 5.81776 5.81944 5.81989 5.8191 5.81708 5.81383 5.80937 5.80372 5.79692 5.78899 5.77997 5.76992 5.75888 5.74691 5.73408 5.72044 5.70607 5.69105 5.67544 5.65933 5.64281 5.62595 5.60884 5.59156 5.5742 5.55683 5.53955 5.52242 5.50552 5.48892 5.47269 5.45689 5.44158 5.42682 5.41264 5.39909 5.3862 5.37402 5.36257 5.35186 5.34193 5.33277 5.32442 5.31686 5.31012 5.30419 5.29907 5.29477 5.29129 5.28863 5.28678 5.28575 
5.2803 5.28092 5.28239 5.28471 5.28787 5.29189 5.29675 5.30246 5.30902 5.31643 5.32468 5.33376 5.34366 5.35437 5.36587 5.37814 5.39115 5.40487 5.41926 5.43428 5.44988 5.46601 5.48261 5.49962 5.51697 5.53459 5.5524 5.57032 5.58828 5.6062 5.62398 5.64154 5.6588 5.67568 5.69208 5.70793 5.72316 5.73767 5.75141 5.7643 5.77628 5.78729 5.79727 5.80618 5.81396 5.82059 5.82603 5.83024 5.83322 5.83494 5.8354 5.8346 5.83253 5.82921 5.82466 5.81889 5.81194 5.80384 5.79463 5.78436 5.77308 5.76085 5.74773 5.73378 5.71909 5.70371 5.68774 5.67126 5.65434 5.63708 5.61955 5.60185 5.58405 5.56625 5.54853 5.53096 5.51362 5.49659 5.47993 5.46371 5.44799 5.43282 5.41825 5.40432 5.39108 5.37855 5.36677 5.35576 5.34554 5.33612 5.32751 5.31974 5.31279 5.30668 5.30141 5.29698 5.29339 5.29065 5.28875 5.28769 
5.28212 5.28276 5.28427 5.28665 5.2899 5.29402 5.29901 5.30488 5.31162 5.31922 5.32769 5.33701 5.34717 5.35816 5.36996 5.38255 5.39589 5.40996 5.42471 5.4401 5.45608 5.4726 5.4896 5.50701 5.52477 5.5428 5.56102 5.57935 5.59772 5.61603 5.6342 5.65214 5.66977 5.68701 5.70376 5.71994 5.73547 5.75029 5.7643 5.77745 5.78967 5.8009 5.81107 5.82015 5.82809 5.83484 5.84039 5.84468 5.84772 5.84948 5.84995 5.84913 5.84702 5.84364 5.839 5.83312 5.82603 5.81778 5.80839 5.79791 5.78641 5.77393 5.76054 5.74631 5.7313 5.71561 5.6993 5.68246 5.66518 5.64754 5.62962 5.61152 5.59333 5.57512 5.55698 5.539 5.52126 5.50382 5.48676 5.47014 5.45403 5.43848 5.42355 5.40927 5.39568 5.38283 5.37074 5.35944 5.34895 5.33928 5.33044 5.32246 5.31532 5.30905 5.30363 5.29908 5.29539 5.29257 5.29061 5.28952 
5.28383 5.28449 5.28603 5.28847 5.2918 5.29602 5.30114 5.30715 5.31405 5.32184 5.33051 5.34006 5.35046 5.36171 5.37379 5.38667 5.40032 5.41471 5.42979 5.44553 5.46187 5.47875 5.49612 5.51391 5.53204 5.55045 5.56905 5.58776 5.6065 5.62518 5.64371 5.66201 5.67998 5.69754 5.71461 5.7311 5.74692 5.76201 5.77628 5.78967 5.80211 5.81353 5.82389 5.83313 5.84121 5.84808 5.85372 5.85809 5.86118 5.86297 5.86344 5.86261 5.86047 5.85703 5.85231 5.84633 5.83912 5.83072 5.82116 5.8105 5.79879 5.78608 5.77244 5.75795 5.74267 5.72667 5.71005 5.69289 5.67526 5.65727 5.639 5.62053 5.60196 5.58338 5.56486 5.5465 5.52837 5.51056 5.49312 5.47614 5.45967 5.44377 5.42849 5.41388 5.39999 5.38683 5.37446 5.36289 5.35214 5.34224 5.33319 5.325 5.31769 5.31126 5.30571 5.30104 5.29726 5.29437 5.29236 5.29124 
5.28542 5.28609 5.28767 5.29016 5.29357 5.29788 5.30311 5.30925 5.31631 5.32427 5.33313 5.34288 5.35351 5.365 5.37733 5.39048 5.40441 5.4191 5.43449 5.45054 5.46721 5.48443 5.50213 5.52027 5.53875 5.5575 5.57645 5.5955 5.61459 5.6336 5.65246 5.67108 5.68937 5.70724 5.72459 5.74136 5.75745 5.77279 5.78729 5.8009 5.81353 5.82514 5.83566 5.84505 5.85325 5.86023 5.86596 5.8704 5.87354 5.87535 5.87584 5.87499 5.87282 5.86933 5.86454 5.85846 5.85114 5.84261 5.8329 5.82207 5.81016 5.79725 5.78339 5.76865 5.75311 5.73685 5.71994 5.70248 5.68454 5.66623 5.64763 5.62883 5.60991 5.59098 5.57212 5.55341 5.53494 5.51677 5.49899 5.48167 5.46487 5.44865 5.43306 5.41815 5.40396 5.39053 5.3779 5.36608 5.3551 5.34498 5.33573 5.32737 5.31989 5.31332 5.30764 5.30287 5.299 5.29604 5.29399 5.29284 
5.28688 5.28756 5.28917 5.29171 5.29518 5.29958 5.30492 5.31118 5.31837 5.32649 5.33552 5.34545 5.35629 5.36799 5.38056 5.39395 5.40814 5.42309 5.43877 5.45511 5.47207 5.48959 5.50761 5.52605 5.54484 5.56391 5.58317 5.60254 5.62193 5.64125 5.66041 5.67932 5.69789 5.71603 5.73365 5.75067 5.767 5.78256 5.79727 5.81107 5.82389 5.83566 5.84633 5.85585 5.86417 5.87125 5.87705 5.88155 5.88473 5.88658 5.88707 5.88621 5.88401 5.88047 5.87561 5.86946 5.86203 5.85338 5.84354 5.83255 5.82048 5.80738 5.79331 5.77836 5.76259 5.74608 5.72891 5.71118 5.69297 5.67437 5.65547 5.63636 5.61714 5.5979 5.57872 5.55969 5.5409 5.52242 5.50434 5.48671 5.46961 5.45309 5.43722 5.42203 5.40758 5.3939 5.38103 5.36898 5.35779 5.34748 5.33805 5.32952 5.3219 5.31519 5.30941 5.30454 5.30059 5.29757 5.29548 5.2943 
5.2882 5.28889 5.29053 5.29311 5.29664 5.30112 5.30654 5.31291 5.32023 5.32848 5.33766 5.34777 5.35878 5.37068 5.38346 5.39707 5.41149 5.42668 5.4426 5.4592 5.47642 5.49421 5.5125 5.53122 5.5503 5.56964 5.58918 5.60883 5.6285 5.64809 5.66751 5.68668 5.7055 5.72389 5.74174 5.75898 5.77552 5.79128 5.80618 5.82015 5.83313 5.84505 5.85585 5.86548 5.8739 5.88107 5.88694 5.8915 5.89472 5.89658 5.89708 5.89622 5.89399 5.89041 5.88549 5.87926 5.87175 5.86299 5.85302 5.8419 5.82968 5.81641 5.80217 5.78702 5.77104 5.75432 5.73692 5.71895 5.70049 5.68163 5.66247 5.64309 5.6236 5.60408 5.58462 5.56531 5.54624 5.52748 5.50912 5.49122 5.47385 5.45707 5.44094 5.42552 5.41083 5.39693 5.38384 5.37159 5.36022 5.34972 5.34014 5.33146 5.32371 5.31688 5.31099 5.30604 5.30203 5.29895 5.29682 5.29562 
5.28936 5.29006 5.29172 5.29434 5.29793 5.30247 5.30798 5.31444 5.32186 5.33024 5.33955 5.34981 5.36098 5.37305 5.386 5.3998 5.41443 5.42983 5.44596 5.46279 5.48024 5.49827 5.51679 5.53576 5.55507 5.57467 5.59445 5.61434 5.63424 5.65407 5.67373 5.69312 5.71216 5.73075 5.74881 5.76624 5.78297 5.7989 5.81396 5.82809 5.84121 5.85325 5.86417 5.8739 5.88241 5.88965 5.89558 5.90019 5.90344 5.90533 5.90583 5.90496 5.90271 5.89909 5.89413 5.88783 5.88024 5.87139 5.86132 5.85008 5.83772 5.82431 5.80991 5.7946 5.77844 5.76152 5.74393 5.72575 5.70707 5.68799 5.6686 5.64899 5.62925 5.60949 5.58978 5.57023 5.55091 5.53191 5.51331 5.49517 5.47757 5.46056 5.44422 5.42857 5.41368 5.39958 5.38631 5.37389 5.36235 5.3517 5.34197 5.33317 5.3253 5.31838 5.3124 5.30737 5.30329 5.30017 5.298 5.29679 
5.29036 5.29107 5.29275 5.29541 5.29903 5.30363 5.30921 5.31575 5.32327 5.33174 5.34118 5.35155 5.36286 5.37508 5.38818 5.40215 5.41694 5.43252 5.44884 5.46585 5.4835 5.50173 5.52046 5.53962 5.55915 5.57895 5.59894 5.61903 5.63914 5.65917 5.67902 5.69861 5.71783 5.7366 5.75483 5.77243 5.78931 5.80539 5.82059 5.83484 5.84808 5.86023 5.87125 5.88107 5.88965 5.89695 5.90294 5.90758 5.91087 5.91277 5.91328 5.9124 5.91013 5.90648 5.90147 5.89512 5.88747 5.87854 5.86838 5.85703 5.84457 5.83103 5.8165 5.80104 5.78474 5.76766 5.7499 5.73154 5.71268 5.69341 5.67382 5.65401 5.63407 5.6141 5.59419 5.57443 5.5549 5.53569 5.51688 5.49854 5.48074 5.46355 5.44701 5.43119 5.41612 5.40186 5.38842 5.37585 5.36417 5.3534 5.34355 5.33463 5.32667 5.31966 5.3136 5.30851 5.30438 5.30122 5.29902 5.2978 
5.29119 5.29191 5.29361 5.29629 5.29995 5.3046 5.31023 5.31684 5.32443 5.33299 5.34252 5.353 5.36442 5.37675 5.38998 5.40408 5.41901 5.43473 5.45121 5.46838 5.48619 5.50457 5.52347 5.54281 5.5625 5.58247 5.60263 5.62289 5.64316 5.66335 5.68337 5.70311 5.72249 5.7414 5.75977 5.7775 5.79451 5.81071 5.82603 5.84039 5.85372 5.86596 5.87705 5.88694 5.89558 5.90294 5.90897 5.91365 5.91695 5.91887 5.91938 5.9185 5.91621 5.91254 5.9075 5.9011 5.89339 5.8844 5.87416 5.86274 5.85018 5.83655 5.82191 5.80633 5.7899 5.77269 5.75479 5.73629 5.71728 5.69785 5.6781 5.65813 5.63803 5.61789 5.59781 5.57787 5.55818 5.5388 5.51982 5.50132 5.48336 5.466 5.44931 5.43334 5.41813 5.40373 5.39017 5.37748 5.36568 5.3548 5.34485 5.33585 5.3278 5.32072 5.3146 5.30946 5.30529 5.30209 5.29987 5.29863 
5.29185 5.29257 5.29429 5.29699 5.30068 5.30537 5.31104 5.3177 5.32535 5.33398 5.34357 5.35413 5.36563 5.37806 5.39139 5.40559 5.42063 5.43647 5.45305 5.47034 5.48828 5.50679 5.52582 5.54528 5.5651 5.5852 5.60549 5.62589 5.64629 5.6666 5.68674 5.7066 5.7261 5.74513 5.76361 5.78144 5.79855 5.81484 5.83024 5.84468 5.85809 5.8704 5.88155 5.8915 5.90019 5.90758 5.91365 5.91835 5.92168 5.9236 5.92412 5.92323 5.92093 5.91724 5.91217 5.90574 5.89799 5.88894 5.87865 5.86716 5.85453 5.84082 5.8261 5.81043 5.79391 5.77659 5.75859 5.73997 5.72085 5.7013 5.68143 5.66133 5.6411 5.62083 5.60062 5.58055 5.56073 5.54122 5.52211 5.50348 5.48539 5.46792 5.45111 5.43502 5.4197 5.40519 5.39153 5.37874 5.36686 5.3559 5.34587 5.3368 5.32869 5.32156 5.31539 5.31021 5.306 5.30278 5.30055 5.2993 
5.29233 5.29306 5.29478 5.2975 5.30121 5.30592 5.31162 5.31832 5.32601 5.33468 5.34433 5.35495 5.36651 5.379 5.3924 5.40667 5.42178 5.4377 5.45437 5.47174 5.48976 5.50836 5.52748 5.54703 5.56695 5.58714 5.60752 5.628 5.64849 5.6689 5.68912 5.70907 5.72865 5.74776 5.76631 5.78422 5.8014 5.81776 5.83322 5.84772 5.86118 5.87354 5.88473 5.89472 5.90344 5.91087 5.91695 5.92168 5.92501 5.92695 5.92747 5.92657 5.92427 5.92056 5.91547 5.90902 5.90123 5.89215 5.88182 5.87029 5.85761 5.84384 5.82906 5.81333 5.79673 5.77935 5.76127 5.74258 5.72337 5.70373 5.68378 5.66359 5.64327 5.62291 5.6026 5.58245 5.56253 5.54293 5.52373 5.50501 5.48684 5.46927 5.45238 5.43622 5.42082 5.40624 5.39251 5.37965 5.36771 5.35669 5.34661 5.33749 5.32934 5.32216 5.31596 5.31075 5.30652 5.30329 5.30104 5.29978 
5.29263 5.29336 5.29509 5.29781 5.30154 5.30626 5.31198 5.3187 5.32641 5.33511 5.34479 5.35543 5.36703 5.37956 5.39299 5.40731 5.42246 5.43842 5.45514 5.47256 5.49063 5.50928 5.52845 5.54805 5.56802 5.58826 5.6087 5.62923 5.64977 5.67023 5.6905 5.7105 5.73012 5.74928 5.76788 5.78583 5.80304 5.81944 5.83494 5.84948 5.86297 5.87535 5.88658 5.89658 5.90533 5.91277 5.91887 5.9236 5.92695 5.92888 5.9294 5.92851 5.9262 5.92248 5.91738 5.91091 5.90311 5.89401 5.88366 5.8721 5.85939 5.84559 5.83077 5.815 5.79837 5.78094 5.76281 5.74408 5.72482 5.70514 5.68513 5.66489 5.64452 5.62411 5.60375 5.58355 5.56358 5.54392 5.52468 5.5059 5.48768 5.47007 5.45313 5.43692 5.42148 5.40686 5.39308 5.38019 5.36821 5.35716 5.34705 5.33791 5.32973 5.32253 5.31631 5.31108 5.30684 5.3036 5.30134 5.30008 
