6.51158 6.51176 6.51207 6.5125 6.51304 6.51371 6.5145 6.51541 6.51643 6.51758 6.51884 6.52022 6.52172 6.52333 6.52506 6.52689 6.52883 6.53087 6.53301 6.53525 6.53757 6.53998 6.54246 6.54501 6.54762 6.55028 6.55297 6.5557 6.55844 6.56119 6.56394 6.56666 6.56935 6.572 6.57459 6.5771 6.57953 6.58186 6.58408 6.58618 6.58813 6.58994 6.5916 6.59308 6.59439 6.59551 6.59644 6.59718 6.59771 6.59804 6.59816 6.59808 6.59779 6.59729 6.5966 6.59571 6.59464 6.59338 6.59194 6.59035 6.58859 6.58669 6.58467 6.58252 6.58026 6.57791 6.57548 6.57298 6.57043 6.56784 6.56522 6.56259 6.55995 6.55733 6.55474 6.55218 6.54966 6.5472 6.54481 6.54249 6.54025 6.5381 6.53604 6.53408 6.53223 6.53049 6.52886 6.52734 6.52595 6.52467 6.52351 6.52247 6.52156 6.52077 6.5201 6.51956 6.51913 6.51883 6.51865 6.5186 
6.51176 6.51195 6.51226 6.51269 6.51324 6.51391 6.5147 6.51561 6.51664 6.51779 6.51906 6.52045 6.52196 6.52358 6.52531 6.52715 6.52911 6.53116 6.53332 6.53556 6.5379 6.54032 6.54282 6.54538 6.54801 6.55068 6.5534 6.55614 6.5589 6.56167 6.56443 6.56717 6.56988 6.57254 6.57514 6.57768 6.58012 6.58247 6.5847 6.58681 6.58878 6.5906 6.59226 6.59375 6.59507 6.5962 6.59714 6.59787 6.59841 6.59874 6.59886 6.59878 6.59849 6.59799 6.59729 6.5964 6.59532 6.59405 6.59261 6.591 6.58923 6.58732 6.58528 6.58312 6.58085 6.57848 6.57603 6.57352 6.57095 6.56834 6.56571 6.56306 6.56041 6.55777 6.55516 6.55258 6.55005 6.54758 6.54517 6.54283 6.54058 6.53841 6.53634 6.53437 6.53251 6.53076 6.52912 6.52759 6.52618 6.5249 6.52373 6.52269 6.52177 6.52097 6.5203 6.51975 6.51932 6.51902 6.51884 6.51878 
6.51207 6.51226 6.51257 6.513 6.51356 6.51424 6.51504 6.51596 6.51701 6.51818 6.51947 6.52088 6.52241 6.52405 6.52581 6.52768 6.52966 6.53175 6.53394 6.53622 6.53859 6.54105 6.54359 6.54619 6.54886 6.55157 6.55433 6.55711 6.55991 6.56272 6.56552 6.56831 6.57106 6.57376 6.5764 6.57897 6.58146 6.58384 6.5861 6.58824 6.59024 6.59209 6.59378 6.59529 6.59663 6.59777 6.59872 6.59947 6.60001 6.60035 6.60047 6.60038 6.60009 6.59958 6.59887 6.59797 6.59687 6.59558 6.59411 6.59248 6.59069 6.58875 6.58667 6.58448 6.58217 6.57977 6.57728 6.57473 6.57212 6.56947 6.56679 6.5641 6.56141 6.55873 6.55608 6.55346 6.55089 6.54838 6.54593 6.54355 6.54126 6.53906 6.53696 6.53496 6.53306 6.53128 6.52961 6.52806 6.52663 6.52532 6.52414 6.52308 6.52214 6.52133 6.52064 6.52008 6.51965 6.51934 6.51915 6.51909 
6.5125 6.51269 6.513 6.51344 6.51401 6.51471 6.51553 6.51647 6.51754 6.51874 6.52006 6.5215 6.52307 6.52475 6.52655 6.52847 6.5305 6.53263 6.53488 6.53722 6.53965 6.54217 6.54476 6.54743 6.55016 6.55294 6.55576 6.55861 6.56148 6.56436 6.56723 6.57008 6.57289 6.57566 6.57837 6.58099 6.58353 6.58597 6.58829 6.59048 6.59252 6.59441 6.59614 6.59769 6.59905 6.60022 6.60119 6.60196 6.60251 6.60285 6.60298 6.60289 6.60258 6.60207 6.60134 6.60041 6.59928 6.59796 6.59646 6.59479 6.59295 6.59096 6.58884 6.58659 6.58423 6.58177 6.57922 6.5766 6.57393 6.57122 6.56847 6.56572 6.56296 6.56022 6.5575 6.55481 6.55218 6.5496 6.54709 6.54465 6.5423 6.54005 6.53789 6.53584 6.53389 6.53206 6.53035 6.52876 6.52729 6.52594 6.52472 6.52363 6.52267 6.52183 6.52113 6.52055 6.5201 6.51978 6.51959 6.51952 
6.51304 6.51324 6.51356 6.51401 6.51459 6.51531 6.51615 6.51713 6.51823 6.51947 6.52083 6.52232 6.52394 6.52567 6.52754 6.52952 6.53161 6.53382 6.53613 6.53855 6.54106 6.54366 6.54634 6.5491 6.55192 6.55479 6.5577 6.56064 6.56361 6.56657 6.56953 6.57247 6.57538 6.57823 6.58102 6.58374 6.58635 6.58887 6.59126 6.59351 6.59562 6.59757 6.59935 6.60094 6.60235 6.60355 6.60455 6.60534 6.60591 6.60626 6.60638 6.60629 6.60597 6.60544 6.60469 6.60372 6.60256 6.6012 6.59965 6.59792 6.59602 6.59397 6.59178 6.58946 6.58702 6.58448 6.58185 6.57915 6.57639 6.57358 6.57075 6.5679 6.56506 6.56222 6.55941 6.55663 6.55391 6.55124 6.54865 6.54613 6.5437 6.54137 6.53913 6.53701 6.53499 6.5331 6.53132 6.52967 6.52815 6.52675 6.52549 6.52436 6.52336 6.52249 6.52175 6.52115 6.52068 6.52035 6.52014 6.52007 
6.51371 6.51391 6.51424 6.51471 6.51531 6.51605 6.51693 6.51794 6.51909 6.52037 6.52179 6.52334 6.52502 6.52682 6.52876 6.53082 6.533 6.5353 6.53771 6.54022 6.54284 6.54554 6.54833 6.5512 6.55413 6.55711 6.56014 6.5632 6.56628 6.56937 6.57244 6.5755 6.57851 6.58148 6.58438 6.58719 6.58991 6.59252 6.595 6.59734 6.59953 6.60155 6.60339 6.60505 6.6065 6.60775 6.60879 6.6096 6.61019 6.61055 6.61068 6.61058 6.61025 6.60969 6.60891 6.60791 6.60669 6.60528 6.60367 6.60187 6.5999 6.59777 6.59549 6.59307 6.59054 6.58789 6.58516 6.58235 6.57948 6.57656 6.57362 6.57066 6.56769 6.56474 6.56181 6.55892 6.55609 6.55331 6.55061 6.54798 6.54545 6.54301 6.54069 6.53847 6.53637 6.53439 6.53254 6.53081 6.52922 6.52776 6.52644 6.52525 6.52421 6.5233 6.52252 6.52189 6.5214 6.52104 6.52082 6.52074 
6.5145 6.5147 6.51504 6.51553 6.51615 6.51693 6.51784 6.5189 6.5201 6.52144 6.52292 6.52455 6.52631 6.5282 6.53023 6.53239 6.53467 6.53708 6.5396 6.54223 6.54497 6.5478 6.55072 6.55372 6.55679 6.55991 6.56308 6.56628 6.5695 6.57273 6.57595 6.57914 6.58229 6.58539 6.58842 6.59136 6.5942 6.59692 6.59951 6.60196 6.60424 6.60635 6.60827 6.61 6.61151 6.61281 6.61389 6.61474 6.61535 6.61573 6.61586 6.61575 6.6154 6.61482 6.614 6.61295 6.61168 6.6102 6.60851 6.60663 6.60457 6.60234 6.59996 6.59743 6.59478 6.59201 6.58915 6.58621 6.58321 6.58016 6.57707 6.57397 6.57087 6.56777 6.56471 6.56168 6.55871 6.5558 6.55296 6.55021 6.54755 6.545 6.54255 6.54022 6.53801 6.53593 6.53399 6.53217 6.5305 6.52896 6.52757 6.52632 6.52521 6.52425 6.52344 6.52277 6.52224 6.52186 6.52162 6.52153 
6.51541 6.51561 6.51596 6.51647 6.51713 6.51794 6.5189 6.52001 6.52127 6.52269 6.52425 6.52595 6.5278 6.5298 6.53194 6.53421 6.53661 6.53915 6.5418 6.54458 6.54746 6.55044 6.55351 6.55667 6.5599 6.56318 6.56652 6.56988 6.57327 6.57666 6.58004 6.5834 6.58671 6.58997 6.59315 6.59623 6.59921 6.60207 6.60479 6.60735 6.60975 6.61196 6.61397 6.61578 6.61737 6.61873 6.61986 6.62075 6.62139 6.62178 6.62191 6.6218 6.62143 6.62081 6.61994 6.61884 6.61751 6.61595 6.61417 6.6122 6.61003 6.60769 6.60518 6.60252 6.59973 6.59683 6.59382 6.59073 6.58757 6.58436 6.58111 6.57784 6.57458 6.57132 6.56809 6.5649 6.56177 6.5587 6.55571 6.5528 6.55 6.5473 6.54472 6.54226 6.53993 6.53773 6.53567 6.53375 6.53198 6.53035 6.52888 6.52755 6.52638 6.52536 6.52449 6.52377 6.52321 6.5228 6.52255 6.52245 
6.51643 6.51664 6.51701 6.51754 6.51823 6.51909 6.5201 6.52127 6.52261 6.5241 6.52575 6.52755 6.52951 6.53162 6.53388 6.53629 6.53883 6.54151 6.54432 6.54725 6.5503 6.55345 6.5567 6.56004 6.56345 6.56692 6.57044 6.574 6.57757 6.58116 6.58472 6.58826 6.59176 6.59519 6.59855 6.6018 6.60494 6.60795 6.61082 6.61352 6.61604 6.61836 6.62049 6.62239 6.62406 6.62549 6.62668 6.62761 6.62828 6.62869 6.62883 6.6287 6.62831 6.62765 6.62674 6.62557 6.62416 6.62252 6.62064 6.61856 6.61627 6.6138 6.61115 6.60834 6.6054 6.60233 6.59915 6.59588 6.59255 6.58915 6.58572 6.58227 6.57881 6.57537 6.57195 6.56858 6.56526 6.56201 6.55884 6.55577 6.5528 6.54994 6.5472 6.54459 6.54212 6.53978 6.53759 6.53555 6.53367 6.53194 6.53037 6.52895 6.5277 6.52661 6.52568 6.52492 6.52431 6.52387 6.52359 6.52348 
6.51758 6.51779 6.51818 6.51874 6.51947 6.52037 6.52144 6.52269 6.5241 6.52568 6.52743 6.52935 6.53143 6.53367 6.53607 6.53862 6.54132 6.54416 6.54715 6.55026 6.55349 6.55684 6.56029 6.56382 6.56744 6.57112 6.57485 6.57862 6.58241 6.5862 6.58998 6.59373 6.59743 6.60106 6.60461 6.60805 6.61138 6.61456 6.61759 6.62044 6.6231 6.62556 6.6278 6.62981 6.63157 6.63309 6.63433 6.63531 6.63602 6.63644 6.63659 6.63645 6.63603 6.63534 6.63437 6.63313 6.63164 6.62989 6.62791 6.6257 6.62327 6.62065 6.61785 6.61488 6.61176 6.6085 6.60514 6.60168 6.59814 6.59454 6.5909 6.58724 6.58357 6.57992 6.57629 6.57271 6.56918 6.56573 6.56237 6.5591 6.55594 6.5529 6.54998 6.5472 6.54457 6.54208 6.53975 6.53757 6.53556 6.53371 6.53203 6.53052 6.52918 6.52801 6.52702 6.52619 6.52554 6.52507 6.52476 6.52463 
6.51884 6.51906 6.51947 6.52006 6.52083 6.52179 6.52292 6.52425 6.52575 6.52743 6.52929 6.53133 6.53355 6.53593 6.53848 6.5412 6.54408 6.54711 6.55028 6.55359 6.55703 6.56059 6.56426 6.56802 6.57186 6.57578 6.57974 6.58375 6.58777 6.5918 6.59581 6.59979 6.60371 6.60757 6.61133 6.61498 6.6185 6.62188 6.62508 6.6281 6.63092 6.63353 6.6359 6.63802 6.63989 6.64149 6.64281 6.64384 6.64458 6.64503 6.64518 6.64503 6.64458 6.64384 6.64281 6.6415 6.63991 6.63805 6.63595 6.6336 6.63103 6.62825 6.62527 6.62211 6.6188 6.61535 6.61177 6.60809 6.60433 6.60051 6.59664 6.59274 6.58885 6.58496 6.5811 6.57728 6.57353 6.56986 6.56627 6.56278 6.55942 6.55617 6.55306 6.5501 6.54728 6.54462 6.54213 6.5398 6.53765 6.53567 6.53387 6.53225 6.53081 6.52956 6.52849 6.5276 6.5269 6.52638 6.52605 6.5259 
6.52022 6.52045 6.52088 6.5215 6.52232 6.52334 6.52455 6.52595 6.52755 6.52935 6.53133 6.53351 6.53587 6.53841 6.54113 6.54403 6.5471 6.55033 6.55371 6.55724 6.56091 6.5647 6.56861 6.57262 6.57671 6.58088 6.5851 6.58936 6.59364 6.59793 6.60219 6.60642 6.6106 6.61469 6.61869 6.62257 6.62631 6.62989 6.63329 6.6365 6.63949 6.64225 6.64476 6.64701 6.64899 6.65068 6.65208 6.65317 6.65396 6.65443 6.65458 6.65442 6.65394 6.65315 6.65205 6.65065 6.64896 6.64699 6.64475 6.64225 6.63952 6.63656 6.63339 6.63004 6.62651 6.62284 6.61903 6.61512 6.61111 6.60704 6.60292 6.59878 6.59462 6.59048 6.58636 6.5823 6.57829 6.57437 6.57054 6.56682 6.56323 6.55976 6.55644 6.55326 6.55025 6.54741 6.54474 6.54225 6.53994 6.53782 6.53589 6.53415 6.5326 6.53125 6.5301 6.52914 6.52838 6.52782 6.52746 6.52729 
6.52172 6.52196 6.52241 6.52307 6.52394 6.52502 6.52631 6.5278 6.52951 6.53143 6.53355 6.53587 6.53839 6.5411 6.54401 6.54711 6.55038 6.55383 6.55744 6.56121 6.56512 6.56917 6.57334 6.57761 6.58198 6.58642 6.59092 6.59546 6.60002 6.60458 6.60912 6.61362 6.61806 6.62242 6.62667 6.63079 6.63477 6.63857 6.64219 6.6456 6.64877 6.6517 6.65437 6.65676 6.65886 6.66065 6.66213 6.66329 6.66412 6.66461 6.66477 6.66459 6.66408 6.66324 6.66206 6.66057 6.65877 6.65668 6.65429 6.65163 6.64872 6.64557 6.6422 6.63863 6.63487 6.63096 6.62691 6.62274 6.61847 6.61413 6.60974 6.60532 6.60089 6.59647 6.59208 6.58774 6.58346 6.57928 6.57519 6.57121 6.56736 6.56365 6.5601 6.5567 6.55348 6.55043 6.54757 6.5449 6.54242 6.54015 6.53807 6.5362 6.53454 6.53309 6.53184 6.53081 6.52999 6.52938 6.52898 6.52879 
6.52333 6.52358 6.52405 6.52475 6.52567 6.52682 6.5282 6.5298 6.53162 6.53367 6.53593 6.53841 6.5411 6.54401 6.54711 6.55042 6.55392 6.5576 6.56146 6.56548 6.56966 6.57398 6.57843 6.58299 6.58765 6.59238 6.59718 6.60202 6.60688 6.61174 6.61658 6.62137 6.6261 6.63073 6.63526 6.63964 6.64387 6.64792 6.65176 6.65538 6.65875 6.66187 6.6647 6.66724 6.66946 6.67136 6.67293 6.67416 6.67504 6.67556 6.67572 6.67553 6.67498 6.67408 6.67283 6.67124 6.66932 6.66709 6.66455 6.66172 6.65862 6.65526 6.65167 6.64787 6.64387 6.6397 6.63538 6.63093 6.62639 6.62176 6.61708 6.61236 6.60763 6.60292 6.59823 6.5936 6.58903 6.58455 6.58018 6.57593 6.57182 6.56785 6.56404 6.56041 6.55695 6.55369 6.55062 6.54776 6.5451 6.54265 6.54043 6.53842 6.53663 6.53506 6.53372 6.53261 6.53172 6.53106 6.53062 6.53041 
6.52506 6.52531 6.52581 6.52655 6.52754 6.52876 6.53023 6.53194 6.53388 6.53607 6.53848 6.54113 6.54401 6.54711 6.55044 6.55397 6.55771 6.56164 6.56576 6.57006 6.57452 6.57913 6.58388 6.58874 6.59371 6.59876 6.60388 6.60903 6.61421 6.61939 6.62454 6.62965 6.63468 6.63961 6.64443 6.64909 6.65359 6.65789 6.66198 6.66582 6.66941 6.67271 6.67572 6.67841 6.68078 6.68279 6.68446 6.68576 6.68668 6.68723 6.6874 6.68719 6.68661 6.68564 6.68431 6.68262 6.68058 6.67819 6.67549 6.67248 6.66918 6.6656 6.66178 6.65773 6.65347 6.64903 6.64442 6.63969 6.63484 6.62991 6.62492 6.61989 6.61484 6.60981 6.60481 6.59986 6.59498 6.5902 6.58553 6.58098 6.57658 6.57234 6.56826 6.56437 6.56067 6.55717 6.55388 6.55081 6.54796 6.54534 6.54294 6.54078 6.53886 6.53718 6.53573 6.53453 6.53357 6.53285 6.53238 6.53215 
6.52689 6.52715 6.52768 6.52847 6.52952 6.53082 6.53239 6.53421 6.53629 6.53862 6.5412 6.54403 6.54711 6.55042 6.55397 6.55774 6.56173 6.56594 6.57034 6.57492 6.57968 6.5846 6.58967 6.59486 6.60015 6.60554 6.61099 6.61648 6.622 6.62751 6.633 6.63843 6.64379 6.64904 6.65416 6.65912 6.6639 6.66847 6.67281 6.6769 6.6807 6.68421 6.68741 6.69026 6.69277 6.69491 6.69667 6.69805 6.69903 6.69961 6.69979 6.69956 6.69893 6.6979 6.69648 6.69468 6.6925 6.68997 6.68709 6.68389 6.68037 6.67657 6.6725 6.66819 6.66365 6.65892 6.65402 6.64898 6.64381 6.63856 6.63324 6.62787 6.6225 6.61713 6.61179 6.60651 6.6013 6.59619 6.5912 6.58635 6.58164 6.57711 6.57275 6.56858 6.56462 6.56088 6.55735 6.55406 6.551 6.54819 6.54562 6.5433 6.54123 6.53942 6.53787 6.53657 6.53554 6.53476 6.53424 6.53399 
6.52883 6.52911 6.52966 6.5305 6.53161 6.533 6.53467 6.53661 6.53883 6.54132 6.54408 6.5471 6.55038 6.55392 6.55771 6.56173 6.56599 6.57048 6.57517 6.58006 6.58514 6.59039 6.59579 6.60132 6.60696 6.6127 6.6185 6.62435 6.63022 6.63609 6.64193 6.64771 6.6534 6.65898 6.66442 6.66969 6.67477 6.67962 6.68423 6.68857 6.69261 6.69633 6.69972 6.70275 6.70541 6.70768 6.70954 6.711 6.71204 6.71265 6.71283 6.71258 6.71191 6.71082 6.70931 6.70739 6.70507 6.70238 6.69932 6.69591 6.69217 6.68813 6.6838 6.67921 6.67439 6.66936 6.66414 6.65878 6.65328 6.64768 6.64202 6.6363 6.63057 6.62485 6.61916 6.61353 6.60798 6.60253 6.5972 6.59202 6.58699 6.58214 6.57749 6.57304 6.5688 6.56479 6.56102 6.5575 6.55422 6.5512 6.54845 6.54596 6.54375 6.5418 6.54013 6.53874 6.53762 6.53678 6.53622 6.53594 
6.53087 6.53116 6.53175 6.53263 6.53382 6.5353 6.53708 6.53915 6.54151 6.54416 6.54711 6.55033 6.55383 6.5576 6.56164 6.56594 6.57048 6.57526 6.58026 6.58547 6.59088 6.59647 6.60222 6.60811 6.61411 6.62022 6.62639 6.63261 6.63886 6.64509 6.6513 6.65744 6.66348 6.66941 6.67518 6.68078 6.68617 6.69132 6.69621 6.70081 6.70509 6.70904 6.71263 6.71584 6.71865 6.72105 6.72303 6.72457 6.72566 6.72631 6.7265 6.72623 6.72552 6.72435 6.72274 6.7207 6.71825 6.71538 6.71213 6.70851 6.70454 6.70025 6.69565 6.69078 6.68565 6.6803 6.67476 6.66906 6.66321 6.65726 6.65123 6.64515 6.63905 6.63296 6.6269 6.6209 6.61499 6.60918 6.6035 6.59798 6.59262 6.58744 6.58247 6.57772 6.57319 6.56891 6.56488 6.56111 6.55761 6.55438 6.55143 6.54877 6.54639 6.5443 6.54251 6.54101 6.53981 6.53891 6.5383 6.53799 
6.53301 6.53332 6.53394 6.53488 6.53613 6.53771 6.5396 6.5418 6.54432 6.54715 6.55028 6.55371 6.55744 6.56146 6.56576 6.57034 6.57517 6.58026 6.58558 6.59113 6.59689 6.60283 6.60894 6.61521 6.62159 6.62808 6.63464 6.64125 6.64788 6.6545 6.66108 6.6676 6.67401 6.6803 6.68642 6.69235 6.69806 6.70352 6.7087 6.71357 6.71811 6.72229 6.72609 6.72948 6.73246 6.735 6.73709 6.73871 6.73987 6.74055 6.74074 6.74046 6.7397 6.73846 6.73675 6.73459 6.73198 6.72894 6.7255 6.72166 6.71745 6.71289 6.70801 6.70284 6.6974 6.69173 6.68584 6.67978 6.67358 6.66726 6.66085 6.6544 6.64791 6.64144 6.63499 6.62861 6.62232 6.61614 6.61009 6.60421 6.5985 6.59298 6.58769 6.58262 6.57779 6.57322 6.56892 6.56489 6.56115 6.5577 6.55455 6.5517 6.54916 6.54692 6.545 6.5434 6.54211 6.54113 6.54048 6.54014 
6.53525 6.53556 6.53622 6.53722 6.53855 6.54022 6.54223 6.54458 6.54725 6.55026 6.55359 6.55724 6.56121 6.56548 6.57006 6.57492 6.58006 6.58547 6.59113 6.59703 6.60314 6.60946 6.61595 6.62259 6.62937 6.63626 6.64322 6.65023 6.65726 6.66428 6.67125 6.67816 6.68495 6.69161 6.69809 6.70437 6.71042 6.71619 6.72167 6.72682 6.73162 6.73604 6.74005 6.74364 6.74678 6.74947 6.75167 6.75339 6.75461 6.75532 6.75552 6.75522 6.75441 6.75309 6.75128 6.74899 6.74623 6.74301 6.73936 6.7353 6.73084 6.72601 6.72084 6.71537 6.7096 6.70359 6.69735 6.69093 6.68435 6.67765 6.67085 6.664 6.65712 6.65025 6.64341 6.63663 6.62994 6.62338 6.61695 6.61069 6.60462 6.59875 6.59311 6.58772 6.58258 6.57771 6.57313 6.56884 6.56485 6.56117 6.5578 6.55476 6.55204 6.54966 6.5476 6.54589 6.5445 6.54346 6.54276 6.54239 
6.53757 6.5379 6.53859 6.53965 6.54106 6.54284 6.54497 6.54746 6.5503 6.55349 6.55703 6.56091 6.56512 6.56966 6.57452 6.57968 6.58514 6.59088 6.59689 6.60314 6.60963 6.61632 6.62321 6.63025 6.63743 6.64473 6.6521 6.65952 6.66697 6.6744 6.68178 6.68908 6.69627 6.70331 6.71016 6.7168 6.72318 6.72929 6.73507 6.74051 6.74558 6.75024 6.75448 6.75826 6.76158 6.76441 6.76673 6.76854 6.76982 6.77057 6.77078 6.77046 6.7696 6.76821 6.76629 6.76387 6.76095 6.75755 6.75369 6.74939 6.74467 6.73957 6.73411 6.72831 6.72222 6.71585 6.70926 6.70246 6.69549 6.68839 6.6812 6.67394 6.66665 6.65937 6.65212 6.64493 6.63784 6.63087 6.62405 6.61741 6.61096 6.60473 6.59874 6.59301 6.58755 6.58237 6.57749 6.57293 6.56868 6.56476 6.56118 6.55794 6.55504 6.5525 6.55031 6.54847 6.54699 6.54588 6.54512 6.54473 
6.53998 6.54032 6.54105 6.54217 6.54366 6.54554 6.5478 6.55044 6.55345 6.55684 6.56059 6.5647 6.56917 6.57398 6.57913 6.5846 6.59039 6.59647 6.60283 6.60946 6.61632 6.62341 6.6307 6.63815 6.64575 6.65346 6.66126 6.6691 6.67697 6.68482 6.69262 6.70033 6.70792 6.71535 6.72258 6.72959 6.73632 6.74276 6.74886 6.75459 6.75993 6.76485 6.76931 6.7733 6.77679 6.77977 6.78222 6.78412 6.78547 6.78625 6.78647 6.78612 6.78521 6.78374 6.78172 6.77916 6.77608 6.77249 6.76842 6.76388 6.7589 6.75352 6.74775 6.74163 6.73519 6.72847 6.72151 6.71432 6.70696 6.69946 6.69186 6.68418 6.67647 6.66877 6.6611 6.65349 6.64598 6.6386 6.63138 6.62434 6.61751 6.61091 6.60455 6.59847 6.59268 6.58718 6.582 6.57716 6.57264 6.56848 6.56467 6.56123 6.55815 6.55544 6.5531 6.55115 6.54957 6.54838 6.54757 6.54714 
6.54246 6.54282 6.54359 6.54476 6.54634 6.54833 6.55072 6.55351 6.5567 6.56029 6.56426 6.56861 6.57334 6.57843 6.58388 6.58967 6.59579 6.60222 6.60894 6.61595 6.62321 6.6307 6.63839 6.64626 6.65429 6.66243 6.67066 6.67894 6.68724 6.69552 6.70374 6.71187 6.71987 6.7277 6.73532 6.74269 6.74979 6.75656 6.76298 6.76902 6.77464 6.77981 6.7845 6.7887 6.79237 6.7955 6.79807 6.80007 6.80148 6.8023 6.80253 6.80216 6.8012 6.79965 6.79752 6.79482 6.79157 6.78779 6.7835 6.77872 6.77348 6.7678 6.76172 6.75528 6.74849 6.74141 6.73406 6.72649 6.71873 6.71081 6.70279 6.69469 6.68655 6.67841 6.67031 6.66228 6.65434 6.64654 6.63891 6.63146 6.62424 6.61725 6.61053 6.60409 6.59795 6.59213 6.58665 6.58151 6.57672 6.57231 6.56827 6.56461 6.56134 6.55846 6.55598 6.5539 6.55223 6.55096 6.55009 6.54964 
6.54501 6.54538 6.54619 6.54743 6.5491 6.5512 6.55372 6.55667 6.56004 6.56382 6.56802 6.57262 6.57761 6.58299 6.58874 6.59486 6.60132 6.60811 6.61521 6.62259 6.63025 6.63815 6.64626 6.65457 6.66302 6.6716 6.68027 6.68899 6.69773 6.70644 6.7151 6.72365 6.73207 6.7403 6.74831 6.75607 6.76352 6.77064 6.77739 6.78373 6.78963 6.79506 6.79999 6.80439 6.80825 6.81153 6.81423 6.81632 6.8178 6.81866 6.8189 6.81851 6.81749 6.81586 6.81362 6.81078 6.80737 6.80339 6.79888 6.79385 6.78834 6.78237 6.77598 6.7692 6.76206 6.75461 6.74688 6.73891 6.73073 6.7224 6.71395 6.70542 6.69685 6.68827 6.67973 6.67126 6.66289 6.65467 6.64661 6.63875 6.63112 6.62374 6.61664 6.60984 6.60335 6.5972 6.5914 6.58596 6.5809 6.57623 6.57195 6.56808 6.56462 6.56157 6.55894 6.55674 6.55496 6.55361 6.55268 6.55219 
6.54762 6.54801 6.54886 6.55016 6.55192 6.55413 6.55679 6.5599 6.56345 6.56744 6.57186 6.57671 6.58198 6.58765 6.59371 6.60015 6.60696 6.61411 6.62159 6.62937 6.63743 6.64575 6.65429 6.66302 6.67192 6.68094 6.69005 6.69922 6.7084 6.71756 6.72665 6.73564 6.74447 6.75311 6.76152 6.76966 6.77748 6.78495 6.79203 6.79867 6.80486 6.81055 6.81571 6.82033 6.82437 6.8278 6.83063 6.83282 6.83437 6.83527 6.83551 6.8351 6.83403 6.83232 6.82996 6.82699 6.8234 6.81923 6.8145 6.80922 6.80344 6.79717 6.79046 6.78334 6.77585 6.76803 6.7599 6.75153 6.74295 6.73419 6.72531 6.71634 6.70732 6.6983 6.68932 6.6804 6.6716 6.66294 6.65445 6.64618 6.63814 6.63036 6.62288 6.6157 6.60886 6.60237 6.59625 6.59051 6.58517 6.58024 6.57572 6.57163 6.56797 6.56474 6.56196 6.55963 6.55775 6.55631 6.55534 6.55481 
6.55028 6.55068 6.55157 6.55294 6.55479 6.55711 6.55991 6.56318 6.56692 6.57112 6.57578 6.58088 6.58642 6.59238 6.59876 6.60554 6.6127 6.62022 6.62808 6.63626 6.64473 6.65346 6.66243 6.6716 6.68094 6.69041 6.69997 6.70959 6.71922 6.72882 6.73836 6.74777 6.75703 6.76609 6.7749 6.78342 6.79161 6.79943 6.80683 6.81379 6.82026 6.82621 6.83162 6.83644 6.84066 6.84426 6.84721 6.8495 6.85112 6.85205 6.8523 6.85187 6.85075 6.84895 6.84649 6.84337 6.83962 6.83525 6.83029 6.82477 6.81871 6.81215 6.80512 6.79766 6.78981 6.7816 6.77309 6.76431 6.75531 6.74613 6.73681 6.7274 6.71794 6.70847 6.69904 6.68967 6.68043 6.67133 6.66241 6.65371 6.64526 6.63708 6.62921 6.62166 6.61446 6.60763 6.60118 6.59514 6.58951 6.58431 6.57955 6.57523 6.57137 6.56797 6.56504 6.56258 6.56059 6.55907 6.55804 6.55748 
6.55297 6.5534 6.55433 6.55576 6.5577 6.56014 6.56308 6.56652 6.57044 6.57485 6.57974 6.5851 6.59092 6.59718 6.60388 6.61099 6.6185 6.62639 6.63464 6.64322 6.6521 6.66126 6.67066 6.68027 6.69005 6.69997 6.70999 6.72006 6.73014 6.74019 6.75016 6.76001 6.7697 6.77917 6.78838 6.79728 6.80584 6.81401 6.82175 6.82902 6.83577 6.84199 6.84763 6.85267 6.85707 6.86082 6.8639 6.86629 6.86798 6.86895 6.86921 6.86875 6.86758 6.8657 6.86313 6.85987 6.85594 6.85138 6.8462 6.84042 6.83409 6.82723 6.81988 6.81208 6.80387 6.79529 6.78639 6.7772 6.76778 6.75817 6.74841 6.73856 6.72865 6.71873 6.70885 6.69904 6.68934 6.6798 6.67045 6.66133 6.65246 6.64388 6.63561 6.62768 6.62012 6.61295 6.60617 6.59982 6.59391 6.58844 6.58343 6.57889 6.57483 6.57125 6.56816 6.56556 6.56347 6.56187 6.56078 6.56019 
6.5557 6.55614 6.55711 6.55861 6.56064 6.5632 6.56628 6.56988 6.574 6.57862 6.58375 6.58936 6.59546 6.60202 6.60903 6.61648 6.62435 6.63261 6.64125 6.65023 6.65952 6.6691 6.67894 6.68899 6.69922 6.70959 6.72006 6.73058 6.74111 6.75161 6.76202 6.77231 6.78241 6.7923 6.80191 6.8112 6.82013 6.82865 6.83671 6.84429 6.85133 6.85781 6.86369 6.86894 6.87353 6.87743 6.88064 6.88312 6.88488 6.88589 6.88616 6.88568 6.88445 6.88249 6.87981 6.87641 6.87232 6.86755 6.86215 6.85612 6.84952 6.84236 6.83469 6.82655 6.81798 6.80903 6.79973 6.79014 6.7803 6.77026 6.76007 6.74977 6.73942 6.72905 6.71871 6.70845 6.69831 6.68833 6.67854 6.66899 6.6597 6.65071 6.64206 6.63375 6.62583 6.6183 6.6112 6.60454 6.59834 6.5926 6.58734 6.58258 6.57831 6.57455 6.57131 6.56858 6.56638 6.5647 6.56355 6.56293 
6.55844 6.5589 6.55991 6.56148 6.56361 6.56628 6.5695 6.57327 6.57757 6.58241 6.58777 6.59364 6.60002 6.60688 6.61421 6.622 6.63022 6.63886 6.64788 6.65726 6.66697 6.67697 6.68724 6.69773 6.7084 6.71922 6.73014 6.74111 6.75209 6.76304 6.77389 6.7846 6.79513 6.80543 6.81543 6.82511 6.8344 6.84327 6.85166 6.85955 6.86687 6.87361 6.87973 6.88518 6.88995 6.89402 6.89735 6.89993 6.90175 6.9028 6.90308 6.90257 6.9013 6.89926 6.89646 6.89292 6.88866 6.8837 6.87808 6.87181 6.86493 6.85748 6.84949 6.84101 6.83209 6.82276 6.81307 6.80308 6.79282 6.78236 6.77173 6.76099 6.75019 6.73937 6.72859 6.71788 6.70729 6.69687 6.68665 6.67667 6.66696 6.65757 6.64852 6.63984 6.63155 6.62368 6.61625 6.60928 6.60279 6.59678 6.59128 6.58629 6.58182 6.57788 6.57448 6.57162 6.56931 6.56754 6.56634 6.56568 
6.56119 6.56167 6.56272 6.56436 6.56657 6.56937 6.57273 6.57666 6.58116 6.5862 6.5918 6.59793 6.60458 6.61174 6.61939 6.62751 6.63609 6.64509 6.6545 6.66428 6.6744 6.68482 6.69552 6.70644 6.71756 6.72882 6.74019 6.75161 6.76304 6.77442 6.78571 6.79685 6.8078 6.8185 6.8289 6.83895 6.84861 6.85782 6.86654 6.87472 6.88233 6.88933 6.89567 6.90133 6.90628 6.9105 6.91395 6.91663 6.91852 6.91961 6.91989 6.91937 6.91804 6.91592 6.91301 6.90934 6.90491 6.89976 6.89392 6.8874 6.88025 6.87251 6.86421 6.8554 6.84612 6.83642 6.82635 6.81596 6.80529 6.7944 6.78335 6.77217 6.76093 6.74966 6.73843 6.72728 6.71625 6.70539 6.69473 6.68433 6.67421 6.66442 6.65498 6.64592 6.63727 6.62906 6.6213 6.61402 6.60724 6.60096 6.59521 6.59 6.58532 6.58121 6.57765 6.57466 6.57224 6.5704 6.56913 6.56844 
6.56394 6.56443 6.56552 6.56723 6.56953 6.57244 6.57595 6.58004 6.58472 6.58998 6.59581 6.60219 6.60912 6.61658 6.62454 6.633 6.64193 6.6513 6.66108 6.67125 6.68178 6.69262 6.70374 6.7151 6.72665 6.73836 6.75016 6.76202 6.77389 6.78571 6.79742 6.80899 6.82035 6.83145 6.84224 6.85266 6.86267 6.87222 6.88126 6.88975 6.89763 6.90488 6.91145 6.91732 6.92245 6.92681 6.93039 6.93316 6.93512 6.93624 6.93653 6.93599 6.93461 6.93241 6.9294 6.92558 6.921 6.91566 6.9096 6.90284 6.89543 6.8874 6.87879 6.86965 6.86003 6.84996 6.83951 6.82872 6.81765 6.80635 6.79486 6.78326 6.77157 6.75987 6.7482 6.73661 6.72514 6.71384 6.70276 6.69194 6.68141 6.67122 6.66139 6.65196 6.64295 6.6344 6.62632 6.61873 6.61166 6.60512 6.59913 6.59369 6.58882 6.58452 6.58081 6.57769 6.57517 6.57324 6.57191 6.57119 
6.56666 6.56717 6.56831 6.57008 6.57247 6.5755 6.57914 6.5834 6.58826 6.59373 6.59979 6.60642 6.61362 6.62137 6.62965 6.63843 6.64771 6.65744 6.6676 6.67816 6.68908 6.70033 6.71187 6.72365 6.73564 6.74777 6.76001 6.77231 6.7846 6.79685 6.80899 6.82097 6.83273 6.84422 6.85539 6.86619 6.87655 6.88643 6.89578 6.90455 6.91271 6.92021 6.92701 6.93307 6.93837 6.94288 6.94658 6.94945 6.95146 6.95263 6.95292 6.95236 6.95093 6.94865 6.94554 6.94159 6.93685 6.93132 6.92505 6.91806 6.91039 6.90208 6.89317 6.88371 6.87374 6.86332 6.85249 6.84132 6.82985 6.81813 6.80623 6.7942 6.78209 6.76995 6.75785 6.74582 6.73392 6.7222 6.7107 6.69947 6.68854 6.67795 6.66774 6.65794 6.64858 6.63969 6.63129 6.6234 6.61605 6.60925 6.60301 6.59735 6.59228 6.58781 6.58395 6.5807 6.57807 6.57606 6.57468 6.57393 
6.56935 6.56988 6.57106 6.57289 6.57538 6.57851 6.58229 6.58671 6.59176 6.59743 6.60371 6.6106 6.61806 6.6261 6.63468 6.64379 6.6534 6.66348 6.67401 6.68495 6.69627 6.70792 6.71987 6.73207 6.74447 6.75703 6.7697 6.78241 6.79513 6.8078 6.82035 6.83273 6.84489 6.85677 6.86831 6.87946 6.89016 6.90036 6.91002 6.91908 6.9275 6.93524 6.94225 6.94851 6.95399 6.95864 6.96245 6.96541 6.96749 6.96869 6.96899 6.96841 6.96693 6.96458 6.96136 6.95729 6.95239 6.94668 6.9402 6.93298 6.92506 6.91647 6.90727 6.89749 6.88719 6.87642 6.86523 6.85368 6.84182 6.82971 6.8174 6.80495 6.79242 6.77986 6.76733 6.75488 6.74256 6.73042 6.71851 6.70687 6.69554 6.68457 6.67399 6.66383 6.65412 6.6449 6.63619 6.62801 6.62038 6.61332 6.60684 6.60097 6.5957 6.59106 6.58705 6.58367 6.58094 6.57885 6.57741 6.57663 
6.572 6.57254 6.57376 6.57566 6.57823 6.58148 6.58539 6.58997 6.59519 6.60106 6.60757 6.61469 6.62242 6.63073 6.63961 6.64904 6.65898 6.66941 6.6803 6.69161 6.70331 6.71535 6.7277 6.7403 6.75311 6.76609 6.77917 6.7923 6.80543 6.8185 6.83145 6.84422 6.85677 6.86902 6.88092 6.89241 6.90345 6.91397 6.92392 6.93326 6.94193 6.94991 6.95713 6.96358 6.96922 6.97401 6.97794 6.98098 6.98312 6.98435 6.98467 6.98406 6.98254 6.98012 6.9768 6.9726 6.96755 6.96166 6.95499 6.94754 6.93938 6.93052 6.92103 6.91095 6.90033 6.88922 6.87768 6.86576 6.85352 6.84101 6.82831 6.81546 6.80252 6.78955 6.77661 6.76374 6.75101 6.73847 6.72615 6.71412 6.70241 6.69106 6.68011 6.6696 6.65956 6.65001 6.64099 6.63252 6.62462 6.61731 6.6106 6.60452 6.59906 6.59425 6.59009 6.58659 6.58376 6.58159 6.5801 6.57928 
6.57459 6.57514 6.5764 6.57837 6.58102 6.58438 6.58842 6.59315 6.59855 6.60461 6.61133 6.61869 6.62667 6.63526 6.64443 6.65416 6.66442 6.67518 6.68642 6.69809 6.71016 6.72258 6.73532 6.74831 6.76152 6.7749 6.78838 6.80191 6.81543 6.8289 6.84224 6.85539 6.86831 6.88092 6.89317 6.905 6.91635 6.92717 6.93741 6.94702 6.95594 6.96414 6.97157 6.9782 6.984 6.98892 6.99296 6.99609 6.99829 6.99955 6.99987 6.99925 6.99769 6.99519 6.99177 6.98745 6.98226 6.97621 6.96934 6.96168 6.95327 6.94417 6.9344 6.92402 6.91309 6.90165 6.88977 6.87749 6.86488 6.85201 6.83892 6.82567 6.81234 6.79897 6.78563 6.77236 6.75924 6.7463 6.73359 6.72118 6.70909 6.69737 6.68607 6.67522 6.66485 6.65499 6.64568 6.63692 6.62876 6.6212 6.61427 6.60798 6.60234 6.59737 6.59306 6.58944 6.58651 6.58427 6.58273 6.58188 
6.5771 6.57768 6.57897 6.58099 6.58374 6.58719 6.59136 6.59623 6.6018 6.60805 6.61498 6.62257 6.63079 6.63964 6.64909 6.65912 6.66969 6.68078 6.69235 6.70437 6.7168 6.72959 6.74269 6.75607 6.76966 6.78342 6.79728 6.8112 6.82511 6.83895 6.85266 6.86619 6.87946 6.89241 6.905 6.91715 6.92881 6.93992 6.95044 6.9603 6.96946 6.97788 6.98551 6.99231 6.99825 7.00331 7.00745 7.01066 7.01292 7.01421 7.01454 7.0139 7.01229 7.00973 7.00622 7.00179 6.99645 6.99024 6.98318 6.97532 6.96669 6.95733 6.9473 6.93664 6.92541 6.91366 6.90144 6.88882 6.87587 6.86263 6.84916 6.83555 6.82183 6.80808 6.79435 6.7807 6.76719 6.75387 6.74079 6.72801 6.71556 6.70349 6.69185 6.68067 6.66998 6.65982 6.65021 6.64119 6.63277 6.62498 6.61783 6.61134 6.60552 6.60039 6.59595 6.59221 6.58919 6.58687 6.58528 6.5844 
6.57953 6.58012 6.58146 6.58353 6.58635 6.58991 6.5942 6.59921 6.60494 6.61138 6.6185 6.62631 6.63477 6.64387 6.65359 6.6639 6.67477 6.68617 6.69806 6.71042 6.72318 6.73632 6.74979 6.76352 6.77748 6.79161 6.80584 6.82013 6.8344 6.84861 6.86267 6.87655 6.89016 6.90345 6.91635 6.92881 6.94077 6.95216 6.96293 6.97304 6.98243 6.99105 6.99887 7.00584 7.01193 7.01711 7.02135 7.02463 7.02694 7.02827 7.02861 7.02795 7.0263 7.02367 7.02008 7.01553 7.01006 7.0037 6.99646 6.9884 6.97956 6.96997 6.95968 6.94875 6.93723 6.92518 6.91265 6.8997 6.88641 6.87282 6.85901 6.84503 6.83095 6.81683 6.80273 6.78872 6.77484 6.76115 6.74771 6.73458 6.72178 6.70938 6.69741 6.68591 6.67492 6.66447 6.65459 6.6453 6.63664 6.62862 6.62126 6.61458 6.60859 6.60331 6.59874 6.59489 6.59177 6.58939 6.58774 6.58684 
6.58186 6.58247 6.58384 6.58597 6.58887 6.59252 6.59692 6.60207 6.60795 6.61456 6.62188 6.62989 6.63857 6.64792 6.65789 6.66847 6.67962 6.69132 6.70352 6.71619 6.72929 6.74276 6.75656 6.77064 6.78495 6.79943 6.81401 6.82865 6.84327 6.85782 6.87222 6.88643 6.90036 6.91397 6.92717 6.93992 6.95216 6.96381 6.97484 6.98518 6.99478 7.0036 7.01159 7.01872 7.02495 7.03024 7.03458 7.03794 7.0403 7.04166 7.042 7.04132 7.03964 7.03695 7.03327 7.02862 7.02303 7.01651 7.00911 7.00087 6.99182 6.982 6.97147 6.96029 6.9485 6.93616 6.92333 6.91008 6.89646 6.88255 6.8684 6.85408 6.83965 6.82518 6.81073 6.79637 6.78214 6.76811 6.75433 6.74085 6.72773 6.715 6.70272 6.69092 6.67964 6.66891 6.65877 6.64924 6.64035 6.63211 6.62455 6.61769 6.61154 6.60611 6.60141 6.59745 6.59425 6.5918 6.59011 6.58918 
6.58408 6.5847 6.5861 6.58829 6.59126 6.595 6.59951 6.60479 6.61082 6.61759 6.62508 6.63329 6.64219 6.65176 6.66198 6.67281 6.68423 6.69621 6.7087 6.72167 6.73507 6.74886 6.76298 6.77739 6.79203 6.80683 6.82175 6.83671 6.85166 6.86654 6.88126 6.89578 6.91002 6.92392 6.93741 6.95044 6.96293 6.97484 6.9861 6.99665 7.00646 7.01546 7.02362 7.0309 7.03726 7.04266 7.04709 7.05052 7.05293 7.05431 7.05466 7.05397 7.05224 7.0495 7.04574 7.041 7.03528 7.02863 7.02108 7.01265 7.00341 6.99338 6.98263 6.9712 6.95915 6.94655 6.93344 6.91989 6.90598 6.89175 6.87729 6.86264 6.84789 6.83309 6.81831 6.80361 6.78906 6.7747 6.76059 6.7468 6.73337 6.72034 6.70776 6.69568 6.68412 6.67313 6.66274 6.65298 6.64386 6.63542 6.62768 6.62064 6.61433 6.60877 6.60395 6.59989 6.59661 6.59409 6.59236 6.59141 
6.58618 6.58681 6.58824 6.59048 6.59351 6.59734 6.60196 6.60735 6.61352 6.62044 6.6281 6.6365 6.6456 6.65538 6.66582 6.6769 6.68857 6.70081 6.71357 6.72682 6.74051 6.75459 6.76902 6.78373 6.79867 6.81379 6.82902 6.84429 6.85955 6.87472 6.88975 6.90455 6.91908 6.93326 6.94702 6.9603 6.97304 6.98518 6.99665 7.00742 7.01741 7.02659 7.0349 7.04232 7.04879 7.0543 7.05881 7.0623 7.06476 7.06617 7.06652 7.06582 7.06406 7.06126 7.05743 7.05259 7.04677 7.03999 7.03229 7.0237 7.01428 7.00405 6.99309 6.98144 6.96915 6.95629 6.94292 6.9291 6.9149 6.90039 6.88563 6.87068 6.85563 6.84052 6.82543 6.81042 6.79556 6.78089 6.76648 6.75239 6.73867 6.72535 6.7125 6.70015 6.68834 6.67711 6.66648 6.6565 6.64717 6.63854 6.63062 6.62342 6.61697 6.61127 6.60635 6.60219 6.59883 6.59626 6.59448 6.59351 
6.58813 6.58878 6.59024 6.59252 6.59562 6.59953 6.60424 6.60975 6.61604 6.6231 6.63092 6.63949 6.64877 6.65875 6.66941 6.6807 6.69261 6.70509 6.71811 6.73162 6.74558 6.75993 6.77464 6.78963 6.80486 6.82026 6.83577 6.85133 6.86687 6.88233 6.89763 6.91271 6.9275 6.94193 6.95594 6.96946 6.98243 6.99478 7.00646 7.01741 7.02758 7.03691 7.04537 7.05292 7.0595 7.06511 7.06969 7.07324 7.07574 7.07717 7.07753 7.07681 7.07503 7.07218 7.06828 7.06336 7.05744 7.05054 7.0427 7.03396 7.02437 7.01397 7.00281 6.99094 6.97844 6.96534 6.95173 6.93766 6.9232 6.90842 6.89338 6.87816 6.86282 6.84743 6.83205 6.81676 6.8016 6.78665 6.77197 6.7576 6.7436 6.73002 6.71692 6.70432 6.69227 6.68081 6.66997 6.65978 6.65026 6.64145 6.63337 6.62602 6.61943 6.61362 6.60858 6.60435 6.60091 6.59828 6.59647 6.59547 
6.58994 6.5906 6.59209 6.59441 6.59757 6.60155 6.60635 6.61196 6.61836 6.62556 6.63353 6.64225 6.6517 6.66187 6.67271 6.68421 6.69633 6.70904 6.72229 6.73604 6.75024 6.76485 6.77981 6.79506 6.81055 6.82621 6.84199 6.85781 6.87361 6.88933 6.90488 6.92021 6.93524 6.94991 6.96414 6.97788 6.99105 7.0036 7.01546 7.02659 7.03691 7.0464 7.05499 7.06265 7.06934 7.07503 7.07968 7.08329 7.08582 7.08728 7.08764 7.08691 7.0851 7.0822 7.07825 7.07325 7.06723 7.06022 7.05226 7.04338 7.03364 7.02307 7.01173 6.99968 6.98697 6.97366 6.95983 6.94553 6.93083 6.9158 6.90051 6.88503 6.86943 6.85378 6.83814 6.82258 6.80716 6.79196 6.77701 6.76239 6.74814 6.73433 6.72098 6.70816 6.69589 6.68422 6.67318 6.6628 6.65311 6.64414 6.6359 6.62842 6.6217 6.61578 6.61065 6.60633 6.60283 6.60015 6.5983 6.59729 
6.5916 6.59226 6.59378 6.59614 6.59935 6.60339 6.60827 6.61397 6.62049 6.6278 6.6359 6.64476 6.65437 6.6647 6.67572 6.68741 6.69972 6.71263 6.72609 6.74005 6.75448 6.76931 6.7845 6.79999 6.81571 6.83162 6.84763 6.86369 6.87973 6.89567 6.91145 6.92701 6.94225 6.95713 6.97157 6.98551 6.99887 7.01159 7.02362 7.0349 7.04537 7.05499 7.0637 7.07146 7.07825 7.08401 7.08873 7.09239 7.09496 7.09643 7.0968 7.09606 7.09422 7.09128 7.08727 7.0822 7.0761 7.06899 7.06092 7.05192 7.04204 7.03132 7.01982 7.00759 6.9947 6.9812 6.96716 6.95266 6.93774 6.92249 6.90698 6.89127 6.87543 6.85954 6.84366 6.82787 6.81221 6.79677 6.78159 6.76674 6.75227 6.73823 6.72468 6.71165 6.69918 6.68732 6.6761 6.66555 6.65571 6.64658 6.63821 6.6306 6.62378 6.61775 6.61254 6.60814 6.60458 6.60186 6.59998 6.59894 
6.59308 6.59375 6.59529 6.59769 6.60094 6.60505 6.61 6.61578 6.62239 6.62981 6.63802 6.64701 6.65676 6.66724 6.67841 6.69026 6.70275 6.71584 6.72948 6.74364 6.75826 6.7733 6.7887 6.80439 6.82033 6.83644 6.85267 6.86894 6.88518 6.90133 6.91732 6.93307 6.94851 6.96358 6.9782 6.99231 7.00584 7.01872 7.0309 7.04232 7.05292 7.06265 7.07146 7.07932 7.08619 7.09202 7.0968 7.1005 7.1031 7.10459 7.10496 7.10421 7.10235 7.09938 7.09532 7.09018 7.08401 7.07681 7.06864 7.05953 7.04952 7.03867 7.02703 7.01465 7.00159 6.98793 6.97371 6.95902 6.94391 6.92846 6.91275 6.89683 6.88079 6.86469 6.8486 6.83259 6.81672 6.80107 6.78569 6.77063 6.75596 6.74173 6.72798 6.71477 6.70213 6.6901 6.67872 6.66802 6.65803 6.64877 6.64028 6.63256 6.62563 6.61952 6.61423 6.60977 6.60616 6.60339 6.60148 6.60043 
6.59439 6.59507 6.59663 6.59905 6.60235 6.6065 6.61151 6.61737 6.62406 6.63157 6.63989 6.64899 6.65886 6.66946 6.68078 6.69277 6.70541 6.71865 6.73246 6.74678 6.76158 6.77679 6.79237 6.80825 6.82437 6.84066 6.85707 6.87353 6.88995 6.90628 6.92245 6.93837 6.95399 6.96922 6.984 6.99825 7.01193 7.02495 7.03726 7.04879 7.0595 7.06934 7.07825 7.08619 7.09312 7.09902 7.10385 7.10758 7.11021 7.11171 7.11209 7.11133 7.10945 7.10645 7.10234 7.09716 7.09091 7.08364 7.07538 7.06618 7.05606 7.0451 7.03333 7.02081 7.00762 6.9938 6.97943 6.96457 6.9493 6.93368 6.91779 6.90169 6.88547 6.86919 6.85291 6.83672 6.82067 6.80483 6.78927 6.77404 6.75919 6.74479 6.73088 6.7175 6.70471 6.69253 6.68101 6.67018 6.66007 6.6507 6.64209 6.63428 6.62726 6.62107 6.61572 6.6112 6.60754 6.60474 6.60281 6.60174 
6.59551 6.5962 6.59777 6.60022 6.60355 6.60775 6.61281 6.61873 6.62549 6.63309 6.64149 6.65068 6.66065 6.67136 6.68279 6.69491 6.70768 6.72105 6.735 6.74947 6.76441 6.77977 6.7955 6.81153 6.8278 6.84426 6.86082 6.87743 6.89402 6.9105 6.92681 6.94288 6.95864 6.97401 6.98892 7.00331 7.01711 7.03024 7.04266 7.0543 7.06511 7.07503 7.08401 7.09202 7.09902 7.10496 7.10983 7.1136 7.11625 7.11777 7.11815 7.11738 7.11548 7.11245 7.10831 7.10308 7.09678 7.08945 7.08112 7.07183 7.06162 7.05056 7.03868 7.02606 7.01274 6.9988 6.9843 6.9693 6.95389 6.93812 6.92208 6.90583 6.88946 6.87302 6.85659 6.84024 6.82403 6.80804 6.79232 6.77694 6.76195 6.7474 6.73335 6.71983 6.70691 6.69461 6.68297 6.67203 6.66181 6.65234 6.64365 6.63575 6.62866 6.62241 6.61699 6.61243 6.60873 6.6059 6.60394 6.60287 
6.59644 6.59714 6.59872 6.60119 6.60455 6.60879 6.61389 6.61986 6.62668 6.63433 6.64281 6.65208 6.66213 6.67293 6.68446 6.69667 6.70954 6.72303 6.73709 6.75167 6.76673 6.78222 6.79807 6.81423 6.83063 6.84721 6.8639 6.88064 6.89735 6.91395 6.93039 6.94658 6.96245 6.97794 6.99296 7.00745 7.02135 7.03458 7.04709 7.05881 7.06969 7.07968 7.08873 7.0968 7.10385 7.10983 7.11474 7.11853 7.1212 7.12273 7.12311 7.12234 7.12042 7.11737 7.1132 7.10793 7.10159 7.0942 7.08581 7.07645 7.06618 7.05503 7.04307 7.03035 7.01694 7.00289 6.98828 6.97318 6.95764 6.94176 6.9256 6.90923 6.89272 6.87616 6.8596 6.84312 6.82679 6.81067 6.79483 6.77932 6.76421 6.74954 6.73538 6.72176 6.70872 6.69632 6.68459 6.67355 6.66325 6.6537 6.64493 6.63697 6.62982 6.62351 6.61805 6.61345 6.60971 6.60686 6.60489 6.6038 
6.59718 6.59787 6.59947 6.60196 6.60534 6.6096 6.61474 6.62075 6.62761 6.63531 6.64384 6.65317 6.66329 6.67416 6.68576 6.69805 6.711 6.72457 6.73871 6.75339 6.76854 6.78412 6.80007 6.81632 6.83282 6.8495 6.86629 6.88312 6.89993 6.91663 6.93316 6.94945 6.96541 6.98098 6.99609 7.01066 7.02463 7.03794 7.05052 7.0623 7.07324 7.08329 7.09239 7.1005 7.10758 7.1136 7.11853 7.12235 7.12503 7.12656 7.12694 7.12617 7.12425 7.12118 7.11699 7.11169 7.10531 7.09788 7.08944 7.08003 7.0697 7.05849 7.04646 7.03367 7.02018 7.00606 6.99137 6.97617 6.96056 6.94458 6.92832 6.91186 6.89526 6.87859 6.86194 6.84536 6.82893 6.81271 6.79678 6.78117 6.76597 6.75121 6.73696 6.72325 6.71014 6.69766 6.68585 6.67474 6.66437 6.65476 6.64594 6.63792 6.63073 6.62438 6.61888 6.61425 6.61049 6.60761 6.60563 6.60454 
6.59771 6.59841 6.60001 6.60251 6.60591 6.61019 6.61535 6.62139 6.62828 6.63602 6.64458 6.65396 6.66412 6.67504 6.68668 6.69903 6.71204 6.72566 6.73987 6.75461 6.76982 6.78547 6.80148 6.8178 6.83437 6.85112 6.86798 6.88488 6.90175 6.91852 6.93512 6.95146 6.96749 6.98312 6.99829 7.01292 7.02694 7.0403 7.05293 7.06476 7.07574 7.08582 7.09496 7.1031 7.11021 7.11625 7.1212 7.12503 7.12772 7.12926 7.12964 7.12886 7.12693 7.12385 7.11965 7.11433 7.10792 7.10047 7.092 7.08255 7.07218 7.06093 7.04885 7.03601 7.02247 7.00829 6.99354 6.97829 6.9626 6.94657 6.93024 6.91371 6.89704 6.88031 6.86359 6.84694 6.83044 6.81416 6.79815 6.78249 6.76721 6.7524 6.73808 6.72431 6.71114 6.69861 6.68675 6.67559 6.66518 6.65552 6.64666 6.63861 6.63138 6.625 6.61948 6.61482 6.61105 6.60816 6.60617 6.60507 
6.59804 6.59874 6.60035 6.60285 6.60626 6.61055 6.61573 6.62178 6.62869 6.63644 6.64503 6.65443 6.66461 6.67556 6.68723 6.69961 6.71265 6.72631 6.74055 6.75532 6.77057 6.78625 6.8023 6.81866 6.83527 6.85205 6.86895 6.88589 6.9028 6.91961 6.93624 6.95263 6.96869 6.98435 6.99955 7.01421 7.02827 7.04166 7.05431 7.06617 7.07717 7.08728 7.09643 7.10459 7.11171 7.11777 7.12273 7.12656 7.12926 7.1308 7.13119 7.13041 7.12847 7.12539 7.12117 7.11584 7.10942 7.10195 7.09346 7.08399 7.0736 7.06232 7.05022 7.03735 7.02378 7.00957 6.99478 6.9795 6.96378 6.94771 6.93135 6.91478 6.89807 6.8813 6.86454 6.84785 6.83132 6.815 6.79895 6.78325 6.76794 6.75309 6.73874 6.72494 6.71174 6.69917 6.68728 6.6761 6.66566 6.65598 6.64709 6.63902 6.63178 6.62538 6.61984 6.61518 6.6114 6.6085 6.6065 6.6054 
