2.90212 2.90235 2.90259 2.90283 2.90307 2.90332 2.90356 2.90381 2.90406 2.90431 2.90457 2.90483 2.9051 2.90538 2.90567 2.90598 2.90631 2.90666 2.90704 2.90745 2.90788 2.90836 2.90886 2.90941 2.90999 2.91062 2.91129 2.91199 2.91273 2.91351 2.91433 2.91517 2.91603 2.91691 2.91781 2.91871 2.9196 2.92049 2.92136 2.9222 2.923 2.92377 2.92448 2.92513 2.92571 2.92622 2.92665 2.927 2.92725 2.92742 2.9275 2.92748 2.92736 2.92716 2.92687 2.92649 2.92603 2.92549 2.92489 2.92423 2.9235 2.92274 2.92193 2.9211 2.92024 2.91937 2.91849 2.91762 2.91676 2.91591 2.91509 2.91429 2.91353 2.91281 2.91212 2.91148 2.91089 2.91035 2.90985 2.90941 2.90901 2.90867 2.90837 2.90812 2.90792 2.90776 2.90765 2.90757 2.90753 2.90753 2.90757 2.90763 2.90772 2.90784 2.90798 2.90814 2.90832 2.90851 2.90872 2.90894 
2.90235 2.90258 2.90282 2.90306 2.9033 2.90355 2.90379 2.90404 2.90429 2.90454 2.9048 2.90506 2.90533 2.90561 2.90591 2.90622 2.90655 2.9069 2.90728 2.90769 2.90813 2.90861 2.90912 2.90967 2.91027 2.9109 2.91158 2.91229 2.91305 2.91384 2.91467 2.91552 2.9164 2.9173 2.91821 2.91912 2.92004 2.92094 2.92182 2.92268 2.9235 2.92428 2.925 2.92566 2.92626 2.92677 2.92721 2.92757 2.92783 2.928 2.92807 2.92805 2.92794 2.92773 2.92743 2.92705 2.92658 2.92603 2.92542 2.92474 2.92401 2.92322 2.9224 2.92155 2.92068 2.91979 2.9189 2.91801 2.91713 2.91627 2.91544 2.91463 2.91385 2.91312 2.91242 2.91177 2.91117 2.91062 2.91012 2.90967 2.90927 2.90892 2.90862 2.90837 2.90816 2.908 2.90788 2.90781 2.90777 2.90777 2.9078 2.90786 2.90795 2.90807 2.90821 2.90837 2.90855 2.90875 2.90895 2.90917 
2.90259 2.90282 2.90306 2.9033 2.90354 2.90379 2.90404 2.90428 2.90454 2.90479 2.90505 2.90532 2.9056 2.90589 2.90619 2.90652 2.90686 2.90723 2.90763 2.90805 2.90852 2.90902 2.90956 2.91014 2.91077 2.91144 2.91215 2.91291 2.9137 2.91454 2.91541 2.91632 2.91725 2.91819 2.91916 2.92012 2.92109 2.92204 2.92297 2.92388 2.92474 2.92556 2.92632 2.92702 2.92765 2.92819 2.92865 2.92903 2.9293 2.92948 2.92956 2.92954 2.92941 2.92919 2.92888 2.92847 2.92797 2.92739 2.92674 2.92603 2.92525 2.92443 2.92356 2.92266 2.92174 2.9208 2.91986 2.91892 2.91799 2.91708 2.9162 2.91534 2.91452 2.91374 2.91301 2.91232 2.91169 2.9111 2.91057 2.91009 2.90967 2.9093 2.90898 2.9087 2.90848 2.90831 2.90818 2.90809 2.90805 2.90804 2.90806 2.90812 2.90821 2.90832 2.90846 2.90862 2.90879 2.90898 2.90919 2.90941 
2.90283 2.90306 2.9033 2.90354 2.90379 2.90404 2.90429 2.90454 2.9048 2.90506 2.90534 2.90562 2.90591 2.90621 2.90654 2.90688 2.90725 2.90765 2.90808 2.90854 2.90904 2.90959 2.91018 2.91081 2.9115 2.91223 2.91301 2.91384 2.91471 2.91562 2.91658 2.91756 2.91858 2.91961 2.92066 2.92172 2.92277 2.92381 2.92482 2.92581 2.92675 2.92764 2.92847 2.92922 2.9299 2.9305 2.931 2.9314 2.93169 2.93189 2.93197 2.93194 2.93181 2.93156 2.93122 2.93077 2.93023 2.9296 2.92889 2.92811 2.92726 2.92636 2.92542 2.92443 2.92343 2.92241 2.92138 2.92035 2.91934 2.91835 2.91738 2.91644 2.91555 2.9147 2.91389 2.91314 2.91244 2.9118 2.91121 2.91069 2.91022 2.9098 2.90945 2.90914 2.90889 2.90869 2.90854 2.90843 2.90837 2.90834 2.90835 2.9084 2.90848 2.90858 2.90872 2.90887 2.90904 2.90923 2.90943 2.90965 
2.90307 2.9033 2.90354 2.90379 2.90404 2.90429 2.90455 2.90481 2.90508 2.90536 2.90564 2.90594 2.90625 2.90658 2.90693 2.90731 2.90772 2.90816 2.90863 2.90915 2.90972 2.91033 2.91099 2.9117 2.91247 2.91329 2.91417 2.9151 2.91608 2.91711 2.91818 2.91928 2.92042 2.92158 2.92276 2.92394 2.92511 2.92627 2.92741 2.9285 2.92955 2.93054 2.93146 2.93231 2.93306 2.93372 2.93427 2.93471 2.93504 2.93525 2.93534 2.93531 2.93515 2.93488 2.93449 2.93399 2.93338 2.93268 2.93189 2.93101 2.93007 2.92906 2.928 2.92691 2.92578 2.92464 2.92349 2.92234 2.9212 2.92009 2.919 2.91795 2.91695 2.91599 2.91508 2.91423 2.91345 2.91272 2.91206 2.91146 2.91092 2.91045 2.91004 2.90968 2.90939 2.90915 2.90896 2.90882 2.90873 2.90868 2.90868 2.90871 2.90877 2.90886 2.90899 2.90913 2.9093 2.90948 2.90968 2.90989 
2.90332 2.90355 2.90379 2.90404 2.90429 2.90455 2.90482 2.90509 2.90537 2.90567 2.90597 2.9063 2.90664 2.907 2.90739 2.90781 2.90827 2.90877 2.90931 2.9099 2.91054 2.91124 2.912 2.91282 2.9137 2.91465 2.91565 2.91672 2.91784 2.91902 2.92024 2.92151 2.92281 2.92413 2.92547 2.92681 2.92815 2.92947 2.93076 2.932 2.93319 2.93431 2.93536 2.93631 2.93716 2.9379 2.93853 2.93902 2.93939 2.93963 2.93972 2.93968 2.9395 2.93919 2.93874 2.93817 2.93748 2.93668 2.93578 2.93478 2.93371 2.93256 2.93136 2.93011 2.92883 2.92752 2.92621 2.9249 2.92361 2.92233 2.92109 2.91989 2.91874 2.91764 2.9166 2.91563 2.91472 2.91388 2.91311 2.91242 2.91179 2.91124 2.91075 2.91033 2.90998 2.90969 2.90945 2.90927 2.90915 2.90907 2.90903 2.90904 2.90908 2.90916 2.90927 2.9094 2.90956 2.90974 2.90993 2.91014 
2.90356 2.90379 2.90404 2.90429 2.90455 2.90482 2.9051 2.90539 2.90569 2.906 2.90634 2.90669 2.90707 2.90748 2.90792 2.9084 2.90892 2.90949 2.91012 2.9108 2.91154 2.91236 2.91324 2.91419 2.91521 2.91631 2.91748 2.91872 2.92002 2.92138 2.9228 2.92427 2.92577 2.9273 2.92884 2.93039 2.93193 2.93345 2.93493 2.93636 2.93772 2.939 2.9402 2.94129 2.94226 2.9431 2.94381 2.94438 2.9448 2.94506 2.94517 2.94511 2.9449 2.94454 2.94403 2.94337 2.94257 2.94165 2.94061 2.93947 2.93823 2.93691 2.93553 2.93409 2.93261 2.93111 2.9296 2.92808 2.92659 2.92511 2.92368 2.92229 2.92095 2.91967 2.91847 2.91733 2.91627 2.91529 2.91439 2.91358 2.91284 2.91218 2.9116 2.9111 2.91067 2.91031 2.91001 2.90978 2.90961 2.90949 2.90942 2.9094 2.90942 2.90947 2.90956 2.90968 2.90983 2.91 2.91018 2.91039 
2.90381 2.90404 2.90428 2.90454 2.90481 2.90509 2.90539 2.90569 2.90602 2.90636 2.90673 2.90712 2.90755 2.90801 2.90851 2.90907 2.90967 2.91033 2.91106 2.91186 2.91273 2.91368 2.91471 2.91583 2.91703 2.91831 2.91968 2.92113 2.92265 2.92425 2.9259 2.92761 2.92935 2.93113 2.93292 2.93472 2.9365 2.93826 2.93997 2.94162 2.94319 2.94467 2.94605 2.9473 2.94842 2.94939 2.9502 2.95085 2.95132 2.95162 2.95173 2.95167 2.95142 2.951 2.9504 2.94964 2.94872 2.94765 2.94645 2.94512 2.94369 2.94216 2.94056 2.93889 2.93718 2.93544 2.93368 2.93193 2.93018 2.92847 2.9268 2.92518 2.92362 2.92213 2.92071 2.91938 2.91814 2.91698 2.91592 2.91495 2.91408 2.91329 2.9126 2.91199 2.91147 2.91103 2.91066 2.91036 2.91013 2.90996 2.90985 2.90979 2.90978 2.9098 2.90987 2.90997 2.9101 2.91026 2.91044 2.91064 
2.90406 2.90429 2.90454 2.9048 2.90508 2.90537 2.90569 2.90602 2.90637 2.90675 2.90716 2.9076 2.90809 2.90861 2.90919 2.90983 2.91054 2.91131 2.91216 2.9131 2.91412 2.91524 2.91645 2.91777 2.91918 2.92069 2.92229 2.92399 2.92578 2.92764 2.92958 2.93157 2.93361 2.93568 2.93777 2.93985 2.94193 2.94396 2.94594 2.94785 2.94967 2.95138 2.95297 2.95441 2.9557 2.95681 2.95775 2.95849 2.95903 2.95937 2.9595 2.95942 2.95913 2.95863 2.95794 2.95705 2.95598 2.95474 2.95335 2.95181 2.95015 2.94838 2.94652 2.94458 2.94259 2.94057 2.93852 2.93648 2.93445 2.93245 2.93049 2.9286 2.92677 2.92502 2.92336 2.9218 2.92033 2.91897 2.91772 2.91657 2.91553 2.91459 2.91376 2.91303 2.91239 2.91185 2.91139 2.91101 2.91071 2.91048 2.91032 2.91021 2.91016 2.91016 2.9102 2.91028 2.91039 2.91053 2.9107 2.91089 
2.90431 2.90454 2.90479 2.90506 2.90536 2.90567 2.906 2.90636 2.90675 2.90717 2.90763 2.90813 2.90868 2.90929 2.90996 2.91071 2.91153 2.91244 2.91344 2.91454 2.91574 2.91706 2.91849 2.92003 2.92169 2.92347 2.92535 2.92734 2.92943 2.93162 2.93388 2.9362 2.93858 2.941 2.94343 2.94585 2.94826 2.95062 2.95291 2.95512 2.95723 2.9592 2.96103 2.96269 2.96418 2.96546 2.96653 2.96738 2.968 2.96838 2.96853 2.96843 2.96808 2.96751 2.9667 2.96567 2.96443 2.963 2.96138 2.9596 2.95767 2.95562 2.95346 2.95121 2.9489 2.94655 2.94417 2.94179 2.93942 2.93709 2.93481 2.93259 2.93045 2.92841 2.92646 2.92462 2.9229 2.92129 2.91981 2.91845 2.91721 2.9161 2.9151 2.91422 2.91345 2.91278 2.91222 2.91175 2.91136 2.91106 2.91083 2.91067 2.91057 2.91053 2.91054 2.91059 2.91068 2.91081 2.91097 2.91115 
2.90457 2.9048 2.90505 2.90534 2.90564 2.90597 2.90634 2.90673 2.90716 2.90763 2.90815 2.90872 2.90935 2.91006 2.91084 2.9117 2.91267 2.91373 2.9149 2.9162 2.91761 2.91916 2.92084 2.92265 2.9246 2.92668 2.92889 2.93123 2.93367 2.93622 2.93886 2.94157 2.94434 2.94714 2.94996 2.95277 2.95556 2.95829 2.96095 2.9635 2.96592 2.9682 2.9703 2.97222 2.97392 2.97539 2.97662 2.97759 2.9783 2.97873 2.97889 2.97877 2.97837 2.9777 2.97676 2.97557 2.97414 2.97248 2.97061 2.96855 2.96632 2.96395 2.96145 2.95885 2.95617 2.95344 2.95068 2.94791 2.94516 2.94245 2.93979 2.9372 2.93471 2.93231 2.93003 2.92788 2.92585 2.92396 2.92222 2.92061 2.91914 2.91782 2.91663 2.91558 2.91465 2.91384 2.91315 2.91257 2.91209 2.9117 2.9114 2.91118 2.91102 2.91093 2.9109 2.91092 2.91099 2.91109 2.91124 2.91141 
2.90483 2.90506 2.90532 2.90562 2.90594 2.9063 2.90669 2.90712 2.9076 2.90813 2.90872 2.90938 2.91011 2.91092 2.91183 2.91284 2.91396 2.91521 2.91658 2.9181 2.91976 2.92158 2.92354 2.92567 2.92795 2.93038 2.93296 2.93568 2.93853 2.9415 2.94456 2.94771 2.95092 2.95417 2.95743 2.96068 2.9639 2.96704 2.9701 2.97304 2.97582 2.97844 2.98085 2.98304 2.98499 2.98667 2.98807 2.98918 2.98999 2.99048 2.99065 2.9905 2.99004 2.98927 2.98819 2.98682 2.98517 2.98326 2.98111 2.97873 2.97617 2.97343 2.97054 2.96754 2.96445 2.96129 2.9581 2.9549 2.95171 2.94857 2.94548 2.94248 2.93957 2.93678 2.93412 2.93161 2.92924 2.92702 2.92497 2.92308 2.92135 2.91979 2.91838 2.91712 2.91601 2.91504 2.91421 2.9135 2.9129 2.91241 2.91202 2.91173 2.91151 2.91137 2.91129 2.91127 2.91131 2.91139 2.91152 2.91168 
2.9051 2.90533 2.9056 2.90591 2.90625 2.90664 2.90707 2.90755 2.90809 2.90868 2.90935 2.91011 2.91095 2.91189 2.91294 2.91412 2.91543 2.91689 2.9185 2.92027 2.92221 2.92433 2.92663 2.92911 2.93176 2.9346 2.9376 2.94076 2.94406 2.9475 2.95105 2.95469 2.95839 2.96213 2.96589 2.96963 2.97332 2.97694 2.98044 2.9838 2.98699 2.98998 2.99273 2.99523 2.99745 2.99937 3.00096 3.00222 3.00313 3.00369 3.00388 3.0037 3.00317 3.00227 3.00104 2.99946 2.99757 2.99539 2.99292 2.9902 2.98726 2.98412 2.98081 2.97736 2.9738 2.97017 2.9665 2.96281 2.95913 2.9555 2.95193 2.94846 2.94509 2.94186 2.93877 2.93584 2.93308 2.9305 2.9281 2.92589 2.92386 2.92202 2.92036 2.91887 2.91755 2.9164 2.91539 2.91453 2.91381 2.9132 2.91271 2.91233 2.91204 2.91183 2.91171 2.91164 2.91165 2.9117 2.91181 2.91196 
2.90538 2.90561 2.90589 2.90621 2.90658 2.907 2.90748 2.90801 2.90861 2.90929 2.91006 2.91092 2.91189 2.91298 2.9142 2.91557 2.91709 2.91879 2.92066 2.92273 2.92499 2.92745 2.93012 2.933 2.93609 2.93937 2.94284 2.94649 2.95031 2.95427 2.95836 2.96254 2.9668 2.97109 2.9754 2.97968 2.9839 2.98802 2.99202 2.99585 2.99948 3.00288 3.00601 3.00884 3.01136 3.01353 3.01534 3.01676 3.01778 3.0184 3.01861 3.01841 3.01779 3.01677 3.01536 3.01357 3.01141 3.00892 3.00611 3.00301 2.99965 2.99607 2.99229 2.98835 2.98428 2.98013 2.97592 2.97169 2.96747 2.9633 2.95919 2.95519 2.95131 2.94758 2.94401 2.94062 2.93742 2.93443 2.93164 2.92906 2.92669 2.92454 2.92259 2.92084 2.91929 2.91792 2.91672 2.91569 2.91482 2.91408 2.91348 2.91299 2.91262 2.91234 2.91215 2.91204 2.912 2.91203 2.91211 2.91225 
2.90567 2.90591 2.90619 2.90654 2.90693 2.90739 2.90792 2.90851 2.90919 2.90996 2.91084 2.91183 2.91294 2.9142 2.91562 2.9172 2.91897 2.92093 2.92311 2.9255 2.92812 2.93097 2.93406 2.93739 2.94095 2.94473 2.94873 2.95293 2.95732 2.96186 2.96654 2.97132 2.97619 2.98109 2.98599 2.99086 2.99566 3.00035 3.00488 3.00922 3.01333 3.01717 3.02071 3.02391 3.02675 3.0292 3.03123 3.03283 3.03398 3.03467 3.0349 3.03466 3.03396 3.0328 3.0312 3.02917 3.02673 3.0239 3.02072 3.0172 3.01339 3.00932 3.00503 3.00055 2.99593 2.9912 2.9864 2.98158 2.97676 2.97199 2.9673 2.96271 2.95827 2.95398 2.94988 2.94597 2.94229 2.93883 2.9356 2.93262 2.92987 2.92737 2.9251 2.92305 2.92123 2.91962 2.91821 2.91699 2.91594 2.91506 2.91432 2.91373 2.91325 2.91289 2.91264 2.91247 2.91239 2.91238 2.91243 2.91255 
2.90598 2.90622 2.90652 2.90688 2.90731 2.90781 2.9084 2.90907 2.90983 2.91071 2.9117 2.91284 2.91412 2.91557 2.9172 2.91903 2.92107 2.92334 2.92585 2.92861 2.93163 2.93492 2.93848 2.9423 2.94638 2.95072 2.9553 2.96011 2.96511 2.9703 2.97563 2.98107 2.98659 2.99216 2.99772 3.00323 3.00866 3.01395 3.01906 3.02395 3.02858 3.0329 3.03688 3.04047 3.04366 3.0464 3.04867 3.05046 3.05175 3.05252 3.05276 3.05249 3.05169 3.05039 3.04858 3.04629 3.04354 3.04036 3.03677 3.03281 3.02851 3.02392 3.01907 3.01401 3.00878 3.00343 2.99799 2.99252 2.98705 2.98163 2.97629 2.97106 2.96599 2.96109 2.9564 2.95193 2.94771 2.94374 2.94003 2.93659 2.93342 2.93052 2.92789 2.92552 2.9234 2.92152 2.91987 2.91843 2.91719 2.91614 2.91526 2.91453 2.91395 2.9135 2.91316 2.91293 2.91279 2.91274 2.91277 2.91287 
2.90631 2.90655 2.90686 2.90725 2.90772 2.90827 2.90892 2.90967 2.91054 2.91153 2.91267 2.91396 2.91543 2.91709 2.91897 2.92107 2.92342 2.92603 2.92891 2.93208 2.93555 2.93932 2.94339 2.94776 2.95242 2.95737 2.96259 2.96805 2.97374 2.97962 2.98565 2.99181 2.99805 3.00433 3.01059 3.0168 3.0229 3.02884 3.03458 3.04006 3.04524 3.05007 3.05452 3.05853 3.06208 3.06514 3.06767 3.06966 3.07108 3.07193 3.0722 3.07189 3.07099 3.06953 3.0675 3.06494 3.06186 3.0583 3.05428 3.04984 3.04502 3.03987 3.03442 3.02874 3.02286 3.01683 3.0107 3.00453 2.99836 2.99223 2.98618 2.98027 2.97451 2.96895 2.96362 2.95853 2.95371 2.94917 2.94493 2.94099 2.93736 2.93403 2.931 2.92826 2.92581 2.92363 2.9217 2.92002 2.91857 2.91733 2.91628 2.91542 2.91471 2.91415 2.91373 2.91343 2.91323 2.91314 2.91313 2.91321 
2.90666 2.9069 2.90723 2.90765 2.90816 2.90877 2.90949 2.91033 2.91131 2.91244 2.91373 2.91521 2.91689 2.91879 2.92093 2.92334 2.92603 2.92901 2.93231 2.93593 2.93989 2.94418 2.94882 2.95379 2.95908 2.9647 2.97061 2.97679 2.98321 2.98984 2.99664 3.00357 3.01058 3.01762 3.02464 3.03159 3.03841 3.04504 3.05144 3.05755 3.06331 3.06869 3.07362 3.07808 3.08201 3.0854 3.0882 3.0904 3.09198 3.09291 3.0932 3.09285 3.09185 3.09021 3.08796 3.08511 3.08168 3.07771 3.07324 3.06829 3.06292 3.05717 3.0511 3.04475 3.03817 3.03142 3.02456 3.01764 3.01071 3.00381 2.99701 2.99034 2.98385 2.97757 2.97154 2.96578 2.96031 2.95516 2.95034 2.94585 2.94171 2.9379 2.93443 2.93129 2.92847 2.92596 2.92374 2.92179 2.9201 2.91865 2.91742 2.91639 2.91555 2.91487 2.91435 2.91397 2.91371 2.91356 2.91352 2.91358 
2.90704 2.90728 2.90763 2.90808 2.90863 2.90931 2.91012 2.91106 2.91216 2.91344 2.9149 2.91658 2.9185 2.92066 2.92311 2.92585 2.92891 2.93231 2.93606 2.94018 2.94467 2.94954 2.95478 2.96041 2.96639 2.97272 2.97938 2.98633 2.99354 3.00098 3.0086 3.01635 3.02418 3.03204 3.03986 3.04759 3.05517 3.06254 3.06963 3.0764 3.08278 3.08872 3.09417 3.09909 3.10343 3.10716 3.11024 3.11266 3.11439 3.11542 3.11573 3.11533 3.11422 3.11241 3.10992 3.10676 3.10297 3.09858 3.09363 3.08815 3.0822 3.07583 3.06908 3.06203 3.05471 3.04721 3.03956 3.03184 3.0241 3.0164 3.00878 3.00131 2.99403 2.98697 2.98019 2.9737 2.96753 2.96172 2.95626 2.95118 2.94648 2.94215 2.9382 2.93462 2.9314 2.92852 2.92597 2.92373 2.92178 2.92009 2.91866 2.91746 2.91646 2.91566 2.91503 2.91455 2.91422 2.91402 2.91394 2.91397 
2.90745 2.90769 2.90805 2.90854 2.90915 2.9099 2.9108 2.91186 2.9131 2.91454 2.9162 2.9181 2.92027 2.92273 2.9255 2.92861 2.93208 2.93593 2.94018 2.94483 2.9499 2.95539 2.9613 2.96763 2.97435 2.98145 2.98891 2.99669 3.00475 3.01304 3.02153 3.03015 3.03885 3.04757 3.05624 3.06479 3.07317 3.0813 3.08912 3.09657 3.10359 3.11012 3.11611 3.12151 3.12627 3.13035 3.13373 3.13638 3.13827 3.13938 3.13972 3.13927 3.13805 3.13606 3.13332 3.12985 3.12568 3.12085 3.1154 3.10937 3.10282 3.09579 3.08835 3.08055 3.07247 3.06416 3.05569 3.04713 3.03853 3.02997 3.0215 3.01317 3.00504 2.99716 2.98957 2.9823 2.97538 2.96885 2.96271 2.95699 2.95168 2.9468 2.94233 2.93827 2.93461 2.93133 2.92842 2.92585 2.92361 2.92168 2.92002 2.91862 2.91746 2.91651 2.91576 2.91519 2.91478 2.91451 2.91439 2.91439 
2.90788 2.90813 2.90852 2.90904 2.90972 2.91054 2.91154 2.91273 2.91412 2.91574 2.91761 2.91976 2.92221 2.92499 2.92812 2.93163 2.93555 2.93989 2.94467 2.9499 2.9556 2.96176 2.96838 2.97546 2.98297 2.9909 2.9992 3.00786 3.01681 3.02602 3.03542 3.04496 3.05457 3.06418 3.07373 3.08315 3.09235 3.10128 3.10986 3.11802 3.1257 3.13284 3.13938 3.14527 3.15046 3.15491 3.15859 3.16147 3.16352 3.16473 3.16509 3.1646 3.16326 3.16108 3.15808 3.15429 3.14974 3.14446 3.1385 3.1319 3.12472 3.11701 3.10885 3.10029 3.0914 3.08225 3.07292 3.06348 3.05398 3.04452 3.03514 3.02591 3.01689 3.00813 2.99968 2.99158 2.98386 2.97656 2.9697 2.96328 2.95733 2.95184 2.94681 2.94223 2.93809 2.93439 2.93108 2.92817 2.92561 2.9234 2.9215 2.91989 2.91854 2.91744 2.91656 2.91588 2.91538 2.91505 2.91487 2.91484 
2.90836 2.90861 2.90902 2.90959 2.91033 2.91124 2.91236 2.91368 2.91524 2.91706 2.91916 2.92158 2.92433 2.92745 2.93097 2.93492 2.93932 2.94418 2.94954 2.95539 2.96176 2.96864 2.97602 2.9839 2.99225 3.00104 3.01025 3.01983 3.02972 3.03988 3.05024 3.06073 3.07129 3.08185 3.09231 3.10261 3.11268 3.12242 3.13178 3.14067 3.14903 3.15679 3.16389 3.17028 3.17591 3.18073 3.18471 3.18782 3.19004 3.19134 3.19173 3.19119 3.18973 3.18737 3.18411 3.18 3.17505 3.16931 3.16282 3.15564 3.14782 3.13942 3.13051 3.12116 3.11145 3.10144 3.09121 3.08085 3.07042 3.06001 3.04968 3.0395 3.02955 3.01986 3.01051 3.00153 2.99297 2.98486 2.97721 2.97006 2.96342 2.95728 2.95165 2.94652 2.94187 2.9377 2.93397 2.93068 2.92779 2.92527 2.92311 2.92127 2.91972 2.91845 2.91742 2.91662 2.91603 2.91562 2.9154 2.91533 
2.90886 2.90912 2.90956 2.91018 2.91099 2.912 2.91324 2.91471 2.91645 2.91849 2.92084 2.92354 2.92663 2.93012 2.93406 2.93848 2.94339 2.94882 2.95478 2.9613 2.96838 2.97602 2.98421 2.99293 3.00216 3.01187 3.02202 3.03257 3.04344 3.05459 3.06595 3.07744 3.08898 3.10049 3.1119 3.12312 3.13406 3.14464 3.15478 3.16441 3.17346 3.18185 3.18952 3.19642 3.20249 3.20769 3.21197 3.21532 3.2177 3.21911 3.21951 3.21893 3.21735 3.2148 3.21128 3.20684 3.20149 3.19529 3.18827 3.1805 3.17203 3.16293 3.15326 3.1431 3.13254 3.12164 3.1105 3.09919 3.0878 3.0764 3.06509 3.05393 3.04299 3.03234 3.02204 3.01214 3.00269 2.99372 2.98526 2.97733 2.96995 2.96312 2.95685 2.95112 2.94593 2.94126 2.93709 2.93339 2.93013 2.92729 2.92484 2.92275 2.92099 2.91954 2.91835 2.91742 2.91673 2.91624 2.91596 2.91586 
2.90941 2.90967 2.91014 2.91081 2.9117 2.91282 2.91419 2.91583 2.91777 2.92003 2.92265 2.92567 2.92911 2.933 2.93739 2.9423 2.94776 2.95379 2.96041 2.96763 2.97546 2.9839 2.99293 3.00254 3.01269 3.02336 3.0345 3.04604 3.05794 3.07011 3.08249 3.095 3.10755 3.12005 3.13242 3.14456 3.1564 3.16783 3.17877 3.18915 3.19889 3.20791 3.21615 3.22355 3.23006 3.23564 3.24023 3.24381 3.24636 3.24786 3.24829 3.24766 3.24597 3.24322 3.23945 3.23468 3.22894 3.22227 3.21473 3.20636 3.19724 3.18742 3.17699 3.16601 3.15458 3.14278 3.1307 3.11842 3.10604 3.09364 3.08131 3.06913 3.05718 3.04553 3.03425 3.02339 3.013 3.00313 2.9938 2.98506 2.9769 2.96935 2.9624 2.95605 2.95028 2.94508 2.94042 2.93629 2.93265 2.92946 2.92671 2.92435 2.92236 2.9207 2.91936 2.91829 2.91748 2.91691 2.91656 2.91643 
2.90999 2.91027 2.91077 2.9115 2.91247 2.9137 2.91521 2.91703 2.91918 2.92169 2.9246 2.92795 2.93176 2.93609 2.94095 2.94638 2.95242 2.95908 2.96639 2.97435 2.98297 2.99225 3.00216 3.01269 3.02381 3.03547 3.04762 3.0602 3.07314 3.08637 3.0998 3.11335 3.12693 3.14043 3.15378 3.16686 3.17959 3.19187 3.20361 3.21474 3.22517 3.23482 3.24363 3.25153 3.25848 3.26442 3.26932 3.27314 3.27585 3.27744 3.2779 3.27722 3.27541 3.27248 3.26846 3.26336 3.25723 3.2501 3.24203 3.23308 3.2233 3.21277 3.20157 3.18978 3.17748 3.16477 3.15173 3.13847 3.12508 3.11166 3.09829 3.08506 3.07207 3.05938 3.04708 3.03522 3.02387 3.01306 3.00284 2.99324 2.98427 2.97596 2.9683 2.96128 2.95491 2.94915 2.94398 2.93939 2.93533 2.93178 2.9287 2.92606 2.92382 2.92195 2.92043 2.91921 2.91828 2.91762 2.91721 2.91703 
2.91062 2.9109 2.91144 2.91223 2.91329 2.91465 2.91631 2.91831 2.92069 2.92347 2.92668 2.93038 2.9346 2.93937 2.94473 2.95072 2.95737 2.9647 2.97272 2.98145 2.9909 3.00104 3.01187 3.02336 3.03547 3.04815 3.06135 3.07499 3.089 3.1033 3.1178 3.13241 3.14702 3.16153 3.17585 3.18988 3.2035 3.21663 3.22917 3.24104 3.25215 3.26242 3.27179 3.28019 3.28757 3.29387 3.29906 3.30311 3.30598 3.30766 3.30815 3.30743 3.30551 3.3024 3.29813 3.29272 3.2862 3.27862 3.27004 3.2605 3.25008 3.23885 3.22688 3.21427 3.2011 3.18747 3.17349 3.15923 3.14483 3.13036 3.11593 3.10164 3.08758 3.07384 3.06049 3.04761 3.03525 3.02348 3.01233 3.00184 2.99203 2.98293 2.97452 2.96681 2.9598 2.95345 2.94775 2.94267 2.93818 2.93424 2.93082 2.92788 2.92538 2.92329 2.92157 2.9202 2.91914 2.91838 2.9179 2.91768 
2.91129 2.91158 2.91215 2.91301 2.91417 2.91565 2.91748 2.91968 2.92229 2.92535 2.92889 2.93296 2.9376 2.94284 2.94873 2.9553 2.96259 2.97061 2.97938 2.98891 2.9992 3.01025 3.02202 3.0345 3.04762 3.06135 3.0756 3.09033 3.10543 3.12081 3.13639 3.15206 3.16771 3.18323 3.19853 3.21349 3.228 3.24197 3.2553 3.26789 3.27967 3.29055 3.30046 3.30934 3.31713 3.32379 3.32927 3.33353 3.33656 3.33834 3.33884 3.33808 3.33606 3.33278 3.32827 3.32255 3.31567 3.30765 3.29857 3.28846 3.27741 3.26549 3.25277 3.23935 3.22532 3.21078 3.19584 3.1806 3.16517 3.14965 3.13416 3.11879 3.10365 3.08883 3.07442 3.06049 3.04711 3.03434 3.02224 3.01083 3.00015 2.99022 2.98105 2.97262 2.96494 2.95798 2.95172 2.94614 2.94119 2.93684 2.93306 2.9298 2.92703 2.9247 2.92278 2.92124 2.92005 2.91919 2.91863 2.91837 
2.91199 2.91229 2.91291 2.91384 2.9151 2.91672 2.91872 2.92113 2.92399 2.92734 2.93123 2.93568 2.94076 2.94649 2.95293 2.96011 2.96805 2.97679 2.98633 2.99669 3.00786 3.01983 3.03257 3.04604 3.0602 3.07499 3.09033 3.10614 3.12233 3.13881 3.15547 3.17219 3.18888 3.20541 3.22167 3.23755 3.25293 3.26772 3.28182 3.29512 3.30755 3.31902 3.32945 3.3388 3.34699 3.35398 3.35974 3.36421 3.36739 3.36925 3.36979 3.36899 3.36686 3.36342 3.35869 3.35268 3.34544 3.33701 3.32744 3.31679 3.30512 3.29252 3.27907 3.26486 3.24999 3.23455 3.21867 3.20245 3.186 3.16943 3.15287 3.13643 3.1202 3.10429 3.08879 3.0738 3.05938 3.0456 3.03251 3.02017 3.0086 2.99782 2.98785 2.97868 2.97031 2.96272 2.95588 2.94977 2.94435 2.93958 2.93541 2.93182 2.92876 2.92618 2.92406 2.92234 2.92102 2.92005 2.91941 2.9191 
2.91273 2.91305 2.9137 2.91471 2.91608 2.91784 2.92002 2.92265 2.92578 2.92943 2.93367 2.93853 2.94406 2.95031 2.95732 2.96511 2.97374 2.98321 2.99354 3.00475 3.01681 3.02972 3.04344 3.05794 3.07314 3.089 3.10543 3.12233 3.13962 3.15719 3.17492 3.19269 3.2104 3.22792 3.24513 3.26191 3.27814 3.29373 3.30857 3.32256 3.33561 3.34764 3.35858 3.36836 3.37694 3.38425 3.39026 3.39494 3.39827 3.40021 3.40077 3.39994 3.39772 3.39413 3.38918 3.3829 3.37532 3.36649 3.35646 3.34529 3.33304 3.31979 3.30563 3.29065 3.27495 3.25864 3.24183 3.22464 3.20718 3.18958 3.17196 3.15444 3.13712 3.12012 3.10354 3.08747 3.07199 3.05719 3.04311 3.02981 3.01733 3.00569 2.9949 2.98497 2.97589 2.96764 2.96021 2.95355 2.94764 2.94243 2.93787 2.93394 2.93057 2.92774 2.92539 2.9235 2.92203 2.92094 2.92023 2.91986 
2.91351 2.91384 2.91454 2.91562 2.91711 2.91902 2.92138 2.92425 2.92764 2.93162 2.93622 2.9415 2.9475 2.95427 2.96186 2.9703 2.97962 2.98984 3.00098 3.01304 3.02602 3.03988 3.05459 3.07011 3.08637 3.1033 3.12081 3.13881 3.15719 3.17583 3.19462 3.21343 3.23214 3.25062 3.26875 3.28641 3.30347 3.31982 3.33537 3.35001 3.36366 3.37622 3.38764 3.39784 3.40678 3.41439 3.42065 3.42552 3.42897 3.431 3.43158 3.43072 3.42842 3.42469 3.41954 3.41301 3.40512 3.39591 3.38545 3.37378 3.36097 3.3471 3.33227 3.31655 3.30005 3.28289 3.26518 3.24705 3.2286 3.20998 3.19131 3.17272 3.15432 3.13623 3.11856 3.10142 3.08488 3.06904 3.05396 3.0397 3.02629 3.01377 3.00215 2.99145 2.98165 2.97273 2.96468 2.95747 2.95105 2.94538 2.94043 2.93614 2.93246 2.92936 2.92679 2.92471 2.92308 2.92188 2.92108 2.92067 
2.91433 2.91467 2.91541 2.91658 2.91818 2.92024 2.9228 2.9259 2.92958 2.93388 2.93886 2.94456 2.95105 2.95836 2.96654 2.97563 2.98565 2.99664 3.0086 3.02153 3.03542 3.05024 3.06595 3.08249 3.0998 3.1178 3.13639 3.15547 3.17492 3.19462 3.21444 3.23427 3.25395 3.27337 3.29239 3.31089 3.32874 3.34583 3.36205 3.37731 3.39152 3.40459 3.41645 3.42704 3.4363 3.4442 3.45068 3.45573 3.45931 3.46141 3.46202 3.46113 3.45876 3.4549 3.44957 3.4428 3.43463 3.42508 3.41421 3.40207 3.38874 3.37429 3.35881 3.34239 3.32513 3.30715 3.28857 3.26952 3.25012 3.2305 3.2108 3.19115 3.17168 3.15252 3.13378 3.11556 3.09797 3.0811 3.06501 3.04978 3.03544 3.02203 3.00958 2.99808 2.98755 2.97795 2.96928 2.96149 2.95456 2.94843 2.94306 2.93841 2.93441 2.93104 2.92823 2.92596 2.92418 2.92286 2.92197 2.9215 
2.91517 2.91552 2.91632 2.91756 2.91928 2.92151 2.92427 2.92761 2.93157 2.9362 2.94157 2.94771 2.95469 2.96254 2.97132 2.98107 2.99181 3.00357 3.01635 3.03015 3.04496 3.06073 3.07744 3.095 3.11335 3.13241 3.15206 3.17219 3.19269 3.21343 3.23427 3.25507 3.2757 3.29602 3.31589 3.33519 3.35379 3.37157 3.38843 3.40427 3.419 3.43254 3.44481 3.45576 3.46533 3.47349 3.48018 3.48539 3.48908 3.49125 3.49189 3.49098 3.48854 3.48456 3.47908 3.4721 3.46366 3.45379 3.44255 3.42999 3.41617 3.40118 3.38509 3.368 3.35002 3.33126 3.31185 3.29191 3.27158 3.251 3.2303 3.20963 3.18911 3.16889 3.14908 3.12981 3.11118 3.09328 3.07619 3.05998 3.04471 3.03042 3.01712 3.00483 2.99356 2.98328 2.97397 2.96561 2.95815 2.95155 2.94576 2.94073 2.93642 2.93276 2.92972 2.92725 2.92531 2.92386 2.92289 2.92237 
2.91603 2.9164 2.91725 2.91858 2.92042 2.92281 2.92577 2.92935 2.93361 2.93858 2.94434 2.95092 2.95839 2.9668 2.97619 2.98659 2.99805 3.01058 3.02418 3.03885 3.05457 3.07129 3.08898 3.10755 3.12693 3.14702 3.16771 3.18888 3.2104 3.23214 3.25395 3.2757 3.29723 3.31841 3.33909 3.35915 3.37845 3.39689 3.41434 3.43072 3.44593 3.4599 3.47255 3.48383 3.49368 3.50207 3.50895 3.5143 3.5181 3.52034 3.52099 3.52007 3.51757 3.5135 3.50787 3.50071 3.49203 3.48188 3.4703 3.45735 3.44308 3.42758 3.41093 3.39322 3.37456 3.35507 3.33486 3.31408 3.29286 3.27135 3.24969 3.22802 3.20648 3.18523 3.16438 3.14407 3.12441 3.10549 3.08741 3.07025 3.05405 3.03887 3.02473 3.01165 2.99963 2.98867 2.97873 2.96978 2.96179 2.95472 2.94851 2.9431 2.93846 2.93452 2.93124 2.92857 2.92646 2.92489 2.92383 2.92326 
2.91691 2.9173 2.91819 2.91961 2.92158 2.92413 2.9273 2.93113 2.93568 2.941 2.94714 2.95417 2.96213 2.97109 2.98109 2.99216 3.00433 3.01762 3.03204 3.04757 3.06418 3.08185 3.10049 3.12005 3.14043 3.16153 3.18323 3.20541 3.22792 3.25062 3.27337 3.29602 3.31841 3.3404 3.36185 3.38262 3.40258 3.42162 3.43962 3.4565 3.47215 3.48651 3.4995 3.51107 3.52117 3.52976 3.53682 3.5423 3.54619 3.54849 3.54917 3.54824 3.54569 3.54154 3.53578 3.52845 3.51957 3.50917 3.49729 3.48398 3.46931 3.45335 3.43617 3.41789 3.39859 3.37841 3.35746 3.33588 3.31382 3.29142 3.26883 3.2462 3.22368 3.20143 3.17957 3.15825 3.13757 3.11766 3.09861 3.0805 3.06339 3.04733 3.03236 3.0185 3.00574 2.99409 2.98351 2.97399 2.96547 2.95792 2.95128 2.9455 2.94053 2.93631 2.93278 2.92991 2.92764 2.92594 2.92479 2.92416 
2.91781 2.91821 2.91916 2.92066 2.92276 2.92547 2.92884 2.93292 2.93777 2.94343 2.94996 2.95743 2.96589 2.9754 2.98599 2.99772 3.01059 3.02464 3.03986 3.05624 3.07373 3.09231 3.1119 3.13242 3.15378 3.17585 3.19853 3.22167 3.24513 3.26875 3.29239 3.31589 3.33909 3.36185 3.38401 3.40544 3.42601 3.44561 3.46411 3.48144 3.49749 3.51219 3.52549 3.53732 3.54765 3.55642 3.56362 3.56922 3.5732 3.57555 3.57625 3.57532 3.57273 3.56851 3.56265 3.55518 3.54612 3.5355 3.52335 3.50973 3.49469 3.47831 3.46067 3.44185 3.42197 3.40114 3.3795 3.35717 3.33431 3.31107 3.28759 3.26405 3.24059 3.21737 3.19454 3.17224 3.15059 3.12971 3.10971 3.09067 3.07266 3.05574 3.03995 3.02531 3.01183 2.9995 2.9883 2.9782 2.96916 2.96113 2.95407 2.94791 2.94261 2.9381 2.93433 2.93126 2.92883 2.92701 2.92577 2.92508 
2.91871 2.91912 2.92012 2.92172 2.92394 2.92681 2.93039 2.93472 2.93985 2.94585 2.95277 2.96068 2.96963 2.97968 2.99086 3.00323 3.0168 3.03159 3.04759 3.06479 3.08315 3.10261 3.12312 3.14456 3.16686 3.18988 3.21349 3.23755 3.26191 3.28641 3.31089 3.33519 3.35915 3.38262 3.40544 3.42749 3.44862 3.46872 3.48768 3.5054 3.52181 3.53683 3.55039 3.56245 3.57297 3.5819 3.58923 3.59493 3.59898 3.60138 3.60211 3.60117 3.59855 3.59427 3.58833 3.58075 3.57153 3.56072 3.54834 3.53445 3.51909 3.50233 3.48426 3.46497 3.44455 3.42313 3.40084 3.37782 3.35421 3.33017 3.30587 3.28145 3.2571 3.23296 3.20919 3.18594 3.16335 3.14154 3.12062 3.10068 3.0818 3.06404 3.04745 3.03206 3.01786 3.00486 2.99304 2.98238 2.97282 2.96433 2.95684 2.95032 2.94469 2.93989 2.93589 2.93261 2.93002 2.92807 2.92674 2.926 
2.9196 2.92004 2.92109 2.92277 2.92511 2.92815 2.93193 2.9365 2.94193 2.94826 2.95556 2.9639 2.97332 2.9839 2.99566 3.00866 3.0229 3.03841 3.05517 3.07317 3.09235 3.11268 3.13406 3.1564 3.17959 3.2035 3.228 3.25293 3.27814 3.30347 3.32874 3.35379 3.37845 3.40258 3.42601 3.44862 3.47025 3.49081 3.51018 3.52826 3.54498 3.56027 3.57407 3.58633 3.59701 3.60608 3.61352 3.6193 3.62342 3.62585 3.62661 3.62567 3.62303 3.61871 3.6127 3.60502 3.59568 3.58471 3.57214 3.55801 3.54236 3.52528 3.50683 3.4871 3.4662 3.44424 3.42136 3.39769 3.37339 3.34861 3.32352 3.29829 3.27309 3.24807 3.22342 3.19927 3.17578 3.15307 3.13126 3.11046 3.09074 3.07217 3.0548 3.03867 3.02378 3.01013 2.99771 2.98649 2.97643 2.96748 2.95958 2.95269 2.94674 2.94167 2.93742 2.93395 2.9312 2.92913 2.92771 2.92692 
2.92049 2.92094 2.92204 2.92381 2.92627 2.92947 2.93345 2.93826 2.94396 2.95062 2.95829 2.96704 2.97694 2.98802 3.00035 3.01395 3.02884 3.04504 3.06254 3.0813 3.10128 3.12242 3.14464 3.16783 3.19187 3.21663 3.24197 3.26772 3.29373 3.31982 3.34583 3.37157 3.39689 3.42162 3.44561 3.46872 3.49081 3.51177 3.5315 3.5499 3.5669 3.58242 3.59642 3.60884 3.61966 3.62885 3.63637 3.64223 3.6464 3.64887 3.64964 3.64871 3.64607 3.64171 3.63566 3.6279 3.61846 3.60736 3.59462 3.58029 3.5644 3.54703 3.52824 3.50813 3.48679 3.46435 3.44093 3.41667 3.39173 3.36626 3.34045 3.31445 3.28845 3.26262 3.23712 3.21212 3.18777 3.16421 3.14156 3.11993 3.0994 3.08006 3.06194 3.0451 3.02954 3.01527 3.00227 2.99051 2.97995 2.97056 2.96227 2.95502 2.94876 2.94341 2.93894 2.93527 2.93236 2.93018 2.92867 2.92783 
2.92136 2.92182 2.92297 2.92482 2.92741 2.93076 2.93493 2.93997 2.94594 2.95291 2.96095 2.9701 2.98044 2.99202 3.00488 3.01906 3.03458 3.05144 3.06963 3.08912 3.10986 3.13178 3.15478 3.17877 3.20361 3.22917 3.2553 3.28182 3.30857 3.33537 3.36205 3.38843 3.41434 3.43962 3.46411 3.48768 3.51018 3.5315 3.55154 3.57022 3.58745 3.60317 3.61734 3.6299 3.64083 3.65011 3.65771 3.66363 3.66784 3.67035 3.67114 3.67021 3.66756 3.66319 3.6571 3.64929 3.63977 3.62856 3.61569 3.60119 3.5851 3.56748 3.5484 3.52795 3.50623 3.48334 3.45944 3.43464 3.40911 3.38302 3.35653 3.32983 3.30309 3.27649 3.25021 3.22441 3.19926 3.17489 3.15144 3.12902 3.10773 3.08764 3.06882 3.0513 3.0351 3.02023 3.00667 2.99439 2.98337 2.97355 2.96487 2.95728 2.95071 2.94511 2.94041 2.93656 2.9335 2.9312 2.92961 2.92872 
2.9222 2.92268 2.92388 2.92581 2.9285 2.932 2.93636 2.94162 2.94785 2.95512 2.9635 2.97304 2.9838 2.99585 3.00922 3.02395 3.04006 3.05755 3.0764 3.09657 3.11802 3.14067 3.16441 3.18915 3.21474 3.24104 3.26789 3.29512 3.32256 3.35001 3.37731 3.40427 3.43072 3.4565 3.48144 3.5054 3.52826 3.5499 3.57022 3.58913 3.60656 3.62245 3.63675 3.64943 3.66045 3.66981 3.67747 3.68343 3.68768 3.69021 3.69102 3.69011 3.68746 3.68308 3.67696 3.66911 3.65954 3.64825 3.63527 3.62063 3.60437 3.58654 3.56721 3.54646 3.5244 3.50113 3.47678 3.4515 3.42545 3.39878 3.37168 3.34433 3.3169 3.2896 3.26259 3.23604 3.21014 3.18502 3.16082 3.13766 3.11565 3.09487 3.07538 3.05722 3.04041 3.02497 3.01088 2.99811 2.98664 2.97641 2.96737 2.95945 2.9526 2.94674 2.94183 2.9378 2.9346 2.93218 2.93052 2.92958 
2.923 2.9235 2.92474 2.92675 2.92955 2.93319 2.93772 2.94319 2.94967 2.95723 2.96592 2.97582 2.98699 2.99948 3.01333 3.02858 3.04524 3.06331 3.08278 3.10359 3.1257 3.14903 3.17346 3.19889 3.22517 3.25215 3.27967 3.30755 3.33561 3.36366 3.39152 3.419 3.44593 3.47215 3.49749 3.52181 3.54498 3.5669 3.58745 3.60656 3.62415 3.64018 3.6546 3.66737 3.67846 3.68787 3.69558 3.70158 3.70586 3.70842 3.70924 3.70834 3.7057 3.70132 3.69519 3.68731 3.6777 3.66635 3.65329 3.63853 3.62213 3.60413 3.58458 3.56358 3.54122 3.51761 3.49288 3.46717 3.44064 3.41346 3.3858 3.35785 3.32981 3.30185 3.27417 3.24694 3.22034 3.19452 3.16963 3.14579 3.12311 3.10168 3.08156 3.0628 3.04543 3.02945 3.01486 3.00164 2.98974 2.97913 2.96974 2.96151 2.95439 2.9483 2.94318 2.93898 2.93565 2.93313 2.93139 2.93041 
2.92377 2.92428 2.92556 2.92764 2.93054 2.93431 2.939 2.94467 2.95138 2.9592 2.9682 2.97844 2.98998 3.00288 3.01717 3.0329 3.05007 3.06869 3.08872 3.11012 3.13284 3.15679 3.18185 3.20791 3.23482 3.26242 3.29055 3.31902 3.34764 3.37622 3.40459 3.43254 3.4599 3.48651 3.51219 3.53683 3.56027 3.58242 3.60317 3.62245 3.64018 3.65632 3.67083 3.68367 3.69482 3.70427 3.71202 3.71804 3.72235 3.72492 3.72577 3.72488 3.72224 3.71786 3.71173 3.70385 3.6942 3.68281 3.66969 3.65485 3.63833 3.62018 3.60046 3.57924 3.55663 3.53272 3.50765 3.48156 3.4546 3.42696 3.3988 3.37032 3.34171 3.31317 3.28488 3.25703 3.22979 3.20334 3.17781 3.15334 3.13004 3.10801 3.08731 3.068 3.0501 3.03363 3.01858 3.00493 2.99265 2.98167 2.97196 2.96345 2.95607 2.94976 2.94446 2.9401 2.93663 2.93402 2.93221 2.93118 
2.92448 2.925 2.92632 2.92847 2.93146 2.93536 2.9402 2.94605 2.95297 2.96103 2.9703 2.98085 2.99273 3.00601 3.02071 3.03688 3.05452 3.07362 3.09417 3.11611 3.13938 3.16389 3.18952 3.21615 3.24363 3.27179 3.30046 3.32945 3.35858 3.38764 3.41645 3.44481 3.47255 3.4995 3.52549 3.55039 3.57407 3.59642 3.61734 3.63675 3.6546 3.67083 3.6854 3.6983 3.70949 3.71898 3.72675 3.73279 3.73711 3.73971 3.74057 3.73969 3.73707 3.7327 3.72657 3.71868 3.70902 3.6976 3.68443 3.66953 3.65292 3.63465 3.61478 3.59338 3.57054 3.54638 3.52101 3.49459 3.46727 3.43921 3.41062 3.38166 3.35255 3.32348 3.29464 3.26623 3.23842 3.21139 3.18529 3.16025 3.1364 3.11382 3.09259 3.07278 3.0544 3.03748 3.02201 3.00797 2.99532 2.98402 2.97402 2.96524 2.95763 2.95111 2.94564 2.94114 2.93755 2.93484 2.93297 2.93191 
2.92513 2.92566 2.92702 2.92922 2.93231 2.93631 2.94129 2.9473 2.95441 2.96269 2.97222 2.98304 2.99523 3.00884 3.02391 3.04047 3.05853 3.07808 3.09909 3.12151 3.14527 3.17028 3.19642 3.22355 3.25153 3.28019 3.30934 3.3388 3.36836 3.39784 3.42704 3.45576 3.48383 3.51107 3.53732 3.56245 3.58633 3.60884 3.6299 3.64943 3.66737 3.68367 3.6983 3.71123 3.72246 3.73197 3.73976 3.74582 3.75015 3.75276 3.75363 3.75277 3.75016 3.7458 3.73968 3.73179 3.72213 3.71069 3.69749 3.68253 3.66585 3.64749 3.62749 3.60594 3.58292 3.55854 3.53292 3.50621 3.47857 3.45016 3.42117 3.3918 3.36225 3.33272 3.3034 3.27449 3.24618 3.21863 3.19202 3.16647 3.14212 3.11905 3.09736 3.07709 3.05829 3.04096 3.02511 3.01072 2.99775 2.98615 2.97588 2.96686 2.95904 2.95235 2.94671 2.94208 2.93839 2.9356 2.93367 2.93257 
2.92571 2.92626 2.92765 2.9299 2.93306 2.93716 2.94226 2.94842 2.9557 2.96418 2.97392 2.98499 2.99745 3.01136 3.02675 3.04366 3.06208 3.08201 3.10343 3.12627 3.15046 3.17591 3.20249 3.23006 3.25848 3.28757 3.31713 3.34699 3.37694 3.40678 3.4363 3.46533 3.49368 3.52117 3.54765 3.57297 3.59701 3.61966 3.64083 3.66045 3.67846 3.69482 3.70949 3.72246 3.73371 3.74323 3.75103 3.75711 3.76145 3.76407 3.76496 3.76411 3.76151 3.75716 3.75105 3.74317 3.73351 3.72206 3.70883 3.69384 3.6771 3.65866 3.63857 3.61689 3.59372 3.56915 3.54332 3.51637 3.48845 3.45973 3.43042 3.40069 3.37076 3.34082 3.31108 3.28174 3.25299 3.225 3.19794 3.17195 3.14716 3.12367 3.10156 3.0809 3.06172 3.04404 3.02786 3.01315 2.9999 2.98804 2.97754 2.96831 2.9603 2.95345 2.94767 2.94292 2.93914 2.93628 2.9343 2.93317 
2.92622 2.92677 2.92819 2.9305 2.93372 2.9379 2.9431 2.94939 2.95681 2.96546 2.97539 2.98667 2.99937 3.01353 3.0292 3.0464 3.06514 3.0854 3.10716 3.13035 3.15491 3.18073 3.20769 3.23564 3.26442 3.29387 3.32379 3.35398 3.38425 3.41439 3.4442 3.47349 3.50207 3.52976 3.55642 3.5819 3.60608 3.62885 3.65011 3.66981 3.68787 3.70427 3.71898 3.73197 3.74323 3.75277 3.76058 3.76666 3.77102 3.77364 3.77454 3.7737 3.77112 3.76678 3.76068 3.75281 3.74314 3.73169 3.71845 3.70343 3.68665 3.66815 3.64797 3.62619 3.60289 3.57818 3.55217 3.52501 3.49686 3.46789 3.4383 3.40827 3.37802 3.34774 3.31765 3.28794 3.25882 3.23045 3.20301 3.17665 3.15149 3.12763 3.10518 3.08418 3.06467 3.04669 3.03022 3.01526 3.00176 2.98968 2.97897 2.96956 2.9614 2.9544 2.94851 2.94366 2.93979 2.93687 2.93484 2.93369 
2.92665 2.92721 2.92865 2.931 2.93427 2.93853 2.94381 2.9502 2.95775 2.96653 2.97662 2.98807 3.00096 3.01534 3.03123 3.04867 3.06767 3.0882 3.11024 3.13373 3.15859 3.18471 3.21197 3.24023 3.26932 3.29906 3.32927 3.35974 3.39026 3.42065 3.45068 3.48018 3.50895 3.53682 3.56362 3.58923 3.61352 3.63637 3.65771 3.67747 3.69558 3.71202 3.72675 3.73976 3.75103 3.76058 3.7684 3.77448 3.77884 3.78148 3.78238 3.78155 3.77898 3.77466 3.76857 3.7607 3.75104 3.73958 3.72633 3.71129 3.69448 3.67593 3.65569 3.63382 3.61042 3.58558 3.55943 3.53211 3.50377 3.4746 3.44478 3.4145 3.38399 3.35344 3.32306 3.29305 3.26362 3.23495 3.2072 3.18053 3.15506 3.13091 3.10817 3.08689 3.06712 3.04889 3.03219 3.017 3.0033 2.99104 2.98016 2.97061 2.96231 2.9552 2.94921 2.94427 2.94034 2.93737 2.9353 2.93413 
2.927 2.92757 2.92903 2.9314 2.93471 2.93902 2.94438 2.95085 2.95849 2.96738 2.97759 2.98918 3.00222 3.01676 3.03283 3.05046 3.06966 3.0904 3.11266 3.13638 3.16147 3.18782 3.21532 3.24381 3.27314 3.30311 3.33353 3.36421 3.39494 3.42552 3.45573 3.48539 3.5143 3.5423 3.56922 3.59493 3.6193 3.64223 3.66363 3.68343 3.70158 3.71804 3.73279 3.74582 3.75711 3.76666 3.77448 3.78058 3.78494 3.78758 3.78849 3.78767 3.78511 3.78079 3.77471 3.76685 3.75719 3.74573 3.73247 3.71741 3.70057 3.68198 3.66169 3.63976 3.61628 3.59134 3.56508 3.53763 3.50915 3.47981 3.44982 3.41935 3.38864 3.35787 3.32727 3.29704 3.26737 3.23846 3.21047 3.18356 3.15786 3.13348 3.11051 3.08902 3.06905 3.05062 3.03373 3.01838 3.00452 2.99212 2.98111 2.97144 2.96303 2.95583 2.94976 2.94477 2.94078 2.93777 2.93567 2.93448 
2.92725 2.92783 2.9293 2.93169 2.93504 2.93939 2.9448 2.95132 2.95903 2.968 2.9783 2.98999 3.00313 3.01778 3.03398 3.05175 3.07108 3.09198 3.11439 3.13827 3.16352 3.19004 3.2177 3.24636 3.27585 3.30598 3.33656 3.36739 3.39827 3.42897 3.45931 3.48908 3.5181 3.54619 3.5732 3.59898 3.62342 3.6464 3.66784 3.68768 3.70586 3.72235 3.73711 3.75015 3.76145 3.77102 3.77884 3.78494 3.78931 3.79196 3.79288 3.79206 3.7895 3.78519 3.77911 3.77125 3.76159 3.75012 3.73685 3.72177 3.70491 3.68629 3.66596 3.64398 3.62044 3.59544 3.56909 3.54155 3.51296 3.48352 3.45339 3.4228 3.39193 3.36102 3.33026 3.29986 3.27003 3.24095 3.21279 3.18572 3.15985 3.13531 3.11218 3.09054 3.07042 3.05186 3.03484 3.01937 3.0054 2.99289 2.98179 2.97204 2.96356 2.9563 2.95017 2.94513 2.94111 2.93806 2.93595 2.93475 
2.92742 2.928 2.92948 2.93189 2.93525 2.93963 2.94506 2.95162 2.95937 2.96838 2.97873 2.99048 3.00369 3.0184 3.03467 3.05252 3.07193 3.09291 3.11542 3.13938 3.16473 3.19134 3.21911 3.24786 3.27744 3.30766 3.33834 3.36925 3.40021 3.431 3.46141 3.49125 3.52034 3.54849 3.57555 3.60138 3.62585 3.64887 3.67035 3.69021 3.70842 3.72492 3.73971 3.75276 3.76407 3.77364 3.78148 3.78758 3.79196 3.79461 3.79553 3.79472 3.79216 3.78785 3.78177 3.7739 3.76424 3.75276 3.73948 3.72439 3.7075 3.68886 3.6685 3.64649 3.62291 3.59786 3.57146 3.54385 3.51521 3.48569 3.45549 3.42481 3.39386 3.36286 3.33201 3.30152 3.27159 3.24241 3.21416 3.18699 3.16102 3.13639 3.11317 3.09144 3.07124 3.0526 3.03551 3.01997 3.00593 2.99337 2.98221 2.97241 2.96389 2.95659 2.95043 2.94536 2.94131 2.93825 2.93613 2.93492 
