3.65625 3.65646 3.65668 3.65693 3.6572 3.65749 3.6578 3.65813 3.65849 3.65888 3.65929 3.65973 3.66021 3.66072 3.66127 3.66186 3.6625 3.66319 3.66393 3.66472 3.66556 3.66646 3.66742 3.66844 3.66951 3.67063 3.67181 3.67303 3.6743 3.67561 3.67695 3.67832 3.6797 3.68109 3.68248 3.68387 3.68523 3.68656 3.68785 3.68909 3.69026 3.69136 3.69238 3.69331 3.69413 3.69485 3.69545 3.69593 3.69628 3.69651 3.6966 3.69656 3.69639 3.6961 3.69567 3.69513 3.69447 3.6937 3.69282 3.69186 3.69081 3.68968 3.68849 3.68725 3.68597 3.68465 3.68331 3.68196 3.68061 3.67927 3.67795 3.67665 3.67539 3.67417 3.673 3.67188 3.67082 3.66983 3.66889 3.66802 3.66723 3.6665 3.66583 3.66524 3.66471 3.66425 3.66386 3.66352 3.66324 3.66301 3.66284 3.66272 3.66264 3.66261 3.66261 3.66265 3.66272 3.66283 3.66296 3.66312 
3.65646 3.65666 3.65689 3.65714 3.65741 3.6577 3.65801 3.65834 3.6587 3.65909 3.6595 3.65994 3.66042 3.66094 3.66149 3.66209 3.66273 3.66343 3.66417 3.66497 3.66582 3.66673 3.6677 3.66873 3.66981 3.67095 3.67214 3.67338 3.67467 3.67599 3.67735 3.67874 3.68014 3.68155 3.68296 3.68436 3.68575 3.68709 3.6884 3.68966 3.69085 3.69196 3.693 3.69394 3.69477 3.6955 3.69611 3.69659 3.69695 3.69718 3.69728 3.69724 3.69707 3.69676 3.69633 3.69578 3.69511 3.69433 3.69344 3.69246 3.6914 3.69025 3.68905 3.68779 3.68648 3.68515 3.68379 3.68242 3.68105 3.6797 3.67836 3.67704 3.67576 3.67453 3.67334 3.67221 3.67114 3.67013 3.66918 3.6683 3.66749 3.66675 3.66609 3.66548 3.66495 3.66449 3.66408 3.66374 3.66346 3.66323 3.66306 3.66293 3.66285 3.66282 3.66282 3.66286 3.66293 3.66303 3.66317 3.66332 
3.65668 3.65689 3.65712 3.65737 3.65764 3.65793 3.65825 3.65859 3.65895 3.65935 3.65977 3.66023 3.66072 3.66125 3.66182 3.66244 3.66311 3.66382 3.66459 3.66542 3.66631 3.66725 3.66826 3.66932 3.67045 3.67163 3.67287 3.67416 3.6755 3.67687 3.67829 3.67972 3.68118 3.68265 3.68411 3.68557 3.687 3.6884 3.68976 3.69106 3.6923 3.69346 3.69453 3.6955 3.69637 3.69712 3.69775 3.69826 3.69863 3.69886 3.69896 3.69892 3.69874 3.69843 3.69798 3.6974 3.6967 3.69589 3.69497 3.69395 3.69284 3.69166 3.69041 3.6891 3.68774 3.68635 3.68494 3.68352 3.6821 3.68068 3.67929 3.67793 3.6766 3.67531 3.67408 3.6729 3.67178 3.67073 3.66975 3.66883 3.66799 3.66722 3.66652 3.66589 3.66533 3.66485 3.66442 3.66406 3.66377 3.66352 3.66334 3.6632 3.66311 3.66307 3.66306 3.6631 3.66317 3.66327 3.6634 3.66355 
3.65693 3.65714 3.65737 3.65762 3.6579 3.6582 3.65852 3.65887 3.65925 3.65966 3.66011 3.66058 3.6611 3.66166 3.66226 3.66291 3.66362 3.66438 3.6652 3.66608 3.66702 3.66802 3.66909 3.67022 3.67142 3.67268 3.674 3.67537 3.67679 3.67825 3.67975 3.68128 3.68283 3.68439 3.68595 3.68749 3.68901 3.6905 3.69194 3.69332 3.69463 3.69586 3.69699 3.69802 3.69894 3.69973 3.7004 3.70093 3.70132 3.70157 3.70167 3.70163 3.70143 3.7011 3.70062 3.70001 3.69927 3.6984 3.69742 3.69634 3.69517 3.69391 3.69258 3.69118 3.68975 3.68827 3.68677 3.68526 3.68375 3.68225 3.68076 3.67931 3.6779 3.67653 3.67521 3.67396 3.67277 3.67164 3.67059 3.66961 3.66871 3.66789 3.66714 3.66646 3.66586 3.66534 3.66488 3.66449 3.66416 3.66389 3.66368 3.66353 3.66342 3.66336 3.66335 3.66337 3.66343 3.66352 3.66365 3.6638 
3.6572 3.65741 3.65764 3.6579 3.65818 3.65849 3.65883 3.6592 3.6596 3.66003 3.6605 3.66101 3.66156 3.66216 3.66281 3.66352 3.66428 3.6651 3.66598 3.66694 3.66796 3.66905 3.67021 3.67144 3.67274 3.6741 3.67553 3.67702 3.67856 3.68015 3.68177 3.68343 3.68511 3.68679 3.68848 3.69015 3.69179 3.6934 3.69495 3.69644 3.69785 3.69917 3.7004 3.70151 3.70249 3.70335 3.70406 3.70463 3.70505 3.70532 3.70542 3.70537 3.70516 3.70479 3.70428 3.70361 3.70281 3.70188 3.70082 3.69965 3.69838 3.69701 3.69557 3.69407 3.69251 3.69092 3.68929 3.68766 3.68602 3.68439 3.68278 3.68121 3.67967 3.67819 3.67676 3.67539 3.6741 3.67287 3.67173 3.67066 3.66967 3.66877 3.66795 3.66721 3.66654 3.66596 3.66545 3.66501 3.66465 3.66434 3.6641 3.66392 3.66378 3.6637 3.66367 3.66368 3.66372 3.66381 3.66392 3.66407 
3.65749 3.6577 3.65793 3.6582 3.65849 3.65882 3.65918 3.65957 3.65999 3.66046 3.66096 3.66152 3.66212 3.66277 3.66348 3.66425 3.66508 3.66599 3.66696 3.66801 3.66914 3.67034 3.67162 3.67297 3.67441 3.67591 3.67749 3.67913 3.68082 3.68257 3.68436 3.68618 3.68802 3.68987 3.69172 3.69355 3.69536 3.69711 3.69882 3.70045 3.70199 3.70344 3.70477 3.70598 3.70706 3.70799 3.70877 3.70939 3.70984 3.71013 3.71024 3.71018 3.70994 3.70954 3.70897 3.70824 3.70736 3.70633 3.70517 3.70389 3.70249 3.701 3.69942 3.69777 3.69606 3.69431 3.69252 3.69073 3.68892 3.68713 3.68536 3.68363 3.68194 3.6803 3.67872 3.67721 3.67578 3.67443 3.67316 3.67197 3.67088 3.66987 3.66895 3.66812 3.66738 3.66672 3.66614 3.66565 3.66522 3.66487 3.66458 3.66436 3.6642 3.66409 3.66403 3.66402 3.66405 3.66412 3.66422 3.66437 
3.6578 3.65801 3.65825 3.65852 3.65883 3.65918 3.65956 3.65998 3.66044 3.66094 3.66149 3.6621 3.66276 3.66348 3.66427 3.66512 3.66605 3.66705 3.66814 3.66931 3.67056 3.67191 3.67333 3.67485 3.67645 3.67813 3.67988 3.68171 3.6836 3.68554 3.68753 3.68955 3.6916 3.69365 3.6957 3.69773 3.69973 3.70168 3.70356 3.70536 3.70707 3.70866 3.71013 3.71147 3.71266 3.71368 3.71454 3.71522 3.71571 3.71602 3.71614 3.71607 3.71581 3.71536 3.71473 3.71392 3.71294 3.7118 3.71052 3.70909 3.70755 3.70589 3.70414 3.70231 3.70041 3.69847 3.69649 3.69449 3.69249 3.6905 3.68853 3.6866 3.68471 3.68288 3.68112 3.67944 3.67784 3.67632 3.67489 3.67356 3.67233 3.6712 3.67016 3.66922 3.66838 3.66762 3.66696 3.66639 3.6659 3.66548 3.66514 3.66487 3.66466 3.66452 3.66443 3.66439 3.6644 3.66445 3.66455 3.66468 
3.65813 3.65834 3.65859 3.65887 3.6592 3.65957 3.65998 3.66043 3.66093 3.66149 3.66209 3.66276 3.6635 3.6643 3.66518 3.66614 3.66718 3.66831 3.66953 3.67084 3.67225 3.67376 3.67537 3.67707 3.67887 3.68076 3.68273 3.68478 3.6869 3.68908 3.69131 3.69357 3.69586 3.69816 3.70045 3.70272 3.70494 3.70711 3.70921 3.71122 3.71311 3.71489 3.71652 3.718 3.71932 3.72045 3.7214 3.72215 3.7227 3.72304 3.72317 3.72308 3.72278 3.72228 3.72157 3.72067 3.71958 3.71831 3.71687 3.71528 3.71356 3.71171 3.70976 3.70771 3.70559 3.70342 3.70121 3.69897 3.69673 3.6945 3.69229 3.69013 3.68801 3.68596 3.68398 3.68208 3.68027 3.67856 3.67695 3.67545 3.67405 3.67276 3.67158 3.67051 3.66954 3.66868 3.66791 3.66725 3.66667 3.66618 3.66577 3.66544 3.66519 3.665 3.66487 3.6648 3.66478 3.66482 3.6649 3.66502 
3.65849 3.6587 3.65895 3.65925 3.6596 3.65999 3.66044 3.66093 3.66148 3.6621 3.66277 3.66352 3.66434 3.66524 3.66623 3.66731 3.66848 3.66976 3.67114 3.67263 3.67422 3.67593 3.67775 3.67967 3.6817 3.68383 3.68606 3.68837 3.69076 3.69321 3.69572 3.69827 3.70084 3.70342 3.70599 3.70853 3.71102 3.71345 3.7158 3.71804 3.72016 3.72214 3.72396 3.72561 3.72707 3.72834 3.72939 3.73023 3.73083 3.7312 3.73134 3.73124 3.7309 3.73034 3.72954 3.72853 3.7273 3.72588 3.72427 3.72249 3.72056 3.71849 3.7163 3.714 3.71163 3.70919 3.70671 3.70419 3.70168 3.69917 3.69668 3.69424 3.69186 3.68954 3.6873 3.68516 3.68311 3.68117 3.67935 3.67764 3.67605 3.67458 3.67323 3.672 3.67089 3.66989 3.669 3.66823 3.66755 3.66697 3.66649 3.66609 3.66577 3.66553 3.66535 3.66524 3.6652 3.66521 3.66527 3.66539 
3.65888 3.65909 3.65935 3.65966 3.66003 3.66046 3.66094 3.66149 3.6621 3.66278 3.66353 3.66437 3.66529 3.66631 3.66742 3.66864 3.66997 3.67142 3.67298 3.67467 3.67648 3.67841 3.68047 3.68266 3.68496 3.68737 3.68988 3.6925 3.6952 3.69797 3.70079 3.70366 3.70656 3.70946 3.71235 3.7152 3.718 3.72072 3.72335 3.72586 3.72823 3.73044 3.73248 3.73432 3.73596 3.73736 3.73854 3.73946 3.74013 3.74055 3.74069 3.74057 3.74019 3.73955 3.73866 3.73752 3.73614 3.73455 3.73274 3.73075 3.72858 3.72626 3.72379 3.72122 3.71855 3.71581 3.71301 3.71019 3.70735 3.70452 3.70172 3.69897 3.69627 3.69365 3.69112 3.68869 3.68637 3.68417 3.68209 3.68015 3.67833 3.67665 3.67511 3.67369 3.67242 3.67126 3.67024 3.66933 3.66854 3.66786 3.66728 3.6668 3.66641 3.66611 3.66588 3.66573 3.66565 3.66563 3.66568 3.66578 
3.65929 3.6595 3.65977 3.66011 3.6605 3.66096 3.66149 3.66209 3.66277 3.66353 3.66438 3.66532 3.66636 3.66751 3.66877 3.67015 3.67166 3.6733 3.67508 3.67699 3.67904 3.68124 3.68358 3.68605 3.68865 3.69138 3.69423 3.69719 3.70023 3.70336 3.70655 3.70978 3.71304 3.71631 3.71955 3.72276 3.7259 3.72895 3.7319 3.73471 3.73736 3.73983 3.74211 3.74417 3.74599 3.74756 3.74886 3.74989 3.75064 3.75109 3.75125 3.75111 3.75068 3.74996 3.74895 3.74767 3.74613 3.74434 3.74232 3.74008 3.73765 3.73504 3.73227 3.72938 3.72638 3.7233 3.72016 3.71698 3.71378 3.71059 3.70744 3.70433 3.70128 3.69832 3.69546 3.6927 3.69007 3.68757 3.68521 3.68299 3.68092 3.679 3.67723 3.67561 3.67414 3.67282 3.67163 3.67058 3.66966 3.66886 3.66817 3.6676 3.66713 3.66675 3.66647 3.66626 3.66614 3.66609 3.66611 3.6662 
3.65973 3.65994 3.66023 3.66058 3.66101 3.66152 3.6621 3.66276 3.66352 3.66437 3.66532 3.66638 3.66755 3.66885 3.67028 3.67185 3.67356 3.67542 3.67743 3.6796 3.68193 3.68442 3.68707 3.68987 3.69282 3.69591 3.69912 3.70246 3.7059 3.70942 3.71302 3.71666 3.72032 3.72399 3.72763 3.73123 3.73475 3.73817 3.74147 3.74461 3.74757 3.75034 3.75288 3.75517 3.7572 3.75895 3.7604 3.76154 3.76237 3.76287 3.76304 3.76288 3.76239 3.76158 3.76045 3.75902 3.75729 3.75528 3.75302 3.75051 3.74778 3.74486 3.74176 3.73852 3.73515 3.73169 3.72816 3.72458 3.72099 3.7174 3.71384 3.71034 3.7069 3.70356 3.70032 3.6972 3.69422 3.69139 3.68871 3.68618 3.68383 3.68164 3.67962 3.67777 3.67608 3.67455 3.67318 3.67197 3.67089 3.66996 3.66916 3.66848 3.66791 3.66746 3.6671 3.66684 3.66667 3.66659 3.66658 3.66665 
3.66021 3.66042 3.66072 3.6611 3.66156 3.66212 3.66276 3.6635 3.66434 3.66529 3.66636 3.66755 3.66888 3.67035 3.67196 3.67374 3.67568 3.67778 3.68006 3.68252 3.68516 3.68798 3.69097 3.69414 3.69747 3.70095 3.70458 3.70834 3.71221 3.71618 3.72022 3.7243 3.72842 3.73253 3.73661 3.74063 3.74457 3.7484 3.75208 3.75558 3.75889 3.76197 3.7648 3.76735 3.76961 3.77155 3.77316 3.77443 3.77534 3.77589 3.77608 3.77589 3.77534 3.77443 3.77317 3.77157 3.76964 3.76739 3.76486 3.76206 3.75901 3.75574 3.75228 3.74865 3.74488 3.741 3.73704 3.73303 3.729 3.72497 3.72097 3.71703 3.71316 3.70939 3.70574 3.70222 3.69885 3.69564 3.69261 3.68975 3.68707 3.68458 3.68228 3.68016 3.67823 3.67648 3.67491 3.67351 3.67227 3.67118 3.67024 3.66944 3.66877 3.66823 3.6678 3.66747 3.66725 3.66712 3.66708 3.66713 
3.66072 3.66094 3.66125 3.66166 3.66216 3.66277 3.66348 3.6643 3.66524 3.66631 3.66751 3.66885 3.67035 3.672 3.67383 3.67584 3.67803 3.68041 3.68299 3.68576 3.68874 3.69192 3.6953 3.69887 3.70262 3.70654 3.71062 3.71485 3.7192 3.72364 3.72817 3.73275 3.73735 3.74194 3.7465 3.751 3.75539 3.75965 3.76375 3.76765 3.77133 3.77475 3.77789 3.78072 3.78322 3.78538 3.78716 3.78856 3.78957 3.79018 3.79037 3.79016 3.78955 3.78853 3.78712 3.78534 3.78318 3.78069 3.77787 3.77474 3.77135 3.7677 3.76384 3.75979 3.75558 3.75125 3.74683 3.74234 3.73783 3.73332 3.72883 3.72441 3.72007 3.71583 3.71173 3.70777 3.70397 3.70035 3.69692 3.69369 3.69066 3.68783 3.68522 3.68282 3.68062 3.67862 3.67682 3.67521 3.67378 3.67253 3.67144 3.6705 3.66972 3.66907 3.66855 3.66815 3.66787 3.6677 3.66763 3.66766 
3.66127 3.66149 3.66182 3.66226 3.66281 3.66348 3.66427 3.66518 3.66623 3.66742 3.66877 3.67028 3.67196 3.67383 3.67589 3.67815 3.68062 3.6833 3.68621 3.68934 3.6927 3.69627 3.70007 3.70408 3.70829 3.71269 3.71727 3.722 3.72686 3.73184 3.73689 3.742 3.74713 3.75225 3.75733 3.76233 3.76721 3.77194 3.77649 3.78082 3.78489 3.78868 3.79216 3.79529 3.79806 3.80043 3.8024 3.80395 3.80506 3.80572 3.80593 3.80569 3.80501 3.80388 3.80231 3.80033 3.79794 3.79517 3.79204 3.78857 3.7848 3.78075 3.77645 3.77195 3.76727 3.76245 3.75752 3.75252 3.74749 3.74245 3.73745 3.7325 3.72764 3.7229 3.7183 3.71386 3.70959 3.70553 3.70166 3.69802 3.6946 3.69141 3.68846 3.68573 3.68324 3.68097 3.67892 3.67708 3.67544 3.674 3.67274 3.67166 3.67075 3.66999 3.66937 3.66889 3.66855 3.66832 3.66822 3.66822 
3.66186 3.66209 3.66244 3.66291 3.66352 3.66425 3.66512 3.66614 3.66731 3.66864 3.67015 3.67185 3.67374 3.67584 3.67815 3.68069 3.68347 3.68648 3.68975 3.69326 3.69703 3.70104 3.7053 3.70979 3.7145 3.71942 3.72453 3.72981 3.73523 3.74077 3.7464 3.75208 3.75778 3.76346 3.76909 3.77463 3.78004 3.78527 3.7903 3.79508 3.79958 3.80376 3.8076 3.81105 3.8141 3.81671 3.81888 3.82058 3.82179 3.82252 3.82275 3.82248 3.82171 3.82046 3.81873 3.81653 3.81389 3.81083 3.80737 3.80354 3.79936 3.79488 3.79013 3.78514 3.77995 3.77461 3.76914 3.76359 3.758 3.7524 3.74682 3.74132 3.7359 3.73061 3.72547 3.7205 3.71573 3.71118 3.70685 3.70276 3.69892 3.69533 3.692 3.68893 3.68611 3.68354 3.68121 3.67912 3.67725 3.67561 3.67417 3.67293 3.67187 3.67098 3.67026 3.6697 3.66928 3.669 3.66885 3.66883 
3.6625 3.66273 3.66311 3.66362 3.66428 3.66508 3.66605 3.66718 3.66848 3.66997 3.67166 3.67356 3.67568 3.67803 3.68062 3.68347 3.68658 3.68996 3.69361 3.69754 3.70175 3.70624 3.71099 3.716 3.72125 3.72673 3.73241 3.73828 3.7443 3.75045 3.75669 3.76298 3.76929 3.77558 3.7818 3.78791 3.79387 3.79964 3.80518 3.81044 3.81539 3.81999 3.8242 3.82799 3.83133 3.8342 3.83657 3.83843 3.83976 3.84055 3.84079 3.84049 3.83965 3.83827 3.83636 3.83394 3.83104 3.82766 3.82385 3.81963 3.81503 3.81009 3.80485 3.79935 3.79362 3.78772 3.78167 3.77554 3.76935 3.76314 3.75697 3.75085 3.74484 3.73896 3.73325 3.72772 3.7224 3.71732 3.71248 3.70791 3.70361 3.69959 3.69586 3.6924 3.68923 3.68633 3.68371 3.68134 3.67923 3.67736 3.67572 3.6743 3.67308 3.67206 3.67123 3.67056 3.67006 3.66972 3.66953 3.66948 
3.66319 3.66343 3.66382 3.66438 3.6651 3.66599 3.66705 3.66831 3.66976 3.67142 3.6733 3.67542 3.67778 3.68041 3.6833 3.68648 3.68996 3.69373 3.69781 3.70219 3.70688 3.71187 3.71715 3.72272 3.72855 3.73462 3.74093 3.74742 3.75409 3.76088 3.76777 3.77471 3.78166 3.78858 3.79543 3.80215 3.8087 3.81504 3.82111 3.82688 3.8323 3.83733 3.84194 3.84608 3.84973 3.85287 3.85546 3.85748 3.85893 3.85978 3.86005 3.85971 3.85878 3.85726 3.85517 3.85252 3.84934 3.84564 3.84146 3.83683 3.83179 3.82637 3.82061 3.81456 3.80827 3.80177 3.79512 3.78836 3.78154 3.77469 3.76787 3.76112 3.75447 3.74796 3.74163 3.7355 3.7296 3.72395 3.71857 3.71348 3.70869 3.70421 3.70003 3.69617 3.69261 3.68936 3.68641 3.68375 3.68137 3.67926 3.6774 3.67578 3.6744 3.67323 3.67226 3.6715 3.67091 3.6705 3.67026 3.67018 
3.66393 3.66417 3.66459 3.6652 3.66598 3.66696 3.66814 3.66953 3.67114 3.67298 3.67508 3.67743 3.68006 3.68299 3.68621 3.68975 3.69361 3.69781 3.70233 3.7072 3.7124 3.71794 3.72379 3.72995 3.73639 3.74311 3.75006 3.75723 3.76457 3.77204 3.77962 3.78725 3.79488 3.80247 3.80997 3.81733 3.8245 3.83142 3.83806 3.84436 3.85027 3.85575 3.86077 3.86528 3.86926 3.87267 3.87548 3.87768 3.87925 3.88018 3.88045 3.88008 3.87906 3.87741 3.87512 3.87223 3.86876 3.86472 3.86016 3.8551 3.84959 3.84367 3.83738 3.83076 3.82387 3.81675 3.80946 3.80205 3.79455 3.78703 3.77954 3.7721 3.76478 3.75761 3.75062 3.74385 3.73732 3.73107 3.72512 3.71948 3.71416 3.70917 3.70453 3.70023 3.69626 3.69263 3.68933 3.68635 3.68368 3.6813 3.67921 3.67738 3.67581 3.67448 3.67338 3.6725 3.67182 3.67134 3.67105 3.67094 
3.66472 3.66497 3.66542 3.66608 3.66694 3.66801 3.66931 3.67084 3.67263 3.67467 3.67699 3.6796 3.68252 3.68576 3.68934 3.69326 3.69754 3.70219 3.7072 3.71258 3.71833 3.72444 3.7309 3.73769 3.74479 3.75217 3.75982 3.76769 3.77574 3.78394 3.79223 3.80057 3.80892 3.81721 3.8254 3.83342 3.84123 3.84877 3.85599 3.86283 3.86926 3.87521 3.88066 3.88555 3.88986 3.89355 3.89659 3.89897 3.90067 3.90167 3.90196 3.90155 3.90045 3.89864 3.89616 3.89302 3.88925 3.88486 3.8799 3.8744 3.86841 3.86196 3.85511 3.8479 3.84039 3.83263 3.82467 3.81657 3.80837 3.80015 3.79194 3.78379 3.77576 3.76788 3.7602 3.75276 3.74557 3.73869 3.73212 3.72589 3.72001 3.7145 3.70935 3.70458 3.70018 3.69614 3.69247 3.68914 3.68616 3.6835 3.68115 3.6791 3.67733 3.67583 3.67458 3.67358 3.6728 3.67224 3.67189 3.67175 
3.66556 3.66582 3.66631 3.66702 3.66796 3.66914 3.67056 3.67225 3.67422 3.67648 3.67904 3.68193 3.68516 3.68874 3.6927 3.69703 3.70175 3.70688 3.7124 3.71833 3.72466 3.73138 3.73847 3.74592 3.75371 3.76181 3.77018 3.77878 3.78758 3.79653 3.80557 3.81467 3.82375 3.83277 3.84166 3.85038 3.85885 3.86702 3.87484 3.88225 3.8892 3.89564 3.90152 3.90681 3.91146 3.91544 3.91872 3.92129 3.92311 3.92418 3.9245 3.92405 3.92285 3.9209 3.91822 3.91482 3.91073 3.90599 3.90062 3.89467 3.88818 3.88119 3.87377 3.86595 3.85779 3.84936 3.8407 3.83189 3.82297 3.81401 3.80505 3.79616 3.78739 3.77877 3.77037 3.76221 3.75434 3.74678 3.73957 3.73271 3.72624 3.72017 3.71449 3.70922 3.70435 3.69989 3.69582 3.69213 3.68881 3.68585 3.68323 3.68094 3.67896 3.67727 3.67587 3.67473 3.67384 3.6732 3.67279 3.67261 
3.66646 3.66673 3.66725 3.66802 3.66905 3.67034 3.67191 3.67376 3.67593 3.67841 3.68124 3.68442 3.68798 3.69192 3.69627 3.70104 3.70624 3.71187 3.71794 3.72444 3.73138 3.73874 3.7465 3.75465 3.76315 3.77199 3.78111 3.79048 3.80006 3.80979 3.81961 3.82948 3.83933 3.8491 3.85873 3.86815 3.8773 3.88613 3.89456 3.90255 3.91004 3.91697 3.9233 3.92899 3.93399 3.93826 3.94179 3.94454 3.94649 3.94764 3.94798 3.94749 3.94619 3.94409 3.9412 3.93755 3.93315 3.92804 3.92225 3.91584 3.90884 3.9013 3.89328 3.88483 3.87601 3.86689 3.85752 3.84797 3.8383 3.82857 3.81885 3.80918 3.79963 3.79026 3.7811 3.7722 3.7636 3.75534 3.74745 3.73994 3.73285 3.72618 3.71995 3.71415 3.70879 3.70387 3.69938 3.6953 3.69163 3.68835 3.68544 3.6829 3.68069 3.67881 3.67724 3.67596 3.67496 3.67422 3.67375 3.67353 
3.66742 3.6677 3.66826 3.66909 3.67021 3.67162 3.67333 3.67537 3.67775 3.68047 3.68358 3.68707 3.69097 3.6953 3.70007 3.7053 3.71099 3.71715 3.72379 3.7309 3.73847 3.7465 3.75496 3.76383 3.77309 3.78269 3.7926 3.80277 3.81315 3.82368 3.83431 3.84497 3.85561 3.86615 3.87652 3.88667 3.89652 3.90601 3.91508 3.92365 3.93169 3.93912 3.94591 3.95199 3.95734 3.96192 3.96569 3.96863 3.97072 3.97194 3.9723 3.97177 3.97038 3.96813 3.96503 3.96111 3.95639 3.95091 3.9447 3.93782 3.9303 3.9222 3.91357 3.90448 3.89499 3.88516 3.87506 3.86476 3.85431 3.8438 3.83328 3.82282 3.81247 3.8023 3.79235 3.78268 3.77333 3.76434 3.75574 3.74756 3.73982 3.73253 3.72571 3.71936 3.71349 3.70809 3.70315 3.69866 3.69462 3.691 3.68779 3.68497 3.68253 3.68044 3.67869 3.67726 3.67614 3.67531 3.67477 3.67451 
3.66844 3.66873 3.66932 3.67022 3.67144 3.67297 3.67485 3.67707 3.67967 3.68266 3.68605 3.68987 3.69414 3.69887 3.70408 3.70979 3.716 3.72272 3.72995 3.73769 3.74592 3.75465 3.76383 3.77346 3.78349 3.79388 3.8046 3.81559 3.82679 3.83815 3.8496 3.86108 3.87252 3.88384 3.89498 3.90587 3.91643 3.92659 3.93629 3.94547 3.95405 3.96199 3.96923 3.97573 3.98143 3.98631 3.99032 3.99345 3.99568 3.99698 3.99735 3.99679 3.9953 3.9929 3.98959 3.9854 3.98036 3.97451 3.96788 3.96052 3.95248 3.94381 3.93457 3.92483 3.91466 3.90411 3.89326 3.88218 3.87095 3.85963 3.8483 3.83701 3.82585 3.81486 3.80411 3.79364 3.78352 3.77377 3.76443 3.75554 3.74712 3.73919 3.73176 3.72484 3.71842 3.71252 3.70712 3.70221 3.69777 3.6938 3.69027 3.68717 3.68447 3.68216 3.68022 3.67864 3.67739 3.67646 3.67585 3.67554 
3.66951 3.66981 3.67045 3.67142 3.67274 3.67441 3.67645 3.67887 3.6817 3.68496 3.68865 3.69282 3.69747 3.70262 3.70829 3.7145 3.72125 3.72855 3.73639 3.74479 3.75371 3.76315 3.77309 3.78349 3.79431 3.80552 3.81707 3.82889 3.84094 3.85314 3.86544 3.87774 3.89 3.90212 3.91403 3.92566 3.93693 3.94777 3.95811 3.96789 3.97702 3.98547 3.99317 4.00007 4.00613 4.01131 4.01557 4.01889 4.02125 4.02262 4.02302 4.02242 4.02083 4.01828 4.01476 4.01031 4.00495 3.99873 3.99167 3.98383 3.97527 3.96603 3.95618 3.94579 3.93492 3.92364 3.91204 3.90018 3.88815 3.87601 3.86385 3.85173 3.83972 3.8279 3.81632 3.80503 3.79411 3.78358 3.77348 3.76387 3.75475 3.74615 3.73808 3.73056 3.72359 3.71716 3.71128 3.70592 3.70108 3.69673 3.69287 3.68947 3.68651 3.68397 3.68184 3.68009 3.6787 3.67767 3.67699 3.67663 
3.67063 3.67095 3.67163 3.67268 3.6741 3.67591 3.67813 3.68076 3.68383 3.68737 3.69138 3.69591 3.70095 3.70654 3.71269 3.71942 3.72673 3.73462 3.74311 3.75217 3.76181 3.77199 3.78269 3.79388 3.80552 3.81757 3.82996 3.84263 3.85554 3.8686 3.88174 3.89488 3.90796 3.92088 3.93357 3.94595 3.95794 3.96946 3.98044 3.99081 4.0005 4.00945 4.0176 4.02491 4.03132 4.03679 4.0413 4.04481 4.0473 4.04875 4.04916 4.04853 4.04685 4.04414 4.04042 4.03571 4.03004 4.02344 4.01596 4.00765 3.99856 3.98876 3.97829 3.96724 3.95568 3.94368 3.93131 3.91867 3.90583 3.89286 3.87986 3.86689 3.85403 3.84135 3.82893 3.81681 3.80507 3.79374 3.78287 3.7725 3.76266 3.75338 3.74466 3.73652 3.72897 3.722 3.71562 3.7098 3.70453 3.6998 3.69559 3.69188 3.68865 3.68587 3.68353 3.6816 3.68008 3.67894 3.67818 3.67778 
3.67181 3.67214 3.67287 3.674 3.67553 3.67749 3.67988 3.68273 3.68606 3.68988 3.69423 3.69912 3.70458 3.71062 3.71727 3.72453 3.73241 3.74093 3.75006 3.75982 3.77018 3.78111 3.7926 3.8046 3.81707 3.82996 3.8432 3.85675 3.87051 3.88444 3.89843 3.91242 3.92632 3.94005 3.95351 3.96664 3.97934 3.99154 4.00315 4.01411 4.02435 4.0338 4.0424 4.0501 4.05686 4.06263 4.06738 4.07107 4.07369 4.07522 4.07565 4.07498 4.07321 4.07036 4.06644 4.06147 4.05549 4.04852 4.04063 4.03185 4.02225 4.01187 4.0008 3.9891 3.97684 3.96411 3.95099 3.93756 3.9239 3.91011 3.89625 3.88243 3.86871 3.85517 3.84189 3.82893 3.81635 3.80421 3.79255 3.78141 3.77084 3.76085 3.75146 3.74269 3.73455 3.72702 3.72012 3.71382 3.70812 3.70299 3.69842 3.69439 3.69087 3.68785 3.68529 3.68319 3.68152 3.68027 3.67943 3.67898 
3.67303 3.67338 3.67416 3.67537 3.67702 3.67913 3.68171 3.68478 3.68837 3.6925 3.69719 3.70246 3.70834 3.71485 3.722 3.72981 3.73828 3.74742 3.75723 3.76769 3.77878 3.79048 3.80277 3.81559 3.82889 3.84263 3.85675 3.87116 3.8858 3.90058 3.91544 3.93027 3.94499 3.95952 3.97375 3.98762 4.00103 4.01389 4.02613 4.03767 4.04845 4.05839 4.06743 4.07553 4.08262 4.08868 4.09366 4.09754 4.10029 4.10189 4.10234 4.10164 4.09978 4.09679 4.09267 4.08745 4.08116 4.07384 4.06554 4.05631 4.04619 4.03526 4.02359 4.01124 3.9983 3.98485 3.97097 3.95675 3.94229 3.92766 3.91296 3.89827 3.88369 3.86929 3.85514 3.84132 3.8279 3.81493 3.80247 3.79056 3.77924 3.76853 3.75846 3.74904 3.74029 3.7322 3.72476 3.71797 3.71182 3.70629 3.70135 3.69699 3.69317 3.68989 3.68712 3.68483 3.68302 3.68165 3.68072 3.68023 
3.6743 3.67467 3.6755 3.67679 3.67856 3.68082 3.6836 3.6869 3.69076 3.6952 3.70023 3.7059 3.71221 3.7192 3.72686 3.73523 3.7443 3.75409 3.76457 3.77574 3.78758 3.80006 3.81315 3.82679 3.84094 3.85554 3.87051 3.8858 3.9013 3.91695 3.93266 3.94833 3.96387 3.97918 3.99418 4.00878 4.02288 4.0364 4.04926 4.06137 4.07267 4.08309 4.09256 4.10104 4.10846 4.1148 4.12001 4.12406 4.12694 4.12861 4.12909 4.12835 4.12641 4.12328 4.11897 4.1135 4.10692 4.09926 4.09056 4.08088 4.07027 4.0588 4.04653 4.03355 4.01994 4.00577 3.99115 3.97616 3.96088 3.94543 3.92989 3.91434 3.89889 3.88362 3.86861 3.85394 3.83967 3.82587 3.8126 3.7999 3.78782 3.77638 3.76562 3.75555 3.74618 3.7375 3.72953 3.72224 3.71563 3.70968 3.70436 3.69966 3.69555 3.69201 3.68901 3.68653 3.68456 3.68308 3.68206 3.68152 
3.67561 3.67599 3.67687 3.67825 3.68015 3.68257 3.68554 3.68908 3.69321 3.69797 3.70336 3.70942 3.71618 3.72364 3.73184 3.74077 3.75045 3.76088 3.77204 3.78394 3.79653 3.80979 3.82368 3.83815 3.85314 3.8686 3.88444 3.90058 3.91695 3.93346 3.95001 3.9665 3.98284 3.99894 4.01469 4.03 4.04478 4.05894 4.07239 4.08506 4.09687 4.10776 4.11765 4.12649 4.13424 4.14084 4.14627 4.1505 4.15349 4.15524 4.15573 4.15497 4.15295 4.14968 4.14519 4.1395 4.13263 4.12464 4.11555 4.10544 4.09434 4.08234 4.06951 4.05591 4.04164 4.02677 4.01142 3.99566 3.97959 3.96332 3.94694 3.93055 3.91424 3.89811 3.88223 3.8667 3.85158 3.83695 3.82287 3.80938 3.79654 3.78437 3.77291 3.76218 3.75218 3.74292 3.7344 3.7266 3.71953 3.71315 3.70745 3.7024 3.69798 3.69417 3.69095 3.68828 3.68615 3.68454 3.68345 3.68285 
3.67695 3.67735 3.67829 3.67975 3.68177 3.68436 3.68753 3.69131 3.69572 3.70079 3.70655 3.71302 3.72022 3.72817 3.73689 3.7464 3.75669 3.76777 3.77962 3.79223 3.80557 3.81961 3.83431 3.8496 3.86544 3.88174 3.89843 3.91544 3.93266 3.95001 3.96738 3.98469 4.00182 4.01867 4.03516 4.05116 4.0666 4.08139 4.09542 4.10863 4.12093 4.13226 4.14255 4.15174 4.1598 4.16666 4.1723 4.17669 4.1798 4.18162 4.18213 4.18134 4.17924 4.17585 4.17119 4.16527 4.15814 4.14982 4.14037 4.12984 4.11829 4.10577 4.09238 4.07819 4.06327 4.04773 4.03166 4.01515 3.99831 3.98124 3.96404 3.94681 3.92965 3.91266 3.89593 3.87955 3.86359 3.84813 3.83323 3.81896 3.80535 3.79245 3.78029 3.76889 3.75826 3.74841 3.73934 3.73103 3.72349 3.71668 3.71059 3.70519 3.70047 3.69639 3.69293 3.69006 3.68778 3.68605 3.68486 3.68421 
3.67832 3.67874 3.67972 3.68128 3.68343 3.68618 3.68955 3.69357 3.69827 3.70366 3.70978 3.71666 3.7243 3.73275 3.742 3.75208 3.76298 3.77471 3.78725 3.80057 3.81467 3.82948 3.84497 3.86108 3.87774 3.89488 3.91242 3.93027 3.94833 3.9665 3.98469 4.00278 4.02068 4.03828 4.05547 4.07215 4.08823 4.10361 4.1182 4.13192 4.14469 4.15645 4.16712 4.17666 4.185 4.19212 4.19796 4.2025 4.20572 4.20761 4.20814 4.20732 4.20516 4.20165 4.19682 4.1907 4.18331 4.17469 4.16489 4.15396 4.14196 4.12896 4.11503 4.10026 4.08473 4.06853 4.05176 4.03453 4.01693 3.99907 3.98107 3.96302 3.94503 3.9272 3.90962 3.8924 3.87561 3.85933 3.84363 3.82857 3.8142 3.80057 3.78771 3.77565 3.76439 3.75395 3.74432 3.73551 3.72749 3.72025 3.71377 3.70802 3.70298 3.69863 3.69494 3.69187 3.68943 3.68757 3.6863 3.6856 
3.6797 3.68014 3.68118 3.68283 3.68511 3.68802 3.6916 3.69586 3.70084 3.70656 3.71304 3.72032 3.72842 3.73735 3.74713 3.75778 3.76929 3.78166 3.79488 3.80892 3.82375 3.83933 3.85561 3.87252 3.89 3.90796 3.92632 3.94499 3.96387 3.98284 4.00182 4.02068 4.03932 4.05763 4.07551 4.09284 4.10953 4.12548 4.1406 4.15482 4.16804 4.1802 4.19124 4.20109 4.20972 4.21706 4.2231 4.22779 4.23111 4.23306 4.23361 4.23277 4.23054 4.22693 4.22195 4.21563 4.20799 4.19909 4.18896 4.17765 4.16523 4.15176 4.13733 4.122 4.10587 4.08904 4.07161 4.05367 4.03534 4.01673 3.99794 3.97909 3.96029 3.94163 3.92323 3.90518 3.88757 3.87049 3.85399 3.83816 3.82305 3.80869 3.79514 3.78241 3.77053 3.7595 3.74932 3.74 3.73151 3.72384 3.71697 3.71087 3.70552 3.70089 3.69696 3.69371 3.6911 3.68912 3.68776 3.687 
3.68109 3.68155 3.68265 3.68439 3.68679 3.68987 3.69365 3.69816 3.70342 3.70946 3.71631 3.72399 3.73253 3.74194 3.75225 3.76346 3.77558 3.78858 3.80247 3.81721 3.83277 3.8491 3.86615 3.88384 3.90212 3.92088 3.94005 3.95952 3.97918 3.99894 4.01867 4.03828 4.05763 4.07663 4.09516 4.11311 4.13038 4.14688 4.16251 4.17719 4.19084 4.20338 4.21476 4.22492 4.2338 4.24137 4.24758 4.25241 4.25584 4.25784 4.25842 4.25755 4.25526 4.25155 4.24643 4.23992 4.23206 4.22289 4.21245 4.20079 4.18797 4.17406 4.15914 4.14329 4.1266 4.10917 4.09109 4.07248 4.05344 4.0341 4.01455 3.99493 3.97533 3.95588 3.93668 3.91782 3.89941 3.88154 3.86427 3.84767 3.83182 3.81676 3.80252 3.78914 3.77664 3.76503 3.75431 3.74448 3.73552 3.72742 3.72016 3.71372 3.70806 3.70316 3.699 3.69554 3.69277 3.69067 3.68922 3.68842 
3.68248 3.68296 3.68411 3.68595 3.68848 3.69172 3.6957 3.70045 3.70599 3.71235 3.71955 3.72763 3.73661 3.7465 3.75733 3.76909 3.7818 3.79543 3.80997 3.8254 3.84166 3.85873 3.87652 3.89498 3.91403 3.93357 3.95351 3.97375 3.99418 4.01469 4.03516 4.05547 4.07551 4.09516 4.11431 4.13285 4.15067 4.16769 4.18379 4.19891 4.21296 4.22586 4.23756 4.248 4.25713 4.2649 4.27128 4.27624 4.27976 4.28182 4.28241 4.28154 4.27919 4.27538 4.27013 4.26346 4.25539 4.24597 4.23524 4.22325 4.21006 4.19573 4.18036 4.16401 4.14678 4.12877 4.11009 4.09083 4.07112 4.05108 4.03081 4.01044 3.99008 3.96986 3.94988 3.93024 3.91106 3.89241 3.87438 3.85705 3.84048 3.82472 3.80981 3.79579 3.78269 3.77051 3.75925 3.74892 3.7395 3.73098 3.72334 3.71655 3.71058 3.70542 3.70102 3.69737 3.69445 3.69222 3.69069 3.68983 
3.68387 3.68436 3.68557 3.68749 3.69015 3.69355 3.69773 3.70272 3.70853 3.7152 3.72276 3.73123 3.74063 3.751 3.76233 3.77463 3.78791 3.80215 3.81733 3.83342 3.85038 3.86815 3.88667 3.90587 3.92566 3.94595 3.96664 3.98762 4.00878 4.03 4.05116 4.07215 4.09284 4.11311 4.13285 4.15194 4.17029 4.18779 4.20434 4.21987 4.23429 4.24753 4.25953 4.27022 4.27958 4.28754 4.29407 4.29915 4.30276 4.30488 4.30549 4.3046 4.3022 4.29831 4.29294 4.28611 4.27786 4.2682 4.2572 4.2449 4.23137 4.21666 4.20086 4.18404 4.16631 4.14776 4.1285 4.10863 4.08828 4.06757 4.04661 4.02552 4.00444 3.98347 3.96274 3.94236 3.92242 3.90303 3.88427 3.86622 3.84895 3.83252 3.81696 3.80232 3.78863 3.77589 3.76411 3.75329 3.74342 3.73449 3.72647 3.71934 3.71308 3.70765 3.70303 3.69919 3.6961 3.69376 3.69214 3.69123 
3.68523 3.68575 3.687 3.68901 3.69179 3.69536 3.69973 3.70494 3.71102 3.718 3.7259 3.73475 3.74457 3.75539 3.76721 3.78004 3.79387 3.8087 3.8245 3.84123 3.85885 3.8773 3.89652 3.91643 3.93693 3.95794 3.97934 4.00103 4.02288 4.04478 4.0666 4.08823 4.10953 4.13038 4.15067 4.17029 4.18912 4.20707 4.22404 4.23995 4.25471 4.26826 4.28054 4.29148 4.30104 4.30917 4.31585 4.32104 4.32473 4.32689 4.32753 4.32662 4.32418 4.32022 4.31474 4.30777 4.29934 4.28948 4.27823 4.26565 4.25179 4.23673 4.22053 4.20328 4.18508 4.16602 4.14622 4.12578 4.10482 4.08347 4.06186 4.0401 4.01832 3.99665 3.9752 3.9541 3.93344 3.91334 3.89388 3.87514 3.8572 3.84011 3.82393 3.80869 3.79442 3.78114 3.76885 3.75756 3.74726 3.73792 3.72954 3.72208 3.71552 3.70984 3.70499 3.70097 3.69773 3.69527 3.69357 3.69261 
3.68656 3.68709 3.6884 3.6905 3.6934 3.69711 3.70168 3.70711 3.71345 3.72072 3.72895 3.73817 3.7484 3.75965 3.77194 3.78527 3.79964 3.81504 3.83142 3.84877 3.86702 3.88613 3.90601 3.92659 3.94777 3.96946 3.99154 4.01389 4.0364 4.05894 4.08139 4.10361 4.12548 4.14688 4.16769 4.18779 4.20707 4.22544 4.2428 4.25905 4.27414 4.28797 4.30049 4.31165 4.3214 4.3297 4.33651 4.3418 4.34556 4.34777 4.34842 4.34751 4.34503 4.341 4.33543 4.32833 4.31974 4.30969 4.29822 4.28538 4.27123 4.25583 4.23927 4.22162 4.20298 4.18345 4.16314 4.14217 4.12064 4.0987 4.07647 4.05407 4.03163 4.00929 3.98717 3.96539 3.94405 3.92327 3.90313 3.88373 3.86515 3.84744 3.83065 3.81484 3.80002 3.78622 3.77345 3.7617 3.75097 3.74125 3.73252 3.72474 3.7179 3.71197 3.70691 3.7027 3.69932 3.69675 3.69497 3.69396 
3.68785 3.6884 3.68976 3.69194 3.69495 3.69882 3.70356 3.70921 3.7158 3.72335 3.7319 3.74147 3.75208 3.76375 3.77649 3.7903 3.80518 3.82111 3.83806 3.85599 3.87484 3.89456 3.91508 3.93629 3.95811 3.98044 4.00315 4.02613 4.04926 4.07239 4.09542 4.1182 4.1406 4.16251 4.18379 4.20434 4.22404 4.2428 4.2605 4.27708 4.29246 4.30655 4.3193 4.33066 4.34058 4.34902 4.35595 4.36134 4.36517 4.36742 4.36809 4.36717 4.36466 4.36057 4.35491 4.3477 4.33897 4.32874 4.31707 4.30399 4.28958 4.27388 4.25698 4.23896 4.21992 4.19996 4.17918 4.1577 4.13566 4.11316 4.09035 4.06735 4.0443 4.02134 3.99858 3.97615 3.95417 3.93274 3.91197 3.89195 3.87276 3.85445 3.8371 3.82073 3.80539 3.7911 3.77786 3.76568 3.75455 3.74446 3.73539 3.72731 3.72019 3.71402 3.70876 3.70438 3.70086 3.69818 3.69632 3.69527 
3.68909 3.68966 3.69106 3.69332 3.69644 3.70045 3.70536 3.71122 3.71804 3.72586 3.73471 3.74461 3.75558 3.76765 3.78082 3.79508 3.81044 3.82688 3.84436 3.86283 3.88225 3.90255 3.92365 3.94547 3.96789 3.99081 4.01411 4.03767 4.06137 4.08506 4.10863 4.13192 4.15482 4.17719 4.19891 4.21987 4.23995 4.25905 4.27708 4.29396 4.30959 4.32392 4.33688 4.34842 4.35849 4.36706 4.3741 4.37957 4.38346 4.38575 4.38643 4.38551 4.38297 4.37883 4.37309 4.36579 4.35693 4.34655 4.33469 4.32141 4.30675 4.29078 4.27358 4.25522 4.23581 4.21545 4.19424 4.17231 4.14977 4.12677 4.10342 4.07987 4.05625 4.0327 4.00934 3.98632 3.96373 3.94171 3.92034 3.89974 3.87997 3.8611 3.84321 3.82633 3.8105 3.79573 3.78206 3.76947 3.75796 3.74751 3.73812 3.72975 3.72238 3.71598 3.71053 3.70599 3.70233 3.69955 3.69762 3.69652 
3.69026 3.69085 3.6923 3.69463 3.69785 3.70199 3.70707 3.71311 3.72016 3.72823 3.73736 3.74757 3.75889 3.77133 3.78489 3.79958 3.81539 3.8323 3.85027 3.86926 3.8892 3.91004 3.93169 3.95405 3.97702 4.0005 4.02435 4.04845 4.07267 4.09687 4.12093 4.14469 4.16804 4.19084 4.21296 4.23429 4.25471 4.27414 4.29246 4.30959 4.32546 4.34 4.35314 4.36484 4.37506 4.38374 4.39087 4.39642 4.40036 4.40269 4.40339 4.40246 4.3999 4.39571 4.38991 4.38252 4.37355 4.36303 4.35102 4.33754 4.32267 4.30645 4.28897 4.27032 4.25058 4.22985 4.20825 4.1859 4.16292 4.13944 4.11561 4.09155 4.0674 4.04331 4.01941 3.99582 3.97268 3.9501 3.92818 3.90703 3.88673 3.86735 3.84895 3.83159 3.81529 3.8001 3.78601 3.77303 3.76116 3.75039 3.7407 3.73206 3.72445 3.71784 3.7122 3.70751 3.70373 3.70085 3.69884 3.69771 
3.69136 3.69196 3.69346 3.69586 3.69917 3.70344 3.70866 3.71489 3.72214 3.73044 3.73983 3.75034 3.76197 3.77475 3.78868 3.80376 3.81999 3.83733 3.85575 3.87521 3.89564 3.91697 3.93912 3.96199 3.98547 4.00945 4.0338 4.05839 4.08309 4.10776 4.13226 4.15645 4.1802 4.20338 4.22586 4.24753 4.26826 4.28797 4.30655 4.32392 4.34 4.35472 4.36803 4.37988 4.39021 4.399 4.40621 4.41183 4.41582 4.41818 4.41889 4.41796 4.41538 4.41115 4.4053 4.39782 4.38876 4.37812 4.36597 4.35232 4.33726 4.32082 4.3031 4.28417 4.26413 4.24308 4.22113 4.1984 4.17502 4.15112 4.12683 4.10231 4.07769 4.0531 4.0287 4.00461 3.98096 3.95786 3.93544 3.91379 3.89299 3.87313 3.85428 3.83647 3.81975 3.80415 3.78968 3.77635 3.76415 3.75308 3.74311 3.73422 3.72638 3.71958 3.71377 3.70893 3.70503 3.70206 3.7 3.69883 
3.69238 3.693 3.69453 3.69699 3.7004 3.70477 3.71013 3.71652 3.72396 3.73248 3.74211 3.75288 3.7648 3.77789 3.79216 3.8076 3.8242 3.84194 3.86077 3.88066 3.90152 3.9233 3.94591 3.96923 3.99317 4.0176 4.0424 4.06743 4.09256 4.11765 4.14255 4.16712 4.19124 4.21476 4.23756 4.25953 4.28054 4.30049 4.3193 4.33688 4.35314 4.36803 4.38149 4.39346 4.4039 4.41278 4.42007 4.42574 4.42977 4.43216 4.43289 4.43195 4.42936 4.4251 4.41919 4.41165 4.4025 4.39177 4.37948 4.36569 4.35046 4.33383 4.3159 4.29673 4.27642 4.25508 4.23281 4.20975 4.186 4.16172 4.13704 4.1121 4.08705 4.06202 4.03716 4.01261 3.9885 3.96494 3.94206 3.91996 3.89872 3.87843 3.85915 3.84094 3.82383 3.80786 3.79305 3.77939 3.76689 3.75554 3.74532 3.7362 3.72816 3.72117 3.71521 3.71024 3.70624 3.70318 3.70106 3.69986 
3.69331 3.69394 3.6955 3.69802 3.70151 3.70598 3.71147 3.718 3.72561 3.73432 3.74417 3.75517 3.76735 3.78072 3.79529 3.81105 3.82799 3.84608 3.86528 3.88555 3.90681 3.92899 3.95199 3.97573 4.00007 4.02491 4.0501 4.07553 4.10104 4.12649 4.15174 4.17666 4.20109 4.22492 4.248 4.27022 4.29148 4.31165 4.33066 4.34842 4.36484 4.37988 4.39346 4.40554 4.41607 4.42503 4.43238 4.4381 4.44217 4.44459 4.44533 4.44439 4.44178 4.4375 4.43155 4.42395 4.41473 4.4039 4.39151 4.3776 4.36222 4.34542 4.3273 4.30792 4.28738 4.26578 4.24324 4.21988 4.19582 4.1712 4.14617 4.12086 4.09542 4.07 4.04475 4.01979 3.99526 3.9713 3.94801 3.9255 3.90386 3.88318 3.86353 3.84495 3.8275 3.81121 3.79608 3.78214 3.76937 3.75777 3.74731 3.73799 3.72977 3.72262 3.71652 3.71143 3.70733 3.7042 3.70203 3.70079 
3.69413 3.69477 3.69637 3.69894 3.70249 3.70706 3.71266 3.71932 3.72707 3.73596 3.74599 3.7572 3.76961 3.78322 3.79806 3.8141 3.83133 3.84973 3.86926 3.88986 3.91146 3.93399 3.95734 3.98143 4.00613 4.03132 4.05686 4.08262 4.10846 4.13424 4.1598 4.185 4.20972 4.2338 4.25713 4.27958 4.30104 4.3214 4.34058 4.35849 4.37506 4.39021 4.4039 4.41607 4.42669 4.43571 4.44312 4.44888 4.45299 4.45542 4.45617 4.45524 4.45261 4.44831 4.44233 4.43468 4.4254 4.41449 4.40201 4.38799 4.37248 4.35555 4.33726 4.3177 4.29696 4.27515 4.25237 4.22875 4.20441 4.1795 4.15416 4.12853 4.10277 4.07701 4.0514 4.02609 4.0012 3.97688 3.95323 3.93037 3.90839 3.88737 3.86739 3.8485 3.83074 3.81416 3.79876 3.78456 3.77155 3.75973 3.74908 3.73958 3.73119 3.7239 3.71768 3.71248 3.7083 3.70511 3.70289 3.70163 
3.69485 3.6955 3.69712 3.69973 3.70335 3.70799 3.71368 3.72045 3.72834 3.73736 3.74756 3.75895 3.77155 3.78538 3.80043 3.81671 3.8342 3.85287 3.87267 3.89355 3.91544 3.93826 3.96192 3.98631 4.01131 4.03679 4.06263 4.08868 4.1148 4.14084 4.16666 4.19212 4.21706 4.24137 4.2649 4.28754 4.30917 4.3297 4.34902 4.36706 4.38374 4.399 4.41278 4.42503 4.43571 4.44479 4.45224 4.45805 4.46218 4.46463 4.46539 4.46446 4.46182 4.4575 4.45149 4.4438 4.43447 4.4235 4.41094 4.39683 4.38122 4.36416 4.34574 4.32603 4.30512 4.28312 4.26014 4.2363 4.21174 4.18658 4.16098 4.13508 4.10903 4.08298 4.05708 4.03147 4.00628 3.98165 3.9577 3.93454 3.91226 3.89096 3.87069 3.85153 3.83352 3.81669 3.80106 3.78664 3.77343 3.76143 3.75061 3.74095 3.73242 3.72501 3.71868 3.7134 3.70915 3.7059 3.70364 3.70235 
3.69545 3.69611 3.69775 3.7004 3.70406 3.70877 3.71454 3.7214 3.72939 3.73854 3.74886 3.7604 3.77316 3.78716 3.8024 3.81888 3.83657 3.85546 3.87548 3.89659 3.91872 3.94179 3.96569 3.99032 4.01557 4.0413 4.06738 4.09366 4.12001 4.14627 4.1723 4.19796 4.2231 4.24758 4.27128 4.29407 4.31585 4.33651 4.35595 4.3741 4.39087 4.40621 4.42007 4.43238 4.44312 4.45224 4.45973 4.46557 4.46972 4.47219 4.47296 4.47202 4.46938 4.46504 4.45901 4.45129 4.44191 4.43089 4.41827 4.40409 4.38839 4.37123 4.3527 4.33286 4.31182 4.28967 4.26652 4.24251 4.21775 4.1924 4.16658 4.14046 4.11419 4.0879 4.06175 4.0359 4.01046 3.98558 3.96139 3.93798 3.91546 3.89392 3.87342 3.85404 3.83582 3.81879 3.80297 3.78837 3.77499 3.76283 3.75187 3.74208 3.73345 3.72593 3.71952 3.71416 3.70985 3.70656 3.70426 3.70296 
3.69593 3.69659 3.69826 3.70093 3.70463 3.70939 3.71522 3.72215 3.73023 3.73946 3.74989 3.76154 3.77443 3.78856 3.80395 3.82058 3.83843 3.85748 3.87768 3.89897 3.92129 3.94454 3.96863 3.99345 4.01889 4.04481 4.07107 4.09754 4.12406 4.1505 4.17669 4.2025 4.22779 4.25241 4.27624 4.29915 4.32104 4.3418 4.36134 4.37957 4.39642 4.41183 4.42574 4.4381 4.44888 4.45805 4.46557 4.47142 4.47559 4.47807 4.47885 4.47791 4.47527 4.47091 4.46486 4.45712 4.4477 4.43665 4.42398 4.40973 4.39396 4.37673 4.35811 4.33818 4.31703 4.29476 4.27148 4.24733 4.22243 4.19692 4.17094 4.14465 4.11819 4.09173 4.06539 4.03934 4.01372 3.98865 3.96426 3.94066 3.91795 3.89623 3.87556 3.85601 3.83762 3.82043 3.80446 3.78973 3.77622 3.76394 3.75287 3.74298 3.73426 3.72667 3.72018 3.71477 3.71041 3.70708 3.70476 3.70344 
3.69628 3.69695 3.69863 3.70132 3.70505 3.70984 3.71571 3.7227 3.73083 3.74013 3.75064 3.76237 3.77534 3.78957 3.80506 3.82179 3.83976 3.85893 3.87925 3.90067 3.92311 3.94649 3.97072 3.99568 4.02125 4.0473 4.07369 4.10029 4.12694 4.15349 4.1798 4.20572 4.23111 4.25584 4.27976 4.30276 4.32473 4.34556 4.36517 4.38346 4.40036 4.41582 4.42977 4.44217 4.45299 4.46218 4.46972 4.47559 4.47978 4.48227 4.48305 4.48211 4.47946 4.4751 4.46903 4.46127 4.45183 4.44074 4.42803 4.41375 4.39793 4.38064 4.36196 4.34195 4.32072 4.29837 4.275 4.25075 4.22575 4.20012 4.17403 4.14762 4.12104 4.09444 4.06797 4.04179 4.01603 3.99082 3.9663 3.94256 3.91973 3.89787 3.87708 3.85741 3.8389 3.82161 3.80553 3.7907 3.7771 3.76474 3.75359 3.74363 3.73485 3.7272 3.72066 3.71521 3.71082 3.70747 3.70513 3.7038 
3.69651 3.69718 3.69886 3.70157 3.70532 3.71013 3.71602 3.72304 3.7312 3.74055 3.75109 3.76287 3.77589 3.79018 3.80572 3.82252 3.84055 3.85978 3.88018 3.90167 3.92418 3.94764 3.97194 3.99698 4.02262 4.04875 4.07522 4.10189 4.12861 4.15524 4.18162 4.20761 4.23306 4.25784 4.28182 4.30488 4.32689 4.34777 4.36742 4.38575 4.40269 4.41818 4.43216 4.44459 4.45542 4.46463 4.47219 4.47807 4.48227 4.48476 4.48554 4.4846 4.48195 4.47758 4.4715 4.46373 4.45427 4.44316 4.43043 4.41611 4.40027 4.38294 4.36422 4.34417 4.32289 4.30048 4.27706 4.25275 4.22768 4.20199 4.17583 4.14935 4.12269 4.09602 4.06948 4.04322 4.01738 3.99209 3.96749 3.94368 3.92077 3.89884 3.87798 3.85824 3.83967 3.82231 3.80617 3.79128 3.77764 3.76522 3.75403 3.74403 3.73521 3.72753 3.72097 3.71549 3.71108 3.70771 3.70536 3.70403 
