5.76105 5.76123 5.76151 5.76189 5.76236 5.76292 5.76358 5.76434 5.7652 5.76616 5.76721 5.76836 5.76961 5.77096 5.77241 5.77396 5.7756 5.77734 5.77917 5.7811 5.7831 5.78519 5.78736 5.78959 5.79189 5.79424 5.79664 5.79908 5.80154 5.80402 5.8065 5.80898 5.81144 5.81387 5.81625 5.81857 5.82082 5.82298 5.82505 5.82701 5.82884 5.83054 5.83209 5.83349 5.83472 5.83578 5.83667 5.83736 5.83787 5.83819 5.8383 5.83823 5.83796 5.8375 5.83684 5.83601 5.835 5.83381 5.83247 5.83097 5.82933 5.82755 5.82566 5.82366 5.82157 5.81939 5.81715 5.81485 5.81251 5.81015 5.80776 5.80538 5.80301 5.80066 5.79834 5.79607 5.79384 5.79168 5.78959 5.78758 5.78565 5.7838 5.78205 5.7804 5.77885 5.7774 5.77605 5.77481 5.77367 5.77264 5.77172 5.7709 5.77019 5.76958 5.76907 5.76867 5.76836 5.76816 5.76805 5.76804 
5.76123 5.76142 5.7617 5.76207 5.76254 5.76311 5.76378 5.76454 5.7654 5.76636 5.76742 5.76858 5.76984 5.7712 5.77266 5.77422 5.77587 5.77762 5.77947 5.7814 5.78342 5.78553 5.7877 5.78996 5.79227 5.79464 5.79705 5.79951 5.80199 5.80449 5.80699 5.80949 5.81196 5.81441 5.81681 5.81915 5.82141 5.82359 5.82568 5.82765 5.82949 5.8312 5.83277 5.83418 5.83542 5.83649 5.83738 5.83808 5.83859 5.83891 5.83903 5.83895 5.83868 5.83821 5.83756 5.83671 5.83569 5.8345 5.83314 5.83163 5.82998 5.82819 5.82628 5.82427 5.82216 5.81997 5.81771 5.81539 5.81303 5.81065 5.80825 5.80585 5.80346 5.80109 5.79876 5.79646 5.79423 5.79205 5.78994 5.78791 5.78597 5.78411 5.78235 5.78068 5.77912 5.77765 5.7763 5.77505 5.7739 5.77287 5.77194 5.77111 5.77039 5.76978 5.76927 5.76886 5.76855 5.76834 5.76823 5.76822 
5.76151 5.7617 5.76198 5.76236 5.76284 5.76341 5.76409 5.76487 5.76574 5.76672 5.7678 5.76898 5.77026 5.77164 5.77313 5.77471 5.7764 5.77818 5.78006 5.78203 5.78409 5.78623 5.78845 5.79075 5.7931 5.79552 5.79798 5.80048 5.80301 5.80555 5.8081 5.81064 5.81317 5.81565 5.8181 5.82048 5.82279 5.82501 5.82713 5.82913 5.83101 5.83276 5.83435 5.83578 5.83705 5.83814 5.83904 5.83975 5.84027 5.84059 5.84071 5.84064 5.84036 5.83988 5.83921 5.83835 5.83731 5.8361 5.83471 5.83317 5.83149 5.82967 5.82773 5.82567 5.82352 5.82129 5.81899 5.81663 5.81422 5.81179 5.80935 5.8069 5.80447 5.80205 5.79967 5.79733 5.79505 5.79283 5.79068 5.78862 5.78663 5.78474 5.78294 5.78124 5.77964 5.77815 5.77677 5.77549 5.77432 5.77326 5.77231 5.77147 5.77074 5.77011 5.76958 5.76916 5.76885 5.76863 5.76852 5.7685 
5.76189 5.76207 5.76236 5.76275 5.76324 5.76383 5.76452 5.76532 5.76622 5.76722 5.76833 5.76954 5.77086 5.77229 5.77382 5.77545 5.77718 5.77902 5.78096 5.78299 5.78511 5.78731 5.7896 5.79196 5.79439 5.79687 5.79941 5.80198 5.80459 5.8072 5.80983 5.81245 5.81504 5.8176 5.82012 5.82257 5.82494 5.82722 5.8294 5.83147 5.8334 5.83519 5.83683 5.8383 5.8396 5.84072 5.84165 5.84238 5.84291 5.84324 5.84336 5.84328 5.84299 5.8425 5.84181 5.84092 5.83985 5.8386 5.83718 5.83559 5.83386 5.83198 5.82998 5.82787 5.82566 5.82336 5.82098 5.81855 5.81608 5.81358 5.81106 5.80854 5.80603 5.80354 5.80109 5.79868 5.79633 5.79404 5.79182 5.78969 5.78764 5.78569 5.78383 5.78208 5.78043 5.77889 5.77746 5.77614 5.77493 5.77383 5.77285 5.77198 5.77121 5.77056 5.77002 5.76958 5.76925 5.76902 5.7689 5.76888 
5.76236 5.76254 5.76284 5.76324 5.76374 5.76435 5.76507 5.7659 5.76683 5.76787 5.76902 5.77028 5.77166 5.77314 5.77473 5.77643 5.77823 5.78014 5.78215 5.78427 5.78647 5.78877 5.79115 5.7936 5.79613 5.79871 5.80135 5.80402 5.80673 5.80945 5.81218 5.8149 5.81759 5.82025 5.82286 5.82541 5.82787 5.83024 5.8325 5.83464 5.83665 5.83851 5.8402 5.84173 5.84308 5.84424 5.8452 5.84595 5.8465 5.84684 5.84697 5.84688 5.84658 5.84607 5.84535 5.84443 5.84331 5.84201 5.84053 5.83889 5.83708 5.83514 5.83306 5.83086 5.82856 5.82617 5.8237 5.82117 5.8186 5.816 5.81338 5.81076 5.80815 5.80556 5.803 5.80049 5.79804 5.79566 5.79335 5.79113 5.78899 5.78696 5.78502 5.78319 5.78147 5.77986 5.77836 5.77698 5.77572 5.77457 5.77354 5.77263 5.77183 5.77114 5.77057 5.77011 5.76975 5.76951 5.76938 5.76935 
5.76292 5.76311 5.76341 5.76383 5.76435 5.76499 5.76574 5.7666 5.76758 5.76867 5.76988 5.7712 5.77264 5.77419 5.77586 5.77764 5.77954 5.78154 5.78366 5.78587 5.78819 5.7906 5.79309 5.79567 5.79832 5.80103 5.80379 5.8066 5.80944 5.81229 5.81515 5.81799 5.82082 5.8236 5.82634 5.829 5.83158 5.83406 5.83643 5.83866 5.84076 5.8427 5.84448 5.84607 5.84748 5.84869 5.84969 5.85048 5.85105 5.8514 5.85153 5.85144 5.85112 5.85058 5.84983 5.84886 5.84769 5.84633 5.84478 5.84305 5.84116 5.83912 5.83694 5.83464 5.83223 5.82972 5.82714 5.82449 5.82179 5.81906 5.81631 5.81356 5.81082 5.8081 5.80542 5.80278 5.80021 5.7977 5.79528 5.79294 5.79069 5.78855 5.78651 5.78458 5.78277 5.78107 5.77949 5.77804 5.7767 5.77549 5.7744 5.77343 5.77258 5.77185 5.77124 5.77075 5.77037 5.77011 5.76996 5.76992 
5.76358 5.76378 5.76409 5.76452 5.76507 5.76574 5.76653 5.76744 5.76847 5.76962 5.77089 5.77229 5.77381 5.77545 5.77722 5.7791 5.78111 5.78323 5.78546 5.78781 5.79026 5.7928 5.79544 5.79817 5.80096 5.80383 5.80675 5.80971 5.81271 5.81572 5.81873 5.82174 5.82472 5.82766 5.83054 5.83334 5.83606 5.83867 5.84117 5.84352 5.84573 5.84777 5.84964 5.85132 5.8528 5.85407 5.85512 5.85595 5.85655 5.85692 5.85705 5.85695 5.85661 5.85604 5.85524 5.85422 5.85299 5.85155 5.84991 5.84809 5.84609 5.84394 5.84164 5.83921 5.83666 5.83402 5.83129 5.82849 5.82564 5.82276 5.81985 5.81694 5.81404 5.81117 5.80833 5.80555 5.80282 5.80017 5.7976 5.79512 5.79274 5.79046 5.7883 5.78625 5.78432 5.78252 5.78084 5.77929 5.77787 5.77658 5.77541 5.77438 5.77347 5.77269 5.77203 5.7715 5.77109 5.7708 5.77064 5.77059 
5.76434 5.76454 5.76487 5.76532 5.7659 5.7666 5.76744 5.7684 5.76949 5.77072 5.77207 5.77356 5.77517 5.77692 5.7788 5.7808 5.78294 5.7852 5.78757 5.79007 5.79267 5.79538 5.79819 5.80109 5.80406 5.80711 5.81021 5.81336 5.81654 5.81974 5.82294 5.82613 5.82929 5.8324 5.83546 5.83843 5.84132 5.84408 5.84672 5.84922 5.85156 5.85372 5.85569 5.85747 5.85903 5.86037 5.86148 5.86236 5.86299 5.86337 5.86351 5.8634 5.86304 5.86243 5.86158 5.8605 5.85919 5.85766 5.85592 5.85399 5.85187 5.84958 5.84714 5.84456 5.84186 5.83905 5.83615 5.83318 5.83015 5.82709 5.824 5.82091 5.81782 5.81477 5.81175 5.80878 5.80588 5.80305 5.80031 5.79767 5.79513 5.7927 5.79039 5.7882 5.78614 5.78421 5.78241 5.78075 5.77923 5.77784 5.77659 5.77547 5.77449 5.77365 5.77294 5.77236 5.77192 5.7716 5.77141 5.77136 
5.7652 5.7654 5.76574 5.76622 5.76683 5.76758 5.76847 5.76949 5.77066 5.77197 5.77341 5.775 5.77673 5.7786 5.7806 5.78275 5.78503 5.78745 5.78999 5.79266 5.79544 5.79834 5.80134 5.80443 5.80761 5.81086 5.81418 5.81754 5.82093 5.82434 5.82776 5.83116 5.83453 5.83785 5.8411 5.84427 5.84733 5.85028 5.85309 5.85574 5.85823 5.86052 5.86262 5.86451 5.86617 5.86759 5.86877 5.86969 5.87036 5.87077 5.87091 5.87079 5.8704 5.86975 5.86884 5.86769 5.86629 5.86466 5.8628 5.86074 5.85849 5.85605 5.85345 5.85069 5.84781 5.84482 5.84172 5.83855 5.83532 5.83205 5.82875 5.82545 5.82216 5.81889 5.81566 5.81248 5.80938 5.80635 5.80342 5.80058 5.79786 5.79526 5.79278 5.79043 5.78821 5.78614 5.78421 5.78242 5.78077 5.77928 5.77792 5.77672 5.77566 5.77474 5.77397 5.77334 5.77285 5.7725 5.77229 5.77222 
5.76616 5.76636 5.76672 5.76722 5.76787 5.76867 5.76962 5.77072 5.77197 5.77336 5.77492 5.77662 5.77847 5.78048 5.78263 5.78494 5.78739 5.78998 5.79271 5.79557 5.79856 5.80167 5.80489 5.80821 5.81161 5.8151 5.81865 5.82225 5.82588 5.82953 5.83319 5.83682 5.84043 5.84398 5.84745 5.85084 5.85411 5.85726 5.86026 5.86309 5.86574 5.86819 5.87042 5.87243 5.8742 5.87571 5.87697 5.87795 5.87866 5.87909 5.87924 5.8791 5.87868 5.87798 5.87701 5.87577 5.87428 5.87253 5.87055 5.86835 5.86593 5.86333 5.86054 5.8576 5.85451 5.85131 5.848 5.8446 5.84114 5.83764 5.83411 5.83057 5.82703 5.82353 5.82006 5.81666 5.81332 5.81007 5.80692 5.80387 5.80094 5.79814 5.79546 5.79293 5.79055 5.78831 5.78622 5.78429 5.78251 5.78089 5.77942 5.77811 5.77696 5.77597 5.77512 5.77443 5.77389 5.77351 5.77327 5.77318 
5.76721 5.76742 5.7678 5.76833 5.76902 5.76988 5.77089 5.77207 5.77341 5.77492 5.77658 5.77842 5.78041 5.78257 5.78489 5.78737 5.79001 5.7928 5.79574 5.79882 5.80203 5.80537 5.80883 5.8124 5.81606 5.81981 5.82362 5.82748 5.83138 5.8353 5.83922 5.84312 5.84698 5.85079 5.85451 5.85813 5.86164 5.86501 5.86821 5.87124 5.87407 5.87669 5.87908 5.88123 5.88311 5.88473 5.88607 5.88712 5.88787 5.88832 5.88848 5.88833 5.88787 5.88712 5.88608 5.88475 5.88315 5.88128 5.87915 5.87679 5.8742 5.87141 5.86842 5.86527 5.86196 5.85852 5.85497 5.85132 5.84761 5.84385 5.84005 5.83625 5.83245 5.82868 5.82496 5.82129 5.8177 5.8142 5.8108 5.80752 5.80436 5.80133 5.79845 5.79572 5.79313 5.79071 5.78845 5.78636 5.78443 5.78267 5.78108 5.77966 5.77841 5.77732 5.7764 5.77564 5.77505 5.77462 5.77435 5.77424 
5.76836 5.76858 5.76898 5.76954 5.77028 5.7712 5.77229 5.77356 5.775 5.77662 5.77842 5.78039 5.78254 5.78487 5.78737 5.79005 5.79289 5.7959 5.79906 5.80238 5.80585 5.80945 5.81317 5.81702 5.82096 5.82499 5.82909 5.83324 5.83743 5.84164 5.84585 5.85004 5.85419 5.85827 5.86226 5.86615 5.86991 5.87352 5.87695 5.88019 5.88323 5.88603 5.88859 5.89088 5.8929 5.89462 5.89605 5.89717 5.89797 5.89845 5.89861 5.89845 5.89796 5.89715 5.89603 5.8946 5.89288 5.89087 5.88859 5.88605 5.88327 5.88027 5.87707 5.87368 5.87013 5.86644 5.86262 5.85871 5.85471 5.85067 5.84659 5.8425 5.83841 5.83435 5.83034 5.82639 5.82252 5.81874 5.81508 5.81153 5.80812 5.80485 5.80173 5.79877 5.79598 5.79336 5.79091 5.78864 5.78655 5.78463 5.7829 5.78135 5.77999 5.7788 5.77779 5.77696 5.77631 5.77583 5.77553 5.7754 
5.76961 5.76984 5.77026 5.77086 5.77166 5.77264 5.77381 5.77517 5.77673 5.77847 5.78041 5.78254 5.78486 5.78738 5.79008 5.79296 5.79603 5.79928 5.80269 5.80627 5.81001 5.81389 5.81791 5.82204 5.82629 5.83063 5.83504 5.83951 5.84402 5.84855 5.85308 5.85757 5.86203 5.86641 5.8707 5.87487 5.8789 5.88277 5.88645 5.88993 5.89318 5.89618 5.89892 5.90137 5.90353 5.90538 5.9069 5.9081 5.90895 5.90946 5.90963 5.90944 5.90892 5.90805 5.90684 5.90531 5.90345 5.9013 5.89885 5.89612 5.89314 5.88992 5.88648 5.88284 5.87902 5.87505 5.87095 5.86674 5.86245 5.85809 5.8537 5.84929 5.84489 5.84052 5.8362 5.83194 5.82776 5.82369 5.81973 5.8159 5.81222 5.80868 5.80531 5.80211 5.79908 5.79624 5.79358 5.79112 5.78885 5.78677 5.78488 5.7832 5.78171 5.78041 5.77931 5.7784 5.77768 5.77715 5.77681 5.77666 
5.77096 5.7712 5.77164 5.77229 5.77314 5.77419 5.77545 5.77692 5.7786 5.78048 5.78257 5.78487 5.78738 5.79009 5.793 5.79612 5.79943 5.80293 5.80662 5.81048 5.81451 5.81869 5.82302 5.82748 5.83206 5.83673 5.84148 5.84629 5.85114 5.85601 5.86087 5.86571 5.87049 5.8752 5.8798 5.88428 5.8886 5.89275 5.8967 5.90043 5.90391 5.90712 5.91005 5.91268 5.91499 5.91696 5.91859 5.91987 5.92078 5.92132 5.9215 5.9213 5.92072 5.91979 5.91849 5.91684 5.91485 5.91253 5.9099 5.90698 5.90378 5.90031 5.89662 5.89271 5.88861 5.88434 5.87993 5.87541 5.87079 5.8661 5.86138 5.85664 5.8519 5.84719 5.84253 5.83793 5.83343 5.82904 5.82476 5.82063 5.81664 5.81282 5.80917 5.80571 5.80243 5.79935 5.79647 5.7938 5.79133 5.78907 5.78703 5.78519 5.78356 5.78215 5.78094 5.77995 5.77916 5.77857 5.7782 5.77803 
5.77241 5.77266 5.77313 5.77382 5.77473 5.77586 5.77722 5.7788 5.7806 5.78263 5.78489 5.78737 5.79008 5.793 5.79615 5.79951 5.80308 5.80686 5.81084 5.815 5.81934 5.82385 5.82852 5.83332 5.83824 5.84327 5.84838 5.85356 5.85877 5.86401 5.86923 5.87443 5.87956 5.88461 5.88955 5.89435 5.89899 5.90344 5.90767 5.91166 5.91539 5.91883 5.92197 5.92478 5.92725 5.92936 5.9311 5.93246 5.93343 5.93401 5.93419 5.93397 5.93336 5.93235 5.93095 5.92918 5.92705 5.92456 5.92174 5.9186 5.91516 5.91144 5.90748 5.90328 5.89887 5.89429 5.88955 5.88469 5.87973 5.87469 5.86961 5.86451 5.85941 5.85434 5.84931 5.84437 5.83951 5.83477 5.83016 5.8257 5.8214 5.81727 5.81332 5.80958 5.80603 5.8027 5.79958 5.79668 5.794 5.79155 5.78932 5.78733 5.78556 5.78402 5.7827 5.78161 5.78074 5.7801 5.77968 5.77949 
5.77396 5.77422 5.77471 5.77545 5.77643 5.77764 5.7791 5.7808 5.78275 5.78494 5.78737 5.79005 5.79296 5.79612 5.79951 5.80313 5.80699 5.81106 5.81534 5.81983 5.82451 5.82936 5.83438 5.83955 5.84485 5.85025 5.85575 5.86131 5.86691 5.87253 5.87814 5.88371 5.88922 5.89464 5.89993 5.90508 5.91005 5.91481 5.91934 5.92361 5.9276 5.93128 5.93464 5.93764 5.94028 5.94253 5.94439 5.94584 5.94688 5.94749 5.94768 5.94744 5.94678 5.94569 5.9442 5.9423 5.94001 5.93734 5.93432 5.93095 5.92726 5.92328 5.91902 5.91452 5.9098 5.90488 5.8998 5.89458 5.88925 5.88384 5.87838 5.87289 5.86741 5.86195 5.85655 5.85122 5.846 5.84089 5.83592 5.83111 5.82647 5.82201 5.81775 5.8137 5.80987 5.80627 5.80289 5.79975 5.79685 5.79419 5.79178 5.78961 5.78769 5.78601 5.78457 5.78338 5.78244 5.78173 5.78127 5.78104 
5.7756 5.77587 5.7764 5.77718 5.77823 5.77954 5.78111 5.78294 5.78503 5.78739 5.79001 5.79289 5.79603 5.79943 5.80308 5.80699 5.81113 5.81552 5.82013 5.82495 5.82999 5.83521 5.84061 5.84616 5.85185 5.85765 5.86355 5.86952 5.87553 5.88156 5.88757 5.89355 5.89945 5.90525 5.91092 5.91643 5.92174 5.92683 5.93168 5.93625 5.94051 5.94444 5.94802 5.95123 5.95405 5.95645 5.95843 5.95998 5.96108 5.96173 5.96193 5.96167 5.96096 5.95979 5.95819 5.95616 5.9537 5.95085 5.94761 5.944 5.94006 5.93579 5.93123 5.92641 5.92135 5.91608 5.91063 5.90504 5.89932 5.89352 5.88766 5.88177 5.87588 5.87002 5.86422 5.85849 5.85287 5.84738 5.84203 5.83685 5.83185 5.82705 5.82245 5.81809 5.81395 5.81005 5.80641 5.80301 5.79988 5.797 5.79439 5.79203 5.78995 5.78813 5.78657 5.78527 5.78424 5.78346 5.78295 5.7827 
5.77734 5.77762 5.77818 5.77902 5.78014 5.78154 5.78323 5.7852 5.78745 5.78998 5.7928 5.7959 5.79928 5.80293 5.80686 5.81106 5.81552 5.82023 5.82518 5.83037 5.83577 5.84138 5.84717 5.85313 5.85924 5.86546 5.87179 5.87818 5.88462 5.89107 5.89751 5.9039 5.91021 5.91642 5.92248 5.92836 5.93404 5.93948 5.94465 5.94953 5.95408 5.95827 5.96209 5.96551 5.96851 5.97108 5.97319 5.97483 5.976 5.97669 5.9769 5.97662 5.97585 5.97461 5.97289 5.97071 5.96809 5.96504 5.96158 5.95773 5.95351 5.94895 5.94407 5.93892 5.9335 5.92786 5.92203 5.91604 5.90993 5.90371 5.89743 5.89112 5.88481 5.87853 5.8723 5.86616 5.86012 5.85422 5.84847 5.8429 5.83753 5.83236 5.82742 5.82271 5.81826 5.81406 5.81012 5.80646 5.80307 5.79997 5.79714 5.7946 5.79234 5.79036 5.78867 5.78726 5.78614 5.78529 5.78473 5.78445 
5.77917 5.77947 5.78006 5.78096 5.78215 5.78366 5.78546 5.78757 5.78999 5.79271 5.79574 5.79906 5.80269 5.80662 5.81084 5.81534 5.82013 5.82518 5.8305 5.83606 5.84185 5.84786 5.85407 5.86045 5.86699 5.87365 5.88042 5.88726 5.89414 5.90104 5.90792 5.91475 5.92149 5.92811 5.93458 5.94086 5.94691 5.95271 5.95823 5.96342 5.96826 5.97273 5.9768 5.98044 5.98363 5.98636 5.9886 5.99035 5.99159 5.99232 5.99254 5.99223 5.99141 5.99008 5.98825 5.98593 5.98313 5.97988 5.97618 5.97207 5.96757 5.96271 5.95751 5.952 5.94622 5.9402 5.93397 5.92757 5.92103 5.91439 5.90767 5.90092 5.89417 5.88744 5.88077 5.87419 5.86773 5.8614 5.85524 5.84926 5.84349 5.83794 5.83263 5.82757 5.82278 5.81826 5.81403 5.81009 5.80644 5.80309 5.80004 5.79729 5.79485 5.79272 5.79089 5.78936 5.78814 5.78722 5.78661 5.7863 
5.7811 5.7814 5.78203 5.78299 5.78427 5.78587 5.78781 5.79007 5.79266 5.79557 5.79882 5.80238 5.80627 5.81048 5.815 5.81983 5.82495 5.83037 5.83606 5.84201 5.84821 5.85464 5.86128 5.8681 5.87509 5.88221 5.88944 5.89674 5.90409 5.91144 5.91878 5.92606 5.93324 5.9403 5.94719 5.95387 5.96032 5.96649 5.97236 5.97788 5.98303 5.98778 5.9921 5.99597 5.99936 6.00225 6.00464 6.00649 6.00781 6.00858 6.0088 6.00847 6.0076 6.00618 6.00423 6.00176 5.99878 5.99531 5.99138 5.987 5.98221 5.97703 5.97149 5.96562 5.95946 5.95305 5.94641 5.93958 5.93261 5.92552 5.91835 5.91115 5.90393 5.89675 5.88962 5.88258 5.87567 5.8689 5.8623 5.8559 5.84972 5.84377 5.83808 5.83266 5.82752 5.82267 5.81812 5.81388 5.80996 5.80635 5.80307 5.80012 5.79749 5.79519 5.79321 5.79156 5.79024 5.78924 5.78857 5.78823 
5.7831 5.78342 5.78409 5.78511 5.78647 5.78819 5.79026 5.79267 5.79544 5.79856 5.80203 5.80585 5.81001 5.81451 5.81934 5.82451 5.82999 5.83577 5.84185 5.84821 5.85484 5.8617 5.86878 5.87606 5.88351 5.8911 5.8988 5.90658 5.91441 5.92224 5.93005 5.9378 5.94544 5.95294 5.96026 5.96737 5.97421 5.98077 5.98699 5.99286 5.99832 6.00336 6.00795 6.01205 6.01564 6.01871 6.02123 6.02319 6.02459 6.0254 6.02563 6.02528 6.02435 6.02284 6.02077 6.01814 6.01497 6.01129 6.00711 6.00246 5.99737 5.99186 5.98597 5.97974 5.97319 5.96636 5.9593 5.95204 5.94462 5.93707 5.92944 5.92176 5.91407 5.90641 5.89881 5.8913 5.88392 5.87669 5.86965 5.86281 5.8562 5.84984 5.84376 5.83795 5.83245 5.82725 5.82238 5.81783 5.81363 5.80976 5.80624 5.80306 5.80024 5.79776 5.79563 5.79386 5.79243 5.79136 5.79063 5.79025 
5.78519 5.78553 5.78623 5.78731 5.78877 5.7906 5.7928 5.79538 5.79834 5.80167 5.80537 5.80945 5.81389 5.81869 5.82385 5.82936 5.83521 5.84138 5.84786 5.85464 5.8617 5.86901 5.87655 5.8843 5.89223 5.90031 5.9085 5.91677 5.92509 5.93341 5.9417 5.94992 5.95803 5.96599 5.97376 5.98129 5.98855 5.9955 6.00209 6.0083 6.01409 6.01943 6.02428 6.02862 6.03242 6.03566 6.03833 6.0404 6.04187 6.04273 6.04297 6.0426 6.04161 6.04001 6.03781 6.03502 6.03166 6.02776 6.02333 6.0184 6.013 6.00716 6.00092 5.9943 5.98735 5.98011 5.97261 5.9649 5.95702 5.949 5.94089 5.93273 5.92455 5.9164 5.90832 5.90032 5.89246 5.88477 5.87726 5.86997 5.86292 5.85614 5.84964 5.84344 5.83756 5.83201 5.8268 5.82194 5.81744 5.8133 5.80952 5.80612 5.80309 5.80044 5.79815 5.79625 5.79471 5.79355 5.79276 5.79235 
5.78736 5.7877 5.78845 5.7896 5.79115 5.79309 5.79544 5.79819 5.80134 5.80489 5.80883 5.81317 5.81791 5.82302 5.82852 5.83438 5.84061 5.84717 5.85407 5.86128 5.86878 5.87655 5.88457 5.8928 5.90122 5.90979 5.91848 5.92726 5.93608 5.9449 5.95369 5.9624 5.97099 5.97941 5.98763 5.9956 6.00328 6.01063 6.0176 6.02416 6.03028 6.03591 6.04104 6.04562 6.04963 6.05306 6.05587 6.05806 6.05961 6.06051 6.06076 6.06036 6.05931 6.05761 6.05529 6.05234 6.04879 6.04466 6.03998 6.03476 6.02905 6.02287 6.01626 6.00926 6.00191 5.99424 5.9863 5.97813 5.96977 5.96127 5.95267 5.94402 5.93534 5.92669 5.9181 5.90962 5.90127 5.89308 5.8851 5.87735 5.86985 5.86263 5.85571 5.84911 5.84284 5.83692 5.83137 5.82618 5.82137 5.81695 5.81292 5.80929 5.80605 5.80321 5.80076 5.79872 5.79707 5.79583 5.79498 5.79453 
5.78959 5.78996 5.79075 5.79196 5.7936 5.79567 5.79817 5.80109 5.80443 5.80821 5.8124 5.81702 5.82204 5.82748 5.83332 5.83955 5.84616 5.85313 5.86045 5.8681 5.87606 5.8843 5.8928 5.90152 5.91044 5.91952 5.92872 5.93801 5.94734 5.95667 5.96597 5.97517 5.98425 5.99315 6.00183 6.01024 6.01835 6.0261 6.03345 6.04038 6.04682 6.05276 6.05816 6.06299 6.06722 6.07082 6.07378 6.07609 6.07772 6.07867 6.07893 6.0785 6.07739 6.0756 6.07314 6.07003 6.06629 6.06193 6.05699 6.05148 6.04545 6.03893 6.03196 6.02456 6.01679 6.00869 6.0003 5.99166 5.98283 5.97384 5.96474 5.95558 5.9464 5.93724 5.92814 5.91915 5.9103 5.90162 5.89315 5.88493 5.87697 5.8693 5.86195 5.85493 5.84827 5.84198 5.83606 5.83055 5.82543 5.82072 5.81643 5.81255 5.80909 5.80606 5.80345 5.80127 5.79951 5.79817 5.79726 5.79678 
5.79189 5.79227 5.7931 5.79439 5.79613 5.79832 5.80096 5.80406 5.80761 5.81161 5.81606 5.82096 5.82629 5.83206 5.83824 5.84485 5.85185 5.85924 5.86699 5.87509 5.88351 5.89223 5.90122 5.91044 5.91987 5.92946 5.93918 5.94899 5.95884 5.96869 5.97849 5.9882 5.99777 6.00715 6.01629 6.02516 6.03369 6.04185 6.04959 6.05688 6.06366 6.06991 6.07559 6.08066 6.0851 6.08889 6.092 6.09442 6.09613 6.09713 6.0974 6.09695 6.09577 6.09389 6.0913 6.08803 6.08408 6.0795 6.07429 6.0685 6.06215 6.05528 6.04793 6.04014 6.03195 6.02341 6.01457 6.00546 5.99614 5.98666 5.97705 5.96738 5.95768 5.94801 5.93839 5.92889 5.91953 5.91035 5.90139 5.89268 5.88425 5.87612 5.86833 5.86089 5.85383 5.84715 5.84088 5.83502 5.82958 5.82458 5.82002 5.81589 5.81222 5.80899 5.80621 5.80388 5.80201 5.80058 5.79961 5.79909 
5.79424 5.79464 5.79552 5.79687 5.79871 5.80103 5.80383 5.80711 5.81086 5.8151 5.81981 5.82499 5.83063 5.83673 5.84327 5.85025 5.85765 5.86546 5.87365 5.88221 5.8911 5.90031 5.90979 5.91952 5.92946 5.93958 5.94982 5.96015 5.97052 5.98089 5.99121 6.00143 6.01149 6.02136 6.03097 6.04029 6.04925 6.05782 6.06596 6.0736 6.08072 6.08728 6.09324 6.09856 6.10322 6.10719 6.11045 6.11299 6.11478 6.11582 6.1161 6.11562 6.11439 6.11241 6.10969 6.10625 6.10211 6.09729 6.09183 6.08574 6.07907 6.07185 6.06413 6.05594 6.04733 6.03835 6.02905 6.01946 6.00966 5.99967 5.98956 5.97937 5.96915 5.95895 5.94882 5.93879 5.92891 5.91923 5.90977 5.90057 5.89166 5.88308 5.87484 5.86697 5.8595 5.85243 5.84579 5.83959 5.83383 5.82853 5.82369 5.81931 5.81541 5.81199 5.80904 5.80656 5.80457 5.80305 5.80201 5.80145 
5.79664 5.79705 5.79798 5.79941 5.80135 5.80379 5.80675 5.81021 5.81418 5.81865 5.82362 5.82909 5.83504 5.84148 5.84838 5.85575 5.86355 5.87179 5.88042 5.88944 5.8988 5.9085 5.91848 5.92872 5.93918 5.94982 5.96059 5.97145 5.98235 5.99324 6.00408 6.0148 6.02537 6.03572 6.0458 6.05557 6.06497 6.07395 6.08247 6.09048 6.09794 6.1048 6.11104 6.11661 6.12149 6.12564 6.12906 6.13171 6.13358 6.13466 6.13496 6.13445 6.13316 6.13108 6.12823 6.12463 6.12029 6.11525 6.10952 6.10314 6.09615 6.08858 6.08048 6.07189 6.06286 6.05344 6.04367 6.03362 6.02332 6.01283 6.00221 5.9915 5.98076 5.97003 5.95937 5.94882 5.93843 5.92823 5.91826 5.90857 5.89918 5.89013 5.88144 5.87314 5.86526 5.8578 5.85078 5.84423 5.83814 5.83254 5.82742 5.82279 5.81867 5.81504 5.81191 5.80929 5.80718 5.80557 5.80446 5.80387 
5.79908 5.79951 5.80048 5.80198 5.80402 5.8066 5.80971 5.81336 5.81754 5.82225 5.82748 5.83324 5.83951 5.84629 5.85356 5.86131 5.86952 5.87818 5.88726 5.89674 5.90658 5.91677 5.92726 5.93801 5.94899 5.96015 5.97145 5.98284 5.99427 6.00568 6.01703 6.02827 6.03933 6.05016 6.06072 6.07093 6.08077 6.09016 6.09907 6.10744 6.11524 6.12241 6.12892 6.13474 6.13983 6.14417 6.14773 6.1505 6.15245 6.15358 6.15388 6.15336 6.152 6.14983 6.14685 6.14309 6.13855 6.13327 6.12728 6.12062 6.1133 6.10539 6.09692 6.08793 6.07848 6.06862 6.05839 6.04786 6.03707 6.02608 6.01494 6.00372 5.99245 5.9812 5.97001 5.95894 5.94802 5.9373 5.92683 5.91665 5.90678 5.89726 5.88812 5.87938 5.87108 5.86322 5.85583 5.84892 5.84251 5.8366 5.8312 5.82632 5.82196 5.81813 5.81483 5.81206 5.80983 5.80812 5.80695 5.80632 
5.80154 5.80199 5.80301 5.80459 5.80673 5.80944 5.81271 5.81654 5.82093 5.82588 5.83138 5.83743 5.84402 5.85114 5.85877 5.86691 5.87553 5.88462 5.89414 5.90409 5.91441 5.92509 5.93608 5.94734 5.95884 5.97052 5.98235 5.99427 6.00622 6.01816 6.03002 6.04176 6.05332 6.06463 6.07565 6.08632 6.09658 6.10639 6.11568 6.12441 6.13254 6.14001 6.1468 6.15287 6.15817 6.16269 6.1664 6.16928 6.17132 6.17249 6.1728 6.17225 6.17084 6.16857 6.16547 6.16154 6.15681 6.1513 6.14506 6.1381 6.13047 6.12221 6.11337 6.10398 6.09412 6.08381 6.07313 6.06212 6.05085 6.03936 6.02771 6.01597 6.00418 5.9924 5.98069 5.96909 5.95765 5.94643 5.93545 5.92477 5.91441 5.90442 5.89483 5.88566 5.87694 5.86868 5.86092 5.85365 5.84691 5.84069 5.83501 5.82988 5.82529 5.82126 5.81778 5.81486 5.8125 5.8107 5.80947 5.80879 
5.80402 5.80449 5.80555 5.8072 5.80945 5.81229 5.81572 5.81974 5.82434 5.82953 5.8353 5.84164 5.84855 5.85601 5.86401 5.87253 5.88156 5.89107 5.90104 5.91144 5.92224 5.93341 5.9449 5.95667 5.96869 5.98089 5.99324 6.00568 6.01816 6.03061 6.04299 6.05523 6.06727 6.07907 6.09055 6.10166 6.11235 6.12255 6.13222 6.14131 6.14977 6.15754 6.16461 6.17091 6.17643 6.18113 6.18498 6.18798 6.19009 6.19131 6.19163 6.19105 6.18958 6.18722 6.18399 6.1799 6.17498 6.16925 6.16275 6.15551 6.14756 6.13896 6.12975 6.11998 6.1097 6.09897 6.08783 6.07635 6.06459 6.05261 6.04046 6.0282 6.0159 6.0036 5.99136 5.97924 5.96729 5.95555 5.94407 5.93289 5.92206 5.9116 5.90156 5.89195 5.88281 5.87416 5.86602 5.8584 5.85133 5.8448 5.83884 5.83345 5.82863 5.82439 5.82074 5.81767 5.81519 5.8133 5.812 5.81128 
5.8065 5.80699 5.8081 5.80983 5.81218 5.81515 5.81873 5.82294 5.82776 5.83319 5.83922 5.84585 5.85308 5.86087 5.86923 5.87814 5.88757 5.89751 5.90792 5.91878 5.93005 5.9417 5.95369 5.96597 5.97849 5.99121 6.00408 6.01703 6.03002 6.04299 6.05587 6.0686 6.08113 6.0934 6.10533 6.11688 6.12798 6.13858 6.14863 6.15807 6.16684 6.17492 6.18225 6.18879 6.19452 6.19939 6.20339 6.20649 6.20868 6.20995 6.21028 6.20968 6.20815 6.2057 6.20234 6.1981 6.19299 6.18704 6.18029 6.17276 6.16451 6.15558 6.14601 6.13585 6.12517 6.114 6.10242 6.09048 6.07825 6.06577 6.05313 6.04036 6.02754 6.01473 6.00198 5.98934 5.97687 5.96463 5.95265 5.94099 5.92967 5.91875 5.90826 5.89822 5.88867 5.87962 5.87111 5.86314 5.85574 5.84891 5.84267 5.83702 5.83197 5.82753 5.82371 5.82049 5.81789 5.8159 5.81453 5.81378 
5.80898 5.80949 5.81064 5.81245 5.8149 5.81799 5.82174 5.82613 5.83116 5.83682 5.84312 5.85004 5.85757 5.86571 5.87443 5.88371 5.89355 5.9039 5.91475 5.92606 5.9378 5.94992 5.9624 5.97517 5.9882 6.00143 6.0148 6.02827 6.04176 6.05523 6.0686 6.08182 6.09483 6.10755 6.11993 6.13191 6.14342 6.15441 6.16482 6.1746 6.18369 6.19206 6.19965 6.20642 6.21235 6.2174 6.22154 6.22475 6.22701 6.22832 6.22866 6.22804 6.22646 6.22392 6.22044 6.21604 6.21075 6.20458 6.19759 6.18979 6.18124 6.17198 6.16205 6.15152 6.14044 6.12885 6.11684 6.10445 6.09174 6.07879 6.06565 6.05239 6.03907 6.02574 6.01248 5.99934 5.98637 5.97363 5.96116 5.94901 5.93723 5.92585 5.91491 5.90445 5.89448 5.88505 5.87617 5.86785 5.86012 5.85299 5.84647 5.84057 5.8353 5.83066 5.82666 5.82329 5.82057 5.81849 5.81706 5.81627 
5.81144 5.81196 5.81317 5.81504 5.81759 5.82082 5.82472 5.82929 5.83453 5.84043 5.84698 5.85419 5.86203 5.87049 5.87956 5.88922 5.89945 5.91021 5.92149 5.93324 5.94544 5.95803 5.97099 5.98425 5.99777 6.01149 6.02537 6.03933 6.05332 6.06727 6.08113 6.09483 6.10829 6.12147 6.13428 6.14668 6.15859 6.16996 6.18072 6.19083 6.20024 6.20888 6.21673 6.22373 6.22985 6.23507 6.23934 6.24266 6.245 6.24635 6.2467 6.24605 6.24442 6.24179 6.2382 6.23365 6.22818 6.2218 6.21457 6.20651 6.19766 6.18808 6.17781 6.16691 6.15544 6.14345 6.13101 6.11817 6.10501 6.09159 6.07797 6.06422 6.05041 6.03659 6.02283 6.00919 5.99573 5.98249 5.96954 5.95692 5.94468 5.93285 5.92148 5.91059 5.90023 5.89041 5.88116 5.87251 5.86446 5.85703 5.85024 5.84409 5.8386 5.83376 5.82958 5.82607 5.82323 5.82106 5.81957 5.81874 
5.81387 5.81441 5.81565 5.8176 5.82025 5.8236 5.82766 5.8324 5.83785 5.84398 5.85079 5.85827 5.86641 5.8752 5.88461 5.89464 5.90525 5.91642 5.92811 5.9403 5.95294 5.96599 5.97941 5.99315 6.00715 6.02136 6.03572 6.05016 6.06463 6.07907 6.0934 6.10755 6.12147 6.13508 6.14831 6.16111 6.17341 6.18515 6.19626 6.20669 6.21639 6.22531 6.2334 6.24062 6.24694 6.25231 6.25672 6.26014 6.26255 6.26394 6.2643 6.26364 6.26195 6.25924 6.25553 6.25084 6.24519 6.23862 6.23115 6.22283 6.2137 6.20381 6.19321 6.18196 6.17011 6.15772 6.14487 6.1316 6.118 6.10412 6.09004 6.07581 6.06152 6.04722 6.03297 6.01885 6.0049 5.99119 5.97777 5.96469 5.95199 5.93972 5.92792 5.91663 5.90587 5.89568 5.88608 5.87709 5.86873 5.86101 5.85395 5.84756 5.84184 5.83681 5.83247 5.82881 5.82586 5.8236 5.82204 5.82118 
5.81625 5.81681 5.8181 5.82012 5.82286 5.82634 5.83054 5.83546 5.8411 5.84745 5.85451 5.86226 5.8707 5.8798 5.88955 5.89993 5.91092 5.92248 5.93458 5.94719 5.96026 5.97376 5.98763 6.00183 6.01629 6.03097 6.0458 6.06072 6.07565 6.09055 6.10533 6.11993 6.13428 6.14831 6.16196 6.17515 6.18782 6.19991 6.21135 6.2221 6.23209 6.24127 6.2496 6.25703 6.26353 6.26906 6.27359 6.27711 6.27959 6.28102 6.28139 6.2807 6.27896 6.27618 6.27236 6.26753 6.26172 6.25495 6.24726 6.23869 6.22929 6.2191 6.20818 6.19658 6.18437 6.1716 6.15834 6.14466 6.13063 6.11631 6.10178 6.0871 6.07234 6.05757 6.04285 6.02826 6.01385 5.99967 5.98579 5.97226 5.95913 5.94643 5.93422 5.92253 5.91139 5.90083 5.89088 5.88157 5.8729 5.8649 5.85758 5.85095 5.84502 5.8398 5.83529 5.8315 5.82843 5.82609 5.82446 5.82357 
5.81857 5.81915 5.82048 5.82257 5.82541 5.829 5.83334 5.83843 5.84427 5.85084 5.85813 5.86615 5.87487 5.88428 5.89435 5.90508 5.91643 5.92836 5.94086 5.95387 5.96737 5.98129 5.9956 6.01024 6.02516 6.04029 6.05557 6.07093 6.08632 6.10166 6.11688 6.13191 6.14668 6.16111 6.17515 6.18872 6.20175 6.21417 6.22594 6.23698 6.24724 6.25668 6.26523 6.27287 6.27954 6.28522 6.28988 6.29349 6.29603 6.2975 6.29788 6.29718 6.29539 6.29253 6.2886 6.28364 6.27767 6.27071 6.26281 6.25401 6.24434 6.23387 6.22264 6.21071 6.19815 6.18502 6.17138 6.1573 6.14285 6.12811 6.11314 6.09802 6.08281 6.06759 6.05243 6.03738 6.02251 6.00789 5.99357 5.97961 5.96605 5.95294 5.94033 5.92825 5.91675 5.90584 5.89555 5.88592 5.87696 5.86868 5.86111 5.85425 5.84812 5.84271 5.83805 5.83412 5.83094 5.82851 5.82683 5.8259 
5.82082 5.82141 5.82279 5.82494 5.82787 5.83158 5.83606 5.84132 5.84733 5.85411 5.86164 5.86991 5.8789 5.8886 5.89899 5.91005 5.92174 5.93404 5.94691 5.96032 5.97421 5.98855 6.00328 6.01835 6.03369 6.04925 6.06497 6.08077 6.09658 6.11235 6.12798 6.14342 6.15859 6.17341 6.18782 6.20175 6.21512 6.22787 6.23994 6.25126 6.26179 6.27146 6.28023 6.28806 6.2949 6.30072 6.3055 6.3092 6.3118 6.31331 6.3137 6.31297 6.31114 6.30821 6.30419 6.2991 6.29297 6.28584 6.27774 6.26871 6.25879 6.24805 6.23652 6.22428 6.21139 6.1979 6.1839 6.16944 6.1546 6.13945 6.12407 6.10852 6.09289 6.07724 6.06164 6.04616 6.03086 6.01581 6.00107 5.98669 5.97272 5.95922 5.94623 5.93378 5.92191 5.91066 5.90006 5.89012 5.88088 5.87234 5.86452 5.85744 5.85111 5.84553 5.84071 5.83666 5.83337 5.83086 5.82912 5.82816 
5.82298 5.82359 5.82501 5.82722 5.83024 5.83406 5.83867 5.84408 5.85028 5.85726 5.86501 5.87352 5.88277 5.89275 5.90344 5.91481 5.92683 5.93948 5.95271 5.96649 5.98077 5.9955 6.01063 6.0261 6.04185 6.05782 6.07395 6.09016 6.10639 6.12255 6.13858 6.15441 6.16996 6.18515 6.19991 6.21417 6.22787 6.24092 6.25328 6.26488 6.27565 6.28555 6.29453 6.30254 6.30954 6.31549 6.32037 6.32416 6.32683 6.32837 6.32876 6.32802 6.32615 6.32314 6.31903 6.31383 6.30756 6.30026 6.29196 6.28272 6.27257 6.26156 6.24976 6.23723 6.22402 6.2102 6.19584 6.18102 6.16581 6.15028 6.1345 6.11856 6.10252 6.08645 6.07044 6.05455 6.03884 6.02338 6.00824 5.99346 5.97911 5.96523 5.95187 5.93907 5.92687 5.91529 5.90438 5.89416 5.88464 5.87585 5.8678 5.86051 5.85399 5.84824 5.84327 5.83909 5.83571 5.83312 5.83133 5.83034 
5.82505 5.82568 5.82713 5.8294 5.8325 5.83643 5.84117 5.84672 5.85309 5.86026 5.86821 5.87695 5.88645 5.8967 5.90767 5.91934 5.93168 5.94465 5.95823 5.97236 5.98699 6.00209 6.0176 6.03345 6.04959 6.06596 6.08247 6.09907 6.11568 6.13222 6.14863 6.16482 6.18072 6.19626 6.21135 6.22594 6.23994 6.25328 6.26591 6.27776 6.28876 6.29888 6.30805 6.31623 6.32337 6.32946 6.33444 6.33831 6.34103 6.3426 6.34301 6.34225 6.34034 6.33727 6.33307 6.32775 6.32135 6.31389 6.30542 6.29597 6.2856 6.27435 6.26229 6.24947 6.23597 6.22184 6.20716 6.192 6.17643 6.16054 6.14439 6.12807 6.11164 6.09519 6.07879 6.06251 6.04641 6.03057 6.01505 5.9999 5.98518 5.97094 5.95723 5.9441 5.93157 5.9197 5.90849 5.89799 5.88822 5.87919 5.87092 5.86343 5.85673 5.85082 5.84571 5.84142 5.83794 5.83528 5.83343 5.83241 
5.82701 5.82765 5.82913 5.83147 5.83464 5.83866 5.84352 5.84922 5.85574 5.86309 5.87124 5.88019 5.88993 5.90043 5.91166 5.92361 5.93625 5.94953 5.96342 5.97788 5.99286 6.0083 6.02416 6.04038 6.05688 6.0736 6.09048 6.10744 6.12441 6.14131 6.15807 6.1746 6.19083 6.20669 6.2221 6.23698 6.25126 6.26488 6.27776 6.28984 6.30106 6.31138 6.32072 6.32906 6.33635 6.34255 6.34763 6.35157 6.35435 6.35595 6.35636 6.35559 6.35364 6.35051 6.34623 6.34081 6.33428 6.32668 6.31804 6.3084 6.29782 6.28635 6.27405 6.26097 6.24719 6.23277 6.21778 6.2023 6.18641 6.17017 6.15368 6.137 6.12022 6.10341 6.08664 6.06999 6.05354 6.03733 6.02145 6.00595 5.99089 5.97632 5.96229 5.94884 5.93601 5.92385 5.91237 5.90161 5.8916 5.88234 5.87387 5.86619 5.85932 5.85326 5.84802 5.84362 5.84005 5.83732 5.83542 5.83438 
5.82884 5.82949 5.83101 5.8334 5.83665 5.84076 5.84573 5.85156 5.85823 5.86574 5.87407 5.88323 5.89318 5.90391 5.91539 5.9276 5.94051 5.95408 5.96826 5.98303 5.99832 6.01409 6.03028 6.04682 6.06366 6.08072 6.09794 6.11524 6.13254 6.14977 6.16684 6.18369 6.20024 6.21639 6.23209 6.24724 6.26179 6.27565 6.28876 6.30106 6.31249 6.32298 6.3325 6.34098 6.3484 6.35471 6.35988 6.36389 6.36671 6.36834 6.36876 6.36798 6.36599 6.36281 6.35845 6.35293 6.34629 6.33855 6.32976 6.31995 6.30918 6.2975 6.28497 6.27165 6.25761 6.24292 6.22765 6.21188 6.19568 6.17914 6.16232 6.14532 6.12821 6.11106 6.09395 6.07697 6.06017 6.04363 6.02742 6.0116 5.99622 5.98133 5.967 5.95326 5.94015 5.92772 5.91599 5.90499 5.89475 5.88529 5.87662 5.86877 5.86174 5.85554 5.85019 5.84568 5.84202 5.83923 5.83729 5.83622 
5.83054 5.8312 5.83276 5.83519 5.83851 5.8427 5.84777 5.85372 5.86052 5.86819 5.87669 5.88603 5.89618 5.90712 5.91883 5.93128 5.94444 5.95827 5.97273 5.98778 6.00336 6.01943 6.03591 6.05276 6.06991 6.08728 6.1048 6.12241 6.14001 6.15754 6.17492 6.19206 6.20888 6.22531 6.24127 6.25668 6.27146 6.28555 6.29888 6.31138 6.32298 6.33365 6.34331 6.35193 6.35947 6.36587 6.37113 6.3752 6.37807 6.37972 6.38015 6.37935 6.37733 6.3741 6.36967 6.36407 6.35732 6.34946 6.34052 6.33056 6.31961 6.30774 6.29501 6.28147 6.2672 6.25226 6.23673 6.22069 6.20422 6.18738 6.17028 6.15297 6.13555 6.1181 6.10068 6.08339 6.06628 6.04944 6.03292 6.0168 6.00112 5.98596 5.97135 5.95734 5.94398 5.9313 5.91933 5.90812 5.89767 5.88801 5.87917 5.87116 5.86398 5.85765 5.85219 5.84758 5.84385 5.841 5.83902 5.83792 
5.83209 5.83277 5.83435 5.83683 5.8402 5.84448 5.84964 5.85569 5.86262 5.87042 5.87908 5.88859 5.89892 5.91005 5.92197 5.93464 5.94802 5.96209 5.9768 5.9921 6.00795 6.02428 6.04104 6.05816 6.07559 6.09324 6.11104 6.12892 6.1468 6.16461 6.18225 6.19965 6.21673 6.2334 6.2496 6.26523 6.28023 6.29453 6.30805 6.32072 6.3325 6.34331 6.35312 6.36186 6.3695 6.37599 6.38132 6.38545 6.38835 6.39003 6.39047 6.38966 6.38761 6.38433 6.37984 6.37416 6.36732 6.35935 6.35028 6.34018 6.32907 6.31703 6.30411 6.29037 6.27589 6.26073 6.24497 6.22869 6.21196 6.19487 6.17749 6.15992 6.14222 6.12449 6.1068 6.08922 6.07183 6.05471 6.03792 6.02153 6.00559 5.99016 5.9753 5.96105 5.94746 5.93455 5.92238 5.91096 5.90033 5.8905 5.88149 5.87333 5.86602 5.85958 5.85401 5.84933 5.84553 5.84262 5.8406 5.83948 
5.83349 5.83418 5.83578 5.8383 5.84173 5.84607 5.85132 5.85747 5.86451 5.87243 5.88123 5.89088 5.90137 5.91268 5.92478 5.93764 5.95123 5.96551 5.98044 5.99597 6.01205 6.02862 6.04562 6.06299 6.08066 6.09856 6.11661 6.13474 6.15287 6.17091 6.18879 6.20642 6.22373 6.24062 6.25703 6.27287 6.28806 6.30254 6.31623 6.32906 6.34098 6.35193 6.36186 6.37071 6.37844 6.38502 6.39041 6.39458 6.39753 6.39922 6.39966 6.39885 6.39677 6.39346 6.38891 6.38316 6.37623 6.36816 6.35899 6.34875 6.33751 6.32532 6.31223 6.29832 6.28365 6.26829 6.25232 6.23582 6.21887 6.20155 6.18394 6.16612 6.14818 6.1302 6.11226 6.09443 6.0768 6.05943 6.04239 6.02576 6.00958 5.99393 5.97884 5.96437 5.95057 5.93747 5.92511 5.91351 5.90271 5.89273 5.88358 5.87529 5.86786 5.86132 5.85566 5.85089 5.84703 5.84407 5.84202 5.84089 
5.83472 5.83542 5.83705 5.8396 5.84308 5.84748 5.8528 5.85903 5.86617 5.8742 5.88311 5.8929 5.90353 5.91499 5.92725 5.94028 5.95405 5.96851 5.98363 5.99936 6.01564 6.03242 6.04963 6.06722 6.0851 6.10322 6.12149 6.13983 6.15817 6.17643 6.19452 6.21235 6.22985 6.24694 6.26353 6.27954 6.2949 6.30954 6.32337 6.33635 6.3484 6.35947 6.3695 6.37844 6.38625 6.3929 6.39834 6.40257 6.40554 6.40726 6.4077 6.40687 6.40478 6.40143 6.39684 6.39103 6.38402 6.37587 6.36659 6.35625 6.34488 6.33256 6.31933 6.30526 6.29043 6.2749 6.25875 6.24206 6.22491 6.20739 6.18958 6.17155 6.1534 6.1352 6.11704 6.099 6.08114 6.06356 6.04631 6.02946 6.01308 5.99723 5.98195 5.96729 5.95331 5.94003 5.9275 5.91575 5.9048 5.89468 5.88541 5.87701 5.86948 5.86284 5.8571 5.85227 5.84836 5.84536 5.84328 5.84212 
5.83578 5.83649 5.83814 5.84072 5.84424 5.84869 5.85407 5.86037 5.86759 5.87571 5.88473 5.89462 5.90538 5.91696 5.92936 5.94253 5.95645 5.97108 5.98636 6.00225 6.01871 6.03566 6.05306 6.07082 6.08889 6.10719 6.12564 6.14417 6.16269 6.18113 6.19939 6.2174 6.23507 6.25231 6.26906 6.28522 6.30072 6.31549 6.32946 6.34255 6.35471 6.36587 6.37599 6.38502 6.3929 6.3996 6.4051 6.40936 6.41236 6.41409 6.41454 6.4137 6.41159 6.40821 6.40358 6.39771 6.39065 6.38242 6.37306 6.36262 6.35116 6.33872 6.32537 6.31117 6.2962 6.28052 6.26422 6.24737 6.23006 6.21237 6.19438 6.17617 6.15784 6.13946 6.12111 6.10288 6.08485 6.06708 6.04965 6.03263 6.01607 6.00004 5.9846 5.96978 5.95564 5.94222 5.92955 5.91767 5.9066 5.89636 5.88698 5.87848 5.87087 5.86415 5.85835 5.85346 5.8495 5.84646 5.84436 5.84319 
5.83667 5.83738 5.83904 5.84165 5.8452 5.84969 5.85512 5.86148 5.86877 5.87697 5.88607 5.89605 5.9069 5.91859 5.9311 5.94439 5.95843 5.97319 5.9886 6.00464 6.02123 6.03833 6.05587 6.07378 6.092 6.11045 6.12906 6.14773 6.1664 6.18498 6.20339 6.22154 6.23934 6.25672 6.27359 6.28988 6.3055 6.32037 6.33444 6.34763 6.35988 6.37113 6.38132 6.39041 6.39834 6.4051 6.41063 6.41492 6.41794 6.41968 6.42014 6.4193 6.41717 6.41377 6.4091 6.40319 6.39608 6.38779 6.37836 6.36785 6.3563 6.34377 6.33031 6.31601 6.30092 6.28513 6.2687 6.25173 6.23428 6.21645 6.19831 6.17996 6.16148 6.14295 6.12446 6.10608 6.08789 6.06997 6.0524 6.03523 6.01853 6.00236 5.98678 5.97183 5.95757 5.94402 5.93124 5.91925 5.90808 5.89775 5.88828 5.8797 5.87201 5.86524 5.85938 5.85444 5.85044 5.84738 5.84525 5.84407 
5.83736 5.83808 5.83975 5.84238 5.84595 5.85048 5.85595 5.86236 5.86969 5.87795 5.88712 5.89717 5.9081 5.91987 5.93246 5.94584 5.95998 5.97483 5.99035 6.00649 6.02319 6.0404 6.05806 6.07609 6.09442 6.11299 6.13171 6.1505 6.16928 6.18798 6.20649 6.22475 6.24266 6.26014 6.27711 6.29349 6.3092 6.32416 6.33831 6.35157 6.36389 6.3752 6.38545 6.39458 6.40257 6.40936 6.41492 6.41923 6.42227 6.42402 6.42448 6.42363 6.42149 6.41807 6.41338 6.40744 6.40029 6.39195 6.38247 6.3719 6.36028 6.34768 6.33415 6.31976 6.30459 6.2887 6.27218 6.2551 6.23755 6.21961 6.20137 6.1829 6.16431 6.14566 6.12705 6.10856 6.09026 6.07222 6.05453 6.03725 6.02044 6.00416 5.98848 5.97343 5.95907 5.94543 5.93256 5.92049 5.90923 5.89883 5.8893 5.88066 5.87292 5.86609 5.86019 5.85522 5.85119 5.8481 5.84596 5.84477 
5.83787 5.83859 5.84027 5.84291 5.8465 5.85105 5.85655 5.86299 5.87036 5.87866 5.88787 5.89797 5.90895 5.92078 5.93343 5.94688 5.96108 5.976 5.99159 6.00781 6.02459 6.04187 6.05961 6.07772 6.09613 6.11478 6.13358 6.15245 6.17132 6.19009 6.20868 6.22701 6.245 6.26255 6.27959 6.29603 6.3118 6.32683 6.34103 6.35435 6.36671 6.37807 6.38835 6.39753 6.40554 6.41236 6.41794 6.42227 6.42532 6.42708 6.42754 6.42669 6.42454 6.4211 6.41639 6.41043 6.40325 6.39488 6.38537 6.37475 6.36309 6.35043 6.33685 6.32241 6.30717 6.29122 6.27463 6.25748 6.23986 6.22184 6.20352 6.18498 6.1663 6.14758 6.12889 6.11031 6.09193 6.07381 6.05604 6.03868 6.02179 6.00544 5.98968 5.97457 5.96014 5.94644 5.9335 5.92137 5.91006 5.89961 5.89003 5.88135 5.87357 5.86671 5.86077 5.85578 5.85173 5.84863 5.84648 5.84528 
5.83819 5.83891 5.84059 5.84324 5.84684 5.8514 5.85692 5.86337 5.87077 5.87909 5.88832 5.89845 5.90946 5.92132 5.93401 5.94749 5.96173 5.97669 5.99232 6.00858 6.0254 6.04273 6.06051 6.07867 6.09713 6.11582 6.13466 6.15358 6.17249 6.19131 6.20995 6.22832 6.24635 6.26394 6.28102 6.2975 6.31331 6.32837 6.3426 6.35595 6.36834 6.37972 6.39003 6.39922 6.40726 6.41409 6.41968 6.42402 6.42708 6.42884 6.4293 6.42845 6.4263 6.42285 6.41813 6.41216 6.40496 6.39657 6.38703 6.37639 6.3647 6.35202 6.33841 6.32393 6.30866 6.29267 6.27604 6.25885 6.24119 6.22313 6.20476 6.18618 6.16746 6.14869 6.12995 6.11132 6.0929 6.07474 6.05692 6.03952 6.02259 6.00619 5.99039 5.97524 5.96077 5.94703 5.93406 5.9219 5.91056 5.90008 5.89047 5.88176 5.87396 5.86708 5.86113 5.85612 5.85206 5.84895 5.8468 5.8456 
