2.38083 2.38109 2.38135 2.3816 2.38185 2.38209 2.38233 2.38255 2.38277 2.38297 2.38317 2.38336 2.38355 2.38373 2.38391 2.38408 2.38426 2.38445 2.38464 2.38485 2.38507 2.3853 2.38556 2.38584 2.38614 2.38647 2.38682 2.3872 2.38761 2.38805 2.38851 2.389 2.38951 2.39004 2.39058 2.39114 2.3917 2.39226 2.39281 2.39335 2.39388 2.39438 2.39485 2.39528 2.39568 2.39602 2.39632 2.39655 2.39673 2.39685 2.39691 2.3969 2.39683 2.3967 2.3965 2.39626 2.39595 2.3956 2.3952 2.39476 2.39429 2.3938 2.39328 2.39274 2.3922 2.39165 2.39111 2.39057 2.39005 2.38954 2.38905 2.38859 2.38815 2.38774 2.38736 2.38702 2.38671 2.38643 2.38618 2.38597 2.3858 2.38565 2.38554 2.38546 2.38542 2.3854 2.38541 2.38545 2.38552 2.38562 2.38574 2.38588 2.38604 2.38623 2.38643 2.38664 2.38687 2.38711 2.38736 2.38762 
2.38109 2.38135 2.38161 2.38186 2.38211 2.38235 2.38258 2.38281 2.38302 2.38323 2.38343 2.38362 2.3838 2.38398 2.38416 2.38434 2.38452 2.3847 2.3849 2.3851 2.38532 2.38556 2.38582 2.3861 2.3864 2.38674 2.38709 2.38748 2.3879 2.38834 2.38881 2.38931 2.38983 2.39037 2.39093 2.39149 2.39206 2.39263 2.3932 2.39376 2.39429 2.3948 2.39529 2.39573 2.39613 2.39649 2.39679 2.39703 2.39721 2.39733 2.39739 2.39738 2.39731 2.39717 2.39698 2.39672 2.39641 2.39605 2.39564 2.3952 2.39471 2.39421 2.39367 2.39313 2.39257 2.39201 2.39146 2.39091 2.39037 2.38986 2.38936 2.38889 2.38844 2.38803 2.38764 2.38729 2.38698 2.38669 2.38645 2.38623 2.38606 2.38591 2.3858 2.38572 2.38567 2.38565 2.38567 2.38571 2.38578 2.38587 2.38599 2.38613 2.3863 2.38648 2.38668 2.3869 2.38713 2.38737 2.38762 2.38788 
2.38135 2.38161 2.38186 2.38212 2.38237 2.38261 2.38284 2.38307 2.38328 2.38349 2.38369 2.38388 2.38407 2.38425 2.38444 2.38462 2.38481 2.385 2.3852 2.38542 2.38565 2.38591 2.38618 2.38648 2.38681 2.38716 2.38755 2.38796 2.38841 2.38889 2.3894 2.38993 2.39049 2.39107 2.39167 2.39228 2.3929 2.39351 2.39412 2.39472 2.3953 2.39585 2.39636 2.39684 2.39727 2.39765 2.39797 2.39823 2.39843 2.39856 2.39862 2.39861 2.39853 2.39838 2.39817 2.39789 2.39756 2.39717 2.39673 2.39625 2.39573 2.39518 2.39461 2.39402 2.39342 2.39282 2.39222 2.39163 2.39105 2.3905 2.38996 2.38945 2.38898 2.38853 2.38812 2.38774 2.3874 2.38709 2.38682 2.38659 2.3864 2.38624 2.38612 2.38603 2.38597 2.38594 2.38595 2.38599 2.38605 2.38614 2.38626 2.3864 2.38656 2.38674 2.38694 2.38716 2.38739 2.38763 2.38788 2.38813 
2.3816 2.38186 2.38212 2.38237 2.38262 2.38286 2.3831 2.38333 2.38354 2.38376 2.38396 2.38416 2.38435 2.38454 2.38473 2.38493 2.38513 2.38534 2.38556 2.3858 2.38606 2.38634 2.38665 2.38698 2.38735 2.38775 2.38819 2.38866 2.38916 2.38971 2.39028 2.39088 2.39151 2.39217 2.39284 2.39353 2.39422 2.39491 2.3956 2.39627 2.39692 2.39753 2.39811 2.39865 2.39913 2.39955 2.39991 2.4002 2.40042 2.40056 2.40063 2.40061 2.40052 2.40035 2.40011 2.3998 2.39942 2.39898 2.39849 2.39795 2.39736 2.39675 2.3961 2.39544 2.39477 2.39409 2.39342 2.39275 2.3921 2.39147 2.39087 2.3903 2.38976 2.38925 2.38879 2.38836 2.38797 2.38762 2.38732 2.38705 2.38683 2.38664 2.38649 2.38638 2.38631 2.38627 2.38626 2.38629 2.38634 2.38642 2.38654 2.38667 2.38683 2.38701 2.38721 2.38742 2.38765 2.38789 2.38813 2.38839 
2.38185 2.38211 2.38237 2.38262 2.38287 2.38312 2.38335 2.38358 2.38381 2.38402 2.38423 2.38444 2.38464 2.38485 2.38505 2.38527 2.38549 2.38573 2.38598 2.38625 2.38655 2.38687 2.38723 2.38762 2.38805 2.38852 2.38903 2.38958 2.39017 2.39081 2.39148 2.39218 2.39292 2.39368 2.39447 2.39527 2.39607 2.39687 2.39767 2.39845 2.3992 2.39991 2.40058 2.40119 2.40175 2.40223 2.40265 2.40298 2.40323 2.40339 2.40346 2.40344 2.40333 2.40314 2.40285 2.40249 2.40205 2.40154 2.40097 2.40034 2.39966 2.39894 2.3982 2.39743 2.39665 2.39586 2.39507 2.3943 2.39354 2.39281 2.39211 2.39144 2.39081 2.39022 2.38967 2.38917 2.38871 2.3883 2.38794 2.38762 2.38735 2.38712 2.38694 2.3868 2.38669 2.38663 2.3866 2.38661 2.38665 2.38672 2.38682 2.38695 2.3871 2.38727 2.38747 2.38768 2.3879 2.38814 2.38838 2.38864 
2.38209 2.38235 2.38261 2.38286 2.38312 2.38336 2.3836 2.38384 2.38407 2.38429 2.38451 2.38473 2.38495 2.38517 2.3854 2.38564 2.38589 2.38616 2.38645 2.38677 2.38713 2.38751 2.38794 2.38841 2.38892 2.38948 2.39009 2.39076 2.39147 2.39222 2.39302 2.39387 2.39475 2.39566 2.39659 2.39754 2.39849 2.39945 2.40039 2.40131 2.40219 2.40303 2.40382 2.40454 2.40519 2.40577 2.40625 2.40664 2.40693 2.40711 2.40719 2.40717 2.40703 2.4068 2.40646 2.40603 2.40551 2.4049 2.40422 2.40348 2.40267 2.40182 2.40094 2.40003 2.3991 2.39816 2.39723 2.39631 2.39541 2.39454 2.3937 2.3929 2.39215 2.39144 2.39078 2.39018 2.38963 2.38914 2.38869 2.38831 2.38797 2.38769 2.38745 2.38727 2.38713 2.38703 2.38697 2.38696 2.38698 2.38703 2.38712 2.38723 2.38737 2.38754 2.38772 2.38793 2.38815 2.38838 2.38863 2.38888 
2.38233 2.38258 2.38284 2.3831 2.38335 2.3836 2.38385 2.38409 2.38433 2.38456 2.3848 2.38503 2.38527 2.38552 2.38577 2.38605 2.38634 2.38666 2.387 2.38739 2.38781 2.38828 2.38879 2.38936 2.38999 2.39067 2.39141 2.39221 2.39307 2.39399 2.39496 2.39598 2.39704 2.39814 2.39926 2.4004 2.40155 2.40269 2.40382 2.40492 2.40597 2.40698 2.40791 2.40877 2.40955 2.41023 2.4108 2.41125 2.41159 2.41181 2.4119 2.41187 2.4117 2.41142 2.41101 2.41049 2.40987 2.40914 2.40833 2.40744 2.40647 2.40546 2.4044 2.4033 2.40219 2.40107 2.39995 2.39884 2.39776 2.39671 2.3957 2.39473 2.39382 2.39296 2.39216 2.39143 2.39075 2.39015 2.3896 2.38912 2.38871 2.38835 2.38805 2.38781 2.38762 2.38747 2.38738 2.38733 2.38732 2.38736 2.38742 2.38752 2.38765 2.3878 2.38798 2.38818 2.38839 2.38862 2.38886 2.38911 
2.38255 2.38281 2.38307 2.38333 2.38358 2.38384 2.38409 2.38434 2.38459 2.38484 2.38509 2.38535 2.38561 2.38589 2.38618 2.3865 2.38684 2.38722 2.38764 2.3881 2.38861 2.38918 2.38981 2.39051 2.39127 2.39211 2.39301 2.39399 2.39504 2.39616 2.39734 2.39858 2.39987 2.4012 2.40256 2.40393 2.40532 2.40669 2.40805 2.40936 2.41063 2.41183 2.41295 2.41398 2.4149 2.41571 2.41639 2.41693 2.41733 2.41758 2.41769 2.41764 2.41744 2.41709 2.4166 2.41598 2.41523 2.41435 2.41337 2.4123 2.41114 2.40992 2.40864 2.40733 2.40598 2.40463 2.40328 2.40194 2.40063 2.39936 2.39813 2.39696 2.39585 2.3948 2.39383 2.39293 2.39211 2.39136 2.39069 2.39009 2.38957 2.38912 2.38874 2.38842 2.38817 2.38797 2.38783 2.38774 2.3877 2.3877 2.38774 2.38782 2.38793 2.38807 2.38824 2.38842 2.38863 2.38886 2.38909 2.38934 
2.38277 2.38302 2.38328 2.38354 2.38381 2.38407 2.38433 2.38459 2.38485 2.38512 2.38539 2.38567 2.38597 2.38629 2.38663 2.387 2.38741 2.38786 2.38836 2.38893 2.38955 2.39025 2.39102 2.39187 2.39281 2.39383 2.39494 2.39614 2.39742 2.39878 2.40022 2.40173 2.40329 2.4049 2.40654 2.4082 2.40987 2.41153 2.41315 2.41473 2.41625 2.41769 2.41903 2.42026 2.42136 2.42232 2.42312 2.42377 2.42424 2.42454 2.42466 2.42459 2.42435 2.42393 2.42334 2.42259 2.42168 2.42063 2.41946 2.41816 2.41677 2.4153 2.41377 2.41218 2.41056 2.40893 2.4073 2.40568 2.4041 2.40255 2.40107 2.39964 2.39829 2.39702 2.39583 2.39473 2.39372 2.3928 2.39197 2.39123 2.39058 2.39002 2.38953 2.38913 2.38879 2.38853 2.38832 2.38818 2.3881 2.38806 2.38807 2.38812 2.38821 2.38834 2.38849 2.38867 2.38887 2.38908 2.38931 2.38956 
2.38297 2.38323 2.38349 2.38376 2.38402 2.38429 2.38456 2.38484 2.38512 2.38541 2.38571 2.38602 2.38636 2.38673 2.38712 2.38756 2.38805 2.3886 2.38921 2.38989 2.39066 2.39151 2.39245 2.39349 2.39464 2.39589 2.39724 2.3987 2.40026 2.40192 2.40366 2.40548 2.40737 2.40932 2.4113 2.4133 2.4153 2.41729 2.41924 2.42113 2.42295 2.42466 2.42626 2.42772 2.42903 2.43017 2.43112 2.43188 2.43244 2.43279 2.43292 2.43284 2.43255 2.43204 2.43133 2.43043 2.42934 2.42809 2.42668 2.42513 2.42347 2.4217 2.41986 2.41795 2.41601 2.41405 2.41208 2.41014 2.40822 2.40636 2.40456 2.40284 2.4012 2.39965 2.3982 2.39686 2.39563 2.3945 2.39348 2.39257 2.39177 2.39106 2.39045 2.38993 2.3895 2.38915 2.38888 2.38867 2.38853 2.38845 2.38842 2.38844 2.38851 2.38861 2.38874 2.38891 2.38909 2.3893 2.38953 2.38977 
2.38317 2.38343 2.38369 2.38396 2.38423 2.38451 2.3848 2.38509 2.38539 2.38571 2.38604 2.3864 2.38679 2.38721 2.38768 2.3882 2.38879 2.38945 2.39019 2.39102 2.39195 2.39298 2.39414 2.39541 2.3968 2.39832 2.39997 2.40174 2.40363 2.40563 2.40773 2.40993 2.41221 2.41454 2.41692 2.41931 2.42171 2.42408 2.42641 2.42866 2.43082 2.43286 2.43475 2.43648 2.43803 2.43937 2.4405 2.4414 2.44205 2.44246 2.44261 2.4425 2.44215 2.44154 2.44069 2.43962 2.43832 2.43683 2.43515 2.43331 2.43132 2.42922 2.42701 2.42474 2.42242 2.42007 2.41772 2.41538 2.41309 2.41085 2.40868 2.4066 2.40462 2.40275 2.401 2.39937 2.39787 2.3965 2.39525 2.39414 2.39314 2.39227 2.39151 2.39086 2.39031 2.38986 2.38949 2.38921 2.38901 2.38887 2.3888 2.38878 2.38881 2.38889 2.389 2.38914 2.38932 2.38952 2.38974 2.38997 
2.38336 2.38362 2.38388 2.38416 2.38444 2.38473 2.38503 2.38535 2.38567 2.38602 2.3864 2.38681 2.38725 2.38775 2.38831 2.38893 2.38963 2.39043 2.39132 2.39233 2.39346 2.39472 2.39611 2.39765 2.39934 2.40118 2.40317 2.4053 2.40758 2.40999 2.41251 2.41515 2.41787 2.42065 2.42349 2.42634 2.42919 2.432 2.43476 2.43743 2.43998 2.44238 2.44462 2.44665 2.44847 2.45005 2.45137 2.45242 2.45318 2.45365 2.45382 2.4537 2.45327 2.45255 2.45154 2.45027 2.44874 2.44696 2.44498 2.4428 2.44044 2.43795 2.43534 2.43264 2.42988 2.42708 2.42428 2.4215 2.41876 2.41608 2.41349 2.411 2.40863 2.40638 2.40427 2.40231 2.40049 2.39883 2.39732 2.39595 2.39474 2.39367 2.39273 2.39192 2.39123 2.39066 2.39019 2.38982 2.38954 2.38933 2.3892 2.38914 2.38913 2.38917 2.38926 2.38938 2.38954 2.38973 2.38994 2.39016 
2.38355 2.3838 2.38407 2.38435 2.38464 2.38495 2.38527 2.38561 2.38597 2.38636 2.38679 2.38725 2.38777 2.38836 2.38902 2.38976 2.39061 2.39156 2.39264 2.39385 2.39522 2.39673 2.39842 2.40028 2.40231 2.40452 2.40691 2.40946 2.41219 2.41506 2.41807 2.42121 2.42444 2.42775 2.4311 2.43447 2.43784 2.44116 2.4444 2.44753 2.45053 2.45335 2.45596 2.45834 2.46047 2.46231 2.46385 2.46507 2.46595 2.46649 2.46669 2.46653 2.46602 2.46517 2.46399 2.46249 2.46069 2.45861 2.45627 2.45371 2.45094 2.448 2.44493 2.44174 2.43849 2.43519 2.43187 2.42858 2.42533 2.42215 2.41907 2.41611 2.41327 2.41059 2.40807 2.40571 2.40353 2.40153 2.39971 2.39806 2.39659 2.39528 2.39414 2.39314 2.39229 2.39157 2.39098 2.3905 2.39012 2.38984 2.38964 2.38952 2.38947 2.38947 2.38953 2.38963 2.38977 2.38994 2.39013 2.39035 
2.38373 2.38398 2.38425 2.38454 2.38485 2.38517 2.38552 2.38589 2.38629 2.38673 2.38721 2.38775 2.38836 2.38905 2.38983 2.39071 2.39172 2.39287 2.39416 2.39562 2.39726 2.39908 2.4011 2.40332 2.40575 2.40839 2.41124 2.41428 2.41752 2.42093 2.42449 2.4282 2.43201 2.4359 2.43985 2.44381 2.44775 2.45163 2.45542 2.45908 2.46257 2.46585 2.46889 2.47166 2.47412 2.47625 2.47803 2.47944 2.48046 2.48108 2.48129 2.4811 2.4805 2.47951 2.47813 2.47638 2.47428 2.47185 2.46913 2.46614 2.46291 2.45947 2.45588 2.45215 2.44833 2.44446 2.44057 2.43669 2.43287 2.42912 2.42548 2.42198 2.41862 2.41544 2.41244 2.40964 2.40704 2.40465 2.40247 2.40049 2.39872 2.39714 2.39575 2.39454 2.3935 2.39261 2.39187 2.39126 2.39078 2.3904 2.39013 2.38994 2.38983 2.38979 2.38981 2.38988 2.38999 2.39014 2.39033 2.39054 
2.38391 2.38416 2.38444 2.38473 2.38505 2.3854 2.38577 2.38618 2.38663 2.38712 2.38768 2.38831 2.38902 2.38983 2.39075 2.39181 2.39301 2.39437 2.39592 2.39766 2.39961 2.40179 2.40419 2.40684 2.40972 2.41285 2.41622 2.41982 2.42364 2.42765 2.43184 2.43619 2.44065 2.44521 2.44981 2.45442 2.45901 2.46352 2.46792 2.47216 2.47619 2.47998 2.48349 2.48668 2.48952 2.49197 2.49401 2.49563 2.49679 2.4975 2.49773 2.4975 2.49681 2.49565 2.49405 2.49203 2.4896 2.48679 2.48364 2.48017 2.47642 2.47244 2.46827 2.46394 2.4595 2.45499 2.45045 2.44593 2.44145 2.43707 2.4328 2.42869 2.42474 2.42099 2.41746 2.41415 2.41107 2.40823 2.40564 2.40328 2.40116 2.39927 2.3976 2.39614 2.39487 2.39379 2.39288 2.39212 2.39151 2.39103 2.39066 2.39039 2.39022 2.39012 2.3901 2.39014 2.39022 2.39035 2.39052 2.39072 
2.38408 2.38434 2.38462 2.38493 2.38527 2.38564 2.38605 2.3865 2.387 2.38756 2.3882 2.38893 2.38976 2.39071 2.39181 2.39305 2.39448 2.3961 2.39794 2.4 2.40232 2.40489 2.40774 2.41087 2.41427 2.41796 2.42192 2.42614 2.43061 2.4353 2.44019 2.44525 2.45044 2.45573 2.46106 2.4664 2.4717 2.4769 2.48196 2.48683 2.49147 2.49581 2.49983 2.50348 2.50672 2.50952 2.51185 2.51368 2.51501 2.5158 2.51607 2.51579 2.51499 2.51366 2.51182 2.5095 2.50671 2.50348 2.49986 2.49588 2.49157 2.48699 2.48218 2.47718 2.47205 2.46684 2.46159 2.45634 2.45115 2.44606 2.44109 2.43629 2.43169 2.4273 2.42316 2.41927 2.41565 2.41231 2.40925 2.40646 2.40395 2.4017 2.39971 2.39796 2.39644 2.39513 2.39402 2.3931 2.39234 2.39173 2.39125 2.3909 2.39065 2.39049 2.39041 2.39041 2.39046 2.39057 2.39072 2.39091 
2.38426 2.38452 2.38481 2.38513 2.38549 2.38589 2.38634 2.38684 2.38741 2.38805 2.38879 2.38963 2.39061 2.39172 2.39301 2.39448 2.39616 2.39808 2.40024 2.40268 2.40541 2.40844 2.41179 2.41545 2.41944 2.42375 2.42837 2.43329 2.43849 2.44393 2.4496 2.45545 2.46144 2.46753 2.47367 2.4798 2.48587 2.49182 2.49761 2.50317 2.50845 2.5134 2.51796 2.52211 2.52578 2.52895 2.53159 2.53366 2.53515 2.53605 2.53634 2.53602 2.53509 2.53358 2.53148 2.52884 2.52566 2.52199 2.51785 2.51331 2.50839 2.50316 2.49766 2.49194 2.48606 2.48008 2.47404 2.46801 2.46203 2.45614 2.4504 2.44485 2.43951 2.43441 2.42959 2.42507 2.42084 2.41693 2.41334 2.41007 2.40712 2.40446 2.40211 2.40003 2.39822 2.39665 2.39532 2.3942 2.39327 2.39251 2.39191 2.39145 2.39111 2.39089 2.39075 2.3907 2.39071 2.39079 2.39092 2.3911 
2.38445 2.3847 2.385 2.38534 2.38573 2.38616 2.38666 2.38722 2.38786 2.3886 2.38945 2.39043 2.39156 2.39287 2.39437 2.3961 2.39808 2.40032 2.40287 2.40573 2.40892 2.41247 2.41637 2.42064 2.42528 2.43029 2.43564 2.44133 2.44733 2.4536 2.46012 2.46683 2.4737 2.48066 2.48767 2.49466 2.50156 2.50833 2.51489 2.52119 2.52716 2.53275 2.53791 2.54258 2.54671 2.55028 2.55324 2.55557 2.55723 2.55823 2.55855 2.55818 2.55713 2.55542 2.55305 2.55006 2.54647 2.54231 2.53764 2.5325 2.52693 2.52099 2.51475 2.50825 2.50156 2.49474 2.48786 2.48096 2.47412 2.46738 2.46079 2.4544 2.44825 2.44238 2.43681 2.43157 2.42667 2.42213 2.41796 2.41414 2.41069 2.40758 2.40481 2.40236 2.40022 2.39837 2.39678 2.39543 2.39431 2.39339 2.39265 2.39207 2.39163 2.39132 2.39112 2.39101 2.39098 2.39103 2.39113 2.39129 
2.38464 2.3849 2.3852 2.38556 2.38598 2.38645 2.387 2.38764 2.38836 2.38921 2.39019 2.39132 2.39264 2.39416 2.39592 2.39794 2.40024 2.40287 2.40583 2.40916 2.41288 2.417 2.42152 2.42647 2.43183 2.4376 2.44376 2.45029 2.45717 2.46435 2.47179 2.47944 2.48725 2.49516 2.5031 2.51101 2.51881 2.52644 2.53383 2.54091 2.54762 2.55389 2.55966 2.56488 2.56951 2.57349 2.57679 2.57938 2.58123 2.58234 2.58268 2.58226 2.58108 2.57916 2.5765 2.57315 2.56912 2.56446 2.55922 2.55344 2.54718 2.5405 2.53346 2.52613 2.51857 2.51086 2.50306 2.49524 2.48746 2.47979 2.47229 2.46499 2.45796 2.45123 2.44484 2.43882 2.43318 2.42795 2.42312 2.4187 2.41469 2.41108 2.40785 2.40499 2.40248 2.4003 2.39842 2.39682 2.39548 2.39437 2.39347 2.39275 2.3922 2.3918 2.39152 2.39135 2.39127 2.39128 2.39136 2.3915 
2.38485 2.3851 2.38542 2.3858 2.38625 2.38677 2.38739 2.3881 2.38893 2.38989 2.39102 2.39233 2.39385 2.39562 2.39766 2.4 2.40268 2.40573 2.40916 2.41302 2.41731 2.42206 2.42728 2.43296 2.43911 2.44571 2.45276 2.46021 2.46803 2.47619 2.48463 2.49329 2.50211 2.51103 2.51997 2.52885 2.5376 2.54615 2.55441 2.56231 2.56979 2.57677 2.58319 2.58899 2.59412 2.59853 2.60218 2.60504 2.60709 2.60831 2.60868 2.6082 2.60689 2.60474 2.60179 2.59806 2.59358 2.58839 2.58255 2.57611 2.56912 2.56165 2.55378 2.54557 2.5371 2.52844 2.51966 2.51085 2.50208 2.49341 2.48491 2.47664 2.46866 2.461 2.45372 2.44684 2.4404 2.43439 2.42885 2.42377 2.41915 2.41497 2.41124 2.40792 2.405 2.40245 2.40025 2.39837 2.39679 2.39547 2.39438 2.39352 2.39284 2.39232 2.39195 2.39171 2.39158 2.39154 2.39159 2.39171 
2.38507 2.38532 2.38565 2.38606 2.38655 2.38713 2.38781 2.38861 2.38955 2.39066 2.39195 2.39346 2.39522 2.39726 2.39961 2.40232 2.40541 2.40892 2.41288 2.41731 2.42224 2.42768 2.43365 2.44014 2.44715 2.45466 2.46266 2.4711 2.47994 2.48915 2.49865 2.50839 2.51828 2.52826 2.53825 2.54816 2.55791 2.56741 2.57658 2.58534 2.59362 2.60133 2.60842 2.61481 2.62046 2.62531 2.62933 2.63247 2.63472 2.63605 2.63645 2.63592 2.63446 2.63209 2.62883 2.62471 2.61976 2.61403 2.60757 2.60044 2.5927 2.58442 2.57568 2.56654 2.55711 2.54745 2.53765 2.5278 2.51796 2.50823 2.49868 2.48936 2.48036 2.47171 2.46346 2.45566 2.44833 2.4415 2.43518 2.42937 2.42408 2.41929 2.415 2.41117 2.4078 2.40485 2.40229 2.4001 2.39824 2.39668 2.3954 2.39436 2.39354 2.3929 2.39244 2.39211 2.39192 2.39183 2.39185 2.39195 
2.3853 2.38556 2.38591 2.38634 2.38687 2.38751 2.38828 2.38918 2.39025 2.39151 2.39298 2.39472 2.39673 2.39908 2.40179 2.40489 2.40844 2.41247 2.417 2.42206 2.42768 2.43388 2.44066 2.44802 2.45596 2.46445 2.47346 2.48296 2.4929 2.50321 2.51384 2.52471 2.53573 2.54683 2.55792 2.5689 2.57968 2.59017 2.60028 2.60992 2.61902 2.62748 2.63525 2.64225 2.64843 2.65373 2.65811 2.66154 2.66398 2.66543 2.66586 2.66527 2.66367 2.66108 2.65751 2.65299 2.64757 2.64128 2.63419 2.62635 2.61784 2.60872 2.59908 2.58899 2.57856 2.56786 2.55699 2.54604 2.53509 2.52424 2.51357 2.50315 2.49305 2.48334 2.47407 2.46528 2.457 2.44928 2.44211 2.43552 2.4295 2.42404 2.41914 2.41476 2.41089 2.40749 2.40454 2.40201 2.39985 2.39803 2.39652 2.39529 2.39431 2.39354 2.39296 2.39255 2.39229 2.39215 2.39212 2.3922 
2.38556 2.38582 2.38618 2.38665 2.38723 2.38794 2.38879 2.38981 2.39102 2.39245 2.39414 2.39611 2.39842 2.4011 2.40419 2.40774 2.41179 2.41637 2.42152 2.42728 2.43365 2.44066 2.44832 2.45662 2.46554 2.47507 2.48517 2.49579 2.50687 2.51836 2.53016 2.54222 2.55442 2.56668 2.5789 2.59098 2.60282 2.61433 2.6254 2.63594 2.64586 2.65509 2.66355 2.67116 2.67787 2.68362 2.68837 2.69208 2.69473 2.69628 2.69674 2.6961 2.69436 2.69154 2.68766 2.68274 2.67684 2.67 2.66227 2.65372 2.64442 2.63445 2.62389 2.61283 2.60136 2.58959 2.57762 2.56553 2.55343 2.54141 2.52957 2.51798 2.50674 2.4959 2.48553 2.47569 2.46641 2.45773 2.44966 2.44222 2.43542 2.42924 2.42367 2.41869 2.41428 2.4104 2.40702 2.40411 2.40162 2.39951 2.39776 2.39632 2.39516 2.39424 2.39354 2.39303 2.39269 2.39249 2.39242 2.39247 
2.38584 2.3861 2.38648 2.38698 2.38762 2.38841 2.38936 2.39051 2.39187 2.39349 2.39541 2.39765 2.40028 2.40332 2.40684 2.41087 2.41545 2.42064 2.42647 2.43296 2.44014 2.44802 2.45662 2.46591 2.47588 2.48651 2.49775 2.50955 2.52183 2.53454 2.54758 2.56085 2.57427 2.58772 2.60111 2.61432 2.62724 2.63977 2.65181 2.66325 2.67401 2.684 2.69314 2.70136 2.7086 2.7148 2.71991 2.72391 2.72675 2.72842 2.72891 2.72821 2.72633 2.72329 2.7191 2.7138 2.70742 2.70002 2.69166 2.6824 2.67231 2.66147 2.64999 2.63794 2.62543 2.61257 2.59945 2.58619 2.5729 2.55967 2.54661 2.53382 2.52137 2.50936 2.49784 2.48689 2.47654 2.46684 2.45781 2.44948 2.44183 2.43488 2.4286 2.42297 2.41798 2.41357 2.40973 2.4064 2.40355 2.40114 2.39911 2.39744 2.39609 2.39501 2.39418 2.39356 2.39313 2.39286 2.39274 2.39276 
2.38614 2.3864 2.38681 2.38735 2.38805 2.38892 2.38999 2.39127 2.39281 2.39464 2.3968 2.39934 2.40231 2.40575 2.40972 2.41427 2.41944 2.42528 2.43183 2.43911 2.44715 2.45596 2.46554 2.47588 2.48696 2.49875 2.51118 2.5242 2.53773 2.5517 2.566 2.58054 2.59519 2.60986 2.62443 2.63878 2.65279 2.66635 2.67935 2.6917 2.70329 2.71403 2.72385 2.73267 2.74042 2.74706 2.75253 2.75679 2.75983 2.76161 2.76213 2.76138 2.75937 2.75611 2.75162 2.74593 2.7391 2.73115 2.72217 2.7122 2.70133 2.68964 2.67722 2.66419 2.65063 2.63665 2.62239 2.60794 2.59342 2.57896 2.56465 2.5506 2.53691 2.52367 2.51095 2.49884 2.48737 2.4766 2.46656 2.45727 2.44873 2.44095 2.43392 2.4276 2.42198 2.41701 2.41267 2.4089 2.40566 2.4029 2.40059 2.39867 2.3971 2.39585 2.39487 2.39413 2.3936 2.39327 2.3931 2.39308 
2.38647 2.38674 2.38716 2.38775 2.38852 2.38948 2.39067 2.39211 2.39383 2.39589 2.39832 2.40118 2.40452 2.40839 2.41285 2.41796 2.42375 2.43029 2.4376 2.44571 2.45466 2.46445 2.47507 2.48651 2.49875 2.51173 2.52539 2.53968 2.5545 2.56976 2.58535 2.60117 2.61708 2.63298 2.64873 2.66422 2.67931 2.69389 2.70785 2.72109 2.73349 2.74497 2.75544 2.76484 2.7731 2.78016 2.78597 2.7905 2.79372 2.79561 2.79616 2.79536 2.79322 2.78975 2.78498 2.77893 2.77164 2.76318 2.75358 2.74292 2.73129 2.71876 2.70543 2.69141 2.6768 2.66172 2.6463 2.63065 2.6149 2.59917 2.58358 2.56825 2.55328 2.53878 2.52482 2.5115 2.49887 2.48698 2.47588 2.46558 2.45611 2.44746 2.43962 2.43257 2.42628 2.42072 2.41583 2.41159 2.40793 2.40482 2.40219 2.4 2.3982 2.39675 2.39562 2.39475 2.39412 2.3937 2.39348 2.39343 
2.38682 2.38709 2.38755 2.38819 2.38903 2.39009 2.39141 2.39301 2.39494 2.39724 2.39997 2.40317 2.40691 2.41124 2.41622 2.42192 2.42837 2.43564 2.44376 2.45276 2.46266 2.47346 2.48517 2.49775 2.51118 2.52539 2.54033 2.55592 2.57205 2.58862 2.60552 2.62262 2.6398 2.65692 2.67385 2.69047 2.70663 2.72222 2.73711 2.7512 2.76439 2.77658 2.78769 2.79764 2.80638 2.81384 2.81998 2.82476 2.82816 2.83015 2.83073 2.82989 2.82763 2.82397 2.81892 2.81253 2.80482 2.79585 2.78567 2.77435 2.76198 2.74863 2.73441 2.71943 2.70379 2.68761 2.67104 2.65419 2.6372 2.6202 2.60332 2.58669 2.57041 2.55462 2.53939 2.52482 2.51098 2.49794 2.48573 2.47439 2.46394 2.45437 2.44569 2.43787 2.43087 2.42467 2.41923 2.41448 2.41038 2.40687 2.4039 2.40143 2.39939 2.39773 2.39642 2.39542 2.39468 2.39418 2.39389 2.3938 
2.3872 2.38748 2.38796 2.38866 2.38958 2.39076 2.39221 2.39399 2.39614 2.3987 2.40174 2.4053 2.40946 2.41428 2.41982 2.42614 2.43329 2.44133 2.45029 2.46021 2.4711 2.48296 2.49579 2.50955 2.5242 2.53968 2.55592 2.57281 2.59027 2.60816 2.62637 2.64476 2.6632 2.68153 2.69963 2.71735 2.73455 2.75111 2.76691 2.78183 2.79577 2.80863 2.82034 2.83082 2.84 2.84784 2.85428 2.8593 2.86287 2.86496 2.86556 2.86468 2.86231 2.85847 2.85318 2.84647 2.83836 2.82892 2.81819 2.80625 2.79317 2.77904 2.76396 2.74804 2.7314 2.71415 2.69644 2.67841 2.66019 2.64192 2.62374 2.6058 2.58821 2.5711 2.55457 2.53873 2.52366 2.50942 2.49608 2.48366 2.47219 2.46167 2.45211 2.44347 2.43574 2.42888 2.42283 2.41755 2.41298 2.40906 2.40574 2.40296 2.40065 2.39878 2.39729 2.39613 2.39528 2.39469 2.39434 2.39421 
2.38761 2.3879 2.38841 2.38916 2.39017 2.39147 2.39307 2.39504 2.39742 2.40026 2.40363 2.40758 2.41219 2.41752 2.42364 2.43061 2.43849 2.44733 2.45717 2.46803 2.47994 2.4929 2.50687 2.52183 2.53773 2.5545 2.57205 2.59027 2.60905 2.62827 2.64778 2.66745 2.68712 2.70664 2.72587 2.74466 2.76287 2.78036 2.79702 2.81272 2.82737 2.84087 2.85314 2.8641 2.8737 2.88189 2.88861 2.89385 2.89756 2.89974 2.90038 2.89946 2.897 2.893 2.88748 2.88048 2.87201 2.86213 2.8509 2.83837 2.82463 2.80976 2.79386 2.77704 2.75943 2.74115 2.72234 2.70314 2.6837 2.66418 2.64472 2.62546 2.60655 2.58812 2.57029 2.55316 2.53683 2.52138 2.50686 2.49333 2.48081 2.46932 2.45884 2.44937 2.44087 2.43331 2.42664 2.4208 2.41574 2.41139 2.40769 2.40458 2.402 2.3999 2.39821 2.3969 2.39592 2.39523 2.39481 2.39464 
2.38805 2.38834 2.38889 2.38971 2.39081 2.39222 2.39399 2.39616 2.39878 2.40192 2.40563 2.40999 2.41506 2.42093 2.42765 2.4353 2.44393 2.4536 2.46435 2.47619 2.48915 2.50321 2.51836 2.53454 2.5517 2.56976 2.58862 2.60816 2.62827 2.64879 2.66959 2.69051 2.71138 2.73206 2.75238 2.7722 2.79136 2.80974 2.82721 2.84365 2.85896 2.87304 2.88582 2.89723 2.90721 2.9157 2.92268 2.92811 2.93197 2.93423 2.93489 2.93395 2.93141 2.92727 2.92155 2.91429 2.9055 2.89523 2.88353 2.87047 2.85611 2.84055 2.82388 2.80622 2.78768 2.76841 2.74853 2.72821 2.70759 2.68683 2.6661 2.64555 2.62533 2.60558 2.58643 2.56801 2.55041 2.53373 2.51803 2.50336 2.48977 2.47727 2.46586 2.45552 2.44623 2.43795 2.43063 2.42421 2.41863 2.41383 2.40974 2.40629 2.40343 2.40108 2.39919 2.39771 2.39659 2.39581 2.39532 2.3951 
2.38851 2.38881 2.3894 2.39028 2.39148 2.39302 2.39496 2.39734 2.40022 2.40366 2.40773 2.41251 2.41807 2.42449 2.43184 2.44019 2.4496 2.46012 2.47179 2.48463 2.49865 2.51384 2.53016 2.54758 2.566 2.58535 2.60552 2.62637 2.64778 2.66959 2.69164 2.71377 2.73581 2.7576 2.77896 2.79975 2.81982 2.83903 2.85725 2.87437 2.89028 2.90489 2.91813 2.92994 2.94025 2.94903 2.95623 2.96183 2.96581 2.96815 2.96884 2.96788 2.96526 2.96101 2.95512 2.94763 2.93856 2.92794 2.91583 2.90228 2.88737 2.87118 2.8538 2.83535 2.81594 2.79572 2.77483 2.75342 2.73167 2.70972 2.68775 2.66593 2.64441 2.62335 2.6029 2.58318 2.56431 2.54639 2.52949 2.51369 2.49901 2.48548 2.47311 2.46189 2.45179 2.44277 2.43478 2.42776 2.42166 2.41639 2.41189 2.40809 2.40492 2.40231 2.40021 2.39856 2.39731 2.39642 2.39585 2.39558 
2.389 2.38931 2.38993 2.39088 2.39218 2.39387 2.39598 2.39858 2.40173 2.40548 2.40993 2.41515 2.42121 2.4282 2.43619 2.44525 2.45545 2.46683 2.47944 2.49329 2.50839 2.52471 2.54222 2.56085 2.58054 2.60117 2.62262 2.64476 2.66745 2.69051 2.71377 2.73707 2.76022 2.78306 2.80541 2.82712 2.84803 2.868 2.88691 2.90464 2.92109 2.93618 2.94983 2.96199 2.97259 2.98161 2.989 2.99475 2.99883 3.00124 3.00195 3.00098 2.99832 2.99397 2.98794 2.98026 2.97095 2.96003 2.94756 2.93359 2.91818 2.90141 2.88338 2.8642 2.844 2.82289 2.80104 2.77861 2.75576 2.73266 2.70949 2.68643 2.66365 2.64131 2.61957 2.59857 2.57844 2.55928 2.54119 2.52423 2.50846 2.4939 2.48056 2.46844 2.45752 2.44774 2.43907 2.43144 2.42479 2.41904 2.41412 2.40995 2.40647 2.40361 2.40128 2.39945 2.39806 2.39705 2.39641 2.3961 
2.38951 2.38983 2.39049 2.39151 2.39292 2.39475 2.39704 2.39987 2.40329 2.40737 2.41221 2.41787 2.42444 2.43201 2.44065 2.45044 2.46144 2.4737 2.48725 2.50211 2.51828 2.53573 2.55442 2.57427 2.59519 2.61708 2.6398 2.6632 2.68712 2.71138 2.73581 2.76022 2.78443 2.80826 2.83154 2.85409 2.87577 2.89644 2.91597 2.93424 2.95118 2.96668 2.98068 2.99313 3.00399 3.0132 3.02076 3.02663 3.0308 3.03326 3.03401 3.03303 3.03033 3.0259 3.01977 3.01194 3.00243 2.99126 2.97849 2.96414 2.9483 2.93103 2.91242 2.89258 2.87164 2.84972 2.82698 2.80358 2.77969 2.7555 2.73118 2.70693 2.68292 2.65933 2.63633 2.61407 2.59269 2.57231 2.55303 2.53493 2.51806 2.50246 2.48816 2.47513 2.46337 2.45283 2.44346 2.43521 2.428 2.42176 2.41642 2.41188 2.40808 2.40494 2.40239 2.40038 2.39883 2.39772 2.39699 2.39663 
2.39004 2.39037 2.39107 2.39217 2.39368 2.39566 2.39814 2.4012 2.4049 2.40932 2.41454 2.42065 2.42775 2.4359 2.44521 2.45573 2.46753 2.48066 2.49516 2.51103 2.52826 2.54683 2.56668 2.58772 2.60986 2.63298 2.65692 2.68153 2.70664 2.73206 2.7576 2.78306 2.80826 2.83302 2.85714 2.88047 2.90285 2.92414 2.94422 2.96298 2.98032 2.99618 3.01048 3.02317 3.03423 3.04361 3.05129 3.05726 3.0615 3.06401 3.06478 3.06381 3.06108 3.05661 3.0504 3.04245 3.03279 3.02142 3.0084 2.99375 2.97753 2.95982 2.9407 2.92028 2.89867 2.876 2.85244 2.82814 2.80328 2.77806 2.75265 2.72725 2.70206 2.67727 2.65305 2.62956 2.60696 2.58538 2.56493 2.54569 2.52774 2.51111 2.49583 2.4819 2.4693 2.458 2.44793 2.43905 2.43128 2.42455 2.41877 2.41385 2.40973 2.40631 2.40354 2.40133 2.39964 2.39841 2.3976 2.39718 
2.39058 2.39093 2.39167 2.39284 2.39447 2.39659 2.39926 2.40256 2.40654 2.4113 2.41692 2.42349 2.4311 2.43985 2.44981 2.46106 2.47367 2.48767 2.5031 2.51997 2.53825 2.55792 2.5789 2.60111 2.62443 2.64873 2.67385 2.69963 2.72587 2.75238 2.77896 2.80541 2.83154 2.85714 2.88204 2.90607 2.92908 2.95092 2.97148 2.99065 3.00834 3.02449 3.03903 3.05192 3.06313 3.07263 3.08041 3.08646 3.09076 3.09331 3.0941 3.09313 3.0904 3.0859 3.07964 3.07161 3.06184 3.05033 3.0371 3.02221 3.00569 2.9876 2.96804 2.9471 2.9249 2.90156 2.87725 2.85212 2.82637 2.80017 2.77373 2.74726 2.72094 2.69499 2.66959 2.64492 2.62113 2.59838 2.57678 2.55643 2.53741 2.51977 2.50353 2.4887 2.47527 2.4632 2.45244 2.44294 2.4346 2.42737 2.42115 2.41585 2.4114 2.40771 2.4047 2.4023 2.40046 2.39911 2.39822 2.39775 
2.39114 2.39149 2.39228 2.39353 2.39527 2.39754 2.4004 2.40393 2.4082 2.4133 2.41931 2.42634 2.43447 2.44381 2.45442 2.4664 2.4798 2.49466 2.51101 2.52885 2.54816 2.5689 2.59098 2.61432 2.63878 2.66422 2.69047 2.71735 2.74466 2.7722 2.79975 2.82712 2.85409 2.88047 2.90607 2.93073 2.95429 2.97661 2.99757 3.01709 3.03506 3.05144 3.06617 3.07921 3.09053 3.10012 3.10797 3.11407 3.11841 3.12099 3.1218 3.12085 3.11812 3.11361 3.10733 3.09926 3.08942 3.0778 3.06444 3.04935 3.03258 3.0142 2.99427 2.97288 2.95016 2.92623 2.90124 2.87536 2.84878 2.82168 2.79428 2.76679 2.73942 2.71236 2.68584 2.66003 2.6351 2.61121 2.5885 2.56707 2.54701 2.52837 2.51119 2.49548 2.48123 2.4684 2.45695 2.44682 2.43793 2.4302 2.42354 2.41787 2.41309 2.40912 2.40587 2.40329 2.40129 2.39982 2.39885 2.39833 
2.3917 2.39206 2.3929 2.39422 2.39607 2.39849 2.40155 2.40532 2.40987 2.4153 2.42171 2.42919 2.43784 2.44775 2.45901 2.4717 2.48587 2.50156 2.51881 2.5376 2.55791 2.57968 2.60282 2.62724 2.65279 2.67931 2.70663 2.73455 2.76287 2.79136 2.81982 2.84803 2.87577 2.90285 2.92908 2.95429 2.97832 3.00105 3.02235 3.04215 3.06035 3.0769 3.09176 3.1049 3.1163 3.12595 3.13384 3.13997 3.14433 3.14693 3.14777 3.14683 3.14412 3.13963 3.13335 3.12527 3.11539 3.10371 3.09025 3.07503 3.05808 3.03945 3.01922 2.99746 2.97429 2.94984 2.92425 2.89769 2.87036 2.84244 2.81415 2.78571 2.75734 2.72925 2.70166 2.67476 2.64875 2.62378 2.6 2.57752 2.55645 2.53684 2.51875 2.50217 2.48712 2.47355 2.46143 2.45068 2.44124 2.43302 2.42593 2.41988 2.41477 2.41053 2.40705 2.40427 2.40212 2.40054 2.39948 2.39891 
2.39226 2.39263 2.39351 2.39491 2.39687 2.39945 2.40269 2.40669 2.41153 2.41729 2.42408 2.432 2.44116 2.45163 2.46352 2.4769 2.49182 2.50833 2.52644 2.54615 2.56741 2.59017 2.61433 2.63977 2.66635 2.69389 2.72222 2.75111 2.78036 2.80974 2.83903 2.868 2.89644 2.92414 2.95092 2.97661 3.00105 3.02411 3.0457 3.06571 3.08408 3.10076 3.11571 3.12891 3.14035 3.15002 3.15792 3.16406 3.16844 3.17105 3.17191 3.171 3.16831 3.16385 3.15759 3.14953 3.13965 3.12795 3.11445 3.09914 3.08206 3.06325 3.04277 3.0207 2.99716 2.97225 2.94614 2.91898 2.89097 2.8623 2.8332 2.80389 2.77459 2.74553 2.71694 2.68902 2.66197 2.63597 2.61116 2.58769 2.56565 2.54511 2.52613 2.50872 2.49289 2.47861 2.46583 2.45448 2.4445 2.4358 2.42829 2.42187 2.41644 2.41192 2.40822 2.40525 2.40295 2.40125 2.40012 2.3995 
2.39281 2.3932 2.39412 2.3956 2.39767 2.40039 2.40382 2.40805 2.41315 2.41924 2.42641 2.43476 2.4444 2.45542 2.46792 2.48196 2.49761 2.51489 2.53383 2.55441 2.57658 2.60028 2.6254 2.65181 2.67935 2.70785 2.73711 2.76691 2.79702 2.82721 2.85725 2.88691 2.91597 2.94422 2.97148 2.99757 3.02235 3.0457 3.0675 3.08767 3.10616 3.12292 3.13791 3.15114 3.16258 3.17225 3.18015 3.18628 3.19066 3.19329 3.19416 3.19328 3.19063 3.1862 3.17999 3.17196 3.16212 3.15044 3.13692 3.12157 3.10441 3.08547 3.0648 3.0425 3.01864 2.99335 2.96678 2.93909 2.91048 2.88114 2.8513 2.82119 2.79103 2.76108 2.73155 2.70268 2.67466 2.64768 2.62191 2.59749 2.57453 2.5531 2.53328 2.51507 2.4985 2.48352 2.4701 2.45818 2.44768 2.43852 2.43059 2.42381 2.41808 2.41329 2.40937 2.40622 2.40377 2.40196 2.40074 2.40008 
2.39335 2.39376 2.39472 2.39627 2.39845 2.40131 2.40492 2.40936 2.41473 2.42113 2.42866 2.43743 2.44753 2.45908 2.47216 2.48683 2.50317 2.52119 2.54091 2.56231 2.58534 2.60992 2.63594 2.66325 2.6917 2.72109 2.7512 2.78183 2.81272 2.84365 2.87437 2.90464 2.93424 2.96298 2.99065 3.01709 3.04215 3.06571 3.08767 3.10796 3.12652 3.14332 3.15833 3.17155 3.18297 3.19262 3.20049 3.2066 3.21097 3.2136 3.21449 3.21364 3.21103 3.20666 3.2005 3.19254 3.18274 3.1711 3.15761 3.14226 3.12505 3.10603 3.08524 3.06274 3.03863 3.01302 2.98607 2.95792 2.92877 2.89884 2.86833 2.83749 2.80656 2.77578 2.7454 2.71564 2.68672 2.65883 2.63216 2.60684 2.58301 2.56075 2.54012 2.52116 2.50388 2.48824 2.47422 2.46175 2.45075 2.44114 2.43282 2.4257 2.41966 2.41462 2.41048 2.40716 2.40457 2.40265 2.40135 2.40064 
2.39388 2.39429 2.3953 2.39692 2.3992 2.40219 2.40597 2.41063 2.41625 2.42295 2.43082 2.43998 2.45053 2.46257 2.47619 2.49147 2.50845 2.52716 2.54762 2.56979 2.59362 2.61902 2.64586 2.67401 2.70329 2.73349 2.76439 2.79577 2.82737 2.85896 2.89028 2.92109 2.95118 2.98032 3.00834 3.03506 3.06035 3.08408 3.10616 3.12652 3.14512 3.16192 3.17691 3.1901 3.20148 3.21109 3.21892 3.22501 3.22936 3.23198 3.23289 3.23207 3.22951 3.2252 3.21911 3.21122 3.2015 3.18992 3.17648 3.16115 3.14394 3.12488 3.104 3.08136 3.05705 3.03118 3.0039 2.97536 2.94575 2.91528 2.88419 2.8527 2.82106 2.78954 2.75837 2.7278 2.69804 2.66932 2.64181 2.61567 2.59103 2.56798 2.54661 2.52694 2.50898 2.49273 2.47814 2.46514 2.45367 2.44364 2.43495 2.4275 2.42118 2.4159 2.41155 2.40806 2.40533 2.40331 2.40194 2.40118 
2.39438 2.3948 2.39585 2.39753 2.39991 2.40303 2.40698 2.41183 2.41769 2.42466 2.43286 2.44238 2.45335 2.46585 2.47998 2.49581 2.5134 2.53275 2.55389 2.57677 2.60133 2.62748 2.65509 2.684 2.71403 2.74497 2.77658 2.80863 2.84087 2.87304 2.90489 2.93618 2.96668 2.99618 3.02449 3.05144 3.0769 3.10076 3.12292 3.14332 3.16192 3.1787 3.19366 3.20679 3.21812 3.22767 3.23545 3.2415 3.24583 3.24845 3.24937 3.24858 3.24607 3.24182 3.23581 3.228 3.21837 3.20687 3.1935 3.17822 3.16104 3.14197 3.12103 3.0983 3.07384 3.04776 3.0202 2.99133 2.96132 2.93039 2.89877 2.86671 2.83445 2.80225 2.77037 2.73906 2.70855 2.67906 2.65078 2.62388 2.5985 2.57473 2.55267 2.53234 2.51377 2.49694 2.48181 2.46833 2.45643 2.446 2.43696 2.4292 2.42262 2.4171 2.41257 2.40891 2.40606 2.40394 2.4025 2.4017 
2.39485 2.39529 2.39636 2.39811 2.40058 2.40382 2.40791 2.41295 2.41903 2.42626 2.43475 2.44462 2.45596 2.46889 2.48349 2.49983 2.51796 2.53791 2.55966 2.58319 2.60842 2.63525 2.66355 2.69314 2.72385 2.75544 2.78769 2.82034 2.85314 2.88582 2.91813 2.94983 2.98068 3.01048 3.03903 3.06617 3.09176 3.11571 3.13791 3.15833 3.17691 3.19366 3.20855 3.22163 3.23289 3.24237 3.2501 3.25611 3.26041 3.26302 3.26395 3.26319 3.26074 3.25656 3.25062 3.24291 3.23336 3.22196 3.20867 3.19346 3.17632 3.15726 3.13631 3.1135 3.08893 3.06269 3.03491 3.00575 2.97541 2.94408 2.91201 2.87944 2.84662 2.81383 2.78132 2.74935 2.71816 2.68798 2.65901 2.63142 2.60536 2.58094 2.55825 2.53732 2.51818 2.50082 2.48521 2.47129 2.45898 2.44819 2.43882 2.43078 2.42395 2.41823 2.41351 2.40971 2.40674 2.40453 2.40303 2.40219 
2.39528 2.39573 2.39684 2.39865 2.40119 2.40454 2.40877 2.41398 2.42026 2.42772 2.43648 2.44665 2.45834 2.47166 2.48668 2.50348 2.52211 2.54258 2.56488 2.58899 2.61481 2.64225 2.67116 2.70136 2.73267 2.76484 2.79764 2.83082 2.8641 2.89723 2.92994 2.96199 2.99313 3.02317 3.05192 3.07921 3.1049 3.12891 3.15114 3.17155 3.1901 3.20679 3.22163 3.23462 3.24582 3.25523 3.26291 3.26887 3.27314 3.27575 3.27669 3.27596 3.27355 3.26944 3.26358 3.25595 3.24651 3.2352 3.22199 3.20686 3.18978 3.17075 3.14979 3.12695 3.1023 3.07593 3.04797 3.01858 2.98795 2.95629 2.92383 2.89082 2.85752 2.8242 2.79114 2.75859 2.7268 2.69601 2.66643 2.63822 2.61156 2.58655 2.56329 2.54183 2.52218 2.50435 2.4883 2.47397 2.4613 2.45018 2.44052 2.43222 2.42517 2.41926 2.41438 2.41044 2.40737 2.40508 2.40352 2.40264 
2.39568 2.39613 2.39727 2.39913 2.40175 2.40519 2.40955 2.4149 2.42136 2.42903 2.43803 2.44847 2.46047 2.47412 2.48952 2.50672 2.52578 2.54671 2.56951 2.59412 2.62046 2.64843 2.67787 2.7086 2.74042 2.7731 2.80638 2.84 2.8737 2.90721 2.94025 2.97259 3.00399 3.03423 3.06313 3.09053 3.1163 3.14035 3.16258 3.18297 3.20148 3.21812 3.23289 3.24582 3.25694 3.26629 3.27391 3.27983 3.28408 3.28667 3.28762 3.28692 3.28455 3.2805 3.27472 3.26718 3.25782 3.24661 3.23349 3.21843 3.20141 3.18243 3.16148 3.13862 3.11391 3.08744 3.05934 3.02977 2.9989 2.96695 2.93416 2.90078 2.86707 2.8333 2.79976 2.76671 2.73441 2.70308 2.67296 2.64423 2.61704 2.59152 2.56776 2.54582 2.52573 2.50748 2.49104 2.47636 2.46336 2.45196 2.44204 2.43351 2.42626 2.42018 2.41516 2.4111 2.40793 2.40557 2.40395 2.40305 
2.39602 2.39649 2.39765 2.39955 2.40223 2.40577 2.41023 2.41571 2.42232 2.43017 2.43937 2.45005 2.46231 2.47625 2.49197 2.50952 2.52895 2.55028 2.57349 2.59853 2.62531 2.65373 2.68362 2.7148 2.74706 2.78016 2.81384 2.84784 2.88189 2.9157 2.94903 2.98161 3.0132 3.04361 3.07263 3.10012 3.12595 3.15002 3.17225 3.19262 3.21109 3.22767 3.24237 3.25523 3.26629 3.27558 3.28315 3.28903 3.29325 3.29584 3.29679 3.29612 3.29379 3.2898 3.28409 3.27662 3.26735 3.25622 3.24318 3.2282 3.21124 3.19229 3.17137 3.1485 3.12375 3.09721 3.069 3.03927 3.00821 2.97603 2.94296 2.90927 2.87521 2.84108 2.80713 2.77366 2.74091 2.70914 2.67857 2.64938 2.62174 2.59579 2.57161 2.54926 2.52879 2.51018 2.49341 2.47843 2.46515 2.4535 2.44336 2.43464 2.42721 2.42098 2.41584 2.41168 2.40842 2.406 2.40434 2.40341 
2.39632 2.39679 2.39797 2.39991 2.40265 2.40625 2.4108 2.41639 2.42312 2.43112 2.4405 2.45137 2.46385 2.47803 2.49401 2.51185 2.53159 2.55324 2.57679 2.60218 2.62933 2.65811 2.68837 2.71991 2.75253 2.78597 2.81998 2.85428 2.88861 2.92268 2.95623 2.989 3.02076 3.05129 3.08041 3.10797 3.13384 3.15792 3.18015 3.20049 3.21892 3.23545 3.2501 3.26291 3.27391 3.28315 3.29067 3.29652 3.30072 3.3033 3.30426 3.30361 3.30132 3.29737 3.29172 3.28432 3.27511 3.26405 3.25109 3.23617 3.21926 3.20036 3.17945 3.15658 3.13181 3.10521 3.07691 3.04706 3.01584 2.98348 2.95019 2.91625 2.88191 2.84747 2.8132 2.77939 2.74628 2.71415 2.6832 2.65364 2.62564 2.59932 2.57479 2.55212 2.53134 2.51243 2.49539 2.48015 2.46665 2.45478 2.44446 2.43558 2.42801 2.42166 2.41641 2.41216 2.40884 2.40636 2.40466 2.40371 
2.39655 2.39703 2.39823 2.4002 2.40298 2.40664 2.41125 2.41693 2.42377 2.43188 2.4414 2.45242 2.46507 2.47944 2.49563 2.51368 2.53366 2.55557 2.57938 2.60504 2.63247 2.66154 2.69208 2.72391 2.75679 2.7905 2.82476 2.8593 2.89385 2.92811 2.96183 2.99475 3.02663 3.05726 3.08646 3.11407 3.13997 3.16406 3.18628 3.2066 3.22501 3.2415 3.25611 3.26887 3.27983 3.28903 3.29652 3.30234 3.30653 3.3091 3.31007 3.30943 3.30717 3.30325 3.29765 3.2903 3.28115 3.27015 3.25723 3.24236 3.2255 3.20663 3.18574 3.16287 3.13807 3.11142 3.08305 3.05311 3.02178 2.98927 2.95582 2.92168 2.88713 2.85245 2.81793 2.78385 2.75047 2.71805 2.68682 2.65697 2.62868 2.60209 2.5773 2.55437 2.53334 2.5142 2.49695 2.48151 2.46783 2.4558 2.44534 2.43632 2.42865 2.4222 2.41686 2.41255 2.40918 2.40665 2.40493 2.40396 
2.39673 2.39721 2.39843 2.40042 2.40323 2.40693 2.41159 2.41733 2.42424 2.43244 2.44205 2.45318 2.46595 2.48046 2.49679 2.51501 2.53515 2.55723 2.58123 2.60709 2.63472 2.66398 2.69473 2.72675 2.75983 2.79372 2.82816 2.86287 2.89756 2.93197 2.96581 2.99883 3.0308 3.0615 3.09076 3.11841 3.14433 3.16844 3.19066 3.21097 3.22936 3.24583 3.26041 3.27314 3.28408 3.29325 3.30072 3.30653 3.3107 3.31327 3.31424 3.31362 3.31137 3.30749 3.30191 3.29459 3.28548 3.27452 3.26164 3.2468 3.22996 3.2111 3.19022 3.16735 3.14253 3.11585 3.08743 3.05742 3.026 2.99339 2.95981 2.92554 2.89084 2.85599 2.8213 2.78702 2.75345 2.72083 2.6894 2.65935 2.63086 2.60407 2.57909 2.55598 2.53477 2.51548 2.49807 2.4825 2.46869 2.45655 2.44598 2.43687 2.42911 2.42259 2.4172 2.41284 2.40943 2.40687 2.40513 2.40414 
2.39685 2.39733 2.39856 2.40056 2.40339 2.40711 2.41181 2.41758 2.42454 2.43279 2.44246 2.45365 2.46649 2.48108 2.4975 2.5158 2.53605 2.55823 2.58234 2.60831 2.63605 2.66543 2.69628 2.72842 2.76161 2.79561 2.83015 2.86496 2.89974 2.93423 2.96815 3.00124 3.03326 3.06401 3.09331 3.12099 3.14693 3.17105 3.19329 3.2136 3.23198 3.24845 3.26302 3.27575 3.28667 3.29584 3.3033 3.3091 3.31327 3.31584 3.31682 3.3162 3.31396 3.31009 3.30452 3.29722 3.28813 3.27718 3.26431 3.24948 3.23265 3.2138 3.19291 3.17002 3.14518 3.11848 3.09002 3.05996 3.02849 2.99581 2.96216 2.9278 2.89301 2.85807 2.82327 2.78889 2.7552 2.72246 2.69091 2.66075 2.63215 2.60525 2.58015 2.55694 2.53564 2.51625 2.49875 2.4831 2.46921 2.457 2.44637 2.43721 2.4294 2.42284 2.41742 2.41303 2.40959 2.40702 2.40526 2.40426 
