5.26594 5.26612 5.26638 5.26672 5.26714 5.26763 5.26821 5.26886 5.26959 5.27041 5.27131 5.2723 5.27337 5.27453 5.27577 5.27711 5.27853 5.28004 5.28163 5.28332 5.28508 5.28692 5.28884 5.29083 5.29288 5.29499 5.29715 5.29935 5.30159 5.30385 5.30612 5.3084 5.31066 5.3129 5.31511 5.31726 5.31936 5.32138 5.32332 5.32515 5.32688 5.32848 5.32994 5.33126 5.33243 5.33344 5.33428 5.33494 5.33542 5.33572 5.33584 5.33577 5.33552 5.33508 5.33447 5.33368 5.33272 5.33161 5.33034 5.32893 5.32738 5.32572 5.32395 5.32208 5.32012 5.3181 5.31601 5.31388 5.31172 5.30954 5.30736 5.30518 5.30301 5.30088 5.29878 5.29674 5.29475 5.29282 5.29096 5.28919 5.28749 5.28588 5.28437 5.28294 5.28162 5.28038 5.27925 5.27821 5.27727 5.27643 5.27568 5.27502 5.27445 5.27398 5.27359 5.27329 5.27307 5.27293 5.27288 5.2729 
5.26612 5.26631 5.26657 5.26691 5.26732 5.26782 5.2684 5.26905 5.26979 5.27061 5.27152 5.27251 5.27359 5.27476 5.27601 5.27736 5.27879 5.28031 5.28192 5.28361 5.28539 5.28724 5.28918 5.29118 5.29325 5.29538 5.29756 5.29978 5.30203 5.30431 5.3066 5.3089 5.31118 5.31344 5.31566 5.31784 5.31995 5.32199 5.32394 5.32579 5.32753 5.32915 5.33062 5.33196 5.33313 5.33415 5.33499 5.33566 5.33615 5.33645 5.33657 5.3365 5.33624 5.3358 5.33518 5.33439 5.33342 5.3323 5.33102 5.32959 5.32804 5.32636 5.32457 5.32268 5.32071 5.31867 5.31657 5.31442 5.31224 5.31004 5.30784 5.30564 5.30346 5.3013 5.29919 5.29712 5.29512 5.29317 5.2913 5.28951 5.2878 5.28618 5.28465 5.28322 5.28188 5.28064 5.27949 5.27845 5.2775 5.27664 5.27589 5.27523 5.27465 5.27417 5.27378 5.27348 5.27326 5.27312 5.27306 5.27309 
5.26638 5.26657 5.26683 5.26717 5.2676 5.2681 5.26869 5.26936 5.27011 5.27095 5.27187 5.27288 5.27398 5.27517 5.27645 5.27782 5.27929 5.28084 5.28248 5.28421 5.28603 5.28793 5.2899 5.29195 5.29406 5.29624 5.29846 5.30073 5.30304 5.30536 5.3077 5.31005 5.31238 5.31469 5.31696 5.31918 5.32134 5.32342 5.32541 5.3273 5.32908 5.33072 5.33223 5.33359 5.33479 5.33583 5.33669 5.33737 5.33787 5.33818 5.33829 5.33822 5.33796 5.33751 5.33688 5.33606 5.33508 5.33393 5.33262 5.33116 5.32957 5.32786 5.32603 5.3241 5.32209 5.32 5.31785 5.31566 5.31343 5.31118 5.30893 5.30668 5.30445 5.30225 5.30009 5.29798 5.29592 5.29394 5.29202 5.29019 5.28844 5.28678 5.28522 5.28375 5.28238 5.28111 5.27994 5.27886 5.27789 5.27702 5.27624 5.27556 5.27498 5.27448 5.27408 5.27376 5.27353 5.27339 5.27333 5.27335 
5.26672 5.26691 5.26717 5.26752 5.26796 5.26848 5.26908 5.26977 5.27054 5.27141 5.27236 5.27341 5.27454 5.27577 5.2771 5.27851 5.28003 5.28163 5.28333 5.28512 5.287 5.28897 5.29101 5.29313 5.29531 5.29756 5.29987 5.30222 5.3046 5.30701 5.30943 5.31185 5.31426 5.31664 5.31899 5.32129 5.32352 5.32567 5.32773 5.32968 5.33151 5.33321 5.33477 5.33617 5.33741 5.33848 5.33937 5.34007 5.34058 5.3409 5.34102 5.34094 5.34067 5.3402 5.33954 5.3387 5.33768 5.33649 5.33514 5.33364 5.33199 5.33022 5.32833 5.32633 5.32425 5.32209 5.31987 5.31759 5.31529 5.31297 5.31063 5.30831 5.306 5.30372 5.30148 5.2993 5.29717 5.29511 5.29313 5.29123 5.28941 5.28769 5.28607 5.28454 5.28312 5.2818 5.28058 5.27947 5.27846 5.27755 5.27674 5.27603 5.27541 5.2749 5.27447 5.27414 5.2739 5.27374 5.27367 5.27369 
5.26714 5.26732 5.2676 5.26796 5.26841 5.26894 5.26957 5.27029 5.2711 5.272 5.27299 5.27408 5.27527 5.27656 5.27794 5.27943 5.28101 5.28269 5.28447 5.28635 5.28831 5.29037 5.29251 5.29472 5.29701 5.29937 5.30178 5.30423 5.30672 5.30924 5.31177 5.3143 5.31682 5.31932 5.32177 5.32417 5.32649 5.32874 5.33089 5.33292 5.33483 5.33661 5.33823 5.3397 5.34099 5.3421 5.34302 5.34375 5.34428 5.34461 5.34474 5.34465 5.34437 5.34388 5.34319 5.34231 5.34124 5.34 5.33858 5.33701 5.33529 5.33344 5.33146 5.32938 5.3272 5.32494 5.32261 5.32024 5.31783 5.31539 5.31295 5.31052 5.3081 5.30572 5.30337 5.30108 5.29885 5.29669 5.29461 5.29262 5.29072 5.28891 5.2872 5.2856 5.2841 5.28271 5.28143 5.28026 5.27919 5.27823 5.27737 5.27662 5.27597 5.27542 5.27497 5.27461 5.27435 5.27418 5.2741 5.27411 
5.26763 5.26782 5.2681 5.26848 5.26894 5.26951 5.27016 5.27092 5.27177 5.27272 5.27377 5.27492 5.27617 5.27753 5.27899 5.28056 5.28224 5.28402 5.2859 5.28788 5.28996 5.29213 5.29439 5.29674 5.29916 5.30164 5.30419 5.30678 5.30941 5.31207 5.31474 5.31741 5.32007 5.3227 5.32529 5.32781 5.33027 5.33263 5.33489 5.33704 5.33905 5.34092 5.34262 5.34416 5.34552 5.34669 5.34766 5.34843 5.34898 5.34932 5.34945 5.34936 5.34906 5.34854 5.34781 5.34688 5.34575 5.34444 5.34295 5.34129 5.33947 5.33752 5.33543 5.33323 5.33093 5.32855 5.32609 5.32359 5.32104 5.31847 5.31589 5.31332 5.31076 5.30824 5.30576 5.30333 5.30097 5.29869 5.29648 5.29437 5.29235 5.29044 5.28862 5.28692 5.28533 5.28385 5.28249 5.28123 5.28009 5.27907 5.27815 5.27735 5.27665 5.27606 5.27557 5.27518 5.27489 5.2747 5.27461 5.27461 
5.26821 5.2684 5.26869 5.26908 5.26957 5.27016 5.27086 5.27166 5.27256 5.27357 5.27468 5.27591 5.27724 5.27869 5.28025 5.28193 5.28371 5.28561 5.28761 5.28973 5.29194 5.29426 5.29667 5.29917 5.30175 5.3044 5.30711 5.30987 5.31267 5.3155 5.31834 5.32118 5.32401 5.3268 5.32955 5.33223 5.33484 5.33735 5.33975 5.34202 5.34416 5.34614 5.34795 5.34958 5.35101 5.35225 5.35328 5.35409 5.35467 5.35503 5.35516 5.35506 5.35474 5.35418 5.35341 5.35242 5.35122 5.34982 5.34824 5.34647 5.34454 5.34246 5.34024 5.3379 5.33546 5.33292 5.33031 5.32764 5.32493 5.32219 5.31945 5.31671 5.31398 5.31129 5.30865 5.30606 5.30354 5.3011 5.29874 5.29648 5.29432 5.29227 5.29033 5.28851 5.2868 5.28521 5.28374 5.2824 5.28117 5.28006 5.27908 5.2782 5.27745 5.2768 5.27627 5.27584 5.27552 5.27531 5.2752 5.27519 
5.26886 5.26905 5.26936 5.26977 5.27029 5.27092 5.27166 5.27251 5.27347 5.27455 5.27575 5.27706 5.27849 5.28005 5.28172 5.28352 5.28543 5.28747 5.28962 5.29189 5.29427 5.29676 5.29935 5.30203 5.30479 5.30763 5.31054 5.3135 5.3165 5.31953 5.32257 5.32561 5.32863 5.33162 5.33456 5.33742 5.34021 5.34289 5.34545 5.34788 5.35015 5.35226 5.35419 5.35593 5.35746 5.35878 5.35987 5.36073 5.36135 5.36173 5.36187 5.36176 5.3614 5.36081 5.35998 5.35892 5.35764 5.35614 5.35444 5.35256 5.35049 5.34827 5.34589 5.34339 5.34077 5.33806 5.33526 5.3324 5.3295 5.32657 5.32362 5.32068 5.31776 5.31487 5.31203 5.30926 5.30655 5.30392 5.30139 5.29896 5.29663 5.29442 5.29233 5.29036 5.28852 5.2868 5.28521 5.28375 5.28242 5.28122 5.28014 5.27919 5.27837 5.27766 5.27707 5.2766 5.27624 5.276 5.27587 5.27585 
5.26959 5.26979 5.27011 5.27054 5.2711 5.27177 5.27256 5.27347 5.27451 5.27567 5.27696 5.27837 5.27992 5.28159 5.2834 5.28534 5.28741 5.2896 5.29193 5.29438 5.29694 5.29963 5.30242 5.30531 5.30829 5.31135 5.31448 5.31767 5.3209 5.32415 5.32743 5.3307 5.33394 5.33715 5.34031 5.34339 5.34637 5.34925 5.352 5.3546 5.35704 5.3593 5.36137 5.36322 5.36486 5.36627 5.36744 5.36835 5.36902 5.36942 5.36956 5.36944 5.36906 5.36842 5.36752 5.36638 5.365 5.36339 5.36157 5.35954 5.35732 5.35493 5.35238 5.34969 5.34687 5.34395 5.34095 5.33787 5.33475 5.33159 5.32842 5.32525 5.3221 5.31899 5.31593 5.31293 5.31 5.30717 5.30443 5.3018 5.29928 5.29689 5.29462 5.29248 5.29048 5.28861 5.28689 5.2853 5.28385 5.28253 5.28136 5.28032 5.27941 5.27863 5.27798 5.27746 5.27706 5.27678 5.27663 5.27659 
5.27041 5.27061 5.27095 5.27141 5.272 5.27272 5.27357 5.27455 5.27567 5.27692 5.27831 5.27985 5.28152 5.28333 5.28529 5.28739 5.28963 5.29201 5.29453 5.29718 5.29996 5.30287 5.30589 5.30901 5.31224 5.31555 5.31893 5.32237 5.32586 5.32938 5.33291 5.33644 5.33994 5.3434 5.3468 5.35012 5.35334 5.35643 5.35939 5.36219 5.36481 5.36724 5.36946 5.37145 5.37321 5.37472 5.37597 5.37695 5.37766 5.37809 5.37824 5.3781 5.37769 5.37699 5.37603 5.3748 5.37331 5.37157 5.36961 5.36742 5.36503 5.36245 5.3597 5.3568 5.35376 5.35061 5.34736 5.34404 5.34067 5.33726 5.33383 5.33041 5.327 5.32364 5.32032 5.31707 5.3139 5.31083 5.30786 5.305 5.30227 5.29967 5.2972 5.29487 5.29269 5.29066 5.28877 5.28704 5.28545 5.28401 5.28272 5.28158 5.28058 5.27972 5.279 5.27841 5.27797 5.27765 5.27747 5.27741 
5.27131 5.27152 5.27187 5.27236 5.27299 5.27377 5.27468 5.27575 5.27696 5.27831 5.27982 5.28149 5.2833 5.28527 5.2874 5.28968 5.29211 5.2947 5.29743 5.30031 5.30333 5.30648 5.30976 5.31315 5.31664 5.32023 5.3239 5.32763 5.3314 5.33521 5.33903 5.34284 5.34663 5.35037 5.35404 5.35762 5.36109 5.36443 5.36762 5.37063 5.37346 5.37607 5.37846 5.38061 5.3825 5.38412 5.38546 5.38652 5.38728 5.38773 5.38789 5.38774 5.38729 5.38653 5.38549 5.38416 5.38255 5.38067 5.37855 5.37619 5.3736 5.37082 5.36784 5.36471 5.36143 5.35802 5.35451 5.35092 5.34727 5.34358 5.33987 5.33616 5.33247 5.32881 5.32522 5.32169 5.31825 5.31491 5.31168 5.30857 5.3056 5.30276 5.30007 5.29754 5.29516 5.29293 5.29087 5.28897 5.28723 5.28565 5.28423 5.28297 5.28187 5.28092 5.28012 5.27947 5.27897 5.27861 5.2784 5.27832 
5.2723 5.27251 5.27288 5.27341 5.27408 5.27492 5.27591 5.27706 5.27837 5.27985 5.28149 5.28329 5.28527 5.28741 5.28972 5.2922 5.29485 5.29766 5.30063 5.30377 5.30705 5.31047 5.31403 5.31771 5.3215 5.3254 5.32937 5.33342 5.33751 5.34163 5.34577 5.3499 5.35399 5.35804 5.36201 5.36587 5.36962 5.37323 5.37667 5.37992 5.38297 5.38579 5.38837 5.39068 5.39272 5.39446 5.3959 5.39704 5.39785 5.39834 5.3985 5.39833 5.39784 5.39702 5.39589 5.39445 5.39271 5.39068 5.38839 5.38583 5.38304 5.38002 5.37681 5.37342 5.36987 5.36618 5.36238 5.35849 5.35454 5.35054 5.34651 5.34249 5.33848 5.33452 5.33061 5.32678 5.32304 5.31941 5.31589 5.31251 5.30927 5.30618 5.30324 5.30047 5.29787 5.29544 5.29318 5.2911 5.28919 5.28746 5.28589 5.28451 5.28329 5.28224 5.28135 5.28063 5.28006 5.27966 5.27941 5.27932 
5.27337 5.27359 5.27398 5.27454 5.27527 5.27617 5.27724 5.27849 5.27992 5.28152 5.2833 5.28527 5.28741 5.28975 5.29226 5.29496 5.29784 5.3009 5.30414 5.30754 5.31111 5.31483 5.3187 5.3227 5.32682 5.33105 5.33536 5.33974 5.34418 5.34865 5.35313 5.3576 5.36203 5.36641 5.3707 5.37488 5.37893 5.38283 5.38654 5.39006 5.39334 5.39638 5.39916 5.40165 5.40385 5.40572 5.40728 5.40849 5.40937 5.40989 5.41006 5.40987 5.40934 5.40845 5.40722 5.40566 5.40378 5.40159 5.3991 5.39634 5.39332 5.39006 5.38658 5.38291 5.37907 5.37508 5.37097 5.36675 5.36247 5.35813 5.35377 5.3494 5.34506 5.34075 5.33651 5.33235 5.32828 5.32433 5.3205 5.31682 5.31328 5.30991 5.30671 5.30368 5.30084 5.29818 5.2957 5.29342 5.29133 5.28942 5.28771 5.28618 5.28483 5.28367 5.28269 5.28189 5.28126 5.2808 5.28051 5.2804 
5.27453 5.27476 5.27517 5.27577 5.27656 5.27753 5.27869 5.28005 5.28159 5.28333 5.28527 5.28741 5.28975 5.29228 5.29502 5.29796 5.30109 5.30442 5.30794 5.31165 5.31552 5.31957 5.32377 5.32811 5.33259 5.33717 5.34185 5.3466 5.35141 5.35626 5.36111 5.36594 5.37074 5.37547 5.38011 5.38463 5.389 5.39321 5.39722 5.40101 5.40455 5.40783 5.41082 5.41351 5.41587 5.41789 5.41956 5.42087 5.42181 5.42236 5.42254 5.42234 5.42175 5.42079 5.41947 5.41778 5.41574 5.41337 5.41069 5.4077 5.40444 5.40091 5.39715 5.39318 5.38902 5.38471 5.38025 5.37569 5.37105 5.36635 5.36162 5.35689 5.35218 5.34751 5.3429 5.33838 5.33396 5.32966 5.32549 5.32148 5.31763 5.31396 5.31046 5.30716 5.30405 5.30115 5.29844 5.29594 5.29365 5.29156 5.28967 5.28799 5.28651 5.28523 5.28414 5.28325 5.28255 5.28203 5.28171 5.28157 
5.27577 5.27601 5.27645 5.2771 5.27794 5.27899 5.28025 5.28172 5.2834 5.28529 5.2874 5.28972 5.29226 5.29502 5.298 5.30119 5.3046 5.30822 5.31205 5.31607 5.32028 5.32467 5.32923 5.33395 5.3388 5.34377 5.34884 5.35399 5.3592 5.36444 5.36968 5.37491 5.3801 5.38521 5.39022 5.3951 5.39982 5.40436 5.40868 5.41276 5.41658 5.42011 5.42334 5.42623 5.42877 5.43094 5.43274 5.43414 5.43514 5.43574 5.43593 5.4357 5.43507 5.43403 5.43259 5.43077 5.42857 5.42601 5.42311 5.41989 5.41636 5.41256 5.4085 5.40421 5.39971 5.39505 5.39023 5.3853 5.38028 5.37519 5.37007 5.36494 5.35984 5.35477 5.34977 5.34487 5.34007 5.3354 5.33087 5.32651 5.32232 5.31832 5.31451 5.31091 5.30752 5.30435 5.30139 5.29866 5.29615 5.29386 5.29179 5.28994 5.28831 5.2869 5.2857 5.28471 5.28393 5.28336 5.28299 5.28283 
5.27711 5.27736 5.27782 5.27851 5.27943 5.28056 5.28193 5.28352 5.28534 5.28739 5.28968 5.2922 5.29496 5.29796 5.30119 5.30466 5.30837 5.3123 5.31645 5.32081 5.32538 5.33014 5.33509 5.34019 5.34545 5.35083 5.35631 5.36189 5.36752 5.37318 5.37885 5.3845 5.39009 5.39561 5.40101 5.40627 5.41136 5.41625 5.4209 5.4253 5.42941 5.43321 5.43667 5.43978 5.44251 5.44484 5.44677 5.44828 5.44935 5.44999 5.45018 5.44994 5.44925 5.44813 5.44658 5.44461 5.44224 5.43948 5.43636 5.43288 5.42908 5.42497 5.42059 5.41596 5.41112 5.40608 5.40088 5.39555 5.39013 5.38463 5.3791 5.37355 5.36802 5.36254 5.35713 5.35181 5.3466 5.34154 5.33663 5.33189 5.32734 5.32299 5.31885 5.31493 5.31124 5.30778 5.30455 5.30157 5.29882 5.29632 5.29406 5.29203 5.29025 5.28869 5.28737 5.28628 5.28542 5.28478 5.28437 5.28417 
5.27853 5.27879 5.27929 5.28003 5.28101 5.28224 5.28371 5.28543 5.28741 5.28963 5.29211 5.29485 5.29784 5.30109 5.3046 5.30837 5.31238 5.31664 5.32114 5.32587 5.33082 5.33597 5.34132 5.34684 5.35252 5.35834 5.36427 5.37028 5.37636 5.38247 5.38859 5.39467 5.4007 5.40664 5.41246 5.41812 5.4236 5.42885 5.43386 5.43858 5.443 5.44708 5.4508 5.45413 5.45706 5.45956 5.46163 5.46324 5.46439 5.46507 5.46527 5.465 5.46426 5.46305 5.46138 5.45927 5.45672 5.45375 5.45038 5.44664 5.44255 5.43813 5.43342 5.42843 5.42321 5.41778 5.41218 5.40644 5.40058 5.39465 5.38868 5.38269 5.37672 5.37079 5.36494 5.35919 5.35356 5.34807 5.34275 5.33762 5.33268 5.32796 5.32347 5.31921 5.31519 5.31143 5.30792 5.30467 5.30168 5.29895 5.29647 5.29426 5.29231 5.2906 5.28915 5.28796 5.287 5.2863 5.28583 5.28561 
5.28004 5.28031 5.28084 5.28163 5.28269 5.28402 5.28561 5.28747 5.2896 5.29201 5.2947 5.29766 5.3009 5.30442 5.30822 5.3123 5.31664 5.32125 5.32611 5.33123 5.33658 5.34215 5.34792 5.35389 5.36002 5.36629 5.37268 5.37916 5.38571 5.39229 5.39887 5.40542 5.41191 5.41829 5.42455 5.43063 5.43651 5.44215 5.44752 5.45259 5.45732 5.46169 5.46568 5.46925 5.47239 5.47507 5.47727 5.479 5.48022 5.48095 5.48116 5.48087 5.48007 5.47877 5.47697 5.4747 5.47196 5.46877 5.46516 5.46114 5.45675 5.452 5.44693 5.44158 5.43596 5.43013 5.4241 5.41792 5.41162 5.40524 5.3988 5.39235 5.38591 5.37952 5.37321 5.367 5.36091 5.35499 5.34924 5.34368 5.33834 5.33323 5.32836 5.32374 5.31939 5.3153 5.31149 5.30796 5.3047 5.30173 5.29904 5.29663 5.29449 5.29263 5.29105 5.28973 5.28868 5.2879 5.28739 5.28713 
5.28163 5.28192 5.28248 5.28333 5.28447 5.2859 5.28761 5.28962 5.29193 5.29453 5.29743 5.30063 5.30414 5.30794 5.31205 5.31645 5.32114 5.32611 5.33137 5.33688 5.34265 5.34866 5.35488 5.36131 5.36791 5.37466 5.38154 5.38851 5.39555 5.40262 5.40969 5.41672 5.42368 5.43053 5.43723 5.44375 5.45005 5.45609 5.46184 5.46727 5.47233 5.47701 5.48127 5.48509 5.48844 5.4913 5.49366 5.4955 5.49681 5.49758 5.4978 5.49748 5.49662 5.49523 5.4933 5.49087 5.48793 5.48451 5.48064 5.47634 5.47163 5.46654 5.46111 5.45537 5.44934 5.44308 5.43662 5.42998 5.42321 5.41636 5.40944 5.4025 5.39558 5.3887 5.3819 5.37521 5.36866 5.36227 5.35607 5.35007 5.34431 5.33878 5.33352 5.32853 5.32381 5.31939 5.31526 5.31143 5.3079 5.30467 5.30175 5.29912 5.2968 5.29477 5.29304 5.29161 5.29046 5.2896 5.28903 5.28874 
5.28332 5.28361 5.28421 5.28512 5.28635 5.28788 5.28973 5.29189 5.29438 5.29718 5.30031 5.30377 5.30754 5.31165 5.31607 5.32081 5.32587 5.33123 5.33688 5.34282 5.34903 5.35549 5.36218 5.36909 5.37618 5.38343 5.39081 5.39829 5.40584 5.41342 5.421 5.42853 5.43598 5.44331 5.45048 5.45746 5.46419 5.47065 5.47679 5.48258 5.48799 5.49298 5.49753 5.5016 5.50517 5.50822 5.51074 5.51269 5.51409 5.5149 5.51514 5.51479 5.51387 5.51238 5.51032 5.50771 5.50458 5.50093 5.49679 5.49219 5.48715 5.48171 5.4759 5.46976 5.46331 5.45661 5.44969 5.44258 5.43533 5.42798 5.42056 5.41312 5.40569 5.39831 5.39101 5.38382 5.37677 5.3699 5.36323 5.35677 5.35056 5.34461 5.33893 5.33355 5.32846 5.32368 5.31922 5.31507 5.31126 5.30776 5.30459 5.30175 5.29923 5.29702 5.29514 5.29358 5.29233 5.29139 5.29076 5.29044 
5.28508 5.28539 5.28603 5.287 5.28831 5.28996 5.29194 5.29427 5.29694 5.29996 5.30333 5.30705 5.31111 5.31552 5.32028 5.32538 5.33082 5.33658 5.34265 5.34903 5.35569 5.36263 5.36981 5.37721 5.38481 5.39258 5.40048 5.40849 5.41657 5.42467 5.43277 5.44082 5.44878 5.45661 5.46426 5.4717 5.47888 5.48577 5.49231 5.49848 5.50425 5.50956 5.5144 5.51873 5.52253 5.52578 5.52845 5.53053 5.532 5.53287 5.53311 5.53274 5.53176 5.53016 5.52797 5.52519 5.52184 5.51795 5.51354 5.50863 5.50326 5.49746 5.49126 5.48471 5.47783 5.47067 5.46328 5.45568 5.44793 5.44007 5.43214 5.42418 5.41622 5.40832 5.40049 5.39279 5.38523 5.37786 5.3707 5.36377 5.35709 5.35069 5.34459 5.33879 5.33332 5.32817 5.32336 5.31889 5.31477 5.311 5.30757 5.3045 5.30177 5.29938 5.29734 5.29565 5.29429 5.29326 5.29257 5.29222 
5.28692 5.28724 5.28793 5.28897 5.29037 5.29213 5.29426 5.29676 5.29963 5.30287 5.30648 5.31047 5.31483 5.31957 5.32467 5.33014 5.33597 5.34215 5.34866 5.35549 5.36263 5.37005 5.37773 5.38565 5.39377 5.40207 5.41052 5.41907 5.42769 5.43634 5.44497 5.45355 5.46203 5.47037 5.47852 5.48644 5.49408 5.5014 5.50836 5.51492 5.52104 5.52668 5.53182 5.53642 5.54045 5.5439 5.54673 5.54893 5.5505 5.55141 5.55167 5.55127 5.55022 5.54852 5.54619 5.54323 5.53968 5.53554 5.53084 5.52563 5.51991 5.51374 5.50714 5.50016 5.49284 5.48522 5.47734 5.46925 5.46099 5.4526 5.44414 5.43564 5.42714 5.4187 5.41034 5.4021 5.39402 5.38613 5.37846 5.37103 5.36388 5.35702 5.35047 5.34425 5.33837 5.33284 5.32767 5.32287 5.31843 5.31437 5.31068 5.30736 5.30442 5.30185 5.29964 5.2978 5.29633 5.29522 5.29447 5.29407 
5.28884 5.28918 5.2899 5.29101 5.29251 5.29439 5.29667 5.29935 5.30242 5.30589 5.30976 5.31403 5.3187 5.32377 5.32923 5.33509 5.34132 5.34792 5.35488 5.36218 5.36981 5.37773 5.38593 5.39438 5.40304 5.41189 5.42089 5.42999 5.43917 5.44837 5.45756 5.46668 5.4757 5.48455 5.49321 5.50161 5.50972 5.51749 5.52487 5.53182 5.53831 5.54429 5.54973 5.5546 5.55887 5.56252 5.56551 5.56784 5.5695 5.57046 5.57073 5.57031 5.56919 5.56739 5.56491 5.56178 5.558 5.55361 5.54864 5.5431 5.53704 5.53049 5.52348 5.51607 5.5083 5.5002 5.49182 5.48322 5.47444 5.46552 5.45651 5.44746 5.43842 5.42942 5.4205 5.41172 5.4031 5.39468 5.38648 5.37855 5.37091 5.36357 5.35657 5.34991 5.34361 5.33768 5.33214 5.32699 5.32223 5.31787 5.3139 5.31034 5.30717 5.3044 5.30203 5.30005 5.29846 5.29725 5.29644 5.29601 
5.29083 5.29118 5.29195 5.29313 5.29472 5.29674 5.29917 5.30203 5.30531 5.30901 5.31315 5.31771 5.3227 5.32811 5.33395 5.34019 5.34684 5.35389 5.36131 5.36909 5.37721 5.38565 5.39438 5.40336 5.41258 5.42199 5.43155 5.44123 5.45097 5.46074 5.47048 5.48016 5.48972 5.4991 5.50827 5.51717 5.52575 5.53397 5.54178 5.54914 5.55599 5.56232 5.56807 5.57321 5.57772 5.58157 5.58473 5.58719 5.58893 5.58995 5.59023 5.58977 5.58859 5.58668 5.58406 5.58075 5.57676 5.57211 5.56685 5.56099 5.55457 5.54764 5.54023 5.53238 5.52414 5.51556 5.50668 5.49756 5.48824 5.47878 5.46922 5.45961 5.45 5.44043 5.43096 5.42161 5.41244 5.40347 5.39475 5.3863 5.37815 5.37033 5.36285 5.35574 5.34902 5.34268 5.33676 5.33125 5.32615 5.32148 5.31724 5.31342 5.31002 5.30705 5.3045 5.30237 5.30066 5.29936 5.29848 5.29801 
5.29288 5.29325 5.29406 5.29531 5.29701 5.29916 5.30175 5.30479 5.30829 5.31224 5.31664 5.3215 5.32682 5.33259 5.3388 5.34545 5.35252 5.36002 5.36791 5.37618 5.38481 5.39377 5.40304 5.41258 5.42236 5.43234 5.44247 5.45272 5.46304 5.47339 5.4837 5.49394 5.50404 5.51396 5.52365 5.53305 5.54211 5.55079 5.55903 5.56679 5.57402 5.58069 5.58675 5.59217 5.59692 5.60097 5.6043 5.60689 5.60872 5.60979 5.61008 5.6096 5.60835 5.60634 5.60357 5.60007 5.59586 5.59096 5.58541 5.57922 5.57245 5.56513 5.5573 5.54901 5.54031 5.53124 5.52185 5.51221 5.50235 5.49233 5.48221 5.47203 5.46185 5.45171 5.44166 5.43175 5.42201 5.41249 5.40323 5.39424 5.38558 5.37726 5.3693 5.36173 5.35457 5.34782 5.34151 5.33563 5.33019 5.32521 5.32067 5.31659 5.31296 5.30978 5.30705 5.30477 5.30293 5.30154 5.30059 5.30008 
5.29499 5.29538 5.29624 5.29756 5.29937 5.30164 5.3044 5.30763 5.31135 5.31555 5.32023 5.3254 5.33105 5.33717 5.34377 5.35083 5.35834 5.36629 5.37466 5.38343 5.39258 5.40207 5.41189 5.42199 5.43234 5.44289 5.45361 5.46444 5.47535 5.48627 5.49715 5.50795 5.51861 5.52907 5.53928 5.54919 5.55873 5.56787 5.57654 5.58471 5.59232 5.59933 5.6057 5.6114 5.61639 5.62065 5.62414 5.62686 5.62878 5.6299 5.63021 5.6297 5.62838 5.62626 5.62335 5.61967 5.61524 5.61009 5.60424 5.59773 5.5906 5.58289 5.57464 5.56591 5.55674 5.54717 5.53728 5.5271 5.5167 5.50613 5.49544 5.48468 5.47392 5.4632 5.45257 5.44208 5.43178 5.4217 5.41188 5.40236 5.39317 5.38434 5.3759 5.36786 5.36025 5.35308 5.34637 5.34011 5.33433 5.32902 5.32419 5.31984 5.31597 5.31258 5.30967 5.30723 5.30527 5.30377 5.30275 5.3022 
5.29715 5.29756 5.29846 5.29987 5.30178 5.30419 5.30711 5.31054 5.31448 5.31893 5.3239 5.32937 5.33536 5.34185 5.34884 5.35631 5.36427 5.37268 5.38154 5.39081 5.40048 5.41052 5.42089 5.43155 5.44247 5.45361 5.46491 5.47633 5.48782 5.49933 5.51079 5.52216 5.53337 5.54437 5.55511 5.56552 5.57555 5.58514 5.59425 5.60282 5.6108 5.61816 5.62484 5.63081 5.63605 5.64051 5.64417 5.64702 5.64904 5.6502 5.65052 5.64999 5.6486 5.64638 5.64332 5.63946 5.63481 5.6294 5.62326 5.61643 5.60894 5.60084 5.59218 5.583 5.57335 5.5633 5.55289 5.54218 5.53123 5.5201 5.50884 5.49751 5.48617 5.47486 5.46365 5.45258 5.44169 5.43105 5.42067 5.41061 5.40089 5.39155 5.38261 5.3741 5.36604 5.35844 5.35132 5.34469 5.33855 5.33292 5.32779 5.32316 5.31905 5.31544 5.31234 5.30975 5.30765 5.30606 5.30497 5.30438 
5.29935 5.29978 5.30073 5.30222 5.30423 5.30678 5.30987 5.3135 5.31767 5.32237 5.32763 5.33342 5.33974 5.3466 5.35399 5.36189 5.37028 5.37916 5.38851 5.39829 5.40849 5.41907 5.42999 5.44123 5.45272 5.46444 5.47633 5.48834 5.50042 5.51251 5.52455 5.53648 5.54825 5.55979 5.57105 5.58196 5.59247 5.60252 5.61206 5.62104 5.62939 5.63709 5.64408 5.65033 5.65581 5.66047 5.6643 5.66728 5.66938 5.6706 5.67093 5.67037 5.66892 5.66659 5.6634 5.65935 5.65448 5.64882 5.64239 5.63523 5.62739 5.6189 5.60983 5.6002 5.59009 5.57955 5.56862 5.55739 5.54589 5.5342 5.52236 5.51046 5.49853 5.48664 5.47484 5.46318 5.45172 5.4405 5.42957 5.41896 5.40871 5.39885 5.38942 5.38043 5.37191 5.36388 5.35635 5.34933 5.34284 5.33687 5.33144 5.32654 5.32218 5.31835 5.31506 5.31231 5.31009 5.30839 5.30723 5.3066 
5.30159 5.30203 5.30304 5.3046 5.30672 5.30941 5.31267 5.3165 5.3209 5.32586 5.3314 5.33751 5.34418 5.35141 5.3592 5.36752 5.37636 5.38571 5.39555 5.40584 5.41657 5.42769 5.43917 5.45097 5.46304 5.47535 5.48782 5.50042 5.51308 5.52575 5.53836 5.55086 5.56318 5.57526 5.58704 5.59845 5.60944 5.61995 5.62991 5.63928 5.64801 5.65605 5.66335 5.66987 5.67558 5.68045 5.68444 5.68755 5.68974 5.69101 5.69135 5.69076 5.68925 5.68682 5.68348 5.67925 5.67417 5.66825 5.66154 5.65406 5.64587 5.637 5.62751 5.61745 5.60687 5.59584 5.58441 5.57264 5.5606 5.54835 5.53595 5.52347 5.51095 5.49848 5.48609 5.47386 5.46182 5.45003 5.43853 5.42737 5.41659 5.40622 5.39628 5.38682 5.37784 5.36937 5.36143 5.35403 5.34717 5.34087 5.33513 5.32996 5.32535 5.3213 5.31782 5.31491 5.31255 5.31076 5.30952 5.30885 
5.30385 5.30431 5.30536 5.30701 5.30924 5.31207 5.3155 5.31953 5.32415 5.32938 5.33521 5.34163 5.34865 5.35626 5.36444 5.37318 5.38247 5.39229 5.40262 5.41342 5.42467 5.43634 5.44837 5.46074 5.47339 5.48627 5.49933 5.51251 5.52575 5.53899 5.55218 5.56523 5.5781 5.59071 5.603 5.61491 5.62637 5.63732 5.64771 5.65748 5.66657 5.67494 5.68254 5.68933 5.69528 5.70034 5.7045 5.70773 5.71001 5.71133 5.71168 5.71107 5.70949 5.70696 5.70348 5.69908 5.69379 5.68762 5.68062 5.67283 5.66429 5.65505 5.64515 5.63465 5.62362 5.6121 5.60017 5.58788 5.5753 5.5625 5.54953 5.53648 5.52339 5.51033 5.49736 5.48455 5.47193 5.45958 5.44752 5.43582 5.4245 5.41361 5.40318 5.39323 5.38379 5.37489 5.36654 5.35875 5.35153 5.3449 5.33886 5.3334 5.32854 5.32428 5.32061 5.31753 5.31504 5.31315 5.31184 5.31112 
5.30612 5.3066 5.3077 5.30943 5.31177 5.31474 5.31834 5.32257 5.32743 5.33291 5.33903 5.34577 5.35313 5.36111 5.36968 5.37885 5.38859 5.39887 5.40969 5.421 5.43277 5.44497 5.45756 5.47048 5.4837 5.49715 5.51079 5.52455 5.53836 5.55218 5.56592 5.57953 5.59293 5.60607 5.61886 5.63126 5.64318 5.65457 5.66538 5.67553 5.68498 5.69368 5.70158 5.70863 5.7148 5.72006 5.72438 5.72773 5.7301 5.73147 5.73183 5.73119 5.72955 5.72692 5.72331 5.71874 5.71323 5.70683 5.69956 5.69146 5.68257 5.67296 5.66266 5.65174 5.64025 5.62826 5.61583 5.60303 5.58992 5.57657 5.56305 5.54943 5.53577 5.52214 5.5086 5.4952 5.48202 5.4691 5.45649 5.44424 5.4324 5.42099 5.41006 5.39964 5.38975 5.38042 5.37165 5.36348 5.3559 5.34894 5.34259 5.33686 5.33175 5.32726 5.3234 5.32016 5.31754 5.31555 5.31417 5.31341 
5.3084 5.3089 5.31005 5.31185 5.3143 5.31741 5.32118 5.32561 5.3307 5.33644 5.34284 5.3499 5.3576 5.36594 5.37491 5.3845 5.39467 5.40542 5.41672 5.42853 5.44082 5.45355 5.46668 5.48016 5.49394 5.50795 5.52216 5.53648 5.55086 5.56523 5.57953 5.59368 5.60761 5.62126 5.63455 5.64742 5.65979 5.67162 5.68283 5.69336 5.70316 5.71218 5.72036 5.72767 5.73407 5.73952 5.74399 5.74746 5.74991 5.75133 5.75171 5.75104 5.74934 5.74661 5.74287 5.73813 5.73243 5.72578 5.71824 5.70984 5.70063 5.69065 5.67996 5.66862 5.65669 5.64424 5.63132 5.61802 5.60439 5.5905 5.57644 5.56226 5.54804 5.53384 5.51973 5.50578 5.49203 5.47855 5.4654 5.45262 5.44025 5.42833 5.41691 5.40602 5.39568 5.38591 5.37675 5.36819 5.36026 5.35296 5.34631 5.3403 5.33495 5.33024 5.32619 5.32279 5.32004 5.31795 5.3165 5.3157 
5.31066 5.31118 5.31238 5.31426 5.31682 5.32007 5.32401 5.32863 5.33394 5.33994 5.34663 5.35399 5.36203 5.37074 5.3801 5.39009 5.4007 5.41191 5.42368 5.43598 5.44878 5.46203 5.4757 5.48972 5.50404 5.51861 5.53337 5.54825 5.56318 5.5781 5.59293 5.60761 5.62206 5.6362 5.64998 5.66331 5.67613 5.68837 5.69997 5.71087 5.72101 5.73034 5.73881 5.74637 5.75298 5.75861 5.76324 5.76682 5.76935 5.77082 5.77121 5.77052 5.76876 5.76594 5.76207 5.75717 5.75127 5.7444 5.73659 5.7279 5.71836 5.70803 5.69697 5.68522 5.67286 5.65996 5.64657 5.63277 5.61863 5.60423 5.58963 5.57491 5.56014 5.54539 5.53072 5.51621 5.50191 5.48789 5.4742 5.46089 5.44801 5.43559 5.42369 5.41233 5.40155 5.39136 5.38179 5.37286 5.36458 5.35696 5.35 5.34373 5.33813 5.33321 5.32897 5.32541 5.32253 5.32033 5.31882 5.31798 
5.3129 5.31344 5.31469 5.31664 5.31932 5.3227 5.3268 5.33162 5.33715 5.3434 5.35037 5.35804 5.36641 5.37547 5.38521 5.39561 5.40664 5.41829 5.43053 5.44331 5.45661 5.47037 5.48455 5.4991 5.51396 5.52907 5.54437 5.55979 5.57526 5.59071 5.60607 5.62126 5.6362 5.65083 5.66508 5.67886 5.69211 5.70475 5.71674 5.72799 5.73846 5.74809 5.75683 5.76463 5.77145 5.77726 5.78203 5.78573 5.78834 5.78985 5.79025 5.78954 5.78773 5.78481 5.78082 5.77576 5.76967 5.76258 5.75453 5.74555 5.7357 5.72503 5.7136 5.70146 5.68869 5.67534 5.66149 5.64722 5.63258 5.61767 5.60255 5.58731 5.572 5.55671 5.5415 5.52645 5.51162 5.49706 5.48285 5.46902 5.45564 5.44274 5.43036 5.41855 5.40733 5.39672 5.38676 5.37746 5.36883 5.36089 5.35365 5.3471 5.34126 5.33613 5.33171 5.328 5.32499 5.3227 5.32111 5.32023 
5.31511 5.31566 5.31696 5.31899 5.32177 5.32529 5.32955 5.33456 5.34031 5.3468 5.35404 5.36201 5.3707 5.38011 5.39022 5.40101 5.41246 5.42455 5.43723 5.45048 5.46426 5.47852 5.49321 5.50827 5.52365 5.53928 5.55511 5.57105 5.58704 5.603 5.61886 5.63455 5.64998 5.66508 5.67977 5.69398 5.70764 5.72068 5.73303 5.74463 5.75541 5.76533 5.77433 5.78236 5.78938 5.79536 5.80027 5.80408 5.80677 5.80832 5.80873 5.808 5.80614 5.80314 5.79902 5.79382 5.78755 5.78024 5.77195 5.7627 5.75255 5.74155 5.72977 5.71725 5.70408 5.69031 5.67602 5.66128 5.64617 5.63077 5.61515 5.59939 5.58357 5.56775 5.55202 5.53645 5.52109 5.50602 5.49129 5.47697 5.4631 5.44972 5.43689 5.42463 5.41299 5.40198 5.39163 5.38197 5.37301 5.36476 5.35722 5.35042 5.34435 5.33901 5.33441 5.33054 5.32741 5.32502 5.32337 5.32245 
5.31726 5.31784 5.31918 5.32129 5.32417 5.32781 5.33223 5.33742 5.34339 5.35012 5.35762 5.36587 5.37488 5.38463 5.3951 5.40627 5.41812 5.43063 5.44375 5.45746 5.4717 5.48644 5.50161 5.51717 5.53305 5.54919 5.56552 5.58196 5.59845 5.61491 5.63126 5.64742 5.66331 5.67886 5.69398 5.70861 5.72267 5.73608 5.74878 5.7607 5.77179 5.78198 5.79123 5.79948 5.8067 5.81284 5.81788 5.82179 5.82455 5.82615 5.82658 5.82583 5.82391 5.82083 5.8166 5.81125 5.80481 5.7973 5.78877 5.77927 5.76883 5.75752 5.7454 5.73252 5.71896 5.70479 5.69007 5.67489 5.65933 5.64346 5.62735 5.6111 5.59478 5.57846 5.56223 5.54615 5.53029 5.51472 5.4995 5.48469 5.47034 5.45651 5.44323 5.43055 5.41849 5.40709 5.39638 5.38637 5.37708 5.36852 5.36071 5.35365 5.34735 5.34181 5.33704 5.33303 5.32978 5.32729 5.32557 5.32462 
5.31936 5.31995 5.32134 5.32352 5.32649 5.33027 5.33484 5.34021 5.34637 5.35334 5.36109 5.36962 5.37893 5.389 5.39982 5.41136 5.4236 5.43651 5.45005 5.46419 5.47888 5.49408 5.50972 5.52575 5.54211 5.55873 5.57555 5.59247 5.60944 5.62637 5.64318 5.65979 5.67613 5.69211 5.70764 5.72267 5.7371 5.75087 5.7639 5.77614 5.78751 5.79796 5.80745 5.81591 5.82331 5.82961 5.83478 5.83878 5.84161 5.84325 5.84369 5.84292 5.84095 5.83779 5.83346 5.82798 5.82137 5.81367 5.80492 5.79517 5.78446 5.77286 5.76041 5.74719 5.73326 5.7187 5.70358 5.68798 5.67198 5.65566 5.6391 5.62238 5.60558 5.58878 5.57206 5.55549 5.53915 5.5231 5.50741 5.49214 5.47734 5.46307 5.44936 5.43626 5.42381 5.41204 5.40097 5.39062 5.38102 5.37217 5.36409 5.35679 5.35027 5.34454 5.33959 5.33544 5.33207 5.3295 5.32772 5.32673 
5.32138 5.32199 5.32342 5.32567 5.32874 5.33263 5.33735 5.34289 5.34925 5.35643 5.36443 5.37323 5.38283 5.39321 5.40436 5.41625 5.42885 5.44215 5.45609 5.47065 5.48577 5.5014 5.51749 5.53397 5.55079 5.56787 5.58514 5.60252 5.61995 5.63732 5.65457 5.67162 5.68837 5.70475 5.72068 5.73608 5.75087 5.76497 5.77832 5.79085 5.8025 5.8132 5.8229 5.83156 5.83914 5.84558 5.85087 5.85497 5.85786 5.85954 5.85998 5.8592 5.85719 5.85396 5.84952 5.84391 5.83715 5.82927 5.82032 5.81033 5.79937 5.78748 5.77473 5.76118 5.74691 5.73199 5.71648 5.70049 5.68407 5.66732 5.65032 5.63315 5.6159 5.59865 5.58147 5.56444 5.54764 5.53114 5.515 5.49928 5.48405 5.46935 5.45524 5.44175 5.42892 5.41679 5.40537 5.39471 5.3848 5.37568 5.36734 5.35981 5.35308 5.34716 5.34205 5.33776 5.33429 5.33163 5.32978 5.32876 
5.32332 5.32394 5.32541 5.32773 5.33089 5.33489 5.33975 5.34545 5.352 5.35939 5.36762 5.37667 5.38654 5.39722 5.40868 5.4209 5.43386 5.44752 5.46184 5.47679 5.49231 5.50836 5.52487 5.54178 5.55903 5.57654 5.59425 5.61206 5.62991 5.64771 5.66538 5.68283 5.69997 5.71674 5.73303 5.74878 5.7639 5.77832 5.79197 5.80477 5.81667 5.82761 5.83752 5.84637 5.8541 5.86068 5.86608 5.87027 5.87323 5.87494 5.87539 5.87459 5.87254 5.86924 5.86471 5.85898 5.85208 5.84403 5.83488 5.82468 5.81347 5.80132 5.78829 5.77443 5.75984 5.74457 5.72871 5.71233 5.69553 5.67838 5.66096 5.64338 5.6257 5.60801 5.5904 5.57293 5.5557 5.53877 5.5222 5.50607 5.49043 5.47533 5.46083 5.44697 5.43378 5.42131 5.40957 5.3986 5.38841 5.37902 5.37044 5.36268 5.35576 5.34966 5.3444 5.33998 5.3364 5.33366 5.33176 5.3307 
5.32515 5.32579 5.3273 5.32968 5.33292 5.33704 5.34202 5.34788 5.3546 5.36219 5.37063 5.37992 5.39006 5.40101 5.41276 5.4253 5.43858 5.45259 5.46727 5.48258 5.49848 5.51492 5.53182 5.54914 5.56679 5.58471 5.60282 5.62104 5.63928 5.65748 5.67553 5.69336 5.71087 5.72799 5.74463 5.7607 5.77614 5.79085 5.80477 5.81783 5.82997 5.84112 5.85123 5.86025 5.86813 5.87484 5.88034 5.88461 5.88763 5.88937 5.88984 5.88902 5.88693 5.88356 5.87895 5.87311 5.86607 5.85787 5.84854 5.83814 5.82671 5.81431 5.80101 5.78687 5.77197 5.75638 5.74019 5.72346 5.70629 5.68877 5.67097 5.65299 5.63491 5.61682 5.5988 5.58093 5.56329 5.54595 5.52899 5.51247 5.49644 5.48097 5.46611 5.4519 5.43837 5.42558 5.41354 5.40228 5.39182 5.38218 5.37337 5.36541 5.35829 5.35203 5.34663 5.34209 5.33841 5.33559 5.33364 5.33255 
5.32688 5.32753 5.32908 5.33151 5.33483 5.33905 5.34416 5.35015 5.35704 5.36481 5.37346 5.38297 5.39334 5.40455 5.41658 5.42941 5.443 5.45732 5.47233 5.48799 5.50425 5.52104 5.53831 5.55599 5.57402 5.59232 5.6108 5.62939 5.64801 5.66657 5.68498 5.70316 5.72101 5.73846 5.75541 5.77179 5.78751 5.8025 5.81667 5.82997 5.84232 5.85367 5.86396 5.87314 5.88116 5.88799 5.89359 5.89793 5.901 5.90277 5.90324 5.90242 5.90029 5.89687 5.89218 5.88623 5.87907 5.87072 5.86123 5.85064 5.839 5.82638 5.81283 5.79844 5.78326 5.76737 5.75086 5.73381 5.71631 5.69844 5.68028 5.66194 5.64349 5.62503 5.60663 5.58838 5.57037 5.55266 5.53532 5.51844 5.50205 5.48624 5.47104 5.4565 5.44266 5.42957 5.41725 5.40572 5.39501 5.38514 5.37612 5.36796 5.36067 5.35425 5.34872 5.34406 5.34029 5.3374 5.3354 5.33428 
5.32848 5.32915 5.33072 5.33321 5.33661 5.34092 5.34614 5.35226 5.3593 5.36724 5.37607 5.38579 5.39638 5.40783 5.42011 5.43321 5.44708 5.46169 5.47701 5.49298 5.50956 5.52668 5.54429 5.56232 5.58069 5.59933 5.61816 5.63709 5.65605 5.67494 5.69368 5.71218 5.73034 5.74809 5.76533 5.78198 5.79796 5.8132 5.82761 5.84112 5.85367 5.8652 5.87565 5.88498 5.89313 5.90006 5.90575 5.91016 5.91327 5.91508 5.91556 5.91472 5.91255 5.90908 5.90432 5.89829 5.89101 5.88253 5.87288 5.86212 5.8503 5.83747 5.8237 5.80906 5.79363 5.77748 5.76068 5.74334 5.72553 5.70734 5.68886 5.67018 5.6514 5.63259 5.61385 5.59525 5.57689 5.55884 5.54116 5.52394 5.50723 5.4911 5.47558 5.46075 5.44663 5.43326 5.42067 5.4089 5.39796 5.38788 5.37866 5.37032 5.36287 5.35631 5.35065 5.34589 5.34204 5.33908 5.33703 5.33589 
5.32994 5.33062 5.33223 5.33477 5.33823 5.34262 5.34795 5.35419 5.36137 5.36946 5.37846 5.38837 5.39916 5.41082 5.42334 5.43667 5.4508 5.46568 5.48127 5.49753 5.5144 5.53182 5.54973 5.56807 5.58675 5.6057 5.62484 5.64408 5.66335 5.68254 5.70158 5.72036 5.73881 5.75683 5.77433 5.79123 5.80745 5.8229 5.83752 5.85123 5.86396 5.87565 5.88625 5.89571 5.90397 5.911 5.91677 5.92124 5.9244 5.92622 5.92671 5.92586 5.92367 5.92015 5.91532 5.90921 5.90183 5.89323 5.88345 5.87254 5.86054 5.84753 5.83356 5.81871 5.80304 5.78664 5.76959 5.75198 5.73389 5.71542 5.69664 5.67767 5.65857 5.63946 5.6204 5.6015 5.58282 5.56446 5.54648 5.52895 5.51195 5.49552 5.47973 5.46462 5.45024 5.43662 5.4238 5.4118 5.40066 5.39038 5.38098 5.37248 5.36488 5.3582 5.35242 5.34757 5.34363 5.34062 5.33853 5.33736 
5.33126 5.33196 5.33359 5.33617 5.3397 5.34416 5.34958 5.35593 5.36322 5.37145 5.38061 5.39068 5.40165 5.41351 5.42623 5.43978 5.45413 5.46925 5.48509 5.5016 5.51873 5.53642 5.5546 5.57321 5.59217 5.6114 5.63081 5.65033 5.66987 5.68933 5.70863 5.72767 5.74637 5.76463 5.78236 5.79948 5.81591 5.83156 5.84637 5.86025 5.87314 5.88498 5.89571 5.90528 5.91364 5.92076 5.92659 5.93112 5.93431 5.93617 5.93666 5.9358 5.93358 5.93002 5.92514 5.91895 5.91148 5.90278 5.89288 5.88183 5.86968 5.8565 5.84236 5.82731 5.81144 5.79483 5.77755 5.7597 5.74137 5.72263 5.7036 5.68436 5.66499 5.6456 5.62626 5.60708 5.58813 5.56949 5.55123 5.53344 5.51617 5.49948 5.48344 5.46809 5.45347 5.43963 5.4266 5.41441 5.40308 5.39262 5.38307 5.37442 5.36669 5.35989 5.35402 5.34908 5.34507 5.34201 5.33988 5.33869 
5.33243 5.33313 5.33479 5.33741 5.34099 5.34552 5.35101 5.35746 5.36486 5.37321 5.3825 5.39272 5.40385 5.41587 5.42877 5.44251 5.45706 5.47239 5.48844 5.50517 5.52253 5.54045 5.55887 5.57772 5.59692 5.61639 5.63605 5.65581 5.67558 5.69528 5.7148 5.73407 5.75298 5.77145 5.78938 5.8067 5.82331 5.83914 5.8541 5.86813 5.88116 5.89313 5.90397 5.91364 5.92209 5.92928 5.93518 5.93975 5.94298 5.94485 5.94535 5.94448 5.94225 5.93865 5.93371 5.92746 5.91991 5.91112 5.90111 5.88994 5.87767 5.86435 5.85004 5.83483 5.81878 5.80198 5.78451 5.76645 5.7479 5.72895 5.70969 5.69021 5.67061 5.65097 5.6314 5.61197 5.59278 5.57389 5.5554 5.53737 5.51987 5.50296 5.4867 5.47113 5.45632 5.44228 5.42907 5.4167 5.4052 5.3946 5.38491 5.37613 5.36829 5.36139 5.35542 5.35041 5.34635 5.34323 5.34107 5.33986 
5.33344 5.33415 5.33583 5.33848 5.3421 5.34669 5.35225 5.35878 5.36627 5.37472 5.38412 5.39446 5.40572 5.41789 5.43094 5.44484 5.45956 5.47507 5.4913 5.50822 5.52578 5.5439 5.56252 5.58157 5.60097 5.62065 5.64051 5.66047 5.68045 5.70034 5.72006 5.73952 5.75861 5.77726 5.79536 5.81284 5.82961 5.84558 5.86068 5.87484 5.88799 5.90006 5.911 5.92076 5.92928 5.93653 5.94248 5.9471 5.95036 5.95224 5.95275 5.95187 5.94962 5.94599 5.94101 5.9347 5.92709 5.91822 5.90812 5.89685 5.88447 5.87102 5.85659 5.84124 5.82504 5.80807 5.79043 5.7722 5.75347 5.73433 5.71487 5.6952 5.67539 5.65556 5.63578 5.61614 5.59674 5.57765 5.55896 5.54072 5.52303 5.50593 5.48948 5.47374 5.45875 5.44455 5.43118 5.41866 5.40703 5.39629 5.38648 5.3776 5.36966 5.36267 5.35663 5.35156 5.34744 5.34429 5.3421 5.34087 
5.33428 5.33499 5.33669 5.33937 5.34302 5.34766 5.35328 5.35987 5.36744 5.37597 5.38546 5.3959 5.40728 5.41956 5.43274 5.44677 5.46163 5.47727 5.49366 5.51074 5.52845 5.54673 5.56551 5.58473 5.6043 5.62414 5.64417 5.6643 5.68444 5.7045 5.72438 5.74399 5.76324 5.78203 5.80027 5.81788 5.83478 5.85087 5.86608 5.88034 5.89359 5.90575 5.91677 5.92659 5.93518 5.94248 5.94847 5.95312 5.9564 5.9583 5.95881 5.95793 5.95566 5.95201 5.94699 5.94064 5.93297 5.92404 5.91387 5.90252 5.89004 5.8765 5.86196 5.84649 5.83016 5.81307 5.79529 5.77692 5.75804 5.73874 5.71913 5.69929 5.67932 5.65932 5.63937 5.61957 5.6 5.58074 5.56188 5.54349 5.52563 5.50837 5.49177 5.47588 5.46075 5.44642 5.43292 5.42028 5.40853 5.39769 5.38778 5.37881 5.37079 5.36373 5.35764 5.35251 5.34835 5.34516 5.34295 5.34172 
5.33494 5.33566 5.33737 5.34007 5.34375 5.34843 5.35409 5.36073 5.36835 5.37695 5.38652 5.39704 5.40849 5.42087 5.43414 5.44828 5.46324 5.479 5.4955 5.51269 5.53053 5.54893 5.56784 5.58719 5.60689 5.62686 5.64702 5.66728 5.68755 5.70773 5.72773 5.74746 5.76682 5.78573 5.80408 5.82179 5.83878 5.85497 5.87027 5.88461 5.89793 5.91016 5.92124 5.93112 5.93975 5.9471 5.95312 5.95779 5.96109 5.963 5.96352 5.96263 5.96035 5.95667 5.95163 5.94524 5.93754 5.92855 5.91833 5.90691 5.89437 5.88075 5.86612 5.85056 5.83414 5.81695 5.79907 5.78058 5.76158 5.74217 5.72243 5.70247 5.68237 5.66224 5.64216 5.62223 5.60253 5.58314 5.56415 5.54563 5.52765 5.51027 5.49356 5.47756 5.46231 5.44788 5.43428 5.42155 5.40971 5.39879 5.38881 5.37977 5.37169 5.36457 5.35843 5.35326 5.34907 5.34586 5.34363 5.34238 
5.33542 5.33615 5.33787 5.34058 5.34428 5.34898 5.35467 5.36135 5.36902 5.37766 5.38728 5.39785 5.40937 5.42181 5.43514 5.44935 5.46439 5.48022 5.49681 5.51409 5.532 5.5505 5.5695 5.58893 5.60872 5.62878 5.64904 5.66938 5.68974 5.71001 5.7301 5.74991 5.76935 5.78834 5.80677 5.82455 5.84161 5.85786 5.87323 5.88763 5.901 5.91327 5.9244 5.93431 5.94298 5.95036 5.9564 5.96109 5.96441 5.96632 5.96684 5.96595 5.96366 5.95997 5.95491 5.9485 5.94076 5.93174 5.92147 5.91002 5.89742 5.88374 5.86906 5.85343 5.83695 5.81968 5.80173 5.78316 5.76408 5.74459 5.72476 5.70471 5.68453 5.66431 5.64414 5.62411 5.60432 5.58485 5.56577 5.54716 5.52909 5.51163 5.49483 5.47875 5.46343 5.44892 5.43525 5.42245 5.41056 5.39958 5.38954 5.38046 5.37233 5.36518 5.359 5.3538 5.34959 5.34636 5.34412 5.34287 
5.33572 5.33645 5.33818 5.3409 5.34461 5.34932 5.35503 5.36173 5.36942 5.37809 5.38773 5.39834 5.40989 5.42236 5.43574 5.44999 5.46507 5.48095 5.49758 5.5149 5.53287 5.55141 5.57046 5.58995 5.60979 5.6299 5.6502 5.6706 5.69101 5.71133 5.73147 5.75133 5.77082 5.78985 5.80832 5.82615 5.84325 5.85954 5.87494 5.88937 5.90277 5.91508 5.92622 5.93617 5.94485 5.95224 5.9583 5.963 5.96632 5.96825 5.96876 5.96787 5.96557 5.96188 5.95681 5.95038 5.94262 5.93358 5.92329 5.91181 5.89918 5.88548 5.87076 5.85509 5.83857 5.82126 5.80326 5.78465 5.76553 5.74598 5.72611 5.70601 5.68578 5.6655 5.64528 5.6252 5.60536 5.58583 5.5667 5.54805 5.52993 5.51242 5.49557 5.47945 5.46409 5.44953 5.43583 5.42299 5.41106 5.40005 5.38999 5.38087 5.37272 5.36555 5.35935 5.35414 5.34991 5.34667 5.34443 5.34317 
