5.08215 5.08233 5.08259 5.08291 5.08331 5.08378 5.08432 5.08493 5.08562 5.08639 5.08723 5.08815 5.08915 5.09024 5.0914 5.09265 5.09399 5.09541 5.09691 5.0985 5.10016 5.10191 5.10373 5.10562 5.10757 5.10958 5.11165 5.11375 5.1159 5.11807 5.12025 5.12244 5.12462 5.12679 5.12892 5.13101 5.13304 5.135 5.13688 5.13866 5.14034 5.1419 5.14332 5.14461 5.14575 5.14674 5.14755 5.1482 5.14867 5.14897 5.14908 5.14902 5.14877 5.14835 5.14775 5.14698 5.14605 5.14496 5.14373 5.14236 5.14085 5.13924 5.13751 5.1357 5.1338 5.13184 5.12982 5.12776 5.12568 5.12358 5.12147 5.11937 5.1173 5.11525 5.11325 5.11129 5.10939 5.10756 5.1058 5.10412 5.10252 5.101 5.09958 5.09825 5.09701 5.09586 5.09481 5.09385 5.09298 5.09221 5.09153 5.09093 5.09042 5.09 5.08966 5.08939 5.08921 5.0891 5.08907 5.08911 
5.08233 5.08252 5.08277 5.0831 5.0835 5.08397 5.08451 5.08513 5.08582 5.08659 5.08744 5.08836 5.08937 5.09046 5.09164 5.0929 5.09424 5.09568 5.09719 5.09879 5.10047 5.10223 5.10406 5.10597 5.10794 5.10997 5.11205 5.11417 5.11634 5.11852 5.12073 5.12294 5.12514 5.12732 5.12947 5.13158 5.13363 5.13561 5.1375 5.1393 5.14099 5.14256 5.14401 5.14531 5.14646 5.14745 5.14827 5.14892 5.1494 5.1497 5.14981 5.14975 5.1495 5.14907 5.14847 5.14769 5.14675 5.14565 5.14441 5.14302 5.14151 5.13987 5.13814 5.1363 5.13439 5.13241 5.13037 5.1283 5.12619 5.12407 5.12195 5.11983 5.11774 5.11567 5.11365 5.11168 5.10976 5.10791 5.10614 5.10444 5.10282 5.1013 5.09986 5.09851 5.09726 5.09611 5.09505 5.09408 5.09321 5.09243 5.09174 5.09114 5.09062 5.0902 5.08985 5.08958 5.0894 5.08929 5.08925 5.08929 
5.08259 5.08277 5.08303 5.08336 5.08376 5.08424 5.08479 5.08542 5.08613 5.08691 5.08778 5.08872 5.08975 5.09087 5.09207 5.09336 5.09473 5.09619 5.09774 5.09938 5.1011 5.1029 5.10477 5.10672 5.10874 5.11081 5.11294 5.11512 5.11733 5.11957 5.12182 5.12408 5.12633 5.12856 5.13076 5.13292 5.13501 5.13704 5.13897 5.14081 5.14254 5.14415 5.14562 5.14695 5.14812 5.14913 5.14998 5.15064 5.15113 5.15143 5.15155 5.15148 5.15122 5.15079 5.15017 5.14937 5.14841 5.14729 5.14601 5.1446 5.14305 5.14138 5.1396 5.13772 5.13577 5.13374 5.13166 5.12953 5.12738 5.12521 5.12303 5.12087 5.11872 5.11661 5.11454 5.11252 5.11056 5.10867 5.10685 5.10511 5.10345 5.10189 5.10042 5.09904 5.09776 5.09657 5.09548 5.09449 5.09359 5.09279 5.09208 5.09147 5.09094 5.09049 5.09014 5.08986 5.08967 5.08955 5.08951 5.08955 
5.08291 5.0831 5.08336 5.0837 5.08411 5.0846 5.08517 5.08582 5.08655 5.08736 5.08825 5.08923 5.09029 5.09145 5.09269 5.09403 5.09545 5.09697 5.09858 5.10027 5.10205 5.10392 5.10586 5.10788 5.10997 5.11212 5.11433 5.11659 5.11888 5.1212 5.12354 5.12588 5.12821 5.13052 5.1328 5.13503 5.1372 5.13929 5.1413 5.1432 5.14499 5.14665 5.14817 5.14954 5.15076 5.1518 5.15267 5.15336 5.15386 5.15418 5.15429 5.15422 5.15395 5.1535 5.15286 5.15203 5.15104 5.14987 5.14855 5.14708 5.14548 5.14375 5.1419 5.13996 5.13793 5.13583 5.13367 5.13147 5.12924 5.12698 5.12473 5.12248 5.12026 5.11807 5.11592 5.11382 5.11179 5.10982 5.10793 5.10613 5.10441 5.10278 5.10125 5.09981 5.09848 5.09724 5.09611 5.09508 5.09414 5.0933 5.09256 5.09191 5.09136 5.09089 5.09052 5.09023 5.09002 5.08989 5.08984 5.08987 
5.08331 5.0835 5.08376 5.08411 5.08454 5.08505 5.08564 5.08631 5.08707 5.08792 5.08886 5.08988 5.091 5.09221 5.09351 5.09491 5.09641 5.098 5.09968 5.10146 5.10333 5.10529 5.10733 5.10945 5.11165 5.1139 5.11622 5.11859 5.12099 5.12342 5.12587 5.12832 5.13077 5.13319 5.13558 5.13791 5.14018 5.14237 5.14447 5.14646 5.14833 5.15007 5.15166 5.15309 5.15436 5.15545 5.15636 5.15708 5.1576 5.15793 5.15805 5.15797 5.15769 5.15721 5.15653 5.15567 5.15462 5.1534 5.15202 5.15048 5.1488 5.14698 5.14505 5.14301 5.14089 5.13869 5.13642 5.13411 5.13177 5.12941 5.12704 5.12469 5.12235 5.12005 5.11779 5.11559 5.11345 5.11138 5.1094 5.10749 5.10569 5.10397 5.10236 5.10084 5.09944 5.09813 5.09693 5.09584 5.09485 5.09396 5.09318 5.09249 5.0919 5.0914 5.09099 5.09068 5.09045 5.09031 5.09025 5.09027 
5.08378 5.08397 5.08424 5.0846 5.08505 5.08558 5.0862 5.08691 5.08771 5.08861 5.0896 5.09068 5.09186 5.09315 5.09453 5.09601 5.0976 5.09929 5.10108 5.10296 5.10495 5.10702 5.10919 5.11144 5.11376 5.11616 5.11861 5.12112 5.12366 5.12624 5.12883 5.13143 5.13402 5.13658 5.1391 5.14157 5.14397 5.14628 5.1485 5.1506 5.15258 5.15441 5.15609 5.1576 5.15894 5.16009 5.16104 5.1618 5.16235 5.16269 5.16281 5.16272 5.16242 5.16191 5.1612 5.16029 5.15918 5.15789 5.15642 5.15479 5.15301 5.15109 5.14905 5.14689 5.14464 5.14231 5.13991 5.13746 5.13498 5.13248 5.12997 5.12747 5.125 5.12256 5.12016 5.11782 5.11555 5.11335 5.11124 5.10922 5.10729 5.10547 5.10375 5.10213 5.10063 5.09924 5.09796 5.09678 5.09572 5.09477 5.09392 5.09318 5.09254 5.092 5.09156 5.09122 5.09096 5.0908 5.09073 5.09075 
5.08432 5.08451 5.08479 5.08517 5.08564 5.0862 5.08686 5.08762 5.08847 5.08942 5.09047 5.09163 5.0929 5.09427 5.09575 5.09733 5.09903 5.10084 5.10275 5.10477 5.10689 5.10912 5.11143 5.11384 5.11632 5.11888 5.12151 5.12419 5.12691 5.12966 5.13242 5.13519 5.13795 5.14068 5.14337 5.146 5.14856 5.15103 5.15339 5.15562 5.15772 5.15967 5.16146 5.16306 5.16448 5.1657 5.16672 5.16752 5.1681 5.16846 5.16859 5.16849 5.16817 5.16762 5.16686 5.16588 5.1647 5.16332 5.16176 5.16002 5.15812 5.15607 5.15389 5.15159 5.14919 5.1467 5.14414 5.14153 5.13888 5.1362 5.13352 5.13085 5.1282 5.12559 5.12302 5.12052 5.11809 5.11573 5.11346 5.11129 5.10923 5.10727 5.10542 5.10368 5.10206 5.10056 5.09918 5.09791 5.09676 5.09573 5.09481 5.094 5.09331 5.09271 5.09223 5.09185 5.09156 5.09138 5.09129 5.09129 
5.08493 5.08513 5.08542 5.08582 5.08631 5.08691 5.08762 5.08842 5.08934 5.09036 5.09149 5.09274 5.0941 5.09557 5.09716 5.09887 5.1007 5.10265 5.10471 5.10689 5.10918 5.11157 5.11407 5.11666 5.11933 5.12209 5.12491 5.12779 5.13072 5.13367 5.13665 5.13962 5.14258 5.14551 5.1484 5.15122 5.15396 5.1566 5.15913 5.16153 5.16377 5.16586 5.16777 5.16949 5.171 5.17231 5.17339 5.17424 5.17486 5.17524 5.17537 5.17526 5.17491 5.17433 5.1735 5.17245 5.17118 5.16971 5.16803 5.16616 5.16412 5.16192 5.15958 5.15711 5.15453 5.15186 5.14911 5.1463 5.14345 5.14058 5.1377 5.13482 5.13197 5.12915 5.12639 5.12369 5.12106 5.11852 5.11608 5.11373 5.1115 5.10937 5.10737 5.10549 5.10373 5.1021 5.1006 5.09922 5.09797 5.09684 5.09583 5.09495 5.09418 5.09353 5.09299 5.09256 5.09224 5.09203 5.09192 5.09191 
5.08562 5.08582 5.08613 5.08655 5.08707 5.08771 5.08847 5.08934 5.09032 5.09142 5.09265 5.09399 5.09546 5.09706 5.09879 5.10064 5.10262 5.10473 5.10697 5.10932 5.1118 5.11439 5.1171 5.1199 5.12279 5.12577 5.12883 5.13194 5.1351 5.13829 5.1415 5.14471 5.14791 5.15107 5.15418 5.15722 5.16017 5.16301 5.16573 5.16831 5.17073 5.17297 5.17502 5.17686 5.17849 5.17989 5.18105 5.18196 5.18262 5.18302 5.18316 5.18304 5.18266 5.18203 5.18114 5.18001 5.17864 5.17704 5.17523 5.17322 5.17102 5.16865 5.16612 5.16346 5.16068 5.15779 5.15482 5.15179 5.14871 5.14561 5.14249 5.13938 5.1363 5.13325 5.13026 5.12733 5.12449 5.12173 5.11908 5.11653 5.1141 5.11179 5.10961 5.10756 5.10565 5.10387 5.10222 5.10071 5.09934 5.0981 5.097 5.09602 5.09518 5.09445 5.09385 5.09337 5.09301 5.09276 5.09263 5.09261 
5.08639 5.08659 5.08691 5.08736 5.08792 5.08861 5.08942 5.09036 5.09142 5.09262 5.09395 5.09541 5.09701 5.09874 5.10062 5.10263 5.10479 5.10708 5.10951 5.11208 5.11477 5.11759 5.12052 5.12357 5.12671 5.12995 5.13326 5.13663 5.14006 5.14352 5.147 5.15047 5.15393 5.15735 5.16071 5.164 5.16719 5.17026 5.17319 5.17597 5.17858 5.181 5.18321 5.18519 5.18695 5.18845 5.1897 5.19068 5.19139 5.19181 5.19196 5.19183 5.19141 5.19072 5.18976 5.18853 5.18705 5.18532 5.18336 5.18119 5.17881 5.17624 5.17351 5.17063 5.16762 5.1645 5.16128 5.158 5.15466 5.15129 5.14792 5.14454 5.14119 5.13789 5.13463 5.13145 5.12836 5.12536 5.12247 5.11969 5.11704 5.11452 5.11214 5.1099 5.1078 5.10585 5.10405 5.1024 5.10089 5.09953 5.09831 5.09723 5.09629 5.09549 5.09482 5.09428 5.09386 5.09358 5.09342 5.09338 
5.08723 5.08744 5.08778 5.08825 5.08886 5.0896 5.09047 5.09149 5.09265 5.09395 5.09539 5.09698 5.09872 5.10061 5.10266 5.10486 5.10721 5.10971 5.11235 5.11515 5.11808 5.12115 5.12435 5.12766 5.13109 5.1346 5.1382 5.14187 5.1456 5.14935 5.15313 5.1569 5.16065 5.16435 5.168 5.17156 5.17501 5.17833 5.18151 5.18451 5.18733 5.18994 5.19233 5.19447 5.19636 5.19799 5.19933 5.20038 5.20114 5.2016 5.20176 5.20161 5.20116 5.2004 5.19936 5.19803 5.19642 5.19455 5.19242 5.19007 5.18749 5.18471 5.18175 5.17862 5.17535 5.17197 5.16848 5.16491 5.16129 5.15764 5.15396 5.1503 5.14666 5.14306 5.13952 5.13605 5.13268 5.12941 5.12625 5.12322 5.12032 5.11757 5.11496 5.11251 5.11021 5.10807 5.10609 5.10427 5.10261 5.1011 5.09976 5.09856 5.09752 5.09663 5.09588 5.09527 5.09481 5.09448 5.09429 5.09423 
5.08815 5.08836 5.08872 5.08923 5.08988 5.09068 5.09163 5.09274 5.09399 5.09541 5.09698 5.09872 5.10062 5.10268 5.10491 5.10731 5.10988 5.11261 5.1155 5.11855 5.12175 5.12509 5.12858 5.13219 5.13592 5.13975 5.14367 5.14766 5.15171 5.15579 5.15989 5.16399 5.16806 5.17208 5.17603 5.17989 5.18363 5.18723 5.19067 5.19392 5.19697 5.19979 5.20237 5.20469 5.20673 5.20848 5.20993 5.21107 5.21189 5.21238 5.21254 5.21237 5.21188 5.21106 5.20992 5.20848 5.20674 5.2047 5.2024 5.19984 5.19705 5.19403 5.19082 5.18743 5.18388 5.1802 5.17642 5.17254 5.16861 5.16463 5.16064 5.15665 5.15268 5.14876 5.1449 5.14113 5.13745 5.13388 5.13043 5.12712 5.12395 5.12093 5.11808 5.11539 5.11287 5.11051 5.10834 5.10633 5.1045 5.10284 5.10135 5.10003 5.09888 5.09788 5.09704 5.09637 5.09584 5.09547 5.09524 5.09516 
5.08915 5.08937 5.08975 5.09029 5.091 5.09186 5.0929 5.0941 5.09546 5.09701 5.09872 5.10062 5.10269 5.10495 5.10738 5.11 5.1128 5.11578 5.11894 5.12227 5.12576 5.12941 5.13321 5.13715 5.14121 5.14538 5.14965 5.15399 5.1584 5.16283 5.16729 5.17174 5.17616 5.18052 5.18481 5.18899 5.19305 5.19695 5.20067 5.20419 5.20749 5.21054 5.21333 5.21584 5.21804 5.21993 5.2215 5.22272 5.2236 5.22413 5.2243 5.22411 5.22357 5.22268 5.22145 5.21988 5.21799 5.21578 5.21329 5.21051 5.20748 5.20421 5.20072 5.19704 5.19319 5.1892 5.18509 5.18088 5.1766 5.17228 5.16793 5.16359 5.15927 5.155 5.1508 5.14668 5.14266 5.13877 5.135 5.13138 5.12791 5.12461 5.12149 5.11854 5.11577 5.11319 5.1108 5.10859 5.10657 5.10474 5.1031 5.10163 5.10035 5.09925 5.09832 5.09756 5.09696 5.09654 5.09627 5.09617 
5.09024 5.09046 5.09087 5.09145 5.09221 5.09315 5.09427 5.09557 5.09706 5.09874 5.10061 5.10268 5.10495 5.10741 5.11007 5.11293 5.11599 5.11924 5.12269 5.12632 5.13013 5.13411 5.13825 5.14254 5.14696 5.1515 5.15614 5.16087 5.16565 5.17048 5.17532 5.18015 5.18494 5.18967 5.19432 5.19885 5.20324 5.20747 5.2115 5.21531 5.21887 5.22218 5.22519 5.22789 5.23027 5.23231 5.234 5.23532 5.23626 5.23683 5.23701 5.2368 5.23621 5.23525 5.23391 5.2322 5.23015 5.22777 5.22506 5.22205 5.21876 5.21522 5.21144 5.20745 5.20327 5.19894 5.19448 5.18991 5.18526 5.18056 5.17584 5.17112 5.16642 5.16177 5.15719 5.15271 5.14833 5.14407 5.13996 5.13601 5.13222 5.12861 5.12519 5.12196 5.11893 5.11609 5.11347 5.11104 5.10882 5.1068 5.10499 5.10337 5.10195 5.10073 5.09969 5.09884 5.09818 5.0977 5.09739 5.09727 
5.0914 5.09164 5.09207 5.09269 5.09351 5.09453 5.09575 5.09716 5.09879 5.10062 5.10266 5.10491 5.10738 5.11007 5.11297 5.11609 5.11943 5.12298 5.12673 5.13069 5.13484 5.13918 5.14368 5.14835 5.15316 5.1581 5.16315 5.16828 5.17347 5.17871 5.18396 5.1892 5.19439 5.19952 5.20455 5.20946 5.21421 5.21878 5.22313 5.22725 5.2311 5.23467 5.23792 5.24084 5.24341 5.24561 5.24742 5.24884 5.24986 5.25046 5.25065 5.25042 5.24978 5.24873 5.24728 5.24544 5.24322 5.24063 5.2377 5.23445 5.23089 5.22705 5.22296 5.21864 5.21411 5.20942 5.20458 5.19962 5.19458 5.18948 5.18435 5.17923 5.17412 5.16907 5.16409 5.1592 5.15443 5.1498 5.14532 5.141 5.13687 5.13293 5.12919 5.12565 5.12233 5.11923 5.11635 5.11369 5.11125 5.10903 5.10703 5.10525 5.10368 5.10232 5.10118 5.10023 5.09949 5.09895 5.0986 5.09845 
5.09265 5.0929 5.09336 5.09403 5.09491 5.09601 5.09733 5.09887 5.10064 5.10263 5.10486 5.10731 5.11 5.11293 5.11609 5.11949 5.12313 5.12699 5.13108 5.13538 5.1399 5.14462 5.14952 5.15459 5.15981 5.16518 5.17065 5.17622 5.18185 5.18752 5.19321 5.19888 5.2045 5.21005 5.21549 5.22079 5.22593 5.23086 5.23556 5.24 5.24416 5.248 5.25151 5.25465 5.25742 5.25978 5.26173 5.26326 5.26435 5.265 5.2652 5.26495 5.26425 5.26311 5.26154 5.25955 5.25715 5.25436 5.25119 5.24768 5.24383 5.23968 5.23525 5.23058 5.22569 5.22061 5.21537 5.21 5.20454 5.19902 5.19346 5.1879 5.18236 5.17688 5.17147 5.16616 5.16097 5.15594 5.15106 5.14636 5.14185 5.13756 5.13347 5.12961 5.12599 5.12259 5.11944 5.11652 5.11385 5.11142 5.10922 5.10726 5.10553 5.10404 5.10277 5.10172 5.10089 5.10029 5.09989 5.09971 
5.09399 5.09424 5.09473 5.09545 5.09641 5.0976 5.09903 5.1007 5.10262 5.10479 5.10721 5.10988 5.1128 5.11599 5.11943 5.12313 5.12708 5.13128 5.13572 5.1404 5.1453 5.15042 5.15574 5.16124 5.1669 5.17271 5.17864 5.18467 5.19077 5.1969 5.20305 5.20918 5.21525 5.22124 5.22711 5.23283 5.23836 5.24368 5.24875 5.25353 5.25801 5.26214 5.26591 5.26929 5.27227 5.27481 5.27691 5.27854 5.27971 5.2804 5.28061 5.28034 5.27958 5.27836 5.27666 5.27451 5.27192 5.26891 5.2655 5.26171 5.25756 5.25308 5.24831 5.24326 5.23798 5.23249 5.22683 5.22104 5.21514 5.20916 5.20315 5.19713 5.19113 5.18519 5.17932 5.17357 5.16794 5.16247 5.15717 5.15207 5.14717 5.14249 5.13805 5.13384 5.12988 5.12618 5.12274 5.11955 5.11663 5.11396 5.11156 5.10941 5.10751 5.10586 5.10446 5.10331 5.10239 5.10171 5.10127 5.10106 
5.09541 5.09568 5.09619 5.09697 5.098 5.09929 5.10084 5.10265 5.10473 5.10708 5.10971 5.11261 5.11578 5.11924 5.12298 5.12699 5.13128 5.13583 5.14065 5.14572 5.15104 5.15658 5.16234 5.16829 5.17442 5.1807 5.18711 5.19362 5.20021 5.20683 5.21346 5.22007 5.22661 5.23307 5.23939 5.24555 5.2515 5.25722 5.26266 5.26781 5.27261 5.27706 5.2811 5.28473 5.28792 5.29065 5.2929 5.29465 5.2959 5.29663 5.29685 5.29656 5.29574 5.29442 5.29259 5.29028 5.2875 5.28426 5.28058 5.2765 5.27204 5.26722 5.26208 5.25665 5.25096 5.24505 5.23895 5.2327 5.22633 5.21988 5.21339 5.20689 5.20041 5.19399 5.18765 5.18142 5.17533 5.1694 5.16366 5.15812 5.15281 5.14773 5.1429 5.13833 5.13402 5.12999 5.12624 5.12277 5.11958 5.11667 5.11404 5.11169 5.10961 5.1078 5.10627 5.10499 5.10398 5.10323 5.10274 5.1025 
5.09691 5.09719 5.09774 5.09858 5.09968 5.10108 5.10275 5.10471 5.10697 5.10951 5.11235 5.1155 5.11894 5.12269 5.12673 5.13108 5.13572 5.14065 5.14586 5.15135 5.1571 5.16309 5.16931 5.17574 5.18235 5.18913 5.19604 5.20306 5.21015 5.21728 5.22442 5.23152 5.23857 5.2455 5.25229 5.25891 5.2653 5.27143 5.27728 5.28279 5.28794 5.2927 5.29704 5.30092 5.30434 5.30725 5.30966 5.31153 5.31287 5.31365 5.31388 5.31356 5.31268 5.31126 5.3093 5.30681 5.30383 5.30035 5.29641 5.29203 5.28723 5.28206 5.27654 5.2707 5.26459 5.25824 5.25168 5.24495 5.2381 5.23116 5.22417 5.21717 5.21018 5.20325 5.19641 5.18969 5.18311 5.17671 5.1705 5.16451 5.15876 5.15326 5.14802 5.14307 5.1384 5.13402 5.12995 5.12617 5.1227 5.11953 5.11667 5.1141 5.11183 5.10986 5.10818 5.10678 5.10567 5.10484 5.10429 5.10401 
5.0985 5.09879 5.09938 5.10027 5.10146 5.10296 5.10477 5.10689 5.10932 5.11208 5.11515 5.11855 5.12227 5.12632 5.13069 5.13538 5.1404 5.14572 5.15135 5.15727 5.16347 5.16993 5.17663 5.18355 5.19068 5.19797 5.2054 5.21295 5.22057 5.22823 5.23589 5.24352 5.25107 5.25851 5.26579 5.27287 5.27972 5.28629 5.29254 5.29844 5.30395 5.30903 5.31367 5.31782 5.32146 5.32458 5.32714 5.32914 5.33056 5.33139 5.33164 5.33129 5.33034 5.32882 5.32672 5.32406 5.32086 5.31714 5.31292 5.30823 5.3031 5.29756 5.29164 5.28539 5.27884 5.27202 5.26499 5.25777 5.25042 5.24297 5.23546 5.22793 5.22042 5.21297 5.2056 5.19837 5.19128 5.18438 5.17768 5.17122 5.16501 5.15907 5.15341 5.14805 5.143 5.13826 5.13385 5.12975 5.12599 5.12255 5.11943 5.11664 5.11417 5.11202 5.11019 5.10866 5.10744 5.10653 5.10592 5.10561 
5.10016 5.10047 5.1011 5.10205 5.10333 5.10495 5.10689 5.10918 5.1118 5.11477 5.11808 5.12175 5.12576 5.13013 5.13484 5.1399 5.1453 5.15104 5.1571 5.16347 5.17013 5.17708 5.18429 5.19173 5.19938 5.2072 5.21518 5.22327 5.23144 5.23965 5.24785 5.25602 5.2641 5.27205 5.27984 5.28741 5.29472 5.30173 5.3084 5.3147 5.32057 5.326 5.33094 5.33536 5.33924 5.34256 5.34529 5.34742 5.34892 5.34981 5.35006 5.34968 5.34868 5.34705 5.34481 5.34197 5.33855 5.33458 5.33007 5.32506 5.31958 5.31366 5.30734 5.30066 5.29365 5.28637 5.27884 5.27112 5.26325 5.25527 5.24722 5.23915 5.2311 5.2231 5.2152 5.20742 5.19981 5.19239 5.18519 5.17823 5.17155 5.16515 5.15905 5.15327 5.14782 5.1427 5.13793 5.13351 5.12943 5.12571 5.12234 5.11931 5.11663 5.1143 5.1123 5.11064 5.10931 5.10831 5.10764 5.1073 
5.10191 5.10223 5.1029 5.10392 5.10529 5.10702 5.10912 5.11157 5.11439 5.11759 5.12115 5.12509 5.12941 5.13411 5.13918 5.14462 5.15042 5.15658 5.16309 5.16993 5.17708 5.18453 5.19226 5.20023 5.20842 5.2168 5.22534 5.23399 5.24273 5.2515 5.26026 5.26898 5.2776 5.28609 5.29439 5.30245 5.31024 5.31771 5.32482 5.33152 5.33777 5.34354 5.34879 5.35349 5.35762 5.36114 5.36404 5.36629 5.36789 5.36883 5.3691 5.36869 5.36761 5.36588 5.36349 5.36047 5.35683 5.3526 5.3478 5.34247 5.33663 5.33032 5.32359 5.31647 5.309 5.30122 5.29319 5.28495 5.27655 5.26802 5.25942 5.25079 5.24218 5.23362 5.22516 5.21683 5.20868 5.20072 5.193 5.18553 5.17835 5.17148 5.16492 5.15871 5.15284 5.14733 5.14219 5.13742 5.13303 5.12901 5.12537 5.1221 5.1192 5.11667 5.11451 5.1127 5.11126 5.11017 5.10944 5.10906 
5.10373 5.10406 5.10477 5.10586 5.10733 5.10919 5.11143 5.11407 5.1171 5.12052 5.12435 5.12858 5.13321 5.13825 5.14368 5.14952 5.15574 5.16234 5.16931 5.17663 5.18429 5.19226 5.20052 5.20904 5.21779 5.22674 5.23585 5.24508 5.25439 5.26374 5.27308 5.28236 5.29154 5.30057 5.30939 5.31797 5.32625 5.33418 5.34172 5.34883 5.35547 5.36159 5.36716 5.37214 5.37651 5.38025 5.38332 5.3857 5.3874 5.38839 5.38866 5.38823 5.38709 5.38524 5.38271 5.3795 5.37563 5.37114 5.36605 5.36038 5.35418 5.34748 5.34032 5.33275 5.32481 5.31654 5.30799 5.29922 5.29027 5.28119 5.27202 5.26282 5.25363 5.2445 5.23547 5.22657 5.21785 5.20935 5.20108 5.1931 5.18541 5.17804 5.17101 5.16435 5.15805 5.15214 5.14662 5.14149 5.13676 5.13244 5.12852 5.12499 5.12187 5.11914 5.1168 5.11485 5.11329 5.11211 5.11131 5.11089 
5.10562 5.10597 5.10672 5.10788 5.10945 5.11144 5.11384 5.11666 5.1199 5.12357 5.12766 5.13219 5.13715 5.14254 5.14835 5.15459 5.16124 5.16829 5.17574 5.18355 5.19173 5.20023 5.20904 5.21812 5.22744 5.23697 5.24667 5.25649 5.26639 5.27633 5.28625 5.29611 5.30585 5.31543 5.32479 5.33389 5.34266 5.35106 5.35905 5.36658 5.3736 5.38008 5.38597 5.39124 5.39586 5.39981 5.40305 5.40557 5.40736 5.4084 5.40869 5.40823 5.40701 5.40506 5.40238 5.39898 5.39489 5.39013 5.38473 5.37873 5.37216 5.36507 5.35748 5.34945 5.34102 5.33225 5.32319 5.31387 5.30436 5.29471 5.28497 5.27519 5.26541 5.25569 5.24607 5.2366 5.22731 5.21824 5.20942 5.2009 5.19269 5.18481 5.1773 5.17017 5.16344 5.15711 5.15119 5.1457 5.14063 5.13599 5.13178 5.12799 5.12464 5.1217 5.11919 5.11709 5.1154 5.11412 5.11326 5.1128 
5.10757 5.10794 5.10874 5.10997 5.11165 5.11376 5.11632 5.11933 5.12279 5.12671 5.13109 5.13592 5.14121 5.14696 5.15316 5.15981 5.1669 5.17442 5.18235 5.19068 5.19938 5.20842 5.21779 5.22744 5.23735 5.24747 5.25777 5.26819 5.27869 5.28922 5.29974 5.31018 5.32049 5.33063 5.34053 5.35015 5.35942 5.3683 5.37674 5.38469 5.3921 5.39894 5.40515 5.41071 5.41558 5.41974 5.42316 5.42581 5.4277 5.42879 5.42909 5.4286 5.42732 5.42526 5.42242 5.41883 5.41451 5.40949 5.40379 5.39745 5.39051 5.38301 5.37499 5.3665 5.35759 5.34831 5.33871 5.32885 5.31878 5.30855 5.29823 5.28785 5.27748 5.26716 5.25695 5.24688 5.23701 5.22736 5.21798 5.20891 5.20016 5.19178 5.18377 5.17617 5.16898 5.16222 5.1559 5.15003 5.14461 5.13965 5.13514 5.13109 5.12749 5.12435 5.12165 5.11939 5.11758 5.1162 5.11527 5.11477 
5.10958 5.10997 5.11081 5.11212 5.1139 5.11616 5.11888 5.12209 5.12577 5.12995 5.1346 5.13975 5.14538 5.1515 5.1581 5.16518 5.17271 5.1807 5.18913 5.19797 5.2072 5.2168 5.22674 5.23697 5.24747 5.25819 5.26909 5.28012 5.29123 5.30237 5.31348 5.32451 5.3354 5.3461 5.35655 5.36669 5.37646 5.38582 5.39471 5.40308 5.41089 5.41808 5.42462 5.43047 5.43559 5.43997 5.44356 5.44635 5.44833 5.44947 5.44979 5.44927 5.44792 5.44574 5.44276 5.43898 5.43443 5.42914 5.42314 5.41646 5.40915 5.40124 5.39279 5.38383 5.37443 5.36464 5.35451 5.3441 5.33346 5.32265 5.31173 5.30076 5.28979 5.27887 5.26805 5.25738 5.24691 5.23668 5.22673 5.2171 5.20781 5.1989 5.19039 5.18231 5.17466 5.16746 5.16073 5.15448 5.1487 5.14341 5.1386 5.13427 5.13043 5.12706 5.12418 5.12176 5.11982 5.11835 5.11734 5.11679 
5.11165 5.11205 5.11294 5.11433 5.11622 5.11861 5.12151 5.12491 5.12883 5.13326 5.1382 5.14367 5.14965 5.15614 5.16315 5.17065 5.17864 5.18711 5.19604 5.2054 5.21518 5.22534 5.23585 5.24667 5.25777 5.26909 5.2806 5.29224 5.30396 5.3157 5.32741 5.33903 5.35051 5.36177 5.37276 5.38343 5.39371 5.40355 5.41289 5.42168 5.42988 5.43743 5.44429 5.45043 5.45581 5.46039 5.46416 5.46708 5.46916 5.47036 5.47069 5.47014 5.46872 5.46643 5.4633 5.45933 5.45455 5.449 5.44269 5.43568 5.42799 5.41968 5.41079 5.40138 5.39149 5.38118 5.37051 5.35955 5.34834 5.33695 5.32544 5.31386 5.30228 5.29075 5.27932 5.26805 5.25698 5.24617 5.23564 5.22544 5.2156 5.20616 5.19714 5.18856 5.18045 5.17281 5.16567 5.15902 5.15288 5.14725 5.14213 5.13752 5.13343 5.12984 5.12677 5.12419 5.12212 5.12054 5.11946 5.11887 
5.11375 5.11417 5.11512 5.11659 5.11859 5.12112 5.12419 5.12779 5.13194 5.13663 5.14187 5.14766 5.15399 5.16087 5.16828 5.17622 5.18467 5.19362 5.20306 5.21295 5.22327 5.23399 5.24508 5.25649 5.26819 5.28012 5.29224 5.30449 5.31682 5.32917 5.34149 5.3537 5.36575 5.37757 5.38911 5.4003 5.41109 5.4214 5.43119 5.44041 5.44899 5.4569 5.46408 5.47051 5.47613 5.48093 5.48487 5.48793 5.49009 5.49135 5.49169 5.49112 5.48963 5.48723 5.48395 5.47979 5.47479 5.46897 5.46237 5.45502 5.44696 5.43825 5.42892 5.41905 5.40867 5.39785 5.38665 5.37513 5.36335 5.35138 5.33927 5.32709 5.3149 5.30276 5.29073 5.27885 5.26718 5.25577 5.24466 5.23389 5.2235 5.21353 5.20399 5.19492 5.18633 5.17825 5.17068 5.16364 5.15713 5.15116 5.14573 5.14084 5.13649 5.13268 5.12941 5.12667 5.12446 5.12278 5.12163 5.121 
5.1159 5.11634 5.11733 5.11888 5.12099 5.12366 5.12691 5.13072 5.1351 5.14006 5.1456 5.15171 5.1584 5.16565 5.17347 5.18185 5.19077 5.20021 5.21015 5.22057 5.23144 5.24273 5.25439 5.26639 5.27869 5.29123 5.30396 5.31682 5.32976 5.34272 5.35563 5.36843 5.38106 5.39344 5.40552 5.41723 5.42851 5.4393 5.44954 5.45917 5.46814 5.4764 5.4839 5.49061 5.49648 5.50149 5.5056 5.50879 5.51105 5.51236 5.51271 5.51211 5.51055 5.50805 5.50462 5.50028 5.49505 5.48897 5.48207 5.47439 5.46596 5.45685 5.4471 5.43677 5.42591 5.41458 5.40285 5.39078 5.37843 5.36588 5.35318 5.3404 5.3276 5.31485 5.30221 5.28972 5.27745 5.26545 5.25375 5.24242 5.23147 5.22096 5.21091 5.20134 5.19228 5.18374 5.17575 5.16831 5.16143 5.15511 5.14937 5.14419 5.13959 5.13556 5.13209 5.12918 5.12684 5.12506 5.12383 5.12316 
5.11807 5.11852 5.11957 5.1212 5.12342 5.12624 5.12966 5.13367 5.13829 5.14352 5.14935 5.15579 5.16283 5.17048 5.17871 5.18752 5.1969 5.20683 5.21728 5.22823 5.23965 5.2515 5.26374 5.27633 5.28922 5.30237 5.3157 5.32917 5.34272 5.35628 5.36978 5.38316 5.39636 5.4093 5.42191 5.43414 5.44591 5.45716 5.46784 5.47788 5.48723 5.49583 5.50365 5.51064 5.51675 5.52196 5.52624 5.52956 5.53191 5.53327 5.53364 5.53301 5.53139 5.52879 5.52521 5.52069 5.51524 5.50891 5.50171 5.4937 5.48492 5.47541 5.46524 5.45446 5.44312 5.43129 5.41903 5.40642 5.39351 5.38038 5.3671 5.35372 5.34032 5.32697 5.31371 5.30062 5.28775 5.27516 5.26288 5.25098 5.23948 5.22843 5.21786 5.20779 5.19826 5.18927 5.18085 5.17301 5.16576 5.1591 5.15304 5.14758 5.14272 5.13846 5.1348 5.13173 5.12925 5.12736 5.12606 5.12534 
5.12025 5.12073 5.12182 5.12354 5.12587 5.12883 5.13242 5.13665 5.1415 5.147 5.15313 5.15989 5.16729 5.17532 5.18396 5.19321 5.20305 5.21346 5.22442 5.23589 5.24785 5.26026 5.27308 5.28625 5.29974 5.31348 5.32741 5.34149 5.35563 5.36978 5.38387 5.39783 5.41158 5.42506 5.43821 5.45094 5.46319 5.4749 5.48601 5.49645 5.50617 5.51512 5.52324 5.5305 5.53685 5.54227 5.54671 5.55016 5.5526 5.55401 5.55439 5.55374 5.55205 5.54934 5.54563 5.54093 5.53527 5.52868 5.5212 5.51287 5.50373 5.49384 5.48326 5.47203 5.46022 5.4479 5.43513 5.42198 5.40852 5.39482 5.38095 5.36699 5.353 5.33904 5.32519 5.3115 5.29803 5.28485 5.272 5.25953 5.24748 5.2359 5.22481 5.21425 5.20425 5.19481 5.18597 5.17773 5.17011 5.16311 5.15673 5.15098 5.14587 5.14138 5.13752 5.13428 5.13167 5.12968 5.1283 5.12754 
5.12244 5.12294 5.12408 5.12588 5.12832 5.13143 5.13519 5.13962 5.14471 5.15047 5.1569 5.16399 5.17174 5.18015 5.1892 5.19888 5.20918 5.22007 5.23152 5.24352 5.25602 5.26898 5.28236 5.29611 5.31018 5.32451 5.33903 5.3537 5.36843 5.38316 5.39783 5.41235 5.42665 5.44067 5.45432 5.46755 5.48028 5.49243 5.50396 5.5148 5.52488 5.53416 5.54258 5.5501 5.55669 5.5623 5.5669 5.57048 5.573 5.57446 5.57486 5.57418 5.57243 5.56962 5.56577 5.5609 5.55503 5.5482 5.54044 5.5318 5.52232 5.51205 5.50106 5.4894 5.47713 5.46433 5.45105 5.43738 5.42338 5.40912 5.39469 5.38014 5.36556 5.35102 5.33657 5.32229 5.30825 5.29448 5.28106 5.26804 5.25545 5.24333 5.23174 5.22069 5.21021 5.20033 5.19107 5.18244 5.17444 5.1671 5.16041 5.15438 5.14901 5.1443 5.14024 5.13684 5.13409 5.132 5.13055 5.12975 
5.12462 5.12514 5.12633 5.12821 5.13077 5.13402 5.13795 5.14258 5.14791 5.15393 5.16065 5.16806 5.17616 5.18494 5.19439 5.2045 5.21525 5.22661 5.23857 5.25107 5.2641 5.2776 5.29154 5.30585 5.32049 5.3354 5.35051 5.36575 5.38106 5.39636 5.41158 5.42665 5.44149 5.45603 5.47019 5.48389 5.49708 5.50967 5.52161 5.53282 5.54326 5.55286 5.56157 5.56935 5.57616 5.58196 5.58672 5.59042 5.59303 5.59454 5.59494 5.59424 5.59243 5.58953 5.58555 5.58051 5.57444 5.56737 5.55934 5.5504 5.54058 5.52995 5.51857 5.50648 5.49377 5.48049 5.46673 5.45254 5.43801 5.42321 5.40822 5.39311 5.37796 5.36284 5.34781 5.33296 5.31833 5.304 5.29003 5.27645 5.26332 5.25069 5.23859 5.22706 5.21612 5.20581 5.19613 5.1871 5.17875 5.17107 5.16407 5.15776 5.15214 5.1472 5.14295 5.13939 5.13651 5.13431 5.13279 5.13194 
5.12679 5.12732 5.12856 5.13052 5.13319 5.13658 5.14068 5.14551 5.15107 5.15735 5.16435 5.17208 5.18052 5.18967 5.19952 5.21005 5.22124 5.23307 5.2455 5.25851 5.27205 5.28609 5.30057 5.31543 5.33063 5.3461 5.36177 5.37757 5.39344 5.4093 5.42506 5.44067 5.45603 5.47107 5.48571 5.49989 5.51352 5.52653 5.53886 5.55044 5.56122 5.57113 5.58012 5.58815 5.59518 5.60116 5.60607 5.60988 5.61258 5.61414 5.61455 5.61383 5.61196 5.60897 5.60486 5.59966 5.5934 5.5861 5.57781 5.56857 5.55844 5.54745 5.53569 5.5232 5.51005 5.49632 5.48208 5.4674 5.45235 5.43703 5.42149 5.40583 5.39012 5.37444 5.35885 5.34343 5.32825 5.31336 5.29884 5.28472 5.27108 5.25794 5.24535 5.23334 5.22195 5.2112 5.20112 5.19171 5.183 5.17499 5.16769 5.1611 5.15523 5.15007 5.14563 5.14191 5.1389 5.1366 5.135 5.13412 
5.12892 5.12947 5.13076 5.1328 5.13558 5.1391 5.14337 5.1484 5.15418 5.16071 5.168 5.17603 5.18481 5.19432 5.20455 5.21549 5.22711 5.23939 5.25229 5.26579 5.27984 5.29439 5.30939 5.32479 5.34053 5.35655 5.37276 5.38911 5.40552 5.42191 5.43821 5.45432 5.47019 5.48571 5.50083 5.51545 5.52951 5.54292 5.55563 5.56757 5.57867 5.58888 5.59815 5.60642 5.61365 5.61981 5.62486 5.62878 5.63156 5.63316 5.63359 5.63284 5.63092 5.62784 5.62361 5.61826 5.61181 5.60429 5.59575 5.58624 5.57579 5.56447 5.55234 5.53946 5.5259 5.51173 5.49702 5.48186 5.46632 5.45049 5.43443 5.41824 5.40199 5.38576 5.36963 5.35366 5.33793 5.32251 5.30745 5.29282 5.27866 5.26503 5.25196 5.23949 5.22766 5.21649 5.20601 5.19623 5.18717 5.17883 5.17124 5.16438 5.15827 5.1529 5.14827 5.14439 5.14125 5.13885 5.13719 5.13627 
5.13101 5.13158 5.13292 5.13503 5.13791 5.14157 5.146 5.15122 5.15722 5.164 5.17156 5.17989 5.18899 5.19885 5.20946 5.22079 5.23283 5.24555 5.25891 5.27287 5.28741 5.30245 5.31797 5.33389 5.35015 5.36669 5.38343 5.4003 5.41723 5.43414 5.45094 5.46755 5.48389 5.49989 5.51545 5.5305 5.54497 5.55877 5.57185 5.58412 5.59554 5.60603 5.61555 5.62405 5.63148 5.63781 5.643 5.64703 5.64987 5.65152 5.65196 5.6512 5.64923 5.64606 5.64172 5.63622 5.62959 5.62186 5.61309 5.6033 5.59256 5.58092 5.56844 5.55518 5.54122 5.52663 5.51149 5.49587 5.47985 5.46353 5.44697 5.43027 5.4135 5.39674 5.38008 5.36359 5.34734 5.33139 5.31582 5.30069 5.28604 5.27192 5.25839 5.24548 5.23322 5.22165 5.21078 5.20064 5.19124 5.18259 5.1747 5.16758 5.16124 5.15566 5.15085 5.14682 5.14355 5.14106 5.13933 5.13837 
5.13304 5.13363 5.13501 5.1372 5.14018 5.14397 5.14856 5.15396 5.16017 5.16719 5.17501 5.18363 5.19305 5.20324 5.21421 5.22593 5.23836 5.2515 5.2653 5.27972 5.29472 5.31024 5.32625 5.34266 5.35942 5.37646 5.39371 5.41109 5.42851 5.44591 5.46319 5.48028 5.49708 5.51352 5.52951 5.54497 5.55982 5.574 5.58741 5.60001 5.61172 5.62248 5.63225 5.64096 5.64858 5.65507 5.66039 5.66452 5.66744 5.66913 5.66958 5.6688 5.66678 5.66353 5.65908 5.65344 5.64665 5.63873 5.62972 5.61969 5.60866 5.59671 5.5839 5.57029 5.55595 5.54096 5.5254 5.50934 5.49287 5.47608 5.45904 5.44185 5.42458 5.40733 5.39016 5.37316 5.35641 5.33997 5.3239 5.30828 5.29316 5.27859 5.26461 5.25127 5.2386 5.22663 5.21539 5.2049 5.19518 5.18623 5.17806 5.17069 5.16412 5.15834 5.15336 5.14918 5.14579 5.1432 5.14141 5.14041 
5.135 5.13561 5.13704 5.13929 5.14237 5.14628 5.15103 5.1566 5.16301 5.17026 5.17833 5.18723 5.19695 5.20747 5.21878 5.23086 5.24368 5.25722 5.27143 5.28629 5.30173 5.31771 5.33418 5.35106 5.3683 5.38582 5.40355 5.4214 5.4393 5.45716 5.4749 5.49243 5.50967 5.52653 5.54292 5.55877 5.574 5.58852 5.60226 5.61516 5.62715 5.63817 5.64816 5.65708 5.66488 5.67151 5.67696 5.68118 5.68417 5.6859 5.68636 5.68556 5.6835 5.68018 5.67562 5.66985 5.6629 5.6548 5.64558 5.6353 5.62402 5.61178 5.59865 5.5847 5.57001 5.55464 5.53868 5.52221 5.50531 5.48807 5.47058 5.45293 5.43519 5.41745 5.39981 5.38233 5.3651 5.34818 5.33165 5.31557 5.29999 5.28498 5.27058 5.25683 5.24377 5.23142 5.21983 5.20901 5.19897 5.18973 5.1813 5.17368 5.16689 5.16092 5.15577 5.15145 5.14795 5.14528 5.14342 5.14238 
5.13688 5.1375 5.13897 5.1413 5.14447 5.1485 5.15339 5.15913 5.16573 5.17319 5.18151 5.19067 5.20067 5.2115 5.22313 5.23556 5.24875 5.26266 5.27728 5.29254 5.3084 5.32482 5.34172 5.35905 5.37674 5.39471 5.41289 5.43119 5.44954 5.46784 5.48601 5.50396 5.52161 5.53886 5.55563 5.57185 5.58741 5.60226 5.61631 5.62949 5.64175 5.653 5.66321 5.67232 5.68028 5.68706 5.69262 5.69694 5.69998 5.70175 5.70223 5.70141 5.6993 5.69591 5.69126 5.68537 5.67827 5.66999 5.66058 5.65008 5.63855 5.62604 5.61262 5.59835 5.58332 5.5676 5.55126 5.5344 5.5171 5.49945 5.48153 5.46343 5.44525 5.42707 5.40897 5.39104 5.37335 5.35599 5.33901 5.3225 5.30649 5.29107 5.27626 5.26212 5.24869 5.23599 5.22406 5.21292 5.20258 5.19307 5.18439 5.17654 5.16954 5.16339 5.15808 5.15363 5.15002 5.14726 5.14534 5.14427 
5.13866 5.1393 5.14081 5.1432 5.14646 5.1506 5.15562 5.16153 5.16831 5.17597 5.18451 5.19392 5.20419 5.21531 5.22725 5.24 5.25353 5.26781 5.28279 5.29844 5.3147 5.33152 5.34883 5.36658 5.38469 5.40308 5.42168 5.44041 5.45917 5.47788 5.49645 5.5148 5.53282 5.55044 5.56757 5.58412 5.60001 5.61516 5.62949 5.64294 5.65544 5.66692 5.67732 5.68661 5.69473 5.70164 5.7073 5.7117 5.71481 5.71661 5.71709 5.71626 5.71412 5.71066 5.70593 5.69992 5.69268 5.68425 5.67465 5.66394 5.65218 5.63942 5.62572 5.61117 5.59582 5.57977 5.56309 5.54586 5.52819 5.51014 5.49182 5.47332 5.45472 5.43612 5.4176 5.39924 5.38113 5.36334 5.34595 5.32903 5.31263 5.29681 5.28162 5.26712 5.25334 5.24031 5.22806 5.21662 5.206 5.19623 5.18731 5.17925 5.17205 5.16573 5.16028 5.15569 5.15198 5.14914 5.14717 5.14607 
5.14034 5.14099 5.14254 5.14499 5.14833 5.15258 5.15772 5.16377 5.17073 5.17858 5.18733 5.19697 5.20749 5.21887 5.2311 5.24416 5.25801 5.27261 5.28794 5.30395 5.32057 5.33777 5.35547 5.3736 5.3921 5.41089 5.42988 5.44899 5.46814 5.48723 5.50617 5.52488 5.54326 5.56122 5.57867 5.59554 5.61172 5.62715 5.64175 5.65544 5.66816 5.67984 5.69043 5.69988 5.70814 5.71517 5.72093 5.72541 5.72857 5.7304 5.7309 5.73005 5.72787 5.72436 5.71954 5.71343 5.70607 5.69748 5.68772 5.67682 5.66484 5.65185 5.63791 5.62308 5.60745 5.59109 5.57409 5.55653 5.5385 5.5201 5.50141 5.48253 5.46354 5.44455 5.42564 5.40689 5.38839 5.37021 5.35243 5.33512 5.31835 5.30217 5.28664 5.27179 5.25768 5.24434 5.2318 5.22008 5.2092 5.19919 5.19005 5.18179 5.17441 5.16792 5.16233 5.15763 5.15382 5.15091 5.14888 5.14775 
5.1419 5.14256 5.14415 5.14665 5.15007 5.15441 5.15967 5.16586 5.17297 5.181 5.18994 5.19979 5.21054 5.22218 5.23467 5.248 5.26214 5.27706 5.2927 5.30903 5.326 5.34354 5.36159 5.38008 5.39894 5.41808 5.43743 5.4569 5.4764 5.49583 5.51512 5.53416 5.55286 5.57113 5.58888 5.60603 5.62248 5.63817 5.653 5.66692 5.67984 5.69171 5.70247 5.71207 5.72045 5.72759 5.73345 5.73799 5.7412 5.74306 5.74357 5.74271 5.7405 5.73693 5.73204 5.72584 5.71836 5.70964 5.69972 5.68865 5.67648 5.66328 5.6491 5.63403 5.61813 5.6015 5.5842 5.56634 5.54799 5.52926 5.51023 5.491 5.47167 5.45232 5.43305 5.41394 5.39507 5.37654 5.35841 5.34075 5.32364 5.30712 5.29126 5.27611 5.2617 5.24807 5.23526 5.22328 5.21217 5.20193 5.19258 5.18414 5.17659 5.16996 5.16424 5.15943 5.15553 5.15255 5.15048 5.14932 
5.14332 5.14401 5.14562 5.14817 5.15166 5.15609 5.16146 5.16777 5.17502 5.18321 5.19233 5.20237 5.21333 5.22519 5.23792 5.25151 5.26591 5.2811 5.29704 5.31367 5.33094 5.34879 5.36716 5.38597 5.40515 5.42462 5.44429 5.46408 5.4839 5.50365 5.52324 5.54258 5.56157 5.58012 5.59815 5.61555 5.63225 5.64816 5.66321 5.67732 5.69043 5.70247 5.71338 5.72311 5.73161 5.73885 5.74479 5.74939 5.75265 5.75454 5.75505 5.75418 5.75194 5.74833 5.74337 5.73708 5.7295 5.72066 5.7106 5.69938 5.68703 5.67364 5.65926 5.64396 5.62783 5.61094 5.59338 5.57524 5.55661 5.53758 5.51825 5.49871 5.47905 5.45938 5.43978 5.42034 5.40116 5.3823 5.36384 5.34587 5.32845 5.31163 5.29548 5.28004 5.26536 5.25147 5.23841 5.22621 5.21487 5.20443 5.1949 5.18628 5.17859 5.17182 5.16598 5.16107 5.1571 5.15405 5.15194 5.15075 
5.14461 5.14531 5.14695 5.14954 5.15309 5.1576 5.16306 5.16949 5.17686 5.18519 5.19447 5.20469 5.21584 5.22789 5.24084 5.25465 5.26929 5.28473 5.30092 5.31782 5.33536 5.35349 5.37214 5.39124 5.41071 5.43047 5.45043 5.47051 5.49061 5.51064 5.5305 5.5501 5.56935 5.58815 5.60642 5.62405 5.64096 5.65708 5.67232 5.68661 5.69988 5.71207 5.72311 5.73296 5.74157 5.74889 5.7549 5.75956 5.76286 5.76477 5.76529 5.76441 5.76214 5.75849 5.75347 5.74711 5.73944 5.73049 5.72031 5.70894 5.69645 5.68288 5.66832 5.65283 5.63649 5.61937 5.60158 5.58319 5.5643 5.54501 5.52541 5.50559 5.48565 5.46569 5.44581 5.42608 5.4066 5.38745 5.36871 5.35046 5.33276 5.31567 5.29926 5.28357 5.26864 5.25452 5.24124 5.22883 5.2173 5.20668 5.19699 5.18822 5.18039 5.1735 5.16755 5.16256 5.15851 5.15541 5.15326 5.15205 
5.14575 5.14646 5.14812 5.15076 5.15436 5.15894 5.16448 5.171 5.17849 5.18695 5.19636 5.20673 5.21804 5.23027 5.24341 5.25742 5.27227 5.28792 5.30434 5.32146 5.33924 5.35762 5.37651 5.39586 5.41558 5.43559 5.45581 5.47613 5.49648 5.51675 5.53685 5.55669 5.57616 5.59518 5.61365 5.63148 5.64858 5.66488 5.68028 5.69473 5.70814 5.72045 5.73161 5.74157 5.75026 5.75766 5.76373 5.76844 5.77177 5.77371 5.77423 5.77334 5.77105 5.76737 5.7623 5.75587 5.74812 5.73908 5.72879 5.71731 5.70468 5.69097 5.67624 5.66058 5.64405 5.62675 5.60875 5.59015 5.57104 5.55152 5.53168 5.51161 5.49143 5.47122 5.45108 5.4311 5.41137 5.39197 5.37298 5.35448 5.33654 5.31922 5.30258 5.28666 5.27153 5.25721 5.24373 5.23114 5.21944 5.20867 5.19882 5.18992 5.18197 5.17498 5.16894 5.16387 5.15976 5.15661 5.15442 5.1532 
5.14674 5.14745 5.14913 5.1518 5.15545 5.16009 5.1657 5.17231 5.17989 5.18845 5.19799 5.20848 5.21993 5.23231 5.24561 5.25978 5.27481 5.29065 5.30725 5.32458 5.34256 5.36114 5.38025 5.39981 5.41974 5.43997 5.46039 5.48093 5.50149 5.52196 5.54227 5.5623 5.58196 5.60116 5.61981 5.63781 5.65507 5.67151 5.68706 5.70164 5.71517 5.72759 5.73885 5.74889 5.75766 5.76513 5.77125 5.776 5.77936 5.78131 5.78184 5.78095 5.77864 5.77492 5.76981 5.76333 5.75551 5.74639 5.73601 5.72442 5.71168 5.69785 5.68299 5.66718 5.6505 5.63303 5.61486 5.59607 5.57678 5.55706 5.53702 5.51675 5.49636 5.47594 5.45558 5.43538 5.41544 5.39582 5.37662 5.35792 5.33977 5.32225 5.30541 5.28931 5.27399 5.2595 5.24586 5.23312 5.22128 5.21036 5.2004 5.19138 5.18333 5.17625 5.17014 5.165 5.16083 5.15764 5.15542 5.15418 
5.14755 5.14827 5.14998 5.15267 5.15636 5.16104 5.16672 5.17339 5.18105 5.1897 5.19933 5.20993 5.2215 5.234 5.24742 5.26173 5.27691 5.2929 5.30966 5.32714 5.34529 5.36404 5.38332 5.40305 5.42316 5.44356 5.46416 5.48487 5.5056 5.52624 5.54671 5.5669 5.58672 5.60607 5.62486 5.643 5.66039 5.67696 5.69262 5.7073 5.72093 5.73345 5.74479 5.7549 5.76373 5.77125 5.77742 5.7822 5.78559 5.78755 5.78808 5.78719 5.78486 5.78112 5.77597 5.76945 5.76157 5.75239 5.74194 5.73026 5.71743 5.70349 5.68852 5.67259 5.65578 5.63818 5.61987 5.60094 5.58148 5.56161 5.5414 5.52097 5.5004 5.47981 5.45928 5.4389 5.41878 5.39899 5.37962 5.36074 5.34243 5.32474 5.30775 5.29149 5.27603 5.26139 5.24762 5.23475 5.22279 5.21177 5.2017 5.19259 5.18446 5.1773 5.17113 5.16593 5.16172 5.1585 5.15626 5.155 
5.1482 5.14892 5.15064 5.15336 5.15708 5.1618 5.16752 5.17424 5.18196 5.19068 5.20038 5.21107 5.22272 5.23532 5.24884 5.26326 5.27854 5.29465 5.31153 5.32914 5.34742 5.36629 5.3857 5.40557 5.42581 5.44635 5.46708 5.48793 5.50879 5.52956 5.55016 5.57048 5.59042 5.60988 5.62878 5.64703 5.66452 5.68118 5.69694 5.7117 5.72541 5.73799 5.74939 5.75956 5.76844 5.776 5.7822 5.78702 5.79042 5.79239 5.79293 5.79203 5.78969 5.78592 5.78075 5.77419 5.76628 5.75704 5.74653 5.73479 5.72189 5.70787 5.69281 5.67679 5.65989 5.64218 5.62375 5.60471 5.58514 5.56513 5.5448 5.52424 5.50354 5.48281 5.46215 5.44164 5.42138 5.40146 5.38195 5.36294 5.3445 5.32668 5.30957 5.2932 5.27762 5.26287 5.249 5.23603 5.22398 5.21287 5.20272 5.19355 5.18535 5.17813 5.17191 5.16667 5.16243 5.15918 5.15692 5.15566 
5.14867 5.1494 5.15113 5.15386 5.1576 5.16235 5.1681 5.17486 5.18262 5.19139 5.20114 5.21189 5.2236 5.23626 5.24986 5.26435 5.27971 5.2959 5.31287 5.33056 5.34892 5.36789 5.3874 5.40736 5.4277 5.44833 5.46916 5.49009 5.51105 5.53191 5.5526 5.573 5.59303 5.61258 5.63156 5.64987 5.66744 5.68417 5.69998 5.71481 5.72857 5.7412 5.75265 5.76286 5.77177 5.77936 5.78559 5.79042 5.79383 5.79581 5.79635 5.79545 5.7931 5.78932 5.78413 5.77754 5.7696 5.76033 5.74978 5.73799 5.72503 5.71096 5.69584 5.67976 5.66278 5.645 5.6265 5.60737 5.58772 5.56763 5.54721 5.52655 5.50576 5.48494 5.46418 5.44357 5.42322 5.4032 5.3836 5.3645 5.34596 5.32807 5.31086 5.29441 5.27875 5.26393 5.24998 5.23694 5.22483 5.21366 5.20346 5.19423 5.18599 5.17873 5.17247 5.16721 5.16294 5.15967 5.1574 5.15613 
5.14897 5.1497 5.15143 5.15418 5.15793 5.16269 5.16846 5.17524 5.18302 5.19181 5.2016 5.21238 5.22413 5.23683 5.25046 5.265 5.2804 5.29663 5.31365 5.33139 5.34981 5.36883 5.38839 5.4084 5.42879 5.44947 5.47036 5.49135 5.51236 5.53327 5.55401 5.57446 5.59454 5.61414 5.63316 5.65152 5.66913 5.6859 5.70175 5.71661 5.7304 5.74306 5.75454 5.76477 5.77371 5.78131 5.78755 5.79239 5.79581 5.7978 5.79834 5.79743 5.79508 5.79129 5.78609 5.77949 5.77153 5.76223 5.75166 5.73984 5.72686 5.71275 5.6976 5.68147 5.66446 5.64663 5.62809 5.60891 5.58921 5.56907 5.5486 5.52789 5.50705 5.48617 5.46536 5.4447 5.42429 5.40422 5.38456 5.36541 5.34682 5.32887 5.31162 5.29512 5.27942 5.26455 5.25057 5.23749 5.22534 5.21414 5.2039 5.19465 5.18638 5.1791 5.17282 5.16754 5.16326 5.15998 5.1577 5.15643 
