6.78084 6.78103 6.78135 6.78179 6.78237 6.78307 6.7839 6.78485 6.78594 6.78714 6.78847 6.78993 6.7915 6.7932 6.79501 6.79693 6.79896 6.8011 6.80334 6.80567 6.80809 6.8106 6.81318 6.81582 6.81852 6.82127 6.82406 6.82687 6.8297 6.83253 6.83535 6.83814 6.8409 6.84361 6.84626 6.84883 6.85131 6.85369 6.85595 6.85808 6.86008 6.86192 6.86359 6.8651 6.86643 6.86757 6.86851 6.86926 6.8698 6.87013 6.87025 6.87017 6.86987 6.86937 6.86867 6.86776 6.86667 6.86539 6.86393 6.86231 6.86052 6.85859 6.85652 6.85433 6.85203 6.84963 6.84715 6.84459 6.84198 6.83932 6.83663 6.83393 6.83122 6.82852 6.82584 6.82319 6.82059 6.81804 6.81555 6.81314 6.8108 6.80855 6.8064 6.80435 6.80241 6.80057 6.79885 6.79725 6.79577 6.79441 6.79318 6.79207 6.7911 6.79025 6.78953 6.78894 6.78848 6.78815 6.78794 6.78787 
6.78103 6.78122 6.78154 6.78198 6.78256 6.78326 6.7841 6.78506 6.78615 6.78736 6.7887 6.79016 6.79174 6.79345 6.79526 6.7972 6.79924 6.80139 6.80364 6.80599 6.80843 6.81094 6.81354 6.8162 6.81892 6.82168 6.82448 6.82731 6.83016 6.833 6.83584 6.83865 6.84143 6.84415 6.84681 6.8494 6.8519 6.85429 6.85656 6.85871 6.86071 6.86256 6.86425 6.86577 6.8671 6.86825 6.8692 6.86995 6.87049 6.87082 6.87095 6.87086 6.87056 6.87006 6.86935 6.86844 6.86734 6.86605 6.86459 6.86295 6.86116 6.85921 6.85713 6.85493 6.85261 6.8502 6.8477 6.84513 6.8425 6.83982 6.83712 6.8344 6.83167 6.82896 6.82626 6.8236 6.82098 6.81841 6.81591 6.81348 6.81113 6.80887 6.80671 6.80464 6.80269 6.80084 6.79911 6.7975 6.79601 6.79464 6.7934 6.79229 6.79131 6.79045 6.78973 6.78913 6.78867 6.78834 6.78813 6.78806 
6.78135 6.78154 6.78186 6.78231 6.78289 6.78361 6.78445 6.78542 6.78652 6.78775 6.78911 6.79059 6.7922 6.79393 6.79577 6.79773 6.79981 6.80199 6.80427 6.80665 6.80912 6.81168 6.81431 6.81701 6.81976 6.82257 6.82541 6.82828 6.83116 6.83405 6.83693 6.83978 6.84259 6.84536 6.84806 6.85068 6.85321 6.85564 6.85794 6.86012 6.86215 6.86403 6.86574 6.86728 6.86863 6.86979 6.87075 6.87151 6.87206 6.8724 6.87252 6.87243 6.87213 6.87162 6.8709 6.86998 6.86886 6.86755 6.86607 6.86441 6.86259 6.86061 6.8585 6.85627 6.85392 6.85147 6.84893 6.84632 6.84365 6.84094 6.8382 6.83544 6.83267 6.82991 6.82718 6.82447 6.82182 6.81921 6.81667 6.81421 6.81182 6.80953 6.80733 6.80523 6.80325 6.80137 6.79961 6.79798 6.79646 6.79508 6.79382 6.79269 6.79169 6.79082 6.79008 6.78947 6.789 6.78866 6.78845 6.78838 
6.78179 6.78198 6.78231 6.78277 6.78336 6.78409 6.78495 6.78595 6.78707 6.78833 6.78972 6.79123 6.79287 6.79464 6.79653 6.79853 6.80065 6.80288 6.80522 6.80765 6.81018 6.81279 6.81549 6.81824 6.82106 6.82393 6.82684 6.82977 6.83272 6.83567 6.83861 6.84153 6.84441 6.84723 6.84999 6.85267 6.85526 6.85774 6.86009 6.86231 6.86439 6.86631 6.86806 6.86962 6.87101 6.87219 6.87317 6.87395 6.87451 6.87485 6.87498 6.87488 6.87457 6.87405 6.87331 6.87237 6.87123 6.86989 6.86837 6.86667 6.86481 6.86279 6.86063 6.85835 6.85594 6.85344 6.85084 6.84817 6.84544 6.84267 6.83986 6.83704 6.83421 6.83139 6.82859 6.82582 6.8231 6.82043 6.81783 6.81531 6.81287 6.81052 6.80827 6.80612 6.80408 6.80216 6.80036 6.79869 6.79713 6.79571 6.79442 6.79326 6.79223 6.79134 6.79058 6.78996 6.78947 6.78912 6.78891 6.78883 
6.78237 6.78256 6.78289 6.78336 6.78397 6.78472 6.78561 6.78663 6.78779 6.78908 6.79051 6.79207 6.79377 6.79559 6.79753 6.7996 6.80178 6.80408 6.80649 6.809 6.8116 6.8143 6.81707 6.81991 6.82282 6.82577 6.82877 6.83179 6.83483 6.83787 6.84089 6.8439 6.84686 6.84977 6.85261 6.85537 6.85803 6.86058 6.863 6.86529 6.86742 6.8694 6.87119 6.87281 6.87423 6.87544 6.87645 6.87725 6.87782 6.87817 6.8783 6.87821 6.87789 6.87734 6.87658 6.87561 6.87443 6.87305 6.87149 6.86974 6.86782 6.86574 6.86352 6.86116 6.85868 6.8561 6.85343 6.85068 6.84787 6.84501 6.84211 6.8392 6.83628 6.83337 6.83049 6.82764 6.82483 6.82208 6.8194 6.81679 6.81427 6.81184 6.80952 6.8073 6.8052 6.80322 6.80136 6.79962 6.79802 6.79654 6.79521 6.79401 6.79294 6.79202 6.79123 6.79059 6.79008 6.78971 6.78949 6.7894 
6.78307 6.78326 6.78361 6.78409 6.78472 6.7855 6.78641 6.78747 6.78867 6.79002 6.7915 6.79312 6.79487 6.79676 6.79878 6.80093 6.8032 6.80558 6.80808 6.81068 6.81339 6.81618 6.81906 6.82201 6.82502 6.82809 6.83119 6.83433 6.83748 6.84063 6.84377 6.84688 6.84995 6.85297 6.85591 6.85877 6.86152 6.86416 6.86667 6.86904 6.87125 6.87329 6.87515 6.87682 6.87829 6.87955 6.88059 6.88141 6.882 6.88237 6.8825 6.88239 6.88206 6.8815 6.88071 6.8797 6.87847 6.87704 6.87542 6.8736 6.87161 6.86946 6.86715 6.86471 6.86214 6.85946 6.85669 6.85383 6.85092 6.84795 6.84495 6.84192 6.83889 6.83588 6.83288 6.82991 6.827 6.82414 6.82135 6.81865 6.81603 6.81351 6.81109 6.80878 6.80659 6.80453 6.80259 6.80078 6.79911 6.79758 6.79618 6.79493 6.79382 6.79286 6.79203 6.79136 6.79083 6.79044 6.7902 6.79011 
6.7839 6.7841 6.78445 6.78495 6.78561 6.78641 6.78737 6.78847 6.78973 6.79113 6.79267 6.79436 6.7962 6.79817 6.80028 6.80252 6.80489 6.80738 6.80999 6.81271 6.81553 6.81845 6.82145 6.82453 6.82768 6.83087 6.83412 6.83739 6.84067 6.84396 6.84723 6.85047 6.85367 6.85682 6.85988 6.86286 6.86573 6.86848 6.8711 6.87356 6.87586 6.87798 6.87992 6.88166 6.88318 6.88449 6.88558 6.88643 6.88704 6.88742 6.88755 6.88744 6.88709 6.8865 6.88567 6.88462 6.88334 6.88185 6.88015 6.87826 6.87618 6.87394 6.87153 6.86898 6.8663 6.86351 6.86061 6.85763 6.85459 6.85149 6.84836 6.8452 6.84204 6.83888 6.83575 6.83266 6.82961 6.82662 6.82371 6.82088 6.81814 6.8155 6.81297 6.81055 6.80826 6.8061 6.80407 6.80217 6.80042 6.79881 6.79735 6.79603 6.79487 6.79385 6.79298 6.79227 6.79171 6.7913 6.79104 6.79094 
6.78485 6.78506 6.78542 6.78595 6.78663 6.78747 6.78847 6.78963 6.79094 6.79241 6.79404 6.79581 6.79774 6.79981 6.80202 6.80437 6.80686 6.80947 6.81221 6.81507 6.81803 6.82109 6.82424 6.82747 6.83077 6.83413 6.83753 6.84095 6.8444 6.84784 6.85127 6.85467 6.85802 6.86131 6.86453 6.86764 6.87065 6.87353 6.87626 6.87884 6.88124 6.88347 6.88549 6.8873 6.8889 6.89027 6.8914 6.89228 6.89293 6.89331 6.89345 6.89333 6.89296 6.89234 6.89148 6.89037 6.88903 6.88746 6.88568 6.8837 6.88152 6.87917 6.87664 6.87397 6.87116 6.86823 6.86519 6.86207 6.85888 6.85563 6.85234 6.84903 6.84571 6.8424 6.83911 6.83586 6.83265 6.82952 6.82645 6.82348 6.82059 6.81782 6.81516 6.81261 6.8102 6.80792 6.80578 6.80379 6.80194 6.80024 6.7987 6.79731 6.79607 6.795 6.79408 6.79333 6.79273 6.79229 6.79202 6.7919 
6.78594 6.78615 6.78652 6.78707 6.78779 6.78867 6.78973 6.79094 6.79233 6.79388 6.79559 6.79746 6.79949 6.80167 6.804 6.80648 6.80911 6.81186 6.81475 6.81776 6.82088 6.82411 6.82743 6.83083 6.83431 6.83784 6.84142 6.84503 6.84865 6.85228 6.85589 6.85946 6.86299 6.86645 6.86983 6.8731 6.87626 6.87928 6.88216 6.88487 6.88739 6.88972 6.89185 6.89375 6.89543 6.89686 6.89804 6.89897 6.89964 6.90005 6.90019 6.90006 6.89967 6.89901 6.8981 6.89693 6.89552 6.89387 6.892 6.88991 6.88762 6.88514 6.88248 6.87967 6.87671 6.87362 6.87043 6.86714 6.86377 6.86035 6.85688 6.85339 6.84989 6.8464 6.84294 6.83951 6.83613 6.83282 6.82958 6.82644 6.8234 6.82046 6.81765 6.81496 6.81241 6.81 6.80774 6.80562 6.80367 6.80187 6.80023 6.79875 6.79744 6.7963 6.79533 6.79452 6.79388 6.79341 6.79312 6.79299 
6.78714 6.78736 6.78775 6.78833 6.78908 6.79002 6.79113 6.79241 6.79388 6.79551 6.79732 6.7993 6.80145 6.80376 6.80623 6.80885 6.81162 6.81454 6.8176 6.82078 6.82408 6.82749 6.83101 6.8346 6.83828 6.84201 6.84579 6.8496 6.85343 6.85726 6.86107 6.86484 6.86856 6.87221 6.87578 6.87923 6.88256 6.88575 6.88878 6.89163 6.89429 6.89675 6.89898 6.90099 6.90275 6.90425 6.9055 6.90647 6.90718 6.9076 6.90774 6.90761 6.90719 6.90649 6.90553 6.90429 6.9028 6.90106 6.89908 6.89688 6.89446 6.89184 6.88903 6.88606 6.88293 6.87968 6.8763 6.87282 6.86927 6.86565 6.86199 6.85829 6.85459 6.8509 6.84723 6.8436 6.84003 6.83652 6.8331 6.82977 6.82654 6.82343 6.82045 6.8176 6.81489 6.81233 6.80993 6.80768 6.8056 6.80369 6.80194 6.80037 6.79898 6.79776 6.79672 6.79585 6.79517 6.79467 6.79434 6.7942 
6.78847 6.7887 6.78911 6.78972 6.79051 6.7915 6.79267 6.79404 6.79559 6.79732 6.79924 6.80134 6.80362 6.80607 6.80869 6.81147 6.81441 6.81751 6.82075 6.82412 6.82763 6.83124 6.83497 6.83878 6.84267 6.84663 6.85063 6.85467 6.85872 6.86277 6.8668 6.8708 6.87473 6.8786 6.88236 6.88601 6.88953 6.8929 6.8961 6.89911 6.90192 6.90451 6.90687 6.90899 6.91084 6.91243 6.91375 6.91477 6.91551 6.91595 6.9161 6.91595 6.91551 6.91477 6.91374 6.91244 6.91086 6.90902 6.90692 6.90458 6.90202 6.89925 6.89628 6.89313 6.88982 6.88637 6.8828 6.87912 6.87535 6.87151 6.86763 6.86372 6.8598 6.85588 6.85199 6.84814 6.84435 6.84062 6.83699 6.83345 6.83002 6.82672 6.82354 6.82051 6.81763 6.81491 6.81235 6.80996 6.80774 6.8057 6.80384 6.80216 6.80067 6.79937 6.79825 6.79733 6.79659 6.79605 6.7957 6.79554 
6.78993 6.79016 6.79059 6.79123 6.79207 6.79312 6.79436 6.79581 6.79746 6.7993 6.80134 6.80357 6.80599 6.80859 6.81138 6.81434 6.81747 6.82076 6.8242 6.82779 6.83151 6.83535 6.8393 6.84335 6.84748 6.85168 6.85593 6.86021 6.86451 6.86881 6.87308 6.87732 6.88149 6.88558 6.88957 6.89343 6.89716 6.90072 6.90411 6.9073 6.91027 6.91301 6.91551 6.91774 6.9197 6.92138 6.92276 6.92385 6.92462 6.92509 6.92524 6.92508 6.9246 6.92382 6.92273 6.92134 6.91967 6.91771 6.91549 6.91301 6.9103 6.90736 6.90421 6.90087 6.89736 6.8937 6.88991 6.886 6.882 6.87793 6.87381 6.86966 6.86549 6.86133 6.8572 6.8531 6.84907 6.84511 6.84124 6.83748 6.83383 6.83031 6.82693 6.8237 6.82063 6.81773 6.815 6.81244 6.81008 6.8079 6.80591 6.80411 6.80252 6.80112 6.79993 6.79893 6.79815 6.79756 6.79718 6.797 
6.7915 6.79174 6.7922 6.79287 6.79377 6.79487 6.7962 6.79774 6.79949 6.80145 6.80362 6.80599 6.80856 6.81134 6.8143 6.81745 6.82078 6.82428 6.82794 6.83176 6.83572 6.8398 6.84401 6.84831 6.8527 6.85716 6.86168 6.86623 6.87079 6.87535 6.87989 6.88438 6.88881 6.89315 6.89738 6.90148 6.90542 6.9092 6.91279 6.91616 6.91931 6.92221 6.92486 6.92722 6.92929 6.93107 6.93253 6.93368 6.93449 6.93498 6.93514 6.93496 6.93446 6.93362 6.93246 6.93099 6.92921 6.92713 6.92477 6.92215 6.91926 6.91614 6.9128 6.90925 6.90553 6.90164 6.89761 6.89346 6.88922 6.88489 6.88051 6.87609 6.87166 6.86724 6.86284 6.85849 6.85419 6.84998 6.84586 6.84185 6.83796 6.83421 6.83061 6.82716 6.82389 6.82079 6.81787 6.81514 6.81261 6.81028 6.80815 6.80623 6.80452 6.80303 6.80174 6.80068 6.79983 6.79919 6.79878 6.79858 
6.7932 6.79345 6.79393 6.79464 6.79559 6.79676 6.79817 6.79981 6.80167 6.80376 6.80607 6.80859 6.81134 6.81429 6.81745 6.8208 6.82435 6.82808 6.83198 6.83604 6.84025 6.8446 6.84907 6.85365 6.85832 6.86306 6.86786 6.8727 6.87755 6.88239 6.88721 6.89198 6.89668 6.90128 6.90577 6.91012 6.91431 6.91831 6.92211 6.92569 6.92903 6.9321 6.9349 6.9374 6.9396 6.94147 6.94302 6.94423 6.94509 6.94561 6.94577 6.94558 6.94504 6.94415 6.94292 6.94135 6.93946 6.93725 6.93475 6.93195 6.92889 6.92557 6.92203 6.91826 6.9143 6.91017 6.90589 6.90148 6.89697 6.89237 6.88771 6.88302 6.8783 6.87359 6.86891 6.86428 6.8597 6.85521 6.85083 6.84655 6.84241 6.83841 6.83456 6.83089 6.82739 6.82408 6.82096 6.81804 6.81534 6.81284 6.81057 6.80851 6.80668 6.80507 6.8037 6.80255 6.80164 6.80095 6.8005 6.80028 
6.79501 6.79526 6.79577 6.79653 6.79753 6.79878 6.80028 6.80202 6.804 6.80623 6.80869 6.81138 6.8143 6.81745 6.82081 6.82438 6.82816 6.83213 6.83628 6.84061 6.84509 6.84972 6.85448 6.85935 6.86432 6.86936 6.87446 6.8796 6.88476 6.8899 6.89502 6.90009 6.90507 6.90996 6.91472 6.91934 6.92378 6.92803 6.93206 6.93585 6.93939 6.94265 6.94561 6.94826 6.95058 6.95257 6.95421 6.95548 6.95639 6.95693 6.9571 6.9569 6.95632 6.95537 6.95406 6.95239 6.95038 6.94804 6.94538 6.94241 6.93916 6.93564 6.93187 6.92787 6.92366 6.91927 6.91473 6.91004 6.90524 6.90035 6.8954 6.8904 6.88539 6.88038 6.87539 6.87046 6.86559 6.86081 6.85613 6.85157 6.84715 6.84289 6.83879 6.83486 6.83113 6.82759 6.82426 6.82115 6.81825 6.81558 6.81315 6.81094 6.80898 6.80726 6.80578 6.80455 6.80357 6.80283 6.80234 6.8021 
6.79693 6.7972 6.79773 6.79853 6.7996 6.80093 6.80252 6.80437 6.80648 6.80885 6.81147 6.81434 6.81745 6.8208 6.82438 6.82819 6.83221 6.83644 6.84086 6.84546 6.85024 6.85516 6.86022 6.8654 6.87068 6.87605 6.88147 6.88693 6.89241 6.89787 6.90331 6.90869 6.91398 6.91917 6.92422 6.92911 6.93382 6.93833 6.9426 6.94662 6.95037 6.95382 6.95695 6.95976 6.96222 6.96432 6.96605 6.9674 6.96836 6.96893 6.9691 6.96888 6.96826 6.96725 6.96586 6.96409 6.96196 6.95947 6.95664 6.95349 6.95004 6.9463 6.9423 6.93805 6.93358 6.92892 6.92409 6.91911 6.91401 6.90881 6.90355 6.89824 6.8929 6.88757 6.88227 6.87702 6.87183 6.86674 6.86176 6.8569 6.85219 6.84765 6.84327 6.83909 6.8351 6.83132 6.82777 6.82444 6.82135 6.81849 6.81589 6.81353 6.81143 6.80959 6.808 6.80668 6.80562 6.80483 6.8043 6.80403 
6.79896 6.79924 6.79981 6.80065 6.80178 6.8032 6.80489 6.80686 6.80911 6.81162 6.81441 6.81747 6.82078 6.82435 6.82816 6.83221 6.83649 6.84099 6.84569 6.85059 6.85567 6.8609 6.86628 6.87179 6.8774 6.8831 6.88886 6.89466 6.90047 6.90628 6.91205 6.91775 6.92337 6.92887 6.93422 6.93941 6.9444 6.94918 6.9537 6.95796 6.96193 6.96558 6.9689 6.97187 6.97447 6.97669 6.97852 6.97995 6.98096 6.98156 6.98174 6.9815 6.98084 6.97977 6.97829 6.97641 6.97414 6.9715 6.9685 6.96516 6.9615 6.95753 6.95328 6.94877 6.94404 6.93909 6.93396 6.92867 6.92325 6.91774 6.91214 6.9065 6.90083 6.89516 6.88952 6.88394 6.87842 6.873 6.8677 6.86253 6.85751 6.85267 6.84801 6.84354 6.83929 6.83527 6.83147 6.82792 6.82461 6.82157 6.81878 6.81626 6.81401 6.81204 6.81034 6.80893 6.80779 6.80694 6.80636 6.80608 
6.8011 6.80139 6.80199 6.80288 6.80408 6.80558 6.80738 6.80947 6.81186 6.81454 6.81751 6.82076 6.82428 6.82808 6.83213 6.83644 6.84099 6.84577 6.85077 6.85598 6.86137 6.86693 6.87265 6.8785 6.88446 6.89051 6.89662 6.90277 6.90894 6.91509 6.92121 6.92726 6.93321 6.93903 6.94471 6.9502 6.95549 6.96054 6.96533 6.96984 6.97403 6.9779 6.98141 6.98455 6.9873 6.98965 6.99158 6.99308 6.99415 6.99478 6.99497 6.99471 6.99401 6.99287 6.9913 6.9893 6.9869 6.9841 6.98092 6.97738 6.9735 6.96929 6.96479 6.96001 6.95499 6.94974 6.9443 6.93869 6.93294 6.92709 6.92115 6.91516 6.90914 6.90312 6.89713 6.8912 6.88533 6.87957 6.87393 6.86843 6.8631 6.85794 6.85298 6.84823 6.8437 6.83941 6.83536 6.83157 6.82805 6.8248 6.82182 6.81913 6.81673 6.81462 6.81281 6.81129 6.81007 6.80915 6.80854 6.80822 
6.80334 6.80364 6.80427 6.80522 6.80649 6.80808 6.80999 6.81221 6.81475 6.8176 6.82075 6.8242 6.82794 6.83198 6.83628 6.84086 6.84569 6.85077 6.85608 6.86161 6.86733 6.87323 6.8793 6.8855 6.89182 6.89824 6.90472 6.91124 6.91777 6.92429 6.93077 6.93717 6.94347 6.94964 6.95564 6.96146 6.96705 6.97239 6.97746 6.98222 6.98665 6.99074 6.99444 6.99776 7.00066 7.00314 7.00518 7.00677 7.00789 7.00855 7.00874 7.00847 7.00772 7.00651 7.00485 7.00274 7.0002 6.99723 6.99387 6.99012 6.986 6.98155 6.97678 6.97172 6.9664 6.96085 6.95508 6.94914 6.94305 6.93684 6.93055 6.9242 6.91781 6.91143 6.90508 6.89877 6.89255 6.88643 6.88044 6.8746 6.86893 6.86345 6.85817 6.85312 6.8483 6.84373 6.83943 6.83539 6.83164 6.82818 6.82501 6.82214 6.81958 6.81732 6.81538 6.81376 6.81246 6.81147 6.81081 6.81047 
6.80567 6.80599 6.80665 6.80765 6.809 6.81068 6.81271 6.81507 6.81776 6.82078 6.82412 6.82779 6.83176 6.83604 6.84061 6.84546 6.85059 6.85598 6.86161 6.86747 6.87353 6.87979 6.88621 6.89279 6.89948 6.90627 6.91313 6.92003 6.92695 6.93384 6.94069 6.94747 6.95413 6.96065 6.96699 6.97313 6.97904 6.98468 6.99003 6.99506 6.99974 7.00405 7.00796 7.01146 7.01452 7.01713 7.01928 7.02095 7.02214 7.02283 7.02303 7.02273 7.02194 7.02066 7.0189 7.01667 7.01398 7.01084 7.00729 7.00332 6.99897 6.99427 6.98923 6.98388 6.97825 6.97237 6.96627 6.95999 6.95354 6.94697 6.94031 6.93358 6.92682 6.92006 6.91333 6.90665 6.90005 6.89357 6.88721 6.88102 6.875 6.86918 6.86358 6.85821 6.85309 6.84824 6.84366 6.83937 6.83538 6.83169 6.82832 6.82527 6.82254 6.82014 6.81807 6.81634 6.81495 6.81389 6.81318 6.81281 
6.80809 6.80843 6.80912 6.81018 6.8116 6.81339 6.81553 6.81803 6.82088 6.82408 6.82763 6.83151 6.83572 6.84025 6.84509 6.85024 6.85567 6.86137 6.86733 6.87353 6.87995 6.88657 6.89337 6.90032 6.9074 6.91458 6.92183 6.92913 6.93644 6.94372 6.95096 6.95811 6.96514 6.97202 6.97872 6.9852 6.99143 6.99738 7.00302 7.00832 7.01325 7.01779 7.02191 7.0256 7.02882 7.03157 7.03383 7.03559 7.03683 7.03756 7.03777 7.03745 7.03661 7.03526 7.0334 7.03104 7.0282 7.02489 7.02114 7.01695 7.01236 7.0074 7.00207 6.99642 6.99048 6.98427 6.97783 6.97119 6.96438 6.95744 6.9504 6.94328 6.93614 6.92899 6.92186 6.91479 6.90781 6.90095 6.89422 6.88765 6.88128 6.87511 6.86917 6.86348 6.85805 6.8529 6.84805 6.84349 6.83926 6.83534 6.83176 6.82851 6.82561 6.82306 6.82086 6.81901 6.81753 6.8164 6.81564 6.81525 
6.8106 6.81094 6.81168 6.81279 6.8143 6.81618 6.81845 6.82109 6.82411 6.82749 6.83124 6.83535 6.8398 6.8446 6.84972 6.85516 6.8609 6.86693 6.87323 6.87979 6.88657 6.89357 6.90075 6.90809 6.91557 6.92315 6.9308 6.9385 6.9462 6.95389 6.96152 6.96906 6.97647 6.98372 6.99077 6.9976 7.00416 7.01043 7.01637 7.02194 7.02714 7.03191 7.03625 7.04012 7.04352 7.04641 7.04878 7.05063 7.05193 7.0527 7.05291 7.05257 7.05169 7.05026 7.0483 7.04581 7.04282 7.03933 7.03537 7.03096 7.02613 7.02089 7.01528 7.00933 7.00306 6.99651 6.98972 6.98272 6.97553 6.96821 6.96078 6.95327 6.94572 6.93817 6.93065 6.92318 6.91581 6.90855 6.90144 6.89449 6.88775 6.88123 6.87494 6.86892 6.86317 6.85772 6.85257 6.84775 6.84326 6.8391 6.8353 6.83186 6.82878 6.82607 6.82373 6.82177 6.8202 6.819 6.81819 6.81776 
6.81318 6.81354 6.81431 6.81549 6.81707 6.81906 6.82145 6.82424 6.82743 6.83101 6.83497 6.8393 6.84401 6.84907 6.85448 6.86022 6.86628 6.87265 6.8793 6.88621 6.89337 6.90075 6.90832 6.91606 6.92394 6.93193 6.93999 6.9481 6.95622 6.96431 6.97234 6.98027 6.98807 6.9957 7.00312 7.0103 7.0172 7.02379 7.03003 7.03589 7.04135 7.04636 7.05092 7.05499 7.05855 7.06158 7.06408 7.06601 7.06738 7.06818 7.0684 7.06804 7.0671 7.0656 7.06354 7.06092 7.05777 7.05411 7.04994 7.0453 7.04021 7.0347 7.0288 7.02253 7.01594 7.00905 7.0019 6.99452 6.98696 6.97924 6.97141 6.9635 6.95555 6.94759 6.93966 6.93179 6.924 6.91635 6.90884 6.90152 6.8944 6.88751 6.88087 6.8745 6.86843 6.86266 6.85722 6.85212 6.84737 6.84297 6.83895 6.8353 6.83204 6.82917 6.82669 6.82462 6.82294 6.82167 6.82081 6.82035 
6.81582 6.8162 6.81701 6.81824 6.81991 6.82201 6.82453 6.82747 6.83083 6.8346 6.83878 6.84335 6.84831 6.85365 6.85935 6.8654 6.87179 6.8785 6.8855 6.89279 6.90032 6.90809 6.91606 6.92421 6.9325 6.9409 6.94938 6.95791 6.96644 6.97495 6.98339 6.99172 6.99991 7.00793 7.01572 7.02325 7.0305 7.03741 7.04396 7.05011 7.05583 7.06109 7.06587 7.07013 7.07387 7.07705 7.07966 7.08168 7.08312 7.08395 7.08417 7.0838 7.08281 7.08123 7.07906 7.07632 7.07301 7.06916 7.06478 7.05991 7.05457 7.04878 7.04258 7.036 7.02907 7.02183 7.01432 7.00657 6.99862 6.9905 6.98227 6.97395 6.96558 6.95721 6.94886 6.94057 6.93238 6.92431 6.91641 6.90869 6.90119 6.89392 6.88693 6.88021 6.87381 6.86772 6.86198 6.8566 6.85158 6.84694 6.84269 6.83883 6.83539 6.83235 6.82973 6.82753 6.82576 6.82441 6.82349 6.823 
6.81852 6.81892 6.81976 6.82106 6.82282 6.82502 6.82768 6.83077 6.83431 6.83828 6.84267 6.84748 6.8527 6.85832 6.86432 6.87068 6.8774 6.88446 6.89182 6.89948 6.9074 6.91557 6.92394 6.9325 6.94121 6.95003 6.95893 6.96788 6.97684 6.98576 6.99461 7.00335 7.01194 7.02034 7.02851 7.03641 7.044 7.05124 7.0581 7.06454 7.07053 7.07604 7.08104 7.0855 7.08941 7.09273 7.09546 7.09758 7.09908 7.09995 7.10018 7.09978 7.09875 7.09709 7.09481 7.09193 7.08847 7.08443 7.07985 7.07474 7.06914 7.06307 7.05657 7.04967 7.04241 7.03481 7.02693 7.0188 7.01046 7.00194 6.9933 6.98457 6.97578 6.96699 6.95822 6.94951 6.9409 6.93242 6.92411 6.91599 6.9081 6.90046 6.8931 6.88603 6.87929 6.87288 6.86683 6.86116 6.85587 6.85098 6.8465 6.84243 6.8388 6.83559 6.83283 6.83051 6.82863 6.82721 6.82623 6.82572 
6.82127 6.82168 6.82257 6.82393 6.82577 6.82809 6.83087 6.83413 6.83784 6.84201 6.84663 6.85168 6.85716 6.86306 6.86936 6.87605 6.8831 6.89051 6.89824 6.90627 6.91458 6.92315 6.93193 6.9409 6.95003 6.95927 6.9686 6.97798 6.98736 6.99671 7.00597 7.01513 7.02412 7.03291 7.04145 7.04971 7.05765 7.06522 7.07239 7.07913 7.08539 7.09114 7.09637 7.10103 7.10511 7.10858 7.11143 7.11365 7.11521 7.11611 7.11635 7.11593 7.11485 7.11311 7.11073 7.10772 7.10409 7.09987 7.09507 7.08973 7.08387 7.07752 7.07072 7.0635 7.05589 7.04794 7.03969 7.03118 7.02244 7.01352 7.00447 6.99532 6.98611 6.97689 6.96769 6.95856 6.94953 6.94064 6.93192 6.9234 6.91511 6.90709 6.89935 6.89193 6.88484 6.87811 6.87176 6.86579 6.86023 6.85508 6.85037 6.84609 6.84226 6.83889 6.83598 6.83353 6.83156 6.83005 6.82902 6.82847 
6.82406 6.82448 6.82541 6.82684 6.82877 6.83119 6.83412 6.83753 6.84142 6.84579 6.85063 6.85593 6.86168 6.86786 6.87446 6.88147 6.88886 6.89662 6.90472 6.91313 6.92183 6.9308 6.93999 6.94938 6.95893 6.9686 6.97836 6.98817 6.99797 7.00774 7.01743 7.02699 7.03638 7.04556 7.05449 7.06311 7.0714 7.0793 7.08679 7.09381 7.10034 7.10635 7.1118 7.11666 7.12091 7.12453 7.1275 7.12981 7.13143 7.13237 7.13262 7.13218 7.13105 7.12923 7.12675 7.1236 7.11981 7.1154 7.11039 7.10482 7.0987 7.09207 7.08496 7.07742 7.06947 7.06117 7.05255 7.04365 7.03451 7.02519 7.01572 7.00615 6.99652 6.98688 6.97725 6.9677 6.95824 6.94893 6.9398 6.93087 6.92219 6.91378 6.90568 6.89789 6.89046 6.8834 6.87673 6.87047 6.86464 6.85924 6.85429 6.84979 6.84577 6.84223 6.83917 6.8366 6.83452 6.83293 6.83185 6.83127 
6.82687 6.82731 6.82828 6.82977 6.83179 6.83433 6.83739 6.84095 6.84503 6.8496 6.85467 6.86021 6.86623 6.8727 6.8796 6.88693 6.89466 6.90277 6.91124 6.92003 6.92913 6.9385 6.9481 6.95791 6.96788 6.97798 6.98817 6.9984 7.00863 7.01882 7.02893 7.0389 7.04869 7.05826 7.06756 7.07655 7.08519 7.09342 7.10122 7.10853 7.11534 7.12159 7.12726 7.13233 7.13675 7.14052 7.14361 7.14601 7.1477 7.14867 7.14893 7.14846 7.14728 7.14539 7.14279 7.13952 7.13557 7.13097 7.12575 7.11994 7.11356 7.10665 7.09924 7.09138 7.0831 7.07444 7.06544 7.05616 7.04663 7.0369 7.02702 7.01703 7.00698 6.99691 6.98686 6.97687 6.967 6.95726 6.94772 6.93839 6.92931 6.92052 6.91204 6.90389 6.89612 6.88873 6.88175 6.87519 6.86908 6.86342 6.85823 6.85353 6.84931 6.8456 6.84239 6.83969 6.83751 6.83584 6.83471 6.83409 
6.8297 6.83016 6.83116 6.83272 6.83483 6.83748 6.84067 6.8444 6.84865 6.85343 6.85872 6.86451 6.87079 6.87755 6.88476 6.89241 6.90047 6.90894 6.91777 6.92695 6.93644 6.9462 6.95622 6.96644 6.97684 6.98736 6.99797 7.00863 7.01929 7.0299 7.04042 7.0508 7.06099 7.07095 7.08063 7.08998 7.09896 7.10752 7.11563 7.12323 7.13031 7.1368 7.1427 7.14796 7.15256 7.15647 7.15968 7.16217 7.16392 7.16493 7.16519 7.16471 7.16348 7.16151 7.15881 7.1554 7.15129 7.14651 7.14109 7.13504 7.1284 7.12121 7.11351 7.10532 7.0967 7.08769 7.07833 7.06866 7.05874 7.04861 7.03832 7.02791 7.01743 7.00694 6.99646 6.98605 6.97575 6.9656 6.95564 6.94591 6.93644 6.92726 6.91841 6.90991 6.90178 6.89407 6.88677 6.87992 6.87353 6.86762 6.86219 6.85727 6.85286 6.84898 6.84562 6.84279 6.84051 6.83877 6.83757 6.83693 
6.83253 6.833 6.83405 6.83567 6.83787 6.84063 6.84396 6.84784 6.85228 6.85726 6.86277 6.86881 6.87535 6.88239 6.8899 6.89787 6.90628 6.91509 6.92429 6.93384 6.94372 6.95389 6.96431 6.97495 6.98576 6.99671 7.00774 7.01882 7.0299 7.04093 7.05186 7.06264 7.07323 7.08358 7.09363 7.10333 7.11265 7.12154 7.12995 7.13785 7.14518 7.15193 7.15804 7.1635 7.16826 7.17232 7.17565 7.17823 7.18004 7.18109 7.18136 7.18085 7.17957 7.17753 7.17473 7.17118 7.16692 7.16196 7.15632 7.15004 7.14315 7.13569 7.12769 7.11919 7.11023 7.10087 7.09114 7.0811 7.07079 7.06026 7.04956 7.03874 7.02784 7.01693 7.00603 6.9952 6.98448 6.97392 6.96355 6.95341 6.94355 6.93399 6.92476 6.9159 6.90744 6.89939 6.89179 6.88464 6.87798 6.87181 6.86615 6.86102 6.85642 6.85236 6.84885 6.8459 6.84351 6.84169 6.84044 6.83977 
6.83535 6.83584 6.83693 6.83861 6.84089 6.84377 6.84723 6.85127 6.85589 6.86107 6.8668 6.87308 6.87989 6.88721 6.89502 6.90331 6.91205 6.92121 6.93077 6.94069 6.95096 6.96152 6.97234 6.98339 6.99461 7.00597 7.01743 7.02893 7.04042 7.05186 7.0632 7.07438 7.08536 7.09608 7.1065 7.11656 7.12621 7.13542 7.14414 7.15231 7.15991 7.16689 7.17322 7.17887 7.1838 7.188 7.19144 7.19411 7.19599 7.19707 7.19735 7.19682 7.19549 7.19337 7.19047 7.1868 7.18238 7.17724 7.1714 7.16489 7.15775 7.15002 7.14172 7.13291 7.12363 7.11392 7.10384 7.09342 7.08273 7.0718 7.0607 7.04947 7.03816 7.02683 7.01552 7.00427 6.99314 6.98216 6.97139 6.96086 6.9506 6.94067 6.93107 6.92186 6.91306 6.90469 6.89677 6.88934 6.8824 6.87598 6.87009 6.86474 6.85995 6.85572 6.85207 6.84899 6.8465 6.84461 6.8433 6.8426 
6.83814 6.83865 6.83978 6.84153 6.8439 6.84688 6.85047 6.85467 6.85946 6.86484 6.8708 6.87732 6.88438 6.89198 6.90009 6.90869 6.91775 6.92726 6.93717 6.94747 6.95811 6.96906 6.98027 6.99172 7.00335 7.01513 7.02699 7.0389 7.0508 7.06264 7.07438 7.08595 7.09731 7.10841 7.11918 7.12959 7.13958 7.1491 7.15811 7.16656 7.17441 7.18163 7.18817 7.19401 7.19911 7.20344 7.207 7.20975 7.21169 7.21281 7.21309 7.21255 7.21117 7.20898 7.20597 7.20218 7.19761 7.19229 7.18625 7.17952 7.17214 7.16414 7.15556 7.14644 7.13684 7.12679 7.11635 7.10557 7.0945 7.08319 7.07169 7.06006 7.04835 7.0366 7.02488 7.01322 7.00168 6.99031 6.97914 6.96821 6.95758 6.94727 6.93731 6.92775 6.91861 6.90992 6.90171 6.89399 6.88678 6.88011 6.87399 6.86843 6.86345 6.85906 6.85526 6.85206 6.84947 6.8475 6.84614 6.8454 
6.8409 6.84143 6.84259 6.84441 6.84686 6.84995 6.85367 6.85802 6.86299 6.86856 6.87473 6.88149 6.88881 6.89668 6.90507 6.91398 6.92337 6.93321 6.94347 6.95413 6.96514 6.97647 6.98807 6.99991 7.01194 7.02412 7.03638 7.04869 7.06099 7.07323 7.08536 7.09731 7.10905 7.1205 7.13163 7.14237 7.15268 7.16251 7.17181 7.18053 7.18863 7.19608 7.20283 7.20885 7.21411 7.21858 7.22225 7.22508 7.22708 7.22823 7.22852 7.22796 7.22654 7.22427 7.22117 7.21725 7.21254 7.20705 7.20081 7.19387 7.18624 7.17798 7.16912 7.15971 7.14979 7.13941 7.12863 7.11749 7.10605 7.09436 7.08248 7.07046 7.05835 7.0462 7.03408 7.02202 7.01008 6.99831 6.98675 6.97544 6.96443 6.95376 6.94345 6.93355 6.92408 6.91508 6.90656 6.89856 6.89109 6.88418 6.87783 6.87207 6.8669 6.86234 6.8584 6.85508 6.8524 6.85035 6.84894 6.84817 
6.84361 6.84415 6.84536 6.84723 6.84977 6.85297 6.85682 6.86131 6.86645 6.87221 6.8786 6.88558 6.89315 6.90128 6.90996 6.91917 6.92887 6.93903 6.94964 6.96065 6.97202 6.98372 6.9957 7.00793 7.02034 7.03291 7.04556 7.05826 7.07095 7.08358 7.09608 7.10841 7.1205 7.13231 7.14378 7.15485 7.16548 7.1756 7.18518 7.19416 7.20251 7.21017 7.21712 7.22332 7.22873 7.23334 7.23711 7.24003 7.24209 7.24327 7.24357 7.24298 7.24152 7.23919 7.23599 7.23195 7.2271 7.22144 7.21502 7.20786 7.2 7.19149 7.18236 7.17265 7.16243 7.15173 7.14061 7.12913 7.11733 7.10528 7.09302 7.08061 7.06812 7.05558 7.04307 7.03062 7.0183 7.00614 6.9942 6.98252 6.97114 6.96011 6.94946 6.93922 6.92944 6.92013 6.91132 6.90304 6.89532 6.88816 6.8816 6.87563 6.87029 6.86557 6.86149 6.85805 6.85527 6.85315 6.85168 6.85089 
6.84626 6.84681 6.84806 6.84999 6.85261 6.85591 6.85988 6.86453 6.86983 6.87578 6.88236 6.88957 6.89738 6.90577 6.91472 6.92422 6.93422 6.94471 6.95564 6.96699 6.97872 6.99077 7.00312 7.01572 7.02851 7.04145 7.05449 7.06756 7.08063 7.09363 7.1065 7.11918 7.13163 7.14378 7.15558 7.16697 7.17789 7.18831 7.19815 7.20739 7.21597 7.22385 7.23099 7.23736 7.24293 7.24766 7.25153 7.25454 7.25665 7.25786 7.25816 7.25756 7.25605 7.25365 7.25037 7.24622 7.24122 7.2354 7.2288 7.22144 7.21336 7.2046 7.1952 7.18522 7.1747 7.16369 7.15225 7.14043 7.12829 7.11588 7.10325 7.09048 7.07761 7.0647 7.05181 7.03898 7.02628 7.01375 7.00144 6.9894 6.97767 6.96629 6.95531 6.94475 6.93465 6.92504 6.91596 6.90741 6.89944 6.89205 6.88527 6.87911 6.87359 6.86872 6.8645 6.86095 6.85807 6.85588 6.85437 6.85354 
6.84883 6.8494 6.85068 6.85267 6.85537 6.85877 6.86286 6.86764 6.8731 6.87923 6.88601 6.89343 6.90148 6.91012 6.91934 6.92911 6.93941 6.9502 6.96146 6.97313 6.9852 6.9976 7.0103 7.02325 7.03641 7.04971 7.06311 7.07655 7.08998 7.10333 7.11656 7.12959 7.14237 7.15485 7.16697 7.17866 7.18988 7.20057 7.21067 7.22015 7.22896 7.23704 7.24437 7.25091 7.25661 7.26147 7.26544 7.26852 7.27069 7.27193 7.27224 7.27162 7.27007 7.26761 7.26423 7.25997 7.25484 7.24887 7.24209 7.23453 7.22624 7.21725 7.2076 7.19735 7.18655 7.17524 7.16349 7.15135 7.13887 7.12611 7.11314 7.10001 7.08678 7.07351 7.06025 7.04707 7.034 7.02111 7.00845 6.99606 6.98399 6.97228 6.96097 6.9501 6.9397 6.92981 6.92045 6.91165 6.90343 6.89582 6.88883 6.88249 6.87679 6.87177 6.86742 6.86376 6.8608 6.85853 6.85697 6.85612 
6.85131 6.8519 6.85321 6.85526 6.85803 6.86152 6.86573 6.87065 6.87626 6.88256 6.88953 6.89716 6.90542 6.91431 6.92378 6.93382 6.9444 6.95549 6.96705 6.97904 6.99143 7.00416 7.0172 7.0305 7.044 7.05765 7.0714 7.08519 7.09896 7.11265 7.12621 7.13958 7.15268 7.16548 7.17789 7.18988 7.20137 7.21232 7.22268 7.23239 7.24141 7.24969 7.2572 7.26389 7.26974 7.27471 7.27878 7.28193 7.28414 7.28541 7.28573 7.28509 7.28351 7.28098 7.27752 7.27316 7.2679 7.26179 7.25484 7.24709 7.23859 7.22938 7.21949 7.20899 7.19791 7.18632 7.17427 7.16182 7.14902 7.13594 7.12264 7.10917 7.09559 7.08197 7.06837 7.05483 7.04142 7.02819 7.01518 7.00246 6.99006 6.97803 6.96641 6.95524 6.94456 6.93439 6.92477 6.91572 6.90728 6.89945 6.89226 6.88574 6.87988 6.87471 6.87024 6.86647 6.86342 6.86109 6.85949 6.85861 
6.85369 6.85429 6.85564 6.85774 6.86058 6.86416 6.86848 6.87353 6.87928 6.88575 6.8929 6.90072 6.9092 6.91831 6.92803 6.93833 6.94918 6.96054 6.97239 6.98468 6.99738 7.01043 7.02379 7.03741 7.05124 7.06522 7.0793 7.09342 7.10752 7.12154 7.13542 7.1491 7.16251 7.1756 7.18831 7.20057 7.21232 7.22353 7.23412 7.24405 7.25327 7.26174 7.26941 7.27625 7.28223 7.28731 7.29147 7.29469 7.29695 7.29825 7.29857 7.29792 7.2963 7.29372 7.29018 7.28571 7.28034 7.27408 7.26698 7.25906 7.25036 7.24093 7.23082 7.22007 7.20874 7.19688 7.18455 7.1718 7.1587 7.14531 7.13169 7.1179 7.104 7.09005 7.07611 7.06224 7.0485 7.03494 7.02161 7.00857 6.99586 6.98353 6.97161 6.96016 6.9492 6.93877 6.9289 6.91962 6.91095 6.90292 6.89555 6.88885 6.88284 6.87753 6.87294 6.86907 6.86594 6.86354 6.86189 6.86099 
6.85595 6.85656 6.85794 6.86009 6.863 6.86667 6.8711 6.87626 6.88216 6.88878 6.8961 6.90411 6.91279 6.92211 6.93206 6.9426 6.9537 6.96533 6.97746 6.99003 7.00302 7.01637 7.03003 7.04396 7.0581 7.07239 7.08679 7.10122 7.11563 7.12995 7.14414 7.15811 7.17181 7.18518 7.19815 7.21067 7.22268 7.23412 7.24493 7.25507 7.26448 7.27313 7.28096 7.28794 7.29404 7.29922 7.30347 7.30675 7.30906 7.31038 7.31071 7.31005 7.30839 7.30575 7.30214 7.29758 7.29209 7.28571 7.27845 7.27036 7.26148 7.25186 7.24153 7.23055 7.21898 7.20686 7.19426 7.18124 7.16786 7.15418 7.14025 7.12616 7.11195 7.09769 7.08344 7.06926 7.0552 7.04133 7.0277 7.01436 7.00135 6.98873 6.97654 6.96482 6.9536 6.94292 6.93282 6.92332 6.91444 6.90622 6.89866 6.8918 6.88565 6.88021 6.8755 6.87154 6.86833 6.86588 6.86418 6.86326 
6.85808 6.85871 6.86012 6.86231 6.86529 6.86904 6.87356 6.87884 6.88487 6.89163 6.89911 6.9073 6.91616 6.92569 6.93585 6.94662 6.95796 6.96984 6.98222 6.99506 7.00832 7.02194 7.03589 7.05011 7.06454 7.07913 7.09381 7.10853 7.12323 7.13785 7.15231 7.16656 7.18053 7.19416 7.20739 7.22015 7.23239 7.24405 7.25507 7.2654 7.27499 7.2838 7.29178 7.29889 7.30511 7.31039 7.31471 7.31806 7.32041 7.32175 7.32209 7.32141 7.31972 7.31703 7.31335 7.3087 7.30311 7.2966 7.28921 7.28096 7.27191 7.2621 7.25157 7.24038 7.22858 7.21623 7.20338 7.1901 7.17645 7.16249 7.14829 7.13391 7.11941 7.10486 7.09032 7.07584 7.0615 7.04734 7.03342 7.0198 7.00652 6.99363 6.98118 6.9692 6.95774 6.94683 6.93651 6.9268 6.91773 6.90932 6.9016 6.89458 6.88829 6.88273 6.87792 6.87387 6.87059 6.86808 6.86635 6.8654 
6.86008 6.86071 6.86215 6.86439 6.86742 6.87125 6.87586 6.88124 6.88739 6.89429 6.90192 6.91027 6.91931 6.92903 6.93939 6.95037 6.96193 6.97403 6.98665 6.99974 7.01325 7.02714 7.04135 7.05583 7.07053 7.08539 7.10034 7.11534 7.13031 7.14518 7.15991 7.17441 7.18863 7.20251 7.21597 7.22896 7.24141 7.25327 7.26448 7.27499 7.28475 7.29371 7.30183 7.30906 7.31538 7.32075 7.32515 7.32855 7.33094 7.33231 7.33265 7.33195 7.33023 7.3275 7.32375 7.31903 7.31334 7.30671 7.29919 7.2908 7.28159 7.27161 7.2609 7.24951 7.2375 7.22492 7.21185 7.19833 7.18443 7.17022 7.15576 7.14111 7.12635 7.11153 7.09671 7.08197 7.06735 7.05293 7.03874 7.02486 7.01132 6.99819 6.98549 6.97328 6.9616 6.95047 6.93995 6.93004 6.92079 6.91221 6.90434 6.89718 6.89076 6.88509 6.88018 6.87604 6.87269 6.87013 6.86836 6.8674 
6.86192 6.86256 6.86403 6.86631 6.8694 6.87329 6.87798 6.88347 6.88972 6.89675 6.90451 6.91301 6.92221 6.9321 6.94265 6.95382 6.96558 6.9779 6.99074 7.00405 7.01779 7.03191 7.04636 7.06109 7.07604 7.09114 7.10635 7.12159 7.1368 7.15193 7.16689 7.18163 7.19608 7.21017 7.22385 7.23704 7.24969 7.26174 7.27313 7.2838 7.29371 7.30281 7.31105 7.31839 7.32481 7.33026 7.33472 7.33818 7.3406 7.34199 7.34234 7.34163 7.33989 7.3371 7.3333 7.3285 7.32272 7.316 7.30836 7.29984 7.29048 7.28034 7.26946 7.25789 7.24569 7.23291 7.21962 7.20589 7.19176 7.17732 7.16262 7.14774 7.13272 7.11766 7.10259 7.0876 7.07274 7.05807 7.04364 7.02952 7.01575 7.00238 6.98946 6.97704 6.96515 6.95383 6.94311 6.93303 6.92361 6.91488 6.90686 6.89958 6.89304 6.88726 6.88226 6.87805 6.87464 6.87203 6.87023 6.86924 
6.86359 6.86425 6.86574 6.86806 6.87119 6.87515 6.87992 6.88549 6.89185 6.89898 6.90687 6.91551 6.92486 6.9349 6.94561 6.95695 6.9689 6.98141 6.99444 7.00796 7.02191 7.03625 7.05092 7.06587 7.08104 7.09637 7.1118 7.12726 7.1427 7.15804 7.17322 7.18817 7.20283 7.21712 7.23099 7.24437 7.2572 7.26941 7.28096 7.29178 7.30183 7.31105 7.3194 7.32685 7.33335 7.33888 7.3434 7.3469 7.34936 7.35076 7.35111 7.3504 7.34863 7.34581 7.34195 7.33709 7.33123 7.32441 7.31666 7.30802 7.29854 7.28825 7.27722 7.26548 7.25311 7.24015 7.22667 7.21274 7.19841 7.18376 7.16885 7.15374 7.13851 7.12322 7.10793 7.09271 7.07763 7.06273 7.04809 7.03375 7.01976 7.00619 6.99307 6.98045 6.96838 6.95688 6.94599 6.93575 6.92618 6.91731 6.90916 6.90176 6.89511 6.88924 6.88416 6.87988 6.87641 6.87376 6.87193 6.87092 
6.8651 6.86577 6.86728 6.86962 6.87281 6.87682 6.88166 6.8873 6.89375 6.90099 6.90899 6.91774 6.92722 6.9374 6.94826 6.95976 6.97187 6.98455 6.99776 7.01146 7.0256 7.04012 7.05499 7.07013 7.0855 7.10103 7.11666 7.13233 7.14796 7.1635 7.17887 7.19401 7.20885 7.22332 7.23736 7.25091 7.26389 7.27625 7.28794 7.29889 7.30906 7.31839 7.32685 7.33438 7.34096 7.34655 7.35113 7.35467 7.35716 7.35858 7.35893 7.35821 7.35642 7.35356 7.34966 7.34474 7.33881 7.3319 7.32406 7.31532 7.30572 7.2953 7.28413 7.27225 7.25972 7.2466 7.23296 7.21885 7.20434 7.1895 7.1744 7.1591 7.14367 7.12818 7.11269 7.09727 7.08199 7.0669 7.05205 7.03752 7.02335 7.00959 6.9963 6.98351 6.97126 6.9596 6.94857 6.93818 6.92848 6.91948 6.91122 6.90371 6.89697 6.89102 6.88586 6.88152 6.878 6.87531 6.87345 6.87244 
6.86643 6.8671 6.86863 6.87101 6.87423 6.87829 6.88318 6.8889 6.89543 6.90275 6.91084 6.9197 6.92929 6.9396 6.95058 6.96222 6.97447 6.9873 7.00066 7.01452 7.02882 7.04352 7.05855 7.07387 7.08941 7.10511 7.12091 7.13675 7.15256 7.16826 7.1838 7.19911 7.21411 7.22873 7.24293 7.25661 7.26974 7.28223 7.29404 7.30511 7.31538 7.32481 7.33335 7.34096 7.34761 7.35326 7.35788 7.36146 7.36397 7.36541 7.36576 7.36503 7.36322 7.36033 7.35639 7.35142 7.34542 7.33845 7.33052 7.32169 7.31199 7.30146 7.29017 7.27817 7.2655 7.25224 7.23845 7.22419 7.20952 7.19452 7.17925 7.16378 7.14818 7.13252 7.11686 7.10126 7.0858 7.07054 7.05553 7.04083 7.02649 7.01258 6.99912 6.98618 6.97379 6.962 6.95083 6.94032 6.9305 6.92139 6.91303 6.90543 6.8986 6.89258 6.88736 6.88297 6.8794 6.87668 6.8748 6.87377 
6.86757 6.86825 6.86979 6.87219 6.87544 6.87955 6.88449 6.89027 6.89686 6.90425 6.91243 6.92138 6.93107 6.94147 6.95257 6.96432 6.97669 6.98965 7.00314 7.01713 7.03157 7.04641 7.06158 7.07705 7.09273 7.10858 7.12453 7.14052 7.15647 7.17232 7.188 7.20344 7.21858 7.23334 7.24766 7.26147 7.27471 7.28731 7.29922 7.31039 7.32075 7.33026 7.33888 7.34655 7.35326 7.35895 7.36362 7.36723 7.36976 7.37121 7.37156 7.37083 7.369 7.36609 7.36211 7.35709 7.35105 7.34401 7.33602 7.3271 7.31731 7.3067 7.29531 7.28319 7.27042 7.25704 7.24312 7.22873 7.21393 7.19879 7.18338 7.16776 7.15202 7.13621 7.1204 7.10466 7.08905 7.07364 7.05849 7.04365 7.02917 7.01512 7.00153 6.98846 6.97595 6.96404 6.95275 6.94214 6.93222 6.92302 6.91458 6.9069 6.9 6.89392 6.88864 6.8842 6.8806 6.87785 6.87595 6.87491 
6.86851 6.8692 6.87075 6.87317 6.87645 6.88059 6.88558 6.8914 6.89804 6.9055 6.91375 6.92276 6.93253 6.94302 6.95421 6.96605 6.97852 6.99158 7.00518 7.01928 7.03383 7.04878 7.06408 7.07966 7.09546 7.11143 7.1275 7.14361 7.15968 7.17565 7.19144 7.207 7.22225 7.23711 7.25153 7.26544 7.27878 7.29147 7.30347 7.31471 7.32515 7.33472 7.3434 7.35113 7.35788 7.36362 7.36831 7.37195 7.3745 7.37596 7.37631 7.37557 7.37373 7.3708 7.3668 7.36174 7.35565 7.34856 7.34051 7.33154 7.32168 7.31099 7.29951 7.28731 7.27444 7.26096 7.24694 7.23245 7.21754 7.20228 7.18676 7.17103 7.15517 7.13924 7.12331 7.10745 7.09172 7.07619 7.06092 7.04596 7.03137 7.01721 7.00351 6.99034 6.97773 6.96572 6.95434 6.94364 6.93364 6.92437 6.91585 6.90811 6.90116 6.89502 6.88971 6.88523 6.8816 6.87882 6.8769 6.87585 
6.86926 6.86995 6.87151 6.87395 6.87725 6.88141 6.88643 6.89228 6.89897 6.90647 6.91477 6.92385 6.93368 6.94423 6.95548 6.9674 6.97995 6.99308 7.00677 7.02095 7.03559 7.05063 7.06601 7.08168 7.09758 7.11365 7.12981 7.14601 7.16217 7.17823 7.19411 7.20975 7.22508 7.24003 7.25454 7.26852 7.28193 7.29469 7.30675 7.31806 7.32855 7.33818 7.3469 7.35467 7.36146 7.36723 7.37195 7.3756 7.37816 7.37963 7.37999 7.37924 7.37739 7.37444 7.37042 7.36533 7.35921 7.35209 7.34399 7.33496 7.32505 7.3143 7.30276 7.2905 7.27755 7.264 7.2499 7.23532 7.22033 7.20499 7.18938 7.17356 7.1576 7.14158 7.12556 7.10961 7.09379 7.07817 7.0628 7.04776 7.03308 7.01883 7.00506 6.9918 6.97911 6.96703 6.95558 6.94482 6.93475 6.92542 6.91685 6.90906 6.90207 6.89589 6.89054 6.88603 6.88238 6.87959 6.87766 6.8766 
6.8698 6.87049 6.87206 6.87451 6.87782 6.882 6.88704 6.89293 6.89964 6.90718 6.91551 6.92462 6.93449 6.94509 6.95639 6.96836 6.98096 6.99415 7.00789 7.02214 7.03683 7.05193 7.06738 7.08312 7.09908 7.11521 7.13143 7.1477 7.16392 7.18004 7.19599 7.21169 7.22708 7.24209 7.25665 7.27069 7.28414 7.29695 7.30906 7.32041 7.33094 7.3406 7.34936 7.35716 7.36397 7.36976 7.3745 7.37816 7.38074 7.38221 7.38257 7.38182 7.37996 7.377 7.37296 7.36785 7.36171 7.35456 7.34643 7.33737 7.32742 7.31663 7.30505 7.29273 7.27974 7.26614 7.25199 7.23735 7.2223 7.2069 7.19122 7.17534 7.15932 7.14324 7.12715 7.11113 7.09525 7.07957 7.06414 7.04903 7.03429 7.01998 7.00615 6.99284 6.9801 6.96796 6.95647 6.94565 6.93555 6.92618 6.91757 6.90974 6.90272 6.89652 6.89114 6.88662 6.88295 6.88014 6.8782 6.87714 
6.87013 6.87082 6.8724 6.87485 6.87817 6.88237 6.88742 6.89331 6.90005 6.9076 6.91595 6.92509 6.93498 6.94561 6.95693 6.96893 6.98156 6.99478 7.00855 7.02283 7.03756 7.0527 7.06818 7.08395 7.09995 7.11611 7.13237 7.14867 7.16493 7.18109 7.19707 7.21281 7.22823 7.24327 7.25786 7.27193 7.28541 7.29825 7.31038 7.32175 7.33231 7.34199 7.35076 7.35858 7.36541 7.37121 7.37596 7.37963 7.38221 7.38368 7.38404 7.38329 7.38143 7.37846 7.37441 7.3693 7.36314 7.35597 7.34783 7.33875 7.32878 7.31796 7.30636 7.29401 7.281 7.26736 7.25318 7.23851 7.22343 7.20799 7.19228 7.17637 7.16031 7.14419 7.12807 7.11202 7.0961 7.08038 7.06491 7.04977 7.035 7.02066 7.00679 6.99345 6.98068 6.96851 6.95699 6.94615 6.93602 6.92663 6.918 6.91016 6.90312 6.8969 6.89151 6.88697 6.88329 6.88048 6.87854 6.87747 
