3.57164 3.57185 3.57208 3.57232 3.57259 3.57287 3.57317 3.57349 3.57383 3.5742 3.57459 3.57501 3.57546 3.57594 3.57646 3.57702 3.57762 3.57826 3.57895 3.5797 3.58049 3.58134 3.58225 3.58321 3.58422 3.58529 3.58641 3.58758 3.58879 3.59004 3.59132 3.59263 3.59396 3.59529 3.59663 3.59796 3.59928 3.60056 3.60181 3.603 3.60414 3.60521 3.60619 3.60709 3.60789 3.60859 3.60917 3.60964 3.60998 3.6102 3.61029 3.61026 3.61009 3.60981 3.6094 3.60887 3.60823 3.60748 3.60664 3.6057 3.60468 3.6036 3.60245 3.60125 3.60001 3.59874 3.59745 3.59615 3.59485 3.59356 3.5923 3.59106 3.58985 3.58869 3.58757 3.58651 3.5855 3.58455 3.58367 3.58285 3.5821 3.58142 3.5808 3.58025 3.57977 3.57934 3.57898 3.57868 3.57843 3.57823 3.57809 3.57799 3.57793 3.57792 3.57794 3.578 3.57808 3.5782 3.57834 3.57851 
3.57185 3.57206 3.57229 3.57253 3.5728 3.57308 3.57338 3.5737 3.57404 3.57441 3.5748 3.57522 3.57567 3.57616 3.57668 3.57724 3.57785 3.5785 3.5792 3.57995 3.58075 3.58161 3.58253 3.5835 3.58453 3.58561 3.58674 3.58792 3.58915 3.59042 3.59172 3.59304 3.59439 3.59575 3.5971 3.59845 3.59979 3.60109 3.60235 3.60357 3.60472 3.6058 3.6068 3.60771 3.60852 3.60923 3.60982 3.61029 3.61064 3.61087 3.61096 3.61092 3.61076 3.61046 3.61005 3.60951 3.60886 3.6081 3.60725 3.6063 3.60526 3.60416 3.60299 3.60178 3.60052 3.59923 3.59792 3.59661 3.59529 3.59398 3.5927 3.59144 3.59022 3.58904 3.58791 3.58683 3.58581 3.58485 3.58396 3.58313 3.58237 3.58168 3.58105 3.58049 3.58 3.57957 3.57921 3.5789 3.57865 3.57845 3.5783 3.5782 3.57815 3.57813 3.57815 3.57821 3.57829 3.57841 3.57855 3.57871 
3.57208 3.57229 3.57251 3.57276 3.57303 3.57331 3.57362 3.57395 3.5743 3.57467 3.57507 3.5755 3.57597 3.57647 3.57701 3.57759 3.57821 3.57889 3.57961 3.58039 3.58123 3.58212 3.58307 3.58408 3.58515 3.58627 3.58745 3.58868 3.58996 3.59128 3.59263 3.59401 3.59541 3.59682 3.59824 3.59964 3.60103 3.60238 3.6037 3.60496 3.60615 3.60728 3.60832 3.60926 3.61011 3.61084 3.61145 3.61194 3.61231 3.61253 3.61263 3.61259 3.61242 3.61211 3.61168 3.61112 3.61044 3.60965 3.60876 3.60777 3.6067 3.60555 3.60434 3.60307 3.60176 3.60042 3.59906 3.59769 3.59632 3.59496 3.59362 3.59231 3.59104 3.58981 3.58863 3.5875 3.58644 3.58544 3.58451 3.58365 3.58285 3.58213 3.58148 3.58089 3.58038 3.57993 3.57954 3.57922 3.57895 3.57874 3.57858 3.57847 3.57841 3.57838 3.5784 3.57845 3.57853 3.57864 3.57878 3.57894 
3.57232 3.57253 3.57276 3.57301 3.57328 3.57358 3.57389 3.57423 3.57459 3.57498 3.5754 3.57585 3.57634 3.57687 3.57743 3.57805 3.57871 3.57943 3.5802 3.58103 3.58192 3.58287 3.58388 3.58496 3.5861 3.5873 3.58855 3.58987 3.59123 3.59263 3.59407 3.59554 3.59704 3.59854 3.60004 3.60154 3.60301 3.60445 3.60585 3.60719 3.60846 3.60965 3.61076 3.61176 3.61265 3.61343 3.61408 3.6146 3.61498 3.61522 3.61532 3.61528 3.61509 3.61476 3.6143 3.6137 3.61298 3.61214 3.61119 3.61014 3.609 3.60777 3.60648 3.60513 3.60374 3.60231 3.60086 3.5994 3.59794 3.59649 3.59506 3.59367 3.59231 3.591 3.58974 3.58854 3.5874 3.58633 3.58534 3.58441 3.58356 3.58278 3.58208 3.58145 3.58089 3.58041 3.57999 3.57963 3.57934 3.5791 3.57892 3.57879 3.57871 3.57867 3.57868 3.57872 3.57879 3.57889 3.57903 3.57919 
3.57259 3.5728 3.57303 3.57328 3.57356 3.57386 3.57419 3.57455 3.57493 3.57534 3.57579 3.57627 3.57679 3.57735 3.57797 3.57863 3.57935 3.58012 3.58096 3.58186 3.58283 3.58386 3.58497 3.58614 3.58738 3.58869 3.59005 3.59148 3.59296 3.59449 3.59606 3.59765 3.59927 3.60091 3.60254 3.60416 3.60575 3.60731 3.60883 3.61028 3.61165 3.61294 3.61413 3.61522 3.61618 3.61702 3.61772 3.61827 3.61868 3.61894 3.61905 3.619 3.61879 3.61844 3.61793 3.61728 3.6165 3.61559 3.61456 3.61342 3.61218 3.61085 3.60945 3.60799 3.60647 3.60492 3.60335 3.60176 3.60018 3.5986 3.59705 3.59553 3.59405 3.59262 3.59125 3.58994 3.5887 3.58753 3.58644 3.58543 3.58449 3.58364 3.58287 3.58217 3.58155 3.58101 3.58054 3.58014 3.57981 3.57954 3.57933 3.57917 3.57906 3.579 3.57899 3.57901 3.57908 3.57917 3.5793 3.57946 
3.57287 3.57308 3.57331 3.57358 3.57386 3.57418 3.57453 3.5749 3.57531 3.57575 3.57623 3.57675 3.57732 3.57794 3.57861 3.57934 3.58013 3.58098 3.58191 3.5829 3.58397 3.58512 3.58634 3.58764 3.58901 3.59045 3.59197 3.59354 3.59518 3.59687 3.5986 3.60036 3.60215 3.60394 3.60574 3.60752 3.60928 3.61099 3.61265 3.61424 3.61575 3.61717 3.61847 3.61966 3.62071 3.62163 3.62239 3.623 3.62345 3.62373 3.62384 3.62378 3.62355 3.62315 3.6226 3.62188 3.62102 3.62002 3.61888 3.61763 3.61626 3.6148 3.61326 3.61165 3.60998 3.60827 3.60654 3.60479 3.60304 3.6013 3.59959 3.59791 3.59627 3.59469 3.59317 3.59172 3.59035 3.58905 3.58784 3.58671 3.58566 3.58471 3.58384 3.58306 3.58236 3.58175 3.58121 3.58075 3.58037 3.58005 3.57979 3.5796 3.57946 3.57938 3.57934 3.57934 3.57939 3.57947 3.57959 3.57974 
3.57317 3.57338 3.57362 3.57389 3.57419 3.57453 3.57489 3.57529 3.57573 3.57621 3.57674 3.57731 3.57794 3.57862 3.57937 3.58018 3.58106 3.58201 3.58304 3.58416 3.58536 3.58664 3.58801 3.58946 3.591 3.59261 3.59431 3.59607 3.5979 3.59978 3.60172 3.60368 3.60567 3.60767 3.60967 3.61166 3.61361 3.61551 3.61736 3.61912 3.62079 3.62236 3.62381 3.62512 3.62628 3.62729 3.62813 3.6288 3.62929 3.6296 3.62972 3.62965 3.62939 3.62895 3.62833 3.62753 3.62657 3.62545 3.62419 3.62279 3.62128 3.61965 3.61794 3.61615 3.61429 3.61239 3.61046 3.60851 3.60656 3.60462 3.6027 3.60083 3.599 3.59723 3.59553 3.5939 3.59235 3.5909 3.58953 3.58826 3.58708 3.586 3.58501 3.58412 3.58333 3.58262 3.582 3.58147 3.58102 3.58064 3.58033 3.58009 3.57991 3.57979 3.57972 3.5797 3.57973 3.5798 3.5799 3.58005 
3.57349 3.5737 3.57395 3.57423 3.57455 3.5749 3.57529 3.57573 3.57621 3.57674 3.57731 3.57795 3.57865 3.57941 3.58024 3.58115 3.58215 3.58322 3.58439 3.58564 3.587 3.58845 3.58999 3.59163 3.59337 3.59519 3.5971 3.59909 3.60115 3.60327 3.60544 3.60765 3.60988 3.61213 3.61437 3.61659 3.61878 3.62091 3.62297 3.62494 3.6268 3.62855 3.63016 3.63162 3.63292 3.63404 3.63497 3.63572 3.63626 3.63659 3.63672 3.63663 3.63634 3.63585 3.63515 3.63426 3.63318 3.63193 3.63052 3.62895 3.62726 3.62544 3.62352 3.62151 3.61943 3.6173 3.61513 3.61294 3.61075 3.60857 3.60641 3.6043 3.60224 3.60025 3.59833 3.59649 3.59474 3.59309 3.59154 3.59009 3.58875 3.58752 3.58639 3.58537 3.58445 3.58364 3.58292 3.5823 3.58176 3.58131 3.58094 3.58064 3.58041 3.58025 3.58015 3.5801 3.5801 3.58015 3.58024 3.58037 
3.57383 3.57404 3.5743 3.57459 3.57493 3.57531 3.57573 3.57621 3.57674 3.57732 3.57796 3.57867 3.57945 3.58031 3.58125 3.58228 3.5834 3.58462 3.58595 3.58737 3.58891 3.59055 3.5923 3.59417 3.59613 3.5982 3.60036 3.60261 3.60494 3.60734 3.60979 3.61228 3.6148 3.61733 3.61986 3.62235 3.62481 3.6272 3.62951 3.63172 3.63382 3.63577 3.63757 3.6392 3.64065 3.6419 3.64295 3.64377 3.64437 3.64474 3.64488 3.64478 3.64445 3.64388 3.6431 3.64209 3.64088 3.63948 3.63789 3.63613 3.63423 3.63218 3.63002 3.62776 3.62542 3.62302 3.62058 3.61811 3.61564 3.61318 3.61075 3.60836 3.60603 3.60377 3.60159 3.59951 3.59752 3.59564 3.59387 3.59222 3.59069 3.58928 3.58799 3.58681 3.58575 3.58481 3.58397 3.58324 3.58261 3.58207 3.58162 3.58126 3.58097 3.58076 3.58061 3.58053 3.5805 3.58052 3.5806 3.58072 
3.5742 3.57441 3.57467 3.57498 3.57534 3.57575 3.57621 3.57674 3.57732 3.57797 3.57869 3.57949 3.58037 3.58134 3.5824 3.58357 3.58484 3.58623 3.58773 3.58936 3.5911 3.59297 3.59497 3.59708 3.59932 3.60167 3.60412 3.60667 3.60931 3.61202 3.6148 3.61762 3.62046 3.62332 3.62616 3.62898 3.63174 3.63443 3.63703 3.63951 3.64186 3.64405 3.64607 3.6479 3.64952 3.65092 3.65208 3.653 3.65367 3.65408 3.65422 3.65411 3.65373 3.65309 3.65221 3.65108 3.64972 3.64813 3.64635 3.64437 3.64222 3.63992 3.63749 3.63494 3.6323 3.62959 3.62684 3.62405 3.62126 3.61848 3.61573 3.61303 3.61038 3.60782 3.60535 3.60298 3.60072 3.59858 3.59656 3.59467 3.59292 3.5913 3.58981 3.58846 3.58723 3.58614 3.58516 3.58431 3.58356 3.58293 3.58239 3.58194 3.58159 3.58132 3.58112 3.58099 3.58093 3.58093 3.58098 3.58109 
3.57459 3.5748 3.57507 3.5754 3.57579 3.57623 3.57674 3.57731 3.57796 3.57869 3.5795 3.58039 3.58139 3.58249 3.5837 3.58502 3.58647 3.58805 3.58976 3.59161 3.5936 3.59573 3.598 3.60041 3.60295 3.60561 3.6084 3.61129 3.61428 3.61736 3.62049 3.62368 3.62689 3.63012 3.63332 3.63649 3.63961 3.64263 3.64555 3.64834 3.65097 3.65343 3.65569 3.65774 3.65955 3.66111 3.66241 3.66344 3.66418 3.66463 3.66479 3.66466 3.66423 3.66351 3.66251 3.66124 3.6597 3.65792 3.65591 3.65369 3.65127 3.64868 3.64594 3.64307 3.6401 3.63705 3.63394 3.63079 3.62764 3.6245 3.62138 3.61832 3.61533 3.61242 3.60961 3.60692 3.60435 3.60191 3.59961 3.59745 3.59544 3.59359 3.59188 3.59032 3.58891 3.58764 3.58651 3.58551 3.58463 3.58388 3.58324 3.58271 3.58227 3.58193 3.58167 3.5815 3.5814 3.58136 3.5814 3.58149 
3.57501 3.57522 3.5755 3.57585 3.57627 3.57675 3.57731 3.57795 3.57867 3.57949 3.58039 3.58141 3.58253 3.58378 3.58515 3.58666 3.58831 3.5901 3.59205 3.59416 3.59642 3.59884 3.60142 3.60415 3.60704 3.61006 3.61322 3.6165 3.61988 3.62336 3.6269 3.6305 3.63412 3.63775 3.64137 3.64493 3.64843 3.65183 3.6551 3.65823 3.66118 3.66393 3.66647 3.66875 3.67078 3.67252 3.67397 3.67511 3.67594 3.67644 3.67661 3.67645 3.67596 3.67515 3.67403 3.6726 3.67088 3.66888 3.66662 3.66412 3.6614 3.65849 3.65541 3.65219 3.64884 3.64541 3.64191 3.63836 3.6348 3.63125 3.62774 3.62428 3.62089 3.6176 3.61441 3.61135 3.60843 3.60566 3.60304 3.60058 3.59829 3.59616 3.5942 3.59241 3.59079 3.58932 3.58801 3.58684 3.58583 3.58494 3.58418 3.58355 3.58302 3.5826 3.58228 3.58205 3.5819 3.58183 3.58184 3.58192 
3.57546 3.57567 3.57597 3.57634 3.57679 3.57732 3.57794 3.57865 3.57945 3.58037 3.58139 3.58253 3.58381 3.58522 3.58678 3.58849 3.59036 3.5924 3.59461 3.597 3.59957 3.60232 3.60525 3.60835 3.61161 3.61504 3.61861 3.62231 3.62614 3.63005 3.63405 3.6381 3.64218 3.64626 3.65032 3.65432 3.65824 3.66205 3.66571 3.66921 3.67251 3.67559 3.67841 3.68096 3.68322 3.68516 3.68677 3.68804 3.68896 3.68951 3.68969 3.68951 3.68896 3.68805 3.68679 3.68519 3.68326 3.68102 3.67849 3.67569 3.67265 3.66938 3.66593 3.66231 3.65856 3.6547 3.65076 3.64678 3.64278 3.63878 3.63482 3.63091 3.62709 3.62337 3.61977 3.6163 3.61299 3.60984 3.60687 3.60407 3.60146 3.59903 3.5968 3.59474 3.59288 3.59119 3.58968 3.58833 3.58715 3.58611 3.58522 3.58447 3.58384 3.58334 3.58294 3.58264 3.58245 3.58234 3.58232 3.58238 
3.57594 3.57616 3.57647 3.57687 3.57735 3.57794 3.57862 3.57941 3.58031 3.58134 3.58249 3.58378 3.58522 3.58682 3.58858 3.59052 3.59264 3.59495 3.59746 3.60017 3.60308 3.60619 3.6095 3.61301 3.6167 3.62056 3.62459 3.62876 3.63306 3.63747 3.64196 3.64651 3.65108 3.65565 3.6602 3.66467 3.66906 3.67331 3.6774 3.6813 3.68498 3.6884 3.69155 3.69439 3.69689 3.69905 3.70084 3.70224 3.70326 3.70386 3.70406 3.70385 3.70324 3.70222 3.70081 3.69902 3.69686 3.69436 3.69154 3.68841 3.68501 3.68137 3.67751 3.67346 3.66926 3.66494 3.66053 3.65607 3.65158 3.64709 3.64264 3.63825 3.63395 3.62976 3.6257 3.62179 3.61804 3.61448 3.61111 3.60794 3.60498 3.60222 3.59967 3.59733 3.5952 3.59326 3.59153 3.58998 3.58861 3.58741 3.58637 3.58549 3.58475 3.58414 3.58366 3.58329 3.58304 3.58289 3.58283 3.58287 
3.57646 3.57668 3.57701 3.57743 3.57797 3.57861 3.57937 3.58024 3.58125 3.5824 3.5837 3.58515 3.58678 3.58858 3.59057 3.59276 3.59516 3.59778 3.60061 3.60367 3.60696 3.61047 3.6142 3.61815 3.6223 3.62665 3.63117 3.63586 3.64069 3.64562 3.65065 3.65574 3.66085 3.66596 3.67102 3.67602 3.6809 3.68563 3.69018 3.69452 3.6986 3.7024 3.70589 3.70903 3.71181 3.71419 3.71617 3.71772 3.71884 3.71951 3.71972 3.71948 3.71879 3.71766 3.71609 3.71409 3.7117 3.70892 3.70578 3.7023 3.69852 3.69446 3.69016 3.68566 3.68098 3.67616 3.67123 3.66625 3.66123 3.65621 3.65122 3.64631 3.64148 3.63678 3.63221 3.62782 3.62361 3.61959 3.61579 3.61221 3.60885 3.60573 3.60284 3.60018 3.59775 3.59555 3.59356 3.59178 3.59021 3.58883 3.58763 3.5866 3.58573 3.58501 3.58444 3.58399 3.58368 3.58348 3.58339 3.5834 
3.57702 3.57724 3.57759 3.57805 3.57863 3.57934 3.58018 3.58115 3.58228 3.58357 3.58502 3.58666 3.58849 3.59052 3.59276 3.59523 3.59794 3.60088 3.60408 3.60752 3.61122 3.61516 3.61936 3.62379 3.62845 3.63332 3.63838 3.64362 3.64902 3.65453 3.66014 3.6658 3.6715 3.67718 3.68281 3.68835 3.69377 3.69902 3.70406 3.70886 3.71337 3.71757 3.72143 3.7249 3.72796 3.73059 3.73277 3.73448 3.7357 3.73643 3.73666 3.73639 3.73562 3.73436 3.73262 3.73042 3.72776 3.72468 3.72121 3.71736 3.71316 3.70867 3.7039 3.6989 3.6937 3.68834 3.68287 3.67732 3.67173 3.66614 3.66058 3.65509 3.6497 3.64444 3.63934 3.63441 3.62969 3.62518 3.62091 3.61688 3.6131 3.60958 3.60631 3.6033 3.60055 3.59805 3.59579 3.59377 3.59197 3.59038 3.589 3.58781 3.5868 3.58596 3.58529 3.58476 3.58437 3.58411 3.58398 3.58397 
3.57762 3.57785 3.57821 3.57871 3.57935 3.58013 3.58106 3.58215 3.5834 3.58484 3.58647 3.58831 3.59036 3.59264 3.59516 3.59794 3.60098 3.60428 3.60787 3.61173 3.61587 3.62029 3.62498 3.62994 3.63514 3.64058 3.64623 3.65206 3.65806 3.6642 3.67042 3.67671 3.68302 3.68932 3.69555 3.70168 3.70767 3.71346 3.71903 3.72431 3.72929 3.73392 3.73815 3.74197 3.74534 3.74822 3.75061 3.75249 3.75383 3.75462 3.75487 3.75457 3.75372 3.75232 3.7504 3.74797 3.74504 3.74165 3.73781 3.73357 3.72894 3.72398 3.71871 3.71318 3.70743 3.70151 3.69545 3.6893 3.6831 3.67689 3.67072 3.66462 3.65862 3.65276 3.64707 3.64158 3.6363 3.63127 3.62648 3.62197 3.61773 3.61377 3.6101 3.60671 3.60361 3.60078 3.59822 3.59593 3.59388 3.59207 3.59049 3.58913 3.58797 3.587 3.5862 3.58558 3.58511 3.5848 3.58462 3.58459 
3.57826 3.5785 3.57889 3.57943 3.58012 3.58098 3.58201 3.58322 3.58462 3.58623 3.58805 3.5901 3.5924 3.59495 3.59778 3.60088 3.60428 3.60798 3.61199 3.6163 3.62093 3.62586 3.63108 3.6366 3.64239 3.64843 3.65471 3.66118 3.66783 3.67462 3.68151 3.68846 3.69543 3.70238 3.70925 3.716 3.72258 3.72896 3.73507 3.74087 3.74633 3.7514 3.75605 3.76022 3.76391 3.76707 3.76968 3.77172 3.77318 3.77405 3.77431 3.77397 3.77304 3.77151 3.7694 3.76673 3.76352 3.75979 3.75558 3.75091 3.74583 3.74037 3.73458 3.7285 3.72217 3.71564 3.70896 3.70217 3.69533 3.68847 3.68164 3.67489 3.66824 3.66175 3.65543 3.64933 3.64346 3.63785 3.63252 3.62748 3.62274 3.61832 3.61421 3.61041 3.60692 3.60374 3.60086 3.59827 3.59596 3.59391 3.59211 3.59056 3.58923 3.58811 3.58719 3.58647 3.58592 3.58553 3.58531 3.58525 
3.57895 3.5792 3.57961 3.5802 3.58096 3.58191 3.58304 3.58439 3.58595 3.58773 3.58976 3.59205 3.59461 3.59746 3.60061 3.60408 3.60787 3.61199 3.61645 3.62125 3.62639 3.63187 3.63767 3.64379 3.6502 3.65689 3.66383 3.67098 3.67832 3.68581 3.6934 3.70105 3.70871 3.71634 3.72388 3.73128 3.7385 3.74547 3.75216 3.75851 3.76447 3.77 3.77507 3.77962 3.78364 3.78708 3.78992 3.79214 3.79373 3.79466 3.79495 3.79457 3.79354 3.79187 3.78957 3.78665 3.78314 3.77907 3.77446 3.76936 3.7638 3.75783 3.75149 3.74482 3.73788 3.73072 3.72338 3.71593 3.7084 3.70086 3.69334 3.68589 3.67856 3.67138 3.6644 3.65765 3.65115 3.64493 3.63902 3.63342 3.62815 3.62322 3.61864 3.6144 3.61051 3.60695 3.60372 3.60081 3.5982 3.59589 3.59386 3.5921 3.59059 3.58932 3.58826 3.58742 3.58678 3.58633 3.58606 3.58596 
3.5797 3.57995 3.58039 3.58103 3.58186 3.5829 3.58416 3.58564 3.58737 3.58936 3.59161 3.59416 3.597 3.60017 3.60367 3.60752 3.61173 3.6163 3.62125 3.62657 3.63226 3.63832 3.64474 3.65149 3.65857 3.66594 3.67358 3.68145 3.68952 3.69774 3.70606 3.71444 3.72283 3.73117 3.73941 3.7475 3.75537 3.76297 3.77026 3.77717 3.78365 3.78967 3.79517 3.80011 3.80447 3.8082 3.81128 3.81369 3.8154 3.81641 3.81671 3.8163 3.81518 3.81336 3.81085 3.80768 3.80386 3.79943 3.79442 3.78886 3.78281 3.7763 3.76939 3.76212 3.75454 3.74672 3.7387 3.73054 3.7223 3.71403 3.70579 3.69761 3.68956 3.68167 3.67399 3.66654 3.65938 3.65251 3.64598 3.63978 3.63395 3.62849 3.6234 3.61869 3.61435 3.61039 3.60678 3.60353 3.60062 3.59803 3.59575 3.59376 3.59205 3.59061 3.58941 3.58845 3.58771 3.58718 3.58685 3.58672 
3.58049 3.58075 3.58123 3.58192 3.58283 3.58397 3.58536 3.587 3.58891 3.5911 3.5936 3.59642 3.59957 3.60308 3.60696 3.61122 3.61587 3.62093 3.62639 3.63226 3.63854 3.64521 3.65228 3.65971 3.66748 3.67557 3.68395 3.69257 3.7014 3.71038 3.71948 3.72862 3.73777 3.74685 3.75582 3.76461 3.77316 3.78141 3.78931 3.7968 3.80383 3.81034 3.81629 3.82163 3.82634 3.83036 3.83369 3.83628 3.83813 3.83922 3.83954 3.83909 3.83787 3.8359 3.83318 3.82974 3.82561 3.82081 3.81538 3.80937 3.8028 3.79574 3.78824 3.78034 3.77211 3.7636 3.75487 3.74599 3.737 3.72798 3.71897 3.71004 3.70123 3.69259 3.68416 3.676 3.66813 3.66058 3.65339 3.64657 3.64014 3.63411 3.62849 3.62327 3.61847 3.61407 3.61007 3.60645 3.6032 3.60032 3.59777 3.59554 3.59362 3.59199 3.59064 3.58955 3.5887 3.58809 3.5877 3.58753 
3.58134 3.58161 3.58212 3.58287 3.58386 3.58512 3.58664 3.58845 3.59055 3.59297 3.59573 3.59884 3.60232 3.60619 3.61047 3.61516 3.62029 3.62586 3.63187 3.63832 3.64521 3.65254 3.66028 3.66842 3.67692 3.68577 3.69491 3.70432 3.71394 3.72372 3.73361 3.74355 3.75348 3.76333 3.77305 3.78256 3.79181 3.80073 3.80926 3.81734 3.82492 3.83193 3.83834 3.8441 3.84916 3.85349 3.85706 3.85985 3.86183 3.86299 3.86333 3.86284 3.86153 3.8594 3.85647 3.85277 3.84832 3.84314 3.83729 3.8308 3.82371 3.81609 3.80797 3.79943 3.79052 3.78131 3.77185 3.76221 3.75246 3.74265 3.73286 3.72313 3.71353 3.70411 3.69492 3.686 3.67739 3.66913 3.66125 3.65377 3.64671 3.64008 3.63389 3.62815 3.62285 3.61799 3.61357 3.60956 3.60596 3.60275 3.59992 3.59744 3.5953 3.59347 3.59195 3.59072 3.58976 3.58906 3.58861 3.5884 
3.58225 3.58253 3.58307 3.58388 3.58497 3.58634 3.58801 3.58999 3.5923 3.59497 3.598 3.60142 3.60525 3.6095 3.6142 3.61936 3.62498 3.63108 3.63767 3.64474 3.65228 3.66028 3.66873 3.67761 3.68687 3.6965 3.70645 3.71666 3.7271 3.73771 3.74842 3.75917 3.7699 3.78055 3.79103 3.80129 3.81125 3.82085 3.83003 3.83871 3.84685 3.85438 3.86125 3.86742 3.87284 3.87748 3.8813 3.88428 3.8864 3.88764 3.888 3.88747 3.88606 3.88377 3.88063 3.87666 3.87188 3.86633 3.86004 3.85307 3.84545 3.83725 3.82852 3.81932 3.80972 3.79978 3.78957 3.77916 3.76862 3.75801 3.7474 3.73686 3.72644 3.71621 3.70622 3.69652 3.68714 3.67814 3.66953 3.66136 3.65364 3.64638 3.63961 3.63331 3.62749 3.62215 3.61728 3.61286 3.60889 3.60534 3.6022 3.59945 3.59707 3.59504 3.59335 3.59197 3.59089 3.59009 3.58958 3.58933 
3.58321 3.5835 3.58408 3.58496 3.58614 3.58764 3.58946 3.59163 3.59417 3.59708 3.60041 3.60415 3.60835 3.61301 3.61815 3.62379 3.62994 3.6366 3.64379 3.65149 3.65971 3.66842 3.67761 3.68724 3.6973 3.70774 3.71851 3.72956 3.74085 3.7523 3.76385 3.77544 3.78699 3.79844 3.8097 3.82072 3.8314 3.84169 3.85152 3.86081 3.86951 3.87756 3.8849 3.89149 3.89727 3.90222 3.90629 3.90947 3.91172 3.91304 3.91342 3.91285 3.91134 3.9089 3.90555 3.9013 3.8962 3.89026 3.88354 3.87608 3.86793 3.85915 3.84979 3.83993 3.82963 3.81895 3.80798 3.79678 3.78543 3.77399 3.76255 3.75117 3.73992 3.72885 3.71803 3.70752 3.69735 3.68757 3.67822 3.66933 3.66093 3.65302 3.64562 3.63874 3.63238 3.62653 3.62119 3.61635 3.61198 3.60808 3.60462 3.60159 3.59896 3.59671 3.59482 3.59329 3.59208 3.59119 3.5906 3.59031 
3.58422 3.58453 3.58515 3.5861 3.58738 3.58901 3.591 3.59337 3.59613 3.59932 3.60295 3.60704 3.61161 3.6167 3.6223 3.62845 3.63514 3.64239 3.6502 3.65857 3.66748 3.67692 3.68687 3.6973 3.70817 3.71944 3.73106 3.74297 3.75511 3.76743 3.77984 3.79228 3.80467 3.81693 3.82898 3.84076 3.85218 3.86316 3.87364 3.88355 3.89282 3.90138 3.90919 3.91619 3.92234 3.92759 3.93191 3.93528 3.93768 3.93907 3.93947 3.93887 3.93726 3.93467 3.9311 3.92659 3.92115 3.91484 3.90768 3.89973 3.89105 3.88168 3.8717 3.86116 3.85015 3.83873 3.82699 3.81499 3.80281 3.79054 3.77825 3.76602 3.7539 3.74198 3.73032 3.71897 3.70798 3.69741 3.68729 3.67766 3.66854 3.65995 3.65191 3.64443 3.6375 3.63113 3.6253 3.62 3.61523 3.61096 3.60716 3.60383 3.60094 3.59846 3.59638 3.59468 3.59334 3.59234 3.59168 3.59135 
3.58529 3.58561 3.58627 3.5873 3.58869 3.59045 3.59261 3.59519 3.5982 3.60167 3.60561 3.61006 3.61504 3.62056 3.62665 3.63332 3.64058 3.64843 3.65689 3.66594 3.67557 3.68577 3.6965 3.70774 3.71944 3.73156 3.74404 3.75683 3.76985 3.78304 3.79632 3.80961 3.82284 3.83593 3.84878 3.86132 3.87347 3.88515 3.89629 3.9068 3.91663 3.92571 3.93399 3.9414 3.94791 3.95346 3.95804 3.9616 3.96413 3.9656 3.96602 3.96538 3.96368 3.96093 3.95716 3.95237 3.94662 3.93993 3.93234 3.92391 3.91469 3.90474 3.89413 3.88292 3.8712 3.85904 3.84651 3.83371 3.8207 3.80759 3.79443 3.78133 3.76834 3.75555 3.74302 3.73082 3.719 3.70761 3.6967 3.6863 3.67645 3.66717 3.65846 3.65035 3.64284 3.63592 3.62959 3.62383 3.61863 3.61396 3.60982 3.60618 3.60301 3.6003 3.59801 3.59614 3.59466 3.59356 3.59282 3.59243 
3.58641 3.58674 3.58745 3.58855 3.59005 3.59197 3.59431 3.5971 3.60036 3.60412 3.6084 3.61322 3.61861 3.62459 3.63117 3.63838 3.64623 3.65471 3.66383 3.67358 3.68395 3.69491 3.70645 3.71851 3.73106 3.74404 3.7574 3.77107 3.78498 3.79905 3.81321 3.82737 3.84144 3.85535 3.869 3.8823 3.89518 3.90755 3.91933 3.93046 3.94084 3.95043 3.95917 3.96699 3.97385 3.9797 3.98452 3.98827 3.99093 3.99249 3.99293 3.99225 3.99045 3.98756 3.98358 3.97853 3.97246 3.9654 3.95739 3.94848 3.93873 3.9282 3.91697 3.9051 3.89267 3.87976 3.86645 3.85284 3.83901 3.82504 3.81102 3.79704 3.78317 3.7695 3.75609 3.74302 3.73035 3.71813 3.70641 3.69524 3.68463 3.67463 3.66525 3.6565 3.64838 3.6409 3.63404 3.6278 3.62216 3.6171 3.6126 3.60863 3.60518 3.60221 3.59972 3.59767 3.59604 3.59482 3.59401 3.59358 
3.58758 3.58792 3.58868 3.58987 3.59148 3.59354 3.59607 3.59909 3.60261 3.60667 3.61129 3.6165 3.62231 3.62876 3.63586 3.64362 3.65206 3.66118 3.67098 3.68145 3.69257 3.70432 3.71666 3.72956 3.74297 3.75683 3.77107 3.78563 3.80043 3.81539 3.83042 3.84544 3.86036 3.87508 3.88952 3.90359 3.91719 3.93024 3.94266 3.95438 3.96532 3.97541 3.98459 3.99281 4.00001 4.00616 4.01122 4.01515 4.01795 4.01958 4.02004 4.01932 4.01744 4.0144 4.01022 4.00492 3.99854 3.99111 3.98269 3.97331 3.96304 3.95195 3.9401 3.92757 3.91444 3.90079 3.88672 3.8723 3.85764 3.84282 3.82793 3.81307 3.79831 3.78375 3.76946 3.75552 3.74199 3.72892 3.71639 3.70442 3.69305 3.68232 3.67224 3.66283 3.6541 3.64604 3.63865 3.63191 3.62581 3.62034 3.61547 3.61117 3.60742 3.6042 3.60149 3.59925 3.59748 3.59615 3.59525 3.59476 
3.58879 3.58915 3.58996 3.59123 3.59296 3.59518 3.5979 3.60115 3.60494 3.60931 3.61428 3.61988 3.62614 3.63306 3.64069 3.64902 3.65806 3.66783 3.67832 3.68952 3.7014 3.71394 3.7271 3.74085 3.75511 3.76985 3.78498 3.80043 3.81612 3.83196 3.84787 3.86374 3.8795 3.89503 3.91025 3.92506 3.93937 3.95309 3.96614 3.97844 3.98991 4.00049 4.01011 4.01872 4.02626 4.03269 4.03798 4.0421 4.04501 4.04672 4.0472 4.04645 4.04449 4.04131 4.03693 4.03139 4.02471 4.01693 4.0081 3.99827 3.9875 3.97585 3.9634 3.95022 3.9364 3.92203 3.90719 3.89198 3.87649 3.86082 3.84507 3.82933 3.81369 3.79824 3.78307 3.76825 3.75385 3.73994 3.72657 3.7138 3.70166 3.69019 3.6794 3.66933 3.65996 3.65132 3.64338 3.63614 3.62958 3.62368 3.61843 3.61379 3.60974 3.60626 3.60332 3.60089 3.59896 3.59751 3.59653 3.596 
3.59004 3.59042 3.59128 3.59263 3.59449 3.59687 3.59978 3.60327 3.60734 3.61202 3.61736 3.62336 3.63005 3.63747 3.64562 3.65453 3.6642 3.67462 3.68581 3.69774 3.71038 3.72372 3.73771 3.7523 3.76743 3.78304 3.79905 3.81539 3.83196 3.84868 3.86545 3.88217 3.89875 3.91508 3.93106 3.9466 3.96161 3.97598 3.98964 4.00251 4.0145 4.02555 4.03559 4.04457 4.05243 4.05914 4.06465 4.06894 4.07198 4.07376 4.07426 4.07349 4.07144 4.06812 4.06357 4.05779 4.05082 4.04271 4.03348 4.02321 4.01195 3.99977 3.98673 3.97293 3.95843 3.94335 3.92776 3.91177 3.89547 3.87897 3.86236 3.84575 3.82923 3.8129 3.79684 3.78114 3.76587 3.75111 3.73691 3.72333 3.71041 3.6982 3.6867 3.67595 3.66595 3.65671 3.64821 3.64046 3.63343 3.62711 3.62146 3.61648 3.61212 3.60837 3.6052 3.60258 3.6005 3.59893 3.59785 3.59727 
3.59132 3.59172 3.59263 3.59407 3.59606 3.5986 3.60172 3.60544 3.60979 3.6148 3.62049 3.6269 3.63405 3.64196 3.65065 3.66014 3.67042 3.68151 3.6934 3.70606 3.71948 3.73361 3.74842 3.76385 3.77984 3.79632 3.81321 3.83042 3.84787 3.86545 3.88307 3.90062 3.918 3.93511 3.95184 3.96809 3.98377 3.99877 4.01303 4.02643 4.03893 4.05043 4.06088 4.07021 4.07839 4.08536 4.09109 4.09554 4.0987 4.10055 4.10107 4.10027 4.09814 4.0947 4.08997 4.08397 4.07673 4.06829 4.0587 4.048 4.03627 4.02357 4.00997 3.99555 3.98041 3.96463 3.94831 3.93155 3.91446 3.89714 3.87969 3.86222 3.84483 3.82762 3.81069 3.79412 3.77799 3.76238 3.74735 3.73297 3.71927 3.7063 3.69409 3.68266 3.67202 3.66218 3.65313 3.64485 3.63735 3.63059 3.62456 3.61922 3.61455 3.61053 3.60712 3.60431 3.60207 3.60037 3.59921 3.59857 
3.59263 3.59304 3.59401 3.59554 3.59765 3.60036 3.60368 3.60765 3.61228 3.61762 3.62368 3.6305 3.6381 3.64651 3.65574 3.6658 3.67671 3.68846 3.70105 3.71444 3.72862 3.74355 3.75917 3.77544 3.79228 3.80961 3.82737 3.84544 3.86374 3.88217 3.90062 3.91898 3.93714 3.95501 3.97246 3.9894 4.00573 4.02134 4.03616 4.05009 4.06306 4.075 4.08583 4.09551 4.10398 4.1112 4.11713 4.12174 4.12501 4.12693 4.12747 4.12664 4.12445 4.12089 4.116 4.10978 4.10229 4.09354 4.08359 4.0725 4.06032 4.04712 4.03297 4.01797 4.0022 3.98575 3.96872 3.95122 3.93336 3.91523 3.89696 3.87866 3.86041 3.84234 3.82455 3.80711 3.79013 3.77368 3.75783 3.74265 3.72818 3.71446 3.70154 3.68943 3.67815 3.66771 3.65809 3.6493 3.64132 3.63412 3.62769 3.622 3.61702 3.61272 3.60908 3.60607 3.60366 3.60184 3.60059 3.5999 
3.59396 3.59439 3.59541 3.59704 3.59927 3.60215 3.60567 3.60988 3.6148 3.62046 3.62689 3.63412 3.64218 3.65108 3.66085 3.6715 3.68302 3.69543 3.70871 3.72283 3.73777 3.75348 3.7699 3.78699 3.80467 3.82284 3.84144 3.86036 3.8795 3.89875 3.918 3.93714 3.95607 3.97466 3.99281 4.01041 4.02736 4.04356 4.05891 4.07334 4.08677 4.09911 4.11031 4.12032 4.12906 4.13652 4.14264 4.1474 4.15078 4.15275 4.15332 4.15247 4.15021 4.14655 4.1415 4.13509 4.12735 4.11831 4.10803 4.09656 4.08395 4.07028 4.05562 4.04006 4.02368 4.00659 3.98888 3.97067 3.95205 3.93315 3.91408 3.89496 3.87588 3.85697 3.83833 3.82005 3.80223 3.78495 3.76829 3.75231 3.73708 3.72262 3.70899 3.69621 3.6843 3.67325 3.66308 3.65377 3.64531 3.63767 3.63085 3.6248 3.61951 3.61493 3.61106 3.60784 3.60528 3.60333 3.602 3.60125 
3.59529 3.59575 3.59682 3.59854 3.60091 3.60394 3.60767 3.61213 3.61733 3.62332 3.63012 3.63775 3.64626 3.65565 3.66596 3.67718 3.68932 3.70238 3.71634 3.73117 3.74685 3.76333 3.78055 3.79844 3.81693 3.83593 3.85535 3.87508 3.89503 3.91508 3.93511 3.95501 3.97466 3.99395 4.01277 4.031 4.04854 4.06529 4.08116 4.09606 4.10991 4.12264 4.13419 4.14449 4.1535 4.16118 4.16748 4.17238 4.17585 4.17789 4.17848 4.17761 4.17529 4.17152 4.16634 4.15974 4.15178 4.14248 4.13188 4.12005 4.10704 4.09293 4.07778 4.06169 4.04473 4.02703 4.00867 3.98976 3.97043 3.95079 3.93094 3.91102 3.89114 3.87141 3.85195 3.83285 3.81421 3.79612 3.77866 3.76191 3.74592 3.73074 3.71641 3.70296 3.69042 3.67878 3.66805 3.65823 3.64929 3.64123 3.63401 3.62761 3.622 3.61715 3.61304 3.60963 3.6069 3.60483 3.60341 3.60261 
3.59663 3.5971 3.59824 3.60004 3.60254 3.60574 3.60967 3.61437 3.61986 3.62616 3.63332 3.64137 3.65032 3.6602 3.67102 3.68281 3.69555 3.70925 3.72388 3.73941 3.75582 3.77305 3.79103 3.8097 3.82898 3.84878 3.869 3.88952 3.91025 3.93106 3.95184 3.97246 3.99281 4.01277 4.03221 4.05104 4.06914 4.08641 4.10277 4.11811 4.13236 4.14545 4.15732 4.16791 4.17716 4.18504 4.19151 4.19654 4.20011 4.2022 4.20281 4.20192 4.19955 4.19569 4.19038 4.18362 4.17544 4.16589 4.15501 4.14285 4.12947 4.11493 4.09933 4.08273 4.06524 4.04695 4.02797 4.00841 3.98839 3.96803 3.94745 3.92676 3.9061 3.88559 3.86532 3.84542 3.82599 3.80711 3.78888 3.77137 3.75464 3.73875 3.72374 3.70964 3.69647 3.68425 3.67298 3.66265 3.65325 3.64476 3.63715 3.6304 3.62448 3.61937 3.61502 3.61141 3.60852 3.60633 3.60482 3.60397 
3.59796 3.59845 3.59964 3.60154 3.60416 3.60752 3.61166 3.61659 3.62235 3.62898 3.63649 3.64493 3.65432 3.66467 3.67602 3.68835 3.70168 3.716 3.73128 3.7475 3.76461 3.78256 3.80129 3.82072 3.84076 3.86132 3.8823 3.90359 3.92506 3.9466 3.96809 3.9894 4.01041 4.031 4.05104 4.07043 4.08906 4.10682 4.12362 4.13937 4.154 4.16743 4.1796 4.19044 4.19992 4.20799 4.21461 4.21976 4.22342 4.22556 4.22619 4.22529 4.22287 4.21893 4.2135 4.20659 4.19822 4.18844 4.1773 4.16483 4.1511 4.13618 4.12014 4.10307 4.08507 4.06623 4.04667 4.02649 4.00582 3.98478 3.96349 3.94208 3.92067 3.8994 3.87837 3.8577 3.83749 3.81786 3.79888 3.78063 3.76319 3.74661 3.73093 3.7162 3.70243 3.68964 3.67784 3.66701 3.65715 3.64824 3.64025 3.63316 3.62694 3.62155 3.61698 3.61318 3.61013 3.60782 3.60622 3.60533 
3.59928 3.59979 3.60103 3.60301 3.60575 3.60928 3.61361 3.61878 3.62481 3.63174 3.63961 3.64843 3.65824 3.66906 3.6809 3.69377 3.70767 3.72258 3.7385 3.75537 3.77316 3.79181 3.81125 3.8314 3.85218 3.87347 3.89518 3.91719 3.93937 3.96161 3.98377 4.00573 4.02736 4.04854 4.06914 4.08906 4.10817 4.12639 4.14361 4.15975 4.17472 4.18846 4.20089 4.21198 4.22166 4.2299 4.23667 4.24193 4.24567 4.24786 4.24851 4.2476 4.24513 4.24113 4.23559 4.22853 4.22 4.21001 4.19862 4.18587 4.17182 4.15654 4.14011 4.12261 4.10413 4.08478 4.06467 4.0439 4.02262 4.00093 3.97897 3.95687 3.93476 3.91276 3.891 3.86959 3.84866 3.82829 3.80859 3.78964 3.7715 3.75426 3.73794 3.72259 3.70824 3.6949 3.68258 3.67127 3.66097 3.65165 3.64329 3.63586 3.62935 3.6237 3.6189 3.61491 3.61172 3.60929 3.6076 3.60666 
3.60056 3.60109 3.60238 3.60445 3.60731 3.61099 3.61551 3.62091 3.6272 3.63443 3.64263 3.65183 3.66205 3.67331 3.68563 3.69902 3.71346 3.72896 3.74547 3.76297 3.78141 3.80073 3.82085 3.84169 3.86316 3.88515 3.90755 3.93024 3.95309 3.97598 3.99877 4.02134 4.04356 4.06529 4.08641 4.10682 4.12639 4.14503 4.16263 4.17912 4.19441 4.20843 4.22112 4.23242 4.24229 4.25069 4.25758 4.26294 4.26675 4.26899 4.26966 4.26874 4.26624 4.26217 4.25653 4.24936 4.24067 4.2305 4.21888 4.20587 4.19153 4.17592 4.15913 4.14122 4.1223 4.10248 4.08185 4.06055 4.03869 4.0164 3.99381 3.97106 3.94828 3.92559 3.90314 3.88104 3.8594 3.83834 3.81795 3.79832 3.77953 3.76164 3.74471 3.72878 3.71386 3.69999 3.68718 3.6754 3.66467 3.65496 3.64624 3.6385 3.63169 3.62579 3.62078 3.61661 3.61326 3.61072 3.60896 3.60796 
3.60181 3.60235 3.6037 3.60585 3.60883 3.61265 3.61736 3.62297 3.62951 3.63703 3.64555 3.6551 3.66571 3.6774 3.69018 3.70406 3.71903 3.73507 3.75216 3.77026 3.78931 3.80926 3.83003 3.85152 3.87364 3.89629 3.91933 3.94266 3.96614 3.98964 4.01303 4.03616 4.05891 4.08116 4.10277 4.12362 4.14361 4.16263 4.18059 4.1974 4.21297 4.22725 4.24016 4.25166 4.2617 4.27024 4.27725 4.2827 4.28658 4.28886 4.28954 4.28862 4.28609 4.28196 4.27625 4.26896 4.26013 4.24979 4.23798 4.22474 4.21014 4.19423 4.1771 4.15882 4.1395 4.11924 4.09814 4.07633 4.05394 4.03108 4.00791 3.98455 3.96114 3.93782 3.91471 3.89195 3.86965 3.84794 3.8269 3.80663 3.78722 3.76872 3.7512 3.73471 3.71926 3.70489 3.69159 3.67938 3.66823 3.65814 3.64909 3.64103 3.63395 3.62781 3.62259 3.61825 3.61476 3.61211 3.61026 3.60922 
3.603 3.60357 3.60496 3.60719 3.61028 3.61424 3.61912 3.62494 3.63172 3.63951 3.64834 3.65823 3.66921 3.6813 3.69452 3.70886 3.72431 3.74087 3.75851 3.77717 3.7968 3.81734 3.83871 3.86081 3.88355 3.9068 3.93046 3.95438 3.97844 4.00251 4.02643 4.05009 4.07334 4.09606 4.11811 4.13937 4.15975 4.17912 4.1974 4.21449 4.23033 4.24483 4.25795 4.26963 4.27982 4.28849 4.2956 4.30113 4.30507 4.30739 4.30809 4.30716 4.30461 4.30043 4.29464 4.28726 4.27831 4.26782 4.25583 4.24238 4.22754 4.21136 4.19393 4.17532 4.15563 4.13497 4.11344 4.09116 4.06828 4.04491 4.02119 3.99726 3.97327 3.94935 3.92564 3.90226 3.87935 3.85702 3.83537 3.8145 3.7945 3.77544 3.75737 3.74034 3.72439 3.70954 3.6958 3.68316 3.67163 3.66118 3.6518 3.64345 3.63611 3.62975 3.62433 3.61982 3.61619 3.61344 3.61152 3.61044 
3.60414 3.60472 3.60615 3.60846 3.61165 3.61575 3.62079 3.6268 3.63382 3.64186 3.65097 3.66118 3.67251 3.68498 3.6986 3.71337 3.72929 3.74633 3.76447 3.78365 3.80383 3.82492 3.84685 3.86951 3.89282 3.91663 3.94084 3.96532 3.98991 4.0145 4.03893 4.06306 4.08677 4.10991 4.13236 4.154 4.17472 4.19441 4.21297 4.23033 4.24639 4.26111 4.27441 4.28624 4.29657 4.30535 4.31255 4.31816 4.32215 4.3245 4.32522 4.32429 4.32171 4.31749 4.31164 4.30418 4.29512 4.2845 4.27235 4.25872 4.24367 4.22725 4.20954 4.19063 4.17061 4.14958 4.12766 4.10496 4.08163 4.05778 4.03357 4.00912 3.98459 3.96012 3.93585 3.91191 3.88842 3.86552 3.84331 3.82188 3.80133 3.78174 3.76316 3.74564 3.72922 3.71392 3.69975 3.68673 3.67483 3.66405 3.65436 3.64574 3.63816 3.63158 3.62597 3.6213 3.61755 3.6147 3.61271 3.61159 
3.60521 3.6058 3.60728 3.60965 3.61294 3.61717 3.62236 3.62855 3.63577 3.64405 3.65343 3.66393 3.67559 3.6884 3.7024 3.71757 3.73392 3.7514 3.77 3.78967 3.81034 3.83193 3.85438 3.87756 3.90138 3.92571 3.95043 3.97541 4.00049 4.02555 4.05043 4.075 4.09911 4.12264 4.14545 4.16743 4.18846 4.20843 4.22725 4.24483 4.26111 4.276 4.28946 4.30144 4.31188 4.32076 4.32805 4.33372 4.33775 4.34014 4.34087 4.33994 4.33734 4.33309 4.32719 4.31965 4.3105 4.29976 4.28748 4.27368 4.25844 4.24181 4.22386 4.20468 4.18436 4.16301 4.14073 4.11766 4.09391 4.06964 4.04497 4.02006 3.99504 3.97007 3.94528 3.92082 3.89682 3.87339 3.85066 3.82872 3.80767 3.78758 3.76853 3.75055 3.7337 3.71799 3.70344 3.69005 3.67782 3.66673 3.65675 3.64788 3.64006 3.63328 3.6275 3.62269 3.61883 3.61588 3.61383 3.61267 
3.60619 3.6068 3.60832 3.61076 3.61413 3.61847 3.62381 3.63016 3.63757 3.64607 3.65569 3.66647 3.67841 3.69155 3.70589 3.72143 3.73815 3.75605 3.77507 3.79517 3.81629 3.83834 3.86125 3.8849 3.90919 3.93399 3.95917 3.98459 4.01011 4.03559 4.06088 4.08583 4.11031 4.13419 4.15732 4.1796 4.20089 4.22112 4.24016 4.25795 4.27441 4.28946 4.30306 4.31516 4.3257 4.33467 4.34203 4.34776 4.35183 4.35425 4.35499 4.35406 4.35145 4.34717 4.34122 4.33362 4.32439 4.31355 4.30115 4.28721 4.27181 4.25499 4.23683 4.21741 4.19683 4.17518 4.15259 4.12918 4.10507 4.08041 4.05534 4.03 4.00455 3.97912 3.95387 3.92894 3.90447 3.88057 3.85737 3.83496 3.81346 3.79293 3.77344 3.75505 3.7378 3.72172 3.70681 3.69309 3.68056 3.66918 3.65895 3.64984 3.64182 3.63486 3.62892 3.62398 3.62 3.61697 3.61486 3.61367 
3.60709 3.60771 3.60926 3.61176 3.61522 3.61966 3.62512 3.63162 3.6392 3.6479 3.65774 3.66875 3.68096 3.69439 3.70903 3.7249 3.74197 3.76022 3.77962 3.80011 3.82163 3.8441 3.86742 3.89149 3.91619 3.9414 3.96699 3.99281 4.01872 4.04457 4.07021 4.09551 4.12032 4.14449 4.16791 4.19044 4.21198 4.23242 4.25166 4.26963 4.28624 4.30144 4.31516 4.32736 4.33799 4.34703 4.35445 4.36023 4.36434 4.36678 4.36754 4.36661 4.36398 4.35968 4.35369 4.34604 4.33674 4.32582 4.31331 4.29926 4.28371 4.26672 4.24838 4.22875 4.20794 4.18604 4.16318 4.13946 4.11504 4.09004 4.06461 4.0389 4.01305 3.98723 3.96157 3.93623 3.91133 3.88701 3.86339 3.84057 3.81866 3.79774 3.77787 3.75911 3.7415 3.72508 3.70986 3.69584 3.68303 3.6714 3.66094 3.65162 3.64341 3.63628 3.63021 3.62514 3.62107 3.61797 3.6158 3.61458 
3.60789 3.60852 3.61011 3.61265 3.61618 3.62071 3.62628 3.63292 3.64065 3.64952 3.65955 3.67078 3.68322 3.69689 3.71181 3.72796 3.74534 3.76391 3.78364 3.80447 3.82634 3.84916 3.87284 3.89727 3.92234 3.94791 3.97385 4.00001 4.02626 4.05243 4.07839 4.10398 4.12906 4.1535 4.17716 4.19992 4.22166 4.24229 4.2617 4.27982 4.29657 4.31188 4.3257 4.33799 4.34871 4.35781 4.36528 4.3711 4.37524 4.3777 4.37847 4.37754 4.37491 4.37058 4.36456 4.35687 4.34751 4.33652 4.32392 4.30976 4.29409 4.27697 4.25847 4.23866 4.21765 4.19554 4.17243 4.14846 4.12376 4.09847 4.07273 4.04669 4.02051 3.99434 3.96833 3.94262 3.91736 3.89267 3.86868 3.84551 3.82324 3.80197 3.78176 3.76268 3.74476 3.72805 3.71255 3.69827 3.68521 3.67336 3.6627 3.65319 3.64482 3.63755 3.63135 3.62618 3.62202 3.61885 3.61664 3.61539 
3.60859 3.60923 3.61084 3.61343 3.61702 3.62163 3.62729 3.63404 3.6419 3.65092 3.66111 3.67252 3.68516 3.69905 3.71419 3.73059 3.74822 3.76707 3.78708 3.8082 3.83036 3.85349 3.87748 3.90222 3.92759 3.95346 3.9797 4.00616 4.03269 4.05914 4.08536 4.1112 4.13652 4.16118 4.18504 4.20799 4.2299 4.25069 4.27024 4.28849 4.30535 4.32076 4.33467 4.34703 4.35781 4.36697 4.37449 4.38034 4.38451 4.38699 4.38776 4.38683 4.38419 4.37985 4.3738 4.36607 4.35667 4.34561 4.33295 4.3187 4.30293 4.28569 4.26706 4.2471 4.22592 4.20362 4.18032 4.15613 4.1312 4.10566 4.07965 4.05334 4.02688 4.00041 3.9741 3.94808 3.92251 3.89751 3.87321 3.84973 3.82716 3.80559 3.7851 3.76574 3.74756 3.73059 3.71486 3.70036 3.68709 3.67505 3.66421 3.65455 3.64604 3.63864 3.63233 3.62708 3.62285 3.61962 3.61737 3.61609 
3.60917 3.60982 3.61145 3.61408 3.61772 3.62239 3.62813 3.63497 3.64295 3.65208 3.66241 3.67397 3.68677 3.70084 3.71617 3.73277 3.75061 3.76968 3.78992 3.81128 3.83369 3.85706 3.8813 3.90629 3.93191 3.95804 3.98452 4.01122 4.03798 4.06465 4.09109 4.11713 4.14264 4.16748 4.19151 4.21461 4.23667 4.25758 4.27725 4.2956 4.31255 4.32805 4.34203 4.35445 4.36528 4.37449 4.38204 4.38792 4.39211 4.3946 4.39539 4.39446 4.39181 4.38745 4.38139 4.37363 4.36418 4.35308 4.34035 4.32604 4.31018 4.29285 4.2741 4.25403 4.23271 4.21026 4.1868 4.16243 4.13731 4.11156 4.08535 4.05881 4.03211 4.0054 3.97884 3.95258 3.92675 3.9015 3.87695 3.85321 3.8304 3.80859 3.78786 3.76827 3.74988 3.7327 3.71677 3.70209 3.68866 3.67646 3.66547 3.65568 3.64705 3.63956 3.63316 3.62783 3.62354 3.62026 3.61798 3.61668 
3.60964 3.61029 3.61194 3.6146 3.61827 3.623 3.6288 3.63572 3.64377 3.653 3.66344 3.67511 3.68804 3.70224 3.71772 3.73448 3.75249 3.77172 3.79214 3.81369 3.83628 3.85985 3.88428 3.90947 3.93528 3.9616 3.98827 4.01515 4.0421 4.06894 4.09554 4.12174 4.1474 4.17238 4.19654 4.21976 4.24193 4.26294 4.2827 4.30113 4.31816 4.33372 4.34776 4.36023 4.3711 4.38034 4.38792 4.39382 4.39803 4.40053 4.40132 4.4004 4.39775 4.39338 4.38729 4.37951 4.37003 4.35889 4.34612 4.33175 4.31583 4.29842 4.27959 4.25942 4.23799 4.21543 4.19183 4.16733 4.14206 4.11615 4.08977 4.06306 4.03618 4.00929 3.98254 3.95608 3.93005 3.90461 3.87986 3.85593 3.83292 3.81092 3.79001 3.77025 3.75169 3.73436 3.71827 3.70345 3.68988 3.67756 3.66647 3.65658 3.64786 3.64028 3.63381 3.62842 3.62408 3.62077 3.61847 3.61715 
3.60998 3.61064 3.61231 3.61498 3.61868 3.62345 3.62929 3.63626 3.64437 3.65367 3.66418 3.67594 3.68896 3.70326 3.71884 3.7357 3.75383 3.77318 3.79373 3.8154 3.83813 3.86183 3.8864 3.91172 3.93768 3.96413 3.99093 4.01795 4.04501 4.07198 4.0987 4.12501 4.15078 4.17585 4.20011 4.22342 4.24567 4.26675 4.28658 4.30507 4.32215 4.33775 4.35183 4.36434 4.37524 4.38451 4.39211 4.39803 4.40225 4.40476 4.40556 4.40463 4.40198 4.3976 4.3915 4.3837 4.3742 4.36303 4.35022 4.33581 4.31984 4.30238 4.28348 4.26324 4.24174 4.21909 4.1954 4.1708 4.14542 4.11941 4.09291 4.06608 4.03907 4.01205 3.98516 3.95856 3.9324 3.90681 3.88193 3.85786 3.83472 3.81259 3.79155 3.77167 3.75299 3.73554 3.71935 3.70443 3.69077 3.67836 3.66719 3.65722 3.64844 3.64081 3.63429 3.62886 3.62449 3.62115 3.61882 3.6175 
3.6102 3.61087 3.61253 3.61522 3.61894 3.62373 3.6296 3.63659 3.64474 3.65408 3.66463 3.67644 3.68951 3.70386 3.71951 3.73643 3.75462 3.77405 3.79466 3.81641 3.83922 3.86299 3.88764 3.91304 3.93907 3.9656 3.99249 4.01958 4.04672 4.07376 4.10055 4.12693 4.15275 4.17789 4.2022 4.22556 4.24786 4.26899 4.28886 4.30739 4.3245 4.34014 4.35425 4.36678 4.3777 4.38699 4.3946 4.40053 4.40476 4.40728 4.40808 4.40715 4.40449 4.40011 4.394 4.38619 4.37667 4.36548 4.35265 4.33821 4.32221 4.30471 4.28577 4.26549 4.24394 4.22124 4.1975 4.17283 4.14739 4.12131 4.09474 4.06784 4.04075 4.01365 3.98669 3.96001 3.93377 3.9081 3.88314 3.85899 3.83577 3.81357 3.79246 3.77251 3.75376 3.73624 3.71999 3.70501 3.6913 3.67884 3.66762 3.65762 3.6488 3.64113 3.63459 3.62913 3.62474 3.62139 3.61905 3.61772 
