0.085704 0.0869254 0.0877574 0.0882294 0.0884606 0.0885612 0.0886009 0.0886153 0.0886201 0.0886217 0.0886222 0.0886223 0.0886223 0.0886223 0.0886223 0.0886223 0.0886223 0.0886223 0.0886223 0.0886223 0.0886223 0.0886223 0.0886223 0.0886223 0.0886223 0.0886223 0.0886223 0.0886223 0.0886223 0.0886223 0.0886223 0.0886223 0.0886223 0.0886223 0.0886223 0.0886223 0.0886223 0.0886223 0.0886223 0.0886223 0.0886223 0.0886223 0.0886223 0.0886223 0.0886223 0.0886223 0.0886223 0.0886223 0.0886223 0.0886223 0.0886223 0.0886223 0.0886223 0.0886223 0.0886223 0.0886223 0.0886223 0.0886223 0.0886223 0.0886223 0.0886223 0.0886223 0.0886223 0.0886223 0.0886223 0.0886223 0.0886223 0.0886223 0.0886223 0.0886223 0.0886223 0.0886223 0.0886223 0.0886223 0.0886223 0.0886223 0.0886223 0.0886223 0.0886223 0.0886223 0.0886223 0.0886223 0.0886223 0.0886223 0.0886223 0.0886223 0.0886223 0.0886223 0.0886223 0.0886223 0.0886223 0.0886224 0.0886226 0.0886246 0.088636 0.0886859 0.0888529 0.0892797 0.0901094 0.0913308 
0.0869254 0.0881344 0.0889621 0.0894347 0.089668 0.0897702 0.0898108 0.0898257 0.0898307 0.0898324 0.0898329 0.089833 0.089833 0.089833 0.089833 0.089833 0.089833 0.089833 0.089833 0.089833 0.089833 0.089833 0.089833 0.089833 0.089833 0.089833 0.089833 0.089833 0.089833 0.089833 0.089833 0.089833 0.089833 0.089833 0.089833 0.089833 0.089833 0.089833 0.089833 0.089833 0.089833 0.089833 0.089833 0.089833 0.089833 0.089833 0.089833 0.089833 0.089833 0.089833 0.089833 0.089833 0.089833 0.089833 0.089833 0.089833 0.089833 0.089833 0.089833 0.089833 0.089833 0.089833 0.089833 0.089833 0.089833 0.089833 0.089833 0.089833 0.089833 0.089833 0.089833 0.089833 0.089833 0.089833 0.089833 0.089833 0.089833 0.089833 0.089833 0.089833 0.089833 0.089833 0.089833 0.089833 0.089833 0.089833 0.089833 0.089833 0.089833 0.089833 0.0898331 0.0898331 0.0898334 0.0898355 0.0898477 0.0898994 0.0900695 0.0904983 0.0913239 0.0925329 
0.0877574 0.0889621 0.0897894 0.0902638 0.090499 0.0906027 0.0906442 0.0906594 0.0906646 0.0906663 0.0906668 0.090667 0.090667 0.090667 0.090667 0.090667 0.090667 0.090667 0.090667 0.090667 0.090667 0.090667 0.090667 0.090667 0.090667 0.090667 0.090667 0.090667 0.090667 0.090667 0.090667 0.090667 0.090667 0.090667 0.090667 0.090667 0.090667 0.090667 0.090667 0.090667 0.090667 0.090667 0.090667 0.090667 0.090667 0.090667 0.090667 0.090667 0.090667 0.090667 0.090667 0.090667 0.090667 0.090667 0.090667 0.090667 0.090667 0.090667 0.090667 0.090667 0.090667 0.090667 0.090667 0.090667 0.090667 0.090667 0.090667 0.090667 0.090667 0.090667 0.090667 0.090667 0.090667 0.090667 0.090667 0.090667 0.090667 0.090667 0.090667 0.090667 0.090667 0.090667 0.090667 0.090667 0.090667 0.090667 0.090667 0.090667 0.090667 0.090667 0.0906671 0.0906671 0.0906674 0.0906697 0.0906824 0.0907357 0.0909086 0.0913403 0.092166 0.0933707 
0.0882294 0.0894347 0.0902638 0.0907402 0.0909773 0.0910821 0.0911242 0.0911397 0.0911451 0.0911468 0.0911474 0.0911475 0.0911476 0.0911476 0.0911476 0.0911476 0.0911476 0.0911476 0.0911476 0.0911476 0.0911476 0.0911476 0.0911476 0.0911476 0.0911476 0.0911476 0.0911476 0.0911476 0.0911476 0.0911476 0.0911476 0.0911476 0.0911476 0.0911476 0.0911476 0.0911476 0.0911476 0.0911476 0.0911476 0.0911476 0.0911476 0.0911476 0.0911476 0.0911476 0.0911476 0.0911476 0.0911476 0.0911476 0.0911476 0.0911476 0.0911476 0.0911476 0.0911476 0.0911476 0.0911476 0.0911476 0.0911476 0.0911476 0.0911476 0.0911476 0.0911476 0.0911476 0.0911476 0.0911476 0.0911476 0.0911476 0.0911476 0.0911476 0.0911476 0.0911476 0.0911476 0.0911476 0.0911476 0.0911476 0.0911476 0.0911476 0.0911476 0.0911476 0.0911476 0.0911476 0.0911476 0.0911476 0.0911476 0.0911476 0.0911476 0.0911476 0.0911476 0.0911476 0.0911476 0.0911476 0.0911476 0.0911476 0.091148 0.0911504 0.0911634 0.0912178 0.0913927 0.0918272 0.0926552 0.0938605 
0.0884606 0.089668 0.090499 0.0909773 0.0912156 0.0913213 0.0913637 0.0913795 0.0913849 0.0913867 0.0913872 0.0913874 0.0913874 0.0913874 0.0913874 0.0913874 0.0913874 0.0913874 0.0913874 0.0913874 0.0913874 0.0913874 0.0913874 0.0913874 0.0913874 0.0913874 0.0913874 0.0913874 0.0913874 0.0913874 0.0913874 0.0913874 0.0913874 0.0913874 0.0913874 0.0913874 0.0913874 0.0913874 0.0913874 0.0913874 0.0913874 0.0913874 0.0913874 0.0913874 0.0913874 0.0913874 0.0913874 0.0913874 0.0913874 0.0913874 0.0913874 0.0913874 0.0913874 0.0913874 0.0913874 0.0913874 0.0913874 0.0913874 0.0913874 0.0913874 0.0913874 0.0913874 0.0913874 0.0913874 0.0913874 0.0913874 0.0913874 0.0913874 0.0913874 0.0913874 0.0913874 0.0913874 0.0913874 0.0913874 0.0913874 0.0913874 0.0913874 0.0913874 0.0913874 0.0913874 0.0913874 0.0913874 0.0913874 0.0913874 0.0913874 0.0913874 0.0913874 0.0913874 0.0913874 0.0913874 0.0913875 0.0913875 0.0913878 0.0913903 0.0914036 0.0914585 0.0916347 0.0920712 0.0929015 0.0941088 
0.0885612 0.0897702 0.0906027 0.0910821 0.0913213 0.0914273 0.0914701 0.0914859 0.0914914 0.0914932 0.0914938 0.0914939 0.091494 0.091494 0.091494 0.091494 0.091494 0.091494 0.091494 0.091494 0.091494 0.091494 0.091494 0.091494 0.091494 0.091494 0.091494 0.091494 0.091494 0.091494 0.091494 0.091494 0.091494 0.091494 0.091494 0.091494 0.091494 0.091494 0.091494 0.091494 0.091494 0.091494 0.091494 0.091494 0.091494 0.091494 0.091494 0.091494 0.091494 0.091494 0.091494 0.091494 0.091494 0.091494 0.091494 0.091494 0.091494 0.091494 0.091494 0.091494 0.091494 0.091494 0.091494 0.091494 0.091494 0.091494 0.091494 0.091494 0.091494 0.091494 0.091494 0.091494 0.091494 0.091494 0.091494 0.091494 0.091494 0.091494 0.091494 0.091494 0.091494 0.091494 0.091494 0.091494 0.091494 0.091494 0.091494 0.091494 0.091494 0.091494 0.091494 0.091494 0.0914944 0.0914969 0.0915102 0.0915654 0.0917423 0.0921799 0.0930117 0.0942207 
0.0886009 0.0898108 0.0906442 0.0911242 0.0913637 0.0914701 0.0915129 0.0915288 0.0915343 0.0915361 0.0915367 0.0915369 0.0915369 0.0915369 0.0915369 0.0915369 0.0915369 0.0915369 0.0915369 0.0915369 0.0915369 0.0915369 0.0915369 0.0915369 0.0915369 0.0915369 0.0915369 0.0915369 0.0915369 0.0915369 0.0915369 0.0915369 0.0915369 0.0915369 0.0915369 0.0915369 0.0915369 0.0915369 0.0915369 0.0915369 0.0915369 0.0915369 0.0915369 0.0915369 0.0915369 0.0915369 0.0915369 0.0915369 0.0915369 0.0915369 0.0915369 0.0915369 0.0915369 0.0915369 0.0915369 0.0915369 0.0915369 0.0915369 0.0915369 0.0915369 0.0915369 0.0915369 0.0915369 0.0915369 0.0915369 0.0915369 0.0915369 0.0915369 0.0915369 0.0915369 0.0915369 0.0915369 0.0915369 0.0915369 0.0915369 0.0915369 0.0915369 0.0915369 0.0915369 0.0915369 0.0915369 0.0915369 0.0915369 0.0915369 0.0915369 0.0915369 0.0915369 0.0915369 0.0915369 0.0915369 0.0915369 0.091537 0.0915373 0.0915398 0.0915532 0.0916086 0.0917857 0.0922239 0.0930565 0.0942664 
0.0886153 0.0898257 0.0906594 0.0911397 0.0913795 0.0914859 0.0915288 0.0915448 0.0915503 0.0915521 0.0915527 0.0915528 0.0915529 0.0915529 0.0915529 0.0915529 0.0915529 0.0915529 0.0915529 0.0915529 0.0915529 0.0915529 0.0915529 0.0915529 0.0915529 0.0915529 0.0915529 0.0915529 0.0915529 0.0915529 0.0915529 0.0915529 0.0915529 0.0915529 0.0915529 0.0915529 0.0915529 0.0915529 0.0915529 0.0915529 0.0915529 0.0915529 0.0915529 0.0915529 0.0915529 0.0915529 0.0915529 0.0915529 0.0915529 0.0915529 0.0915529 0.0915529 0.0915529 0.0915529 0.0915529 0.0915529 0.0915529 0.0915529 0.0915529 0.0915529 0.0915529 0.0915529 0.0915529 0.0915529 0.0915529 0.0915529 0.0915529 0.0915529 0.0915529 0.0915529 0.0915529 0.0915529 0.0915529 0.0915529 0.0915529 0.0915529 0.0915529 0.0915529 0.0915529 0.0915529 0.0915529 0.0915529 0.0915529 0.0915529 0.0915529 0.0915529 0.0915529 0.0915529 0.0915529 0.0915529 0.0915529 0.0915529 0.0915533 0.0915558 0.0915692 0.0916246 0.0918019 0.0922403 0.0930732 0.0942837 
0.0886201 0.0898307 0.0906646 0.0911451 0.0913849 0.0914914 0.0915343 0.0915503 0.0915558 0.0915577 0.0915582 0.0915584 0.0915584 0.0915584 0.0915584 0.0915584 0.0915584 0.0915584 0.0915584 0.0915584 0.0915584 0.0915584 0.0915584 0.0915584 0.0915584 0.0915584 0.0915584 0.0915584 0.0915584 0.0915584 0.0915584 0.0915584 0.0915584 0.0915584 0.0915584 0.0915584 0.0915584 0.0915584 0.0915584 0.0915584 0.0915584 0.0915584 0.0915584 0.0915584 0.0915584 0.0915584 0.0915584 0.0915584 0.0915584 0.0915584 0.0915584 0.0915584 0.0915584 0.0915584 0.0915584 0.0915584 0.0915584 0.0915584 0.0915584 0.0915584 0.0915584 0.0915584 0.0915584 0.0915584 0.0915584 0.0915584 0.0915584 0.0915584 0.0915584 0.0915584 0.0915584 0.0915584 0.0915584 0.0915584 0.0915584 0.0915584 0.0915584 0.0915584 0.0915584 0.0915584 0.0915584 0.0915584 0.0915584 0.0915584 0.0915584 0.0915584 0.0915584 0.0915584 0.0915584 0.0915584 0.0915584 0.0915585 0.0915588 0.0915614 0.0915748 0.0916302 0.0918075 0.092246 0.0930791 0.0942897 
0.0886217 0.0898324 0.0906663 0.0911468 0.0913867 0.0914932 0.0915361 0.0915521 0.0915577 0.0915595 0.09156 0.0915602 0.0915602 0.0915603 0.0915603 0.0915603 0.0915603 0.0915603 0.0915603 0.0915603 0.0915603 0.0915603 0.0915603 0.0915603 0.0915603 0.0915603 0.0915603 0.0915603 0.0915603 0.0915603 0.0915603 0.0915603 0.0915603 0.0915603 0.0915603 0.0915603 0.0915603 0.0915603 0.0915603 0.0915603 0.0915603 0.0915603 0.0915603 0.0915603 0.0915603 0.0915603 0.0915603 0.0915603 0.0915603 0.0915603 0.0915603 0.0915603 0.0915603 0.0915603 0.0915603 0.0915603 0.0915603 0.0915603 0.0915603 0.0915603 0.0915603 0.0915603 0.0915603 0.0915603 0.0915603 0.0915603 0.0915603 0.0915603 0.0915603 0.0915603 0.0915603 0.0915603 0.0915603 0.0915603 0.0915603 0.0915603 0.0915603 0.0915603 0.0915603 0.0915603 0.0915603 0.0915603 0.0915603 0.0915603 0.0915603 0.0915603 0.0915603 0.0915603 0.0915603 0.0915603 0.0915603 0.0915603 0.0915607 0.0915632 0.0915766 0.091632 0.0918094 0.0922479 0.093081 0.0942917 
0.0886222 0.0898329 0.0906668 0.0911474 0.0913872 0.0914938 0.0915367 0.0915527 0.0915582 0.09156 0.0915606 0.0915608 0.0915608 0.0915608 0.0915608 0.0915608 0.0915608 0.0915608 0.0915608 0.0915608 0.0915608 0.0915608 0.0915608 0.0915608 0.0915608 0.0915608 0.0915608 0.0915608 0.0915608 0.0915608 0.0915608 0.0915608 0.0915608 0.0915608 0.0915608 0.0915608 0.0915608 0.0915608 0.0915608 0.0915608 0.0915608 0.0915608 0.0915608 0.0915608 0.0915608 0.0915608 0.0915608 0.0915608 0.0915608 0.0915608 0.0915608 0.0915608 0.0915608 0.0915608 0.0915608 0.0915608 0.0915608 0.0915608 0.0915608 0.0915608 0.0915608 0.0915608 0.0915608 0.0915608 0.0915608 0.0915608 0.0915608 0.0915608 0.0915608 0.0915608 0.0915608 0.0915608 0.0915608 0.0915608 0.0915608 0.0915608 0.0915608 0.0915608 0.0915608 0.0915608 0.0915608 0.0915608 0.0915608 0.0915608 0.0915608 0.0915608 0.0915608 0.0915608 0.0915608 0.0915608 0.0915608 0.0915609 0.0915612 0.0915637 0.0915771 0.0916326 0.0918099 0.0922484 0.0930816 0.0942923 
0.0886223 0.089833 0.090667 0.0911475 0.0913874 0.0914939 0.0915369 0.0915528 0.0915584 0.0915602 0.0915608 0.0915609 0.091561 0.091561 0.091561 0.091561 0.091561 0.091561 0.091561 0.091561 0.091561 0.091561 0.091561 0.091561 0.091561 0.091561 0.091561 0.091561 0.091561 0.091561 0.091561 0.091561 0.091561 0.091561 0.091561 0.091561 0.091561 0.091561 0.091561 0.091561 0.091561 0.091561 0.091561 0.091561 0.091561 0.091561 0.091561 0.091561 0.091561 0.091561 0.091561 0.091561 0.091561 0.091561 0.091561 0.091561 0.091561 0.091561 0.091561 0.091561 0.091561 0.091561 0.091561 0.091561 0.091561 0.091561 0.091561 0.091561 0.091561 0.091561 0.091561 0.091561 0.091561 0.091561 0.091561 0.091561 0.091561 0.091561 0.091561 0.091561 0.091561 0.091561 0.091561 0.091561 0.091561 0.091561 0.091561 0.091561 0.091561 0.091561 0.091561 0.091561 0.0915614 0.0915639 0.0915773 0.0916327 0.0918101 0.0922486 0.0930818 0.0942925 
0.0886223 0.089833 0.090667 0.0911476 0.0913874 0.091494 0.0915369 0.0915529 0.0915584 0.0915602 0.0915608 0.091561 0.091561 0.091561 0.091561 0.091561 0.091561 0.091561 0.091561 0.091561 0.091561 0.091561 0.091561 0.091561 0.091561 0.091561 0.091561 0.091561 0.091561 0.091561 0.091561 0.091561 0.091561 0.091561 0.091561 0.091561 0.091561 0.091561 0.091561 0.091561 0.091561 0.091561 0.091561 0.091561 0.091561 0.091561 0.091561 0.091561 0.091561 0.091561 0.091561 0.091561 0.091561 0.091561 0.091561 0.091561 0.091561 0.091561 0.091561 0.091561 0.091561 0.091561 0.091561 0.091561 0.091561 0.091561 0.091561 0.091561 0.091561 0.091561 0.091561 0.091561 0.091561 0.091561 0.091561 0.091561 0.091561 0.091561 0.091561 0.091561 0.091561 0.091561 0.091561 0.091561 0.091561 0.091561 0.091561 0.091561 0.091561 0.091561 0.091561 0.0915611 0.0915614 0.0915639 0.0915774 0.0916328 0.0918101 0.0922487 0.0930818 0.0942926 
0.0886223 0.089833 0.090667 0.0911476 0.0913874 0.091494 0.0915369 0.0915529 0.0915584 0.0915603 0.0915608 0.091561 0.091561 0.091561 0.091561 0.091561 0.091561 0.091561 0.091561 0.091561 0.091561 0.091561 0.091561 0.091561 0.091561 0.091561 0.091561 0.091561 0.091561 0.091561 0.091561 0.091561 0.091561 0.091561 0.091561 0.091561 0.091561 0.091561 0.091561 0.091561 0.091561 0.091561 0.091561 0.091561 0.091561 0.091561 0.091561 0.091561 0.091561 0.091561 0.091561 0.091561 0.091561 0.091561 0.091561 0.091561 0.091561 0.091561 0.091561 0.091561 0.091561 0.091561 0.091561 0.091561 0.091561 0.091561 0.091561 0.091561 0.091561 0.091561 0.091561 0.091561 0.091561 0.091561 0.091561 0.091561 0.091561 0.091561 0.091561 0.091561 0.091561 0.091561 0.091561 0.091561 0.091561 0.091561 0.091561 0.091561 0.091561 0.091561 0.0915611 0.0915611 0.0915614 0.091564 0.0915774 0.0916328 0.0918102 0.0922487 0.0930819 0.0942926 
0.0886223 0.089833 0.090667 0.0911476 0.0913874 0.091494 0.0915369 0.0915529 0.0915584 0.0915603 0.0915608 0.091561 0.091561 0.091561 0.0915611 0.0915611 0.0915611 0.0915611 0.0915611 0.0915611 0.0915611 0.0915611 0.0915611 0.0915611 0.0915611 0.0915611 0.0915611 0.0915611 0.0915611 0.0915611 0.0915611 0.0915611 0.0915611 0.0915611 0.0915611 0.0915611 0.0915611 0.0915611 0.0915611 0.0915611 0.0915611 0.0915611 0.0915611 0.0915611 0.0915611 0.0915611 0.0915611 0.0915611 0.0915611 0.0915611 0.0915611 0.0915611 0.0915611 0.0915611 0.0915611 0.0915611 0.0915611 0.0915611 0.0915611 0.0915611 0.0915611 0.0915611 0.0915611 0.0915611 0.0915611 0.0915611 0.0915611 0.0915611 0.0915611 0.0915611 0.0915611 0.0915611 0.0915611 0.0915611 0.0915611 0.0915611 0.0915611 0.0915611 0.0915611 0.0915611 0.0915611 0.0915611 0.0915611 0.0915611 0.0915611 0.0915611 0.0915611 0.0915611 0.0915611 0.0915611 0.0915611 0.0915611 0.0915615 0.091564 0.0915774 0.0916328 0.0918102 0.0922487 0.0930819 0.0942926 
0.0886223 0.089833 0.090667 0.0911476 0.0913874 0.091494 0.0915369 0.0915529 0.0915584 0.0915603 0.0915608 0.091561 0.091561 0.091561 0.0915611 0.0915611 0.0915611 0.0915611 0.0915611 0.0915611 0.0915611 0.0915611 0.0915611 0.0915611 0.0915611 0.0915611 0.0915611 0.0915611 0.0915611 0.0915611 0.0915611 0.0915611 0.0915611 0.0915611 0.0915611 0.0915611 0.0915611 0.0915611 0.0915611 0.0915611 0.0915611 0.0915611 0.0915611 0.0915611 0.0915611 0.0915611 0.0915611 0.0915611 0.0915611 0.0915611 0.0915611 0.0915611 0.0915611 0.0915611 0.0915611 0.0915611 0.0915611 0.0915611 0.0915611 0.0915611 0.0915611 0.0915611 0.0915611 0.0915611 0.0915611 0.0915611 0.0915611 0.0915611 0.0915611 0.0915611 0.0915611 0.0915611 0.0915611 0.0915611 0.0915611 0.0915611 0.0915611 0.0915611 0.0915611 0.0915611 0.0915611 0.0915611 0.0915611 0.0915611 0.0915611 0.0915611 0.0915611 0.0915611 0.0915611 0.0915611 0.0915611 0.0915611 0.0915615 0.091564 0.0915774 0.0916328 0.0918102 0.0922487 0.0930819 0.0942926 
0.0886223 0.089833 0.090667 0.0911476 0.0913874 0.091494 0.0915369 0.0915529 0.0915584 0.0915603 0.0915608 0.091561 0.091561 0.091561 0.0915611 0.0915611 0.0915611 0.0915611 0.0915611 0.0915611 0.0915611 0.0915611 0.0915611 0.0915611 0.0915611 0.0915611 0.0915611 0.0915611 0.0915611 0.0915611 0.0915611 0.0915611 0.0915611 0.0915611 0.0915611 0.0915611 0.0915611 0.0915611 0.0915611 0.0915611 0.0915611 0.0915611 0.0915611 0.0915611 0.0915612 0.0915614 0.0915615 0.0915615 0.0915616 0.0915616 0.0915616 0.0915616 0.0915616 0.0915616 0.0915616 0.0915616 0.0915615 0.0915614 0.0915613 0.0915612 0.0915611 0.0915611 0.0915611 0.0915611 0.0915611 0.0915611 0.0915611 0.0915611 0.0915611 0.0915611 0.0915611 0.0915611 0.0915611 0.0915611 0.0915611 0.0915611 0.0915611 0.0915611 0.0915611 0.0915611 0.0915611 0.0915611 0.0915611 0.0915611 0.0915611 0.0915611 0.0915611 0.0915611 0.0915611 0.0915611 0.0915611 0.0915611 0.0915615 0.091564 0.0915774 0.0916328 0.0918102 0.0922487 0.0930819 0.0942926 
0.0886223 0.089833 0.090667 0.0911476 0.0913874 0.091494 0.0915369 0.0915529 0.0915584 0.0915603 0.0915608 0.091561 0.091561 0.091561 0.0915611 0.0915611 0.0915611 0.0915611 0.0915611 0.0915611 0.0915611 0.0915611 0.0915611 0.0915611 0.0915611 0.0915611 0.0915611 0.0915611 0.0915611 0.0915611 0.0915611 0.0915611 0.0915611 0.0915611 0.0915611 0.0915611 0.0915611 0.0915611 0.0915611 0.0915611 0.0915611 0.0915613 0.0915616 0.0915625 0.0915639 0.0915655 0.0915667 0.0915674 0.0915677 0.0915679 0.0915679 0.0915679 0.0915679 0.0915679 0.0915679 0.0915677 0.091567 0.0915655 0.091564 0.0915627 0.091562 0.0915615 0.0915613 0.0915611 0.0915611 0.0915611 0.0915611 0.0915611 0.0915611 0.0915611 0.0915611 0.0915611 0.0915611 0.0915611 0.0915611 0.0915611 0.0915611 0.0915611 0.0915611 0.0915611 0.0915611 0.0915611 0.0915611 0.0915611 0.0915611 0.0915611 0.0915611 0.0915611 0.0915611 0.0915611 0.0915611 0.0915611 0.0915615 0.091564 0.0915774 0.0916328 0.0918102 0.0922487 0.0930819 0.0942926 
0.0886223 0.089833 0.090667 0.0911476 0.0913874 0.091494 0.0915369 0.0915529 0.0915584 0.0915603 0.0915608 0.091561 0.091561 0.091561 0.0915611 0.0915611 0.0915611 0.0915611 0.0915611 0.0915611 0.0915611 0.0915611 0.0915611 0.0915611 0.0915611 0.0915611 0.0915611 0.0915611 0.0915611 0.0915611 0.0915611 0.0915611 0.0915611 0.0915611 0.0915611 0.0915611 0.0915611 0.0915611 0.0915612 0.0915615 0.0915624 0.0915646 0.0915691 0.0915783 0.0915924 0.0916064 0.0916165 0.0916222 0.0916249 0.0916261 0.0916265 0.0916266 0.0916267 0.0916266 0.091626 0.0916232 0.0916151 0.0916017 0.0915878 0.0915771 0.09157 0.0915657 0.0915633 0.091562 0.0915615 0.0915612 0.0915611 0.0915611 0.0915611 0.0915611 0.0915611 0.0915611 0.0915611 0.0915611 0.0915611 0.0915611 0.0915611 0.0915611 0.0915611 0.0915611 0.0915611 0.0915611 0.0915611 0.0915611 0.0915611 0.0915611 0.0915611 0.0915611 0.0915611 0.0915611 0.0915611 0.0915611 0.0915615 0.091564 0.0915774 0.0916328 0.0918102 0.0922487 0.0930819 0.0942926 
0.0886223 0.089833 0.090667 0.0911476 0.0913874 0.091494 0.0915369 0.0915529 0.0915584 0.0915603 0.0915608 0.091561 0.091561 0.091561 0.0915611 0.0915611 0.0915611 0.0915611 0.0915611 0.0915611 0.0915611 0.0915611 0.0915611 0.0915611 0.0915611 0.0915611 0.0915611 0.0915611 0.0915611 0.0915611 0.0915611 0.0915611 0.0915611 0.0915611 0.0915611 0.0915611 0.0915612 0.0915615 0.091563 0.0915676 0.0915784 0.0916002 0.0916414 0.0917146 0.0918133 0.0919059 0.0919705 0.0920068 0.092024 0.0920311 0.0920338 0.0920346 0.0920348 0.0920338 0.0920266 0.0919997 0.0919368 0.0918432 0.0917505 0.0916789 0.0916295 0.0915981 0.0915796 0.0915697 0.0915648 0.0915626 0.0915616 0.0915613 0.0915611 0.0915611 0.0915611 0.0915611 0.0915611 0.0915611 0.0915611 0.0915611 0.0915611 0.0915611 0.0915611 0.0915611 0.0915611 0.0915611 0.0915611 0.0915611 0.0915611 0.0915611 0.0915611 0.0915611 0.0915611 0.0915611 0.0915611 0.0915611 0.0915615 0.091564 0.0915774 0.0916328 0.0918102 0.0922487 0.0930819 0.0942926 
0.0886223 0.089833 0.090667 0.0911476 0.0913874 0.091494 0.0915369 0.0915529 0.0915584 0.0915603 0.0915608 0.091561 0.091561 0.091561 0.0915611 0.0915611 0.0915611 0.0915611 0.0915611 0.0915611 0.0915611 0.0915611 0.0915611 0.0915611 0.0915611 0.0915611 0.0915611 0.0915611 0.0915611 0.0915611 0.0915611 0.0915611 0.0915611 0.0915611 0.0915611 0.0915614 0.091563 0.0915686 0.0915857 0.0916287 0.0917181 0.0918788 0.092152 0.0925804 0.0931061 0.093574 0.0938925 0.0940686 0.0941513 0.0941855 0.0941982 0.0942024 0.0942022 0.0941905 0.0941331 0.0939554 0.0935922 0.0930963 0.0926189 0.0922441 0.0919749 0.0917952 0.0916842 0.0916213 0.0915886 0.0915728 0.0915657 0.0915628 0.0915617 0.0915613 0.0915611 0.0915611 0.0915611 0.0915611 0.0915611 0.0915611 0.0915611 0.0915611 0.0915611 0.0915611 0.0915611 0.0915611 0.0915611 0.0915611 0.0915611 0.0915611 0.0915611 0.0915611 0.0915611 0.0915611 0.0915611 0.0915611 0.0915615 0.091564 0.0915774 0.0916328 0.0918102 0.0922487 0.0930819 0.0942926 
0.0886223 0.089833 0.090667 0.0911476 0.0913874 0.091494 0.0915369 0.0915529 0.0915584 0.0915603 0.0915608 0.091561 0.091561 0.091561 0.0915611 0.0915611 0.0915611 0.0915611 0.0915611 0.0915611 0.0915611 0.0915611 0.0915611 0.0915611 0.0915611 0.0915611 0.0915611 0.0915611 0.0915611 0.0915611 0.0915611 0.0915611 0.0915611 0.0915612 0.0915623 0.0915673 0.0915857 0.0916398 0.0917766 0.0920722 0.0926132 0.0934912 0.0948379 0.0967339 0.0988795 0.100707 0.101921 0.102585 0.102895 0.103023 0.10307 0.103085 0.103076 0.102994 0.102672 0.101811 0.100232 0.0982092 0.0962878 0.0947384 0.0935722 0.0927524 0.0922188 0.0919002 0.0917246 0.0916346 0.0915919 0.0915732 0.0915655 0.0915626 0.0915616 0.0915612 0.0915611 0.0915611 0.0915611 0.0915611 0.0915611 0.0915611 0.0915611 0.0915611 0.0915611 0.0915611 0.0915611 0.0915611 0.0915611 0.0915611 0.0915611 0.0915611 0.0915611 0.0915611 0.0915611 0.0915611 0.0915615 0.091564 0.0915774 0.0916328 0.0918102 0.0922487 0.0930819 0.0942926 
0.0886223 0.089833 0.090667 0.0911476 0.0913874 0.091494 0.0915369 0.0915529 0.0915584 0.0915603 0.0915608 0.091561 0.091561 0.091561 0.0915611 0.0915611 0.0915611 0.0915611 0.0915611 0.0915611 0.0915611 0.0915611 0.0915611 0.0915611 0.0915611 0.0915611 0.0915611 0.0915611 0.0915611 0.0915611 0.0915611 0.0915611 0.0915615 0.0915643 0.0915776 0.091628 0.0917774 0.0921466 0.0929439 0.0944441 0.0968932 0.100495 0.1055 0.111904 0.118658 0.124189 0.127795 0.129746 0.130655 0.13103 0.131168 0.131204 0.131136 0.130748 0.129441 0.126345 0.121123 0.11473 0.108646 0.103546 0.0994997 0.0964955 0.0944297 0.0931244 0.0923587 0.0919403 0.0917289 0.0916303 0.0915878 0.0915708 0.0915644 0.0915621 0.0915614 0.0915612 0.0915611 0.0915611 0.0915611 0.0915611 0.0915611 0.0915611 0.0915611 0.0915611 0.0915611 0.0915611 0.0915611 0.0915611 0.0915611 0.0915611 0.0915611 0.0915611 0.0915611 0.0915611 0.0915615 0.091564 0.0915774 0.0916328 0.0918102 0.0922487 0.0930819 0.0942926 
0.0886223 0.089833 0.090667 0.0911476 0.0913874 0.091494 0.0915369 0.0915529 0.0915584 0.0915603 0.0915608 0.091561 0.091561 0.091561 0.0915611 0.0915611 0.0915611 0.0915611 0.0915611 0.0915611 0.0915611 0.0915611 0.0915611 0.0915611 0.0915611 0.0915611 0.0915611 0.0915611 0.0915611 0.0915611 0.0915612 0.0915623 0.0915689 0.0915995 0.0917144 0.0920651 0.0929375 0.0947809 0.0982297 0.103948 0.112327 0.123511 0.137643 0.154205 0.170614 0.183601 0.191931 0.196411 0.198497 0.19936 0.199677 0.199731 0.199444 0.198147 0.194291 0.185977 0.172816 0.157119 0.141907 0.128499 0.117223 0.108348 0.101875 0.0975223 0.0947871 0.0931848 0.0923206 0.0918924 0.0916964 0.091613 0.0915798 0.0915674 0.0915631 0.0915617 0.0915612 0.0915611 0.0915611 0.0915611 0.0915611 0.0915611 0.0915611 0.0915611 0.0915611 0.0915611 0.0915611 0.0915611 0.0915611 0.0915611 0.0915611 0.0915611 0.0915611 0.0915611 0.0915615 0.091564 0.0915774 0.0916328 0.0918102 0.0922487 0.0930819 0.0942926 
0.0886223 0.089833 0.090667 0.0911476 0.0913874 0.091494 0.0915369 0.0915529 0.0915584 0.0915603 0.0915608 0.091561 0.091561 0.091561 0.0915611 0.0915611 0.0915611 0.0915611 0.0915611 0.0915611 0.0915611 0.0915611 0.0915611 0.0915611 0.0915611 0.0915611 0.0915611 0.0915611 0.0915611 0.0915613 0.0915635 0.0915777 0.091642 0.0918732 0.0925719 0.0943439 0.0981024 0.104973 0.116207 0.132728 0.154526 0.180949 0.211364 0.244188 0.27492 0.298535 0.313496 0.321525 0.325276 0.326836 0.327401 0.327429 0.326637 0.323568 0.315284 0.298635 0.273379 0.243442 0.213382 0.185228 0.159992 0.138835 0.122381 0.110505 0.102456 0.0973807 0.0944524 0.0929031 0.0921445 0.0917988 0.0916518 0.0915936 0.091572 0.0915646 0.0915621 0.0915614 0.0915611 0.0915611 0.0915611 0.0915611 0.0915611 0.0915611 0.0915611 0.0915611 0.0915611 0.0915611 0.0915611 0.0915611 0.0915611 0.0915611 0.0915611 0.0915611 0.0915615 0.091564 0.0915774 0.0916328 0.0918102 0.0922487 0.0930819 0.0942926 
0.0886223 0.089833 0.090667 0.0911476 0.0913874 0.091494 0.0915369 0.0915529 0.0915584 0.0915603 0.0915608 0.091561 0.091561 0.091561 0.0915611 0.0915611 0.0915611 0.0915611 0.0915611 0.0915611 0.0915611 0.0915611 0.0915611 0.0915611 0.0915611 0.0915611 0.0915611 0.0915611 0.0915614 0.0915652 0.0915909 0.091712 0.0921412 0.0933872 0.0964924 0.103147 0.115315 0.134695 0.162538 0.19897 0.242314 0.290057 0.340182 0.390161 0.434561 0.467821 0.48873 0.499975 0.50527 0.507494 0.508286 0.508227 0.506757 0.501622 0.488686 0.463885 0.427023 0.382661 0.335728 0.288592 0.243317 0.202644 0.168635 0.14205 0.12248 0.109157 0.100902 0.0962045 0.0937218 0.0924996 0.091941 0.0917045 0.0916117 0.0915779 0.0915663 0.0915626 0.0915615 0.0915612 0.0915611 0.0915611 0.0915611 0.0915611 0.0915611 0.0915611 0.0915611 0.0915611 0.0915611 0.0915611 0.0915611 0.0915611 0.0915611 0.0915611 0.0915615 0.091564 0.0915774 0.0916328 0.0918102 0.0922487 0.0930819 0.0942926 
0.0886223 0.089833 0.090667 0.0911476 0.0913874 0.091494 0.0915369 0.0915529 0.0915584 0.0915603 0.0915608 0.091561 0.091561 0.091561 0.0915611 0.0915611 0.0915611 0.0915611 0.0915611 0.0915611 0.0915611 0.0915611 0.0915611 0.0915611 0.0915611 0.0915611 0.0915611 0.0915615 0.0915666 0.0916052 0.0918011 0.0925231 0.0945959 0.0995526 0.109889 0.128798 0.158818 0.200705 0.253762 0.315659 0.382163 0.448834 0.512815 0.571893 0.62183 0.658423 0.681345 0.693758 0.699679 0.702201 0.703097 0.702964 0.701111 0.695017 0.680288 0.652689 0.611566 0.560276 0.502308 0.439474 0.374441 0.311372 0.254112 0.20516 0.165816 0.136811 0.117394 0.105395 0.0984762 0.094769 0.0929381 0.0921084 0.0917632 0.0916308 0.0915836 0.091568 0.0915631 0.0915616 0.0915612 0.0915611 0.0915611 0.0915611 0.0915611 0.0915611 0.0915611 0.0915611 0.0915611 0.0915611 0.0915611 0.0915611 0.0915611 0.0915611 0.0915615 0.091564 0.0915774 0.0916328 0.0918102 0.0922487 0.0930819 0.0942926 
0.0886223 0.089833 0.090667 0.0911476 0.0913874 0.091494 0.0915369 0.0915529 0.0915584 0.0915603 0.0915608 0.091561 0.091561 0.091561 0.0915611 0.0915611 0.0915611 0.0915611 0.0915611 0.0915611 0.0915611 0.0915611 0.0915611 0.0915611 0.0915611 0.0915611 0.0915615 0.0915672 0.0916146 0.091879 0.09293 0.0960751 0.103549 0.118481 0.14477 0.186078 0.243352 0.313748 0.392706 0.475086 0.555279 0.628787 0.6936 0.74921 0.794012 0.826187 0.846328 0.857351 0.862697 0.865018 0.865859 0.86575 0.864113 0.858844 0.846313 0.822855 0.787135 0.740274 0.683283 0.616403 0.541441 0.46231 0.383493 0.309228 0.243858 0.191459 0.153215 0.127236 0.110739 0.101064 0.095886 0.0933706 0.09226 0.0918118 0.0916451 0.0915876 0.091569 0.0915633 0.0915617 0.0915612 0.0915611 0.0915611 0.0915611 0.0915611 0.0915611 0.0915611 0.0915611 0.0915611 0.0915611 0.0915611 0.0915611 0.0915611 0.0915615 0.091564 0.0915774 0.0916328 0.0918102 0.0922487 0.0930819 0.0942926 
0.0886223 0.089833 0.090667 0.0911476 0.0913874 0.091494 0.0915369 0.0915529 0.0915584 0.0915603 0.0915608 0.091561 0.091561 0.091561 0.0915611 0.0915611 0.0915611 0.0915611 0.0915611 0.0915611 0.0915611 0.0915611 0.0915611 0.0915611 0.0915611 0.0915614 0.0915666 0.0916146 0.0919103 0.0931981 0.0973535 0.107681 0.128311 0.163144 0.215272 0.285939 0.371991 0.465886 0.559862 0.648097 0.726385 0.7925 0.846516 0.889827 0.923131 0.946565 0.961228 0.969348 0.97336 0.975141 0.975809 0.975773 0.974676 0.971143 0.962745 0.946847 0.921871 0.887249 0.841968 0.784489 0.714483 0.633468 0.544252 0.451269 0.361496 0.282764 0.219351 0.17145 0.137712 0.115979 0.103346 0.0967546 0.0936604 0.0923446 0.0918331 0.0916496 0.0915882 0.091569 0.0915633 0.0915616 0.0915612 0.0915611 0.0915611 0.0915611 0.0915611 0.0915611 0.0915611 0.0915611 0.0915611 0.0915611 0.0915611 0.0915611 0.0915615 0.091564 0.0915774 0.0916328 0.0918102 0.0922487 0.0930819 0.0942926 
0.0886223 0.089833 0.090667 0.0911476 0.0913874 0.091494 0.0915369 0.0915529 0.0915584 0.0915603 0.0915608 0.091561 0.091561 0.091561 0.0915611 0.0915611 0.0915611 0.0915611 0.0915611 0.0915611 0.0915611 0.0915611 0.0915611 0.0915611 0.0915613 0.0915652 0.0916052 0.091879 0.0931981 0.0978625 0.110367 0.136595 0.181214 0.245566 0.328058 0.424988 0.529289 0.631339 0.723544 0.802221 0.86635 0.916631 0.955019 0.983962 1.00523 1.01988 1.02902 1.03414 1.03672 1.03789 1.03835 1.03836 1.03777 1.03583 1.03117 1.02221 1.00765 0.986349 0.956558 0.915813 0.861871 0.793221 0.709496 0.613117 0.510902 0.411932 0.322846 0.247351 0.18814 0.146128 0.119515 0.104551 0.0970632 0.0937009 0.0923314 0.0918199 0.0916428 0.0915855 0.091568 0.0915629 0.0915615 0.0915612 0.0915611 0.0915611 0.0915611 0.0915611 0.0915611 0.0915611 0.0915611 0.0915611 0.0915611 0.0915611 0.0915615 0.091564 0.0915774 0.0916328 0.0918102 0.0922487 0.0930819 0.0942926 
0.0886223 0.089833 0.090667 0.0911476 0.0913874 0.091494 0.0915369 0.0915529 0.0915584 0.0915603 0.0915608 0.091561 0.091561 0.091561 0.0915611 0.0915611 0.0915611 0.0915611 0.0915611 0.0915611 0.0915611 0.0915611 0.0915611 0.0915612 0.0915635 0.0915909 0.0918011 0.09293 0.0973535 0.110367 0.13985 0.192694 0.270127 0.366658 0.473756 0.583568 0.688617 0.781683 0.858565 0.918882 0.964437 0.997828 1.02181 1.03892 1.05094 1.05903 1.06406 1.0669 1.06835 1.06903 1.0693 1.06933 1.06906 1.06815 1.06593 1.06158 1.05427 1.04305 1.02637 1.00192 0.966827 0.917855 0.852046 0.768737 0.671403 0.5663 0.459534 0.35756 0.268261 0.198195 0.149608 0.120052 0.104232 0.0967079 0.0934871 0.0922309 0.0917792 0.0916281 0.0915806 0.0915665 0.0915625 0.0915614 0.0915611 0.0915611 0.0915611 0.0915611 0.0915611 0.0915611 0.0915611 0.0915611 0.0915611 0.0915611 0.0915615 0.091564 0.0915774 0.0916328 0.0918102 0.0922487 0.0930819 0.0942926 
0.0886223 0.089833 0.090667 0.0911476 0.0913874 0.091494 0.0915369 0.0915529 0.0915584 0.0915603 0.0915608 0.091561 0.091561 0.091561 0.0915611 0.0915611 0.0915611 0.0915611 0.0915611 0.0915611 0.0915611 0.0915611 0.0915611 0.0915623 0.0915777 0.091712 0.0925231 0.0960751 0.107681 0.136595 0.192694 0.279571 0.390391 0.511304 0.628944 0.735203 0.826082 0.899472 0.95546 0.996285 1.0251 1.04498 1.05848 1.06763 1.0738 1.07783 1.08033 1.08174 1.08248 1.08283 1.08297 1.083 1.0829 1.08252 1.08159 1.07972 1.07648 1.07128 1.06313 1.05041 1.03072 1.00081 0.956892 0.895999 0.817325 0.721855 0.611889 0.493272 0.376886 0.275388 0.197992 0.146864 0.117474 0.102596 0.095871 0.0931187 0.0920863 0.0917276 0.091611 0.0915753 0.091565 0.0915621 0.0915613 0.0915611 0.0915611 0.0915611 0.0915611 0.0915611 0.0915611 0.0915611 0.0915611 0.0915611 0.0915615 0.091564 0.0915774 0.0916328 0.0918102 0.0922487 0.0930819 0.0942926 
0.0886223 0.089833 0.090667 0.0911476 0.0913874 0.091494 0.0915369 0.0915529 0.0915584 0.0915603 0.0915608 0.091561 0.091561 0.091561 0.0915611 0.0915611 0.0915611 0.0915611 0.0915611 0.0915611 0.0915611 0.0915611 0.0915615 0.0915689 0.091642 0.0921412 0.0945959 0.103549 0.128311 0.181214 0.270127 0.390391 0.525379 0.655847 0.768693 0.859516 0.929366 0.980956 1.01749 1.04244 1.05902 1.06984 1.07683 1.08134 1.08426 1.08612 1.08725 1.0879 1.08824 1.0884 1.08847 1.08849 1.08845 1.08831 1.08796 1.08723 1.08594 1.08379 1.08024 1.07437 1.06466 1.04874 1.0234 0.985032 0.930065 0.854831 0.756422 0.636269 0.503607 0.374525 0.265998 0.187859 0.139339 0.113013 0.100351 0.094878 0.0927236 0.0919426 0.0916791 0.0915957 0.0915708 0.0915637 0.0915617 0.0915612 0.0915611 0.0915611 0.0915611 0.0915611 0.0915611 0.0915611 0.0915611 0.0915611 0.0915615 0.091564 0.0915774 0.0916328 0.0918102 0.0922487 0.0930819 0.0942926 
0.0886223 0.089833 0.090667 0.0911476 0.0913874 0.091494 0.0915369 0.0915529 0.0915584 0.0915603 0.0915608 0.091561 0.091561 0.091561 0.0915611 0.0915611 0.0915611 0.0915611 0.0915611 0.0915611 0.0915611 0.0915612 0.0915643 0.0915995 0.0918732 0.0933872 0.0995526 0.118481 0.163144 0.245566 0.366658 0.511304 0.655847 0.781065 0.878543 0.949235 0.998431 1.03171 1.05361 1.06766 1.07649 1.08196 1.08533 1.08741 1.08871 1.08951 1.08999 1.09027 1.09041 1.09048 1.09051 1.09052 1.09051 1.09047 1.09034 1.09008 1.08961 1.0888 1.0874 1.08496 1.08068 1.07316 1.06027 1.03901 1.00517 0.952811 0.874906 0.766957 0.632595 0.486737 0.351408 0.244678 0.172472 0.130078 0.1082 0.0981413 0.0939649 0.0923792 0.0918225 0.0916401 0.0915838 0.0915673 0.0915627 0.0915615 0.0915612 0.0915611 0.0915611 0.0915611 0.0915611 0.0915611 0.0915611 0.0915611 0.0915615 0.091564 0.0915774 0.0916328 0.0918102 0.0922487 0.0930819 0.0942926 
0.0886223 0.089833 0.090667 0.0911476 0.0913874 0.091494 0.0915369 0.0915529 0.0915584 0.0915603 0.0915608 0.091561 0.091561 0.091561 0.0915611 0.0915611 0.0915611 0.0915611 0.0915611 0.0915611 0.0915611 0.0915623 0.0915776 0.0917144 0.0925719 0.0964924 0.109889 0.14477 0.215272 0.328058 0.473756 0.628944 0.768693 0.878543 0.956416 1.00785 1.04046 1.06068 1.07303 1.08047 1.08489 1.0875 1.08904 1.08995 1.0905 1.09082 1.09101 1.09112 1.09118 1.09121 1.09122 1.09123 1.09123 1.09121 1.09117 1.09109 1.09093 1.09064 1.09013 1.08921 1.08749 1.08429 1.07841 1.06784 1.04909 1.0162 0.960396 0.872691 0.750059 0.602004 0.450126 0.317898 0.219444 0.156318 0.121123 0.103832 0.0962377 0.0932128 0.0921064 0.0917306 0.0916111 0.0915751 0.0915648 0.091562 0.0915613 0.0915611 0.0915611 0.0915611 0.0915611 0.0915611 0.0915611 0.0915611 0.0915615 0.091564 0.0915774 0.0916328 0.0918102 0.0922487 0.0930819 0.0942926 
0.0886223 0.089833 0.090667 0.0911476 0.0913874 0.091494 0.0915369 0.0915529 0.0915584 0.0915603 0.0915608 0.091561 0.091561 0.091561 0.0915611 0.0915611 0.0915611 0.0915611 0.0915611 0.0915611 0.0915614 0.0915673 0.091628 0.0920651 0.0943439 0.103147 0.128798 0.186078 0.285939 0.424988 0.583568 0.735203 0.859516 0.949235 1.00785 1.04351 1.06428 1.07613 1.08283 1.0866 1.08872 1.08991 1.09058 1.09096 1.09118 1.0913 1.09138 1.09142 1.09144 1.09145 1.09146 1.09146 1.09146 1.09145 1.09144 1.09142 1.09137 1.09127 1.0911 1.09078 1.09014 1.0889 1.08645 1.08165 1.0721 1.05302 1.0162 0.95096 0.849153 0.712666 0.557059 0.406215 0.28165 0.193961 0.140962 0.113087 0.100119 0.0946973 0.0926305 0.0919033 0.0916645 0.0915908 0.0915692 0.0915632 0.0915616 0.0915612 0.0915611 0.0915611 0.0915611 0.0915611 0.0915611 0.0915611 0.0915615 0.091564 0.0915774 0.0916328 0.0918102 0.0922487 0.0930819 0.0942926 
0.0886223 0.089833 0.090667 0.0911476 0.0913874 0.091494 0.0915369 0.0915529 0.0915584 0.0915603 0.0915608 0.091561 0.091561 0.091561 0.0915611 0.0915611 0.0915611 0.0915611 0.0915611 0.0915612 0.091563 0.0915857 0.0917774 0.0929375 0.0981024 0.115315 0.158818 0.243352 0.371991 0.529289 0.688617 0.826082 0.929366 0.998431 1.04046 1.06428 1.07717 1.08396 1.08753 1.08939 1.09038 1.09091 1.09119 1.09134 1.09143 1.09147 1.0915 1.09152 1.09152 1.09153 1.09153 1.09153 1.09153 1.09153 1.09153 1.09152 1.0915 1.09148 1.09142 1.09131 1.0911 1.09065 1.08971 1.08767 1.08313 1.0728 1.05026 1.00561 0.928088 0.812339 0.664744 0.504623 0.357613 0.24382 0.169155 0.127052 0.106283 0.0971601 0.0935334 0.0922105 0.0917625 0.0916203 0.0915777 0.0915655 0.0915622 0.0915613 0.0915611 0.0915611 0.0915611 0.0915611 0.0915611 0.0915611 0.0915615 0.091564 0.0915774 0.0916328 0.0918102 0.0922487 0.0930819 0.0942926 
0.0886223 0.089833 0.090667 0.0911476 0.0913874 0.091494 0.0915369 0.0915529 0.0915584 0.0915603 0.0915608 0.091561 0.091561 0.091561 0.0915611 0.0915611 0.0915611 0.0915611 0.0915611 0.0915615 0.0915686 0.0916398 0.0921466 0.0947809 0.104973 0.134695 0.200705 0.313748 0.465886 0.631339 0.781683 0.899472 0.980956 1.03171 1.06068 1.07613 1.08396 1.08782 1.08971 1.09062 1.09108 1.09131 1.09142 1.09148 1.09152 1.09153 1.09154 1.09155 1.09155 1.09155 1.09155 1.09155 1.09155 1.09155 1.09155 1.09155 1.09154 1.09154 1.09152 1.09149 1.09142 1.09127 1.09093 1.09012 1.08808 1.08283 1.06999 1.04163 0.986795 0.895201 0.764187 0.605159 0.443006 0.304944 0.206413 0.146716 0.115438 0.100986 0.0949905 0.0927229 0.0919306 0.0916723 0.0915929 0.0915698 0.0915634 0.0915616 0.0915612 0.0915611 0.0915611 0.0915611 0.0915611 0.0915611 0.0915615 0.091564 0.0915774 0.0916328 0.0918102 0.0922487 0.0930819 0.0942926 
0.0886223 0.089833 0.090667 0.0911476 0.0913874 0.091494 0.0915369 0.0915529 0.0915584 0.0915603 0.0915608 0.091561 0.091561 0.091561 0.0915611 0.0915611 0.0915611 0.0915611 0.0915612 0.091563 0.0915857 0.0917766 0.0929439 0.0982297 0.116207 0.162538 0.253762 0.392706 0.559862 0.723544 0.858565 0.95546 1.01749 1.05361 1.07303 1.08283 1.08753 1.08971 1.0907 1.09115 1.09136 1.09146 1.09151 1.09153 1.09155 1.09155 1.09156 1.09156 1.09156 1.09156 1.09156 1.09156 1.09156 1.09156 1.09156 1.09156 1.09156 1.09155 1.09155 1.09154 1.09152 1.09147 1.09135 1.09105 1.09018 1.08766 1.08078 1.06385 1.02727 0.958796 0.849084 0.70052 0.532542 0.375083 0.252593 0.172706 0.128201 0.106563 0.0971969 0.0935243 0.0922012 0.091758 0.0916186 0.0915771 0.0915654 0.0915622 0.0915613 0.0915611 0.0915611 0.0915611 0.0915611 0.0915611 0.0915615 0.091564 0.0915774 0.0916328 0.0918102 0.0922487 0.0930819 0.0942926 
0.0886223 0.089833 0.090667 0.0911476 0.0913874 0.091494 0.0915369 0.0915529 0.0915584 0.0915603 0.0915608 0.091561 0.091561 0.091561 0.0915611 0.0915611 0.0915611 0.0915611 0.0915615 0.0915676 0.0916287 0.0920722 0.0944441 0.103948 0.132728 0.19897 0.315659 0.475086 0.648097 0.802221 0.918882 0.996285 1.04244 1.06766 1.08047 1.0866 1.08939 1.09062 1.09115 1.09138 1.09148 1.09152 1.09154 1.09155 1.09156 1.09156 1.09156 1.09156 1.09156 1.09156 1.09156 1.09156 1.09156 1.09156 1.09156 1.09156 1.09156 1.09156 1.09156 1.09156 1.09155 1.09153 1.0915 1.09139 1.09103 1.08989 1.08638 1.07675 1.05346 1.00466 0.917331 0.785747 0.620897 0.450695 0.306291 0.204907 0.144872 0.114179 0.100325 0.094698 0.0926086 0.0918902 0.0916591 0.0915889 0.0915686 0.091563 0.0915616 0.0915612 0.0915611 0.0915611 0.0915611 0.0915611 0.0915615 0.091564 0.0915774 0.0916328 0.0918102 0.0922487 0.0930819 0.0942926 
0.0886223 0.089833 0.090667 0.0911476 0.0913874 0.091494 0.0915369 0.0915529 0.0915584 0.0915603 0.0915608 0.091561 0.091561 0.091561 0.0915611 0.0915611 0.0915611 0.0915611 0.0915624 0.0915784 0.0917181 0.0926132 0.0968932 0.112327 0.154526 0.242314 0.382163 0.555279 0.726385 0.86635 0.964437 1.0251 1.05902 1.07649 1.08489 1.08872 1.09038 1.09108 1.09136 1.09148 1.09153 1.09155 1.09155 1.09156 1.09156 1.09156 1.09156 1.09156 1.09156 1.09156 1.09156 1.09156 1.09156 1.09156 1.09156 1.09156 1.09156 1.09156 1.09156 1.09156 1.09156 1.09155 1.09154 1.0915 1.09137 1.09086 1.08915 1.08387 1.06958 1.03613 0.969401 0.857681 0.702789 0.52701 0.364748 0.242302 0.165312 0.12395 0.104495 0.0963149 0.0931862 0.0920824 0.0917193 0.0916067 0.0915737 0.0915644 0.0915619 0.0915613 0.0915611 0.0915611 0.0915611 0.0915611 0.0915615 0.091564 0.0915774 0.0916328 0.0918102 0.0922487 0.0930819 0.0942926 
0.0886223 0.089833 0.090667 0.0911476 0.0913874 0.091494 0.0915369 0.0915529 0.0915584 0.0915603 0.0915608 0.091561 0.091561 0.091561 0.0915611 0.0915611 0.0915611 0.0915613 0.0915646 0.0916002 0.0918788 0.0934912 0.100495 0.123511 0.180949 0.290057 0.448834 0.628787 0.7925 0.916631 0.997828 1.04498 1.06984 1.08196 1.0875 1.08991 1.09091 1.09131 1.09146 1.09152 1.09155 1.09155 1.09156 1.09156 1.09156 1.09156 1.09156 1.09156 1.09156 1.09156 1.09156 1.09156 1.09156 1.09156 1.09156 1.09156 1.09156 1.09156 1.09156 1.09156 1.09156 1.09156 1.09156 1.09154 1.09149 1.09128 1.09046 1.08765 1.07912 1.05677 1.00712 0.914964 0.774235 0.599672 0.42503 0.283569 0.189161 0.135884 0.109786 0.0984326 0.0939635 0.0923474 0.091804 0.0916324 0.0915811 0.0915664 0.0915625 0.0915614 0.0915611 0.0915611 0.0915611 0.0915611 0.0915615 0.091564 0.0915774 0.0916328 0.0918102 0.0922487 0.0930819 0.0942926 
