6.05832 6.0585 6.05879 6.05919 6.05969 6.0603 6.06101 6.06183 6.06276 6.06379 6.06493 6.06618 6.06753 6.06899 6.07055 6.07222 6.07399 6.07586 6.07782 6.07987 6.08201 6.08423 6.08653 6.0889 6.09133 6.09381 6.09634 6.0989 6.10148 6.10407 6.10667 6.10925 6.11181 6.11433 6.11681 6.11921 6.12154 6.12378 6.12591 6.12793 6.12982 6.13156 6.13316 6.1346 6.13586 6.13695 6.13786 6.13857 6.13909 6.13941 6.13953 6.13945 6.13917 6.1387 6.13803 6.13717 6.13613 6.13491 6.13352 6.13198 6.13029 6.12846 6.12651 6.12445 6.12228 6.12003 6.1177 6.11532 6.11289 6.11043 6.10794 6.10545 6.10297 6.1005 6.09807 6.09567 6.09332 6.09104 6.08882 6.08668 6.08461 6.08264 6.08076 6.07898 6.07731 6.07573 6.07427 6.07291 6.07167 6.07054 6.06952 6.06861 6.06781 6.06713 6.06655 6.06609 6.06573 6.06549 6.06535 6.06532 
6.0585 6.05869 6.05898 6.05938 6.05988 6.06049 6.06121 6.06203 6.06296 6.064 6.06515 6.0664 6.06776 6.06923 6.07081 6.07248 6.07426 6.07614 6.07811 6.08018 6.08233 6.08457 6.08688 6.08927 6.09171 6.09421 6.09676 6.09933 6.10193 6.10455 6.10716 6.10976 6.11234 6.11488 6.11737 6.11979 6.12213 6.12439 6.12654 6.12857 6.13047 6.13223 6.13384 6.13528 6.13656 6.13765 6.13856 6.13928 6.1398 6.14013 6.14025 6.14017 6.13989 6.13941 6.13873 6.13787 6.13682 6.13559 6.1342 6.13264 6.13094 6.1291 6.12713 6.12505 6.12287 6.1206 6.11826 6.11586 6.11341 6.11093 6.10843 6.10592 6.10342 6.10094 6.09849 6.09607 6.09371 6.09141 6.08917 6.08701 6.08494 6.08295 6.08106 6.07927 6.07758 6.076 6.07452 6.07316 6.0719 6.07076 6.06973 6.06882 6.06802 6.06733 6.06675 6.06628 6.06592 6.06568 6.06554 6.06551 
6.05879 6.05898 6.05927 6.05967 6.06018 6.0608 6.06153 6.06237 6.06331 6.06437 6.06554 6.06681 6.06819 6.06969 6.07129 6.07299 6.0748 6.07671 6.07872 6.08082 6.08301 6.08529 6.08764 6.09007 6.09255 6.0951 6.09768 6.10031 6.10295 6.10561 6.10827 6.11091 6.11354 6.11612 6.11865 6.12111 6.1235 6.12579 6.12797 6.13003 6.13197 6.13376 6.13539 6.13686 6.13816 6.13927 6.1402 6.14092 6.14145 6.14178 6.1419 6.14182 6.14154 6.14105 6.14036 6.13948 6.13841 6.13716 6.13574 6.13416 6.13243 6.13056 6.12856 6.12644 6.12422 6.12191 6.11953 6.11709 6.1146 6.11207 6.10953 6.10698 6.10443 6.1019 6.09941 6.09695 6.09454 6.0922 6.08992 6.08773 6.08561 6.08359 6.08166 6.07984 6.07812 6.0765 6.075 6.07361 6.07233 6.07117 6.07012 6.06919 6.06837 6.06767 6.06707 6.0666 6.06623 6.06598 6.06583 6.0658 
6.05919 6.05938 6.05967 6.06008 6.06061 6.06124 6.06198 6.06284 6.06381 6.0649 6.06609 6.0674 6.06882 6.07036 6.072 6.07375 6.07561 6.07757 6.07964 6.0818 6.08405 6.08639 6.0888 6.0913 6.09385 6.09646 6.09912 6.10181 6.10453 6.10726 6.10999 6.11271 6.1154 6.11805 6.12065 6.12318 6.12562 6.12797 6.13021 6.13233 6.13432 6.13615 6.13783 6.13933 6.14066 6.1418 6.14275 6.1435 6.14404 6.14438 6.1445 6.14441 6.14412 6.14361 6.14291 6.142 6.14091 6.13962 6.13817 6.13654 6.13476 6.13284 6.13078 6.12861 6.12633 6.12396 6.12151 6.119 6.11644 6.11385 6.11123 6.10861 6.10599 6.10339 6.10083 6.0983 6.09583 6.09341 6.09107 6.08881 6.08664 6.08456 6.08257 6.08069 6.07892 6.07726 6.07571 6.07428 6.07296 6.07176 6.07068 6.06971 6.06887 6.06814 6.06753 6.06703 6.06665 6.06639 6.06623 6.0662 
6.05969 6.05988 6.06018 6.06061 6.06114 6.0618 6.06257 6.06345 6.06446 6.06558 6.06682 6.06818 6.06965 6.07124 6.07294 6.07476 6.07669 6.07872 6.08086 6.0831 6.08544 6.08786 6.09037 6.09295 6.0956 6.09831 6.10106 6.10386 6.10667 6.1095 6.11233 6.11514 6.11793 6.12068 6.12336 6.12598 6.12851 6.13095 6.13327 6.13546 6.13751 6.13941 6.14114 6.1427 6.14407 6.14525 6.14623 6.147 6.14756 6.1479 6.14803 6.14794 6.14763 6.14711 6.14637 6.14544 6.1443 6.14297 6.14146 6.13977 6.13793 6.13594 6.13381 6.13155 6.12919 6.12673 6.1242 6.12159 6.11894 6.11625 6.11354 6.11082 6.1081 6.10541 6.10274 6.10012 6.09756 6.09505 6.09262 6.09027 6.08801 6.08585 6.08379 6.08183 6.07999 6.07826 6.07665 6.07515 6.07378 6.07253 6.0714 6.0704 6.06951 6.06875 6.06811 6.06759 6.06719 6.06691 6.06675 6.0667 
6.0603 6.06049 6.0608 6.06124 6.0618 6.06248 6.06328 6.0642 6.06525 6.06642 6.06772 6.06913 6.07067 6.07234 6.07412 6.07602 6.07803 6.08016 6.0824 6.08474 6.08718 6.08972 6.09234 6.09504 6.09781 6.10064 6.10352 6.10643 6.10937 6.11233 6.11528 6.11822 6.12113 6.12399 6.1268 6.12953 6.13217 6.13471 6.13712 6.13941 6.14155 6.14352 6.14533 6.14695 6.14838 6.14961 6.15062 6.15143 6.15201 6.15236 6.15249 6.15239 6.15207 6.15152 6.15076 6.14977 6.14858 6.1472 6.14562 6.14386 6.14193 6.13985 6.13763 6.13527 6.13281 6.13024 6.12759 6.12487 6.1221 6.11929 6.11645 6.11361 6.11077 6.10795 6.10516 6.10242 6.09973 6.09711 6.09457 6.09211 6.08974 6.08747 6.08531 6.08326 6.08132 6.07951 6.07781 6.07625 6.0748 6.07349 6.0723 6.07124 6.07031 6.0695 6.06882 6.06827 6.06785 6.06754 6.06737 6.06731 
6.06101 6.06121 6.06153 6.06198 6.06257 6.06328 6.06412 6.06509 6.06619 6.06742 6.06879 6.07028 6.0719 6.07365 6.07552 6.07752 6.07965 6.08189 6.08424 6.08671 6.08928 6.09195 6.09471 6.09755 6.10047 6.10345 6.10647 6.10954 6.11263 6.11574 6.11884 6.12193 6.12499 6.128 6.13094 6.13381 6.13658 6.13924 6.14178 6.14418 6.14642 6.14849 6.15038 6.15208 6.15358 6.15487 6.15593 6.15677 6.15738 6.15775 6.15788 6.15777 6.15743 6.15685 6.15604 6.15501 6.15376 6.1523 6.15064 6.14879 6.14677 6.14458 6.14224 6.13977 6.13717 6.13447 6.13169 6.12882 6.12591 6.12295 6.11997 6.11697 6.11398 6.11101 6.10808 6.10519 6.10235 6.09959 6.09691 6.09431 6.09181 6.08942 6.08713 6.08497 6.08292 6.081 6.07921 6.07755 6.07602 6.07462 6.07336 6.07224 6.07124 6.07039 6.06966 6.06907 6.06862 6.06829 6.06809 6.06803 
6.06183 6.06203 6.06237 6.06284 6.06345 6.0642 6.06509 6.06612 6.06728 6.06858 6.07002 6.0716 6.07332 6.07517 6.07716 6.07928 6.08153 6.0839 6.0864 6.08901 6.09174 6.09456 6.09749 6.1005 6.10358 6.10673 6.10993 6.11318 6.11645 6.11973 6.12301 6.12628 6.1295 6.13268 6.13579 6.13882 6.14175 6.14456 6.14723 6.14976 6.15212 6.15431 6.1563 6.15809 6.15967 6.16102 6.16214 6.16302 6.16366 6.16405 6.16418 6.16407 6.1637 6.16309 6.16223 6.16114 6.15982 6.15827 6.15652 6.15457 6.15242 6.15011 6.14764 6.14502 6.14228 6.13943 6.13648 6.13345 6.13037 6.12724 6.12408 6.12091 6.11774 6.1146 6.11149 6.10842 6.10542 6.10249 6.09964 6.09689 6.09423 6.09169 6.08926 6.08696 6.08478 6.08274 6.08083 6.07906 6.07743 6.07594 6.0746 6.07339 6.07233 6.07141 6.07063 6.07 6.0695 6.06915 6.06893 6.06886 
6.06276 6.06296 6.06331 6.06381 6.06446 6.06525 6.06619 6.06728 6.06852 6.0699 6.07143 6.07311 6.07494 6.07691 6.07903 6.08128 6.08368 6.08621 6.08887 6.09165 6.09455 6.09755 6.10066 6.10386 6.10714 6.11049 6.11389 6.11734 6.12082 6.1243 6.12779 6.13125 6.13468 6.13805 6.14135 6.14456 6.14766 6.15064 6.15347 6.15615 6.15865 6.16096 6.16307 6.16497 6.16663 6.16806 6.16925 6.17018 6.17085 6.17125 6.17139 6.17127 6.17088 6.17022 6.16931 6.16815 6.16675 6.16511 6.16324 6.16117 6.1589 6.15644 6.15382 6.15104 6.14813 6.14509 6.14196 6.13875 6.13547 6.13214 6.12878 6.12541 6.12205 6.1187 6.11539 6.11213 6.10893 6.10581 6.10277 6.09983 6.097 6.09429 6.0917 6.08923 6.08691 6.08472 6.08268 6.08079 6.07904 6.07744 6.076 6.0747 6.07356 6.07257 6.07173 6.07105 6.07051 6.07012 6.06988 6.06979 
6.06379 6.064 6.06437 6.0649 6.06558 6.06642 6.06742 6.06858 6.0699 6.07138 6.07302 6.07481 6.07676 6.07887 6.08113 6.08354 6.0861 6.0888 6.09164 6.09461 6.0977 6.10092 6.10423 6.10765 6.11115 6.11472 6.11835 6.12203 6.12573 6.12945 6.13316 6.13685 6.14049 6.14408 6.14759 6.15101 6.15431 6.15747 6.16049 6.16333 6.16599 6.16844 6.17069 6.1727 6.17446 6.17598 6.17723 6.17822 6.17892 6.17935 6.1795 6.17936 6.17894 6.17824 6.17727 6.17603 6.17454 6.17279 6.1708 6.16859 6.16617 6.16356 6.16076 6.1578 6.1547 6.15147 6.14813 6.1447 6.14121 6.13766 6.13408 6.13048 6.12689 6.12331 6.11978 6.11629 6.11287 6.10953 6.10629 6.10314 6.10011 6.09721 6.09443 6.09179 6.0893 6.08695 6.08476 6.08272 6.08084 6.07912 6.07757 6.07617 6.07494 6.07387 6.07296 6.07221 6.07163 6.0712 6.07094 6.07083 
6.06493 6.06515 6.06554 6.06609 6.06682 6.06772 6.06879 6.07002 6.07143 6.07302 6.07477 6.07669 6.07878 6.08103 6.08346 6.08604 6.08878 6.09167 6.09472 6.0979 6.10121 6.10465 6.1082 6.11186 6.1156 6.11942 6.1233 6.12723 6.13119 6.13516 6.13912 6.14306 6.14695 6.15078 6.15453 6.15817 6.16168 6.16506 6.16827 6.1713 6.17413 6.17674 6.17913 6.18126 6.18314 6.18476 6.18609 6.18713 6.18788 6.18833 6.18848 6.18833 6.18788 6.18713 6.18609 6.18477 6.18317 6.18131 6.17919 6.17683 6.17424 6.17145 6.16846 6.1653 6.16199 6.15854 6.15497 6.15131 6.14757 6.14378 6.13995 6.1361 6.13226 6.12843 6.12465 6.12092 6.11725 6.11367 6.11019 6.10682 6.10357 6.10044 6.09746 6.09463 6.09194 6.08942 6.08706 6.08486 6.08284 6.08099 6.0793 6.0778 6.07646 6.0753 6.07432 6.07351 6.07287 6.0724 6.0721 6.07198 
6.06618 6.0664 6.06681 6.0674 6.06818 6.06913 6.07028 6.0716 6.07311 6.07481 6.07669 6.07875 6.08099 6.08341 6.08601 6.08879 6.09173 6.09483 6.0981 6.10151 6.10506 6.10875 6.11256 6.11648 6.12049 6.12458 6.12874 6.13294 6.13718 6.14142 6.14566 6.14987 6.15404 6.15813 6.16213 6.16602 6.16977 6.17337 6.1768 6.18003 6.18305 6.18584 6.18838 6.19066 6.19266 6.19437 6.19579 6.1969 6.19769 6.19817 6.19833 6.19816 6.19768 6.19688 6.19576 6.19435 6.19263 6.19064 6.18837 6.18585 6.18309 6.1801 6.17691 6.17353 6.16999 6.1663 6.16248 6.15856 6.15456 6.1505 6.1464 6.14227 6.13815 6.13405 6.12999 6.12599 6.12206 6.11822 6.11448 6.11085 6.10736 6.104 6.10079 6.09774 6.09485 6.09213 6.08958 6.08722 6.08503 6.08303 6.08121 6.07958 6.07813 6.07687 6.0758 6.07492 6.07422 6.07371 6.07338 6.07323 
6.06753 6.06776 6.06819 6.06882 6.06965 6.07067 6.0719 6.07332 6.07494 6.07676 6.07878 6.08099 6.0834 6.086 6.0888 6.09177 6.09494 6.09827 6.10178 6.10544 6.10926 6.11321 6.1173 6.1215 6.1258 6.13019 6.13465 6.13915 6.14369 6.14824 6.15278 6.15728 6.16174 6.16611 6.17039 6.17455 6.17856 6.18241 6.18607 6.18952 6.19274 6.19571 6.19842 6.20085 6.20299 6.20481 6.20632 6.2075 6.20835 6.20885 6.20901 6.20883 6.20831 6.20745 6.20626 6.20474 6.20291 6.20077 6.19835 6.19565 6.19269 6.1895 6.18608 6.18247 6.17867 6.17472 6.17063 6.16644 6.16215 6.1578 6.1534 6.14898 6.14456 6.14016 6.13581 6.13151 6.12729 6.12316 6.11914 6.11524 6.11148 6.10787 6.10441 6.10112 6.09801 6.09508 6.09233 6.08977 6.08741 6.08524 6.08328 6.08151 6.07994 6.07858 6.07742 6.07645 6.07569 6.07512 6.07476 6.07459 
6.06899 6.06923 6.06969 6.07036 6.07124 6.07234 6.07365 6.07517 6.07691 6.07887 6.08103 6.08341 6.086 6.0888 6.0918 6.095 6.0984 6.10198 6.10575 6.10969 6.11378 6.11803 6.12242 6.12693 6.13154 6.13625 6.14103 6.14586 6.15072 6.15559 6.16045 6.16527 6.17004 6.17472 6.1793 6.18374 6.18803 6.19214 6.19605 6.19973 6.20317 6.20635 6.20924 6.21183 6.21411 6.21605 6.21766 6.21891 6.21981 6.22035 6.22052 6.22032 6.21976 6.21883 6.21755 6.21593 6.21397 6.21168 6.20909 6.2062 6.20304 6.19962 6.19596 6.19209 6.18803 6.1838 6.17942 6.17492 6.17033 6.16567 6.16095 6.15621 6.15147 6.14675 6.14208 6.13746 6.13292 6.12849 6.12417 6.11998 6.11593 6.11204 6.10832 6.10478 6.10142 6.09826 6.09529 6.09253 6.08998 6.08764 6.08551 6.0836 6.0819 6.08042 6.07915 6.0781 6.07727 6.07665 6.07625 6.07606 
6.07055 6.07081 6.07129 6.072 6.07294 6.07412 6.07552 6.07716 6.07903 6.08113 6.08346 6.08601 6.0888 6.0918 6.09503 6.09847 6.10212 6.10597 6.11001 6.11424 6.11864 6.1232 6.12791 6.13274 6.13769 6.14274 6.14786 6.15303 6.15824 6.16346 6.16866 6.17382 6.17892 6.18393 6.18882 6.19357 6.19815 6.20254 6.20672 6.21065 6.21432 6.21771 6.2208 6.22356 6.22599 6.22806 6.22977 6.23111 6.23206 6.23263 6.2328 6.23259 6.23198 6.23099 6.22962 6.22788 6.22579 6.22334 6.22057 6.21748 6.21409 6.21043 6.20652 6.20238 6.19803 6.1935 6.18882 6.184 6.17908 6.17409 6.16903 6.16396 6.15887 6.15381 6.14879 6.14383 6.13896 6.1342 6.12955 6.12505 6.1207 6.11651 6.11251 6.10869 6.10508 6.10167 6.09847 6.09549 6.09273 6.0902 6.0879 6.08583 6.084 6.08239 6.08102 6.07988 6.07897 6.07829 6.07785 6.07764 
6.07222 6.07248 6.07299 6.07375 6.07476 6.07602 6.07752 6.07928 6.08128 6.08354 6.08604 6.08879 6.09177 6.095 6.09847 6.10216 6.10608 6.11022 6.11456 6.11909 6.12382 6.12871 6.13375 6.13894 6.14424 6.14965 6.15513 6.16067 6.16625 6.17183 6.1774 6.18292 6.18837 6.19372 6.19895 6.20402 6.20891 6.2136 6.21806 6.22225 6.22617 6.22978 6.23307 6.23602 6.2386 6.24081 6.24263 6.24405 6.24506 6.24566 6.24585 6.24561 6.24496 6.2439 6.24244 6.24058 6.23833 6.23572 6.23275 6.22945 6.22583 6.22192 6.21774 6.21331 6.20866 6.20382 6.19881 6.19366 6.18839 6.18304 6.17763 6.17219 6.16674 6.16132 6.15593 6.15062 6.14539 6.14028 6.13529 6.13045 6.12578 6.12128 6.11697 6.11287 6.10897 6.1053 6.10185 6.09864 6.09567 6.09294 6.09046 6.08822 6.08623 6.08449 6.083 6.08176 6.08078 6.08004 6.07955 6.07931 
6.07399 6.07426 6.0748 6.07561 6.07669 6.07803 6.07965 6.08153 6.08368 6.0861 6.08878 6.09173 6.09494 6.0984 6.10212 6.10608 6.11028 6.11472 6.11937 6.12424 6.1293 6.13454 6.13995 6.1455 6.15118 6.15696 6.16283 6.16876 6.17472 6.18069 6.18663 6.19253 6.19835 6.20407 6.20965 6.21506 6.22028 6.22528 6.23003 6.2345 6.23867 6.24252 6.24603 6.24916 6.25191 6.25426 6.2562 6.25771 6.25878 6.25942 6.25961 6.25935 6.25866 6.25752 6.25596 6.25397 6.25157 6.24878 6.24562 6.24209 6.23823 6.23405 6.22959 6.22486 6.21989 6.21472 6.20936 6.20385 6.19823 6.1925 6.18672 6.1809 6.17507 6.16926 6.16349 6.1578 6.1522 6.14671 6.14137 6.13617 6.13116 6.12633 6.1217 6.11729 6.1131 6.10915 6.10544 6.10198 6.09878 6.09584 6.09316 6.09074 6.0886 6.08672 6.08511 6.08377 6.08269 6.08189 6.08136 6.08109 
6.07586 6.07614 6.07671 6.07757 6.07872 6.08016 6.08189 6.0839 6.08621 6.0888 6.09167 6.09483 6.09827 6.10198 6.10597 6.11022 6.11472 6.11947 6.12445 6.12966 6.13508 6.14069 6.14647 6.15241 6.15848 6.16466 6.17094 6.17727 6.18363 6.19 6.19635 6.20264 6.20885 6.21494 6.22089 6.22666 6.23222 6.23754 6.2426 6.24736 6.2518 6.2559 6.25962 6.26296 6.26588 6.26838 6.27044 6.27204 6.27318 6.27385 6.27405 6.27377 6.27303 6.27181 6.27014 6.26802 6.26547 6.26249 6.25912 6.25536 6.25124 6.24679 6.24203 6.23698 6.23169 6.22617 6.22045 6.21457 6.20856 6.20245 6.19627 6.19005 6.18382 6.17761 6.17145 6.16536 6.15936 6.15349 6.14776 6.1422 6.13682 6.13164 6.12668 6.12194 6.11745 6.11321 6.10922 6.10551 6.10206 6.0989 6.09601 6.09341 6.0911 6.08907 6.08733 6.08588 6.08472 6.08385 6.08326 6.08297 
6.07782 6.07811 6.07872 6.07964 6.08086 6.0824 6.08424 6.0864 6.08887 6.09164 6.09472 6.0981 6.10178 6.10575 6.11001 6.11456 6.11937 6.12445 6.12978 6.13535 6.14114 6.14713 6.15331 6.15965 6.16613 6.17273 6.17942 6.18617 6.19296 6.19975 6.20651 6.21322 6.21983 6.22631 6.23264 6.23878 6.2447 6.25036 6.25574 6.2608 6.26552 6.26987 6.27382 6.27736 6.28047 6.28312 6.2853 6.287 6.2882 6.28891 6.28912 6.28882 6.28803 6.28673 6.28495 6.2827 6.27998 6.27681 6.27322 6.26922 6.26484 6.2601 6.25503 6.24966 6.24402 6.23813 6.23205 6.22578 6.21938 6.21286 6.20627 6.19964 6.19299 6.18636 6.17977 6.17327 6.16687 6.16059 6.15447 6.14852 6.14276 6.13722 6.1319 6.12683 6.12201 6.11747 6.11319 6.1092 6.10551 6.10211 6.09901 6.09621 6.09372 6.09154 6.08966 6.0881 6.08684 6.0859 6.08527 6.08494 
6.07987 6.08018 6.08082 6.0818 6.0831 6.08474 6.08671 6.08901 6.09165 6.09461 6.0979 6.10151 6.10544 6.10969 6.11424 6.11909 6.12424 6.12966 6.13535 6.14129 6.14747 6.15386 6.16045 6.16721 6.17411 6.18114 6.18827 6.19546 6.20268 6.20991 6.2171 6.22423 6.23126 6.23815 6.24487 6.2514 6.25768 6.26369 6.26939 6.27477 6.27977 6.28439 6.28858 6.29233 6.29562 6.29843 6.30074 6.30254 6.30381 6.30456 6.30478 6.30446 6.30361 6.30223 6.30034 6.29794 6.29505 6.29169 6.28787 6.28362 6.27897 6.27393 6.26854 6.26283 6.25684 6.25058 6.24411 6.23745 6.23063 6.2237 6.21668 6.20961 6.20253 6.19547 6.18845 6.18152 6.17469 6.16799 6.16146 6.15511 6.14896 6.14304 6.13735 6.13193 6.12678 6.12191 6.11734 6.11307 6.10911 6.10546 6.10214 6.09914 6.09646 6.09412 6.0921 6.09042 6.08907 6.08805 6.08736 6.08701 
6.08201 6.08233 6.08301 6.08405 6.08544 6.08718 6.08928 6.09174 6.09455 6.0977 6.10121 6.10506 6.10926 6.11378 6.11864 6.12382 6.1293 6.13508 6.14114 6.14747 6.15404 6.16085 6.16786 6.17505 6.1824 6.18987 6.19745 6.20509 6.21276 6.22044 6.22807 6.23564 6.2431 6.25041 6.25754 6.26446 6.27111 6.27748 6.28353 6.28922 6.29452 6.29941 6.30385 6.30782 6.3113 6.31427 6.31671 6.31861 6.31995 6.32074 6.32096 6.32062 6.31972 6.31826 6.31625 6.31371 6.31064 6.30708 6.30303 6.29852 6.29359 6.28824 6.28253 6.27647 6.27011 6.26348 6.2566 6.24953 6.24229 6.23493 6.22747 6.21996 6.21243 6.20492 6.19746 6.19007 6.18281 6.17568 6.16872 6.16195 6.1554 6.14908 6.14302 6.13723 6.13173 6.12654 6.12165 6.11709 6.11285 6.10895 6.1054 6.10218 6.09932 6.09681 6.09465 6.09284 6.09139 6.09029 6.08955 6.08916 
6.08423 6.08457 6.08529 6.08639 6.08786 6.08972 6.09195 6.09456 6.09755 6.10092 6.10465 6.10875 6.11321 6.11803 6.1232 6.12871 6.13454 6.14069 6.14713 6.15386 6.16085 6.16808 6.17552 6.18316 6.19096 6.1989 6.20693 6.21503 6.22317 6.2313 6.2394 6.24741 6.25531 6.26305 6.2706 6.27792 6.28496 6.2917 6.29809 6.30411 6.30971 6.31487 6.31956 6.32376 6.32743 6.33057 6.33314 6.33515 6.33657 6.33739 6.33763 6.33726 6.3363 6.33476 6.33263 6.32994 6.32669 6.32292 6.31864 6.31387 6.30864 6.30299 6.29694 6.29053 6.28379 6.27676 6.26948 6.26199 6.25432 6.24651 6.2386 6.23064 6.22265 6.21468 6.20675 6.19892 6.19119 6.18362 6.17622 6.16902 6.16205 6.15533 6.14888 6.14272 6.13686 6.13132 6.12612 6.12125 6.11673 6.11257 6.10877 6.10534 6.10228 6.0996 6.09728 6.09535 6.09379 6.09261 6.09182 6.09139 
6.08653 6.08688 6.08764 6.0888 6.09037 6.09234 6.09471 6.09749 6.10066 6.10423 6.1082 6.11256 6.1173 6.12242 6.12791 6.13375 6.13995 6.14647 6.15331 6.16045 6.16786 6.17552 6.18342 6.19151 6.19977 6.20818 6.21668 6.22526 6.23387 6.24247 6.25103 6.25951 6.26786 6.27604 6.28401 6.29174 6.29918 6.30629 6.31303 6.31938 6.32529 6.33073 6.33568 6.3401 6.34397 6.34727 6.34999 6.3521 6.35359 6.35446 6.3547 6.35431 6.3533 6.35166 6.34942 6.34657 6.34315 6.33916 6.33464 6.32961 6.32409 6.31812 6.31173 6.30495 6.29783 6.2904 6.28271 6.27478 6.26667 6.25841 6.25004 6.24161 6.23315 6.22471 6.21632 6.20801 6.19982 6.19179 6.18394 6.17631 6.16891 6.16177 6.15492 6.14838 6.14215 6.13626 6.13072 6.12554 6.12073 6.1163 6.11226 6.1086 6.10534 6.10248 6.10001 6.09794 6.09628 6.09502 6.09416 6.09371 
6.0889 6.08927 6.09007 6.0913 6.09295 6.09504 6.09755 6.1005 6.10386 6.10765 6.11186 6.11648 6.1215 6.12693 6.13274 6.13894 6.1455 6.15241 6.15965 6.16721 6.17505 6.18316 6.19151 6.20007 6.20881 6.21768 6.22667 6.23573 6.24482 6.25391 6.26294 6.27188 6.28068 6.28931 6.29772 6.30586 6.3137 6.32119 6.32829 6.33497 6.3412 6.34693 6.35213 6.35678 6.36085 6.36433 6.36718 6.36939 6.37096 6.37187 6.37212 6.37171 6.37064 6.36892 6.36655 6.36355 6.35994 6.35575 6.35098 6.34567 6.33986 6.33356 6.32683 6.31969 6.31218 6.30434 6.29622 6.28786 6.2793 6.27058 6.26174 6.25284 6.2439 6.23498 6.22611 6.21732 6.20866 6.20017 6.19186 6.18377 6.17594 6.16838 6.16112 6.15418 6.14758 6.14133 6.13545 6.12995 6.12485 6.12014 6.11584 6.11196 6.10849 6.10544 6.10281 6.10061 6.09884 6.09749 6.09657 6.09609 
6.09133 6.09171 6.09255 6.09385 6.0956 6.09781 6.10047 6.10358 6.10714 6.11115 6.1156 6.12049 6.1258 6.13154 6.13769 6.14424 6.15118 6.15848 6.16613 6.17411 6.1824 6.19096 6.19977 6.20881 6.21802 6.22739 6.23686 6.24641 6.25599 6.26556 6.27507 6.28448 6.29375 6.30283 6.31167 6.32023 6.32847 6.33635 6.34381 6.35084 6.35737 6.36339 6.36885 6.37374 6.37801 6.38166 6.38465 6.38697 6.38861 6.38957 6.38983 6.38939 6.38826 6.38645 6.38396 6.38081 6.37702 6.3726 6.36759 6.36201 6.3559 6.34928 6.34219 6.33468 6.32678 6.31853 6.30998 6.30118 6.29216 6.28298 6.27367 6.26428 6.25486 6.24545 6.23609 6.22682 6.21768 6.20871 6.19994 6.1914 6.18312 6.17513 6.16745 6.16011 6.15312 6.14651 6.14029 6.13447 6.12906 6.12407 6.11951 6.11539 6.11171 6.10847 6.10569 6.10335 6.10146 6.10003 6.09905 6.09853 
6.09381 6.09421 6.0951 6.09646 6.09831 6.10064 6.10345 6.10673 6.11049 6.11472 6.11942 6.12458 6.13019 6.13625 6.14274 6.14965 6.15696 6.16466 6.17273 6.18114 6.18987 6.1989 6.20818 6.21768 6.22739 6.23724 6.24721 6.25725 6.26732 6.27738 6.28737 6.29726 6.307 6.31653 6.32581 6.3348 6.34344 6.3517 6.35954 6.3669 6.37375 6.38005 6.38578 6.3909 6.39538 6.39919 6.40233 6.40476 6.40648 6.40747 6.40774 6.40728 6.4061 6.40419 6.40158 6.39827 6.39429 6.38966 6.3844 6.37855 6.37213 6.36519 6.35775 6.34987 6.34157 6.33291 6.32393 6.31468 6.3052 6.29555 6.28576 6.27589 6.26598 6.25608 6.24623 6.23647 6.22685 6.2174 6.20815 6.19915 6.19042 6.18199 6.17389 6.16615 6.15877 6.15179 6.14522 6.13906 6.13335 6.12807 6.12325 6.11889 6.115 6.11157 6.10862 6.10614 6.10414 6.10262 6.10158 6.10102 
6.09634 6.09676 6.09768 6.09912 6.10106 6.10352 6.10647 6.10993 6.11389 6.11835 6.1233 6.12874 6.13465 6.14103 6.14786 6.15513 6.16283 6.17094 6.17942 6.18827 6.19745 6.20693 6.21668 6.22667 6.23686 6.24721 6.25767 6.26821 6.27878 6.28933 6.29981 6.31017 6.32037 6.33036 6.34008 6.3495 6.35855 6.36719 6.37539 6.38309 6.39026 6.39686 6.40285 6.4082 6.41288 6.41687 6.42014 6.42268 6.42447 6.42551 6.42579 6.42531 6.42406 6.42207 6.41933 6.41587 6.41171 6.40686 6.40136 6.39523 6.38851 6.38124 6.37345 6.36519 6.3565 6.34742 6.33801 6.32831 6.31838 6.30825 6.29798 6.28763 6.27723 6.26683 6.25648 6.24623 6.23612 6.22619 6.21647 6.207 6.19781 6.18895 6.18042 6.17226 6.1645 6.15714 6.15021 6.14373 6.1377 6.13214 6.12705 6.12245 6.11834 6.11472 6.1116 6.10898 6.10687 6.10526 6.10416 6.10356 
6.0989 6.09933 6.10031 6.10181 6.10386 6.10643 6.10954 6.11318 6.11734 6.12203 6.12723 6.13294 6.13915 6.14586 6.15303 6.16067 6.16876 6.17727 6.18617 6.19546 6.20509 6.21503 6.22526 6.23573 6.24641 6.25725 6.26821 6.27925 6.29031 6.30135 6.31231 6.32316 6.33382 6.34427 6.35443 6.36426 6.37372 6.38275 6.39131 6.39936 6.40684 6.41372 6.41997 6.42556 6.43044 6.4346 6.43801 6.44066 6.44253 6.44361 6.4439 6.44339 6.44209 6.44001 6.43715 6.43354 6.42919 6.42412 6.41837 6.41197 6.40495 6.39735 6.38921 6.38058 6.37149 6.362 6.35216 6.34202 6.33162 6.32102 6.31028 6.29943 6.28854 6.27765 6.26681 6.25607 6.24546 6.23504 6.22485 6.21491 6.20527 6.19596 6.18701 6.17844 6.17028 6.16255 6.15526 6.14844 6.1421 6.13625 6.13089 6.12605 6.12172 6.11791 6.11462 6.11186 6.10963 6.10793 6.10676 6.10613 
6.10148 6.10193 6.10295 6.10453 6.10667 6.10937 6.11263 6.11645 6.12082 6.12573 6.13119 6.13718 6.14369 6.15072 6.15824 6.16625 6.17472 6.18363 6.19296 6.20268 6.21276 6.22317 6.23387 6.24482 6.25599 6.26732 6.27878 6.29031 6.30186 6.31339 6.32484 6.33616 6.34729 6.35818 6.36878 6.37904 6.3889 6.39832 6.40724 6.41562 6.42341 6.43058 6.43709 6.4429 6.44799 6.45232 6.45587 6.45863 6.46057 6.4617 6.46199 6.46146 6.4601 6.45793 6.45495 6.45119 6.44665 6.44137 6.43538 6.42871 6.42139 6.41347 6.40498 6.39597 6.3865 6.3766 6.36633 6.35574 6.34488 6.33382 6.32259 6.31126 6.29988 6.2885 6.27716 6.26592 6.25483 6.24393 6.23326 6.22286 6.21276 6.20301 6.19363 6.18464 6.17609 6.16798 6.16034 6.15318 6.14653 6.14038 6.13476 6.12967 6.12512 6.12112 6.11766 6.11476 6.11241 6.11062 6.1094 6.10873 
6.10407 6.10455 6.10561 6.10726 6.1095 6.11233 6.11574 6.11973 6.1243 6.12945 6.13516 6.14142 6.14824 6.15559 6.16346 6.17183 6.18069 6.19 6.19975 6.20991 6.22044 6.2313 6.24247 6.25391 6.26556 6.27738 6.28933 6.30135 6.31339 6.3254 6.33733 6.34912 6.36071 6.37205 6.38309 6.39376 6.40402 6.41381 6.42309 6.4318 6.43991 6.44736 6.45413 6.46016 6.46545 6.46994 6.47363 6.4765 6.47851 6.47968 6.47999 6.47943 6.47802 6.47576 6.47266 6.46874 6.46403 6.45854 6.45231 6.44537 6.43775 6.42951 6.42068 6.41131 6.40144 6.39113 6.38044 6.36941 6.3581 6.34657 6.33487 6.32306 6.31119 6.29932 6.28749 6.27577 6.26419 6.25281 6.24166 6.23079 6.22025 6.21005 6.20024 6.19085 6.1819 6.17342 6.16542 6.15793 6.15096 6.14453 6.13864 6.13331 6.12854 6.12434 6.12072 6.11767 6.11521 6.11333 6.11204 6.11133 
6.10667 6.10716 6.10827 6.10999 6.11233 6.11528 6.11884 6.12301 6.12779 6.13316 6.13912 6.14566 6.15278 6.16045 6.16866 6.1774 6.18663 6.19635 6.20651 6.2171 6.22807 6.2394 6.25103 6.26294 6.27507 6.28737 6.29981 6.31231 6.32484 6.33733 6.34973 6.36199 6.37403 6.38581 6.39727 6.40836 6.41901 6.42917 6.4388 6.44784 6.45625 6.46398 6.471 6.47726 6.48274 6.4874 6.49122 6.49419 6.49628 6.49749 6.4978 6.49723 6.49576 6.49341 6.4902 6.48613 6.48124 6.47554 6.46908 6.46187 6.45397 6.44541 6.43624 6.4265 6.41626 6.40555 6.39444 6.38298 6.37122 6.35923 6.34706 6.33478 6.32243 6.31007 6.29776 6.28555 6.27349 6.26163 6.25002 6.23869 6.2277 6.21707 6.20684 6.19704 6.1877 6.17884 6.17049 6.16267 6.15539 6.14866 6.14251 6.13694 6.13195 6.12756 6.12377 6.12058 6.118 6.11604 6.11468 6.11394 
6.10925 6.10976 6.11091 6.11271 6.11514 6.11822 6.12193 6.12628 6.13125 6.13685 6.14306 6.14987 6.15728 6.16527 6.17382 6.18292 6.19253 6.20264 6.21322 6.22423 6.23564 6.24741 6.25951 6.27188 6.28448 6.29726 6.31017 6.32316 6.33616 6.34912 6.36199 6.37469 6.38718 6.3994 6.41128 6.42276 6.4338 6.44433 6.4543 6.46366 6.47237 6.48037 6.48763 6.49411 6.49978 6.50461 6.50856 6.51163 6.51379 6.51504 6.51536 6.51476 6.51324 6.51081 6.50748 6.50327 6.49821 6.49231 6.48561 6.47815 6.46996 6.46109 6.45159 6.4415 6.43088 6.41978 6.40826 6.39637 6.38418 6.37174 6.35911 6.34636 6.33353 6.3207 6.30791 6.29523 6.2827 6.27037 6.25829 6.24652 6.23508 6.22401 6.21337 6.20316 6.19344 6.18422 6.17552 6.16737 6.15978 6.15277 6.14635 6.14054 6.13534 6.13076 6.1268 6.12348 6.12078 6.11873 6.11731 6.11654 
6.11181 6.11234 6.11354 6.1154 6.11793 6.12113 6.12499 6.1295 6.13468 6.14049 6.14695 6.15404 6.16174 6.17004 6.17892 6.18837 6.19835 6.20885 6.21983 6.23126 6.2431 6.25531 6.26786 6.28068 6.29375 6.307 6.32037 6.33382 6.34729 6.36071 6.37403 6.38718 6.40011 6.41275 6.42503 6.43691 6.44832 6.45921 6.46951 6.47919 6.48818 6.49645 6.50395 6.51065 6.5165 6.52148 6.52557 6.52873 6.53097 6.53225 6.53258 6.53196 6.53039 6.52788 6.52444 6.52009 6.51485 6.50876 6.50183 6.49412 6.48566 6.47649 6.46666 6.45623 6.44524 6.43376 6.42184 6.40953 6.39691 6.38403 6.37096 6.35774 6.34446 6.33116 6.31791 6.30476 6.29176 6.27897 6.26645 6.25422 6.24235 6.23086 6.21981 6.20921 6.19911 6.18952 6.18048 6.17201 6.16412 6.15683 6.15015 6.1441 6.13869 6.13392 6.1298 6.12634 6.12353 6.12139 6.11992 6.11911 
6.11433 6.11488 6.11612 6.11805 6.12068 6.12399 6.128 6.13268 6.13805 6.14408 6.15078 6.15813 6.16611 6.17472 6.18393 6.19372 6.20407 6.21494 6.22631 6.23815 6.25041 6.26305 6.27604 6.28931 6.30283 6.31653 6.33036 6.34427 6.35818 6.37205 6.38581 6.3994 6.41275 6.42579 6.43848 6.45073 6.46251 6.47374 6.48437 6.49435 6.50363 6.51215 6.51989 6.52679 6.53282 6.53795 6.54216 6.54542 6.54772 6.54905 6.54939 6.54875 6.54713 6.54454 6.54099 6.5365 6.5311 6.52481 6.51767 6.50972 6.50099 6.49153 6.48139 6.47062 6.45928 6.44742 6.43511 6.4224 6.40936 6.39605 6.38254 6.36889 6.35515 6.3414 6.32769 6.31408 6.30064 6.2874 6.27443 6.26178 6.24948 6.23758 6.22612 6.21514 6.20467 6.19473 6.18535 6.17656 6.16838 6.16081 6.15389 6.14761 6.14199 6.13704 6.13276 6.12916 6.12624 6.12402 6.12248 6.12164 
6.11681 6.11737 6.11865 6.12065 6.12336 6.1268 6.13094 6.13579 6.14135 6.14759 6.15453 6.16213 6.17039 6.1793 6.18882 6.19895 6.20965 6.22089 6.23264 6.24487 6.25754 6.2706 6.28401 6.29772 6.31167 6.32581 6.34008 6.35443 6.36878 6.38309 6.39727 6.41128 6.42503 6.43848 6.45154 6.46417 6.47629 6.48786 6.4988 6.50907 6.51862 6.5274 6.53535 6.54245 6.54866 6.55394 6.55827 6.56162 6.56399 6.56535 6.5657 6.56504 6.56337 6.5607 6.55705 6.55243 6.54688 6.5404 6.53305 6.52486 6.51587 6.50613 6.49569 6.4846 6.47291 6.4607 6.44801 6.43491 6.42147 6.40775 6.39381 6.37973 6.36556 6.35137 6.33722 6.32317 6.30928 6.29562 6.28222 6.26914 6.25643 6.24413 6.23229 6.22093 6.21009 6.19981 6.19011 6.18101 6.17254 6.16471 6.15754 6.15103 6.14521 6.14008 6.13565 6.13192 6.1289 6.12659 6.12499 6.12412 
6.11921 6.11979 6.12111 6.12318 6.12598 6.12953 6.13381 6.13882 6.14456 6.15101 6.15817 6.16602 6.17455 6.18374 6.19357 6.20402 6.21506 6.22666 6.23878 6.2514 6.26446 6.27792 6.29174 6.30586 6.32023 6.3348 6.3495 6.36426 6.37904 6.39376 6.40836 6.42276 6.43691 6.45073 6.46417 6.47715 6.48961 6.50149 6.51274 6.52329 6.5331 6.54211 6.55028 6.55758 6.56395 6.56937 6.57381 6.57726 6.57968 6.58108 6.58144 6.58076 6.57905 6.57631 6.57255 6.56781 6.5621 6.55545 6.5479 6.53948 6.53025 6.52024 6.5095 6.4981 6.48609 6.47353 6.46048 6.44701 6.43318 6.41906 6.40471 6.39022 6.37563 6.36101 6.34644 6.33197 6.31766 6.30357 6.28976 6.27628 6.26317 6.25048 6.23826 6.22654 6.21536 6.20475 6.19473 6.18534 6.17659 6.1685 6.16108 6.15436 6.14835 6.14304 6.13846 6.1346 6.13148 6.12909 6.12744 6.12653 
6.12154 6.12213 6.1235 6.12562 6.12851 6.13217 6.13658 6.14175 6.14766 6.15431 6.16168 6.16977 6.17856 6.18803 6.19815 6.20891 6.22028 6.23222 6.2447 6.25768 6.27111 6.28496 6.29918 6.3137 6.32847 6.34344 6.35855 6.37372 6.3889 6.40402 6.41901 6.4338 6.44832 6.46251 6.47629 6.48961 6.5024 6.51458 6.52612 6.53694 6.54699 6.55623 6.56461 6.57208 6.57861 6.58417 6.58872 6.59225 6.59474 6.59617 6.59653 6.59584 6.59408 6.59127 6.58742 6.58256 6.57671 6.56989 6.56215 6.55351 6.54404 6.53377 6.52276 6.51107 6.49874 6.48585 6.47245 6.45862 6.44443 6.42992 6.41519 6.4003 6.38531 6.37029 6.35531 6.34043 6.32572 6.31123 6.29702 6.28315 6.26966 6.2566 6.24402 6.23195 6.22044 6.20951 6.19919 6.18951 6.18049 6.17215 6.16451 6.15758 6.15138 6.14591 6.14118 6.1372 6.13398 6.13151 6.12981 6.12887 
6.12378 6.12439 6.12579 6.12797 6.13095 6.13471 6.13924 6.14456 6.15064 6.15747 6.16506 6.17337 6.18241 6.19214 6.20254 6.2136 6.22528 6.23754 6.25036 6.26369 6.27748 6.2917 6.30629 6.32119 6.33635 6.3517 6.36719 6.38275 6.39832 6.41381 6.42917 6.44433 6.45921 6.47374 6.48786 6.50149 6.51458 6.52706 6.53887 6.54994 6.56023 6.56968 6.57826 6.5859 6.59258 6.59826 6.60292 6.60653 6.60907 6.61053 6.61091 6.61019 6.6084 6.60552 6.60159 6.59661 6.59062 6.58364 6.57572 6.56689 6.55719 6.54668 6.5354 6.52343 6.5108 6.4976 6.48388 6.46971 6.45516 6.44029 6.42519 6.40992 6.39455 6.37915 6.36378 6.34851 6.33342 6.31855 6.30396 6.28972 6.27586 6.26245 6.24953 6.23713 6.2253 6.21406 6.20346 6.1935 6.18423 6.17565 6.1678 6.16067 6.15428 6.14866 6.14379 6.1397 6.13638 6.13384 6.13208 6.13112 
6.12591 6.12654 6.12797 6.13021 6.13327 6.13712 6.14178 6.14723 6.15347 6.16049 6.16827 6.1768 6.18607 6.19605 6.20672 6.21806 6.23003 6.2426 6.25574 6.26939 6.28353 6.29809 6.31303 6.32829 6.34381 6.35954 6.37539 6.39131 6.40724 6.42309 6.4388 6.4543 6.46951 6.48437 6.4988 6.51274 6.52612 6.53887 6.55093 6.56224 6.57275 6.58241 6.59116 6.59897 6.60579 6.61159 6.61635 6.62003 6.62263 6.62412 6.6245 6.62377 6.62193 6.619 6.61498 6.6099 6.60378 6.59665 6.58856 6.57953 6.56962 6.55888 6.54736 6.53512 6.52222 6.50872 6.49469 6.4802 6.46532 6.45012 6.43467 6.41904 6.40331 6.38754 6.37181 6.35618 6.34072 6.32549 6.31055 6.29595 6.28176 6.26801 6.25476 6.24205 6.22992 6.21839 6.20751 6.1973 6.18779 6.17899 6.17092 6.16361 6.15705 6.15127 6.14628 6.14207 6.13866 6.13606 6.13425 6.13326 
6.12793 6.12857 6.13003 6.13233 6.13546 6.13941 6.14418 6.14976 6.15615 6.16333 6.1713 6.18003 6.18952 6.19973 6.21065 6.22225 6.2345 6.24736 6.2608 6.27477 6.28922 6.30411 6.31938 6.33497 6.35084 6.3669 6.38309 6.39936 6.41562 6.4318 6.44784 6.46366 6.47919 6.49435 6.50907 6.52329 6.53694 6.54994 6.56224 6.57378 6.58449 6.59434 6.60326 6.61122 6.61817 6.62409 6.62893 6.63269 6.63533 6.63685 6.63724 6.6365 6.63462 6.63163 6.62753 6.62235 6.61611 6.60885 6.60059 6.59139 6.58129 6.57033 6.55858 6.54609 6.53293 6.51916 6.50484 6.49005 6.47486 6.45934 6.44356 6.4276 6.41154 6.39543 6.37936 6.36339 6.34758 6.33201 6.31674 6.30182 6.2873 6.27324 6.25969 6.24668 6.23426 6.22247 6.21134 6.20088 6.19114 6.18213 6.17387 6.16638 6.15966 6.15374 6.14863 6.14432 6.14082 6.13815 6.1363 6.13528 
6.12982 6.13047 6.13197 6.13432 6.13751 6.14155 6.14642 6.15212 6.15865 6.16599 6.17413 6.18305 6.19274 6.20317 6.21432 6.22617 6.23867 6.2518 6.26552 6.27977 6.29452 6.30971 6.32529 6.3412 6.35737 6.37375 6.39026 6.40684 6.42341 6.43991 6.45625 6.47237 6.48818 6.50363 6.51862 6.5331 6.54699 6.56023 6.57275 6.58449 6.5954 6.60542 6.6145 6.6226 6.62967 6.63569 6.64062 6.64444 6.64713 6.64867 6.64907 6.64831 6.6464 6.64336 6.63919 6.63392 6.62757 6.62018 6.61177 6.60241 6.59212 6.58097 6.56901 6.55629 6.54288 6.52886 6.51427 6.49921 6.48373 6.46791 6.45184 6.43557 6.41919 6.40277 6.38638 6.37009 6.35398 6.33809 6.32251 6.30728 6.29246 6.27811 6.26428 6.251 6.23832 6.22628 6.2149 6.20423 6.19427 6.18507 6.17662 6.16897 6.16211 6.15606 6.15082 6.14642 6.14285 6.14011 6.13822 6.13718 
6.13156 6.13223 6.13376 6.13615 6.13941 6.14352 6.14849 6.15431 6.16096 6.16844 6.17674 6.18584 6.19571 6.20635 6.21771 6.22978 6.24252 6.2559 6.26987 6.28439 6.29941 6.31487 6.33073 6.34693 6.36339 6.38005 6.39686 6.41372 6.43058 6.44736 6.46398 6.48037 6.49645 6.51215 6.5274 6.54211 6.55623 6.56968 6.58241 6.59434 6.60542 6.6156 6.62482 6.63304 6.64023 6.64634 6.65135 6.65523 6.65796 6.65953 6.65993 6.65916 6.65722 6.65413 6.64989 6.64454 6.63809 6.63058 6.62204 6.61253 6.60208 6.59074 6.57858 6.56566 6.55203 6.53777 6.52294 6.50762 6.49188 6.4758 6.45945 6.4429 6.42623 6.40952 6.39284 6.37627 6.35986 6.34369 6.32782 6.31231 6.29722 6.28261 6.26851 6.25498 6.24206 6.22979 6.21819 6.20731 6.19716 6.18778 6.17917 6.17136 6.16436 6.15819 6.15285 6.14836 6.14472 6.14193 6.14 6.13893 
6.13316 6.13384 6.13539 6.13783 6.14114 6.14533 6.15038 6.1563 6.16307 6.17069 6.17913 6.18838 6.19842 6.20924 6.2208 6.23307 6.24603 6.25962 6.27382 6.28858 6.30385 6.31956 6.33568 6.35213 6.36885 6.38578 6.40285 6.41997 6.43709 6.45413 6.471 6.48763 6.50395 6.51989 6.53535 6.55028 6.56461 6.57826 6.59116 6.60326 6.6145 6.62482 6.63417 6.64251 6.6498 6.65599 6.66107 6.665 6.66777 6.66936 6.66977 6.66899 6.66703 6.66389 6.65959 6.65416 6.64762 6.64001 6.63135 6.6217 6.6111 6.5996 6.58726 6.57415 6.56033 6.54585 6.53081 6.51526 6.49928 6.48295 6.46635 6.44955 6.43263 6.41566 6.39871 6.38187 6.3652 6.34877 6.33265 6.31689 6.30155 6.28669 6.27236 6.2586 6.24546 6.23298 6.22119 6.21012 6.1998 6.19025 6.18149 6.17354 6.16642 6.16014 6.15471 6.15013 6.14642 6.14358 6.14162 6.14053 
6.1346 6.13528 6.13686 6.13933 6.1427 6.14695 6.15208 6.15809 6.16497 6.1727 6.18126 6.19066 6.20085 6.21183 6.22356 6.23602 6.24916 6.26296 6.27736 6.29233 6.30782 6.32376 6.3401 6.35678 6.37374 6.3909 6.4082 6.42556 6.4429 6.46016 6.47726 6.49411 6.51065 6.52679 6.54245 6.55758 6.57208 6.5859 6.59897 6.61122 6.6226 6.63304 6.64251 6.65095 6.65833 6.6646 6.66974 6.67372 6.67652 6.67813 6.67854 6.67775 6.67576 6.67259 6.66824 6.66274 6.65612 6.64841 6.63965 6.62987 6.61914 6.6075 6.59501 6.58173 6.56773 6.55307 6.53783 6.52207 6.50589 6.48934 6.47252 6.45549 6.43833 6.42113 6.40396 6.38688 6.36998 6.35332 6.33696 6.32097 6.30542 6.29034 6.2758 6.26184 6.24851 6.23584 6.22387 6.21264 6.20216 6.19246 6.18357 6.1755 6.16827 6.16189 6.15637 6.15173 6.14796 6.14507 6.14308 6.14197 
6.13586 6.13656 6.13816 6.14066 6.14407 6.14838 6.15358 6.15967 6.16663 6.17446 6.18314 6.19266 6.20299 6.21411 6.22599 6.2386 6.25191 6.26588 6.28047 6.29562 6.3113 6.32743 6.34397 6.36085 6.37801 6.39538 6.41288 6.43044 6.44799 6.46545 6.48274 6.49978 6.5165 6.53282 6.54866 6.56395 6.57861 6.59258 6.60579 6.61817 6.62967 6.64023 6.6498 6.65833 6.66578 6.67212 6.67731 6.68133 6.68416 6.68579 6.68621 6.68541 6.6834 6.68019 6.6758 6.67024 6.66355 6.65576 6.6469 6.63702 6.62617 6.6144 6.60178 6.58835 6.57419 6.55937 6.54396 6.52803 6.51166 6.49492 6.47791 6.46068 6.44333 6.42592 6.40854 6.39126 6.37416 6.35729 6.34074 6.32456 6.30881 6.29354 6.27882 6.26469 6.25118 6.23835 6.22623 6.21484 6.20423 6.19441 6.1854 6.17722 6.1699 6.16343 6.15784 6.15313 6.14931 6.14639 6.14437 6.14325 
6.13695 6.13765 6.13927 6.1418 6.14525 6.14961 6.15487 6.16102 6.16806 6.17598 6.18476 6.19437 6.20481 6.21605 6.22806 6.24081 6.25426 6.26838 6.28312 6.29843 6.31427 6.33057 6.34727 6.36433 6.38166 6.39919 6.41687 6.4346 6.45232 6.46994 6.4874 6.50461 6.52148 6.53795 6.55394 6.56937 6.58417 6.59826 6.61159 6.62409 6.63569 6.64634 6.65599 6.6646 6.67212 6.67851 6.68375 6.68781 6.69066 6.6923 6.69272 6.69192 6.68989 6.68665 6.68222 6.67661 6.66986 6.662 6.65306 6.6431 6.63215 6.62027 6.60753 6.59398 6.57969 6.56473 6.54918 6.5331 6.51657 6.49968 6.48249 6.4651 6.44758 6.43 6.41245 6.395 6.37772 6.36069 6.34396 6.32761 6.3117 6.29627 6.2814 6.26711 6.25347 6.2405 6.22824 6.21673 6.206 6.19607 6.18696 6.1787 6.17129 6.16475 6.1591 6.15434 6.15047 6.14752 6.14547 6.14434 
6.13786 6.13856 6.1402 6.14275 6.14623 6.15062 6.15593 6.16214 6.16925 6.17723 6.18609 6.19579 6.20632 6.21766 6.22977 6.24263 6.2562 6.27044 6.2853 6.30074 6.31671 6.33314 6.34999 6.36718 6.38465 6.40233 6.42014 6.43801 6.45587 6.47363 6.49122 6.50856 6.52557 6.54216 6.55827 6.57381 6.58872 6.60292 6.61635 6.62893 6.64062 6.65135 6.66107 6.66974 6.67731 6.68375 6.68902 6.69311 6.69599 6.69764 6.69806 6.69725 6.69521 6.69195 6.68748 6.68184 6.67504 6.66712 6.65811 6.64808 6.63705 6.62509 6.61225 6.5986 6.5842 6.56913 6.55346 6.53725 6.5206 6.50357 6.48626 6.46873 6.45107 6.43335 6.41566 6.39806 6.38065 6.36347 6.34661 6.33012 6.31407 6.29852 6.28352 6.26911 6.25534 6.24226 6.2299 6.21829 6.20747 6.19745 6.18826 6.17992 6.17244 6.16585 6.16014 6.15533 6.15144 6.14845 6.14639 6.14524 
6.13857 6.13928 6.14092 6.1435 6.147 6.15143 6.15677 6.16302 6.17018 6.17822 6.18713 6.1969 6.2075 6.21891 6.23111 6.24405 6.25771 6.27204 6.287 6.30254 6.31861 6.33515 6.3521 6.36939 6.38697 6.40476 6.42268 6.44066 6.45863 6.4765 6.49419 6.51163 6.52873 6.54542 6.56162 6.57726 6.59225 6.60653 6.62003 6.63269 6.64444 6.65523 6.665 6.67372 6.68133 6.68781 6.69311 6.69722 6.70011 6.70177 6.70219 6.70138 6.69932 6.69605 6.69156 6.68588 6.67904 6.67108 6.66203 6.65193 6.64084 6.62881 6.6159 6.60217 6.58769 6.57254 6.55677 6.54047 6.52372 6.5066 6.48917 6.47154 6.45377 6.43595 6.41815 6.40044 6.38292 6.36563 6.34866 6.33207 6.31592 6.30027 6.28517 6.27067 6.25681 6.24364 6.2312 6.21951 6.20861 6.19852 6.18927 6.18087 6.17335 6.16671 6.16096 6.15612 6.1522 6.14919 6.14711 6.14596 
6.13909 6.1398 6.14145 6.14404 6.14756 6.15201 6.15738 6.16366 6.17085 6.17892 6.18788 6.19769 6.20835 6.21981 6.23206 6.24506 6.25878 6.27318 6.2882 6.30381 6.31995 6.33657 6.35359 6.37096 6.38861 6.40648 6.42447 6.44253 6.46057 6.47851 6.49628 6.51379 6.53097 6.54772 6.56399 6.57968 6.59474 6.60907 6.62263 6.63533 6.64713 6.65796 6.66777 6.67652 6.68416 6.69066 6.69599 6.70011 6.70301 6.70468 6.7051 6.70428 6.70222 6.69893 6.69443 6.68873 6.68186 6.67387 6.66478 6.65464 6.64351 6.63143 6.61847 6.60469 6.59015 6.57493 6.5591 6.54274 6.52592 6.50872 6.49123 6.47352 6.45568 6.43778 6.4199 6.40212 6.38452 6.36716 6.35012 6.33346 6.31723 6.30151 6.28634 6.27177 6.25785 6.24463 6.23212 6.22038 6.20943 6.1993 6.19 6.18156 6.174 6.16733 6.16155 6.15669 6.15275 6.14973 6.14764 6.14648 
6.13941 6.14013 6.14178 6.14438 6.1479 6.15236 6.15775 6.16405 6.17125 6.17935 6.18833 6.19817 6.20885 6.22035 6.23263 6.24566 6.25942 6.27385 6.28891 6.30456 6.32074 6.33739 6.35446 6.37187 6.38957 6.40747 6.42551 6.44361 6.4617 6.47968 6.49749 6.51504 6.53225 6.54905 6.56535 6.58108 6.59617 6.61053 6.62412 6.63685 6.64867 6.65953 6.66936 6.67813 6.68579 6.6923 6.69764 6.70177 6.70468 6.70635 6.70678 6.70595 6.70389 6.70059 6.69607 6.69036 6.68348 6.67547 6.66636 6.6562 6.64504 6.63294 6.61995 6.60614 6.59157 6.57631 6.56045 6.54404 6.52718 6.50995 6.49242 6.47467 6.45678 6.43884 6.42092 6.4031 6.38545 6.36805 6.35097 6.33426 6.318 6.30224 6.28703 6.27242 6.25847 6.24521 6.23267 6.2209 6.20992 6.19976 6.19044 6.18198 6.1744 6.1677 6.16192 6.15704 6.15309 6.15006 6.14796 6.1468 
