3.09941 3.09963 3.09986 3.1001 3.10035 3.1006 3.10086 3.10112 3.10139 3.10167 3.10196 3.10226 3.10258 3.10291 3.10326 3.10364 3.10404 3.10447 3.10493 3.10543 3.10596 3.10654 3.10716 3.10782 3.10853 3.10928 3.11008 3.11092 3.1118 3.11272 3.11367 3.11465 3.11565 3.11667 3.1177 3.11873 3.11975 3.12076 3.12174 3.12269 3.1236 3.12446 3.12525 3.12598 3.12663 3.1272 3.12768 3.12806 3.12835 3.12853 3.12861 3.12859 3.12846 3.12823 3.1279 3.12748 3.12696 3.12636 3.12568 3.12493 3.12412 3.12326 3.12234 3.1214 3.12042 3.11943 3.11843 3.11743 3.11643 3.11546 3.1145 3.11357 3.11268 3.11183 3.11102 3.11026 3.10955 3.10889 3.10829 3.10774 3.10724 3.10681 3.10642 3.10609 3.10581 3.10559 3.1054 3.10527 3.10518 3.10513 3.10512 3.10514 3.10519 3.10528 3.10539 3.10552 3.10567 3.10585 3.10604 3.10624 
3.09963 3.09985 3.10009 3.10033 3.10057 3.10082 3.10108 3.10135 3.10162 3.1019 3.10219 3.10249 3.1028 3.10314 3.10349 3.10387 3.10427 3.1047 3.10517 3.10567 3.10621 3.1068 3.10742 3.10809 3.10881 3.10957 3.11038 3.11123 3.11213 3.11306 3.11402 3.11502 3.11604 3.11707 3.11812 3.11917 3.12021 3.12123 3.12224 3.1232 3.12413 3.125 3.12581 3.12655 3.12721 3.12779 3.12827 3.12866 3.12895 3.12914 3.12922 3.1292 3.12907 3.12883 3.1285 3.12807 3.12754 3.12693 3.12624 3.12548 3.12465 3.12377 3.12284 3.12188 3.12089 3.11988 3.11886 3.11784 3.11683 3.11584 3.11486 3.11392 3.11302 3.11215 3.11133 3.11056 3.10984 3.10917 3.10856 3.108 3.1075 3.10706 3.10667 3.10633 3.10605 3.10582 3.10564 3.1055 3.10541 3.10535 3.10534 3.10536 3.10542 3.1055 3.10561 3.10574 3.1059 3.10607 3.10626 3.10646 
3.09986 3.10009 3.10032 3.10056 3.10081 3.10106 3.10132 3.10159 3.10186 3.10215 3.10244 3.10275 3.10308 3.10342 3.10379 3.10418 3.1046 3.10505 3.10553 3.10606 3.10663 3.10724 3.10789 3.1086 3.10935 3.11015 3.111 3.11189 3.11283 3.11381 3.11483 3.11587 3.11694 3.11803 3.11913 3.12023 3.12133 3.1224 3.12345 3.12447 3.12544 3.12635 3.1272 3.12798 3.12867 3.12928 3.12979 3.13019 3.1305 3.13069 3.13078 3.13075 3.13061 3.13036 3.13001 3.12955 3.129 3.12836 3.12763 3.12683 3.12596 3.12504 3.12406 3.12305 3.12201 3.12095 3.11988 3.11881 3.11774 3.1167 3.11568 3.11469 3.11373 3.11282 3.11196 3.11115 3.11039 3.10968 3.10904 3.10845 3.10792 3.10745 3.10704 3.10669 3.10639 3.10614 3.10594 3.10579 3.10569 3.10563 3.10561 3.10562 3.10567 3.10575 3.10585 3.10598 3.10614 3.10631 3.10649 3.1067 
3.1001 3.10033 3.10056 3.1008 3.10105 3.10131 3.10158 3.10185 3.10213 3.10243 3.10274 3.10306 3.1034 3.10376 3.10415 3.10457 3.10502 3.1055 3.10602 3.10659 3.1072 3.10786 3.10857 3.10933 3.11015 3.11101 3.11193 3.1129 3.11392 3.11498 3.11608 3.11722 3.11838 3.11955 3.12074 3.12193 3.12311 3.12428 3.12541 3.12651 3.12755 3.12854 3.12945 3.13029 3.13104 3.13169 3.13223 3.13267 3.133 3.13321 3.13329 3.13326 3.13311 3.13284 3.13246 3.13196 3.13137 3.13067 3.12988 3.12902 3.12808 3.12708 3.12602 3.12493 3.1238 3.12265 3.1215 3.12034 3.11919 3.11806 3.11695 3.11587 3.11484 3.11385 3.11292 3.11203 3.11121 3.11044 3.10974 3.1091 3.10852 3.10801 3.10755 3.10716 3.10683 3.10655 3.10632 3.10615 3.10603 3.10595 3.10591 3.10591 3.10595 3.10602 3.10611 3.10624 3.10639 3.10655 3.10674 3.10694 
3.10035 3.10057 3.10081 3.10105 3.10131 3.10157 3.10184 3.10213 3.10243 3.10274 3.10306 3.10341 3.10377 3.10417 3.10459 3.10504 3.10553 3.10606 3.10664 3.10727 3.10794 3.10868 3.10947 3.11031 3.11122 3.11218 3.11321 3.11428 3.11541 3.11659 3.11781 3.11907 3.12036 3.12166 3.12298 3.12429 3.1256 3.12689 3.12814 3.12935 3.1305 3.13159 3.13259 3.13351 3.13433 3.13505 3.13565 3.13613 3.13649 3.13671 3.13681 3.13677 3.1366 3.1363 3.13587 3.13532 3.13466 3.13389 3.13302 3.13206 3.13102 3.12992 3.12875 3.12754 3.12629 3.12502 3.12374 3.12245 3.12118 3.11992 3.1187 3.1175 3.11635 3.11525 3.11421 3.11323 3.11231 3.11145 3.11066 3.10994 3.1093 3.10871 3.1082 3.10775 3.10737 3.10705 3.10679 3.10658 3.10642 3.10632 3.10625 3.10624 3.10626 3.10631 3.10639 3.10651 3.10665 3.10681 3.10699 3.10718 
3.1006 3.10082 3.10106 3.10131 3.10157 3.10184 3.10213 3.10243 3.10274 3.10307 3.10342 3.1038 3.1042 3.10463 3.1051 3.1056 3.10615 3.10675 3.1074 3.10811 3.10887 3.1097 3.11059 3.11155 3.11258 3.11367 3.11483 3.11605 3.11733 3.11866 3.12004 3.12146 3.12291 3.12438 3.12587 3.12735 3.12882 3.13026 3.13167 3.13302 3.13432 3.13553 3.13666 3.13769 3.1386 3.1394 3.14007 3.14061 3.141 3.14125 3.14135 3.1413 3.14111 3.14077 3.14029 3.13967 3.13892 3.13806 3.13708 3.136 3.13483 3.13359 3.13227 3.13091 3.12951 3.12808 3.12663 3.12518 3.12374 3.12233 3.12094 3.11959 3.11829 3.11705 3.11586 3.11475 3.1137 3.11272 3.11183 3.111 3.11026 3.10959 3.109 3.10847 3.10803 3.10764 3.10733 3.10707 3.10688 3.10673 3.10664 3.10659 3.10659 3.10662 3.10669 3.10679 3.10692 3.10707 3.10725 3.10744 
3.10086 3.10108 3.10132 3.10158 3.10184 3.10213 3.10243 3.10275 3.10308 3.10344 3.10382 3.10424 3.10468 3.10516 3.10569 3.10626 3.10688 3.10756 3.10831 3.10911 3.10999 3.11094 3.11196 3.11307 3.11424 3.1155 3.11683 3.11823 3.11969 3.12122 3.12279 3.12442 3.12607 3.12775 3.12944 3.13113 3.1328 3.13444 3.13604 3.13758 3.13904 3.14042 3.14169 3.14285 3.14389 3.14479 3.14554 3.14614 3.14658 3.14686 3.14697 3.14691 3.14669 3.1463 3.14575 3.14505 3.1442 3.14321 3.1421 3.14087 3.13954 3.13813 3.13663 3.13508 3.13348 3.13185 3.13021 3.12856 3.12691 3.1253 3.12371 3.12217 3.12068 3.11925 3.11789 3.11661 3.1154 3.11428 3.11324 3.11229 3.11142 3.11064 3.10994 3.10933 3.1088 3.10834 3.10796 3.10764 3.10739 3.1072 3.10707 3.10699 3.10695 3.10696 3.10701 3.10709 3.10721 3.10735 3.10751 3.1077 
3.10112 3.10135 3.10159 3.10185 3.10213 3.10243 3.10275 3.10309 3.10345 3.10384 3.10427 3.10473 3.10523 3.10577 3.10637 3.10702 3.10774 3.10852 3.10937 3.1103 3.11132 3.11242 3.1136 3.11488 3.11624 3.11769 3.11923 3.12084 3.12253 3.12429 3.12611 3.12798 3.12988 3.13181 3.13375 3.13568 3.13759 3.13947 3.1413 3.14305 3.14472 3.14629 3.14774 3.14906 3.15024 3.15126 3.15212 3.1528 3.15329 3.1536 3.15372 3.15365 3.15339 3.15294 3.15231 3.15151 3.15053 3.1494 3.14813 3.14673 3.14521 3.14358 3.14188 3.1401 3.13827 3.1364 3.13451 3.13261 3.13072 3.12886 3.12704 3.12526 3.12354 3.12189 3.12032 3.11883 3.11744 3.11613 3.11492 3.11381 3.1128 3.11188 3.11106 3.11033 3.1097 3.10915 3.10868 3.10829 3.10798 3.10773 3.10755 3.10742 3.10735 3.10733 3.10735 3.10741 3.1075 3.10763 3.10779 3.10797 
3.10139 3.10162 3.10186 3.10213 3.10243 3.10274 3.10308 3.10345 3.10385 3.10428 3.10476 3.10527 3.10584 3.10646 3.10714 3.10789 3.10872 3.10962 3.11061 3.1117 3.11287 3.11415 3.11553 3.11701 3.11859 3.12028 3.12206 3.12393 3.12589 3.12792 3.13002 3.13218 3.13437 3.13659 3.13882 3.14105 3.14325 3.1454 3.14749 3.1495 3.15142 3.15321 3.15487 3.15637 3.15772 3.15888 3.15985 3.16062 3.16118 3.16153 3.16166 3.16158 3.16127 3.16075 3.16003 3.1591 3.15798 3.15669 3.15523 3.15362 3.15187 3.15001 3.14805 3.146 3.1439 3.14175 3.13957 3.13739 3.13521 3.13307 3.13096 3.1289 3.12691 3.12501 3.12318 3.12145 3.11983 3.11831 3.11689 3.11559 3.1144 3.11333 3.11236 3.11149 3.11073 3.11007 3.10951 3.10903 3.10864 3.10832 3.10808 3.1079 3.10778 3.10772 3.10771 3.10774 3.10782 3.10793 3.10807 3.10824 
3.10167 3.1019 3.10215 3.10243 3.10274 3.10307 3.10344 3.10384 3.10428 3.10477 3.1053 3.10588 3.10653 3.10724 3.10803 3.10889 3.10985 3.1109 3.11205 3.11331 3.11468 3.11616 3.11777 3.11949 3.12133 3.12329 3.12535 3.12753 3.12979 3.13215 3.13458 3.13707 3.1396 3.14216 3.14473 3.14728 3.14981 3.15228 3.15468 3.15699 3.15917 3.16122 3.16312 3.16484 3.16637 3.16769 3.1688 3.16967 3.17031 3.1707 3.17085 3.17074 3.17039 3.16979 3.16895 3.16789 3.16661 3.16512 3.16345 3.1616 3.15959 3.15745 3.1552 3.15285 3.15043 3.14795 3.14545 3.14293 3.14043 3.13794 3.13551 3.13313 3.13083 3.12862 3.1265 3.12449 3.1226 3.12083 3.11918 3.11766 3.11626 3.11499 3.11385 3.11282 3.11192 3.11113 3.11044 3.10986 3.10937 3.10898 3.10866 3.10842 3.10825 3.10815 3.1081 3.1081 3.10815 3.10824 3.10837 3.10853 
3.10196 3.10219 3.10244 3.10274 3.10306 3.10342 3.10382 3.10427 3.10476 3.1053 3.1059 3.10656 3.1073 3.10812 3.10902 3.11003 3.11113 3.11235 3.11369 3.11516 3.11675 3.11848 3.12034 3.12235 3.12448 3.12675 3.12915 3.13166 3.13429 3.13701 3.13981 3.14268 3.1456 3.14855 3.1515 3.15444 3.15734 3.16017 3.16292 3.16555 3.16805 3.17039 3.17256 3.17452 3.17626 3.17776 3.17902 3.18001 3.18073 3.18117 3.18133 3.1812 3.18079 3.18011 3.17915 3.17793 3.17646 3.17475 3.17283 3.17072 3.16842 3.16597 3.16338 3.16069 3.15791 3.15507 3.15219 3.14929 3.1464 3.14354 3.14073 3.13799 3.13533 3.13277 3.13032 3.12798 3.12578 3.12372 3.1218 3.12002 3.11839 3.1169 3.11555 3.11434 3.11327 3.11232 3.1115 3.1108 3.1102 3.10971 3.10931 3.109 3.10877 3.10861 3.10851 3.10848 3.10849 3.10856 3.10867 3.10882 
3.10226 3.10249 3.10275 3.10306 3.10341 3.1038 3.10424 3.10473 3.10527 3.10588 3.10656 3.10732 3.10817 3.10911 3.11015 3.11131 3.1126 3.11401 3.11556 3.11726 3.11912 3.12112 3.12328 3.12561 3.12808 3.13071 3.13348 3.13638 3.13941 3.14255 3.14578 3.14908 3.15243 3.15581 3.1592 3.16256 3.16588 3.16911 3.17225 3.17526 3.1781 3.18077 3.18323 3.18546 3.18743 3.18914 3.19056 3.19169 3.1925 3.19299 3.19317 3.19302 3.19254 3.19176 3.19066 3.18926 3.18759 3.18564 3.18345 3.18103 3.17841 3.17561 3.17265 3.16957 3.16638 3.16313 3.15983 3.1565 3.15319 3.1499 3.14667 3.14351 3.14044 3.13749 3.13465 3.13196 3.12941 3.12701 3.12478 3.12271 3.1208 3.11906 3.11748 3.11606 3.11479 3.11367 3.11269 3.11185 3.11113 3.11052 3.11003 3.10963 3.10933 3.1091 3.10896 3.10888 3.10886 3.1089 3.10899 3.10913 
3.10258 3.1028 3.10308 3.1034 3.10377 3.1042 3.10468 3.10523 3.10584 3.10653 3.1073 3.10817 3.10914 3.11022 3.11142 3.11276 3.11425 3.11589 3.11768 3.11965 3.1218 3.12412 3.12662 3.1293 3.13216 3.13519 3.13838 3.14172 3.14521 3.14881 3.15251 3.15629 3.16013 3.16399 3.16786 3.1717 3.17547 3.17916 3.18273 3.18614 3.18938 3.1924 3.19519 3.19771 3.19995 3.20188 3.20348 3.20475 3.20566 3.20622 3.2064 3.20623 3.20569 3.20479 3.20354 3.20195 3.20004 3.19783 3.19534 3.19258 3.1896 3.18641 3.18304 3.17953 3.1759 3.17219 3.16841 3.16462 3.16082 3.15706 3.15336 3.14973 3.14621 3.14281 3.13955 3.13644 3.1335 3.13073 3.12814 3.12574 3.12353 3.1215 3.11966 3.11799 3.11651 3.11519 3.11403 3.11302 3.11216 3.11143 3.11082 3.11033 3.10994 3.10965 3.10944 3.10931 3.10926 3.10926 3.10933 3.10946 
3.10291 3.10314 3.10342 3.10376 3.10417 3.10463 3.10516 3.10577 3.10646 3.10724 3.10812 3.10911 3.11022 3.11146 3.11285 3.1144 3.11611 3.118 3.12007 3.12234 3.12481 3.12749 3.13037 3.13346 3.13674 3.14022 3.14389 3.14772 3.1517 3.15582 3.16005 3.16437 3.16874 3.17314 3.17753 3.18189 3.18618 3.19036 3.19439 3.19826 3.20191 3.20533 3.20847 3.21132 3.21384 3.21601 3.21781 3.21923 3.22026 3.22087 3.22108 3.22087 3.22026 3.21923 3.21782 3.21602 3.21386 3.21136 3.20854 3.20542 3.20204 3.19842 3.19461 3.19062 3.1865 3.18228 3.17799 3.17367 3.16935 3.16506 3.16083 3.15669 3.15266 3.14877 3.14503 3.14147 3.13809 3.1349 3.13192 3.12915 3.12659 3.12424 3.1221 3.12016 3.11843 3.11688 3.11552 3.11433 3.1133 3.11243 3.1117 3.11109 3.11061 3.11024 3.10996 3.10978 3.10968 3.10965 3.10969 3.1098 
3.10326 3.10349 3.10379 3.10415 3.10459 3.1051 3.10569 3.10637 3.10714 3.10803 3.10902 3.11015 3.11142 3.11285 3.11444 3.11622 3.11819 3.12036 3.12275 3.12536 3.1282 3.13127 3.13457 3.13811 3.14187 3.14585 3.15003 3.1544 3.15894 3.16363 3.16844 3.17333 3.17829 3.18328 3.18825 3.19318 3.19802 3.20273 3.20728 3.21163 3.21574 3.21958 3.22311 3.2263 3.22913 3.23156 3.23358 3.23517 3.23631 3.23699 3.23722 3.23698 3.23628 3.23513 3.23353 3.23151 3.22907 3.22625 3.22308 3.21957 3.21576 3.21168 3.20737 3.20287 3.19822 3.19344 3.18859 3.1837 3.1788 3.17393 3.16913 3.16442 3.15984 3.1554 3.15114 3.14706 3.1432 3.13955 3.13613 3.13294 3.13 3.12729 3.12482 3.12258 3.12056 3.11877 3.11718 3.11578 3.11457 3.11354 3.11266 3.11194 3.11135 3.11088 3.11053 3.11028 3.11013 3.11006 3.11007 3.11016 
3.10364 3.10387 3.10418 3.10457 3.10504 3.1056 3.10626 3.10702 3.10789 3.10889 3.11003 3.11131 3.11276 3.1144 3.11622 3.11825 3.12051 3.12299 3.12573 3.12871 3.13196 3.13547 3.13924 3.14327 3.14756 3.15208 3.15684 3.1618 3.16695 3.17225 3.17769 3.18323 3.18882 3.19444 3.20004 3.20558 3.21102 3.21631 3.22141 3.22629 3.23089 3.23518 3.23912 3.24269 3.24584 3.24855 3.2508 3.25256 3.25383 3.25459 3.25483 3.25456 3.25377 3.25248 3.25069 3.24842 3.24569 3.24254 3.23898 3.23504 3.23077 3.2262 3.22136 3.21631 3.21107 3.2057 3.20024 3.19473 3.1892 3.18371 3.17828 3.17295 3.16776 3.16273 3.15789 3.15325 3.14885 3.1447 3.14079 3.13716 3.13378 3.13068 3.12784 3.12526 3.12294 3.12086 3.11901 3.11739 3.11598 3.11476 3.11373 3.11286 3.11215 3.11158 3.11114 3.11082 3.11061 3.1105 3.11048 3.11055 
3.10404 3.10427 3.1046 3.10502 3.10553 3.10615 3.10688 3.10774 3.10872 3.10985 3.11113 3.1126 3.11425 3.11611 3.11819 3.12051 3.12308 3.12592 3.12903 3.13243 3.13613 3.14012 3.1444 3.14898 3.15383 3.15896 3.16433 3.16994 3.17574 3.18173 3.18784 3.19407 3.20035 3.20665 3.21292 3.21912 3.2252 3.23111 3.2368 3.24223 3.24736 3.25213 3.25652 3.26047 3.26397 3.26698 3.26947 3.27142 3.27282 3.27366 3.27392 3.27361 3.27273 3.27128 3.26929 3.26676 3.26373 3.26021 3.25624 3.25185 3.24709 3.24199 3.23659 3.23094 3.22508 3.21908 3.21296 3.20677 3.20057 3.1944 3.18829 3.1823 3.17644 3.17077 3.1653 3.16006 3.15508 3.15037 3.14594 3.1418 3.13796 3.13442 3.13117 3.12822 3.12556 3.12317 3.12104 3.11917 3.11753 3.11611 3.1149 3.11388 3.11303 3.11235 3.11181 3.11141 3.11114 3.11097 3.11092 3.11096 
3.10447 3.1047 3.10505 3.1055 3.10606 3.10675 3.10756 3.10852 3.10962 3.1109 3.11235 3.11401 3.11589 3.118 3.12036 3.12299 3.12592 3.12914 3.13267 3.13653 3.14071 3.14523 3.15007 3.15524 3.16071 3.16649 3.17253 3.17883 3.18535 3.19206 3.19891 3.20586 3.21288 3.21991 3.2269 3.2338 3.24056 3.24712 3.25344 3.25946 3.26514 3.27042 3.27527 3.27964 3.28351 3.28682 3.28957 3.29172 3.29326 3.29417 3.29446 3.29411 3.29312 3.29152 3.28931 3.28651 3.28315 3.27925 3.27485 3.26999 3.26471 3.25904 3.25305 3.24677 3.24025 3.23356 3.22674 3.21985 3.21292 3.20602 3.19919 3.19247 3.18591 3.17954 3.17339 3.1675 3.16189 3.15657 3.15157 3.14689 3.14254 3.13852 3.13483 3.13147 3.12843 3.1257 3.12327 3.12111 3.11922 3.11758 3.11618 3.11499 3.11399 3.11318 3.11254 3.11205 3.1117 3.11148 3.11139 3.11141 
3.10493 3.10517 3.10553 3.10602 3.10664 3.1074 3.10831 3.10937 3.11061 3.11205 3.11369 3.11556 3.11768 3.12007 3.12275 3.12573 3.12903 3.13267 3.13666 3.14102 3.14573 3.15082 3.15626 3.16207 3.16821 3.17468 3.18145 3.1885 3.19577 3.20325 3.21088 3.21862 3.22642 3.23422 3.24197 3.24961 3.25709 3.26434 3.27132 3.27796 3.28421 3.29003 3.29536 3.30017 3.30441 3.30805 3.31106 3.31342 3.3151 3.3161 3.3164 3.31601 3.31493 3.31316 3.31072 3.30764 3.30394 3.29964 3.29479 3.28943 3.2836 3.27735 3.27072 3.26378 3.25657 3.24916 3.2416 3.23395 3.22625 3.21858 3.21098 3.20349 3.19617 3.18905 3.18218 3.17558 3.16929 3.16332 3.1577 3.15243 3.14753 3.143 3.13883 3.13503 3.13158 3.12848 3.1257 3.12324 3.12108 3.1192 3.11758 3.1162 3.11504 3.11409 3.11333 3.11274 3.11231 3.11203 3.11189 3.11188 
3.10543 3.10567 3.10606 3.10659 3.10727 3.10811 3.10911 3.1103 3.1117 3.11331 3.11516 3.11726 3.11965 3.12234 3.12536 3.12871 3.13243 3.13653 3.14102 3.1459 3.15119 3.15689 3.16299 3.16948 3.17634 3.18355 3.19109 3.19893 3.20701 3.21531 3.22377 3.23233 3.24095 3.24956 3.25811 3.26653 3.27476 3.28273 3.29039 3.29768 3.30453 3.3109 3.31674 3.32199 3.32663 3.3306 3.33389 3.33646 3.33829 3.33937 3.3397 3.33926 3.33807 3.33613 3.33347 3.33009 3.32603 3.32133 3.31601 3.31013 3.30373 3.29686 3.28958 3.28194 3.27401 3.26584 3.2575 3.24905 3.24055 3.23207 3.22364 3.21534 3.20722 3.19931 3.19166 3.18431 3.17729 3.17063 3.16434 3.15844 3.15295 3.14786 3.14317 3.13889 3.135 3.13149 3.12835 3.12556 3.1231 3.12095 3.1191 3.11751 3.11618 3.11507 3.11418 3.11349 3.11297 3.11263 3.11244 3.1124 
3.10596 3.10621 3.10663 3.1072 3.10794 3.10887 3.10999 3.11132 3.11287 3.11468 3.11675 3.11912 3.1218 3.12481 3.1282 3.13196 3.13613 3.14071 3.14573 3.15119 3.1571 3.16345 3.17024 3.17746 3.18509 3.19309 3.20145 3.21012 3.21906 3.22822 3.23754 3.24697 3.25645 3.26591 3.27529 3.28452 3.29352 3.30224 3.31061 3.31856 3.32604 3.33298 3.33934 3.34505 3.35009 3.35441 3.35797 3.36076 3.36275 3.36392 3.36426 3.36379 3.36248 3.36037 3.35747 3.35379 3.34937 3.34424 3.33844 3.33203 3.32504 3.31753 3.30957 3.30122 3.29253 3.28358 3.27443 3.26514 3.2558 3.24645 3.23717 3.22802 3.21904 3.2103 3.20183 3.19368 3.18589 3.17849 3.17149 3.16492 3.15879 3.1531 3.14786 3.14307 3.1387 3.13476 3.13122 3.12807 3.12529 3.12286 3.12075 3.11894 3.11741 3.11614 3.11511 3.1143 3.11369 3.11327 3.11302 3.11295 
3.10654 3.1068 3.10724 3.10786 3.10868 3.1097 3.11094 3.11242 3.11415 3.11616 3.11848 3.12112 3.12412 3.12749 3.13127 3.13547 3.14012 3.14523 3.15082 3.15689 3.16345 3.1705 3.17803 3.18602 3.19445 3.20329 3.2125 3.22205 3.23188 3.24194 3.25217 3.26251 3.27288 3.28322 3.29346 3.30352 3.31333 3.32282 3.33192 3.34055 3.34866 3.35619 3.36307 3.36925 3.3747 3.37937 3.38322 3.38623 3.38837 3.38963 3.39 3.38947 3.38806 3.38577 3.38262 3.37864 3.37385 3.36829 3.362 3.35504 3.34745 3.3393 3.33064 3.32154 3.31208 3.30231 3.29232 3.28218 3.27195 3.26172 3.25154 3.24149 3.23162 3.222 3.21267 3.20369 3.19508 3.18689 3.17915 3.17186 3.16506 3.15874 3.1529 3.14756 3.14268 3.13827 3.13431 3.13078 3.12765 3.12491 3.12252 3.12047 3.11874 3.11729 3.1161 3.11516 3.11445 3.11395 3.11366 3.11355 
3.10716 3.10742 3.10789 3.10857 3.10947 3.11059 3.11196 3.1136 3.11553 3.11777 3.12034 3.12328 3.12662 3.13037 3.13457 3.13924 3.1444 3.15007 3.15626 3.16299 3.17024 3.17803 3.18633 3.19513 3.20441 3.21412 3.22423 3.2347 3.24546 3.25645 3.26762 3.27889 3.29019 3.30143 3.31256 3.32347 3.3341 3.34438 3.35421 3.36354 3.3723 3.38041 3.38783 3.39449 3.40035 3.40537 3.40951 3.41274 3.41504 3.41639 3.41678 3.41621 3.41469 3.41222 3.40883 3.40454 3.39937 3.39338 3.38659 3.37908 3.37088 3.36206 3.35269 3.34284 3.33258 3.32198 3.31113 3.30009 3.28896 3.27781 3.2667 3.25572 3.24493 3.23439 3.22416 3.2143 3.20484 3.19583 3.18729 3.17926 3.17174 3.16475 3.15829 3.15236 3.14695 3.14204 3.13763 3.13368 3.13018 3.12711 3.12443 3.12213 3.12016 3.11852 3.11717 3.1161 3.11528 3.11469 3.11433 3.11418 
3.10782 3.10809 3.1086 3.10933 3.11031 3.11155 3.11307 3.11488 3.11701 3.11949 3.12235 3.12561 3.1293 3.13346 3.13811 3.14327 3.14898 3.15524 3.16207 3.16948 3.17746 3.18602 3.19513 3.20478 3.21494 3.22556 3.23661 3.24802 3.25974 3.2717 3.28383 3.29606 3.3083 3.32048 3.3325 3.34428 3.35575 3.36682 3.37741 3.38744 3.39684 3.40555 3.4135 3.42064 3.42692 3.43229 3.43672 3.44017 3.44262 3.44406 3.44448 3.44387 3.44223 3.43959 3.43595 3.43135 3.42581 3.41938 3.4121 3.40402 3.39521 3.38573 3.37564 3.36502 3.35395 3.3425 3.33077 3.31883 3.30677 3.29467 3.28261 3.27066 3.25892 3.24743 3.23627 3.22549 3.21515 3.20528 3.19592 3.1871 3.17883 3.17113 3.16401 3.15746 3.15148 3.14605 3.14116 3.13678 3.13289 3.12946 3.12647 3.12389 3.12169 3.11984 3.11831 3.11709 3.11616 3.11548 3.11506 3.11487 
3.10853 3.10881 3.10935 3.11015 3.11122 3.11258 3.11424 3.11624 3.11859 3.12133 3.12448 3.12808 3.13216 3.13674 3.14187 3.14756 3.15383 3.16071 3.16821 3.17634 3.18509 3.19445 3.20441 3.21494 3.22601 3.23757 3.24957 3.26196 3.27467 3.28762 3.30074 3.31395 3.32715 3.34026 3.3532 3.36586 3.37817 3.39004 3.40138 3.41211 3.42216 3.43146 3.43995 3.44756 3.45425 3.45997 3.46468 3.46836 3.47097 3.47249 3.47293 3.47228 3.47054 3.46772 3.46384 3.45893 3.45302 3.44616 3.43838 3.42975 3.42033 3.41017 3.39936 3.38797 3.37609 3.36379 3.35116 3.3383 3.32529 3.31223 3.29919 3.28627 3.27354 3.26108 3.24896 3.23724 3.22597 3.21521 3.20499 3.19535 3.1863 3.17787 3.17006 3.16286 3.15628 3.1503 3.1449 3.14006 3.13576 3.13196 3.12864 3.12577 3.12331 3.12124 3.11953 3.11816 3.11709 3.11632 3.11583 3.1156 
3.10928 3.10957 3.11015 3.11101 3.11218 3.11367 3.1155 3.11769 3.12028 3.12329 3.12675 3.13071 3.13519 3.14022 3.14585 3.15208 3.15896 3.16649 3.17468 3.18355 3.19309 3.20329 3.21412 3.22556 3.23757 3.2501 3.26309 3.27647 3.29019 3.30415 3.31827 3.33246 3.34663 3.36069 3.37454 3.38809 3.40124 3.41391 3.42599 3.43742 3.44812 3.45801 3.46702 3.4751 3.4822 3.48826 3.49325 3.49714 3.4999 3.50152 3.50198 3.50129 3.49944 3.49645 3.49234 3.48713 3.48086 3.47357 3.46531 3.45613 3.44609 3.43527 3.42374 3.41159 3.39888 3.38572 3.3722 3.35841 3.34445 3.33041 3.31638 3.30246 3.28873 3.27527 3.26217 3.24948 3.23727 3.22559 3.21448 3.20399 3.19414 3.18494 3.17641 3.16854 3.16134 3.15478 3.14885 3.14353 3.13879 3.1346 3.13093 3.12775 3.12503 3.12273 3.12082 3.11928 3.11809 3.11721 3.11665 3.11637 
3.11008 3.11038 3.111 3.11193 3.11321 3.11483 3.11683 3.11923 3.12206 3.12535 3.12915 3.13348 3.13838 3.14389 3.15003 3.15684 3.16433 3.17253 3.18145 3.19109 3.20145 3.2125 3.22423 3.23661 3.24957 3.26309 3.27708 3.29148 3.30621 3.32119 3.33632 3.35151 3.36666 3.38166 3.39643 3.41085 3.42484 3.43829 3.45112 3.46324 3.47457 3.48503 3.49456 3.5031 3.51059 3.51699 3.52225 3.52635 3.52926 3.53097 3.53145 3.53072 3.52877 3.52561 3.52127 3.51577 3.50915 3.50144 3.4927 3.48299 3.47236 3.46088 3.44865 3.43573 3.42221 3.4082 3.39379 3.37907 3.36415 3.34912 3.3341 3.31916 3.30442 3.28995 3.27584 3.26216 3.24899 3.23637 3.22436 3.21299 3.20231 3.19232 3.18304 3.17448 3.16663 3.15947 3.15299 3.14717 3.14198 3.13738 3.13335 3.12984 3.12684 3.1243 3.12218 3.12047 3.11914 3.11816 3.11751 3.11719 
3.11092 3.11123 3.11189 3.1129 3.11428 3.11605 3.11823 3.12084 3.12393 3.12753 3.13166 3.13638 3.14172 3.14772 3.1544 3.1618 3.16994 3.17883 3.1885 3.19893 3.21012 3.22205 3.2347 3.24802 3.26196 3.27647 3.29148 3.30691 3.32266 3.33866 3.3548 3.37099 3.3871 3.40305 3.41873 3.43402 3.44883 3.46305 3.47661 3.4894 3.50134 3.51236 3.5224 3.53138 3.53925 3.54597 3.5515 3.55581 3.55886 3.56065 3.56116 3.56039 3.55834 3.55503 3.55047 3.54469 3.53773 3.52962 3.52042 3.51018 3.49897 3.48685 3.47392 3.46026 3.44595 3.43109 3.41579 3.40015 3.38427 3.36827 3.35224 3.33629 3.32053 3.30504 3.28991 3.27523 3.26107 3.2475 3.23456 3.2223 3.21077 3.19997 3.18993 3.18065 3.17213 3.16435 3.15731 3.15096 3.1453 3.14028 3.13587 3.13203 3.12873 3.12594 3.12361 3.12172 3.12024 3.11915 3.11842 3.11805 
3.1118 3.11213 3.11283 3.11392 3.11541 3.11733 3.11969 3.12253 3.12589 3.12979 3.13429 3.13941 3.14521 3.1517 3.15894 3.16695 3.17574 3.18535 3.19577 3.20701 3.21906 3.23188 3.24546 3.25974 3.27467 3.29019 3.30621 3.32266 3.33945 3.35647 3.37361 3.39078 3.40786 3.42474 3.4413 3.45744 3.47305 3.48804 3.5023 3.51574 3.52828 3.53984 3.55036 3.55976 3.568 3.57503 3.58082 3.58532 3.58851 3.59038 3.59091 3.59011 3.58797 3.58451 3.57974 3.5737 3.56641 3.55792 3.54827 3.53753 3.52576 3.51303 3.49942 3.48503 3.46994 3.45425 3.43808 3.42153 3.40471 3.38773 3.37071 3.35375 3.33696 3.32045 3.30431 3.28862 3.27347 3.25892 3.24505 3.23189 3.21948 3.20786 3.19704 3.18702 3.17782 3.16941 3.16178 3.1549 3.14875 3.14329 3.13849 3.13431 3.13071 3.12765 3.1251 3.12303 3.1214 3.12019 3.11938 3.11896 
3.11272 3.11306 3.11381 3.11498 3.11659 3.11866 3.12122 3.12429 3.12792 3.13215 3.13701 3.14255 3.14881 3.15582 3.16363 3.17225 3.18173 3.19206 3.20325 3.21531 3.22822 3.24194 3.25645 3.2717 3.28762 3.30415 3.32119 3.33866 3.35647 3.37449 3.39263 3.41077 3.42879 3.44658 3.46401 3.48098 3.49738 3.51309 3.52803 3.5421 3.55521 3.56729 3.57826 3.58807 3.59666 3.60399 3.61001 3.61469 3.61802 3.61996 3.62052 3.61969 3.61747 3.61387 3.60891 3.60261 3.59502 3.58616 3.5761 3.56488 3.55257 3.53924 3.52499 3.50989 3.49404 3.47755 3.46053 3.44309 3.42534 3.4074 3.3894 3.37144 3.35363 3.3361 3.31894 3.30224 3.2861 3.27058 3.25576 3.24168 3.2284 3.21594 3.20433 3.19357 3.18367 3.17461 3.16638 3.15896 3.15231 3.14641 3.14121 3.13667 3.13275 3.12943 3.12665 3.12438 3.12259 3.12127 3.12037 3.1199 
3.11367 3.11402 3.11483 3.11608 3.11781 3.12004 3.12279 3.12611 3.13002 3.13458 3.13981 3.14578 3.15251 3.16005 3.16844 3.17769 3.18784 3.19891 3.21088 3.22377 3.23754 3.25217 3.26762 3.28383 3.30074 3.31827 3.33632 3.3548 3.37361 3.39263 3.41175 3.43084 3.44978 3.46845 3.48672 3.50449 3.52164 3.53805 3.55364 3.5683 3.58196 3.59453 3.60594 3.61613 3.62505 3.63265 3.6389 3.64375 3.6472 3.64922 3.6498 3.64894 3.64665 3.64292 3.63778 3.63126 3.62337 3.61418 3.60372 3.59204 3.57922 3.56534 3.55046 3.53468 3.51811 3.50085 3.483 3.46469 3.44604 3.42716 3.40819 3.38924 3.37044 3.3519 3.33373 3.31603 3.29889 3.2824 3.26663 3.25164 3.23747 3.22417 3.21176 3.20025 3.18964 3.17993 3.1711 3.16312 3.15597 3.1496 3.14399 3.13909 3.13486 3.13125 3.12824 3.12578 3.12383 3.12238 3.1214 3.12087 
3.11465 3.11502 3.11587 3.11722 3.11907 3.12146 3.12442 3.12798 3.13218 3.13707 3.14268 3.14908 3.15629 3.16437 3.17333 3.18323 3.19407 3.20586 3.21862 3.23233 3.24697 3.26251 3.27889 3.29606 3.31395 3.33246 3.35151 3.37099 3.39078 3.41077 3.43084 3.45085 3.47068 3.4902 3.50929 3.52782 3.54569 3.56277 3.57897 3.5942 3.60837 3.62139 3.63321 3.64376 3.65299 3.66084 3.6673 3.67232 3.67588 3.67797 3.67858 3.6777 3.67533 3.67149 3.66618 3.65945 3.6513 3.64179 3.63096 3.61886 3.60557 3.59115 3.57568 3.55926 3.542 3.52399 3.50535 3.4862 3.46667 3.44688 3.42697 3.40706 3.38728 3.36774 3.34858 3.32989 3.31177 3.29431 3.2776 3.26169 3.24665 3.23251 3.21929 3.20702 3.19571 3.18533 3.17589 3.16735 3.15969 3.15286 3.14684 3.14157 3.13701 3.13313 3.12987 3.12721 3.1251 3.12353 3.12246 3.12188 
3.11565 3.11604 3.11694 3.11838 3.12036 3.12291 3.12607 3.12988 3.13437 3.1396 3.1456 3.15243 3.16013 3.16874 3.17829 3.18882 3.20035 3.21288 3.22642 3.24095 3.25645 3.27288 3.29019 3.3083 3.32715 3.34663 3.36666 3.3871 3.40786 3.42879 3.44978 3.47068 3.49136 3.5117 3.53156 3.55083 3.56937 3.58709 3.60387 3.61963 3.63427 3.64772 3.65992 3.6708 3.6803 3.6884 3.69505 3.70022 3.70389 3.70604 3.70667 3.70577 3.70334 3.6994 3.69395 3.68701 3.67863 3.66883 3.65766 3.64517 3.63143 3.61651 3.6005 3.58347 3.56555 3.54683 3.52743 3.50749 3.48711 3.46645 3.44562 3.42477 3.40404 3.38353 3.36339 3.34373 3.32464 3.30624 3.28859 3.27178 3.25587 3.24088 3.22687 3.21385 3.20183 3.19079 3.18073 3.17163 3.16346 3.15616 3.14972 3.14408 3.1392 3.13503 3.13153 3.12867 3.1264 3.1247 3.12354 3.1229 
3.11667 3.11707 3.11803 3.11955 3.12166 3.12438 3.12775 3.13181 3.13659 3.14216 3.14855 3.15581 3.16399 3.17314 3.18328 3.19444 3.20665 3.21991 3.23422 3.24956 3.26591 3.28322 3.30143 3.32048 3.34026 3.36069 3.38166 3.40305 3.42474 3.44658 3.46845 3.4902 3.5117 3.53282 3.55341 3.57336 3.59255 3.61086 3.62818 3.64443 3.65951 3.67336 3.6859 3.69708 3.70684 3.71515 3.72198 3.72728 3.73105 3.73327 3.73392 3.733 3.73052 3.72649 3.72091 3.7138 3.7052 3.69514 3.68366 3.67081 3.65666 3.64128 3.62475 3.60716 3.58862 3.56924 3.54912 3.52841 3.50723 3.48572 3.46402 3.44227 3.42061 3.39917 3.37808 3.35746 3.33744 3.3181 3.29954 3.28184 3.26506 3.24925 3.23445 3.22068 3.20795 3.19626 3.1856 3.17593 3.16724 3.15949 3.15263 3.14662 3.14141 3.13695 3.13321 3.13015 3.12771 3.12589 3.12464 3.12395 
3.1177 3.11812 3.11913 3.12074 3.12298 3.12587 3.12944 3.13375 3.13882 3.14473 3.1515 3.1592 3.16786 3.17753 3.18825 3.20004 3.21292 3.2269 3.24197 3.25811 3.27529 3.29346 3.31256 3.3325 3.3532 3.37454 3.39643 3.41873 3.4413 3.46401 3.48672 3.50929 3.53156 3.55341 3.5747 3.5953 3.61508 3.63393 3.65176 3.66845 3.68394 3.69815 3.71101 3.72246 3.73245 3.74096 3.74794 3.75337 3.75722 3.7595 3.76017 3.75925 3.75672 3.75261 3.74691 3.73965 3.73086 3.72056 3.7088 3.69563 3.68111 3.66531 3.64831 3.63019 3.61108 3.59106 3.57028 3.54885 3.5269 3.50459 3.48206 3.45944 3.43689 3.41454 3.39254 3.371 3.35006 3.32981 3.31036 3.29179 3.27417 3.25755 3.24198 3.22747 3.21405 3.20171 3.19044 3.18023 3.17103 3.16281 3.15553 3.14915 3.14362 3.13888 3.1349 3.13163 3.12904 3.12708 3.12574 3.125 
3.11873 3.11917 3.12023 3.12193 3.12429 3.12735 3.13113 3.13568 3.14105 3.14728 3.15444 3.16256 3.1717 3.18189 3.19318 3.20558 3.21912 3.2338 3.24961 3.26653 3.28452 3.30352 3.32347 3.34428 3.36586 3.38809 3.41085 3.43402 3.45744 3.48098 3.50449 3.52782 3.55083 3.57336 3.5953 3.61649 3.63682 3.65618 3.67446 3.69157 3.70743 3.72196 3.7351 3.7468 3.757 3.76568 3.7728 3.77834 3.78227 3.7846 3.78529 3.78436 3.7818 3.77762 3.77183 3.76444 3.75547 3.74497 3.73296 3.7195 3.70464 3.68846 3.67102 3.65243 3.63278 3.61219 3.59077 3.56866 3.546 3.52294 3.49961 3.47617 3.45277 3.42956 3.40667 3.38425 3.36243 3.3413 3.32099 3.30158 3.28313 3.26572 3.24939 3.23417 3.22007 3.2071 3.19524 3.18447 3.17478 3.16611 3.15842 3.15167 3.14582 3.1408 3.13658 3.13311 3.13036 3.12828 3.12685 3.12605 
3.11975 3.12021 3.12133 3.12311 3.1256 3.12882 3.1328 3.13759 3.14325 3.14981 3.15734 3.16588 3.17547 3.18618 3.19802 3.21102 3.2252 3.24056 3.25709 3.27476 3.29352 3.31333 3.3341 3.35575 3.37817 3.40124 3.42484 3.44883 3.47305 3.49738 3.52164 3.54569 3.56937 3.59255 3.61508 3.63682 3.65766 3.67748 3.69618 3.71366 3.72985 3.74467 3.75806 3.76997 3.78036 3.78919 3.79644 3.80207 3.80608 3.80845 3.80916 3.80823 3.80564 3.80141 3.79553 3.78803 3.77892 3.76823 3.75601 3.74229 3.72713 3.7106 3.69277 3.67374 3.6536 3.63248 3.61048 3.58774 3.56441 3.54063 3.51656 3.49234 3.46814 3.44411 3.42039 3.39712 3.37445 3.35249 3.33134 3.31111 3.29188 3.27371 3.25665 3.24073 3.22597 3.21238 3.19994 3.18865 3.17846 3.16935 3.16126 3.15416 3.14799 3.1427 3.13825 3.13458 3.13166 3.12946 3.12795 3.1271 
3.12076 3.12123 3.1224 3.12428 3.12689 3.13026 3.13444 3.13947 3.1454 3.15228 3.16017 3.16911 3.17916 3.19036 3.20273 3.21631 3.23111 3.24712 3.26434 3.28273 3.30224 3.32282 3.34438 3.36682 3.39004 3.41391 3.43829 3.46305 3.48804 3.51309 3.53805 3.56277 3.58709 3.61086 3.63393 3.65618 3.67748 3.69772 3.71679 3.73461 3.75109 3.76617 3.77978 3.79188 3.80243 3.81139 3.81874 3.82446 3.82853 3.83094 3.83168 3.83074 3.82814 3.82386 3.81791 3.81031 3.80108 3.79024 3.77783 3.76388 3.74846 3.73162 3.71344 3.69402 3.67344 3.65182 3.62929 3.60597 3.58202 3.55758 3.53281 3.50787 3.48291 3.4581 3.43359 3.40952 3.38605 3.36328 3.34135 3.32034 3.30035 3.28145 3.26368 3.24709 3.2317 3.21751 3.20452 3.19271 3.18206 3.17251 3.16404 3.15659 3.15011 3.14456 3.13987 3.13602 3.13295 3.13063 3.12903 3.12813 
3.12174 3.12224 3.12345 3.12541 3.12814 3.13167 3.13604 3.1413 3.14749 3.15468 3.16292 3.17225 3.18273 3.19439 3.20728 3.22141 3.2368 3.25344 3.27132 3.29039 3.31061 3.33192 3.35421 3.37741 3.40138 3.42599 3.45112 3.47661 3.5023 3.52803 3.55364 3.57897 3.60387 3.62818 3.65176 3.67446 3.69618 3.71679 3.7362 3.75431 3.77105 3.78635 3.80016 3.81242 3.82311 3.83219 3.83963 3.84542 3.84954 3.85199 3.85275 3.85182 3.84919 3.84488 3.83888 3.8312 3.82187 3.8109 3.79833 3.78418 3.76853 3.75142 3.73293 3.71315 3.69217 3.67011 3.64709 3.62324 3.59872 3.57367 3.54825 3.52263 3.49697 3.47144 3.44618 3.42137 3.39713 3.37361 3.35093 3.32919 3.30848 3.28888 3.27045 3.25322 3.23722 3.22246 3.20894 3.19664 3.18553 3.17557 3.16673 3.15894 3.15217 3.14636 3.14146 3.13742 3.1342 3.13176 3.13008 3.12913 
3.12269 3.1232 3.12447 3.12651 3.12935 3.13302 3.13758 3.14305 3.1495 3.15699 3.16555 3.17526 3.18614 3.19826 3.21163 3.22629 3.24223 3.25946 3.27796 3.29768 3.31856 3.34055 3.36354 3.38744 3.41211 3.43742 3.46324 3.4894 3.51574 3.5421 3.5683 3.5942 3.61963 3.64443 3.66845 3.69157 3.71366 3.73461 3.75431 3.77268 3.78965 3.80514 3.81912 3.83152 3.84232 3.8515 3.85902 3.86487 3.86904 3.87152 3.8723 3.87137 3.86874 3.8644 3.85835 3.85062 3.8412 3.83012 3.81741 3.8031 3.78725 3.7699 3.75114 3.73104 3.70971 3.68725 3.66379 3.63946 3.61442 3.58881 3.5628 3.53656 3.51024 3.48404 3.45809 3.43258 3.40763 3.38341 3.36002 3.33759 3.31621 3.29595 3.27689 3.25905 3.24248 3.22719 3.21316 3.20039 3.18885 3.1785 3.1693 3.1612 3.15415 3.14809 3.14298 3.13876 3.1354 3.13285 3.13109 3.1301 
3.1236 3.12413 3.12544 3.12755 3.1305 3.13432 3.13904 3.14472 3.15142 3.15917 3.16805 3.1781 3.18938 3.20191 3.21574 3.23089 3.24736 3.26514 3.28421 3.30453 3.32604 3.34866 3.3723 3.39684 3.42216 3.44812 3.47457 3.50134 3.52828 3.55521 3.58196 3.60837 3.63427 3.65951 3.68394 3.70743 3.72985 3.75109 3.77105 3.78965 3.80681 3.82247 3.83658 3.84911 3.86001 3.86926 3.87685 3.88275 3.88696 3.88947 3.89026 3.88934 3.88671 3.88235 3.87628 3.86849 3.85901 3.84784 3.83501 3.82057 3.80454 3.78699 3.76799 3.74761 3.72596 3.70315 3.6793 3.65454 3.62902 3.60291 3.57636 3.54954 3.52264 3.49581 3.46923 3.44307 3.41748 3.39259 3.36856 3.34548 3.32347 3.30261 3.28295 3.26455 3.24745 3.23165 3.21715 3.20394 3.19199 3.18127 3.17174 3.16334 3.15602 3.14974 3.14443 3.14004 3.13655 3.1339 3.13206 3.13102 
3.12446 3.125 3.12635 3.12854 3.13159 3.13553 3.14042 3.14629 3.15321 3.16122 3.17039 3.18077 3.1924 3.20533 3.21958 3.23518 3.25213 3.27042 3.29003 3.3109 3.33298 3.35619 3.38041 3.40555 3.43146 3.45801 3.48503 3.51236 3.53984 3.56729 3.59453 3.62139 3.64772 3.67336 3.69815 3.72196 3.74467 3.76617 3.78635 3.80514 3.82247 3.83827 3.85251 3.86513 3.87611 3.88543 3.89307 3.89902 3.90326 3.90579 3.9066 3.90569 3.90305 3.89869 3.89259 3.88477 3.87523 3.86399 3.85107 3.83651 3.82034 3.80261 3.7834 3.76279 3.74086 3.71774 3.69353 3.66839 3.64245 3.61588 3.58885 3.56152 3.53407 3.50668 3.47953 3.45278 3.42659 3.40111 3.37647 3.35281 3.33022 3.30879 3.28859 3.26967 3.25207 3.2358 3.22087 3.20725 3.19493 3.18387 3.17402 3.16534 3.15778 3.15128 3.14578 3.14125 3.13763 3.13488 3.13298 3.1319 
3.12525 3.12581 3.1272 3.12945 3.13259 3.13666 3.14169 3.14774 3.15487 3.16312 3.17256 3.18323 3.19519 3.20847 3.22311 3.23912 3.25652 3.27527 3.29536 3.31674 3.33934 3.36307 3.38783 3.4135 3.43995 3.46702 3.49456 3.5224 3.55036 3.57826 3.60594 3.63321 3.65992 3.6859 3.71101 3.7351 3.75806 3.77978 3.80016 3.81912 3.83658 3.85251 3.86684 3.87954 3.89059 3.89997 3.90765 3.91363 3.9179 3.92045 3.92128 3.92038 3.91774 3.91337 3.90726 3.89941 3.88983 3.87853 3.86554 3.85088 3.83458 3.81671 3.79733 3.7765 3.75434 3.73094 3.70643 3.68095 3.65464 3.62767 3.6002 3.57241 3.54448 3.51659 3.48892 3.46163 3.4349 3.40888 3.38371 3.35951 3.33639 3.31445 3.29376 3.27437 3.25632 3.23962 3.22428 3.2103 3.19763 3.18626 3.17613 3.16719 3.1594 3.1527 3.14704 3.14236 3.13863 3.13579 3.13382 3.13271 
3.12598 3.12655 3.12798 3.13029 3.13351 3.13769 3.14285 3.14906 3.15637 3.16484 3.17452 3.18546 3.19771 3.21132 3.2263 3.24269 3.26047 3.27964 3.30017 3.32199 3.34505 3.36925 3.39449 3.42064 3.44756 3.4751 3.5031 3.53138 3.55976 3.58807 3.61613 3.64376 3.6708 3.69708 3.72246 3.7468 3.76997 3.79188 3.81242 3.83152 3.84911 3.86513 3.87954 3.89231 3.90342 3.91284 3.92056 3.92657 3.93086 3.93343 3.93427 3.93338 3.93074 3.92637 3.92025 3.91238 3.90277 3.89143 3.87837 3.86363 3.84724 3.82924 3.80971 3.78871 3.76634 3.74271 3.71793 3.69215 3.66552 3.63819 3.61034 3.58215 3.5538 3.52546 3.49733 3.46957 3.44237 3.41586 3.39021 3.36554 3.34195 3.31956 3.29842 3.2786 3.26015 3.24307 3.22737 3.21305 3.20008 3.18842 3.17804 3.16887 3.16088 3.154 3.14818 3.14338 3.13954 3.13662 3.1346 3.13345 
3.12663 3.12721 3.12867 3.13104 3.13433 3.1386 3.14389 3.15024 3.15772 3.16637 3.17626 3.18743 3.19995 3.21384 3.22913 3.24584 3.26397 3.28351 3.30441 3.32663 3.35009 3.3747 3.40035 3.42692 3.45425 3.4822 3.51059 3.53925 3.568 3.59666 3.62505 3.65299 3.6803 3.70684 3.73245 3.757 3.78036 3.80243 3.82311 3.84232 3.86001 3.87611 3.89059 3.90342 3.91457 3.92402 3.93177 3.9378 3.94212 3.9447 3.94555 3.94467 3.94204 3.93766 3.93154 3.92365 3.91402 3.90265 3.88954 3.87474 3.85826 3.84016 3.8205 3.79936 3.77681 3.75298 3.72798 3.70195 3.67504 3.64741 3.61923 3.59069 3.56196 3.53325 3.50471 3.47655 3.44893 3.42201 3.39593 3.37084 3.34685 3.32405 3.30253 3.28234 3.26353 3.24612 3.23011 3.21549 3.20225 3.19034 3.17973 3.17036 3.16219 3.15516 3.1492 3.14428 3.14035 3.13736 3.13529 3.13411 
3.1272 3.12779 3.12928 3.13169 3.13505 3.1394 3.14479 3.15126 3.15888 3.16769 3.17776 3.18914 3.20188 3.21601 3.23156 3.24855 3.26698 3.28682 3.30805 3.3306 3.35441 3.37937 3.40537 3.43229 3.45997 3.48826 3.51699 3.54597 3.57503 3.60399 3.63265 3.66084 3.6884 3.71515 3.74096 3.76568 3.78919 3.81139 3.83219 3.8515 3.86926 3.88543 3.89997 3.91284 3.92402 3.9335 3.94128 3.94733 3.95166 3.95426 3.95512 3.95424 3.95162 3.94724 3.94111 3.93322 3.92357 3.91217 3.89903 3.88417 3.86763 3.84944 3.82968 3.80841 3.78572 3.76172 3.73653 3.71029 3.68315 3.65526 3.62681 3.59797 3.56894 3.53989 3.51102 3.48251 3.45454 3.42726 3.40083 3.37539 3.35105 3.32791 3.30606 3.28556 3.26644 3.24874 3.23246 3.21759 3.20412 3.192 3.18119 3.17165 3.16333 3.15616 3.15009 3.14507 3.14106 3.13801 3.13589 3.13469 
3.12768 3.12827 3.12979 3.13223 3.13565 3.14007 3.14554 3.15212 3.15985 3.1688 3.17902 3.19056 3.20348 3.21781 3.23358 3.2508 3.26947 3.28957 3.31106 3.33389 3.35797 3.38322 3.40951 3.43672 3.46468 3.49325 3.52225 3.5515 3.58082 3.61001 3.6389 3.6673 3.69505 3.72198 3.74794 3.7728 3.79644 3.81874 3.83963 3.85902 3.87685 3.89307 3.90765 3.92056 3.93177 3.94128 3.94907 3.95514 3.95948 3.96209 3.96296 3.96209 3.95947 3.95509 3.94896 3.94106 3.9314 3.91997 3.9068 3.8919 3.8753 3.85705 3.83721 3.81584 3.79304 3.7689 3.74356 3.71714 3.68981 3.66171 3.63304 3.60396 3.57467 3.54536 3.51622 3.48743 3.45916 3.43159 3.40487 3.37914 3.35452 3.3311 3.30898 3.28821 3.26885 3.25091 3.23441 3.21934 3.20567 3.19338 3.18241 3.17273 3.16427 3.15699 3.15083 3.14573 3.14165 3.13855 3.1364 3.13518 
3.12806 3.12866 3.13019 3.13267 3.13613 3.14061 3.14614 3.1528 3.16062 3.16967 3.18001 3.19169 3.20475 3.21923 3.23517 3.25256 3.27142 3.29172 3.31342 3.33646 3.36076 3.38623 3.41274 3.44017 3.46836 3.49714 3.52635 3.55581 3.58532 3.61469 3.64375 3.67232 3.70022 3.72728 3.75337 3.77834 3.80207 3.82446 3.84542 3.86487 3.88275 3.89902 3.91363 3.92657 3.9378 3.94733 3.95514 3.96122 3.96557 3.96819 3.96906 3.9682 3.96558 3.96121 3.95507 3.94717 3.93749 3.92605 3.91285 3.89792 3.88128 3.86298 3.84307 3.82162 3.79872 3.77448 3.74902 3.72247 3.69499 3.66673 3.63788 3.60862 3.57914 3.54962 3.52026 3.49125 3.46277 3.43497 3.40803 3.38207 3.35722 3.33359 3.31126 3.2903 3.27074 3.25262 3.23595 3.22071 3.2069 3.19446 3.18337 3.17358 3.16502 3.15766 3.15142 3.14626 3.14213 3.13899 3.13681 3.13557 
3.12835 3.12895 3.1305 3.133 3.13649 3.141 3.14658 3.15329 3.16118 3.17031 3.18073 3.1925 3.20566 3.22026 3.23631 3.25383 3.27282 3.29326 3.3151 3.33829 3.36275 3.38837 3.41504 3.44262 3.47097 3.4999 3.52926 3.55886 3.58851 3.61802 3.6472 3.67588 3.70389 3.73105 3.75722 3.78227 3.80608 3.82853 3.84954 3.86904 3.88696 3.90326 3.9179 3.93086 3.94212 3.95166 3.95948 3.96557 3.96993 3.97255 3.97344 3.97257 3.96996 3.96559 3.95945 3.95153 3.94185 3.93039 3.91717 3.90222 3.88554 3.8672 3.84724 3.82573 3.80277 3.77845 3.7529 3.72625 3.69866 3.67029 3.64132 3.61193 3.5823 3.55264 3.52313 3.49397 3.46533 3.43737 3.41027 3.38416 3.35916 3.33537 3.31289 3.29179 3.27209 3.25385 3.23705 3.2217 3.20778 3.19525 3.18407 3.1742 3.16557 3.15814 3.15185 3.14664 3.14248 3.13931 3.13711 3.13586 
3.12853 3.12914 3.13069 3.13321 3.13671 3.14125 3.14686 3.1536 3.16153 3.1707 3.18117 3.19299 3.20622 3.22087 3.23699 3.25459 3.27366 3.29417 3.3161 3.33937 3.36392 3.38963 3.41639 3.44406 3.47249 3.50152 3.53097 3.56065 3.59038 3.61996 3.64922 3.67797 3.70604 3.73327 3.7595 3.7846 3.80845 3.83094 3.85199 3.87152 3.88947 3.90579 3.92045 3.93343 3.9447 3.95426 3.96209 3.96819 3.97255 3.97518 3.97607 3.97521 3.97259 3.96822 3.96207 3.95415 3.94446 3.93299 3.91975 3.90477 3.88808 3.8697 3.84971 3.82816 3.80515 3.78079 3.75518 3.72848 3.70082 3.67238 3.64333 3.61386 3.58415 3.55441 3.52481 3.49556 3.46682 3.43878 3.41159 3.38538 3.36029 3.33642 3.31386 3.29267 3.2729 3.25458 3.23771 3.2223 3.20831 3.19573 3.1845 3.17458 3.16591 3.15844 3.15212 3.14689 3.1427 3.13952 3.1373 3.13604 
