3.02894 3.02917 3.0294 3.02964 3.02989 3.03014 3.03039 3.03065 3.03091 3.03118 3.03146 3.03174 3.03204 3.03235 3.03268 3.03304 3.03341 3.03381 3.03424 3.03471 3.03521 3.03574 3.03632 3.03694 3.0376 3.03831 3.03906 3.03985 3.04068 3.04155 3.04245 3.04338 3.04434 3.04531 3.04629 3.04727 3.04825 3.04921 3.05016 3.05107 3.05194 3.05276 3.05353 3.05423 3.05486 3.0554 3.05587 3.05624 3.05651 3.05669 3.05677 3.05675 3.05662 3.0564 3.05609 3.05568 3.05518 3.05461 3.05395 3.05323 3.05245 3.05162 3.05075 3.04984 3.04891 3.04796 3.047 3.04605 3.0451 3.04417 3.04326 3.04238 3.04154 3.04073 3.03997 3.03925 3.03858 3.03796 3.0374 3.03689 3.03643 3.03603 3.03568 3.03538 3.03513 3.03492 3.03477 3.03465 3.03458 3.03455 3.03455 3.03459 3.03466 3.03476 3.03488 3.03502 3.03519 3.03537 3.03556 3.03577 
3.02917 3.0294 3.02963 3.02987 3.03011 3.03036 3.03062 3.03087 3.03114 3.0314 3.03168 3.03197 3.03227 3.03258 3.03291 3.03327 3.03364 3.03405 3.03448 3.03495 3.03545 3.036 3.03658 3.03721 3.03788 3.0386 3.03936 3.04016 3.04101 3.04189 3.0428 3.04375 3.04472 3.0457 3.0467 3.0477 3.0487 3.04968 3.05064 3.05157 3.05246 3.05329 3.05407 3.05478 3.05542 3.05598 3.05645 3.05683 3.05711 3.05729 3.05737 3.05735 3.05722 3.057 3.05667 3.05626 3.05575 3.05516 3.0545 3.05377 3.05297 3.05213 3.05124 3.05031 3.04936 3.0484 3.04743 3.04645 3.04549 3.04454 3.04362 3.04273 3.04187 3.04105 3.04027 3.03954 3.03887 3.03824 3.03767 3.03715 3.03669 3.03628 3.03592 3.03562 3.03536 3.03516 3.035 3.03489 3.03481 3.03478 3.03478 3.03482 3.03489 3.03498 3.03511 3.03525 3.03541 3.03559 3.03579 3.036 
3.0294 3.02963 3.02986 3.0301 3.03035 3.0306 3.03086 3.03112 3.03138 3.03166 3.03194 3.03223 3.03254 3.03286 3.03321 3.03357 3.03396 3.03438 3.03484 3.03533 3.03586 3.03643 3.03704 3.0377 3.03841 3.03916 3.03996 3.04081 3.04169 3.04262 3.04359 3.04458 3.0456 3.04664 3.04769 3.04874 3.04979 3.05083 3.05183 3.05281 3.05374 3.05462 3.05544 3.05619 3.05686 3.05745 3.05794 3.05833 3.05863 3.05882 3.0589 3.05887 3.05874 3.0585 3.05816 3.05772 3.05719 3.05657 3.05587 3.0551 3.05426 3.05337 3.05244 3.05146 3.05046 3.04945 3.04842 3.0474 3.04638 3.04539 3.04441 3.04347 3.04257 3.0417 3.04089 3.04012 3.0394 3.03874 3.03814 3.03759 3.0371 3.03667 3.03629 3.03597 3.03569 3.03547 3.0353 3.03518 3.03509 3.03505 3.03505 3.03508 3.03514 3.03523 3.03535 3.03549 3.03565 3.03583 3.03602 3.03623 
3.02964 3.02987 3.0301 3.03035 3.03059 3.03085 3.03111 3.03138 3.03165 3.03193 3.03223 3.03253 3.03286 3.0332 3.03356 3.03395 3.03437 3.03482 3.03531 3.03584 3.03641 3.03703 3.0377 3.03841 3.03918 3.04 3.04087 3.04179 3.04275 3.04376 3.04481 3.04589 3.047 3.04813 3.04927 3.05041 3.05155 3.05266 3.05376 3.05481 3.05582 3.05677 3.05766 3.05847 3.05919 3.05982 3.06035 3.06078 3.06109 3.06129 3.06138 3.06135 3.0612 3.06094 3.06057 3.0601 3.05952 3.05885 3.05809 3.05725 3.05634 3.05538 3.05436 3.05331 3.05222 3.05112 3.05001 3.0489 3.04779 3.04671 3.04565 3.04463 3.04365 3.04271 3.04182 3.04098 3.0402 3.03948 3.03882 3.03822 3.03768 3.0372 3.03679 3.03643 3.03612 3.03587 3.03568 3.03553 3.03542 3.03537 3.03535 3.03536 3.03542 3.0355 3.03561 3.03574 3.0359 3.03608 3.03627 3.03647 
3.02989 3.03011 3.03035 3.03059 3.03085 3.03111 3.03137 3.03165 3.03194 3.03223 3.03255 3.03287 3.03322 3.03359 3.03398 3.03441 3.03487 3.03537 3.03591 3.0365 3.03713 3.03782 3.03856 3.03936 3.04022 3.04113 3.0421 3.04313 3.0442 3.04533 3.0465 3.0477 3.04893 3.05019 3.05145 3.05272 3.05398 3.05522 3.05644 3.0576 3.05872 3.05977 3.06075 3.06164 3.06244 3.06314 3.06372 3.06419 3.06453 3.06475 3.06485 3.06481 3.06464 3.06435 3.06394 3.06341 3.06277 3.06202 3.06118 3.06025 3.05924 3.05817 3.05704 3.05587 3.05467 3.05344 3.0522 3.05097 3.04974 3.04854 3.04736 3.04622 3.04512 3.04407 3.04308 3.04214 3.04127 3.04046 3.03972 3.03904 3.03843 3.03789 3.03741 3.037 3.03665 3.03636 3.03612 3.03594 3.03581 3.03572 3.03568 3.03568 3.03572 3.03579 3.03589 3.03601 3.03616 3.03633 3.03652 3.03672 
3.03014 3.03036 3.0306 3.03085 3.03111 3.03138 3.03165 3.03194 3.03224 3.03256 3.0329 3.03325 3.03363 3.03404 3.03448 3.03495 3.03547 3.03603 3.03664 3.0373 3.03802 3.03881 3.03965 3.04056 3.04153 3.04257 3.04368 3.04484 3.04607 3.04734 3.04867 3.05003 3.05143 3.05285 3.05428 3.05572 3.05714 3.05854 3.0599 3.06122 3.06248 3.06366 3.06476 3.06576 3.06665 3.06743 3.06809 3.06861 3.06899 3.06924 3.06934 3.06929 3.0691 3.06877 3.0683 3.0677 3.06697 3.06613 3.06518 3.06413 3.06299 3.06178 3.06051 3.05919 3.05782 3.05644 3.05504 3.05364 3.05225 3.05089 3.04955 3.04825 3.04701 3.04581 3.04468 3.04361 3.04262 3.04169 3.04084 3.04006 3.03936 3.03873 3.03818 3.0377 3.03728 3.03693 3.03665 3.03642 3.03625 3.03613 3.03606 3.03603 3.03604 3.03609 3.03618 3.03629 3.03643 3.03659 3.03677 3.03697 
3.03039 3.03062 3.03086 3.03111 3.03137 3.03165 3.03195 3.03225 3.03258 3.03292 3.03328 3.03367 3.03409 3.03455 3.03504 3.03558 3.03617 3.03681 3.03751 3.03827 3.0391 3.04 3.04097 3.04202 3.04315 3.04434 3.04562 3.04696 3.04837 3.04983 3.05136 3.05292 3.05452 3.05615 3.05779 3.05943 3.06105 3.06265 3.06421 3.06571 3.06714 3.06848 3.06973 3.07086 3.07188 3.07276 3.0735 3.07409 3.07452 3.07479 3.0749 3.07484 3.07462 3.07424 3.07371 3.07302 3.07219 3.07123 3.07014 3.06894 3.06764 3.06626 3.06481 3.06329 3.06174 3.06015 3.05855 3.05695 3.05536 3.05379 3.05226 3.05077 3.04933 3.04796 3.04665 3.04542 3.04427 3.0432 3.04221 3.0413 3.04048 3.03975 3.03909 3.03852 3.03802 3.0376 3.03725 3.03697 3.03675 3.03658 3.03647 3.03641 3.0364 3.03642 3.03649 3.03658 3.03671 3.03686 3.03703 3.03723 
3.03065 3.03087 3.03112 3.03138 3.03165 3.03194 3.03225 3.03258 3.03293 3.0333 3.03371 3.03414 3.03462 3.03513 3.03569 3.03631 3.03698 3.03772 3.03853 3.03942 3.04038 3.04142 3.04256 3.04377 3.04508 3.04647 3.04795 3.0495 3.05114 3.05284 3.0546 3.05641 3.05826 3.06013 3.06202 3.0639 3.06577 3.06761 3.06939 3.07111 3.07275 3.07429 3.07571 3.07701 3.07817 3.07917 3.08001 3.08068 3.08117 3.08147 3.08159 3.08152 3.08127 3.08083 3.08021 3.07942 3.07846 3.07735 3.07611 3.07473 3.07324 3.07165 3.06998 3.06824 3.06645 3.06462 3.06278 3.06093 3.0591 3.05729 3.05551 3.05379 3.05213 3.05054 3.04902 3.04759 3.04624 3.04499 3.04384 3.04278 3.04181 3.04094 3.04017 3.03948 3.03889 3.03838 3.03795 3.03759 3.03731 3.03709 3.03693 3.03683 3.03678 3.03678 3.03681 3.03689 3.037 3.03714 3.0373 3.03749 
3.03091 3.03114 3.03138 3.03165 3.03194 3.03224 3.03258 3.03293 3.03331 3.03373 3.03418 3.03466 3.0352 3.03579 3.03643 3.03714 3.03793 3.03878 3.03972 3.04075 3.04188 3.0431 3.04442 3.04584 3.04736 3.04898 3.0507 3.05251 3.05441 3.05639 3.05843 3.06053 3.06267 3.06484 3.06702 3.06919 3.07135 3.07346 3.07552 3.07749 3.07937 3.08114 3.08277 3.08426 3.08558 3.08673 3.08768 3.08845 3.089 3.08935 3.08948 3.08939 3.08909 3.08858 3.08787 3.08695 3.08585 3.08458 3.08314 3.08155 3.07984 3.07801 3.07608 3.07407 3.07201 3.0699 3.06777 3.06563 3.06351 3.06141 3.05936 3.05736 3.05543 3.05357 3.05181 3.05014 3.04857 3.0471 3.04575 3.0445 3.04336 3.04234 3.04142 3.0406 3.03988 3.03927 3.03874 3.0383 3.03794 3.03765 3.03744 3.03729 3.03719 3.03715 3.03716 3.03721 3.0373 3.03742 3.03757 3.03775 
3.03118 3.0314 3.03166 3.03193 3.03223 3.03256 3.03292 3.0333 3.03373 3.03419 3.03469 3.03525 3.03586 3.03653 3.03728 3.0381 3.03901 3.04 3.0411 3.0423 3.04362 3.04504 3.04658 3.04824 3.05002 3.05191 3.05392 3.05603 3.05823 3.06053 3.0629 3.06533 3.06781 3.07032 3.07284 3.07535 3.07784 3.08027 3.08263 3.08491 3.08707 3.08909 3.09096 3.09266 3.09418 3.09549 3.09658 3.09745 3.09808 3.09847 3.09861 3.09851 3.09816 3.09757 3.09674 3.09569 3.09442 3.09295 3.0913 3.08947 3.08749 3.08538 3.08316 3.08085 3.07846 3.07603 3.07357 3.0711 3.06864 3.06621 3.06383 3.06151 3.05926 3.05711 3.05505 3.0531 3.05127 3.04955 3.04796 3.0465 3.04516 3.04394 3.04285 3.04188 3.04102 3.04028 3.03964 3.03909 3.03864 3.03828 3.038 3.03779 3.03764 3.03756 3.03753 3.03755 3.03762 3.03772 3.03786 3.03803 
3.03146 3.03168 3.03194 3.03223 3.03255 3.0329 3.03328 3.03371 3.03418 3.03469 3.03526 3.03589 3.03659 3.03737 3.03823 3.03918 3.04024 3.0414 3.04268 3.04409 3.04562 3.04728 3.04908 3.05102 3.05309 3.05529 3.05762 3.06008 3.06264 3.0653 3.06805 3.07086 3.07373 3.07663 3.07953 3.08243 3.08529 3.08809 3.0908 3.09341 3.09588 3.0982 3.10035 3.10229 3.10402 3.10551 3.10676 3.10775 3.10846 3.1089 3.10906 3.10893 3.10853 3.10784 3.10689 3.10568 3.10423 3.10254 3.10064 3.09854 3.09626 3.09384 3.09128 3.08862 3.08587 3.08307 3.08023 3.07738 3.07454 3.07173 3.06897 3.06628 3.06368 3.06117 3.05878 3.05651 3.05437 3.05237 3.05051 3.04879 3.04722 3.04579 3.0445 3.04334 3.04232 3.04143 3.04065 3.03999 3.03944 3.03898 3.03862 3.03834 3.03813 3.038 3.03793 3.03791 3.03795 3.03803 3.03815 3.03831 
3.03174 3.03197 3.03223 3.03253 3.03287 3.03325 3.03367 3.03414 3.03466 3.03525 3.03589 3.03661 3.03742 3.03831 3.03931 3.04042 3.04164 3.043 3.04449 3.04612 3.04791 3.04985 3.05194 3.05419 3.0566 3.05916 3.06187 3.06471 3.06767 3.07075 3.07392 3.07717 3.08048 3.08381 3.08716 3.09048 3.09376 3.09697 3.10008 3.10306 3.10589 3.10854 3.11098 3.1132 3.11517 3.11687 3.11828 3.1194 3.12021 3.1207 3.12087 3.12073 3.12026 3.11947 3.11838 3.11699 3.11533 3.11339 3.11121 3.10881 3.10621 3.10343 3.10049 3.09744 3.09429 3.09106 3.0878 3.08452 3.08125 3.07801 3.07483 3.07172 3.06871 3.06581 3.06304 3.0604 3.05791 3.05558 3.05341 3.0514 3.04956 3.04788 3.04636 3.045 3.04379 3.04272 3.04179 3.041 3.04032 3.03976 3.0393 3.03894 3.03867 3.03847 3.03835 3.0383 3.0383 3.03835 3.03846 3.03861 
3.03204 3.03227 3.03254 3.03286 3.03322 3.03363 3.03409 3.03462 3.0352 3.03586 3.03659 3.03742 3.03834 3.03937 3.04053 3.04181 3.04323 3.0448 3.04654 3.04843 3.05051 3.05276 3.05519 3.0578 3.06059 3.06355 3.06668 3.06996 3.07338 3.07692 3.08057 3.08431 3.0881 3.09192 3.09575 3.09956 3.10331 3.10697 3.11051 3.11391 3.11713 3.12014 3.12292 3.12544 3.12767 3.12959 3.13119 3.13246 3.13337 3.13392 3.13411 3.13394 3.1334 3.1325 3.13125 3.12967 3.12777 3.12557 3.12308 3.12034 3.11737 3.1142 3.11085 3.10736 3.10375 3.10006 3.09633 3.09257 3.08881 3.08509 3.08143 3.07786 3.07439 3.07105 3.06785 3.0648 3.06192 3.05922 3.0567 3.05436 3.05221 3.05025 3.04847 3.04687 3.04544 3.04418 3.04308 3.04212 3.04131 3.04062 3.04006 3.0396 3.03925 3.03899 3.03881 3.03871 3.03867 3.0387 3.03878 3.03891 
3.03235 3.03258 3.03286 3.0332 3.03359 3.03404 3.03455 3.03513 3.03579 3.03653 3.03737 3.03831 3.03937 3.04056 3.04189 3.04337 3.04502 3.04684 3.04885 3.05104 3.05344 3.05604 3.05885 3.06187 3.06508 3.0685 3.07209 3.07586 3.07979 3.08386 3.08804 3.09231 3.09664 3.10101 3.10537 3.1097 3.11397 3.11813 3.12216 3.12601 3.12966 3.13307 3.13621 3.13905 3.14157 3.14374 3.14555 3.14697 3.14799 3.14861 3.14882 3.14861 3.14799 3.14697 3.14556 3.14376 3.1416 3.1391 3.13628 3.13317 3.1298 3.12619 3.12239 3.11842 3.11431 3.11011 3.10585 3.10156 3.09728 3.09302 3.08884 3.08474 3.08077 3.07693 3.07325 3.06974 3.06642 3.0633 3.06039 3.05768 3.05519 3.05291 3.05084 3.04897 3.0473 3.04581 3.04451 3.04338 3.0424 3.04158 3.04089 3.04033 3.03989 3.03955 3.0393 3.03915 3.03907 3.03906 3.03912 3.03923 
3.03268 3.03291 3.03321 3.03356 3.03398 3.03448 3.03504 3.03569 3.03643 3.03728 3.03823 3.03931 3.04053 3.04189 3.04342 3.04513 3.04703 3.04913 3.05144 3.05398 3.05674 3.05973 3.06296 3.06643 3.07012 3.07403 3.07815 3.08246 3.08695 3.09159 3.09636 3.10122 3.10614 3.1111 3.11605 3.12096 3.12579 3.13049 3.13504 3.13939 3.1435 3.14734 3.15087 3.15407 3.1569 3.15934 3.16136 3.16295 3.1641 3.16479 3.16501 3.16477 3.16407 3.16292 3.16132 3.15929 3.15686 3.15403 3.15085 3.14734 3.14353 3.13945 3.13515 3.13066 3.12601 3.12125 3.11642 3.11155 3.10668 3.10184 3.09707 3.09241 3.08787 3.08348 3.07927 3.07526 3.07145 3.06787 3.06452 3.0614 3.05852 3.05589 3.05348 3.05131 3.04937 3.04763 3.04611 3.04477 3.04362 3.04264 3.04182 3.04114 3.04059 3.04016 3.03984 3.03962 3.03949 3.03945 3.03948 3.03958 
3.03304 3.03327 3.03357 3.03395 3.03441 3.03495 3.03558 3.03631 3.03714 3.0381 3.03918 3.04042 3.04181 3.04337 3.04513 3.04709 3.04927 3.05168 3.05434 3.05725 3.06042 3.06385 3.06754 3.0715 3.07572 3.08018 3.08488 3.08979 3.09489 3.10016 3.10556 3.11106 3.11664 3.12224 3.12782 3.13336 3.13879 3.14409 3.14919 3.15407 3.15869 3.16299 3.16695 3.17052 3.17368 3.17641 3.17866 3.18044 3.18171 3.18247 3.18272 3.18244 3.18165 3.18035 3.17856 3.17628 3.17355 3.17038 3.16681 3.16287 3.15858 3.154 3.14916 3.1441 3.13887 3.1335 3.12805 3.12255 3.11704 3.11157 3.10617 3.10088 3.09572 3.09074 3.08595 3.08137 3.07703 3.07293 3.0691 3.06553 3.06223 3.05919 3.05643 3.05392 3.05167 3.04966 3.04788 3.04632 3.04497 3.04381 3.04283 3.04202 3.04135 3.04083 3.04042 3.04014 3.03995 3.03986 3.03986 3.03994 
3.03341 3.03364 3.03396 3.03437 3.03487 3.03547 3.03617 3.03698 3.03793 3.03901 3.04024 3.04164 3.04323 3.04502 3.04703 3.04927 3.05177 3.05452 3.05756 3.06088 3.0645 3.06841 3.07262 3.07713 3.08192 3.08698 3.0923 3.09786 3.10363 3.10958 3.11567 3.12187 3.12814 3.13444 3.14071 3.14691 3.153 3.15892 3.16463 3.17008 3.17523 3.18002 3.18443 3.18841 3.19192 3.19495 3.19745 3.19942 3.20083 3.20167 3.20193 3.20162 3.20073 3.19928 3.19728 3.19474 3.19169 3.18815 3.18416 3.17976 3.17497 3.16985 3.16444 3.15877 3.15291 3.14689 3.14077 3.13459 3.12839 3.12223 3.11615 3.11018 3.10435 3.09872 3.09329 3.08811 3.08318 3.07852 3.07416 3.07009 3.06632 3.06285 3.05968 3.05681 3.05421 3.0519 3.04984 3.04803 3.04646 3.04511 3.04395 3.04299 3.04219 3.04155 3.04106 3.04069 3.04044 3.04031 3.04027 3.04033 
3.03381 3.03405 3.03438 3.03482 3.03537 3.03603 3.03681 3.03772 3.03878 3.04 3.0414 3.043 3.0448 3.04684 3.04913 3.05168 3.05452 3.05766 3.06112 3.06489 3.069 3.07344 3.07821 3.08331 3.08873 3.09445 3.10045 3.10671 3.11319 3.11988 3.12671 3.13366 3.14068 3.14771 3.15472 3.16163 3.16842 3.17501 3.18135 3.18741 3.19311 3.19843 3.20331 3.20771 3.2116 3.21494 3.21771 3.21988 3.22143 3.22235 3.22264 3.22228 3.22129 3.21968 3.21746 3.21464 3.21125 3.20733 3.2029 3.19801 3.1927 3.187 3.18098 3.17467 3.16813 3.16142 3.15458 3.14768 3.14075 3.13385 3.12703 3.12032 3.11378 3.10744 3.10133 3.09548 3.08992 3.08466 3.07971 3.0751 3.07082 3.06688 3.06326 3.05998 3.05702 3.05436 3.052 3.04992 3.0481 3.04653 3.04518 3.04405 3.04311 3.04235 3.04175 3.04129 3.04098 3.04078 3.04071 3.04074 
3.03424 3.03448 3.03484 3.03531 3.03591 3.03664 3.03751 3.03853 3.03972 3.0411 3.04268 3.04449 3.04654 3.04885 3.05144 3.05434 3.05756 3.06112 3.06503 3.0693 3.07394 3.07895 3.08433 3.09007 3.09616 3.10259 3.10932 3.11633 3.12359 3.13106 3.13869 3.14643 3.15424 3.16206 3.16984 3.17752 3.18503 3.19232 3.19934 3.20603 3.21233 3.21819 3.22356 3.22841 3.23268 3.23636 3.23939 3.24177 3.24347 3.24448 3.24479 3.24439 3.2433 3.24152 3.23906 3.23595 3.23222 3.22789 3.223 3.2176 3.21173 3.20543 3.19876 3.19178 3.18453 3.17709 3.16949 3.16182 3.15411 3.14642 3.13881 3.13133 3.12402 3.11692 3.11007 3.10351 3.09726 3.09134 3.08578 3.08057 3.07574 3.07128 3.06718 3.06346 3.06009 3.05706 3.05437 3.05198 3.04989 3.04808 3.04652 3.04521 3.04411 3.04321 3.04249 3.04195 3.04155 3.0413 3.04118 3.04119 
3.03471 3.03495 3.03533 3.03584 3.0365 3.0373 3.03827 3.03942 3.04075 3.0423 3.04409 3.04612 3.04843 3.05104 3.05398 3.05725 3.06088 3.06489 3.0693 3.0741 3.07932 3.08495 3.09098 3.09742 3.10423 3.11141 3.11893 3.12674 3.13482 3.14312 3.15159 3.16018 3.16883 3.17748 3.18607 3.19454 3.20282 3.21085 3.21856 3.22591 3.23282 3.23925 3.24514 3.25044 3.25512 3.25914 3.26245 3.26505 3.2669 3.268 3.26833 3.26789 3.26669 3.26473 3.26203 3.25863 3.25453 3.24978 3.24442 3.23848 3.23203 3.2251 3.21777 3.21007 3.20209 3.19387 3.18548 3.17699 3.16846 3.15994 3.1515 3.14319 3.13506 3.12715 3.11952 3.1122 3.10521 3.09859 3.09235 3.08652 3.08108 3.07606 3.07145 3.06725 3.06343 3.06001 3.05694 3.05423 3.05185 3.04977 3.04799 3.04647 3.0452 3.04415 3.04331 3.04265 3.04218 3.04186 3.04169 3.04167 
3.03521 3.03545 3.03586 3.03641 3.03713 3.03802 3.0391 3.04038 3.04188 3.04362 3.04562 3.04791 3.05051 3.05344 3.05674 3.06042 3.0645 3.069 3.07394 3.07932 3.08516 3.09145 3.09818 3.10535 3.11294 3.12092 3.12926 3.13793 3.14688 3.15605 3.16541 3.17488 3.18441 3.19392 3.20336 3.21266 3.22173 3.23053 3.23897 3.247 3.25454 3.26155 3.26797 3.27375 3.27884 3.28321 3.28681 3.28963 3.29164 3.29282 3.29317 3.29269 3.29138 3.28924 3.2863 3.28258 3.27812 3.27294 3.26708 3.2606 3.25355 3.24597 3.23794 3.22951 3.22075 3.21173 3.20252 3.19318 3.18378 3.17439 3.16507 3.15589 3.14689 3.13814 3.12968 3.12154 3.11378 3.1064 3.09945 3.09293 3.08686 3.08124 3.07607 3.07135 3.06706 3.0632 3.05974 3.05667 3.05397 3.05161 3.04958 3.04784 3.04637 3.04516 3.04418 3.04342 3.04285 3.04246 3.04224 3.04218 
3.03574 3.036 3.03643 3.03703 3.03782 3.03881 3.04 3.04142 3.0431 3.04504 3.04728 3.04985 3.05276 3.05604 3.05973 3.06385 3.06841 3.07344 3.07895 3.08495 3.09145 3.09844 3.10592 3.11387 3.12228 3.1311 3.14032 3.14988 3.15973 3.16983 3.18011 3.1905 3.20094 3.21136 3.22168 3.23182 3.24172 3.2513 3.26049 3.26921 3.27741 3.28502 3.29198 3.29823 3.30374 3.30847 3.31236 3.31541 3.31757 3.31885 3.31922 3.31869 3.31727 3.31495 3.31177 3.30773 3.30289 3.29727 3.29091 3.28387 3.2762 3.26796 3.25921 3.25003 3.24047 3.23062 3.22055 3.21033 3.20003 3.18973 3.1795 3.1694 3.1595 3.14986 3.14052 3.13153 3.12294 3.11477 3.10706 3.09982 3.09307 3.08681 3.08104 3.07577 3.07097 3.06664 3.06276 3.05931 3.05627 3.0536 3.0513 3.04932 3.04765 3.04626 3.04513 3.04424 3.04357 3.04311 3.04283 3.04274 
3.03632 3.03658 3.03704 3.0377 3.03856 3.03965 3.04097 3.04256 3.04442 3.04658 3.04908 3.05194 3.05519 3.05885 3.06296 3.06754 3.07262 3.07821 3.08433 3.09098 3.09818 3.10592 3.11418 3.12296 3.13222 3.14194 3.15207 3.16256 3.17336 3.18442 3.19565 3.207 3.21838 3.22972 3.24095 3.25197 3.26271 3.27309 3.28303 3.29247 3.30133 3.30954 3.31704 3.32379 3.32972 3.3348 3.33899 3.34226 3.34459 3.34596 3.34636 3.34578 3.34424 3.34174 3.33831 3.33396 3.32873 3.32267 3.3158 3.3082 3.2999 3.29098 3.28151 3.27155 3.26118 3.25048 3.23952 3.2284 3.21717 3.20593 3.19475 3.18371 3.17286 3.16228 3.15203 3.14215 3.13269 3.12369 3.11517 3.10717 3.0997 3.09276 3.08637 3.0805 3.07517 3.07034 3.06601 3.06215 3.05873 3.05574 3.05314 3.05091 3.04902 3.04744 3.04615 3.04513 3.04435 3.0438 3.04347 3.04334 
3.03694 3.03721 3.0377 3.03841 3.03936 3.04056 3.04202 3.04377 3.04584 3.04824 3.05102 3.05419 3.0578 3.06187 3.06643 3.0715 3.07713 3.08331 3.09007 3.09742 3.10535 3.11387 3.12296 3.1326 3.14276 3.1534 3.16448 3.17594 3.18772 3.19976 3.21198 3.22431 3.23666 3.24895 3.26109 3.273 3.2846 3.29579 3.3065 3.31666 3.32618 3.33499 3.34305 3.35028 3.35664 3.36208 3.36656 3.37006 3.37255 3.37401 3.37443 3.37381 3.37215 3.36948 3.36579 3.36113 3.35552 3.34901 3.34164 3.33346 3.32454 3.31494 3.30473 3.29399 3.28279 3.27122 3.25936 3.24731 3.23513 3.22293 3.21077 3.19874 3.18692 3.17538 3.16417 3.15336 3.143 3.13313 3.12378 3.11498 3.10675 3.0991 3.09203 3.08555 3.07964 3.07429 3.06947 3.06518 3.06137 3.05803 3.05512 3.05262 3.05049 3.04871 3.04724 3.04608 3.04518 3.04455 3.04415 3.04398 
3.0376 3.03788 3.03841 3.03918 3.04022 3.04153 3.04315 3.04508 3.04736 3.05002 3.05309 3.0566 3.06059 3.06508 3.07012 3.07572 3.08192 3.08873 3.09616 3.10423 3.11294 3.12228 3.13222 3.14276 3.15385 3.16545 3.1775 3.18996 3.20275 3.2158 3.22903 3.24236 3.25569 3.26894 3.28202 3.29483 3.30729 3.3193 3.33078 3.34165 3.35183 3.36125 3.36985 3.37757 3.38435 3.39014 3.39492 3.39864 3.40129 3.40284 3.40328 3.40262 3.40086 3.398 3.39407 3.3891 3.38311 3.37615 3.36828 3.35953 3.34999 3.3397 3.32875 3.31722 3.30519 3.29275 3.27998 3.26698 3.25384 3.24065 3.22749 3.21446 3.20164 3.1891 3.17691 3.16514 3.15384 3.14306 3.13284 3.12321 3.11419 3.10579 3.09803 3.09089 3.08438 3.07847 3.07316 3.0684 3.06418 3.06047 3.05723 3.05444 3.05206 3.05006 3.04841 3.04709 3.04607 3.04534 3.04487 3.04466 
3.03831 3.0386 3.03916 3.04 3.04113 3.04257 3.04434 3.04647 3.04898 3.05191 3.05529 3.05916 3.06355 3.0685 3.07403 3.08018 3.08698 3.09445 3.10259 3.11141 3.12092 3.1311 3.14194 3.1534 3.16545 3.17803 3.19109 3.20457 3.21839 3.23247 3.24672 3.26106 3.27539 3.28961 3.30362 3.31734 3.33065 3.34348 3.35572 3.36731 3.37814 3.38817 3.3973 3.4055 3.41269 3.41884 3.4239 3.42784 3.43064 3.43228 3.43275 3.43205 3.43017 3.42714 3.42297 3.41769 3.41134 3.40395 3.39557 3.38627 3.3761 3.36514 3.35346 3.34114 3.32828 3.31496 3.30127 3.28732 3.2732 3.25901 3.24484 3.23079 3.21695 3.20339 3.19019 3.17743 3.16517 3.15345 3.14233 3.13184 3.122 3.11283 3.10434 3.09652 3.08938 3.08289 3.07704 3.0718 3.06715 3.06305 3.05946 3.05636 3.05372 3.05149 3.04965 3.04817 3.04702 3.04619 3.04565 3.04539 
3.03906 3.03936 3.03996 3.04087 3.0421 3.04368 3.04562 3.04795 3.0507 3.05392 3.05762 3.06187 3.06668 3.07209 3.07815 3.08488 3.0923 3.10045 3.10932 3.11893 3.12926 3.14032 3.15207 3.16448 3.1775 3.19109 3.20518 3.2197 3.23456 3.24968 3.26497 3.28032 3.29564 3.31083 3.32578 3.34039 3.35456 3.36819 3.3812 3.39348 3.40496 3.41557 3.42524 3.43389 3.44149 3.44798 3.45331 3.45747 3.46042 3.46215 3.46265 3.4619 3.45993 3.45673 3.45233 3.44675 3.44004 3.43223 3.42337 3.41351 3.40274 3.39111 3.3787 3.36561 3.35192 3.33772 3.32312 3.30822 3.29312 3.27793 3.26274 3.24765 3.23277 3.21818 3.20396 3.19019 3.17694 3.16427 3.15222 3.14084 3.13015 3.12018 3.11094 3.10242 3.09462 3.08753 3.08113 3.07538 3.07027 3.06576 3.06181 3.0584 3.05547 3.053 3.05096 3.0493 3.04802 3.04708 3.04647 3.04616 
3.03985 3.04016 3.04081 3.04179 3.04313 3.04484 3.04696 3.0495 3.05251 3.05603 3.06008 3.06471 3.06996 3.07586 3.08246 3.08979 3.09786 3.10671 3.11633 3.12674 3.13793 3.14988 3.16256 3.17594 3.18996 3.20457 3.2197 3.23526 3.25117 3.26733 3.28366 3.30003 3.31634 3.33249 3.34837 3.36387 3.37888 3.3933 3.40704 3.42001 3.43212 3.4433 3.45347 3.46258 3.47056 3.47738 3.48299 3.48735 3.49045 3.49226 3.49278 3.492 3.48993 3.48657 3.48195 3.47609 3.46903 3.46081 3.45148 3.4411 3.42973 3.41745 3.40434 3.39048 3.37597 3.36092 3.34541 3.32957 3.31349 3.29729 3.28108 3.26496 3.24903 3.23339 3.21814 3.20335 3.18909 3.17544 3.16245 3.15016 3.13861 3.12782 3.1178 3.10855 3.10008 3.09236 3.08539 3.07912 3.07354 3.0686 3.06428 3.06053 3.05731 3.05459 3.05233 3.0505 3.04907 3.04802 3.04733 3.04698 
3.04068 3.04101 3.04169 3.04275 3.0442 3.04607 3.04837 3.05114 3.05441 3.05823 3.06264 3.06767 3.07338 3.07979 3.08695 3.09489 3.10363 3.11319 3.12359 3.13482 3.14688 3.15973 3.17336 3.18772 3.20275 3.21839 3.23456 3.25117 3.26813 3.28534 3.30269 3.32007 3.33737 3.35447 3.37125 3.38762 3.40345 3.41864 3.4331 3.44673 3.45945 3.47117 3.48184 3.49137 3.49973 3.50686 3.51272 3.51729 3.52052 3.52242 3.52296 3.52215 3.51998 3.51647 3.51165 3.50552 3.49813 3.48952 3.47974 3.46885 3.45691 3.444 3.4302 3.4156 3.4003 3.3844 3.36801 3.35123 3.33419 3.317 3.29977 3.28261 3.26564 3.24895 3.23266 3.21683 3.20157 3.18693 3.17298 3.15977 3.14733 3.1357 3.12488 3.1149 3.10573 3.09738 3.08981 3.08301 3.07694 3.07156 3.06685 3.06275 3.05923 3.05625 3.05377 3.05175 3.05018 3.04901 3.04823 3.04783 
3.04155 3.04189 3.04262 3.04376 3.04533 3.04734 3.04983 3.05284 3.05639 3.06053 3.0653 3.07075 3.07692 3.08386 3.09159 3.10016 3.10958 3.11988 3.13106 3.14312 3.15605 3.16983 3.18442 3.19976 3.2158 3.23247 3.24968 3.26733 3.28534 3.30358 3.32195 3.34032 3.35858 3.37661 3.39428 3.41149 3.42811 3.44405 3.4592 3.47347 3.48677 3.49901 3.51014 3.52009 3.5288 3.53623 3.54233 3.54708 3.55045 3.55242 3.55299 3.55215 3.5499 3.54625 3.54123 3.53485 3.52715 3.51818 3.50797 3.49659 3.48411 3.4706 3.45614 3.44082 3.42475 3.40803 3.39077 3.37309 3.3551 3.33692 3.31868 3.3005 3.28249 3.26477 3.24743 3.23057 3.21429 3.19866 3.18374 3.1696 3.15627 3.14378 3.13217 3.12142 3.11155 3.10254 3.09437 3.08702 3.08045 3.07462 3.0695 3.06505 3.06122 3.05797 3.05526 3.05305 3.05132 3.05004 3.04918 3.04872 
3.04245 3.0428 3.04359 3.04481 3.0465 3.04867 3.05136 3.0546 3.05843 3.0629 3.06805 3.07392 3.08057 3.08804 3.09636 3.10556 3.11567 3.12671 3.13869 3.15159 3.16541 3.18011 3.19565 3.21198 3.22903 3.24672 3.26497 3.28366 3.30269 3.32195 3.34131 3.36065 3.37985 3.39878 3.41732 3.43534 3.45273 3.46938 3.48519 3.50006 3.5139 3.52665 3.53821 3.54854 3.55759 3.56529 3.57162 3.57654 3.58004 3.58209 3.58268 3.58181 3.57948 3.57571 3.5705 3.56389 3.55591 3.54659 3.53599 3.52415 3.51116 3.49707 3.48198 3.46598 3.44917 3.43166 3.41356 3.39499 3.37608 3.35694 3.33772 3.31853 3.2995 3.28074 3.26236 3.24448 3.22719 3.21056 3.19468 3.1796 3.16537 3.15203 3.1396 3.12809 3.1175 3.10783 3.09904 3.09113 3.08405 3.07777 3.07224 3.06742 3.06327 3.05974 3.0568 3.0544 3.05251 3.0511 3.05016 3.04965 
3.04338 3.04375 3.04458 3.04589 3.0477 3.05003 3.05292 3.05641 3.06053 3.06533 3.07086 3.07717 3.08431 3.09231 3.10122 3.11106 3.12187 3.13366 3.14643 3.16018 3.17488 3.1905 3.207 3.22431 3.24236 3.26106 3.28032 3.30003 3.32007 3.34032 3.36065 3.38094 3.40105 3.42084 3.4402 3.459 3.47712 3.49445 3.51088 3.52632 3.54069 3.55389 3.56587 3.57656 3.5859 3.59387 3.6004 3.60549 3.6091 3.61122 3.61183 3.61094 3.60855 3.60466 3.59929 3.59247 3.58422 3.57459 3.56361 3.55135 3.53788 3.52325 3.50757 3.49092 3.47341 3.45514 3.43623 3.41681 3.397 3.37694 3.35675 3.33657 3.31654 3.29676 3.27737 3.25848 3.24018 3.22257 3.20572 3.18971 3.17458 3.16038 3.14713 3.13486 3.12355 3.1132 3.1038 3.09532 3.08773 3.08098 3.07503 3.06984 3.06537 3.06156 3.05838 3.05578 3.05373 3.0522 3.05116 3.0506 
3.04434 3.04472 3.0456 3.047 3.04893 3.05143 3.05452 3.05826 3.06267 3.06781 3.07373 3.08048 3.0881 3.09664 3.10614 3.11664 3.12814 3.14068 3.15424 3.16883 3.18441 3.20094 3.21838 3.23666 3.25569 3.27539 3.29564 3.31634 3.33737 3.35858 3.37985 3.40105 3.42203 3.44265 3.4628 3.48234 3.50115 3.51912 3.53613 3.55211 3.56695 3.58058 3.59294 3.60395 3.61358 3.62178 3.62851 3.63374 3.63746 3.63964 3.64028 3.63937 3.63692 3.63293 3.62742 3.6204 3.61192 3.60199 3.59068 3.57803 3.5641 3.54898 3.53274 3.51548 3.4973 3.47831 3.45864 3.4384 3.41773 3.39677 3.37566 3.35452 3.33351 3.31275 3.29236 3.27247 3.25318 3.2346 3.2168 3.19986 3.18384 3.16879 3.15473 3.14168 3.12966 3.11864 3.10862 3.09957 3.09145 3.08423 3.07787 3.07231 3.06751 3.06341 3.05999 3.05719 3.05498 3.05332 3.0522 3.05158 
3.04531 3.0457 3.04664 3.04813 3.05019 3.05285 3.05615 3.06013 3.06484 3.07032 3.07663 3.08381 3.09192 3.10101 3.1111 3.12224 3.13444 3.14771 3.16206 3.17748 3.19392 3.21136 3.22972 3.24895 3.26894 3.28961 3.31083 3.33249 3.35447 3.37661 3.39878 3.42084 3.44265 3.46407 3.48497 3.5052 3.52466 3.54322 3.56078 3.57725 3.59253 3.60656 3.61926 3.63057 3.64046 3.64887 3.65577 3.66114 3.66495 3.66719 3.66786 3.66694 3.66443 3.66035 3.65471 3.64753 3.63883 3.62864 3.61702 3.60402 3.58968 3.5741 3.55734 3.53951 3.52071 3.50105 3.48064 3.45963 3.43814 3.41632 3.39432 3.37226 3.3503 3.32858 3.30722 3.28636 3.26611 3.24657 3.22783 3.20999 3.19309 3.17719 3.16233 3.14852 3.13578 3.1241 3.11346 3.10384 3.09521 3.08752 3.08073 3.0748 3.06966 3.06529 3.06162 3.05862 3.05624 3.05446 3.05324 3.05257 
3.04629 3.0467 3.04769 3.04927 3.05145 3.05428 3.05779 3.06202 3.06702 3.07284 3.07953 3.08716 3.09575 3.10537 3.11605 3.12782 3.14071 3.15472 3.16984 3.18607 3.20336 3.22168 3.24095 3.26109 3.28202 3.30362 3.32578 3.34837 3.37125 3.39428 3.41732 3.4402 3.4628 3.48497 3.50656 3.52744 3.5475 3.56661 3.58468 3.60159 3.61728 3.63166 3.64467 3.65626 3.66637 3.67497 3.68203 3.68752 3.69142 3.69372 3.69441 3.69348 3.69093 3.68678 3.68102 3.67369 3.6648 3.65439 3.64249 3.62916 3.61446 3.59845 3.58123 3.56287 3.54349 3.52319 3.5021 3.48036 3.4581 3.43547 3.4126 3.38967 3.3668 3.34415 3.32186 3.30005 3.27886 3.2584 3.23875 3.22002 3.20226 3.18553 3.16988 3.15532 3.14187 3.12953 3.11828 3.1081 3.09896 3.0908 3.0836 3.07729 3.07183 3.06717 3.06326 3.06006 3.05752 3.05561 3.0543 3.05358 
3.04727 3.0477 3.04874 3.05041 3.05272 3.05572 3.05943 3.0639 3.06919 3.07535 3.08243 3.09048 3.09956 3.1097 3.12096 3.13336 3.14691 3.16163 3.17752 3.19454 3.21266 3.23182 3.25197 3.273 3.29483 3.31734 3.34039 3.36387 3.38762 3.41149 3.43534 3.459 3.48234 3.5052 3.52744 3.54893 3.56954 3.58916 3.60768 3.62501 3.64106 3.65576 3.66905 3.68088 3.6912 3.69997 3.70716 3.71276 3.71673 3.71908 3.71979 3.71885 3.71628 3.71206 3.70621 3.69875 3.6897 3.67908 3.66695 3.65333 3.6383 3.62191 3.60425 3.58541 3.56549 3.54461 3.52289 3.50047 3.47748 3.45407 3.4304 3.40663 3.3829 3.35936 3.33617 3.31346 3.29137 3.27001 3.24948 3.22988 3.21128 3.19375 3.17733 3.16204 3.1479 3.13491 3.12306 3.11233 3.10267 3.09406 3.08644 3.07977 3.07399 3.06905 3.0649 3.06149 3.05879 3.05676 3.05536 3.05459 
3.04825 3.0487 3.04979 3.05155 3.05398 3.05714 3.06105 3.06577 3.07135 3.07784 3.08529 3.09376 3.10331 3.11397 3.12579 3.13879 3.153 3.16842 3.18503 3.20282 3.22173 3.24172 3.26271 3.2846 3.30729 3.33065 3.35456 3.37888 3.40345 3.42811 3.45273 3.47712 3.50115 3.52466 3.5475 3.56954 3.59066 3.61074 3.62968 3.64737 3.66375 3.67873 3.69227 3.70431 3.7148 3.72372 3.73103 3.73672 3.74076 3.74316 3.74389 3.74295 3.74035 3.73608 3.73015 3.72259 3.7134 3.70261 3.69026 3.67639 3.66106 3.64433 3.62629 3.60701 3.58661 3.56519 3.54288 3.51982 3.49615 3.47203 3.4476 3.42303 3.39848 3.37411 3.35006 3.32649 3.30353 3.28131 3.25993 3.2395 3.2201 3.20179 3.18461 3.16862 3.15381 3.14019 3.12776 3.11648 3.10633 3.09727 3.08925 3.08222 3.07612 3.0709 3.06652 3.06292 3.06006 3.0579 3.05642 3.05559 
3.04921 3.04968 3.05083 3.05266 3.05522 3.05854 3.06265 3.06761 3.07346 3.08027 3.08809 3.09697 3.10697 3.11813 3.13049 3.14409 3.15892 3.17501 3.19232 3.21085 3.23053 3.2513 3.27309 3.29579 3.3193 3.34348 3.36819 3.3933 3.41864 3.44405 3.46938 3.49445 3.51912 3.54322 3.56661 3.58916 3.61074 3.63124 3.65054 3.66856 3.68523 3.70046 3.71421 3.72643 3.73708 3.74612 3.75354 3.7593 3.76341 3.76584 3.76659 3.76566 3.76304 3.75873 3.75274 3.74509 3.73578 3.72485 3.71231 3.69823 3.68264 3.66561 3.64722 3.62755 3.60671 3.5848 3.56196 3.53831 3.51402 3.48922 3.46409 3.43878 3.41346 3.38829 3.36344 3.33905 3.31527 3.29223 3.27004 3.24882 3.22864 3.20958 3.19169 3.17501 3.15955 3.14533 3.13233 3.12053 3.10991 3.10041 3.092 3.08461 3.0782 3.07272 3.06811 3.06431 3.0613 3.05902 3.05745 3.05657 
3.05016 3.05064 3.05183 3.05376 3.05644 3.0599 3.06421 3.06939 3.07552 3.08263 3.0908 3.10008 3.11051 3.12216 3.13504 3.14919 3.16463 3.18135 3.19934 3.21856 3.23897 3.26049 3.28303 3.3065 3.33078 3.35572 3.3812 3.40704 3.4331 3.4592 3.48519 3.51088 3.53613 3.56078 3.58468 3.60768 3.62968 3.65054 3.67017 3.68848 3.7054 3.72085 3.73479 3.74716 3.75794 3.76709 3.77459 3.78042 3.78458 3.78705 3.78782 3.78689 3.78426 3.77992 3.77388 3.76616 3.75676 3.7457 3.73302 3.71875 3.70293 3.68564 3.66694 3.64692 3.62568 3.60334 3.58 3.55583 3.53096 3.50554 3.47975 3.45376 3.42772 3.40182 3.37621 3.35105 3.32649 3.30268 3.27973 3.25775 3.23684 3.21707 3.19849 3.18116 3.16509 3.15028 3.13674 3.12445 3.11336 3.10344 3.09465 3.08693 3.08023 3.07449 3.06965 3.06567 3.06251 3.06012 3.05847 3.05754 
3.05107 3.05157 3.05281 3.05481 3.0576 3.06122 3.06571 3.07111 3.07749 3.08491 3.09341 3.10306 3.11391 3.12601 3.13939 3.15407 3.17008 3.18741 3.20603 3.22591 3.247 3.26921 3.29247 3.31666 3.34165 3.36731 3.39348 3.42001 3.44673 3.47347 3.50006 3.52632 3.55211 3.57725 3.60159 3.62501 3.64737 3.66856 3.68848 3.70705 3.72418 3.73982 3.75391 3.76642 3.7773 3.78654 3.79411 3.80001 3.80421 3.80671 3.8075 3.80657 3.80393 3.79958 3.79351 3.78573 3.77625 3.76509 3.75228 3.73785 3.72185 3.70433 3.68536 3.66504 3.64345 3.6207 3.59693 3.57227 3.54687 3.5209 3.49451 3.46788 3.44118 3.41459 3.38828 3.36241 3.33713 3.31259 3.28892 3.26624 3.24463 3.22419 3.20497 3.18702 3.17037 3.15501 3.14096 3.12819 3.11667 3.10635 3.0972 3.08916 3.08217 3.07618 3.07114 3.06698 3.06367 3.06117 3.05944 3.05847 
3.05194 3.05246 3.05374 3.05582 3.05872 3.06248 3.06714 3.07275 3.07937 3.08707 3.09588 3.10589 3.11713 3.12966 3.1435 3.15869 3.17523 3.19311 3.21233 3.23282 3.25454 3.27741 3.30133 3.32618 3.35183 3.37814 3.40496 3.43212 3.45945 3.48677 3.5139 3.54069 3.56695 3.59253 3.61728 3.64106 3.66375 3.68523 3.7054 3.72418 3.7415 3.75729 3.77152 3.78413 3.79511 3.80442 3.81205 3.81799 3.82223 3.82476 3.82556 3.82465 3.82201 3.81764 3.81154 3.80372 3.79419 3.78295 3.77004 3.75548 3.73931 3.7216 3.7024 3.6818 3.6599 3.63681 3.61265 3.58755 3.56168 3.5352 3.50826 3.48105 3.45375 3.42653 3.39957 3.37304 3.3471 3.32189 3.29755 3.27421 3.25197 3.2309 3.21108 3.19255 3.17535 3.15948 3.14495 3.13173 3.11979 3.10911 3.09962 3.09127 3.08402 3.0778 3.07255 3.06823 3.06479 3.06218 3.06038 3.05936 
3.05276 3.05329 3.05462 3.05677 3.05977 3.06366 3.06848 3.07429 3.08114 3.08909 3.0982 3.10854 3.12014 3.13307 3.14734 3.16299 3.18002 3.19843 3.21819 3.23925 3.26155 3.28502 3.30954 3.33499 3.36125 3.38817 3.41557 3.4433 3.47117 3.49901 3.52665 3.55389 3.58058 3.60656 3.63166 3.65576 3.67873 3.70046 3.72085 3.73982 3.75729 3.77322 3.78755 3.80026 3.81131 3.82068 3.82836 3.83434 3.83861 3.84115 3.84198 3.84107 3.83843 3.83406 3.82795 3.8201 3.81052 3.79922 3.78622 3.77155 3.75525 3.73738 3.71798 3.69715 3.67498 3.65158 3.62707 3.60159 3.5753 3.54836 3.52093 3.4932 3.46535 3.43756 3.41001 3.38288 3.35632 3.33051 3.30556 3.28162 3.25878 3.23714 3.21676 3.1977 3.17999 3.16365 3.14867 3.13503 3.12272 3.11168 3.10188 3.09326 3.08575 3.07931 3.07388 3.0694 3.06583 3.06313 3.06126 3.0602 
3.05353 3.05407 3.05544 3.05766 3.06075 3.06476 3.06973 3.07571 3.08277 3.09096 3.10035 3.11098 3.12292 3.13621 3.15087 3.16695 3.18443 3.20331 3.22356 3.24514 3.26797 3.29198 3.31704 3.34305 3.36985 3.3973 3.42524 3.45347 3.48184 3.51014 3.53821 3.56587 3.59294 3.61926 3.64467 3.66905 3.69227 3.71421 3.73479 3.75391 3.77152 3.78755 3.80198 3.81476 3.82586 3.83528 3.843 3.84901 3.8533 3.85587 3.85671 3.85581 3.85318 3.8488 3.84268 3.83481 3.8252 3.81386 3.80079 3.78604 3.76963 3.75161 3.73205 3.71102 3.68861 3.66494 3.64013 3.61432 3.58765 3.5603 3.53244 3.50425 3.47591 3.44761 3.41953 3.39185 3.36475 3.33838 3.31288 3.28839 3.26501 3.24285 3.22197 3.20243 3.18426 3.16748 3.15209 3.13808 3.12541 3.11406 3.10397 3.09508 3.08735 3.08071 3.07511 3.07049 3.0668 3.06401 3.06208 3.06098 
3.05423 3.05478 3.05619 3.05847 3.06164 3.06576 3.07086 3.07701 3.08426 3.09266 3.10229 3.1132 3.12544 3.13905 3.15407 3.17052 3.18841 3.20771 3.22841 3.25044 3.27375 3.29823 3.32379 3.35028 3.37757 3.4055 3.43389 3.46258 3.49137 3.52009 3.54854 3.57656 3.60395 3.63057 3.65626 3.68088 3.70431 3.72643 3.74716 3.76642 3.78413 3.80026 3.81476 3.82759 3.83875 3.8482 3.85595 3.86199 3.8663 3.86888 3.86973 3.86885 3.86622 3.86185 3.85572 3.84784 3.83821 3.82683 3.81371 3.79889 3.78238 3.76425 3.74455 3.72335 3.70075 3.67685 3.65178 3.62567 3.59868 3.57098 3.54273 3.51413 3.48536 3.45661 3.42806 3.39991 3.37231 3.34545 3.31946 3.29448 3.27063 3.248 3.22667 3.20669 3.18811 3.17094 3.15518 3.14083 3.12786 3.11621 3.10586 3.09675 3.08881 3.08199 3.07623 3.07148 3.06769 3.06481 3.06282 3.06169 
3.05486 3.05542 3.05686 3.05919 3.06244 3.06665 3.07188 3.07817 3.08558 3.09418 3.10402 3.11517 3.12767 3.14157 3.1569 3.17368 3.19192 3.2116 3.23268 3.25512 3.27884 3.30374 3.32972 3.35664 3.38435 3.41269 3.44149 3.47056 3.49973 3.5288 3.55759 3.5859 3.61358 3.64046 3.66637 3.6912 3.7148 3.73708 3.75794 3.7773 3.79511 3.81131 3.82586 3.83875 3.84994 3.85943 3.8672 3.87325 3.87758 3.88018 3.88104 3.88017 3.87755 3.87318 3.86705 3.85916 3.84951 3.8381 3.82495 3.81007 3.79349 3.77527 3.75545 3.73411 3.71134 3.68724 3.66195 3.63559 3.60833 3.58032 3.55174 3.52279 3.49364 3.4645 3.43555 3.40698 3.37896 3.35167 3.32525 3.29985 3.27558 3.25254 3.23081 3.21045 3.19151 3.174 3.15792 3.14327 3.13002 3.11812 3.10754 3.09822 3.0901 3.08312 3.07723 3.07236 3.06848 3.06553 3.06349 3.06233 
3.0554 3.05598 3.05745 3.05982 3.06314 3.06743 3.07276 3.07917 3.08673 3.09549 3.10551 3.11687 3.12959 3.14374 3.15934 3.17641 3.19495 3.21494 3.23636 3.25914 3.28321 3.30847 3.3348 3.36208 3.39014 3.41884 3.44798 3.47738 3.50686 3.53623 3.56529 3.59387 3.62178 3.64887 3.67497 3.69997 3.72372 3.74612 3.76709 3.78654 3.80442 3.82068 3.83528 3.8482 3.85943 3.86893 3.87673 3.88279 3.88713 3.88974 3.89062 3.88976 3.88714 3.88278 3.87665 3.86876 3.8591 3.84767 3.83448 3.81956 3.80293 3.78462 3.76471 3.74325 3.72034 3.69609 3.67061 3.64404 3.61654 3.58828 3.55943 3.53018 3.50072 3.47124 3.44195 3.41303 3.38465 3.357 3.33021 3.30445 3.27982 3.25643 3.23437 3.21369 3.19444 3.17663 3.16028 3.14537 3.13188 3.11977 3.109 3.0995 3.09122 3.08411 3.0781 3.07313 3.06917 3.06616 3.06408 3.06289 
3.05587 3.05645 3.05794 3.06035 3.06372 3.06809 3.0735 3.08001 3.08768 3.09658 3.10676 3.11828 3.13119 3.14555 3.16136 3.17866 3.19745 3.21771 3.23939 3.26245 3.28681 3.31236 3.33899 3.36656 3.39492 3.4239 3.45331 3.48299 3.51272 3.54233 3.57162 3.6004 3.62851 3.65577 3.68203 3.70716 3.73103 3.75354 3.77459 3.79411 3.81205 3.82836 3.843 3.85595 3.8672 3.87673 3.88453 3.89061 3.89496 3.89758 3.89847 3.89761 3.89501 3.89065 3.88452 3.87662 3.86695 3.85551 3.8423 3.82734 3.81066 3.79229 3.7723 3.75075 3.72773 3.70334 3.67771 3.65098 3.62329 3.59482 3.56574 3.53625 3.50653 3.47679 3.44722 3.41801 3.38934 3.36138 3.33431 3.30825 3.28333 3.25965 3.23731 3.21637 3.19686 3.17881 3.16224 3.14712 3.13344 3.12115 3.11021 3.10056 3.09216 3.08493 3.07882 3.07378 3.06975 3.06669 3.06457 3.06336 
3.05624 3.05683 3.05833 3.06078 3.06419 3.06861 3.07409 3.08068 3.08845 3.09745 3.10775 3.1194 3.13246 3.14697 3.16295 3.18044 3.19942 3.21988 3.24177 3.26505 3.28963 3.31541 3.34226 3.37006 3.39864 3.42784 3.45747 3.48735 3.51729 3.54708 3.57654 3.60549 3.63374 3.66114 3.68752 3.71276 3.73672 3.7593 3.78042 3.80001 3.81799 3.83434 3.84901 3.86199 3.87325 3.88279 3.89061 3.8967 3.90106 3.90369 3.90458 3.90373 3.90113 3.89677 3.89065 3.88275 3.87307 3.86162 3.84839 3.8334 3.81668 3.79827 3.77821 3.75659 3.73348 3.70899 3.68324 3.65637 3.62854 3.59991 3.57066 3.54098 3.51106 3.48111 3.45132 3.42189 3.39299 3.36481 3.3375 3.31121 3.28607 3.26217 3.23962 3.21847 3.19876 3.18053 3.16378 3.14849 3.13466 3.12223 3.11116 3.10141 3.0929 3.08558 3.0794 3.07429 3.07021 3.06711 3.06496 3.06373 
3.05651 3.05711 3.05863 3.06109 3.06453 3.06899 3.07452 3.08117 3.089 3.09808 3.10846 3.12021 3.13337 3.14799 3.1641 3.18171 3.20083 3.22143 3.24347 3.2669 3.29164 3.31757 3.34459 3.37255 3.40129 3.43064 3.46042 3.49045 3.52052 3.55045 3.58004 3.6091 3.63746 3.66495 3.69142 3.71673 3.74076 3.76341 3.78458 3.80421 3.82223 3.83861 3.8533 3.8663 3.87758 3.88713 3.89496 3.90106 3.90543 3.90807 3.90896 3.90812 3.90552 3.90116 3.89504 3.88713 3.87745 3.86598 3.85273 3.83772 3.82097 3.80252 3.78242 3.76074 3.73757 3.713 3.68717 3.66021 3.63227 3.60352 3.57414 3.54433 3.51427 3.48418 3.45423 3.42464 3.39559 3.36724 3.33977 3.31332 3.28802 3.26397 3.24126 3.21997 3.20012 3.18176 3.16488 3.14948 3.13554 3.12301 3.11186 3.10202 3.09344 3.08606 3.07982 3.07467 3.07055 3.06742 3.06525 3.06402 
3.05669 3.05729 3.05882 3.06129 3.06475 3.06924 3.07479 3.08147 3.08935 3.09847 3.1089 3.1207 3.13392 3.14861 3.16479 3.18247 3.20167 3.22235 3.24448 3.268 3.29282 3.31885 3.34596 3.37401 3.40284 3.43228 3.46215 3.49226 3.52242 3.55242 3.58209 3.61122 3.63964 3.66719 3.69372 3.71908 3.74316 3.76584 3.78705 3.80671 3.82476 3.84115 3.85587 3.86888 3.88018 3.88974 3.89758 3.90369 3.90807 3.9107 3.9116 3.91076 3.90816 3.9038 3.89767 3.88977 3.88007 3.86859 3.85533 3.8403 3.82353 3.80505 3.78492 3.7632 3.73998 3.71537 3.68948 3.66246 3.63445 3.60563 3.57618 3.54629 3.51615 3.48597 3.45594 3.42625 3.39711 3.36867 3.34111 3.31456 3.28917 3.26503 3.24224 3.22086 3.20093 3.18249 3.16555 3.15008 3.13607 3.12349 3.11228 3.1024 3.09377 3.08636 3.08009 3.07491 3.07077 3.06762 3.06544 3.0642 
