3.52934 3.52955 3.52978 3.53002 3.53029 3.53056 3.53086 3.53118 3.53151 3.53187 3.53225 3.53265 3.53309 3.53356 3.53406 3.5346 3.53518 3.5358 3.53648 3.5372 3.53797 3.53879 3.53967 3.54061 3.54159 3.54263 3.54372 3.54486 3.54604 3.54726 3.54851 3.54979 3.55109 3.5524 3.55371 3.55502 3.55631 3.55757 3.55879 3.55997 3.56108 3.56213 3.5631 3.56399 3.56477 3.56546 3.56603 3.56649 3.56683 3.56705 3.56714 3.56711 3.56695 3.56666 3.56626 3.56574 3.56511 3.56438 3.56355 3.56263 3.56163 3.56056 3.55943 3.55825 3.55703 3.55579 3.55452 3.55325 3.55198 3.55072 3.54948 3.54827 3.54709 3.54595 3.54486 3.54383 3.54285 3.54193 3.54107 3.54028 3.53955 3.53889 3.5383 3.53776 3.5373 3.53689 3.53655 3.53626 3.53603 3.53585 3.53572 3.53563 3.53559 3.53558 3.53561 3.53567 3.53577 3.53589 3.53603 3.5362 
3.52955 3.52976 3.52999 3.53023 3.53049 3.53077 3.53107 3.53139 3.53172 3.53208 3.53246 3.53287 3.53331 3.53378 3.53428 3.53483 3.53541 3.53604 3.53672 3.53745 3.53823 3.53906 3.53995 3.54089 3.54189 3.54295 3.54405 3.5452 3.5464 3.54764 3.54891 3.5502 3.55152 3.55285 3.55418 3.55551 3.55681 3.55809 3.55933 3.56053 3.56166 3.56272 3.56371 3.5646 3.5654 3.5661 3.56668 3.56715 3.56749 3.56771 3.5678 3.56777 3.56761 3.56732 3.56691 3.56638 3.56574 3.56499 3.56415 3.56322 3.5622 3.56112 3.55997 3.55878 3.55754 3.55628 3.55499 3.5537 3.55241 3.55114 3.54988 3.54865 3.54745 3.5463 3.5452 3.54415 3.54315 3.54222 3.54135 3.54055 3.53982 3.53915 3.53854 3.53801 3.53754 3.53713 3.53678 3.53649 3.53625 3.53607 3.53593 3.53584 3.5358 3.53579 3.53582 3.53588 3.53598 3.5361 3.53624 3.53641 
3.52978 3.52999 3.53022 3.53046 3.53073 3.53101 3.53131 3.53163 3.53197 3.53234 3.53273 3.53315 3.5336 3.53408 3.5346 3.53517 3.53577 3.53643 3.53713 3.53788 3.5387 3.53956 3.54049 3.54147 3.54251 3.5436 3.54475 3.54595 3.5472 3.54849 3.54981 3.55116 3.55254 3.55392 3.55531 3.55668 3.55804 3.55938 3.56067 3.56191 3.56309 3.56419 3.56522 3.56615 3.56698 3.5677 3.5683 3.56879 3.56915 3.56937 3.56947 3.56943 3.56926 3.56896 3.56853 3.56798 3.56731 3.56654 3.56566 3.56468 3.56363 3.5625 3.56131 3.56006 3.55877 3.55746 3.55612 3.55477 3.55343 3.5521 3.55079 3.54951 3.54826 3.54706 3.54591 3.54481 3.54378 3.54281 3.5419 3.54106 3.54029 3.5396 3.53896 3.5384 3.53791 3.53748 3.53711 3.5368 3.53655 3.53635 3.53621 3.53611 3.53606 3.53604 3.53607 3.53612 3.53621 3.53633 3.53647 3.53664 
3.53002 3.53023 3.53046 3.53071 3.53098 3.53127 3.53158 3.53191 3.53226 3.53264 3.53305 3.53349 3.53396 3.53448 3.53503 3.53562 3.53626 3.53696 3.53771 3.53851 3.53937 3.5403 3.54129 3.54233 3.54344 3.54461 3.54584 3.54712 3.54845 3.54983 3.55124 3.55268 3.55414 3.55562 3.5571 3.55857 3.56001 3.56143 3.56281 3.56412 3.56538 3.56655 3.56764 3.56863 3.56951 3.57028 3.57092 3.57143 3.57181 3.57205 3.57215 3.5721 3.57192 3.5716 3.57114 3.57055 3.56984 3.56901 3.56808 3.56704 3.56591 3.56471 3.56344 3.56211 3.56074 3.55933 3.55791 3.55647 3.55504 3.55362 3.55222 3.55085 3.54952 3.54824 3.54701 3.54584 3.54473 3.54369 3.54272 3.54182 3.54099 3.54024 3.53956 3.53895 3.53842 3.53795 3.53755 3.53721 3.53693 3.53671 3.53655 3.53643 3.53636 3.53633 3.53634 3.53639 3.53647 3.53658 3.53672 3.53689 
3.53029 3.53049 3.53073 3.53098 3.53126 3.53156 3.53188 3.53222 3.5326 3.533 3.53343 3.5339 3.53441 3.53496 3.53555 3.53619 3.53689 3.53764 3.53846 3.53933 3.54027 3.54128 3.54236 3.5435 3.54471 3.54598 3.54732 3.54872 3.55017 3.55167 3.5532 3.55477 3.55636 3.55797 3.55957 3.56117 3.56274 3.56428 3.56577 3.5672 3.56855 3.56983 3.571 3.57207 3.57302 3.57385 3.57454 3.57509 3.5755 3.57576 3.57586 3.57581 3.57561 3.57526 3.57476 3.57412 3.57335 3.57245 3.57143 3.5703 3.56908 3.56777 3.56639 3.56495 3.56346 3.56193 3.56038 3.55882 3.55726 3.55571 3.55419 3.5527 3.55125 3.54985 3.5485 3.54722 3.54601 3.54487 3.54381 3.54282 3.54191 3.54108 3.54033 3.53966 3.53907 3.53854 3.53809 3.53771 3.5374 3.53714 3.53694 3.5368 3.53671 3.53666 3.53665 3.53669 3.53676 3.53686 3.53699 3.53715 
3.53056 3.53077 3.53101 3.53127 3.53156 3.53187 3.53221 3.53257 3.53297 3.5334 3.53387 3.53438 3.53493 3.53553 3.53618 3.53689 3.53766 3.53849 3.53939 3.54036 3.5414 3.54251 3.54371 3.54497 3.54632 3.54773 3.54921 3.55076 3.55236 3.55402 3.55572 3.55745 3.55921 3.56098 3.56275 3.56451 3.56624 3.56793 3.56957 3.57114 3.57264 3.57403 3.57533 3.5765 3.57754 3.57845 3.5792 3.5798 3.58025 3.58052 3.58063 3.58057 3.58035 3.57996 3.57941 3.5787 3.57785 3.57686 3.57573 3.57449 3.57315 3.5717 3.57018 3.56859 3.56694 3.56526 3.56355 3.56183 3.5601 3.55839 3.55671 3.55505 3.55345 3.5519 3.55041 3.54898 3.54764 3.54637 3.54518 3.54408 3.54306 3.54214 3.54129 3.54054 3.53986 3.53927 3.53875 3.53831 3.53794 3.53764 3.5374 3.53722 3.5371 3.53702 3.537 3.53701 3.53707 3.53716 3.53728 3.53743 
3.53086 3.53107 3.53131 3.53158 3.53188 3.53221 3.53256 3.53296 3.53339 3.53386 3.53437 3.53493 3.53553 3.5362 3.53692 3.53771 3.53857 3.5395 3.5405 3.54159 3.54276 3.54401 3.54535 3.54677 3.54828 3.54986 3.55153 3.55326 3.55506 3.55691 3.55881 3.56075 3.56271 3.56469 3.56666 3.56862 3.57055 3.57243 3.57425 3.576 3.57766 3.57921 3.58064 3.58194 3.58309 3.58409 3.58493 3.58559 3.58608 3.58638 3.5865 3.58643 3.58617 3.58574 3.58512 3.58433 3.58338 3.58228 3.58103 3.57964 3.57814 3.57654 3.57484 3.57306 3.57123 3.56935 3.56744 3.56552 3.56359 3.56168 3.55979 3.55795 3.55615 3.55441 3.55273 3.55114 3.54962 3.54819 3.54685 3.54561 3.54446 3.5434 3.54244 3.54158 3.54081 3.54013 3.53953 3.53902 3.53858 3.53822 3.53793 3.53771 3.53754 3.53743 3.53737 3.53737 3.5374 3.53747 3.53759 3.53773 
3.53118 3.53139 3.53163 3.53191 3.53222 3.53257 3.53296 3.53338 3.53385 3.53437 3.53493 3.53555 3.53623 3.53697 3.53778 3.53867 3.53964 3.54069 3.54182 3.54305 3.54437 3.54579 3.54731 3.54891 3.55062 3.55241 3.55429 3.55624 3.55827 3.56036 3.5625 3.56468 3.56689 3.56911 3.57133 3.57353 3.57569 3.5778 3.57984 3.58179 3.58365 3.58538 3.58698 3.58842 3.58971 3.59082 3.59175 3.59249 3.59303 3.59336 3.59349 3.5934 3.59311 3.59262 3.59193 3.59104 3.58998 3.58874 3.58733 3.58578 3.5841 3.5823 3.58039 3.5784 3.57634 3.57423 3.57209 3.56992 3.56776 3.5656 3.56348 3.56139 3.55936 3.5574 3.5555 3.5537 3.55198 3.55036 3.54883 3.54742 3.5461 3.5449 3.5438 3.54281 3.54192 3.54112 3.54043 3.53983 3.53931 3.53888 3.53853 3.53825 3.53803 3.53788 3.53779 3.53775 3.53776 3.53782 3.53792 3.53805 
3.53151 3.53172 3.53197 3.53226 3.5326 3.53297 3.53339 3.53385 3.53437 3.53494 3.53556 3.53626 3.53702 3.53785 3.53877 3.53978 3.54087 3.54206 3.54335 3.54475 3.54626 3.54787 3.54959 3.55142 3.55335 3.55539 3.55752 3.55974 3.56203 3.5644 3.56682 3.56929 3.57178 3.57429 3.57679 3.57926 3.5817 3.58407 3.58636 3.58856 3.59064 3.59258 3.59437 3.59599 3.59743 3.59868 3.59971 3.60053 3.60113 3.6015 3.60164 3.60154 3.60121 3.60065 3.59987 3.59887 3.59767 3.59627 3.59469 3.59295 3.59105 3.58902 3.58688 3.58463 3.58231 3.57993 3.57751 3.57507 3.57262 3.57018 3.56778 3.56542 3.56312 3.56089 3.55874 3.55668 3.55473 3.55288 3.55114 3.54952 3.54802 3.54664 3.54537 3.54422 3.54319 3.54227 3.54146 3.54075 3.54014 3.53963 3.5392 3.53885 3.53858 3.53838 3.53824 3.53817 3.53815 3.53819 3.53827 3.53839 
3.53187 3.53208 3.53234 3.53264 3.533 3.5334 3.53386 3.53437 3.53494 3.53557 3.53627 3.53705 3.53791 3.53886 3.5399 3.54104 3.54228 3.54364 3.54511 3.5467 3.54842 3.55026 3.55222 3.5543 3.5565 3.55882 3.56124 3.56376 3.56637 3.56905 3.5718 3.57459 3.57741 3.58024 3.58307 3.58586 3.58861 3.59128 3.59386 3.59633 3.59867 3.60085 3.60286 3.60468 3.60629 3.60768 3.60884 3.60976 3.61042 3.61083 3.61098 3.61086 3.61049 3.60985 3.60897 3.60785 3.60649 3.60491 3.60314 3.60117 3.59903 3.59674 3.59432 3.59179 3.58917 3.58648 3.58375 3.58098 3.57821 3.57546 3.57273 3.57005 3.56744 3.5649 3.56246 3.56012 3.55789 3.55578 3.55379 3.55194 3.55022 3.54863 3.54717 3.54584 3.54465 3.54358 3.54263 3.5418 3.54108 3.54046 3.53995 3.53952 3.53918 3.53892 3.53874 3.53863 3.53857 3.53858 3.53864 3.53876 
3.53225 3.53246 3.53273 3.53305 3.53343 3.53387 3.53437 3.53493 3.53556 3.53627 3.53706 3.53794 3.53891 3.53998 3.54117 3.54246 3.54388 3.54543 3.54711 3.54893 3.55088 3.55298 3.55521 3.55759 3.56009 3.56273 3.56548 3.56834 3.57131 3.57435 3.57746 3.58062 3.58381 3.58701 3.5902 3.59335 3.59645 3.59946 3.60237 3.60514 3.60777 3.61022 3.61247 3.61451 3.61632 3.61788 3.61917 3.6202 3.62094 3.62139 3.62155 3.62141 3.62099 3.62027 3.61927 3.618 3.61647 3.6147 3.6127 3.61048 3.60807 3.60549 3.60276 3.59991 3.59695 3.59391 3.59082 3.5877 3.58456 3.58144 3.57835 3.57532 3.57235 3.56947 3.56669 3.56403 3.56149 3.55908 3.55681 3.55468 3.55271 3.55088 3.54921 3.54768 3.54629 3.54505 3.54395 3.54298 3.54213 3.5414 3.54078 3.54026 3.53985 3.53952 3.53928 3.53912 3.53903 3.53901 3.53905 3.53915 
3.53265 3.53287 3.53315 3.53349 3.5339 3.53438 3.53493 3.53555 3.53626 3.53705 3.53794 3.53893 3.54003 3.54125 3.54259 3.54407 3.54569 3.54745 3.54936 3.55143 3.55366 3.55605 3.5586 3.5613 3.56415 3.56714 3.57027 3.57351 3.57687 3.58032 3.58384 3.58741 3.59102 3.59463 3.59822 3.60177 3.60526 3.60864 3.61191 3.61503 3.61797 3.62072 3.62325 3.62553 3.62755 3.62929 3.63074 3.63188 3.6327 3.6332 3.63338 3.63322 3.63273 3.63192 3.6308 3.62937 3.62765 3.62566 3.6234 3.62091 3.6182 3.6153 3.61223 3.60901 3.60568 3.60226 3.59877 3.59524 3.5917 3.58817 3.58468 3.58124 3.57788 3.57461 3.57146 3.56843 3.56554 3.56279 3.5602 3.55778 3.55552 3.55342 3.5515 3.54974 3.54814 3.54671 3.54542 3.54429 3.5433 3.54244 3.5417 3.54109 3.54058 3.54018 3.53987 3.53965 3.53952 3.53946 3.53948 3.53956 
3.53309 3.53331 3.5336 3.53396 3.53441 3.53493 3.53553 3.53623 3.53702 3.53791 3.53891 3.54003 3.54128 3.54266 3.54419 3.54587 3.54771 3.54971 3.55189 3.55425 3.55678 3.55949 3.56238 3.56545 3.56868 3.57208 3.57562 3.5793 3.58309 3.58698 3.59096 3.59499 3.59905 3.60311 3.60716 3.61115 3.61506 3.61886 3.62252 3.62601 3.62931 3.63238 3.6352 3.63775 3.64001 3.64195 3.64356 3.64483 3.64575 3.6463 3.64648 3.6463 3.64575 3.64484 3.64358 3.64198 3.64005 3.63781 3.63528 3.63249 3.62945 3.62619 3.62274 3.61913 3.61539 3.61154 3.60761 3.60364 3.59965 3.59567 3.59173 3.58785 3.58405 3.58035 3.57678 3.57334 3.57006 3.56694 3.564 3.56123 3.55865 3.55626 3.55406 3.55204 3.5502 3.54855 3.54707 3.54575 3.54459 3.54359 3.54272 3.54199 3.54139 3.5409 3.54052 3.54024 3.54005 3.53995 3.53994 3.54001 
3.53356 3.53378 3.53408 3.53448 3.53496 3.53553 3.5362 3.53697 3.53785 3.53886 3.53998 3.54125 3.54266 3.54423 3.54596 3.54786 3.54995 3.55223 3.5547 3.55737 3.56025 3.56332 3.5666 3.57007 3.57373 3.57756 3.58156 3.58571 3.58999 3.59437 3.59884 3.60337 3.60793 3.61249 3.61703 3.6215 3.62587 3.63012 3.63421 3.63811 3.64179 3.64521 3.64836 3.6512 3.65371 3.65587 3.65766 3.65907 3.66008 3.66069 3.66089 3.66068 3.66006 3.65904 3.65763 3.65584 3.65368 3.65118 3.64835 3.64523 3.64183 3.63819 3.63433 3.63029 3.62609 3.62178 3.61737 3.61292 3.60844 3.60397 3.59953 3.59516 3.59088 3.58671 3.58267 3.57879 3.57508 3.57155 3.56821 3.56507 3.56213 3.55941 3.5569 3.55459 3.55249 3.55059 3.54888 3.54736 3.54602 3.54485 3.54384 3.54298 3.54227 3.54168 3.54122 3.54087 3.54063 3.54049 3.54044 3.54049 
3.53406 3.53428 3.5346 3.53503 3.53555 3.53618 3.53692 3.53778 3.53877 3.5399 3.54117 3.54259 3.54419 3.54596 3.54792 3.55007 3.55244 3.55502 3.55781 3.56084 3.56409 3.56756 3.57126 3.57518 3.5793 3.58362 3.58812 3.59278 3.59758 3.60251 3.60752 3.61259 3.61769 3.62279 3.62785 3.63284 3.63772 3.64246 3.64701 3.65135 3.65544 3.65924 3.66273 3.66588 3.66866 3.67105 3.67304 3.67459 3.67571 3.67638 3.67659 3.67635 3.67566 3.67452 3.67295 3.67096 3.66856 3.66577 3.66263 3.65915 3.65536 3.6513 3.647 3.64249 3.63781 3.63299 3.62807 3.62309 3.61808 3.61307 3.6081 3.60319 3.59839 3.5937 3.58916 3.58479 3.58061 3.57662 3.57285 3.5693 3.56597 3.56288 3.56003 3.5574 3.55501 3.55284 3.55089 3.54914 3.5476 3.54625 3.54507 3.54407 3.54323 3.54253 3.54198 3.54155 3.54125 3.54106 3.54098 3.541 
3.5346 3.53483 3.53517 3.53562 3.53619 3.53689 3.53771 3.53867 3.53978 3.54104 3.54246 3.54407 3.54587 3.54786 3.55007 3.55251 3.55518 3.55808 3.56124 3.56465 3.56831 3.57222 3.57638 3.58078 3.58541 3.59026 3.5953 3.60052 3.60589 3.61139 3.61699 3.62265 3.62834 3.63401 3.63965 3.64519 3.65061 3.65587 3.66092 3.66572 3.67025 3.67446 3.67832 3.6818 3.68487 3.68751 3.68969 3.69141 3.69263 3.69337 3.6936 3.69333 3.69256 3.69129 3.68955 3.68734 3.68468 3.68159 3.6781 3.67424 3.67005 3.66554 3.66076 3.65576 3.65055 3.64519 3.63972 3.63417 3.62858 3.623 3.61745 3.61197 3.60659 3.60135 3.59626 3.59136 3.58666 3.58218 3.57793 3.57393 3.57019 3.5667 3.56347 3.56049 3.55778 3.55531 3.55308 3.55109 3.54933 3.54777 3.54642 3.54526 3.54428 3.54346 3.5428 3.54229 3.54192 3.54167 3.54155 3.54155 
3.53518 3.53541 3.53577 3.53626 3.53689 3.53766 3.53857 3.53964 3.54087 3.54228 3.54388 3.54569 3.54771 3.54995 3.55244 3.55518 3.55817 3.56144 3.56499 3.56882 3.57292 3.57731 3.58197 3.5869 3.59207 3.59749 3.60312 3.60894 3.61493 3.62105 3.62727 3.63356 3.63987 3.64617 3.65241 3.65855 3.66454 3.67035 3.67592 3.68123 3.68622 3.69086 3.69511 3.69894 3.70231 3.70521 3.70761 3.70949 3.71084 3.71164 3.71189 3.71158 3.71073 3.70933 3.7074 3.70496 3.70203 3.69862 3.69477 3.69051 3.68587 3.6809 3.67562 3.67008 3.66432 3.65838 3.65232 3.64616 3.63996 3.63375 3.62758 3.62149 3.6155 3.60965 3.60398 3.5985 3.59325 3.58823 3.58348 3.57899 3.57478 3.57086 3.56722 3.56387 3.5608 3.558 3.55548 3.55322 3.55121 3.54943 3.54789 3.54655 3.54542 3.54447 3.5437 3.54309 3.54264 3.54234 3.54218 3.54215 
3.5358 3.53604 3.53643 3.53696 3.53764 3.53849 3.5395 3.54069 3.54206 3.54364 3.54543 3.54745 3.54971 3.55223 3.55502 3.55808 3.56144 3.56511 3.56907 3.57335 3.57794 3.58284 3.58804 3.59353 3.5993 3.60532 3.61158 3.61805 3.62469 3.63148 3.63837 3.64532 3.6523 3.65925 3.66613 3.6729 3.6795 3.68589 3.69202 3.69785 3.70333 3.70842 3.71308 3.71727 3.72097 3.72415 3.72677 3.72882 3.73029 3.73116 3.73142 3.73109 3.73014 3.72861 3.72649 3.72381 3.72058 3.71684 3.71261 3.70793 3.70283 3.69735 3.69154 3.68544 3.67909 3.67255 3.66586 3.65906 3.6522 3.64534 3.63851 3.63175 3.62511 3.61862 3.61232 3.60623 3.60037 3.59479 3.58948 3.58447 3.57976 3.57537 3.57129 3.56753 3.56408 3.56093 3.55809 3.55553 3.55325 3.55124 3.54948 3.54795 3.54665 3.54556 3.54467 3.54396 3.54342 3.54306 3.54285 3.54279 
3.53648 3.53672 3.53713 3.53771 3.53846 3.53939 3.5405 3.54182 3.54335 3.54511 3.54711 3.54936 3.55189 3.5547 3.55781 3.56124 3.56499 3.56907 3.5735 3.57826 3.58337 3.58882 3.5946 3.60069 3.60709 3.61376 3.62069 3.62784 3.63518 3.64267 3.65027 3.65793 3.6656 3.67325 3.68081 3.68823 3.69547 3.70247 3.70918 3.71556 3.72155 3.72711 3.73219 3.73677 3.7408 3.74426 3.74712 3.74935 3.75095 3.75189 3.75217 3.7518 3.75076 3.74908 3.74677 3.74383 3.74031 3.73621 3.73159 3.72647 3.72088 3.71489 3.70852 3.70183 3.69486 3.68768 3.68032 3.67285 3.66531 3.65775 3.65022 3.64276 3.63543 3.62825 3.62128 3.61453 3.60805 3.60185 3.59595 3.59038 3.58514 3.58024 3.57569 3.57149 3.56762 3.5641 3.56091 3.55803 3.55547 3.55319 3.5512 3.54947 3.54798 3.54674 3.54571 3.54489 3.54426 3.54383 3.54357 3.54348 
3.5372 3.53745 3.53788 3.53851 3.53933 3.54036 3.54159 3.54305 3.54475 3.5467 3.54893 3.55143 3.55425 3.55737 3.56084 3.56465 3.56882 3.57335 3.57826 3.58355 3.58922 3.59525 3.60164 3.60838 3.61544 3.62281 3.63044 3.63831 3.64638 3.65461 3.66295 3.67135 3.67976 3.68813 3.6964 3.70451 3.71242 3.72005 3.72737 3.73431 3.74083 3.74687 3.7524 3.75738 3.76175 3.76551 3.7686 3.77102 3.77275 3.77377 3.77407 3.77365 3.77253 3.7707 3.76817 3.76498 3.76115 3.75669 3.75165 3.74607 3.73999 3.73345 3.7265 3.7192 3.7116 3.70374 3.69569 3.68751 3.67925 3.67096 3.66269 3.6545 3.64644 3.63854 3.63086 3.62342 3.61626 3.60941 3.60289 3.59672 3.59091 3.58548 3.58042 3.57574 3.57144 3.56751 3.56394 3.56073 3.55785 3.5553 3.55305 3.5511 3.54942 3.548 3.54683 3.54589 3.54517 3.54465 3.54434 3.54422 
3.53797 3.53823 3.5387 3.53937 3.54027 3.5414 3.54276 3.54437 3.54626 3.54842 3.55088 3.55366 3.55678 3.56025 3.56409 3.56831 3.57292 3.57794 3.58337 3.58922 3.59547 3.60212 3.60916 3.61658 3.62435 3.63244 3.64081 3.64945 3.65829 3.66729 3.6764 3.68558 3.69475 3.70387 3.71288 3.7217 3.73029 3.73859 3.74653 3.75405 3.76112 3.76766 3.77365 3.77903 3.78376 3.78781 3.79115 3.79376 3.79562 3.79672 3.79704 3.79659 3.79536 3.79338 3.79065 3.78719 3.78303 3.77821 3.77275 3.7667 3.7601 3.753 3.74545 3.73752 3.72924 3.7207 3.71193 3.70301 3.694 3.68494 3.67591 3.66695 3.65812 3.64947 3.64104 3.63288 3.62501 3.61747 3.61029 3.60348 3.59707 3.59107 3.58547 3.58029 3.57552 3.57116 3.56719 3.56361 3.5604 3.55755 3.55504 3.55285 3.55096 3.54936 3.54803 3.54696 3.54614 3.54554 3.54516 3.54501 
3.53879 3.53906 3.53956 3.5403 3.54128 3.54251 3.54401 3.54579 3.54787 3.55026 3.55298 3.55605 3.55949 3.56332 3.56756 3.57222 3.57731 3.58284 3.58882 3.59525 3.60212 3.60943 3.61715 3.62528 3.63379 3.64264 3.65179 3.66122 3.67086 3.68066 3.69058 3.70056 3.71053 3.72042 3.73018 3.73975 3.74904 3.75801 3.76659 3.77472 3.78234 3.7894 3.79585 3.80164 3.80673 3.81109 3.81468 3.81749 3.81948 3.82066 3.821 3.8205 3.81918 3.81704 3.8141 3.81037 3.80589 3.80068 3.79479 3.78826 3.78113 3.77346 3.7653 3.75671 3.74776 3.73849 3.72899 3.71931 3.70951 3.69967 3.68984 3.68008 3.67046 3.66102 3.65181 3.64288 3.63427 3.62601 3.61813 3.61066 3.60362 3.59701 3.59085 3.58514 3.57987 3.57505 3.57066 3.56669 3.56313 3.55996 3.55716 3.55471 3.5526 3.55081 3.54932 3.54811 3.54717 3.54648 3.54605 3.54585 
3.53967 3.53995 3.54049 3.54129 3.54236 3.54371 3.54535 3.54731 3.54959 3.55222 3.55521 3.5586 3.56238 3.5666 3.57126 3.57638 3.58197 3.58804 3.5946 3.60164 3.60916 3.61715 3.6256 3.63447 3.64374 3.65338 3.66335 3.67359 3.68406 3.6947 3.70545 3.71625 3.72703 3.73773 3.74826 3.75858 3.7686 3.77825 3.78748 3.79622 3.80441 3.81199 3.81891 3.82512 3.83057 3.83524 3.83909 3.84209 3.84423 3.84548 3.84584 3.84531 3.84389 3.84159 3.83843 3.83442 3.82961 3.82402 3.8177 3.81068 3.80301 3.79476 3.78598 3.77672 3.76707 3.75707 3.74681 3.73634 3.72575 3.71509 3.70444 3.69386 3.68341 3.67315 3.66313 3.65341 3.64402 3.63501 3.62641 3.61825 3.61054 3.6033 3.59654 3.59027 3.58448 3.57918 3.57434 3.56996 3.56602 3.56251 3.55941 3.5567 3.55435 3.55235 3.55068 3.54933 3.54827 3.54749 3.54699 3.54675 
3.54061 3.54089 3.54147 3.54233 3.5435 3.54497 3.54677 3.54891 3.55142 3.5543 3.55759 3.5613 3.56545 3.57007 3.57518 3.58078 3.5869 3.59353 3.60069 3.60838 3.61658 3.62528 3.63447 3.64412 3.65419 3.66464 3.67544 3.68653 3.69785 3.70935 3.72095 3.7326 3.74421 3.75572 3.76705 3.77812 3.78888 3.79923 3.80912 3.81848 3.82723 3.83534 3.84273 3.84936 3.85518 3.86016 3.86427 3.86746 3.86974 3.87107 3.87145 3.87088 3.86936 3.8669 3.86352 3.85925 3.85411 3.84813 3.84136 3.83385 3.82565 3.81681 3.80739 3.79746 3.78709 3.77636 3.76532 3.75406 3.74264 3.73115 3.71966 3.70823 3.69693 3.68583 3.67498 3.66443 3.65425 3.64446 3.6351 3.62621 3.61781 3.60991 3.60254 3.59568 3.58934 3.58353 3.57822 3.57341 3.56908 3.56522 3.5618 3.5588 3.5562 3.55399 3.55213 3.55062 3.54943 3.54856 3.54798 3.5477 
3.54159 3.54189 3.54251 3.54344 3.54471 3.54632 3.54828 3.55062 3.55335 3.5565 3.56009 3.56415 3.56868 3.57373 3.5793 3.58541 3.59207 3.5993 3.60709 3.61544 3.62435 3.63379 3.64374 3.65419 3.66508 3.67637 3.68803 3.69998 3.71218 3.72455 3.73702 3.74952 3.76198 3.77431 3.78644 3.79829 3.80979 3.82084 3.8314 3.84137 3.8507 3.85933 3.86719 3.87424 3.88044 3.88573 3.89008 3.89348 3.89589 3.8973 3.8977 3.89709 3.89547 3.89286 3.88927 3.88472 3.87925 3.87289 3.86568 3.85768 3.84893 3.8395 3.82944 3.81884 3.80775 3.79626 3.78444 3.77237 3.76013 3.74779 3.73544 3.72314 3.71097 3.699 3.6873 3.67591 3.6649 3.65431 3.64417 3.63454 3.62542 3.61684 3.60881 3.60135 3.59444 3.5881 3.5823 3.57704 3.5723 3.56806 3.56431 3.56101 3.55815 3.55571 3.55366 3.55198 3.55066 3.54968 3.54904 3.54871 
3.54263 3.54295 3.5436 3.54461 3.54598 3.54773 3.54986 3.55241 3.55539 3.55882 3.56273 3.56714 3.57208 3.57756 3.58362 3.59026 3.59749 3.60532 3.61376 3.62281 3.63244 3.64264 3.65338 3.66464 3.67637 3.68853 3.70106 3.7139 3.72698 3.74024 3.75359 3.76696 3.78027 3.79343 3.80637 3.819 3.83123 3.84299 3.8542 3.8648 3.8747 3.88384 3.89218 3.89965 3.9062 3.9118 3.91641 3.92 3.92254 3.92403 3.92446 3.92381 3.9221 3.91933 3.91552 3.91071 3.90491 3.89817 3.89052 3.88203 3.87274 3.86272 3.85204 3.84075 3.82895 3.8167 3.80409 3.79121 3.77812 3.76493 3.7517 3.73853 3.72548 3.71263 3.70005 3.6878 3.67594 3.66453 3.6536 3.64319 3.63333 3.62404 3.61535 3.60726 3.59976 3.59287 3.58656 3.58084 3.57567 3.57104 3.56694 3.56333 3.5602 3.55751 3.55526 3.55341 3.55195 3.55087 3.55014 3.54977 
3.54372 3.54405 3.54475 3.54584 3.54732 3.54921 3.55153 3.55429 3.55752 3.56124 3.56548 3.57027 3.57562 3.58156 3.58812 3.5953 3.60312 3.61158 3.62069 3.63044 3.64081 3.65179 3.66335 3.67544 3.68803 3.70106 3.71447 3.72821 3.74219 3.75634 3.77058 3.78482 3.79899 3.81298 3.82672 3.84012 3.85309 3.86555 3.87742 3.88863 3.89909 3.90875 3.91755 3.92543 3.93234 3.93824 3.9431 3.94688 3.94956 3.95113 3.95157 3.95089 3.94908 3.94616 3.94215 3.93707 3.93095 3.92384 3.91576 3.90679 3.89697 3.88636 3.87505 3.86309 3.85057 3.83757 3.82417 3.81047 3.79655 3.78249 3.76838 3.75432 3.74038 3.72664 3.71317 3.70005 3.68733 3.67507 3.66333 3.65213 3.64151 3.63151 3.62213 3.61339 3.60529 3.59782 3.59099 3.58478 3.57917 3.57415 3.56968 3.56575 3.56233 3.5594 3.55693 3.55491 3.55331 3.55211 3.5513 3.55088 
3.54486 3.5452 3.54595 3.54712 3.54872 3.55076 3.55326 3.55624 3.55974 3.56376 3.56834 3.57351 3.5793 3.58571 3.59278 3.60052 3.60894 3.61805 3.62784 3.63831 3.64945 3.66122 3.67359 3.68653 3.69998 3.7139 3.72821 3.74284 3.75772 3.77277 3.78789 3.80301 3.81803 3.83286 3.8474 3.86156 3.87526 3.88841 3.90093 3.91273 3.92375 3.93392 3.94317 3.95145 3.95871 3.96491 3.97001 3.97397 3.97679 3.97843 3.9789 3.97818 3.97628 3.97322 3.969 3.96367 3.95724 3.94976 3.94126 3.93182 3.92147 3.91029 3.89836 3.88573 3.8725 3.85876 3.84458 3.83006 3.8153 3.80038 3.7854 3.77044 3.7556 3.74096 3.7266 3.7126 3.69901 3.6859 3.67332 3.66132 3.64994 3.63919 3.62911 3.61971 3.61099 3.60295 3.59558 3.58887 3.5828 3.57736 3.57253 3.56826 3.56455 3.56136 3.55868 3.55647 3.55471 3.5534 3.55251 3.55204 
3.54604 3.5464 3.5472 3.54845 3.55017 3.55236 3.55506 3.55827 3.56203 3.56637 3.57131 3.57687 3.58309 3.58999 3.59758 3.60589 3.61493 3.62469 3.63518 3.64638 3.65829 3.67086 3.68406 3.69785 3.71218 3.72698 3.74219 3.75772 3.7735 3.78944 3.80545 3.82144 3.8373 3.85295 3.86828 3.8832 3.89761 3.91144 3.92459 3.93698 3.94854 3.9592 3.9689 3.97757 3.98517 3.99165 3.99698 4.00113 4.00407 4.00579 4.00627 4.00552 4.00354 4.00034 3.99593 3.99035 3.98362 3.97578 3.96688 3.95697 3.94612 3.93438 3.92183 3.90856 3.89463 3.88015 3.8652 3.84988 3.83428 3.81851 3.80265 3.78681 3.77107 3.75553 3.74028 3.72538 3.71091 3.69695 3.68353 3.67072 3.65856 3.64707 3.63628 3.6262 3.61684 3.60821 3.60029 3.59307 3.58654 3.58068 3.57546 3.57085 3.56684 3.56339 3.56048 3.55808 3.55617 3.55474 3.55377 3.55325 
3.54726 3.54764 3.54849 3.54983 3.55167 3.55402 3.55691 3.56036 3.5644 3.56905 3.57435 3.58032 3.58698 3.59437 3.60251 3.61139 3.62105 3.63148 3.64267 3.65461 3.66729 3.68066 3.6947 3.70935 3.72455 3.74024 3.75634 3.77277 3.78944 3.80627 3.82316 3.83999 3.85669 3.87314 3.88924 3.9049 3.92002 3.93451 3.94827 3.96124 3.97332 3.98445 3.99457 4.00362 4.01155 4.01831 4.02386 4.02819 4.03125 4.03304 4.03355 4.03277 4.0307 4.02737 4.02277 4.01695 4.00993 4.00176 3.99247 3.98212 3.97077 3.95849 3.94535 3.93144 3.91684 3.90163 3.88593 3.86981 3.8534 3.83678 3.82005 3.80333 3.7867 3.77027 3.75412 3.73833 3.72299 3.70816 3.69391 3.68028 3.66733 3.65509 3.64358 3.63282 3.62282 3.61359 3.60511 3.59738 3.59037 3.58408 3.57847 3.57352 3.56919 3.56547 3.56233 3.55974 3.55768 3.55612 3.55506 3.55449 
3.54851 3.54891 3.54981 3.55124 3.5532 3.55572 3.55881 3.5625 3.56682 3.5718 3.57746 3.58384 3.59096 3.59884 3.60752 3.61699 3.62727 3.63837 3.65027 3.66295 3.6764 3.69058 3.70545 3.72095 3.73702 3.75359 3.77058 3.78789 3.80545 3.82316 3.8409 3.85858 3.87609 3.89332 3.91018 3.92656 3.94235 3.95748 3.97184 3.98535 3.99794 4.00953 4.02006 4.02947 4.03771 4.04473 4.0505 4.05499 4.05817 4.06003 4.06056 4.05975 4.05761 4.05415 4.04939 4.04334 4.03605 4.02754 4.01788 4.0071 3.99528 3.98248 3.96877 3.95424 3.93898 3.92308 3.90664 3.88975 3.87253 3.85508 3.8375 3.81991 3.80241 3.78509 3.76805 3.75138 3.73517 3.71948 3.70439 3.68995 3.67621 3.66321 3.65098 3.63953 3.62889 3.61905 3.61001 3.60175 3.59427 3.58754 3.58154 3.57623 3.5716 3.5676 3.56423 3.56144 3.55922 3.55754 3.55639 3.55576 
3.54979 3.5502 3.55116 3.55268 3.55477 3.55745 3.56075 3.56468 3.56929 3.57459 3.58062 3.58741 3.59499 3.60337 3.61259 3.62265 3.63356 3.64532 3.65793 3.67135 3.68558 3.70056 3.71625 3.7326 3.74952 3.76696 3.78482 3.80301 3.82144 3.83999 3.85858 3.87707 3.89538 3.91337 3.93096 3.94803 3.96449 3.98022 3.99516 4.0092 4.02227 4.03429 4.04521 4.05496 4.0635 4.07077 4.07674 4.08139 4.08469 4.08661 4.08716 4.08633 4.08412 4.08054 4.07561 4.06935 4.0618 4.05299 4.04297 4.03179 4.01952 4.00621 3.99196 3.97684 3.96095 3.94437 3.92721 3.90957 3.89157 3.87331 3.8549 3.83646 3.81809 3.7999 3.78199 3.76445 3.74737 3.73084 3.71491 3.69966 3.68514 3.67138 3.65843 3.6463 3.63501 3.62457 3.61496 3.60618 3.59822 3.59105 3.58465 3.57899 3.57404 3.56977 3.56615 3.56317 3.56078 3.55898 3.55775 3.55707 
3.55109 3.55152 3.55254 3.55414 3.55636 3.55921 3.56271 3.56689 3.57178 3.57741 3.58381 3.59102 3.59905 3.60793 3.61769 3.62834 3.63987 3.6523 3.6656 3.67976 3.69475 3.71053 3.72703 3.74421 3.76198 3.78027 3.79899 3.81803 3.8373 3.85669 3.87609 3.89538 3.91444 3.93318 3.95147 3.96921 3.98629 4.00261 4.01809 4.03263 4.04615 4.05859 4.06988 4.07995 4.08877 4.09628 4.10244 4.10724 4.11064 4.11263 4.1132 4.11235 4.11007 4.10639 4.1013 4.09485 4.08705 4.07796 4.0676 4.05604 4.04334 4.02956 4.01479 3.99911 3.9826 3.96537 3.94753 3.92917 3.91041 3.89136 3.87215 3.85288 3.83367 3.81463 3.79586 3.77746 3.75954 3.74216 3.72542 3.70937 3.69407 3.67957 3.6659 3.65309 3.64116 3.63011 3.61994 3.61064 3.60219 3.59458 3.58778 3.58177 3.5765 3.57196 3.5681 3.56492 3.56237 3.56045 3.55912 3.55839 
3.5524 3.55285 3.55392 3.55562 3.55797 3.56098 3.56469 3.56911 3.57429 3.58024 3.58701 3.59463 3.60311 3.61249 3.62279 3.63401 3.64617 3.65925 3.67325 3.68813 3.70387 3.72042 3.73773 3.75572 3.77431 3.79343 3.81298 3.83286 3.85295 3.87314 3.89332 3.91337 3.93318 3.95262 3.97158 3.98995 4.00763 4.02451 4.0405 4.05552 4.06947 4.0823 4.09393 4.10431 4.11338 4.12111 4.12746 4.1324 4.1359 4.13795 4.13854 4.13767 4.13533 4.13155 4.12632 4.11969 4.11167 4.1023 4.09163 4.07971 4.06661 4.05239 4.03712 4.0209 4.00382 3.98597 3.96747 3.94842 3.92893 3.90913 3.88914 3.86907 3.84904 3.82917 3.80957 3.79034 3.77158 3.75339 3.73584 3.719 3.70294 3.6877 3.67333 3.65985 3.64728 3.63563 3.6249 3.61509 3.60617 3.59812 3.59092 3.58455 3.57897 3.57415 3.57006 3.56668 3.56397 3.56192 3.56051 3.55972 
3.55371 3.55418 3.55531 3.5571 3.55957 3.56275 3.56666 3.57133 3.57679 3.58307 3.5902 3.59822 3.60716 3.61703 3.62785 3.63965 3.65241 3.66613 3.68081 3.6964 3.71288 3.73018 3.74826 3.76705 3.78644 3.80637 3.82672 3.8474 3.86828 3.88924 3.91018 3.93096 3.95147 3.97158 3.99118 4.01016 4.0284 4.0458 4.06228 4.07773 4.09209 4.10528 4.11723 4.12789 4.13721 4.14514 4.15166 4.15672 4.16032 4.16243 4.16304 4.16215 4.15976 4.15589 4.15053 4.14373 4.1355 4.12589 4.11493 4.10268 4.0892 4.07456 4.05884 4.04211 4.02448 4.00605 3.98692 3.96721 3.94703 3.92651 3.90577 3.88492 3.86411 3.84344 3.82303 3.80299 3.78343 3.76444 3.74611 3.7285 3.7117 3.69574 3.68068 3.66654 3.65335 3.64111 3.62983 3.6195 3.61011 3.60163 3.59405 3.58732 3.58143 3.57634 3.57202 3.56843 3.56557 3.56339 3.56189 3.56105 
3.55502 3.55551 3.55668 3.55857 3.56117 3.56451 3.56862 3.57353 3.57926 3.58586 3.59335 3.60177 3.61115 3.6215 3.63284 3.64519 3.65855 3.6729 3.68823 3.70451 3.7217 3.73975 3.75858 3.77812 3.79829 3.819 3.84012 3.86156 3.8832 3.9049 3.92656 3.94803 3.96921 3.98995 4.01016 4.0297 4.04847 4.06636 4.08329 4.09916 4.11389 4.12741 4.13966 4.15058 4.16012 4.16825 4.17491 4.1801 4.18378 4.18594 4.18657 4.18567 4.18324 4.17928 4.17381 4.16686 4.15844 4.1486 4.13738 4.12482 4.11099 4.09596 4.07981 4.06261 4.04447 4.02549 4.00577 3.98543 3.9646 3.94339 3.92193 3.90036 3.87879 3.85735 3.83617 3.81535 3.79501 3.77525 3.75616 3.73781 3.72028 3.70363 3.68789 3.67311 3.65931 3.6465 3.63468 3.62385 3.614 3.6051 3.59713 3.59006 3.58386 3.5785 3.57395 3.57018 3.56715 3.56486 3.56327 3.56238 
3.55631 3.55681 3.55804 3.56001 3.56274 3.56624 3.57055 3.57569 3.5817 3.58861 3.59645 3.60526 3.61506 3.62587 3.63772 3.65061 3.66454 3.6795 3.69547 3.71242 3.73029 3.74904 3.7686 3.78888 3.80979 3.83123 3.85309 3.87526 3.89761 3.92002 3.94235 3.96449 3.98629 4.00763 4.0284 4.04847 4.06773 4.08608 4.10343 4.11968 4.13475 4.14858 4.16111 4.17227 4.18201 4.19031 4.19711 4.20241 4.20617 4.20838 4.20903 4.20812 4.20564 4.20162 4.19604 4.18895 4.18036 4.17032 4.15885 4.14601 4.13187 4.11648 4.09993 4.0823 4.06368 4.04418 4.02391 4.00299 3.98153 3.95967 3.93754 3.91526 3.89298 3.87081 3.84889 3.82733 3.80625 3.78575 3.76593 3.74686 3.72864 3.71131 3.69492 3.67952 3.66513 3.65176 3.63942 3.62811 3.61781 3.6085 3.60015 3.59275 3.58625 3.58063 3.57585 3.57189 3.56871 3.5663 3.56463 3.56369 
3.55757 3.55809 3.55938 3.56143 3.56428 3.56793 3.57243 3.5778 3.58407 3.59128 3.59946 3.60864 3.61886 3.63012 3.64246 3.65587 3.67035 3.68589 3.70247 3.72005 3.73859 3.75801 3.77825 3.79923 3.82084 3.84299 3.86555 3.88841 3.91144 3.93451 3.95748 3.98022 4.00261 4.02451 4.0458 4.06636 4.08608 4.10485 4.12258 4.13918 4.15458 4.16869 4.18146 4.19284 4.20277 4.21122 4.21815 4.22355 4.22738 4.22964 4.23031 4.22939 4.22688 4.22278 4.21712 4.20991 4.20117 4.19093 4.17925 4.16616 4.15172 4.13601 4.11909 4.10105 4.08199 4.06202 4.04123 4.01976 3.99773 3.97526 3.95249 3.92956 3.9066 3.88374 3.86112 3.83885 3.81706 3.79586 3.77534 3.7556 3.7367 3.71873 3.70172 3.68572 3.67077 3.65686 3.64402 3.63224 3.6215 3.6118 3.60309 3.59536 3.58858 3.58271 3.57771 3.57356 3.57024 3.56771 3.56595 3.56497 
3.55879 3.55933 3.56067 3.56281 3.56577 3.56957 3.57425 3.57984 3.58636 3.59386 3.60237 3.61191 3.62252 3.63421 3.64701 3.66092 3.67592 3.69202 3.70918 3.72737 3.74653 3.76659 3.78748 3.80912 3.8314 3.8542 3.87742 3.90093 3.92459 3.94827 3.97184 3.99516 4.01809 4.0405 4.06228 4.08329 4.10343 4.12258 4.14067 4.15759 4.17327 4.18763 4.20063 4.2122 4.2223 4.23089 4.23794 4.24342 4.24732 4.24962 4.25031 4.24938 4.24684 4.24269 4.23695 4.22963 4.22075 4.21035 4.19847 4.18515 4.17045 4.15444 4.13719 4.11878 4.09932 4.07891 4.05765 4.03567 4.0131 3.99006 3.9667 3.94316 3.91956 3.89606 3.87277 3.84984 3.82739 3.80552 3.78434 3.76395 3.74443 3.72584 3.70824 3.69167 3.67617 3.66176 3.64844 3.63621 3.62506 3.61498 3.60593 3.59789 3.59083 3.58471 3.5795 3.57518 3.57171 3.56907 3.56724 3.56621 
3.55997 3.56053 3.56191 3.56412 3.5672 3.57114 3.576 3.58179 3.58856 3.59633 3.60514 3.61503 3.62601 3.63811 3.65135 3.66572 3.68123 3.69785 3.71556 3.73431 3.75405 3.77472 3.79622 3.81848 3.84137 3.8648 3.88863 3.91273 3.93698 3.96124 3.98535 4.0092 4.03263 4.05552 4.07773 4.09916 4.11968 4.13918 4.15759 4.17479 4.19073 4.20533 4.21852 4.23027 4.24052 4.24923 4.25639 4.26195 4.26591 4.26824 4.26895 4.26802 4.26546 4.26126 4.25545 4.24803 4.23904 4.22849 4.21643 4.20291 4.18797 4.17169 4.15414 4.1354 4.11557 4.09475 4.07306 4.05062 4.02755 4.00399 3.98009 3.95597 3.93179 3.90768 3.88378 3.86023 3.83715 3.81466 3.79287 3.77187 3.75175 3.73258 3.71442 3.69732 3.68132 3.66642 3.65265 3.63999 3.62845 3.61801 3.60863 3.6003 3.59297 3.58662 3.58122 3.57673 3.57313 3.57038 3.56848 3.5674 
3.56108 3.56166 3.56309 3.56538 3.56855 3.57264 3.57766 3.58365 3.59064 3.59867 3.60777 3.61797 3.62931 3.64179 3.65544 3.67025 3.68622 3.70333 3.72155 3.74083 3.76112 3.78234 3.80441 3.82723 3.8507 3.8747 3.89909 3.92375 3.94854 3.97332 3.99794 4.02227 4.04615 4.06947 4.09209 4.11389 4.13475 4.15458 4.17327 4.19073 4.2069 4.2217 4.23507 4.24697 4.25736 4.26618 4.27343 4.27906 4.28307 4.28544 4.28616 4.28523 4.28265 4.27841 4.27254 4.26504 4.25594 4.24527 4.23305 4.21935 4.2042 4.18768 4.16986 4.15082 4.13066 4.10948 4.08739 4.06452 4.04101 4.01697 3.99256 3.96792 3.9432 3.91853 3.89407 3.86994 3.84629 3.82322 3.80085 3.77929 3.75862 3.73891 3.72024 3.70264 3.68615 3.67081 3.65661 3.64356 3.63165 3.62087 3.61118 3.60257 3.595 3.58844 3.58285 3.5782 3.57447 3.57163 3.56965 3.56853 
3.56213 3.56272 3.56419 3.56655 3.56983 3.57403 3.57921 3.58538 3.59258 3.60085 3.61022 3.62072 3.63238 3.64521 3.65924 3.67446 3.69086 3.70842 3.72711 3.74687 3.76766 3.7894 3.81199 3.83534 3.85933 3.88384 3.90875 3.93392 3.9592 3.98445 4.00953 4.03429 4.05859 4.0823 4.10528 4.12741 4.14858 4.16869 4.18763 4.20533 4.2217 4.23668 4.25021 4.26225 4.27275 4.28167 4.28899 4.29469 4.29875 4.30115 4.30189 4.30096 4.29835 4.29409 4.28816 4.28059 4.2714 4.26061 4.24827 4.2344 4.21907 4.20234 4.18428 4.16497 4.14451 4.12301 4.10057 4.07732 4.05339 4.02892 4.00406 3.97894 3.95373 3.92855 3.90357 3.87892 3.85474 3.83114 3.80825 3.78617 3.76499 3.74479 3.72563 3.70757 3.69065 3.67489 3.6603 3.64688 3.63463 3.62354 3.61357 3.6047 3.5969 3.59013 3.58437 3.57958 3.57573 3.57279 3.57075 3.56959 
3.5631 3.56371 3.56522 3.56764 3.571 3.57533 3.58064 3.58698 3.59437 3.60286 3.61247 3.62325 3.6352 3.64836 3.66273 3.67832 3.69511 3.71308 3.73219 3.7524 3.77365 3.79585 3.81891 3.84273 3.86719 3.89218 3.91755 3.94317 3.9689 3.99457 4.02006 4.04521 4.06988 4.09393 4.11723 4.13966 4.16111 4.18146 4.20063 4.21852 4.23507 4.25021 4.26388 4.27604 4.28664 4.29565 4.30304 4.30879 4.31289 4.31532 4.31607 4.31514 4.31252 4.30823 4.30226 4.29463 4.28536 4.27448 4.26201 4.24801 4.23252 4.2156 4.19733 4.17779 4.15706 4.13527 4.11251 4.08892 4.06463 4.03978 4.01451 3.98896 3.96331 3.93768 3.91223 3.88711 3.86244 3.83837 3.815 3.79245 3.77081 3.75016 3.73057 3.71209 3.69477 3.67863 3.66368 3.64993 3.63737 3.62599 3.61576 3.60665 3.59864 3.5917 3.58577 3.58085 3.57689 3.57387 3.57177 3.57058 
3.56399 3.5646 3.56615 3.56863 3.57207 3.5765 3.58194 3.58842 3.59599 3.60468 3.61451 3.62553 3.63775 3.6512 3.66588 3.6818 3.69894 3.71727 3.73677 3.75738 3.77903 3.80164 3.82512 3.84936 3.87424 3.89965 3.92543 3.95145 3.97757 4.00362 4.02947 4.05496 4.07995 4.10431 4.12789 4.15058 4.17227 4.19284 4.2122 4.23027 4.24697 4.26225 4.27604 4.2883 4.29898 4.30806 4.31552 4.32132 4.32545 4.3279 4.32867 4.32774 4.32511 4.32079 4.31479 4.30711 4.29777 4.28681 4.27424 4.26012 4.24449 4.22741 4.20896 4.18921 4.16825 4.14621 4.12318 4.09929 4.07468 4.04948 4.02385 3.99793 3.97188 3.94585 3.91999 3.89444 3.86936 3.84486 3.82107 3.7981 3.77604 3.75499 3.73501 3.71616 3.69848 3.682 3.66673 3.65268 3.63984 3.6282 3.61774 3.60842 3.60023 3.59311 3.58705 3.582 3.57794 3.57485 3.5727 3.57147 
3.56477 3.5654 3.56698 3.56951 3.57302 3.57754 3.58309 3.58971 3.59743 3.60629 3.61632 3.62755 3.64001 3.65371 3.66866 3.68487 3.70231 3.72097 3.7408 3.76175 3.78376 3.80673 3.83057 3.85518 3.88044 3.9062 3.93234 3.95871 3.98517 4.01155 4.03771 4.0635 4.08877 4.11338 4.13721 4.16012 4.18201 4.20277 4.2223 4.24052 4.25736 4.27275 4.28664 4.29898 4.30974 4.31889 4.32639 4.33223 4.33639 4.33887 4.33964 4.33871 4.33608 4.33174 4.32571 4.31798 4.30859 4.29756 4.28491 4.27069 4.25494 4.23772 4.21911 4.19918 4.17804 4.15577 4.1325 4.10836 4.08347 4.05798 4.03203 4.00579 3.9794 3.95302 3.9268 3.90089 3.87543 3.85056 3.8264 3.80306 3.78065 3.75925 3.73893 3.71975 3.70175 3.68497 3.66942 3.65511 3.64203 3.63016 3.61949 3.60999 3.60163 3.59437 3.58818 3.58303 3.57888 3.57572 3.57352 3.57227 
3.56546 3.5661 3.5677 3.57028 3.57385 3.57845 3.58409 3.59082 3.59868 3.60768 3.61788 3.62929 3.64195 3.65587 3.67105 3.68751 3.70521 3.72415 3.74426 3.76551 3.78781 3.81109 3.83524 3.86016 3.88573 3.9118 3.93824 3.96491 3.99165 4.01831 4.04473 4.07077 4.09628 4.12111 4.14514 4.16825 4.19031 4.21122 4.23089 4.24923 4.26618 4.28167 4.29565 4.30806 4.31889 4.32808 4.33563 4.3415 4.34569 4.34818 4.34897 4.34804 4.3454 4.34105 4.33499 4.32723 4.31779 4.3067 4.29398 4.27967 4.26382 4.24649 4.22775 4.20768 4.18636 4.16391 4.14045 4.11608 4.09096 4.06522 4.03901 4.01249 3.98581 3.95913 3.93261 3.90639 3.88062 3.85543 3.83096 3.80731 3.78459 3.76289 3.74228 3.72282 3.70456 3.68753 3.67174 3.6572 3.64391 3.63185 3.62101 3.61135 3.60284 3.59545 3.58916 3.58391 3.5797 3.57648 3.57424 3.57296 
3.56603 3.56668 3.5683 3.57092 3.57454 3.5792 3.58493 3.59175 3.59971 3.60884 3.61917 3.63074 3.64356 3.65766 3.67304 3.68969 3.70761 3.72677 3.74712 3.7686 3.79115 3.81468 3.83909 3.86427 3.89008 3.91641 3.9431 3.97001 3.99698 4.02386 4.0505 4.07674 4.10244 4.12746 4.15166 4.17491 4.19711 4.21815 4.23794 4.25639 4.27343 4.28899 4.30304 4.31552 4.32639 4.33563 4.34321 4.34911 4.35332 4.35583 4.35662 4.35569 4.35305 4.34868 4.3426 4.33482 4.32534 4.3142 4.30143 4.28705 4.27112 4.25369 4.23484 4.21465 4.1932 4.1706 4.14697 4.12243 4.09711 4.07117 4.04475 4.018 3.99109 3.96417 3.93739 3.91092 3.88489 3.85945 3.83472 3.81082 3.78785 3.7659 3.74505 3.72537 3.70688 3.68964 3.67365 3.65893 3.64547 3.63325 3.62226 3.61247 3.60385 3.59636 3.58997 3.58466 3.58038 3.57711 3.57484 3.57355 
3.56649 3.56715 3.56879 3.57143 3.57509 3.5798 3.58559 3.59249 3.60053 3.60976 3.6202 3.63188 3.64483 3.65907 3.67459 3.69141 3.70949 3.72882 3.74935 3.77102 3.79376 3.81749 3.84209 3.86746 3.89348 3.92 3.94688 3.97397 4.00113 4.02819 4.05499 4.08139 4.10724 4.1324 4.15672 4.1801 4.20241 4.22355 4.24342 4.26195 4.27906 4.29469 4.30879 4.32132 4.33223 4.3415 4.34911 4.35504 4.35926 4.36178 4.36258 4.36165 4.359 4.35463 4.34853 4.34072 4.33122 4.32004 4.30722 4.29279 4.27679 4.2593 4.24036 4.22007 4.19852 4.1758 4.15204 4.12736 4.1019 4.0758 4.04921 4.02229 3.99519 3.96808 3.94112 3.91445 3.88822 3.86258 3.83765 3.81355 3.79039 3.76825 3.74722 3.72736 3.7087 3.6913 3.67516 3.66029 3.6467 3.63436 3.62325 3.61336 3.60465 3.59708 3.59062 3.58525 3.58092 3.57762 3.57532 3.57401 
3.56683 3.56749 3.56915 3.57181 3.5755 3.58025 3.58608 3.59303 3.60113 3.61042 3.62094 3.6327 3.64575 3.66008 3.67571 3.69263 3.71084 3.73029 3.75095 3.77275 3.79562 3.81948 3.84423 3.86974 3.89589 3.92254 3.94956 3.97679 4.00407 4.03125 4.05817 4.08469 4.11064 4.1359 4.16032 4.18378 4.20617 4.22738 4.24732 4.26591 4.28307 4.29875 4.31289 4.32545 4.33639 4.34569 4.35332 4.35926 4.3635 4.36603 4.36683 4.36591 4.36325 4.35887 4.35276 4.34493 4.33541 4.3242 4.31134 4.29687 4.28083 4.26328 4.24428 4.22392 4.20229 4.17949 4.15564 4.13086 4.1053 4.07908 4.05237 4.02533 3.9981 3.97086 3.94376 3.91695 3.89058 3.8648 3.83973 3.81549 3.7922 3.76993 3.74877 3.72878 3.71 3.69248 3.67624 3.66127 3.64758 3.63515 3.62397 3.61401 3.60523 3.5976 3.5911 3.58568 3.58132 3.57799 3.57567 3.57435 
3.56705 3.56771 3.56937 3.57205 3.57576 3.58052 3.58638 3.59336 3.6015 3.61083 3.62139 3.6332 3.6463 3.66069 3.67638 3.69337 3.71164 3.73116 3.75189 3.77377 3.79672 3.82066 3.84548 3.87107 3.8973 3.92403 3.95113 3.97843 4.00579 4.03304 4.06003 4.08661 4.11263 4.13795 4.16243 4.18594 4.20838 4.22964 4.24962 4.26824 4.28544 4.30115 4.31532 4.3279 4.33887 4.34818 4.35583 4.36178 4.36603 4.36856 4.36936 4.36844 4.36578 4.36139 4.35527 4.34744 4.33789 4.32667 4.31379 4.29929 4.28321 4.26563 4.24659 4.22619 4.20451 4.18166 4.15775 4.13291 4.10728 4.081 4.05422 4.0271 3.9998 3.97248 3.9453 3.91841 3.89196 3.8661 3.84095 3.81663 3.79326 3.77091 3.74968 3.72962 3.71078 3.69319 3.67688 3.66186 3.64811 3.63564 3.62441 3.6144 3.60558 3.59793 3.59139 3.58595 3.58157 3.57823 3.5759 3.57457 
