6.39823 6.39842 6.39872 6.39914 6.39968 6.40033 6.4011 6.40199 6.40299 6.40411 6.40534 6.40669 6.40815 6.40973 6.41141 6.4132 6.4151 6.4171 6.4192 6.42139 6.42368 6.42604 6.42848 6.43098 6.43355 6.43616 6.43882 6.44151 6.44421 6.44693 6.44964 6.45233 6.45499 6.45761 6.46017 6.46266 6.46506 6.46737 6.46957 6.47165 6.47359 6.47539 6.47703 6.4785 6.4798 6.48091 6.48184 6.48257 6.4831 6.48342 6.48355 6.48346 6.48318 6.48269 6.482 6.48112 6.48005 6.4788 6.47738 6.47579 6.47405 6.47217 6.47016 6.46803 6.46579 6.46347 6.46106 6.45859 6.45606 6.4535 6.45092 6.44832 6.44572 6.44314 6.44058 6.43806 6.43558 6.43316 6.43081 6.42853 6.42634 6.42423 6.42221 6.4203 6.41849 6.41679 6.4152 6.41372 6.41236 6.41111 6.40999 6.40898 6.4081 6.40733 6.40669 6.40616 6.40575 6.40547 6.4053 6.40525 
6.39842 6.3986 6.39891 6.39933 6.39987 6.40052 6.4013 6.40219 6.4032 6.40432 6.40556 6.40692 6.40839 6.40997 6.41167 6.41347 6.41538 6.41739 6.4195 6.42171 6.424 6.42638 6.42883 6.43136 6.43394 6.43657 6.43924 6.44195 6.44467 6.4474 6.45013 6.45284 6.45551 6.45815 6.46073 6.46323 6.46565 6.46798 6.47019 6.47228 6.47424 6.47604 6.47769 6.47918 6.48048 6.4816 6.48254 6.48327 6.4838 6.48413 6.48425 6.48417 6.48388 6.48339 6.4827 6.48181 6.48073 6.47947 6.47804 6.47645 6.4747 6.4728 6.47078 6.46863 6.46638 6.46404 6.46162 6.45913 6.45659 6.45401 6.45141 6.44879 6.44618 6.44358 6.441 6.43846 6.43597 6.43354 6.43117 6.42887 6.42666 6.42454 6.42251 6.42059 6.41877 6.41705 6.41545 6.41396 6.41259 6.41134 6.41021 6.4092 6.40831 6.40754 6.40689 6.40636 6.40595 6.40566 6.40549 6.40543 
6.39872 6.39891 6.39921 6.39964 6.40018 6.40085 6.40163 6.40254 6.40356 6.4047 6.40596 6.40734 6.40883 6.41044 6.41216 6.41399 6.41593 6.41798 6.42012 6.42236 6.42469 6.42711 6.4296 6.43216 6.43478 6.43746 6.44017 6.44292 6.44569 6.44846 6.45123 6.45398 6.4567 6.45938 6.46199 6.46454 6.467 6.46936 6.4716 6.47373 6.47571 6.47754 6.47922 6.48072 6.48205 6.48319 6.48413 6.48488 6.48542 6.48575 6.48587 6.48579 6.48549 6.48499 6.48429 6.48339 6.48229 6.48101 6.47956 6.47794 6.47616 6.47424 6.47218 6.47 6.46771 6.46533 6.46287 6.46034 6.45776 6.45514 6.45249 6.44984 6.44718 6.44454 6.44192 6.43934 6.43681 6.43433 6.43193 6.42959 6.42735 6.42519 6.42313 6.42117 6.41931 6.41757 6.41594 6.41443 6.41304 6.41176 6.41061 6.40958 6.40867 6.40789 6.40722 6.40668 6.40626 6.40597 6.40579 6.40574 
6.39914 6.39933 6.39964 6.40007 6.40063 6.40131 6.40211 6.40304 6.40408 6.40525 6.40654 6.40795 6.40948 6.41113 6.41289 6.41477 6.41676 6.41886 6.42106 6.42335 6.42574 6.42822 6.43077 6.4334 6.43609 6.43883 6.44161 6.44442 6.44726 6.4501 6.45294 6.45576 6.45854 6.46128 6.46396 6.46657 6.46909 6.4715 6.47381 6.47598 6.47801 6.47989 6.4816 6.48314 6.4845 6.48566 6.48663 6.48739 6.48794 6.48828 6.4884 6.48832 6.48801 6.4875 6.48678 6.48585 6.48473 6.48342 6.48193 6.48026 6.47844 6.47647 6.47436 6.47213 6.46978 6.46734 6.46482 6.46223 6.45958 6.4569 6.45418 6.45146 6.44873 6.44602 6.44334 6.44069 6.43809 6.43556 6.43309 6.43069 6.42838 6.42617 6.42405 6.42204 6.42014 6.41835 6.41667 6.41512 6.41369 6.41238 6.41119 6.41013 6.40919 6.40838 6.4077 6.40714 6.40671 6.4064 6.40622 6.40616 
6.39968 6.39987 6.40018 6.40063 6.4012 6.4019 6.40273 6.40368 6.40476 6.40597 6.4073 6.40876 6.41034 6.41205 6.41387 6.41581 6.41787 6.42003 6.42231 6.42468 6.42715 6.42971 6.43235 6.43506 6.43784 6.44068 6.44355 6.44646 6.44939 6.45232 6.45525 6.45816 6.46104 6.46387 6.46664 6.46933 6.47193 6.47442 6.47679 6.47904 6.48113 6.48307 6.48484 6.48642 6.48782 6.48902 6.49001 6.4908 6.49137 6.49171 6.49184 6.49175 6.49143 6.4909 6.49015 6.4892 6.48804 6.48668 6.48514 6.48342 6.48154 6.4795 6.47732 6.47502 6.47259 6.47007 6.46746 6.46479 6.46205 6.45927 6.45647 6.45365 6.45083 6.44803 6.44525 6.44252 6.43983 6.4372 6.43464 6.43217 6.42978 6.42748 6.42529 6.4232 6.42123 6.41938 6.41764 6.41603 6.41454 6.41318 6.41195 6.41085 6.40987 6.40903 6.40832 6.40774 6.40728 6.40696 6.40676 6.4067 
6.40033 6.40052 6.40085 6.40131 6.4019 6.40263 6.40349 6.40448 6.4056 6.40686 6.40825 6.40976 6.41141 6.41318 6.41508 6.41711 6.41925 6.4215 6.42387 6.42635 6.42892 6.43159 6.43434 6.43716 6.44005 6.443 6.446 6.44902 6.45207 6.45513 6.45817 6.4612 6.46419 6.46714 6.47001 6.47281 6.47551 6.4781 6.48057 6.4829 6.48507 6.48708 6.48892 6.49057 6.49202 6.49326 6.49429 6.4951 6.49569 6.49605 6.49618 6.49608 6.49575 6.49519 6.49441 6.49342 6.49221 6.4908 6.4892 6.48741 6.48545 6.48333 6.48106 6.47866 6.47614 6.47351 6.4708 6.46801 6.46516 6.46227 6.45935 6.45641 6.45348 6.45056 6.44766 6.44481 6.44201 6.43927 6.4366 6.43401 6.43152 6.42913 6.42684 6.42466 6.4226 6.42066 6.41884 6.41715 6.4156 6.41417 6.41288 6.41173 6.41071 6.40982 6.40907 6.40846 6.40798 6.40764 6.40743 6.40736 
6.4011 6.4013 6.40163 6.40211 6.40273 6.40349 6.40439 6.40542 6.4066 6.40791 6.40937 6.41096 6.41269 6.41455 6.41654 6.41866 6.4209 6.42327 6.42575 6.42835 6.43105 6.43384 6.43672 6.43969 6.44272 6.44581 6.44894 6.45211 6.4553 6.4585 6.46169 6.46486 6.46799 6.47107 6.47408 6.47701 6.47983 6.48254 6.48512 6.48755 6.48982 6.49193 6.49384 6.49556 6.49708 6.49837 6.49945 6.50029 6.50091 6.50128 6.50141 6.5013 6.50096 6.50037 6.49955 6.49851 6.49724 6.49577 6.49409 6.49221 6.49016 6.48794 6.48557 6.48305 6.48041 6.47766 6.47482 6.4719 6.46891 6.46588 6.46282 6.45974 6.45667 6.4536 6.45057 6.44757 6.44463 6.44175 6.43895 6.43624 6.43362 6.4311 6.42869 6.4264 6.42423 6.42219 6.42028 6.4185 6.41686 6.41536 6.414 6.41278 6.4117 6.41076 6.40997 6.40932 6.40881 6.40844 6.40821 6.40813 
6.40199 6.40219 6.40254 6.40304 6.40368 6.40448 6.40542 6.40651 6.40775 6.40914 6.41067 6.41235 6.41417 6.41613 6.41823 6.42047 6.42283 6.42533 6.42795 6.43068 6.43353 6.43647 6.43951 6.44263 6.44583 6.44908 6.45239 6.45573 6.45909 6.46245 6.46581 6.46915 6.47244 6.47568 6.47884 6.48192 6.48488 6.48773 6.49044 6.49299 6.49538 6.49759 6.4996 6.5014 6.50299 6.50435 6.50548 6.50636 6.507 6.50739 6.50753 6.50741 6.50704 6.50643 6.50556 6.50446 6.50313 6.50157 6.4998 6.49783 6.49567 6.49333 6.49083 6.48819 6.48541 6.48251 6.47952 6.47644 6.4733 6.4701 6.46688 6.46363 6.46039 6.45716 6.45396 6.4508 6.44769 6.44466 6.4417 6.43883 6.43606 6.4334 6.43086 6.42843 6.42614 6.42398 6.42195 6.42007 6.41833 6.41673 6.41529 6.41399 6.41284 6.41185 6.411 6.41031 6.40976 6.40936 6.40912 6.40902 
6.40299 6.4032 6.40356 6.40408 6.40476 6.4056 6.4066 6.40775 6.40906 6.41053 6.41215 6.41393 6.41585 6.41793 6.42016 6.42253 6.42504 6.42768 6.43046 6.43335 6.43636 6.43948 6.4427 6.44601 6.44939 6.45283 6.45632 6.45986 6.46341 6.46697 6.47052 6.47404 6.47752 6.48094 6.48428 6.48753 6.49066 6.49366 6.49652 6.49922 6.50173 6.50406 6.50618 6.50808 6.50975 6.51118 6.51237 6.5133 6.51397 6.51438 6.51452 6.51439 6.514 6.51334 6.51243 6.51127 6.50986 6.50821 6.50634 6.50426 6.50197 6.4995 6.49686 6.49406 6.49112 6.48806 6.48489 6.48163 6.47831 6.47493 6.47151 6.46808 6.46465 6.46122 6.45783 6.45448 6.45119 6.44797 6.44484 6.44179 6.43885 6.43603 6.43332 6.43075 6.42831 6.42601 6.42386 6.42185 6.42 6.4183 6.41676 6.41537 6.41415 6.41308 6.41217 6.41143 6.41084 6.41041 6.41014 6.41003 
6.40411 6.40432 6.4047 6.40525 6.40597 6.40686 6.40791 6.40914 6.41053 6.41209 6.41381 6.4157 6.41775 6.41996 6.42232 6.42484 6.42751 6.43032 6.43327 6.43635 6.43955 6.44287 6.44628 6.44979 6.45338 6.45704 6.46075 6.4645 6.46827 6.47204 6.47581 6.47954 6.48323 6.48685 6.49039 6.49383 6.49715 6.50033 6.50335 6.50621 6.50887 6.51133 6.51357 6.51558 6.51734 6.51886 6.52011 6.52109 6.52179 6.52222 6.52236 6.52223 6.52181 6.52111 6.52014 6.5189 6.51741 6.51566 6.51368 6.51147 6.50904 6.50642 6.50362 6.50065 6.49753 6.49429 6.49092 6.48747 6.48394 6.48035 6.47673 6.47308 6.46943 6.46579 6.46219 6.45862 6.45512 6.4517 6.44836 6.44512 6.44199 6.43898 6.4361 6.43335 6.43075 6.42829 6.42599 6.42385 6.42187 6.42005 6.4184 6.41692 6.4156 6.41446 6.41348 6.41268 6.41204 6.41158 6.41128 6.41115 
6.40534 6.40556 6.40596 6.40654 6.4073 6.40825 6.40937 6.41067 6.41215 6.41381 6.41565 6.41766 6.41984 6.4222 6.42472 6.42741 6.43025 6.43325 6.43639 6.43967 6.44309 6.44662 6.45026 6.454 6.45782 6.46171 6.46566 6.46964 6.47365 6.47767 6.48167 6.48564 6.48956 6.49341 6.49717 6.50082 6.50434 6.50771 6.51092 6.51395 6.51677 6.51938 6.52175 6.52388 6.52575 6.52735 6.52868 6.52971 6.53046 6.53091 6.53105 6.5309 6.53046 6.52971 6.52868 6.52736 6.52577 6.52391 6.52181 6.51946 6.51688 6.51409 6.51111 6.50796 6.50464 6.50119 6.49761 6.49393 6.49018 6.48636 6.4825 6.47862 6.47473 6.47085 6.46701 6.46321 6.45948 6.45583 6.45226 6.44881 6.44546 6.44225 6.43917 6.43623 6.43345 6.43082 6.42836 6.42606 6.42394 6.42199 6.42022 6.41862 6.41721 6.41598 6.41493 6.41406 6.41337 6.41286 6.41254 6.4124 
6.40669 6.40692 6.40734 6.40795 6.40876 6.40976 6.41096 6.41235 6.41393 6.4157 6.41766 6.41981 6.42214 6.42465 6.42735 6.43022 6.43326 6.43646 6.43981 6.44332 6.44696 6.45073 6.45461 6.4586 6.46268 6.46683 6.47104 6.47529 6.47956 6.48383 6.4881 6.49232 6.49649 6.50059 6.50459 6.50847 6.51222 6.5158 6.51921 6.52243 6.52543 6.52819 6.53071 6.53297 6.53496 6.53666 6.53806 6.53915 6.53994 6.54041 6.54057 6.5404 6.53992 6.53913 6.53803 6.53662 6.53493 6.53295 6.5307 6.5282 6.52546 6.52249 6.51932 6.51595 6.51242 6.50874 6.50493 6.50102 6.49701 6.49294 6.48883 6.48468 6.48054 6.4764 6.4723 6.46825 6.46426 6.46035 6.45655 6.45285 6.44927 6.44583 6.44253 6.43939 6.4364 6.43359 6.43095 6.42848 6.4262 6.42411 6.42221 6.42049 6.41897 6.41764 6.41651 6.41557 6.41482 6.41427 6.41391 6.41375 
6.40815 6.40839 6.40883 6.40948 6.41034 6.41141 6.41269 6.41417 6.41585 6.41775 6.41984 6.42214 6.42463 6.42732 6.43021 6.43328 6.43652 6.43995 6.44353 6.44728 6.45117 6.4552 6.45935 6.46361 6.46796 6.47239 6.47688 6.48141 6.48597 6.49053 6.49507 6.49958 6.50402 6.50838 6.51264 6.51678 6.52076 6.52458 6.5282 6.53162 6.53481 6.53775 6.54043 6.54283 6.54494 6.54674 6.54823 6.54939 6.55022 6.55072 6.55088 6.5507 6.55019 6.54934 6.54816 6.54666 6.54486 6.54275 6.54035 6.53769 6.53476 6.5316 6.52822 6.52463 6.52087 6.51694 6.51288 6.5087 6.50443 6.50009 6.49569 6.49127 6.48684 6.48242 6.47804 6.47371 6.46945 6.46527 6.46119 6.45724 6.45341 6.44972 6.44619 6.44282 6.43962 6.4366 6.43376 6.43111 6.42866 6.42641 6.42436 6.42252 6.42088 6.41944 6.41822 6.4172 6.41639 6.4158 6.4154 6.41522 
6.40973 6.40997 6.41044 6.41113 6.41205 6.41318 6.41455 6.41613 6.41793 6.41996 6.4222 6.42465 6.42732 6.4302 6.43329 6.43657 6.44005 6.44371 6.44755 6.45155 6.45571 6.46002 6.46445 6.469 6.47365 6.47838 6.48317 6.48801 6.49287 6.49774 6.50258 6.50739 6.51212 6.51677 6.52131 6.52571 6.52996 6.53402 6.53788 6.54151 6.54491 6.54803 6.55088 6.55343 6.55567 6.55758 6.55916 6.5604 6.56128 6.5618 6.56197 6.56177 6.56122 6.56031 6.55906 6.55746 6.55553 6.55328 6.55073 6.54788 6.54477 6.5414 6.53779 6.53397 6.52995 6.52577 6.52143 6.51697 6.51241 6.50778 6.50309 6.49836 6.49363 6.48891 6.48422 6.47959 6.47503 6.47056 6.4662 6.46196 6.45786 6.45391 6.45013 6.44651 6.44308 6.43984 6.43679 6.43395 6.43132 6.42889 6.42669 6.4247 6.42293 6.42139 6.42007 6.41897 6.41809 6.41744 6.41701 6.41681 
6.41141 6.41167 6.41216 6.41289 6.41387 6.41508 6.41654 6.41823 6.42016 6.42232 6.42472 6.42735 6.43021 6.43329 6.43659 6.4401 6.44382 6.44773 6.45184 6.45612 6.46057 6.46517 6.46991 6.47477 6.47974 6.48479 6.48991 6.49507 6.50026 6.50545 6.51061 6.51573 6.52078 6.52574 6.53057 6.53526 6.53978 6.5441 6.54821 6.55208 6.55568 6.55901 6.56204 6.56475 6.56712 6.56916 6.57083 6.57214 6.57307 6.57363 6.5738 6.57359 6.573 6.57203 6.57068 6.56898 6.56692 6.56453 6.5618 6.55877 6.55545 6.55186 6.54801 6.54394 6.53965 6.53519 6.53057 6.52581 6.52095 6.516 6.51099 6.50594 6.50089 6.49585 6.49084 6.48588 6.48101 6.47623 6.47156 6.46702 6.46263 6.4584 6.45434 6.45047 6.44678 6.4433 6.44004 6.43698 6.43415 6.43155 6.42918 6.42704 6.42513 6.42347 6.42204 6.42085 6.4199 6.41919 6.41873 6.4185 
6.4132 6.41347 6.41399 6.41477 6.41581 6.41711 6.41866 6.42047 6.42253 6.42484 6.42741 6.43022 6.43328 6.43657 6.4401 6.44386 6.44783 6.45202 6.45641 6.46099 6.46574 6.47066 6.47572 6.48091 6.48621 6.4916 6.49706 6.50257 6.5081 6.51364 6.51914 6.5246 6.52998 6.53525 6.5404 6.54539 6.5502 6.5548 6.55917 6.56328 6.56712 6.57065 6.57387 6.57675 6.57927 6.58143 6.58321 6.58459 6.58558 6.58617 6.58634 6.58612 6.58548 6.58444 6.58301 6.5812 6.57901 6.57645 6.57355 6.57032 6.56678 6.56295 6.55886 6.55451 6.54995 6.54519 6.54026 6.53519 6.53 6.52472 6.51938 6.51399 6.5086 6.50321 6.49786 6.49257 6.48736 6.48225 6.47726 6.4724 6.4677 6.46317 6.45882 6.45467 6.45072 6.44699 6.44349 6.44021 6.43717 6.43438 6.43183 6.42952 6.42748 6.42568 6.42414 6.42286 6.42183 6.42106 6.42055 6.4203 
6.4151 6.41538 6.41593 6.41676 6.41787 6.41925 6.4209 6.42283 6.42504 6.42751 6.43025 6.43326 6.43652 6.44005 6.44382 6.44783 6.45208 6.45656 6.46124 6.46613 6.47121 6.47646 6.48186 6.4874 6.49305 6.4988 6.50462 6.51049 6.51639 6.52228 6.52815 6.53396 6.53968 6.5453 6.55077 6.55608 6.56119 6.56608 6.57073 6.5751 6.57917 6.58292 6.58634 6.5894 6.59208 6.59436 6.59625 6.59772 6.59876 6.59938 6.59956 6.59932 6.59864 6.59753 6.59601 6.59407 6.59174 6.58902 6.58594 6.5825 6.57873 6.57465 6.57029 6.56567 6.56081 6.55574 6.55049 6.54509 6.53956 6.53393 6.52824 6.52249 6.51674 6.51099 6.50528 6.49963 6.49407 6.48861 6.48327 6.47809 6.47306 6.46821 6.46356 6.45912 6.45489 6.45089 6.44714 6.44362 6.44037 6.43736 6.43463 6.43216 6.42995 6.42802 6.42636 6.42498 6.42387 6.42304 6.42249 6.42221 
6.4171 6.41739 6.41798 6.41886 6.42003 6.4215 6.42327 6.42533 6.42768 6.43032 6.43325 6.43646 6.43995 6.44371 6.44773 6.45202 6.45656 6.46133 6.46633 6.47155 6.47696 6.48256 6.48831 6.49422 6.50024 6.50637 6.51257 6.51882 6.52509 6.53137 6.5376 6.54378 6.54987 6.55584 6.56166 6.56729 6.57272 6.57792 6.58285 6.58749 6.59181 6.59579 6.59942 6.60266 6.6055 6.60792 6.60992 6.61147 6.61258 6.61323 6.61342 6.61315 6.61243 6.61125 6.60963 6.60757 6.60509 6.6022 6.59892 6.59527 6.59126 6.58693 6.58229 6.57737 6.5722 6.56681 6.56123 6.55548 6.54959 6.5436 6.53754 6.53142 6.52529 6.51917 6.51308 6.50706 6.50112 6.4953 6.4896 6.48406 6.4787 6.47352 6.46855 6.4638 6.45928 6.455 6.45098 6.44722 6.44373 6.44051 6.43758 6.43493 6.43256 6.43049 6.42871 6.42722 6.42603 6.42513 6.42453 6.42422 
6.4192 6.4195 6.42012 6.42106 6.42231 6.42387 6.42575 6.42795 6.43046 6.43327 6.43639 6.43981 6.44353 6.44755 6.45184 6.45641 6.46124 6.46633 6.47166 6.47722 6.48298 6.48894 6.49507 6.50136 6.50777 6.51428 6.52088 6.52752 6.53419 6.54086 6.54748 6.55405 6.56051 6.56685 6.57302 6.579 6.58476 6.59027 6.5955 6.60042 6.605 6.60922 6.61306 6.61649 6.6195 6.62206 6.62417 6.62582 6.62699 6.62767 6.62787 6.62758 6.62681 6.62556 6.62383 6.62165 6.61901 6.61595 6.61246 6.60858 6.60433 6.59973 6.59481 6.58959 6.5841 6.57837 6.57244 6.56633 6.56007 6.5537 6.54725 6.54075 6.53423 6.52771 6.52123 6.51482 6.5085 6.50229 6.49622 6.49032 6.48459 6.47907 6.47377 6.46869 6.46387 6.4593 6.455 6.45098 6.44725 6.44381 6.44067 6.43783 6.4353 6.43307 6.43116 6.42957 6.42828 6.42732 6.42667 6.42633 
6.42139 6.42171 6.42236 6.42335 6.42468 6.42635 6.42835 6.43068 6.43335 6.43635 6.43967 6.44332 6.44728 6.45155 6.45612 6.46099 6.46613 6.47155 6.47722 6.48313 6.48926 6.49559 6.50211 6.50879 6.5156 6.52252 6.52952 6.53658 6.54366 6.55073 6.55776 6.56472 6.57157 6.57829 6.58483 6.59117 6.59727 6.6031 6.60864 6.61384 6.61869 6.62316 6.62722 6.63084 6.63402 6.63674 6.63897 6.6407 6.64193 6.64266 6.64286 6.64255 6.64173 6.6404 6.63858 6.63626 6.63347 6.63021 6.62652 6.62241 6.6179 6.61303 6.60781 6.60227 6.59645 6.59038 6.58408 6.5776 6.57096 6.5642 6.55735 6.55045 6.54352 6.5366 6.52971 6.52289 6.51617 6.50957 6.50312 6.49683 6.49074 6.48486 6.4792 6.4738 6.46865 6.46378 6.4592 6.45491 6.45092 6.44725 6.44389 6.44086 6.43815 6.43577 6.43373 6.43201 6.43064 6.4296 6.4289 6.42854 
6.42368 6.424 6.42469 6.42574 6.42715 6.42892 6.43105 6.43353 6.43636 6.43955 6.44309 6.44696 6.45117 6.45571 6.46057 6.46574 6.47121 6.47696 6.48298 6.48926 6.49577 6.50249 6.50941 6.51649 6.52372 6.53106 6.53848 6.54596 6.55346 6.56095 6.5684 6.57576 6.58302 6.59012 6.59705 6.60375 6.6102 6.61637 6.62222 6.62772 6.63284 6.63756 6.64185 6.64568 6.64903 6.6519 6.65425 6.65608 6.65738 6.65813 6.65835 6.65802 6.65715 6.65574 6.6538 6.65135 6.6484 6.64496 6.64105 6.6367 6.63193 6.62677 6.62124 6.61539 6.60923 6.6028 6.59613 6.58926 6.58223 6.57507 6.56781 6.56049 6.55314 6.5458 6.5385 6.53126 6.52412 6.51712 6.51026 6.50358 6.49711 6.49085 6.48484 6.47909 6.47362 6.46844 6.46355 6.45899 6.45474 6.45082 6.44724 6.44401 6.44112 6.43858 6.43639 6.43456 6.43309 6.43197 6.43122 6.43083 
6.42604 6.42638 6.42711 6.42822 6.42971 6.43159 6.43384 6.43647 6.43948 6.44287 6.44662 6.45073 6.4552 6.46002 6.46517 6.47066 6.47646 6.48256 6.48894 6.49559 6.50249 6.50962 6.51695 6.52445 6.5321 6.53986 6.54772 6.55563 6.56356 6.57148 6.57936 6.58714 6.59481 6.60231 6.60962 6.6167 6.62352 6.63002 6.6362 6.642 6.6474 6.65238 6.6569 6.66093 6.66447 6.66749 6.66996 6.67189 6.67326 6.67405 6.67427 6.67392 6.673 6.67151 6.66946 6.66687 6.66375 6.66012 6.65599 6.6514 6.64636 6.64091 6.63507 6.62889 6.62238 6.61558 6.60854 6.60128 6.59384 6.58627 6.57859 6.57084 6.56306 6.55529 6.54755 6.53989 6.53233 6.5249 6.51763 6.51055 6.50368 6.49705 6.49067 6.48457 6.47875 6.47324 6.46806 6.4632 6.45868 6.45452 6.45071 6.44726 6.44419 6.44148 6.43915 6.4372 6.43563 6.43443 6.43363 6.4332 
6.42848 6.42883 6.4296 6.43077 6.43235 6.43434 6.43672 6.43951 6.4427 6.44628 6.45026 6.45461 6.45935 6.46445 6.46991 6.47572 6.48186 6.48831 6.49507 6.50211 6.50941 6.51695 6.52469 6.53262 6.5407 6.54891 6.55721 6.56556 6.57394 6.5823 6.5906 6.59882 6.6069 6.61482 6.62252 6.62998 6.63716 6.64402 6.65052 6.65663 6.66232 6.66755 6.67231 6.67656 6.68028 6.68345 6.68606 6.68808 6.68951 6.69035 6.69058 6.69021 6.68923 6.68766 6.6855 6.68277 6.67948 6.67565 6.6713 6.66646 6.66115 6.6554 6.64925 6.64272 6.63586 6.62869 6.62126 6.6136 6.60575 6.59775 6.58964 6.58146 6.57324 6.56503 6.55686 6.54875 6.54076 6.5329 6.52521 6.51772 6.51044 6.50342 6.49666 6.49019 6.48403 6.47819 6.47269 6.46754 6.46275 6.45832 6.45428 6.45062 6.44735 6.44447 6.44199 6.43992 6.43824 6.43697 6.43611 6.43565 
6.43098 6.43136 6.43216 6.4334 6.43506 6.43716 6.43969 6.44263 6.44601 6.44979 6.454 6.4586 6.46361 6.469 6.47477 6.48091 6.4874 6.49422 6.50136 6.50879 6.51649 6.52445 6.53262 6.54099 6.54951 6.55817 6.56691 6.57572 6.58454 6.59335 6.6021 6.61074 6.61925 6.62758 6.63569 6.64354 6.65109 6.6583 6.66513 6.67156 6.67754 6.68304 6.68803 6.6925 6.6964 6.69973 6.70247 6.70459 6.70609 6.70696 6.7072 6.70681 6.70578 6.70412 6.70185 6.69898 6.69552 6.69149 6.68691 6.68182 6.67623 6.67019 6.66371 6.65684 6.64961 6.64207 6.63424 6.62618 6.61791 6.60948 6.60094 6.59231 6.58365 6.57499 6.56637 6.55782 6.54938 6.54108 6.53296 6.52505 6.51737 6.50994 6.5028 6.49596 6.48944 6.48326 6.47744 6.47199 6.46691 6.46223 6.45794 6.45406 6.4506 6.44754 6.44491 6.44271 6.44093 6.43958 6.43866 6.43817 
6.43355 6.43394 6.43478 6.43609 6.43784 6.44005 6.44272 6.44583 6.44939 6.45338 6.45782 6.46268 6.46796 6.47365 6.47974 6.48621 6.49305 6.50024 6.50777 6.5156 6.52372 6.5321 6.5407 6.54951 6.55849 6.56759 6.5768 6.58606 6.59534 6.6046 6.61379 6.62288 6.63182 6.64057 6.64908 6.65732 6.66525 6.67281 6.67998 6.68672 6.69299 6.69876 6.704 6.70868 6.71277 6.71626 6.71913 6.72135 6.72292 6.72383 6.72408 6.72366 6.72258 6.72084 6.71846 6.71544 6.7118 6.70757 6.70277 6.69742 6.69156 6.68521 6.67841 6.67119 6.6636 6.65567 6.64745 6.63897 6.63028 6.62142 6.61243 6.60336 6.59425 6.58513 6.57605 6.56705 6.55816 6.54942 6.54087 6.53252 6.52442 6.51659 6.50906 6.50184 6.49496 6.48844 6.48229 6.47653 6.47117 6.46622 6.46169 6.45758 6.45391 6.45069 6.4479 6.44557 6.44368 6.44225 6.44127 6.44074 
6.43616 6.43657 6.43746 6.43883 6.44068 6.443 6.44581 6.44908 6.45283 6.45704 6.46171 6.46683 6.47239 6.47838 6.48479 6.4916 6.4988 6.50637 6.51428 6.52252 6.53106 6.53986 6.54891 6.55817 6.56759 6.57716 6.58682 6.59654 6.60628 6.616 6.62564 6.63517 6.64455 6.65372 6.66264 6.67128 6.67958 6.6875 6.69501 6.70207 6.70863 6.71467 6.72015 6.72505 6.72933 6.73298 6.73597 6.7383 6.73994 6.74089 6.74115 6.7407 6.73957 6.73775 6.73525 6.73208 6.72828 6.72384 6.71881 6.71321 6.70706 6.70041 6.69328 6.68572 6.67776 6.66945 6.66082 6.65193 6.64281 6.63351 6.62408 6.61456 6.60499 6.59541 6.58588 6.57642 6.56708 6.55789 6.54889 6.54011 6.53159 6.52335 6.51542 6.50782 6.50057 6.4937 6.48722 6.48115 6.4755 6.47028 6.4655 6.46117 6.45729 6.45389 6.45095 6.44848 6.44648 6.44497 6.44393 6.44337 
6.43882 6.43924 6.44017 6.44161 6.44355 6.446 6.44894 6.45239 6.45632 6.46075 6.46566 6.47104 6.47688 6.48317 6.48991 6.49706 6.50462 6.51257 6.52088 6.52952 6.53848 6.54772 6.55721 6.56691 6.5768 6.58682 6.59695 6.60713 6.61733 6.6275 6.6376 6.64758 6.65739 6.66698 6.67632 6.68535 6.69402 6.70231 6.71016 6.71753 6.72439 6.73069 6.73642 6.74153 6.746 6.74981 6.75294 6.75536 6.75707 6.75806 6.75833 6.75786 6.75668 6.75477 6.75215 6.74885 6.74487 6.74023 6.73497 6.72911 6.72268 6.71572 6.70827 6.70036 6.69203 6.68333 6.67431 6.665 6.65545 6.64571 6.63583 6.62586 6.61583 6.60579 6.5958 6.58588 6.57608 6.56644 6.557 6.54779 6.53884 6.53019 6.52185 6.51387 6.50625 6.49903 6.49222 6.48583 6.47988 6.47439 6.46936 6.4648 6.46072 6.45713 6.45403 6.45143 6.44933 6.44773 6.44663 6.44604 
6.44151 6.44195 6.44292 6.44442 6.44646 6.44902 6.45211 6.45573 6.45986 6.4645 6.46964 6.47529 6.48141 6.48801 6.49507 6.50257 6.51049 6.51882 6.52752 6.53658 6.54596 6.55563 6.56556 6.57572 6.58606 6.59654 6.60713 6.61778 6.62844 6.63907 6.64962 6.66004 6.67028 6.6803 6.69005 6.69947 6.70852 6.71717 6.72535 6.73304 6.74019 6.74677 6.75274 6.75807 6.76273 6.76669 6.76995 6.77247 6.77426 6.77529 6.77556 6.77507 6.77383 6.77184 6.76911 6.76566 6.7615 6.75667 6.75118 6.74506 6.73836 6.73109 6.72331 6.71505 6.70636 6.69728 6.68785 6.67812 6.66815 6.65797 6.64765 6.63722 6.62673 6.61623 6.60577 6.59539 6.58514 6.57505 6.56516 6.55551 6.54614 6.53707 6.52834 6.51996 6.51198 6.5044 6.49725 6.49055 6.48431 6.47854 6.47326 6.46847 6.46418 6.46041 6.45715 6.45442 6.4522 6.45052 6.44936 6.44874 
6.44421 6.44467 6.44569 6.44726 6.44939 6.45207 6.4553 6.45909 6.46341 6.46827 6.47365 6.47956 6.48597 6.49287 6.50026 6.5081 6.51639 6.52509 6.53419 6.54366 6.55346 6.56356 6.57394 6.58454 6.59534 6.60628 6.61733 6.62844 6.63956 6.65065 6.66165 6.67251 6.68318 6.69362 6.70377 6.71359 6.72302 6.73202 6.74054 6.74854 6.75598 6.76283 6.76904 6.77458 6.77942 6.78355 6.78694 6.78956 6.79141 6.79248 6.79276 6.79225 6.79096 6.78888 6.78604 6.78245 6.77812 6.77309 6.76737 6.761 6.75402 6.74645 6.73835 6.72974 6.72068 6.71122 6.70139 6.69125 6.68085 6.67024 6.65947 6.64858 6.63764 6.62668 6.61577 6.60493 6.59422 6.58367 6.57334 6.56326 6.55346 6.54397 6.53484 6.52608 6.51773 6.5098 6.50231 6.49529 6.48875 6.48271 6.47718 6.47216 6.46767 6.46371 6.46029 6.45742 6.4551 6.45333 6.45211 6.45145 
6.44693 6.4474 6.44846 6.4501 6.45232 6.45513 6.4585 6.46245 6.46697 6.47204 6.47767 6.48383 6.49053 6.49774 6.50545 6.51364 6.52228 6.53137 6.54086 6.55073 6.56095 6.57148 6.5823 6.59335 6.6046 6.616 6.6275 6.63907 6.65065 6.66218 6.67363 6.68493 6.69603 6.70689 6.71744 6.72764 6.73744 6.74679 6.75565 6.76396 6.77169 6.7788 6.78524 6.791 6.79603 6.80031 6.80382 6.80655 6.80847 6.80957 6.80986 6.80933 6.80798 6.80583 6.80287 6.79914 6.79464 6.78941 6.78347 6.77685 6.7696 6.76173 6.7533 6.74436 6.73494 6.72509 6.71487 6.70432 6.6935 6.68246 6.67124 6.65991 6.64852 6.6371 6.62573 6.61443 6.60327 6.59228 6.58151 6.57099 6.56076 6.55087 6.54134 6.53219 6.52347 6.51519 6.50737 6.50003 6.4932 6.48689 6.4811 6.47585 6.47115 6.46701 6.46344 6.46043 6.458 6.45615 6.45487 6.45418 
6.44964 6.45013 6.45123 6.45294 6.45525 6.45817 6.46169 6.46581 6.47052 6.47581 6.48167 6.4881 6.49507 6.50258 6.51061 6.51914 6.52815 6.5376 6.54748 6.55776 6.5684 6.57936 6.5906 6.6021 6.61379 6.62564 6.6376 6.64962 6.66165 6.67363 6.68551 6.69724 6.70877 6.72003 6.73098 6.74157 6.75174 6.76143 6.77061 6.77923 6.78724 6.79461 6.80129 6.80725 6.81246 6.8169 6.82054 6.82336 6.82534 6.82649 6.82679 6.82623 6.82484 6.8226 6.81954 6.81566 6.811 6.80558 6.79942 6.79255 6.78502 6.77686 6.76812 6.75884 6.74906 6.73884 6.72823 6.71728 6.70604 6.69457 6.68292 6.67115 6.65931 6.64745 6.63562 6.62387 6.61226 6.60083 6.58962 6.57867 6.56803 6.55772 6.5478 6.53827 6.52918 6.52055 6.5124 6.50476 6.49763 6.49104 6.48501 6.47953 6.47463 6.47031 6.46657 6.46344 6.46089 6.45896 6.45762 6.4569 
6.45233 6.45284 6.45398 6.45576 6.45816 6.4612 6.46486 6.46915 6.47404 6.47954 6.48564 6.49232 6.49958 6.50739 6.51573 6.5246 6.53396 6.54378 6.55405 6.56472 6.57576 6.58714 6.59882 6.61074 6.62288 6.63517 6.64758 6.66004 6.67251 6.68493 6.69724 6.7094 6.72134 6.73301 6.74435 6.7553 6.76583 6.77587 6.78537 6.79429 6.80257 6.81019 6.8171 6.82327 6.82866 6.83325 6.83701 6.83992 6.84197 6.84316 6.84346 6.84289 6.84144 6.83912 6.83595 6.83194 6.82712 6.82151 6.81513 6.80802 6.80023 6.79178 6.78273 6.77312 6.76299 6.75241 6.74142 6.73007 6.71842 6.70653 6.69446 6.68225 6.66997 6.65766 6.64539 6.6332 6.62115 6.60928 6.59764 6.58627 6.57521 6.56451 6.55419 6.54429 6.53484 6.52586 6.51739 6.50943 6.50202 6.49517 6.48888 6.48318 6.47808 6.47358 6.46969 6.46642 6.46377 6.46175 6.46036 6.4596 
6.45499 6.45551 6.4567 6.45854 6.46104 6.46419 6.46799 6.47244 6.47752 6.48323 6.48956 6.49649 6.50402 6.51212 6.52078 6.52998 6.53968 6.54987 6.56051 6.57157 6.58302 6.59481 6.6069 6.61925 6.63182 6.64455 6.65739 6.67028 6.68318 6.69603 6.70877 6.72134 6.73368 6.74574 6.75746 6.76879 6.77966 6.79003 6.79984 6.80905 6.81761 6.82548 6.83261 6.83898 6.84454 6.84927 6.85315 6.85616 6.85828 6.8595 6.85981 6.85921 6.85772 6.85532 6.85205 6.84791 6.84293 6.83713 6.83054 6.8232 6.81515 6.80642 6.79707 6.78713 6.77667 6.76573 6.75436 6.74262 6.73058 6.71828 6.70579 6.69315 6.68044 6.6677 6.655 6.64238 6.62989 6.61759 6.60553 6.59375 6.58229 6.57119 6.56049 6.55022 6.54041 6.5311 6.5223 6.51405 6.50635 6.49923 6.49271 6.48678 6.48148 6.47681 6.47276 6.46936 6.46661 6.46451 6.46306 6.46227 
6.45761 6.45815 6.45938 6.46128 6.46387 6.46714 6.47107 6.47568 6.48094 6.48685 6.49341 6.50059 6.50838 6.51677 6.52574 6.53525 6.5453 6.55584 6.56685 6.57829 6.59012 6.60231 6.61482 6.62758 6.64057 6.65372 6.66698 6.6803 6.69362 6.70689 6.72003 6.73301 6.74574 6.75819 6.77028 6.78196 6.79317 6.80386 6.81398 6.82347 6.83229 6.8404 6.84775 6.8543 6.86003 6.86491 6.86891 6.872 6.87418 6.87543 6.87576 6.87514 6.8736 6.87113 6.86775 6.86349 6.85835 6.85237 6.84558 6.83801 6.82971 6.82071 6.81107 6.80082 6.79002 6.77873 6.767 6.75489 6.74246 6.72976 6.71686 6.70381 6.69068 6.67752 6.66439 6.65135 6.63845 6.62573 6.61326 6.60107 6.58921 6.57773 6.56666 6.55603 6.54588 6.53623 6.52712 6.51857 6.5106 6.50322 6.49646 6.49032 6.48483 6.47998 6.47579 6.47226 6.4694 6.46722 6.46572 6.4649 
6.46017 6.46073 6.46199 6.46396 6.46664 6.47001 6.47408 6.47884 6.48428 6.49039 6.49717 6.50459 6.51264 6.52131 6.53057 6.5404 6.55077 6.56166 6.57302 6.58483 6.59705 6.60962 6.62252 6.63569 6.64908 6.66264 6.67632 6.69005 6.70377 6.71744 6.73098 6.74435 6.75746 6.77028 6.78272 6.79475 6.80629 6.81729 6.8277 6.83746 6.84654 6.85487 6.86243 6.86918 6.87507 6.88008 6.88419 6.88737 6.88961 6.8909 6.89123 6.8906 6.88901 6.88647 6.883 6.8786 6.87332 6.86717 6.86018 6.85239 6.84385 6.83459 6.82466 6.81411 6.80299 6.79137 6.77929 6.76681 6.75401 6.74092 6.72763 6.71418 6.70064 6.68708 6.67354 6.66008 6.64677 6.63365 6.62078 6.6082 6.59596 6.5841 6.57267 6.56169 6.5512 6.54124 6.53183 6.52299 6.51475 6.50712 6.50013 6.49378 6.48809 6.48308 6.47874 6.47509 6.47213 6.46988 6.46832 6.46747 
6.46266 6.46323 6.46454 6.46657 6.46933 6.47281 6.47701 6.48192 6.48753 6.49383 6.50082 6.50847 6.51678 6.52571 6.53526 6.54539 6.55608 6.56729 6.579 6.59117 6.60375 6.6167 6.62998 6.64354 6.65732 6.67128 6.68535 6.69947 6.71359 6.72764 6.74157 6.7553 6.76879 6.78196 6.79475 6.8071 6.81895 6.83025 6.84094 6.85097 6.86029 6.86885 6.87661 6.88353 6.88958 6.89472 6.89894 6.9022 6.9045 6.90582 6.90616 6.90551 6.90387 6.90127 6.8977 6.89319 6.88776 6.88145 6.87427 6.86627 6.8575 6.84798 6.83778 6.82694 6.81552 6.80357 6.79115 6.77833 6.76516 6.75171 6.73804 6.7242 6.71028 6.69632 6.68238 6.66853 6.65483 6.64132 6.62806 6.61511 6.6025 6.59028 6.57849 6.56718 6.55637 6.5461 6.53639 6.52727 6.51877 6.5109 6.50368 6.49713 6.49127 6.48609 6.48161 6.47784 6.47479 6.47246 6.47085 6.46996 
6.46506 6.46565 6.467 6.46909 6.47193 6.47551 6.47983 6.48488 6.49066 6.49715 6.50434 6.51222 6.52076 6.52996 6.53978 6.5502 6.56119 6.57272 6.58476 6.59727 6.6102 6.62352 6.63716 6.65109 6.66525 6.67958 6.69402 6.70852 6.72302 6.73744 6.75174 6.76583 6.77966 6.79317 6.80629 6.81895 6.83111 6.84269 6.85365 6.86393 6.87348 6.88225 6.8902 6.89729 6.90349 6.90876 6.91308 6.91642 6.91878 6.92013 6.92047 6.9198 6.91813 6.91546 6.9118 6.90718 6.90162 6.89514 6.88778 6.87959 6.87059 6.86083 6.85037 6.83925 6.82754 6.81528 6.80255 6.78939 6.77588 6.76207 6.74803 6.73383 6.71953 6.70519 6.69088 6.67666 6.66258 6.64869 6.63507 6.62175 6.60879 6.59622 6.5841 6.57246 6.56134 6.55077 6.54078 6.5314 6.52265 6.51455 6.50712 6.50037 6.49433 6.48899 6.48438 6.4805 6.47735 6.47495 6.47329 6.47238 
6.46737 6.46798 6.46936 6.4715 6.47442 6.4781 6.48254 6.48773 6.49366 6.50033 6.50771 6.5158 6.52458 6.53402 6.5441 6.5548 6.56608 6.57792 6.59027 6.6031 6.61637 6.63002 6.64402 6.6583 6.67281 6.6875 6.70231 6.71717 6.73202 6.74679 6.76143 6.77587 6.79003 6.80386 6.81729 6.83025 6.84269 6.85455 6.86576 6.87628 6.88605 6.89502 6.90315 6.9104 6.91674 6.92213 6.92655 6.92996 6.93237 6.93375 6.9341 6.93342 6.9317 6.92897 6.92523 6.9205 6.91481 6.90818 6.90066 6.89227 6.88306 6.87308 6.86237 6.85099 6.839 6.82645 6.81341 6.79993 6.78609 6.77195 6.75757 6.74302 6.72836 6.71367 6.699 6.68441 6.66997 6.65574 6.64176 6.6281 6.6148 6.6019 6.58946 6.57752 6.5661 6.55525 6.54499 6.53535 6.52636 6.51804 6.5104 6.50347 6.49726 6.49178 6.48704 6.48305 6.47981 6.47734 6.47563 6.4747 
6.46957 6.47019 6.4716 6.47381 6.47679 6.48057 6.48512 6.49044 6.49652 6.50335 6.51092 6.51921 6.5282 6.53788 6.54821 6.55917 6.57073 6.58285 6.5955 6.60864 6.62222 6.6362 6.65052 6.66513 6.67998 6.69501 6.71016 6.72535 6.74054 6.75565 6.77061 6.78537 6.79984 6.81398 6.8277 6.84094 6.85365 6.86576 6.87721 6.88795 6.89793 6.90709 6.91539 6.9228 6.92927 6.93477 6.93928 6.94276 6.94522 6.94663 6.94698 6.94628 6.94453 6.94174 6.93792 6.93309 6.92728 6.92052 6.91283 6.90426 6.89486 6.88466 6.87372 6.86209 6.84984 6.83702 6.82369 6.80991 6.79576 6.7813 6.7666 6.75172 6.73673 6.7217 6.70669 6.69176 6.67698 6.66241 6.64811 6.63412 6.6205 6.60729 6.59455 6.58231 6.57061 6.55949 6.54898 6.5391 6.52989 6.52136 6.51353 6.50642 6.50005 6.49443 6.48957 6.48547 6.48216 6.47962 6.47787 6.4769 
6.47165 6.47228 6.47373 6.47598 6.47904 6.4829 6.48755 6.49299 6.49922 6.50621 6.51395 6.52243 6.53162 6.54151 6.55208 6.56328 6.5751 6.58749 6.60042 6.61384 6.62772 6.642 6.65663 6.67156 6.68672 6.70207 6.71753 6.73304 6.74854 6.76396 6.77923 6.79429 6.80905 6.82347 6.83746 6.85097 6.86393 6.87628 6.88795 6.8989 6.90907 6.91841 6.92687 6.93442 6.94101 6.94662 6.95121 6.95476 6.95726 6.9587 6.95906 6.95835 6.95656 6.95372 6.94982 6.9449 6.93898 6.93208 6.92424 6.91551 6.90592 6.89552 6.88436 6.87251 6.86001 6.84693 6.83333 6.81928 6.80484 6.79008 6.77507 6.75989 6.74458 6.72924 6.71391 6.69867 6.68357 6.66869 6.65407 6.63977 6.62586 6.61236 6.59934 6.58682 6.57486 6.56349 6.55274 6.54264 6.53321 6.52448 6.51647 6.5092 6.50268 6.49693 6.49195 6.48776 6.48436 6.48177 6.47997 6.47899 
6.47359 6.47424 6.47571 6.47801 6.48113 6.48507 6.48982 6.49538 6.50173 6.50887 6.51677 6.52543 6.53481 6.54491 6.55568 6.56712 6.57917 6.59181 6.605 6.61869 6.63284 6.6474 6.66232 6.67754 6.69299 6.70863 6.72439 6.74019 6.75598 6.77169 6.78724 6.80257 6.81761 6.83229 6.84654 6.86029 6.87348 6.88605 6.89793 6.90907 6.91942 6.92892 6.93753 6.94521 6.95191 6.95761 6.96228 6.9659 6.96844 6.9699 6.97027 6.96954 6.96773 6.96483 6.96087 6.95586 6.94983 6.94281 6.93484 6.92595 6.91619 6.9056 6.89425 6.88218 6.86946 6.85614 6.84229 6.82798 6.81327 6.79824 6.78295 6.76748 6.75189 6.73625 6.72063 6.70509 6.6897 6.67453 6.65962 6.64504 6.63085 6.61708 6.60379 6.59103 6.57882 6.56722 6.55624 6.54593 6.53631 6.5274 6.51922 6.5118 6.50514 6.49927 6.49418 6.4899 6.48643 6.48378 6.48194 6.48093 
6.47539 6.47604 6.47754 6.47989 6.48307 6.48708 6.49193 6.49759 6.50406 6.51133 6.51938 6.52819 6.53775 6.54803 6.55901 6.57065 6.58292 6.59579 6.60922 6.62316 6.63756 6.65238 6.66755 6.68304 6.69876 6.71467 6.73069 6.74677 6.76283 6.7788 6.79461 6.81019 6.82548 6.8404 6.85487 6.86885 6.88225 6.89502 6.90709 6.91841 6.92892 6.93857 6.94731 6.95511 6.96192 6.96771 6.97245 6.97613 6.97871 6.98019 6.98056 6.97982 6.97798 6.97504 6.97101 6.96593 6.9598 6.95267 6.94457 6.93554 6.92562 6.91487 6.90333 6.89107 6.87814 6.8646 6.85052 6.83598 6.82103 6.80574 6.7902 6.77446 6.7586 6.7427 6.7268 6.711 6.69534 6.6799 6.66473 6.64989 6.63544 6.62143 6.6079 6.5949 6.58247 6.57065 6.55948 6.54897 6.53917 6.53009 6.52176 6.5142 6.50741 6.50142 6.49624 6.49188 6.48834 6.48563 6.48376 6.48273 
6.47703 6.47769 6.47922 6.4816 6.48484 6.48892 6.49384 6.4996 6.50618 6.51357 6.52175 6.53071 6.54043 6.55088 6.56204 6.57387 6.58634 6.59942 6.61306 6.62722 6.64185 6.6569 6.67231 6.68803 6.704 6.72015 6.73642 6.75274 6.76904 6.78524 6.80129 6.8171 6.83261 6.84775 6.86243 6.87661 6.8902 6.90315 6.91539 6.92687 6.93753 6.94731 6.95618 6.96409 6.97099 6.97686 6.98167 6.98539 6.98801 6.98951 6.98989 6.98914 6.98727 6.98428 6.9802 6.97504 6.96883 6.9616 6.95339 6.94423 6.93417 6.92326 6.91156 6.89912 6.886 6.87227 6.85799 6.84323 6.82806 6.81255 6.79677 6.7808 6.7647 6.74855 6.73241 6.71636 6.70046 6.68478 6.66937 6.6543 6.63962 6.62538 6.61163 6.59842 6.58579 6.57378 6.56242 6.55174 6.54177 6.53254 6.52407 6.51638 6.50948 6.50339 6.49812 6.49368 6.49008 6.48733 6.48543 6.48438 
6.4785 6.47918 6.48072 6.48314 6.48642 6.49057 6.49556 6.5014 6.50808 6.51558 6.52388 6.53297 6.54283 6.55343 6.56475 6.57675 6.5894 6.60266 6.61649 6.63084 6.64568 6.66093 6.67656 6.6925 6.70868 6.72505 6.74153 6.75807 6.77458 6.791 6.80725 6.82327 6.83898 6.8543 6.86918 6.88353 6.89729 6.9104 6.9228 6.93442 6.94521 6.95511 6.96409 6.97209 6.97907 6.98502 6.98988 6.99365 6.9963 6.99781 6.9982 6.99744 6.99554 6.99252 6.98839 6.98317 6.97689 6.96957 6.96125 6.95198 6.94179 6.93075 6.9189 6.9063 6.89302 6.87911 6.86465 6.8497 6.83433 6.81862 6.80263 6.78645 6.77014 6.75377 6.73742 6.72115 6.70504 6.68914 6.67352 6.65824 6.64335 6.62891 6.61497 6.60157 6.58876 6.57658 6.56505 6.55422 6.54411 6.53474 6.52614 6.51834 6.51134 6.50515 6.49981 6.4953 6.49165 6.48885 6.48692 6.48586 
6.4798 6.48048 6.48205 6.4845 6.48782 6.49202 6.49708 6.50299 6.50975 6.51734 6.52575 6.53496 6.54494 6.55567 6.56712 6.57927 6.59208 6.6055 6.6195 6.63402 6.64903 6.66447 6.68028 6.6964 6.71277 6.72933 6.746 6.76273 6.77942 6.79603 6.81246 6.82866 6.84454 6.86003 6.87507 6.88958 6.90349 6.91674 6.92927 6.94101 6.95191 6.96192 6.97099 6.97907 6.98614 6.99214 6.99705 7.00086 7.00353 7.00507 7.00545 7.00469 7.00277 6.99972 6.99555 6.99027 6.98392 6.97652 6.96812 6.95874 6.94845 6.93729 6.92531 6.91258 6.89915 6.88509 6.87047 6.85535 6.83981 6.82393 6.80776 6.79139 6.7749 6.75834 6.7418 6.72534 6.70904 6.69295 6.67715 6.66168 6.64662 6.63201 6.6179 6.60433 6.59137 6.57903 6.56736 6.55639 6.54615 6.53667 6.52797 6.52006 6.51297 6.50671 6.50129 6.49673 6.49303 6.49019 6.48824 6.48716 
6.48091 6.4816 6.48319 6.48566 6.48902 6.49326 6.49837 6.50435 6.51118 6.51886 6.52735 6.53666 6.54674 6.55758 6.56916 6.58143 6.59436 6.60792 6.62206 6.63674 6.6519 6.66749 6.68345 6.69973 6.71626 6.73298 6.74981 6.76669 6.78355 6.80031 6.8169 6.83325 6.84927 6.86491 6.88008 6.89472 6.90876 6.92213 6.93477 6.94662 6.95761 6.96771 6.97686 6.98502 6.99214 6.99819 7.00315 7.00699 7.00969 7.01124 7.01162 7.01085 7.00892 7.00584 7.00163 6.9963 6.9899 6.98243 6.97395 6.9645 6.95411 6.94285 6.93077 6.91792 6.90437 6.89018 6.87542 6.86016 6.84448 6.82844 6.81212 6.7956 6.77895 6.76223 6.74553 6.72891 6.71245 6.6962 6.68024 6.66462 6.64941 6.63465 6.62039 6.60669 6.59359 6.58112 6.56933 6.55825 6.5479 6.53832 6.52952 6.52153 6.51437 6.50804 6.50256 6.49795 6.49421 6.49134 6.48937 6.48828 
6.48184 6.48254 6.48413 6.48663 6.49001 6.49429 6.49945 6.50548 6.51237 6.52011 6.52868 6.53806 6.54823 6.55916 6.57083 6.58321 6.59625 6.60992 6.62417 6.63897 6.65425 6.66996 6.68606 6.70247 6.71913 6.73597 6.75294 6.76995 6.78694 6.80382 6.82054 6.83701 6.85315 6.86891 6.88419 6.89894 6.91308 6.92655 6.93928 6.95121 6.96228 6.97245 6.98167 6.98988 6.99705 7.00315 7.00814 7.01201 7.01473 7.01629 7.01667 7.0159 7.01395 7.01085 7.00661 7.00125 6.99479 6.98727 6.97873 6.96921 6.95875 6.94741 6.93523 6.92229 6.90864 6.89434 6.87948 6.8641 6.8483 6.83214 6.8157 6.79905 6.78227 6.76542 6.74859 6.73184 6.71525 6.69887 6.68278 6.66704 6.6517 6.63681 6.62244 6.60863 6.59542 6.58285 6.57096 6.55978 6.54935 6.53968 6.53081 6.52275 6.51552 6.50914 6.50362 6.49896 6.49519 6.4923 6.4903 6.4892 
6.48257 6.48327 6.48488 6.48739 6.4908 6.4951 6.50029 6.50636 6.5133 6.52109 6.52971 6.53915 6.54939 6.5604 6.57214 6.58459 6.59772 6.61147 6.62582 6.6407 6.65608 6.67189 6.68808 6.70459 6.72135 6.7383 6.75536 6.77247 6.78956 6.80655 6.82336 6.83992 6.85616 6.872 6.88737 6.9022 6.91642 6.92996 6.94276 6.95476 6.9659 6.97613 6.98539 6.99365 7.00086 7.00699 7.01201 7.0159 7.01863 7.02019 7.02058 7.0198 7.01784 7.01473 7.01046 7.00507 6.99858 6.99102 6.98243 6.97286 6.96234 6.95093 6.93869 6.92567 6.91194 6.89757 6.88262 6.86716 6.85126 6.83501 6.81847 6.80172 6.78484 6.7679 6.75096 6.73411 6.71742 6.70094 6.68476 6.66891 6.65348 6.6385 6.62404 6.61014 6.59685 6.5842 6.57223 6.56098 6.55048 6.54075 6.53182 6.52371 6.51643 6.51 6.50444 6.49976 6.49596 6.49305 6.49104 6.48994 
6.4831 6.4838 6.48542 6.48794 6.49137 6.49569 6.50091 6.507 6.51397 6.52179 6.53046 6.53994 6.55022 6.56128 6.57307 6.58558 6.59876 6.61258 6.62699 6.64193 6.65738 6.67326 6.68951 6.70609 6.72292 6.73994 6.75707 6.77426 6.79141 6.80847 6.82534 6.84197 6.85828 6.87418 6.88961 6.9045 6.91878 6.93237 6.94522 6.95726 6.96844 6.97871 6.98801 6.9963 7.00353 7.00969 7.01473 7.01863 7.02137 7.02294 7.02333 7.02255 7.02058 7.01745 7.01317 7.00776 7.00124 6.99366 6.98504 6.97542 6.96486 6.95341 6.94112 6.92805 6.91427 6.89984 6.88483 6.86931 6.85335 6.83703 6.82043 6.80361 6.78666 6.76964 6.75264 6.73572 6.71895 6.70241 6.68615 6.67024 6.65474 6.6397 6.62518 6.61121 6.59786 6.58516 6.57314 6.56184 6.55129 6.54151 6.53254 6.52439 6.51708 6.51063 6.50504 6.50034 6.49652 6.4936 6.49158 6.49047 
6.48342 6.48413 6.48575 6.48828 6.49171 6.49605 6.50128 6.50739 6.51438 6.52222 6.53091 6.54041 6.55072 6.5618 6.57363 6.58617 6.59938 6.61323 6.62767 6.64266 6.65813 6.67405 6.69035 6.70696 6.72383 6.74089 6.75806 6.77529 6.79248 6.80957 6.82649 6.84316 6.8595 6.87543 6.8909 6.90582 6.92013 6.93375 6.94663 6.9587 6.9699 6.98019 6.98951 6.99781 7.00507 7.01124 7.01629 7.02019 7.02294 7.02452 7.02491 7.02412 7.02215 7.01901 7.01472 7.0093 7.00277 6.99517 6.98653 6.97689 6.96631 6.95483 6.94252 6.92942 6.9156 6.90114 6.88609 6.87054 6.85455 6.83819 6.82155 6.80469 6.7877 6.77065 6.75361 6.73665 6.71984 6.70326 6.68696 6.67102 6.65548 6.6404 6.62584 6.61185 6.59846 6.58572 6.57367 6.56235 6.55177 6.54197 6.53298 6.52481 6.51748 6.51101 6.50541 6.50069 6.49686 6.49393 6.49191 6.49079 
