7.03603 7.03622 7.03655 7.03701 7.03761 7.03834 7.0392 7.0402 7.04133 7.04259 7.04399 7.0455 7.04715 7.04892 7.0508 7.0528 7.05492 7.05714 7.05946 7.06188 7.06439 7.06698 7.06964 7.07237 7.07515 7.07798 7.08084 7.08373 7.08662 7.08952 7.0924 7.09526 7.09808 7.10084 7.10354 7.10615 7.10868 7.11109 7.11339 7.11555 7.11757 7.11944 7.12114 7.12267 7.12401 7.12516 7.12611 7.12687 7.12741 7.12775 7.12787 7.12778 7.12748 7.12698 7.12626 7.12535 7.12424 7.12295 7.12147 7.11982 7.11801 7.11605 7.11395 7.11173 7.10939 7.10695 7.10442 7.10181 7.09915 7.09644 7.09369 7.09092 7.08815 7.08538 7.08263 7.07991 7.07723 7.0746 7.07203 7.06954 7.06712 7.06479 7.06255 7.06042 7.05839 7.05648 7.05468 7.053 7.05145 7.05002 7.04872 7.04755 7.04652 7.04562 7.04485 7.04423 7.04373 7.04338 7.04315 7.04307 
7.03622 7.03641 7.03674 7.0372 7.0378 7.03854 7.03941 7.04041 7.04155 7.04281 7.04421 7.04574 7.04739 7.04917 7.05106 7.05308 7.0552 7.05743 7.05977 7.0622 7.06472 7.06732 7.07 7.07274 7.07554 7.07838 7.08126 7.08417 7.08708 7.08999 7.09289 7.09576 7.0986 7.10138 7.10409 7.10672 7.10926 7.11169 7.11399 7.11617 7.1182 7.12008 7.12179 7.12332 7.12467 7.12583 7.12679 7.12755 7.1281 7.12843 7.12856 7.12847 7.12817 7.12766 7.12694 7.12602 7.12491 7.1236 7.12212 7.12046 7.11864 7.11667 7.11456 7.11232 7.10997 7.10751 7.10497 7.10235 7.09966 7.09694 7.09417 7.09139 7.0886 7.08582 7.08305 7.08031 7.07762 7.07497 7.07239 7.06988 7.06745 7.06511 7.06286 7.06071 7.05867 7.05675 7.05494 7.05325 7.05169 7.05025 7.04895 7.04777 7.04673 7.04583 7.04506 7.04442 7.04393 7.04357 7.04335 7.04326 
7.03655 7.03674 7.03707 7.03754 7.03814 7.03889 7.03977 7.04078 7.04193 7.04322 7.04463 7.04618 7.04786 7.04966 7.05158 7.05362 7.05577 7.05803 7.0604 7.06286 7.06542 7.06806 7.07077 7.07355 7.07639 7.07927 7.08219 7.08513 7.08808 7.09103 7.09397 7.09688 7.09975 7.10257 7.10532 7.10798 7.11055 7.11301 7.11535 7.11756 7.11962 7.12152 7.12325 7.1248 7.12617 7.12734 7.12832 7.12908 7.12964 7.12998 7.1301 7.13001 7.12971 7.12919 7.12846 7.12753 7.1264 7.12507 7.12357 7.12189 7.12004 7.11805 7.11591 7.11364 7.11125 7.10876 7.10618 7.10353 7.10081 7.09804 7.09524 7.09242 7.08959 7.08677 7.08396 7.08119 7.07845 7.07577 7.07315 7.07061 7.06814 7.06577 7.06348 7.06131 7.05924 7.05728 7.05545 7.05374 7.05215 7.05069 7.04937 7.04818 7.04712 7.0462 7.04542 7.04477 7.04427 7.0439 7.04368 7.04359 
7.03701 7.0372 7.03754 7.03801 7.03863 7.03939 7.04029 7.04132 7.0425 7.04381 7.04525 7.04683 7.04854 7.05038 7.05234 7.05443 7.05663 7.05894 7.06136 7.06387 7.06648 7.06918 7.07195 7.07479 7.07768 7.08063 7.08361 7.08661 7.08963 7.09264 7.09564 7.09861 7.10154 7.10442 7.10722 7.10994 7.11257 7.11508 7.11746 7.11971 7.12181 7.12375 7.12552 7.1271 7.1285 7.12969 7.13068 7.13146 7.13203 7.13238 7.1325 7.13241 7.1321 7.13157 7.13082 7.12987 7.12871 7.12736 7.12582 7.12411 7.12222 7.12018 7.118 7.11568 7.11324 7.1107 7.10806 7.10535 7.10258 7.09975 7.09689 7.09401 7.09112 7.08823 7.08536 7.08253 7.07973 7.07699 7.07432 7.07171 7.06919 7.06676 7.06443 7.0622 7.06009 7.05809 7.05621 7.05446 7.05283 7.05134 7.04998 7.04876 7.04768 7.04674 7.04593 7.04527 7.04475 7.04438 7.04414 7.04405 
7.03761 7.0378 7.03814 7.03863 7.03926 7.04004 7.04096 7.04203 7.04323 7.04458 7.04607 7.04769 7.04945 7.05134 7.05336 7.05551 7.05777 7.06015 7.06264 7.06523 7.06791 7.07068 7.07353 7.07645 7.07943 7.08246 7.08552 7.08861 7.09171 7.09481 7.09789 7.10095 7.10396 7.10692 7.1098 7.11259 7.11529 7.11787 7.12032 7.12263 7.12479 7.12678 7.12859 7.13022 7.13165 7.13288 7.13389 7.13469 7.13527 7.13563 7.13575 7.13566 7.13533 7.13479 7.13402 7.13304 7.13185 7.13046 7.12888 7.12711 7.12517 7.12308 7.12083 7.11844 7.11594 7.11332 7.11061 7.10782 7.10496 7.10206 7.09911 7.09615 7.09317 7.0902 7.08725 7.08433 7.08145 7.07863 7.07588 7.07319 7.0706 7.06809 7.06569 7.06339 7.06121 7.05915 7.05721 7.05541 7.05373 7.05219 7.05079 7.04953 7.04841 7.04744 7.04661 7.04592 7.04538 7.04499 7.04475 7.04465 
7.03834 7.03854 7.03889 7.03939 7.04004 7.04084 7.0418 7.0429 7.04415 7.04554 7.04708 7.04876 7.05058 7.05254 7.05463 7.05685 7.0592 7.06166 7.06424 7.06692 7.0697 7.07257 7.07552 7.07854 7.08163 7.08476 7.08793 7.09113 7.09434 7.09754 7.10073 7.10389 7.10701 7.11006 7.11304 7.11593 7.11872 7.12139 7.12392 7.12631 7.12854 7.13059 7.13247 7.13415 7.13562 7.13689 7.13794 7.13876 7.13936 7.13972 7.13985 7.13975 7.13941 7.13884 7.13805 7.13703 7.1358 7.13436 7.13272 7.1309 7.12889 7.12672 7.12439 7.12192 7.11933 7.11662 7.11381 7.11092 7.10797 7.10496 7.10191 7.09884 7.09575 7.09268 7.08962 7.0866 7.08361 7.08069 7.07783 7.07505 7.07236 7.06976 7.06727 7.06488 7.06262 7.06048 7.05847 7.05659 7.05485 7.05325 7.05179 7.05048 7.04932 7.0483 7.04744 7.04672 7.04616 7.04575 7.04549 7.04538 
7.0392 7.03941 7.03977 7.04029 7.04096 7.0418 7.04279 7.04393 7.04523 7.04668 7.04829 7.05004 7.05194 7.05397 7.05615 7.05847 7.06091 7.06347 7.06616 7.06895 7.07185 7.07483 7.07791 7.08106 7.08427 7.08753 7.09083 7.09415 7.09749 7.10083 7.10415 7.10743 7.11067 7.11385 7.11695 7.11995 7.12285 7.12562 7.12825 7.13073 7.13305 7.13518 7.13713 7.13887 7.1404 7.14172 7.1428 7.14366 7.14427 7.14465 7.14478 7.14467 7.14432 7.14373 7.1429 7.14184 7.14056 7.13906 7.13735 7.13545 7.13336 7.1311 7.12868 7.12611 7.12341 7.12059 7.11767 7.11466 7.11158 7.10845 7.10527 7.10207 7.09886 7.09566 7.09247 7.08932 7.08621 7.08316 7.08018 7.07728 7.07447 7.07176 7.06915 7.06667 7.0643 7.06207 7.05997 7.058 7.05618 7.05451 7.05298 7.05161 7.05039 7.04933 7.04842 7.04767 7.04708 7.04664 7.04637 7.04625 
7.0402 7.04041 7.04078 7.04132 7.04203 7.0429 7.04393 7.04513 7.04649 7.04801 7.04969 7.05152 7.0535 7.05564 7.05792 7.06034 7.0629 7.06558 7.06839 7.07132 7.07435 7.07748 7.08069 7.08399 7.08735 7.09076 7.09421 7.09769 7.10118 7.10466 7.10813 7.11157 7.11495 7.11827 7.12151 7.12464 7.12767 7.13056 7.13331 7.1359 7.13831 7.14054 7.14257 7.14439 7.14598 7.14735 7.14849 7.14937 7.15001 7.1504 7.15054 7.15042 7.15005 7.14943 7.14856 7.14745 7.14611 7.14454 7.14276 7.14077 7.13858 7.13622 7.13369 7.131 7.12817 7.12523 7.12217 7.11902 7.1158 7.11252 7.1092 7.10585 7.10249 7.09913 7.09579 7.09249 7.08924 7.08604 7.08291 7.07987 7.07693 7.07408 7.07135 7.06874 7.06626 7.06391 7.06171 7.05964 7.05773 7.05597 7.05437 7.05292 7.05164 7.05051 7.04956 7.04876 7.04814 7.04768 7.04738 7.04726 
7.04133 7.04155 7.04193 7.0425 7.04323 7.04415 7.04523 7.04649 7.04792 7.04951 7.05128 7.0532 7.05529 7.05754 7.05993 7.06248 7.06517 7.06799 7.07094 7.07402 7.0772 7.08049 7.08387 7.08733 7.09086 7.09444 7.09807 7.10172 7.10538 7.10904 7.11268 7.11629 7.11984 7.12332 7.12671 7.13 7.13317 7.1362 7.13908 7.14179 7.14432 7.14665 7.14878 7.15068 7.15235 7.15378 7.15497 7.15589 7.15656 7.15697 7.15711 7.15698 7.15659 7.15593 7.15502 7.15385 7.15244 7.1508 7.14892 7.14683 7.14454 7.14206 7.1394 7.13658 7.13361 7.13052 7.12731 7.124 7.12062 7.11717 7.11368 7.11016 7.10662 7.1031 7.09959 7.09611 7.09269 7.08932 7.08603 7.08283 7.07973 7.07674 7.07386 7.07111 7.06849 7.06602 7.06369 7.06151 7.05949 7.05763 7.05594 7.05441 7.05305 7.05186 7.05085 7.05 7.04934 7.04885 7.04853 7.04839 
7.04259 7.04281 7.04322 7.04381 7.04458 7.04554 7.04668 7.04801 7.04951 7.0512 7.05306 7.05509 7.05729 7.05966 7.06219 7.06487 7.06771 7.07069 7.0738 7.07704 7.0804 7.08387 7.08743 7.09108 7.0948 7.09857 7.10239 7.10624 7.1101 7.11395 7.11778 7.12158 7.12531 7.12897 7.13254 7.136 7.13934 7.14253 7.14555 7.1484 7.15106 7.15351 7.15574 7.15774 7.15949 7.16099 7.16223 7.16321 7.1639 7.16433 7.16447 7.16433 7.16392 7.16322 7.16226 7.16103 7.15955 7.15781 7.15584 7.15364 7.15122 7.14861 7.1458 7.14283 7.13971 7.13645 7.13306 7.12958 7.12601 7.12238 7.1187 7.11499 7.11126 7.10754 7.10384 7.10017 7.09656 7.093 7.08953 7.08615 7.08287 7.07971 7.07667 7.07376 7.07099 7.06837 7.0659 7.0636 7.06146 7.05949 7.05769 7.05607 7.05463 7.05337 7.05229 7.05139 7.05068 7.05015 7.04981 7.04966 
7.04399 7.04421 7.04463 7.04525 7.04607 7.04708 7.04829 7.04969 7.05128 7.05306 7.05502 7.05717 7.0595 7.062 7.06468 7.06752 7.07052 7.07367 7.07696 7.08039 7.08394 7.08761 7.09137 7.09523 7.09916 7.10315 7.10718 7.11124 7.11532 7.11938 7.12343 7.12743 7.13137 7.13523 7.139 7.14265 7.14616 7.14952 7.15271 7.15571 7.15851 7.16109 7.16344 7.16554 7.16739 7.16896 7.17027 7.17129 7.17202 7.17246 7.17261 7.17246 7.17202 7.17128 7.17027 7.16897 7.1674 7.16556 7.16348 7.16116 7.15861 7.15584 7.15289 7.14975 7.14645 7.143 7.13943 7.13575 7.13198 7.12814 7.12425 7.12033 7.11639 7.11246 7.10854 7.10466 7.10084 7.09708 7.0934 7.08982 7.08635 7.08299 7.07977 7.07669 7.07375 7.07097 7.06835 7.06591 7.06363 7.06154 7.05963 7.0579 7.05637 7.05503 7.05387 7.05292 7.05216 7.05159 7.05123 7.05106 
7.0455 7.04574 7.04618 7.04683 7.04769 7.04876 7.05004 7.05152 7.0532 7.05509 7.05717 7.05945 7.06192 7.06457 7.06741 7.07042 7.0736 7.07693 7.08042 7.08406 7.08782 7.0917 7.09569 7.09977 7.10393 7.10815 7.11242 7.11671 7.12102 7.12532 7.1296 7.13383 7.138 7.14208 7.14606 7.14991 7.15362 7.15717 7.16053 7.1637 7.16665 7.16937 7.17185 7.17407 7.17601 7.17768 7.17905 7.18012 7.18089 7.18135 7.1815 7.18134 7.18087 7.18009 7.17901 7.17764 7.17598 7.17404 7.17183 7.16938 7.16668 7.16376 7.16063 7.15731 7.15382 7.15017 7.14639 7.1425 7.13851 7.13445 7.13033 7.12617 7.122 7.11783 7.11368 7.10957 7.10552 7.10153 7.09763 7.09383 7.09015 7.08659 7.08316 7.07989 7.07677 7.07382 7.07103 7.06843 7.06601 7.06378 7.06175 7.05991 7.05827 7.05684 7.05561 7.05459 7.05377 7.05317 7.05277 7.05258 
7.04715 7.04739 7.04786 7.04854 7.04945 7.05058 7.05194 7.0535 7.05529 7.05729 7.0595 7.06192 7.06454 7.06735 7.07036 7.07356 7.07693 7.08047 7.08417 7.08803 7.09202 7.09613 7.10036 7.10469 7.1091 7.11357 7.11809 7.12264 7.12721 7.13176 7.13629 7.14077 7.14517 7.14949 7.1537 7.15777 7.16169 7.16544 7.169 7.17235 7.17547 7.17834 7.18096 7.1833 7.18535 7.1871 7.18855 7.18968 7.19049 7.19097 7.19113 7.19096 7.19045 7.18963 7.18848 7.18703 7.18526 7.18321 7.18088 7.17827 7.17542 7.17232 7.16901 7.1655 7.1618 7.15794 7.15393 7.14981 7.14558 7.14128 7.13691 7.1325 7.12808 7.12366 7.11926 7.11489 7.11059 7.10636 7.10222 7.09818 7.09427 7.09048 7.08684 7.08336 7.08004 7.0769 7.07394 7.07116 7.06859 7.06621 7.06404 7.06208 7.06033 7.0588 7.05749 7.05639 7.05552 7.05487 7.05444 7.05423 
7.04892 7.04917 7.04966 7.05038 7.05134 7.05254 7.05397 7.05564 7.05754 7.05966 7.062 7.06457 7.06735 7.07035 7.07354 7.07693 7.08052 7.08428 7.08821 7.0923 7.09653 7.1009 7.10539 7.10998 7.11465 7.1194 7.12419 7.12902 7.13385 7.13868 7.14347 7.14822 7.15288 7.15745 7.16191 7.16622 7.17037 7.17433 7.1781 7.18164 7.18493 7.18797 7.19073 7.1932 7.19537 7.19722 7.19875 7.19994 7.20079 7.2013 7.20146 7.20127 7.20074 7.19986 7.19865 7.1971 7.19523 7.19306 7.19058 7.18782 7.1848 7.18152 7.17801 7.17428 7.17037 7.16627 7.16203 7.15766 7.15318 7.14861 7.14398 7.1393 7.13461 7.12992 7.12524 7.12061 7.11604 7.11155 7.10715 7.10286 7.09869 7.09467 7.0908 7.08709 7.08356 7.08021 7.07706 7.0741 7.07136 7.06882 7.06651 7.06441 7.06255 7.06091 7.05951 7.05833 7.0574 7.0567 7.05623 7.05601 
7.0508 7.05106 7.05158 7.05234 7.05336 7.05463 7.05615 7.05792 7.05993 7.06219 7.06468 7.06741 7.07036 7.07354 7.07694 7.08054 7.08435 7.08834 7.09252 7.09686 7.10136 7.10599 7.11075 7.11562 7.12058 7.12562 7.1307 7.13582 7.14094 7.14606 7.15114 7.15616 7.16111 7.16595 7.17066 7.17522 7.17961 7.18381 7.18779 7.19153 7.19502 7.19823 7.20115 7.20376 7.20605 7.20801 7.20962 7.21087 7.21177 7.2123 7.21247 7.21227 7.2117 7.21076 7.20947 7.20783 7.20585 7.20355 7.20092 7.198 7.19479 7.19132 7.1876 7.18365 7.1795 7.17516 7.17066 7.16603 7.16127 7.15643 7.15152 7.14656 7.14158 7.13659 7.13163 7.12671 7.12186 7.11708 7.1124 7.10784 7.10342 7.09914 7.09502 7.09107 7.08731 7.08375 7.08039 7.07724 7.07431 7.07161 7.06914 7.06691 7.06491 7.06316 7.06166 7.0604 7.0594 7.05865 7.05815 7.0579 
7.0528 7.05308 7.05362 7.05443 7.05551 7.05685 7.05847 7.06034 7.06248 7.06487 7.06752 7.07042 7.07356 7.07693 7.08054 7.08437 7.08841 7.09266 7.09709 7.1017 7.10647 7.11139 7.11645 7.12161 7.12687 7.13221 7.1376 7.14302 7.14846 7.15388 7.15926 7.16458 7.16982 7.17494 7.17993 7.18476 7.18941 7.19385 7.19805 7.20201 7.2057 7.20909 7.21218 7.21494 7.21736 7.21942 7.22112 7.22244 7.22339 7.22395 7.22412 7.2239 7.22329 7.2223 7.22093 7.2192 7.2171 7.21465 7.21187 7.20878 7.20538 7.2017 7.19776 7.19357 7.18917 7.18458 7.17981 7.17489 7.16985 7.16471 7.1595 7.15424 7.14896 7.14367 7.1384 7.13318 7.12802 7.12295 7.11798 7.11313 7.10843 7.10388 7.0995 7.0953 7.09129 7.0875 7.08392 7.08057 7.07745 7.07457 7.07193 7.06955 7.06742 7.06555 7.06395 7.0626 7.06153 7.06072 7.06018 7.05991 
7.05492 7.0552 7.05577 7.05663 7.05777 7.0592 7.06091 7.0629 7.06517 7.06771 7.07052 7.0736 7.07693 7.08052 7.08435 7.08841 7.0927 7.09721 7.10191 7.1068 7.11187 7.11709 7.12245 7.12793 7.1335 7.13916 7.14487 7.15062 7.15638 7.16212 7.16782 7.17345 7.17899 7.18441 7.18969 7.1948 7.19972 7.20441 7.20886 7.21304 7.21694 7.22052 7.22378 7.2267 7.22925 7.23143 7.23322 7.23462 7.23561 7.2362 7.23637 7.23614 7.23549 7.23444 7.23299 7.23115 7.22893 7.22634 7.22339 7.22012 7.21652 7.21262 7.20845 7.20402 7.19936 7.19449 7.18943 7.18423 7.17889 7.17344 7.16792 7.16234 7.15673 7.15113 7.14554 7.14 7.13452 7.12914 7.12386 7.11871 7.11371 7.10887 7.10422 7.09975 7.0955 7.09146 7.08765 7.08408 7.08076 7.07769 7.07488 7.07234 7.07007 7.06808 7.06636 7.06492 7.06377 7.06291 7.06233 7.06203 
7.05714 7.05743 7.05803 7.05894 7.06015 7.06166 7.06347 7.06558 7.06799 7.07069 7.07367 7.07693 7.08047 7.08428 7.08834 7.09266 7.09721 7.10198 7.10697 7.11216 7.11753 7.12306 7.12874 7.13455 7.14046 7.14645 7.1525 7.15858 7.16468 7.17075 7.17678 7.18274 7.1886 7.19434 7.19992 7.20532 7.21051 7.21547 7.22017 7.22459 7.2287 7.23249 7.23593 7.239 7.2417 7.24399 7.24588 7.24736 7.2484 7.24902 7.2492 7.24895 7.24826 7.24714 7.24561 7.24366 7.24131 7.23857 7.23545 7.23198 7.22818 7.22405 7.21964 7.21495 7.21002 7.20486 7.19952 7.194 7.18835 7.18258 7.17673 7.17082 7.16488 7.15894 7.15302 7.14714 7.14134 7.13562 7.13002 7.12456 7.11925 7.11412 7.10917 7.10443 7.0999 7.09561 7.09156 7.08776 7.08423 7.08096 7.07797 7.07527 7.07285 7.07072 7.06889 7.06736 7.06613 7.0652 7.06458 7.06426 
7.05946 7.05977 7.0604 7.06136 7.06264 7.06424 7.06616 7.06839 7.07094 7.0738 7.07696 7.08042 7.08417 7.08821 7.09252 7.09709 7.10191 7.10697 7.11226 7.11775 7.12344 7.1293 7.13531 7.14146 7.14771 7.15405 7.16045 7.16689 7.17333 7.17975 7.18613 7.19243 7.19862 7.20468 7.21057 7.21627 7.22176 7.22699 7.23195 7.23661 7.24095 7.24495 7.24857 7.25182 7.25465 7.25708 7.25907 7.26062 7.26172 7.26236 7.26255 7.26228 7.26155 7.26037 7.25874 7.25668 7.2542 7.2513 7.24801 7.24434 7.24032 7.23596 7.23129 7.22634 7.22112 7.21568 7.21002 7.20419 7.19821 7.19211 7.18592 7.17967 7.17338 7.16709 7.16082 7.15459 7.14844 7.14239 7.13646 7.13066 7.12504 7.11959 7.11434 7.10931 7.10451 7.09995 7.09565 7.09161 7.08786 7.08439 7.08121 7.07833 7.07576 7.07349 7.07154 7.06991 7.0686 7.06761 7.06694 7.06659 
7.06188 7.0622 7.06286 7.06387 7.06523 7.06692 7.06895 7.07132 7.07402 7.07704 7.08039 7.08406 7.08803 7.0923 7.09686 7.1017 7.1068 7.11216 7.11775 7.12357 7.12958 7.13578 7.14214 7.14864 7.15525 7.16195 7.16871 7.17551 7.18231 7.18909 7.19583 7.20247 7.20901 7.2154 7.22162 7.22763 7.23342 7.23894 7.24417 7.24908 7.25365 7.25786 7.26168 7.26509 7.26808 7.27063 7.27272 7.27435 7.27551 7.27619 7.27638 7.27609 7.27532 7.27407 7.27235 7.27017 7.26755 7.26449 7.26102 7.25715 7.2529 7.2483 7.24338 7.23815 7.23264 7.22689 7.22092 7.21476 7.20844 7.202 7.19545 7.18884 7.1822 7.17555 7.16891 7.16233 7.15582 7.14942 7.14314 7.137 7.13104 7.12527 7.11971 7.11438 7.10929 7.10446 7.0999 7.09562 7.09163 7.08795 7.08457 7.08151 7.07878 7.07637 7.0743 7.07256 7.07116 7.07011 7.06939 7.06902 
7.06439 7.06472 7.06542 7.06648 7.06791 7.0697 7.07185 7.07435 7.0772 7.0804 7.08394 7.08782 7.09202 7.09653 7.10136 7.10647 7.11187 7.11753 7.12344 7.12958 7.13594 7.14248 7.1492 7.15606 7.16304 7.17011 7.17724 7.18442 7.19159 7.19875 7.20584 7.21285 7.21974 7.22647 7.23302 7.23936 7.24545 7.25126 7.25677 7.26194 7.26675 7.27118 7.2752 7.27879 7.28193 7.28461 7.28681 7.28852 7.28973 7.29044 7.29064 7.29033 7.28952 7.2882 7.28639 7.28409 7.28132 7.2781 7.27444 7.27036 7.26589 7.26104 7.25584 7.25033 7.24452 7.23846 7.23216 7.22567 7.219 7.2122 7.2053 7.19832 7.19131 7.18428 7.17728 7.17033 7.16345 7.15668 7.15004 7.14356 7.13726 7.13115 7.12527 7.11963 7.11424 7.10913 7.10429 7.09976 7.09554 7.09163 7.08805 7.08481 7.08191 7.07936 7.07716 7.07531 7.07382 7.0727 7.07194 7.07154 
7.06698 7.06732 7.06806 7.06918 7.07068 7.07257 7.07483 7.07748 7.08049 7.08387 7.08761 7.0917 7.09613 7.1009 7.10599 7.11139 7.11709 7.12306 7.1293 7.13578 7.14248 7.14939 7.15647 7.1637 7.17106 7.17851 7.18603 7.19358 7.20114 7.20867 7.21614 7.22352 7.23077 7.23785 7.24475 7.25141 7.25781 7.26392 7.26971 7.27515 7.28021 7.28486 7.28908 7.29285 7.29615 7.29896 7.30127 7.30307 7.30434 7.30508 7.30529 7.30496 7.3041 7.30271 7.3008 7.29838 7.29547 7.29208 7.28822 7.28393 7.27922 7.27412 7.26865 7.26285 7.25674 7.25035 7.24372 7.23688 7.22986 7.2227 7.21542 7.20807 7.20068 7.19327 7.18589 7.17855 7.1713 7.16416 7.15715 7.15031 7.14366 7.13721 7.131 7.12504 7.11934 7.11393 7.10883 7.10403 7.09957 7.09543 7.09165 7.08821 7.08514 7.08244 7.0801 7.07815 7.07657 7.07537 7.07456 7.07414 
7.06964 7.07 7.07077 7.07195 7.07353 7.07552 7.07791 7.08069 7.08387 7.08743 7.09137 7.09569 7.10036 7.10539 7.11075 7.11645 7.12245 7.12874 7.13531 7.14214 7.1492 7.15647 7.16392 7.17153 7.17927 7.18711 7.19502 7.20297 7.21092 7.21884 7.22669 7.23444 7.24206 7.2495 7.25674 7.26374 7.27047 7.27688 7.28296 7.28866 7.29397 7.29885 7.30328 7.30723 7.31069 7.31364 7.31606 7.31794 7.31927 7.32004 7.32026 7.31991 7.319 7.31754 7.31553 7.31299 7.30993 7.30637 7.30232 7.29781 7.29286 7.2875 7.28176 7.27566 7.26923 7.26252 7.25555 7.24835 7.24097 7.23344 7.22579 7.21805 7.21027 7.20248 7.1947 7.18698 7.17935 7.17182 7.16444 7.15723 7.15022 7.14342 7.13687 7.13058 7.12458 7.11887 7.11348 7.10842 7.1037 7.09934 7.09534 7.09171 7.08846 7.0856 7.08313 7.08106 7.07939 7.07812 7.07726 7.07681 
7.07237 7.07274 7.07355 7.07479 7.07645 7.07854 7.08106 7.08399 7.08733 7.09108 7.09523 7.09977 7.10469 7.10998 7.11562 7.12161 7.12793 7.13455 7.14146 7.14864 7.15606 7.1637 7.17153 7.17953 7.18766 7.1959 7.20421 7.21255 7.22089 7.22921 7.23745 7.24558 7.25357 7.26138 7.26897 7.27631 7.28336 7.29008 7.29645 7.30243 7.30799 7.3131 7.31774 7.32188 7.3255 7.32859 7.33112 7.33308 7.33447 7.33528 7.3355 7.33513 7.33418 7.33264 7.33054 7.32787 7.32466 7.32092 7.31668 7.31195 7.30675 7.30113 7.2951 7.2887 7.28197 7.27492 7.2676 7.26005 7.2523 7.24439 7.23636 7.22824 7.22006 7.21187 7.2037 7.19559 7.18756 7.17964 7.17188 7.1643 7.15692 7.14977 7.14287 7.13625 7.12992 7.12391 7.11824 7.1129 7.10793 7.10333 7.09911 7.09529 7.09186 7.08884 7.08624 7.08405 7.08228 7.08094 7.08003 7.07955 
7.07515 7.07554 7.07639 7.07768 7.07943 7.08163 7.08427 7.08735 7.09086 7.0948 7.09916 7.10393 7.1091 7.11465 7.12058 7.12687 7.1335 7.14046 7.14771 7.15525 7.16304 7.17106 7.17927 7.18766 7.19619 7.20483 7.21354 7.22228 7.23103 7.23974 7.24837 7.25689 7.26526 7.27344 7.28138 7.28906 7.29644 7.30348 7.31014 7.31639 7.32221 7.32755 7.3324 7.33673 7.34052 7.34374 7.34639 7.34844 7.34989 7.35073 7.35096 7.35057 7.34957 7.34796 7.34575 7.34296 7.3396 7.33568 7.33124 7.32628 7.32085 7.31496 7.30865 7.30194 7.29489 7.28751 7.27984 7.27193 7.26381 7.25552 7.24709 7.23858 7.23 7.22141 7.21284 7.20433 7.1959 7.1876 7.17945 7.17148 7.16373 7.15622 7.14897 7.14202 7.13537 7.12905 7.12308 7.11747 7.11224 7.1074 7.10296 7.09893 7.09532 7.09214 7.0894 7.08709 7.08523 7.08382 7.08285 7.08234 
7.07798 7.07838 7.07927 7.08063 7.08246 7.08476 7.08753 7.09076 7.09444 7.09857 7.10315 7.10815 7.11357 7.1194 7.12562 7.13221 7.13916 7.14645 7.15405 7.16195 7.17011 7.17851 7.18711 7.1959 7.20483 7.21387 7.22298 7.23213 7.24128 7.25039 7.25942 7.26833 7.27708 7.28562 7.29393 7.30195 7.30966 7.31701 7.32397 7.3305 7.33657 7.34215 7.34721 7.35173 7.35568 7.35905 7.36181 7.36395 7.36546 7.36633 7.36656 7.36615 7.36511 7.36342 7.36112 7.3582 7.35468 7.35059 7.34595 7.34077 7.33509 7.32893 7.32233 7.31533 7.30794 7.30023 7.29221 7.28394 7.27544 7.26677 7.25795 7.24904 7.24006 7.23107 7.2221 7.21318 7.20435 7.19565 7.18711 7.17876 7.17064 7.16276 7.15516 7.14786 7.14089 7.13426 7.12799 7.1221 7.11661 7.11152 7.10686 7.10263 7.09884 7.0955 7.09261 7.09019 7.08823 7.08674 7.08572 7.08517 
7.08084 7.08126 7.08219 7.08361 7.08552 7.08793 7.09083 7.09421 7.09807 7.10239 7.10718 7.11242 7.11809 7.12419 7.1307 7.1376 7.14487 7.1525 7.16045 7.16871 7.17724 7.18603 7.19502 7.20421 7.21354 7.22298 7.2325 7.24206 7.25161 7.26113 7.27055 7.27985 7.28898 7.2979 7.30656 7.31493 7.32297 7.33063 7.33789 7.3447 7.35102 7.35684 7.36211 7.36682 7.37094 7.37444 7.37731 7.37954 7.38111 7.38202 7.38226 7.38183 7.38073 7.37898 7.37657 7.37353 7.36986 7.36559 7.36074 7.35534 7.34941 7.34299 7.3361 7.32879 7.32109 7.31303 7.30467 7.29603 7.28716 7.2781 7.26889 7.25958 7.2502 7.2408 7.23142 7.2221 7.21287 7.20377 7.19484 7.1861 7.1776 7.16936 7.1614 7.15376 7.14646 7.13951 7.13295 7.12678 7.12102 7.1157 7.11081 7.10637 7.10239 7.09889 7.09586 7.09331 7.09126 7.08969 7.08862 7.08805 
7.08373 7.08417 7.08513 7.08661 7.08861 7.09113 7.09415 7.09769 7.10172 7.10624 7.11124 7.11671 7.12264 7.12902 7.13582 7.14302 7.15062 7.15858 7.16689 7.17551 7.18442 7.19358 7.20297 7.21255 7.22228 7.23213 7.24206 7.25202 7.26198 7.2719 7.28172 7.29141 7.30092 7.3102 7.31923 7.32794 7.33631 7.34429 7.35184 7.35892 7.3655 7.37156 7.37704 7.38194 7.38622 7.38986 7.39285 7.39516 7.3968 7.39774 7.39798 7.39753 7.39639 7.39456 7.39205 7.38888 7.38506 7.38062 7.37557 7.36994 7.36377 7.35708 7.34991 7.34229 7.33427 7.32587 7.31715 7.30815 7.2989 7.28946 7.27986 7.27015 7.26037 7.25057 7.24078 7.23105 7.22142 7.21193 7.2026 7.19348 7.1846 7.17599 7.16768 7.1597 7.15206 7.1448 7.13794 7.13149 7.12547 7.11989 7.11478 7.11014 7.10597 7.1023 7.09913 7.09647 7.09431 7.09267 7.09154 7.09094 
7.08662 7.08708 7.08808 7.08963 7.09171 7.09434 7.09749 7.10118 7.10538 7.1101 7.11532 7.12102 7.12721 7.13385 7.14094 7.14846 7.15638 7.16468 7.17333 7.18231 7.19159 7.20114 7.21092 7.22089 7.23103 7.24128 7.25161 7.26198 7.27235 7.28266 7.29287 7.30295 7.31284 7.32249 7.33187 7.34093 7.34963 7.35791 7.36576 7.37312 7.37996 7.38624 7.39194 7.39702 7.40146 7.40524 7.40834 7.41074 7.41244 7.41341 7.41366 7.41319 7.412 7.4101 7.40749 7.40419 7.40023 7.39561 7.39036 7.38451 7.37809 7.37114 7.36368 7.35576 7.34742 7.33869 7.32962 7.32026 7.31064 7.30081 7.29082 7.28072 7.27054 7.26033 7.25014 7.24001 7.22998 7.22008 7.21036 7.20086 7.1916 7.18263 7.17396 7.16564 7.15767 7.1501 7.14294 7.1362 7.12992 7.1241 7.11876 7.11391 7.10957 7.10573 7.10242 7.09963 7.09738 7.09566 7.09448 7.09385 
7.08952 7.08999 7.09103 7.09264 7.09481 7.09754 7.10083 7.10466 7.10904 7.11395 7.11938 7.12532 7.13176 7.13868 7.14606 7.15388 7.16212 7.17075 7.17975 7.18909 7.19875 7.20867 7.21884 7.22921 7.23974 7.25039 7.26113 7.2719 7.28266 7.29337 7.30397 7.31443 7.32469 7.33471 7.34444 7.35384 7.36286 7.37146 7.37959 7.38722 7.39431 7.40083 7.40673 7.412 7.41661 7.42052 7.42373 7.42622 7.42797 7.42898 7.42924 7.42875 7.42751 7.42554 7.42283 7.41941 7.41529 7.4105 7.40505 7.39899 7.39233 7.38511 7.37738 7.36916 7.3605 7.35144 7.34202 7.3323 7.32231 7.3121 7.30173 7.29123 7.28065 7.27005 7.25946 7.24892 7.23849 7.2282 7.2181 7.20821 7.19858 7.18924 7.18022 7.17156 7.16327 7.15538 7.14792 7.14091 7.13436 7.1283 7.12274 7.11768 7.11315 7.10915 7.1057 7.10279 7.10044 7.09865 7.09742 7.09675 
7.0924 7.09289 7.09397 7.09564 7.09789 7.10073 7.10415 7.10813 7.11268 7.11778 7.12343 7.1296 7.13629 7.14347 7.15114 7.15926 7.16782 7.17678 7.18613 7.19583 7.20584 7.21614 7.22669 7.23745 7.24837 7.25942 7.27055 7.28172 7.29287 7.30397 7.31496 7.3258 7.33643 7.34681 7.35689 7.36662 7.37596 7.38486 7.39328 7.40118 7.40852 7.41526 7.42137 7.42682 7.43158 7.43563 7.43895 7.44152 7.44333 7.44438 7.44464 7.44413 7.44285 7.4408 7.438 7.43445 7.43019 7.42523 7.41959 7.41331 7.40641 7.39894 7.39092 7.38241 7.37344 7.36405 7.35429 7.34422 7.33386 7.32328 7.31253 7.30164 7.29067 7.27967 7.26869 7.25776 7.24693 7.23626 7.22577 7.2155 7.2055 7.1958 7.18644 7.17743 7.16882 7.16062 7.15287 7.14558 7.13878 7.13247 7.12669 7.12143 7.11672 7.11256 7.10896 7.10593 7.10349 7.10162 7.10034 7.09964 
7.09526 7.09576 7.09688 7.09861 7.10095 7.10389 7.10743 7.11157 7.11629 7.12158 7.12743 7.13383 7.14077 7.14822 7.15616 7.16458 7.17345 7.18274 7.19243 7.20247 7.21285 7.22352 7.23444 7.24558 7.25689 7.26833 7.27985 7.29141 7.30295 7.31443 7.3258 7.33701 7.348 7.35873 7.36915 7.37921 7.38886 7.39806 7.40676 7.41492 7.4225 7.42947 7.43578 7.44141 7.44632 7.45051 7.45393 7.45659 7.45846 7.45953 7.4598 7.45927 7.45795 7.45583 7.45293 7.44927 7.44486 7.43973 7.4339 7.42741 7.42028 7.41255 7.40427 7.39546 7.38618 7.37648 7.36639 7.35596 7.34525 7.33431 7.32317 7.31191 7.30056 7.28917 7.27779 7.26647 7.25526 7.2442 7.23333 7.2227 7.21234 7.20228 7.19257 7.18324 7.17431 7.16581 7.15777 7.1502 7.14314 7.1366 7.13059 7.12514 7.12024 7.11593 7.11219 7.10905 7.1065 7.10456 7.10323 7.10251 
7.09808 7.0986 7.09975 7.10154 7.10396 7.10701 7.11067 7.11495 7.11984 7.12531 7.13137 7.138 7.14517 7.15288 7.16111 7.16982 7.17899 7.1886 7.19862 7.20901 7.21974 7.23077 7.24206 7.25357 7.26526 7.27708 7.28898 7.30092 7.31284 7.32469 7.33643 7.348 7.35935 7.37043 7.38118 7.39156 7.40152 7.41101 7.41998 7.4284 7.43621 7.44339 7.4499 7.4557 7.46077 7.46508 7.46861 7.47135 7.47327 7.47438 7.47466 7.47411 7.47274 7.47055 7.46756 7.46378 7.45923 7.45394 7.44793 7.44123 7.43387 7.4259 7.41735 7.40826 7.39868 7.38866 7.37825 7.36748 7.35642 7.34512 7.33362 7.32198 7.31025 7.29849 7.28673 7.27503 7.26344 7.25201 7.24077 7.22977 7.21905 7.20865 7.19861 7.18895 7.1797 7.17091 7.16258 7.15475 7.14744 7.14066 7.13444 7.12879 7.12372 7.11925 7.11537 7.11212 7.10948 7.10747 7.10608 7.10533 
7.10084 7.10138 7.10257 7.10442 7.10692 7.11006 7.11385 7.11827 7.12332 7.12897 7.13523 7.14208 7.14949 7.15745 7.16595 7.17494 7.18441 7.19434 7.20468 7.2154 7.22647 7.23785 7.2495 7.26138 7.27344 7.28562 7.2979 7.3102 7.32249 7.33471 7.34681 7.35873 7.37043 7.38184 7.39291 7.4036 7.41386 7.42363 7.43287 7.44153 7.44958 7.45697 7.46367 7.46964 7.47486 7.47929 7.48293 7.48574 7.48772 7.48885 7.48914 7.48857 7.48716 7.48491 7.48183 7.47793 7.47325 7.4678 7.4616 7.4547 7.44713 7.43892 7.43011 7.42075 7.41088 7.40055 7.38982 7.37873 7.36733 7.35567 7.34382 7.33182 7.31973 7.30759 7.29546 7.2834 7.27144 7.25964 7.24804 7.23669 7.22562 7.21488 7.20451 7.19453 7.18498 7.17589 7.16729 7.1592 7.15165 7.14464 7.13821 7.13237 7.12713 7.1225 7.1185 7.11513 7.1124 7.11031 7.10888 7.10811 
7.10354 7.10409 7.10532 7.10722 7.1098 7.11304 7.11695 7.12151 7.12671 7.13254 7.139 7.14606 7.1537 7.16191 7.17066 7.17993 7.18969 7.19992 7.21057 7.22162 7.23302 7.24475 7.25674 7.26897 7.28138 7.29393 7.30656 7.31923 7.33187 7.34444 7.35689 7.36915 7.38118 7.39291 7.4043 7.41529 7.42584 7.43588 7.44538 7.45428 7.46255 7.47014 7.47702 7.48316 7.48852 7.49307 7.4968 7.49969 7.50172 7.50289 7.50318 7.5026 7.50114 7.49883 7.49566 7.49166 7.48684 7.48124 7.47487 7.46778 7.45999 7.45154 7.44249 7.43286 7.42271 7.4121 7.40105 7.38964 7.37791 7.36592 7.35373 7.34138 7.32893 7.31643 7.30395 7.29152 7.27921 7.26705 7.25511 7.24341 7.23201 7.22094 7.21025 7.19996 7.19012 7.18075 7.17188 7.16354 7.15574 7.14852 7.14188 7.13586 7.13045 7.12567 7.12154 7.11806 7.11524 7.11309 7.11161 7.11081 
7.10615 7.10672 7.10798 7.10994 7.11259 7.11593 7.11995 7.12464 7.13 7.136 7.14265 7.14991 7.15777 7.16622 7.17522 7.18476 7.1948 7.20532 7.21627 7.22763 7.23936 7.25141 7.26374 7.27631 7.28906 7.30195 7.31493 7.32794 7.34093 7.35384 7.36662 7.37921 7.39156 7.4036 7.41529 7.42657 7.43739 7.4477 7.45744 7.46658 7.47506 7.48285 7.4899 7.49619 7.50169 7.50636 7.51019 7.51315 7.51523 7.51642 7.51672 7.51612 7.51463 7.51225 7.509 7.50489 7.49995 7.4942 7.48767 7.48039 7.47239 7.46373 7.45443 7.44455 7.43413 7.42323 7.41189 7.40018 7.38813 7.37582 7.36329 7.3506 7.33781 7.32497 7.31214 7.29937 7.28672 7.27422 7.26194 7.24991 7.23818 7.2268 7.2158 7.20522 7.19509 7.18545 7.17632 7.16773 7.15971 7.15227 7.14544 7.13924 7.13367 7.12875 7.12449 7.12091 7.118 7.11579 7.11426 7.11343 
7.10868 7.10926 7.11055 7.11257 7.11529 7.11872 7.12285 7.12767 7.13317 7.13934 7.14616 7.15362 7.16169 7.17037 7.17961 7.18941 7.19972 7.21051 7.22176 7.23342 7.24545 7.25781 7.27047 7.28336 7.29644 7.30966 7.32297 7.33631 7.34963 7.36286 7.37596 7.38886 7.40152 7.41386 7.42584 7.43739 7.44847 7.45903 7.46901 7.47836 7.48705 7.49502 7.50225 7.50869 7.51432 7.5191 7.52301 7.52604 7.52817 7.52939 7.52969 7.52908 7.52755 7.52511 7.52178 7.51758 7.51252 7.50662 7.49993 7.49247 7.48429 7.47541 7.46588 7.45576 7.44509 7.43391 7.42229 7.41028 7.39794 7.38531 7.37247 7.35946 7.34634 7.33317 7.32001 7.30691 7.29393 7.2811 7.2685 7.25615 7.24412 7.23243 7.22114 7.21027 7.19987 7.18997 7.1806 7.17177 7.16353 7.15589 7.14887 7.14249 7.13676 7.13171 7.12733 7.12365 7.12066 7.11838 7.11682 7.11596 
7.11109 7.11169 7.11301 7.11508 7.11787 7.12139 7.12562 7.13056 7.1362 7.14253 7.14952 7.15717 7.16544 7.17433 7.18381 7.19385 7.20441 7.21547 7.22699 7.23894 7.25126 7.26392 7.27688 7.29008 7.30348 7.31701 7.33063 7.34429 7.35791 7.37146 7.38486 7.39806 7.41101 7.42363 7.43588 7.4477 7.45903 7.46982 7.48002 7.48959 7.49847 7.50662 7.514 7.52059 7.52633 7.53122 7.53522 7.53832 7.54049 7.54174 7.54204 7.54141 7.53985 7.53736 7.53395 7.52965 7.52448 7.51845 7.51161 7.50398 7.49561 7.48653 7.47679 7.46644 7.45552 7.44409 7.4322 7.41991 7.40728 7.39436 7.38121 7.3679 7.35447 7.34099 7.32752 7.3141 7.3008 7.28767 7.27476 7.26211 7.24978 7.23781 7.22624 7.2151 7.20444 7.19429 7.18468 7.17563 7.16718 7.15934 7.15215 7.1456 7.13973 7.13454 7.13006 7.12627 7.12321 7.12087 7.11926 7.11838 
7.11339 7.11399 7.11535 7.11746 7.12032 7.12392 7.12825 7.13331 7.13908 7.14555 7.15271 7.16053 7.169 7.1781 7.18779 7.19805 7.20886 7.22017 7.23195 7.24417 7.25677 7.26971 7.28296 7.29645 7.31014 7.32397 7.33789 7.35184 7.36576 7.37959 7.39328 7.40676 7.41998 7.43287 7.44538 7.45744 7.46901 7.48002 7.49044 7.5002 7.50926 7.51758 7.52511 7.53183 7.53769 7.54268 7.54676 7.54992 7.55213 7.5534 7.55371 7.55307 7.55147 7.54893 7.54545 7.54106 7.53578 7.52963 7.52265 7.51486 7.50631 7.49704 7.4871 7.47653 7.46538 7.45371 7.44157 7.42902 7.41612 7.40292 7.38949 7.37588 7.36216 7.34839 7.33462 7.32091 7.30731 7.29389 7.28069 7.26776 7.25515 7.2429 7.23107 7.21968 7.20877 7.19838 7.18855 7.17929 7.17064 7.16262 7.15526 7.14856 7.14255 7.13724 7.13264 7.12877 7.12563 7.12324 7.12158 7.12068 
7.11555 7.11617 7.11756 7.11971 7.12263 7.12631 7.13073 7.1359 7.14179 7.1484 7.15571 7.1637 7.17235 7.18164 7.19153 7.20201 7.21304 7.22459 7.23661 7.24908 7.26194 7.27515 7.28866 7.30243 7.31639 7.3305 7.3447 7.35892 7.37312 7.38722 7.40118 7.41492 7.4284 7.44153 7.45428 7.46658 7.47836 7.48959 7.5002 7.51014 7.51937 7.52784 7.53552 7.54236 7.54833 7.55341 7.55757 7.56078 7.56304 7.56433 7.56465 7.56399 7.56236 7.55977 7.55623 7.55176 7.54637 7.54011 7.53299 7.52506 7.51634 7.5069 7.49676 7.48599 7.47463 7.46273 7.45035 7.43756 7.4244 7.41095 7.39725 7.38338 7.36938 7.35533 7.34128 7.3273 7.31343 7.29973 7.28625 7.27306 7.26019 7.24769 7.2356 7.22397 7.21284 7.20223 7.19219 7.18274 7.1739 7.16571 7.15818 7.15134 7.1452 7.13977 7.13507 7.13112 7.12791 7.12546 7.12377 7.12285 
7.11757 7.1182 7.11962 7.12181 7.12479 7.12854 7.13305 7.13831 7.14432 7.15106 7.15851 7.16665 7.17547 7.18493 7.19502 7.2057 7.21694 7.2287 7.24095 7.25365 7.26675 7.28021 7.29397 7.30799 7.32221 7.33657 7.35102 7.3655 7.37996 7.39431 7.40852 7.4225 7.43621 7.44958 7.46255 7.47506 7.48705 7.49847 7.50926 7.51937 7.52876 7.53738 7.54518 7.55214 7.55821 7.56337 7.5676 7.57087 7.57316 7.57447 7.57479 7.57412 7.57247 7.56983 7.56623 7.56168 7.5562 7.54983 7.54259 7.53452 7.52566 7.51605 7.50574 7.49477 7.48321 7.4711 7.45851 7.44549 7.4321 7.4184 7.40446 7.39034 7.37609 7.36179 7.34748 7.33324 7.31911 7.30516 7.29143 7.27799 7.26488 7.25214 7.23983 7.22798 7.21663 7.20582 7.19558 7.18594 7.17694 7.16858 7.16091 7.15393 7.14767 7.14213 7.13735 7.13331 7.13004 7.12754 7.12582 7.12488 
7.11944 7.12008 7.12152 7.12375 7.12678 7.13059 7.13518 7.14054 7.14665 7.15351 7.16109 7.16937 7.17834 7.18797 7.19823 7.20909 7.22052 7.23249 7.24495 7.25786 7.27118 7.28486 7.29885 7.3131 7.32755 7.34215 7.35684 7.37156 7.38624 7.40083 7.41526 7.42947 7.44339 7.45697 7.47014 7.48285 7.49502 7.50662 7.51758 7.52784 7.53738 7.54612 7.55405 7.56111 7.56728 7.57252 7.5768 7.58012 7.58245 7.58378 7.58411 7.58343 7.58174 7.57906 7.57541 7.57078 7.56522 7.55875 7.5514 7.5432 7.5342 7.52445 7.51397 7.50284 7.49109 7.4788 7.466 7.45277 7.43917 7.42525 7.41109 7.39673 7.38225 7.36771 7.35317 7.33869 7.32433 7.31015 7.29619 7.28252 7.26919 7.25624 7.24371 7.23166 7.22012 7.20912 7.1987 7.1889 7.17973 7.17123 7.16342 7.15632 7.14995 7.14432 7.13944 7.13533 7.132 7.12946 7.12771 7.12675 
7.12114 7.12179 7.12325 7.12552 7.12859 7.13247 7.13713 7.14257 7.14878 7.15574 7.16344 7.17185 7.18096 7.19073 7.20115 7.21218 7.22378 7.23593 7.24857 7.26168 7.2752 7.28908 7.30328 7.31774 7.3324 7.34721 7.36211 7.37704 7.39194 7.40673 7.42137 7.43578 7.4499 7.46367 7.47702 7.4899 7.50225 7.514 7.52511 7.53552 7.54518 7.55405 7.56208 7.56924 7.57549 7.5808 7.58514 7.5885 7.59086 7.59221 7.59254 7.59185 7.59014 7.58743 7.58372 7.57903 7.5734 7.56683 7.55938 7.55107 7.54195 7.53205 7.52143 7.51014 7.49824 7.48576 7.47279 7.45937 7.44558 7.43146 7.41709 7.40253 7.38784 7.37309 7.35834 7.34365 7.32907 7.31468 7.30051 7.28664 7.2731 7.25996 7.24724 7.235 7.22328 7.21212 7.20154 7.19158 7.18228 7.17364 7.16571 7.1585 7.15202 7.1463 7.14135 7.13718 7.13379 7.13121 7.12943 7.12845 
7.12267 7.12332 7.1248 7.1271 7.13022 7.13415 7.13887 7.14439 7.15068 7.15774 7.16554 7.17407 7.1833 7.1932 7.20376 7.21494 7.2267 7.239 7.25182 7.26509 7.27879 7.29285 7.30723 7.32188 7.33673 7.35173 7.36682 7.38194 7.39702 7.412 7.42682 7.44141 7.4557 7.46964 7.48316 7.49619 7.50869 7.52059 7.53183 7.54236 7.55214 7.56111 7.56924 7.57648 7.5828 7.58817 7.59257 7.59597 7.59836 7.59972 7.60005 7.59935 7.59762 7.59488 7.59112 7.58638 7.58068 7.57404 7.56649 7.55808 7.54885 7.53883 7.52809 7.51666 7.5046 7.49198 7.47884 7.46526 7.45129 7.437 7.42245 7.4077 7.39283 7.37789 7.36295 7.34806 7.3333 7.31872 7.30437 7.29032 7.2766 7.26328 7.2504 7.23799 7.22612 7.2148 7.20408 7.19399 7.18455 7.1758 7.16776 7.16045 7.15388 7.14808 7.14306 7.13883 7.1354 7.13278 7.13097 7.12998 
7.12401 7.12467 7.12617 7.1285 7.13165 7.13562 7.1404 7.14598 7.15235 7.15949 7.16739 7.17601 7.18535 7.19537 7.20605 7.21736 7.22925 7.2417 7.25465 7.26808 7.28193 7.29615 7.31069 7.3255 7.34052 7.35568 7.37094 7.38622 7.40146 7.41661 7.43158 7.44632 7.46077 7.47486 7.48852 7.50169 7.51432 7.52633 7.53769 7.54833 7.55821 7.56728 7.57549 7.5828 7.58919 7.59461 7.59906 7.60249 7.6049 7.60628 7.60661 7.6059 7.60416 7.60138 7.59759 7.5928 7.58703 7.58032 7.5727 7.5642 7.55487 7.54475 7.53389 7.52234 7.51016 7.4974 7.48413 7.4704 7.45628 7.44184 7.42713 7.41222 7.39719 7.38208 7.36698 7.35193 7.337 7.32226 7.30775 7.29353 7.27966 7.26619 7.25316 7.24061 7.2286 7.21715 7.2063 7.19609 7.18655 7.1777 7.16956 7.16216 7.15552 7.14965 7.14456 7.14028 7.13681 7.13416 7.13233 7.13133 
7.12516 7.12583 7.12734 7.12969 7.13288 7.13689 7.14172 7.14735 7.15378 7.16099 7.16896 7.17768 7.1871 7.19722 7.20801 7.21942 7.23143 7.24399 7.25708 7.27063 7.28461 7.29896 7.31364 7.32859 7.34374 7.35905 7.37444 7.38986 7.40524 7.42052 7.43563 7.45051 7.46508 7.47929 7.49307 7.50636 7.5191 7.53122 7.54268 7.55341 7.56337 7.57252 7.5808 7.58817 7.59461 7.60009 7.60457 7.60803 7.61046 7.61185 7.61218 7.61147 7.60971 7.60691 7.60308 7.59825 7.59243 7.58567 7.57798 7.56941 7.55999 7.54978 7.53883 7.52718 7.51489 7.50202 7.48862 7.47477 7.46053 7.44595 7.43111 7.41607 7.40089 7.38565 7.3704 7.35522 7.34015 7.32527 7.31062 7.29627 7.28227 7.26867 7.25551 7.24285 7.23072 7.21916 7.2082 7.19789 7.18826 7.17931 7.1711 7.16362 7.15691 7.15099 7.14585 7.14153 7.13802 7.13534 7.13349 7.13248 
7.12611 7.12679 7.12832 7.13068 7.13389 7.13794 7.1428 7.14849 7.15497 7.16223 7.17027 7.17905 7.18855 7.19875 7.20962 7.22112 7.23322 7.24588 7.25907 7.27272 7.28681 7.30127 7.31606 7.33112 7.34639 7.36181 7.37731 7.39285 7.40834 7.42373 7.43895 7.45393 7.46861 7.48293 7.4968 7.51019 7.52301 7.53522 7.54676 7.55757 7.5676 7.5768 7.58514 7.59257 7.59906 7.60457 7.60907 7.61256 7.61501 7.6164 7.61674 7.61602 7.61425 7.61143 7.60757 7.60271 7.59685 7.59004 7.5823 7.57366 7.56418 7.5539 7.54287 7.53114 7.51876 7.50579 7.4923 7.47835 7.464 7.44932 7.43437 7.41922 7.40393 7.38858 7.37322 7.35792 7.34274 7.32774 7.31298 7.29852 7.28441 7.27071 7.25745 7.24468 7.23246 7.22081 7.20977 7.19938 7.18966 7.18065 7.17237 7.16483 7.15807 7.15209 7.14692 7.14256 7.13902 7.13632 7.13446 7.13344 
7.12687 7.12755 7.12908 7.13146 7.13469 7.13876 7.14366 7.14937 7.15589 7.16321 7.17129 7.18012 7.18968 7.19994 7.21087 7.22244 7.23462 7.24736 7.26062 7.27435 7.28852 7.30307 7.31794 7.33308 7.34844 7.36395 7.37954 7.39516 7.41074 7.42622 7.44152 7.45659 7.47135 7.48574 7.49969 7.51315 7.52604 7.53832 7.54992 7.56078 7.57087 7.58012 7.5885 7.59597 7.60249 7.60803 7.61256 7.61606 7.61852 7.61993 7.62027 7.61954 7.61776 7.61492 7.61105 7.60616 7.60027 7.59342 7.58563 7.57696 7.56742 7.55709 7.54599 7.5342 7.52175 7.50872 7.49515 7.48112 7.46669 7.45193 7.4369 7.42166 7.40629 7.39084 7.3754 7.36001 7.34474 7.32966 7.31482 7.30027 7.28608 7.27229 7.25895 7.24611 7.23382 7.22209 7.21099 7.20054 7.19076 7.18169 7.17336 7.16578 7.15898 7.15296 7.14776 7.14337 7.13981 7.13709 7.13522 7.13419 
7.12741 7.1281 7.12964 7.13203 7.13527 7.13936 7.14427 7.15001 7.15656 7.1639 7.17202 7.18089 7.19049 7.20079 7.21177 7.22339 7.23561 7.2484 7.26172 7.27551 7.28973 7.30434 7.31927 7.33447 7.34989 7.36546 7.38111 7.3968 7.41244 7.42797 7.44333 7.45846 7.47327 7.48772 7.50172 7.51523 7.52817 7.54049 7.55213 7.56304 7.57316 7.58245 7.59086 7.59836 7.6049 7.61046 7.61501 7.61852 7.62099 7.6224 7.62274 7.62201 7.62022 7.61738 7.61349 7.60858 7.60267 7.59579 7.58798 7.57927 7.5697 7.55932 7.54819 7.53635 7.52385 7.51077 7.49715 7.48307 7.46859 7.45377 7.43867 7.42338 7.40794 7.39244 7.37693 7.36148 7.34616 7.33101 7.31611 7.30151 7.28726 7.27341 7.26002 7.24713 7.23478 7.22301 7.21186 7.20136 7.19155 7.18244 7.17407 7.16646 7.15963 7.15359 7.14836 7.14395 7.14038 7.13765 7.13577 7.13474 
7.12775 7.12843 7.12998 7.13238 7.13563 7.13972 7.14465 7.1504 7.15697 7.16433 7.17246 7.18135 7.19097 7.2013 7.2123 7.22395 7.2362 7.24902 7.26236 7.27619 7.29044 7.30508 7.32004 7.33528 7.35073 7.36633 7.38202 7.39774 7.41341 7.42898 7.44438 7.45953 7.47438 7.48885 7.50289 7.51642 7.52939 7.54174 7.5534 7.56433 7.57447 7.58378 7.59221 7.59972 7.60628 7.61185 7.6164 7.61993 7.6224 7.62381 7.62415 7.62342 7.62163 7.61878 7.61488 7.60996 7.60404 7.59714 7.58931 7.58059 7.571 7.5606 7.54944 7.53757 7.52505 7.51194 7.4983 7.48419 7.46967 7.45482 7.43969 7.42436 7.4089 7.39336 7.37782 7.36234 7.34697 7.3318 7.31686 7.30223 7.28795 7.27407 7.26065 7.24773 7.23535 7.22355 7.21238 7.20186 7.19202 7.18289 7.1745 7.16687 7.16002 7.15397 7.14873 7.14431 7.14073 7.13799 7.13611 7.13508 
