5.61955 5.61973 5.62 5.62037 5.62082 5.62137 5.622 5.62273 5.62356 5.62447 5.62548 5.62659 5.62779 5.62909 5.63048 5.63197 5.63355 5.63523 5.63699 5.63885 5.64079 5.64281 5.64491 5.64707 5.6493 5.65159 5.65392 5.6563 5.6587 5.66112 5.66355 5.66597 5.66838 5.67075 5.67309 5.67537 5.67757 5.6797 5.68173 5.68366 5.68546 5.68713 5.68866 5.69004 5.69126 5.69231 5.69318 5.69387 5.69437 5.69468 5.6948 5.69472 5.69446 5.694 5.69336 5.69254 5.69154 5.69037 5.68905 5.68757 5.68595 5.68421 5.68235 5.68038 5.67833 5.67619 5.67399 5.67174 5.66945 5.66713 5.6648 5.66247 5.66016 5.65787 5.65561 5.6534 5.65124 5.64914 5.64711 5.64516 5.6433 5.64152 5.63983 5.63824 5.63675 5.63536 5.63408 5.63289 5.63181 5.63083 5.62996 5.62918 5.62851 5.62794 5.62747 5.62709 5.62681 5.62662 5.62653 5.62653 
5.61973 5.61991 5.62019 5.62055 5.62101 5.62156 5.6222 5.62293 5.62376 5.62468 5.6257 5.62681 5.62802 5.62932 5.63072 5.63222 5.63382 5.6355 5.63728 5.63915 5.6411 5.64314 5.64525 5.64744 5.64968 5.65199 5.65434 5.65673 5.65915 5.66159 5.66403 5.66648 5.6689 5.6713 5.67365 5.67594 5.67817 5.68031 5.68236 5.6843 5.68612 5.6878 5.68935 5.69073 5.69196 5.69302 5.69389 5.69459 5.69509 5.6954 5.69552 5.69545 5.69518 5.69472 5.69407 5.69324 5.69224 5.69106 5.68972 5.68824 5.68661 5.68485 5.68297 5.68099 5.67892 5.67677 5.67455 5.67228 5.66997 5.66763 5.66529 5.66294 5.66061 5.6583 5.65602 5.65379 5.65162 5.6495 5.64746 5.6455 5.64362 5.64182 5.64012 5.63852 5.63702 5.63562 5.63432 5.63313 5.63204 5.63105 5.63017 5.62939 5.62872 5.62814 5.62766 5.62728 5.627 5.62681 5.62671 5.62671 
5.62 5.62019 5.62046 5.62083 5.6213 5.62185 5.6225 5.62325 5.62409 5.62503 5.62606 5.62719 5.62843 5.62976 5.63118 5.63271 5.63433 5.63605 5.63787 5.63977 5.64176 5.64384 5.64599 5.64822 5.65051 5.65286 5.65526 5.65769 5.66016 5.66265 5.66514 5.66763 5.6701 5.67254 5.67494 5.67728 5.67955 5.68173 5.68382 5.68579 5.68765 5.68936 5.69093 5.69235 5.6936 5.69467 5.69556 5.69627 5.69678 5.6971 5.69722 5.69714 5.69687 5.6964 5.69574 5.69489 5.69387 5.69267 5.6913 5.68979 5.68813 5.68633 5.68442 5.6824 5.68029 5.67809 5.67583 5.67351 5.67116 5.66878 5.66639 5.66399 5.66161 5.65925 5.65693 5.65466 5.65244 5.65028 5.6482 5.64619 5.64427 5.64244 5.64071 5.63907 5.63754 5.63611 5.63478 5.63356 5.63245 5.63144 5.63054 5.62974 5.62905 5.62846 5.62797 5.62758 5.62729 5.62709 5.62699 5.62699 
5.62037 5.62055 5.62083 5.62121 5.62168 5.62225 5.62292 5.62369 5.62455 5.62552 5.62658 5.62775 5.62902 5.63039 5.63186 5.63344 5.63511 5.63688 5.63875 5.64072 5.64277 5.64491 5.64713 5.64943 5.65179 5.65421 5.65668 5.6592 5.66174 5.6643 5.66687 5.66944 5.67198 5.6745 5.67697 5.67937 5.68171 5.68396 5.68611 5.68814 5.69005 5.69181 5.69343 5.69489 5.69617 5.69727 5.69819 5.69892 5.69944 5.69977 5.69989 5.69981 5.69953 5.69904 5.69836 5.69749 5.69643 5.69519 5.69379 5.69222 5.69051 5.68866 5.68669 5.68461 5.68243 5.68017 5.67784 5.67545 5.67302 5.67056 5.6681 5.66563 5.66317 5.66074 5.65835 5.656 5.65371 5.65148 5.64933 5.64726 5.64527 5.64338 5.64159 5.6399 5.63831 5.63683 5.63546 5.6342 5.63305 5.632 5.63107 5.63024 5.62952 5.6289 5.62839 5.62798 5.62768 5.62747 5.62736 5.62735 
5.62082 5.62101 5.6213 5.62168 5.62217 5.62276 5.62346 5.62425 5.62515 5.62615 5.62726 5.62847 5.62979 5.63122 5.63276 5.63439 5.63614 5.63799 5.63994 5.64198 5.64412 5.64635 5.64867 5.65106 5.65352 5.65604 5.65862 5.66123 5.66388 5.66655 5.66922 5.67189 5.67454 5.67716 5.67972 5.68223 5.68466 5.687 5.68923 5.69134 5.69332 5.69516 5.69684 5.69835 5.69968 5.70082 5.70178 5.70253 5.70307 5.70341 5.70353 5.70345 5.70315 5.70264 5.70193 5.70102 5.69992 5.69863 5.69717 5.69554 5.69376 5.69184 5.68979 5.68762 5.68535 5.68299 5.68056 5.67808 5.67555 5.67299 5.67042 5.66785 5.66529 5.66275 5.66026 5.65781 5.65542 5.65309 5.65085 5.64869 5.64661 5.64464 5.64277 5.641 5.63934 5.63779 5.63635 5.63503 5.63382 5.63273 5.63174 5.63087 5.63012 5.62947 5.62893 5.62849 5.62817 5.62795 5.62783 5.62781 
5.62137 5.62156 5.62185 5.62225 5.62276 5.62338 5.6241 5.62494 5.62588 5.62693 5.62809 5.62937 5.63076 5.63226 5.63387 5.63559 5.63743 5.63937 5.64142 5.64357 5.64582 5.64817 5.6506 5.65311 5.6557 5.65835 5.66106 5.66381 5.66659 5.66939 5.6722 5.675 5.67778 5.68052 5.68321 5.68584 5.68839 5.69084 5.69318 5.69539 5.69747 5.69939 5.70115 5.70273 5.70412 5.70532 5.70631 5.7071 5.70767 5.70801 5.70814 5.70805 5.70773 5.7072 5.70645 5.7055 5.70434 5.70299 5.70145 5.69974 5.69787 5.69585 5.6937 5.69142 5.68904 5.68657 5.68402 5.6814 5.67875 5.67606 5.67336 5.67065 5.66796 5.66529 5.66267 5.66009 5.65757 5.65513 5.65276 5.65048 5.6483 5.64622 5.64424 5.64237 5.64062 5.63898 5.63746 5.63606 5.63478 5.63362 5.63258 5.63165 5.63085 5.63016 5.62958 5.62911 5.62876 5.62852 5.62839 5.62836 
5.622 5.6222 5.6225 5.62292 5.62346 5.6241 5.62487 5.62574 5.62674 5.62785 5.62908 5.63043 5.6319 5.63349 5.6352 5.63703 5.63897 5.64103 5.6432 5.64548 5.64787 5.65035 5.65293 5.65559 5.65833 5.66114 5.66401 5.66691 5.66986 5.67282 5.67579 5.67875 5.68169 5.68459 5.68744 5.69021 5.6929 5.69549 5.69796 5.70029 5.70248 5.70451 5.70636 5.70802 5.70949 5.71075 5.7118 5.71262 5.71322 5.71359 5.71372 5.71362 5.71328 5.71271 5.71192 5.71091 5.70969 5.70826 5.70663 5.70482 5.70285 5.70071 5.69843 5.69603 5.69351 5.69089 5.68819 5.68543 5.68261 5.67977 5.67691 5.67404 5.67119 5.66836 5.66558 5.66284 5.66017 5.65758 5.65507 5.65265 5.65033 5.64811 5.64601 5.64402 5.64215 5.64041 5.63879 5.63729 5.63593 5.63468 5.63357 5.63258 5.63171 5.63097 5.63034 5.62984 5.62946 5.62919 5.62904 5.629 
5.62273 5.62293 5.62325 5.62369 5.62425 5.62494 5.62574 5.62668 5.62773 5.62892 5.63023 5.63167 5.63323 5.63493 5.63675 5.6387 5.64077 5.64297 5.64529 5.64772 5.65027 5.65292 5.65566 5.6585 5.66142 5.66441 5.66746 5.67056 5.67369 5.67685 5.68001 5.68316 5.68628 5.68936 5.69239 5.69534 5.69819 5.70094 5.70356 5.70604 5.70836 5.71051 5.71247 5.71423 5.71579 5.71712 5.71823 5.7191 5.71973 5.72012 5.72025 5.72014 5.71978 5.71918 5.71833 5.71725 5.71595 5.71443 5.7127 5.71078 5.70868 5.70641 5.70398 5.70142 5.69874 5.69596 5.69308 5.69014 5.68715 5.68412 5.68107 5.67801 5.67497 5.67196 5.66899 5.66607 5.66322 5.66045 5.65776 5.65518 5.6527 5.65033 5.64807 5.64595 5.64394 5.64207 5.64033 5.63873 5.63726 5.63592 5.63471 5.63365 5.63271 5.6319 5.63122 5.63068 5.63025 5.62996 5.62979 5.62974 
5.62356 5.62376 5.62409 5.62455 5.62515 5.62588 5.62674 5.62773 5.62886 5.63013 5.63153 5.63307 5.63475 5.63657 5.63852 5.64061 5.64284 5.64519 5.64768 5.65028 5.65301 5.65585 5.6588 5.66184 5.66496 5.66816 5.67143 5.67474 5.67809 5.68146 5.68484 5.68821 5.69155 5.69484 5.69806 5.70121 5.70426 5.70719 5.70998 5.71262 5.71509 5.71738 5.71947 5.72135 5.723 5.72442 5.7256 5.72652 5.72719 5.7276 5.72774 5.72761 5.72723 5.72658 5.72568 5.72452 5.72313 5.7215 5.71966 5.71761 5.71536 5.71293 5.71034 5.70761 5.70474 5.70176 5.69869 5.69555 5.69234 5.6891 5.68584 5.68257 5.67931 5.67608 5.6729 5.66977 5.66671 5.66374 5.66086 5.65808 5.65541 5.65286 5.65044 5.64815 5.64599 5.64397 5.64209 5.64036 5.63877 5.63732 5.63602 5.63486 5.63384 5.63296 5.63222 5.63162 5.63116 5.63083 5.63063 5.63057 
5.62447 5.62468 5.62503 5.62552 5.62615 5.62693 5.62785 5.62892 5.63013 5.63149 5.633 5.63465 5.63646 5.63841 5.64052 5.64277 5.64516 5.64769 5.65037 5.65317 5.65611 5.65916 5.66233 5.66559 5.66895 5.67239 5.6759 5.67946 5.68305 5.68667 5.69029 5.6939 5.69748 5.70101 5.70446 5.70783 5.71109 5.71423 5.71721 5.72004 5.72268 5.72513 5.72736 5.72936 5.73113 5.73265 5.7339 5.73488 5.73559 5.73602 5.73617 5.73603 5.73561 5.73492 5.73395 5.73271 5.73121 5.72947 5.72749 5.72529 5.72288 5.72028 5.71751 5.71457 5.7115 5.70831 5.70501 5.70164 5.6982 5.69472 5.69121 5.6877 5.6842 5.68073 5.67731 5.67394 5.67065 5.66744 5.66434 5.66134 5.65847 5.65572 5.6531 5.65062 5.64829 5.64611 5.64408 5.6422 5.64047 5.6389 5.63748 5.63622 5.63511 5.63415 5.63334 5.63268 5.63216 5.63179 5.63157 5.63149 
5.62548 5.6257 5.62606 5.62658 5.62726 5.62809 5.62908 5.63023 5.63153 5.633 5.63462 5.63641 5.63836 5.64047 5.64273 5.64516 5.64774 5.65048 5.65336 5.65639 5.65955 5.66284 5.66626 5.66978 5.6734 5.6771 5.68087 5.6847 5.68857 5.69246 5.69636 5.70023 5.70408 5.70786 5.71158 5.71519 5.71869 5.72205 5.72525 5.72828 5.73111 5.73373 5.73612 5.73827 5.74015 5.74177 5.74311 5.74416 5.74492 5.74537 5.74553 5.74538 5.74492 5.74417 5.74313 5.7418 5.74019 5.73832 5.73619 5.73383 5.73124 5.72845 5.72547 5.72231 5.71901 5.71558 5.71204 5.70841 5.70471 5.70096 5.69719 5.69341 5.68964 5.6859 5.68221 5.67858 5.67503 5.67157 5.66821 5.66498 5.66187 5.65889 5.65606 5.65338 5.65085 5.64848 5.64627 5.64423 5.64236 5.64064 5.6391 5.63772 5.63651 5.63546 5.63457 5.63384 5.63327 5.63286 5.63261 5.63251 
5.62659 5.62681 5.62719 5.62775 5.62847 5.62937 5.63043 5.63167 5.63307 5.63465 5.63641 5.63834 5.64044 5.64272 5.64517 5.6478 5.65059 5.65354 5.65666 5.65993 5.66335 5.6669 5.67058 5.67438 5.67829 5.68228 5.68635 5.69048 5.69464 5.69883 5.70303 5.7072 5.71133 5.71541 5.71939 5.72328 5.72704 5.73065 5.73408 5.73733 5.74037 5.74318 5.74574 5.74804 5.75006 5.7518 5.75323 5.75435 5.75516 5.75564 5.7558 5.75564 5.75514 5.75433 5.75321 5.75178 5.75005 5.74803 5.74575 5.74321 5.74042 5.73742 5.73421 5.73082 5.72726 5.72357 5.71976 5.71585 5.71186 5.70783 5.70376 5.69968 5.69562 5.69158 5.6876 5.68368 5.67984 5.6761 5.67248 5.66897 5.66561 5.66238 5.65931 5.6564 5.65366 5.65109 5.64869 5.64647 5.64443 5.64256 5.64088 5.63937 5.63804 5.63689 5.63592 5.63512 5.63449 5.63403 5.63374 5.63363 
5.62779 5.62802 5.62843 5.62902 5.62979 5.63076 5.6319 5.63323 5.63475 5.63646 5.63836 5.64044 5.64272 5.64518 5.64784 5.65067 5.65369 5.65689 5.66026 5.66379 5.66748 5.67133 5.6753 5.67941 5.68362 5.68793 5.69232 5.69677 5.70126 5.70578 5.71029 5.71479 5.71924 5.72362 5.72791 5.73209 5.73612 5.74 5.74369 5.74718 5.75044 5.75346 5.75621 5.75867 5.76084 5.7627 5.76423 5.76543 5.76629 5.76681 5.76697 5.76679 5.76626 5.76538 5.76417 5.76263 5.76077 5.7586 5.75614 5.7534 5.75041 5.74718 5.74372 5.74007 5.73625 5.73227 5.72816 5.72395 5.71966 5.71531 5.71092 5.70652 5.70213 5.69778 5.69347 5.68924 5.68509 5.68105 5.67712 5.67333 5.66968 5.66619 5.66286 5.65971 5.65673 5.65393 5.65133 5.64891 5.64668 5.64465 5.64281 5.64117 5.63972 5.63846 5.63738 5.6365 5.63581 5.6353 5.63498 5.63484 
5.62909 5.62932 5.62976 5.63039 5.63122 5.63226 5.63349 5.63493 5.63657 5.63841 5.64047 5.64272 5.64518 5.64785 5.65072 5.65379 5.65705 5.66051 5.66415 5.66798 5.67197 5.67612 5.68041 5.68484 5.68939 5.69404 5.69878 5.70358 5.70842 5.71328 5.71815 5.72298 5.72777 5.73249 5.7371 5.74159 5.74593 5.7501 5.75407 5.75781 5.76131 5.76454 5.76749 5.77014 5.77246 5.77445 5.77609 5.77738 5.77829 5.77884 5.77902 5.77881 5.77824 5.7773 5.77599 5.77433 5.77233 5.76999 5.76735 5.76441 5.76118 5.7577 5.75399 5.75006 5.74594 5.74166 5.73724 5.7327 5.72807 5.72338 5.71865 5.71391 5.70918 5.70447 5.69982 5.69525 5.69077 5.68639 5.68215 5.67804 5.67409 5.67031 5.6667 5.66328 5.66005 5.65701 5.65418 5.65155 5.64913 5.64691 5.64491 5.64311 5.64152 5.64014 5.63897 5.638 5.63723 5.63667 5.63631 5.63614 
5.63048 5.63072 5.63118 5.63186 5.63276 5.63387 5.6352 5.63675 5.63852 5.64052 5.64273 5.64517 5.64784 5.65072 5.65382 5.65714 5.66067 5.66441 5.66835 5.67247 5.67679 5.68127 5.68591 5.69069 5.69559 5.70061 5.70571 5.71088 5.7161 5.72134 5.72657 5.73178 5.73693 5.742 5.74696 5.75179 5.75645 5.76092 5.76518 5.7692 5.77295 5.77642 5.77958 5.78241 5.7849 5.78703 5.78879 5.79016 5.79114 5.79173 5.79191 5.79169 5.79107 5.79005 5.78864 5.78686 5.7847 5.7822 5.77935 5.77619 5.77272 5.76898 5.76499 5.76076 5.75633 5.75172 5.74696 5.74208 5.7371 5.73205 5.72695 5.72184 5.71673 5.71166 5.70664 5.7017 5.69686 5.69214 5.68755 5.68311 5.67883 5.67474 5.67083 5.66712 5.66361 5.66032 5.65724 5.65438 5.65175 5.64934 5.64716 5.6452 5.64347 5.64196 5.64067 5.63961 5.63877 5.63814 5.63774 5.63755 
5.63197 5.63222 5.63271 5.63344 5.63439 5.63559 5.63703 5.6387 5.64061 5.64277 5.64516 5.6478 5.65067 5.65379 5.65714 5.66073 5.66454 5.66858 5.67283 5.67728 5.68194 5.68677 5.69177 5.69693 5.70221 5.70762 5.71311 5.71868 5.72429 5.72993 5.73556 5.74115 5.74669 5.75213 5.75746 5.76264 5.76764 5.77244 5.77701 5.78131 5.78534 5.78905 5.79244 5.79547 5.79813 5.80041 5.80229 5.80376 5.8048 5.80542 5.80561 5.80537 5.8047 5.80361 5.8021 5.80018 5.79786 5.79517 5.79212 5.78872 5.785 5.78098 5.77669 5.77215 5.76739 5.76244 5.75732 5.75207 5.74671 5.74128 5.73579 5.73029 5.72479 5.71933 5.71392 5.70859 5.70337 5.69827 5.69331 5.68852 5.6839 5.67947 5.67524 5.67122 5.66742 5.66385 5.66051 5.65741 5.65455 5.65194 5.64956 5.64743 5.64554 5.6439 5.64249 5.64133 5.6404 5.63971 5.63926 5.63905 
5.63355 5.63382 5.63433 5.63511 5.63614 5.63743 5.63897 5.64077 5.64284 5.64516 5.64774 5.65059 5.65369 5.65705 5.66067 5.66454 5.66865 5.67301 5.67759 5.68239 5.68741 5.69262 5.698 5.70355 5.70924 5.71506 5.72097 5.72695 5.73298 5.73904 5.74508 5.75109 5.75703 5.76287 5.76858 5.77413 5.77949 5.78463 5.78952 5.79413 5.79844 5.80241 5.80603 5.80928 5.81212 5.81456 5.81656 5.81813 5.81924 5.8199 5.8201 5.81984 5.81912 5.81794 5.81632 5.81426 5.81178 5.80889 5.80562 5.80198 5.79799 5.79368 5.78908 5.78421 5.7791 5.77379 5.76829 5.76265 5.7569 5.75106 5.74517 5.73925 5.73333 5.72745 5.72163 5.7159 5.71027 5.70477 5.69943 5.69426 5.68927 5.68449 5.67992 5.67558 5.67147 5.66761 5.66399 5.66064 5.65754 5.6547 5.65212 5.6498 5.64775 5.64596 5.64443 5.64316 5.64214 5.64139 5.64089 5.64064 
5.63523 5.6355 5.63605 5.63688 5.63799 5.63937 5.64103 5.64297 5.64519 5.64769 5.65048 5.65354 5.65689 5.66051 5.66441 5.66858 5.67301 5.67769 5.68263 5.6878 5.69319 5.69879 5.70459 5.71055 5.71667 5.72291 5.72925 5.73568 5.74215 5.74864 5.75512 5.76156 5.76792 5.77417 5.78029 5.78623 5.79197 5.79746 5.80269 5.80762 5.81222 5.81646 5.82033 5.82379 5.82683 5.82943 5.83156 5.83323 5.83442 5.83512 5.83533 5.83504 5.83426 5.833 5.83127 5.82906 5.82641 5.82332 5.81981 5.81592 5.81165 5.80704 5.80211 5.79689 5.79142 5.78573 5.77984 5.7738 5.76763 5.76137 5.75504 5.74869 5.74234 5.73602 5.72977 5.7236 5.71755 5.71164 5.70589 5.70032 5.69495 5.68979 5.68487 5.68018 5.67575 5.67158 5.66767 5.66404 5.66069 5.65761 5.65482 5.65231 5.65008 5.64814 5.64647 5.64509 5.64398 5.64316 5.64261 5.64233 
5.63699 5.63728 5.63787 5.63875 5.63994 5.64142 5.6432 5.64529 5.64768 5.65037 5.65336 5.65666 5.66026 5.66415 5.66835 5.67283 5.67759 5.68263 5.68793 5.69349 5.69928 5.70529 5.71151 5.7179 5.72446 5.73115 5.73796 5.74484 5.75177 5.75871 5.76565 5.77253 5.77934 5.78602 5.79256 5.7989 5.80503 5.8109 5.81647 5.82173 5.82664 5.83117 5.83529 5.83898 5.84221 5.84498 5.84725 5.84903 5.85029 5.85103 5.85124 5.85094 5.8501 5.84876 5.8469 5.84454 5.84171 5.83841 5.83467 5.8305 5.82594 5.82101 5.81575 5.81018 5.80433 5.79824 5.79195 5.78548 5.77888 5.77217 5.7654 5.75859 5.75179 5.74502 5.73831 5.7317 5.7252 5.71885 5.71268 5.70669 5.70092 5.69537 5.69007 5.68503 5.68025 5.67575 5.67155 5.66763 5.66401 5.66069 5.65767 5.65495 5.65254 5.65043 5.64863 5.64713 5.64592 5.64502 5.64442 5.64411 
5.63885 5.63915 5.63977 5.64072 5.64198 5.64357 5.64548 5.64772 5.65028 5.65317 5.65639 5.65993 5.66379 5.66798 5.67247 5.67728 5.68239 5.6878 5.69349 5.69944 5.70565 5.71209 5.71875 5.7256 5.73262 5.73977 5.74705 5.7544 5.76181 5.76923 5.77664 5.78399 5.79125 5.79838 5.80535 5.81211 5.81864 5.82489 5.83083 5.83643 5.84165 5.84647 5.85085 5.85478 5.85822 5.86116 5.86358 5.86546 5.8668 5.86758 5.86781 5.86747 5.86658 5.86515 5.86316 5.86066 5.85763 5.85412 5.85013 5.84569 5.84083 5.83557 5.82996 5.82401 5.81778 5.81128 5.80456 5.79766 5.7906 5.78344 5.77621 5.76893 5.76166 5.75441 5.74723 5.74015 5.7332 5.7264 5.71977 5.71335 5.70716 5.70121 5.69551 5.6901 5.68496 5.68013 5.6756 5.67138 5.66749 5.66391 5.66065 5.65772 5.65512 5.65284 5.65089 5.64926 5.64796 5.64698 5.64632 5.64598 
5.64079 5.6411 5.64176 5.64277 5.64412 5.64582 5.64787 5.65027 5.65301 5.65611 5.65955 5.66335 5.66748 5.67197 5.67679 5.68194 5.68741 5.69319 5.69928 5.70565 5.71229 5.71917 5.72629 5.73361 5.7411 5.74874 5.7565 5.76435 5.77225 5.78016 5.78805 5.79588 5.80361 5.81121 5.81862 5.82582 5.83276 5.8394 5.84572 5.85167 5.85722 5.86233 5.86698 5.87115 5.8748 5.87792 5.88048 5.88248 5.88389 5.88472 5.88496 5.8846 5.88365 5.88212 5.88001 5.87734 5.87413 5.87039 5.86614 5.86142 5.85625 5.85066 5.84469 5.83836 5.83172 5.82481 5.81765 5.8103 5.80278 5.79515 5.78743 5.77967 5.77191 5.76418 5.75651 5.74895 5.74151 5.73424 5.72716 5.72029 5.71366 5.70729 5.70119 5.69538 5.68988 5.68469 5.67983 5.6753 5.67112 5.66727 5.66377 5.66062 5.65781 5.65536 5.65326 5.6515 5.65009 5.64902 5.64831 5.64793 
5.64281 5.64314 5.64384 5.64491 5.64635 5.64817 5.65035 5.65292 5.65585 5.65916 5.66284 5.6669 5.67133 5.67612 5.68127 5.68677 5.69262 5.69879 5.70529 5.71209 5.71917 5.72652 5.73411 5.74191 5.74989 5.75803 5.7663 5.77465 5.78305 5.79147 5.79986 5.80818 5.81639 5.82446 5.83233 5.83997 5.84733 5.85439 5.86108 5.86739 5.87327 5.87869 5.88362 5.88803 5.89189 5.89519 5.89791 5.90002 5.90151 5.90239 5.90263 5.90225 5.90124 5.89961 5.89738 5.89454 5.89113 5.88717 5.88266 5.87765 5.87217 5.86624 5.85989 5.85318 5.84613 5.83878 5.83117 5.82336 5.81537 5.80725 5.79904 5.79078 5.78251 5.77428 5.76611 5.75805 5.75013 5.74237 5.73482 5.72748 5.7204 5.71359 5.70708 5.70087 5.69498 5.68943 5.68423 5.67938 5.67489 5.67076 5.66701 5.66363 5.66062 5.65798 5.65571 5.65382 5.6523 5.65115 5.65038 5.64997 
5.64491 5.64525 5.64599 5.64713 5.64867 5.6506 5.65293 5.65566 5.6588 5.66233 5.66626 5.67058 5.6753 5.68041 5.68591 5.69177 5.698 5.70459 5.71151 5.71875 5.72629 5.73411 5.74218 5.75047 5.75896 5.76761 5.77639 5.78526 5.79418 5.80311 5.81201 5.82084 5.82954 5.83809 5.84643 5.85452 5.86232 5.86978 5.87687 5.88354 5.88976 5.89549 5.9007 5.90536 5.90944 5.91293 5.91579 5.91802 5.9196 5.92052 5.92077 5.92036 5.91929 5.91757 5.9152 5.9122 5.90859 5.90439 5.89963 5.89432 5.88851 5.88223 5.87552 5.8684 5.86093 5.85314 5.84508 5.83679 5.82832 5.8197 5.81099 5.80222 5.79344 5.78469 5.77601 5.76744 5.75901 5.75076 5.74271 5.73491 5.72736 5.72011 5.71316 5.70653 5.70025 5.69433 5.68877 5.68359 5.67879 5.67438 5.67036 5.66674 5.66352 5.66069 5.65826 5.65623 5.6546 5.65336 5.65252 5.65208 
5.64707 5.64744 5.64822 5.64943 5.65106 5.65311 5.65559 5.6585 5.66184 5.66559 5.66978 5.67438 5.67941 5.68484 5.69069 5.69693 5.70355 5.71055 5.7179 5.7256 5.73361 5.74191 5.75047 5.75927 5.76828 5.77745 5.78675 5.79615 5.8056 5.81505 5.82447 5.83381 5.84302 5.85205 5.86087 5.86942 5.87765 5.88553 5.89301 5.90006 5.90662 5.91266 5.91816 5.92307 5.92738 5.93105 5.93406 5.93641 5.93807 5.93904 5.9393 5.93887 5.93774 5.93592 5.93341 5.93025 5.92644 5.922 5.91697 5.91137 5.90523 5.8986 5.8915 5.88398 5.87608 5.86785 5.85932 5.85055 5.84158 5.83246 5.82323 5.81395 5.80465 5.79537 5.78617 5.77708 5.76813 5.75937 5.75083 5.74254 5.73452 5.7268 5.71941 5.71236 5.70568 5.69937 5.69345 5.68793 5.68281 5.67811 5.67382 5.66995 5.66651 5.66349 5.66089 5.65872 5.65697 5.65564 5.65474 5.65426 
5.6493 5.64968 5.65051 5.65179 5.65352 5.6557 5.65833 5.66142 5.66496 5.66895 5.6734 5.67829 5.68362 5.68939 5.69559 5.70221 5.70924 5.71667 5.72446 5.73262 5.7411 5.74989 5.75896 5.76828 5.7778 5.78751 5.79734 5.80728 5.81726 5.82724 5.83719 5.84704 5.85676 5.86629 5.87559 5.8846 5.89328 5.90158 5.90946 5.91687 5.92378 5.93014 5.93593 5.9411 5.94562 5.94949 5.95266 5.95512 5.95687 5.95788 5.95816 5.9577 5.9565 5.95458 5.95195 5.94861 5.94459 5.93992 5.93462 5.92872 5.92225 5.91526 5.90778 5.89985 5.89152 5.88284 5.87384 5.86458 5.85512 5.84548 5.83574 5.82592 5.81609 5.80628 5.79655 5.78693 5.77746 5.76818 5.75913 5.75034 5.74184 5.73366 5.72582 5.71834 5.71124 5.70454 5.69825 5.69238 5.68694 5.68193 5.67737 5.67325 5.66959 5.66637 5.6636 5.66128 5.65941 5.65799 5.65702 5.6565 
5.65159 5.65199 5.65286 5.65421 5.65604 5.65835 5.66114 5.66441 5.66816 5.67239 5.6771 5.68228 5.68793 5.69404 5.70061 5.70762 5.71506 5.72291 5.73115 5.73977 5.74874 5.75803 5.76761 5.77745 5.78751 5.79774 5.80812 5.81859 5.82911 5.83964 5.85011 5.86049 5.87072 5.88075 5.89053 5.90001 5.90913 5.91786 5.92614 5.93393 5.94118 5.94787 5.95394 5.95936 5.96411 5.96816 5.97149 5.97407 5.9759 5.97696 5.97725 5.97677 5.97551 5.97349 5.97072 5.96721 5.96299 5.95808 5.95251 5.94631 5.93951 5.93216 5.92429 5.91595 5.90719 5.89805 5.88858 5.87883 5.86886 5.85871 5.84844 5.8381 5.82773 5.81738 5.80711 5.79695 5.78695 5.77715 5.76759 5.7583 5.74931 5.74065 5.73235 5.72444 5.71692 5.70982 5.70315 5.69692 5.69115 5.68584 5.681 5.67663 5.67273 5.66931 5.66637 5.6639 5.66191 5.6604 5.65936 5.6588 
5.65392 5.65434 5.65526 5.65668 5.65862 5.66106 5.66401 5.66746 5.67143 5.6759 5.68087 5.68635 5.69232 5.69878 5.70571 5.71311 5.72097 5.72925 5.73796 5.74705 5.7565 5.7663 5.77639 5.78675 5.79734 5.80812 5.81904 5.83006 5.84112 5.85218 5.86319 5.8741 5.88484 5.89537 5.90563 5.91558 5.92515 5.9343 5.94298 5.95115 5.95875 5.96575 5.97211 5.97779 5.98276 5.987 5.99049 5.99319 5.9951 5.99621 5.99651 5.996 5.99468 5.99256 5.98966 5.98598 5.98156 5.97641 5.97057 5.96406 5.95694 5.94922 5.94097 5.93222 5.92302 5.91342 5.90348 5.89324 5.88277 5.8721 5.8613 5.85042 5.83951 5.82862 5.81781 5.80711 5.79658 5.78625 5.77617 5.76637 5.75689 5.74775 5.73899 5.73063 5.72269 5.71518 5.70813 5.70155 5.69544 5.68982 5.6847 5.68007 5.67594 5.67231 5.66919 5.66657 5.66446 5.66285 5.66175 5.66115 
5.6563 5.65673 5.65769 5.6592 5.66123 5.66381 5.66691 5.67056 5.67474 5.67946 5.6847 5.69048 5.69677 5.70358 5.71088 5.71868 5.72695 5.73568 5.74484 5.7544 5.76435 5.77465 5.78526 5.79615 5.80728 5.81859 5.83006 5.84162 5.85323 5.86483 5.87637 5.8878 5.89905 5.91008 5.92083 5.93124 5.94126 5.95084 5.95992 5.96845 5.9764 5.98372 5.99036 5.9963 6.0015 6.00593 6.00956 6.01239 6.01438 6.01554 6.01585 6.01531 6.01393 6.01171 6.00867 6.00483 6.0002 5.99482 5.98871 5.98191 5.97445 5.96638 5.95774 5.94858 5.93895 5.9289 5.91848 5.90775 5.89677 5.88558 5.87426 5.86284 5.85139 5.83996 5.8286 5.81737 5.8063 5.79544 5.78484 5.77453 5.76455 5.75493 5.74571 5.7369 5.72852 5.72061 5.71318 5.70623 5.69979 5.69386 5.68844 5.68355 5.67919 5.67536 5.67205 5.66929 5.66705 5.66535 5.66418 5.66354 
5.6587 5.65915 5.66016 5.66174 5.66388 5.66659 5.66986 5.67369 5.67809 5.68305 5.68857 5.69464 5.70126 5.70842 5.7161 5.72429 5.73298 5.74215 5.75177 5.76181 5.77225 5.78305 5.79418 5.8056 5.81726 5.82911 5.84112 5.85323 5.86538 5.87752 5.88959 5.90154 5.9133 5.92483 5.93606 5.94693 5.95739 5.96739 5.97687 5.98577 5.99407 6.0017 6.00863 6.01482 6.02023 6.02485 6.02864 6.03158 6.03365 6.03486 6.03518 6.03462 6.03317 6.03086 6.02769 6.02368 6.01886 6.01324 6.00686 5.99976 5.99198 5.98355 5.97453 5.96496 5.9549 5.94439 5.93351 5.92229 5.9108 5.8991 5.88725 5.8753 5.86331 5.85134 5.83944 5.82767 5.81606 5.80467 5.79355 5.78273 5.77226 5.76216 5.75246 5.74321 5.73441 5.72609 5.71827 5.71096 5.70418 5.69793 5.69223 5.68707 5.68248 5.67843 5.67495 5.67203 5.66967 5.66787 5.66663 5.66596 
5.66112 5.66159 5.66265 5.6643 5.66655 5.66939 5.67282 5.67685 5.68146 5.68667 5.69246 5.69883 5.70578 5.71328 5.72134 5.72993 5.73904 5.74864 5.75871 5.76923 5.78016 5.79147 5.80311 5.81505 5.82724 5.83964 5.85218 5.86483 5.87752 5.89019 5.90279 5.91525 5.92753 5.93954 5.95125 5.96258 5.97348 5.98389 5.99376 6.00303 6.01166 6.0196 6.02681 6.03325 6.03889 6.04369 6.04762 6.05068 6.05284 6.05409 6.05442 6.05383 6.05233 6.04992 6.04662 6.04245 6.03742 6.03158 6.02494 6.01754 6.00944 6.00066 5.99126 5.98129 5.9708 5.95985 5.9485 5.9368 5.92481 5.9126 5.90023 5.88775 5.87523 5.86272 5.85028 5.83797 5.82583 5.81392 5.80227 5.79095 5.77998 5.7694 5.75924 5.74953 5.7403 5.73158 5.72337 5.7157 5.70858 5.70202 5.69603 5.69061 5.68578 5.68153 5.67787 5.67479 5.6723 5.67041 5.6691 5.66839 
5.66355 5.66403 5.66514 5.66687 5.66922 5.6722 5.67579 5.68001 5.68484 5.69029 5.69636 5.70303 5.71029 5.71815 5.72657 5.73556 5.74508 5.75512 5.76565 5.77664 5.78805 5.79986 5.81201 5.82447 5.83719 5.85011 5.86319 5.87637 5.88959 5.90279 5.91591 5.92888 5.94165 5.95416 5.96633 5.97811 5.98944 6.00026 6.01051 6.02014 6.02911 6.03735 6.04484 6.05152 6.05737 6.06235 6.06643 6.06961 6.07184 6.07314 6.07348 6.07287 6.07131 6.06881 6.06538 6.06105 6.05583 6.04975 6.04286 6.03518 6.02675 6.01763 6.00786 5.99749 5.98659 5.9752 5.96338 5.95121 5.93873 5.92602 5.91313 5.90013 5.88708 5.87404 5.86107 5.84822 5.83556 5.82312 5.81097 5.79914 5.78767 5.77661 5.76599 5.75585 5.74619 5.73706 5.72847 5.72044 5.71298 5.70611 5.69983 5.69416 5.68909 5.68463 5.68079 5.67756 5.67495 5.67296 5.67158 5.67083 
5.66597 5.66648 5.66763 5.66944 5.67189 5.675 5.67875 5.68316 5.68821 5.6939 5.70023 5.7072 5.71479 5.72298 5.73178 5.74115 5.75109 5.76156 5.77253 5.78399 5.79588 5.80818 5.82084 5.83381 5.84704 5.86049 5.8741 5.8878 5.90154 5.91525 5.92888 5.94236 5.95562 5.96859 5.98123 5.99345 6.0052 6.01642 6.02705 6.03703 6.04632 6.05486 6.06262 6.06954 6.0756 6.08075 6.08498 6.08827 6.09058 6.09192 6.09227 6.09164 6.09002 6.08743 6.08388 6.07939 6.07398 6.06769 6.06054 6.05258 6.04384 6.03438 6.02425 6.0135 6.00218 5.99036 5.9781 5.96545 5.95249 5.93929 5.92589 5.91238 5.89881 5.88524 5.87175 5.85838 5.84519 5.83224 5.81958 5.80726 5.79531 5.78378 5.7727 5.76211 5.75204 5.74251 5.73354 5.72515 5.71736 5.71018 5.70362 5.69768 5.69238 5.68772 5.68369 5.68032 5.67758 5.6755 5.67406 5.67327 
5.66838 5.6689 5.6701 5.67198 5.67454 5.67778 5.68169 5.68628 5.69155 5.69748 5.70408 5.71133 5.71924 5.72777 5.73693 5.74669 5.75703 5.76792 5.77934 5.79125 5.80361 5.81639 5.82954 5.84302 5.85676 5.87072 5.88484 5.89905 5.9133 5.92753 5.94165 5.95562 5.96935 5.98279 5.99587 6.00853 6.02069 6.03229 6.04329 6.05362 6.06322 6.07206 6.08007 6.08723 6.09349 6.09882 6.10319 6.10658 6.10897 6.11035 6.11071 6.11006 6.10839 6.10571 6.10204 6.09739 6.0918 6.08529 6.0779 6.06966 6.06063 6.05084 6.04035 6.02922 6.01751 6.00526 5.99256 5.97946 5.96603 5.95234 5.93845 5.92444 5.91036 5.89628 5.88227 5.86839 5.8547 5.84124 5.82809 5.81527 5.80285 5.79085 5.77933 5.76831 5.75782 5.7479 5.73856 5.72982 5.7217 5.71421 5.70737 5.70118 5.69565 5.69078 5.68658 5.68305 5.6802 5.67802 5.67651 5.67568 
5.67075 5.6713 5.67254 5.6745 5.67716 5.68052 5.68459 5.68936 5.69484 5.70101 5.70786 5.71541 5.72362 5.73249 5.742 5.75213 5.76287 5.77417 5.78602 5.79838 5.81121 5.82446 5.83809 5.85205 5.86629 5.88075 5.89537 5.91008 5.92483 5.93954 5.95416 5.96859 5.98279 5.99669 6.0102 6.02327 6.03583 6.04781 6.05916 6.06982 6.07974 6.08885 6.09712 6.1045 6.11095 6.11645 6.12096 6.12445 6.12692 6.12834 6.12871 6.12804 6.12631 6.12355 6.11976 6.11497 6.1092 6.10248 6.09485 6.08635 6.07702 6.06692 6.05609 6.04459 6.03249 6.01984 6.00671 5.99317 5.97928 5.96512 5.95075 5.93625 5.92167 5.9071 5.89259 5.87821 5.86402 5.85007 5.83643 5.82314 5.81025 5.7978 5.78584 5.7744 5.76351 5.7532 5.74349 5.7344 5.72596 5.71818 5.71106 5.70462 5.69886 5.6938 5.68943 5.68575 5.68278 5.68051 5.67894 5.67807 
5.67309 5.67365 5.67494 5.67697 5.67972 5.68321 5.68744 5.69239 5.69806 5.70446 5.71158 5.71939 5.72791 5.7371 5.74696 5.75746 5.76858 5.78029 5.79256 5.80535 5.81862 5.83233 5.84643 5.86087 5.87559 5.89053 5.90563 5.92083 5.93606 5.95125 5.96633 5.98123 5.99587 6.0102 6.02413 6.0376 6.05055 6.0629 6.07459 6.08557 6.09578 6.10516 6.11367 6.12127 6.12791 6.13357 6.13821 6.1418 6.14434 6.1458 6.14619 6.14549 6.14371 6.14087 6.13697 6.13204 6.1261 6.11918 6.11132 6.10257 6.09296 6.08255 6.07139 6.05954 6.04706 6.03402 6.02048 6.00651 5.99218 5.97756 5.96273 5.94775 5.9327 5.91764 5.90265 5.88778 5.87311 5.85869 5.84457 5.83082 5.81747 5.80459 5.7922 5.78035 5.76906 5.75838 5.74831 5.73889 5.73014 5.72206 5.71468 5.70799 5.70202 5.69676 5.69222 5.6884 5.68531 5.68295 5.68132 5.68042 
5.67537 5.67594 5.67728 5.67937 5.68223 5.68584 5.69021 5.69534 5.70121 5.70783 5.71519 5.72328 5.73209 5.74159 5.75179 5.76264 5.77413 5.78623 5.7989 5.81211 5.82582 5.83997 5.85452 5.86942 5.8846 5.90001 5.91558 5.93124 5.94693 5.96258 5.97811 5.99345 6.00853 6.02327 6.0376 6.05146 6.06477 6.07747 6.08949 6.10078 6.11127 6.12091 6.12966 6.13746 6.14429 6.15009 6.15486 6.15855 6.16116 6.16266 6.16305 6.16233 6.16051 6.15759 6.15358 6.14851 6.14241 6.1353 6.12723 6.11823 6.10835 6.09765 6.08617 6.07398 6.06115 6.04773 6.03379 6.01941 6.00466 5.9896 5.97432 5.95889 5.94338 5.92786 5.91239 5.89706 5.88192 5.86704 5.85247 5.83827 5.82449 5.81118 5.79838 5.78613 5.77446 5.76341 5.753 5.74326 5.7342 5.72584 5.7182 5.71128 5.70509 5.69964 5.69494 5.69099 5.68778 5.68534 5.68364 5.68271 
5.67757 5.67817 5.67955 5.68171 5.68466 5.68839 5.6929 5.69819 5.70426 5.71109 5.71869 5.72704 5.73612 5.74593 5.75645 5.76764 5.77949 5.79197 5.80503 5.81864 5.83276 5.84733 5.86232 5.87765 5.89328 5.90913 5.92515 5.94126 5.95739 5.97348 5.98944 6.0052 6.02069 6.03583 6.05055 6.06477 6.07844 6.09147 6.1038 6.11538 6.12614 6.13603 6.145 6.153 6.15999 6.16595 6.17083 6.17461 6.17728 6.17882 6.17923 6.17849 6.17662 6.17362 6.16952 6.16432 6.15806 6.15077 6.14249 6.13326 6.12313 6.11214 6.10036 6.08785 6.07468 6.0609 6.04658 6.03181 6.01665 6.00118 5.98547 5.96961 5.95365 5.93768 5.92178 5.906 5.89041 5.87509 5.86008 5.84545 5.83125 5.81753 5.80434 5.79171 5.77967 5.76828 5.75754 5.74748 5.73813 5.7295 5.7216 5.71446 5.70806 5.70244 5.69758 5.69349 5.69018 5.68765 5.6859 5.68492 
5.6797 5.68031 5.68173 5.68396 5.687 5.69084 5.69549 5.70094 5.70719 5.71423 5.72205 5.73065 5.74 5.7501 5.76092 5.77244 5.78463 5.79746 5.8109 5.82489 5.8394 5.85439 5.86978 5.88553 5.90158 5.91786 5.9343 5.95084 5.96739 5.98389 6.00026 6.01642 6.03229 6.04781 6.0629 6.07747 6.09147 6.10481 6.11744 6.1293 6.14031 6.15043 6.15961 6.1678 6.17496 6.18105 6.18604 6.18992 6.19265 6.19422 6.19464 6.19388 6.19197 6.1889 6.1847 6.17938 6.17298 6.16552 6.15704 6.14759 6.13721 6.12596 6.1139 6.10109 6.08758 6.07346 6.05879 6.04365 6.0281 6.01224 5.99613 5.97984 5.96347 5.94708 5.93075 5.91454 5.89853 5.88278 5.86736 5.85233 5.83773 5.82362 5.81005 5.79705 5.78467 5.77294 5.76188 5.75153 5.7419 5.73301 5.72487 5.71751 5.71092 5.70512 5.70011 5.6959 5.69248 5.68987 5.68806 5.68706 
5.68173 5.68236 5.68382 5.68611 5.68923 5.69318 5.69796 5.70356 5.70998 5.71721 5.72525 5.73408 5.74369 5.75407 5.76518 5.77701 5.78952 5.80269 5.81647 5.83083 5.84572 5.86108 5.87687 5.89301 5.90946 5.92614 5.94298 5.95992 5.97687 5.99376 6.01051 6.02705 6.04329 6.05916 6.07459 6.08949 6.1038 6.11744 6.13035 6.14246 6.15372 6.16406 6.17343 6.1818 6.18911 6.19533 6.20043 6.20439 6.20717 6.20878 6.2092 6.20843 6.20648 6.20335 6.19905 6.19362 6.18708 6.17946 6.1708 6.16114 6.15054 6.13904 6.12671 6.11361 6.0998 6.08536 6.07035 6.05486 6.03895 6.02272 6.00622 5.98955 5.97278 5.95599 5.93926 5.92265 5.90624 5.89009 5.87428 5.85886 5.84388 5.82941 5.81548 5.80214 5.78942 5.77737 5.76602 5.75538 5.74549 5.73635 5.72799 5.72042 5.71365 5.70768 5.70253 5.6982 5.69468 5.692 5.69014 5.6891 
5.68366 5.6843 5.68579 5.68814 5.69134 5.69539 5.70029 5.70604 5.71262 5.72004 5.72828 5.73733 5.74718 5.75781 5.7692 5.78131 5.79413 5.80762 5.82173 5.83643 5.85167 5.86739 5.88354 5.90006 5.91687 5.93393 5.95115 5.96845 5.98577 6.00303 6.02014 6.03703 6.05362 6.06982 6.08557 6.10078 6.11538 6.1293 6.14246 6.15482 6.16629 6.17684 6.1864 6.19493 6.20238 6.20872 6.21392 6.21795 6.22079 6.22243 6.22286 6.22208 6.22008 6.21689 6.21252 6.20698 6.20031 6.19254 6.18371 6.17386 6.16304 6.15132 6.13874 6.12537 6.11127 6.09653 6.08121 6.06539 6.04915 6.03256 6.01571 5.99867 5.98153 5.96437 5.94726 5.93027 5.91349 5.89697 5.88079 5.86501 5.84968 5.83486 5.82059 5.80693 5.7939 5.78156 5.76992 5.75902 5.74887 5.73951 5.73094 5.72317 5.71622 5.7101 5.70482 5.70037 5.69677 5.69401 5.6921 5.69104 
5.68546 5.68612 5.68765 5.69005 5.69332 5.69747 5.70248 5.70836 5.71509 5.72268 5.73111 5.74037 5.75044 5.76131 5.77295 5.78534 5.79844 5.81222 5.82664 5.84165 5.85722 5.87327 5.88976 5.90662 5.92378 5.94118 5.95875 5.9764 5.99407 6.01166 6.02911 6.04632 6.06322 6.07974 6.09578 6.11127 6.12614 6.14031 6.15372 6.16629 6.17798 6.18871 6.19844 6.20712 6.2147 6.22115 6.22644 6.23054 6.23344 6.2351 6.23554 6.23474 6.23272 6.22947 6.22502 6.21938 6.21259 6.20468 6.1957 6.18567 6.17466 6.16272 6.14991 6.13629 6.12194 6.10692 6.09131 6.07519 6.05863 6.04172 6.02454 6.00716 5.98968 5.97217 5.95471 5.93738 5.92025 5.90339 5.88686 5.87074 5.85508 5.83994 5.82536 5.8114 5.79809 5.78547 5.77357 5.76242 5.75204 5.74246 5.73369 5.72574 5.71863 5.71237 5.70696 5.70241 5.69872 5.69589 5.69393 5.69285 
5.68713 5.6878 5.68936 5.69181 5.69516 5.69939 5.70451 5.71051 5.71738 5.72513 5.73373 5.74318 5.75346 5.76454 5.77642 5.78905 5.80241 5.81646 5.83117 5.84647 5.86233 5.87869 5.89549 5.91266 5.93014 5.94787 5.96575 5.98372 6.0017 6.0196 6.03735 6.05486 6.07206 6.08885 6.10516 6.12091 6.13603 6.15043 6.16406 6.17684 6.18871 6.19961 6.2095 6.21831 6.22602 6.23257 6.23794 6.24211 6.24505 6.24674 6.24719 6.24638 6.24432 6.24102 6.2365 6.23077 6.22388 6.21584 6.20671 6.19652 6.18533 6.1732 6.16018 6.14633 6.13174 6.11647 6.10059 6.08419 6.06735 6.05014 6.03266 6.01498 5.99718 5.97935 5.96158 5.94392 5.92647 5.90929 5.89246 5.87603 5.86007 5.84463 5.82977 5.81553 5.80195 5.78907 5.77693 5.76556 5.75497 5.74519 5.73624 5.72812 5.72087 5.71447 5.70894 5.70429 5.70052 5.69764 5.69564 5.69453 
5.68866 5.68935 5.69093 5.69343 5.69684 5.70115 5.70636 5.71247 5.71947 5.72736 5.73612 5.74574 5.75621 5.76749 5.77958 5.79244 5.80603 5.82033 5.83529 5.85085 5.86698 5.88362 5.9007 5.91816 5.93593 5.95394 5.97211 5.99036 6.00863 6.02681 6.04484 6.06262 6.08007 6.09712 6.11367 6.12966 6.145 6.15961 6.17343 6.1864 6.19844 6.2095 6.21952 6.22846 6.23627 6.24292 6.24837 6.25259 6.25557 6.25729 6.25774 6.25692 6.25483 6.25148 6.2469 6.2411 6.2341 6.22595 6.21669 6.20636 6.19501 6.1827 6.16949 6.15544 6.14063 6.12513 6.10901 6.09236 6.07526 6.05779 6.04003 6.02207 6.00399 5.98588 5.96781 5.94987 5.93213 5.91466 5.89754 5.88084 5.8646 5.8489 5.83377 5.81928 5.80547 5.79236 5.78 5.76842 5.75764 5.74768 5.73856 5.7303 5.7229 5.71639 5.71076 5.70602 5.70218 5.69924 5.6972 5.69606 
5.69004 5.69073 5.69235 5.69489 5.69835 5.70273 5.70802 5.71423 5.72135 5.72936 5.73827 5.74804 5.75867 5.77014 5.78241 5.79547 5.80928 5.82379 5.83898 5.85478 5.87115 5.88803 5.90536 5.92307 5.9411 5.95936 5.97779 5.9963 6.01482 6.03325 6.05152 6.06954 6.08723 6.1045 6.12127 6.13746 6.153 6.1678 6.1818 6.19493 6.20712 6.21831 6.22846 6.23751 6.24542 6.25215 6.25766 6.26194 6.26495 6.26669 6.26714 6.26631 6.2642 6.26082 6.25617 6.2503 6.24322 6.23497 6.22559 6.21513 6.20364 6.19117 6.17779 6.16357 6.14856 6.13286 6.11653 6.09966 6.08233 6.06462 6.04662 6.02841 6.01008 5.99171 5.97338 5.95518 5.93718 5.91946 5.90209 5.88514 5.86866 5.85271 5.83736 5.82265 5.80862 5.79531 5.78275 5.77098 5.76003 5.74991 5.74065 5.73225 5.72473 5.71811 5.71239 5.70757 5.70366 5.70067 5.6986 5.69745 
5.69126 5.69196 5.6936 5.69617 5.69968 5.70412 5.70949 5.71579 5.723 5.73113 5.74015 5.75006 5.76084 5.77246 5.7849 5.79813 5.81212 5.82683 5.84221 5.85822 5.8748 5.89189 5.90944 5.92738 5.94562 5.96411 5.98276 6.0015 6.02023 6.03889 6.05737 6.0756 6.09349 6.11095 6.12791 6.14429 6.15999 6.17496 6.18911 6.20238 6.2147 6.22602 6.23627 6.24542 6.25341 6.26021 6.26578 6.2701 6.27315 6.2749 6.27536 6.27452 6.27239 6.26897 6.26428 6.25834 6.25119 6.24285 6.23338 6.2228 6.21118 6.19858 6.18505 6.17067 6.1555 6.13962 6.1231 6.10604 6.08851 6.07059 6.05238 6.03395 6.0154 5.99681 5.97826 5.95984 5.94161 5.92367 5.90608 5.8889 5.87221 5.85606 5.84051 5.8256 5.81138 5.79789 5.78517 5.77324 5.76213 5.75188 5.74248 5.73397 5.72635 5.71963 5.71382 5.70894 5.70498 5.70194 5.69984 5.69867 
5.69231 5.69302 5.69467 5.69727 5.70082 5.70532 5.71075 5.71712 5.72442 5.73265 5.74177 5.7518 5.7627 5.77445 5.78703 5.80041 5.81456 5.82943 5.84498 5.86116 5.87792 5.89519 5.91293 5.93105 5.94949 5.96816 5.987 6.00593 6.02485 6.04369 6.06235 6.08075 6.09882 6.11645 6.13357 6.15009 6.16595 6.18105 6.19533 6.20872 6.22115 6.23257 6.24292 6.25215 6.26021 6.26707 6.27269 6.27705 6.28012 6.28189 6.28236 6.28151 6.27936 6.27591 6.27117 6.26519 6.25797 6.24956 6.24 6.22933 6.2176 6.20488 6.19123 6.17671 6.1614 6.14537 6.1287 6.11147 6.09377 6.07568 6.05728 6.03867 6.01994 6.00116 5.98242 5.9638 5.94539 5.92726 5.90948 5.89212 5.87525 5.85892 5.8432 5.82812 5.81374 5.8001 5.78723 5.77517 5.76394 5.75356 5.74405 5.73544 5.72773 5.72093 5.71506 5.71011 5.7061 5.70303 5.7009 5.69972 
5.69318 5.69389 5.69556 5.69819 5.70178 5.70631 5.7118 5.71823 5.7256 5.7339 5.74311 5.75323 5.76423 5.77609 5.78879 5.80229 5.81656 5.83156 5.84725 5.86358 5.88048 5.89791 5.91579 5.93406 5.95266 5.97149 5.99049 6.00956 6.02864 6.04762 6.06643 6.08498 6.10319 6.12096 6.13821 6.15486 6.17083 6.18604 6.20043 6.21392 6.22644 6.23794 6.24837 6.25766 6.26578 6.27269 6.27835 6.28274 6.28583 6.28762 6.28809 6.28723 6.28507 6.28159 6.27683 6.27079 6.26353 6.25505 6.24542 6.23467 6.22286 6.21005 6.1963 6.18167 6.16624 6.15009 6.13329 6.11593 6.09808 6.07985 6.06131 6.04255 6.02366 6.00472 5.98583 5.96706 5.94849 5.9302 5.91227 5.89476 5.87774 5.86127 5.84541 5.8302 5.81569 5.80192 5.78894 5.77676 5.76542 5.75495 5.74535 5.73666 5.72887 5.72201 5.71608 5.71109 5.70704 5.70394 5.70179 5.70059 
5.69387 5.69459 5.69627 5.69892 5.70253 5.7071 5.71262 5.7191 5.72652 5.73488 5.74416 5.75435 5.76543 5.77738 5.79016 5.80376 5.81813 5.83323 5.84903 5.86546 5.88248 5.90002 5.91802 5.93641 5.95512 5.97407 5.99319 6.01239 6.03158 6.05068 6.06961 6.08827 6.10658 6.12445 6.1418 6.15855 6.17461 6.18992 6.20439 6.21795 6.23054 6.24211 6.25259 6.26194 6.2701 6.27705 6.28274 6.28715 6.29026 6.29206 6.29253 6.29167 6.28949 6.286 6.28121 6.27514 6.26783 6.25931 6.24963 6.23882 6.22694 6.21406 6.20022 6.18551 6.16999 6.15374 6.13685 6.11938 6.10143 6.08308 6.06443 6.04555 6.02655 6.00749 5.98848 5.96959 5.9509 5.9325 5.91445 5.89682 5.87969 5.8631 5.84713 5.83182 5.81721 5.80335 5.79027 5.77801 5.76659 5.75604 5.74637 5.73762 5.72977 5.72286 5.71689 5.71186 5.70778 5.70466 5.70249 5.70128 
5.69437 5.69509 5.69678 5.69944 5.70307 5.70767 5.71322 5.71973 5.72719 5.73559 5.74492 5.75516 5.76629 5.77829 5.79114 5.8048 5.81924 5.83442 5.85029 5.8668 5.88389 5.90151 5.9196 5.93807 5.95687 5.9759 5.9951 6.01438 6.03365 6.05284 6.07184 6.09058 6.10897 6.12692 6.14434 6.16116 6.17728 6.19265 6.20717 6.22079 6.23344 6.24505 6.25557 6.26495 6.27315 6.28012 6.28583 6.29026 6.29339 6.29519 6.29566 6.2948 6.29261 6.2891 6.28429 6.27821 6.27087 6.26232 6.25259 6.24174 6.22982 6.21688 6.20299 6.18822 6.17264 6.15632 6.13935 6.12181 6.10379 6.08537 6.06663 6.04768 6.02859 6.00945 5.99035 5.97138 5.95261 5.93412 5.91598 5.89828 5.88106 5.86441 5.84836 5.83297 5.81829 5.80436 5.79122 5.7789 5.76742 5.75682 5.74711 5.7383 5.73042 5.72348 5.71747 5.71242 5.70832 5.70518 5.703 5.70179 
5.69468 5.6954 5.6971 5.69977 5.70341 5.70801 5.71359 5.72012 5.7276 5.73602 5.74537 5.75564 5.76681 5.77884 5.79173 5.80542 5.8199 5.83512 5.85103 5.86758 5.88472 5.90239 5.92052 5.93904 5.95788 5.97696 5.99621 6.01554 6.03486 6.05409 6.07314 6.09192 6.11035 6.12834 6.1458 6.16266 6.17882 6.19422 6.20878 6.22243 6.2351 6.24674 6.25729 6.26669 6.2749 6.28189 6.28762 6.29206 6.29519 6.29699 6.29747 6.29661 6.29441 6.2909 6.28608 6.27997 6.27262 6.26405 6.2543 6.24342 6.23147 6.2185 6.20458 6.18978 6.17416 6.15781 6.1408 6.12322 6.10515 6.08668 6.0679 6.0489 6.02976 6.01058 5.99143 5.97241 5.95359 5.93506 5.91688 5.89913 5.88187 5.86517 5.84907 5.83365 5.81893 5.80496 5.79178 5.77943 5.76792 5.75729 5.74755 5.73872 5.73082 5.72385 5.71783 5.71276 5.70865 5.7055 5.70331 5.7021 
