5.84597 5.84615 5.84643 5.84681 5.84729 5.84787 5.84855 5.84933 5.8502 5.85118 5.85226 5.85344 5.85472 5.8561 5.85759 5.85917 5.86085 5.86262 5.86449 5.86645 5.8685 5.87063 5.87283 5.8751 5.87744 5.87983 5.88227 5.88474 5.88724 5.88975 5.89227 5.89478 5.89727 5.89972 5.90213 5.90448 5.90675 5.90894 5.91102 5.913 5.91485 5.91656 5.91813 5.91954 5.92078 5.92185 5.92274 5.92344 5.92395 5.92427 5.92439 5.92431 5.92404 5.92357 5.92292 5.92207 5.92105 5.91986 5.9185 5.91699 5.91533 5.91354 5.91163 5.90961 5.9075 5.9053 5.90303 5.90071 5.89834 5.89595 5.89354 5.89112 5.88872 5.88633 5.88398 5.88167 5.87941 5.87721 5.87508 5.87303 5.87106 5.86918 5.86739 5.8657 5.86411 5.86263 5.86125 5.85997 5.8588 5.85774 5.85679 5.85595 5.85521 5.85458 5.85405 5.85363 5.85331 5.8531 5.85298 5.85296 
5.84615 5.84634 5.84662 5.847 5.84748 5.84806 5.84874 5.84952 5.85041 5.85139 5.85247 5.85366 5.85495 5.85634 5.85783 5.85942 5.86112 5.8629 5.86479 5.86676 5.86882 5.87096 5.87318 5.87547 5.87782 5.88023 5.88268 5.88518 5.88769 5.89022 5.89276 5.89529 5.89779 5.90027 5.90269 5.90506 5.90735 5.90955 5.91165 5.91364 5.9155 5.91723 5.91881 5.92023 5.92148 5.92256 5.92345 5.92416 5.92467 5.92499 5.92511 5.92503 5.92476 5.92429 5.92363 5.92278 5.92175 5.92054 5.91918 5.91765 5.91598 5.91418 5.91226 5.91022 5.90809 5.90588 5.90359 5.90125 5.89887 5.89645 5.89402 5.89159 5.88917 5.88677 5.8844 5.88207 5.87979 5.87758 5.87543 5.87337 5.87138 5.86949 5.86769 5.86598 5.86438 5.86289 5.8615 5.86021 5.85904 5.85797 5.85701 5.85616 5.85542 5.85478 5.85425 5.85382 5.8535 5.85328 5.85316 5.85315 
5.84643 5.84662 5.8469 5.84729 5.84778 5.84837 5.84906 5.84985 5.85075 5.85175 5.85285 5.85406 5.85537 5.85679 5.8583 5.85992 5.86165 5.86347 5.86538 5.86739 5.86949 5.87167 5.87393 5.87626 5.87866 5.88111 5.88361 5.88615 5.88871 5.89129 5.89387 5.89644 5.89899 5.90151 5.90398 5.90639 5.90872 5.91096 5.9131 5.91512 5.91702 5.91877 5.92038 5.92182 5.9231 5.92419 5.9251 5.92582 5.92634 5.92667 5.92679 5.92671 5.92643 5.92595 5.92527 5.92441 5.92336 5.92213 5.92074 5.91919 5.91749 5.91565 5.91369 5.91162 5.90945 5.90719 5.90487 5.90248 5.90005 5.8976 5.89512 5.89264 5.89017 5.88773 5.88531 5.88294 5.88062 5.87837 5.87618 5.87407 5.87205 5.87012 5.86828 5.86655 5.86491 5.86339 5.86197 5.86066 5.85946 5.85837 5.85739 5.85652 5.85576 5.85511 5.85457 5.85413 5.8538 5.85357 5.85345 5.85343 
5.84681 5.847 5.84729 5.84768 5.84818 5.84879 5.8495 5.85031 5.85123 5.85226 5.85339 5.85463 5.85598 5.85744 5.859 5.86067 5.86244 5.86431 5.86629 5.86835 5.87051 5.87276 5.87508 5.87748 5.87995 5.88247 5.88504 5.88765 5.89029 5.89294 5.8956 5.89824 5.90087 5.90346 5.90599 5.90847 5.91086 5.91317 5.91537 5.91744 5.91939 5.9212 5.92285 5.92433 5.92564 5.92676 5.9277 5.92843 5.92897 5.9293 5.92942 5.92934 5.92905 5.92855 5.92786 5.92697 5.92589 5.92463 5.92319 5.9216 5.91985 5.91796 5.91594 5.91381 5.91158 5.90925 5.90686 5.90441 5.90191 5.89938 5.89683 5.89428 5.89174 5.88922 5.88673 5.88429 5.8819 5.87957 5.87732 5.87515 5.87306 5.87107 5.86918 5.86739 5.8657 5.86413 5.86266 5.86131 5.86007 5.85894 5.85793 5.85703 5.85624 5.85557 5.85501 5.85455 5.85421 5.85397 5.85384 5.85381 
5.84729 5.84748 5.84778 5.84818 5.8487 5.84932 5.85005 5.8509 5.85185 5.85292 5.8541 5.85538 5.85678 5.8583 5.85992 5.86165 5.8635 5.86544 5.86749 5.86964 5.87189 5.87422 5.87664 5.87913 5.88169 5.88431 5.88698 5.88969 5.89243 5.89519 5.89794 5.90069 5.90341 5.9061 5.90873 5.9113 5.91378 5.91617 5.91845 5.92061 5.92263 5.9245 5.92621 5.92774 5.9291 5.93026 5.93123 5.93199 5.93254 5.93288 5.93301 5.93292 5.93262 5.9321 5.93138 5.93045 5.92933 5.92802 5.92653 5.92487 5.92306 5.9211 5.919 5.91679 5.91447 5.91206 5.90957 5.90702 5.90442 5.9018 5.89915 5.8965 5.89385 5.89123 5.88865 5.88611 5.88362 5.8812 5.87886 5.8766 5.87442 5.87235 5.87038 5.86851 5.86675 5.86511 5.86358 5.86217 5.86087 5.85969 5.85863 5.85769 5.85687 5.85616 5.85557 5.85509 5.85472 5.85447 5.85433 5.85429 
5.84787 5.84806 5.84837 5.84879 5.84932 5.84997 5.85074 5.85162 5.85262 5.85373 5.85496 5.85631 5.85778 5.85937 5.86107 5.86288 5.86481 5.86686 5.86901 5.87126 5.87361 5.87606 5.87859 5.8812 5.88389 5.88664 5.88943 5.89227 5.89514 5.89802 5.90091 5.90378 5.90663 5.90944 5.9122 5.91488 5.91748 5.91998 5.92236 5.92461 5.92672 5.92867 5.93045 5.93206 5.93347 5.93469 5.93569 5.93649 5.93706 5.93741 5.93754 5.93745 5.93713 5.93659 5.93583 5.93486 5.93368 5.93231 5.93075 5.92902 5.92712 5.92506 5.92287 5.92055 5.91812 5.9156 5.91299 5.91032 5.9076 5.90485 5.90208 5.8993 5.89653 5.89378 5.89106 5.8884 5.88579 5.88325 5.88079 5.87841 5.87613 5.87395 5.87188 5.86991 5.86806 5.86633 5.86472 5.86323 5.86186 5.86062 5.8595 5.8585 5.85763 5.85688 5.85625 5.85574 5.85535 5.85507 5.85492 5.85488 
5.84855 5.84874 5.84906 5.8495 5.85005 5.85074 5.85154 5.85247 5.85352 5.85469 5.85599 5.85742 5.85897 5.86064 5.86244 5.86436 5.8664 5.86855 5.87082 5.8732 5.87569 5.87827 5.88095 5.88371 5.88654 5.88944 5.89239 5.89538 5.89841 5.90145 5.90449 5.90752 5.91052 5.91348 5.91638 5.91921 5.92194 5.92457 5.92708 5.92944 5.93166 5.93371 5.93559 5.93727 5.93876 5.94003 5.94109 5.94192 5.94252 5.94289 5.94302 5.94292 5.94258 5.94201 5.94121 5.94018 5.93894 5.9375 5.93585 5.93402 5.93202 5.92985 5.92754 5.9251 5.92254 5.91988 5.91713 5.91431 5.91144 5.90854 5.90561 5.90268 5.89975 5.89685 5.89398 5.89116 5.88841 5.88572 5.88312 5.8806 5.87819 5.87588 5.87368 5.87159 5.86963 5.86779 5.86608 5.8645 5.86305 5.86172 5.86053 5.85947 5.85853 5.85773 5.85705 5.85651 5.85608 5.85578 5.85561 5.85556 
5.84933 5.84952 5.84985 5.85031 5.8509 5.85162 5.85247 5.85345 5.85456 5.85581 5.85719 5.8587 5.86035 5.86213 5.86404 5.86608 5.86824 5.87054 5.87295 5.87548 5.87812 5.88086 5.88371 5.88663 5.88964 5.89272 5.89585 5.89903 5.90224 5.90546 5.90869 5.9119 5.91508 5.91821 5.92128 5.92428 5.92717 5.92995 5.9326 5.93511 5.93745 5.93962 5.9416 5.94338 5.94495 5.94629 5.94741 5.94828 5.94892 5.9493 5.94944 5.94933 5.94896 5.94836 5.9475 5.94642 5.9451 5.94357 5.94183 5.93989 5.93776 5.93547 5.93302 5.93043 5.92771 5.92489 5.92197 5.91899 5.91594 5.91286 5.90975 5.90663 5.90353 5.90044 5.89739 5.8944 5.89147 5.88861 5.88584 5.88316 5.88059 5.87812 5.87578 5.87356 5.87146 5.8695 5.86767 5.86598 5.86442 5.863 5.86172 5.86058 5.85958 5.85871 5.85798 5.85739 5.85693 5.8566 5.8564 5.85634 
5.8502 5.85041 5.85075 5.85123 5.85185 5.85262 5.85352 5.85456 5.85575 5.85708 5.85855 5.86017 5.86192 5.86382 5.86586 5.86804 5.87036 5.8728 5.87538 5.87808 5.8809 5.88383 5.88686 5.88999 5.8932 5.89648 5.89982 5.90321 5.90662 5.91006 5.91349 5.91691 5.9203 5.92363 5.9269 5.93008 5.93316 5.93612 5.93893 5.94159 5.94408 5.94639 5.94849 5.95038 5.95204 5.95346 5.95464 5.95557 5.95624 5.95665 5.95679 5.95666 5.95627 5.95562 5.95471 5.95356 5.95216 5.95052 5.94867 5.9466 5.94434 5.9419 5.93929 5.93653 5.93363 5.93063 5.92752 5.92434 5.92109 5.9178 5.91449 5.91117 5.90785 5.90456 5.9013 5.8981 5.89497 5.89191 5.88895 5.88609 5.88333 5.88069 5.87818 5.8758 5.87355 5.87144 5.86948 5.86766 5.86598 5.86446 5.86308 5.86185 5.86076 5.85983 5.85903 5.85839 5.85788 5.85752 5.8573 5.85722 
5.85118 5.85139 5.85175 5.85226 5.85292 5.85373 5.85469 5.85581 5.85708 5.8585 5.86008 5.86181 5.86369 5.86573 5.86791 5.87025 5.87273 5.87535 5.87812 5.88101 5.88403 5.88717 5.89042 5.89377 5.8972 5.90071 5.90429 5.90791 5.91157 5.91524 5.91891 5.92256 5.92618 5.92974 5.93323 5.93662 5.9399 5.94305 5.94606 5.94889 5.95155 5.954 5.95624 5.95824 5.96001 5.96153 5.96278 5.96377 5.96448 5.9649 5.96505 5.96491 5.96449 5.9638 5.96283 5.96159 5.96009 5.95834 5.95636 5.95415 5.95174 5.94913 5.94634 5.94339 5.9403 5.93709 5.93377 5.93036 5.92689 5.92337 5.91983 5.91627 5.91272 5.90919 5.90571 5.90228 5.89891 5.89564 5.89246 5.88938 5.88642 5.88359 5.88088 5.87832 5.8759 5.87363 5.87151 5.86955 5.86774 5.86609 5.8646 5.86326 5.86209 5.86107 5.86021 5.8595 5.85895 5.85855 5.8583 5.85821 
5.85226 5.85247 5.85285 5.85339 5.8541 5.85496 5.85599 5.85719 5.85855 5.86008 5.86177 5.86363 5.86565 5.86784 5.87019 5.8727 5.87537 5.87819 5.88116 5.88427 5.88751 5.89089 5.89437 5.89797 5.90165 5.90542 5.90926 5.91314 5.91706 5.92099 5.92492 5.92884 5.93271 5.93652 5.94025 5.94388 5.94739 5.95076 5.95397 5.95699 5.95983 5.96245 5.96483 5.96698 5.96886 5.97048 5.97181 5.97286 5.97361 5.97407 5.97422 5.97407 5.97361 5.97287 5.97182 5.9705 5.96889 5.96702 5.9649 5.96254 5.95995 5.95716 5.95417 5.95101 5.9477 5.94426 5.9407 5.93705 5.93333 5.92956 5.92575 5.92194 5.91813 5.91434 5.9106 5.90691 5.9033 5.89977 5.89635 5.89304 5.88985 5.8868 5.88388 5.88112 5.87851 5.87606 5.87377 5.87164 5.86969 5.8679 5.86628 5.86483 5.86355 5.86245 5.86151 5.86073 5.86013 5.85968 5.85941 5.8593 
5.85344 5.85366 5.85406 5.85463 5.85538 5.85631 5.85742 5.8587 5.86017 5.86181 5.86363 5.86563 5.86781 5.87016 5.87269 5.8754 5.87827 5.88131 5.8845 5.88785 5.89134 5.89497 5.89872 5.90258 5.90655 5.9106 5.91471 5.91888 5.92309 5.92731 5.93153 5.93573 5.93988 5.94396 5.94796 5.95185 5.95561 5.95921 5.96265 5.96589 5.96891 5.97171 5.97427 5.97656 5.97857 5.98029 5.98172 5.98283 5.98363 5.98411 5.98427 5.98411 5.98362 5.98281 5.98169 5.98027 5.97855 5.97654 5.97427 5.97173 5.96896 5.96596 5.96276 5.95938 5.95583 5.95213 5.94832 5.9444 5.9404 5.93635 5.93227 5.92816 5.92407 5.92 5.91597 5.912 5.90811 5.90432 5.90063 5.89706 5.89362 5.89033 5.88718 5.88419 5.88137 5.87872 5.87624 5.87394 5.87182 5.86988 5.86813 5.86655 5.86516 5.86395 5.86293 5.86208 5.86141 5.86093 5.86062 5.86048 
5.85472 5.85495 5.85537 5.85598 5.85678 5.85778 5.85897 5.86035 5.86192 5.86369 5.86565 5.86781 5.87016 5.87269 5.87542 5.87834 5.88143 5.88471 5.88815 5.89175 5.89551 5.89942 5.90346 5.90761 5.91188 5.91623 5.92066 5.92514 5.92966 5.93419 5.93872 5.94323 5.94768 5.95206 5.95635 5.96051 5.96454 5.9684 5.97208 5.97555 5.97879 5.98179 5.98451 5.98696 5.98911 5.99095 5.99248 5.99367 5.99452 5.99503 5.99519 5.99501 5.99448 5.99362 5.99241 5.99088 5.98904 5.98689 5.98444 5.98173 5.97875 5.97554 5.9721 5.96847 5.96466 5.96069 5.95659 5.95239 5.9481 5.94374 5.93935 5.93494 5.93053 5.92615 5.92181 5.91754 5.91335 5.90926 5.90529 5.90144 5.89773 5.89417 5.89077 5.88754 5.88449 5.88162 5.87894 5.87645 5.87415 5.87204 5.87013 5.86842 5.86691 5.86559 5.86447 5.86354 5.86281 5.86227 5.86193 5.86177 
5.8561 5.85634 5.85679 5.85744 5.8583 5.85937 5.86064 5.86213 5.86382 5.86573 5.86784 5.87016 5.87269 5.87543 5.87837 5.88151 5.88485 5.88838 5.89209 5.89597 5.90003 5.90423 5.90858 5.91305 5.91764 5.92232 5.92708 5.9319 5.93675 5.94162 5.94649 5.95132 5.9561 5.9608 5.96539 5.96986 5.97418 5.97831 5.98225 5.98597 5.98944 5.99264 5.99556 5.99818 6.00047 6.00244 6.00407 6.00534 6.00624 6.00678 6.00696 6.00676 6.00619 6.00525 6.00396 6.00232 6.00034 5.99803 5.99541 5.9925 5.9893 5.98585 5.98217 5.97827 5.97418 5.96992 5.96552 5.961 5.95639 5.95171 5.94699 5.94225 5.93751 5.9328 5.92813 5.92353 5.91902 5.91461 5.91032 5.90617 5.90216 5.89832 5.89465 5.89116 5.88786 5.88475 5.88185 5.87915 5.87666 5.87437 5.8723 5.87044 5.8688 5.86736 5.86614 5.86512 5.86432 5.86373 5.86334 5.86317 
5.85759 5.85783 5.8583 5.859 5.85992 5.86107 5.86244 5.86404 5.86586 5.86791 5.87019 5.87269 5.87542 5.87837 5.88154 5.88493 5.88853 5.89233 5.89632 5.90051 5.90487 5.90939 5.91407 5.91888 5.92382 5.92885 5.93397 5.93914 5.94436 5.94959 5.95481 5.95999 5.96512 5.97016 5.97508 5.97987 5.98449 5.98892 5.99314 5.99711 6.00082 6.00425 6.00737 6.01017 6.01263 6.01473 6.01646 6.01781 6.01878 6.01936 6.01953 6.01932 6.0187 6.0177 6.01631 6.01455 6.01243 6.00995 6.00714 6.00402 6.00059 5.99689 5.99294 5.98876 5.98437 5.9798 5.97508 5.97023 5.96528 5.96026 5.95518 5.95008 5.94499 5.93992 5.9349 5.92995 5.92509 5.92034 5.91572 5.91124 5.90692 5.90278 5.89881 5.89504 5.89148 5.88812 5.88498 5.88205 5.87935 5.87688 5.87463 5.87261 5.87082 5.86926 5.86792 5.86682 5.86594 5.86529 5.86486 5.86466 
5.85917 5.85942 5.85992 5.86067 5.86165 5.86288 5.86436 5.86608 5.86804 5.87025 5.8727 5.8754 5.87834 5.88151 5.88493 5.88858 5.89245 5.89654 5.90084 5.90534 5.91004 5.9149 5.91993 5.92511 5.93041 5.93581 5.94131 5.94686 5.95246 5.95807 5.96367 5.96922 5.97472 5.98011 5.98539 5.99052 5.99546 6.0002 6.00471 6.00896 6.01293 6.01659 6.01993 6.02291 6.02554 6.02778 6.02963 6.03107 6.0321 6.03271 6.0329 6.03266 6.032 6.03092 6.02943 6.02754 6.02527 6.02262 6.01961 6.01626 6.01259 6.00863 6.0044 5.99991 5.99521 5.99031 5.98525 5.98005 5.97474 5.96935 5.9639 5.95843 5.95295 5.94751 5.94211 5.93678 5.93156 5.92645 5.92147 5.91665 5.912 5.90753 5.90325 5.89919 5.89534 5.89171 5.88831 5.88515 5.88223 5.87955 5.87711 5.87492 5.87298 5.87128 5.86983 5.86863 5.86767 5.86695 5.86648 5.86625 
5.86085 5.86112 5.86165 5.86244 5.8635 5.86481 5.8664 5.86824 5.87036 5.87273 5.87537 5.87827 5.88143 5.88485 5.88853 5.89245 5.89661 5.90101 5.90564 5.91048 5.91552 5.92075 5.92615 5.9317 5.93739 5.94319 5.94908 5.95504 5.96104 5.96705 5.97304 5.97899 5.98487 5.99065 5.99629 6.00177 6.00706 6.01213 6.01695 6.02149 6.02572 6.02963 6.03319 6.03638 6.03917 6.04156 6.04353 6.04507 6.04616 6.04681 6.047 6.04675 6.04604 6.04488 6.04329 6.04127 6.03883 6.036 6.03278 6.0292 6.02527 6.02103 6.0165 6.01171 6.00667 6.00143 5.99601 5.99044 5.98475 5.97897 5.97313 5.96726 5.96139 5.95554 5.94975 5.94403 5.93841 5.93292 5.92757 5.92239 5.91738 5.91257 5.90796 5.90358 5.89943 5.89552 5.89185 5.88844 5.88528 5.88238 5.87975 5.87738 5.87527 5.87343 5.87186 5.87055 5.8695 5.86872 5.8682 5.86794 
5.86262 5.8629 5.86347 5.86431 5.86544 5.86686 5.86855 5.87054 5.8728 5.87535 5.87819 5.88131 5.88471 5.88838 5.89233 5.89654 5.90101 5.90574 5.9107 5.9159 5.9213 5.92691 5.9327 5.93866 5.94475 5.95097 5.95728 5.96366 5.97007 5.9765 5.98292 5.98928 5.99556 6.00173 6.00776 6.01361 6.01926 6.02467 6.0298 6.03465 6.03916 6.04333 6.04712 6.05052 6.0535 6.05604 6.05814 6.05977 6.06093 6.06162 6.06182 6.06154 6.06078 6.05954 6.05784 6.05568 6.05308 6.05005 6.04661 6.04279 6.0386 6.03407 6.02923 6.0241 6.01872 6.01312 6.00732 6.00136 5.99527 5.98909 5.98284 5.97655 5.97027 5.964 5.95779 5.95166 5.94564 5.93974 5.934 5.92843 5.92305 5.91788 5.91293 5.90822 5.90375 5.89954 5.89559 5.89191 5.8885 5.88538 5.88253 5.87997 5.87769 5.8757 5.874 5.87258 5.87144 5.87059 5.87002 5.86973 
5.86449 5.86479 5.86538 5.86629 5.86749 5.86901 5.87082 5.87295 5.87538 5.87812 5.88116 5.8845 5.88815 5.89209 5.89632 5.90084 5.90564 5.9107 5.91602 5.92159 5.92738 5.93339 5.93959 5.94596 5.95248 5.95913 5.96587 5.97269 5.97955 5.98641 5.99326 6.00005 6.00675 6.01334 6.01976 6.026 6.03202 6.03778 6.04325 6.04841 6.05322 6.05765 6.06168 6.06529 6.06846 6.07117 6.07339 6.07513 6.07636 6.07708 6.07729 6.07699 6.07618 6.07486 6.07304 6.07074 6.06796 6.06473 6.06107 6.05699 6.05253 6.0477 6.04253 6.03707 6.03133 6.02535 6.01916 6.0128 6.0063 5.99969 5.99301 5.98629 5.97957 5.97287 5.96623 5.95967 5.95322 5.9469 5.94075 5.93478 5.92901 5.92346 5.91815 5.91309 5.90829 5.90376 5.89951 5.89555 5.89189 5.88852 5.88546 5.8827 5.88024 5.87809 5.87625 5.87471 5.87348 5.87255 5.87193 5.87162 
5.86645 5.86676 5.86739 5.86835 5.86964 5.87126 5.8732 5.87548 5.87808 5.88101 5.88427 5.88785 5.89175 5.89597 5.90051 5.90534 5.91048 5.9159 5.92159 5.92754 5.93373 5.94015 5.94678 5.95358 5.96055 5.96764 5.97484 5.98211 5.98942 5.99674 6.00404 6.01128 6.01841 6.02542 6.03226 6.0389 6.0453 6.05143 6.05724 6.06272 6.06783 6.07254 6.07683 6.08066 6.08402 6.08689 6.08925 6.09109 6.0924 6.09316 6.09338 6.09306 6.09219 6.09078 6.08885 6.0864 6.08344 6.08001 6.07611 6.07177 6.06702 6.06188 6.05638 6.05056 6.04445 6.03808 6.03149 6.02471 6.01778 6.01074 6.00361 5.99645 5.98927 5.98212 5.97502 5.96802 5.96112 5.95438 5.9478 5.94141 5.93523 5.92929 5.9236 5.91818 5.91303 5.90818 5.90362 5.89937 5.89543 5.89182 5.88852 5.88555 5.88291 5.88059 5.87861 5.87695 5.87561 5.87461 5.87394 5.87359 
5.8685 5.86882 5.86949 5.87051 5.87189 5.87361 5.87569 5.87812 5.8809 5.88403 5.88751 5.89134 5.89551 5.90003 5.90487 5.91004 5.91552 5.9213 5.92738 5.93373 5.94034 5.94719 5.95426 5.96151 5.96893 5.97649 5.98416 5.9919 5.99968 6.00747 6.01523 6.02292 6.03051 6.03795 6.04522 6.05227 6.05906 6.06556 6.07174 6.07755 6.08297 6.08796 6.0925 6.09657 6.10013 6.10317 6.10567 6.10761 6.10899 6.1098 6.11003 6.10968 6.10875 6.10726 6.1052 6.1026 6.09946 6.09582 6.09167 6.08707 6.08202 6.07656 6.07072 6.06454 6.05804 6.05127 6.04427 6.03706 6.02969 6.02219 6.01461 6.00698 5.99934 5.99172 5.98416 5.97669 5.96934 5.96214 5.95512 5.9483 5.94171 5.93536 5.92928 5.92348 5.91797 5.91277 5.9079 5.90334 5.89913 5.89525 5.89171 5.88853 5.88569 5.8832 5.88106 5.87928 5.87784 5.87676 5.87603 5.87565 
5.87063 5.87096 5.87167 5.87276 5.87422 5.87606 5.87827 5.88086 5.88383 5.88717 5.89089 5.89497 5.89942 5.90423 5.90939 5.9149 5.92075 5.92691 5.93339 5.94015 5.94719 5.95448 5.962 5.96972 5.97761 5.98564 5.99379 6.00201 6.01028 6.01855 6.02678 6.03494 6.04299 6.05089 6.05859 6.06606 6.07326 6.08015 6.08668 6.09284 6.09857 6.10385 6.10866 6.11295 6.11672 6.11993 6.12257 6.12463 6.12608 6.12693 6.12717 6.1268 6.12581 6.12423 6.12205 6.11929 6.11597 6.1121 6.10772 6.10283 6.09749 6.0917 6.08551 6.07896 6.07207 6.06489 6.05745 6.04981 6.04198 6.03403 6.02597 6.01787 6.00975 6.00165 5.99361 5.98566 5.97784 5.97018 5.9627 5.95543 5.94841 5.94164 5.93515 5.92897 5.92309 5.91754 5.91233 5.90747 5.90296 5.89881 5.89503 5.89162 5.88858 5.88591 5.88362 5.8817 5.88016 5.87899 5.8782 5.87779 
5.87283 5.87318 5.87393 5.87508 5.87664 5.87859 5.88095 5.88371 5.88686 5.89042 5.89437 5.89872 5.90346 5.90858 5.91407 5.91993 5.92615 5.9327 5.93959 5.94678 5.95426 5.962 5.96998 5.97817 5.98655 5.99507 6.00371 6.01243 6.02118 6.02994 6.03867 6.04731 6.05583 6.06418 6.07233 6.08023 6.08784 6.09512 6.10202 6.10852 6.11458 6.12016 6.12523 6.12976 6.13374 6.13713 6.13991 6.14207 6.14361 6.1445 6.14475 6.14435 6.14331 6.14163 6.13933 6.13641 6.1329 6.12881 6.12418 6.11901 6.11336 6.10724 6.1007 6.09376 6.08647 6.07887 6.071 6.06291 6.05462 6.04619 6.03766 6.02907 6.02045 6.01186 6.00333 5.9949 5.98659 5.97845 5.97051 5.96279 5.95532 5.94812 5.94122 5.93463 5.92837 5.92246 5.91691 5.91172 5.90692 5.90249 5.89845 5.89481 5.89156 5.88871 5.88626 5.88421 5.88256 5.88131 5.88046 5.88 
5.8751 5.87547 5.87626 5.87748 5.87913 5.8812 5.88371 5.88663 5.88999 5.89377 5.89797 5.90258 5.90761 5.91305 5.91888 5.92511 5.9317 5.93866 5.94596 5.95358 5.96151 5.96972 5.97817 5.98685 5.99571 6.00474 6.01388 6.0231 6.03236 6.04162 6.05084 6.05997 6.06896 6.07779 6.08639 6.09472 6.10275 6.11042 6.11771 6.12456 6.13094 6.13682 6.14216 6.14693 6.15112 6.15468 6.15761 6.15989 6.1615 6.16244 6.1627 6.16228 6.16118 6.15941 6.15697 6.1539 6.15019 6.14588 6.14099 6.13554 6.12958 6.12312 6.11622 6.1089 6.1012 6.09318 6.08487 6.07631 6.06755 6.05864 6.04962 6.04053 6.03142 6.02233 6.0133 6.00437 5.99557 5.98694 5.97852 5.97033 5.96241 5.95477 5.94744 5.94045 5.9338 5.92752 5.92162 5.9161 5.91099 5.90628 5.90198 5.8981 5.89464 5.8916 5.88898 5.88679 5.88503 5.88369 5.88278 5.88229 
5.87744 5.87782 5.87866 5.87995 5.88169 5.88389 5.88654 5.88964 5.8932 5.8972 5.90165 5.90655 5.91188 5.91764 5.92382 5.93041 5.93739 5.94475 5.95248 5.96055 5.96893 5.97761 5.98655 5.99571 6.00508 6.01461 6.02426 6.03399 6.04376 6.05353 6.06325 6.07287 6.08235 6.09164 6.1007 6.10948 6.11793 6.126 6.13366 6.14087 6.14758 6.15376 6.15938 6.1644 6.16879 6.17254 6.17561 6.178 6.1797 6.18068 6.18095 6.1805 6.17934 6.17747 6.17492 6.17168 6.16778 6.16324 6.15809 6.15236 6.14608 6.13929 6.13201 6.1243 6.1162 6.10775 6.09899 6.08997 6.08074 6.07134 6.06182 6.05223 6.04261 6.03301 6.02348 6.01404 6.00474 5.99562 5.98671 5.97805 5.96966 5.96158 5.95382 5.9464 5.93936 5.9327 5.92644 5.92059 5.91516 5.91016 5.9056 5.90147 5.89779 5.89456 5.89178 5.88945 5.88757 5.88614 5.88516 5.88464 
5.87983 5.88023 5.88111 5.88247 5.88431 5.88664 5.88944 5.89272 5.89648 5.90071 5.90542 5.9106 5.91623 5.92232 5.92885 5.93581 5.94319 5.95097 5.95913 5.96764 5.97649 5.98564 5.99507 6.00474 6.01461 6.02465 6.03481 6.04506 6.05534 6.06562 6.07585 6.08597 6.09594 6.10571 6.11522 6.12444 6.13332 6.1418 6.14984 6.1574 6.16445 6.17093 6.17682 6.18208 6.18669 6.19061 6.19384 6.19634 6.19811 6.19914 6.19942 6.19895 6.19773 6.19577 6.19308 6.18968 6.18559 6.18082 6.17542 6.1694 6.1628 6.15567 6.14803 6.13993 6.13141 6.12252 6.11331 6.10383 6.09411 6.08422 6.07421 6.06411 6.05398 6.04387 6.03382 6.02387 6.01406 6.00444 5.99504 5.9859 5.97704 5.9685 5.96031 5.95247 5.94502 5.93798 5.93136 5.92517 5.91942 5.91412 5.90929 5.90492 5.90102 5.89759 5.89464 5.89216 5.89016 5.88864 5.8876 5.88704 
5.88227 5.88268 5.88361 5.88504 5.88698 5.88943 5.89239 5.89585 5.89982 5.90429 5.90926 5.91471 5.92066 5.92708 5.93397 5.94131 5.94908 5.95728 5.96587 5.97484 5.98416 5.99379 6.00371 6.01388 6.02426 6.03481 6.04549 6.05626 6.06706 6.07786 6.08859 6.09921 6.10967 6.11991 6.12989 6.13955 6.14885 6.15774 6.16616 6.17408 6.18146 6.18824 6.19441 6.19991 6.20473 6.20884 6.21221 6.21483 6.21668 6.21775 6.21804 6.21754 6.21626 6.21421 6.21139 6.20783 6.20355 6.19856 6.19289 6.18659 6.17968 6.17219 6.16419 6.15569 6.14676 6.13744 6.12778 6.11783 6.10763 6.09725 6.08673 6.07613 6.06548 6.05485 6.04428 6.03382 6.02351 6.01338 6.00349 5.99386 5.98453 5.97553 5.96689 5.95863 5.95077 5.94334 5.93635 5.92981 5.92374 5.91815 5.91304 5.90842 5.90429 5.90067 5.89754 5.89492 5.89281 5.8912 5.89009 5.88949 
5.88474 5.88518 5.88615 5.88765 5.88969 5.89227 5.89538 5.89903 5.90321 5.90791 5.91314 5.91888 5.92514 5.9319 5.93914 5.94686 5.95504 5.96366 5.97269 5.98211 5.9919 6.00201 6.01243 6.0231 6.03399 6.04506 6.05626 6.06755 6.07887 6.09017 6.10141 6.11253 6.12348 6.1342 6.14464 6.15475 6.16447 6.17376 6.18256 6.19084 6.19854 6.20563 6.21207 6.21782 6.22285 6.22714 6.23065 6.23339 6.23531 6.23643 6.23673 6.23621 6.23487 6.23272 6.22978 6.22606 6.22158 6.21636 6.21044 6.20385 6.19662 6.1888 6.18043 6.17154 6.1622 6.15245 6.14233 6.13191 6.12124 6.11036 6.09934 6.08822 6.07707 6.06592 6.05483 6.04385 6.03303 6.0224 6.01201 6.00189 5.99209 5.98263 5.97354 5.96485 5.95658 5.94876 5.9414 5.93452 5.92812 5.92223 5.91684 5.91197 5.90762 5.90379 5.90049 5.89772 5.89549 5.89378 5.89261 5.89198 
5.88724 5.88769 5.88871 5.89029 5.89243 5.89514 5.89841 5.90224 5.90662 5.91157 5.91706 5.92309 5.92966 5.93675 5.94436 5.95246 5.96104 5.97007 5.97955 5.98942 5.99968 6.01028 6.02118 6.03236 6.04376 6.05534 6.06706 6.07887 6.0907 6.10252 6.11427 6.12588 6.13732 6.14851 6.15941 6.16996 6.1801 6.18979 6.19897 6.2076 6.21563 6.22302 6.22973 6.23572 6.24096 6.24542 6.24909 6.25193 6.25394 6.2551 6.25541 6.25486 6.25346 6.25122 6.24816 6.24427 6.2396 6.23416 6.22799 6.22112 6.21358 6.20542 6.19668 6.1874 6.17765 6.16747 6.1569 6.14602 6.13486 6.1235 6.11198 6.10035 6.08868 6.07702 6.06542 6.05392 6.04258 6.03145 6.02056 6.00996 5.99968 5.98976 5.98022 5.97111 5.96243 5.95422 5.94649 5.93925 5.93253 5.92633 5.92067 5.91554 5.91097 5.90694 5.90347 5.90055 5.8982 5.8964 5.89516 5.89449 
5.88975 5.89022 5.89129 5.89294 5.89519 5.89802 5.90145 5.90546 5.91006 5.91524 5.92099 5.92731 5.93419 5.94162 5.94959 5.95807 5.96705 5.9765 5.98641 5.99674 6.00747 6.01855 6.02994 6.04162 6.05353 6.06562 6.07786 6.09017 6.10252 6.11485 6.1271 6.1392 6.15112 6.16278 6.17413 6.18511 6.19567 6.20576 6.21532 6.22429 6.23265 6.24033 6.2473 6.25353 6.25898 6.26362 6.26743 6.27038 6.27247 6.27367 6.27399 6.27342 6.27197 6.26964 6.26644 6.2624 6.25754 6.25188 6.24546 6.2383 6.23046 6.22196 6.21286 6.20321 6.19305 6.18244 6.17143 6.16009 6.14846 6.13661 6.12459 6.11246 6.10028 6.08811 6.07599 6.06398 6.05214 6.0405 6.02912 6.01803 6.00728 5.9969 5.98692 5.97737 5.96829 5.95968 5.95158 5.944 5.93695 5.93046 5.92451 5.91914 5.91433 5.9101 5.90646 5.90339 5.90092 5.89903 5.89773 5.89702 
5.89227 5.89276 5.89387 5.8956 5.89794 5.90091 5.90449 5.90869 5.91349 5.91891 5.92492 5.93153 5.93872 5.94649 5.95481 5.96367 5.97304 5.98292 5.99326 6.00404 6.01523 6.02678 6.03867 6.05084 6.06325 6.07585 6.08859 6.10141 6.11427 6.1271 6.13984 6.15243 6.16482 6.17694 6.18874 6.20015 6.21112 6.2216 6.23152 6.24084 6.24951 6.25748 6.26472 6.27118 6.27684 6.28165 6.2856 6.28866 6.29082 6.29207 6.2924 6.2918 6.29029 6.28787 6.28456 6.28036 6.27532 6.26944 6.26277 6.25534 6.24719 6.23837 6.22891 6.21888 6.20832 6.19729 6.18585 6.17405 6.16196 6.14962 6.13711 6.12449 6.11181 6.09913 6.0865 6.07399 6.06164 6.04951 6.03764 6.02607 6.01485 6.00401 5.99359 5.98362 5.97413 5.96514 5.95667 5.94874 5.94137 5.93457 5.92835 5.92273 5.91769 5.91327 5.90945 5.90624 5.90364 5.90166 5.9003 5.89955 
5.89478 5.89529 5.89644 5.89824 5.90069 5.90378 5.90752 5.9119 5.91691 5.92256 5.92884 5.93573 5.94323 5.95132 5.95999 5.96922 5.97899 5.98928 6.00005 6.01128 6.02292 6.03494 6.04731 6.05997 6.07287 6.08597 6.09921 6.11253 6.12588 6.1392 6.15243 6.1655 6.17836 6.19093 6.20316 6.215 6.22637 6.23723 6.24751 6.25716 6.26615 6.2744 6.2819 6.28859 6.29444 6.29942 6.30351 6.30668 6.30891 6.3102 6.31054 6.30992 6.30836 6.30585 6.30242 6.29807 6.29284 6.28676 6.27985 6.27215 6.2637 6.25456 6.24476 6.23436 6.22341 6.21196 6.20009 6.18785 6.17529 6.16249 6.1495 6.13639 6.12321 6.11003 6.09691 6.0839 6.07105 6.05843 6.04607 6.03403 6.02235 6.01106 6.00021 5.98982 5.97992 5.97055 5.96172 5.95345 5.94576 5.93866 5.93217 5.92629 5.92104 5.91642 5.91242 5.90907 5.90635 5.90428 5.90285 5.90207 
5.89727 5.89779 5.89899 5.90087 5.90341 5.90663 5.91052 5.91508 5.9203 5.92618 5.93271 5.93988 5.94768 5.9561 5.96512 5.97472 5.98487 5.99556 6.00675 6.01841 6.03051 6.04299 6.05583 6.06896 6.08235 6.09594 6.10967 6.12348 6.13732 6.15112 6.16482 6.17836 6.19166 6.20468 6.21734 6.22959 6.24135 6.25258 6.26321 6.27319 6.28248 6.29101 6.29876 6.30567 6.31171 6.31686 6.32108 6.32435 6.32666 6.32799 6.32834 6.3277 6.32608 6.32349 6.31994 6.31545 6.31005 6.30375 6.29661 6.28865 6.27991 6.27045 6.26032 6.24955 6.23822 6.22638 6.21409 6.20141 6.18841 6.17514 6.16168 6.14809 6.13443 6.12076 6.10715 6.09365 6.08033 6.06722 6.05439 6.04189 6.02975 6.01802 6.00674 5.99594 5.98565 5.97589 5.96671 5.9581 5.9501 5.94271 5.93595 5.92983 5.92435 5.91953 5.91537 5.91187 5.90904 5.90688 5.90539 5.90457 
5.89972 5.90027 5.90151 5.90346 5.9061 5.90944 5.91348 5.91821 5.92363 5.92974 5.93652 5.94396 5.95206 5.9608 5.97016 5.98011 5.99065 6.00173 6.01334 6.02542 6.03795 6.05089 6.06418 6.07779 6.09164 6.10571 6.11991 6.1342 6.14851 6.16278 6.17694 6.19093 6.20468 6.21813 6.2312 6.24384 6.25599 6.26758 6.27855 6.28885 6.29842 6.30723 6.31522 6.32234 6.32858 6.33388 6.33823 6.3416 6.34398 6.34535 6.34571 6.34505 6.34338 6.34071 6.33704 6.33241 6.32684 6.32035 6.31298 6.30476 6.29575 6.28598 6.27552 6.26441 6.2527 6.24047 6.22778 6.21468 6.20124 6.18752 6.17361 6.15955 6.14542 6.13128 6.11719 6.10322 6.08941 6.07584 6.06255 6.04959 6.03701 6.02485 6.01315 6.00194 5.99127 5.98115 5.97161 5.96267 5.95436 5.94669 5.93966 5.9333 5.92761 5.9226 5.91828 5.91464 5.91169 5.90944 5.90789 5.90703 
5.90213 5.90269 5.90398 5.90599 5.90873 5.9122 5.91638 5.92128 5.9269 5.93323 5.94025 5.94796 5.95635 5.96539 5.97508 5.98539 5.99629 6.00776 6.01976 6.03226 6.04522 6.05859 6.07233 6.08639 6.1007 6.11522 6.12989 6.14464 6.15941 6.17413 6.18874 6.20316 6.21734 6.2312 6.24468 6.2577 6.27022 6.28215 6.29345 6.30406 6.31391 6.32298 6.3312 6.33853 6.34495 6.3504 6.35488 6.35835 6.36079 6.3622 6.36257 6.36189 6.36017 6.35742 6.35365 6.34888 6.34314 6.33646 6.32887 6.32041 6.31113 6.30107 6.29029 6.27884 6.26678 6.25418 6.24109 6.22758 6.21372 6.19957 6.18521 6.1707 6.15612 6.14152 6.12697 6.11253 6.09827 6.08424 6.0705 6.0571 6.04409 6.03151 6.01941 6.00781 5.99676 5.98628 5.9764 5.96715 5.95853 5.95058 5.9433 5.93671 5.93081 5.92561 5.92112 5.91735 5.91429 5.91196 5.91034 5.90945 
5.90448 5.90506 5.90639 5.90847 5.9113 5.91488 5.91921 5.92428 5.93008 5.93662 5.94388 5.95185 5.96051 5.96986 5.97987 5.99052 6.00177 6.01361 6.026 6.0389 6.05227 6.06606 6.08023 6.09472 6.10948 6.12444 6.13955 6.15475 6.16996 6.18511 6.20015 6.215 6.22959 6.24384 6.2577 6.2711 6.28396 6.29623 6.30784 6.31874 6.32887 6.33818 6.34663 6.35416 6.36075 6.36635 6.37095 6.37451 6.37702 6.37847 6.37884 6.37814 6.37638 6.37355 6.36968 6.36478 6.35888 6.35202 6.34422 6.33553 6.32599 6.31565 6.30456 6.29279 6.28039 6.26742 6.25395 6.24005 6.22579 6.21123 6.19644 6.1815 6.16647 6.15143 6.13644 6.12156 6.10685 6.09239 6.07822 6.06439 6.05096 6.03798 6.02548 6.0135 6.00209 5.99126 5.98106 5.97149 5.96259 5.95436 5.94684 5.94002 5.93391 5.92854 5.92389 5.91999 5.91682 5.9144 5.91273 5.91181 
5.90675 5.90735 5.90872 5.91086 5.91378 5.91748 5.92194 5.92717 5.93316 5.9399 5.94739 5.95561 5.96454 5.97418 5.98449 5.99546 6.00706 6.01926 6.03202 6.0453 6.05906 6.07326 6.08784 6.10275 6.11793 6.13332 6.14885 6.16447 6.1801 6.19567 6.21112 6.22637 6.24135 6.25599 6.27022 6.28396 6.29716 6.30975 6.32166 6.33284 6.34323 6.35277 6.36143 6.36915 6.37591 6.38165 6.38636 6.39001 6.39258 6.39406 6.39445 6.39373 6.39192 6.38902 6.38505 6.38003 6.37398 6.36694 6.35895 6.35003 6.34024 6.32964 6.31826 6.30618 6.29345 6.28014 6.26631 6.25204 6.23739 6.22243 6.20724 6.19188 6.17643 6.16097 6.14555 6.13024 6.11512 6.10023 6.08564 6.07141 6.05758 6.04421 6.03133 6.01899 6.00723 5.99607 5.98555 5.97569 5.9665 5.95802 5.95025 5.94322 5.93692 5.93137 5.92658 5.92254 5.91927 5.91677 5.91505 5.91409 
5.90894 5.90955 5.91096 5.91317 5.91617 5.91998 5.92457 5.92995 5.93612 5.94305 5.95076 5.95921 5.9684 5.97831 5.98892 6.0002 6.01213 6.02467 6.03778 6.05143 6.06556 6.08015 6.09512 6.11042 6.126 6.1418 6.15774 6.17376 6.18979 6.20576 6.2216 6.23723 6.25258 6.26758 6.28215 6.29623 6.30975 6.32264 6.33483 6.34628 6.35691 6.36668 6.37554 6.38344 6.39035 6.39622 6.40104 6.40477 6.40741 6.40892 6.40931 6.40858 6.40673 6.40376 6.3997 6.39456 6.38837 6.38117 6.37298 6.36385 6.35384 6.34298 6.33133 6.31895 6.30592 6.29228 6.27811 6.26348 6.24846 6.23312 6.21754 6.20179 6.18595 6.17008 6.15425 6.13854 6.12301 6.10773 6.09275 6.07812 6.06392 6.05017 6.03694 6.02425 6.01216 6.00068 5.98986 5.97971 5.97026 5.96153 5.95353 5.94629 5.9398 5.93409 5.92915 5.925 5.92163 5.91905 5.91727 5.91629 
5.91102 5.91165 5.9131 5.91537 5.91845 5.92236 5.92708 5.9326 5.93893 5.94606 5.95397 5.96265 5.97208 5.98225 5.99314 6.00471 6.01695 6.0298 6.04325 6.05724 6.07174 6.08668 6.10202 6.11771 6.13366 6.14984 6.16616 6.18256 6.19897 6.21532 6.23152 6.24751 6.26321 6.27855 6.29345 6.30784 6.32166 6.33483 6.3473 6.35899 6.36985 6.37983 6.38888 6.39695 6.404 6.41 6.41492 6.41873 6.42142 6.42297 6.42337 6.42262 6.42073 6.4177 6.41355 6.4083 6.40198 6.39462 6.38625 6.37693 6.36669 6.35559 6.34369 6.33104 6.31771 6.30377 6.28928 6.27431 6.25895 6.24325 6.22731 6.21119 6.19497 6.17872 6.16251 6.14642 6.13051 6.11484 6.09949 6.0845 6.06993 6.05584 6.04226 6.02925 6.01684 6.00506 5.99395 5.98353 5.97383 5.96487 5.95666 5.94922 5.94255 5.93668 5.93161 5.92734 5.92388 5.92123 5.9194 5.91838 
5.913 5.91364 5.91512 5.91744 5.92061 5.92461 5.92944 5.93511 5.94159 5.94889 5.95699 5.96589 5.97555 5.98597 5.99711 6.00896 6.02149 6.03465 6.04841 6.06272 6.07755 6.09284 6.10852 6.12456 6.14087 6.1574 6.17408 6.19084 6.2076 6.22429 6.24084 6.25716 6.27319 6.28885 6.30406 6.31874 6.33284 6.34628 6.35899 6.37091 6.38199 6.39216 6.40139 6.40961 6.41681 6.42292 6.42794 6.43182 6.43456 6.43614 6.43654 6.43578 6.43385 6.43076 6.42653 6.42118 6.41474 6.40723 6.3987 6.3892 6.37875 6.36743 6.35529 6.34238 6.32878 6.31455 6.29976 6.28448 6.26879 6.25277 6.23649 6.22002 6.20344 6.18684 6.17027 6.15382 6.13756 6.12154 6.10583 6.0905 6.0756 6.06117 6.04728 6.03396 6.02125 6.00919 5.99781 5.98714 5.9772 5.96802 5.95961 5.95198 5.94515 5.93913 5.93393 5.92955 5.926 5.92328 5.92141 5.92036 
5.91485 5.9155 5.91702 5.91939 5.92263 5.92672 5.93166 5.93745 5.94408 5.95155 5.95983 5.96891 5.97879 5.98944 6.00082 6.01293 6.02572 6.03916 6.05322 6.06783 6.08297 6.09857 6.11458 6.13094 6.14758 6.16445 6.18146 6.19854 6.21563 6.23265 6.24951 6.26615 6.28248 6.29842 6.31391 6.32887 6.34323 6.35691 6.36985 6.38199 6.39326 6.40362 6.41301 6.42138 6.4287 6.43492 6.44002 6.44397 6.44676 6.44836 6.44878 6.448 6.44604 6.44289 6.43859 6.43314 6.42659 6.41895 6.41027 6.40059 6.38996 6.37843 6.36607 6.35293 6.33907 6.32457 6.30951 6.29394 6.27795 6.26162 6.24502 6.22823 6.21133 6.1944 6.1775 6.16072 6.14412 6.12777 6.11174 6.09609 6.08088 6.06615 6.05196 6.03835 6.02537 6.01305 6.00142 5.99051 5.98035 5.97096 5.96236 5.95456 5.94758 5.94142 5.9361 5.93162 5.92799 5.92521 5.92329 5.92222 
5.91656 5.91723 5.91877 5.9212 5.9245 5.92867 5.93371 5.93962 5.94639 5.954 5.96245 5.97171 5.98179 5.99264 6.00425 6.01659 6.02963 6.04333 6.05765 6.07254 6.08796 6.10385 6.12016 6.13682 6.15376 6.17093 6.18824 6.20563 6.22302 6.24033 6.25748 6.2744 6.29101 6.30723 6.32298 6.33818 6.35277 6.36668 6.37983 6.39216 6.40362 6.41414 6.42368 6.43218 6.43961 6.44594 6.45112 6.45513 6.45796 6.45959 6.46001 6.45922 6.45723 6.45403 6.44966 6.44413 6.43747 6.42971 6.42089 6.41105 6.40025 6.38854 6.37597 6.36261 6.34853 6.33379 6.31847 6.30264 6.28638 6.26976 6.25287 6.23579 6.21859 6.20135 6.18415 6.16707 6.15016 6.13352 6.11719 6.10124 6.08574 6.07073 6.05627 6.0424 6.02917 6.0166 6.00475 5.99362 5.98326 5.97368 5.96491 5.95695 5.94982 5.94354 5.93811 5.93354 5.92983 5.92699 5.92503 5.92394 
5.91813 5.91881 5.92038 5.92285 5.92621 5.93045 5.93559 5.9416 5.94849 5.95624 5.96483 5.97427 5.98451 5.99556 6.00737 6.01993 6.03319 6.04712 6.06168 6.07683 6.0925 6.10866 6.12523 6.14216 6.15938 6.17682 6.19441 6.21207 6.22973 6.2473 6.26472 6.2819 6.29876 6.31522 6.3312 6.34663 6.36143 6.37554 6.38888 6.40139 6.41301 6.42368 6.43335 6.44197 6.44951 6.45592 6.46117 6.46524 6.46811 6.46976 6.47019 6.46939 6.46737 6.46413 6.4597 6.45409 6.44733 6.43946 6.43052 6.42054 6.40959 6.3977 6.38495 6.3714 6.3571 6.34215 6.32659 6.31053 6.29402 6.27715 6.26 6.24265 6.22518 6.20767 6.19019 6.17283 6.15566 6.13874 6.12214 6.10593 6.09016 6.0749 6.06019 6.04609 6.03262 6.01984 6.00778 5.99646 5.98591 5.97616 5.96723 5.95913 5.95187 5.94548 5.93995 5.93529 5.93151 5.92862 5.92662 5.92551 
5.91954 5.92023 5.92182 5.92433 5.92774 5.93206 5.93727 5.94338 5.95038 5.95824 5.96698 5.97656 5.98696 5.99818 6.01017 6.02291 6.03638 6.05052 6.06529 6.08066 6.09657 6.11295 6.12976 6.14693 6.1644 6.18208 6.19991 6.21782 6.23572 6.25353 6.27118 6.28859 6.30567 6.32234 6.33853 6.35416 6.36915 6.38344 6.39695 6.40961 6.42138 6.43218 6.44197 6.4507 6.45833 6.46482 6.47014 6.47426 6.47716 6.47883 6.47926 6.47845 6.47641 6.47313 6.46864 6.46297 6.45613 6.44816 6.4391 6.429 6.41791 6.40587 6.39296 6.37923 6.36476 6.3496 6.33385 6.31757 6.30084 6.28374 6.26636 6.24877 6.23106 6.21331 6.19559 6.17799 6.16056 6.1434 6.12656 6.11012 6.09412 6.07863 6.06371 6.04939 6.03572 6.02274 6.01049 5.999 5.98829 5.97839 5.96931 5.96108 5.95371 5.94721 5.9416 5.93686 5.93303 5.93009 5.92806 5.92693 
5.92078 5.92148 5.9231 5.92564 5.9291 5.93347 5.93876 5.94495 5.95204 5.96001 5.96886 5.97857 5.98911 6.00047 6.01263 6.02554 6.03917 6.0535 6.06846 6.08402 6.10013 6.11672 6.13374 6.15112 6.16879 6.18669 6.20473 6.22285 6.24096 6.25898 6.27684 6.29444 6.31171 6.32858 6.34495 6.36075 6.37591 6.39035 6.404 6.41681 6.4287 6.43961 6.44951 6.45833 6.46604 6.4726 6.47797 6.48213 6.48507 6.48676 6.48719 6.48637 6.4843 6.48099 6.47646 6.47072 6.46381 6.45576 6.4466 6.4364 6.42518 6.41302 6.39996 6.38608 6.37145 6.35612 6.34019 6.32372 6.3068 6.28951 6.27193 6.25413 6.23621 6.21825 6.20032 6.1825 6.16486 6.14749 6.13044 6.11379 6.09759 6.08191 6.06679 6.05228 6.03844 6.02529 6.01288 6.00123 5.99038 5.98034 5.97115 5.96281 5.95533 5.94875 5.94305 5.93825 5.93436 5.93138 5.92932 5.92818 
5.92185 5.92256 5.92419 5.92676 5.93026 5.93469 5.94003 5.94629 5.95346 5.96153 5.97048 5.98029 5.99095 6.00244 6.01473 6.02778 6.04156 6.05604 6.07117 6.08689 6.10317 6.11993 6.13713 6.15468 6.17254 6.19061 6.20884 6.22714 6.24542 6.26362 6.28165 6.29942 6.31686 6.33388 6.3504 6.36635 6.38165 6.39622 6.41 6.42292 6.43492 6.44594 6.45592 6.46482 6.4726 6.47921 6.48463 6.48883 6.49179 6.49349 6.49393 6.49311 6.49102 6.48768 6.48311 6.47732 6.47035 6.46222 6.45299 6.44268 6.43137 6.41909 6.40592 6.39191 6.37714 6.36167 6.34559 6.32896 6.31188 6.29442 6.27666 6.2587 6.2406 6.22245 6.20434 6.18634 6.16853 6.15097 6.13375 6.11692 6.10055 6.0847 6.06942 6.05475 6.04076 6.02747 6.01492 6.00314 5.99217 5.98202 5.97272 5.96428 5.95672 5.95006 5.9443 5.93944 5.93551 5.9325 5.93041 5.92925 
5.92274 5.92345 5.9251 5.9277 5.93123 5.93569 5.94109 5.94741 5.95464 5.96278 5.97181 5.98172 5.99248 6.00407 6.01646 6.02963 6.04353 6.05814 6.07339 6.08925 6.10567 6.12257 6.13991 6.15761 6.17561 6.19384 6.21221 6.23065 6.24909 6.26743 6.2856 6.30351 6.32108 6.33823 6.35488 6.37095 6.38636 6.40104 6.41492 6.42794 6.44002 6.45112 6.46117 6.47014 6.47797 6.48463 6.49009 6.49432 6.4973 6.49902 6.49946 6.49863 6.49652 6.49316 6.48855 6.48272 6.4757 6.46752 6.45821 6.44784 6.43644 6.42407 6.4108 6.39669 6.3818 6.36622 6.35001 6.33326 6.31604 6.29845 6.28055 6.26244 6.2442 6.22591 6.20765 6.1895 6.17153 6.15383 6.13646 6.11949 6.10298 6.08699 6.07158 6.05679 6.04267 6.02926 6.0166 6.00471 5.99364 5.9834 5.97401 5.9655 5.95787 5.95115 5.94533 5.94043 5.93646 5.93342 5.93131 5.93014 
5.92344 5.92416 5.92582 5.92843 5.93199 5.93649 5.94192 5.94828 5.95557 5.96377 5.97286 5.98283 5.99367 6.00534 6.01781 6.03107 6.04507 6.05977 6.07513 6.09109 6.10761 6.12463 6.14207 6.15989 6.178 6.19634 6.21483 6.23339 6.25193 6.27038 6.28866 6.30668 6.32435 6.3416 6.35835 6.37451 6.39001 6.40477 6.41873 6.43182 6.44397 6.45513 6.46524 6.47426 6.48213 6.48883 6.49432 6.49857 6.50157 6.50329 6.50374 6.5029 6.50079 6.49741 6.49277 6.48691 6.47985 6.47162 6.46227 6.45183 6.44037 6.42793 6.41458 6.40039 6.38542 6.36974 6.35344 6.33659 6.31927 6.30157 6.28357 6.26534 6.24699 6.22858 6.21021 6.19195 6.17387 6.15606 6.13857 6.12149 6.10488 6.08878 6.07326 6.05837 6.04416 6.03066 6.01791 6.00595 5.9948 5.98448 5.97503 5.96646 5.95878 5.952 5.94614 5.94121 5.93721 5.93415 5.93202 5.93085 
5.92395 5.92467 5.92634 5.92897 5.93254 5.93706 5.94252 5.94892 5.95624 5.96448 5.97361 5.98363 5.99452 6.00624 6.01878 6.0321 6.04616 6.06093 6.07636 6.0924 6.10899 6.12608 6.14361 6.1615 6.1797 6.19811 6.21668 6.23531 6.25394 6.27247 6.29082 6.30891 6.32666 6.34398 6.36079 6.37702 6.39258 6.40741 6.42142 6.43456 6.44676 6.45796 6.46811 6.47716 6.48507 6.49179 6.4973 6.50157 6.50458 6.50631 6.50676 6.50592 6.50379 6.5004 6.49575 6.48986 6.48277 6.47451 6.46512 6.45464 6.44313 6.43065 6.41725 6.40299 6.38796 6.37222 6.35586 6.33894 6.32155 6.30377 6.28569 6.26739 6.24896 6.23048 6.21202 6.19368 6.17552 6.15763 6.14007 6.12291 6.10622 6.09005 6.07446 6.0595 6.04522 6.03166 6.01885 6.00683 5.99562 5.98526 5.97576 5.96715 5.95943 5.95262 5.94673 5.94178 5.93775 5.93468 5.93254 5.93136 
5.92427 5.92499 5.92667 5.9293 5.93288 5.93741 5.94289 5.9493 5.95665 5.9649 5.97407 5.98411 5.99503 6.00678 6.01936 6.03271 6.04681 6.06162 6.07708 6.09316 6.1098 6.12693 6.1445 6.16244 6.18068 6.19914 6.21775 6.23643 6.2551 6.27367 6.29207 6.3102 6.32799 6.34535 6.3622 6.37847 6.39406 6.40892 6.42297 6.43614 6.44836 6.45959 6.46976 6.47883 6.48676 6.49349 6.49902 6.50329 6.50631 6.50804 6.50849 6.50765 6.50552 6.50212 6.49746 6.49156 6.48445 6.47617 6.46676 6.45626 6.44472 6.43221 6.41878 6.40449 6.38943 6.37365 6.35725 6.34029 6.32286 6.30504 6.28692 6.26857 6.2501 6.23157 6.21307 6.19468 6.17648 6.15854 6.14094 6.12374 6.107 6.09079 6.07516 6.06017 6.04585 6.03225 6.0194 6.00735 5.99612 5.98573 5.9762 5.96756 5.95982 5.953 5.94709 5.94212 5.93809 5.935 5.93286 5.93168 
