0.0996968 0.10085 0.101679 0.102183 0.10245 0.102577 0.102631 0.102652 0.10266 0.102663 0.102664 0.102664 0.102664 0.102664 0.102664 0.102664 0.102664 0.102664 0.102664 0.102664 0.102664 0.102664 0.102664 0.102664 0.102664 0.102664 0.102664 0.102664 0.102664 0.102664 0.102664 0.102664 0.102664 0.102664 0.102664 0.102664 0.102664 0.102664 0.102664 0.102664 0.102664 0.102664 0.102664 0.102664 0.102664 0.102664 0.102664 0.102664 0.102664 0.102664 0.102664 0.102664 0.102664 0.102664 0.102664 0.102664 0.102664 0.102664 0.102664 0.102664 0.102664 0.102664 0.102664 0.102664 0.102664 0.102664 0.102664 0.102664 0.102664 0.102664 0.102664 0.102664 0.102664 0.102664 0.102664 0.102664 0.102664 0.102664 0.102664 0.102664 0.102664 0.102664 0.102664 0.102664 0.102664 0.102664 0.102664 0.102664 0.102664 0.102664 0.102664 0.102664 0.102665 0.10267 0.10269 0.102765 0.102976 0.103448 0.10428 0.105433 
0.10085 0.101994 0.102818 0.103322 0.103591 0.103718 0.103773 0.103795 0.103803 0.103806 0.103807 0.103807 0.103808 0.103808 0.103808 0.103808 0.103808 0.103808 0.103808 0.103808 0.103808 0.103808 0.103808 0.103808 0.103808 0.103808 0.103808 0.103808 0.103808 0.103808 0.103808 0.103808 0.103808 0.103808 0.103808 0.103808 0.103808 0.103808 0.103808 0.103808 0.103808 0.103808 0.103808 0.103808 0.103808 0.103808 0.103808 0.103808 0.103808 0.103808 0.103808 0.103808 0.103808 0.103808 0.103808 0.103808 0.103808 0.103808 0.103808 0.103808 0.103808 0.103808 0.103808 0.103808 0.103808 0.103808 0.103808 0.103808 0.103808 0.103808 0.103808 0.103808 0.103808 0.103808 0.103808 0.103808 0.103808 0.103808 0.103808 0.103808 0.103808 0.103808 0.103808 0.103808 0.103808 0.103808 0.103808 0.103808 0.103808 0.103808 0.103808 0.103808 0.103809 0.103814 0.103835 0.103912 0.104125 0.104598 0.105425 0.106568 
0.101679 0.102818 0.103642 0.104146 0.104417 0.104546 0.104601 0.104624 0.104632 0.104635 0.104636 0.104636 0.104636 0.104636 0.104636 0.104636 0.104636 0.104636 0.104636 0.104636 0.104636 0.104636 0.104636 0.104636 0.104636 0.104636 0.104636 0.104636 0.104636 0.104636 0.104636 0.104636 0.104636 0.104636 0.104636 0.104636 0.104636 0.104636 0.104636 0.104636 0.104636 0.104636 0.104636 0.104636 0.104636 0.104636 0.104636 0.104636 0.104636 0.104636 0.104636 0.104636 0.104636 0.104636 0.104636 0.104636 0.104636 0.104636 0.104636 0.104636 0.104636 0.104636 0.104636 0.104636 0.104636 0.104636 0.104636 0.104636 0.104636 0.104636 0.104636 0.104636 0.104636 0.104636 0.104636 0.104636 0.104636 0.104636 0.104636 0.104636 0.104636 0.104636 0.104636 0.104636 0.104636 0.104636 0.104636 0.104636 0.104636 0.104636 0.104636 0.104636 0.104637 0.104643 0.104665 0.104743 0.104959 0.105433 0.10626 0.107399 
0.102183 0.103322 0.104146 0.104653 0.104925 0.105055 0.105111 0.105134 0.105142 0.105145 0.105146 0.105147 0.105147 0.105147 0.105147 0.105147 0.105147 0.105147 0.105147 0.105147 0.105147 0.105147 0.105147 0.105147 0.105147 0.105147 0.105147 0.105147 0.105147 0.105147 0.105147 0.105147 0.105147 0.105147 0.105147 0.105147 0.105147 0.105147 0.105147 0.105147 0.105147 0.105147 0.105147 0.105147 0.105147 0.105147 0.105147 0.105147 0.105147 0.105147 0.105147 0.105147 0.105147 0.105147 0.105147 0.105147 0.105147 0.105147 0.105147 0.105147 0.105147 0.105147 0.105147 0.105147 0.105147 0.105147 0.105147 0.105147 0.105147 0.105147 0.105147 0.105147 0.105147 0.105147 0.105147 0.105147 0.105147 0.105147 0.105147 0.105147 0.105147 0.105147 0.105147 0.105147 0.105147 0.105147 0.105147 0.105147 0.105147 0.105147 0.105147 0.105147 0.105148 0.105153 0.105176 0.105255 0.105473 0.10595 0.106777 0.107916 
0.10245 0.103591 0.104417 0.104925 0.105197 0.105328 0.105385 0.105408 0.105417 0.10542 0.105421 0.105421 0.105421 0.105421 0.105421 0.105421 0.105421 0.105421 0.105421 0.105421 0.105421 0.105421 0.105421 0.105421 0.105421 0.105421 0.105421 0.105421 0.105421 0.105421 0.105421 0.105421 0.105421 0.105421 0.105421 0.105421 0.105421 0.105421 0.105421 0.105421 0.105421 0.105421 0.105421 0.105421 0.105421 0.105421 0.105421 0.105421 0.105421 0.105421 0.105421 0.105421 0.105421 0.105421 0.105421 0.105421 0.105421 0.105421 0.105421 0.105421 0.105421 0.105421 0.105421 0.105421 0.105421 0.105421 0.105421 0.105421 0.105421 0.105421 0.105421 0.105421 0.105421 0.105421 0.105421 0.105421 0.105421 0.105421 0.105421 0.105421 0.105421 0.105421 0.105421 0.105421 0.105421 0.105421 0.105421 0.105421 0.105421 0.105421 0.105421 0.105421 0.105422 0.105428 0.105451 0.105531 0.10575 0.106228 0.107058 0.108198 
0.102577 0.103718 0.104546 0.105055 0.105328 0.10546 0.105517 0.10554 0.105549 0.105552 0.105553 0.105553 0.105553 0.105553 0.105553 0.105553 0.105553 0.105553 0.105553 0.105553 0.105553 0.105553 0.105553 0.105553 0.105553 0.105553 0.105553 0.105553 0.105553 0.105553 0.105553 0.105553 0.105553 0.105553 0.105553 0.105553 0.105553 0.105553 0.105553 0.105553 0.105553 0.105553 0.105553 0.105553 0.105553 0.105553 0.105553 0.105553 0.105553 0.105553 0.105553 0.105553 0.105553 0.105553 0.105553 0.105553 0.105553 0.105553 0.105553 0.105553 0.105553 0.105553 0.105553 0.105553 0.105553 0.105553 0.105553 0.105553 0.105553 0.105553 0.105553 0.105553 0.105553 0.105553 0.105553 0.105553 0.105553 0.105553 0.105553 0.105553 0.105553 0.105553 0.105553 0.105553 0.105553 0.105553 0.105553 0.105553 0.105553 0.105553 0.105553 0.105553 0.105554 0.10556 0.105583 0.105664 0.105883 0.106363 0.107193 0.108335 
0.102631 0.103773 0.104601 0.105111 0.105385 0.105517 0.105575 0.105598 0.105606 0.105609 0.10561 0.105611 0.105611 0.105611 0.105611 0.105611 0.105611 0.105611 0.105611 0.105611 0.105611 0.105611 0.105611 0.105611 0.105611 0.105611 0.105611 0.105611 0.105611 0.105611 0.105611 0.105611 0.105611 0.105611 0.105611 0.105611 0.105611 0.105611 0.105611 0.105611 0.105611 0.105611 0.105611 0.105611 0.105611 0.105611 0.105611 0.105611 0.105611 0.105611 0.105611 0.105611 0.105611 0.105611 0.105611 0.105611 0.105611 0.105611 0.105611 0.105611 0.105611 0.105611 0.105611 0.105611 0.105611 0.105611 0.105611 0.105611 0.105611 0.105611 0.105611 0.105611 0.105611 0.105611 0.105611 0.105611 0.105611 0.105611 0.105611 0.105611 0.105611 0.105611 0.105611 0.105611 0.105611 0.105611 0.105611 0.105611 0.105611 0.105611 0.105611 0.105611 0.105612 0.105618 0.105641 0.105722 0.105942 0.106422 0.107253 0.108396 
0.102652 0.103795 0.104624 0.105134 0.105408 0.10554 0.105598 0.105621 0.10563 0.105633 0.105634 0.105634 0.105634 0.105634 0.105634 0.105634 0.105634 0.105634 0.105634 0.105634 0.105634 0.105634 0.105634 0.105634 0.105634 0.105634 0.105634 0.105634 0.105634 0.105634 0.105634 0.105634 0.105634 0.105634 0.105634 0.105634 0.105634 0.105634 0.105634 0.105634 0.105634 0.105634 0.105634 0.105634 0.105634 0.105634 0.105634 0.105634 0.105634 0.105634 0.105634 0.105634 0.105634 0.105634 0.105634 0.105634 0.105634 0.105634 0.105634 0.105634 0.105634 0.105634 0.105634 0.105634 0.105634 0.105634 0.105634 0.105634 0.105634 0.105634 0.105634 0.105634 0.105634 0.105634 0.105634 0.105634 0.105634 0.105634 0.105634 0.105634 0.105634 0.105634 0.105634 0.105634 0.105634 0.105634 0.105634 0.105634 0.105634 0.105634 0.105634 0.105634 0.105635 0.105641 0.105664 0.105745 0.105965 0.106445 0.107277 0.108421 
0.10266 0.103803 0.104632 0.105142 0.105417 0.105549 0.105606 0.10563 0.105638 0.105641 0.105642 0.105643 0.105643 0.105643 0.105643 0.105643 0.105643 0.105643 0.105643 0.105643 0.105643 0.105643 0.105643 0.105643 0.105643 0.105643 0.105643 0.105643 0.105643 0.105643 0.105643 0.105643 0.105643 0.105643 0.105643 0.105643 0.105643 0.105643 0.105643 0.105643 0.105643 0.105643 0.105643 0.105643 0.105643 0.105643 0.105643 0.105643 0.105643 0.105643 0.105643 0.105643 0.105643 0.105643 0.105643 0.105643 0.105643 0.105643 0.105643 0.105643 0.105643 0.105643 0.105643 0.105643 0.105643 0.105643 0.105643 0.105643 0.105643 0.105643 0.105643 0.105643 0.105643 0.105643 0.105643 0.105643 0.105643 0.105643 0.105643 0.105643 0.105643 0.105643 0.105643 0.105643 0.105643 0.105643 0.105643 0.105643 0.105643 0.105643 0.105643 0.105643 0.105644 0.105649 0.105673 0.105754 0.105974 0.106454 0.107287 0.10843 
0.102663 0.103806 0.104635 0.105145 0.10542 0.105552 0.105609 0.105633 0.105641 0.105644 0.105645 0.105646 0.105646 0.105646 0.105646 0.105646 0.105646 0.105646 0.105646 0.105646 0.105646 0.105646 0.105646 0.105646 0.105646 0.105646 0.105646 0.105646 0.105646 0.105646 0.105646 0.105646 0.105646 0.105646 0.105646 0.105646 0.105646 0.105646 0.105646 0.105646 0.105646 0.105646 0.105646 0.105646 0.105646 0.105646 0.105646 0.105646 0.105646 0.105646 0.105646 0.105646 0.105646 0.105646 0.105646 0.105646 0.105646 0.105646 0.105646 0.105646 0.105646 0.105646 0.105646 0.105646 0.105646 0.105646 0.105646 0.105646 0.105646 0.105646 0.105646 0.105646 0.105646 0.105646 0.105646 0.105646 0.105646 0.105646 0.105646 0.105646 0.105646 0.105646 0.105646 0.105646 0.105646 0.105646 0.105646 0.105646 0.105646 0.105646 0.105646 0.105646 0.105647 0.105653 0.105676 0.105757 0.105977 0.106458 0.10729 0.108433 
0.102664 0.103807 0.104636 0.105146 0.105421 0.105553 0.10561 0.105634 0.105642 0.105645 0.105646 0.105647 0.105647 0.105647 0.105647 0.105647 0.105647 0.105647 0.105647 0.105647 0.105647 0.105647 0.105647 0.105647 0.105647 0.105647 0.105647 0.105647 0.105647 0.105647 0.105647 0.105647 0.105647 0.105647 0.105647 0.105647 0.105647 0.105647 0.105647 0.105647 0.105647 0.105647 0.105647 0.105647 0.105647 0.105647 0.105647 0.105647 0.105647 0.105647 0.105647 0.105647 0.105647 0.105647 0.105647 0.105647 0.105647 0.105647 0.105647 0.105647 0.105647 0.105647 0.105647 0.105647 0.105647 0.105647 0.105647 0.105647 0.105647 0.105647 0.105647 0.105647 0.105647 0.105647 0.105647 0.105647 0.105647 0.105647 0.105647 0.105647 0.105647 0.105647 0.105647 0.105647 0.105647 0.105647 0.105647 0.105647 0.105647 0.105647 0.105647 0.105647 0.105648 0.105654 0.105677 0.105758 0.105978 0.106459 0.107291 0.108435 
0.102664 0.103807 0.104636 0.105147 0.105421 0.105553 0.105611 0.105634 0.105643 0.105646 0.105647 0.105647 0.105647 0.105647 0.105647 0.105647 0.105647 0.105647 0.105647 0.105647 0.105647 0.105647 0.105647 0.105647 0.105647 0.105647 0.105647 0.105647 0.105647 0.105647 0.105647 0.105647 0.105647 0.105647 0.105647 0.105647 0.105647 0.105647 0.105647 0.105647 0.105647 0.105647 0.105647 0.105647 0.105647 0.105647 0.105647 0.105647 0.105647 0.105647 0.105647 0.105647 0.105647 0.105647 0.105647 0.105647 0.105647 0.105647 0.105647 0.105647 0.105647 0.105647 0.105647 0.105647 0.105647 0.105647 0.105647 0.105647 0.105647 0.105647 0.105647 0.105647 0.105647 0.105647 0.105647 0.105647 0.105647 0.105647 0.105647 0.105647 0.105647 0.105647 0.105647 0.105647 0.105647 0.105647 0.105647 0.105647 0.105647 0.105647 0.105647 0.105647 0.105648 0.105654 0.105677 0.105758 0.105978 0.106459 0.107291 0.108435 
0.102664 0.103808 0.104636 0.105147 0.105421 0.105553 0.105611 0.105634 0.105643 0.105646 0.105647 0.105647 0.105647 0.105647 0.105647 0.105647 0.105647 0.105647 0.105647 0.105647 0.105647 0.105647 0.105647 0.105647 0.105647 0.105647 0.105647 0.105647 0.105647 0.105647 0.105647 0.105647 0.105647 0.105647 0.105647 0.105647 0.105647 0.105647 0.105647 0.105647 0.105647 0.105647 0.105647 0.105647 0.105647 0.105647 0.105647 0.105647 0.105647 0.105647 0.105647 0.105647 0.105647 0.105647 0.105647 0.105647 0.105647 0.105647 0.105647 0.105647 0.105647 0.105647 0.105647 0.105647 0.105647 0.105647 0.105647 0.105647 0.105647 0.105647 0.105647 0.105647 0.105647 0.105647 0.105647 0.105647 0.105647 0.105647 0.105647 0.105647 0.105647 0.105647 0.105647 0.105647 0.105647 0.105647 0.105647 0.105647 0.105647 0.105647 0.105647 0.105647 0.105649 0.105654 0.105678 0.105758 0.105979 0.106459 0.107291 0.108435 
0.102664 0.103808 0.104636 0.105147 0.105421 0.105553 0.105611 0.105634 0.105643 0.105646 0.105647 0.105647 0.105647 0.105647 0.105647 0.105647 0.105647 0.105647 0.105647 0.105647 0.105647 0.105647 0.105647 0.105647 0.105647 0.105647 0.105647 0.105647 0.105647 0.105647 0.105647 0.105647 0.105647 0.105647 0.105647 0.105647 0.105647 0.105647 0.105647 0.105647 0.105647 0.105647 0.105647 0.105647 0.105647 0.105647 0.105647 0.105647 0.105647 0.105647 0.105647 0.105647 0.105647 0.105647 0.105647 0.105647 0.105647 0.105647 0.105647 0.105647 0.105647 0.105647 0.105647 0.105647 0.105647 0.105647 0.105647 0.105647 0.105647 0.105647 0.105647 0.105647 0.105647 0.105647 0.105647 0.105647 0.105647 0.105647 0.105647 0.105647 0.105647 0.105647 0.105647 0.105647 0.105647 0.105647 0.105647 0.105647 0.105647 0.105647 0.105647 0.105648 0.105649 0.105654 0.105678 0.105758 0.105979 0.106459 0.107291 0.108435 
0.102664 0.103808 0.104636 0.105147 0.105421 0.105553 0.105611 0.105634 0.105643 0.105646 0.105647 0.105647 0.105647 0.105647 0.105647 0.105647 0.105647 0.105647 0.105647 0.105647 0.105647 0.105647 0.105647 0.105647 0.105647 0.105647 0.105647 0.105647 0.105647 0.105647 0.105647 0.105647 0.105647 0.105647 0.105647 0.105647 0.105647 0.105647 0.105647 0.105647 0.105647 0.105647 0.105647 0.105647 0.105647 0.105647 0.105647 0.105647 0.105647 0.105647 0.105647 0.105647 0.105647 0.105647 0.105647 0.105647 0.105647 0.105647 0.105647 0.105647 0.105647 0.105647 0.105647 0.105647 0.105647 0.105647 0.105647 0.105647 0.105647 0.105647 0.105647 0.105647 0.105647 0.105647 0.105647 0.105647 0.105647 0.105647 0.105647 0.105647 0.105647 0.105647 0.105647 0.105647 0.105647 0.105647 0.105647 0.105647 0.105647 0.105647 0.105647 0.105648 0.105649 0.105654 0.105678 0.105758 0.105979 0.106459 0.107291 0.108435 
0.102664 0.103808 0.104636 0.105147 0.105421 0.105553 0.105611 0.105634 0.105643 0.105646 0.105647 0.105647 0.105647 0.105647 0.105647 0.105647 0.105647 0.105647 0.105647 0.105647 0.105647 0.105647 0.105647 0.105647 0.105647 0.105647 0.105647 0.105647 0.105647 0.105647 0.105647 0.105647 0.105647 0.105647 0.105647 0.105647 0.105647 0.105647 0.105647 0.105647 0.105647 0.105647 0.105647 0.105647 0.105647 0.105648 0.105648 0.105648 0.105648 0.105648 0.105648 0.105648 0.105648 0.105648 0.105648 0.105648 0.105648 0.105648 0.105648 0.105647 0.105647 0.105647 0.105647 0.105647 0.105647 0.105647 0.105647 0.105647 0.105647 0.105647 0.105647 0.105647 0.105647 0.105647 0.105647 0.105647 0.105647 0.105647 0.105647 0.105647 0.105647 0.105647 0.105647 0.105647 0.105647 0.105647 0.105647 0.105647 0.105647 0.105647 0.105647 0.105648 0.105649 0.105654 0.105678 0.105758 0.105979 0.106459 0.107291 0.108435 
0.102664 0.103808 0.104636 0.105147 0.105421 0.105553 0.105611 0.105634 0.105643 0.105646 0.105647 0.105647 0.105647 0.105647 0.105647 0.105647 0.105647 0.105647 0.105647 0.105647 0.105647 0.105647 0.105647 0.105647 0.105647 0.105647 0.105647 0.105647 0.105647 0.105647 0.105647 0.105647 0.105647 0.105647 0.105647 0.105647 0.105647 0.105647 0.105647 0.105647 0.105647 0.105647 0.105648 0.105648 0.105649 0.105649 0.10565 0.10565 0.10565 0.10565 0.105651 0.105651 0.105651 0.105651 0.105651 0.10565 0.10565 0.105649 0.105649 0.105648 0.105648 0.105648 0.105647 0.105647 0.105647 0.105647 0.105647 0.105647 0.105647 0.105647 0.105647 0.105647 0.105647 0.105647 0.105647 0.105647 0.105647 0.105647 0.105647 0.105647 0.105647 0.105647 0.105647 0.105647 0.105647 0.105647 0.105647 0.105647 0.105647 0.105647 0.105647 0.105648 0.105649 0.105654 0.105678 0.105758 0.105979 0.106459 0.107291 0.108435 
0.102664 0.103808 0.104636 0.105147 0.105421 0.105553 0.105611 0.105634 0.105643 0.105646 0.105647 0.105647 0.105647 0.105647 0.105647 0.105647 0.105647 0.105647 0.105647 0.105647 0.105647 0.105647 0.105647 0.105647 0.105647 0.105647 0.105647 0.105647 0.105647 0.105647 0.105647 0.105647 0.105647 0.105647 0.105647 0.105647 0.105647 0.105647 0.105647 0.105648 0.105648 0.105649 0.105651 0.105655 0.10566 0.105666 0.10567 0.105673 0.105674 0.105675 0.105675 0.105675 0.105675 0.105675 0.105675 0.105674 0.10567 0.105665 0.10566 0.105655 0.105652 0.10565 0.105649 0.105648 0.105648 0.105647 0.105647 0.105647 0.105647 0.105647 0.105647 0.105647 0.105647 0.105647 0.105647 0.105647 0.105647 0.105647 0.105647 0.105647 0.105647 0.105647 0.105647 0.105647 0.105647 0.105647 0.105647 0.105647 0.105647 0.105647 0.105647 0.105648 0.105649 0.105654 0.105678 0.105758 0.105979 0.106459 0.107291 0.108435 
0.102664 0.103808 0.104636 0.105147 0.105421 0.105553 0.105611 0.105634 0.105643 0.105646 0.105647 0.105647 0.105647 0.105647 0.105647 0.105647 0.105647 0.105647 0.105647 0.105647 0.105647 0.105647 0.105647 0.105647 0.105647 0.105647 0.105647 0.105647 0.105647 0.105647 0.105647 0.105647 0.105647 0.105647 0.105647 0.105647 0.105647 0.105648 0.105648 0.105651 0.105655 0.105665 0.105682 0.10571 0.105748 0.105784 0.105811 0.105828 0.105837 0.10584 0.105842 0.105843 0.105843 0.105842 0.105838 0.105827 0.105803 0.105768 0.105731 0.105701 0.10568 0.105666 0.105657 0.105652 0.10565 0.105648 0.105648 0.105648 0.105647 0.105647 0.105647 0.105647 0.105647 0.105647 0.105647 0.105647 0.105647 0.105647 0.105647 0.105647 0.105647 0.105647 0.105647 0.105647 0.105647 0.105647 0.105647 0.105647 0.105647 0.105647 0.105647 0.105648 0.105649 0.105654 0.105678 0.105758 0.105979 0.106459 0.107291 0.108435 
0.102664 0.103808 0.104636 0.105147 0.105421 0.105553 0.105611 0.105634 0.105643 0.105646 0.105647 0.105647 0.105647 0.105647 0.105647 0.105647 0.105647 0.105647 0.105647 0.105647 0.105647 0.105647 0.105647 0.105647 0.105647 0.105647 0.105647 0.105647 0.105647 0.105647 0.105647 0.105647 0.105647 0.105647 0.105647 0.105648 0.105648 0.105651 0.105659 0.105677 0.105714 0.10578 0.105891 0.106058 0.106259 0.106445 0.106581 0.106662 0.106704 0.106722 0.10673 0.106733 0.106733 0.106726 0.106699 0.106626 0.106486 0.106298 0.10611 0.105953 0.105838 0.105758 0.105708 0.105678 0.105662 0.105654 0.10565 0.105649 0.105648 0.105648 0.105647 0.105647 0.105647 0.105647 0.105647 0.105647 0.105647 0.105647 0.105647 0.105647 0.105647 0.105647 0.105647 0.105647 0.105647 0.105647 0.105647 0.105647 0.105647 0.105647 0.105647 0.105648 0.105649 0.105654 0.105678 0.105758 0.105979 0.106459 0.107291 0.108435 
0.102664 0.103808 0.104636 0.105147 0.105421 0.105553 0.105611 0.105634 0.105643 0.105646 0.105647 0.105647 0.105647 0.105647 0.105647 0.105647 0.105647 0.105647 0.105647 0.105647 0.105647 0.105647 0.105647 0.105647 0.105647 0.105647 0.105647 0.105647 0.105647 0.105647 0.105647 0.105647 0.105647 0.105648 0.105648 0.105651 0.105659 0.105684 0.105742 0.105864 0.106085 0.106446 0.107 0.10776 0.108618 0.109377 0.109917 0.110236 0.110398 0.110471 0.110501 0.110511 0.110505 0.110462 0.110313 0.109953 0.109326 0.108525 0.107734 0.107072 0.106564 0.106203 0.105963 0.105816 0.105732 0.105687 0.105665 0.105655 0.10565 0.105648 0.105648 0.105647 0.105647 0.105647 0.105647 0.105647 0.105647 0.105647 0.105647 0.105647 0.105647 0.105647 0.105647 0.105647 0.105647 0.105647 0.105647 0.105647 0.105647 0.105647 0.105647 0.105648 0.105649 0.105654 0.105678 0.105758 0.105979 0.106459 0.107291 0.108435 
0.102664 0.103808 0.104636 0.105147 0.105421 0.105553 0.105611 0.105634 0.105643 0.105646 0.105647 0.105647 0.105647 0.105647 0.105647 0.105647 0.105647 0.105647 0.105647 0.105647 0.105647 0.105647 0.105647 0.105647 0.105647 0.105647 0.105647 0.105647 0.105647 0.105647 0.105647 0.105647 0.105648 0.105649 0.105656 0.10568 0.105746 0.105905 0.106242 0.106867 0.107893 0.109433 0.111596 0.114337 0.117245 0.119726 0.121451 0.122459 0.122969 0.123198 0.12329 0.123316 0.123276 0.123068 0.122442 0.121072 0.118849 0.116121 0.113442 0.111145 0.109319 0.107961 0.107019 0.106413 0.10605 0.105846 0.105739 0.105687 0.105664 0.105654 0.10565 0.105648 0.105648 0.105647 0.105647 0.105647 0.105647 0.105647 0.105647 0.105647 0.105647 0.105647 0.105647 0.105647 0.105647 0.105647 0.105647 0.105647 0.105647 0.105647 0.105647 0.105648 0.105649 0.105654 0.105678 0.105758 0.105979 0.106459 0.107291 0.108435 
0.102664 0.103808 0.104636 0.105147 0.105421 0.105553 0.105611 0.105634 0.105643 0.105646 0.105647 0.105647 0.105647 0.105647 0.105647 0.105647 0.105647 0.105647 0.105647 0.105647 0.105647 0.105647 0.105647 0.105647 0.105647 0.105647 0.105647 0.105647 0.105647 0.105647 0.105647 0.105648 0.105652 0.105668 0.105723 0.10588 0.10626 0.107059 0.108555 0.11105 0.114784 0.11993 0.126584 0.134421 0.142293 0.148787 0.153219 0.155786 0.15708 0.15766 0.15789 0.157934 0.157754 0.157012 0.155003 0.150942 0.14471 0.137256 0.129886 0.123362 0.117947 0.113727 0.110658 0.10858 0.107265 0.106484 0.106053 0.105832 0.105726 0.105679 0.10566 0.105652 0.105649 0.105648 0.105648 0.105647 0.105647 0.105647 0.105647 0.105647 0.105647 0.105647 0.105647 0.105647 0.105647 0.105647 0.105647 0.105647 0.105647 0.105647 0.105647 0.105648 0.105649 0.105654 0.105678 0.105758 0.105979 0.106459 0.107291 0.108435 
0.102664 0.103808 0.104636 0.105147 0.105421 0.105553 0.105611 0.105634 0.105643 0.105646 0.105647 0.105647 0.105647 0.105647 0.105647 0.105647 0.105647 0.105647 0.105647 0.105647 0.105647 0.105647 0.105647 0.105647 0.105647 0.105647 0.105647 0.105647 0.105647 0.105648 0.105649 0.105657 0.10569 0.105801 0.106123 0.106917 0.108591 0.111699 0.116887 0.124703 0.135393 0.148944 0.165132 0.182928 0.199936 0.213553 0.222704 0.227968 0.230619 0.231809 0.23227 0.232305 0.231743 0.229754 0.224813 0.215437 0.201609 0.185254 0.16877 0.153569 0.140323 0.129464 0.121143 0.115187 0.111181 0.108658 0.107183 0.106383 0.105979 0.105788 0.105704 0.105669 0.105655 0.10565 0.105648 0.105648 0.105647 0.105647 0.105647 0.105647 0.105647 0.105647 0.105647 0.105647 0.105647 0.105647 0.105647 0.105647 0.105647 0.105647 0.105647 0.105648 0.105649 0.105654 0.105678 0.105758 0.105979 0.106459 0.107291 0.108435 
0.102664 0.103808 0.104636 0.105147 0.105421 0.105553 0.105611 0.105634 0.105643 0.105646 0.105647 0.105647 0.105647 0.105647 0.105647 0.105647 0.105647 0.105647 0.105647 0.105647 0.105647 0.105647 0.105647 0.105647 0.105647 0.105647 0.105647 0.105647 0.105648 0.10565 0.105665 0.105727 0.105934 0.106522 0.107968 0.111058 0.116799 0.126268 0.140429 0.159757 0.183945 0.21218 0.243398 0.275538 0.30487 0.327741 0.342923 0.351626 0.356017 0.357993 0.358739 0.358691 0.357436 0.353436 0.344132 0.327274 0.302997 0.274176 0.244185 0.215131 0.188408 0.165254 0.146456 0.13213 0.121844 0.114939 0.11065 0.108181 0.106856 0.10619 0.105876 0.105738 0.105681 0.105659 0.105651 0.105649 0.105648 0.105647 0.105647 0.105647 0.105647 0.105647 0.105647 0.105647 0.105647 0.105647 0.105647 0.105647 0.105647 0.105647 0.105647 0.105648 0.105649 0.105654 0.105678 0.105758 0.105979 0.106459 0.107291 0.108435 
0.102664 0.103808 0.104636 0.105147 0.105421 0.105553 0.105611 0.105634 0.105643 0.105646 0.105647 0.105647 0.105647 0.105647 0.105647 0.105647 0.105647 0.105647 0.105647 0.105647 0.105647 0.105647 0.105647 0.105647 0.105647 0.105647 0.105647 0.105648 0.105652 0.105675 0.105778 0.10613 0.10712 0.109501 0.114545 0.123964 0.13946 0.162263 0.192912 0.230872 0.274388 0.321205 0.369186 0.41555 0.456065 0.486921 0.507216 0.51885 0.524752 0.527423 0.528407 0.528217 0.526183 0.520142 0.506727 0.483112 0.449347 0.40849 0.36407 0.318533 0.274088 0.23316 0.197707 0.16874 0.146417 0.130397 0.119782 0.113254 0.1095 0.107478 0.106461 0.105986 0.105779 0.105696 0.105664 0.105653 0.105649 0.105648 0.105648 0.105647 0.105647 0.105647 0.105647 0.105647 0.105647 0.105647 0.105647 0.105647 0.105647 0.105647 0.105647 0.105648 0.105649 0.105654 0.105678 0.105758 0.105979 0.106459 0.107291 0.108435 
0.102664 0.103808 0.104636 0.105147 0.105421 0.105553 0.105611 0.105634 0.105643 0.105646 0.105647 0.105647 0.105647 0.105647 0.105647 0.105647 0.105647 0.105647 0.105647 0.105647 0.105647 0.105647 0.105647 0.105647 0.105647 0.105647 0.105648 0.105652 0.105683 0.10583 0.106365 0.107901 0.111561 0.119111 0.132969 0.155712 0.188987 0.232841 0.285953 0.345743 0.408616 0.471071 0.53052 0.584533 0.629807 0.663561 0.685622 0.698309 0.7048 0.707768 0.708852 0.708571 0.70615 0.699252 0.684341 0.65839 0.62095 0.574122 0.52042 0.461826 0.400836 0.34076 0.284811 0.235462 0.194487 0.162938 0.140515 0.125664 0.116439 0.111083 0.108195 0.106758 0.106099 0.105819 0.105708 0.105668 0.105654 0.105649 0.105648 0.105648 0.105647 0.105647 0.105647 0.105647 0.105647 0.105647 0.105647 0.105647 0.105647 0.105647 0.105647 0.105648 0.105649 0.105654 0.105678 0.105758 0.105979 0.106459 0.107291 0.108435 
0.102664 0.103808 0.104636 0.105147 0.105421 0.105553 0.105611 0.105634 0.105643 0.105646 0.105647 0.105647 0.105647 0.105647 0.105647 0.105647 0.105647 0.105647 0.105647 0.105647 0.105647 0.105647 0.105647 0.105647 0.105647 0.105648 0.105652 0.105687 0.105864 0.106563 0.108693 0.113913 0.1246 0.143642 0.174087 0.218159 0.275728 0.343975 0.418727 0.495425 0.569617 0.637896 0.69847 0.750331 0.792075 0.822574 0.842416 0.853889 0.859828 0.862582 0.863603 0.863358 0.861187 0.855098 0.842058 0.819281 0.785689 0.74183 0.688473 0.626293 0.556954 0.483418 0.409258 0.338295 0.27462 0.221794 0.181214 0.152007 0.132272 0.119861 0.112671 0.108856 0.107006 0.106183 0.105844 0.105716 0.10567 0.105654 0.105649 0.105648 0.105648 0.105647 0.105647 0.105647 0.105647 0.105647 0.105647 0.105647 0.105647 0.105647 0.105647 0.105648 0.105649 0.105654 0.105678 0.105758 0.105979 0.106459 0.107291 0.108435 
0.102664 0.103808 0.104636 0.105147 0.105421 0.105553 0.105611 0.105634 0.105643 0.105646 0.105647 0.105647 0.105647 0.105647 0.105647 0.105647 0.105647 0.105647 0.105647 0.105647 0.105647 0.105647 0.105647 0.105647 0.105648 0.105652 0.105683 0.105864 0.106642 0.109204 0.115875 0.129981 0.155045 0.19391 0.248277 0.317921 0.399482 0.486949 0.574096 0.655991 0.729185 0.791903 0.844017 0.886191 0.918812 0.942166 0.957291 0.966093 0.970707 0.972885 0.973718 0.973584 0.972048 0.967723 0.958442 0.942019 0.917075 0.882934 0.838816 0.783845 0.717952 0.642315 0.559325 0.472968 0.389037 0.313574 0.250349 0.20048 0.163621 0.13844 0.122726 0.113828 0.10926 0.107125 0.10621 0.105848 0.105715 0.105669 0.105654 0.105649 0.105648 0.105648 0.105647 0.105647 0.105647 0.105647 0.105647 0.105647 0.105647 0.105647 0.105647 0.105648 0.105649 0.105654 0.105678 0.105758 0.105979 0.106459 0.107291 0.108435 
0.102664 0.103808 0.104636 0.105147 0.105421 0.105553 0.105611 0.105634 0.105643 0.105646 0.105647 0.105647 0.105647 0.105647 0.105647 0.105647 0.105647 0.105647 0.105647 0.105647 0.105647 0.105647 0.105647 0.105648 0.10565 0.105675 0.10583 0.106563 0.109204 0.116646 0.133402 0.164301 0.212377 0.277763 0.358238 0.449799 0.546359 0.64066 0.72679 0.801425 0.863403 0.913112 0.951997 0.981844 1.00404 1.0196 1.02962 1.03548 1.0386 1.04009 1.04069 1.04065 1.03976 1.03719 1.03163 1.0216 1.00588 0.98333 0.952429 0.911301 0.858241 0.792173 0.713239 0.62393 0.529665 0.437147 0.35185 0.277635 0.217414 0.172603 0.142412 0.124125 0.114167 0.10927 0.107076 0.106173 0.105829 0.105707 0.105666 0.105653 0.105649 0.105648 0.105647 0.105647 0.105647 0.105647 0.105647 0.105647 0.105647 0.105647 0.105647 0.105648 0.105649 0.105654 0.105678 0.105758 0.105979 0.106459 0.107291 0.108435 
0.102664 0.103808 0.104636 0.105147 0.105421 0.105553 0.105611 0.105634 0.105643 0.105646 0.105647 0.105647 0.105647 0.105647 0.105647 0.105647 0.105647 0.105647 0.105647 0.105647 0.105647 0.105647 0.105647 0.105649 0.105665 0.105778 0.106365 0.108693 0.115875 0.133402 0.167898 0.22386 0.300783 0.393366 0.494367 0.596929 0.694739 0.782259 0.856121 0.915594 0.961763 0.996601 1.02238 1.0412 1.05467 1.0639 1.0698 1.07326 1.07512 1.07604 1.07641 1.07643 1.07598 1.07467 1.07178 1.06646 1.05786 1.04494 1.02623 0.999706 0.962919 0.913318 0.848965 0.769894 0.678942 0.580773 0.480479 0.38382 0.297474 0.227296 0.176105 0.142845 0.123591 0.113596 0.108902 0.106887 0.10609 0.105796 0.105695 0.105662 0.105652 0.105649 0.105648 0.105647 0.105647 0.105647 0.105647 0.105647 0.105647 0.105647 0.105647 0.105648 0.105649 0.105654 0.105678 0.105758 0.105979 0.106459 0.107291 0.108435 
0.102664 0.103808 0.104636 0.105147 0.105421 0.105553 0.105611 0.105634 0.105643 0.105646 0.105647 0.105647 0.105647 0.105647 0.105647 0.105647 0.105647 0.105647 0.105647 0.105647 0.105647 0.105647 0.105648 0.105657 0.105727 0.10613 0.107901 0.113913 0.129981 0.164301 0.22386 0.309575 0.414565 0.527453 0.637607 0.738072 0.825043 0.896647 0.952826 0.99515 1.02605 1.04809 1.06358 1.07437 1.0818 1.08677 1.08992 1.09177 1.09277 1.09328 1.09349 1.09352 1.09333 1.09273 1.0914 1.08889 1.08471 1.07817 1.0682 1.05318 1.03088 0.998467 0.952994 0.892377 0.816098 0.725019 0.621451 0.510588 0.401263 0.303928 0.226853 0.172996 0.139732 0.121434 0.112382 0.108311 0.106631 0.105989 0.105759 0.105682 0.105658 0.10565 0.105648 0.105648 0.105647 0.105647 0.105647 0.105647 0.105647 0.105647 0.105647 0.105648 0.105649 0.105654 0.105678 0.105758 0.105979 0.106459 0.107291 0.108435 
0.102664 0.103808 0.104636 0.105147 0.105421 0.105553 0.105611 0.105634 0.105643 0.105646 0.105647 0.105647 0.105647 0.105647 0.105647 0.105647 0.105647 0.105647 0.105647 0.105647 0.105647 0.105648 0.105652 0.10569 0.105934 0.10712 0.111561 0.1246 0.155045 0.212377 0.300783 0.414565 0.539828 0.661292 0.768328 0.85666 0.926335 0.979232 1.01794 1.04535 1.06426 1.07707 1.08564 1.09136 1.09515 1.09762 1.09916 1.10007 1.10057 1.10082 1.10093 1.10095 1.10088 1.10064 1.10008 1.09901 1.09718 1.0942 1.08944 1.08186 1.06986 1.05117 1.02294 0.982113 0.925728 0.850941 0.75602 0.642894 0.51945 0.39883 0.294964 0.216667 0.164825 0.13443 0.118493 0.110943 0.107678 0.106376 0.105894 0.105726 0.105671 0.105654 0.105649 0.105648 0.105648 0.105647 0.105647 0.105647 0.105647 0.105647 0.105647 0.105648 0.105649 0.105654 0.105678 0.105758 0.105979 0.106459 0.107291 0.108435 
0.102664 0.103808 0.104636 0.105147 0.105421 0.105553 0.105611 0.105634 0.105643 0.105646 0.105647 0.105647 0.105647 0.105647 0.105647 0.105647 0.105647 0.105647 0.105647 0.105647 0.105648 0.105649 0.105668 0.105801 0.106522 0.109501 0.119111 0.143642 0.19391 0.277763 0.393366 0.527453 0.661292 0.779416 0.87431 0.945726 0.997272 1.03339 1.05805 1.0745 1.08525 1.09218 1.09661 1.09945 1.10126 1.10241 1.10311 1.10353 1.10375 1.10387 1.10392 1.10394 1.10391 1.10382 1.10361 1.10319 1.10246 1.10122 1.09915 1.09569 1.08989 1.08025 1.06461 1.04008 1.00276 0.947596 0.869245 0.765119 0.639341 0.504476 0.378011 0.27473 0.200947 0.15451 0.128541 0.115509 0.10958 0.10711 0.106158 0.105816 0.1057 0.105663 0.105652 0.105649 0.105648 0.105647 0.105647 0.105647 0.105647 0.105647 0.105647 0.105648 0.105649 0.105654 0.105678 0.105758 0.105979 0.106459 0.107291 0.108435 
0.102664 0.103808 0.104636 0.105147 0.105421 0.105553 0.105611 0.105634 0.105643 0.105646 0.105647 0.105647 0.105647 0.105647 0.105647 0.105647 0.105647 0.105647 0.105647 0.105647 0.105648 0.105656 0.105723 0.106123 0.107968 0.114545 0.132969 0.174087 0.248277 0.358238 0.494367 0.637607 0.768328 0.87431 0.952648 1.00686 1.04285 1.06615 1.08097 1.09027 1.09603 1.09958 1.10174 1.10307 1.10389 1.1044 1.1047 1.10488 1.10498 1.10503 1.10505 1.10506 1.10505 1.10502 1.10494 1.10479 1.10452 1.10404 1.10322 1.10178 1.09922 1.0947 1.08687 1.0735 1.05101 1.01381 0.954605 0.866972 0.750076 0.612682 0.472036 0.346876 0.249729 0.183677 0.144084 0.122967 0.112837 0.108417 0.106645 0.105986 0.105756 0.105681 0.105657 0.10565 0.105648 0.105648 0.105647 0.105647 0.105647 0.105647 0.105647 0.105648 0.105649 0.105654 0.105678 0.105758 0.105979 0.106459 0.107291 0.108435 
0.102664 0.103808 0.104636 0.105147 0.105421 0.105553 0.105611 0.105634 0.105643 0.105646 0.105647 0.105647 0.105647 0.105647 0.105647 0.105647 0.105647 0.105647 0.105647 0.105648 0.105651 0.10568 0.10588 0.106917 0.111058 0.123964 0.155712 0.218159 0.317921 0.449799 0.596929 0.738072 0.85666 0.945726 1.00686 1.04612 1.07025 1.08471 1.09328 1.09832 1.10128 1.10301 1.10402 1.10462 1.10497 1.10518 1.10531 1.10538 1.10542 1.10544 1.10545 1.10545 1.10545 1.10544 1.10542 1.10537 1.10527 1.1051 1.1048 1.10424 1.1032 1.10126 1.09765 1.09094 1.07838 1.05507 1.0136 0.945509 0.845537 0.716692 0.572108 0.43109 0.311545 0.223404 0.166627 0.134388 0.118065 0.110605 0.10749 0.10629 0.105859 0.105714 0.105667 0.105653 0.105649 0.105648 0.105647 0.105647 0.105647 0.105647 0.105647 0.105648 0.105649 0.105654 0.105678 0.105758 0.105979 0.106459 0.107291 0.108435 
0.102664 0.103808 0.104636 0.105147 0.105421 0.105553 0.105611 0.105634 0.105643 0.105646 0.105647 0.105647 0.105647 0.105647 0.105647 0.105647 0.105647 0.105647 0.105647 0.105648 0.105659 0.105746 0.10626 0.108591 0.116799 0.13946 0.188987 0.275728 0.399482 0.546359 0.694739 0.825043 0.926335 0.997272 1.04285 1.07025 1.08596 1.09474 1.09958 1.10224 1.10372 1.10453 1.10499 1.10525 1.10539 1.10548 1.10553 1.10556 1.10557 1.10558 1.10558 1.10559 1.10559 1.10558 1.10558 1.10556 1.10553 1.10547 1.10536 1.10516 1.10477 1.104 1.10245 1.0993 1.09271 1.07902 1.05189 1.00271 0.923335 0.810868 0.671927 0.522879 0.384601 0.273898 0.197179 0.150756 0.125929 0.114035 0.108865 0.106801 0.106037 0.105772 0.105685 0.105658 0.10565 0.105648 0.105648 0.105647 0.105647 0.105647 0.105647 0.105648 0.105649 0.105654 0.105678 0.105758 0.105979 0.106459 0.107291 0.108435 
0.102664 0.103808 0.104636 0.105147 0.105421 0.105553 0.105611 0.105634 0.105643 0.105646 0.105647 0.105647 0.105647 0.105647 0.105647 0.105647 0.105647 0.105647 0.105648 0.105651 0.105684 0.105905 0.107059 0.111699 0.126268 0.162263 0.232841 0.343975 0.486949 0.64066 0.782259 0.896647 0.979232 1.03339 1.06615 1.08471 1.09474 1.09998 1.10269 1.10408 1.10481 1.10519 1.10539 1.1055 1.10556 1.10559 1.10561 1.10562 1.10562 1.10563 1.10563 1.10563 1.10563 1.10563 1.10563 1.10562 1.10561 1.10559 1.10556 1.10549 1.10535 1.10506 1.10444 1.10304 1.09977 1.09217 1.07551 1.04222 0.983068 0.890659 0.764712 0.616048 0.465141 0.333921 0.235997 0.172787 0.137051 0.119098 0.11097 0.107609 0.106326 0.105869 0.105716 0.105668 0.105653 0.105649 0.105648 0.105647 0.105647 0.105647 0.105647 0.105648 0.105649 0.105654 0.105678 0.105758 0.105979 0.106459 0.107291 0.108435 
0.102664 0.103808 0.104636 0.105147 0.105421 0.105553 0.105611 0.105634 0.105643 0.105646 0.105647 0.105647 0.105647 0.105647 0.105647 0.105647 0.105647 0.105647 0.105648 0.105659 0.105742 0.106242 0.108555 0.116887 0.140429 0.192912 0.285953 0.418727 0.574096 0.72679 0.856121 0.952826 1.01794 1.05805 1.08097 1.09328 1.09958 1.10269 1.1042 1.10493 1.10528 1.10546 1.10555 1.10559 1.10561 1.10563 1.10563 1.10564 1.10564 1.10564 1.10564 1.10564 1.10564 1.10564 1.10564 1.10564 1.10564 1.10563 1.10562 1.1056 1.10555 1.10545 1.10521 1.10462 1.10307 1.09907 1.08938 1.06803 1.02618 0.953995 0.845505 0.704785 0.548618 0.401099 0.282471 0.200735 0.151874 0.126138 0.114005 0.108812 0.106769 0.106022 0.105766 0.105683 0.105658 0.10565 0.105648 0.105648 0.105647 0.105647 0.105647 0.105648 0.105649 0.105654 0.105678 0.105758 0.105979 0.106459 0.107291 0.108435 
0.102664 0.103808 0.104636 0.105147 0.105421 0.105553 0.105611 0.105634 0.105643 0.105646 0.105647 0.105647 0.105647 0.105647 0.105647 0.105647 0.105647 0.105648 0.105651 0.105677 0.105864 0.106867 0.11105 0.124703 0.159757 0.230872 0.345743 0.495425 0.655991 0.801425 0.915594 0.99515 1.04535 1.0745 1.09027 1.09832 1.10224 1.10408 1.10493 1.10531 1.10549 1.10557 1.10561 1.10563 1.10564 1.10564 1.10564 1.10564 1.10565 1.10565 1.10565 1.10565 1.10565 1.10565 1.10565 1.10565 1.10564 1.10564 1.10564 1.10563 1.10562 1.10558 1.1055 1.10526 1.10455 1.10254 1.09715 1.08403 1.05564 1.00158 0.912125 0.784801 0.630442 0.472109 0.334971 0.234172 0.170502 0.135364 0.118129 0.110498 0.107407 0.106247 0.105841 0.105707 0.105665 0.105652 0.105649 0.105648 0.105647 0.105647 0.105647 0.105648 0.105649 0.105654 0.105678 0.105758 0.105979 0.106459 0.107291 0.108435 
0.102664 0.103808 0.104636 0.105147 0.105421 0.105553 0.105611 0.105634 0.105643 0.105646 0.105647 0.105647 0.105647 0.105647 0.105647 0.105647 0.105647 0.105648 0.105655 0.105714 0.106085 0.107893 0.114784 0.135393 0.183945 0.274388 0.408616 0.569617 0.729185 0.863403 0.961763 1.02605 1.06426 1.08525 1.09603 1.10128 1.10372 1.10481 1.10528 1.10549 1.10558 1.10561 1.10563 1.10564 1.10564 1.10565 1.10565 1.10565 1.10565 1.10565 1.10565 1.10565 1.10565 1.10565 1.10565 1.10565 1.10565 1.10565 1.10565 1.10564 1.10564 1.10563 1.1056 1.1055 1.1052 1.10422 1.10132 1.09352 1.07488 1.03573 0.964468 0.853324 0.706386 0.543079 0.391049 0.272019 0.192661 0.146814 0.123438 0.112738 0.108278 0.106563 0.105948 0.105741 0.105675 0.105655 0.10565 0.105648 0.105648 0.105647 0.105647 0.105648 0.105649 0.105654 0.105678 0.105758 0.105979 0.106459 0.107291 0.108435 
0.102664 0.103808 0.104636 0.105147 0.105421 0.105553 0.105611 0.105634 0.105643 0.105646 0.105647 0.105647 0.105647 0.105647 0.105647 0.105647 0.105647 0.105649 0.105665 0.10578 0.106446 0.109433 0.11993 0.148944 0.21218 0.321205 0.471071 0.637896 0.791903 0.913112 0.996601 1.04809 1.07707 1.09218 1.09958 1.10301 1.10453 1.10519 1.10546 1.10557 1.10561 1.10563 1.10564 1.10564 1.10565 1.10565 1.10565 1.10565 1.10565 1.10565 1.10565 1.10565 1.10565 1.10565 1.10565 1.10565 1.10565 1.10565 1.10565 1.10565 1.10564 1.10564 1.10563 1.1056 1.10546 1.105 1.10348 1.09895 1.08697 1.05923 1.00377 0.909256 0.77353 0.610714 0.448235 0.312933 0.217821 0.160362 0.129941 0.115566 0.109406 0.106981 0.106093 0.105789 0.10569 0.10566 0.105651 0.105648 0.105648 0.105647 0.105647 0.105648 0.105649 0.105654 0.105678 0.105758 0.105979 0.106459 0.107291 0.108435 
0.102664 0.103808 0.104636 0.105147 0.105421 0.105553 0.105611 0.105634 0.105643 0.105646 0.105647 0.105647 0.105647 0.105647 0.105647 0.105647 0.105648 0.105651 0.105682 0.105891 0.107 0.111596 0.126584 0.165132 0.243398 0.369186 0.53052 0.69847 0.844017 0.951997 1.02238 1.06358 1.08564 1.09661 1.10174 1.10402 1.10499 1.10539 1.10555 1.10561 1.10563 1.10564 1.10564 1.10565 1.10565 1.10565 1.10565 1.10565 1.10565 1.10565 1.10565 1.10565 1.10565 1.10565 1.10565 1.10565 1.10565 1.10565 1.10565 1.10565 1.10565 1.10565 1.10564 1.10563 1.10557 1.10536 1.10457 1.10196 1.09432 1.07484 1.03227 0.953422 0.831018 0.673059 0.504432 0.355334 0.245061 0.175572 0.13747 0.118927 0.110779 0.1075 0.106277 0.10585 0.10571 0.105666 0.105653 0.105649 0.105648 0.105647 0.105647 0.105648 0.105649 0.105654 0.105678 0.105758 0.105979 0.106459 0.107291 0.108435 
0.102664 0.103808 0.104636 0.105147 0.105421 0.105553 0.105611 0.105634 0.105643 0.105646 0.105647 0.105647 0.105647 0.105647 0.105647 0.105647 0.105648 0.105655 0.10571 0.106058 0.10776 0.114337 0.134421 0.182928 0.275538 0.41555 0.584533 0.750331 0.886191 0.981844 1.0412 1.07437 1.09136 1.09945 1.10307 1.10462 1.10525 1.1055 1.10559 1.10563 1.10564 1.10564 1.10565 1.10565 1.10565 1.10565 1.10565 1.10565 1.10565 1.10565 1.10565 1.10565 1.10565 1.10565 1.10565 1.10565 1.10565 1.10565 1.10565 1.10565 1.10565 1.10565 1.10565 1.10564 1.10562 1.10552 1.10511 1.1036 1.09871 1.08508 1.05268 0.987735 0.879022 0.72842 0.556926 0.39662 0.272516 0.191363 0.145492 0.122593 0.112309 0.10809 0.10649 0.105922 0.105733 0.105673 0.105655 0.105649 0.105648 0.105648 0.105647 0.105648 0.105649 0.105654 0.105678 0.105758 0.105979 0.106459 0.107291 0.108435 
0.102664 0.103808 0.104636 0.105147 0.105421 0.105553 0.105611 0.105634 0.105643 0.105646 0.105647 0.105647 0.105647 0.105647 0.105647 0.105647 0.105649 0.10566 0.105748 0.106259 0.108618 0.117245 0.142293 0.199936 0.30487 0.456065 0.629807 0.792075 0.918812 1.00404 1.05467 1.0818 1.09515 1.10126 1.10389 1.10497 1.10539 1.10556 1.10561 1.10564 1.10564 1.10565 1.10565 1.10565 1.10565 1.10565 1.10565 1.10565 1.10565 1.10565 1.10565 1.10565 1.10565 1.10565 1.10565 1.10565 1.10565 1.10565 1.10565 1.10565 1.10565 1.10565 1.10565 1.10565 1.10564 1.10559 1.10537 1.10449 1.10135 1.09178 1.06706 1.01348 0.916952 0.774046 0.601737 0.432951 0.297348 0.206009 0.153111 0.126153 0.113826 0.108687 0.106709 0.105998 0.105758 0.105681 0.105657 0.10565 0.105648 0.105648 0.105647 0.105648 0.105649 0.105654 0.105678 0.105758 0.105979 0.106459 0.107291 0.108435 
