4.27702 4.27721 4.27744 4.27772 4.27803 4.27839 4.27879 4.27924 4.27973 4.28026 4.28085 4.28149 4.28219 4.28294 4.28375 4.28463 4.28557 4.28657 4.28764 4.28879 4.29 4.29128 4.29262 4.29404 4.29551 4.29705 4.29863 4.30027 4.30195 4.30367 4.30541 4.30717 4.30894 4.3107 4.31245 4.31418 4.31587 4.31751 4.31909 4.3206 4.32203 4.32336 4.32458 4.32569 4.32667 4.32752 4.32823 4.3288 4.32921 4.32948 4.32958 4.32953 4.32932 4.32896 4.32845 4.32779 4.327 4.32607 4.32501 4.32384 4.32257 4.3212 4.31975 4.31822 4.31664 4.315 4.31333 4.31164 4.30993 4.30823 4.30653 4.30486 4.30321 4.3016 4.30004 4.29854 4.29709 4.29571 4.29441 4.29317 4.29201 4.29094 4.28994 4.28902 4.28819 4.28743 4.28675 4.28615 4.28562 4.28517 4.28478 4.28446 4.2842 4.28401 4.28387 4.28378 4.28375 4.28376 4.28382 4.28393 
4.27721 4.2774 4.27764 4.27791 4.27823 4.27859 4.27899 4.27943 4.27993 4.28047 4.28106 4.2817 4.2824 4.28316 4.28398 4.28486 4.28581 4.28682 4.2879 4.28906 4.29028 4.29157 4.29293 4.29436 4.29585 4.2974 4.299 4.30066 4.30236 4.30409 4.30585 4.30763 4.30942 4.3112 4.31298 4.31472 4.31643 4.31809 4.31969 4.32122 4.32266 4.324 4.32524 4.32636 4.32736 4.32822 4.32893 4.32951 4.32993 4.33019 4.3303 4.33024 4.33003 4.32967 4.32915 4.32849 4.32768 4.32674 4.32567 4.32449 4.3232 4.32181 4.32034 4.3188 4.3172 4.31554 4.31386 4.31214 4.31042 4.30869 4.30698 4.30528 4.30362 4.30199 4.30042 4.29889 4.29743 4.29604 4.29472 4.29347 4.2923 4.29121 4.2902 4.28928 4.28843 4.28767 4.28698 4.28638 4.28584 4.28538 4.28499 4.28467 4.28441 4.28421 4.28407 4.28398 4.28394 4.28395 4.28401 4.28412 
4.27744 4.27764 4.27787 4.27815 4.27847 4.27883 4.27924 4.2797 4.2802 4.28075 4.28136 4.28202 4.28273 4.28351 4.28435 4.28526 4.28623 4.28728 4.28839 4.28958 4.29084 4.29217 4.29357 4.29504 4.29657 4.29817 4.29982 4.30153 4.30328 4.30507 4.30688 4.30872 4.31056 4.3124 4.31422 4.31602 4.31778 4.31949 4.32113 4.3227 4.32419 4.32557 4.32685 4.328 4.32902 4.32991 4.33065 4.33123 4.33166 4.33193 4.33204 4.33199 4.33177 4.33139 4.33086 4.33017 4.32934 4.32837 4.32727 4.32605 4.32472 4.3233 4.32178 4.32019 4.31854 4.31683 4.31509 4.31333 4.31155 4.30977 4.308 4.30626 4.30454 4.30287 4.30124 4.29967 4.29816 4.29672 4.29536 4.29407 4.29286 4.29174 4.2907 4.28974 4.28887 4.28808 4.28737 4.28674 4.28618 4.28571 4.2853 4.28496 4.28469 4.28448 4.28432 4.28423 4.28419 4.28419 4.28425 4.28435 
4.27772 4.27791 4.27815 4.27843 4.27876 4.27913 4.27956 4.28003 4.28055 4.28112 4.28175 4.28244 4.28319 4.284 4.28488 4.28583 4.28685 4.28794 4.28911 4.29035 4.29167 4.29307 4.29454 4.29608 4.29769 4.29937 4.3011 4.30289 4.30473 4.3066 4.3085 4.31042 4.31235 4.31428 4.31619 4.31808 4.31992 4.32171 4.32343 4.32507 4.32662 4.32807 4.3294 4.33061 4.33168 4.3326 4.33337 4.33398 4.33443 4.33471 4.33482 4.33476 4.33453 4.33414 4.33358 4.33286 4.33199 4.33097 4.32982 4.32854 4.32715 4.32565 4.32406 4.3224 4.32066 4.31888 4.31705 4.3152 4.31334 4.31147 4.30962 4.30778 4.30598 4.30422 4.30252 4.30087 4.29928 4.29777 4.29633 4.29498 4.29371 4.29252 4.29142 4.29041 4.28949 4.28865 4.2879 4.28724 4.28665 4.28614 4.2857 4.28534 4.28504 4.28481 4.28465 4.28454 4.28448 4.28448 4.28453 4.28463 
4.27803 4.27823 4.27847 4.27876 4.2791 4.27949 4.27993 4.28042 4.28097 4.28157 4.28224 4.28297 4.28376 4.28462 4.28556 4.28656 4.28765 4.28881 4.29006 4.29138 4.29279 4.29428 4.29585 4.29749 4.29921 4.30099 4.30284 4.30475 4.3067 4.3087 4.31072 4.31277 4.31482 4.31687 4.3189 4.3209 4.32286 4.32476 4.32659 4.32833 4.32998 4.33151 4.33292 4.3342 4.33533 4.33631 4.33712 4.33777 4.33824 4.33854 4.33865 4.33859 4.33834 4.33792 4.33732 4.33655 4.33562 4.33454 4.33332 4.33196 4.33048 4.32889 4.3272 4.32543 4.32358 4.32168 4.31974 4.31777 4.31579 4.3138 4.31182 4.30987 4.30795 4.30607 4.30425 4.30249 4.3008 4.29918 4.29765 4.2962 4.29484 4.29357 4.29239 4.2913 4.29031 4.28941 4.2886 4.28787 4.28724 4.28668 4.28621 4.28581 4.28548 4.28522 4.28503 4.2849 4.28483 4.28482 4.28486 4.28495 
4.27839 4.27859 4.27883 4.27913 4.27949 4.2799 4.28036 4.28089 4.28147 4.28211 4.28283 4.28361 4.28446 4.28538 4.28639 4.28748 4.28865 4.2899 4.29125 4.29268 4.2942 4.29581 4.2975 4.29927 4.30113 4.30306 4.30505 4.30711 4.30922 4.31137 4.31355 4.31575 4.31796 4.32017 4.32235 4.32451 4.32661 4.32865 4.33062 4.33249 4.33425 4.3359 4.33741 4.33878 4.33999 4.34104 4.34191 4.3426 4.3431 4.34342 4.34354 4.34346 4.34319 4.34274 4.34209 4.34127 4.34027 4.3391 4.33779 4.33632 4.33473 4.33302 4.3312 4.32929 4.32731 4.32526 4.32317 4.32105 4.31891 4.31677 4.31463 4.31252 4.31045 4.30842 4.30645 4.30455 4.30272 4.30097 4.2993 4.29773 4.29625 4.29487 4.29359 4.29241 4.29132 4.29034 4.28945 4.28865 4.28795 4.28734 4.28681 4.28636 4.28599 4.2857 4.28548 4.28532 4.28523 4.2852 4.28523 4.28531 
4.27879 4.27899 4.27924 4.27956 4.27993 4.28036 4.28086 4.28142 4.28204 4.28274 4.28351 4.28436 4.28528 4.28629 4.28738 4.28857 4.28984 4.29121 4.29268 4.29424 4.2959 4.29766 4.2995 4.30144 4.30346 4.30557 4.30774 4.30998 4.31228 4.31462 4.317 4.31939 4.3218 4.32419 4.32657 4.3289 4.33119 4.3334 4.33553 4.33756 4.33947 4.34125 4.34288 4.34436 4.34567 4.3468 4.34774 4.34849 4.34903 4.34936 4.34949 4.34941 4.34911 4.34861 4.34791 4.34701 4.34593 4.34466 4.34323 4.34164 4.33991 4.33805 4.33607 4.334 4.33185 4.32962 4.32735 4.32504 4.32271 4.32038 4.31805 4.31576 4.3135 4.31128 4.30913 4.30705 4.30505 4.30313 4.30131 4.29959 4.29797 4.29645 4.29504 4.29373 4.29254 4.29145 4.29046 4.28958 4.2888 4.28811 4.28752 4.28701 4.28659 4.28625 4.28599 4.2858 4.28568 4.28563 4.28564 4.28572 
4.27924 4.27943 4.2797 4.28003 4.28042 4.28089 4.28142 4.28202 4.2827 4.28346 4.2843 4.28522 4.28624 4.28734 4.28854 4.28984 4.29125 4.29275 4.29437 4.29609 4.29791 4.29984 4.30187 4.304 4.30623 4.30854 4.31093 4.31339 4.31591 4.31847 4.32108 4.3237 4.32633 4.32895 4.33155 4.3341 4.3366 4.33901 4.34134 4.34355 4.34563 4.34757 4.34935 4.35096 4.35239 4.35362 4.35464 4.35544 4.35603 4.35639 4.35652 4.35643 4.3561 4.35555 4.35478 4.3538 4.35261 4.35123 4.34966 4.34792 4.34603 4.344 4.34184 4.33957 4.33721 4.33478 4.33229 4.32976 4.3272 4.32465 4.3221 4.31958 4.31709 4.31466 4.3123 4.31001 4.3078 4.30569 4.30368 4.30177 4.29998 4.2983 4.29674 4.29529 4.29396 4.29274 4.29164 4.29065 4.28977 4.289 4.28833 4.28775 4.28727 4.28687 4.28656 4.28634 4.28618 4.28611 4.2861 4.28617 
4.27973 4.27993 4.2802 4.28055 4.28097 4.28147 4.28204 4.2827 4.28344 4.28427 4.28519 4.28621 4.28733 4.28855 4.28987 4.29131 4.29286 4.29453 4.29631 4.29821 4.30023 4.30237 4.30461 4.30697 4.30942 4.31197 4.31461 4.31732 4.3201 4.32293 4.3258 4.32869 4.33158 4.33446 4.33732 4.34012 4.34286 4.34551 4.34806 4.35048 4.35276 4.35488 4.35683 4.35859 4.36015 4.36149 4.3626 4.36348 4.36412 4.36451 4.36465 4.36454 4.36418 4.36357 4.36272 4.36164 4.36033 4.35882 4.3571 4.35519 4.35311 4.35087 4.3485 4.34601 4.34341 4.34074 4.338 4.33521 4.3324 4.32959 4.32678 4.32399 4.32125 4.31857 4.31596 4.31342 4.31098 4.30864 4.30641 4.3043 4.30231 4.30044 4.29869 4.29708 4.29559 4.29423 4.293 4.29188 4.29089 4.29001 4.28925 4.28859 4.28803 4.28757 4.28721 4.28693 4.28675 4.28664 4.28661 4.28666 
4.28026 4.28047 4.28075 4.28112 4.28157 4.28211 4.28274 4.28346 4.28427 4.28519 4.2862 4.28732 4.28856 4.28991 4.29138 4.29297 4.29469 4.29654 4.29852 4.30063 4.30287 4.30524 4.30773 4.31034 4.31307 4.31589 4.31881 4.32181 4.32489 4.32801 4.33118 4.33437 4.33756 4.34074 4.34388 4.34697 4.34998 4.3529 4.3557 4.35836 4.36086 4.36319 4.36533 4.36726 4.36896 4.37043 4.37165 4.37261 4.3733 4.37372 4.37387 4.37375 4.37335 4.37267 4.37174 4.37055 4.36911 4.36744 4.36554 4.36344 4.36115 4.35869 4.35608 4.35333 4.35047 4.34752 4.3445 4.34142 4.33832 4.33521 4.3321 4.32903 4.32599 4.32302 4.32012 4.31731 4.3146 4.31201 4.30953 4.30717 4.30495 4.30286 4.30092 4.29911 4.29744 4.29592 4.29453 4.29327 4.29215 4.29115 4.29028 4.28953 4.28889 4.28835 4.28793 4.2876 4.28737 4.28723 4.28717 4.28721 
4.28085 4.28106 4.28136 4.28175 4.28224 4.28283 4.28351 4.2843 4.28519 4.2862 4.28732 4.28857 4.28994 4.29144 4.29307 4.29484 4.29675 4.29881 4.30101 4.30336 4.30585 4.30848 4.31125 4.31415 4.31717 4.3203 4.32354 4.32686 4.33027 4.33373 4.33723 4.34075 4.34428 4.34779 4.35125 4.35466 4.35798 4.36119 4.36427 4.3672 4.36995 4.37251 4.37486 4.37698 4.37884 4.38045 4.38179 4.38283 4.38359 4.38405 4.38421 4.38406 4.38362 4.38288 4.38184 4.38053 4.37894 4.3771 4.37501 4.37269 4.37017 4.36745 4.36457 4.36154 4.35839 4.35513 4.35179 4.3484 4.34497 4.34152 4.33809 4.33468 4.33132 4.32802 4.32481 4.32169 4.31868 4.31578 4.31302 4.3104 4.30792 4.30559 4.30341 4.30139 4.29952 4.2978 4.29624 4.29482 4.29355 4.29242 4.29143 4.29057 4.28983 4.28922 4.28872 4.28833 4.28805 4.28787 4.28779 4.28781 
4.28149 4.2817 4.28202 4.28244 4.28297 4.28361 4.28436 4.28522 4.28621 4.28732 4.28857 4.28995 4.29147 4.29313 4.29495 4.29692 4.29905 4.30134 4.30379 4.3064 4.30917 4.31209 4.31517 4.31838 4.32174 4.32521 4.3288 4.33249 4.33626 4.34008 4.34396 4.34785 4.35175 4.35562 4.35944 4.3632 4.36686 4.37039 4.37378 4.377 4.38003 4.38285 4.38542 4.38775 4.3898 4.39156 4.39302 4.39416 4.39499 4.39549 4.39566 4.39549 4.395 4.39418 4.39304 4.39159 4.38984 4.3878 4.3855 4.38295 4.38017 4.37718 4.374 4.37066 4.36717 4.36358 4.35989 4.35614 4.35235 4.34854 4.34474 4.34096 4.33724 4.33358 4.33002 4.32655 4.32321 4.31999 4.31692 4.31399 4.31123 4.30862 4.30619 4.30392 4.30183 4.2999 4.29814 4.29654 4.29511 4.29383 4.2927 4.29172 4.29087 4.29017 4.28959 4.28913 4.28879 4.28857 4.28846 4.28846 
4.28219 4.2824 4.28273 4.28319 4.28376 4.28446 4.28528 4.28624 4.28733 4.28856 4.28994 4.29147 4.29316 4.29501 4.29703 4.29922 4.30159 4.30413 4.30686 4.30976 4.31283 4.31608 4.3195 4.32307 4.32679 4.33064 4.33462 4.3387 4.34286 4.3471 4.35138 4.35568 4.35998 4.36425 4.36846 4.3726 4.37662 4.38051 4.38424 4.38778 4.39111 4.39419 4.39702 4.39957 4.40182 4.40375 4.40534 4.4066 4.4075 4.40804 4.40822 4.40803 4.40748 4.40658 4.40532 4.40372 4.4018 4.39956 4.39702 4.39422 4.39115 4.38786 4.38436 4.38067 4.37684 4.37287 4.3688 4.36466 4.36047 4.35627 4.35206 4.34789 4.34377 4.33972 4.33576 4.33192 4.3282 4.32463 4.32121 4.31796 4.31488 4.31197 4.30925 4.30672 4.30437 4.30221 4.30024 4.29844 4.29682 4.29538 4.2941 4.29298 4.29202 4.2912 4.29053 4.29 4.2896 4.28933 4.28919 4.28916 
4.28294 4.28316 4.28351 4.284 4.28462 4.28538 4.28629 4.28734 4.28855 4.28991 4.29144 4.29313 4.29501 4.29706 4.29931 4.30174 4.30437 4.3072 4.31022 4.31344 4.31686 4.32046 4.32425 4.3282 4.33232 4.33659 4.34098 4.34549 4.3501 4.35477 4.35949 4.36423 4.36897 4.37367 4.37831 4.38285 4.38728 4.39155 4.39564 4.39953 4.40317 4.40656 4.40966 4.41244 4.4149 4.41701 4.41876 4.42013 4.42111 4.4217 4.42189 4.42168 4.42107 4.42007 4.41869 4.41693 4.41482 4.41236 4.40957 4.40649 4.40312 4.3995 4.39565 4.3916 4.38737 4.38301 4.37853 4.37397 4.36935 4.36471 4.36007 4.35546 4.3509 4.34643 4.34205 4.33779 4.33368 4.32971 4.32592 4.3223 4.31887 4.31564 4.31261 4.30978 4.30716 4.30474 4.30253 4.30051 4.29869 4.29707 4.29562 4.29435 4.29326 4.29233 4.29156 4.29095 4.29048 4.29016 4.28997 4.28993 
4.28375 4.28398 4.28435 4.28488 4.28556 4.28639 4.28738 4.28854 4.28987 4.29138 4.29307 4.29495 4.29703 4.29931 4.3018 4.3045 4.30741 4.31055 4.3139 4.31747 4.32125 4.32523 4.32942 4.3338 4.33835 4.34306 4.34791 4.35288 4.35796 4.3631 4.3683 4.37351 4.37872 4.38389 4.38898 4.39397 4.39882 4.4035 4.40799 4.41224 4.41623 4.41993 4.42332 4.42636 4.42905 4.43135 4.43325 4.43474 4.43581 4.43645 4.43665 4.43641 4.43575 4.43465 4.43313 4.4312 4.42888 4.42619 4.42314 4.41975 4.41606 4.41209 4.40787 4.40342 4.39878 4.39399 4.38907 4.38405 4.37897 4.37387 4.36876 4.36368 4.35865 4.35371 4.34888 4.34418 4.33963 4.33524 4.33104 4.32703 4.32322 4.31964 4.31627 4.31312 4.3102 4.3075 4.30503 4.30277 4.30073 4.2989 4.29728 4.29585 4.29461 4.29356 4.29268 4.29197 4.29143 4.29105 4.29083 4.29075 
4.28463 4.28486 4.28526 4.28583 4.28656 4.28748 4.28857 4.28984 4.29131 4.29297 4.29484 4.29692 4.29922 4.30174 4.3045 4.30748 4.31071 4.31418 4.31788 4.32183 4.326 4.33041 4.33503 4.33985 4.34487 4.35006 4.3554 4.36087 4.36645 4.3721 4.3778 4.38353 4.38923 4.39489 4.40047 4.40593 4.41124 4.41636 4.42126 4.4259 4.43025 4.43429 4.43798 4.4413 4.44422 4.44673 4.4488 4.45042 4.45158 4.45227 4.45248 4.45222 4.45149 4.45029 4.44862 4.44652 4.44398 4.44104 4.4377 4.434 4.42997 4.42562 4.421 4.41613 4.41106 4.40581 4.40041 4.39491 4.38934 4.38374 4.37812 4.37254 4.36702 4.36158 4.35626 4.35108 4.34606 4.34122 4.33657 4.33214 4.32793 4.32396 4.32022 4.31673 4.31349 4.31049 4.30773 4.30522 4.30294 4.30089 4.29907 4.29747 4.29607 4.29488 4.29389 4.29308 4.29246 4.29201 4.29174 4.29164 
4.28557 4.28581 4.28623 4.28685 4.28765 4.28865 4.28984 4.29125 4.29286 4.29469 4.29675 4.29905 4.30159 4.30437 4.30741 4.31071 4.31427 4.3181 4.32218 4.32653 4.33113 4.33598 4.34106 4.34637 4.35188 4.35758 4.36344 4.36945 4.37556 4.38175 4.388 4.39426 4.4005 4.40668 4.41277 4.41873 4.42452 4.4301 4.43543 4.44049 4.44523 4.44962 4.45363 4.45724 4.46042 4.46314 4.46538 4.46714 4.46839 4.46914 4.46936 4.46907 4.46827 4.46696 4.46515 4.46285 4.46009 4.45688 4.45324 4.44921 4.44481 4.44007 4.43503 4.42972 4.42418 4.41845 4.41255 4.40654 4.40045 4.39431 4.38816 4.38205 4.37599 4.37003 4.36418 4.35849 4.35297 4.34764 4.34253 4.33764 4.333 4.32861 4.32448 4.32062 4.31703 4.3137 4.31064 4.30785 4.30531 4.30303 4.301 4.2992 4.29764 4.2963 4.29518 4.29427 4.29356 4.29305 4.29273 4.2926 
4.28657 4.28682 4.28728 4.28794 4.28881 4.2899 4.29121 4.29275 4.29453 4.29654 4.29881 4.30134 4.30413 4.3072 4.31055 4.31418 4.3181 4.3223 4.3268 4.33157 4.33663 4.34195 4.34753 4.35335 4.35939 4.36563 4.37204 4.37861 4.38529 4.39205 4.39887 4.4057 4.4125 4.41923 4.42586 4.43234 4.43864 4.4447 4.4505 4.45598 4.46113 4.46589 4.47024 4.47415 4.47758 4.48053 4.48296 4.48485 4.48621 4.48701 4.48725 4.48693 4.48605 4.48463 4.48266 4.48017 4.47716 4.47368 4.46973 4.46535 4.46057 4.45542 4.44994 4.44416 4.43813 4.43189 4.42547 4.41891 4.41227 4.40557 4.39886 4.39218 4.38556 4.37904 4.37264 4.3664 4.36035 4.35451 4.3489 4.34353 4.33843 4.3336 4.32905 4.32479 4.32082 4.31715 4.31377 4.31067 4.30786 4.30533 4.30307 4.30107 4.29933 4.29783 4.29657 4.29554 4.29474 4.29415 4.29378 4.29362 
4.28764 4.2879 4.28839 4.28911 4.29006 4.29125 4.29268 4.29437 4.29631 4.29852 4.30101 4.30379 4.30686 4.31022 4.3139 4.31788 4.32218 4.3268 4.33172 4.33696 4.34249 4.34832 4.35442 4.36078 4.36738 4.37419 4.38119 4.38834 4.39562 4.40298 4.4104 4.41782 4.42521 4.43252 4.43972 4.44675 4.45357 4.46013 4.46641 4.47234 4.47791 4.48305 4.48775 4.49197 4.49568 4.49886 4.50148 4.50353 4.50498 4.50584 4.5061 4.50575 4.5048 4.50325 4.50112 4.49842 4.49517 4.49139 4.48712 4.48238 4.4772 4.47162 4.46568 4.45942 4.45288 4.4461 4.43913 4.43201 4.42479 4.41751 4.41021 4.40293 4.39572 4.3886 4.38163 4.37482 4.3682 4.36182 4.35567 4.3498 4.3442 4.3389 4.33391 4.32923 4.32487 4.32083 4.3171 4.31369 4.31058 4.30778 4.30528 4.30306 4.30112 4.29946 4.29805 4.2969 4.296 4.29533 4.2949 4.29471 
4.28879 4.28906 4.28958 4.29035 4.29138 4.29268 4.29424 4.29609 4.29821 4.30063 4.30336 4.3064 4.30976 4.31344 4.31747 4.32183 4.32653 4.33157 4.33696 4.34267 4.34872 4.35507 4.36172 4.36865 4.37583 4.38324 4.39085 4.39863 4.40653 4.41452 4.42256 4.4306 4.43861 4.44652 4.4543 4.4619 4.46926 4.47636 4.48313 4.48953 4.49552 4.50107 4.50613 4.51067 4.51467 4.51808 4.5209 4.5231 4.52466 4.52558 4.52585 4.52547 4.52444 4.52277 4.52047 4.51756 4.51405 4.50998 4.50537 4.50025 4.49466 4.48864 4.48222 4.47546 4.46839 4.46105 4.45351 4.44581 4.43798 4.43009 4.42217 4.41427 4.40644 4.39871 4.39112 4.38371 4.37651 4.36955 4.36285 4.35644 4.35033 4.34453 4.33907 4.33395 4.32917 4.32473 4.32064 4.31689 4.31347 4.31039 4.30762 4.30518 4.30303 4.30119 4.29963 4.29834 4.29733 4.29659 4.2961 4.29586 
4.29 4.29028 4.29084 4.29167 4.29279 4.2942 4.2959 4.29791 4.30023 4.30287 4.30585 4.30917 4.31283 4.31686 4.32125 4.326 4.33113 4.33663 4.34249 4.34872 4.35529 4.3622 4.36943 4.37695 4.38474 4.39278 4.40103 4.40944 4.418 4.42664 4.43533 4.44401 4.45265 4.46119 4.46957 4.47776 4.48569 4.49332 4.5006 4.50748 4.51392 4.51988 4.52531 4.53019 4.53447 4.53813 4.54115 4.5435 4.54518 4.54616 4.54644 4.54603 4.54492 4.54312 4.54065 4.53752 4.53375 4.52938 4.52442 4.51892 4.5129 4.50642 4.49952 4.49223 4.48461 4.47671 4.46857 4.46026 4.45181 4.44328 4.43472 4.42618 4.4177 4.40933 4.4011 4.39307 4.38525 4.37769 4.37041 4.36343 4.35678 4.35048 4.34452 4.33893 4.33371 4.32886 4.32438 4.32027 4.31653 4.31315 4.31011 4.30742 4.30506 4.30302 4.30129 4.29987 4.29875 4.29792 4.29736 4.29709 
4.29128 4.29157 4.29217 4.29307 4.29428 4.29581 4.29766 4.29984 4.30237 4.30524 4.30848 4.31209 4.31608 4.32046 4.32523 4.33041 4.33598 4.34195 4.34832 4.35507 4.3622 4.36969 4.37751 4.38566 4.39409 4.40277 4.41168 4.42076 4.42999 4.4393 4.44866 4.45801 4.4673 4.47648 4.48549 4.49427 4.50279 4.51097 4.51877 4.52615 4.53304 4.53942 4.54523 4.55044 4.55502 4.55893 4.56216 4.56467 4.56645 4.5675 4.5678 4.56735 4.56616 4.56424 4.56159 4.55824 4.5542 4.54951 4.5442 4.53831 4.53186 4.52491 4.5175 4.50968 4.5015 4.49301 4.48427 4.47532 4.46623 4.45705 4.44783 4.43862 4.42947 4.42044 4.41155 4.40287 4.39441 4.38623 4.37834 4.37078 4.36356 4.35672 4.35025 4.34417 4.33848 4.3332 4.32832 4.32384 4.31975 4.31605 4.31273 4.30978 4.30719 4.30495 4.30305 4.30149 4.30025 4.29932 4.2987 4.29839 
4.29262 4.29293 4.29357 4.29454 4.29585 4.2975 4.2995 4.30187 4.30461 4.30773 4.31125 4.31517 4.3195 4.32425 4.32942 4.33503 4.34106 4.34753 4.35442 4.36172 4.36943 4.37751 4.38596 4.39474 4.40383 4.41319 4.42278 4.43255 4.44246 4.45247 4.46252 4.47255 4.48251 4.49234 4.50199 4.51139 4.52049 4.52924 4.53758 4.54545 4.55281 4.55961 4.56581 4.57137 4.57624 4.58041 4.58384 4.58652 4.58841 4.58952 4.58984 4.58936 4.58809 4.58603 4.5832 4.57963 4.57532 4.57032 4.56465 4.55835 4.55146 4.54403 4.53611 4.52775 4.51899 4.5099 4.50054 4.49095 4.4812 4.47135 4.46145 4.45155 4.44172 4.432 4.42243 4.41307 4.40396 4.39513 4.38662 4.37845 4.37065 4.36324 4.35623 4.34965 4.34348 4.33775 4.33245 4.32758 4.32313 4.3191 4.31548 4.31226 4.30943 4.30698 4.3049 4.30319 4.30182 4.30079 4.30011 4.29976 
4.29404 4.29436 4.29504 4.29608 4.29749 4.29927 4.30144 4.304 4.30697 4.31034 4.31415 4.31838 4.32307 4.3282 4.3338 4.33985 4.34637 4.35335 4.36078 4.36865 4.37695 4.38566 4.39474 4.40419 4.41395 4.424 4.43428 4.44476 4.45538 4.4661 4.47685 4.48757 4.49821 4.50871 4.51901 4.52904 4.53874 4.54806 4.55694 4.56532 4.57315 4.58038 4.58697 4.59287 4.59805 4.60247 4.60611 4.60895 4.61096 4.61214 4.61247 4.61195 4.6106 4.60841 4.60541 4.6016 4.59702 4.5917 4.58567 4.57896 4.57163 4.56372 4.55528 4.54636 4.53702 4.52732 4.51732 4.50708 4.49666 4.48612 4.47553 4.46493 4.45439 4.44397 4.43371 4.42366 4.41387 4.40438 4.39522 4.38642 4.37802 4.37003 4.36247 4.35535 4.3487 4.3425 4.33676 4.33148 4.32666 4.32228 4.31835 4.31485 4.31178 4.30911 4.30684 4.30496 4.30347 4.30234 4.30158 4.30119 
4.29551 4.29585 4.29657 4.29769 4.29921 4.30113 4.30346 4.30623 4.30942 4.31307 4.31717 4.32174 4.32679 4.33232 4.33835 4.34487 4.35188 4.35939 4.36738 4.37583 4.38474 4.39409 4.40383 4.41395 4.42441 4.43516 4.44615 4.45735 4.4687 4.48013 4.49159 4.50302 4.51436 4.52553 4.53648 4.54715 4.55746 4.56735 4.57677 4.58566 4.59396 4.60163 4.60861 4.61486 4.62034 4.62502 4.62887 4.63187 4.634 4.63524 4.63559 4.63504 4.6336 4.63128 4.6281 4.62407 4.61921 4.61357 4.60717 4.60006 4.59228 4.58388 4.57492 4.56544 4.55552 4.5452 4.53456 4.52366 4.51256 4.50132 4.49002 4.47871 4.46746 4.45631 4.44534 4.43459 4.4241 4.41393 4.40411 4.39467 4.38564 4.37706 4.36893 4.36127 4.3541 4.34742 4.34123 4.33553 4.33032 4.3256 4.32134 4.31755 4.31422 4.31132 4.30886 4.30681 4.30518 4.30395 4.30312 4.30268 
4.29705 4.2974 4.29817 4.29937 4.30099 4.30306 4.30557 4.30854 4.31197 4.31589 4.3203 4.32521 4.33064 4.33659 4.34306 4.35006 4.35758 4.36563 4.37419 4.38324 4.39278 4.40277 4.41319 4.424 4.43516 4.44662 4.45834 4.47027 4.48235 4.49451 4.50669 4.51884 4.53087 4.54273 4.55434 4.56564 4.57656 4.58703 4.597 4.60639 4.61517 4.62327 4.63064 4.63723 4.64302 4.64796 4.65202 4.65518 4.65742 4.65873 4.65909 4.65851 4.65699 4.65454 4.65118 4.64692 4.64179 4.63583 4.62907 4.62155 4.61333 4.60444 4.59495 4.58492 4.5744 4.56346 4.55218 4.5406 4.52881 4.51688 4.50486 4.49283 4.48085 4.46898 4.45728 4.44581 4.43462 4.42375 4.41325 4.40316 4.3935 4.3843 4.37559 4.36738 4.35968 4.3525 4.34585 4.33972 4.33412 4.32902 4.32444 4.32035 4.31674 4.31362 4.31095 4.30874 4.30697 4.30563 4.30472 4.30424 
4.29863 4.299 4.29982 4.3011 4.30284 4.30505 4.30774 4.31093 4.31461 4.31881 4.32354 4.3288 4.33462 4.34098 4.34791 4.3554 4.36344 4.37204 4.38119 4.39085 4.40103 4.41168 4.42278 4.43428 4.44615 4.45834 4.4708 4.48347 4.49628 4.50917 4.52208 4.53494 4.54768 4.56022 4.57249 4.58442 4.59595 4.607 4.61751 4.62742 4.63666 4.64519 4.65295 4.65989 4.66598 4.67117 4.67544 4.67877 4.68112 4.68249 4.68287 4.68226 4.68066 4.67808 4.67454 4.67006 4.66466 4.65838 4.65126 4.64334 4.63466 4.62529 4.61528 4.60469 4.59358 4.58202 4.57009 4.55785 4.54537 4.53272 4.51999 4.50723 4.49451 4.48191 4.46948 4.45728 4.44538 4.43381 4.42262 4.41186 4.40155 4.39173 4.38243 4.37365 4.36542 4.35773 4.35061 4.34404 4.33802 4.33256 4.32763 4.32323 4.31935 4.31598 4.31311 4.31072 4.30881 4.30736 4.30638 4.30584 
4.30027 4.30066 4.30153 4.30289 4.30475 4.30711 4.30998 4.31339 4.31732 4.32181 4.32686 4.33249 4.3387 4.34549 4.35288 4.36087 4.36945 4.37861 4.38834 4.39863 4.40944 4.42076 4.43255 4.44476 4.45735 4.47027 4.48347 4.49687 4.51042 4.52405 4.53769 4.55126 4.5647 4.57792 4.59085 4.60342 4.61555 4.62717 4.63822 4.64863 4.65834 4.66729 4.67544 4.68272 4.68911 4.69455 4.69903 4.70251 4.70498 4.70641 4.70681 4.70617 4.70449 4.70178 4.69807 4.69336 4.6877 4.6811 4.67363 4.6653 4.65619 4.64634 4.63581 4.62466 4.61297 4.60079 4.58821 4.5753 4.56213 4.54878 4.53533 4.52184 4.50839 4.49505 4.48188 4.46896 4.45633 4.44405 4.43217 4.42073 4.40977 4.39932 4.38941 4.38006 4.37128 4.36308 4.35548 4.34846 4.34203 4.33618 4.3309 4.32619 4.32203 4.31842 4.31533 4.31277 4.31071 4.30915 4.30808 4.3075 
4.30195 4.30236 4.30328 4.30473 4.3067 4.30922 4.31228 4.31591 4.3201 4.32489 4.33027 4.33626 4.34286 4.3501 4.35796 4.36645 4.37556 4.38529 4.39562 4.40653 4.418 4.42999 4.44246 4.45538 4.4687 4.48235 4.49628 4.51042 4.52471 4.53907 4.55344 4.56772 4.58185 4.59574 4.60933 4.62252 4.63525 4.64744 4.65902 4.66993 4.6801 4.68947 4.69799 4.70561 4.71228 4.71798 4.72266 4.7263 4.72887 4.73037 4.73079 4.73011 4.72836 4.72553 4.72164 4.71672 4.71079 4.7039 4.69607 4.68735 4.6778 4.66748 4.65643 4.64474 4.63247 4.61968 4.60646 4.59289 4.57904 4.56498 4.55081 4.53659 4.52241 4.50833 4.49443 4.48077 4.46742 4.45442 4.44185 4.42973 4.41811 4.40703 4.39651 4.38658 4.37725 4.36853 4.36043 4.35296 4.34611 4.33987 4.33424 4.32922 4.32477 4.32091 4.31761 4.31486 4.31265 4.31098 4.30983 4.3092 
4.30367 4.30409 4.30507 4.3066 4.3087 4.31137 4.31462 4.31847 4.32293 4.32801 4.33373 4.34008 4.3471 4.35477 4.3631 4.3721 4.38175 4.39205 4.40298 4.41452 4.42664 4.4393 4.45247 4.4661 4.48013 4.49451 4.50917 4.52405 4.53907 4.55416 4.56924 4.58423 4.59905 4.61361 4.62783 4.64164 4.65496 4.66771 4.67981 4.69121 4.70182 4.7116 4.72049 4.72844 4.7354 4.74134 4.74621 4.75 4.75269 4.75425 4.75468 4.75398 4.75215 4.7492 4.74515 4.74002 4.73383 4.72664 4.71847 4.70937 4.69939 4.6886 4.67706 4.66483 4.65198 4.6386 4.62475 4.61052 4.59599 4.58124 4.56635 4.55142 4.5365 4.52169 4.50706 4.49267 4.47859 4.46489 4.45161 4.43882 4.42654 4.41482 4.40369 4.39318 4.38329 4.37405 4.36546 4.35753 4.35025 4.34362 4.33764 4.33229 4.32756 4.32344 4.31992 4.31699 4.31463 4.31284 4.31161 4.31094 
4.30541 4.30585 4.30688 4.3085 4.31072 4.31355 4.317 4.32108 4.3258 4.33118 4.33723 4.34396 4.35138 4.35949 4.3683 4.3778 4.388 4.39887 4.4104 4.42256 4.43533 4.44866 4.46252 4.47685 4.49159 4.50669 4.52208 4.53769 4.55344 4.56924 4.58503 4.60071 4.6162 4.63141 4.64627 4.66069 4.67458 4.68787 4.70048 4.71235 4.7234 4.73358 4.74283 4.7511 4.75833 4.7645 4.76957 4.77351 4.7763 4.77792 4.77837 4.77764 4.77574 4.77268 4.76846 4.76313 4.7567 4.74921 4.74071 4.73124 4.72085 4.70961 4.69757 4.68482 4.67141 4.65744 4.64297 4.6281 4.6129 4.59747 4.58189 4.56623 4.5506 4.53506 4.5197 4.50459 4.4898 4.47539 4.46142 4.44794 4.43501 4.42266 4.41092 4.39982 4.38937 4.37961 4.37053 4.36214 4.35443 4.34741 4.34107 4.3354 4.33038 4.32601 4.32227 4.31915 4.31664 4.31474 4.31342 4.3127 
4.30717 4.30763 4.30872 4.31042 4.31277 4.31575 4.31939 4.3237 4.32869 4.33437 4.34075 4.34785 4.35568 4.36423 4.37351 4.38353 4.39426 4.4057 4.41782 4.4306 4.44401 4.45801 4.47255 4.48757 4.50302 4.51884 4.53494 4.55126 4.56772 4.58423 4.60071 4.61707 4.63322 4.64907 4.66454 4.67955 4.694 4.70781 4.72092 4.73325 4.74473 4.75529 4.76489 4.77346 4.78097 4.78736 4.79262 4.7967 4.79959 4.80127 4.80174 4.80098 4.79901 4.79584 4.79147 4.78594 4.77928 4.77151 4.76268 4.75285 4.74206 4.73038 4.71787 4.70461 4.69066 4.67611 4.66104 4.64554 4.62969 4.61359 4.59732 4.58097 4.56462 4.54837 4.5323 4.51647 4.50097 4.48586 4.47121 4.45706 4.44348 4.43049 4.41814 4.40646 4.39547 4.38518 4.37561 4.36676 4.35863 4.35122 4.34452 4.33852 4.33322 4.32859 4.32463 4.32133 4.31867 4.31665 4.31525 4.31447 
4.30894 4.30942 4.31056 4.31235 4.31482 4.31796 4.3218 4.32633 4.33158 4.33756 4.34428 4.35175 4.35998 4.36897 4.37872 4.38923 4.4005 4.4125 4.42521 4.43861 4.45265 4.4673 4.48251 4.49821 4.51436 4.53087 4.54768 4.5647 4.58185 4.59905 4.6162 4.63322 4.65001 4.66648 4.68255 4.69812 4.71312 4.72744 4.74103 4.7538 4.76569 4.77662 4.78655 4.79542 4.80318 4.8098 4.81523 4.81945 4.82244 4.82418 4.82466 4.82388 4.82185 4.81857 4.81405 4.80834 4.80144 4.79341 4.78428 4.7741 4.76292 4.75082 4.73785 4.72409 4.70962 4.69452 4.67886 4.66275 4.64627 4.62951 4.61257 4.59554 4.5785 4.56155 4.54477 4.52825 4.51205 4.49625 4.48092 4.46612 4.45189 4.43828 4.42534 4.41308 4.40154 4.39074 4.38068 4.37137 4.36282 4.35502 4.34797 4.34165 4.33605 4.33118 4.327 4.32351 4.3207 4.31856 4.31708 4.31626 
4.3107 4.3112 4.3124 4.31428 4.31687 4.32017 4.32419 4.32895 4.33446 4.34074 4.34779 4.35562 4.36425 4.37367 4.38389 4.39489 4.40668 4.41923 4.43252 4.44652 4.46119 4.47648 4.49234 4.50871 4.52553 4.54273 4.56022 4.57792 4.59574 4.61361 4.63141 4.64907 4.66648 4.68356 4.7002 4.71632 4.73183 4.74665 4.7607 4.77389 4.78617 4.79746 4.80771 4.81686 4.82487 4.83169 4.83729 4.84165 4.84473 4.84652 4.84702 4.84622 4.84413 4.84074 4.83609 4.8302 4.82309 4.8148 4.80537 4.79486 4.78332 4.77081 4.7574 4.74317 4.72819 4.71255 4.69634 4.67963 4.66254 4.64515 4.62756 4.60986 4.59215 4.57452 4.55706 4.53985 4.52298 4.50651 4.49052 4.47506 4.46021 4.44599 4.43245 4.41964 4.40756 4.39624 4.38571 4.37595 4.36698 4.3588 4.35139 4.34476 4.33888 4.33375 4.32936 4.32569 4.32273 4.32047 4.31891 4.31804 
4.31245 4.31298 4.31422 4.31619 4.3189 4.32235 4.32657 4.33155 4.33732 4.34388 4.35125 4.35944 4.36846 4.37831 4.38898 4.40047 4.41277 4.42586 4.43972 4.4543 4.46957 4.48549 4.50199 4.51901 4.53648 4.55434 4.57249 4.59085 4.60933 4.62783 4.64627 4.66454 4.68255 4.7002 4.71739 4.73404 4.75005 4.76534 4.77982 4.79342 4.80607 4.8177 4.82826 4.83768 4.84592 4.85294 4.8587 4.86318 4.86635 4.8682 4.86871 4.86789 4.86574 4.86226 4.85748 4.85142 4.8441 4.83557 4.82587 4.81504 4.80315 4.79025 4.77643 4.76174 4.74628 4.73013 4.71337 4.6961 4.67842 4.66042 4.6422 4.62386 4.6055 4.58721 4.56909 4.55122 4.53368 4.51656 4.49993 4.48385 4.46837 4.45356 4.43945 4.42608 4.41348 4.40167 4.39066 4.38046 4.37109 4.36253 4.35477 4.34783 4.34167 4.3363 4.33169 4.32784 4.32474 4.32237 4.32073 4.31981 
4.31418 4.31472 4.31602 4.31808 4.3209 4.32451 4.3289 4.3341 4.34012 4.34697 4.35466 4.3632 4.3726 4.38285 4.39397 4.40593 4.41873 4.43234 4.44675 4.4619 4.47776 4.49427 4.51139 4.52904 4.54715 4.56564 4.58442 4.60342 4.62252 4.64164 4.66069 4.67955 4.69812 4.71632 4.73404 4.75119 4.76767 4.78341 4.7983 4.81229 4.82529 4.83724 4.84808 4.85776 4.86622 4.87342 4.87934 4.88394 4.88719 4.88909 4.88962 4.88878 4.88657 4.88301 4.87811 4.87189 4.86438 4.85562 4.84565 4.83453 4.8223 4.80905 4.79482 4.77971 4.76378 4.74714 4.72987 4.71206 4.69381 4.67523 4.65641 4.63746 4.61848 4.59955 4.58079 4.56228 4.54411 4.52636 4.5091 4.49241 4.47634 4.46095 4.44629 4.43238 4.41927 4.40697 4.39551 4.38488 4.37511 4.36618 4.35809 4.35084 4.34441 4.3388 4.33398 4.32996 4.32671 4.32424 4.32252 4.32156 
4.31587 4.31643 4.31778 4.31992 4.32286 4.32661 4.33119 4.3366 4.34286 4.34998 4.35798 4.36686 4.37662 4.38728 4.39882 4.41124 4.42452 4.43864 4.45357 4.46926 4.48569 4.50279 4.52049 4.53874 4.55746 4.57656 4.59595 4.61555 4.63525 4.65496 4.67458 4.694 4.71312 4.73183 4.75005 4.76767 4.7846 4.80076 4.81605 4.83039 4.84373 4.85598 4.86709 4.877 4.88567 4.89305 4.89911 4.90382 4.90715 4.9091 4.90965 4.90879 4.90653 4.90289 4.89787 4.8915 4.88381 4.87484 4.86463 4.85322 4.84069 4.82709 4.81249 4.79697 4.78061 4.76351 4.74574 4.72742 4.70864 4.68951 4.67012 4.65058 4.631 4.61147 4.5921 4.57298 4.5542 4.53584 4.51799 4.50071 4.48407 4.46812 4.45292 4.4385 4.42489 4.41213 4.40022 4.38918 4.37902 4.36974 4.36133 4.35378 4.34709 4.34124 4.33623 4.33203 4.32865 4.32606 4.32427 4.32326 
4.31751 4.31809 4.31949 4.32171 4.32476 4.32865 4.3334 4.33901 4.34551 4.3529 4.36119 4.37039 4.38051 4.39155 4.4035 4.41636 4.4301 4.4447 4.46013 4.47636 4.49332 4.51097 4.52924 4.54806 4.56735 4.58703 4.607 4.62717 4.64744 4.66771 4.68787 4.70781 4.72744 4.74665 4.76534 4.78341 4.80076 4.8173 4.83296 4.84765 4.86129 4.87382 4.88518 4.89532 4.90418 4.91172 4.91792 4.92273 4.92614 4.92813 4.92869 4.92782 4.92552 4.9218 4.91667 4.91017 4.90231 4.89314 4.8827 4.87104 4.85821 4.84429 4.82934 4.81344 4.79668 4.77914 4.76091 4.74211 4.72283 4.70317 4.68324 4.66314 4.64299 4.62289 4.60294 4.58324 4.56388 4.54495 4.52652 4.50869 4.4915 4.47502 4.4593 4.44439 4.43031 4.4171 4.40477 4.39333 4.3828 4.37318 4.36445 4.35662 4.34968 4.3436 4.3384 4.33404 4.33052 4.32783 4.32597 4.32492 
4.31909 4.31969 4.32113 4.32343 4.32659 4.33062 4.33553 4.34134 4.34806 4.3557 4.36427 4.37378 4.38424 4.39564 4.40799 4.42126 4.43543 4.4505 4.46641 4.48313 4.5006 4.51877 4.53758 4.55694 4.57677 4.597 4.61751 4.63822 4.65902 4.67981 4.70048 4.72092 4.74103 4.7607 4.77982 4.7983 4.81605 4.83296 4.84896 4.86396 4.87789 4.89068 4.90228 4.91262 4.92166 4.92935 4.93567 4.94058 4.94406 4.94609 4.94667 4.94578 4.94344 4.93965 4.93443 4.9278 4.91979 4.91044 4.89978 4.88788 4.87478 4.86056 4.84529 4.82903 4.81189 4.79394 4.77529 4.75604 4.73628 4.71613 4.69569 4.67508 4.6544 4.63376 4.61326 4.59301 4.5731 4.55362 4.53466 4.51629 4.49859 4.48161 4.4654 4.45002 4.43549 4.42185 4.40912 4.39731 4.38642 4.37647 4.36745 4.35935 4.35216 4.34587 4.34048 4.33597 4.33232 4.32954 4.3276 4.32651 
4.3206 4.32122 4.3227 4.32507 4.32833 4.33249 4.33756 4.34355 4.35048 4.35836 4.3672 4.377 4.38778 4.39953 4.41224 4.4259 4.44049 4.45598 4.47234 4.48953 4.50748 4.52615 4.54545 4.56532 4.58566 4.60639 4.62742 4.64863 4.66993 4.69121 4.71235 4.73325 4.7538 4.77389 4.79342 4.81229 4.83039 4.84765 4.86396 4.87925 4.89345 4.90648 4.91829 4.92882 4.93802 4.94586 4.95229 4.95729 4.96083 4.9629 4.96349 4.96259 4.96022 4.95636 4.95105 4.94431 4.93616 4.92664 4.91579 4.90366 4.89032 4.87583 4.86025 4.84367 4.82617 4.80785 4.7888 4.76913 4.74893 4.72832 4.70742 4.68632 4.66514 4.64399 4.62299 4.60222 4.5818 4.56181 4.54235 4.52348 4.50529 4.48783 4.47117 4.45535 4.4404 4.42636 4.41324 4.40107 4.38986 4.3796 4.37029 4.36194 4.35452 4.34804 4.34247 4.33781 4.33404 4.33116 4.32916 4.32804 
4.32203 4.32266 4.32419 4.32662 4.32998 4.33425 4.33947 4.34563 4.35276 4.36086 4.36995 4.38003 4.39111 4.40317 4.41623 4.43025 4.44523 4.46113 4.47791 4.49552 4.51392 4.53304 4.55281 4.57315 4.59396 4.61517 4.63666 4.65834 4.6801 4.70182 4.7234 4.74473 4.76569 4.78617 4.80607 4.82529 4.84373 4.86129 4.87789 4.89345 4.90788 4.92114 4.93314 4.94385 4.9532 4.96116 4.9677 4.97278 4.97638 4.97848 4.97908 4.97818 4.97577 4.97186 4.96647 4.95962 4.95134 4.94167 4.93064 4.91832 4.90475 4.89 4.87415 4.85727 4.83946 4.82079 4.80138 4.78131 4.76071 4.73969 4.71834 4.69679 4.67516 4.65355 4.63207 4.61083 4.58993 4.56947 4.54953 4.53021 4.51156 4.49367 4.47658 4.46034 4.445 4.43058 4.41711 4.40461 4.39309 4.38254 4.37297 4.36438 4.35675 4.35007 4.34434 4.33954 4.33566 4.3327 4.33063 4.32947 
4.32336 4.324 4.32557 4.32807 4.33151 4.3359 4.34125 4.34757 4.35488 4.36319 4.37251 4.38285 4.39419 4.40656 4.41993 4.43429 4.44962 4.46589 4.48305 4.50107 4.51988 4.53942 4.55961 4.58038 4.60163 4.62327 4.64519 4.66729 4.68947 4.7116 4.73358 4.75529 4.77662 4.79746 4.8177 4.83724 4.85598 4.87382 4.89068 4.90648 4.92114 4.93459 4.94677 4.95763 4.96712 4.9752 4.98182 4.98698 4.99063 4.99277 4.99338 4.99247 4.99003 4.98607 4.98061 4.97367 4.96527 4.95546 4.94428 4.93177 4.918 4.90302 4.88692 4.86977 4.85166 4.83269 4.81294 4.79253 4.77156 4.75015 4.72841 4.70645 4.68439 4.66236 4.64044 4.61877 4.59743 4.57654 4.55617 4.53642 4.51736 4.49906 4.48158 4.46496 4.44926 4.4345 4.4207 4.40789 4.39608 4.38527 4.37546 4.36664 4.35881 4.35196 4.34608 4.34115 4.33717 4.33413 4.33201 4.33081 
4.32458 4.32524 4.32685 4.3294 4.33292 4.33741 4.34288 4.34935 4.35683 4.36533 4.37486 4.38542 4.39702 4.40966 4.42332 4.43798 4.45363 4.47024 4.48775 4.50613 4.52531 4.54523 4.56581 4.58697 4.60861 4.63064 4.65295 4.67544 4.69799 4.72049 4.74283 4.76489 4.78655 4.80771 4.82826 4.84808 4.86709 4.88518 4.90228 4.91829 4.93314 4.94677 4.95911 4.97011 4.97972 4.9879 4.99461 4.99983 5.00353 5.0057 5.00632 5.0054 5.00293 4.99893 4.99341 4.98638 4.97789 4.96795 4.95663 4.94396 4.93 4.91483 4.8985 4.88111 4.86274 4.84348 4.82344 4.80271 4.78141 4.75965 4.73755 4.71523 4.69279 4.67037 4.64807 4.626 4.60427 4.58298 4.56223 4.54209 4.52265 4.50398 4.48615 4.46919 4.45315 4.43808 4.42399 4.4109 4.39882 4.38777 4.37774 4.36872 4.36071 4.3537 4.34768 4.34264 4.33856 4.33544 4.33327 4.33205 
4.32569 4.32636 4.328 4.33061 4.3342 4.33878 4.34436 4.35096 4.35859 4.36726 4.37698 4.38775 4.39957 4.41244 4.42636 4.4413 4.45724 4.47415 4.49197 4.51067 4.53019 4.55044 4.57137 4.59287 4.61486 4.63723 4.65989 4.68272 4.70561 4.72844 4.7511 4.77346 4.79542 4.81686 4.83768 4.85776 4.877 4.89532 4.91262 4.92882 4.94385 4.95763 4.97011 4.98123 4.99095 4.99922 5.006 5.01128 5.01502 5.01722 5.01785 5.01692 5.01443 5.01039 5.00481 4.99771 4.98913 4.97909 4.96764 4.95483 4.94071 4.92536 4.90884 4.89123 4.87263 4.85312 4.83281 4.8118 4.79021 4.76815 4.74573 4.72308 4.70031 4.67754 4.65489 4.63247 4.61039 4.58875 4.56765 4.54717 4.5274 4.5084 4.49025 4.47298 4.45665 4.44129 4.42694 4.4136 4.40129 4.39002 4.37979 4.37059 4.36242 4.35527 4.34913 4.34398 4.33982 4.33663 4.33442 4.33316 
4.32667 4.32736 4.32902 4.33168 4.33533 4.33999 4.34567 4.35239 4.36015 4.36896 4.37884 4.3898 4.40182 4.4149 4.42905 4.44422 4.46042 4.47758 4.49568 4.51467 4.53447 4.55502 4.57624 4.59805 4.62034 4.64302 4.66598 4.68911 4.71228 4.7354 4.75833 4.78097 4.80318 4.82487 4.84592 4.86622 4.88567 4.90418 4.92166 4.93802 4.9532 4.96712 4.97972 4.99095 5.00076 5.0091 5.01595 5.02128 5.02506 5.02727 5.02792 5.02698 5.02448 5.0204 5.01477 5.00761 4.99895 4.98882 4.97726 4.96432 4.95007 4.93456 4.91787 4.90008 4.88127 4.86155 4.84101 4.81976 4.79792 4.77559 4.75289 4.72996 4.70689 4.68383 4.66088 4.63815 4.61577 4.59382 4.57241 4.55164 4.53157 4.51229 4.49385 4.47632 4.45973 4.44413 4.42954 4.41598 4.40347 4.39201 4.3816 4.37225 4.36394 4.35666 4.35041 4.34517 4.34093 4.33769 4.33543 4.33416 
4.32752 4.32822 4.32991 4.3326 4.33631 4.34104 4.3468 4.35362 4.36149 4.37043 4.38045 4.39156 4.40375 4.41701 4.43135 4.44673 4.46314 4.48053 4.49886 4.51808 4.53813 4.55893 4.58041 4.60247 4.62502 4.64796 4.67117 4.69455 4.71798 4.74134 4.7645 4.78736 4.8098 4.83169 4.85294 4.87342 4.89305 4.91172 4.92935 4.94586 4.96116 4.9752 4.9879 4.99922 5.0091 5.01752 5.02442 5.02979 5.0336 5.03583 5.03648 5.03555 5.03302 5.02892 5.02325 5.01604 5.00731 4.9971 4.98545 4.97241 4.95803 4.94239 4.92556 4.90761 4.88864 4.86873 4.848 4.82655 4.80448 4.78193 4.759 4.73582 4.71251 4.68919 4.66598 4.643 4.62035 4.59815 4.57649 4.55545 4.53514 4.51561 4.49694 4.47917 4.46237 4.44656 4.43177 4.41802 4.40534 4.39372 4.38316 4.37367 4.36524 4.35785 4.35151 4.34619 4.34189 4.3386 4.33631 4.33501 
4.32823 4.32893 4.33065 4.33337 4.33712 4.34191 4.34774 4.35464 4.3626 4.37165 4.38179 4.39302 4.40534 4.41876 4.43325 4.4488 4.46538 4.48296 4.50148 4.5209 4.54115 4.56216 4.58384 4.60611 4.62887 4.65202 4.67544 4.69903 4.72266 4.74621 4.76957 4.79262 4.81523 4.83729 4.8587 4.87934 4.89911 4.91792 4.93567 4.95229 4.9677 4.98182 4.99461 5.006 5.01595 5.02442 5.03137 5.03677 5.04061 5.04286 5.04351 5.04257 5.04003 5.03591 5.03021 5.02295 5.01417 5.00389 4.99217 4.97904 4.96457 4.94883 4.93187 4.9138 4.89468 4.87463 4.85374 4.83212 4.80988 4.78714 4.76402 4.74064 4.71713 4.6936 4.67018 4.64699 4.62413 4.60171 4.57984 4.5586 4.53808 4.51835 4.49948 4.48153 4.46455 4.44856 4.43361 4.41971 4.40688 4.39513 4.38445 4.37485 4.36632 4.35885 4.35243 4.34705 4.34269 4.33936 4.33704 4.33573 
4.3288 4.32951 4.33123 4.33398 4.33777 4.3426 4.34849 4.35544 4.36348 4.37261 4.38283 4.39416 4.4066 4.42013 4.43474 4.45042 4.46714 4.48485 4.50353 4.5231 4.5435 4.56467 4.58652 4.60895 4.63187 4.65518 4.67877 4.70251 4.7263 4.75 4.77351 4.7967 4.81945 4.84165 4.86318 4.88394 4.90382 4.92273 4.94058 4.95729 4.97278 4.98698 4.99983 5.01128 5.02128 5.02979 5.03677 5.0422 5.04606 5.04832 5.04898 5.04804 5.04549 5.04134 5.03561 5.02832 5.0195 5.00917 4.99739 4.9842 4.96965 4.95382 4.93678 4.9186 4.89938 4.87921 4.8582 4.83644 4.81407 4.79118 4.76792 4.74438 4.72072 4.69703 4.67345 4.65009 4.62707 4.60448 4.58245 4.56105 4.54037 4.52048 4.50147 4.48337 4.46625 4.45013 4.43505 4.42104 4.4081 4.39624 4.38547 4.37578 4.36717 4.35963 4.35315 4.34772 4.34333 4.33997 4.33762 4.3363 
4.32921 4.32993 4.33166 4.33443 4.33824 4.3431 4.34903 4.35603 4.36412 4.3733 4.38359 4.39499 4.4075 4.42111 4.43581 4.45158 4.46839 4.48621 4.50498 4.52466 4.54518 4.56645 4.58841 4.61096 4.634 4.65742 4.68112 4.70498 4.72887 4.75269 4.7763 4.79959 4.82244 4.84473 4.86635 4.88719 4.90715 4.92614 4.94406 4.96083 4.97638 4.99063 5.00353 5.01502 5.02506 5.0336 5.04061 5.04606 5.04993 5.0522 5.05286 5.05192 5.04936 5.0452 5.03945 5.03214 5.02328 5.01292 5.0011 4.98785 4.97326 4.95736 4.94025 4.922 4.90271 4.88245 4.86135 4.8395 4.81703 4.79405 4.77067 4.74704 4.72325 4.69946 4.67576 4.65229 4.62915 4.60645 4.5843 4.56278 4.54199 4.522 4.50288 4.48469 4.46746 4.45125 4.43609 4.42199 4.40897 4.39704 4.3862 4.37646 4.36779 4.3602 4.35368 4.34822 4.34379 4.34041 4.33805 4.33672 
4.32948 4.33019 4.33193 4.33471 4.33854 4.34342 4.34936 4.35639 4.36451 4.37372 4.38405 4.39549 4.40804 4.4217 4.43645 4.45227 4.46914 4.48701 4.50584 4.52558 4.54616 4.5675 4.58952 4.61214 4.63524 4.65873 4.68249 4.70641 4.73037 4.75425 4.77792 4.80127 4.82418 4.84652 4.8682 4.88909 4.9091 4.92813 4.94609 4.9629 4.97848 4.99277 5.0057 5.01722 5.02727 5.03583 5.04286 5.04832 5.0522 5.05448 5.05514 5.05419 5.05163 5.04746 5.0417 5.03437 5.0255 5.01511 5.00326 4.98999 4.97536 4.95943 4.94228 4.92399 4.90464 4.88434 4.86319 4.84129 4.81875 4.79571 4.77228 4.74858 4.72473 4.70087 4.67711 4.65357 4.63036 4.6076 4.58538 4.5638 4.54295 4.5229 4.50372 4.48546 4.46818 4.45192 4.4367 4.42256 4.40949 4.39752 4.38665 4.37687 4.36817 4.36055 4.35401 4.34852 4.34408 4.34068 4.33832 4.33698 
