0.817377 0.817818 0.818241 0.818638 0.819001 0.819325 0.819608 0.819848 0.820049 0.820212 0.820342 0.820443 0.82052 0.820577 0.820619 0.82065 0.820671 0.820685 0.820695 0.820702 0.820706 0.820709 0.820711 0.820712 0.820713 0.820713 0.820714 0.820714 0.820715 0.820716 0.820717 0.820718 0.820719 0.820721 0.820723 0.820726 0.820729 0.820732 0.820736 0.820739 0.820744 0.820748 0.820752 0.820756 0.820761 0.820764 0.820768 0.820771 0.820774 0.820775 0.820777 0.820777 0.820777 0.820776 0.820774 0.820772 0.820769 0.820766 0.820762 0.820758 0.820754 0.82075 0.820745 0.820741 0.820738 0.820734 0.820731 0.820728 0.820725 0.820723 0.820721 0.820719 0.820718 0.820717 0.820716 0.820715 0.820715 0.820715 0.820715 0.820716 0.820718 0.820721 0.820727 0.820737 0.820752 0.820774 0.820808 0.820857 0.820925 0.821018 0.82114 0.821297 0.821494 0.821733 0.822016 0.822342 0.822708 0.823108 0.823533 0.823973 
0.817818 0.818258 0.818681 0.819078 0.819441 0.819765 0.820047 0.820288 0.820488 0.820651 0.820781 0.820882 0.820959 0.821017 0.821059 0.821089 0.821111 0.821125 0.821135 0.821142 0.821146 0.821149 0.82115 0.821151 0.821152 0.821153 0.821153 0.821154 0.821154 0.821155 0.821155 0.821156 0.821157 0.821159 0.82116 0.821162 0.821165 0.821167 0.82117 0.821173 0.821177 0.82118 0.821184 0.821188 0.821191 0.821195 0.821198 0.8212 0.821203 0.821204 0.821205 0.821206 0.821206 0.821205 0.821203 0.821201 0.821199 0.821196 0.821193 0.821189 0.821186 0.821182 0.821179 0.821175 0.821172 0.821169 0.821167 0.821164 0.821162 0.82116 0.821159 0.821157 0.821156 0.821156 0.821155 0.821155 0.821154 0.821154 0.821155 0.821156 0.821158 0.821161 0.821167 0.821177 0.821192 0.821214 0.821248 0.821297 0.821365 0.821458 0.82158 0.821737 0.821934 0.822173 0.822456 0.822782 0.823148 0.823547 0.823972 0.824412 
0.818241 0.818681 0.819104 0.819501 0.819864 0.820187 0.82047 0.82071 0.820911 0.821074 0.821204 0.821305 0.821382 0.82144 0.821482 0.821512 0.821533 0.821548 0.821558 0.821564 0.821568 0.821571 0.821573 0.821574 0.821575 0.821575 0.821576 0.821576 0.821577 0.821577 0.821578 0.821579 0.82158 0.821582 0.821584 0.821586 0.821589 0.821592 0.821595 0.821599 0.821603 0.821608 0.821612 0.821617 0.821621 0.821625 0.821629 0.821632 0.821635 0.821637 0.821638 0.821639 0.821639 0.821638 0.821636 0.821633 0.82163 0.821627 0.821623 0.821619 0.821614 0.82161 0.821605 0.821601 0.821597 0.821594 0.821591 0.821588 0.821585 0.821583 0.821582 0.82158 0.821579 0.821578 0.821578 0.821577 0.821577 0.821577 0.821577 0.821578 0.82158 0.821584 0.82159 0.821599 0.821614 0.821637 0.821671 0.82172 0.821788 0.821881 0.822003 0.82216 0.822357 0.822596 0.822879 0.823205 0.82357 0.823969 0.824394 0.824834 
0.818638 0.819078 0.819501 0.819897 0.82026 0.820584 0.820866 0.821106 0.821307 0.82147 0.8216 0.821701 0.821778 0.821836 0.821878 0.821908 0.821929 0.821944 0.821954 0.82196 0.821965 0.821967 0.821969 0.82197 0.821971 0.821972 0.821972 0.821973 0.821974 0.821974 0.821976 0.821977 0.821979 0.821982 0.821985 0.821988 0.821993 0.821998 0.822003 0.82201 0.822016 0.822024 0.822031 0.822038 0.822045 0.822052 0.822058 0.822063 0.822067 0.822071 0.822073 0.822073 0.822073 0.822071 0.822068 0.822064 0.822059 0.822053 0.822047 0.82204 0.822033 0.822026 0.822019 0.822012 0.822006 0.822 0.821995 0.821991 0.821987 0.821984 0.821981 0.821979 0.821977 0.821976 0.821975 0.821974 0.821974 0.821974 0.821974 0.821975 0.821977 0.82198 0.821986 0.821996 0.822011 0.822034 0.822067 0.822116 0.822184 0.822277 0.8224 0.822557 0.822754 0.822993 0.823275 0.823601 0.823967 0.824366 0.82479 0.82523 
0.819001 0.819441 0.819864 0.82026 0.820622 0.820946 0.821228 0.821469 0.821669 0.821832 0.821962 0.822063 0.822141 0.822198 0.82224 0.822271 0.822292 0.822306 0.822316 0.822323 0.822327 0.82233 0.822332 0.822333 0.822334 0.822335 0.822336 0.822337 0.822338 0.822339 0.822342 0.822345 0.822348 0.822353 0.822358 0.822365 0.822373 0.822383 0.822393 0.822404 0.822417 0.82243 0.822443 0.822456 0.822468 0.82248 0.822491 0.8225 0.822507 0.822512 0.822516 0.822517 0.822516 0.822512 0.822507 0.822499 0.82249 0.82248 0.822468 0.822456 0.822443 0.82243 0.822418 0.822406 0.822395 0.822385 0.822376 0.822368 0.822361 0.822356 0.822351 0.822347 0.822344 0.822341 0.82234 0.822338 0.822337 0.822337 0.822337 0.822338 0.82234 0.822343 0.822349 0.822358 0.822373 0.822396 0.82243 0.822479 0.822547 0.82264 0.822762 0.82292 0.823116 0.823355 0.823638 0.823964 0.824329 0.824728 0.825152 0.825592 
0.819325 0.819765 0.820187 0.820584 0.820946 0.82127 0.821552 0.821792 0.821993 0.822156 0.822286 0.822387 0.822464 0.822522 0.822564 0.822594 0.822616 0.82263 0.82264 0.822647 0.822651 0.822654 0.822656 0.822657 0.822659 0.82266 0.822661 0.822663 0.822665 0.822669 0.822673 0.822678 0.822686 0.822694 0.822705 0.822718 0.822733 0.822751 0.82277 0.822791 0.822814 0.822837 0.822861 0.822885 0.822907 0.822928 0.822947 0.822963 0.822976 0.822986 0.822991 0.822993 0.82299 0.822984 0.822973 0.822959 0.822943 0.822924 0.822902 0.82288 0.822857 0.822834 0.822811 0.82279 0.82277 0.822751 0.822735 0.82272 0.822708 0.822697 0.822689 0.822682 0.822676 0.822671 0.822668 0.822665 0.822663 0.822662 0.822662 0.822662 0.822664 0.822667 0.822673 0.822682 0.822697 0.82272 0.822754 0.822803 0.822871 0.822964 0.823086 0.823244 0.82344 0.82368 0.823962 0.824288 0.824653 0.825052 0.825476 0.825916 
0.819608 0.820047 0.82047 0.820866 0.821228 0.821552 0.821834 0.822075 0.822275 0.822438 0.822568 0.822669 0.822747 0.822804 0.822847 0.822877 0.822898 0.822913 0.822923 0.82293 0.822934 0.822937 0.822939 0.822941 0.822943 0.822945 0.822947 0.822951 0.822955 0.822962 0.82297 0.822981 0.822994 0.823011 0.823031 0.823056 0.823084 0.823116 0.823151 0.82319 0.82323 0.823273 0.823315 0.823357 0.823398 0.823435 0.823468 0.823496 0.823518 0.823534 0.823543 0.823545 0.82354 0.823528 0.823509 0.823484 0.823454 0.82342 0.823382 0.823342 0.8233 0.823259 0.823218 0.82318 0.823144 0.823111 0.823081 0.823055 0.823032 0.823013 0.822997 0.822984 0.822974 0.822965 0.822959 0.822954 0.82295 0.822948 0.822947 0.822946 0.822947 0.82295 0.822956 0.822965 0.82298 0.823003 0.823037 0.823086 0.823154 0.823247 0.823369 0.823527 0.823723 0.823962 0.824245 0.824571 0.824936 0.825335 0.825759 0.826198 
0.819848 0.820288 0.82071 0.821106 0.821469 0.821792 0.822075 0.822315 0.822516 0.822679 0.822809 0.82291 0.822987 0.823045 0.823087 0.823118 0.823139 0.823154 0.823164 0.823171 0.823175 0.823179 0.823181 0.823184 0.823187 0.82319 0.823195 0.823202 0.823211 0.823223 0.823238 0.823258 0.823283 0.823315 0.823352 0.823396 0.823447 0.823504 0.823568 0.823636 0.823708 0.823782 0.823857 0.82393 0.824 0.824064 0.824121 0.824169 0.824206 0.824233 0.824248 0.82425 0.82424 0.824218 0.824184 0.824141 0.824088 0.824027 0.823961 0.82389 0.823818 0.823745 0.823675 0.823607 0.823543 0.823485 0.823433 0.823387 0.823347 0.823312 0.823284 0.823261 0.823242 0.823227 0.823215 0.823206 0.823199 0.823195 0.823191 0.82319 0.82319 0.823192 0.823198 0.823207 0.823221 0.823244 0.823278 0.823327 0.823395 0.823488 0.82361 0.823768 0.823964 0.824203 0.824486 0.824812 0.825177 0.825576 0.826 0.826439 
0.820049 0.820488 0.820911 0.821307 0.821669 0.821993 0.822275 0.822516 0.822716 0.822879 0.823009 0.823111 0.823188 0.823246 0.823288 0.823318 0.82334 0.823355 0.823365 0.823372 0.823377 0.823381 0.823384 0.823388 0.823393 0.8234 0.823409 0.823421 0.823438 0.82346 0.823489 0.823526 0.823572 0.823627 0.823694 0.823772 0.823862 0.823962 0.824072 0.824191 0.824315 0.824441 0.824568 0.824692 0.824809 0.824917 0.825011 0.825091 0.825153 0.825196 0.825219 0.825221 0.825203 0.825164 0.825107 0.825031 0.824941 0.824838 0.824724 0.824605 0.824482 0.824358 0.824237 0.824121 0.824012 0.823912 0.823822 0.823742 0.823673 0.823614 0.823564 0.823523 0.82349 0.823463 0.823442 0.823426 0.823414 0.823405 0.823399 0.823396 0.823394 0.823395 0.8234 0.823408 0.823423 0.823445 0.823479 0.823528 0.823596 0.823689 0.823811 0.823969 0.824165 0.824404 0.824687 0.825013 0.825378 0.825777 0.826201 0.82664 
0.820212 0.820651 0.821074 0.82147 0.821832 0.822156 0.822438 0.822679 0.822879 0.823042 0.823172 0.823274 0.823351 0.823409 0.823451 0.823482 0.823503 0.823518 0.823529 0.823536 0.823542 0.823547 0.823553 0.823559 0.823568 0.82358 0.823597 0.823619 0.82365 0.82369 0.823742 0.823807 0.823888 0.823986 0.824102 0.824236 0.82439 0.82456 0.824747 0.824945 0.825152 0.825363 0.825573 0.825777 0.825968 0.826144 0.826297 0.826425 0.826525 0.826593 0.826628 0.826629 0.826597 0.826531 0.826434 0.826309 0.826159 0.825987 0.8258 0.825602 0.825397 0.825192 0.824991 0.824798 0.824617 0.824449 0.824298 0.824163 0.824046 0.823945 0.823861 0.82379 0.823733 0.823687 0.823651 0.823623 0.823602 0.823586 0.823575 0.823568 0.823563 0.823563 0.823566 0.823573 0.823587 0.823609 0.823643 0.823691 0.823759 0.823852 0.823975 0.824132 0.824329 0.824568 0.824851 0.825177 0.825542 0.82594 0.826364 0.826804 
0.820342 0.820781 0.821204 0.8216 0.821962 0.822286 0.822568 0.822809 0.823009 0.823172 0.823303 0.823404 0.823481 0.823539 0.823582 0.823612 0.823634 0.823649 0.82366 0.823669 0.823676 0.823683 0.823692 0.823703 0.823719 0.82374 0.82377 0.823811 0.823865 0.823936 0.824026 0.824139 0.824278 0.824444 0.82464 0.824866 0.825121 0.825403 0.825709 0.826034 0.82637 0.826711 0.827049 0.827375 0.82768 0.827958 0.828201 0.828402 0.828557 0.828662 0.828714 0.828712 0.828656 0.828548 0.828391 0.828188 0.827945 0.827669 0.827367 0.827047 0.826718 0.826386 0.826061 0.825747 0.825452 0.825179 0.824931 0.82471 0.824517 0.82435 0.824209 0.824092 0.823996 0.823919 0.823857 0.82381 0.823773 0.823746 0.823726 0.823712 0.823704 0.8237 0.823701 0.823707 0.823719 0.823741 0.823774 0.823822 0.82389 0.823983 0.824105 0.824263 0.824459 0.824699 0.824981 0.825307 0.825672 0.826071 0.826495 0.826935 
0.820443 0.820882 0.821305 0.821701 0.822063 0.822387 0.822669 0.82291 0.823111 0.823274 0.823404 0.823505 0.823583 0.823641 0.823683 0.823714 0.823736 0.823752 0.823764 0.823774 0.823784 0.823795 0.823809 0.823829 0.823857 0.823895 0.823948 0.824019 0.824112 0.824233 0.824386 0.824577 0.824808 0.825083 0.825405 0.825773 0.826187 0.826641 0.82713 0.827645 0.828177 0.828713 0.829242 0.829749 0.830223 0.830652 0.831024 0.831331 0.831566 0.831723 0.831798 0.831789 0.831698 0.831525 0.831277 0.830958 0.830577 0.830144 0.829671 0.829169 0.828651 0.82813 0.827616 0.827121 0.826653 0.826218 0.825823 0.825469 0.825158 0.824889 0.82466 0.824469 0.824311 0.824184 0.824083 0.824004 0.823943 0.823897 0.823863 0.823839 0.823822 0.823813 0.82381 0.823813 0.823824 0.823844 0.823877 0.823924 0.823992 0.824085 0.824207 0.824364 0.824561 0.8248 0.825083 0.825409 0.825774 0.826173 0.826597 0.827037 
0.82052 0.820959 0.821382 0.821778 0.822141 0.822464 0.822747 0.822987 0.823188 0.823351 0.823481 0.823583 0.82366 0.823718 0.823761 0.823792 0.823815 0.823832 0.823846 0.823859 0.823873 0.823891 0.823915 0.823949 0.823997 0.824063 0.824154 0.824274 0.824431 0.824633 0.824886 0.825197 0.825573 0.826017 0.826531 0.827115 0.827767 0.828477 0.829238 0.830035 0.830852 0.831673 0.832477 0.833246 0.83396 0.834604 0.835161 0.835618 0.835964 0.836192 0.836297 0.836277 0.836131 0.835864 0.835482 0.834995 0.834414 0.833754 0.833032 0.832265 0.831474 0.830675 0.829886 0.829123 0.828399 0.827726 0.82711 0.826557 0.826068 0.825644 0.825282 0.824977 0.824726 0.824521 0.824358 0.824229 0.824129 0.824054 0.823997 0.823956 0.823928 0.82391 0.8239 0.823899 0.823907 0.823926 0.823956 0.824003 0.824071 0.824163 0.824285 0.824442 0.824639 0.824878 0.825161 0.825487 0.825852 0.82625 0.826675 0.827114 
0.820577 0.821017 0.82144 0.821836 0.822198 0.822522 0.822804 0.823045 0.823246 0.823409 0.823539 0.823641 0.823718 0.823777 0.82382 0.823852 0.823876 0.823895 0.823912 0.823929 0.823951 0.82398 0.824022 0.824079 0.824161 0.824272 0.824423 0.824622 0.824879 0.825207 0.825614 0.82611 0.826703 0.827399 0.828199 0.829102 0.8301 0.831183 0.832334 0.833533 0.834757 0.835978 0.837169 0.838302 0.839352 0.840292 0.841102 0.841764 0.842261 0.842585 0.842728 0.842687 0.842464 0.842063 0.841493 0.840768 0.839906 0.838927 0.837855 0.836716 0.835536 0.834344 0.833163 0.832018 0.830927 0.829909 0.828974 0.82813 0.827382 0.826729 0.826169 0.825695 0.825302 0.824981 0.824722 0.824518 0.824358 0.824237 0.824145 0.824078 0.82403 0.823998 0.823979 0.823971 0.823974 0.823989 0.824018 0.824064 0.82413 0.824222 0.824343 0.8245 0.824697 0.824936 0.825219 0.825545 0.82591 0.826309 0.826733 0.827173 
0.820619 0.821059 0.821482 0.821878 0.82224 0.822564 0.822847 0.823087 0.823288 0.823451 0.823582 0.823683 0.823761 0.82382 0.823864 0.823897 0.823923 0.823945 0.823967 0.823994 0.824028 0.824076 0.824145 0.824241 0.824375 0.824558 0.824803 0.825123 0.825534 0.826051 0.826689 0.82746 0.828373 0.829436 0.830648 0.832005 0.833496 0.835101 0.836797 0.838554 0.840336 0.842105 0.843823 0.84545 0.846949 0.848287 0.849435 0.850367 0.851064 0.851511 0.851701 0.851629 0.851296 0.850711 0.849885 0.848838 0.847593 0.846179 0.844629 0.84298 0.841269 0.839535 0.837812 0.836136 0.834534 0.833032 0.831646 0.830391 0.829271 0.82829 0.827443 0.826724 0.826123 0.82563 0.82523 0.824913 0.824664 0.824472 0.824327 0.82422 0.824143 0.824089 0.824054 0.824036 0.824031 0.824041 0.824067 0.82411 0.824175 0.824265 0.824387 0.824543 0.82474 0.824979 0.825262 0.825587 0.825952 0.826351 0.826775 0.827215 
0.82065 0.821089 0.821512 0.821908 0.822271 0.822594 0.822877 0.823118 0.823318 0.823482 0.823612 0.823714 0.823792 0.823852 0.823897 0.823932 0.823961 0.823989 0.824021 0.824061 0.824116 0.824194 0.824306 0.824462 0.824679 0.824971 0.825359 0.825862 0.826501 0.827297 0.82827 0.829436 0.830806 0.832386 0.834175 0.836163 0.83833 0.840649 0.843083 0.845589 0.848116 0.850612 0.853024 0.855298 0.857384 0.859239 0.860821 0.862101 0.863051 0.863655 0.8639 0.863782 0.863303 0.862474 0.86131 0.859838 0.858089 0.856102 0.853921 0.851595 0.849177 0.846718 0.844268 0.841875 0.83958 0.837417 0.835413 0.833588 0.831953 0.830511 0.829261 0.828193 0.827296 0.826555 0.825952 0.825469 0.825088 0.824794 0.82457 0.824403 0.824281 0.824194 0.824136 0.824101 0.824085 0.824087 0.824107 0.824146 0.824209 0.824298 0.824419 0.824575 0.824771 0.82501 0.825292 0.825618 0.825983 0.826382 0.826806 0.827246 
0.820671 0.821111 0.821533 0.821929 0.822292 0.822616 0.822898 0.823139 0.82334 0.823503 0.823634 0.823736 0.823815 0.823876 0.823923 0.823961 0.823996 0.824034 0.824079 0.824141 0.824229 0.824355 0.824533 0.824782 0.825122 0.825578 0.826177 0.826946 0.827915 0.829111 0.830558 0.832277 0.834279 0.836571 0.839143 0.84198 0.845051 0.848314 0.851717 0.855198 0.85869 0.862121 0.865419 0.868514 0.871342 0.873845 0.875972 0.877684 0.878948 0.879741 0.880049 0.879868 0.8792 0.878058 0.876465 0.874451 0.872059 0.869339 0.866349 0.863155 0.859823 0.856424 0.853027 0.849694 0.846483 0.843444 0.840614 0.838024 0.83569 0.833621 0.831816 0.830266 0.828956 0.827867 0.826975 0.826257 0.825688 0.825245 0.824906 0.824651 0.824463 0.824328 0.824235 0.824174 0.824141 0.824131 0.824143 0.824177 0.824236 0.824323 0.824442 0.824598 0.824793 0.825031 0.825314 0.82564 0.826005 0.826403 0.826828 0.827267 
0.820685 0.821125 0.821548 0.821944 0.822306 0.82263 0.822913 0.823154 0.823355 0.823518 0.823649 0.823752 0.823832 0.823895 0.823945 0.823989 0.824034 0.824086 0.824154 0.82425 0.824388 0.824585 0.824864 0.825249 0.825772 0.826466 0.827368 0.828516 0.829947 0.831698 0.833798 0.836269 0.839124 0.842363 0.84597 0.849917 0.854158 0.858633 0.863269 0.867983 0.872685 0.877279 0.881674 0.88578 0.889515 0.892807 0.895593 0.897825 0.899463 0.90048 0.90086 0.900595 0.899691 0.898164 0.89604 0.89336 0.890175 0.88655 0.882556 0.878278 0.873804 0.869223 0.864626 0.860097 0.855713 0.851543 0.84764 0.844047 0.840791 0.837888 0.83534 0.833138 0.831267 0.8297 0.82841 0.827366 0.826533 0.82588 0.825377 0.824996 0.824714 0.824509 0.824364 0.824267 0.824208 0.82418 0.82418 0.824206 0.82426 0.824344 0.82446 0.824614 0.824809 0.825047 0.825329 0.825655 0.82602 0.826418 0.826843 0.827282 
0.820695 0.821135 0.821558 0.821954 0.822316 0.82264 0.822923 0.823164 0.823365 0.823529 0.82366 0.823764 0.823846 0.823912 0.823967 0.824021 0.824079 0.824154 0.824257 0.824405 0.824617 0.824921 0.825346 0.825929 0.826713 0.827743 0.829069 0.83074 0.832805 0.835307 0.838279 0.841746 0.845717 0.850183 0.855117 0.860473 0.866185 0.87217 0.878329 0.884553 0.890723 0.896721 0.902429 0.907738 0.912546 0.916766 0.920324 0.923162 0.925233 0.926507 0.926962 0.926594 0.925407 0.92342 0.920667 0.917194 0.913064 0.908355 0.903157 0.897573 0.891712 0.885689 0.879618 0.873609 0.867765 0.862175 0.856914 0.852043 0.847602 0.843618 0.840099 0.83704 0.834422 0.832218 0.830391 0.828902 0.827707 0.826765 0.826035 0.825479 0.825063 0.824758 0.824541 0.824391 0.824295 0.824241 0.824223 0.824238 0.824284 0.824362 0.824476 0.824627 0.824821 0.825058 0.82534 0.825665 0.82603 0.826429 0.826853 0.827292 
0.820702 0.821142 0.821564 0.82196 0.822323 0.822647 0.82293 0.823171 0.823372 0.823536 0.823669 0.823774 0.823859 0.823929 0.823994 0.824061 0.824141 0.82425 0.824405 0.824628 0.82495 0.825406 0.82604 0.826902 0.828049 0.829542 0.831446 0.833822 0.83673 0.84022 0.844329 0.849077 0.854468 0.860478 0.867065 0.874157 0.881664 0.889473 0.897455 0.905469 0.913367 0.921003 0.928233 0.934925 0.94096 0.946236 0.950667 0.954187 0.956742 0.958299 0.958835 0.958343 0.95683 0.954317 0.950842 0.946459 0.941242 0.935281 0.928685 0.921575 0.914085 0.906356 0.89853 0.890746 0.883133 0.875811 0.868879 0.862421 0.856497 0.851147 0.846392 0.84223 0.838645 0.835606 0.833071 0.830992 0.829313 0.827981 0.826942 0.826146 0.825546 0.825103 0.824784 0.824561 0.824412 0.824321 0.824278 0.824276 0.82431 0.824381 0.82449 0.824639 0.82483 0.825066 0.825347 0.825672 0.826037 0.826435 0.82686 0.827299 
0.820706 0.821146 0.821568 0.821965 0.822327 0.822651 0.822934 0.823175 0.823377 0.823542 0.823676 0.823784 0.823873 0.823951 0.824028 0.824116 0.824229 0.824388 0.824617 0.82495 0.825427 0.826098 0.827022 0.828266 0.829906 0.832021 0.834691 0.837992 0.841993 0.846749 0.852296 0.85865 0.865797 0.873698 0.882282 0.891452 0.901084 0.911029 0.921124 0.931194 0.94106 0.950543 0.959476 0.967706 0.975096 0.98153 0.986913 0.991172 0.994251 0.99611 0.996728 0.996096 0.994222 0.991129 0.986858 0.98147 0.975047 0.967691 0.959527 0.950696 0.941356 0.931673 0.92182 0.911966 0.902276 0.892898 0.883966 0.87559 0.867855 0.860824 0.854531 0.848985 0.844176 0.840073 0.836627 0.833781 0.831469 0.829622 0.828173 0.827054 0.826207 0.825577 0.825118 0.824793 0.824572 0.82443 0.824351 0.824324 0.824343 0.824403 0.824505 0.82465 0.824839 0.825073 0.825353 0.825677 0.826042 0.82644 0.826864 0.827304 
0.820709 0.821149 0.821571 0.821967 0.82233 0.822654 0.822937 0.823179 0.823381 0.823547 0.823683 0.823795 0.823891 0.82398 0.824076 0.824194 0.824355 0.824585 0.824921 0.825406 0.826098 0.827062 0.828379 0.830136 0.832429 0.835357 0.839017 0.8435 0.848881 0.855216 0.862538 0.870846 0.880108 0.890256 0.901189 0.912772 0.924842 0.937212 0.94968 0.962034 0.974063 0.985559 0.996332 1.00621 1.01504 1.0227 1.02908 1.03411 1.03773 1.0399 1.0406 1.03982 1.03756 1.03386 1.02875 1.02229 1.01458 1.00573 0.99587 0.985165 0.973791 0.961944 0.949823 0.937632 0.925571 0.913824 0.902562 0.891929 0.882043 0.872992 0.864834 0.857595 0.851273 0.84584 0.841247 0.837427 0.834305 0.831794 0.82981 0.82827 0.827095 0.826216 0.825571 0.825109 0.824789 0.824577 0.82445 0.82439 0.824386 0.824431 0.824524 0.824662 0.824847 0.825079 0.825358 0.825681 0.826045 0.826443 0.826867 0.827307 
0.820711 0.82115 0.821573 0.821969 0.822332 0.822656 0.822939 0.823181 0.823384 0.823553 0.823692 0.823809 0.823915 0.824022 0.824145 0.824306 0.824533 0.824864 0.825346 0.82604 0.827022 0.828379 0.830214 0.83264 0.835776 0.839741 0.84465 0.850605 0.857684 0.86594 0.875391 0.886016 0.897753 0.910499 0.924112 0.938414 0.953197 0.968233 0.983278 0.998084 1.01241 1.02602 1.0387 1.05028 1.06058 1.06948 1.07687 1.08267 1.08683 1.08931 1.09009 1.08915 1.08651 1.08219 1.07623 1.06869 1.05966 1.04927 1.03765 1.02498 1.01145 0.997285 0.98271 0.967962 0.953276 0.938877 0.924976 0.911758 0.89938 0.887965 0.877601 0.868337 0.860188 0.853134 0.847129 0.842102 0.837962 0.834613 0.831949 0.829867 0.828269 0.827065 0.826176 0.825533 0.825081 0.824776 0.824583 0.824477 0.824443 0.824468 0.824548 0.824678 0.824857 0.825086 0.825363 0.825685 0.826048 0.826445 0.826869 0.827309 
0.820712 0.821151 0.821574 0.82197 0.822333 0.822657 0.822941 0.823184 0.823388 0.823559 0.823703 0.823829 0.823949 0.824079 0.824241 0.824462 0.824782 0.825249 0.825929 0.826902 0.828266 0.830136 0.83264 0.835918 0.840115 0.845372 0.851818 0.85956 0.868677 0.879208 0.891149 0.904447 0.919003 0.934667 0.951249 0.968522 0.98623 1.0041 1.02185 1.03919 1.05586 1.07161 1.0862 1.09945 1.11119 1.12128 1.12964 1.13618 1.14086 1.14363 1.14448 1.1434 1.14039 1.13548 1.1287 1.12011 1.1098 1.09789 1.08452 1.06987 1.05414 1.03759 1.02045 1.00299 0.985489 0.968209 0.951404 0.935306 0.920117 0.906003 0.893092 0.881464 0.871159 0.862175 0.85447 0.847974 0.842589 0.838201 0.834689 0.831926 0.829792 0.828173 0.826969 0.826092 0.825468 0.82504 0.82476 0.824595 0.824519 0.824518 0.824579 0.824697 0.82487 0.825094 0.825368 0.825688 0.82605 0.826447 0.826871 0.82731 
0.820713 0.821152 0.821575 0.821971 0.822334 0.822659 0.822943 0.823187 0.823393 0.823568 0.823719 0.823857 0.823997 0.824161 0.824375 0.824679 0.825122 0.825772 0.826713 0.828049 0.829906 0.832429 0.835776 0.840115 0.845618 0.852444 0.860733 0.870595 0.882095 0.895253 0.91003 0.926331 0.944008 0.962856 0.982631 1.00305 1.02381 1.04459 1.06507 1.08495 1.10392 1.12172 1.13813 1.15295 1.16602 1.17722 1.18646 1.19366 1.1988 1.20183 1.20275 1.20154 1.19821 1.19277 1.18525 1.17571 1.16421 1.15088 1.13584 1.11929 1.10143 1.0825 1.06277 1.04255 1.02212 1.00181 0.981899 0.962679 0.944402 0.927286 0.911505 0.897183 0.884393 0.873158 0.863452 0.855209 0.848328 0.842683 0.838133 0.834531 0.83173 0.829592 0.82799 0.826815 0.825972 0.825385 0.824993 0.824749 0.82462 0.824583 0.82462 0.824723 0.824886 0.825104 0.825374 0.825692 0.826053 0.826449 0.826872 0.827311 
0.820713 0.821153 0.821575 0.821972 0.822335 0.82266 0.822945 0.82319 0.8234 0.82358 0.82374 0.823895 0.824063 0.824272 0.824558 0.824971 0.825578 0.826466 0.827743 0.829542 0.832021 0.835357 0.839741 0.845372 0.852444 0.861133 0.871583 0.883896 0.898117 0.914231 0.932155 0.951741 0.972778 0.995002 1.01811 1.04175 1.06559 1.08925 1.11239 1.13467 1.1558 1.1755 1.19355 1.20976 1.22399 1.23613 1.24611 1.25388 1.25939 1.26265 1.26362 1.26231 1.25872 1.25284 1.24471 1.23435 1.22184 1.20726 1.19074 1.17245 1.15259 1.13141 1.10919 1.08624 1.06289 1.03948 1.01635 0.99384 0.972263 0.951891 0.932955 0.915634 0.900044 0.886243 0.874231 0.863954 0.855313 0.848175 0.842382 0.837765 0.834152 0.831376 0.829283 0.827736 0.826618 0.82583 0.825294 0.82495 0.824752 0.824668 0.824674 0.824757 0.824907 0.825117 0.825382 0.825697 0.826056 0.826451 0.826873 0.827312 
0.820714 0.821153 0.821576 0.821972 0.822336 0.822661 0.822947 0.823195 0.823409 0.823597 0.82377 0.823948 0.824154 0.824423 0.824803 0.825359 0.826177 0.827368 0.829069 0.831446 0.834691 0.839017 0.84465 0.851818 0.860733 0.871583 0.884507 0.899589 0.916841 0.936201 0.957528 0.98061 1.00517 1.03086 1.05733 1.08418 1.111 1.1374 1.16301 1.18748 1.21051 1.23185 1.25127 1.26863 1.28379 1.29667 1.30722 1.3154 1.3212 1.32462 1.32564 1.32427 1.32049 1.3143 1.30571 1.29474 1.28143 1.26584 1.24809 1.22832 1.20672 1.18352 1.159 1.13347 1.10729 1.08083 1.05447 1.0286 1.00359 0.979775 0.957458 0.936875 0.9182 0.901539 0.886925 0.874328 0.863659 0.854783 0.84753 0.84171 0.837125 0.83358 0.830889 0.828887 0.827429 0.826392 0.825678 0.825207 0.824922 0.824778 0.824744 0.824801 0.824934 0.825133 0.825392 0.825703 0.826059 0.826453 0.826874 0.827313 
0.820714 0.821154 0.821576 0.821973 0.822337 0.822663 0.822951 0.823202 0.823421 0.823619 0.823811 0.824019 0.824274 0.824622 0.825123 0.825862 0.826946 0.828516 0.83074 0.833822 0.837992 0.8435 0.850605 0.85956 0.870595 0.883896 0.899589 0.917726 0.938275 0.961111 0.986025 1.01273 1.04086 1.07003 1.09978 1.12968 1.15929 1.18817 1.21596 1.2423 1.26691 1.28954 1.31002 1.32821 1.34402 1.35739 1.36831 1.37675 1.38273 1.38625 1.38731 1.3859 1.38203 1.37567 1.36681 1.35545 1.34161 1.32532 1.30666 1.28574 1.26273 1.23783 1.2113 1.18346 1.15466 1.12531 1.09581 1.0666 1.03812 1.01077 0.984915 0.96087 0.938874 0.919091 0.901603 0.886414 0.873454 0.862594 0.853658 0.846438 0.840712 0.836256 0.832852 0.830303 0.828433 0.827092 0.826157 0.82553 0.825136 0.824917 0.824834 0.824858 0.824969 0.825155 0.825405 0.82571 0.826064 0.826456 0.826876 0.827313 
0.820715 0.821154 0.821577 0.821974 0.822338 0.822665 0.822955 0.823211 0.823438 0.82365 0.823865 0.824112 0.824431 0.824879 0.825534 0.826501 0.827915 0.829947 0.832805 0.83673 0.841993 0.848881 0.857684 0.868677 0.882095 0.898117 0.916841 0.938275 0.962324 0.988792 1.01739 1.04774 1.07941 1.11192 1.14478 1.17748 1.20956 1.24058 1.27016 1.29798 1.32376 1.3473 1.36846 1.38714 1.40329 1.41689 1.42794 1.43648 1.44251 1.44606 1.44715 1.44576 1.44189 1.4355 1.42658 1.41508 1.401 1.38434 1.36514 1.34346 1.31943 1.29322 1.26507 1.23528 1.20418 1.17219 1.13976 1.10736 1.07547 1.04458 1.01512 0.987482 0.961989 0.938874 0.918277 0.900248 0.884749 0.871666 0.860825 0.852006 0.844965 0.839449 0.835209 0.832013 0.829652 0.827947 0.826746 0.825929 0.825402 0.825091 0.824946 0.824929 0.825013 0.825182 0.825421 0.82572 0.82607 0.826459 0.826878 0.827315 
0.820716 0.821155 0.821577 0.821974 0.822339 0.822669 0.822962 0.823223 0.82346 0.82369 0.823936 0.824233 0.824633 0.825207 0.826051 0.827297 0.829111 0.831698 0.835307 0.84022 0.846749 0.855216 0.86594 0.879208 0.895253 0.914231 0.936201 0.961111 0.988792 1.01896 1.05125 1.08517 1.12023 1.15586 1.19152 1.22668 1.26084 1.29356 1.32449 1.35333 1.37984 1.40386 1.42531 1.44412 1.46029 1.47384 1.48482 1.49327 1.49923 1.50276 1.50385 1.50252 1.49875 1.49249 1.48369 1.47231 1.4583 1.44161 1.42225 1.40023 1.37562 1.34857 1.31924 1.28792 1.25493 1.22068 1.18562 1.15026 1.11513 1.08079 1.04775 1.01648 0.987385 0.960785 0.936891 0.915812 0.897553 0.882027 0.869068 0.858455 0.849924 0.843197 0.837993 0.834045 0.83111 0.828975 0.827459 0.826415 0.825726 0.825305 0.825084 0.825017 0.825068 0.825216 0.825442 0.825733 0.826077 0.826463 0.82688 0.827316 
0.820717 0.821155 0.821578 0.821976 0.822342 0.822673 0.82297 0.823238 0.823489 0.823742 0.824026 0.824386 0.824886 0.825614 0.826689 0.82827 0.830558 0.833798 0.838279 0.844329 0.852296 0.862538 0.875391 0.891149 0.91003 0.932155 0.957528 0.986025 1.01739 1.05125 1.08712 1.12445 1.16264 1.20108 1.23916 1.27634 1.31212 1.34607 1.37786 1.40723 1.43401 1.45809 1.47942 1.49801 1.51389 1.52714 1.53783 1.54603 1.55182 1.55525 1.55635 1.55511 1.55151 1.54551 1.53704 1.52601 1.51235 1.49598 1.47684 1.4549 1.43017 1.40274 1.37274 1.34038 1.30596 1.26987 1.23257 1.19459 1.1565 1.1189 1.08239 1.04753 1.01481 0.984647 0.957327 0.933034 0.911829 0.893664 0.878395 0.865801 0.855612 0.847524 0.841227 0.836421 0.832824 0.83019 0.828305 0.826994 0.826117 0.825563 0.825252 0.825124 0.825136 0.825258 0.825467 0.825748 0.826086 0.826468 0.826883 0.827318 
0.820718 0.821156 0.821579 0.821977 0.822345 0.822678 0.822981 0.823258 0.823526 0.823807 0.824139 0.824577 0.825197 0.82611 0.82746 0.829436 0.832277 0.836269 0.841746 0.849077 0.85865 0.870846 0.886016 0.904447 0.926331 0.951741 0.98061 1.01273 1.04774 1.08517 1.12445 1.16492 1.20591 1.24675 1.28682 1.32554 1.36244 1.39711 1.42926 1.4587 1.4853 1.50901 1.52986 1.5479 1.56322 1.57593 1.58615 1.59396 1.59948 1.60276 1.60383 1.60271 1.59937 1.59374 1.58575 1.57529 1.56224 1.54649 1.52792 1.50646 1.48206 1.45473 1.42454 1.39166 1.35632 1.31889 1.27981 1.23961 1.1989 1.15832 1.11856 1.08024 1.04395 1.01021 0.979401 0.951784 0.927492 0.906528 0.888778 0.874038 0.862031 0.852439 0.844924 0.839152 0.834807 0.831604 0.829296 0.827676 0.826578 0.82587 0.825453 0.825253 0.825217 0.825308 0.825498 0.825766 0.826097 0.826475 0.826887 0.82732 
0.820719 0.821157 0.82158 0.821979 0.822348 0.822686 0.822994 0.823283 0.823572 0.823888 0.824278 0.824808 0.825573 0.826703 0.828373 0.830806 0.834279 0.839124 0.845717 0.854468 0.865797 0.880108 0.897753 0.919003 0.944008 0.972778 1.00517 1.04086 1.07941 1.12023 1.16264 1.20591 1.2493 1.2921 1.33367 1.37343 1.41092 1.44581 1.47785 1.5069 1.53291 1.5559 1.57594 1.59315 1.60767 1.61965 1.62924 1.63655 1.64171 1.64479 1.64583 1.64485 1.64181 1.63665 1.62926 1.61953 1.60731 1.59244 1.57476 1.55414 1.53047 1.50368 1.47379 1.44088 1.40514 1.36688 1.32651 1.28456 1.24164 1.19845 1.15571 1.11414 1.07442 1.03717 1.00287 0.97188 0.944409 0.920524 0.900157 0.883126 0.869161 0.857933 0.849082 0.842243 0.837063 0.833222 0.830435 0.828465 0.827114 0.826228 0.825688 0.825404 0.825313 0.825368 0.825535 0.825789 0.82611 0.826483 0.826891 0.827322 
0.820721 0.821159 0.821582 0.821982 0.822353 0.822694 0.823011 0.823315 0.823627 0.823986 0.824444 0.825083 0.826017 0.827399 0.829436 0.832386 0.836571 0.842363 0.850183 0.860478 0.873698 0.890256 0.910499 0.934667 0.962856 0.995002 1.03086 1.07003 1.11192 1.15586 1.20108 1.24675 1.2921 1.33639 1.37894 1.41924 1.45685 1.49148 1.52297 1.55123 1.57629 1.59824 1.61721 1.63337 1.64691 1.65801 1.66685 1.67358 1.67832 1.68117 1.68217 1.68133 1.67863 1.67399 1.6673 1.65842 1.64719 1.6334 1.61685 1.59737 1.57477 1.54892 1.51976 1.4873 1.45166 1.41308 1.37194 1.32872 1.28405 1.23864 1.19327 1.14873 1.10579 1.06517 1.02745 0.99309 0.962401 0.93552 0.912435 0.892999 0.876958 0.863979 0.853686 0.845685 0.83959 0.835043 0.831725 0.829361 0.827726 0.826639 0.825959 0.82558 0.825425 0.825438 0.825578 0.825815 0.826126 0.826492 0.826897 0.827326 
0.820723 0.82116 0.821584 0.821985 0.822358 0.822705 0.823031 0.823352 0.823694 0.824102 0.82464 0.825405 0.826531 0.828199 0.830648 0.834175 0.839143 0.84597 0.855117 0.867065 0.882282 0.901189 0.924112 0.951249 0.982631 1.01811 1.05733 1.09978 1.14478 1.19152 1.23916 1.28682 1.33367 1.37894 1.42201 1.46237 1.49964 1.5336 1.56415 1.59129 1.61512 1.63578 1.65348 1.66844 1.68087 1.691 1.69902 1.70511 1.70939 1.71198 1.71292 1.71223 1.70988 1.7058 1.69986 1.69191 1.68175 1.66918 1.65396 1.63583 1.61458 1.58999 1.56194 1.53035 1.49526 1.45685 1.41542 1.37143 1.32549 1.2783 1.23069 1.18351 1.13761 1.09381 1.05279 1.01514 0.981248 0.951343 0.925481 0.903561 0.885352 0.870529 0.858702 0.849457 0.842374 0.837061 0.833161 0.830365 0.828415 0.827103 0.826266 0.82578 0.825553 0.825519 0.825628 0.825845 0.826144 0.826502 0.826903 0.827329 
0.820726 0.821162 0.821586 0.821988 0.822365 0.822718 0.823056 0.823396 0.823772 0.824236 0.824866 0.825773 0.827115 0.829102 0.832005 0.836163 0.84198 0.849917 0.860473 0.874157 0.891452 0.912772 0.938414 0.968522 1.00305 1.04175 1.08418 1.12968 1.17748 1.22668 1.27634 1.32554 1.37343 1.41924 1.46237 1.50235 1.53889 1.57183 1.60114 1.6269 1.64929 1.6685 1.68481 1.69845 1.70971 1.71881 1.72598 1.7314 1.73522 1.73753 1.73841 1.73786 1.73586 1.73233 1.72715 1.72015 1.71113 1.69986 1.68605 1.66944 1.64972 1.62665 1.6 1.56962 1.53548 1.49767 1.45642 1.41213 1.36538 1.31687 1.26743 1.21797 1.16942 1.12268 1.07856 1.03773 1.0007 0.967792 0.939135 0.914687 0.89425 0.877513 0.864083 0.853525 0.845393 0.83926 0.834733 0.831469 0.829176 0.827618 0.826609 0.826004 0.825697 0.82561 0.825684 0.825879 0.826164 0.826515 0.82691 0.827334 
0.820729 0.821165 0.821589 0.821993 0.822373 0.822733 0.823084 0.823447 0.823862 0.82439 0.825121 0.826187 0.827767 0.8301 0.833496 0.83833 0.845051 0.854158 0.866185 0.881664 0.901084 0.924842 0.953197 0.98623 1.02381 1.06559 1.111 1.15929 1.20956 1.26084 1.31212 1.36244 1.41092 1.45685 1.49964 1.53889 1.57437 1.60601 1.63386 1.65807 1.67888 1.69655 1.71139 1.72369 1.73375 1.74183 1.74815 1.75291 1.75625 1.7583 1.7591 1.75868 1.75701 1.75401 1.74957 1.74351 1.73563 1.72566 1.71332 1.69829 1.68023 1.65883 1.6338 1.60491 1.57204 1.53519 1.49452 1.45036 1.40324 1.35383 1.30298 1.25163 1.20077 1.15138 1.10437 1.06053 1.02048 0.984635 0.95321 0.926229 0.903537 0.884845 0.869762 0.857841 0.848613 0.841617 0.836426 0.832663 0.830003 0.828181 0.826985 0.826251 0.825856 0.82571 0.825747 0.825918 0.826188 0.826528 0.826918 0.827338 
0.820732 0.821167 0.821592 0.821998 0.822383 0.822751 0.823116 0.823504 0.823962 0.82456 0.825403 0.826641 0.828477 0.831183 0.835101 0.840649 0.848314 0.858633 0.87217 0.889473 0.911029 0.937212 0.968233 1.0041 1.04459 1.08925 1.1374 1.18817 1.24058 1.29356 1.34607 1.39711 1.44581 1.49148 1.5336 1.57183 1.60601 1.63616 1.6624 1.68495 1.70411 1.72021 1.73359 1.74457 1.75346 1.76053 1.76604 1.77016 1.77305 1.77483 1.77556 1.77525 1.77388 1.77138 1.76763 1.76247 1.75567 1.74698 1.73609 1.72265 1.7063 1.68665 1.66337 1.63616 1.60479 1.5692 1.52944 1.48579 1.43868 1.38879 1.33693 1.28406 1.23123 1.1795 1.12986 1.08322 1.0403 1.00162 0.967499 0.938017 0.913077 0.892419 0.87566 0.862347 0.85199 0.8441 0.838219 0.833933 0.830886 0.828784 0.827389 0.826517 0.826029 0.82582 0.825816 0.82596 0.826213 0.826544 0.826927 0.827344 
0.820736 0.82117 0.821595 0.822003 0.822393 0.82277 0.823151 0.823568 0.824072 0.824747 0.825709 0.82713 0.829238 0.832334 0.836797 0.843083 0.851717 0.863269 0.878329 0.897455 0.921124 0.94968 0.983278 1.02185 1.06507 1.11239 1.16301 1.21596 1.27016 1.32449 1.37786 1.42926 1.47785 1.52297 1.56415 1.60114 1.63386 1.6624 1.68695 1.70782 1.72534 1.7399 1.75185 1.76156 1.76934 1.77548 1.78021 1.78374 1.78622 1.78775 1.78839 1.78818 1.78707 1.78502 1.78191 1.77757 1.77178 1.7643 1.75479 1.7429 1.72822 1.71035 1.68888 1.66344 1.63374 1.59961 1.56102 1.51817 1.47143 1.4214 1.3689 1.31488 1.26042 1.20666 1.15467 1.10546 1.05986 1.0185 0.98178 0.949869 0.922723 0.900116 0.881685 0.866973 0.855473 0.846674 0.840084 0.83526 0.831813 0.829419 0.827817 0.8268 0.826212 0.825937 0.825889 0.826005 0.826241 0.82656 0.826937 0.82735 
0.820739 0.821173 0.821599 0.82201 0.822404 0.822791 0.82319 0.823636 0.824191 0.824945 0.826034 0.827645 0.830035 0.833533 0.838554 0.845589 0.855198 0.867983 0.884553 0.905469 0.931194 0.962034 0.998084 1.03919 1.08495 1.13467 1.18748 1.2423 1.29798 1.35333 1.40723 1.4587 1.5069 1.55123 1.59129 1.6269 1.65807 1.68495 1.70782 1.72702 1.74296 1.75604 1.76666 1.77518 1.78194 1.78722 1.79126 1.79425 1.79635 1.79765 1.79821 1.79807 1.7972 1.79554 1.79299 1.78938 1.78452 1.77813 1.76991 1.75947 1.7464 1.73026 1.71059 1.68695 1.65899 1.62645 1.58922 1.5474 1.50128 1.45143 1.3986 1.34376 1.28801 1.23252 1.17847 1.12694 1.07887 1.03501 0.995829 0.961592 0.932314 0.90781 0.887737 0.87164 0.859003 0.849293 0.841991 0.836621 0.832767 0.830076 0.82826 0.827094 0.826404 0.82606 0.825967 0.826053 0.82627 0.826578 0.826948 0.827356 
0.820744 0.821177 0.821603 0.822016 0.822417 0.822814 0.82323 0.823708 0.824315 0.825152 0.82637 0.828177 0.830852 0.834757 0.840336 0.848116 0.85869 0.872685 0.890723 0.913367 0.94106 0.974063 1.01241 1.05586 1.10392 1.1558 1.21051 1.26691 1.32376 1.37984 1.43401 1.4853 1.53291 1.57629 1.61512 1.64929 1.67888 1.70411 1.72534 1.74296 1.75741 1.76912 1.77851 1.78596 1.79179 1.79631 1.79973 1.80224 1.804 1.8051 1.80559 1.80551 1.80483 1.8035 1.80143 1.79847 1.79441 1.78901 1.78195 1.77285 1.76128 1.74677 1.72882 1.70696 1.68075 1.64985 1.61408 1.57343 1.52815 1.47871 1.42582 1.37045 1.31369 1.25678 1.20094 1.14736 1.09706 1.05089 1.00942 0.972995 0.94169 0.915367 0.893707 0.876265 0.862516 0.85191 0.843903 0.837993 0.833732 0.830742 0.828712 0.827395 0.826601 0.826187 0.826046 0.826103 0.8263 0.826596 0.826958 0.827363 
0.820748 0.82118 0.821608 0.822024 0.82243 0.822837 0.823273 0.823782 0.824441 0.825363 0.826711 0.828713 0.831673 0.835978 0.842105 0.850612 0.862121 0.877279 0.896721 0.921003 0.950543 0.985559 1.02602 1.07161 1.12172 1.1755 1.23185 1.28954 1.3473 1.40386 1.45809 1.50901 1.5559 1.59824 1.63578 1.6685 1.69655 1.72021 1.7399 1.75604 1.76912 1.77959 1.78788 1.79437 1.7994 1.80324 1.80612 1.80823 1.80969 1.81061 1.81103 1.81099 1.81047 1.80943 1.80776 1.80534 1.80199 1.79744 1.79141 1.7835 1.77329 1.76028 1.74395 1.72377 1.69926 1.66999 1.63571 1.59633 1.552 1.50314 1.45041 1.39475 1.33725 1.27919 1.22184 1.16646 1.11417 1.06591 1.02234 0.983889 0.950689 0.922653 0.899489 0.880762 0.865946 0.854475 0.845785 0.839347 0.834688 0.831405 0.829163 0.827697 0.826799 0.826314 0.826127 0.826153 0.826331 0.826615 0.82697 0.827369 
0.820752 0.821184 0.821612 0.822031 0.822443 0.822861 0.823315 0.823857 0.824568 0.825573 0.827049 0.829242 0.832477 0.837169 0.843823 0.853024 0.865419 0.881674 0.902429 0.928233 0.959476 0.996332 1.0387 1.0862 1.13813 1.19355 1.25127 1.31002 1.36846 1.42531 1.47942 1.52986 1.57594 1.61721 1.65348 1.68481 1.71139 1.73359 1.75185 1.76666 1.77851 1.78788 1.7952 1.80086 1.80519 1.80846 1.81088 1.81264 1.81385 1.81461 1.81498 1.81497 1.81457 1.81375 1.81243 1.81047 1.8077 1.80389 1.79874 1.79188 1.78287 1.77121 1.75635 1.73774 1.71481 1.68711 1.65429 1.61619 1.57288 1.52471 1.47229 1.41653 1.35852 1.29954 1.24093 1.18401 1.12998 1.07986 1.0344 0.994097 0.95916 0.929539 0.904976 0.885047 0.869227 0.856937 0.847597 0.840656 0.835615 0.83205 0.829603 0.827992 0.826993 0.82644 0.826207 0.826203 0.826362 0.826633 0.826981 0.827376 
0.820756 0.821188 0.821617 0.822038 0.822456 0.822885 0.823357 0.82393 0.824692 0.825777 0.827375 0.829749 0.833246 0.838302 0.84545 0.855298 0.868514 0.88578 0.907738 0.934925 0.967706 1.00621 1.05028 1.09945 1.15295 1.20976 1.26863 1.32821 1.38714 1.44412 1.49801 1.5479 1.59315 1.63337 1.66844 1.69845 1.72369 1.74457 1.76156 1.77518 1.78596 1.79437 1.80086 1.80582 1.80955 1.81234 1.81438 1.81584 1.81685 1.81748 1.81779 1.8178 1.81751 1.81687 1.81581 1.81422 1.81194 1.80875 1.80435 1.79838 1.79042 1.77994 1.7664 1.74918 1.72771 1.70146 1.67002 1.63316 1.59087 1.54344 1.49143 1.43571 1.37736 1.31768 1.25804 1.19982 1.14429 1.09254 1.04541 1.00346 0.96696 0.935906 0.910067 0.889038 0.872293 0.859247 0.849304 0.841892 0.836494 0.832663 0.830023 0.828274 0.82718 0.826561 0.826284 0.826252 0.826392 0.826651 0.826992 0.827383 
0.820761 0.821191 0.821621 0.822045 0.822468 0.822907 0.823398 0.824 0.824809 0.825968 0.82768 0.830223 0.83396 0.839352 0.846949 0.857384 0.871342 0.889515 0.912546 0.94096 0.975096 1.01504 1.06058 1.11119 1.16602 1.22399 1.28379 1.34402 1.40329 1.46029 1.51389 1.56322 1.60767 1.64691 1.68087 1.70971 1.73375 1.75346 1.76934 1.78194 1.79179 1.7994 1.80519 1.80955 1.8128 1.81518 1.81691 1.81814 1.81898 1.8195 1.81977 1.81979 1.81957 1.81907 1.81823 1.81694 1.81506 1.81236 1.80858 1.80337 1.79629 1.78683 1.77442 1.75843 1.73825 1.71331 1.68312 1.64741 1.60609 1.5594 1.50784 1.45225 1.3937 1.33349 1.27303 1.21373 1.15693 1.10379 1.05522 1.01184 0.973964 0.941643 0.914672 0.89266 0.875085 0.861358 0.850868 0.843029 0.837306 0.833231 0.830414 0.828537 0.827354 0.826675 0.826357 0.826297 0.82642 0.826669 0.827002 0.827389 
0.820764 0.821195 0.821625 0.822052 0.82248 0.822928 0.823435 0.824064 0.824917 0.826144 0.827958 0.830652 0.834604 0.840292 0.848287 0.859239 0.873845 0.892807 0.916766 0.946236 0.98153 1.0227 1.06948 1.12128 1.17722 1.23613 1.29667 1.35739 1.41689 1.47384 1.52714 1.57593 1.61965 1.65801 1.691 1.71881 1.74183 1.76053 1.77548 1.78722 1.79631 1.80324 1.80846 1.81234 1.81518 1.81725 1.81873 1.81976 1.82046 1.8209 1.82113 1.82116 1.821 1.82061 1.81994 1.81888 1.81731 1.81502 1.81174 1.80714 1.80079 1.79218 1.78072 1.76578 1.7467 1.72288 1.6938 1.65911 1.61867 1.57267 1.52157 1.46615 1.4075 1.3469 1.28579 1.22563 1.16779 1.11349 1.06371 1.01911 0.980064 0.946658 0.91871 0.895847 0.87755 0.863227 0.852258 0.844043 0.838031 0.833741 0.830765 0.828775 0.827512 0.826778 0.826423 0.826339 0.826446 0.826685 0.827012 0.827395 
