0.803294 0.803738 0.804165 0.804565 0.804929 0.805255 0.805537 0.805778 0.805977 0.806139 0.806267 0.806367 0.806442 0.806498 0.806539 0.806568 0.806588 0.806602 0.806612 0.806618 0.806622 0.806624 0.806626 0.806627 0.806628 0.806628 0.806629 0.806629 0.80663 0.806631 0.806631 0.806632 0.806634 0.806635 0.806637 0.806639 0.806642 0.806645 0.806648 0.806651 0.806655 0.806659 0.806663 0.806666 0.80667 0.806674 0.806677 0.806679 0.806682 0.806683 0.806684 0.806685 0.806685 0.806684 0.806682 0.80668 0.806678 0.806675 0.806671 0.806668 0.806664 0.806661 0.806657 0.806653 0.80665 0.806647 0.806644 0.806641 0.806639 0.806637 0.806635 0.806634 0.806633 0.806632 0.806631 0.80663 0.80663 0.80663 0.80663 0.806631 0.806633 0.806636 0.806641 0.80665 0.806664 0.806686 0.806719 0.806766 0.806832 0.806923 0.807044 0.807199 0.807395 0.807633 0.807917 0.808244 0.808611 0.809014 0.809442 0.809886 
0.803738 0.804183 0.804609 0.805008 0.805373 0.805698 0.805981 0.806221 0.80642 0.806582 0.80671 0.80681 0.806885 0.806942 0.806982 0.807012 0.807032 0.807046 0.807055 0.807061 0.807065 0.807068 0.80707 0.807071 0.807071 0.807072 0.807072 0.807072 0.807073 0.807073 0.807074 0.807075 0.807076 0.807077 0.807078 0.80708 0.807082 0.807084 0.807087 0.807089 0.807092 0.807096 0.807099 0.807102 0.807105 0.807108 0.807111 0.807113 0.807115 0.807117 0.807118 0.807118 0.807118 0.807117 0.807116 0.807114 0.807112 0.80711 0.807107 0.807104 0.807101 0.807098 0.807094 0.807091 0.807089 0.807086 0.807084 0.807082 0.80708 0.807078 0.807077 0.807076 0.807075 0.807074 0.807074 0.807073 0.807073 0.807073 0.807074 0.807074 0.807076 0.807079 0.807085 0.807094 0.807108 0.80713 0.807162 0.80721 0.807276 0.807367 0.807487 0.807643 0.807839 0.808077 0.80836 0.808687 0.809055 0.809457 0.809885 0.810329 
0.804165 0.804609 0.805035 0.805435 0.805799 0.806124 0.806407 0.806647 0.806846 0.807008 0.807136 0.807236 0.807311 0.807367 0.807408 0.807437 0.807458 0.807472 0.807481 0.807487 0.807491 0.807494 0.807496 0.807497 0.807497 0.807498 0.807498 0.807498 0.807499 0.807499 0.8075 0.807501 0.807502 0.807503 0.807505 0.807507 0.807509 0.807512 0.807515 0.807518 0.807522 0.807525 0.807529 0.807533 0.807537 0.807541 0.807544 0.807547 0.807549 0.807551 0.807552 0.807553 0.807553 0.807552 0.80755 0.807548 0.807545 0.807542 0.807539 0.807535 0.807531 0.807527 0.807524 0.80752 0.807517 0.807514 0.807511 0.807508 0.807506 0.807505 0.807503 0.807502 0.807501 0.8075 0.8075 0.807499 0.807499 0.807499 0.807499 0.8075 0.807502 0.807505 0.807511 0.80752 0.807534 0.807556 0.807589 0.807636 0.807702 0.807793 0.807914 0.808069 0.808265 0.808503 0.808786 0.809113 0.809481 0.809882 0.81031 0.810754 
0.804565 0.805008 0.805435 0.805834 0.806198 0.806523 0.806805 0.807045 0.807245 0.807407 0.807535 0.807634 0.80771 0.807766 0.807807 0.807836 0.807857 0.807871 0.80788 0.807886 0.80789 0.807893 0.807894 0.807895 0.807896 0.807897 0.807897 0.807898 0.807898 0.807899 0.8079 0.807901 0.807903 0.807905 0.807908 0.807911 0.807914 0.807919 0.807924 0.807929 0.807935 0.807942 0.807948 0.807954 0.807961 0.807967 0.807972 0.807977 0.80798 0.807983 0.807985 0.807986 0.807985 0.807984 0.807981 0.807977 0.807973 0.807968 0.807962 0.807956 0.80795 0.807944 0.807937 0.807932 0.807926 0.807921 0.807917 0.807913 0.80791 0.807907 0.807905 0.807903 0.807901 0.8079 0.807899 0.807899 0.807898 0.807898 0.807899 0.807899 0.807901 0.807904 0.80791 0.807919 0.807933 0.807955 0.807988 0.808035 0.808101 0.808192 0.808313 0.808469 0.808664 0.808902 0.809185 0.809512 0.809879 0.810281 0.810709 0.811153 
0.804929 0.805373 0.805799 0.806198 0.806562 0.806887 0.80717 0.80741 0.807609 0.807771 0.807899 0.807999 0.808074 0.808131 0.808171 0.808201 0.808221 0.808235 0.808244 0.808251 0.808255 0.808257 0.808259 0.80826 0.808261 0.808262 0.808262 0.808263 0.808264 0.808265 0.808267 0.80827 0.808273 0.808277 0.808282 0.808288 0.808295 0.808303 0.808312 0.808322 0.808333 0.808345 0.808356 0.808368 0.808379 0.80839 0.808399 0.808407 0.808414 0.808419 0.808422 0.808423 0.808422 0.808419 0.808414 0.808407 0.808399 0.80839 0.808379 0.808368 0.808357 0.808346 0.808334 0.808324 0.808314 0.808305 0.808297 0.80829 0.808284 0.808279 0.808275 0.808272 0.808269 0.808267 0.808266 0.808264 0.808264 0.808263 0.808263 0.808264 0.808266 0.808269 0.808274 0.808283 0.808298 0.808319 0.808352 0.808399 0.808466 0.808557 0.808678 0.808833 0.809029 0.809267 0.80955 0.809877 0.810244 0.810645 0.811073 0.811517 
0.805255 0.805698 0.806124 0.806523 0.806887 0.807212 0.807494 0.807734 0.807934 0.808095 0.808224 0.808323 0.808399 0.808455 0.808496 0.808525 0.808546 0.80856 0.808569 0.808576 0.80858 0.808582 0.808584 0.808585 0.808586 0.808587 0.808588 0.80859 0.808592 0.808595 0.808598 0.808603 0.808609 0.808617 0.808627 0.808638 0.808651 0.808667 0.808684 0.808703 0.808723 0.808745 0.808766 0.808788 0.808808 0.808827 0.808844 0.808859 0.808871 0.808879 0.808884 0.808886 0.808884 0.808878 0.808868 0.808856 0.808841 0.808823 0.808804 0.808784 0.808763 0.808742 0.808722 0.808702 0.808684 0.808668 0.808653 0.80864 0.808629 0.80862 0.808612 0.808606 0.808601 0.808597 0.808594 0.808592 0.808591 0.80859 0.808589 0.80859 0.808591 0.808594 0.808599 0.808608 0.808623 0.808645 0.808677 0.808724 0.808791 0.808882 0.809003 0.809158 0.809354 0.809592 0.809875 0.810202 0.810569 0.81097 0.811398 0.811841 
0.805537 0.805981 0.806407 0.806805 0.80717 0.807494 0.807777 0.808017 0.808216 0.808378 0.808506 0.808606 0.808682 0.808738 0.808779 0.808808 0.808829 0.808843 0.808852 0.808858 0.808863 0.808865 0.808867 0.808869 0.80887 0.808872 0.808874 0.808877 0.808881 0.808887 0.808894 0.808903 0.808915 0.80893 0.808948 0.80897 0.808995 0.809024 0.809056 0.80909 0.809128 0.809166 0.809205 0.809244 0.80928 0.809315 0.809345 0.809371 0.809391 0.809406 0.809415 0.809417 0.809412 0.809401 0.809384 0.809361 0.809333 0.809302 0.809267 0.80923 0.809192 0.809155 0.809118 0.809083 0.80905 0.80902 0.808993 0.80897 0.808949 0.808932 0.808918 0.808907 0.808897 0.80889 0.808884 0.80888 0.808877 0.808875 0.808874 0.808874 0.808875 0.808877 0.808883 0.808891 0.808906 0.808927 0.80896 0.809007 0.809074 0.809165 0.809286 0.809441 0.809637 0.809875 0.810158 0.810485 0.810852 0.811253 0.811681 0.812124 
0.805778 0.806221 0.806647 0.807045 0.80741 0.807734 0.808017 0.808257 0.808456 0.808618 0.808747 0.808846 0.808922 0.808978 0.809019 0.809049 0.809069 0.809083 0.809093 0.809099 0.809103 0.809106 0.809109 0.809111 0.809113 0.809116 0.809121 0.809126 0.809134 0.809144 0.809158 0.809176 0.809198 0.809226 0.80926 0.8093 0.809346 0.809398 0.809456 0.809518 0.809585 0.809653 0.809722 0.809789 0.809854 0.809913 0.809966 0.81001 0.810045 0.81007 0.810084 0.810086 0.810077 0.810057 0.810026 0.809986 0.809937 0.809881 0.809819 0.809754 0.809688 0.809621 0.809556 0.809493 0.809435 0.809382 0.809334 0.809292 0.809256 0.809225 0.8092 0.809179 0.809162 0.809148 0.809138 0.80913 0.809124 0.80912 0.809118 0.809116 0.809117 0.809119 0.809124 0.809132 0.809146 0.809168 0.809201 0.809248 0.809315 0.809406 0.809526 0.809682 0.809878 0.810116 0.810399 0.810726 0.811093 0.811494 0.811921 0.812365 
0.805977 0.80642 0.806846 0.807245 0.807609 0.807934 0.808216 0.808456 0.808656 0.808818 0.808946 0.809046 0.809121 0.809178 0.809219 0.809248 0.809269 0.809283 0.809292 0.809299 0.809304 0.809307 0.80931 0.809314 0.809318 0.809324 0.809332 0.809342 0.809357 0.809377 0.809402 0.809435 0.809476 0.809527 0.809587 0.809659 0.809741 0.809833 0.809935 0.810044 0.810159 0.810277 0.810395 0.810511 0.81062 0.81072 0.810809 0.810883 0.810942 0.810982 0.811004 0.811007 0.81099 0.810954 0.8109 0.81083 0.810745 0.810649 0.810543 0.810432 0.810317 0.810202 0.81009 0.809983 0.809882 0.80979 0.809707 0.809634 0.80957 0.809516 0.809471 0.809434 0.809404 0.80938 0.809361 0.809347 0.809336 0.809329 0.809323 0.80932 0.809319 0.809321 0.809325 0.809333 0.809347 0.809368 0.809401 0.809448 0.809514 0.809605 0.809726 0.809882 0.810077 0.810316 0.810599 0.810926 0.811293 0.811694 0.812121 0.812565 
0.806139 0.806582 0.807008 0.807407 0.807771 0.808095 0.808378 0.808618 0.808818 0.808979 0.809108 0.809208 0.809283 0.80934 0.809381 0.80941 0.809431 0.809445 0.809455 0.809462 0.809467 0.809472 0.809477 0.809482 0.80949 0.8095 0.809515 0.809535 0.809562 0.809598 0.809644 0.809703 0.809777 0.809866 0.809973 0.810097 0.810238 0.810397 0.81057 0.810756 0.810949 0.811147 0.811345 0.811536 0.811717 0.811882 0.812027 0.812148 0.812243 0.812307 0.812341 0.812342 0.812312 0.81225 0.812159 0.812041 0.8119 0.811739 0.811562 0.811376 0.811184 0.810992 0.810803 0.810623 0.810454 0.810298 0.810157 0.810033 0.809925 0.809832 0.809754 0.80969 0.809638 0.809597 0.809564 0.809539 0.80952 0.809506 0.809496 0.80949 0.809486 0.809486 0.809489 0.809496 0.80951 0.809531 0.809563 0.80961 0.809677 0.809768 0.809888 0.810044 0.81024 0.810478 0.810761 0.811088 0.811455 0.811856 0.812284 0.812727 
0.806267 0.80671 0.807136 0.807535 0.807899 0.808224 0.808506 0.808747 0.808946 0.809108 0.809236 0.809336 0.809412 0.809468 0.80951 0.809539 0.80956 0.809574 0.809585 0.809592 0.809599 0.809605 0.809613 0.809623 0.809636 0.809655 0.809682 0.809718 0.809767 0.809831 0.809913 0.810016 0.810143 0.810296 0.810478 0.810688 0.810926 0.811191 0.811478 0.811783 0.812101 0.812424 0.812744 0.813053 0.813343 0.813607 0.813838 0.81403 0.814178 0.814278 0.814328 0.814327 0.814274 0.814172 0.814023 0.81383 0.8136 0.813338 0.813052 0.812749 0.812437 0.812123 0.811816 0.81152 0.811243 0.810986 0.810754 0.810548 0.810368 0.810214 0.810084 0.809976 0.809888 0.809817 0.809762 0.809719 0.809686 0.809661 0.809644 0.809632 0.809624 0.809621 0.809622 0.809628 0.80964 0.809661 0.809692 0.809739 0.809806 0.809897 0.810017 0.810173 0.810369 0.810607 0.81089 0.811217 0.811584 0.811985 0.812413 0.812856 
0.806367 0.80681 0.807236 0.807634 0.807999 0.808323 0.808606 0.808846 0.809046 0.809208 0.809336 0.809436 0.809512 0.809568 0.80961 0.809639 0.80966 0.809675 0.809687 0.809696 0.809704 0.809714 0.809727 0.809744 0.809768 0.809802 0.80985 0.809914 0.809998 0.810109 0.810249 0.810425 0.810639 0.810895 0.811196 0.811542 0.811931 0.81236 0.812823 0.813312 0.813818 0.81433 0.814834 0.815319 0.815773 0.816184 0.816541 0.816836 0.817061 0.817212 0.817285 0.817277 0.81719 0.817026 0.816788 0.816483 0.816119 0.815705 0.815253 0.814774 0.81428 0.813783 0.813294 0.812824 0.81238 0.811969 0.811596 0.811263 0.810972 0.81072 0.810507 0.81033 0.810184 0.810067 0.809975 0.809902 0.809847 0.809805 0.809775 0.809753 0.809739 0.809731 0.809728 0.809732 0.809743 0.809762 0.809794 0.80984 0.809906 0.809997 0.810117 0.810273 0.810469 0.810707 0.81099 0.811317 0.811684 0.812086 0.812513 0.812956 
0.806442 0.806885 0.807311 0.80771 0.808074 0.808399 0.808682 0.808922 0.809121 0.809283 0.809412 0.809512 0.809588 0.809644 0.809686 0.809716 0.809737 0.809753 0.809766 0.809778 0.80979 0.809806 0.809827 0.809858 0.8099 0.80996 0.810041 0.810151 0.810295 0.810481 0.810715 0.811005 0.811356 0.811772 0.812257 0.81281 0.813428 0.814105 0.814831 0.815593 0.816377 0.817165 0.817938 0.818679 0.819368 0.819989 0.820526 0.820968 0.821303 0.821524 0.821627 0.821608 0.821468 0.821211 0.820844 0.820374 0.819814 0.819179 0.818484 0.817747 0.816986 0.816219 0.815463 0.814734 0.814043 0.813402 0.812817 0.812292 0.811831 0.811432 0.811092 0.810807 0.810573 0.810383 0.810232 0.810113 0.810022 0.809953 0.809902 0.809865 0.80984 0.809824 0.809816 0.809815 0.809823 0.809841 0.809871 0.809917 0.809983 0.810073 0.810194 0.810349 0.810545 0.810784 0.811067 0.811393 0.81176 0.812162 0.812589 0.813033 
0.806498 0.806942 0.807367 0.807766 0.808131 0.808455 0.808738 0.808978 0.809178 0.80934 0.809468 0.809568 0.809644 0.809701 0.809743 0.809773 0.809796 0.809814 0.809829 0.809845 0.809864 0.80989 0.809927 0.809979 0.810052 0.810153 0.81029 0.810473 0.810711 0.811015 0.811395 0.811861 0.812421 0.813079 0.813839 0.8147 0.815655 0.816693 0.8178 0.818955 0.820136 0.821317 0.822471 0.82357 0.824588 0.825501 0.826288 0.826931 0.827416 0.827731 0.827871 0.827833 0.827617 0.827229 0.826676 0.825974 0.825138 0.824189 0.82315 0.822047 0.820907 0.819754 0.818615 0.817512 0.816465 0.815488 0.814594 0.813789 0.813077 0.812458 0.811928 0.811482 0.811113 0.810813 0.810572 0.810383 0.810236 0.810124 0.81004 0.80998 0.809936 0.809908 0.809891 0.809884 0.809888 0.809903 0.809931 0.809976 0.810041 0.810131 0.810251 0.810406 0.810602 0.81084 0.811123 0.81145 0.811817 0.812219 0.812646 0.813089 
0.806539 0.806982 0.807408 0.807807 0.808171 0.808496 0.808779 0.809019 0.809219 0.809381 0.80951 0.80961 0.809686 0.809743 0.809785 0.809817 0.809841 0.809862 0.809882 0.809905 0.809936 0.809979 0.81004 0.810127 0.810249 0.810417 0.810642 0.810939 0.811322 0.811807 0.812407 0.813136 0.814004 0.815017 0.816178 0.817481 0.818916 0.820467 0.822108 0.823812 0.825543 0.827265 0.828938 0.830525 0.831989 0.833296 0.834417 0.835329 0.836011 0.83645 0.836637 0.836567 0.836244 0.835674 0.834869 0.833847 0.832633 0.831254 0.829743 0.828137 0.826472 0.824786 0.823114 0.82149 0.819941 0.818491 0.817157 0.815951 0.814879 0.813942 0.813136 0.812455 0.811887 0.811422 0.811048 0.810751 0.81052 0.810343 0.81021 0.810112 0.810041 0.809992 0.809961 0.809945 0.809942 0.809952 0.809978 0.81002 0.810084 0.810173 0.810293 0.810448 0.810643 0.810882 0.811165 0.811491 0.811858 0.81226 0.812687 0.813131 
0.806568 0.807012 0.807437 0.807836 0.808201 0.808525 0.808808 0.809049 0.809248 0.80941 0.809539 0.809639 0.809716 0.809773 0.809817 0.80985 0.809878 0.809903 0.809931 0.809967 0.810016 0.810087 0.810188 0.810331 0.810529 0.810799 0.811159 0.811629 0.81223 0.812982 0.813906 0.815016 0.816327 0.817845 0.819569 0.82149 0.823591 0.825844 0.828215 0.830659 0.833129 0.835572 0.837935 0.840165 0.842213 0.844034 0.845589 0.846847 0.847782 0.848377 0.848619 0.848505 0.848037 0.847224 0.846083 0.844639 0.842923 0.840974 0.838837 0.836559 0.834192 0.831789 0.829398 0.827065 0.824832 0.822733 0.820792 0.819029 0.817453 0.816068 0.814871 0.813852 0.812999 0.812296 0.811727 0.811273 0.810917 0.810643 0.810435 0.810281 0.810168 0.81009 0.810037 0.810005 0.809992 0.809995 0.810015 0.810055 0.810116 0.810204 0.810323 0.810478 0.810673 0.810911 0.811194 0.811521 0.811888 0.812289 0.812717 0.813161 
0.806588 0.807032 0.807458 0.807857 0.808221 0.808546 0.808829 0.809069 0.809269 0.809431 0.80956 0.80966 0.809737 0.809796 0.809841 0.809878 0.80991 0.809944 0.809985 0.81004 0.810119 0.810233 0.810396 0.810625 0.81094 0.811365 0.811926 0.812651 0.813568 0.814706 0.816089 0.817738 0.819667 0.821882 0.824377 0.827135 0.830129 0.833318 0.83665 0.840066 0.843497 0.846872 0.85012 0.853171 0.85596 0.85843 0.86053 0.862221 0.86347 0.864255 0.864561 0.864384 0.863727 0.862602 0.861032 0.859047 0.856689 0.854008 0.851063 0.847917 0.84464 0.841301 0.837967 0.834702 0.831562 0.828596 0.82584 0.823323 0.821062 0.819062 0.817323 0.815835 0.814581 0.813542 0.812695 0.812016 0.81148 0.811064 0.810748 0.810511 0.810337 0.810213 0.810128 0.810073 0.810044 0.810036 0.810049 0.810084 0.810142 0.810228 0.810346 0.8105 0.810694 0.810932 0.811215 0.811542 0.811909 0.81231 0.812738 0.813181 
0.806602 0.807046 0.807472 0.807871 0.808235 0.80856 0.808843 0.809083 0.809283 0.809445 0.809574 0.809675 0.809753 0.809814 0.809862 0.809903 0.809944 0.809991 0.810052 0.810139 0.810264 0.810444 0.810701 0.811058 0.811546 0.812198 0.813049 0.814139 0.815504 0.817181 0.819201 0.821588 0.824355 0.827504 0.831023 0.834882 0.83904 0.843436 0.847999 0.852647 0.857288 0.86183 0.866178 0.870243 0.873943 0.877206 0.879969 0.882182 0.883808 0.884818 0.885196 0.884936 0.884043 0.882531 0.880428 0.877774 0.874621 0.871031 0.867079 0.862849 0.858427 0.853905 0.849373 0.844914 0.840606 0.836515 0.832695 0.829186 0.826014 0.823193 0.820725 0.818599 0.816797 0.815294 0.814062 0.813067 0.812277 0.811661 0.811189 0.810833 0.81057 0.81038 0.810247 0.810158 0.810105 0.810081 0.810083 0.810111 0.810164 0.810247 0.810363 0.810516 0.810709 0.810947 0.81123 0.811556 0.811923 0.812324 0.812752 0.813195 
0.806612 0.807055 0.807481 0.80788 0.808244 0.808569 0.808852 0.809093 0.809292 0.809455 0.809585 0.809687 0.809766 0.809829 0.809882 0.809931 0.809985 0.810052 0.810145 0.81028 0.810474 0.810754 0.811148 0.811694 0.81243 0.813405 0.814665 0.816263 0.818245 0.820657 0.823534 0.826903 0.830773 0.835139 0.839976 0.84524 0.850867 0.856775 0.862865 0.869028 0.875146 0.881099 0.88677 0.892047 0.896829 0.901027 0.904569 0.907393 0.909456 0.910725 0.911181 0.910817 0.909639 0.907664 0.904927 0.901474 0.897368 0.892687 0.887523 0.881977 0.876162 0.870191 0.864181 0.85824 0.852471 0.846962 0.841789 0.837008 0.832661 0.828771 0.825344 0.822374 0.81984 0.817714 0.815958 0.814532 0.813393 0.812498 0.811808 0.811285 0.810895 0.810611 0.81041 0.810272 0.810185 0.810137 0.810123 0.810139 0.810186 0.810264 0.810377 0.810528 0.810721 0.810957 0.81124 0.811566 0.811933 0.812334 0.812762 0.813205 
0.806618 0.807061 0.807487 0.807886 0.808251 0.808576 0.808858 0.809099 0.809299 0.809462 0.809592 0.809696 0.809778 0.809845 0.809905 0.809967 0.81004 0.810139 0.81028 0.810484 0.810781 0.811205 0.811798 0.812609 0.813695 0.815117 0.816939 0.819225 0.822034 0.825418 0.829417 0.834055 0.839336 0.845242 0.85173 0.858733 0.86616 0.8739 0.881825 0.889792 0.897654 0.905261 0.912469 0.919144 0.925167 0.930433 0.934857 0.938372 0.940925 0.942481 0.943019 0.94253 0.941022 0.938516 0.935049 0.930676 0.925471 0.919525 0.912948 0.905862 0.898404 0.890714 0.882936 0.875209 0.867664 0.860419 0.853573 0.847208 0.841382 0.836135 0.831481 0.827421 0.823934 0.820987 0.818538 0.816536 0.814927 0.813655 0.812667 0.811913 0.811348 0.810933 0.810636 0.810429 0.810292 0.81021 0.810173 0.810173 0.81021 0.810281 0.81039 0.810538 0.810729 0.810965 0.811247 0.811573 0.811939 0.812341 0.812768 0.813211 
0.806622 0.807065 0.807491 0.80789 0.808255 0.80858 0.808863 0.809103 0.809304 0.809467 0.809599 0.809704 0.80979 0.809864 0.809936 0.810016 0.810119 0.810264 0.810474 0.810781 0.811224 0.811852 0.812722 0.813902 0.815465 0.817492 0.820063 0.823256 0.827142 0.831779 0.837207 0.843442 0.850478 0.858275 0.866768 0.875859 0.885425 0.89532 0.905379 0.915425 0.925276 0.934754 0.943688 0.951922 0.959317 0.965758 0.971148 0.975413 0.978496 0.980359 0.98098 0.98035 0.978477 0.975383 0.971109 0.965718 0.95929 0.951931 0.943765 0.934937 0.925606 0.91594 0.906115 0.8963 0.886662 0.877349 0.868493 0.860205 0.852568 0.845641 0.839457 0.834022 0.829322 0.825324 0.821978 0.819225 0.816996 0.815224 0.813838 0.812774 0.811971 0.811377 0.810948 0.810645 0.81044 0.81031 0.810239 0.810218 0.810239 0.810301 0.810404 0.810548 0.810737 0.810971 0.811252 0.811577 0.811944 0.812345 0.812772 0.813216 
0.806624 0.807068 0.807494 0.807893 0.808257 0.808582 0.808865 0.809106 0.809307 0.809472 0.809605 0.809714 0.809806 0.80989 0.809979 0.810087 0.810233 0.810444 0.810754 0.811205 0.811852 0.812761 0.814009 0.815685 0.817884 0.820706 0.824251 0.82861 0.833864 0.840071 0.847268 0.855458 0.864614 0.87467 0.885527 0.897051 0.909081 0.921428 0.93389 0.946251 0.958296 0.969817 0.980619 0.990525 0.999383 1.00707 1.01347 1.01852 1.02216 1.02434 1.02504 1.02426 1.022 1.01828 1.01315 1.00668 0.998943 0.990064 0.980178 0.969448 0.958055 0.946195 0.934072 0.921894 0.909859 0.898155 0.886952 0.876393 0.866595 0.857644 0.849595 0.842471 0.836266 0.83095 0.82647 0.822758 0.819733 0.817311 0.815405 0.813932 0.812814 0.81198 0.811373 0.81094 0.810641 0.810446 0.81033 0.810277 0.810278 0.810327 0.81042 0.810559 0.810745 0.810977 0.811256 0.811581 0.811947 0.812348 0.812775 0.813218 
0.806626 0.80707 0.807496 0.807894 0.808259 0.808584 0.808867 0.809109 0.80931 0.809477 0.809613 0.809727 0.809827 0.809927 0.81004 0.810188 0.810396 0.810701 0.811148 0.811798 0.812722 0.814009 0.81576 0.818087 0.821111 0.824954 0.829732 0.835552 0.842496 0.850621 0.85995 0.870467 0.882113 0.894788 0.908351 0.922626 0.937403 0.952454 0.96753 0.982381 0.99676 1.01043 1.02318 1.03481 1.04516 1.05411 1.06153 1.06737 1.07155 1.07405 1.07483 1.07389 1.07124 1.0669 1.06091 1.05333 1.04426 1.03381 1.02213 1.0094 0.995822 0.981609 0.966996 0.952224 0.93753 0.923143 0.909273 0.896105 0.883797 0.872469 0.862206 0.853055 0.845026 0.838096 0.832215 0.827306 0.823279 0.820033 0.817462 0.815461 0.813932 0.812786 0.811943 0.811337 0.810914 0.81063 0.810452 0.810358 0.81033 0.81036 0.810442 0.810573 0.810753 0.810983 0.81126 0.811584 0.811949 0.81235 0.812777 0.81322 
0.806627 0.807071 0.807497 0.807895 0.80826 0.808585 0.808869 0.809111 0.809314 0.809482 0.809623 0.809744 0.809858 0.809979 0.810127 0.810331 0.810625 0.811058 0.811694 0.812609 0.813902 0.815685 0.818087 0.821249 0.825318 0.830437 0.836741 0.844341 0.853322 0.863727 0.875559 0.888768 0.903259 0.918884 0.935454 0.952741 0.970488 0.988417 1.00624 1.02367 1.04044 1.05628 1.07097 1.0843 1.09612 1.10628 1.1147 1.12128 1.12599 1.12878 1.12964 1.12855 1.12553 1.12058 1.11376 1.10511 1.09474 1.08274 1.06928 1.05454 1.03873 1.02208 1.00486 0.987339 0.969788 0.952478 0.935667 0.919586 0.904438 0.890389 0.877562 0.866036 0.855847 0.846987 0.839412 0.833044 0.827784 0.823513 0.820108 0.817441 0.815389 0.813841 0.812694 0.811864 0.811277 0.810876 0.810616 0.810466 0.8104 0.810405 0.81047 0.810591 0.810765 0.81099 0.811265 0.811587 0.811951 0.812351 0.812778 0.813221 
0.806628 0.807071 0.807497 0.807896 0.808261 0.808586 0.80887 0.809113 0.809318 0.80949 0.809636 0.809768 0.8099 0.810052 0.810249 0.810529 0.81094 0.811546 0.81243 0.813695 0.815465 0.817884 0.821111 0.825318 0.830678 0.837355 0.845496 0.855216 0.866588 0.879635 0.894326 0.910569 0.928218 0.947071 0.966881 0.987364 1.00821 1.0291 1.04971 1.06971 1.08882 1.10676 1.12329 1.13823 1.1514 1.16268 1.17199 1.17925 1.18442 1.18748 1.18841 1.18719 1.18384 1.17836 1.17078 1.16116 1.14958 1.13614 1.12099 1.10431 1.08632 1.06726 1.04741 1.02707 1.00655 0.98616 0.966199 0.946953 0.928679 0.911594 0.895871 0.881631 0.868943 0.857827 0.84825 0.84014 0.833393 0.827877 0.823449 0.819956 0.817253 0.815198 0.813667 0.812549 0.811751 0.811199 0.810833 0.810609 0.810493 0.810464 0.810507 0.810614 0.810779 0.810999 0.81127 0.81159 0.811954 0.812353 0.812779 0.813222 
0.806628 0.807072 0.807498 0.807897 0.808262 0.808587 0.808872 0.809116 0.809324 0.8095 0.809655 0.809802 0.80996 0.810153 0.810417 0.810799 0.811365 0.812198 0.813405 0.815117 0.817492 0.820706 0.824954 0.830437 0.837355 0.84589 0.856193 0.868373 0.882483 0.898512 0.916385 0.935954 0.957011 0.979292 1.00249 1.02625 1.05023 1.07405 1.09736 1.11982 1.14111 1.16098 1.17918 1.19553 1.20988 1.22212 1.23218 1.24001 1.24557 1.24884 1.24983 1.24851 1.24489 1.23897 1.23077 1.22033 1.20771 1.19301 1.17635 1.15791 1.13789 1.11654 1.09415 1.07104 1.04754 1.024 1.00076 0.97818 0.956557 0.936173 0.917259 0.899989 0.884479 0.870782 0.858891 0.848747 0.840245 0.833245 0.827586 0.823093 0.819591 0.816913 0.814903 0.813425 0.812362 0.811618 0.811115 0.810796 0.810615 0.810542 0.810557 0.810645 0.810798 0.81101 0.811277 0.811595 0.811956 0.812355 0.81278 0.813223 
0.806629 0.807072 0.807498 0.807897 0.808262 0.808588 0.808874 0.809121 0.809332 0.809515 0.809682 0.80985 0.810041 0.81029 0.810642 0.811159 0.811926 0.813049 0.814665 0.816939 0.820063 0.824251 0.829732 0.836741 0.845496 0.856193 0.868979 0.883947 0.901115 0.920428 0.941749 0.964865 0.989497 1.01531 1.04193 1.06894 1.09596 1.12257 1.14839 1.17307 1.19631 1.21783 1.23743 1.25494 1.27022 1.28321 1.29384 1.30209 1.30794 1.31138 1.31242 1.31103 1.30722 1.30099 1.29233 1.28127 1.26785 1.25213 1.23422 1.21428 1.19248 1.16908 1.14436 1.11862 1.09225 1.0656 1.03908 1.01308 0.987967 0.964091 0.941748 0.921178 0.902552 0.88597 0.871462 0.858991 0.84846 0.839727 0.832616 0.826933 0.822473 0.819039 0.816446 0.814525 0.813133 0.812149 0.811476 0.811036 0.810772 0.810644 0.810621 0.810685 0.810822 0.811025 0.811286 0.8116 0.811959 0.812356 0.812782 0.813224 
0.806629 0.807072 0.807498 0.807898 0.808263 0.80859 0.808877 0.809126 0.809342 0.809535 0.809718 0.809914 0.810151 0.810473 0.810939 0.811629 0.812651 0.814139 0.816263 0.819225 0.823256 0.82861 0.835552 0.844341 0.855216 0.868373 0.883947 0.901998 0.922501 0.945338 0.970299 0.997095 1.02537 1.05471 1.08467 1.1148 1.14464 1.17378 1.20181 1.22839 1.25322 1.27606 1.29672 1.31506 1.331 1.34448 1.35547 1.36398 1.37 1.37355 1.37462 1.3732 1.3693 1.3629 1.35398 1.34253 1.32857 1.31215 1.29332 1.27222 1.249 1.22387 1.19711 1.16903 1.13999 1.1104 1.08069 1.0513 1.02266 0.995184 0.96925 0.945168 0.923179 0.903443 0.886037 0.870958 0.858129 0.847412 0.838623 0.831549 0.825961 0.82163 0.818337 0.815883 0.814091 0.812813 0.811928 0.811339 0.810972 0.810773 0.810703 0.810737 0.810854 0.811044 0.811298 0.811607 0.811963 0.812359 0.812783 0.813224 
0.80663 0.807073 0.807499 0.807898 0.808264 0.808592 0.808881 0.809134 0.809357 0.809562 0.809767 0.809998 0.810295 0.810711 0.811322 0.81223 0.813568 0.815504 0.818245 0.822034 0.827142 0.833864 0.842496 0.853322 0.866588 0.882483 0.901115 0.922501 0.946553 0.973077 1.00178 1.03229 1.06416 1.09691 1.13002 1.163 1.19536 1.22666 1.25651 1.28457 1.31058 1.33433 1.35567 1.3745 1.39077 1.40447 1.4156 1.42419 1.43026 1.43383 1.43493 1.43353 1.42964 1.42322 1.41423 1.40266 1.38847 1.37168 1.35232 1.33046 1.30622 1.27978 1.25138 1.22131 1.18994 1.15768 1.12499 1.09234 1.06023 1.02916 0.999556 0.971828 0.946293 0.923182 0.902634 0.884692 0.869309 0.856364 0.845671 0.837004 0.830111 0.824733 0.820617 0.817529 0.815259 0.813628 0.812486 0.811715 0.811221 0.810935 0.810807 0.810802 0.810895 0.811069 0.811313 0.811616 0.811968 0.812362 0.812785 0.813225 
0.806631 0.807073 0.807499 0.807899 0.808265 0.808595 0.808887 0.809144 0.809377 0.809598 0.809831 0.810109 0.810481 0.811015 0.811807 0.812982 0.814706 0.817181 0.820657 0.825418 0.831779 0.840071 0.850621 0.863727 0.879635 0.898512 0.920428 0.945338 0.973077 1.00337 1.03582 1.06997 1.10528 1.14121 1.17717 1.21264 1.24711 1.28013 1.31134 1.34042 1.36715 1.39137 1.41298 1.43192 1.4482 1.46183 1.47287 1.48136 1.48736 1.4909 1.49201 1.49067 1.48688 1.48059 1.47175 1.46031 1.44621 1.42941 1.4099 1.38771 1.36291 1.33562 1.30605 1.27445 1.24116 1.2066 1.17123 1.13557 1.10018 1.06559 1.03235 1.00092 0.971733 0.945088 0.921203 0.900179 0.882015 0.866613 0.853799 0.84334 0.834964 0.828386 0.823319 0.819492 0.81666 0.814611 0.813164 0.812173 0.811526 0.811135 0.810936 0.810883 0.810945 0.8111 0.811331 0.811627 0.811975 0.812365 0.812787 0.813227 
0.806631 0.807074 0.8075 0.8079 0.808267 0.808598 0.808894 0.809158 0.809402 0.809644 0.809913 0.810249 0.810715 0.811395 0.812407 0.813906 0.816089 0.819201 0.823534 0.829417 0.837207 0.847268 0.85995 0.875559 0.894326 0.916385 0.941749 0.970299 1.00178 1.03582 1.07193 1.10954 1.14805 1.18682 1.22525 1.26276 1.29886 1.33311 1.36517 1.39478 1.42176 1.44601 1.46747 1.48617 1.50213 1.51544 1.52617 1.53441 1.54022 1.54366 1.54476 1.54352 1.53992 1.5339 1.5254 1.51433 1.5006 1.48415 1.46489 1.4428 1.41791 1.39026 1.36001 1.32738 1.29266 1.25624 1.21861 1.18029 1.14187 1.10397 1.0672 1.03213 0.999254 0.968988 0.941628 0.917352 0.896213 0.878154 0.863019 0.850577 0.840546 0.832615 0.826466 0.821793 0.818313 0.815777 0.813972 0.812724 0.811894 0.811377 0.811092 0.810982 0.811007 0.811138 0.811354 0.81164 0.811983 0.81237 0.812789 0.813228 
0.806632 0.807075 0.807501 0.807901 0.80827 0.808603 0.808903 0.809176 0.809435 0.809703 0.810016 0.810425 0.811005 0.811861 0.813136 0.815016 0.817738 0.821588 0.826903 0.834055 0.843442 0.855458 0.870467 0.888768 0.910569 0.935954 0.964865 0.997095 1.03229 1.06997 1.10954 1.15035 1.1917 1.23291 1.27335 1.31241 1.34962 1.38458 1.41698 1.44663 1.4734 1.49725 1.5182 1.53632 1.55169 1.56443 1.57467 1.5825 1.58802 1.5913 1.59238 1.59127 1.58792 1.58229 1.57429 1.56381 1.55073 1.53492 1.51628 1.49471 1.47017 1.44266 1.41225 1.3791 1.34347 1.30571 1.26628 1.22571 1.18464 1.14371 1.10363 1.06503 1.02853 0.994632 0.963729 0.936084 0.911823 0.890938 0.873307 0.858711 0.846862 0.837433 0.830075 0.824448 0.820231 0.817137 0.81492 0.813373 0.812331 0.811665 0.811279 0.811102 0.811082 0.811184 0.811382 0.811657 0.811993 0.812376 0.812793 0.81323 
0.806634 0.807076 0.807502 0.807903 0.808273 0.808609 0.808915 0.809198 0.809476 0.809777 0.810143 0.810639 0.811356 0.812421 0.814004 0.816327 0.819667 0.824355 0.830773 0.839336 0.850478 0.864614 0.882113 0.903259 0.928218 0.957011 0.989497 1.02537 1.06416 1.10528 1.14805 1.1917 1.23549 1.27868 1.32061 1.36072 1.39852 1.43366 1.46591 1.49513 1.52127 1.54435 1.56446 1.58171 1.59625 1.60823 1.61782 1.62513 1.63028 1.63336 1.6344 1.63342 1.6304 1.62524 1.61787 1.60815 1.59592 1.58103 1.56331 1.54263 1.51886 1.49193 1.46186 1.42872 1.39271 1.35413 1.31341 1.27108 1.22777 1.18418 1.14107 1.09917 1.05918 1.02171 0.987262 0.956194 0.928712 0.904875 0.884605 0.867706 0.853895 0.842831 0.834144 0.827459 0.822419 0.818699 0.816014 0.814126 0.81284 0.812003 0.8115 0.811243 0.811172 0.81124 0.811416 0.811677 0.812005 0.812383 0.812797 0.813232 
0.806635 0.807077 0.807503 0.807905 0.808277 0.808617 0.80893 0.809226 0.809527 0.809866 0.810296 0.810895 0.811772 0.813079 0.815017 0.817845 0.821882 0.827504 0.835139 0.845242 0.858275 0.87467 0.894788 0.918884 0.947071 0.979292 1.01531 1.05471 1.09691 1.14121 1.18682 1.23291 1.27868 1.32336 1.36628 1.4069 1.44478 1.47964 1.51129 1.53968 1.56482 1.58681 1.6058 1.62197 1.63549 1.64657 1.65539 1.66209 1.66682 1.66965 1.67065 1.66982 1.66714 1.66252 1.65587 1.64702 1.63581 1.62204 1.6055 1.58599 1.56334 1.53741 1.50811 1.47546 1.43959 1.40072 1.35923 1.31564 1.27056 1.22474 1.17896 1.13403 1.09076 1.04986 1.01193 0.977448 0.946703 0.919834 0.896819 0.877498 0.861602 0.848786 0.838661 0.830822 0.824877 0.820462 0.817256 0.814985 0.813424 0.812393 0.811755 0.811408 0.811276 0.811304 0.811456 0.811701 0.812019 0.812391 0.812801 0.813235 
0.806637 0.807078 0.807505 0.807908 0.808282 0.808627 0.808948 0.80926 0.809587 0.809973 0.810478 0.811196 0.812257 0.813839 0.816178 0.819569 0.824377 0.831023 0.839976 0.85173 0.866768 0.885527 0.908351 0.935454 0.966881 1.00249 1.04193 1.08467 1.13002 1.17717 1.22525 1.27335 1.32061 1.36628 1.4097 1.45034 1.48784 1.52198 1.55265 1.57986 1.60372 1.62439 1.64206 1.65698 1.66937 1.67945 1.68742 1.69347 1.69773 1.7003 1.70124 1.70056 1.69823 1.69418 1.68829 1.68039 1.6703 1.65778 1.6426 1.6245 1.60324 1.57862 1.55049 1.51876 1.48348 1.44482 1.40308 1.35872 1.31237 1.26476 1.21671 1.1691 1.12282 1.07869 1.03741 0.999574 0.965577 0.935644 0.90982 0.887992 0.869916 0.85525 0.843593 0.834515 0.827591 0.82242 0.818643 0.815949 0.814082 0.812834 0.812046 0.811596 0.811395 0.811379 0.811501 0.811729 0.812035 0.812401 0.812807 0.813238 
0.806639 0.80708 0.807507 0.807911 0.808288 0.808638 0.80897 0.8093 0.809659 0.810097 0.810688 0.811542 0.81281 0.8147 0.817481 0.82149 0.827135 0.834882 0.84524 0.858733 0.875859 0.897051 0.922626 0.952741 0.987364 1.02625 1.06894 1.1148 1.163 1.21264 1.26276 1.31241 1.36072 1.4069 1.45034 1.49057 1.52729 1.56035 1.58973 1.61551 1.63788 1.65705 1.67329 1.68687 1.69805 1.70708 1.71419 1.71956 1.72334 1.72563 1.7265 1.72596 1.72399 1.7205 1.71538 1.70845 1.69952 1.68833 1.6746 1.65806 1.63839 1.61534 1.58866 1.55821 1.52393 1.48591 1.44439 1.39976 1.35261 1.30367 1.25377 1.20386 1.15489 1.10777 1.06333 1.02227 0.985082 0.952101 0.923448 0.899066 0.878745 0.862157 0.848894 0.838507 0.830541 0.824559 0.820165 0.817012 0.814811 0.813325 0.81237 0.811807 0.81153 0.811463 0.811554 0.81176 0.812054 0.812412 0.812813 0.813242 
0.806642 0.807082 0.807509 0.807914 0.808295 0.808651 0.808995 0.809346 0.809741 0.810238 0.810926 0.811931 0.813428 0.815655 0.818916 0.823591 0.830129 0.83904 0.850867 0.86616 0.885425 0.909081 0.937403 0.970488 1.00821 1.05023 1.09596 1.14464 1.19536 1.24711 1.29886 1.34962 1.39852 1.44478 1.48784 1.52729 1.56291 1.59461 1.62247 1.64665 1.66739 1.68498 1.69972 1.71193 1.72189 1.72988 1.73612 1.74081 1.74411 1.74613 1.74692 1.74652 1.74488 1.74193 1.73756 1.73159 1.7238 1.71394 1.70172 1.68679 1.66883 1.6475 1.6225 1.59359 1.56064 1.52364 1.48274 1.43829 1.39079 1.34096 1.28965 1.23783 1.18651 1.13669 1.08932 1.04519 1.00494 0.968974 0.937515 0.910571 0.887975 0.869419 0.854499 0.842751 0.833693 0.826856 0.821807 0.818165 0.815605 0.813862 0.812727 0.812039 0.811679 0.811557 0.811612 0.811796 0.812075 0.812424 0.812821 0.813246 
0.806645 0.807084 0.807512 0.807919 0.808303 0.808667 0.809024 0.809398 0.809833 0.810397 0.811191 0.81236 0.814105 0.816693 0.820467 0.825844 0.833318 0.843436 0.856775 0.8739 0.89532 0.921428 0.952454 0.988417 1.0291 1.07405 1.12257 1.17378 1.22666 1.28013 1.33311 1.38458 1.43366 1.47964 1.52198 1.56035 1.59461 1.62477 1.65097 1.67344 1.6925 1.70848 1.72173 1.73258 1.74136 1.74833 1.75375 1.7578 1.76064 1.76239 1.76311 1.76281 1.76147 1.75903 1.75535 1.75028 1.7436 1.73504 1.72428 1.71099 1.69476 1.67524 1.65204 1.62487 1.59348 1.55779 1.51786 1.47395 1.42652 1.37622 1.3239 1.27055 1.21724 1.16504 1.115 1.06802 1.02485 0.986011 0.951812 0.922337 0.89747 0.876933 0.86033 0.847188 0.837005 0.829281 0.82355 0.819393 0.816454 0.814439 0.813112 0.812291 0.811841 0.81166 0.811675 0.811835 0.812099 0.812438 0.812829 0.813251 
0.806648 0.807087 0.807515 0.807924 0.808312 0.808684 0.809056 0.809456 0.809935 0.81057 0.811478 0.812823 0.814831 0.8178 0.822108 0.828215 0.83665 0.847999 0.862865 0.881825 0.905379 0.93389 0.96753 1.00624 1.04971 1.09736 1.14839 1.20181 1.25651 1.31134 1.36517 1.41698 1.46591 1.51129 1.55265 1.58973 1.62247 1.65097 1.67544 1.69618 1.71357 1.72797 1.73978 1.74934 1.75699 1.76302 1.76766 1.77112 1.77354 1.77504 1.77567 1.77546 1.7744 1.7724 1.76936 1.76512 1.75946 1.75211 1.74276 1.73103 1.71652 1.69881 1.67747 1.65212 1.62245 1.58829 1.54959 1.50653 1.4595 1.4091 1.35615 1.30165 1.24669 1.19244 1.14001 1.09042 1.04452 1.00295 0.966117 0.934179 0.907081 0.88458 0.866295 0.851751 0.840427 0.831798 0.825366 0.820679 0.817347 0.815048 0.813519 0.812559 0.812014 0.81177 0.811744 0.811877 0.812124 0.812453 0.812838 0.813256 
0.806651 0.807089 0.807518 0.807929 0.808322 0.808703 0.80909 0.809518 0.810044 0.810756 0.811783 0.813312 0.815593 0.818955 0.823812 0.830659 0.840066 0.852647 0.869028 0.889792 0.915425 0.946251 0.982381 1.02367 1.06971 1.11982 1.17307 1.22839 1.28457 1.34042 1.39478 1.44663 1.49513 1.53968 1.57986 1.61551 1.64665 1.67344 1.69618 1.71523 1.731 1.74391 1.75436 1.76273 1.76935 1.77452 1.77846 1.78138 1.78342 1.78468 1.78524 1.78511 1.78427 1.78266 1.78018 1.77667 1.77193 1.7657 1.75764 1.74738 1.73451 1.71855 1.69905 1.67556 1.64769 1.61517 1.57788 1.5359 1.48955 1.43935 1.38611 1.33079 1.27453 1.21853 1.164 1.11205 1.06365 1.01953 0.980201 0.945905 0.916649 0.892232 0.872294 0.85636 0.8439 0.834364 0.827225 0.822 0.818269 0.815679 0.813943 0.812839 0.812195 0.811885 0.811816 0.811921 0.812151 0.812469 0.812847 0.813262 
0.806655 0.807092 0.807522 0.807935 0.808333 0.808723 0.809128 0.809585 0.810159 0.810949 0.812101 0.813818 0.816377 0.820136 0.825543 0.833129 0.843497 0.857288 0.875146 0.897654 0.925276 0.958296 0.99676 1.04044 1.08882 1.14111 1.19631 1.25322 1.31058 1.36715 1.42176 1.4734 1.52127 1.56482 1.60372 1.63788 1.66739 1.6925 1.71357 1.731 1.74526 1.75678 1.766 1.77329 1.77898 1.78338 1.7867 1.78915 1.79085 1.79191 1.79239 1.79231 1.79167 1.79039 1.78839 1.78552 1.78159 1.77634 1.76945 1.76054 1.74918 1.73488 1.71714 1.69546 1.66938 1.63856 1.60279 1.56205 1.51656 1.46682 1.41354 1.35771 1.30044 1.24301 1.18667 1.13263 1.08196 1.03549 0.993838 0.957319 0.92601 0.899755 0.878218 0.860934 0.847361 0.836931 0.829093 0.823333 0.819202 0.81632 0.814376 0.813125 0.812381 0.812004 0.811891 0.811967 0.812179 0.812486 0.812857 0.813268 
0.806659 0.807096 0.807525 0.807942 0.808345 0.808745 0.809166 0.809653 0.810277 0.811147 0.812424 0.81433 0.817165 0.821317 0.827265 0.835572 0.846872 0.86183 0.881099 0.905261 0.934754 0.969817 1.01043 1.05628 1.10676 1.16098 1.21783 1.27606 1.33433 1.39137 1.44601 1.49725 1.54435 1.58681 1.62439 1.65705 1.68498 1.70848 1.72797 1.74391 1.75678 1.76706 1.77516 1.7815 1.78638 1.79011 1.7929 1.79493 1.79634 1.79723 1.79764 1.7976 1.79711 1.79611 1.79451 1.79219 1.78895 1.78455 1.77868 1.77098 1.76098 1.74821 1.73211 1.71215 1.68781 1.65867 1.62443 1.58501 1.54053 1.49141 1.43832 1.38221 1.32422 1.26562 1.20775 1.15189 1.09919 1.0506 1.00681 0.968231 0.935002 0.907014 0.883961 0.865385 0.850742 0.83945 0.830932 0.824651 0.820128 0.816958 0.814808 0.813412 0.812568 0.812124 0.811966 0.812014 0.812207 0.812503 0.812867 0.813274 
0.806663 0.807099 0.807529 0.807948 0.808356 0.808766 0.809205 0.809722 0.810395 0.811345 0.812744 0.814834 0.817938 0.822471 0.828938 0.837935 0.85012 0.866178 0.88677 0.912469 0.943688 0.980619 1.02318 1.07097 1.12329 1.17918 1.23743 1.29672 1.35567 1.41298 1.46747 1.5182 1.56446 1.6058 1.64206 1.67329 1.69972 1.72173 1.73978 1.75436 1.766 1.77516 1.7823 1.78781 1.792 1.79515 1.79749 1.79918 1.80034 1.80107 1.80142 1.80142 1.80105 1.80027 1.799 1.79713 1.79447 1.7908 1.78582 1.77915 1.77037 1.75895 1.74435 1.72597 1.70327 1.67573 1.643 1.6049 1.56149 1.5131 1.46036 1.40416 1.34566 1.28615 1.227 1.16958 1.11511 1.06463 1.01891 0.978461 0.94347 0.91388 0.889414 0.869629 0.853979 0.84187 0.832706 0.825926 0.821027 0.81758 0.81523 0.813694 0.812753 0.812242 0.812041 0.81206 0.812236 0.81252 0.812877 0.81328 
0.806666 0.807102 0.807533 0.807954 0.808368 0.808788 0.809244 0.809789 0.810511 0.811536 0.813053 0.815319 0.818679 0.82357 0.830525 0.840165 0.853171 0.870243 0.892047 0.919144 0.951922 0.990525 1.03481 1.0843 1.13823 1.19553 1.25494 1.31506 1.3745 1.43192 1.48617 1.53632 1.58171 1.62197 1.65698 1.68687 1.71193 1.73258 1.74934 1.76273 1.77329 1.7815 1.78781 1.7926 1.79621 1.79889 1.80085 1.80225 1.80321 1.80381 1.80411 1.80412 1.80384 1.80324 1.80224 1.80073 1.79855 1.79549 1.79125 1.78548 1.77774 1.76752 1.75424 1.73728 1.71606 1.69001 1.6587 1.62188 1.57953 1.53192 1.47962 1.42349 1.36466 1.30445 1.24426 1.18552 1.12952 1.07739 1.02997 0.987848 0.951271 0.92023 0.894477 0.873584 0.857007 0.844142 0.834377 0.827131 0.82188 0.818172 0.815633 0.813963 0.81293 0.812357 0.812113 0.812105 0.812263 0.812537 0.812887 0.813286 
0.80667 0.807105 0.807537 0.807961 0.808379 0.808808 0.80928 0.809854 0.81062 0.811717 0.813343 0.815773 0.819368 0.824588 0.831989 0.842213 0.85596 0.873943 0.896829 0.925167 0.959317 0.999383 1.04516 1.09612 1.1514 1.20988 1.27022 1.331 1.39077 1.4482 1.50213 1.55169 1.59625 1.63549 1.66937 1.69805 1.72189 1.74136 1.75699 1.76935 1.77898 1.78638 1.792 1.79621 1.79933 1.80162 1.80327 1.80443 1.80523 1.80573 1.80598 1.80601 1.8058 1.80534 1.80454 1.80333 1.80153 1.79896 1.79534 1.79032 1.78346 1.77425 1.76211 1.74641 1.72649 1.70178 1.67176 1.63612 1.59479 1.54795 1.49612 1.44015 1.38113 1.32039 1.25937 1.19954 1.14226 1.08871 1.03983 0.996247 0.958279 0.925956 0.899059 0.877176 0.859766 0.846219 0.83591 0.828241 0.822668 0.818721 0.816008 0.814215 0.813096 0.812464 0.812182 0.812148 0.812289 0.812552 0.812897 0.813292 
0.806674 0.807108 0.807541 0.807967 0.80839 0.808827 0.809315 0.809913 0.81072 0.811882 0.813607 0.816184 0.819989 0.825501 0.833296 0.844034 0.85843 0.877206 0.901027 0.930433 0.965758 1.00707 1.05411 1.10628 1.16268 1.22212 1.28321 1.34448 1.40447 1.46183 1.51544 1.56443 1.60823 1.64657 1.67945 1.70708 1.72988 1.74833 1.76302 1.77452 1.78338 1.79011 1.79515 1.79889 1.80162 1.80359 1.80499 1.80597 1.80664 1.80705 1.80727 1.8073 1.80715 1.80679 1.80616 1.80517 1.80368 1.8015 1.79838 1.79396 1.78783 1.77947 1.76829 1.75364 1.73485 1.71128 1.68239 1.64781 1.60738 1.56126 1.50992 1.45415 1.39504 1.33391 1.27225 1.21153 1.15319 1.09847 1.04836 1.00354 0.964383 0.930961 0.903078 0.880338 0.862203 0.84806 0.837274 0.829231 0.823373 0.819214 0.816346 0.814443 0.813246 0.812562 0.812244 0.812187 0.812314 0.812567 0.812906 0.813298 
