5.52051 5.5207 5.52097 5.52132 5.52177 5.5223 5.52292 5.52363 5.52442 5.52531 5.52629 5.52737 5.52853 5.52979 5.53114 5.53259 5.53413 5.53576 5.53748 5.53929 5.54118 5.54315 5.5452 5.54732 5.5495 5.55174 5.55403 5.55635 5.55871 5.56109 5.56347 5.56586 5.56822 5.57056 5.57286 5.57511 5.57729 5.57939 5.58139 5.58329 5.58508 5.58673 5.58824 5.58961 5.59081 5.59185 5.59271 5.59339 5.59389 5.5942 5.59431 5.59424 5.59398 5.59353 5.59289 5.59208 5.59109 5.58994 5.58863 5.58717 5.58557 5.58385 5.58201 5.58007 5.57804 5.57594 5.57377 5.57155 5.56929 5.56701 5.56472 5.56243 5.56016 5.55791 5.5557 5.55353 5.55141 5.54936 5.54738 5.54548 5.54366 5.54193 5.54029 5.53875 5.5373 5.53595 5.53471 5.53356 5.53252 5.53158 5.53074 5.53 5.52936 5.52881 5.52836 5.528 5.52774 5.52757 5.52749 5.52749 
5.5207 5.52088 5.52115 5.52151 5.52195 5.52249 5.52311 5.52382 5.52463 5.52552 5.52651 5.52758 5.52876 5.53002 5.53139 5.53284 5.53439 5.53603 5.53777 5.53959 5.54149 5.54348 5.54554 5.54768 5.54988 5.55213 5.55444 5.55678 5.55916 5.56155 5.56396 5.56636 5.56875 5.57111 5.57342 5.57569 5.57788 5.58 5.58202 5.58394 5.58573 5.5874 5.58893 5.5903 5.59151 5.59256 5.59343 5.59411 5.59461 5.59492 5.59504 5.59497 5.5947 5.59425 5.59361 5.59279 5.59179 5.59063 5.58931 5.58784 5.58623 5.58449 5.58264 5.58068 5.57864 5.57651 5.57433 5.57209 5.56981 5.56752 5.56521 5.5629 5.56061 5.55834 5.55611 5.55392 5.55179 5.54972 5.54773 5.54581 5.54398 5.54223 5.54058 5.53902 5.53757 5.53621 5.53495 5.5338 5.53275 5.5318 5.53095 5.53021 5.52956 5.52901 5.52855 5.52819 5.52793 5.52775 5.52767 5.52768 
5.52097 5.52115 5.52142 5.52179 5.52224 5.52278 5.52341 5.52414 5.52495 5.52586 5.52687 5.52797 5.52916 5.53045 5.53184 5.53333 5.53491 5.53658 5.53835 5.5402 5.54215 5.54417 5.54628 5.54846 5.5507 5.553 5.55535 5.55775 5.56017 5.56261 5.56507 5.56751 5.56995 5.57235 5.57472 5.57703 5.57926 5.58142 5.58348 5.58544 5.58727 5.58897 5.59052 5.59192 5.59316 5.59422 5.59511 5.5958 5.59631 5.59663 5.59675 5.59667 5.5964 5.59594 5.59528 5.59445 5.59343 5.59224 5.5909 5.5894 5.58775 5.58598 5.58409 5.58209 5.58001 5.57784 5.57561 5.57333 5.571 5.56866 5.5663 5.56395 5.56161 5.55929 5.55702 5.55479 5.55261 5.5505 5.54846 5.5465 5.54463 5.54285 5.54116 5.53957 5.53808 5.53669 5.53541 5.53423 5.53316 5.53219 5.53132 5.53055 5.52989 5.52933 5.52886 5.52849 5.52821 5.52803 5.52794 5.52795 
5.52132 5.52151 5.52179 5.52216 5.52262 5.52317 5.52382 5.52457 5.52541 5.52635 5.52738 5.52851 5.52975 5.53108 5.53251 5.53404 5.53567 5.5374 5.53922 5.54114 5.54315 5.54524 5.54741 5.54966 5.55197 5.55435 5.55677 5.55924 5.56174 5.56426 5.56679 5.56932 5.57183 5.57431 5.57675 5.57913 5.58143 5.58366 5.58578 5.58779 5.58968 5.59143 5.59303 5.59447 5.59574 5.59684 5.59775 5.59847 5.59899 5.59931 5.59943 5.59935 5.59907 5.59859 5.59792 5.59705 5.59601 5.59478 5.59339 5.59184 5.59015 5.58832 5.58637 5.58431 5.58216 5.57992 5.57762 5.57526 5.57287 5.57045 5.56801 5.56558 5.56317 5.56078 5.55842 5.55612 5.55387 5.55169 5.54959 5.54756 5.54562 5.54378 5.54203 5.54039 5.53885 5.53741 5.53608 5.53486 5.53374 5.53274 5.53183 5.53104 5.53035 5.52976 5.52927 5.52889 5.5286 5.5284 5.52831 5.52831 
5.52177 5.52195 5.52224 5.52262 5.5231 5.52367 5.52435 5.52512 5.52599 5.52697 5.52804 5.52923 5.53051 5.5319 5.53339 5.53499 5.53669 5.53849 5.54039 5.54239 5.54449 5.54667 5.54894 5.55128 5.55369 5.55617 5.5587 5.56127 5.56388 5.56651 5.56914 5.57178 5.57439 5.57697 5.57951 5.58199 5.58439 5.5867 5.58891 5.59101 5.59297 5.59479 5.59645 5.59795 5.59927 5.60041 5.60135 5.6021 5.60264 5.60297 5.6031 5.60301 5.60272 5.60222 5.60151 5.60061 5.59952 5.59824 5.59679 5.59518 5.59341 5.59151 5.58948 5.58733 5.58508 5.58275 5.58035 5.5779 5.5754 5.57288 5.57034 5.5678 5.56528 5.56279 5.56033 5.55792 5.55558 5.5533 5.5511 5.54898 5.54696 5.54503 5.5432 5.54148 5.53986 5.53836 5.53696 5.53568 5.53451 5.53345 5.5325 5.53166 5.53094 5.53031 5.5298 5.52939 5.52908 5.52887 5.52876 5.52875 
5.5223 5.52249 5.52278 5.52317 5.52367 5.52427 5.52498 5.52579 5.52671 5.52773 5.52886 5.5301 5.53145 5.53292 5.53449 5.53617 5.53796 5.53986 5.54186 5.54397 5.54617 5.54847 5.55086 5.55333 5.55587 5.55847 5.56114 5.56384 5.56658 5.56935 5.57212 5.57489 5.57763 5.58035 5.58301 5.58561 5.58813 5.59056 5.59288 5.59508 5.59714 5.59904 5.60079 5.60236 5.60374 5.60493 5.60592 5.6067 5.60726 5.60761 5.60774 5.60765 5.60734 5.60681 5.60606 5.60511 5.60396 5.60262 5.6011 5.5994 5.59755 5.59554 5.59341 5.59115 5.58879 5.58634 5.58382 5.58123 5.5786 5.57595 5.57328 5.57061 5.56795 5.56532 5.56274 5.5602 5.55773 5.55532 5.553 5.55077 5.54863 5.54659 5.54466 5.54284 5.54113 5.53953 5.53806 5.5367 5.53545 5.53433 5.53332 5.53243 5.53165 5.53099 5.53043 5.52999 5.52966 5.52943 5.52931 5.52929 
5.52292 5.52311 5.52341 5.52382 5.52435 5.52498 5.52572 5.52658 5.52755 5.52863 5.52983 5.53115 5.53258 5.53413 5.5358 5.53758 5.53949 5.5415 5.54363 5.54586 5.5482 5.55064 5.55318 5.55579 5.55849 5.56126 5.56408 5.56695 5.56985 5.57278 5.57572 5.57865 5.58156 5.58443 5.58725 5.59 5.59267 5.59523 5.59768 5.6 5.60218 5.60419 5.60603 5.60769 5.60915 5.6104 5.61144 5.61227 5.61286 5.61322 5.61335 5.61325 5.61292 5.61236 5.61157 5.61056 5.60935 5.60792 5.60631 5.60451 5.60255 5.60043 5.59817 5.59578 5.59327 5.59068 5.588 5.58526 5.58248 5.57966 5.57683 5.574 5.57118 5.56839 5.56564 5.56295 5.56032 5.55776 5.55529 5.55292 5.55064 5.54847 5.54641 5.54447 5.54264 5.54094 5.53936 5.53791 5.53658 5.53537 5.53429 5.53333 5.5325 5.53178 5.53118 5.5307 5.53033 5.53008 5.52994 5.52991 
5.52363 5.52382 5.52414 5.52457 5.52512 5.52579 5.52658 5.52749 5.52852 5.52968 5.53095 5.53236 5.53389 5.53555 5.53733 5.53924 5.54127 5.54342 5.54569 5.54808 5.55058 5.55319 5.55589 5.55869 5.56157 5.56452 5.56753 5.57059 5.57369 5.57681 5.57994 5.58306 5.58616 5.58922 5.59222 5.59514 5.59798 5.60071 5.60332 5.60578 5.60809 5.61023 5.61218 5.61394 5.61549 5.61682 5.61792 5.61879 5.61942 5.6198 5.61994 5.61983 5.61947 5.61887 5.61803 5.61695 5.61566 5.61414 5.61242 5.61051 5.60841 5.60615 5.60374 5.6012 5.59853 5.59577 5.59291 5.58999 5.58702 5.58402 5.581 5.57797 5.57497 5.57199 5.56905 5.56617 5.56336 5.56062 5.55798 5.55544 5.553 5.55067 5.54846 5.54637 5.54442 5.54259 5.54089 5.53932 5.53789 5.53659 5.53542 5.53438 5.53347 5.53269 5.53204 5.53152 5.53111 5.53083 5.53067 5.53063 
5.52442 5.52463 5.52495 5.52541 5.52599 5.52671 5.52755 5.52852 5.52963 5.53086 5.53223 5.53374 5.53538 5.53716 5.53908 5.54112 5.54331 5.54562 5.54806 5.55063 5.55331 5.55611 5.55901 5.56201 5.5651 5.56826 5.57149 5.57477 5.57809 5.58143 5.58478 5.58812 5.59144 5.59471 5.59792 5.60105 5.60408 5.60699 5.60977 5.61241 5.61487 5.61715 5.61924 5.62111 5.62276 5.62418 5.62535 5.62627 5.62694 5.62734 5.62748 5.62736 5.62698 5.62633 5.62543 5.62428 5.62289 5.62127 5.61943 5.61738 5.61514 5.61272 5.61014 5.60742 5.60456 5.6016 5.59855 5.59542 5.59224 5.58902 5.58578 5.58254 5.57931 5.57611 5.57296 5.56986 5.56684 5.5639 5.56106 5.55832 5.55569 5.55319 5.5508 5.54855 5.54644 5.54446 5.54263 5.54093 5.53938 5.53797 5.5367 5.53557 5.53458 5.53373 5.53302 5.53244 5.53199 5.53167 5.53149 5.53143 
5.52531 5.52552 5.52586 5.52635 5.52697 5.52773 5.52863 5.52968 5.53086 5.53219 5.53367 5.53529 5.53706 5.53898 5.54104 5.54325 5.5456 5.5481 5.55073 5.5535 5.55639 5.5594 5.56253 5.56576 5.56908 5.57249 5.57596 5.57949 5.58306 5.58665 5.59025 5.59384 5.59739 5.6009 5.60435 5.6077 5.61095 5.61407 5.61705 5.61987 5.62251 5.62495 5.62718 5.62919 5.63095 5.63246 5.63372 5.6347 5.63541 5.63584 5.63598 5.63585 5.63543 5.63473 5.63377 5.63253 5.63104 5.6293 5.62732 5.62512 5.62272 5.62012 5.61735 5.61443 5.61136 5.60818 5.6049 5.60154 5.59811 5.59465 5.59117 5.58768 5.5842 5.58076 5.57736 5.57403 5.57077 5.5676 5.56453 5.56157 5.55873 5.55602 5.55345 5.55101 5.54872 5.54657 5.54458 5.54274 5.54105 5.53952 5.53813 5.5369 5.53582 5.53489 5.5341 5.53346 5.53297 5.53261 5.5324 5.53233 
5.52629 5.52651 5.52687 5.52738 5.52804 5.52886 5.52983 5.53095 5.53223 5.53367 5.53526 5.53702 5.53893 5.541 5.54323 5.54562 5.54816 5.55086 5.5537 5.55669 5.55981 5.56307 5.56644 5.56993 5.57352 5.57719 5.58094 5.58474 5.58858 5.59245 5.59633 5.60019 5.60402 5.60779 5.61149 5.6151 5.61859 5.62195 5.62515 5.62817 5.631 5.63362 5.63601 5.63816 5.64005 5.64167 5.64301 5.64406 5.64482 5.64527 5.64543 5.64528 5.64482 5.64407 5.64303 5.6417 5.64009 5.63822 5.63609 5.63373 5.63114 5.62835 5.62537 5.62222 5.61892 5.61549 5.61196 5.60834 5.60465 5.60092 5.59716 5.5934 5.58965 5.58593 5.58227 5.57866 5.57514 5.57171 5.56839 5.56519 5.56212 5.55918 5.55638 5.55374 5.55125 5.54892 5.54675 5.54475 5.54291 5.54123 5.53972 5.53838 5.53719 5.53617 5.5353 5.5346 5.53405 5.53365 5.53341 5.53332 
5.52737 5.52758 5.52797 5.52851 5.52923 5.5301 5.53115 5.53236 5.53374 5.53529 5.53702 5.53891 5.54098 5.54323 5.54564 5.54822 5.55098 5.5539 5.55697 5.56021 5.56359 5.56711 5.57076 5.57453 5.5784 5.58237 5.58642 5.59052 5.59467 5.59884 5.60302 5.60718 5.61131 5.61537 5.61936 5.62324 5.627 5.6306 5.63404 5.63729 5.64034 5.64315 5.64571 5.64802 5.65005 5.65178 5.65322 5.65434 5.65515 5.65564 5.6558 5.65563 5.65514 5.65433 5.6532 5.65177 5.65003 5.64801 5.64572 5.64318 5.64039 5.63738 5.63417 5.63078 5.62723 5.62353 5.61972 5.61582 5.61184 5.60781 5.60376 5.59969 5.59564 5.59163 5.58766 5.58376 5.57995 5.57624 5.57264 5.56917 5.56584 5.56265 5.55962 5.55674 5.55404 5.5515 5.54914 5.54696 5.54495 5.54312 5.54147 5.54 5.5387 5.53757 5.53662 5.53584 5.53523 5.53479 5.53451 5.5344 
5.52853 5.52876 5.52916 5.52975 5.53051 5.53145 5.53258 5.53389 5.53538 5.53706 5.53893 5.54098 5.54322 5.54565 5.54827 5.55107 5.55405 5.55721 5.56055 5.56405 5.56771 5.57152 5.57547 5.57954 5.58373 5.58802 5.59239 5.59683 5.60131 5.60581 5.61032 5.6148 5.61925 5.62363 5.62792 5.6321 5.63615 5.64003 5.64373 5.64723 5.65049 5.65352 5.65627 5.65875 5.66092 5.66278 5.66432 5.66553 5.66639 5.66691 5.66708 5.66689 5.66636 5.66548 5.66427 5.66272 5.66085 5.65868 5.65621 5.65347 5.65046 5.64722 5.64376 5.6401 5.63627 5.63229 5.62818 5.62397 5.61968 5.61533 5.61095 5.60656 5.60218 5.59784 5.59355 5.58933 5.5852 5.58118 5.57728 5.57352 5.5699 5.56644 5.56314 5.56002 5.55708 5.55432 5.55175 5.54937 5.54718 5.54518 5.54337 5.54176 5.54034 5.5391 5.53805 5.53719 5.53652 5.53602 5.53571 5.53557 
5.52979 5.53002 5.53045 5.53108 5.5319 5.53292 5.53413 5.53555 5.53716 5.53898 5.541 5.54323 5.54565 5.54829 5.55112 5.55416 5.55739 5.56081 5.56442 5.56821 5.57218 5.5763 5.58057 5.58498 5.58951 5.59414 5.59886 5.60365 5.60849 5.61335 5.61821 5.62305 5.62784 5.63256 5.63718 5.64168 5.64603 5.65021 5.65419 5.65795 5.66146 5.66471 5.66767 5.67032 5.67266 5.67465 5.6763 5.67759 5.67852 5.67907 5.67924 5.67904 5.67846 5.67752 5.6762 5.67454 5.67252 5.67018 5.66752 5.66457 5.66133 5.65784 5.65411 5.65017 5.64604 5.64175 5.63732 5.63277 5.62814 5.62345 5.61872 5.61398 5.60925 5.60455 5.59991 5.59535 5.59088 5.58653 5.5823 5.57822 5.5743 5.57054 5.56696 5.56357 5.56037 5.55737 5.55457 5.55198 5.54959 5.54741 5.54543 5.54367 5.54211 5.54075 5.5396 5.53865 5.5379 5.53735 5.537 5.53684 
5.53114 5.53139 5.53184 5.53251 5.53339 5.53449 5.5358 5.53733 5.53908 5.54104 5.54323 5.54564 5.54827 5.55112 5.55419 5.55748 5.56098 5.56468 5.56859 5.57269 5.57698 5.58144 5.58606 5.59082 5.59572 5.60072 5.60582 5.61098 5.6162 5.62144 5.62668 5.63189 5.63705 5.64214 5.64711 5.65195 5.65663 5.66112 5.6654 5.66944 5.67321 5.67669 5.67987 5.68272 5.68522 5.68737 5.68913 5.69052 5.6915 5.69209 5.69227 5.69205 5.69143 5.6904 5.68899 5.68719 5.68503 5.6825 5.67964 5.67646 5.67298 5.66922 5.66521 5.66097 5.65652 5.65189 5.64712 5.64222 5.63722 5.63216 5.62706 5.62194 5.61683 5.61176 5.60675 5.60182 5.59698 5.59227 5.5877 5.58328 5.57903 5.57495 5.57107 5.56739 5.56391 5.56065 5.5576 5.55478 5.55218 5.5498 5.54765 5.54572 5.54401 5.54253 5.54127 5.54022 5.5394 5.53879 5.53839 5.53821 
5.53259 5.53284 5.53333 5.53404 5.53499 5.53617 5.53758 5.53924 5.54112 5.54325 5.54562 5.54822 5.55107 5.55416 5.55748 5.56103 5.56482 5.56883 5.57305 5.57749 5.58212 5.58694 5.59192 5.59707 5.60235 5.60775 5.61324 5.61881 5.62443 5.63007 5.63572 5.64133 5.64688 5.65235 5.65769 5.6629 5.66792 5.67275 5.67734 5.68167 5.68572 5.68946 5.69286 5.69592 5.6986 5.70089 5.70278 5.70426 5.70532 5.70594 5.70613 5.70589 5.70521 5.70411 5.70259 5.70066 5.69833 5.69562 5.69254 5.68912 5.68538 5.68134 5.67702 5.67246 5.66768 5.6627 5.65756 5.65229 5.64691 5.64145 5.63596 5.63044 5.62493 5.61946 5.61405 5.60872 5.6035 5.59841 5.59346 5.58868 5.58408 5.57967 5.57546 5.57147 5.5677 5.56416 5.56085 5.55778 5.55495 5.55236 5.55002 5.54791 5.54605 5.54443 5.54305 5.5419 5.54099 5.54032 5.53988 5.53967 
5.53413 5.53439 5.53491 5.53567 5.53669 5.53796 5.53949 5.54127 5.54331 5.5456 5.54816 5.55098 5.55405 5.55739 5.56098 5.56482 5.56891 5.57324 5.5778 5.58259 5.58758 5.59278 5.59816 5.6037 5.60939 5.61521 5.62112 5.62712 5.63317 5.63924 5.6453 5.65133 5.6573 5.66317 5.66891 5.67449 5.67988 5.68505 5.68998 5.69462 5.69896 5.70296 5.70661 5.70987 5.71274 5.7152 5.71722 5.7188 5.71992 5.72059 5.72079 5.72052 5.71979 5.71861 5.71697 5.7149 5.7124 5.70949 5.70619 5.70252 5.6985 5.69417 5.68953 5.68463 5.67949 5.67415 5.66862 5.66295 5.65717 5.6513 5.64539 5.63945 5.63352 5.62762 5.62179 5.61605 5.61042 5.60493 5.59959 5.59442 5.58945 5.58468 5.58013 5.57581 5.57172 5.56789 5.5643 5.56097 5.5579 5.55508 5.55253 5.55024 5.54822 5.54645 5.54494 5.54369 5.54269 5.54195 5.54146 5.54122 
5.53576 5.53603 5.53658 5.5374 5.53849 5.53986 5.5415 5.54342 5.54562 5.5481 5.55086 5.5539 5.55721 5.56081 5.56468 5.56883 5.57324 5.57791 5.58282 5.58798 5.59336 5.59896 5.60475 5.61072 5.61684 5.62309 5.62945 5.63589 5.64238 5.6489 5.65541 5.66188 5.66828 5.67457 5.68072 5.6867 5.69248 5.69801 5.70328 5.70825 5.71289 5.71717 5.72106 5.72456 5.72762 5.73024 5.7324 5.73408 5.73528 5.73598 5.73619 5.73591 5.73512 5.73385 5.7321 5.72988 5.7272 5.72408 5.72055 5.71662 5.71231 5.70766 5.7027 5.69744 5.69194 5.6862 5.68028 5.67419 5.66799 5.66169 5.65533 5.64895 5.64258 5.63624 5.62997 5.62379 5.61773 5.61181 5.60606 5.60049 5.59512 5.58998 5.58506 5.5804 5.57598 5.57183 5.56795 5.56434 5.56102 5.55797 5.5552 5.55272 5.55051 5.54859 5.54694 5.54558 5.54449 5.54367 5.54313 5.54286 
5.53748 5.53777 5.53835 5.53922 5.54039 5.54186 5.54363 5.54569 5.54806 5.55073 5.5537 5.55697 5.56055 5.56442 5.56859 5.57305 5.5778 5.58282 5.58811 5.59366 5.59945 5.60546 5.61168 5.61809 5.62466 5.63137 5.6382 5.6451 5.65206 5.65905 5.66602 5.67295 5.67979 5.68653 5.69311 5.6995 5.70567 5.71159 5.71722 5.72252 5.72747 5.73204 5.7362 5.73992 5.74319 5.74598 5.74828 5.75007 5.75134 5.75209 5.75231 5.752 5.75116 5.7498 5.74792 5.74555 5.74268 5.73935 5.73557 5.73137 5.72677 5.7218 5.71649 5.71087 5.70497 5.69884 5.69249 5.68598 5.67933 5.67258 5.66577 5.65893 5.65209 5.64529 5.63855 5.63192 5.6254 5.61904 5.61286 5.60687 5.60109 5.59555 5.59026 5.58522 5.58046 5.57599 5.5718 5.5679 5.5643 5.561 5.55801 5.55532 5.55293 5.55084 5.54906 5.54757 5.54638 5.54549 5.54489 5.54459 
5.53929 5.53959 5.5402 5.54114 5.54239 5.54397 5.54586 5.54808 5.55063 5.5535 5.55669 5.56021 5.56405 5.56821 5.57269 5.57749 5.58259 5.58798 5.59366 5.59961 5.60582 5.61227 5.61894 5.62581 5.63285 5.64004 5.64734 5.65473 5.66218 5.66965 5.6771 5.6845 5.69181 5.699 5.70603 5.71285 5.71943 5.72574 5.73174 5.73739 5.74266 5.74753 5.75195 5.75592 5.7594 5.76236 5.76481 5.76671 5.76806 5.76886 5.76909 5.76875 5.76785 5.7664 5.7644 5.76186 5.75881 5.75525 5.75122 5.74674 5.74183 5.73653 5.73086 5.72486 5.71856 5.71201 5.70524 5.69828 5.69117 5.68395 5.67667 5.66935 5.66203 5.65474 5.64753 5.64042 5.63343 5.62661 5.61997 5.61354 5.60734 5.60139 5.5957 5.59028 5.58516 5.58034 5.57583 5.57163 5.56775 5.56419 5.56096 5.55805 5.55547 5.55321 5.55127 5.54966 5.54837 5.5474 5.54675 5.54641 
5.54118 5.54149 5.54215 5.54315 5.54449 5.54617 5.5482 5.55058 5.55331 5.55639 5.55981 5.56359 5.56771 5.57218 5.57698 5.58212 5.58758 5.59336 5.59945 5.60582 5.61247 5.61937 5.62651 5.63385 5.64138 5.64906 5.65686 5.66475 5.6727 5.68067 5.68861 5.69651 5.7043 5.71196 5.71944 5.7267 5.73371 5.74042 5.7468 5.75281 5.75841 5.76358 5.76829 5.7725 5.77619 5.77934 5.78193 5.78395 5.78539 5.78622 5.78646 5.7861 5.78514 5.78359 5.78146 5.77876 5.77551 5.77173 5.76744 5.76267 5.75744 5.7518 5.74576 5.73937 5.73267 5.72569 5.71846 5.71104 5.70346 5.69577 5.68799 5.68017 5.67236 5.66458 5.65687 5.64926 5.64179 5.63449 5.62739 5.6205 5.61385 5.60747 5.60137 5.59556 5.59006 5.58488 5.58003 5.57552 5.57135 5.56752 5.56404 5.5609 5.55812 5.55568 5.55359 5.55185 5.55045 5.5494 5.54869 5.54832 
5.54315 5.54348 5.54417 5.54524 5.54667 5.54847 5.55064 5.55319 5.55611 5.5594 5.56307 5.56711 5.57152 5.5763 5.58144 5.58694 5.59278 5.59896 5.60546 5.61227 5.61937 5.62674 5.63436 5.64219 5.65022 5.65841 5.66672 5.67513 5.68359 5.69207 5.70053 5.70892 5.71721 5.72535 5.7333 5.74101 5.74846 5.75558 5.76235 5.76872 5.77467 5.78015 5.78514 5.7896 5.79351 5.79685 5.79959 5.80173 5.80325 5.80413 5.80438 5.80399 5.80297 5.80133 5.79906 5.7962 5.79275 5.78873 5.78418 5.77911 5.77356 5.76756 5.76115 5.75436 5.74724 5.73981 5.73214 5.72424 5.71618 5.70798 5.69971 5.69138 5.68305 5.67476 5.66654 5.65843 5.65046 5.64266 5.63507 5.62771 5.62061 5.61378 5.60726 5.60104 5.59515 5.58961 5.58441 5.57957 5.57509 5.57098 5.56724 5.56388 5.56088 5.55826 5.55601 5.55413 5.55262 5.55148 5.55071 5.55031 
5.5452 5.54554 5.54628 5.54741 5.54894 5.55086 5.55318 5.55589 5.55901 5.56253 5.56644 5.57076 5.57547 5.58057 5.58606 5.59192 5.59816 5.60475 5.61168 5.61894 5.62651 5.63436 5.64247 5.65081 5.65934 5.66805 5.67689 5.68583 5.69482 5.70383 5.7128 5.72171 5.7305 5.73913 5.74756 5.75574 5.76362 5.77117 5.77833 5.78508 5.79137 5.79717 5.80245 5.80716 5.8113 5.81483 5.81773 5.81998 5.82158 5.82251 5.82277 5.82236 5.82128 5.81953 5.81713 5.8141 5.81044 5.80619 5.80137 5.796 5.79012 5.78377 5.77697 5.76978 5.76222 5.75435 5.7462 5.73783 5.72927 5.72057 5.71177 5.70293 5.69407 5.68526 5.67651 5.66788 5.6594 5.65109 5.64301 5.63517 5.62759 5.62031 5.61334 5.60671 5.60042 5.59449 5.58893 5.58376 5.57897 5.57457 5.57056 5.56695 5.56374 5.56093 5.55852 5.5565 5.55487 5.55365 5.55281 5.55237 
5.54732 5.54768 5.54846 5.54966 5.55128 5.55333 5.55579 5.55869 5.56201 5.56576 5.56993 5.57453 5.57954 5.58498 5.59082 5.59707 5.6037 5.61072 5.61809 5.62581 5.63385 5.64219 5.65081 5.65966 5.66872 5.67796 5.68734 5.69681 5.70634 5.71588 5.72539 5.73482 5.74413 5.75326 5.76217 5.77081 5.77915 5.78712 5.79469 5.80182 5.80846 5.81458 5.82014 5.82512 5.82948 5.8332 5.83626 5.83863 5.84032 5.8413 5.84157 5.84113 5.83998 5.83814 5.8356 5.8324 5.82853 5.82404 5.81895 5.81327 5.80706 5.80035 5.79316 5.78555 5.77756 5.76923 5.76061 5.75175 5.74268 5.73347 5.72415 5.71477 5.70538 5.69603 5.68675 5.67759 5.66858 5.65976 5.65117 5.64283 5.63477 5.62702 5.61961 5.61254 5.60584 5.59952 5.5936 5.58808 5.58296 5.57827 5.57399 5.57013 5.5667 5.56369 5.5611 5.55894 5.5572 5.55588 5.55498 5.5545 
5.5495 5.54988 5.5507 5.55197 5.55369 5.55587 5.55849 5.56157 5.5651 5.56908 5.57352 5.5784 5.58373 5.58951 5.59572 5.60235 5.60939 5.61684 5.62466 5.63285 5.64138 5.65022 5.65934 5.66872 5.67832 5.6881 5.69802 5.70804 5.71812 5.7282 5.73825 5.74821 5.75803 5.76767 5.77707 5.78619 5.79497 5.80338 5.81135 5.81886 5.82586 5.8323 5.83816 5.8434 5.84799 5.8519 5.85512 5.85761 5.85938 5.86041 5.86069 5.86023 5.85902 5.85707 5.8544 5.85102 5.84695 5.84222 5.83685 5.83087 5.82432 5.81724 5.80966 5.80163 5.7932 5.78441 5.77531 5.76595 5.75637 5.74663 5.73678 5.72687 5.71694 5.70704 5.69722 5.68752 5.67797 5.66863 5.65952 5.65068 5.64213 5.6339 5.62603 5.61852 5.6114 5.60469 5.59838 5.59251 5.58707 5.58206 5.57751 5.5734 5.56974 5.56653 5.56377 5.56146 5.55959 5.55818 5.55722 5.5567 
5.55174 5.55213 5.553 5.55435 5.55617 5.55847 5.56126 5.56452 5.56826 5.57249 5.57719 5.58237 5.58802 5.59414 5.60072 5.60775 5.61521 5.62309 5.63137 5.64004 5.64906 5.65841 5.66805 5.67796 5.6881 5.69843 5.7089 5.71947 5.7301 5.74073 5.75132 5.76181 5.77216 5.78231 5.7922 5.8018 5.81104 5.81987 5.82826 5.83615 5.8435 5.85027 5.85643 5.86193 5.86674 5.87085 5.87422 5.87684 5.8787 5.87977 5.88007 5.87958 5.8783 5.87626 5.87345 5.86989 5.86562 5.86064 5.85499 5.84871 5.84182 5.83437 5.8264 5.81795 5.80908 5.79982 5.79024 5.78037 5.77028 5.76002 5.74963 5.73918 5.7287 5.71825 5.70788 5.69763 5.68755 5.67767 5.66803 5.65868 5.64963 5.64092 5.63258 5.62463 5.61708 5.60996 5.60328 5.59704 5.59126 5.58595 5.58111 5.57674 5.57285 5.56943 5.56649 5.56403 5.56205 5.56054 5.55951 5.55895 
5.55403 5.55444 5.55535 5.55677 5.5587 5.56114 5.56408 5.56753 5.57149 5.57596 5.58094 5.58642 5.59239 5.59886 5.60582 5.61324 5.62112 5.62945 5.6382 5.64734 5.65686 5.66672 5.67689 5.68734 5.69802 5.7089 5.71992 5.73105 5.74223 5.75342 5.76455 5.77558 5.78645 5.79711 5.8075 5.81757 5.82727 5.83654 5.84534 5.85361 5.86132 5.86842 5.87486 5.88063 5.88567 5.88997 5.8935 5.89625 5.89818 5.89931 5.89961 5.89909 5.89776 5.89561 5.89267 5.88894 5.88445 5.87924 5.87331 5.86672 5.85949 5.85168 5.84331 5.83444 5.82512 5.8154 5.80533 5.79497 5.78436 5.77357 5.76264 5.75164 5.74061 5.72961 5.71868 5.70788 5.69725 5.68684 5.67667 5.6668 5.65725 5.64806 5.63924 5.63084 5.62286 5.61533 5.60825 5.60165 5.59554 5.58991 5.58478 5.58015 5.57602 5.57239 5.56928 5.56666 5.56455 5.56295 5.56185 5.56125 
5.55635 5.55678 5.55775 5.55924 5.56127 5.56384 5.56695 5.57059 5.57477 5.57949 5.58474 5.59052 5.59683 5.60365 5.61098 5.61881 5.62712 5.63589 5.6451 5.65473 5.66475 5.67513 5.68583 5.69681 5.70804 5.71947 5.73105 5.74274 5.75447 5.76621 5.77789 5.78945 5.80085 5.81202 5.8229 5.83345 5.8436 5.85331 5.86251 5.87117 5.87923 5.88665 5.89339 5.89941 5.90468 5.90918 5.91287 5.91573 5.91775 5.91893 5.91924 5.9187 5.9173 5.91505 5.91197 5.90807 5.90338 5.89792 5.89172 5.88482 5.87726 5.86908 5.86032 5.85103 5.84127 5.83109 5.82053 5.80966 5.79854 5.78722 5.77575 5.7642 5.75262 5.74107 5.72959 5.71823 5.70706 5.6961 5.6854 5.67501 5.66495 5.65527 5.64598 5.63712 5.62871 5.62076 5.6133 5.60633 5.59987 5.59392 5.5885 5.5836 5.57924 5.5754 5.5721 5.56934 5.5671 5.5654 5.56423 5.5636 
5.55871 5.55916 5.56017 5.56174 5.56388 5.56658 5.56985 5.57369 5.57809 5.58306 5.58858 5.59467 5.60131 5.60849 5.6162 5.62443 5.63317 5.64238 5.65206 5.66218 5.6727 5.68359 5.69482 5.70634 5.71812 5.7301 5.74223 5.75447 5.76676 5.77905 5.79127 5.80337 5.81528 5.82696 5.83834 5.84936 5.85996 5.8701 5.87971 5.88874 5.89715 5.90489 5.91192 5.91821 5.9237 5.92839 5.93223 5.93522 5.93732 5.93854 5.93887 5.9383 5.93684 5.93449 5.93128 5.92721 5.92231 5.91662 5.91015 5.90294 5.89505 5.8865 5.87735 5.86765 5.85745 5.8468 5.83576 5.8244 5.81276 5.80091 5.78891 5.77681 5.76468 5.75257 5.74054 5.72864 5.71691 5.70541 5.69419 5.68327 5.67271 5.66253 5.65277 5.64345 5.6346 5.62624 5.61838 5.61105 5.60424 5.59798 5.59226 5.5871 5.58249 5.57845 5.57496 5.57204 5.56968 5.56788 5.56664 5.56597 
5.56109 5.56155 5.56261 5.56426 5.56651 5.56935 5.57278 5.57681 5.58143 5.58665 5.59245 5.59884 5.60581 5.61335 5.62144 5.63007 5.63924 5.6489 5.65905 5.66965 5.68067 5.69207 5.70383 5.71588 5.7282 5.74073 5.75342 5.76621 5.77905 5.79188 5.80463 5.81726 5.8297 5.84187 5.85374 5.86523 5.87628 5.88684 5.89685 5.90625 5.91501 5.92307 5.93038 5.93692 5.94264 5.94751 5.95151 5.95461 5.9568 5.95807 5.95841 5.95781 5.95629 5.95385 5.9505 5.94627 5.94117 5.93523 5.9285 5.921 5.91277 5.90387 5.89433 5.88422 5.87358 5.86248 5.85097 5.83911 5.82696 5.81459 5.80205 5.78942 5.77674 5.76408 5.7515 5.73904 5.72678 5.71474 5.70298 5.69155 5.68048 5.66982 5.65958 5.64981 5.64052 5.63174 5.62349 5.61578 5.60863 5.60205 5.59604 5.59061 5.58577 5.58151 5.57784 5.57476 5.57228 5.57038 5.56907 5.56836 
5.56347 5.56396 5.56507 5.56679 5.56914 5.57212 5.57572 5.57994 5.58478 5.59025 5.59633 5.60302 5.61032 5.61821 5.62668 5.63572 5.6453 5.65541 5.66602 5.6771 5.68861 5.70053 5.7128 5.72539 5.73825 5.75132 5.76455 5.77789 5.79127 5.80463 5.81792 5.83107 5.84401 5.85669 5.86903 5.88098 5.89247 5.90344 5.91385 5.92362 5.93272 5.94109 5.94868 5.95547 5.96141 5.96646 5.97061 5.97383 5.9761 5.97742 5.97777 5.97715 5.97557 5.97303 5.96955 5.96515 5.95986 5.95369 5.94669 5.9389 5.93035 5.92109 5.91118 5.90066 5.8896 5.87804 5.86606 5.85372 5.84107 5.82818 5.81512 5.80195 5.78873 5.77553 5.7624 5.74941 5.7366 5.72403 5.71175 5.69981 5.68824 5.67708 5.66637 5.65615 5.64643 5.63724 5.6286 5.62052 5.61303 5.60613 5.59983 5.59413 5.58905 5.58458 5.58073 5.5775 5.57488 5.57289 5.57151 5.57076 
5.56586 5.56636 5.56751 5.56932 5.57178 5.57489 5.57865 5.58306 5.58812 5.59384 5.60019 5.60718 5.6148 5.62305 5.63189 5.64133 5.65133 5.66188 5.67295 5.6845 5.69651 5.70892 5.72171 5.73482 5.74821 5.76181 5.77558 5.78945 5.80337 5.81726 5.83107 5.84473 5.85817 5.87133 5.88414 5.89654 5.90846 5.91985 5.93063 5.94077 5.9502 5.95887 5.96674 5.97377 5.97992 5.98515 5.98945 5.99278 5.99514 5.9965 5.99686 5.99621 5.99457 5.99194 5.98834 5.98378 5.97829 5.9719 5.96465 5.95657 5.9477 5.9381 5.92782 5.9169 5.90542 5.89343 5.88099 5.86816 5.85502 5.84163 5.82805 5.81436 5.80061 5.78687 5.77321 5.75968 5.74634 5.73325 5.72045 5.708 5.69593 5.68429 5.67312 5.66245 5.6523 5.6427 5.63367 5.62524 5.6174 5.61019 5.6036 5.59764 5.59232 5.58764 5.58361 5.58022 5.57748 5.57539 5.57395 5.57315 
5.56822 5.56875 5.56995 5.57183 5.57439 5.57763 5.58156 5.58616 5.59144 5.59739 5.60402 5.61131 5.61925 5.62784 5.63705 5.64688 5.6573 5.66828 5.67979 5.69181 5.7043 5.71721 5.7305 5.74413 5.75803 5.77216 5.78645 5.80085 5.81528 5.8297 5.84401 5.85817 5.8721 5.88574 5.899 5.91184 5.92418 5.93596 5.94712 5.95761 5.96736 5.97633 5.98446 5.99173 5.99809 6.0035 6.00794 6.01138 6.01381 6.01522 6.01559 6.01492 6.01323 6.01051 6.00678 6.00207 5.99639 5.98978 5.98228 5.97392 5.96474 5.95481 5.94417 5.93287 5.92098 5.90855 5.89566 5.88238 5.86875 5.85487 5.84079 5.82658 5.81231 5.79805 5.78386 5.76981 5.75595 5.74234 5.72903 5.71608 5.70353 5.69142 5.67979 5.66868 5.6581 5.6481 5.6387 5.6299 5.62173 5.61421 5.60733 5.60111 5.59556 5.59068 5.58646 5.58293 5.58006 5.57788 5.57637 5.57553 
5.57056 5.57111 5.57235 5.57431 5.57697 5.58035 5.58443 5.58922 5.59471 5.6009 5.60779 5.61537 5.62363 5.63256 5.64214 5.65235 5.66317 5.67457 5.68653 5.699 5.71196 5.72535 5.73913 5.75326 5.76767 5.78231 5.79711 5.81202 5.82696 5.84187 5.85669 5.87133 5.88574 5.89983 5.91354 5.9268 5.93955 5.95172 5.96324 5.97406 5.98412 5.99338 6.00178 6.00927 6.01583 6.02141 6.02598 6.02954 6.03204 6.03349 6.03387 6.03318 6.03143 6.02863 6.02478 6.01992 6.01406 6.00724 5.9995 5.99087 5.9814 5.97114 5.96015 5.94848 5.93619 5.92335 5.91003 5.89628 5.88219 5.86783 5.85326 5.83855 5.82378 5.80901 5.79431 5.77974 5.76537 5.75126 5.73746 5.72402 5.711 5.69842 5.68635 5.6748 5.66382 5.65342 5.64364 5.63449 5.626 5.61817 5.61101 5.60454 5.59876 5.59367 5.58928 5.5856 5.58261 5.58033 5.57876 5.57789 
5.57286 5.57342 5.57472 5.57675 5.57951 5.58301 5.58725 5.59222 5.59792 5.60435 5.61149 5.61936 5.62792 5.63718 5.64711 5.65769 5.66891 5.68072 5.69311 5.70603 5.71944 5.7333 5.74756 5.76217 5.77707 5.7922 5.8075 5.8229 5.83834 5.85374 5.86903 5.88414 5.899 5.91354 5.92768 5.94135 5.95449 5.96703 5.9789 5.99005 6.00041 6.00994 6.01859 6.0263 6.03305 6.0388 6.04351 6.04716 6.04974 6.05123 6.05162 6.05091 6.04911 6.04622 6.04227 6.03726 6.03123 6.02421 6.01623 6.00734 5.99758 5.98701 5.97568 5.96365 5.95098 5.93774 5.924 5.90982 5.89528 5.88045 5.8654 5.85021 5.83495 5.81969 5.80449 5.78943 5.77457 5.75997 5.74569 5.73178 5.71829 5.70526 5.69275 5.68079 5.6694 5.65862 5.64848 5.63899 5.63017 5.62205 5.61462 5.6079 5.60189 5.59661 5.59205 5.58822 5.58512 5.58274 5.5811 5.5802 
5.57511 5.57569 5.57703 5.57913 5.58199 5.58561 5.59 5.59514 5.60105 5.6077 5.6151 5.62324 5.6321 5.64168 5.65195 5.6629 5.67449 5.6867 5.6995 5.71285 5.7267 5.74101 5.75574 5.77081 5.78619 5.8018 5.81757 5.83345 5.84936 5.86523 5.88098 5.89654 5.91184 5.9268 5.94135 5.95542 5.96894 5.98183 5.99404 6.0055 6.01615 6.02594 6.03482 6.04275 6.04968 6.05558 6.06042 6.06417 6.06682 6.06835 6.06875 6.06802 6.06617 6.06321 6.05914 6.054 6.0478 6.04058 6.03238 6.02325 6.01322 6.00235 5.99069 5.97832 5.96529 5.95166 5.93751 5.92291 5.90794 5.89266 5.87716 5.86151 5.84577 5.83003 5.81436 5.79882 5.78349 5.76842 5.75367 5.7393 5.72537 5.71191 5.69898 5.6866 5.67483 5.66368 5.65319 5.64337 5.63424 5.62582 5.61813 5.61117 5.60495 5.59947 5.59475 5.59078 5.58756 5.5851 5.5834 5.58245 
5.57729 5.57788 5.57926 5.58143 5.58439 5.58813 5.59267 5.59798 5.60408 5.61095 5.61859 5.627 5.63615 5.64603 5.65663 5.66792 5.67988 5.69248 5.70567 5.71943 5.73371 5.74846 5.76362 5.77915 5.79497 5.81104 5.82727 5.8436 5.85996 5.87628 5.89247 5.90846 5.92418 5.93955 5.95449 5.96894 5.98281 5.99604 6.00857 6.02032 6.03125 6.04129 6.0504 6.05853 6.06564 6.07168 6.07664 6.08049 6.0832 6.08477 6.08518 6.08444 6.08254 6.0795 6.07533 6.07005 6.0637 6.0563 6.04789 6.03852 6.02823 6.01707 6.00511 5.99241 5.97903 5.96503 5.9505 5.9355 5.92012 5.90441 5.88847 5.87237 5.85619 5.83999 5.82387 5.80787 5.79208 5.77656 5.76136 5.74656 5.73219 5.71832 5.70498 5.69222 5.68007 5.66857 5.65773 5.6476 5.63817 5.62948 5.62153 5.61434 5.60791 5.60225 5.59736 5.59325 5.58993 5.58738 5.58562 5.58464 
5.57939 5.58 5.58142 5.58366 5.5867 5.59056 5.59523 5.60071 5.60699 5.61407 5.62195 5.6306 5.64003 5.65021 5.66112 5.67275 5.68505 5.69801 5.71159 5.72574 5.74042 5.75558 5.77117 5.78712 5.80338 5.81987 5.83654 5.85331 5.8701 5.88684 5.90344 5.91985 5.93596 5.95172 5.96703 5.98183 5.99604 6.00959 6.02242 6.03446 6.04564 6.05592 6.06525 6.07357 6.08084 6.08703 6.0921 6.09604 6.09881 6.10041 6.10083 6.10007 6.09813 6.09502 6.09075 6.08536 6.07885 6.07128 6.06267 6.05307 6.04254 6.03111 6.01886 6.00585 5.99214 5.97779 5.9629 5.94752 5.93174 5.91563 5.89928 5.88276 5.86614 5.84952 5.83295 5.81652 5.8003 5.78435 5.76873 5.75351 5.73873 5.72446 5.71074 5.69761 5.6851 5.67325 5.6621 5.65165 5.64195 5.63299 5.6248 5.61738 5.61075 5.60492 5.59988 5.59564 5.59221 5.58958 5.58776 5.58675 
5.58139 5.58202 5.58348 5.58578 5.58891 5.59288 5.59768 5.60332 5.60977 5.61705 5.62515 5.63404 5.64373 5.65419 5.6654 5.67734 5.68998 5.70328 5.71722 5.73174 5.7468 5.76235 5.77833 5.79469 5.81135 5.82826 5.84534 5.86251 5.87971 5.89685 5.91385 5.93063 5.94712 5.96324 5.9789 5.99404 6.00857 6.02242 6.03553 6.04783 6.05926 6.06977 6.07929 6.08778 6.09521 6.10153 6.10671 6.11073 6.11357 6.1152 6.11563 6.11485 6.11287 6.10969 6.10534 6.09982 6.09318 6.08544 6.07665 6.06684 6.05608 6.0444 6.03188 6.01857 6.00455 5.98988 5.97464 5.95891 5.94276 5.92627 5.90952 5.8926 5.87559 5.85855 5.84158 5.82474 5.8081 5.79174 5.77572 5.76011 5.74495 5.7303 5.71621 5.70273 5.68988 5.67772 5.66625 5.65552 5.64554 5.63633 5.62791 5.62028 5.61347 5.60746 5.60228 5.59792 5.59438 5.59168 5.58981 5.58877 
5.58329 5.58394 5.58544 5.58779 5.59101 5.59508 5.6 5.60578 5.61241 5.61987 5.62817 5.63729 5.64723 5.65795 5.66944 5.68167 5.69462 5.70825 5.72252 5.73739 5.75281 5.76872 5.78508 5.80182 5.81886 5.83615 5.85361 5.87117 5.88874 5.90625 5.92362 5.94077 5.95761 5.97406 5.99005 6.0055 6.02032 6.03446 6.04783 6.06038 6.07204 6.08275 6.09246 6.10112 6.10869 6.11513 6.12041 6.12451 6.1274 6.12907 6.12951 6.12871 6.12669 6.12345 6.11901 6.11339 6.10662 6.09873 6.08976 6.07976 6.06878 6.05687 6.04409 6.03051 6.0162 6.00123 5.98567 5.9696 5.9531 5.93626 5.91915 5.90186 5.88447 5.86705 5.84969 5.83246 5.81545 5.79871 5.78231 5.76632 5.7508 5.7358 5.72137 5.70756 5.6944 5.68192 5.67017 5.65917 5.64894 5.63949 5.63085 5.62303 5.61603 5.60987 5.60455 5.60007 5.59645 5.59367 5.59175 5.59068 
5.58508 5.58573 5.58727 5.58968 5.59297 5.59714 5.60218 5.60809 5.61487 5.62251 5.631 5.64034 5.65049 5.66146 5.67321 5.68572 5.69896 5.71289 5.72747 5.74266 5.75841 5.77467 5.79137 5.80846 5.82586 5.8435 5.86132 5.87923 5.89715 5.91501 5.93272 5.9502 5.96736 5.98412 6.00041 6.01615 6.03125 6.04564 6.05926 6.07204 6.0839 6.0948 6.10469 6.1135 6.12121 6.12776 6.13314 6.1373 6.14024 6.14194 6.14239 6.14158 6.13952 6.13623 6.13171 6.12599 6.1191 6.11107 6.10194 6.09176 6.08058 6.06845 6.05544 6.04161 6.02703 6.01178 5.99592 5.97955 5.96273 5.94556 5.92811 5.91048 5.89273 5.87496 5.85725 5.83966 5.82229 5.8052 5.78845 5.77212 5.75627 5.74094 5.72619 5.71206 5.69861 5.68585 5.67384 5.66258 5.65211 5.64245 5.6336 5.6256 5.61843 5.61213 5.60668 5.60209 5.59838 5.59554 5.59356 5.59247 
5.58673 5.5874 5.58897 5.59143 5.59479 5.59904 5.60419 5.61023 5.61715 5.62495 5.63362 5.64315 5.65352 5.66471 5.67669 5.68946 5.70296 5.71717 5.73204 5.74753 5.76358 5.78015 5.79717 5.81458 5.8323 5.85027 5.86842 5.88665 5.90489 5.92307 5.94109 5.95887 5.97633 5.99338 6.00994 6.02594 6.04129 6.05592 6.06977 6.08275 6.0948 6.10588 6.11592 6.12487 6.1327 6.13936 6.14482 6.14905 6.15204 6.15376 6.15422 6.1534 6.15131 6.14796 6.14337 6.13756 6.13056 6.12241 6.11313 6.10279 6.09142 6.0791 6.06587 6.05181 6.03699 6.02148 6.00535 5.98869 5.97159 5.95411 5.93636 5.91841 5.90034 5.88225 5.86421 5.8463 5.8286 5.81118 5.79411 5.77747 5.7613 5.74567 5.73063 5.71622 5.7025 5.68948 5.67722 5.66573 5.65504 5.64518 5.63615 5.62797 5.62066 5.61422 5.60865 5.60397 5.60017 5.59727 5.59525 5.59413 
5.58824 5.58893 5.59052 5.59303 5.59645 5.60079 5.60603 5.61218 5.61924 5.62718 5.63601 5.64571 5.65627 5.66767 5.67987 5.69286 5.70661 5.72106 5.7362 5.75195 5.76829 5.78514 5.80245 5.82014 5.83816 5.85643 5.87486 5.89339 5.91192 5.93038 5.94868 5.96674 5.98446 6.00178 6.01859 6.03482 6.0504 6.06525 6.07929 6.09246 6.10469 6.11592 6.1261 6.13518 6.14312 6.14987 6.15541 6.1597 6.16272 6.16447 6.16493 6.1641 6.16199 6.15859 6.15394 6.14805 6.14095 6.13268 6.12328 6.11278 6.10126 6.08875 6.07533 6.06107 6.04602 6.03028 6.01391 5.997 5.97962 5.96188 5.94384 5.92561 5.90725 5.88886 5.87053 5.85232 5.83433 5.81662 5.79926 5.78233 5.76588 5.74998 5.73467 5.72001 5.70604 5.69279 5.6803 5.66861 5.65772 5.64767 5.63847 5.63014 5.62269 5.61612 5.61045 5.60568 5.60181 5.59885 5.59679 5.59565 
5.58961 5.5903 5.59192 5.59447 5.59795 5.60236 5.60769 5.61394 5.62111 5.62919 5.63816 5.64802 5.65875 5.67032 5.68272 5.69592 5.70987 5.72456 5.73992 5.75592 5.7725 5.7896 5.80716 5.82512 5.8434 5.86193 5.88063 5.89941 5.91821 5.93692 5.95547 5.97377 5.99173 6.00927 6.0263 6.04275 6.05853 6.07357 6.08778 6.10112 6.1135 6.12487 6.13518 6.14438 6.15241 6.15924 6.16485 6.16919 6.17225 6.17402 6.17449 6.17365 6.17151 6.16808 6.16337 6.1574 6.15022 6.14184 6.13232 6.1217 6.11003 6.09736 6.08377 6.06932 6.05408 6.03813 6.02154 6.00441 5.9868 5.96881 5.95053 5.93204 5.91343 5.89478 5.87618 5.85771 5.83945 5.82148 5.80387 5.78668 5.76999 5.75384 5.7383 5.72341 5.70921 5.69576 5.68307 5.67118 5.66012 5.64991 5.64056 5.63209 5.62452 5.61784 5.61207 5.60722 5.60328 5.60027 5.59818 5.59702 
5.59081 5.59151 5.59316 5.59574 5.59927 5.60374 5.60915 5.61549 5.62276 5.63095 5.64005 5.65005 5.66092 5.67266 5.68522 5.6986 5.71274 5.72762 5.74319 5.7594 5.77619 5.79351 5.8113 5.82948 5.84799 5.86674 5.88567 5.90468 5.9237 5.94264 5.96141 5.97992 5.99809 6.01583 6.03305 6.04968 6.06564 6.08084 6.09521 6.10869 6.12121 6.1327 6.14312 6.15241 6.16053 6.16743 6.17309 6.17748 6.18058 6.18237 6.18284 6.18199 6.17983 6.17636 6.1716 6.16558 6.15832 6.14985 6.14023 6.12949 6.11769 6.10489 6.09115 6.07654 6.06113 6.045 6.02822 6.01089 5.99308 5.97488 5.95638 5.93767 5.91883 5.89995 5.88113 5.86243 5.84394 5.82574 5.8079 5.79049 5.77358 5.75722 5.74147 5.72638 5.712 5.69836 5.6855 5.67345 5.66223 5.65188 5.6424 5.63381 5.62612 5.61935 5.6135 5.60858 5.60459 5.60153 5.59941 5.59823 
5.59185 5.59256 5.59422 5.59684 5.60041 5.60493 5.6104 5.61682 5.62418 5.63246 5.64167 5.65178 5.66278 5.67465 5.68737 5.70089 5.7152 5.73024 5.74598 5.76236 5.77934 5.79685 5.81483 5.8332 5.8519 5.87085 5.88997 5.90918 5.92839 5.94751 5.96646 5.98515 6.0035 6.02141 6.0388 6.05558 6.07168 6.08703 6.10153 6.11513 6.12776 6.13936 6.14987 6.15924 6.16743 6.1744 6.18011 6.18454 6.18766 6.18947 6.18994 6.18909 6.18691 6.18341 6.17861 6.17253 6.1652 6.15666 6.14695 6.13612 6.12422 6.1113 6.09743 6.08268 6.06713 6.05084 6.03391 6.01641 5.99842 5.98004 5.96136 5.94246 5.92343 5.90437 5.88534 5.86645 5.84777 5.82938 5.81135 5.79375 5.77665 5.76011 5.74419 5.72893 5.71438 5.70058 5.68758 5.67539 5.66404 5.65356 5.64397 5.63528 5.6275 5.62065 5.61473 5.60975 5.60571 5.60261 5.60046 5.59927 
5.59271 5.59343 5.59511 5.59775 5.60135 5.60592 5.61144 5.61792 5.62535 5.63372 5.64301 5.65322 5.66432 5.6763 5.68913 5.70278 5.71722 5.7324 5.74828 5.76481 5.78193 5.79959 5.81773 5.83626 5.85512 5.87422 5.8935 5.91287 5.93223 5.95151 5.97061 5.98945 6.00794 6.02598 6.04351 6.06042 6.07664 6.0921 6.10671 6.12041 6.13314 6.14482 6.15541 6.16485 6.17309 6.18011 6.18586 6.19032 6.19347 6.19529 6.19577 6.1949 6.19271 6.18918 6.18435 6.17823 6.17085 6.16225 6.15247 6.14156 6.12956 6.11655 6.10258 6.08772 6.07205 6.05564 6.03857 6.02093 6.00281 5.98428 5.96545 5.9464 5.92721 5.90799 5.8888 5.86975 5.85091 5.83236 5.81418 5.79642 5.77918 5.76249 5.74642 5.73102 5.71634 5.70242 5.68929 5.67699 5.66553 5.65496 5.64527 5.6365 5.62865 5.62173 5.61575 5.61072 5.60663 5.60351 5.60134 5.60013 
5.59339 5.59411 5.5958 5.59847 5.6021 5.6067 5.61227 5.61879 5.62627 5.6347 5.64406 5.65434 5.66553 5.67759 5.69052 5.70426 5.7188 5.73408 5.75007 5.76671 5.78395 5.80173 5.81998 5.83863 5.85761 5.87684 5.89625 5.91573 5.93522 5.95461 5.97383 5.99278 6.01138 6.02954 6.04716 6.06417 6.08049 6.09604 6.11073 6.12451 6.1373 6.14905 6.1597 6.16919 6.17748 6.18454 6.19032 6.19481 6.19797 6.1998 6.20028 6.19941 6.1972 6.19366 6.1888 6.18265 6.17523 6.16658 6.15674 6.14577 6.13371 6.12062 6.10657 6.09162 6.07586 6.05935 6.04219 6.02444 6.00621 5.98757 5.96862 5.94945 5.93014 5.9108 5.89149 5.87232 5.85336 5.83468 5.81638 5.79851 5.78114 5.76434 5.74816 5.73266 5.71787 5.70385 5.69063 5.67824 5.6667 5.65605 5.64629 5.63745 5.62954 5.62257 5.61655 5.61148 5.60737 5.60422 5.60203 5.60082 
5.59389 5.59461 5.59631 5.59899 5.60264 5.60726 5.61286 5.61942 5.62694 5.63541 5.64482 5.65515 5.66639 5.67852 5.6915 5.70532 5.71992 5.73528 5.75134 5.76806 5.78539 5.80325 5.82158 5.84032 5.85938 5.8787 5.89818 5.91775 5.93732 5.9568 5.9761 5.99514 6.01381 6.03204 6.04974 6.06682 6.0832 6.09881 6.11357 6.1274 6.14024 6.15204 6.16272 6.17225 6.18058 6.18766 6.19347 6.19797 6.20115 6.20298 6.20346 6.2026 6.20038 6.19682 6.19194 6.18576 6.17831 6.16963 6.15976 6.14874 6.13663 6.12349 6.10938 6.09438 6.07855 6.06197 6.04473 6.02692 6.0086 5.98989 5.97086 5.9516 5.93222 5.91278 5.89339 5.87413 5.85508 5.83632 5.81793 5.79998 5.78253 5.76565 5.7494 5.73382 5.71897 5.70487 5.69159 5.67913 5.66754 5.65683 5.64703 5.63814 5.63019 5.62318 5.61713 5.61203 5.6079 5.60473 5.60254 5.60132 
5.5942 5.59492 5.59663 5.59931 5.60297 5.60761 5.61322 5.6198 5.62734 5.63584 5.64527 5.65564 5.66691 5.67907 5.69209 5.70594 5.72059 5.73598 5.75209 5.76886 5.78622 5.80413 5.82251 5.8413 5.86041 5.87977 5.89931 5.91893 5.93854 5.95807 5.97742 5.9965 6.01522 6.03349 6.05123 6.06835 6.08477 6.10041 6.1152 6.12907 6.14194 6.15376 6.16447 6.17402 6.18237 6.18947 6.19529 6.1998 6.20298 6.20482 6.2053 6.20443 6.20221 6.19864 6.19375 6.18756 6.1801 6.17139 6.1615 6.15045 6.13832 6.12514 6.111 6.09596 6.0801 6.06348 6.0462 6.02834 6.00999 5.99123 5.97215 5.95285 5.93341 5.91393 5.89449 5.87518 5.85609 5.83728 5.81884 5.80084 5.78335 5.76642 5.75012 5.7345 5.71961 5.70548 5.69215 5.67967 5.66804 5.6573 5.64747 5.63856 5.63059 5.62356 5.61749 5.61237 5.60823 5.60505 5.60285 5.60162 
