2.63441 2.63466 2.6349 2.63515 2.63539 2.63563 2.63587 2.6361 2.63633 2.63655 2.63678 2.637 2.63722 2.63744 2.63767 2.6379 2.63815 2.6384 2.63868 2.63897 2.63929 2.63963 2.64 2.6404 2.64083 2.64129 2.64179 2.64232 2.64289 2.64349 2.64411 2.64477 2.64545 2.64614 2.64686 2.64758 2.6483 2.64902 2.64972 2.65041 2.65107 2.6517 2.65229 2.65283 2.65332 2.65375 2.65411 2.6544 2.65462 2.65476 2.65483 2.65481 2.65472 2.65456 2.65431 2.654 2.65362 2.65318 2.65268 2.65213 2.65154 2.65091 2.65025 2.64957 2.64888 2.64817 2.64747 2.64677 2.64608 2.64541 2.64477 2.64415 2.64356 2.643 2.64248 2.642 2.64156 2.64116 2.6408 2.64049 2.64021 2.63998 2.63979 2.63963 2.63952 2.63944 2.6394 2.63939 2.63942 2.63947 2.63956 2.63967 2.6398 2.63996 2.64013 2.64032 2.64053 2.64075 2.64098 2.64122 
2.63466 2.6349 2.63515 2.63539 2.63564 2.63588 2.63611 2.63635 2.63657 2.6368 2.63702 2.63724 2.63746 2.63768 2.63791 2.63814 2.63839 2.63865 2.63892 2.63922 2.63954 2.63988 2.64026 2.64066 2.6411 2.64157 2.64207 2.64261 2.64319 2.64379 2.64443 2.6451 2.64579 2.6465 2.64723 2.64796 2.6487 2.64943 2.65015 2.65085 2.65153 2.65217 2.65277 2.65332 2.65382 2.65426 2.65462 2.65492 2.65515 2.65529 2.65536 2.65535 2.65525 2.65508 2.65483 2.65451 2.65412 2.65367 2.65316 2.6526 2.652 2.65136 2.65068 2.64999 2.64928 2.64856 2.64785 2.64713 2.64643 2.64575 2.64509 2.64446 2.64386 2.6433 2.64277 2.64228 2.64183 2.64143 2.64106 2.64074 2.64047 2.64023 2.64004 2.63988 2.63977 2.63969 2.63965 2.63964 2.63966 2.63972 2.6398 2.63991 2.64004 2.6402 2.64037 2.64057 2.64077 2.64099 2.64122 2.64146 
2.6349 2.63515 2.63539 2.63564 2.63588 2.63613 2.63636 2.6366 2.63683 2.63705 2.63728 2.6375 2.63772 2.63795 2.63819 2.63843 2.63869 2.63896 2.63925 2.63956 2.63989 2.64026 2.64065 2.64108 2.64154 2.64204 2.64258 2.64316 2.64377 2.64442 2.6451 2.64581 2.64655 2.6473 2.64808 2.64886 2.64964 2.65042 2.65119 2.65194 2.65266 2.65334 2.65398 2.65457 2.65509 2.65556 2.65595 2.65626 2.6565 2.65665 2.65672 2.65671 2.65661 2.65642 2.65616 2.65582 2.6554 2.65492 2.65438 2.65378 2.65314 2.65245 2.65173 2.65099 2.65024 2.64947 2.64871 2.64795 2.6472 2.64648 2.64577 2.6451 2.64446 2.64386 2.6433 2.64277 2.6423 2.64186 2.64148 2.64113 2.64083 2.64058 2.64037 2.6402 2.64007 2.63998 2.63993 2.63992 2.63993 2.63998 2.64006 2.64017 2.6403 2.64045 2.64063 2.64082 2.64102 2.64124 2.64147 2.64171 
2.63515 2.63539 2.63564 2.63589 2.63613 2.63637 2.63661 2.63685 2.63709 2.63732 2.63755 2.63778 2.63801 2.63825 2.6385 2.63876 2.63904 2.63933 2.63964 2.63998 2.64035 2.64075 2.64119 2.64166 2.64218 2.64273 2.64333 2.64397 2.64465 2.64537 2.64612 2.64691 2.64773 2.64857 2.64942 2.65029 2.65116 2.65202 2.65287 2.65369 2.65448 2.65524 2.65594 2.65659 2.65717 2.65767 2.6581 2.65845 2.65871 2.65888 2.65895 2.65893 2.65882 2.65861 2.65832 2.65794 2.65748 2.65695 2.65635 2.65568 2.65497 2.65421 2.65342 2.6526 2.65177 2.65092 2.65007 2.64923 2.64841 2.6476 2.64682 2.64608 2.64537 2.6447 2.64407 2.64349 2.64296 2.64247 2.64204 2.64166 2.64132 2.64103 2.64079 2.64059 2.64044 2.64033 2.64026 2.64023 2.64024 2.64027 2.64034 2.64044 2.64057 2.64071 2.64088 2.64107 2.64127 2.64149 2.64172 2.64195 
2.63539 2.63564 2.63588 2.63613 2.63638 2.63663 2.63687 2.63711 2.63735 2.63759 2.63783 2.63808 2.63833 2.63859 2.63886 2.63914 2.63944 2.63977 2.64012 2.64051 2.64093 2.64138 2.64188 2.64242 2.64301 2.64365 2.64433 2.64506 2.64584 2.64666 2.64752 2.64843 2.64936 2.65032 2.65129 2.65228 2.65327 2.65425 2.65521 2.65615 2.65705 2.6579 2.65869 2.65942 2.66008 2.66065 2.66114 2.66152 2.66181 2.662 2.66208 2.66205 2.66192 2.66169 2.66135 2.66092 2.6604 2.65979 2.6591 2.65835 2.65754 2.65668 2.65578 2.65485 2.65389 2.65293 2.65197 2.65101 2.65007 2.64915 2.64826 2.6474 2.64659 2.64582 2.64511 2.64444 2.64383 2.64327 2.64277 2.64232 2.64193 2.64159 2.6413 2.64107 2.64088 2.64074 2.64064 2.64059 2.64057 2.64059 2.64064 2.64073 2.64084 2.64098 2.64115 2.64133 2.64153 2.64174 2.64196 2.6422 
2.63563 2.63588 2.63613 2.63637 2.63663 2.63688 2.63713 2.63737 2.63763 2.63788 2.63813 2.6384 2.63867 2.63895 2.63925 2.63957 2.63992 2.64029 2.64069 2.64114 2.64162 2.64216 2.64274 2.64337 2.64406 2.6448 2.6456 2.64646 2.64737 2.64833 2.64934 2.65039 2.65148 2.65259 2.65372 2.65487 2.65602 2.65715 2.65827 2.65935 2.66039 2.66137 2.66229 2.66313 2.66388 2.66454 2.6651 2.66554 2.66587 2.66608 2.66617 2.66614 2.66598 2.6657 2.66531 2.66481 2.6642 2.6635 2.66271 2.66183 2.66089 2.65989 2.65885 2.65777 2.65666 2.65554 2.65442 2.65331 2.65221 2.65114 2.65011 2.64911 2.64816 2.64727 2.64643 2.64564 2.64492 2.64426 2.64367 2.64314 2.64267 2.64226 2.64191 2.64162 2.64138 2.6412 2.64107 2.64098 2.64093 2.64093 2.64096 2.64103 2.64113 2.64126 2.64141 2.64159 2.64178 2.64199 2.64221 2.64244 
2.63587 2.63611 2.63636 2.63661 2.63687 2.63713 2.63738 2.63764 2.63791 2.63817 2.63845 2.63874 2.63904 2.63935 2.63969 2.64006 2.64046 2.64089 2.64136 2.64189 2.64246 2.64309 2.64378 2.64453 2.64535 2.64623 2.64718 2.64819 2.64927 2.65041 2.6516 2.65284 2.65412 2.65543 2.65677 2.65812 2.65946 2.66079 2.6621 2.66336 2.66458 2.66573 2.66679 2.66777 2.66865 2.66941 2.67006 2.67057 2.67095 2.67119 2.67129 2.67124 2.67106 2.67073 2.67027 2.66968 2.66897 2.66814 2.66721 2.66619 2.66509 2.66392 2.66269 2.66142 2.66012 2.65881 2.65749 2.65618 2.65489 2.65363 2.65241 2.65123 2.65011 2.64905 2.64805 2.64712 2.64626 2.64548 2.64476 2.64412 2.64356 2.64306 2.64263 2.64227 2.64197 2.64173 2.64154 2.64141 2.64133 2.6413 2.64131 2.64135 2.64143 2.64154 2.64168 2.64185 2.64203 2.64223 2.64245 2.64268 
2.6361 2.63635 2.6366 2.63685 2.63711 2.63737 2.63764 2.63792 2.6382 2.63849 2.63879 2.6391 2.63944 2.6398 2.64019 2.64061 2.64107 2.64158 2.64215 2.64277 2.64345 2.6442 2.64502 2.64592 2.6469 2.64795 2.64908 2.6503 2.65158 2.65293 2.65435 2.65583 2.65735 2.6589 2.66048 2.66207 2.66366 2.66523 2.66677 2.66826 2.66968 2.67103 2.67228 2.67343 2.67445 2.67534 2.67609 2.67669 2.67713 2.67741 2.67752 2.67746 2.67724 2.67685 2.6763 2.67561 2.67477 2.67379 2.6727 2.67149 2.67019 2.66881 2.66737 2.66587 2.66434 2.66279 2.66123 2.65968 2.65815 2.65665 2.6552 2.6538 2.65247 2.6512 2.65001 2.6489 2.64787 2.64693 2.64607 2.64529 2.6446 2.644 2.64347 2.64302 2.64264 2.64233 2.64208 2.6419 2.64177 2.6417 2.64167 2.64169 2.64175 2.64184 2.64196 2.64211 2.64228 2.64248 2.64269 2.64291 
2.63633 2.63657 2.63683 2.63709 2.63735 2.63763 2.63791 2.6382 2.6385 2.63881 2.63914 2.6395 2.63988 2.64029 2.64074 2.64124 2.64178 2.64239 2.64305 2.64379 2.64461 2.64551 2.6465 2.64757 2.64874 2.65001 2.65136 2.65281 2.65434 2.65596 2.65765 2.6594 2.66121 2.66305 2.66493 2.66681 2.66869 2.67054 2.67235 2.67411 2.67578 2.67736 2.67883 2.68017 2.68137 2.68242 2.68329 2.68399 2.6845 2.68481 2.68494 2.68487 2.6846 2.68414 2.68349 2.68267 2.68168 2.68053 2.67924 2.67782 2.67628 2.67466 2.67295 2.67118 2.66937 2.66753 2.66569 2.66385 2.66204 2.66026 2.65854 2.65687 2.65528 2.65377 2.65235 2.65102 2.64978 2.64864 2.64761 2.64667 2.64583 2.64509 2.64444 2.64388 2.6434 2.64301 2.64269 2.64244 2.64226 2.64213 2.64207 2.64205 2.64207 2.64214 2.64224 2.64238 2.64254 2.64272 2.64292 2.64314 
2.63655 2.6368 2.63705 2.63732 2.63759 2.63788 2.63817 2.63849 2.63881 2.63916 2.63953 2.63993 2.64036 2.64084 2.64136 2.64195 2.64259 2.64331 2.64411 2.64499 2.64597 2.64705 2.64823 2.64952 2.65092 2.65243 2.65405 2.65578 2.65761 2.65954 2.66155 2.66363 2.66577 2.66796 2.67017 2.6724 2.67461 2.6768 2.67893 2.68099 2.68296 2.68481 2.68653 2.6881 2.68951 2.69072 2.69174 2.69255 2.69314 2.69351 2.69365 2.69356 2.69324 2.69269 2.69193 2.69096 2.68979 2.68844 2.68692 2.68525 2.68344 2.68152 2.67951 2.67743 2.67529 2.67312 2.67094 2.66877 2.66662 2.66451 2.66247 2.66049 2.65859 2.65679 2.65509 2.6535 2.65202 2.65066 2.64941 2.64828 2.64726 2.64636 2.64556 2.64487 2.64428 2.64378 2.64337 2.64304 2.64279 2.64261 2.64249 2.64243 2.64242 2.64246 2.64254 2.64265 2.64279 2.64296 2.64316 2.64337 
2.63678 2.63702 2.63728 2.63755 2.63783 2.63813 2.63845 2.63879 2.63914 2.63953 2.63995 2.6404 2.6409 2.64145 2.64207 2.64276 2.64352 2.64437 2.64532 2.64638 2.64755 2.64884 2.65025 2.65179 2.65347 2.65527 2.6572 2.65926 2.66144 2.66372 2.6661 2.66857 2.6711 2.67368 2.67629 2.67891 2.68152 2.68408 2.68658 2.689 2.6913 2.69347 2.69548 2.69731 2.69894 2.70035 2.70154 2.70247 2.70316 2.70358 2.70373 2.70362 2.70324 2.7026 2.70171 2.70057 2.6992 2.69761 2.69583 2.69387 2.69175 2.6895 2.68714 2.68469 2.68217 2.67962 2.67705 2.67449 2.67196 2.66947 2.66704 2.6647 2.66246 2.66032 2.6583 2.6564 2.65463 2.653 2.6515 2.65014 2.64892 2.64782 2.64685 2.64601 2.64528 2.64466 2.64414 2.64372 2.64339 2.64313 2.64295 2.64284 2.64279 2.64279 2.64284 2.64293 2.64305 2.64321 2.64339 2.6436 
2.637 2.63724 2.6375 2.63778 2.63808 2.6384 2.63874 2.6391 2.6395 2.63993 2.6404 2.64092 2.6415 2.64215 2.64287 2.64368 2.64458 2.6456 2.64673 2.64798 2.64938 2.65091 2.6526 2.65443 2.65642 2.65856 2.66086 2.6633 2.66587 2.66857 2.67138 2.67429 2.67727 2.6803 2.68336 2.68643 2.68948 2.69247 2.69539 2.69821 2.70089 2.70341 2.70575 2.70787 2.70976 2.7114 2.71277 2.71385 2.71464 2.71512 2.71529 2.71515 2.7147 2.71395 2.71291 2.71158 2.70998 2.70813 2.70605 2.70377 2.70129 2.69867 2.6959 2.69304 2.6901 2.68711 2.6841 2.68109 2.67811 2.67519 2.67233 2.66957 2.66692 2.66439 2.662 2.65975 2.65765 2.65571 2.65392 2.65229 2.65082 2.64951 2.64834 2.64731 2.64642 2.64565 2.64501 2.64448 2.64405 2.64371 2.64346 2.64329 2.64318 2.64314 2.64315 2.64322 2.64332 2.64346 2.64363 2.64382 
2.63722 2.63746 2.63772 2.63801 2.63833 2.63867 2.63904 2.63944 2.63988 2.64036 2.6409 2.6415 2.64217 2.64293 2.64377 2.64473 2.6458 2.647 2.64834 2.64983 2.65148 2.65331 2.6553 2.65748 2.65983 2.66236 2.66507 2.66794 2.67097 2.67415 2.67744 2.68085 2.68433 2.68788 2.69145 2.69503 2.69857 2.70206 2.70544 2.70871 2.71181 2.71473 2.71742 2.71988 2.72206 2.72394 2.72552 2.72676 2.72766 2.72821 2.7284 2.72823 2.72771 2.72683 2.72562 2.72408 2.72222 2.72008 2.71767 2.71502 2.71215 2.7091 2.70589 2.70256 2.69914 2.69565 2.69214 2.68863 2.68515 2.68173 2.67839 2.67515 2.67204 2.66906 2.66624 2.66359 2.66111 2.65881 2.65669 2.65476 2.65301 2.65143 2.65003 2.64879 2.64771 2.64678 2.64599 2.64533 2.64478 2.64435 2.64402 2.64377 2.64361 2.64352 2.64349 2.64351 2.64359 2.64371 2.64386 2.64405 
2.63744 2.63768 2.63795 2.63825 2.63859 2.63895 2.63935 2.6398 2.64029 2.64084 2.64145 2.64215 2.64293 2.64381 2.6448 2.64592 2.64718 2.6486 2.65019 2.65195 2.6539 2.65605 2.6584 2.66097 2.66374 2.66671 2.66989 2.67325 2.6768 2.68051 2.68435 2.68832 2.69237 2.69649 2.70063 2.70477 2.70887 2.7129 2.71681 2.72057 2.72414 2.72749 2.73059 2.7334 2.7359 2.73806 2.73986 2.74128 2.7423 2.74292 2.74314 2.74294 2.74233 2.74132 2.73991 2.73814 2.736 2.73353 2.73076 2.7277 2.72439 2.72087 2.71716 2.71331 2.70935 2.70532 2.70125 2.69718 2.69314 2.68916 2.68527 2.68149 2.67786 2.67438 2.67108 2.66797 2.66506 2.66235 2.65986 2.65757 2.6555 2.65363 2.65195 2.65048 2.64918 2.64806 2.64709 2.64628 2.64561 2.64506 2.64463 2.64431 2.64407 2.64392 2.64384 2.64383 2.64387 2.64397 2.6441 2.64428 
2.63767 2.63791 2.63819 2.6385 2.63886 2.63925 2.63969 2.64019 2.64074 2.64136 2.64207 2.64287 2.64377 2.6448 2.64596 2.64728 2.64876 2.65043 2.65229 2.65436 2.65666 2.65918 2.66194 2.66494 2.66818 2.67166 2.67536 2.67928 2.6834 2.68771 2.69217 2.69675 2.70144 2.70619 2.71097 2.71573 2.72045 2.72506 2.72955 2.73385 2.73794 2.74177 2.7453 2.74851 2.75135 2.75381 2.75585 2.75746 2.75862 2.75932 2.75955 2.75932 2.75862 2.75746 2.75585 2.75382 2.75137 2.74855 2.74537 2.74187 2.73808 2.73404 2.72979 2.72537 2.72082 2.71618 2.71149 2.70679 2.70213 2.69753 2.69302 2.68865 2.68443 2.68039 2.67655 2.67293 2.66953 2.66636 2.66344 2.66076 2.65832 2.65611 2.65414 2.65238 2.65084 2.6495 2.64834 2.64736 2.64653 2.64586 2.64531 2.64489 2.64458 2.64436 2.64422 2.64416 2.64417 2.64424 2.64435 2.64451 
2.6379 2.63814 2.63843 2.63876 2.63914 2.63957 2.64006 2.64061 2.64124 2.64195 2.64276 2.64368 2.64473 2.64592 2.64728 2.64882 2.65055 2.6525 2.65468 2.6571 2.65978 2.66272 2.66594 2.66943 2.6732 2.67724 2.68153 2.68607 2.69083 2.6958 2.70093 2.70621 2.7116 2.71704 2.72251 2.72796 2.73334 2.73861 2.74371 2.74861 2.75325 2.7576 2.76161 2.76524 2.76846 2.77123 2.77354 2.77535 2.77666 2.77744 2.7777 2.77743 2.77662 2.7753 2.77348 2.77116 2.76839 2.76517 2.76156 2.75758 2.75326 2.74866 2.74382 2.73877 2.73357 2.72827 2.72291 2.71753 2.71217 2.70689 2.70171 2.69667 2.69181 2.68714 2.6827 2.6785 2.67456 2.67088 2.66748 2.66435 2.6615 2.65892 2.6566 2.65453 2.65271 2.65112 2.64974 2.64856 2.64756 2.64674 2.64607 2.64554 2.64513 2.64483 2.64463 2.64452 2.64449 2.64452 2.64461 2.64476 
2.63815 2.63839 2.63869 2.63904 2.63944 2.63992 2.64046 2.64107 2.64178 2.64259 2.64352 2.64458 2.6458 2.64718 2.64876 2.65055 2.65257 2.65484 2.65737 2.66019 2.6633 2.66672 2.67045 2.67449 2.67884 2.6835 2.68844 2.69366 2.69913 2.70482 2.7107 2.71674 2.72288 2.72908 2.73531 2.7415 2.7476 2.75357 2.75934 2.76488 2.77012 2.77502 2.77953 2.78362 2.78724 2.79036 2.79294 2.79498 2.79644 2.79731 2.79759 2.79727 2.79636 2.79487 2.79281 2.7902 2.78706 2.78344 2.77935 2.77485 2.76998 2.76477 2.75928 2.75356 2.74767 2.74164 2.73554 2.72942 2.72331 2.71728 2.71136 2.7056 2.70002 2.69467 2.68957 2.68473 2.68019 2.67594 2.67201 2.66838 2.66507 2.66206 2.65936 2.65695 2.65481 2.65293 2.6513 2.6499 2.64872 2.64772 2.64691 2.64625 2.64574 2.64535 2.64508 2.64491 2.64482 2.64482 2.64488 2.64501 
2.6384 2.63865 2.63896 2.63933 2.63977 2.64029 2.64089 2.64158 2.64239 2.64331 2.64437 2.6456 2.647 2.6486 2.65043 2.6525 2.65484 2.65746 2.6604 2.66365 2.66725 2.67119 2.67548 2.68013 2.68513 2.69047 2.69613 2.7021 2.70834 2.71482 2.72151 2.72836 2.73532 2.74235 2.74938 2.75637 2.76325 2.76997 2.77646 2.78267 2.78855 2.79404 2.79909 2.80366 2.8077 2.81118 2.81406 2.81633 2.81795 2.81892 2.81922 2.81886 2.81783 2.81616 2.81384 2.81092 2.80741 2.80334 2.79876 2.79371 2.78823 2.78238 2.77621 2.76977 2.76312 2.75632 2.74943 2.7425 2.73558 2.72874 2.72202 2.71546 2.70911 2.70301 2.69718 2.69165 2.68644 2.68157 2.67704 2.67287 2.66905 2.66558 2.66244 2.65964 2.65715 2.65496 2.65305 2.6514 2.65 2.64882 2.64784 2.64704 2.6464 2.64592 2.64556 2.64532 2.64518 2.64514 2.64517 2.64528 
2.63868 2.63892 2.63925 2.63964 2.64012 2.64069 2.64136 2.64215 2.64305 2.64411 2.64532 2.64673 2.64834 2.65019 2.65229 2.65468 2.65737 2.6604 2.66377 2.66752 2.67164 2.67616 2.68108 2.68639 2.6921 2.69818 2.70462 2.7114 2.71847 2.72581 2.73337 2.7411 2.74895 2.75685 2.76475 2.77259 2.78029 2.7878 2.79506 2.80199 2.80854 2.81465 2.82026 2.82534 2.82982 2.83368 2.83687 2.83937 2.84117 2.84223 2.84256 2.84215 2.841 2.83914 2.83656 2.8333 2.82939 2.82487 2.81976 2.81413 2.80802 2.80149 2.79459 2.78738 2.77993 2.77231 2.76457 2.75678 2.749 2.74129 2.7337 2.72629 2.7191 2.71218 2.70556 2.69927 2.69334 2.68779 2.68262 2.67784 2.67346 2.66947 2.66586 2.66263 2.65975 2.65721 2.65499 2.65307 2.65142 2.65003 2.64886 2.64791 2.64714 2.64654 2.64609 2.64577 2.64557 2.64548 2.64548 2.64557 
2.63897 2.63922 2.63956 2.63998 2.64051 2.64114 2.64189 2.64277 2.64379 2.64499 2.64638 2.64798 2.64983 2.65195 2.65436 2.6571 2.66019 2.66365 2.66752 2.6718 2.67651 2.68166 2.68725 2.69329 2.69976 2.70665 2.71393 2.72158 2.72956 2.73781 2.7463 2.75497 2.76375 2.77259 2.78141 2.79014 2.79871 2.80706 2.81511 2.82279 2.83004 2.8368 2.843 2.8486 2.85354 2.85779 2.86131 2.86406 2.86603 2.86719 2.86755 2.86709 2.86582 2.86375 2.8609 2.8573 2.85298 2.84797 2.84232 2.83609 2.82931 2.82206 2.8144 2.80639 2.7981 2.78961 2.78097 2.77227 2.76356 2.75492 2.74641 2.73809 2.73 2.7222 2.71473 2.70763 2.70091 2.69461 2.68874 2.68331 2.67832 2.67376 2.66964 2.66593 2.66263 2.6597 2.65714 2.65491 2.65299 2.65136 2.65 2.64886 2.64795 2.64722 2.64667 2.64626 2.646 2.64585 2.64581 2.64588 
2.63929 2.63954 2.63989 2.64035 2.64093 2.64162 2.64246 2.64345 2.64461 2.64597 2.64755 2.64938 2.65148 2.6539 2.65666 2.65978 2.6633 2.66725 2.67164 2.67651 2.68185 2.68769 2.69402 2.70084 2.70813 2.71589 2.72408 2.73266 2.74159 2.75082 2.7603 2.76996 2.77973 2.78954 2.79933 2.809 2.81848 2.8277 2.83657 2.84504 2.85301 2.86043 2.86724 2.87338 2.8788 2.88345 2.88729 2.8903 2.89244 2.89371 2.89409 2.89358 2.89218 2.88991 2.88679 2.88283 2.87809 2.87258 2.86637 2.85951 2.85205 2.84406 2.83561 2.82676 2.81759 2.80818 2.79861 2.78894 2.77926 2.76965 2.76016 2.75086 2.74182 2.73308 2.7247 2.71672 2.70916 2.70206 2.69544 2.68929 2.68364 2.67847 2.67378 2.66956 2.66578 2.66244 2.6595 2.65693 2.65472 2.65283 2.65124 2.64992 2.64883 2.64797 2.6473 2.6468 2.64646 2.64625 2.64617 2.64621 
2.63963 2.63988 2.64026 2.64075 2.64138 2.64216 2.64309 2.6442 2.64551 2.64705 2.64884 2.65091 2.65331 2.65605 2.65918 2.66272 2.66672 2.67119 2.67616 2.68166 2.68769 2.69426 2.70138 2.70904 2.71722 2.7259 2.73504 2.74461 2.75456 2.76482 2.77534 2.78604 2.79684 2.80768 2.81846 2.82911 2.83953 2.84965 2.85937 2.86864 2.87736 2.88546 2.89289 2.89958 2.90547 2.91053 2.91471 2.91797 2.9203 2.92167 2.92208 2.92152 2.91999 2.91751 2.9141 2.90979 2.90461 2.89861 2.89182 2.88432 2.87616 2.86741 2.85813 2.84842 2.83834 2.82799 2.81744 2.80677 2.79607 2.78543 2.77491 2.76459 2.75453 2.74481 2.73546 2.72654 2.71809 2.71014 2.7027 2.69579 2.68942 2.6836 2.6783 2.67352 2.66923 2.66543 2.66208 2.65915 2.65661 2.65444 2.6526 2.65107 2.6498 2.64878 2.64799 2.64738 2.64695 2.64669 2.64656 2.64657 
2.64 2.64026 2.64065 2.64119 2.64188 2.64274 2.64378 2.64502 2.6465 2.64823 2.65025 2.6526 2.6553 2.6584 2.66194 2.66594 2.67045 2.67548 2.68108 2.68725 2.69402 2.70138 2.70934 2.71789 2.72701 2.73667 2.74682 2.75743 2.76844 2.77978 2.79138 2.80316 2.81504 2.82694 2.83875 2.8504 2.86178 2.87282 2.88342 2.89349 2.90297 2.91177 2.91982 2.92706 2.93344 2.93891 2.94342 2.94694 2.94945 2.95093 2.95136 2.95075 2.94909 2.94641 2.94272 2.93805 2.93243 2.92592 2.91856 2.91041 2.90153 2.892 2.8819 2.8713 2.86029 2.84896 2.8374 2.8257 2.81394 2.80223 2.79064 2.77925 2.76813 2.75736 2.747 2.7371 2.72769 2.71883 2.71053 2.70281 2.69568 2.68914 2.68319 2.67781 2.67298 2.66868 2.66489 2.66156 2.65868 2.6562 2.65409 2.65232 2.65086 2.64967 2.64873 2.64801 2.6475 2.64715 2.64698 2.64695 
2.6404 2.64066 2.64108 2.64166 2.64242 2.64337 2.64453 2.64592 2.64757 2.64952 2.65179 2.65443 2.65748 2.66097 2.66494 2.66943 2.67449 2.68013 2.68639 2.69329 2.70084 2.70904 2.71789 2.72738 2.73749 2.74817 2.75939 2.77108 2.7832 2.79566 2.80838 2.82128 2.83426 2.84724 2.86011 2.87278 2.88514 2.89711 2.90858 2.91948 2.92971 2.9392 2.94788 2.95568 2.96254 2.96841 2.97326 2.97704 2.97973 2.98131 2.98177 2.98111 2.97933 2.97644 2.97246 2.96743 2.96139 2.95437 2.94643 2.93763 2.92804 2.91773 2.90678 2.89528 2.88333 2.871 2.85841 2.84565 2.83281 2.81999 2.80729 2.79479 2.78257 2.77072 2.75929 2.74835 2.73795 2.72813 2.71892 2.71034 2.7024 2.69511 2.68846 2.68244 2.67702 2.6722 2.66792 2.66417 2.66091 2.6581 2.6557 2.65368 2.652 2.65063 2.64954 2.6487 2.64808 2.64766 2.64743 2.64737 
2.64083 2.6411 2.64154 2.64218 2.64301 2.64406 2.64535 2.6469 2.64874 2.65092 2.65347 2.65642 2.65983 2.66374 2.66818 2.6732 2.67884 2.68513 2.6921 2.69976 2.70813 2.71722 2.72701 2.73749 2.74862 2.76037 2.77269 2.78552 2.79877 2.81238 2.82625 2.8403 2.85441 2.86849 2.88243 2.89613 2.90948 2.92238 2.93473 2.94645 2.95744 2.96762 2.97691 2.98526 2.99259 2.99887 3.00404 3.00808 3.01094 3.01263 3.01311 3.0124 3.01049 3.00741 3.00316 2.99778 2.99131 2.98379 2.97528 2.96583 2.95553 2.94444 2.93265 2.92025 2.90734 2.89402 2.88038 2.86653 2.85259 2.83864 2.8248 2.81116 2.7978 2.78482 2.77229 2.76028 2.74883 2.73801 2.72784 2.71836 2.70957 2.70148 2.6941 2.68739 2.68136 2.67597 2.67119 2.66698 2.66331 2.66015 2.65744 2.65515 2.65324 2.65167 2.65042 2.64944 2.64871 2.64821 2.64792 2.64782 
2.64129 2.64157 2.64204 2.64273 2.64365 2.6448 2.64623 2.64795 2.65001 2.65243 2.65527 2.65856 2.66236 2.66671 2.67166 2.67724 2.6835 2.69047 2.69818 2.70665 2.71589 2.7259 2.73667 2.74817 2.76037 2.77323 2.78669 2.80067 2.8151 2.82988 2.84493 2.86013 2.87538 2.89057 2.90559 2.92032 2.93465 2.94848 2.96171 2.97424 2.98597 2.99682 3.00672 3.0156 3.0234 3.03007 3.03556 3.03984 3.04288 3.04466 3.04518 3.04442 3.04239 3.03911 3.0346 3.02888 3.02199 3.01399 3.00492 2.99484 2.98384 2.97198 2.95936 2.94606 2.9322 2.91787 2.90318 2.88825 2.87319 2.8581 2.84309 2.82828 2.81376 2.79963 2.78596 2.77283 2.76031 2.74844 2.73728 2.72685 2.71717 2.70825 2.70009 2.69267 2.68598 2.67999 2.67467 2.66998 2.66589 2.66234 2.6593 2.65672 2.65456 2.65279 2.65136 2.65023 2.64939 2.6488 2.64844 2.64831 
2.64179 2.64207 2.64258 2.64333 2.64433 2.6456 2.64718 2.64908 2.65136 2.65405 2.6572 2.66086 2.66507 2.66989 2.67536 2.68153 2.68844 2.69613 2.70462 2.71393 2.72408 2.73504 2.74682 2.75939 2.77269 2.78669 2.80131 2.81647 2.83209 2.84806 2.86429 2.88066 2.89706 2.91336 2.92945 2.9452 2.96051 2.97526 2.98934 3.00265 3.01511 3.02662 3.03711 3.0465 3.05475 3.06179 3.06759 3.0721 3.07531 3.07719 3.07773 3.07693 3.07479 3.07133 3.06656 3.06052 3.05324 3.04477 3.03515 3.02447 3.01278 3.00017 2.98673 2.97256 2.95775 2.94243 2.92669 2.91067 2.89448 2.87824 2.86207 2.84608 2.83037 2.81505 2.80022 2.78595 2.77232 2.75938 2.74719 2.73578 2.72518 2.71539 2.70642 2.69825 2.69088 2.68426 2.67837 2.67318 2.66862 2.66468 2.66128 2.6584 2.65598 2.65398 2.65236 2.65108 2.65011 2.64943 2.64901 2.64883 
2.64232 2.64261 2.64316 2.64397 2.64506 2.64646 2.64819 2.6503 2.65281 2.65578 2.65926 2.6633 2.66794 2.67325 2.67928 2.68607 2.69366 2.7021 2.7114 2.72158 2.73266 2.74461 2.75743 2.77108 2.78552 2.80067 2.81647 2.83283 2.84965 2.86682 2.88424 2.90178 2.91931 2.93671 2.95386 2.97062 2.98688 3.00252 3.01743 3.03151 3.04466 3.0568 3.06785 3.07774 3.08641 3.09381 3.0999 3.10464 3.108 3.10998 3.11055 3.10971 3.10746 3.10383 3.09883 3.09248 3.08482 3.0759 3.06578 3.0545 3.04216 3.02882 3.01459 2.99956 2.98383 2.96753 2.95077 2.93367 2.91636 2.89897 2.88162 2.86444 2.84754 2.83103 2.81501 2.79958 2.78481 2.77078 2.75753 2.74512 2.73356 2.72287 2.71306 2.70411 2.69602 2.68875 2.68227 2.67654 2.67152 2.66715 2.66338 2.66018 2.65748 2.65524 2.65343 2.65199 2.65089 2.6501 2.64961 2.64938 
2.64289 2.64319 2.64377 2.64465 2.64584 2.64737 2.64927 2.65158 2.65434 2.65761 2.66144 2.66587 2.67097 2.6768 2.6834 2.69083 2.69913 2.70834 2.71847 2.72956 2.74159 2.75456 2.76844 2.7832 2.79877 2.8151 2.83209 2.84965 2.86767 2.88604 2.90464 2.92333 2.94199 2.96047 2.97865 2.99639 3.01358 3.03008 3.04579 3.0606 3.07442 3.08716 3.09874 3.1091 3.11816 3.1259 3.13226 3.13721 3.14072 3.14278 3.14337 3.1425 3.14017 3.13638 3.13115 3.12452 3.11651 3.10718 3.09657 3.08474 3.07177 3.05774 3.04275 3.02689 3.01027 2.99301 2.97524 2.95708 2.93867 2.92014 2.90163 2.88326 2.86516 2.84745 2.83025 2.81364 2.79772 2.78257 2.76825 2.7548 2.74226 2.73065 2.71998 2.71023 2.7014 2.69346 2.68636 2.68008 2.67456 2.66975 2.6656 2.66205 2.65906 2.65658 2.65455 2.65294 2.6517 2.65081 2.65024 2.64997 
2.64349 2.64379 2.64442 2.64537 2.64666 2.64833 2.65041 2.65293 2.65596 2.65954 2.66372 2.66857 2.67415 2.68051 2.68771 2.6958 2.70482 2.71482 2.72581 2.73781 2.75082 2.76482 2.77978 2.79566 2.81238 2.82988 2.84806 2.86682 2.88604 2.9056 2.92536 2.94519 2.96494 2.98448 3.00366 3.02235 3.04042 3.05775 3.07422 3.08973 3.10417 3.11747 3.12955 3.14033 3.14977 3.15782 3.16442 3.16957 3.17322 3.17536 3.17598 3.17508 3.17266 3.16873 3.16331 3.15641 3.14809 3.13837 3.12731 3.11496 3.10141 3.08673 3.07101 3.05436 3.03688 3.01871 2.99996 2.98077 2.96128 2.94163 2.92197 2.90242 2.88313 2.86423 2.84583 2.82805 2.81097 2.79469 2.77928 2.76479 2.75125 2.7387 2.72714 2.71658 2.70698 2.69834 2.69062 2.68376 2.67772 2.67246 2.66791 2.66401 2.66072 2.65798 2.65573 2.65394 2.65256 2.65156 2.65091 2.65059 
2.64411 2.64443 2.6451 2.64612 2.64752 2.64934 2.6516 2.65435 2.65765 2.66155 2.6661 2.67138 2.67744 2.68435 2.69217 2.70093 2.7107 2.72151 2.73337 2.7463 2.7603 2.77534 2.79138 2.80838 2.82625 2.84493 2.86429 2.88424 2.90464 2.92536 2.94626 2.96719 2.98801 3.00856 3.02871 3.0483 3.06722 3.08533 3.10251 3.11867 3.1337 3.14751 3.16005 3.17123 3.18101 3.18933 3.19617 3.20148 3.20526 3.20748 3.20813 3.2072 3.20471 3.20066 3.19506 3.18793 3.17932 3.16925 3.15778 3.14496 3.13086 3.11557 3.09917 3.08177 3.06348 3.04443 3.02474 3.00456 2.98402 2.96329 2.9425 2.9218 2.90133 2.88125 2.86166 2.84271 2.82447 2.80707 2.79056 2.77501 2.76047 2.74696 2.73451 2.72311 2.71274 2.70339 2.69501 2.68757 2.68101 2.67527 2.67031 2.66605 2.66245 2.65944 2.65697 2.65499 2.65346 2.65235 2.65161 2.65124 
2.64477 2.6451 2.64581 2.64691 2.64843 2.65039 2.65284 2.65583 2.6594 2.66363 2.66857 2.67429 2.68085 2.68832 2.69675 2.70621 2.71674 2.72836 2.7411 2.75497 2.76996 2.78604 2.80316 2.82128 2.8403 2.86013 2.88066 2.90178 2.92333 2.94519 2.96719 2.98919 3.01103 3.03256 3.05362 3.07408 3.09378 3.11262 3.13047 3.14722 3.16279 3.17708 3.19003 3.20157 3.21165 3.22023 3.22727 3.23274 3.23663 3.23892 3.23959 3.23865 3.2361 3.23194 3.22618 3.21886 3.20999 3.19961 3.18776 3.17451 3.15992 3.14407 3.12704 3.10894 3.08989 3.07001 3.04943 3.02829 3.00675 2.98496 2.96308 2.94125 2.91964 2.89839 2.87764 2.85752 2.83814 2.81961 2.80201 2.7854 2.76985 2.75539 2.74203 2.72978 2.71863 2.70856 2.69952 2.69148 2.68438 2.67817 2.67278 2.66816 2.66423 2.66095 2.65825 2.65608 2.6544 2.65316 2.65235 2.65192 
2.64545 2.64579 2.64655 2.64773 2.64936 2.65148 2.65412 2.65735 2.66121 2.66577 2.6711 2.67727 2.68433 2.69237 2.70144 2.7116 2.72288 2.73532 2.74895 2.76375 2.77973 2.79684 2.81504 2.83426 2.85441 2.87538 2.89706 2.91931 2.94199 2.96494 2.98801 3.01103 3.03385 3.0563 3.07822 3.09948 3.11993 3.13944 3.1579 3.1752 3.19125 3.20597 3.21929 3.23115 3.24149 3.25029 3.25751 3.26312 3.26711 3.26946 3.27016 3.26921 3.26661 3.26236 3.25648 3.24898 3.23989 3.22923 3.21706 3.20343 3.18839 3.17203 3.15442 3.13568 3.11592 3.09526 3.07384 3.0518 3.0293 3.00651 2.98357 2.96066 2.93793 2.91555 2.89366 2.87239 2.85188 2.83224 2.81355 2.7959 2.77934 2.76392 2.74965 2.73656 2.72462 2.71382 2.70412 2.69547 2.68783 2.68113 2.67532 2.67031 2.66606 2.6625 2.65956 2.6572 2.65536 2.654 2.6531 2.65263 
2.64614 2.6465 2.6473 2.64857 2.65032 2.65259 2.65543 2.6589 2.66305 2.66796 2.67368 2.6803 2.68788 2.69649 2.70619 2.71704 2.72908 2.74235 2.75685 2.77259 2.78954 2.80768 2.82694 2.84724 2.86849 2.89057 2.91336 2.93671 2.96047 2.98448 3.00856 3.03256 3.0563 3.07961 3.10235 3.12435 3.14548 3.16561 3.18462 3.20242 3.2189 3.234 3.24764 3.25977 3.27035 3.27934 3.28671 3.29244 3.29652 3.29892 3.29965 3.29869 3.29605 3.29173 3.28575 3.2781 3.26883 3.25794 3.24549 3.23152 3.21608 3.19926 3.18114 3.16182 3.1414 3.12002 3.09781 3.07493 3.05152 3.02777 3.00382 2.97987 2.95607 2.93259 2.90959 2.88721 2.86559 2.84486 2.8251 2.80641 2.78886 2.77249 2.75733 2.74339 2.73067 2.71914 2.70877 2.69952 2.69133 2.68414 2.67789 2.67251 2.66792 2.66408 2.6609 2.65834 2.65634 2.65487 2.65388 2.65335 
2.64686 2.64723 2.64808 2.64942 2.65129 2.65372 2.65677 2.66048 2.66493 2.67017 2.67629 2.68336 2.69145 2.70063 2.71097 2.72251 2.73531 2.74938 2.76475 2.78141 2.79933 2.81846 2.83875 2.86011 2.88243 2.90559 2.92945 2.95386 2.97865 3.00366 3.02871 3.05362 3.07822 3.10235 3.12583 3.14852 3.17027 3.19096 3.21047 3.2287 3.24556 3.26099 3.27491 3.28728 3.29805 3.3072 3.3147 3.32053 3.32467 3.32713 3.32788 3.32692 3.32426 3.31989 3.31382 3.30606 3.29663 3.28556 3.27287 3.2586 3.24283 3.22561 3.20702 3.18717 3.16616 3.14412 3.12119 3.09751 3.07326 3.0486 3.02371 2.99875 2.97393 2.94939 2.92532 2.90187 2.87917 2.85738 2.83658 2.81688 2.79835 2.78104 2.76499 2.75022 2.73672 2.72447 2.71344 2.70358 2.69485 2.68717 2.68049 2.67472 2.66981 2.66568 2.66226 2.6595 2.65734 2.65574 2.65467 2.65408 
2.64758 2.64796 2.64886 2.65029 2.65228 2.65487 2.65812 2.66207 2.66681 2.6724 2.67891 2.68643 2.69503 2.70477 2.71573 2.72796 2.7415 2.75637 2.77259 2.79014 2.809 2.82911 2.8504 2.87278 2.89613 2.92032 2.9452 2.97062 2.99639 3.02235 3.0483 3.07408 3.09948 3.12435 3.14852 3.17183 3.19414 3.21532 3.23527 3.25389 3.27108 3.28678 3.30094 3.3135 3.32444 3.33372 3.34132 3.34723 3.35144 3.35393 3.3547 3.35375 3.35107 3.34667 3.34054 3.3327 3.32315 3.31192 3.29904 3.28453 3.26847 3.2509 3.23191 3.21158 3.19004 3.1674 3.1438 3.1194 3.09436 3.06886 3.04307 3.01718 2.99138 2.96584 2.94074 2.91625 2.89253 2.8697 2.84789 2.82721 2.80773 2.78951 2.77259 2.757 2.74273 2.72977 2.71808 2.70763 2.69836 2.6902 2.68308 2.67694 2.6717 2.66728 2.66362 2.66067 2.65835 2.65663 2.65546 2.65483 
2.6483 2.6487 2.64964 2.65116 2.65327 2.65602 2.65946 2.66366 2.66869 2.67461 2.68152 2.68948 2.69857 2.70887 2.72045 2.73334 2.7476 2.76325 2.78029 2.79871 2.81848 2.83953 2.86178 2.88514 2.90948 2.93465 2.96051 2.98688 3.01358 3.04042 3.06722 3.09378 3.11993 3.14548 3.17027 3.19414 3.21695 3.23857 3.2589 3.27785 3.29532 3.31125 3.3256 3.33832 3.34939 3.35877 3.36645 3.37242 3.37668 3.3792 3.38 3.37906 3.37638 3.37195 3.36579 3.35789 3.34825 3.33691 3.32387 3.30917 3.29286 3.27499 3.25565 3.23492 3.2129 3.18972 3.16553 3.14046 3.1147 3.08841 3.06179 3.03502 3.0083 2.98181 2.95574 2.93027 2.90555 2.88174 2.85896 2.83732 2.81692 2.79782 2.78006 2.76367 2.74865 2.735 2.72267 2.71164 2.70183 2.6932 2.68566 2.67914 2.67357 2.66888 2.66498 2.66183 2.65936 2.65751 2.65626 2.65558 
2.64902 2.64943 2.65042 2.65202 2.65425 2.65715 2.66079 2.66523 2.67054 2.6768 2.68408 2.69247 2.70206 2.7129 2.72506 2.73861 2.75357 2.76997 2.7878 2.80706 2.8277 2.84965 2.87282 2.89711 2.92238 2.94848 2.97526 3.00252 3.03008 3.05775 3.08533 3.11262 3.13944 3.16561 3.19096 3.21532 3.23857 3.26058 3.28124 3.30046 3.31816 3.33428 3.34879 3.36163 3.37279 3.38225 3.38999 3.39601 3.4003 3.40285 3.40367 3.40274 3.40007 3.39564 3.38946 3.38152 3.37183 3.3604 3.34724 3.33239 3.31588 3.29777 3.27813 3.25704 3.23461 3.21096 3.18622 3.16056 3.13413 3.10713 3.07973 3.05215 3.02456 2.99719 2.9702 2.9438 2.91814 2.89339 2.86969 2.84714 2.82586 2.8059 2.78733 2.77017 2.75444 2.74011 2.72717 2.71556 2.70524 2.69614 2.68819 2.68131 2.67542 2.67045 2.66633 2.66298 2.66035 2.65839 2.65706 2.65632 
2.64972 2.65015 2.65119 2.65287 2.65521 2.65827 2.6621 2.66677 2.67235 2.67893 2.68658 2.69539 2.70544 2.71681 2.72955 2.74371 2.75934 2.77646 2.79506 2.81511 2.83657 2.85937 2.88342 2.90858 2.93473 2.96171 2.98934 3.01743 3.04579 3.07422 3.10251 3.13047 3.1579 3.18462 3.21047 3.23527 3.2589 3.28124 3.30217 3.32162 3.33951 3.35578 3.3704 3.38334 3.39457 3.40408 3.41186 3.41791 3.42223 3.4248 3.42564 3.42473 3.42206 3.41764 3.41146 3.40351 3.39379 3.3823 3.36906 3.3541 3.33743 3.31913 3.29924 3.27785 3.25506 3.23099 3.20577 3.17957 3.15255 3.12489 3.09679 3.06845 3.04007 3.01186 2.98402 2.95675 2.93021 2.90458 2.87999 2.85659 2.83446 2.8137 2.79435 2.77646 2.76003 2.74506 2.73152 2.71937 2.70855 2.69901 2.69065 2.68342 2.67722 2.67199 2.66764 2.66411 2.66133 2.65925 2.65783 2.65705 
2.65041 2.65085 2.65194 2.65369 2.65615 2.65935 2.66336 2.66826 2.67411 2.68099 2.689 2.69821 2.70871 2.72057 2.73385 2.74861 2.76488 2.78267 2.80199 2.82279 2.84504 2.86864 2.89349 2.91948 2.94645 2.97424 3.00265 3.03151 3.0606 3.08973 3.11867 3.14722 3.1752 3.20242 3.2287 3.25389 3.27785 3.30046 3.32162 3.34125 3.35929 3.37568 3.39038 3.40338 3.41465 3.42419 3.432 3.43807 3.4424 3.445 3.44585 3.44496 3.44232 3.43791 3.43174 3.42379 3.41406 3.40255 3.38926 3.37421 3.35743 3.33897 3.31888 3.29723 3.27414 3.24971 3.22407 3.19739 3.16983 3.14158 3.11284 3.08381 3.05471 3.02574 2.99711 2.96902 2.94166 2.9152 2.8898 2.86558 2.84267 2.82114 2.80106 2.78247 2.76539 2.74981 2.7357 2.72303 2.71174 2.70176 2.69303 2.68546 2.67896 2.67348 2.66891 2.6652 2.66228 2.66009 2.65859 2.65775 
2.65107 2.65153 2.65266 2.65448 2.65705 2.66039 2.66458 2.66968 2.67578 2.68296 2.6913 2.70089 2.71181 2.72414 2.73794 2.75325 2.77012 2.78855 2.80854 2.83004 2.85301 2.87736 2.90297 2.92971 2.95744 2.98597 3.01511 3.04466 3.07442 3.10417 3.1337 3.16279 3.19125 3.2189 3.24556 3.27108 3.29532 3.31816 3.33951 3.35929 3.37743 3.3939 3.40867 3.4217 3.433 3.44256 3.45037 3.45645 3.46079 3.4634 3.46427 3.4634 3.46078 3.4564 3.45026 3.44232 3.4326 3.42108 3.40777 3.39267 3.37581 3.35722 3.33697 3.31512 3.29177 3.26702 3.24103 3.21392 3.18589 3.15712 3.1278 3.09815 3.06838 3.03871 3.00936 2.98052 2.95241 2.92518 2.89902 2.87405 2.8504 2.82816 2.8074 2.78816 2.77046 2.7543 2.73966 2.7265 2.71476 2.70438 2.69529 2.6874 2.68063 2.6749 2.67013 2.66624 2.66318 2.66089 2.65932 2.65844 
2.6517 2.65217 2.65334 2.65524 2.6579 2.66137 2.66573 2.67103 2.67736 2.68481 2.69347 2.70341 2.71473 2.72749 2.74177 2.7576 2.77502 2.79404 2.81465 2.8368 2.86043 2.88546 2.91177 2.9392 2.96762 2.99682 3.02662 3.0568 3.08716 3.11747 3.14751 3.17708 3.20597 3.234 3.26099 3.28678 3.31125 3.33428 3.35578 3.37568 3.3939 3.41043 3.42523 3.43828 3.44959 3.45914 3.46696 3.47304 3.47738 3.48 3.48089 3.48004 3.47745 3.4731 3.46698 3.45908 3.44938 3.43787 3.42455 3.40943 3.39251 3.37384 3.35346 3.33144 3.30787 3.28287 3.25655 3.22909 3.20064 3.1714 3.14157 3.11136 3.081 3.0507 3.02069 2.99118 2.96237 2.93445 2.90759 2.88193 2.85761 2.83471 2.81331 2.79347 2.7752 2.75851 2.74337 2.72975 2.7176 2.70684 2.69741 2.68922 2.68219 2.67623 2.67127 2.66723 2.66404 2.66165 2.66001 2.65908 
2.65229 2.65277 2.65398 2.65594 2.65869 2.66229 2.66679 2.67228 2.67883 2.68653 2.69548 2.70575 2.71742 2.73059 2.7453 2.76161 2.77953 2.79909 2.82026 2.843 2.86724 2.89289 2.91982 2.94788 2.97691 3.00672 3.03711 3.06785 3.09874 3.12955 3.16005 3.19003 3.21929 3.24764 3.27491 3.30094 3.3256 3.34879 3.3704 3.39038 3.40867 3.42523 3.44004 3.4531 3.4644 3.47395 3.48175 3.48782 3.49217 3.49479 3.49569 3.49487 3.49231 3.48799 3.48191 3.47405 3.46438 3.4529 3.43959 3.42445 3.4075 3.38876 3.36829 3.34614 3.32239 3.29717 3.27059 3.24281 3.214 3.18435 3.15407 3.12337 3.09248 3.06162 3.03102 3.0009 2.97147 2.94292 2.91543 2.88915 2.86421 2.84072 2.81875 2.79836 2.77957 2.76239 2.7468 2.73276 2.72022 2.70912 2.69938 2.69091 2.68364 2.67748 2.67234 2.66815 2.66484 2.66236 2.66065 2.65969 
2.65283 2.65332 2.65457 2.65659 2.65942 2.66313 2.66777 2.67343 2.68017 2.6881 2.69731 2.70787 2.71988 2.7334 2.74851 2.76524 2.78362 2.80366 2.82534 2.8486 2.87338 2.89958 2.92706 2.95568 2.98526 3.0156 3.0465 3.07774 3.1091 3.14033 3.17123 3.20157 3.23115 3.25977 3.28728 3.3135 3.33832 3.36163 3.38334 3.40338 3.4217 3.43828 3.4531 3.46615 3.47743 3.48697 3.49476 3.50082 3.50516 3.50779 3.5087 3.5079 3.50537 3.50109 3.49505 3.48723 3.4776 3.46614 3.45285 3.43772 3.42075 3.40197 3.38143 3.35917 3.33529 3.30988 3.28308 3.25503 3.22591 3.19592 3.16524 3.13411 3.10276 3.07141 3.04029 3.00963 2.97965 2.95055 2.92249 2.89566 2.87017 2.84614 2.82366 2.80277 2.78352 2.7659 2.7499 2.73549 2.72261 2.71119 2.70117 2.69246 2.68496 2.67861 2.67331 2.66899 2.66557 2.66301 2.66124 2.66024 
2.65332 2.65382 2.65509 2.65717 2.66008 2.66388 2.66865 2.67445 2.68137 2.68951 2.69894 2.70976 2.72206 2.7359 2.75135 2.76846 2.78724 2.8077 2.82982 2.85354 2.8788 2.90547 2.93344 2.96254 2.99259 3.0234 3.05475 3.08641 3.11816 3.14977 3.18101 3.21165 3.24149 3.27035 3.29805 3.32444 3.34939 3.37279 3.39457 3.41465 3.433 3.44959 3.4644 3.47743 3.4887 3.49822 3.50599 3.51204 3.51638 3.51901 3.51993 3.51915 3.51664 3.5124 3.5064 3.49862 3.48903 3.47761 3.46434 3.44922 3.43225 3.41345 3.39285 3.37051 3.34651 3.32096 3.29397 3.2657 3.23632 3.20602 3.17502 3.14352 3.11177 3.07999 3.04843 3.01731 2.98685 2.95725 2.92871 2.90139 2.87543 2.85093 2.828 2.80668 2.78701 2.76901 2.75265 2.73791 2.72472 2.71303 2.70276 2.69383 2.68615 2.67962 2.67418 2.66974 2.66623 2.66359 2.66177 2.66074 
2.65375 2.65426 2.65556 2.65767 2.66065 2.66454 2.66941 2.67534 2.68242 2.69072 2.70035 2.7114 2.72394 2.73806 2.75381 2.77123 2.79036 2.81118 2.83368 2.85779 2.88345 2.91053 2.93891 2.96841 2.99887 3.03007 3.06179 3.09381 3.1259 3.15782 3.18933 3.22023 3.25029 3.27934 3.3072 3.33372 3.35877 3.38225 3.40408 3.42419 3.44256 3.45914 3.47395 3.48697 3.49822 3.50771 3.51547 3.52151 3.52584 3.52847 3.5294 3.52864 3.52616 3.52195 3.51598 3.50824 3.49869 3.4873 3.47406 3.45896 3.44199 3.42317 3.40253 3.38013 3.35604 3.33036 3.30323 3.27477 3.24518 3.21463 3.18335 3.15154 3.11946 3.08732 3.05538 3.02387 2.99301 2.963 2.93405 2.90631 2.87994 2.85505 2.83173 2.81004 2.79003 2.77169 2.75503 2.74 2.72655 2.71463 2.70414 2.69502 2.68717 2.68051 2.67494 2.6704 2.6668 2.6641 2.66224 2.66118 
2.65411 2.65462 2.65595 2.6581 2.66114 2.6651 2.67006 2.67609 2.68329 2.69174 2.70154 2.71277 2.72552 2.73986 2.75585 2.77354 2.79294 2.81406 2.83687 2.86131 2.88729 2.91471 2.94342 2.97326 3.00404 3.03556 3.06759 3.0999 3.13226 3.16442 3.19617 3.22727 3.25751 3.28671 3.3147 3.34132 3.36645 3.38999 3.41186 3.432 3.45037 3.46696 3.48175 3.49476 3.50599 3.51547 3.52322 3.52924 3.53357 3.5362 3.53714 3.53639 3.53393 3.52975 3.52381 3.5161 3.50658 3.49523 3.48201 3.46692 3.44996 3.43113 3.41046 3.38801 3.36385 3.33808 3.31082 3.28222 3.25245 3.2217 3.19019 3.15814 3.12578 3.09336 3.06111 3.02928 2.99808 2.96774 2.93845 2.91038 2.88367 2.85845 2.83482 2.81283 2.79253 2.77392 2.757 2.74174 2.72808 2.71596 2.7053 2.69602 2.68803 2.68124 2.67558 2.67095 2.66729 2.66453 2.66263 2.66155 
2.6544 2.65492 2.65626 2.65845 2.66152 2.66554 2.67057 2.67669 2.68399 2.69255 2.70247 2.71385 2.72676 2.74128 2.75746 2.77535 2.79498 2.81633 2.83937 2.86406 2.8903 2.91797 2.94694 2.97704 3.00808 3.03984 3.0721 3.10464 3.13721 3.16957 3.20148 3.23274 3.26312 3.29244 3.32053 3.34723 3.37242 3.39601 3.41791 3.43807 3.45645 3.47304 3.48782 3.50082 3.51204 3.52151 3.52924 3.53526 3.53958 3.54221 3.54316 3.54242 3.53998 3.53582 3.52991 3.52222 3.51273 3.5014 3.4882 3.47312 3.45616 3.43732 3.41663 3.39414 3.36992 3.34408 3.31672 3.28801 3.25811 3.2272 3.19552 3.16327 3.1307 3.09806 3.06557 3.03349 3.00204 2.97144 2.94189 2.91355 2.88659 2.86112 2.83724 2.81502 2.79449 2.77567 2.75856 2.74311 2.72928 2.71701 2.70621 2.69681 2.68871 2.68183 2.67609 2.67139 2.66768 2.66488 2.66295 2.66185 
2.65462 2.65515 2.6565 2.65871 2.66181 2.66587 2.67095 2.67713 2.6845 2.69314 2.70316 2.71464 2.72766 2.7423 2.75862 2.77666 2.79644 2.81795 2.84117 2.86603 2.89244 2.9203 2.94945 2.97973 3.01094 3.04288 3.07531 3.108 3.14072 3.17322 3.20526 3.23663 3.26711 3.29652 3.32467 3.35144 3.37668 3.4003 3.42223 3.4424 3.46079 3.47738 3.49217 3.50516 3.51638 3.52584 3.53357 3.53958 3.5439 3.54654 3.54749 3.54676 3.54433 3.54018 3.53429 3.52661 3.51713 3.50581 3.49263 3.47755 3.46059 3.44173 3.42103 3.39851 3.37425 3.34835 3.32092 3.29213 3.26212 3.23111 3.1993 3.16692 3.1342 3.10139 3.06874 3.03648 3.00486 2.97407 2.94434 2.91582 2.88867 2.86303 2.83897 2.81658 2.7959 2.77693 2.75968 2.7441 2.73015 2.71777 2.70688 2.69739 2.68921 2.68227 2.67646 2.67172 2.66796 2.66514 2.66318 2.66208 
2.65476 2.65529 2.65665 2.65888 2.662 2.66608 2.67119 2.67741 2.68481 2.69351 2.70358 2.71512 2.72821 2.74292 2.75932 2.77744 2.79731 2.81892 2.84223 2.86719 2.89371 2.92167 2.95093 2.98131 3.01263 3.04466 3.07719 3.10998 3.14278 3.17536 3.20748 3.23892 3.26946 3.29892 3.32713 3.35393 3.3792 3.40285 3.4248 3.445 3.4634 3.48 3.49479 3.50779 3.51901 3.52847 3.5362 3.54221 3.54654 3.54917 3.55013 3.5494 3.54698 3.54284 3.53695 3.52928 3.5198 3.50849 3.4953 3.48022 3.46324 3.44438 3.42365 3.40111 3.37681 3.35087 3.3234 3.29455 3.26449 3.23341 3.20152 3.16905 3.13625 3.10335 3.0706 3.03824 3.00651 2.97562 2.94578 2.91715 2.8899 2.86415 2.84 2.81752 2.79674 2.77769 2.76035 2.7447 2.73068 2.71824 2.70728 2.69774 2.68952 2.68254 2.6767 2.67193 2.66815 2.6653 2.66334 2.66222 
