6.61077 6.61095 6.61126 6.6117 6.61226 6.61294 6.61374 6.61467 6.61571 6.61688 6.61817 6.61958 6.62111 6.62275 6.6245 6.62637 6.62835 6.63042 6.6326 6.63488 6.63724 6.63968 6.6422 6.64478 6.64743 6.65012 6.65285 6.65561 6.65838 6.66116 6.66394 6.66669 6.66941 6.67208 6.67469 6.67723 6.67967 6.68202 6.68426 6.68637 6.68834 6.69016 6.69182 6.69332 6.69463 6.69576 6.6967 6.69744 6.69797 6.6983 6.69842 6.69834 6.69805 6.69755 6.69686 6.69596 6.69488 6.69361 6.69217 6.69056 6.68879 6.68688 6.68484 6.68267 6.6804 6.67803 6.67558 6.67306 6.67048 6.66787 6.66522 6.66256 6.6599 6.65725 6.65462 6.65203 6.64948 6.64699 6.64456 6.6422 6.63993 6.63774 6.63565 6.63365 6.63177 6.62999 6.62832 6.62678 6.62535 6.62404 6.62285 6.62179 6.62085 6.62004 6.61935 6.61879 6.61835 6.61804 6.61785 6.61779 
6.61095 6.61114 6.61145 6.61189 6.61245 6.61313 6.61394 6.61487 6.61592 6.6171 6.61839 6.61981 6.62134 6.62299 6.62476 6.62664 6.62862 6.63072 6.63291 6.63519 6.63757 6.64003 6.64256 6.64516 6.64782 6.65053 6.65327 6.65605 6.65884 6.66164 6.66443 6.6672 6.66993 6.67262 6.67525 6.6778 6.68026 6.68263 6.68487 6.687 6.68898 6.69081 6.69249 6.69399 6.69531 6.69645 6.69739 6.69813 6.69867 6.699 6.69912 6.69904 6.69875 6.69825 6.69754 6.69665 6.69555 6.69428 6.69283 6.69121 6.68943 6.68751 6.68545 6.68327 6.68098 6.6786 6.67613 6.6736 6.671 6.66837 6.66571 6.66303 6.66036 6.65769 6.65504 6.65243 6.64987 6.64736 6.64492 6.64254 6.64026 6.63805 6.63595 6.63394 6.63204 6.63026 6.62858 6.62702 6.62559 6.62427 6.62308 6.62201 6.62106 6.62024 6.61955 6.61899 6.61855 6.61823 6.61804 6.61798 
6.61126 6.61145 6.61177 6.61221 6.61277 6.61347 6.61428 6.61523 6.6163 6.61749 6.6188 6.62024 6.6218 6.62347 6.62526 6.62717 6.62918 6.63131 6.63353 6.63585 6.63826 6.64076 6.64333 6.64597 6.64867 6.65141 6.6542 6.65702 6.65985 6.66269 6.66552 6.66833 6.67111 6.67384 6.6765 6.67909 6.68159 6.68399 6.68627 6.68842 6.69043 6.69229 6.69399 6.69551 6.69686 6.69801 6.69896 6.69971 6.70026 6.7006 6.70072 6.70063 6.70033 6.69983 6.69911 6.6982 6.69709 6.6958 6.69432 6.69268 6.69088 6.68892 6.68684 6.68462 6.6823 6.67988 6.67737 6.6748 6.67217 6.66949 6.66679 6.66408 6.66136 6.65865 6.65596 6.65331 6.65071 6.64816 6.64568 6.64327 6.64094 6.63871 6.63657 6.63453 6.6326 6.63078 6.62908 6.6275 6.62604 6.6247 6.62348 6.6224 6.62144 6.6206 6.6199 6.61932 6.61887 6.61855 6.61836 6.61829 
6.6117 6.61189 6.61221 6.61266 6.61323 6.61394 6.61478 6.61574 6.61683 6.61805 6.6194 6.62087 6.62246 6.62418 6.62601 6.62796 6.63002 6.6322 6.63447 6.63685 6.63932 6.64187 6.6445 6.64721 6.64997 6.65278 6.65564 6.65852 6.66142 6.66432 6.66722 6.6701 6.67294 6.67572 6.67845 6.6811 6.68366 6.68611 6.68844 6.69064 6.6927 6.6946 6.69634 6.69789 6.69926 6.70044 6.70142 6.70218 6.70274 6.70308 6.70321 6.70312 6.70281 6.70229 6.70156 6.70062 6.69949 6.69816 6.69665 6.69497 6.69312 6.69113 6.68899 6.68672 6.68435 6.68187 6.6793 6.67667 6.67397 6.67124 6.66847 6.66569 6.6629 6.66013 6.65738 6.65466 6.65199 6.64938 6.64684 6.64437 6.64199 6.63969 6.6375 6.63541 6.63343 6.63157 6.62982 6.6282 6.6267 6.62532 6.62408 6.62296 6.62197 6.62111 6.62039 6.61979 6.61933 6.619 6.6188 6.61873 
6.61226 6.61245 6.61277 6.61323 6.61383 6.61456 6.61542 6.61641 6.61753 6.61879 6.62018 6.62169 6.62334 6.62511 6.627 6.62901 6.63114 6.63339 6.63574 6.63819 6.64073 6.64337 6.64609 6.64887 6.65173 6.65463 6.65757 6.66055 6.66354 6.66653 6.66952 6.67248 6.67541 6.67829 6.6811 6.68383 6.68646 6.68899 6.69139 6.69366 6.69578 6.69773 6.69952 6.70112 6.70253 6.70374 6.70474 6.70553 6.70611 6.70646 6.70658 6.70649 6.70617 6.70563 6.70488 6.70391 6.70274 6.70137 6.69982 6.69808 6.69618 6.69411 6.69191 6.68957 6.68712 6.68456 6.68192 6.6792 6.67642 6.67359 6.67074 6.66786 6.66499 6.66213 6.65929 6.65648 6.65373 6.65103 6.6484 6.64585 6.64338 6.64101 6.63875 6.63659 6.63454 6.63261 6.6308 6.62912 6.62757 6.62614 6.62485 6.62369 6.62267 6.62178 6.62103 6.62041 6.61992 6.61958 6.61936 6.61929 
6.61294 6.61313 6.61347 6.61394 6.61456 6.61531 6.6162 6.61723 6.6184 6.6197 6.62115 6.62272 6.62443 6.62627 6.62824 6.63033 6.63254 6.63487 6.63732 6.63987 6.64251 6.64525 6.64808 6.65097 6.65393 6.65695 6.66001 6.6631 6.6662 6.66931 6.67241 6.67549 6.67853 6.68151 6.68443 6.68726 6.68999 6.69261 6.69511 6.69746 6.69965 6.70168 6.70353 6.70519 6.70665 6.70791 6.70894 6.70976 6.71035 6.71071 6.71084 6.71074 6.71041 6.70985 6.70906 6.70806 6.70684 6.70542 6.7038 6.702 6.70002 6.69788 6.69559 6.69316 6.69062 6.68796 6.68521 6.68238 6.6795 6.67656 6.67359 6.67061 6.66762 6.66464 6.66169 6.65877 6.6559 6.65309 6.65036 6.6477 6.64514 6.64267 6.64031 6.63805 6.63592 6.63391 6.63202 6.63027 6.62865 6.62716 6.62581 6.6246 6.62353 6.6226 6.62181 6.62116 6.62065 6.62028 6.62006 6.61997 
6.61374 6.61394 6.61428 6.61478 6.61542 6.6162 6.61713 6.61821 6.61943 6.62079 6.6223 6.62395 6.62573 6.62766 6.62972 6.6319 6.63422 6.63666 6.63921 6.64188 6.64465 6.64752 6.65047 6.6535 6.65659 6.65975 6.66294 6.66617 6.66942 6.67267 6.6759 6.67912 6.68229 6.6854 6.68845 6.6914 6.69425 6.69699 6.69959 6.70204 6.70433 6.70644 6.70837 6.7101 6.71162 6.71293 6.71401 6.71486 6.71547 6.71584 6.71598 6.71587 6.71552 6.71493 6.71411 6.71306 6.71179 6.7103 6.70861 6.70672 6.70466 6.70242 6.70003 6.69749 6.69483 6.69205 6.68918 6.68622 6.6832 6.68013 6.67703 6.67391 6.67078 6.66766 6.66457 6.66152 6.65852 6.65558 6.65271 6.64993 6.64724 6.64465 6.64218 6.63982 6.63758 6.63546 6.63349 6.63164 6.62994 6.62837 6.62695 6.62568 6.62455 6.62357 6.62273 6.62205 6.62151 6.62112 6.62087 6.62078 
6.61467 6.61487 6.61523 6.61574 6.61641 6.61723 6.61821 6.61934 6.62062 6.62205 6.62363 6.62537 6.62725 6.62927 6.63144 6.63374 6.63618 6.63874 6.64143 6.64423 6.64714 6.65016 6.65326 6.65644 6.6597 6.66301 6.66637 6.66976 6.67317 6.67658 6.67998 6.68335 6.68668 6.68995 6.69314 6.69624 6.69923 6.7021 6.70482 6.70739 6.70979 6.712 6.71402 6.71583 6.71743 6.71879 6.71992 6.72081 6.72145 6.72184 6.72197 6.72186 6.72149 6.72087 6.72 6.7189 6.71756 6.716 6.71422 6.71224 6.71007 6.70772 6.70521 6.70255 6.69975 6.69683 6.69381 6.69071 6.68754 6.68431 6.68105 6.67776 6.67448 6.6712 6.66795 6.66473 6.66157 6.65848 6.65546 6.65253 6.6497 6.64697 6.64436 6.64186 6.6395 6.63727 6.63518 6.63324 6.63143 6.62978 6.62828 6.62693 6.62573 6.62469 6.6238 6.62307 6.6225 6.62208 6.62182 6.62171 
6.61571 6.61592 6.6163 6.61683 6.61753 6.6184 6.61943 6.62062 6.62197 6.62348 6.62516 6.62699 6.62897 6.63111 6.6334 6.63583 6.6384 6.64111 6.64395 6.64691 6.64999 6.65317 6.65645 6.65981 6.66325 6.66674 6.67028 6.67386 6.67746 6.68105 6.68464 6.68819 6.6917 6.69514 6.69851 6.70177 6.70492 6.70794 6.7108 6.71351 6.71603 6.71836 6.72048 6.72238 6.72406 6.72549 6.72668 6.72761 6.72828 6.72868 6.72882 6.72869 6.7283 6.72765 6.72673 6.72557 6.72416 6.72251 6.72064 6.71855 6.71626 6.71378 6.71113 6.70832 6.70537 6.70229 6.69911 6.69583 6.69249 6.68908 6.68564 6.68217 6.6787 6.67523 6.6718 6.6684 6.66506 6.66179 6.6586 6.65549 6.6525 6.64961 6.64684 6.6442 6.6417 6.63933 6.63712 6.63505 6.63314 6.63138 6.62978 6.62835 6.62707 6.62596 6.62502 6.62423 6.62362 6.62317 6.62288 6.62276 
6.61688 6.6171 6.61749 6.61805 6.61879 6.6197 6.62079 6.62205 6.62348 6.62509 6.62686 6.6288 6.6309 6.63317 6.6356 6.63818 6.6409 6.64378 6.64679 6.64993 6.65319 6.65656 6.66003 6.66359 6.66723 6.67093 6.67468 6.67847 6.68227 6.68608 6.68987 6.69363 6.69734 6.70098 6.70453 6.70798 6.7113 6.71449 6.71752 6.72037 6.72303 6.72549 6.72773 6.72974 6.7315 6.73301 6.73426 6.73524 6.73594 6.73636 6.73651 6.73637 6.73595 6.73526 6.73429 6.73305 6.73156 6.72982 6.72783 6.72562 6.7232 6.72058 6.71778 6.7148 6.71168 6.70843 6.70506 6.70159 6.69804 6.69444 6.69079 6.68711 6.68343 6.67976 6.67612 6.67252 6.66898 6.6655 6.66212 6.65882 6.65564 6.65257 6.64963 6.64682 6.64416 6.64164 6.63928 6.63708 6.63504 6.63317 6.63147 6.62993 6.62857 6.62738 6.62637 6.62553 6.62487 6.62438 6.62407 6.62394 
6.61817 6.61839 6.6188 6.6194 6.62018 6.62115 6.6223 6.62363 6.62516 6.62686 6.62874 6.6308 6.63304 6.63545 6.63803 6.64077 6.64367 6.64673 6.64993 6.65326 6.65673 6.66031 6.664 6.66778 6.67164 6.67557 6.67955 6.68357 6.68761 6.69164 6.69566 6.69965 6.70358 6.70744 6.7112 6.71485 6.71837 6.72175 6.72495 6.72797 6.73078 6.73338 6.73575 6.73787 6.73974 6.74133 6.74265 6.74368 6.74442 6.74487 6.74501 6.74486 6.74442 6.74368 6.74265 6.74134 6.73975 6.7379 6.7358 6.73346 6.73089 6.72811 6.72513 6.72198 6.71867 6.71521 6.71164 6.70796 6.70419 6.70037 6.69649 6.69259 6.68868 6.68478 6.68091 6.67708 6.67331 6.66962 6.66601 6.66251 6.65912 6.65585 6.65272 6.64972 6.64688 6.6442 6.64168 6.63933 6.63715 6.63515 6.63333 6.63169 6.63023 6.62895 6.62787 6.62697 6.62625 6.62572 6.62538 6.62523 
6.61958 6.61981 6.62024 6.62087 6.62169 6.62272 6.62395 6.62537 6.62699 6.6288 6.6308 6.633 6.63538 6.63795 6.6407 6.64362 6.64671 6.64996 6.65337 6.65692 6.66061 6.66442 6.66835 6.67237 6.67648 6.68066 6.68489 6.68916 6.69345 6.69774 6.70201 6.70624 6.71041 6.71451 6.7185 6.72238 6.72611 6.72969 6.73308 6.73628 6.73927 6.74202 6.74453 6.74677 6.74875 6.75043 6.75183 6.75292 6.7537 6.75417 6.75432 6.75416 6.75368 6.75289 6.75179 6.7504 6.74872 6.74675 6.74452 6.74203 6.7393 6.73635 6.73319 6.72984 6.72632 6.72265 6.71884 6.71493 6.71093 6.70686 6.70274 6.69859 6.69443 6.69028 6.68616 6.68208 6.67806 6.67413 6.67028 6.66655 6.66293 6.65944 6.6561 6.6529 6.64987 6.647 6.64431 6.64179 6.63946 6.63732 6.63536 6.6336 6.63204 6.63067 6.6295 6.62853 6.62776 6.62719 6.62682 6.62665 
6.62111 6.62134 6.6218 6.62246 6.62334 6.62443 6.62573 6.62725 6.62897 6.6309 6.63304 6.63538 6.63792 6.64066 6.64359 6.64671 6.65 6.65347 6.65711 6.66089 6.66482 6.66888 6.67307 6.67735 6.68173 6.68618 6.69068 6.69523 6.69979 6.70435 6.70889 6.71339 6.71783 6.72218 6.72642 6.73054 6.7345 6.7383 6.7419 6.7453 6.74846 6.75138 6.75404 6.75642 6.75851 6.7603 6.76177 6.76292 6.76375 6.76424 6.7644 6.76422 6.76371 6.76287 6.7617 6.76022 6.75843 6.75634 6.75396 6.75132 6.74841 6.74527 6.74191 6.73835 6.73461 6.7307 6.72666 6.72249 6.71824 6.7139 6.70951 6.70509 6.70066 6.69624 6.69185 6.6875 6.68322 6.67902 6.67492 6.67093 6.66706 6.66334 6.65976 6.65635 6.65311 6.65004 6.64715 6.64446 6.64196 6.63967 6.63757 6.63568 6.634 6.63253 6.63127 6.63023 6.6294 6.62878 6.62837 6.62818 
6.62275 6.62299 6.62347 6.62418 6.62511 6.62627 6.62766 6.62927 6.63111 6.63317 6.63545 6.63795 6.64066 6.64358 6.64671 6.65004 6.65355 6.65725 6.66113 6.66517 6.66936 6.67369 6.67815 6.68272 6.68738 6.69212 6.69692 6.70176 6.70661 6.71147 6.7163 6.72108 6.7258 6.73043 6.73494 6.73931 6.74352 6.74755 6.75138 6.75499 6.75835 6.76145 6.76427 6.76679 6.769 6.7709 6.77246 6.77368 6.77455 6.77507 6.77523 6.77504 6.77449 6.7736 6.77235 6.77077 6.76886 6.76664 6.76411 6.7613 6.75821 6.75487 6.75129 6.7475 6.74352 6.73936 6.73506 6.73063 6.72609 6.72148 6.7168 6.71209 6.70737 6.70265 6.69797 6.69333 6.68876 6.68428 6.6799 6.67564 6.67152 6.66754 6.66371 6.66006 6.65659 6.65331 6.65022 6.64734 6.64466 6.6422 6.63995 6.63792 6.63612 6.63454 6.63318 6.63205 6.63116 6.63049 6.63004 6.62983 
6.6245 6.62476 6.62526 6.62601 6.627 6.62824 6.62972 6.63144 6.6334 6.6356 6.63803 6.6407 6.64359 6.64671 6.65005 6.6536 6.65735 6.6613 6.66543 6.66974 6.67421 6.67883 6.68358 6.68845 6.69342 6.69847 6.70358 6.70873 6.7139 6.71907 6.72421 6.7293 6.73432 6.73923 6.74403 6.74868 6.75315 6.75743 6.7615 6.76533 6.76889 6.77218 6.77517 6.77785 6.7802 6.7822 6.78386 6.78515 6.78607 6.78662 6.78678 6.78658 6.78599 6.78503 6.78371 6.78203 6.78 6.77763 6.77494 6.77195 6.76866 6.76511 6.7613 6.75727 6.75303 6.74861 6.74403 6.73931 6.73448 6.72956 6.72458 6.71957 6.71453 6.70951 6.70451 6.69957 6.69469 6.68991 6.68523 6.68068 6.67627 6.67202 6.66794 6.66403 6.66032 6.6568 6.6535 6.65041 6.64754 6.6449 6.64249 6.64031 6.63838 6.63668 6.63522 6.63401 6.63304 6.63231 6.63183 6.6316 
6.62637 6.62664 6.62717 6.62796 6.62901 6.63033 6.6319 6.63374 6.63583 6.63818 6.64077 6.64362 6.64671 6.65004 6.6536 6.65739 6.66139 6.6656 6.67001 6.6746 6.67937 6.68429 6.68936 6.69454 6.69984 6.70521 6.71065 6.71614 6.72164 6.72714 6.7326 6.73802 6.74335 6.74858 6.75367 6.75861 6.76336 6.76791 6.77222 6.77629 6.78007 6.78356 6.78673 6.78957 6.79206 6.79418 6.79593 6.7973 6.79827 6.79885 6.79903 6.7988 6.79817 6.79715 6.79574 6.79395 6.79179 6.78928 6.78642 6.78323 6.77974 6.77596 6.77192 6.76763 6.76312 6.75841 6.75354 6.74852 6.74338 6.73814 6.73284 6.7275 6.72214 6.71678 6.71146 6.70618 6.70099 6.69588 6.69089 6.68604 6.68133 6.67679 6.67242 6.66825 6.66428 6.66052 6.65698 6.65368 6.6506 6.64777 6.64519 6.64286 6.64078 6.63895 6.63739 6.63608 6.63504 6.63425 6.63373 6.63347 
6.62835 6.62862 6.62918 6.63002 6.63114 6.63254 6.63422 6.63618 6.6384 6.6409 6.64367 6.64671 6.65 6.65355 6.65735 6.66139 6.66566 6.67015 6.67485 6.67974 6.68482 6.69006 6.69546 6.70098 6.70661 6.71233 6.71812 6.72396 6.72981 6.73565 6.74146 6.74721 6.75288 6.75843 6.76384 6.76908 6.77413 6.77895 6.78353 6.78784 6.79185 6.79555 6.79891 6.80192 6.80455 6.8068 6.80866 6.8101 6.81113 6.81174 6.81192 6.81167 6.81101 6.80992 6.80842 6.80652 6.80422 6.80155 6.79851 6.79513 6.79142 6.7874 6.7831 6.77854 6.77375 6.76875 6.76357 6.75823 6.75276 6.74719 6.74155 6.73587 6.73016 6.72446 6.71878 6.71317 6.70763 6.70219 6.69687 6.69169 6.68667 6.68182 6.67716 6.6727 6.66846 6.66445 6.66067 6.65713 6.65384 6.65081 6.64805 6.64555 6.64332 6.64136 6.63968 6.63828 6.63715 6.63631 6.63574 6.63546 
6.63042 6.63072 6.63131 6.6322 6.63339 6.63487 6.63666 6.63874 6.64111 6.64378 6.64673 6.64996 6.65347 6.65725 6.6613 6.6656 6.67015 6.67493 6.67993 6.68514 6.69055 6.69613 6.70186 6.70774 6.71373 6.71981 6.72596 6.73216 6.73838 6.74458 6.75076 6.75686 6.76287 6.76876 6.7745 6.78006 6.78541 6.79052 6.79538 6.79994 6.80419 6.80811 6.81167 6.81485 6.81764 6.82002 6.82198 6.82351 6.82459 6.82523 6.82542 6.82516 6.82445 6.82329 6.8217 6.81968 6.81724 6.8144 6.81118 6.80759 6.80365 6.79939 6.79482 6.78999 6.7849 6.77959 6.77408 6.76841 6.7626 6.75669 6.75069 6.74465 6.73858 6.73251 6.72648 6.7205 6.71461 6.70881 6.70315 6.69763 6.69228 6.68711 6.68214 6.67739 6.67286 6.66857 6.66454 6.66076 6.65725 6.65401 6.65105 6.64837 6.64599 6.64389 6.64209 6.64059 6.63938 6.63847 6.63786 6.63755 
6.6326 6.63291 6.63353 6.63447 6.63574 6.63732 6.63921 6.64143 6.64395 6.64679 6.64993 6.65337 6.65711 6.66113 6.66543 6.67001 6.67485 6.67993 6.68525 6.69079 6.69654 6.70247 6.70856 6.7148 6.72117 6.72763 6.73416 6.74073 6.74733 6.75391 6.76046 6.76693 6.7733 6.77955 6.78563 6.79151 6.79718 6.80259 6.80773 6.81256 6.81706 6.8212 6.82497 6.82833 6.83128 6.8338 6.83587 6.83748 6.83863 6.8393 6.83949 6.83921 6.83845 6.83723 6.83554 6.83339 6.83081 6.8278 6.82438 6.82058 6.8164 6.81189 6.80705 6.80192 6.79652 6.79089 6.78505 6.77904 6.77288 6.7666 6.76023 6.75381 6.74737 6.74093 6.73451 6.72816 6.72189 6.71574 6.70971 6.70384 6.69814 6.69264 6.68735 6.68229 6.67746 6.67289 6.66859 6.66456 6.66081 6.65735 6.65419 6.65134 6.64879 6.64654 6.64462 6.643 6.64171 6.64073 6.64007 6.63973 
6.63488 6.63519 6.63585 6.63685 6.63819 6.63987 6.64188 6.64423 6.64691 6.64993 6.65326 6.65692 6.66089 6.66517 6.66974 6.6746 6.67974 6.68514 6.69079 6.69668 6.70277 6.70907 6.71554 6.72216 6.7289 6.73575 6.74268 6.74965 6.75663 6.76361 6.77054 6.77739 6.78414 6.79074 6.79718 6.80341 6.8094 6.81512 6.82055 6.82566 6.83041 6.83479 6.83877 6.84232 6.84544 6.84809 6.85027 6.85197 6.85318 6.85389 6.85409 6.85379 6.85298 6.85168 6.84989 6.84762 6.84489 6.8417 6.83808 6.83406 6.82964 6.82486 6.81974 6.81431 6.80859 6.80263 6.79645 6.79007 6.78354 6.77689 6.77014 6.76334 6.7565 6.74967 6.74287 6.73613 6.72947 6.72294 6.71654 6.7103 6.70425 6.6984 6.69277 6.68738 6.68225 6.67739 6.67281 6.66851 6.66452 6.66084 6.65747 6.65442 6.6517 6.64931 6.64725 6.64553 6.64414 6.64309 6.64238 6.64202 
6.63724 6.63757 6.63826 6.63932 6.64073 6.64251 6.64465 6.64714 6.64999 6.65319 6.65673 6.66061 6.66482 6.66936 6.67421 6.67937 6.68482 6.69055 6.69654 6.70277 6.70924 6.71591 6.72276 6.72977 6.73691 6.74416 6.75149 6.75887 6.76626 6.77364 6.78097 6.78821 6.79534 6.80232 6.80912 6.8157 6.82202 6.82807 6.8338 6.83919 6.8442 6.84882 6.85302 6.85676 6.86005 6.86285 6.86515 6.86693 6.8682 6.86894 6.86915 6.86883 6.86798 6.8666 6.86471 6.86231 6.85942 6.85605 6.85223 6.84797 6.84331 6.83825 6.83284 6.8271 6.82106 6.81476 6.80822 6.80148 6.79457 6.78753 6.78039 6.77319 6.76595 6.75872 6.75151 6.74437 6.73732 6.73039 6.7236 6.71699 6.71057 6.70436 6.69839 6.69267 6.68722 6.68205 6.67718 6.67262 6.66837 6.66445 6.66087 6.65763 6.65473 6.65218 6.64998 6.64814 6.64666 6.64554 6.64479 6.64439 
6.63968 6.64003 6.64076 6.64187 6.64337 6.64525 6.64752 6.65016 6.65317 6.65656 6.66031 6.66442 6.66888 6.67369 6.67883 6.68429 6.69006 6.69613 6.70247 6.70907 6.71591 6.72296 6.73021 6.73762 6.74517 6.75284 6.76058 6.76837 6.77618 6.78397 6.7917 6.79935 6.80687 6.81424 6.8214 6.82834 6.83501 6.84138 6.84742 6.8531 6.85839 6.86325 6.86766 6.87161 6.87507 6.87801 6.88043 6.88231 6.88364 6.88442 6.88464 6.88429 6.88339 6.88194 6.87994 6.87741 6.87436 6.87081 6.86678 6.86229 6.85736 6.85203 6.84632 6.84027 6.83389 6.82724 6.82034 6.81322 6.80593 6.79849 6.79095 6.78334 6.77569 6.76804 6.76042 6.75287 6.74541 6.73807 6.73089 6.72389 6.71709 6.71051 6.70418 6.69812 6.69234 6.68686 6.6817 6.67686 6.67235 6.66819 6.66438 6.66094 6.65786 6.65515 6.65281 6.65085 6.64928 6.64808 6.64727 6.64684 
6.6422 6.64256 6.64333 6.6445 6.64609 6.64808 6.65047 6.65326 6.65645 6.66003 6.664 6.66835 6.67307 6.67815 6.68358 6.68936 6.69546 6.70186 6.70856 6.71554 6.72276 6.73021 6.73786 6.74568 6.75365 6.76174 6.7699 6.77812 6.78635 6.79456 6.80271 6.81077 6.81869 6.82645 6.83399 6.8413 6.84832 6.85502 6.86138 6.86735 6.8729 6.87802 6.88266 6.88681 6.89044 6.89353 6.89607 6.89805 6.89945 6.90026 6.90048 6.90012 6.89917 6.89763 6.89553 6.89286 6.88965 6.88591 6.88167 6.87694 6.87175 6.86614 6.86013 6.85375 6.84704 6.84002 6.83275 6.82525 6.81756 6.80972 6.80177 6.79374 6.78567 6.7776 6.76956 6.76159 6.75371 6.74596 6.73837 6.73097 6.72378 6.71683 6.71014 6.70373 6.69761 6.69181 6.68634 6.68122 6.67644 6.67203 6.668 6.66434 6.66108 6.6582 6.65572 6.65364 6.65197 6.65069 6.64983 6.64937 
6.64478 6.64516 6.64597 6.64721 6.64887 6.65097 6.6535 6.65644 6.65981 6.66359 6.66778 6.67237 6.67735 6.68272 6.68845 6.69454 6.70098 6.70774 6.7148 6.72216 6.72977 6.73762 6.74568 6.75393 6.76232 6.77083 6.77943 6.78808 6.79674 6.80538 6.81395 6.82243 6.83076 6.83891 6.84684 6.85451 6.86189 6.86893 6.87561 6.88187 6.88771 6.89307 6.89795 6.9023 6.90611 6.90935 6.91202 6.91408 6.91555 6.9164 6.91663 6.91624 6.91524 6.91363 6.91141 6.90861 6.90524 6.90131 6.89685 6.89188 6.88643 6.88053 6.87421 6.8675 6.86044 6.85307 6.84542 6.83753 6.82944 6.82119 6.81282 6.80437 6.79587 6.78737 6.7789 6.7705 6.76219 6.75403 6.74603 6.73822 6.73064 6.7233 6.71623 6.70946 6.70301 6.69688 6.6911 6.68568 6.68063 6.67597 6.6717 6.66784 6.66438 6.66133 6.65871 6.6565 6.65473 6.65338 6.65246 6.65197 
6.64743 6.64782 6.64867 6.64997 6.65173 6.65393 6.65659 6.6597 6.66325 6.66723 6.67164 6.67648 6.68173 6.68738 6.69342 6.69984 6.70661 6.71373 6.72117 6.7289 6.73691 6.74517 6.75365 6.76232 6.77115 6.78009 6.78913 6.79822 6.80731 6.81638 6.82539 6.83428 6.84302 6.85158 6.8599 6.86794 6.87568 6.88306 6.89006 6.89663 6.90274 6.90836 6.91347 6.91802 6.92201 6.92541 6.9282 6.93036 6.93189 6.93278 6.93302 6.93261 6.93155 6.92986 6.92754 6.9246 6.92106 6.91694 6.91226 6.90705 6.90133 6.89514 6.88851 6.88147 6.87406 6.86632 6.85829 6.85001 6.84151 6.83285 6.82405 6.81517 6.80624 6.79731 6.7884 6.77956 6.77083 6.76224 6.75382 6.7456 6.73761 6.72989 6.72245 6.71531 6.70851 6.70205 6.69595 6.69024 6.68491 6.67999 6.67549 6.6714 6.66775 6.66453 6.66176 6.65943 6.65755 6.65612 6.65514 6.65462 
6.65012 6.65053 6.65141 6.65278 6.65463 6.65695 6.65975 6.66301 6.66674 6.67093 6.67557 6.68066 6.68618 6.69212 6.69847 6.70521 6.71233 6.71981 6.72763 6.73575 6.74416 6.75284 6.76174 6.77083 6.78009 6.78948 6.79896 6.80849 6.81802 6.82753 6.83696 6.84628 6.85544 6.8644 6.87311 6.88153 6.88963 6.89735 6.90467 6.91154 6.91794 6.92382 6.92915 6.93392 6.93809 6.94164 6.94455 6.94681 6.94841 6.94933 6.94958 6.94915 6.94804 6.94627 6.94383 6.94076 6.93705 6.93274 6.92784 6.92238 6.9164 6.90991 6.90297 6.8956 6.88784 6.87973 6.87132 6.86264 6.85374 6.84465 6.83543 6.82612 6.81675 6.80738 6.79803 6.78875 6.77959 6.77056 6.76172 6.75309 6.74469 6.73657 6.72875 6.72125 6.71409 6.70729 6.70088 6.69486 6.68926 6.68408 6.67933 6.67503 6.67118 6.66779 6.66486 6.66241 6.66042 6.65891 6.65788 6.65732 
6.65285 6.65327 6.6542 6.65564 6.65757 6.66001 6.66294 6.66637 6.67028 6.67468 6.67955 6.68489 6.69068 6.69692 6.70358 6.71065 6.71812 6.72596 6.73416 6.74268 6.75149 6.76058 6.7699 6.77943 6.78913 6.79896 6.80888 6.81885 6.82883 6.83877 6.84864 6.85838 6.86796 6.87732 6.88642 6.89522 6.90368 6.91175 6.91939 6.92657 6.93324 6.93938 6.94495 6.94992 6.95427 6.95797 6.96101 6.96337 6.96503 6.96599 6.96625 6.96579 6.96464 6.96278 6.96024 6.95702 6.95315 6.94864 6.94353 6.93782 6.93157 6.9248 6.91754 6.90984 6.90172 6.89325 6.88445 6.87537 6.86606 6.85655 6.84691 6.83716 6.82735 6.81754 6.80775 6.79803 6.78843 6.77897 6.7697 6.76065 6.75185 6.74333 6.73512 6.72725 6.71974 6.7126 6.70587 6.69955 6.69366 6.68822 6.68323 6.67871 6.67466 6.67109 6.66801 6.66542 6.66333 6.66174 6.66065 6.66007 
6.65561 6.65605 6.65702 6.65852 6.66055 6.6631 6.66617 6.66976 6.67386 6.67847 6.68357 6.68916 6.69523 6.70176 6.70873 6.71614 6.72396 6.73216 6.74073 6.74965 6.75887 6.76837 6.77812 6.78808 6.79822 6.80849 6.81885 6.82926 6.83968 6.85007 6.86036 6.87053 6.88052 6.89029 6.89978 6.90896 6.91778 6.92619 6.93416 6.94164 6.94859 6.95498 6.96079 6.96596 6.97049 6.97435 6.97751 6.97996 6.98169 6.98269 6.98295 6.98248 6.98127 6.97933 6.97668 6.97333 6.96929 6.96459 6.95925 6.95331 6.94679 6.93972 6.93215 6.92412 6.91566 6.90681 6.89763 6.88815 6.87843 6.86851 6.85843 6.84825 6.838 6.82775 6.81752 6.80736 6.79732 6.78743 6.77773 6.76826 6.75905 6.75013 6.74154 6.73329 6.72542 6.71795 6.71089 6.70427 6.6981 6.69239 6.68716 6.68241 6.67816 6.67442 6.67119 6.66847 6.66627 6.6646 6.66345 6.66284 
6.65838 6.65884 6.65985 6.66142 6.66354 6.6662 6.66942 6.67317 6.67746 6.68227 6.68761 6.69345 6.69979 6.70661 6.7139 6.72164 6.72981 6.73838 6.74733 6.75663 6.76626 6.77618 6.78635 6.79674 6.80731 6.81802 6.82883 6.83968 6.85054 6.86136 6.87209 6.88268 6.89309 6.90325 6.91314 6.92269 6.93187 6.94062 6.94891 6.95669 6.96392 6.97057 6.9766 6.98198 6.98669 6.99069 6.99398 6.99652 6.99832 6.99936 6.99963 6.99913 6.99787 6.99586 6.9931 6.98961 6.9854 6.98051 6.97496 6.96877 6.96199 6.95463 6.94675 6.93838 6.92957 6.92036 6.9108 6.90093 6.8908 6.88046 6.86995 6.85934 6.84866 6.83796 6.82729 6.81669 6.80621 6.79589 6.78577 6.77588 6.76626 6.75695 6.74797 6.73935 6.73113 6.72331 6.71593 6.70901 6.70255 6.69658 6.6911 6.68613 6.68169 6.67777 6.67438 6.67153 6.66923 6.66748 6.66627 6.66562 
6.66116 6.66164 6.66269 6.66432 6.66653 6.66931 6.67267 6.67658 6.68105 6.68608 6.69164 6.69774 6.70435 6.71147 6.71907 6.72714 6.73565 6.74458 6.75391 6.76361 6.77364 6.78397 6.79456 6.80538 6.81638 6.82753 6.83877 6.85007 6.86136 6.87261 6.88377 6.89478 6.90559 6.91616 6.92643 6.93635 6.94588 6.95497 6.96357 6.97165 6.97916 6.98606 6.99232 6.9979 7.00278 7.00694 7.01035 7.01299 7.01485 7.01592 7.0162 7.01568 7.01437 7.01228 7.00941 7.00579 7.00142 6.99634 6.99057 6.98415 6.9771 6.96946 6.96127 6.95258 6.94342 6.93385 6.9239 6.91364 6.90311 6.89235 6.88143 6.87039 6.85927 6.84814 6.83703 6.826 6.81508 6.80433 6.79379 6.78348 6.77346 6.76375 6.75439 6.7454 6.73682 6.72867 6.72097 6.71374 6.707 6.70076 6.69504 6.68986 6.68521 6.68111 6.67758 6.6746 6.67219 6.67035 6.66909 6.66841 
6.66394 6.66443 6.66552 6.66722 6.66952 6.67241 6.6759 6.67998 6.68464 6.68987 6.69566 6.70201 6.70889 6.7163 6.72421 6.7326 6.74146 6.75076 6.76046 6.77054 6.78097 6.7917 6.80271 6.81395 6.82539 6.83696 6.84864 6.86036 6.87209 6.88377 6.89534 6.90677 6.91798 6.92894 6.93959 6.94988 6.95976 6.96918 6.9781 6.98646 6.99424 7.00139 7.00787 7.01366 7.01871 7.02302 7.02654 7.02928 7.0312 7.03231 7.0326 7.03206 7.0307 7.02853 7.02556 7.0218 7.01727 7.01201 7.00603 6.99937 6.99206 6.98414 6.97565 6.96663 6.95714 6.9472 6.93689 6.92624 6.91531 6.90415 6.89281 6.88134 6.8698 6.85823 6.84669 6.83523 6.82389 6.81271 6.80175 6.79103 6.78061 6.77051 6.76077 6.75141 6.74248 6.734 6.72598 6.71845 6.71142 6.70493 6.69897 6.69356 6.68872 6.68445 6.68076 6.67765 6.67514 6.67322 6.67191 6.67119 
6.66669 6.6672 6.66833 6.6701 6.67248 6.67549 6.67912 6.68335 6.68819 6.69363 6.69965 6.70624 6.71339 6.72108 6.7293 6.73802 6.74721 6.75686 6.76693 6.77739 6.78821 6.79935 6.81077 6.82243 6.83428 6.84628 6.85838 6.87053 6.88268 6.89478 6.90677 6.91859 6.93021 6.94155 6.95257 6.96322 6.97344 6.98319 6.99241 7.00106 7.00911 7.0165 7.0232 7.02918 7.03441 7.03885 7.0425 7.04532 7.04731 7.04845 7.04875 7.04819 7.04678 7.04453 7.04146 7.03757 7.03289 7.02744 7.02126 7.01436 7.0068 6.99861 6.98982 6.98049 6.97066 6.96038 6.9497 6.93867 6.92735 6.91578 6.90403 6.89215 6.88019 6.8682 6.85624 6.84435 6.83258 6.82099 6.80961 6.79849 6.78767 6.77719 6.76707 6.75736 6.74808 6.73927 6.73093 6.72311 6.71581 6.70905 6.70286 6.69724 6.6922 6.68776 6.68392 6.68068 6.67807 6.67607 6.6747 6.67395 
6.66941 6.66993 6.67111 6.67294 6.67541 6.67853 6.68229 6.68668 6.6917 6.69734 6.70358 6.71041 6.71783 6.7258 6.73432 6.74335 6.75288 6.76287 6.7733 6.78414 6.79534 6.80687 6.81869 6.83076 6.84302 6.85544 6.86796 6.88052 6.89309 6.90559 6.91798 6.93021 6.9422 6.95392 6.96531 6.97631 6.98686 6.99693 7.00645 7.01538 7.02368 7.03131 7.03823 7.0444 7.04979 7.05438 7.05813 7.06105 7.0631 7.06427 7.06458 7.064 7.06254 7.06022 7.05705 7.05303 7.0482 7.04258 7.03619 7.02907 7.02126 7.0128 7.00372 6.99408 6.98392 6.9733 6.96226 6.95087 6.93916 6.92721 6.91506 6.90277 6.8904 6.87799 6.86561 6.85331 6.84113 6.82913 6.81735 6.80583 6.79462 6.78376 6.77328 6.76322 6.7536 6.74446 6.73582 6.7277 6.72013 6.71312 6.7067 6.70086 6.69563 6.69102 6.68703 6.68368 6.68096 6.67889 6.67746 6.67668 
6.67208 6.67262 6.67384 6.67572 6.67829 6.68151 6.6854 6.68995 6.69514 6.70098 6.70744 6.71451 6.72218 6.73043 6.73923 6.74858 6.75843 6.76876 6.77955 6.79074 6.80232 6.81424 6.82645 6.83891 6.85158 6.8644 6.87732 6.89029 6.90325 6.91616 6.92894 6.94155 6.95392 6.96601 6.97775 6.98909 6.99997 7.01034 7.02015 7.02935 7.03791 7.04576 7.05289 7.05924 7.06479 7.06952 7.07339 7.07638 7.07849 7.07971 7.08001 7.07942 7.07792 7.07553 7.07225 7.06811 7.06313 7.05734 7.05076 7.04342 7.03537 7.02664 7.01729 7.00735 6.99687 6.98592 6.97454 6.96278 6.9507 6.93837 6.92583 6.91315 6.90037 6.88757 6.87478 6.86207 6.8495 6.83709 6.82492 6.81302 6.80143 6.7902 6.77936 6.76895 6.759 6.74954 6.7406 6.7322 6.72437 6.71711 6.71046 6.70442 6.699 6.69422 6.69009 6.68662 6.6838 6.68165 6.68017 6.67936 
6.67469 6.67525 6.6765 6.67845 6.6811 6.68443 6.68845 6.69314 6.69851 6.70453 6.7112 6.7185 6.72642 6.73494 6.74403 6.75367 6.76384 6.7745 6.78563 6.79718 6.80912 6.8214 6.83399 6.84684 6.8599 6.87311 6.88642 6.89978 6.91314 6.92643 6.93959 6.95257 6.96531 6.97775 6.98983 7.00149 7.01269 7.02336 7.03345 7.04292 7.05171 7.05979 7.06711 7.07365 7.07935 7.08421 7.08818 7.09126 7.09343 7.09468 7.09499 7.09438 7.09283 7.09037 7.087 7.08275 7.07763 7.07166 7.06489 7.05735 7.04906 7.04009 7.03046 7.02023 7.00945 6.99817 6.98646 6.97435 6.96192 6.94921 6.9363 6.92323 6.91007 6.89687 6.8837 6.8706 6.85763 6.84484 6.83229 6.82001 6.80805 6.79647 6.78528 6.77454 6.76427 6.7545 6.74527 6.73659 6.7285 6.72101 6.71413 6.70789 6.70229 6.69735 6.69308 6.68948 6.68657 6.68435 6.68282 6.68198 
6.67723 6.6778 6.67909 6.6811 6.68383 6.68726 6.6914 6.69624 6.70177 6.70798 6.71485 6.72238 6.73054 6.73931 6.74868 6.75861 6.76908 6.78006 6.79151 6.80341 6.8157 6.82834 6.8413 6.85451 6.86794 6.88153 6.89522 6.90896 6.92269 6.93635 6.94988 6.96322 6.97631 6.98909 7.00149 7.01347 7.02497 7.03592 7.04629 7.056 7.06503 7.07332 7.08084 7.08754 7.0934 7.09838 7.10246 7.10562 7.10784 7.10912 7.10944 7.1088 7.10722 7.10469 7.10124 7.09687 7.09161 7.08549 7.07853 7.07078 7.06228 7.05306 7.04317 7.03267 7.02159 7.01001 6.99797 6.98553 6.97275 6.95969 6.94641 6.93298 6.91944 6.90587 6.89232 6.87884 6.8655 6.85234 6.83941 6.82677 6.81447 6.80253 6.79101 6.77995 6.76937 6.75931 6.74979 6.74085 6.73251 6.72478 6.71769 6.71125 6.70548 6.70039 6.69598 6.69227 6.68927 6.68697 6.68539 6.68452 
6.67967 6.68026 6.68159 6.68366 6.68646 6.68999 6.69425 6.69923 6.70492 6.7113 6.71837 6.72611 6.7345 6.74352 6.75315 6.76336 6.77413 6.78541 6.79718 6.8094 6.82202 6.83501 6.84832 6.86189 6.87568 6.88963 6.90368 6.91778 6.93187 6.94588 6.95976 6.97344 6.98686 6.99997 7.01269 7.02497 7.03675 7.04798 7.0586 7.06856 7.07781 7.0863 7.094 7.10087 7.10686 7.11197 7.11614 7.11938 7.12165 7.12296 7.12329 7.12264 7.12101 7.11842 7.11488 7.1104 7.10501 7.09874 7.09161 7.08367 7.07495 7.0655 7.05537 7.0446 7.03324 7.02136 7.00901 6.99625 6.98315 6.96975 6.95613 6.94234 6.92845 6.91451 6.9006 6.88676 6.87306 6.85954 6.84627 6.83328 6.82063 6.80837 6.79653 6.78515 6.77428 6.76393 6.75415 6.74495 6.73637 6.72842 6.72112 6.7145 6.70856 6.70332 6.69878 6.69496 6.69187 6.6895 6.68787 6.68698 
6.68202 6.68263 6.68399 6.68611 6.68899 6.69261 6.69699 6.7021 6.70794 6.71449 6.72175 6.72969 6.7383 6.74755 6.75743 6.76791 6.77895 6.79052 6.80259 6.81512 6.82807 6.84138 6.85502 6.86893 6.88306 6.89735 6.91175 6.92619 6.94062 6.95497 6.96918 6.98319 6.99693 7.01034 7.02336 7.03592 7.04798 7.05947 7.07033 7.08051 7.08997 7.09866 7.10654 7.11356 7.11969 7.1249 7.12917 7.13248 7.13481 7.13614 7.13647 7.13581 7.13415 7.1315 7.12787 7.12329 7.11778 7.11136 7.10407 7.09595 7.08703 7.07736 7.06699 7.05596 7.04434 7.03218 7.01954 7.00648 6.99306 6.97934 6.96539 6.95127 6.93704 6.92276 6.9085 6.89432 6.88028 6.86642 6.85281 6.8395 6.82653 6.81395 6.8018 6.79013 6.77897 6.76835 6.75831 6.74887 6.74006 6.7319 6.72441 6.71761 6.71151 6.70612 6.70146 6.69754 6.69436 6.69193 6.69025 6.68934 
6.68426 6.68487 6.68627 6.68844 6.69139 6.69511 6.69959 6.70482 6.7108 6.71752 6.72495 6.73308 6.7419 6.75138 6.7615 6.77222 6.78353 6.79538 6.80773 6.82055 6.8338 6.84742 6.86138 6.87561 6.89006 6.90467 6.91939 6.93416 6.94891 6.96357 6.9781 6.99241 7.00645 7.02015 7.03345 7.04629 7.0586 7.07033 7.08142 7.09182 7.10148 7.11035 7.11838 7.12555 7.13181 7.13713 7.14149 7.14487 7.14724 7.1486 7.14894 7.14826 7.14656 7.14385 7.14015 7.13548 7.12985 7.12329 7.11585 7.10755 7.09844 7.08857 7.07798 7.06672 7.05485 7.04242 7.02951 7.01616 7.00244 6.98842 6.97415 6.95972 6.94517 6.93057 6.91599 6.90148 6.88711 6.87294 6.85901 6.84539 6.83211 6.81923 6.8068 6.79485 6.78342 6.77255 6.76226 6.75259 6.74357 6.73521 6.72753 6.72056 6.71431 6.70879 6.70401 6.69999 6.69673 6.69424 6.69252 6.69158 
6.68637 6.687 6.68842 6.69064 6.69366 6.69746 6.70204 6.70739 6.71351 6.72037 6.72797 6.73628 6.7453 6.75499 6.76533 6.77629 6.78784 6.79994 6.81256 6.82566 6.83919 6.8531 6.86735 6.88187 6.89663 6.91154 6.92657 6.94164 6.95669 6.97165 6.98646 7.00106 7.01538 7.02935 7.04292 7.056 7.06856 7.08051 7.09182 7.10242 7.11226 7.1213 7.12949 7.13679 7.14317 7.14859 7.15303 7.15647 7.15889 7.16027 7.16062 7.15992 7.15819 7.15543 7.15166 7.1469 7.14116 7.13448 7.12689 7.11843 7.10915 7.09908 7.08828 7.0768 7.06469 7.05202 7.03885 7.02523 7.01124 6.99694 6.98238 6.96765 6.9528 6.9379 6.92302 6.90821 6.89354 6.87906 6.86484 6.85092 6.83736 6.82421 6.8115 6.79929 6.78761 6.7765 6.76598 6.7561 6.74687 6.73832 6.73047 6.72334 6.71695 6.7113 6.70642 6.7023 6.69897 6.69642 6.69466 6.69369 
6.68834 6.68898 6.69043 6.6927 6.69578 6.69965 6.70433 6.70979 6.71603 6.72303 6.73078 6.73927 6.74846 6.75835 6.76889 6.78007 6.79185 6.80419 6.81706 6.83041 6.8442 6.85839 6.8729 6.88771 6.90274 6.91794 6.93324 6.94859 6.96392 6.97916 6.99424 7.00911 7.02368 7.03791 7.05171 7.06503 7.07781 7.08997 7.10148 7.11226 7.12228 7.13147 7.1398 7.14723 7.15372 7.15923 7.16375 7.16724 7.1697 7.17111 7.17146 7.17075 7.16899 7.16618 7.16235 7.1575 7.15166 7.14486 7.13714 7.12854 7.11909 7.10884 7.09785 7.08616 7.07384 7.06094 7.04753 7.03367 7.01942 7.00485 6.99003 6.97502 6.9599 6.94472 6.92955 6.91446 6.89951 6.88476 6.87026 6.85607 6.84225 6.82883 6.81588 6.80342 6.79151 6.78018 6.76945 6.75937 6.74995 6.74123 6.73322 6.72594 6.71941 6.71365 6.70866 6.70446 6.70106 6.69845 6.69666 6.69567 
6.69016 6.69081 6.69229 6.6946 6.69773 6.70168 6.70644 6.712 6.71836 6.72549 6.73338 6.74202 6.75138 6.76145 6.77218 6.78356 6.79555 6.80811 6.8212 6.83479 6.84882 6.86325 6.87802 6.89307 6.90836 6.92382 6.93938 6.95498 6.97057 6.98606 7.00139 7.0165 7.03131 7.04576 7.05979 7.07332 7.0863 7.09866 7.11035 7.1213 7.13147 7.14081 7.14927 7.15681 7.1634 7.169 7.17359 7.17713 7.17963 7.18106 7.18141 7.18069 7.1789 7.17605 7.17215 7.16723 7.1613 7.1544 7.14656 7.13781 7.12821 7.1178 7.10664 7.09476 7.08224 7.06914 7.05551 7.04142 7.02694 7.01213 6.99706 6.9818 6.96642 6.95099 6.93556 6.92022 6.90501 6.89 6.87525 6.86081 6.84675 6.8331 6.81991 6.80723 6.79511 6.78357 6.77265 6.76238 6.75279 6.7439 6.73575 6.72834 6.72169 6.71582 6.71074 6.70646 6.70299 6.70033 6.6985 6.6975 
6.69182 6.69249 6.69399 6.69634 6.69952 6.70353 6.70837 6.71402 6.72048 6.72773 6.73575 6.74453 6.75404 6.76427 6.77517 6.78673 6.79891 6.81167 6.82497 6.83877 6.85302 6.86766 6.88266 6.89795 6.91347 6.92915 6.94495 6.96079 6.9766 6.99232 7.00787 7.0232 7.03823 7.05289 7.06711 7.08084 7.094 7.10654 7.11838 7.12949 7.1398 7.14927 7.15785 7.16549 7.17217 7.17785 7.1825 7.18609 7.18862 7.19007 7.19043 7.1897 7.18788 7.18499 7.18104 7.17605 7.17003 7.16303 7.15508 7.14622 7.13648 7.12593 7.1146 7.10256 7.08986 7.07656 7.06274 7.04844 7.03375 7.01872 7.00343 6.98795 6.97234 6.95668 6.94102 6.92544 6.91 6.89476 6.87978 6.86512 6.85083 6.83697 6.82357 6.81069 6.79837 6.78665 6.77555 6.76512 6.75537 6.74634 6.73805 6.73052 6.72376 6.71779 6.71263 6.70828 6.70475 6.70205 6.70019 6.69916 
6.69332 6.69399 6.69551 6.69789 6.70112 6.70519 6.7101 6.71583 6.72238 6.72974 6.73787 6.74677 6.75642 6.76679 6.77785 6.78957 6.80192 6.81485 6.82833 6.84232 6.85676 6.87161 6.88681 6.9023 6.91802 6.93392 6.94992 6.96596 6.98198 6.9979 7.01366 7.02918 7.0444 7.05924 7.07365 7.08754 7.10087 7.11356 7.12555 7.13679 7.14723 7.15681 7.16549 7.17323 7.17999 7.18573 7.19044 7.19408 7.19663 7.1981 7.19846 7.19772 7.19589 7.19296 7.18896 7.1839 7.17782 7.17073 7.16268 7.15371 7.14386 7.13317 7.1217 7.10951 7.09665 7.08319 7.06919 7.05471 7.03983 7.02461 7.00912 6.99344 6.97762 6.96175 6.94589 6.9301 6.91445 6.89901 6.88383 6.86897 6.85448 6.84043 6.82685 6.81379 6.8013 6.78941 6.77815 6.76757 6.75769 6.74853 6.74012 6.73247 6.72562 6.71956 6.71432 6.70991 6.70633 6.70359 6.7017 6.70066 
6.69463 6.69531 6.69686 6.69926 6.70253 6.70665 6.71162 6.71743 6.72406 6.7315 6.73974 6.74875 6.75851 6.769 6.7802 6.79206 6.80455 6.81764 6.83128 6.84544 6.86005 6.87507 6.89044 6.90611 6.92201 6.93809 6.95427 6.97049 6.98669 7.00278 7.01871 7.03441 7.04979 7.06479 7.07935 7.0934 7.10686 7.11969 7.13181 7.14317 7.15372 7.1634 7.17217 7.17999 7.18682 7.19262 7.19737 7.20105 7.20363 7.20511 7.20548 7.20473 7.20287 7.19992 7.19587 7.19077 7.18462 7.17746 7.16932 7.16025 7.15029 7.13949 7.1279 7.11558 7.10258 7.08897 7.07482 7.06019 7.04514 7.02975 7.01409 6.99823 6.98224 6.96619 6.95015 6.93418 6.91835 6.90273 6.88737 6.87233 6.85768 6.84346 6.82972 6.8165 6.80386 6.79182 6.78043 6.76972 6.75972 6.75045 6.74193 6.73419 6.72725 6.72112 6.71581 6.71134 6.70772 6.70495 6.70303 6.70198 
6.69576 6.69645 6.69801 6.70044 6.70374 6.70791 6.71293 6.71879 6.72549 6.73301 6.74133 6.75043 6.7603 6.7709 6.7822 6.79418 6.8068 6.82002 6.8338 6.84809 6.86285 6.87801 6.89353 6.90935 6.92541 6.94164 6.95797 6.97435 6.99069 7.00694 7.02302 7.03885 7.05438 7.06952 7.08421 7.09838 7.11197 7.1249 7.13713 7.14859 7.15923 7.169 7.17785 7.18573 7.19262 7.19847 7.20327 7.20697 7.20958 7.21107 7.21144 7.21069 7.20881 7.20583 7.20175 7.1966 7.19039 7.18317 7.17497 7.16582 7.15577 7.14487 7.13318 7.12074 7.10763 7.0939 7.07961 7.06484 7.04966 7.03413 7.01832 7.00231 6.98617 6.96997 6.95377 6.93765 6.92167 6.90589 6.89039 6.8752 6.86041 6.84604 6.83216 6.81882 6.80605 6.79389 6.78238 6.77156 6.76145 6.75209 6.74348 6.73566 6.72865 6.72246 6.71709 6.71258 6.70891 6.70611 6.70417 6.70311 
6.6967 6.69739 6.69896 6.70142 6.70474 6.70894 6.71401 6.71992 6.72668 6.73426 6.74265 6.75183 6.76177 6.77246 6.78386 6.79593 6.80866 6.82198 6.83587 6.85027 6.86515 6.88043 6.89607 6.91202 6.9282 6.94455 6.96101 6.97751 6.99398 7.01035 7.02654 7.0425 7.05813 7.07339 7.08818 7.10246 7.11614 7.12917 7.14149 7.15303 7.16375 7.17359 7.1825 7.19044 7.19737 7.20327 7.20809 7.21183 7.21445 7.21595 7.21632 7.21556 7.21368 7.21067 7.20656 7.20137 7.19512 7.18785 7.17959 7.17037 7.16025 7.14927 7.13749 7.12497 7.11176 7.09793 7.08354 7.06866 7.05336 7.03771 7.02179 7.00566 6.98939 6.97307 6.95674 6.9405 6.92439 6.90849 6.89286 6.87756 6.86264 6.84817 6.83418 6.82072 6.80785 6.79559 6.78399 6.77308 6.76289 6.75344 6.74476 6.73688 6.72981 6.72356 6.71815 6.7136 6.7099 6.70707 6.70512 6.70405 
6.69744 6.69813 6.69971 6.70218 6.70553 6.70976 6.71486 6.72081 6.72761 6.73524 6.74368 6.75292 6.76292 6.77368 6.78515 6.7973 6.8101 6.82351 6.83748 6.85197 6.86693 6.88231 6.89805 6.91408 6.93036 6.94681 6.96337 6.97996 6.99652 7.01299 7.02928 7.04532 7.06105 7.07638 7.09126 7.10562 7.11938 7.13248 7.14487 7.15647 7.16724 7.17713 7.18609 7.19408 7.20105 7.20697 7.21183 7.21558 7.21822 7.21973 7.2201 7.21934 7.21744 7.21442 7.21029 7.20507 7.19878 7.19147 7.18316 7.17389 7.16372 7.15268 7.14084 7.12824 7.11496 7.10105 7.08658 7.07161 7.05623 7.04049 7.02448 7.00825 6.99189 6.97547 6.95905 6.94271 6.92651 6.91051 6.89479 6.87939 6.86439 6.84982 6.83574 6.8222 6.80925 6.79692 6.78524 6.77426 6.76401 6.7545 6.74577 6.73783 6.73071 6.72443 6.71898 6.7144 6.71068 6.70783 6.70587 6.70479 
6.69797 6.69867 6.70026 6.70274 6.70611 6.71035 6.71547 6.72145 6.72828 6.73594 6.74442 6.7537 6.76375 6.77455 6.78607 6.79827 6.81113 6.82459 6.83863 6.85318 6.8682 6.88364 6.89945 6.91555 6.93189 6.94841 6.96503 6.98169 6.99832 7.01485 7.0312 7.04731 7.0631 7.07849 7.09343 7.10784 7.12165 7.13481 7.14724 7.15889 7.1697 7.17963 7.18862 7.19663 7.20363 7.20958 7.21445 7.21822 7.22086 7.22238 7.22275 7.22199 7.22008 7.21705 7.2129 7.20766 7.20136 7.19401 7.18567 7.17637 7.16615 7.15507 7.14318 7.13054 7.11721 7.10324 7.08871 7.07369 7.05825 7.04245 7.02637 7.01008 6.99365 6.97716 6.96068 6.94427 6.928 6.91194 6.89615 6.88069 6.86562 6.85099 6.83685 6.82326 6.81025 6.79786 6.78614 6.77511 6.76481 6.75526 6.74649 6.73852 6.73137 6.72505 6.71958 6.71498 6.71124 6.70838 6.70641 6.70533 
6.6983 6.699 6.7006 6.70308 6.70646 6.71071 6.71584 6.72184 6.72868 6.73636 6.74487 6.75417 6.76424 6.77507 6.78662 6.79885 6.81174 6.82523 6.8393 6.85389 6.86894 6.88442 6.90026 6.9164 6.93278 6.94933 6.96599 6.98269 6.99936 7.01592 7.03231 7.04845 7.06427 7.07971 7.09468 7.10912 7.12296 7.13614 7.1486 7.16027 7.17111 7.18106 7.19007 7.1981 7.20511 7.21107 7.21595 7.21973 7.22238 7.2239 7.22427 7.2235 7.22159 7.21855 7.2144 7.20915 7.20283 7.19547 7.18711 7.17779 7.16755 7.15645 7.14453 7.13186 7.11849 7.1045 7.08994 7.07488 7.0594 7.04357 7.02745 7.01113 6.99467 6.97814 6.96162 6.94517 6.92886 6.91277 6.89694 6.88145 6.86634 6.85168 6.83751 6.82388 6.81084 6.79842 6.78667 6.77561 6.76528 6.75571 6.74692 6.73893 6.73176 6.72543 6.71995 6.71533 6.71159 6.70872 6.70674 6.70566 
