4.37583 4.37602 4.37626 4.37654 4.37686 4.37723 4.37765 4.37811 4.37863 4.37919 4.37981 4.38048 4.38122 4.38201 4.38286 4.38379 4.38477 4.38583 4.38696 4.38816 4.38943 4.39076 4.39217 4.39365 4.39518 4.39678 4.39843 4.40013 4.40187 4.40365 4.40545 4.40727 4.40909 4.41091 4.41272 4.41449 4.41623 4.41791 4.41954 4.42108 4.42254 4.42391 4.42516 4.42629 4.4273 4.42817 4.42889 4.42947 4.42989 4.43016 4.43027 4.43021 4.43 4.42963 4.42911 4.42843 4.42762 4.42667 4.42559 4.42439 4.42308 4.42168 4.42019 4.41862 4.417 4.41532 4.4136 4.41186 4.4101 4.40834 4.40659 4.40486 4.40315 4.40149 4.39987 4.39831 4.3968 4.39536 4.394 4.39271 4.39149 4.39036 4.38931 4.38834 4.38745 4.38665 4.38592 4.38528 4.38471 4.38422 4.38379 4.38344 4.38315 4.38293 4.38276 4.38266 4.3826 4.3826 4.38265 4.38275 
4.37602 4.37622 4.37645 4.37673 4.37706 4.37743 4.37785 4.37831 4.37883 4.37939 4.38002 4.38069 4.38143 4.38223 4.38309 4.38402 4.38502 4.38608 4.38722 4.38843 4.38971 4.39106 4.39248 4.39397 4.39552 4.39714 4.39881 4.40052 4.40228 4.40408 4.4059 4.40774 4.40958 4.41142 4.41324 4.41504 4.41679 4.4185 4.42014 4.4217 4.42318 4.42456 4.42582 4.42697 4.42798 4.42886 4.4296 4.43018 4.43061 4.43088 4.43099 4.43093 4.43072 4.43034 4.42981 4.42913 4.42831 4.42734 4.42625 4.42504 4.42372 4.4223 4.42079 4.41921 4.41756 4.41586 4.41413 4.41236 4.41059 4.40881 4.40704 4.40529 4.40357 4.40188 4.40025 4.39867 4.39715 4.39569 4.39431 4.39301 4.39178 4.39064 4.38957 4.38859 4.3877 4.38689 4.38616 4.3855 4.38493 4.38443 4.384 4.38365 4.38335 4.38313 4.38296 4.38285 4.3828 4.38279 4.38284 4.38294 
4.37626 4.37645 4.37669 4.37697 4.3773 4.37768 4.3781 4.37858 4.3791 4.37969 4.38032 4.38102 4.38177 4.38259 4.38347 4.38443 4.38545 4.38655 4.38772 4.38896 4.39028 4.39167 4.39313 4.39466 4.39626 4.39792 4.39964 4.40141 4.40322 4.40507 4.40694 4.40883 4.41073 4.41262 4.4145 4.41634 4.41815 4.4199 4.42159 4.4232 4.42472 4.42613 4.42743 4.42861 4.42966 4.43056 4.43131 4.43191 4.43235 4.43262 4.43273 4.43268 4.43245 4.43207 4.43152 4.43082 4.42997 4.42898 4.42786 4.42661 4.42525 4.42379 4.42223 4.4206 4.41891 4.41716 4.41538 4.41356 4.41173 4.4099 4.40808 4.40627 4.4045 4.40277 4.40108 4.39945 4.39789 4.39639 4.39496 4.39362 4.39235 4.39117 4.39008 4.38907 4.38814 4.3873 4.38655 4.38587 4.38528 4.38476 4.38431 4.38394 4.38364 4.3834 4.38322 4.38311 4.38304 4.38304 4.38308 4.38318 
4.37654 4.37673 4.37697 4.37726 4.3776 4.37799 4.37842 4.37892 4.37946 4.38006 4.38072 4.38145 4.38223 4.38309 4.38401 4.38501 4.38608 4.38723 4.38845 4.38975 4.39113 4.39259 4.39412 4.39572 4.3974 4.39914 4.40094 4.40279 4.40468 4.40662 4.40858 4.41056 4.41254 4.41452 4.41648 4.41841 4.4203 4.42213 4.4239 4.42558 4.42716 4.42864 4.43 4.43123 4.43231 4.43326 4.43404 4.43466 4.43512 4.43541 4.43552 4.43546 4.43522 4.43482 4.43424 4.43351 4.43262 4.43158 4.43041 4.4291 4.42768 4.42615 4.42453 4.42282 4.42105 4.41922 4.41735 4.41545 4.41353 4.41162 4.40971 4.40782 4.40596 4.40414 4.40237 4.40067 4.39902 4.39745 4.39596 4.39454 4.39321 4.39197 4.39082 4.38975 4.38878 4.38789 4.38709 4.38638 4.38575 4.3852 4.38473 4.38433 4.384 4.38374 4.38355 4.38342 4.38335 4.38333 4.38337 4.38346 
4.37686 4.37706 4.3773 4.3776 4.37795 4.37835 4.37881 4.37932 4.3799 4.38053 4.38123 4.38199 4.38283 4.38373 4.38471 4.38577 4.3869 4.38812 4.38942 4.39081 4.39227 4.39382 4.39545 4.39716 4.39894 4.40079 4.4027 4.40467 4.40668 4.40874 4.41082 4.41292 4.41503 4.41713 4.41921 4.42126 4.42326 4.4252 4.42706 4.42884 4.43052 4.43208 4.43352 4.43482 4.43597 4.43696 4.43779 4.43845 4.43893 4.43923 4.43935 4.43928 4.43903 4.4386 4.43799 4.43721 4.43626 4.43516 4.43391 4.43253 4.43102 4.4294 4.42767 4.42586 4.42398 4.42204 4.42005 4.41804 4.416 4.41396 4.41193 4.40992 4.40795 4.40601 4.40413 4.40231 4.40056 4.39889 4.39729 4.39578 4.39436 4.39304 4.3918 4.39066 4.38962 4.38867 4.38781 4.38704 4.38636 4.38576 4.38525 4.38481 4.38445 4.38416 4.38394 4.38379 4.3837 4.38367 4.3837 4.38379 
4.37723 4.37743 4.37768 4.37799 4.37835 4.37877 4.37926 4.3798 4.38041 4.38109 4.38183 4.38265 4.38354 4.38452 4.38557 4.38671 4.38793 4.38924 4.39064 4.39213 4.39371 4.39538 4.39714 4.39898 4.40089 4.40288 4.40494 4.40706 4.40923 4.41143 4.41367 4.41593 4.41819 4.42045 4.42268 4.42488 4.42702 4.4291 4.4311 4.43301 4.4348 4.43648 4.43801 4.4394 4.44063 4.44169 4.44258 4.44328 4.44379 4.44411 4.44423 4.44415 4.44388 4.44341 4.44276 4.44192 4.4409 4.43972 4.43838 4.4369 4.43527 4.43353 4.43168 4.42974 4.42772 4.42563 4.4235 4.42133 4.41914 4.41695 4.41477 4.4126 4.41048 4.40839 4.40636 4.4044 4.40251 4.4007 4.39898 4.39735 4.39581 4.39437 4.39303 4.39179 4.39066 4.38962 4.38868 4.38784 4.38709 4.38644 4.38587 4.38538 4.38498 4.38466 4.38441 4.38423 4.38411 4.38407 4.38408 4.38416 
4.37765 4.37785 4.3781 4.37842 4.37881 4.37926 4.37977 4.38036 4.38101 4.38174 4.38254 4.38343 4.3844 4.38545 4.38659 4.38783 4.38916 4.39059 4.39211 4.39373 4.39545 4.39727 4.39918 4.40118 4.40327 4.40543 4.40767 4.40997 4.41232 4.41472 4.41715 4.4196 4.42205 4.42449 4.42691 4.42929 4.43161 4.43386 4.43602 4.43808 4.44002 4.44183 4.44349 4.44498 4.44631 4.44745 4.4484 4.44916 4.4497 4.45004 4.45017 4.45008 4.44978 4.44928 4.44857 4.44766 4.44656 4.44528 4.44382 4.44221 4.44046 4.43857 4.43657 4.43446 4.43227 4.43001 4.42769 4.42534 4.42297 4.42059 4.41821 4.41586 4.41355 4.41128 4.40907 4.40694 4.40488 4.4029 4.40102 4.39924 4.39756 4.39598 4.39451 4.39315 4.3919 4.39076 4.38972 4.38879 4.38796 4.38723 4.3866 4.38605 4.3856 4.38523 4.38494 4.38472 4.38458 4.38451 4.38451 4.38458 
4.37811 4.37831 4.37858 4.37892 4.37932 4.3798 4.38036 4.38099 4.38169 4.38249 4.38336 4.38433 4.38538 4.38654 4.38779 4.38914 4.3906 4.39216 4.39384 4.39562 4.3975 4.3995 4.40159 4.40378 4.40607 4.40844 4.41089 4.41341 4.41598 4.4186 4.42126 4.42393 4.42661 4.42928 4.43191 4.43451 4.43704 4.43949 4.44184 4.44408 4.44619 4.44815 4.44995 4.45157 4.45301 4.45425 4.45528 4.4561 4.45669 4.45705 4.45718 4.45708 4.45676 4.4562 4.45542 4.45443 4.45323 4.45183 4.45025 4.44849 4.44658 4.44452 4.44233 4.44004 4.43764 4.43518 4.43265 4.43008 4.42748 4.42488 4.42229 4.41971 4.41718 4.41469 4.41227 4.40993 4.40767 4.4055 4.40343 4.40146 4.39961 4.39787 4.39625 4.39474 4.39336 4.39209 4.39094 4.3899 4.38897 4.38815 4.38744 4.38682 4.3863 4.38587 4.38554 4.38528 4.38511 4.38502 4.385 4.38505 
4.37863 4.37883 4.3791 4.37946 4.3799 4.38041 4.38101 4.38169 4.38247 4.38333 4.38429 4.38535 4.38651 4.38778 4.38916 4.39065 4.39226 4.39398 4.39583 4.39779 4.39987 4.40207 4.40437 4.40679 4.40931 4.41192 4.41461 4.41738 4.42021 4.4231 4.42601 4.42895 4.43188 4.43481 4.4377 4.44054 4.4433 4.44598 4.44856 4.451 4.45331 4.45545 4.45741 4.45919 4.46075 4.4621 4.46322 4.46411 4.46475 4.46514 4.46528 4.46517 4.4648 4.46419 4.46334 4.46225 4.46093 4.4594 4.45767 4.45574 4.45365 4.45139 4.44899 4.44648 4.44385 4.44115 4.43837 4.43555 4.4327 4.42984 4.42699 4.42416 4.42137 4.41864 4.41597 4.41338 4.41089 4.40849 4.4062 4.40403 4.40198 4.40005 4.39825 4.39658 4.39503 4.39362 4.39233 4.39116 4.39012 4.3892 4.38839 4.38769 4.38709 4.3866 4.38621 4.38591 4.3857 4.38557 4.38553 4.38557 
4.37919 4.37939 4.37969 4.38006 4.38053 4.38109 4.38174 4.38249 4.38333 4.38428 4.38534 4.3865 4.38778 4.38919 4.39071 4.39236 4.39414 4.39605 4.39809 4.40026 4.40256 4.40499 4.40755 4.41022 4.413 4.41588 4.41886 4.42191 4.42503 4.42821 4.43142 4.43465 4.43788 4.4411 4.44427 4.44739 4.45043 4.45337 4.45619 4.45887 4.46139 4.46374 4.46589 4.46783 4.46954 4.47101 4.47223 4.4732 4.47389 4.47432 4.47447 4.47434 4.47393 4.47326 4.47232 4.47112 4.46968 4.46799 4.46609 4.46398 4.46167 4.45919 4.45656 4.45379 4.45091 4.44793 4.44488 4.44178 4.43864 4.43549 4.43234 4.42922 4.42615 4.42312 4.42018 4.41732 4.41455 4.4119 4.40936 4.40695 4.40467 4.40252 4.40052 4.39865 4.39693 4.39534 4.3939 4.39259 4.39142 4.39037 4.38946 4.38866 4.38798 4.38741 4.38696 4.3866 4.38634 4.38619 4.38612 4.38614 
4.37981 4.38002 4.38032 4.38072 4.38123 4.38183 4.38254 4.38336 4.38429 4.38534 4.3865 4.38779 4.38921 4.39076 4.39245 4.39428 4.39625 4.39837 4.40063 4.40304 4.40559 4.40828 4.41111 4.41407 4.41715 4.42034 4.42362 4.427 4.43045 4.43395 4.43749 4.44106 4.44462 4.44815 4.45165 4.45508 4.45842 4.46165 4.46475 4.46769 4.47045 4.47302 4.47538 4.4775 4.47937 4.48098 4.48232 4.48337 4.48413 4.48459 4.48475 4.4846 4.48415 4.48341 4.48237 4.48105 4.47946 4.47761 4.47552 4.47319 4.47066 4.46794 4.46504 4.46199 4.45882 4.45554 4.45218 4.44876 4.4453 4.44182 4.43835 4.4349 4.4315 4.42816 4.4249 4.42173 4.41867 4.41572 4.4129 4.41022 4.40769 4.4053 4.40306 4.40098 4.39905 4.39728 4.39566 4.39419 4.39287 4.39169 4.39065 4.38974 4.38896 4.38831 4.38778 4.38736 4.38706 4.38686 4.38676 4.38677 
4.38048 4.38069 4.38102 4.38145 4.38199 4.38265 4.38343 4.38433 4.38535 4.3865 4.38779 4.38922 4.39079 4.39251 4.39438 4.39641 4.3986 4.40095 4.40346 4.40613 4.40896 4.41195 4.41508 4.41835 4.42176 4.42529 4.42893 4.43266 4.43647 4.44034 4.44424 4.44817 4.45209 4.45599 4.45984 4.46361 4.46728 4.47083 4.47423 4.47746 4.48049 4.48331 4.48589 4.48821 4.49026 4.49203 4.49349 4.49463 4.49546 4.49596 4.49612 4.49596 4.49546 4.49464 4.4935 4.49205 4.4903 4.48826 4.48596 4.48341 4.48062 4.47762 4.47443 4.47108 4.46759 4.46398 4.46027 4.4565 4.45269 4.44885 4.44502 4.44121 4.43745 4.43376 4.43015 4.42663 4.42324 4.41997 4.41684 4.41387 4.41104 4.40838 4.40589 4.40357 4.40141 4.39943 4.39761 4.39596 4.39447 4.39314 4.39196 4.39093 4.39005 4.3893 4.38869 4.3882 4.38784 4.38759 4.38747 4.38746 
4.38122 4.38143 4.38177 4.38223 4.38283 4.38354 4.3844 4.38538 4.38651 4.38778 4.38921 4.39079 4.39253 4.39444 4.39652 4.39877 4.40119 4.4038 4.40659 4.40955 4.41268 4.41599 4.41946 4.42309 4.42686 4.43076 4.43478 4.4389 4.4431 4.44737 4.45168 4.456 4.46032 4.46461 4.46884 4.47298 4.47702 4.48091 4.48464 4.48818 4.49151 4.4946 4.49742 4.49996 4.50221 4.50413 4.50573 4.50698 4.50788 4.50842 4.50859 4.50841 4.50786 4.50695 4.5057 4.5041 4.50218 4.49995 4.49741 4.49461 4.49155 4.48825 4.48475 4.48106 4.47722 4.47325 4.46917 4.46501 4.46081 4.45658 4.45235 4.44815 4.444 4.43992 4.43592 4.43204 4.42828 4.42466 4.42119 4.41788 4.41474 4.41178 4.40901 4.40641 4.40401 4.40179 4.39975 4.3979 4.39623 4.39473 4.3934 4.39224 4.39123 4.39038 4.38967 4.38911 4.38869 4.38839 4.38823 4.3882 
4.38201 4.38223 4.38259 4.38309 4.38373 4.38452 4.38545 4.38654 4.38778 4.38919 4.39076 4.39251 4.39444 4.39655 4.39885 4.40135 4.40404 4.40693 4.41001 4.41329 4.41676 4.42042 4.42426 4.42827 4.43243 4.43674 4.44117 4.44572 4.45035 4.45505 4.45979 4.46455 4.4693 4.47401 4.47866 4.4832 4.48763 4.4919 4.49599 4.49986 4.5035 4.50688 4.50997 4.51275 4.5152 4.5173 4.51904 4.5204 4.52138 4.52196 4.52215 4.52194 4.52134 4.52034 4.51896 4.51721 4.5151 4.51265 4.50988 4.5068 4.50344 4.49982 4.49598 4.49193 4.48771 4.48335 4.47887 4.4743 4.46967 4.46502 4.46036 4.45573 4.45115 4.44665 4.44224 4.43795 4.43379 4.42978 4.42594 4.42227 4.41879 4.4155 4.41242 4.40953 4.40685 4.40437 4.4021 4.40003 4.39815 4.39647 4.39498 4.39366 4.39252 4.39155 4.39075 4.3901 4.38961 4.38926 4.38906 4.389 
4.38286 4.38309 4.38347 4.38401 4.38471 4.38557 4.38659 4.38779 4.38916 4.39071 4.39245 4.39438 4.39652 4.39885 4.4014 4.40416 4.40714 4.41033 4.41374 4.41737 4.4212 4.42525 4.42948 4.4339 4.43849 4.44324 4.44813 4.45313 4.45822 4.46339 4.4686 4.47382 4.47903 4.4842 4.48929 4.49427 4.49911 4.50378 4.50825 4.51249 4.51646 4.52015 4.52352 4.52655 4.52922 4.53151 4.5334 4.53488 4.53594 4.53658 4.53678 4.53654 4.53588 4.53479 4.53328 4.53136 4.52905 4.52637 4.52333 4.51996 4.51629 4.51233 4.50812 4.50369 4.49906 4.49428 4.48936 4.48435 4.47927 4.47416 4.46904 4.46395 4.45891 4.45395 4.44909 4.44436 4.43977 4.43535 4.4311 4.42704 4.42319 4.41955 4.41612 4.41292 4.40994 4.40719 4.40465 4.40234 4.40025 4.39836 4.39668 4.39521 4.39392 4.39283 4.39191 4.39117 4.3906 4.3902 4.38996 4.38987 
4.38379 4.38402 4.38443 4.38501 4.38577 4.38671 4.38783 4.38914 4.39065 4.39236 4.39428 4.39641 4.39877 4.40135 4.40416 4.40721 4.4105 4.41402 4.41778 4.42178 4.42601 4.43046 4.43513 4.43999 4.44505 4.45026 4.45563 4.46112 4.46671 4.47238 4.47808 4.4838 4.48951 4.49516 4.50072 4.50616 4.51145 4.51655 4.52142 4.52604 4.53037 4.53439 4.53805 4.54135 4.54426 4.54674 4.5488 4.55041 4.55156 4.55224 4.55245 4.55219 4.55146 4.55027 4.54862 4.54653 4.54401 4.54108 4.53777 4.53409 4.53008 4.52576 4.52116 4.51632 4.51126 4.50603 4.50065 4.49516 4.4896 4.484 4.47839 4.47281 4.46727 4.46182 4.45648 4.45128 4.44623 4.44136 4.43667 4.4322 4.42795 4.42392 4.42013 4.41659 4.41328 4.41023 4.40741 4.40484 4.40251 4.40041 4.39853 4.39688 4.39543 4.3942 4.39317 4.39233 4.39168 4.39121 4.39092 4.39081 
4.38477 4.38502 4.38545 4.38608 4.3869 4.38793 4.38916 4.3906 4.39226 4.39414 4.39625 4.3986 4.40119 4.40404 4.40714 4.4105 4.41411 4.418 4.42214 4.42654 4.43119 4.43608 4.4412 4.44654 4.45208 4.4578 4.46368 4.4697 4.47581 4.48201 4.48824 4.49449 4.50072 4.50688 4.51294 4.51887 4.52463 4.53018 4.53548 4.5405 4.54521 4.54957 4.55355 4.55713 4.56028 4.56298 4.5652 4.56695 4.56819 4.56893 4.56915 4.56886 4.56806 4.56676 4.56497 4.56269 4.55995 4.55676 4.55316 4.54915 4.54479 4.54008 4.53507 4.5298 4.52429 4.51858 4.51271 4.50672 4.50065 4.49453 4.4884 4.48229 4.47623 4.47026 4.46441 4.4587 4.45316 4.44781 4.44266 4.43774 4.43306 4.42862 4.42444 4.42053 4.41688 4.4135 4.41038 4.40753 4.40494 4.4026 4.40051 4.39867 4.39706 4.39568 4.39451 4.39357 4.39283 4.39229 4.39195 4.39181 
4.38583 4.38608 4.38655 4.38723 4.38812 4.38924 4.39059 4.39216 4.39398 4.39605 4.39837 4.40095 4.4038 4.40693 4.41033 4.41402 4.418 4.42226 4.4268 4.43163 4.43673 4.44209 4.4477 4.45354 4.4596 4.46586 4.47228 4.47884 4.48552 4.49227 4.49907 4.50587 4.51264 4.51935 4.52594 4.53238 4.53863 4.54465 4.5504 4.55585 4.56095 4.56567 4.56998 4.57385 4.57726 4.58017 4.58258 4.58446 4.5858 4.58659 4.58683 4.58651 4.58564 4.58423 4.58228 4.57981 4.57683 4.57338 4.56947 4.56513 4.56038 4.55528 4.54984 4.54411 4.53812 4.53191 4.52553 4.51902 4.5124 4.50574 4.49905 4.49239 4.48578 4.47926 4.47287 4.46662 4.46056 4.4547 4.44906 4.44366 4.43852 4.43365 4.42906 4.42475 4.42073 4.417 4.41356 4.41041 4.40754 4.40496 4.40264 4.40059 4.3988 4.39726 4.39596 4.39489 4.39406 4.39345 4.39306 4.39288 
4.38696 4.38722 4.38772 4.38845 4.38942 4.39064 4.39211 4.39384 4.39583 4.39809 4.40063 4.40346 4.40659 4.41001 4.41374 4.41778 4.42214 4.4268 4.43178 4.43705 4.44263 4.44848 4.45461 4.46099 4.4676 4.47441 4.48141 4.48855 4.49581 4.50315 4.51053 4.51792 4.52527 4.53253 4.53968 4.54666 4.55342 4.55993 4.56615 4.57203 4.57754 4.58264 4.58729 4.59147 4.59514 4.59828 4.60087 4.6029 4.60434 4.60519 4.60544 4.60509 4.60415 4.60262 4.60051 4.59784 4.59463 4.59089 4.58666 4.58196 4.57684 4.57131 4.56542 4.55921 4.55273 4.546 4.53908 4.53202 4.52484 4.5176 4.51033 4.50309 4.4959 4.4888 4.48183 4.47503 4.46841 4.46201 4.45585 4.44995 4.44433 4.439 4.43396 4.42924 4.42483 4.42073 4.41695 4.41348 4.41032 4.40747 4.40491 4.40264 4.40065 4.39894 4.39749 4.39631 4.39537 4.39468 4.39424 4.39403 
4.38816 4.38843 4.38896 4.38975 4.39081 4.39213 4.39373 4.39562 4.39779 4.40026 4.40304 4.40613 4.40955 4.41329 4.41737 4.42178 4.42654 4.43163 4.43705 4.44281 4.44888 4.45526 4.46193 4.46886 4.47605 4.48345 4.49105 4.4988 4.50667 4.51462 4.52262 4.53061 4.53856 4.54641 4.55413 4.56166 4.56896 4.57598 4.58269 4.58902 4.59495 4.60044 4.60545 4.60994 4.61388 4.61726 4.62004 4.62221 4.62376 4.62467 4.62493 4.62455 4.62354 4.62189 4.61961 4.61673 4.61327 4.60924 4.60468 4.59962 4.59409 4.58813 4.58178 4.57508 4.56808 4.56081 4.55333 4.54569 4.53792 4.53008 4.52222 4.51436 4.50657 4.49887 4.4913 4.48391 4.47671 4.46975 4.46304 4.45661 4.45048 4.44466 4.43916 4.434 4.42917 4.42469 4.42054 4.41674 4.41327 4.41013 4.40731 4.40481 4.40262 4.40073 4.39912 4.39781 4.39676 4.39599 4.39549 4.39524 
4.38943 4.38971 4.39028 4.39113 4.39227 4.39371 4.39545 4.3975 4.39987 4.40256 4.40559 4.40896 4.41268 4.41676 4.4212 4.42601 4.43119 4.43673 4.44263 4.44888 4.45548 4.4624 4.46964 4.47716 4.48494 4.49296 4.50118 4.50956 4.51807 4.52666 4.53529 4.54391 4.55247 4.56094 4.56925 4.57735 4.5852 4.59275 4.59995 4.60676 4.61312 4.61901 4.62438 4.62919 4.63342 4.63704 4.64002 4.64234 4.64399 4.64496 4.64524 4.64483 4.64373 4.64196 4.63952 4.63643 4.63271 4.62838 4.62349 4.61805 4.61211 4.6057 4.59887 4.59166 4.58412 4.5763 4.56824 4.56 4.55163 4.54317 4.53467 4.52619 4.51776 4.50943 4.50124 4.49323 4.48544 4.47789 4.47061 4.46363 4.45696 4.45063 4.44465 4.43902 4.43376 4.42886 4.42434 4.42018 4.41638 4.41294 4.40986 4.40711 4.4047 4.40262 4.40085 4.39939 4.39824 4.39738 4.39681 4.39653 
4.39076 4.39106 4.39167 4.39259 4.39382 4.39538 4.39727 4.3995 4.40207 4.40499 4.40828 4.41195 4.41599 4.42042 4.42525 4.43046 4.43608 4.44209 4.44848 4.45526 4.4624 4.46989 4.47772 4.48585 4.49426 4.50291 4.51177 4.52081 4.52997 4.53922 4.54851 4.55778 4.56698 4.57607 4.58498 4.59368 4.6021 4.61018 4.6179 4.62518 4.63199 4.63829 4.64402 4.64917 4.65368 4.65754 4.66072 4.6632 4.66496 4.66599 4.66629 4.66585 4.66467 4.66277 4.66016 4.65685 4.65287 4.64824 4.643 4.63718 4.63081 4.62395 4.61663 4.6089 4.60081 4.59241 4.58376 4.57491 4.56591 4.55681 4.54767 4.53853 4.52945 4.52047 4.51164 4.50299 4.49457 4.48641 4.47853 4.47097 4.46375 4.45689 4.4504 4.44429 4.43857 4.43325 4.42833 4.4238 4.41966 4.4159 4.41253 4.40953 4.40689 4.40461 4.40267 4.40107 4.39979 4.39884 4.39821 4.39788 
4.39217 4.39248 4.39313 4.39412 4.39545 4.39714 4.39918 4.40159 4.40437 4.40755 4.41111 4.41508 4.41946 4.42426 4.42948 4.43513 4.4412 4.4477 4.45461 4.46193 4.46964 4.47772 4.48615 4.49491 4.50396 4.51327 4.5228 4.53251 4.54235 4.55227 4.56223 4.57217 4.58202 4.59175 4.60129 4.61058 4.61958 4.62822 4.63645 4.64422 4.65148 4.65819 4.66431 4.66979 4.6746 4.67871 4.68209 4.68472 4.68659 4.68769 4.688 4.68752 4.68627 4.68424 4.68145 4.67792 4.67368 4.66874 4.66315 4.65694 4.65014 4.64281 4.63499 4.62673 4.61808 4.6091 4.59984 4.59036 4.58072 4.57097 4.56116 4.55135 4.5416 4.53195 4.52245 4.51315 4.50408 4.49528 4.48679 4.47864 4.47084 4.46343 4.45641 4.4498 4.44361 4.43784 4.4325 4.42758 4.42309 4.41901 4.41534 4.41207 4.40919 4.4067 4.40458 4.40282 4.40143 4.40038 4.39967 4.39931 
4.39365 4.39397 4.39466 4.39572 4.39716 4.39898 4.40118 4.40378 4.40679 4.41022 4.41407 4.41835 4.42309 4.42827 4.4339 4.43999 4.44654 4.45354 4.46099 4.46886 4.47716 4.48585 4.49491 4.50431 4.51403 4.52401 4.53423 4.54462 4.55516 4.56577 4.57641 4.58703 4.59755 4.60793 4.6181 4.62801 4.63759 4.64678 4.65554 4.66381 4.67153 4.67866 4.68515 4.69097 4.69607 4.70043 4.70402 4.70681 4.7088 4.70995 4.71028 4.70977 4.70844 4.70628 4.70332 4.69957 4.69505 4.68981 4.68386 4.67725 4.67002 4.66222 4.65389 4.64509 4.63588 4.6263 4.61642 4.60631 4.596 4.58558 4.5751 4.56461 4.55417 4.54383 4.53365 4.52367 4.51394 4.50449 4.49537 4.4866 4.47821 4.47022 4.46266 4.45553 4.44885 4.44262 4.43685 4.43153 4.42666 4.42225 4.41827 4.41472 4.41159 4.40888 4.40657 4.40466 4.40313 4.40199 4.40121 4.4008 
4.39518 4.39552 4.39626 4.3974 4.39894 4.40089 4.40327 4.40607 4.40931 4.413 4.41715 4.42176 4.42686 4.43243 4.43849 4.44505 4.45208 4.4596 4.4676 4.47605 4.48494 4.49426 4.50396 4.51403 4.52442 4.53509 4.546 4.5571 4.56834 4.57966 4.591 4.6023 4.6135 4.62454 4.63535 4.64587 4.65604 4.6658 4.67509 4.68385 4.69204 4.69959 4.70646 4.71262 4.71802 4.72263 4.72643 4.72938 4.73147 4.73269 4.73304 4.7325 4.73108 4.72879 4.72566 4.72168 4.7169 4.71134 4.70504 4.69803 4.69037 4.68209 4.67325 4.66391 4.65412 4.64394 4.63344 4.62267 4.61171 4.6006 4.58943 4.57824 4.5671 4.55606 4.54519 4.53452 4.52411 4.51399 4.50422 4.49482 4.48582 4.47725 4.46913 4.46147 4.45428 4.44758 4.44136 4.43563 4.43038 4.42561 4.42131 4.41747 4.41409 4.41115 4.40865 4.40657 4.40491 4.40366 4.40281 4.40236 
4.39678 4.39714 4.39792 4.39914 4.40079 4.40288 4.40543 4.40844 4.41192 4.41588 4.42034 4.42529 4.43076 4.43674 4.44324 4.45026 4.4578 4.46586 4.47441 4.48345 4.49296 4.50291 4.51327 4.52401 4.53509 4.54647 4.55809 4.5699 4.58185 4.59388 4.60592 4.61792 4.6298 4.6415 4.65296 4.6641 4.67487 4.68519 4.69501 4.70427 4.71292 4.72089 4.72815 4.73465 4.74034 4.74521 4.7492 4.75232 4.75452 4.75581 4.75616 4.75559 4.75409 4.75168 4.74837 4.74417 4.73913 4.73325 4.72659 4.71919 4.71109 4.70233 4.69298 4.68309 4.67273 4.66194 4.65081 4.63939 4.62776 4.61597 4.6041 4.5922 4.58035 4.56861 4.55702 4.54565 4.53455 4.52376 4.51332 4.50328 4.49366 4.48449 4.47579 4.46759 4.45988 4.45269 4.44602 4.43986 4.43422 4.42908 4.42446 4.42032 4.41668 4.41351 4.4108 4.40856 4.40676 4.4054 4.40447 4.40397 
4.39843 4.39881 4.39964 4.40094 4.4027 4.40494 4.40767 4.41089 4.41461 4.41886 4.42362 4.42893 4.43478 4.44117 4.44813 4.45563 4.46368 4.47228 4.48141 4.49105 4.50118 4.51177 4.5228 4.53423 4.546 4.55809 4.57042 4.58295 4.59562 4.60837 4.62112 4.63381 4.64638 4.65875 4.67085 4.68261 4.69397 4.70486 4.71521 4.72497 4.73407 4.74247 4.75011 4.75694 4.76293 4.76805 4.77225 4.77552 4.77783 4.77918 4.77955 4.77895 4.77738 4.77484 4.77135 4.76694 4.76162 4.75544 4.74843 4.74063 4.73209 4.72286 4.713 4.70256 4.69162 4.68023 4.66847 4.6564 4.64409 4.63161 4.61903 4.60643 4.59386 4.5814 4.5691 4.55702 4.54522 4.53374 4.52264 4.51194 4.50169 4.49191 4.48263 4.47386 4.46563 4.45794 4.4508 4.44421 4.43816 4.43266 4.4277 4.42326 4.41934 4.41593 4.41302 4.4106 4.40866 4.40719 4.40619 4.40565 
4.40013 4.40052 4.40141 4.40279 4.40467 4.40706 4.40997 4.41341 4.41738 4.42191 4.427 4.43266 4.4389 4.44572 4.45313 4.46112 4.4697 4.47884 4.48855 4.4988 4.50956 4.52081 4.53251 4.54462 4.5571 4.5699 4.58295 4.59621 4.6096 4.62306 4.63652 4.64991 4.66316 4.6762 4.68894 4.70132 4.71327 4.72472 4.7356 4.74585 4.75541 4.76422 4.77223 4.7794 4.78568 4.79104 4.79545 4.79887 4.8013 4.80271 4.8031 4.80246 4.80081 4.79815 4.79449 4.78986 4.78428 4.77779 4.77043 4.76224 4.75327 4.74357 4.7332 4.72223 4.71071 4.69872 4.68633 4.6736 4.66062 4.64745 4.63418 4.62086 4.60758 4.59439 4.58138 4.56858 4.55608 4.54391 4.53212 4.52076 4.50987 4.49947 4.4896 4.48027 4.47151 4.46331 4.45569 4.44866 4.4422 4.43632 4.43102 4.42627 4.42207 4.41842 4.4153 4.4127 4.41062 4.40904 4.40795 4.40736 
4.40187 4.40228 4.40322 4.40468 4.40668 4.40923 4.41232 4.41598 4.42021 4.42503 4.43045 4.43647 4.4431 4.45035 4.45822 4.46671 4.47581 4.48552 4.49581 4.50667 4.51807 4.52997 4.54235 4.55516 4.56834 4.58185 4.59562 4.6096 4.62371 4.63789 4.65205 4.66614 4.68007 4.69376 4.70714 4.72013 4.73267 4.74467 4.75607 4.76681 4.77681 4.78603 4.79442 4.80191 4.80848 4.81408 4.81869 4.82226 4.8248 4.82627 4.82668 4.82601 4.82429 4.8215 4.81767 4.81283 4.807 4.80021 4.79251 4.78393 4.77453 4.76437 4.7535 4.74199 4.72991 4.71732 4.7043 4.69093 4.67728 4.66343 4.64945 4.63542 4.62142 4.60752 4.59378 4.58028 4.56706 4.5542 4.54173 4.52971 4.51817 4.50715 4.49668 4.48679 4.47748 4.46877 4.46067 4.45319 4.44632 4.44006 4.4344 4.42934 4.42486 4.42097 4.41763 4.41485 4.41262 4.41093 4.40976 4.40913 
4.40365 4.40408 4.40507 4.40662 4.40874 4.41143 4.41472 4.4186 4.4231 4.42821 4.43395 4.44034 4.44737 4.45505 4.46339 4.47238 4.48201 4.49227 4.50315 4.51462 4.52666 4.53922 4.55227 4.56577 4.57966 4.59388 4.60837 4.62306 4.63789 4.65277 4.66764 4.68241 4.69701 4.71135 4.72536 4.73896 4.75207 4.76461 4.77653 4.78774 4.79818 4.80781 4.81655 4.82437 4.83122 4.83706 4.84185 4.84558 4.84822 4.84975 4.85018 4.84948 4.84768 4.84478 4.84079 4.83574 4.82966 4.82258 4.81454 4.80558 4.79577 4.78515 4.77379 4.76176 4.74911 4.73594 4.7223 4.70829 4.69398 4.67945 4.66478 4.65005 4.63534 4.62072 4.60626 4.59205 4.57813 4.56456 4.55142 4.53873 4.52655 4.51491 4.50384 4.49337 4.48352 4.4743 4.46572 4.45778 4.45049 4.44385 4.43784 4.43246 4.4277 4.42355 4.42 4.41704 4.41466 4.41285 4.41161 4.41092 
4.40545 4.4059 4.40694 4.40858 4.41082 4.41367 4.41715 4.42126 4.42601 4.43142 4.43749 4.44424 4.45168 4.45979 4.4686 4.47808 4.48824 4.49907 4.51053 4.52262 4.53529 4.54851 4.56223 4.57641 4.591 4.60592 4.62112 4.63652 4.65205 4.66764 4.6832 4.69865 4.7139 4.72889 4.74351 4.7577 4.77137 4.78445 4.79686 4.80853 4.81941 4.82942 4.83852 4.84665 4.85377 4.85984 4.86483 4.8687 4.87144 4.87304 4.87348 4.87276 4.87088 4.86787 4.86372 4.85847 4.85214 4.84478 4.83641 4.82709 4.81687 4.80581 4.79397 4.78142 4.76823 4.75448 4.74024 4.7256 4.71064 4.69544 4.68008 4.66466 4.64924 4.63392 4.61875 4.60383 4.58921 4.57496 4.56113 4.54779 4.53496 4.5227 4.51103 4.49999 4.4896 4.47986 4.4708 4.46241 4.4547 4.44767 4.44131 4.43561 4.43056 4.42616 4.4224 4.41926 4.41673 4.4148 4.41347 4.41274 
4.40727 4.40774 4.40883 4.41056 4.41292 4.41593 4.4196 4.42393 4.42895 4.43465 4.44106 4.44817 4.456 4.46455 4.47382 4.4838 4.49449 4.50587 4.51792 4.53061 4.54391 4.55778 4.57217 4.58703 4.6023 4.61792 4.63381 4.64991 4.66614 4.68241 4.69865 4.71476 4.73066 4.74627 4.76149 4.77626 4.79047 4.80407 4.81697 4.82909 4.84038 4.85078 4.86022 4.86865 4.87603 4.88232 4.88749 4.89151 4.89435 4.896 4.89646 4.89571 4.89377 4.89064 4.88635 4.8809 4.87434 4.8667 4.85802 4.84834 4.83773 4.82624 4.81393 4.80088 4.78716 4.77285 4.75802 4.74277 4.72717 4.71131 4.69529 4.67918 4.66307 4.64705 4.63119 4.61557 4.60026 4.58532 4.57083 4.55683 4.54336 4.53048 4.51823 4.50662 4.49568 4.48543 4.47589 4.46705 4.45892 4.4515 4.44479 4.43877 4.43344 4.42879 4.42481 4.42149 4.41881 4.41677 4.41536 4.41458 
4.40909 4.40958 4.41073 4.41254 4.41503 4.41819 4.42205 4.42661 4.43188 4.43788 4.44462 4.45209 4.46032 4.4693 4.47903 4.48951 4.50072 4.51264 4.52527 4.53856 4.55247 4.56698 4.58202 4.59755 4.6135 4.6298 4.64638 4.66316 4.68007 4.69701 4.7139 4.73066 4.74719 4.7634 4.77921 4.79453 4.80928 4.82338 4.83674 4.84931 4.861 4.87176 4.88153 4.89025 4.89789 4.90439 4.90973 4.91389 4.91682 4.91853 4.919 4.91824 4.91623 4.913 4.90856 4.90293 4.89614 4.88824 4.87925 4.86924 4.85824 4.84634 4.83358 4.82005 4.80581 4.79095 4.77555 4.7597 4.74348 4.72699 4.71031 4.69354 4.67675 4.66005 4.6435 4.6272 4.61121 4.5956 4.58045 4.5658 4.55171 4.53822 4.52538 4.51321 4.50174 4.49098 4.48096 4.47167 4.46313 4.45533 4.44827 4.44194 4.43632 4.43143 4.42723 4.42372 4.42089 4.41874 4.41725 4.41642 
4.41091 4.41142 4.41262 4.41452 4.41713 4.42045 4.42449 4.42928 4.43481 4.4411 4.44815 4.45599 4.46461 4.47401 4.4842 4.49516 4.50688 4.51935 4.53253 4.54641 4.56094 4.57607 4.59175 4.60793 4.62454 4.6415 4.65875 4.6762 4.69376 4.71135 4.72889 4.74627 4.7634 4.7802 4.79658 4.81244 4.82769 4.84227 4.85609 4.86907 4.88115 4.89226 4.90234 4.91134 4.91922 4.92593 4.93144 4.93572 4.93875 4.94052 4.94101 4.94021 4.93815 4.93482 4.93024 4.92443 4.91743 4.90927 4.9 4.88966 4.8783 4.866 4.85281 4.83881 4.82408 4.80869 4.79274 4.77631 4.75949 4.74238 4.72507 4.70765 4.6902 4.67283 4.65562 4.63865 4.622 4.60574 4.58994 4.57466 4.55995 4.54587 4.53245 4.51973 4.50773 4.49648 4.48598 4.47626 4.46731 4.45913 4.45172 4.44508 4.43919 4.43404 4.42963 4.42594 4.42297 4.4207 4.41913 4.41825 
4.41272 4.41324 4.4145 4.41648 4.41921 4.42268 4.42691 4.43191 4.4377 4.44427 4.45165 4.45984 4.46884 4.47866 4.48929 4.50072 4.51294 4.52594 4.53968 4.55413 4.56925 4.58498 4.60129 4.6181 4.63535 4.65296 4.67085 4.68894 4.70714 4.72536 4.74351 4.76149 4.77921 4.79658 4.81349 4.82987 4.84561 4.86065 4.8749 4.88828 4.90072 4.91217 4.92255 4.93182 4.93993 4.94683 4.95251 4.95691 4.96003 4.96185 4.96235 4.96154 4.95941 4.95599 4.95128 4.94531 4.9381 4.92971 4.92015 4.9095 4.8978 4.88511 4.87151 4.85707 4.84186 4.82597 4.80949 4.79251 4.77511 4.75741 4.73948 4.72143 4.70336 4.68534 4.66749 4.64987 4.63257 4.61568 4.59925 4.58335 4.56805 4.55338 4.5394 4.52614 4.51363 4.50189 4.49093 4.48078 4.47143 4.46288 4.45513 4.44818 4.44201 4.43663 4.43201 4.42814 4.42502 4.42264 4.421 4.42007 
4.41449 4.41504 4.41634 4.41841 4.42126 4.42488 4.42929 4.43451 4.44054 4.44739 4.45508 4.46361 4.47298 4.4832 4.49427 4.50616 4.51887 4.53238 4.54666 4.56166 4.57735 4.59368 4.61058 4.62801 4.64587 4.6641 4.68261 4.70132 4.72013 4.73896 4.7577 4.77626 4.79453 4.81244 4.82987 4.84673 4.86295 4.87842 4.89308 4.90684 4.91963 4.93139 4.94206 4.95158 4.95991 4.967 4.97282 4.97734 4.98054 4.98241 4.98293 4.9821 4.97992 4.97641 4.97158 4.96545 4.95805 4.94943 4.93962 4.92867 4.91664 4.90359 4.8896 4.87473 4.85907 4.84271 4.82572 4.8082 4.79026 4.77198 4.75347 4.73482 4.71613 4.6975 4.67902 4.66078 4.64286 4.62535 4.60832 4.59183 4.57594 4.56071 4.54619 4.5324 4.51939 4.50718 4.49577 4.4852 4.47546 4.46655 4.45847 4.45122 4.44479 4.43917 4.43434 4.4303 4.42705 4.42456 4.42283 4.42187 
4.41623 4.41679 4.41815 4.4203 4.42326 4.42702 4.43161 4.43704 4.4433 4.45043 4.45842 4.46728 4.47702 4.48763 4.49911 4.51145 4.52463 4.53863 4.55342 4.56896 4.5852 4.6021 4.61958 4.63759 4.65604 4.67487 4.69397 4.71327 4.73267 4.75207 4.77137 4.79047 4.80928 4.82769 4.84561 4.86295 4.8796 4.89549 4.91053 4.92465 4.93777 4.94983 4.96076 4.97052 4.97905 4.98632 4.99228 4.99692 5.0002 5.00211 5.00264 5.0018 4.99957 4.99598 4.99103 4.98475 4.97718 4.96834 4.95829 4.94706 4.93473 4.92134 4.90698 4.89171 4.87562 4.8588 4.84133 4.82331 4.80484 4.78602 4.76695 4.74773 4.72846 4.70924 4.69016 4.67133 4.65281 4.63471 4.61709 4.60003 4.58359 4.56782 4.55277 4.53848 4.52498 4.51231 4.50048 4.4895 4.47938 4.47012 4.46173 4.45419 4.44749 4.44164 4.43662 4.43242 4.42902 4.42643 4.42463 4.42362 
4.41791 4.4185 4.4199 4.42213 4.4252 4.4291 4.43386 4.43949 4.44598 4.45337 4.46165 4.47083 4.48091 4.4919 4.50378 4.51655 4.53018 4.54465 4.55993 4.57598 4.59275 4.61018 4.62822 4.64678 4.6658 4.68519 4.70486 4.72472 4.74467 4.76461 4.78445 4.80407 4.82338 4.84227 4.86065 4.87842 4.89549 4.91177 4.92717 4.94163 4.95505 4.96739 4.97858 4.98855 4.99728 5.00471 5.0108 5.01554 5.0189 5.02085 5.0214 5.02054 5.01827 5.0146 5.00954 5.00313 4.99539 4.98636 4.97607 4.96459 4.95196 4.93826 4.92355 4.90791 4.89142 4.87417 4.85625 4.83776 4.81879 4.79946 4.77986 4.76009 4.74027 4.72049 4.70085 4.68144 4.66236 4.6437 4.62553 4.60792 4.59094 4.57465 4.5591 4.54433 4.53037 4.51726 4.50501 4.49365 4.48316 4.47357 4.46487 4.45705 4.45011 4.44404 4.43882 4.43446 4.43093 4.42824 4.42637 4.42532 
4.41954 4.42014 4.42159 4.4239 4.42706 4.4311 4.43602 4.44184 4.44856 4.45619 4.46475 4.47423 4.48464 4.49599 4.50825 4.52142 4.53548 4.5504 4.56615 4.58269 4.59995 4.6179 4.63645 4.65554 4.67509 4.69501 4.71521 4.7356 4.75607 4.77653 4.79686 4.81697 4.83674 4.85609 4.8749 4.89308 4.91053 4.92717 4.94292 4.95768 4.97139 4.98399 4.99541 5.00559 5.01449 5.02207 5.02829 5.03312 5.03655 5.03855 5.03911 5.03823 5.03592 5.03218 5.02703 5.02049 5.0126 5.00338 4.99288 4.98116 4.96827 4.95427 4.93924 4.92324 4.90638 4.88873 4.87039 4.85145 4.83202 4.81221 4.79211 4.77183 4.75149 4.73118 4.71101 4.69107 4.67145 4.65226 4.63356 4.61543 4.59795 4.58117 4.56514 4.54991 4.53552 4.52199 4.50935 4.49761 4.48679 4.47688 4.46788 4.4598 4.45262 4.44634 4.44094 4.43642 4.43277 4.42998 4.42805 4.42696 
4.42108 4.4217 4.4232 4.42558 4.42884 4.43301 4.43808 4.44408 4.451 4.45887 4.46769 4.47746 4.48818 4.49986 4.51249 4.52604 4.5405 4.55585 4.57203 4.58902 4.60676 4.62518 4.64422 4.66381 4.68385 4.70427 4.72497 4.74585 4.76681 4.78774 4.80853 4.82909 4.84931 4.86907 4.88828 4.90684 4.92465 4.94163 4.95768 4.97273 4.98671 4.99954 5.01117 5.02155 5.03061 5.03833 5.04467 5.04959 5.05307 5.05511 5.05569 5.0548 5.05245 5.04864 5.0434 5.03675 5.02871 5.01933 5.00864 4.9967 4.98356 4.96929 4.95395 4.93764 4.92043 4.90241 4.88367 4.86432 4.84446 4.8242 4.80364 4.78289 4.76206 4.74126 4.72059 4.70014 4.68003 4.66034 4.64115 4.62254 4.60458 4.58734 4.57086 4.5552 4.5404 4.52648 4.51346 4.50138 4.49022 4.48001 4.47074 4.46241 4.455 4.44852 4.44296 4.4383 4.43453 4.43164 4.42964 4.42852 
4.42254 4.42318 4.42472 4.42716 4.43052 4.4348 4.44002 4.44619 4.45331 4.46139 4.47045 4.48049 4.49151 4.5035 4.51646 4.53037 4.54521 4.56095 4.57754 4.59495 4.61312 4.63199 4.65148 4.67153 4.69204 4.71292 4.73407 4.75541 4.77681 4.79818 4.81941 4.84038 4.861 4.88115 4.90072 4.91963 4.93777 4.95505 4.97139 4.98671 5.00093 5.01398 5.02581 5.03635 5.04557 5.05341 5.05985 5.06485 5.0684 5.07047 5.07106 5.07016 5.06777 5.06391 5.05859 5.05184 5.04367 5.03413 5.02327 5.01112 4.99776 4.98324 4.96763 4.95102 4.93349 4.91513 4.89603 4.87631 4.85605 4.83537 4.81439 4.7932 4.77192 4.75066 4.72953 4.70862 4.68804 4.66789 4.64824 4.62918 4.61078 4.59311 4.57621 4.56015 4.54496 4.53068 4.51732 4.50491 4.49345 4.48296 4.47343 4.46486 4.45725 4.45058 4.44486 4.44006 4.43618 4.43321 4.43115 4.42999 
4.42391 4.42456 4.42613 4.42864 4.43208 4.43648 4.44183 4.44815 4.45545 4.46374 4.47302 4.48331 4.4946 4.50688 4.52015 4.53439 4.54957 4.56567 4.58264 4.60044 4.61901 4.63829 4.65819 4.67866 4.69959 4.72089 4.74247 4.76422 4.78603 4.80781 4.82942 4.85078 4.87176 4.89226 4.91217 4.93139 4.94983 4.96739 4.98399 4.99954 5.01398 5.02723 5.03923 5.04994 5.05929 5.06725 5.07378 5.07885 5.08245 5.08456 5.08516 5.08425 5.08183 5.07792 5.07253 5.06568 5.05739 5.04772 5.03669 5.02437 5.0108 4.99605 4.9802 4.96332 4.9455 4.92683 4.90741 4.88733 4.86671 4.84566 4.82428 4.80269 4.78101 4.75933 4.73777 4.71644 4.69544 4.67486 4.65479 4.63532 4.61651 4.59844 4.58117 4.56474 4.54919 4.53457 4.52089 4.50818 4.49644 4.48569 4.47592 4.46714 4.45933 4.4525 4.44662 4.4417 4.43772 4.43467 4.43255 4.43136 
4.42516 4.42582 4.42743 4.43 4.43352 4.43801 4.44349 4.44995 4.45741 4.46589 4.47538 4.48589 4.49742 4.50997 4.52352 4.53805 4.55355 4.56998 4.58729 4.60545 4.62438 4.64402 4.66431 4.68515 4.70646 4.72815 4.75011 4.77223 4.79442 4.81655 4.83852 4.86022 4.88153 4.90234 4.92255 4.94206 4.96076 4.97858 4.99541 5.01117 5.02581 5.03923 5.0514 5.06224 5.07171 5.07977 5.08639 5.09153 5.09517 5.09731 5.09792 5.097 5.09456 5.0906 5.08514 5.07821 5.06982 5.06003 5.04886 5.03637 5.02262 5.00767 4.99159 4.97447 4.95639 4.93745 4.91773 4.89734 4.8764 4.85501 4.83328 4.81133 4.78927 4.76721 4.74528 4.72356 4.70217 4.68121 4.66076 4.64091 4.62174 4.60331 4.58569 4.56892 4.55306 4.53813 4.52416 4.51117 4.49918 4.48819 4.47821 4.46923 4.46125 4.45425 4.44824 4.44321 4.43913 4.43601 4.43384 4.43262 
4.42629 4.42697 4.42861 4.43123 4.43482 4.4394 4.44498 4.45157 4.45919 4.46783 4.4775 4.48821 4.49996 4.51275 4.52655 4.54135 4.55713 4.57385 4.59147 4.60994 4.62919 4.64917 4.66979 4.69097 4.71262 4.73465 4.75694 4.7794 4.80191 4.82437 4.84665 4.86865 4.89025 4.91134 4.93182 4.95158 4.97052 4.98855 5.00559 5.02155 5.03635 5.04994 5.06224 5.0732 5.08278 5.09093 5.09762 5.10282 5.10651 5.10867 5.10929 5.10836 5.1059 5.1019 5.09639 5.08938 5.0809 5.071 5.0597 5.04707 5.03316 5.01803 5.00176 4.98443 4.96612 4.94693 4.92695 4.90629 4.88506 4.86336 4.84132 4.81905 4.79666 4.77427 4.75199 4.72994 4.7082 4.6869 4.66611 4.64593 4.62643 4.60768 4.58975 4.57268 4.55653 4.54133 4.5271 4.51387 4.50165 4.49045 4.48027 4.47111 4.46297 4.45584 4.44971 4.44457 4.44041 4.43723 4.43501 4.43376 
4.4273 4.42798 4.42966 4.43231 4.43597 4.44063 4.44631 4.45301 4.46075 4.46954 4.47937 4.49026 4.50221 4.5152 4.52922 4.54426 4.56028 4.57726 4.59514 4.61388 4.63342 4.65368 4.6746 4.69607 4.71802 4.74034 4.76293 4.78568 4.80848 4.83122 4.85377 4.87603 4.89789 4.91922 4.93993 4.95991 4.97905 4.99728 5.01449 5.03061 5.04557 5.05929 5.07171 5.08278 5.09245 5.10068 5.10744 5.11269 5.11641 5.11859 5.11922 5.11829 5.1158 5.11177 5.10621 5.09914 5.09058 5.08058 5.06918 5.05643 5.04237 5.02709 5.01065 4.99313 4.97463 4.95522 4.93501 4.91411 4.89263 4.87068 4.84836 4.82581 4.80314 4.78046 4.75788 4.73553 4.7135 4.69189 4.67081 4.65033 4.63055 4.61152 4.59332 4.57599 4.55958 4.54414 4.52968 4.51624 4.50382 4.49243 4.48209 4.47277 4.46449 4.45724 4.451 4.44577 4.44154 4.4383 4.43605 4.43478 
4.42817 4.42886 4.43056 4.43326 4.43696 4.44169 4.44745 4.45425 4.4621 4.47101 4.48098 4.49203 4.50413 4.5173 4.53151 4.54674 4.56298 4.58017 4.59828 4.61726 4.63704 4.65754 4.67871 4.70043 4.72263 4.74521 4.76805 4.79104 4.81408 4.83706 4.85984 4.88232 4.90439 4.92593 4.94683 4.967 4.98632 5.00471 5.02207 5.03833 5.05341 5.06725 5.07977 5.09093 5.10068 5.10898 5.11579 5.12108 5.12484 5.12704 5.12767 5.12673 5.12423 5.12017 5.11457 5.10744 5.09882 5.08874 5.07725 5.06439 5.05022 5.03481 5.01822 5.00055 4.98187 4.96228 4.94189 4.92078 4.89909 4.87691 4.85437 4.83158 4.80866 4.78573 4.76291 4.7403 4.71801 4.69616 4.67482 4.6541 4.63407 4.6148 4.59637 4.57882 4.5622 4.54655 4.5319 4.51828 4.50569 4.49414 4.48365 4.47421 4.46581 4.45845 4.45212 4.44681 4.44252 4.43923 4.43694 4.43565 
4.42889 4.4296 4.43131 4.43404 4.43779 4.44258 4.4484 4.45528 4.46322 4.47223 4.48232 4.49349 4.50573 4.51904 4.5334 4.5488 4.5652 4.58258 4.60087 4.62004 4.64002 4.66072 4.68209 4.70402 4.72643 4.7492 4.77225 4.79545 4.81869 4.84185 4.86483 4.88749 4.90973 4.93144 4.95251 4.97282 4.99228 5.0108 5.02829 5.04467 5.05985 5.07378 5.08639 5.09762 5.10744 5.11579 5.12264 5.12797 5.13175 5.13397 5.13461 5.13367 5.13115 5.12707 5.12143 5.11426 5.10558 5.09544 5.08387 5.07092 5.05666 5.04114 5.02443 5.00663 4.98782 4.96808 4.94753 4.92626 4.90439 4.88203 4.8593 4.83632 4.8132 4.79007 4.76704 4.74422 4.72173 4.69967 4.67813 4.6572 4.63697 4.61751 4.59889 4.58115 4.56436 4.54854 4.53374 4.51996 4.50723 4.49556 4.48494 4.47539 4.4669 4.45945 4.45305 4.44768 4.44333 4.44001 4.43769 4.43638 
4.42947 4.43018 4.43191 4.43466 4.43845 4.44328 4.44916 4.4561 4.46411 4.4732 4.48337 4.49463 4.50698 4.5204 4.53488 4.55041 4.56695 4.58446 4.6029 4.62221 4.64234 4.6632 4.68472 4.70681 4.72938 4.75232 4.77552 4.79887 4.82226 4.84558 4.8687 4.89151 4.91389 4.93572 4.95691 4.97734 4.99692 5.01554 5.03312 5.04959 5.06485 5.07885 5.09153 5.10282 5.11269 5.12108 5.12797 5.13333 5.13713 5.13935 5.14 5.13906 5.13653 5.13243 5.12676 5.11956 5.11084 5.10064 5.08902 5.076 5.06166 5.04605 5.02926 5.01136 4.99244 4.97259 4.95191 4.93051 4.90851 4.88601 4.86313 4.84 4.81673 4.79344 4.77025 4.74727 4.72462 4.7024 4.6807 4.65961 4.63923 4.61962 4.60085 4.58298 4.56605 4.5501 4.53517 4.52128 4.50844 4.49667 4.48596 4.47633 4.46776 4.46024 4.45378 4.44836 4.44398 4.44062 4.43829 4.43697 
4.42989 4.43061 4.43235 4.43512 4.43893 4.44379 4.4497 4.45669 4.46475 4.47389 4.48413 4.49546 4.50788 4.52138 4.53594 4.55156 4.56819 4.5858 4.60434 4.62376 4.64399 4.66496 4.68659 4.7088 4.73147 4.75452 4.77783 4.8013 4.8248 4.84822 4.87144 4.89435 4.91682 4.93875 4.96003 4.98054 5.0002 5.0189 5.03655 5.05307 5.0684 5.08245 5.09517 5.10651 5.11641 5.12484 5.13175 5.13713 5.14094 5.14318 5.14382 5.14288 5.14034 5.13623 5.13054 5.12331 5.11457 5.10433 5.09266 5.0796 5.0652 5.04954 5.03268 5.01471 4.99571 4.97577 4.95501 4.93352 4.91142 4.88882 4.86584 4.8426 4.81922 4.79583 4.77252 4.74944 4.72667 4.70433 4.68252 4.66133 4.64084 4.62112 4.60225 4.58428 4.56725 4.55121 4.5362 4.52222 4.50931 4.49747 4.4867 4.477 4.46838 4.46082 4.45432 4.44886 4.44445 4.44107 4.43872 4.43739 
4.43016 4.43088 4.43262 4.43541 4.43923 4.44411 4.45004 4.45705 4.46514 4.47432 4.48459 4.49596 4.50842 4.52196 4.53658 4.55224 4.56893 4.58659 4.60519 4.62467 4.64496 4.66599 4.68769 4.70995 4.73269 4.75581 4.77918 4.80271 4.82627 4.84975 4.87304 4.896 4.91853 4.94052 4.96185 4.98241 5.00211 5.02085 5.03855 5.05511 5.07047 5.08456 5.09731 5.10867 5.11859 5.12704 5.13397 5.13935 5.14318 5.14542 5.14607 5.14512 5.14258 5.13846 5.13276 5.12551 5.11674 5.10649 5.09479 5.0817 5.06727 5.05157 5.03467 5.01665 4.99761 4.97763 4.95681 4.93527 4.91311 4.89045 4.86742 4.84412 4.82067 4.79721 4.77385 4.75069 4.72786 4.70546 4.68359 4.66233 4.64178 4.622 4.60307 4.58504 4.56796 4.55188 4.53681 4.52279 4.50983 4.49795 4.48714 4.47741 4.46876 4.46117 4.45465 4.44917 4.44474 4.44135 4.43899 4.43766 
