6.18577 6.18595 6.18624 6.18665 6.18716 6.18779 6.18852 6.18937 6.19033 6.19139 6.19257 6.19385 6.19525 6.19675 6.19836 6.20008 6.20189 6.20381 6.20583 6.20793 6.21013 6.21241 6.21476 6.21718 6.21966 6.2222 6.22477 6.22738 6.23001 6.23265 6.23529 6.23792 6.24052 6.24308 6.24558 6.24802 6.25038 6.25265 6.25481 6.25685 6.25876 6.26052 6.26214 6.26359 6.26487 6.26597 6.26688 6.2676 6.26812 6.26845 6.26857 6.26849 6.2682 6.26772 6.26705 6.26618 6.26513 6.2639 6.2625 6.26094 6.25923 6.25738 6.2554 6.25331 6.25112 6.24884 6.24648 6.24406 6.24159 6.23909 6.23657 6.23404 6.23151 6.229 6.22651 6.22407 6.22167 6.21934 6.21706 6.21487 6.21276 6.21073 6.2088 6.20697 6.20524 6.20362 6.2021 6.2007 6.19941 6.19824 6.19718 6.19623 6.1954 6.19468 6.19408 6.1936 6.19322 6.19296 6.19281 6.19277 
6.18595 6.18613 6.18643 6.18684 6.18735 6.18798 6.18872 6.18957 6.19053 6.1916 6.19279 6.19408 6.19548 6.19699 6.19861 6.20034 6.20217 6.2041 6.20613 6.20825 6.21045 6.21275 6.21511 6.21755 6.22005 6.2226 6.22519 6.22782 6.23047 6.23313 6.23579 6.23843 6.24105 6.24362 6.24614 6.2486 6.25097 6.25326 6.25543 6.25748 6.25941 6.26119 6.26281 6.26427 6.26556 6.26666 6.26758 6.26831 6.26883 6.26916 6.26928 6.2692 6.26892 6.26843 6.26775 6.26687 6.26581 6.26458 6.26317 6.2616 6.25987 6.25801 6.25602 6.25392 6.25171 6.24941 6.24704 6.2446 6.24212 6.2396 6.23706 6.23451 6.23196 6.22944 6.22693 6.22447 6.22206 6.21971 6.21742 6.21521 6.21308 6.21104 6.2091 6.20725 6.20551 6.20388 6.20236 6.20095 6.19965 6.19846 6.1974 6.19644 6.19561 6.19489 6.19428 6.19379 6.19341 6.19315 6.193 6.19296 
6.18624 6.18643 6.18673 6.18714 6.18766 6.1883 6.18905 6.18991 6.19089 6.19198 6.19318 6.19449 6.19592 6.19745 6.1991 6.20085 6.20271 6.20468 6.20674 6.20889 6.21114 6.21347 6.21587 6.21835 6.22089 6.22349 6.22612 6.22879 6.23149 6.23419 6.23689 6.23958 6.24224 6.24486 6.24742 6.24992 6.25233 6.25465 6.25686 6.25894 6.2609 6.2627 6.26435 6.26584 6.26715 6.26827 6.2692 6.26994 6.27047 6.2708 6.27092 6.27084 6.27055 6.27006 6.26936 6.26847 6.2674 6.26614 6.2647 6.26311 6.26135 6.25946 6.25744 6.2553 6.25305 6.25072 6.2483 6.24583 6.2433 6.24074 6.23815 6.23556 6.23297 6.2304 6.22785 6.22535 6.2229 6.2205 6.21817 6.21593 6.21376 6.21168 6.20971 6.20783 6.20606 6.20439 6.20284 6.2014 6.20008 6.19888 6.19779 6.19682 6.19597 6.19523 6.19461 6.19411 6.19372 6.19345 6.1933 6.19325 
6.18665 6.18684 6.18714 6.18756 6.18809 6.18874 6.18951 6.1904 6.1914 6.19251 6.19374 6.19509 6.19655 6.19813 6.19982 6.20162 6.20353 6.20554 6.20766 6.20987 6.21218 6.21457 6.21704 6.21958 6.22219 6.22485 6.22756 6.2303 6.23306 6.23584 6.23861 6.24137 6.24409 6.24678 6.24941 6.25197 6.25444 6.25682 6.25909 6.26123 6.26323 6.26508 6.26677 6.26829 6.26963 6.27078 6.27174 6.27249 6.27303 6.27337 6.2735 6.27341 6.27311 6.2726 6.27189 6.27098 6.26987 6.26858 6.2671 6.26546 6.26367 6.26172 6.25965 6.25745 6.25515 6.25275 6.25027 6.24773 6.24513 6.2425 6.23985 6.23719 6.23453 6.23189 6.22927 6.2267 6.22418 6.22172 6.21933 6.21702 6.21479 6.21266 6.21062 6.20869 6.20687 6.20516 6.20356 6.20208 6.20072 6.19948 6.19835 6.19735 6.19647 6.19571 6.19507 6.19455 6.19415 6.19387 6.19371 6.19366 
6.18716 6.18735 6.18766 6.18809 6.18864 6.18932 6.19011 6.19102 6.19205 6.19321 6.19448 6.19588 6.19739 6.19903 6.20078 6.20264 6.20462 6.2067 6.2089 6.21119 6.21358 6.21605 6.21861 6.22125 6.22395 6.2267 6.2295 6.23234 6.2352 6.23807 6.24094 6.24379 6.24661 6.24939 6.25211 6.25476 6.25732 6.25977 6.26212 6.26433 6.26639 6.26831 6.27006 6.27163 6.27301 6.2742 6.27518 6.27596 6.27652 6.27686 6.27699 6.2769 6.27659 6.27606 6.27532 6.27438 6.27323 6.27189 6.27037 6.26867 6.26681 6.2648 6.26265 6.26038 6.25799 6.25551 6.25294 6.25031 6.24762 6.2449 6.24215 6.23939 6.23664 6.2339 6.23119 6.22853 6.22591 6.22336 6.22088 6.21848 6.21617 6.21396 6.21185 6.20984 6.20795 6.20617 6.20451 6.20297 6.20155 6.20026 6.19909 6.19805 6.19713 6.19634 6.19567 6.19513 6.1947 6.19441 6.19423 6.19418 
6.18779 6.18798 6.1883 6.18874 6.18932 6.19001 6.19084 6.19179 6.19287 6.19407 6.1954 6.19685 6.19844 6.20014 6.20197 6.20391 6.20598 6.20816 6.21045 6.21284 6.21533 6.21792 6.22059 6.22334 6.22616 6.22903 6.23195 6.23491 6.2379 6.24089 6.24388 6.24685 6.2498 6.25269 6.25552 6.25828 6.26095 6.2635 6.26594 6.26824 6.2704 6.27239 6.2742 6.27584 6.27727 6.27851 6.27953 6.28034 6.28092 6.28128 6.28141 6.28131 6.28098 6.28043 6.27966 6.27867 6.27748 6.27608 6.27449 6.27272 6.27078 6.26868 6.26644 6.26407 6.26158 6.25899 6.25631 6.25357 6.25077 6.24792 6.24505 6.24217 6.2393 6.23644 6.23361 6.23082 6.22809 6.22542 6.22283 6.22032 6.21791 6.21559 6.21338 6.21128 6.20929 6.20743 6.20569 6.20407 6.20259 6.20123 6.2 6.19891 6.19794 6.1971 6.1964 6.19582 6.19538 6.19506 6.19487 6.19481 
6.18852 6.18872 6.18905 6.18951 6.19011 6.19084 6.1917 6.1927 6.19383 6.19509 6.19649 6.19802 6.19968 6.20147 6.20339 6.20544 6.20761 6.2099 6.21231 6.21482 6.21744 6.22016 6.22297 6.22586 6.22882 6.23184 6.23491 6.23802 6.24115 6.24429 6.24743 6.25055 6.25363 6.25667 6.25964 6.26253 6.26533 6.26801 6.27056 6.27297 6.27523 6.27731 6.27921 6.28092 6.28242 6.28371 6.28478 6.28562 6.28623 6.2866 6.28674 6.28663 6.28629 6.28571 6.28489 6.28386 6.2826 6.28113 6.27946 6.27761 6.27557 6.27337 6.27101 6.26852 6.26591 6.26319 6.26038 6.2575 6.25455 6.25157 6.24855 6.24553 6.2425 6.2395 6.23652 6.23359 6.23071 6.22791 6.22518 6.22253 6.21999 6.21755 6.21521 6.213 6.21091 6.20894 6.2071 6.20539 6.20382 6.20239 6.20109 6.19992 6.1989 6.19801 6.19726 6.19665 6.19617 6.19583 6.19562 6.19555 
6.18937 6.18957 6.18991 6.1904 6.19102 6.19179 6.1927 6.19375 6.19494 6.19628 6.19775 6.19937 6.20113 6.20302 6.20505 6.20722 6.20951 6.21193 6.21448 6.21714 6.21991 6.22278 6.22575 6.2288 6.23193 6.23512 6.23837 6.24165 6.24495 6.24827 6.25158 6.25487 6.25813 6.26133 6.26446 6.26751 6.27045 6.27327 6.27596 6.2785 6.28088 6.28307 6.28507 6.28687 6.28845 6.2898 6.29093 6.29181 6.29245 6.29283 6.29297 6.29286 6.29249 6.29187 6.29102 6.28992 6.28859 6.28704 6.28528 6.28332 6.28117 6.27885 6.27637 6.27374 6.27098 6.26811 6.26514 6.2621 6.25899 6.25583 6.25265 6.24945 6.24625 6.24307 6.23993 6.23682 6.23378 6.23081 6.22792 6.22512 6.22242 6.21983 6.21736 6.21501 6.21279 6.2107 6.20874 6.20693 6.20526 6.20373 6.20234 6.2011 6.20001 6.19906 6.19825 6.1976 6.19708 6.19671 6.19648 6.1964 
6.19033 6.19053 6.19089 6.1914 6.19205 6.19287 6.19383 6.19494 6.19621 6.19762 6.19919 6.20091 6.20277 6.20479 6.20694 6.20924 6.21168 6.21426 6.21696 6.21979 6.22273 6.22578 6.22893 6.23217 6.23549 6.23888 6.24232 6.2458 6.24931 6.25282 6.25633 6.25982 6.26327 6.26666 6.26997 6.2732 6.27631 6.2793 6.28214 6.28483 6.28734 6.28966 6.29177 6.29367 6.29534 6.29677 6.29795 6.29888 6.29955 6.29996 6.3001 6.29997 6.29958 6.29893 6.29802 6.29685 6.29545 6.2938 6.29194 6.28986 6.28758 6.28512 6.28249 6.2797 6.27678 6.27373 6.27059 6.26735 6.26406 6.26071 6.25733 6.25393 6.25054 6.24716 6.24382 6.24052 6.23729 6.23413 6.23105 6.22807 6.2252 6.22244 6.21981 6.2173 6.21493 6.2127 6.21061 6.20868 6.20689 6.20525 6.20377 6.20244 6.20127 6.20025 6.19938 6.19867 6.19811 6.19771 6.19746 6.19736 
6.19139 6.1916 6.19198 6.19251 6.19321 6.19407 6.19509 6.19628 6.19762 6.19913 6.2008 6.20263 6.20462 6.20677 6.20907 6.21152 6.21412 6.21687 6.21975 6.22276 6.2259 6.22915 6.23251 6.23596 6.2395 6.2431 6.24677 6.25047 6.2542 6.25794 6.26167 6.26538 6.26905 6.27265 6.27617 6.2796 6.2829 6.28607 6.28909 6.29194 6.2946 6.29706 6.2993 6.30131 6.30308 6.30459 6.30585 6.30683 6.30754 6.30796 6.30811 6.30797 6.30755 6.30685 6.30588 6.30464 6.30315 6.3014 6.29941 6.2972 6.29478 6.29216 6.28936 6.2864 6.28329 6.28005 6.27671 6.27327 6.26976 6.26619 6.26259 6.25898 6.25536 6.25176 6.2482 6.24468 6.24123 6.23786 6.23457 6.23139 6.22832 6.22537 6.22256 6.21988 6.21734 6.21495 6.21271 6.21064 6.20872 6.20696 6.20537 6.20394 6.20267 6.20157 6.20064 6.19987 6.19927 6.19882 6.19855 6.19843 
6.19257 6.19279 6.19318 6.19374 6.19448 6.1954 6.19649 6.19775 6.19919 6.2008 6.20259 6.20454 6.20667 6.20896 6.21143 6.21405 6.21683 6.21976 6.22285 6.22607 6.22942 6.2329 6.23648 6.24017 6.24394 6.24779 6.2517 6.25565 6.25963 6.26362 6.2676 6.27155 6.27546 6.27929 6.28305 6.28669 6.29021 6.29358 6.29679 6.29982 6.30265 6.30526 6.30764 6.30978 6.31166 6.31326 6.31459 6.31563 6.31638 6.31683 6.31698 6.31683 6.31638 6.31564 6.3146 6.31328 6.31168 6.30982 6.3077 6.30535 6.30276 6.29997 6.29699 6.29383 6.29051 6.28706 6.28349 6.27982 6.27608 6.27227 6.26843 6.26457 6.26071 6.25686 6.25305 6.24929 6.2456 6.24199 6.23848 6.23507 6.23178 6.22863 6.2256 6.22273 6.22001 6.21744 6.21504 6.21281 6.21074 6.20885 6.20714 6.2056 6.20423 6.20304 6.20203 6.2012 6.20054 6.20005 6.19975 6.19962 
6.19385 6.19408 6.19449 6.19509 6.19588 6.19685 6.19802 6.19937 6.20091 6.20263 6.20454 6.20664 6.20892 6.21137 6.21401 6.21682 6.2198 6.22294 6.22624 6.22969 6.23328 6.237 6.24084 6.24479 6.24882 6.25294 6.25712 6.26134 6.26559 6.26985 6.2741 6.27832 6.28249 6.28658 6.29058 6.29447 6.29822 6.30182 6.30524 6.30846 6.31147 6.31425 6.31679 6.31906 6.32106 6.32276 6.32418 6.32528 6.32607 6.32655 6.3267 6.32654 6.32606 6.32526 6.32415 6.32274 6.32103 6.31904 6.31678 6.31427 6.31151 6.30853 6.30534 6.30197 6.29843 6.29474 6.29093 6.28701 6.28301 6.27894 6.27483 6.2707 6.26657 6.26246 6.25838 6.25435 6.2504 6.24653 6.24276 6.23911 6.23558 6.23219 6.22895 6.22586 6.22293 6.22018 6.21759 6.21519 6.21296 6.21093 6.20907 6.20741 6.20593 6.20465 6.20355 6.20265 6.20193 6.2014 6.20106 6.20091 
6.19525 6.19548 6.19592 6.19655 6.19739 6.19844 6.19968 6.20113 6.20277 6.20462 6.20667 6.20892 6.21136 6.214 6.21682 6.21984 6.22303 6.2264 6.22994 6.23364 6.23749 6.24147 6.24558 6.24981 6.25413 6.25854 6.26301 6.26752 6.27207 6.27662 6.28117 6.28567 6.29012 6.2945 6.29877 6.30292 6.30692 6.31075 6.3144 6.31784 6.32105 6.32401 6.32671 6.32913 6.33125 6.33307 6.33457 6.33575 6.33659 6.33709 6.33725 6.33707 6.33655 6.33569 6.33451 6.333 6.33117 6.32905 6.32663 6.32395 6.321 6.31782 6.31442 6.31081 6.30703 6.30308 6.29901 6.29482 6.29053 6.28618 6.28179 6.27737 6.27294 6.26854 6.26417 6.25985 6.25561 6.25147 6.24742 6.2435 6.23971 6.23607 6.23259 6.22926 6.22612 6.22315 6.22037 6.21777 6.21538 6.21318 6.21118 6.20938 6.20778 6.20639 6.2052 6.20422 6.20344 6.20286 6.20249 6.20231 
6.19675 6.19699 6.19745 6.19813 6.19903 6.20014 6.20147 6.20302 6.20479 6.20677 6.20896 6.21137 6.214 6.21683 6.21986 6.22309 6.22652 6.23014 6.23393 6.2379 6.24202 6.24629 6.2507 6.25522 6.25985 6.26457 6.26936 6.27419 6.27905 6.28392 6.28878 6.2936 6.29835 6.30302 6.30758 6.31201 6.31628 6.32038 6.32427 6.32793 6.33136 6.33451 6.33739 6.33996 6.34223 6.34416 6.34576 6.347 6.3479 6.34843 6.34859 6.3484 6.34784 6.34692 6.34565 6.34404 6.34209 6.33982 6.33724 6.33437 6.33122 6.32782 6.32418 6.32033 6.31628 6.31207 6.30771 6.30322 6.29864 6.29399 6.28928 6.28455 6.27981 6.27509 6.2704 6.26578 6.26124 6.25678 6.25245 6.24824 6.24417 6.24025 6.23651 6.23293 6.22955 6.22635 6.22336 6.22056 6.21798 6.21561 6.21345 6.2115 6.20978 6.20827 6.20698 6.20591 6.20506 6.20443 6.20402 6.20383 
6.19836 6.19861 6.1991 6.19982 6.20078 6.20197 6.20339 6.20505 6.20694 6.20907 6.21143 6.21401 6.21682 6.21986 6.22312 6.22658 6.23026 6.23414 6.23821 6.24246 6.24688 6.25146 6.25618 6.26102 6.26598 6.27103 6.27615 6.28132 6.28653 6.29173 6.29692 6.30207 6.30715 6.31214 6.31701 6.32174 6.3263 6.33066 6.33481 6.33872 6.34237 6.34573 6.3488 6.35154 6.35395 6.35601 6.3577 6.35903 6.35997 6.36054 6.36071 6.3605 6.3599 6.35891 6.35756 6.35583 6.35375 6.35132 6.34856 6.3455 6.34214 6.3385 6.33461 6.3305 6.32617 6.32167 6.31701 6.31221 6.30731 6.30233 6.2973 6.29223 6.28716 6.2821 6.27708 6.27213 6.26725 6.26248 6.25783 6.25331 6.24894 6.24473 6.24071 6.23687 6.23322 6.22979 6.22656 6.22355 6.22077 6.21821 6.21588 6.21378 6.21192 6.21029 6.20889 6.20773 6.20681 6.20612 6.20566 6.20545 
6.20008 6.20034 6.20085 6.20162 6.20264 6.20391 6.20544 6.20722 6.20924 6.21152 6.21405 6.21682 6.21984 6.22309 6.22658 6.23031 6.23425 6.2384 6.24276 6.24732 6.25205 6.25696 6.26201 6.2672 6.27251 6.27791 6.28338 6.28891 6.29447 6.30004 6.30558 6.31108 6.3165 6.32183 6.32702 6.33207 6.33693 6.34158 6.34601 6.35017 6.35406 6.35764 6.3609 6.36382 6.36638 6.36857 6.37038 6.37179 6.37279 6.37338 6.37357 6.37333 6.37269 6.37164 6.37018 6.36834 6.36612 6.36353 6.36058 6.35731 6.35372 6.34984 6.34569 6.3413 6.33668 6.33187 6.32689 6.32176 6.31653 6.3112 6.30582 6.3004 6.29497 6.28956 6.28418 6.27888 6.27365 6.26854 6.26355 6.2587 6.25402 6.2495 6.24518 6.24105 6.23714 6.23344 6.22997 6.22673 6.22373 6.22098 6.21847 6.2162 6.21419 6.21243 6.21092 6.20966 6.20866 6.20791 6.20741 6.20717 
6.20189 6.20217 6.20271 6.20353 6.20462 6.20598 6.20761 6.20951 6.21168 6.21412 6.21683 6.2198 6.22303 6.22652 6.23026 6.23425 6.23847 6.24292 6.24759 6.25247 6.25753 6.26278 6.26819 6.27373 6.27941 6.28518 6.29103 6.29694 6.30288 6.30882 6.31473 6.3206 6.32638 6.33206 6.3376 6.34297 6.34815 6.35311 6.35782 6.36226 6.36639 6.37021 6.37367 6.37678 6.3795 6.38183 6.38375 6.38524 6.3863 6.38693 6.38712 6.38687 6.38618 6.38506 6.38351 6.38154 6.37917 6.3764 6.37327 6.36977 6.36595 6.36181 6.35738 6.35269 6.34777 6.34263 6.33732 6.33185 6.32626 6.32057 6.31482 6.30903 6.30322 6.29744 6.29169 6.28601 6.28043 6.27495 6.26961 6.26441 6.25939 6.25455 6.24991 6.24549 6.24128 6.23731 6.23358 6.2301 6.22688 6.22391 6.22121 6.21877 6.2166 6.2147 6.21307 6.21171 6.21063 6.20981 6.20927 6.209 
6.20381 6.2041 6.20468 6.20554 6.2067 6.20816 6.2099 6.21193 6.21426 6.21687 6.21976 6.22294 6.2264 6.23014 6.23414 6.2384 6.24292 6.24768 6.25268 6.25789 6.26331 6.26891 6.27469 6.28061 6.28667 6.29283 6.29908 6.30538 6.31171 6.31804 6.32435 6.3306 6.33676 6.34281 6.34871 6.35443 6.35994 6.36522 6.37022 6.37494 6.37934 6.38339 6.38708 6.39037 6.39327 6.39574 6.39777 6.39935 6.40048 6.40114 6.40134 6.40107 6.40033 6.39913 6.39748 6.39538 6.39285 6.38991 6.38657 6.38285 6.37878 6.37437 6.36966 6.36466 6.35941 6.35394 6.34828 6.34245 6.33648 6.33042 6.32428 6.3181 6.3119 6.30573 6.29959 6.29352 6.28755 6.28169 6.27598 6.27042 6.26505 6.25987 6.2549 6.25015 6.24565 6.24139 6.23739 6.23366 6.23019 6.22701 6.2241 6.22148 6.21914 6.2171 6.21534 6.21387 6.2127 6.21182 6.21123 6.21093 
6.20583 6.20613 6.20674 6.20766 6.2089 6.21045 6.21231 6.21448 6.21696 6.21975 6.22285 6.22624 6.22994 6.23393 6.23821 6.24276 6.24759 6.25268 6.25801 6.26357 6.26935 6.27534 6.2815 6.28782 6.29428 6.30084 6.3075 6.31421 6.32096 6.3277 6.33441 6.34106 6.34762 6.35405 6.36032 6.3664 6.37225 6.37786 6.38318 6.38818 6.39285 6.39715 6.40106 6.40456 6.40763 6.41025 6.4124 6.41408 6.41527 6.41597 6.41617 6.41588 6.41509 6.41382 6.41206 6.40983 6.40714 6.40401 6.40046 6.39651 6.39217 6.38749 6.38247 6.37716 6.37158 6.36575 6.35972 6.35352 6.34717 6.34071 6.33417 6.32759 6.32098 6.3144 6.30785 6.30138 6.29501 6.28875 6.28265 6.27672 6.27097 6.26543 6.26012 6.25505 6.25022 6.24567 6.24138 6.23738 6.23367 6.23025 6.22713 6.22432 6.22181 6.21961 6.21772 6.21614 6.21488 6.21392 6.21328 6.21295 
6.20793 6.20825 6.20889 6.20987 6.21119 6.21284 6.21482 6.21714 6.21979 6.22276 6.22607 6.22969 6.23364 6.2379 6.24246 6.24732 6.25247 6.25789 6.26357 6.2695 6.27566 6.28204 6.2886 6.29533 6.3022 6.30919 6.31627 6.32341 6.33058 6.33775 6.34488 6.35194 6.35891 6.36573 6.37239 6.37884 6.38505 6.391 6.39664 6.40195 6.40689 6.41145 6.41559 6.4193 6.42255 6.42532 6.4276 6.42937 6.43063 6.43137 6.43158 6.43126 6.43043 6.42907 6.4272 6.42483 6.42198 6.41866 6.41489 6.41069 6.40609 6.40112 6.39579 6.39015 6.38422 6.37804 6.37163 6.36504 6.35829 6.35142 6.34447 6.33746 6.33044 6.32342 6.31646 6.30956 6.30277 6.29611 6.28961 6.28328 6.27715 6.27124 6.26557 6.26015 6.255 6.25013 6.24555 6.24127 6.2373 6.23364 6.2303 6.22728 6.2246 6.22224 6.22021 6.21851 6.21715 6.21612 6.21543 6.21507 
6.21013 6.21045 6.21114 6.21218 6.21358 6.21533 6.21744 6.21991 6.22273 6.2259 6.22942 6.23328 6.23749 6.24202 6.24688 6.25205 6.25753 6.26331 6.26935 6.27566 6.28222 6.28899 6.29597 6.30312 6.31043 6.31785 6.32537 6.33295 6.34056 6.34816 6.35573 6.36322 6.3706 6.37783 6.38489 6.39172 6.3983 6.40459 6.41056 6.41618 6.42141 6.42623 6.43062 6.43453 6.43797 6.44089 6.4433 6.44517 6.4465 6.44728 6.4475 6.44716 6.44627 6.44483 6.44285 6.44034 6.43732 6.4338 6.42981 6.42536 6.42049 6.41521 6.40957 6.40359 6.39731 6.39075 6.38395 6.37696 6.3698 6.36251 6.35513 6.34769 6.34023 6.33278 6.32538 6.31805 6.31083 6.30375 6.29682 6.29009 6.28356 6.27727 6.27123 6.26545 6.25996 6.25477 6.24988 6.24531 6.24107 6.23716 6.23359 6.23037 6.2275 6.22497 6.2228 6.22098 6.21952 6.21842 6.21767 6.21728 
6.21241 6.21275 6.21347 6.21457 6.21605 6.21792 6.22016 6.22278 6.22578 6.22915 6.2329 6.237 6.24147 6.24629 6.25146 6.25696 6.26278 6.26891 6.27534 6.28204 6.28899 6.29619 6.30359 6.31118 6.31892 6.32679 6.33476 6.34279 6.35085 6.3589 6.36691 6.37484 6.38265 6.39031 6.39776 6.40499 6.41195 6.41859 6.4249 6.43084 6.43636 6.44145 6.44608 6.45021 6.45384 6.45692 6.45946 6.46144 6.46284 6.46365 6.46388 6.46352 6.46257 6.46105 6.45895 6.4563 6.4531 6.44938 6.44516 6.44046 6.43531 6.42973 6.42376 6.41744 6.41079 6.40385 6.39665 6.38925 6.38167 6.37395 6.36613 6.35824 6.35034 6.34244 6.33459 6.32681 6.31915 6.31163 6.30428 6.29712 6.29019 6.2835 6.27708 6.27094 6.26509 6.25956 6.25436 6.24949 6.24498 6.24081 6.23701 6.23357 6.2305 6.2278 6.22548 6.22354 6.22198 6.22079 6.21999 6.21957 
6.21476 6.21511 6.21587 6.21704 6.21861 6.22059 6.22297 6.22575 6.22893 6.23251 6.23648 6.24084 6.24558 6.2507 6.25618 6.26201 6.26819 6.27469 6.2815 6.2886 6.29597 6.30359 6.31143 6.31946 6.32766 6.33598 6.34441 6.35291 6.36143 6.36994 6.3784 6.38678 6.39503 6.40311 6.41098 6.4186 6.42594 6.43296 6.43961 6.44586 6.45169 6.45705 6.46193 6.46628 6.4701 6.47335 6.47602 6.4781 6.47957 6.48042 6.48066 6.48028 6.47928 6.47767 6.47546 6.47265 6.46928 6.46536 6.4609 6.45594 6.4505 6.44461 6.43831 6.43164 6.42461 6.41728 6.40969 6.40186 6.39385 6.38569 6.37742 6.36908 6.36072 6.35236 6.34405 6.33582 6.32771 6.31974 6.31195 6.30436 6.29701 6.28992 6.2831 6.27658 6.27038 6.26451 6.25898 6.25381 6.249 6.24457 6.24053 6.23687 6.2336 6.23073 6.22826 6.22618 6.22451 6.22325 6.22239 6.22193 
6.21718 6.21755 6.21835 6.21958 6.22125 6.22334 6.22586 6.2288 6.23217 6.23596 6.24017 6.24479 6.24981 6.25522 6.26102 6.2672 6.27373 6.28061 6.28782 6.29533 6.30312 6.31118 6.31946 6.32795 6.3366 6.3454 6.3543 6.36326 6.37225 6.38123 6.39015 6.39898 6.40767 6.41619 6.42448 6.43251 6.44024 6.44762 6.45462 6.4612 6.46733 6.47298 6.4781 6.48268 6.48669 6.49011 6.49291 6.49509 6.49664 6.49753 6.49778 6.49737 6.49632 6.49462 6.49229 6.48934 6.48579 6.48165 6.47696 6.47174 6.46601 6.45981 6.45317 6.44614 6.43874 6.43101 6.423 6.41475 6.4063 6.39769 6.38897 6.38017 6.37134 6.36252 6.35374 6.34504 6.33646 6.32804 6.3198 6.31178 6.304 6.29649 6.28928 6.28237 6.2758 6.26958 6.26372 6.25823 6.25314 6.24844 6.24414 6.24026 6.23678 6.23373 6.2311 6.2289 6.22712 6.22578 6.22486 6.22437 
6.21966 6.22005 6.22089 6.22219 6.22395 6.22616 6.22882 6.23193 6.23549 6.2395 6.24394 6.24882 6.25413 6.25985 6.26598 6.27251 6.27941 6.28667 6.29428 6.3022 6.31043 6.31892 6.32766 6.3366 6.34573 6.355 6.36437 6.37381 6.38327 6.39272 6.40212 6.4114 6.42055 6.4295 6.43822 6.44666 6.45478 6.46253 6.46989 6.4768 6.48323 6.48916 6.49453 6.49934 6.50355 6.50713 6.51007 6.51236 6.51397 6.51491 6.51517 6.51474 6.51363 6.51184 6.50939 6.50629 6.50256 6.49821 6.49328 6.48779 6.48177 6.47526 6.46828 6.46088 6.4531 6.44498 6.43655 6.42787 6.41898 6.40992 6.40073 6.39146 6.38216 6.37286 6.36361 6.35444 6.3454 6.33651 6.32782 6.31935 6.31114 6.30321 6.29558 6.28829 6.28134 6.27476 6.26856 6.26276 6.25737 6.25239 6.24784 6.24372 6.24005 6.23681 6.23402 6.23168 6.2298 6.22836 6.22738 6.22686 
6.2222 6.2226 6.22349 6.22485 6.2267 6.22903 6.23184 6.23512 6.23888 6.2431 6.24779 6.25294 6.25854 6.26457 6.27103 6.27791 6.28518 6.29283 6.30084 6.30919 6.31785 6.32679 6.33598 6.3454 6.355 6.36474 6.37459 6.38451 6.39446 6.40439 6.41425 6.424 6.4336 6.44299 6.45214 6.46099 6.4695 6.47764 6.48534 6.49259 6.49933 6.50553 6.51117 6.5162 6.5206 6.52435 6.52743 6.52982 6.53151 6.53249 6.53276 6.5323 6.53114 6.52926 6.52669 6.52344 6.51953 6.51497 6.5098 6.50405 6.49773 6.4909 6.48358 6.47582 6.46765 6.45912 6.45028 6.44117 6.43183 6.42231 6.41266 6.40292 6.39314 6.38336 6.37363 6.36398 6.35447 6.34511 6.33596 6.32704 6.31839 6.31003 6.30199 6.2943 6.28697 6.28003 6.27349 6.26737 6.26167 6.25642 6.25161 6.24726 6.24337 6.23995 6.237 6.23452 6.23252 6.231 6.22996 6.22941 
6.22477 6.22519 6.22612 6.22756 6.2295 6.23195 6.23491 6.23837 6.24232 6.24677 6.2517 6.25712 6.26301 6.26936 6.27615 6.28338 6.29103 6.29908 6.3075 6.31627 6.32537 6.33476 6.34441 6.3543 6.36437 6.37459 6.38493 6.39533 6.40576 6.41617 6.4265 6.43672 6.44677 6.45661 6.46618 6.47545 6.48436 6.49286 6.50093 6.5085 6.51555 6.52204 6.52793 6.53318 6.53779 6.5417 6.54492 6.54742 6.54918 6.5502 6.55047 6.55 6.54877 6.54681 6.54412 6.54072 6.53663 6.53186 6.52645 6.52043 6.51382 6.50667 6.49901 6.49088 6.48233 6.4734 6.46413 6.45458 6.4448 6.43482 6.4247 6.41449 6.40423 6.39397 6.38376 6.37363 6.36364 6.35381 6.3442 6.33483 6.32573 6.31694 6.30849 6.30039 6.29268 6.28538 6.27849 6.27204 6.26604 6.2605 6.25543 6.25085 6.24675 6.24314 6.24002 6.23741 6.2353 6.23369 6.23259 6.23199 
6.22738 6.22782 6.22879 6.2303 6.23234 6.23491 6.23802 6.24165 6.2458 6.25047 6.25565 6.26134 6.26752 6.27419 6.28132 6.28891 6.29694 6.30538 6.31421 6.32341 6.33295 6.34279 6.35291 6.36326 6.37381 6.38451 6.39533 6.40622 6.41713 6.42801 6.43882 6.4495 6.46001 6.47029 6.48029 6.48997 6.49927 6.50816 6.51657 6.52448 6.53184 6.5386 6.54474 6.55023 6.55503 6.55911 6.56247 6.56507 6.5669 6.56796 6.56825 6.56775 6.56647 6.56442 6.56161 6.55806 6.55378 6.54881 6.54316 6.53687 6.52997 6.5225 6.51449 6.506 6.49707 6.48773 6.47805 6.46807 6.45783 6.4474 6.43681 6.42612 6.41538 6.40464 6.39395 6.38334 6.37287 6.36258 6.3525 6.34267 6.33313 6.32391 6.31504 6.30654 6.29844 6.29077 6.28353 6.27676 6.27045 6.26463 6.2593 6.25447 6.25016 6.24636 6.24308 6.24033 6.2381 6.23641 6.23524 6.23461 
6.23001 6.23047 6.23149 6.23306 6.2352 6.2379 6.24115 6.24495 6.24931 6.2542 6.25963 6.26559 6.27207 6.27905 6.28653 6.29447 6.30288 6.31171 6.32096 6.33058 6.34056 6.35085 6.36143 6.37225 6.38327 6.39446 6.40576 6.41713 6.42852 6.43988 6.45116 6.4623 6.47326 6.48398 6.49441 6.50449 6.51419 6.52345 6.53221 6.54045 6.54811 6.55515 6.56155 6.56726 6.57225 6.5765 6.57999 6.5827 6.5846 6.58571 6.586 6.58547 6.58414 6.58201 6.57908 6.57538 6.57092 6.56574 6.55985 6.5533 6.54611 6.53832 6.52998 6.52113 6.51181 6.50208 6.49198 6.48156 6.47088 6.45999 6.44893 6.43778 6.42656 6.41534 6.40416 6.39308 6.38213 6.37136 6.36082 6.35054 6.34055 6.3309 6.32161 6.31271 6.30423 6.29619 6.28861 6.2815 6.27489 6.26878 6.26319 6.25812 6.25359 6.2496 6.24616 6.24327 6.24093 6.23915 6.23792 6.23726 
6.23265 6.23313 6.23419 6.23584 6.23807 6.24089 6.24429 6.24827 6.25282 6.25794 6.26362 6.26985 6.27662 6.28392 6.29173 6.30004 6.30882 6.31804 6.3277 6.33775 6.34816 6.3589 6.36994 6.38123 6.39272 6.40439 6.41617 6.42801 6.43988 6.45171 6.46345 6.47506 6.48646 6.49762 6.50847 6.51896 6.52904 6.53867 6.54778 6.55634 6.5643 6.57162 6.57827 6.5842 6.58938 6.5938 6.59742 6.60023 6.60221 6.60335 6.60365 6.6031 6.60172 6.5995 6.59645 6.59261 6.58798 6.58258 6.57646 6.56965 6.56217 6.55407 6.5454 6.53619 6.52649 6.51636 6.50585 6.495 6.48388 6.47254 6.46102 6.44939 6.43771 6.42601 6.41435 6.40279 6.39137 6.38014 6.36913 6.3584 6.34797 6.33789 6.32819 6.31889 6.31002 6.30161 6.29368 6.28625 6.27933 6.27294 6.26708 6.26178 6.25704 6.25286 6.24925 6.24622 6.24377 6.2419 6.24061 6.23991 
6.23529 6.23579 6.23689 6.23861 6.24094 6.24388 6.24743 6.25158 6.25633 6.26167 6.2676 6.2741 6.28117 6.28878 6.29692 6.30558 6.31473 6.32435 6.33441 6.34488 6.35573 6.36691 6.3784 6.39015 6.40212 6.41425 6.4265 6.43882 6.45116 6.46345 6.47566 6.48771 6.49956 6.51114 6.52241 6.5333 6.54376 6.55375 6.56321 6.57209 6.58034 6.58793 6.59482 6.60097 6.60634 6.61092 6.61467 6.61758 6.61963 6.62082 6.62113 6.62056 6.61912 6.61681 6.61366 6.60966 6.60486 6.59927 6.59292 6.58584 6.57808 6.56968 6.56067 6.55111 6.54104 6.53052 6.5196 6.50834 6.49678 6.48499 6.47302 6.46093 6.44877 6.4366 6.42448 6.41245 6.40056 6.38886 6.3774 6.36622 6.35535 6.34484 6.33473 6.32503 6.31578 6.30701 6.29874 6.29098 6.28375 6.27708 6.27097 6.26543 6.26047 6.25611 6.25234 6.24917 6.2466 6.24464 6.2433 6.24256 
6.23792 6.23843 6.23958 6.24137 6.24379 6.24685 6.25055 6.25487 6.25982 6.26538 6.27155 6.27832 6.28567 6.2936 6.30207 6.31108 6.3206 6.3306 6.34106 6.35194 6.36322 6.37484 6.38678 6.39898 6.4114 6.424 6.43672 6.4495 6.4623 6.47506 6.48771 6.50021 6.51249 6.52449 6.53616 6.54745 6.55829 6.56863 6.57842 6.58761 6.59616 6.60402 6.61114 6.6175 6.62306 6.6278 6.63168 6.63469 6.63681 6.63803 6.63835 6.63776 6.63626 6.63388 6.63061 6.62648 6.6215 6.61571 6.60914 6.60181 6.59378 6.58507 6.57574 6.56583 6.5554 6.5445 6.53318 6.5215 6.50951 6.49729 6.48487 6.47232 6.45971 6.44708 6.43449 6.42199 6.40964 6.39749 6.38558 6.37395 6.36266 6.35173 6.34121 6.33112 6.3215 6.31236 6.30375 6.29567 6.28815 6.28119 6.27483 6.26905 6.26389 6.25933 6.2554 6.25209 6.24942 6.24737 6.24597 6.2452 
6.24052 6.24105 6.24224 6.24409 6.24661 6.2498 6.25363 6.25813 6.26327 6.26905 6.27546 6.28249 6.29012 6.29835 6.30715 6.3165 6.32638 6.33676 6.34762 6.35891 6.3706 6.38265 6.39503 6.40767 6.42055 6.4336 6.44677 6.46001 6.47326 6.48646 6.49956 6.51249 6.52519 6.53761 6.54968 6.56134 6.57255 6.58323 6.59335 6.60285 6.61168 6.61979 6.62715 6.63372 6.63946 6.64435 6.64835 6.65146 6.65365 6.65491 6.65523 6.65462 6.65308 6.65061 6.64724 6.64297 6.63783 6.63184 6.62505 6.61748 6.60917 6.60018 6.59053 6.58029 6.5695 6.55822 6.54651 6.53443 6.52203 6.50937 6.49652 6.48353 6.47046 6.45738 6.44433 6.43138 6.41858 6.40598 6.39363 6.38157 6.36985 6.35852 6.34759 6.33712 6.32713 6.31764 6.30869 6.3003 6.29248 6.28526 6.27863 6.27263 6.26726 6.26252 6.25843 6.25499 6.2522 6.25008 6.24861 6.24781 
6.24308 6.24362 6.24486 6.24678 6.24939 6.25269 6.25667 6.26133 6.26666 6.27265 6.27929 6.28658 6.2945 6.30302 6.31214 6.32183 6.33206 6.34281 6.35405 6.36573 6.37783 6.39031 6.40311 6.41619 6.4295 6.44299 6.45661 6.47029 6.48398 6.49762 6.51114 6.52449 6.53761 6.55042 6.56288 6.57491 6.58647 6.5975 6.60793 6.61772 6.62683 6.63519 6.64278 6.64955 6.65546 6.6605 6.66463 6.66783 6.67008 6.67138 6.67171 6.67108 6.66949 6.66694 6.66346 6.65906 6.65376 6.64759 6.64058 6.63278 6.62421 6.61493 6.60497 6.59441 6.58327 6.57163 6.55955 6.54707 6.53426 6.52119 6.50791 6.49448 6.48098 6.46746 6.45397 6.44058 6.42734 6.4143 6.40152 6.38904 6.37691 6.36517 6.35385 6.34301 6.33265 6.32282 6.31355 6.30485 6.29674 6.28924 6.28238 6.27615 6.27058 6.26566 6.26141 6.25784 6.25495 6.25274 6.25121 6.25038 
6.24558 6.24614 6.24742 6.24941 6.25211 6.25552 6.25964 6.26446 6.26997 6.27617 6.28305 6.29058 6.29877 6.30758 6.31701 6.32702 6.3376 6.34871 6.36032 6.37239 6.38489 6.39776 6.41098 6.42448 6.43822 6.45214 6.46618 6.48029 6.49441 6.50847 6.52241 6.53616 6.54968 6.56288 6.57571 6.5881 6.6 6.61135 6.62209 6.63217 6.64154 6.65014 6.65795 6.66491 6.671 6.67618 6.68042 6.68371 6.68603 6.68736 6.6877 6.68705 6.68541 6.68279 6.67921 6.67468 6.66923 6.66288 6.65566 6.64763 6.63881 6.62925 6.619 6.60812 6.59666 6.58467 6.57221 6.55935 6.54615 6.53268 6.51899 6.50514 6.49122 6.47726 6.46335 6.44953 6.43586 6.4224 6.4092 6.39631 6.38378 6.37165 6.35996 6.34875 6.33804 6.32788 6.31829 6.30929 6.3009 6.29314 6.28603 6.27959 6.27382 6.26873 6.26433 6.26063 6.25763 6.25534 6.25376 6.25289 
6.24802 6.2486 6.24992 6.25197 6.25476 6.25828 6.26253 6.26751 6.2732 6.2796 6.28669 6.29447 6.30292 6.31201 6.32174 6.33207 6.34297 6.35443 6.3664 6.37884 6.39172 6.40499 6.4186 6.43251 6.44666 6.46099 6.47545 6.48997 6.50449 6.51896 6.5333 6.54745 6.56134 6.57491 6.5881 6.60084 6.61307 6.62473 6.63576 6.64612 6.65574 6.66458 6.67259 6.67974 6.68599 6.6913 6.69566 6.69904 6.70141 6.70278 6.70313 6.70246 6.70078 6.69809 6.69441 6.68975 6.68415 6.67763 6.67022 6.66197 6.6529 6.64308 6.63255 6.62137 6.60958 6.59726 6.58445 6.57123 6.55765 6.54379 6.5297 6.51545 6.50112 6.48675 6.47242 6.45819 6.44411 6.43025 6.41665 6.40336 6.39044 6.37794 6.36588 6.35431 6.34327 6.33279 6.32288 6.31359 6.30493 6.29693 6.28959 6.28293 6.27697 6.27171 6.26717 6.26334 6.26024 6.25787 6.25624 6.25534 
6.25038 6.25097 6.25233 6.25444 6.25732 6.26095 6.26533 6.27045 6.27631 6.2829 6.29021 6.29822 6.30692 6.31628 6.3263 6.33693 6.34815 6.35994 6.37225 6.38505 6.3983 6.41195 6.42594 6.44024 6.45478 6.4695 6.48436 6.49927 6.51419 6.52904 6.54376 6.55829 6.57255 6.58647 6.6 6.61307 6.62561 6.63757 6.64889 6.6595 6.66936 6.67842 6.68663 6.69396 6.70036 6.70581 6.71027 6.71373 6.71617 6.71757 6.71792 6.71724 6.71551 6.71276 6.70898 6.70421 6.69847 6.69178 6.68419 6.67572 6.66643 6.65636 6.64556 6.63408 6.62199 6.60934 6.5962 6.58263 6.56869 6.55446 6.53999 6.52536 6.51064 6.49588 6.48115 6.46652 6.45205 6.4378 6.42381 6.41015 6.39686 6.38399 6.37158 6.35968 6.34831 6.33751 6.32732 6.31775 6.30883 6.30058 6.29302 6.28616 6.28001 6.27459 6.26991 6.26596 6.26277 6.26032 6.25864 6.25771 
6.25265 6.25326 6.25465 6.25682 6.25977 6.2635 6.26801 6.27327 6.2793 6.28607 6.29358 6.30182 6.31075 6.32038 6.33066 6.34158 6.35311 6.36522 6.37786 6.391 6.40459 6.41859 6.43296 6.44762 6.46253 6.47764 6.49286 6.50816 6.52345 6.53867 6.55375 6.56863 6.58323 6.5975 6.61135 6.62473 6.63757 6.64981 6.66139 6.67225 6.68234 6.69161 6.70001 6.70751 6.71406 6.71963 6.72419 6.72773 6.73022 6.73165 6.73202 6.73131 6.72955 6.72673 6.72286 6.71798 6.71211 6.70527 6.69749 6.68883 6.67932 6.66901 6.65795 6.6462 6.63382 6.62087 6.60741 6.59351 6.57923 6.56464 6.54981 6.53482 6.51972 6.50459 6.48949 6.47448 6.45964 6.44501 6.43066 6.41663 6.40299 6.38977 6.37703 6.36481 6.35313 6.34204 6.33156 6.32173 6.31256 6.30408 6.2963 6.28925 6.28293 6.27735 6.27253 6.26848 6.26519 6.26267 6.26094 6.25998 
6.25481 6.25543 6.25686 6.25909 6.26212 6.26594 6.27056 6.27596 6.28214 6.28909 6.29679 6.30524 6.3144 6.32427 6.33481 6.34601 6.35782 6.37022 6.38318 6.39664 6.41056 6.4249 6.43961 6.45462 6.46989 6.48534 6.50093 6.51657 6.53221 6.54778 6.56321 6.57842 6.59335 6.60793 6.62209 6.63576 6.64889 6.66139 6.67322 6.68431 6.69462 6.70408 6.71267 6.72032 6.72701 6.73269 6.73735 6.74096 6.7435 6.74496 6.74534 6.74462 6.74281 6.73993 6.73599 6.731 6.725 6.71801 6.71008 6.70123 6.69151 6.68098 6.66968 6.65767 6.64502 6.63178 6.61802 6.6038 6.5892 6.57428 6.55912 6.54378 6.52833 6.51284 6.49739 6.48203 6.46683 6.45185 6.43715 6.42278 6.40881 6.39527 6.38221 6.36968 6.35771 6.34634 6.33559 6.32551 6.31611 6.30741 6.29943 6.29219 6.28571 6.27998 6.27504 6.27087 6.2675 6.26492 6.26313 6.26215 
6.25685 6.25748 6.25894 6.26123 6.26433 6.26824 6.27297 6.2785 6.28483 6.29194 6.29982 6.30846 6.31784 6.32793 6.33872 6.35017 6.36226 6.37494 6.38818 6.40195 6.41618 6.43084 6.44586 6.4612 6.4768 6.49259 6.5085 6.52448 6.54045 6.55634 6.57209 6.58761 6.60285 6.61772 6.63217 6.64612 6.6595 6.67225 6.68431 6.69562 6.70613 6.71578 6.72453 6.73233 6.73914 6.74494 6.74969 6.75337 6.75596 6.75744 6.75782 6.75709 6.75525 6.75231 6.74829 6.74321 6.73709 6.72997 6.72187 6.71285 6.70294 6.6922 6.68068 6.66843 6.65552 6.64201 6.62797 6.61347 6.59856 6.58333 6.56785 6.55219 6.53641 6.5206 6.50481 6.48912 6.47359 6.45828 6.44325 6.42857 6.41428 6.40044 6.38708 6.37426 6.36202 6.35039 6.33939 6.32907 6.31945 6.31054 6.30238 6.29497 6.28833 6.28247 6.2774 6.27314 6.26968 6.26703 6.2652 6.2642 
6.25876 6.25941 6.2609 6.26323 6.26639 6.2704 6.27523 6.28088 6.28734 6.2946 6.30265 6.31147 6.32105 6.33136 6.34237 6.35406 6.36639 6.37934 6.39285 6.40689 6.42141 6.43636 6.45169 6.46733 6.48323 6.49933 6.51555 6.53184 6.54811 6.5643 6.58034 6.59616 6.61168 6.62683 6.64154 6.65574 6.66936 6.68234 6.69462 6.70613 6.71682 6.72664 6.73554 6.74348 6.75041 6.75631 6.76114 6.76488 6.76752 6.76903 6.76942 6.76867 6.7668 6.76381 6.75972 6.75455 6.74832 6.74107 6.73283 6.72365 6.71356 6.70263 6.6909 6.67843 6.66528 6.65153 6.63722 6.62245 6.60727 6.59175 6.57598 6.56001 6.54393 6.52781 6.51172 6.49572 6.47988 6.46426 6.44894 6.43396 6.41938 6.40525 6.39162 6.37854 6.36604 6.35416 6.34294 6.3324 6.32257 6.31347 6.30513 6.29756 6.29077 6.28479 6.27961 6.27525 6.27172 6.26901 6.26714 6.26611 
6.26052 6.26119 6.2627 6.26508 6.26831 6.27239 6.27731 6.28307 6.28966 6.29706 6.30526 6.31425 6.32401 6.33451 6.34573 6.35764 6.37021 6.38339 6.39715 6.41145 6.42623 6.44145 6.45705 6.47298 6.48916 6.50553 6.52204 6.5386 6.55515 6.57162 6.58793 6.60402 6.61979 6.63519 6.65014 6.66458 6.67842 6.69161 6.70408 6.71578 6.72664 6.73662 6.74566 6.75372 6.76076 6.76675 6.77166 6.77546 6.77813 6.77967 6.78006 6.7793 6.7774 6.77436 6.77021 6.76496 6.75863 6.75126 6.74289 6.73356 6.72332 6.7122 6.70028 6.68761 6.67425 6.66027 6.64573 6.6307 6.61527 6.59949 6.58345 6.56721 6.55085 6.53445 6.51807 6.50179 6.48567 6.46978 6.45417 6.43892 6.42408 6.40969 6.39581 6.38248 6.36975 6.35764 6.34621 6.33547 6.32545 6.31618 6.30767 6.29996 6.29304 6.28693 6.28165 6.27721 6.2736 6.27084 6.26894 6.26788 
6.26214 6.26281 6.26435 6.26677 6.27006 6.2742 6.27921 6.28507 6.29177 6.2993 6.30764 6.31679 6.32671 6.33739 6.3488 6.3609 6.37367 6.38708 6.40106 6.41559 6.43062 6.44608 6.46193 6.4781 6.49453 6.51117 6.52793 6.54474 6.56155 6.57827 6.59482 6.61114 6.62715 6.64278 6.65795 6.67259 6.68663 6.70001 6.71267 6.72453 6.73554 6.74566 6.75483 6.763 6.77014 6.77621 6.78119 6.78504 6.78775 6.78931 6.7897 6.78893 6.787 6.78393 6.77971 6.77439 6.76797 6.7605 6.75201 6.74255 6.73216 6.72089 6.70879 6.69594 6.68238 6.66819 6.65344 6.63819 6.62252 6.60651 6.59022 6.57374 6.55713 6.54047 6.52384 6.5073 6.49093 6.47478 6.45893 6.44343 6.42834 6.41372 6.39961 6.38606 6.37312 6.36081 6.34918 6.33826 6.32807 6.31864 6.30999 6.30214 6.2951 6.28889 6.28352 6.27899 6.27532 6.27252 6.27058 6.2695 
6.26359 6.26427 6.26584 6.26829 6.27163 6.27584 6.28092 6.28687 6.29367 6.30131 6.30978 6.31906 6.32913 6.33996 6.35154 6.36382 6.37678 6.39037 6.40456 6.4193 6.43453 6.45021 6.46628 6.48268 6.49934 6.5162 6.53318 6.55023 6.56726 6.5842 6.60097 6.6175 6.63372 6.64955 6.66491 6.67974 6.69396 6.70751 6.72032 6.73233 6.74348 6.75372 6.763 6.77127 6.7785 6.78465 6.78968 6.79358 6.79632 6.7979 6.7983 6.79752 6.79557 6.79245 6.78819 6.78279 6.7763 6.76874 6.76015 6.75056 6.74004 6.72863 6.71638 6.70336 6.68963 6.67526 6.66032 6.64487 6.629 6.61278 6.59627 6.57957 6.56274 6.54585 6.52899 6.51223 6.49562 6.47925 6.46318 6.44746 6.43216 6.41733 6.40302 6.38927 6.37613 6.36365 6.35185 6.34076 6.33042 6.32085 6.31207 6.3041 6.29695 6.29065 6.28519 6.2806 6.27687 6.27402 6.27205 6.27096 
6.26487 6.26556 6.26715 6.26963 6.27301 6.27727 6.28242 6.28845 6.29534 6.30308 6.31166 6.32106 6.33125 6.34223 6.35395 6.36638 6.3795 6.39327 6.40763 6.42255 6.43797 6.45384 6.4701 6.48669 6.50355 6.5206 6.53779 6.55503 6.57225 6.58938 6.60634 6.62306 6.63946 6.65546 6.671 6.68599 6.70036 6.71406 6.72701 6.73914 6.75041 6.76076 6.77014 6.7785 6.7858 6.79201 6.7971 6.80104 6.80381 6.8054 6.80581 6.80502 6.80305 6.7999 6.79559 6.79014 6.78358 6.77593 6.76725 6.75756 6.74693 6.73539 6.72301 6.70985 6.69597 6.68144 6.66633 6.65071 6.63466 6.61825 6.60156 6.58466 6.56764 6.55056 6.5335 6.51654 6.49974 6.48317 6.4669 6.45099 6.4355 6.42049 6.406 6.39208 6.37878 6.36614 6.35419 6.34296 6.33248 6.32279 6.31389 6.30582 6.29858 6.29219 6.28666 6.28201 6.27823 6.27534 6.27335 6.27224 
6.26597 6.26666 6.26827 6.27078 6.2742 6.27851 6.28371 6.2898 6.29677 6.30459 6.31326 6.32276 6.33307 6.34416 6.35601 6.36857 6.38183 6.39574 6.41025 6.42532 6.44089 6.45692 6.47335 6.49011 6.50713 6.52435 6.5417 6.55911 6.5765 6.5938 6.61092 6.6278 6.64435 6.6605 6.67618 6.6913 6.70581 6.71963 6.73269 6.74494 6.75631 6.76675 6.77621 6.78465 6.79201 6.79828 6.80341 6.80738 6.81018 6.81178 6.81219 6.8114 6.80941 6.80623 6.80188 6.79638 6.78976 6.78205 6.77329 6.76352 6.75279 6.74114 6.72865 6.71537 6.70136 6.6867 6.67145 6.65568 6.63948 6.62292 6.60606 6.589 6.57181 6.55457 6.53734 6.52021 6.50324 6.48651 6.47007 6.454 6.43836 6.42318 6.40854 6.39448 6.38104 6.36826 6.35618 6.34484 6.33425 6.32445 6.31546 6.30729 6.29997 6.29352 6.28793 6.28322 6.2794 6.27648 6.27446 6.27334 
6.26688 6.26758 6.2692 6.27174 6.27518 6.27953 6.28478 6.29093 6.29795 6.30585 6.31459 6.32418 6.33457 6.34576 6.3577 6.37038 6.38375 6.39777 6.4124 6.4276 6.4433 6.45946 6.47602 6.49291 6.51007 6.52743 6.54492 6.56247 6.57999 6.59742 6.61467 6.63168 6.64835 6.66463 6.68042 6.69566 6.71027 6.72419 6.73735 6.74969 6.76114 6.77166 6.78119 6.78968 6.7971 6.80341 6.80858 6.81258 6.81539 6.81701 6.81742 6.81662 6.81461 6.81141 6.80704 6.8015 6.79483 6.78706 6.77824 6.76839 6.75758 6.74586 6.73327 6.71989 6.70578 6.69101 6.67564 6.65976 6.64343 6.62674 6.60975 6.59256 6.57524 6.55785 6.54049 6.52322 6.50612 6.48925 6.47268 6.45648 6.4407 6.4254 6.41064 6.39646 6.3829 6.37001 6.35783 6.34638 6.33571 6.32582 6.31675 6.30851 6.30113 6.29461 6.28897 6.28423 6.28037 6.27743 6.27539 6.27426 
6.2676 6.26831 6.26994 6.27249 6.27596 6.28034 6.28562 6.29181 6.29888 6.30683 6.31563 6.32528 6.33575 6.347 6.35903 6.37179 6.38524 6.39935 6.41408 6.42937 6.44517 6.46144 6.4781 6.49509 6.51236 6.52982 6.54742 6.56507 6.5827 6.60023 6.61758 6.63469 6.65146 6.66783 6.68371 6.69904 6.71373 6.72773 6.74096 6.75337 6.76488 6.77546 6.78504 6.79358 6.80104 6.80738 6.81258 6.8166 6.81943 6.82106 6.82147 6.82066 6.81865 6.81543 6.81103 6.80546 6.79875 6.79094 6.78207 6.77217 6.7613 6.74951 6.73685 6.7234 6.7092 6.69434 6.67889 6.66291 6.64649 6.6297 6.61262 6.59532 6.57789 6.5604 6.54293 6.52556 6.50835 6.49138 6.4747 6.4584 6.44252 6.42713 6.41227 6.398 6.38435 6.37138 6.35912 6.3476 6.33685 6.32689 6.31776 6.30947 6.30204 6.29547 6.2898 6.28502 6.28114 6.27817 6.27612 6.27498 
6.26812 6.26883 6.27047 6.27303 6.27652 6.28092 6.28623 6.29245 6.29955 6.30754 6.31638 6.32607 6.33659 6.3479 6.35997 6.37279 6.3863 6.40048 6.41527 6.43063 6.4465 6.46284 6.47957 6.49664 6.51397 6.53151 6.54918 6.5669 6.5846 6.60221 6.61963 6.63681 6.65365 6.67008 6.68603 6.70141 6.71617 6.73022 6.7435 6.75596 6.76752 6.77813 6.78775 6.79632 6.80381 6.81018 6.81539 6.81943 6.82227 6.8239 6.82432 6.82351 6.82148 6.81825 6.81383 6.80824 6.80151 6.79367 6.78476 6.77483 6.76391 6.75207 6.73937 6.72586 6.71161 6.69669 6.68118 6.66513 6.64865 6.63179 6.61463 6.59727 6.57976 6.5622 6.54466 6.52721 6.50993 6.49288 6.47614 6.45976 6.44381 6.42835 6.41343 6.39909 6.38538 6.37235 6.36004 6.34846 6.33766 6.32766 6.31849 6.31016 6.30269 6.2961 6.29039 6.28559 6.28169 6.27871 6.27665 6.27551 
6.26845 6.26916 6.2708 6.27337 6.27686 6.28128 6.2866 6.29283 6.29996 6.30796 6.31683 6.32655 6.33709 6.34843 6.36054 6.37338 6.38693 6.40114 6.41597 6.43137 6.44728 6.46365 6.48042 6.49753 6.51491 6.53249 6.5502 6.56796 6.58571 6.60335 6.62082 6.63803 6.65491 6.67138 6.68736 6.70278 6.71757 6.73165 6.74496 6.75744 6.76903 6.77967 6.78931 6.7979 6.8054 6.81178 6.81701 6.82106 6.8239 6.82554 6.82595 6.82514 6.82311 6.81988 6.81544 6.80984 6.8031 6.79524 6.78631 6.77635 6.76541 6.75355 6.74081 6.72727 6.71299 6.69804 6.68249 6.66641 6.64988 6.63299 6.61579 6.59839 6.58084 6.56324 6.54566 6.52817 6.51084 6.49375 6.47697 6.46055 6.44457 6.42907 6.41411 6.39973 6.38599 6.37293 6.36058 6.34898 6.33815 6.32812 6.31893 6.31057 6.30309 6.29648 6.29076 6.28594 6.28203 6.27904 6.27697 6.27583 
