5.40736 5.40754 5.4078 5.40815 5.40858 5.4091 5.4097 5.41038 5.41115 5.41201 5.41295 5.41399 5.41511 5.41633 5.41763 5.41903 5.42052 5.42209 5.42376 5.42551 5.42735 5.42926 5.43125 5.43332 5.43544 5.43762 5.43986 5.44213 5.44444 5.44676 5.4491 5.45143 5.45376 5.45605 5.45831 5.46052 5.46266 5.46473 5.4667 5.46858 5.47033 5.47196 5.47346 5.4748 5.47599 5.47701 5.47787 5.47854 5.47903 5.47934 5.47945 5.47938 5.47912 5.47868 5.47805 5.47725 5.47628 5.47514 5.47385 5.47241 5.47084 5.46914 5.46733 5.46542 5.46342 5.46135 5.45922 5.45704 5.45482 5.45259 5.45034 5.4481 5.44587 5.44367 5.44151 5.4394 5.43734 5.43534 5.43341 5.43157 5.4298 5.42812 5.42654 5.42505 5.42365 5.42236 5.42116 5.42006 5.41907 5.41817 5.41737 5.41666 5.41605 5.41554 5.41512 5.41478 5.41454 5.41438 5.41431 5.41433 
5.40754 5.40772 5.40799 5.40834 5.40877 5.40929 5.40989 5.41058 5.41135 5.41221 5.41317 5.41421 5.41534 5.41656 5.41787 5.41928 5.42078 5.42237 5.42405 5.42581 5.42766 5.42959 5.4316 5.43367 5.43582 5.43802 5.44027 5.44256 5.44488 5.44723 5.44958 5.45194 5.45428 5.45659 5.45887 5.4611 5.46326 5.46534 5.46733 5.46922 5.47099 5.47263 5.47414 5.4755 5.47669 5.47773 5.47858 5.47926 5.47976 5.48006 5.48018 5.48011 5.47985 5.4794 5.47877 5.47796 5.47698 5.47583 5.47453 5.47308 5.47149 5.46978 5.46795 5.46603 5.46401 5.46192 5.45977 5.45757 5.45534 5.45309 5.45082 5.44856 5.44632 5.4441 5.44192 5.43979 5.43771 5.4357 5.43376 5.43189 5.43012 5.42842 5.42683 5.42532 5.42392 5.42261 5.4214 5.4203 5.41929 5.41839 5.41758 5.41687 5.41626 5.41574 5.41531 5.41497 5.41473 5.41457 5.4145 5.41451 
5.4078 5.40799 5.40826 5.40861 5.40905 5.40958 5.41019 5.41089 5.41168 5.41255 5.41352 5.41458 5.41574 5.41698 5.41832 5.41976 5.42129 5.42291 5.42462 5.42642 5.42831 5.43028 5.43233 5.43445 5.43663 5.43888 5.44118 5.44352 5.44589 5.44828 5.45069 5.45309 5.45548 5.45784 5.46017 5.46244 5.46464 5.46676 5.4688 5.47072 5.47253 5.47421 5.47574 5.47712 5.47834 5.4794 5.48027 5.48096 5.48147 5.48178 5.4819 5.48182 5.48155 5.4811 5.48045 5.47962 5.47862 5.47745 5.47612 5.47464 5.47302 5.47127 5.46941 5.46744 5.46539 5.46325 5.46106 5.45881 5.45653 5.45423 5.45192 5.44961 5.44732 5.44505 5.44283 5.44065 5.43852 5.43647 5.43449 5.43258 5.43076 5.42904 5.4274 5.42586 5.42443 5.42309 5.42186 5.42072 5.41969 5.41877 5.41794 5.41721 5.41658 5.41605 5.41561 5.41526 5.41501 5.41484 5.41477 5.41478 
5.40815 5.40834 5.40861 5.40897 5.40942 5.40996 5.41059 5.41131 5.41212 5.41303 5.41403 5.41512 5.41631 5.4176 5.41898 5.42046 5.42204 5.42372 5.42549 5.42735 5.4293 5.43133 5.43345 5.43564 5.4379 5.44022 5.44259 5.44501 5.44746 5.44993 5.45241 5.45489 5.45736 5.4598 5.4622 5.46454 5.46682 5.46901 5.4711 5.47309 5.47495 5.47668 5.47826 5.47969 5.48095 5.48203 5.48293 5.48364 5.48416 5.48448 5.4846 5.48452 5.48424 5.48377 5.4831 5.48225 5.48121 5.48 5.47863 5.4771 5.47543 5.47362 5.4717 5.46966 5.46754 5.46534 5.46307 5.46075 5.45839 5.45602 5.45363 5.45124 5.44887 5.44653 5.44423 5.44197 5.43978 5.43765 5.4356 5.43363 5.43175 5.42996 5.42826 5.42667 5.42518 5.4238 5.42251 5.42134 5.42027 5.41931 5.41845 5.41769 5.41703 5.41647 5.41602 5.41565 5.41538 5.41521 5.41512 5.41513 
5.40858 5.40877 5.40905 5.40942 5.40989 5.41045 5.4111 5.41185 5.41269 5.41363 5.41467 5.41582 5.41706 5.4184 5.41985 5.42139 5.42304 5.42479 5.42664 5.42859 5.43062 5.43275 5.43496 5.43725 5.43961 5.44203 5.44451 5.44703 5.44959 5.45217 5.45476 5.45735 5.45992 5.46247 5.46497 5.46741 5.46978 5.47207 5.47425 5.47632 5.47826 5.48006 5.4817 5.48319 5.4845 5.48562 5.48656 5.4873 5.48783 5.48817 5.48829 5.48821 5.48791 5.48742 5.48672 5.48583 5.48475 5.48348 5.48205 5.48045 5.47871 5.47682 5.47482 5.4727 5.47048 5.46818 5.46581 5.46339 5.46093 5.45845 5.45595 5.45346 5.45098 5.44854 5.44613 5.44377 5.44148 5.43925 5.4371 5.43504 5.43307 5.43119 5.42942 5.42775 5.42618 5.42473 5.42338 5.42215 5.42102 5.42001 5.4191 5.4183 5.41761 5.41702 5.41653 5.41614 5.41585 5.41566 5.41556 5.41556 
5.4091 5.40929 5.40958 5.40996 5.41045 5.41103 5.41171 5.4125 5.41339 5.41438 5.41547 5.41667 5.41798 5.4194 5.42092 5.42256 5.4243 5.42614 5.42809 5.43014 5.43229 5.43454 5.43687 5.43928 5.44177 5.44433 5.44694 5.4496 5.45229 5.45501 5.45774 5.46046 5.46317 5.46585 5.46848 5.47105 5.47354 5.47594 5.47824 5.48041 5.48245 5.48434 5.48607 5.48762 5.489 5.49018 5.49116 5.49193 5.49249 5.49284 5.49296 5.49287 5.49256 5.49204 5.4913 5.49036 5.48922 5.48789 5.48638 5.4847 5.48286 5.48088 5.47877 5.47653 5.4742 5.47178 5.46928 5.46673 5.46414 5.46152 5.45889 5.45626 5.45365 5.45107 5.44853 5.44604 5.44361 5.44126 5.43899 5.43681 5.43472 5.43274 5.43086 5.42909 5.42743 5.42589 5.42446 5.42315 5.42195 5.42087 5.4199 5.41905 5.4183 5.41767 5.41715 5.41673 5.41641 5.4162 5.41609 5.41608 
5.4097 5.40989 5.41019 5.41059 5.4111 5.41171 5.41244 5.41327 5.41421 5.41526 5.41642 5.4177 5.41909 5.42059 5.42221 5.42395 5.4258 5.42776 5.42984 5.43202 5.43431 5.43669 5.43917 5.44174 5.44438 5.4471 5.44987 5.4527 5.45556 5.45844 5.46134 5.46423 5.4671 5.46994 5.47273 5.47545 5.47809 5.48063 5.48306 5.48536 5.48752 5.48952 5.49135 5.49299 5.49444 5.49569 5.49672 5.49754 5.49813 5.49849 5.49862 5.49852 5.49819 5.49763 5.49685 5.49585 5.49464 5.49323 5.49163 5.48985 5.4879 5.48579 5.48355 5.48118 5.4787 5.47613 5.47349 5.47078 5.46802 5.46524 5.46245 5.45965 5.45688 5.45413 5.45143 5.44878 5.4462 5.44369 5.44127 5.43894 5.43672 5.4346 5.43259 5.4307 5.42893 5.42728 5.42575 5.42434 5.42305 5.42189 5.42085 5.41993 5.41913 5.41844 5.41787 5.41742 5.41707 5.41684 5.41671 5.41669 
5.41038 5.41058 5.41089 5.41131 5.41185 5.4125 5.41327 5.41415 5.41515 5.41627 5.41752 5.41888 5.42037 5.42198 5.42372 5.42557 5.42756 5.42966 5.43188 5.43422 5.43666 5.43922 5.44187 5.44462 5.44745 5.45035 5.45332 5.45633 5.45939 5.46247 5.46556 5.46865 5.47171 5.47474 5.47771 5.48062 5.48343 5.48614 5.48873 5.49118 5.49347 5.4956 5.49754 5.49929 5.50083 5.50216 5.50325 5.50412 5.50474 5.50513 5.50526 5.50515 5.5048 5.5042 5.50336 5.50229 5.501 5.49949 5.49778 5.49588 5.4938 5.49156 5.48916 5.48663 5.48399 5.48124 5.47842 5.47552 5.47258 5.46961 5.46662 5.46363 5.46066 5.45772 5.45483 5.45199 5.44922 5.44654 5.44394 5.44144 5.43905 5.43678 5.43462 5.43259 5.43068 5.4289 5.42725 5.42573 5.42434 5.42308 5.42195 5.42095 5.42008 5.41933 5.41871 5.41821 5.41782 5.41756 5.41741 5.41738 
5.41115 5.41135 5.41168 5.41212 5.41269 5.41339 5.41421 5.41515 5.41623 5.41743 5.41877 5.42023 5.42183 5.42357 5.42543 5.42743 5.42957 5.43183 5.43422 5.43674 5.43937 5.44212 5.44497 5.44792 5.45096 5.45408 5.45727 5.46051 5.46379 5.4671 5.47041 5.47372 5.47701 5.48025 5.48344 5.48655 5.48956 5.49246 5.49523 5.49785 5.5003 5.50257 5.50465 5.50652 5.50816 5.50957 5.51074 5.51167 5.51233 5.51273 5.51288 5.51275 5.51237 5.51172 5.51083 5.50968 5.50829 5.50668 5.50484 5.5028 5.50057 5.49817 5.4956 5.49289 5.49005 5.48711 5.48407 5.48097 5.47781 5.47462 5.47141 5.4682 5.465 5.46184 5.45873 5.45567 5.45269 5.4498 5.447 5.44431 5.44173 5.43927 5.43694 5.43474 5.43267 5.43075 5.42896 5.42731 5.4258 5.42443 5.4232 5.42211 5.42116 5.42034 5.41965 5.4191 5.41867 5.41837 5.4182 5.41815 
5.41201 5.41221 5.41255 5.41303 5.41363 5.41438 5.41526 5.41627 5.41743 5.41873 5.42017 5.42175 5.42348 5.42535 5.42737 5.42953 5.43183 5.43428 5.43686 5.43958 5.44242 5.44539 5.44847 5.45165 5.45493 5.4583 5.46173 5.46523 5.46876 5.47232 5.47589 5.47945 5.48299 5.48648 5.4899 5.49324 5.49647 5.49959 5.50256 5.50537 5.508 5.51043 5.51266 5.51466 5.51642 5.51793 5.51919 5.52017 5.52088 5.52131 5.52145 5.52132 5.5209 5.52021 5.51924 5.518 5.51651 5.51478 5.5128 5.51061 5.50821 5.50562 5.50286 5.49994 5.49689 5.49372 5.49046 5.48711 5.48371 5.48027 5.47681 5.47335 5.4699 5.46649 5.46313 5.45983 5.45661 5.45348 5.45046 5.44754 5.44475 5.44209 5.43956 5.43717 5.43493 5.43283 5.43088 5.42909 5.42744 5.42595 5.42461 5.42341 5.42237 5.42147 5.42071 5.4201 5.41962 5.41928 5.41908 5.41902 
5.41295 5.41317 5.41352 5.41403 5.41467 5.41547 5.41642 5.41752 5.41877 5.42017 5.42173 5.42344 5.42531 5.42734 5.42952 5.43186 5.43436 5.43701 5.4398 5.44274 5.44582 5.44903 5.45237 5.45581 5.45936 5.46299 5.46671 5.47048 5.47429 5.47814 5.48199 5.48583 5.48964 5.4934 5.49709 5.50068 5.50417 5.50752 5.51071 5.51373 5.51656 5.51918 5.52157 5.52372 5.52561 5.52723 5.52857 5.52962 5.53038 5.53084 5.53099 5.53084 5.53039 5.52964 5.52859 5.52726 5.52565 5.52378 5.52165 5.51929 5.5167 5.51391 5.51093 5.50779 5.5045 5.50108 5.49756 5.49395 5.49028 5.48656 5.48282 5.47908 5.47536 5.47167 5.46803 5.46446 5.46098 5.45758 5.4543 5.45114 5.44811 5.44522 5.44247 5.43987 5.43743 5.43515 5.43302 5.43106 5.42927 5.42763 5.42616 5.42485 5.4237 5.42271 5.42188 5.4212 5.42067 5.42029 5.42006 5.41997 
5.41399 5.41421 5.41458 5.41512 5.41582 5.41667 5.4177 5.41888 5.42023 5.42175 5.42344 5.4253 5.42732 5.42952 5.43189 5.43443 5.43714 5.44001 5.44305 5.44624 5.44957 5.45305 5.45666 5.4604 5.46424 5.46817 5.47219 5.47627 5.48039 5.48454 5.4887 5.49285 5.49697 5.50102 5.505 5.50888 5.51263 5.51624 5.51968 5.52293 5.52598 5.52879 5.53136 5.53367 5.5357 5.53744 5.53888 5.54001 5.54082 5.54131 5.54147 5.5413 5.54081 5.54 5.53887 5.53743 5.53569 5.53367 5.53138 5.52883 5.52604 5.52303 5.51981 5.51642 5.51287 5.50918 5.50537 5.50147 5.4975 5.49349 5.48944 5.4854 5.48137 5.47737 5.47343 5.46956 5.46578 5.4621 5.45854 5.45511 5.45181 5.44867 5.44568 5.44285 5.44019 5.4377 5.43538 5.43324 5.43127 5.42949 5.42787 5.42644 5.42517 5.42408 5.42316 5.4224 5.42181 5.42138 5.42112 5.42102 
5.41511 5.41534 5.41574 5.41631 5.41706 5.41798 5.41909 5.42037 5.42183 5.42348 5.42531 5.42732 5.42953 5.43191 5.43449 5.43724 5.44018 5.4433 5.44659 5.45005 5.45367 5.45744 5.46136 5.4654 5.46956 5.47382 5.47817 5.48258 5.48705 5.49154 5.49603 5.50051 5.50495 5.50933 5.51362 5.51781 5.52185 5.52574 5.52945 5.53295 5.53623 5.53926 5.54203 5.54451 5.54669 5.54856 5.55011 5.55132 5.55219 5.5527 5.55287 5.55269 5.55215 5.55127 5.55005 5.5485 5.54662 5.54444 5.54197 5.53921 5.5362 5.53295 5.52948 5.52582 5.52198 5.518 5.51388 5.50967 5.50538 5.50104 5.49666 5.49228 5.48792 5.48359 5.47932 5.47513 5.47103 5.46703 5.46317 5.45944 5.45585 5.45243 5.44918 5.4461 5.44319 5.44048 5.43795 5.43561 5.43346 5.4315 5.42974 5.42816 5.42677 5.42557 5.42455 5.42371 5.42305 5.42258 5.42228 5.42215 
5.41633 5.41656 5.41698 5.4176 5.4184 5.4194 5.42059 5.42198 5.42357 5.42535 5.42734 5.42952 5.43191 5.4345 5.4373 5.44029 5.44348 5.44686 5.45044 5.45419 5.45812 5.46221 5.46645 5.47083 5.47533 5.47995 5.48465 5.48943 5.49425 5.4991 5.50396 5.5088 5.51359 5.51832 5.52295 5.52746 5.53182 5.53601 5.54001 5.54378 5.5473 5.55057 5.55354 5.55621 5.55856 5.56056 5.56222 5.56352 5.56445 5.565 5.56518 5.56498 5.5644 5.56344 5.56212 5.56045 5.55843 5.55607 5.5534 5.55043 5.54718 5.54368 5.53993 5.53598 5.53184 5.52753 5.52309 5.51854 5.5139 5.5092 5.50447 5.49974 5.49501 5.49033 5.4857 5.48115 5.47671 5.47238 5.46818 5.46413 5.46023 5.45651 5.45297 5.44962 5.44646 5.44349 5.44073 5.43818 5.43583 5.43369 5.43176 5.43003 5.4285 5.42718 5.42605 5.42513 5.4244 5.42387 5.42353 5.42338 
5.41763 5.41787 5.41832 5.41898 5.41985 5.42092 5.42221 5.42372 5.42543 5.42737 5.42952 5.43189 5.43449 5.4373 5.44033 5.44358 5.44704 5.45071 5.45458 5.45865 5.4629 5.46733 5.47193 5.47667 5.48155 5.48654 5.49162 5.49678 5.502 5.50724 5.51248 5.5177 5.52288 5.52797 5.53296 5.53782 5.54252 5.54703 5.55133 5.55539 5.55918 5.56269 5.56588 5.56875 5.57127 5.57343 5.57521 5.5766 5.57759 5.57818 5.57837 5.57814 5.57752 5.57649 5.57506 5.57325 5.57107 5.56854 5.56566 5.56246 5.55895 5.55517 5.55114 5.54688 5.54241 5.53776 5.53297 5.52806 5.52305 5.51798 5.51286 5.50774 5.50263 5.49756 5.49256 5.48763 5.48281 5.47812 5.47357 5.46917 5.46495 5.4609 5.45705 5.4534 5.44997 5.44674 5.44373 5.44095 5.43838 5.43604 5.43393 5.43203 5.43036 5.42891 5.42767 5.42665 5.42585 5.42525 5.42487 5.42469 
5.41903 5.41928 5.41976 5.42046 5.42139 5.42256 5.42395 5.42557 5.42743 5.42953 5.43186 5.43443 5.43724 5.44029 5.44358 5.44709 5.45084 5.45482 5.45901 5.46342 5.46803 5.47282 5.47779 5.48292 5.48819 5.49358 5.49907 5.50464 5.51027 5.51592 5.52158 5.52721 5.53278 5.53827 5.54364 5.54887 5.55392 5.55877 5.56339 5.56775 5.57183 5.57559 5.57903 5.5821 5.58481 5.58712 5.58903 5.59052 5.59158 5.59221 5.5924 5.59216 5.59148 5.59037 5.58883 5.58688 5.58454 5.58181 5.57871 5.57526 5.57149 5.56743 5.56308 5.55849 5.55368 5.54867 5.54351 5.53821 5.53281 5.52733 5.52182 5.51629 5.51077 5.50529 5.49988 5.49456 5.48934 5.48426 5.47933 5.47457 5.46998 5.4656 5.46142 5.45746 5.45372 5.45021 5.44694 5.44391 5.44111 5.43856 5.43625 5.43418 5.43235 5.43076 5.42941 5.42828 5.42739 5.42673 5.4263 5.4261 
5.42052 5.42078 5.42129 5.42204 5.42304 5.4243 5.4258 5.42756 5.42957 5.43183 5.43436 5.43714 5.44018 5.44348 5.44704 5.45084 5.4549 5.4592 5.46374 5.4685 5.47348 5.47866 5.48402 5.48956 5.49525 5.50106 5.50699 5.51299 5.51905 5.52514 5.53123 5.53729 5.54328 5.54918 5.55496 5.56058 5.566 5.57121 5.57617 5.58085 5.58522 5.58926 5.59294 5.59624 5.59913 5.60161 5.60365 5.60524 5.60638 5.60705 5.60725 5.60698 5.60625 5.60505 5.6034 5.60131 5.59879 5.59585 5.59252 5.58882 5.58477 5.5804 5.57573 5.57079 5.56561 5.56023 5.55467 5.54897 5.54316 5.53726 5.53132 5.52536 5.51941 5.5135 5.50766 5.50191 5.49628 5.49079 5.48546 5.4803 5.47534 5.47059 5.46607 5.46177 5.45772 5.45391 5.45036 5.44706 5.44402 5.44124 5.43873 5.43647 5.43447 5.43273 5.43125 5.43002 5.42904 5.42831 5.42783 5.4276 
5.42209 5.42237 5.42291 5.42372 5.42479 5.42614 5.42776 5.42966 5.43183 5.43428 5.43701 5.44001 5.4433 5.44686 5.45071 5.45482 5.4592 5.46385 5.46874 5.47388 5.47925 5.48484 5.49062 5.49659 5.50272 5.50898 5.51535 5.52181 5.52833 5.53488 5.54142 5.54793 5.55436 5.5607 5.56689 5.57292 5.57874 5.58432 5.58963 5.59465 5.59933 5.60365 5.60758 5.61111 5.61421 5.61685 5.61903 5.62073 5.62194 5.62266 5.62287 5.62258 5.62179 5.6205 5.61873 5.61649 5.61378 5.61064 5.60707 5.6031 5.59875 5.59406 5.58905 5.58375 5.5782 5.57242 5.56645 5.56032 5.55407 5.54774 5.54135 5.53493 5.52853 5.52217 5.51587 5.50968 5.50361 5.49769 5.49193 5.48637 5.48101 5.47588 5.47099 5.46634 5.46195 5.45783 5.45397 5.4504 5.4471 5.44408 5.44135 5.43889 5.43672 5.43482 5.4332 5.43186 5.43079 5.42999 5.42946 5.42919 
5.42376 5.42405 5.42462 5.42549 5.42664 5.42809 5.42984 5.43188 5.43422 5.43686 5.4398 5.44305 5.44659 5.45044 5.45458 5.45901 5.46374 5.46874 5.47402 5.47955 5.48533 5.49135 5.49757 5.50399 5.51057 5.5173 5.52415 5.53109 5.53808 5.54511 5.55212 5.5591 5.56599 5.57278 5.57941 5.58586 5.59209 5.59806 5.60374 5.6091 5.6141 5.61872 5.62292 5.62668 5.62999 5.63281 5.63514 5.63695 5.63824 5.63899 5.63922 5.6389 5.63805 5.63668 5.63478 5.63238 5.62948 5.62611 5.62229 5.61805 5.6134 5.60837 5.60301 5.59734 5.59139 5.58519 5.5788 5.57223 5.56553 5.55873 5.55187 5.54499 5.53811 5.53127 5.52451 5.51785 5.51132 5.50494 5.49875 5.49275 5.48698 5.48145 5.47616 5.47115 5.46641 5.46195 5.45779 5.45392 5.45035 5.44708 5.44411 5.44145 5.43909 5.43703 5.43527 5.4338 5.43263 5.43175 5.43117 5.43087 
5.42551 5.42581 5.42642 5.42735 5.42859 5.43014 5.43202 5.43422 5.43674 5.43958 5.44274 5.44624 5.45005 5.45419 5.45865 5.46342 5.4685 5.47388 5.47955 5.4855 5.49171 5.49817 5.50485 5.51173 5.5188 5.52601 5.53335 5.54079 5.54828 5.5558 5.5633 5.57076 5.57814 5.58539 5.59248 5.59937 5.60602 5.61239 5.61845 5.62416 5.6295 5.63442 5.6389 5.64291 5.64643 5.64943 5.65191 5.65383 5.6552 5.65601 5.65624 5.6559 5.65499 5.65352 5.65149 5.64893 5.64583 5.64224 5.63816 5.63362 5.62866 5.6233 5.61757 5.6115 5.60514 5.59852 5.59168 5.58466 5.57749 5.57021 5.56287 5.55549 5.54813 5.5408 5.53354 5.5264 5.51939 5.51254 5.50589 5.49944 5.49324 5.48728 5.48159 5.47619 5.47108 5.46628 5.46179 5.45761 5.45376 5.45022 5.44702 5.44414 5.44158 5.43935 5.43743 5.43584 5.43457 5.43361 5.43297 5.43264 
5.42735 5.42766 5.42831 5.4293 5.43062 5.43229 5.43431 5.43666 5.43937 5.44242 5.44582 5.44957 5.45367 5.45812 5.4629 5.46803 5.47348 5.47925 5.48533 5.49171 5.49837 5.50529 5.51244 5.51981 5.52737 5.53509 5.54294 5.55089 5.55889 5.56692 5.57493 5.58289 5.59076 5.59849 5.60605 5.61339 5.62048 5.62726 5.63372 5.6398 5.64547 5.6507 5.65547 5.65973 5.66347 5.66666 5.66929 5.67133 5.67279 5.67364 5.67388 5.67351 5.67254 5.67097 5.66881 5.66608 5.66279 5.65896 5.65461 5.64978 5.64449 5.63878 5.63267 5.62621 5.61943 5.61237 5.60507 5.59758 5.58992 5.58215 5.57431 5.56642 5.55855 5.55071 5.54295 5.5353 5.52779 5.52046 5.51332 5.50642 5.49976 5.49337 5.48726 5.48146 5.47597 5.4708 5.46597 5.46147 5.45732 5.45351 5.45006 5.44695 5.44418 5.44177 5.4397 5.43798 5.4366 5.43555 5.43485 5.43449 
5.42926 5.42959 5.43028 5.43133 5.43275 5.43454 5.43669 5.43922 5.44212 5.44539 5.44903 5.45305 5.45744 5.46221 5.46733 5.47282 5.47866 5.48484 5.49135 5.49817 5.50529 5.51268 5.52033 5.5282 5.53627 5.54451 5.55288 5.56135 5.56988 5.57844 5.58698 5.59545 5.60382 5.61205 5.62009 5.62789 5.63542 5.64263 5.64948 5.65594 5.66196 5.66752 5.67257 5.67709 5.68105 5.68444 5.68722 5.68939 5.69092 5.69182 5.69207 5.69168 5.69065 5.68898 5.68669 5.68378 5.68028 5.67621 5.6716 5.66647 5.66085 5.65477 5.64828 5.64141 5.63419 5.62668 5.61892 5.61093 5.60278 5.59451 5.58615 5.57774 5.56934 5.56098 5.5527 5.54453 5.53651 5.52867 5.52105 5.51366 5.50653 5.49969 5.49315 5.48693 5.48104 5.4755 5.47031 5.46549 5.46103 5.45694 5.45322 5.44987 5.4469 5.4443 5.44207 5.4402 5.43871 5.43758 5.43682 5.43642 
5.43125 5.4316 5.43233 5.43345 5.43496 5.43687 5.43917 5.44187 5.44497 5.44847 5.45237 5.45666 5.46136 5.46645 5.47193 5.47779 5.48402 5.49062 5.49757 5.50485 5.51244 5.52033 5.52847 5.53686 5.54546 5.55423 5.56314 5.57215 5.58122 5.59032 5.59939 5.60839 5.61728 5.62601 5.63454 5.64281 5.65079 5.65844 5.6657 5.67254 5.67891 5.68479 5.69014 5.69493 5.69912 5.7027 5.70564 5.70793 5.70955 5.7105 5.71076 5.71034 5.70924 5.70747 5.70504 5.70196 5.69826 5.69394 5.68905 5.68361 5.67765 5.67121 5.66433 5.65704 5.64938 5.64141 5.63317 5.62469 5.61603 5.60724 5.59835 5.58941 5.58047 5.57158 5.56276 5.55406 5.54551 5.53716 5.52902 5.52114 5.51353 5.50623 5.49924 5.49259 5.4863 5.48037 5.47482 5.46965 5.46487 5.46048 5.4565 5.45291 5.44971 5.44692 5.44452 5.44252 5.44091 5.43969 5.43886 5.43842 
5.43332 5.43367 5.43445 5.43564 5.43725 5.43928 5.44174 5.44462 5.44792 5.45165 5.45581 5.4604 5.4654 5.47083 5.47667 5.48292 5.48956 5.49659 5.50399 5.51173 5.51981 5.5282 5.53686 5.54578 5.55491 5.56422 5.57368 5.58325 5.59287 5.60251 5.61212 5.62166 5.63108 5.64032 5.64935 5.6581 5.66654 5.67462 5.6823 5.68953 5.69626 5.70247 5.70812 5.71317 5.71759 5.72137 5.72447 5.72688 5.72859 5.72959 5.72986 5.72942 5.72826 5.72638 5.72381 5.72056 5.71664 5.71208 5.70691 5.70116 5.69486 5.68804 5.68076 5.67305 5.66495 5.65651 5.64777 5.6388 5.62962 5.6203 5.61087 5.60139 5.59191 5.58246 5.57309 5.56385 5.55477 5.54588 5.53723 5.52884 5.52074 5.51296 5.50552 5.49843 5.49171 5.48539 5.47946 5.47394 5.46884 5.46415 5.45988 5.45604 5.45262 5.44963 5.44706 5.44491 5.44318 5.44187 5.44098 5.4405 
5.43544 5.43582 5.43663 5.4379 5.43961 5.44177 5.44438 5.44745 5.45096 5.45493 5.45936 5.46424 5.46956 5.47533 5.48155 5.48819 5.49525 5.50272 5.51057 5.5188 5.52737 5.53627 5.54546 5.55491 5.56459 5.57446 5.58447 5.59459 5.60478 5.61497 5.62514 5.63522 5.64517 5.65493 5.66446 5.6737 5.6826 5.69113 5.69922 5.70684 5.71394 5.72048 5.72643 5.73174 5.7364 5.74038 5.74364 5.74618 5.74798 5.74902 5.74931 5.74883 5.74761 5.74563 5.74292 5.73949 5.73536 5.73055 5.7251 5.71903 5.71238 5.7052 5.69751 5.68937 5.68082 5.67191 5.66268 5.65319 5.64349 5.63363 5.62366 5.61363 5.60359 5.59359 5.58367 5.57387 5.56424 5.55482 5.54564 5.53673 5.52813 5.51986 5.51195 5.50442 5.49727 5.49054 5.48423 5.47835 5.47291 5.46791 5.46337 5.45927 5.45562 5.45242 5.44967 5.44737 5.44552 5.44411 5.44315 5.44264 
5.43762 5.43802 5.43888 5.44022 5.44203 5.44433 5.4471 5.45035 5.45408 5.4583 5.46299 5.46817 5.47382 5.47995 5.48654 5.49358 5.50106 5.50898 5.5173 5.52601 5.53509 5.54451 5.55423 5.56422 5.57446 5.58488 5.59546 5.60615 5.6169 5.62766 5.63838 5.64901 5.65949 5.66977 5.67981 5.68954 5.69891 5.70788 5.71639 5.7244 5.73187 5.73874 5.74499 5.75058 5.75547 5.75964 5.76307 5.76573 5.76762 5.76871 5.76901 5.76851 5.76722 5.76514 5.76229 5.75868 5.75434 5.74928 5.74355 5.73716 5.73017 5.72261 5.71451 5.70594 5.69694 5.68755 5.67783 5.66782 5.6576 5.6472 5.63668 5.62609 5.61549 5.60492 5.59444 5.58408 5.5739 5.56393 5.55421 5.54478 5.53567 5.52691 5.51853 5.51053 5.50296 5.49581 5.48911 5.48287 5.47708 5.47177 5.46693 5.46257 5.45868 5.45528 5.45235 5.4499 5.44792 5.44642 5.44539 5.44484 
5.43986 5.44027 5.44118 5.44259 5.44451 5.44694 5.44987 5.45332 5.45727 5.46173 5.46671 5.47219 5.47817 5.48465 5.49162 5.49907 5.50699 5.51535 5.52415 5.53335 5.54294 5.55288 5.56314 5.57368 5.58447 5.59546 5.60661 5.61787 5.62918 5.64051 5.65179 5.66296 5.67399 5.68479 5.69534 5.70556 5.7154 5.72481 5.73374 5.74215 5.74998 5.75719 5.76374 5.76959 5.77472 5.77909 5.78268 5.78547 5.78744 5.78858 5.78889 5.78837 5.78701 5.78483 5.78184 5.77805 5.77349 5.76819 5.76217 5.75547 5.74813 5.74019 5.7317 5.72269 5.71323 5.70337 5.69315 5.68263 5.67187 5.66093 5.64986 5.63871 5.62755 5.61641 5.60536 5.59444 5.5837 5.57318 5.56292 5.55296 5.54334 5.53408 5.52521 5.51676 5.50874 5.50118 5.49408 5.48746 5.48133 5.4757 5.47057 5.46594 5.46182 5.4582 5.45509 5.45248 5.45038 5.44878 5.44768 5.44709 
5.44213 5.44256 5.44352 5.44501 5.44703 5.4496 5.4527 5.45633 5.46051 5.46523 5.47048 5.47627 5.48258 5.48943 5.49678 5.50464 5.51299 5.52181 5.53109 5.54079 5.55089 5.56135 5.57215 5.58325 5.59459 5.60615 5.61787 5.62969 5.64158 5.65347 5.66531 5.67703 5.68859 5.69993 5.71098 5.72168 5.73199 5.74185 5.7512 5.75999 5.76818 5.77573 5.78258 5.7887 5.79406 5.79863 5.80238 5.80529 5.80735 5.80854 5.80887 5.80831 5.80689 5.80461 5.80148 5.79752 5.79275 5.7872 5.7809 5.77389 5.7662 5.75789 5.74899 5.73955 5.72964 5.71929 5.70858 5.69755 5.68626 5.67478 5.66315 5.65144 5.63971 5.62801 5.61639 5.6049 5.5936 5.58253 5.57173 5.56124 5.55109 5.54133 5.53198 5.52306 5.5146 5.50661 5.49912 5.49213 5.48565 5.47969 5.47426 5.46936 5.465 5.46117 5.45787 5.4551 5.45287 5.45118 5.45001 5.44937 
5.44444 5.44488 5.44589 5.44746 5.44959 5.45229 5.45556 5.45939 5.46379 5.46876 5.47429 5.48039 5.48705 5.49425 5.502 5.51027 5.51905 5.52833 5.53808 5.54828 5.55889 5.56988 5.58122 5.59287 5.60478 5.6169 5.62918 5.64158 5.65403 5.66649 5.67888 5.69115 5.70325 5.7151 5.72665 5.73785 5.74862 5.75892 5.76868 5.77786 5.78641 5.79428 5.80143 5.80782 5.81341 5.81817 5.82208 5.82512 5.82726 5.82851 5.82884 5.82826 5.82678 5.82439 5.82112 5.81699 5.81201 5.80622 5.79964 5.79232 5.78429 5.7756 5.7663 5.75644 5.74608 5.73526 5.72405 5.71251 5.7007 5.68867 5.6765 5.66423 5.65193 5.63966 5.62748 5.61543 5.60356 5.59194 5.58059 5.56957 5.55891 5.54864 5.5388 5.52942 5.52051 5.5121 5.5042 5.49683 5.49 5.48372 5.47799 5.47282 5.46822 5.46417 5.46068 5.45776 5.4554 5.45361 5.45237 5.45169 
5.44676 5.44723 5.44828 5.44993 5.45217 5.45501 5.45844 5.46247 5.4671 5.47232 5.47814 5.48454 5.49154 5.4991 5.50724 5.51592 5.52514 5.53488 5.54511 5.5558 5.56692 5.57844 5.59032 5.60251 5.61497 5.62766 5.64051 5.65347 5.66649 5.6795 5.69244 5.70526 5.71788 5.73025 5.7423 5.75397 5.7652 5.77593 5.78611 5.79567 5.80458 5.81277 5.82021 5.82686 5.83268 5.83763 5.8417 5.84486 5.84709 5.84838 5.84872 5.84812 5.84657 5.84409 5.84069 5.83638 5.8312 5.82516 5.81831 5.81068 5.80232 5.79327 5.78357 5.77329 5.76248 5.7512 5.7395 5.72745 5.71512 5.70256 5.68983 5.67701 5.66416 5.65132 5.63857 5.62596 5.61354 5.60136 5.58947 5.57792 5.56674 5.55597 5.54565 5.5358 5.52644 5.51761 5.50931 5.50157 5.49439 5.48778 5.48175 5.47631 5.47146 5.46719 5.46352 5.46044 5.45795 5.45606 5.45475 5.45403 
5.4491 5.44958 5.45069 5.45241 5.45476 5.45774 5.46134 5.46556 5.47041 5.47589 5.48199 5.4887 5.49603 5.50396 5.51248 5.52158 5.53123 5.54142 5.55212 5.5633 5.57493 5.58698 5.59939 5.61212 5.62514 5.63838 5.65179 5.66531 5.67888 5.69244 5.70593 5.71928 5.73242 5.7453 5.75784 5.76998 5.78166 5.79282 5.8034 5.81334 5.82259 5.8311 5.83883 5.84574 5.85178 5.85692 5.86114 5.86442 5.86673 5.86807 5.86843 5.8678 5.86619 5.86361 5.86008 5.8556 5.85022 5.84395 5.83683 5.8289 5.8202 5.81079 5.80071 5.79002 5.77877 5.76702 5.75485 5.7423 5.72945 5.71636 5.7031 5.68973 5.67632 5.66293 5.64962 5.63645 5.62348 5.61075 5.59833 5.58625 5.57456 5.56329 5.55248 5.54217 5.53237 5.52312 5.51442 5.5063 5.49877 5.49184 5.48551 5.4798 5.4747 5.47023 5.46637 5.46313 5.46051 5.45852 5.45714 5.45638 
5.45143 5.45194 5.45309 5.45489 5.45735 5.46046 5.46423 5.46865 5.47372 5.47945 5.48583 5.49285 5.50051 5.5088 5.5177 5.52721 5.53729 5.54793 5.5591 5.57076 5.58289 5.59545 5.60839 5.62166 5.63522 5.64901 5.66296 5.67703 5.69115 5.70526 5.71928 5.73315 5.74681 5.76018 5.7732 5.78581 5.79793 5.80951 5.82048 5.83078 5.84038 5.8492 5.85721 5.86436 5.87062 5.87595 5.88032 5.88371 5.88611 5.88749 5.88786 5.88721 5.88554 5.88287 5.87921 5.87457 5.86898 5.86248 5.8551 5.84688 5.83786 5.8281 5.81764 5.80654 5.79486 5.78267 5.77002 5.75698 5.74363 5.73002 5.71623 5.70232 5.68837 5.67443 5.66057 5.64685 5.63334 5.62007 5.60712 5.59452 5.58232 5.57056 5.55928 5.54851 5.53827 5.5286 5.51951 5.51101 5.50314 5.49588 5.48926 5.48328 5.47794 5.47325 5.46921 5.46582 5.46307 5.46098 5.45953 5.45873 
5.45376 5.45428 5.45548 5.45736 5.45992 5.46317 5.4671 5.47171 5.47701 5.48299 5.48964 5.49697 5.50495 5.51359 5.52288 5.53278 5.54328 5.55436 5.56599 5.57814 5.59076 5.60382 5.61728 5.63108 5.64517 5.65949 5.67399 5.68859 5.70325 5.71788 5.73242 5.74681 5.76097 5.77482 5.78831 5.80137 5.81392 5.8259 5.83725 5.84792 5.85784 5.86697 5.87525 5.88264 5.88911 5.89462 5.89914 5.90265 5.90512 5.90655 5.90693 5.90626 5.90453 5.90177 5.89798 5.89318 5.88741 5.88069 5.87305 5.86454 5.85521 5.8451 5.83427 5.82278 5.81069 5.79805 5.78494 5.77143 5.75758 5.74347 5.72916 5.71473 5.70024 5.68577 5.67137 5.65712 5.64306 5.62927 5.6158 5.60269 5.58999 5.57775 5.566 5.55477 5.5441 5.53402 5.52454 5.51568 5.50746 5.49989 5.49298 5.48673 5.48116 5.47626 5.47203 5.46848 5.46561 5.46342 5.4619 5.46107 
5.45605 5.45659 5.45784 5.4598 5.46247 5.46585 5.46994 5.47474 5.48025 5.48648 5.4934 5.50102 5.50933 5.51832 5.52797 5.53827 5.54918 5.5607 5.57278 5.58539 5.59849 5.61205 5.62601 5.64032 5.65493 5.66977 5.68479 5.69993 5.7151 5.73025 5.7453 5.76018 5.77482 5.78915 5.8031 5.81659 5.82955 5.84193 5.85365 5.86466 5.87491 5.88432 5.89287 5.9005 5.90717 5.91285 5.91751 5.92113 5.92368 5.92516 5.92555 5.92485 5.92307 5.92022 5.91631 5.91136 5.9054 5.89846 5.89058 5.8818 5.87216 5.86173 5.85054 5.83866 5.82616 5.8131 5.79955 5.78558 5.77125 5.75664 5.74183 5.72689 5.71188 5.69688 5.68196 5.66718 5.65261 5.63831 5.62432 5.61071 5.59753 5.58481 5.5726 5.56094 5.54985 5.53936 5.5295 5.52028 5.51172 5.50384 5.49664 5.49014 5.48433 5.47922 5.47482 5.47112 5.46812 5.46583 5.46425 5.46338 
5.45831 5.45887 5.46017 5.4622 5.46497 5.46848 5.47273 5.47771 5.48344 5.4899 5.49709 5.505 5.51362 5.52295 5.53296 5.54364 5.55496 5.56689 5.57941 5.59248 5.60605 5.62009 5.63454 5.64935 5.66446 5.67981 5.69534 5.71098 5.72665 5.7423 5.75784 5.7732 5.78831 5.8031 5.81748 5.83139 5.84476 5.85751 5.86959 5.88094 5.89149 5.90118 5.90998 5.91784 5.92471 5.93056 5.93535 5.93907 5.9417 5.94322 5.94362 5.9429 5.94107 5.93813 5.93411 5.92901 5.92288 5.91573 5.90761 5.89857 5.88864 5.87788 5.86635 5.85411 5.84122 5.82775 5.81376 5.79934 5.78455 5.76947 5.75418 5.73874 5.72323 5.70772 5.69229 5.67701 5.66193 5.64712 5.63265 5.61855 5.60489 5.59172 5.57906 5.56697 5.55546 5.54458 5.53435 5.52478 5.5159 5.50772 5.50024 5.49348 5.48744 5.48213 5.47755 5.4737 5.47059 5.46821 5.46656 5.46565 
5.46052 5.4611 5.46244 5.46454 5.46741 5.47105 5.47545 5.48062 5.48655 5.49324 5.50068 5.50888 5.51781 5.52746 5.53782 5.54887 5.56058 5.57292 5.58586 5.59937 5.61339 5.62789 5.64281 5.6581 5.6737 5.68954 5.70556 5.72168 5.73785 5.75397 5.76998 5.78581 5.80137 5.81659 5.83139 5.8457 5.85945 5.87257 5.885 5.89666 5.9075 5.91747 5.92651 5.93458 5.94164 5.94764 5.95257 5.95639 5.95909 5.96065 5.96106 5.96032 5.95844 5.95543 5.95129 5.94606 5.93975 5.93241 5.92406 5.91476 5.90456 5.89349 5.88164 5.86904 5.85578 5.84191 5.82752 5.81266 5.79743 5.78189 5.76613 5.75021 5.73422 5.71823 5.70231 5.68653 5.67097 5.65568 5.64072 5.62616 5.61205 5.59842 5.58534 5.57283 5.56093 5.54967 5.53907 5.52917 5.51997 5.51149 5.50374 5.49674 5.49048 5.48497 5.48022 5.47623 5.473 5.47053 5.46882 5.46787 
5.46266 5.46326 5.46464 5.46682 5.46978 5.47354 5.47809 5.48343 5.48956 5.49647 5.50417 5.51263 5.52185 5.53182 5.54252 5.55392 5.566 5.57874 5.59209 5.60602 5.62048 5.63542 5.65079 5.66654 5.6826 5.69891 5.7154 5.73199 5.74862 5.7652 5.78166 5.79793 5.81392 5.82955 5.84476 5.85945 5.87357 5.88704 5.89978 5.91175 5.92287 5.9331 5.94237 5.95065 5.95788 5.96404 5.96909 5.97301 5.97577 5.97737 5.97779 5.97704 5.97511 5.97201 5.96777 5.96241 5.95594 5.94841 5.93985 5.93031 5.91984 5.90849 5.89631 5.88338 5.86976 5.85552 5.84073 5.82547 5.80982 5.79384 5.77763 5.76126 5.7448 5.72835 5.71196 5.69571 5.67968 5.66393 5.64852 5.63351 5.61895 5.6049 5.5914 5.57849 5.56621 5.55458 5.54364 5.53341 5.5239 5.51514 5.50713 5.49989 5.49342 5.48772 5.48281 5.47868 5.47534 5.47278 5.47101 5.47002 
5.46473 5.46534 5.46676 5.46901 5.47207 5.47594 5.48063 5.48614 5.49246 5.49959 5.50752 5.51624 5.52574 5.53601 5.54703 5.55877 5.57121 5.58432 5.59806 5.61239 5.62726 5.64263 5.65844 5.67462 5.69113 5.70788 5.72481 5.74185 5.75892 5.77593 5.79282 5.80951 5.8259 5.84193 5.85751 5.87257 5.88704 5.90083 5.91389 5.92614 5.93753 5.94799 5.95748 5.96595 5.97336 5.97966 5.98482 5.98883 5.99166 5.99329 5.99373 5.99295 5.99098 5.98782 5.98348 5.97799 5.97137 5.96366 5.9549 5.94513 5.93441 5.92278 5.91031 5.89707 5.88311 5.86851 5.85335 5.8377 5.82164 5.80525 5.78862 5.77181 5.75492 5.73802 5.72119 5.70449 5.68802 5.67182 5.65598 5.64054 5.62556 5.6111 5.59721 5.58392 5.57127 5.55929 5.54802 5.53748 5.52768 5.51865 5.51039 5.50292 5.49625 5.49037 5.4853 5.48104 5.47759 5.47495 5.47312 5.4721 
5.4667 5.46733 5.4688 5.4711 5.47425 5.47824 5.48306 5.48873 5.49523 5.50256 5.51071 5.51968 5.52945 5.54001 5.55133 5.56339 5.57617 5.58963 5.60374 5.61845 5.63372 5.64948 5.6657 5.6823 5.69922 5.71639 5.73374 5.7512 5.76868 5.78611 5.8034 5.82048 5.83725 5.85365 5.86959 5.885 5.89978 5.91389 5.92723 5.93975 5.95139 5.96208 5.97178 5.98043 5.98799 5.99442 5.9997 6.00379 6.00668 6.00835 6.00879 6.008 6.00599 6.00276 5.99833 5.99272 5.98596 5.97809 5.96914 5.95916 5.9482 5.93631 5.92357 5.91002 5.89575 5.88081 5.8653 5.84929 5.83285 5.81607 5.79904 5.78182 5.76452 5.7472 5.72994 5.71283 5.69593 5.67932 5.66306 5.64722 5.63185 5.61701 5.60274 5.58908 5.57609 5.56378 5.5522 5.54136 5.53128 5.52199 5.5135 5.50581 5.49895 5.4929 5.48768 5.48329 5.47974 5.47702 5.47513 5.47408 
5.46858 5.46922 5.47072 5.47309 5.47632 5.48041 5.48536 5.49118 5.49785 5.50537 5.51373 5.52293 5.53295 5.54378 5.55539 5.56775 5.58085 5.59465 5.6091 5.62416 5.6398 5.65594 5.67254 5.68953 5.70684 5.7244 5.74215 5.75999 5.77786 5.79567 5.81334 5.83078 5.84792 5.86466 5.88094 5.89666 5.91175 5.92614 5.93975 5.95253 5.96439 5.9753 5.98518 5.994 6.00171 6.00827 6.01365 6.01782 6.02077 6.02247 6.02292 6.02211 6.02006 6.01677 6.01225 6.00653 5.99964 5.99162 5.98249 5.97231 5.96113 5.94901 5.936 5.92218 5.90761 5.89237 5.87653 5.86017 5.84338 5.82624 5.80883 5.79124 5.77354 5.75583 5.73818 5.72068 5.70339 5.68638 5.66974 5.65352 5.63777 5.62257 5.60795 5.59395 5.58063 5.56802 5.55614 5.54502 5.53469 5.52515 5.51644 5.50855 5.5015 5.49529 5.48993 5.48543 5.48178 5.47898 5.47704 5.47597 
5.47033 5.47099 5.47253 5.47495 5.47826 5.48245 5.48752 5.49347 5.5003 5.508 5.51656 5.52598 5.53623 5.5473 5.55918 5.57183 5.58522 5.59933 5.6141 5.6295 5.64547 5.66196 5.67891 5.69626 5.71394 5.73187 5.74998 5.76818 5.78641 5.80458 5.82259 5.84038 5.85784 5.87491 5.89149 5.9075 5.92287 5.93753 5.95139 5.96439 5.97647 5.98757 5.99763 6.00661 6.01445 6.02113 6.0266 6.03085 6.03384 6.03557 6.03603 6.03521 6.03313 6.02978 6.02518 6.01936 6.01235 6.00418 5.99489 5.98453 5.97315 5.96081 5.94756 5.93348 5.91864 5.90311 5.88697 5.8703 5.85318 5.8357 5.81795 5.8 5.78195 5.76387 5.74586 5.72799 5.71033 5.69297 5.67597 5.65939 5.6433 5.62776 5.61281 5.5985 5.58488 5.57198 5.55982 5.54844 5.53787 5.52811 5.51919 5.51111 5.50389 5.49753 5.49205 5.48743 5.48369 5.48082 5.47884 5.47773 
5.47196 5.47263 5.47421 5.47668 5.48006 5.48434 5.48952 5.4956 5.50257 5.51043 5.51918 5.52879 5.53926 5.55057 5.56269 5.57559 5.58926 5.60365 5.61872 5.63442 5.6507 5.66752 5.68479 5.70247 5.72048 5.73874 5.75719 5.77573 5.79428 5.81277 5.8311 5.8492 5.86697 5.88432 5.90118 5.91747 5.9331 5.94799 5.96208 5.9753 5.98757 5.99885 6.00907 6.01819 6.02615 6.03293 6.03849 6.0428 6.04585 6.04761 6.04807 6.04724 6.04512 6.04172 6.03705 6.03115 6.02403 6.01573 6.00629 5.99576 5.98419 5.97165 5.95818 5.94387 5.92878 5.91298 5.89657 5.87961 5.86219 5.84441 5.82633 5.80807 5.78968 5.77128 5.75293 5.73472 5.71673 5.69904 5.68171 5.66481 5.6484 5.63255 5.6173 5.6027 5.5888 5.57563 5.56322 5.55161 5.54081 5.53085 5.52173 5.51348 5.50611 5.49961 5.494 5.48928 5.48546 5.48253 5.4805 5.47937 
5.47346 5.47414 5.47574 5.47826 5.4817 5.48607 5.49135 5.49754 5.50465 5.51266 5.52157 5.53136 5.54203 5.55354 5.56588 5.57903 5.59294 5.60758 5.62292 5.6389 5.65547 5.67257 5.69014 5.70812 5.72643 5.74499 5.76374 5.78258 5.80143 5.82021 5.83883 5.85721 5.87525 5.89287 5.90998 5.92651 5.94237 5.95748 5.97178 5.98518 5.99763 6.00907 6.01944 6.02868 6.03676 6.04363 6.04927 6.05364 6.05673 6.05851 6.05898 6.05814 6.05599 6.05255 6.04782 6.04183 6.0346 6.02619 6.01662 6.00594 5.99421 5.98148 5.96782 5.95329 5.93798 5.92195 5.90528 5.88806 5.87037 5.85231 5.83395 5.81539 5.79671 5.77801 5.75936 5.74084 5.72255 5.70455 5.68693 5.66973 5.65304 5.63691 5.62139 5.60653 5.59237 5.57896 5.56633 5.5545 5.54349 5.53334 5.52406 5.51565 5.50813 5.50151 5.49579 5.49098 5.48708 5.48409 5.48202 5.48087 
5.4748 5.4755 5.47712 5.47969 5.48319 5.48762 5.49299 5.49929 5.50652 5.51466 5.52372 5.53367 5.54451 5.55621 5.56875 5.5821 5.59624 5.61111 5.62668 5.64291 5.65973 5.67709 5.69493 5.71317 5.73174 5.75058 5.76959 5.7887 5.80782 5.82686 5.84574 5.86436 5.88264 5.9005 5.91784 5.93458 5.95065 5.96595 5.98043 5.994 6.00661 6.01819 6.02868 6.03804 6.04622 6.05318 6.05888 6.06331 6.06643 6.06823 6.06871 6.06786 6.06569 6.0622 6.05741 6.05135 6.04404 6.03552 6.02583 6.01502 6.00314 5.99025 5.97641 5.9617 5.94619 5.92994 5.91306 5.89561 5.87768 5.85937 5.84076 5.82193 5.80299 5.78402 5.7651 5.74632 5.72775 5.70949 5.6916 5.67414 5.65719 5.64081 5.62505 5.60996 5.59558 5.58195 5.56911 5.55709 5.5459 5.53558 5.52614 5.51759 5.50995 5.50322 5.4974 5.49251 5.48854 5.4855 5.4834 5.48222 
5.47599 5.47669 5.47834 5.48095 5.4845 5.489 5.49444 5.50083 5.50816 5.51642 5.52561 5.5357 5.54669 5.55856 5.57127 5.58481 5.59913 5.61421 5.62999 5.64643 5.66347 5.68105 5.69912 5.71759 5.7364 5.75547 5.77472 5.79406 5.81341 5.83268 5.85178 5.87062 5.88911 5.90717 5.92471 5.94164 5.95788 5.97336 5.98799 6.00171 6.01445 6.02615 6.03676 6.04622 6.05448 6.06151 6.06728 6.07175 6.0749 6.07673 6.07721 6.07636 6.07416 6.07063 6.0658 6.05967 6.05228 6.04367 6.03388 6.02295 6.01095 5.99792 5.98393 5.96905 5.95336 5.93694 5.91986 5.90221 5.88407 5.86554 5.84671 5.82766 5.80849 5.78928 5.77013 5.75111 5.73231 5.71381 5.69569 5.67801 5.66084 5.64424 5.62826 5.61296 5.59839 5.58457 5.57155 5.55936 5.54802 5.53756 5.52798 5.51931 5.51155 5.50472 5.49882 5.49385 5.48983 5.48675 5.48461 5.48341 
5.47701 5.47773 5.4794 5.48203 5.48562 5.49018 5.49569 5.50216 5.50957 5.51793 5.52723 5.53744 5.54856 5.56056 5.57343 5.58712 5.60161 5.61685 5.63281 5.64943 5.66666 5.68444 5.7027 5.72137 5.74038 5.75964 5.77909 5.79863 5.81817 5.83763 5.85692 5.87595 5.89462 5.91285 5.93056 5.94764 5.96404 5.97966 5.99442 6.00827 6.02113 6.03293 6.04363 6.05318 6.06151 6.06861 6.07442 6.07893 6.08212 6.08396 6.08445 6.08358 6.08136 6.07781 6.07293 6.06675 6.0593 6.05061 6.04073 6.02971 6.01759 6.00444 5.99032 5.97531 5.95947 5.94289 5.92565 5.90782 5.88951 5.8708 5.85178 5.83254 5.81317 5.79377 5.77441 5.7552 5.7362 5.7175 5.69918 5.68131 5.66395 5.64716 5.631 5.61553 5.60079 5.58682 5.57365 5.56131 5.54984 5.53925 5.52955 5.52078 5.51293 5.50601 5.50004 5.49501 5.49094 5.48782 5.48565 5.48444 
5.47787 5.47858 5.48027 5.48293 5.48656 5.49116 5.49672 5.50325 5.51074 5.51919 5.52857 5.53888 5.55011 5.56222 5.57521 5.58903 5.60365 5.61903 5.63514 5.65191 5.66929 5.68722 5.70564 5.72447 5.74364 5.76307 5.78268 5.80238 5.82208 5.8417 5.86114 5.88032 5.89914 5.91751 5.93535 5.95257 5.96909 5.98482 5.9997 6.01365 6.0266 6.03849 6.04927 6.05888 6.06728 6.07442 6.08028 6.08482 6.08803 6.08988 6.09037 6.0895 6.08727 6.08369 6.07878 6.07255 6.06505 6.0563 6.04635 6.03524 6.02304 6.00979 5.99557 5.98044 5.96448 5.94777 5.9304 5.91243 5.89398 5.87512 5.85594 5.83655 5.81702 5.79745 5.77794 5.75855 5.73939 5.72053 5.70205 5.68402 5.6665 5.64957 5.63326 5.61765 5.60277 5.58867 5.57537 5.56292 5.55134 5.54064 5.53086 5.52199 5.51407 5.50708 5.50105 5.49597 5.49186 5.48871 5.48652 5.4853 
5.47854 5.47926 5.48096 5.48364 5.4873 5.49193 5.49754 5.50412 5.51167 5.52017 5.52962 5.54001 5.55132 5.56352 5.5766 5.59052 5.60524 5.62073 5.63695 5.65383 5.67133 5.68939 5.70793 5.72688 5.74618 5.76573 5.78547 5.80529 5.82512 5.84486 5.86442 5.88371 5.90265 5.92113 5.93907 5.95639 5.97301 5.98883 6.00379 6.01782 6.03085 6.0428 6.05364 6.06331 6.07175 6.07893 6.08482 6.08939 6.09261 6.09448 6.09497 6.0941 6.09185 6.08825 6.08331 6.07706 6.06951 6.06071 6.0507 6.03954 6.02726 6.01394 5.99963 5.98442 5.96837 5.95156 5.93408 5.91601 5.89744 5.87846 5.85917 5.83965 5.82 5.80031 5.78067 5.76116 5.74188 5.72289 5.70429 5.68613 5.66849 5.65144 5.63502 5.6193 5.60432 5.59011 5.57672 5.56418 5.55251 5.54174 5.53188 5.52295 5.51496 5.50793 5.50185 5.49673 5.49259 5.48941 5.4872 5.48597 
5.47903 5.47976 5.48147 5.48416 5.48783 5.49249 5.49813 5.50474 5.51233 5.52088 5.53038 5.54082 5.55219 5.56445 5.57759 5.59158 5.60638 5.62194 5.63824 5.6552 5.67279 5.69092 5.70955 5.72859 5.74798 5.76762 5.78744 5.80735 5.82726 5.84709 5.86673 5.88611 5.90512 5.92368 5.9417 5.95909 5.97577 5.99166 6.00668 6.02077 6.03384 6.04585 6.05673 6.06643 6.0749 6.08212 6.08803 6.09261 6.09585 6.09772 6.09822 6.09734 6.09509 6.09147 6.08651 6.08023 6.07266 6.06382 6.05378 6.04256 6.03024 6.01686 6.0025 5.98723 5.97111 5.95423 5.93668 5.91853 5.89988 5.88083 5.86145 5.84185 5.82211 5.80233 5.7826 5.76301 5.74363 5.72456 5.70587 5.68763 5.66991 5.65277 5.63628 5.62048 5.60542 5.59114 5.57768 5.56508 5.55335 5.54252 5.53261 5.52364 5.51561 5.50854 5.50243 5.49728 5.49311 5.48992 5.4877 5.48647 
5.47934 5.48006 5.48178 5.48448 5.48817 5.49284 5.49849 5.50513 5.51273 5.52131 5.53084 5.54131 5.5527 5.565 5.57818 5.59221 5.60705 5.62266 5.63899 5.65601 5.67364 5.69182 5.7105 5.72959 5.74902 5.76871 5.78858 5.80854 5.82851 5.84838 5.86807 5.88749 5.90655 5.92516 5.94322 5.96065 5.97737 5.99329 6.00835 6.02247 6.03557 6.04761 6.05851 6.06823 6.07673 6.08396 6.08988 6.09448 6.09772 6.0996 6.10009 6.09921 6.09696 6.09333 6.08836 6.08207 6.07447 6.06562 6.05555 6.04431 6.03196 6.01855 6.00416 5.98884 5.97269 5.95577 5.93818 5.91999 5.90129 5.88219 5.86277 5.84311 5.82333 5.8035 5.78372 5.76408 5.74465 5.72553 5.70679 5.6885 5.67073 5.65355 5.63701 5.62117 5.60607 5.59175 5.57826 5.56561 5.55385 5.54299 5.53306 5.52405 5.516 5.50891 5.50278 5.49762 5.49344 5.49024 5.48801 5.48677 
