2.76121 2.76145 2.7617 2.76194 2.76218 2.76242 2.76266 2.7629 2.76314 2.76337 2.76361 2.76385 2.76409 2.76434 2.7646 2.76487 2.76515 2.76545 2.76577 2.76611 2.76649 2.76689 2.76732 2.76778 2.76829 2.76883 2.7694 2.77001 2.77066 2.77135 2.77206 2.7728 2.77357 2.77435 2.77515 2.77596 2.77676 2.77756 2.77834 2.7791 2.77983 2.78053 2.78117 2.78176 2.7823 2.78276 2.78316 2.78348 2.78371 2.78387 2.78394 2.78392 2.78382 2.78364 2.78337 2.78303 2.78261 2.78212 2.78157 2.78097 2.78032 2.77962 2.77889 2.77814 2.77737 2.77658 2.7758 2.77502 2.77425 2.7735 2.77277 2.77206 2.77139 2.77076 2.77016 2.76961 2.7691 2.76863 2.76821 2.76784 2.76751 2.76722 2.76698 2.76679 2.76663 2.76652 2.76645 2.76641 2.76641 2.76644 2.7665 2.76659 2.7667 2.76684 2.767 2.76718 2.76737 2.76758 2.7678 2.76803 
2.76145 2.76169 2.76193 2.76218 2.76242 2.76266 2.7629 2.76314 2.76337 2.76361 2.76385 2.76409 2.76433 2.76458 2.76483 2.7651 2.76539 2.76569 2.76601 2.76636 2.76673 2.76714 2.76758 2.76805 2.76856 2.7691 2.76969 2.77031 2.77097 2.77166 2.77239 2.77314 2.77392 2.77472 2.77554 2.77636 2.77718 2.77799 2.77879 2.77956 2.78031 2.78101 2.78167 2.78228 2.78282 2.7833 2.7837 2.78402 2.78427 2.78442 2.78449 2.78448 2.78437 2.78419 2.78391 2.78356 2.78314 2.78264 2.78208 2.78146 2.7808 2.78009 2.77934 2.77858 2.77779 2.77699 2.77619 2.7754 2.77461 2.77385 2.7731 2.77239 2.77171 2.77106 2.77046 2.76989 2.76937 2.7689 2.76847 2.76809 2.76776 2.76747 2.76723 2.76703 2.76688 2.76676 2.76668 2.76665 2.76664 2.76667 2.76673 2.76682 2.76694 2.76708 2.76724 2.76742 2.76761 2.76782 2.76804 2.76826 
2.7617 2.76193 2.76218 2.76242 2.76266 2.7629 2.76315 2.76339 2.76362 2.76386 2.7641 2.76435 2.7646 2.76485 2.76512 2.7654 2.76569 2.76601 2.76634 2.76671 2.7671 2.76753 2.76799 2.76849 2.76903 2.76961 2.77023 2.77089 2.77159 2.77232 2.77309 2.77389 2.77472 2.77557 2.77643 2.7773 2.77817 2.77904 2.77988 2.7807 2.78149 2.78224 2.78294 2.78358 2.78415 2.78466 2.78508 2.78542 2.78568 2.78585 2.78592 2.7859 2.78579 2.78559 2.7853 2.78492 2.78447 2.78394 2.78335 2.78269 2.78199 2.78123 2.78045 2.77963 2.7788 2.77795 2.7771 2.77626 2.77542 2.77461 2.77382 2.77306 2.77234 2.77165 2.77101 2.77041 2.76986 2.76936 2.7689 2.7685 2.76814 2.76784 2.76757 2.76736 2.76719 2.76706 2.76698 2.76693 2.76692 2.76694 2.767 2.76708 2.76719 2.76733 2.76748 2.76766 2.76785 2.76806 2.76828 2.76851 
2.76194 2.76218 2.76242 2.76266 2.76291 2.76315 2.7634 2.76364 2.76389 2.76413 2.76438 2.76463 2.76489 2.76516 2.76544 2.76574 2.76606 2.7664 2.76677 2.76716 2.76759 2.76806 2.76857 2.76912 2.76971 2.77035 2.77103 2.77176 2.77253 2.77334 2.77418 2.77507 2.77598 2.77691 2.77786 2.77881 2.77977 2.78072 2.78164 2.78255 2.78341 2.78423 2.78499 2.78569 2.78632 2.78687 2.78733 2.7877 2.78798 2.78816 2.78824 2.78822 2.78809 2.78787 2.78755 2.78714 2.78664 2.78606 2.78541 2.78469 2.78391 2.78308 2.78222 2.78132 2.7804 2.77947 2.77854 2.77761 2.7767 2.7758 2.77493 2.7741 2.7733 2.77255 2.77184 2.77118 2.77057 2.77001 2.76951 2.76906 2.76866 2.76831 2.76802 2.76777 2.76758 2.76743 2.76732 2.76725 2.76723 2.76724 2.76728 2.76736 2.76746 2.76759 2.76774 2.76791 2.7681 2.76831 2.76852 2.76875 
2.76218 2.76242 2.76266 2.76291 2.76315 2.7634 2.76365 2.7639 2.76416 2.76441 2.76467 2.76494 2.76522 2.76551 2.76582 2.76614 2.76649 2.76687 2.76728 2.76773 2.76821 2.76874 2.76931 2.76994 2.77061 2.77133 2.77211 2.77293 2.7738 2.77472 2.77568 2.77668 2.77771 2.77877 2.77984 2.78092 2.78199 2.78306 2.78411 2.78512 2.78609 2.78701 2.78787 2.78865 2.78935 2.78997 2.79049 2.7909 2.79121 2.79141 2.79149 2.79146 2.79132 2.79107 2.7907 2.79024 2.78968 2.78902 2.78829 2.78747 2.7866 2.78567 2.78469 2.78368 2.78264 2.78159 2.78054 2.77949 2.77846 2.77744 2.77646 2.77552 2.77461 2.77375 2.77295 2.7722 2.7715 2.77087 2.77029 2.76977 2.76931 2.76891 2.76857 2.76828 2.76804 2.76786 2.76772 2.76763 2.76758 2.76757 2.76759 2.76765 2.76774 2.76786 2.76801 2.76817 2.76836 2.76856 2.76877 2.76899 
2.76242 2.76266 2.7629 2.76315 2.7634 2.76366 2.76391 2.76417 2.76444 2.76471 2.76499 2.76528 2.76558 2.7659 2.76624 2.76661 2.767 2.76743 2.7679 2.76841 2.76897 2.76958 2.77025 2.77097 2.77174 2.77258 2.77348 2.77444 2.77545 2.77651 2.77762 2.77877 2.77996 2.78118 2.78241 2.78365 2.78489 2.78611 2.78731 2.78847 2.78959 2.79064 2.79161 2.79251 2.79331 2.79401 2.7946 2.79507 2.79542 2.79564 2.79573 2.79569 2.79553 2.79523 2.79481 2.79428 2.79363 2.79288 2.79203 2.7911 2.7901 2.78903 2.7879 2.78674 2.78555 2.78434 2.78313 2.78192 2.78073 2.77956 2.77843 2.77734 2.77629 2.7753 2.77436 2.77349 2.77268 2.77194 2.77126 2.77066 2.77011 2.76964 2.76923 2.76888 2.76859 2.76835 2.76817 2.76804 2.76796 2.76793 2.76793 2.76797 2.76804 2.76815 2.76828 2.76844 2.76861 2.76881 2.76902 2.76924 
2.76266 2.7629 2.76315 2.7634 2.76365 2.76391 2.76418 2.76445 2.76473 2.76502 2.76533 2.76564 2.76598 2.76634 2.76672 2.76714 2.76759 2.76809 2.76864 2.76923 2.76989 2.7706 2.77138 2.77222 2.77314 2.77412 2.77518 2.7763 2.77748 2.77873 2.78003 2.78138 2.78276 2.78418 2.78562 2.78706 2.7885 2.78992 2.79131 2.79266 2.79395 2.79516 2.79629 2.79732 2.79824 2.79905 2.79972 2.80026 2.80066 2.80091 2.80102 2.80097 2.80077 2.80043 2.79994 2.79931 2.79856 2.79769 2.79671 2.79562 2.79446 2.79321 2.79191 2.79056 2.78917 2.78777 2.78636 2.78495 2.78356 2.7822 2.78087 2.77959 2.77837 2.7772 2.77611 2.77508 2.77413 2.77325 2.77245 2.77172 2.77108 2.77051 2.77001 2.76958 2.76922 2.76892 2.76869 2.76851 2.76839 2.76832 2.76829 2.76831 2.76836 2.76845 2.76856 2.76871 2.76887 2.76906 2.76926 2.76948 
2.7629 2.76314 2.76339 2.76364 2.7639 2.76417 2.76445 2.76474 2.76504 2.76536 2.76569 2.76604 2.76641 2.76682 2.76726 2.76774 2.76827 2.76885 2.76949 2.7702 2.77097 2.77181 2.77273 2.77374 2.77482 2.77598 2.77723 2.77855 2.77995 2.78142 2.78295 2.78454 2.78617 2.78783 2.78952 2.79121 2.79289 2.79455 2.79617 2.79774 2.79924 2.80065 2.80196 2.80316 2.80423 2.80516 2.80594 2.80656 2.80702 2.80731 2.80742 2.80736 2.80712 2.80672 2.80615 2.80542 2.80454 2.80352 2.80237 2.80111 2.79974 2.79829 2.79677 2.79519 2.79357 2.79192 2.79027 2.78862 2.78699 2.78539 2.78383 2.78232 2.78088 2.7795 2.77821 2.77699 2.77586 2.77481 2.77386 2.77299 2.77222 2.77153 2.77092 2.7704 2.76995 2.76958 2.76928 2.76904 2.76887 2.76875 2.76869 2.76867 2.76869 2.76876 2.76885 2.76898 2.76914 2.76931 2.76951 2.76972 
2.76314 2.76337 2.76362 2.76389 2.76416 2.76444 2.76473 2.76504 2.76537 2.76571 2.76608 2.76647 2.7669 2.76736 2.76787 2.76844 2.76906 2.76974 2.77049 2.77133 2.77224 2.77324 2.77434 2.77553 2.77681 2.77819 2.77967 2.78124 2.78289 2.78463 2.78644 2.78831 2.79023 2.79218 2.79416 2.79614 2.79811 2.80006 2.80195 2.80378 2.80553 2.80718 2.8087 2.8101 2.81134 2.81242 2.81332 2.81404 2.81457 2.81489 2.81502 2.81494 2.81466 2.81419 2.81352 2.81266 2.81163 2.81044 2.8091 2.80762 2.80602 2.80432 2.80254 2.80069 2.79879 2.79686 2.79492 2.79298 2.79106 2.78918 2.78734 2.78556 2.78386 2.78223 2.7807 2.77925 2.77791 2.77666 2.77552 2.77449 2.77355 2.77272 2.77198 2.77134 2.77079 2.77033 2.76994 2.76963 2.7694 2.76923 2.76911 2.76905 2.76905 2.76908 2.76916 2.76926 2.7694 2.76957 2.76975 2.76996 
2.76337 2.76361 2.76386 2.76413 2.76441 2.76471 2.76502 2.76536 2.76571 2.76609 2.7665 2.76695 2.76744 2.76797 2.76857 2.76922 2.76995 2.77076 2.77165 2.77264 2.77372 2.77491 2.77621 2.77763 2.77915 2.78079 2.78254 2.7844 2.78635 2.7884 2.79054 2.79274 2.795 2.79729 2.79961 2.80194 2.80425 2.80652 2.80873 2.81087 2.8129 2.81482 2.81659 2.81821 2.81965 2.8209 2.82194 2.82277 2.82338 2.82376 2.8239 2.8238 2.82347 2.82291 2.82212 2.82112 2.81992 2.81853 2.81696 2.81523 2.81337 2.81138 2.8093 2.80713 2.80491 2.80265 2.80037 2.79809 2.79584 2.79362 2.79146 2.78937 2.78735 2.78543 2.78361 2.7819 2.78031 2.77883 2.77747 2.77622 2.7751 2.7741 2.77321 2.77243 2.77175 2.77117 2.77069 2.7703 2.76999 2.76975 2.76958 2.76947 2.76942 2.76942 2.76947 2.76955 2.76967 2.76983 2.77 2.7702 
2.76361 2.76385 2.7641 2.76438 2.76467 2.76499 2.76533 2.76569 2.76608 2.7665 2.76696 2.76747 2.76804 2.76866 2.76935 2.77012 2.77098 2.77193 2.77299 2.77416 2.77544 2.77686 2.7784 2.78007 2.78188 2.78381 2.78588 2.78807 2.79038 2.7928 2.7953 2.79789 2.80054 2.80323 2.80594 2.80866 2.81135 2.814 2.81658 2.81906 2.82143 2.82365 2.82571 2.82758 2.82925 2.83069 2.8319 2.83285 2.83355 2.83397 2.83413 2.83401 2.83362 2.83297 2.83205 2.83089 2.82949 2.82786 2.82604 2.82403 2.82186 2.81954 2.81711 2.81458 2.81199 2.80935 2.80668 2.80402 2.80138 2.79878 2.79624 2.79378 2.79141 2.78915 2.787 2.78498 2.78309 2.78133 2.77971 2.77823 2.77689 2.77569 2.77461 2.77367 2.77285 2.77214 2.77154 2.77104 2.77064 2.77033 2.77009 2.76993 2.76983 2.76979 2.7698 2.76986 2.76995 2.77009 2.77025 2.77044 
2.76385 2.76409 2.76435 2.76463 2.76494 2.76528 2.76564 2.76604 2.76647 2.76695 2.76747 2.76806 2.76871 2.76943 2.77024 2.77114 2.77215 2.77328 2.77452 2.7759 2.77743 2.7791 2.78092 2.78289 2.78502 2.78731 2.78974 2.79232 2.79503 2.79786 2.8008 2.80382 2.80691 2.81005 2.81322 2.81638 2.81951 2.82258 2.82557 2.82845 2.83118 2.83375 2.83612 2.83828 2.8402 2.84186 2.84325 2.84435 2.84514 2.84563 2.8458 2.84566 2.8452 2.84444 2.84338 2.84203 2.8404 2.83852 2.83641 2.83408 2.83156 2.82887 2.82605 2.82311 2.8201 2.81702 2.81392 2.81082 2.80774 2.8047 2.80173 2.79885 2.79607 2.79342 2.79089 2.78851 2.78628 2.78421 2.78229 2.78054 2.77894 2.77751 2.77622 2.77509 2.77409 2.77323 2.7725 2.77188 2.77137 2.77097 2.77065 2.77042 2.77027 2.77018 2.77015 2.77017 2.77024 2.77036 2.77051 2.77069 
2.76409 2.76433 2.7646 2.76489 2.76522 2.76558 2.76598 2.76641 2.7669 2.76744 2.76804 2.76871 2.76946 2.7703 2.77124 2.7723 2.77349 2.77481 2.77628 2.77791 2.7797 2.78167 2.78381 2.78613 2.78863 2.79131 2.79416 2.79718 2.80035 2.80365 2.80707 2.81059 2.81419 2.81783 2.8215 2.82516 2.82878 2.83233 2.83577 2.83909 2.84224 2.84519 2.84792 2.85039 2.85259 2.8545 2.85608 2.85733 2.85824 2.85879 2.85898 2.85881 2.85828 2.8574 2.85617 2.85461 2.85274 2.85057 2.84813 2.84545 2.84254 2.83944 2.83618 2.83279 2.8293 2.82574 2.82215 2.81855 2.81497 2.81144 2.80799 2.80463 2.80139 2.79829 2.79534 2.79255 2.78993 2.7875 2.78524 2.78317 2.78129 2.77958 2.77805 2.7767 2.7755 2.77447 2.77358 2.77282 2.77219 2.77168 2.77127 2.77096 2.77074 2.77059 2.77052 2.77051 2.77055 2.77064 2.77077 2.77094 
2.76434 2.76458 2.76485 2.76516 2.76551 2.7659 2.76634 2.76682 2.76736 2.76797 2.76866 2.76943 2.7703 2.77128 2.77238 2.77362 2.77501 2.77656 2.77828 2.78019 2.78229 2.7846 2.7871 2.78982 2.79274 2.79587 2.79919 2.8027 2.80638 2.81022 2.81418 2.81826 2.82242 2.82662 2.83085 2.83506 2.83922 2.8433 2.84726 2.85105 2.85466 2.85803 2.86115 2.86397 2.86648 2.86865 2.87045 2.87187 2.8729 2.87352 2.87373 2.87353 2.87292 2.8719 2.87049 2.86871 2.86656 2.86408 2.86128 2.8582 2.85487 2.85131 2.84757 2.84367 2.83966 2.83556 2.83142 2.82727 2.82314 2.81906 2.81506 2.81117 2.80741 2.80381 2.80038 2.79713 2.79407 2.79123 2.78859 2.78616 2.78394 2.78193 2.78013 2.77852 2.7771 2.77586 2.77479 2.77387 2.7731 2.77247 2.77196 2.77156 2.77126 2.77105 2.77092 2.77086 2.77086 2.77092 2.77104 2.77119 
2.7646 2.76483 2.76512 2.76544 2.76582 2.76624 2.76672 2.76726 2.76787 2.76857 2.76935 2.77024 2.77124 2.77238 2.77366 2.77511 2.77673 2.77854 2.78055 2.78278 2.78523 2.78792 2.79084 2.794 2.7974 2.80102 2.80488 2.80894 2.81319 2.81761 2.82219 2.82687 2.83165 2.83648 2.84132 2.84614 2.8509 2.85556 2.86007 2.86439 2.86849 2.87233 2.87587 2.87908 2.88192 2.88437 2.88641 2.88802 2.88917 2.88987 2.8901 2.88987 2.88916 2.888 2.8864 2.88436 2.88192 2.87909 2.87591 2.8724 2.86859 2.86454 2.86026 2.85581 2.85122 2.84653 2.84179 2.83703 2.83228 2.82759 2.823 2.81851 2.81418 2.81002 2.80605 2.80228 2.79874 2.79543 2.79236 2.78953 2.78694 2.78459 2.78247 2.78058 2.7789 2.77743 2.77615 2.77505 2.77412 2.77335 2.77271 2.77221 2.77182 2.77154 2.77134 2.77123 2.7712 2.77123 2.77132 2.77146 
2.76487 2.7651 2.7654 2.76574 2.76614 2.76661 2.76714 2.76774 2.76844 2.76922 2.77012 2.77114 2.7723 2.77362 2.77511 2.77679 2.77867 2.78077 2.78311 2.7857 2.78855 2.79166 2.79504 2.7987 2.80262 2.80681 2.81125 2.81592 2.82081 2.82588 2.83112 2.83648 2.84194 2.84745 2.85297 2.85845 2.86386 2.86914 2.87425 2.87915 2.88379 2.88813 2.89212 2.89574 2.89894 2.9017 2.90399 2.9058 2.90709 2.90787 2.90812 2.90785 2.90705 2.90573 2.90391 2.90161 2.89885 2.89565 2.89204 2.88807 2.88376 2.87916 2.87431 2.86925 2.86404 2.8587 2.8533 2.84787 2.84246 2.8371 2.83184 2.8267 2.82173 2.81695 2.81239 2.80805 2.80397 2.80014 2.79659 2.79331 2.7903 2.78756 2.78509 2.78288 2.78091 2.77918 2.77767 2.77637 2.77526 2.77432 2.77355 2.77293 2.77244 2.77207 2.77181 2.77164 2.77156 2.77155 2.77161 2.77174 
2.76515 2.76539 2.76569 2.76606 2.76649 2.767 2.76759 2.76827 2.76906 2.76995 2.77098 2.77215 2.77349 2.77501 2.77673 2.77867 2.78085 2.78328 2.78599 2.78898 2.79226 2.79585 2.79975 2.80396 2.80846 2.81327 2.81835 2.82369 2.82927 2.83506 2.84102 2.84712 2.85332 2.85956 2.86581 2.87202 2.87812 2.88408 2.88984 2.89535 2.90057 2.90544 2.90992 2.91397 2.91756 2.92065 2.92321 2.92522 2.92667 2.92753 2.9278 2.92749 2.92658 2.9251 2.92306 2.92047 2.91736 2.91376 2.90971 2.90523 2.90038 2.8952 2.88973 2.88403 2.87813 2.8721 2.86599 2.85983 2.85369 2.8476 2.84162 2.83578 2.83011 2.82465 2.81943 2.81446 2.80978 2.80539 2.8013 2.79752 2.79405 2.79089 2.78802 2.78545 2.78316 2.78114 2.77937 2.77783 2.77652 2.77541 2.77448 2.77372 2.77312 2.77265 2.77231 2.77208 2.77194 2.77189 2.77193 2.77203 
2.76545 2.76569 2.76601 2.7664 2.76687 2.76743 2.76809 2.76885 2.76974 2.77076 2.77193 2.77328 2.77481 2.77656 2.77854 2.78077 2.78328 2.78608 2.78919 2.79263 2.7964 2.80052 2.80498 2.80979 2.81494 2.82042 2.82621 2.83228 2.83862 2.84518 2.85193 2.85882 2.86581 2.87285 2.87989 2.88686 2.89371 2.90039 2.90684 2.91301 2.91883 2.92427 2.92927 2.93378 2.93777 2.94121 2.94405 2.94629 2.94789 2.94884 2.94914 2.94878 2.94776 2.94611 2.94382 2.94093 2.93746 2.93344 2.92891 2.92391 2.91848 2.91267 2.90655 2.90014 2.89353 2.88675 2.87987 2.87294 2.86601 2.85914 2.85237 2.84575 2.83933 2.83313 2.8272 2.82155 2.81621 2.8112 2.80653 2.8022 2.79821 2.79458 2.79128 2.78831 2.78566 2.78331 2.78125 2.77946 2.77792 2.77661 2.77551 2.7746 2.77387 2.77329 2.77286 2.77255 2.77235 2.77226 2.77226 2.77234 
2.76577 2.76601 2.76634 2.76677 2.76728 2.7679 2.76864 2.76949 2.77049 2.77165 2.77299 2.77452 2.77628 2.77828 2.78055 2.78311 2.78599 2.78919 2.79275 2.79668 2.80099 2.80568 2.81077 2.81623 2.82208 2.82829 2.83484 2.84171 2.84886 2.85626 2.86385 2.8716 2.87944 2.88732 2.89519 2.90298 2.91063 2.91807 2.92525 2.93211 2.93858 2.9446 2.95014 2.95514 2.95956 2.96335 2.9665 2.96896 2.97072 2.97176 2.97209 2.97168 2.97055 2.96871 2.96618 2.96297 2.95912 2.95465 2.94962 2.94406 2.93803 2.93157 2.92474 2.91761 2.91022 2.90265 2.89495 2.88719 2.87942 2.87171 2.86411 2.85666 2.84942 2.84243 2.83572 2.82933 2.82328 2.81759 2.81227 2.80735 2.8028 2.79865 2.79487 2.79147 2.78842 2.78572 2.78333 2.78126 2.77946 2.77793 2.77664 2.77556 2.77469 2.77399 2.77345 2.77306 2.7728 2.77266 2.77262 2.77268 
2.76611 2.76636 2.76671 2.76716 2.76773 2.76841 2.76923 2.7702 2.77133 2.77264 2.77416 2.7759 2.77791 2.78019 2.78278 2.7857 2.78898 2.79263 2.79668 2.80115 2.80604 2.81136 2.81711 2.8233 2.8299 2.8369 2.84427 2.85199 2.86001 2.8683 2.87679 2.88544 2.89419 2.90297 2.91172 2.92037 2.92885 2.9371 2.94504 2.95261 2.95975 2.9664 2.9725 2.978 2.98286 2.98703 2.99048 2.99318 2.9951 2.99625 2.99659 2.99614 2.99489 2.99286 2.99007 2.98653 2.98228 2.97736 2.97181 2.96567 2.959 2.95186 2.9443 2.93639 2.9282 2.91979 2.91123 2.90259 2.89393 2.88533 2.87683 2.8685 2.86038 2.85254 2.845 2.83781 2.83099 2.82457 2.81857 2.81299 2.80784 2.80312 2.79882 2.79494 2.79146 2.78836 2.78563 2.78323 2.78116 2.77938 2.77788 2.77662 2.77558 2.77475 2.7741 2.77362 2.77328 2.77308 2.773 2.77304 
2.76649 2.76673 2.7671 2.76759 2.76821 2.76897 2.76989 2.77097 2.77224 2.77372 2.77544 2.77743 2.7797 2.78229 2.78523 2.78855 2.79226 2.7964 2.80099 2.80604 2.81156 2.81756 2.82404 2.83099 2.8384 2.84625 2.8545 2.86312 2.87207 2.8813 2.89074 2.90035 2.91005 2.91977 2.92944 2.93899 2.94834 2.95742 2.96616 2.97447 2.98231 2.98959 2.99627 3.00229 3.0076 3.01215 3.01591 3.01886 3.02096 3.0222 3.02257 3.02206 3.0207 3.01847 3.01541 3.01153 3.00688 3.00148 2.99539 2.98866 2.98133 2.97348 2.96517 2.95645 2.94742 2.93814 2.92868 2.91912 2.90952 2.89997 2.89053 2.88126 2.87222 2.86347 2.85505 2.847 2.83936 2.83216 2.82541 2.81913 2.81332 2.80799 2.80313 2.79873 2.79478 2.79125 2.78814 2.7854 2.78302 2.78098 2.77924 2.77777 2.77656 2.77559 2.77481 2.77423 2.77381 2.77354 2.77342 2.77342 
2.76689 2.76714 2.76753 2.76806 2.76874 2.76958 2.7706 2.77181 2.77324 2.77491 2.77686 2.7791 2.78167 2.7846 2.78792 2.79166 2.79585 2.80052 2.80568 2.81136 2.81756 2.82429 2.83154 2.83932 2.84759 2.85633 2.86551 2.87509 2.88502 2.89524 2.90569 2.91629 2.92698 2.93768 2.94831 2.9588 2.96905 2.97898 2.98853 2.99761 3.00616 3.0141 3.02137 3.02791 3.03367 3.03862 3.0427 3.04589 3.04816 3.0495 3.0499 3.04935 3.04785 3.04543 3.0421 3.03788 3.03281 3.02694 3.0203 3.01295 3.00496 2.99637 2.98728 2.97774 2.96784 2.95765 2.94725 2.93673 2.92616 2.91562 2.90519 2.89493 2.88492 2.87521 2.86585 2.8569 2.84839 2.84034 2.8328 2.82577 2.81926 2.81327 2.80781 2.80285 2.79839 2.7944 2.79087 2.78776 2.78505 2.78271 2.78072 2.77903 2.77763 2.77649 2.77558 2.77489 2.77438 2.77404 2.77387 2.77384 
2.76732 2.76758 2.76799 2.76857 2.76931 2.77025 2.77138 2.77273 2.77434 2.77621 2.7784 2.78092 2.78381 2.7871 2.79084 2.79504 2.79975 2.80498 2.81077 2.81711 2.82404 2.83154 2.83962 2.84827 2.85745 2.86714 2.8773 2.88788 2.89883 2.91009 2.92157 2.93322 2.94494 2.95665 2.96827 2.97971 2.99088 3.00169 3.01207 3.02193 3.0312 3.0398 3.04766 3.05474 3.06097 3.0663 3.0707 3.07414 3.07659 3.07803 3.07845 3.07785 3.07623 3.07361 3.07001 3.06545 3.05996 3.0536 3.04641 3.03844 3.02976 3.02044 3.01055 3.00016 2.98937 2.97825 2.96689 2.95537 2.94379 2.93223 2.92077 2.90949 2.89845 2.88774 2.8774 2.86749 2.85805 2.84913 2.84074 2.83291 2.82565 2.81897 2.81286 2.8073 2.80229 2.79781 2.79383 2.79032 2.78725 2.7846 2.78232 2.7804 2.77879 2.77747 2.77642 2.7756 2.77499 2.77458 2.77435 2.77429 
2.76778 2.76805 2.76849 2.76912 2.76994 2.77097 2.77222 2.77374 2.77553 2.77763 2.78007 2.78289 2.78613 2.78982 2.794 2.7987 2.80396 2.80979 2.81623 2.8233 2.83099 2.83932 2.84827 2.85782 2.86796 2.87864 2.88983 2.90146 2.91347 2.9258 2.93836 2.95107 2.96384 2.97659 2.98922 3.00163 3.01374 3.02545 3.03666 3.04731 3.0573 3.06656 3.07503 3.08263 3.08932 3.09505 3.09977 3.10345 3.10608 3.10762 3.10806 3.10741 3.10567 3.10286 3.09898 3.09408 3.08818 3.08133 3.07359 3.065 3.05563 3.04557 3.03487 3.02363 3.01193 2.99986 2.98751 2.97498 2.96236 2.94975 2.93722 2.92487 2.91278 2.90102 2.88965 2.87874 2.86834 2.85849 2.84922 2.84055 2.8325 2.82507 2.81827 2.81208 2.80649 2.80147 2.79701 2.79307 2.78962 2.78663 2.78406 2.78187 2.78004 2.77853 2.77732 2.77637 2.77566 2.77516 2.77488 2.77478 
2.76829 2.76856 2.76903 2.76971 2.77061 2.77174 2.77314 2.77482 2.77681 2.77915 2.78188 2.78502 2.78863 2.79274 2.7974 2.80262 2.80846 2.81494 2.82208 2.8299 2.8384 2.84759 2.85745 2.86796 2.87909 2.89081 2.90305 2.91576 2.92887 2.9423 2.95596 2.96977 2.98362 2.99742 3.01107 3.02447 3.03752 3.05012 3.06218 3.0736 3.08432 3.09424 3.1033 3.11143 3.11857 3.12469 3.12972 3.13365 3.13644 3.13808 3.13855 3.13786 3.136 3.13299 3.12885 3.12361 3.1173 3.10998 3.10168 3.09248 3.08243 3.07161 3.06011 3.04801 3.0354 3.02237 3.00902 2.99546 2.98179 2.96809 2.95448 2.94103 2.92785 2.91501 2.90258 2.89063 2.87923 2.8684 2.8582 2.84865 2.83977 2.83157 2.82404 2.81718 2.81097 2.80539 2.80042 2.79602 2.79216 2.78881 2.78592 2.78345 2.78139 2.77967 2.77829 2.77719 2.77637 2.77579 2.77544 2.7753 
2.76883 2.7691 2.76961 2.77035 2.77133 2.77258 2.77412 2.77598 2.77819 2.78079 2.78381 2.78731 2.79131 2.79587 2.80102 2.80681 2.81327 2.82042 2.82829 2.8369 2.84625 2.85633 2.86714 2.87864 2.89081 2.90359 2.91692 2.93074 2.94497 2.95953 2.97431 2.98922 3.00417 3.01903 3.03371 3.04809 3.06208 3.07557 3.08846 3.10066 3.11209 3.12266 3.1323 3.14094 3.14854 3.15503 3.16037 3.16453 3.16749 3.16923 3.16973 3.16899 3.16701 3.16382 3.15942 3.15385 3.14715 3.13935 3.13052 3.12071 3.10999 3.09844 3.08614 3.07318 3.05965 3.04566 3.03132 3.01672 3.00197 2.98718 2.97246 2.9579 2.9436 2.92965 2.91613 2.90311 2.89066 2.87884 2.86767 2.85721 2.84746 2.83844 2.83015 2.82258 2.81573 2.80956 2.80405 2.79916 2.79487 2.79113 2.7879 2.78515 2.78282 2.78089 2.77932 2.77808 2.77713 2.77646 2.77604 2.77586 
2.7694 2.76969 2.77023 2.77103 2.77211 2.77348 2.77518 2.77723 2.77967 2.78254 2.78588 2.78974 2.79416 2.79919 2.80488 2.81125 2.81835 2.82621 2.83484 2.84427 2.8545 2.86551 2.8773 2.88983 2.90305 2.91692 2.93137 2.94632 2.96169 2.97739 2.9933 3.00933 3.02536 3.04129 3.05699 3.07235 3.08727 3.10164 3.11535 3.12831 3.14044 3.15164 3.16184 3.17099 3.17901 3.18586 3.19151 3.1959 3.19902 3.20085 3.20137 3.20059 3.19851 3.19514 3.19049 3.18461 3.17752 3.16927 3.15992 3.14952 3.13814 3.12587 3.11278 3.09898 3.08455 3.06961 3.05427 3.03862 3.0228 3.00692 2.99107 2.97538 2.95995 2.94487 2.93023 2.91612 2.90261 2.88975 2.87759 2.86617 2.85553 2.84566 2.83658 2.82828 2.82074 2.81396 2.80788 2.80249 2.79774 2.7936 2.79001 2.78694 2.78435 2.78219 2.78042 2.77902 2.77794 2.77717 2.77668 2.77646 
2.77001 2.77031 2.77089 2.77176 2.77293 2.77444 2.7763 2.77855 2.78124 2.7844 2.78807 2.79232 2.79718 2.8027 2.80894 2.81592 2.82369 2.83228 2.84171 2.85199 2.86312 2.87509 2.88788 2.90146 2.91576 2.93074 2.94632 2.96242 2.97894 2.99578 3.01282 3.02997 3.04709 3.06406 3.08077 3.0971 3.11294 3.12816 3.14267 3.15637 3.16917 3.18098 3.19173 3.20135 3.20979 3.21699 3.22291 3.22753 3.2308 3.23272 3.23327 3.23245 3.23027 3.22673 3.22185 3.21567 3.20822 3.19954 3.18968 3.17871 3.1667 3.15373 3.13988 3.12525 3.10994 3.09406 3.07773 3.06106 3.04417 3.02718 3.01022 2.99339 2.97681 2.96059 2.94483 2.9296 2.915 2.90108 2.88791 2.87552 2.86394 2.8532 2.8433 2.83424 2.82601 2.81857 2.81191 2.80599 2.80077 2.7962 2.79224 2.78884 2.78596 2.78356 2.78159 2.78002 2.77881 2.77793 2.77736 2.7771 
2.77066 2.77097 2.77159 2.77253 2.7738 2.77545 2.77748 2.77995 2.78289 2.78635 2.79038 2.79503 2.80035 2.80638 2.81319 2.82081 2.82927 2.83862 2.84886 2.86001 2.87207 2.88502 2.89883 2.91347 2.92887 2.94497 2.96169 2.97894 2.99661 3.01459 3.03276 3.05101 3.0692 3.08721 3.10491 3.12219 3.13891 3.15496 3.17024 3.18465 3.19809 3.21049 3.22175 3.23183 3.24066 3.24819 3.25438 3.25919 3.26261 3.26462 3.2652 3.26434 3.26207 3.25837 3.25328 3.24682 3.23902 3.22994 3.21961 3.2081 3.19548 3.18184 3.16725 3.15182 3.13566 3.11886 3.10156 3.08388 3.06593 3.04786 3.02978 3.01182 2.9941 2.97673 2.95983 2.94348 2.92777 2.91278 2.89857 2.88519 2.87267 2.86103 2.85029 2.84045 2.83149 2.82339 2.81612 2.80965 2.80393 2.79892 2.79457 2.79083 2.78766 2.785 2.78282 2.78107 2.77971 2.77873 2.77809 2.77777 
2.77135 2.77166 2.77232 2.77334 2.77472 2.77651 2.77873 2.78142 2.78463 2.7884 2.7928 2.79786 2.80365 2.81022 2.81761 2.82588 2.83506 2.84518 2.85626 2.8683 2.8813 2.89524 2.91009 2.9258 2.9423 2.95953 2.97739 2.99578 3.01459 3.0337 3.05299 3.07232 3.09156 3.11058 3.12925 3.14743 3.165 3.18186 3.19788 3.21296 3.22701 3.23995 3.25171 3.26221 3.2714 3.27923 3.28567 3.29068 3.29424 3.29632 3.29693 3.29605 3.29368 3.28985 3.28456 3.27784 3.26973 3.26026 3.24949 3.23748 3.22429 3.21 3.19472 3.17852 3.16153 3.14385 3.12561 3.10693 3.08796 3.06881 3.04963 3.03055 3.01169 2.99319 2.97514 2.95766 2.94085 2.92478 2.90952 2.89513 2.88165 2.8691 2.85751 2.84686 2.83716 2.82838 2.82048 2.81345 2.80722 2.80175 2.797 2.79291 2.78943 2.78651 2.7841 2.78217 2.78067 2.77957 2.77884 2.77847 
2.77206 2.77239 2.77309 2.77418 2.77568 2.77762 2.78003 2.78295 2.78644 2.79054 2.7953 2.8008 2.80707 2.81418 2.82219 2.83112 2.84102 2.85193 2.86385 2.87679 2.89074 2.90569 2.92157 2.93836 2.95596 2.97431 2.9933 3.01282 3.03276 3.05299 3.07336 3.09375 3.11401 3.13401 3.1536 3.17266 3.19105 3.20866 3.22538 3.24109 3.25572 3.26917 3.28138 3.29227 3.3018 3.30992 3.31659 3.32177 3.32545 3.32761 3.32824 3.32734 3.3249 3.32094 3.31547 3.30852 3.30012 3.2903 3.27912 3.26664 3.25292 3.23804 3.22208 3.20516 3.18738 3.16885 3.14971 3.13008 3.1101 3.08991 3.06965 3.04947 3.02949 3.00985 2.99068 2.97208 2.95416 2.937 2.92069 2.90529 2.89084 2.87737 2.86491 2.85345 2.84299 2.83351 2.82498 2.81736 2.81061 2.80468 2.79951 2.79506 2.79126 2.78807 2.78543 2.78331 2.78166 2.78044 2.77963 2.77921 
2.7728 2.77314 2.77389 2.77507 2.77668 2.77877 2.78138 2.78454 2.78831 2.79274 2.79789 2.80382 2.81059 2.81826 2.82687 2.83648 2.84712 2.85882 2.8716 2.88544 2.90035 2.91629 2.93322 2.95107 2.96977 2.98922 3.00933 3.02997 3.05101 3.07232 3.09375 3.11516 3.13641 3.15734 3.17782 3.19771 3.21688 3.2352 3.25256 3.26887 3.28403 3.29795 3.31057 3.32183 3.33166 3.34003 3.34691 3.35225 3.35605 3.35828 3.35893 3.35801 3.35551 3.35144 3.34581 3.33865 3.32999 3.31986 3.30831 3.29539 3.28118 3.26574 3.24917 3.23157 3.21304 3.19371 3.1737 3.15316 3.13221 3.11101 3.08971 3.06845 3.04737 3.02662 3.00633 2.98662 2.9676 2.94937 2.93201 2.91559 2.90017 2.88578 2.87244 2.86017 2.84895 2.83876 2.82958 2.82138 2.8141 2.80769 2.8021 2.79727 2.79315 2.78968 2.78681 2.78449 2.78268 2.78135 2.78045 2.77998 
2.77357 2.77392 2.77472 2.77598 2.77771 2.77996 2.78276 2.78617 2.79023 2.795 2.80054 2.80691 2.81419 2.82242 2.83165 2.84194 2.85332 2.86581 2.87944 2.89419 2.91005 2.92698 2.94494 2.96384 2.98362 3.00417 3.02536 3.04709 3.0692 3.09156 3.11401 3.13641 3.1586 3.18042 3.20174 3.22241 3.2423 3.26128 3.27925 3.29611 3.31175 3.3261 3.3391 3.35067 3.36078 3.36938 3.37644 3.38192 3.38582 3.38812 3.3888 3.38786 3.38531 3.38114 3.37538 3.36804 3.35915 3.34874 3.33686 3.32355 3.30889 3.29295 3.27581 3.25757 3.23835 3.21826 3.19743 3.17601 3.15414 3.13197 3.10966 3.08735 3.06521 3.04338 3.022 3.0012 2.98109 2.9618 2.9434 2.92598 2.90959 2.89428 2.88007 2.86697 2.85498 2.84409 2.83426 2.82546 2.81764 2.81075 2.80474 2.79953 2.79508 2.79133 2.78822 2.78571 2.78374 2.78228 2.7813 2.78077 
2.77435 2.77472 2.77557 2.77691 2.77877 2.78118 2.78418 2.78783 2.79218 2.79729 2.80323 2.81005 2.81783 2.82662 2.83648 2.84745 2.85956 2.87285 2.88732 2.90297 2.91977 2.93768 2.95665 2.97659 2.99742 3.01903 3.04129 3.06406 3.08721 3.11058 3.13401 3.15734 3.18042 3.20309 3.22519 3.24659 3.26715 3.28675 3.30527 3.32262 3.3387 3.35344 3.36677 3.37863 3.38898 3.39778 3.405 3.41061 3.4146 3.41695 3.41765 3.41671 3.41411 3.40987 3.404 3.3965 3.38742 3.37676 3.36459 3.35094 3.33587 3.31947 3.30181 3.28299 3.26312 3.24232 3.22073 3.19849 3.17574 3.15265 3.12937 3.10606 3.08289 3.06001 3.03756 3.0157 2.99454 2.97421 2.95479 2.93637 2.91903 2.9028 2.88772 2.87381 2.86106 2.84946 2.83898 2.82959 2.82123 2.81386 2.80741 2.80183 2.79705 2.79301 2.78966 2.78694 2.78481 2.78323 2.78216 2.78158 
2.77515 2.77554 2.77643 2.77786 2.77984 2.78241 2.78562 2.78952 2.79416 2.79961 2.80594 2.81322 2.8215 2.83085 2.84132 2.85297 2.86581 2.87989 2.89519 2.91172 2.92944 2.94831 2.96827 2.98922 3.01107 3.03371 3.05699 3.08077 3.10491 3.12925 3.1536 3.17782 3.20174 3.22519 3.24803 3.2701 3.29128 3.31143 3.33046 3.34825 3.36472 3.3798 3.39342 3.40553 3.41609 3.42506 3.43242 3.43814 3.44221 3.44461 3.44534 3.44439 3.44176 3.43746 3.4315 3.42387 3.41462 3.40376 3.39133 3.37738 3.36196 3.34514 3.32701 3.30766 3.2872 3.26575 3.24345 3.22044 3.19687 3.1729 3.1487 3.12444 3.10028 3.07639 3.05293 3.03003 3.00785 2.9865 2.96608 2.9467 2.92842 2.91129 2.89536 2.88064 2.86714 2.85484 2.84371 2.83373 2.82483 2.81698 2.8101 2.80414 2.79903 2.79471 2.79111 2.7882 2.7859 2.78419 2.78304 2.7824 
2.77596 2.77636 2.7773 2.77881 2.78092 2.78365 2.78706 2.79121 2.79614 2.80194 2.80866 2.81638 2.82516 2.83506 2.84614 2.85845 2.87202 2.88686 2.90298 2.92037 2.93899 2.9588 2.97971 3.00163 3.02447 3.04809 3.07235 3.0971 3.12219 3.14743 3.17266 3.19771 3.22241 3.24659 3.2701 3.29279 3.31453 3.33519 3.35466 3.37285 3.38966 3.40504 3.41891 3.43124 3.44197 3.45109 3.45857 3.46438 3.46851 3.47096 3.47171 3.47076 3.46811 3.46377 3.45773 3.45 3.44061 3.42958 3.41694 3.40272 3.38699 3.36982 3.35127 3.33144 3.31045 3.2884 3.26545 3.24172 3.21738 3.19259 3.16753 3.14236 3.11727 3.09242 3.06797 3.04409 3.02092 2.99858 2.9772 2.95687 2.93768 2.91968 2.90291 2.8874 2.87316 2.86017 2.84841 2.83784 2.82842 2.82009 2.81279 2.80645 2.80101 2.7964 2.79257 2.78945 2.787 2.78517 2.78392 2.78323 
2.77676 2.77718 2.77817 2.77977 2.78199 2.78489 2.7885 2.79289 2.79811 2.80425 2.81135 2.81951 2.82878 2.83922 2.8509 2.86386 2.87812 2.89371 2.91063 2.92885 2.94834 2.96905 2.99088 3.01374 3.03752 3.06208 3.08727 3.11294 3.13891 3.165 3.19105 3.21688 3.2423 3.26715 3.29128 3.31453 3.33677 3.35788 3.37775 3.39628 3.41339 3.42902 3.44311 3.45561 3.4665 3.47573 3.4833 3.48919 3.49338 3.49586 3.49664 3.4957 3.49304 3.48866 3.48256 3.47476 3.46527 3.45409 3.44127 3.42684 3.41085 3.39336 3.37444 3.3542 3.33272 3.31014 3.28658 3.2622 3.23715 3.2116 3.18573 3.15971 3.13373 3.10797 3.08259 3.05777 3.03365 3.01037 2.98806 2.96683 2.94675 2.9279 2.91033 2.89405 2.87909 2.86542 2.85304 2.8419 2.83196 2.82316 2.81544 2.80873 2.80297 2.79809 2.79402 2.7907 2.78809 2.78613 2.7848 2.78406 
2.77756 2.77799 2.77904 2.78072 2.78306 2.78611 2.78992 2.79455 2.80006 2.80652 2.814 2.82258 2.83233 2.8433 2.85556 2.86914 2.88408 2.90039 2.91807 2.9371 2.95742 2.97898 3.00169 3.02545 3.05012 3.07557 3.10164 3.12816 3.15496 3.18186 3.20866 3.2352 3.26128 3.28675 3.31143 3.33519 3.35788 3.37938 3.3996 3.41842 3.43579 3.45163 3.4659 3.47855 3.48955 3.49888 3.50653 3.51247 3.51671 3.51923 3.52002 3.51909 3.51643 3.51203 3.5059 3.49805 3.48847 3.47719 3.46423 3.44962 3.4334 3.41564 3.39641 3.37579 3.35389 3.33082 3.30673 3.28175 3.25605 3.2298 3.20317 3.17637 3.14956 3.12294 3.09668 3.07097 3.04595 3.02178 2.99858 2.97648 2.95556 2.9359 2.91754 2.90052 2.88486 2.87055 2.85757 2.84588 2.83543 2.82618 2.81805 2.81098 2.8049 2.79974 2.79544 2.79193 2.78917 2.78709 2.78567 2.78488 
2.77834 2.77879 2.77988 2.78164 2.78411 2.78731 2.79131 2.79617 2.80195 2.80873 2.81658 2.82557 2.83577 2.84726 2.86007 2.87425 2.88984 2.90684 2.92525 2.94504 2.96616 2.98853 3.01207 3.03666 3.06218 3.08846 3.11535 3.14267 3.17024 3.19788 3.22538 3.25256 3.27925 3.30527 3.33046 3.35466 3.37775 3.3996 3.42011 3.43919 3.45676 3.47278 3.48719 3.49996 3.51105 3.52046 3.52816 3.53415 3.53842 3.54097 3.54179 3.54087 3.53821 3.5338 3.52766 3.51976 3.51013 3.49877 3.4857 3.47095 3.45455 3.43657 3.41706 3.39612 3.37385 3.35035 3.32577 3.30025 3.27396 3.24707 3.21975 3.19222 3.16464 3.13722 3.11015 3.08359 3.05773 3.03271 3.00868 2.98576 2.96403 2.94359 2.92449 2.90677 2.89045 2.87551 2.86195 2.84973 2.8388 2.8291 2.82058 2.81317 2.80678 2.80136 2.79683 2.79314 2.79022 2.78803 2.78653 2.78569 
2.7791 2.77956 2.7807 2.78255 2.78512 2.78847 2.79266 2.79774 2.80378 2.81087 2.81906 2.82845 2.83909 2.85105 2.86439 2.87915 2.89535 2.91301 2.93211 2.95261 2.97447 2.99761 3.02193 3.04731 3.0736 3.10066 3.12831 3.15637 3.18465 3.21296 3.24109 3.26887 3.29611 3.32262 3.34825 3.37285 3.39628 3.41842 3.43919 3.45848 3.47623 3.49239 3.50691 3.51977 3.53093 3.54039 3.54814 3.55416 3.55846 3.56103 3.56186 3.56096 3.55831 3.55391 3.54776 3.53985 3.53018 3.51876 3.50561 3.49075 3.47421 3.45604 3.43631 3.41509 3.39249 3.36862 3.34361 3.31761 3.29078 3.26331 3.23537 3.20716 3.17888 3.15072 3.12288 3.09555 3.0689 3.0431 3.01828 2.99458 2.9721 2.95093 2.93113 2.91274 2.89578 2.88026 2.86615 2.85342 2.84203 2.83191 2.82302 2.81527 2.80859 2.80292 2.79818 2.7943 2.79124 2.78894 2.78735 2.78647 
2.77983 2.78031 2.78149 2.78341 2.78609 2.78959 2.79395 2.79924 2.80553 2.8129 2.82143 2.83118 2.84224 2.85466 2.86849 2.88379 2.90057 2.91883 2.93858 2.95975 2.98231 3.00616 3.0312 3.0573 3.08432 3.11209 3.14044 3.16917 3.19809 3.22701 3.25572 3.28403 3.31175 3.3387 3.36472 3.38966 3.41339 3.43579 3.45676 3.47623 3.49412 3.51039 3.525 3.53792 3.54914 3.55863 3.56641 3.57246 3.57677 3.57936 3.58021 3.57933 3.57669 3.5723 3.56616 3.55824 3.54856 3.53711 3.5239 3.50895 3.4923 3.47398 3.45406 3.43261 3.40973 3.38553 3.36015 3.33372 3.30642 3.27842 3.24991 3.2211 3.19217 3.16334 3.13481 3.10676 3.07939 3.05285 3.02731 3.00289 2.9797 2.95785 2.93739 2.91838 2.90083 2.88475 2.87012 2.85692 2.84509 2.83459 2.82534 2.81727 2.81032 2.8044 2.79946 2.79541 2.79221 2.7898 2.78815 2.78722 
2.78053 2.78101 2.78224 2.78423 2.78701 2.79064 2.79516 2.80065 2.80718 2.81482 2.82365 2.83375 2.84519 2.85803 2.87233 2.88813 2.90544 2.92427 2.9446 2.9664 2.98959 3.0141 3.0398 3.06656 3.09424 3.12266 3.15164 3.18098 3.21049 3.23995 3.26917 3.29795 3.3261 3.35344 3.3798 3.40504 3.42902 3.45163 3.47278 3.49239 3.51039 3.52675 3.54142 3.55439 3.56563 3.57515 3.58295 3.58901 3.59334 3.59594 3.59681 3.59594 3.59332 3.58895 3.58282 3.57491 3.56523 3.55376 3.54052 3.52551 3.50877 3.49034 3.47026 3.44862 3.4255 3.40102 3.37531 3.34851 3.32078 3.29232 3.26331 3.23395 3.20444 3.175 3.14584 3.11714 3.0891 3.06189 3.03568 3.0106 2.98678 2.9643 2.94323 2.92364 2.90554 2.88895 2.87384 2.86019 2.84796 2.83709 2.82751 2.81915 2.81194 2.8058 2.80067 2.79646 2.79313 2.79063 2.7889 2.78793 
2.78117 2.78167 2.78294 2.78499 2.78787 2.79161 2.79629 2.80196 2.8087 2.81659 2.82571 2.83612 2.84792 2.86115 2.87587 2.89212 2.90992 2.92927 2.95014 2.9725 2.99627 3.02137 3.04766 3.07503 3.1033 3.1323 3.16184 3.19173 3.22175 3.25171 3.28138 3.31057 3.3391 3.36677 3.39342 3.41891 3.44311 3.4659 3.48719 3.50691 3.525 3.54142 3.55614 3.56913 3.5804 3.58993 3.59773 3.6038 3.60814 3.61076 3.61164 3.61079 3.60819 3.60384 3.59773 3.58984 3.58016 3.56869 3.55543 3.54038 3.52358 3.50505 3.48486 3.46305 3.43974 3.41502 3.38902 3.3619 3.33381 3.30494 3.27547 3.24563 3.21561 3.18563 3.15589 3.12661 3.09797 3.07017 3.04335 3.01768 2.99326 2.97021 2.94859 2.92847 2.90988 2.89281 2.87727 2.86322 2.85061 2.8394 2.82952 2.82089 2.81344 2.8071 2.80179 2.79744 2.79399 2.79139 2.7896 2.78859 
2.78176 2.78228 2.78358 2.78569 2.78865 2.79251 2.79732 2.80316 2.8101 2.81821 2.82758 2.83828 2.85039 2.86397 2.87908 2.89574 2.91397 2.93378 2.95514 2.978 3.00229 3.02791 3.05474 3.08263 3.11143 3.14094 3.17099 3.20135 3.23183 3.26221 3.29227 3.32183 3.35067 3.37863 3.40553 3.43124 3.45561 3.47855 3.49996 3.51977 3.53792 3.55439 3.56913 3.58215 3.59342 3.60296 3.61076 3.61684 3.62118 3.62381 3.6247 3.62387 3.62129 3.61697 3.61088 3.603 3.59334 3.58188 3.56861 3.55354 3.53669 3.5181 3.4978 3.47587 3.45239 3.42747 3.40123 3.37383 3.34542 3.3162 3.28635 3.25608 3.2256 3.19514 3.16491 3.13511 3.10594 3.0776 3.05025 3.02404 2.9991 2.97554 2.95343 2.93284 2.9138 2.89631 2.88037 2.86596 2.85302 2.8415 2.83135 2.82247 2.81481 2.80828 2.80281 2.79833 2.79477 2.79209 2.79024 2.7892 
2.7823 2.78282 2.78415 2.78632 2.78935 2.79331 2.79824 2.80423 2.81134 2.81965 2.82925 2.8402 2.85259 2.86648 2.88192 2.89894 2.91756 2.93777 2.95956 2.98286 3.0076 3.03367 3.06097 3.08932 3.11857 3.14854 3.17901 3.20979 3.24066 3.2714 3.3018 3.33166 3.36078 3.38898 3.41609 3.44197 3.4665 3.48955 3.51105 3.53093 3.54914 3.56563 3.5804 3.59342 3.6047 3.61424 3.62204 3.62811 3.63246 3.63509 3.636 3.63518 3.63263 3.62833 3.62226 3.61441 3.60477 3.59331 3.58005 3.56497 3.54809 3.52944 3.50906 3.48703 3.46341 3.43832 3.41189 3.38425 3.35558 3.32605 3.29586 3.26523 3.23437 3.20349 3.17282 3.14257 3.11295 3.08414 3.05633 3.02965 3.00426 2.98025 2.95771 2.9367 2.91726 2.89941 2.88312 2.86839 2.85515 2.84337 2.83297 2.82388 2.81603 2.80934 2.80373 2.79913 2.79548 2.79272 2.79082 2.78974 
2.78276 2.7833 2.78466 2.78687 2.78997 2.79401 2.79905 2.80516 2.81242 2.8209 2.83069 2.84186 2.8545 2.86865 2.88437 2.9017 2.92065 2.94121 2.96335 2.98703 3.01215 3.03862 3.0663 3.09505 3.12469 3.15503 3.18586 3.21699 3.24819 3.27923 3.30992 3.34003 3.36938 3.39778 3.42506 3.45109 3.47573 3.49888 3.52046 3.54039 3.55863 3.57515 3.58993 3.60296 3.61424 3.62377 3.63157 3.63764 3.64199 3.64463 3.64555 3.64474 3.64221 3.63793 3.63188 3.62406 3.61443 3.60299 3.58973 3.57464 3.55774 3.53905 3.51862 3.4965 3.47277 3.44755 3.42095 3.39312 3.36422 3.33444 3.30397 3.27304 3.24185 3.21062 3.17959 3.14896 3.11895 3.08975 3.06153 3.03446 3.00868 2.98429 2.96139 2.94003 2.92025 2.90208 2.8855 2.87048 2.857 2.84499 2.83438 2.82511 2.81709 2.81025 2.80452 2.79982 2.79609 2.79327 2.79132 2.79022 
2.78316 2.7837 2.78508 2.78733 2.79049 2.7946 2.79972 2.80594 2.81332 2.82194 2.8319 2.84325 2.85608 2.87045 2.88641 2.90399 2.92321 2.94405 2.9665 2.99048 3.01591 3.0427 3.0707 3.09977 3.12972 3.16037 3.19151 3.22291 3.25438 3.28567 3.31659 3.34691 3.37644 3.405 3.43242 3.45857 3.4833 3.50653 3.52816 3.54814 3.56641 3.58295 3.59773 3.61076 3.62204 3.63157 3.63937 3.64544 3.64979 3.65243 3.65335 3.65256 3.65004 3.64578 3.63976 3.63195 3.62234 3.61092 3.59766 3.58257 3.56565 3.54693 3.52645 3.50426 3.48045 3.45512 3.42838 3.40039 3.37132 3.34133 3.31064 3.27946 3.248 3.21649 3.18516 3.15422 3.12389 3.09437 3.06583 3.03844 3.01234 2.98763 2.96443 2.94278 2.92273 2.90429 2.88747 2.87223 2.85853 2.84633 2.83555 2.82613 2.81798 2.81102 2.80519 2.8004 2.7966 2.79373 2.79175 2.79062 
2.78348 2.78402 2.78542 2.7877 2.7909 2.79507 2.80026 2.80656 2.81404 2.82277 2.83285 2.84435 2.85733 2.87187 2.88802 2.9058 2.92522 2.94629 2.96896 2.99318 3.01886 3.04589 3.07414 3.10345 3.13365 3.16453 3.1959 3.22753 3.25919 3.29068 3.32177 3.35225 3.38192 3.41061 3.43814 3.46438 3.48919 3.51247 3.53415 3.55416 3.57246 3.58901 3.6038 3.61684 3.62811 3.63764 3.64544 3.65151 3.65586 3.6585 3.65943 3.65865 3.65615 3.6519 3.64589 3.6381 3.6285 3.61709 3.60383 3.58874 3.57181 3.55306 3.53254 3.5103 3.48642 3.461 3.43417 3.40606 3.37684 3.34669 3.31583 3.28445 3.25279 3.22106 3.1895 3.15832 3.12775 3.09797 3.06918 3.04154 3.01519 2.99025 2.96681 2.94494 2.92467 2.90603 2.88902 2.8736 2.85975 2.8474 2.83648 2.82694 2.81868 2.81163 2.80572 2.80087 2.79702 2.79411 2.79209 2.79095 
2.78371 2.78427 2.78568 2.78798 2.79121 2.79542 2.80066 2.80702 2.81457 2.82338 2.83355 2.84514 2.85824 2.8729 2.88917 2.90709 2.92667 2.94789 2.97072 2.9951 3.02096 3.04816 3.07659 3.10608 3.13644 3.16749 3.19902 3.2308 3.26261 3.29424 3.32545 3.35605 3.38582 3.4146 3.44221 3.46851 3.49338 3.51671 3.53842 3.55846 3.57677 3.59334 3.60814 3.62118 3.63246 3.64199 3.64979 3.65586 3.66021 3.66286 3.6638 3.66302 3.66052 3.65629 3.65029 3.6425 3.63292 3.6215 3.60825 3.59315 3.5762 3.55744 3.53689 3.51461 3.49068 3.46519 3.43828 3.41008 3.38076 3.3505 3.31951 3.288 3.25619 3.2243 3.19258 3.16124 3.13049 3.10054 3.07157 3.04376 3.01723 2.99212 2.96852 2.94648 2.92607 2.90728 2.89013 2.87459 2.86062 2.84817 2.83716 2.82753 2.81919 2.81208 2.80611 2.80121 2.79732 2.79438 2.79235 2.79119 
2.78387 2.78442 2.78585 2.78816 2.79141 2.79564 2.80091 2.80731 2.81489 2.82376 2.83397 2.84563 2.85879 2.87352 2.88987 2.90787 2.92753 2.94884 2.97176 2.99625 3.0222 3.0495 3.07803 3.10762 3.13808 3.16923 3.20085 3.23272 3.26462 3.29632 3.32761 3.35828 3.38812 3.41695 3.44461 3.47096 3.49586 3.51923 3.54097 3.56103 3.57936 3.59594 3.61076 3.62381 3.63509 3.64463 3.65243 3.6585 3.66286 3.66551 3.66645 3.66568 3.66319 3.65895 3.65295 3.64517 3.63558 3.62416 3.6109 3.59579 3.57883 3.56005 3.53947 3.51716 3.4932 3.46767 3.4407 3.41245 3.38306 3.35274 3.32167 3.29008 3.25818 3.2262 3.19438 3.16294 3.13209 3.10204 3.07298 3.04506 3.01844 2.99323 2.96953 2.9474 2.9269 2.90803 2.89081 2.87519 2.86116 2.84864 2.83757 2.82789 2.81951 2.81236 2.80636 2.80143 2.79752 2.79456 2.79251 2.79135 
