1.35257 1.35292 1.35325 1.35358 1.35388 1.35417 1.35443 1.35467 1.35488 1.35507 1.35523 1.35537 1.35549 1.35559 1.35567 1.35574 1.35579 1.35583 1.35587 1.3559 1.35592 1.35594 1.35596 1.35598 1.356 1.35602 1.35604 1.35607 1.3561 1.35613 1.35617 1.35621 1.35626 1.35631 1.35637 1.35644 1.3565 1.35657 1.35665 1.35672 1.3568 1.35687 1.35694 1.35701 1.35708 1.35714 1.35719 1.35723 1.35726 1.35729 1.3573 1.3573 1.35729 1.35727 1.35725 1.35721 1.35716 1.35711 1.35705 1.35698 1.35691 1.35684 1.35677 1.35669 1.35662 1.35655 1.35648 1.35642 1.35636 1.3563 1.35625 1.35621 1.35617 1.35614 1.35611 1.35608 1.35606 1.35605 1.35604 1.35604 1.35604 1.35605 1.35607 1.3561 1.35614 1.3562 1.35627 1.35636 1.35647 1.35661 1.35677 1.35696 1.35717 1.35741 1.35767 1.35796 1.35827 1.35859 1.35893 1.35927 
1.35292 1.35326 1.3536 1.35392 1.35423 1.35451 1.35478 1.35501 1.35523 1.35541 1.35558 1.35572 1.35583 1.35593 1.35601 1.35608 1.35613 1.35618 1.35621 1.35624 1.35626 1.35628 1.3563 1.35632 1.35634 1.35636 1.35638 1.3564 1.35643 1.35646 1.3565 1.35654 1.35659 1.35664 1.3567 1.35676 1.35683 1.3569 1.35697 1.35705 1.35713 1.3572 1.35728 1.35734 1.35741 1.35747 1.35752 1.35756 1.3576 1.35762 1.35764 1.35764 1.35763 1.35761 1.35758 1.35754 1.35749 1.35744 1.35738 1.35731 1.35724 1.35717 1.3571 1.35702 1.35695 1.35688 1.35681 1.35675 1.35669 1.35664 1.35659 1.35654 1.3565 1.35647 1.35644 1.35642 1.3564 1.35639 1.35638 1.35638 1.35638 1.35639 1.35641 1.35644 1.35649 1.35654 1.35661 1.35671 1.35682 1.35695 1.35711 1.3573 1.35751 1.35775 1.35801 1.3583 1.35861 1.35893 1.35927 1.35961 
1.35325 1.3536 1.35393 1.35426 1.35456 1.35485 1.35511 1.35535 1.35556 1.35575 1.35591 1.35605 1.35617 1.35627 1.35635 1.35642 1.35647 1.35651 1.35655 1.35658 1.3566 1.35662 1.35664 1.35666 1.35668 1.3567 1.35672 1.35675 1.35678 1.35682 1.35686 1.35691 1.35697 1.35703 1.3571 1.35717 1.35725 1.35733 1.35742 1.3575 1.35759 1.35768 1.35777 1.35785 1.35792 1.35799 1.35805 1.3581 1.35814 1.35817 1.35819 1.35819 1.35818 1.35815 1.35812 1.35807 1.35802 1.35795 1.35788 1.3578 1.35772 1.35764 1.35755 1.35746 1.35738 1.3573 1.35722 1.35715 1.35708 1.35702 1.35696 1.35691 1.35686 1.35683 1.35679 1.35677 1.35674 1.35673 1.35672 1.35672 1.35672 1.35673 1.35675 1.35678 1.35682 1.35688 1.35695 1.35704 1.35715 1.35729 1.35745 1.35763 1.35785 1.35809 1.35835 1.35864 1.35894 1.35927 1.3596 1.35995 
1.35358 1.35392 1.35426 1.35458 1.35489 1.35517 1.35543 1.35567 1.35588 1.35607 1.35623 1.35637 1.35649 1.35659 1.35667 1.35674 1.35679 1.35684 1.35687 1.3569 1.35693 1.35695 1.35697 1.357 1.35702 1.35705 1.35708 1.35711 1.35716 1.3572 1.35726 1.35732 1.3574 1.35748 1.35757 1.35766 1.35776 1.35787 1.35798 1.3581 1.35821 1.35833 1.35844 1.35855 1.35864 1.35873 1.35881 1.35887 1.35892 1.35896 1.35898 1.35898 1.35897 1.35894 1.35889 1.35883 1.35876 1.35867 1.35858 1.35847 1.35837 1.35826 1.35814 1.35803 1.35792 1.35782 1.35771 1.35762 1.35753 1.35745 1.35738 1.35731 1.35725 1.3572 1.35716 1.35712 1.3571 1.35707 1.35706 1.35705 1.35705 1.35706 1.35708 1.35711 1.35715 1.3572 1.35727 1.35737 1.35748 1.35761 1.35777 1.35796 1.35817 1.35841 1.35867 1.35896 1.35927 1.35959 1.35993 1.36027 
1.35388 1.35423 1.35456 1.35489 1.35519 1.35548 1.35574 1.35598 1.35619 1.35638 1.35654 1.35668 1.3568 1.3569 1.35698 1.35705 1.3571 1.35715 1.35718 1.35722 1.35725 1.35727 1.3573 1.35733 1.35736 1.3574 1.35744 1.35749 1.35755 1.35762 1.3577 1.35779 1.35789 1.358 1.35813 1.35826 1.3584 1.35855 1.35871 1.35887 1.35903 1.35919 1.35934 1.35948 1.35962 1.35974 1.35984 1.35993 1.36 1.36004 1.36007 1.36007 1.36005 1.36 1.35994 1.35985 1.35975 1.35964 1.35951 1.35936 1.35922 1.35906 1.35891 1.35875 1.3586 1.35845 1.35831 1.35818 1.35806 1.35795 1.35784 1.35775 1.35767 1.3576 1.35754 1.35749 1.35745 1.35742 1.3574 1.35738 1.35738 1.35738 1.3574 1.35742 1.35746 1.35751 1.35758 1.35767 1.35779 1.35792 1.35808 1.35826 1.35848 1.35871 1.35898 1.35927 1.35957 1.3599 1.36023 1.36058 
1.35417 1.35451 1.35485 1.35517 1.35548 1.35576 1.35602 1.35626 1.35648 1.35666 1.35683 1.35697 1.35708 1.35718 1.35727 1.35734 1.35739 1.35744 1.35748 1.35752 1.35755 1.35758 1.35762 1.35766 1.3577 1.35776 1.35782 1.35789 1.35798 1.35808 1.35819 1.35832 1.35847 1.35863 1.35881 1.359 1.35921 1.35942 1.35964 1.35986 1.36009 1.36031 1.36053 1.36073 1.36091 1.36108 1.36123 1.36135 1.36144 1.3615 1.36153 1.36153 1.3615 1.36144 1.36135 1.36123 1.36108 1.36092 1.36073 1.36054 1.36033 1.36011 1.35989 1.35967 1.35946 1.35925 1.35905 1.35886 1.35869 1.35853 1.35838 1.35825 1.35814 1.35804 1.35795 1.35788 1.35782 1.35777 1.35773 1.35771 1.35769 1.35769 1.3577 1.35772 1.35776 1.35781 1.35788 1.35796 1.35807 1.35821 1.35837 1.35855 1.35876 1.359 1.35926 1.35955 1.35986 1.36018 1.36052 1.36086 
1.35443 1.35478 1.35511 1.35543 1.35574 1.35602 1.35629 1.35653 1.35674 1.35693 1.35709 1.35723 1.35735 1.35745 1.35753 1.3576 1.35766 1.35771 1.35776 1.3578 1.35784 1.35789 1.35793 1.35799 1.35805 1.35813 1.35822 1.35833 1.35846 1.3586 1.35877 1.35896 1.35917 1.35941 1.35966 1.35994 1.36023 1.36053 1.36085 1.36117 1.36148 1.3618 1.3621 1.36238 1.36264 1.36288 1.36308 1.36324 1.36337 1.36346 1.3635 1.36349 1.36345 1.36336 1.36322 1.36306 1.36285 1.36262 1.36236 1.36208 1.36178 1.36147 1.36116 1.36085 1.36055 1.36025 1.35997 1.35971 1.35946 1.35923 1.35902 1.35884 1.35867 1.35852 1.3584 1.35829 1.3582 1.35813 1.35808 1.35803 1.358 1.35799 1.35799 1.358 1.35803 1.35808 1.35815 1.35823 1.35834 1.35847 1.35863 1.35881 1.35903 1.35926 1.35953 1.35981 1.36012 1.36044 1.36078 1.36112 
1.35467 1.35501 1.35535 1.35567 1.35598 1.35626 1.35653 1.35676 1.35698 1.35716 1.35733 1.35747 1.35759 1.35769 1.35778 1.35785 1.35791 1.35797 1.35802 1.35807 1.35813 1.35818 1.35825 1.35833 1.35842 1.35854 1.35867 1.35883 1.35901 1.35922 1.35947 1.35974 1.36005 1.36038 1.36075 1.36114 1.36155 1.36198 1.36243 1.36287 1.36332 1.36375 1.36417 1.36457 1.36493 1.36525 1.36553 1.36576 1.36593 1.36605 1.3661 1.36609 1.36603 1.3659 1.36571 1.36547 1.36519 1.36486 1.36449 1.3641 1.36368 1.36326 1.36282 1.36238 1.36196 1.36154 1.36114 1.36077 1.36041 1.36009 1.35979 1.35953 1.35929 1.35908 1.3589 1.35875 1.35862 1.35851 1.35843 1.35836 1.35831 1.35828 1.35827 1.35827 1.3583 1.35834 1.3584 1.35848 1.35859 1.35872 1.35887 1.35906 1.35927 1.3595 1.35977 1.36005 1.36036 1.36068 1.36102 1.36136 
1.35488 1.35523 1.35556 1.35588 1.35619 1.35648 1.35674 1.35698 1.35719 1.35738 1.35754 1.35768 1.35781 1.35791 1.358 1.35808 1.35815 1.35821 1.35827 1.35834 1.35841 1.35849 1.35858 1.35869 1.35883 1.35899 1.35919 1.35941 1.35968 1.35998 1.36033 1.36072 1.36116 1.36164 1.36215 1.3627 1.36328 1.36388 1.3645 1.36512 1.36573 1.36634 1.36691 1.36745 1.36795 1.36839 1.36877 1.36908 1.36931 1.36947 1.36954 1.36952 1.36942 1.36924 1.36899 1.36865 1.36826 1.3678 1.3673 1.36675 1.36618 1.36558 1.36498 1.36437 1.36378 1.3632 1.36264 1.36212 1.36162 1.36117 1.36075 1.36038 1.36004 1.35975 1.35949 1.35927 1.35908 1.35893 1.3588 1.3587 1.35863 1.35857 1.35854 1.35853 1.35854 1.35858 1.35863 1.35871 1.35881 1.35894 1.35909 1.35927 1.35948 1.35972 1.35998 1.36027 1.36057 1.3609 1.36123 1.36158 
1.35507 1.35541 1.35575 1.35607 1.35638 1.35666 1.35693 1.35716 1.35738 1.35757 1.35773 1.35788 1.358 1.35811 1.3582 1.35828 1.35836 1.35844 1.35851 1.3586 1.35869 1.3588 1.35894 1.3591 1.35929 1.35953 1.3598 1.36013 1.36051 1.36094 1.36143 1.36198 1.36259 1.36325 1.36397 1.36473 1.36553 1.36636 1.36721 1.36806 1.3689 1.36972 1.3705 1.37123 1.37191 1.3725 1.37301 1.37342 1.37373 1.37394 1.37402 1.374 1.37386 1.37361 1.37326 1.37281 1.37226 1.37164 1.37095 1.37021 1.36943 1.36861 1.36779 1.36696 1.36614 1.36534 1.36458 1.36385 1.36317 1.36254 1.36196 1.36144 1.36097 1.36056 1.3602 1.35988 1.35962 1.3594 1.35922 1.35907 1.35895 1.35887 1.35881 1.35878 1.35878 1.3588 1.35884 1.35891 1.35901 1.35913 1.35928 1.35946 1.35967 1.35991 1.36017 1.36045 1.36076 1.36108 1.36142 1.36176 
1.35523 1.35558 1.35591 1.35623 1.35654 1.35683 1.35709 1.35733 1.35754 1.35773 1.3579 1.35805 1.35817 1.35828 1.35838 1.35848 1.35857 1.35866 1.35875 1.35887 1.359 1.35915 1.35934 1.35957 1.35984 1.36017 1.36056 1.36102 1.36155 1.36216 1.36284 1.3636 1.36445 1.36536 1.36634 1.36738 1.36847 1.36959 1.37074 1.37188 1.37302 1.37411 1.37516 1.37614 1.37703 1.37782 1.3785 1.37904 1.37945 1.37971 1.37982 1.37978 1.37959 1.37926 1.37878 1.37817 1.37744 1.37661 1.37568 1.37468 1.37363 1.37253 1.37142 1.3703 1.36919 1.36811 1.36707 1.36608 1.36515 1.36429 1.3635 1.36278 1.36213 1.36156 1.36106 1.36063 1.36026 1.35995 1.35969 1.35948 1.35931 1.35919 1.3591 1.35904 1.35901 1.35901 1.35904 1.3591 1.35919 1.35931 1.35946 1.35963 1.35984 1.36007 1.36033 1.36062 1.36092 1.36125 1.36158 1.36193 
1.35537 1.35572 1.35605 1.35637 1.35668 1.35697 1.35723 1.35747 1.35768 1.35788 1.35805 1.35819 1.35833 1.35845 1.35855 1.35866 1.35876 1.35888 1.35901 1.35915 1.35933 1.35955 1.35981 1.36013 1.36052 1.36098 1.36152 1.36216 1.36289 1.36372 1.36466 1.36571 1.36685 1.36809 1.36941 1.37081 1.37227 1.37377 1.3753 1.37682 1.37832 1.37977 1.38115 1.38244 1.38361 1.38464 1.38552 1.38623 1.38675 1.38709 1.38723 1.38717 1.38691 1.38646 1.38582 1.38502 1.38405 1.38295 1.38173 1.3804 1.379 1.37755 1.37607 1.37458 1.3731 1.37166 1.37027 1.36894 1.36769 1.36653 1.36546 1.36448 1.36361 1.36283 1.36215 1.36155 1.36104 1.36061 1.36025 1.35996 1.35972 1.35953 1.3594 1.3593 1.35924 1.35922 1.35924 1.35928 1.35936 1.35947 1.35961 1.35978 1.35999 1.36022 1.36048 1.36076 1.36107 1.36139 1.36172 1.36207 
1.35549 1.35583 1.35617 1.35649 1.3568 1.35708 1.35735 1.35759 1.35781 1.358 1.35817 1.35833 1.35847 1.35859 1.35872 1.35884 1.35897 1.35911 1.35928 1.35948 1.35973 1.36003 1.36039 1.36084 1.36137 1.362 1.36275 1.36362 1.36461 1.36575 1.36701 1.36841 1.36995 1.3716 1.37336 1.37522 1.37715 1.37912 1.38112 1.38311 1.38506 1.38695 1.38874 1.39041 1.39192 1.39325 1.39437 1.39528 1.39595 1.39638 1.39654 1.39646 1.39611 1.39552 1.3947 1.39364 1.39239 1.39095 1.38936 1.38763 1.38581 1.38391 1.38197 1.38002 1.37808 1.37618 1.37434 1.37259 1.37093 1.36938 1.36796 1.36665 1.36548 1.36443 1.36351 1.36271 1.36202 1.36143 1.36093 1.36053 1.3602 1.35993 1.35973 1.35959 1.35949 1.35944 1.35943 1.35945 1.35952 1.35962 1.35975 1.35992 1.36011 1.36034 1.3606 1.36088 1.36119 1.36151 1.36184 1.36218 
1.35559 1.35593 1.35627 1.35659 1.3569 1.35718 1.35745 1.35769 1.35791 1.35811 1.35828 1.35845 1.35859 1.35873 1.35887 1.35902 1.35918 1.35937 1.35959 1.35987 1.3602 1.36061 1.36111 1.36172 1.36245 1.36331 1.36432 1.36549 1.36683 1.36834 1.37002 1.37188 1.3739 1.37608 1.37839 1.38081 1.38332 1.38588 1.38846 1.39102 1.39353 1.39595 1.39824 1.40036 1.40228 1.40397 1.40539 1.40654 1.40738 1.40791 1.40811 1.40799 1.40754 1.40678 1.40571 1.40437 1.40276 1.40091 1.39887 1.39666 1.39431 1.39187 1.38937 1.38684 1.38433 1.38187 1.37948 1.37719 1.37502 1.37299 1.37112 1.3694 1.36785 1.36646 1.36524 1.36416 1.36324 1.36244 1.36178 1.36122 1.36077 1.36041 1.36012 1.35991 1.35976 1.35967 1.35962 1.35963 1.35967 1.35975 1.35988 1.36003 1.36023 1.36045 1.3607 1.36098 1.36129 1.36161 1.36194 1.36228 
1.35567 1.35601 1.35635 1.35667 1.35698 1.35727 1.35753 1.35778 1.358 1.3582 1.35838 1.35855 1.35872 1.35887 1.35904 1.35922 1.35943 1.35967 1.35997 1.36034 1.36079 1.36134 1.36202 1.36284 1.36382 1.36497 1.36632 1.36787 1.36964 1.37163 1.37385 1.37627 1.37891 1.38172 1.3847 1.38782 1.39103 1.3943 1.39759 1.40084 1.40402 1.40707 1.40995 1.41261 1.41501 1.41712 1.4189 1.42032 1.42136 1.42201 1.42225 1.42208 1.42151 1.42054 1.4192 1.4175 1.41547 1.41314 1.41056 1.40776 1.40479 1.40169 1.39851 1.3953 1.3921 1.38894 1.38588 1.38294 1.38014 1.37752 1.37509 1.37286 1.37083 1.36902 1.3674 1.36599 1.36477 1.36371 1.36283 1.36208 1.36147 1.36098 1.36059 1.36029 1.36007 1.35992 1.35983 1.3598 1.35982 1.35989 1.35999 1.36014 1.36033 1.36055 1.36079 1.36107 1.36137 1.36169 1.36202 1.36237 
1.35574 1.35608 1.35642 1.35674 1.35705 1.35734 1.3576 1.35785 1.35808 1.35828 1.35848 1.35866 1.35884 1.35902 1.35922 1.35944 1.35971 1.36003 1.36043 1.36092 1.36152 1.36227 1.36317 1.36426 1.36556 1.36709 1.36886 1.37089 1.3732 1.37579 1.37865 1.38177 1.38515 1.38874 1.39254 1.39648 1.40054 1.40465 1.40877 1.41284 1.4168 1.42059 1.42416 1.42746 1.43042 1.43301 1.4352 1.43694 1.43821 1.43899 1.43927 1.43905 1.43833 1.43712 1.43545 1.43334 1.43082 1.42793 1.42471 1.42123 1.41752 1.41365 1.40967 1.40564 1.40161 1.39763 1.39376 1.39003 1.38647 1.38313 1.38002 1.37715 1.37455 1.3722 1.37011 1.36828 1.36668 1.3653 1.36413 1.36315 1.36234 1.36168 1.36115 1.36074 1.36043 1.36021 1.36007 1.36 1.35998 1.36002 1.36011 1.36024 1.36042 1.36063 1.36087 1.36115 1.36144 1.36176 1.36209 1.36243 
1.35579 1.35613 1.35647 1.35679 1.3571 1.35739 1.35766 1.35791 1.35815 1.35836 1.35857 1.35876 1.35897 1.35918 1.35943 1.35971 1.36005 1.36047 1.361 1.36165 1.36245 1.36343 1.36463 1.36606 1.36776 1.36975 1.37205 1.37468 1.37765 1.38095 1.3846 1.38856 1.39283 1.39736 1.40211 1.40704 1.41209 1.41719 1.42228 1.4273 1.43216 1.43681 1.44117 1.44518 1.44878 1.45193 1.45457 1.45667 1.45819 1.45913 1.45945 1.45917 1.45828 1.4568 1.45475 1.45216 1.44908 1.44554 1.4416 1.43733 1.43277 1.428 1.42309 1.4181 1.41311 1.40816 1.40333 1.39866 1.3942 1.39 1.38607 1.38244 1.37913 1.37614 1.37347 1.37111 1.36905 1.36727 1.36576 1.36448 1.36342 1.36255 1.36185 1.36129 1.36087 1.36056 1.36034 1.36021 1.36016 1.36016 1.36023 1.36034 1.3605 1.3607 1.36094 1.36121 1.3615 1.36182 1.36215 1.36249 
1.35583 1.35618 1.35651 1.35684 1.35715 1.35744 1.35771 1.35797 1.35821 1.35844 1.35866 1.35888 1.35911 1.35937 1.35967 1.36003 1.36047 1.36102 1.36171 1.36256 1.36361 1.3649 1.36645 1.36831 1.3705 1.37306 1.37601 1.37936 1.38312 1.3873 1.39188 1.39684 1.40216 1.40778 1.41365 1.41972 1.42591 1.43215 1.43836 1.44445 1.45034 1.45594 1.46119 1.46601 1.47033 1.47409 1.47724 1.47973 1.48154 1.48264 1.48301 1.48265 1.48157 1.47979 1.47732 1.4742 1.47048 1.46622 1.46146 1.45629 1.45077 1.44498 1.43901 1.43292 1.42681 1.42074 1.4148 1.40904 1.40352 1.3983 1.3934 1.38887 1.38472 1.38095 1.37758 1.37459 1.37197 1.3697 1.36776 1.36611 1.36474 1.36361 1.3627 1.36197 1.3614 1.36097 1.36067 1.36047 1.36035 1.36032 1.36035 1.36044 1.36059 1.36078 1.361 1.36127 1.36155 1.36187 1.36219 1.36253 
1.35587 1.35621 1.35655 1.35687 1.35718 1.35748 1.35776 1.35802 1.35827 1.35851 1.35875 1.35901 1.35928 1.35959 1.35997 1.36043 1.361 1.36171 1.3626 1.3637 1.36506 1.36672 1.36872 1.3711 1.37389 1.37714 1.38086 1.38507 1.38978 1.39498 1.40066 1.40679 1.41332 1.4202 1.42737 1.43474 1.44223 1.44975 1.4572 1.46449 1.47152 1.47819 1.48442 1.49012 1.49522 1.49965 1.50335 1.50628 1.50839 1.50967 1.51009 1.50965 1.50836 1.50623 1.5033 1.49961 1.49519 1.49013 1.48447 1.4783 1.47171 1.46478 1.45761 1.45029 1.44292 1.43558 1.42836 1.42135 1.41461 1.40821 1.40219 1.39659 1.39145 1.38677 1.38256 1.37882 1.37553 1.37267 1.37021 1.36812 1.36637 1.36492 1.36374 1.36279 1.36205 1.36148 1.36106 1.36077 1.36059 1.3605 1.36049 1.36055 1.36067 1.36085 1.36106 1.36132 1.3616 1.36191 1.36223 1.36257 
1.3559 1.35624 1.35658 1.3569 1.35722 1.35752 1.3578 1.35807 1.35834 1.3586 1.35887 1.35915 1.35948 1.35987 1.36034 1.36092 1.36165 1.36256 1.3637 1.36512 1.36686 1.36898 1.37151 1.37452 1.37803 1.3821 1.38673 1.39195 1.39777 1.40417 1.41112 1.41858 1.4265 1.43481 1.44342 1.45225 1.46119 1.47012 1.47895 1.48756 1.49583 1.50366 1.51095 1.5176 1.52354 1.52869 1.53297 1.53636 1.53879 1.54025 1.54072 1.5402 1.53868 1.5362 1.53277 1.52845 1.52329 1.51736 1.51072 1.50348 1.49572 1.48754 1.47905 1.47036 1.46159 1.45282 1.44418 1.43575 1.42762 1.41987 1.41256 1.40574 1.39945 1.39371 1.38853 1.3839 1.37981 1.37625 1.37317 1.37055 1.36835 1.36651 1.36501 1.36379 1.36283 1.36209 1.36153 1.36113 1.36086 1.36071 1.36065 1.36068 1.36077 1.36092 1.36112 1.36137 1.36164 1.36194 1.36227 1.3626 
1.35592 1.35626 1.3566 1.35693 1.35725 1.35755 1.35784 1.35813 1.35841 1.35869 1.359 1.35933 1.35973 1.3602 1.36079 1.36152 1.36245 1.36361 1.36506 1.36686 1.36906 1.37172 1.3749 1.37865 1.38302 1.38804 1.39374 1.40014 1.40723 1.41498 1.42338 1.43235 1.44183 1.45173 1.46195 1.47238 1.4829 1.49338 1.5037 1.51372 1.52332 1.53238 1.54079 1.54845 1.55526 1.56116 1.56606 1.56992 1.57269 1.57434 1.57486 1.57424 1.57249 1.56962 1.56568 1.56071 1.55476 1.54791 1.54024 1.53185 1.52284 1.51332 1.50341 1.49324 1.48293 1.4726 1.46238 1.45238 1.4427 1.43344 1.42467 1.41646 1.40885 1.40189 1.39558 1.38992 1.38491 1.38053 1.37673 1.37348 1.37073 1.36843 1.36654 1.36501 1.36379 1.36283 1.3621 1.36157 1.36119 1.36096 1.36084 1.36082 1.36088 1.361 1.36119 1.36141 1.36168 1.36198 1.36229 1.36263 
1.35594 1.35628 1.35662 1.35695 1.35727 1.35758 1.35789 1.35818 1.35849 1.3588 1.35915 1.35955 1.36003 1.36061 1.36134 1.36227 1.36343 1.3649 1.36672 1.36898 1.37172 1.37503 1.37897 1.38359 1.38894 1.39507 1.402 1.40974 1.41826 1.42756 1.43756 1.44821 1.45941 1.47106 1.48303 1.49519 1.50741 1.51954 1.53143 1.54294 1.55393 1.56428 1.57385 1.58255 1.59026 1.59692 1.60245 1.60679 1.6099 1.61175 1.61232 1.6116 1.60961 1.60636 1.60189 1.59624 1.58949 1.58169 1.57295 1.56336 1.55304 1.5421 1.53069 1.51894 1.50698 1.49497 1.48304 1.47132 1.45993 1.449 1.43861 1.42884 1.41976 1.41141 1.40382 1.39699 1.39091 1.38557 1.38093 1.37695 1.37356 1.37073 1.36838 1.36647 1.36493 1.36372 1.36279 1.36209 1.36159 1.36126 1.36106 1.36098 1.361 1.36109 1.36125 1.36147 1.36172 1.36201 1.36232 1.36265 
1.35596 1.3563 1.35664 1.35697 1.3573 1.35762 1.35793 1.35825 1.35858 1.35894 1.35934 1.35981 1.36039 1.36111 1.36202 1.36317 1.36463 1.36645 1.36872 1.37151 1.3749 1.37897 1.38378 1.3894 1.39589 1.40328 1.4116 1.42084 1.43098 1.44197 1.45375 1.46623 1.4793 1.49282 1.50667 1.52067 1.53468 1.54854 1.56207 1.57512 1.58754 1.59919 1.60994 1.61967 1.6283 1.63572 1.64187 1.64669 1.65013 1.65217 1.65279 1.65198 1.64975 1.64612 1.64112 1.63481 1.62724 1.6185 1.60867 1.59786 1.58619 1.5738 1.56082 1.54741 1.53373 1.51993 1.50617 1.4926 1.47937 1.46662 1.45445 1.44296 1.43225 1.42235 1.41332 1.40517 1.39789 1.39146 1.38585 1.38102 1.3769 1.37344 1.37056 1.3682 1.36629 1.36478 1.36361 1.36272 1.36207 1.36161 1.36133 1.36118 1.36114 1.3612 1.36133 1.36152 1.36177 1.36204 1.36235 1.36267 
1.35598 1.35632 1.35666 1.357 1.35733 1.35766 1.35799 1.35833 1.35869 1.3591 1.35957 1.36013 1.36084 1.36172 1.36284 1.36426 1.36606 1.36831 1.3711 1.37452 1.37865 1.38359 1.3894 1.39617 1.40394 1.41275 1.42261 1.43351 1.44542 1.45827 1.47197 1.48642 1.50148 1.517 1.53281 1.54873 1.5646 1.58022 1.59542 1.61002 1.62388 1.63683 1.64874 1.65951 1.66901 1.67718 1.68393 1.68921 1.69298 1.6952 1.69587 1.69496 1.6925 1.68851 1.683 1.67604 1.66768 1.65801 1.6471 1.63508 1.62207 1.60821 1.59364 1.57854 1.56306 1.5474 1.53173 1.51621 1.50102 1.48631 1.47223 1.45888 1.44637 1.43478 1.42415 1.41452 1.40589 1.39825 1.39155 1.38575 1.38079 1.3766 1.37311 1.37023 1.3679 1.36604 1.36458 1.36346 1.36263 1.36204 1.36164 1.36141 1.36131 1.36132 1.36142 1.36159 1.36181 1.36208 1.36238 1.36269 
1.356 1.35634 1.35668 1.35702 1.35736 1.3577 1.35805 1.35842 1.35883 1.35929 1.35984 1.36052 1.36137 1.36245 1.36382 1.36556 1.36776 1.3705 1.37389 1.37803 1.38302 1.38894 1.39589 1.40394 1.41314 1.42351 1.43507 1.44778 1.46161 1.47645 1.49221 1.50874 1.52589 1.54348 1.56132 1.57921 1.59696 1.61436 1.63122 1.64736 1.66262 1.67683 1.68987 1.70161 1.71196 1.72082 1.72814 1.73385 1.73792 1.74032 1.74103 1.74004 1.73737 1.73303 1.72706 1.71949 1.71038 1.69982 1.68788 1.67469 1.66036 1.64505 1.6289 1.61209 1.59481 1.57725 1.5596 1.54206 1.52482 1.50806 1.49193 1.47659 1.46215 1.44872 1.43635 1.4251 1.41498 1.40597 1.39806 1.39118 1.38527 1.38026 1.37607 1.3726 1.36977 1.3675 1.36571 1.36433 1.36329 1.36253 1.36201 1.36169 1.36151 1.36147 1.36153 1.36167 1.36187 1.36212 1.3624 1.36272 
1.35602 1.35636 1.3567 1.35705 1.3574 1.35776 1.35813 1.35854 1.35899 1.35953 1.36017 1.36098 1.362 1.36331 1.36497 1.36709 1.36975 1.37306 1.37714 1.3821 1.38804 1.39507 1.40328 1.41275 1.42351 1.43559 1.44899 1.46366 1.47952 1.49648 1.51439 1.53309 1.5524 1.5721 1.592 1.61186 1.63148 1.65063 1.66911 1.68673 1.70333 1.71873 1.73282 1.74547 1.75659 1.7661 1.77393 1.78003 1.78437 1.78692 1.78767 1.78662 1.78376 1.77912 1.77272 1.7646 1.75481 1.74343 1.73054 1.71624 1.70067 1.68396 1.66627 1.6478 1.62872 1.60926 1.58962 1.57001 1.55066 1.53176 1.5135 1.49605 1.47957 1.46416 1.44992 1.43692 1.42516 1.41467 1.40541 1.39733 1.39037 1.38444 1.37945 1.37532 1.37193 1.3692 1.36703 1.36535 1.36406 1.36312 1.36245 1.362 1.36175 1.36164 1.36165 1.36175 1.36193 1.36216 1.36244 1.36274 
1.35604 1.35638 1.35672 1.35708 1.35744 1.35782 1.35822 1.35867 1.35919 1.3598 1.36056 1.36152 1.36275 1.36432 1.36632 1.36886 1.37205 1.37601 1.38086 1.38673 1.39374 1.402 1.4116 1.42261 1.43507 1.44899 1.46435 1.48108 1.4991 1.51825 1.53839 1.55931 1.5808 1.60264 1.62458 1.64638 1.66781 1.68864 1.70866 1.72768 1.74551 1.76201 1.77705 1.79051 1.80231 1.81238 1.82065 1.82709 1.83167 1.83436 1.83515 1.83404 1.83103 1.82613 1.81937 1.81078 1.80039 1.78829 1.77453 1.75923 1.74251 1.72449 1.70536 1.68528 1.66447 1.64314 1.62152 1.59985 1.57836 1.55727 1.53682 1.51719 1.49856 1.48107 1.46485 1.44996 1.43646 1.42435 1.41362 1.40423 1.3961 1.38915 1.38329 1.37841 1.37439 1.37114 1.36855 1.36651 1.36495 1.36379 1.36295 1.36238 1.36202 1.36184 1.36179 1.36185 1.362 1.36221 1.36247 1.36277 
1.35607 1.3564 1.35675 1.35711 1.35749 1.35789 1.35833 1.35883 1.35941 1.36013 1.36102 1.36216 1.36362 1.36549 1.36787 1.37089 1.37468 1.37936 1.38507 1.39195 1.40014 1.40974 1.42084 1.43351 1.44778 1.46366 1.48108 1.49998 1.52022 1.54163 1.56403 1.58719 1.61086 1.63479 1.65873 1.6824 1.70555 1.72796 1.7494 1.76968 1.78863 1.80609 1.82196 1.83611 1.84849 1.85902 1.86766 1.87437 1.87914 1.88194 1.88277 1.88162 1.8785 1.8734 1.86635 1.85737 1.8465 1.83378 1.81929 1.80312 1.78536 1.76617 1.7457 1.72413 1.70168 1.67856 1.65502 1.63131 1.60769 1.58442 1.56174 1.53987 1.51903 1.49938 1.48107 1.46419 1.44883 1.43499 1.42269 1.41187 1.40248 1.39442 1.38759 1.38188 1.37717 1.37334 1.37026 1.36784 1.36597 1.36456 1.36352 1.3628 1.36233 1.36206 1.36195 1.36197 1.36208 1.36227 1.36252 1.3628 
1.3561 1.35643 1.35678 1.35716 1.35755 1.35798 1.35846 1.35901 1.35968 1.36051 1.36155 1.36289 1.36461 1.36683 1.36964 1.3732 1.37765 1.38312 1.38978 1.39777 1.40723 1.41826 1.43098 1.44542 1.46161 1.47952 1.4991 1.52022 1.54272 1.56642 1.59109 1.61646 1.64227 1.66823 1.69406 1.71949 1.74425 1.76809 1.79081 1.8122 1.8321 1.85038 1.86692 1.88164 1.89446 1.90535 1.91427 1.92119 1.9261 1.92898 1.92985 1.92868 1.92548 1.92025 1.91299 1.90373 1.89248 1.87929 1.86421 1.8473 1.82868 1.80847 1.78681 1.76389 1.73992 1.71512 1.68975 1.66408 1.63839 1.61295 1.58805 1.56393 1.54083 1.51896 1.49849 1.47955 1.46223 1.44657 1.43259 1.42025 1.4095 1.40023 1.39236 1.38575 1.38027 1.37579 1.37219 1.36934 1.36712 1.36543 1.36418 1.36329 1.36269 1.36232 1.36214 1.3621 1.36218 1.36234 1.36257 1.36284 
1.35613 1.35646 1.35682 1.3572 1.35762 1.35808 1.3586 1.35922 1.35998 1.36094 1.36216 1.36372 1.36575 1.36834 1.37163 1.37579 1.38095 1.3873 1.39498 1.40417 1.41498 1.42756 1.44197 1.45827 1.47645 1.49648 1.51825 1.54163 1.56642 1.5924 1.61929 1.64682 1.67468 1.70257 1.73018 1.75722 1.78342 1.80853 1.83235 1.85468 1.87536 1.89428 1.91134 1.92647 1.93961 1.95074 1.95984 1.96689 1.97189 1.97484 1.97573 1.97456 1.97132 1.96602 1.95865 1.94922 1.93773 1.9242 1.90868 1.89122 1.8719 1.85084 1.82817 1.80407 1.77873 1.7524 1.72534 1.69782 1.67014 1.6426 1.61551 1.58915 1.56379 1.53968 1.517 1.49593 1.47659 1.45903 1.44328 1.42933 1.41713 1.40658 1.39758 1.38999 1.38369 1.37851 1.37433 1.371 1.3684 1.3664 1.36491 1.36383 1.36309 1.36261 1.36235 1.36225 1.36229 1.36242 1.36262 1.36288 
1.35617 1.3565 1.35686 1.35726 1.3577 1.35819 1.35877 1.35947 1.36033 1.36143 1.36284 1.36466 1.36701 1.37002 1.37385 1.37865 1.3846 1.39188 1.40066 1.41112 1.42338 1.43756 1.45375 1.47197 1.49221 1.51439 1.53839 1.56403 1.59109 1.61929 1.64835 1.67795 1.70774 1.73742 1.76664 1.79512 1.82258 1.84878 1.8735 1.89657 1.91784 1.93723 1.95463 1.97002 1.98334 1.9946 2.00378 2.01088 2.01592 2.0189 2.01981 2.01866 2.01544 2.01014 2.00274 1.99324 1.98164 1.96793 1.95213 1.93429 1.91447 1.89275 1.86927 1.84417 1.81767 1.78998 1.76138 1.73214 1.70259 1.67305 1.64385 1.6153 1.58771 1.56135 1.53645 1.51322 1.4918 1.47227 1.4547 1.43907 1.42534 1.41344 1.40324 1.39461 1.38741 1.38149 1.37668 1.37283 1.36981 1.36748 1.36572 1.36444 1.36354 1.36294 1.36259 1.36242 1.36241 1.3625 1.36268 1.36293 
1.35621 1.35654 1.35691 1.35732 1.35779 1.35832 1.35896 1.35974 1.36072 1.36198 1.3636 1.36571 1.36841 1.37188 1.37627 1.38177 1.38856 1.39684 1.40679 1.41858 1.43235 1.44821 1.46623 1.48642 1.50874 1.53309 1.55931 1.58719 1.61646 1.64682 1.67795 1.70948 1.74107 1.77236 1.80303 1.83276 1.86127 1.88834 1.91376 1.93736 1.95904 1.9787 1.99628 2.01177 2.02514 2.0364 2.04557 2.05265 2.05768 2.06065 2.06159 2.06047 2.0573 2.05206 2.04473 2.03528 2.02369 2.00994 1.99405 1.97601 1.95587 1.9337 1.90961 1.88373 1.85626 1.82741 1.79745 1.76667 1.7354 1.70398 1.67277 1.64211 1.61234 1.58377 1.55666 1.53126 1.50773 1.48621 1.46676 1.44939 1.43408 1.42076 1.4093 1.39958 1.39143 1.38471 1.37923 1.37483 1.37135 1.36866 1.36662 1.36511 1.36403 1.3633 1.36285 1.36261 1.36254 1.3626 1.36275 1.36298 
1.35626 1.35659 1.35697 1.3574 1.35789 1.35847 1.35917 1.36005 1.36116 1.36259 1.36445 1.36685 1.36995 1.3739 1.37891 1.38515 1.39283 1.40216 1.41332 1.4265 1.44183 1.45941 1.4793 1.50148 1.52589 1.5524 1.5808 1.61086 1.64227 1.67468 1.70774 1.74107 1.77428 1.80701 1.83891 1.86968 1.89904 1.92677 1.95267 1.97661 1.99849 2.01824 2.03584 2.05127 2.06456 2.07572 2.08478 2.09178 2.09674 2.09969 2.10063 2.09957 2.09649 2.09137 2.08418 2.07488 2.06343 2.0498 2.03396 2.0159 1.99564 1.97322 1.94873 1.92229 1.89406 1.86426 1.83315 1.80101 1.7682 1.73506 1.70197 1.6693 1.63744 1.60671 1.57744 1.54988 1.52425 1.50071 1.47936 1.46022 1.44328 1.42849 1.41572 1.40486 1.39572 1.38815 1.38196 1.37698 1.37302 1.36994 1.36759 1.36584 1.36457 1.3637 1.36313 1.36282 1.36269 1.3627 1.36283 1.36304 
1.35631 1.35664 1.35703 1.35748 1.358 1.35863 1.35941 1.36038 1.36164 1.36325 1.36536 1.36809 1.3716 1.37608 1.38172 1.38874 1.39736 1.40778 1.4202 1.43481 1.45173 1.47106 1.49282 1.517 1.54348 1.5721 1.60264 1.63479 1.66823 1.70257 1.73742 1.77236 1.80701 1.84097 1.87391 1.9055 1.93549 1.96366 1.98984 2.01392 2.03581 2.05549 2.07294 2.08819 2.10126 2.11221 2.12109 2.12793 2.13278 2.13568 2.13663 2.13563 2.13268 2.12774 2.12076 2.11171 2.10051 2.08712 2.07149 2.05358 2.03339 2.01092 1.98624 1.95944 1.93068 1.90014 1.86809 1.8348 1.80063 1.76593 1.73112 1.69659 1.66274 1.62995 1.59857 1.5689 1.5412 1.51565 1.49238 1.47145 1.45286 1.43656 1.42246 1.41041 1.40025 1.3918 1.38487 1.37926 1.3748 1.37131 1.36863 1.36662 1.36515 1.36412 1.36345 1.36304 1.36285 1.36282 1.36291 1.3631 
1.35637 1.3567 1.3571 1.35757 1.35813 1.35881 1.35966 1.36075 1.36215 1.36397 1.36634 1.36941 1.37336 1.37839 1.3847 1.39254 1.40211 1.41365 1.42737 1.44342 1.46195 1.48303 1.50667 1.53281 1.56132 1.592 1.62458 1.65873 1.69406 1.73018 1.76664 1.80303 1.83891 1.87391 1.90766 1.93987 1.97027 1.99868 2.02494 2.04897 2.07071 2.09015 2.10732 2.12225 2.13501 2.14566 2.15427 2.1609 2.16561 2.16843 2.16938 2.16846 2.16566 2.16094 2.15424 2.14551 2.13467 2.12164 2.10636 2.08875 2.06879 2.04646 2.02179 1.99484 1.96576 1.9347 1.90191 1.86768 1.83235 1.79629 1.75992 1.72367 1.68797 1.65322 1.61982 1.58812 1.55838 1.53086 1.50569 1.48297 1.46272 1.44491 1.42944 1.41618 1.40497 1.39561 1.38791 1.38167 1.37668 1.37276 1.36973 1.36745 1.36577 1.36458 1.36378 1.36328 1.36302 1.36294 1.363 1.36317 
1.35644 1.35676 1.35717 1.35766 1.35826 1.359 1.35994 1.36114 1.3627 1.36473 1.36738 1.37081 1.37522 1.38081 1.38782 1.39648 1.40704 1.41972 1.43474 1.45225 1.47238 1.49519 1.52067 1.54873 1.57921 1.61186 1.64638 1.6824 1.71949 1.75722 1.79512 1.83276 1.86968 1.9055 1.93987 1.97248 2.0031 2.03156 2.05772 2.08153 2.10296 2.12203 2.13879 2.1533 2.16565 2.17593 2.18421 2.19059 2.19512 2.19784 2.19878 2.19795 2.19532 2.19085 2.18449 2.17615 2.16575 2.15318 2.13836 2.12119 2.10161 2.07958 2.0551 2.0282 1.99899 1.96762 1.93431 1.89935 1.86305 1.82583 1.78808 1.75028 1.71287 1.67629 1.64099 1.60732 1.57563 1.54618 1.51915 1.49466 1.47276 1.45344 1.4366 1.42212 1.40984 1.39956 1.39107 1.38417 1.37863 1.37427 1.37089 1.36832 1.36642 1.36506 1.36413 1.36354 1.36321 1.36308 1.3631 1.36325 
1.3565 1.35683 1.35725 1.35776 1.3584 1.35921 1.36023 1.36155 1.36328 1.36553 1.36847 1.37227 1.37715 1.38332 1.39103 1.40054 1.41209 1.42591 1.44223 1.46119 1.4829 1.50741 1.53468 1.5646 1.59696 1.63148 1.66781 1.70555 1.74425 1.78342 1.82258 1.86127 1.89904 1.93549 1.97027 2.0031 2.03376 2.06209 2.088 2.11145 2.13244 2.15102 2.16726 2.18127 2.19314 2.20298 2.2109 2.21698 2.2213 2.22391 2.22484 2.22409 2.22165 2.21747 2.21148 2.20358 2.19368 2.18165 2.16739 2.15077 2.1317 2.11011 2.08597 2.05929 2.03014 1.99865 1.96502 1.92952 1.89246 1.85426 1.81532 1.77614 1.73717 1.69892 1.66183 1.62632 1.59276 1.56145 1.53261 1.50639 1.48287 1.46205 1.44385 1.42815 1.4148 1.40359 1.39431 1.38674 1.38065 1.37583 1.37209 1.36923 1.3671 1.36557 1.3645 1.3638 1.3634 1.36322 1.36321 1.36333 
1.35657 1.3569 1.35733 1.35787 1.35855 1.35942 1.36053 1.36198 1.36388 1.36636 1.36959 1.37377 1.37912 1.38588 1.3943 1.40465 1.41719 1.43215 1.44975 1.47012 1.49338 1.51954 1.54854 1.58022 1.61436 1.65063 1.68864 1.72796 1.76809 1.80853 1.84878 1.88834 1.92677 1.96366 1.99868 2.03156 2.06209 2.09016 2.11567 2.13864 2.15908 2.17708 2.19274 2.20617 2.21751 2.22687 2.23439 2.24015 2.24424 2.24673 2.24764 2.24698 2.24474 2.24086 2.23525 2.22783 2.21848 2.20705 2.19341 2.17743 2.15897 2.13794 2.11428 2.08797 2.05904 2.0276 1.99382 1.95796 1.92034 1.88133 1.8414 1.801 1.76065 1.72086 1.68212 1.64489 1.60956 1.57649 1.54592 1.51803 1.49294 1.47065 1.45111 1.43421 1.4198 1.40766 1.39759 1.38935 1.3827 1.37743 1.37331 1.37016 1.3678 1.36608 1.36488 1.36408 1.3636 1.36336 1.36331 1.36341 
1.35665 1.35697 1.35742 1.35798 1.35871 1.35964 1.36085 1.36243 1.3645 1.36721 1.37074 1.3753 1.38112 1.38846 1.39759 1.40877 1.42228 1.43836 1.4572 1.47895 1.5037 1.53143 1.56207 1.59542 1.63122 1.66911 1.70866 1.7494 1.79081 1.83235 1.8735 1.91376 1.95267 1.98984 2.02494 2.05772 2.088 2.11567 2.14069 2.16308 2.1829 2.20026 2.21527 2.22809 2.23886 2.24773 2.25481 2.26024 2.26409 2.26645 2.26734 2.26677 2.26473 2.26115 2.25595 2.24902 2.24024 2.22944 2.21648 2.20119 2.18342 2.16304 2.13996 2.11413 2.08555 2.05431 2.02055 1.9845 1.94647 1.90685 1.86608 1.82465 1.78308 1.74192 1.70168 1.66285 1.62588 1.59113 1.55892 1.52944 1.50283 1.47913 1.45829 1.44022 1.42477 1.41172 1.40087 1.39196 1.38476 1.37903 1.37455 1.3711 1.36851 1.36661 1.36527 1.36436 1.3638 1.36351 1.36342 1.3635 
1.35672 1.35705 1.3575 1.3581 1.35887 1.35986 1.36117 1.36287 1.36512 1.36806 1.37188 1.37682 1.38311 1.39102 1.40084 1.41284 1.4273 1.44445 1.46449 1.48756 1.51372 1.54294 1.57512 1.61002 1.64736 1.68673 1.72768 1.76968 1.8122 1.85468 1.89657 1.93736 1.97661 2.01392 2.04897 2.08153 2.11145 2.13864 2.16308 2.18483 2.20398 2.22065 2.235 2.24718 2.25737 2.26571 2.27237 2.27745 2.28107 2.28329 2.28415 2.28367 2.28182 2.27854 2.27374 2.26732 2.25911 2.24897 2.2367 2.22214 2.2051 2.18544 2.16301 2.13775 2.10963 2.0787 2.04508 2.00899 1.97072 1.93064 1.8892 1.84689 1.80427 1.76188 1.72029 1.68 1.64151 1.60522 1.57147 1.54049 1.51244 1.48738 1.4653 1.44611 1.42964 1.41572 1.4041 1.39455 1.38681 1.38063 1.37578 1.37204 1.36922 1.36714 1.36566 1.36465 1.36401 1.36366 1.36354 1.36359 
1.3568 1.35713 1.35759 1.35821 1.35903 1.36009 1.36148 1.36332 1.36573 1.3689 1.37302 1.37832 1.38506 1.39353 1.40402 1.4168 1.43216 1.45034 1.47152 1.49583 1.52332 1.55393 1.58754 1.62388 1.66262 1.70333 1.74551 1.78863 1.8321 1.87536 1.91784 1.95904 1.99849 2.03581 2.07071 2.10296 2.13244 2.15908 2.1829 2.20398 2.22243 2.2384 2.25206 2.26361 2.27322 2.28105 2.28728 2.29203 2.29541 2.29749 2.29833 2.29792 2.29626 2.29327 2.28887 2.28293 2.2753 2.26579 2.25423 2.24041 2.22412 2.2052 2.18347 2.15884 2.13125 2.10072 2.06736 2.03134 1.99295 1.95255 1.91058 1.86756 1.82403 1.78058 1.73778 1.69619 1.65631 1.6186 1.58342 1.55104 1.52164 1.49531 1.47206 1.45179 1.43437 1.4196 1.40725 1.39707 1.3888 1.38219 1.37698 1.37296 1.36991 1.36766 1.36604 1.36493 1.36421 1.36381 1.36365 1.36368 
1.35687 1.3572 1.35768 1.35833 1.35919 1.36031 1.3618 1.36375 1.36634 1.36972 1.37411 1.37977 1.38695 1.39595 1.40707 1.42059 1.43681 1.45594 1.47819 1.50366 1.53238 1.56428 1.59919 1.63683 1.67683 1.71873 1.76201 1.80609 1.85038 1.89428 1.93723 1.9787 2.01824 2.05549 2.09015 2.12203 2.15102 2.17708 2.20026 2.22065 2.2384 2.25368 2.26668 2.2776 2.28664 2.29399 2.2998 2.30423 2.30737 2.30933 2.31013 2.3098 2.30831 2.30559 2.30157 2.29609 2.28901 2.28013 2.26926 2.25616 2.24062 2.22244 2.20143 2.17746 2.15045 2.12038 2.08734 2.05149 2.01308 1.97248 1.93013 1.88652 1.84223 1.79786 1.754 1.71124 1.67013 1.63113 1.59464 1.56097 1.53033 1.50282 1.47846 1.45719 1.43887 1.4233 1.41026 1.39949 1.39072 1.38369 1.37815 1.37385 1.37059 1.36816 1.36641 1.3652 1.36442 1.36396 1.36376 1.36376 
1.35694 1.35728 1.35777 1.35844 1.35934 1.36053 1.3621 1.36417 1.36691 1.3705 1.37516 1.38115 1.38874 1.39824 1.40995 1.42416 1.44117 1.46119 1.48442 1.51095 1.54079 1.57385 1.60994 1.64874 1.68987 1.73282 1.77705 1.82196 1.86692 1.91134 1.95463 1.99628 2.03584 2.07294 2.10732 2.13879 2.16726 2.19274 2.21527 2.235 2.25206 2.26668 2.27904 2.28937 2.29788 2.30476 2.31019 2.31431 2.31724 2.31907 2.31984 2.31957 2.31824 2.31578 2.3121 2.30706 2.3005 2.29221 2.28198 2.26958 2.25476 2.2373 2.21701 2.1937 2.16728 2.13771 2.10504 2.06941 2.03108 1.99037 1.94773 1.90366 1.85875 1.81359 1.76882 1.72504 1.68282 1.64266 1.605 1.57017 1.53839 1.5098 1.48444 1.46224 1.44308 1.42678 1.41309 1.40177 1.39253 1.38512 1.37926 1.3747 1.37123 1.36864 1.36677 1.36547 1.36461 1.3641 1.36386 1.36385 
1.35701 1.35734 1.35785 1.35855 1.35948 1.36073 1.36238 1.36457 1.36745 1.37123 1.37614 1.38244 1.39041 1.40036 1.41261 1.42746 1.44518 1.46601 1.49012 1.5176 1.54845 1.58255 1.61967 1.65951 1.70161 1.74547 1.79051 1.83611 1.88164 1.92647 1.97002 2.01177 2.05127 2.08819 2.12225 2.1533 2.18127 2.20617 2.22809 2.24718 2.26361 2.2776 2.28937 2.29916 2.30718 2.31363 2.3187 2.32254 2.32527 2.32698 2.32773 2.32751 2.32632 2.3241 2.32073 2.31609 2.30999 2.30225 2.29262 2.28086 2.26672 2.24995 2.23033 2.20766 2.18182 2.15275 2.12047 2.08511 2.0469 2.00616 1.96332 1.9189 1.87347 1.82766 1.78211 1.73744 1.69426 1.65309 1.6144 1.57853 1.54574 1.51618 1.4899 1.46687 1.44695 1.42998 1.4157 1.40387 1.39421 1.38644 1.38028 1.37549 1.37183 1.36909 1.36711 1.36571 1.36479 1.36423 1.36397 1.36393 
1.35708 1.35741 1.35792 1.35864 1.35962 1.36091 1.36264 1.36493 1.36795 1.37191 1.37703 1.38361 1.39192 1.40228 1.41501 1.43042 1.44878 1.47033 1.49522 1.52354 1.55526 1.59026 1.6283 1.66901 1.71196 1.75659 1.80231 1.84849 1.89446 1.93961 1.98334 2.02514 2.06456 2.10126 2.13501 2.16565 2.19314 2.21751 2.23886 2.25737 2.27322 2.28664 2.29788 2.30718 2.31475 2.32083 2.32558 2.32917 2.33172 2.33333 2.33404 2.33388 2.33281 2.33079 2.3277 2.32341 2.31773 2.31047 2.30138 2.29021 2.27668 2.26054 2.24153 2.21946 2.19417 2.16558 2.13369 2.09861 2.06055 2.01983 1.97686 1.93217 1.88633 1.83998 1.79378 1.74836 1.70436 1.66232 1.62272 1.58595 1.55227 1.52186 1.49479 1.47102 1.45043 1.43285 1.41806 1.40578 1.39573 1.38764 1.38122 1.37621 1.37238 1.36951 1.36741 1.36594 1.36496 1.36436 1.36406 1.364 
1.35714 1.35747 1.35799 1.35873 1.35974 1.36108 1.36288 1.36525 1.36839 1.3725 1.37782 1.38464 1.39325 1.40397 1.41712 1.43301 1.45193 1.47409 1.49965 1.52869 1.56116 1.59692 1.63572 1.67718 1.72082 1.7661 1.81238 1.85902 1.90535 1.95074 1.9946 2.0364 2.07572 2.11221 2.14566 2.17593 2.20298 2.22687 2.24773 2.26571 2.28105 2.29399 2.30476 2.31363 2.32083 2.32657 2.33104 2.33442 2.33682 2.33833 2.33902 2.33889 2.33794 2.33608 2.33323 2.32924 2.32394 2.31709 2.30847 2.29781 2.28482 2.26922 2.25077 2.22923 2.20443 2.17628 2.14475 2.10994 2.07204 2.03136 1.98832 1.94343 1.89727 1.85048 1.80374 1.75771 1.71302 1.67025 1.62989 1.59235 1.55793 1.52679 1.49903 1.47462 1.45346 1.43537 1.42012 1.40744 1.39707 1.38869 1.38204 1.37684 1.37286 1.36987 1.36769 1.36614 1.3651 1.36447 1.36414 1.36407 
1.35719 1.35752 1.35805 1.35881 1.35984 1.36123 1.36308 1.36553 1.36877 1.37301 1.3785 1.38552 1.39437 1.40539 1.4189 1.4352 1.45457 1.47724 1.50335 1.53297 1.56606 1.60245 1.64187 1.68393 1.72814 1.77393 1.82065 1.86766 1.91427 1.95984 2.00378 2.04557 2.08478 2.12109 2.15427 2.18421 2.2109 2.23439 2.25481 2.27237 2.28728 2.2998 2.31019 2.3187 2.32558 2.33104 2.33529 2.33849 2.34075 2.34219 2.34286 2.34277 2.3419 2.34019 2.33753 2.3338 2.32879 2.3223 2.31407 2.30383 2.29128 2.27616 2.25817 2.23708 2.2127 2.18492 2.1537 2.11913 2.08139 2.04077 1.99768 1.95264 1.90624 1.85911 1.81195 1.76542 1.72018 1.67681 1.63584 1.59768 1.56263 1.5309 1.50257 1.47764 1.456 1.43748 1.42185 1.40885 1.39819 1.38959 1.38274 1.37739 1.37328 1.37018 1.36792 1.36632 1.36523 1.36456 1.36422 1.36413 
1.35723 1.35756 1.3581 1.35887 1.35993 1.36135 1.36324 1.36576 1.36908 1.37342 1.37904 1.38623 1.39528 1.40654 1.42032 1.43694 1.45667 1.47973 1.50628 1.53636 1.56992 1.60679 1.64669 1.68921 1.73385 1.78003 1.82709 1.87437 1.92119 1.96689 2.01088 2.05265 2.09178 2.12793 2.1609 2.19059 2.21698 2.24015 2.26024 2.27745 2.29203 2.30423 2.31431 2.32254 2.32917 2.33442 2.33849 2.34154 2.34371 2.34508 2.34573 2.34566 2.34486 2.34327 2.34077 2.33723 2.33246 2.32624 2.31832 2.30841 2.29622 2.28146 2.26384 2.2431 2.21906 2.19158 2.16061 2.12623 2.08862 2.04805 2.00494 1.9598 1.91321 1.86583 1.81834 1.77144 1.72577 1.68195 1.6405 1.60186 1.56633 1.53414 1.50537 1.48003 1.45802 1.43916 1.42324 1.40998 1.3991 1.39031 1.3833 1.37782 1.37361 1.37044 1.36811 1.36646 1.36534 1.36464 1.36428 1.36418 
1.35726 1.3576 1.35814 1.35892 1.36 1.36144 1.36337 1.36593 1.36931 1.37373 1.37945 1.38675 1.39595 1.40738 1.42136 1.43821 1.45819 1.48154 1.50839 1.53879 1.57269 1.6099 1.65013 1.69298 1.73792 1.78437 1.83167 1.87914 1.9261 1.97189 2.01592 2.05768 2.09674 2.13278 2.16561 2.19512 2.2213 2.24424 2.26409 2.28107 2.29541 2.30737 2.31724 2.32527 2.33172 2.33682 2.34075 2.34371 2.3458 2.34714 2.34777 2.34772 2.34697 2.34545 2.34307 2.33967 2.33507 2.32905 2.32134 2.31168 2.29974 2.28524 2.26787 2.24739 2.22358 2.19631 2.16552 2.13128 2.09375 2.05322 2.01009 1.96487 1.91816 1.8706 1.82289 1.77572 1.72975 1.68561 1.64383 1.60485 1.56899 1.53647 1.5074 1.48176 1.45948 1.44039 1.42425 1.41081 1.39977 1.39084 1.38372 1.37815 1.37386 1.37063 1.36826 1.36657 1.36542 1.3647 1.36432 1.36422 
1.35729 1.35762 1.35817 1.35896 1.36004 1.3615 1.36346 1.36605 1.36947 1.37394 1.37971 1.38709 1.39638 1.40791 1.42201 1.43899 1.45913 1.48264 1.50967 1.54025 1.57434 1.61175 1.65217 1.6952 1.74032 1.78692 1.83436 1.88194 1.92898 1.97484 2.0189 2.06065 2.09969 2.13568 2.16843 2.19784 2.22391 2.24673 2.26645 2.28329 2.29749 2.30933 2.31907 2.32698 2.33333 2.33833 2.34219 2.34508 2.34714 2.34845 2.34907 2.34904 2.34832 2.34685 2.34453 2.34122 2.33672 2.33081 2.32324 2.31371 2.30192 2.28756 2.27035 2.25 2.22632 2.19916 2.16846 2.13429 2.0968 2.05628 2.01313 1.96787 1.92107 1.8734 1.82556 1.77823 1.7321 1.68778 1.64581 1.60663 1.57058 1.53787 1.50861 1.48281 1.46038 1.44114 1.42488 1.41132 1.40019 1.39117 1.38399 1.37836 1.37403 1.37076 1.36835 1.36664 1.36548 1.36474 1.36435 1.36424 
