0.3668 0.367448 0.368041 0.368555 0.368978 0.369308 0.369554 0.36973 0.369849 0.369927 0.369976 0.370005 0.370022 0.370032 0.370037 0.37004 0.370041 0.370042 0.370042 0.370042 0.370042 0.370043 0.370043 0.370043 0.370043 0.370043 0.370043 0.370043 0.370043 0.370043 0.370043 0.370043 0.370043 0.370043 0.370043 0.370043 0.370043 0.370043 0.370043 0.370043 0.370043 0.370043 0.370043 0.370043 0.370043 0.370043 0.370043 0.370043 0.370043 0.370043 0.370043 0.370043 0.370043 0.370043 0.370043 0.370043 0.370043 0.370043 0.370043 0.370043 0.370043 0.370043 0.370043 0.370043 0.370043 0.370043 0.370043 0.370043 0.370043 0.370043 0.370043 0.370043 0.370043 0.370043 0.370043 0.370043 0.370043 0.370043 0.370043 0.370043 0.370043 0.370043 0.370043 0.370043 0.370043 0.370044 0.370045 0.370049 0.370058 0.370075 0.370108 0.370168 0.370268 0.370427 0.370661 0.370986 0.37141 0.371928 0.372526 0.373174 
0.367448 0.368096 0.368688 0.369201 0.369623 0.369953 0.3702 0.370375 0.370495 0.370573 0.370622 0.370651 0.370668 0.370678 0.370683 0.370686 0.370687 0.370688 0.370688 0.370688 0.370688 0.370688 0.370688 0.370688 0.370688 0.370688 0.370688 0.370688 0.370688 0.370688 0.370688 0.370688 0.370688 0.370688 0.370688 0.370688 0.370688 0.370688 0.370688 0.370688 0.370688 0.370688 0.370689 0.370689 0.370689 0.370689 0.370689 0.370689 0.370689 0.370689 0.370689 0.370689 0.370689 0.370689 0.370689 0.370689 0.370689 0.370689 0.370689 0.370689 0.370689 0.370689 0.370689 0.370689 0.370688 0.370688 0.370688 0.370688 0.370688 0.370688 0.370688 0.370688 0.370688 0.370688 0.370688 0.370688 0.370688 0.370688 0.370688 0.370688 0.370688 0.370689 0.370689 0.370689 0.370689 0.37069 0.370691 0.370695 0.370704 0.370721 0.370754 0.370814 0.370915 0.371074 0.371308 0.371633 0.372056 0.372574 0.37317 0.373818 
0.368041 0.368688 0.369279 0.369792 0.370214 0.370544 0.37079 0.370966 0.371085 0.371163 0.371212 0.371242 0.371259 0.371269 0.371274 0.371277 0.371278 0.371279 0.371279 0.37128 0.37128 0.37128 0.37128 0.37128 0.37128 0.37128 0.37128 0.37128 0.37128 0.37128 0.37128 0.37128 0.37128 0.37128 0.37128 0.37128 0.37128 0.37128 0.37128 0.37128 0.37128 0.37128 0.37128 0.37128 0.37128 0.37128 0.37128 0.37128 0.37128 0.37128 0.37128 0.37128 0.37128 0.37128 0.37128 0.37128 0.37128 0.37128 0.37128 0.37128 0.37128 0.37128 0.37128 0.37128 0.37128 0.37128 0.37128 0.37128 0.37128 0.37128 0.37128 0.37128 0.37128 0.37128 0.37128 0.37128 0.37128 0.37128 0.37128 0.37128 0.37128 0.37128 0.37128 0.37128 0.37128 0.371281 0.371282 0.371286 0.371295 0.371312 0.371346 0.371406 0.371507 0.371666 0.3719 0.372225 0.372648 0.373165 0.373761 0.374407 
0.368555 0.369201 0.369792 0.370304 0.370726 0.371056 0.371302 0.371478 0.371598 0.371676 0.371725 0.371755 0.371772 0.371782 0.371787 0.37179 0.371791 0.371792 0.371792 0.371792 0.371792 0.371792 0.371792 0.371792 0.371792 0.371792 0.371792 0.371792 0.371792 0.371792 0.371792 0.371792 0.371792 0.371792 0.371792 0.371792 0.371792 0.371792 0.371792 0.371792 0.371792 0.371792 0.371792 0.371793 0.371793 0.371793 0.371793 0.371793 0.371793 0.371793 0.371793 0.371793 0.371793 0.371793 0.371793 0.371793 0.371793 0.371793 0.371793 0.371793 0.371793 0.371793 0.371792 0.371792 0.371792 0.371792 0.371792 0.371792 0.371792 0.371792 0.371792 0.371792 0.371792 0.371792 0.371792 0.371792 0.371792 0.371792 0.371792 0.371792 0.371792 0.371793 0.371793 0.371793 0.371793 0.371794 0.371795 0.371799 0.371808 0.371825 0.371859 0.371919 0.37202 0.372179 0.372414 0.372739 0.373161 0.373678 0.374273 0.374919 
0.368978 0.369623 0.370214 0.370726 0.371147 0.371477 0.371724 0.3719 0.37202 0.372098 0.372147 0.372177 0.372194 0.372204 0.372209 0.372212 0.372214 0.372214 0.372215 0.372215 0.372215 0.372215 0.372215 0.372215 0.372215 0.372215 0.372215 0.372215 0.372215 0.372215 0.372215 0.372215 0.372215 0.372215 0.372215 0.372215 0.372215 0.372215 0.372215 0.372215 0.372215 0.372215 0.372215 0.372215 0.372215 0.372215 0.372215 0.372215 0.372215 0.372215 0.372215 0.372215 0.372215 0.372215 0.372215 0.372215 0.372215 0.372215 0.372215 0.372215 0.372215 0.372215 0.372215 0.372215 0.372215 0.372215 0.372215 0.372215 0.372215 0.372215 0.372215 0.372215 0.372215 0.372215 0.372215 0.372215 0.372215 0.372215 0.372215 0.372215 0.372215 0.372215 0.372215 0.372215 0.372215 0.372216 0.372218 0.372222 0.37223 0.372248 0.372282 0.372342 0.372443 0.372602 0.372837 0.373162 0.373585 0.374101 0.374696 0.375342 
0.369308 0.369953 0.370544 0.371056 0.371477 0.371808 0.372054 0.37223 0.37235 0.372429 0.372478 0.372508 0.372525 0.372535 0.37254 0.372543 0.372545 0.372545 0.372546 0.372546 0.372546 0.372546 0.372546 0.372546 0.372546 0.372546 0.372546 0.372546 0.372546 0.372546 0.372546 0.372546 0.372546 0.372546 0.372546 0.372546 0.372546 0.372546 0.372546 0.372546 0.372546 0.372546 0.372546 0.372546 0.372546 0.372546 0.372546 0.372546 0.372546 0.372546 0.372546 0.372546 0.372546 0.372546 0.372546 0.372546 0.372546 0.372546 0.372546 0.372546 0.372546 0.372546 0.372546 0.372546 0.372546 0.372546 0.372546 0.372546 0.372546 0.372546 0.372546 0.372546 0.372546 0.372546 0.372546 0.372546 0.372546 0.372546 0.372546 0.372546 0.372546 0.372546 0.372546 0.372546 0.372546 0.372547 0.372549 0.372553 0.372561 0.372579 0.372613 0.372673 0.372775 0.372934 0.373169 0.373494 0.373917 0.374433 0.375028 0.375673 
0.369554 0.3702 0.37079 0.371302 0.371724 0.372054 0.372301 0.372477 0.372597 0.372676 0.372725 0.372755 0.372773 0.372782 0.372788 0.37279 0.372792 0.372793 0.372793 0.372793 0.372793 0.372793 0.372793 0.372793 0.372793 0.372793 0.372793 0.372793 0.372793 0.372793 0.372793 0.372793 0.372793 0.372793 0.372793 0.372793 0.372793 0.372793 0.372793 0.372793 0.372793 0.372793 0.372793 0.372794 0.372794 0.372794 0.372794 0.372794 0.372794 0.372794 0.372794 0.372794 0.372794 0.372794 0.372794 0.372794 0.372794 0.372794 0.372794 0.372794 0.372794 0.372793 0.372793 0.372793 0.372793 0.372793 0.372793 0.372793 0.372793 0.372793 0.372793 0.372793 0.372793 0.372793 0.372793 0.372793 0.372793 0.372793 0.372793 0.372793 0.372793 0.372793 0.372793 0.372793 0.372794 0.372794 0.372796 0.3728 0.372809 0.372827 0.37286 0.372921 0.373022 0.373182 0.373417 0.373742 0.374165 0.374682 0.375277 0.375922 
0.36973 0.370375 0.370966 0.371478 0.3719 0.37223 0.372477 0.372653 0.372773 0.372852 0.372902 0.372932 0.372949 0.372959 0.372964 0.372967 0.372968 0.372969 0.372969 0.37297 0.37297 0.37297 0.37297 0.37297 0.37297 0.37297 0.37297 0.37297 0.37297 0.37297 0.37297 0.37297 0.37297 0.37297 0.37297 0.37297 0.37297 0.37297 0.37297 0.37297 0.37297 0.37297 0.37297 0.372971 0.372971 0.372971 0.372971 0.372971 0.372972 0.372972 0.372972 0.372972 0.372972 0.372972 0.372972 0.372972 0.372971 0.372971 0.372971 0.372971 0.372971 0.37297 0.37297 0.37297 0.37297 0.37297 0.37297 0.37297 0.37297 0.37297 0.37297 0.37297 0.37297 0.37297 0.37297 0.37297 0.37297 0.37297 0.37297 0.37297 0.37297 0.37297 0.37297 0.37297 0.37297 0.372971 0.372973 0.372977 0.372985 0.373003 0.373037 0.373098 0.373199 0.373359 0.373594 0.373919 0.374342 0.374859 0.375454 0.3761 
0.369849 0.370495 0.371085 0.371598 0.37202 0.37235 0.372597 0.372773 0.372894 0.372973 0.373022 0.373052 0.373069 0.373079 0.373085 0.373087 0.373089 0.37309 0.37309 0.37309 0.37309 0.37309 0.37309 0.37309 0.37309 0.37309 0.37309 0.37309 0.37309 0.37309 0.37309 0.37309 0.37309 0.37309 0.37309 0.37309 0.373091 0.373091 0.373091 0.373091 0.373092 0.373092 0.373093 0.373093 0.373094 0.373095 0.373095 0.373096 0.373096 0.373097 0.373097 0.373097 0.373097 0.373097 0.373097 0.373096 0.373096 0.373095 0.373095 0.373094 0.373093 0.373093 0.373092 0.373092 0.373091 0.373091 0.373091 0.373091 0.37309 0.37309 0.37309 0.37309 0.37309 0.37309 0.37309 0.37309 0.37309 0.37309 0.37309 0.37309 0.37309 0.37309 0.37309 0.37309 0.373091 0.373091 0.373093 0.373097 0.373106 0.373124 0.373158 0.373218 0.37332 0.37348 0.373715 0.37404 0.374464 0.374981 0.375576 0.376221 
0.369927 0.370573 0.371163 0.371676 0.372098 0.372429 0.372676 0.372852 0.372973 0.373051 0.373101 0.373131 0.373148 0.373158 0.373164 0.373166 0.373168 0.373169 0.373169 0.373169 0.373169 0.373169 0.373169 0.373169 0.373169 0.373169 0.373169 0.373169 0.373169 0.373169 0.373169 0.373169 0.373169 0.373169 0.37317 0.37317 0.37317 0.373171 0.373171 0.373172 0.373174 0.373175 0.373177 0.373179 0.373181 0.373183 0.373185 0.373187 0.373188 0.373189 0.37319 0.37319 0.37319 0.37319 0.373189 0.373188 0.373186 0.373184 0.373182 0.37318 0.373178 0.373176 0.373175 0.373173 0.373172 0.373171 0.373171 0.37317 0.37317 0.37317 0.373169 0.373169 0.373169 0.373169 0.373169 0.373169 0.373169 0.373169 0.373169 0.373169 0.373169 0.373169 0.373169 0.373169 0.37317 0.37317 0.373172 0.373176 0.373185 0.373203 0.373237 0.373297 0.373399 0.373559 0.373794 0.37412 0.374543 0.37506 0.375656 0.376301 
0.369976 0.370622 0.371212 0.371725 0.372147 0.372478 0.372725 0.372902 0.373022 0.373101 0.37315 0.37318 0.373198 0.373208 0.373213 0.373216 0.373218 0.373218 0.373219 0.373219 0.373219 0.373219 0.373219 0.373219 0.373219 0.373219 0.373219 0.373219 0.373219 0.373219 0.373219 0.373219 0.373219 0.373219 0.37322 0.373221 0.373222 0.373224 0.373226 0.373229 0.373233 0.373238 0.373243 0.373249 0.373255 0.373261 0.373266 0.373271 0.373274 0.373277 0.373279 0.373279 0.373279 0.373278 0.373275 0.373272 0.373267 0.373262 0.373256 0.37325 0.373245 0.373239 0.373235 0.373231 0.373228 0.373225 0.373223 0.373222 0.373221 0.37322 0.37322 0.373219 0.373219 0.373219 0.373219 0.373219 0.373219 0.373219 0.373219 0.373219 0.373219 0.373219 0.373219 0.373219 0.373219 0.37322 0.373222 0.373226 0.373235 0.373252 0.373286 0.373347 0.373449 0.373609 0.373844 0.37417 0.374593 0.375111 0.375706 0.376352 
0.370005 0.370651 0.371242 0.371755 0.372177 0.372508 0.372755 0.372932 0.373052 0.373131 0.37318 0.373211 0.373228 0.373238 0.373243 0.373246 0.373248 0.373248 0.373249 0.373249 0.373249 0.373249 0.373249 0.373249 0.373249 0.373249 0.373249 0.373249 0.373249 0.373249 0.373249 0.37325 0.37325 0.373251 0.373252 0.373255 0.373258 0.373263 0.37327 0.373279 0.373291 0.373304 0.373319 0.373335 0.373351 0.373367 0.37338 0.373392 0.373401 0.373408 0.373412 0.373414 0.373412 0.373408 0.373401 0.373392 0.37338 0.373365 0.37335 0.373334 0.373319 0.373305 0.373292 0.373282 0.373273 0.373266 0.373261 0.373257 0.373254 0.373252 0.373251 0.37325 0.37325 0.373249 0.373249 0.373249 0.373249 0.373249 0.373249 0.373249 0.373249 0.373249 0.373249 0.373249 0.373249 0.37325 0.373252 0.373256 0.373265 0.373282 0.373317 0.373377 0.373479 0.373639 0.373874 0.3742 0.374624 0.375141 0.375736 0.376382 
0.370022 0.370668 0.371259 0.371772 0.372194 0.372525 0.372773 0.372949 0.373069 0.373148 0.373198 0.373228 0.373246 0.373255 0.373261 0.373264 0.373265 0.373266 0.373266 0.373266 0.373266 0.373266 0.373266 0.373266 0.373266 0.373266 0.373267 0.373267 0.373267 0.373267 0.373267 0.373268 0.37327 0.373273 0.373277 0.373284 0.373295 0.373309 0.373328 0.373353 0.373383 0.373418 0.373456 0.373497 0.373537 0.373575 0.373609 0.373637 0.37366 0.373676 0.373685 0.373688 0.373684 0.373673 0.373654 0.37363 0.373599 0.373563 0.373524 0.373485 0.373447 0.373411 0.373379 0.373352 0.37333 0.373312 0.373298 0.373288 0.373281 0.373276 0.373272 0.37327 0.373269 0.373268 0.373267 0.373267 0.373267 0.373267 0.373267 0.373266 0.373266 0.373266 0.373267 0.373267 0.373267 0.373268 0.373269 0.373273 0.373282 0.3733 0.373334 0.373395 0.373497 0.373657 0.373892 0.374218 0.374641 0.375159 0.375754 0.3764 
0.370032 0.370678 0.371269 0.371782 0.372204 0.372535 0.372782 0.372959 0.373079 0.373158 0.373208 0.373238 0.373255 0.373265 0.373271 0.373274 0.373275 0.373276 0.373276 0.373276 0.373276 0.373276 0.373276 0.373276 0.373276 0.373276 0.373276 0.373277 0.373277 0.373278 0.37328 0.373283 0.373288 0.373296 0.373309 0.373328 0.373355 0.373393 0.373443 0.373505 0.373579 0.373664 0.373757 0.373853 0.373948 0.374036 0.374114 0.374179 0.37423 0.374265 0.374285 0.374289 0.374278 0.37425 0.374206 0.374146 0.374072 0.373988 0.373897 0.373803 0.373712 0.373628 0.373552 0.373487 0.373433 0.37339 0.373357 0.373332 0.373313 0.3733 0.373292 0.373286 0.373282 0.37328 0.373278 0.373277 0.373277 0.373277 0.373276 0.373276 0.373276 0.373276 0.373276 0.373276 0.373277 0.373277 0.373279 0.373283 0.373292 0.37331 0.373344 0.373405 0.373507 0.373666 0.373902 0.374228 0.374651 0.375169 0.375764 0.37641 
0.370037 0.370683 0.371274 0.371787 0.372209 0.37254 0.372788 0.372964 0.373085 0.373164 0.373213 0.373243 0.373261 0.373271 0.373276 0.373279 0.37328 0.373281 0.373281 0.373282 0.373282 0.373282 0.373282 0.373282 0.373282 0.373282 0.373282 0.373283 0.373284 0.373287 0.373292 0.3733 0.373314 0.373337 0.37337 0.37342 0.373489 0.373582 0.373702 0.373849 0.374022 0.374217 0.374426 0.37464 0.374848 0.375041 0.375209 0.375348 0.375455 0.375528 0.375567 0.375573 0.375544 0.375479 0.375379 0.375245 0.37508 0.374892 0.374689 0.374482 0.374279 0.37409 0.37392 0.373773 0.37365 0.373551 0.373474 0.373415 0.373372 0.373341 0.37332 0.373306 0.373296 0.37329 0.373287 0.373285 0.373283 0.373283 0.373282 0.373282 0.373282 0.373282 0.373282 0.373282 0.373282 0.373283 0.373285 0.373289 0.373297 0.373315 0.373349 0.37341 0.373512 0.373672 0.373907 0.374233 0.374657 0.375174 0.37577 0.376416 
0.37004 0.370686 0.371277 0.37179 0.372212 0.372543 0.37279 0.372967 0.373087 0.373166 0.373216 0.373246 0.373264 0.373274 0.373279 0.373282 0.373283 0.373284 0.373284 0.373284 0.373284 0.373285 0.373285 0.373285 0.373285 0.373285 0.373286 0.373288 0.373292 0.3733 0.373313 0.373336 0.373373 0.373429 0.373513 0.373633 0.373796 0.374011 0.37428 0.374606 0.374983 0.375401 0.375844 0.376291 0.376721 0.377114 0.377455 0.377734 0.377945 0.378088 0.378161 0.378165 0.378098 0.377958 0.377745 0.377462 0.377117 0.376724 0.376301 0.375868 0.375443 0.375045 0.374685 0.374371 0.374106 0.373891 0.373721 0.373591 0.373494 0.373424 0.373375 0.373342 0.37332 0.373306 0.373297 0.373292 0.373289 0.373287 0.373286 0.373285 0.373285 0.373285 0.373285 0.373285 0.373285 0.373286 0.373287 0.373291 0.3733 0.373318 0.373352 0.373413 0.373515 0.373675 0.37391 0.374236 0.37466 0.375177 0.375773 0.376419 
0.370041 0.370687 0.371278 0.371791 0.372214 0.372545 0.372792 0.372968 0.373089 0.373168 0.373218 0.373248 0.373265 0.373275 0.37328 0.373283 0.373285 0.373285 0.373286 0.373286 0.373286 0.373286 0.373286 0.373286 0.373287 0.373288 0.373291 0.373297 0.373308 0.373328 0.373363 0.37342 0.373509 0.373644 0.373839 0.374109 0.37447 0.374933 0.375504 0.376181 0.376952 0.377792 0.37867 0.379545 0.380378 0.381132 0.38178 0.382305 0.382699 0.38296 0.383088 0.383082 0.38294 0.382657 0.382233 0.381675 0.380998 0.380228 0.379398 0.378545 0.377707 0.376916 0.376195 0.375562 0.375024 0.374581 0.374228 0.373954 0.373748 0.373598 0.373491 0.373418 0.373368 0.373336 0.373316 0.373303 0.373296 0.373291 0.373289 0.373287 0.373287 0.373286 0.373286 0.373286 0.373286 0.373287 0.373289 0.373293 0.373302 0.37332 0.373354 0.373414 0.373516 0.373676 0.373912 0.374238 0.374661 0.375179 0.375774 0.37642 
0.370042 0.370688 0.371279 0.371792 0.372214 0.372545 0.372793 0.372969 0.37309 0.373169 0.373218 0.373248 0.373266 0.373276 0.373281 0.373284 0.373285 0.373286 0.373286 0.373287 0.373287 0.373287 0.373287 0.373288 0.37329 0.373294 0.373302 0.373317 0.373346 0.373397 0.37348 0.373614 0.373819 0.374119 0.374542 0.375114 0.375861 0.3768 0.377934 0.379254 0.38073 0.382316 0.383948 0.385557 0.387071 0.388429 0.389586 0.390516 0.391206 0.391655 0.391864 0.391831 0.391551 0.391018 0.39023 0.389199 0.387952 0.386533 0.385002 0.383425 0.381865 0.380382 0.379022 0.377815 0.37678 0.375917 0.375221 0.374675 0.374259 0.373951 0.373729 0.373574 0.373469 0.373399 0.373354 0.373326 0.373309 0.373299 0.373293 0.37329 0.373289 0.373288 0.373287 0.373287 0.373287 0.373288 0.37329 0.373294 0.373302 0.37332 0.373354 0.373415 0.373517 0.373677 0.373912 0.374238 0.374662 0.375179 0.375775 0.376421 
0.370042 0.370688 0.371279 0.371792 0.372215 0.372546 0.372793 0.372969 0.37309 0.373169 0.373219 0.373249 0.373266 0.373276 0.373281 0.373284 0.373286 0.373286 0.373287 0.373287 0.373287 0.373288 0.373289 0.373291 0.373296 0.373306 0.373327 0.373366 0.373436 0.373554 0.373744 0.37404 0.374479 0.375106 0.375967 0.377106 0.378557 0.380341 0.382455 0.384869 0.387525 0.390334 0.393186 0.395963 0.398549 0.400847 0.402789 0.404336 0.405473 0.4062 0.40652 0.40643 0.405922 0.404983 0.403612 0.401826 0.399669 0.397215 0.394558 0.391807 0.389071 0.386449 0.384022 0.381847 0.37996 0.378369 0.377068 0.376034 0.375235 0.374635 0.374197 0.373886 0.373671 0.373527 0.373433 0.373373 0.373337 0.373315 0.373302 0.373295 0.373291 0.373289 0.373288 0.373288 0.373288 0.373288 0.37329 0.373294 0.373303 0.373321 0.373355 0.373416 0.373517 0.373677 0.373913 0.374239 0.374662 0.37518 0.375775 0.376421 
0.370042 0.370688 0.37128 0.371792 0.372215 0.372546 0.372793 0.37297 0.37309 0.373169 0.373219 0.373249 0.373266 0.373276 0.373282 0.373284 0.373286 0.373287 0.373287 0.373287 0.373288 0.373289 0.373292 0.373298 0.37331 0.373337 0.373387 0.373478 0.373636 0.373895 0.374302 0.374915 0.3758 0.377031 0.378678 0.380805 0.383454 0.386641 0.390342 0.394492 0.398981 0.403656 0.40834 0.412846 0.416998 0.420655 0.42372 0.426141 0.427904 0.429013 0.429474 0.429284 0.428426 0.426882 0.424648 0.421747 0.418245 0.41425 0.409909 0.405389 0.400859 0.396481 0.392387 0.388679 0.38542 0.382638 0.380331 0.37847 0.377011 0.375899 0.375073 0.374478 0.374061 0.373776 0.373588 0.373468 0.373392 0.373347 0.37332 0.373305 0.373296 0.373292 0.37329 0.373288 0.373288 0.373289 0.37329 0.373294 0.373303 0.373321 0.373355 0.373416 0.373518 0.373677 0.373913 0.374239 0.374662 0.37518 0.375776 0.376422 
0.370042 0.370688 0.37128 0.371792 0.372215 0.372546 0.372793 0.37297 0.37309 0.373169 0.373219 0.373249 0.373266 0.373276 0.373282 0.373284 0.373286 0.373287 0.373287 0.373288 0.373289 0.373292 0.373299 0.373314 0.373345 0.373406 0.37352 0.373721 0.374057 0.374592 0.375409 0.376604 0.378283 0.380556 0.383521 0.387257 0.391806 0.397161 0.403257 0.409968 0.417103 0.424424 0.43166 0.438538 0.444811 0.450288 0.454841 0.458411 0.460986 0.462581 0.463207 0.46286 0.461515 0.459142 0.455729 0.451305 0.44596 0.439844 0.433162 0.426156 0.419078 0.412168 0.405635 0.399644 0.394309 0.389692 0.385805 0.382622 0.380086 0.378121 0.376639 0.375553 0.374779 0.374243 0.373883 0.373648 0.3735 0.373409 0.373355 0.373324 0.373307 0.373297 0.373292 0.37329 0.373289 0.373289 0.37329 0.373294 0.373303 0.373321 0.373355 0.373416 0.373518 0.373677 0.373913 0.374239 0.374662 0.37518 0.375776 0.376422 
0.370043 0.370688 0.37128 0.371792 0.372215 0.372546 0.372793 0.37297 0.37309 0.373169 0.373219 0.373249 0.373266 0.373276 0.373282 0.373285 0.373286 0.373287 0.373288 0.373289 0.373292 0.373299 0.373315 0.37335 0.373421 0.373556 0.3738 0.374214 0.374888 0.37593 0.377474 0.379668 0.382669 0.386623 0.391652 0.397836 0.405193 0.41367 0.423129 0.433348 0.444032 0.454828 0.465355 0.475244 0.484172 0.491898 0.498272 0.503232 0.506781 0.508947 0.509753 0.50919 0.507225 0.50381 0.49892 0.492584 0.484909 0.476089 0.466393 0.456145 0.445693 0.435377 0.425504 0.416331 0.408044 0.400763 0.394537 0.389354 0.385155 0.381844 0.379305 0.377411 0.376039 0.375074 0.374416 0.37398 0.3737 0.373527 0.373422 0.373361 0.373327 0.373308 0.373298 0.373292 0.37329 0.37329 0.373291 0.373294 0.373303 0.373321 0.373355 0.373416 0.373518 0.373678 0.373913 0.374239 0.374662 0.37518 0.375776 0.376422 
0.370043 0.370688 0.37128 0.371792 0.372215 0.372546 0.372793 0.37297 0.37309 0.373169 0.373219 0.373249 0.373266 0.373276 0.373282 0.373285 0.373286 0.373287 0.373289 0.373292 0.373299 0.373315 0.373352 0.37343 0.373581 0.37386 0.374348 0.375156 0.376429 0.378342 0.381096 0.384901 0.389961 0.396454 0.404504 0.414163 0.425394 0.438055 0.451899 0.466579 0.481667 0.496681 0.511125 0.524533 0.536516 0.546794 0.55521 0.561716 0.566334 0.569118 0.570102 0.56928 0.5666 0.561995 0.555416 0.546882 0.536508 0.524519 0.511241 0.497079 0.482481 0.467898 0.453758 0.440428 0.428202 0.417284 0.40779 0.399748 0.393116 0.387791 0.383634 0.380478 0.378152 0.376489 0.375335 0.37456 0.374055 0.373738 0.373544 0.373429 0.373363 0.373327 0.373308 0.373297 0.373293 0.373291 0.373291 0.373295 0.373303 0.373321 0.373355 0.373416 0.373518 0.373678 0.373913 0.374239 0.374663 0.37518 0.375776 0.376422 
0.370043 0.370688 0.37128 0.371792 0.372215 0.372546 0.372793 0.37297 0.37309 0.373169 0.373219 0.373249 0.373266 0.373276 0.373282 0.373285 0.373286 0.373288 0.373291 0.373298 0.373314 0.37335 0.37343 0.37359 0.373894 0.374439 0.375362 0.376848 0.37912 0.38244 0.387083 0.393321 0.401392 0.411476 0.423661 0.437929 0.454135 0.472009 0.491157 0.511083 0.531213 0.550936 0.569652 0.586819 0.602006 0.614921 0.625418 0.633478 0.639162 0.642553 0.643702 0.642603 0.639189 0.633361 0.625042 0.614222 0.601005 0.585627 0.568451 0.549943 0.530638 0.511101 0.491883 0.473484 0.456329 0.440744 0.426945 0.415041 0.405037 0.396854 0.390344 0.385311 0.381536 0.378789 0.376852 0.375531 0.374658 0.3741 0.373755 0.373549 0.373429 0.373362 0.373326 0.373307 0.373297 0.373293 0.373292 0.373295 0.373303 0.373321 0.373355 0.373416 0.373518 0.373678 0.373913 0.374239 0.374663 0.37518 0.375776 0.376422 
0.370043 0.370688 0.37128 0.371792 0.372215 0.372546 0.372793 0.37297 0.37309 0.373169 0.373219 0.373249 0.373266 0.373276 0.373282 0.373285 0.373287 0.37329 0.373296 0.37331 0.373345 0.373421 0.373581 0.373894 0.374471 0.375475 0.377129 0.379712 0.383554 0.389008 0.396425 0.406116 0.418318 0.43316 0.45064 0.470608 0.492762 0.516661 0.54174 0.567342 0.592759 0.617274 0.640215 0.661007 0.679211 0.694559 0.706943 0.716394 0.723019 0.726939 0.728226 0.726875 0.722802 0.715875 0.705972 0.693043 0.677155 0.658522 0.637507 0.614605 0.590409 0.56557 0.540755 0.516602 0.493683 0.472476 0.453339 0.436504 0.422076 0.410041 0.400279 0.39259 0.386715 0.382366 0.379248 0.377087 0.375638 0.374698 0.374109 0.373752 0.373542 0.373423 0.373358 0.373323 0.373305 0.373297 0.373294 0.373296 0.373304 0.373321 0.373355 0.373416 0.373518 0.373678 0.373913 0.374239 0.374663 0.37518 0.375776 0.376422 
0.370043 0.370688 0.37128 0.371792 0.372215 0.372546 0.372793 0.37297 0.37309 0.373169 0.373219 0.373249 0.373266 0.373276 0.373282 0.373285 0.373288 0.373294 0.373306 0.373337 0.373406 0.373556 0.37386 0.374439 0.375475 0.377228 0.380033 0.384295 0.390456 0.398962 0.410212 0.424512 0.442034 0.462787 0.486605 0.513145 0.5419 0.572231 0.603397 0.634601 0.665034 0.693922 0.720575 0.744435 0.765109 0.782387 0.79623 0.806732 0.814057 0.818365 0.819754 0.818221 0.813663 0.805915 0.794806 0.780227 0.762181 0.740825 0.716477 0.68961 0.660826 0.630821 0.600341 0.570144 0.540949 0.513401 0.488037 0.465264 0.445341 0.428379 0.414345 0.403075 0.394303 0.387692 0.382873 0.379477 0.377164 0.375643 0.374676 0.374081 0.373728 0.373525 0.373412 0.373351 0.373319 0.373304 0.373297 0.373298 0.373305 0.373322 0.373355 0.373416 0.373518 0.373678 0.373913 0.374239 0.374663 0.37518 0.375776 0.376422 
0.370043 0.370688 0.37128 0.371792 0.372215 0.372546 0.372793 0.37297 0.37309 0.373169 0.373219 0.373249 0.373267 0.373276 0.373282 0.373286 0.373291 0.373302 0.373327 0.373387 0.37352 0.3738 0.374348 0.375362 0.377129 0.380033 0.384555 0.391236 0.400634 0.413256 0.429498 0.449588 0.473548 0.501183 0.532087 0.565669 0.601191 0.637816 0.674654 0.710813 0.745442 0.77778 0.807187 0.833183 0.855468 0.873928 0.888612 0.899691 0.907385 0.911897 0.913344 0.91173 0.906939 0.898773 0.88701 0.871472 0.852078 0.828892 0.802142 0.77222 0.739676 0.705187 0.669523 0.633514 0.597999 0.563787 0.531612 0.502096 0.475716 0.45278 0.433408 0.417541 0.404954 0.395295 0.388132 0.382999 0.379449 0.377078 0.375549 0.374596 0.374022 0.373688 0.373499 0.373396 0.373342 0.373315 0.373303 0.3733 0.373306 0.373322 0.373356 0.373416 0.373518 0.373678 0.373913 0.374239 0.374663 0.37518 0.375776 0.376422 
0.370043 0.370688 0.37128 0.371792 0.372215 0.372546 0.372793 0.37297 0.37309 0.373169 0.373219 0.373249 0.373267 0.373277 0.373283 0.373288 0.373297 0.373317 0.373366 0.373478 0.373721 0.374214 0.375156 0.376848 0.379712 0.384295 0.391236 0.401218 0.414883 0.432749 0.455126 0.482068 0.51335 0.548486 0.58677 0.627332 0.669207 0.711393 0.752909 0.79284 0.830378 0.864846 0.895726 0.922672 0.945518 0.964272 0.979082 0.990196 0.997889 1.0024 1.00385 1.00228 0.997535 0.989411 0.977636 0.96196 0.942209 0.918329 0.890416 0.858734 0.823709 0.785928 0.746111 0.705088 0.663763 0.623074 0.583943 0.547233 0.513687 0.48388 0.45817 0.436682 0.419303 0.405718 0.395463 0.387992 0.38274 0.379177 0.376845 0.375371 0.374471 0.37394 0.373636 0.373469 0.373379 0.373334 0.373312 0.373304 0.373308 0.373323 0.373356 0.373416 0.373518 0.373678 0.373913 0.374239 0.374663 0.37518 0.375776 0.376422 
0.370043 0.370688 0.37128 0.371792 0.372215 0.372546 0.372793 0.37297 0.37309 0.373169 0.373219 0.373249 0.373267 0.373277 0.373284 0.373292 0.373308 0.373346 0.373436 0.373636 0.374057 0.374888 0.376429 0.37912 0.383554 0.390456 0.400634 0.414883 0.433879 0.458064 0.487561 0.522144 0.561244 0.604017 0.649423 0.696322 0.743559 0.790037 0.834768 0.876905 0.915763 0.950829 0.981763 1.0084 1.03072 1.04887 1.0631 1.07373 1.08106 1.08536 1.08678 1.08534 1.08092 1.07328 1.06212 1.04712 1.02803 1.00466 0.976953 0.945005 0.909067 0.869558 0.827067 0.782339 0.736259 0.689829 0.644122 0.600232 0.559195 0.521908 0.489048 0.461011 0.437883 0.419461 0.405301 0.394806 0.387305 0.382136 0.378701 0.376497 0.375133 0.374316 0.373844 0.37358 0.373437 0.373363 0.373326 0.373311 0.373311 0.373324 0.373357 0.373416 0.373518 0.373678 0.373913 0.374239 0.374663 0.37518 0.375776 0.376422 
0.370043 0.370688 0.37128 0.371792 0.372215 0.372546 0.372793 0.37297 0.37309 0.373169 0.373219 0.373249 0.373267 0.373278 0.373287 0.3733 0.373328 0.373397 0.373554 0.373895 0.374592 0.37593 0.378342 0.38244 0.389008 0.398962 0.413256 0.432749 0.458064 0.489462 0.526769 0.569375 0.616297 0.666295 0.718005 0.770063 0.821203 0.870326 0.916534 0.959139 0.997657 1.0318 1.06143 1.08659 1.10743 1.12421 1.13726 1.14695 1.15362 1.15755 1.1589 1.15768 1.15378 1.14697 1.13693 1.12331 1.10576 1.08399 1.05778 1.02705 0.991828 0.952316 0.908891 0.862124 0.812789 0.761859 0.710486 0.659949 0.611568 0.566592 0.526075 0.49077 0.461055 0.436926 0.418035 0.403784 0.393425 0.386169 0.38127 0.37808 0.376077 0.374861 0.374149 0.373745 0.373524 0.373407 0.373348 0.373322 0.373316 0.373327 0.373358 0.373417 0.373518 0.373678 0.373913 0.374239 0.374663 0.37518 0.375776 0.376422 
0.370043 0.370688 0.37128 0.371792 0.372215 0.372546 0.372793 0.37297 0.37309 0.373169 0.373219 0.373249 0.373267 0.37328 0.373292 0.373313 0.373363 0.37348 0.373744 0.374302 0.375409 0.377474 0.381096 0.387083 0.396425 0.410212 0.429498 0.455126 0.487561 0.526769 0.572171 0.622697 0.676914 0.733199 0.789915 0.845561 0.89886 0.948818 0.994722 1.03612 1.07279 1.10468 1.1319 1.15467 1.1733 1.18814 1.19959 1.20805 1.21386 1.2173 1.21853 1.21756 1.21431 1.20855 1.19997 1.18819 1.17283 1.15349 1.12983 1.10158 1.06854 1.03068 0.988088 0.941099 0.890275 0.83646 0.780784 0.724632 0.669556 0.617146 0.568863 0.525877 0.488947 0.458364 0.433966 0.415223 0.401361 0.391488 0.384714 0.380236 0.377382 0.375625 0.374582 0.373983 0.373651 0.373472 0.373381 0.373338 0.373323 0.37333 0.373359 0.373418 0.373518 0.373678 0.373913 0.374239 0.374663 0.37518 0.375776 0.376422 
0.370043 0.370688 0.37128 0.371792 0.372215 0.372546 0.372793 0.37297 0.37309 0.373169 0.373219 0.37325 0.373268 0.373283 0.3733 0.373336 0.37342 0.373614 0.37404 0.374915 0.376604 0.379668 0.384901 0.393321 0.406116 0.424512 0.449588 0.482068 0.522144 0.569375 0.622697 0.680543 0.741042 0.802248 0.862345 0.919802 0.973449 1.02249 1.06649 1.10526 1.13888 1.16755 1.1916 1.2114 1.22738 1.23997 1.24961 1.25669 1.26154 1.26443 1.2655 1.2648 1.26223 1.2576 1.25061 1.2409 1.22807 1.21166 1.19123 1.16635 1.13664 1.10178 1.06161 1.01614 0.965651 0.910753 0.852448 0.792116 0.731454 0.672336 0.616614 0.565908 0.521424 0.483837 0.453268 0.429348 0.411339 0.398292 0.389194 0.383085 0.379132 0.376665 0.37518 0.374316 0.37383 0.373566 0.373428 0.373361 0.373335 0.373335 0.373361 0.373419 0.373519 0.373678 0.373913 0.374239 0.374663 0.37518 0.375776 0.376422 
0.370043 0.370688 0.37128 0.371792 0.372215 0.372546 0.372793 0.37297 0.37309 0.373169 0.373219 0.37325 0.37327 0.373288 0.373314 0.373373 0.373509 0.373819 0.374479 0.3758 0.378283 0.382669 0.389961 0.401392 0.418318 0.442034 0.473548 0.51335 0.561244 0.616297 0.676914 0.741042 0.806435 0.870922 0.932632 0.990125 1.04244 1.08907 1.12988 1.16501 1.19479 1.21967 1.24015 1.25674 1.26994 1.28022 1.28801 1.29369 1.29759 1.29992 1.30083 1.30035 1.29842 1.29487 1.28945 1.28181 1.27155 1.25823 1.24132 1.2203 1.19461 1.16373 1.1272 1.08472 1.03623 0.98204 0.922905 0.860086 0.795302 0.730612 0.668202 0.61013 0.558084 0.513197 0.475967 0.446279 0.423521 0.406747 0.394855 0.386742 0.381413 0.37804 0.37598 0.374767 0.374076 0.373696 0.373495 0.373394 0.373351 0.373343 0.373365 0.37342 0.37352 0.373678 0.373913 0.374239 0.374663 0.37518 0.375776 0.376422 
0.370043 0.370688 0.37128 0.371792 0.372215 0.372546 0.372793 0.37297 0.37309 0.373169 0.373219 0.373251 0.373273 0.373296 0.373337 0.373429 0.373644 0.374119 0.375106 0.377031 0.380556 0.386623 0.396454 0.411476 0.43316 0.462787 0.501183 0.548486 0.604017 0.666295 0.733199 0.802248 0.870922 0.936958 0.998557 1.05449 1.10408 1.14717 1.18393 1.21481 1.24039 1.2613 1.27818 1.29161 1.30212 1.31021 1.31628 1.32068 1.32368 1.3255 1.32624 1.32594 1.32457 1.32197 1.31794 1.31219 1.30434 1.29396 1.28052 1.26344 1.24205 1.21564 1.18354 1.14512 1.09999 1.0481 0.989874 0.926338 0.8591 0.790277 0.722287 0.65757 0.598292 0.54609 0.50192 0.466018 0.437988 0.416964 0.40181 0.391307 0.384303 0.379806 0.377023 0.375362 0.374405 0.373872 0.373586 0.37344 0.373373 0.373354 0.37337 0.373422 0.373521 0.373679 0.373914 0.374239 0.374663 0.37518 0.375776 0.376422 
0.370043 0.370688 0.37128 0.371792 0.372215 0.372546 0.372793 0.37297 0.37309 0.37317 0.37322 0.373252 0.373277 0.373309 0.37337 0.373513 0.373839 0.374542 0.375967 0.378678 0.383521 0.391652 0.404504 0.423661 0.45064 0.486605 0.532087 0.58677 0.649423 0.718005 0.789915 0.862345 0.932632 0.998557 1.05852 1.11159 1.15744 1.19626 1.22853 1.25497 1.27635 1.29343 1.30692 1.31746 1.32557 1.33173 1.33629 1.33958 1.34181 1.34317 1.34375 1.34359 1.34265 1.34084 1.33797 1.33382 1.32805 1.32028 1.31 1.29661 1.2794 1.25756 1.23021 1.19649 1.15568 1.10736 1.05157 0.988998 0.921016 0.849656 0.77744 0.707096 0.641224 0.581976 0.530819 0.488428 0.454717 0.428987 0.410129 0.396852 0.387865 0.382013 0.378343 0.376125 0.374831 0.374103 0.373707 0.373502 0.373403 0.373368 0.373377 0.373426 0.373522 0.373679 0.373914 0.374239 0.374663 0.37518 0.375776 0.376422 
0.370043 0.370688 0.37128 0.371792 0.372215 0.372546 0.372793 0.37297 0.37309 0.37317 0.373221 0.373255 0.373284 0.373328 0.37342 0.373633 0.374109 0.375114 0.377106 0.380805 0.387257 0.397836 0.414163 0.437929 0.470608 0.513145 0.565669 0.627332 0.696322 0.770063 0.845561 0.919802 0.990125 1.05449 1.11159 1.16086 1.20235 1.23656 1.26428 1.2864 1.30384 1.31745 1.32796 1.33599 1.34207 1.34661 1.34994 1.35231 1.35392 1.3549 1.35534 1.35527 1.35466 1.35345 1.35149 1.34861 1.34454 1.33893 1.33134 1.32119 1.30778 1.29025 1.2676 1.2388 1.20285 1.15897 1.10681 1.04666 0.979526 0.907237 0.832269 0.757516 0.685933 0.620159 0.5622 0.513234 0.473574 0.442771 0.419822 0.403411 0.39214 0.384698 0.379969 0.377076 0.375369 0.374397 0.373863 0.373582 0.373443 0.373388 0.373386 0.37343 0.373524 0.37368 0.373914 0.374239 0.374663 0.37518 0.375776 0.376422 
0.370043 0.370688 0.37128 0.371792 0.372215 0.372546 0.372793 0.37297 0.373091 0.37317 0.373222 0.373258 0.373295 0.373355 0.373489 0.373796 0.37447 0.375861 0.378557 0.383454 0.391806 0.405193 0.425394 0.454135 0.492762 0.5419 0.601191 0.669207 0.743559 0.821203 0.89886 0.973449 1.04244 1.10408 1.15744 1.20235 1.2392 1.26881 1.29218 1.31034 1.32429 1.3349 1.3429 1.34888 1.35332 1.35658 1.35893 1.36059 1.36172 1.3624 1.36273 1.3627 1.36233 1.36155 1.36026 1.35834 1.35556 1.35165 1.34623 1.33878 1.32863 1.31493 1.29665 1.27264 1.24168 1.20272 1.15502 1.09841 1.0335 0.961765 0.88551 0.807656 0.731407 0.65983 0.595463 0.540027 0.494304 0.458178 0.430826 0.410968 0.397132 0.387874 0.381917 0.378228 0.376027 0.37476 0.374057 0.373683 0.373494 0.373412 0.373398 0.373435 0.373526 0.373681 0.373915 0.37424 0.374663 0.37518 0.375776 0.376422 
0.370043 0.370688 0.37128 0.371792 0.372215 0.372546 0.372793 0.37297 0.373091 0.373171 0.373224 0.373263 0.373309 0.373393 0.373582 0.374011 0.374933 0.3768 0.380341 0.386641 0.397161 0.41367 0.438055 0.472009 0.516661 0.572231 0.637816 0.711393 0.790037 0.870326 0.948818 1.02249 1.08907 1.14717 1.19626 1.23656 1.26881 1.29406 1.31346 1.32814 1.33912 1.34725 1.35323 1.3576 1.36077 1.36305 1.36467 1.3658 1.36656 1.36703 1.36726 1.36726 1.36704 1.36656 1.36574 1.3645 1.36268 1.36004 1.35628 1.35096 1.34347 1.33302 1.31859 1.29898 1.27287 1.23894 1.19613 1.14383 1.08221 1.01229 0.936092 0.85643 0.776634 0.700114 0.629904 0.568279 0.516537 0.474968 0.442998 0.419444 0.402807 0.391529 0.384185 0.379585 0.37681 0.375198 0.374293 0.373806 0.373557 0.373443 0.373412 0.373442 0.373529 0.373683 0.373915 0.37424 0.374663 0.37518 0.375776 0.376422 
0.370043 0.370688 0.37128 0.371792 0.372215 0.372546 0.372793 0.37297 0.373091 0.373171 0.373226 0.37327 0.373328 0.373443 0.373702 0.37428 0.375504 0.377934 0.382455 0.390342 0.403257 0.423129 0.451899 0.491157 0.54174 0.603397 0.674654 0.752909 0.834768 0.916534 0.994722 1.06649 1.12988 1.18393 1.22853 1.26428 1.29218 1.31346 1.32939 1.34112 1.34966 1.35581 1.36021 1.36334 1.36556 1.36713 1.36822 1.36898 1.36948 1.36979 1.36994 1.36996 1.36983 1.36954 1.36905 1.36828 1.36711 1.36538 1.36285 1.35914 1.35374 1.34593 1.33475 1.31902 1.29736 1.2683 1.23048 1.18292 1.12529 1.05817 0.983171 0.902884 0.820647 0.740112 0.664746 0.597363 0.539801 0.492805 0.456113 0.428699 0.40908 0.395617 0.386749 0.381135 0.377714 0.375707 0.374571 0.373952 0.373631 0.37348 0.37343 0.37345 0.373533 0.373684 0.373916 0.37424 0.374663 0.37518 0.375776 0.376422 
0.370043 0.370688 0.37128 0.371792 0.372215 0.372546 0.372793 0.37297 0.373091 0.373172 0.373229 0.373279 0.373353 0.373505 0.373849 0.374606 0.376181 0.379254 0.384869 0.394492 0.409968 0.433348 0.466579 0.511083 0.567342 0.634601 0.710813 0.79284 0.876905 0.959139 1.03612 1.10526 1.16501 1.21481 1.25497 1.2864 1.31034 1.32814 1.34112 1.35042 1.35701 1.36162 1.36483 1.36705 1.36859 1.36964 1.37037 1.37086 1.37118 1.37138 1.37148 1.3715 1.37143 1.37127 1.37097 1.37051 1.36978 1.36868 1.36701 1.36448 1.36066 1.35491 1.34639 1.33395 1.31623 1.29165 1.25866 1.21594 1.16271 1.09905 1.02613 0.94623 0.862571 0.778947 0.69918 0.626583 0.563534 0.511262 0.469867 0.438526 0.41582 0.400059 0.389564 0.382854 0.378726 0.376282 0.374887 0.37412 0.373718 0.373523 0.373451 0.37346 0.373538 0.373686 0.373917 0.374241 0.374663 0.37518 0.375776 0.376422 
0.370043 0.370688 0.37128 0.371792 0.372215 0.372546 0.372793 0.37297 0.373092 0.373174 0.373233 0.373291 0.373383 0.373579 0.374022 0.374983 0.376952 0.38073 0.387525 0.398981 0.417103 0.444032 0.481667 0.531213 0.592759 0.665034 0.745442 0.830378 0.915763 0.997657 1.07279 1.13888 1.19479 1.24039 1.27635 1.30384 1.32429 1.33912 1.34966 1.35701 1.36206 1.3655 1.36783 1.3694 1.37045 1.37116 1.37163 1.37194 1.37215 1.37227 1.37234 1.37235 1.37232 1.37223 1.37206 1.37178 1.37135 1.37066 1.36958 1.36789 1.36522 1.36105 1.35462 1.34489 1.33052 1.30993 1.28141 1.24337 1.19464 1.13482 1.06459 0.985853 0.901647 0.815799 0.732403 0.655211 0.58712 0.529851 0.483891 0.448664 0.422849 0.404738 0.39256 0.384699 0.379822 0.37691 0.375235 0.374307 0.373815 0.373572 0.373475 0.373472 0.373543 0.373689 0.373918 0.374241 0.374663 0.37518 0.375776 0.376422 
0.370043 0.370688 0.37128 0.371792 0.372215 0.372546 0.372793 0.37297 0.373092 0.373175 0.373238 0.373304 0.373418 0.373664 0.374217 0.375401 0.377792 0.382316 0.390334 0.403656 0.424424 0.454828 0.496681 0.550936 0.617274 0.693922 0.77778 0.864846 0.950829 1.0318 1.10468 1.16755 1.21967 1.2613 1.29343 1.31745 1.3349 1.34725 1.35581 1.36162 1.3655 1.36808 1.36976 1.37086 1.37158 1.37205 1.37236 1.37255 1.37268 1.37276 1.3728 1.37281 1.37279 1.37275 1.37265 1.3725 1.37224 1.37182 1.37113 1.37001 1.36817 1.36516 1.36035 1.35278 1.3412 1.32404 1.29951 1.26581 1.22142 1.16553 1.09833 1.02132 0.937258 0.849946 0.763662 0.682531 0.609926 0.548045 0.497775 0.458808 0.429953 0.409514 0.395645 0.386617 0.380971 0.377574 0.375605 0.374507 0.373919 0.373625 0.373501 0.373484 0.373549 0.373691 0.373919 0.374242 0.374664 0.375181 0.375776 0.376422 
0.370043 0.370689 0.37128 0.371792 0.372215 0.372546 0.372793 0.37297 0.373093 0.373177 0.373243 0.373319 0.373456 0.373757 0.374426 0.375844 0.37867 0.383948 0.393186 0.40834 0.43166 0.465355 0.511125 0.569652 0.640215 0.720575 0.807187 0.895726 0.981763 1.06143 1.1319 1.1916 1.24015 1.27818 1.30692 1.32796 1.3429 1.35323 1.36021 1.36483 1.36783 1.36976 1.37099 1.37177 1.37226 1.37257 1.37277 1.37289 1.37297 1.37302 1.37304 1.37305 1.37304 1.37302 1.37297 1.37288 1.37273 1.37248 1.37205 1.37131 1.37004 1.36789 1.36429 1.35841 1.34908 1.33478 1.31369 1.28386 1.24351 1.19141 1.12734 1.05236 0.968946 0.880795 0.792296 0.707881 0.631341 0.565321 0.511096 0.468638 0.436902 0.414227 0.398715 0.38854 0.382132 0.37825 0.375985 0.374714 0.374028 0.373681 0.373529 0.373497 0.373555 0.373694 0.37392 0.374242 0.374664 0.375181 0.375776 0.376422 
0.370043 0.370689 0.37128 0.371793 0.372215 0.372546 0.372794 0.372971 0.373093 0.373179 0.373249 0.373335 0.373497 0.373853 0.37464 0.376291 0.379545 0.385557 0.395963 0.412846 0.438538 0.475244 0.524533 0.586819 0.661007 0.744435 0.833183 0.922672 1.0084 1.08659 1.15467 1.2114 1.25674 1.29161 1.31746 1.33599 1.34888 1.3576 1.36334 1.36705 1.3694 1.37086 1.37177 1.37232 1.37266 1.37287 1.373 1.37307 1.37312 1.37315 1.37317 1.37317 1.37317 1.37316 1.37313 1.37308 1.373 1.37284 1.37257 1.37209 1.37122 1.36967 1.36697 1.36237 1.35482 1.34285 1.32465 1.29816 1.26138 1.21278 1.15172 1.07888 0.996426 0.907913 0.817784 0.730707 0.650831 0.581204 0.523461 0.477844 0.443467 0.418715 0.401662 0.390402 0.383264 0.378913 0.376361 0.374919 0.374137 0.373737 0.373557 0.373511 0.373561 0.373697 0.373922 0.374243 0.374664 0.375181 0.375776 0.376422 
0.370043 0.370689 0.37128 0.371793 0.372215 0.372546 0.372794 0.372971 0.373094 0.373181 0.373255 0.373351 0.373537 0.373948 0.374848 0.376721 0.380378 0.387071 0.398549 0.416998 0.444811 0.484172 0.536516 0.602006 0.679211 0.765109 0.855468 0.945518 1.03072 1.10743 1.1733 1.22738 1.26994 1.30212 1.32557 1.34207 1.35332 1.36077 1.36556 1.36859 1.37045 1.37158 1.37226 1.37266 1.3729 1.37304 1.37312 1.37317 1.3732 1.37322 1.37323 1.37323 1.37323 1.37322 1.37321 1.37318 1.37314 1.37305 1.37288 1.37256 1.37195 1.37082 1.36877 1.36515 1.35896 1.34884 1.33298 1.30927 1.27556 1.23003 1.17172 1.10094 1.01959 0.931046 0.839768 0.750598 0.667981 0.595306 0.534535 0.486158 0.449443 0.422833 0.404387 0.392135 0.384325 0.37954 0.376719 0.375116 0.374243 0.373791 0.373584 0.373524 0.373568 0.3737 0.373923 0.374243 0.374664 0.375181 0.375776 0.376422 
