2.26814 2.2684 2.26867 2.26892 2.26918 2.26942 2.26965 2.26988 2.27009 2.27029 2.27048 2.27066 2.27084 2.271 2.27116 2.27132 2.27148 2.27164 2.2718 2.27197 2.27215 2.27235 2.27256 2.27279 2.27304 2.27331 2.27361 2.27393 2.27428 2.27465 2.27504 2.27546 2.2759 2.27636 2.27683 2.27731 2.2778 2.2783 2.27878 2.27926 2.27973 2.28017 2.28059 2.28098 2.28133 2.28164 2.2819 2.28211 2.28228 2.28238 2.28244 2.28243 2.28237 2.28225 2.28208 2.28186 2.28159 2.28127 2.28092 2.28053 2.28012 2.27968 2.27922 2.27875 2.27827 2.27779 2.27731 2.27684 2.27639 2.27595 2.27553 2.27513 2.27476 2.27441 2.27409 2.2738 2.27354 2.27331 2.27311 2.27294 2.2728 2.27269 2.27261 2.27255 2.27253 2.27253 2.27257 2.27262 2.27271 2.27282 2.27295 2.2731 2.27328 2.27347 2.27368 2.27391 2.27415 2.2744 2.27465 2.27492 
2.2684 2.26867 2.26893 2.26919 2.26944 2.26968 2.26992 2.27014 2.27035 2.27055 2.27075 2.27093 2.2711 2.27126 2.27142 2.27158 2.27174 2.27189 2.27206 2.27223 2.27241 2.27261 2.27282 2.27305 2.27331 2.27358 2.27388 2.27421 2.27456 2.27494 2.27534 2.27577 2.27621 2.27668 2.27716 2.27766 2.27816 2.27866 2.27916 2.27965 2.28012 2.28058 2.28101 2.2814 2.28176 2.28208 2.28235 2.28257 2.28273 2.28284 2.28289 2.28289 2.28282 2.2827 2.28253 2.2823 2.28202 2.2817 2.28134 2.28095 2.28052 2.28007 2.2796 2.27912 2.27863 2.27814 2.27765 2.27717 2.27671 2.27626 2.27583 2.27543 2.27504 2.27469 2.27437 2.27407 2.27381 2.27357 2.27337 2.2732 2.27306 2.27295 2.27287 2.27281 2.27279 2.2728 2.27283 2.27289 2.27297 2.27308 2.27321 2.27336 2.27354 2.27373 2.27395 2.27417 2.27441 2.27466 2.27492 2.27518 
2.26867 2.26893 2.26919 2.26945 2.2697 2.26995 2.27018 2.27041 2.27062 2.27082 2.27101 2.27119 2.27137 2.27154 2.2717 2.27186 2.27202 2.27219 2.27236 2.27254 2.27273 2.27294 2.27317 2.27342 2.27369 2.27399 2.27431 2.27466 2.27505 2.27545 2.27589 2.27635 2.27684 2.27734 2.27786 2.2784 2.27894 2.27948 2.28002 2.28055 2.28107 2.28156 2.28202 2.28245 2.28284 2.28318 2.28347 2.2837 2.28388 2.284 2.28405 2.28405 2.28398 2.28385 2.28365 2.28341 2.28311 2.28276 2.28237 2.28194 2.28147 2.28099 2.28048 2.27996 2.27943 2.2789 2.27837 2.27785 2.27735 2.27686 2.2764 2.27596 2.27555 2.27517 2.27482 2.2745 2.27421 2.27396 2.27374 2.27355 2.27339 2.27327 2.27318 2.27312 2.27309 2.27308 2.27311 2.27316 2.27324 2.27335 2.27348 2.27363 2.27381 2.274 2.27421 2.27444 2.27467 2.27492 2.27518 2.27544 
2.26892 2.26919 2.26945 2.26971 2.26996 2.27021 2.27044 2.27067 2.27088 2.27109 2.27128 2.27147 2.27165 2.27182 2.27199 2.27216 2.27234 2.27252 2.2727 2.2729 2.27312 2.27335 2.27361 2.27389 2.2742 2.27454 2.27491 2.27531 2.27574 2.27621 2.2767 2.27723 2.27778 2.27836 2.27895 2.27956 2.28017 2.28079 2.2814 2.282 2.28258 2.28314 2.28366 2.28415 2.28458 2.28497 2.28529 2.28556 2.28576 2.28589 2.28595 2.28594 2.28586 2.28571 2.28549 2.28521 2.28486 2.28447 2.28402 2.28353 2.28301 2.28246 2.28188 2.28129 2.28069 2.28008 2.27949 2.2789 2.27832 2.27777 2.27724 2.27674 2.27628 2.27584 2.27544 2.27507 2.27475 2.27445 2.2742 2.27398 2.2738 2.27365 2.27354 2.27346 2.27342 2.2734 2.27342 2.27346 2.27353 2.27363 2.27376 2.27391 2.27408 2.27427 2.27447 2.2747 2.27494 2.27518 2.27544 2.2757 
2.26918 2.26944 2.2697 2.26996 2.27022 2.27046 2.2707 2.27093 2.27114 2.27135 2.27155 2.27175 2.27193 2.27212 2.2723 2.27249 2.27268 2.27288 2.27309 2.27332 2.27357 2.27385 2.27415 2.27448 2.27484 2.27524 2.27568 2.27615 2.27667 2.27722 2.27781 2.27843 2.27908 2.27976 2.28046 2.28117 2.28189 2.28262 2.28334 2.28404 2.28472 2.28537 2.28598 2.28655 2.28705 2.2875 2.28788 2.28819 2.28842 2.28856 2.28863 2.28862 2.28852 2.28834 2.28808 2.28775 2.28735 2.28688 2.28636 2.28578 2.28517 2.28452 2.28384 2.28315 2.28244 2.28173 2.28103 2.28034 2.27966 2.27901 2.27839 2.2778 2.27724 2.27673 2.27625 2.27582 2.27543 2.27508 2.27477 2.27451 2.27429 2.2741 2.27396 2.27385 2.27378 2.27375 2.27374 2.27377 2.27383 2.27392 2.27404 2.27418 2.27434 2.27453 2.27474 2.27496 2.27519 2.27544 2.27569 2.27595 
2.26942 2.26968 2.26995 2.27021 2.27046 2.27071 2.27095 2.27118 2.2714 2.27162 2.27183 2.27203 2.27223 2.27243 2.27263 2.27284 2.27305 2.27328 2.27353 2.2738 2.2741 2.27443 2.27479 2.27519 2.27563 2.27612 2.27665 2.27723 2.27785 2.27852 2.27923 2.27998 2.28077 2.28159 2.28243 2.28329 2.28416 2.28502 2.28588 2.28673 2.28754 2.28831 2.28904 2.28971 2.29031 2.29084 2.29129 2.29166 2.29192 2.2921 2.29217 2.29215 2.29203 2.29181 2.2915 2.2911 2.29062 2.29006 2.28944 2.28875 2.28801 2.28723 2.28642 2.28558 2.28474 2.28389 2.28304 2.28221 2.2814 2.28061 2.27986 2.27915 2.27848 2.27786 2.27728 2.27675 2.27627 2.27584 2.27547 2.27514 2.27486 2.27462 2.27443 2.27429 2.27419 2.27412 2.27409 2.2741 2.27415 2.27422 2.27433 2.27446 2.27461 2.27479 2.27499 2.27521 2.27544 2.27568 2.27594 2.2762 
2.26965 2.26992 2.27018 2.27044 2.2707 2.27095 2.27119 2.27143 2.27166 2.27188 2.2721 2.27232 2.27253 2.27275 2.27298 2.27321 2.27346 2.27374 2.27403 2.27436 2.27472 2.27512 2.27556 2.27606 2.2766 2.2772 2.27785 2.27856 2.27932 2.28014 2.28102 2.28193 2.2829 2.28389 2.28492 2.28597 2.28702 2.28807 2.28912 2.29013 2.29111 2.29205 2.29292 2.29373 2.29445 2.29509 2.29562 2.29606 2.29638 2.29658 2.29667 2.29664 2.29648 2.29622 2.29584 2.29536 2.29477 2.29409 2.29333 2.2925 2.29161 2.29066 2.28968 2.28867 2.28764 2.28661 2.28558 2.28457 2.28358 2.28262 2.28171 2.28084 2.28002 2.27925 2.27854 2.27789 2.2773 2.27677 2.2763 2.27588 2.27553 2.27523 2.27498 2.27478 2.27464 2.27453 2.27447 2.27446 2.27447 2.27453 2.27462 2.27474 2.27488 2.27505 2.27524 2.27546 2.27568 2.27592 2.27617 2.27643 
2.26988 2.27014 2.27041 2.27067 2.27093 2.27118 2.27143 2.27167 2.27191 2.27214 2.27238 2.27261 2.27285 2.27309 2.27335 2.27362 2.27392 2.27424 2.2746 2.275 2.27544 2.27593 2.27648 2.27709 2.27776 2.2785 2.27931 2.28019 2.28113 2.28214 2.28322 2.28435 2.28553 2.28675 2.288 2.28928 2.29056 2.29185 2.29311 2.29435 2.29554 2.29667 2.29772 2.2987 2.29957 2.30033 2.30098 2.30149 2.30187 2.30212 2.30222 2.30217 2.30198 2.30166 2.3012 2.30061 2.29989 2.29907 2.29815 2.29714 2.29605 2.2949 2.29371 2.29247 2.29122 2.28996 2.28871 2.28747 2.28626 2.28509 2.28397 2.2829 2.28189 2.28095 2.28007 2.27927 2.27853 2.27787 2.27728 2.27676 2.27631 2.27593 2.27561 2.27534 2.27514 2.27499 2.27489 2.27483 2.27482 2.27485 2.27492 2.27502 2.27515 2.27531 2.27549 2.2757 2.27592 2.27615 2.2764 2.27666 
2.27009 2.27035 2.27062 2.27088 2.27114 2.2714 2.27166 2.27191 2.27216 2.27241 2.27266 2.27291 2.27318 2.27346 2.27376 2.27408 2.27443 2.27482 2.27526 2.27574 2.27629 2.2769 2.27757 2.27833 2.27916 2.28008 2.28107 2.28216 2.28332 2.28457 2.28589 2.28728 2.28872 2.29022 2.29175 2.29331 2.29488 2.29644 2.29797 2.29947 2.30091 2.30228 2.30355 2.30472 2.30577 2.30669 2.30746 2.30808 2.30854 2.30882 2.30894 2.30888 2.30865 2.30825 2.30768 2.30697 2.3061 2.3051 2.30398 2.30276 2.30144 2.30004 2.29859 2.29709 2.29557 2.29403 2.29251 2.291 2.28952 2.28809 2.28671 2.2854 2.28416 2.283 2.28191 2.28092 2.28001 2.27919 2.27845 2.2778 2.27723 2.27674 2.27632 2.27598 2.2757 2.27549 2.27534 2.27524 2.27519 2.27519 2.27523 2.27531 2.27542 2.27556 2.27574 2.27593 2.27614 2.27638 2.27662 2.27687 
2.27029 2.27055 2.27082 2.27109 2.27135 2.27162 2.27188 2.27214 2.27241 2.27268 2.27295 2.27323 2.27353 2.27385 2.2742 2.27458 2.27501 2.27548 2.27601 2.27661 2.27728 2.27803 2.27887 2.2798 2.28083 2.28196 2.28319 2.28452 2.28596 2.28749 2.28911 2.2908 2.29257 2.2944 2.29626 2.29815 2.30005 2.30194 2.3038 2.30561 2.30734 2.30899 2.31052 2.31193 2.31319 2.31429 2.31521 2.31595 2.31649 2.31682 2.31696 2.31688 2.3166 2.31611 2.31543 2.31456 2.31351 2.31231 2.31096 2.30947 2.30788 2.30619 2.30443 2.30262 2.30077 2.29891 2.29705 2.29521 2.29342 2.29167 2.28999 2.28839 2.28687 2.28544 2.28411 2.28288 2.28176 2.28074 2.27983 2.27902 2.2783 2.27768 2.27715 2.27671 2.27634 2.27605 2.27583 2.27568 2.27558 2.27554 2.27555 2.2756 2.27569 2.27582 2.27598 2.27616 2.27636 2.27659 2.27683 2.27708 
2.27048 2.27075 2.27101 2.27128 2.27155 2.27183 2.2721 2.27238 2.27266 2.27295 2.27325 2.27357 2.27391 2.27428 2.27469 2.27515 2.27566 2.27624 2.27689 2.27762 2.27844 2.27937 2.2804 2.28154 2.28281 2.2842 2.28571 2.28734 2.2891 2.29097 2.29294 2.295 2.29715 2.29936 2.30162 2.30391 2.3062 2.30847 2.31071 2.31288 2.31496 2.31693 2.31876 2.32044 2.32194 2.32325 2.32435 2.32522 2.32586 2.32626 2.32641 2.32631 2.32596 2.32538 2.32455 2.32351 2.32225 2.32081 2.31918 2.3174 2.31548 2.31345 2.31134 2.30915 2.30692 2.30468 2.30243 2.30021 2.29804 2.29592 2.29388 2.29193 2.29008 2.28834 2.28671 2.28521 2.28383 2.28258 2.28145 2.28044 2.27955 2.27877 2.27811 2.27754 2.27707 2.27669 2.27639 2.27617 2.27601 2.27592 2.27589 2.27591 2.27597 2.27607 2.27621 2.27638 2.27658 2.27679 2.27702 2.27727 
2.27066 2.27093 2.27119 2.27147 2.27175 2.27203 2.27232 2.27261 2.27291 2.27323 2.27357 2.27393 2.27433 2.27476 2.27525 2.2758 2.27641 2.27711 2.2779 2.2788 2.27981 2.28094 2.2822 2.28361 2.28515 2.28685 2.28869 2.29068 2.29281 2.29508 2.29746 2.29996 2.30255 2.30521 2.30793 2.31067 2.31342 2.31614 2.31881 2.32139 2.32387 2.32622 2.32839 2.33039 2.33216 2.33371 2.33501 2.33603 2.33678 2.33725 2.33742 2.33729 2.33688 2.33617 2.33519 2.33395 2.33245 2.33072 2.32878 2.32666 2.32437 2.32195 2.31942 2.3168 2.31414 2.31144 2.30875 2.30608 2.30346 2.30091 2.29845 2.29609 2.29385 2.29174 2.28977 2.28794 2.28626 2.28473 2.28335 2.28211 2.28101 2.28004 2.27921 2.2785 2.2779 2.27741 2.27701 2.27671 2.27648 2.27633 2.27625 2.27623 2.27626 2.27634 2.27645 2.2766 2.27678 2.27699 2.27721 2.27745 
2.27084 2.2711 2.27137 2.27165 2.27193 2.27223 2.27253 2.27285 2.27318 2.27353 2.27391 2.27433 2.27479 2.2753 2.27588 2.27653 2.27728 2.27812 2.27909 2.28017 2.2814 2.28278 2.28432 2.28603 2.28791 2.28996 2.2922 2.2946 2.29717 2.2999 2.30277 2.30576 2.30886 2.31204 2.31528 2.31855 2.32182 2.32505 2.32821 2.33128 2.33421 2.33697 2.33954 2.34188 2.34398 2.34579 2.34731 2.34851 2.34939 2.34992 2.35012 2.34996 2.34946 2.34863 2.34746 2.34599 2.34422 2.34217 2.33988 2.33737 2.33466 2.33178 2.32878 2.32568 2.32251 2.3193 2.31609 2.31291 2.30978 2.30673 2.30378 2.30095 2.29826 2.29572 2.29335 2.29114 2.2891 2.28724 2.28556 2.28405 2.2827 2.28152 2.28049 2.2796 2.27885 2.27822 2.27771 2.27731 2.27701 2.27679 2.27664 2.27657 2.27656 2.27661 2.2767 2.27683 2.27699 2.27718 2.2774 2.27763 
2.271 2.27126 2.27154 2.27182 2.27212 2.27243 2.27275 2.27309 2.27346 2.27385 2.27428 2.27476 2.2753 2.27591 2.27659 2.27738 2.27828 2.2793 2.28046 2.28178 2.28327 2.28494 2.2868 2.28886 2.29113 2.2936 2.29628 2.29917 2.30225 2.3055 2.30893 2.31249 2.31618 2.31995 2.32379 2.32765 2.33151 2.33531 2.33903 2.34263 2.34607 2.34931 2.35231 2.35505 2.35749 2.35961 2.36137 2.36277 2.36378 2.3644 2.36462 2.36443 2.36384 2.36285 2.36149 2.35976 2.35768 2.35528 2.35259 2.34963 2.34645 2.34307 2.33953 2.33588 2.33214 2.32835 2.32456 2.32079 2.31708 2.31346 2.30995 2.30658 2.30337 2.30034 2.29749 2.29484 2.2924 2.29016 2.28813 2.2863 2.28466 2.28322 2.28196 2.28087 2.27994 2.27916 2.27851 2.27799 2.27759 2.27728 2.27707 2.27694 2.27688 2.27689 2.27695 2.27705 2.27719 2.27737 2.27757 2.2778 
2.27116 2.27142 2.2717 2.27199 2.2723 2.27263 2.27298 2.27335 2.27376 2.2742 2.27469 2.27525 2.27588 2.27659 2.27741 2.27835 2.27943 2.28066 2.28206 2.28364 2.28544 2.28744 2.28968 2.29215 2.29486 2.29782 2.30102 2.30445 2.30811 2.31198 2.31603 2.32024 2.32459 2.32903 2.33354 2.33807 2.34258 2.34703 2.35137 2.35557 2.35957 2.36333 2.36682 2.36999 2.37281 2.37526 2.3773 2.37891 2.38008 2.38078 2.38102 2.38079 2.3801 2.37895 2.37736 2.37534 2.37293 2.37013 2.367 2.36356 2.35984 2.3559 2.35177 2.3475 2.34312 2.33869 2.33424 2.32981 2.32544 2.32118 2.31704 2.31305 2.30925 2.30565 2.30227 2.29912 2.2962 2.29353 2.29109 2.28889 2.28693 2.28518 2.28365 2.28233 2.28119 2.28022 2.27942 2.27876 2.27824 2.27784 2.27754 2.27734 2.27723 2.27719 2.27721 2.27728 2.2774 2.27756 2.27775 2.27797 
2.27132 2.27158 2.27186 2.27216 2.27249 2.27284 2.27321 2.27362 2.27408 2.27458 2.27515 2.2758 2.27653 2.27738 2.27835 2.27947 2.28076 2.28223 2.2839 2.2858 2.28794 2.29034 2.293 2.29595 2.29917 2.30268 2.30647 2.31053 2.31484 2.31939 2.32415 2.32908 2.33417 2.33936 2.34461 2.34988 2.35512 2.36028 2.36531 2.37016 2.37478 2.37912 2.38313 2.38678 2.39003 2.39283 2.39517 2.39701 2.39834 2.39914 2.3994 2.39913 2.39833 2.397 2.39516 2.39283 2.39004 2.38682 2.3832 2.37922 2.37493 2.37037 2.36558 2.36063 2.35554 2.35039 2.34521 2.34004 2.33495 2.32995 2.3251 2.32043 2.31597 2.31173 2.30774 2.30401 2.30056 2.29739 2.29449 2.29187 2.28953 2.28744 2.2856 2.284 2.28261 2.28144 2.28045 2.27964 2.27898 2.27846 2.27807 2.27779 2.2776 2.27751 2.27748 2.27752 2.27761 2.27775 2.27792 2.27813 
2.27148 2.27174 2.27202 2.27234 2.27268 2.27305 2.27346 2.27392 2.27443 2.27501 2.27566 2.27641 2.27728 2.27828 2.27943 2.28076 2.28228 2.28403 2.28603 2.28828 2.29083 2.29367 2.29682 2.3003 2.30411 2.30824 2.31269 2.31744 2.32249 2.3278 2.33335 2.33909 2.345 2.35101 2.35709 2.36317 2.36921 2.37515 2.38093 2.38649 2.39177 2.39674 2.40132 2.40548 2.40918 2.41237 2.41503 2.41712 2.41862 2.41952 2.41982 2.4195 2.41857 2.41705 2.41494 2.41228 2.40909 2.4054 2.40125 2.39669 2.39177 2.38653 2.38103 2.37533 2.36947 2.36352 2.35754 2.35156 2.34565 2.33986 2.33422 2.32878 2.32357 2.31862 2.31395 2.30958 2.30553 2.30179 2.29837 2.29528 2.29249 2.29001 2.28782 2.2859 2.28424 2.28282 2.28162 2.28062 2.27981 2.27916 2.27865 2.27828 2.27801 2.27785 2.27777 2.27777 2.27783 2.27794 2.2781 2.2783 
2.27164 2.27189 2.27219 2.27252 2.27288 2.27328 2.27374 2.27424 2.27482 2.27548 2.27624 2.27711 2.27812 2.2793 2.28066 2.28223 2.28403 2.2861 2.28846 2.29112 2.29412 2.29747 2.30118 2.30526 2.30971 2.31454 2.31973 2.32526 2.33113 2.33728 2.3437 2.35033 2.35713 2.36404 2.37102 2.37799 2.3849 2.39167 2.39826 2.40458 2.41059 2.41622 2.42142 2.42613 2.43031 2.43391 2.4369 2.43926 2.44095 2.44196 2.44228 2.44191 2.44085 2.43912 2.43673 2.43371 2.43008 2.4259 2.42119 2.416 2.4104 2.40444 2.39817 2.39165 2.38496 2.37815 2.37128 2.36442 2.35763 2.35095 2.34445 2.33816 2.33213 2.32638 2.32096 2.31587 2.31114 2.30677 2.30277 2.29914 2.29586 2.29293 2.29034 2.28807 2.28609 2.28439 2.28295 2.28174 2.28075 2.27994 2.27931 2.27882 2.27847 2.27823 2.27809 2.27804 2.27806 2.27814 2.27828 2.27846 
2.2718 2.27206 2.27236 2.2727 2.27309 2.27353 2.27403 2.2746 2.27526 2.27601 2.27689 2.2779 2.27909 2.28046 2.28206 2.2839 2.28603 2.28846 2.29122 2.29435 2.29786 2.30177 2.3061 2.31085 2.31603 2.32163 2.32764 2.33403 2.34079 2.34787 2.35524 2.36284 2.37061 2.3785 2.38644 2.39437 2.4022 2.40988 2.41733 2.42447 2.43124 2.43758 2.44342 2.44871 2.4534 2.45744 2.46078 2.46341 2.4653 2.46642 2.46677 2.46635 2.46515 2.4632 2.46051 2.45711 2.45303 2.44832 2.44301 2.43717 2.43084 2.4241 2.417 2.40962 2.40203 2.39429 2.38648 2.37866 2.37091 2.36327 2.35582 2.34861 2.34167 2.33506 2.3288 2.32292 2.31744 2.31237 2.30772 2.30348 2.29966 2.29623 2.29319 2.29052 2.28818 2.28617 2.28445 2.283 2.2818 2.28082 2.28004 2.27943 2.27897 2.27865 2.27844 2.27833 2.27831 2.27836 2.27847 2.27864 
2.27197 2.27223 2.27254 2.2729 2.27332 2.2738 2.27436 2.275 2.27574 2.27661 2.27762 2.2788 2.28017 2.28178 2.28364 2.2858 2.28828 2.29112 2.29435 2.29799 2.30208 2.30662 2.31163 2.31713 2.3231 2.32955 2.33646 2.34379 2.35152 2.35961 2.368 2.37664 2.38546 2.3944 2.40338 2.41232 2.42114 2.42977 2.43813 2.44613 2.45371 2.46079 2.46731 2.4732 2.47841 2.4829 2.48662 2.48953 2.49162 2.49286 2.49324 2.49276 2.49142 2.48924 2.48624 2.48244 2.47789 2.47262 2.46669 2.46015 2.45307 2.44551 2.43754 2.42925 2.4207 2.41197 2.40315 2.3943 2.38551 2.37685 2.36837 2.36015 2.35224 2.34467 2.3375 2.33076 2.32445 2.31862 2.31325 2.30835 2.30391 2.29993 2.29639 2.29326 2.29053 2.28816 2.28614 2.28442 2.28299 2.28181 2.28086 2.2801 2.27953 2.27911 2.27882 2.27865 2.27857 2.27859 2.27867 2.27882 
2.27215 2.27241 2.27273 2.27312 2.27357 2.2741 2.27472 2.27544 2.27629 2.27728 2.27844 2.27981 2.2814 2.28327 2.28544 2.28794 2.29083 2.29412 2.29786 2.30208 2.30679 2.31203 2.3178 2.32411 2.33096 2.33833 2.34621 2.35456 2.36334 2.37251 2.382 2.39175 2.40169 2.41174 2.42181 2.43182 2.44168 2.45131 2.46062 2.46952 2.47793 2.48578 2.493 2.49952 2.50527 2.51022 2.51432 2.51753 2.51982 2.52118 2.52159 2.52105 2.51957 2.51715 2.51383 2.50963 2.50458 2.49875 2.49217 2.48491 2.47704 2.46862 2.45975 2.45049 2.44093 2.43117 2.42127 2.41134 2.40145 2.39169 2.38212 2.37282 2.36385 2.35526 2.3471 2.33941 2.33222 2.32554 2.31938 2.31375 2.30865 2.30406 2.29996 2.29633 2.29316 2.2904 2.28802 2.28601 2.28431 2.28291 2.28177 2.28086 2.28015 2.27962 2.27924 2.27899 2.27886 2.27883 2.27888 2.27901 
2.27235 2.27261 2.27294 2.27335 2.27385 2.27443 2.27512 2.27593 2.2769 2.27803 2.27937 2.28094 2.28278 2.28494 2.28744 2.29034 2.29367 2.29747 2.30177 2.30662 2.31203 2.31802 2.32462 2.33182 2.33961 2.34798 2.3569 2.36634 2.37625 2.38657 2.39723 2.40816 2.41928 2.43049 2.44171 2.45284 2.46378 2.47444 2.48473 2.49456 2.50383 2.51247 2.52039 2.52755 2.53386 2.53928 2.54376 2.54726 2.54977 2.55124 2.55168 2.55109 2.54945 2.5468 2.54315 2.53854 2.533 2.52658 2.51934 2.51134 2.50266 2.49337 2.48355 2.4733 2.4627 2.45184 2.44083 2.42976 2.41871 2.40778 2.39705 2.3866 2.37651 2.36682 2.35761 2.3489 2.34074 2.33315 2.32614 2.31971 2.31388 2.30862 2.30391 2.29974 2.29607 2.29288 2.29012 2.28777 2.28579 2.28414 2.28278 2.28169 2.28083 2.28018 2.2797 2.27937 2.27918 2.2791 2.27912 2.27922 
2.27256 2.27282 2.27317 2.27361 2.27415 2.27479 2.27556 2.27648 2.27757 2.27887 2.2804 2.2822 2.28432 2.2868 2.28968 2.293 2.29682 2.30118 2.3061 2.31163 2.3178 2.32462 2.3321 2.34025 2.34906 2.3585 2.36854 2.37914 2.39024 2.40178 2.41367 2.42583 2.43817 2.4506 2.463 2.47529 2.48734 2.49907 2.51036 2.52113 2.53127 2.5407 2.54935 2.55714 2.56401 2.5699 2.57477 2.57857 2.58128 2.58288 2.58335 2.58269 2.58091 2.57802 2.57405 2.56902 2.56298 2.55598 2.54807 2.53933 2.52983 2.51964 2.50886 2.49759 2.48591 2.47393 2.46176 2.4495 2.43724 2.42509 2.41315 2.40149 2.3902 2.37936 2.36901 2.35922 2.35002 2.34145 2.33352 2.32624 2.31961 2.31363 2.30826 2.30349 2.29928 2.29561 2.29244 2.28972 2.28742 2.28549 2.28391 2.28262 2.28159 2.2808 2.28021 2.27979 2.27952 2.27939 2.27937 2.27945 
2.27279 2.27305 2.27342 2.27389 2.27448 2.27519 2.27606 2.27709 2.27833 2.2798 2.28154 2.28361 2.28603 2.28886 2.29215 2.29595 2.3003 2.30526 2.31085 2.31713 2.32411 2.33182 2.34025 2.34942 2.35931 2.36989 2.38111 2.39293 2.40528 2.41808 2.43125 2.4447 2.45831 2.47198 2.48561 2.49907 2.51226 2.52506 2.53737 2.54908 2.5601 2.57033 2.5797 2.58812 2.59554 2.6019 2.60715 2.61124 2.61416 2.61588 2.61638 2.61566 2.61374 2.61062 2.60632 2.60089 2.59435 2.58677 2.5782 2.56871 2.55838 2.54729 2.53555 2.52323 2.51046 2.49734 2.48398 2.47049 2.45698 2.44357 2.43036 2.41744 2.4049 2.39283 2.3813 2.37036 2.36007 2.35045 2.34154 2.33334 2.32586 2.31909 2.31301 2.30759 2.30281 2.29862 2.29499 2.29187 2.28922 2.28699 2.28514 2.28364 2.28243 2.28148 2.28077 2.28025 2.2799 2.2797 2.27964 2.27969 
2.27304 2.27331 2.27369 2.2742 2.27484 2.27563 2.2766 2.27776 2.27916 2.28083 2.28281 2.28515 2.28791 2.29113 2.29486 2.29917 2.30411 2.30971 2.31603 2.3231 2.33096 2.33961 2.34906 2.35931 2.37034 2.3821 2.39457 2.40766 2.42131 2.43543 2.44992 2.46468 2.4796 2.49455 2.50941 2.52407 2.53839 2.55228 2.5656 2.57825 2.59013 2.60115 2.61123 2.62027 2.62823 2.63505 2.64066 2.64504 2.64816 2.64999 2.65052 2.64976 2.64769 2.64434 2.63974 2.63391 2.62689 2.61874 2.60952 2.59929 2.58815 2.57617 2.56345 2.5501 2.53622 2.52194 2.50737 2.49264 2.47786 2.46315 2.44862 2.43439 2.42056 2.40722 2.39444 2.3823 2.37085 2.36013 2.35018 2.341 2.33262 2.32501 2.31816 2.31205 2.30664 2.30189 2.29776 2.29421 2.29118 2.28862 2.2865 2.28475 2.28334 2.28223 2.28138 2.28075 2.28031 2.28005 2.27994 2.27996 
2.27331 2.27358 2.27399 2.27454 2.27524 2.27612 2.2772 2.2785 2.28008 2.28196 2.2842 2.28685 2.28996 2.2936 2.29782 2.30268 2.30824 2.31454 2.32163 2.32955 2.33833 2.34798 2.3585 2.36989 2.3821 2.39512 2.40886 2.42328 2.43827 2.45374 2.46959 2.48569 2.50192 2.51815 2.53426 2.55011 2.56557 2.58052 2.59485 2.60842 2.62115 2.63294 2.6437 2.65335 2.66183 2.66908 2.67505 2.67971 2.68302 2.68496 2.68552 2.6847 2.68251 2.67895 2.67405 2.66784 2.66036 2.65166 2.64181 2.63087 2.61892 2.60606 2.59239 2.57801 2.56304 2.5476 2.53182 2.51582 2.49975 2.48372 2.46786 2.45229 2.43712 2.42245 2.40838 2.39499 2.38233 2.37046 2.35941 2.34921 2.33986 2.33137 2.32371 2.31685 2.31077 2.30543 2.30077 2.29675 2.29331 2.2904 2.28797 2.28597 2.28434 2.28304 2.28204 2.28129 2.28076 2.28043 2.28026 2.28025 
2.27361 2.27388 2.27431 2.27491 2.27568 2.27665 2.27785 2.27931 2.28107 2.28319 2.28571 2.28869 2.2922 2.29628 2.30102 2.30647 2.31269 2.31973 2.32764 2.33646 2.34621 2.3569 2.36854 2.38111 2.39457 2.40886 2.42394 2.4397 2.45606 2.47291 2.49013 2.50758 2.52513 2.54265 2.56 2.57703 2.59361 2.60961 2.6249 2.63938 2.65293 2.66545 2.67687 2.68709 2.69607 2.70373 2.71004 2.71495 2.71844 2.72049 2.72109 2.72022 2.7179 2.71415 2.70897 2.7024 2.69448 2.68527 2.67481 2.66319 2.65047 2.63676 2.62216 2.60677 2.59072 2.57414 2.55715 2.5399 2.52253 2.50516 2.48795 2.47102 2.45448 2.43847 2.42307 2.40838 2.39447 2.3814 2.36921 2.35794 2.34758 2.33815 2.32963 2.322 2.31521 2.30923 2.30401 2.29948 2.29561 2.29232 2.28956 2.28728 2.28542 2.28393 2.28276 2.28188 2.28125 2.28083 2.28061 2.28057 
2.27393 2.27421 2.27466 2.27531 2.27615 2.27723 2.27856 2.28019 2.28216 2.28452 2.28734 2.29068 2.2946 2.29917 2.30445 2.31053 2.31744 2.32526 2.33403 2.34379 2.35456 2.36634 2.37914 2.39293 2.40766 2.42328 2.4397 2.45684 2.47459 2.49283 2.51142 2.53022 2.54909 2.56788 2.58644 2.60463 2.6223 2.63931 2.65554 2.67088 2.6852 2.69843 2.71046 2.72122 2.73066 2.73871 2.74533 2.75048 2.75414 2.75629 2.75691 2.75601 2.75358 2.74964 2.74421 2.73732 2.72899 2.71929 2.70827 2.696 2.68256 2.66804 2.65254 2.63618 2.61909 2.60138 2.58321 2.56472 2.54605 2.52736 2.50879 2.49048 2.47257 2.45518 2.43843 2.42241 2.40721 2.39291 2.37954 2.36715 2.35575 2.34534 2.33593 2.32747 2.31994 2.31328 2.30746 2.30241 2.29807 2.29438 2.29127 2.28869 2.28658 2.28488 2.28354 2.28252 2.28177 2.28127 2.28099 2.28091 
2.27428 2.27456 2.27505 2.27574 2.27667 2.27785 2.27932 2.28113 2.28332 2.28596 2.2891 2.29281 2.29717 2.30225 2.30811 2.31484 2.32249 2.33113 2.34079 2.35152 2.36334 2.37625 2.39024 2.40528 2.42131 2.43827 2.45606 2.47459 2.49373 2.51335 2.53331 2.55345 2.57361 2.59365 2.61339 2.6327 2.65141 2.66939 2.68652 2.70266 2.71772 2.73159 2.74419 2.75546 2.76531 2.77372 2.78062 2.78599 2.78981 2.79205 2.7927 2.79176 2.78924 2.78514 2.77948 2.77229 2.7636 2.75346 2.74192 2.72905 2.71493 2.69964 2.6833 2.66601 2.64791 2.62912 2.6098 2.59009 2.57015 2.55015 2.53023 2.51055 2.49125 2.47248 2.45436 2.43699 2.42049 2.40491 2.39034 2.37679 2.36431 2.3529 2.34255 2.33324 2.32493 2.31757 2.31112 2.30552 2.30069 2.29657 2.29309 2.2902 2.28782 2.28589 2.28437 2.2832 2.28234 2.28175 2.2814 2.28128 
2.27465 2.27494 2.27545 2.27621 2.27722 2.27852 2.28014 2.28214 2.28457 2.28749 2.29097 2.29508 2.2999 2.3055 2.31198 2.31939 2.3278 2.33728 2.34787 2.35961 2.37251 2.38657 2.40178 2.41808 2.43543 2.45374 2.47291 2.49283 2.51335 2.53435 2.55565 2.57709 2.59852 2.61976 2.64064 2.66102 2.68072 2.69962 2.71758 2.73448 2.75021 2.76467 2.7778 2.78951 2.79975 2.80846 2.81562 2.82119 2.82514 2.82746 2.82814 2.82718 2.82458 2.82034 2.81449 2.80704 2.79802 2.78749 2.77548 2.76206 2.74732 2.73132 2.71419 2.69603 2.67697 2.65715 2.63672 2.61584 2.59466 2.57337 2.55212 2.53108 2.51041 2.49026 2.47076 2.45204 2.43421 2.41735 2.40154 2.38683 2.37324 2.36079 2.34948 2.33928 2.33016 2.32208 2.31498 2.30879 2.30345 2.29888 2.29502 2.29179 2.28913 2.28697 2.28525 2.28393 2.28294 2.28225 2.28184 2.28167 
2.27504 2.27534 2.27589 2.2767 2.27781 2.27923 2.28102 2.28322 2.28589 2.28911 2.29294 2.29746 2.30277 2.30893 2.31603 2.32415 2.33335 2.3437 2.35524 2.368 2.382 2.39723 2.41367 2.43125 2.44992 2.46959 2.49013 2.51142 2.53331 2.55565 2.57826 2.60098 2.62362 2.64601 2.66798 2.68936 2.71 2.72975 2.74848 2.76606 2.7824 2.79741 2.811 2.8231 2.83367 2.84266 2.85004 2.85577 2.85985 2.86224 2.86295 2.86197 2.85931 2.85496 2.84894 2.84127 2.83197 2.82109 2.80867 2.79477 2.77946 2.76283 2.74497 2.726 2.70605 2.68525 2.66377 2.64176 2.6194 2.59685 2.57431 2.55194 2.52991 2.50839 2.48753 2.46745 2.44829 2.43014 2.41308 2.39718 2.38246 2.36896 2.35666 2.34556 2.33561 2.32678 2.319 2.31221 2.30634 2.30131 2.29705 2.29347 2.29052 2.28811 2.28619 2.28469 2.28357 2.28279 2.2823 2.28209 
2.27546 2.27577 2.27635 2.27723 2.27843 2.27998 2.28193 2.28435 2.28728 2.2908 2.295 2.29996 2.30576 2.31249 2.32024 2.32908 2.33909 2.35033 2.36284 2.37664 2.39175 2.40816 2.42583 2.4447 2.46468 2.48569 2.50758 2.53022 2.55345 2.57709 2.60098 2.62492 2.64872 2.6722 2.69519 2.71752 2.73902 2.75955 2.77897 2.79718 2.81406 2.82953 2.84352 2.85597 2.86682 2.87605 2.88361 2.88948 2.89366 2.89612 2.89685 2.89587 2.89315 2.88871 2.88256 2.87471 2.86519 2.85402 2.84125 2.82693 2.81112 2.79391 2.7754 2.75569 2.73491 2.71321 2.69074 2.66766 2.64416 2.62042 2.59663 2.57296 2.54961 2.52674 2.50453 2.48311 2.46263 2.44319 2.42488 2.40778 2.39193 2.37735 2.36406 2.35203 2.34124 2.33164 2.32317 2.31576 2.30934 2.30384 2.29916 2.29523 2.29197 2.2893 2.28717 2.2855 2.28424 2.28335 2.28279 2.28253 
2.2759 2.27621 2.27684 2.27778 2.27908 2.28077 2.2829 2.28553 2.28872 2.29257 2.29715 2.30255 2.30886 2.31618 2.32459 2.33417 2.345 2.35713 2.37061 2.38546 2.40169 2.41928 2.43817 2.45831 2.4796 2.50192 2.52513 2.54909 2.57361 2.59852 2.62362 2.64872 2.67362 2.69813 2.72207 2.74526 2.76754 2.78878 2.80882 2.82757 2.84493 2.8608 2.87514 2.88787 2.89895 2.90837 2.91608 2.92207 2.92632 2.92883 2.9296 2.92861 2.92586 2.92136 2.91511 2.90713 2.89742 2.88602 2.87295 2.85828 2.84205 2.82434 2.80524 2.78487 2.76335 2.74081 2.71742 2.69335 2.66878 2.6439 2.6189 2.59399 2.56935 2.54518 2.52164 2.49891 2.47712 2.4564 2.43685 2.41856 2.40157 2.38592 2.37162 2.35866 2.34701 2.33663 2.32746 2.31942 2.31244 2.30644 2.30134 2.29704 2.29347 2.29054 2.28818 2.28634 2.28494 2.28394 2.2833 2.28299 
2.27636 2.27668 2.27734 2.27836 2.27976 2.28159 2.28389 2.28675 2.29022 2.2944 2.29936 2.30521 2.31204 2.31995 2.32903 2.33936 2.35101 2.36404 2.3785 2.3944 2.41174 2.43049 2.4506 2.47198 2.49455 2.51815 2.54265 2.56788 2.59365 2.61976 2.64601 2.6722 2.69813 2.72359 2.7484 2.77238 2.79537 2.81723 2.83782 2.85704 2.87479 2.891 2.90561 2.91857 2.92984 2.9394 2.94722 2.9533 2.95762 2.96017 2.96096 2.95998 2.95722 2.95268 2.94637 2.93828 2.92844 2.91686 2.90357 2.8886 2.87202 2.85388 2.83429 2.81333 2.79114 2.76784 2.74361 2.71862 2.69305 2.66709 2.64096 2.61486 2.58899 2.56355 2.53874 2.51472 2.49165 2.46967 2.4489 2.42942 2.4113 2.39458 2.37928 2.36539 2.35288 2.34171 2.33183 2.32315 2.31561 2.30912 2.30358 2.2989 2.29501 2.29181 2.28923 2.2872 2.28566 2.28455 2.28383 2.28347 
2.27683 2.27716 2.27786 2.27895 2.28046 2.28243 2.28492 2.288 2.29175 2.29626 2.30162 2.30793 2.31528 2.32379 2.33354 2.34461 2.35709 2.37102 2.38644 2.40338 2.42181 2.44171 2.463 2.48561 2.50941 2.53426 2.56 2.58644 2.61339 2.64064 2.66798 2.69519 2.72207 2.7484 2.774 2.79869 2.8223 2.8447 2.86576 2.88537 2.90345 2.91993 2.93475 2.94788 2.95929 2.96895 2.97685 2.98299 2.98735 2.98994 2.99076 2.98978 2.98702 2.98247 2.97613 2.96799 2.95806 2.94636 2.93289 2.9177 2.90084 2.88235 2.86233 2.84087 2.81808 2.79412 2.76913 2.74329 2.7168 2.68984 2.66264 2.63541 2.60837 2.58172 2.55567 2.53041 2.5061 2.4829 2.46093 2.44029 2.42105 2.40328 2.38698 2.37216 2.35879 2.34684 2.33625 2.32694 2.31883 2.31183 2.30585 2.3008 2.29658 2.29311 2.29031 2.28809 2.2864 2.28517 2.28438 2.28397 
2.27731 2.27766 2.2784 2.27956 2.28117 2.28329 2.28597 2.28928 2.29331 2.29815 2.30391 2.31067 2.31855 2.32765 2.33807 2.34988 2.36317 2.37799 2.39437 2.41232 2.43182 2.45284 2.47529 2.49907 2.52407 2.55011 2.57703 2.60463 2.6327 2.66102 2.68936 2.71752 2.74526 2.77238 2.79869 2.824 2.84815 2.87101 2.89246 2.91239 2.93073 2.94742 2.9624 2.97564 2.98714 2.99686 3.00481 3.01098 3.01538 3.01799 3.01882 3.01787 3.01513 3.01058 3.00424 2.99608 2.98611 2.97433 2.96075 2.94541 2.92832 2.90956 2.88919 2.8673 2.84401 2.81946 2.79379 2.76719 2.73985 2.71197 2.68378 2.65549 2.62734 2.59955 2.57232 2.54587 2.52036 2.49597 2.47283 2.45106 2.43074 2.41193 2.39465 2.37892 2.36471 2.35198 2.34068 2.33074 2.32206 2.31456 2.30815 2.30272 2.29817 2.29443 2.29139 2.28899 2.28715 2.28581 2.28493 2.28448 
2.2778 2.27816 2.27894 2.28017 2.28189 2.28416 2.28702 2.29056 2.29488 2.30005 2.3062 2.31342 2.32182 2.33151 2.34258 2.35512 2.36921 2.3849 2.4022 2.42114 2.44168 2.46378 2.48734 2.51226 2.53839 2.56557 2.59361 2.6223 2.65141 2.68072 2.71 2.73902 2.76754 2.79537 2.8223 2.84815 2.87277 2.89602 2.91778 2.93796 2.95649 2.97332 2.9884 3.00172 3.01325 3.02301 3.03097 3.03716 3.04156 3.04419 3.04505 3.04412 3.0414 3.03689 3.03056 3.02242 3.01245 3.00064 2.98701 2.97156 2.95433 2.93536 2.91471 2.89247 2.86875 2.84369 2.81743 2.79014 2.76204 2.73332 2.70421 2.67495 2.64576 2.61689 2.58855 2.56096 2.53431 2.50878 2.48453 2.46166 2.44029 2.42047 2.40224 2.38561 2.37057 2.35708 2.34509 2.33452 2.32528 2.31729 2.31044 2.30463 2.29977 2.29575 2.29249 2.2899 2.28791 2.28646 2.2855 2.28499 
2.2783 2.27866 2.27948 2.28079 2.28262 2.28502 2.28807 2.29185 2.29644 2.30194 2.30847 2.31614 2.32505 2.33531 2.34703 2.36028 2.37515 2.39167 2.40988 2.42977 2.45131 2.47444 2.49907 2.52506 2.55228 2.58052 2.60961 2.63931 2.66939 2.69962 2.72975 2.75955 2.78878 2.81723 2.8447 2.87101 2.89602 2.91958 2.94159 2.96195 2.98062 2.99753 3.01266 3.026 3.03755 3.04729 3.05525 3.06142 3.06583 3.06847 3.06934 3.06844 3.06576 3.06129 3.05502 3.04692 3.03698 3.02519 3.01155 2.99605 2.97873 2.95961 2.93875 2.91624 2.89217 2.86667 2.83989 2.81201 2.78323 2.75375 2.72381 2.69364 2.66349 2.63361 2.60423 2.57556 2.54784 2.52123 2.4959 2.47199 2.4496 2.42881 2.40966 2.39217 2.37633 2.3621 2.34943 2.33825 2.32846 2.31998 2.31271 2.30653 2.30135 2.29706 2.29357 2.2908 2.28866 2.2871 2.28606 2.28551 
2.27878 2.27916 2.28002 2.2814 2.28334 2.28588 2.28912 2.29311 2.29797 2.3038 2.31071 2.31881 2.32821 2.33903 2.35137 2.36531 2.38093 2.39826 2.41733 2.43813 2.46062 2.48473 2.51036 2.53737 2.5656 2.59485 2.6249 2.65554 2.68652 2.71758 2.74848 2.77897 2.80882 2.83782 2.86576 2.89246 2.91778 2.94159 2.96377 2.98427 3.00301 3.01996 3.0351 3.04843 3.05994 3.06965 3.07758 3.08373 3.08812 3.09076 3.09164 3.09078 3.08815 3.08374 3.07753 3.0695 3.05963 3.04789 3.03428 3.01878 3.00142 2.98221 2.96121 2.93848 2.91413 2.88827 2.86106 2.83266 2.80327 2.77311 2.74242 2.71143 2.6804 2.64958 2.61923 2.58957 2.56083 2.5332 2.50686 2.48196 2.45861 2.43689 2.41686 2.39854 2.38192 2.36698 2.35366 2.34188 2.33157 2.32262 2.31493 2.3084 2.3029 2.29835 2.29464 2.29169 2.28941 2.28774 2.28662 2.28602 
2.27926 2.27965 2.28055 2.282 2.28404 2.28673 2.29013 2.29435 2.29947 2.30561 2.31288 2.32139 2.33128 2.34263 2.35557 2.37016 2.38649 2.40458 2.42447 2.44613 2.46952 2.49456 2.52113 2.54908 2.57825 2.60842 2.63938 2.67088 2.70266 2.73448 2.76606 2.79718 2.82757 2.85704 2.88537 2.91239 2.93796 2.96195 2.98427 3.00483 3.02361 3.04055 3.05567 3.06895 3.08041 3.09006 3.09794 3.10405 3.10841 3.11104 3.11195 3.11112 3.10854 3.1042 3.09808 3.09014 3.08036 3.0687 3.05515 3.03969 3.02233 3.00309 2.98199 2.95912 2.93455 2.9084 2.88081 2.85197 2.82205 2.79129 2.75992 2.72819 2.69636 2.6647 2.63345 2.60286 2.57318 2.5446 2.51731 2.49148 2.46722 2.44463 2.42376 2.40465 2.3873 2.37168 2.35773 2.34539 2.33457 2.32517 2.31709 2.3102 2.30441 2.29961 2.29569 2.29256 2.29014 2.28836 2.28716 2.28652 
2.27973 2.28012 2.28107 2.28258 2.28472 2.28754 2.29111 2.29554 2.30091 2.30734 2.31496 2.32387 2.33421 2.34607 2.35957 2.37478 2.39177 2.41059 2.43124 2.45371 2.47793 2.50383 2.53127 2.5601 2.59013 2.62115 2.65293 2.6852 2.71772 2.75021 2.7824 2.81406 2.84493 2.87479 2.90345 2.93073 2.95649 2.98062 3.00301 3.02361 3.04237 3.05928 3.07434 3.08754 3.09893 3.10851 3.11632 3.12238 3.12671 3.12933 3.13025 3.12945 3.12694 3.12268 3.11665 3.10881 3.09914 3.08758 3.07413 3.05874 3.04142 3.02218 3.00104 2.97806 2.95333 2.92695 2.89906 2.86984 2.83947 2.80819 2.77622 2.74383 2.71128 2.67883 2.64677 2.61534 2.58479 2.55533 2.52717 2.50047 2.47536 2.45195 2.4303 2.41046 2.39242 2.37615 2.36162 2.34874 2.33744 2.32761 2.31915 2.31193 2.30586 2.30081 2.29669 2.29339 2.29084 2.28896 2.28769 2.287 
2.28017 2.28058 2.28156 2.28314 2.28537 2.28831 2.29205 2.29667 2.30228 2.30899 2.31693 2.32622 2.33697 2.34931 2.36333 2.37912 2.39674 2.41622 2.43758 2.46079 2.48578 2.51247 2.5407 2.57033 2.60115 2.63294 2.66545 2.69843 2.73159 2.76467 2.79741 2.82953 2.8608 2.891 2.91993 2.94742 2.97332 2.99753 3.01996 3.04055 3.05928 3.07613 3.0911 3.10422 3.11551 3.12501 3.13274 3.13874 3.14304 3.14565 3.14658 3.14582 3.14336 3.13919 3.13326 3.12554 3.11598 3.10455 3.0912 3.07591 3.05866 3.03945 3.0183 2.99527 2.97042 2.94386 2.91573 2.88619 2.85544 2.8237 2.79121 2.75823 2.72503 2.6919 2.6591 2.62691 2.59556 2.56531 2.53634 2.50884 2.48296 2.4588 2.43643 2.4159 2.39721 2.38035 2.36527 2.3519 2.34015 2.32991 2.3211 2.31357 2.30723 2.30195 2.29764 2.29419 2.29151 2.28953 2.2882 2.28747 
2.28059 2.28101 2.28202 2.28366 2.28598 2.28904 2.29292 2.29772 2.30355 2.31052 2.31876 2.32839 2.33954 2.35231 2.36682 2.38313 2.40132 2.42142 2.44342 2.46731 2.493 2.52039 2.54935 2.5797 2.61123 2.6437 2.67687 2.71046 2.74419 2.7778 2.811 2.84352 2.87514 2.90561 2.93475 2.9624 2.9884 3.01266 3.0351 3.05567 3.07434 3.0911 3.10598 3.119 3.13019 3.13959 3.14725 3.15319 3.15745 3.16004 3.16097 3.16025 3.15786 3.15377 3.14794 3.14033 3.1309 3.1196 3.10637 3.09119 3.07403 3.05487 3.03375 3.01069 2.98576 2.95907 2.93074 2.90095 2.86987 2.83774 2.8048 2.77131 2.73755 2.7038 2.67035 2.63747 2.60542 2.57444 2.54475 2.51654 2.48995 2.4651 2.44207 2.42091 2.40164 2.38423 2.36865 2.35482 2.34265 2.33205 2.32291 2.3151 2.30851 2.30302 2.29853 2.29493 2.29214 2.29007 2.28867 2.2879 
2.28098 2.2814 2.28245 2.28415 2.28655 2.28971 2.29373 2.2987 2.30472 2.31193 2.32044 2.33039 2.34188 2.35505 2.36999 2.38678 2.40548 2.42613 2.44871 2.4732 2.49952 2.52755 2.55714 2.58812 2.62027 2.65335 2.68709 2.72122 2.75546 2.78951 2.8231 2.85597 2.88787 2.91857 2.94788 2.97564 3.00172 3.026 3.04843 3.06895 3.08754 3.10422 3.119 3.13191 3.143 3.15231 3.15988 3.16576 3.16998 3.17255 3.1735 3.17281 3.17048 3.16647 3.16074 3.15325 3.14394 3.13277 3.11967 3.1046 3.08753 3.06845 3.04737 3.02431 2.99933 2.97255 2.94407 2.91406 2.88272 2.85026 2.81693 2.783 2.74875 2.71447 2.68044 2.64696 2.61429 2.58267 2.55234 2.52348 2.49626 2.47079 2.44718 2.42546 2.40566 2.38776 2.37172 2.35748 2.34494 2.334 2.32456 2.31649 2.30967 2.304 2.29934 2.29561 2.29271 2.29057 2.28911 2.2883 
2.28133 2.28176 2.28284 2.28458 2.28705 2.29031 2.29445 2.29957 2.30577 2.31319 2.32194 2.33216 2.34398 2.35749 2.37281 2.39003 2.40918 2.43031 2.4534 2.47841 2.50527 2.53386 2.56401 2.59554 2.62823 2.66183 2.69607 2.73066 2.76531 2.79975 2.83367 2.86682 2.89895 2.92984 2.95929 2.98714 3.01325 3.03755 3.05994 3.08041 3.09893 3.11551 3.13019 3.143 3.15399 3.16321 3.17071 3.17652 3.1807 3.18326 3.18421 3.18356 3.18128 3.17734 3.17171 3.16433 3.15514 3.14409 3.13111 3.11616 3.09919 3.08019 3.05915 3.03611 3.01111 2.98425 2.95566 2.92548 2.89392 2.86118 2.82753 2.79323 2.75856 2.72382 2.6893 2.6553 2.62209 2.58992 2.55902 2.52961 2.50183 2.47583 2.4517 2.42949 2.40923 2.3909 2.37446 2.35985 2.34697 2.33574 2.32604 2.31774 2.31072 2.30487 2.30008 2.29623 2.29323 2.29101 2.28951 2.28867 
2.28164 2.28208 2.28318 2.28497 2.2875 2.29084 2.29509 2.30033 2.30669 2.31429 2.32325 2.33371 2.34579 2.35961 2.37526 2.39283 2.41237 2.43391 2.45744 2.4829 2.51022 2.53928 2.5699 2.6019 2.63505 2.66908 2.70373 2.73871 2.77372 2.80846 2.84266 2.87605 2.90837 2.9394 2.96895 2.99686 3.02301 3.04729 3.06965 3.09006 3.10851 3.12501 3.13959 3.15231 3.16321 3.17235 3.17977 3.18554 3.18968 3.19222 3.19318 3.19256 3.19032 3.18646 3.18091 3.17362 3.16454 3.1536 3.14074 3.12589 3.10901 3.09009 3.0691 3.04608 3.02108 2.99417 2.96549 2.93518 2.90344 2.87048 2.83656 2.80195 2.76693 2.73181 2.69688 2.66244 2.62877 2.59613 2.56476 2.53487 2.50663 2.48017 2.4556 2.43297 2.41231 2.3936 2.37682 2.3619 2.34874 2.33725 2.32732 2.31882 2.31163 2.30564 2.30072 2.29676 2.29369 2.29141 2.28986 2.28899 
2.2819 2.28235 2.28347 2.28529 2.28788 2.29129 2.29562 2.30098 2.30746 2.31521 2.32435 2.33501 2.34731 2.36137 2.3773 2.39517 2.41503 2.4369 2.46078 2.48662 2.51432 2.54376 2.57477 2.60715 2.64066 2.67505 2.71004 2.74533 2.78062 2.81562 2.85004 2.88361 2.91608 2.94722 2.97685 3.00481 3.03097 3.05525 3.07758 3.09794 3.11632 3.13274 3.14725 3.15988 3.17071 3.17977 3.18714 3.19286 3.19697 3.1995 3.20047 3.19986 3.19767 3.19386 3.18839 3.18119 3.1722 3.16135 3.14858 3.13382 3.11703 3.09817 3.07723 3.05424 3.02923 3.00229 2.97354 2.94312 2.91124 2.87811 2.84397 2.80911 2.77382 2.73838 2.70312 2.66832 2.63428 2.60126 2.5695 2.53923 2.5106 2.48377 2.45883 2.43586 2.41487 2.39586 2.37879 2.36361 2.35022 2.33852 2.3284 2.31973 2.3124 2.30628 2.30126 2.29722 2.29407 2.29174 2.29015 2.28926 
2.28211 2.28257 2.2837 2.28556 2.28819 2.29166 2.29606 2.30149 2.30808 2.31595 2.32522 2.33603 2.34851 2.36277 2.37891 2.39701 2.41712 2.43926 2.46341 2.48953 2.51753 2.54726 2.57857 2.61124 2.64504 2.67971 2.71495 2.75048 2.78599 2.82119 2.85577 2.88948 2.92207 2.9533 2.98299 3.01098 3.03716 3.06142 3.08373 3.10405 3.12238 3.13874 3.15319 3.16576 3.17652 3.18554 3.19286 3.19854 3.20263 3.20516 3.20612 3.20554 3.20338 3.19962 3.19419 3.18706 3.17814 3.16737 3.15467 3.13998 3.12325 3.10445 3.08355 3.06057 3.03556 3.0086 2.97979 2.9493 2.91731 2.88404 2.84974 2.81469 2.77917 2.7435 2.70798 2.67291 2.63858 2.60526 2.57321 2.54263 2.51371 2.48659 2.46137 2.43813 2.41688 2.39764 2.38035 2.36496 2.35139 2.33952 2.32925 2.32046 2.31301 2.3068 2.30169 2.29758 2.29438 2.29201 2.29039 2.28949 
2.28228 2.28273 2.28388 2.28576 2.28842 2.29192 2.29638 2.30187 2.30854 2.31649 2.32586 2.33678 2.34939 2.36378 2.38008 2.39834 2.41862 2.44095 2.4653 2.49162 2.51982 2.54977 2.58128 2.61416 2.64816 2.68302 2.71844 2.75414 2.78981 2.82514 2.85985 2.89366 2.92632 2.95762 2.98735 3.01538 3.04156 3.06583 3.08812 3.10841 3.12671 3.14304 3.15745 3.16998 3.1807 3.18968 3.19697 3.20263 3.20671 3.20922 3.2102 3.20962 3.20749 3.20375 3.19837 3.19128 3.18241 3.17169 3.15904 3.1444 3.12771 3.10893 3.08806 3.06509 3.04007 3.01309 2.98424 2.95369 2.92162 2.88825 2.85384 2.81865 2.78298 2.74714 2.71143 2.67617 2.64164 2.60812 2.57585 2.54506 2.51593 2.4886 2.46319 2.43975 2.41833 2.39892 2.38147 2.36594 2.35223 2.34025 2.32988 2.32099 2.31346 2.30718 2.30201 2.29786 2.29462 2.29221 2.29057 2.28965 
2.28238 2.28284 2.284 2.28589 2.28856 2.2921 2.29658 2.30212 2.30882 2.31682 2.32626 2.33725 2.34992 2.3644 2.38078 2.39914 2.41952 2.44196 2.46642 2.49286 2.52118 2.55124 2.58288 2.61588 2.64999 2.68496 2.72049 2.75629 2.79205 2.82746 2.86224 2.89612 2.92883 2.96017 2.98994 3.01799 3.04419 3.06847 3.09076 3.11104 3.12933 3.14565 3.16004 3.17255 3.18326 3.19222 3.1995 3.20516 3.20922 3.21174 3.21271 3.21215 3.21003 3.20631 3.20094 3.19387 3.18502 3.17432 3.1617 3.14708 3.1304 3.11164 3.09077 3.06779 3.04277 3.01576 2.98688 2.95629 2.92417 2.89074 2.85625 2.82097 2.78521 2.74927 2.71346 2.67808 2.64344 2.60979 2.57741 2.5465 2.51724 2.4898 2.46427 2.44073 2.4192 2.39969 2.38215 2.36654 2.35275 2.3407 2.33026 2.32132 2.31375 2.30742 2.30221 2.29803 2.29477 2.29234 2.29069 2.28976 
