6.15744 6.15763 6.15792 6.15832 6.15883 6.15946 6.16019 6.16103 6.16198 6.16303 6.1642 6.16548 6.16687 6.16836 6.16996 6.17166 6.17347 6.17538 6.17738 6.17947 6.18166 6.18392 6.18626 6.18867 6.19114 6.19367 6.19623 6.19883 6.20145 6.20408 6.20671 6.20933 6.21192 6.21447 6.21697 6.2194 6.22175 6.22401 6.22617 6.2282 6.23011 6.23187 6.23348 6.23493 6.2362 6.2373 6.23821 6.23893 6.23945 6.23977 6.2399 6.23982 6.23953 6.23905 6.23838 6.23751 6.23646 6.23524 6.23384 6.23228 6.23058 6.22873 6.22676 6.22468 6.22249 6.22022 6.21787 6.21545 6.21299 6.2105 6.20799 6.20546 6.20295 6.20044 6.19797 6.19554 6.19315 6.19082 6.18857 6.18638 6.18428 6.18227 6.18035 6.17853 6.17681 6.1752 6.17369 6.1723 6.17102 6.16986 6.16881 6.16787 6.16705 6.16634 6.16574 6.16526 6.16489 6.16463 6.16448 6.16445 
6.15763 6.15781 6.1581 6.15851 6.15902 6.15965 6.16038 6.16123 6.16218 6.16325 6.16442 6.1657 6.1671 6.1686 6.17021 6.17192 6.17374 6.17566 6.17768 6.17979 6.18198 6.18426 6.18662 6.18904 6.19153 6.19407 6.19665 6.19927 6.20191 6.20456 6.2072 6.20984 6.21245 6.21501 6.21753 6.21998 6.22235 6.22462 6.22679 6.22884 6.23076 6.23253 6.23415 6.23561 6.23689 6.238 6.23891 6.23964 6.24016 6.24049 6.24061 6.24053 6.24025 6.23976 6.23908 6.23821 6.23715 6.23592 6.23451 6.23294 6.23122 6.22937 6.22738 6.22528 6.22308 6.22079 6.21842 6.216 6.21352 6.21101 6.20848 6.20594 6.2034 6.20088 6.19839 6.19594 6.19354 6.1912 6.18892 6.18672 6.1846 6.18258 6.18065 6.17881 6.17708 6.17546 6.17395 6.17255 6.17126 6.17008 6.16903 6.16808 6.16725 6.16654 6.16594 6.16545 6.16508 6.16482 6.16467 6.16463 
6.15792 6.1581 6.1584 6.15881 6.15933 6.15996 6.16071 6.16157 6.16254 6.16362 6.16481 6.16612 6.16753 6.16906 6.1707 6.17244 6.17429 6.17624 6.17829 6.18043 6.18266 6.18498 6.18738 6.18984 6.19237 6.19495 6.19758 6.20024 6.20292 6.20562 6.20831 6.21099 6.21364 6.21625 6.21881 6.22129 6.2237 6.22601 6.22822 6.2303 6.23225 6.23405 6.2357 6.23718 6.23848 6.23961 6.24054 6.24127 6.2418 6.24213 6.24226 6.24217 6.24188 6.24139 6.2407 6.23981 6.23874 6.23748 6.23605 6.23445 6.23271 6.23082 6.2288 6.22666 6.22443 6.2221 6.21969 6.21722 6.2147 6.21215 6.20957 6.20699 6.20441 6.20185 6.19931 6.19682 6.19437 6.19199 6.18967 6.18744 6.18528 6.18322 6.18125 6.17939 6.17762 6.17597 6.17443 6.173 6.17169 6.1705 6.16942 6.16845 6.16761 6.16688 6.16627 6.16577 6.16539 6.16512 6.16497 6.16493 
6.15832 6.15851 6.15881 6.15923 6.15976 6.16041 6.16117 6.16205 6.16304 6.16415 6.16537 6.16671 6.16817 6.16974 6.17141 6.1732 6.1751 6.1771 6.17921 6.18141 6.1837 6.18608 6.18854 6.19108 6.19367 6.19632 6.19902 6.20175 6.2045 6.20727 6.21003 6.21278 6.2155 6.21818 6.2208 6.22335 6.22582 6.22819 6.23045 6.23259 6.23458 6.23643 6.23812 6.23964 6.24097 6.24212 6.24308 6.24383 6.24437 6.24471 6.24483 6.24475 6.24445 6.24394 6.24323 6.24232 6.24121 6.23992 6.23845 6.23682 6.23502 6.23309 6.23101 6.22882 6.22652 6.22413 6.22166 6.21912 6.21654 6.21391 6.21127 6.20862 6.20597 6.20333 6.20073 6.19817 6.19566 6.19321 6.19083 6.18853 6.18631 6.18419 6.18217 6.18025 6.17843 6.17673 6.17515 6.17368 6.17233 6.17109 6.16998 6.16899 6.16811 6.16736 6.16673 6.16621 6.16582 6.16554 6.16538 6.16533 
6.15883 6.15902 6.15933 6.15976 6.16031 6.16098 6.16176 6.16267 6.1637 6.16485 6.16611 6.1675 6.169 6.17063 6.17237 6.17422 6.17619 6.17826 6.18044 6.18272 6.1851 6.18757 6.19011 6.19274 6.19543 6.19817 6.20096 6.20379 6.20664 6.2095 6.21236 6.21521 6.21802 6.22079 6.2235 6.22614 6.2287 6.23115 6.23348 6.23569 6.23776 6.23967 6.24141 6.24298 6.24436 6.24554 6.24653 6.2473 6.24786 6.24821 6.24834 6.24824 6.24793 6.24741 6.24667 6.24573 6.24458 6.24324 6.24172 6.24003 6.23817 6.23617 6.23402 6.23175 6.22937 6.22689 6.22433 6.22171 6.21903 6.21631 6.21357 6.21082 6.20808 6.20535 6.20265 6.19999 6.19739 6.19485 6.19238 6.18999 6.18769 6.18549 6.18339 6.18139 6.17951 6.17774 6.17609 6.17457 6.17316 6.17187 6.17072 6.16968 6.16877 6.16798 6.16732 6.16678 6.16637 6.16607 6.1659 6.16585 
6.15946 6.15965 6.15996 6.16041 6.16098 6.16167 6.16249 6.16343 6.1645 6.1657 6.16702 6.16847 6.17004 6.17174 6.17355 6.17549 6.17754 6.17971 6.18199 6.18437 6.18685 6.18943 6.19209 6.19483 6.19763 6.2005 6.20341 6.20636 6.20934 6.21232 6.2153 6.21827 6.2212 6.22409 6.22692 6.22967 6.23233 6.23489 6.23732 6.23962 6.24177 6.24375 6.24557 6.2472 6.24863 6.24987 6.25089 6.25169 6.25228 6.25263 6.25276 6.25266 6.25234 6.25179 6.25102 6.25003 6.24884 6.24744 6.24585 6.24409 6.24215 6.24006 6.23782 6.23545 6.23297 6.23038 6.22771 6.22497 6.22217 6.21934 6.21648 6.21361 6.21074 6.20789 6.20507 6.20229 6.19957 6.19691 6.19433 6.19183 6.18942 6.18712 6.18492 6.18283 6.18085 6.179 6.17727 6.17567 6.17419 6.17284 6.17162 6.17053 6.16958 6.16875 6.16805 6.16748 6.16703 6.16672 6.16653 6.16647 
6.16019 6.16038 6.16071 6.16117 6.16176 6.16249 6.16335 6.16434 6.16546 6.16672 6.16811 6.16963 6.17128 6.17306 6.17498 6.17701 6.17917 6.18145 6.18385 6.18635 6.18896 6.19167 6.19447 6.19735 6.2003 6.20331 6.20637 6.20947 6.21259 6.21572 6.21886 6.22197 6.22505 6.22808 6.23104 6.23393 6.23672 6.2394 6.24194 6.24435 6.2466 6.24869 6.25059 6.25229 6.2538 6.25508 6.25615 6.25699 6.2576 6.25797 6.2581 6.258 6.25765 6.25707 6.25626 6.25523 6.25397 6.25251 6.25084 6.24898 6.24695 6.24475 6.2424 6.23991 6.23731 6.23459 6.23179 6.22891 6.22597 6.22299 6.21998 6.21696 6.21394 6.21095 6.20798 6.20506 6.20219 6.19939 6.19667 6.19404 6.1915 6.18907 6.18675 6.18455 6.18246 6.18051 6.17868 6.17698 6.17542 6.17399 6.1727 6.17155 6.17053 6.16965 6.1689 6.16829 6.16782 6.16748 6.16728 6.16721 
6.16103 6.16123 6.16157 6.16205 6.16267 6.16343 6.16434 6.16538 6.16657 6.1679 6.16937 6.17098 6.17272 6.17461 6.17663 6.17878 6.18107 6.18348 6.18602 6.18867 6.19143 6.19429 6.19725 6.20029 6.20341 6.20659 6.20983 6.2131 6.2164 6.21971 6.22301 6.2263 6.22955 6.23274 6.23587 6.23891 6.24185 6.24467 6.24736 6.2499 6.25227 6.25446 6.25646 6.25825 6.25983 6.26119 6.26231 6.26319 6.26383 6.26422 6.26435 6.26424 6.26387 6.26326 6.2624 6.26131 6.25998 6.25843 6.25667 6.25471 6.25257 6.25024 6.24776 6.24514 6.24238 6.23952 6.23655 6.23351 6.23041 6.22726 6.22408 6.22089 6.2177 6.21452 6.21139 6.20829 6.20526 6.20229 6.19941 6.19662 6.19393 6.19136 6.18889 6.18655 6.18434 6.18226 6.18032 6.17851 6.17685 6.17533 6.17395 6.17272 6.17163 6.17069 6.16989 6.16924 6.16873 6.16836 6.16814 6.16805 
6.16198 6.16218 6.16254 6.16304 6.1637 6.1645 6.16546 6.16657 6.16783 6.16924 6.1708 6.17251 6.17436 6.17637 6.17852 6.18081 6.18324 6.1858 6.18849 6.19131 6.19424 6.19729 6.20043 6.20366 6.20697 6.21035 6.21378 6.21725 6.22075 6.22426 6.22777 6.23125 6.23469 6.23808 6.24139 6.24461 6.24773 6.25071 6.25355 6.25624 6.25874 6.26106 6.26317 6.26507 6.26674 6.26817 6.26935 6.27028 6.27095 6.27136 6.2715 6.27138 6.27098 6.27033 6.26942 6.26826 6.26685 6.26521 6.26334 6.26126 6.25899 6.25653 6.2539 6.25111 6.24819 6.24515 6.24201 6.23878 6.23548 6.23214 6.22876 6.22537 6.22199 6.21862 6.21528 6.21199 6.20876 6.20561 6.20254 6.19957 6.19671 6.19396 6.19134 6.18884 6.18648 6.18426 6.18218 6.18026 6.17848 6.17685 6.17537 6.17405 6.17289 6.17187 6.17101 6.17031 6.16975 6.16935 6.16911 6.16901 
6.16303 6.16325 6.16362 6.16415 6.16485 6.1657 6.16672 6.1679 6.16924 6.17074 6.1724 6.17423 6.17621 6.17834 6.18064 6.18308 6.18567 6.18841 6.19128 6.19429 6.19741 6.20066 6.20401 6.20745 6.21098 6.21458 6.21823 6.22193 6.22565 6.22939 6.23312 6.23682 6.24048 6.24408 6.2476 6.25102 6.25433 6.2575 6.26052 6.26336 6.26602 6.26848 6.27072 6.27273 6.2745 6.27602 6.27727 6.27825 6.27896 6.27939 6.27953 6.27939 6.27898 6.27828 6.27731 6.27607 6.27457 6.27282 6.27084 6.26863 6.26621 6.26359 6.26079 6.25783 6.25472 6.25148 6.24814 6.2447 6.24119 6.23763 6.23404 6.23042 6.22681 6.22322 6.21966 6.21615 6.21271 6.20934 6.20607 6.20289 6.19983 6.19689 6.19408 6.19141 6.18888 6.18651 6.18428 6.18221 6.1803 6.17855 6.17697 6.17554 6.17429 6.17319 6.17227 6.1715 6.1709 6.17046 6.17019 6.17007 
6.1642 6.16442 6.16481 6.16537 6.16611 6.16702 6.16811 6.16937 6.1708 6.1724 6.17418 6.17613 6.17825 6.18053 6.18299 6.1856 6.18837 6.1913 6.19437 6.19759 6.20093 6.2044 6.20798 6.21166 6.21543 6.21927 6.22317 6.22712 6.23109 6.23508 6.23905 6.243 6.2469 6.25074 6.25449 6.25813 6.26165 6.26503 6.26824 6.27126 6.27409 6.27671 6.27909 6.28122 6.2831 6.28471 6.28604 6.28708 6.28783 6.28828 6.28843 6.28828 6.28783 6.28708 6.28605 6.28472 6.28313 6.28126 6.27915 6.27679 6.27421 6.27142 6.26843 6.26527 6.26196 6.2585 6.25493 6.25127 6.24752 6.24372 6.23988 6.23602 6.23216 6.22832 6.22452 6.22077 6.21708 6.21348 6.20997 6.20657 6.20329 6.20014 6.19713 6.19426 6.19155 6.18899 6.1866 6.18438 6.18232 6.18044 6.17873 6.17719 6.17584 6.17465 6.17365 6.17282 6.17216 6.17168 6.17138 6.17125 
6.16548 6.1657 6.16612 6.16671 6.1675 6.16847 6.16963 6.17098 6.17251 6.17423 6.17613 6.17822 6.18049 6.18294 6.18557 6.18837 6.19134 6.19448 6.19777 6.20121 6.20479 6.2085 6.21234 6.21627 6.22031 6.22442 6.22859 6.23281 6.23706 6.24132 6.24556 6.24978 6.25394 6.25804 6.26204 6.26593 6.26968 6.27328 6.2767 6.27993 6.28294 6.28572 6.28826 6.29053 6.29253 6.29424 6.29565 6.29675 6.29755 6.29802 6.29818 6.29801 6.29753 6.29673 6.29562 6.29421 6.2925 6.29051 6.28825 6.28573 6.28298 6.27999 6.27681 6.27343 6.26989 6.2662 6.26239 6.25847 6.25447 6.2504 6.24629 6.24217 6.23804 6.23392 6.22985 6.22583 6.22188 6.21802 6.21426 6.21061 6.20709 6.20371 6.20047 6.19739 6.19447 6.19172 6.18915 6.18675 6.18453 6.1825 6.18066 6.179 6.17753 6.17625 6.17516 6.17426 6.17355 6.17302 6.17268 6.17254 
6.16687 6.1671 6.16753 6.16817 6.169 6.17004 6.17128 6.17272 6.17436 6.17621 6.17825 6.18049 6.18292 6.18555 6.18837 6.19138 6.19457 6.19793 6.20146 6.20515 6.20899 6.21297 6.21708 6.2213 6.22562 6.23002 6.23448 6.239 6.24354 6.2481 6.25264 6.25714 6.2616 6.26597 6.27024 6.27439 6.2784 6.28224 6.28589 6.28933 6.29254 6.2955 6.29821 6.30063 6.30275 6.30457 6.30608 6.30725 6.30809 6.30859 6.30876 6.30858 6.30806 6.3072 6.30601 6.3045 6.30267 6.30055 6.29813 6.29544 6.29249 6.28931 6.2859 6.28229 6.27851 6.27456 6.27048 6.26629 6.26201 6.25766 6.25326 6.24884 6.24442 6.24001 6.23564 6.23133 6.2271 6.22295 6.21892 6.215 6.21122 6.20758 6.2041 6.20079 6.19765 6.19469 6.19191 6.18933 6.18694 6.18475 6.18275 6.18096 6.17937 6.17799 6.1768 6.17582 6.17505 6.17447 6.1741 6.17393 
6.16836 6.1686 6.16906 6.16974 6.17063 6.17174 6.17306 6.17461 6.17637 6.17834 6.18053 6.18294 6.18555 6.18838 6.1914 6.19463 6.19805 6.20166 6.20545 6.20941 6.21352 6.21779 6.22219 6.22672 6.23134 6.23606 6.24084 6.24567 6.25054 6.25541 6.26026 6.26508 6.26984 6.27451 6.27908 6.28351 6.28779 6.29188 6.29578 6.29945 6.30287 6.30604 6.30891 6.31149 6.31376 6.3157 6.31729 6.31854 6.31944 6.31997 6.32014 6.31994 6.31938 6.31846 6.31719 6.31557 6.31362 6.31135 6.30876 6.30589 6.30274 6.29933 6.29569 6.29183 6.28778 6.28357 6.2792 6.27472 6.27013 6.26547 6.26077 6.25603 6.25129 6.24657 6.24189 6.23727 6.23272 6.22828 6.22394 6.21974 6.21567 6.21176 6.20802 6.20446 6.20107 6.19789 6.1949 6.19211 6.18953 6.18717 6.18502 6.18308 6.18136 6.17986 6.17858 6.17751 6.17666 6.17604 6.17563 6.17543 
6.16996 6.17021 6.1707 6.17141 6.17237 6.17355 6.17498 6.17663 6.17852 6.18064 6.18299 6.18557 6.18837 6.1914 6.19465 6.19812 6.20179 6.20566 6.20972 6.21397 6.21838 6.22296 6.22767 6.23252 6.23748 6.24252 6.24765 6.25282 6.25802 6.26323 6.26842 6.27357 6.27866 6.28365 6.28853 6.29326 6.29782 6.30219 6.30635 6.31026 6.31392 6.31729 6.32036 6.3231 6.32552 6.32758 6.32928 6.33061 6.33155 6.33212 6.33229 6.33208 6.33148 6.33049 6.32913 6.3274 6.32531 6.32288 6.32012 6.31705 6.31368 6.31004 6.30615 6.30203 6.2977 6.29319 6.28852 6.28373 6.27882 6.27384 6.2688 6.26373 6.25865 6.25359 6.24858 6.24362 6.23875 6.23398 6.22932 6.22481 6.22044 6.21624 6.21222 6.20838 6.20475 6.20131 6.19809 6.19509 6.19231 6.18976 6.18744 6.18535 6.18349 6.18186 6.18047 6.17932 6.1784 6.17771 6.17726 6.17704 
6.17166 6.17192 6.17244 6.1732 6.17422 6.17549 6.17701 6.17878 6.18081 6.18308 6.1856 6.18837 6.19138 6.19463 6.19812 6.20183 6.20577 6.20992 6.21428 6.21883 6.22356 6.22846 6.23351 6.2387 6.24401 6.24941 6.25489 6.26042 6.26598 6.27155 6.2771 6.2826 6.28803 6.29336 6.29857 6.30362 6.30848 6.31315 6.31758 6.32175 6.32564 6.32923 6.3325 6.33542 6.33799 6.34019 6.34199 6.3434 6.34441 6.34501 6.34519 6.34495 6.34431 6.34326 6.3418 6.33995 6.33772 6.33513 6.33218 6.3289 6.32531 6.32142 6.31726 6.31286 6.30823 6.30342 6.29843 6.2933 6.28806 6.28272 6.27733 6.27191 6.26648 6.26106 6.25569 6.25038 6.24515 6.24004 6.23505 6.23021 6.22552 6.22101 6.21669 6.21257 6.20866 6.20497 6.2015 6.19827 6.19528 6.19252 6.19002 6.18776 6.18575 6.184 6.18249 6.18124 6.18024 6.17949 6.179 6.17876 
6.17347 6.17374 6.17429 6.1751 6.17619 6.17754 6.17917 6.18107 6.18324 6.18567 6.18837 6.19134 6.19457 6.19805 6.20179 6.20577 6.20999 6.21443 6.2191 6.22397 6.22904 6.23428 6.23969 6.24524 6.25091 6.25669 6.26255 6.26846 6.2744 6.28035 6.28627 6.29214 6.29794 6.30362 6.30917 6.31455 6.31974 6.32471 6.32943 6.33387 6.33801 6.34183 6.34531 6.34842 6.35115 6.35349 6.35541 6.3569 6.35797 6.3586 6.35879 6.35854 6.35784 6.35672 6.35516 6.35319 6.35081 6.34805 6.3449 6.3414 6.33757 6.33342 6.32899 6.32429 6.31936 6.31421 6.30889 6.30341 6.29781 6.29212 6.28635 6.28056 6.27475 6.26896 6.26321 6.25752 6.25193 6.24646 6.24111 6.23592 6.2309 6.22606 6.22142 6.217 6.2128 6.20883 6.20511 6.20163 6.19841 6.19545 6.19275 6.19032 6.18816 6.18626 6.18463 6.18328 6.1822 6.18138 6.18084 6.18057 
6.17538 6.17566 6.17624 6.1771 6.17826 6.17971 6.18145 6.18348 6.1858 6.18841 6.1913 6.19448 6.19793 6.20166 6.20566 6.20992 6.21443 6.21919 6.22418 6.2294 6.23481 6.24042 6.2462 6.25213 6.25819 6.26435 6.2706 6.27691 6.28325 6.28959 6.29591 6.30217 6.30834 6.3144 6.32031 6.32604 6.33156 6.33685 6.34187 6.34659 6.351 6.35506 6.35876 6.36206 6.36496 6.36744 6.36948 6.37106 6.37219 6.37286 6.37306 6.37278 6.37204 6.37084 6.36918 6.36708 6.36455 6.3616 6.35825 6.35452 6.35044 6.34602 6.3413 6.33629 6.33103 6.32555 6.31987 6.31403 6.30806 6.30198 6.29584 6.28965 6.28344 6.27726 6.27112 6.26504 6.25907 6.25321 6.24749 6.24193 6.23655 6.23137 6.22641 6.22166 6.21716 6.21291 6.20891 6.20518 6.20172 6.19854 6.19564 6.19302 6.19069 6.18865 6.18689 6.18543 6.18426 6.18338 6.18279 6.18249 
6.17738 6.17768 6.17829 6.17921 6.18044 6.18199 6.18385 6.18602 6.18849 6.19128 6.19437 6.19777 6.20146 6.20545 6.20972 6.21428 6.2191 6.22418 6.22952 6.23508 6.24086 6.24685 6.25301 6.25934 6.2658 6.27238 6.27904 6.28576 6.29252 6.29927 6.30599 6.31265 6.31922 6.32566 6.33195 6.33804 6.34391 6.34953 6.35486 6.35988 6.36456 6.36887 6.37279 6.3763 6.37937 6.382 6.38416 6.38584 6.38704 6.38774 6.38794 6.38765 6.38686 6.38558 6.38382 6.38158 6.37889 6.37575 6.37219 6.36822 6.36388 6.35918 6.35415 6.34883 6.34323 6.3374 6.33135 6.32514 6.31877 6.3123 6.30575 6.29916 6.29254 6.28595 6.27939 6.27291 6.26653 6.26028 6.25417 6.24823 6.24248 6.23694 6.23163 6.22656 6.22174 6.21718 6.2129 6.2089 6.20519 6.20177 6.19866 6.19585 6.19335 6.19115 6.18926 6.18769 6.18642 6.18547 6.18483 6.18451 
6.17947 6.17979 6.18043 6.18141 6.18272 6.18437 6.18635 6.18867 6.19131 6.19429 6.19759 6.20121 6.20515 6.20941 6.21397 6.21883 6.22397 6.2294 6.23508 6.24101 6.24718 6.25356 6.26012 6.26686 6.27374 6.28074 6.28783 6.29498 6.30216 6.30934 6.31649 6.32357 6.33054 6.33738 6.34406 6.35052 6.35675 6.36271 6.36836 6.37369 6.37865 6.38322 6.38737 6.39109 6.39434 6.39712 6.39941 6.40119 6.40245 6.40319 6.4034 6.40309 6.40225 6.40088 6.39901 6.39664 6.39378 6.39044 6.38666 6.38246 6.37784 6.37286 6.36752 6.36186 6.35592 6.34972 6.3433 6.33669 6.32992 6.32304 6.31607 6.30905 6.30202 6.29499 6.28802 6.28111 6.27431 6.26764 6.26113 6.2548 6.24867 6.24275 6.23708 6.23166 6.22651 6.22164 6.21706 6.21278 6.20881 6.20516 6.20182 6.19881 6.19612 6.19377 6.19174 6.19005 6.18869 6.18766 6.18697 6.18661 
6.18166 6.18198 6.18266 6.1837 6.1851 6.18685 6.18896 6.19143 6.19424 6.19741 6.20093 6.20479 6.20899 6.21352 6.21838 6.22356 6.22904 6.23481 6.24086 6.24718 6.25374 6.26052 6.2675 6.27467 6.28198 6.28941 6.29694 6.30454 6.31216 6.31978 6.32736 6.33487 6.34227 6.34952 6.35659 6.36344 6.37004 6.37635 6.38234 6.38797 6.39322 6.39805 6.40245 6.40638 6.40982 6.41276 6.41517 6.41705 6.41838 6.41916 6.41938 6.41904 6.41815 6.41671 6.41472 6.4122 6.40917 6.40564 6.40164 6.39718 6.39229 6.387 6.38134 6.37535 6.36904 6.36247 6.35566 6.34864 6.34147 6.33416 6.32676 6.31931 6.31183 6.30437 6.29695 6.28962 6.28238 6.27529 6.26836 6.26162 6.25508 6.24879 6.24274 6.23696 6.23147 6.22627 6.22139 6.21682 6.21258 6.20867 6.20511 6.20189 6.19901 6.19649 6.19432 6.19251 6.19105 6.18994 6.1892 6.18881 
6.18392 6.18426 6.18498 6.18608 6.18757 6.18943 6.19167 6.19429 6.19729 6.20066 6.2044 6.2085 6.21297 6.21779 6.22296 6.22846 6.23428 6.24042 6.24685 6.25356 6.26052 6.26772 6.27513 6.28273 6.29049 6.29837 6.30636 6.3144 6.32248 6.33055 6.33858 6.34653 6.35436 6.36203 6.36951 6.37675 6.38373 6.3904 6.39673 6.40268 6.40822 6.41333 6.41797 6.42211 6.42575 6.42885 6.43139 6.43337 6.43478 6.43559 6.43582 6.43546 6.43452 6.43299 6.43088 6.42822 6.42501 6.42128 6.41705 6.41233 6.40716 6.40157 6.39558 6.38924 6.38257 6.37561 6.3684 6.36097 6.35337 6.34563 6.33779 6.32989 6.32197 6.31405 6.30618 6.2984 6.29072 6.28319 6.27582 6.26866 6.26172 6.25502 6.24859 6.24245 6.2366 6.23107 6.22586 6.221 6.21648 6.21231 6.20851 6.20507 6.20201 6.19931 6.197 6.19505 6.19349 6.19231 6.19151 6.19108 
6.18626 6.18662 6.18738 6.18854 6.19011 6.19209 6.19447 6.19725 6.20043 6.20401 6.20798 6.21234 6.21708 6.22219 6.22767 6.23351 6.23969 6.2462 6.25301 6.26012 6.2675 6.27513 6.28298 6.29103 6.29924 6.30759 6.31603 6.32454 6.33308 6.34162 6.3501 6.3585 6.36677 6.37487 6.38277 6.39041 6.39777 6.40481 6.41148 6.41776 6.4236 6.42898 6.43387 6.43824 6.44207 6.44533 6.44801 6.4501 6.45157 6.45243 6.45267 6.45229 6.45128 6.44967 6.44745 6.44464 6.44125 6.43731 6.43284 6.42787 6.42241 6.41651 6.41019 6.40349 6.39644 6.38909 6.38147 6.37363 6.36559 6.35741 6.34912 6.34076 6.33237 6.324 6.31567 6.30742 6.29929 6.29131 6.28351 6.27591 6.26855 6.26144 6.25462 6.24809 6.24189 6.23601 6.23048 6.22531 6.2205 6.21607 6.21202 6.20836 6.2051 6.20223 6.19976 6.19769 6.19602 6.19475 6.19389 6.19344 
6.18867 6.18904 6.18984 6.19108 6.19274 6.19483 6.19735 6.20029 6.20366 6.20745 6.21166 6.21627 6.2213 6.22672 6.23252 6.2387 6.24524 6.25213 6.25934 6.26686 6.27467 6.28273 6.29103 6.29953 6.30821 6.31702 6.32594 6.33492 6.34394 6.35294 6.36188 6.37074 6.37946 6.388 6.39631 6.40437 6.41212 6.41953 6.42655 6.43316 6.4393 6.44497 6.45011 6.4547 6.45873 6.46216 6.46497 6.46716 6.46871 6.46961 6.46986 6.46945 6.46839 6.46669 6.46435 6.46139 6.45782 6.45367 6.44897 6.44372 6.43798 6.43176 6.4251 6.41804 6.41061 6.40286 6.39483 6.38656 6.37808 6.36945 6.3607 6.35188 6.34302 6.33418 6.32538 6.31666 6.30807 6.29963 6.29138 6.28334 6.27555 6.26803 6.2608 6.25389 6.24731 6.24108 6.23522 6.22973 6.22463 6.21993 6.21563 6.21175 6.20827 6.20522 6.2026 6.20039 6.19862 6.19727 6.19635 6.19586 
6.19114 6.19153 6.19237 6.19367 6.19543 6.19763 6.2003 6.20341 6.20697 6.21098 6.21543 6.22031 6.22562 6.23134 6.23748 6.24401 6.25091 6.25819 6.2658 6.27374 6.28198 6.29049 6.29924 6.30821 6.31735 6.32664 6.33604 6.3455 6.35499 6.36447 6.37389 6.3832 6.39237 6.40135 6.4101 6.41857 6.42671 6.43449 6.44187 6.44881 6.45527 6.46121 6.46661 6.47143 6.47565 6.47925 6.4822 6.48449 6.48612 6.48706 6.48731 6.48688 6.48577 6.48398 6.48152 6.47841 6.47466 6.4703 6.46535 6.45984 6.4538 6.44726 6.44026 6.43284 6.42503 6.41688 6.40843 6.39972 6.3908 6.38171 6.3725 6.3632 6.35387 6.34455 6.33527 6.32608 6.31702 6.30811 6.2994 6.29092 6.28269 6.27475 6.26711 6.25981 6.25285 6.24626 6.24006 6.23425 6.22885 6.22388 6.21932 6.21521 6.21153 6.20829 6.2055 6.20317 6.20128 6.19984 6.19887 6.19834 
6.19367 6.19407 6.19495 6.19632 6.19817 6.2005 6.20331 6.20659 6.21035 6.21458 6.21927 6.22442 6.23002 6.23606 6.24252 6.24941 6.25669 6.26435 6.27238 6.28074 6.28941 6.29837 6.30759 6.31702 6.32664 6.33641 6.34629 6.35624 6.36621 6.37616 6.38606 6.39584 6.40547 6.41489 6.42407 6.43295 6.44149 6.44965 6.45739 6.46466 6.47142 6.47765 6.4833 6.48835 6.49277 6.49654 6.49963 6.50203 6.50373 6.50471 6.50497 6.50452 6.50335 6.50147 6.49889 6.49563 6.4917 6.48713 6.48194 6.47616 6.46982 6.46296 6.45562 6.44783 6.43963 6.43108 6.4222 6.41306 6.40369 6.39414 6.38446 6.37469 6.36488 6.35508 6.34532 6.33565 6.32611 6.31673 6.30756 6.29863 6.28996 6.28158 6.27353 6.26583 6.25849 6.25154 6.24499 6.23886 6.23316 6.2279 6.22309 6.21873 6.21484 6.21142 6.20847 6.206 6.204 6.20248 6.20144 6.20088 
6.19623 6.19665 6.19758 6.19902 6.20096 6.20341 6.20637 6.20983 6.21378 6.21823 6.22317 6.22859 6.23448 6.24084 6.24765 6.25489 6.26255 6.2706 6.27904 6.28783 6.29694 6.30636 6.31603 6.32594 6.33604 6.34629 6.35665 6.36709 6.37755 6.38798 6.39835 6.4086 6.41868 6.42855 6.43816 6.44746 6.4564 6.46494 6.47303 6.48063 6.48771 6.49422 6.50013 6.50541 6.51003 6.51396 6.51719 6.5197 6.52147 6.52249 6.52276 6.52229 6.52106 6.51909 6.51639 6.51298 6.50887 6.50408 6.49865 6.4926 6.48597 6.47879 6.4711 6.46295 6.45436 6.4454 6.43611 6.42652 6.4167 6.40669 6.39654 6.3863 6.37601 6.36572 6.35548 6.34532 6.3353 6.32545 6.31582 6.30642 6.29731 6.2885 6.28003 6.27192 6.2642 6.25688 6.24999 6.24353 6.23752 6.23198 6.22691 6.22232 6.21821 6.2146 6.21149 6.20887 6.20676 6.20515 6.20405 6.20345 
6.19883 6.19927 6.20024 6.20175 6.20379 6.20636 6.20947 6.2131 6.21725 6.22193 6.22712 6.23281 6.239 6.24567 6.25282 6.26042 6.26846 6.27691 6.28576 6.29498 6.30454 6.3144 6.32454 6.33492 6.3455 6.35624 6.36709 6.37801 6.38895 6.39987 6.41071 6.42143 6.43197 6.44228 6.45232 6.46204 6.47137 6.48029 6.48874 6.49667 6.50406 6.51085 6.51702 6.52252 6.52734 6.53144 6.53481 6.53742 6.53926 6.54033 6.54061 6.54011 6.53883 6.53677 6.53395 6.53039 6.52609 6.5211 6.51543 6.50911 6.50219 6.49469 6.48665 6.47813 6.46916 6.45979 6.45008 6.44006 6.42979 6.41931 6.40869 6.39797 6.3872 6.37643 6.3657 6.35506 6.34456 6.33424 6.32413 6.31428 6.30472 6.29548 6.28659 6.27808 6.26997 6.26228 6.25503 6.24824 6.24193 6.2361 6.23077 6.22594 6.22162 6.21782 6.21454 6.21178 6.20955 6.20786 6.20669 6.20606 
6.20145 6.20191 6.20292 6.2045 6.20664 6.20934 6.21259 6.2164 6.22075 6.22565 6.23109 6.23706 6.24354 6.25054 6.25802 6.26598 6.2744 6.28325 6.29252 6.30216 6.31216 6.32248 6.33308 6.34394 6.35499 6.36621 6.37755 6.38895 6.40038 6.41177 6.42309 6.43427 6.44527 6.45602 6.46649 6.47662 6.48635 6.49564 6.50444 6.51271 6.5204 6.52747 6.53389 6.53962 6.54463 6.5489 6.5524 6.55512 6.55704 6.55815 6.55844 6.55791 6.55657 6.55443 6.55149 6.54778 6.54331 6.5381 6.53219 6.52561 6.51839 6.51057 6.5022 6.49331 6.48396 6.47419 6.46405 6.4536 6.44288 6.43195 6.42086 6.40966 6.39841 6.38715 6.37594 6.36482 6.35384 6.34305 6.33248 6.32217 6.31216 6.30248 6.29317 6.28426 6.27576 6.2677 6.2601 6.25299 6.24636 6.24025 6.23465 6.22958 6.22505 6.22105 6.21761 6.21471 6.21237 6.21059 6.20936 6.2087 
6.20408 6.20456 6.20562 6.20727 6.2095 6.21232 6.21572 6.21971 6.22426 6.22939 6.23508 6.24132 6.2481 6.25541 6.26323 6.27155 6.28035 6.28959 6.29927 6.30934 6.31978 6.33055 6.34162 6.35294 6.36447 6.37616 6.38798 6.39987 6.41177 6.42364 6.43543 6.44707 6.45852 6.46971 6.4806 6.49114 6.50126 6.51092 6.52007 6.52866 6.53666 6.54401 6.55068 6.55663 6.56184 6.56627 6.56991 6.57273 6.57472 6.57586 6.57616 6.57562 6.57422 6.57199 6.56894 6.56508 6.56043 6.55502 6.54887 6.54203 6.53452 6.52639 6.51768 6.50843 6.4987 6.48853 6.47798 6.46709 6.45593 6.44455 6.43299 6.42132 6.40959 6.39786 6.38617 6.37457 6.36311 6.35185 6.34081 6.33005 6.31959 6.30949 6.29976 6.29044 6.28155 6.27313 6.26518 6.25774 6.2508 6.2444 6.23854 6.23323 6.22848 6.2243 6.22069 6.21765 6.2152 6.21333 6.21204 6.21134 
6.20671 6.2072 6.20831 6.21003 6.21236 6.2153 6.21886 6.22301 6.22777 6.23312 6.23905 6.24556 6.25264 6.26026 6.26842 6.2771 6.28627 6.29591 6.30599 6.31649 6.32736 6.33858 6.3501 6.36188 6.37389 6.38606 6.39835 6.41071 6.42309 6.43543 6.44768 6.45977 6.47166 6.48329 6.4946 6.50553 6.51604 6.52606 6.53556 6.54447 6.55276 6.56039 6.5673 6.57347 6.57887 6.58347 6.58724 6.59016 6.59222 6.59341 6.59372 6.59315 6.5917 6.58939 6.58622 6.58221 6.57738 6.57177 6.56539 6.55829 6.5505 6.54206 6.53302 6.52342 6.51331 6.50275 6.49179 6.48048 6.46888 6.45704 6.44503 6.4329 6.4207 6.40849 6.39632 6.38425 6.37232 6.36059 6.34909 6.33788 6.32699 6.31645 6.30631 6.29659 6.28732 6.27853 6.27024 6.26247 6.25523 6.24855 6.24242 6.23688 6.23191 6.22754 6.22377 6.22059 6.21802 6.21607 6.21472 6.21398 
6.20933 6.20984 6.21099 6.21278 6.21521 6.21827 6.22197 6.2263 6.23125 6.23682 6.243 6.24978 6.25714 6.26508 6.27357 6.2826 6.29214 6.30217 6.31265 6.32357 6.33487 6.34653 6.3585 6.37074 6.3832 6.39584 6.4086 6.42143 6.43427 6.44707 6.45977 6.47231 6.48464 6.49669 6.50841 6.51974 6.53062 6.541 6.55083 6.56006 6.56865 6.57653 6.58369 6.59008 6.59566 6.60042 6.60431 6.60733 6.60946 6.61069 6.61101 6.61042 6.60892 6.60652 6.60324 6.59909 6.5941 6.58828 6.58168 6.57433 6.56626 6.55752 6.54815 6.5382 6.52773 6.51678 6.50542 6.49369 6.48166 6.46939 6.45692 6.44433 6.43167 6.41899 6.40636 6.39382 6.38143 6.36924 6.35729 6.34564 6.33431 6.32335 6.3128 6.30269 6.29304 6.28389 6.27526 6.26716 6.25962 6.25266 6.24628 6.2405 6.23532 6.23076 6.22683 6.22351 6.22083 6.21879 6.21738 6.21661 
6.21192 6.21245 6.21364 6.2155 6.21802 6.2212 6.22505 6.22955 6.23469 6.24048 6.2469 6.25394 6.2616 6.26984 6.27866 6.28803 6.29794 6.30834 6.31922 6.33054 6.34227 6.35436 6.36677 6.37946 6.39237 6.40547 6.41868 6.43197 6.44527 6.45852 6.47166 6.48464 6.49739 6.50986 6.52198 6.53369 6.54494 6.55567 6.56583 6.57536 6.58423 6.59238 6.59977 6.60637 6.61213 6.61704 6.62106 6.62418 6.62638 6.62764 6.62797 6.62736 6.62581 6.62333 6.61994 6.61566 6.61049 6.60449 6.59766 6.59006 6.58172 6.57269 6.563 6.55272 6.54189 6.53056 6.51881 6.50667 6.49422 6.48152 6.46861 6.45558 6.44246 6.42933 6.41624 6.40325 6.3904 6.37776 6.36537 6.35328 6.34152 6.33015 6.3192 6.3087 6.29868 6.28918 6.28021 6.27179 6.26396 6.25672 6.25009 6.24407 6.23869 6.23395 6.22985 6.2264 6.22361 6.22148 6.22001 6.21921 
6.21447 6.21501 6.21625 6.21818 6.22079 6.22409 6.22808 6.23274 6.23808 6.24408 6.25074 6.25804 6.26597 6.27451 6.28365 6.29336 6.30362 6.3144 6.32566 6.33738 6.34952 6.36203 6.37487 6.388 6.40135 6.41489 6.42855 6.44228 6.45602 6.46971 6.48329 6.49669 6.50986 6.52272 6.53523 6.54732 6.55892 6.56999 6.58047 6.5903 6.59944 6.60784 6.61546 6.62226 6.6282 6.63326 6.63741 6.64062 6.64288 6.64419 6.64452 6.64389 6.64229 6.63974 6.63624 6.63182 6.6265 6.6203 6.61326 6.60542 6.59682 6.5875 6.57751 6.56689 6.55572 6.54403 6.53189 6.51936 6.5065 6.49338 6.48005 6.46657 6.45302 6.43944 6.42591 6.41247 6.39918 6.3861 6.37328 6.36076 6.34859 6.33682 6.32547 6.31459 6.30421 6.29436 6.28506 6.27634 6.26822 6.26071 6.25383 6.24759 6.242 6.23708 6.23282 6.22925 6.22635 6.22413 6.22261 6.22177 
6.21697 6.21753 6.21881 6.2208 6.2235 6.22692 6.23104 6.23587 6.24139 6.2476 6.25449 6.26204 6.27024 6.27908 6.28853 6.29857 6.30917 6.32031 6.33195 6.34406 6.35659 6.36951 6.38277 6.39631 6.4101 6.42407 6.43816 6.45232 6.46649 6.4806 6.4946 6.50841 6.52198 6.53523 6.54811 6.56056 6.57251 6.5839 6.59469 6.60481 6.61422 6.62286 6.6307 6.63769 6.6438 6.64901 6.65327 6.65657 6.6589 6.66024 6.66058 6.65993 6.65828 6.65566 6.65206 6.64751 6.64203 6.63565 6.62841 6.62034 6.61148 6.60189 6.5916 6.58067 6.56915 6.55711 6.54461 6.5317 6.51844 6.50491 6.49117 6.47727 6.46329 6.44929 6.43532 6.42145 6.40773 6.39423 6.38099 6.36806 6.35549 6.34332 6.33159 6.32035 6.30961 6.29942 6.28981 6.28078 6.27238 6.2646 6.25748 6.25102 6.24524 6.24014 6.23574 6.23203 6.22903 6.22673 6.22515 6.22428 
6.2194 6.21998 6.22129 6.22335 6.22614 6.22967 6.23393 6.23891 6.24461 6.25102 6.25813 6.26593 6.27439 6.28351 6.29326 6.30362 6.31455 6.32604 6.33804 6.35052 6.36344 6.37675 6.39041 6.40437 6.41857 6.43295 6.44746 6.46204 6.47662 6.49114 6.50553 6.51974 6.53369 6.54732 6.56056 6.57335 6.58563 6.59734 6.60842 6.61882 6.62848 6.63736 6.6454 6.65258 6.65886 6.6642 6.66858 6.67197 6.67435 6.67573 6.67608 6.67541 6.67372 6.67102 6.66732 6.66265 6.65702 6.65047 6.64303 6.63474 6.62564 6.61578 6.6052 6.59397 6.58214 6.56976 6.5569 6.54362 6.52999 6.51607 6.50192 6.48762 6.47323 6.45881 6.44443 6.43014 6.41601 6.4021 6.38845 6.37512 6.36216 6.34962 6.33752 6.32592 6.31485 6.30434 6.29441 6.2851 6.27642 6.26839 6.26103 6.25436 6.24839 6.24312 6.23857 6.23473 6.23163 6.22926 6.22762 6.22672 
6.22175 6.22235 6.2237 6.22582 6.2287 6.23233 6.23672 6.24185 6.24773 6.25433 6.26165 6.26968 6.2784 6.28779 6.29782 6.30848 6.31974 6.33156 6.34391 6.35675 6.37004 6.38373 6.39777 6.41212 6.42671 6.44149 6.4564 6.47137 6.48635 6.50126 6.51604 6.53062 6.54494 6.55892 6.57251 6.58563 6.59823 6.61024 6.6216 6.63226 6.64216 6.65126 6.65951 6.66687 6.6733 6.67877 6.68325 6.68673 6.68917 6.69058 6.69094 6.69025 6.68852 6.68575 6.68196 6.67717 6.6714 6.66469 6.65706 6.64856 6.63923 6.62911 6.61826 6.60674 6.5946 6.5819 6.5687 6.55507 6.54107 6.52678 6.51226 6.49757 6.48278 6.46797 6.45319 6.4385 6.42398 6.40967 6.39564 6.38193 6.36859 6.35568 6.34324 6.3313 6.3199 6.30907 6.29885 6.28925 6.28031 6.27204 6.26446 6.25759 6.25143 6.246 6.2413 6.23735 6.23415 6.2317 6.23001 6.22908 
6.22401 6.22462 6.22601 6.22819 6.23115 6.23489 6.2394 6.24467 6.25071 6.2575 6.26503 6.27328 6.28224 6.29188 6.30219 6.31315 6.32471 6.33685 6.34953 6.36271 6.37635 6.3904 6.40481 6.41953 6.43449 6.44965 6.46494 6.48029 6.49564 6.51092 6.52606 6.541 6.55567 6.56999 6.5839 6.59734 6.61024 6.62253 6.63416 6.64506 6.6552 6.66451 6.67295 6.68048 6.68705 6.69265 6.69724 6.70079 6.70329 6.70473 6.70509 6.70439 6.70261 6.69978 6.6959 6.691 6.6851 6.67823 6.67042 6.66172 6.65217 6.64182 6.63071 6.61891 6.60648 6.59347 6.57995 6.56599 6.55165 6.537 6.52212 6.50706 6.4919 6.47671 6.46155 6.44649 6.43159 6.41691 6.4025 6.38843 6.37474 6.36148 6.3487 6.33644 6.32473 6.3136 6.3031 6.29324 6.28405 6.27554 6.26775 6.26068 6.25434 6.24876 6.24393 6.23986 6.23657 6.23405 6.23231 6.23135 
6.22617 6.22679 6.22822 6.23045 6.23348 6.23732 6.24194 6.24736 6.25355 6.26052 6.26824 6.2767 6.28589 6.29578 6.30635 6.31758 6.32943 6.34187 6.35486 6.36836 6.38234 6.39673 6.41148 6.42655 6.44187 6.45739 6.47303 6.48874 6.50444 6.52007 6.53556 6.55083 6.56583 6.58047 6.59469 6.60842 6.6216 6.63416 6.64604 6.65718 6.66753 6.67704 6.68566 6.69334 6.70006 6.70577 6.71045 6.71408 6.71663 6.7181 6.71847 6.71775 6.71594 6.71305 6.70909 6.70408 6.69805 6.69104 6.68306 6.67417 6.66442 6.65384 6.64249 6.63043 6.61772 6.60443 6.59061 6.57633 6.56167 6.54669 6.53146 6.51606 6.50054 6.485 6.46948 6.45406 6.4388 6.42377 6.40902 6.3946 6.38058 6.36699 6.35389 6.34132 6.32931 6.31791 6.30714 6.29702 6.28759 6.27887 6.27088 6.26362 6.25712 6.25139 6.24643 6.24225 6.23887 6.23628 6.23449 6.23351 
6.2282 6.22884 6.2303 6.23259 6.23569 6.23962 6.24435 6.2499 6.25624 6.26336 6.27126 6.27993 6.28933 6.29945 6.31026 6.32175 6.33387 6.34659 6.35988 6.37369 6.38797 6.40268 6.41776 6.43316 6.44881 6.46466 6.48063 6.49667 6.51271 6.52866 6.54447 6.56006 6.57536 6.5903 6.60481 6.61882 6.63226 6.64506 6.65718 6.66854 6.67909 6.68879 6.69757 6.70541 6.71225 6.71807 6.72284 6.72654 6.72914 6.73063 6.73102 6.73028 6.72843 6.72548 6.72145 6.71634 6.7102 6.70304 6.69491 6.68585 6.6759 6.66511 6.65354 6.64124 6.62827 6.61471 6.6006 6.58603 6.57107 6.55578 6.54023 6.5245 6.50866 6.49278 6.47693 6.46118 6.44559 6.43022 6.41514 6.4004 6.38606 6.37217 6.35878 6.34592 6.33363 6.32196 6.31094 6.30059 6.29094 6.28201 6.27382 6.26639 6.25974 6.25387 6.24879 6.24451 6.24105 6.23839 6.23656 6.23555 
6.23011 6.23076 6.23225 6.23458 6.23776 6.24177 6.2466 6.25227 6.25874 6.26602 6.27409 6.28294 6.29254 6.30287 6.31392 6.32564 6.33801 6.351 6.36456 6.37865 6.39322 6.40822 6.4236 6.4393 6.45527 6.47142 6.48771 6.50406 6.5204 6.53666 6.55276 6.56865 6.58423 6.59944 6.61422 6.62848 6.64216 6.6552 6.66753 6.67909 6.68983 6.6997 6.70864 6.71661 6.72357 6.7295 6.73435 6.73811 6.74075 6.74227 6.74266 6.74191 6.74003 6.73703 6.73292 6.72773 6.72148 6.71419 6.70592 6.6967 6.68657 6.67558 6.6638 6.65128 6.63808 6.62426 6.6099 6.59506 6.57981 6.56423 6.54839 6.53236 6.51621 6.50002 6.48386 6.4678 6.4519 6.43623 6.42084 6.40581 6.39118 6.377 6.36333 6.3502 6.33766 6.32575 6.31449 6.30392 6.29406 6.28494 6.27658 6.26899 6.26219 6.25618 6.25099 6.24662 6.24308 6.24037 6.2385 6.23746 
6.23187 6.23253 6.23405 6.23643 6.23967 6.24375 6.24869 6.25446 6.26106 6.26848 6.27671 6.28572 6.2955 6.30604 6.31729 6.32923 6.34183 6.35506 6.36887 6.38322 6.39805 6.41333 6.42898 6.44497 6.46121 6.47765 6.49422 6.51085 6.52747 6.54401 6.56039 6.57653 6.59238 6.60784 6.62286 6.63736 6.65126 6.66451 6.67704 6.68879 6.6997 6.70972 6.7188 6.72689 6.73397 6.73998 6.74491 6.74873 6.75142 6.75296 6.75335 6.75259 6.75068 6.74763 6.74346 6.73819 6.73183 6.72443 6.71603 6.70666 6.69636 6.6852 6.67323 6.6605 6.64708 6.63304 6.61844 6.60335 6.58784 6.572 6.55589 6.53958 6.52316 6.50669 6.49024 6.47389 6.45771 6.44176 6.4261 6.41079 6.39589 6.38145 6.36752 6.35415 6.34137 6.32923 6.31776 6.30699 6.29694 6.28765 6.27912 6.27138 6.26445 6.25833 6.25303 6.24858 6.24496 6.2422 6.24029 6.23923 
6.23348 6.23415 6.2357 6.23812 6.24141 6.24557 6.25059 6.25646 6.26317 6.27072 6.27909 6.28826 6.29821 6.30891 6.32036 6.3325 6.34531 6.35876 6.37279 6.38737 6.40245 6.41797 6.43387 6.45011 6.46661 6.4833 6.50013 6.51702 6.53389 6.55068 6.5673 6.58369 6.59977 6.61546 6.6307 6.6454 6.65951 6.67295 6.68566 6.69757 6.70864 6.7188 6.728 6.73622 6.74339 6.74949 6.75448 6.75835 6.76108 6.76264 6.76304 6.76227 6.76033 6.75724 6.75301 6.74766 6.74122 6.73371 6.72519 6.71568 6.70524 6.69392 6.68178 6.66887 6.65525 6.641 6.62618 6.61087 6.59513 6.57905 6.56269 6.54614 6.52946 6.51273 6.49603 6.47943 6.46299 6.44678 6.43087 6.41531 6.40017 6.38549 6.37134 6.35774 6.34475 6.33241 6.32074 6.30979 6.29957 6.29011 6.28144 6.27356 6.26651 6.26028 6.2549 6.25036 6.24668 6.24387 6.24192 6.24085 
6.23493 6.23561 6.23718 6.23964 6.24298 6.2472 6.25229 6.25825 6.26507 6.27273 6.28122 6.29053 6.30063 6.31149 6.3231 6.33542 6.34842 6.36206 6.3763 6.39109 6.40638 6.42211 6.43824 6.4547 6.47143 6.48835 6.50541 6.52252 6.53962 6.55663 6.57347 6.59008 6.60637 6.62226 6.63769 6.65258 6.66687 6.68048 6.69334 6.70541 6.71661 6.72689 6.73622 6.74453 6.75179 6.75796 6.76302 6.76693 6.76969 6.77127 6.77167 6.77089 6.76893 6.7658 6.76152 6.7561 6.74958 6.74199 6.73336 6.72373 6.71316 6.7017 6.6894 6.67632 6.66254 6.6481 6.63309 6.61758 6.60164 6.58534 6.56877 6.55199 6.53509 6.51813 6.50121 6.48437 6.4677 6.45127 6.43513 6.41936 6.404 6.38911 6.37475 6.36096 6.34778 6.33525 6.32341 6.31229 6.30192 6.29232 6.28352 6.27552 6.26836 6.26204 6.25657 6.25196 6.24823 6.24537 6.24339 6.2423 
6.2362 6.23689 6.23848 6.24097 6.24436 6.24863 6.2538 6.25983 6.26674 6.2745 6.2831 6.29253 6.30275 6.31376 6.32552 6.33799 6.35115 6.36496 6.37937 6.39434 6.40982 6.42575 6.44207 6.45873 6.47565 6.49277 6.51003 6.52734 6.54463 6.56184 6.57887 6.59566 6.61213 6.6282 6.6438 6.65886 6.6733 6.68705 6.70006 6.71225 6.72357 6.73397 6.74339 6.75179 6.75912 6.76536 6.77047 6.77443 6.77721 6.77881 6.77922 6.77843 6.77645 6.77328 6.76896 6.76348 6.75689 6.74922 6.74049 6.73077 6.72008 6.7085 6.69606 6.68284 6.6689 6.65431 6.63913 6.62344 6.60732 6.59084 6.57408 6.55711 6.54001 6.52286 6.50573 6.4887 6.47183 6.4552 6.43887 6.4229 6.40735 6.39228 6.37774 6.36377 6.35043 6.33774 6.32575 6.31449 6.30399 6.29426 6.28534 6.27724 6.26999 6.26358 6.25804 6.25337 6.24959 6.24669 6.24469 6.24358 
6.2373 6.238 6.23961 6.24212 6.24554 6.24987 6.25508 6.26119 6.26817 6.27602 6.28471 6.29424 6.30457 6.3157 6.32758 6.34019 6.35349 6.36744 6.382 6.39712 6.41276 6.42885 6.44533 6.46216 6.47925 6.49654 6.51396 6.53144 6.5489 6.56627 6.58347 6.60042 6.61704 6.63326 6.64901 6.6642 6.67877 6.69265 6.70577 6.71807 6.7295 6.73998 6.74949 6.75796 6.76536 6.77165 6.77681 6.7808 6.78361 6.78522 6.78563 6.78483 6.78283 6.77964 6.77528 6.76976 6.76311 6.75536 6.74656 6.73675 6.72597 6.71427 6.70173 6.68839 6.67432 6.65959 6.64427 6.62844 6.61216 6.59552 6.5786 6.56147 6.5442 6.52688 6.50959 6.49238 6.47535 6.45855 6.44205 6.42592 6.41021 6.39498 6.38029 6.36618 6.35269 6.33987 6.32776 6.31637 6.30575 6.29592 6.28691 6.27872 6.27138 6.2649 6.2593 6.25458 6.25076 6.24783 6.2458 6.24468 
6.23821 6.23891 6.24054 6.24308 6.24653 6.25089 6.25615 6.26231 6.26935 6.27727 6.28604 6.29565 6.30608 6.31729 6.32928 6.34199 6.35541 6.36948 6.38416 6.39941 6.41517 6.43139 6.44801 6.46497 6.4822 6.49963 6.51719 6.53481 6.5524 6.56991 6.58724 6.60431 6.62106 6.63741 6.65327 6.66858 6.68325 6.69724 6.71045 6.72284 6.73435 6.74491 6.75448 6.76302 6.77047 6.77681 6.782 6.78602 6.78885 6.79047 6.79088 6.79008 6.78807 6.78485 6.78046 6.77489 6.7682 6.7604 6.75153 6.74165 6.73079 6.71901 6.70637 6.69293 6.67876 6.66392 6.64848 6.63253 6.61613 6.59936 6.58231 6.56504 6.54764 6.53018 6.51275 6.49541 6.47823 6.4613 6.44466 6.4284 6.41256 6.39721 6.38239 6.36816 6.35456 6.34163 6.32941 6.31792 6.30721 6.2973 6.2882 6.27994 6.27254 6.266 6.26035 6.25559 6.25172 6.24877 6.24672 6.24559 
6.23893 6.23964 6.24127 6.24383 6.2473 6.25169 6.25699 6.26319 6.27028 6.27825 6.28708 6.29675 6.30725 6.31854 6.33061 6.3434 6.3569 6.37106 6.38584 6.40119 6.41705 6.43337 6.4501 6.46716 6.48449 6.50203 6.5197 6.53742 6.55512 6.57273 6.59016 6.60733 6.62418 6.64062 6.65657 6.67197 6.68673 6.70079 6.71408 6.72654 6.73811 6.74873 6.75835 6.76693 6.77443 6.7808 6.78602 6.79006 6.7929 6.79454 6.79495 6.79414 6.79212 6.78889 6.78446 6.77887 6.77214 6.76429 6.75538 6.74544 6.73452 6.72267 6.70996 6.69645 6.68219 6.66727 6.65174 6.6357 6.6192 6.60234 6.58518 6.56781 6.55031 6.53274 6.5152 6.49776 6.48048 6.46343 6.4467 6.43033 6.41439 6.39894 6.38403 6.3697 6.35601 6.343 6.33069 6.31914 6.30835 6.29837 6.28921 6.2809 6.27344 6.26686 6.26117 6.25638 6.25249 6.24951 6.24745 6.24631 
6.23945 6.24016 6.2418 6.24437 6.24786 6.25228 6.2576 6.26383 6.27095 6.27896 6.28783 6.29755 6.30809 6.31944 6.33155 6.34441 6.35797 6.37219 6.38704 6.40245 6.41838 6.43478 6.45157 6.46871 6.48612 6.50373 6.52147 6.53926 6.55704 6.57472 6.59222 6.60946 6.62638 6.64288 6.6589 6.67435 6.68917 6.70329 6.71663 6.72914 6.74075 6.75142 6.76108 6.76969 6.77721 6.78361 6.78885 6.7929 6.79576 6.7974 6.79781 6.797 6.79497 6.79173 6.78729 6.78167 6.77491 6.76704 6.75809 6.74811 6.73715 6.72525 6.71249 6.69892 6.68461 6.66963 6.65404 6.63793 6.62137 6.60443 6.5872 6.56976 6.55219 6.53455 6.51693 6.49941 6.48206 6.46494 6.44813 6.43169 6.41569 6.40017 6.38519 6.3708 6.35705 6.34397 6.33161 6.32 6.30917 6.29914 6.28994 6.28158 6.2741 6.26748 6.26177 6.25695 6.25304 6.25005 6.24798 6.24684 
6.23977 6.24049 6.24213 6.24471 6.24821 6.25263 6.25797 6.26422 6.27136 6.27939 6.28828 6.29802 6.30859 6.31997 6.33212 6.34501 6.3586 6.37286 6.38774 6.40319 6.41916 6.43559 6.45243 6.46961 6.48706 6.50471 6.52249 6.54033 6.55815 6.57586 6.59341 6.61069 6.62764 6.64419 6.66024 6.67573 6.69058 6.70473 6.7181 6.73063 6.74227 6.75296 6.76264 6.77127 6.77881 6.78522 6.79047 6.79454 6.7974 6.79904 6.79945 6.79864 6.79661 6.79335 6.7889 6.78328 6.7765 6.76861 6.75964 6.74964 6.73865 6.72673 6.71394 6.70034 6.686 6.67098 6.65536 6.63921 6.62261 6.60564 6.58837 6.57089 6.55327 6.53559 6.51794 6.50037 6.48298 6.46582 6.44897 6.43249 6.41644 6.40088 6.38587 6.37144 6.35766 6.34455 6.33216 6.32052 6.30966 6.2996 6.29038 6.282 6.27449 6.26786 6.26213 6.2573 6.25338 6.25038 6.24831 6.24716 
