1.91598 1.91627 1.91656 1.91684 1.9171 1.91736 1.9176 1.91783 1.91803 1.91823 1.9184 1.91856 1.91871 1.91884 1.91896 1.91907 1.91917 1.91927 1.91936 1.91945 1.91954 1.91964 1.91974 1.91985 1.91998 1.92011 1.92026 1.92042 1.9206 1.92079 1.92101 1.92123 1.92148 1.92173 1.92201 1.92229 1.92257 1.92287 1.92316 1.92346 1.92374 1.92402 1.92428 1.92453 1.92475 1.92495 1.92512 1.92526 1.92537 1.92544 1.92548 1.92547 1.92544 1.92537 1.92526 1.92512 1.92495 1.92475 1.92453 1.92429 1.92403 1.92376 1.92348 1.9232 1.92291 1.92262 1.92234 1.92207 1.92181 1.92155 1.92132 1.9211 1.9209 1.92071 1.92054 1.9204 1.92027 1.92016 1.92007 1.91999 1.91994 1.91991 1.9199 1.9199 1.91993 1.91998 1.92005 1.92014 1.92025 1.92039 1.92054 1.92072 1.92092 1.92114 1.92137 1.92162 1.92189 1.92216 1.92245 1.92274 
1.91627 1.91656 1.91685 1.91713 1.91739 1.91765 1.91789 1.91811 1.91832 1.91852 1.91869 1.91885 1.919 1.91913 1.91925 1.91935 1.91946 1.91955 1.91964 1.91973 1.91982 1.91992 1.92002 1.92013 1.92026 1.92039 1.92054 1.9207 1.92088 1.92108 1.9213 1.92153 1.92177 1.92204 1.92231 1.9226 1.92289 1.92319 1.92349 1.92379 1.92409 1.92437 1.92464 1.92489 1.92512 1.92533 1.9255 1.92565 1.92575 1.92583 1.92587 1.92587 1.92583 1.92575 1.92564 1.9255 1.92533 1.92513 1.9249 1.92465 1.92439 1.92411 1.92382 1.92353 1.92323 1.92294 1.92266 1.92238 1.92211 1.92185 1.92161 1.92139 1.92118 1.921 1.92083 1.92068 1.92055 1.92044 1.92035 1.92028 1.92022 1.92019 1.92018 1.92019 1.92021 1.92026 1.92033 1.92043 1.92054 1.92067 1.92083 1.92101 1.92121 1.92143 1.92166 1.92191 1.92218 1.92245 1.92274 1.92303 
1.91656 1.91685 1.91713 1.91741 1.91768 1.91793 1.91817 1.9184 1.91861 1.9188 1.91898 1.91914 1.91928 1.91941 1.91953 1.91965 1.91975 1.91985 1.91994 1.92004 1.92013 1.92024 1.92035 1.92047 1.9206 1.92075 1.92091 1.92109 1.92129 1.92151 1.92174 1.922 1.92227 1.92256 1.92287 1.92318 1.92351 1.92384 1.92418 1.92451 1.92483 1.92514 1.92544 1.92572 1.92597 1.9262 1.92639 1.92655 1.92667 1.92675 1.92679 1.92679 1.92674 1.92666 1.92654 1.92638 1.92619 1.92596 1.92571 1.92544 1.92515 1.92484 1.92452 1.9242 1.92387 1.92355 1.92323 1.92292 1.92263 1.92234 1.92208 1.92183 1.92161 1.9214 1.92121 1.92105 1.9209 1.92078 1.92068 1.9206 1.92054 1.9205 1.92048 1.92049 1.92051 1.92056 1.92063 1.92072 1.92083 1.92096 1.92112 1.92129 1.92149 1.92171 1.92195 1.9222 1.92246 1.92274 1.92302 1.92331 
1.91684 1.91713 1.91741 1.91769 1.91795 1.91821 1.91845 1.91868 1.91889 1.91908 1.91926 1.91942 1.91957 1.9197 1.91982 1.91994 1.92005 1.92015 1.92025 1.92036 1.92047 1.92059 1.92071 1.92085 1.92101 1.92118 1.92137 1.92159 1.92182 1.92208 1.92236 1.92266 1.92298 1.92333 1.92369 1.92406 1.92445 1.92484 1.92523 1.92562 1.926 1.92637 1.92672 1.92704 1.92734 1.9276 1.92782 1.92801 1.92814 1.92824 1.92828 1.92828 1.92823 1.92813 1.92798 1.92779 1.92757 1.9273 1.92701 1.92668 1.92634 1.92598 1.9256 1.92522 1.92484 1.92446 1.92408 1.92372 1.92337 1.92304 1.92273 1.92244 1.92217 1.92193 1.9217 1.92151 1.92134 1.92119 1.92107 1.92097 1.92089 1.92084 1.92081 1.92081 1.92082 1.92086 1.92092 1.92101 1.92112 1.92125 1.9214 1.92158 1.92177 1.92199 1.92223 1.92248 1.92274 1.92302 1.9233 1.92359 
1.9171 1.91739 1.91768 1.91795 1.91822 1.91848 1.91872 1.91895 1.91916 1.91935 1.91953 1.9197 1.91985 1.91999 1.92011 1.92024 1.92035 1.92047 1.92058 1.92071 1.92083 1.92097 1.92113 1.9213 1.92149 1.9217 1.92194 1.9222 1.9225 1.92282 1.92316 1.92354 1.92394 1.92436 1.92481 1.92527 1.92574 1.92622 1.9267 1.92718 1.92764 1.92809 1.92851 1.92891 1.92927 1.92959 1.92986 1.93008 1.93024 1.93035 1.93041 1.9304 1.93033 1.93021 1.93003 1.9298 1.92952 1.92919 1.92883 1.92843 1.92801 1.92757 1.92711 1.92664 1.92617 1.9257 1.92525 1.9248 1.92437 1.92396 1.92358 1.92322 1.92289 1.92259 1.92231 1.92207 1.92186 1.92167 1.92151 1.92139 1.92128 1.92121 1.92116 1.92114 1.92114 1.92117 1.92122 1.9213 1.9214 1.92153 1.92168 1.92185 1.92205 1.92226 1.9225 1.92275 1.92301 1.92328 1.92357 1.92385 
1.91736 1.91765 1.91793 1.91821 1.91848 1.91873 1.91898 1.9192 1.91942 1.91961 1.9198 1.91996 1.92012 1.92027 1.9204 1.92054 1.92067 1.9208 1.92093 1.92108 1.92123 1.92141 1.9216 1.92181 1.92206 1.92233 1.92263 1.92297 1.92334 1.92375 1.92419 1.92466 1.92517 1.92571 1.92627 1.92685 1.92744 1.92804 1.92865 1.92924 1.92983 1.93038 1.93091 1.9314 1.93185 1.93224 1.93258 1.93285 1.93305 1.93319 1.93325 1.93323 1.93315 1.93299 1.93277 1.93247 1.93212 1.93172 1.93126 1.93076 1.93023 1.92968 1.9291 1.92852 1.92793 1.92734 1.92676 1.9262 1.92566 1.92515 1.92466 1.92421 1.92379 1.92341 1.92306 1.92275 1.92247 1.92223 1.92203 1.92186 1.92172 1.92161 1.92154 1.92149 1.92148 1.92149 1.92153 1.9216 1.92169 1.92181 1.92195 1.92212 1.92231 1.92252 1.92276 1.923 1.92327 1.92354 1.92382 1.92411 
1.9176 1.91789 1.91817 1.91845 1.91872 1.91898 1.91922 1.91945 1.91966 1.91987 1.92005 1.92023 1.92039 1.92054 1.92069 1.92084 1.92099 1.92114 1.9213 1.92148 1.92168 1.92189 1.92214 1.92242 1.92273 1.92308 1.92347 1.9239 1.92438 1.92491 1.92548 1.92609 1.92674 1.92742 1.92814 1.92887 1.92963 1.93039 1.93116 1.93191 1.93264 1.93334 1.93401 1.93462 1.93518 1.93567 1.93609 1.93643 1.93668 1.93684 1.93691 1.93689 1.93678 1.93658 1.93629 1.93592 1.93548 1.93496 1.93439 1.93376 1.93309 1.93239 1.93166 1.93092 1.93017 1.92943 1.9287 1.92798 1.9273 1.92664 1.92602 1.92544 1.92491 1.92441 1.92396 1.92356 1.92321 1.92289 1.92262 1.9224 1.92221 1.92206 1.92195 1.92187 1.92183 1.92182 1.92184 1.92189 1.92197 1.92208 1.92222 1.92238 1.92257 1.92278 1.923 1.92325 1.92351 1.92378 1.92406 1.92435 
1.91783 1.91811 1.9184 1.91868 1.91895 1.9192 1.91945 1.91968 1.9199 1.92011 1.9203 1.92048 1.92065 1.92082 1.92099 1.92115 1.92133 1.92151 1.92171 1.92193 1.92218 1.92245 1.92277 1.92313 1.92353 1.92398 1.92449 1.92505 1.92567 1.92635 1.92708 1.92786 1.9287 1.92957 1.93048 1.93143 1.93238 1.93335 1.93432 1.93527 1.9362 1.93708 1.93792 1.93869 1.93939 1.94 1.94052 1.94094 1.94125 1.94145 1.94154 1.94151 1.94136 1.94111 1.94074 1.94027 1.93971 1.93906 1.93833 1.93754 1.93669 1.9358 1.93488 1.93394 1.93299 1.93205 1.93112 1.93021 1.92933 1.9285 1.92771 1.92696 1.92627 1.92564 1.92506 1.92454 1.92408 1.92367 1.92332 1.92301 1.92276 1.92256 1.9224 1.92228 1.9222 1.92216 1.92216 1.92219 1.92226 1.92235 1.92248 1.92263 1.92281 1.92302 1.92324 1.92348 1.92374 1.92401 1.92429 1.92458 
1.91803 1.91832 1.91861 1.91889 1.91916 1.91942 1.91966 1.9199 1.92012 1.92033 1.92053 1.92073 1.92091 1.9211 1.92128 1.92148 1.92168 1.92191 1.92215 1.92243 1.92275 1.9231 1.92351 1.92397 1.92449 1.92508 1.92573 1.92646 1.92725 1.92812 1.92906 1.93006 1.93113 1.93224 1.9334 1.9346 1.93581 1.93704 1.93826 1.93945 1.94062 1.94173 1.94277 1.94374 1.94461 1.94537 1.94602 1.94654 1.94692 1.94717 1.94727 1.94723 1.94704 1.94671 1.94625 1.94566 1.94495 1.94413 1.94322 1.94222 1.94115 1.94003 1.93887 1.93768 1.93648 1.93529 1.93411 1.93296 1.93185 1.93078 1.92978 1.92883 1.92795 1.92714 1.92639 1.92572 1.92512 1.92459 1.92413 1.92373 1.9234 1.92312 1.9229 1.92273 1.9226 1.92253 1.92249 1.9225 1.92254 1.92262 1.92273 1.92288 1.92305 1.92324 1.92346 1.9237 1.92396 1.92422 1.9245 1.92479 
1.91823 1.91852 1.9188 1.91908 1.91935 1.91961 1.91987 1.92011 1.92033 1.92055 1.92076 1.92097 1.92117 1.92138 1.9216 1.92182 1.92207 1.92235 1.92266 1.92301 1.92341 1.92386 1.92439 1.92498 1.92565 1.9264 1.92724 1.92817 1.92919 1.9303 1.9315 1.93277 1.93412 1.93553 1.937 1.9385 1.94003 1.94157 1.94309 1.94459 1.94604 1.94742 1.94872 1.94992 1.951 1.95195 1.95274 1.95338 1.95386 1.95416 1.95428 1.95422 1.95398 1.95357 1.95299 1.95225 1.95136 1.95034 1.94919 1.94794 1.94661 1.9452 1.94375 1.94226 1.94076 1.93926 1.93778 1.93633 1.93493 1.93358 1.9323 1.9311 1.92998 1.92895 1.928 1.92715 1.92638 1.9257 1.9251 1.92458 1.92414 1.92377 1.92346 1.92322 1.92304 1.92292 1.92285 1.92282 1.92283 1.92289 1.92299 1.92311 1.92327 1.92346 1.92367 1.9239 1.92416 1.92442 1.9247 1.92498 
1.9184 1.91869 1.91898 1.91926 1.91953 1.9198 1.92005 1.9203 1.92053 1.92076 1.92099 1.92121 1.92144 1.92168 1.92193 1.9222 1.9225 1.92284 1.92323 1.92367 1.92418 1.92476 1.92543 1.92619 1.92705 1.92801 1.92908 1.93026 1.93156 1.93296 1.93447 1.93608 1.93778 1.93955 1.94138 1.94326 1.94517 1.94708 1.94897 1.95083 1.95262 1.95433 1.95594 1.95741 1.95874 1.9599 1.96087 1.96166 1.96223 1.96259 1.96273 1.96265 1.96235 1.96184 1.96112 1.9602 1.9591 1.95783 1.95642 1.95487 1.95321 1.95147 1.94966 1.94781 1.94594 1.94407 1.94222 1.94041 1.93866 1.93697 1.93537 1.93386 1.93245 1.93114 1.92995 1.92886 1.92788 1.92701 1.92624 1.92557 1.925 1.92451 1.92411 1.92379 1.92354 1.92335 1.92322 1.92315 1.92314 1.92317 1.92324 1.92335 1.92349 1.92367 1.92387 1.9241 1.92434 1.9246 1.92488 1.92516 
1.91856 1.91885 1.91914 1.91942 1.9197 1.91996 1.92023 1.92048 1.92073 1.92097 1.92121 1.92146 1.92172 1.92199 1.92229 1.92261 1.92299 1.92341 1.92389 1.92445 1.9251 1.92584 1.92669 1.92765 1.92874 1.92996 1.93131 1.9328 1.93443 1.93619 1.93808 1.94009 1.9422 1.94441 1.94668 1.94901 1.95136 1.95372 1.95605 1.95833 1.96053 1.96262 1.96458 1.96638 1.96799 1.9694 1.97059 1.97153 1.97223 1.97266 1.97282 1.97272 1.97234 1.97171 1.97082 1.9697 1.96835 1.96679 1.96505 1.96315 1.96112 1.95898 1.95676 1.95448 1.95217 1.94986 1.94757 1.94533 1.94316 1.94106 1.93907 1.93718 1.93542 1.93378 1.93228 1.93091 1.92968 1.92858 1.9276 1.92675 1.92601 1.92539 1.92486 1.92443 1.92409 1.92383 1.92364 1.92352 1.92346 1.92345 1.92349 1.92358 1.9237 1.92387 1.92406 1.92428 1.92451 1.92477 1.92504 1.92532 
1.91871 1.919 1.91928 1.91957 1.91985 1.92012 1.92039 1.92065 1.92091 1.92117 1.92144 1.92172 1.92201 1.92233 1.92268 1.92308 1.92354 1.92406 1.92467 1.92538 1.92619 1.92712 1.92819 1.9294 1.93077 1.9323 1.93399 1.93586 1.93789 1.94008 1.94242 1.94491 1.94752 1.95023 1.95303 1.95588 1.95876 1.96164 1.96448 1.96725 1.96992 1.97246 1.97483 1.977 1.97895 1.98064 1.98207 1.9832 1.98403 1.98454 1.98473 1.98459 1.98414 1.98336 1.98228 1.98091 1.97927 1.97739 1.97527 1.97297 1.97049 1.96788 1.96517 1.96239 1.95958 1.95675 1.95395 1.9512 1.94852 1.94594 1.94348 1.94115 1.93897 1.93694 1.93507 1.93337 1.93183 1.93044 1.92922 1.92814 1.92721 1.92641 1.92574 1.92518 1.92472 1.92437 1.9241 1.92391 1.9238 1.92375 1.92376 1.92381 1.92392 1.92406 1.92424 1.92444 1.92468 1.92493 1.92519 1.92547 
1.91884 1.91913 1.91941 1.9197 1.91999 1.92027 1.92054 1.92082 1.9211 1.92138 1.92168 1.92199 1.92233 1.92271 1.92313 1.92362 1.92418 1.92483 1.92559 1.92647 1.92749 1.92866 1.92999 1.93151 1.93321 1.93511 1.93721 1.93952 1.94202 1.94472 1.9476 1.95065 1.95384 1.95715 1.96055 1.96401 1.9675 1.97098 1.97441 1.97775 1.98096 1.984 1.98684 1.98944 1.99176 1.99379 1.99548 1.99683 1.99781 1.99841 1.99863 1.99846 1.9979 1.99697 1.99567 1.99402 1.99205 1.98978 1.98724 1.98446 1.98148 1.97834 1.97507 1.97171 1.9683 1.96488 1.96148 1.95813 1.95487 1.95173 1.94872 1.94587 1.94319 1.9407 1.93839 1.93629 1.93438 1.93266 1.93114 1.92979 1.92862 1.92761 1.92676 1.92604 1.92546 1.92499 1.92462 1.92436 1.92418 1.92407 1.92403 1.92406 1.92413 1.92425 1.92441 1.92461 1.92483 1.92507 1.92533 1.9256 
1.91896 1.91925 1.91953 1.91982 1.92011 1.9204 1.92069 1.92099 1.92128 1.9216 1.92193 1.92229 1.92268 1.92313 1.92365 1.92424 1.92493 1.92574 1.92668 1.92777 1.92903 1.93048 1.93214 1.93401 1.93612 1.93846 1.94104 1.94387 1.94693 1.95022 1.95373 1.95742 1.96129 1.96529 1.96939 1.97355 1.97774 1.9819 1.986 1.98998 1.9938 1.99741 2.00078 2.00386 2.00661 2.009 2.011 2.01258 2.01373 2.01443 2.01468 2.01446 2.0138 2.01268 2.01113 2.00917 2.00683 2.00413 2.0011 1.9978 1.99425 1.99049 1.98658 1.98256 1.97848 1.97437 1.97028 1.96625 1.96232 1.95852 1.95488 1.95142 1.94816 1.94513 1.94231 1.93974 1.93739 1.93528 1.9334 1.93174 1.93029 1.92903 1.92796 1.92705 1.92631 1.9257 1.92522 1.92486 1.9246 1.92442 1.92433 1.92431 1.92435 1.92445 1.92459 1.92476 1.92497 1.9252 1.92546 1.92572 
1.91907 1.91935 1.91965 1.91994 1.92024 1.92054 1.92084 1.92115 1.92148 1.92182 1.9222 1.92261 1.92308 1.92362 1.92424 1.92496 1.92581 1.92681 1.92796 1.92931 1.93087 1.93265 1.93469 1.93699 1.93956 1.94242 1.94556 1.949 1.95271 1.95669 1.96091 1.96535 1.96998 1.97477 1.97966 1.98462 1.98959 1.99453 1.99937 2.00407 2.00858 2.01283 2.01679 2.0204 2.02362 2.02641 2.02874 2.03059 2.03192 2.03273 2.03301 2.03275 2.03195 2.03064 2.02881 2.02651 2.02375 2.02057 2.017 2.0131 2.00891 2.00448 1.99985 1.99509 1.99024 1.98535 1.98049 1.97568 1.97098 1.96643 1.96206 1.9579 1.95398 1.95031 1.94691 1.94378 1.94094 1.93837 1.93607 1.93403 1.93224 1.93069 1.92936 1.92823 1.92729 1.92652 1.92591 1.92543 1.92507 1.92482 1.92466 1.92459 1.92459 1.92465 1.92476 1.92492 1.92511 1.92533 1.92558 1.92584 
1.91917 1.91946 1.91975 1.92005 1.92035 1.92067 1.92099 1.92133 1.92168 1.92207 1.9225 1.92299 1.92354 1.92418 1.92493 1.92581 1.92685 1.92806 1.92948 1.93113 1.93303 1.93521 1.93769 1.94048 1.94361 1.94706 1.95086 1.95499 1.95944 1.9642 1.96924 1.97453 1.98004 1.9857 1.99149 1.99733 2.00319 2.00898 2.01466 2.02016 2.02541 2.03037 2.03497 2.03916 2.0429 2.04613 2.04883 2.05095 2.05249 2.05342 2.05372 2.05341 2.05248 2.05094 2.04881 2.04613 2.04291 2.0392 2.03505 2.03049 2.02559 2.0204 2.01498 2.00939 2.00369 1.99794 1.9922 1.98652 1.98096 1.97556 1.97036 1.96541 1.96072 1.95633 1.95225 1.9485 1.94507 1.94196 1.93918 1.9367 1.93453 1.93263 1.931 1.92961 1.92844 1.92748 1.9267 1.92608 1.92561 1.92526 1.92503 1.92489 1.92484 1.92486 1.92494 1.92507 1.92525 1.92545 1.92569 1.92594 
1.91927 1.91955 1.91985 1.92015 1.92047 1.9208 1.92114 1.92151 1.92191 1.92235 1.92284 1.92341 1.92406 1.92483 1.92574 1.92681 1.92806 1.92954 1.93126 1.93326 1.93557 1.93821 1.9412 1.94457 1.94832 1.95247 1.957 1.96193 1.96722 1.97287 1.97883 1.98507 1.99154 1.9982 2.00497 2.0118 2.01862 2.02535 2.03194 2.03831 2.04439 2.05011 2.0554 2.06022 2.06451 2.06822 2.07131 2.07374 2.07549 2.07654 2.07688 2.07651 2.07543 2.07365 2.0712 2.0681 2.06439 2.06011 2.05531 2.05004 2.04437 2.03836 2.03207 2.02557 2.01893 2.01222 2.00551 1.99886 1.99233 1.98598 1.97986 1.97401 1.96847 1.96326 1.95842 1.95394 1.94984 1.94613 1.94279 1.93981 1.93718 1.93489 1.9329 1.93121 1.92978 1.92858 1.92761 1.92683 1.92622 1.92576 1.92544 1.92523 1.92512 1.92509 1.92513 1.92523 1.92538 1.92557 1.9258 1.92604 
1.91936 1.91964 1.91994 1.92025 1.92058 1.92093 1.9213 1.92171 1.92215 1.92266 1.92323 1.92389 1.92467 1.92559 1.92668 1.92796 1.92948 1.93126 1.93334 1.93575 1.93853 1.9417 1.94528 1.9493 1.95377 1.95869 1.96407 1.96989 1.97613 1.98276 1.98975 1.99704 2.00459 2.01232 2.02018 2.02808 2.03595 2.04371 2.05129 2.05859 2.06555 2.07208 2.07813 2.08362 2.08849 2.0927 2.09621 2.09896 2.10094 2.10212 2.10249 2.10206 2.10082 2.09879 2.09599 2.09245 2.08821 2.08332 2.07783 2.07181 2.0653 2.0584 2.05117 2.04368 2.03602 2.02827 2.0205 2.01278 2.00519 1.99779 1.99065 1.9838 1.9773 1.97118 1.96546 1.96018 1.95533 1.95092 1.94694 1.94339 1.94025 1.93749 1.9351 1.93305 1.93132 1.92986 1.92866 1.92769 1.92693 1.92634 1.9259 1.9256 1.92542 1.92534 1.92533 1.9254 1.92552 1.9257 1.9259 1.92614 
1.91945 1.91973 1.92004 1.92036 1.92071 1.92108 1.92148 1.92193 1.92243 1.92301 1.92367 1.92445 1.92538 1.92647 1.92777 1.92931 1.93113 1.93326 1.93575 1.93864 1.94195 1.94572 1.94997 1.95473 1.96001 1.9658 1.97212 1.97893 1.98622 1.99394 2.00206 2.0105 2.01922 2.02813 2.03716 2.04622 2.05523 2.06409 2.07271 2.08101 2.0889 2.0963 2.10313 2.10933 2.11482 2.11956 2.12349 2.12658 2.12879 2.13011 2.13052 2.13002 2.12861 2.12631 2.12315 2.11915 2.11436 2.10883 2.10261 2.09578 2.0884 2.08054 2.07231 2.06377 2.05501 2.04613 2.03721 2.02834 2.01959 2.01104 2.00277 1.99482 1.98726 1.98013 1.97345 1.96726 1.96156 1.95637 1.95168 1.94748 1.94376 1.94048 1.93763 1.93518 1.93309 1.93133 1.92987 1.92868 1.92773 1.92699 1.92643 1.92603 1.92576 1.92561 1.92556 1.92558 1.92567 1.92582 1.92601 1.92624 
1.91954 1.91982 1.92013 1.92047 1.92083 1.92123 1.92168 1.92218 1.92275 1.92341 1.92418 1.9251 1.92619 1.92749 1.92903 1.93087 1.93303 1.93557 1.93853 1.94195 1.94586 1.95031 1.95532 1.9609 1.96708 1.97385 1.9812 1.98911 1.99755 2.00646 2.0158 2.0255 2.03548 2.04566 2.05595 2.06624 2.07645 2.08647 2.0962 2.10554 2.11441 2.12271 2.13036 2.13728 2.14341 2.14869 2.15307 2.1565 2.15896 2.16041 2.16086 2.16029 2.15871 2.15614 2.1526 2.14812 2.14276 2.13656 2.12959 2.12191 2.11361 2.10477 2.09547 2.08581 2.0759 2.06582 2.05567 2.04555 2.03556 2.02577 2.01627 2.00713 1.99841 1.99016 1.98243 1.97523 1.9686 1.96254 1.95706 1.95213 1.94775 1.94388 1.94051 1.9376 1.93511 1.93301 1.93125 1.92981 1.92865 1.92773 1.92703 1.92651 1.92615 1.92592 1.9258 1.92578 1.92584 1.92596 1.92613 1.92634 
1.91964 1.91992 1.92024 1.92059 1.92097 1.92141 1.92189 1.92245 1.9231 1.92386 1.92476 1.92584 1.92712 1.92866 1.93048 1.93265 1.93521 1.93821 1.9417 1.94572 1.95031 1.95552 1.96136 1.96786 1.97503 1.98287 1.99135 2.00046 2.01014 2.02035 2.03101 2.04205 2.05338 2.0649 2.07651 2.0881 2.09957 2.1108 2.12168 2.13211 2.14198 2.15121 2.15969 2.16736 2.17414 2.17997 2.1848 2.18858 2.19128 2.19288 2.19336 2.19272 2.19097 2.18812 2.18419 2.17924 2.17329 2.16641 2.15867 2.15012 2.14087 2.131 2.1206 2.10978 2.09865 2.0873 2.07586 2.06442 2.0531 2.04199 2.03117 2.02074 2.01077 2.00131 1.99242 1.98413 1.97648 1.96946 1.96309 1.95736 1.95224 1.94773 1.94377 1.94034 1.9374 1.93491 1.93282 1.9311 1.9297 1.92858 1.92771 1.92705 1.92658 1.92626 1.92607 1.926 1.92601 1.9261 1.92625 1.92645 
1.91974 1.92002 1.92035 1.92071 1.92113 1.9216 1.92214 1.92277 1.92351 1.92439 1.92543 1.92669 1.92819 1.92999 1.93214 1.93469 1.93769 1.9412 1.94528 1.94997 1.95532 1.96136 1.96813 1.97564 1.98389 1.99289 2.0026 2.01299 2.02401 2.0356 2.04766 2.06012 2.07287 2.0858 2.0988 2.11174 2.12451 2.13699 2.14905 2.16058 2.17148 2.18164 2.19097 2.19939 2.20682 2.2132 2.21848 2.22261 2.22555 2.22729 2.2278 2.2271 2.22517 2.22204 2.21774 2.2123 2.20577 2.19821 2.18968 2.18027 2.17005 2.15912 2.1476 2.13558 2.12318 2.11053 2.09773 2.08492 2.07219 2.05968 2.04747 2.03566 2.02435 2.01359 2.00345 1.99398 1.98521 1.97715 1.96981 1.96319 1.95728 1.95203 1.94743 1.94343 1.93999 1.93706 1.93459 1.93255 1.93088 1.92953 1.92848 1.92766 1.92707 1.92665 1.92638 1.92624 1.9262 1.92625 1.92638 1.92656 
1.91985 1.92013 1.92047 1.92085 1.9213 1.92181 1.92242 1.92313 1.92397 1.92498 1.92619 1.92765 1.9294 1.93151 1.93401 1.93699 1.94048 1.94457 1.9493 1.95473 1.9609 1.96786 1.97564 1.98424 1.99367 2.00391 2.01494 2.0267 2.03915 2.05218 2.06573 2.07967 2.0939 2.1083 2.12272 2.13706 2.15116 2.1649 2.17815 2.1908 2.20272 2.21382 2.22399 2.23315 2.24122 2.24814 2.25386 2.25833 2.26151 2.26338 2.26393 2.26316 2.26107 2.25767 2.253 2.24709 2.23998 2.23174 2.22244 2.21215 2.20096 2.18898 2.17632 2.16308 2.1494 2.1354 2.12121 2.10696 2.09278 2.0788 2.06513 2.05187 2.03913 2.02699 2.01552 2.00478 1.9948 1.98562 1.97723 1.96965 1.96285 1.95682 1.9515 1.94687 1.94287 1.93946 1.93658 1.93418 1.93221 1.93061 1.92934 1.92835 1.92761 1.92708 1.92672 1.92651 1.92642 1.92643 1.92652 1.92668 
1.91998 1.92026 1.9206 1.92101 1.92149 1.92206 1.92273 1.92353 1.92449 1.92565 1.92705 1.92874 1.93077 1.93321 1.93612 1.93956 1.94361 1.94832 1.95377 1.96001 1.96708 1.97503 1.98389 1.99367 2.00435 2.01592 2.02835 2.04157 2.0555 2.07006 2.08514 2.10063 2.11638 2.13227 2.14816 2.16389 2.17933 2.19434 2.20879 2.22254 2.23547 2.24748 2.25847 2.26836 2.27705 2.2845 2.29064 2.29543 2.29884 2.30085 2.30144 2.3006 2.29835 2.29469 2.28967 2.2833 2.27564 2.26674 2.25668 2.24554 2.2334 2.22038 2.20657 2.19212 2.17714 2.16178 2.14617 2.13046 2.11478 2.09928 2.08409 2.06932 2.05509 2.04149 2.02861 2.01652 2.00526 1.99487 1.98536 1.97674 1.96899 1.96209 1.956 1.95068 1.94607 1.94213 1.93879 1.936 1.93369 1.93181 1.9303 1.92912 1.92822 1.92756 1.9271 1.9268 1.92665 1.92661 1.92668 1.92682 
1.92011 1.92039 1.92075 1.92118 1.9217 1.92233 1.92308 1.92398 1.92508 1.9264 1.92801 1.92996 1.9323 1.93511 1.93846 1.94242 1.94706 1.95247 1.95869 1.9658 1.97385 1.98287 1.99289 2.00391 2.01592 2.0289 2.04279 2.05753 2.07301 2.08915 2.10581 2.12287 2.14017 2.15758 2.17493 2.19207 2.20885 2.22511 2.24072 2.25555 2.26946 2.28236 2.29414 2.30471 2.314 2.32194 2.32848 2.33358 2.33721 2.33934 2.33996 2.33907 2.33667 2.33278 2.32741 2.32062 2.31243 2.30291 2.29213 2.28016 2.2671 2.25306 2.23815 2.22249 2.20623 2.1895 2.17247 2.15527 2.13808 2.12103 2.10427 2.08793 2.07215 2.05704 2.04269 2.02917 2.01656 2.00489 1.99418 1.98445 1.97568 1.96785 1.96093 1.95486 1.94959 1.94507 1.94123 1.938 1.93532 1.93313 1.93137 1.92997 1.9289 1.92809 1.92752 1.92713 1.92691 1.92682 1.92685 1.92697 
1.92026 1.92054 1.92091 1.92137 1.92194 1.92263 1.92347 1.92449 1.92573 1.92724 1.92908 1.93131 1.93399 1.93721 1.94104 1.94556 1.95086 1.957 1.96407 1.97212 1.9812 1.99135 2.0026 2.01494 2.02835 2.04279 2.05821 2.07451 2.09159 2.10934 2.12761 2.14626 2.16512 2.18404 2.20285 2.22138 2.23946 2.25694 2.27369 2.28954 2.3044 2.31813 2.33065 2.34187 2.3517 2.3601 2.36702 2.3724 2.37623 2.37847 2.37913 2.37819 2.37566 2.37155 2.36588 2.35869 2.35002 2.33992 2.32846 2.31572 2.30178 2.28676 2.27077 2.25395 2.23643 2.21836 2.19991 2.18124 2.16251 2.1439 2.12555 2.10762 2.09025 2.07357 2.05769 2.04269 2.02866 2.01564 2.00367 1.99277 1.98291 1.9741 1.96628 1.95941 1.95343 1.94828 1.9439 1.9402 1.93712 1.93459 1.93255 1.93092 1.92965 1.92868 1.92798 1.9275 1.9272 1.92705 1.92704 1.92713 
1.92042 1.9207 1.92109 1.92159 1.9222 1.92297 1.9239 1.92505 1.92646 1.92817 1.93026 1.9328 1.93586 1.93952 1.94387 1.949 1.95499 1.96193 1.96989 1.97893 1.98911 2.00046 2.01299 2.0267 2.04157 2.05753 2.07451 2.09241 2.11112 2.1305 2.15039 2.17063 2.19105 2.21146 2.23169 2.25157 2.27091 2.28957 2.30738 2.32422 2.33995 2.35446 2.36766 2.37947 2.3898 2.39862 2.40587 2.41151 2.41551 2.41786 2.41855 2.41757 2.41493 2.41063 2.40469 2.39715 2.38805 2.37742 2.36534 2.35188 2.33713 2.32119 2.30418 2.28624 2.2675 2.24813 2.2283 2.20817 2.18793 2.16774 2.1478 2.12825 2.10927 2.09099 2.07353 2.05701 2.04151 2.02709 2.0138 2.00166 1.99067 1.9808 1.97204 1.96431 1.95758 1.95177 1.9468 1.94259 1.93908 1.93619 1.93383 1.93195 1.93047 1.92933 1.92849 1.9279 1.92752 1.92731 1.92724 1.92731 
1.9206 1.92088 1.92129 1.92182 1.9225 1.92334 1.92438 1.92567 1.92725 1.92919 1.93156 1.93443 1.93789 1.94202 1.94693 1.95271 1.95944 1.96722 1.97613 1.98622 1.99755 2.01014 2.02401 2.03915 2.0555 2.07301 2.09159 2.11112 2.13147 2.15248 2.17398 2.1958 2.21773 2.2396 2.26122 2.28238 2.30293 2.32269 2.34151 2.35924 2.37578 2.391 2.40481 2.41714 2.42792 2.4371 2.44464 2.4505 2.45466 2.45711 2.45783 2.45682 2.45408 2.44962 2.44346 2.43562 2.42613 2.41504 2.40241 2.3883 2.37281 2.35602 2.33807 2.31907 2.29919 2.27857 2.2574 2.23585 2.21412 2.19239 2.17086 2.1497 2.12909 2.10918 2.09013 2.07205 2.05504 2.03918 2.02452 2.0111 1.99891 1.98795 1.97819 1.96957 1.96203 1.95551 1.94991 1.94518 1.9412 1.93791 1.93523 1.93306 1.93136 1.93004 1.92905 1.92834 1.92786 1.92758 1.92747 1.9275 
1.92079 1.92108 1.92151 1.92208 1.92282 1.92375 1.92491 1.92635 1.92812 1.9303 1.93296 1.93619 1.94008 1.94472 1.95022 1.95669 1.9642 1.97287 1.98276 1.99394 2.00646 2.02035 2.0356 2.05218 2.07006 2.08915 2.10934 2.1305 2.15248 2.17511 2.19819 2.22155 2.24496 2.26823 2.29116 2.31355 2.33522 2.356 2.37574 2.39429 2.41154 2.42739 2.44174 2.45452 2.46568 2.47517 2.48295 2.489 2.4933 2.49582 2.49657 2.49554 2.49273 2.48815 2.4818 2.47371 2.46391 2.45243 2.43932 2.42464 2.40849 2.39094 2.37212 2.35216 2.3312 2.3094 2.28696 2.26405 2.24088 2.21764 2.19455 2.17179 2.14956 2.12803 2.10737 2.08771 2.06916 2.05183 2.03577 2.02102 2.0076 1.99551 1.9847 1.97514 1.96676 1.95949 1.95325 1.94794 1.94347 1.93976 1.93672 1.93427 1.93232 1.9308 1.92965 1.92881 1.92823 1.92788 1.92772 1.92772 
1.92101 1.9213 1.92174 1.92236 1.92316 1.92419 1.92548 1.92708 1.92906 1.9315 1.93447 1.93808 1.94242 1.9476 1.95373 1.96091 1.96924 1.97883 1.98975 2.00206 2.0158 2.03101 2.04766 2.06573 2.08514 2.10581 2.12761 2.15039 2.17398 2.19819 2.22283 2.24766 2.27249 2.29709 2.32125 2.34478 2.36748 2.38919 2.40975 2.42903 2.44691 2.46329 2.47809 2.49126 2.50273 2.51246 2.52044 2.52664 2.53104 2.53363 2.53441 2.53337 2.53051 2.52584 2.51935 2.51107 2.50102 2.48922 2.47571 2.46056 2.44384 2.42563 2.40604 2.38519 2.36325 2.34037 2.31673 2.29253 2.26798 2.24329 2.21868 2.19435 2.17053 2.14739 2.12512 2.10387 2.08378 2.06495 2.04746 2.03137 2.01669 2.00342 1.99154 1.98101 1.97175 1.9637 1.95677 1.95086 1.94588 1.94174 1.93832 1.93555 1.93334 1.93161 1.93029 1.92932 1.92864 1.9282 1.92798 1.92795 
1.92123 1.92153 1.922 1.92266 1.92354 1.92466 1.92609 1.92786 1.93006 1.93277 1.93608 1.94009 1.94491 1.95065 1.95742 1.96535 1.97453 1.98507 1.99704 2.0105 2.0255 2.04205 2.06012 2.07967 2.10063 2.12287 2.14626 2.17063 2.1958 2.22155 2.24766 2.27392 2.30008 2.32592 2.35123 2.3758 2.39944 2.42197 2.44325 2.46315 2.48156 2.49838 2.51355 2.52701 2.53872 2.54864 2.55677 2.56307 2.56755 2.57019 2.571 2.56996 2.56708 2.56235 2.55577 2.54736 2.53712 2.52508 2.51127 2.49574 2.47854 2.45976 2.43951 2.41789 2.39506 2.37119 2.34645 2.32104 2.29519 2.26911 2.24304 2.2172 2.19182 2.1671 2.14324 2.12042 2.09879 2.07846 2.05953 2.04206 2.0261 2.01164 1.99866 1.98712 1.97697 1.96811 1.96047 1.95394 1.94842 1.94382 1.94001 1.93692 1.93443 1.93248 1.93098 1.92986 1.92907 1.92855 1.92827 1.9282 
1.92148 1.92177 1.92227 1.92298 1.92394 1.92517 1.92674 1.9287 1.93113 1.93412 1.93778 1.9422 1.94752 1.95384 1.96129 1.96998 1.98004 1.99154 2.00459 2.01922 2.03548 2.05338 2.07287 2.0939 2.11638 2.14017 2.16512 2.19105 2.21773 2.24496 2.27249 2.30008 2.32749 2.35448 2.38083 2.40633 2.4308 2.45405 2.47594 2.49636 2.51519 2.53236 2.5478 2.56148 2.57335 2.58341 2.59162 2.598 2.60253 2.60521 2.60604 2.60501 2.60212 2.59737 2.59076 2.58227 2.57192 2.55972 2.54569 2.52986 2.5123 2.49306 2.47224 2.44996 2.42636 2.4016 2.37586 2.34934 2.32228 2.2949 2.26744 2.24015 2.21326 2.187 2.16159 2.13722 2.11405 2.09223 2.07187 2.05303 2.03577 2.0201 2.006 1.99345 1.98237 1.97269 1.96432 1.95715 1.95108 1.94599 1.94178 1.93834 1.93558 1.93339 1.9317 1.93043 1.92952 1.92892 1.92857 1.92846 
1.92173 1.92204 1.92256 1.92333 1.92436 1.92571 1.92742 1.92957 1.93224 1.93553 1.93955 1.94441 1.95023 1.95715 1.96529 1.97477 1.9857 1.9982 2.01232 2.02813 2.04566 2.0649 2.0858 2.1083 2.13227 2.15758 2.18404 2.21146 2.2396 2.26823 2.29709 2.32592 2.35448 2.38252 2.4098 2.43613 2.4613 2.48516 2.50756 2.52838 2.54754 2.56496 2.58059 2.5944 2.60637 2.61649 2.62475 2.63116 2.63571 2.63841 2.63927 2.63826 2.6354 2.63066 2.62405 2.61554 2.60515 2.59286 2.5787 2.56268 2.54484 2.52525 2.50398 2.48115 2.45688 2.43134 2.40471 2.37719 2.34902 2.32042 2.29166 2.26299 2.23466 2.20693 2.18001 2.15412 2.12946 2.10617 2.08437 2.06417 2.04561 2.02873 2.01352 1.99993 1.98792 1.9774 1.96829 1.96046 1.95382 1.94825 1.94362 1.93983 1.93677 1.93434 1.93246 1.93103 1.93 1.9293 1.92889 1.92874 
1.92201 1.92231 1.92287 1.92369 1.92481 1.92627 1.92814 1.93048 1.9334 1.937 1.94138 1.94668 1.95303 1.96055 1.96939 1.97966 1.99149 2.00497 2.02018 2.03716 2.05595 2.07651 2.0988 2.12272 2.14816 2.17493 2.20285 2.23169 2.26122 2.29116 2.32125 2.35123 2.38083 2.4098 2.43791 2.46495 2.49072 2.51507 2.53786 2.55899 2.57837 2.59595 2.61169 2.62556 2.63756 2.64768 2.65594 2.66235 2.6669 2.66961 2.67048 2.6695 2.66668 2.66199 2.65542 2.64696 2.63658 2.62428 2.61007 2.59394 2.57593 2.55608 2.53448 2.5112 2.48639 2.46018 2.43277 2.40436 2.37518 2.34547 2.3155 2.28554 2.25585 2.2267 2.19834 2.17099 2.14486 2.12013 2.09694 2.07539 2.05555 2.03747 2.02113 2.00652 1.99357 1.98221 1.97234 1.96386 1.95664 1.95056 1.94551 1.94136 1.938 1.93533 1.93324 1.93165 1.9305 1.9297 1.92923 1.92903 
1.92229 1.9226 1.92318 1.92406 1.92527 1.92685 1.92887 1.93143 1.9346 1.9385 1.94326 1.94901 1.95588 1.96401 1.97355 1.98462 1.99733 2.0118 2.02808 2.04622 2.06624 2.0881 2.11174 2.13706 2.16389 2.19207 2.22138 2.25157 2.28238 2.31355 2.34478 2.3758 2.40633 2.43613 2.46495 2.49258 2.51884 2.54357 2.56665 2.58798 2.6075 2.62515 2.64091 2.65477 2.66674 2.67682 2.68503 2.6914 2.69593 2.69863 2.69952 2.69858 2.69582 2.6912 2.68472 2.67634 2.66604 2.6538 2.6396 2.62346 2.60537 2.58537 2.56352 2.53992 2.51466 2.48791 2.45983 2.43064 2.40056 2.36984 2.33876 2.3076 2.27664 2.24615 2.21641 2.18766 2.16013 2.13401 2.10946 2.08659 2.0655 2.04622 2.02878 2.01314 1.99926 1.98706 1.97644 1.96729 1.9595 1.95292 1.94744 1.94293 1.93926 1.93634 1.93404 1.93229 1.93101 1.93012 1.92957 1.92933 
1.92257 1.92289 1.92351 1.92445 1.92574 1.92744 1.92963 1.93238 1.93581 1.94003 1.94517 1.95136 1.95876 1.9675 1.97774 1.98959 2.00319 2.01862 2.03595 2.05523 2.07645 2.09957 2.12451 2.15116 2.17933 2.20885 2.23946 2.27091 2.30293 2.33522 2.36748 2.39944 2.4308 2.4613 2.49072 2.51884 2.54548 2.57049 2.59376 2.61521 2.63477 2.65241 2.66812 2.68191 2.69379 2.70378 2.71191 2.71821 2.7227 2.72538 2.72628 2.72539 2.7227 2.71818 2.71181 2.70356 2.69339 2.68127 2.66717 2.65108 2.63299 2.61293 2.59095 2.56711 2.54153 2.51433 2.4857 2.45583 2.42496 2.39334 2.36126 2.32899 2.29685 2.26512 2.23408 2.204 2.17513 2.14767 2.12181 2.09767 2.07535 2.05492 2.03639 2.01975 2.00495 1.99192 1.98055 1.97075 1.96237 1.95529 1.94938 1.94451 1.94054 1.93736 1.93486 1.93294 1.93153 1.93054 1.92993 1.92964 
1.92287 1.92319 1.92384 1.92484 1.92622 1.92804 1.93039 1.93335 1.93704 1.94157 1.94708 1.95372 1.96164 1.97098 1.9819 1.99453 2.00898 2.02535 2.04371 2.06409 2.08647 2.1108 2.13699 2.1649 2.19434 2.22511 2.25694 2.28957 2.32269 2.356 2.38919 2.42197 2.45405 2.48516 2.51507 2.54357 2.57049 2.59569 2.61906 2.64054 2.66007 2.67763 2.69324 2.70689 2.71864 2.7285 2.73651 2.74272 2.74714 2.74981 2.75072 2.74988 2.74727 2.74287 2.73665 2.72856 2.71856 2.7066 2.69266 2.67669 2.65868 2.63864 2.61661 2.59263 2.56681 2.53928 2.5102 2.47977 2.44821 2.4158 2.38282 2.34955 2.31632 2.28344 2.25119 2.21986 2.18972 2.161 2.13387 2.10851 2.08502 2.06347 2.04389 2.02627 2.01058 1.99673 1.98463 1.97418 1.96523 1.95766 1.95132 1.94609 1.94181 1.93838 1.93568 1.9336 1.93205 1.93097 1.93028 1.92996 
1.92316 1.92349 1.92418 1.92523 1.9267 1.92865 1.93116 1.93432 1.93826 1.94309 1.94897 1.95605 1.96448 1.97441 1.986 1.99937 2.01466 2.03194 2.05129 2.07271 2.0962 2.12168 2.14905 2.17815 2.20879 2.24072 2.27369 2.30738 2.34151 2.37574 2.40975 2.44325 2.47594 2.50756 2.53786 2.56665 2.59376 2.61906 2.64246 2.66389 2.68332 2.70075 2.71619 2.72968 2.74125 2.75095 2.75882 2.76491 2.76926 2.77189 2.77281 2.77202 2.76951 2.76524 2.75919 2.75129 2.74149 2.72975 2.71601 2.70021 2.68235 2.6624 2.64039 2.61637 2.5904 2.56263 2.53319 2.5023 2.47016 2.43706 2.40328 2.36912 2.33491 2.30096 2.26759 2.23511 2.20378 2.17386 2.14555 2.11902 2.09441 2.07179 2.0512 2.03264 2.01608 2.00144 1.98864 1.97755 1.96805 1.95999 1.95324 1.94765 1.94308 1.9394 1.93649 1.93425 1.93257 1.93139 1.93064 1.93028 
1.92346 1.92379 1.92451 1.92562 1.92718 1.92924 1.93191 1.93527 1.93945 1.94459 1.95083 1.95833 1.96725 1.97775 1.98998 2.00407 2.02016 2.03831 2.05859 2.08101 2.10554 2.13211 2.16058 2.1908 2.22254 2.25555 2.28954 2.32422 2.35924 2.39429 2.42903 2.46315 2.49636 2.52838 2.55899 2.58798 2.61521 2.64054 2.66389 2.68522 2.7045 2.72175 2.73699 2.75026 2.76163 2.77114 2.77885 2.78482 2.78908 2.79167 2.79259 2.79186 2.78945 2.78533 2.77945 2.77176 2.7622 2.7507 2.73719 2.72163 2.70395 2.68416 2.66224 2.63823 2.6122 2.58426 2.55456 2.52329 2.49068 2.45699 2.42251 2.38755 2.35246 2.31755 2.28316 2.2496 2.21717 2.18614 2.15672 2.1291 2.10343 2.07979 2.05824 2.03879 2.0214 2.00601 1.99252 1.98083 1.97079 1.96227 1.95511 1.94918 1.94432 1.9404 1.93729 1.93489 1.93309 1.93181 1.931 1.93059 
1.92374 1.92409 1.92483 1.926 1.92764 1.92983 1.93264 1.9362 1.94062 1.94604 1.95262 1.96053 1.96992 1.98096 1.9938 2.00858 2.02541 2.04439 2.06555 2.0889 2.11441 2.14198 2.17148 2.20272 2.23547 2.26946 2.3044 2.33995 2.37578 2.41154 2.44691 2.48156 2.51519 2.54754 2.57837 2.6075 2.63477 2.66007 2.68332 2.7045 2.72359 2.74062 2.75563 2.76868 2.77982 2.78912 2.79666 2.80249 2.80666 2.8092 2.81013 2.80945 2.80714 2.80317 2.79749 2.79002 2.78071 2.76947 2.75623 2.74092 2.72348 2.70387 2.68209 2.65816 2.63213 2.6041 2.57422 2.54266 2.50965 2.47546 2.44038 2.40473 2.36884 2.33307 2.29776 2.26322 2.22979 2.19772 2.16728 2.13864 2.11198 2.0874 2.06495 2.04465 2.02648 2.01037 1.99624 1.98397 1.97343 1.96446 1.95692 1.95065 1.94551 1.94136 1.93807 1.93551 1.93359 1.93223 1.93134 1.93089 
1.92402 1.92437 1.92514 1.92637 1.92809 1.93038 1.93334 1.93708 1.94173 1.94742 1.95433 1.96262 1.97246 1.984 1.99741 2.01283 2.03037 2.05011 2.07208 2.0963 2.12271 2.15121 2.18164 2.21382 2.24748 2.28236 2.31813 2.35446 2.391 2.42739 2.46329 2.49838 2.53236 2.56496 2.59595 2.62515 2.65241 2.67763 2.70075 2.72175 2.74062 2.75742 2.77217 2.78497 2.79588 2.80498 2.81234 2.81802 2.8221 2.82459 2.82552 2.82489 2.82269 2.81887 2.81337 2.80614 2.79708 2.78611 2.77315 2.75811 2.74093 2.72154 2.69994 2.67613 2.65015 2.62209 2.59208 2.56031 2.52699 2.49238 2.45679 2.42053 2.38396 2.34742 2.31128 2.27587 2.24152 2.20852 2.17713 2.14757 2.11999 2.09453 2.07124 2.05016 2.03127 2.0145 1.99976 1.98695 1.97592 1.96653 1.95863 1.95206 1.94665 1.94228 1.93881 1.93611 1.93407 1.93262 1.93168 1.93119 
1.92428 1.92464 1.92544 1.92672 1.92851 1.93091 1.93401 1.93792 1.94277 1.94872 1.95594 1.96458 1.97483 1.98684 2.00078 2.01679 2.03497 2.0554 2.07813 2.10313 2.13036 2.15969 2.19097 2.22399 2.25847 2.29414 2.33065 2.36766 2.40481 2.44174 2.47809 2.51355 2.5478 2.58059 2.61169 2.64091 2.66812 2.69324 2.71619 2.73699 2.75563 2.77217 2.78668 2.79923 2.8099 2.81878 2.82597 2.83151 2.83549 2.83793 2.83887 2.83829 2.83618 2.83251 2.8272 2.82019 2.81139 2.8007 2.78802 2.77326 2.75634 2.73719 2.71579 2.69212 2.66623 2.63818 2.60811 2.57618 2.54262 2.50767 2.47165 2.43487 2.3977 2.36049 2.32361 2.28742 2.25226 2.21842 2.18619 2.15578 2.12738 2.10112 2.07707 2.05527 2.03571 2.01832 2.00303 1.98972 1.97825 1.96847 1.96023 1.95337 1.94772 1.94315 1.9395 1.93667 1.93453 1.93299 1.93199 1.93147 
1.92453 1.92489 1.92572 1.92704 1.92891 1.9314 1.93462 1.93869 1.94374 1.94992 1.95741 1.96638 1.977 1.98944 2.00386 2.0204 2.03916 2.06022 2.08362 2.10933 2.13728 2.16736 2.19939 2.23315 2.26836 2.30471 2.34187 2.37947 2.41714 2.45452 2.49126 2.52701 2.56148 2.5944 2.62556 2.65477 2.68191 2.70689 2.72968 2.75026 2.76868 2.78497 2.79923 2.81153 2.82197 2.83066 2.83767 2.84308 2.84696 2.84936 2.85029 2.84976 2.84775 2.84421 2.83909 2.83229 2.82373 2.8133 2.80089 2.78641 2.76975 2.75085 2.72966 2.70616 2.68037 2.65237 2.62227 2.59024 2.55648 2.52126 2.48488 2.44767 2.40998 2.3722 2.33468 2.29781 2.26192 2.22735 2.19436 2.1632 2.13407 2.10709 2.08236 2.05991 2.03975 2.02181 2.00602 1.99225 1.98038 1.97025 1.9617 1.95458 1.94871 1.94394 1.94015 1.93718 1.93495 1.93334 1.93228 1.93173 
1.92475 1.92512 1.92597 1.92734 1.92927 1.93185 1.93518 1.93939 1.94461 1.951 1.95874 1.96799 1.97895 1.99176 2.00661 2.02362 2.0429 2.06451 2.08849 2.11482 2.14341 2.17414 2.20682 2.24122 2.27705 2.314 2.3517 2.3898 2.42792 2.46568 2.50273 2.53872 2.57335 2.60637 2.63756 2.66674 2.69379 2.71864 2.74125 2.76163 2.77982 2.79588 2.8099 2.82197 2.83221 2.8407 2.84755 2.85284 2.85664 2.85899 2.85992 2.85943 2.85751 2.8541 2.84914 2.84254 2.8342 2.82402 2.81186 2.79764 2.78123 2.76256 2.74158 2.71824 2.69258 2.66464 2.63454 2.60244 2.56854 2.5331 2.49643 2.45886 2.42074 2.38246 2.34441 2.30695 2.27044 2.23522 2.20158 2.16977 2.13999 2.11238 2.08705 2.06404 2.04335 2.02492 2.00868 1.99452 1.98229 1.97185 1.96302 1.95566 1.94959 1.94466 1.94073 1.93765 1.93533 1.93365 1.93255 1.93197 
1.92495 1.92533 1.9262 1.9276 1.92959 1.93224 1.93567 1.94 1.94537 1.95195 1.9599 1.9694 1.98064 1.99379 2.009 2.02641 2.04613 2.06822 2.0927 2.11956 2.14869 2.17997 2.2132 2.24814 2.2845 2.32194 2.3601 2.39862 2.4371 2.47517 2.51246 2.54864 2.58341 2.61649 2.64768 2.67682 2.70378 2.7285 2.75095 2.77114 2.78912 2.80498 2.81878 2.83066 2.8407 2.84903 2.85574 2.86092 2.86464 2.86695 2.86788 2.86743 2.86558 2.86228 2.85747 2.85104 2.8429 2.83293 2.82101 2.80702 2.79084 2.77238 2.75158 2.72841 2.70286 2.675 2.64491 2.61277 2.57876 2.54316 2.50625 2.46838 2.42991 2.39123 2.35272 2.31476 2.27774 2.24198 2.20778 2.17542 2.14509 2.11695 2.09111 2.06761 2.04646 2.02762 2.011 1.99649 1.98395 1.97323 1.96418 1.95661 1.95037 1.94529 1.94124 1.93807 1.93566 1.93393 1.93279 1.93218 
1.92512 1.9255 1.92639 1.92782 1.92986 1.93258 1.93609 1.94052 1.94602 1.95274 1.96087 1.97059 1.98207 1.99548 2.011 2.02874 2.04883 2.07131 2.09621 2.12349 2.15307 2.1848 2.21848 2.25386 2.29064 2.32848 2.36702 2.40587 2.44464 2.48295 2.52044 2.55677 2.59162 2.62475 2.65594 2.68503 2.71191 2.73651 2.75882 2.77885 2.79666 2.81234 2.82597 2.83767 2.84755 2.85574 2.86233 2.86741 2.87107 2.87335 2.87427 2.87386 2.87207 2.86887 2.86417 2.8579 2.84993 2.84014 2.82841 2.81462 2.79863 2.78036 2.75972 2.73669 2.71124 2.68344 2.65338 2.62121 2.58713 2.5514 2.51431 2.4762 2.43745 2.39844 2.35956 2.32121 2.28376 2.24756 2.21291 2.18009 2.14932 2.12074 2.09448 2.07058 2.04906 2.02987 2.01293 1.99813 1.98534 1.9744 1.96515 1.95741 1.95102 1.94583 1.94167 1.93842 1.93595 1.93417 1.93299 1.93236 
1.92526 1.92565 1.92655 1.92801 1.93008 1.93285 1.93643 1.94094 1.94654 1.95338 1.96166 1.97153 1.9832 1.99683 2.01258 2.03059 2.05095 2.07374 2.09896 2.12658 2.1565 2.18858 2.22261 2.25833 2.29543 2.33358 2.3724 2.41151 2.4505 2.489 2.52664 2.56307 2.598 2.63116 2.66235 2.6914 2.71821 2.74272 2.76491 2.78482 2.80249 2.81802 2.83151 2.84308 2.85284 2.86092 2.86741 2.87242 2.87603 2.87828 2.87921 2.87882 2.87708 2.87395 2.86936 2.8632 2.85536 2.84572 2.83414 2.8205 2.80466 2.78653 2.76603 2.7431 2.71774 2.69 2.65996 2.62777 2.59363 2.5578 2.52057 2.48228 2.44332 2.40405 2.36489 2.32624 2.28846 2.25192 2.21693 2.18376 2.15263 2.12372 2.09713 2.07292 2.05111 2.03165 2.01446 1.99944 1.98645 1.97533 1.96592 1.95805 1.95155 1.94625 1.94202 1.9387 1.93618 1.93436 1.93315 1.93251 
1.92537 1.92575 1.92667 1.92814 1.93024 1.93305 1.93668 1.94125 1.94692 1.95386 1.96223 1.97223 1.98403 1.99781 2.01373 2.03192 2.05249 2.07549 2.10094 2.12879 2.15896 2.19128 2.22555 2.26151 2.29884 2.33721 2.37623 2.41551 2.45466 2.4933 2.53104 2.56755 2.60253 2.63571 2.6669 2.69593 2.7227 2.74714 2.76926 2.78908 2.80666 2.8221 2.83549 2.84696 2.85664 2.86464 2.87107 2.87603 2.8796 2.88184 2.88276 2.88239 2.88069 2.87761 2.87308 2.867 2.85926 2.84972 2.83825 2.82471 2.80898 2.79095 2.77053 2.74768 2.72238 2.69466 2.66463 2.63243 2.59825 2.56234 2.52502 2.4866 2.44748 2.40804 2.36869 2.32981 2.29181 2.25503 2.21979 2.18638 2.15501 2.12585 2.09903 2.07461 2.05259 2.03293 2.01557 2.00039 1.98726 1.97601 1.96649 1.95852 1.95194 1.94657 1.94228 1.93891 1.93635 1.9345 1.93328 1.93262 
1.92544 1.92583 1.92675 1.92824 1.93035 1.93319 1.93684 1.94145 1.94717 1.95416 1.96259 1.97266 1.98454 1.99841 2.01443 2.03273 2.05342 2.07654 2.10212 2.13011 2.16041 2.19288 2.22729 2.26338 2.30085 2.33934 2.37847 2.41786 2.45711 2.49582 2.53363 2.57019 2.60521 2.63841 2.66961 2.69863 2.72538 2.74981 2.77189 2.79167 2.8092 2.82459 2.83793 2.84936 2.85899 2.86695 2.87335 2.87828 2.88184 2.88406 2.88499 2.88463 2.88295 2.8799 2.87541 2.86937 2.86168 2.85219 2.84077 2.82729 2.81161 2.79363 2.77325 2.75043 2.72515 2.69745 2.66742 2.6352 2.60098 2.56503 2.52764 2.48914 2.44993 2.41038 2.37091 2.33191 2.29378 2.25686 2.22148 2.18792 2.15641 2.12712 2.10017 2.07562 2.05348 2.03371 2.01625 2.00097 1.98775 1.97643 1.96684 1.95882 1.95218 1.94678 1.94244 1.93905 1.93647 1.9346 1.93336 1.9327 
