0.394952 0.395578 0.396154 0.396659 0.397079 0.397413 0.397667 0.397852 0.397981 0.398068 0.398123 0.398158 0.398179 0.398191 0.398198 0.398201 0.398203 0.398204 0.398205 0.398205 0.398205 0.398205 0.398205 0.398205 0.398205 0.398205 0.398205 0.398205 0.398205 0.398205 0.398205 0.398205 0.398205 0.398205 0.398205 0.398205 0.398205 0.398205 0.398205 0.398205 0.398205 0.398205 0.398205 0.398205 0.398205 0.398205 0.398205 0.398205 0.398205 0.398205 0.398205 0.398205 0.398205 0.398205 0.398205 0.398205 0.398205 0.398205 0.398205 0.398205 0.398205 0.398205 0.398205 0.398205 0.398205 0.398205 0.398205 0.398205 0.398205 0.398205 0.398205 0.398205 0.398205 0.398205 0.398205 0.398205 0.398205 0.398205 0.398205 0.398205 0.398205 0.398205 0.398205 0.398205 0.398206 0.398207 0.398209 0.398215 0.398226 0.398248 0.398288 0.398357 0.398469 0.398639 0.398883 0.399213 0.399635 0.400144 0.400725 0.401351 
0.395578 0.396203 0.396779 0.397282 0.397702 0.398037 0.398291 0.398476 0.398605 0.398691 0.398747 0.398782 0.398802 0.398815 0.398821 0.398825 0.398827 0.398828 0.398828 0.398829 0.398829 0.398829 0.398829 0.398829 0.398829 0.398829 0.398829 0.398829 0.398829 0.398829 0.398829 0.398829 0.398829 0.398829 0.398829 0.398829 0.398829 0.398829 0.398829 0.398829 0.398829 0.398829 0.398829 0.398829 0.398829 0.398829 0.398829 0.398829 0.398829 0.398829 0.398829 0.398829 0.398829 0.398829 0.398829 0.398829 0.398829 0.398829 0.398829 0.398829 0.398829 0.398829 0.398829 0.398829 0.398829 0.398829 0.398829 0.398829 0.398829 0.398829 0.398829 0.398829 0.398829 0.398829 0.398829 0.398829 0.398829 0.398829 0.398829 0.398829 0.398829 0.398829 0.398829 0.398829 0.39883 0.398831 0.398833 0.398839 0.39885 0.398872 0.398912 0.398981 0.399093 0.399263 0.399508 0.399838 0.400259 0.400768 0.401347 0.401972 
0.396154 0.396779 0.397353 0.397857 0.398276 0.39861 0.398864 0.399049 0.399179 0.399265 0.399321 0.399356 0.399377 0.399389 0.399396 0.3994 0.399401 0.399402 0.399403 0.399403 0.399403 0.399403 0.399403 0.399403 0.399403 0.399403 0.399403 0.399403 0.399403 0.399403 0.399403 0.399403 0.399403 0.399403 0.399403 0.399403 0.399403 0.399403 0.399403 0.399403 0.399403 0.399403 0.399403 0.399403 0.399403 0.399403 0.399403 0.399403 0.399403 0.399403 0.399403 0.399403 0.399403 0.399403 0.399403 0.399403 0.399403 0.399403 0.399403 0.399403 0.399403 0.399403 0.399403 0.399403 0.399403 0.399403 0.399403 0.399403 0.399403 0.399403 0.399403 0.399403 0.399403 0.399403 0.399403 0.399403 0.399403 0.399403 0.399403 0.399403 0.399403 0.399403 0.399404 0.399404 0.399404 0.399405 0.399408 0.399413 0.399425 0.399447 0.399487 0.399557 0.399668 0.399839 0.400083 0.400413 0.400834 0.401342 0.401921 0.402545 
0.396659 0.397282 0.397857 0.39836 0.398779 0.399113 0.399367 0.399552 0.399682 0.399768 0.399824 0.399859 0.39988 0.399892 0.399899 0.399903 0.399905 0.399906 0.399906 0.399907 0.399907 0.399907 0.399907 0.399907 0.399907 0.399907 0.399907 0.399907 0.399907 0.399907 0.399907 0.399907 0.399907 0.399907 0.399907 0.399907 0.399907 0.399907 0.399907 0.399907 0.399907 0.399907 0.399907 0.399907 0.399907 0.399907 0.399907 0.399907 0.399907 0.399907 0.399907 0.399907 0.399907 0.399907 0.399907 0.399907 0.399907 0.399907 0.399907 0.399907 0.399907 0.399907 0.399907 0.399907 0.399907 0.399907 0.399907 0.399907 0.399907 0.399907 0.399907 0.399907 0.399907 0.399907 0.399907 0.399907 0.399907 0.399907 0.399907 0.399907 0.399907 0.399907 0.399907 0.399907 0.399907 0.399909 0.399911 0.399917 0.399928 0.39995 0.399991 0.40006 0.400172 0.400343 0.400587 0.400917 0.401338 0.401846 0.402424 0.403048 
0.397079 0.397702 0.398276 0.398779 0.399199 0.399533 0.399787 0.399972 0.400101 0.400188 0.400244 0.400279 0.4003 0.400312 0.400319 0.400323 0.400325 0.400326 0.400326 0.400327 0.400327 0.400327 0.400327 0.400327 0.400327 0.400327 0.400327 0.400327 0.400327 0.400327 0.400327 0.400327 0.400327 0.400327 0.400327 0.400327 0.400327 0.400327 0.400327 0.400327 0.400327 0.400327 0.400327 0.400327 0.400327 0.400327 0.400327 0.400327 0.400327 0.400327 0.400327 0.400327 0.400327 0.400327 0.400327 0.400327 0.400327 0.400327 0.400327 0.400327 0.400327 0.400327 0.400327 0.400327 0.400327 0.400327 0.400327 0.400327 0.400327 0.400327 0.400327 0.400327 0.400327 0.400327 0.400327 0.400327 0.400327 0.400327 0.400327 0.400327 0.400327 0.400327 0.400327 0.400327 0.400328 0.400329 0.400331 0.400337 0.400348 0.400371 0.400411 0.400481 0.400593 0.400764 0.401008 0.401338 0.401759 0.402267 0.402845 0.403468 
0.397413 0.398037 0.39861 0.399113 0.399533 0.399867 0.400121 0.400306 0.400436 0.400523 0.400579 0.400614 0.400635 0.400647 0.400654 0.400658 0.40066 0.400661 0.400661 0.400661 0.400662 0.400662 0.400662 0.400662 0.400662 0.400662 0.400662 0.400662 0.400662 0.400662 0.400662 0.400662 0.400662 0.400662 0.400662 0.400662 0.400662 0.400662 0.400662 0.400662 0.400662 0.400662 0.400662 0.400662 0.400662 0.400662 0.400662 0.400662 0.400662 0.400662 0.400662 0.400662 0.400662 0.400662 0.400662 0.400662 0.400662 0.400662 0.400662 0.400662 0.400662 0.400662 0.400662 0.400662 0.400662 0.400662 0.400662 0.400662 0.400662 0.400662 0.400662 0.400662 0.400662 0.400662 0.400662 0.400662 0.400662 0.400662 0.400662 0.400662 0.400662 0.400662 0.400662 0.400662 0.400662 0.400663 0.400666 0.400672 0.400683 0.400706 0.400746 0.400816 0.400928 0.401099 0.401343 0.401674 0.402095 0.402602 0.40318 0.403803 
0.397667 0.398291 0.398864 0.399367 0.399787 0.400121 0.400375 0.400561 0.40069 0.400777 0.400834 0.400869 0.40089 0.400902 0.400909 0.400913 0.400915 0.400916 0.400916 0.400916 0.400916 0.400917 0.400917 0.400917 0.400917 0.400917 0.400917 0.400917 0.400917 0.400917 0.400917 0.400917 0.400917 0.400917 0.400917 0.400917 0.400917 0.400917 0.400917 0.400917 0.400917 0.400917 0.400917 0.400917 0.400917 0.400917 0.400918 0.400918 0.400918 0.400918 0.400918 0.400918 0.400918 0.400918 0.400918 0.400918 0.400918 0.400918 0.400918 0.400917 0.400917 0.400917 0.400917 0.400917 0.400917 0.400917 0.400917 0.400917 0.400917 0.400917 0.400917 0.400917 0.400917 0.400917 0.400917 0.400917 0.400917 0.400917 0.400917 0.400917 0.400917 0.400917 0.400917 0.400917 0.400917 0.400918 0.400921 0.400927 0.400938 0.400961 0.401001 0.401071 0.401184 0.401354 0.401599 0.401929 0.402351 0.402858 0.403436 0.404059 
0.397852 0.398476 0.399049 0.399552 0.399972 0.400306 0.400561 0.400746 0.400876 0.400963 0.401019 0.401054 0.401076 0.401088 0.401095 0.401098 0.4011 0.401102 0.401102 0.401102 0.401102 0.401102 0.401102 0.401102 0.401102 0.401102 0.401102 0.401102 0.401102 0.401102 0.401102 0.401102 0.401102 0.401103 0.401103 0.401103 0.401103 0.401103 0.401103 0.401103 0.401103 0.401104 0.401104 0.401105 0.401105 0.401106 0.401106 0.401106 0.401107 0.401107 0.401107 0.401107 0.401107 0.401107 0.401107 0.401107 0.401106 0.401106 0.401105 0.401105 0.401105 0.401104 0.401104 0.401103 0.401103 0.401103 0.401103 0.401103 0.401103 0.401103 0.401103 0.401103 0.401103 0.401102 0.401102 0.401102 0.401102 0.401102 0.401102 0.401102 0.401102 0.401103 0.401103 0.401103 0.401103 0.401104 0.401107 0.401113 0.401124 0.401147 0.401188 0.401257 0.40137 0.401541 0.401786 0.402116 0.402537 0.403045 0.403623 0.404246 
0.397981 0.398605 0.399179 0.399682 0.400101 0.400436 0.40069 0.400876 0.401006 0.401093 0.401149 0.401184 0.401206 0.401218 0.401225 0.401229 0.401231 0.401232 0.401232 0.401232 0.401232 0.401232 0.401233 0.401233 0.401233 0.401233 0.401233 0.401233 0.401233 0.401233 0.401233 0.401233 0.401233 0.401233 0.401233 0.401233 0.401233 0.401234 0.401234 0.401235 0.401236 0.401237 0.401238 0.401239 0.401241 0.401242 0.401243 0.401244 0.401245 0.401246 0.401246 0.401247 0.401246 0.401246 0.401246 0.401245 0.401244 0.401243 0.401241 0.40124 0.401239 0.401238 0.401236 0.401235 0.401235 0.401234 0.401234 0.401233 0.401233 0.401233 0.401233 0.401233 0.401233 0.401233 0.401233 0.401233 0.401233 0.401233 0.401233 0.401233 0.401233 0.401233 0.401233 0.401233 0.401233 0.401234 0.401237 0.401243 0.401254 0.401277 0.401318 0.401388 0.4015 0.401671 0.401916 0.402247 0.402668 0.403176 0.403754 0.404377 
0.398068 0.398691 0.399265 0.399768 0.400188 0.400523 0.400777 0.400963 0.401093 0.40118 0.401237 0.401272 0.401293 0.401305 0.401312 0.401316 0.401318 0.401319 0.401319 0.40132 0.40132 0.40132 0.40132 0.40132 0.40132 0.40132 0.40132 0.40132 0.40132 0.40132 0.40132 0.40132 0.40132 0.40132 0.401321 0.401321 0.401322 0.401323 0.401325 0.401327 0.40133 0.401333 0.401336 0.40134 0.401344 0.401348 0.401351 0.401354 0.401356 0.401358 0.401359 0.40136 0.40136 0.401359 0.401357 0.401355 0.401352 0.401349 0.401345 0.401341 0.401338 0.401334 0.401331 0.401328 0.401326 0.401324 0.401323 0.401322 0.401321 0.401321 0.401321 0.40132 0.40132 0.40132 0.40132 0.40132 0.40132 0.40132 0.40132 0.40132 0.40132 0.40132 0.40132 0.40132 0.401321 0.401322 0.401324 0.40133 0.401342 0.401364 0.401405 0.401475 0.401588 0.401759 0.402004 0.402335 0.402756 0.403264 0.403842 0.404466 
0.398123 0.398747 0.399321 0.399824 0.400244 0.400579 0.400834 0.401019 0.401149 0.401237 0.401293 0.401328 0.401349 0.401362 0.401369 0.401372 0.401374 0.401375 0.401376 0.401376 0.401376 0.401376 0.401376 0.401376 0.401376 0.401376 0.401376 0.401376 0.401377 0.401377 0.401377 0.401377 0.401377 0.401378 0.401379 0.401381 0.401383 0.401387 0.401391 0.401397 0.401404 0.401413 0.401423 0.401433 0.401443 0.401453 0.401462 0.401469 0.401475 0.40148 0.401483 0.401484 0.401483 0.40148 0.401476 0.40147 0.401462 0.401453 0.401444 0.401434 0.401424 0.401415 0.401406 0.401399 0.401394 0.401389 0.401385 0.401382 0.40138 0.401379 0.401378 0.401378 0.401377 0.401377 0.401377 0.401377 0.401377 0.401377 0.401376 0.401376 0.401376 0.401377 0.401377 0.401377 0.401377 0.401378 0.401381 0.401387 0.401398 0.401421 0.401462 0.401532 0.401644 0.401816 0.402061 0.402392 0.402813 0.403321 0.403899 0.404523 
0.398158 0.398782 0.399356 0.399859 0.400279 0.400614 0.400869 0.401054 0.401184 0.401272 0.401328 0.401363 0.401385 0.401397 0.401404 0.401408 0.40141 0.401411 0.401411 0.401411 0.401412 0.401412 0.401412 0.401412 0.401412 0.401412 0.401412 0.401412 0.401412 0.401412 0.401413 0.401413 0.401414 0.401417 0.40142 0.401424 0.401431 0.401441 0.401453 0.401469 0.401488 0.401511 0.401535 0.40156 0.401586 0.40161 0.401632 0.40165 0.401665 0.401675 0.401682 0.401684 0.401681 0.401674 0.401663 0.401647 0.401628 0.401605 0.401581 0.401556 0.401532 0.401509 0.401488 0.401471 0.401456 0.401444 0.401435 0.401428 0.401422 0.401419 0.401416 0.401415 0.401413 0.401413 0.401412 0.401412 0.401412 0.401412 0.401412 0.401412 0.401412 0.401412 0.401412 0.401412 0.401412 0.401414 0.401416 0.401422 0.401434 0.401456 0.401497 0.401567 0.40168 0.401851 0.402096 0.402427 0.402849 0.403357 0.403935 0.404559 
0.398179 0.398802 0.399377 0.39988 0.4003 0.400635 0.40089 0.401076 0.401206 0.401293 0.401349 0.401385 0.401406 0.401418 0.401425 0.401429 0.401431 0.401432 0.401432 0.401433 0.401433 0.401433 0.401433 0.401433 0.401433 0.401433 0.401433 0.401433 0.401434 0.401434 0.401435 0.401438 0.401441 0.401447 0.401456 0.401469 0.401487 0.401512 0.401544 0.401584 0.401631 0.401685 0.401743 0.401804 0.401863 0.401919 0.401969 0.402011 0.402044 0.402067 0.402081 0.402084 0.402077 0.40206 0.402032 0.401995 0.401949 0.401896 0.401838 0.40178 0.401722 0.401668 0.401619 0.401577 0.401541 0.401513 0.40149 0.401473 0.40146 0.401451 0.401445 0.40144 0.401437 0.401436 0.401435 0.401434 0.401433 0.401433 0.401433 0.401433 0.401433 0.401433 0.401433 0.401433 0.401434 0.401435 0.401437 0.401443 0.401455 0.401477 0.401518 0.401588 0.401701 0.401872 0.402117 0.402448 0.40287 0.403378 0.403957 0.40458 
0.398191 0.398815 0.399389 0.399892 0.400312 0.400647 0.400902 0.401088 0.401218 0.401305 0.401362 0.401397 0.401418 0.40143 0.401437 0.401441 0.401443 0.401444 0.401445 0.401445 0.401445 0.401445 0.401445 0.401445 0.401445 0.401445 0.401446 0.401446 0.401447 0.401449 0.401453 0.401459 0.401469 0.401484 0.401507 0.40154 0.401586 0.401646 0.401723 0.401817 0.401927 0.40205 0.402182 0.402317 0.402449 0.402572 0.40268 0.40277 0.402839 0.402888 0.402915 0.40292 0.402902 0.402861 0.402798 0.402714 0.40261 0.402492 0.402365 0.402234 0.402105 0.401984 0.401875 0.401779 0.401699 0.401633 0.401581 0.401541 0.401511 0.401489 0.401474 0.401464 0.401457 0.401452 0.401449 0.401448 0.401447 0.401446 0.401446 0.401445 0.401445 0.401445 0.401445 0.401446 0.401446 0.401447 0.40145 0.401455 0.401467 0.40149 0.401531 0.401601 0.401713 0.401885 0.40213 0.402461 0.402883 0.403391 0.403969 0.404593 
0.398198 0.398821 0.399396 0.399899 0.400319 0.400654 0.400909 0.401095 0.401225 0.401312 0.401369 0.401404 0.401425 0.401437 0.401444 0.401448 0.40145 0.401451 0.401452 0.401452 0.401452 0.401452 0.401452 0.401452 0.401452 0.401453 0.401454 0.401455 0.401458 0.401464 0.401474 0.40149 0.401515 0.401554 0.40161 0.401689 0.401796 0.401936 0.402109 0.402318 0.402558 0.402823 0.403104 0.403388 0.403662 0.403914 0.404134 0.404317 0.404456 0.404552 0.404603 0.404607 0.404566 0.404477 0.404342 0.404162 0.403944 0.403696 0.403428 0.403153 0.402882 0.402626 0.402394 0.402189 0.402015 0.401872 0.401758 0.40167 0.401603 0.401554 0.40152 0.401496 0.40148 0.401469 0.401462 0.401458 0.401456 0.401454 0.401453 0.401453 0.401452 0.401452 0.401452 0.401452 0.401453 0.401454 0.401457 0.401462 0.401474 0.401497 0.401538 0.401608 0.40172 0.401892 0.402137 0.402468 0.40289 0.403398 0.403976 0.4046 
0.398201 0.398825 0.3994 0.399903 0.400323 0.400658 0.400913 0.401098 0.401229 0.401316 0.401372 0.401408 0.401429 0.401441 0.401448 0.401452 0.401454 0.401455 0.401456 0.401456 0.401456 0.401456 0.401456 0.401456 0.401457 0.401458 0.40146 0.401465 0.401473 0.401488 0.401513 0.401552 0.401614 0.401705 0.401835 0.402014 0.40225 0.402551 0.40292 0.403356 0.40385 0.404389 0.404951 0.405513 0.40605 0.406539 0.406964 0.407312 0.407576 0.407753 0.407843 0.407843 0.407753 0.407572 0.407299 0.406941 0.406507 0.406015 0.405483 0.404937 0.404397 0.403885 0.403416 0.403002 0.402647 0.402352 0.402115 0.401929 0.401787 0.401683 0.401607 0.401555 0.401519 0.401495 0.40148 0.40147 0.401464 0.40146 0.401458 0.401457 0.401457 0.401456 0.401456 0.401456 0.401457 0.401458 0.40146 0.401466 0.401478 0.4015 0.401541 0.401611 0.401724 0.401896 0.402141 0.402472 0.402894 0.403402 0.40398 0.404604 
0.398203 0.398827 0.399401 0.399905 0.400325 0.40066 0.400915 0.4011 0.401231 0.401318 0.401374 0.40141 0.401431 0.401443 0.40145 0.401454 0.401456 0.401457 0.401458 0.401458 0.401458 0.401458 0.401458 0.401459 0.401461 0.401464 0.40147 0.401482 0.401503 0.401539 0.401598 0.401691 0.401831 0.402033 0.402315 0.402695 0.403186 0.4038 0.40454 0.405398 0.406356 0.407385 0.408446 0.409494 0.410487 0.411384 0.412155 0.412781 0.413252 0.413562 0.413711 0.413697 0.413517 0.413168 0.412653 0.41198 0.411168 0.410246 0.409252 0.408225 0.407208 0.406237 0.405343 0.404546 0.403857 0.40328 0.40281 0.402438 0.402152 0.401938 0.401783 0.401672 0.401596 0.401544 0.401511 0.40149 0.401476 0.401468 0.401464 0.401461 0.40146 0.401459 0.401458 0.401458 0.401459 0.40146 0.401462 0.401468 0.40148 0.401502 0.401543 0.401613 0.401726 0.401898 0.402143 0.402474 0.402896 0.403404 0.403982 0.404606 
0.398204 0.398828 0.399402 0.399906 0.400326 0.400661 0.400916 0.401102 0.401232 0.401319 0.401375 0.401411 0.401432 0.401444 0.401451 0.401455 0.401457 0.401458 0.401459 0.401459 0.401459 0.40146 0.40146 0.401462 0.401466 0.401475 0.401491 0.40152 0.40157 0.401654 0.401787 0.401991 0.40229 0.402714 0.403291 0.404049 0.405012 0.406192 0.407588 0.40918 0.410932 0.412787 0.414675 0.416522 0.418252 0.419802 0.421124 0.422188 0.42298 0.423493 0.423727 0.423678 0.423342 0.422714 0.421798 0.420607 0.419175 0.417547 0.415788 0.413965 0.412151 0.410408 0.40879 0.407336 0.406067 0.404993 0.404109 0.403401 0.40285 0.402432 0.402124 0.401903 0.401748 0.401642 0.401573 0.401528 0.401499 0.401482 0.401472 0.401466 0.401463 0.401461 0.40146 0.40146 0.40146 0.401461 0.401464 0.401469 0.401481 0.401503 0.401544 0.401614 0.401727 0.401899 0.402144 0.402475 0.402897 0.403405 0.403983 0.404607 
0.398205 0.398828 0.399403 0.399906 0.400326 0.400661 0.400916 0.401102 0.401232 0.401319 0.401376 0.401411 0.401432 0.401445 0.401452 0.401456 0.401458 0.401459 0.401459 0.40146 0.40146 0.401461 0.401463 0.401468 0.401479 0.401499 0.401537 0.401604 0.401717 0.401901 0.402184 0.402607 0.403212 0.404047 0.40516 0.406591 0.408371 0.41051 0.412995 0.415783 0.418803 0.421958 0.425131 0.428199 0.431046 0.433575 0.435715 0.437424 0.438682 0.439485 0.439831 0.439715 0.439131 0.438071 0.436537 0.434554 0.432169 0.429457 0.426515 0.423454 0.420388 0.417423 0.414646 0.412126 0.409906 0.408005 0.406421 0.405137 0.404125 0.403347 0.402764 0.402341 0.40204 0.401832 0.401693 0.401602 0.401544 0.401509 0.401487 0.401475 0.401468 0.401464 0.401462 0.401461 0.401461 0.401462 0.401464 0.40147 0.401481 0.401504 0.401545 0.401615 0.401728 0.401899 0.402144 0.402475 0.402897 0.403405 0.403984 0.404608 
0.398205 0.398829 0.399403 0.399907 0.400327 0.400661 0.400916 0.401102 0.401232 0.40132 0.401376 0.401411 0.401433 0.401445 0.401452 0.401456 0.401458 0.401459 0.40146 0.40146 0.401461 0.401464 0.40147 0.401482 0.401507 0.401554 0.401639 0.401785 0.402025 0.402403 0.402973 0.4038 0.404955 0.406511 0.408538 0.411088 0.414195 0.417856 0.422033 0.426643 0.431562 0.436629 0.441663 0.446478 0.450904 0.454802 0.458075 0.460669 0.462561 0.463749 0.464233 0.464006 0.463058 0.461375 0.458961 0.455846 0.452098 0.447827 0.443176 0.43831 0.433403 0.428616 0.424094 0.419946 0.41625 0.413046 0.410343 0.408123 0.406347 0.404963 0.403912 0.403136 0.402577 0.402186 0.40192 0.401744 0.401631 0.40156 0.401517 0.401491 0.401477 0.401469 0.401465 0.401462 0.401462 0.401462 0.401465 0.40147 0.401482 0.401504 0.401545 0.401615 0.401728 0.401899 0.402145 0.402476 0.402898 0.403406 0.403984 0.404608 
0.398205 0.398829 0.399403 0.399907 0.400327 0.400662 0.400916 0.401102 0.401232 0.40132 0.401376 0.401412 0.401433 0.401445 0.401452 0.401456 0.401458 0.401459 0.40146 0.401461 0.401464 0.401471 0.401484 0.401513 0.401568 0.401671 0.401851 0.402152 0.402633 0.40337 0.404452 0.405982 0.408067 0.410809 0.414299 0.418596 0.423721 0.429647 0.436286 0.443491 0.451063 0.458756 0.466306 0.47345 0.479954 0.485635 0.49037 0.494095 0.496789 0.498454 0.499096 0.498706 0.497266 0.494756 0.491174 0.486558 0.480998 0.47464 0.467681 0.460354 0.452906 0.445575 0.438576 0.432084 0.426228 0.421085 0.416687 0.413022 0.410047 0.407693 0.405879 0.404518 0.403525 0.402819 0.402331 0.402004 0.401791 0.401656 0.401573 0.401523 0.401494 0.401478 0.401469 0.401465 0.401463 0.401463 0.401465 0.40147 0.401482 0.401504 0.401545 0.401615 0.401728 0.401899 0.402145 0.402476 0.402898 0.403406 0.403984 0.404608 
0.398205 0.398829 0.399403 0.399907 0.400327 0.400662 0.400917 0.401102 0.401232 0.40132 0.401376 0.401412 0.401433 0.401445 0.401452 0.401456 0.401458 0.40146 0.401461 0.401464 0.401471 0.401485 0.401516 0.401578 0.401695 0.401906 0.402266 0.402853 0.403766 0.405126 0.407071 0.409752 0.413315 0.417892 0.423582 0.430436 0.438444 0.447522 0.45751 0.468169 0.479199 0.490253 0.500969 0.510998 0.520044 0.52788 0.534364 0.539429 0.543063 0.545279 0.546089 0.545483 0.543435 0.539911 0.534902 0.528445 0.520648 0.511693 0.501834 0.491375 0.480648 0.469982 0.459684 0.450015 0.441177 0.433306 0.426475 0.420697 0.415932 0.412102 0.409103 0.406818 0.405122 0.4039 0.403043 0.40246 0.402075 0.401828 0.401674 0.401581 0.401527 0.401496 0.401479 0.40147 0.401465 0.401464 0.401466 0.401471 0.401482 0.401505 0.401545 0.401615 0.401728 0.4019 0.402145 0.402476 0.402898 0.403406 0.403984 0.404608 
0.398205 0.398829 0.399403 0.399907 0.400327 0.400662 0.400917 0.401102 0.401233 0.40132 0.401376 0.401412 0.401433 0.401445 0.401452 0.401456 0.401458 0.40146 0.401463 0.40147 0.401484 0.401516 0.401581 0.401708 0.401943 0.402354 0.403037 0.40412 0.40576 0.408139 0.411458 0.415914 0.421691 0.428935 0.437734 0.448103 0.459966 0.473152 0.487394 0.502339 0.517566 0.532615 0.547024 0.560364 0.572283 0.582524 0.590938 0.597468 0.602118 0.604921 0.605897 0.605037 0.602303 0.597644 0.591033 0.582499 0.572156 0.560214 0.546974 0.532809 0.518136 0.503384 0.488966 0.475247 0.462528 0.451031 0.440897 0.432184 0.424879 0.41891 0.414159 0.410478 0.407703 0.405671 0.404225 0.403227 0.402559 0.402124 0.401851 0.401683 0.401584 0.401527 0.401496 0.401478 0.40147 0.401466 0.401467 0.401471 0.401482 0.401505 0.401545 0.401615 0.401728 0.4019 0.402145 0.402476 0.402898 0.403406 0.403984 0.404608 
0.398205 0.398829 0.399403 0.399907 0.400327 0.400662 0.400917 0.401102 0.401233 0.40132 0.401376 0.401412 0.401433 0.401445 0.401452 0.401456 0.401459 0.401462 0.401468 0.401482 0.401513 0.401578 0.401708 0.401956 0.402402 0.40316 0.404389 0.406285 0.409083 0.413038 0.418414 0.425452 0.434353 0.445248 0.458178 0.47308 0.489772 0.507959 0.527241 0.547131 0.567081 0.586521 0.604902 0.621735 0.636632 0.649329 0.659688 0.667677 0.67333 0.676703 0.677832 0.676707 0.673276 0.667467 0.659225 0.648558 0.635569 0.620475 0.603605 0.585384 0.566304 0.546888 0.527658 0.509098 0.491627 0.47558 0.461199 0.448622 0.437894 0.428975 0.421751 0.416059 0.411698 0.408452 0.406108 0.404465 0.40335 0.402615 0.402147 0.401857 0.401683 0.401582 0.401525 0.401494 0.401478 0.40147 0.401468 0.401472 0.401483 0.401505 0.401546 0.401616 0.401728 0.4019 0.402145 0.402476 0.402898 0.403406 0.403984 0.404608 
0.398205 0.398829 0.399403 0.399907 0.400327 0.400662 0.400917 0.401102 0.401233 0.40132 0.401376 0.401412 0.401433 0.401445 0.401452 0.401457 0.401461 0.401466 0.401479 0.401507 0.401568 0.401695 0.401943 0.402402 0.403203 0.404534 0.406634 0.409792 0.414332 0.420589 0.428878 0.439462 0.452519 0.468121 0.48621 0.506593 0.528942 0.552807 0.577637 0.602805 0.627651 0.651517 0.673796 0.693974 0.711661 0.726614 0.73873 0.748018 0.754554 0.758424 0.759682 0.758318 0.754267 0.747428 0.737711 0.725086 0.709624 0.691522 0.671107 0.648824 0.625212 0.600868 0.576408 0.552436 0.529502 0.508077 0.488535 0.471135 0.456021 0.443226 0.432677 0.424218 0.417627 0.412642 0.408984 0.406384 0.404592 0.403397 0.402624 0.40214 0.401846 0.401673 0.401575 0.40152 0.401491 0.401477 0.401472 0.401474 0.401483 0.401505 0.401546 0.401616 0.401728 0.4019 0.402145 0.402476 0.402898 0.403406 0.403984 0.404608 
0.398205 0.398829 0.399403 0.399907 0.400327 0.400662 0.400917 0.401102 0.401233 0.40132 0.401376 0.401412 0.401433 0.401445 0.401453 0.401458 0.401464 0.401475 0.401499 0.401554 0.401671 0.401906 0.402354 0.40316 0.404534 0.406756 0.410173 0.415184 0.422208 0.431646 0.443838 0.459021 0.477297 0.498613 0.522753 0.549345 0.577879 0.60773 0.638196 0.668535 0.698001 0.725894 0.751595 0.774609 0.794587 0.811338 0.82482 0.835098 0.842295 0.846534 0.847887 0.84635 0.841841 0.834229 0.823381 0.809217 0.791752 0.77113 0.747638 0.7217 0.693858 0.664742 0.635037 0.605442 0.576634 0.549232 0.52377 0.500667 0.480216 0.462574 0.447759 0.435664 0.426077 0.418704 0.413209 0.409242 0.406469 0.404593 0.403364 0.402584 0.402105 0.40182 0.401655 0.401563 0.401514 0.401488 0.401477 0.401476 0.401485 0.401506 0.401546 0.401616 0.401728 0.4019 0.402145 0.402476 0.402898 0.403406 0.403984 0.404608 
0.398205 0.398829 0.399403 0.399907 0.400327 0.400662 0.400917 0.401102 0.401233 0.40132 0.401376 0.401412 0.401433 0.401446 0.401454 0.40146 0.40147 0.401491 0.401537 0.401639 0.401851 0.402266 0.403037 0.404389 0.406634 0.410173 0.415482 0.423074 0.433454 0.447058 0.464199 0.485025 0.509485 0.537333 0.568134 0.601297 0.636109 0.671777 0.707475 0.742382 0.775726 0.806818 0.835086 0.860105 0.881608 0.899489 0.913782 0.92462 0.932179 0.936618 0.938029 0.936412 0.931674 0.923654 0.912173 0.897089 0.878344 0.855999 0.830263 0.801488 0.770167 0.736909 0.702415 0.667442 0.632767 0.599149 0.567292 0.537811 0.511195 0.487784 0.467749 0.45109 0.43765 0.427139 0.419177 0.41334 0.409199 0.406357 0.40447 0.403257 0.402503 0.402048 0.401782 0.401632 0.40155 0.401507 0.401487 0.401481 0.401487 0.401507 0.401546 0.401616 0.401728 0.4019 0.402145 0.402476 0.402898 0.403406 0.403984 0.404608 
0.398205 0.398829 0.399403 0.399907 0.400327 0.400662 0.400917 0.401102 0.401233 0.40132 0.401376 0.401412 0.401433 0.401446 0.401455 0.401465 0.401482 0.40152 0.401604 0.401785 0.402152 0.402853 0.40412 0.406285 0.409792 0.415184 0.423074 0.434083 0.448768 0.46755 0.490641 0.518015 0.549393 0.584263 0.621928 0.661555 0.702236 0.743043 0.783073 0.821494 0.857571 0.890693 0.920395 0.946368 0.968462 0.986678 1.00114 1.01205 1.01963 1.02408 1.02551 1.02392 1.01921 1.0112 0.999665 0.984397 0.965254 0.942195 0.915315 0.884849 0.851186 0.814851 0.776498 0.736879 0.696822 0.657196 0.618866 0.582656 0.54929 0.519348 0.493222 0.471089 0.452907 0.438441 0.427302 0.419005 0.41303 0.408869 0.406067 0.404242 0.403092 0.40239 0.401975 0.401738 0.401606 0.401536 0.401501 0.401488 0.40149 0.401508 0.401547 0.401616 0.401729 0.4019 0.402145 0.402476 0.402898 0.403406 0.403984 0.404608 
0.398205 0.398829 0.399403 0.399907 0.400327 0.400662 0.400917 0.401102 0.401233 0.40132 0.401377 0.401412 0.401434 0.401447 0.401458 0.401473 0.401503 0.40157 0.401717 0.402025 0.402633 0.403766 0.40576 0.409083 0.414332 0.422208 0.433454 0.448768 0.46871 0.493604 0.523479 0.558045 0.596718 0.638672 0.682923 0.728406 0.774056 0.818865 0.86193 0.902477 0.939883 0.973678 1.00355 1.02935 1.05106 1.06881 1.08279 1.09329 1.10057 1.10485 1.10625 1.10479 1.10036 1.09276 1.08174 1.06703 1.0484 1.0257 0.998898 0.968069 0.933451 0.895424 0.854523 0.811426 0.766943 0.721992 0.677568 0.634691 0.594339 0.557376 0.524476 0.496066 0.472297 0.45305 0.437978 0.426569 0.418224 0.412326 0.408298 0.405637 0.403938 0.402888 0.40226 0.401896 0.401691 0.401581 0.401524 0.401499 0.401496 0.401511 0.401548 0.401617 0.401729 0.4019 0.402145 0.402476 0.402898 0.403406 0.403984 0.404608 
0.398205 0.398829 0.399403 0.399907 0.400327 0.400662 0.400917 0.401102 0.401233 0.40132 0.401377 0.401412 0.401434 0.401449 0.401464 0.401488 0.401539 0.401654 0.401901 0.402403 0.40337 0.405126 0.408139 0.413038 0.420589 0.431646 0.447058 0.46755 0.493604 0.525362 0.562574 0.604609 0.650521 0.699146 0.749224 0.799502 0.84882 0.896171 0.94073 0.981862 1.01912 1.05222 1.08105 1.10562 1.12607 1.14262 1.15558 1.16526 1.17195 1.1759 1.17723 1.17597 1.17202 1.16516 1.15513 1.14162 1.12432 1.10299 1.07742 1.04756 1.01344 0.975253 0.933348 0.888251 0.840675 0.791516 0.741832 0.692802 0.645645 0.601529 0.561456 0.52617 0.496091 0.471295 0.45154 0.436339 0.425042 0.416935 0.411315 0.407552 0.405115 0.40359 0.402666 0.402124 0.401816 0.401647 0.401558 0.401516 0.401504 0.401515 0.40155 0.401618 0.401729 0.4019 0.402145 0.402476 0.402898 0.403406 0.403984 0.404608 
0.398205 0.398829 0.399403 0.399907 0.400327 0.400662 0.400917 0.401102 0.401233 0.40132 0.401377 0.401413 0.401435 0.401453 0.401474 0.401513 0.401598 0.401787 0.402184 0.402973 0.404452 0.407071 0.411458 0.418414 0.428878 0.443838 0.464199 0.490641 0.523479 0.562574 0.607315 0.656672 0.70931 0.763744 0.818482 0.872153 0.92359 0.971873 1.01634 1.05655 1.09229 1.12349 1.15024 1.17273 1.19122 1.20605 1.21757 1.22612 1.23203 1.23553 1.23676 1.23574 1.23239 1.2265 1.2178 1.20595 1.1906 1.1714 1.14806 1.12032 1.08803 1.05116 1.00983 0.964354 0.915256 0.863326 0.809606 0.755363 0.702017 0.651021 0.603729 0.56125 0.524342 0.493354 0.46823 0.448568 0.433718 0.422894 0.415277 0.410103 0.406706 0.404551 0.403229 0.402444 0.401992 0.401741 0.401607 0.401541 0.401516 0.401521 0.401553 0.401619 0.40173 0.4019 0.402145 0.402476 0.402898 0.403406 0.403984 0.404608 
0.398205 0.398829 0.399403 0.399907 0.400327 0.400662 0.400917 0.401102 0.401233 0.40132 0.401377 0.401413 0.401438 0.401459 0.40149 0.401552 0.401691 0.401991 0.402607 0.4038 0.405982 0.409752 0.415914 0.425452 0.439462 0.459021 0.485025 0.518015 0.558045 0.604609 0.656672 0.712776 0.771216 0.830231 0.888178 0.943662 0.9956 1.04325 1.08616 1.12415 1.15725 1.18563 1.20956 1.22939 1.24549 1.25826 1.26811 1.27538 1.28039 1.28338 1.28447 1.28371 1.281 1.27617 1.26896 1.25901 1.24597 1.22942 1.20897 1.18421 1.15482 1.12054 1.08123 1.03693 0.987937 0.934843 0.878579 0.820411 0.761882 0.704686 0.650511 0.600852 0.556859 0.519226 0.488164 0.463432 0.444442 0.430379 0.420332 0.413405 0.408795 0.40583 0.403988 0.40288 0.402236 0.401873 0.401677 0.401577 0.401534 0.401529 0.401557 0.401621 0.401731 0.401901 0.402145 0.402476 0.402898 0.403406 0.403984 0.404608 
0.398205 0.398829 0.399403 0.399907 0.400327 0.400662 0.400917 0.401102 0.401233 0.40132 0.401377 0.401414 0.401441 0.401469 0.401515 0.401614 0.401831 0.40229 0.403212 0.404955 0.408067 0.413315 0.421691 0.434353 0.452519 0.477297 0.509485 0.549393 0.596718 0.650521 0.70931 0.771216 0.834212 0.896349 0.95593 1.01163 1.06256 1.10819 1.14836 1.18315 1.21285 1.23782 1.25851 1.27539 1.28891 1.29953 1.30763 1.31358 1.31768 1.32013 1.32107 1.32054 1.31846 1.31468 1.30895 1.30096 1.29033 1.27663 1.2594 1.23814 1.21236 1.18158 1.14543 1.10367 1.0563 1.00365 0.946447 0.885862 0.823459 0.761093 0.700733 0.644251 0.593211 0.548714 0.511309 0.481001 0.457336 0.439526 0.426605 0.417565 0.411463 0.407487 0.404984 0.40346 0.402563 0.402053 0.401772 0.401626 0.401559 0.401542 0.401563 0.401623 0.401732 0.401901 0.402145 0.402476 0.402898 0.403406 0.403984 0.404608 
0.398205 0.398829 0.399403 0.399907 0.400327 0.400662 0.400917 0.401103 0.401233 0.40132 0.401378 0.401417 0.401447 0.401484 0.401554 0.401705 0.402033 0.402714 0.404047 0.406511 0.410809 0.417892 0.428935 0.445248 0.468121 0.498613 0.537333 0.584263 0.638672 0.699146 0.763744 0.830231 0.896349 0.960061 1.01973 1.0742 1.12282 1.16537 1.20196 1.23294 1.25881 1.28014 1.29748 1.31139 1.32238 1.3309 1.33734 1.34204 1.34527 1.34722 1.348 1.34766 1.34613 1.34329 1.33894 1.33277 1.32445 1.31355 1.29957 1.28195 1.2601 1.23337 1.20117 1.16297 1.11849 1.06773 1.01116 0.949735 0.884944 0.818692 0.75315 0.690516 0.632766 0.581435 0.53748 0.501228 0.472437 0.450415 0.43419 0.42267 0.414784 0.409575 0.406255 0.404209 0.402991 0.402289 0.4019 0.401693 0.401593 0.401558 0.401571 0.401627 0.401734 0.401902 0.402146 0.402476 0.402898 0.403406 0.403984 0.404608 
0.398205 0.398829 0.399403 0.399907 0.400327 0.400662 0.400917 0.401103 0.401233 0.401321 0.401379 0.40142 0.401456 0.401507 0.40161 0.401835 0.402315 0.403291 0.40516 0.408538 0.414299 0.423582 0.437734 0.458178 0.48621 0.522753 0.568134 0.621928 0.682923 0.749224 0.818482 0.888178 0.95593 1.01973 1.0781 1.13014 1.17548 1.21422 1.24675 1.27366 1.29562 1.31335 1.32748 1.33862 1.34728 1.3539 1.35885 1.36244 1.3649 1.3664 1.36703 1.36682 1.36576 1.36372 1.36053 1.35596 1.34969 1.34132 1.33038 1.31627 1.29834 1.27582 1.24795 1.21398 1.17331 1.12563 1.07108 1.01033 0.944675 0.87596 0.806448 0.738588 0.674726 0.616843 0.56634 0.523938 0.489683 0.463054 0.443129 0.428773 0.418808 0.41214 0.407835 0.405151 0.403535 0.402594 0.402065 0.40178 0.401637 0.40158 0.401582 0.401632 0.401736 0.401903 0.402146 0.402476 0.402898 0.403406 0.403984 0.404608 
0.398205 0.398829 0.399403 0.399907 0.400327 0.400662 0.400917 0.401103 0.401233 0.401321 0.401381 0.401424 0.401469 0.40154 0.401689 0.402014 0.402695 0.404049 0.406591 0.411088 0.418596 0.430436 0.448103 0.47308 0.506593 0.549345 0.601297 0.661555 0.728406 0.799502 0.872153 0.943662 1.01163 1.0742 1.13014 1.17884 1.22028 1.25483 1.28315 1.30602 1.32425 1.33864 1.34987 1.35855 1.36519 1.37019 1.37389 1.37655 1.37836 1.37947 1.37996 1.37986 1.37914 1.37773 1.37549 1.37223 1.36767 1.36147 1.35318 1.34223 1.32794 1.3095 1.28602 1.25655 1.22025 1.17651 1.12509 1.06635 1.00126 0.931517 0.85935 0.787358 0.718195 0.654259 0.597416 0.54883 0.508906 0.477366 0.453404 0.435888 0.423563 0.415208 0.409748 0.406305 0.404208 0.402974 0.402273 0.401891 0.401695 0.401609 0.401596 0.401639 0.401739 0.401904 0.402147 0.402477 0.402898 0.403406 0.403984 0.404608 
0.398205 0.398829 0.399403 0.399907 0.400327 0.400662 0.400917 0.401103 0.401233 0.401322 0.401383 0.401431 0.401487 0.401586 0.401796 0.40225 0.403186 0.405012 0.408371 0.414195 0.423721 0.438444 0.459966 0.489772 0.528942 0.577879 0.636109 0.702236 0.774056 0.84882 0.92359 0.9956 1.06256 1.12282 1.17548 1.22028 1.2575 1.28778 1.312 1.33108 1.34594 1.35738 1.36612 1.37273 1.37769 1.38137 1.38406 1.38597 1.38727 1.38807 1.38843 1.38839 1.38793 1.387 1.38548 1.38323 1.38003 1.37558 1.36949 1.36123 1.35015 1.33543 1.3161 1.29111 1.25941 1.22011 1.17262 1.11693 1.05366 0.984213 0.910698 0.835746 0.762228 0.69291 0.630117 0.575483 0.529829 0.493186 0.464927 0.443977 0.429038 0.418784 0.412003 0.407679 0.405019 0.403437 0.402529 0.402028 0.401766 0.401646 0.401614 0.401648 0.401743 0.401906 0.402148 0.402477 0.402898 0.403406 0.403984 0.404608 
0.398205 0.398829 0.399403 0.399907 0.400327 0.400662 0.400917 0.401103 0.401234 0.401323 0.401387 0.401441 0.401512 0.401646 0.401936 0.402551 0.4038 0.406192 0.41051 0.417856 0.429647 0.447522 0.473152 0.507959 0.552807 0.60773 0.671777 0.743043 0.818865 0.896171 0.971873 1.04325 1.10819 1.16537 1.21422 1.25483 1.28778 1.31396 1.33437 1.35006 1.36197 1.37093 1.3776 1.38254 1.38618 1.38882 1.39073 1.39206 1.39297 1.39353 1.39379 1.39379 1.39351 1.39291 1.39191 1.39042 1.38824 1.38514 1.38079 1.37472 1.36633 1.35483 1.33925 1.31847 1.29131 1.25662 1.21354 1.16164 1.10117 1.03317 0.95951 0.882752 0.805886 0.731975 0.663768 0.603376 0.552074 0.510255 0.477533 0.452943 0.435182 0.422843 0.414591 0.409273 0.405968 0.403984 0.402835 0.402193 0.401853 0.40169 0.401636 0.401658 0.401748 0.401909 0.402149 0.402478 0.402898 0.403406 0.403984 0.404608 
0.398205 0.398829 0.399403 0.399907 0.400327 0.400662 0.400917 0.401103 0.401234 0.401325 0.401391 0.401453 0.401544 0.401723 0.402109 0.40292 0.40454 0.407588 0.412995 0.422033 0.436286 0.45751 0.487394 0.527241 0.577637 0.638196 0.707475 0.783073 0.86193 0.94073 1.01634 1.08616 1.14836 1.20196 1.24675 1.28315 1.312 1.33437 1.3514 1.36416 1.3736 1.38051 1.38554 1.38918 1.39179 1.39365 1.39497 1.39589 1.3965 1.39688 1.39707 1.39708 1.39692 1.39655 1.39592 1.39495 1.39351 1.39141 1.38838 1.38403 1.3778 1.36899 1.35665 1.33966 1.31674 1.28659 1.24807 1.20041 1.14342 1.07777 1.005 0.927504 0.848283 0.770619 0.697635 0.631904 0.57517 0.528229 0.490984 0.462627 0.441895 0.427328 0.417481 0.41107 0.407048 0.404612 0.403188 0.402386 0.401955 0.401742 0.401662 0.401671 0.401754 0.401911 0.40215 0.402478 0.402899 0.403406 0.403985 0.404608 
0.398205 0.398829 0.399403 0.399907 0.400327 0.400662 0.400917 0.401103 0.401235 0.401327 0.401397 0.401469 0.401584 0.401817 0.402318 0.403356 0.405398 0.40918 0.415783 0.426643 0.443491 0.468169 0.502339 0.547131 0.602805 0.668535 0.742382 0.821494 0.902477 0.981862 1.05655 1.12415 1.18315 1.23294 1.27366 1.30602 1.33108 1.35006 1.36416 1.37445 1.38187 1.38717 1.39092 1.39356 1.39542 1.39671 1.39761 1.39822 1.39863 1.39888 1.39901 1.39903 1.39894 1.39871 1.39833 1.39772 1.3968 1.39541 1.39335 1.39028 1.38574 1.37909 1.36946 1.35574 1.33665 1.31076 1.27672 1.23344 1.18035 1.11768 1.04661 0.969275 0.888614 0.808034 0.730967 0.660412 0.598579 0.546689 0.50497 0.472815 0.449036 0.432147 0.420616 0.413038 0.408241 0.405312 0.403585 0.402605 0.402072 0.401803 0.401692 0.401686 0.401761 0.401915 0.402151 0.402479 0.402899 0.403406 0.403985 0.404608 
0.398205 0.398829 0.399403 0.399907 0.400327 0.400662 0.400917 0.401103 0.401236 0.40133 0.401404 0.401488 0.401631 0.401927 0.402558 0.40385 0.406356 0.410932 0.418803 0.431562 0.451063 0.479199 0.517566 0.567081 0.627651 0.698001 0.775726 0.857571 0.939883 1.01912 1.09229 1.15725 1.21285 1.25881 1.29562 1.32425 1.34594 1.36197 1.3736 1.38187 1.38768 1.39172 1.3945 1.39641 1.39772 1.3986 1.39921 1.39961 1.39988 1.40004 1.40013 1.40015 1.4001 1.39997 1.39974 1.39937 1.39879 1.39789 1.39651 1.39438 1.39112 1.38616 1.37872 1.36775 1.35198 1.32994 1.30011 1.26112 1.21207 1.15275 1.08395 1.0075 0.926188 0.843474 0.763026 0.688224 0.62172 0.565163 0.51913 0.483241 0.456418 0.437178 0.423919 0.41513 0.40952 0.406067 0.404017 0.402844 0.4022 0.40187 0.401726 0.401703 0.401769 0.401918 0.402153 0.40248 0.402899 0.403406 0.403985 0.404608 
0.398205 0.398829 0.399403 0.399907 0.400327 0.400662 0.400917 0.401104 0.401237 0.401333 0.401413 0.401511 0.401685 0.40205 0.402823 0.404389 0.407385 0.412787 0.421958 0.436629 0.458756 0.490253 0.532615 0.586521 0.651517 0.725894 0.806818 0.890693 0.973678 1.05222 1.12349 1.18563 1.23782 1.28014 1.31335 1.33864 1.35738 1.37093 1.38051 1.38717 1.39172 1.3948 1.39686 1.39823 1.39915 1.39976 1.40016 1.40042 1.40059 1.4007 1.40075 1.40077 1.40074 1.40067 1.40054 1.40031 1.39996 1.39939 1.39848 1.39702 1.39469 1.39102 1.38531 1.37659 1.36363 1.34495 1.31892 1.28397 1.23887 1.18303 1.11683 1.04177 0.960446 0.876284 0.79313 0.714683 0.644005 0.583158 0.533069 0.493608 0.463828 0.442272 0.427292 0.417283 0.410847 0.406857 0.404473 0.403098 0.402338 0.401942 0.401763 0.401721 0.401778 0.401923 0.402155 0.40248 0.4029 0.403407 0.403985 0.404608 
0.398205 0.398829 0.399403 0.399907 0.400327 0.400662 0.400917 0.401104 0.401238 0.401336 0.401423 0.401535 0.401743 0.402182 0.403104 0.404951 0.408446 0.414675 0.425131 0.441663 0.466306 0.500969 0.547024 0.604902 0.673796 0.751595 0.835086 0.920395 1.00355 1.08105 1.15024 1.20956 1.25851 1.29748 1.32748 1.34987 1.36612 1.3776 1.38554 1.39092 1.3945 1.39686 1.39839 1.39939 1.40003 1.40044 1.40071 1.40088 1.40099 1.40106 1.40109 1.4011 1.40109 1.40105 1.40098 1.40085 1.40063 1.40027 1.39968 1.39868 1.39704 1.39433 1.38994 1.38302 1.37237 1.35654 1.33384 1.30254 1.26113 1.20869 1.14521 1.07185 0.990973 0.905934 0.820686 0.739195 0.66488 0.600189 0.546391 0.503608 0.471038 0.447271 0.430629 0.41943 0.412179 0.407656 0.404936 0.403358 0.40248 0.402017 0.401802 0.40174 0.401787 0.401927 0.402157 0.402481 0.4029 0.403407 0.403985 0.404608 
0.398205 0.398829 0.399403 0.399907 0.400327 0.400662 0.400917 0.401105 0.401239 0.40134 0.401433 0.40156 0.401804 0.402317 0.403388 0.405513 0.409494 0.416522 0.428199 0.446478 0.47345 0.510998 0.560364 0.621735 0.693974 0.774609 0.860105 0.946368 1.02935 1.10562 1.17273 1.22939 1.27539 1.31139 1.33862 1.35855 1.37273 1.38254 1.38918 1.39356 1.39641 1.39823 1.39939 1.40011 1.40057 1.40085 1.40103 1.40114 1.40121 1.40125 1.40127 1.40128 1.40127 1.40125 1.40121 1.40114 1.40101 1.40078 1.4004 1.39972 1.39855 1.39654 1.39317 1.38764 1.37885 1.36538 1.3455 1.31738 1.27929 1.23001 1.16919 1.09765 1.01751 0.932038 0.845231 0.761263 0.683864 0.615824 0.55873 0.512949 0.477827 0.452015 0.433819 0.421497 0.413471 0.408437 0.405392 0.403616 0.402621 0.402092 0.40184 0.40176 0.401797 0.401932 0.402159 0.402482 0.402901 0.403407 0.403985 0.404608 
0.398205 0.398829 0.399403 0.399907 0.400327 0.400662 0.400917 0.401105 0.401241 0.401344 0.401443 0.401586 0.401863 0.402449 0.403662 0.40605 0.410487 0.418252 0.431046 0.450904 0.479954 0.520044 0.572283 0.636632 0.711661 0.794587 0.881608 0.968462 1.05106 1.12607 1.19122 1.24549 1.28891 1.32238 1.34728 1.36519 1.37769 1.38618 1.39179 1.39542 1.39772 1.39915 1.40003 1.40057 1.40089 1.40109 1.40121 1.40128 1.40133 1.40135 1.40137 1.40137 1.40137 1.40136 1.40133 1.40129 1.40122 1.40108 1.40082 1.40036 1.39952 1.39802 1.39539 1.39093 1.3836 1.37202 1.35447 1.32903 1.29381 1.24733 1.18896 1.11921 1.03997 0.954372 0.866447 0.780523 0.700581 0.62971 0.569778 0.521377 0.483999 0.456359 0.43676 0.423416 0.414679 0.409171 0.405823 0.403862 0.402756 0.402164 0.401878 0.401779 0.401806 0.401936 0.402161 0.402483 0.402901 0.403407 0.403985 0.404608 
