2.47944 2.4797 2.47995 2.4802 2.48045 2.48069 2.48092 2.48115 2.48137 2.48158 2.48179 2.48199 2.48218 2.48238 2.48258 2.48277 2.48298 2.48319 2.48341 2.48365 2.4839 2.48418 2.48448 2.4848 2.48515 2.48553 2.48593 2.48637 2.48684 2.48734 2.48787 2.48842 2.48899 2.48958 2.49019 2.49081 2.49143 2.49205 2.49267 2.49327 2.49384 2.49439 2.49491 2.49539 2.49582 2.49619 2.49651 2.49677 2.49697 2.4971 2.49716 2.49715 2.49707 2.49692 2.49671 2.49644 2.4961 2.49571 2.49528 2.4948 2.49428 2.49373 2.49316 2.49257 2.49197 2.49136 2.49075 2.49015 2.48957 2.489 2.48845 2.48793 2.48743 2.48697 2.48654 2.48614 2.48578 2.48546 2.48517 2.48492 2.48471 2.48453 2.48439 2.48429 2.48422 2.48418 2.48417 2.48419 2.48425 2.48433 2.48444 2.48457 2.48472 2.48489 2.48509 2.48529 2.48551 2.48575 2.48599 2.48624 
2.4797 2.47995 2.4802 2.48045 2.4807 2.48094 2.48117 2.4814 2.48162 2.48183 2.48204 2.48224 2.48243 2.48263 2.48282 2.48302 2.48323 2.48344 2.48366 2.4839 2.48416 2.48443 2.48473 2.48506 2.48541 2.4858 2.48621 2.48666 2.48713 2.48764 2.48817 2.48873 2.48932 2.48992 2.49055 2.49118 2.49181 2.49245 2.49307 2.49368 2.49427 2.49484 2.49536 2.49585 2.49629 2.49667 2.497 2.49727 2.49747 2.4976 2.49766 2.49765 2.49757 2.49742 2.4972 2.49692 2.49658 2.49618 2.49574 2.49524 2.49472 2.49416 2.49357 2.49297 2.49235 2.49173 2.49111 2.4905 2.4899 2.48932 2.48876 2.48823 2.48773 2.48726 2.48682 2.48642 2.48605 2.48572 2.48543 2.48518 2.48496 2.48479 2.48465 2.48454 2.48447 2.48443 2.48442 2.48444 2.4845 2.48458 2.48469 2.48482 2.48497 2.48515 2.48534 2.48555 2.48577 2.486 2.48624 2.48649 
2.47995 2.4802 2.48045 2.48071 2.48095 2.48119 2.48143 2.48165 2.48187 2.48209 2.4823 2.4825 2.4827 2.4829 2.4831 2.48331 2.48352 2.48374 2.48397 2.48422 2.4845 2.48479 2.48511 2.48546 2.48583 2.48624 2.48669 2.48716 2.48767 2.48822 2.48879 2.48939 2.49002 2.49067 2.49133 2.49201 2.49269 2.49337 2.49404 2.4947 2.49533 2.49593 2.4965 2.49702 2.49748 2.4979 2.49825 2.49853 2.49874 2.49888 2.49894 2.49893 2.49884 2.49868 2.49845 2.49815 2.49778 2.49735 2.49687 2.49635 2.49578 2.49518 2.49455 2.4939 2.49324 2.49258 2.49192 2.49126 2.49062 2.49 2.4894 2.48883 2.48829 2.48778 2.48731 2.48688 2.48649 2.48613 2.48582 2.48555 2.48532 2.48512 2.48497 2.48485 2.48477 2.48472 2.48471 2.48472 2.48477 2.48485 2.48495 2.48508 2.48523 2.4854 2.48559 2.4858 2.48602 2.48625 2.48649 2.48674 
2.4802 2.48045 2.48071 2.48096 2.4812 2.48144 2.48168 2.48191 2.48213 2.48235 2.48257 2.48278 2.48298 2.48319 2.4834 2.48362 2.48385 2.48409 2.48435 2.48462 2.48492 2.48525 2.4856 2.48599 2.48641 2.48687 2.48737 2.4879 2.48847 2.48908 2.48973 2.4904 2.4911 2.49183 2.49257 2.49333 2.49409 2.49485 2.4956 2.49633 2.49703 2.4977 2.49833 2.49891 2.49943 2.49989 2.50027 2.50059 2.50082 2.50097 2.50104 2.50102 2.50092 2.50074 2.50048 2.50014 2.49973 2.49926 2.49872 2.49813 2.4975 2.49682 2.49612 2.4954 2.49466 2.49392 2.49318 2.49245 2.49173 2.49103 2.49036 2.48972 2.48912 2.48855 2.48802 2.48754 2.48709 2.4867 2.48634 2.48603 2.48577 2.48554 2.48536 2.48522 2.48512 2.48505 2.48502 2.48503 2.48507 2.48513 2.48523 2.48535 2.4855 2.48566 2.48585 2.48606 2.48628 2.48651 2.48675 2.48699 
2.48045 2.4807 2.48095 2.4812 2.48145 2.4817 2.48193 2.48217 2.4824 2.48262 2.48284 2.48306 2.48328 2.48351 2.48374 2.48398 2.48423 2.4845 2.48479 2.4851 2.48544 2.48582 2.48623 2.48667 2.48716 2.4877 2.48827 2.48889 2.48955 2.49026 2.49101 2.49179 2.4926 2.49344 2.4943 2.49517 2.49605 2.49692 2.49778 2.49862 2.49943 2.5002 2.50091 2.50157 2.50217 2.50269 2.50313 2.50349 2.50375 2.50392 2.504 2.50398 2.50386 2.50365 2.50334 2.50295 2.50248 2.50193 2.50131 2.50064 2.49991 2.49913 2.49832 2.49749 2.49664 2.49579 2.49493 2.49409 2.49326 2.49245 2.49168 2.49094 2.49024 2.48958 2.48897 2.4884 2.48788 2.48742 2.487 2.48664 2.48632 2.48605 2.48583 2.48565 2.48552 2.48543 2.48538 2.48536 2.48538 2.48544 2.48552 2.48563 2.48577 2.48593 2.48611 2.48631 2.48653 2.48676 2.48699 2.48724 
2.48069 2.48094 2.48119 2.48144 2.4817 2.48194 2.48219 2.48243 2.48266 2.4829 2.48313 2.48336 2.4836 2.48385 2.4841 2.48437 2.48465 2.48496 2.4853 2.48566 2.48607 2.48651 2.48699 2.48752 2.4881 2.48874 2.48942 2.49015 2.49094 2.49178 2.49266 2.49358 2.49454 2.49553 2.49655 2.49757 2.4986 2.49963 2.50064 2.50162 2.50257 2.50346 2.5043 2.50507 2.50577 2.50637 2.50688 2.50729 2.5076 2.50779 2.50788 2.50785 2.50771 2.50746 2.5071 2.50664 2.50608 2.50544 2.50471 2.50392 2.50306 2.50215 2.5012 2.50022 2.49923 2.49822 2.49721 2.49622 2.49524 2.49429 2.49337 2.4925 2.49167 2.49089 2.49016 2.48949 2.48887 2.48832 2.48782 2.48737 2.48699 2.48666 2.48638 2.48616 2.48598 2.48585 2.48577 2.48573 2.48572 2.48576 2.48582 2.48592 2.48605 2.4862 2.48637 2.48657 2.48678 2.487 2.48724 2.48748 
2.48092 2.48117 2.48143 2.48168 2.48193 2.48219 2.48244 2.48268 2.48293 2.48318 2.48343 2.48368 2.48394 2.48421 2.4845 2.48481 2.48514 2.4855 2.48589 2.48633 2.48681 2.48734 2.48792 2.48856 2.48925 2.49001 2.49084 2.49172 2.49267 2.49367 2.49473 2.49583 2.49698 2.49816 2.49937 2.50059 2.50182 2.50304 2.50423 2.5054 2.50652 2.50758 2.50857 2.50948 2.51029 2.511 2.5116 2.51208 2.51244 2.51267 2.51276 2.51272 2.51255 2.51225 2.51182 2.51127 2.51061 2.50985 2.50899 2.50804 2.50702 2.50594 2.50482 2.50365 2.50247 2.50127 2.50007 2.49888 2.49772 2.49659 2.49549 2.49444 2.49345 2.49251 2.49164 2.49083 2.49008 2.48941 2.4888 2.48826 2.48778 2.48737 2.48703 2.48674 2.48651 2.48633 2.4862 2.48612 2.48609 2.4861 2.48614 2.48622 2.48633 2.48647 2.48664 2.48682 2.48702 2.48724 2.48747 2.48772 
2.48115 2.4814 2.48165 2.48191 2.48217 2.48243 2.48268 2.48294 2.4832 2.48346 2.48373 2.48401 2.4843 2.48461 2.48494 2.48529 2.48568 2.48611 2.48658 2.4871 2.48768 2.48832 2.48902 2.4898 2.49064 2.49156 2.49256 2.49363 2.49477 2.49598 2.49726 2.49859 2.49997 2.50139 2.50283 2.5043 2.50576 2.50722 2.50864 2.51003 2.51136 2.51262 2.51379 2.51487 2.51583 2.51667 2.51738 2.51795 2.51836 2.51863 2.51873 2.51868 2.51847 2.51811 2.5176 2.51694 2.51615 2.51524 2.51421 2.51309 2.51187 2.51059 2.50924 2.50785 2.50643 2.505 2.50357 2.50215 2.50075 2.49939 2.49807 2.49681 2.49561 2.49448 2.49342 2.49244 2.49154 2.49071 2.48997 2.4893 2.48872 2.48821 2.48777 2.4874 2.4871 2.48686 2.48668 2.48656 2.48649 2.48646 2.48648 2.48653 2.48662 2.48675 2.4869 2.48707 2.48727 2.48748 2.48771 2.48794 
2.48137 2.48162 2.48187 2.48213 2.4824 2.48266 2.48293 2.4832 2.48348 2.48376 2.48406 2.48436 2.48469 2.48504 2.48542 2.48584 2.4863 2.48681 2.48738 2.48801 2.48871 2.48948 2.49034 2.49128 2.4923 2.49342 2.49463 2.49592 2.4973 2.49877 2.50031 2.50191 2.50357 2.50527 2.50701 2.50876 2.51051 2.51225 2.51395 2.5156 2.51718 2.51868 2.52007 2.52135 2.52249 2.52348 2.52431 2.52498 2.52547 2.52577 2.52589 2.52583 2.52557 2.52514 2.52452 2.52374 2.5228 2.52171 2.52049 2.51915 2.5177 2.51616 2.51456 2.5129 2.5112 2.50949 2.50777 2.50606 2.50439 2.50275 2.50117 2.49965 2.4982 2.49684 2.49556 2.49436 2.49327 2.49226 2.49135 2.49054 2.48981 2.48918 2.48863 2.48817 2.48778 2.48747 2.48722 2.48704 2.48692 2.48685 2.48683 2.48686 2.48692 2.48703 2.48716 2.48732 2.48751 2.48771 2.48793 2.48817 
2.48158 2.48183 2.48209 2.48235 2.48262 2.4829 2.48318 2.48346 2.48376 2.48407 2.4844 2.48474 2.48512 2.48552 2.48597 2.48646 2.48701 2.48762 2.4883 2.48906 2.48991 2.49085 2.49189 2.49302 2.49427 2.49562 2.49708 2.49865 2.50032 2.50208 2.50393 2.50586 2.50785 2.50989 2.51197 2.51406 2.51615 2.51822 2.52024 2.5222 2.52408 2.52585 2.5275 2.52901 2.53035 2.53152 2.53251 2.53329 2.53386 2.53421 2.53435 2.53427 2.53396 2.53344 2.53271 2.53178 2.53066 2.52936 2.52791 2.52631 2.52459 2.52276 2.52085 2.51887 2.51684 2.5148 2.51275 2.51071 2.5087 2.50674 2.50484 2.50301 2.50127 2.49963 2.49808 2.49664 2.49531 2.49409 2.49298 2.49198 2.49109 2.49031 2.48963 2.48905 2.48855 2.48815 2.48782 2.48757 2.48739 2.48727 2.48721 2.4872 2.48724 2.48731 2.48743 2.48757 2.48775 2.48794 2.48815 2.48838 
2.48179 2.48204 2.4823 2.48257 2.48284 2.48313 2.48343 2.48373 2.48406 2.4844 2.48476 2.48515 2.48558 2.48606 2.48658 2.48717 2.48782 2.48855 2.48937 2.49029 2.49131 2.49245 2.4937 2.49508 2.49659 2.49822 2.49998 2.50186 2.50387 2.50598 2.5082 2.51051 2.51289 2.51532 2.51779 2.52028 2.52276 2.52522 2.52761 2.52993 2.53215 2.53424 2.53619 2.53796 2.53954 2.54091 2.54206 2.54298 2.54365 2.54406 2.54421 2.5441 2.54374 2.54312 2.54225 2.54115 2.53982 2.53829 2.53657 2.53467 2.53263 2.53047 2.5282 2.52585 2.52345 2.52102 2.51858 2.51615 2.51376 2.51142 2.50915 2.50696 2.50488 2.5029 2.50104 2.4993 2.4977 2.49622 2.49488 2.49366 2.49258 2.49162 2.49078 2.49005 2.48944 2.48892 2.4885 2.48816 2.48791 2.48773 2.48762 2.48756 2.48756 2.48761 2.4877 2.48783 2.48798 2.48817 2.48837 2.48859 
2.48199 2.48224 2.4825 2.48278 2.48306 2.48336 2.48368 2.48401 2.48436 2.48474 2.48515 2.4856 2.4861 2.48665 2.48727 2.48797 2.48875 2.48963 2.49061 2.49172 2.49295 2.49432 2.49583 2.49748 2.49929 2.50125 2.50336 2.50562 2.50802 2.51054 2.51319 2.51593 2.51876 2.52165 2.52457 2.52752 2.53045 2.53334 2.53616 2.53889 2.5415 2.54395 2.54623 2.5483 2.55015 2.55175 2.5531 2.55416 2.55493 2.55541 2.55558 2.55545 2.55501 2.55428 2.55325 2.55196 2.5504 2.54859 2.54657 2.54434 2.54194 2.53939 2.53671 2.53394 2.53111 2.52823 2.52535 2.52247 2.51963 2.51685 2.51416 2.51156 2.50907 2.50671 2.50448 2.5024 2.50048 2.4987 2.49708 2.49561 2.4943 2.49313 2.4921 2.49121 2.49044 2.4898 2.48926 2.48883 2.48849 2.48824 2.48806 2.48795 2.48791 2.48792 2.48798 2.48808 2.48822 2.48839 2.48858 2.4888 
2.48218 2.48243 2.4827 2.48298 2.48328 2.4836 2.48394 2.4843 2.48469 2.48512 2.48558 2.4861 2.48668 2.48733 2.48806 2.48888 2.48982 2.49087 2.49205 2.49337 2.49485 2.49649 2.49829 2.50028 2.50244 2.50478 2.5073 2.50998 2.51283 2.51583 2.51896 2.5222 2.52554 2.52894 2.53239 2.53585 2.53929 2.54267 2.54598 2.54917 2.55221 2.55507 2.55772 2.56013 2.56228 2.56414 2.5657 2.56693 2.56782 2.56836 2.56856 2.56839 2.56788 2.56702 2.56582 2.5643 2.56248 2.56037 2.558 2.5554 2.55259 2.54961 2.54647 2.54323 2.5399 2.53652 2.53313 2.52974 2.5264 2.52312 2.51993 2.51685 2.51391 2.51111 2.50846 2.50599 2.50369 2.50157 2.49963 2.49787 2.49628 2.49487 2.49362 2.49253 2.49159 2.49079 2.49012 2.48957 2.48913 2.48879 2.48854 2.48838 2.48828 2.48825 2.48827 2.48835 2.48846 2.48861 2.48879 2.489 
2.48238 2.48263 2.4829 2.48319 2.48351 2.48385 2.48421 2.48461 2.48504 2.48552 2.48606 2.48665 2.48733 2.48809 2.48895 2.48993 2.49104 2.49229 2.4937 2.49528 2.49704 2.49899 2.50114 2.5035 2.50607 2.50885 2.51183 2.515 2.51836 2.5219 2.52558 2.52939 2.5333 2.53729 2.54132 2.54536 2.54937 2.55331 2.55715 2.56085 2.56438 2.56769 2.57076 2.57355 2.57603 2.57817 2.57996 2.58137 2.58239 2.58302 2.58323 2.58303 2.58243 2.58143 2.58004 2.57828 2.57616 2.57372 2.57097 2.56794 2.56468 2.56121 2.55757 2.55379 2.54991 2.54597 2.542 2.53804 2.53413 2.53028 2.52654 2.52292 2.51945 2.51615 2.51303 2.5101 2.50738 2.50486 2.50255 2.50045 2.49855 2.49686 2.49536 2.49404 2.4929 2.49192 2.4911 2.49041 2.48985 2.48941 2.48908 2.48884 2.48868 2.4886 2.48858 2.48862 2.48871 2.48884 2.489 2.4892 
2.48258 2.48282 2.4831 2.4834 2.48374 2.4841 2.4845 2.48494 2.48542 2.48597 2.48658 2.48727 2.48806 2.48895 2.48997 2.49112 2.49244 2.49392 2.49559 2.49746 2.49955 2.50187 2.50441 2.5072 2.51023 2.51351 2.51701 2.52074 2.52468 2.52882 2.53312 2.53757 2.54213 2.54677 2.55144 2.55612 2.56077 2.56532 2.56976 2.57403 2.57809 2.5819 2.58542 2.58862 2.59146 2.59391 2.59596 2.59757 2.59874 2.59944 2.59968 2.59944 2.59874 2.59759 2.59598 2.59395 2.59152 2.5887 2.58553 2.58205 2.57828 2.57427 2.57006 2.56569 2.5612 2.55664 2.55204 2.54744 2.54289 2.53841 2.53404 2.52982 2.52576 2.52189 2.51823 2.51479 2.51158 2.50861 2.50588 2.5034 2.50115 2.49913 2.49734 2.49576 2.49439 2.49321 2.4922 2.49135 2.49066 2.4901 2.48967 2.48934 2.48911 2.48897 2.48891 2.48891 2.48896 2.48907 2.48922 2.48941 
2.48277 2.48302 2.48331 2.48362 2.48398 2.48437 2.48481 2.48529 2.48584 2.48646 2.48717 2.48797 2.48888 2.48993 2.49112 2.49249 2.49403 2.49578 2.49776 2.49997 2.50243 2.50515 2.50815 2.51142 2.51498 2.51881 2.5229 2.52726 2.53185 2.53666 2.54165 2.5468 2.55208 2.55743 2.56283 2.56821 2.57355 2.57878 2.58387 2.58875 2.59339 2.59774 2.60176 2.6054 2.60864 2.61143 2.61375 2.61558 2.61689 2.61769 2.61795 2.61767 2.61687 2.61554 2.61371 2.61139 2.6086 2.60538 2.60176 2.59777 2.59346 2.58886 2.58403 2.57902 2.57386 2.5686 2.5633 2.558 2.55273 2.54756 2.5425 2.5376 2.53289 2.52838 2.52412 2.5201 2.51635 2.51287 2.50967 2.50675 2.5041 2.50171 2.49959 2.49772 2.49608 2.49466 2.49344 2.49242 2.49157 2.49087 2.49032 2.4899 2.48959 2.48938 2.48926 2.48921 2.48923 2.48931 2.48944 2.48961 
2.48298 2.48323 2.48352 2.48385 2.48423 2.48465 2.48514 2.48568 2.4863 2.48701 2.48782 2.48875 2.48982 2.49104 2.49244 2.49403 2.49585 2.4979 2.50022 2.50281 2.50569 2.50888 2.51238 2.5162 2.52034 2.52479 2.52955 2.5346 2.53991 2.54546 2.55122 2.55714 2.5632 2.56934 2.57552 2.58168 2.58777 2.59373 2.59952 2.60507 2.61034 2.61527 2.61982 2.62394 2.6276 2.63075 2.63337 2.63542 2.6369 2.63779 2.63808 2.63776 2.63684 2.63533 2.63325 2.63061 2.62745 2.6238 2.61968 2.61515 2.61025 2.60502 2.59952 2.5938 2.58791 2.5819 2.57584 2.56976 2.56373 2.55778 2.55196 2.54631 2.54087 2.53567 2.53073 2.52608 2.52172 2.51767 2.51394 2.51053 2.50743 2.50463 2.50213 2.49992 2.49798 2.49629 2.49484 2.49361 2.49258 2.49173 2.49105 2.49052 2.49011 2.48982 2.48963 2.48954 2.48951 2.48956 2.48967 2.48982 
2.48319 2.48344 2.48374 2.48409 2.4845 2.48496 2.4855 2.48611 2.48681 2.48762 2.48855 2.48963 2.49087 2.49229 2.49392 2.49578 2.4979 2.5003 2.503 2.50602 2.50938 2.51309 2.51715 2.52158 2.52637 2.53151 2.537 2.5428 2.5489 2.55527 2.56186 2.56864 2.57555 2.58254 2.58956 2.59656 2.60346 2.61021 2.61675 2.62302 2.62895 2.63451 2.63962 2.64425 2.64835 2.65188 2.65482 2.65712 2.65877 2.65975 2.66006 2.6597 2.65866 2.65696 2.65461 2.65165 2.64808 2.64396 2.63933 2.63422 2.62868 2.62278 2.61656 2.61008 2.6034 2.59659 2.58969 2.58278 2.5759 2.56911 2.56247 2.556 2.54977 2.5438 2.53812 2.53275 2.52773 2.52305 2.51873 2.51477 2.51116 2.50791 2.50499 2.5024 2.50012 2.49813 2.49642 2.49495 2.49372 2.4927 2.49186 2.4912 2.49069 2.49031 2.49004 2.48989 2.48982 2.48983 2.48991 2.49005 
2.48341 2.48366 2.48397 2.48435 2.48479 2.4853 2.48589 2.48658 2.48738 2.4883 2.48937 2.49061 2.49205 2.4937 2.49559 2.49776 2.50022 2.503 2.50614 2.50963 2.51352 2.5178 2.52249 2.52759 2.53309 2.53899 2.54527 2.55191 2.55887 2.56612 2.57362 2.58131 2.58914 2.59705 2.60498 2.61287 2.62063 2.62822 2.63556 2.64259 2.64923 2.65544 2.66115 2.66632 2.67088 2.67482 2.67807 2.68063 2.68246 2.68355 2.68389 2.68347 2.6823 2.6804 2.67778 2.67446 2.67048 2.66587 2.66068 2.65496 2.64876 2.64213 2.63515 2.62786 2.62035 2.61266 2.60488 2.59707 2.58929 2.58159 2.57405 2.5667 2.5596 2.55279 2.5463 2.54016 2.5344 2.52903 2.52406 2.51949 2.51533 2.51156 2.50818 2.50517 2.50251 2.50019 2.49818 2.49645 2.49499 2.49377 2.49276 2.49195 2.49132 2.49084 2.49049 2.49027 2.49014 2.49011 2.49016 2.49028 
2.48365 2.4839 2.48422 2.48462 2.4851 2.48566 2.48633 2.4871 2.48801 2.48906 2.49029 2.49172 2.49337 2.49528 2.49746 2.49997 2.50281 2.50602 2.50963 2.51366 2.51813 2.52304 2.52841 2.53425 2.54053 2.54726 2.55441 2.56194 2.56984 2.57804 2.58651 2.59518 2.60399 2.61288 2.62177 2.6306 2.63929 2.64776 2.65594 2.66376 2.67114 2.67803 2.68437 2.69009 2.69514 2.69949 2.70309 2.70591 2.70792 2.70912 2.70948 2.70901 2.70772 2.7056 2.70269 2.69901 2.69459 2.68948 2.68371 2.67735 2.67045 2.66307 2.65527 2.64714 2.63874 2.63014 2.62142 2.61264 2.60389 2.59523 2.58672 2.57842 2.57039 2.56267 2.5553 2.54833 2.54177 2.53564 2.52996 2.52473 2.51995 2.51562 2.51173 2.50825 2.50518 2.50248 2.50013 2.49811 2.4964 2.49496 2.49376 2.49279 2.49202 2.49142 2.49098 2.49068 2.4905 2.49042 2.49043 2.49053 
2.4839 2.48416 2.4845 2.48492 2.48544 2.48607 2.48681 2.48768 2.48871 2.48991 2.49131 2.49295 2.49485 2.49704 2.49955 2.50243 2.50569 2.50938 2.51352 2.51813 2.52323 2.52883 2.53495 2.54158 2.54872 2.55633 2.56441 2.57292 2.58181 2.59103 2.60053 2.61024 2.62009 2.63001 2.63992 2.64974 2.65938 2.66878 2.67783 2.68647 2.69463 2.70223 2.70921 2.7155 2.72105 2.72583 2.72977 2.73286 2.73507 2.73637 2.73676 2.73624 2.73481 2.73248 2.72927 2.72522 2.72035 2.71471 2.70835 2.70132 2.6937 2.68553 2.6769 2.66788 2.65855 2.64899 2.63927 2.62949 2.61971 2.61002 2.60049 2.59117 2.58214 2.57345 2.56514 2.55726 2.54984 2.54289 2.53644 2.53049 2.52505 2.5201 2.51564 2.51166 2.50812 2.50501 2.5023 2.49996 2.49796 2.49627 2.49487 2.49372 2.49279 2.49207 2.49152 2.49113 2.49088 2.49075 2.49072 2.4908 
2.48418 2.48443 2.48479 2.48525 2.48582 2.48651 2.48734 2.48832 2.48948 2.49085 2.49245 2.49432 2.49649 2.49899 2.50187 2.50515 2.50888 2.51309 2.5178 2.52304 2.52883 2.53519 2.54211 2.5496 2.55765 2.56622 2.57529 2.58483 2.59478 2.60508 2.61567 2.62647 2.63742 2.64842 2.65938 2.67023 2.68087 2.69121 2.70117 2.71066 2.71961 2.72793 2.73556 2.74244 2.7485 2.75371 2.75801 2.76137 2.76377 2.76518 2.7656 2.76502 2.76345 2.76091 2.7574 2.75297 2.74764 2.74147 2.7345 2.7268 2.71842 2.70945 2.69995 2.69002 2.67972 2.66916 2.65841 2.64757 2.63672 2.62595 2.61533 2.60495 2.59486 2.58513 2.57582 2.56697 2.55862 2.55079 2.54351 2.53679 2.53062 2.52501 2.51994 2.5154 2.51136 2.5078 2.50469 2.50199 2.49968 2.49772 2.49609 2.49473 2.49364 2.49277 2.49211 2.49162 2.4913 2.49111 2.49104 2.49109 
2.48448 2.48473 2.48511 2.4856 2.48623 2.48699 2.48792 2.48902 2.49034 2.49189 2.4937 2.49583 2.49829 2.50114 2.50441 2.50815 2.51238 2.51715 2.52249 2.52841 2.53495 2.54211 2.5499 2.55831 2.56732 2.57691 2.58704 2.59766 2.60873 2.62016 2.63189 2.64384 2.65592 2.66803 2.68009 2.692 2.70366 2.71498 2.72586 2.73622 2.74596 2.75502 2.76331 2.77077 2.77735 2.78299 2.78764 2.79128 2.79387 2.79539 2.79584 2.79521 2.7935 2.79074 2.78693 2.78212 2.77633 2.76962 2.76204 2.75365 2.74452 2.73472 2.72435 2.71347 2.70219 2.69059 2.67878 2.66684 2.65488 2.64298 2.63123 2.61972 2.60852 2.5977 2.58733 2.57745 2.56811 2.55935 2.55118 2.54362 2.53668 2.53035 2.52462 2.51948 2.51489 2.51084 2.5073 2.50422 2.50157 2.49931 2.49742 2.49585 2.49457 2.49355 2.49275 2.49216 2.49175 2.4915 2.49138 2.4914 
2.4848 2.48506 2.48546 2.48599 2.48667 2.48752 2.48856 2.4898 2.49128 2.49302 2.49508 2.49748 2.50028 2.5035 2.5072 2.51142 2.5162 2.52158 2.52759 2.53425 2.54158 2.5496 2.55831 2.56769 2.57773 2.58839 2.59963 2.61139 2.62361 2.63623 2.64914 2.66227 2.67552 2.68878 2.70196 2.71496 2.72765 2.73996 2.75177 2.763 2.77354 2.78333 2.79229 2.80034 2.80742 2.81349 2.81849 2.8224 2.82518 2.82682 2.82729 2.82661 2.82477 2.82179 2.81769 2.81249 2.80625 2.79901 2.79081 2.78174 2.77185 2.76123 2.74996 2.73813 2.72584 2.7132 2.70029 2.68723 2.67411 2.66105 2.64813 2.63544 2.62308 2.61112 2.59964 2.58868 2.5783 2.56855 2.55944 2.55099 2.54322 2.53613 2.52969 2.5239 2.51873 2.51416 2.51014 2.50664 2.50362 2.50105 2.49888 2.49707 2.49558 2.49439 2.49346 2.49275 2.49224 2.49192 2.49176 2.49174 
2.48515 2.48541 2.48583 2.48641 2.48716 2.4881 2.48925 2.49064 2.4923 2.49427 2.49659 2.49929 2.50244 2.50607 2.51023 2.51498 2.52034 2.52637 2.53309 2.54053 2.54872 2.55765 2.56732 2.57773 2.58884 2.60062 2.61301 2.62596 2.63939 2.65322 2.66735 2.68169 2.69614 2.71057 2.72489 2.73897 2.75272 2.76601 2.77875 2.79085 2.80219 2.81271 2.82231 2.83094 2.83853 2.84502 2.85037 2.85454 2.85751 2.85925 2.85975 2.85902 2.85705 2.85386 2.84947 2.84391 2.83722 2.82945 2.82065 2.81089 2.80025 2.78881 2.77664 2.76386 2.75056 2.73685 2.72284 2.70863 2.69434 2.68008 2.66596 2.65206 2.6385 2.62536 2.61271 2.60063 2.58916 2.57836 2.56826 2.55889 2.55024 2.54233 2.53514 2.52867 2.52287 2.51773 2.51321 2.50926 2.50585 2.50293 2.50045 2.49839 2.49668 2.49531 2.49422 2.49338 2.49278 2.49238 2.49216 2.49211 
2.48553 2.4858 2.48624 2.48687 2.4877 2.48874 2.49001 2.49156 2.49342 2.49562 2.49822 2.50125 2.50478 2.50885 2.51351 2.51881 2.52479 2.53151 2.53899 2.54726 2.55633 2.56622 2.57691 2.58839 2.60062 2.61356 2.62715 2.64132 2.65599 2.67106 2.68644 2.70201 2.71766 2.73327 2.74873 2.76391 2.7787 2.79298 2.80664 2.81958 2.83171 2.84294 2.85318 2.86237 2.87044 2.87734 2.88303 2.88746 2.8906 2.89245 2.89299 2.8922 2.89011 2.88672 2.88205 2.87613 2.86901 2.86073 2.85134 2.84092 2.82954 2.81729 2.80424 2.79052 2.77621 2.76143 2.74631 2.73094 2.71547 2.69999 2.68464 2.66951 2.65472 2.64036 2.62651 2.61326 2.60066 2.58877 2.57764 2.56728 2.55771 2.54895 2.54097 2.53376 2.52731 2.52157 2.5165 2.51208 2.50824 2.50495 2.50216 2.49981 2.49787 2.49629 2.49504 2.49407 2.49336 2.49287 2.4926 2.49251 
2.48593 2.48621 2.48669 2.48737 2.48827 2.48942 2.49084 2.49256 2.49463 2.49708 2.49998 2.50336 2.5073 2.51183 2.51701 2.5229 2.52955 2.537 2.54527 2.55441 2.56441 2.57529 2.58704 2.59963 2.61301 2.62715 2.64197 2.65739 2.67331 2.68965 2.70628 2.72309 2.73996 2.75675 2.77334 2.78961 2.80542 2.82067 2.83524 2.84901 2.8619 2.87382 2.88468 2.8944 2.90294 2.91023 2.91623 2.92091 2.92423 2.92618 2.92674 2.92591 2.9237 2.92012 2.91519 2.90894 2.9014 2.89263 2.88268 2.87162 2.85953 2.84648 2.83257 2.81792 2.80261 2.78678 2.77055 2.75403 2.73737 2.72067 2.70407 2.68769 2.67164 2.65604 2.64096 2.6265 2.61274 2.59973 2.58752 2.57615 2.56562 2.55596 2.54715 2.53918 2.53203 2.52565 2.52002 2.51509 2.51081 2.50712 2.50398 2.50134 2.49915 2.49736 2.49592 2.49481 2.49398 2.4934 2.49306 2.49294 
2.48637 2.48666 2.48716 2.4879 2.48889 2.49015 2.49172 2.49363 2.49592 2.49865 2.50186 2.50562 2.50998 2.515 2.52074 2.52726 2.5346 2.5428 2.55191 2.56194 2.57292 2.58483 2.59766 2.61139 2.62596 2.64132 2.65739 2.67407 2.69127 2.70888 2.72677 2.74482 2.76289 2.78085 2.79856 2.81589 2.83272 2.8489 2.86434 2.87892 2.89254 2.90511 2.91656 2.9268 2.93577 2.94343 2.94973 2.95464 2.95812 2.96016 2.96075 2.95989 2.95757 2.95382 2.94864 2.94207 2.93415 2.92492 2.91444 2.90277 2.88998 2.87618 2.86144 2.84588 2.8296 2.81274 2.79542 2.77776 2.7599 2.74199 2.72415 2.70651 2.68919 2.67232 2.65599 2.64031 2.62535 2.61119 2.59787 2.58545 2.57393 2.56334 2.55366 2.5449 2.53701 2.52998 2.52375 2.51828 2.51353 2.50942 2.50592 2.50297 2.50051 2.49849 2.49687 2.4956 2.49464 2.49398 2.49357 2.4934 
2.48684 2.48713 2.48767 2.48847 2.48955 2.49094 2.49267 2.49477 2.4973 2.50032 2.50387 2.50802 2.51283 2.51836 2.52468 2.53185 2.53991 2.5489 2.55887 2.56984 2.58181 2.59478 2.60873 2.62361 2.63939 2.65599 2.67331 2.69127 2.70975 2.72863 2.74778 2.76705 2.78631 2.80541 2.82422 2.84258 2.86038 2.87747 2.89374 2.90909 2.9234 2.93659 2.94858 2.9593 2.96868 2.97668 2.98326 2.98838 2.99201 2.99415 2.99476 2.99387 2.99146 2.98754 2.98214 2.97529 2.96701 2.95735 2.94637 2.93412 2.92069 2.90616 2.89063 2.8742 2.85699 2.83912 2.82073 2.80196 2.78294 2.76381 2.74473 2.72583 2.70725 2.6891 2.67152 2.65459 2.63842 2.62309 2.60864 2.59513 2.5826 2.57104 2.56048 2.55089 2.54225 2.53452 2.52767 2.52165 2.5164 2.51186 2.50798 2.50469 2.50195 2.49969 2.49787 2.49643 2.49535 2.49458 2.4941 2.49389 
2.48734 2.48764 2.48822 2.48908 2.49026 2.49178 2.49367 2.49598 2.49877 2.50208 2.50598 2.51054 2.51583 2.5219 2.52882 2.53666 2.54546 2.55527 2.56612 2.57804 2.59103 2.60508 2.62016 2.63623 2.65322 2.67106 2.68965 2.70888 2.72863 2.74877 2.76915 2.78962 2.81004 2.83026 2.85012 2.86948 2.8882 2.90615 2.92322 2.93928 2.95424 2.968 2.9805 2.99166 3.00142 3.00973 3.01656 3.02188 3.02565 3.02786 3.02851 3.02758 3.02509 3.02104 3.01544 3.00832 2.99972 2.98967 2.97823 2.96546 2.95143 2.93622 2.91994 2.90268 2.88458 2.86575 2.84633 2.82646 2.8063 2.786 2.7657 2.74555 2.7257 2.70629 2.68744 2.66927 2.65188 2.63535 2.61976 2.60515 2.59157 2.57904 2.56756 2.55712 2.5477 2.53927 2.53177 2.52517 2.5194 2.51441 2.51013 2.5065 2.50346 2.50096 2.49892 2.49732 2.4961 2.49523 2.49467 2.49441 
2.48787 2.48817 2.48879 2.48973 2.49101 2.49266 2.49473 2.49726 2.50031 2.50393 2.5082 2.51319 2.51896 2.52558 2.53312 2.54165 2.55122 2.56186 2.57362 2.58651 2.60053 2.61567 2.63189 2.64914 2.66735 2.68644 2.70628 2.72677 2.74778 2.76915 2.79073 2.81238 2.83392 2.85521 2.87608 2.89639 2.91599 2.93475 2.95255 2.96928 2.98483 2.99912 3.01208 3.02364 3.03373 3.04233 3.04938 3.05487 3.05877 3.06106 3.06173 3.06079 3.05822 3.05405 3.04828 3.04093 3.03204 3.02165 3.00979 2.99654 2.98195 2.96612 2.94914 2.93112 2.91216 2.89242 2.87201 2.8511 2.82984 2.80838 2.78689 2.76552 2.74443 2.72376 2.70366 2.68424 2.66562 2.6479 2.63115 2.61544 2.60081 2.58728 2.57487 2.56356 2.55334 2.54418 2.53603 2.52883 2.52253 2.51707 2.51238 2.5084 2.50505 2.50228 2.50003 2.49825 2.49689 2.4959 2.49527 2.49496 
2.48842 2.48873 2.48939 2.4904 2.49179 2.49358 2.49583 2.49859 2.50191 2.50586 2.51051 2.51593 2.5222 2.52939 2.53757 2.5468 2.55714 2.56864 2.58131 2.59518 2.61024 2.62647 2.64384 2.66227 2.68169 2.70201 2.72309 2.74482 2.76705 2.78962 2.81238 2.83515 2.85777 2.88008 2.90191 2.9231 2.94353 2.96304 2.98152 2.99886 3.01495 3.02972 3.04309 3.055 3.06539 3.07423 3.08149 3.08712 3.09113 3.09349 3.09419 3.09323 3.09061 3.08633 3.08042 3.07288 3.06374 3.05304 3.04082 3.02713 3.01205 2.99566 2.97803 2.95929 2.93955 2.91894 2.89761 2.8757 2.85338 2.83081 2.80817 2.78561 2.7633 2.7414 2.72005 2.69941 2.67957 2.66066 2.64276 2.62593 2.61024 2.59571 2.58235 2.57017 2.55914 2.54924 2.54041 2.53261 2.52577 2.51982 2.51471 2.51036 2.5067 2.50366 2.50118 2.49922 2.49771 2.49661 2.49589 2.49554 
2.48899 2.48932 2.49002 2.4911 2.4926 2.49454 2.49698 2.49997 2.50357 2.50785 2.51289 2.51876 2.52554 2.5333 2.54213 2.55208 2.5632 2.57555 2.58914 2.60399 2.62009 2.63742 2.65592 2.67552 2.69614 2.71766 2.73996 2.76289 2.78631 2.81004 2.83392 2.85777 2.88142 2.90469 2.92741 2.94944 2.97062 2.99082 3.00992 3.02781 3.04438 3.05957 3.0733 3.08552 3.09617 3.10522 3.11264 3.11841 3.12251 3.12493 3.12565 3.12468 3.12202 3.11767 3.11163 3.10393 3.09459 3.08363 3.07109 3.05703 3.04151 3.0246 3.0064 2.98701 2.96654 2.94513 2.92292 2.90008 2.87675 2.85313 2.82937 2.80566 2.78217 2.75907 2.73651 2.71465 2.69362 2.67353 2.65448 2.63655 2.6198 2.60426 2.58996 2.5769 2.56505 2.5544 2.54489 2.53647 2.52908 2.52265 2.51711 2.51238 2.50839 2.50508 2.50237 2.50022 2.49855 2.49734 2.49654 2.49614 
2.48958 2.48992 2.49067 2.49183 2.49344 2.49553 2.49816 2.50139 2.50527 2.50989 2.51532 2.52165 2.52894 2.53729 2.54677 2.55743 2.56934 2.58254 2.59705 2.61288 2.63001 2.64842 2.66803 2.68878 2.71057 2.73327 2.75675 2.78085 2.80541 2.83026 2.85521 2.88008 2.90469 2.92885 2.95242 2.97521 2.99708 3.01791 3.03756 3.05593 3.07293 3.08848 3.10252 3.11499 3.12586 3.13509 3.14265 3.14852 3.1527 3.15517 3.15592 3.15495 3.15226 3.14785 3.14172 3.1339 3.12438 3.11321 3.10041 3.08603 3.07013 3.05277 3.03405 3.01407 2.99294 2.9708 2.94778 2.92406 2.89979 2.87516 2.85034 2.82553 2.80091 2.77664 2.75291 2.72987 2.70767 2.68642 2.66624 2.64722 2.62942 2.61288 2.59764 2.5837 2.57104 2.55963 2.54944 2.5404 2.53245 2.52553 2.51955 2.51444 2.51013 2.50653 2.50359 2.50124 2.49943 2.4981 2.49721 2.49675 
2.49019 2.49055 2.49133 2.49257 2.4943 2.49655 2.49937 2.50283 2.50701 2.51197 2.51779 2.52457 2.53239 2.54132 2.55144 2.56283 2.57552 2.58956 2.60498 2.62177 2.63992 2.65938 2.68009 2.70196 2.72489 2.74873 2.77334 2.79856 2.82422 2.85012 2.87608 2.90191 2.92741 2.95242 2.97674 3.00023 3.02273 3.04411 3.06425 3.08304 3.1004 3.11626 3.13056 3.14325 3.15429 3.16366 3.17133 3.17729 3.18153 3.18404 3.18482 3.18385 3.18115 3.1767 3.17051 3.16259 3.15294 3.1416 3.12859 3.11394 3.09772 3.07998 3.06081 3.0403 3.01858 2.99577 2.97201 2.94747 2.92233 2.89675 2.87094 2.84508 2.81937 2.794 2.76913 2.74495 2.7216 2.69923 2.67795 2.65785 2.63902 2.62151 2.60533 2.59052 2.57704 2.56489 2.55401 2.54435 2.53585 2.52843 2.52202 2.51653 2.51188 2.50801 2.50483 2.50229 2.50032 2.49887 2.4979 2.49739 
2.49081 2.49118 2.49201 2.49333 2.49517 2.49757 2.50059 2.5043 2.50876 2.51406 2.52028 2.52752 2.53585 2.54536 2.55612 2.56821 2.58168 2.59656 2.61287 2.6306 2.64974 2.67023 2.692 2.71496 2.73897 2.76391 2.78961 2.81589 2.84258 2.86948 2.89639 2.9231 2.94944 2.97521 3.00023 3.02434 3.0474 3.06927 3.08983 3.10898 3.12665 3.14276 3.15727 3.17012 3.1813 3.19077 3.19853 3.20455 3.20884 3.21139 3.21219 3.21123 3.20852 3.20405 3.19783 3.18984 3.18011 3.16864 3.15547 3.14061 3.12412 3.10605 3.08649 3.06553 3.04328 3.01987 2.99545 2.97017 2.94421 2.91776 2.89101 2.86417 2.83743 2.81099 2.78504 2.75977 2.73532 2.71186 2.68951 2.66837 2.64854 2.63006 2.61297 2.5973 2.58303 2.57014 2.55858 2.54831 2.53926 2.53134 2.52449 2.51862 2.51365 2.5095 2.50608 2.50334 2.50122 2.49965 2.49859 2.49803 
2.49143 2.49181 2.49269 2.49409 2.49605 2.4986 2.50182 2.50576 2.51051 2.51615 2.52276 2.53045 2.53929 2.54937 2.56077 2.57355 2.58777 2.60346 2.62063 2.63929 2.65938 2.68087 2.70366 2.72765 2.75272 2.7787 2.80542 2.83272 2.86038 2.8882 2.91599 2.94353 2.97062 2.99708 3.02273 3.0474 3.07094 3.09323 3.11415 3.13361 3.15152 3.16784 3.1825 3.19548 3.20676 3.2163 3.22412 3.23019 3.23451 3.23709 3.23791 3.23697 3.23427 3.2298 3.22355 3.21554 3.20575 3.1942 3.1809 3.16588 3.14918 3.13085 3.11097 3.08962 3.06691 3.04297 3.01794 2.99198 2.96528 2.93803 2.91041 2.88265 2.85495 2.82751 2.80053 2.77421 2.74872 2.72421 2.70083 2.67869 2.65788 2.63847 2.6205 2.60399 2.58894 2.57532 2.56311 2.55223 2.54264 2.53424 2.52696 2.52071 2.51542 2.51098 2.50733 2.5044 2.50212 2.50043 2.49929 2.49868 
2.49205 2.49245 2.49337 2.49485 2.49692 2.49963 2.50304 2.50722 2.51225 2.51822 2.52522 2.53334 2.54267 2.55331 2.56532 2.57878 2.59373 2.61021 2.62822 2.64776 2.66878 2.69121 2.71498 2.73996 2.76601 2.79298 2.82067 2.8489 2.87747 2.90615 2.93475 2.96304 2.99082 3.01791 3.04411 3.06927 3.09323 3.11588 3.1371 3.1568 3.17491 3.19138 3.20616 3.21923 3.23056 3.24016 3.248 3.2541 3.25845 3.26104 3.26188 3.26096 3.25828 3.25382 3.24759 3.23957 3.22975 3.21816 3.20478 3.18964 3.17278 3.15424 3.13409 3.11241 3.08931 3.06491 3.03935 3.01279 2.98542 2.95742 2.92902 2.9004 2.8718 2.84342 2.81548 2.78818 2.76169 2.73619 2.71183 2.68872 2.66698 2.64667 2.62784 2.61052 2.59472 2.58041 2.56755 2.55609 2.54596 2.53709 2.52939 2.52277 2.51716 2.51245 2.50857 2.50545 2.50301 2.50121 2.49999 2.49932 
2.49267 2.49307 2.49404 2.4956 2.49778 2.50064 2.50423 2.50864 2.51395 2.52024 2.52761 2.53616 2.54598 2.55715 2.56976 2.58387 2.59952 2.61675 2.63556 2.65594 2.67783 2.70117 2.72586 2.75177 2.77875 2.80664 2.83524 2.86434 2.89374 2.92322 2.95255 2.98152 3.00992 3.03756 3.06425 3.08983 3.11415 3.1371 3.15856 3.17845 3.19671 3.21329 3.22814 3.24127 3.25264 3.26225 3.27011 3.27622 3.28058 3.28319 3.28405 3.28315 3.28049 3.27606 3.26985 3.26185 3.25204 3.24043 3.22701 3.2118 3.19482 3.17613 3.15576 3.13382 3.11038 3.08558 3.05955 3.03246 3.00449 2.97583 2.94669 2.9173 2.88786 2.85862 2.82978 2.80155 2.77413 2.74769 2.7224 2.69838 2.67575 2.65458 2.63494 2.61685 2.60032 2.58534 2.57186 2.55983 2.54919 2.53987 2.53176 2.52479 2.51886 2.51389 2.50979 2.50648 2.50389 2.50197 2.50067 2.49996 
2.49327 2.49368 2.4947 2.49633 2.49862 2.50162 2.5054 2.51003 2.5156 2.5222 2.52993 2.53889 2.54917 2.56085 2.57403 2.58875 2.60507 2.62302 2.64259 2.66376 2.68647 2.71066 2.73622 2.763 2.79085 2.81958 2.84901 2.87892 2.90909 2.93928 2.96928 2.99886 3.02781 3.05593 3.08304 3.10898 3.13361 3.1568 3.17845 3.19849 3.21685 3.2335 3.2484 3.26155 3.27292 3.28254 3.2904 3.2965 3.30086 3.30348 3.30436 3.30349 3.30086 3.29647 3.2903 3.28233 3.27255 3.26095 3.24752 3.23227 3.21523 3.19641 3.17589 3.15372 3.13001 3.10487 3.07844 3.05088 3.02237 2.99312 2.96333 2.93322 2.90303 2.87299 2.84331 2.81423 2.78594 2.75863 2.73247 2.70759 2.68412 2.66215 2.64174 2.62292 2.6057 2.59007 2.576 2.56344 2.55231 2.54254 2.53405 2.52673 2.52051 2.51528 2.51096 2.50748 2.50475 2.50272 2.50134 2.50058 
2.49384 2.49427 2.49533 2.49703 2.49943 2.50257 2.50652 2.51136 2.51718 2.52408 2.53215 2.5415 2.55221 2.56438 2.57809 2.59339 2.61034 2.62895 2.64923 2.67114 2.69463 2.71961 2.74596 2.77354 2.80219 2.83171 2.8619 2.89254 2.9234 2.95424 2.98483 3.01495 3.04438 3.07293 3.1004 3.12665 3.15152 3.17491 3.19671 3.21685 3.23529 3.25197 3.26689 3.28003 3.29139 3.30099 3.30883 3.31492 3.31928 3.3219 3.32279 3.32195 3.31936 3.31502 3.3089 3.30098 3.29124 3.27967 3.26626 3.25101 3.23393 3.21504 3.19439 3.17206 3.14812 3.1227 3.09592 3.06796 3.03898 3.0092 2.97882 2.94807 2.9172 2.88642 2.85599 2.82612 2.79703 2.76891 2.74195 2.71628 2.69203 2.6693 2.64816 2.62866 2.61079 2.59457 2.57994 2.56687 2.55528 2.5451 2.53623 2.52859 2.52208 2.51661 2.51209 2.50843 2.50557 2.50344 2.50198 2.50117 
2.49439 2.49484 2.49593 2.4977 2.5002 2.50346 2.50758 2.51262 2.51868 2.52585 2.53424 2.54395 2.55507 2.56769 2.5819 2.59774 2.61527 2.63451 2.65544 2.67803 2.70223 2.72793 2.75502 2.78333 2.81271 2.84294 2.87382 2.90511 2.93659 2.968 2.99912 3.02972 3.05957 3.08848 3.11626 3.14276 3.16784 3.19138 3.21329 3.2335 3.25197 3.26867 3.28358 3.2967 3.30803 3.3176 3.32541 3.33148 3.33582 3.33845 3.33936 3.33854 3.33599 3.3317 3.32563 3.31778 3.3081 3.29658 3.28321 3.26797 3.25088 3.23195 3.21122 3.18876 3.16464 3.13898 3.11192 3.0836 3.05422 3.02397 2.99308 2.96176 2.93027 2.89884 2.86772 2.83714 2.80732 2.77847 2.75076 2.72436 2.69939 2.67597 2.65417 2.63402 2.61556 2.59878 2.58363 2.57009 2.55807 2.5475 2.53829 2.53034 2.52357 2.51787 2.51316 2.50934 2.50635 2.50412 2.50259 2.50174 
2.49491 2.49536 2.4965 2.49833 2.50091 2.5043 2.50857 2.51379 2.52007 2.5275 2.53619 2.54623 2.55772 2.57076 2.58542 2.60176 2.61982 2.63962 2.66115 2.68437 2.70921 2.73556 2.76331 2.79229 2.82231 2.85318 2.88468 2.91656 2.94858 2.9805 3.01208 3.04309 3.0733 3.10252 3.13056 3.15727 3.1825 3.20616 3.22814 3.2484 3.26689 3.28358 3.29846 3.31155 3.32284 3.33237 3.34015 3.34619 3.35052 3.35314 3.35406 3.35327 3.35077 3.34653 3.34052 3.33273 3.32312 3.31167 3.29835 3.28314 3.26606 3.24711 3.22633 3.20377 3.17951 3.15367 3.12636 3.09775 3.06802 3.03737 3.00602 2.9742 2.94217 2.91016 2.87842 2.8472 2.81673 2.78721 2.75883 2.73177 2.70616 2.6821 2.65969 2.63897 2.61996 2.60266 2.58705 2.57306 2.56065 2.54972 2.54019 2.53197 2.52495 2.51904 2.51415 2.51019 2.50708 2.50475 2.50317 2.50228 
2.49539 2.49585 2.49702 2.49891 2.50157 2.50507 2.50948 2.51487 2.52135 2.52901 2.53796 2.5483 2.56013 2.57355 2.58862 2.6054 2.62394 2.64425 2.66632 2.69009 2.7155 2.74244 2.77077 2.80034 2.83094 2.86237 2.8944 2.9268 2.9593 2.99166 3.02364 3.055 3.08552 3.11499 3.14325 3.17012 3.19548 3.21923 3.24127 3.26155 3.28003 3.2967 3.31155 3.32459 3.33584 3.34532 3.35306 3.35907 3.36338 3.366 3.36693 3.36617 3.36371 3.35952 3.35358 3.34586 3.33632 3.32493 3.31167 3.29651 3.27945 3.2605 3.23969 3.21706 3.1927 3.1667 3.1392 3.11034 3.08031 3.04932 3.01757 2.98532 2.95281 2.92029 2.88802 2.85624 2.82518 2.79507 2.7661 2.73845 2.71226 2.68764 2.66468 2.64344 2.62394 2.60618 2.59014 2.57577 2.563 2.55175 2.54193 2.53346 2.52622 2.52012 2.51506 2.51096 2.50775 2.50534 2.50369 2.50277 
2.49582 2.49629 2.49748 2.49943 2.50217 2.50577 2.51029 2.51583 2.52249 2.53035 2.53954 2.55015 2.56228 2.57603 2.59146 2.60864 2.6276 2.64835 2.67088 2.69514 2.72105 2.7485 2.77735 2.80742 2.83853 2.87044 2.90294 2.93577 2.96868 3.00142 3.03373 3.06539 3.09617 3.12586 3.15429 3.1813 3.20676 3.23056 3.25264 3.27292 3.29139 3.30803 3.32284 3.33584 3.34704 3.35648 3.36417 3.37016 3.37445 3.37706 3.37801 3.37727 3.37484 3.37071 3.36483 3.35717 3.3477 3.33638 3.32318 3.30807 3.29105 3.27211 3.25128 3.22861 3.20416 3.17805 3.15038 3.12132 3.09104 3.05976 3.02768 2.99506 2.96214 2.92918 2.89644 2.86418 2.83262 2.802 2.77251 2.74435 2.71765 2.69253 2.6691 2.6474 2.62747 2.60931 2.59289 2.57817 2.56508 2.55355 2.54348 2.53478 2.52734 2.52107 2.51588 2.51166 2.50835 2.50587 2.50417 2.50321 
2.49619 2.49667 2.4979 2.49989 2.50269 2.50637 2.511 2.51667 2.52348 2.53152 2.54091 2.55175 2.56414 2.57817 2.59391 2.61143 2.63075 2.65188 2.67482 2.69949 2.72583 2.75371 2.78299 2.81349 2.84502 2.87734 2.91023 2.94343 2.97668 3.00973 3.04233 3.07423 3.10522 3.13509 3.16366 3.19077 3.2163 3.24016 3.26225 3.28254 3.30099 3.3176 3.33237 3.34532 3.35648 3.36587 3.37353 3.37949 3.38376 3.38637 3.38732 3.38661 3.38422 3.38012 3.3743 3.3667 3.3573 3.34604 3.3329 3.31784 3.30085 3.28193 3.2611 3.23839 3.21389 3.18767 3.15988 3.13065 3.10017 3.06865 3.0363 3.00336 2.9701 2.93678 2.90365 2.87097 2.83899 2.80793 2.77801 2.74941 2.72228 2.69674 2.6729 2.65082 2.63052 2.61201 2.59527 2.58025 2.56689 2.55511 2.54483 2.53593 2.52832 2.52191 2.51659 2.51227 2.50887 2.50633 2.50458 2.5036 
2.49651 2.497 2.49825 2.50027 2.50313 2.50688 2.5116 2.51738 2.52431 2.53251 2.54206 2.5531 2.5657 2.57996 2.59596 2.61375 2.63337 2.65482 2.67807 2.70309 2.72977 2.75801 2.78764 2.81849 2.85037 2.88303 2.91623 2.94973 2.98326 3.01656 3.04938 3.08149 3.11264 3.14265 3.17133 3.19853 3.22412 3.248 3.27011 3.2904 3.30883 3.32541 3.34015 3.35306 3.36417 3.37353 3.38116 3.38709 3.39135 3.39396 3.39492 3.39422 3.39186 3.38781 3.38203 3.37448 3.36513 3.35393 3.34084 3.32582 3.30887 3.28996 3.26913 3.2464 3.22185 3.19556 3.16766 3.13831 3.10766 3.07594 3.04337 3.01019 2.97665 2.94303 2.90958 2.87656 2.84424 2.81283 2.78255 2.75359 2.7261 2.70023 2.67605 2.65365 2.63304 2.61425 2.59724 2.58198 2.5684 2.55642 2.54595 2.53689 2.52915 2.52261 2.51718 2.51278 2.50931 2.50672 2.50494 2.50393 
2.49677 2.49727 2.49853 2.50059 2.50349 2.50729 2.51208 2.51795 2.52498 2.53329 2.54298 2.55416 2.56693 2.58137 2.59757 2.61558 2.63542 2.65712 2.68063 2.70591 2.73286 2.76137 2.79128 2.8224 2.85454 2.88746 2.92091 2.95464 2.98838 3.02188 3.05487 3.08712 3.11841 3.14852 3.17729 3.20455 3.23019 3.2541 3.27622 3.2965 3.31492 3.33148 3.34619 3.35907 3.37016 3.37949 3.38709 3.39301 3.39726 3.39986 3.40082 3.40014 3.3978 3.39378 3.38804 3.38053 3.37123 3.36007 3.34701 3.33203 3.3151 3.29621 3.27537 3.25263 3.22804 3.2017 3.17372 3.14426 3.11349 3.08162 3.04888 3.0155 2.98175 2.9479 2.9142 2.88093 2.84833 2.81665 2.78609 2.75686 2.7291 2.70296 2.67852 2.65587 2.63503 2.61601 2.5988 2.58335 2.56959 2.55745 2.54684 2.53766 2.5298 2.52317 2.51766 2.51319 2.50967 2.50703 2.50522 2.5042 
2.49697 2.49747 2.49874 2.50082 2.50375 2.5076 2.51244 2.51836 2.52547 2.53386 2.54365 2.55493 2.56782 2.58239 2.59874 2.61689 2.6369 2.65877 2.68246 2.70792 2.73507 2.76377 2.79387 2.82518 2.85751 2.8906 2.92423 2.95812 2.99201 3.02565 3.05877 3.09113 3.12251 3.1527 3.18153 3.20884 3.23451 3.25845 3.28058 3.30086 3.31928 3.33582 3.35052 3.36338 3.37445 3.38376 3.39135 3.39726 3.4015 3.40411 3.40507 3.4044 3.40208 3.39808 3.39236 3.38488 3.3756 3.36446 3.35144 3.33647 3.31956 3.30067 3.27983 3.25707 3.23245 3.20606 3.17803 3.14849 3.11763 3.08565 3.05279 3.01927 2.98537 2.95135 2.91748 2.88403 2.85125 2.81937 2.78862 2.75919 2.73124 2.70491 2.68029 2.65746 2.63646 2.61728 2.59992 2.58434 2.57046 2.5582 2.54749 2.53822 2.53028 2.52358 2.51802 2.5135 2.50994 2.50727 2.50543 2.5044 
2.4971 2.4976 2.49888 2.50097 2.50392 2.50779 2.51267 2.51863 2.52577 2.53421 2.54406 2.55541 2.56836 2.58302 2.59944 2.61769 2.63779 2.65975 2.68355 2.70912 2.73637 2.76518 2.79539 2.82682 2.85925 2.89245 2.92618 2.96016 2.99415 3.02786 3.06106 3.09349 3.12493 3.15517 3.18404 3.21139 3.23709 3.26104 3.28319 3.30348 3.3219 3.33845 3.35314 3.366 3.37706 3.38637 3.39396 3.39986 3.40411 3.40671 3.40768 3.40702 3.4047 3.4007 3.395 3.38753 3.37826 3.36714 3.35411 3.33916 3.32224 3.30335 3.2825 3.25972 3.23507 3.20865 3.18057 3.15099 3.12007 3.08802 3.05508 3.02148 2.98749 2.95338 2.91941 2.88585 2.85295 2.82097 2.79011 2.76056 2.7325 2.70606 2.68134 2.65841 2.63731 2.61805 2.6006 2.58494 2.57098 2.55866 2.54789 2.53857 2.53058 2.52384 2.51824 2.51369 2.51011 2.50742 2.50557 2.50453 
