5.30836 5.30854 5.30881 5.30915 5.30957 5.31007 5.31065 5.31131 5.31206 5.31289 5.3138 5.3148 5.31589 5.31706 5.31833 5.31968 5.32112 5.32265 5.32427 5.32597 5.32776 5.32962 5.33156 5.33357 5.33565 5.33778 5.33996 5.34219 5.34444 5.34672 5.34902 5.35131 5.35359 5.35585 5.35807 5.36024 5.36235 5.36439 5.36634 5.36818 5.36992 5.37153 5.373 5.37433 5.3755 5.37652 5.37736 5.37802 5.37851 5.37881 5.37893 5.37886 5.3786 5.37816 5.37755 5.37675 5.37579 5.37467 5.37339 5.37198 5.37042 5.36875 5.36696 5.36508 5.36311 5.36107 5.35897 5.35683 5.35465 5.35246 5.35025 5.34805 5.34587 5.34372 5.3416 5.33953 5.33752 5.33557 5.3337 5.3319 5.33018 5.32855 5.32702 5.32557 5.32422 5.32297 5.32182 5.32076 5.31981 5.31894 5.31818 5.31751 5.31693 5.31644 5.31604 5.31573 5.31551 5.31536 5.31531 5.31533 
5.30854 5.30873 5.30899 5.30933 5.30975 5.31026 5.31084 5.31151 5.31226 5.31309 5.31401 5.31502 5.31611 5.31729 5.31857 5.31993 5.32138 5.32292 5.32455 5.32627 5.32807 5.32995 5.3319 5.33393 5.33602 5.33817 5.34037 5.34261 5.34489 5.34719 5.3495 5.35181 5.35411 5.35639 5.35863 5.36082 5.36295 5.365 5.36696 5.36882 5.37057 5.3722 5.37368 5.37502 5.37621 5.37723 5.37807 5.37875 5.37924 5.37954 5.37966 5.37959 5.37933 5.37889 5.37826 5.37746 5.37649 5.37536 5.37407 5.37264 5.37108 5.36939 5.36759 5.36569 5.3637 5.36165 5.35953 5.35737 5.35517 5.35296 5.35073 5.34852 5.34631 5.34414 5.34201 5.33992 5.33789 5.33593 5.33404 5.33222 5.33049 5.32885 5.3273 5.32585 5.32449 5.32323 5.32206 5.321 5.32003 5.31916 5.31839 5.31772 5.31713 5.31664 5.31624 5.31592 5.31569 5.31555 5.31549 5.31551 
5.30881 5.30899 5.30925 5.3096 5.31003 5.31054 5.31113 5.31181 5.31258 5.31343 5.31436 5.31539 5.3165 5.31771 5.31901 5.3204 5.32188 5.32346 5.32512 5.32687 5.32871 5.33063 5.33263 5.3347 5.33683 5.33903 5.34128 5.34357 5.34589 5.34824 5.3506 5.35296 5.35531 5.35763 5.35992 5.36216 5.36433 5.36643 5.36843 5.37033 5.37212 5.37377 5.37529 5.37666 5.37786 5.3789 5.37977 5.38045 5.38095 5.38126 5.38138 5.38131 5.38104 5.38059 5.37995 5.37914 5.37814 5.37699 5.37567 5.37421 5.37261 5.37089 5.36905 5.36711 5.36508 5.36298 5.36081 5.3586 5.35636 5.3541 5.35183 5.34956 5.34731 5.34509 5.34291 5.34078 5.3387 5.3367 5.33476 5.33291 5.33114 5.32946 5.32787 5.32638 5.32499 5.3237 5.32251 5.32142 5.32043 5.31954 5.31875 5.31805 5.31745 5.31695 5.31653 5.31621 5.31597 5.31582 5.31576 5.31577 
5.30915 5.30933 5.3096 5.30996 5.31039 5.31092 5.31153 5.31223 5.31301 5.31389 5.31486 5.31592 5.31707 5.31832 5.31966 5.3211 5.32263 5.32426 5.32598 5.32779 5.32969 5.33167 5.33374 5.33588 5.33809 5.34036 5.34268 5.34505 5.34746 5.34988 5.35232 5.35476 5.35719 5.35959 5.36196 5.36427 5.36651 5.36867 5.37074 5.3727 5.37455 5.37626 5.37782 5.37923 5.38048 5.38155 5.38244 5.38314 5.38366 5.38398 5.3841 5.38402 5.38374 5.38328 5.38262 5.38177 5.38075 5.37955 5.37819 5.37668 5.37502 5.37324 5.37134 5.36933 5.36724 5.36506 5.36283 5.36054 5.35822 5.35588 5.35353 5.35119 5.34886 5.34656 5.34431 5.3421 5.33995 5.33787 5.33587 5.33395 5.33211 5.33037 5.32873 5.32718 5.32574 5.3244 5.32316 5.32203 5.321 5.32007 5.31925 5.31852 5.3179 5.31737 5.31693 5.31659 5.31634 5.31618 5.3161 5.31612 
5.30957 5.30975 5.31003 5.31039 5.31085 5.31139 5.31203 5.31275 5.31357 5.31448 5.31549 5.3166 5.3178 5.31911 5.32051 5.32201 5.32362 5.32532 5.32712 5.32902 5.331 5.33308 5.33524 5.33748 5.33979 5.34217 5.3446 5.34707 5.34958 5.35212 5.35467 5.35722 5.35975 5.36226 5.36473 5.36714 5.36948 5.37174 5.3739 5.37595 5.37787 5.37965 5.38128 5.38275 5.38404 5.38516 5.38609 5.38682 5.38735 5.38768 5.38781 5.38772 5.38744 5.38694 5.38625 5.38537 5.3843 5.38305 5.38163 5.38005 5.37832 5.37646 5.37447 5.37237 5.37018 5.36791 5.36558 5.36319 5.36076 5.35831 5.35585 5.3534 5.35097 5.34856 5.3462 5.34389 5.34164 5.33946 5.33736 5.33534 5.33342 5.33159 5.32987 5.32824 5.32673 5.32532 5.32401 5.32282 5.32174 5.32076 5.31989 5.31912 5.31846 5.3179 5.31743 5.31707 5.3168 5.31662 5.31654 5.31654 
5.31007 5.31026 5.31054 5.31092 5.31139 5.31196 5.31262 5.31339 5.31425 5.31521 5.31627 5.31744 5.31871 5.32009 5.32157 5.32316 5.32485 5.32665 5.32855 5.33056 5.33266 5.33485 5.33713 5.3395 5.34194 5.34445 5.34701 5.34963 5.35228 5.35495 5.35764 5.36033 5.363 5.36565 5.36825 5.37079 5.37325 5.37563 5.3779 5.38005 5.38207 5.38395 5.38566 5.38721 5.38857 5.38974 5.39071 5.39148 5.39204 5.39238 5.39251 5.39242 5.39211 5.39159 5.39086 5.38993 5.3888 5.38748 5.38598 5.38432 5.3825 5.38053 5.37844 5.37623 5.37392 5.37152 5.36905 5.36653 5.36397 5.36139 5.35879 5.3562 5.35363 5.35109 5.34859 5.34615 5.34377 5.34146 5.33924 5.3371 5.33506 5.33313 5.33129 5.32957 5.32796 5.32646 5.32507 5.3238 5.32265 5.32161 5.32067 5.31985 5.31914 5.31854 5.31804 5.31764 5.31734 5.31715 5.31705 5.31705 
5.31065 5.31084 5.31113 5.31153 5.31203 5.31262 5.31333 5.31414 5.31505 5.31607 5.3172 5.31844 5.31979 5.32126 5.32284 5.32453 5.32634 5.32825 5.33028 5.33241 5.33465 5.33699 5.33942 5.34194 5.34454 5.34721 5.34994 5.35272 5.35554 5.35838 5.36124 5.3641 5.36694 5.36975 5.37251 5.3752 5.37782 5.38034 5.38275 5.38503 5.38717 5.38915 5.39097 5.3926 5.39405 5.39529 5.39632 5.39713 5.39771 5.39808 5.39821 5.39811 5.39778 5.39722 5.39645 5.39545 5.39425 5.39285 5.39126 5.38949 5.38755 5.38547 5.38324 5.38089 5.37844 5.37589 5.37327 5.37059 5.36786 5.36511 5.36235 5.35959 5.35685 5.35414 5.35148 5.34888 5.34634 5.34388 5.3415 5.33922 5.33704 5.33497 5.33301 5.33116 5.32944 5.32783 5.32634 5.32498 5.32373 5.32261 5.32161 5.32072 5.31995 5.31929 5.31875 5.31831 5.31798 5.31776 5.31765 5.31763 
5.31131 5.31151 5.31181 5.31223 5.31275 5.31339 5.31414 5.315 5.31597 5.31706 5.31827 5.3196 5.32105 5.32262 5.32432 5.32613 5.32807 5.33012 5.3323 5.33459 5.33699 5.3395 5.3421 5.3448 5.34759 5.35045 5.35337 5.35635 5.35937 5.36241 5.36547 5.36852 5.37156 5.37456 5.37751 5.38039 5.38318 5.38587 5.38844 5.39087 5.39315 5.39527 5.3972 5.39894 5.40048 5.4018 5.40289 5.40375 5.40438 5.40476 5.40489 5.40478 5.40443 5.40383 5.403 5.40194 5.40065 5.39915 5.39745 5.39556 5.39349 5.39126 5.38888 5.38637 5.38374 5.38102 5.37821 5.37534 5.37243 5.36948 5.36652 5.36357 5.36063 5.35773 5.35487 5.35208 5.34935 5.34671 5.34416 5.3417 5.33936 5.33713 5.33502 5.33303 5.33116 5.32943 5.32782 5.32634 5.32499 5.32378 5.32268 5.32172 5.32088 5.32016 5.31956 5.31908 5.31872 5.31847 5.31833 5.3183 
5.31206 5.31226 5.31258 5.31301 5.31357 5.31425 5.31505 5.31597 5.31702 5.31819 5.3195 5.32093 5.32249 5.32418 5.32601 5.32796 5.33005 5.33227 5.33461 5.33708 5.33967 5.34237 5.34518 5.34809 5.35109 5.35417 5.35732 5.36052 5.36377 5.36704 5.37033 5.37361 5.37687 5.38009 5.38325 5.38634 5.38934 5.39222 5.39497 5.39758 5.40002 5.40229 5.40436 5.40622 5.40786 5.40927 5.41043 5.41135 5.41202 5.41242 5.41256 5.41244 5.41206 5.41141 5.41052 5.40938 5.40799 5.40638 5.40456 5.40253 5.4003 5.39791 5.39535 5.39265 5.38983 5.3869 5.38389 5.3808 5.37767 5.3745 5.37132 5.36814 5.36497 5.36185 5.35877 5.35575 5.35281 5.34996 5.3472 5.34455 5.34202 5.3396 5.33731 5.33516 5.33314 5.33125 5.32951 5.3279 5.32643 5.3251 5.32391 5.32285 5.32193 5.32114 5.32048 5.31995 5.31954 5.31926 5.3191 5.31906 
5.31289 5.31309 5.31343 5.31389 5.31448 5.31521 5.31607 5.31706 5.31819 5.31946 5.32087 5.32241 5.3241 5.32594 5.32791 5.33003 5.33229 5.33469 5.33723 5.3399 5.3427 5.34562 5.34866 5.35181 5.35505 5.35837 5.36177 5.36523 5.36874 5.37227 5.37581 5.37935 5.38286 5.38633 5.38974 5.39306 5.39628 5.39938 5.40234 5.40515 5.40777 5.4102 5.41242 5.41442 5.41618 5.41769 5.41894 5.41992 5.42063 5.42106 5.42121 5.42107 5.42066 5.41996 5.419 5.41776 5.41628 5.41454 5.41257 5.41038 5.40799 5.40541 5.40265 5.39975 5.3967 5.39355 5.3903 5.38697 5.38359 5.38017 5.37673 5.37329 5.36988 5.36649 5.36316 5.3599 5.35672 5.35363 5.35064 5.34776 5.34501 5.34239 5.33991 5.33756 5.33536 5.33331 5.3314 5.32965 5.32805 5.32659 5.32528 5.32412 5.32311 5.32224 5.32151 5.32091 5.32046 5.32014 5.31995 5.31989 
5.3138 5.31401 5.31436 5.31486 5.31549 5.31627 5.3172 5.31827 5.3195 5.32087 5.32239 5.32407 5.3259 5.32789 5.33003 5.33233 5.33478 5.33739 5.34014 5.34304 5.34608 5.34925 5.35254 5.35595 5.35946 5.36306 5.36674 5.37048 5.37427 5.37809 5.38192 5.38574 5.38954 5.39328 5.39696 5.40054 5.40402 5.40736 5.41055 5.41357 5.41639 5.41901 5.4214 5.42355 5.42544 5.42706 5.4284 5.42946 5.43021 5.43067 5.43083 5.43068 5.43022 5.42947 5.42842 5.42709 5.42548 5.42361 5.42149 5.41912 5.41654 5.41375 5.41078 5.40764 5.40435 5.40094 5.39743 5.39383 5.39018 5.38648 5.38276 5.37904 5.37534 5.37167 5.36806 5.36452 5.36107 5.35771 5.35447 5.35134 5.34835 5.3455 5.34279 5.34024 5.33784 5.3356 5.33351 5.3316 5.32984 5.32824 5.32681 5.32553 5.32442 5.32345 5.32264 5.32198 5.32147 5.32111 5.32089 5.32081 
5.3148 5.31502 5.31539 5.31592 5.3166 5.31744 5.31844 5.3196 5.32093 5.32241 5.32407 5.32589 5.32788 5.33004 5.33237 5.33487 5.33754 5.34037 5.34336 5.34651 5.34981 5.35325 5.35682 5.36052 5.36433 5.36823 5.37222 5.37628 5.38038 5.38451 5.38866 5.39279 5.39689 5.40094 5.40491 5.40878 5.41253 5.41614 5.41958 5.42283 5.42588 5.4287 5.43127 5.43358 5.43562 5.43736 5.4388 5.43994 5.44075 5.44124 5.4414 5.44123 5.44074 5.43992 5.43879 5.43735 5.43561 5.43359 5.43129 5.42874 5.42594 5.42293 5.41972 5.41632 5.41277 5.40908 5.40528 5.40139 5.39743 5.39343 5.3894 5.38537 5.38135 5.37738 5.37346 5.36962 5.36587 5.36222 5.35869 5.35529 5.35203 5.34893 5.34597 5.34319 5.34056 5.33811 5.33584 5.33374 5.33181 5.33006 5.32849 5.32708 5.32585 5.32479 5.32389 5.32316 5.32258 5.32217 5.32192 5.32182 
5.31589 5.31611 5.3165 5.31707 5.3178 5.31871 5.31979 5.32105 5.32249 5.3241 5.3259 5.32788 5.33005 5.33239 5.33493 5.33764 5.34054 5.34362 5.34688 5.3503 5.35388 5.35762 5.3615 5.36551 5.36965 5.37388 5.37821 5.3826 5.38705 5.39152 5.39601 5.40048 5.40492 5.40929 5.41358 5.41777 5.42182 5.42571 5.42942 5.43293 5.43622 5.43925 5.44203 5.44452 5.44671 5.44858 5.45013 5.45135 5.45222 5.45274 5.45291 5.45273 5.45219 5.4513 5.45008 5.44852 5.44664 5.44445 5.44197 5.43921 5.43619 5.43294 5.42946 5.42579 5.42195 5.41796 5.41385 5.40963 5.40535 5.40101 5.39664 5.39227 5.38792 5.38361 5.37936 5.37518 5.37111 5.36714 5.3633 5.3596 5.35606 5.35267 5.34945 5.34641 5.34354 5.34087 5.33838 5.33608 5.33397 5.33205 5.33032 5.32877 5.32741 5.32624 5.32524 5.32443 5.32379 5.32333 5.32304 5.32292 
5.31706 5.31729 5.31771 5.31832 5.31911 5.32009 5.32126 5.32262 5.32418 5.32594 5.32789 5.33004 5.33239 5.33495 5.3377 5.34066 5.34381 5.34716 5.35069 5.35441 5.3583 5.36236 5.36658 5.37093 5.37541 5.38001 5.38469 5.38946 5.39427 5.39912 5.40397 5.40881 5.4136 5.41833 5.42297 5.42748 5.43186 5.43606 5.44006 5.44385 5.44739 5.45066 5.45365 5.45633 5.45868 5.4607 5.46237 5.46367 5.46461 5.46516 5.46534 5.46514 5.46455 5.4636 5.46227 5.46059 5.45855 5.45619 5.45351 5.45053 5.44727 5.44375 5.43999 5.43603 5.43187 5.42756 5.42311 5.41855 5.41391 5.40921 5.40449 5.39975 5.39503 5.39036 5.38574 5.38121 5.37678 5.37248 5.3683 5.36428 5.36042 5.35673 5.35322 5.3499 5.34678 5.34385 5.34113 5.33861 5.3363 5.3342 5.3323 5.3306 5.32911 5.32781 5.32671 5.32581 5.3251 5.32458 5.32425 5.32411 
5.31833 5.31857 5.31901 5.31966 5.32051 5.32157 5.32284 5.32432 5.32601 5.32791 5.33003 5.33237 5.33493 5.3377 5.3407 5.34391 5.34733 5.35097 5.35481 5.35885 5.36307 5.36748 5.37205 5.37677 5.38163 5.3866 5.39168 5.39683 5.40204 5.40728 5.41253 5.41776 5.42294 5.42804 5.43305 5.43792 5.44264 5.44717 5.45148 5.45556 5.45937 5.46289 5.46611 5.46899 5.47152 5.47369 5.47548 5.47688 5.47788 5.47848 5.47867 5.47844 5.47781 5.47677 5.47534 5.47352 5.47133 5.46878 5.46588 5.46267 5.45915 5.45535 5.4513 5.44701 5.44253 5.43787 5.43306 5.42813 5.42311 5.41803 5.41292 5.40779 5.40268 5.39761 5.39261 5.3877 5.38289 5.37822 5.37368 5.36931 5.36511 5.3611 5.35728 5.35366 5.35026 5.34707 5.34409 5.34134 5.33882 5.33651 5.33443 5.33257 5.33093 5.3295 5.32829 5.32729 5.3265 5.32593 5.32555 5.32538 
5.31968 5.31993 5.3204 5.3211 5.32201 5.32316 5.32453 5.32613 5.32796 5.33003 5.33233 5.33487 5.33764 5.34066 5.34391 5.34739 5.35111 5.35505 5.35922 5.3636 5.36818 5.37295 5.3779 5.38301 5.38827 5.39366 5.39915 5.40472 5.41035 5.41601 5.42167 5.42732 5.4329 5.43841 5.44381 5.44906 5.45414 5.45901 5.46366 5.46804 5.47214 5.47593 5.47938 5.48248 5.4852 5.48753 5.48945 5.49095 5.49203 5.49266 5.49285 5.49261 5.49192 5.49081 5.48926 5.4873 5.48494 5.48219 5.47907 5.4756 5.47181 5.46772 5.46335 5.45873 5.45389 5.44886 5.44368 5.43836 5.43294 5.42745 5.42192 5.41638 5.41085 5.40537 5.39996 5.39464 5.38943 5.38436 5.37944 5.3747 5.37014 5.36577 5.36162 5.35769 5.35398 5.35051 5.34727 5.34427 5.34151 5.33899 5.33671 5.33468 5.33288 5.33131 5.32998 5.32888 5.32801 5.32736 5.32695 5.32675 
5.32112 5.32138 5.32188 5.32263 5.32362 5.32485 5.32634 5.32807 5.33005 5.33229 5.33478 5.33754 5.34054 5.34381 5.34733 5.35111 5.35514 5.35941 5.36392 5.36866 5.37362 5.37878 5.38414 5.38966 5.39535 5.40116 5.40709 5.4131 5.41918 5.42528 5.43139 5.43747 5.44348 5.44941 5.45522 5.46087 5.46633 5.47157 5.47656 5.48127 5.48567 5.48974 5.49345 5.49677 5.49969 5.50218 5.50424 5.50585 5.50699 5.50767 5.50787 5.5076 5.50686 5.50566 5.504 5.50189 5.49934 5.49639 5.49303 5.4893 5.48522 5.48082 5.47612 5.47115 5.46594 5.46052 5.45493 5.4492 5.44336 5.43744 5.43148 5.4255 5.41953 5.41361 5.40776 5.40201 5.39638 5.39089 5.38557 5.38043 5.37548 5.37075 5.36625 5.36198 5.35795 5.35417 5.35065 5.34739 5.34438 5.34163 5.33915 5.33692 5.33495 5.33324 5.33178 5.33057 5.32961 5.3289 5.32843 5.3282 
5.32265 5.32292 5.32346 5.32426 5.32532 5.32665 5.32825 5.33012 5.33227 5.33469 5.33739 5.34037 5.34362 5.34716 5.35097 5.35505 5.35941 5.36403 5.36891 5.37403 5.37938 5.38496 5.39074 5.3967 5.40283 5.4091 5.41549 5.42197 5.42851 5.43508 5.44165 5.44818 5.45465 5.46102 5.46726 5.47332 5.47918 5.48481 5.49016 5.49521 5.49993 5.50429 5.50826 5.51181 5.51494 5.51761 5.51981 5.52152 5.52275 5.52347 5.52368 5.52339 5.52259 5.52129 5.51951 5.51724 5.51451 5.51134 5.50774 5.50373 5.49935 5.49462 5.48957 5.48424 5.47864 5.47282 5.46681 5.46065 5.45436 5.44799 5.44157 5.43513 5.4287 5.42232 5.41601 5.40981 5.40373 5.3978 5.39205 5.38649 5.38115 5.37603 5.37115 5.36652 5.36216 5.35806 5.35424 5.35069 5.34742 5.34444 5.34173 5.3393 5.33716 5.33529 5.33369 5.33237 5.33131 5.33053 5.33 5.32975 
5.32427 5.32455 5.32512 5.32598 5.32712 5.32855 5.33028 5.3323 5.33461 5.33723 5.34014 5.34336 5.34688 5.35069 5.35481 5.35922 5.36392 5.36891 5.37417 5.37969 5.38546 5.39147 5.39769 5.40412 5.41071 5.41746 5.42433 5.43129 5.43832 5.44537 5.45242 5.45944 5.46638 5.47321 5.47989 5.48639 5.49267 5.49869 5.50442 5.50982 5.51487 5.51953 5.52377 5.52757 5.53091 5.53376 5.53611 5.53794 5.53924 5.54001 5.54023 5.53991 5.53906 5.53767 5.53575 5.53332 5.5304 5.527 5.52314 5.51886 5.51416 5.5091 5.50369 5.49796 5.49196 5.48572 5.47928 5.47266 5.46592 5.45908 5.45218 5.44525 5.43834 5.43148 5.42469 5.41801 5.41146 5.40508 5.39888 5.39288 5.38711 5.38159 5.37632 5.37132 5.36659 5.36216 5.35802 5.35418 5.35063 5.34739 5.34446 5.34182 5.33948 5.33745 5.33571 5.33426 5.33311 5.33224 5.33167 5.33138 
5.32597 5.32627 5.32687 5.32779 5.32902 5.33056 5.33241 5.33459 5.33708 5.3399 5.34304 5.34651 5.3503 5.35441 5.35885 5.3636 5.36866 5.37403 5.37969 5.38563 5.39184 5.3983 5.40499 5.41189 5.41897 5.42621 5.43358 5.44105 5.44858 5.45614 5.4637 5.47121 5.47864 5.48594 5.49309 5.50004 5.50674 5.51318 5.51929 5.52506 5.53045 5.53542 5.53995 5.544 5.54755 5.55059 5.55309 5.55504 5.55643 5.55724 5.55747 5.55713 5.55621 5.55472 5.55268 5.55008 5.54696 5.54333 5.5392 5.53462 5.52961 5.52419 5.51841 5.51229 5.50587 5.49919 5.49229 5.48521 5.47799 5.47066 5.46326 5.45584 5.44843 5.44106 5.43377 5.4266 5.41956 5.4127 5.40603 5.39958 5.39337 5.38741 5.38174 5.37634 5.37125 5.36646 5.36199 5.35784 5.35401 5.3505 5.34732 5.34446 5.34193 5.33972 5.33783 5.33626 5.335 5.33405 5.33342 5.3331 
5.32776 5.32807 5.32871 5.32969 5.331 5.33266 5.33465 5.33699 5.33967 5.3427 5.34608 5.34981 5.35388 5.3583 5.36307 5.36818 5.37362 5.37938 5.38546 5.39184 5.3985 5.40543 5.4126 5.42 5.42758 5.43534 5.44323 5.45122 5.45927 5.46735 5.47543 5.48345 5.49138 5.49918 5.50681 5.51421 5.52137 5.52822 5.53474 5.54088 5.54662 5.55191 5.55672 5.56104 5.56482 5.56805 5.5707 5.57277 5.57424 5.5751 5.57535 5.57498 5.574 5.57241 5.57023 5.56746 5.56413 5.56026 5.55587 5.55098 5.54564 5.53986 5.53369 5.52716 5.52032 5.51319 5.50582 5.49826 5.49054 5.4827 5.4748 5.46686 5.45893 5.45104 5.44324 5.43555 5.42801 5.42065 5.41349 5.40657 5.3999 5.3935 5.3874 5.3816 5.37611 5.37096 5.36614 5.36167 5.35754 5.35375 5.35032 5.34723 5.34449 5.3421 5.34005 5.33834 5.33698 5.33595 5.33525 5.3349 
5.32962 5.32995 5.33063 5.33167 5.33308 5.33485 5.33699 5.3395 5.34237 5.34562 5.34925 5.35325 5.35762 5.36236 5.36748 5.37295 5.37878 5.38496 5.39147 5.3983 5.40543 5.41284 5.42051 5.42842 5.43653 5.44481 5.45323 5.46176 5.47035 5.47898 5.48758 5.49613 5.50458 5.51288 5.521 5.52888 5.53649 5.54377 5.5507 5.55723 5.56332 5.56894 5.57405 5.57863 5.58264 5.58606 5.58888 5.59107 5.59263 5.59354 5.59379 5.5934 5.59235 5.59066 5.58834 5.5854 5.58186 5.57774 5.57308 5.56788 5.5622 5.55605 5.54949 5.54254 5.53525 5.52766 5.51982 5.51176 5.50353 5.49518 5.48675 5.47828 5.46981 5.46139 5.45305 5.44483 5.43677 5.4289 5.42124 5.41383 5.40668 5.39983 5.39328 5.38706 5.38118 5.37564 5.37047 5.36565 5.36121 5.35714 5.35344 5.35012 5.34716 5.34458 5.34237 5.34052 5.33904 5.33793 5.33717 5.33677 
5.33156 5.3319 5.33263 5.33374 5.33524 5.33713 5.33942 5.3421 5.34518 5.34866 5.35254 5.35682 5.3615 5.36658 5.37205 5.3779 5.38414 5.39074 5.39769 5.40499 5.4126 5.42051 5.4287 5.43713 5.44577 5.4546 5.46357 5.47265 5.48179 5.49096 5.50011 5.5092 5.51818 5.527 5.53561 5.54398 5.55205 5.55978 5.56712 5.57404 5.5805 5.58645 5.59186 5.5967 5.60095 5.60457 5.60755 5.60987 5.61151 5.61247 5.61274 5.61232 5.61121 5.60941 5.60695 5.60383 5.60008 5.59572 5.59076 5.58526 5.57923 5.57271 5.56574 5.55837 5.55063 5.54257 5.53423 5.52567 5.51692 5.50804 5.49907 5.49005 5.48104 5.47207 5.46319 5.45443 5.44583 5.43743 5.42925 5.42134 5.4137 5.40638 5.39937 5.39272 5.38642 5.38049 5.37495 5.36979 5.36502 5.36065 5.35668 5.35311 5.34994 5.34716 5.34478 5.34279 5.34119 5.33998 5.33916 5.33873 
5.33357 5.33393 5.3347 5.33588 5.33748 5.3395 5.34194 5.3448 5.34809 5.35181 5.35595 5.36052 5.36551 5.37093 5.37677 5.38301 5.38966 5.3967 5.40412 5.41189 5.42 5.42842 5.43713 5.4461 5.45529 5.46467 5.4742 5.48384 5.49355 5.50328 5.51298 5.52262 5.53213 5.54147 5.5506 5.55945 5.56799 5.57617 5.58394 5.59126 5.59808 5.60437 5.61008 5.6152 5.61968 5.62351 5.62665 5.6291 5.63083 5.63184 5.63212 5.63167 5.63049 5.62859 5.62599 5.62269 5.61872 5.61411 5.60887 5.60304 5.59666 5.58976 5.58239 5.57458 5.56639 5.55785 5.54902 5.53994 5.53066 5.52124 5.51172 5.50215 5.49258 5.48305 5.47361 5.46429 5.45514 5.4462 5.4375 5.42907 5.42093 5.41312 5.40566 5.39855 5.39183 5.3855 5.37957 5.37406 5.36896 5.36429 5.36003 5.35621 5.3528 5.34982 5.34727 5.34513 5.34341 5.34211 5.34123 5.34075 
5.33565 5.33602 5.33683 5.33809 5.33979 5.34194 5.34454 5.34759 5.35109 5.35505 5.35946 5.36433 5.36965 5.37541 5.38163 5.38827 5.39535 5.40283 5.41071 5.41897 5.42758 5.43653 5.44577 5.45529 5.46504 5.47498 5.48508 5.49529 5.50557 5.51587 5.52614 5.53633 5.54638 5.55626 5.5659 5.57525 5.58426 5.59289 5.60109 5.60881 5.616 5.62263 5.62865 5.63404 5.63876 5.64279 5.6461 5.64868 5.6505 5.65156 5.65185 5.65137 5.65013 5.64812 5.64538 5.6419 5.63771 5.63284 5.62732 5.62117 5.61443 5.60715 5.59937 5.59112 5.58246 5.57344 5.56411 5.55451 5.5447 5.53473 5.52465 5.51452 5.50438 5.49428 5.48427 5.47439 5.46469 5.4552 5.44596 5.437 5.42835 5.42005 5.4121 5.40454 5.39739 5.39064 5.38433 5.37845 5.37301 5.36802 5.36348 5.35939 5.35576 5.35257 5.34984 5.34755 5.34571 5.34431 5.34336 5.34284 
5.33778 5.33817 5.33903 5.34036 5.34217 5.34445 5.34721 5.35045 5.35417 5.35837 5.36306 5.36823 5.37388 5.38001 5.3866 5.39366 5.40116 5.4091 5.41746 5.42621 5.43534 5.44481 5.4546 5.46467 5.47498 5.4855 5.49617 5.50696 5.51782 5.52869 5.53953 5.55027 5.56088 5.57129 5.58145 5.5913 5.60079 5.60988 5.6185 5.62662 5.63418 5.64115 5.64749 5.65315 5.65811 5.66234 5.66582 5.66852 5.67043 5.67154 5.67185 5.67134 5.67003 5.66792 5.66503 5.66137 5.65697 5.65184 5.64603 5.63956 5.63247 5.62481 5.61661 5.60792 5.5988 5.58929 5.57945 5.56932 5.55897 5.54845 5.53781 5.52711 5.5164 5.50572 5.49514 5.48469 5.47442 5.46437 5.45458 5.44509 5.43593 5.42712 5.41869 5.41067 5.40307 5.39591 5.38919 5.38294 5.37716 5.37185 5.36702 5.36266 5.35879 5.35539 5.35247 5.35003 5.34806 5.34657 5.34554 5.34499 
5.33996 5.34037 5.34128 5.34268 5.3446 5.34701 5.34994 5.35337 5.35732 5.36177 5.36674 5.37222 5.37821 5.38469 5.39168 5.39915 5.40709 5.41549 5.42433 5.43358 5.44323 5.45323 5.46357 5.4742 5.48508 5.49617 5.50743 5.5188 5.53024 5.54169 5.55309 5.5644 5.57556 5.5865 5.59718 5.60753 5.6175 5.62704 5.6361 5.64462 5.65255 5.65986 5.66651 5.67245 5.67765 5.68208 5.68572 5.68855 5.69055 5.69171 5.69203 5.6915 5.69012 5.68791 5.68487 5.68103 5.67641 5.67103 5.66493 5.65814 5.6507 5.64265 5.63403 5.62491 5.61532 5.60532 5.59497 5.58432 5.57343 5.56235 5.55115 5.53988 5.52859 5.51733 5.50617 5.49514 5.4843 5.47369 5.46335 5.45332 5.44363 5.43432 5.4254 5.41691 5.40886 5.40127 5.39415 5.38752 5.38139 5.37575 5.37062 5.366 5.36188 5.35827 5.35517 5.35257 5.35047 5.34888 5.34778 5.34719 
5.34219 5.34261 5.34357 5.34505 5.34707 5.34963 5.35272 5.35635 5.36052 5.36523 5.37048 5.37628 5.3826 5.38946 5.39683 5.40472 5.4131 5.42197 5.43129 5.44105 5.45122 5.46176 5.47265 5.48384 5.49529 5.50696 5.5188 5.53075 5.54277 5.5548 5.56678 5.57865 5.59035 5.60183 5.61303 5.62388 5.63433 5.64432 5.6538 5.66272 5.67103 5.67868 5.68563 5.69184 5.69728 5.70192 5.70572 5.70868 5.71077 5.71198 5.71231 5.71175 5.71031 5.70799 5.70482 5.7008 5.69596 5.69033 5.68394 5.67683 5.66903 5.6606 5.65157 5.64201 5.63196 5.62147 5.61061 5.59944 5.588 5.57637 5.56461 5.55276 5.54089 5.52905 5.51731 5.50571 5.49429 5.48312 5.47222 5.46165 5.45143 5.4416 5.43219 5.42323 5.41472 5.40671 5.39918 5.39217 5.38568 5.37972 5.37429 5.36939 5.36503 5.3612 5.35791 5.35515 5.35292 5.35123 5.35006 5.34943 
5.34444 5.34489 5.34589 5.34746 5.34958 5.35228 5.35554 5.35937 5.36377 5.36874 5.37427 5.38038 5.38705 5.39427 5.40204 5.41035 5.41918 5.42851 5.43832 5.44858 5.45927 5.47035 5.48179 5.49355 5.50557 5.51782 5.53024 5.54277 5.55537 5.56797 5.58052 5.59295 5.6052 5.61721 5.62892 5.64027 5.65119 5.66164 5.67154 5.68086 5.68953 5.69752 5.70477 5.71125 5.71692 5.72176 5.72573 5.72881 5.73099 5.73225 5.73259 5.73201 5.7305 5.72808 5.72477 5.72057 5.71552 5.70964 5.70296 5.69554 5.68739 5.67858 5.66915 5.65915 5.64863 5.63767 5.6263 5.6146 5.60263 5.59045 5.57812 5.5657 5.55325 5.54084 5.52852 5.51633 5.50435 5.49261 5.48116 5.47004 5.45929 5.44895 5.43905 5.4296 5.42065 5.4122 5.40427 5.39687 5.39003 5.38373 5.378 5.37282 5.36821 5.36416 5.36068 5.35776 5.35541 5.35361 5.35238 5.3517 
5.34672 5.34719 5.34824 5.34988 5.35212 5.35495 5.35838 5.36241 5.36704 5.37227 5.37809 5.38451 5.39152 5.39912 5.40728 5.41601 5.42528 5.43508 5.44537 5.45614 5.46735 5.47898 5.49096 5.50328 5.51587 5.52869 5.54169 5.5548 5.56797 5.58115 5.59426 5.60724 5.62004 5.63257 5.64479 5.65663 5.66802 5.6789 5.68923 5.69893 5.70797 5.71628 5.72384 5.73058 5.73649 5.74152 5.74565 5.74886 5.75113 5.75244 5.75279 5.75218 5.75061 5.74809 5.74463 5.74026 5.735 5.72888 5.72192 5.71418 5.7057 5.69651 5.68667 5.67624 5.66527 5.65383 5.64197 5.62975 5.61725 5.60452 5.59163 5.57864 5.56562 5.55263 5.53973 5.52698 5.51442 5.50212 5.49011 5.47845 5.46718 5.45632 5.44592 5.43601 5.4266 5.41771 5.40938 5.4016 5.39439 5.38777 5.38173 5.37628 5.37142 5.36715 5.36348 5.3604 5.35792 5.35602 5.35471 5.354 
5.34902 5.3495 5.3506 5.35232 5.35467 5.35764 5.36124 5.36547 5.37033 5.37581 5.38192 5.38866 5.39601 5.40397 5.41253 5.42167 5.43139 5.44165 5.45242 5.4637 5.47543 5.48758 5.50011 5.51298 5.52614 5.53953 5.55309 5.56678 5.58052 5.59426 5.60792 5.62145 5.63478 5.64784 5.66056 5.67287 5.68472 5.69605 5.70678 5.71687 5.72626 5.7349 5.74275 5.74975 5.75589 5.76111 5.7654 5.76873 5.77108 5.77244 5.7728 5.77217 5.77054 5.76792 5.76433 5.75979 5.75432 5.74796 5.74073 5.73268 5.72386 5.7143 5.70407 5.69322 5.6818 5.66989 5.65753 5.64481 5.63178 5.61851 5.60507 5.59152 5.57794 5.56438 5.55091 5.53758 5.52446 5.5116 5.49905 5.48685 5.47505 5.46369 5.4528 5.44241 5.43254 5.42323 5.41449 5.40633 5.39877 5.39181 5.38547 5.37974 5.37464 5.37015 5.36629 5.36305 5.36044 5.35844 5.35706 5.3563 
5.35131 5.35181 5.35296 5.35476 5.35722 5.36033 5.3641 5.36852 5.37361 5.37935 5.38574 5.39279 5.40048 5.40881 5.41776 5.42732 5.43747 5.44818 5.45944 5.47121 5.48345 5.49613 5.5092 5.52262 5.53633 5.55027 5.5644 5.57865 5.59295 5.60724 5.62145 5.63552 5.64937 5.66293 5.67614 5.68893 5.70123 5.71298 5.72412 5.73458 5.74432 5.75328 5.76141 5.76867 5.77502 5.78044 5.78488 5.78833 5.79076 5.79217 5.79254 5.79188 5.79019 5.78748 5.78376 5.77905 5.77338 5.76679 5.75929 5.75095 5.74179 5.73188 5.72126 5.70999 5.69814 5.68576 5.67293 5.65971 5.64616 5.63236 5.61838 5.60428 5.59014 5.57602 5.56199 5.54811 5.53443 5.52102 5.50792 5.49519 5.48288 5.47101 5.45963 5.44877 5.43846 5.42873 5.41958 5.41104 5.40313 5.39584 5.3892 5.3832 5.37785 5.37315 5.3691 5.3657 5.36295 5.36086 5.35941 5.35861 
5.35359 5.35411 5.35531 5.35719 5.35975 5.363 5.36694 5.37156 5.37687 5.38286 5.38954 5.39689 5.40492 5.4136 5.42294 5.4329 5.44348 5.45465 5.46638 5.47864 5.49138 5.50458 5.51818 5.53213 5.54638 5.56088 5.57556 5.59035 5.6052 5.62004 5.63478 5.64937 5.66373 5.67779 5.69148 5.70472 5.71746 5.72963 5.74115 5.75198 5.76205 5.77132 5.77973 5.78724 5.79381 5.7994 5.804 5.80756 5.81007 5.81153 5.81192 5.81123 5.80948 5.80668 5.80283 5.79796 5.7921 5.78527 5.77752 5.76888 5.75941 5.74915 5.73815 5.72648 5.71421 5.70138 5.68808 5.67437 5.66032 5.646 5.63149 5.61686 5.60217 5.5875 5.57292 5.55849 5.54426 5.53031 5.51669 5.50344 5.49061 5.47825 5.46639 5.45507 5.44432 5.43416 5.42462 5.41571 5.40745 5.39984 5.3929 5.38663 5.38104 5.37612 5.37189 5.36833 5.36546 5.36326 5.36174 5.36091 
5.35585 5.35639 5.35763 5.35959 5.36226 5.36565 5.36975 5.37456 5.38009 5.38633 5.39328 5.40094 5.40929 5.41833 5.42804 5.43841 5.44941 5.46102 5.47321 5.48594 5.49918 5.51288 5.527 5.54147 5.55626 5.57129 5.5865 5.60183 5.61721 5.63257 5.64784 5.66293 5.67779 5.69233 5.70648 5.72017 5.73333 5.7459 5.7578 5.76899 5.77938 5.78895 5.79763 5.80538 5.81215 5.81792 5.82266 5.82633 5.82893 5.83043 5.83083 5.83012 5.82832 5.82542 5.82145 5.81643 5.81038 5.80333 5.79533 5.78641 5.77663 5.76603 5.75467 5.74261 5.72992 5.71666 5.70291 5.68872 5.67418 5.65936 5.64434 5.62918 5.61397 5.59876 5.58364 5.56868 5.55392 5.53944 5.5253 5.51154 5.49821 5.48537 5.47304 5.46127 5.45009 5.43952 5.42959 5.42031 5.41171 5.40378 5.39655 5.39002 5.38419 5.37906 5.37464 5.37094 5.36793 5.36564 5.36405 5.36318 
5.35807 5.35863 5.35992 5.36196 5.36473 5.36825 5.37251 5.37751 5.38325 5.38974 5.39696 5.40491 5.41358 5.42297 5.43305 5.44381 5.45522 5.46726 5.47989 5.49309 5.50681 5.521 5.53561 5.5506 5.5659 5.58145 5.59718 5.61303 5.62892 5.64479 5.66056 5.67614 5.69148 5.70648 5.72108 5.7352 5.74877 5.76172 5.77399 5.78551 5.79623 5.80608 5.81501 5.82299 5.82997 5.83591 5.84078 5.84456 5.84723 5.84878 5.84919 5.84846 5.8466 5.84362 5.83954 5.83436 5.82813 5.82088 5.81264 5.80345 5.79337 5.78244 5.77073 5.7583 5.74521 5.73153 5.71734 5.7027 5.68768 5.67238 5.65686 5.6412 5.62547 5.60975 5.59411 5.57862 5.56335 5.54836 5.53371 5.51945 5.50564 5.49233 5.47955 5.46734 5.45574 5.44477 5.43446 5.42482 5.41588 5.40765 5.40013 5.39334 5.38728 5.38195 5.37735 5.37349 5.37037 5.36798 5.36633 5.36541 
5.36024 5.36082 5.36216 5.36427 5.36714 5.37079 5.3752 5.38039 5.38634 5.39306 5.40054 5.40878 5.41777 5.42748 5.43792 5.44906 5.46087 5.47332 5.48639 5.50004 5.51421 5.52888 5.54398 5.55945 5.57525 5.5913 5.60753 5.62388 5.64027 5.65663 5.67287 5.68893 5.70472 5.72017 5.7352 5.74973 5.76369 5.77702 5.78963 5.80148 5.81249 5.82262 5.8318 5.84 5.84717 5.85327 5.85827 5.86216 5.8649 5.86648 5.86691 5.86616 5.86425 5.86119 5.85699 5.85168 5.84528 5.83782 5.82935 5.8199 5.80954 5.7983 5.78626 5.77347 5.76 5.74592 5.7313 5.71622 5.70076 5.68498 5.66898 5.65283 5.63661 5.62039 5.60425 5.58827 5.5725 5.55701 5.54187 5.52714 5.51286 5.49909 5.48587 5.47324 5.46123 5.44987 5.43919 5.42921 5.41995 5.41142 5.40363 5.39658 5.39029 5.38477 5.38 5.37599 5.37275 5.37027 5.36855 5.3676 
5.36235 5.36295 5.36433 5.36651 5.36948 5.37325 5.37782 5.38318 5.38934 5.39628 5.40402 5.41253 5.42182 5.43186 5.44264 5.45414 5.46633 5.47918 5.49267 5.50674 5.52137 5.53649 5.55205 5.56799 5.58426 5.60079 5.6175 5.63433 5.65119 5.66802 5.68472 5.70123 5.71746 5.73333 5.74877 5.76369 5.77803 5.79171 5.80466 5.81681 5.82811 5.83849 5.84791 5.85632 5.86367 5.86992 5.87505 5.87903 5.88184 5.88347 5.8839 5.88314 5.88118 5.87804 5.87374 5.86829 5.86173 5.85408 5.84539 5.8357 5.82506 5.81353 5.80117 5.78804 5.7742 5.75974 5.74472 5.72922 5.71333 5.69711 5.68065 5.66404 5.64734 5.63065 5.61403 5.59756 5.58131 5.56536 5.54975 5.53456 5.51983 5.50562 5.49198 5.47894 5.46654 5.45481 5.44378 5.43346 5.42389 5.41507 5.40701 5.39972 5.39322 5.3875 5.38256 5.37841 5.37505 5.37249 5.37071 5.36972 
5.36439 5.365 5.36643 5.36867 5.37174 5.37563 5.38034 5.38587 5.39222 5.39938 5.40736 5.41614 5.42571 5.43606 5.44717 5.45901 5.47157 5.48481 5.49869 5.51318 5.52822 5.54377 5.55978 5.57617 5.59289 5.60988 5.62704 5.64432 5.66164 5.6789 5.69605 5.71298 5.72963 5.7459 5.76172 5.77702 5.79171 5.80572 5.81898 5.83142 5.84299 5.85362 5.86326 5.87186 5.87939 5.88579 5.89104 5.89511 5.89799 5.89965 5.90009 5.89931 5.89731 5.8941 5.88969 5.88412 5.8774 5.86957 5.86068 5.85076 5.83987 5.82806 5.81539 5.80194 5.78776 5.77293 5.75754 5.74164 5.72534 5.7087 5.69181 5.67475 5.65761 5.64046 5.62338 5.60646 5.58976 5.57335 5.5573 5.54166 5.52651 5.51189 5.49784 5.48441 5.47163 5.45955 5.44818 5.43754 5.42767 5.41857 5.41026 5.40275 5.39603 5.39013 5.38503 5.38075 5.37728 5.37463 5.37279 5.37176 
5.36634 5.36696 5.36843 5.37074 5.3739 5.3779 5.38275 5.38844 5.39497 5.40234 5.41055 5.41958 5.42942 5.44006 5.45148 5.46366 5.47656 5.49016 5.50442 5.51929 5.53474 5.5507 5.56712 5.58394 5.60109 5.6185 5.6361 5.6538 5.67154 5.68923 5.70678 5.72412 5.74115 5.7578 5.77399 5.78963 5.80466 5.81898 5.83253 5.84525 5.85707 5.86793 5.87778 5.88657 5.89425 5.90079 5.90615 5.91031 5.91325 5.91494 5.91539 5.9146 5.91255 5.90928 5.90478 5.89909 5.89223 5.88423 5.87514 5.86501 5.85388 5.8418 5.82886 5.8151 5.8006 5.78543 5.76968 5.75341 5.73672 5.71968 5.70238 5.68491 5.66734 5.64977 5.63226 5.6149 5.59777 5.58094 5.56447 5.54842 5.53286 5.51784 5.50341 5.48961 5.47648 5.46406 5.45237 5.44143 5.43128 5.42192 5.41336 5.40563 5.39872 5.39264 5.38739 5.38298 5.37941 5.37667 5.37478 5.37372 
5.36818 5.36882 5.37033 5.3727 5.37595 5.38005 5.38503 5.39087 5.39758 5.40515 5.41357 5.42283 5.43293 5.44385 5.45556 5.46804 5.48127 5.49521 5.50982 5.52506 5.54088 5.55723 5.57404 5.59126 5.60881 5.62662 5.64462 5.66272 5.68086 5.69893 5.71687 5.73458 5.75198 5.76899 5.78551 5.80148 5.81681 5.83142 5.84525 5.85823 5.87028 5.88136 5.8914 5.90036 5.90819 5.91485 5.92032 5.92456 5.92755 5.92928 5.92974 5.92893 5.92685 5.92351 5.91892 5.91312 5.90613 5.89798 5.88871 5.87837 5.86702 5.8547 5.84149 5.82745 5.81265 5.79717 5.78108 5.76446 5.74741 5.73 5.71232 5.69446 5.6765 5.65852 5.64061 5.62286 5.60532 5.58809 5.57122 5.55479 5.53885 5.52346 5.50867 5.49452 5.48106 5.46832 5.45632 5.44511 5.43469 5.42508 5.4163 5.40836 5.40126 5.39501 5.38962 5.38509 5.38142 5.37861 5.37666 5.37558 
5.36992 5.37057 5.37212 5.37455 5.37787 5.38207 5.38717 5.39315 5.40002 5.40777 5.41639 5.42588 5.43622 5.44739 5.45937 5.47214 5.48567 5.49993 5.51487 5.53045 5.54662 5.56332 5.5805 5.59808 5.616 5.63418 5.65255 5.67103 5.68953 5.70797 5.72626 5.74432 5.76205 5.77938 5.79623 5.81249 5.82811 5.84299 5.85707 5.87028 5.88255 5.89383 5.90405 5.91316 5.92113 5.92791 5.93347 5.93779 5.94083 5.94259 5.94306 5.94224 5.94012 5.93672 5.93206 5.92616 5.91904 5.91074 5.90131 5.89079 5.87923 5.86669 5.85324 5.83894 5.82386 5.80808 5.79168 5.77475 5.75736 5.73961 5.72158 5.70335 5.68503 5.66668 5.6484 5.63027 5.61236 5.59475 5.57752 5.56073 5.54443 5.5287 5.51357 5.49911 5.48534 5.4723 5.46003 5.44854 5.43788 5.42804 5.41905 5.41091 5.40364 5.39724 5.39172 5.38708 5.38331 5.38043 5.37843 5.37732 
5.37153 5.3722 5.37377 5.37626 5.37965 5.38395 5.38915 5.39527 5.40229 5.4102 5.41901 5.4287 5.43925 5.45066 5.46289 5.47593 5.48974 5.50429 5.51953 5.53542 5.55191 5.56894 5.58645 5.60437 5.62263 5.64115 5.65986 5.67868 5.69752 5.71628 5.7349 5.75328 5.77132 5.78895 5.80608 5.82262 5.83849 5.85362 5.86793 5.88136 5.89383 5.90528 5.91566 5.92492 5.93302 5.9399 5.94555 5.94993 5.95303 5.95482 5.95529 5.95445 5.95231 5.94886 5.94412 5.93812 5.9309 5.92247 5.91289 5.9022 5.89045 5.87771 5.86403 5.84949 5.83416 5.81812 5.80144 5.78421 5.76652 5.74845 5.7301 5.71154 5.69288 5.67419 5.65557 5.63709 5.61884 5.6009 5.58333 5.5662 5.54959 5.53354 5.51811 5.50334 5.48929 5.47598 5.46345 5.45172 5.44082 5.43078 5.42159 5.41328 5.40585 5.39931 5.39366 5.38891 5.38507 5.38212 5.38008 5.37894 
5.373 5.37368 5.37529 5.37782 5.38128 5.38566 5.39097 5.3972 5.40436 5.41242 5.4214 5.43127 5.44203 5.45365 5.46611 5.47938 5.49345 5.50826 5.52377 5.53995 5.55672 5.57405 5.59186 5.61008 5.62865 5.64749 5.66651 5.68563 5.70477 5.72384 5.74275 5.76141 5.77973 5.79763 5.81501 5.8318 5.84791 5.86326 5.87778 5.8914 5.90405 5.91566 5.92619 5.93558 5.94379 5.95077 5.9565 5.96094 5.96408 5.96589 5.96637 5.96553 5.96335 5.95985 5.95505 5.94897 5.94164 5.9331 5.92338 5.91254 5.90062 5.8877 5.87382 5.85907 5.84351 5.82722 5.81029 5.7928 5.77483 5.75648 5.73783 5.71898 5.70001 5.68102 5.66209 5.6433 5.62474 5.60649 5.58861 5.57119 5.55428 5.53794 5.52223 5.5072 5.49288 5.47933 5.46656 5.45462 5.44352 5.43327 5.42391 5.41544 5.40786 5.4012 5.39544 5.3906 5.38667 5.38367 5.38158 5.38042 
5.37433 5.37502 5.37666 5.37923 5.38275 5.38721 5.3926 5.39894 5.40622 5.41442 5.42355 5.43358 5.44452 5.45633 5.46899 5.48248 5.49677 5.51181 5.52757 5.544 5.56104 5.57863 5.5967 5.6152 5.63404 5.65315 5.67245 5.69184 5.71125 5.73058 5.74975 5.76867 5.78724 5.80538 5.82299 5.84 5.85632 5.87186 5.88657 5.90036 5.91316 5.92492 5.93558 5.94509 5.95339 5.96046 5.96626 5.97075 5.97393 5.97577 5.97626 5.9754 5.97319 5.96966 5.9648 5.95865 5.95123 5.94258 5.93274 5.92176 5.9097 5.89661 5.88256 5.86761 5.85185 5.83535 5.81819 5.80046 5.78225 5.76365 5.74474 5.72562 5.70639 5.68712 5.66791 5.64885 5.63002 5.61149 5.59334 5.57565 5.55848 5.54189 5.52593 5.51065 5.49611 5.48234 5.46936 5.45722 5.44593 5.43552 5.426 5.41738 5.40968 5.40289 5.39704 5.39211 5.38812 5.38506 5.38294 5.38175 
5.3755 5.37621 5.37786 5.38048 5.38404 5.38857 5.39405 5.40048 5.40786 5.41618 5.42544 5.43562 5.44671 5.45868 5.47152 5.4852 5.49969 5.51494 5.53091 5.54755 5.56482 5.58264 5.60095 5.61968 5.63876 5.65811 5.67765 5.69728 5.71692 5.73649 5.75589 5.77502 5.79381 5.81215 5.82997 5.84717 5.86367 5.87939 5.89425 5.90819 5.92113 5.93302 5.94379 5.95339 5.96179 5.96893 5.97479 5.97933 5.98254 5.98439 5.98489 5.98402 5.9818 5.97822 5.97332 5.9671 5.9596 5.95087 5.94092 5.92983 5.91763 5.9044 5.89019 5.87508 5.85914 5.84245 5.8251 5.80717 5.78874 5.76992 5.75079 5.73144 5.71197 5.69246 5.67302 5.65371 5.63464 5.61587 5.59749 5.57956 5.56216 5.54535 5.52917 5.51369 5.49894 5.48498 5.47182 5.45951 5.44806 5.43749 5.42783 5.41909 5.41127 5.40439 5.39845 5.39345 5.38939 5.38629 5.38414 5.38293 
5.37652 5.37723 5.3789 5.38155 5.38516 5.38974 5.39529 5.4018 5.40927 5.41769 5.42706 5.43736 5.44858 5.4607 5.47369 5.48753 5.50218 5.51761 5.53376 5.55059 5.56805 5.58606 5.60457 5.62351 5.64279 5.66234 5.68208 5.70192 5.72176 5.74152 5.76111 5.78044 5.7994 5.81792 5.83591 5.85327 5.86992 5.88579 5.90079 5.91485 5.92791 5.9399 5.95077 5.96046 5.96893 5.97614 5.98204 5.98663 5.98986 5.99174 5.99224 5.99136 5.98912 5.98551 5.98056 5.97429 5.96673 5.95792 5.94789 5.93669 5.92439 5.91103 5.89669 5.88144 5.86535 5.84851 5.83098 5.81288 5.79427 5.77526 5.75594 5.73639 5.71672 5.69702 5.67737 5.65786 5.63858 5.61961 5.60103 5.5829 5.56531 5.5483 5.53194 5.51628 5.50137 5.48724 5.47392 5.46146 5.44988 5.43919 5.42941 5.42056 5.41265 5.40568 5.39966 5.3946 5.39049 5.38735 5.38517 5.38395 
5.37736 5.37807 5.37977 5.38244 5.38609 5.39071 5.39632 5.40289 5.41043 5.41894 5.4284 5.4388 5.45013 5.46237 5.47548 5.48945 5.50424 5.51981 5.53611 5.55309 5.5707 5.58888 5.60755 5.62665 5.6461 5.66582 5.68572 5.70572 5.72573 5.74565 5.7654 5.78488 5.804 5.82266 5.84078 5.85827 5.87505 5.89104 5.90615 5.92032 5.93347 5.94555 5.9565 5.96626 5.97479 5.98204 5.98799 5.99261 5.99587 5.99776 5.99826 5.99738 5.99512 5.99149 5.98651 5.98019 5.97258 5.9637 5.95359 5.94232 5.92992 5.91647 5.90202 5.88666 5.87044 5.85347 5.83581 5.81756 5.79881 5.77965 5.76016 5.74046 5.72063 5.70075 5.68094 5.66126 5.64182 5.62268 5.60393 5.58565 5.56789 5.55073 5.53422 5.51842 5.50336 5.4891 5.47566 5.46308 5.45138 5.44059 5.43071 5.42177 5.41378 5.40674 5.40067 5.39555 5.39141 5.38823 5.38603 5.38479 
5.37802 5.37875 5.38045 5.38314 5.38682 5.39148 5.39713 5.40375 5.41135 5.41992 5.42946 5.43994 5.45135 5.46367 5.47688 5.49095 5.50585 5.52152 5.53794 5.55504 5.57277 5.59107 5.60987 5.6291 5.64868 5.66852 5.68855 5.70868 5.72881 5.74886 5.76873 5.78833 5.80756 5.82633 5.84456 5.86216 5.87903 5.89511 5.91031 5.92456 5.93779 5.94993 5.96094 5.97075 5.97933 5.98663 5.99261 5.99725 6.00053 6.00243 6.00293 6.00205 5.99978 5.99613 5.99112 5.98477 5.97711 5.96818 5.95802 5.94668 5.93422 5.92069 5.90616 5.8907 5.87439 5.85732 5.83956 5.8212 5.80233 5.78305 5.76345 5.74362 5.72366 5.70366 5.68371 5.66391 5.64433 5.62507 5.6062 5.58779 5.56991 5.55263 5.536 5.52009 5.50492 5.49055 5.47702 5.46434 5.45256 5.44168 5.43173 5.42273 5.41468 5.40758 5.40146 5.39631 5.39213 5.38893 5.3867 5.38546 
5.37851 5.37924 5.38095 5.38366 5.38735 5.39204 5.39771 5.40438 5.41202 5.42063 5.43021 5.44075 5.45222 5.46461 5.47788 5.49203 5.50699 5.52275 5.53924 5.55643 5.57424 5.59263 5.61151 5.63083 5.6505 5.67043 5.69055 5.71077 5.73099 5.75113 5.77108 5.79076 5.81007 5.82893 5.84723 5.8649 5.88184 5.89799 5.91325 5.92755 5.94083 5.95303 5.96408 5.97393 5.98254 5.98986 5.99587 6.00053 6.00382 6.00572 6.00623 6.00535 6.00306 5.9994 5.99437 5.988 5.98031 5.97134 5.96114 5.94976 5.93725 5.92366 5.90907 5.89355 5.87718 5.86003 5.8422 5.82376 5.80481 5.78545 5.76576 5.74585 5.7258 5.70571 5.68567 5.66578 5.64611 5.62676 5.6078 5.5893 5.57134 5.55397 5.53727 5.52127 5.50603 5.49159 5.47799 5.46525 5.4534 5.44247 5.43247 5.42342 5.41532 5.40819 5.40203 5.39685 5.39265 5.38943 5.3872 5.38595 
5.37881 5.37954 5.38126 5.38398 5.38768 5.39238 5.39808 5.40476 5.41242 5.42106 5.43067 5.44124 5.45274 5.46516 5.47848 5.49266 5.50767 5.52347 5.54001 5.55724 5.5751 5.59354 5.61247 5.63184 5.65156 5.67154 5.69171 5.71198 5.73225 5.75244 5.77244 5.79217 5.81153 5.83043 5.84878 5.86648 5.88347 5.89965 5.91494 5.92928 5.94259 5.95482 5.96589 5.97577 5.98439 5.99174 5.99776 6.00243 6.00572 6.00763 6.00814 6.00725 6.00497 6.00129 5.99625 5.98986 5.98216 5.97317 5.96295 5.95154 5.939 5.92538 5.91076 5.8952 5.87879 5.8616 5.84372 5.82524 5.80625 5.78683 5.7671 5.74713 5.72704 5.7069 5.68681 5.66686 5.64715 5.62774 5.60873 5.59018 5.57217 5.55476 5.53801 5.52197 5.50669 5.49221 5.47856 5.46579 5.45391 5.44294 5.43291 5.42383 5.41571 5.40856 5.40238 5.39719 5.39297 5.38975 5.38751 5.38625 
