1.40891 1.40925 1.40958 1.4099 1.4102 1.41048 1.41074 1.41098 1.41119 1.41138 1.41154 1.41169 1.41181 1.41191 1.41199 1.41206 1.41212 1.41217 1.41221 1.41224 1.41227 1.41229 1.41231 1.41234 1.41236 1.41239 1.41242 1.41245 1.41249 1.41253 1.41258 1.41263 1.41269 1.41276 1.41283 1.41291 1.41299 1.41308 1.41317 1.41326 1.41335 1.41344 1.41352 1.4136 1.41368 1.41375 1.41381 1.41386 1.4139 1.41393 1.41394 1.41394 1.41393 1.41391 1.41388 1.41383 1.41378 1.41371 1.41364 1.41356 1.41348 1.41339 1.4133 1.41321 1.41313 1.41304 1.41296 1.41288 1.41281 1.41274 1.41268 1.41263 1.41258 1.41253 1.4125 1.41246 1.41244 1.41242 1.41241 1.4124 1.4124 1.41241 1.41243 1.41247 1.41251 1.41257 1.41264 1.41274 1.41285 1.41299 1.41315 1.41333 1.41355 1.41378 1.41404 1.41433 1.41463 1.41495 1.41528 1.41562 
1.40925 1.40959 1.40992 1.41023 1.41054 1.41082 1.41108 1.41132 1.41153 1.41172 1.41188 1.41202 1.41214 1.41224 1.41233 1.4124 1.41246 1.4125 1.41254 1.41257 1.4126 1.41262 1.41265 1.41267 1.41269 1.41272 1.41275 1.41278 1.41281 1.41286 1.4129 1.41296 1.41302 1.41308 1.41315 1.41323 1.41331 1.4134 1.41349 1.41358 1.41367 1.41376 1.41385 1.41393 1.41401 1.41408 1.41414 1.41419 1.41423 1.41426 1.41428 1.41428 1.41427 1.41425 1.41421 1.41416 1.41411 1.41404 1.41397 1.41389 1.4138 1.41372 1.41363 1.41354 1.41345 1.41337 1.41328 1.41321 1.41313 1.41307 1.41301 1.41295 1.4129 1.41286 1.41282 1.41279 1.41277 1.41275 1.41274 1.41273 1.41274 1.41275 1.41277 1.4128 1.41284 1.4129 1.41298 1.41307 1.41319 1.41332 1.41348 1.41367 1.41388 1.41412 1.41438 1.41466 1.41497 1.41529 1.41562 1.41595 
1.40958 1.40992 1.41025 1.41056 1.41087 1.41115 1.41141 1.41164 1.41186 1.41204 1.41221 1.41235 1.41247 1.41257 1.41266 1.41273 1.41279 1.41283 1.41287 1.4129 1.41293 1.41296 1.41298 1.413 1.41303 1.41306 1.41309 1.41312 1.41317 1.41321 1.41327 1.41333 1.4134 1.41347 1.41356 1.41365 1.41374 1.41384 1.41395 1.41405 1.41416 1.41426 1.41436 1.41446 1.41455 1.41463 1.4147 1.41476 1.41481 1.41484 1.41486 1.41486 1.41485 1.41482 1.41478 1.41472 1.41466 1.41458 1.4145 1.4144 1.4143 1.4142 1.4141 1.414 1.41389 1.4138 1.4137 1.41361 1.41353 1.41345 1.41338 1.41332 1.41326 1.41321 1.41317 1.41314 1.41311 1.41309 1.41308 1.41307 1.41307 1.41308 1.4131 1.41313 1.41317 1.41323 1.41331 1.4134 1.41352 1.41365 1.41381 1.414 1.41421 1.41445 1.41471 1.41499 1.4153 1.41562 1.41595 1.41628 
1.4099 1.41023 1.41056 1.41088 1.41118 1.41146 1.41172 1.41196 1.41217 1.41236 1.41253 1.41267 1.41279 1.41289 1.41298 1.41305 1.4131 1.41315 1.41319 1.41323 1.41326 1.41328 1.41331 1.41334 1.41337 1.41341 1.41345 1.41349 1.41354 1.41361 1.41368 1.41376 1.41385 1.41394 1.41405 1.41417 1.41429 1.41442 1.41455 1.41469 1.41483 1.41496 1.41509 1.41521 1.41533 1.41543 1.41552 1.4156 1.41565 1.41569 1.41571 1.41572 1.4157 1.41566 1.41561 1.41554 1.41545 1.41535 1.41524 1.41512 1.415 1.41487 1.41473 1.4146 1.41447 1.41434 1.41422 1.41411 1.414 1.4139 1.41381 1.41373 1.41366 1.4136 1.41355 1.4135 1.41346 1.41344 1.41342 1.4134 1.4134 1.41341 1.41342 1.41345 1.4135 1.41355 1.41363 1.41372 1.41383 1.41397 1.41413 1.41432 1.41453 1.41477 1.41503 1.41531 1.41561 1.41593 1.41626 1.4166 
1.4102 1.41054 1.41087 1.41118 1.41148 1.41177 1.41203 1.41226 1.41247 1.41266 1.41283 1.41297 1.41309 1.41319 1.41328 1.41335 1.41341 1.41346 1.4135 1.41354 1.41357 1.41361 1.41364 1.41368 1.41372 1.41376 1.41382 1.41388 1.41396 1.41404 1.41414 1.41425 1.41437 1.41451 1.41466 1.41482 1.41498 1.41516 1.41534 1.41553 1.41571 1.41589 1.41607 1.41624 1.41639 1.41653 1.41665 1.41675 1.41683 1.41688 1.4169 1.4169 1.41688 1.41683 1.41676 1.41666 1.41654 1.41641 1.41626 1.41609 1.41592 1.41574 1.41556 1.41538 1.41521 1.41503 1.41487 1.41471 1.41457 1.41443 1.41431 1.4142 1.4141 1.41402 1.41394 1.41388 1.41383 1.41379 1.41376 1.41374 1.41373 1.41373 1.41374 1.41377 1.41381 1.41386 1.41393 1.41402 1.41414 1.41427 1.41443 1.41462 1.41483 1.41507 1.41533 1.41561 1.41591 1.41623 1.41656 1.4169 
1.41048 1.41082 1.41115 1.41146 1.41177 1.41205 1.41231 1.41254 1.41276 1.41295 1.41311 1.41325 1.41337 1.41348 1.41356 1.41364 1.4137 1.41375 1.4138 1.41384 1.41388 1.41392 1.41397 1.41401 1.41407 1.41414 1.41422 1.41431 1.41441 1.41453 1.41467 1.41483 1.41501 1.4152 1.41541 1.41563 1.41587 1.41611 1.41637 1.41662 1.41688 1.41713 1.41738 1.4176 1.41782 1.41801 1.41817 1.4183 1.41841 1.41848 1.41851 1.41851 1.41847 1.4184 1.4183 1.41816 1.418 1.41781 1.4176 1.41738 1.41714 1.41689 1.41664 1.41639 1.41614 1.4159 1.41567 1.41546 1.41525 1.41506 1.41489 1.41474 1.4146 1.41448 1.41438 1.41429 1.41421 1.41415 1.4141 1.41407 1.41405 1.41404 1.41405 1.41407 1.4141 1.41415 1.41422 1.41431 1.41442 1.41456 1.41472 1.4149 1.41511 1.41535 1.41561 1.41589 1.4162 1.41651 1.41684 1.41718 
1.41074 1.41108 1.41141 1.41172 1.41203 1.41231 1.41257 1.4128 1.41302 1.41321 1.41337 1.41351 1.41364 1.41374 1.41383 1.41391 1.41397 1.41403 1.41408 1.41413 1.41418 1.41423 1.41429 1.41436 1.41444 1.41454 1.41465 1.41478 1.41493 1.41511 1.41531 1.41553 1.41578 1.41605 1.41635 1.41666 1.417 1.41734 1.4177 1.41806 1.41842 1.41877 1.4191 1.41942 1.41971 1.41997 1.42019 1.42038 1.42052 1.42061 1.42065 1.42065 1.4206 1.42049 1.42035 1.42016 1.41993 1.41967 1.41938 1.41906 1.41873 1.41839 1.41804 1.41769 1.41734 1.41701 1.41669 1.41638 1.4161 1.41583 1.41559 1.41537 1.41518 1.41501 1.41486 1.41473 1.41462 1.41453 1.41446 1.41441 1.41437 1.41435 1.41434 1.41435 1.41438 1.41443 1.41449 1.41458 1.41469 1.41482 1.41498 1.41517 1.41538 1.41561 1.41587 1.41615 1.41646 1.41678 1.4171 1.41744 
1.41098 1.41132 1.41164 1.41196 1.41226 1.41254 1.4128 1.41304 1.41325 1.41344 1.41361 1.41375 1.41388 1.41398 1.41408 1.41415 1.41422 1.41429 1.41435 1.41441 1.41447 1.41455 1.41463 1.41473 1.41484 1.41498 1.41514 1.41533 1.41555 1.4158 1.41608 1.4164 1.41675 1.41714 1.41755 1.418 1.41846 1.41894 1.41944 1.41993 1.42043 1.42091 1.42137 1.42181 1.4222 1.42256 1.42286 1.42311 1.4233 1.42342 1.42348 1.42347 1.4234 1.42325 1.42305 1.42279 1.42247 1.42211 1.42171 1.42127 1.42081 1.42034 1.41986 1.41937 1.41889 1.41843 1.41798 1.41755 1.41715 1.41678 1.41644 1.41614 1.41586 1.41562 1.41541 1.41522 1.41507 1.41494 1.41484 1.41475 1.41469 1.41465 1.41463 1.41463 1.41465 1.41469 1.41475 1.41483 1.41494 1.41507 1.41522 1.41541 1.41561 1.41585 1.41611 1.41639 1.41669 1.41701 1.41734 1.41768 
1.41119 1.41153 1.41186 1.41217 1.41247 1.41276 1.41302 1.41325 1.41347 1.41366 1.41382 1.41397 1.4141 1.41421 1.4143 1.41438 1.41446 1.41454 1.41461 1.41469 1.41477 1.41487 1.41499 1.41513 1.41529 1.41548 1.41571 1.41598 1.41629 1.41665 1.41705 1.41749 1.41799 1.41853 1.4191 1.41972 1.42036 1.42103 1.4217 1.42239 1.42306 1.42372 1.42435 1.42493 1.42547 1.42595 1.42636 1.42669 1.42694 1.42711 1.42718 1.42716 1.42706 1.42686 1.42658 1.42622 1.42579 1.42529 1.42474 1.42415 1.42352 1.42287 1.42221 1.42154 1.42089 1.42024 1.41963 1.41904 1.41849 1.41797 1.4175 1.41708 1.41669 1.41635 1.41606 1.4158 1.41558 1.4154 1.41524 1.41512 1.41503 1.41496 1.41492 1.4149 1.41491 1.41493 1.41498 1.41506 1.41516 1.41529 1.41544 1.41562 1.41583 1.41606 1.41632 1.41661 1.41691 1.41723 1.41755 1.41789 
1.41138 1.41172 1.41204 1.41236 1.41266 1.41295 1.41321 1.41344 1.41366 1.41385 1.41402 1.41416 1.41429 1.41441 1.41451 1.4146 1.41469 1.41477 1.41487 1.41497 1.41508 1.41522 1.41538 1.41558 1.41581 1.41608 1.41641 1.41678 1.41722 1.41771 1.41827 1.41889 1.41957 1.42031 1.42111 1.42195 1.42282 1.42373 1.42465 1.42557 1.42648 1.42736 1.42821 1.429 1.42971 1.43035 1.43089 1.43134 1.43167 1.43188 1.43197 1.43194 1.43179 1.43153 1.43115 1.43066 1.43008 1.42941 1.42867 1.42787 1.42702 1.42614 1.42525 1.42435 1.42345 1.42258 1.42174 1.42094 1.42019 1.41948 1.41884 1.41825 1.41772 1.41725 1.41684 1.41648 1.41618 1.41592 1.4157 1.41553 1.41539 1.41528 1.41521 1.41517 1.41516 1.41517 1.41521 1.41527 1.41537 1.41549 1.41564 1.41582 1.41602 1.41626 1.41651 1.4168 1.4171 1.41741 1.41774 1.41808 
1.41154 1.41188 1.41221 1.41253 1.41283 1.41311 1.41337 1.41361 1.41382 1.41402 1.41419 1.41434 1.41447 1.41459 1.4147 1.4148 1.41491 1.41501 1.41513 1.41526 1.41542 1.41561 1.41583 1.41611 1.41643 1.41681 1.41726 1.41779 1.41839 1.41907 1.41984 1.42069 1.42162 1.42262 1.4237 1.42483 1.42601 1.42722 1.42845 1.42968 1.43089 1.43206 1.43318 1.43422 1.43516 1.436 1.43671 1.43729 1.43771 1.43799 1.4381 1.43806 1.43786 1.4375 1.43699 1.43634 1.43557 1.43468 1.4337 1.43263 1.43151 1.43034 1.42914 1.42794 1.42675 1.42558 1.42445 1.42337 1.42235 1.42141 1.42053 1.41973 1.41901 1.41837 1.41781 1.41731 1.41689 1.41653 1.41623 1.41598 1.41579 1.41563 1.41552 1.41545 1.4154 1.4154 1.41542 1.41547 1.41556 1.41567 1.41582 1.41599 1.4162 1.41643 1.41668 1.41696 1.41726 1.41758 1.41791 1.41824 
1.41169 1.41202 1.41235 1.41267 1.41297 1.41325 1.41351 1.41375 1.41397 1.41416 1.41434 1.41449 1.41463 1.41476 1.41488 1.415 1.41512 1.41526 1.41541 1.41559 1.4158 1.41606 1.41637 1.41675 1.41719 1.41772 1.41834 1.41906 1.41988 1.42081 1.42185 1.42299 1.42424 1.42559 1.42702 1.42853 1.43009 1.43169 1.43331 1.43493 1.43651 1.43805 1.4395 1.44085 1.44208 1.44316 1.44408 1.44482 1.44537 1.44572 1.44586 1.44579 1.44552 1.44505 1.44438 1.44353 1.44252 1.44136 1.44007 1.43868 1.4372 1.43566 1.43409 1.43251 1.43093 1.42939 1.42789 1.42646 1.42511 1.42384 1.42268 1.42161 1.42064 1.41978 1.41901 1.41834 1.41777 1.41728 1.41686 1.41652 1.41624 1.41602 1.41586 1.41574 1.41566 1.41563 1.41563 1.41567 1.41574 1.41584 1.41598 1.41615 1.41635 1.41657 1.41683 1.41711 1.41741 1.41772 1.41805 1.41839 
1.41181 1.41214 1.41247 1.41279 1.41309 1.41337 1.41364 1.41388 1.4141 1.41429 1.41447 1.41463 1.41478 1.41492 1.41506 1.4152 1.41535 1.41552 1.41572 1.41596 1.41625 1.4166 1.41703 1.41754 1.41815 1.41887 1.41971 1.42068 1.42178 1.42303 1.42441 1.42593 1.42759 1.42937 1.43125 1.43323 1.43527 1.43736 1.43946 1.44156 1.4436 1.44558 1.44744 1.44918 1.45075 1.45213 1.4533 1.45424 1.45493 1.45536 1.45554 1.45544 1.45508 1.45447 1.45361 1.45251 1.45121 1.44971 1.44805 1.44625 1.44434 1.44235 1.44031 1.43825 1.43621 1.43419 1.43224 1.43037 1.42859 1.42693 1.42538 1.42397 1.42269 1.42154 1.42052 1.41963 1.41885 1.41819 1.41763 1.41716 1.41678 1.41647 1.41624 1.41606 1.41594 1.41586 1.41584 1.41585 1.41591 1.416 1.41613 1.41629 1.41648 1.4167 1.41696 1.41723 1.41753 1.41785 1.41817 1.41851 
1.41191 1.41224 1.41257 1.41289 1.41319 1.41348 1.41374 1.41398 1.41421 1.41441 1.41459 1.41476 1.41492 1.41508 1.41524 1.41541 1.4156 1.41582 1.41608 1.41641 1.4168 1.41727 1.41785 1.41854 1.41936 1.42033 1.42145 1.42274 1.4242 1.42585 1.42767 1.42967 1.43183 1.43414 1.43659 1.43914 1.44177 1.44445 1.44715 1.44982 1.45242 1.45493 1.45729 1.45948 1.46146 1.4632 1.46466 1.46584 1.4667 1.46724 1.46744 1.46731 1.46685 1.46607 1.46497 1.46358 1.46192 1.46001 1.4579 1.45561 1.45318 1.45064 1.44804 1.4454 1.44278 1.44019 1.43767 1.43525 1.43295 1.43079 1.42878 1.42694 1.42526 1.42375 1.42241 1.42123 1.4202 1.41932 1.41857 1.41794 1.41743 1.41701 1.41668 1.41643 1.41624 1.41612 1.41606 1.41604 1.41607 1.41615 1.41626 1.41641 1.4166 1.41682 1.41707 1.41734 1.41764 1.41795 1.41828 1.41861 
1.41199 1.41233 1.41266 1.41298 1.41328 1.41356 1.41383 1.41408 1.4143 1.41451 1.4147 1.41488 1.41506 1.41524 1.41542 1.41563 1.41588 1.41617 1.41652 1.41694 1.41747 1.4181 1.41887 1.4198 1.42089 1.42217 1.42365 1.42534 1.42726 1.4294 1.43177 1.43435 1.43713 1.4401 1.44323 1.44648 1.44982 1.45322 1.45661 1.45997 1.46324 1.46638 1.46933 1.47206 1.47452 1.47667 1.47848 1.47993 1.48099 1.48164 1.48189 1.48171 1.48113 1.48014 1.47876 1.47702 1.47494 1.47256 1.46991 1.46704 1.46398 1.46079 1.45751 1.45419 1.45086 1.44758 1.44438 1.4413 1.43836 1.43559 1.43302 1.43064 1.42847 1.42651 1.42477 1.42323 1.42189 1.42073 1.41974 1.41891 1.41822 1.41766 1.41721 1.41686 1.4166 1.41641 1.4163 1.41624 1.41624 1.4163 1.41639 1.41653 1.41671 1.41692 1.41716 1.41743 1.41772 1.41804 1.41836 1.4187 
1.41206 1.4124 1.41273 1.41305 1.41335 1.41364 1.41391 1.41415 1.41438 1.4146 1.4148 1.415 1.4152 1.41541 1.41563 1.4159 1.41621 1.41658 1.41705 1.41761 1.4183 1.41915 1.42016 1.42138 1.42281 1.42448 1.42641 1.4286 1.43108 1.43383 1.43686 1.44015 1.44369 1.44745 1.45139 1.45548 1.45966 1.4639 1.46813 1.47229 1.47634 1.48021 1.48384 1.48719 1.4902 1.49283 1.49504 1.4968 1.49808 1.49887 1.49915 1.49893 1.49819 1.49697 1.49527 1.49312 1.49056 1.48762 1.48435 1.4808 1.47701 1.47305 1.46898 1.46484 1.46069 1.45659 1.45258 1.4487 1.44499 1.44149 1.43822 1.4352 1.43243 1.42993 1.42769 1.42571 1.42397 1.42247 1.42118 1.4201 1.41919 1.41845 1.41785 1.41737 1.41701 1.41675 1.41657 1.41646 1.41643 1.41645 1.41652 1.41664 1.41681 1.41701 1.41725 1.41751 1.4178 1.41811 1.41843 1.41877 
1.41212 1.41246 1.41279 1.4131 1.41341 1.4137 1.41397 1.41422 1.41446 1.41469 1.41491 1.41512 1.41535 1.4156 1.41588 1.41621 1.41661 1.4171 1.4177 1.41844 1.41935 1.42045 1.42178 1.42335 1.42521 1.42736 1.42984 1.43265 1.4358 1.43929 1.44312 1.44726 1.45169 1.45638 1.46129 1.46635 1.47152 1.47673 1.48192 1.48702 1.49195 1.49666 1.50107 1.50512 1.50875 1.51192 1.51458 1.51669 1.51823 1.51916 1.51949 1.5192 1.5183 1.51681 1.51474 1.51213 1.50901 1.50544 1.50146 1.49713 1.49251 1.48767 1.48267 1.47759 1.47248 1.46742 1.46245 1.45764 1.45303 1.44866 1.44456 1.44077 1.43728 1.43412 1.43128 1.42876 1.42654 1.42462 1.42296 1.42156 1.42038 1.41941 1.41863 1.418 1.41751 1.41714 1.41688 1.41672 1.41663 1.41661 1.41666 1.41676 1.4169 1.41709 1.41732 1.41758 1.41787 1.41817 1.41849 1.41883 
1.41217 1.4125 1.41283 1.41315 1.41346 1.41375 1.41403 1.41429 1.41454 1.41477 1.41501 1.41526 1.41552 1.41582 1.41617 1.41658 1.4171 1.41773 1.41851 1.41947 1.42065 1.42207 1.42378 1.42581 1.42818 1.43092 1.43406 1.43761 1.44157 1.44594 1.45071 1.45585 1.46133 1.46711 1.47312 1.47932 1.48561 1.49194 1.49822 1.50437 1.51031 1.51595 1.52123 1.52606 1.5304 1.53416 1.53731 1.53981 1.54162 1.54271 1.54308 1.54272 1.54164 1.53985 1.53737 1.53424 1.53051 1.52623 1.52145 1.51625 1.51069 1.50485 1.49881 1.49264 1.48644 1.48027 1.4742 1.46831 1.46264 1.45726 1.45219 1.44748 1.44315 1.4392 1.43564 1.43247 1.42968 1.42724 1.42514 1.42335 1.42185 1.4206 1.41958 1.41876 1.41811 1.41762 1.41726 1.41701 1.41686 1.41679 1.4168 1.41687 1.417 1.41718 1.41739 1.41764 1.41792 1.41823 1.41854 1.41887 
1.41221 1.41254 1.41287 1.41319 1.4135 1.4138 1.41408 1.41435 1.41461 1.41487 1.41513 1.41541 1.41572 1.41608 1.41652 1.41705 1.4177 1.41851 1.41951 1.42075 1.42226 1.42408 1.42625 1.42882 1.43181 1.43527 1.43919 1.44361 1.44853 1.45393 1.4598 1.4661 1.47279 1.47981 1.48709 1.49456 1.50213 1.50971 1.5172 1.52452 1.53157 1.53825 1.54448 1.55017 1.55526 1.55968 1.56336 1.56628 1.56838 1.56964 1.57006 1.56962 1.56833 1.56621 1.56329 1.5596 1.5552 1.55013 1.54448 1.53831 1.53171 1.52476 1.51755 1.51018 1.50274 1.49532 1.488 1.48087 1.474 1.46744 1.46126 1.45548 1.45015 1.44528 1.44088 1.43694 1.43346 1.43042 1.42778 1.42553 1.42363 1.42204 1.42073 1.41968 1.41884 1.41819 1.4177 1.41736 1.41713 1.417 1.41697 1.417 1.4171 1.41726 1.41746 1.4177 1.41797 1.41827 1.41859 1.41892 
1.41224 1.41257 1.4129 1.41323 1.41354 1.41384 1.41413 1.41441 1.41469 1.41497 1.41526 1.41559 1.41596 1.41641 1.41694 1.41761 1.41844 1.41947 1.42075 1.42232 1.42423 1.42653 1.42926 1.43248 1.43621 1.44049 1.44535 1.45079 1.45681 1.4634 1.47053 1.47815 1.48621 1.49463 1.50333 1.51223 1.5212 1.53017 1.539 1.54759 1.55584 1.56364 1.57089 1.57751 1.58341 1.58851 1.59277 1.59612 1.59854 1.59998 1.60045 1.59992 1.59841 1.59595 1.59255 1.58825 1.58313 1.57723 1.57063 1.56341 1.55568 1.54751 1.53903 1.53033 1.52152 1.51271 1.504 1.49548 1.48724 1.47936 1.4719 1.46491 1.45843 1.45249 1.44711 1.44228 1.43799 1.43422 1.43095 1.42815 1.42577 1.42378 1.42213 1.42079 1.41972 1.41888 1.41824 1.41777 1.41745 1.41725 1.41716 1.41715 1.41722 1.41735 1.41753 1.41776 1.41802 1.41831 1.41862 1.41895 
1.41227 1.4126 1.41293 1.41326 1.41357 1.41388 1.41418 1.41447 1.41477 1.41508 1.41542 1.4158 1.41625 1.4168 1.41747 1.4183 1.41935 1.42065 1.42226 1.42423 1.42662 1.42949 1.43289 1.43686 1.44146 1.44672 1.45265 1.45926 1.46655 1.47449 1.48304 1.49214 1.50172 1.5117 1.52197 1.53242 1.54294 1.55339 1.56366 1.57363 1.58316 1.59215 1.60048 1.60806 1.61481 1.62064 1.62548 1.62929 1.63203 1.63366 1.63417 1.63356 1.63182 1.62899 1.62509 1.62017 1.61428 1.6075 1.5999 1.59158 1.58263 1.57317 1.56331 1.55318 1.54288 1.53255 1.52231 1.51225 1.50249 1.49313 1.48423 1.47587 1.46809 1.46093 1.45442 1.44856 1.44334 1.43873 1.43473 1.43127 1.42833 1.42586 1.42381 1.42213 1.42078 1.41971 1.41889 1.41827 1.41783 1.41754 1.41738 1.41732 1.41734 1.41745 1.41761 1.41782 1.41807 1.41835 1.41866 1.41898 
1.41229 1.41262 1.41296 1.41328 1.41361 1.41392 1.41423 1.41455 1.41487 1.41522 1.41561 1.41606 1.4166 1.41727 1.4181 1.41915 1.42045 1.42207 1.42408 1.42653 1.42949 1.43303 1.4372 1.44206 1.44766 1.45402 1.46118 1.46912 1.47783 1.48728 1.49741 1.50816 1.51942 1.53109 1.54306 1.55519 1.56735 1.5794 1.59119 1.60259 1.61346 1.62368 1.63314 1.64171 1.64933 1.65589 1.66134 1.66562 1.66868 1.6705 1.67105 1.67035 1.66838 1.66518 1.66077 1.6552 1.64854 1.64085 1.63221 1.62274 1.61253 1.60171 1.5904 1.57873 1.56685 1.55488 1.54298 1.53125 1.51983 1.50883 1.49835 1.48845 1.47922 1.4707 1.46291 1.45587 1.44958 1.44402 1.43916 1.43496 1.43136 1.42833 1.4258 1.42373 1.42204 1.4207 1.41966 1.41887 1.41829 1.41789 1.41764 1.41751 1.41749 1.41755 1.41769 1.41788 1.41812 1.41839 1.41869 1.41901 
1.41231 1.41265 1.41298 1.41331 1.41364 1.41397 1.41429 1.41463 1.41499 1.41538 1.41583 1.41637 1.41703 1.41785 1.41887 1.42016 1.42178 1.42378 1.42625 1.42926 1.43289 1.4372 1.44226 1.44814 1.45487 1.4625 1.47102 1.48045 1.49075 1.50186 1.51373 1.52625 1.53933 1.55282 1.5666 1.58051 1.5944 1.6081 1.62147 1.63435 1.6466 1.65808 1.66866 1.67825 1.68673 1.69403 1.70008 1.70481 1.7082 1.7102 1.7108 1.71 1.70781 1.70424 1.69932 1.69311 1.68567 1.67706 1.66739 1.65674 1.64524 1.63301 1.6202 1.60694 1.59338 1.57969 1.56602 1.55251 1.5393 1.52653 1.51431 1.50274 1.4919 1.48186 1.47265 1.46429 1.4568 1.45015 1.44431 1.43925 1.43491 1.43123 1.42815 1.4256 1.42353 1.42187 1.42057 1.41957 1.41882 1.41829 1.41794 1.41774 1.41766 1.41768 1.41778 1.41795 1.41817 1.41843 1.41872 1.41903 
1.41234 1.41267 1.413 1.41334 1.41368 1.41401 1.41436 1.41473 1.41513 1.41558 1.41611 1.41675 1.41754 1.41854 1.4198 1.42138 1.42335 1.42581 1.42882 1.43248 1.43686 1.44206 1.44814 1.45516 1.46317 1.4722 1.48225 1.49331 1.50534 1.51826 1.532 1.54644 1.56144 1.57686 1.59253 1.60829 1.62396 1.63937 1.65434 1.66872 1.68234 1.69507 1.70678 1.71734 1.72668 1.73469 1.74132 1.7465 1.7502 1.75238 1.75303 1.75214 1.74973 1.7458 1.7404 1.73356 1.72536 1.71585 1.70515 1.69333 1.68054 1.6669 1.65255 1.63766 1.62239 1.60691 1.59138 1.57599 1.56088 1.54622 1.53214 1.51875 1.50617 1.49446 1.48368 1.47387 1.46503 1.45717 1.45024 1.4442 1.43901 1.43459 1.43088 1.4278 1.42528 1.42325 1.42164 1.4204 1.41946 1.41877 1.4183 1.41801 1.41786 1.41783 1.41789 1.41803 1.41823 1.41848 1.41876 1.41906 
1.41236 1.41269 1.41303 1.41337 1.41372 1.41407 1.41444 1.41484 1.41529 1.41581 1.41643 1.41719 1.41815 1.41936 1.42089 1.42281 1.42521 1.42818 1.43181 1.43621 1.44146 1.44766 1.45487 1.46317 1.47259 1.48317 1.49489 1.50772 1.52161 1.53648 1.5522 1.56865 1.58567 1.60308 1.62071 1.63836 1.65584 1.67296 1.68953 1.70538 1.72035 1.7343 1.74708 1.7586 1.76874 1.77743 1.78461 1.79021 1.79419 1.79654 1.79724 1.79627 1.79365 1.7894 1.78354 1.77611 1.76719 1.75683 1.74512 1.73218 1.71812 1.70308 1.68722 1.67069 1.65368 1.63637 1.61895 1.6016 1.58452 1.56787 1.55181 1.53649 1.52203 1.50852 1.49604 1.48464 1.47433 1.46511 1.45697 1.44985 1.4437 1.43845 1.43402 1.43033 1.4273 1.42485 1.42289 1.42136 1.4202 1.41934 1.41873 1.41832 1.41809 1.418 1.41802 1.41812 1.4183 1.41853 1.41879 1.41909 
1.41239 1.41272 1.41306 1.41341 1.41376 1.41414 1.41454 1.41498 1.41548 1.41608 1.41681 1.41772 1.41887 1.42033 1.42217 1.42448 1.42736 1.43092 1.43527 1.44049 1.44672 1.45402 1.4625 1.4722 1.48317 1.49542 1.50894 1.52367 1.53955 1.55645 1.57426 1.5928 1.61189 1.63134 1.65095 1.67049 1.68976 1.70856 1.72669 1.74397 1.76023 1.77533 1.78913 1.80152 1.81242 1.82173 1.8294 1.83538 1.83963 1.84213 1.84287 1.84183 1.83903 1.83448 1.82821 1.82025 1.81067 1.79951 1.78688 1.77288 1.75761 1.74123 1.72389 1.70575 1.68702 1.66788 1.64854 1.62921 1.61009 1.59138 1.57327 1.55591 1.53946 1.52404 1.50973 1.49661 1.4847 1.47401 1.46453 1.45621 1.449 1.44282 1.43759 1.43322 1.42961 1.42668 1.42433 1.42248 1.42106 1.41999 1.41922 1.41869 1.41836 1.4182 1.41816 1.41823 1.41837 1.41858 1.41883 1.41912 
1.41242 1.41275 1.41309 1.41345 1.41382 1.41422 1.41465 1.41514 1.41571 1.41641 1.41726 1.41834 1.41971 1.42145 1.42365 1.42641 1.42984 1.43406 1.43919 1.44535 1.45265 1.46118 1.47102 1.48225 1.49489 1.50894 1.52436 1.5411 1.55906 1.57809 1.59804 1.61871 1.63991 1.66141 1.68297 1.70438 1.7254 1.74582 1.76543 1.78405 1.80151 1.81767 1.83239 1.84558 1.85713 1.86699 1.8751 1.88141 1.88589 1.88853 1.8893 1.88821 1.88526 1.88046 1.87384 1.86542 1.85525 1.84339 1.82992 1.81494 1.79856 1.78092 1.76217 1.7425 1.72209 1.70116 1.67992 1.6586 1.63743 1.61662 1.59639 1.57693 1.5584 1.54096 1.52472 1.50976 1.49614 1.48387 1.47294 1.46331 1.45494 1.44774 1.44162 1.43649 1.43224 1.42876 1.42597 1.42376 1.42204 1.42074 1.41978 1.41911 1.41868 1.41843 1.41833 1.41835 1.41846 1.41864 1.41888 1.41916 
1.41245 1.41278 1.41312 1.41349 1.41388 1.41431 1.41478 1.41533 1.41598 1.41678 1.41779 1.41906 1.42068 1.42274 1.42534 1.4286 1.43265 1.43761 1.44361 1.45079 1.45926 1.46912 1.48045 1.49331 1.50772 1.52367 1.5411 1.55993 1.58003 1.60124 1.62337 1.64619 1.66948 1.69299 1.71647 1.73968 1.76236 1.7843 1.80529 1.82514 1.84368 1.86078 1.87631 1.89018 1.9023 1.91262 1.92109 1.92767 1.93234 1.93509 1.9359 1.93477 1.93171 1.92671 1.9198 1.91099 1.90034 1.88788 1.87369 1.85785 1.84048 1.82169 1.80165 1.78054 1.75854 1.73589 1.7128 1.68952 1.66631 1.64339 1.62102 1.5994 1.57874 1.55921 1.54095 1.52406 1.50862 1.49466 1.48218 1.47115 1.46152 1.4532 1.44611 1.44014 1.43518 1.43111 1.42782 1.4252 1.42315 1.42159 1.42043 1.41959 1.41903 1.41869 1.41852 1.41848 1.41856 1.41871 1.41893 1.4192 
1.41249 1.41281 1.41317 1.41354 1.41396 1.41441 1.41493 1.41555 1.41629 1.41722 1.41839 1.41988 1.42178 1.4242 1.42726 1.43108 1.4358 1.44157 1.44853 1.45681 1.46655 1.47783 1.49075 1.50534 1.52161 1.53955 1.55906 1.58003 1.60232 1.62572 1.65003 1.67498 1.70032 1.72578 1.75109 1.77599 1.80022 1.82356 1.84578 1.86672 1.8862 1.9041 1.9203 1.93472 1.9473 1.95798 1.96673 1.97352 1.97834 1.98118 1.98202 1.98087 1.97773 1.97259 1.96547 1.95638 1.94534 1.93241 1.91763 1.90107 1.88284 1.86305 1.84186 1.81943 1.79596 1.77169 1.74684 1.72168 1.69647 1.67147 1.64696 1.62318 1.60035 1.57867 1.55833 1.53943 1.52209 1.50635 1.49222 1.47969 1.46871 1.4592 1.45107 1.44419 1.43845 1.43372 1.42988 1.42681 1.4244 1.42255 1.42115 1.42014 1.41944 1.41898 1.41873 1.41864 1.41867 1.41879 1.41899 1.41924 
1.41253 1.41286 1.41321 1.41361 1.41404 1.41453 1.41511 1.4158 1.41665 1.41771 1.41907 1.42081 1.42303 1.42585 1.4294 1.43383 1.43929 1.44594 1.45393 1.4634 1.47449 1.48728 1.50186 1.51826 1.53648 1.55645 1.57809 1.60124 1.62572 1.65131 1.67776 1.70478 1.7321 1.75941 1.78644 1.8129 1.83853 1.8631 1.88641 1.90826 1.92853 1.94707 1.96379 1.97864 1.99154 2.00248 2.01142 2.01836 2.02327 2.02617 2.02704 2.02589 2.02271 2.01749 2.01024 2.00096 1.98967 1.97639 1.96116 1.94404 1.92512 1.90449 1.8823 1.85872 1.83393 1.80817 1.78168 1.75473 1.72761 1.70059 1.67398 1.64804 1.62304 1.5992 1.57673 1.55578 1.53647 1.51887 1.50303 1.48892 1.47651 1.46573 1.45646 1.44861 1.44203 1.43659 1.43216 1.4286 1.42579 1.42361 1.42196 1.42075 1.41989 1.41932 1.41898 1.41882 1.4188 1.41889 1.41906 1.4193 
1.41258 1.4129 1.41327 1.41368 1.41414 1.41467 1.41531 1.41608 1.41705 1.41827 1.41984 1.42185 1.42441 1.42767 1.43177 1.43686 1.44312 1.45071 1.4598 1.47053 1.48304 1.49741 1.51373 1.532 1.5522 1.57426 1.59804 1.62337 1.65003 1.67776 1.70628 1.73529 1.76447 1.79351 1.82211 1.84997 1.87683 1.90247 1.92667 1.94927 1.97013 1.98915 2.00625 2.02137 2.03448 2.04556 2.0546 2.06161 2.06657 2.06951 2.0704 2.06927 2.06608 2.06085 2.05356 2.0442 2.03277 2.01928 2.00376 1.98624 1.96679 1.94551 1.9225 1.89794 1.872 1.84492 1.81693 1.78833 1.7594 1.73046 1.70182 1.67377 1.64662 1.62062 1.59601 1.57297 1.55165 1.53215 1.51452 1.49877 1.48487 1.47274 1.46229 1.45339 1.44592 1.43972 1.43465 1.43056 1.42732 1.42479 1.42286 1.42142 1.42039 1.41969 1.41925 1.41901 1.41894 1.41899 1.41913 1.41935 
1.41263 1.41296 1.41333 1.41376 1.41425 1.41483 1.41553 1.4164 1.41749 1.41889 1.42069 1.42299 1.42593 1.42967 1.43435 1.44015 1.44726 1.45585 1.4661 1.47815 1.49214 1.50816 1.52625 1.54644 1.56865 1.5928 1.61871 1.64619 1.67498 1.70478 1.73529 1.76617 1.79708 1.82769 1.85769 1.88677 1.91468 1.94118 1.96609 1.98925 2.01054 2.02986 2.04717 2.06242 2.0756 2.08672 2.09577 2.10278 2.10775 2.11069 2.11161 2.1105 2.10736 2.10217 2.09491 2.08557 2.07413 2.06058 2.04492 2.02717 2.00738 1.98562 1.96199 1.93664 1.90974 1.88152 1.85221 1.8221 1.79151 1.76076 1.73018 1.70011 1.67086 1.64274 1.616 1.59087 1.56752 1.54608 1.52662 1.50918 1.49373 1.4802 1.46851 1.45852 1.4501 1.44309 1.43734 1.43268 1.42897 1.42607 1.42383 1.42216 1.42094 1.4201 1.41955 1.41923 1.41909 1.4191 1.41922 1.41942 
1.41269 1.41302 1.4134 1.41385 1.41437 1.41501 1.41578 1.41675 1.41799 1.41957 1.42162 1.42424 1.42759 1.43183 1.43713 1.44369 1.45169 1.46133 1.47279 1.48621 1.50172 1.51942 1.53933 1.56144 1.58567 1.61189 1.63991 1.66948 1.70032 1.7321 1.76447 1.79708 1.82956 1.86157 1.89278 1.9229 1.95165 1.97883 2.00425 2.02778 2.0493 2.06876 2.08612 2.10137 2.1145 2.12555 2.13453 2.14147 2.14639 2.14931 2.15024 2.14918 2.14612 2.14103 2.1339 2.12467 2.11333 2.09985 2.0842 2.06639 2.04644 2.0244 2.00034 1.9744 1.94674 1.91756 1.88712 1.85569 1.82359 1.79117 1.75879 1.72679 1.69552 1.66533 1.6365 1.6093 1.58392 1.56054 1.53923 1.52006 1.50302 1.48806 1.47507 1.46395 1.45454 1.44669 1.44021 1.43496 1.43075 1.42744 1.42489 1.42296 1.42154 1.42054 1.41987 1.41947 1.41927 1.41923 1.41931 1.41949 
1.41276 1.41308 1.41347 1.41394 1.41451 1.4152 1.41605 1.41714 1.41853 1.42031 1.42262 1.42559 1.42937 1.43414 1.4401 1.44745 1.45638 1.46711 1.47981 1.49463 1.5117 1.53109 1.55282 1.57686 1.60308 1.63134 1.66141 1.69299 1.72578 1.75941 1.79351 1.82769 1.86157 1.8948 1.92703 1.95797 1.98738 2.01503 2.04077 2.06447 2.08606 2.1055 2.12276 2.13787 2.15084 2.16172 2.17054 2.17735 2.18219 2.18507 2.18601 2.18501 2.18206 2.17712 2.17017 2.16115 2.15002 2.13674 2.12125 2.10353 2.08359 2.06145 2.03716 2.01084 1.98261 1.95269 1.9213 1.88873 1.85531 1.82138 1.78733 1.75352 1.72035 1.68817 1.65732 1.62809 1.60071 1.57538 1.55223 1.53132 1.51267 1.49623 1.48193 1.46964 1.45921 1.45047 1.44325 1.43737 1.43265 1.42891 1.42602 1.42381 1.42218 1.42102 1.42022 1.41972 1.41945 1.41936 1.41941 1.41957 
1.41283 1.41315 1.41356 1.41405 1.41466 1.41541 1.41635 1.41755 1.4191 1.42111 1.4237 1.42702 1.43125 1.43659 1.44323 1.45139 1.46129 1.47312 1.48709 1.50333 1.52197 1.54306 1.5666 1.59253 1.62071 1.65095 1.68297 1.71647 1.75109 1.78644 1.82211 1.85769 1.89278 1.92703 1.96009 1.99167 2.02152 2.04945 2.07532 2.09903 2.12052 2.13978 2.15682 2.17166 2.18437 2.19499 2.20359 2.21022 2.21493 2.21774 2.21869 2.21776 2.21494 2.21021 2.2035 2.19477 2.18395 2.17097 2.15577 2.1383 2.11853 2.09646 2.07212 2.0456 2.01702 1.98655 1.95441 1.9209 1.88634 1.85108 1.81551 1.78004 1.74508 1.71103 1.67823 1.64703 1.61771 1.59047 1.56549 1.54284 1.52258 1.50466 1.48902 1.47554 1.46406 1.45442 1.44643 1.4399 1.43463 1.43046 1.42721 1.42472 1.42287 1.42152 1.4206 1.42 1.41965 1.41951 1.41952 1.41966 
1.41291 1.41323 1.41365 1.41417 1.41482 1.41563 1.41666 1.418 1.41972 1.42195 1.42483 1.42853 1.43323 1.43914 1.44648 1.45548 1.46635 1.47932 1.49456 1.51223 1.53242 1.55519 1.58051 1.60829 1.63836 1.67049 1.70438 1.73968 1.77599 1.8129 1.84997 1.88677 1.9229 1.95797 1.99167 2.02368 2.0538 2.08183 2.10767 2.13122 2.15247 2.17142 2.18811 2.20259 2.21494 2.22524 2.23355 2.23995 2.2445 2.24723 2.24817 2.24732 2.24467 2.24016 2.23375 2.22537 2.21494 2.20236 2.18756 2.17046 2.15101 2.12917 2.10496 2.07843 2.04967 2.01884 1.98616 1.9519 1.91638 1.87996 1.84305 1.80608 1.76947 1.73365 1.69902 1.66595 1.63474 1.60565 1.57886 1.55451 1.53264 1.51325 1.49627 1.48158 1.46905 1.45849 1.44972 1.44252 1.4367 1.43207 1.42845 1.42567 1.42358 1.42206 1.42099 1.42029 1.41986 1.41966 1.41964 1.41975 
1.41299 1.41331 1.41374 1.41429 1.41498 1.41587 1.417 1.41846 1.42036 1.42282 1.42601 1.43009 1.43527 1.44177 1.44982 1.45966 1.47152 1.48561 1.50213 1.5212 1.54294 1.56735 1.5944 1.62396 1.65584 1.68976 1.7254 1.76236 1.80022 1.83853 1.87683 1.91468 1.95165 1.98738 2.02152 2.0538 2.08401 2.11198 2.13762 2.16088 2.18176 2.20029 2.21653 2.23057 2.24249 2.2524 2.26038 2.26652 2.27088 2.27351 2.27445 2.27368 2.2712 2.26695 2.26088 2.2529 2.24292 2.23082 2.21652 2.1999 2.18088 2.15942 2.13548 2.10909 2.08033 2.04933 2.01629 1.98146 1.94517 1.90778 1.8697 1.83138 1.79327 1.75583 1.71948 1.68463 1.65162 1.62074 1.59222 1.56619 1.54275 1.5219 1.50359 1.48771 1.47412 1.46264 1.45307 1.4452 1.43882 1.43373 1.42973 1.42665 1.42432 1.42261 1.4214 1.42059 1.42008 1.41983 1.41976 1.41984 
1.41308 1.4134 1.41384 1.41442 1.41516 1.41611 1.41734 1.41894 1.42103 1.42373 1.42722 1.43169 1.43736 1.44445 1.45322 1.4639 1.47673 1.49194 1.50971 1.53017 1.55339 1.5794 1.6081 1.63937 1.67296 1.70856 1.74582 1.7843 1.82356 1.8631 1.90247 1.94118 1.97883 2.01503 2.04945 2.08183 2.11198 2.13975 2.16507 2.18793 2.20833 2.22635 2.24207 2.25559 2.26704 2.27651 2.28412 2.28997 2.29413 2.29665 2.29757 2.29689 2.29459 2.29062 2.28491 2.27737 2.26788 2.25633 2.24259 2.22653 2.20806 2.18707 2.16354 2.13744 2.10883 2.07782 2.04458 2.00936 1.97247 1.93428 1.89521 1.85571 1.81625 1.77732 1.73939 1.70287 1.66817 1.63559 1.6054 1.57776 1.5528 1.53052 1.51091 1.49385 1.47922 1.46682 1.45646 1.44792 1.44098 1.43542 1.43104 1.42765 1.42508 1.42318 1.42182 1.4209 1.42031 1.41999 1.41988 1.41994 
1.41317 1.41349 1.41395 1.41455 1.41534 1.41637 1.4177 1.41944 1.4217 1.42465 1.42845 1.43331 1.43946 1.44715 1.45661 1.46813 1.48192 1.49822 1.5172 1.539 1.56366 1.59119 1.62147 1.65434 1.68953 1.72669 1.76543 1.80529 1.84578 1.88641 1.92667 1.96609 2.00425 2.04077 2.07532 2.10767 2.13762 2.16507 2.18997 2.21233 2.23218 2.24962 2.26477 2.27773 2.28866 2.29767 2.30489 2.31043 2.31437 2.31677 2.31768 2.31708 2.31497 2.31128 2.30595 2.29886 2.28991 2.27894 2.26581 2.25038 2.23251 2.2121 2.18906 2.16337 2.13504 2.10415 2.07087 2.03542 1.9981 1.95928 1.91937 1.87885 1.8382 1.79794 1.75855 1.7205 1.68421 1.65003 1.61826 1.58909 1.56266 1.53901 1.51813 1.49993 1.48427 1.47098 1.45984 1.45063 1.44313 1.43711 1.43235 1.42866 1.42585 1.42376 1.42225 1.42121 1.42054 1.42016 1.42001 1.42005 
1.41326 1.41358 1.41405 1.41469 1.41553 1.41662 1.41806 1.41993 1.42239 1.42557 1.42968 1.43493 1.44156 1.44982 1.45997 1.47229 1.48702 1.50437 1.52452 1.54759 1.57363 1.60259 1.63435 1.66872 1.70538 1.74397 1.78405 1.82514 1.86672 1.90826 1.94927 1.98925 2.02778 2.06447 2.09903 2.13122 2.16088 2.18793 2.21233 2.23412 2.25337 2.27019 2.28472 2.2971 2.30749 2.31603 2.32285 2.32807 2.33179 2.33407 2.33495 2.33444 2.33251 2.32911 2.32415 2.31754 2.30912 2.29875 2.28626 2.27149 2.25429 2.23451 2.21205 2.18685 2.1589 2.12825 2.09506 2.05951 2.0219 1.98259 1.942 1.90061 1.85893 1.81748 1.77678 1.73733 1.69958 1.66391 1.63065 1.60004 1.57222 1.54726 1.52517 1.50587 1.48923 1.47506 1.46316 1.45331 1.44527 1.43879 1.43366 1.42966 1.42661 1.42433 1.42268 1.42153 1.42078 1.42034 1.42015 1.42015 
1.41335 1.41367 1.41416 1.41483 1.41571 1.41688 1.41842 1.42043 1.42306 1.42648 1.43089 1.43651 1.4436 1.45242 1.46324 1.47634 1.49195 1.51031 1.53157 1.55584 1.58316 1.61346 1.6466 1.68234 1.72035 1.76023 1.80151 1.84368 1.8862 1.92853 1.97013 2.01054 2.0493 2.08606 2.12052 2.15247 2.18176 2.20833 2.23218 2.25337 2.27198 2.28817 2.30208 2.31387 2.32372 2.33178 2.3382 2.34311 2.34661 2.34876 2.34962 2.34918 2.34743 2.34431 2.33973 2.33357 2.32568 2.31591 2.30408 2.28999 2.27347 2.25436 2.23252 2.20787 2.18038 2.15006 2.11705 2.08152 2.04375 2.00408 1.96296 1.92085 1.87827 1.83578 1.79392 1.7532 1.71412 1.67708 1.64245 1.61048 1.58136 1.55518 1.53194 1.5116 1.49401 1.47901 1.46639 1.45592 1.44734 1.44043 1.43494 1.43065 1.42736 1.4249 1.4231 1.42184 1.42101 1.42051 1.42028 1.42026 
1.41344 1.41376 1.41426 1.41496 1.41589 1.41713 1.41877 1.42091 1.42372 1.42736 1.43206 1.43805 1.44558 1.45493 1.46638 1.48021 1.49666 1.51595 1.53825 1.56364 1.59215 1.62368 1.65808 1.69507 1.7343 1.77533 1.81767 1.86078 1.9041 1.94707 1.98915 2.02986 2.06876 2.1055 2.13978 2.17142 2.20029 2.22635 2.24962 2.27019 2.28817 2.30372 2.31701 2.32822 2.33754 2.34514 2.35118 2.35578 2.35906 2.36109 2.36192 2.36156 2.35997 2.35712 2.35289 2.34717 2.33981 2.33063 2.31943 2.30601 2.29018 2.27174 2.25055 2.22649 2.19949 2.16957 2.13682 2.10139 2.06356 2.02366 1.98212 1.93942 1.89609 1.8527 1.8098 1.76796 1.72768 1.6894 1.65351 1.62031 1.58998 1.56266 1.53836 1.51703 1.49856 1.48278 1.46948 1.45841 1.44934 1.44201 1.43617 1.4316 1.42809 1.42545 1.42351 1.42215 1.42123 1.42068 1.4204 1.42036 
1.41352 1.41385 1.41436 1.41509 1.41607 1.41738 1.4191 1.42137 1.42435 1.42821 1.43318 1.4395 1.44744 1.45729 1.46933 1.48384 1.50107 1.52123 1.54448 1.57089 1.60048 1.63314 1.66866 1.70678 1.74708 1.78913 1.83239 1.87631 1.9203 1.96379 2.00625 2.04717 2.08612 2.12276 2.15682 2.18811 2.21653 2.24207 2.26477 2.28472 2.30208 2.31701 2.3297 2.34036 2.34918 2.35635 2.36202 2.36633 2.36941 2.37132 2.37212 2.37182 2.37039 2.36778 2.36389 2.35859 2.35171 2.34308 2.33249 2.31972 2.30456 2.28679 2.26624 2.24277 2.2163 2.1868 2.15435 2.1191 2.08128 2.04124 1.99939 1.95621 1.91226 1.86809 1.82431 1.78148 1.74013 1.70074 1.66373 1.6294 1.59798 1.56961 1.54433 1.52211 1.50282 1.48632 1.47238 1.46076 1.45122 1.44349 1.43733 1.4325 1.42878 1.42597 1.42391 1.42244 1.42145 1.42084 1.42053 1.42046 
1.4136 1.41393 1.41446 1.41521 1.41624 1.4176 1.41942 1.42181 1.42493 1.429 1.43422 1.44085 1.44918 1.45948 1.47206 1.48719 1.50512 1.52606 1.55017 1.57751 1.60806 1.64171 1.67825 1.71734 1.7586 1.80152 1.84558 1.89018 1.93472 1.97864 2.02137 2.06242 2.10137 2.13787 2.17166 2.20259 2.23057 2.25559 2.27773 2.2971 2.31387 2.32822 2.34036 2.35051 2.35887 2.36562 2.37095 2.375 2.37789 2.37969 2.38047 2.38022 2.37894 2.37655 2.37296 2.36804 2.36162 2.3535 2.34348 2.33131 2.31677 2.29963 2.2797 2.25681 2.23085 2.20179 2.16967 2.13463 2.09689 2.05677 2.0147 1.97115 1.92668 1.88187 1.83732 1.79363 1.75136 1.711 1.67298 1.63765 1.60526 1.57595 1.5498 1.52676 1.50673 1.48957 1.47504 1.46293 1.45296 1.44487 1.43842 1.43334 1.42942 1.42646 1.42427 1.42271 1.42165 1.42099 1.42064 1.42055 
1.41368 1.41401 1.41455 1.41533 1.41639 1.41782 1.41971 1.4222 1.42547 1.42971 1.43516 1.44208 1.45075 1.46146 1.47452 1.4902 1.50875 1.5304 1.55526 1.58341 1.61481 1.64933 1.68673 1.72668 1.76874 1.81242 1.85713 1.9023 1.9473 1.99154 2.03448 2.0756 2.1145 2.15084 2.18437 2.21494 2.24249 2.26704 2.28866 2.30749 2.32372 2.33754 2.34918 2.35887 2.36681 2.3732 2.37822 2.38204 2.38475 2.38646 2.3872 2.38701 2.38585 2.38366 2.38034 2.37576 2.36974 2.36208 2.35257 2.34095 2.32698 2.31043 2.29106 2.26871 2.24324 2.21461 2.18282 2.148 2.11037 2.07023 2.02801 1.98417 1.93928 1.89394 1.84875 1.80433 1.76126 1.72006 1.68118 1.64498 1.61173 1.58161 1.55467 1.53092 1.51024 1.49249 1.47745 1.46488 1.45453 1.44612 1.4394 1.4341 1.43001 1.4269 1.42461 1.42296 1.42184 1.42113 1.42075 1.42064 
1.41375 1.41408 1.41463 1.41543 1.41653 1.41801 1.41997 1.42256 1.42595 1.43035 1.436 1.44316 1.45213 1.4632 1.47667 1.49283 1.51192 1.53416 1.55968 1.58851 1.62064 1.65589 1.69403 1.73469 1.77743 1.82173 1.86699 1.91262 1.95798 2.00248 2.04556 2.08672 2.12555 2.16172 2.19499 2.22524 2.2524 2.27651 2.29767 2.31603 2.33178 2.34514 2.35635 2.36562 2.3732 2.37927 2.38404 2.38764 2.39021 2.39183 2.39255 2.3924 2.39134 2.38932 2.38624 2.38195 2.37628 2.36903 2.35996 2.34882 2.33535 2.31931 2.30045 2.27858 2.25356 2.22531 2.19383 2.15924 2.12173 2.0816 2.03927 1.99522 1.95 1.90423 1.85852 1.81349 1.76976 1.72785 1.68824 1.6513 1.61733 1.5865 1.5589 1.53453 1.51329 1.49503 1.47955 1.46659 1.45591 1.44722 1.44026 1.43477 1.43052 1.4273 1.4249 1.42319 1.42201 1.42125 1.42085 1.42072 
1.41381 1.41414 1.4147 1.41552 1.41665 1.41817 1.42019 1.42286 1.42636 1.43089 1.43671 1.44408 1.4533 1.46466 1.47848 1.49504 1.51458 1.53731 1.56336 1.59277 1.62548 1.66134 1.70008 1.74132 1.78461 1.8294 1.8751 1.92109 1.96673 2.01142 2.0546 2.09577 2.13453 2.17054 2.20359 2.23355 2.26038 2.28412 2.30489 2.32285 2.3382 2.35118 2.36202 2.37095 2.37822 2.38404 2.38858 2.39201 2.39445 2.396 2.3967 2.39658 2.39561 2.39374 2.39084 2.3868 2.38142 2.3745 2.36581 2.35507 2.34203 2.32642 2.30799 2.28653 2.26188 2.23396 2.20276 2.16837 2.13097 2.09088 2.04848 2.00427 1.9588 1.91268 1.86655 1.82105 1.77677 1.73429 1.69409 1.65655 1.62198 1.59058 1.56244 1.53755 1.51585 1.49717 1.48132 1.46804 1.45708 1.44815 1.441 1.43535 1.43097 1.42763 1.42516 1.42338 1.42215 1.42136 1.42093 1.42079 
1.41386 1.41419 1.41476 1.4156 1.41675 1.4183 1.42038 1.42311 1.42669 1.43134 1.43729 1.44482 1.45424 1.46584 1.47993 1.4968 1.51669 1.53981 1.56628 1.59612 1.62929 1.66562 1.70481 1.7465 1.79021 1.83538 1.88141 1.92767 1.97352 2.01836 2.06161 2.10278 2.14147 2.17735 2.21022 2.23995 2.26652 2.28997 2.31043 2.32807 2.34311 2.35578 2.36633 2.375 2.38204 2.38764 2.39201 2.3953 2.39765 2.39914 2.39983 2.39973 2.39883 2.39706 2.39432 2.39047 2.38532 2.37867 2.37027 2.35985 2.34714 2.33186 2.31377 2.29264 2.26829 2.24064 2.20965 2.17542 2.13813 2.09807 2.05563 2.0113 1.96564 1.91926 1.87281 1.82694 1.78226 1.73934 1.69867 1.66067 1.62564 1.59379 1.56523 1.53995 1.51788 1.49887 1.48272 1.46919 1.45801 1.4489 1.44159 1.43581 1.43132 1.42791 1.42537 1.42353 1.42227 1.42145 1.421 1.42084 
1.4139 1.41423 1.41481 1.41565 1.41683 1.41841 1.42052 1.4233 1.42694 1.43167 1.43771 1.44537 1.45493 1.4667 1.48099 1.49808 1.51823 1.54162 1.56838 1.59854 1.63203 1.66868 1.7082 1.7502 1.79419 1.83963 1.88589 1.93234 1.97834 2.02327 2.06657 2.10775 2.14639 2.18219 2.21493 2.2445 2.27088 2.29413 2.31437 2.33179 2.34661 2.35906 2.36941 2.37789 2.38475 2.39021 2.39445 2.39765 2.39992 2.40137 2.40205 2.40198 2.40113 2.39944 2.39681 2.39309 2.38811 2.38164 2.37345 2.36325 2.35078 2.33575 2.31789 2.29699 2.27285 2.24538 2.21455 2.18044 2.14321 2.10317 2.0607 2.01629 1.97049 1.92394 1.87727 1.83113 1.78616 1.74293 1.70195 1.66362 1.62827 1.59611 1.56724 1.54168 1.51935 1.50011 1.48375 1.47004 1.4587 1.44945 1.44203 1.43615 1.43159 1.42811 1.42552 1.42365 1.42236 1.42152 1.42105 1.42089 
1.41393 1.41426 1.41484 1.41569 1.41688 1.41848 1.42061 1.42342 1.42711 1.43188 1.43799 1.44572 1.45536 1.46724 1.48164 1.49887 1.51916 1.54271 1.56964 1.59998 1.63366 1.6705 1.7102 1.75238 1.79654 1.84213 1.88853 1.93509 1.98118 2.02617 2.06951 2.11069 2.14931 2.18507 2.21774 2.24723 2.27351 2.29665 2.31677 2.33407 2.34876 2.36109 2.37132 2.37969 2.38646 2.39183 2.396 2.39914 2.40137 2.4028 2.40347 2.40341 2.40259 2.40095 2.39838 2.39475 2.38986 2.38351 2.37543 2.36537 2.35303 2.33813 2.32041 2.29963 2.27561 2.24824 2.21749 2.18343 2.14623 2.10619 2.06369 2.01922 1.97335 1.92668 1.87988 1.8336 1.78847 1.74506 1.70389 1.66537 1.62984 1.59749 1.56845 1.54273 1.52025 1.50087 1.48439 1.47056 1.45913 1.4498 1.4423 1.43638 1.43177 1.42825 1.42563 1.42373 1.42242 1.42157 1.42109 1.42092 
