1.76104 1.76134 1.76164 1.76193 1.76221 1.76247 1.76271 1.76294 1.76315 1.76334 1.76352 1.76367 1.76381 1.76393 1.76404 1.76413 1.76422 1.76429 1.76436 1.76443 1.7645 1.76456 1.76463 1.76471 1.76479 1.76488 1.76498 1.76509 1.76521 1.76534 1.76549 1.76565 1.76583 1.76601 1.76621 1.76641 1.76663 1.76684 1.76706 1.76728 1.7675 1.76771 1.76791 1.7681 1.76827 1.76843 1.76856 1.76867 1.76875 1.76881 1.76884 1.76884 1.76881 1.76876 1.76868 1.76857 1.76844 1.76829 1.76812 1.76794 1.76774 1.76754 1.76733 1.76711 1.7669 1.76668 1.76648 1.76628 1.76608 1.7659 1.76573 1.76558 1.76543 1.7653 1.76519 1.76509 1.765 1.76493 1.76487 1.76483 1.7648 1.76479 1.76479 1.76482 1.76485 1.76491 1.76499 1.76508 1.7652 1.76534 1.7655 1.76569 1.76589 1.76612 1.76636 1.76662 1.7669 1.76718 1.76748 1.76778 
1.76134 1.76165 1.76194 1.76223 1.76251 1.76277 1.76302 1.76324 1.76345 1.76364 1.76382 1.76397 1.76411 1.76423 1.76434 1.76443 1.76451 1.76459 1.76466 1.76473 1.76479 1.76486 1.76493 1.765 1.76508 1.76517 1.76527 1.76538 1.7655 1.76564 1.76579 1.76595 1.76612 1.76631 1.76651 1.76672 1.76694 1.76716 1.76738 1.76761 1.76783 1.76805 1.76825 1.76845 1.76862 1.76878 1.76892 1.76903 1.76912 1.76917 1.7692 1.76921 1.76918 1.76912 1.76904 1.76893 1.7688 1.76864 1.76847 1.76828 1.76808 1.76787 1.76765 1.76743 1.76721 1.767 1.76679 1.76658 1.76639 1.7662 1.76603 1.76587 1.76573 1.7656 1.76548 1.76538 1.76529 1.76522 1.76516 1.76512 1.7651 1.76508 1.76509 1.76511 1.76515 1.76521 1.76529 1.76538 1.7655 1.76564 1.7658 1.76599 1.76619 1.76642 1.76666 1.76692 1.7672 1.76749 1.76778 1.76808 
1.76164 1.76194 1.76224 1.76253 1.7628 1.76307 1.76331 1.76354 1.76375 1.76394 1.76411 1.76427 1.7644 1.76453 1.76463 1.76473 1.76481 1.76489 1.76496 1.76503 1.7651 1.76517 1.76524 1.76533 1.76541 1.76551 1.76562 1.76574 1.76588 1.76603 1.7662 1.76638 1.76658 1.76679 1.76701 1.76724 1.76749 1.76773 1.76799 1.76824 1.76849 1.76873 1.76896 1.76917 1.76937 1.76955 1.7697 1.76982 1.76992 1.76999 1.77002 1.77002 1.76999 1.76992 1.76983 1.76971 1.76956 1.76938 1.76919 1.76898 1.76875 1.76852 1.76827 1.76803 1.76778 1.76754 1.7673 1.76707 1.76686 1.76665 1.76646 1.76628 1.76612 1.76598 1.76585 1.76573 1.76564 1.76556 1.76549 1.76544 1.76541 1.7654 1.7654 1.76542 1.76545 1.76551 1.76559 1.76568 1.7658 1.76594 1.7661 1.76628 1.76649 1.76671 1.76696 1.76722 1.76749 1.76778 1.76808 1.76838 
1.76193 1.76223 1.76253 1.76282 1.76309 1.76335 1.7636 1.76383 1.76404 1.76423 1.7644 1.76456 1.7647 1.76482 1.76493 1.76503 1.76511 1.7652 1.76527 1.76535 1.76543 1.76551 1.76559 1.76568 1.76579 1.76591 1.76604 1.76619 1.76635 1.76653 1.76674 1.76695 1.76719 1.76745 1.76772 1.768 1.76829 1.76859 1.76889 1.7692 1.76949 1.76978 1.77006 1.77032 1.77055 1.77076 1.77094 1.77109 1.7712 1.77128 1.77132 1.77131 1.77127 1.7712 1.77108 1.77093 1.77075 1.77054 1.77031 1.77006 1.76979 1.7695 1.76921 1.76892 1.76862 1.76833 1.76804 1.76777 1.76751 1.76726 1.76703 1.76682 1.76662 1.76645 1.76629 1.76615 1.76603 1.76594 1.76586 1.76579 1.76575 1.76572 1.76572 1.76573 1.76576 1.76581 1.76589 1.76598 1.76609 1.76623 1.76639 1.76657 1.76678 1.767 1.76725 1.76751 1.76778 1.76807 1.76837 1.76867 
1.76221 1.76251 1.7628 1.76309 1.76337 1.76363 1.76388 1.76411 1.76432 1.76451 1.76468 1.76484 1.76498 1.7651 1.76522 1.76532 1.76541 1.7655 1.76559 1.76567 1.76576 1.76586 1.76597 1.76608 1.76621 1.76636 1.76653 1.76672 1.76693 1.76716 1.76742 1.7677 1.768 1.76832 1.76866 1.76902 1.76939 1.76977 1.77015 1.77053 1.7709 1.77126 1.77161 1.77193 1.77222 1.77248 1.7727 1.77289 1.77303 1.77312 1.77316 1.77316 1.7731 1.77301 1.77286 1.77267 1.77244 1.77218 1.77189 1.77157 1.77123 1.77087 1.77051 1.77013 1.76976 1.7694 1.76904 1.76869 1.76836 1.76805 1.76776 1.76749 1.76724 1.76702 1.76682 1.76664 1.76649 1.76636 1.76626 1.76617 1.76611 1.76607 1.76605 1.76605 1.76607 1.76612 1.76618 1.76627 1.76638 1.76652 1.76668 1.76686 1.76706 1.76728 1.76752 1.76778 1.76806 1.76835 1.76864 1.76894 
1.76247 1.76277 1.76307 1.76335 1.76363 1.76389 1.76414 1.76437 1.76458 1.76477 1.76495 1.76511 1.76525 1.76538 1.7655 1.76561 1.76571 1.76581 1.76591 1.76601 1.76612 1.76624 1.76638 1.76653 1.7667 1.76689 1.76711 1.76736 1.76763 1.76794 1.76827 1.76864 1.76903 1.76945 1.76989 1.77036 1.77083 1.77132 1.77181 1.7723 1.77278 1.77324 1.77368 1.77409 1.77446 1.77479 1.77507 1.7753 1.77548 1.77559 1.77564 1.77564 1.77557 1.77544 1.77525 1.775 1.77471 1.77437 1.774 1.77359 1.77315 1.77269 1.77222 1.77174 1.77126 1.77079 1.77033 1.76988 1.76945 1.76905 1.76867 1.76832 1.768 1.76771 1.76745 1.76722 1.76702 1.76685 1.76671 1.76659 1.7665 1.76643 1.76639 1.76638 1.76639 1.76642 1.76648 1.76656 1.76666 1.76679 1.76695 1.76713 1.76733 1.76755 1.76779 1.76805 1.76832 1.76861 1.7689 1.76921 
1.76271 1.76302 1.76331 1.7636 1.76388 1.76414 1.76439 1.76462 1.76483 1.76503 1.7652 1.76537 1.76551 1.76565 1.76577 1.76589 1.76601 1.76612 1.76624 1.76637 1.76651 1.76666 1.76684 1.76703 1.76726 1.76752 1.76781 1.76813 1.7685 1.7689 1.76934 1.76983 1.77034 1.77089 1.77147 1.77207 1.7727 1.77333 1.77396 1.7746 1.77521 1.77581 1.77637 1.7769 1.77738 1.7778 1.77816 1.77845 1.77867 1.77881 1.77888 1.77886 1.77877 1.7786 1.77835 1.77804 1.77766 1.77722 1.77673 1.7762 1.77563 1.77504 1.77443 1.77381 1.77319 1.77258 1.77197 1.77139 1.77084 1.77031 1.76982 1.76936 1.76894 1.76855 1.76821 1.76791 1.76764 1.76741 1.76721 1.76705 1.76692 1.76682 1.76676 1.76672 1.76671 1.76672 1.76677 1.76684 1.76694 1.76706 1.76721 1.76738 1.76758 1.7678 1.76804 1.7683 1.76857 1.76886 1.76915 1.76945 
1.76294 1.76324 1.76354 1.76383 1.76411 1.76437 1.76462 1.76485 1.76506 1.76526 1.76544 1.76561 1.76576 1.76591 1.76604 1.76618 1.76631 1.76644 1.76659 1.76675 1.76693 1.76713 1.76736 1.76762 1.76792 1.76826 1.76864 1.76908 1.76956 1.7701 1.77068 1.77131 1.77199 1.77271 1.77347 1.77426 1.77507 1.77589 1.77671 1.77753 1.77832 1.77909 1.77982 1.78049 1.7811 1.78164 1.7821 1.78247 1.78275 1.78293 1.78301 1.78298 1.78286 1.78264 1.78232 1.78191 1.78142 1.78085 1.78022 1.77953 1.7788 1.77803 1.77724 1.77644 1.77563 1.77483 1.77405 1.7733 1.77257 1.77188 1.77124 1.77063 1.77008 1.76958 1.76912 1.76872 1.76836 1.76806 1.76779 1.76757 1.76739 1.76725 1.76714 1.76707 1.76704 1.76703 1.76706 1.76712 1.7672 1.76732 1.76746 1.76763 1.76782 1.76804 1.76827 1.76853 1.7688 1.76909 1.76938 1.76968 
1.76315 1.76345 1.76375 1.76404 1.76432 1.76458 1.76483 1.76506 1.76528 1.76548 1.76567 1.76584 1.76601 1.76616 1.76631 1.76646 1.76662 1.76678 1.76696 1.76716 1.76739 1.76766 1.76796 1.7683 1.7687 1.76915 1.76966 1.77023 1.77087 1.77158 1.77234 1.77317 1.77406 1.775 1.77598 1.777 1.77805 1.77911 1.78017 1.78122 1.78224 1.78323 1.78415 1.78501 1.78579 1.78648 1.78706 1.78753 1.78788 1.7881 1.78819 1.78816 1.78799 1.7877 1.78729 1.78677 1.78613 1.78541 1.7846 1.78371 1.78277 1.78178 1.78076 1.77973 1.77869 1.77766 1.77665 1.77567 1.77473 1.77383 1.77299 1.77221 1.77149 1.77083 1.77023 1.7697 1.76923 1.76882 1.76846 1.76817 1.76792 1.76772 1.76756 1.76745 1.76738 1.76735 1.76735 1.76739 1.76746 1.76757 1.7677 1.76786 1.76805 1.76826 1.76849 1.76874 1.76901 1.7693 1.76959 1.76989 
1.76334 1.76364 1.76394 1.76423 1.76451 1.76477 1.76503 1.76526 1.76548 1.76569 1.76588 1.76607 1.76624 1.76641 1.76658 1.76675 1.76694 1.76714 1.76737 1.76763 1.76793 1.76827 1.76866 1.76912 1.76964 1.77024 1.77091 1.77166 1.77249 1.77341 1.77441 1.77549 1.77663 1.77785 1.77912 1.78043 1.78177 1.78313 1.78448 1.78582 1.78712 1.78837 1.78955 1.79063 1.79162 1.79248 1.79321 1.7938 1.79423 1.79451 1.79462 1.79457 1.79436 1.79399 1.79346 1.79279 1.79198 1.79106 1.79002 1.7889 1.7877 1.78644 1.78514 1.78382 1.78249 1.78117 1.77987 1.77861 1.7774 1.77625 1.77516 1.77415 1.77321 1.77236 1.77158 1.77088 1.77027 1.76972 1.76926 1.76886 1.76852 1.76825 1.76803 1.76787 1.76775 1.76768 1.76766 1.76767 1.76772 1.76781 1.76793 1.76808 1.76826 1.76846 1.76869 1.76894 1.76921 1.76949 1.76978 1.77008 
1.76352 1.76382 1.76411 1.7644 1.76468 1.76495 1.7652 1.76544 1.76567 1.76588 1.76609 1.76628 1.76647 1.76666 1.76685 1.76706 1.76729 1.76754 1.76783 1.76816 1.76855 1.76899 1.76951 1.7701 1.77079 1.77156 1.77243 1.77341 1.77449 1.77568 1.77697 1.77835 1.77982 1.78138 1.783 1.78467 1.78637 1.78809 1.78981 1.79149 1.79313 1.7947 1.79618 1.79754 1.79876 1.79984 1.80075 1.80148 1.80202 1.80236 1.80249 1.80242 1.80215 1.80167 1.80101 1.80016 1.79915 1.79798 1.79668 1.79526 1.79374 1.79215 1.79051 1.78884 1.78715 1.78548 1.78383 1.78223 1.78069 1.77921 1.77782 1.77653 1.77532 1.77422 1.77322 1.77232 1.77152 1.77081 1.7702 1.76967 1.76923 1.76886 1.76856 1.76833 1.76815 1.76804 1.76797 1.76795 1.76798 1.76805 1.76815 1.76829 1.76846 1.76866 1.76888 1.76912 1.76939 1.76967 1.76996 1.77026 
1.76367 1.76397 1.76427 1.76456 1.76484 1.76511 1.76537 1.76561 1.76584 1.76607 1.76628 1.76649 1.7667 1.76692 1.76715 1.76739 1.76767 1.76799 1.76836 1.76878 1.76928 1.76986 1.77053 1.7713 1.77218 1.77318 1.77431 1.77556 1.77695 1.77847 1.78011 1.78187 1.78375 1.78571 1.78776 1.78986 1.792 1.79416 1.79631 1.79841 1.80045 1.8024 1.80424 1.80592 1.80744 1.80877 1.80989 1.81079 1.81144 1.81186 1.81202 1.81192 1.81157 1.81098 1.81015 1.80909 1.80783 1.80637 1.80474 1.80297 1.80108 1.7991 1.79705 1.79495 1.79284 1.79073 1.78866 1.78664 1.7847 1.78284 1.78108 1.77943 1.7779 1.77649 1.77521 1.77406 1.77302 1.77212 1.77132 1.77064 1.77005 1.76956 1.76917 1.76885 1.7686 1.76843 1.76831 1.76825 1.76825 1.76829 1.76837 1.76849 1.76865 1.76884 1.76905 1.76929 1.76955 1.76983 1.77012 1.77041 
1.76381 1.76411 1.7644 1.7647 1.76498 1.76525 1.76551 1.76576 1.76601 1.76624 1.76647 1.7667 1.76694 1.76719 1.76746 1.76776 1.76811 1.76851 1.76897 1.76952 1.77015 1.7709 1.77176 1.77275 1.77388 1.77516 1.7766 1.7782 1.77996 1.78188 1.78395 1.78617 1.78852 1.79099 1.79354 1.79616 1.79883 1.8015 1.80416 1.80676 1.80928 1.81168 1.81392 1.81599 1.81785 1.81947 1.82084 1.82193 1.82272 1.82322 1.82341 1.82328 1.82285 1.82211 1.82108 1.81978 1.81822 1.81642 1.81442 1.81224 1.8099 1.80745 1.80491 1.80231 1.79969 1.79708 1.7945 1.79198 1.78955 1.78722 1.78502 1.78294 1.78102 1.77924 1.77762 1.77616 1.77485 1.77369 1.77267 1.77179 1.77103 1.7704 1.76987 1.76945 1.76911 1.76886 1.76868 1.76857 1.76852 1.76853 1.76859 1.76869 1.76883 1.769 1.76921 1.76944 1.7697 1.76997 1.77026 1.77055 
1.76393 1.76423 1.76453 1.76482 1.7651 1.76538 1.76565 1.76591 1.76616 1.76641 1.76666 1.76692 1.76719 1.76748 1.76781 1.76818 1.76861 1.76911 1.7697 1.77039 1.77121 1.77215 1.77325 1.77451 1.77595 1.77757 1.77939 1.7814 1.78361 1.78602 1.78861 1.79138 1.79429 1.79735 1.8005 1.80374 1.80701 1.81029 1.81354 1.81672 1.81979 1.82271 1.82544 1.82794 1.83019 1.83215 1.8338 1.83511 1.83607 1.83665 1.83687 1.83671 1.83617 1.83527 1.83402 1.83243 1.83053 1.82834 1.8259 1.82324 1.82039 1.81739 1.81428 1.8111 1.80788 1.80467 1.80149 1.79839 1.79538 1.79249 1.78975 1.78718 1.78478 1.78256 1.78053 1.77869 1.77704 1.77558 1.77429 1.77317 1.7722 1.77139 1.7707 1.77014 1.7697 1.76935 1.7691 1.76892 1.76882 1.76879 1.76881 1.76889 1.76901 1.76917 1.76936 1.76959 1.76983 1.7701 1.77038 1.77067 
1.76404 1.76434 1.76463 1.76493 1.76522 1.7655 1.76577 1.76604 1.76631 1.76658 1.76685 1.76715 1.76746 1.76781 1.7682 1.76866 1.7692 1.76983 1.77057 1.77145 1.77247 1.77367 1.77505 1.77664 1.77845 1.78048 1.78275 1.78526 1.78801 1.791 1.7942 1.79761 1.80119 1.80493 1.80879 1.81274 1.81672 1.8207 1.82464 1.82848 1.83218 1.83569 1.83897 1.84197 1.84466 1.84701 1.84897 1.85053 1.85166 1.85236 1.8526 1.8524 1.85175 1.85066 1.84914 1.84723 1.84494 1.84231 1.83936 1.83615 1.83271 1.82908 1.82532 1.82146 1.81756 1.81365 1.80978 1.80599 1.80231 1.79877 1.7954 1.79223 1.78927 1.78652 1.78401 1.78172 1.77967 1.77784 1.77622 1.77481 1.77359 1.77256 1.77168 1.77096 1.77038 1.76992 1.76957 1.76932 1.76915 1.76907 1.76905 1.76909 1.76919 1.76933 1.76951 1.76972 1.76996 1.77022 1.77049 1.77078 
1.76413 1.76443 1.76473 1.76503 1.76532 1.76561 1.76589 1.76618 1.76646 1.76675 1.76706 1.76739 1.76776 1.76818 1.76866 1.76923 1.76989 1.77068 1.77161 1.77271 1.774 1.7755 1.77723 1.77921 1.78145 1.78398 1.78679 1.78989 1.79327 1.79693 1.80085 1.805 1.80936 1.8139 1.81857 1.82332 1.82812 1.8329 1.83761 1.8422 1.84661 1.85079 1.85469 1.85825 1.86143 1.8642 1.86652 1.86835 1.86968 1.87049 1.87077 1.87052 1.86973 1.86843 1.86663 1.86435 1.86163 1.85849 1.85498 1.85115 1.84704 1.8427 1.83819 1.83357 1.82888 1.82417 1.8195 1.81492 1.81046 1.80617 1.80208 1.79821 1.79459 1.79123 1.78815 1.78533 1.7828 1.78053 1.77853 1.77677 1.77525 1.77395 1.77285 1.77193 1.77118 1.77058 1.77011 1.76977 1.76952 1.76938 1.76931 1.76931 1.76937 1.76949 1.76965 1.76984 1.77007 1.77032 1.7706 1.77088 
1.76422 1.76451 1.76481 1.76511 1.76541 1.76571 1.76601 1.76631 1.76662 1.76694 1.76729 1.76767 1.76811 1.76861 1.7692 1.76989 1.77072 1.77169 1.77285 1.77422 1.77582 1.77768 1.77983 1.78227 1.78504 1.78814 1.79158 1.79537 1.79949 1.80393 1.80867 1.81368 1.81893 1.82437 1.82996 1.83563 1.84134 1.84702 1.8526 1.85803 1.86323 1.86816 1.87273 1.87691 1.88064 1.88388 1.88658 1.88872 1.89026 1.89119 1.89151 1.8912 1.89027 1.88873 1.88661 1.88393 1.88072 1.87702 1.87289 1.86837 1.86351 1.85838 1.85304 1.84755 1.84197 1.83637 1.8308 1.82532 1.81998 1.81482 1.80989 1.80523 1.80085 1.79677 1.79302 1.78959 1.78649 1.78372 1.78125 1.77909 1.77721 1.77559 1.77422 1.77307 1.77212 1.77135 1.77074 1.77028 1.76995 1.76972 1.76959 1.76954 1.76957 1.76965 1.76979 1.76997 1.77018 1.77042 1.77069 1.77097 
1.76429 1.76459 1.76489 1.7652 1.7655 1.76581 1.76612 1.76644 1.76678 1.76714 1.76754 1.76799 1.76851 1.76911 1.76983 1.77068 1.77169 1.7729 1.77434 1.77602 1.778 1.78028 1.78291 1.7859 1.78928 1.79305 1.79723 1.8018 1.80676 1.8121 1.81778 1.82376 1.83002 1.83648 1.84309 1.8498 1.85652 1.86319 1.86974 1.87609 1.88216 1.88789 1.89321 1.89807 1.90239 1.90613 1.90925 1.91171 1.91349 1.91455 1.9149 1.91453 1.91344 1.91165 1.90918 1.90606 1.90232 1.89802 1.8932 1.88792 1.88225 1.87624 1.86998 1.86353 1.85697 1.85036 1.84378 1.83729 1.83095 1.82482 1.81895 1.81337 1.80812 1.80323 1.79871 1.79458 1.79083 1.78746 1.78446 1.78182 1.77951 1.77753 1.77583 1.7744 1.77322 1.77225 1.77148 1.77088 1.77043 1.77011 1.76991 1.7698 1.76978 1.76982 1.76993 1.77009 1.77029 1.77052 1.77077 1.77105 
1.76436 1.76466 1.76496 1.76527 1.76559 1.76591 1.76624 1.76659 1.76696 1.76737 1.76783 1.76836 1.76897 1.7697 1.77057 1.77161 1.77285 1.77434 1.77609 1.77815 1.78056 1.78335 1.78654 1.79017 1.79425 1.79879 1.8038 1.80928 1.8152 1.82154 1.82828 1.83536 1.84272 1.85032 1.85807 1.86591 1.87375 1.88151 1.8891 1.89645 1.90346 1.91007 1.91619 1.92176 1.92672 1.931 1.93456 1.93737 1.93939 1.9406 1.94099 1.94055 1.93929 1.93722 1.93438 1.93079 1.92649 1.92153 1.91597 1.90988 1.90332 1.89636 1.8891 1.88161 1.87396 1.86625 1.85855 1.85094 1.8435 1.83627 1.82934 1.82274 1.81651 1.81069 1.8053 1.80036 1.79586 1.79181 1.7882 1.785 1.78221 1.77979 1.77772 1.77597 1.77451 1.77331 1.77234 1.77157 1.77099 1.77056 1.77026 1.77009 1.77001 1.77001 1.77008 1.77022 1.77039 1.77061 1.77086 1.77112 
1.76443 1.76473 1.76503 1.76535 1.76567 1.76601 1.76637 1.76675 1.76716 1.76763 1.76816 1.76878 1.76952 1.77039 1.77145 1.77271 1.77422 1.77602 1.77815 1.78066 1.78357 1.78694 1.79078 1.79513 1.80001 1.80543 1.81139 1.81787 1.82487 1.83235 1.84025 1.84854 1.85714 1.86597 1.87497 1.88404 1.89309 1.90202 1.91074 1.91915 1.92717 1.93471 1.94168 1.94801 1.95362 1.95848 1.96251 1.96567 1.96795 1.9693 1.96973 1.96922 1.96778 1.96543 1.96219 1.9581 1.95321 1.94756 1.94121 1.93425 1.92675 1.91878 1.91044 1.90182 1.893 1.88409 1.87518 1.86635 1.85768 1.84925 1.84114 1.8334 1.82608 1.81922 1.81286 1.807 1.80166 1.79683 1.79252 1.78869 1.78534 1.78242 1.77992 1.77779 1.77601 1.77453 1.77333 1.77237 1.77163 1.77107 1.77067 1.77041 1.77027 1.77022 1.77025 1.77035 1.7705 1.7707 1.77094 1.7712 
1.7645 1.76479 1.7651 1.76543 1.76576 1.76612 1.76651 1.76693 1.76739 1.76793 1.76855 1.76928 1.77015 1.77121 1.77247 1.774 1.77582 1.778 1.78056 1.78357 1.78707 1.79109 1.79567 1.80085 1.80663 1.81303 1.82005 1.82766 1.83585 1.84457 1.85376 1.86337 1.8733 1.88349 1.89382 1.90421 1.91455 1.92473 1.93464 1.94418 1.95325 1.96176 1.96961 1.97673 1.98304 1.98848 1.99299 1.99653 1.99907 2.00057 2.00104 2.00045 1.99883 1.99618 1.99254 1.98793 1.98242 1.97605 1.96889 1.96102 1.95252 1.94348 1.934 1.92418 1.91412 1.90392 1.8937 1.88354 1.87355 1.86382 1.85442 1.84543 1.8369 1.82889 1.82144 1.81456 1.80827 1.80258 1.79747 1.79293 1.78893 1.78545 1.78245 1.7799 1.77774 1.77595 1.77448 1.7733 1.77238 1.77167 1.77114 1.77078 1.77056 1.77045 1.77043 1.7705 1.77062 1.7708 1.77102 1.77127 
1.76456 1.76486 1.76517 1.76551 1.76586 1.76624 1.76666 1.76713 1.76766 1.76827 1.76899 1.76986 1.7709 1.77215 1.77367 1.7755 1.77768 1.78028 1.78335 1.78694 1.79109 1.79586 1.80127 1.80737 1.81416 1.82165 1.82984 1.83869 1.84818 1.85826 1.86885 1.87987 1.89125 1.90287 1.91463 1.92642 1.93811 1.94959 1.96075 1.97146 1.98163 1.99113 1.99989 2.00782 2.01483 2.02087 2.02587 2.02978 2.03258 2.03424 2.03474 2.03408 2.03227 2.02932 2.02527 2.02014 2.01399 2.00689 1.99889 1.99008 1.98055 1.9704 1.95973 1.94866 1.93728 1.92573 1.91411 1.90255 1.89114 1.87999 1.8692 1.85885 1.84901 1.83974 1.83109 1.82309 1.81575 1.80909 1.8031 1.79775 1.79304 1.78892 1.78536 1.78231 1.77973 1.77758 1.77581 1.77437 1.77323 1.77235 1.77168 1.77121 1.77089 1.77071 1.77064 1.77065 1.77075 1.7709 1.7711 1.77134 
1.76463 1.76493 1.76524 1.76559 1.76597 1.76638 1.76684 1.76736 1.76796 1.76866 1.76951 1.77053 1.77176 1.77325 1.77505 1.77723 1.77983 1.78291 1.78654 1.79078 1.79567 1.80127 1.80762 1.81473 1.82263 1.83132 1.84079 1.85099 1.86189 1.87342 1.88551 1.89805 1.91095 1.92409 1.93734 1.95059 1.96369 1.97653 1.98896 2.00087 2.01214 2.02267 2.03234 2.04108 2.0488 2.05543 2.06091 2.0652 2.06827 2.07008 2.07062 2.06988 2.06788 2.06464 2.06017 2.05452 2.04774 2.03989 2.03105 2.0213 2.01072 1.99943 1.98754 1.97517 1.96243 1.94946 1.93639 1.92334 1.91043 1.89778 1.88551 1.8737 1.86244 1.8518 1.84185 1.83261 1.82413 1.8164 1.80943 1.80319 1.79768 1.79285 1.78865 1.78506 1.782 1.77944 1.77732 1.77559 1.77421 1.77313 1.7723 1.77169 1.77127 1.771 1.77086 1.77083 1.77089 1.77101 1.77119 1.77142 
1.76471 1.765 1.76533 1.76568 1.76608 1.76653 1.76703 1.76762 1.7683 1.76912 1.7701 1.7713 1.77275 1.77451 1.77664 1.77921 1.78227 1.7859 1.79017 1.79513 1.80085 1.80737 1.81473 1.82297 1.83208 1.84207 1.85291 1.86457 1.87698 1.89006 1.90373 1.91787 1.93236 1.94708 1.96188 1.97662 1.99117 2.00538 2.01911 2.03222 2.04461 2.05614 2.06673 2.07626 2.08468 2.09189 2.09785 2.10251 2.10582 2.10778 2.10836 2.10755 2.10538 2.10184 2.09697 2.09081 2.08341 2.07484 2.06515 2.05445 2.04283 2.0304 2.01728 2.00358 1.98945 1.97503 1.96044 1.94585 1.93137 1.91715 1.9033 1.88994 1.87717 1.86508 1.85372 1.84316 1.83342 1.82453 1.81648 1.80928 1.80288 1.79726 1.79236 1.78815 1.78457 1.78155 1.77904 1.77698 1.77532 1.77401 1.773 1.77224 1.7717 1.77133 1.77112 1.77103 1.77104 1.77113 1.77129 1.7715 
1.76479 1.76508 1.76541 1.76579 1.76621 1.7667 1.76726 1.76792 1.7687 1.76964 1.77079 1.77218 1.77388 1.77595 1.77845 1.78145 1.78504 1.78928 1.79425 1.80001 1.80663 1.81416 1.82263 1.83208 1.8425 1.85389 1.86621 1.8794 1.8934 1.90812 1.92344 1.93924 1.95538 1.97172 1.9881 2.00437 2.02037 2.03596 2.05097 2.06529 2.07876 2.09129 2.10276 2.11307 2.12215 2.12992 2.13634 2.14134 2.14491 2.147 2.14762 2.14675 2.1444 2.14059 2.13534 2.12869 2.1207 2.11142 2.10092 2.0893 2.07665 2.06309 2.04873 2.03371 2.01818 2.00228 1.98616 1.96997 1.95388 1.93802 1.92254 1.90755 1.89319 1.87954 1.8667 1.85471 1.84363 1.83349 1.82428 1.81601 1.80865 1.80217 1.7965 1.79162 1.78744 1.78391 1.78097 1.77854 1.77658 1.77501 1.77379 1.77286 1.77218 1.77171 1.77141 1.77125 1.77121 1.77127 1.7714 1.77159 
1.76488 1.76517 1.76551 1.76591 1.76636 1.76689 1.76752 1.76826 1.76915 1.77024 1.77156 1.77318 1.77516 1.77757 1.78048 1.78398 1.78814 1.79305 1.79879 1.80543 1.81303 1.82165 1.83132 1.84207 1.85389 1.86676 1.88063 1.89545 1.91111 1.92753 1.94455 1.96205 1.97988 1.99786 2.01583 2.03363 2.05108 2.06802 2.0843 2.09977 2.11431 2.12778 2.14009 2.15114 2.16085 2.16916 2.176 2.18133 2.18512 2.18735 2.188 2.18707 2.18457 2.1805 2.1749 2.1678 2.15924 2.14929 2.13803 2.12552 2.11188 2.09722 2.08166 2.06534 2.04842 2.03104 2.01337 1.99558 1.97784 1.9603 1.94313 1.92646 1.91044 1.89517 1.88075 1.86726 1.85475 1.84327 1.83282 1.82341 1.81501 1.80758 1.80108 1.79545 1.79063 1.78654 1.78312 1.78029 1.77798 1.77613 1.77467 1.77355 1.77272 1.77213 1.77173 1.7715 1.77141 1.77142 1.77152 1.7717 
1.76498 1.76527 1.76562 1.76604 1.76653 1.76711 1.76781 1.76864 1.76966 1.77091 1.77243 1.77431 1.7766 1.77939 1.78275 1.78679 1.79158 1.79723 1.8038 1.81139 1.82005 1.82984 1.84079 1.85291 1.86621 1.88063 1.89614 1.91263 1.93002 1.94817 1.96694 1.98617 2.00569 2.02531 2.04487 2.06416 2.08303 2.10129 2.11878 2.13537 2.1509 2.16527 2.17837 2.1901 2.20039 2.20918 2.2164 2.22203 2.22603 2.22838 2.22907 2.22809 2.22545 2.22116 2.21524 2.20772 2.19866 2.1881 2.17611 2.16278 2.1482 2.1325 2.11578 2.0982 2.07992 2.06109 2.04189 2.0225 2.0031 1.98386 1.96497 1.94657 1.92883 1.91188 1.89582 1.88076 1.86675 1.85385 1.84209 1.83145 1.82193 1.8135 1.8061 1.79967 1.79414 1.78945 1.7855 1.78222 1.77954 1.77738 1.77566 1.77433 1.77333 1.7726 1.77209 1.77178 1.77162 1.77159 1.77165 1.77181 
1.76509 1.76538 1.76574 1.76619 1.76672 1.76736 1.76813 1.76908 1.77023 1.77166 1.77341 1.77556 1.7782 1.7814 1.78526 1.78989 1.79537 1.8018 1.80928 1.81787 1.82766 1.83869 1.85099 1.86457 1.8794 1.89545 1.91263 1.93086 1.95 1.96992 1.99045 2.01141 2.03261 2.05385 2.07495 2.09571 2.11593 2.13545 2.15409 2.17171 2.18818 2.20337 2.21718 2.22953 2.24034 2.24955 2.25712 2.26302 2.2672 2.26966 2.27038 2.26936 2.2666 2.26212 2.25592 2.24805 2.23853 2.22742 2.21479 2.2007 2.18526 2.16858 2.15078 2.132 2.11241 2.09218 2.07148 2.05051 2.02946 2.00853 1.9879 1.96776 1.94827 1.92959 1.91185 1.89515 1.87958 1.8652 1.85204 1.84012 1.82942 1.81991 1.81155 1.80426 1.79798 1.79262 1.78811 1.78435 1.78125 1.77875 1.77675 1.77519 1.774 1.77312 1.7725 1.77209 1.77186 1.77177 1.7718 1.77193 
1.76521 1.7655 1.76588 1.76635 1.76693 1.76763 1.7685 1.76956 1.77087 1.77249 1.77449 1.77695 1.77996 1.78361 1.78801 1.79327 1.79949 1.80676 1.8152 1.82487 1.83585 1.84818 1.86189 1.87698 1.8934 1.91111 1.93002 1.95 1.97092 1.99261 2.01489 2.03756 2.06041 2.08323 2.10582 2.12796 2.14948 2.17017 2.18988 2.20845 2.22576 2.24168 2.25613 2.26901 2.28027 2.28985 2.29771 2.30382 2.30816 2.31072 2.31147 2.31042 2.30757 2.30293 2.29651 2.28833 2.27844 2.26686 2.25366 2.2389 2.22269 2.20512 2.18631 2.16642 2.1456 2.12402 2.10188 2.07938 2.05672 2.03411 2.01176 1.98987 1.96862 1.94819 1.92872 1.91035 1.89316 1.87725 1.86265 1.84938 1.83744 1.8268 1.81741 1.80921 1.80212 1.79606 1.79094 1.78666 1.78312 1.78025 1.77794 1.77613 1.77473 1.77369 1.77294 1.77243 1.77212 1.77197 1.77196 1.77207 
1.76534 1.76564 1.76603 1.76653 1.76716 1.76794 1.7689 1.7701 1.77158 1.77341 1.77568 1.77847 1.78188 1.78602 1.791 1.79693 1.80393 1.8121 1.82154 1.83235 1.84457 1.85826 1.87342 1.89006 1.90812 1.92753 1.94817 1.96992 1.99261 2.01606 2.04006 2.06439 2.08884 2.11318 2.13718 2.16063 2.18333 2.20511 2.22578 2.2452 2.26324 2.2798 2.29479 2.30812 2.31975 2.32963 2.33773 2.34402 2.34849 2.35112 2.3519 2.35084 2.34792 2.34316 2.33657 2.32816 2.31795 2.30599 2.29231 2.27699 2.2601 2.24174 2.22204 2.20113 2.17917 2.15634 2.13283 2.10886 2.08465 2.0604 2.03636 2.01273 1.98973 1.96754 1.94633 1.92625 1.90742 1.88993 1.87384 1.85917 1.84594 1.83412 1.82366 1.8145 1.80656 1.79976 1.79399 1.78915 1.78514 1.78187 1.77924 1.77715 1.77553 1.77431 1.77342 1.7728 1.77241 1.7722 1.77214 1.77222 
1.76549 1.76579 1.7662 1.76674 1.76742 1.76827 1.76934 1.77068 1.77234 1.77441 1.77697 1.78011 1.78395 1.78861 1.7942 1.80085 1.80867 1.81778 1.82828 1.84025 1.85376 1.86885 1.88551 1.90373 1.92344 1.94455 1.96694 1.99045 2.01489 2.04006 2.06573 2.09167 2.11764 2.1434 2.16872 2.19338 2.21717 2.23991 2.26143 2.28159 2.30026 2.31735 2.33277 2.34647 2.35839 2.3685 2.37677 2.3832 2.38775 2.39044 2.39125 2.39019 2.38723 2.3824 2.37569 2.36711 2.35667 2.34441 2.33036 2.31457 2.29712 2.27809 2.2576 2.23578 2.21279 2.18881 2.16403 2.13868 2.11298 2.08717 2.06149 2.03616 2.01143 1.98749 1.96454 1.94275 1.92226 1.90316 1.88555 1.86945 1.85489 1.84184 1.83027 1.82011 1.81128 1.80369 1.79724 1.79182 1.78731 1.78362 1.78063 1.77825 1.7764 1.77499 1.77394 1.7732 1.77272 1.77244 1.77234 1.77238 
1.76565 1.76595 1.76638 1.76695 1.7677 1.76864 1.76983 1.77131 1.77317 1.77549 1.77835 1.78187 1.78617 1.79138 1.79761 1.805 1.81368 1.82376 1.83536 1.84854 1.86337 1.87987 1.89805 1.91787 1.93924 1.96205 1.98617 2.01141 2.03756 2.06439 2.09167 2.11914 2.14655 2.17363 2.20016 2.22591 2.25067 2.27425 2.2965 2.31727 2.33645 2.35396 2.36971 2.38367 2.3958 2.40606 2.41445 2.42096 2.42558 2.42832 2.42915 2.42809 2.42513 2.42026 2.41349 2.40481 2.39423 2.38176 2.36744 2.35129 2.33339 2.31381 2.29266 2.27005 2.24615 2.22114 2.1952 2.16857 2.14148 2.11418 2.08692 2.05995 2.03353 2.00787 1.98321 1.95971 1.93755 1.91684 1.89768 1.88013 1.86421 1.8499 1.83719 1.82599 1.81625 1.80784 1.80068 1.79464 1.78961 1.78547 1.78211 1.77943 1.77732 1.77571 1.7745 1.77364 1.77305 1.7727 1.77255 1.77256 
1.76583 1.76612 1.76658 1.76719 1.768 1.76903 1.77034 1.77199 1.77406 1.77663 1.77982 1.78375 1.78852 1.79429 1.80119 1.80936 1.81893 1.83002 1.84272 1.85714 1.8733 1.89125 1.91095 1.93236 1.95538 1.97988 2.00569 2.03261 2.06041 2.08884 2.11764 2.14655 2.17528 2.20358 2.2312 2.25792 2.28351 2.30781 2.33065 2.35191 2.37148 2.38929 2.40528 2.4194 2.43165 2.442 2.45045 2.457 2.46165 2.4644 2.46526 2.46422 2.46128 2.45642 2.44964 2.44093 2.43028 2.4177 2.40321 2.38682 2.36859 2.34858 2.32689 2.30363 2.27895 2.25302 2.22605 2.19825 2.16987 2.14118 2.11242 2.08389 2.05583 2.02851 2.00216 1.97699 1.95317 1.93085 1.91015 1.89113 1.87383 1.85825 1.84437 1.83212 1.82142 1.81218 1.80428 1.7976 1.79202 1.78742 1.78368 1.78067 1.7783 1.77647 1.7751 1.7741 1.77341 1.77298 1.77278 1.77275 
1.76601 1.76631 1.76679 1.76745 1.76832 1.76945 1.77089 1.77271 1.775 1.77785 1.78138 1.78571 1.79099 1.79735 1.80493 1.8139 1.82437 1.83648 1.85032 1.86597 1.88349 1.90287 1.92409 1.94708 1.97172 1.99786 2.02531 2.05385 2.08323 2.11318 2.1434 2.17363 2.20358 2.23297 2.26156 2.2891 2.31541 2.34028 2.36359 2.38522 2.40506 2.42306 2.43917 2.45338 2.46566 2.47602 2.48447 2.49102 2.49567 2.49843 2.49931 2.4983 2.4954 2.49058 2.48385 2.47517 2.46454 2.45194 2.43737 2.42085 2.40241 2.3821 2.36 2.33622 2.31089 2.28418 2.2563 2.22746 2.19791 2.16792 2.13778 2.10776 2.07815 2.04923 2.02124 1.99443 1.96899 1.94508 1.92284 1.90236 1.88368 1.86682 1.85175 1.83843 1.82676 1.81666 1.80801 1.80068 1.79454 1.78946 1.78531 1.78198 1.77933 1.77728 1.77572 1.77458 1.77379 1.77328 1.77302 1.77296 
1.76621 1.76651 1.76701 1.76772 1.76866 1.76989 1.77147 1.77347 1.77598 1.77912 1.783 1.78776 1.79354 1.8005 1.80879 1.81857 1.82996 1.84309 1.85807 1.87497 1.89382 1.91463 1.93734 1.96188 1.9881 2.01583 2.04487 2.07495 2.10582 2.13718 2.16872 2.20016 2.2312 2.26156 2.29098 2.31922 2.3461 2.37143 2.39508 2.41694 2.43694 2.45503 2.47117 2.48536 2.4976 2.50791 2.51631 2.52281 2.52743 2.53018 2.53108 2.53011 2.52727 2.52254 2.5159 2.50731 2.49677 2.48423 2.46969 2.45314 2.4346 2.41411 2.39173 2.36755 2.34171 2.31436 2.28569 2.25594 2.22534 2.19418 2.16275 2.13135 2.10028 2.06983 2.04027 2.01187 1.98485 1.95939 1.93564 1.91371 1.89366 1.87552 1.85927 1.84487 1.83223 1.82127 1.81185 1.80385 1.79714 1.79157 1.78701 1.78333 1.7804 1.77812 1.77638 1.77509 1.77418 1.77359 1.77327 1.77317 
1.76641 1.76672 1.76724 1.768 1.76902 1.77036 1.77207 1.77426 1.777 1.78043 1.78467 1.78986 1.79616 1.80374 1.81274 1.82332 1.83563 1.8498 1.86591 1.88404 1.90421 1.92642 1.95059 1.97662 2.00437 2.03363 2.06416 2.09571 2.12796 2.16063 2.19338 2.22591 2.25792 2.2891 2.31922 2.34804 2.37535 2.40101 2.42488 2.44687 2.46692 2.48499 2.50107 2.51517 2.52731 2.53751 2.5458 2.55222 2.55678 2.55951 2.56042 2.5595 2.55674 2.55213 2.54562 2.53719 2.52679 2.51439 2.49996 2.48348 2.46495 2.44439 2.42185 2.3974 2.37118 2.34331 2.314 2.28346 2.25194 2.21973 2.18713 2.15445 2.12201 2.09012 2.05908 2.02916 2.00062 1.97365 1.94843 1.92508 1.90369 1.88428 1.86686 1.85138 1.83777 1.82594 1.81575 1.80708 1.79979 1.79372 1.78875 1.78471 1.7815 1.77898 1.77705 1.77562 1.7746 1.77392 1.77353 1.7734 
1.76663 1.76694 1.76749 1.76829 1.76939 1.77083 1.7727 1.77507 1.77805 1.78177 1.78637 1.792 1.79883 1.80701 1.81672 1.82812 1.84134 1.85652 1.87375 1.89309 1.91455 1.93811 1.96369 1.99117 2.02037 2.05108 2.08303 2.11593 2.14948 2.18333 2.21717 2.25067 2.28351 2.31541 2.3461 2.37535 2.40299 2.42886 2.45283 2.47484 2.49484 2.51281 2.52875 2.54269 2.55466 2.5647 2.57285 2.57915 2.58363 2.58633 2.58725 2.58638 2.58372 2.57925 2.57291 2.56467 2.55448 2.54228 2.52804 2.51171 2.49329 2.47276 2.45017 2.42558 2.39909 2.37084 2.34101 2.30981 2.2775 2.24437 2.21071 2.17687 2.14317 2.10993 2.07749 2.04614 2.01614 1.98772 1.96108 1.93636 1.91365 1.89301 1.87444 1.8579 1.84333 1.83063 1.81968 1.81034 1.80247 1.79591 1.79051 1.78613 1.78262 1.77986 1.77774 1.77616 1.77502 1.77425 1.7738 1.77363 
1.76684 1.76716 1.76773 1.76859 1.76977 1.77132 1.77333 1.77589 1.77911 1.78313 1.78809 1.79416 1.8015 1.81029 1.8207 1.8329 1.84702 1.86319 1.88151 1.90202 1.92473 1.94959 1.97653 2.00538 2.03596 2.06802 2.10129 2.13545 2.17017 2.20511 2.23991 2.27425 2.30781 2.34028 2.37143 2.40101 2.42886 2.45482 2.47881 2.50075 2.52061 2.5384 2.55414 2.56785 2.5796 2.58943 2.5974 2.60356 2.60795 2.6106 2.61152 2.61072 2.60817 2.60385 2.59772 2.58971 2.57977 2.56783 2.55384 2.53775 2.5195 2.49911 2.47657 2.45193 2.42529 2.39677 2.36654 2.33481 2.30183 2.26789 2.23331 2.19841 2.16356 2.12909 2.09534 2.06264 2.03127 2.00148 1.97348 1.94744 1.92346 1.90162 1.88193 1.86436 1.84885 1.8353 1.8236 1.8136 1.80515 1.79809 1.79228 1.78754 1.78375 1.78075 1.77844 1.7767 1.77544 1.77459 1.77408 1.77387 
1.76706 1.76738 1.76799 1.76889 1.77015 1.77181 1.77396 1.77671 1.78017 1.78448 1.78981 1.79631 1.80416 1.81354 1.82464 1.83761 1.8526 1.86974 1.8891 1.91074 1.93464 1.96075 1.98896 2.01911 2.05097 2.0843 2.11878 2.15409 2.18988 2.22578 2.26143 2.2965 2.33065 2.36359 2.39508 2.42488 2.45283 2.47881 2.50271 2.5245 2.54416 2.56171 2.57718 2.59063 2.60212 2.61171 2.61948 2.62547 2.62975 2.63234 2.63327 2.63253 2.6301 2.62596 2.62004 2.6123 2.60264 2.59101 2.57733 2.56151 2.54353 2.52333 2.50093 2.47634 2.44965 2.42096 2.39044 2.35829 2.32476 2.29014 2.25474 2.21892 2.18302 2.14742 2.11248 2.07852 2.04586 2.01478 1.9855 1.9582 1.93301 1.91002 1.88925 1.87068 1.85426 1.83989 1.82746 1.81681 1.8078 1.80026 1.79403 1.78895 1.78487 1.78164 1.77914 1.77725 1.77587 1.77493 1.77436 1.77411 
1.76728 1.76761 1.76824 1.7692 1.77053 1.7723 1.7746 1.77753 1.78122 1.78582 1.79149 1.79841 1.80676 1.81672 1.82848 1.8422 1.85803 1.87609 1.89645 1.91915 1.94418 1.97146 2.00087 2.03222 2.06529 2.09977 2.13537 2.17171 2.20845 2.2452 2.28159 2.31727 2.35191 2.38522 2.41694 2.44687 2.47484 2.50075 2.5245 2.54608 2.56548 2.58274 2.59791 2.61105 2.62225 2.63158 2.63912 2.64494 2.6491 2.65163 2.65255 2.65187 2.64957 2.64561 2.63993 2.63247 2.62313 2.61183 2.59848 2.58301 2.56533 2.54539 2.52319 2.49874 2.47208 2.44332 2.4126 2.38014 2.34616 2.31096 2.27487 2.23822 2.2014 2.16479 2.12874 2.09363 2.05979 2.0275 1.99701 1.96853 1.94221 1.91813 1.89633 1.87681 1.85952 1.84436 1.83121 1.81994 1.81039 1.80238 1.79575 1.79034 1.78597 1.78251 1.77982 1.77779 1.7763 1.77527 1.77464 1.77435 
1.7675 1.76783 1.76849 1.76949 1.7709 1.77278 1.77521 1.77832 1.78224 1.78712 1.79313 1.80045 1.80928 1.81979 1.83218 1.84661 1.86323 1.88216 1.90346 1.92717 1.95325 1.98163 2.01214 2.04461 2.07876 2.11431 2.1509 2.18818 2.22576 2.26324 2.30026 2.33645 2.37148 2.40506 2.43694 2.46692 2.49484 2.52061 2.54416 2.56548 2.58459 2.60152 2.61636 2.62917 2.64006 2.64912 2.65643 2.66206 2.66609 2.66855 2.66948 2.66886 2.66669 2.66291 2.65747 2.6503 2.64128 2.63034 2.61736 2.60224 2.5849 2.56528 2.54333 2.51906 2.49251 2.46375 2.43293 2.40024 2.36592 2.33025 2.29356 2.2562 2.21857 2.18104 2.14401 2.10785 2.07292 2.03952 2.00792 1.97834 1.95095 1.92585 1.90309 1.88267 1.86455 1.84864 1.83483 1.82296 1.81289 1.80443 1.79742 1.79168 1.78704 1.78336 1.78049 1.77831 1.77671 1.7756 1.77491 1.77459 
1.76771 1.76805 1.76873 1.76978 1.77126 1.77324 1.77581 1.77909 1.78323 1.78837 1.7947 1.8024 1.81168 1.82271 1.83569 1.85079 1.86816 1.88789 1.91007 1.93471 1.96176 1.99113 2.02267 2.05614 2.09129 2.12778 2.16527 2.20337 2.24168 2.2798 2.31735 2.35396 2.38929 2.42306 2.45503 2.48499 2.51281 2.5384 2.56171 2.58274 2.60152 2.61812 2.63261 2.64509 2.65567 2.66444 2.67151 2.67696 2.68086 2.68325 2.68417 2.68362 2.68156 2.67797 2.67278 2.66589 2.65721 2.64662 2.63401 2.61927 2.6023 2.58301 2.56135 2.53731 2.51091 2.48222 2.45136 2.41852 2.38394 2.34789 2.3107 2.27274 2.23439 2.19606 2.15815 2.12105 2.08514 2.05073 2.01811 1.98753 1.95915 1.9331 1.90944 1.88819 1.8693 1.85269 1.83825 1.82582 1.81526 1.80638 1.799 1.79296 1.78807 1.78417 1.78113 1.77882 1.77711 1.77592 1.77517 1.77481 
1.76791 1.76825 1.76896 1.77006 1.77161 1.77368 1.77637 1.77982 1.78415 1.78955 1.79618 1.80424 1.81392 1.82544 1.83897 1.85469 1.87273 1.89321 1.91619 1.94168 1.96961 1.99989 2.03234 2.06673 2.10276 2.14009 2.17837 2.21718 2.25613 2.29479 2.33277 2.36971 2.40528 2.43917 2.47117 2.50107 2.52875 2.55414 2.57718 2.59791 2.61636 2.63261 2.64675 2.6589 2.66917 2.67767 2.68451 2.68977 2.69354 2.69587 2.69678 2.69628 2.69435 2.69094 2.68598 2.67937 2.67101 2.66077 2.64853 2.63417 2.61757 2.59863 2.57728 2.55349 2.52728 2.49869 2.46785 2.43493 2.40015 2.3638 2.3262 2.28773 2.24877 2.20974 2.17106 2.13313 2.09633 2.06102 2.02749 1.99599 1.96672 1.93981 1.91534 1.89332 1.87372 1.85646 1.84144 1.8285 1.81748 1.8082 1.80049 1.79416 1.78903 1.78494 1.78174 1.77929 1.77749 1.77622 1.77542 1.77503 
1.7681 1.76845 1.76917 1.77032 1.77193 1.77409 1.7769 1.78049 1.78501 1.79063 1.79754 1.80592 1.81599 1.82794 1.84197 1.85825 1.87691 1.89807 1.92176 1.94801 1.97673 2.00782 2.04108 2.07626 2.11307 2.15114 2.1901 2.22953 2.26901 2.30812 2.34647 2.38367 2.4194 2.45338 2.48536 2.51517 2.54269 2.56785 2.59063 2.61105 2.62917 2.64509 2.6589 2.67073 2.68071 2.68894 2.69556 2.70066 2.7043 2.70657 2.70747 2.70702 2.7052 2.70196 2.69721 2.69087 2.68281 2.67291 2.66103 2.64703 2.63078 2.61219 2.59115 2.56763 2.54162 2.51317 2.48238 2.44942 2.41451 2.37793 2.34 2.3011 2.26162 2.22199 2.18264 2.14398 2.10642 2.0703 2.03596 2.00365 1.97358 1.9459 1.92069 1.89798 1.87775 1.85991 1.84436 1.83095 1.81952 1.80988 1.80186 1.79527 1.78992 1.78565 1.7823 1.77974 1.77784 1.77651 1.77566 1.77524 
1.76827 1.76862 1.76937 1.77055 1.77222 1.77446 1.77738 1.7811 1.78579 1.79162 1.79876 1.80744 1.81785 1.83019 1.84466 1.86143 1.88064 1.90239 1.92672 1.95362 1.98304 2.01483 2.0488 2.08468 2.12215 2.16085 2.20039 2.24034 2.28027 2.31975 2.35839 2.3958 2.43165 2.46566 2.4976 2.52731 2.55466 2.5796 2.60212 2.62225 2.64006 2.65567 2.66917 2.68071 2.69041 2.69841 2.70482 2.70976 2.71329 2.7155 2.71639 2.71599 2.71427 2.71118 2.70663 2.70053 2.69275 2.68316 2.6716 2.65794 2.64203 2.62376 2.60302 2.57976 2.55395 2.52565 2.49494 2.46198 2.42698 2.39022 2.35203 2.31277 2.27287 2.23273 2.19281 2.15353 2.1153 2.0785 2.04345 2.01043 1.97967 1.95131 1.92546 1.90214 1.88134 1.86299 1.84697 1.83314 1.82134 1.81139 1.80309 1.79627 1.79072 1.78629 1.78281 1.78014 1.77816 1.77676 1.77587 1.77542 
1.76843 1.76878 1.76955 1.77076 1.77248 1.77479 1.7778 1.78164 1.78648 1.79248 1.79984 1.80877 1.81947 1.83215 1.84701 1.8642 1.88388 1.90613 1.931 1.95848 1.98848 2.02087 2.05543 2.09189 2.12992 2.16916 2.20918 2.24955 2.28985 2.32963 2.3685 2.40606 2.442 2.47602 2.50791 2.53751 2.5647 2.58943 2.61171 2.63158 2.64912 2.66444 2.67767 2.68894 2.69841 2.70619 2.71243 2.71722 2.72066 2.72281 2.7237 2.72334 2.72171 2.71875 2.71438 2.70849 2.70096 2.69163 2.68037 2.66701 2.65141 2.63342 2.61295 2.58993 2.56432 2.53616 2.50554 2.47259 2.43754 2.40065 2.36225 2.32271 2.28245 2.2419 2.20151 2.1617 2.12292 2.08553 2.04988 2.01627 1.98491 1.95598 1.92958 1.90574 1.88446 1.86566 1.84924 1.83505 1.82294 1.81271 1.80417 1.79714 1.79143 1.78685 1.78326 1.7805 1.77844 1.77699 1.77606 1.77559 
1.76856 1.76892 1.7697 1.77094 1.7727 1.77507 1.77816 1.7821 1.78706 1.79321 1.80075 1.80989 1.82084 1.8338 1.84897 1.86652 1.88658 1.90925 1.93456 1.96251 1.99299 2.02587 2.06091 2.09785 2.13634 2.176 2.2164 2.25712 2.29771 2.33773 2.37677 2.41445 2.45045 2.48447 2.51631 2.5458 2.57285 2.5974 2.61948 2.63912 2.65643 2.67151 2.68451 2.69556 2.70482 2.71243 2.71851 2.72319 2.72655 2.72865 2.72954 2.72921 2.72765 2.7248 2.72058 2.71487 2.70754 2.69845 2.68743 2.67433 2.65898 2.64124 2.621 2.59818 2.57275 2.54472 2.51418 2.48126 2.44617 2.40918 2.37062 2.33086 2.29032 2.24944 2.20866 2.16844 2.1292 2.09134 2.05521 2.02111 1.98927 1.95986 1.93301 1.90874 1.88706 1.86789 1.85114 1.83666 1.82428 1.81382 1.80508 1.79788 1.79202 1.78733 1.78364 1.7808 1.77868 1.77719 1.77622 1.77573 
1.76867 1.76903 1.76982 1.77109 1.77289 1.7753 1.77845 1.78247 1.78753 1.7938 1.80148 1.81079 1.82193 1.83511 1.85053 1.86835 1.88872 1.91171 1.93737 1.96567 1.99653 2.02978 2.0652 2.10251 2.14134 2.18133 2.22203 2.26302 2.30382 2.34402 2.3832 2.42096 2.457 2.49102 2.52281 2.55222 2.57915 2.60356 2.62547 2.64494 2.66206 2.67696 2.68977 2.70066 2.70976 2.71722 2.72319 2.72777 2.73107 2.73313 2.73402 2.73372 2.73222 2.72945 2.72534 2.71978 2.71261 2.7037 2.69288 2.67998 2.66483 2.64728 2.62723 2.60457 2.57928 2.55135 2.52087 2.48798 2.45286 2.41581 2.37713 2.3372 2.29645 2.25531 2.21424 2.1737 2.13411 2.09589 2.05938 2.0249 1.99268 1.96291 1.9357 1.91111 1.88911 1.86966 1.85265 1.83793 1.82534 1.8147 1.80581 1.79847 1.7925 1.78772 1.78395 1.78104 1.77888 1.77734 1.77636 1.77585 
1.76875 1.76912 1.76992 1.7712 1.77303 1.77548 1.77867 1.78275 1.78788 1.79423 1.80202 1.81144 1.82272 1.83607 1.85166 1.86968 1.89026 1.91349 1.93939 1.96795 1.99907 2.03258 2.06827 2.10582 2.14491 2.18512 2.22603 2.2672 2.30816 2.34849 2.38775 2.42558 2.46165 2.49567 2.52743 2.55678 2.58363 2.60795 2.62975 2.6491 2.66609 2.68086 2.69354 2.7043 2.71329 2.72066 2.72655 2.73107 2.73431 2.73636 2.73724 2.73696 2.7355 2.7328 2.72877 2.7233 2.71625 2.70747 2.69678 2.68402 2.66901 2.6516 2.63168 2.60913 2.58393 2.55607 2.52564 2.49275 2.45762 2.42051 2.38175 2.3417 2.3008 2.25948 2.21821 2.17744 2.13761 2.09913 2.06236 2.02761 1.99513 1.9651 1.93764 1.91281 1.8906 1.87094 1.85374 1.83886 1.82612 1.81535 1.80635 1.79891 1.79286 1.788 1.78417 1.78123 1.77903 1.77747 1.77646 1.77594 
1.76881 1.76917 1.76999 1.77128 1.77312 1.77559 1.77881 1.78293 1.7881 1.79451 1.80236 1.81186 1.82322 1.83665 1.85236 1.87049 1.89119 1.91455 1.9406 1.9693 2.00057 2.03424 2.07008 2.10778 2.147 2.18735 2.22838 2.26966 2.31072 2.35112 2.39044 2.42832 2.4644 2.49843 2.53018 2.55951 2.58633 2.6106 2.63234 2.65163 2.66855 2.68325 2.69587 2.70657 2.7155 2.72281 2.72865 2.73313 2.73636 2.73839 2.73927 2.739 2.73757 2.7349 2.73092 2.72551 2.71852 2.70981 2.6992 2.68651 2.67157 2.65424 2.63437 2.61188 2.58672 2.5589 2.52848 2.49559 2.46044 2.42329 2.38447 2.34435 2.30336 2.26193 2.22054 2.17964 2.13967 2.10104 2.06411 2.02921 1.99658 1.96641 1.93881 1.91384 1.89149 1.87172 1.85441 1.83943 1.82661 1.81575 1.80668 1.79919 1.79308 1.78819 1.78432 1.78135 1.77912 1.77755 1.77653 1.776 
