2.57806 2.57831 2.57856 2.5788 2.57905 2.57929 2.57952 2.57975 2.57998 2.5802 2.58041 2.58062 2.58084 2.58105 2.58126 2.58148 2.58171 2.58195 2.58221 2.58248 2.58277 2.58309 2.58343 2.5838 2.5842 2.58464 2.5851 2.5856 2.58613 2.58669 2.58728 2.5879 2.58854 2.5892 2.58987 2.59055 2.59124 2.59192 2.59259 2.59325 2.59388 2.59448 2.59504 2.59556 2.59603 2.59644 2.59678 2.59706 2.59727 2.59741 2.59747 2.59746 2.59738 2.59722 2.59698 2.59669 2.59632 2.5959 2.59542 2.5949 2.59434 2.59374 2.59311 2.59246 2.5918 2.59113 2.59046 2.5898 2.58915 2.58852 2.58791 2.58732 2.58677 2.58625 2.58576 2.58531 2.5849 2.58453 2.5842 2.58391 2.58366 2.58344 2.58327 2.58314 2.58304 2.58298 2.58295 2.58295 2.58299 2.58305 2.58315 2.58326 2.5834 2.58357 2.58375 2.58395 2.58416 2.58438 2.58462 2.58486 
2.57831 2.57855 2.5788 2.57905 2.57929 2.57953 2.57977 2.58 2.58022 2.58044 2.58066 2.58087 2.58108 2.58129 2.58151 2.58173 2.58196 2.5822 2.58246 2.58273 2.58303 2.58334 2.58369 2.58407 2.58447 2.58491 2.58538 2.58589 2.58642 2.58699 2.58759 2.58822 2.58887 2.58955 2.59023 2.59093 2.59163 2.59233 2.59301 2.59368 2.59433 2.59494 2.59551 2.59604 2.59652 2.59694 2.59729 2.59758 2.59779 2.59793 2.59799 2.59798 2.59789 2.59773 2.59749 2.59719 2.59682 2.59639 2.5959 2.59536 2.59479 2.59417 2.59353 2.59287 2.5922 2.59152 2.59083 2.59016 2.5895 2.58885 2.58823 2.58763 2.58707 2.58654 2.58604 2.58559 2.58517 2.58479 2.58446 2.58416 2.58391 2.5837 2.58352 2.58339 2.58329 2.58322 2.58319 2.5832 2.58323 2.5833 2.58339 2.58351 2.58365 2.58381 2.584 2.58419 2.58441 2.58463 2.58486 2.58511 
2.57856 2.5788 2.57905 2.5793 2.57954 2.57978 2.58002 2.58025 2.58048 2.5807 2.58092 2.58113 2.58135 2.58156 2.58179 2.58201 2.58225 2.58251 2.58277 2.58306 2.58337 2.58371 2.58408 2.58448 2.58491 2.58537 2.58588 2.58642 2.58699 2.5876 2.58824 2.58891 2.58961 2.59033 2.59106 2.5918 2.59255 2.5933 2.59403 2.59474 2.59543 2.59608 2.59669 2.59726 2.59776 2.59821 2.59858 2.59889 2.59912 2.59926 2.59933 2.59932 2.59922 2.59905 2.59879 2.59847 2.59807 2.59761 2.59709 2.59651 2.5959 2.59524 2.59456 2.59385 2.59313 2.5924 2.59168 2.59095 2.59025 2.58956 2.58889 2.58826 2.58765 2.58709 2.58656 2.58607 2.58563 2.58522 2.58486 2.58455 2.58427 2.58404 2.58385 2.5837 2.58359 2.58352 2.58348 2.58348 2.58351 2.58357 2.58365 2.58377 2.58391 2.58407 2.58425 2.58445 2.58466 2.58488 2.58511 2.58535 
2.5788 2.57905 2.5793 2.57955 2.57979 2.58003 2.58027 2.58051 2.58074 2.58096 2.58119 2.58141 2.58163 2.58186 2.5821 2.58234 2.5826 2.58287 2.58316 2.58348 2.58382 2.58419 2.5846 2.58504 2.58552 2.58604 2.5866 2.5872 2.58784 2.58852 2.58923 2.58998 2.59076 2.59155 2.59237 2.59319 2.59402 2.59485 2.59566 2.59645 2.59721 2.59794 2.59861 2.59923 2.59979 2.60028 2.6007 2.60103 2.60128 2.60144 2.60151 2.60149 2.60139 2.60119 2.60091 2.60054 2.6001 2.59959 2.59901 2.59838 2.59769 2.59696 2.59621 2.59542 2.59462 2.59381 2.593 2.5922 2.59142 2.59065 2.58991 2.5892 2.58853 2.5879 2.58731 2.58677 2.58627 2.58582 2.58541 2.58505 2.58474 2.58448 2.58426 2.58409 2.58395 2.58386 2.58381 2.58379 2.58381 2.58386 2.58393 2.58404 2.58417 2.58433 2.58451 2.5847 2.58491 2.58513 2.58536 2.5856 
2.57905 2.57929 2.57954 2.57979 2.58004 2.58028 2.58053 2.58077 2.581 2.58124 2.58147 2.5817 2.58194 2.58219 2.58244 2.58271 2.58299 2.5833 2.58363 2.58399 2.58438 2.5848 2.58527 2.58577 2.58633 2.58692 2.58757 2.58826 2.58899 2.58977 2.59059 2.59145 2.59234 2.59325 2.59419 2.59513 2.59608 2.59702 2.59795 2.59885 2.59971 2.60054 2.60131 2.60201 2.60264 2.6032 2.60367 2.60404 2.60432 2.6045 2.60458 2.60456 2.60443 2.60421 2.60388 2.60346 2.60296 2.60237 2.60171 2.60099 2.6002 2.59937 2.59851 2.59761 2.5967 2.59577 2.59485 2.59393 2.59303 2.59215 2.5913 2.59049 2.58972 2.58899 2.58831 2.58769 2.58711 2.58658 2.58611 2.5857 2.58533 2.58502 2.58476 2.58454 2.58438 2.58425 2.58417 2.58413 2.58413 2.58417 2.58423 2.58433 2.58445 2.5846 2.58477 2.58496 2.58516 2.58538 2.58561 2.58585 
2.57929 2.57953 2.57978 2.58003 2.58028 2.58053 2.58078 2.58103 2.58127 2.58152 2.58176 2.58202 2.58227 2.58254 2.58283 2.58313 2.58345 2.5838 2.58418 2.58459 2.58505 2.58554 2.58609 2.58669 2.58733 2.58804 2.58879 2.58961 2.59047 2.59139 2.59235 2.59335 2.59439 2.59546 2.59655 2.59766 2.59876 2.59986 2.60094 2.60198 2.60299 2.60394 2.60483 2.60564 2.60638 2.60702 2.60755 2.60799 2.60831 2.60851 2.6086 2.60857 2.60842 2.60815 2.60777 2.60728 2.60669 2.60601 2.60524 2.6044 2.60349 2.60252 2.60151 2.60047 2.5994 2.59832 2.59724 2.59617 2.59512 2.59409 2.5931 2.59215 2.59124 2.59039 2.58959 2.58885 2.58816 2.58754 2.58698 2.58649 2.58605 2.58567 2.58535 2.58508 2.58487 2.5847 2.58459 2.58452 2.58449 2.5845 2.58455 2.58462 2.58473 2.58487 2.58503 2.58521 2.58541 2.58563 2.58585 2.58609 
2.57952 2.57977 2.58002 2.58027 2.58053 2.58078 2.58104 2.58129 2.58155 2.58181 2.58207 2.58235 2.58263 2.58293 2.58325 2.58359 2.58397 2.58437 2.58482 2.58531 2.58585 2.58644 2.58709 2.5878 2.58857 2.58941 2.59031 2.59128 2.59231 2.5934 2.59454 2.59573 2.59697 2.59823 2.59952 2.60082 2.60213 2.60342 2.60468 2.60591 2.60709 2.60821 2.60925 2.6102 2.61106 2.6118 2.61243 2.61293 2.61331 2.61354 2.61364 2.6136 2.61341 2.6131 2.61265 2.61207 2.61138 2.61057 2.60967 2.60867 2.6076 2.60646 2.60527 2.60404 2.60279 2.60151 2.60024 2.59897 2.59773 2.59651 2.59533 2.5942 2.59313 2.59211 2.59116 2.59027 2.58946 2.58871 2.58804 2.58743 2.5869 2.58643 2.58604 2.5857 2.58543 2.58521 2.58505 2.58494 2.58488 2.58486 2.58488 2.58494 2.58503 2.58515 2.5853 2.58547 2.58566 2.58587 2.58609 2.58632 
2.57975 2.58 2.58025 2.58051 2.58077 2.58103 2.58129 2.58156 2.58183 2.58211 2.5824 2.5827 2.58302 2.58336 2.58372 2.58412 2.58456 2.58504 2.58557 2.58615 2.58679 2.5875 2.58828 2.58914 2.59006 2.59107 2.59215 2.59331 2.59455 2.59585 2.59722 2.59864 2.60011 2.60161 2.60315 2.60469 2.60624 2.60777 2.60926 2.61072 2.61211 2.61342 2.61465 2.61577 2.61677 2.61764 2.61838 2.61897 2.6194 2.61967 2.61978 2.61972 2.6195 2.61913 2.61859 2.61791 2.61709 2.61614 2.61507 2.61389 2.61262 2.61127 2.60986 2.6084 2.60691 2.6054 2.60389 2.60238 2.6009 2.59946 2.59805 2.5967 2.59542 2.5942 2.59306 2.59199 2.59101 2.59011 2.58929 2.58856 2.58791 2.58733 2.58684 2.58642 2.58607 2.58579 2.58557 2.5854 2.5853 2.58524 2.58523 2.58526 2.58533 2.58544 2.58557 2.58573 2.58591 2.58611 2.58633 2.58656 
2.57998 2.58022 2.58048 2.58074 2.581 2.58127 2.58155 2.58183 2.58212 2.58242 2.58274 2.58308 2.58344 2.58383 2.58425 2.58472 2.58523 2.5858 2.58643 2.58713 2.58791 2.58876 2.5897 2.59072 2.59184 2.59305 2.59436 2.59575 2.59723 2.59879 2.60042 2.60212 2.60388 2.60567 2.6075 2.60933 2.61117 2.61298 2.61475 2.61647 2.61811 2.61966 2.6211 2.62242 2.6236 2.62463 2.62549 2.62617 2.62667 2.62699 2.62711 2.62704 2.62678 2.62633 2.62569 2.62488 2.62391 2.62278 2.62151 2.62012 2.61862 2.61702 2.61535 2.61362 2.61185 2.61006 2.60826 2.60647 2.6047 2.60298 2.6013 2.59969 2.59815 2.59669 2.59532 2.59404 2.59286 2.59177 2.59078 2.58988 2.58909 2.58838 2.58777 2.58725 2.5868 2.58644 2.58615 2.58592 2.58576 2.58566 2.58561 2.58561 2.58565 2.58573 2.58585 2.58599 2.58616 2.58635 2.58656 2.58678 
2.5802 2.58044 2.5807 2.58096 2.58124 2.58152 2.58181 2.58211 2.58242 2.58276 2.58311 2.58349 2.5839 2.58435 2.58485 2.5854 2.58601 2.58668 2.58744 2.58828 2.58921 2.59023 2.59136 2.5926 2.59394 2.5954 2.59696 2.59863 2.60041 2.60227 2.60423 2.60625 2.60834 2.61048 2.61264 2.61482 2.61699 2.61913 2.62123 2.62326 2.62519 2.62702 2.62871 2.63026 2.63164 2.63284 2.63385 2.63465 2.63523 2.6356 2.63573 2.63564 2.63533 2.63479 2.63404 2.63309 2.63193 2.6306 2.62911 2.62746 2.62568 2.6238 2.62182 2.61977 2.61768 2.61555 2.61342 2.61129 2.60919 2.60714 2.60514 2.60322 2.60138 2.59963 2.59799 2.59645 2.59503 2.59371 2.59252 2.59143 2.59046 2.5896 2.58885 2.5882 2.58764 2.58718 2.5868 2.5865 2.58627 2.58612 2.58602 2.58598 2.58599 2.58604 2.58613 2.58625 2.58641 2.58659 2.58679 2.58701 
2.58041 2.58066 2.58092 2.58119 2.58147 2.58176 2.58207 2.5824 2.58274 2.58311 2.58351 2.58394 2.58441 2.58494 2.58552 2.58617 2.58689 2.5877 2.5886 2.58961 2.59072 2.59196 2.59331 2.5948 2.59641 2.59815 2.60002 2.60202 2.60413 2.60636 2.60868 2.61109 2.61357 2.6161 2.61866 2.62123 2.6238 2.62632 2.62879 2.63117 2.63344 2.63558 2.63757 2.63938 2.64099 2.64239 2.64357 2.6445 2.64517 2.64559 2.64575 2.64563 2.64526 2.64462 2.64374 2.64261 2.64126 2.63969 2.63793 2.63599 2.6339 2.63168 2.62935 2.62694 2.62446 2.62195 2.61943 2.61692 2.61443 2.61199 2.60963 2.60734 2.60515 2.60307 2.6011 2.59927 2.59756 2.59598 2.59454 2.59323 2.59206 2.59101 2.59009 2.58929 2.5886 2.58802 2.58753 2.58714 2.58684 2.58662 2.58646 2.58637 2.58634 2.58636 2.58642 2.58652 2.58666 2.58683 2.58702 2.58723 
2.58062 2.58087 2.58113 2.58141 2.5817 2.58202 2.58235 2.5827 2.58308 2.58349 2.58394 2.58443 2.58498 2.58559 2.58628 2.58704 2.58791 2.58887 2.58995 2.59115 2.59248 2.59396 2.59558 2.59735 2.59928 2.60135 2.60358 2.60596 2.60847 2.61111 2.61386 2.61671 2.61963 2.62261 2.62563 2.62865 2.63166 2.63462 2.63751 2.64029 2.64295 2.64545 2.64776 2.64987 2.65174 2.65337 2.65473 2.65581 2.65659 2.65707 2.65724 2.6571 2.65666 2.65591 2.65488 2.65356 2.65197 2.65014 2.64808 2.64581 2.64337 2.64076 2.63803 2.6352 2.6323 2.62935 2.62638 2.62342 2.62049 2.61761 2.61482 2.61211 2.60952 2.60705 2.60471 2.60253 2.60049 2.59861 2.59688 2.59531 2.5939 2.59263 2.59151 2.59053 2.58969 2.58897 2.58836 2.58787 2.58747 2.58717 2.58694 2.5868 2.58671 2.58669 2.58672 2.5868 2.58691 2.58706 2.58724 2.58745 
2.58084 2.58108 2.58135 2.58163 2.58194 2.58227 2.58263 2.58302 2.58344 2.5839 2.58441 2.58498 2.58562 2.58633 2.58714 2.58805 2.58907 2.59021 2.5915 2.59293 2.59452 2.59627 2.5982 2.60031 2.60259 2.60506 2.6077 2.6105 2.61347 2.61658 2.61982 2.62317 2.6266 2.6301 2.63363 2.63716 2.64067 2.64412 2.64748 2.65072 2.6538 2.6567 2.65938 2.66182 2.66399 2.66586 2.66743 2.66867 2.66957 2.67012 2.67031 2.67014 2.66962 2.66875 2.66754 2.66601 2.66416 2.66203 2.65964 2.657 2.65415 2.65112 2.64794 2.64464 2.64125 2.6378 2.63433 2.63087 2.62743 2.62406 2.62077 2.61759 2.61454 2.61162 2.60887 2.60628 2.60386 2.60163 2.59957 2.5977 2.59601 2.59449 2.59314 2.59196 2.59093 2.59005 2.5893 2.58868 2.58818 2.58778 2.58747 2.58726 2.58712 2.58705 2.58704 2.58708 2.58717 2.5873 2.58747 2.58766 
2.58105 2.58129 2.58156 2.58186 2.58219 2.58254 2.58293 2.58336 2.58383 2.58435 2.58494 2.58559 2.58633 2.58717 2.58812 2.58919 2.59039 2.59175 2.59327 2.59497 2.59685 2.59893 2.60121 2.6037 2.6064 2.60931 2.61241 2.61571 2.61919 2.62284 2.62663 2.63054 2.63455 2.63862 2.64272 2.64683 2.6509 2.65489 2.65878 2.66252 2.66608 2.66941 2.6725 2.67531 2.6778 2.67995 2.68175 2.68317 2.68419 2.68481 2.68503 2.68483 2.68422 2.68321 2.68181 2.68004 2.67791 2.67545 2.67268 2.66964 2.66634 2.66284 2.65916 2.65533 2.6514 2.6474 2.64336 2.63933 2.63533 2.6314 2.62756 2.62384 2.62026 2.61685 2.61361 2.61056 2.60772 2.60508 2.60265 2.60043 2.59842 2.59661 2.595 2.59358 2.59234 2.59127 2.59036 2.58959 2.58896 2.58845 2.58806 2.58776 2.58756 2.58743 2.58738 2.58738 2.58744 2.58755 2.5877 2.58788 
2.58126 2.58151 2.58179 2.5821 2.58244 2.58283 2.58325 2.58372 2.58425 2.58485 2.58552 2.58628 2.58714 2.58812 2.58923 2.59049 2.59191 2.59351 2.5953 2.5973 2.59952 2.60197 2.60465 2.60758 2.61075 2.61415 2.61778 2.62164 2.6257 2.62994 2.63435 2.63889 2.64353 2.64824 2.65299 2.65772 2.66241 2.66701 2.67148 2.67577 2.67985 2.68367 2.6872 2.6904 2.69325 2.6957 2.69775 2.69936 2.70052 2.70123 2.70146 2.70122 2.70052 2.69936 2.69776 2.69573 2.69328 2.69046 2.68728 2.68379 2.68001 2.67598 2.67174 2.66734 2.66281 2.65819 2.65353 2.64887 2.64424 2.63968 2.63523 2.63091 2.62674 2.62276 2.61899 2.61543 2.61209 2.609 2.60614 2.60353 2.60116 2.59902 2.59711 2.59542 2.59394 2.59265 2.59155 2.59062 2.58984 2.58921 2.58871 2.58832 2.58804 2.58785 2.58774 2.5877 2.58773 2.58781 2.58793 2.58811 
2.58148 2.58173 2.58201 2.58234 2.58271 2.58313 2.58359 2.58412 2.58472 2.5854 2.58617 2.58704 2.58805 2.58919 2.59049 2.59196 2.59363 2.5955 2.59761 2.59995 2.60256 2.60542 2.60856 2.61198 2.61567 2.61963 2.62386 2.62833 2.63304 2.63795 2.64303 2.64827 2.65362 2.65903 2.66448 2.66991 2.67527 2.68053 2.68563 2.69052 2.69516 2.69951 2.70352 2.70716 2.71038 2.71317 2.71548 2.7173 2.71861 2.7194 2.71965 2.71938 2.71858 2.71725 2.71542 2.71311 2.71033 2.70711 2.70349 2.69951 2.69519 2.69059 2.68575 2.68072 2.67553 2.67024 2.6649 2.65954 2.65422 2.64897 2.64384 2.63885 2.63403 2.62943 2.62504 2.62091 2.61703 2.61343 2.6101 2.60704 2.60426 2.60175 2.5995 2.5975 2.59574 2.59421 2.59289 2.59177 2.59083 2.59005 2.58943 2.58893 2.58856 2.5883 2.58813 2.58804 2.58802 2.58807 2.58818 2.58833 
2.58171 2.58196 2.58225 2.5826 2.58299 2.58345 2.58397 2.58456 2.58523 2.58601 2.58689 2.58791 2.58907 2.59039 2.59191 2.59363 2.59557 2.59776 2.60022 2.60296 2.60599 2.60932 2.61297 2.61694 2.62121 2.6258 2.63068 2.63584 2.64125 2.6469 2.65273 2.65873 2.66485 2.67103 2.67724 2.68342 2.68952 2.69549 2.70127 2.70681 2.71206 2.71698 2.7215 2.7256 2.72923 2.73236 2.73496 2.73701 2.73847 2.73935 2.73963 2.73932 2.7384 2.7369 2.73483 2.73221 2.72907 2.72543 2.72134 2.71682 2.71194 2.70672 2.70123 2.69551 2.68961 2.68359 2.6775 2.67139 2.66531 2.65931 2.65342 2.6477 2.64217 2.63687 2.63182 2.62705 2.62257 2.6184 2.61453 2.61098 2.60774 2.60481 2.60218 2.59984 2.59777 2.59596 2.5944 2.59306 2.59193 2.59099 2.59022 2.58961 2.58914 2.58879 2.58854 2.5884 2.58834 2.58835 2.58843 2.58857 
2.58195 2.5822 2.58251 2.58287 2.5833 2.5838 2.58437 2.58504 2.5858 2.58668 2.5877 2.58887 2.59021 2.59175 2.59351 2.5955 2.59776 2.60031 2.60316 2.60633 2.60984 2.6137 2.61791 2.62249 2.62741 2.63268 2.63828 2.64419 2.65039 2.65683 2.66349 2.67031 2.67726 2.68428 2.69131 2.6983 2.70519 2.71192 2.71843 2.72466 2.73056 2.73608 2.74115 2.74574 2.74981 2.7533 2.7562 2.75848 2.76012 2.76109 2.7614 2.76103 2.76 2.75832 2.75599 2.75305 2.74952 2.74543 2.74083 2.73576 2.73026 2.72439 2.7182 2.71174 2.70508 2.69828 2.69138 2.68445 2.67755 2.67073 2.66403 2.65751 2.6512 2.64514 2.63936 2.63388 2.62874 2.62393 2.61948 2.61538 2.61164 2.60824 2.60518 2.60246 2.60004 2.59792 2.59608 2.5945 2.59316 2.59204 2.59111 2.59036 2.58977 2.58932 2.589 2.58879 2.58868 2.58865 2.5887 2.58883 
2.58221 2.58246 2.58277 2.58316 2.58363 2.58418 2.58482 2.58557 2.58643 2.58744 2.5886 2.58995 2.5915 2.59327 2.5953 2.59761 2.60022 2.60316 2.60645 2.61011 2.61415 2.61858 2.62342 2.62866 2.63429 2.64031 2.6467 2.65343 2.66047 2.66778 2.67532 2.68303 2.69088 2.69878 2.7067 2.71455 2.72228 2.72982 2.73711 2.74407 2.75066 2.7568 2.76245 2.76756 2.77207 2.77596 2.77917 2.7817 2.7835 2.78458 2.78491 2.7845 2.78334 2.78146 2.77887 2.77559 2.77166 2.7671 2.76197 2.7563 2.75016 2.74359 2.73666 2.72942 2.72195 2.7143 2.70655 2.69874 2.69096 2.68325 2.67568 2.66829 2.66113 2.65425 2.64767 2.64144 2.63556 2.63007 2.62497 2.62027 2.61596 2.61205 2.60852 2.60537 2.60257 2.60011 2.59796 2.59611 2.59453 2.5932 2.59209 2.59119 2.59047 2.58991 2.5895 2.58922 2.58905 2.58897 2.58899 2.58909 
2.58248 2.58273 2.58306 2.58348 2.58399 2.58459 2.58531 2.58615 2.58713 2.58828 2.58961 2.59115 2.59293 2.59497 2.5973 2.59995 2.60296 2.60633 2.61011 2.6143 2.61892 2.62399 2.62951 2.63547 2.64188 2.64871 2.65595 2.66356 2.67151 2.67975 2.68824 2.69691 2.7057 2.71456 2.72341 2.73217 2.74079 2.74918 2.75728 2.76501 2.77231 2.77912 2.78537 2.79101 2.79599 2.80027 2.80382 2.8066 2.80858 2.80976 2.81011 2.80965 2.80837 2.80629 2.80342 2.79979 2.79543 2.79038 2.78469 2.77841 2.77159 2.76429 2.75658 2.74853 2.7402 2.73166 2.723 2.71427 2.70554 2.69689 2.68838 2.68006 2.672 2.66422 2.65679 2.64972 2.64306 2.63682 2.63102 2.62566 2.62074 2.61626 2.61222 2.60859 2.60537 2.60252 2.60004 2.59789 2.59604 2.59448 2.59317 2.5921 2.59124 2.59056 2.59005 2.58968 2.58944 2.58932 2.5893 2.58938 
2.58277 2.58303 2.58337 2.58382 2.58438 2.58505 2.58585 2.58679 2.58791 2.58921 2.59072 2.59248 2.59452 2.59685 2.59952 2.60256 2.60599 2.60984 2.61415 2.61892 2.62418 2.62994 2.63619 2.64295 2.65019 2.6579 2.66605 2.67461 2.68353 2.69276 2.70225 2.71192 2.72173 2.73158 2.74141 2.75113 2.76068 2.76996 2.7789 2.78742 2.79547 2.80295 2.80982 2.81601 2.82148 2.82617 2.83005 2.83309 2.83526 2.83654 2.83692 2.83641 2.835 2.8327 2.82955 2.82556 2.82077 2.81522 2.80896 2.80203 2.79451 2.78646 2.77794 2.76903 2.75981 2.75034 2.74071 2.73101 2.72129 2.71165 2.70214 2.69283 2.68379 2.67507 2.66671 2.65876 2.65125 2.6442 2.63764 2.63156 2.62598 2.62089 2.61628 2.61214 2.60845 2.60519 2.60233 2.59985 2.59771 2.59589 2.59437 2.59311 2.59208 2.59127 2.59064 2.59018 2.58987 2.58969 2.58964 2.58969 
2.58309 2.58334 2.58371 2.58419 2.5848 2.58554 2.58644 2.5875 2.58876 2.59023 2.59196 2.59396 2.59627 2.59893 2.60197 2.60542 2.60932 2.6137 2.61858 2.62399 2.62994 2.63644 2.64349 2.65109 2.65922 2.66787 2.67699 2.68655 2.6965 2.70678 2.71732 2.72806 2.73892 2.74982 2.76066 2.77138 2.78188 2.79208 2.80189 2.81124 2.82004 2.82822 2.83572 2.84248 2.84843 2.85354 2.85776 2.86106 2.86341 2.8648 2.86521 2.86464 2.8631 2.8606 2.85716 2.8528 2.84757 2.8415 2.83466 2.82708 2.81884 2.81001 2.80066 2.79087 2.78071 2.77028 2.75966 2.74893 2.73818 2.72748 2.71693 2.70658 2.69651 2.68678 2.67745 2.66855 2.66013 2.65222 2.64483 2.63799 2.63169 2.62594 2.62072 2.61602 2.61183 2.60811 2.60484 2.602 2.59954 2.59745 2.59568 2.59421 2.59301 2.59204 2.59129 2.59073 2.59034 2.5901 2.59 2.59002 
2.58343 2.58369 2.58408 2.5846 2.58527 2.58609 2.58709 2.58828 2.5897 2.59136 2.59331 2.59558 2.5982 2.60121 2.60465 2.60856 2.61297 2.61791 2.62342 2.62951 2.63619 2.64349 2.65139 2.65989 2.66898 2.67861 2.68876 2.69938 2.71041 2.72178 2.73343 2.74528 2.75723 2.7692 2.78111 2.79285 2.80433 2.81547 2.82617 2.83634 2.84591 2.8548 2.86294 2.87026 2.87671 2.88224 2.8868 2.89036 2.8929 2.8944 2.89483 2.89421 2.89254 2.88983 2.8861 2.88137 2.8757 2.86911 2.86168 2.85344 2.84447 2.83485 2.82465 2.81395 2.80284 2.79142 2.77977 2.76798 2.75615 2.74437 2.73272 2.72128 2.71013 2.69935 2.68898 2.67908 2.6697 2.66087 2.65261 2.64495 2.63788 2.63141 2.62554 2.62024 2.6155 2.61129 2.60758 2.60434 2.60154 2.59914 2.59711 2.59541 2.59402 2.59289 2.592 2.59133 2.59085 2.59054 2.59039 2.59038 
2.5838 2.58407 2.58448 2.58504 2.58577 2.58669 2.5878 2.58914 2.59072 2.5926 2.5948 2.59735 2.60031 2.6037 2.60758 2.61198 2.61694 2.62249 2.62866 2.63547 2.64295 2.65109 2.65989 2.66935 2.67943 2.69011 2.70134 2.71306 2.72522 2.73773 2.75052 2.7635 2.77658 2.78967 2.80265 2.81543 2.82791 2.84 2.8516 2.86261 2.87296 2.88255 2.89133 2.89921 2.90616 2.9121 2.917 2.92083 2.92355 2.92515 2.92562 2.92494 2.92314 2.92022 2.9162 2.91111 2.905 2.8979 2.88987 2.88097 2.87127 2.86085 2.84979 2.83818 2.8261 2.81366 2.80096 2.78809 2.77515 2.76224 2.74946 2.73689 2.72462 2.71273 2.70128 2.69033 2.67993 2.67013 2.66095 2.65242 2.64454 2.63731 2.63074 2.6248 2.61947 2.61473 2.61055 2.60689 2.60371 2.60098 2.59867 2.59672 2.59511 2.59381 2.59277 2.59198 2.5914 2.59102 2.59081 2.59077 
2.5842 2.58447 2.58491 2.58552 2.58633 2.58733 2.58857 2.59006 2.59184 2.59394 2.59641 2.59928 2.60259 2.6064 2.61075 2.61567 2.62121 2.62741 2.63429 2.64188 2.65019 2.65922 2.66898 2.67943 2.69056 2.70233 2.71467 2.72754 2.74087 2.75455 2.76852 2.78267 2.7969 2.81111 2.82518 2.83902 2.85251 2.86555 2.87804 2.88989 2.90101 2.91131 2.92071 2.92916 2.93658 2.94293 2.94817 2.95225 2.95516 2.95686 2.95735 2.95663 2.9547 2.95158 2.94728 2.94184 2.93529 2.92768 2.91907 2.90951 2.89909 2.88787 2.87595 2.86342 2.85037 2.8369 2.82313 2.80916 2.79509 2.78103 2.76709 2.75335 2.73992 2.72688 2.71431 2.70226 2.69081 2.67999 2.66985 2.6604 2.65166 2.64363 2.63631 2.62969 2.62374 2.61843 2.61374 2.60963 2.60605 2.60297 2.60035 2.59814 2.5963 2.5948 2.59361 2.59268 2.592 2.59153 2.59127 2.59119 
2.58464 2.58491 2.58537 2.58604 2.58692 2.58804 2.58941 2.59107 2.59305 2.5954 2.59815 2.60135 2.60506 2.60931 2.61415 2.61963 2.6258 2.63268 2.64031 2.64871 2.6579 2.66787 2.67861 2.69011 2.70233 2.71522 2.72872 2.74277 2.75729 2.77218 2.78734 2.80267 2.81807 2.83341 2.84858 2.86347 2.87797 2.89196 2.90534 2.91802 2.92989 2.94087 2.9509 2.95989 2.96778 2.97453 2.98009 2.98442 2.9875 2.98931 2.98983 2.98906 2.98701 2.98369 2.97912 2.97334 2.96637 2.95826 2.94908 2.93888 2.92774 2.91574 2.90297 2.88953 2.8755 2.86102 2.84617 2.83109 2.81588 2.80065 2.78552 2.77059 2.75598 2.74176 2.72802 2.71485 2.70229 2.69042 2.67927 2.66886 2.65922 2.65035 2.64225 2.6349 2.62829 2.62239 2.61716 2.61257 2.60856 2.6051 2.60215 2.59966 2.59758 2.59587 2.5945 2.59343 2.59264 2.59209 2.59176 2.59164 
2.5851 2.58538 2.58588 2.5866 2.58757 2.58879 2.59031 2.59215 2.59436 2.59696 2.60002 2.60358 2.6077 2.61241 2.61778 2.62386 2.63068 2.63828 2.6467 2.65595 2.66605 2.67699 2.68876 2.70134 2.71467 2.72872 2.74341 2.75867 2.7744 2.79051 2.80688 2.82341 2.83997 2.85644 2.87271 2.88865 2.90414 2.91906 2.93331 2.94679 2.9594 2.97106 2.98167 2.99119 2.99954 3.00667 3.01254 3.01711 3.02036 3.02226 3.02281 3.022 3.01984 3.01633 3.01151 3.00539 2.99802 2.98944 2.97971 2.96889 2.95705 2.94429 2.93069 2.91634 2.90136 2.88586 2.86994 2.85375 2.83739 2.82099 2.80466 2.78853 2.7727 2.75728 2.74235 2.72802 2.71434 2.70137 2.68917 2.67777 2.66719 2.65744 2.64853 2.64043 2.63313 2.6266 2.6208 2.61569 2.61124 2.60738 2.60408 2.60128 2.59894 2.59702 2.59546 2.59424 2.59333 2.59268 2.59229 2.59213 
2.5856 2.58589 2.58642 2.5872 2.58826 2.58961 2.59128 2.59331 2.59575 2.59863 2.60202 2.60596 2.6105 2.61571 2.62164 2.62833 2.63584 2.64419 2.65343 2.66356 2.67461 2.68655 2.69938 2.71306 2.72754 2.74277 2.75867 2.77515 2.7921 2.80943 2.82702 2.84474 2.86246 2.88006 2.89741 2.91437 2.93083 2.94667 2.96176 2.97602 2.98934 3.00163 3.01282 3.02284 3.03161 3.03911 3.04527 3.05007 3.05347 3.05547 3.05605 3.0552 3.05293 3.04926 3.04419 3.03776 3.03001 3.02098 3.01073 2.99932 2.98682 2.97331 2.9589 2.94368 2.92776 2.91126 2.8943 2.877 2.8595 2.84192 2.8244 2.80705 2.79 2.77336 2.75723 2.74171 2.72687 2.71279 2.69952 2.68709 2.67554 2.66489 2.65512 2.64624 2.63822 2.63103 2.62464 2.619 2.61407 2.60979 2.60612 2.60301 2.60039 2.59823 2.59648 2.5951 2.59406 2.59331 2.59285 2.59264 
2.58613 2.58642 2.58699 2.58784 2.58899 2.59047 2.59231 2.59455 2.59723 2.60041 2.60413 2.60847 2.61347 2.61919 2.6257 2.63304 2.64125 2.65039 2.66047 2.67151 2.68353 2.6965 2.71041 2.72522 2.74087 2.75729 2.7744 2.7921 2.81029 2.82884 2.84764 2.86653 2.8854 2.90411 2.92251 2.94047 2.95787 2.97458 2.99049 3.00549 3.01949 3.03239 3.04411 3.05459 3.06378 3.07161 3.07804 3.08305 3.08661 3.08869 3.0893 3.08842 3.08605 3.08222 3.07693 3.07022 3.06212 3.05267 3.04192 3.02995 3.01682 3.00261 2.98743 2.97136 2.95454 2.93706 2.91907 2.9007 2.88207 2.86333 2.84461 2.82605 2.80778 2.78992 2.77257 2.75585 2.73984 2.72462 2.71025 2.69678 2.68424 2.67265 2.66201 2.65231 2.64355 2.63568 2.62867 2.62248 2.61705 2.61233 2.60828 2.60483 2.60192 2.59952 2.59756 2.59602 2.59484 2.59399 2.59345 2.5932 
2.58669 2.58699 2.5876 2.58852 2.58977 2.59139 2.5934 2.59585 2.59879 2.60227 2.60636 2.61111 2.61658 2.62284 2.62994 2.63795 2.6469 2.65683 2.66778 2.67975 2.69276 2.70678 2.72178 2.73773 2.75455 2.77218 2.79051 2.80943 2.82884 2.84861 2.86859 2.88864 2.90863 2.92841 2.94783 2.96676 2.98506 3.00261 3.01929 3.03499 3.04962 3.06309 3.07531 3.08623 3.09578 3.10392 3.11061 3.11581 3.11951 3.12168 3.12231 3.1214 3.11895 3.11498 3.10949 3.10252 3.0941 3.08426 3.07306 3.06057 3.04684 3.03198 3.01606 2.99919 2.98149 2.96309 2.9441 2.92467 2.90494 2.88506 2.86517 2.84541 2.82593 2.80684 2.78828 2.77036 2.75317 2.7368 2.72132 2.70678 2.69323 2.68068 2.66914 2.65862 2.64909 2.64052 2.63287 2.6261 2.62016 2.61499 2.61053 2.60673 2.60353 2.60087 2.5987 2.59698 2.59565 2.5947 2.59408 2.59378 
2.58728 2.58759 2.58824 2.58923 2.59059 2.59235 2.59454 2.59722 2.60042 2.60423 2.60868 2.61386 2.61982 2.62663 2.63435 2.64303 2.65273 2.66349 2.67532 2.68824 2.70225 2.71732 2.73343 2.75052 2.76852 2.78734 2.80688 2.82702 2.84764 2.86859 2.88973 2.91092 2.93199 2.9528 2.9732 2.99305 3.01221 3.03055 3.04795 3.06431 3.07953 3.09351 3.1062 3.11751 3.1274 3.13582 3.14274 3.14812 3.15194 3.15418 3.15484 3.15391 3.15139 3.14729 3.14163 3.13443 3.12571 3.11553 3.10392 3.09094 3.07668 3.06119 3.04459 3.02697 3.00844 2.98914 2.9692 2.94876 2.92797 2.90698 2.88594 2.865 2.84431 2.82402 2.80425 2.78513 2.76676 2.74924 2.73264 2.71703 2.70245 2.68894 2.67649 2.66512 2.6548 2.64552 2.63722 2.62986 2.62339 2.61775 2.61288 2.60872 2.60521 2.60228 2.59989 2.59798 2.59651 2.59544 2.59475 2.5944 
2.5879 2.58822 2.58891 2.58998 2.59145 2.59335 2.59573 2.59864 2.60212 2.60625 2.61109 2.61671 2.62317 2.63054 2.63889 2.64827 2.65873 2.67031 2.68303 2.69691 2.71192 2.72806 2.74528 2.7635 2.78267 2.80267 2.82341 2.84474 2.86653 2.88864 2.91092 2.93319 2.95531 2.97711 2.99844 3.01916 3.03912 3.0582 3.07627 3.09323 3.10898 3.12345 3.13654 3.14821 3.15841 3.16708 3.1742 3.17973 3.18366 3.18597 3.18666 3.18571 3.18313 3.17893 3.17312 3.16571 3.15675 3.14625 3.13428 3.12087 3.1061 3.09006 3.07282 3.05449 3.0352 3.01506 2.99421 2.9728 2.95099 2.92892 2.90677 2.88468 2.86282 2.84134 2.82038 2.80007 2.78053 2.76186 2.74414 2.72746 2.71185 2.69736 2.684 2.67177 2.66066 2.65065 2.64168 2.63372 2.62671 2.6206 2.6153 2.61077 2.60694 2.60374 2.60112 2.59902 2.5974 2.59622 2.59544 2.59504 
2.58854 2.58887 2.58961 2.59076 2.59234 2.59439 2.59697 2.60011 2.60388 2.60834 2.61357 2.61963 2.6266 2.63455 2.64353 2.65362 2.66485 2.67726 2.69088 2.7057 2.72173 2.73892 2.75723 2.77658 2.7969 2.81807 2.83997 2.86246 2.8854 2.90863 2.93199 2.95531 2.97841 3.00115 3.02336 3.04489 3.0656 3.08536 3.10405 3.12155 3.13779 3.15268 3.16614 3.17813 3.18859 3.19748 3.20477 3.21044 3.21446 3.21684 3.21755 3.21659 3.21397 3.20968 3.20374 3.19617 3.18699 3.17622 3.16392 3.15014 3.13493 3.11837 3.10055 3.08158 3.06157 3.04064 3.01894 2.99662 2.97383 2.95074 2.92751 2.90431 2.88132 2.85868 2.83655 2.81507 2.79438 2.77457 2.75575 2.738 2.72137 2.7059 2.69162 2.67854 2.66663 2.65588 2.64624 2.63767 2.63012 2.62351 2.61779 2.61288 2.60872 2.60525 2.60239 2.6001 2.59832 2.59702 2.59616 2.5957 
2.5892 2.58955 2.59033 2.59155 2.59325 2.59546 2.59823 2.60161 2.60567 2.61048 2.6161 2.62261 2.6301 2.63862 2.64824 2.65903 2.67103 2.68428 2.69878 2.71456 2.73158 2.74982 2.7692 2.78967 2.81111 2.83341 2.85644 2.88006 2.90411 2.92841 2.9528 2.97711 3.00115 3.02477 3.0478 3.07008 3.09148 3.11185 3.13109 3.14909 3.16576 3.18102 3.1948 3.20706 3.21774 3.22682 3.23426 3.24004 3.24415 3.24658 3.24731 3.24635 3.2437 3.23934 3.23331 3.2256 3.21623 3.20525 3.19267 3.17855 3.16295 3.14594 3.1276 3.10804 3.08737 3.06572 3.04323 3.02005 2.99634 2.97227 2.94802 2.92376 2.89967 2.87591 2.85265 2.83004 2.80821 2.78729 2.76738 2.74857 2.73093 2.7145 2.6993 2.68536 2.67265 2.66116 2.65085 2.64167 2.63357 2.62647 2.62032 2.61503 2.61054 2.60678 2.60369 2.6012 2.59927 2.59784 2.59689 2.59639 
2.58987 2.59023 2.59106 2.59237 2.59419 2.59655 2.59952 2.60315 2.6075 2.61264 2.61866 2.62563 2.63363 2.64272 2.65299 2.66448 2.67724 2.69131 2.7067 2.72341 2.74141 2.76066 2.78111 2.80265 2.82518 2.84858 2.87271 2.89741 2.92251 2.94783 2.9732 2.99844 3.02336 3.0478 3.07158 3.09455 3.11657 3.1375 3.15724 3.17567 3.19271 3.20829 3.22235 3.23483 3.24571 3.25493 3.2625 3.26837 3.27255 3.27503 3.27579 3.27483 3.27215 3.26775 3.26164 3.25382 3.24431 3.23314 3.22033 3.20593 3.19 3.17259 3.15379 3.13371 3.11244 3.09013 3.0669 3.04293 3.01836 2.99337 2.96815 2.94288 2.91774 2.89291 2.86855 2.84484 2.82192 2.79991 2.77894 2.7591 2.74046 2.72307 2.70698 2.69219 2.67869 2.66647 2.65549 2.6457 2.63705 2.62946 2.62287 2.6172 2.61238 2.60834 2.605 2.60232 2.60023 2.59868 2.59764 2.59709 
2.59055 2.59093 2.5918 2.59319 2.59513 2.59766 2.60082 2.60469 2.60933 2.61482 2.62123 2.62865 2.63716 2.64683 2.65772 2.66991 2.68342 2.6983 2.71455 2.73217 2.75113 2.77138 2.79285 2.81543 2.83902 2.86347 2.88865 2.91437 2.94047 2.96676 2.99305 3.01916 3.04489 3.07008 3.09455 3.11815 3.14072 3.16215 3.18232 3.20113 3.21849 3.23434 3.24863 3.2613 3.27232 3.28167 3.28933 3.29528 3.29952 3.30203 3.30281 3.30186 3.29917 3.29474 3.28858 3.28068 3.27107 3.25975 3.24676 3.23213 3.21591 3.19816 3.17896 3.15841 3.13662 3.1137 3.08981 3.0651 3.03974 3.0139 2.98777 2.96154 2.93541 2.90955 2.88415 2.85938 2.8354 2.81235 2.79034 2.7695 2.74989 2.73157 2.71459 2.69897 2.68469 2.67175 2.66011 2.64972 2.64052 2.63245 2.62542 2.61937 2.61422 2.6099 2.60633 2.60345 2.6012 2.59953 2.5984 2.59779 
2.59124 2.59163 2.59255 2.59402 2.59608 2.59876 2.60213 2.60624 2.61117 2.61699 2.6238 2.63166 2.64067 2.6509 2.66241 2.67527 2.68952 2.70519 2.72228 2.74079 2.76068 2.78188 2.80433 2.82791 2.85251 2.87797 2.90414 2.93083 2.95787 2.98506 3.01221 3.03912 3.0656 3.09148 3.11657 3.14072 3.1638 3.18566 3.2062 3.22533 3.24296 3.25903 3.2735 3.28631 3.29746 3.3069 3.31463 3.32064 3.32492 3.32746 3.32827 3.32733 3.32464 3.3202 3.314 3.30606 3.29637 3.28494 3.27181 3.25699 3.24054 3.22251 3.20297 3.18202 3.15975 3.1363 3.11181 3.08643 3.06033 3.0337 3.00673 2.97961 2.95254 2.92571 2.89932 2.87355 2.84856 2.8245 2.8015 2.77969 2.75913 2.73992 2.72208 2.70564 2.69061 2.67697 2.66468 2.6537 2.64396 2.63541 2.62796 2.62154 2.61606 2.61146 2.60765 2.60457 2.60217 2.60038 2.59917 2.5985 
2.59192 2.59233 2.5933 2.59485 2.59702 2.59986 2.60342 2.60777 2.61298 2.61913 2.62632 2.63462 2.64412 2.65489 2.66701 2.68053 2.69549 2.71192 2.72982 2.74918 2.76996 2.79208 2.81547 2.84 2.86555 2.89196 2.91906 2.94667 2.97458 3.00261 3.03055 3.0582 3.08536 3.11185 3.1375 3.16215 3.18566 3.2079 3.22876 3.24815 3.266 3.28225 3.29685 3.30978 3.32101 3.33052 3.3383 3.34435 3.34866 3.35123 3.35206 3.35113 3.34845 3.34401 3.33781 3.32984 3.3201 3.30861 3.29537 3.28041 3.26377 3.24551 3.22568 3.20438 3.18171 3.15779 3.13276 3.10678 3.08002 3.05266 3.02491 2.99696 2.96901 2.94128 2.91396 2.88723 2.86128 2.83627 2.81233 2.78958 2.76813 2.74805 2.72938 2.71216 2.6964 2.68207 2.66915 2.6576 2.64734 2.63832 2.63045 2.62366 2.61787 2.61299 2.60895 2.60569 2.60313 2.60122 2.59992 2.59921 
2.59259 2.59301 2.59403 2.59566 2.59795 2.60094 2.60468 2.60926 2.61475 2.62123 2.62879 2.63751 2.64748 2.65878 2.67148 2.68563 2.70127 2.71843 2.73711 2.75728 2.7789 2.80189 2.82617 2.8516 2.87804 2.90534 2.93331 2.96176 2.99049 3.01929 3.04795 3.07627 3.10405 3.13109 3.15724 3.18232 3.2062 3.22876 3.24988 3.26949 3.28751 3.3039 3.31861 3.33161 3.3429 3.35245 3.36026 3.36634 3.37067 3.37326 3.3741 3.3732 3.37054 3.36611 3.35991 3.35194 3.34218 3.33065 3.31734 3.30228 3.28551 3.26706 3.24699 3.2254 3.20238 3.17805 3.15254 3.12602 3.09866 3.07065 3.04218 3.01347 2.98472 2.95614 2.92795 2.90033 2.87348 2.84756 2.82273 2.7991 2.7768 2.75589 2.73643 2.71847 2.702 2.68702 2.67349 2.66138 2.65063 2.64115 2.63289 2.62574 2.61964 2.6145 2.61023 2.60678 2.60407 2.60204 2.60067 2.5999 
2.59325 2.59368 2.59474 2.59645 2.59885 2.60198 2.60591 2.61072 2.61647 2.62326 2.63117 2.64029 2.65072 2.66252 2.67577 2.69052 2.70681 2.72466 2.74407 2.76501 2.78742 2.81124 2.83634 2.86261 2.88989 2.91802 2.94679 2.97602 3.00549 3.03499 3.06431 3.09323 3.12155 3.14909 3.17567 3.20113 3.22533 3.24815 3.26949 3.28927 3.30743 3.32391 3.33869 3.35175 3.36306 3.37263 3.38046 3.38655 3.39089 3.3935 3.39436 3.39348 3.39084 3.38644 3.38026 3.3723 3.36255 3.351 3.33765 3.32253 3.30565 3.28706 3.26681 3.24498 3.22166 3.19697 3.17105 3.14406 3.11616 3.08756 3.05844 3.02903 2.99954 2.97019 2.94119 2.91275 2.88506 2.8583 2.83263 2.80818 2.78506 2.76337 2.74317 2.7245 2.70736 2.69176 2.67766 2.66502 2.65379 2.64388 2.63523 2.62775 2.62135 2.61595 2.61147 2.60784 2.60498 2.60285 2.60139 2.60058 
2.59388 2.59433 2.59543 2.59721 2.59971 2.60299 2.60709 2.61211 2.61811 2.62519 2.63344 2.64295 2.6538 2.66608 2.67985 2.69516 2.71206 2.73056 2.75066 2.77231 2.79547 2.82004 2.84591 2.87296 2.90101 2.92989 2.9594 2.98934 3.01949 3.04962 3.07953 3.10898 3.13779 3.16576 3.19271 3.21849 3.24296 3.266 3.28751 3.30743 3.32568 3.34223 3.35706 3.37013 3.38146 3.39104 3.39887 3.40495 3.4093 3.41192 3.4128 3.41193 3.40933 3.40496 3.39881 3.39088 3.38115 3.36961 3.35625 3.34109 3.32415 3.30545 3.28505 3.26302 3.23946 3.21447 3.1882 3.16079 3.13242 3.10328 3.07359 3.04355 3.01339 2.98333 2.95359 2.92439 2.89593 2.86839 2.84194 2.81672 2.79286 2.77044 2.74954 2.73021 2.71244 2.69626 2.68162 2.66848 2.65679 2.64648 2.63746 2.62966 2.62298 2.61734 2.61265 2.60885 2.60586 2.60362 2.60209 2.60123 
2.59448 2.59494 2.59608 2.59794 2.60054 2.60394 2.60821 2.61342 2.61966 2.62702 2.63558 2.64545 2.6567 2.66941 2.68367 2.69951 2.71698 2.73608 2.7568 2.77912 2.80295 2.82822 2.8548 2.88255 2.91131 2.94087 2.97106 3.00163 3.03239 3.06309 3.09351 3.12345 3.15268 3.18102 3.20829 3.23434 3.25903 3.28225 3.3039 3.32391 3.34223 3.35883 3.37367 3.38675 3.39808 3.40764 3.41546 3.42154 3.42589 3.42851 3.4294 3.42857 3.42599 3.42166 3.41556 3.40766 3.39797 3.38645 3.3731 3.35793 3.34095 3.32217 3.30166 3.27948 3.25572 3.23047 3.20389 3.17612 3.14734 3.11774 3.08753 3.05693 3.02617 2.99547 2.96507 2.93518 2.90601 2.87776 2.85059 2.82467 2.80012 2.77703 2.75549 2.73554 2.7172 2.70047 2.68532 2.67173 2.65961 2.64892 2.63956 2.63146 2.62451 2.61865 2.61377 2.60981 2.60669 2.60435 2.60275 2.60185 
2.59504 2.59551 2.59669 2.59861 2.60131 2.60483 2.60925 2.61465 2.6211 2.62871 2.63757 2.64776 2.65938 2.6725 2.6872 2.70352 2.7215 2.74115 2.76245 2.78537 2.80982 2.83572 2.86294 2.89133 2.92071 2.9509 2.98167 3.01282 3.04411 3.07531 3.1062 3.13654 3.16614 3.1948 3.22235 3.24863 3.2735 3.29685 3.31861 3.33869 3.35706 3.37367 3.38852 3.40159 3.4129 3.42244 3.43024 3.43631 3.44065 3.44327 3.44418 3.44337 3.44083 3.43654 3.43048 3.42264 3.41298 3.4015 3.38818 3.37301 3.35601 3.33719 3.3166 3.2943 3.27037 3.24492 3.21807 3.19 3.16086 3.13085 3.10019 3.06909 3.0378 3.00653 2.97553 2.94502 2.91522 2.88633 2.85852 2.83196 2.80678 2.78309 2.76096 2.74044 2.72157 2.70435 2.68874 2.67472 2.66222 2.65118 2.64151 2.63313 2.62594 2.61986 2.61481 2.6107 2.60746 2.60503 2.60337 2.60243 
2.59556 2.59604 2.59726 2.59923 2.60201 2.60564 2.6102 2.61577 2.62242 2.63026 2.63938 2.64987 2.66182 2.67531 2.6904 2.70716 2.7256 2.74574 2.76756 2.79101 2.81601 2.84248 2.87026 2.89921 2.92916 2.95989 2.99119 3.02284 3.05459 3.08623 3.11751 3.14821 3.17813 3.20706 3.23483 3.2613 3.28631 3.30978 3.33161 3.35175 3.37013 3.38675 3.40159 3.41464 3.42593 3.43545 3.44322 3.44927 3.45361 3.45623 3.45715 3.45636 3.45385 3.4496 3.4436 3.4358 3.4262 3.41476 3.40147 3.38632 3.36932 3.35047 3.32982 3.30743 3.28337 3.25774 3.23069 3.20235 3.17291 3.14255 3.1115 3.07997 3.0482 3.01644 2.98491 2.95386 2.9235 2.89403 2.86566 2.83853 2.81279 2.78855 2.7659 2.74488 2.72554 2.70786 2.69184 2.67744 2.66459 2.65323 2.64328 2.63465 2.62724 2.62098 2.61576 2.61152 2.60817 2.60566 2.60393 2.60296 
2.59603 2.59652 2.59776 2.59979 2.60264 2.60638 2.61106 2.61677 2.6236 2.63164 2.64099 2.65174 2.66399 2.6778 2.69325 2.71038 2.72923 2.74981 2.77207 2.79599 2.82148 2.84843 2.87671 2.90616 2.93658 2.96778 2.99954 3.03161 3.06378 3.09578 3.1274 3.15841 3.18859 3.21774 3.24571 3.27232 3.29746 3.32101 3.3429 3.36306 3.38146 3.39808 3.4129 3.42593 3.43718 3.44667 3.45442 3.46045 3.46478 3.4674 3.46833 3.46757 3.46509 3.46088 3.45492 3.44717 3.43762 3.42623 3.41298 3.39786 3.38086 3.362 3.34131 3.31884 3.29468 3.26892 3.24168 3.21313 3.18343 3.15278 3.12139 3.08949 3.05733 3.02513 2.99315 2.96163 2.93078 2.90082 2.87195 2.84432 2.81809 2.79338 2.77026 2.74881 2.72904 2.71098 2.6946 2.67986 2.6667 2.65506 2.64486 2.636 2.62841 2.62197 2.61661 2.61225 2.60881 2.60622 2.60444 2.60344 
2.59644 2.59694 2.59821 2.60028 2.6032 2.60702 2.6118 2.61764 2.62463 2.63284 2.64239 2.65337 2.66586 2.67995 2.6957 2.71317 2.73236 2.7533 2.77596 2.80027 2.82617 2.85354 2.88224 2.9121 2.94293 2.97453 3.00667 3.03911 3.07161 3.10392 3.13582 3.16708 3.19748 3.22682 3.25493 3.28167 3.3069 3.33052 3.35245 3.37263 3.39104 3.40764 3.42244 3.43545 3.44667 3.45614 3.46387 3.46988 3.47419 3.47682 3.47776 3.47701 3.47456 3.47039 3.46447 3.45677 3.44726 3.43592 3.4227 3.40761 3.39062 3.37176 3.35104 3.32852 3.30428 3.27841 3.25103 3.2223 3.19238 3.16149 3.12982 3.09762 3.06511 3.03256 3.0002 2.96827 2.93701 2.90663 2.87734 2.84929 2.82265 2.79753 2.77402 2.75219 2.73207 2.71367 2.69697 2.68194 2.66852 2.65665 2.64623 2.63718 2.62941 2.62284 2.61735 2.61289 2.60936 2.60671 2.60489 2.60386 
2.59678 2.59729 2.59858 2.6007 2.60367 2.60755 2.61243 2.61838 2.62549 2.63385 2.64357 2.65473 2.66743 2.68175 2.69775 2.71548 2.73496 2.7562 2.77917 2.80382 2.83005 2.85776 2.8868 2.917 2.94817 2.98009 3.01254 3.04527 3.07804 3.11061 3.14274 3.1742 3.20477 3.23426 3.2625 3.28933 3.31463 3.3383 3.36026 3.38046 3.39887 3.41546 3.43024 3.44322 3.45442 3.46387 3.47157 3.47757 3.48188 3.4845 3.48545 3.48472 3.48229 3.47815 3.47227 3.46461 3.45514 3.44384 3.43066 3.41558 3.39861 3.37974 3.35901 3.33645 3.31214 3.28618 3.25869 3.22982 3.19973 3.16864 3.13675 3.10429 3.07152 3.03867 3.006 2.97374 2.94215 2.91143 2.88179 2.8534 2.82642 2.80096 2.77713 2.75499 2.73458 2.7159 2.69895 2.68368 2.67004 2.65797 2.64737 2.63817 2.63026 2.62356 2.61798 2.61343 2.60983 2.60713 2.60527 2.60422 
2.59706 2.59758 2.59889 2.60103 2.60404 2.60799 2.61293 2.61897 2.62617 2.63465 2.6445 2.65581 2.66867 2.68317 2.69936 2.7173 2.73701 2.75848 2.7817 2.8066 2.83309 2.86106 2.89036 2.92083 2.95225 2.98442 3.01711 3.05007 3.08305 3.11581 3.14812 3.17973 3.21044 3.24004 3.26837 3.29528 3.32064 3.34435 3.36634 3.38655 3.40495 3.42154 3.43631 3.44927 3.46045 3.46988 3.47757 3.48356 3.48786 3.49048 3.49144 3.49072 3.48831 3.4842 3.47834 3.47071 3.46128 3.45 3.43684 3.42179 3.40483 3.38596 3.36521 3.34262 3.31826 3.29223 3.26465 3.23567 3.20545 3.1742 3.14214 3.10949 3.0765 3.04343 3.01051 2.97801 2.94616 2.91517 2.88526 2.85661 2.82936 2.80365 2.77957 2.75719 2.73655 2.71766 2.7005 2.68505 2.67124 2.65901 2.64828 2.63895 2.63093 2.62414 2.61848 2.61386 2.61021 2.60747 2.60558 2.6045 
2.59727 2.59779 2.59912 2.60128 2.60432 2.60831 2.61331 2.6194 2.62667 2.63523 2.64517 2.65659 2.66957 2.68419 2.70052 2.71861 2.73847 2.76012 2.7835 2.80858 2.83526 2.86341 2.8929 2.92355 2.95516 2.9875 3.02036 3.05347 3.08661 3.11951 3.15194 3.18366 3.21446 3.24415 3.27255 3.29952 3.32492 3.34866 3.37067 3.39089 3.4093 3.42589 3.44065 3.45361 3.46478 3.47419 3.48188 3.48786 3.49215 3.49478 3.49574 3.49503 3.49264 3.48854 3.4827 3.47509 3.46567 3.45441 3.44127 3.42623 3.40927 3.39039 3.36963 3.34701 3.32262 3.29654 3.26889 3.23982 3.20951 3.17816 3.14597 3.11318 3.08004 3.04681 3.01372 2.98104 2.94901 2.91784 2.88774 2.8589 2.83147 2.80557 2.78132 2.75877 2.73797 2.71892 2.70163 2.68604 2.67211 2.65977 2.64894 2.63952 2.63143 2.62456 2.61884 2.61418 2.61049 2.60772 2.6058 2.60472 
2.59741 2.59793 2.59926 2.60144 2.6045 2.60851 2.61354 2.61967 2.62699 2.6356 2.64559 2.65707 2.67012 2.68481 2.70123 2.7194 2.73935 2.76109 2.78458 2.80976 2.83654 2.8648 2.8944 2.92515 2.95686 2.98931 3.02226 3.05547 3.08869 3.12168 3.15418 3.18597 3.21684 3.24658 3.27503 3.30203 3.32746 3.35123 3.37326 3.3935 3.41192 3.42851 3.44327 3.45623 3.4674 3.47682 3.4845 3.49048 3.49478 3.49741 3.49837 3.49767 3.49528 3.49118 3.48535 3.47775 3.46834 3.45708 3.44395 3.4289 3.41193 3.39305 3.37227 3.34963 3.32521 3.29909 3.27139 3.24228 3.2119 3.18048 3.14821 3.11534 3.08212 3.04879 3.0156 2.98282 2.95068 2.9194 2.8892 2.86025 2.83271 2.80671 2.78235 2.75971 2.73881 2.71968 2.7023 2.68664 2.67264 2.66024 2.64934 2.63987 2.63173 2.62483 2.61907 2.61438 2.61067 2.60788 2.60595 2.60486 
