4.47467 4.47486 4.47509 4.47538 4.47571 4.47609 4.47653 4.47701 4.47755 4.47814 4.47879 4.4795 4.48027 4.4811 4.482 4.48297 4.48401 4.48511 4.4863 4.48755 4.48888 4.49027 4.49174 4.49328 4.49487 4.49653 4.49825 4.50001 4.50181 4.50364 4.5055 4.50738 4.50926 4.51113 4.51298 4.51481 4.51659 4.51832 4.51998 4.52156 4.52306 4.52445 4.52573 4.52689 4.52792 4.5288 4.52954 4.53013 4.53056 4.53083 4.53094 4.53089 4.53067 4.53029 4.52976 4.52907 4.52823 4.52726 4.52616 4.52493 4.5236 4.52216 4.52063 4.51903 4.51736 4.51563 4.51387 4.51208 4.51027 4.50846 4.50666 4.50487 4.50311 4.50139 4.49971 4.49809 4.49653 4.49503 4.49361 4.49226 4.49099 4.4898 4.4887 4.48767 4.48674 4.48588 4.48511 4.48442 4.48381 4.48328 4.48282 4.48244 4.48212 4.48186 4.48168 4.48155 4.48148 4.48146 4.4815 4.48159 
4.47486 4.47504 4.47528 4.47557 4.4759 4.47629 4.47672 4.47721 4.47775 4.47834 4.479 4.47971 4.48048 4.48132 4.48223 4.4832 4.48425 4.48537 4.48656 4.48782 4.48916 4.49057 4.49206 4.4936 4.49522 4.49689 4.49862 4.5004 4.50222 4.50408 4.50596 4.50785 4.50975 4.51164 4.51351 4.51536 4.51716 4.51891 4.52059 4.52219 4.5237 4.5251 4.5264 4.52757 4.52861 4.5295 4.53025 4.53085 4.53128 4.53156 4.53166 4.53161 4.53139 4.531 4.53046 4.52977 4.52892 4.52794 4.52682 4.52559 4.52423 4.52278 4.52124 4.51961 4.51793 4.51619 4.5144 4.51259 4.51077 4.50893 4.50711 4.5053 4.50353 4.50179 4.50009 4.49845 4.49687 4.49536 4.49392 4.49256 4.49128 4.49008 4.48896 4.48793 4.48699 4.48612 4.48535 4.48465 4.48403 4.4835 4.48303 4.48264 4.48232 4.48206 4.48187 4.48174 4.48167 4.48165 4.48169 4.48178 
4.47509 4.47528 4.47552 4.47581 4.47615 4.47654 4.47698 4.47748 4.47803 4.47864 4.4793 4.48003 4.48083 4.48169 4.48262 4.48362 4.48469 4.48584 4.48706 4.48836 4.48974 4.49119 4.49271 4.49431 4.49597 4.49769 4.49947 4.5013 4.50317 4.50508 4.50701 4.50895 4.51091 4.51285 4.51478 4.51667 4.51852 4.52032 4.52204 4.52369 4.52524 4.52668 4.52801 4.52922 4.53028 4.5312 4.53197 4.53258 4.53302 4.5333 4.53341 4.53336 4.53313 4.53273 4.53218 4.53146 4.53059 4.52958 4.52843 4.52716 4.52577 4.52427 4.52269 4.52102 4.51928 4.51749 4.51566 4.5138 4.51192 4.51003 4.50816 4.5063 4.50447 4.50268 4.50094 4.49925 4.49762 4.49607 4.49459 4.49318 4.49186 4.49063 4.48947 4.48841 4.48744 4.48655 4.48574 4.48502 4.48439 4.48383 4.48335 4.48294 4.48261 4.48234 4.48214 4.482 4.48192 4.4819 4.48193 4.48201 
4.47538 4.47557 4.47581 4.47611 4.47645 4.47685 4.47731 4.47782 4.47839 4.47902 4.47972 4.48048 4.4813 4.4822 4.48317 4.48421 4.48534 4.48653 4.48781 4.48917 4.49061 4.49213 4.49372 4.49539 4.49712 4.49892 4.50078 4.50269 4.50465 4.50664 4.50866 4.51069 4.51273 4.51476 4.51677 4.51875 4.52068 4.52256 4.52436 4.52607 4.52769 4.5292 4.53058 4.53183 4.53294 4.5339 4.5347 4.53533 4.5358 4.53609 4.5362 4.53614 4.5359 4.53548 4.5349 4.53415 4.53324 4.53219 4.53099 4.52966 4.5282 4.52664 4.52499 4.52324 4.52143 4.51956 4.51764 4.5157 4.51373 4.51176 4.5098 4.50786 4.50594 4.50407 4.50225 4.50048 4.49878 4.49715 4.49559 4.49412 4.49274 4.49144 4.49023 4.48911 4.48809 4.48715 4.4863 4.48555 4.48487 4.48428 4.48377 4.48334 4.48298 4.48269 4.48247 4.48232 4.48223 4.48219 4.48222 4.4823 
4.47571 4.4759 4.47615 4.47645 4.47681 4.47723 4.47771 4.47824 4.47884 4.47951 4.48024 4.48104 4.48191 4.48286 4.48389 4.48499 4.48618 4.48745 4.48881 4.49025 4.49178 4.49339 4.49508 4.49684 4.49869 4.5006 4.50257 4.5046 4.50667 4.50878 4.51092 4.51308 4.51524 4.51739 4.51951 4.52161 4.52365 4.52563 4.52753 4.52935 4.53105 4.53264 4.53411 4.53543 4.5366 4.53761 4.53845 4.53912 4.5396 4.53991 4.54002 4.53995 4.5397 4.53926 4.53864 4.53785 4.53688 4.53576 4.53449 4.53309 4.53155 4.52989 4.52814 4.52629 4.52437 4.52239 4.52036 4.5183 4.51622 4.51413 4.51205 4.50998 4.50795 4.50596 4.50403 4.50215 4.50034 4.49861 4.49695 4.49539 4.49391 4.49252 4.49124 4.49004 4.48894 4.48794 4.48703 4.48622 4.48549 4.48485 4.4843 4.48383 4.48344 4.48312 4.48288 4.4827 4.48259 4.48255 4.48256 4.48264 
4.47609 4.47629 4.47654 4.47685 4.47723 4.47767 4.47817 4.47874 4.47938 4.48008 4.48086 4.48172 4.48265 4.48367 4.48477 4.48596 4.48723 4.4886 4.49006 4.4916 4.49324 4.49497 4.49679 4.49869 4.50067 4.50272 4.50484 4.50701 4.50924 4.51151 4.5138 4.51611 4.51842 4.52072 4.523 4.52524 4.52743 4.52955 4.53158 4.53352 4.53534 4.53704 4.5386 4.54001 4.54126 4.54233 4.54323 4.54394 4.54445 4.54477 4.5449 4.54482 4.54454 4.54407 4.5434 4.54255 4.54152 4.54032 4.53896 4.53745 4.53581 4.53404 4.53215 4.53018 4.52812 4.52599 4.52382 4.52161 4.51937 4.51713 4.5149 4.51269 4.5105 4.50837 4.50628 4.50426 4.50231 4.50045 4.49867 4.49698 4.49538 4.49389 4.49249 4.4912 4.49001 4.48892 4.48793 4.48704 4.48625 4.48555 4.48494 4.48442 4.48399 4.48363 4.48335 4.48315 4.48302 4.48296 4.48296 4.48303 
4.47653 4.47672 4.47698 4.47731 4.47771 4.47817 4.47871 4.47931 4.48 4.48076 4.4816 4.48252 4.48353 4.48463 4.48582 4.48711 4.48849 4.48998 4.49156 4.49324 4.49502 4.4969 4.49887 4.50093 4.50307 4.5053 4.5076 4.50995 4.51237 4.51482 4.5173 4.5198 4.5223 4.52479 4.52725 4.52967 4.53203 4.53431 4.53651 4.53859 4.54056 4.54239 4.54407 4.54558 4.54692 4.54808 4.54904 4.5498 4.55035 4.5507 4.55082 4.55074 4.55043 4.54992 4.5492 4.54828 4.54717 4.54587 4.5444 4.54277 4.54099 4.53907 4.53704 4.5349 4.53268 4.53038 4.52803 4.52563 4.52322 4.52079 4.51837 4.51597 4.5136 4.51128 4.50902 4.50683 4.50471 4.50268 4.50074 4.4989 4.49716 4.49553 4.494 4.49259 4.49128 4.49009 4.489 4.48802 4.48715 4.48637 4.4857 4.48511 4.48462 4.48422 4.4839 4.48367 4.48351 4.48342 4.48341 4.48346 
4.47701 4.47721 4.47748 4.47782 4.47824 4.47874 4.47931 4.47997 4.48071 4.48153 4.48244 4.48345 4.48455 4.48575 4.48705 4.48846 4.48997 4.49159 4.49332 4.49516 4.49711 4.49916 4.50132 4.50357 4.50591 4.50834 4.51085 4.51343 4.51606 4.51873 4.52144 4.52416 4.52688 4.52959 4.53227 4.5349 4.53746 4.53994 4.54232 4.54459 4.54672 4.5487 4.55052 4.55216 4.55361 4.55486 4.5559 4.55672 4.55732 4.55768 4.55782 4.55772 4.55738 4.55682 4.55604 4.55503 4.55382 4.55241 4.55081 4.54904 4.5471 4.54502 4.54281 4.54048 4.53806 4.53556 4.533 4.53039 4.52775 4.52511 4.52247 4.51985 4.51726 4.51473 4.51225 4.50985 4.50753 4.50531 4.50318 4.50116 4.49925 4.49745 4.49577 4.49421 4.49277 4.49145 4.49025 4.48916 4.48818 4.48732 4.48656 4.48591 4.48535 4.48489 4.48453 4.48425 4.48405 4.48394 4.48391 4.48395 
4.47755 4.47775 4.47803 4.47839 4.47884 4.47938 4.48 4.48071 4.48151 4.48241 4.48341 4.48451 4.48571 4.48703 4.48846 4.49001 4.49167 4.49345 4.49536 4.49738 4.49952 4.50178 4.50414 4.50662 4.5092 4.51186 4.51461 4.51744 4.52032 4.52325 4.52621 4.52919 4.53217 4.53513 4.53806 4.54093 4.54373 4.54644 4.54904 4.5515 4.55383 4.55598 4.55796 4.55975 4.56133 4.56268 4.56381 4.5647 4.56535 4.56574 4.56588 4.56577 4.5654 4.56478 4.56392 4.56283 4.5615 4.55996 4.55821 4.55627 4.55416 4.55188 4.54947 4.54692 4.54427 4.54154 4.53873 4.53588 4.53299 4.53009 4.5272 4.52432 4.52149 4.5187 4.51599 4.51334 4.51079 4.50834 4.506 4.50377 4.50166 4.49967 4.49781 4.49608 4.49449 4.49302 4.49167 4.49046 4.48937 4.4884 4.48755 4.48681 4.48617 4.48565 4.48522 4.4849 4.48466 4.48452 4.48447 4.4845 
4.47814 4.47834 4.47864 4.47902 4.47951 4.48008 4.48076 4.48153 4.48241 4.48339 4.48449 4.4857 4.48703 4.48848 4.49006 4.49176 4.4936 4.49556 4.49766 4.4999 4.50226 4.50475 4.50736 4.51009 4.51293 4.51587 4.51889 4.522 4.52517 4.52839 4.53165 4.53492 4.53819 4.54143 4.54464 4.54779 4.55085 4.55381 4.55666 4.55935 4.56189 4.56425 4.56641 4.56836 4.57008 4.57156 4.57278 4.57375 4.57445 4.57487 4.57502 4.57489 4.57449 4.57381 4.57286 4.57166 4.57021 4.56852 4.5666 4.56448 4.56216 4.55967 4.55702 4.55423 4.55133 4.54832 4.54524 4.54211 4.53894 4.53575 4.53257 4.52941 4.52629 4.52322 4.52022 4.51731 4.5145 4.51179 4.5092 4.50673 4.50439 4.50219 4.50013 4.4982 4.49642 4.49478 4.49329 4.49193 4.4907 4.48961 4.48865 4.48781 4.48709 4.48649 4.486 4.48562 4.48534 4.48516 4.48508 4.4851 
4.47879 4.479 4.4793 4.47972 4.48024 4.48086 4.4816 4.48244 4.48341 4.48449 4.4857 4.48703 4.4885 4.4901 4.49184 4.49373 4.49576 4.49793 4.50026 4.50272 4.50534 4.50809 4.51097 4.51399 4.51712 4.52036 4.5237 4.52712 4.53062 4.53416 4.53774 4.54134 4.54493 4.5485 4.55202 4.55547 4.55883 4.56208 4.56519 4.56814 4.57092 4.5735 4.57586 4.57799 4.57986 4.58148 4.58282 4.58387 4.58463 4.58509 4.58524 4.5851 4.58465 4.5839 4.58286 4.58154 4.57995 4.57809 4.57599 4.57366 4.57112 4.56838 4.56547 4.56241 4.55922 4.55592 4.55254 4.54909 4.54561 4.5421 4.53859 4.53511 4.53167 4.52829 4.52498 4.52176 4.51865 4.51565 4.51278 4.51005 4.50746 4.50501 4.50272 4.50058 4.49859 4.49676 4.49509 4.49357 4.49219 4.49096 4.48988 4.48893 4.48811 4.48743 4.48686 4.48642 4.48609 4.48587 4.48576 4.48576 
4.4795 4.47971 4.48003 4.48048 4.48104 4.48172 4.48252 4.48345 4.48451 4.4857 4.48703 4.4885 4.49013 4.4919 4.49383 4.49591 4.49816 4.50057 4.50314 4.50587 4.50876 4.5118 4.51499 4.51832 4.52178 4.52536 4.52904 4.53281 4.53666 4.54057 4.54451 4.54846 4.55241 4.55633 4.5602 4.56398 4.56767 4.57123 4.57464 4.57787 4.58091 4.58373 4.58631 4.58864 4.59069 4.59245 4.59391 4.59506 4.59588 4.59638 4.59654 4.59638 4.59588 4.59506 4.59392 4.59247 4.59072 4.58868 4.58638 4.58382 4.58103 4.57803 4.57483 4.57147 4.56797 4.56434 4.56062 4.55683 4.553 4.54914 4.54528 4.54144 4.53764 4.53391 4.53026 4.5267 4.52326 4.51995 4.51677 4.51374 4.51086 4.50814 4.50559 4.50321 4.501 4.49896 4.49709 4.49538 4.49384 4.49246 4.49123 4.49016 4.48924 4.48845 4.4878 4.48729 4.4869 4.48664 4.4865 4.48648 
4.48027 4.48048 4.48083 4.4813 4.48191 4.48265 4.48353 4.48455 4.48571 4.48703 4.4885 4.49013 4.49192 4.49388 4.49601 4.49832 4.50081 4.50347 4.50632 4.50934 4.51253 4.51589 4.51942 4.52309 4.52691 4.53086 4.53492 4.53908 4.54332 4.54761 4.55195 4.55629 4.56063 4.56494 4.56918 4.57333 4.57737 4.58127 4.585 4.58854 4.59187 4.59495 4.59777 4.60031 4.60255 4.60447 4.60606 4.60731 4.60821 4.60875 4.60892 4.60874 4.60819 4.60729 4.60603 4.60444 4.60252 4.60029 4.59776 4.59496 4.5919 4.5886 4.5851 4.58141 4.57757 4.57359 4.5695 4.56533 4.56111 4.55687 4.55262 4.54839 4.54421 4.54009 4.53606 4.53214 4.52834 4.52467 4.52115 4.5178 4.51461 4.51159 4.50876 4.50611 4.50365 4.50137 4.49928 4.49738 4.49565 4.4941 4.49272 4.49151 4.49046 4.48957 4.48883 4.48824 4.48779 4.48748 4.4873 4.48726 
4.4811 4.48132 4.48169 4.4822 4.48286 4.48367 4.48463 4.48575 4.48703 4.48848 4.4901 4.4919 4.49388 4.49605 4.49841 4.50096 4.50371 4.50665 4.5098 4.51313 4.51666 4.52037 4.52426 4.52831 4.53252 4.53687 4.54134 4.54592 4.55058 4.5553 4.56006 4.56484 4.5696 4.57431 4.57896 4.58351 4.58794 4.5922 4.59628 4.60015 4.60378 4.60715 4.61023 4.613 4.61544 4.61753 4.61927 4.62062 4.6216 4.62218 4.62236 4.62216 4.62155 4.62056 4.61919 4.61744 4.61534 4.6129 4.61013 4.60706 4.60371 4.60011 4.59627 4.59223 4.58801 4.58365 4.57916 4.57459 4.56996 4.56529 4.56062 4.55598 4.55137 4.54684 4.5424 4.53808 4.53388 4.52983 4.52594 4.52223 4.5187 4.51536 4.51222 4.50928 4.50654 4.50401 4.50168 4.49955 4.49762 4.49589 4.49434 4.49298 4.4918 4.49079 4.48995 4.48927 4.48875 4.48839 4.48817 4.4881 
4.482 4.48223 4.48262 4.48317 4.48389 4.48477 4.48582 4.48705 4.48846 4.49006 4.49184 4.49383 4.49601 4.49841 4.50101 4.50383 4.50686 4.51011 4.51358 4.51726 4.52115 4.52524 4.52952 4.53399 4.53862 4.5434 4.54831 4.55334 4.55846 4.56364 4.56886 4.57409 4.5793 4.58446 4.58955 4.59452 4.59935 4.60401 4.60847 4.61269 4.61665 4.62032 4.62367 4.62669 4.62934 4.63162 4.6335 4.63497 4.63603 4.63666 4.63686 4.63662 4.63596 4.63487 4.63337 4.63147 4.62917 4.6265 4.62348 4.62013 4.61646 4.61252 4.60833 4.60391 4.5993 4.59452 4.58961 4.58461 4.57953 4.57442 4.56929 4.56419 4.55914 4.55416 4.54927 4.54451 4.53989 4.53543 4.53114 4.52705 4.52315 4.51945 4.51598 4.51272 4.50969 4.50687 4.50429 4.50192 4.49977 4.49783 4.4961 4.49458 4.49325 4.49211 4.49116 4.49039 4.48979 4.48937 4.48911 4.48901 
4.48297 4.4832 4.48362 4.48421 4.48499 4.48596 4.48711 4.48846 4.49001 4.49176 4.49373 4.49591 4.49832 4.50096 4.50383 4.50693 4.51028 4.51386 4.51768 4.52173 4.526 4.5305 4.53521 4.54011 4.54519 4.55044 4.55583 4.56134 4.56694 4.57261 4.57832 4.58404 4.58973 4.59537 4.60092 4.60634 4.61161 4.61669 4.62154 4.62613 4.63044 4.63443 4.63808 4.64135 4.64424 4.64671 4.64875 4.65034 4.65149 4.65216 4.65237 4.65212 4.65139 4.6502 4.64857 4.64649 4.64399 4.64108 4.63778 4.63413 4.63014 4.62584 4.62127 4.61645 4.61141 4.6062 4.60084 4.59537 4.58982 4.58422 4.57862 4.57303 4.56749 4.56203 4.55668 4.55145 4.54637 4.54147 4.53675 4.53224 4.52794 4.52387 4.52003 4.51644 4.51308 4.50997 4.5071 4.50447 4.50208 4.49993 4.498 4.4963 4.49481 4.49354 4.49246 4.49159 4.49091 4.49042 4.49012 4.49 
4.48401 4.48425 4.48469 4.48534 4.48618 4.48723 4.48849 4.48997 4.49167 4.4936 4.49576 4.49816 4.50081 4.50371 4.50686 4.51028 4.51395 4.51789 4.52208 4.52653 4.53122 4.53615 4.54131 4.54669 4.55225 4.55799 4.56388 4.56991 4.57603 4.58222 4.58844 4.59468 4.60089 4.60703 4.61307 4.61897 4.62469 4.63021 4.63548 4.64047 4.64514 4.64947 4.65342 4.65697 4.66009 4.66277 4.66498 4.6667 4.66793 4.66866 4.66889 4.6686 4.66781 4.66652 4.66474 4.66248 4.65976 4.6566 4.65302 4.64905 4.64471 4.64004 4.63506 4.62982 4.62434 4.61866 4.61282 4.60686 4.60081 4.59471 4.58859 4.58249 4.57643 4.57046 4.5646 4.55888 4.55332 4.54794 4.54277 4.53781 4.53309 4.52862 4.52439 4.52043 4.51673 4.51329 4.51012 4.50721 4.50457 4.50218 4.50004 4.49814 4.49649 4.49506 4.49386 4.49288 4.49211 4.49156 4.4912 4.49105 
4.48511 4.48537 4.48584 4.48653 4.48745 4.4886 4.48998 4.49159 4.49345 4.49556 4.49793 4.50057 4.50347 4.50665 4.51011 4.51386 4.51789 4.5222 4.52679 4.53166 4.5368 4.5422 4.54784 4.5537 4.55978 4.56605 4.57247 4.57904 4.5857 4.59244 4.59922 4.606 4.61274 4.61941 4.62596 4.63237 4.63858 4.64455 4.65026 4.65566 4.66072 4.6654 4.66967 4.67351 4.67688 4.67977 4.68215 4.68401 4.68534 4.68612 4.68636 4.68604 4.68518 4.68378 4.68185 4.6794 4.67646 4.67303 4.66916 4.66485 4.66015 4.65509 4.64969 4.644 4.63805 4.63189 4.62555 4.61907 4.61249 4.60585 4.59919 4.59255 4.58595 4.57944 4.57305 4.5668 4.56073 4.55485 4.54919 4.54376 4.53859 4.53368 4.52905 4.52469 4.52062 4.51684 4.51335 4.51015 4.50723 4.50459 4.50222 4.50012 4.49828 4.4967 4.49536 4.49426 4.4934 4.49277 4.49236 4.49217 
4.4863 4.48656 4.48706 4.48781 4.48881 4.49006 4.49156 4.49332 4.49536 4.49766 4.50026 4.50314 4.50632 4.5098 4.51358 4.51768 4.52208 4.52679 4.53181 4.53713 4.54273 4.54862 4.55477 4.56116 4.56778 4.57459 4.58158 4.58871 4.59595 4.60327 4.61062 4.61797 4.62527 4.63249 4.63959 4.64651 4.65322 4.65968 4.66585 4.67167 4.67713 4.68218 4.68678 4.69092 4.69455 4.69766 4.70022 4.70222 4.70365 4.70449 4.70474 4.70439 4.70346 4.70195 4.69986 4.69722 4.69404 4.69034 4.68615 4.6815 4.67642 4.67095 4.66511 4.65896 4.65253 4.64586 4.63899 4.63197 4.62483 4.61763 4.61041 4.60319 4.59603 4.58895 4.582 4.5752 4.56858 4.56218 4.556 4.55008 4.54443 4.53906 4.53399 4.52923 4.52477 4.52062 4.51679 4.51327 4.51006 4.50715 4.50454 4.50222 4.50019 4.49843 4.49695 4.49573 4.49476 4.49405 4.49359 4.49337 
4.48755 4.48782 4.48836 4.48917 4.49025 4.4916 4.49324 4.49516 4.49738 4.4999 4.50272 4.50587 4.50934 4.51313 4.51726 4.52173 4.52653 4.53166 4.53713 4.54291 4.54901 4.55541 4.56209 4.56904 4.57622 4.58361 4.59119 4.59892 4.60675 4.61467 4.62262 4.63056 4.63845 4.64625 4.6539 4.66137 4.6686 4.67556 4.6822 4.68847 4.69434 4.69976 4.70471 4.70915 4.71306 4.71639 4.71914 4.72129 4.72281 4.72371 4.72397 4.7236 4.72259 4.72096 4.71871 4.71587 4.71244 4.70846 4.70395 4.69895 4.69348 4.68758 4.68129 4.67466 4.66772 4.66052 4.65311 4.64552 4.63782 4.63003 4.62221 4.6144 4.60664 4.59897 4.59143 4.58406 4.57687 4.56991 4.5632 4.55676 4.5506 4.54476 4.53923 4.53403 4.52916 4.52463 4.52044 4.51658 4.51306 4.50987 4.507 4.50445 4.50222 4.50028 4.49864 4.49729 4.49621 4.49542 4.4949 4.49464 
4.48888 4.48916 4.48974 4.49061 4.49178 4.49324 4.49502 4.49711 4.49952 4.50226 4.50534 4.50876 4.51253 4.51666 4.52115 4.526 4.53122 4.5368 4.54273 4.54901 4.55563 4.56257 4.5698 4.57732 4.58509 4.59309 4.60128 4.60962 4.61808 4.62662 4.63519 4.64375 4.65225 4.66063 4.66887 4.67689 4.68466 4.69214 4.69926 4.70599 4.71228 4.7181 4.7234 4.72816 4.73233 4.7359 4.73885 4.74114 4.74277 4.74373 4.744 4.7436 4.74251 4.74076 4.73835 4.7353 4.73162 4.72735 4.72251 4.71714 4.71126 4.70493 4.69818 4.69105 4.68359 4.67584 4.66786 4.6597 4.6514 4.643 4.63457 4.62615 4.61777 4.60948 4.60133 4.59335 4.58558 4.57804 4.57076 4.56378 4.5571 4.55075 4.54474 4.53908 4.53379 4.52885 4.52428 4.52007 4.51623 4.51274 4.5096 4.50681 4.50435 4.50223 4.50042 4.49893 4.49775 4.49686 4.49628 4.49598 
4.49027 4.49057 4.49119 4.49213 4.49339 4.49497 4.4969 4.49916 4.50178 4.50475 4.50809 4.5118 4.51589 4.52037 4.52524 4.5305 4.53615 4.5422 4.54862 4.55541 4.56257 4.57006 4.57788 4.58599 4.59438 4.603 4.61182 4.6208 4.62991 4.63909 4.6483 4.65749 4.66661 4.67561 4.68443 4.69303 4.70136 4.70935 4.71698 4.72417 4.7309 4.73712 4.74278 4.74786 4.75232 4.75613 4.75926 4.76171 4.76344 4.76446 4.76475 4.76431 4.76315 4.76128 4.7587 4.75543 4.7515 4.74694 4.74176 4.73601 4.72973 4.72294 4.71571 4.70807 4.70008 4.69177 4.68321 4.67445 4.66554 4.65652 4.64746 4.63839 4.62938 4.62046 4.61167 4.60307 4.59468 4.58654 4.57868 4.57113 4.5639 4.55703 4.55052 4.54439 4.53864 4.53328 4.52831 4.52374 4.51955 4.51575 4.51233 4.50929 4.5066 4.50428 4.5023 4.50066 4.49936 4.49838 4.49773 4.4974 
4.49174 4.49206 4.49271 4.49372 4.49508 4.49679 4.49887 4.50132 4.50414 4.50736 4.51097 4.51499 4.51942 4.52426 4.52952 4.53521 4.54131 4.54784 4.55477 4.56209 4.5698 4.57788 4.58629 4.59503 4.60404 4.6133 4.62278 4.63242 4.64218 4.65203 4.66189 4.67173 4.68149 4.69111 4.70055 4.70974 4.71862 4.72716 4.73528 4.74296 4.75013 4.75675 4.76278 4.76818 4.77293 4.77698 4.78031 4.78291 4.78476 4.78583 4.78614 4.78567 4.78443 4.78243 4.77968 4.7762 4.77201 4.76714 4.76163 4.7555 4.74879 4.74155 4.73383 4.72568 4.71713 4.70826 4.69911 4.68973 4.68019 4.67053 4.66082 4.6511 4.64143 4.63185 4.62242 4.61317 4.60415 4.59539 4.58692 4.57879 4.571 4.56358 4.55655 4.54992 4.54371 4.53791 4.53253 4.52757 4.52303 4.51891 4.51519 4.51188 4.50896 4.50642 4.50427 4.50248 4.50105 4.49998 4.49926 4.49888 
4.49328 4.4936 4.49431 4.49539 4.49684 4.49869 4.50093 4.50357 4.50662 4.51009 4.51399 4.51832 4.52309 4.52831 4.53399 4.54011 4.54669 4.5537 4.56116 4.56904 4.57732 4.58599 4.59503 4.60439 4.61405 4.62397 4.63412 4.64443 4.65488 4.66539 4.67593 4.68643 4.69684 4.7071 4.71715 4.72693 4.73639 4.74547 4.75411 4.76227 4.76988 4.77691 4.78332 4.78905 4.79408 4.79838 4.80192 4.80467 4.80662 4.80776 4.80808 4.80758 4.80626 4.80414 4.80122 4.79752 4.79307 4.7879 4.78203 4.77552 4.76839 4.76069 4.75247 4.74379 4.73469 4.72524 4.71548 4.70548 4.6953 4.68499 4.67461 4.66423 4.65388 4.64363 4.63353 4.62362 4.61395 4.60455 4.59547 4.58673 4.57836 4.57038 4.56281 4.55568 4.54898 4.54272 4.53692 4.53156 4.52666 4.5222 4.51818 4.51458 4.51142 4.50866 4.50632 4.50437 4.50282 4.50165 4.50085 4.50044 
4.49487 4.49522 4.49597 4.49712 4.49869 4.50067 4.50307 4.50591 4.5092 4.51293 4.51712 4.52178 4.52691 4.53252 4.53862 4.54519 4.55225 4.55978 4.56778 4.57622 4.58509 4.59438 4.60404 4.61405 4.62438 4.63497 4.6458 4.6568 4.66793 4.67913 4.69035 4.70152 4.71259 4.7235 4.73417 4.74456 4.75459 4.76422 4.77338 4.78202 4.79009 4.79753 4.80431 4.81038 4.8157 4.82024 4.82398 4.82688 4.82894 4.83015 4.83048 4.82995 4.82855 4.8263 4.82321 4.81929 4.81458 4.8091 4.80289 4.79599 4.78843 4.78027 4.77155 4.76234 4.75268 4.74264 4.73227 4.72164 4.71081 4.69984 4.68879 4.67772 4.66669 4.65576 4.64498 4.63439 4.62406 4.61401 4.60429 4.59493 4.58596 4.57741 4.56929 4.56163 4.55443 4.54771 4.54147 4.5357 4.53042 4.52561 4.52127 4.51739 4.51397 4.51099 4.50845 4.50634 4.50465 4.50338 4.50251 4.50205 
4.49653 4.49689 4.49769 4.49892 4.5006 4.50272 4.5053 4.50834 4.51186 4.51587 4.52036 4.52536 4.53086 4.53687 4.5434 4.55044 4.55799 4.56605 4.57459 4.58361 4.59309 4.603 4.6133 4.62397 4.63497 4.64625 4.65777 4.66947 4.6813 4.69319 4.7051 4.71695 4.72869 4.74024 4.75154 4.76253 4.77315 4.78333 4.79301 4.80214 4.81065 4.81851 4.82566 4.83206 4.83767 4.84246 4.84639 4.84946 4.85163 4.85289 4.85324 4.85268 4.8512 4.84883 4.84556 4.84143 4.83646 4.83067 4.82412 4.81682 4.80884 4.80021 4.791 4.78125 4.77103 4.76039 4.74941 4.73814 4.72666 4.71502 4.70329 4.69153 4.67981 4.66818 4.65671 4.64544 4.63443 4.62371 4.61334 4.60335 4.59377 4.58463 4.57596 4.56776 4.56005 4.55285 4.54615 4.53997 4.5343 4.52913 4.52446 4.52029 4.51661 4.5134 4.51066 4.50839 4.50656 4.50518 4.50424 4.50373 
4.49825 4.49862 4.49947 4.50078 4.50257 4.50484 4.5076 4.51085 4.51461 4.51889 4.5237 4.52904 4.53492 4.54134 4.54831 4.55583 4.56388 4.57247 4.58158 4.59119 4.60128 4.61182 4.62278 4.63412 4.6458 4.65777 4.66999 4.68239 4.69492 4.70751 4.72011 4.73264 4.74505 4.75725 4.76918 4.78078 4.79198 4.80271 4.81291 4.82252 4.83148 4.83975 4.84727 4.854 4.8599 4.86493 4.86907 4.87229 4.87456 4.87589 4.87626 4.87566 4.87411 4.87161 4.86818 4.86383 4.8586 4.85251 4.8456 4.83792 4.82951 4.82042 4.81071 4.80043 4.78964 4.77842 4.76682 4.75492 4.74277 4.73046 4.71804 4.70559 4.69317 4.68084 4.66867 4.65671 4.64501 4.63363 4.6226 4.61197 4.60177 4.59203 4.58278 4.57404 4.56581 4.55812 4.55096 4.54435 4.53828 4.53275 4.52775 4.52328 4.51933 4.51588 4.51294 4.51049 4.50852 4.50703 4.50601 4.50546 
4.50001 4.5004 4.5013 4.50269 4.5046 4.50701 4.50995 4.51343 4.51744 4.522 4.52712 4.53281 4.53908 4.54592 4.55334 4.56134 4.56991 4.57904 4.58871 4.59892 4.60962 4.6208 4.63242 4.64443 4.6568 4.66947 4.68239 4.6955 4.70873 4.72203 4.73532 4.74853 4.7616 4.77445 4.78701 4.79921 4.81099 4.82226 4.83298 4.84307 4.85248 4.86116 4.86905 4.8761 4.88228 4.88756 4.89189 4.89526 4.89765 4.89904 4.89942 4.89879 4.89716 4.89454 4.89094 4.88638 4.88089 4.8745 4.86726 4.85919 4.85036 4.84081 4.8306 4.81979 4.80845 4.79663 4.78442 4.77188 4.75908 4.74609 4.73299 4.71984 4.70672 4.69369 4.68082 4.66816 4.65577 4.64371 4.63202 4.62074 4.60992 4.59958 4.58974 4.58044 4.57169 4.5635 4.55588 4.54883 4.54236 4.53645 4.53112 4.52634 4.52211 4.51843 4.51527 4.51265 4.51054 4.50894 4.50784 4.50724 
4.50181 4.50222 4.50317 4.50465 4.50667 4.50924 4.51237 4.51606 4.52032 4.52517 4.53062 4.53666 4.54332 4.55058 4.55846 4.56694 4.57603 4.5857 4.59595 4.60675 4.61808 4.62991 4.64218 4.65488 4.66793 4.6813 4.69492 4.70873 4.72267 4.73666 4.75064 4.76453 4.77826 4.79176 4.80494 4.81774 4.83009 4.8419 4.85313 4.8637 4.87355 4.88262 4.89087 4.89825 4.90471 4.91022 4.91475 4.91827 4.92076 4.92221 4.92261 4.92196 4.92025 4.91751 4.91375 4.90898 4.90324 4.89656 4.88897 4.88053 4.87128 4.86128 4.85058 4.83925 4.82735 4.81495 4.80213 4.78895 4.7755 4.76184 4.74806 4.73422 4.7204 4.70667 4.69309 4.67973 4.66666 4.65391 4.64156 4.62963 4.61817 4.60722 4.59681 4.58695 4.57766 4.56897 4.56088 4.55339 4.5465 4.54022 4.53454 4.52945 4.52495 4.52102 4.51766 4.51485 4.5126 4.51088 4.50971 4.50906 
4.50364 4.50408 4.50508 4.50664 4.50878 4.51151 4.51482 4.51873 4.52325 4.52839 4.53416 4.54057 4.54761 4.5553 4.56364 4.57261 4.58222 4.59244 4.60327 4.61467 4.62662 4.63909 4.65203 4.66539 4.67913 4.69319 4.70751 4.72203 4.73666 4.75135 4.76601 4.78057 4.79496 4.80909 4.82289 4.83628 4.84918 4.86153 4.87326 4.88429 4.89457 4.90404 4.91265 4.92034 4.92708 4.93282 4.93754 4.94121 4.9438 4.94531 4.94572 4.94504 4.94327 4.94041 4.93648 4.93151 4.92552 4.91855 4.91064 4.90183 4.89217 4.88172 4.87054 4.8587 4.84625 4.83328 4.81986 4.80605 4.79196 4.77764 4.76317 4.74865 4.73413 4.7197 4.70543 4.69138 4.67761 4.66419 4.65117 4.63859 4.6265 4.61494 4.60394 4.59352 4.5837 4.5745 4.56593 4.558 4.55071 4.54405 4.53802 4.53262 4.52783 4.52366 4.52008 4.51709 4.51469 4.51287 4.51161 4.51092 
4.5055 4.50596 4.50701 4.50866 4.51092 4.5138 4.5173 4.52144 4.52621 4.53165 4.53774 4.54451 4.55195 4.56006 4.56886 4.57832 4.58844 4.59922 4.61062 4.62262 4.63519 4.6483 4.66189 4.67593 4.69035 4.7051 4.72011 4.73532 4.75064 4.76601 4.78135 4.79657 4.8116 4.82635 4.84076 4.85472 4.86818 4.88105 4.89326 4.90475 4.91545 4.92531 4.93426 4.94226 4.94926 4.95523 4.96014 4.96395 4.96664 4.96821 4.96864 4.96793 4.96608 4.96311 4.95903 4.95386 4.94764 4.94039 4.93215 4.92298 4.91293 4.90204 4.89039 4.87804 4.86506 4.85153 4.83751 4.8231 4.80836 4.79339 4.77826 4.76306 4.74786 4.73273 4.71777 4.70303 4.68858 4.67448 4.6608 4.64757 4.63486 4.62269 4.6111 4.60012 4.58977 4.58007 4.57102 4.56265 4.55494 4.5479 4.54152 4.53581 4.53074 4.52632 4.52253 4.51936 4.51681 4.51487 4.51353 4.51279 
4.50738 4.50785 4.50895 4.51069 4.51308 4.51611 4.5198 4.52416 4.52919 4.53492 4.54134 4.54846 4.55629 4.56484 4.57409 4.58404 4.59468 4.606 4.61797 4.63056 4.64375 4.65749 4.67173 4.68643 4.70152 4.71695 4.73264 4.74853 4.76453 4.78057 4.79657 4.81244 4.8281 4.84347 4.85845 4.87298 4.88698 4.90036 4.91305 4.92498 4.93609 4.94631 4.9556 4.9639 4.97116 4.97735 4.98243 4.98638 4.98917 4.9908 4.99124 4.99051 4.9886 4.98552 4.98129 4.97593 4.96947 4.96195 4.95341 4.94389 4.93345 4.92214 4.91003 4.89719 4.88369 4.8696 4.85501 4.84 4.82464 4.80903 4.79324 4.77737 4.7615 4.74569 4.73005 4.71462 4.6995 4.68474 4.6704 4.65654 4.6432 4.63043 4.61826 4.60672 4.59584 4.58564 4.57612 4.5673 4.55918 4.55176 4.54504 4.53901 4.53366 4.52899 4.52499 4.52164 4.51895 4.51689 4.51547 4.51469 
4.50926 4.50975 4.51091 4.51273 4.51524 4.51842 4.5223 4.52688 4.53217 4.53819 4.54493 4.55241 4.56063 4.5696 4.5793 4.58973 4.60089 4.61274 4.62527 4.63845 4.65225 4.66661 4.68149 4.69684 4.71259 4.72869 4.74505 4.7616 4.77826 4.79496 4.8116 4.8281 4.84437 4.86033 4.87589 4.89097 4.90548 4.91935 4.9325 4.94486 4.95636 4.96695 4.97656 4.98514 4.99266 4.99906 5.00431 5.0084 5.01128 5.01296 5.01343 5.01267 5.01069 5.00751 5.00313 4.99759 4.99091 4.98313 4.97429 4.96443 4.95362 4.9419 4.92936 4.91604 4.90203 4.88741 4.87226 4.85666 4.8407 4.82447 4.80804 4.79152 4.77498 4.75851 4.7422 4.72611 4.71032 4.69491 4.67992 4.66543 4.65148 4.63811 4.62537 4.61328 4.60188 4.59118 4.5812 4.57194 4.56341 4.55561 4.54855 4.54221 4.53658 4.53167 4.52745 4.52392 4.52108 4.51891 4.51742 4.51658 
4.51113 4.51164 4.51285 4.51476 4.51739 4.52072 4.52479 4.52959 4.53513 4.54143 4.5485 4.55633 4.56494 4.57431 4.58446 4.59537 4.60703 4.61941 4.63249 4.64625 4.66063 4.67561 4.69111 4.7071 4.7235 4.74024 4.75725 4.77445 4.79176 4.80909 4.82635 4.84347 4.86033 4.87687 4.89298 4.90858 4.9236 4.93794 4.95153 4.9643 4.97618 4.98711 4.99703 5.00589 5.01364 5.02025 5.02567 5.02988 5.03286 5.03459 5.03507 5.03429 5.03225 5.02897 5.02446 5.01875 5.01185 5.00382 4.9947 4.98452 4.97335 4.96124 4.94826 4.93449 4.92 4.90486 4.88917 4.87301 4.85646 4.83962 4.82257 4.80542 4.78824 4.77112 4.75416 4.73742 4.72098 4.70493 4.68931 4.6742 4.65965 4.6457 4.6324 4.61977 4.60785 4.59666 4.58622 4.57653 4.5676 4.55944 4.55203 4.54538 4.53948 4.53432 4.5299 4.52619 4.52321 4.52093 4.51935 4.51847 
4.51298 4.51351 4.51478 4.51677 4.51951 4.523 4.52725 4.53227 4.53806 4.54464 4.55202 4.5602 4.56918 4.57896 4.58955 4.60092 4.61307 4.62596 4.63959 4.6539 4.66887 4.68443 4.70055 4.71715 4.73417 4.75154 4.76918 4.78701 4.80494 4.82289 4.84076 4.85845 4.87589 4.89298 4.90962 4.92573 4.94123 4.95602 4.97004 4.9832 4.99544 5.0067 5.01692 5.02604 5.03402 5.04082 5.0464 5.05073 5.0538 5.05558 5.05607 5.05527 5.05318 5.0498 5.04516 5.03928 5.03219 5.02392 5.01452 5.00404 4.99252 4.98004 4.96666 4.95245 4.93749 4.92186 4.90565 4.88894 4.87183 4.85441 4.83676 4.819 4.8012 4.78345 4.76585 4.74848 4.73142 4.71475 4.69852 4.68281 4.66767 4.65315 4.6393 4.62615 4.61373 4.60206 4.59116 4.58105 4.57173 4.5632 4.55546 4.54851 4.54234 4.53695 4.53231 4.52844 4.52531 4.52292 4.52127 4.52034 
4.51481 4.51536 4.51667 4.51875 4.52161 4.52524 4.52967 4.5349 4.54093 4.54779 4.55547 4.56398 4.57333 4.58351 4.59452 4.60634 4.61897 4.63237 4.64651 4.66137 4.67689 4.69303 4.70974 4.72693 4.74456 4.76253 4.78078 4.79921 4.81774 4.83628 4.85472 4.87298 4.89097 4.90858 4.92573 4.94233 4.95828 4.9735 4.98792 5.00146 5.01405 5.02562 5.03612 5.04549 5.05368 5.06066 5.06639 5.07084 5.07399 5.07582 5.07633 5.07551 5.07336 5.0699 5.06514 5.0591 5.05182 5.04333 5.03367 5.02289 5.01105 4.99822 4.98445 4.96982 4.95442 4.93832 4.92161 4.90438 4.88673 4.86875 4.85053 4.83218 4.81378 4.79543 4.77723 4.75925 4.74158 4.7243 4.70749 4.69119 4.67549 4.66042 4.64603 4.63237 4.61946 4.60733 4.596 4.58547 4.57577 4.56689 4.55883 4.55158 4.54515 4.53952 4.53469 4.53064 4.52737 4.52488 4.52315 4.52218 
4.51659 4.51716 4.51852 4.52068 4.52365 4.52743 4.53203 4.53746 4.54373 4.55085 4.55883 4.56767 4.57737 4.58794 4.59935 4.61161 4.62469 4.63858 4.65322 4.6686 4.68466 4.70136 4.71862 4.73639 4.75459 4.77315 4.79198 4.81099 4.83009 4.84918 4.86818 4.88698 4.90548 4.9236 4.94123 4.95828 4.97466 4.99029 5.0051 5.01899 5.0319 5.04376 5.05453 5.06413 5.07253 5.07968 5.08555 5.09011 5.09334 5.09522 5.09574 5.0949 5.0927 5.08916 5.08428 5.0781 5.07064 5.06194 5.05204 5.04099 5.02884 5.01567 5.00154 4.98652 4.97069 4.95415 4.93697 4.91924 4.90108 4.88256 4.8638 4.84489 4.82592 4.807 4.78821 4.76965 4.7514 4.73355 4.71616 4.69931 4.68306 4.66746 4.65256 4.63841 4.62503 4.61245 4.60069 4.58977 4.5797 4.57047 4.5621 4.55457 4.54788 4.54203 4.537 4.53279 4.52939 4.52679 4.52499 4.52398 
4.51832 4.51891 4.52032 4.52256 4.52563 4.52955 4.53431 4.53994 4.54644 4.55381 4.56208 4.57123 4.58127 4.5922 4.60401 4.61669 4.63021 4.64455 4.65968 4.67556 4.69214 4.70935 4.72716 4.74547 4.76422 4.78333 4.80271 4.82226 4.8419 4.86153 4.88105 4.90036 4.91935 4.93794 4.95602 4.9735 4.99029 5.00631 5.02147 5.03569 5.04891 5.06105 5.07206 5.08188 5.09047 5.09778 5.10379 5.10845 5.11175 5.11367 5.11421 5.11335 5.11111 5.10749 5.10251 5.09619 5.08856 5.07966 5.06954 5.05823 5.0458 5.03232 5.01784 5.00245 4.98623 4.96926 4.95164 4.93345 4.9148 4.89578 4.8765 4.85705 4.83755 4.81807 4.79873 4.77962 4.76082 4.74242 4.72449 4.70711 4.69033 4.67423 4.65884 4.64422 4.63038 4.61738 4.60522 4.59391 4.58349 4.57393 4.56526 4.55746 4.55052 4.54446 4.53924 4.53487 4.53134 4.52865 4.52677 4.52572 
4.51998 4.52059 4.52204 4.52436 4.52753 4.53158 4.53651 4.54232 4.54904 4.55666 4.56519 4.57464 4.585 4.59628 4.60847 4.62154 4.63548 4.65026 4.66585 4.6822 4.69926 4.71698 4.73528 4.75411 4.77338 4.79301 4.81291 4.83298 4.85313 4.87326 4.89326 4.91305 4.9325 4.95153 4.97004 4.98792 5.0051 5.02147 5.03696 5.05149 5.06499 5.07739 5.08863 5.09866 5.10742 5.11489 5.12101 5.12577 5.12914 5.1311 5.13165 5.13078 5.1285 5.12481 5.11973 5.11328 5.1055 5.09642 5.08608 5.07454 5.06185 5.04807 5.03327 5.01754 5.00094 4.98358 4.96554 4.94692 4.92781 4.90832 4.88855 4.86861 4.84859 4.8286 4.80874 4.78911 4.76978 4.75086 4.73242 4.71453 4.69727 4.68069 4.66483 4.64976 4.6355 4.62209 4.60954 4.59788 4.58711 4.57725 4.56828 4.56022 4.55306 4.54678 4.54139 4.53687 4.53322 4.53043 4.52849 4.5274 
4.52156 4.52219 4.52369 4.52607 4.52935 4.53352 4.53859 4.54459 4.5515 4.55935 4.56814 4.57787 4.58854 4.60015 4.61269 4.62613 4.64047 4.65566 4.67167 4.68847 4.70599 4.72417 4.74296 4.76227 4.78202 4.80214 4.82252 4.84307 4.8637 4.88429 4.90475 4.92498 4.94486 4.9643 4.9832 5.00146 5.01899 5.03569 5.05149 5.06631 5.08007 5.0927 5.10416 5.11437 5.1233 5.1309 5.13714 5.14199 5.14542 5.14742 5.14798 5.1471 5.14478 5.14103 5.13586 5.1293 5.12137 5.11212 5.10159 5.08983 5.07689 5.06284 5.04775 5.0317 5.01476 4.99703 4.97861 4.95958 4.94005 4.92012 4.8999 4.87949 4.859 4.83853 4.81818 4.79805 4.77824 4.75883 4.73991 4.72155 4.70382 4.68679 4.6705 4.65501 4.64034 4.62655 4.61364 4.60163 4.59055 4.58039 4.57115 4.56285 4.55546 4.54899 4.54343 4.53877 4.535 4.53212 4.53012 4.52899 
4.52306 4.5237 4.52524 4.52769 4.53105 4.53534 4.54056 4.54672 4.55383 4.56189 4.57092 4.58091 4.59187 4.60378 4.61665 4.63044 4.64514 4.66072 4.67713 4.69434 4.71228 4.7309 4.75013 4.76988 4.79009 4.81065 4.83148 4.85248 4.87355 4.89457 4.91545 4.93609 4.95636 4.97618 4.99544 5.01405 5.0319 5.04891 5.06499 5.08007 5.09407 5.10692 5.11857 5.12896 5.13804 5.14576 5.1521 5.15703 5.16052 5.16256 5.16313 5.16224 5.15988 5.15607 5.15082 5.14416 5.1361 5.1267 5.11599 5.10403 5.09087 5.07657 5.06121 5.04486 5.02761 5.00955 4.99076 4.97136 4.95144 4.93111 4.91047 4.88963 4.8687 4.84778 4.82698 4.8064 4.78614 4.76628 4.74691 4.72811 4.70995 4.6925 4.6758 4.65992 4.64488 4.63072 4.61748 4.60515 4.59377 4.58334 4.57385 4.56532 4.55773 4.55107 4.54536 4.54056 4.53669 4.53372 4.53166 4.5305 
4.52445 4.5251 4.52668 4.5292 4.53264 4.53704 4.54239 4.5487 4.55598 4.56425 4.5735 4.58373 4.59495 4.60715 4.62032 4.63443 4.64947 4.6654 4.68218 4.69976 4.7181 4.73712 4.75675 4.77691 4.79753 4.81851 4.83975 4.86116 4.88262 4.90404 4.92531 4.94631 4.96695 4.98711 5.0067 5.02562 5.04376 5.06105 5.07739 5.0927 5.10692 5.11997 5.1318 5.14234 5.15155 5.1594 5.16583 5.17083 5.17438 5.17644 5.17703 5.17613 5.17374 5.16987 5.16455 5.15779 5.14962 5.14008 5.12921 5.11707 5.1037 5.08918 5.07357 5.05696 5.03942 5.02105 5.00195 4.98221 4.96193 4.94123 4.9202 4.89897 4.87764 4.85631 4.8351 4.81411 4.79343 4.77315 4.75338 4.73417 4.71562 4.69778 4.68071 4.66446 4.64908 4.63459 4.62103 4.60842 4.59676 4.58607 4.57636 4.56761 4.55983 4.55301 4.54715 4.54223 4.53825 4.53521 4.53309 4.5319 
4.52573 4.5264 4.52801 4.53058 4.53411 4.5386 4.54407 4.55052 4.55796 4.56641 4.57586 4.58631 4.59777 4.61023 4.62367 4.63808 4.65342 4.66967 4.68678 4.70471 4.7234 4.74278 4.76278 4.78332 4.80431 4.82566 4.84727 4.86905 4.89087 4.91265 4.93426 4.9556 4.97656 4.99703 5.01692 5.03612 5.05453 5.07206 5.08863 5.10416 5.11857 5.1318 5.14378 5.15446 5.1638 5.17174 5.17826 5.18333 5.18692 5.18902 5.18961 5.1887 5.18628 5.18237 5.17699 5.17014 5.16187 5.1522 5.14119 5.12889 5.11534 5.10061 5.08479 5.06793 5.05014 5.0315 5.0121 4.99205 4.97145 4.95042 4.92905 4.90746 4.88577 4.86407 4.84249 4.82112 4.80006 4.77942 4.75927 4.7397 4.72078 4.70259 4.68519 4.66861 4.65291 4.63813 4.62429 4.6114 4.5995 4.58858 4.57865 4.56971 4.56175 4.55478 4.54879 4.54376 4.53969 4.53658 4.53441 4.53319 
4.52689 4.52757 4.52922 4.53183 4.53543 4.54001 4.54558 4.55216 4.55975 4.56836 4.57799 4.58864 4.60031 4.613 4.62669 4.64135 4.65697 4.67351 4.69092 4.70915 4.72816 4.74786 4.76818 4.78905 4.81038 4.83206 4.854 4.8761 4.89825 4.92034 4.94226 4.9639 4.98514 5.00589 5.02604 5.04549 5.06413 5.08188 5.09866 5.11437 5.12896 5.14234 5.15446 5.16527 5.17471 5.18275 5.18934 5.19446 5.1981 5.20022 5.20082 5.1999 5.19746 5.19351 5.18807 5.18115 5.17278 5.16301 5.15188 5.13942 5.12571 5.11081 5.09479 5.07773 5.05971 5.04082 5.02117 5.00085 4.97996 4.95863 4.93696 4.91506 4.89304 4.87102 4.8491 4.8274 4.80601 4.78502 4.76454 4.74465 4.72542 4.70691 4.6892 4.67234 4.65636 4.64131 4.62721 4.61409 4.60196 4.59083 4.58071 4.5716 4.56349 4.55638 4.55027 4.54514 4.54099 4.53781 4.5356 4.53436 
4.52792 4.52861 4.53028 4.53294 4.5366 4.54126 4.54692 4.55361 4.56133 4.57008 4.57986 4.59069 4.60255 4.61544 4.62934 4.64424 4.66009 4.67688 4.69455 4.71306 4.73233 4.75232 4.77293 4.79408 4.8157 4.83767 4.8599 4.88228 4.90471 4.92708 4.94926 4.97116 4.99266 5.01364 5.03402 5.05368 5.07253 5.09047 5.10742 5.1233 5.13804 5.15155 5.1638 5.17471 5.18424 5.19236 5.19902 5.20419 5.20786 5.21001 5.21062 5.20969 5.20723 5.20325 5.19775 5.19077 5.18232 5.17246 5.16121 5.14864 5.13479 5.11973 5.10354 5.08629 5.06807 5.04898 5.0291 5.00854 4.98741 4.96582 4.94388 4.92171 4.89941 4.8771 4.8549 4.8329 4.81122 4.78995 4.76918 4.749 4.72948 4.71071 4.69273 4.67561 4.65939 4.6441 4.62978 4.61645 4.60413 4.59282 4.58253 4.57327 4.56503 4.5578 4.55158 4.54636 4.54214 4.53891 4.53666 4.53539 
4.5288 4.5295 4.5312 4.5339 4.53761 4.54233 4.54808 4.55486 4.56268 4.57156 4.58148 4.59245 4.60447 4.61753 4.63162 4.64671 4.66277 4.67977 4.69766 4.71639 4.7359 4.75613 4.77698 4.79838 4.82024 4.84246 4.86493 4.88756 4.91022 4.93282 4.95523 4.97735 4.99906 5.02025 5.04082 5.06066 5.07968 5.09778 5.11489 5.1309 5.14576 5.1594 5.17174 5.18275 5.19236 5.20054 5.20725 5.21247 5.21617 5.21833 5.21895 5.21802 5.21554 5.21153 5.20599 5.19895 5.19044 5.1805 5.16916 5.15648 5.14251 5.12732 5.11099 5.09359 5.0752 5.05592 5.03586 5.0151 4.99376 4.97195 4.94979 4.92738 4.90484 4.88229 4.85984 4.8376 4.81567 4.79415 4.77313 4.75271 4.73296 4.71396 4.69575 4.67841 4.66198 4.6465 4.63199 4.61848 4.60599 4.59453 4.5841 4.57471 4.56635 4.55902 4.55271 4.54742 4.54313 4.53985 4.53757 4.53628 
4.52954 4.53025 4.53197 4.5347 4.53845 4.54323 4.54904 4.5559 4.56381 4.57278 4.58282 4.59391 4.60606 4.61927 4.6335 4.64875 4.66498 4.68215 4.70022 4.71914 4.73885 4.75926 4.78031 4.80192 4.82398 4.84639 4.86907 4.89189 4.91475 4.93754 4.96014 4.98243 5.00431 5.02567 5.0464 5.06639 5.08555 5.10379 5.12101 5.13714 5.1521 5.16583 5.17826 5.18934 5.19902 5.20725 5.21401 5.21926 5.22299 5.22517 5.22579 5.22486 5.22237 5.21833 5.21275 5.20567 5.19711 5.18709 5.17568 5.16291 5.14885 5.13355 5.1171 5.09957 5.08105 5.06163 5.0414 5.02048 4.99898 4.97699 4.95464 4.93204 4.90931 4.88656 4.86391 4.84146 4.81933 4.79761 4.77639 4.75577 4.73583 4.71663 4.69824 4.68073 4.66412 4.64848 4.63381 4.62016 4.60753 4.59594 4.5854 4.5759 4.56744 4.56003 4.55365 4.54829 4.54396 4.54064 4.53833 4.53703 
4.53013 4.53085 4.53258 4.53533 4.53912 4.54394 4.5498 4.55672 4.5647 4.57375 4.58387 4.59506 4.60731 4.62062 4.63497 4.65034 4.6667 4.68401 4.70222 4.72129 4.74114 4.76171 4.78291 4.80467 4.82688 4.84946 4.87229 4.89526 4.91827 4.94121 4.96395 4.98638 5.0084 5.02988 5.05073 5.07084 5.09011 5.10845 5.12577 5.14199 5.15703 5.17083 5.18333 5.19446 5.20419 5.21247 5.21926 5.22454 5.22829 5.23048 5.23111 5.23017 5.22767 5.22361 5.21801 5.21089 5.20228 5.19222 5.18075 5.16791 5.15377 5.13839 5.12185 5.10422 5.08559 5.06606 5.04571 5.02467 5.00302 4.9809 4.9584 4.93566 4.91278 4.88988 4.86707 4.84447 4.82218 4.8003 4.77893 4.75815 4.73806 4.71872 4.70019 4.68253 4.6658 4.65002 4.63524 4.62147 4.60874 4.59705 4.58642 4.57684 4.56831 4.56083 4.55439 4.54899 4.54462 4.54127 4.53894 4.53762 
4.53056 4.53128 4.53302 4.5358 4.5396 4.54445 4.55035 4.55732 4.56535 4.57445 4.58463 4.59588 4.60821 4.6216 4.63603 4.65149 4.66793 4.68534 4.70365 4.72281 4.74277 4.76344 4.78476 4.80662 4.82894 4.85163 4.87456 4.89765 4.92076 4.9438 4.96664 4.98917 5.01128 5.03286 5.0538 5.07399 5.09334 5.11175 5.12914 5.14542 5.16052 5.17438 5.18692 5.1981 5.20786 5.21617 5.22299 5.22829 5.23205 5.23425 5.23488 5.23394 5.23143 5.22735 5.22173 5.21459 5.20595 5.19585 5.18434 5.17145 5.15726 5.14182 5.12521 5.10751 5.08881 5.06919 5.04876 5.02762 5.00589 4.98366 4.96107 4.93822 4.91523 4.89222 4.86931 4.84659 4.82419 4.8022 4.78073 4.75985 4.73965 4.7202 4.70157 4.68382 4.66699 4.65113 4.63626 4.62241 4.60961 4.59785 4.58715 4.57751 4.56893 4.56141 4.55493 4.54949 4.54509 4.54172 4.53938 4.53806 
4.53083 4.53156 4.5333 4.53609 4.53991 4.54477 4.5507 4.55768 4.56574 4.57487 4.58509 4.59638 4.60875 4.62218 4.63666 4.65216 4.66866 4.68612 4.70449 4.72371 4.74373 4.76446 4.78583 4.80776 4.83015 4.85289 4.87589 4.89904 4.92221 4.94531 4.96821 4.9908 5.01296 5.03459 5.05558 5.07582 5.09522 5.11367 5.1311 5.14742 5.16256 5.17644 5.18902 5.20022 5.21001 5.21833 5.22517 5.23048 5.23425 5.23645 5.23708 5.23614 5.23362 5.22954 5.22391 5.21675 5.20809 5.19797 5.18643 5.17352 5.15929 5.14382 5.12717 5.10943 5.09068 5.07101 5.05053 5.02934 5.00755 4.98527 4.96262 4.93971 4.91666 4.89359 4.87061 4.84783 4.82537 4.80332 4.78178 4.76084 4.74058 4.72107 4.70239 4.68458 4.6677 4.65178 4.63687 4.62298 4.61013 4.59833 4.5876 4.57792 4.56931 4.56176 4.55526 4.54981 4.54539 4.54201 4.53966 4.53833 
