6.08664 6.08682 6.08711 6.08751 6.08802 6.08863 6.08935 6.09017 6.09111 6.09215 6.09329 6.09455 6.09591 6.09738 6.09895 6.10063 6.10241 6.10429 6.10626 6.10833 6.11048 6.11272 6.11503 6.11741 6.11985 6.12234 6.12488 6.12745 6.13004 6.13265 6.13525 6.13785 6.14042 6.14295 6.14542 6.14784 6.15017 6.15242 6.15456 6.15658 6.15847 6.16022 6.16183 6.16327 6.16453 6.16563 6.16653 6.16725 6.16777 6.16809 6.16821 6.16813 6.16785 6.16737 6.1667 6.16584 6.1648 6.16358 6.16219 6.16064 6.15895 6.15711 6.15516 6.15308 6.15091 6.14866 6.14632 6.14393 6.14149 6.13902 6.13653 6.13403 6.13153 6.12906 6.12661 6.1242 6.12185 6.11955 6.11732 6.11516 6.11309 6.11111 6.10922 6.10742 6.10573 6.10415 6.10267 6.10131 6.10005 6.09891 6.09788 6.09697 6.09616 6.09547 6.09489 6.09442 6.09406 6.09381 6.09367 6.09364 
6.08682 6.08701 6.0873 6.0877 6.0882 6.08882 6.08954 6.09037 6.09131 6.09236 6.09351 6.09477 6.09614 6.09762 6.09921 6.10089 6.10268 6.10457 6.10656 6.10864 6.1108 6.11305 6.11538 6.11778 6.12023 6.12274 6.1253 6.12789 6.1305 6.13312 6.13575 6.13836 6.14094 6.14349 6.14599 6.14842 6.15077 6.15303 6.15518 6.15722 6.15912 6.16089 6.1625 6.16395 6.16523 6.16633 6.16724 6.16796 6.16848 6.1688 6.16892 6.16884 6.16856 6.16808 6.16741 6.16654 6.16549 6.16426 6.16286 6.1613 6.15959 6.15775 6.15578 6.15369 6.1515 6.14923 6.14688 6.14447 6.14202 6.13953 6.13702 6.1345 6.13199 6.1295 6.12703 6.12461 6.12223 6.11992 6.11767 6.1155 6.11341 6.11142 6.10951 6.10771 6.10601 6.10441 6.10293 6.10155 6.10029 6.09914 6.0981 6.09718 6.09637 6.09567 6.09509 6.09461 6.09425 6.094 6.09386 6.09383 
6.08711 6.0873 6.08759 6.088 6.08851 6.08913 6.08987 6.09071 6.09166 6.09273 6.0939 6.09518 6.09658 6.09808 6.09969 6.1014 6.10322 6.10515 6.10717 6.10928 6.11148 6.11377 6.11614 6.11857 6.12107 6.12363 6.12623 6.12886 6.13152 6.13418 6.13685 6.13951 6.14214 6.14473 6.14727 6.14974 6.15213 6.15442 6.15661 6.15868 6.16062 6.16241 6.16405 6.16553 6.16682 6.16794 6.16887 6.1696 6.17013 6.17046 6.17058 6.1705 6.17021 6.16972 6.16903 6.16815 6.16708 6.16583 6.1644 6.16282 6.16108 6.15921 6.1572 6.15508 6.15285 6.15054 6.14815 6.1457 6.1432 6.14067 6.13811 6.13555 6.133 6.13046 6.12795 6.12548 6.12307 6.12071 6.11842 6.11621 6.11409 6.11206 6.11012 6.10828 6.10655 6.10492 6.10341 6.10201 6.10072 6.09955 6.09849 6.09755 6.09672 6.09601 6.09541 6.09493 6.09456 6.0943 6.09415 6.09412 
6.08751 6.0877 6.088 6.08841 6.08893 6.08957 6.09032 6.09119 6.09216 6.09325 6.09446 6.09578 6.09721 6.09875 6.1004 6.10216 6.10403 6.10601 6.10808 6.11026 6.11252 6.11487 6.1173 6.1198 6.12237 6.12499 6.12766 6.13037 6.13309 6.13583 6.13857 6.1413 6.144 6.14666 6.14926 6.1518 6.15425 6.15661 6.15886 6.16098 6.16297 6.1648 6.16648 6.16799 6.16933 6.17047 6.17142 6.17217 6.17271 6.17304 6.17317 6.17308 6.17279 6.17228 6.17157 6.17067 6.16957 6.16828 6.16682 6.16519 6.16341 6.16148 6.15942 6.15724 6.15496 6.15258 6.15013 6.14761 6.14504 6.14244 6.13981 6.13718 6.13456 6.13195 6.12937 6.12683 6.12435 6.12193 6.11958 6.1173 6.11512 6.11302 6.11103 6.10914 6.10735 6.10568 6.10412 6.10268 6.10135 6.10014 6.09905 6.09808 6.09722 6.09649 6.09587 6.09537 6.09498 6.09471 6.09456 6.09452 
6.08802 6.0882 6.08851 6.08893 6.08947 6.09013 6.09091 6.0918 6.09281 6.09394 6.09519 6.09655 6.09804 6.09963 6.10135 6.10318 6.10511 6.10716 6.10931 6.11157 6.11391 6.11635 6.11887 6.12146 6.12412 6.12684 6.12961 6.13241 6.13523 6.13807 6.14091 6.14373 6.14653 6.14928 6.15198 6.1546 6.15714 6.15958 6.1619 6.1641 6.16615 6.16805 6.16979 6.17135 6.17273 6.17391 6.17489 6.17566 6.17622 6.17656 6.17669 6.1766 6.17629 6.17577 6.17503 6.17409 6.17295 6.17162 6.17011 6.16842 6.16657 6.16458 6.16244 6.16018 6.15782 6.15535 6.15281 6.1502 6.14754 6.14484 6.14212 6.13939 6.13667 6.13396 6.13129 6.12866 6.12608 6.12357 6.12112 6.11876 6.11649 6.11432 6.11224 6.11028 6.10842 6.10668 6.10506 6.10356 6.10217 6.10091 6.09978 6.09876 6.09787 6.0971 6.09646 6.09593 6.09552 6.09524 6.09507 6.09503 
6.08863 6.08882 6.08913 6.08957 6.09013 6.09082 6.09162 6.09255 6.09361 6.09479 6.09609 6.09752 6.09906 6.10073 6.10253 6.10444 6.10646 6.1086 6.11085 6.11321 6.11566 6.11821 6.12084 6.12355 6.12633 6.12917 6.13206 6.13498 6.13794 6.1409 6.14386 6.14681 6.14972 6.15259 6.15541 6.15814 6.16079 6.16333 6.16575 6.16804 6.17018 6.17216 6.17397 6.1756 6.17703 6.17826 6.17927 6.18008 6.18066 6.18101 6.18114 6.18104 6.18072 6.18017 6.1794 6.17842 6.17723 6.17584 6.17426 6.1725 6.17057 6.16848 6.16626 6.1639 6.16143 6.15885 6.1562 6.15347 6.15069 6.14787 6.14503 6.14218 6.13933 6.1365 6.13371 6.13095 6.12826 6.12563 6.12307 6.1206 6.11822 6.11594 6.11377 6.11171 6.10976 6.10793 6.10623 6.10465 6.1032 6.10187 6.10068 6.09961 6.09867 6.09786 6.09717 6.09661 6.09618 6.09588 6.0957 6.09564 
6.08935 6.08954 6.08987 6.09032 6.09091 6.09162 6.09247 6.09345 6.09455 6.09579 6.09716 6.09866 6.10029 6.10205 6.10394 6.10595 6.10808 6.11033 6.1127 6.11518 6.11776 6.12044 6.12321 6.12607 6.12899 6.13198 6.13502 6.13809 6.14119 6.14431 6.14742 6.15051 6.15358 6.15659 6.15954 6.16242 6.16519 6.16786 6.1704 6.1728 6.17505 6.17712 6.17902 6.18072 6.18222 6.1835 6.18457 6.18541 6.18601 6.18638 6.18652 6.18641 6.18607 6.18549 6.18468 6.18365 6.18239 6.18093 6.17927 6.17742 6.17539 6.1732 6.17086 6.16838 6.16578 6.16308 6.16029 6.15742 6.1545 6.15153 6.14854 6.14554 6.14254 6.13957 6.13662 6.13372 6.13088 6.12811 6.12541 6.1228 6.1203 6.11789 6.1156 6.11342 6.11136 6.10943 6.10763 6.10596 6.10442 6.10301 6.10174 6.10061 6.09961 6.09875 6.09802 6.09742 6.09696 6.09663 6.09643 6.09636 
6.09017 6.09037 6.09071 6.09119 6.0918 6.09255 6.09345 6.09448 6.09565 6.09696 6.09841 6.09999 6.10172 6.10358 6.10558 6.10771 6.10997 6.11235 6.11486 6.11749 6.12022 6.12306 6.12599 6.12901 6.1321 6.13526 6.13847 6.14173 6.14501 6.1483 6.15159 6.15485 6.15809 6.16127 6.16439 6.16742 6.17035 6.17316 6.17584 6.17837 6.18074 6.18292 6.18492 6.18671 6.18829 6.18964 6.19076 6.19165 6.19228 6.19267 6.19281 6.19269 6.19232 6.19171 6.19086 6.18976 6.18844 6.18689 6.18514 6.18318 6.18104 6.17872 6.17625 6.17363 6.17088 6.16803 6.16507 6.16204 6.15895 6.15581 6.15265 6.14947 6.1463 6.14315 6.14003 6.13696 6.13395 6.13101 6.12815 6.12538 6.12272 6.12017 6.11773 6.11541 6.11323 6.11117 6.10926 6.10747 6.10584 6.10434 6.10298 6.10177 6.1007 6.09978 6.09899 6.09835 6.09785 6.09749 6.09727 6.0972 
6.09111 6.09131 6.09166 6.09216 6.09281 6.09361 6.09455 6.09565 6.09689 6.09828 6.09982 6.10151 6.10335 6.10533 6.10745 6.10972 6.11212 6.11466 6.11733 6.12012 6.12303 6.12605 6.12917 6.13238 6.13566 6.13902 6.14243 6.14589 6.14937 6.15286 6.15635 6.15982 6.16325 6.16663 6.16993 6.17315 6.17625 6.17923 6.18207 6.18475 6.18725 6.18956 6.19168 6.19357 6.19524 6.19667 6.19785 6.19878 6.19945 6.19986 6.2 6.19987 6.19948 6.19883 6.19792 6.19676 6.19535 6.19371 6.19185 6.18977 6.1875 6.18504 6.18241 6.17963 6.17672 6.17368 6.17055 6.16733 6.16405 6.16071 6.15735 6.15398 6.1506 6.14725 6.14393 6.14066 6.13745 6.13432 6.13128 6.12833 6.12549 6.12277 6.12016 6.11769 6.11536 6.11316 6.11111 6.1092 6.10745 6.10584 6.10439 6.10309 6.10194 6.10094 6.1001 6.0994 6.09886 6.09847 6.09823 6.09814 
6.09215 6.09236 6.09273 6.09325 6.09394 6.09479 6.09579 6.09696 6.09828 6.09977 6.10141 6.10321 6.10517 6.10729 6.10956 6.11198 6.11455 6.11726 6.12011 6.12309 6.12619 6.12941 6.13274 6.13616 6.13967 6.14325 6.14689 6.15057 6.15428 6.158 6.16172 6.16541 6.16906 6.17266 6.17617 6.17959 6.18289 6.18605 6.18907 6.19191 6.19457 6.19703 6.19927 6.20128 6.20305 6.20456 6.20582 6.2068 6.20751 6.20794 6.20808 6.20794 6.20752 6.20683 6.20586 6.20462 6.20312 6.20137 6.19939 6.19718 6.19476 6.19214 6.18934 6.18638 6.18328 6.18005 6.17671 6.17328 6.16978 6.16622 6.16264 6.15904 6.15544 6.15186 6.14832 6.14482 6.1414 6.13805 6.1348 6.13164 6.1286 6.12569 6.1229 6.12025 6.11775 6.11539 6.11319 6.11115 6.10926 6.10753 6.10597 6.10456 6.10332 6.10225 6.10133 6.10058 6.09999 6.09956 6.09929 6.09918 
6.09329 6.09351 6.0939 6.09446 6.09519 6.09609 6.09716 6.09841 6.09982 6.10141 6.10317 6.1051 6.1072 6.10946 6.11189 6.11449 6.11724 6.12014 6.12319 6.12638 6.1297 6.13315 6.13671 6.14037 6.14412 6.14795 6.15184 6.15577 6.15973 6.16371 6.16767 6.17161 6.17551 6.17934 6.18309 6.18673 6.19025 6.19362 6.19683 6.19986 6.20269 6.20531 6.20769 6.20983 6.21171 6.21332 6.21465 6.21569 6.21644 6.21689 6.21704 6.21689 6.21644 6.21569 6.21465 6.21333 6.21173 6.20987 6.20775 6.20539 6.20281 6.20001 6.19703 6.19387 6.19055 6.1871 6.18354 6.17987 6.17613 6.17234 6.1685 6.16465 6.16081 6.15698 6.15318 6.14945 6.14578 6.14219 6.1387 6.13532 6.13206 6.12893 6.12594 6.12309 6.1204 6.11787 6.1155 6.1133 6.11126 6.1094 6.10771 6.1062 6.10485 6.10369 6.1027 6.10188 6.10124 6.10076 6.10047 6.10034 
6.09455 6.09477 6.09518 6.09578 6.09655 6.09752 6.09866 6.09999 6.10151 6.10321 6.1051 6.10717 6.10942 6.11185 6.11446 6.11724 6.12019 6.1233 6.12657 6.13 6.13356 6.13725 6.14107 6.14499 6.14901 6.15311 6.15727 6.16148 6.16572 6.16997 6.17421 6.17842 6.18258 6.18668 6.19068 6.19457 6.19832 6.20192 6.20534 6.20857 6.21159 6.21438 6.21692 6.21919 6.2212 6.22291 6.22432 6.22543 6.22623 6.2267 6.22686 6.2267 6.22621 6.22541 6.2243 6.22288 6.22117 6.21918 6.21691 6.21439 6.21163 6.20865 6.20545 6.20208 6.19853 6.19484 6.19103 6.18711 6.18311 6.17904 6.17494 6.17082 6.16669 6.16259 6.15853 6.15452 6.15058 6.14673 6.14299 6.13936 6.13585 6.13249 6.12927 6.12621 6.12331 6.12058 6.11803 6.11565 6.11346 6.11145 6.10962 6.10798 6.10653 6.10527 6.10419 6.1033 6.1026 6.10208 6.10175 6.1016 
6.09591 6.09614 6.09658 6.09721 6.09804 6.09906 6.10029 6.10172 6.10335 6.10517 6.1072 6.10942 6.11184 6.11445 6.11725 6.12023 6.1234 6.12675 6.13026 6.13393 6.13775 6.14172 6.14581 6.15002 6.15432 6.15871 6.16317 6.16768 6.17222 6.17677 6.18131 6.18582 6.19027 6.19465 6.19892 6.20308 6.20709 6.21093 6.21459 6.21804 6.22126 6.22423 6.22694 6.22936 6.23149 6.23332 6.23483 6.236 6.23685 6.23735 6.23752 6.23733 6.23681 6.23595 6.23476 6.23325 6.23142 6.22928 6.22686 6.22416 6.22121 6.21802 6.2146 6.21099 6.2072 6.20325 6.19916 6.19497 6.19068 6.18633 6.18193 6.17751 6.17309 6.16869 6.16433 6.16003 6.1558 6.15167 6.14765 6.14374 6.13998 6.13636 6.1329 6.1296 6.12648 6.12354 6.12078 6.11822 6.11585 6.11367 6.1117 6.10993 6.10835 6.10698 6.10581 6.10484 6.10408 6.10351 6.10314 6.10297 
6.09738 6.09762 6.09808 6.09875 6.09963 6.10073 6.10205 6.10358 6.10533 6.10729 6.10946 6.11185 6.11445 6.11725 6.12026 6.12347 6.12687 6.13046 6.13424 6.13818 6.14228 6.14654 6.15093 6.15544 6.16006 6.16477 6.16955 6.17438 6.17924 6.18411 6.18897 6.19379 6.19856 6.20323 6.20781 6.21225 6.21653 6.22064 6.22454 6.22822 6.23166 6.23483 6.23772 6.24031 6.24258 6.24452 6.24613 6.24738 6.24828 6.24881 6.24898 6.24878 6.24822 6.2473 6.24602 6.2444 6.24244 6.24016 6.23757 6.23468 6.23152 6.22811 6.22446 6.22059 6.21653 6.2123 6.20793 6.20344 6.19885 6.19418 6.18947 6.18473 6.18 6.17527 6.1706 6.16598 6.16144 6.157 6.15267 6.14848 6.14443 6.14053 6.13681 6.13326 6.12989 6.12672 6.12375 6.12098 6.11842 6.11608 6.11394 6.11202 6.11032 6.10883 6.10756 6.10651 6.10567 6.10505 6.10464 6.10445 
6.09895 6.09921 6.09969 6.1004 6.10135 6.10253 6.10394 6.10558 6.10745 6.10956 6.11189 6.11446 6.11725 6.12026 6.12349 6.12694 6.13059 6.13445 6.1385 6.14273 6.14714 6.1517 6.15641 6.16125 6.1662 6.17125 6.17637 6.18155 6.18675 6.19197 6.19717 6.20233 6.20742 6.21242 6.21731 6.22206 6.22663 6.23102 6.23519 6.23912 6.24278 6.24617 6.24925 6.252 6.25443 6.2565 6.2582 6.25954 6.26049 6.26106 6.26123 6.26102 6.26041 6.25942 6.25806 6.25632 6.25422 6.25178 6.24901 6.24593 6.24255 6.2389 6.23499 6.23085 6.22651 6.22199 6.21731 6.2125 6.20758 6.20259 6.19754 6.19246 6.18738 6.18232 6.1773 6.17235 6.16748 6.16271 6.15806 6.15355 6.1492 6.14501 6.141 6.13718 6.13355 6.13014 6.12693 6.12395 6.12119 6.11865 6.11634 6.11427 6.11242 6.11081 6.10943 6.10829 6.10738 6.1067 6.10625 6.10604 
6.10063 6.10089 6.1014 6.10216 6.10318 6.10444 6.10595 6.10771 6.10972 6.11198 6.11449 6.11724 6.12023 6.12347 6.12694 6.13064 6.13456 6.1387 6.14305 6.14759 6.15231 6.15721 6.16226 6.16744 6.17275 6.17815 6.18364 6.18918 6.19475 6.20032 6.20589 6.2114 6.21685 6.22219 6.22741 6.23248 6.23736 6.24204 6.24649 6.25068 6.25459 6.2582 6.26148 6.26442 6.267 6.26921 6.27102 6.27244 6.27345 6.27405 6.27423 6.274 6.27335 6.27229 6.27083 6.26897 6.26673 6.26412 6.26116 6.25787 6.25426 6.25035 6.24618 6.24176 6.23711 6.23228 6.22727 6.22213 6.21687 6.21152 6.20612 6.20068 6.19524 6.18982 6.18444 6.17912 6.1739 6.16878 6.1638 6.15896 6.15428 6.14977 6.14546 6.14135 6.13745 6.13378 6.13032 6.12711 6.12413 6.12139 6.1189 6.11666 6.11466 6.11292 6.11143 6.11019 6.10919 6.10845 6.10796 6.10772 
6.10241 6.10268 6.10322 6.10403 6.10511 6.10646 6.10808 6.10997 6.11212 6.11455 6.11724 6.12019 6.1234 6.12687 6.13059 6.13456 6.13877 6.14321 6.14787 6.15273 6.1578 6.16304 6.16845 6.174 6.17968 6.18546 6.19132 6.19725 6.2032 6.20916 6.2151 6.22099 6.22681 6.23251 6.23808 6.24349 6.2487 6.25369 6.25843 6.26289 6.26706 6.2709 6.2744 6.27752 6.28027 6.28261 6.28455 6.28605 6.28712 6.28776 6.28795 6.28769 6.287 6.28587 6.2843 6.28232 6.27993 6.27715 6.27399 6.27047 6.26661 6.26245 6.25799 6.25327 6.24831 6.24315 6.2378 6.2323 6.22668 6.22097 6.21519 6.20937 6.20355 6.19774 6.19198 6.18629 6.1807 6.17521 6.16987 6.16467 6.15965 6.15482 6.15019 6.14578 6.14159 6.13763 6.13392 6.13046 6.12725 6.1243 6.12161 6.11919 6.11704 6.11516 6.11354 6.1122 6.11112 6.11032 6.10978 6.10951 
6.10429 6.10457 6.10515 6.10601 6.10716 6.1086 6.11033 6.11235 6.11466 6.11726 6.12014 6.1233 6.12675 6.13046 6.13445 6.1387 6.14321 6.14796 6.15295 6.15816 6.16357 6.16918 6.17497 6.1809 6.18697 6.19315 6.19941 6.20574 6.2121 6.21846 6.2248 6.23108 6.23728 6.24336 6.2493 6.25505 6.26061 6.26592 6.27096 6.27572 6.28015 6.28423 6.28795 6.29128 6.29419 6.29668 6.29873 6.30033 6.30147 6.30214 6.30234 6.30206 6.30132 6.30011 6.29844 6.29633 6.29378 6.29081 6.28744 6.28369 6.27959 6.27514 6.27039 6.26536 6.26007 6.25456 6.24886 6.24299 6.23699 6.23089 6.22472 6.21851 6.21229 6.20608 6.19993 6.19384 6.18785 6.18198 6.17626 6.1707 6.16532 6.16014 6.15517 6.15044 6.14594 6.14169 6.13771 6.13398 6.13054 6.12737 6.12448 6.12187 6.11955 6.11752 6.11578 6.11432 6.11316 6.11228 6.1117 6.1114 
6.10626 6.10656 6.10717 6.10808 6.10931 6.11085 6.1127 6.11486 6.11733 6.12011 6.12319 6.12657 6.13026 6.13424 6.1385 6.14305 6.14787 6.15295 6.15828 6.16385 6.16963 6.17562 6.1818 6.18814 6.19461 6.20121 6.20789 6.21463 6.22141 6.22819 6.23494 6.24163 6.24823 6.2547 6.26102 6.26714 6.27305 6.2787 6.28406 6.28911 6.29382 6.29816 6.3021 6.30563 6.30873 6.31137 6.31355 6.31524 6.31644 6.31715 6.31736 6.31706 6.31627 6.31498 6.3132 6.31095 6.30824 6.30508 6.3015 6.29751 6.29314 6.28841 6.28335 6.27799 6.27237 6.2665 6.26042 6.25417 6.24778 6.24128 6.2347 6.22807 6.22143 6.21481 6.20824 6.20174 6.19534 6.18907 6.18295 6.17701 6.17125 6.16571 6.1604 6.15532 6.15051 6.14596 6.14168 6.13769 6.13399 6.13058 6.12748 6.12468 6.12218 6.12 6.11812 6.11655 6.1153 6.11435 6.11371 6.11339 
6.10833 6.10864 6.10928 6.11026 6.11157 6.11321 6.11518 6.11749 6.12012 6.12309 6.12638 6.13 6.13393 6.13818 6.14273 6.14759 6.15273 6.15816 6.16385 6.16979 6.17596 6.18235 6.18893 6.19568 6.20258 6.2096 6.21672 6.2239 6.23111 6.23832 6.2455 6.25261 6.25963 6.26651 6.27321 6.27972 6.28599 6.29198 6.29767 6.30303 6.30802 6.31263 6.31681 6.32055 6.32383 6.32663 6.32893 6.33072 6.332 6.33274 6.33296 6.33264 6.33179 6.33042 6.32853 6.32614 6.32326 6.31991 6.3161 6.31186 6.30722 6.3022 6.29682 6.29113 6.28515 6.27891 6.27245 6.2658 6.259 6.25208 6.24508 6.23803 6.23096 6.22391 6.2169 6.20998 6.20315 6.19647 6.18994 6.18359 6.17745 6.17153 6.16585 6.16043 6.15528 6.15041 6.14583 6.14156 6.13759 6.13395 6.13062 6.12761 6.12494 6.12259 6.12057 6.11889 6.11753 6.11651 6.11582 6.11547 
6.11048 6.1108 6.11148 6.11252 6.11391 6.11566 6.11776 6.12022 6.12303 6.12619 6.1297 6.13356 6.13775 6.14228 6.14714 6.15231 6.1578 6.16357 6.16963 6.17596 6.18253 6.18933 6.19633 6.20351 6.21085 6.21832 6.22588 6.2335 6.24116 6.24882 6.25644 6.26399 6.27143 6.27873 6.28584 6.29274 6.29938 6.30573 6.31176 6.31744 6.32272 6.32759 6.33202 6.33598 6.33945 6.34241 6.34484 6.34673 6.34808 6.34886 6.34908 6.34874 6.34784 6.34639 6.34439 6.34185 6.33879 6.33524 6.3312 6.32671 6.32179 6.31646 6.31076 6.30473 6.29838 6.29176 6.28491 6.27785 6.27063 6.26328 6.25584 6.24835 6.24084 6.23334 6.22589 6.21852 6.21126 6.20414 6.19719 6.19043 6.18388 6.17757 6.17151 6.16573 6.16023 6.15503 6.15015 6.14558 6.14135 6.13744 6.13388 6.13067 6.1278 6.12529 6.12312 6.12132 6.11986 6.11876 6.11802 6.11763 
6.11272 6.11305 6.11377 6.11487 6.11635 6.11821 6.12044 6.12306 6.12605 6.12941 6.13315 6.13725 6.14172 6.14654 6.1517 6.15721 6.16304 6.16918 6.17562 6.18235 6.18933 6.19655 6.20399 6.21161 6.2194 6.22732 6.23534 6.24343 6.25155 6.25966 6.26774 6.27573 6.28361 6.29134 6.29886 6.30616 6.31318 6.3199 6.32628 6.33227 6.33786 6.343 6.34768 6.35186 6.35552 6.35865 6.36121 6.36321 6.36463 6.36545 6.36568 6.36532 6.36436 6.36282 6.3607 6.35802 6.35479 6.35103 6.34676 6.342 6.33679 6.33116 6.32513 6.31873 6.31202 6.30501 6.29775 6.29027 6.28262 6.27483 6.26695 6.259 6.25103 6.24307 6.23517 6.22734 6.21963 6.21207 6.20468 6.19749 6.19053 6.18382 6.17737 6.17122 6.16536 6.15982 6.15462 6.14975 6.14523 6.14107 6.13727 6.13384 6.13077 6.12809 6.12577 6.12384 6.12228 6.1211 6.1203 6.11988 
6.11503 6.11538 6.11614 6.1173 6.11887 6.12084 6.12321 6.12599 6.12917 6.13274 6.13671 6.14107 6.14581 6.15093 6.15641 6.16226 6.16845 6.17497 6.1818 6.18893 6.19633 6.20399 6.21187 6.21995 6.2282 6.23658 6.24507 6.25363 6.26222 6.2708 6.27934 6.28779 6.29612 6.30428 6.31223 6.31993 6.32735 6.33444 6.34116 6.34749 6.35338 6.35881 6.36374 6.36814 6.372 6.37529 6.378 6.3801 6.38159 6.38245 6.38269 6.38231 6.38129 6.37966 6.37743 6.37459 6.37118 6.36721 6.3627 6.35768 6.35218 6.34623 6.33986 6.33311 6.32601 6.3186 6.31093 6.30302 6.29493 6.2867 6.27835 6.26994 6.2615 6.25308 6.24471 6.23642 6.22824 6.22023 6.21239 6.20477 6.19738 6.19025 6.18341 6.17687 6.17065 6.16476 6.15922 6.15405 6.14924 6.14481 6.14076 6.13711 6.13384 6.13098 6.12851 6.12644 6.12478 6.12351 6.12265 6.1222 
6.11741 6.11778 6.11857 6.1198 6.12146 6.12355 6.12607 6.12901 6.13238 6.13616 6.14037 6.14499 6.15002 6.15544 6.16125 6.16744 6.174 6.1809 6.18814 6.19568 6.20351 6.21161 6.21995 6.22849 6.23721 6.24607 6.25504 6.26408 6.27314 6.2822 6.29121 6.30013 6.30891 6.31751 6.32589 6.33401 6.34182 6.34929 6.35637 6.36303 6.36923 6.37494 6.38012 6.38476 6.38882 6.39228 6.39512 6.39733 6.39889 6.3998 6.40005 6.39964 6.39857 6.39685 6.39449 6.39151 6.38791 6.38373 6.37898 6.37369 6.36789 6.36162 6.35491 6.34779 6.34031 6.33249 6.3244 6.31606 6.30752 6.29883 6.29002 6.28114 6.27223 6.26333 6.25447 6.24571 6.23707 6.22859 6.22029 6.21222 6.2044 6.19685 6.1896 6.18267 6.17607 6.16983 6.16396 6.15846 6.15336 6.14865 6.14435 6.14047 6.137 6.13395 6.13132 6.12912 6.12735 6.126 6.12508 6.12459 
6.11985 6.12023 6.12107 6.12237 6.12412 6.12633 6.12899 6.1321 6.13566 6.13967 6.14412 6.14901 6.15432 6.16006 6.1662 6.17275 6.17968 6.18697 6.19461 6.20258 6.21085 6.2194 6.2282 6.23721 6.2464 6.25575 6.2652 6.27472 6.28428 6.29382 6.3033 6.31269 6.32193 6.33098 6.33979 6.34833 6.35654 6.36439 6.37183 6.37883 6.38534 6.39134 6.39678 6.40165 6.40591 6.40954 6.41252 6.41483 6.41647 6.41742 6.41768 6.41725 6.41612 6.41431 6.41183 6.40869 6.40491 6.40051 6.39552 6.38996 6.38387 6.37727 6.37021 6.36273 6.35485 6.34663 6.33811 6.32934 6.32035 6.31119 6.30191 6.29255 6.28315 6.27377 6.26443 6.25519 6.24607 6.23711 6.22836 6.21983 6.21157 6.20359 6.19593 6.1886 6.18162 6.17501 6.1688 6.16298 6.15757 6.15259 6.14803 6.14391 6.14023 6.13699 6.13421 6.13187 6.12998 6.12855 6.12757 6.12705 
6.12234 6.12274 6.12363 6.12499 6.12684 6.12917 6.13198 6.13526 6.13902 6.14325 6.14795 6.15311 6.15871 6.16477 6.17125 6.17815 6.18546 6.19315 6.20121 6.2096 6.21832 6.22732 6.23658 6.24607 6.25575 6.26558 6.27552 6.28553 6.29558 6.30561 6.31557 6.32543 6.33513 6.34463 6.35388 6.36284 6.37146 6.37969 6.38749 6.39483 6.40166 6.40794 6.41364 6.41874 6.4232 6.427 6.43013 6.43255 6.43426 6.43525 6.43552 6.43506 6.43388 6.43198 6.42938 6.42609 6.42212 6.41751 6.41227 6.40644 6.40005 6.39312 6.38571 6.37786 6.36959 6.36096 6.35201 6.34279 6.33335 6.32372 6.31396 6.30412 6.29424 6.28437 6.27455 6.26481 6.25521 6.24578 6.23656 6.22757 6.21886 6.21045 6.20236 6.19463 6.18726 6.18029 6.17372 6.16758 6.16186 6.1566 6.15178 6.14742 6.14353 6.1401 6.13715 6.13467 6.13267 6.13115 6.13011 6.12955 
6.12488 6.1253 6.12623 6.12766 6.12961 6.13206 6.13502 6.13847 6.14243 6.14689 6.15184 6.15727 6.16317 6.16955 6.17637 6.18364 6.19132 6.19941 6.20789 6.21672 6.22588 6.23534 6.24507 6.25504 6.2652 6.27552 6.28596 6.29646 6.307 6.31751 6.32796 6.3383 6.34846 6.35842 6.36811 6.37749 6.38651 6.39512 6.40329 6.41096 6.4181 6.42467 6.43064 6.43597 6.44063 6.44461 6.44787 6.4504 6.45218 6.45322 6.4535 6.45301 6.45178 6.44979 6.44706 6.44362 6.43947 6.43464 6.42915 6.42305 6.41636 6.40911 6.40135 6.39312 6.38446 6.37542 6.36604 6.35638 6.34647 6.33638 6.32615 6.31582 6.30545 6.29509 6.28477 6.27455 6.26446 6.25455 6.24485 6.23541 6.22624 6.21739 6.20888 6.20074 6.19299 6.18564 6.17872 6.17224 6.16622 6.16066 6.15558 6.15098 6.14687 6.14326 6.14014 6.13752 6.13541 6.1338 6.1327 6.1321 
6.12745 6.12789 6.12886 6.13037 6.13241 6.13498 6.13809 6.14173 6.14589 6.15057 6.15577 6.16148 6.16768 6.17438 6.18155 6.18918 6.19725 6.20574 6.21463 6.2239 6.2335 6.24343 6.25363 6.26408 6.27472 6.28553 6.29646 6.30747 6.31849 6.3295 6.34043 6.35123 6.36187 6.37227 6.3824 6.3922 6.40162 6.41062 6.41915 6.42716 6.43461 6.44147 6.4477 6.45326 6.45812 6.46227 6.46567 6.4683 6.47017 6.47124 6.47153 6.47102 6.46973 6.46765 6.46481 6.46121 6.45687 6.45183 6.4461 6.43972 6.43273 6.42516 6.41705 6.40845 6.3994 6.38995 6.38014 6.37003 6.35967 6.34911 6.3384 6.32759 6.31673 6.30587 6.29507 6.28435 6.27378 6.26339 6.25322 6.24331 6.23369 6.2244 6.21546 6.20691 6.19876 6.19104 6.18377 6.17696 6.17062 6.16478 6.15943 6.15459 6.15026 6.14645 6.14317 6.14041 6.13818 6.13648 6.13532 6.13468 
6.13004 6.1305 6.13152 6.13309 6.13523 6.13794 6.14119 6.14501 6.14937 6.15428 6.15973 6.16572 6.17222 6.17924 6.18675 6.19475 6.2032 6.2121 6.22141 6.23111 6.24116 6.25155 6.26222 6.27314 6.28428 6.29558 6.307 6.31849 6.33001 6.3415 6.35291 6.36419 6.37528 6.38614 6.3967 6.40692 6.41674 6.42612 6.43501 6.44336 6.45112 6.45826 6.46475 6.47054 6.4756 6.47991 6.48345 6.48619 6.48813 6.48925 6.48955 6.48902 6.48766 6.4855 6.48253 6.47878 6.47426 6.46901 6.46304 6.45639 6.4491 6.44121 6.43276 6.42378 6.41434 6.40448 6.39425 6.3837 6.37288 6.36186 6.35067 6.33938 6.32803 6.31669 6.30539 6.29418 6.28312 6.27225 6.26161 6.25123 6.24116 6.23143 6.22207 6.21311 6.20457 6.19647 6.18885 6.1817 6.17505 6.16892 6.1633 6.15822 6.15367 6.14967 6.14622 6.14332 6.14097 6.13919 6.13796 6.13729 
6.13265 6.13312 6.13418 6.13583 6.13807 6.1409 6.14431 6.1483 6.15286 6.158 6.16371 6.16997 6.17677 6.18411 6.19197 6.20032 6.20916 6.21846 6.22819 6.23832 6.24882 6.25966 6.2708 6.2822 6.29382 6.30561 6.31751 6.3295 6.3415 6.35347 6.36536 6.37711 6.38866 6.39996 6.41095 6.42158 6.4318 6.44156 6.4508 6.45948 6.46755 6.47497 6.48171 6.48772 6.49298 6.49746 6.50114 6.50399 6.506 6.50716 6.50746 6.50691 6.5055 6.50325 6.50017 6.49626 6.49157 6.4861 6.47989 6.47298 6.4654 6.45719 6.44839 6.43905 6.42923 6.41896 6.40831 6.39732 6.38605 6.37456 6.36291 6.35114 6.33931 6.32747 6.31569 6.304 6.29246 6.28111 6.26999 6.25915 6.24863 6.23846 6.22868 6.21931 6.21038 6.20191 6.19393 6.18645 6.17949 6.17307 6.16719 6.16186 6.1571 6.1529 6.14928 6.14624 6.14378 6.1419 6.14061 6.13991 
6.13525 6.13575 6.13685 6.13857 6.14091 6.14386 6.14742 6.15159 6.15635 6.16172 6.16767 6.17421 6.18131 6.18897 6.19717 6.20589 6.2151 6.2248 6.23494 6.2455 6.25644 6.26774 6.27934 6.29121 6.3033 6.31557 6.32796 6.34043 6.35291 6.36536 6.37772 6.38992 6.40193 6.41366 6.42508 6.43612 6.44673 6.45685 6.46644 6.47545 6.48382 6.49152 6.49851 6.50475 6.5102 6.51484 6.51865 6.52161 6.52369 6.52489 6.5252 6.52463 6.52317 6.52083 6.51763 6.51358 6.50871 6.50303 6.49659 6.48942 6.48155 6.47302 6.46389 6.45419 6.44399 6.43332 6.42225 6.41083 6.39912 6.38718 6.37506 6.36281 6.35051 6.33819 6.32592 6.31375 6.30173 6.28991 6.27833 6.26704 6.25607 6.24546 6.23526 6.22548 6.21616 6.20733 6.19899 6.19118 6.18392 6.1772 6.17106 6.16549 6.16051 6.15613 6.15234 6.14916 6.14658 6.14462 6.14326 6.14252 
6.13785 6.13836 6.13951 6.1413 6.14373 6.14681 6.15051 6.15485 6.15982 6.16541 6.17161 6.17842 6.18582 6.19379 6.20233 6.2114 6.22099 6.23108 6.24163 6.25261 6.26399 6.27573 6.28779 6.30013 6.31269 6.32543 6.3383 6.35123 6.36419 6.37711 6.38992 6.40258 6.41503 6.4272 6.43903 6.45047 6.46146 6.47195 6.48188 6.4912 6.49987 6.50784 6.51507 6.52153 6.52717 6.53198 6.53592 6.53897 6.54112 6.54236 6.54269 6.54209 6.54058 6.53816 6.53484 6.53065 6.5256 6.51973 6.51306 6.50562 6.49747 6.48864 6.47918 6.46913 6.45855 6.44749 6.43602 6.42418 6.41203 6.39964 6.38706 6.37435 6.36157 6.34879 6.33604 6.3234 6.31091 6.29862 6.28658 6.27484 6.26343 6.2524 6.24178 6.2316 6.2219 6.2127 6.20402 6.19588 6.18831 6.18131 6.17491 6.1691 6.16391 6.15933 6.15538 6.15206 6.14937 6.14732 6.1459 6.14513 
6.14042 6.14094 6.14214 6.144 6.14653 6.14972 6.15358 6.15809 6.16325 6.16906 6.17551 6.18258 6.19027 6.19856 6.20742 6.21685 6.22681 6.23728 6.24823 6.25963 6.27143 6.28361 6.29612 6.30891 6.32193 6.33513 6.34846 6.36187 6.37528 6.38866 6.40193 6.41503 6.4279 6.44049 6.45273 6.46456 6.47592 6.48676 6.49703 6.50666 6.51562 6.52386 6.53133 6.53799 6.54382 6.54878 6.55285 6.556 6.55822 6.5595 6.55983 6.55922 6.55765 6.55515 6.55172 6.54739 6.54217 6.5361 6.52921 6.52153 6.5131 6.50397 6.49419 6.4838 6.47285 6.46142 6.44954 6.43729 6.42471 6.41188 6.39886 6.3857 6.37246 6.35921 6.346 6.3329 6.31995 6.3072 6.29471 6.28253 6.27069 6.25923 6.24821 6.23764 6.22756 6.218 6.20898 6.20052 6.19264 6.18537 6.17871 6.17267 6.16726 6.1625 6.15839 6.15493 6.15213 6.14999 6.14852 6.14771 
6.14295 6.14349 6.14473 6.14666 6.14928 6.15259 6.15659 6.16127 6.16663 6.17266 6.17934 6.18668 6.19465 6.20323 6.21242 6.22219 6.23251 6.24336 6.2547 6.26651 6.27873 6.29134 6.30428 6.31751 6.33098 6.34463 6.35842 6.37227 6.38614 6.39996 6.41366 6.4272 6.44049 6.45349 6.46612 6.47833 6.49005 6.50124 6.51182 6.52176 6.531 6.53949 6.54719 6.55406 6.56007 6.56518 6.56937 6.57262 6.57491 6.57622 6.57657 6.57593 6.57431 6.57173 6.5682 6.56373 6.55835 6.55209 6.54498 6.53706 6.52836 6.51894 6.50885 6.49812 6.48683 6.47502 6.46276 6.4501 6.43712 6.42386 6.4104 6.3968 6.38311 6.36941 6.35575 6.3422 6.32879 6.3156 6.30268 6.29006 6.2778 6.26594 6.25451 6.24356 6.23311 6.2232 6.21384 6.20507 6.19691 6.18936 6.18244 6.17618 6.17056 6.16562 6.16135 6.15776 6.15485 6.15262 6.15109 6.15025 
6.14542 6.14599 6.14727 6.14926 6.15198 6.15541 6.15954 6.16439 6.16993 6.17617 6.18309 6.19068 6.19892 6.20781 6.21731 6.22741 6.23808 6.2493 6.26102 6.27321 6.28584 6.29886 6.31223 6.32589 6.33979 6.35388 6.36811 6.3824 6.3967 6.41095 6.42508 6.43903 6.45273 6.46612 6.47913 6.49171 6.50378 6.5153 6.5262 6.53642 6.54593 6.55467 6.56259 6.56966 6.57584 6.5811 6.58541 6.58875 6.5911 6.59245 6.5928 6.59215 6.59048 6.58783 6.58419 6.57959 6.57406 6.56761 6.56029 6.55214 6.54319 6.53349 6.52309 6.51204 6.50041 6.48824 6.47561 6.46256 6.44918 6.43551 6.42163 6.4076 6.39348 6.37934 6.36525 6.35125 6.33741 6.32379 6.31044 6.2974 6.28473 6.27247 6.26066 6.24934 6.23853 6.22828 6.2186 6.20952 6.20107 6.19325 6.18609 6.1796 6.17379 6.16867 6.16425 6.16052 6.15751 6.1552 6.15361 6.15274 
6.14784 6.14842 6.14974 6.1518 6.1546 6.15814 6.16242 6.16742 6.17315 6.17959 6.18673 6.19457 6.20308 6.21225 6.22206 6.23248 6.24349 6.25505 6.26714 6.27972 6.29274 6.30616 6.31993 6.33401 6.34833 6.36284 6.37749 6.3922 6.40692 6.42158 6.43612 6.45047 6.46456 6.47833 6.49171 6.50463 6.51704 6.52888 6.54007 6.55058 6.56035 6.56932 6.57746 6.58472 6.59106 6.59646 6.60088 6.60431 6.60673 6.60812 6.60847 6.6078 6.60609 6.60336 6.59962 6.5949 6.58922 6.5826 6.57508 6.5667 6.5575 6.54753 6.53684 6.52549 6.51353 6.50102 6.48802 6.47461 6.46084 6.44677 6.43249 6.41805 6.40351 6.38895 6.37444 6.36002 6.34576 6.33172 6.31796 6.30452 6.29145 6.27881 6.26662 6.25494 6.24379 6.2332 6.22321 6.21384 6.20511 6.19704 6.18964 6.18294 6.17693 6.17164 6.16706 6.16321 6.1601 6.15771 6.15607 6.15516 
6.15017 6.15077 6.15213 6.15425 6.15714 6.16079 6.16519 6.17035 6.17625 6.18289 6.19025 6.19832 6.20709 6.21653 6.22663 6.23736 6.2487 6.26061 6.27305 6.28599 6.29938 6.31318 6.32735 6.34182 6.35654 6.37146 6.38651 6.40162 6.41674 6.4318 6.44673 6.46146 6.47592 6.49005 6.50378 6.51704 6.52977 6.54191 6.55339 6.56417 6.57418 6.58338 6.59172 6.59916 6.60566 6.61119 6.61572 6.61924 6.62171 6.62313 6.6235 6.6228 6.62105 6.61826 6.61443 6.60959 6.60376 6.59697 6.58926 6.58066 6.57123 6.56101 6.55004 6.5384 6.52612 6.51329 6.49995 6.48618 6.47204 6.4576 6.44292 6.42809 6.41316 6.3982 6.38327 6.36845 6.35379 6.33936 6.3252 6.31137 6.29793 6.28491 6.27237 6.26034 6.24886 6.23796 6.22766 6.21801 6.20901 6.20069 6.19307 6.18616 6.17997 6.17451 6.16979 6.16582 6.1626 6.16014 6.15844 6.1575 
6.15242 6.15303 6.15442 6.15661 6.15958 6.16333 6.16786 6.17316 6.17923 6.18605 6.19362 6.20192 6.21093 6.22064 6.23102 6.24204 6.25369 6.26592 6.2787 6.29198 6.30573 6.3199 6.33444 6.34929 6.36439 6.37969 6.39512 6.41062 6.42612 6.44156 6.45685 6.47195 6.48676 6.50124 6.5153 6.52888 6.54191 6.55433 6.56609 6.57711 6.58736 6.59677 6.6053 6.61292 6.61957 6.62523 6.62986 6.63345 6.63598 6.63744 6.63781 6.6371 6.63531 6.63245 6.62853 6.62357 6.61761 6.61066 6.60277 6.59398 6.58432 6.57385 6.56263 6.5507 6.53813 6.52499 6.51132 6.49721 6.48272 6.46792 6.45288 6.43767 6.42236 6.40702 6.39171 6.37651 6.36147 6.34665 6.33212 6.31792 6.30412 6.29075 6.27787 6.26551 6.25371 6.24251 6.23193 6.222 6.21275 6.2042 6.19636 6.18924 6.18288 6.17726 6.1724 6.16832 6.165 6.16247 6.16072 6.15976 
6.15456 6.15518 6.15661 6.15886 6.1619 6.16575 6.1704 6.17584 6.18207 6.18907 6.19683 6.20534 6.21459 6.22454 6.23519 6.24649 6.25843 6.27096 6.28406 6.29767 6.31176 6.32628 6.34116 6.35637 6.37183 6.38749 6.40329 6.41915 6.43501 6.4508 6.46644 6.48188 6.49703 6.51182 6.5262 6.54007 6.55339 6.56609 6.5781 6.58936 6.59983 6.60944 6.61815 6.62592 6.63272 6.63849 6.64323 6.64689 6.64948 6.65096 6.65134 6.65061 6.64878 6.64586 6.64186 6.6368 6.63071 6.62361 6.61555 6.60657 6.5967 6.58601 6.57454 6.56235 6.5495 6.53606 6.52209 6.50766 6.49284 6.47771 6.46232 6.44676 6.43109 6.41539 6.39972 6.38415 6.36874 6.35357 6.33868 6.32414 6.30999 6.29629 6.28309 6.27042 6.25832 6.24683 6.23598 6.2258 6.21631 6.20753 6.19948 6.19218 6.18565 6.17988 6.17489 6.1707 6.1673 6.16469 6.1629 6.1619 
6.15658 6.15722 6.15868 6.16098 6.1641 6.16804 6.1728 6.17837 6.18475 6.19191 6.19986 6.20857 6.21804 6.22822 6.23912 6.25068 6.26289 6.27572 6.28911 6.30303 6.31744 6.33227 6.34749 6.36303 6.37883 6.39483 6.41096 6.42716 6.44336 6.45948 6.47545 6.4912 6.50666 6.52176 6.53642 6.55058 6.56417 6.57711 6.58936 6.60085 6.61152 6.62132 6.6302 6.63812 6.64504 6.65093 6.65576 6.65949 6.66213 6.66364 6.66403 6.66328 6.66142 6.65844 6.65436 6.6492 6.64299 6.63575 6.62754 6.61837 6.60831 6.59741 6.58571 6.57327 6.56017 6.54645 6.5322 6.51747 6.50234 6.48689 6.47118 6.45529 6.43928 6.42324 6.40723 6.39133 6.37558 6.36007 6.34485 6.32999 6.31552 6.30151 6.288 6.27504 6.26266 6.2509 6.2398 6.22937 6.21966 6.21067 6.20243 6.19496 6.18826 6.18235 6.17725 6.17295 6.16946 6.16679 6.16495 6.16393 
6.15847 6.15912 6.16062 6.16297 6.16615 6.17018 6.17505 6.18074 6.18725 6.19457 6.20269 6.21159 6.22126 6.23166 6.24278 6.25459 6.26706 6.28015 6.29382 6.30802 6.32272 6.33786 6.35338 6.36923 6.38534 6.40166 6.4181 6.43461 6.45112 6.46755 6.48382 6.49987 6.51562 6.531 6.54593 6.56035 6.57418 6.58736 6.59983 6.61152 6.62237 6.63235 6.64139 6.64945 6.65649 6.66248 6.66739 6.67119 6.67387 6.67541 6.6758 6.67505 6.67315 6.67012 6.66596 6.66071 6.65439 6.64703 6.63867 6.62934 6.6191 6.608 6.59608 6.58342 6.57008 6.55611 6.54159 6.52659 6.51118 6.49543 6.47942 6.46322 6.44691 6.43056 6.41423 6.39801 6.38195 6.36613 6.3506 6.33543 6.32067 6.30637 6.29258 6.27935 6.26671 6.2547 6.24336 6.23271 6.22279 6.2136 6.20519 6.19755 6.1907 6.18467 6.17945 6.17505 6.17149 6.16876 6.16687 6.16583 
6.16022 6.16089 6.16241 6.1648 6.16805 6.17216 6.17712 6.18292 6.18956 6.19703 6.20531 6.21438 6.22423 6.23483 6.24617 6.2582 6.2709 6.28423 6.29816 6.31263 6.32759 6.343 6.35881 6.37494 6.39134 6.40794 6.42467 6.44147 6.45826 6.47497 6.49152 6.50784 6.52386 6.53949 6.55467 6.56932 6.58338 6.59677 6.60944 6.62132 6.63235 6.64248 6.65166 6.65985 6.667 6.67309 6.67807 6.68193 6.68465 6.68621 6.68661 6.68585 6.68392 6.68084 6.67662 6.67129 6.66487 6.65739 6.64889 6.63941 6.62901 6.61772 6.60562 6.59275 6.57918 6.56499 6.55022 6.53497 6.5193 6.50328 6.487 6.47052 6.45392 6.43728 6.42067 6.40416 6.38782 6.37171 6.3559 6.34045 6.32541 6.31085 6.2968 6.28332 6.27044 6.2582 6.24664 6.23579 6.22567 6.21631 6.20773 6.19994 6.19296 6.1868 6.18148 6.177 6.17336 6.17058 6.16865 6.16759 
6.16183 6.1625 6.16405 6.16648 6.16979 6.17397 6.17902 6.18492 6.19168 6.19927 6.20769 6.21692 6.22694 6.23772 6.24925 6.26148 6.2744 6.28795 6.3021 6.31681 6.33202 6.34768 6.36374 6.38012 6.39678 6.41364 6.43064 6.4477 6.46475 6.48171 6.49851 6.51507 6.53133 6.54719 6.56259 6.57746 6.59172 6.6053 6.61815 6.6302 6.64139 6.65166 6.66097 6.66928 6.67653 6.6827 6.68775 6.69167 6.69442 6.69601 6.69641 6.69563 6.69368 6.69055 6.68628 6.68087 6.67436 6.66677 6.65815 6.64854 6.63799 6.62654 6.61426 6.60121 6.58744 6.57303 6.55805 6.54257 6.52667 6.51041 6.49387 6.47714 6.46029 6.44339 6.42652 6.40975 6.39314 6.37678 6.36071 6.34501 6.32973 6.31492 6.30064 6.28693 6.27383 6.26139 6.24964 6.2386 6.2283 6.21878 6.21005 6.20212 6.19502 6.18875 6.18334 6.17877 6.17507 6.17224 6.17028 6.1692 
6.16327 6.16395 6.16553 6.16799 6.17135 6.1756 6.18072 6.18671 6.19357 6.20128 6.20983 6.21919 6.22936 6.24031 6.252 6.26442 6.27752 6.29128 6.30563 6.32055 6.33598 6.35186 6.36814 6.38476 6.40165 6.41874 6.43597 6.45326 6.47054 6.48772 6.50475 6.52153 6.53799 6.55406 6.56966 6.58472 6.59916 6.61292 6.62592 6.63812 6.64945 6.65985 6.66928 6.67768 6.68502 6.69127 6.69638 6.70034 6.70313 6.70473 6.70514 6.70436 6.70238 6.69921 6.69488 6.68941 6.68282 6.67514 6.66641 6.65668 6.646 6.63441 6.62197 6.60875 6.59481 6.58021 6.56504 6.54936 6.53324 6.51677 6.50001 6.48306 6.46598 6.44885 6.43174 6.41473 6.3979 6.3813 6.36501 6.34908 6.33358 6.31856 6.30407 6.29016 6.27687 6.26425 6.25232 6.24111 6.23066 6.22099 6.21213 6.20408 6.19687 6.19051 6.185 6.18037 6.17661 6.17373 6.17174 6.17064 
6.16453 6.16523 6.16682 6.16933 6.17273 6.17703 6.18222 6.18829 6.19524 6.20305 6.21171 6.2212 6.23149 6.24258 6.25443 6.267 6.28027 6.29419 6.30873 6.32383 6.33945 6.35552 6.372 6.38882 6.40591 6.4232 6.44063 6.45812 6.4756 6.49298 6.5102 6.52717 6.54382 6.56007 6.57584 6.59106 6.60566 6.61957 6.63272 6.64504 6.65649 6.667 6.67653 6.68502 6.69244 6.69875 6.70392 6.70792 6.71074 6.71236 6.71277 6.71198 6.70997 6.70678 6.7024 6.69687 6.69021 6.68245 6.67363 6.6638 6.65299 6.64128 6.62871 6.61534 6.60125 6.58649 6.57115 6.55529 6.53899 6.52233 6.50538 6.48823 6.47095 6.45362 6.43631 6.4191 6.40206 6.38527 6.36878 6.35266 6.33696 6.32176 6.30708 6.293 6.27954 6.26675 6.25467 6.24332 6.23273 6.22294 6.21396 6.2058 6.1985 6.19205 6.18647 6.18177 6.17796 6.17505 6.17303 6.17191 
6.16563 6.16633 6.16794 6.17047 6.17391 6.17826 6.1835 6.18964 6.19667 6.20456 6.21332 6.22291 6.23332 6.24452 6.2565 6.26921 6.28261 6.29668 6.31137 6.32663 6.34241 6.35865 6.37529 6.39228 6.40954 6.427 6.44461 6.46227 6.47991 6.49746 6.51484 6.53198 6.54878 6.56518 6.5811 6.59646 6.61119 6.62523 6.63849 6.65093 6.66248 6.67309 6.6827 6.69127 6.69875 6.70511 6.71033 6.71437 6.71721 6.71884 6.71926 6.71845 6.71644 6.71321 6.7088 6.70322 6.6965 6.68867 6.67977 6.66985 6.65895 6.64712 6.63444 6.62095 6.60672 6.59183 6.57634 6.56033 6.54388 6.52706 6.50995 6.49263 6.47518 6.45768 6.4402 6.42282 6.40561 6.38865 6.37199 6.3557 6.33985 6.32448 6.30965 6.29542 6.28182 6.26889 6.25668 6.24521 6.23451 6.2246 6.21552 6.20728 6.19989 6.19337 6.18773 6.18298 6.17913 6.17618 6.17414 6.17301 
6.16653 6.16724 6.16887 6.17142 6.17489 6.17927 6.18457 6.19076 6.19785 6.20582 6.21465 6.22432 6.23483 6.24613 6.2582 6.27102 6.28455 6.29873 6.31355 6.32893 6.34484 6.36121 6.378 6.39512 6.41252 6.43013 6.44787 6.46567 6.48345 6.50114 6.51865 6.53592 6.55285 6.56937 6.58541 6.60088 6.61572 6.62986 6.64323 6.65576 6.66739 6.67807 6.68775 6.69638 6.70392 6.71033 6.71558 6.71965 6.72251 6.72415 6.72457 6.72376 6.72173 6.71848 6.71404 6.70842 6.70165 6.69376 6.6848 6.6748 6.66382 6.65191 6.63913 6.62554 6.61121 6.59621 6.5806 6.56447 6.54789 6.53094 6.5137 6.49624 6.47866 6.46101 6.4434 6.42588 6.40853 6.39142 6.37462 6.3582 6.34221 6.32672 6.31177 6.29741 6.28369 6.27066 6.25833 6.24676 6.23597 6.22598 6.21681 6.2085 6.20104 6.19446 6.18877 6.18398 6.18009 6.17712 6.17506 6.17392 
6.16725 6.16796 6.1696 6.17217 6.17566 6.18008 6.18541 6.19165 6.19878 6.2068 6.21569 6.22543 6.236 6.24738 6.25954 6.27244 6.28605 6.30033 6.31524 6.33072 6.34673 6.36321 6.3801 6.39733 6.41483 6.43255 6.4504 6.4683 6.48619 6.50399 6.52161 6.53897 6.556 6.57262 6.58875 6.60431 6.61924 6.63345 6.64689 6.65949 6.67119 6.68193 6.69167 6.70034 6.70792 6.71437 6.71965 6.72373 6.72661 6.72827 6.72869 6.72787 6.72583 6.72256 6.71809 6.71244 6.70563 6.6977 6.68869 6.67864 6.6676 6.65562 6.64277 6.6291 6.61469 6.5996 6.5839 6.56767 6.551 6.53395 6.5166 6.49904 6.48135 6.4636 6.44587 6.42825 6.41079 6.39358 6.37667 6.36015 6.34406 6.32846 6.31341 6.29896 6.28516 6.27203 6.25963 6.24798 6.23711 6.22705 6.21783 6.20945 6.20195 6.19532 6.18959 6.18477 6.18085 6.17786 6.17578 6.17463 
6.16777 6.16848 6.17013 6.17271 6.17622 6.18066 6.18601 6.19228 6.19945 6.20751 6.21644 6.22623 6.23685 6.24828 6.26049 6.27345 6.28712 6.30147 6.31644 6.332 6.34808 6.36463 6.38159 6.39889 6.41647 6.43426 6.45218 6.47017 6.48813 6.506 6.52369 6.54112 6.55822 6.57491 6.5911 6.60673 6.62171 6.63598 6.64948 6.66213 6.67387 6.68465 6.69442 6.70313 6.71074 6.71721 6.72251 6.72661 6.7295 6.73116 6.73158 6.73077 6.72871 6.72544 6.72095 6.71527 6.70844 6.70048 6.69143 6.68134 6.67026 6.65823 6.64533 6.63161 6.61713 6.60198 6.58622 6.56993 6.55319 6.53606 6.51865 6.50102 6.48325 6.46543 6.44762 6.42992 6.41239 6.3951 6.37812 6.36152 6.34536 6.3297 6.31458 6.30007 6.2862 6.27301 6.26055 6.24885 6.23793 6.22783 6.21856 6.21014 6.2026 6.19595 6.19019 6.18534 6.1814 6.17839 6.17631 6.17516 
6.16809 6.1688 6.17046 6.17304 6.17656 6.18101 6.18638 6.19267 6.19986 6.20794 6.21689 6.2267 6.23735 6.24881 6.26106 6.27405 6.28776 6.30214 6.31715 6.33274 6.34886 6.36545 6.38245 6.3998 6.41742 6.43525 6.45322 6.47124 6.48925 6.50716 6.52489 6.54236 6.5595 6.57622 6.59245 6.60812 6.62313 6.63744 6.65096 6.66364 6.67541 6.68621 6.69601 6.70473 6.71236 6.71884 6.72415 6.72827 6.73116 6.73282 6.73325 6.73243 6.73037 6.72708 6.72259 6.7169 6.71005 6.70207 6.693 6.68289 6.67178 6.65973 6.6468 6.63305 6.61854 6.60335 6.58756 6.57123 6.55445 6.53728 6.51983 6.50215 6.48435 6.46648 6.44864 6.43089 6.41332 6.39599 6.37897 6.36233 6.34613 6.33042 6.31527 6.30072 6.28681 6.27359 6.2611 6.24937 6.23842 6.22829 6.219 6.21056 6.203 6.19632 6.19055 6.18569 6.18174 6.17872 6.17663 6.17548 
