2.01458 2.01487 2.01514 2.01542 2.01568 2.01593 2.01617 2.01639 2.0166 2.0168 2.01698 2.01714 2.01729 2.01743 2.01756 2.01768 2.0178 2.01791 2.01802 2.01813 2.01824 2.01836 2.01849 2.01863 2.01878 2.01895 2.01913 2.01933 2.01955 2.01979 2.02005 2.02033 2.02062 2.02093 2.02125 2.02159 2.02193 2.02227 2.02262 2.02296 2.0233 2.02362 2.02392 2.02421 2.02447 2.02469 2.02489 2.02505 2.02517 2.02525 2.0253 2.02529 2.02525 2.02517 2.02504 2.02488 2.02468 2.02446 2.0242 2.02392 2.02362 2.0233 2.02298 2.02264 2.0223 2.02196 2.02163 2.02131 2.021 2.0207 2.02041 2.02015 2.0199 2.01967 2.01947 2.01929 2.01913 2.01899 2.01887 2.01877 2.0187 2.01865 2.01862 2.01862 2.01864 2.01867 2.01874 2.01882 2.01893 2.01906 2.01921 2.01938 2.01958 2.01979 2.02002 2.02026 2.02052 2.02079 2.02106 2.02134 
2.01487 2.01515 2.01543 2.0157 2.01596 2.01621 2.01645 2.01667 2.01688 2.01708 2.01726 2.01742 2.01757 2.01771 2.01784 2.01796 2.01807 2.01818 2.01829 2.0184 2.01851 2.01863 2.01876 2.0189 2.01906 2.01922 2.01941 2.01961 2.01984 2.02008 2.02034 2.02062 2.02092 2.02124 2.02157 2.02191 2.02226 2.02261 2.02296 2.02331 2.02366 2.02399 2.0243 2.02459 2.02485 2.02509 2.02529 2.02545 2.02558 2.02566 2.0257 2.0257 2.02566 2.02557 2.02544 2.02528 2.02508 2.02484 2.02458 2.02429 2.02398 2.02366 2.02332 2.02298 2.02264 2.02229 2.02195 2.02162 2.0213 2.021 2.02071 2.02044 2.02019 2.01996 2.01975 2.01957 2.0194 2.01926 2.01915 2.01905 2.01898 2.01893 2.0189 2.01889 2.01891 2.01895 2.01901 2.0191 2.01921 2.01934 2.01949 2.01966 2.01986 2.02007 2.0203 2.02054 2.0208 2.02107 2.02135 2.02163 
2.01514 2.01543 2.0157 2.01598 2.01624 2.01649 2.01673 2.01695 2.01716 2.01736 2.01754 2.0177 2.01785 2.01799 2.01812 2.01825 2.01836 2.01848 2.01859 2.0187 2.01882 2.01895 2.01909 2.01924 2.01941 2.01959 2.01979 2.02002 2.02026 2.02053 2.02081 2.02112 2.02145 2.0218 2.02216 2.02253 2.02292 2.02331 2.02369 2.02408 2.02446 2.02482 2.02516 2.02548 2.02577 2.02603 2.02625 2.02642 2.02656 2.02665 2.0267 2.02669 2.02664 2.02655 2.02641 2.02622 2.026 2.02574 2.02545 2.02514 2.0248 2.02444 2.02407 2.0237 2.02332 2.02294 2.02257 2.0222 2.02185 2.02152 2.0212 2.0209 2.02063 2.02038 2.02015 2.01995 2.01977 2.01962 2.01949 2.01938 2.0193 2.01924 2.01921 2.01919 2.01921 2.01924 2.0193 2.01939 2.01949 2.01962 2.01977 2.01994 2.02014 2.02035 2.02058 2.02082 2.02108 2.02135 2.02162 2.0219 
2.01542 2.0157 2.01598 2.01625 2.01651 2.01676 2.017 2.01723 2.01744 2.01763 2.01781 2.01798 2.01813 2.01828 2.01841 2.01854 2.01866 2.01878 2.01891 2.01903 2.01917 2.01931 2.01947 2.01965 2.01984 2.02005 2.02029 2.02055 2.02084 2.02115 2.02148 2.02185 2.02223 2.02263 2.02306 2.02349 2.02394 2.02439 2.02484 2.02529 2.02573 2.02614 2.02654 2.02691 2.02724 2.02754 2.02779 2.028 2.02816 2.02826 2.02831 2.0283 2.02824 2.02813 2.02796 2.02775 2.02749 2.02719 2.02685 2.02649 2.02609 2.02568 2.02525 2.02481 2.02437 2.02393 2.02349 2.02307 2.02266 2.02227 2.0219 2.02156 2.02124 2.02094 2.02068 2.02044 2.02023 2.02005 2.01989 2.01976 2.01966 2.01959 2.01954 2.01952 2.01952 2.01955 2.0196 2.01968 2.01978 2.0199 2.02005 2.02022 2.02041 2.02062 2.02085 2.02109 2.02135 2.02162 2.02189 2.02218 
2.01568 2.01596 2.01624 2.01651 2.01677 2.01702 2.01726 2.01749 2.0177 2.0179 2.01808 2.01825 2.01841 2.01856 2.0187 2.01884 2.01898 2.01911 2.01925 2.0194 2.01956 2.01973 2.01992 2.02013 2.02036 2.02062 2.02091 2.02123 2.02158 2.02196 2.02237 2.02281 2.02328 2.02377 2.02428 2.02481 2.02535 2.0259 2.02645 2.02699 2.02751 2.02802 2.02849 2.02894 2.02934 2.02969 2.02999 2.03024 2.03042 2.03054 2.0306 2.03059 2.03052 2.03038 2.03018 2.02992 2.0296 2.02924 2.02883 2.02838 2.02791 2.02741 2.02689 2.02636 2.02582 2.02529 2.02476 2.02425 2.02376 2.02328 2.02284 2.02242 2.02203 2.02167 2.02134 2.02105 2.02079 2.02056 2.02037 2.02021 2.02008 2.01998 2.01991 2.01986 2.01985 2.01986 2.01991 2.01997 2.02007 2.02019 2.02033 2.0205 2.02068 2.02089 2.02112 2.02136 2.02162 2.02188 2.02216 2.02244 
2.01593 2.01621 2.01649 2.01676 2.01702 2.01728 2.01752 2.01775 2.01796 2.01816 2.01835 2.01852 2.01869 2.01885 2.019 2.01915 2.0193 2.01946 2.01962 2.0198 2.01999 2.0202 2.02043 2.0207 2.02099 2.02132 2.02168 2.02208 2.02252 2.02299 2.02351 2.02406 2.02464 2.02525 2.02589 2.02655 2.02722 2.0279 2.02857 2.02924 2.02989 2.03051 2.03109 2.03163 2.03212 2.03256 2.03292 2.03322 2.03344 2.03359 2.03366 2.03364 2.03354 2.03337 2.03312 2.0328 2.03241 2.03196 2.03145 2.0309 2.03031 2.0297 2.02905 2.0284 2.02774 2.02708 2.02642 2.02579 2.02517 2.02459 2.02403 2.02351 2.02302 2.02257 2.02216 2.02179 2.02147 2.02118 2.02093 2.02072 2.02055 2.02041 2.02031 2.02024 2.0202 2.0202 2.02022 2.02028 2.02036 2.02047 2.0206 2.02076 2.02095 2.02115 2.02138 2.02162 2.02187 2.02214 2.02241 2.02269 
2.01617 2.01645 2.01673 2.017 2.01726 2.01752 2.01776 2.01799 2.01821 2.01841 2.01861 2.01879 2.01897 2.01914 2.0193 2.01947 2.01965 2.01983 2.02002 2.02024 2.02047 2.02074 2.02103 2.02137 2.02174 2.02215 2.02261 2.02312 2.02368 2.02428 2.02493 2.02563 2.02637 2.02714 2.02794 2.02877 2.02961 2.03045 2.0313 2.03212 2.03293 2.0337 2.03442 2.03509 2.0357 2.03623 2.03669 2.03705 2.03732 2.0375 2.03758 2.03755 2.03743 2.03721 2.0369 2.03649 2.03601 2.03545 2.03482 2.03413 2.0334 2.03262 2.03182 2.031 2.03018 2.02935 2.02853 2.02774 2.02697 2.02623 2.02553 2.02487 2.02425 2.02368 2.02317 2.0227 2.02228 2.02191 2.02159 2.02131 2.02108 2.02089 2.02075 2.02064 2.02058 2.02055 2.02055 2.02058 2.02065 2.02075 2.02088 2.02103 2.0212 2.0214 2.02162 2.02186 2.02211 2.02238 2.02265 2.02293 
2.01639 2.01667 2.01695 2.01723 2.01749 2.01775 2.01799 2.01822 2.01845 2.01866 2.01886 2.01905 2.01924 2.01943 2.01961 2.01981 2.02001 2.02023 2.02047 2.02073 2.02103 2.02136 2.02174 2.02216 2.02264 2.02317 2.02376 2.0244 2.02511 2.02588 2.02671 2.02759 2.02852 2.0295 2.03051 2.03154 2.0326 2.03366 2.03471 2.03574 2.03675 2.03771 2.03861 2.03944 2.04019 2.04085 2.0414 2.04185 2.04218 2.0424 2.04249 2.04245 2.0423 2.04202 2.04162 2.04112 2.04051 2.03981 2.03903 2.03817 2.03725 2.03628 2.03528 2.03426 2.03322 2.03219 2.03116 2.03016 2.02919 2.02826 2.02738 2.02654 2.02576 2.02504 2.02439 2.02379 2.02325 2.02278 2.02236 2.022 2.0217 2.02145 2.02124 2.02109 2.02098 2.02092 2.02089 2.0209 2.02095 2.02103 2.02114 2.02129 2.02145 2.02165 2.02186 2.02209 2.02234 2.0226 2.02288 2.02315 
2.0166 2.01688 2.01716 2.01744 2.0177 2.01796 2.01821 2.01845 2.01868 2.01889 2.01911 2.01931 2.01952 2.01973 2.01994 2.02016 2.02041 2.02067 2.02097 2.0213 2.02167 2.0221 2.02257 2.02311 2.02372 2.0244 2.02514 2.02597 2.02687 2.02784 2.02889 2.03 2.03118 2.0324 2.03367 2.03497 2.03629 2.03762 2.03893 2.04021 2.04146 2.04265 2.04376 2.04479 2.04571 2.04653 2.04721 2.04776 2.04817 2.04842 2.04853 2.04848 2.04828 2.04793 2.04744 2.04681 2.04606 2.04518 2.04421 2.04314 2.042 2.04079 2.03954 2.03826 2.03697 2.03568 2.0344 2.03314 2.03193 2.03076 2.02964 2.02859 2.02761 2.0267 2.02586 2.0251 2.02442 2.02381 2.02327 2.0228 2.02241 2.02207 2.0218 2.02159 2.02143 2.02132 2.02125 2.02123 2.02126 2.02132 2.02141 2.02154 2.0217 2.02188 2.02209 2.02232 2.02256 2.02282 2.02309 2.02336 
2.0168 2.01708 2.01736 2.01763 2.0179 2.01816 2.01841 2.01866 2.01889 2.01912 2.01935 2.01957 2.0198 2.02004 2.02028 2.02055 2.02084 2.02117 2.02153 2.02195 2.02242 2.02296 2.02356 2.02425 2.02502 2.02588 2.02683 2.02787 2.02901 2.03024 2.03156 2.03295 2.03443 2.03596 2.03754 2.03916 2.0408 2.04244 2.04407 2.04566 2.0472 2.04866 2.05004 2.0513 2.05243 2.05342 2.05426 2.05493 2.05543 2.05574 2.05586 2.0558 2.05554 2.05511 2.0545 2.05372 2.05278 2.0517 2.05049 2.04917 2.04776 2.04627 2.04472 2.04314 2.04153 2.03992 2.03833 2.03677 2.03525 2.03379 2.03239 2.03107 2.02984 2.02869 2.02764 2.02668 2.02581 2.02503 2.02435 2.02375 2.02323 2.0228 2.02244 2.02214 2.02192 2.02175 2.02164 2.02158 2.02157 2.02161 2.02168 2.02179 2.02193 2.02211 2.0223 2.02252 2.02276 2.02302 2.02328 2.02356 
2.01698 2.01726 2.01754 2.01781 2.01808 2.01835 2.01861 2.01886 2.01911 2.01935 2.01959 2.01984 2.02009 2.02036 2.02065 2.02097 2.02133 2.02173 2.02219 2.02271 2.0233 2.02398 2.02474 2.02561 2.02658 2.02766 2.02886 2.03017 2.0316 2.03314 2.03479 2.03653 2.03836 2.04026 2.04223 2.04423 2.04625 2.04827 2.05027 2.05223 2.05411 2.0559 2.05758 2.05911 2.0605 2.0617 2.06272 2.06353 2.06412 2.06449 2.06464 2.06455 2.06424 2.0637 2.06295 2.06199 2.06084 2.05952 2.05804 2.05642 2.05468 2.05285 2.05095 2.04899 2.04702 2.04503 2.04306 2.04113 2.03925 2.03744 2.0357 2.03406 2.03252 2.03109 2.02977 2.02856 2.02747 2.02649 2.02563 2.02486 2.0242 2.02364 2.02317 2.02278 2.02247 2.02223 2.02207 2.02196 2.02191 2.02191 2.02195 2.02204 2.02217 2.02232 2.02251 2.02272 2.02296 2.02321 2.02347 2.02374 
2.01714 2.01742 2.0177 2.01798 2.01825 2.01852 2.01879 2.01905 2.01931 2.01957 2.01984 2.02011 2.02041 2.02072 2.02106 2.02145 2.02188 2.02238 2.02295 2.0236 2.02434 2.02519 2.02615 2.02724 2.02846 2.02981 2.03131 2.03294 2.03472 2.03663 2.03867 2.04083 2.04308 2.04543 2.04784 2.05029 2.05277 2.05524 2.05767 2.06005 2.06234 2.06451 2.06654 2.0684 2.07007 2.07152 2.07274 2.07372 2.07443 2.07487 2.07503 2.07492 2.07454 2.07388 2.07296 2.0718 2.0704 2.06879 2.06699 2.06502 2.0629 2.06067 2.05835 2.05597 2.05355 2.05112 2.04871 2.04634 2.04403 2.0418 2.03966 2.03764 2.03573 2.03396 2.03232 2.03082 2.02945 2.02823 2.02714 2.02618 2.02534 2.02462 2.02401 2.02351 2.0231 2.02278 2.02253 2.02237 2.02226 2.02222 2.02223 2.02229 2.0224 2.02254 2.02271 2.02291 2.02314 2.02338 2.02364 2.02391 
2.01729 2.01757 2.01785 2.01813 2.01841 2.01869 2.01897 2.01924 2.01952 2.0198 2.02009 2.02041 2.02074 2.02111 2.02152 2.02199 2.02252 2.02313 2.02383 2.02464 2.02557 2.02663 2.02783 2.02919 2.0307 2.03238 2.03423 2.03626 2.03845 2.0408 2.0433 2.04594 2.04871 2.05157 2.0545 2.05748 2.06048 2.06347 2.06642 2.06928 2.07204 2.07465 2.07708 2.07931 2.08131 2.08304 2.0845 2.08566 2.0865 2.08702 2.08721 2.08707 2.0866 2.08581 2.0847 2.08329 2.08161 2.07967 2.0775 2.07513 2.07258 2.06988 2.06708 2.06419 2.06127 2.05832 2.05539 2.05251 2.04969 2.04697 2.04436 2.04188 2.03954 2.03736 2.03534 2.03349 2.0318 2.03028 2.02892 2.02773 2.02668 2.02577 2.025 2.02435 2.02382 2.02339 2.02306 2.02282 2.02265 2.02256 2.02253 2.02256 2.02263 2.02275 2.02291 2.02309 2.02331 2.02354 2.0238 2.02406 
2.01743 2.01771 2.01799 2.01828 2.01856 2.01885 2.01914 2.01943 2.01973 2.02004 2.02036 2.02072 2.02111 2.02154 2.02204 2.02261 2.02326 2.02401 2.02488 2.02588 2.02703 2.02834 2.02983 2.0315 2.03337 2.03544 2.03771 2.04019 2.04287 2.04574 2.04879 2.05199 2.05534 2.0588 2.06234 2.06593 2.06953 2.07312 2.07664 2.08007 2.08335 2.08646 2.08936 2.092 2.09437 2.09643 2.09815 2.09951 2.1005 2.10111 2.10133 2.10115 2.10058 2.09963 2.09831 2.09663 2.09463 2.09231 2.08972 2.08688 2.08384 2.08061 2.07726 2.0738 2.07028 2.06675 2.06322 2.05974 2.05634 2.05305 2.04988 2.04687 2.04403 2.04137 2.03891 2.03664 2.03457 2.0327 2.03103 2.02955 2.02824 2.02711 2.02615 2.02533 2.02465 2.02409 2.02366 2.02332 2.02308 2.02293 2.02285 2.02283 2.02287 2.02297 2.0231 2.02327 2.02347 2.0237 2.02394 2.0242 
2.01756 2.01784 2.01812 2.01841 2.0187 2.019 2.0193 2.01961 2.01994 2.02028 2.02065 2.02106 2.02152 2.02204 2.02263 2.02332 2.02412 2.02504 2.02611 2.02734 2.02875 2.03036 2.03219 2.03424 2.03652 2.03905 2.04182 2.04483 2.04808 2.05154 2.05522 2.05908 2.06309 2.06724 2.07147 2.07575 2.08005 2.08431 2.08849 2.09254 2.09642 2.10009 2.1035 2.10662 2.1094 2.11181 2.11382 2.11542 2.11657 2.11728 2.11752 2.1173 2.11663 2.1155 2.11393 2.11195 2.10958 2.10685 2.10378 2.10043 2.09682 2.093 2.08902 2.08491 2.08073 2.07651 2.07231 2.06815 2.06408 2.06013 2.05633 2.05271 2.04929 2.04607 2.04309 2.04034 2.03782 2.03555 2.0335 2.03168 2.03008 2.02869 2.02748 2.02646 2.02561 2.0249 2.02434 2.0239 2.02357 2.02333 2.02319 2.02313 2.02313 2.02319 2.02329 2.02344 2.02363 2.02384 2.02408 2.02434 
2.01768 2.01796 2.01825 2.01854 2.01884 2.01915 2.01947 2.01981 2.02016 2.02055 2.02097 2.02145 2.02199 2.02261 2.02332 2.02415 2.02512 2.02625 2.02755 2.02906 2.03078 2.03275 2.03497 2.03746 2.04023 2.04328 2.04662 2.05025 2.05415 2.05831 2.0627 2.0673 2.07208 2.077 2.08201 2.08707 2.09214 2.09715 2.10207 2.10682 2.11137 2.11566 2.11964 2.12327 2.1265 2.1293 2.13164 2.13349 2.13482 2.13563 2.13591 2.13564 2.13484 2.13352 2.13169 2.12937 2.1266 2.1234 2.11981 2.11588 2.11165 2.10716 2.10248 2.09765 2.09272 2.08774 2.08277 2.07784 2.07302 2.06832 2.0638 2.05948 2.05538 2.05154 2.04795 2.04464 2.04161 2.03886 2.03638 2.03418 2.03222 2.03052 2.02904 2.02778 2.02672 2.02583 2.02512 2.02455 2.02411 2.02379 2.02357 2.02344 2.0234 2.02342 2.02349 2.02362 2.02379 2.02399 2.02421 2.02446 
2.0178 2.01807 2.01836 2.01866 2.01898 2.0193 2.01965 2.02001 2.02041 2.02084 2.02133 2.02188 2.02252 2.02326 2.02412 2.02512 2.02629 2.02766 2.02924 2.03107 2.03316 2.03553 2.03821 2.04121 2.04454 2.04821 2.05221 2.05653 2.06117 2.06611 2.07132 2.07676 2.08239 2.08818 2.09406 2.09999 2.10591 2.11176 2.11748 2.12301 2.12829 2.13325 2.13786 2.14205 2.14578 2.149 2.15169 2.15381 2.15534 2.15626 2.15657 2.15625 2.15532 2.15378 2.15166 2.14897 2.14576 2.14205 2.13789 2.13333 2.12841 2.12319 2.11774 2.1121 2.10634 2.10052 2.09469 2.08891 2.08323 2.0777 2.07236 2.06725 2.0624 2.05783 2.05357 2.04962 2.046 2.0427 2.03973 2.03707 2.03471 2.03264 2.03085 2.02931 2.028 2.02691 2.02601 2.02529 2.02473 2.0243 2.02399 2.0238 2.02369 2.02366 2.0237 2.0238 2.02394 2.02413 2.02434 2.02458 
2.01791 2.01818 2.01848 2.01878 2.01911 2.01946 2.01983 2.02023 2.02067 2.02117 2.02173 2.02238 2.02313 2.02401 2.02504 2.02625 2.02766 2.0293 2.03121 2.03341 2.03592 2.03877 2.04198 2.04556 2.04953 2.05389 2.05863 2.06375 2.06923 2.07504 2.08116 2.08753 2.09412 2.10086 2.10771 2.1146 2.12145 2.12822 2.13482 2.14118 2.14725 2.15295 2.15822 2.16302 2.16728 2.17096 2.17402 2.17643 2.17817 2.17921 2.17955 2.17917 2.1781 2.17633 2.17389 2.17081 2.16712 2.16287 2.15809 2.15284 2.14718 2.14117 2.13487 2.12836 2.12169 2.11494 2.10817 2.10144 2.09482 2.08836 2.08211 2.07611 2.07041 2.06503 2.05999 2.05533 2.05103 2.04711 2.04357 2.0404 2.03758 2.03509 2.03293 2.03107 2.02948 2.02815 2.02704 2.02614 2.02543 2.02488 2.02447 2.02419 2.02401 2.02393 2.02392 2.02399 2.0241 2.02427 2.02447 2.0247 
2.01802 2.01829 2.01859 2.01891 2.01925 2.01962 2.02002 2.02047 2.02097 2.02153 2.02219 2.02295 2.02383 2.02488 2.02611 2.02755 2.02924 2.03121 2.03349 2.03612 2.03911 2.0425 2.04632 2.05056 2.05525 2.06039 2.06597 2.07198 2.07839 2.08517 2.09229 2.09969 2.10732 2.11512 2.12302 2.13094 2.13881 2.14656 2.15411 2.16138 2.16829 2.17477 2.18076 2.1862 2.19102 2.19518 2.19864 2.20136 2.20331 2.20448 2.20485 2.20441 2.20319 2.20118 2.19841 2.19491 2.19071 2.18587 2.18043 2.17445 2.16799 2.16113 2.15393 2.14646 2.13881 2.13105 2.12325 2.11549 2.10783 2.10035 2.09309 2.08612 2.07947 2.07319 2.0673 2.06182 2.05677 2.05215 2.04797 2.04421 2.04086 2.03791 2.03532 2.03309 2.03118 2.02956 2.02822 2.02712 2.02623 2.02553 2.025 2.02462 2.02437 2.02422 2.02416 2.02419 2.02427 2.02441 2.02459 2.02481 
2.01813 2.0184 2.0187 2.01903 2.0194 2.0198 2.02024 2.02073 2.0213 2.02195 2.02271 2.0236 2.02464 2.02588 2.02734 2.02906 2.03107 2.03341 2.03612 2.03923 2.04277 2.04678 2.05127 2.05626 2.06176 2.06776 2.07427 2.08126 2.08869 2.09655 2.10476 2.11329 2.12205 2.13099 2.14002 2.14906 2.15802 2.16682 2.17538 2.1836 2.1914 2.19871 2.20545 2.21156 2.21698 2.22164 2.22551 2.22855 2.23073 2.23202 2.23242 2.23193 2.23054 2.22828 2.22516 2.22122 2.2165 2.21104 2.2049 2.19815 2.19085 2.18308 2.17491 2.16644 2.15773 2.14888 2.13998 2.1311 2.12232 2.11372 2.10537 2.09732 2.08964 2.08236 2.07552 2.06915 2.06326 2.05786 2.05296 2.04854 2.0446 2.04111 2.03805 2.0354 2.03312 2.03118 2.02956 2.02823 2.02714 2.02628 2.02561 2.02512 2.02477 2.02454 2.02443 2.0244 2.02445 2.02456 2.02473 2.02493 
2.01824 2.01851 2.01882 2.01917 2.01956 2.01999 2.02047 2.02103 2.02167 2.02242 2.0233 2.02434 2.02557 2.02703 2.02875 2.03078 2.03316 2.03592 2.03911 2.04277 2.04693 2.05162 2.05687 2.06269 2.06908 2.07605 2.08358 2.09164 2.1002 2.10921 2.11862 2.12835 2.13833 2.14849 2.15873 2.16895 2.17906 2.18897 2.19859 2.20781 2.21654 2.22471 2.23224 2.23904 2.24506 2.25025 2.25454 2.25791 2.26032 2.26174 2.26218 2.26162 2.26007 2.25754 2.25406 2.24967 2.2444 2.23831 2.23145 2.22389 2.21571 2.20699 2.19781 2.18827 2.17845 2.16845 2.15837 2.14829 2.13831 2.12851 2.11897 2.10977 2.10095 2.09258 2.0847 2.07734 2.07053 2.06427 2.05857 2.05342 2.04881 2.04473 2.04114 2.03801 2.03532 2.03302 2.03109 2.02949 2.02817 2.02712 2.0263 2.02567 2.02521 2.0249 2.02472 2.02464 2.02464 2.02472 2.02486 2.02505 
2.01836 2.01863 2.01895 2.01931 2.01973 2.0202 2.02074 2.02136 2.0221 2.02296 2.02398 2.02519 2.02663 2.02834 2.03036 2.03275 2.03553 2.03877 2.0425 2.04678 2.05162 2.05708 2.06316 2.06989 2.07726 2.08528 2.09392 2.10314 2.11291 2.12317 2.13386 2.14488 2.15616 2.16761 2.17911 2.19058 2.2019 2.21297 2.22368 2.23393 2.24363 2.25268 2.261 2.26852 2.27516 2.28087 2.28559 2.28929 2.29193 2.29349 2.29396 2.29333 2.29162 2.28882 2.28498 2.28013 2.2743 2.26756 2.25996 2.25158 2.2425 2.23279 2.22256 2.21191 2.20092 2.18972 2.17839 2.16705 2.15579 2.14472 2.13391 2.12346 2.11343 2.10388 2.09487 2.08644 2.07861 2.07141 2.06483 2.05888 2.05354 2.04879 2.04461 2.04095 2.03779 2.03509 2.03281 2.03091 2.02934 2.02807 2.02707 2.02629 2.02571 2.0253 2.02504 2.0249 2.02485 2.0249 2.02501 2.02519 
2.01849 2.01876 2.01909 2.01947 2.01992 2.02043 2.02103 2.02174 2.02257 2.02356 2.02474 2.02615 2.02783 2.02983 2.03219 2.03497 2.03821 2.04198 2.04632 2.05127 2.05687 2.06316 2.07016 2.07788 2.08632 2.09547 2.10531 2.11578 2.12685 2.13844 2.15047 2.16286 2.1755 2.1883 2.20113 2.21388 2.22645 2.2387 2.25054 2.26184 2.27252 2.28246 2.29159 2.29982 2.30708 2.31332 2.31847 2.3225 2.32537 2.32707 2.32757 2.32688 2.32499 2.32194 2.31774 2.31242 2.30604 2.29864 2.2903 2.28108 2.27108 2.26037 2.24907 2.23727 2.22508 2.21262 2.2 2.18734 2.17474 2.16232 2.15017 2.13839 2.12707 2.11626 2.10604 2.09645 2.08753 2.0793 2.07177 2.06494 2.05879 2.05331 2.04847 2.04424 2.04057 2.03742 2.03474 2.0325 2.03065 2.02914 2.02793 2.02699 2.02627 2.02575 2.0254 2.02518 2.02508 2.02509 2.02517 2.02533 
2.01863 2.0189 2.01924 2.01965 2.02013 2.0207 2.02137 2.02216 2.02311 2.02425 2.02561 2.02724 2.02919 2.0315 2.03424 2.03746 2.04121 2.04556 2.05056 2.05626 2.06269 2.06989 2.07788 2.08667 2.09626 2.10663 2.11774 2.12955 2.14198 2.15497 2.16842 2.18223 2.19629 2.21048 2.22467 2.23875 2.25258 2.26604 2.27902 2.29138 2.30303 2.31387 2.3238 2.33274 2.34061 2.34736 2.35294 2.35729 2.3604 2.36222 2.36276 2.362 2.35996 2.35665 2.35209 2.34632 2.33939 2.33135 2.32226 2.31221 2.30129 2.28957 2.27718 2.26422 2.25081 2.23707 2.22312 2.20909 2.1951 2.18127 2.16772 2.15455 2.14185 2.12971 2.1182 2.10738 2.09728 2.08795 2.07939 2.0716 2.06458 2.05831 2.05276 2.04788 2.04365 2.04 2.0369 2.03428 2.03211 2.03033 2.0289 2.02777 2.0269 2.02625 2.02579 2.0255 2.02534 2.02529 2.02534 2.02548 
2.01878 2.01906 2.01941 2.01984 2.02036 2.02099 2.02174 2.02264 2.02372 2.02502 2.02658 2.02846 2.0307 2.03337 2.03652 2.04023 2.04454 2.04953 2.05525 2.06176 2.06908 2.07726 2.08632 2.09626 2.10707 2.11873 2.13119 2.14439 2.15826 2.17271 2.18763 2.20291 2.21842 2.23404 2.24962 2.26504 2.28015 2.29482 2.30893 2.32235 2.33496 2.34667 2.35739 2.36702 2.37549 2.38274 2.38873 2.39339 2.39672 2.39867 2.39924 2.39842 2.39623 2.39267 2.38777 2.38156 2.3741 2.36543 2.35562 2.34476 2.33292 2.32021 2.30673 2.29261 2.27796 2.26292 2.24762 2.23219 2.21678 2.2015 2.18649 2.17187 2.15774 2.1442 2.13133 2.1192 2.10786 2.09735 2.08768 2.07888 2.07092 2.06379 2.05746 2.05189 2.04704 2.04285 2.03927 2.03625 2.03373 2.03166 2.02997 2.02863 2.02759 2.0268 2.02624 2.02585 2.02562 2.02552 2.02554 2.02564 
2.01895 2.01922 2.01959 2.02005 2.02062 2.02132 2.02215 2.02317 2.0244 2.02588 2.02766 2.02981 2.03238 2.03544 2.03905 2.04328 2.04821 2.05389 2.06039 2.06776 2.07605 2.08528 2.09547 2.10663 2.11873 2.13174 2.14562 2.16027 2.17563 2.19158 2.20801 2.22479 2.24179 2.25884 2.27582 2.29258 2.30896 2.32483 2.34005 2.3545 2.36805 2.38061 2.39208 2.40237 2.41141 2.41915 2.42552 2.43048 2.43401 2.43609 2.43669 2.43582 2.43348 2.42969 2.42447 2.41785 2.40988 2.40061 2.39011 2.37845 2.36573 2.35205 2.33751 2.32224 2.30636 2.29002 2.27336 2.25653 2.23966 2.22291 2.20641 2.19029 2.17468 2.15968 2.14539 2.13189 2.11924 2.10748 2.09665 2.08675 2.07779 2.06974 2.06258 2.05627 2.05075 2.04597 2.04188 2.03842 2.03552 2.03311 2.03116 2.02959 2.02836 2.02742 2.02672 2.02624 2.02593 2.02577 2.02574 2.02583 
2.01913 2.01941 2.01979 2.02029 2.02091 2.02168 2.02261 2.02376 2.02514 2.02683 2.02886 2.03131 2.03423 2.03771 2.04182 2.04662 2.05221 2.05863 2.06597 2.07427 2.08358 2.09392 2.10531 2.11774 2.13119 2.14562 2.16095 2.17711 2.19399 2.21148 2.22945 2.24774 2.26622 2.28472 2.30309 2.32116 2.33879 2.35583 2.37213 2.38757 2.40202 2.41539 2.42757 2.43849 2.44806 2.45624 2.46297 2.46821 2.47194 2.47412 2.47476 2.47384 2.47138 2.46737 2.46186 2.45486 2.44641 2.43658 2.42543 2.41302 2.39946 2.38484 2.36927 2.35288 2.3358 2.31819 2.30018 2.28193 2.26361 2.24536 2.22735 2.2097 2.19257 2.17607 2.16031 2.14539 2.13137 2.11831 2.10625 2.09521 2.08519 2.07616 2.06812 2.061 2.05477 2.04937 2.04472 2.04078 2.03746 2.03471 2.03245 2.03064 2.0292 2.02809 2.02725 2.02666 2.02627 2.02605 2.02597 2.02603 
2.01933 2.01961 2.02002 2.02055 2.02123 2.02208 2.02312 2.0244 2.02597 2.02787 2.03017 2.03294 2.03626 2.04019 2.04483 2.05025 2.05653 2.06375 2.07198 2.08126 2.09164 2.10314 2.11578 2.12955 2.14439 2.16027 2.17711 2.1948 2.21324 2.23228 2.25179 2.2716 2.29155 2.31148 2.33121 2.35057 2.36941 2.38756 2.4049 2.42127 2.43658 2.4507 2.46354 2.47503 2.4851 2.49368 2.50074 2.50623 2.51013 2.51242 2.51309 2.51213 2.50955 2.50536 2.49958 2.49224 2.48337 2.47302 2.46126 2.44817 2.43381 2.4183 2.40176 2.38429 2.36606 2.34719 2.32786 2.30823 2.28846 2.26872 2.24918 2.23 2.21132 2.19329 2.17603 2.15964 2.14421 2.1298 2.11646 2.10422 2.09308 2.08303 2.07405 2.06609 2.0591 2.05302 2.04779 2.04333 2.03957 2.03644 2.03386 2.03177 2.03011 2.02882 2.02784 2.02712 2.02664 2.02635 2.02622 2.02625 
2.01955 2.01984 2.02026 2.02084 2.02158 2.02252 2.02368 2.02511 2.02687 2.02901 2.0316 2.03472 2.03845 2.04287 2.04808 2.05415 2.06117 2.06923 2.07839 2.08869 2.1002 2.11291 2.12685 2.14198 2.15826 2.17563 2.19399 2.21324 2.23323 2.25383 2.27487 2.29619 2.31759 2.3389 2.35995 2.38055 2.40054 2.41976 2.43806 2.45531 2.47139 2.48621 2.49965 2.51166 2.52216 2.53111 2.53846 2.54417 2.54823 2.55061 2.55131 2.55032 2.54765 2.5433 2.53729 2.52964 2.5204 2.50959 2.49729 2.48356 2.46848 2.45215 2.43469 2.41621 2.39687 2.37681 2.3562 2.33521 2.31402 2.29281 2.27176 2.25104 2.23081 2.21124 2.19245 2.17456 2.15768 2.14188 2.12723 2.11374 2.10144 2.09032 2.08036 2.07151 2.06372 2.05694 2.05108 2.04607 2.04184 2.0383 2.03538 2.033 2.0311 2.02961 2.02847 2.02763 2.02704 2.02668 2.0265 2.02649 
2.01979 2.02008 2.02053 2.02115 2.02196 2.02299 2.02428 2.02588 2.02784 2.03024 2.03314 2.03663 2.0408 2.04574 2.05154 2.05831 2.06611 2.07504 2.08517 2.09655 2.10921 2.12317 2.13844 2.15497 2.17271 2.19158 2.21148 2.23228 2.25383 2.27597 2.29853 2.3213 2.34411 2.36677 2.38907 2.41085 2.43192 2.45213 2.47132 2.48937 2.50616 2.52159 2.53557 2.54803 2.55892 2.56817 2.57577 2.58167 2.58587 2.58833 2.58906 2.58805 2.5853 2.58082 2.57462 2.56672 2.55716 2.54596 2.53318 2.51889 2.50316 2.48609 2.46778 2.44836 2.42798 2.40679 2.38496 2.36266 2.3401 2.31745 2.29491 2.27267 2.2509 2.22978 2.20945 2.19005 2.1717 2.15449 2.13848 2.12371 2.11022 2.09799 2.08701 2.07724 2.06862 2.06109 2.05457 2.04899 2.04426 2.04029 2.03701 2.03432 2.03216 2.03046 2.02915 2.02817 2.02748 2.02703 2.02679 2.02674 
2.02005 2.02034 2.02081 2.02148 2.02237 2.02351 2.02493 2.02671 2.02889 2.03156 2.03479 2.03867 2.0433 2.04879 2.05522 2.0627 2.07132 2.08116 2.09229 2.10476 2.11862 2.13386 2.15047 2.16842 2.18763 2.20801 2.22945 2.25179 2.27487 2.29853 2.32255 2.34674 2.3709 2.39483 2.41833 2.4412 2.46327 2.48439 2.50439 2.52316 2.54057 2.55654 2.57098 2.58382 2.59502 2.60454 2.61234 2.6184 2.6227 2.62524 2.626 2.62497 2.62217 2.61759 2.61124 2.60315 2.59332 2.58179 2.56861 2.55384 2.53754 2.5198 2.50074 2.48046 2.45913 2.43688 2.4139 2.39037 2.36648 2.34244 2.31845 2.29472 2.27143 2.24877 2.22691 2.20601 2.18618 2.16753 2.15015 2.13408 2.11936 2.106 2.09397 2.08324 2.07375 2.06545 2.05825 2.05207 2.04681 2.0424 2.03873 2.03572 2.03329 2.03137 2.02987 2.02875 2.02794 2.02741 2.02711 2.02702 
2.02033 2.02062 2.02112 2.02185 2.02281 2.02406 2.02563 2.02759 2.03 2.03295 2.03653 2.04083 2.04594 2.05199 2.05908 2.0673 2.07676 2.08753 2.09969 2.11329 2.12835 2.14488 2.16286 2.18223 2.20291 2.22479 2.24774 2.2716 2.29619 2.3213 2.34674 2.37229 2.39773 2.42286 2.44746 2.47134 2.49433 2.51626 2.53698 2.55637 2.57432 2.59074 2.60555 2.61871 2.63017 2.63989 2.64785 2.65403 2.65842 2.66101 2.66179 2.66077 2.65793 2.65329 2.64684 2.63859 2.62856 2.61678 2.60328 2.5881 2.57132 2.55302 2.53328 2.51225 2.49004 2.46683 2.44278 2.41808 2.39295 2.36758 2.3422 2.31702 2.29225 2.26808 2.24471 2.2223 2.20099 2.18091 2.16215 2.14477 2.12881 2.11428 2.10118 2.08948 2.07911 2.07001 2.0621 2.05529 2.0495 2.04461 2.04054 2.0372 2.03449 2.03232 2.03064 2.02936 2.02843 2.02781 2.02745 2.02732 
2.02062 2.02092 2.02145 2.02223 2.02328 2.02464 2.02637 2.02852 2.03118 2.03443 2.03836 2.04308 2.04871 2.05534 2.06309 2.07208 2.08239 2.09412 2.10732 2.12205 2.13833 2.15616 2.1755 2.19629 2.21842 2.24179 2.26622 2.29155 2.31759 2.34411 2.3709 2.39773 2.42438 2.45061 2.47623 2.50103 2.52483 2.54747 2.56881 2.58873 2.60712 2.62391 2.63902 2.65242 2.66407 2.67394 2.68201 2.68827 2.69273 2.69536 2.69617 2.69515 2.6923 2.68763 2.68111 2.67277 2.66261 2.65064 2.63689 2.6214 2.60423 2.58545 2.56515 2.54344 2.52047 2.49638 2.47136 2.44559 2.41928 2.39266 2.36595 2.33938 2.31318 2.28755 2.26269 2.23881 2.21604 2.19453 2.17439 2.15569 2.13848 2.12279 2.10861 2.0959 2.08463 2.07472 2.06609 2.05864 2.05229 2.04692 2.04244 2.03874 2.03573 2.03333 2.03144 2.03001 2.02896 2.02824 2.02781 2.02764 
2.02093 2.02124 2.0218 2.02263 2.02377 2.02525 2.02714 2.0295 2.0324 2.03596 2.04026 2.04543 2.05157 2.0588 2.06724 2.077 2.08818 2.10086 2.11512 2.13099 2.14849 2.16761 2.1883 2.21048 2.23404 2.25884 2.28472 2.31148 2.3389 2.36677 2.39483 2.42286 2.45061 2.47787 2.5044 2.53001 2.55453 2.57778 2.59964 2.61999 2.63873 2.6558 2.67114 2.6847 2.69647 2.70643 2.71457 2.72089 2.72538 2.72804 2.72887 2.72787 2.72504 2.72035 2.71382 2.70543 2.6952 2.68311 2.66919 2.65348 2.63601 2.61685 2.59608 2.5738 2.55016 2.5253 2.4994 2.47265 2.44527 2.41748 2.38952 2.36163 2.33405 2.307 2.28072 2.25539 2.23119 2.20828 2.18677 2.16676 2.14831 2.13145 2.11618 2.10247 2.09029 2.07955 2.07018 2.06209 2.05516 2.0493 2.04439 2.04034 2.03703 2.03437 2.03228 2.03068 2.0295 2.02868 2.02818 2.02797 
2.02125 2.02157 2.02216 2.02306 2.02428 2.02589 2.02794 2.03051 2.03367 2.03754 2.04223 2.04784 2.0545 2.06234 2.07147 2.08201 2.09406 2.10771 2.12302 2.14002 2.15873 2.17911 2.20113 2.22467 2.24962 2.27582 2.30309 2.33121 2.35995 2.38907 2.41833 2.44746 2.47623 2.5044 2.53175 2.55807 2.5832 2.60696 2.62924 2.64993 2.66893 2.68619 2.70167 2.71534 2.72717 2.73717 2.74534 2.75167 2.75617 2.75885 2.75971 2.75873 2.75592 2.75126 2.74475 2.73637 2.72611 2.71398 2.69997 2.68411 2.66643 2.64698 2.62584 2.60311 2.5789 2.55337 2.52669 2.49906 2.47069 2.44182 2.4127 2.38357 2.35469 2.32629 2.29863 2.2719 2.24632 2.22203 2.19919 2.17789 2.15821 2.14019 2.12383 2.10913 2.09603 2.08446 2.07436 2.0656 2.0581 2.05174 2.0464 2.04198 2.03836 2.03545 2.03315 2.03138 2.03006 2.02914 2.02857 2.02831 
2.02159 2.02191 2.02253 2.02349 2.02481 2.02655 2.02877 2.03154 2.03497 2.03916 2.04423 2.05029 2.05748 2.06593 2.07575 2.08707 2.09999 2.1146 2.13094 2.14906 2.16895 2.19058 2.21388 2.23875 2.26504 2.29258 2.32116 2.35057 2.38055 2.41085 2.4412 2.47134 2.50103 2.53001 2.55807 2.58501 2.61064 2.63482 2.65742 2.67835 2.69753 2.71491 2.73045 2.74415 2.75599 2.76598 2.77413 2.78045 2.78495 2.78764 2.78851 2.78757 2.7848 2.7802 2.77374 2.76541 2.75519 2.74307 2.72904 2.71311 2.6953 2.67566 2.65424 2.63114 2.60647 2.58038 2.55302 2.52461 2.49536 2.46551 2.43531 2.40503 2.37492 2.34525 2.31627 2.28821 2.26129 2.23568 2.21153 2.18898 2.16809 2.14893 2.13151 2.11581 2.1018 2.08942 2.07857 2.06916 2.06108 2.05421 2.04844 2.04365 2.03972 2.03654 2.03403 2.03209 2.03064 2.02962 2.02897 2.02867 
2.02193 2.02226 2.02292 2.02394 2.02535 2.02722 2.02961 2.0326 2.03629 2.0408 2.04625 2.05277 2.06048 2.06953 2.08005 2.09214 2.10591 2.12145 2.13881 2.15802 2.17906 2.2019 2.22645 2.25258 2.28015 2.30896 2.33879 2.36941 2.40054 2.43192 2.46327 2.49433 2.52483 2.55453 2.5832 2.61064 2.63668 2.66118 2.68401 2.7051 2.72437 2.74179 2.75734 2.77101 2.78281 2.79275 2.80085 2.80713 2.8116 2.81428 2.81517 2.81426 2.81156 2.80703 2.80066 2.79242 2.78229 2.77024 2.75625 2.74033 2.72247 2.70272 2.68111 2.65774 2.6327 2.60614 2.57822 2.54913 2.5191 2.48836 2.45718 2.42583 2.39459 2.36373 2.33351 2.30418 2.27598 2.24909 2.22369 2.19992 2.17786 2.15759 2.13912 2.12245 2.10755 2.09436 2.08278 2.07272 2.06406 2.0567 2.05049 2.04533 2.04109 2.03765 2.03493 2.03281 2.03122 2.0301 2.02938 2.02903 
2.02227 2.02261 2.02331 2.02439 2.0259 2.0279 2.03045 2.03366 2.03762 2.04244 2.04827 2.05524 2.06347 2.07312 2.08431 2.09715 2.11176 2.12822 2.14656 2.16682 2.18897 2.21297 2.2387 2.26604 2.29482 2.32483 2.35583 2.38756 2.41976 2.45213 2.48439 2.51626 2.54747 2.57778 2.60696 2.63482 2.66118 2.6859 2.70889 2.73005 2.74935 2.76675 2.78224 2.79584 2.80754 2.8174 2.82541 2.83163 2.83606 2.83872 2.83962 2.83876 2.83613 2.83169 2.82544 2.81732 2.80732 2.79538 2.7815 2.76564 2.74781 2.72802 2.70631 2.68275 2.65744 2.63051 2.60211 2.57244 2.54172 2.5102 2.47814 2.44582 2.41353 2.38156 2.35018 2.31966 2.29025 2.26215 2.23556 2.21062 2.18743 2.16609 2.14661 2.129 2.11323 2.09924 2.08694 2.07624 2.06702 2.05916 2.05253 2.047 2.04245 2.03876 2.03582 2.03353 2.03181 2.03059 2.0298 2.0294 
2.02262 2.02296 2.02369 2.02484 2.02645 2.02857 2.0313 2.03471 2.03893 2.04407 2.05027 2.05767 2.06642 2.07664 2.08849 2.10207 2.11748 2.13482 2.15411 2.17538 2.19859 2.22368 2.25054 2.27902 2.30893 2.34005 2.37213 2.4049 2.43806 2.47132 2.50439 2.53698 2.56881 2.59964 2.62924 2.65742 2.68401 2.70889 2.73195 2.75313 2.77239 2.78971 2.80509 2.81856 2.83015 2.83988 2.84779 2.85392 2.85829 2.86093 2.86185 2.86103 2.85848 2.85415 2.84803 2.84007 2.83023 2.81845 2.80471 2.78897 2.77122 2.75146 2.72972 2.70606 2.68056 2.65334 2.62456 2.59441 2.5631 2.53089 2.49804 2.46485 2.43161 2.39861 2.36616 2.33453 2.30399 2.27475 2.24702 2.22097 2.19672 2.17434 2.15389 2.13538 2.11877 2.10401 2.09102 2.0797 2.06993 2.06159 2.05454 2.04866 2.0438 2.03986 2.03671 2.03425 2.0324 2.03107 2.03021 2.02977 
2.02296 2.02331 2.02408 2.02529 2.02699 2.02924 2.03212 2.03574 2.04021 2.04566 2.05223 2.06005 2.06928 2.08007 2.09254 2.10682 2.12301 2.14118 2.16138 2.1836 2.20781 2.23393 2.26184 2.29138 2.32235 2.3545 2.38757 2.42127 2.45531 2.48937 2.52316 2.55637 2.58873 2.61999 2.64993 2.67835 2.7051 2.73005 2.75313 2.77427 2.79343 2.81063 2.82587 2.83918 2.85061 2.86019 2.86798 2.87401 2.87832 2.88093 2.88185 2.88109 2.87862 2.87442 2.86845 2.86066 2.851 2.83942 2.82586 2.81028 2.79266 2.77299 2.75128 2.72758 2.70196 2.67453 2.64545 2.6149 2.5831 2.55029 2.51675 2.48278 2.44867 2.41475 2.38132 2.34866 2.31707 2.28677 2.25798 2.23089 2.20562 2.18228 2.1609 2.14153 2.12412 2.10863 2.09497 2.08306 2.07276 2.06395 2.0565 2.05027 2.04512 2.04093 2.03758 2.03496 2.03297 2.03155 2.03061 2.03013 
2.0233 2.02366 2.02446 2.02573 2.02751 2.02989 2.03293 2.03675 2.04146 2.0472 2.05411 2.06234 2.07204 2.08335 2.09642 2.11137 2.12829 2.14725 2.16829 2.1914 2.21654 2.24363 2.27252 2.30303 2.33496 2.36805 2.40202 2.43658 2.47139 2.50616 2.54057 2.57432 2.60712 2.63873 2.66893 2.69753 2.72437 2.74935 2.77239 2.79343 2.81247 2.82951 2.84457 2.85771 2.86896 2.87838 2.88603 2.89195 2.89618 2.89876 2.89969 2.89897 2.89659 2.89252 2.88671 2.8791 2.86965 2.85828 2.84493 2.82955 2.8121 2.79256 2.77093 2.74724 2.72156 2.694 2.6647 2.63382 2.6016 2.56828 2.53414 2.49948 2.46461 2.42985 2.39553 2.36194 2.32938 2.2981 2.26833 2.24027 2.21406 2.18981 2.16757 2.14738 2.12922 2.11303 2.09875 2.08627 2.07547 2.06622 2.05839 2.05182 2.04639 2.04197 2.03842 2.03564 2.03353 2.03201 2.03101 2.03049 
2.02362 2.02399 2.02482 2.02614 2.02802 2.03051 2.0337 2.03771 2.04265 2.04866 2.0559 2.06451 2.07465 2.08646 2.10009 2.11566 2.13325 2.15295 2.17477 2.19871 2.22471 2.25268 2.28246 2.31387 2.34667 2.38061 2.41539 2.4507 2.48621 2.52159 2.55654 2.59074 2.62391 2.6558 2.68619 2.71491 2.74179 2.76675 2.78971 2.81063 2.82951 2.84636 2.86123 2.87417 2.88523 2.89448 2.90198 2.90779 2.91195 2.91448 2.91542 2.91475 2.91246 2.90852 2.90287 2.89546 2.88622 2.87507 2.86195 2.84679 2.82953 2.81015 2.78864 2.76501 2.73933 2.71168 2.68221 2.65109 2.61853 2.58478 2.55012 2.51486 2.47931 2.44381 2.40869 2.37426 2.34082 2.30865 2.27799 2.24903 2.22195 2.19686 2.17382 2.15288 2.13401 2.11719 2.10232 2.08931 2.07803 2.06837 2.06017 2.0533 2.0476 2.04295 2.03922 2.03629 2.03406 2.03245 2.03139 2.03083 
2.02392 2.0243 2.02516 2.02654 2.02849 2.03109 2.03442 2.03861 2.04376 2.05004 2.05758 2.06654 2.07708 2.08936 2.1035 2.11964 2.13786 2.15822 2.18076 2.20545 2.23224 2.261 2.29159 2.3238 2.35739 2.39208 2.42757 2.46354 2.49965 2.53557 2.57098 2.60555 2.63902 2.67114 2.70167 2.73045 2.75734 2.78224 2.80509 2.82587 2.84457 2.86123 2.8759 2.88863 2.8995 2.90858 2.91593 2.92162 2.9257 2.9282 2.92914 2.92852 2.92632 2.9225 2.91702 2.9098 2.90077 2.88985 2.87696 2.86202 2.84497 2.82577 2.8044 2.78086 2.75521 2.72754 2.69795 2.66664 2.63381 2.5997 2.5646 2.52882 2.49268 2.45653 2.4207 2.38551 2.35129 2.31832 2.28685 2.25709 2.22922 2.20337 2.1796 2.15797 2.13846 2.12104 2.10563 2.09213 2.08042 2.07037 2.06184 2.05468 2.04874 2.04388 2.03997 2.0369 2.03457 2.03287 2.03175 2.03115 
2.02421 2.02459 2.02548 2.02691 2.02894 2.03163 2.03509 2.03944 2.04479 2.0513 2.05911 2.0684 2.07931 2.092 2.10662 2.12327 2.14205 2.16302 2.1862 2.21156 2.23904 2.26852 2.29982 2.33274 2.36702 2.40237 2.43849 2.47503 2.51166 2.54803 2.58382 2.61871 2.65242 2.6847 2.71534 2.74415 2.77101 2.79584 2.81856 2.83918 2.85771 2.87417 2.88863 2.90116 2.91184 2.92075 2.92796 2.93354 2.93754 2.94 2.94095 2.94037 2.93825 2.93456 2.92923 2.92219 2.91337 2.90267 2.89001 2.8753 2.85846 2.83945 2.81823 2.7948 2.76921 2.74153 2.71188 2.68042 2.64737 2.61297 2.5775 2.54128 2.50464 2.46792 2.43147 2.39563 2.36072 2.32704 2.29485 2.26438 2.2358 2.20926 2.18484 2.16259 2.1425 2.12454 2.10864 2.0947 2.0826 2.07221 2.06337 2.05594 2.04978 2.04473 2.04067 2.03747 2.03503 2.03326 2.03208 2.03145 
2.02447 2.02485 2.02577 2.02724 2.02934 2.03212 2.0357 2.04019 2.04571 2.05243 2.0605 2.07007 2.08131 2.09437 2.1094 2.1265 2.14578 2.16728 2.19102 2.21698 2.24506 2.27516 2.30708 2.34061 2.37549 2.41141 2.44806 2.4851 2.52216 2.55892 2.59502 2.63017 2.66407 2.69647 2.72717 2.75599 2.78281 2.80754 2.83015 2.85061 2.86896 2.88523 2.8995 2.91184 2.92235 2.9311 2.93817 2.94365 2.94758 2.95 2.95095 2.95041 2.94837 2.94479 2.9396 2.93274 2.92411 2.91362 2.90117 2.88667 2.87003 2.8512 2.83014 2.80683 2.78131 2.75365 2.72396 2.6924 2.65918 2.62454 2.58877 2.55218 2.51511 2.47791 2.44093 2.40452 2.36902 2.33472 2.30191 2.27081 2.24162 2.21448 2.18949 2.16669 2.1461 2.12767 2.11134 2.097 2.08455 2.07385 2.06474 2.05708 2.05071 2.04549 2.04129 2.03798 2.03545 2.03361 2.03238 2.03172 
2.02469 2.02509 2.02603 2.02754 2.02969 2.03256 2.03623 2.04085 2.04653 2.05342 2.0617 2.07152 2.08304 2.09643 2.11181 2.1293 2.149 2.17096 2.19518 2.22164 2.25025 2.28087 2.31332 2.34736 2.38274 2.41915 2.45624 2.49368 2.53111 2.56817 2.60454 2.63989 2.67394 2.70643 2.73717 2.76598 2.79275 2.8174 2.83988 2.86019 2.87838 2.89448 2.90858 2.92075 2.9311 2.93971 2.94666 2.95204 2.95591 2.95831 2.95925 2.95875 2.95678 2.95329 2.94823 2.94152 2.93306 2.92276 2.9105 2.89619 2.87974 2.86108 2.84016 2.81697 2.79152 2.76389 2.73418 2.70255 2.6692 2.63437 2.59836 2.56147 2.52404 2.48644 2.44902 2.41213 2.37613 2.34131 2.30797 2.27635 2.24664 2.21899 2.1935 2.17024 2.14921 2.13037 2.11367 2.099 2.08625 2.07528 2.06593 2.05807 2.05153 2.04616 2.04184 2.03843 2.03582 2.03392 2.03265 2.03196 
2.02489 2.02529 2.02625 2.02779 2.02999 2.03292 2.03669 2.0414 2.04721 2.05426 2.06272 2.07274 2.0845 2.09815 2.11382 2.13164 2.15169 2.17402 2.19864 2.22551 2.25454 2.28559 2.31847 2.35294 2.38873 2.42552 2.46297 2.50074 2.53846 2.57577 2.61234 2.64785 2.68201 2.71457 2.74534 2.77413 2.80085 2.82541 2.84779 2.86798 2.88603 2.90198 2.91593 2.92796 2.93817 2.94666 2.95352 2.95882 2.96263 2.965 2.96595 2.96548 2.96356 2.96016 2.95521 2.94863 2.94031 2.93016 2.91806 2.90392 2.88763 2.86911 2.84832 2.82523 2.79985 2.77225 2.74254 2.71086 2.67741 2.64243 2.60622 2.56909 2.53138 2.49346 2.45568 2.41841 2.382 2.34676 2.31299 2.28093 2.25079 2.22272 2.19684 2.17319 2.1518 2.13263 2.11562 2.10067 2.08767 2.07647 2.06694 2.0589 2.05222 2.04673 2.0423 2.03881 2.03613 2.03418 2.03288 2.03217 
2.02505 2.02545 2.02642 2.028 2.03024 2.03322 2.03705 2.04185 2.04776 2.05493 2.06353 2.07372 2.08566 2.09951 2.11542 2.13349 2.15381 2.17643 2.20136 2.22855 2.25791 2.28929 2.3225 2.35729 2.39339 2.43048 2.46821 2.50623 2.54417 2.58167 2.6184 2.65403 2.68827 2.72089 2.75167 2.78045 2.80713 2.83163 2.85392 2.87401 2.89195 2.90779 2.92162 2.93354 2.94365 2.95204 2.95882 2.96406 2.96783 2.97018 2.97113 2.97068 2.96881 2.96548 2.96061 2.95412 2.94592 2.9359 2.92393 2.90991 2.89374 2.87534 2.85465 2.83164 2.80632 2.77875 2.74903 2.7173 2.68378 2.6487 2.61234 2.57502 2.53709 2.49892 2.46087 2.4233 2.38658 2.35101 2.31691 2.28452 2.25404 2.22565 2.19946 2.17551 2.15384 2.13441 2.11716 2.102 2.0888 2.07743 2.06774 2.05957 2.05277 2.04718 2.04268 2.03912 2.03639 2.0344 2.03307 2.03234 
2.02517 2.02558 2.02656 2.02816 2.03042 2.03344 2.03732 2.04218 2.04817 2.05543 2.06412 2.07443 2.0865 2.1005 2.11657 2.13482 2.15534 2.17817 2.20331 2.23073 2.26032 2.29193 2.32537 2.3604 2.39672 2.43401 2.47194 2.51013 2.54823 2.58587 2.6227 2.65842 2.69273 2.72538 2.75617 2.78495 2.8116 2.83606 2.85829 2.87832 2.89618 2.91195 2.9257 2.93754 2.94758 2.95591 2.96263 2.96783 2.97158 2.97391 2.97486 2.97443 2.97259 2.9693 2.96449 2.95808 2.94995 2.94001 2.92813 2.9142 2.89812 2.87979 2.85917 2.83621 2.81093 2.78337 2.75364 2.72189 2.68831 2.65315 2.61668 2.57923 2.54115 2.5028 2.46456 2.42678 2.38984 2.35404 2.31971 2.28708 2.25637 2.22775 2.20134 2.17718 2.15531 2.1357 2.11828 2.10296 2.08962 2.07812 2.06832 2.06006 2.05317 2.04752 2.04295 2.03935 2.03658 2.03456 2.03321 2.03247 
2.02525 2.02566 2.02665 2.02826 2.03054 2.03359 2.0375 2.0424 2.04842 2.05574 2.06449 2.07487 2.08702 2.10111 2.11728 2.13563 2.15626 2.17921 2.20448 2.23202 2.26174 2.29349 2.32707 2.36222 2.39867 2.43609 2.47412 2.51242 2.55061 2.58833 2.62524 2.66101 2.69536 2.72804 2.75885 2.78764 2.81428 2.83872 2.86093 2.88093 2.89876 2.91448 2.9282 2.94 2.95 2.95831 2.965 2.97018 2.97391 2.97624 2.97719 2.97677 2.97495 2.97168 2.96691 2.96053 2.95245 2.94255 2.93071 2.91682 2.90078 2.88249 2.8619 2.83896 2.81368 2.78613 2.75639 2.72461 2.69099 2.65577 2.61924 2.58171 2.54354 2.50508 2.46672 2.42883 2.39175 2.35583 2.32136 2.28859 2.25775 2.229 2.20246 2.17818 2.1562 2.13647 2.11895 2.10354 2.09012 2.07855 2.06869 2.06036 2.05343 2.04773 2.04313 2.03949 2.0367 2.03466 2.0333 2.03255 
