1.14131 1.14168 1.14204 1.14239 1.14272 1.14302 1.14329 1.14353 1.14374 1.14392 1.14408 1.14421 1.14431 1.1444 1.14447 1.14452 1.14456 1.14459 1.14461 1.14463 1.14465 1.14466 1.14466 1.14467 1.14468 1.14469 1.14469 1.1447 1.14471 1.14472 1.14473 1.14475 1.14477 1.14479 1.14481 1.14483 1.14486 1.14489 1.14492 1.14495 1.14498 1.14502 1.14505 1.14508 1.14511 1.14514 1.14516 1.14518 1.1452 1.14521 1.14521 1.14521 1.14521 1.1452 1.14519 1.14517 1.14515 1.14513 1.1451 1.14507 1.14504 1.14501 1.14498 1.14495 1.14492 1.14489 1.14486 1.14483 1.14481 1.14479 1.14477 1.14475 1.14474 1.14473 1.14472 1.14471 1.1447 1.1447 1.1447 1.1447 1.1447 1.14471 1.14473 1.14475 1.14479 1.14483 1.14489 1.14497 1.14507 1.1452 1.14535 1.14553 1.14574 1.14598 1.14625 1.14655 1.14688 1.14723 1.1476 1.14797 
1.14168 1.14205 1.14242 1.14276 1.14309 1.14339 1.14366 1.1439 1.14411 1.1443 1.14445 1.14458 1.14469 1.14477 1.14484 1.14489 1.14493 1.14496 1.14499 1.14501 1.14502 1.14503 1.14504 1.14504 1.14505 1.14506 1.14506 1.14507 1.14508 1.14509 1.1451 1.14511 1.14513 1.14515 1.14517 1.14519 1.14522 1.14525 1.14528 1.14531 1.14534 1.14537 1.1454 1.14543 1.14546 1.14549 1.14551 1.14553 1.14555 1.14556 1.14557 1.14557 1.14556 1.14556 1.14554 1.14553 1.14551 1.14548 1.14546 1.14543 1.1454 1.14537 1.14534 1.14531 1.14528 1.14525 1.14522 1.1452 1.14517 1.14515 1.14514 1.14512 1.14511 1.14509 1.14509 1.14508 1.14507 1.14507 1.14507 1.14507 1.14508 1.14509 1.1451 1.14513 1.14516 1.14521 1.14527 1.14535 1.14544 1.14557 1.14572 1.1459 1.14611 1.14635 1.14663 1.14693 1.14726 1.1476 1.14797 1.14834 
1.14204 1.14242 1.14278 1.14313 1.14345 1.14375 1.14402 1.14427 1.14448 1.14466 1.14481 1.14494 1.14505 1.14513 1.1452 1.14525 1.1453 1.14533 1.14535 1.14537 1.14538 1.14539 1.1454 1.14541 1.14541 1.14542 1.14543 1.14544 1.14545 1.14546 1.14547 1.14549 1.14551 1.14553 1.14555 1.14558 1.14561 1.14565 1.14568 1.14572 1.14576 1.1458 1.14583 1.14587 1.1459 1.14594 1.14596 1.14599 1.14601 1.14602 1.14603 1.14603 1.14603 1.14602 1.146 1.14598 1.14596 1.14593 1.14589 1.14586 1.14582 1.14579 1.14575 1.14571 1.14568 1.14564 1.14561 1.14558 1.14556 1.14553 1.14551 1.14549 1.14548 1.14546 1.14545 1.14544 1.14544 1.14543 1.14543 1.14543 1.14544 1.14545 1.14547 1.14549 1.14552 1.14557 1.14563 1.14571 1.14581 1.14593 1.14608 1.14626 1.14647 1.14672 1.14699 1.14729 1.14762 1.14797 1.14833 1.14871 
1.14239 1.14276 1.14313 1.14347 1.1438 1.1441 1.14437 1.14461 1.14482 1.14501 1.14516 1.14529 1.1454 1.14548 1.14555 1.1456 1.14564 1.14567 1.1457 1.14572 1.14573 1.14574 1.14575 1.14576 1.14577 1.14577 1.14578 1.14579 1.14581 1.14582 1.14584 1.14587 1.14589 1.14592 1.14596 1.146 1.14604 1.14609 1.14614 1.14619 1.14624 1.1463 1.14635 1.1464 1.14645 1.14649 1.14653 1.14656 1.14659 1.1466 1.14661 1.14662 1.14661 1.1466 1.14657 1.14655 1.14651 1.14647 1.14643 1.14638 1.14633 1.14628 1.14622 1.14617 1.14612 1.14608 1.14603 1.14599 1.14596 1.14592 1.14589 1.14587 1.14585 1.14583 1.14581 1.1458 1.14579 1.14579 1.14578 1.14579 1.14579 1.1458 1.14581 1.14584 1.14587 1.14592 1.14598 1.14606 1.14616 1.14628 1.14643 1.14661 1.14682 1.14706 1.14734 1.14764 1.14797 1.14831 1.14868 1.14905 
1.14272 1.14309 1.14345 1.1438 1.14412 1.14442 1.1447 1.14494 1.14515 1.14533 1.14549 1.14562 1.14572 1.14581 1.14587 1.14593 1.14597 1.146 1.14602 1.14604 1.14606 1.14607 1.14608 1.14609 1.1461 1.14611 1.14613 1.14614 1.14616 1.14619 1.14622 1.14625 1.1463 1.14634 1.1464 1.14646 1.14652 1.14659 1.14666 1.14674 1.14682 1.1469 1.14698 1.14705 1.14712 1.14719 1.14724 1.14729 1.14733 1.14735 1.14737 1.14737 1.14736 1.14734 1.1473 1.14726 1.14721 1.14715 1.14708 1.14701 1.14693 1.14686 1.14678 1.1467 1.14663 1.14656 1.1465 1.14644 1.14638 1.14633 1.14629 1.14625 1.14622 1.14619 1.14617 1.14615 1.14614 1.14613 1.14612 1.14612 1.14612 1.14613 1.14614 1.14617 1.1462 1.14624 1.1463 1.14638 1.14648 1.1466 1.14676 1.14694 1.14715 1.14739 1.14766 1.14796 1.14829 1.14864 1.149 1.14938 
1.14302 1.14339 1.14375 1.1441 1.14442 1.14472 1.145 1.14524 1.14545 1.14563 1.14579 1.14591 1.14602 1.14611 1.14617 1.14623 1.14627 1.1463 1.14633 1.14635 1.14636 1.14638 1.14639 1.1464 1.14642 1.14644 1.14646 1.14648 1.14652 1.14656 1.1466 1.14666 1.14672 1.1468 1.14688 1.14697 1.14707 1.14718 1.14729 1.14741 1.14753 1.14765 1.14777 1.14788 1.14799 1.14808 1.14817 1.14824 1.14829 1.14833 1.14835 1.14835 1.14833 1.1483 1.14825 1.14818 1.1481 1.14801 1.14791 1.1478 1.14769 1.14757 1.14745 1.14734 1.14723 1.14712 1.14702 1.14693 1.14685 1.14677 1.1467 1.14665 1.1466 1.14655 1.14652 1.14649 1.14647 1.14645 1.14644 1.14643 1.14643 1.14644 1.14645 1.14647 1.1465 1.14654 1.1466 1.14668 1.14678 1.14691 1.14706 1.14724 1.14745 1.14769 1.14796 1.14826 1.14859 1.14894 1.1493 1.14968 
1.14329 1.14366 1.14402 1.14437 1.1447 1.145 1.14527 1.14551 1.14572 1.1459 1.14606 1.14619 1.14629 1.14638 1.14645 1.1465 1.14654 1.14658 1.1466 1.14662 1.14664 1.14666 1.14668 1.1467 1.14672 1.14675 1.14678 1.14683 1.14688 1.14694 1.14701 1.1471 1.1472 1.14732 1.14745 1.14759 1.14774 1.14791 1.14808 1.14826 1.14844 1.14862 1.1488 1.14897 1.14913 1.14927 1.14939 1.1495 1.14958 1.14963 1.14966 1.14966 1.14963 1.14958 1.1495 1.1494 1.14928 1.14914 1.14899 1.14882 1.14865 1.14847 1.1483 1.14812 1.14795 1.14779 1.14764 1.1475 1.14737 1.14726 1.14716 1.14707 1.14699 1.14692 1.14687 1.14682 1.14679 1.14676 1.14674 1.14673 1.14672 1.14672 1.14673 1.14675 1.14678 1.14682 1.14688 1.14696 1.14705 1.14718 1.14733 1.14751 1.14772 1.14796 1.14823 1.14854 1.14886 1.14921 1.14957 1.14995 
1.14353 1.1439 1.14427 1.14461 1.14494 1.14524 1.14551 1.14575 1.14596 1.14614 1.1463 1.14643 1.14653 1.14662 1.14669 1.14674 1.14679 1.14682 1.14685 1.14687 1.1469 1.14692 1.14694 1.14697 1.14701 1.14705 1.14711 1.14718 1.14726 1.14736 1.14747 1.14761 1.14776 1.14794 1.14814 1.14835 1.14859 1.14884 1.1491 1.14937 1.14964 1.14991 1.15017 1.15042 1.15066 1.15087 1.15105 1.1512 1.15131 1.15139 1.15143 1.15143 1.15139 1.15131 1.15119 1.15104 1.15086 1.15065 1.15042 1.15017 1.14992 1.14965 1.14939 1.14913 1.14887 1.14863 1.1484 1.14819 1.148 1.14782 1.14767 1.14753 1.14742 1.14732 1.14723 1.14716 1.1471 1.14706 1.14703 1.147 1.14699 1.14698 1.14698 1.147 1.14703 1.14707 1.14712 1.1472 1.1473 1.14742 1.14757 1.14775 1.14796 1.1482 1.14848 1.14878 1.1491 1.14945 1.14982 1.15019 
1.14374 1.14411 1.14448 1.14482 1.14515 1.14545 1.14572 1.14596 1.14617 1.14636 1.14651 1.14664 1.14675 1.14683 1.1469 1.14696 1.147 1.14704 1.14707 1.1471 1.14713 1.14716 1.1472 1.14724 1.1473 1.14737 1.14745 1.14756 1.14768 1.14783 1.14801 1.14822 1.14846 1.14872 1.14902 1.14935 1.1497 1.15007 1.15046 1.15085 1.15125 1.15165 1.15203 1.1524 1.15274 1.15304 1.1533 1.15352 1.15368 1.15379 1.15384 1.15384 1.15377 1.15365 1.15348 1.15326 1.15299 1.15269 1.15235 1.15199 1.15161 1.15122 1.15083 1.15045 1.15007 1.14972 1.14938 1.14906 1.14878 1.14852 1.14828 1.14808 1.1479 1.14775 1.14762 1.14752 1.14743 1.14736 1.14731 1.14726 1.14724 1.14722 1.14722 1.14723 1.14725 1.14729 1.14734 1.14742 1.14751 1.14763 1.14778 1.14796 1.14817 1.14842 1.14869 1.14899 1.14932 1.14966 1.15003 1.1504 
1.14392 1.1443 1.14466 1.14501 1.14533 1.14563 1.1459 1.14614 1.14636 1.14654 1.14669 1.14682 1.14693 1.14702 1.14709 1.14715 1.14719 1.14723 1.14727 1.14731 1.14735 1.14739 1.14745 1.14751 1.1476 1.1477 1.14783 1.14799 1.14819 1.14841 1.14868 1.14899 1.14935 1.14975 1.15019 1.15067 1.15118 1.15172 1.15229 1.15286 1.15344 1.15401 1.15456 1.15508 1.15556 1.15599 1.15636 1.15667 1.1569 1.15705 1.15712 1.15711 1.15701 1.15684 1.15659 1.15627 1.15588 1.15544 1.15496 1.15444 1.15389 1.15333 1.15277 1.15221 1.15167 1.15115 1.15065 1.15019 1.14977 1.14939 1.14905 1.14875 1.14849 1.14826 1.14807 1.14791 1.14778 1.14767 1.14759 1.14752 1.14748 1.14745 1.14743 1.14743 1.14745 1.14748 1.14753 1.1476 1.1477 1.14782 1.14797 1.14815 1.14836 1.1486 1.14887 1.14917 1.1495 1.14985 1.15021 1.15059 
1.14408 1.14445 1.14481 1.14516 1.14549 1.14579 1.14606 1.1463 1.14651 1.14669 1.14685 1.14698 1.14709 1.14718 1.14725 1.14731 1.14736 1.14741 1.14745 1.1475 1.14755 1.14762 1.1477 1.1478 1.14793 1.14809 1.14829 1.14852 1.14881 1.14915 1.14955 1.15001 1.15053 1.15111 1.15175 1.15244 1.15318 1.15396 1.15476 1.15558 1.1564 1.15721 1.15798 1.15871 1.15939 1.15999 1.1605 1.16092 1.16124 1.16145 1.16154 1.16152 1.16138 1.16113 1.16077 1.16032 1.15977 1.15915 1.15846 1.15773 1.15696 1.15616 1.15536 1.15457 1.15379 1.15305 1.15235 1.15169 1.15108 1.15053 1.15004 1.1496 1.14922 1.14889 1.14861 1.14837 1.14818 1.14802 1.14789 1.14779 1.14772 1.14767 1.14764 1.14762 1.14763 1.14765 1.1477 1.14777 1.14786 1.14798 1.14813 1.1483 1.14851 1.14875 1.14903 1.14933 1.14965 1.15 1.15037 1.15074 
1.14421 1.14458 1.14494 1.14529 1.14562 1.14591 1.14619 1.14643 1.14664 1.14682 1.14698 1.14711 1.14722 1.14731 1.14739 1.14745 1.14751 1.14756 1.14762 1.14769 1.14776 1.14786 1.14798 1.14813 1.14832 1.14856 1.14885 1.1492 1.14963 1.15012 1.1507 1.15137 1.15211 1.15294 1.15386 1.15484 1.15588 1.15698 1.1581 1.15925 1.16039 1.1615 1.16257 1.16358 1.16451 1.16533 1.16603 1.1666 1.16703 1.16731 1.16743 1.16739 1.16719 1.16684 1.16634 1.16571 1.16496 1.16409 1.16314 1.16212 1.16104 1.15994 1.15882 1.15772 1.15663 1.15559 1.1546 1.15367 1.15281 1.15203 1.15133 1.1507 1.15016 1.14968 1.14928 1.14894 1.14865 1.14842 1.14823 1.14808 1.14797 1.14789 1.14783 1.1478 1.1478 1.14781 1.14785 1.14791 1.148 1.14811 1.14826 1.14844 1.14864 1.14888 1.14916 1.14946 1.14978 1.15013 1.1505 1.15087 
1.14431 1.14469 1.14505 1.1454 1.14572 1.14602 1.14629 1.14653 1.14675 1.14693 1.14709 1.14722 1.14733 1.14742 1.1475 1.14758 1.14764 1.14771 1.14779 1.14788 1.14799 1.14813 1.1483 1.14853 1.14881 1.14915 1.14958 1.15009 1.1507 1.15142 1.15224 1.15318 1.15424 1.15541 1.15668 1.15805 1.1595 1.16101 1.16256 1.16412 1.16568 1.1672 1.16866 1.17002 1.17126 1.17237 1.17331 1.17407 1.17464 1.17501 1.17516 1.17509 1.17482 1.17434 1.17366 1.1728 1.17177 1.17059 1.1693 1.1679 1.16644 1.16493 1.1634 1.16188 1.16039 1.15895 1.15758 1.15629 1.1551 1.15401 1.15303 1.15215 1.15138 1.15071 1.15014 1.14965 1.14924 1.14891 1.14864 1.14842 1.14825 1.14813 1.14804 1.14798 1.14795 1.14795 1.14798 1.14804 1.14812 1.14823 1.14837 1.14855 1.14875 1.14899 1.14926 1.14956 1.14989 1.15024 1.1506 1.15098 
1.1444 1.14477 1.14513 1.14548 1.14581 1.14611 1.14638 1.14662 1.14683 1.14702 1.14718 1.14731 1.14742 1.14752 1.14761 1.14769 1.14777 1.14786 1.14796 1.14809 1.14824 1.14845 1.1487 1.14903 1.14943 1.14993 1.15054 1.15127 1.15214 1.15315 1.1543 1.15562 1.15708 1.15869 1.16044 1.16231 1.16428 1.16633 1.16842 1.17053 1.17262 1.17465 1.17658 1.17839 1.18004 1.1815 1.18274 1.18374 1.18448 1.18494 1.18513 1.18504 1.18466 1.18401 1.18311 1.18195 1.18058 1.17901 1.17728 1.17542 1.17345 1.17143 1.16937 1.16732 1.16531 1.16336 1.1615 1.15975 1.15812 1.15662 1.15527 1.15406 1.15299 1.15205 1.15125 1.15057 1.15 1.14952 1.14914 1.14883 1.14859 1.1484 1.14826 1.14817 1.14812 1.14809 1.14811 1.14815 1.14822 1.14833 1.14847 1.14864 1.14884 1.14908 1.14935 1.14965 1.14998 1.15032 1.15069 1.15106 
1.14447 1.14484 1.1452 1.14555 1.14587 1.14617 1.14645 1.14669 1.1469 1.14709 1.14725 1.14739 1.1475 1.14761 1.14771 1.1478 1.1479 1.14802 1.14816 1.14833 1.14856 1.14885 1.14922 1.14968 1.15026 1.15096 1.15182 1.15285 1.15405 1.15545 1.15704 1.15884 1.16083 1.16302 1.16538 1.16789 1.17053 1.17325 1.17602 1.17881 1.18155 1.18421 1.18674 1.1891 1.19124 1.19313 1.19473 1.19601 1.19696 1.19756 1.19779 1.19765 1.19715 1.19629 1.1951 1.19359 1.19179 1.18974 1.18746 1.18502 1.18243 1.17976 1.17705 1.17434 1.17166 1.16907 1.16658 1.16423 1.16204 1.16002 1.15819 1.15654 1.15509 1.15381 1.15271 1.15176 1.15097 1.15031 1.14977 1.14934 1.14899 1.14873 1.14853 1.14838 1.14829 1.14824 1.14823 1.14826 1.14832 1.14841 1.14855 1.14871 1.14892 1.14915 1.14942 1.14972 1.15005 1.15039 1.15076 1.15113 
1.14452 1.14489 1.14525 1.1456 1.14593 1.14623 1.1465 1.14674 1.14696 1.14715 1.14731 1.14745 1.14758 1.14769 1.1478 1.14792 1.14805 1.1482 1.1484 1.14864 1.14896 1.14937 1.14989 1.15054 1.15134 1.15233 1.15352 1.15493 1.15657 1.15847 1.16063 1.16305 1.16572 1.16863 1.17176 1.17507 1.17853 1.18209 1.18571 1.18931 1.19286 1.19629 1.19954 1.20255 1.20528 1.20768 1.20971 1.21134 1.21253 1.21327 1.21355 1.21336 1.2127 1.2116 1.21006 1.20812 1.2058 1.20316 1.20024 1.19708 1.19374 1.19029 1.18676 1.18323 1.17974 1.17635 1.17308 1.16999 1.16709 1.16441 1.16197 1.15977 1.15781 1.15609 1.1546 1.15332 1.15224 1.15133 1.15059 1.14999 1.14951 1.14913 1.14884 1.14863 1.14849 1.1484 1.14836 1.14836 1.14841 1.14849 1.14862 1.14878 1.14898 1.14921 1.14948 1.14978 1.1501 1.15045 1.15081 1.15118 
1.14456 1.14493 1.1453 1.14564 1.14597 1.14627 1.14654 1.14679 1.147 1.14719 1.14736 1.14751 1.14764 1.14777 1.1479 1.14805 1.14822 1.14843 1.14869 1.14904 1.14948 1.15005 1.15077 1.15167 1.15278 1.15413 1.15575 1.15765 1.15987 1.16241 1.16528 1.16848 1.17199 1.1758 1.17987 1.18417 1.18863 1.1932 1.19782 1.20242 1.20692 1.21125 1.21535 1.21914 1.22256 1.22556 1.22809 1.23011 1.23158 1.23249 1.23281 1.23256 1.23172 1.23032 1.22838 1.22593 1.22301 1.21967 1.21597 1.21197 1.20774 1.20334 1.19885 1.19433 1.18986 1.18548 1.18127 1.17725 1.17348 1.16999 1.16679 1.16389 1.1613 1.15902 1.15703 1.15532 1.15387 1.15265 1.15164 1.15082 1.15016 1.14964 1.14924 1.14894 1.14873 1.14858 1.1485 1.14848 1.1485 1.14857 1.14868 1.14884 1.14903 1.14926 1.14952 1.14982 1.15014 1.15049 1.15085 1.15122 
1.14459 1.14496 1.14533 1.14567 1.146 1.1463 1.14658 1.14682 1.14704 1.14723 1.14741 1.14756 1.14771 1.14786 1.14802 1.1482 1.14843 1.14871 1.14908 1.14955 1.15016 1.15094 1.15193 1.15316 1.15466 1.15647 1.15864 1.16117 1.1641 1.16744 1.1712 1.17536 1.1799 1.1848 1.19002 1.19548 1.20114 1.20691 1.21272 1.21847 1.22409 1.22947 1.23454 1.23922 1.24343 1.24712 1.25021 1.25267 1.25446 1.25555 1.25594 1.2556 1.25455 1.25281 1.25041 1.24737 1.24375 1.23962 1.23502 1.23004 1.22477 1.21927 1.21364 1.20796 1.20231 1.19677 1.19141 1.1863 1.18147 1.17698 1.17284 1.16909 1.16572 1.16274 1.16013 1.15788 1.15595 1.15433 1.15299 1.15189 1.151 1.15029 1.14974 1.14932 1.14902 1.14881 1.14867 1.14861 1.1486 1.14865 1.14875 1.14889 1.14908 1.1493 1.14956 1.14986 1.15018 1.15052 1.15088 1.15126 
1.14461 1.14499 1.14535 1.1457 1.14602 1.14633 1.1466 1.14685 1.14707 1.14727 1.14745 1.14762 1.14779 1.14796 1.14816 1.1484 1.14869 1.14908 1.14957 1.15022 1.15105 1.15211 1.15344 1.15508 1.15708 1.15949 1.16233 1.16565 1.16946 1.17378 1.17861 1.18393 1.18971 1.19591 1.20247 1.20932 1.21637 1.22353 1.23071 1.23778 1.24466 1.25124 1.25741 1.26309 1.26818 1.27262 1.27634 1.27929 1.28143 1.28273 1.28317 1.28274 1.28146 1.27934 1.27641 1.27272 1.26832 1.26328 1.25767 1.25158 1.24511 1.23836 1.23142 1.22439 1.21738 1.21049 1.20379 1.19737 1.19128 1.1856 1.18034 1.17555 1.17124 1.1674 1.16402 1.1611 1.15859 1.15647 1.1547 1.15324 1.15206 1.15112 1.15038 1.14981 1.14939 1.14908 1.14888 1.14876 1.14872 1.14874 1.14882 1.14895 1.14912 1.14934 1.14959 1.14988 1.1502 1.15055 1.15091 1.15128 
1.14463 1.14501 1.14537 1.14572 1.14604 1.14635 1.14662 1.14687 1.1471 1.14731 1.1475 1.14769 1.14788 1.14809 1.14833 1.14864 1.14904 1.14955 1.15022 1.15109 1.1522 1.15361 1.15537 1.15754 1.16016 1.16329 1.16698 1.17125 1.17613 1.18163 1.18774 1.19443 1.20166 1.20938 1.2175 1.22594 1.23458 1.24332 1.25203 1.26059 1.26888 1.27677 1.28415 1.29092 1.29698 1.30224 1.30665 1.31012 1.31264 1.31415 1.31464 1.31412 1.31257 1.31004 1.30654 1.30214 1.29688 1.29084 1.28412 1.27681 1.26901 1.26085 1.25243 1.24389 1.23533 1.22688 1.21864 1.2107 1.20315 1.19607 1.18949 1.18347 1.17802 1.17315 1.16885 1.16511 1.16188 1.15915 1.15685 1.15495 1.15341 1.15216 1.15118 1.15042 1.14985 1.14943 1.14914 1.14895 1.14886 1.14884 1.1489 1.149 1.14917 1.14937 1.14962 1.14991 1.15023 1.15057 1.15093 1.1513 
1.14465 1.14502 1.14538 1.14573 1.14606 1.14636 1.14664 1.1469 1.14713 1.14735 1.14755 1.14776 1.14799 1.14824 1.14856 1.14896 1.14948 1.15016 1.15105 1.1522 1.15367 1.15552 1.15782 1.16063 1.16402 1.16804 1.17274 1.17815 1.1843 1.19119 1.1988 1.20708 1.21599 1.22544 1.23533 1.24555 1.25597 1.26646 1.27686 1.28704 1.29686 1.30618 1.31486 1.3228 1.32988 1.33602 1.34113 1.34517 1.34807 1.34981 1.35036 1.34972 1.34791 1.34493 1.34083 1.33566 1.32949 1.3224 1.31448 1.30584 1.2966 1.2869 1.27686 1.26663 1.25635 1.24615 1.23617 1.22651 1.21729 1.20859 1.20048 1.19302 1.18623 1.18015 1.17475 1.17002 1.16594 1.16245 1.15952 1.15708 1.15508 1.15347 1.15219 1.15119 1.15043 1.14986 1.14946 1.14919 1.14903 1.14897 1.14899 1.14907 1.14922 1.14941 1.14965 1.14993 1.15025 1.15059 1.15094 1.15131 
1.14466 1.14503 1.14539 1.14574 1.14607 1.14638 1.14666 1.14692 1.14716 1.14739 1.14762 1.14786 1.14813 1.14845 1.14885 1.14937 1.15005 1.15094 1.15211 1.15361 1.15552 1.15791 1.16087 1.16447 1.16877 1.17385 1.17976 1.18652 1.19415 1.20264 1.21197 1.22207 1.23286 1.24425 1.25611 1.2683 1.28066 1.29304 1.30527 1.31719 1.32863 1.33945 1.34949 1.35864 1.36678 1.37382 1.37967 1.38427 1.38757 1.38953 1.39015 1.3894 1.3873 1.38387 1.37915 1.3732 1.36608 1.35788 1.3487 1.33866 1.3279 1.31655 1.30478 1.29273 1.28056 1.26845 1.25653 1.24496 1.23385 1.22333 1.21347 1.20436 1.19604 1.18853 1.18184 1.17596 1.17086 1.16648 1.16278 1.15969 1.15715 1.15509 1.15344 1.15215 1.15115 1.1504 1.14986 1.14948 1.14924 1.14912 1.1491 1.14915 1.14927 1.14945 1.14968 1.14996 1.15026 1.1506 1.15096 1.15133 
1.14466 1.14504 1.1454 1.14575 1.14608 1.14639 1.14668 1.14694 1.1472 1.14745 1.1477 1.14798 1.1483 1.1487 1.14922 1.14989 1.15077 1.15193 1.15344 1.15537 1.15782 1.16087 1.16462 1.16915 1.17455 1.18087 1.18817 1.19649 1.20581 1.21613 1.2274 1.23952 1.25241 1.26593 1.27993 1.29424 1.30868 1.32307 1.33722 1.35094 1.36406 1.37641 1.38784 1.39822 1.40743 1.41536 1.42194 1.4271 1.4308 1.43299 1.43366 1.4328 1.43042 1.42654 1.4212 1.41446 1.40639 1.39707 1.38662 1.37515 1.36281 1.34975 1.33615 1.32217 1.308 1.29382 1.27982 1.26614 1.25296 1.24041 1.2286 1.21763 1.20756 1.19843 1.19026 1.18305 1.17675 1.17133 1.16672 1.16286 1.15967 1.15707 1.15497 1.15332 1.15204 1.15107 1.15035 1.14984 1.14951 1.14931 1.14923 1.14924 1.14934 1.1495 1.14972 1.14998 1.15028 1.15061 1.15097 1.15133 
1.14467 1.14504 1.14541 1.14576 1.14609 1.1464 1.1467 1.14697 1.14724 1.14751 1.1478 1.14813 1.14853 1.14903 1.14968 1.15054 1.15167 1.15316 1.15508 1.15754 1.16063 1.16447 1.16915 1.17478 1.18144 1.1892 1.1981 1.20818 1.21942 1.23177 1.24518 1.25953 1.27469 1.2905 1.30677 1.32332 1.33994 1.35641 1.37252 1.38808 1.40289 1.41677 1.42958 1.44116 1.4514 1.46021 1.46749 1.47319 1.47726 1.47967 1.48039 1.47942 1.47678 1.47247 1.46654 1.45904 1.45004 1.43963 1.42791 1.41501 1.40109 1.3863 1.37082 1.35486 1.3386 1.32225 1.30602 1.2901 1.27468 1.25992 1.24596 1.23293 1.22091 1.20996 1.20011 1.19137 1.1837 1.17707 1.17142 1.16665 1.16269 1.15945 1.15683 1.15475 1.15313 1.15188 1.15096 1.15029 1.14983 1.14954 1.14939 1.14936 1.14942 1.14956 1.14976 1.15001 1.1503 1.15063 1.15098 1.15134 
1.14468 1.14505 1.14541 1.14577 1.1461 1.14642 1.14672 1.14701 1.1473 1.1476 1.14793 1.14832 1.14881 1.14943 1.15026 1.15134 1.15278 1.15466 1.15708 1.16016 1.16402 1.16877 1.17455 1.18144 1.18954 1.19893 1.20964 1.22168 1.23503 1.24962 1.26535 1.28209 1.29966 1.31788 1.33654 1.3554 1.37423 1.3928 1.41088 1.42825 1.44471 1.46008 1.4742 1.48692 1.49814 1.50776 1.5157 1.52189 1.52631 1.52891 1.52969 1.52863 1.52574 1.52104 1.51456 1.50635 1.49648 1.48503 1.47211 1.45784 1.44237 1.42587 1.40853 1.39056 1.37217 1.3536 1.33506 1.31678 1.29899 1.28186 1.26559 1.25031 1.23615 1.22318 1.21146 1.20101 1.1918 1.18379 1.17693 1.17112 1.16627 1.16228 1.15904 1.15646 1.15443 1.15287 1.15169 1.15083 1.15022 1.14982 1.14959 1.1495 1.14952 1.14962 1.1498 1.15004 1.15032 1.15064 1.15099 1.15135 
1.14469 1.14506 1.14542 1.14577 1.14611 1.14644 1.14675 1.14705 1.14737 1.1477 1.14809 1.14856 1.14915 1.14993 1.15096 1.15233 1.15413 1.15647 1.15949 1.16329 1.16804 1.17385 1.18087 1.1892 1.19893 1.21014 1.22284 1.23704 1.25268 1.26967 1.28787 1.30713 1.32722 1.34793 1.36901 1.3902 1.41124 1.43187 1.45186 1.47097 1.48899 1.50575 1.52108 1.53486 1.54696 1.5573 1.56582 1.57245 1.57717 1.57995 1.58077 1.57963 1.57654 1.5715 1.56454 1.55571 1.54506 1.53267 1.51864 1.50309 1.48617 1.46804 1.44889 1.42896 1.40846 1.38764 1.36675 1.34605 1.32579 1.30618 1.28745 1.26977 1.2533 1.23814 1.22437 1.21202 1.20109 1.19154 1.18331 1.17632 1.17045 1.16561 1.16166 1.15849 1.15598 1.15404 1.15257 1.15147 1.15069 1.15016 1.14984 1.14967 1.14964 1.1497 1.14986 1.15008 1.15035 1.15066 1.151 1.15136 
1.14469 1.14506 1.14543 1.14578 1.14613 1.14646 1.14678 1.14711 1.14745 1.14783 1.14829 1.14885 1.14958 1.15054 1.15182 1.15352 1.15575 1.15864 1.16233 1.16698 1.17274 1.17976 1.18817 1.1981 1.20964 1.22284 1.23772 1.25424 1.27232 1.29185 1.31264 1.3345 1.35717 1.38039 1.40389 1.42737 1.45055 1.47316 1.49494 1.51566 1.53512 1.55312 1.56953 1.58421 1.59707 1.60802 1.61702 1.62402 1.629 1.63192 1.63279 1.63159 1.62832 1.62301 1.61566 1.60632 1.59501 1.58182 1.56682 1.55013 1.53188 1.51225 1.49141 1.46961 1.44706 1.42404 1.40083 1.37769 1.35491 1.33275 1.31146 1.29126 1.27234 1.25483 1.23884 1.22442 1.2116 1.20035 1.19061 1.18229 1.17528 1.16946 1.16469 1.16085 1.1578 1.15542 1.1536 1.15224 1.15125 1.15057 1.15012 1.14987 1.14978 1.1498 1.14992 1.15012 1.15038 1.15068 1.15102 1.15137 
1.1447 1.14507 1.14544 1.14579 1.14614 1.14648 1.14683 1.14718 1.14756 1.14799 1.14852 1.1492 1.15009 1.15127 1.15285 1.15493 1.15765 1.16117 1.16565 1.17125 1.17815 1.18652 1.19649 1.20818 1.22168 1.23704 1.25424 1.27322 1.29387 1.31603 1.33948 1.36397 1.38922 1.41492 1.44077 1.46645 1.49165 1.51609 1.53951 1.56167 1.58238 1.60145 1.61875 1.63418 1.64764 1.65908 1.66845 1.67573 1.68089 1.68393 1.68483 1.68359 1.68022 1.67471 1.66707 1.65733 1.64552 1.63168 1.61588 1.59823 1.57885 1.55788 1.53552 1.51199 1.48752 1.46241 1.43693 1.41139 1.3861 1.36137 1.33747 1.31466 1.29317 1.27319 1.25484 1.23822 1.22335 1.21025 1.19884 1.18906 1.18077 1.17387 1.16818 1.16358 1.15991 1.15703 1.15481 1.15314 1.15191 1.15104 1.15047 1.15011 1.14995 1.14992 1.15 1.15018 1.15042 1.15071 1.15103 1.15138 
1.14471 1.14508 1.14545 1.14581 1.14616 1.14652 1.14688 1.14726 1.14768 1.14819 1.14881 1.14963 1.1507 1.15214 1.15405 1.15657 1.15987 1.1641 1.16946 1.17613 1.1843 1.19415 1.20581 1.21942 1.23503 1.25268 1.27232 1.29387 1.31717 1.34201 1.36813 1.39524 1.42302 1.45112 1.4792 1.50692 1.53398 1.56006 1.58491 1.60829 1.63003 1.64996 1.66795 1.68393 1.69783 1.7096 1.71922 1.72668 1.73197 1.73508 1.73601 1.73477 1.73134 1.72572 1.71791 1.70791 1.69575 1.68145 1.66506 1.64665 1.62634 1.60426 1.58058 1.55552 1.52931 1.50225 1.47464 1.44679 1.41906 1.39177 1.36524 1.33979 1.31568 1.29313 1.27231 1.25335 1.23631 1.22121 1.20801 1.19663 1.18695 1.17884 1.17214 1.16669 1.16232 1.15887 1.1562 1.15418 1.15268 1.1516 1.15086 1.1504 1.15014 1.15006 1.1501 1.15024 1.15046 1.15073 1.15105 1.1514 
1.14472 1.14509 1.14546 1.14582 1.14619 1.14656 1.14694 1.14736 1.14783 1.14841 1.14915 1.15012 1.15142 1.15315 1.15545 1.15847 1.16241 1.16744 1.17378 1.18163 1.19119 1.20264 1.21613 1.23177 1.24962 1.26967 1.29185 1.31603 1.34201 1.36953 1.3983 1.42796 1.45816 1.48851 1.51866 1.54824 1.57692 1.6044 1.63044 1.65481 1.67733 1.69788 1.71635 1.73268 1.74683 1.75878 1.76852 1.77606 1.7814 1.78455 1.78551 1.78428 1.78084 1.7752 1.76734 1.75724 1.7449 1.73033 1.71356 1.69464 1.67364 1.65069 1.62594 1.59958 1.57186 1.54305 1.51347 1.48347 1.45339 1.42363 1.39453 1.36644 1.33967 1.31449 1.29113 1.26974 1.25042 1.23321 1.21809 1.20499 1.1938 1.18438 1.17657 1.17018 1.16503 1.16096 1.15779 1.15536 1.15355 1.15224 1.15132 1.15072 1.15037 1.15021 1.15021 1.15031 1.15051 1.15077 1.15107 1.15141 
1.14473 1.1451 1.14547 1.14584 1.14622 1.1466 1.14701 1.14747 1.14801 1.14868 1.14955 1.1507 1.15224 1.1543 1.15704 1.16063 1.16528 1.1712 1.17861 1.18774 1.1988 1.21197 1.2274 1.24518 1.26535 1.28787 1.31264 1.33948 1.36813 1.3983 1.42962 1.46172 1.49418 1.52661 1.55861 1.5898 1.61986 1.64849 1.67544 1.70052 1.72358 1.7445 1.76321 1.77969 1.79391 1.80587 1.8156 1.82312 1.82845 1.83159 1.83257 1.83138 1.828 1.82243 1.81462 1.80457 1.79223 1.7776 1.76067 1.74147 1.72004 1.69649 1.67093 1.64354 1.61456 1.58424 1.55292 1.52095 1.4887 1.45658 1.42499 1.39431 1.36491 1.33711 1.31116 1.28727 1.26559 1.24617 1.22903 1.21411 1.20131 1.19048 1.18146 1.17405 1.16806 1.16329 1.15956 1.1567 1.15454 1.15296 1.15185 1.1511 1.15064 1.1504 1.15033 1.1504 1.15056 1.15081 1.1511 1.15143 
1.14475 1.14511 1.14549 1.14587 1.14625 1.14666 1.1471 1.14761 1.14822 1.14899 1.15001 1.15137 1.15318 1.15562 1.15884 1.16305 1.16848 1.17536 1.18393 1.19443 1.20708 1.22207 1.23952 1.25953 1.28209 1.30713 1.3345 1.36397 1.39524 1.42796 1.46172 1.49609 1.53063 1.5649 1.5985 1.63104 1.6622 1.69169 1.71928 1.7448 1.76812 1.78917 1.8079 1.82431 1.83842 1.85025 1.85985 1.86725 1.87249 1.8756 1.87658 1.87545 1.87218 1.86676 1.85913 1.84925 1.83709 1.82259 1.80572 1.78649 1.7649 1.74101 1.71493 1.6868 1.65683 1.62529 1.59247 1.55876 1.52453 1.49023 1.45628 1.42312 1.39115 1.36073 1.3322 1.30579 1.28169 1.26 1.24076 1.22393 1.20943 1.19711 1.1868 1.1783 1.17139 1.16587 1.16153 1.15818 1.15565 1.15378 1.15244 1.15152 1.15093 1.1506 1.15047 1.1505 1.15063 1.15085 1.15113 1.15145 
1.14477 1.14513 1.14551 1.14589 1.1463 1.14672 1.1472 1.14776 1.14846 1.14935 1.15053 1.15211 1.15424 1.15708 1.16083 1.16572 1.17199 1.1799 1.18971 1.20166 1.21599 1.23286 1.25241 1.27469 1.29966 1.32722 1.35717 1.38922 1.42302 1.45816 1.49418 1.53063 1.56701 1.60288 1.63781 1.67142 1.70339 1.73344 1.76139 1.78707 1.8104 1.83134 1.84988 1.86604 1.87987 1.89142 1.90077 1.90797 1.91306 1.91609 1.91708 1.91603 1.91291 1.90771 1.90035 1.89079 1.87895 1.86476 1.84817 1.82913 1.80763 1.78369 1.75736 1.72879 1.69813 1.66564 1.63161 1.59641 1.56044 1.52416 1.48803 1.45251 1.41807 1.38512 1.35403 1.32511 1.29857 1.27457 1.25318 1.23439 1.21811 1.20423 1.19256 1.1829 1.17502 1.16869 1.16369 1.15982 1.15687 1.15467 1.15309 1.15199 1.15126 1.15084 1.15063 1.1506 1.1507 1.1509 1.15116 1.15147 
1.14479 1.14515 1.14553 1.14592 1.14634 1.1468 1.14732 1.14794 1.14872 1.14975 1.15111 1.15294 1.15541 1.15869 1.16302 1.16863 1.1758 1.1848 1.19591 1.20938 1.22544 1.24425 1.26593 1.2905 1.31788 1.34793 1.38039 1.41492 1.45112 1.48851 1.52661 1.5649 1.60288 1.64008 1.67606 1.71044 1.74293 1.77327 1.80129 1.82688 1.84998 1.87059 1.88874 1.90447 1.91788 1.92904 1.93804 1.94495 1.94985 1.95277 1.95375 1.95279 1.94987 1.94494 1.93795 1.92881 1.91743 1.90372 1.88759 1.86896 1.84778 1.82404 1.79775 1.769 1.73795 1.7048 1.66985 1.63344 1.59599 1.55796 1.51984 1.48215 1.44538 1.41 1.37642 1.34502 1.31606 1.28975 1.26618 1.24537 1.22728 1.21177 1.19869 1.18781 1.1789 1.17172 1.16603 1.16159 1.15819 1.15566 1.1538 1.1525 1.15163 1.15109 1.15081 1.15073 1.15079 1.15095 1.1512 1.1515 
1.14481 1.14517 1.14555 1.14596 1.1464 1.14688 1.14745 1.14814 1.14902 1.15019 1.15175 1.15386 1.15668 1.16044 1.16538 1.17176 1.17987 1.19002 1.20247 1.2175 1.23533 1.25611 1.27993 1.30677 1.33654 1.36901 1.40389 1.44077 1.4792 1.51866 1.55861 1.5985 1.63781 1.67606 1.7128 1.74768 1.78041 1.81077 1.83862 1.86388 1.88654 1.90663 1.92421 1.93937 1.95223 1.96289 1.97145 1.97803 1.98268 1.98547 1.98644 1.98558 1.98287 1.97827 1.97171 1.96308 1.95227 1.93918 1.92367 1.90564 1.88499 1.86168 1.83567 1.80703 1.77586 1.74235 1.70675 1.66942 1.63075 1.59122 1.55135 1.51168 1.47274 1.43506 1.39911 1.3653 1.33397 1.30536 1.27961 1.25678 1.23683 1.21967 1.20513 1.19299 1.18301 1.17494 1.16851 1.16348 1.15962 1.15671 1.15458 1.15306 1.15203 1.15137 1.15101 1.15086 1.15088 1.15101 1.15124 1.15153 
1.14483 1.14519 1.14558 1.146 1.14646 1.14697 1.14759 1.14835 1.14935 1.15067 1.15244 1.15484 1.15805 1.16231 1.16789 1.17507 1.18417 1.19548 1.20932 1.22594 1.24555 1.2683 1.29424 1.32332 1.3554 1.3902 1.42737 1.46645 1.50692 1.54824 1.5898 1.63104 1.67142 1.71044 1.74768 1.78279 1.8155 1.84564 1.87309 1.89782 1.91985 1.93926 1.95614 1.97062 1.98283 1.99291 2.00098 2.00716 2.01154 2.01418 2.01512 2.01437 2.0119 2.00766 2.00157 1.99351 1.98337 1.97099 1.95623 1.93895 1.91902 1.89633 1.87084 1.84255 1.81152 1.77791 1.74195 1.70396 1.66434 1.62358 1.58219 1.54075 1.49984 1.46002 1.42183 1.38572 1.35209 1.32122 1.29332 1.26847 1.24667 1.22784 1.21182 1.19839 1.18732 1.17832 1.17114 1.16549 1.16113 1.15784 1.1554 1.15366 1.15245 1.15167 1.15121 1.151 1.15097 1.15108 1.15129 1.15156 
1.14486 1.14522 1.14561 1.14604 1.14652 1.14707 1.14774 1.14859 1.1497 1.15118 1.15318 1.15588 1.1595 1.16428 1.17053 1.17853 1.18863 1.20114 1.21637 1.23458 1.25597 1.28066 1.30868 1.33994 1.37423 1.41124 1.45055 1.49165 1.53398 1.57692 1.61986 1.6622 1.70339 1.74293 1.78041 1.8155 1.84797 1.87767 1.90454 1.92857 1.94984 1.96844 1.98451 1.99822 2.00971 2.01916 2.02669 2.03245 2.03653 2.039 2.03991 2.03927 2.03704 2.03318 2.02759 2.02016 2.01073 1.99915 1.98523 1.96882 1.94974 1.92785 1.90305 1.87531 1.84466 1.81119 1.77512 1.73674 1.69644 1.65468 1.61202 1.56904 1.52636 1.48459 1.4443 1.40602 1.37019 1.33715 1.30715 1.28031 1.25668 1.23618 1.21868 1.20395 1.19176 1.18183 1.17386 1.16758 1.16271 1.15902 1.15627 1.15429 1.15291 1.15199 1.15144 1.15116 1.15108 1.15115 1.15133 1.1516 
1.14489 1.14525 1.14565 1.14609 1.14659 1.14718 1.14791 1.14884 1.15007 1.15172 1.15396 1.15698 1.16101 1.16633 1.17325 1.18209 1.1932 1.20691 1.22353 1.24332 1.26646 1.29304 1.32307 1.35641 1.3928 1.43187 1.47316 1.51609 1.56006 1.6044 1.64849 1.69169 1.73344 1.77327 1.81077 1.84564 1.87767 1.90677 1.9329 1.95611 1.97649 1.9942 2.0094 2.02228 2.03301 2.04179 2.04877 2.05409 2.05785 2.06015 2.06102 2.06048 2.0585 2.05502 2.04995 2.04315 2.03447 2.02373 2.01072 1.99525 1.97712 1.95615 1.9322 1.90519 1.87509 1.84199 1.80603 1.7675 1.72675 1.68425 1.64055 1.59626 1.55202 1.50849 1.46628 1.42597 1.38806 1.35294 1.32092 1.29216 1.26673 1.24459 1.22561 1.2096 1.19629 1.18541 1.17665 1.16973 1.16434 1.16024 1.15717 1.15494 1.15338 1.15233 1.15167 1.15132 1.15119 1.15123 1.15139 1.15163 
1.14492 1.14528 1.14568 1.14614 1.14666 1.14729 1.14808 1.1491 1.15046 1.15229 1.15476 1.1581 1.16256 1.16842 1.17602 1.18571 1.19782 1.21272 1.23071 1.25203 1.27686 1.30527 1.33722 1.37252 1.41088 1.45186 1.49494 1.53951 1.58491 1.63044 1.67544 1.71928 1.76139 1.80129 1.83862 1.87309 1.90454 1.9329 1.95818 1.98047 1.99991 2.01668 2.03096 2.04298 2.05295 2.06105 2.06746 2.07234 2.07579 2.0779 2.07873 2.07829 2.07655 2.07345 2.06888 2.06272 2.05479 2.0449 2.03283 2.01835 2.00124 1.98127 1.95827 1.93211 1.90273 1.87015 1.83451 1.79602 1.75505 1.71203 1.66753 1.62214 1.57656 1.53145 1.4875 1.44533 1.40548 1.36841 1.33446 1.30386 1.27669 1.25295 1.23254 1.21525 1.20084 1.18902 1.17948 1.17191 1.166 1.16148 1.15809 1.15562 1.15386 1.15267 1.15191 1.15148 1.1513 1.15131 1.15144 1.15167 
1.14495 1.14531 1.14572 1.14619 1.14674 1.14741 1.14826 1.14937 1.15085 1.15286 1.15558 1.15925 1.16412 1.17053 1.17881 1.18931 1.20242 1.21847 1.23778 1.26059 1.28704 1.31719 1.35094 1.38808 1.42825 1.47097 1.51566 1.56167 1.60829 1.65481 1.70052 1.7448 1.78707 1.82688 1.86388 1.89782 1.92857 1.95611 1.98047 2.0018 2.02026 2.03605 2.04942 2.06059 2.06979 2.07722 2.08308 2.08752 2.09066 2.0926 2.09339 2.09303 2.09152 2.08877 2.0847 2.07916 2.07197 2.06292 2.05178 2.0383 2.02223 2.00331 1.98132 1.9561 1.92754 1.89563 1.86044 1.82218 1.78117 1.73784 1.69272 1.64646 1.59973 1.55325 1.50775 1.46388 1.42224 1.38336 1.3476 1.31525 1.28643 1.26116 1.23935 1.22083 1.20534 1.1926 1.18229 1.17408 1.16766 1.16273 1.15902 1.15629 1.15435 1.15302 1.15216 1.15166 1.15142 1.15139 1.1515 1.15171 
1.14498 1.14534 1.14576 1.14624 1.14682 1.14753 1.14844 1.14964 1.15125 1.15344 1.1564 1.16039 1.16568 1.17262 1.18155 1.19286 1.20692 1.22409 1.24466 1.26888 1.29686 1.32863 1.36406 1.40289 1.44471 1.48899 1.53512 1.58238 1.63003 1.67733 1.72358 1.76812 1.8104 1.84998 1.88654 1.91985 1.94984 1.97649 1.99991 2.02026 2.03773 2.05258 2.06504 2.07538 2.08384 2.09064 2.09596 2.09999 2.10283 2.1046 2.10534 2.10506 2.10375 2.10134 2.09773 2.09278 2.08629 2.07806 2.06782 2.05533 2.04028 2.02241 2.00147 1.97724 1.94957 1.91841 1.8838 1.8459 1.80499 1.76151 1.71597 1.66901 1.62133 1.57368 1.5268 1.48141 1.43816 1.3976 1.36017 1.32618 1.29581 1.26909 1.24596 1.22626 1.20974 1.19611 1.18505 1.17623 1.1693 1.16397 1.15994 1.15697 1.15484 1.15337 1.1524 1.15183 1.15154 1.15147 1.15155 1.15175 
1.14502 1.14537 1.1458 1.1463 1.1469 1.14765 1.14862 1.14991 1.15165 1.15401 1.15721 1.1615 1.1672 1.17465 1.18421 1.19629 1.21125 1.22947 1.25124 1.27677 1.30618 1.33945 1.37641 1.41677 1.46008 1.50575 1.55312 1.60145 1.64996 1.69788 1.7445 1.78917 1.83134 1.87059 1.90663 1.93926 1.96844 1.9942 2.01668 2.03605 2.05258 2.0665 2.07811 2.08767 2.09543 2.10162 2.10646 2.11009 2.11266 2.11426 2.11495 2.11474 2.11362 2.11152 2.10833 2.10392 2.09809 2.09061 2.08124 2.06968 2.05563 2.03879 2.01888 1.99564 1.96889 1.93853 1.90457 1.86712 1.82645 1.78295 1.73715 1.68966 1.64121 1.59256 1.54449 1.49775 1.45305 1.41098 1.37202 1.33652 1.3047 1.27663 1.25226 1.23145 1.21396 1.19949 1.18772 1.1783 1.17089 1.16517 1.16084 1.15763 1.15532 1.15371 1.15265 1.152 1.15166 1.15155 1.15161 1.15179 
1.14505 1.1454 1.14583 1.14635 1.14698 1.14777 1.1488 1.15017 1.15203 1.15456 1.15798 1.16257 1.16866 1.17658 1.18674 1.19954 1.21535 1.23454 1.25741 1.28415 1.31486 1.34949 1.38784 1.42958 1.4742 1.52108 1.56953 1.61875 1.66795 1.71635 1.76321 1.8079 1.84988 1.88874 1.92421 1.95614 1.98451 2.0094 2.03096 2.04942 2.06504 2.07811 2.08892 2.09775 2.10487 2.11052 2.11489 2.11817 2.12049 2.12194 2.12258 2.12243 2.12147 2.11965 2.11684 2.11292 2.10768 2.10091 2.09233 2.08164 2.06853 2.05267 2.03374 2.01147 1.98563 1.95609 1.9228 1.88587 1.84551 1.8021 1.75615 1.70828 1.65921 1.60973 1.56064 1.51274 1.46675 1.42333 1.38299 1.34613 1.31299 1.28368 1.25818 1.23634 1.21794 1.20268 1.19025 1.18027 1.17241 1.16632 1.1617 1.15826 1.15578 1.15404 1.15288 1.15216 1.15177 1.15163 1.15166 1.15183 
1.14508 1.14543 1.14587 1.1464 1.14705 1.14788 1.14897 1.15042 1.1524 1.15508 1.15871 1.16358 1.17002 1.17839 1.1891 1.20255 1.21914 1.23922 1.26309 1.29092 1.3228 1.35864 1.39822 1.44116 1.48692 1.53486 1.58421 1.63418 1.68393 1.73268 1.77969 1.82431 1.86604 1.90447 1.93937 1.97062 1.99822 2.02228 2.04298 2.06059 2.07538 2.08767 2.09775 2.10593 2.11247 2.11762 2.12159 2.12455 2.12664 2.12796 2.12855 2.12845 2.12764 2.12605 2.12358 2.12009 2.11539 2.10924 2.10138 2.09148 2.07923 2.06427 2.04626 2.0249 1.99993 1.97118 1.93858 1.90218 1.86218 1.81893 1.77293 1.72479 1.67524 1.62507 1.57513 1.52622 1.47912 1.43452 1.39296 1.35489 1.32057 1.29015 1.26361 1.24084 1.22161 1.20564 1.19259 1.1821 1.17382 1.16739 1.1625 1.15886 1.15621 1.15435 1.1531 1.15231 1.15188 1.1517 1.15172 1.15187 
1.14511 1.14546 1.1459 1.14645 1.14712 1.14799 1.14913 1.15066 1.15274 1.15556 1.15939 1.16451 1.17126 1.18004 1.19124 1.20528 1.22256 1.24343 1.26818 1.29698 1.32988 1.36678 1.40743 1.4514 1.49814 1.54696 1.59707 1.64764 1.69783 1.74683 1.79391 1.83842 1.87987 1.91788 1.95223 1.98283 2.00971 2.03301 2.05295 2.06979 2.08384 2.09543 2.10487 2.11247 2.11851 2.12323 2.12684 2.12953 2.13142 2.13261 2.13317 2.13311 2.13241 2.13103 2.12885 2.12573 2.12149 2.11589 2.10866 2.09946 2.08797 2.07382 2.05665 2.03612 2.01195 1.98394 1.95198 1.9161 1.87648 1.83344 1.78745 1.73913 1.68921 1.6385 1.58784 1.53809 1.49005 1.44442 1.40182 1.36268 1.32734 1.29593 1.26848 1.24488 1.22492 1.20831 1.19471 1.18377 1.1751 1.16837 1.16323 1.1594 1.15661 1.15464 1.1533 1.15246 1.15198 1.15177 1.15177 1.15191 
1.14514 1.14549 1.14594 1.14649 1.14719 1.14808 1.14927 1.15087 1.15304 1.15599 1.15999 1.16533 1.17237 1.1815 1.19313 1.20768 1.22556 1.24712 1.27262 1.30224 1.33602 1.37382 1.41536 1.46021 1.50776 1.5573 1.60802 1.65908 1.7096 1.75878 1.80587 1.85025 1.89142 1.92904 1.96289 1.99291 2.01916 2.04179 2.06105 2.07722 2.09064 2.10162 2.11052 2.11762 2.12323 2.12758 2.13089 2.13334 2.13507 2.13616 2.13667 2.13665 2.13605 2.13483 2.1329 2.1301 2.12625 2.12112 2.11442 2.10583 2.09499 2.08154 2.06509 2.04529 2.02183 1.99448 1.96311 1.92772 1.88846 1.84563 1.7997 1.75127 1.70107 1.64993 1.5987 1.54825 1.49942 1.45295 1.40945 1.36943 1.3332 1.30096 1.27273 1.24842 1.22782 1.21065 1.19658 1.18523 1.17624 1.16924 1.16389 1.15989 1.15696 1.1549 1.15349 1.15259 1.15207 1.15183 1.15181 1.15194 
1.14516 1.14551 1.14596 1.14653 1.14724 1.14817 1.14939 1.15105 1.1533 1.15636 1.1605 1.16603 1.17331 1.18274 1.19473 1.20971 1.22809 1.25021 1.27634 1.30665 1.34113 1.37967 1.42194 1.46749 1.5157 1.56582 1.61702 1.66845 1.71922 1.76852 1.8156 1.85985 1.90077 1.93804 1.97145 2.00098 2.02669 2.04877 2.06746 2.08308 2.09596 2.10646 2.11489 2.12159 2.12684 2.13089 2.13396 2.13622 2.1378 2.13881 2.13929 2.13929 2.13877 2.13769 2.13595 2.13341 2.12989 2.12514 2.11888 2.11078 2.1005 2.08763 2.07178 2.0526 2.02973 2.00295 1.97208 1.93711 1.89817 1.85554 1.80968 1.76118 1.71078 1.65931 1.60763 1.55663 1.50717 1.46001 1.41579 1.37503 1.33809 1.30516 1.27629 1.25138 1.23026 1.21263 1.19816 1.18648 1.17721 1.16998 1.16445 1.1603 1.15727 1.15512 1.15365 1.1527 1.15215 1.15189 1.15185 1.15197 
1.14518 1.14553 1.14599 1.14656 1.14729 1.14824 1.1495 1.1512 1.15352 1.15667 1.16092 1.1666 1.17407 1.18374 1.19601 1.21134 1.23011 1.25267 1.27929 1.31012 1.34517 1.38427 1.4271 1.47319 1.52189 1.57245 1.62402 1.67573 1.72668 1.77606 1.82312 1.86725 1.90797 1.94495 1.97803 2.00716 2.03245 2.05409 2.07234 2.08752 2.09999 2.11009 2.11817 2.12455 2.12953 2.13334 2.13622 2.13832 2.1398 2.14074 2.1412 2.14121 2.14076 2.13978 2.1382 2.13586 2.13258 2.12813 2.12221 2.11451 2.10465 2.09224 2.07687 2.05817 2.03578 2.00943 1.97897 1.94433 1.90565 1.86319 1.8174 1.76887 1.71832 1.6666 1.61458 1.56317 1.51323 1.46554 1.42077 1.37945 1.34195 1.30848 1.2791 1.25374 1.2322 1.21421 1.19943 1.18748 1.17799 1.17058 1.1649 1.16064 1.15752 1.1553 1.15378 1.15279 1.15221 1.15193 1.15188 1.152 
1.1452 1.14555 1.14601 1.14659 1.14733 1.14829 1.14958 1.15131 1.15368 1.1569 1.16124 1.16703 1.17464 1.18448 1.19696 1.21253 1.23158 1.25446 1.28143 1.31264 1.34807 1.38757 1.4308 1.47726 1.52631 1.57717 1.629 1.68089 1.73197 1.7814 1.82845 1.87249 1.91306 1.94985 1.98268 2.01154 2.03653 2.05785 2.07579 2.09066 2.10283 2.11266 2.12049 2.12664 2.13142 2.13507 2.1378 2.1398 2.14119 2.14208 2.14253 2.14255 2.14214 2.14125 2.13977 2.13758 2.13448 2.13024 2.12457 2.11715 2.10759 2.09551 2.08048 2.06212 2.04006 2.01403 1.98385 1.94946 1.91096 1.86862 1.82287 1.77431 1.72367 1.67178 1.61953 1.56782 1.51755 1.46949 1.42433 1.38261 1.34472 1.31087 1.28114 1.25545 1.23362 1.21537 1.20036 1.18822 1.17856 1.17102 1.16524 1.1609 1.15771 1.15544 1.15388 1.15286 1.15226 1.15197 1.15191 1.15202 
1.14521 1.14556 1.14602 1.1466 1.14735 1.14833 1.14963 1.15139 1.15379 1.15705 1.16145 1.16731 1.17501 1.18494 1.19756 1.21327 1.23249 1.25555 1.28273 1.31415 1.34981 1.38953 1.43299 1.47967 1.52891 1.57995 1.63192 1.68393 1.73508 1.78455 1.83159 1.8756 1.91609 1.95277 1.98547 2.01418 2.039 2.06015 2.0779 2.0926 2.1046 2.11426 2.12194 2.12796 2.13261 2.13616 2.13881 2.14074 2.14208 2.14294 2.14338 2.14341 2.14303 2.14218 2.14077 2.13867 2.13568 2.13157 2.12606 2.1188 2.10943 2.09753 2.0827 2.06453 2.04267 2.01682 1.98679 1.95252 1.91412 1.87184 1.82611 1.77753 1.72682 1.67483 1.62244 1.57056 1.52009 1.47182 1.42644 1.3845 1.34638 1.31232 1.28238 1.2565 1.23449 1.21608 1.20094 1.18868 1.17893 1.17131 1.16546 1.16106 1.15783 1.15553 1.15394 1.15291 1.1523 1.15199 1.15193 1.15203 
