3.1135 3.11372 3.11395 3.11419 3.11444 3.11469 3.11495 3.11522 3.11549 3.11577 3.11606 3.11637 3.11669 3.11702 3.11738 3.11776 3.11817 3.1186 3.11907 3.11958 3.12012 3.1207 3.12133 3.122 3.12272 3.12348 3.12428 3.12513 3.12602 3.12695 3.12791 3.1289 3.12991 3.13094 3.13198 3.13302 3.13405 3.13507 3.13606 3.13702 3.13794 3.1388 3.1396 3.14033 3.14099 3.14156 3.14204 3.14243 3.14272 3.1429 3.14298 3.14296 3.14283 3.1426 3.14227 3.14184 3.14132 3.14071 3.14003 3.13928 3.13846 3.13758 3.13667 3.13571 3.13473 3.13373 3.13272 3.13171 3.1307 3.12972 3.12875 3.12781 3.12691 3.12605 3.12523 3.12446 3.12374 3.12308 3.12247 3.12191 3.12141 3.12096 3.12057 3.12024 3.11995 3.11972 3.11953 3.11939 3.1193 3.11924 3.11923 3.11925 3.1193 3.11938 3.11949 3.11962 3.11977 3.11994 3.12013 3.12033 
3.11372 3.11395 3.11418 3.11442 3.11466 3.11492 3.11518 3.11544 3.11571 3.11599 3.11629 3.11659 3.11691 3.11725 3.11761 3.11799 3.1184 3.11884 3.11931 3.11982 3.12037 3.12096 3.12159 3.12227 3.123 3.12377 3.12459 3.12545 3.12635 3.12729 3.12827 3.12928 3.13031 3.13135 3.13241 3.13346 3.13451 3.13555 3.13656 3.13753 3.13846 3.13934 3.14016 3.1409 3.14157 3.14215 3.14264 3.14303 3.14333 3.14351 3.1436 3.14357 3.14344 3.1432 3.14286 3.14243 3.1419 3.14128 3.14059 3.13982 3.13899 3.1381 3.13716 3.13619 3.13519 3.13418 3.13315 3.13212 3.1311 3.1301 3.12912 3.12816 3.12725 3.12637 3.12554 3.12476 3.12403 3.12336 3.12274 3.12217 3.12166 3.12121 3.12082 3.12048 3.12019 3.11995 3.11977 3.11962 3.11953 3.11947 3.11945 3.11947 3.11952 3.1196 3.11971 3.11984 3.12 3.12017 3.12035 3.12056 
3.11395 3.11418 3.11441 3.11465 3.1149 3.11515 3.11541 3.11568 3.11596 3.11625 3.11655 3.11686 3.11719 3.11753 3.1179 3.1183 3.11873 3.11918 3.11968 3.12021 3.12078 3.1214 3.12206 3.12278 3.12354 3.12435 3.12521 3.12611 3.12706 3.12805 3.12908 3.13013 3.13121 3.13231 3.13342 3.13453 3.13563 3.13672 3.13778 3.1388 3.13978 3.1407 3.14155 3.14234 3.14303 3.14364 3.14416 3.14457 3.14487 3.14507 3.14515 3.14513 3.14499 3.14474 3.14438 3.14392 3.14337 3.14272 3.14199 3.14118 3.1403 3.13937 3.13839 3.13737 3.13632 3.13525 3.13417 3.13309 3.13202 3.13096 3.12993 3.12893 3.12797 3.12705 3.12618 3.12535 3.12459 3.12387 3.12322 3.12263 3.12209 3.12161 3.1212 3.12083 3.12053 3.12027 3.12007 3.11992 3.11981 3.11974 3.11972 3.11973 3.11978 3.11985 3.11995 3.12008 3.12023 3.1204 3.12059 3.12079 
3.11419 3.11442 3.11465 3.11489 3.11514 3.1154 3.11567 3.11594 3.11623 3.11653 3.11684 3.11716 3.11751 3.11788 3.11827 3.11869 3.11915 3.11964 3.12017 3.12074 3.12136 3.12203 3.12275 3.12352 3.12434 3.12522 3.12615 3.12713 3.12816 3.12923 3.13034 3.13148 3.13265 3.13384 3.13504 3.13624 3.13743 3.1386 3.13975 3.14085 3.1419 3.14289 3.14381 3.14465 3.14541 3.14606 3.14661 3.14705 3.14738 3.14759 3.14768 3.14765 3.14749 3.14722 3.14684 3.14634 3.14574 3.14504 3.14425 3.14337 3.14243 3.14142 3.14036 3.13925 3.13812 3.13696 3.1358 3.13463 3.13347 3.13233 3.13121 3.13013 3.12908 3.12808 3.12714 3.12624 3.12541 3.12464 3.12392 3.12328 3.12269 3.12217 3.12171 3.12131 3.12097 3.12069 3.12046 3.12028 3.12015 3.12007 3.12002 3.12002 3.12006 3.12012 3.12022 3.12034 3.12048 3.12065 3.12083 3.12103 
3.11444 3.11466 3.1149 3.11514 3.1154 3.11566 3.11594 3.11623 3.11652 3.11684 3.11717 3.11751 3.11789 3.11828 3.11871 3.11917 3.11967 3.12021 3.12079 3.12142 3.12211 3.12285 3.12365 3.1245 3.12542 3.1264 3.12743 3.12852 3.12966 3.13085 3.13208 3.13335 3.13464 3.13596 3.13728 3.13861 3.13993 3.14122 3.14248 3.1437 3.14486 3.14595 3.14696 3.14789 3.14871 3.14943 3.15004 3.15052 3.15088 3.1511 3.1512 3.15116 3.15099 3.15069 3.15026 3.14971 3.14904 3.14827 3.14739 3.14643 3.14538 3.14427 3.14309 3.14187 3.14062 3.13934 3.13805 3.13675 3.13547 3.1342 3.13296 3.13176 3.1306 3.12949 3.12844 3.12745 3.12652 3.12565 3.12485 3.12413 3.12347 3.12288 3.12236 3.12191 3.12152 3.12119 3.12092 3.12071 3.12055 3.12044 3.12037 3.12035 3.12036 3.12041 3.1205 3.12061 3.12075 3.1209 3.12108 3.12128 
3.11469 3.11492 3.11515 3.1154 3.11566 3.11594 3.11622 3.11653 3.11684 3.11718 3.11753 3.11791 3.11831 3.11875 3.11922 3.11974 3.12029 3.1209 3.12155 3.12227 3.12304 3.12388 3.12478 3.12575 3.12679 3.12789 3.12906 3.13029 3.13158 3.13293 3.13432 3.13575 3.13721 3.13869 3.14018 3.14167 3.14315 3.14461 3.14602 3.14739 3.14868 3.14991 3.15104 3.15207 3.15299 3.1538 3.15447 3.15501 3.1554 3.15565 3.15575 3.1557 3.15551 3.15517 3.15468 3.15406 3.15331 3.15244 3.15146 3.15038 3.1492 3.14795 3.14663 3.14526 3.14384 3.1424 3.14095 3.13949 3.13804 3.13662 3.13522 3.13386 3.13255 3.1313 3.1301 3.12897 3.12792 3.12693 3.12602 3.12519 3.12444 3.12376 3.12316 3.12263 3.12218 3.12179 3.12147 3.1212 3.121 3.12086 3.12076 3.12071 3.1207 3.12073 3.1208 3.12089 3.12102 3.12117 3.12134 3.12153 
3.11495 3.11518 3.11541 3.11567 3.11594 3.11622 3.11653 3.11685 3.11718 3.11755 3.11793 3.11835 3.1188 3.11929 3.11982 3.1204 3.12103 3.12172 3.12247 3.12328 3.12417 3.12513 3.12616 3.12728 3.12847 3.12973 3.13107 3.13248 3.13396 3.13549 3.13708 3.13872 3.14038 3.14207 3.14377 3.14547 3.14715 3.1488 3.1504 3.15195 3.15342 3.1548 3.15608 3.15725 3.15829 3.15919 3.15995 3.16055 3.161 3.16127 3.16138 3.16133 3.1611 3.16071 3.16016 3.15945 3.1586 3.15761 3.15649 3.15526 3.15392 3.1525 3.151 3.14944 3.14783 3.1462 3.14454 3.14288 3.14123 3.1396 3.138 3.13645 3.13495 3.13351 3.13214 3.13085 3.12963 3.1285 3.12745 3.12648 3.12561 3.12482 3.12412 3.1235 3.12295 3.12249 3.1221 3.12178 3.12152 3.12133 3.12119 3.1211 3.12107 3.12107 3.12112 3.1212 3.12131 3.12145 3.12161 3.12179 
3.11522 3.11544 3.11568 3.11594 3.11623 3.11653 3.11685 3.11719 3.11756 3.11795 3.11838 3.11884 3.11935 3.1199 3.1205 3.12116 3.12189 3.12268 3.12354 3.12448 3.12551 3.12662 3.12781 3.1291 3.13047 3.13194 3.13348 3.13511 3.13681 3.13858 3.14041 3.14229 3.1442 3.14614 3.14809 3.15003 3.15196 3.15384 3.15568 3.15744 3.15912 3.16069 3.16215 3.16347 3.16466 3.16568 3.16654 3.16722 3.16772 3.16803 3.16815 3.16808 3.16781 3.16736 3.16673 3.16592 3.16495 3.16381 3.16254 3.16113 3.1596 3.15797 3.15626 3.15447 3.15263 3.15075 3.14885 3.14695 3.14505 3.14318 3.14134 3.13955 3.13783 3.13617 3.13458 3.13309 3.13168 3.13036 3.12914 3.12802 3.127 3.12607 3.12524 3.1245 3.12386 3.1233 3.12283 3.12243 3.12211 3.12186 3.12167 3.12154 3.12147 3.12144 3.12146 3.12151 3.12161 3.12173 3.12188 3.12206 
3.11549 3.11571 3.11596 3.11623 3.11652 3.11684 3.11718 3.11756 3.11796 3.1184 3.11887 3.1194 3.11997 3.1206 3.12129 3.12205 3.12288 3.12379 3.12479 3.12589 3.12708 3.12836 3.12975 3.13125 3.13284 3.13454 3.13633 3.13821 3.14018 3.14223 3.14434 3.14651 3.14871 3.15095 3.15319 3.15542 3.15763 3.15979 3.16189 3.16391 3.16582 3.16762 3.16929 3.1708 3.17214 3.17331 3.17428 3.17505 3.17562 3.17597 3.1761 3.17601 3.17571 3.17519 3.17446 3.17353 3.17241 3.17111 3.16965 3.16803 3.16628 3.16441 3.16244 3.16039 3.15828 3.15612 3.15393 3.15174 3.14956 3.1474 3.14528 3.14321 3.14121 3.13929 3.13746 3.13572 3.13408 3.13255 3.13112 3.12981 3.12861 3.12752 3.12655 3.12567 3.12491 3.12424 3.12366 3.12318 3.12278 3.12245 3.1222 3.12202 3.1219 3.12184 3.12182 3.12185 3.12192 3.12203 3.12217 3.12234 
3.11577 3.11599 3.11625 3.11653 3.11684 3.11718 3.11755 3.11795 3.1184 3.11888 3.11942 3.12001 3.12066 3.12138 3.12218 3.12305 3.12402 3.12508 3.12624 3.12751 3.12889 3.13039 3.13201 3.13374 3.13559 3.13756 3.13964 3.14183 3.14411 3.14647 3.14891 3.15141 3.15396 3.15653 3.1591 3.16167 3.1642 3.16668 3.16909 3.1714 3.17359 3.17565 3.17755 3.17927 3.18081 3.18213 3.18324 3.18412 3.18475 3.18515 3.18529 3.18518 3.18483 3.18423 3.18339 3.18233 3.18104 3.17955 3.17787 3.17602 3.17401 3.17187 3.16961 3.16725 3.16482 3.16234 3.15982 3.1573 3.15478 3.15229 3.14984 3.14746 3.14515 3.14292 3.14079 3.13877 3.13687 3.13508 3.13342 3.13189 3.13048 3.1292 3.12805 3.12701 3.1261 3.1253 3.12461 3.12402 3.12352 3.12312 3.1228 3.12255 3.12238 3.12226 3.12221 3.12221 3.12225 3.12234 3.12247 3.12263 
3.11606 3.11629 3.11655 3.11684 3.11717 3.11753 3.11793 3.11838 3.11887 3.11942 3.12003 3.1207 3.12144 3.12227 3.12319 3.1242 3.12532 3.12655 3.1279 3.12937 3.13098 3.13272 3.1346 3.13661 3.13876 3.14104 3.14345 3.14598 3.14862 3.15135 3.15417 3.15705 3.15998 3.16293 3.16589 3.16884 3.17174 3.17459 3.17734 3.17998 3.18248 3.18483 3.18699 3.18896 3.1907 3.19221 3.19347 3.19446 3.19518 3.19562 3.19578 3.19565 3.19524 3.19455 3.19359 3.19237 3.1909 3.18919 3.18727 3.18515 3.18285 3.18039 3.1778 3.1751 3.17231 3.16946 3.16657 3.16367 3.16077 3.15791 3.15508 3.15233 3.14966 3.14709 3.14462 3.14228 3.14007 3.13799 3.13606 3.13427 3.13262 3.13112 3.12976 3.12854 3.12746 3.1265 3.12567 3.12496 3.12436 3.12386 3.12345 3.12313 3.12289 3.12273 3.12263 3.12259 3.1226 3.12267 3.12278 3.12293 
3.11637 3.11659 3.11686 3.11716 3.11751 3.11791 3.11835 3.11884 3.1194 3.12001 3.1207 3.12146 3.12232 3.12327 3.12432 3.1255 3.12679 3.12822 3.12978 3.13149 3.13336 3.13538 3.13755 3.13989 3.14238 3.14502 3.1478 3.15072 3.15376 3.15691 3.16015 3.16346 3.16682 3.17021 3.1736 3.17697 3.18029 3.18354 3.18668 3.18969 3.19254 3.19521 3.19767 3.19991 3.20188 3.20359 3.20502 3.20614 3.20695 3.20745 3.20762 3.20747 3.207 3.20621 3.20511 3.20371 3.20203 3.20009 3.19789 3.19547 3.19284 3.19004 3.18708 3.18399 3.1808 3.17754 3.17423 3.1709 3.16757 3.16428 3.16104 3.15787 3.15479 3.15182 3.14898 3.14627 3.14371 3.1413 3.13905 3.13697 3.13505 3.1333 3.1317 3.13027 3.12899 3.12786 3.12687 3.12602 3.12529 3.12468 3.12417 3.12377 3.12346 3.12323 3.12308 3.123 3.12298 3.12301 3.1231 3.12324 
3.11669 3.11691 3.11719 3.11751 3.11789 3.11831 3.1188 3.11935 3.11997 3.12066 3.12144 3.12232 3.1233 3.12439 3.12561 3.12696 3.12845 3.1301 3.13192 3.1339 3.13605 3.13839 3.1409 3.1436 3.14647 3.14951 3.15272 3.15608 3.15957 3.16318 3.1669 3.17069 3.17453 3.17841 3.18228 3.18612 3.1899 3.1936 3.19717 3.20059 3.20382 3.20685 3.20964 3.21216 3.2144 3.21633 3.21794 3.2192 3.22011 3.22067 3.22086 3.22068 3.22014 3.21924 3.21799 3.2164 3.21449 3.21228 3.20978 3.20703 3.20404 3.20085 3.19748 3.19396 3.19033 3.18661 3.18283 3.17903 3.17523 3.17145 3.16774 3.16411 3.16057 3.15716 3.15389 3.15077 3.14781 3.14503 3.14243 3.14002 3.13779 3.13575 3.13389 3.13222 3.13072 3.12939 3.12822 3.1272 3.12633 3.12559 3.12497 3.12447 3.12408 3.12378 3.12357 3.12343 3.12337 3.12338 3.12344 3.12357 
3.11702 3.11725 3.11753 3.11788 3.11828 3.11875 3.11929 3.1199 3.1206 3.12138 3.12227 3.12327 3.12439 3.12564 3.12704 3.1286 3.13033 3.13223 3.13432 3.1366 3.13909 3.14178 3.14467 3.14777 3.15107 3.15457 3.15824 3.16209 3.16608 3.17021 3.17445 3.17877 3.18315 3.18756 3.19196 3.19632 3.20061 3.2048 3.20884 3.2127 3.21636 3.21978 3.22292 3.22576 3.22828 3.23046 3.23226 3.23368 3.2347 3.23532 3.23553 3.23532 3.2347 3.23368 3.23226 3.23047 3.22831 3.2258 3.22298 3.21986 3.21648 3.21287 3.20905 3.20506 3.20093 3.19671 3.19242 3.18809 3.18376 3.17947 3.17523 3.17108 3.16704 3.16314 3.15939 3.15581 3.15242 3.14922 3.14623 3.14344 3.14087 3.1385 3.13635 3.1344 3.13265 3.1311 3.12972 3.12852 3.12748 3.1266 3.12586 3.12525 3.12476 3.12438 3.12409 3.1239 3.1238 3.12377 3.12381 3.12391 
3.11738 3.11761 3.1179 3.11827 3.11871 3.11922 3.11982 3.1205 3.12129 3.12218 3.12319 3.12432 3.12561 3.12704 3.12865 3.13044 3.13242 3.13461 3.13701 3.13963 3.14249 3.14557 3.14889 3.15244 3.15622 3.16021 3.1644 3.16878 3.17334 3.17803 3.18285 3.18775 3.19272 3.19771 3.20268 3.20761 3.21246 3.21717 3.22172 3.22607 3.23019 3.23402 3.23755 3.24074 3.24357 3.246 3.24802 3.2496 3.25074 3.25143 3.25165 3.25141 3.25071 3.24956 3.24796 3.24594 3.24351 3.24069 3.23751 3.234 3.23019 3.22612 3.22181 3.21731 3.21265 3.20788 3.20302 3.19812 3.19322 3.18835 3.18354 3.17882 3.17423 3.16978 3.16551 3.16142 3.15754 3.15388 3.15045 3.14725 3.14429 3.14157 3.13909 3.13683 3.13481 3.13299 3.13139 3.12999 3.12877 3.12772 3.12683 3.1261 3.1255 3.12503 3.12467 3.12441 3.12425 3.12418 3.12419 3.12428 
3.11776 3.11799 3.1183 3.11869 3.11917 3.11974 3.1204 3.12116 3.12205 3.12305 3.1242 3.1255 3.12696 3.1286 3.13044 3.13249 3.13475 3.13726 3.14001 3.14301 3.14627 3.14979 3.15358 3.15762 3.16192 3.16646 3.17122 3.1762 3.18135 3.18667 3.19211 3.19765 3.20325 3.20888 3.21448 3.22002 3.22546 3.23075 3.23585 3.24072 3.24532 3.24961 3.25355 3.25711 3.26026 3.26297 3.26522 3.26698 3.26825 3.26901 3.26925 3.26897 3.26819 3.26689 3.2651 3.26284 3.26012 3.25696 3.2534 3.24947 3.2452 3.24063 3.2358 3.23074 3.22551 3.22014 3.21467 3.20916 3.20363 3.19813 3.19269 3.18736 3.18216 3.17712 3.17227 3.16763 3.16322 3.15905 3.15513 3.15148 3.14809 3.14498 3.14212 3.13953 3.13719 3.1351 3.13324 3.13161 3.13018 3.12895 3.12791 3.12703 3.12631 3.12574 3.12529 3.12496 3.12475 3.12463 3.12461 3.12467 
3.11817 3.1184 3.11873 3.11915 3.11967 3.12029 3.12103 3.12189 3.12288 3.12402 3.12532 3.12679 3.12845 3.13033 3.13242 3.13475 3.13734 3.14019 3.14333 3.14674 3.15045 3.15446 3.15876 3.16334 3.16821 3.17335 3.17873 3.18435 3.19016 3.19615 3.20227 3.2085 3.21478 3.22108 3.22736 3.23356 3.23963 3.24554 3.25123 3.25666 3.26178 3.26655 3.27093 3.27488 3.27837 3.28138 3.28386 3.28582 3.28721 3.28805 3.28831 3.288 3.28712 3.28567 3.28368 3.28116 3.27813 3.27461 3.27065 3.26627 3.2615 3.25641 3.25101 3.24536 3.23951 3.23351 3.22739 3.2212 3.215 3.20883 3.20272 3.19672 3.19086 3.18517 3.1797 3.17445 3.16946 3.16473 3.16029 3.15614 3.15228 3.14873 3.14547 3.14251 3.13983 3.13742 3.13528 3.13339 3.13174 3.13031 3.12909 3.12806 3.1272 3.12651 3.12597 3.12556 3.12528 3.12511 3.12505 3.12509 
3.1186 3.11884 3.11918 3.11964 3.12021 3.1209 3.12172 3.12268 3.12379 3.12508 3.12655 3.12822 3.1301 3.13223 3.13461 3.13726 3.14019 3.14343 3.14698 3.15086 3.15506 3.15958 3.16444 3.16962 3.17511 3.18089 3.18695 3.19325 3.19978 3.20649 3.21334 3.2203 3.22732 3.23434 3.24133 3.24823 3.25498 3.26154 3.26785 3.27387 3.27954 3.28481 3.28966 3.29402 3.29788 3.30119 3.30393 3.30608 3.30762 3.30853 3.30881 3.30846 3.30748 3.30588 3.30368 3.30088 3.29752 3.29363 3.28924 3.28438 3.2791 3.27344 3.26745 3.26118 3.25467 3.24799 3.24117 3.23427 3.22735 3.22045 3.21362 3.2069 3.20033 3.19396 3.1878 3.1819 3.17628 3.17095 3.16593 3.16124 3.15688 3.15285 3.14915 3.14577 3.14272 3.13997 3.13752 3.13535 3.13345 3.1318 3.13038 3.12918 3.12817 3.12735 3.1267 3.1262 3.12585 3.12563 3.12553 3.12554 
3.11907 3.11931 3.11968 3.12017 3.12079 3.12155 3.12247 3.12354 3.12479 3.12624 3.1279 3.12978 3.13192 3.13432 3.13701 3.14001 3.14333 3.14698 3.15099 3.15536 3.16009 3.16519 3.17065 3.17646 3.18262 3.1891 3.19588 3.20292 3.21021 3.21768 3.22532 3.23305 3.24085 3.24864 3.25639 3.26402 3.27149 3.27874 3.2857 3.29233 3.29858 3.30439 3.30971 3.31451 3.31875 3.32238 3.32539 3.32774 3.32942 3.33042 3.33072 3.33033 3.32924 3.32748 3.32505 3.32197 3.31827 3.31399 3.30915 3.30379 3.29797 3.29172 3.2851 3.27817 3.27097 3.26357 3.25601 3.24836 3.24068 3.23301 3.22541 3.21792 3.2106 3.20348 3.1966 3.18999 3.18369 3.17772 3.17208 3.1668 3.16189 3.15734 3.15316 3.14934 3.14588 3.14276 3.13997 3.1375 3.13532 3.13342 3.13179 3.1304 3.12923 3.12827 3.1275 3.1269 3.12647 3.12618 3.12604 3.12603 
3.11958 3.11982 3.12021 3.12074 3.12142 3.12227 3.12328 3.12448 3.12589 3.12751 3.12937 3.13149 3.1339 3.1366 3.13963 3.14301 3.14674 3.15086 3.15536 3.16026 3.16557 3.17128 3.17739 3.18388 3.19076 3.19798 3.20552 3.21336 3.22145 3.22974 3.2382 3.24676 3.25537 3.26398 3.27251 3.28092 3.28914 3.2971 3.30475 3.31202 3.31887 3.32523 3.33105 3.3363 3.34092 3.34489 3.34817 3.35073 3.35256 3.35364 3.35397 3.35353 3.35234 3.35041 3.34775 3.34438 3.34033 3.33563 3.33032 3.32445 3.31806 3.31121 3.30393 3.29631 3.28839 3.28023 3.2719 3.26346 3.25497 3.24648 3.23807 3.22977 3.22164 3.21373 3.20608 3.19873 3.1917 3.18503 3.17873 3.17283 3.16732 3.16221 3.15752 3.15322 3.14931 3.14579 3.14263 3.13983 3.13735 3.13519 3.13332 3.13172 3.13038 3.12926 3.12836 3.12766 3.12714 3.12678 3.12659 3.12655 
3.12012 3.12037 3.12078 3.12136 3.12211 3.12304 3.12417 3.12551 3.12708 3.12889 3.13098 3.13336 3.13605 3.13909 3.14249 3.14627 3.15045 3.15506 3.16009 3.16557 3.17149 3.17785 3.18465 3.19188 3.19951 3.20752 3.21588 3.22455 3.23349 3.24264 3.25196 3.26138 3.27085 3.2803 3.28967 3.29888 3.30788 3.31658 3.32493 3.33287 3.34033 3.34726 3.3536 3.35931 3.36433 3.36864 3.3722 3.37498 3.37696 3.37813 3.37848 3.378 3.3767 3.37459 3.37169 3.36802 3.36361 3.35849 3.35271 3.3463 3.33933 3.33184 3.32389 3.31555 3.30688 3.29794 3.2888 3.27953 3.2702 3.26086 3.25159 3.24244 3.23347 3.22472 3.21626 3.20811 3.20031 3.1929 3.1859 3.17932 3.17317 3.16748 3.16222 3.15741 3.15303 3.14907 3.14552 3.14235 3.13955 3.1371 3.13498 3.13316 3.13162 3.13034 3.12929 3.12847 3.12786 3.12743 3.12718 3.12711 
3.1207 3.12096 3.1214 3.12203 3.12285 3.12388 3.12513 3.12662 3.12836 3.13039 3.13272 3.13538 3.13839 3.14178 3.14557 3.14979 3.15446 3.15958 3.16519 3.17128 3.17785 3.18491 3.19245 3.20044 3.20888 3.21772 3.22694 3.23648 3.24631 3.25636 3.26658 3.2769 3.28726 3.29759 3.30781 3.31785 3.32765 3.33712 3.34619 3.35481 3.36291 3.37041 3.37728 3.38345 3.38889 3.39354 3.39739 3.40039 3.40252 3.40378 3.40415 3.40363 3.40222 3.39993 3.39679 3.39281 3.38804 3.38249 3.37622 3.36927 3.3617 3.35356 3.34492 3.33584 3.32639 3.31664 3.30667 3.29654 3.28633 3.27611 3.26594 3.2559 3.24604 3.23642 3.2271 3.21811 3.2095 3.20131 3.19356 3.18627 3.17945 3.17312 3.16727 3.16191 3.15702 3.1526 3.14862 3.14507 3.14193 3.13917 3.13677 3.13471 3.13296 3.13149 3.1303 3.12935 3.12863 3.12813 3.12782 3.12771 
3.12133 3.12159 3.12206 3.12275 3.12365 3.12478 3.12616 3.12781 3.12975 3.13201 3.1346 3.13755 3.1409 3.14467 3.14889 3.15358 3.15876 3.16444 3.17065 3.17739 3.18465 3.19245 3.20076 3.20956 3.21884 3.22855 3.23866 3.24912 3.25987 3.27085 3.28201 3.29326 3.30454 3.31577 3.32687 3.33777 3.34838 3.35863 3.36844 3.37775 3.38649 3.39458 3.40198 3.40863 3.41448 3.41948 3.42361 3.42683 3.42913 3.43047 3.43086 3.4303 3.42878 3.42632 3.42293 3.41865 3.41349 3.40751 3.40075 3.39325 3.38507 3.37627 3.36692 3.35709 3.34685 3.33627 3.32544 3.31443 3.30331 3.29217 3.28108 3.27011 3.25933 3.2488 3.23858 3.22872 3.21927 3.21025 3.20171 3.19367 3.18615 3.17915 3.17267 3.16673 3.1613 3.15638 3.15195 3.14799 3.14447 3.14138 3.13869 3.13637 3.13439 3.13274 3.13138 3.13029 3.12946 3.12887 3.12851 3.12836 
3.122 3.12227 3.12278 3.12352 3.1245 3.12575 3.12728 3.1291 3.13125 3.13374 3.13661 3.13989 3.1436 3.14777 3.15244 3.15762 3.16334 3.16962 3.17646 3.18388 3.19188 3.20044 3.20956 3.21922 3.22937 3.23999 3.25102 3.26243 3.27413 3.28608 3.2982 3.3104 3.32262 3.33477 3.34677 3.35853 3.36998 3.38102 3.39158 3.40159 3.41097 3.41966 3.42759 3.43471 3.44097 3.44633 3.45074 3.45419 3.45664 3.45807 3.45849 3.45787 3.45625 3.45361 3.44998 3.44539 3.43986 3.43345 3.42619 3.41813 3.40934 3.39988 3.38981 3.37922 3.36817 3.35675 3.34504 3.33313 3.32109 3.30901 3.29697 3.28504 3.27331 3.26184 3.25069 3.23991 3.22957 3.2197 3.21034 3.20152 3.19324 3.18554 3.17841 3.17184 3.16585 3.1604 3.15549 3.1511 3.14719 3.14375 3.14074 3.13815 3.13593 3.13407 3.13253 3.1313 3.13035 3.12967 3.12924 3.12905 
3.12272 3.123 3.12354 3.12434 3.12542 3.12679 3.12847 3.13047 3.13284 3.13559 3.13876 3.14238 3.14647 3.15107 3.15622 3.16192 3.16821 3.17511 3.18262 3.19076 3.19951 3.20888 3.21884 3.22937 3.24043 3.25199 3.26398 3.27636 3.28905 3.30198 3.31508 3.32826 3.34143 3.35452 3.36742 3.38006 3.39234 3.40418 3.41549 3.4262 3.43622 3.4455 3.45397 3.46156 3.46823 3.47394 3.47864 3.4823 3.4849 3.48643 3.48686 3.48621 3.48447 3.48166 3.47779 3.4729 3.467 3.46016 3.4524 3.4438 3.43439 3.42426 3.41348 3.40212 3.39026 3.37799 3.36539 3.35256 3.33958 3.32654 3.31352 3.30062 3.28791 3.27547 3.26336 3.25165 3.24039 3.22963 3.21942 3.20977 3.20072 3.19228 3.18446 3.17726 3.17066 3.16467 3.15925 3.1544 3.15007 3.14626 3.14292 3.14003 3.13756 3.13548 3.13376 3.13237 3.1313 3.13052 3.13002 3.12979 
3.12348 3.12377 3.12435 3.12522 3.1264 3.12789 3.12973 3.13194 3.13454 3.13756 3.14104 3.14502 3.14951 3.15457 3.16021 3.16646 3.17335 3.18089 3.1891 3.19798 3.20752 3.21772 3.22855 3.23999 3.25199 3.2645 3.27748 3.29085 3.30454 3.31847 3.33257 3.34673 3.36088 3.37491 3.38872 3.40224 3.41536 3.42799 3.44005 3.45145 3.46211 3.47198 3.48097 3.48903 3.4961 3.50215 3.50713 3.511 3.51376 3.51537 3.51583 3.51514 3.51329 3.51031 3.50621 3.50102 3.49476 3.48749 3.47925 3.4701 3.46009 3.4493 3.4378 3.42567 3.413 3.39987 3.38639 3.37263 3.3587 3.34468 3.33068 3.31679 3.30308 3.28964 3.27655 3.26388 3.25168 3.24001 3.22891 3.21842 3.20856 3.19936 3.19082 3.18294 3.17573 3.16915 3.16321 3.15788 3.15312 3.14891 3.14523 3.14203 3.13929 3.13698 3.13506 3.13351 3.1323 3.13142 3.13085 3.13057 
3.12428 3.12459 3.12521 3.12615 3.12743 3.12906 3.13107 3.13348 3.13633 3.13964 3.14345 3.1478 3.15272 3.15824 3.1644 3.17122 3.17873 3.18695 3.19588 3.20552 3.21588 3.22694 3.23866 3.25102 3.26398 3.27748 3.29145 3.30583 3.32054 3.33549 3.35058 3.36574 3.38085 3.39583 3.41055 3.42494 3.43889 3.45231 3.4651 3.47719 3.48849 3.49892 3.50843 3.51694 3.52441 3.53079 3.53604 3.54013 3.54303 3.54473 3.54522 3.54448 3.54254 3.53939 3.53506 3.52958 3.52297 3.51529 3.50657 3.49688 3.48628 3.47484 3.46263 3.44975 3.43627 3.42229 3.40791 3.39323 3.37835 3.36336 3.34836 3.33346 3.31874 3.3043 3.29021 3.27655 3.26339 3.25078 3.23878 3.22742 3.21673 3.20674 3.19746 3.18889 3.18102 3.17385 3.16736 3.16152 3.15632 3.1517 3.14765 3.14414 3.14111 3.13856 3.13643 3.13471 3.13336 3.13238 3.13172 3.1314 
3.12513 3.12545 3.12611 3.12713 3.12852 3.13029 3.13248 3.13511 3.13821 3.14183 3.14598 3.15072 3.15608 3.16209 3.16878 3.1762 3.18435 3.19325 3.20292 3.21336 3.22455 3.23648 3.24912 3.26243 3.27636 3.29085 3.30583 3.32123 3.33696 3.35292 3.36903 3.38517 3.40125 3.41716 3.43279 3.44804 3.46281 3.477 3.49052 3.50327 3.51519 3.52618 3.53618 3.54514 3.55299 3.5597 3.56521 3.5695 3.57255 3.57433 3.57484 3.57407 3.57203 3.56872 3.56418 3.55841 3.55147 3.54338 3.53421 3.524 3.51281 3.50074 3.48784 3.47421 3.45994 3.44512 3.42986 3.41426 3.39842 3.38245 3.36646 3.35055 3.33482 3.31936 3.30426 3.2896 3.27546 3.2619 3.24898 3.23673 3.22519 3.2144 3.20435 3.19506 3.18653 3.17875 3.17169 3.16533 3.15965 3.15461 3.15019 3.14634 3.14302 3.14021 3.13787 3.13597 3.13448 3.13338 3.13265 3.13227 
3.12602 3.12635 3.12706 3.12816 3.12966 3.13158 3.13396 3.13681 3.14018 3.14411 3.14862 3.15376 3.15957 3.16608 3.17334 3.18135 3.19016 3.19978 3.21021 3.22145 3.23349 3.24631 3.25987 3.27413 3.28905 3.30454 3.32054 3.33696 3.35371 3.37069 3.38779 3.40492 3.42195 3.43879 3.45531 3.4714 3.48698 3.50192 3.51614 3.52954 3.54205 3.55358 3.56406 3.57344 3.58166 3.58867 3.59444 3.59893 3.60211 3.60397 3.60451 3.6037 3.60157 3.59812 3.59337 3.58734 3.58007 3.5716 3.56198 3.55127 3.53953 3.52684 3.51327 3.49891 3.48386 3.46822 3.45209 3.43559 3.41881 3.40187 3.38489 3.36797 3.35122 3.33474 3.31863 3.30297 3.28784 3.27332 3.25945 3.2463 3.2339 3.22228 3.21146 3.20144 3.19223 3.18381 3.17617 3.16928 3.16311 3.15764 3.15282 3.14862 3.14501 3.14193 3.13937 3.13728 3.13564 3.13442 3.13361 3.13318 
3.12695 3.12729 3.12805 3.12923 3.13085 3.13293 3.13549 3.13858 3.14223 3.14647 3.15135 3.15691 3.16318 3.17021 3.17803 3.18667 3.19615 3.20649 3.21768 3.22974 3.24264 3.25636 3.27085 3.28608 3.30198 3.31847 3.33549 3.35292 3.37069 3.38867 3.40677 3.42486 3.44283 3.46057 3.47796 3.49488 3.51123 3.5269 3.5418 3.55582 3.5689 3.58094 3.59189 3.60167 3.61024 3.61755 3.62355 3.62822 3.63154 3.63348 3.63403 3.6332 3.63099 3.6274 3.62245 3.61617 3.6086 3.59977 3.58973 3.57854 3.56626 3.55298 3.53876 3.5237 3.5079 3.49146 3.47448 3.45709 3.43938 3.42149 3.40353 3.38562 3.36786 3.35036 3.33324 3.31657 3.30045 3.28496 3.27015 3.25609 3.24282 3.23037 3.21875 3.20799 3.19808 3.18902 3.18078 3.17335 3.16668 3.16076 3.15555 3.15099 3.14706 3.14372 3.14093 3.13865 3.13685 3.13551 3.13461 3.13413 
3.12791 3.12827 3.12908 3.13034 3.13208 3.13432 3.13708 3.14041 3.14434 3.14891 3.15417 3.16015 3.1669 3.17445 3.18285 3.19211 3.20227 3.21334 3.22532 3.2382 3.25196 3.26658 3.28201 3.2982 3.31508 3.33257 3.35058 3.36903 3.38779 3.40677 3.42583 3.44487 3.46376 3.48238 3.5006 3.51832 3.53542 3.55179 3.56734 3.58196 3.59558 3.60811 3.61949 3.62965 3.63855 3.64613 3.65236 3.6572 3.66064 3.66266 3.66324 3.66238 3.66009 3.65637 3.65124 3.64473 3.63687 3.6277 3.61727 3.60563 3.59284 3.57899 3.56416 3.54843 3.5319 3.51468 3.49689 3.47863 3.46003 3.4412 3.42228 3.40338 3.38462 3.36613 3.34799 3.33033 3.31323 3.29676 3.28101 3.26604 3.25189 3.2386 3.22619 3.21468 3.20406 3.19435 3.1855 3.17751 3.17035 3.16397 3.15834 3.15343 3.14918 3.14556 3.14253 3.14005 3.1381 3.13664 3.13565 3.13512 
3.1289 3.12928 3.13013 3.13148 3.13335 3.13575 3.13872 3.14229 3.14651 3.15141 3.15705 3.16346 3.17069 3.17877 3.18775 3.19765 3.2085 3.2203 3.23305 3.24676 3.26138 3.2769 3.29326 3.3104 3.32826 3.34673 3.36574 3.38517 3.40492 3.42486 3.44487 3.46483 3.4846 3.50407 3.52311 3.54159 3.5594 3.57644 3.5926 3.60778 3.62191 3.6349 3.64669 3.65721 3.66641 3.67425 3.68069 3.68569 3.68925 3.69133 3.69194 3.69106 3.68869 3.68486 3.67957 3.67285 3.66472 3.65524 3.64443 3.63237 3.61911 3.60473 3.58931 3.57294 3.55572 3.53776 3.51917 3.50008 3.4806 3.46087 3.44101 3.42115 3.40142 3.38193 3.36281 3.34416 3.32608 3.30866 3.29197 3.27608 3.26106 3.24692 3.23372 3.22145 3.21013 3.19976 3.1903 3.18175 3.17408 3.16724 3.1612 3.15591 3.15134 3.14744 3.14417 3.1415 3.13938 3.1378 3.13672 3.13613 
3.12991 3.13031 3.13121 3.13265 3.13464 3.13721 3.14038 3.1442 3.14871 3.15396 3.15998 3.16682 3.17453 3.18315 3.19272 3.20325 3.21478 3.22732 3.24085 3.25537 3.27085 3.28726 3.30454 3.32262 3.34143 3.36088 3.38085 3.40125 3.42195 3.44283 3.46376 3.4846 3.50523 3.52551 3.54532 3.56453 3.58302 3.60069 3.61742 3.63314 3.64774 3.66116 3.67332 3.68417 3.69366 3.70173 3.70836 3.71352 3.71718 3.71933 3.71996 3.71906 3.71664 3.7127 3.70726 3.70035 3.69198 3.6822 3.67106 3.65861 3.6449 3.63002 3.61405 3.59708 3.5792 3.56054 3.5412 3.5213 3.50099 3.48038 3.45961 3.43882 3.41814 3.39769 3.3776 3.35797 3.33893 3.32056 3.30295 3.28616 3.27026 3.2553 3.2413 3.22828 3.21625 3.20522 3.19515 3.18604 3.17785 3.17055 3.16409 3.15843 3.15354 3.14935 3.14584 3.14297 3.14069 3.13898 3.13781 3.13717 
3.13094 3.13135 3.13231 3.13384 3.13596 3.13869 3.14207 3.14614 3.15095 3.15653 3.16293 3.17021 3.17841 3.18756 3.19771 3.20888 3.22108 3.23434 3.24864 3.26398 3.2803 3.29759 3.31577 3.33477 3.35452 3.37491 3.39583 3.41716 3.43879 3.46057 3.48238 3.50407 3.52551 3.54657 3.56711 3.587 3.60613 3.62439 3.64167 3.65787 3.67292 3.68673 3.69924 3.71039 3.72013 3.72842 3.73523 3.74052 3.74428 3.74649 3.74714 3.74623 3.74375 3.73972 3.73415 3.72706 3.71848 3.70844 3.69699 3.68418 3.67006 3.65473 3.63824 3.6207 3.60221 3.58288 3.56282 3.54217 3.52105 3.4996 3.47796 3.45627 3.43467 3.41328 3.39225 3.37168 3.3517 3.3324 3.31387 3.2962 3.27945 3.26366 3.24887 3.23511 3.22238 3.21069 3.20002 3.19035 3.18165 3.17388 3.16701 3.16098 3.15575 3.15129 3.14753 3.14445 3.14201 3.14017 3.13892 3.13822 
3.13198 3.13241 3.13342 3.13504 3.13728 3.14018 3.14377 3.14809 3.15319 3.1591 3.16589 3.1736 3.18228 3.19196 3.20268 3.21448 3.22736 3.24133 3.25639 3.27251 3.28967 3.30781 3.32687 3.34677 3.36742 3.38872 3.41055 3.43279 3.45531 3.47796 3.5006 3.52311 3.54532 3.56711 3.58833 3.60887 3.6286 3.6474 3.66518 3.68183 3.69729 3.71146 3.72428 3.73571 3.74568 3.75417 3.76113 3.76655 3.7704 3.77266 3.77333 3.77241 3.76989 3.76578 3.7601 3.75286 3.74408 3.73381 3.72208 3.70894 3.69445 3.67869 3.66173 3.64367 3.6246 3.60465 3.58392 3.56255 3.54067 3.51842 3.49595 3.4734 3.45091 3.42862 3.40667 3.38519 3.36429 3.34409 3.32468 3.30614 3.28855 3.27195 3.25639 3.2419 3.22848 3.21614 3.20487 3.19465 3.18544 3.17721 3.16992 3.16352 3.15797 3.15323 3.14923 3.14595 3.14334 3.14138 3.14003 3.13928 
3.13302 3.13346 3.13453 3.13624 3.13861 3.14167 3.14547 3.15003 3.15542 3.16167 3.16884 3.17697 3.18612 3.19632 3.20761 3.22002 3.23356 3.24823 3.26402 3.28092 3.29888 3.31785 3.33777 3.35853 3.38006 3.40224 3.42494 3.44804 3.4714 3.49488 3.51832 3.54159 3.56453 3.587 3.60887 3.63001 3.65029 3.66959 3.68783 3.7049 3.72072 3.73521 3.74832 3.75999 3.77017 3.77883 3.78594 3.79146 3.79539 3.79771 3.7984 3.79747 3.79492 3.79074 3.78496 3.77758 3.76864 3.75816 3.74618 3.73275 3.71792 3.70178 3.68439 3.66584 3.64624 3.62571 3.60435 3.58231 3.55971 3.53671 3.51345 3.49008 3.46674 3.44359 3.42077 3.39841 3.37663 3.35556 3.33529 3.31591 3.2975 3.28011 3.2638 3.24859 3.2345 3.22153 3.20967 3.1989 3.18919 3.18051 3.17281 3.16605 3.16018 3.15515 3.15092 3.14744 3.14467 3.14258 3.14115 3.14035 
3.13405 3.13451 3.13563 3.13743 3.13993 3.14315 3.14715 3.15196 3.15763 3.1642 3.17174 3.18029 3.1899 3.20061 3.21246 3.22546 3.23963 3.25498 3.27149 3.28914 3.30788 3.32765 3.34838 3.36998 3.39234 3.41536 3.43889 3.46281 3.48698 3.51123 3.53542 3.5594 3.58302 3.60613 3.6286 3.65029 3.67107 3.69084 3.70949 3.72693 3.74308 3.75787 3.77123 3.78312 3.79348 3.8023 3.80953 3.81515 3.81915 3.82151 3.82223 3.8213 3.81871 3.81448 3.80861 3.80112 3.79203 3.78137 3.76917 3.75548 3.74036 3.72386 3.70608 3.6871 3.66701 3.64594 3.624 3.60133 3.57807 3.55436 3.53035 3.50621 3.48207 3.4581 3.43445 3.41125 3.38863 3.36672 3.34562 3.32543 3.30623 3.28809 3.27105 3.25514 3.2404 3.22681 3.21438 3.20308 3.19288 3.18376 3.17566 3.16855 3.16236 3.15706 3.15259 3.14891 3.14599 3.14378 3.14225 3.1414 
3.13507 3.13555 3.13672 3.1386 3.14122 3.14461 3.1488 3.15384 3.15979 3.16668 3.17459 3.18354 3.1936 3.2048 3.21717 3.23075 3.24554 3.26154 3.27874 3.2971 3.31658 3.33712 3.35863 3.38102 3.40418 3.42799 3.45231 3.477 3.50192 3.5269 3.55179 3.57644 3.60069 3.62439 3.6474 3.66959 3.69084 3.71103 3.73005 3.74783 3.76427 3.77932 3.7929 3.80498 3.81551 3.82446 3.83179 3.8375 3.84156 3.84397 3.8447 3.84377 3.84117 3.83689 3.83095 3.82337 3.81415 3.80333 3.79094 3.77703 3.76163 3.74483 3.7267 3.70732 3.68679 3.66523 3.64276 3.61951 3.59563 3.57126 3.54656 3.52169 3.4968 3.47206 3.44761 3.42361 3.4002 3.37749 3.3556 3.33464 3.31469 3.29582 3.27808 3.2615 3.24612 3.23194 3.21896 3.20715 3.19648 3.18693 3.17845 3.17098 3.16449 3.15892 3.15423 3.15036 3.14728 3.14495 3.14334 3.14244 
3.13606 3.13656 3.13778 3.13975 3.14248 3.14602 3.1504 3.15568 3.16189 3.16909 3.17734 3.18668 3.19717 3.20884 3.22172 3.23585 3.25123 3.26785 3.2857 3.30475 3.32493 3.34619 3.36844 3.39158 3.41549 3.44005 3.4651 3.49052 3.51614 3.5418 3.56734 3.5926 3.61742 3.64167 3.66518 3.68783 3.70949 3.73005 3.74942 3.76749 3.78419 3.79946 3.81324 3.82549 3.83615 3.84521 3.85265 3.85843 3.86254 3.86498 3.86574 3.86481 3.86219 3.85788 3.85189 3.84422 3.8349 3.82395 3.8114 3.79728 3.78166 3.76459 3.74614 3.7264 3.70548 3.68347 3.66051 3.63674 3.61228 3.5873 3.56196 3.53641 3.51082 3.48536 3.46018 3.43543 3.41126 3.3878 3.36517 3.34347 3.3228 3.30324 3.28483 3.26762 3.25164 3.23689 3.22338 3.21107 3.19996 3.18999 3.18114 3.17334 3.16656 3.16073 3.15582 3.15177 3.14854 3.14609 3.1444 3.14345 
3.13702 3.13753 3.1388 3.14085 3.1437 3.14739 3.15195 3.15744 3.16391 3.1714 3.17998 3.18969 3.20059 3.2127 3.22607 3.24072 3.25666 3.27387 3.29233 3.31202 3.33287 3.35481 3.37775 3.40159 3.4262 3.45145 3.47719 3.50327 3.52954 3.55582 3.58196 3.60778 3.63314 3.65787 3.68183 3.7049 3.72693 3.74783 3.76749 3.78582 3.80275 3.81822 3.83217 3.84455 3.85534 3.8645 3.87201 3.87785 3.88201 3.88449 3.88526 3.88434 3.8817 3.87737 3.87133 3.86361 3.8542 3.84314 3.83045 3.81616 3.80034 3.78303 3.7643 3.74425 3.72297 3.70057 3.67717 3.65291 3.62793 3.6024 3.57646 3.55029 3.52406 3.49792 3.47205 3.44661 3.42173 3.39757 3.37424 3.35186 3.33052 3.3103 3.29126 3.27345 3.2569 3.24162 3.2276 3.21483 3.20328 3.19293 3.18372 3.17561 3.16854 3.16247 3.15735 3.15312 3.14975 3.14719 3.14543 3.14443 
3.13794 3.13846 3.13978 3.1419 3.14486 3.14868 3.15342 3.15912 3.16582 3.17359 3.18248 3.19254 3.20382 3.21636 3.23019 3.24532 3.26178 3.27954 3.29858 3.31887 3.34033 3.36291 3.38649 3.41097 3.43622 3.46211 3.48849 3.51519 3.54205 3.5689 3.59558 3.62191 3.64774 3.67292 3.69729 3.72072 3.74308 3.76427 3.78419 3.80275 3.81988 3.83552 3.84961 3.86211 3.873 3.88224 3.88981 3.89571 3.89991 3.90242 3.90321 3.90229 3.89965 3.8953 3.88923 3.88145 3.87198 3.86083 3.84802 3.83359 3.81759 3.80008 3.78111 3.76078 3.73919 3.71643 3.69264 3.66794 3.6425 3.61646 3.58998 3.56324 3.53642 3.50967 3.48316 3.45707 3.43155 3.40673 3.38275 3.35973 3.33777 3.31694 3.29732 3.27895 3.26186 3.24607 3.23158 3.21838 3.20643 3.1957 3.18616 3.17775 3.17042 3.16412 3.1588 3.15441 3.1509 3.14824 3.1464 3.14536 
3.1388 3.13934 3.1407 3.14289 3.14595 3.14991 3.1548 3.16069 3.16762 3.17565 3.18483 3.19521 3.20685 3.21978 3.23402 3.24961 3.26655 3.28481 3.30439 3.32523 3.34726 3.37041 3.39458 3.41966 3.4455 3.47198 3.49892 3.52618 3.55358 3.58094 3.60811 3.6349 3.66116 3.68673 3.71146 3.73521 3.75787 3.77932 3.79946 3.81822 3.83552 3.85129 3.86551 3.87811 3.88908 3.89839 3.90602 3.91196 3.9162 3.91873 3.91953 3.91862 3.91598 3.91162 3.90552 3.89771 3.88818 3.87695 3.86405 3.84951 3.83336 3.81567 3.7965 3.77593 3.75405 3.73098 3.70684 3.68176 3.65589 3.6294 3.60244 3.57519 3.54782 3.52051 3.49343 3.46676 3.44064 3.41522 3.39065 3.36704 3.3445 3.32311 3.30295 3.28406 3.26648 3.25023 3.2353 3.22169 3.20937 3.1983 3.18845 3.17976 3.17219 3.16567 3.16016 3.15562 3.15199 3.14923 3.14732 3.14624 
3.1396 3.14016 3.14155 3.14381 3.14696 3.15104 3.15608 3.16215 3.16929 3.17755 3.18699 3.19767 3.20964 3.22292 3.23755 3.25355 3.27093 3.28966 3.30971 3.33105 3.3536 3.37728 3.40198 3.42759 3.45397 3.48097 3.50843 3.53618 3.56406 3.59189 3.61949 3.64669 3.67332 3.69924 3.72428 3.74832 3.77123 3.7929 3.81324 3.83217 3.84961 3.86551 3.87982 3.89251 3.90354 3.91291 3.92059 3.92656 3.93083 3.93338 3.9342 3.9333 3.93066 3.92629 3.92018 3.91233 3.90276 3.89148 3.8785 3.86385 3.84759 3.82974 3.81039 3.78961 3.7675 3.74415 3.7197 3.69428 3.66805 3.64115 3.61376 3.58605 3.5582 3.53039 3.50279 3.47559 3.44893 3.42298 3.39787 3.37373 3.35066 3.32877 3.30811 3.28875 3.27072 3.25404 3.23872 3.22473 3.21207 3.20069 3.19056 3.18161 3.17381 3.1671 3.16143 3.15674 3.15299 3.15015 3.14818 3.14706 
3.14033 3.1409 3.14234 3.14465 3.14789 3.15207 3.15725 3.16347 3.1708 3.17927 3.18896 3.19991 3.21216 3.22576 3.24074 3.25711 3.27488 3.29402 3.31451 3.3363 3.35931 3.38345 3.40863 3.43471 3.46156 3.48903 3.51694 3.54514 3.57344 3.60167 3.62965 3.65721 3.68417 3.71039 3.73571 3.75999 3.78312 3.80498 3.82549 3.84455 3.86211 3.87811 3.89251 3.90526 3.91636 3.92577 3.93348 3.93949 3.94378 3.94634 3.94718 3.94629 3.94365 3.93928 3.93315 3.92529 3.91569 3.90436 3.89131 3.87659 3.86022 3.84225 3.82275 3.80179 3.77947 3.75589 3.73117 3.70546 3.6789 3.65164 3.62387 3.59576 3.56749 3.53923 3.51118 3.48351 3.45638 3.42994 3.40436 3.37974 3.35621 3.33386 3.31276 3.29298 3.27455 3.25749 3.24181 3.22749 3.21452 3.20286 3.19247 3.1833 3.17529 3.1684 3.16258 3.15776 3.15391 3.15098 3.14896 3.1478 
3.14099 3.14157 3.14303 3.14541 3.14871 3.15299 3.15829 3.16466 3.17214 3.18081 3.1907 3.20188 3.2144 3.22828 3.24357 3.26026 3.27837 3.29788 3.31875 3.34092 3.36433 3.38889 3.41448 3.44097 3.46823 3.4961 3.52441 3.55299 3.58166 3.61024 3.63855 3.66641 3.69366 3.72013 3.74568 3.77017 3.79348 3.81551 3.83615 3.85534 3.873 3.88908 3.90354 3.91636 3.9275 3.93694 3.94469 3.95072 3.95503 3.95761 3.95846 3.95757 3.95494 3.95056 3.94444 3.93656 3.92693 3.91556 3.90247 3.88768 3.87122 3.85315 3.83353 3.81242 3.78992 3.76614 3.7412 3.71523 3.68839 3.66083 3.63274 3.60427 3.57563 3.547 3.51855 3.49046 3.46292 3.43607 3.41006 3.38504 3.3611 3.33835 3.31687 3.29672 3.27793 3.26054 3.24454 3.22993 3.21669 3.20478 3.19416 3.18479 3.17661 3.16956 3.1636 3.15867 3.15473 3.15173 3.14965 3.14847 
3.14156 3.14215 3.14364 3.14606 3.14943 3.1538 3.15919 3.16568 3.17331 3.18213 3.19221 3.20359 3.21633 3.23046 3.246 3.26297 3.28138 3.30119 3.32238 3.34489 3.36864 3.39354 3.41948 3.44633 3.47394 3.50215 3.53079 3.5597 3.58867 3.61755 3.64613 3.67425 3.70173 3.72842 3.75417 3.77883 3.8023 3.82446 3.84521 3.8645 3.88224 3.89839 3.91291 3.92577 3.93694 3.94642 3.95419 3.96024 3.96456 3.96716 3.96802 3.96714 3.96451 3.96014 3.954 3.94611 3.93647 3.92507 3.91194 3.8971 3.88057 3.86242 3.84269 3.82145 3.79881 3.77486 3.74973 3.72355 3.69648 3.66866 3.64029 3.61154 3.58259 3.55362 3.52484 3.49641 3.46851 3.44131 3.41495 3.38957 3.36529 3.3422 3.32039 3.29992 3.28084 3.26316 3.24689 3.23203 3.21856 3.20644 3.19563 3.18608 3.17774 3.17056 3.16449 3.15946 3.15544 3.15238 3.15026 3.14905 
3.14204 3.14264 3.14416 3.14661 3.15004 3.15447 3.15995 3.16654 3.17428 3.18324 3.19347 3.20502 3.21794 3.23226 3.24802 3.26522 3.28386 3.30393 3.32539 3.34817 3.3722 3.39739 3.42361 3.45074 3.47864 3.50713 3.53604 3.56521 3.59444 3.62355 3.65236 3.68069 3.70836 3.73523 3.76113 3.78594 3.80953 3.83179 3.85265 3.87201 3.88981 3.90602 3.92059 3.93348 3.94469 3.95419 3.96198 3.96804 3.97238 3.97499 3.97586 3.97498 3.97236 3.96798 3.96185 3.95395 3.94429 3.93287 3.91971 3.90482 3.88824 3.87002 3.8502 3.82887 3.80611 3.78202 3.75674 3.73039 3.70312 3.6751 3.6465 3.61751 3.5883 3.55908 3.53002 3.50131 3.47313 3.44563 3.41898 3.39331 3.36875 3.34538 3.32331 3.30258 3.28324 3.26533 3.24884 3.23378 3.22011 3.20782 3.19685 3.18716 3.17869 3.1714 3.16523 3.16012 3.15603 3.15293 3.15077 3.14954 
3.14243 3.14303 3.14457 3.14705 3.15052 3.15501 3.16055 3.16722 3.17505 3.18412 3.19446 3.20614 3.2192 3.23368 3.2496 3.26698 3.28582 3.30608 3.32774 3.35073 3.37498 3.40039 3.42683 3.45419 3.4823 3.511 3.54013 3.5695 3.59893 3.62822 3.6572 3.68569 3.71352 3.74052 3.76655 3.79146 3.81515 3.8375 3.85843 3.87785 3.89571 3.91196 3.92656 3.93949 3.95072 3.96024 3.96804 3.97412 3.97847 3.98108 3.98196 3.98109 3.97847 3.9741 3.96796 3.96005 3.95038 3.93894 3.92575 3.91083 3.89421 3.87593 3.85605 3.83464 3.81178 3.78759 3.76219 3.7357 3.70829 3.68011 3.65133 3.62216 3.59276 3.56333 3.53405 3.50513 3.47672 3.449 3.42213 3.39624 3.37145 3.34787 3.32559 3.30466 3.28513 3.26703 3.25038 3.23515 3.22134 3.20891 3.19781 3.18801 3.17945 3.17207 3.16582 3.16065 3.15651 3.15337 3.15118 3.14993 
3.14272 3.14333 3.14487 3.14738 3.15088 3.1554 3.161 3.16772 3.17562 3.18475 3.19518 3.20695 3.22011 3.2347 3.25074 3.26825 3.28721 3.30762 3.32942 3.35256 3.37696 3.40252 3.42913 3.45664 3.4849 3.51376 3.54303 3.57255 3.60211 3.63154 3.66064 3.68925 3.71718 3.74428 3.7704 3.79539 3.81915 3.84156 3.86254 3.88201 3.89991 3.9162 3.93083 3.94378 3.95503 3.96456 3.97238 3.97847 3.98283 3.98545 3.98633 3.98547 3.98285 3.97847 3.97233 3.96442 3.95473 3.94328 3.93007 3.91512 3.89846 3.88014 3.86021 3.83874 3.81582 3.79155 3.76606 3.73947 3.71195 3.68366 3.65476 3.62545 3.59591 3.56634 3.53692 3.50784 3.47927 3.4514 3.42437 3.39832 3.37338 3.34965 3.32721 3.30614 3.28648 3.26826 3.25148 3.23614 3.22222 3.20969 3.19851 3.18863 3.18 3.17256 3.16625 3.16104 3.15686 3.15369 3.15148 3.15023 
3.1429 3.14351 3.14507 3.14759 3.1511 3.15565 3.16127 3.16803 3.17597 3.18515 3.19562 3.20745 3.22067 3.23532 3.25143 3.26901 3.28805 3.30853 3.33042 3.35364 3.37813 3.40378 3.43047 3.45807 3.48643 3.51537 3.54473 3.57433 3.60397 3.63348 3.66266 3.69133 3.71933 3.74649 3.77266 3.79771 3.82151 3.84397 3.86498 3.88449 3.90242 3.91873 3.93338 3.94634 3.95761 3.96716 3.97499 3.98108 3.98545 3.98808 3.98896 3.9881 3.98548 3.9811 3.97495 3.96703 3.95734 3.94587 3.93264 3.91767 3.90099 3.88264 3.86267 3.84116 3.8182 3.79388 3.76833 3.74169 3.7141 3.68574 3.65677 3.62738 3.59776 3.5681 3.53859 3.50942 3.48077 3.4528 3.42568 3.39954 3.37451 3.3507 3.32818 3.30703 3.28729 3.26899 3.25214 3.23673 3.22276 3.21017 3.19894 3.18901 3.18034 3.17286 3.16652 3.16128 3.15709 3.1539 3.15168 3.15041 
