2.14136 2.14163 2.1419 2.14217 2.14242 2.14267 2.14291 2.14313 2.14334 2.14354 2.14372 2.14389 2.14406 2.14421 2.14435 2.14449 2.14462 2.14475 2.14489 2.14503 2.14517 2.14533 2.14549 2.14568 2.14587 2.14609 2.14633 2.14659 2.14687 2.14717 2.14749 2.14784 2.1482 2.14858 2.14898 2.14938 2.1498 2.15021 2.15063 2.15104 2.15144 2.15182 2.15218 2.15252 2.15282 2.15309 2.15332 2.1535 2.15365 2.15374 2.15379 2.15378 2.15373 2.15363 2.15348 2.15329 2.15306 2.15279 2.15249 2.15215 2.1518 2.15142 2.15103 2.15062 2.15022 2.14981 2.14941 2.14902 2.14863 2.14827 2.14792 2.14759 2.14728 2.14699 2.14674 2.1465 2.14629 2.14611 2.14596 2.14583 2.14572 2.14565 2.14559 2.14557 2.14557 2.14559 2.14564 2.14571 2.14581 2.14593 2.14607 2.14624 2.14642 2.14663 2.14685 2.14708 2.14733 2.14759 2.14786 2.14813 
2.14163 2.14191 2.14218 2.14244 2.1427 2.14294 2.14318 2.1434 2.14361 2.14381 2.14399 2.14417 2.14433 2.14448 2.14462 2.14476 2.14489 2.14502 2.14515 2.14529 2.14544 2.14559 2.14576 2.14594 2.14614 2.14636 2.1466 2.14686 2.14715 2.14746 2.14779 2.14814 2.14851 2.14889 2.1493 2.14971 2.15014 2.15056 2.15099 2.15141 2.15181 2.15221 2.15257 2.15292 2.15323 2.1535 2.15374 2.15393 2.15408 2.15417 2.15422 2.15422 2.15416 2.15406 2.15391 2.15371 2.15347 2.1532 2.15289 2.15254 2.15218 2.15179 2.15139 2.15098 2.15056 2.15015 2.14974 2.14933 2.14894 2.14857 2.14821 2.14788 2.14757 2.14728 2.14701 2.14678 2.14657 2.14638 2.14623 2.1461 2.14599 2.14591 2.14586 2.14584 2.14583 2.14586 2.14591 2.14598 2.14608 2.1462 2.14634 2.14651 2.14669 2.1469 2.14712 2.14736 2.1476 2.14786 2.14813 2.1484 
2.1419 2.14218 2.14245 2.14271 2.14297 2.14321 2.14345 2.14367 2.14388 2.14408 2.14427 2.14444 2.1446 2.14475 2.1449 2.14504 2.14518 2.14531 2.14545 2.1456 2.14575 2.14592 2.1461 2.1463 2.14651 2.14675 2.14701 2.14729 2.1476 2.14794 2.1483 2.14868 2.14908 2.14951 2.14994 2.1504 2.15086 2.15132 2.15179 2.15224 2.15269 2.15311 2.15351 2.15389 2.15423 2.15452 2.15478 2.15499 2.15514 2.15525 2.1553 2.15529 2.15523 2.15512 2.15495 2.15474 2.15448 2.15418 2.15384 2.15346 2.15306 2.15264 2.1522 2.15176 2.1513 2.15085 2.1504 2.14996 2.14954 2.14913 2.14874 2.14838 2.14804 2.14772 2.14744 2.14718 2.14695 2.14675 2.14658 2.14643 2.14632 2.14623 2.14617 2.14614 2.14613 2.14615 2.14619 2.14626 2.14636 2.14648 2.14662 2.14678 2.14697 2.14717 2.14739 2.14763 2.14787 2.14813 2.1484 2.14867 
2.14217 2.14244 2.14271 2.14298 2.14323 2.14348 2.14372 2.14394 2.14415 2.14435 2.14454 2.14471 2.14488 2.14504 2.14519 2.14534 2.14548 2.14563 2.14578 2.14594 2.14612 2.1463 2.14651 2.14673 2.14698 2.14725 2.14755 2.14788 2.14824 2.14862 2.14904 2.14948 2.14994 2.15043 2.15094 2.15146 2.15199 2.15252 2.15305 2.15357 2.15408 2.15457 2.15503 2.15546 2.15584 2.15618 2.15647 2.15671 2.15689 2.157 2.15706 2.15705 2.15698 2.15685 2.15665 2.15641 2.15611 2.15576 2.15537 2.15494 2.15448 2.154 2.15349 2.15298 2.15246 2.15194 2.15142 2.15092 2.15043 2.14996 2.14952 2.1491 2.1487 2.14834 2.14801 2.14771 2.14745 2.14721 2.14701 2.14684 2.1467 2.14659 2.14652 2.14647 2.14645 2.14646 2.14649 2.14656 2.14665 2.14676 2.1469 2.14706 2.14724 2.14744 2.14766 2.14789 2.14814 2.1484 2.14866 2.14894 
2.14242 2.1427 2.14297 2.14323 2.14349 2.14374 2.14398 2.1442 2.14442 2.14462 2.14481 2.14499 2.14516 2.14533 2.14549 2.14565 2.14581 2.14597 2.14615 2.14633 2.14653 2.14675 2.147 2.14726 2.14756 2.14789 2.14825 2.14864 2.14907 2.14953 2.15003 2.15056 2.15112 2.1517 2.15231 2.15293 2.15356 2.15419 2.15483 2.15545 2.15605 2.15663 2.15717 2.15767 2.15813 2.15853 2.15887 2.15915 2.15936 2.15949 2.15955 2.15954 2.15945 2.15929 2.15906 2.15877 2.15841 2.15799 2.15753 2.15702 2.15647 2.1559 2.1553 2.15469 2.15407 2.15345 2.15283 2.15223 2.15165 2.15109 2.15056 2.15005 2.14958 2.14915 2.14875 2.14839 2.14807 2.14778 2.14753 2.14732 2.14715 2.14701 2.14691 2.14683 2.1468 2.14679 2.14681 2.14686 2.14694 2.14704 2.14718 2.14733 2.14751 2.14771 2.14792 2.14815 2.1484 2.14866 2.14892 2.14919 
2.14267 2.14294 2.14321 2.14348 2.14374 2.14399 2.14423 2.14446 2.14467 2.14488 2.14508 2.14526 2.14545 2.14562 2.1458 2.14597 2.14616 2.14635 2.14655 2.14677 2.14701 2.14728 2.14757 2.1479 2.14827 2.14867 2.14911 2.1496 2.15013 2.1507 2.15131 2.15196 2.15264 2.15336 2.1541 2.15486 2.15563 2.1564 2.15717 2.15792 2.15865 2.15935 2.16001 2.16062 2.16116 2.16165 2.16205 2.16238 2.16263 2.16279 2.16286 2.16284 2.16273 2.16254 2.16226 2.1619 2.16146 2.16096 2.16039 2.15977 2.15911 2.15841 2.15768 2.15693 2.15618 2.15542 2.15467 2.15394 2.15323 2.15254 2.15189 2.15127 2.1507 2.15016 2.14967 2.14923 2.14882 2.14847 2.14816 2.14789 2.14767 2.14749 2.14734 2.14724 2.14717 2.14714 2.14714 2.14717 2.14724 2.14733 2.14746 2.1476 2.14777 2.14797 2.14818 2.14841 2.14865 2.14891 2.14917 2.14944 
2.14291 2.14318 2.14345 2.14372 2.14398 2.14423 2.14447 2.1447 2.14492 2.14514 2.14534 2.14554 2.14573 2.14593 2.14612 2.14632 2.14653 2.14675 2.147 2.14727 2.14756 2.14789 2.14826 2.14867 2.14912 2.14963 2.15018 2.15079 2.15145 2.15216 2.15292 2.15373 2.15458 2.15546 2.15638 2.15731 2.15826 2.15921 2.16015 2.16108 2.16197 2.16283 2.16363 2.16437 2.16503 2.16562 2.16612 2.16651 2.16681 2.167 2.16708 2.16706 2.16692 2.16668 2.16633 2.16588 2.16535 2.16473 2.16403 2.16327 2.16246 2.1616 2.1607 2.15979 2.15886 2.15793 2.157 2.1561 2.15522 2.15437 2.15356 2.1528 2.15208 2.15142 2.1508 2.15025 2.14974 2.14929 2.1489 2.14856 2.14827 2.14803 2.14783 2.14769 2.14758 2.14752 2.14749 2.1475 2.14755 2.14763 2.14774 2.14787 2.14804 2.14822 2.14843 2.14865 2.14889 2.14915 2.14941 2.14968 
2.14313 2.1434 2.14367 2.14394 2.1442 2.14446 2.1447 2.14494 2.14517 2.14539 2.1456 2.14582 2.14603 2.14624 2.14646 2.14669 2.14694 2.14721 2.1475 2.14783 2.1482 2.14861 2.14907 2.14958 2.15015 2.15079 2.15148 2.15224 2.15307 2.15396 2.15491 2.15592 2.15697 2.15807 2.15921 2.16036 2.16154 2.16271 2.16387 2.16501 2.16611 2.16715 2.16814 2.16904 2.16985 2.17056 2.17117 2.17165 2.17201 2.17224 2.17233 2.17229 2.17212 2.17182 2.17139 2.17084 2.17018 2.16941 2.16856 2.16762 2.16662 2.16556 2.16446 2.16333 2.16218 2.16103 2.15989 2.15877 2.15768 2.15663 2.15562 2.15467 2.15378 2.15295 2.15218 2.15148 2.15085 2.15028 2.14978 2.14934 2.14897 2.14865 2.14839 2.14819 2.14803 2.14793 2.14787 2.14785 2.14787 2.14793 2.14802 2.14814 2.14829 2.14847 2.14867 2.14889 2.14913 2.14937 2.14963 2.1499 
2.14334 2.14361 2.14388 2.14415 2.14442 2.14467 2.14492 2.14517 2.1454 2.14564 2.14587 2.1461 2.14633 2.14657 2.14682 2.14709 2.14739 2.14771 2.14808 2.14848 2.14894 2.14945 2.15003 2.15067 2.15139 2.15219 2.15306 2.15401 2.15505 2.15616 2.15734 2.1586 2.15991 2.16127 2.16268 2.16411 2.16555 2.167 2.16843 2.16982 2.17117 2.17245 2.17365 2.17475 2.17574 2.1766 2.17733 2.17792 2.17835 2.17862 2.17873 2.17868 2.17847 2.17809 2.17756 2.17689 2.17607 2.17514 2.17408 2.17294 2.1717 2.1704 2.16904 2.16765 2.16624 2.16482 2.16342 2.16203 2.16068 2.15938 2.15813 2.15695 2.15584 2.1548 2.15384 2.15296 2.15217 2.15145 2.15082 2.15026 2.14978 2.14937 2.14903 2.14875 2.14853 2.14838 2.14827 2.14821 2.1482 2.14823 2.1483 2.14841 2.14855 2.14871 2.1489 2.14912 2.14935 2.14959 2.14985 2.15011 
2.14354 2.14381 2.14408 2.14435 2.14462 2.14488 2.14514 2.14539 2.14564 2.14588 2.14613 2.14638 2.14664 2.14692 2.14721 2.14754 2.14789 2.14829 2.14873 2.14924 2.14981 2.15045 2.15117 2.15198 2.15288 2.15387 2.15496 2.15615 2.15744 2.15882 2.16029 2.16184 2.16347 2.16515 2.16688 2.16864 2.17041 2.17218 2.17393 2.17563 2.17727 2.17883 2.18029 2.18163 2.18283 2.18388 2.18476 2.18546 2.18598 2.18631 2.18643 2.18636 2.18609 2.18563 2.18498 2.18416 2.18317 2.18202 2.18074 2.17933 2.17782 2.17623 2.17457 2.17287 2.17114 2.1694 2.16767 2.16596 2.1643 2.16269 2.16115 2.15969 2.15831 2.15702 2.15583 2.15474 2.15374 2.15284 2.15204 2.15134 2.15073 2.1502 2.14976 2.14939 2.1491 2.14887 2.14871 2.14861 2.14856 2.14856 2.1486 2.14868 2.1488 2.14895 2.14913 2.14933 2.14956 2.1498 2.15005 2.15031 
2.14372 2.14399 2.14427 2.14454 2.14481 2.14508 2.14534 2.1456 2.14587 2.14613 2.1464 2.14668 2.14698 2.1473 2.14764 2.14803 2.14846 2.14894 2.14949 2.15012 2.15083 2.15162 2.15252 2.15353 2.15465 2.15589 2.15724 2.15872 2.16031 2.16202 2.16383 2.16574 2.16773 2.1698 2.17191 2.17406 2.17623 2.17838 2.1805 2.18257 2.18456 2.18644 2.1882 2.18982 2.19126 2.19252 2.19358 2.19442 2.19504 2.19543 2.19558 2.19548 2.19515 2.19459 2.1938 2.1928 2.19159 2.1902 2.18864 2.18694 2.18511 2.18317 2.18116 2.17908 2.17697 2.17485 2.17274 2.17066 2.16862 2.16665 2.16476 2.16296 2.16127 2.15968 2.1582 2.15685 2.15561 2.15449 2.15349 2.15261 2.15183 2.15117 2.1506 2.15012 2.14974 2.14943 2.1492 2.14904 2.14894 2.14889 2.1489 2.14896 2.14905 2.14919 2.14935 2.14954 2.14976 2.14999 2.15024 2.1505 
2.14389 2.14417 2.14444 2.14471 2.14499 2.14526 2.14554 2.14582 2.1461 2.14638 2.14668 2.147 2.14734 2.14771 2.14812 2.14859 2.14911 2.1497 2.15038 2.15115 2.15203 2.15302 2.15413 2.15538 2.15676 2.15829 2.15996 2.16178 2.16374 2.16583 2.16805 2.17038 2.17281 2.17532 2.17789 2.1805 2.18312 2.18572 2.18828 2.19077 2.19316 2.19542 2.19753 2.19946 2.20119 2.20269 2.20395 2.20495 2.20569 2.20614 2.20631 2.20619 2.20579 2.2051 2.20415 2.20294 2.20149 2.19982 2.19795 2.19589 2.19369 2.19135 2.18892 2.18642 2.18387 2.1813 2.17874 2.17622 2.17374 2.17135 2.16904 2.16684 2.16477 2.16282 2.16101 2.15934 2.15782 2.15644 2.1552 2.1541 2.15313 2.15229 2.15157 2.15096 2.15046 2.15006 2.14974 2.14951 2.14935 2.14926 2.14922 2.14924 2.14931 2.14942 2.14957 2.14975 2.14995 2.15018 2.15042 2.15067 
2.14406 2.14433 2.1446 2.14488 2.14516 2.14545 2.14573 2.14603 2.14633 2.14664 2.14698 2.14734 2.14773 2.14817 2.14866 2.14922 2.14986 2.15058 2.15142 2.15236 2.15344 2.15466 2.15603 2.15757 2.15927 2.16114 2.16319 2.1654 2.16779 2.17034 2.17303 2.17586 2.1788 2.18183 2.18492 2.18806 2.1912 2.19432 2.19738 2.20035 2.2032 2.20589 2.2084 2.21069 2.21274 2.21452 2.21601 2.21719 2.21805 2.21858 2.21877 2.21863 2.21814 2.21732 2.21619 2.21474 2.21301 2.21102 2.20878 2.20633 2.20369 2.2009 2.19799 2.19499 2.19193 2.18885 2.18578 2.18273 2.17975 2.17686 2.17407 2.17141 2.16889 2.16652 2.16432 2.16228 2.16042 2.15873 2.1572 2.15584 2.15465 2.1536 2.1527 2.15194 2.1513 2.15077 2.15035 2.15003 2.1498 2.14965 2.14957 2.14954 2.14958 2.14966 2.14979 2.14995 2.15014 2.15035 2.15059 2.15084 
2.14421 2.14448 2.14475 2.14504 2.14533 2.14562 2.14593 2.14624 2.14657 2.14692 2.1473 2.14771 2.14817 2.14869 2.14928 2.14995 2.15072 2.15161 2.15262 2.15378 2.1551 2.1566 2.15827 2.16014 2.16222 2.16449 2.16698 2.16967 2.17256 2.17563 2.17887 2.18227 2.18579 2.18942 2.19312 2.19685 2.20059 2.2043 2.20793 2.21145 2.21482 2.218 2.22095 2.22365 2.22606 2.22815 2.22989 2.23128 2.23228 2.2329 2.23311 2.23293 2.23235 2.23138 2.23003 2.22832 2.22628 2.22392 2.22127 2.21837 2.21525 2.21194 2.20848 2.20492 2.20128 2.19761 2.19394 2.19031 2.18675 2.18328 2.17994 2.17674 2.1737 2.17085 2.16819 2.16572 2.16346 2.1614 2.15954 2.15788 2.15641 2.15513 2.15401 2.15306 2.15225 2.15159 2.15105 2.15063 2.15031 2.15008 2.14994 2.14986 2.14986 2.14991 2.15001 2.15015 2.15032 2.15052 2.15075 2.15099 
2.14435 2.14462 2.1449 2.14519 2.14549 2.1458 2.14612 2.14646 2.14682 2.14721 2.14764 2.14812 2.14866 2.14928 2.14998 2.15079 2.15173 2.1528 2.15404 2.15545 2.15705 2.15886 2.1609 2.16316 2.16567 2.16842 2.17141 2.17465 2.17811 2.18178 2.18566 2.18971 2.1939 2.1982 2.20258 2.207 2.21141 2.21578 2.22005 2.22418 2.22813 2.23185 2.2353 2.23845 2.24126 2.24369 2.24572 2.24732 2.24849 2.24919 2.24944 2.24921 2.24853 2.24738 2.2458 2.2438 2.2414 2.23864 2.23553 2.23213 2.22846 2.22458 2.22051 2.21631 2.21202 2.20769 2.20335 2.19905 2.19482 2.1907 2.18672 2.18291 2.17929 2.17587 2.17268 2.16972 2.167 2.16451 2.16227 2.16025 2.15847 2.1569 2.15553 2.15435 2.15336 2.15252 2.15184 2.15129 2.15087 2.15056 2.15034 2.15021 2.15016 2.15017 2.15023 2.15035 2.1505 2.15069 2.1509 2.15114 
2.14449 2.14476 2.14504 2.14534 2.14565 2.14597 2.14632 2.14669 2.14709 2.14754 2.14803 2.14859 2.14922 2.14995 2.15079 2.15177 2.15289 2.15419 2.15568 2.15739 2.15932 2.16151 2.16396 2.16668 2.16969 2.17298 2.17656 2.18041 2.18453 2.18889 2.19348 2.19826 2.20321 2.20827 2.21342 2.21859 2.22376 2.22885 2.23383 2.23864 2.24323 2.24755 2.25155 2.2552 2.25844 2.26125 2.26358 2.26543 2.26676 2.26757 2.26784 2.26757 2.26677 2.26544 2.2636 2.26128 2.25849 2.25528 2.25167 2.24771 2.24344 2.23891 2.23417 2.22927 2.22425 2.21918 2.21409 2.20904 2.20406 2.19921 2.19451 2.19 2.18571 2.18165 2.17786 2.17433 2.17108 2.16811 2.16542 2.163 2.16084 2.15894 2.15728 2.15585 2.15463 2.1536 2.15275 2.15206 2.15151 2.15109 2.15079 2.15059 2.15048 2.15044 2.15047 2.15055 2.15068 2.15085 2.15105 2.15128 
2.14462 2.14489 2.14518 2.14548 2.14581 2.14616 2.14653 2.14694 2.14739 2.14789 2.14846 2.14911 2.14986 2.15072 2.15173 2.15289 2.15424 2.1558 2.15759 2.15964 2.16196 2.16458 2.1675 2.17075 2.17433 2.17824 2.18247 2.18703 2.19189 2.19702 2.20241 2.20802 2.2138 2.21971 2.2257 2.23172 2.23771 2.24361 2.24937 2.25492 2.26021 2.26518 2.26978 2.27396 2.27767 2.28088 2.28356 2.28566 2.28718 2.28809 2.28839 2.28807 2.28714 2.28561 2.2835 2.28082 2.27761 2.27391 2.26976 2.26519 2.26026 2.25503 2.24955 2.24387 2.23805 2.23216 2.22624 2.22035 2.21455 2.20887 2.20337 2.19808 2.19304 2.18827 2.18379 2.17962 2.17577 2.17224 2.16904 2.16615 2.16358 2.1613 2.1593 2.15757 2.15608 2.15483 2.15378 2.15292 2.15223 2.15169 2.15129 2.15101 2.15083 2.15073 2.15072 2.15077 2.15087 2.15102 2.15121 2.15142 
2.14475 2.14502 2.14531 2.14563 2.14597 2.14635 2.14675 2.14721 2.14771 2.14829 2.14894 2.1497 2.15058 2.15161 2.1528 2.15419 2.1558 2.15766 2.1598 2.16224 2.165 2.1681 2.17157 2.17542 2.17964 2.18425 2.18923 2.19457 2.20025 2.20625 2.21253 2.21905 2.22575 2.2326 2.23952 2.24645 2.25335 2.26012 2.26672 2.27307 2.27912 2.28479 2.29002 2.29478 2.299 2.30264 2.30567 2.30805 2.30977 2.31079 2.31112 2.31075 2.30968 2.30793 2.30552 2.30247 2.29881 2.29458 2.28984 2.28462 2.27898 2.27299 2.2667 2.26018 2.25349 2.2467 2.23987 2.23307 2.22635 2.21977 2.21338 2.20722 2.20134 2.19576 2.19052 2.18563 2.18111 2.17695 2.17317 2.16976 2.1667 2.16399 2.16161 2.15953 2.15775 2.15623 2.15496 2.1539 2.15305 2.15237 2.15185 2.15147 2.15121 2.15105 2.15099 2.15099 2.15106 2.15119 2.15136 2.15156 
2.14489 2.14515 2.14545 2.14578 2.14615 2.14655 2.147 2.1475 2.14808 2.14873 2.14949 2.15038 2.15142 2.15262 2.15404 2.15568 2.15759 2.1598 2.16233 2.16521 2.16847 2.17214 2.17622 2.18073 2.18568 2.19106 2.19687 2.20309 2.20969 2.21663 2.22389 2.2314 2.23912 2.24697 2.2549 2.26284 2.2707 2.27842 2.28592 2.29313 2.29997 2.30639 2.3123 2.31767 2.32242 2.32652 2.32992 2.3326 2.33452 2.33566 2.33602 2.33559 2.33438 2.3324 2.32967 2.32622 2.32208 2.3173 2.31193 2.30601 2.29962 2.29281 2.28566 2.27823 2.2706 2.26285 2.25503 2.24723 2.23952 2.23195 2.22458 2.21747 2.21066 2.2042 2.19811 2.19242 2.18714 2.18229 2.17786 2.17385 2.17025 2.16705 2.16423 2.16177 2.15965 2.15783 2.1563 2.15502 2.15398 2.15314 2.15249 2.15199 2.15164 2.15141 2.15128 2.15124 2.15127 2.15136 2.15151 2.15171 
2.14503 2.14529 2.1456 2.14594 2.14633 2.14677 2.14727 2.14783 2.14848 2.14924 2.15012 2.15115 2.15236 2.15378 2.15545 2.15739 2.15964 2.16224 2.16521 2.1686 2.17242 2.17671 2.18148 2.18673 2.19249 2.19873 2.20545 2.21263 2.22023 2.22821 2.23653 2.24512 2.25393 2.26288 2.27189 2.28088 2.28978 2.2985 2.30696 2.31507 2.32277 2.32996 2.33659 2.34259 2.3479 2.35248 2.35627 2.35925 2.36138 2.36264 2.36303 2.36255 2.36118 2.35896 2.3559 2.35204 2.3474 2.34204 2.336 2.32936 2.32217 2.3145 2.30643 2.29804 2.28941 2.28062 2.27175 2.26288 2.25408 2.24544 2.23702 2.22887 2.22105 2.21362 2.2066 2.20002 2.19391 2.18828 2.18313 2.17846 2.17426 2.17051 2.1672 2.16431 2.1618 2.15964 2.15781 2.15629 2.15503 2.15401 2.1532 2.15258 2.15212 2.1518 2.1516 2.1515 2.15149 2.15155 2.15168 2.15185 
2.14517 2.14544 2.14575 2.14612 2.14653 2.14701 2.14756 2.1482 2.14894 2.14981 2.15083 2.15203 2.15344 2.1551 2.15705 2.15932 2.16196 2.165 2.16847 2.17242 2.17687 2.18185 2.18738 2.19346 2.2001 2.20728 2.215 2.22322 2.23191 2.24102 2.25048 2.26023 2.2702 2.28031 2.29047 2.30059 2.31058 2.32035 2.32981 2.33887 2.34744 2.35545 2.36282 2.36948 2.37536 2.38043 2.38462 2.38791 2.39026 2.39165 2.39207 2.39152 2.39 2.38753 2.38413 2.37984 2.37468 2.36872 2.36201 2.3546 2.34658 2.33801 2.32899 2.31958 2.30989 2.30001 2.29002 2.28 2.27006 2.26027 2.25071 2.24144 2.23254 2.22404 2.21601 2.20847 2.20145 2.19496 2.18902 2.18362 2.17875 2.17439 2.17054 2.16716 2.16421 2.16168 2.15952 2.15771 2.15621 2.15498 2.154 2.15323 2.15265 2.15223 2.15195 2.15179 2.15173 2.15175 2.15185 2.15201 
2.14533 2.14559 2.14592 2.1463 2.14675 2.14728 2.14789 2.14861 2.14945 2.15045 2.15162 2.15302 2.15466 2.1566 2.15886 2.16151 2.16458 2.1681 2.17214 2.17671 2.18185 2.18759 2.19395 2.20093 2.20853 2.21674 2.22554 2.23489 2.24475 2.25505 2.26573 2.27672 2.28792 2.29925 2.31062 2.32192 2.33305 2.34391 2.35441 2.36444 2.37392 2.38276 2.39088 2.39821 2.40468 2.41024 2.41484 2.41844 2.42101 2.42253 2.42298 2.42237 2.42069 2.41797 2.41423 2.4095 2.40382 2.39725 2.38983 2.38165 2.37277 2.36328 2.35326 2.3428 2.33201 2.32098 2.30981 2.2986 2.28744 2.27643 2.26566 2.2552 2.24512 2.23549 2.22636 2.21778 2.20977 2.20235 2.19554 2.18934 2.18374 2.17872 2.17426 2.17034 2.16692 2.16396 2.16144 2.15931 2.15753 2.15607 2.15489 2.15396 2.15324 2.15271 2.15234 2.1521 2.15199 2.15197 2.15204 2.15218 
2.14549 2.14576 2.1461 2.14651 2.147 2.14757 2.14826 2.14907 2.15003 2.15117 2.15252 2.15413 2.15603 2.15827 2.1609 2.16396 2.1675 2.17157 2.17622 2.18148 2.18738 2.19395 2.20121 2.20917 2.21781 2.22712 2.23708 2.24763 2.25872 2.2703 2.28227 2.29455 2.30704 2.31965 2.33227 2.34479 2.3571 2.36908 2.38064 2.39166 2.40206 2.41175 2.42063 2.42863 2.43569 2.44175 2.44675 2.45066 2.45345 2.4551 2.45558 2.45491 2.45308 2.45011 2.44603 2.44086 2.43465 2.42746 2.41934 2.41037 2.40062 2.39019 2.37915 2.36762 2.35569 2.34348 2.33108 2.31862 2.30619 2.2939 2.28185 2.27012 2.2588 2.24797 2.23767 2.22796 2.21889 2.21047 2.20272 2.19565 2.18925 2.1835 2.17838 2.17386 2.16992 2.1665 2.16357 2.16108 2.159 2.15728 2.15588 2.15477 2.1539 2.15324 2.15277 2.15245 2.15227 2.15221 2.15224 2.15236 
2.14568 2.14594 2.1463 2.14673 2.14726 2.1479 2.14867 2.14958 2.15067 2.15198 2.15353 2.15538 2.15757 2.16014 2.16316 2.16668 2.17075 2.17542 2.18073 2.18673 2.19346 2.20093 2.20917 2.21817 2.22792 2.23841 2.24959 2.26142 2.27382 2.28673 2.30004 2.31367 2.32751 2.34144 2.35534 2.36911 2.38261 2.39573 2.40836 2.42039 2.43171 2.44223 2.45187 2.46054 2.46818 2.47473 2.48014 2.48436 2.48736 2.48913 2.48965 2.48892 2.48693 2.48372 2.4793 2.4737 2.46698 2.45917 2.45036 2.4406 2.42998 2.41859 2.40653 2.3939 2.38082 2.36739 2.35374 2.33999 2.32624 2.31262 2.29924 2.28619 2.27356 2.26144 2.24991 2.23901 2.2288 2.21931 2.21056 2.20255 2.19528 2.18874 2.18291 2.17775 2.17323 2.1693 2.16592 2.16305 2.16063 2.15863 2.15698 2.15566 2.15463 2.15383 2.15324 2.15284 2.15259 2.15247 2.15246 2.15255 
2.14587 2.14614 2.14651 2.14698 2.14756 2.14827 2.14912 2.15015 2.15139 2.15288 2.15465 2.15676 2.15927 2.16222 2.16567 2.16969 2.17433 2.17964 2.18568 2.19249 2.2001 2.20853 2.21781 2.22792 2.23886 2.25059 2.26306 2.27622 2.28999 2.30428 2.31899 2.334 2.34921 2.36449 2.3797 2.39473 2.40944 2.4237 2.4374 2.45042 2.46266 2.47401 2.48439 2.49372 2.50192 2.50895 2.51474 2.51926 2.52248 2.52436 2.52492 2.52413 2.522 2.51855 2.5138 2.50779 2.50056 2.49216 2.48265 2.47212 2.46064 2.44831 2.43523 2.4215 2.40725 2.39261 2.37768 2.36261 2.34751 2.33252 2.31776 2.30333 2.28934 2.27589 2.26306 2.25091 2.2395 2.22887 2.21904 2.21003 2.20184 2.19445 2.18785 2.18199 2.17685 2.17237 2.16851 2.16521 2.16243 2.16011 2.1582 2.15666 2.15543 2.15448 2.15377 2.15326 2.15293 2.15275 2.1527 2.15277 
2.14609 2.14636 2.14675 2.14725 2.14789 2.14867 2.14963 2.15079 2.15219 2.15387 2.15589 2.15829 2.16114 2.16449 2.16842 2.17298 2.17824 2.18425 2.19106 2.19873 2.20728 2.21674 2.22712 2.23841 2.25059 2.26361 2.27743 2.29198 2.30716 2.32287 2.33901 2.35544 2.37204 2.38868 2.40521 2.4215 2.4374 2.45279 2.46755 2.48154 2.49467 2.50683 2.51793 2.52789 2.53664 2.54412 2.55028 2.55509 2.5585 2.56051 2.56109 2.56025 2.55798 2.55431 2.54926 2.54285 2.53513 2.52616 2.516 2.50471 2.4924 2.47914 2.46505 2.45024 2.43484 2.41896 2.40276 2.38635 2.36989 2.35351 2.33733 2.32149 2.3061 2.29126 2.27707 2.26361 2.25094 2.23911 2.22816 2.21809 2.20892 2.20063 2.1932 2.1866 2.18078 2.17571 2.17132 2.16757 2.16439 2.16173 2.15953 2.15774 2.15631 2.15519 2.15434 2.15372 2.15331 2.15306 2.15296 2.153 
2.14633 2.1466 2.14701 2.14755 2.14825 2.14911 2.15018 2.15148 2.15306 2.15496 2.15724 2.15996 2.16319 2.16698 2.17141 2.17656 2.18247 2.18923 2.19687 2.20545 2.215 2.22554 2.23708 2.24959 2.26306 2.27743 2.29265 2.30861 2.32524 2.3424 2.35998 2.37785 2.39585 2.41385 2.43168 2.44922 2.4663 2.4828 2.49858 2.51351 2.5275 2.54043 2.55221 2.56277 2.57203 2.57994 2.58645 2.59152 2.59512 2.59724 2.59785 2.59696 2.59458 2.5907 2.58536 2.57858 2.57041 2.5609 2.55011 2.53811 2.52499 2.51084 2.49578 2.47991 2.46337 2.44628 2.42881 2.41107 2.39324 2.37545 2.35784 2.34056 2.32373 2.30747 2.29189 2.27707 2.26309 2.25002 2.23788 2.2267 2.21649 2.20725 2.19894 2.19155 2.18502 2.17931 2.17437 2.17012 2.16652 2.16349 2.16098 2.15892 2.15727 2.15597 2.15497 2.15423 2.15372 2.1534 2.15325 2.15326 
2.14659 2.14686 2.14729 2.14788 2.14864 2.1496 2.15079 2.15224 2.15401 2.15615 2.15872 2.16178 2.1654 2.16967 2.17465 2.18041 2.18703 2.19457 2.20309 2.21263 2.22322 2.23489 2.24763 2.26142 2.27622 2.29198 2.30861 2.32603 2.34412 2.36275 2.38179 2.40108 2.42047 2.43981 2.45893 2.47768 2.49591 2.51347 2.53023 2.54607 2.56086 2.57452 2.58694 2.59805 2.60779 2.6161 2.62293 2.62824 2.63202 2.63424 2.63488 2.63395 2.63145 2.62739 2.62179 2.61468 2.6061 2.59609 2.58471 2.57204 2.55816 2.54317 2.52717 2.51028 2.49263 2.47437 2.45564 2.4366 2.4174 2.3982 2.37916 2.36043 2.34214 2.32444 2.30743 2.29122 2.2759 2.26152 2.24816 2.23582 2.22453 2.21429 2.20507 2.19684 2.18956 2.18318 2.17764 2.17287 2.16881 2.16539 2.16254 2.1602 2.15831 2.15681 2.15565 2.15478 2.15416 2.15377 2.15356 2.15353 
2.14687 2.14715 2.1476 2.14824 2.14907 2.15013 2.15145 2.15307 2.15505 2.15744 2.16031 2.16374 2.16779 2.17256 2.17811 2.18453 2.19189 2.20025 2.20969 2.22023 2.23191 2.24475 2.25872 2.27382 2.28999 2.30716 2.32524 2.34412 2.36368 2.38378 2.40426 2.42496 2.44572 2.46637 2.48674 2.50667 2.52599 2.54457 2.56226 2.57893 2.59448 2.6088 2.62181 2.63343 2.6436 2.65227 2.65938 2.66492 2.66885 2.67116 2.67184 2.67088 2.66828 2.66406 2.65823 2.65082 2.64187 2.63141 2.6195 2.60622 2.59163 2.57585 2.55897 2.54111 2.52241 2.50301 2.48307 2.46275 2.44221 2.42162 2.40116 2.38097 2.36122 2.34205 2.3236 2.30598 2.28928 2.27358 2.25895 2.24542 2.23301 2.22173 2.21155 2.20245 2.19438 2.18729 2.18112 2.1758 2.17126 2.16742 2.16421 2.16157 2.15942 2.15771 2.15638 2.15537 2.15464 2.15417 2.1539 2.15383 
2.14717 2.14746 2.14794 2.14862 2.14953 2.1507 2.15216 2.15396 2.15616 2.15882 2.16202 2.16583 2.17034 2.17563 2.18178 2.18889 2.19702 2.20625 2.21663 2.22821 2.24102 2.25505 2.2703 2.28673 2.30428 2.32287 2.3424 2.36275 2.38378 2.40532 2.42723 2.44932 2.47141 2.49332 2.51489 2.53594 2.5563 2.57582 2.59437 2.61182 2.62806 2.64299 2.65653 2.6686 2.67915 2.68813 2.6955 2.70123 2.7053 2.70769 2.70839 2.70741 2.70474 2.70038 2.69436 2.68669 2.67741 2.66656 2.65418 2.64034 2.62512 2.60861 2.59091 2.57215 2.55246 2.53198 2.51088 2.48932 2.46747 2.44553 2.42366 2.40204 2.38083 2.36021 2.3403 2.32125 2.30315 2.28611 2.27019 2.25543 2.24188 2.22952 2.21835 2.20835 2.19946 2.19163 2.1848 2.1789 2.17385 2.16957 2.16599 2.16303 2.16061 2.15868 2.15716 2.156 2.15516 2.15459 2.15427 2.15416 
2.14749 2.14779 2.1483 2.14904 2.15003 2.15131 2.15292 2.15491 2.15734 2.16029 2.16383 2.16805 2.17303 2.17887 2.18566 2.19348 2.20241 2.21253 2.22389 2.23653 2.25048 2.26573 2.28227 2.30004 2.31899 2.33901 2.35998 2.38179 2.40426 2.42723 2.45052 2.47395 2.49732 2.52045 2.54315 2.56524 2.58657 2.60697 2.62631 2.64447 2.66132 2.67679 2.69079 2.70325 2.71413 2.72338 2.73096 2.73685 2.74104 2.7435 2.74423 2.74323 2.7405 2.73604 2.72986 2.72198 2.71243 2.70123 2.68845 2.67413 2.65834 2.64117 2.62274 2.60314 2.58252 2.56103 2.53883 2.51609 2.493 2.46974 2.4465 2.42347 2.40083 2.37876 2.35741 2.33693 2.31743 2.29903 2.2818 2.2658 2.25107 2.23762 2.22544 2.2145 2.20476 2.19617 2.18867 2.18216 2.17658 2.17185 2.16787 2.16457 2.16187 2.1597 2.15799 2.15667 2.15571 2.15505 2.15465 2.1545 
2.14784 2.14814 2.14868 2.14948 2.15056 2.15196 2.15373 2.15592 2.1586 2.16184 2.16574 2.17038 2.17586 2.18227 2.18971 2.19826 2.20802 2.21905 2.2314 2.24512 2.26023 2.27672 2.29455 2.31367 2.334 2.35544 2.37785 2.40108 2.42496 2.44932 2.47395 2.49866 2.52325 2.54752 2.57128 2.59435 2.61656 2.63776 2.65781 2.67659 2.69398 2.70992 2.72431 2.7371 2.74825 2.75771 2.76547 2.7715 2.77578 2.7783 2.77906 2.77805 2.77528 2.77074 2.76444 2.7564 2.74663 2.73516 2.72203 2.7073 2.69102 2.67328 2.65418 2.63383 2.61237 2.58994 2.56672 2.54287 2.51858 2.49406 2.4695 2.44511 2.42107 2.39758 2.3748 2.3529 2.33201 2.31225 2.29371 2.27646 2.26054 2.24597 2.23276 2.22087 2.21026 2.20089 2.19268 2.18556 2.17943 2.17422 2.16984 2.16619 2.16319 2.16077 2.15886 2.15738 2.15629 2.15553 2.15506 2.15487 
2.1482 2.14851 2.14908 2.14994 2.15112 2.15264 2.15458 2.15697 2.15991 2.16347 2.16773 2.17281 2.1788 2.18579 2.1939 2.20321 2.2138 2.22575 2.23912 2.25393 2.2702 2.28792 2.30704 2.32751 2.34921 2.37204 2.39585 2.42047 2.44572 2.47141 2.49732 2.52325 2.54898 2.57432 2.59906 2.62302 2.64604 2.66795 2.68862 2.70793 2.72579 2.74211 2.75682 2.76988 2.78124 2.79088 2.79877 2.80489 2.80925 2.81182 2.81261 2.8116 2.80881 2.80422 2.79784 2.78967 2.77974 2.76806 2.75466 2.73959 2.7229 2.70467 2.685 2.66398 2.64176 2.61848 2.59431 2.56942 2.54402 2.51831 2.49249 2.46678 2.44139 2.41651 2.39234 2.36904 2.34677 2.32566 2.30582 2.28731 2.2702 2.25452 2.24026 2.22741 2.21592 2.20575 2.19683 2.18907 2.18239 2.17669 2.17188 2.16787 2.16457 2.1619 2.15977 2.15812 2.15689 2.15603 2.1555 2.15526 
2.14858 2.14889 2.14951 2.15043 2.1517 2.15336 2.15546 2.15807 2.16127 2.16515 2.1698 2.17532 2.18183 2.18942 2.1982 2.20827 2.21971 2.2326 2.24697 2.26288 2.28031 2.29925 2.31965 2.34144 2.36449 2.38868 2.41385 2.43981 2.46637 2.49332 2.52045 2.54752 2.57432 2.60064 2.62627 2.65104 2.67476 2.69729 2.7185 2.73827 2.7565 2.77313 2.7881 2.80136 2.81288 2.82263 2.83062 2.83681 2.84122 2.84383 2.84464 2.84364 2.84084 2.83623 2.82981 2.82157 2.81153 2.7997 2.7861 2.77077 2.75375 2.73512 2.71495 2.69336 2.67047 2.64642 2.62139 2.59555 2.56911 2.54228 2.51527 2.48831 2.46162 2.43541 2.40988 2.38523 2.36161 2.33917 2.31803 2.29829 2.27999 2.26319 2.24788 2.23406 2.2217 2.21072 2.20107 2.19267 2.18542 2.17922 2.17398 2.1696 2.16599 2.16306 2.16071 2.15889 2.15753 2.15656 2.15595 2.15566 
2.14898 2.1493 2.14994 2.15094 2.15231 2.1541 2.15638 2.15921 2.16268 2.16688 2.17191 2.17789 2.18492 2.19312 2.20258 2.21342 2.2257 2.23952 2.2549 2.27189 2.29047 2.31062 2.33227 2.35534 2.3797 2.40521 2.43168 2.45893 2.48674 2.51489 2.54315 2.57128 2.59906 2.62627 2.65271 2.67819 2.70253 2.72559 2.74724 2.76738 2.78591 2.80278 2.81793 2.83133 2.84295 2.85278 2.86082 2.86705 2.87149 2.87413 2.87496 2.87398 2.8712 2.86659 2.86016 2.8519 2.8418 2.82988 2.81614 2.80062 2.78335 2.7644 2.74383 2.72175 2.69828 2.67356 2.64776 2.62106 2.59366 2.56579 2.53767 2.50953 2.4816 2.45412 2.42729 2.40132 2.37639 2.35266 2.33026 2.30929 2.28982 2.27191 2.25557 2.24079 2.22753 2.21576 2.20538 2.19633 2.1885 2.1818 2.17613 2.17138 2.16745 2.16425 2.16168 2.15968 2.15818 2.1571 2.15641 2.15608 
2.14938 2.14971 2.1504 2.15146 2.15293 2.15486 2.15731 2.16036 2.16411 2.16864 2.17406 2.1805 2.18806 2.19685 2.207 2.21859 2.23172 2.24645 2.26284 2.28088 2.30059 2.32192 2.34479 2.36911 2.39473 2.4215 2.44922 2.47768 2.50667 2.53594 2.56524 2.59435 2.62302 2.65104 2.67819 2.70428 2.72915 2.75266 2.77467 2.79509 2.81384 2.83087 2.84614 2.85962 2.87129 2.88115 2.88921 2.89546 2.89991 2.90256 2.90341 2.90246 2.8997 2.89513 2.88872 2.88047 2.87037 2.85841 2.84461 2.82897 2.81152 2.79232 2.77144 2.74896 2.725 2.6997 2.67322 2.64575 2.61749 2.58867 2.55951 2.53027 2.50118 2.47249 2.44442 2.41719 2.391 2.36601 2.34238 2.32022 2.29961 2.28061 2.26325 2.24752 2.23339 2.22081 2.20971 2.20001 2.19161 2.18441 2.1783 2.17317 2.16892 2.16545 2.16267 2.16049 2.15884 2.15766 2.15689 2.15651 
2.1498 2.15014 2.15086 2.15199 2.15356 2.15563 2.15826 2.16154 2.16555 2.17041 2.17623 2.18312 2.1912 2.20059 2.21141 2.22376 2.23771 2.25335 2.2707 2.28978 2.31058 2.33305 2.3571 2.38261 2.40944 2.4374 2.4663 2.49591 2.52599 2.5563 2.58657 2.61656 2.64604 2.67476 2.70253 2.72915 2.75446 2.77832 2.80061 2.82124 2.84015 2.85727 2.8726 2.8861 2.89777 2.90763 2.91567 2.92191 2.92635 2.92901 2.92988 2.92896 2.92625 2.92172 2.91536 2.90716 2.8971 2.88516 2.87135 2.85565 2.8381 2.81874 2.79762 2.77482 2.75046 2.72467 2.69761 2.66945 2.64042 2.61074 2.58064 2.55037 2.5202 2.49037 2.46113 2.4327 2.4053 2.37912 2.3543 2.33099 2.30927 2.28922 2.27086 2.25419 2.2392 2.22584 2.21403 2.20369 2.19472 2.18702 2.18048 2.17498 2.17041 2.16667 2.16367 2.1613 2.15951 2.15822 2.15738 2.15695 
2.15021 2.15056 2.15132 2.15252 2.15419 2.1564 2.15921 2.16271 2.167 2.17218 2.17838 2.18572 2.19432 2.2043 2.21578 2.22885 2.24361 2.26012 2.27842 2.2985 2.32035 2.34391 2.36908 2.39573 2.4237 2.45279 2.4828 2.51347 2.54457 2.57582 2.60697 2.63776 2.66795 2.69729 2.72559 2.75266 2.77832 2.80246 2.82495 2.84572 2.8647 2.88187 2.89719 2.91067 2.92231 2.93212 2.94012 2.94632 2.95075 2.9534 2.95429 2.95341 2.95074 2.94629 2.94001 2.93189 2.9219 2.91003 2.89625 2.88056 2.86297 2.84352 2.82223 2.7992 2.77452 2.74832 2.72076 2.69202 2.6623 2.63184 2.60088 2.56969 2.53851 2.50763 2.47729 2.44773 2.41919 2.39186 2.36592 2.3415 2.31872 2.29764 2.27832 2.26075 2.24493 2.2308 2.21829 2.20733 2.1978 2.18961 2.18264 2.17677 2.17189 2.16788 2.16466 2.16212 2.16018 2.15878 2.15786 2.15739 
2.15063 2.15099 2.15179 2.15305 2.15483 2.15717 2.16015 2.16387 2.16843 2.17393 2.1805 2.18828 2.19738 2.20793 2.22005 2.23383 2.24937 2.26672 2.28592 2.30696 2.32981 2.35441 2.38064 2.40836 2.4374 2.46755 2.49858 2.53023 2.56226 2.59437 2.62631 2.65781 2.68862 2.7185 2.74724 2.77467 2.80061 2.82495 2.84757 2.86842 2.88743 2.90458 2.91986 2.93327 2.94484 2.95457 2.96251 2.96866 2.97305 2.97569 2.97659 2.97575 2.97315 2.96878 2.9626 2.95459 2.94471 2.93294 2.91924 2.90361 2.88604 2.86655 2.84517 2.82197 2.79705 2.77053 2.74255 2.7133 2.68299 2.65184 2.62011 2.58807 2.55598 2.52412 2.49276 2.46215 2.43254 2.40414 2.37713 2.35166 2.32786 2.30581 2.28556 2.26713 2.2505 2.23563 2.22245 2.21088 2.20082 2.19215 2.18476 2.17853 2.17334 2.16908 2.16564 2.16292 2.16085 2.15934 2.15835 2.15782 
2.15104 2.15141 2.15224 2.15357 2.15545 2.15792 2.16108 2.16501 2.16982 2.17563 2.18257 2.19077 2.20035 2.21145 2.22418 2.23864 2.25492 2.27307 2.29313 2.31507 2.33887 2.36444 2.39166 2.42039 2.45042 2.48154 2.51351 2.54607 2.57893 2.61182 2.64447 2.67659 2.70793 2.73827 2.76738 2.79509 2.82124 2.84572 2.86842 2.88928 2.90827 2.92536 2.94055 2.95387 2.96533 2.97497 2.98282 2.98891 2.99325 2.99588 2.99679 2.99599 2.99346 2.98918 2.98312 2.97524 2.9655 2.95386 2.94028 2.92474 2.90723 2.88776 2.86635 2.84305 2.81796 2.79118 2.76286 2.73319 2.70236 2.67061 2.6382 2.60539 2.57247 2.53972 2.50743 2.47585 2.44524 2.41584 2.38782 2.36138 2.33662 2.31365 2.29252 2.27327 2.25587 2.24029 2.22647 2.21432 2.20374 2.19461 2.18682 2.18025 2.17476 2.17024 2.1666 2.16371 2.1615 2.15989 2.15882 2.15825 
2.15144 2.15181 2.15269 2.15408 2.15605 2.15865 2.16197 2.16611 2.17117 2.17727 2.18456 2.19316 2.2032 2.21482 2.22813 2.24323 2.26021 2.27912 2.29997 2.32277 2.34744 2.37392 2.40206 2.43171 2.46266 2.49467 2.5275 2.56086 2.59448 2.62806 2.66132 2.69398 2.72579 2.7565 2.78591 2.81384 2.84015 2.8647 2.88743 2.90827 2.92719 2.94419 2.95927 2.97246 2.9838 2.99333 3.00108 3.00708 3.01138 3.01398 3.01491 3.01415 3.0117 3.00752 3.00158 2.99384 2.98425 2.97276 2.95933 2.94393 2.92652 2.9071 2.8857 2.86236 2.83715 2.81018 2.7816 2.75157 2.7203 2.68804 2.65502 2.62154 2.58788 2.55433 2.52118 2.48871 2.45719 2.42686 2.39792 2.37056 2.34491 2.32108 2.29913 2.2791 2.26098 2.24474 2.23031 2.21761 2.20654 2.19697 2.1888 2.18189 2.17612 2.17137 2.16752 2.16447 2.16213 2.16042 2.15928 2.15867 
2.15182 2.15221 2.15311 2.15457 2.15663 2.15935 2.16283 2.16715 2.17245 2.17883 2.18644 2.19542 2.20589 2.218 2.23185 2.24755 2.26518 2.28479 2.30639 2.32996 2.35545 2.38276 2.41175 2.44223 2.47401 2.50683 2.54043 2.57452 2.6088 2.64299 2.67679 2.70992 2.74211 2.77313 2.80278 2.83087 2.85727 2.88187 2.90458 2.92536 2.94419 2.96106 2.97602 2.98907 3.00027 3.00967 3.01731 3.02323 3.02747 3.03005 3.03099 3.03027 3.02789 3.02382 3.01801 3.01042 3.001 2.98968 2.97641 2.96115 2.94387 2.92455 2.9032 2.87985 2.85458 2.82747 2.79868 2.76837 2.73674 2.70402 2.67049 2.63641 2.60209 2.56782 2.53391 2.50064 2.46829 2.43711 2.40733 2.37912 2.35265 2.32803 2.30532 2.28458 2.26579 2.24892 2.23392 2.22071 2.20917 2.1992 2.19067 2.18345 2.17741 2.17243 2.1684 2.16519 2.16273 2.16093 2.15973 2.15907 
2.15218 2.15257 2.15351 2.15503 2.15717 2.16001 2.16363 2.16814 2.17365 2.18029 2.1882 2.19753 2.2084 2.22095 2.2353 2.25155 2.26978 2.29002 2.3123 2.33659 2.36282 2.39088 2.42063 2.45187 2.48439 2.51793 2.55221 2.58694 2.62181 2.65653 2.69079 2.72431 2.75682 2.7881 2.81793 2.84614 2.8726 2.89719 2.91986 2.94055 2.95927 2.97602 2.99082 3.00373 3.01479 3.02405 3.03158 3.03742 3.0416 3.04415 3.04509 3.04442 3.04211 3.03815 3.03247 3.02503 3.01577 3.00463 2.99154 2.97644 2.9593 2.94009 2.91882 2.8955 2.8702 2.84301 2.81405 2.78351 2.75158 2.71849 2.68451 2.64991 2.61501 2.58011 2.54552 2.51154 2.47844 2.44651 2.41596 2.38699 2.35978 2.33443 2.31103 2.28963 2.27023 2.25279 2.23727 2.22359 2.21163 2.20128 2.19241 2.18491 2.17862 2.17343 2.16922 2.16587 2.1633 2.16141 2.16014 2.15945 
2.15252 2.15292 2.15389 2.15546 2.15767 2.16062 2.16437 2.16904 2.17475 2.18163 2.18982 2.19946 2.21069 2.22365 2.23845 2.2552 2.27396 2.29478 2.31767 2.34259 2.36948 2.39821 2.42863 2.46054 2.49372 2.52789 2.56277 2.59805 2.63343 2.6686 2.70325 2.7371 2.76988 2.80136 2.83133 2.85962 2.8861 2.91067 2.93327 2.95387 2.97246 2.98907 3.00373 3.01648 3.0274 3.03654 3.04396 3.04971 3.05383 3.05636 3.05731 3.05667 3.05444 3.05057 3.04502 3.03773 3.02863 3.01766 3.00474 2.98981 2.97282 2.95374 2.93256 2.90929 2.88399 2.85674 2.82768 2.79695 2.76477 2.73137 2.69701 2.66198 2.62658 2.59113 2.55594 2.52132 2.48758 2.45497 2.42374 2.3941 2.36622 2.34023 2.31621 2.29422 2.27426 2.25632 2.24032 2.22621 2.21386 2.20317 2.19401 2.18624 2.17973 2.17435 2.16997 2.1665 2.16382 2.16185 2.16053 2.1598 
2.15282 2.15323 2.15423 2.15584 2.15813 2.16116 2.16503 2.16985 2.17574 2.18283 2.19126 2.20119 2.21274 2.22606 2.24126 2.25844 2.27767 2.299 2.32242 2.3479 2.37536 2.40468 2.43569 2.46818 2.50192 2.53664 2.57203 2.60779 2.6436 2.67915 2.71413 2.74825 2.78124 2.81288 2.84295 2.87129 2.89777 2.92231 2.94484 2.96533 2.9838 3.00027 3.01479 3.0274 3.03818 3.0472 3.05451 3.06018 3.06425 3.06675 3.06771 3.06711 3.06494 3.06116 3.05573 3.04858 3.03964 3.02883 3.01607 3.0013 2.98446 2.96551 2.94442 2.92121 2.89593 2.86866 2.83951 2.80865 2.77627 2.74261 2.70793 2.67253 2.63671 2.60079 2.56509 2.52993 2.49562 2.46243 2.43061 2.40038 2.37192 2.34536 2.3208 2.29829 2.27785 2.25945 2.24304 2.22855 2.21586 2.20487 2.19544 2.18743 2.18072 2.17517 2.17065 2.16706 2.16429 2.16225 2.16088 2.16012 
2.15309 2.1535 2.15452 2.15618 2.15853 2.16165 2.16562 2.17056 2.1766 2.18388 2.19252 2.20269 2.21452 2.22815 2.24369 2.26125 2.28088 2.30264 2.32652 2.35248 2.38043 2.41024 2.44175 2.47473 2.50895 2.54412 2.57994 2.6161 2.65227 2.68813 2.72338 2.75771 2.79088 2.82263 2.85278 2.88115 2.90763 2.93212 2.95457 2.97497 2.99333 3.00967 3.02405 3.03654 3.0472 3.0561 3.06332 3.06892 3.07294 3.07542 3.07638 3.07581 3.0737 3.07001 3.06468 3.05765 3.04885 3.03819 3.02558 3.01096 2.99425 2.97541 2.95442 2.93128 2.90603 2.87874 2.84954 2.81857 2.78604 2.75217 2.71723 2.68152 2.64535 2.60903 2.57291 2.5373 2.50251 2.46882 2.43651 2.40578 2.37682 2.34978 2.32475 2.3018 2.28094 2.26216 2.24539 2.23057 2.2176 2.20634 2.19668 2.18847 2.18159 2.17589 2.17125 2.16755 2.1647 2.1626 2.16118 2.1604 
2.15332 2.15374 2.15478 2.15647 2.15887 2.16205 2.16612 2.17117 2.17733 2.18476 2.19358 2.20395 2.21601 2.22989 2.24572 2.26358 2.28356 2.30567 2.32992 2.35627 2.38462 2.41484 2.44675 2.48014 2.51474 2.55028 2.58645 2.62293 2.65938 2.6955 2.73096 2.76547 2.79877 2.83062 2.86082 2.88921 2.91567 2.94012 2.96251 2.98282 3.00108 3.01731 3.03158 3.04396 3.05451 3.06332 3.07047 3.076 3.07998 3.08244 3.0834 3.08286 3.0808 3.07718 3.07194 3.06502 3.05633 3.04579 3.03331 3.01881 3.00222 2.98349 2.96258 2.9395 2.91428 2.88699 2.85774 2.8267 2.79404 2.76001 2.72487 2.68891 2.65245 2.61582 2.57935 2.54337 2.50819 2.47411 2.44138 2.41024 2.38088 2.35344 2.32804 2.30472 2.28352 2.26441 2.24736 2.23227 2.21905 2.20757 2.19772 2.18935 2.18232 2.17649 2.17175 2.16797 2.16505 2.1629 2.16145 2.16064 
2.1535 2.15393 2.15499 2.15671 2.15915 2.16238 2.16651 2.17165 2.17792 2.18546 2.19442 2.20495 2.21719 2.23128 2.24732 2.26543 2.28566 2.30805 2.3326 2.35925 2.38791 2.41844 2.45066 2.48436 2.51926 2.55509 2.59152 2.62824 2.66492 2.70123 2.73685 2.7715 2.80489 2.83681 2.86705 2.89546 2.92191 2.94632 2.96866 2.98891 3.00708 3.02323 3.03742 3.04971 3.06018 3.06892 3.076 3.08149 3.08544 3.08788 3.08885 3.08833 3.0863 3.08274 3.07757 3.07073 3.06213 3.05169 3.03931 3.02491 3.00841 2.98976 2.96892 2.94588 2.92069 2.89339 2.86412 2.83301 2.80026 2.7661 2.7308 2.69466 2.65798 2.62111 2.58437 2.5481 2.51263 2.47823 2.44519 2.41373 2.38406 2.35632 2.33061 2.30702 2.28555 2.26619 2.24891 2.23361 2.2202 2.20855 2.19855 2.19004 2.1829 2.17698 2.17216 2.16831 2.16533 2.16314 2.16166 2.16084 
2.15365 2.15408 2.15514 2.15689 2.15936 2.16263 2.16681 2.17201 2.17835 2.18598 2.19504 2.20569 2.21805 2.23228 2.24849 2.26676 2.28718 2.30977 2.33452 2.36138 2.39026 2.42101 2.45345 2.48736 2.52248 2.5585 2.59512 2.63202 2.66885 2.7053 2.74104 2.77578 2.80925 2.84122 2.87149 2.89991 2.92635 2.95075 2.97305 2.99325 3.01138 3.02747 3.0416 3.05383 3.06425 3.07294 3.07998 3.08544 3.08937 3.0918 3.09277 3.09226 3.09027 3.08674 3.08162 3.07483 3.0663 3.05592 3.04361 3.02927 3.01284 2.99424 2.97344 2.95044 2.92525 2.89796 2.86865 2.8375 2.80468 2.77043 2.73502 2.69874 2.66191 2.62486 2.58794 2.55147 2.51578 2.48117 2.44791 2.41623 2.38633 2.35838 2.33246 2.30867 2.28701 2.26748 2.25003 2.23458 2.22103 2.20927 2.19916 2.19056 2.18333 2.17734 2.17246 2.16856 2.16554 2.16332 2.16182 2.16098 
2.15374 2.15417 2.15525 2.157 2.15949 2.16279 2.167 2.17224 2.17862 2.18631 2.19543 2.20614 2.21858 2.2329 2.24919 2.26757 2.28809 2.31079 2.33566 2.36264 2.39165 2.42253 2.4551 2.48913 2.52436 2.56051 2.59724 2.63424 2.67116 2.70769 2.7435 2.7783 2.81182 2.84383 2.87413 2.90256 2.92901 2.9534 2.97569 2.99588 3.01398 3.03005 3.04415 3.05636 3.06675 3.07542 3.08244 3.08788 3.0918 3.09424 3.0952 3.09471 3.09273 3.08922 3.08412 3.07736 3.06886 3.05852 3.04624 3.03193 3.01552 2.99695 2.97616 2.95317 2.92798 2.90067 2.87135 2.84016 2.80729 2.77298 2.7375 2.70114 2.66421 2.62707 2.59003 2.55345 2.51764 2.4829 2.44951 2.4177 2.38768 2.3596 2.33357 2.30965 2.28789 2.26826 2.25071 2.23517 2.22155 2.20971 2.19953 2.19088 2.1836 2.17757 2.17265 2.16872 2.16568 2.16344 2.16192 2.16108 
