4.48879 4.48898 4.48921 4.4895 4.48983 4.49022 4.49065 4.49114 4.49168 4.49228 4.49293 4.49364 4.49442 4.49526 4.49616 4.49714 4.49818 4.4993 4.50049 4.50175 4.50308 4.50449 4.50597 4.50751 4.50912 4.51079 4.51251 4.51428 4.51609 4.51793 4.5198 4.52168 4.52357 4.52545 4.52731 4.52914 4.53093 4.53266 4.53433 4.53592 4.53742 4.53881 4.5401 4.54126 4.54229 4.54318 4.54392 4.54451 4.54494 4.54522 4.54532 4.54527 4.54505 4.54467 4.54413 4.54344 4.54261 4.54163 4.54052 4.53929 4.53795 4.53651 4.53498 4.53337 4.53169 4.52997 4.5282 4.5264 4.52458 4.52276 4.52095 4.51916 4.51739 4.51566 4.51398 4.51234 4.51077 4.50927 4.50784 4.50648 4.5052 4.50401 4.50289 4.50187 4.50092 4.50006 4.49929 4.49859 4.49797 4.49744 4.49697 4.49658 4.49626 4.496 4.49581 4.49568 4.4956 4.49558 4.49562 4.49571 
4.48898 4.48916 4.4894 4.48969 4.49003 4.49041 4.49085 4.49134 4.49188 4.49248 4.49314 4.49385 4.49463 4.49548 4.49639 4.49737 4.49843 4.49955 4.50075 4.50203 4.50337 4.50479 4.50628 4.50784 4.50946 4.51115 4.51289 4.51467 4.5165 4.51836 4.52025 4.52215 4.52406 4.52596 4.52784 4.52969 4.5315 4.53325 4.53494 4.53654 4.53806 4.53947 4.54077 4.54194 4.54298 4.54388 4.54463 4.54523 4.54566 4.54594 4.54605 4.54599 4.54577 4.54538 4.54484 4.54414 4.5433 4.54231 4.54119 4.53995 4.53859 4.53713 4.53559 4.53396 4.53226 4.53052 4.52873 4.52691 4.52508 4.52324 4.52141 4.51959 4.51781 4.51606 4.51436 4.51271 4.51112 4.5096 4.50816 4.50679 4.50549 4.50429 4.50316 4.50212 4.50117 4.5003 4.49952 4.49882 4.49819 4.49765 4.49718 4.49678 4.49646 4.4962 4.496 4.49587 4.49579 4.49577 4.49581 4.4959 
4.48921 4.4894 4.48964 4.48993 4.49027 4.49066 4.49111 4.49161 4.49216 4.49278 4.49345 4.49418 4.49498 4.49585 4.49678 4.49779 4.49887 4.50003 4.50126 4.50257 4.50395 4.50541 4.50694 4.50854 4.51021 4.51194 4.51373 4.51557 4.51745 4.51936 4.5213 4.52326 4.52522 4.52717 4.5291 4.531 4.53286 4.53466 4.53639 4.53804 4.5396 4.54105 4.54238 4.54359 4.54465 4.54558 4.54635 4.54696 4.54741 4.54769 4.5478 4.54774 4.54751 4.54711 4.54655 4.54584 4.54497 4.54395 4.5428 4.54152 4.54013 4.53863 4.53704 4.53536 4.53362 4.53182 4.52999 4.52812 4.52623 4.52434 4.52245 4.52059 4.51875 4.51695 4.5152 4.51351 4.51187 4.51031 4.50882 4.50741 4.50608 4.50483 4.50368 4.50261 4.50162 4.50073 4.49992 4.49919 4.49855 4.49798 4.4975 4.49709 4.49675 4.49648 4.49627 4.49613 4.49604 4.49602 4.49605 4.49614 
4.4895 4.48969 4.48993 4.49023 4.49058 4.49098 4.49144 4.49195 4.49253 4.49316 4.49386 4.49463 4.49546 4.49636 4.49734 4.49839 4.49952 4.50072 4.50201 4.50338 4.50482 4.50635 4.50795 4.50962 4.51137 4.51318 4.51505 4.51697 4.51893 4.52093 4.52296 4.525 4.52705 4.52908 4.5311 4.53309 4.53502 4.5369 4.53871 4.54043 4.54205 4.54356 4.54495 4.5462 4.54732 4.54828 4.54908 4.54971 4.55018 4.55047 4.55058 4.55052 4.55028 4.54986 4.54928 4.54853 4.54762 4.54656 4.54536 4.54402 4.54256 4.541 4.53934 4.53759 4.53577 4.53389 4.53197 4.53002 4.52805 4.52607 4.5241 4.52215 4.52023 4.51835 4.51651 4.51474 4.51303 4.51139 4.50983 4.50835 4.50696 4.50565 4.50443 4.50331 4.50228 4.50133 4.50048 4.49971 4.49903 4.49844 4.49792 4.49748 4.49712 4.49683 4.49661 4.49645 4.49635 4.49632 4.49634 4.49642 
4.48983 4.49003 4.49027 4.49058 4.49094 4.49136 4.49184 4.49238 4.49298 4.49365 4.49438 4.49519 4.49607 4.49702 4.49805 4.49917 4.50036 4.50164 4.50301 4.50446 4.50599 4.50761 4.50931 4.51109 4.51294 4.51486 4.51684 4.51887 4.52096 4.52308 4.52522 4.52739 4.52955 4.53171 4.53384 4.53594 4.53799 4.53998 4.54189 4.5437 4.54541 4.54701 4.54847 4.5498 4.55097 4.55198 4.55283 4.5535 4.55398 4.55429 4.5544 4.55433 4.55408 4.55364 4.55302 4.55222 4.55126 4.55014 4.54886 4.54745 4.54591 4.54425 4.54249 4.54064 4.53871 4.53673 4.53469 4.53262 4.53053 4.52844 4.52635 4.52428 4.52224 4.52024 4.5183 4.51641 4.51459 4.51285 4.51119 4.50962 4.50813 4.50674 4.50544 4.50424 4.50313 4.50213 4.50121 4.50039 4.49966 4.49901 4.49845 4.49798 4.49758 4.49726 4.49701 4.49683 4.49672 4.49667 4.49669 4.49676 
4.49022 4.49041 4.49066 4.49098 4.49136 4.4918 4.4923 4.49288 4.49351 4.49423 4.49501 4.49587 4.49681 4.49783 4.49894 4.50014 4.50142 4.50279 4.50426 4.50582 4.50746 4.5092 4.51103 4.51294 4.51492 4.51698 4.51911 4.52129 4.52353 4.5258 4.5281 4.53042 4.53274 4.53505 4.53733 4.53958 4.54177 4.54389 4.54593 4.54787 4.5497 4.5514 4.55297 4.55438 4.55563 4.55671 4.5576 4.55831 4.55883 4.55915 4.55927 4.5592 4.55892 4.55845 4.55778 4.55693 4.5559 4.55469 4.55333 4.55182 4.55017 4.54839 4.54651 4.54453 4.54246 4.54033 4.53815 4.53593 4.53369 4.53145 4.5292 4.52698 4.52479 4.52265 4.52056 4.51853 4.51657 4.5147 4.51291 4.51121 4.50961 4.5081 4.5067 4.5054 4.5042 4.50311 4.50211 4.50121 4.50042 4.49971 4.4991 4.49857 4.49813 4.49777 4.49749 4.49728 4.49715 4.49708 4.49709 4.49715 
4.49065 4.49085 4.49111 4.49144 4.49184 4.4923 4.49284 4.49345 4.49414 4.4949 4.49575 4.49668 4.49769 4.4988 4.5 4.50129 4.50269 4.50418 4.50577 4.50746 4.50924 4.51113 4.51311 4.51518 4.51733 4.51957 4.52187 4.52424 4.52666 4.52912 4.53161 4.53411 4.53662 4.53912 4.54158 4.54401 4.54637 4.54866 4.55086 4.55295 4.55492 4.55675 4.55843 4.55995 4.5613 4.56245 4.56342 4.56418 4.56473 4.56507 4.5652 4.56511 4.56481 4.5643 4.56357 4.56265 4.56154 4.56024 4.55876 4.55713 4.55535 4.55343 4.55139 4.54925 4.54702 4.54472 4.54236 4.53996 4.53754 4.53511 4.53268 4.53027 4.5279 4.52557 4.5233 4.5211 4.51897 4.51693 4.51499 4.51314 4.51139 4.50975 4.50822 4.50679 4.50548 4.50428 4.50318 4.5022 4.50132 4.50054 4.49985 4.49927 4.49877 4.49837 4.49804 4.4978 4.49764 4.49755 4.49754 4.49759 
4.49114 4.49134 4.49161 4.49195 4.49238 4.49288 4.49345 4.49411 4.49485 4.49568 4.4966 4.49761 4.49872 4.49992 4.50123 4.50265 4.50417 4.5058 4.50754 4.50938 4.51134 4.5134 4.51556 4.51782 4.52018 4.52262 4.52513 4.52771 4.53035 4.53303 4.53575 4.53847 4.5412 4.54392 4.5466 4.54924 4.5518 4.55429 4.55667 4.55894 4.56108 4.56306 4.56488 4.56653 4.56798 4.56923 4.57027 4.57109 4.57169 4.57206 4.57219 4.57209 4.57176 4.5712 4.57041 4.5694 4.56819 4.56678 4.56518 4.5634 4.56146 4.55938 4.55716 4.55483 4.55241 4.5499 4.54733 4.54472 4.54208 4.53942 4.53678 4.53415 4.53156 4.52902 4.52654 4.52413 4.5218 4.51957 4.51743 4.5154 4.51348 4.51168 4.50999 4.50843 4.50698 4.50565 4.50444 4.50334 4.50236 4.50149 4.50072 4.50006 4.4995 4.49904 4.49867 4.49839 4.49819 4.49808 4.49804 4.49809 
4.49168 4.49188 4.49216 4.49253 4.49298 4.49351 4.49414 4.49485 4.49566 4.49656 4.49757 4.49867 4.49989 4.50121 4.50265 4.5042 4.50587 4.50766 4.50957 4.51161 4.51376 4.51602 4.5184 4.52088 4.52347 4.52614 4.5289 4.53173 4.53462 4.53756 4.54053 4.54351 4.5465 4.54947 4.5524 4.55527 4.55808 4.56079 4.56339 4.56586 4.56818 4.57034 4.57233 4.57411 4.57569 4.57705 4.57818 4.57907 4.57971 4.58011 4.58025 4.58013 4.57977 4.57915 4.57829 4.57719 4.57587 4.57432 4.57257 4.57063 4.56851 4.56624 4.56382 4.56127 4.55862 4.55588 4.55307 4.55021 4.54732 4.54441 4.54151 4.53863 4.53579 4.533 4.53027 4.52762 4.52507 4.52261 4.52025 4.51802 4.5159 4.5139 4.51204 4.5103 4.50869 4.50722 4.50587 4.50465 4.50355 4.50257 4.50171 4.50097 4.50033 4.4998 4.49937 4.49904 4.4988 4.49866 4.4986 4.49863 
4.49228 4.49248 4.49278 4.49316 4.49365 4.49423 4.4949 4.49568 4.49656 4.49755 4.49865 4.49987 4.50121 4.50267 4.50425 4.50596 4.50781 4.50978 4.51189 4.51413 4.5165 4.519 4.52162 4.52436 4.5272 4.53015 4.53319 4.5363 4.53948 4.5427 4.54596 4.54924 4.55251 4.55577 4.55898 4.56213 4.5652 4.56816 4.57101 4.57371 4.57625 4.5786 4.58077 4.58271 4.58444 4.58592 4.58714 4.58811 4.58881 4.58923 4.58938 4.58925 4.58885 4.58817 4.58723 4.58602 4.58457 4.58288 4.58096 4.57883 4.57651 4.57402 4.57137 4.56858 4.56567 4.56266 4.55958 4.55644 4.55327 4.55007 4.54689 4.54372 4.54059 4.53752 4.53452 4.5316 4.52877 4.52606 4.52346 4.52098 4.51864 4.51643 4.51436 4.51243 4.51064 4.50899 4.50749 4.50612 4.50489 4.50379 4.50282 4.50198 4.50125 4.50065 4.50015 4.49977 4.49949 4.49931 4.49922 4.49924 
4.49293 4.49314 4.49345 4.49386 4.49438 4.49501 4.49575 4.4966 4.49757 4.49865 4.49987 4.50121 4.50268 4.50429 4.50604 4.50794 4.50997 4.51216 4.51449 4.51697 4.51959 4.52234 4.52524 4.52826 4.5314 4.53465 4.538 4.54143 4.54492 4.54848 4.55206 4.55566 4.55926 4.56283 4.56635 4.56981 4.57317 4.57642 4.57953 4.58249 4.58527 4.58785 4.59021 4.59234 4.59422 4.59583 4.59717 4.59822 4.59898 4.59944 4.5996 4.59945 4.599 4.59826 4.59722 4.59589 4.5943 4.59244 4.59034 4.58801 4.58547 4.58273 4.57982 4.57676 4.57356 4.57026 4.56687 4.56342 4.55993 4.55642 4.55291 4.54943 4.54598 4.54259 4.53928 4.53605 4.53293 4.52993 4.52705 4.52431 4.52171 4.51926 4.51695 4.51481 4.51281 4.51098 4.50929 4.50776 4.50638 4.50515 4.50406 4.5031 4.50228 4.50159 4.50102 4.50057 4.50024 4.50001 4.4999 4.4999 
4.49364 4.49385 4.49418 4.49463 4.49519 4.49587 4.49668 4.49761 4.49867 4.49987 4.50121 4.50269 4.50432 4.5061 4.50803 4.51013 4.51238 4.5148 4.51738 4.52012 4.52301 4.52606 4.52926 4.5326 4.53606 4.53965 4.54334 4.54712 4.55097 4.55488 4.55883 4.56279 4.56674 4.57066 4.57453 4.57832 4.58201 4.58557 4.58898 4.59221 4.59525 4.59807 4.60066 4.60298 4.60503 4.60679 4.60825 4.6094 4.61022 4.61072 4.61089 4.61072 4.61023 4.6094 4.60826 4.60681 4.60506 4.60303 4.60072 4.59816 4.59537 4.59237 4.58917 4.58581 4.58231 4.57868 4.57496 4.57116 4.56732 4.56346 4.5596 4.55575 4.55195 4.54822 4.54456 4.541 4.53755 4.53423 4.53104 4.528 4.52512 4.52239 4.51984 4.51745 4.51523 4.51318 4.5113 4.50959 4.50804 4.50665 4.50542 4.50434 4.50341 4.50262 4.50197 4.50145 4.50106 4.50079 4.50065 4.50062 
4.49442 4.49463 4.49498 4.49546 4.49607 4.49681 4.49769 4.49872 4.49989 4.50121 4.50268 4.50432 4.50612 4.50809 4.51023 4.51254 4.51504 4.51771 4.52056 4.52359 4.52679 4.53016 4.5337 4.53738 4.5412 4.54516 4.54922 4.55339 4.55763 4.56193 4.56627 4.57062 4.57496 4.57927 4.58351 4.58766 4.59171 4.59561 4.59934 4.60288 4.6062 4.60929 4.61211 4.61464 4.61688 4.6188 4.62039 4.62164 4.62254 4.62307 4.62325 4.62306 4.62252 4.62161 4.62036 4.61877 4.61685 4.61462 4.61209 4.60929 4.60623 4.60294 4.59943 4.59574 4.5919 4.58792 4.58383 4.57966 4.57544 4.57119 4.56694 4.56271 4.55852 4.5544 4.55037 4.54644 4.54263 4.53896 4.53543 4.53207 4.52887 4.52585 4.52301 4.52035 4.51788 4.5156 4.5135 4.51159 4.50985 4.5083 4.50691 4.5057 4.50464 4.50374 4.503 4.5024 4.50195 4.50163 4.50145 4.50141 
4.49526 4.49548 4.49585 4.49636 4.49702 4.49783 4.4988 4.49992 4.50121 4.50267 4.50429 4.5061 4.50809 4.51026 4.51263 4.51519 4.51795 4.5209 4.52405 4.5274 4.53093 4.53465 4.53854 4.54261 4.54682 4.55117 4.55565 4.56023 4.5649 4.56962 4.57438 4.57916 4.58392 4.58864 4.59329 4.59784 4.60226 4.60653 4.61061 4.61448 4.61811 4.62147 4.62455 4.62732 4.62976 4.63185 4.63358 4.63494 4.63591 4.63649 4.63668 4.63647 4.63587 4.63487 4.6335 4.63176 4.62966 4.62722 4.62445 4.62138 4.61803 4.61443 4.61059 4.60655 4.60234 4.59797 4.59349 4.58892 4.58428 4.57962 4.57494 4.57029 4.56569 4.56115 4.55671 4.55238 4.54818 4.54412 4.54023 4.53651 4.53297 4.52963 4.52648 4.52353 4.52078 4.51824 4.51591 4.51377 4.51183 4.51009 4.50854 4.50717 4.50598 4.50497 4.50412 4.50344 4.50292 4.50255 4.50233 4.50226 
4.49616 4.49639 4.49678 4.49734 4.49805 4.49894 4.5 4.50123 4.50265 4.50425 4.50604 4.50803 4.51023 4.51263 4.51524 4.51807 4.52111 4.52437 4.52784 4.53153 4.53543 4.53953 4.54381 4.54828 4.55292 4.5577 4.56262 4.56765 4.57277 4.57795 4.58318 4.58841 4.59362 4.59878 4.60387 4.60884 4.61367 4.61833 4.62278 4.627 4.63096 4.63462 4.63797 4.64099 4.64364 4.64592 4.6478 4.64927 4.65032 4.65095 4.65115 4.65092 4.65025 4.64917 4.64767 4.64576 4.64347 4.6408 4.63778 4.63443 4.63077 4.62683 4.62264 4.61822 4.61361 4.60884 4.60393 4.59893 4.59385 4.58873 4.58361 4.57851 4.57345 4.56847 4.56358 4.55882 4.55419 4.54973 4.54543 4.54133 4.53742 4.53373 4.53024 4.52698 4.52393 4.52111 4.51852 4.51614 4.51399 4.51204 4.51031 4.50877 4.50744 4.5063 4.50534 4.50457 4.50397 4.50354 4.50328 4.50318 
4.49714 4.49737 4.49779 4.49839 4.49917 4.50014 4.50129 4.50265 4.5042 4.50596 4.50794 4.51013 4.51254 4.51519 4.51807 4.52118 4.52453 4.52812 4.53195 4.536 4.54029 4.54479 4.5495 4.55441 4.5595 4.56475 4.57014 4.57565 4.58125 4.58693 4.59264 4.59835 4.60405 4.60968 4.61523 4.62065 4.62592 4.63099 4.63584 4.64043 4.64473 4.64872 4.65236 4.65563 4.65851 4.66098 4.66302 4.66462 4.66576 4.66643 4.66664 4.66639 4.66566 4.66448 4.66284 4.66076 4.65826 4.65536 4.65207 4.64842 4.64443 4.64014 4.63556 4.63075 4.62572 4.62051 4.61515 4.60968 4.60413 4.59854 4.59293 4.58734 4.58181 4.57634 4.57099 4.56576 4.56068 4.55577 4.55105 4.54653 4.54223 4.53815 4.53431 4.5307 4.52734 4.52422 4.52134 4.5187 4.51631 4.51414 4.51221 4.5105 4.50901 4.50773 4.50665 4.50577 4.50509 4.5046 4.50429 4.50417 
4.49818 4.49843 4.49887 4.49952 4.50036 4.50142 4.50269 4.50417 4.50587 4.50781 4.50997 4.51238 4.51504 4.51795 4.52111 4.52453 4.52821 4.53216 4.53636 4.54081 4.54551 4.55045 4.55561 4.56099 4.56656 4.5723 4.5782 4.58422 4.59034 4.59653 4.60276 4.60899 4.61519 4.62133 4.62736 4.63326 4.63898 4.6445 4.64976 4.65474 4.65941 4.66374 4.66768 4.67123 4.67435 4.67702 4.67923 4.68095 4.68218 4.68291 4.68313 4.68285 4.68206 4.68077 4.67899 4.67673 4.67401 4.67086 4.66728 4.66331 4.65898 4.65431 4.64934 4.6441 4.63863 4.63296 4.62712 4.62116 4.61511 4.60901 4.6029 4.5968 4.59075 4.58477 4.57891 4.57319 4.56763 4.56225 4.55707 4.55211 4.54738 4.5429 4.53867 4.5347 4.53099 4.52755 4.52437 4.52146 4.5188 4.5164 4.51426 4.51236 4.51069 4.50926 4.50806 4.50707 4.5063 4.50574 4.50538 4.50523 
4.4993 4.49955 4.50003 4.50072 4.50164 4.50279 4.50418 4.5058 4.50766 4.50978 4.51216 4.5148 4.51771 4.5209 4.52437 4.52812 4.53216 4.53648 4.54108 4.54595 4.55109 4.55649 4.56214 4.56801 4.57409 4.58036 4.58678 4.59334 4.60001 4.60675 4.61352 4.6203 4.62703 4.6337 4.64025 4.64665 4.65285 4.65882 4.66452 4.66991 4.67497 4.67964 4.68391 4.68774 4.69111 4.69399 4.69637 4.69823 4.69955 4.70034 4.70057 4.70026 4.6994 4.698 4.69607 4.69363 4.69069 4.68727 4.68339 4.67909 4.6744 4.66934 4.66395 4.65827 4.65233 4.64617 4.63983 4.63336 4.62678 4.62015 4.61349 4.60685 4.60026 4.59375 4.58736 4.58111 4.57503 4.56915 4.56349 4.55806 4.55288 4.54797 4.54333 4.53897 4.53489 4.53111 4.52761 4.5244 4.52147 4.51882 4.51645 4.51434 4.51249 4.5109 4.50956 4.50846 4.50759 4.50695 4.50654 4.50636 
4.50049 4.50075 4.50126 4.50201 4.50301 4.50426 4.50577 4.50754 4.50957 4.51189 4.51449 4.51738 4.52056 4.52405 4.52784 4.53195 4.53636 4.54108 4.5461 4.55142 4.55703 4.56292 4.56907 4.57547 4.58208 4.5889 4.59589 4.60302 4.61025 4.61756 4.62491 4.63225 4.63955 4.64677 4.65386 4.66077 4.66748 4.67393 4.68008 4.68591 4.69135 4.69639 4.70099 4.70512 4.70875 4.71185 4.71441 4.71641 4.71783 4.71867 4.71892 4.71858 4.71765 4.71613 4.71405 4.71141 4.70823 4.70454 4.70036 4.69572 4.69064 4.68518 4.67935 4.6732 4.66678 4.66012 4.65326 4.64624 4.63912 4.63192 4.6247 4.61749 4.61033 4.60326 4.5963 4.5895 4.58289 4.57648 4.57031 4.56438 4.55873 4.55336 4.54828 4.54351 4.53905 4.53489 4.53106 4.52753 4.52431 4.52139 4.51878 4.51645 4.51441 4.51265 4.51116 4.50993 4.50897 4.50825 4.50778 4.50756 
4.50175 4.50203 4.50257 4.50338 4.50446 4.50582 4.50746 4.50938 4.51161 4.51413 4.51697 4.52012 4.52359 4.5274 4.53153 4.536 4.54081 4.54595 4.55142 4.55721 4.56332 4.56972 4.5764 4.58334 4.59053 4.59792 4.60549 4.61321 4.62105 4.62896 4.6369 4.64484 4.65272 4.66051 4.66815 4.67561 4.68283 4.68978 4.69641 4.70267 4.70853 4.71395 4.71889 4.72332 4.72722 4.73055 4.7333 4.73544 4.73696 4.73786 4.73812 4.73775 4.73674 4.73511 4.73287 4.73003 4.72661 4.72263 4.71813 4.71313 4.70767 4.70178 4.6955 4.68888 4.68195 4.67476 4.66735 4.65978 4.65208 4.6443 4.63649 4.62869 4.62094 4.61327 4.60573 4.59836 4.59118 4.58422 4.5775 4.57106 4.56491 4.55906 4.55352 4.54832 4.54344 4.53891 4.53471 4.53084 4.52732 4.52412 4.52125 4.51869 4.51644 4.5145 4.51286 4.5115 4.51042 4.50962 4.5091 4.50884 
4.50308 4.50337 4.50395 4.50482 4.50599 4.50746 4.50924 4.51134 4.51376 4.5165 4.51959 4.52301 4.52679 4.53093 4.53543 4.54029 4.54551 4.55109 4.55703 4.56332 4.56993 4.57687 4.58411 4.59163 4.5994 4.60739 4.61557 4.62391 4.63237 4.6409 4.64946 4.65801 4.66649 4.67487 4.68309 4.69111 4.69887 4.70633 4.71344 4.72016 4.72644 4.73225 4.73754 4.74229 4.74646 4.75003 4.75296 4.75525 4.75688 4.75783 4.75811 4.7577 4.75662 4.75487 4.75247 4.74942 4.74575 4.74149 4.73666 4.73129 4.72543 4.7191 4.71236 4.70524 4.69779 4.69006 4.68209 4.67394 4.66564 4.65726 4.64884 4.64042 4.63205 4.62377 4.61563 4.60765 4.59988 4.59234 4.58507 4.57808 4.5714 4.56505 4.55904 4.55338 4.54807 4.54313 4.53856 4.53434 4.53049 4.527 4.52385 4.52105 4.51859 4.51646 4.51465 4.51315 4.51196 4.51108 4.51049 4.51019 
4.50449 4.50479 4.50541 4.50635 4.50761 4.5092 4.51113 4.5134 4.51602 4.519 4.52234 4.52606 4.53016 4.53465 4.53953 4.54479 4.55045 4.55649 4.56292 4.56972 4.57687 4.58437 4.59218 4.6003 4.60867 4.61729 4.6261 4.63508 4.64418 4.65335 4.66255 4.67173 4.68084 4.68982 4.69864 4.70722 4.71553 4.72352 4.73113 4.73831 4.74503 4.75123 4.75689 4.76195 4.7664 4.77021 4.77334 4.77578 4.77751 4.77852 4.77881 4.77838 4.77722 4.77535 4.77277 4.76951 4.76559 4.76103 4.75587 4.75013 4.74385 4.73708 4.72986 4.72224 4.71425 4.70596 4.69742 4.68867 4.67976 4.67076 4.66171 4.65265 4.64365 4.63473 4.62596 4.61736 4.60898 4.60084 4.59298 4.58543 4.57821 4.57133 4.56482 4.55869 4.55293 4.54757 4.5426 4.53802 4.53382 4.53002 4.52659 4.52354 4.52085 4.51852 4.51653 4.51489 4.51358 4.51261 4.51195 4.51162 
4.50597 4.50628 4.50694 4.50795 4.50931 4.51103 4.51311 4.51556 4.5184 4.52162 4.52524 4.52926 4.5337 4.53854 4.54381 4.5495 4.55561 4.56214 4.56907 4.5764 4.58411 4.59218 4.6006 4.60932 4.61833 4.62759 4.63705 4.64669 4.65644 4.66627 4.67612 4.68595 4.6957 4.70531 4.71472 4.7239 4.73277 4.74129 4.7494 4.75706 4.76422 4.77082 4.77684 4.78224 4.78697 4.79102 4.79435 4.79694 4.79878 4.79985 4.80016 4.79969 4.79845 4.79646 4.79371 4.79024 4.78606 4.7812 4.77569 4.76957 4.76288 4.75566 4.74795 4.73981 4.73128 4.72242 4.71328 4.70392 4.69439 4.68475 4.67505 4.66535 4.65569 4.64612 4.63669 4.62745 4.61844 4.60968 4.60122 4.59309 4.5853 4.57788 4.57085 4.56422 4.55801 4.5522 4.54682 4.54186 4.53731 4.53318 4.52946 4.52614 4.52321 4.52067 4.51851 4.51671 4.51528 4.51421 4.51349 4.51311 
4.50751 4.50784 4.50854 4.50962 4.51109 4.51294 4.51518 4.51782 4.52088 4.52436 4.52826 4.5326 4.53738 4.54261 4.54828 4.55441 4.56099 4.56801 4.57547 4.58334 4.59163 4.6003 4.60932 4.61868 4.62834 4.63825 4.64838 4.65869 4.66912 4.67962 4.69014 4.70063 4.71102 4.72126 4.7313 4.74106 4.7505 4.75957 4.76819 4.77633 4.78393 4.79095 4.79734 4.80306 4.80808 4.81237 4.8159 4.81865 4.82059 4.82173 4.82205 4.82155 4.82024 4.81812 4.8152 4.81151 4.80707 4.80191 4.79606 4.78955 4.78244 4.77475 4.76655 4.75789 4.74881 4.73937 4.72963 4.71965 4.70948 4.69919 4.68883 4.67845 4.66812 4.65789 4.6478 4.6379 4.62823 4.61884 4.60977 4.60103 4.59266 4.58468 4.57712 4.56998 4.56328 4.55702 4.55121 4.54585 4.54094 4.53648 4.53245 4.52885 4.52568 4.52292 4.52057 4.51862 4.51706 4.51588 4.51509 4.51467 
4.50912 4.50946 4.51021 4.51137 4.51294 4.51492 4.51733 4.52018 4.52347 4.5272 4.5314 4.53606 4.5412 4.54682 4.55292 4.5595 4.56656 4.57409 4.58208 4.59053 4.5994 4.60867 4.61833 4.62834 4.63865 4.64924 4.66005 4.67104 4.68215 4.69334 4.70454 4.7157 4.72675 4.73763 4.74829 4.75865 4.76867 4.77828 4.78742 4.79605 4.8041 4.81152 4.81829 4.82434 4.82965 4.83418 4.83791 4.84081 4.84287 4.84407 4.8444 4.84387 4.84248 4.84023 4.83714 4.83324 4.82854 4.82307 4.81687 4.80998 4.80244 4.79429 4.7856 4.7764 4.76676 4.75674 4.74639 4.73578 4.72497 4.71401 4.70298 4.69193 4.68092 4.67 4.65923 4.64866 4.63833 4.62829 4.61858 4.60922 4.60026 4.59171 4.5836 4.57593 4.56874 4.56201 4.55576 4.55 4.54471 4.53989 4.53555 4.53167 4.52824 4.52526 4.52271 4.5206 4.5189 4.51763 4.51676 4.5163 
4.51079 4.51115 4.51194 4.51318 4.51486 4.51698 4.51957 4.52262 4.52614 4.53015 4.53465 4.53965 4.54516 4.55117 4.5577 4.56475 4.5723 4.58036 4.5889 4.59792 4.60739 4.61729 4.62759 4.63825 4.64924 4.66051 4.67201 4.68369 4.6955 4.70738 4.71926 4.7311 4.74281 4.75434 4.76562 4.77659 4.78719 4.79735 4.80701 4.81612 4.82462 4.83246 4.83959 4.84597 4.85157 4.85635 4.86028 4.86333 4.8655 4.86676 4.86711 4.86655 4.86508 4.86271 4.85945 4.85533 4.85036 4.84459 4.83805 4.83077 4.8228 4.81419 4.805 4.79527 4.78507 4.77446 4.7635 4.75225 4.74078 4.72916 4.71745 4.70571 4.69401 4.6824 4.67094 4.65969 4.64869 4.63799 4.62763 4.61765 4.60807 4.59894 4.59026 4.58206 4.57436 4.56715 4.56046 4.55427 4.54859 4.54342 4.53875 4.53457 4.53088 4.52767 4.52493 4.52265 4.52082 4.51943 4.51849 4.51798 
4.51251 4.51289 4.51373 4.51505 4.51684 4.51911 4.52187 4.52513 4.5289 4.53319 4.538 4.54334 4.54922 4.55565 4.56262 4.57014 4.5782 4.58678 4.59589 4.60549 4.61557 4.6261 4.63705 4.64838 4.66005 4.67201 4.68421 4.69659 4.7091 4.72167 4.73425 4.74676 4.75914 4.77132 4.78323 4.7948 4.80598 4.81668 4.82686 4.83645 4.8454 4.85365 4.86115 4.86787 4.87375 4.87877 4.8829 4.88611 4.88838 4.88971 4.89007 4.88948 4.88793 4.88544 4.88201 4.87767 4.87245 4.86638 4.85949 4.85182 4.84343 4.83436 4.82467 4.81441 4.80365 4.79244 4.78087 4.76899 4.75687 4.74458 4.73218 4.71975 4.70735 4.69505 4.68289 4.67095 4.65927 4.64789 4.63688 4.62626 4.61607 4.60633 4.59709 4.58834 4.58012 4.57243 4.56527 4.55866 4.55258 4.54705 4.54204 4.53757 4.53361 4.53016 4.52721 4.52476 4.52279 4.5213 4.52028 4.51972 
4.51428 4.51467 4.51557 4.51697 4.51887 4.52129 4.52424 4.52771 4.53173 4.5363 4.54143 4.54712 4.55339 4.56023 4.56765 4.57565 4.58422 4.59334 4.60302 4.61321 4.62391 4.63508 4.64669 4.65869 4.67104 4.68369 4.69659 4.70968 4.72289 4.73616 4.74943 4.76262 4.77566 4.78848 4.80102 4.8132 4.82495 4.8362 4.84689 4.85696 4.86635 4.87501 4.88288 4.88992 4.89609 4.90135 4.90567 4.90903 4.91141 4.9128 4.91318 4.91256 4.91093 4.90831 4.90472 4.90017 4.89469 4.88832 4.88109 4.87304 4.86423 4.8547 4.84451 4.83373 4.82241 4.81062 4.79843 4.78592 4.77314 4.76018 4.7471 4.73398 4.72088 4.70787 4.69502 4.68238 4.67001 4.65797 4.64629 4.63502 4.62421 4.61387 4.60405 4.59475 4.586 4.57781 4.57019 4.56314 4.55666 4.55076 4.54541 4.54063 4.5364 4.53271 4.52956 4.52693 4.52481 4.52321 4.52211 4.52151 
4.51609 4.5165 4.51745 4.51893 4.52096 4.52353 4.52666 4.53035 4.53462 4.53948 4.54492 4.55097 4.55763 4.5649 4.57277 4.58125 4.59034 4.60001 4.61025 4.62105 4.63237 4.64418 4.65644 4.66912 4.68215 4.6955 4.7091 4.72289 4.7368 4.75077 4.76472 4.77859 4.79229 4.80576 4.81891 4.83169 4.844 4.8558 4.867 4.87754 4.88737 4.89642 4.90465 4.91201 4.91846 4.92396 4.92848 4.93199 4.93448 4.93592 4.93632 4.93567 4.93397 4.93123 4.92747 4.92272 4.91699 4.91032 4.90275 4.89433 4.8851 4.87512 4.86445 4.85314 4.84127 4.8289 4.8161 4.80295 4.78953 4.7759 4.76214 4.74833 4.73453 4.72083 4.70727 4.69394 4.68088 4.66816 4.65581 4.6439 4.63246 4.62152 4.61111 4.60125 4.59197 4.58328 4.57519 4.5677 4.56082 4.55453 4.54885 4.54375 4.53925 4.53531 4.53195 4.52914 4.52688 4.52517 4.52399 4.52334 
4.51793 4.51836 4.51936 4.52093 4.52308 4.5258 4.52912 4.53303 4.53756 4.5427 4.54848 4.55488 4.56193 4.56962 4.57795 4.58693 4.59653 4.60675 4.61756 4.62896 4.6409 4.65335 4.66627 4.67962 4.69334 4.70738 4.72167 4.73616 4.75077 4.76543 4.78006 4.79459 4.80895 4.82305 4.83682 4.85018 4.86306 4.87538 4.88708 4.89809 4.90834 4.91779 4.92638 4.93405 4.94077 4.9465 4.95121 4.95487 4.95746 4.95896 4.95938 4.9587 4.95692 4.95407 4.95015 4.9452 4.93922 4.93227 4.92437 4.91558 4.90595 4.89552 4.88437 4.87255 4.86013 4.84719 4.83379 4.82002 4.80595 4.79166 4.77723 4.76273 4.74824 4.73384 4.71959 4.70556 4.69182 4.67842 4.66541 4.65285 4.64078 4.62923 4.61823 4.60782 4.59801 4.58882 4.58025 4.57232 4.56502 4.55836 4.55233 4.54692 4.54213 4.53796 4.53438 4.53139 4.52898 4.52715 4.5259 4.5252 
4.5198 4.52025 4.5213 4.52296 4.52522 4.5281 4.53161 4.53575 4.54053 4.54596 4.55206 4.55883 4.56627 4.57438 4.58318 4.59264 4.60276 4.61352 4.62491 4.6369 4.64946 4.66255 4.67612 4.69014 4.70454 4.71926 4.73425 4.74943 4.76472 4.78006 4.79537 4.81056 4.82555 4.84028 4.85465 4.86858 4.88201 4.89485 4.90704 4.9185 4.92918 4.93901 4.94794 4.95592 4.96291 4.96886 4.97376 4.97756 4.98025 4.98181 4.98224 4.98153 4.97969 4.97672 4.97265 4.9675 4.96128 4.95405 4.94584 4.93669 4.92665 4.9158 4.90417 4.89185 4.8789 4.86539 4.85141 4.83703 4.82232 4.80738 4.79229 4.77711 4.76194 4.74685 4.73191 4.71719 4.70277 4.68869 4.67503 4.66182 4.64912 4.63697 4.62539 4.61442 4.60408 4.59438 4.58534 4.57696 4.56926 4.56222 4.55584 4.55012 4.54505 4.54062 4.53683 4.53366 4.53111 4.52917 4.52783 4.52709 
4.52168 4.52215 4.52326 4.525 4.52739 4.53042 4.53411 4.53847 4.54351 4.54924 4.55566 4.56279 4.57062 4.57916 4.58841 4.59835 4.60899 4.6203 4.63225 4.64484 4.65801 4.67173 4.68595 4.70063 4.7157 4.7311 4.74676 4.76262 4.77859 4.79459 4.81056 4.82639 4.84202 4.85735 4.87231 4.8868 4.90077 4.91411 4.92677 4.93868 4.94976 4.95996 4.96923 4.97751 4.98475 4.99093 4.996 4.99994 5.00273 5.00435 5.00479 5.00406 5.00215 4.99908 4.99486 4.98951 4.98307 4.97556 4.96704 4.95754 4.94712 4.93584 4.92376 4.91095 4.89748 4.88343 4.86887 4.85389 4.83857 4.82299 4.80724 4.7914 4.77555 4.75978 4.74416 4.72877 4.71367 4.69894 4.68462 4.67078 4.65746 4.6447 4.63254 4.62102 4.61015 4.59995 4.59044 4.58162 4.5735 4.56608 4.55936 4.55333 4.54798 4.54331 4.5393 4.53595 4.53325 4.5312 4.52978 4.52899 
4.52357 4.52406 4.52522 4.52705 4.52955 4.53274 4.53662 4.5412 4.5465 4.55251 4.55926 4.56674 4.57496 4.58392 4.59362 4.60405 4.61519 4.62703 4.63955 4.65272 4.66649 4.68084 4.6957 4.71102 4.72675 4.74281 4.75914 4.77566 4.79229 4.80895 4.82555 4.84202 4.85826 4.87418 4.88971 4.90475 4.91923 4.93306 4.94618 4.95852 4.96999 4.98055 4.99014 4.9987 5.0062 5.01259 5.01783 5.0219 5.02478 5.02646 5.02692 5.02616 5.02419 5.02101 5.01665 5.01112 5.00446 4.99669 4.98787 4.97804 4.96725 4.95556 4.94304 4.92976 4.91578 4.9012 4.88608 4.87052 4.85459 4.83839 4.822 4.80551 4.78901 4.77258 4.75629 4.74024 4.72448 4.70909 4.69413 4.67966 4.66573 4.65238 4.63965 4.62758 4.61618 4.60549 4.59551 4.58626 4.57773 4.56994 4.56287 4.55653 4.5509 4.54599 4.54177 4.53824 4.53539 4.53323 4.53173 4.53089 
4.52545 4.52596 4.52717 4.52908 4.53171 4.53505 4.53912 4.54392 4.54947 4.55577 4.56283 4.57066 4.57927 4.58864 4.59878 4.60968 4.62133 4.6337 4.64677 4.66051 4.67487 4.68982 4.70531 4.72126 4.73763 4.75434 4.77132 4.78848 4.80576 4.82305 4.84028 4.85735 4.87418 4.89068 4.90675 4.92232 4.9373 4.95161 4.96517 4.97791 4.98977 5.00067 5.01057 5.01941 5.02714 5.03373 5.03914 5.04334 5.04631 5.04804 5.04852 5.04774 5.0457 5.04243 5.03793 5.03223 5.02535 5.01734 5.00823 4.99807 4.98693 4.97485 4.96191 4.94817 4.93371 4.91861 4.90295 4.88682 4.87031 4.85351 4.8365 4.81938 4.80224 4.78516 4.76823 4.75152 4.73512 4.71909 4.70351 4.68842 4.67389 4.65996 4.64667 4.63406 4.62215 4.61097 4.60054 4.59085 4.58193 4.57376 4.56636 4.55971 4.55381 4.54865 4.54422 4.54052 4.53753 4.53525 4.53367 4.53279 
4.52731 4.52784 4.5291 4.5311 4.53384 4.53733 4.54158 4.5466 4.5524 4.55898 4.56635 4.57453 4.58351 4.59329 4.60387 4.61523 4.62736 4.64025 4.65386 4.66815 4.68309 4.69864 4.71472 4.7313 4.74829 4.76562 4.78323 4.80102 4.81891 4.83682 4.85465 4.87231 4.88971 4.90675 4.92336 4.93943 4.95489 4.96965 4.98363 4.99677 5.00898 5.02021 5.03041 5.03951 5.04747 5.05425 5.05982 5.06414 5.0672 5.06898 5.06947 5.06867 5.06658 5.06321 5.05858 5.05271 5.04564 5.03739 5.02801 5.01755 5.00606 4.99361 4.98026 4.96608 4.95116 4.93556 4.91939 4.90272 4.88565 4.86826 4.85066 4.83293 4.81517 4.79747 4.7799 4.76257 4.74554 4.72889 4.7127 4.69701 4.6819 4.6674 4.65357 4.64043 4.62802 4.61637 4.60548 4.59537 4.58606 4.57753 4.56979 4.56284 4.55667 4.55128 4.54664 4.54277 4.53964 4.53725 4.53559 4.53467 
4.52914 4.52969 4.531 4.53309 4.53594 4.53958 4.54401 4.54924 4.55527 4.56213 4.56981 4.57832 4.58766 4.59784 4.60884 4.62065 4.63326 4.64665 4.66077 4.67561 4.69111 4.70722 4.7239 4.74106 4.75865 4.77659 4.7948 4.8132 4.83169 4.85018 4.86858 4.8868 4.90475 4.92232 4.93943 4.95599 4.9719 4.98709 5.00148 5.01498 5.02754 5.03909 5.04956 5.05891 5.06708 5.07405 5.07976 5.0842 5.08735 5.08917 5.08968 5.08886 5.08672 5.08326 5.07851 5.07249 5.06522 5.05675 5.04711 5.03636 5.02455 5.01174 4.99801 4.98341 4.96805 4.95198 4.93531 4.91812 4.90051 4.88257 4.8644 4.84608 4.82773 4.80942 4.79125 4.77331 4.75568 4.73844 4.72165 4.70538 4.6897 4.67466 4.66029 4.64665 4.63375 4.62164 4.61031 4.5998 4.5901 4.58122 4.57316 4.56592 4.55948 4.55386 4.54902 4.54498 4.54171 4.53921 4.53748 4.53651 
4.53093 4.5315 4.53286 4.53502 4.53799 4.54177 4.54637 4.5518 4.55808 4.5652 4.57317 4.58201 4.59171 4.60226 4.61367 4.62592 4.63898 4.65285 4.66748 4.68283 4.69887 4.71553 4.73277 4.7505 4.76867 4.78719 4.80598 4.82495 4.844 4.86306 4.88201 4.90077 4.91923 4.9373 4.95489 4.9719 4.98825 5.00384 5.01861 5.03247 5.04535 5.05719 5.06793 5.07751 5.08589 5.09302 5.09888 5.10343 5.10665 5.10853 5.10905 5.10821 5.10602 5.10248 5.09761 5.09144 5.084 5.07532 5.06544 5.05441 5.0423 5.02915 5.01505 5.00007 4.98428 4.96777 4.95063 4.93295 4.91483 4.89636 4.87764 4.85877 4.83984 4.82096 4.80221 4.78369 4.76548 4.74766 4.73031 4.71349 4.69726 4.68169 4.66681 4.65268 4.63931 4.62675 4.615 4.60409 4.59403 4.58481 4.57643 4.56891 4.56222 4.55637 4.55134 4.54713 4.54373 4.54113 4.53933 4.53832 
4.53266 4.53325 4.53466 4.5369 4.53998 4.54389 4.54866 4.55429 4.56079 4.56816 4.57642 4.58557 4.59561 4.60653 4.61833 4.63099 4.6445 4.65882 4.67393 4.68978 4.70633 4.72352 4.74129 4.75957 4.77828 4.79735 4.81668 4.8362 4.8558 4.87538 4.89485 4.91411 4.93306 4.95161 4.96965 4.98709 5.00384 5.01982 5.03495 5.04914 5.06232 5.07444 5.08542 5.09522 5.10379 5.11109 5.11708 5.12173 5.12502 5.12694 5.12748 5.12662 5.12438 5.12077 5.1158 5.10949 5.10188 5.093 5.0829 5.07162 5.05922 5.04576 5.03132 5.01596 4.99978 4.98285 4.96527 4.94712 4.92851 4.90954 4.89031 4.87091 4.85144 4.83201 4.81272 4.79364 4.77488 4.75652 4.73862 4.72127 4.70453 4.68845 4.67309 4.65848 4.64467 4.63168 4.61953 4.60824 4.59781 4.58827 4.5796 4.5718 4.56487 4.5588 4.55359 4.54922 4.54569 4.54299 4.54112 4.54006 
4.53433 4.53494 4.53639 4.53871 4.54189 4.54593 4.55086 4.55667 4.56339 4.57101 4.57953 4.58898 4.59934 4.61061 4.62278 4.63584 4.64976 4.66452 4.68008 4.69641 4.71344 4.73113 4.7494 4.76819 4.78742 4.80701 4.82686 4.84689 4.867 4.88708 4.90704 4.92677 4.94618 4.96517 4.98363 5.00148 5.01861 5.03495 5.0504 5.0649 5.07837 5.09074 5.10196 5.11196 5.12071 5.12815 5.13426 5.13901 5.14237 5.14433 5.14488 5.14401 5.14173 5.13805 5.13298 5.12655 5.11878 5.10972 5.09941 5.08789 5.07522 5.06147 5.04671 5.03101 5.01446 4.99714 4.97914 4.96056 4.9415 4.92205 4.90233 4.88244 4.86247 4.84252 4.82271 4.80311 4.78383 4.76495 4.74654 4.72869 4.71145 4.6949 4.67907 4.66402 4.64978 4.63638 4.62385 4.6122 4.60144 4.59158 4.58262 4.57457 4.5674 4.56113 4.55574 4.55122 4.54757 4.54477 4.54283 4.54174 
4.53592 4.53654 4.53804 4.54043 4.5437 4.54787 4.55295 4.55894 4.56586 4.57371 4.58249 4.59221 4.60288 4.61448 4.627 4.64043 4.65474 4.66991 4.68591 4.70267 4.72016 4.73831 4.75706 4.77633 4.79605 4.81612 4.83645 4.85696 4.87754 4.89809 4.9185 4.93868 4.95852 4.97791 4.99677 5.01498 5.03247 5.04914 5.0649 5.07968 5.09341 5.10602 5.11745 5.12764 5.13655 5.14414 5.15036 5.1552 5.15862 5.16062 5.16118 5.1603 5.15798 5.15423 5.14907 5.14253 5.13462 5.12539 5.11488 5.10314 5.09023 5.07621 5.06116 5.04514 5.02824 5.01056 4.99217 4.97319 4.95371 4.93382 4.91365 4.89329 4.87285 4.85242 4.83212 4.81204 4.79227 4.7729 4.75402 4.73569 4.718 4.70099 4.68473 4.66926 4.65462 4.64084 4.62794 4.61595 4.60488 4.59472 4.5855 4.57719 4.56981 4.56335 4.55779 4.55313 4.54936 4.54647 4.54447 4.54335 
4.53742 4.53806 4.5396 4.54205 4.54541 4.5497 4.55492 4.56108 4.56818 4.57625 4.58527 4.59525 4.6062 4.61811 4.63096 4.64473 4.65941 4.67497 4.69135 4.70853 4.72644 4.74503 4.76422 4.78393 4.8041 4.82462 4.8454 4.86635 4.88737 4.90834 4.92918 4.94976 4.96999 4.98977 5.00898 5.02754 5.04535 5.06232 5.07837 5.09341 5.10738 5.12021 5.13183 5.14219 5.15125 5.15896 5.16529 5.17021 5.17369 5.17572 5.17629 5.1754 5.17305 5.16924 5.164 5.15735 5.14932 5.13993 5.12925 5.11731 5.10418 5.08991 5.07458 5.05827 5.04106 5.02304 5.0043 4.98495 4.96507 4.94479 4.9242 4.90341 4.88252 4.86166 4.8409 4.82037 4.80015 4.78033 4.761 4.74224 4.72412 4.70669 4.69003 4.67417 4.65915 4.64501 4.63178 4.61947 4.6081 4.59767 4.5882 4.57966 4.57208 4.56543 4.55971 4.55492 4.55104 4.54808 4.54602 4.54486 
4.53881 4.53947 4.54105 4.54356 4.54701 4.5514 4.55675 4.56306 4.57034 4.5786 4.58785 4.59807 4.60929 4.62147 4.63462 4.64872 4.66374 4.67964 4.69639 4.71395 4.73225 4.75123 4.77082 4.79095 4.81152 4.83246 4.85365 4.87501 4.89642 4.91779 4.93901 4.95996 4.98055 5.00067 5.02021 5.03909 5.05719 5.07444 5.09074 5.10602 5.12021 5.13323 5.14503 5.15555 5.16474 5.17257 5.17899 5.18398 5.18752 5.18958 5.19016 5.18926 5.18688 5.18302 5.17771 5.17096 5.16281 5.15329 5.14244 5.13032 5.11698 5.10249 5.08692 5.07034 5.05285 5.03452 5.01546 4.99576 4.97554 4.95488 4.93391 4.91273 4.89144 4.87017 4.84901 4.82806 4.80742 4.78719 4.76746 4.74829 4.72977 4.71197 4.69493 4.67871 4.66335 4.64888 4.63534 4.62274 4.61109 4.60041 4.5907 4.58196 4.57418 4.56737 4.5615 4.55659 4.55261 4.54957 4.54745 4.54626 
4.5401 4.54077 4.54238 4.54495 4.54847 4.55297 4.55843 4.56488 4.57233 4.58077 4.59021 4.60066 4.61211 4.62455 4.63797 4.65236 4.66768 4.68391 4.70099 4.71889 4.73754 4.75689 4.77684 4.79734 4.81829 4.83959 4.86115 4.88288 4.90465 4.92638 4.94794 4.96923 4.99014 5.01057 5.03041 5.04956 5.06793 5.08542 5.10196 5.11745 5.13183 5.14503 5.15699 5.16765 5.17696 5.18489 5.1914 5.19645 5.20003 5.20212 5.20272 5.20181 5.1994 5.19549 5.19011 5.18328 5.17503 5.16538 5.15439 5.14211 5.12859 5.1139 5.09811 5.08129 5.06354 5.04494 5.02559 5.00559 4.98504 4.96405 4.94273 4.9212 4.89956 4.87791 4.85638 4.83506 4.81405 4.79344 4.77334 4.75381 4.73493 4.71677 4.6994 4.68285 4.66718 4.65241 4.63859 4.62572 4.61383 4.60292 4.59299 4.58406 4.57611 4.56914 4.56315 4.55812 4.55405 4.55094 4.54878 4.54756 
4.54126 4.54194 4.54359 4.5462 4.5498 4.55438 4.55995 4.56653 4.57411 4.58271 4.59234 4.60298 4.61464 4.62732 4.64099 4.65563 4.67123 4.68774 4.70512 4.72332 4.74229 4.76195 4.78224 4.80306 4.82434 4.84597 4.86787 4.88992 4.91201 4.93405 4.95592 4.97751 4.9987 5.01941 5.03951 5.05891 5.07751 5.09522 5.11196 5.12764 5.14219 5.15555 5.16765 5.17843 5.18785 5.19587 5.20245 5.20756 5.21119 5.21331 5.21391 5.21299 5.21055 5.20661 5.20117 5.19427 5.18592 5.17617 5.16505 5.15263 5.13895 5.12408 5.10809 5.09106 5.07308 5.05424 5.03463 5.01436 4.99353 4.97225 4.95062 4.92878 4.90681 4.88484 4.86297 4.84132 4.81998 4.79904 4.7786 4.75875 4.73955 4.72109 4.70341 4.68657 4.67062 4.65559 4.64151 4.6284 4.61629 4.60517 4.59506 4.58595 4.57785 4.57074 4.56463 4.55951 4.55536 4.55218 4.54997 4.54873 
4.54229 4.54298 4.54465 4.54732 4.55097 4.55563 4.5613 4.56798 4.57569 4.58444 4.59422 4.60503 4.61688 4.62976 4.64364 4.65851 4.67435 4.69111 4.70875 4.72722 4.74646 4.7664 4.78697 4.80808 4.82965 4.85157 4.87375 4.89609 4.91846 4.94077 4.96291 4.98475 5.0062 5.02714 5.04747 5.06708 5.08589 5.10379 5.12071 5.13655 5.15125 5.16474 5.17696 5.18785 5.19737 5.20546 5.21211 5.21727 5.22093 5.22307 5.22368 5.22276 5.2203 5.21632 5.21084 5.20387 5.19544 5.18559 5.17437 5.16182 5.148 5.13297 5.11682 5.09961 5.08143 5.06238 5.04255 5.02204 5.00096 4.97942 4.95753 4.93541 4.91317 4.89091 4.86876 4.84681 4.82518 4.80395 4.78323 4.76309 4.74362 4.72488 4.70693 4.68984 4.67364 4.65838 4.64408 4.63077 4.61846 4.60716 4.59688 4.58762 4.57939 4.57216 4.56594 4.56073 4.55651 4.55328 4.55103 4.54976 
4.54318 4.54388 4.54558 4.54828 4.55198 4.55671 4.56245 4.56923 4.57705 4.58592 4.59583 4.60679 4.6188 4.63185 4.64592 4.66098 4.67702 4.69399 4.71185 4.73055 4.75003 4.77021 4.79102 4.81237 4.83418 4.85635 4.87877 4.90135 4.92396 4.9465 4.96886 4.99093 5.01259 5.03373 5.05425 5.07405 5.09302 5.11109 5.12815 5.14414 5.15896 5.17257 5.18489 5.19587 5.20546 5.21363 5.22033 5.22553 5.22922 5.23138 5.232 5.23107 5.2286 5.22459 5.21906 5.21203 5.20354 5.19361 5.1823 5.16964 5.1557 5.14055 5.12425 5.10689 5.08854 5.06931 5.04929 5.02858 5.00729 4.98554 4.96342 4.94107 4.91859 4.89609 4.87369 4.8515 4.82962 4.80815 4.78718 4.7668 4.74709 4.72812 4.70995 4.69264 4.67623 4.66077 4.64628 4.63279 4.62032 4.60887 4.59845 4.58906 4.58071 4.57338 4.56708 4.56179 4.55751 4.55423 4.55195 4.55066 
4.54392 4.54463 4.54635 4.54908 4.55283 4.5576 4.56342 4.57027 4.57818 4.58714 4.59717 4.60825 4.62039 4.63358 4.6478 4.66302 4.67923 4.69637 4.71441 4.7333 4.75296 4.77334 4.79435 4.8159 4.83791 4.86028 4.8829 4.90567 4.92848 4.95121 4.97376 4.996 5.01783 5.03914 5.05982 5.07976 5.09888 5.11708 5.13426 5.15036 5.16529 5.17899 5.1914 5.20245 5.21211 5.22033 5.22707 5.23231 5.23603 5.2382 5.23883 5.23789 5.2354 5.23137 5.22581 5.21874 5.21019 5.2002 5.1888 5.17606 5.16203 5.14677 5.13035 5.11286 5.09438 5.075 5.05482 5.03395 5.01249 4.99056 4.96826 4.94572 4.92304 4.90035 4.87775 4.85535 4.83327 4.8116 4.79043 4.76985 4.74995 4.73079 4.71244 4.69495 4.67837 4.66275 4.6481 4.63447 4.62186 4.61028 4.59974 4.59025 4.5818 4.57439 4.56802 4.56267 4.55833 4.55502 4.55271 4.55141 
4.54451 4.54523 4.54696 4.54971 4.5535 4.55831 4.56418 4.57109 4.57907 4.58811 4.59822 4.6094 4.62164 4.63494 4.64927 4.66462 4.68095 4.69823 4.71641 4.73544 4.75525 4.77578 4.79694 4.81865 4.84081 4.86333 4.88611 4.90903 4.93199 4.95487 4.97756 4.99994 5.0219 5.04334 5.06414 5.0842 5.10343 5.12173 5.13901 5.1552 5.17021 5.18398 5.19645 5.20756 5.21727 5.22553 5.23231 5.23758 5.24132 5.2435 5.24413 5.24319 5.24069 5.23664 5.23105 5.22395 5.21535 5.20531 5.19386 5.18105 5.16694 5.1516 5.13509 5.1175 5.09891 5.07942 5.05912 5.03812 5.01653 4.99446 4.97202 4.94933 4.9265 4.90365 4.8809 4.85835 4.83611 4.81428 4.79296 4.77223 4.75218 4.73287 4.71438 4.69675 4.68004 4.66429 4.64953 4.63578 4.62306 4.61139 4.60076 4.59119 4.58267 4.57519 4.56876 4.56336 4.55899 4.55564 4.55332 4.552 
4.54494 4.54566 4.54741 4.55018 4.55398 4.55883 4.56473 4.57169 4.57971 4.58881 4.59898 4.61022 4.62254 4.63591 4.65032 4.66576 4.68218 4.69955 4.71783 4.73696 4.75688 4.77751 4.79878 4.82059 4.84287 4.8655 4.88838 4.91141 4.93448 4.95746 4.98025 5.00273 5.02478 5.04631 5.0672 5.08735 5.10665 5.12502 5.14237 5.15862 5.17369 5.18752 5.20003 5.21119 5.22093 5.22922 5.23603 5.24132 5.24507 5.24726 5.24789 5.24695 5.24444 5.24038 5.23477 5.22764 5.21902 5.20893 5.19744 5.18458 5.17042 5.15501 5.13844 5.12078 5.10212 5.08254 5.06216 5.04107 5.01939 4.99722 4.97468 4.95188 4.92895 4.906 4.88313 4.86047 4.83812 4.81619 4.79475 4.77392 4.75376 4.73435 4.71576 4.69804 4.68124 4.6654 4.65055 4.63672 4.62393 4.61219 4.6015 4.59187 4.58329 4.57577 4.5693 4.56387 4.55947 4.5561 4.55376 4.55244 
4.54522 4.54594 4.54769 4.55047 4.55429 4.55915 4.56507 4.57206 4.58011 4.58923 4.59944 4.61072 4.62307 4.63649 4.65095 4.66643 4.68291 4.70034 4.71867 4.73786 4.75783 4.77852 4.79985 4.82173 4.84407 4.86676 4.88971 4.9128 4.93592 4.95896 4.98181 5.00435 5.02646 5.04804 5.06898 5.08917 5.10853 5.12694 5.14433 5.16062 5.17572 5.18958 5.20212 5.21331 5.22307 5.23138 5.2382 5.2435 5.24726 5.24946 5.25009 5.24915 5.24664 5.24256 5.23694 5.2298 5.22115 5.21105 5.19953 5.18664 5.17244 5.157 5.14039 5.12269 5.10398 5.08436 5.06393 5.04279 5.02105 4.99882 4.97622 4.95337 4.93037 4.90736 4.88443 4.86171 4.8393 4.8173 4.7958 4.7749 4.75469 4.73522 4.71657 4.69879 4.68194 4.66605 4.65116 4.63728 4.62445 4.61267 4.60194 4.59228 4.58368 4.57613 4.56963 4.56418 4.55977 4.55639 4.55404 4.55271 
