3.67035 3.67056 3.67078 3.67103 3.6713 3.67159 3.67191 3.67224 3.6726 3.67299 3.67341 3.67385 3.67433 3.67485 3.67541 3.67601 3.67665 3.67734 3.67809 3.67889 3.67974 3.68065 3.68162 3.68264 3.68372 3.68486 3.68604 3.68728 3.68856 3.68987 3.69122 3.6926 3.69399 3.69539 3.69679 3.69819 3.69956 3.70089 3.70219 3.70343 3.70462 3.70572 3.70675 3.70768 3.7085 3.70922 3.70983 3.71031 3.71067 3.71089 3.71099 3.71095 3.71078 3.71048 3.71005 3.70951 3.70884 3.70807 3.70719 3.70622 3.70516 3.70403 3.70284 3.70159 3.70029 3.69897 3.69762 3.69626 3.69491 3.69356 3.69223 3.69092 3.68965 3.68842 3.68724 3.68612 3.68505 3.68404 3.6831 3.68222 3.68141 3.68068 3.68001 3.67941 3.67887 3.67841 3.678 3.67766 3.67738 3.67715 3.67697 3.67684 3.67676 3.67672 3.67672 3.67676 3.67683 3.67693 3.67706 3.67722 
3.67056 3.67076 3.67099 3.67124 3.67151 3.6718 3.67211 3.67245 3.67281 3.6732 3.67362 3.67407 3.67455 3.67507 3.67563 3.67623 3.67688 3.67758 3.67834 3.67914 3.68 3.68092 3.6819 3.68294 3.68403 3.68518 3.68638 3.68763 3.68892 3.69026 3.69163 3.69302 3.69443 3.69585 3.69727 3.69868 3.70007 3.70143 3.70275 3.70401 3.7052 3.70633 3.70736 3.70831 3.70915 3.70988 3.71049 3.71098 3.71134 3.71157 3.71166 3.71162 3.71145 3.71115 3.71071 3.71016 3.70948 3.7087 3.70781 3.70682 3.70575 3.7046 3.70339 3.70212 3.70081 3.69947 3.6981 3.69673 3.69535 3.69398 3.69263 3.69131 3.69002 3.68878 3.68758 3.68644 3.68536 3.68434 3.68339 3.6825 3.68168 3.68094 3.68026 3.67965 3.67911 3.67864 3.67823 3.67788 3.67759 3.67736 3.67718 3.67705 3.67697 3.67693 3.67693 3.67697 3.67704 3.67714 3.67727 3.67743 
3.67078 3.67099 3.67122 3.67147 3.67174 3.67204 3.67235 3.6727 3.67307 3.67346 3.67389 3.67435 3.67485 3.67538 3.67596 3.67658 3.67726 3.67798 3.67876 3.6796 3.68049 3.68144 3.68246 3.68353 3.68467 3.68586 3.68711 3.68841 3.68975 3.69114 3.69256 3.69401 3.69548 3.69695 3.69843 3.69989 3.70133 3.70274 3.70411 3.70542 3.70666 3.70782 3.7089 3.70988 3.71075 3.7115 3.71214 3.71264 3.71302 3.71325 3.71335 3.71331 3.71313 3.71281 3.71236 3.71178 3.71108 3.71026 3.70934 3.70832 3.7072 3.70601 3.70475 3.70343 3.70207 3.70068 3.69926 3.69783 3.6964 3.69497 3.69357 3.6922 3.69086 3.68957 3.68832 3.68713 3.68601 3.68495 3.68395 3.68303 3.68218 3.6814 3.68069 3.68006 3.6795 3.679 3.67857 3.67821 3.6779 3.67766 3.67746 3.67732 3.67723 3.67718 3.67718 3.67721 3.67727 3.67737 3.6775 3.67765 
3.67103 3.67124 3.67147 3.67172 3.672 3.6723 3.67263 3.67298 3.67337 3.67378 3.67423 3.67471 3.67523 3.67579 3.6764 3.67706 3.67777 3.67854 3.67937 3.68025 3.6812 3.68222 3.68329 3.68444 3.68564 3.68691 3.68824 3.68962 3.69105 3.69253 3.69404 3.69557 3.69713 3.6987 3.70027 3.70182 3.70335 3.70484 3.70629 3.70768 3.70899 3.71022 3.71136 3.7124 3.71332 3.71412 3.71479 3.71532 3.71571 3.71596 3.71606 3.71602 3.71582 3.71549 3.71501 3.71439 3.71365 3.71278 3.7118 3.71071 3.70953 3.70826 3.70693 3.70553 3.70408 3.7026 3.70109 3.69957 3.69805 3.69654 3.69505 3.69359 3.69216 3.69079 3.68946 3.6882 3.687 3.68586 3.6848 3.68382 3.68291 3.68207 3.68132 3.68063 3.68003 3.67949 3.67903 3.67863 3.6783 3.67803 3.67781 3.67765 3.67754 3.67748 3.67746 3.67748 3.67754 3.67763 3.67775 3.6779 
3.6713 3.67151 3.67174 3.672 3.67229 3.6726 3.67294 3.67331 3.67371 3.67415 3.67462 3.67514 3.6757 3.6763 3.67696 3.67767 3.67843 3.67926 3.68016 3.68112 3.68215 3.68325 3.68442 3.68566 3.68696 3.68834 3.68978 3.69128 3.69283 3.69443 3.69606 3.69773 3.69941 3.70111 3.7028 3.70448 3.70613 3.70774 3.70931 3.7108 3.71222 3.71355 3.71477 3.71589 3.71688 3.71774 3.71846 3.71903 3.71945 3.71971 3.71982 3.71976 3.71955 3.71919 3.71867 3.718 3.7172 3.71626 3.71519 3.71402 3.71274 3.71137 3.70993 3.70842 3.70685 3.70525 3.70362 3.70197 3.70033 3.69869 3.69707 3.69549 3.69394 3.69245 3.69101 3.68964 3.68833 3.6871 3.68594 3.68487 3.68387 3.68296 3.68213 3.68138 3.68071 3.68012 3.6796 3.67916 3.67879 3.67848 3.67823 3.67804 3.67791 3.67782 3.67778 3.67779 3.67783 3.67791 3.67803 3.67818 
3.67159 3.6718 3.67204 3.6723 3.6726 3.67293 3.67329 3.67368 3.67411 3.67458 3.67509 3.67564 3.67625 3.67691 3.67763 3.6784 3.67925 3.68016 3.68114 3.6822 3.68333 3.68454 3.68583 3.6872 3.68864 3.69016 3.69174 3.69339 3.6951 3.69686 3.69865 3.70048 3.70233 3.70419 3.70605 3.70789 3.7097 3.71147 3.71318 3.71481 3.71636 3.71781 3.71915 3.72037 3.72145 3.72238 3.72316 3.72378 3.72424 3.72452 3.72464 3.72457 3.72434 3.72394 3.72336 3.72263 3.72175 3.72072 3.71955 3.71827 3.71687 3.71537 3.71378 3.71212 3.71041 3.70865 3.70686 3.70505 3.70324 3.70144 3.69966 3.69792 3.69622 3.69457 3.69298 3.69146 3.69002 3.68866 3.68738 3.68619 3.68508 3.68407 3.68314 3.6823 3.68155 3.68088 3.6803 3.6798 3.67937 3.67901 3.67872 3.67849 3.67832 3.67821 3.67814 3.67813 3.67816 3.67822 3.67833 3.67847 
3.67191 3.67211 3.67235 3.67263 3.67294 3.67329 3.67367 3.67409 3.67455 3.67506 3.67562 3.67623 3.6769 3.67762 3.67842 3.67928 3.68022 3.68123 3.68232 3.6835 3.68477 3.68612 3.68756 3.68908 3.69069 3.69238 3.69414 3.69598 3.69788 3.69983 3.70183 3.70387 3.70592 3.70798 3.71004 3.71208 3.71408 3.71604 3.71793 3.71973 3.72145 3.72305 3.72452 3.72586 3.72705 3.72808 3.72894 3.72962 3.73012 3.73043 3.73055 3.73047 3.73021 3.72976 3.72912 3.72831 3.72733 3.72619 3.7249 3.72347 3.72192 3.72026 3.7185 3.71667 3.71476 3.71281 3.71083 3.70882 3.70681 3.70481 3.70283 3.70089 3.699 3.69716 3.69539 3.6937 3.69208 3.69056 3.68912 3.68778 3.68654 3.6854 3.68435 3.68341 3.68255 3.68179 3.68112 3.68054 3.68004 3.67962 3.67928 3.679 3.67879 3.67864 3.67855 3.6785 3.67851 3.67856 3.67866 3.67879 
3.67224 3.67245 3.6727 3.67298 3.67331 3.67368 3.67409 3.67455 3.67505 3.67561 3.67623 3.6769 3.67764 3.67845 3.67934 3.6803 3.68135 3.68249 3.68372 3.68504 3.68647 3.68799 3.6896 3.69132 3.69312 3.69502 3.697 3.69906 3.70119 3.70338 3.70562 3.7079 3.71019 3.7125 3.7148 3.71707 3.71931 3.72148 3.72358 3.7256 3.7275 3.72928 3.73091 3.7324 3.73372 3.73486 3.73581 3.73656 3.73711 3.73745 3.73757 3.73749 3.73719 3.73668 3.73597 3.73507 3.73397 3.7327 3.73126 3.72967 3.72794 3.72609 3.72413 3.72208 3.71995 3.71777 3.71555 3.71331 3.71106 3.70882 3.70661 3.70443 3.70231 3.70024 3.69825 3.69635 3.69453 3.69281 3.69119 3.68968 3.68827 3.68697 3.68578 3.6847 3.68372 3.68285 3.68208 3.68141 3.68082 3.68033 3.67991 3.67958 3.67932 3.67912 3.67899 3.67892 3.6789 3.67893 3.67901 3.67913 
3.6726 3.67281 3.67307 3.67337 3.67371 3.67411 3.67455 3.67505 3.67561 3.67623 3.67691 3.67766 3.67849 3.6794 3.68039 3.68148 3.68266 3.68395 3.68534 3.68684 3.68844 3.69016 3.69199 3.69392 3.69596 3.69811 3.70034 3.70266 3.70506 3.70753 3.71004 3.7126 3.71518 3.71777 3.72034 3.72289 3.72539 3.72783 3.73018 3.73242 3.73455 3.73653 3.73836 3.74001 3.74148 3.74274 3.7438 3.74463 3.74524 3.74561 3.74575 3.74565 3.74531 3.74474 3.74394 3.74293 3.7417 3.74028 3.73867 3.73688 3.73495 3.73287 3.73068 3.72838 3.726 3.72355 3.72106 3.71854 3.71601 3.7135 3.71101 3.70856 3.70616 3.70384 3.70159 3.69944 3.69738 3.69543 3.69359 3.69187 3.69027 3.68879 3.68743 3.6862 3.68508 3.68407 3.68318 3.68239 3.68171 3.68112 3.68063 3.68023 3.6799 3.67965 3.67948 3.67937 3.67932 3.67932 3.67938 3.6795 
3.67299 3.6732 3.67346 3.67378 3.67415 3.67458 3.67506 3.67561 3.67623 3.67691 3.67767 3.67852 3.67945 3.68047 3.6816 3.68282 3.68416 3.68562 3.68719 3.68889 3.69071 3.69266 3.69473 3.69692 3.69923 3.70165 3.70418 3.7068 3.70951 3.71229 3.71513 3.718 3.72091 3.72381 3.72671 3.72957 3.73237 3.7351 3.73774 3.74025 3.74262 3.74484 3.74688 3.74872 3.75036 3.75177 3.75294 3.75387 3.75454 3.75495 3.7551 3.75498 3.7546 3.75396 3.75306 3.75192 3.75055 3.74895 3.74714 3.74514 3.74297 3.74064 3.73818 3.7356 3.73292 3.73017 3.72737 3.72454 3.7217 3.71886 3.71605 3.71329 3.71059 3.70796 3.70542 3.70298 3.70065 3.69844 3.69635 3.69439 3.69257 3.69088 3.68932 3.6879 3.68661 3.68545 3.68442 3.68351 3.68271 3.68202 3.68144 3.68095 3.68055 3.68024 3.68001 3.67986 3.67977 3.67975 3.67979 3.67989 
3.67341 3.67362 3.67389 3.67423 3.67462 3.67509 3.67562 3.67623 3.67691 3.67767 3.67853 3.67947 3.68052 3.68168 3.68295 3.68434 3.68586 3.68751 3.6893 3.69122 3.69329 3.69549 3.69784 3.70032 3.70294 3.70568 3.70854 3.7115 3.71456 3.71769 3.72089 3.72413 3.7274 3.73067 3.73392 3.73713 3.74028 3.74334 3.74629 3.7491 3.75175 3.75423 3.75651 3.75857 3.76039 3.76196 3.76327 3.7643 3.76504 3.7655 3.76566 3.76552 3.76509 3.76436 3.76336 3.76208 3.76053 3.75874 3.75672 3.75448 3.75204 3.74943 3.74666 3.74376 3.74076 3.73767 3.73452 3.73134 3.72814 3.72494 3.72178 3.71866 3.71561 3.71263 3.70976 3.707 3.70436 3.70185 3.69948 3.69725 3.69517 3.69324 3.69146 3.68983 3.68835 3.68701 3.68582 3.68476 3.68383 3.68302 3.68233 3.68175 3.68127 3.68089 3.6806 3.68039 3.68027 3.68021 3.68023 3.68032 
3.67385 3.67407 3.67435 3.67471 3.67514 3.67564 3.67623 3.6769 3.67766 3.67852 3.67947 3.68054 3.68172 3.68303 3.68447 3.68605 3.68777 3.68964 3.69166 3.69385 3.69619 3.69869 3.70134 3.70416 3.70711 3.71021 3.71344 3.71679 3.72023 3.72377 3.72737 3.73101 3.73468 3.73836 3.74201 3.74561 3.74913 3.75256 3.75586 3.759 3.76197 3.76473 3.76727 3.76957 3.7716 3.77335 3.7748 3.77594 3.77677 3.77727 3.77744 3.77728 3.77679 3.77598 3.77485 3.77342 3.77169 3.76968 3.76741 3.7649 3.76217 3.75925 3.75615 3.7529 3.74953 3.74607 3.74253 3.73895 3.73535 3.73176 3.72819 3.72468 3.72124 3.71788 3.71464 3.71151 3.70852 3.70568 3.70298 3.70045 3.69809 3.69589 3.69386 3.69199 3.6903 3.68876 3.68738 3.68616 3.68507 3.68413 3.68332 3.68263 3.68206 3.6816 3.68124 3.68098 3.6808 3.68071 3.6807 3.68077 
3.67433 3.67455 3.67485 3.67523 3.6757 3.67625 3.6769 3.67764 3.67849 3.67945 3.68052 3.68172 3.68306 3.68454 3.68616 3.68795 3.6899 3.69201 3.69431 3.69678 3.69943 3.70225 3.70526 3.70843 3.71178 3.71527 3.71891 3.72268 3.72656 3.73053 3.73457 3.73867 3.74279 3.7469 3.75099 3.75502 3.75896 3.76278 3.76647 3.76997 3.77328 3.77636 3.77919 3.78174 3.784 3.78594 3.78756 3.78882 3.78974 3.79029 3.79047 3.79029 3.78974 3.78883 3.78756 3.78596 3.78403 3.78179 3.77925 3.77645 3.7734 3.77013 3.76666 3.76303 3.75926 3.75538 3.75142 3.7474 3.74337 3.73933 3.73533 3.73138 3.7275 3.72372 3.72006 3.71654 3.71316 3.70994 3.70689 3.70402 3.70134 3.69884 3.69653 3.6944 3.69246 3.6907 3.68912 3.6877 3.68645 3.68536 3.68441 3.68361 3.68293 3.68238 3.68194 3.68161 3.68138 3.68125 3.68121 3.68126 
3.67485 3.67507 3.67538 3.67579 3.6763 3.67691 3.67762 3.67845 3.6794 3.68047 3.68168 3.68303 3.68454 3.6862 3.68804 3.69006 3.69226 3.69465 3.69724 3.70003 3.70302 3.70621 3.7096 3.71318 3.71694 3.72087 3.72496 3.72919 3.73355 3.738 3.74253 3.74712 3.75172 3.75632 3.76088 3.76538 3.76977 3.77404 3.77813 3.78204 3.78571 3.78913 3.79227 3.79511 3.79761 3.79976 3.80154 3.80294 3.80395 3.80456 3.80475 3.80454 3.80393 3.80291 3.8015 3.79972 3.79757 3.79507 3.79225 3.78913 3.78573 3.78208 3.77822 3.77417 3.76996 3.76563 3.7612 3.75672 3.7522 3.74768 3.7432 3.73877 3.73442 3.73018 3.72606 3.72209 3.71829 3.71466 3.71122 3.70798 3.70494 3.7021 3.69948 3.69706 3.69485 3.69285 3.69103 3.68941 3.68798 3.68671 3.68561 3.68467 3.68388 3.68323 3.6827 3.6823 3.68201 3.68184 3.68176 3.68179 
3.67541 3.67563 3.67596 3.6764 3.67696 3.67763 3.67842 3.67934 3.68039 3.6816 3.68295 3.68447 3.68616 3.68804 3.69011 3.69238 3.69486 3.69756 3.70048 3.70362 3.70698 3.71057 3.71438 3.7184 3.72262 3.72703 3.73162 3.73635 3.74122 3.7462 3.75126 3.75638 3.76151 3.76663 3.77171 3.77671 3.78159 3.78632 3.79087 3.79519 3.79927 3.80306 3.80653 3.80966 3.81243 3.8148 3.81677 3.81831 3.81942 3.82008 3.8203 3.82006 3.81937 3.81824 3.81668 3.81469 3.81231 3.80954 3.80641 3.80294 3.79917 3.79512 3.79083 3.78633 3.78165 3.77683 3.7719 3.7669 3.76186 3.75683 3.75182 3.74686 3.742 3.73725 3.73264 3.72819 3.72392 3.71985 3.71598 3.71232 3.70889 3.7057 3.70273 3.69999 3.69749 3.6952 3.69314 3.69129 3.68965 3.6882 3.68693 3.68584 3.68492 3.68415 3.68353 3.68305 3.68269 3.68247 3.68236 3.68236 
3.67601 3.67623 3.67658 3.67706 3.67767 3.6784 3.67928 3.6803 3.68148 3.68282 3.68434 3.68605 3.68795 3.69006 3.69238 3.69493 3.69772 3.70075 3.70403 3.70755 3.71133 3.71535 3.71962 3.72412 3.72884 3.73377 3.73888 3.74417 3.7496 3.75514 3.76077 3.76645 3.77216 3.77784 3.78347 3.78901 3.79441 3.79965 3.80467 3.80945 3.81395 3.81812 3.82195 3.8254 3.82845 3.83106 3.83323 3.83492 3.83614 3.83686 3.83709 3.83682 3.83606 3.8348 3.83307 3.83088 3.82824 3.82518 3.82172 3.81789 3.81372 3.80924 3.80449 3.79951 3.79432 3.78898 3.78351 3.77796 3.77237 3.76677 3.76119 3.75568 3.75026 3.74497 3.73982 3.73485 3.73007 3.72551 3.72117 3.71707 3.71322 3.70962 3.70628 3.7032 3.70037 3.69778 3.69545 3.69334 3.69147 3.68981 3.68836 3.68711 3.68605 3.68515 3.68443 3.68385 3.68343 3.68315 3.683 3.68297 
3.67665 3.67688 3.67726 3.67777 3.67843 3.67925 3.68022 3.68135 3.68266 3.68416 3.68586 3.68777 3.6899 3.69226 3.69486 3.69772 3.70084 3.70424 3.7079 3.71185 3.71607 3.72056 3.72532 3.73034 3.7356 3.74108 3.74678 3.75265 3.75867 3.76482 3.77106 3.77736 3.78366 3.78995 3.79617 3.80228 3.80824 3.814 3.81954 3.82479 3.82974 3.83433 3.83853 3.84232 3.84566 3.84853 3.85089 3.85275 3.85408 3.85487 3.85511 3.85481 3.85396 3.85258 3.85068 3.84827 3.84536 3.84199 3.83819 3.83397 3.82937 3.82444 3.8192 3.8137 3.80798 3.80208 3.79604 3.78991 3.78372 3.77751 3.77134 3.76522 3.75921 3.75333 3.7476 3.74207 3.73675 3.73166 3.72682 3.72224 3.71793 3.7139 3.71015 3.70668 3.7035 3.70059 3.69795 3.69558 3.69346 3.69157 3.68992 3.68849 3.68727 3.68624 3.6854 3.68473 3.68422 3.68388 3.68368 3.68363 
3.67734 3.67758 3.67798 3.67854 3.67926 3.68016 3.68123 3.68249 3.68395 3.68562 3.68751 3.68964 3.69201 3.69465 3.69756 3.70075 3.70424 3.70802 3.71211 3.7165 3.7212 3.7262 3.73149 3.73707 3.7429 3.74899 3.75529 3.76179 3.76846 3.77525 3.78214 3.78908 3.79603 3.80295 3.80979 3.8165 3.82305 3.82938 3.83544 3.84121 3.84662 3.85165 3.85625 3.86039 3.86403 3.86716 3.86975 3.87177 3.87321 3.87407 3.87433 3.87399 3.87306 3.87155 3.86946 3.86682 3.86364 3.85994 3.85577 3.85115 3.84611 3.84069 3.83494 3.8289 3.82261 3.81612 3.80948 3.80272 3.7959 3.78906 3.78224 3.77549 3.76884 3.76233 3.75599 3.74986 3.74395 3.7383 3.73291 3.72782 3.72302 3.71852 3.71434 3.71046 3.70689 3.70363 3.70067 3.698 3.69561 3.69348 3.69161 3.68999 3.68859 3.68742 3.68644 3.68567 3.68508 3.68467 3.68442 3.68434 
3.67809 3.67834 3.67876 3.67937 3.68016 3.68114 3.68232 3.68372 3.68534 3.68719 3.6893 3.69166 3.69431 3.69724 3.70048 3.70403 3.7079 3.71211 3.71665 3.72153 3.72674 3.73228 3.73814 3.7443 3.75076 3.75747 3.76443 3.7716 3.77894 3.78641 3.79398 3.80161 3.80923 3.81682 3.82431 3.83167 3.83882 3.84574 3.85237 3.85866 3.86456 3.87004 3.87505 3.87956 3.88352 3.88693 3.88974 3.89193 3.8935 3.89442 3.8947 3.89433 3.89331 3.89166 3.88938 3.88649 3.88302 3.87899 3.87444 3.86939 3.86389 3.85797 3.85169 3.84508 3.8382 3.83109 3.8238 3.81639 3.80891 3.80139 3.7939 3.78647 3.77915 3.77197 3.76498 3.75821 3.75168 3.74543 3.73947 3.73382 3.72849 3.7235 3.71884 3.71453 3.71055 3.70691 3.7036 3.70061 3.69792 3.69554 3.69343 3.6916 3.69002 3.68868 3.68757 3.68668 3.686 3.68551 3.68522 3.6851 
3.67889 3.67914 3.6796 3.68025 3.68112 3.6822 3.6835 3.68504 3.68684 3.68889 3.69122 3.69385 3.69678 3.70003 3.70362 3.70755 3.71185 3.7165 3.72153 3.72692 3.73267 3.73879 3.74525 3.75205 3.75915 3.76654 3.77419 3.78205 3.7901 3.7983 3.80659 3.81492 3.82326 3.83154 3.83972 3.84773 3.85553 3.86306 3.87027 3.8771 3.88352 3.88946 3.8949 3.89978 3.90408 3.90777 3.91081 3.91318 3.91487 3.91587 3.91617 3.91576 3.91465 3.91285 3.91038 3.90724 3.90347 3.89909 3.89414 3.88866 3.88267 3.87624 3.86939 3.8622 3.85469 3.84694 3.83899 3.8309 3.82271 3.81449 3.80629 3.79815 3.79012 3.78225 3.77457 3.76712 3.75994 3.75305 3.74647 3.74024 3.73435 3.72883 3.72367 3.71889 3.71448 3.71043 3.70675 3.70341 3.70041 3.69774 3.69539 3.69332 3.69155 3.69004 3.68878 3.68777 3.68698 3.68642 3.68607 3.68592 
3.67974 3.68 3.68049 3.6812 3.68215 3.68333 3.68477 3.68647 3.68844 3.69071 3.69329 3.69619 3.69943 3.70302 3.70698 3.71133 3.71607 3.7212 3.72674 3.73267 3.73901 3.74573 3.75283 3.76029 3.76808 3.77617 3.78454 3.79314 3.80194 3.81088 3.81992 3.829 3.83807 3.84708 3.85596 3.86467 3.87313 3.88129 3.88909 3.89649 3.90343 3.90985 3.91573 3.921 3.92564 3.92961 3.93289 3.93545 3.93727 3.93834 3.93866 3.93821 3.93701 3.93506 3.93238 3.92899 3.92492 3.92018 3.91483 3.90889 3.9024 3.89543 3.88801 3.88021 3.87207 3.86364 3.855 3.8462 3.83729 3.82834 3.81939 3.81051 3.80174 3.79313 3.78473 3.77658 3.7687 3.76114 3.75392 3.74707 3.74059 3.73451 3.72882 3.72354 3.71867 3.71419 3.71011 3.70641 3.70308 3.7001 3.69747 3.69517 3.69318 3.69149 3.69007 3.68893 3.68804 3.68739 3.68698 3.68679 
3.68065 3.68092 3.68144 3.68222 3.68325 3.68454 3.68612 3.68799 3.69016 3.69266 3.69549 3.69869 3.70225 3.70621 3.71057 3.71535 3.72056 3.7262 3.73228 3.73879 3.74573 3.7531 3.76086 3.76901 3.77752 3.78635 3.79547 3.80484 3.81441 3.82413 3.83394 3.8438 3.85363 3.86339 3.873 3.88241 3.89155 3.90036 3.90878 3.91675 3.92422 3.93114 3.93746 3.94313 3.94812 3.95239 3.95591 3.95865 3.9606 3.96175 3.96208 3.9616 3.9603 3.95821 3.95532 3.95167 3.94728 3.94218 3.93641 3.93001 3.92302 3.9155 3.90749 3.89906 3.89026 3.88115 3.87179 3.86226 3.8526 3.84289 3.83317 3.82352 3.81398 3.80461 3.79545 3.78656 3.77796 3.7697 3.76181 3.7543 3.7472 3.74053 3.73429 3.72848 3.72312 3.71818 3.71368 3.70959 3.70591 3.70262 3.6997 3.69714 3.69492 3.69303 3.69145 3.69016 3.68916 3.68842 3.68794 3.68772 
3.68162 3.6819 3.68246 3.68329 3.68442 3.68583 3.68756 3.6896 3.69199 3.69473 3.69784 3.70134 3.70526 3.7096 3.71438 3.71962 3.72532 3.73149 3.73814 3.74525 3.75283 3.76086 3.76933 3.7782 3.78745 3.79705 3.80695 3.81711 3.82748 3.838 3.84862 3.85927 3.86988 3.88041 3.89077 3.90089 3.91073 3.9202 3.92925 3.93781 3.94582 3.95324 3.96001 3.96609 3.97143 3.97599 3.97975 3.98269 3.98477 3.98599 3.98634 3.98582 3.98443 3.98218 3.97909 3.97518 3.97047 3.965 3.95881 3.95194 3.94444 3.93635 3.92774 3.91867 3.9092 3.89939 3.8893 3.87902 3.86859 3.85809 3.84759 3.83714 3.8268 3.81664 3.8067 3.79704 3.7877 3.77871 3.77011 3.76192 3.75417 3.74688 3.74006 3.7337 3.72782 3.72241 3.71746 3.71296 3.70891 3.70528 3.70206 3.69923 3.69677 3.69467 3.69291 3.69148 3.69035 3.68952 3.68897 3.68871 
3.68264 3.68294 3.68353 3.68444 3.68566 3.6872 3.68908 3.69132 3.69392 3.69692 3.70032 3.70416 3.70843 3.71318 3.7184 3.72412 3.73034 3.73707 3.7443 3.75205 3.76029 3.76901 3.7782 3.78782 3.79785 3.80824 3.81894 3.82992 3.84111 3.85245 3.86389 3.87535 3.88677 3.89807 3.90919 3.92006 3.93059 3.94074 3.95042 3.95957 3.96814 3.97606 3.98328 3.98976 3.99546 4.00032 4.00433 4.00745 4.00967 4.01097 4.01134 4.01078 4.00929 4.00689 4.00359 3.99941 3.99439 3.98855 3.98193 3.97459 3.96656 3.95791 3.9487 3.93898 3.92882 3.9183 3.90747 3.89641 3.8852 3.8739 3.86258 3.85132 3.84016 3.82919 3.81845 3.80799 3.79787 3.78813 3.77879 3.7699 3.76148 3.75355 3.74611 3.73918 3.73276 3.72685 3.72144 3.71651 3.71207 3.70808 3.70454 3.70143 3.69872 3.69641 3.69446 3.69286 3.69161 3.69067 3.69006 3.68975 
3.68372 3.68403 3.68467 3.68564 3.68696 3.68864 3.69069 3.69312 3.69596 3.69923 3.70294 3.70711 3.71178 3.71694 3.72262 3.72884 3.7356 3.7429 3.75076 3.75915 3.76808 3.77752 3.78745 3.79785 3.80867 3.81987 3.8314 3.84321 3.85524 3.86742 3.8797 3.89198 3.90421 3.91631 3.9282 3.93981 3.95105 3.96187 3.97219 3.98194 3.99106 3.99948 4.00716 4.01405 4.02009 4.02526 4.02951 4.03282 4.03517 4.03655 4.03694 4.03634 4.03476 4.03221 4.0287 4.02426 4.01892 4.01271 4.00567 3.99785 3.9893 3.98008 3.97026 3.95989 3.94904 3.93779 3.92621 3.91438 3.90237 3.89025 3.87811 3.86601 3.85402 3.84221 3.83064 3.81937 3.80845 3.79793 3.78785 3.77823 3.76911 3.76051 3.75244 3.74492 3.73794 3.7315 3.72561 3.72024 3.71538 3.71103 3.70716 3.70374 3.70077 3.69823 3.69608 3.69432 3.69293 3.6919 3.69121 3.69085 
3.68486 3.68518 3.68586 3.68691 3.68834 3.69016 3.69238 3.69502 3.69811 3.70165 3.70568 3.71021 3.71527 3.72087 3.72703 3.73377 3.74108 3.74899 3.75747 3.76654 3.77617 3.78635 3.79705 3.80824 3.81987 3.83189 3.84427 3.85693 3.86981 3.88285 3.89597 3.90909 3.92214 3.93504 3.9477 3.96005 3.97201 3.98351 3.99446 4.00481 4.01447 4.0234 4.03154 4.03882 4.04522 4.05068 4.05518 4.05868 4.06116 4.06261 4.06302 4.06239 4.06071 4.05801 4.0543 4.0496 4.04394 4.03736 4.0299 4.02161 4.01254 4.00276 3.99232 3.98129 3.96976 3.95778 3.94544 3.93283 3.92001 3.90707 3.89409 3.88114 3.86831 3.85565 3.84324 3.83114 3.81941 3.80809 3.79723 3.78686 3.77703 3.76774 3.75902 3.75088 3.74332 3.73635 3.72995 3.72412 3.71885 3.71411 3.70989 3.70616 3.70292 3.70013 3.69778 3.69585 3.69432 3.69318 3.69241 3.69201 
3.68604 3.68638 3.68711 3.68824 3.68978 3.69174 3.69414 3.697 3.70034 3.70418 3.70854 3.71344 3.71891 3.72496 3.73162 3.73888 3.74678 3.75529 3.76443 3.77419 3.78454 3.79547 3.80695 3.81894 3.8314 3.84427 3.8575 3.87102 3.88477 3.89866 3.91263 3.92659 3.94046 3.95416 3.9676 3.98069 3.99336 4.00553 4.01712 4.02805 4.03826 4.04769 4.05627 4.06396 4.0707 4.07645 4.08119 4.08487 4.08749 4.08901 4.08944 4.08877 4.08701 4.08416 4.08025 4.07529 4.06932 4.06238 4.05451 4.04575 4.03617 4.02582 4.01477 4.0031 3.99087 3.97817 3.96508 3.95168 3.93805 3.92428 3.91046 3.89666 3.88296 3.86945 3.85618 3.84324 3.83068 3.81855 3.8069 3.79577 3.7852 3.77521 3.76582 3.75705 3.7489 3.74137 3.73446 3.72815 3.72244 3.7173 3.71273 3.70868 3.70515 3.70212 3.69955 3.69744 3.69577 3.69451 3.69366 3.69322 
3.68728 3.68763 3.68841 3.68962 3.69128 3.69339 3.69598 3.69906 3.70266 3.7068 3.7115 3.71679 3.72268 3.72919 3.73635 3.74417 3.75265 3.76179 3.7716 3.78205 3.79314 3.80484 3.81711 3.82992 3.84321 3.85693 3.87102 3.88541 3.90002 3.91478 3.9296 3.9444 3.95909 3.97358 3.98779 4.00162 4.015 4.02783 4.04004 4.05156 4.06231 4.07222 4.08124 4.08932 4.0964 4.10244 4.10741 4.11127 4.11401 4.11561 4.11606 4.11536 4.11351 4.11052 4.10641 4.1012 4.09493 4.08764 4.07935 4.07014 4.06005 4.04915 4.0375 4.02519 4.01228 3.99886 3.98501 3.97083 3.95639 3.9418 3.92713 3.91247 3.89791 3.88354 3.86941 3.85562 3.84221 3.82926 3.81681 3.80491 3.79359 3.78289 3.77282 3.76341 3.75465 3.74655 3.73911 3.73232 3.72616 3.72061 3.71566 3.71129 3.70747 3.70418 3.70139 3.6991 3.69727 3.6959 3.69497 3.69447 
3.68856 3.68892 3.68975 3.69105 3.69283 3.6951 3.69788 3.70119 3.70506 3.70951 3.71456 3.72023 3.72656 3.73355 3.74122 3.7496 3.75867 3.76846 3.77894 3.7901 3.80194 3.81441 3.82748 3.84111 3.85524 3.86981 3.88477 3.90002 3.9155 3.93112 3.94679 3.96242 3.97792 3.99321 4.00817 4.02273 4.0368 4.05029 4.06311 4.07519 4.08646 4.09686 4.10631 4.11476 4.12217 4.12849 4.13369 4.13773 4.14059 4.14227 4.14274 4.142 4.14007 4.13694 4.13264 4.12719 4.12063 4.11299 4.10431 4.09465 4.08407 4.07262 4.06039 4.04744 4.03386 4.01973 4.00514 3.99018 3.97495 3.95953 3.94402 3.92851 3.91309 3.89785 3.88286 3.86821 3.85396 3.84018 3.82693 3.81424 3.80217 3.79074 3.77999 3.76992 3.76054 3.75186 3.74388 3.73659 3.72997 3.72401 3.71868 3.71397 3.70985 3.7063 3.70329 3.70081 3.69883 3.69734 3.69632 3.69577 
3.68987 3.69026 3.69114 3.69253 3.69443 3.69686 3.69983 3.70338 3.70753 3.71229 3.71769 3.72377 3.73053 3.738 3.7462 3.75514 3.76482 3.77525 3.78641 3.7983 3.81088 3.82413 3.838 3.85245 3.86742 3.88285 3.89866 3.91478 3.93112 3.94759 3.9641 3.98055 3.99686 4.01291 4.02863 4.0439 4.05864 4.07277 4.08619 4.09883 4.11061 4.12146 4.13133 4.14015 4.14788 4.15447 4.15988 4.16409 4.16708 4.16882 4.16932 4.16855 4.16654 4.16328 4.1588 4.15312 4.14627 4.13829 4.12923 4.11914 4.10808 4.09611 4.0833 4.06974 4.0555 4.04068 4.02536 4.00964 3.99361 3.97738 3.96104 3.94468 3.92841 3.91231 3.89646 3.88096 3.86586 3.85126 3.83719 3.82372 3.81089 3.79873 3.78728 3.77654 3.76654 3.75728 3.74876 3.74096 3.73387 3.72749 3.72178 3.71672 3.7123 3.70848 3.70524 3.70256 3.70043 3.69882 3.69771 3.69711 
3.69122 3.69163 3.69256 3.69404 3.69606 3.69865 3.70183 3.70562 3.71004 3.71513 3.72089 3.72737 3.73457 3.74253 3.75126 3.76077 3.77106 3.78214 3.79398 3.80659 3.81992 3.83394 3.84862 3.86389 3.8797 3.89597 3.91263 3.9296 3.94679 3.9641 3.98143 3.9987 4.01579 4.0326 4.04904 4.06501 4.08041 4.09516 4.10915 4.12233 4.1346 4.1459 4.15616 4.16534 4.17337 4.18022 4.18585 4.19022 4.19333 4.19514 4.19565 4.19486 4.19277 4.18938 4.18473 4.17883 4.17171 4.16342 4.15399 4.14349 4.13196 4.11948 4.10612 4.09196 4.07708 4.06158 4.04555 4.02908 4.01228 3.99525 3.97809 3.9609 3.94378 3.92683 3.91013 3.89378 3.87785 3.86241 3.84754 3.83328 3.81969 3.8068 3.79465 3.78325 3.77263 3.76278 3.7537 3.74539 3.73784 3.73102 3.72493 3.71952 3.71479 3.7107 3.70723 3.70436 3.70206 3.70033 3.69914 3.69848 
3.6926 3.69302 3.69401 3.69557 3.69773 3.70048 3.70387 3.7079 3.7126 3.718 3.72413 3.73101 3.73867 3.74712 3.75638 3.76645 3.77736 3.78908 3.80161 3.81492 3.829 3.8438 3.85927 3.87535 3.89198 3.90909 3.92659 3.9444 3.96242 3.98055 3.9987 4.01675 4.0346 4.05216 4.0693 4.08594 4.10198 4.11732 4.13188 4.14556 4.1583 4.17003 4.18068 4.19019 4.19851 4.20561 4.21144 4.21597 4.21918 4.22106 4.22159 4.22078 4.21861 4.21512 4.2103 4.20419 4.19682 4.18822 4.17844 4.16754 4.15557 4.1426 4.12871 4.11397 4.09848 4.08233 4.0656 4.04841 4.03086 4.01305 3.99508 3.97708 3.95913 3.94134 3.9238 3.90661 3.88985 3.8736 3.85792 3.84288 3.82854 3.81492 3.80207 3.79001 3.77876 3.76832 3.75869 3.74987 3.74185 3.7346 3.72811 3.72236 3.71731 3.71295 3.70925 3.70618 3.70372 3.70186 3.70059 3.69988 
3.69399 3.69443 3.69548 3.69713 3.69941 3.70233 3.70592 3.71019 3.71518 3.72091 3.7274 3.73468 3.74279 3.75172 3.76151 3.77216 3.78366 3.79603 3.80923 3.82326 3.83807 3.85363 3.86988 3.88677 3.90421 3.92214 3.94046 3.95909 3.97792 3.99686 4.01579 4.0346 4.0532 4.07146 4.08929 4.10658 4.12322 4.13914 4.15422 4.1684 4.18159 4.19372 4.20473 4.21456 4.22316 4.23049 4.23651 4.24119 4.24451 4.24645 4.247 4.24617 4.24394 4.24033 4.23536 4.22906 4.22144 4.21256 4.20245 4.19117 4.17878 4.16535 4.15095 4.13566 4.11958 4.10279 4.0854 4.06751 4.04922 4.03066 4.01192 3.99311 3.97435 3.95574 3.93738 3.91937 3.90179 3.88474 3.86827 3.85246 3.83737 3.82303 3.80949 3.79677 3.7849 3.77387 3.7637 3.75437 3.74587 3.7382 3.73132 3.72521 3.71985 3.71522 3.71128 3.70802 3.7054 3.70342 3.70205 3.7013 
3.69539 3.69585 3.69695 3.6987 3.70111 3.70419 3.70798 3.7125 3.71777 3.72381 3.73067 3.73836 3.7469 3.75632 3.76663 3.77784 3.78995 3.80295 3.81682 3.83154 3.84708 3.86339 3.88041 3.89807 3.91631 3.93504 3.95416 3.97358 3.99321 4.01291 4.0326 4.05216 4.07146 4.09041 4.10889 4.1268 4.14403 4.16048 4.17607 4.19072 4.20433 4.21685 4.2282 4.23833 4.24719 4.25474 4.26094 4.26576 4.26917 4.27117 4.27175 4.27089 4.2686 4.26489 4.25978 4.25329 4.24545 4.2363 4.22588 4.21425 4.20146 4.18759 4.17271 4.1569 4.14025 4.12286 4.10483 4.08627 4.06728 4.04798 4.02849 4.00891 3.98936 3.96996 3.9508 3.93198 3.91361 3.89577 3.87853 3.86196 3.84613 3.83109 3.81687 3.8035 3.79101 3.7794 3.76868 3.75885 3.74989 3.74179 3.73452 3.72807 3.7224 3.71749 3.71332 3.70986 3.70709 3.70498 3.70353 3.70272 
3.69679 3.69727 3.69843 3.70027 3.7028 3.70605 3.71004 3.7148 3.72034 3.72671 3.73392 3.74201 3.75099 3.76088 3.77171 3.78347 3.79617 3.80979 3.82431 3.83972 3.85596 3.873 3.89077 3.90919 3.9282 3.9477 3.9676 3.98779 4.00817 4.02863 4.04904 4.0693 4.08929 4.10889 4.12799 4.14648 4.16427 4.18124 4.1973 4.21238 4.2264 4.23927 4.25094 4.26136 4.27046 4.27822 4.28458 4.28953 4.29304 4.2951 4.29569 4.29481 4.29247 4.28867 4.28343 4.27677 4.26873 4.25933 4.24862 4.23665 4.22349 4.20921 4.19387 4.17756 4.16038 4.14242 4.12378 4.10457 4.08492 4.06492 4.0447 4.02438 4.00408 3.9839 3.96397 3.94438 3.92523 3.90662 3.88862 3.87132 3.85478 3.83904 3.82415 3.81015 3.79705 3.78488 3.77362 3.76329 3.75387 3.74535 3.7377 3.7309 3.72493 3.71976 3.71536 3.7117 3.70877 3.70654 3.705 3.70414 
3.69819 3.69868 3.69989 3.70182 3.70448 3.70789 3.71208 3.71707 3.72289 3.72957 3.73713 3.74561 3.75502 3.76538 3.77671 3.78901 3.80228 3.8165 3.83167 3.84773 3.86467 3.88241 3.90089 3.92006 3.93981 3.96005 3.98069 4.00162 4.02273 4.0439 4.06501 4.08594 4.10658 4.1268 4.14648 4.16553 4.18383 4.20129 4.2178 4.23329 4.24768 4.26089 4.27286 4.28353 4.29286 4.3008 4.30732 4.3124 4.31599 4.3181 4.31871 4.31782 4.31543 4.31155 4.30619 4.29938 4.29114 4.28151 4.27053 4.25826 4.24475 4.23008 4.21432 4.19755 4.17986 4.16136 4.14214 4.12233 4.10203 4.08137 4.06046 4.03943 4.0184 3.99749 3.9768 3.95647 3.93657 3.91722 3.8985 3.88048 3.86324 3.84683 3.8313 3.81667 3.80299 3.79026 3.77848 3.76767 3.7578 3.74886 3.74084 3.73371 3.72743 3.722 3.71737 3.71352 3.71043 3.70809 3.70646 3.70555 
3.69956 3.70007 3.70133 3.70335 3.70613 3.7097 3.71408 3.71931 3.72539 3.73237 3.74028 3.74913 3.75896 3.76977 3.78159 3.79441 3.80824 3.82305 3.83882 3.85553 3.87313 3.89155 3.91073 3.93059 3.95105 3.97201 3.99336 4.015 4.0368 4.05864 4.08041 4.10198 4.12322 4.14403 4.16427 4.18383 4.20262 4.22052 4.23746 4.25333 4.26806 4.28157 4.29382 4.30474 4.31427 4.32239 4.32906 4.33424 4.33792 4.34008 4.34071 4.3398 4.33737 4.33341 4.32794 4.32099 4.31257 4.30273 4.29151 4.27896 4.26513 4.2501 4.23394 4.21673 4.19858 4.17957 4.15981 4.13943 4.11853 4.09723 4.07567 4.05397 4.03224 4.01063 3.98923 3.96818 3.94757 3.92751 3.90809 3.88938 3.87147 3.85441 3.83825 3.82303 3.80877 3.7955 3.78323 3.77194 3.76164 3.7523 3.74391 3.73645 3.72988 3.72419 3.71934 3.71531 3.71207 3.70961 3.7079 3.70694 
3.70089 3.70143 3.70274 3.70484 3.70774 3.71147 3.71604 3.72148 3.72783 3.7351 3.74334 3.75256 3.76278 3.77404 3.78632 3.79965 3.814 3.82938 3.84574 3.86306 3.88129 3.90036 3.9202 3.94074 3.96187 3.98351 4.00553 4.02783 4.05029 4.07277 4.09516 4.11732 4.13914 4.16048 4.18124 4.20129 4.22052 4.23885 4.25616 4.27238 4.28743 4.30124 4.31373 4.32487 4.3346 4.34287 4.34967 4.35495 4.35871 4.36091 4.36156 4.36065 4.35818 4.35415 4.34859 4.3415 4.33293 4.3229 4.31145 4.29864 4.28452 4.26916 4.25263 4.23503 4.21643 4.19695 4.1767 4.15577 4.13431 4.11242 4.09024 4.0679 4.04553 4.02324 4.00118 3.97944 3.95815 3.93742 3.91732 3.89796 3.87941 3.86173 3.84497 3.82917 3.81437 3.80058 3.78782 3.77608 3.76536 3.75563 3.74689 3.73911 3.73227 3.72633 3.72126 3.71705 3.71367 3.71109 3.7093 3.7083 
3.70219 3.70275 3.70411 3.70629 3.70931 3.71318 3.71793 3.72358 3.73018 3.73774 3.74629 3.75586 3.76647 3.77813 3.79087 3.80467 3.81954 3.83544 3.85237 3.87027 3.88909 3.90878 3.92925 3.95042 3.97219 3.99446 4.01712 4.04004 4.06311 4.08619 4.10915 4.13188 4.15422 4.17607 4.1973 4.2178 4.23746 4.25616 4.27383 4.29037 4.30571 4.31977 4.3325 4.34384 4.35374 4.36216 4.36908 4.37445 4.37827 4.38052 4.38119 4.38027 4.37776 4.37368 4.36803 4.36083 4.35211 4.34191 4.33026 4.31721 4.30282 4.28716 4.2703 4.25233 4.23333 4.21342 4.19269 4.17127 4.14928 4.12684 4.10409 4.08115 4.05817 4.03526 4.01255 3.99018 3.96825 3.94687 3.92615 3.90617 3.88701 3.86873 3.8514 3.83506 3.81974 3.80546 3.79223 3.78006 3.76893 3.75884 3.74977 3.74168 3.73457 3.72839 3.72312 3.71874 3.71521 3.71253 3.71066 3.70961 
3.70343 3.70401 3.70542 3.70768 3.7108 3.71481 3.71973 3.7256 3.73242 3.74025 3.7491 3.759 3.76997 3.78204 3.79519 3.80945 3.82479 3.84121 3.85866 3.8771 3.89649 3.91675 3.93781 3.95957 3.98194 4.00481 4.02805 4.05156 4.07519 4.09883 4.12233 4.14556 4.1684 4.19072 4.21238 4.23329 4.25333 4.27238 4.29037 4.30721 4.32281 4.33711 4.35004 4.36156 4.37161 4.38017 4.38719 4.39265 4.39653 4.39882 4.3995 4.39857 4.39604 4.3919 4.38618 4.37888 4.37004 4.35968 4.34785 4.33459 4.31996 4.30402 4.28686 4.26855 4.24919 4.22887 4.20772 4.18584 4.16336 4.14041 4.11713 4.09364 4.07008 4.04659 4.02329 4.00032 3.97779 3.95582 3.9345 3.91394 3.8942 3.87538 3.85751 3.84065 3.82484 3.81009 3.79643 3.78384 3.77234 3.7619 3.7525 3.74413 3.73676 3.73036 3.72489 3.72035 3.71669 3.7139 3.71197 3.71087 
3.70462 3.7052 3.70666 3.70899 3.71222 3.71636 3.72145 3.7275 3.73455 3.74262 3.75175 3.76197 3.77328 3.78571 3.79927 3.81395 3.82974 3.84662 3.86456 3.88352 3.90343 3.92422 3.94582 3.96814 3.99106 4.01447 4.03826 4.06231 4.08646 4.11061 4.1346 4.1583 4.18159 4.20433 4.2264 4.24768 4.26806 4.28743 4.30571 4.32281 4.33865 4.35315 4.36627 4.37795 4.38815 4.39682 4.40393 4.40947 4.41341 4.41573 4.41643 4.4155 4.41294 4.40876 4.40297 4.39558 4.38663 4.37613 4.36414 4.35069 4.33584 4.31966 4.30222 4.28361 4.26391 4.24324 4.22169 4.19939 4.17647 4.15306 4.12928 4.10529 4.0812 4.05717 4.03333 4.00981 3.98672 3.96419 3.94233 3.92122 3.90095 3.88161 3.86324 3.84591 3.82963 3.81445 3.80038 3.78741 3.77555 3.76478 3.75509 3.74645 3.73883 3.73222 3.72657 3.72187 3.71809 3.71521 3.7132 3.71207 
3.70572 3.70633 3.70782 3.71022 3.71355 3.71781 3.72305 3.72928 3.73653 3.74484 3.75423 3.76473 3.77636 3.78913 3.80306 3.81812 3.83433 3.85165 3.87004 3.88946 3.90985 3.93114 3.95324 3.97606 3.99948 4.0234 4.04769 4.07222 4.09686 4.12146 4.1459 4.17003 4.19372 4.21685 4.23927 4.26089 4.28157 4.30124 4.31977 4.33711 4.35315 4.36785 4.38114 4.39296 4.40328 4.41205 4.41925 4.42485 4.42884 4.43119 4.4319 4.43097 4.42839 4.42417 4.41832 4.41086 4.40181 4.39119 4.37906 4.36544 4.3504 4.334 4.31632 4.29743 4.27744 4.25643 4.23454 4.21186 4.18854 4.1647 4.14048 4.11602 4.09146 4.06694 4.0426 4.01857 3.99498 3.97194 3.94957 3.92796 3.90721 3.88739 3.86856 3.85078 3.83409 3.8185 3.80405 3.79073 3.77854 3.76747 3.7575 3.74861 3.74077 3.73396 3.72814 3.7233 3.7194 3.71643 3.71436 3.71319 
3.70675 3.70736 3.7089 3.71136 3.71477 3.71915 3.72452 3.73091 3.73836 3.74688 3.75651 3.76727 3.77919 3.79227 3.80653 3.82195 3.83853 3.85625 3.87505 3.8949 3.91573 3.93746 3.96001 3.98328 4.00716 4.03154 4.05627 4.08124 4.10631 4.13133 4.15616 4.18068 4.20473 4.2282 4.25094 4.27286 4.29382 4.31373 4.3325 4.35004 4.36627 4.38114 4.39457 4.40651 4.41694 4.4258 4.43308 4.43874 4.44277 4.44515 4.44588 4.44494 4.44235 4.4381 4.4322 4.42467 4.41553 4.40481 4.39255 4.37878 4.36358 4.34698 4.32908 4.30996 4.2897 4.2684 4.24619 4.22318 4.1995 4.17528 4.15066 4.12579 4.1008 4.07584 4.05105 4.02656 4.0025 3.979 3.95618 3.93412 3.91292 3.89267 3.87343 3.85524 3.83816 3.82221 3.80741 3.79377 3.78128 3.76993 3.75971 3.75059 3.74255 3.73556 3.72959 3.72461 3.72061 3.71755 3.71543 3.71422 
3.70768 3.70831 3.70988 3.7124 3.71589 3.72037 3.72586 3.7324 3.74001 3.74872 3.75857 3.76957 3.78174 3.79511 3.80966 3.8254 3.84232 3.86039 3.87956 3.89978 3.921 3.94313 3.96609 3.98976 4.01405 4.03882 4.06396 4.08932 4.11476 4.14015 4.16534 4.19019 4.21456 4.23833 4.26136 4.28353 4.30474 4.32487 4.34384 4.36156 4.37795 4.39296 4.40651 4.41857 4.42909 4.43804 4.44537 4.45109 4.45515 4.45756 4.4583 4.45736 4.45475 4.45047 4.44453 4.43695 4.42773 4.41693 4.40455 4.39066 4.37531 4.35855 4.34046 4.32112 4.30063 4.27908 4.2566 4.23329 4.20929 4.18474 4.15977 4.13452 4.10915 4.0838 4.05861 4.03371 4.00925 3.98534 3.96211 3.93965 3.91806 3.89742 3.8778 3.85926 3.84183 3.82556 3.81045 3.79651 3.78375 3.77216 3.76171 3.75238 3.74416 3.73701 3.7309 3.72581 3.72171 3.71858 3.7164 3.71516 
3.7085 3.70915 3.71075 3.71332 3.71688 3.72145 3.72705 3.73372 3.74148 3.75036 3.76039 3.7716 3.784 3.79761 3.81243 3.82845 3.84566 3.86403 3.88352 3.90408 3.92564 3.94812 3.97143 3.99546 4.02009 4.04522 4.0707 4.0964 4.12217 4.14788 4.17337 4.19851 4.22316 4.24719 4.27046 4.29286 4.31427 4.3346 4.35374 4.37161 4.38815 4.40328 4.41694 4.42909 4.43969 4.4487 4.4561 4.46185 4.46595 4.46838 4.46913 4.46819 4.46557 4.46127 4.45529 4.44766 4.43838 4.4275 4.41503 4.40104 4.38556 4.36865 4.3504 4.33088 4.31019 4.28842 4.2657 4.24213 4.21786 4.19302 4.16774 4.14218 4.11648 4.09079 4.06525 4.04 4.01518 3.99091 3.96732 3.94451 3.92257 3.9016 3.88165 3.86279 3.84507 3.8285 3.81312 3.79894 3.78594 3.77412 3.76348 3.75397 3.74559 3.73829 3.73206 3.72687 3.72268 3.71949 3.71727 3.716 
3.70922 3.70988 3.7115 3.71412 3.71774 3.72238 3.72808 3.73486 3.74274 3.75177 3.76196 3.77335 3.78594 3.79976 3.8148 3.83106 3.84853 3.86716 3.88693 3.90777 3.92961 3.95239 3.97599 4.00032 4.02526 4.05068 4.07645 4.10244 4.12849 4.15447 4.18022 4.20561 4.23049 4.25474 4.27822 4.3008 4.32239 4.34287 4.36216 4.38017 4.39682 4.41205 4.4258 4.43804 4.4487 4.45777 4.46521 4.471 4.47513 4.47758 4.47833 4.4774 4.47477 4.47045 4.46444 4.45677 4.44744 4.43649 4.42395 4.40986 4.39427 4.37725 4.35886 4.33919 4.31833 4.29638 4.27345 4.24967 4.22517 4.20008 4.17454 4.14871 4.12273 4.09675 4.07091 4.04536 4.02024 3.99567 3.97178 3.94867 3.92644 3.90518 3.88495 3.86583 3.84784 3.83104 3.81542 3.80102 3.78782 3.77582 3.765 3.75534 3.74682 3.7394 3.73307 3.72778 3.72353 3.72028 3.71802 3.71673 
3.70983 3.71049 3.71214 3.71479 3.71846 3.72316 3.72894 3.73581 3.7438 3.75294 3.76327 3.7748 3.78756 3.80154 3.81677 3.83323 3.85089 3.86975 3.88974 3.91081 3.93289 3.95591 3.97975 4.00433 4.02951 4.05518 4.08119 4.10741 4.13369 4.15988 4.18585 4.21144 4.23651 4.26094 4.28458 4.30732 4.32906 4.34967 4.36908 4.38719 4.40393 4.41925 4.43308 4.44537 4.4561 4.46521 4.47269 4.47851 4.48266 4.48512 4.48589 4.48495 4.48231 4.47798 4.47195 4.46424 4.45487 4.44387 4.43127 4.4171 4.40143 4.38431 4.36581 4.34601 4.32501 4.30291 4.27982 4.25586 4.23117 4.20588 4.18013 4.15408 4.12787 4.10165 4.07557 4.04978 4.02441 3.9996 3.97546 3.9521 3.92963 3.90813 3.88768 3.86833 3.85014 3.83313 3.81733 3.80274 3.78938 3.77723 3.76627 3.75648 3.74784 3.74033 3.73391 3.72855 3.72424 3.72094 3.71864 3.71734 
3.71031 3.71098 3.71264 3.71532 3.71903 3.72378 3.72962 3.73656 3.74463 3.75387 3.7643 3.77594 3.78882 3.80294 3.81831 3.83492 3.85275 3.87177 3.89193 3.91318 3.93545 3.95865 3.98269 4.00745 4.03282 4.05868 4.08487 4.11127 4.13773 4.16409 4.19022 4.21597 4.24119 4.26576 4.28953 4.3124 4.33424 4.35495 4.37445 4.39265 4.40947 4.42485 4.43874 4.45109 4.46185 4.471 4.47851 4.48436 4.48852 4.491 4.49177 4.49083 4.48819 4.48384 4.47779 4.47006 4.46066 4.44961 4.43696 4.42274 4.407 4.3898 4.37121 4.35132 4.33021 4.30799 4.28477 4.26067 4.23583 4.21039 4.18448 4.15825 4.13187 4.10547 4.0792 4.05322 4.02766 4.00265 3.97832 3.95478 3.93212 3.91044 3.88981 3.87029 3.85194 3.83477 3.81882 3.8041 3.79061 3.77833 3.76726 3.75738 3.74866 3.74106 3.73457 3.72916 3.7248 3.72147 3.71915 3.71783 
3.71067 3.71134 3.71302 3.71571 3.71945 3.72424 3.73012 3.73711 3.74524 3.75454 3.76504 3.77677 3.78974 3.80395 3.81942 3.83614 3.85408 3.87321 3.8935 3.91487 3.93727 3.9606 3.98477 4.00967 4.03517 4.06116 4.08749 4.11401 4.14059 4.16708 4.19333 4.21918 4.24451 4.26917 4.29304 4.31599 4.33792 4.35871 4.37827 4.39653 4.41341 4.42884 4.44277 4.45515 4.46595 4.47513 4.48266 4.48852 4.4927 4.49519 4.49596 4.49503 4.49238 4.48802 4.48196 4.4742 4.46478 4.4537 4.44101 4.42674 4.41095 4.3937 4.37505 4.35508 4.33389 4.31159 4.28828 4.26409 4.23914 4.21358 4.18756 4.16121 4.1347 4.10817 4.08178 4.05566 4.02997 4.00482 3.98036 3.95668 3.93389 3.91208 3.89133 3.87169 3.85322 3.83594 3.81989 3.80507 3.79149 3.77913 3.76799 3.75803 3.74924 3.7416 3.73506 3.72961 3.72521 3.72185 3.71952 3.71819 
3.71089 3.71157 3.71325 3.71596 3.71971 3.72452 3.73043 3.73745 3.74561 3.75495 3.7655 3.77727 3.79029 3.80456 3.82008 3.83686 3.85487 3.87407 3.89442 3.91587 3.93834 3.96175 3.98599 4.01097 4.03655 4.06261 4.08901 4.11561 4.14227 4.16882 4.19514 4.22106 4.24645 4.27117 4.2951 4.3181 4.34008 4.36091 4.38052 4.39882 4.41573 4.43119 4.44515 4.45756 4.46838 4.47758 4.48512 4.491 4.49519 4.49768 4.49845 4.49752 4.49487 4.4905 4.48443 4.47666 4.46721 4.45612 4.4434 4.42911 4.41328 4.39599 4.3773 4.35729 4.33606 4.3137 4.29033 4.26608 4.24107 4.21545 4.18935 4.16294 4.13635 4.10975 4.08328 4.05708 4.03131 4.00609 3.98155 3.95779 3.93493 3.91305 3.89223 3.87252 3.85398 3.83664 3.82053 3.80566 3.79202 3.77961 3.76842 3.75843 3.74961 3.74193 3.73536 3.72988 3.72547 3.7221 3.71975 3.71841 
