1.36666 1.367 1.36734 1.36766 1.36796 1.36825 1.36851 1.36875 1.36896 1.36915 1.36931 1.36945 1.36957 1.36967 1.36975 1.36982 1.36987 1.36992 1.36995 1.36998 1.37001 1.37003 1.37005 1.37007 1.37009 1.37011 1.37014 1.37016 1.37019 1.37023 1.37027 1.37032 1.37037 1.37042 1.37049 1.37055 1.37062 1.3707 1.37077 1.37085 1.37093 1.37101 1.37109 1.37116 1.37123 1.37129 1.37134 1.37138 1.37142 1.37144 1.37146 1.37146 1.37145 1.37143 1.3714 1.37136 1.37131 1.37125 1.37119 1.37112 1.37105 1.37097 1.3709 1.37082 1.37074 1.37067 1.3706 1.37053 1.37047 1.37041 1.37036 1.37031 1.37027 1.37023 1.3702 1.37018 1.37016 1.37014 1.37013 1.37013 1.37013 1.37014 1.37016 1.37019 1.37023 1.37029 1.37036 1.37046 1.37057 1.3707 1.37086 1.37105 1.37126 1.3715 1.37176 1.37205 1.37236 1.37268 1.37301 1.37336 
1.367 1.36734 1.36768 1.368 1.3683 1.36859 1.36885 1.36909 1.3693 1.36949 1.36965 1.36979 1.36991 1.37001 1.37009 1.37016 1.37021 1.37026 1.37029 1.37032 1.37035 1.37037 1.37039 1.37041 1.37043 1.37045 1.37047 1.3705 1.37053 1.37056 1.3706 1.37064 1.37069 1.37075 1.37081 1.37088 1.37095 1.37102 1.3711 1.37118 1.37126 1.37134 1.37142 1.37149 1.37156 1.37162 1.37167 1.37172 1.37175 1.37178 1.37179 1.37179 1.37179 1.37177 1.37173 1.37169 1.37164 1.37159 1.37152 1.37145 1.37138 1.3713 1.37123 1.37115 1.37107 1.371 1.37093 1.37086 1.3708 1.37074 1.37069 1.37064 1.3706 1.37057 1.37054 1.37051 1.37049 1.37048 1.37047 1.37047 1.37047 1.37048 1.3705 1.37053 1.37057 1.37063 1.37071 1.3708 1.37091 1.37105 1.37121 1.37139 1.3716 1.37184 1.37211 1.37239 1.3727 1.37302 1.37336 1.3737 
1.36734 1.36768 1.36801 1.36833 1.36864 1.36892 1.36918 1.36942 1.36964 1.36982 1.36999 1.37013 1.37024 1.37034 1.37043 1.37049 1.37055 1.37059 1.37063 1.37066 1.37068 1.3707 1.37072 1.37074 1.37077 1.37079 1.37081 1.37084 1.37088 1.37092 1.37096 1.37102 1.37107 1.37114 1.37121 1.37129 1.37137 1.37146 1.37155 1.37164 1.37173 1.37182 1.37191 1.372 1.37208 1.37215 1.37221 1.37226 1.37231 1.37233 1.37235 1.37235 1.37234 1.37232 1.37228 1.37223 1.37217 1.37211 1.37203 1.37195 1.37186 1.37177 1.37168 1.37159 1.37151 1.37142 1.37134 1.37126 1.37119 1.37112 1.37106 1.37101 1.37096 1.37092 1.37089 1.37086 1.37084 1.37082 1.37081 1.3708 1.37081 1.37082 1.37084 1.37087 1.37091 1.37097 1.37104 1.37113 1.37124 1.37138 1.37154 1.37173 1.37194 1.37218 1.37244 1.37273 1.37303 1.37336 1.37369 1.37403 
1.36766 1.368 1.36833 1.36865 1.36896 1.36924 1.36951 1.36974 1.36996 1.37014 1.37031 1.37045 1.37057 1.37067 1.37075 1.37082 1.37087 1.37092 1.37095 1.37098 1.37101 1.37103 1.37106 1.37108 1.37111 1.37114 1.37117 1.37121 1.37125 1.3713 1.37136 1.37143 1.37151 1.37159 1.37168 1.37179 1.37189 1.37201 1.37212 1.37224 1.37236 1.37248 1.3726 1.37271 1.37281 1.3729 1.37298 1.37305 1.3731 1.37314 1.37316 1.37316 1.37315 1.37311 1.37307 1.373 1.37293 1.37284 1.37274 1.37263 1.37252 1.37241 1.37229 1.37217 1.37206 1.37194 1.37184 1.37174 1.37165 1.37156 1.37148 1.37141 1.37135 1.3713 1.37125 1.37122 1.37119 1.37116 1.37115 1.37114 1.37114 1.37115 1.37116 1.37119 1.37123 1.37129 1.37136 1.37145 1.37157 1.3717 1.37186 1.37205 1.37226 1.3725 1.37276 1.37305 1.37335 1.37368 1.37401 1.37435 
1.36796 1.3683 1.36864 1.36896 1.36926 1.36955 1.36981 1.37005 1.37026 1.37045 1.37061 1.37075 1.37087 1.37097 1.37105 1.37112 1.37118 1.37122 1.37126 1.3713 1.37133 1.37136 1.37138 1.37141 1.37145 1.37149 1.37153 1.37159 1.37165 1.37172 1.37181 1.3719 1.37201 1.37213 1.37226 1.3724 1.37255 1.3727 1.37286 1.37303 1.3732 1.37336 1.37352 1.37367 1.37381 1.37393 1.37404 1.37413 1.3742 1.37425 1.37427 1.37427 1.37425 1.37421 1.37414 1.37405 1.37395 1.37382 1.37369 1.37354 1.37339 1.37323 1.37307 1.37291 1.37275 1.3726 1.37245 1.37231 1.37218 1.37207 1.37196 1.37186 1.37178 1.37171 1.37164 1.37159 1.37155 1.37151 1.37149 1.37147 1.37146 1.37147 1.37148 1.37151 1.37155 1.3716 1.37167 1.37176 1.37187 1.37201 1.37217 1.37235 1.37256 1.3728 1.37307 1.37335 1.37366 1.37398 1.37432 1.37466 
1.36825 1.36859 1.36892 1.36924 1.36955 1.36983 1.3701 1.37033 1.37055 1.37073 1.3709 1.37104 1.37116 1.37126 1.37134 1.37141 1.37147 1.37152 1.37156 1.3716 1.37163 1.37167 1.3717 1.37175 1.37179 1.37185 1.37192 1.37199 1.37209 1.37219 1.37231 1.37245 1.3726 1.37277 1.37296 1.37316 1.37337 1.37359 1.37382 1.37405 1.37428 1.37451 1.37473 1.37494 1.37514 1.37531 1.37546 1.37558 1.37568 1.37574 1.37577 1.37577 1.37574 1.37568 1.37558 1.37546 1.37531 1.37514 1.37495 1.37474 1.37453 1.3743 1.37407 1.37385 1.37363 1.37341 1.3732 1.37301 1.37283 1.37266 1.37251 1.37237 1.37225 1.37215 1.37206 1.37198 1.37192 1.37187 1.37183 1.3718 1.37178 1.37178 1.37179 1.37181 1.37184 1.37189 1.37196 1.37205 1.37216 1.37229 1.37245 1.37264 1.37285 1.37309 1.37335 1.37364 1.37394 1.37427 1.3746 1.37494 
1.36851 1.36885 1.36918 1.36951 1.36981 1.3701 1.37036 1.37059 1.37081 1.371 1.37116 1.3713 1.37142 1.37152 1.37161 1.37168 1.37174 1.37179 1.37184 1.37188 1.37193 1.37197 1.37202 1.37208 1.37215 1.37223 1.37233 1.37244 1.37257 1.37273 1.3729 1.3731 1.37332 1.37357 1.37383 1.37412 1.37442 1.37473 1.37506 1.37538 1.37571 1.37603 1.37634 1.37663 1.3769 1.37714 1.37735 1.37752 1.37765 1.37774 1.37778 1.37778 1.37773 1.37764 1.3775 1.37733 1.37712 1.37688 1.37661 1.37632 1.37601 1.3757 1.37538 1.37506 1.37474 1.37444 1.37415 1.37387 1.37361 1.37338 1.37316 1.37297 1.37279 1.37264 1.37251 1.3724 1.37231 1.37223 1.37217 1.37213 1.3721 1.37208 1.37208 1.37209 1.37212 1.37217 1.37223 1.37232 1.37243 1.37256 1.37272 1.3729 1.37311 1.37335 1.37361 1.3739 1.3742 1.37453 1.37486 1.3752 
1.36875 1.36909 1.36942 1.36974 1.37005 1.37033 1.37059 1.37083 1.37105 1.37123 1.3714 1.37154 1.37166 1.37176 1.37185 1.37193 1.37199 1.37205 1.3721 1.37216 1.37221 1.37227 1.37234 1.37243 1.37253 1.37265 1.37279 1.37295 1.37314 1.37336 1.37362 1.3739 1.37422 1.37457 1.37495 1.37535 1.37578 1.37622 1.37667 1.37713 1.37759 1.37804 1.37847 1.37887 1.37924 1.37958 1.37986 1.38009 1.38027 1.38039 1.38044 1.38043 1.38036 1.38023 1.38004 1.3798 1.3795 1.37917 1.37879 1.37839 1.37796 1.37752 1.37707 1.37663 1.37619 1.37576 1.37535 1.37496 1.37459 1.37426 1.37395 1.37368 1.37343 1.37321 1.37303 1.37287 1.37273 1.37262 1.37253 1.37246 1.37241 1.37237 1.37236 1.37236 1.37238 1.37242 1.37248 1.37257 1.37267 1.3728 1.37296 1.37314 1.37335 1.37359 1.37385 1.37414 1.37444 1.37477 1.3751 1.37544 
1.36896 1.3693 1.36964 1.36996 1.37026 1.37055 1.37081 1.37105 1.37126 1.37145 1.37161 1.37176 1.37188 1.37198 1.37207 1.37215 1.37222 1.37229 1.37235 1.37242 1.3725 1.37258 1.37268 1.3728 1.37294 1.37311 1.37331 1.37355 1.37383 1.37415 1.37451 1.37491 1.37536 1.37585 1.37638 1.37695 1.37754 1.37816 1.37879 1.37943 1.38006 1.38068 1.38127 1.38182 1.38233 1.38278 1.38316 1.38348 1.38372 1.38387 1.38394 1.38393 1.38383 1.38364 1.38338 1.38304 1.38264 1.38217 1.38165 1.3811 1.38051 1.3799 1.37928 1.37866 1.37805 1.37746 1.37688 1.37634 1.37583 1.37537 1.37494 1.37455 1.3742 1.3739 1.37363 1.3734 1.37321 1.37304 1.37291 1.37281 1.37273 1.37267 1.37264 1.37262 1.37263 1.37266 1.37272 1.37279 1.3729 1.37302 1.37318 1.37336 1.37357 1.3738 1.37407 1.37435 1.37466 1.37498 1.37531 1.37565 
1.36915 1.36949 1.36982 1.37014 1.37045 1.37073 1.371 1.37123 1.37145 1.37164 1.3718 1.37195 1.37207 1.37218 1.37228 1.37236 1.37244 1.37252 1.3726 1.37269 1.37279 1.37291 1.37305 1.37322 1.37342 1.37366 1.37395 1.37429 1.37468 1.37513 1.37564 1.3762 1.37683 1.37752 1.37825 1.37903 1.37985 1.3807 1.38156 1.38243 1.38329 1.38413 1.38492 1.38567 1.38635 1.38696 1.38748 1.3879 1.38821 1.38842 1.38851 1.38848 1.38834 1.38809 1.38773 1.38727 1.38671 1.38608 1.38538 1.38462 1.38382 1.38299 1.38215 1.3813 1.38046 1.37965 1.37886 1.37812 1.37742 1.37677 1.37617 1.37564 1.37515 1.37473 1.37435 1.37403 1.37376 1.37353 1.37333 1.37318 1.37306 1.37297 1.37291 1.37288 1.37287 1.37289 1.37293 1.373 1.3731 1.37322 1.37337 1.37355 1.37376 1.37399 1.37426 1.37454 1.37484 1.37517 1.3755 1.37584 
1.36931 1.36965 1.36999 1.37031 1.37061 1.3709 1.37116 1.3714 1.37161 1.3718 1.37197 1.37212 1.37225 1.37236 1.37246 1.37256 1.37265 1.37274 1.37285 1.37296 1.3731 1.37326 1.37346 1.3737 1.37399 1.37433 1.37474 1.37521 1.37576 1.37638 1.37709 1.37787 1.37873 1.37967 1.38068 1.38174 1.38285 1.384 1.38516 1.38633 1.38748 1.3886 1.38966 1.39066 1.39156 1.39237 1.39305 1.3936 1.39401 1.39428 1.39439 1.39435 1.39416 1.39381 1.39333 1.39271 1.39197 1.39112 1.39018 1.38917 1.38809 1.38698 1.38584 1.3847 1.38358 1.38247 1.38141 1.3804 1.37945 1.37856 1.37775 1.37701 1.37635 1.37576 1.37525 1.3748 1.37441 1.37409 1.37382 1.3736 1.37343 1.3733 1.3732 1.37314 1.37311 1.37311 1.37314 1.3732 1.37328 1.3734 1.37355 1.37372 1.37393 1.37416 1.37442 1.3747 1.37501 1.37533 1.37566 1.37601 
1.36945 1.36979 1.37013 1.37045 1.37075 1.37104 1.3713 1.37154 1.37176 1.37195 1.37212 1.37227 1.3724 1.37252 1.37264 1.37274 1.37285 1.37297 1.37311 1.37326 1.37345 1.37368 1.37395 1.37428 1.37469 1.37516 1.37572 1.37638 1.37713 1.37799 1.37895 1.38002 1.38119 1.38246 1.38381 1.38524 1.38672 1.38825 1.3898 1.39134 1.39287 1.39434 1.39574 1.39704 1.39822 1.39927 1.40016 1.40087 1.40141 1.40175 1.40188 1.40182 1.40156 1.4011 1.40046 1.39965 1.39867 1.39755 1.39631 1.39497 1.39355 1.39208 1.39057 1.38906 1.38756 1.38609 1.38467 1.38332 1.38204 1.38085 1.37976 1.37876 1.37786 1.37706 1.37636 1.37575 1.37522 1.37477 1.3744 1.37409 1.37385 1.37365 1.37351 1.37341 1.37335 1.37332 1.37333 1.37338 1.37345 1.37356 1.3737 1.37388 1.37408 1.37431 1.37457 1.37485 1.37515 1.37547 1.37581 1.37615 
1.36957 1.36991 1.37024 1.37057 1.37087 1.37116 1.37142 1.37166 1.37188 1.37207 1.37225 1.3724 1.37254 1.37267 1.3728 1.37293 1.37306 1.37321 1.37339 1.3736 1.37386 1.37417 1.37455 1.37501 1.37556 1.37622 1.37699 1.37788 1.3789 1.38006 1.38136 1.38279 1.38435 1.38604 1.38783 1.38972 1.39168 1.39368 1.3957 1.39772 1.3997 1.40161 1.40342 1.4051 1.40663 1.40797 1.40911 1.41002 1.4107 1.41113 1.4113 1.41121 1.41086 1.41026 1.40943 1.40836 1.40709 1.40564 1.40403 1.40229 1.40044 1.39852 1.39656 1.39458 1.39261 1.39068 1.38881 1.38703 1.38534 1.38377 1.38231 1.38098 1.37978 1.37871 1.37776 1.37693 1.37622 1.37561 1.3751 1.37468 1.37434 1.37407 1.37386 1.3737 1.3736 1.37354 1.37353 1.37355 1.37361 1.37371 1.37384 1.37401 1.37421 1.37443 1.37469 1.37497 1.37527 1.37559 1.37592 1.37627 
1.36967 1.37001 1.37034 1.37067 1.37097 1.37126 1.37152 1.37176 1.37198 1.37218 1.37236 1.37252 1.37267 1.37282 1.37296 1.37312 1.37329 1.37348 1.37371 1.374 1.37435 1.37477 1.37529 1.37592 1.37667 1.37756 1.3786 1.3798 1.38117 1.38271 1.38443 1.38632 1.38838 1.39059 1.39294 1.39539 1.39793 1.40052 1.40313 1.40572 1.40826 1.4107 1.41301 1.41514 1.41708 1.41878 1.42022 1.42137 1.42221 1.42274 1.42295 1.42282 1.42237 1.4216 1.42053 1.41917 1.41755 1.41569 1.41363 1.4114 1.40903 1.40656 1.40403 1.40148 1.39894 1.39645 1.39403 1.3917 1.3895 1.38744 1.38553 1.38378 1.3822 1.38078 1.37953 1.37843 1.37747 1.37666 1.37597 1.3754 1.37493 1.37455 1.37426 1.37404 1.37388 1.37378 1.37373 1.37373 1.37377 1.37385 1.37397 1.37413 1.37432 1.37454 1.3748 1.37507 1.37537 1.37569 1.37603 1.37637 
1.36975 1.37009 1.37043 1.37075 1.37105 1.37134 1.37161 1.37185 1.37207 1.37228 1.37246 1.37264 1.3728 1.37296 1.37313 1.37332 1.37354 1.37379 1.3741 1.37449 1.37495 1.37553 1.37623 1.37707 1.37808 1.37927 1.38065 1.38224 1.38404 1.38607 1.38832 1.39079 1.39346 1.39632 1.39933 1.40248 1.40573 1.40903 1.41235 1.41563 1.41883 1.4219 1.4248 1.42748 1.4299 1.43201 1.4338 1.43523 1.43628 1.43692 1.43717 1.437 1.43642 1.43545 1.4341 1.43238 1.43034 1.428 1.4254 1.42258 1.41959 1.41647 1.41327 1.41002 1.40679 1.4036 1.40051 1.39753 1.3947 1.39204 1.38957 1.3873 1.38524 1.38339 1.38174 1.3803 1.37904 1.37796 1.37705 1.37629 1.37566 1.37515 1.37474 1.37443 1.3742 1.37404 1.37395 1.37391 1.37393 1.37399 1.37409 1.37424 1.37442 1.37464 1.37489 1.37516 1.37546 1.37578 1.37611 1.37645 
1.36982 1.37016 1.37049 1.37082 1.37112 1.37141 1.37168 1.37193 1.37215 1.37236 1.37256 1.37274 1.37293 1.37312 1.37332 1.37356 1.37383 1.37417 1.37458 1.37509 1.37571 1.37648 1.37741 1.37854 1.37987 1.38143 1.38324 1.38532 1.38767 1.3903 1.3932 1.39637 1.39978 1.40342 1.40725 1.41123 1.41532 1.41947 1.42362 1.42771 1.43169 1.43551 1.43909 1.4424 1.44538 1.44798 1.45017 1.45191 1.45319 1.45397 1.45425 1.45403 1.45331 1.4521 1.45042 1.44829 1.44576 1.44286 1.43963 1.43613 1.4324 1.42851 1.4245 1.42044 1.41638 1.41237 1.40846 1.40469 1.4011 1.39772 1.39457 1.39166 1.38902 1.38663 1.3845 1.38263 1.381 1.37959 1.37839 1.37738 1.37655 1.37587 1.37532 1.3749 1.37458 1.37434 1.37419 1.37411 1.37409 1.37413 1.37421 1.37434 1.37451 1.37472 1.37497 1.37524 1.37553 1.37585 1.37618 1.37652 
1.36987 1.37021 1.37055 1.37087 1.37118 1.37147 1.37174 1.37199 1.37222 1.37244 1.37265 1.37285 1.37306 1.37329 1.37354 1.37383 1.37419 1.37463 1.37517 1.37584 1.37667 1.37768 1.37891 1.38038 1.38212 1.38415 1.38649 1.38917 1.39218 1.39554 1.39923 1.40324 1.40755 1.41212 1.41691 1.42187 1.42695 1.43208 1.4372 1.44224 1.44712 1.45178 1.45615 1.46018 1.46379 1.46694 1.46959 1.47169 1.47322 1.47415 1.47448 1.47419 1.4733 1.47182 1.46976 1.46717 1.46408 1.46053 1.45658 1.45229 1.44772 1.44293 1.438 1.43298 1.42796 1.42298 1.41811 1.41341 1.40891 1.40466 1.40069 1.39702 1.39367 1.39063 1.38792 1.38552 1.38342 1.3816 1.38005 1.37874 1.37765 1.37676 1.37604 1.37547 1.37503 1.3747 1.37448 1.37434 1.37427 1.37427 1.37433 1.37444 1.3746 1.3748 1.37504 1.3753 1.37559 1.37591 1.37624 1.37657 
1.36992 1.37026 1.37059 1.37092 1.37122 1.37152 1.37179 1.37205 1.37229 1.37252 1.37274 1.37297 1.37321 1.37348 1.37379 1.37417 1.37463 1.3752 1.3759 1.37678 1.37787 1.37919 1.38078 1.38268 1.38492 1.38752 1.39052 1.39392 1.39773 1.40196 1.40659 1.4116 1.41696 1.42262 1.42853 1.43463 1.44085 1.44711 1.45333 1.45944 1.46534 1.47096 1.47622 1.48104 1.48536 1.48912 1.49227 1.49477 1.49658 1.49767 1.49805 1.49769 1.49661 1.49482 1.49235 1.48923 1.48551 1.48124 1.47648 1.47129 1.46576 1.45996 1.45397 1.44786 1.44173 1.43563 1.42966 1.42386 1.41831 1.41304 1.4081 1.40352 1.39932 1.39551 1.39209 1.38906 1.38639 1.38408 1.3821 1.38042 1.37901 1.37785 1.37691 1.37616 1.37557 1.37513 1.37481 1.3746 1.37448 1.37444 1.37446 1.37455 1.37469 1.37488 1.3751 1.37536 1.37565 1.37596 1.37628 1.37662 
1.36995 1.37029 1.37063 1.37095 1.37126 1.37156 1.37184 1.3721 1.37235 1.3726 1.37285 1.37311 1.37339 1.37371 1.3741 1.37458 1.37517 1.3759 1.37682 1.37796 1.37936 1.38106 1.3831 1.38553 1.38837 1.39167 1.39544 1.39971 1.40447 1.40972 1.41545 1.42162 1.4282 1.43511 1.44231 1.4497 1.45721 1.46475 1.47221 1.47951 1.48654 1.49322 1.49945 1.50515 1.51025 1.51468 1.51837 1.5213 1.52341 1.52468 1.5251 1.52466 1.52337 1.52125 1.51832 1.51462 1.51021 1.50514 1.49949 1.49332 1.48673 1.47979 1.47261 1.46528 1.45788 1.45052 1.44328 1.43624 1.42946 1.42302 1.41696 1.41132 1.40612 1.4014 1.39714 1.39335 1.39001 1.3871 1.3846 1.38247 1.38068 1.3792 1.37798 1.37701 1.37624 1.37565 1.37522 1.37491 1.37472 1.37462 1.37461 1.37466 1.37478 1.37495 1.37516 1.37541 1.37569 1.376 1.37632 1.37666 
1.36998 1.37032 1.37066 1.37098 1.3713 1.3716 1.37188 1.37216 1.37242 1.37269 1.37296 1.37326 1.3736 1.374 1.37449 1.37509 1.37584 1.37678 1.37796 1.37942 1.3812 1.38336 1.38595 1.389 1.39258 1.39669 1.40139 1.40667 1.41253 1.41898 1.42598 1.43348 1.44144 1.44978 1.45841 1.46726 1.47621 1.48515 1.49398 1.50258 1.51085 1.51867 1.52595 1.5326 1.53853 1.54366 1.54794 1.55132 1.55375 1.55521 1.55567 1.55515 1.55363 1.55115 1.54773 1.54342 1.53827 1.53234 1.52572 1.51848 1.51072 1.50255 1.49406 1.48537 1.47659 1.46781 1.45915 1.4507 1.44254 1.43475 1.4274 1.42054 1.4142 1.40841 1.40317 1.39849 1.39436 1.39074 1.38762 1.38495 1.3827 1.38082 1.37928 1.37804 1.37705 1.37628 1.37571 1.37529 1.37501 1.37484 1.37478 1.37479 1.37488 1.37503 1.37522 1.37546 1.37574 1.37604 1.37636 1.37669 
1.37001 1.37035 1.37068 1.37101 1.37133 1.37163 1.37193 1.37221 1.3725 1.37279 1.3731 1.37345 1.37386 1.37435 1.37495 1.37571 1.37667 1.37787 1.37936 1.3812 1.38345 1.38616 1.38939 1.3932 1.39763 1.40271 1.40847 1.41492 1.42206 1.42987 1.4383 1.44731 1.45682 1.46674 1.47697 1.48741 1.49793 1.5084 1.51871 1.52871 1.5383 1.54734 1.55573 1.56337 1.57017 1.57605 1.58094 1.58478 1.58754 1.58919 1.58971 1.58909 1.58734 1.58448 1.58055 1.57559 1.56966 1.56283 1.55518 1.5468 1.5378 1.5283 1.5184 1.50824 1.49793 1.4876 1.47738 1.46736 1.45766 1.44837 1.43957 1.43132 1.42367 1.41665 1.41029 1.40458 1.39952 1.39508 1.39122 1.38792 1.38513 1.38279 1.38086 1.37929 1.37803 1.37705 1.37629 1.37574 1.37535 1.3751 1.37497 1.37494 1.37499 1.37511 1.37529 1.37552 1.37578 1.37607 1.37639 1.37671 
1.37003 1.37037 1.3707 1.37103 1.37136 1.37167 1.37197 1.37227 1.37258 1.37291 1.37326 1.37368 1.37417 1.37477 1.37553 1.37648 1.37768 1.37919 1.38106 1.38336 1.38616 1.38953 1.39352 1.3982 1.40362 1.40981 1.4168 1.42459 1.43316 1.4425 1.45254 1.46321 1.47443 1.48608 1.49805 1.51021 1.52242 1.53452 1.54639 1.55787 1.56883 1.57915 1.58869 1.59736 1.60505 1.61168 1.61719 1.62152 1.62461 1.62645 1.62702 1.6263 1.62432 1.62108 1.61663 1.611 1.60427 1.5965 1.58779 1.57823 1.56793 1.55702 1.54564 1.5339 1.52197 1.50996 1.49804 1.48632 1.47492 1.46397 1.45355 1.44375 1.43463 1.42624 1.41859 1.41171 1.40558 1.40019 1.39549 1.39145 1.38801 1.38512 1.38273 1.38078 1.3792 1.37796 1.377 1.37628 1.37576 1.37541 1.3752 1.37511 1.37512 1.37521 1.37536 1.37557 1.37582 1.37611 1.37641 1.37674 
1.37005 1.37039 1.37072 1.37106 1.37138 1.3717 1.37202 1.37234 1.37268 1.37305 1.37346 1.37395 1.37455 1.37529 1.37623 1.37741 1.37891 1.38078 1.3831 1.38595 1.38939 1.39352 1.3984 1.40409 1.41064 1.41809 1.42646 1.43575 1.44593 1.45696 1.46876 1.48125 1.49432 1.50784 1.52167 1.53565 1.54963 1.56345 1.57694 1.58994 1.60232 1.61393 1.62464 1.63433 1.64292 1.65031 1.65644 1.66124 1.66466 1.66669 1.66731 1.6665 1.66428 1.66066 1.65569 1.6494 1.64186 1.63315 1.62336 1.6126 1.60097 1.58862 1.57568 1.56231 1.54866 1.53489 1.52115 1.50759 1.49437 1.48161 1.46943 1.45792 1.44717 1.43724 1.42816 1.41995 1.41262 1.40613 1.40047 1.39558 1.3914 1.38788 1.38495 1.38255 1.3806 1.37905 1.37784 1.37693 1.37625 1.37578 1.37548 1.37532 1.37527 1.37532 1.37544 1.37563 1.37587 1.37614 1.37644 1.37676 
1.37007 1.37041 1.37074 1.37108 1.37141 1.37175 1.37208 1.37243 1.3728 1.37322 1.3737 1.37428 1.37501 1.37592 1.37707 1.37854 1.38038 1.38268 1.38553 1.389 1.3932 1.3982 1.40409 1.41092 1.41875 1.42762 1.43753 1.44847 1.46041 1.47328 1.487 1.50144 1.51649 1.53198 1.54776 1.56364 1.57946 1.59503 1.61017 1.62471 1.63851 1.6514 1.66327 1.67398 1.68344 1.69157 1.69829 1.70354 1.70729 1.70951 1.71017 1.70927 1.70682 1.70284 1.69736 1.69043 1.68211 1.67248 1.66163 1.64966 1.63671 1.6229 1.60839 1.59333 1.57791 1.5623 1.54666 1.53117 1.51601 1.50131 1.48722 1.47386 1.46133 1.44971 1.43904 1.42937 1.42068 1.41298 1.40622 1.40036 1.39534 1.3911 1.38755 1.38462 1.38224 1.38034 1.37884 1.37769 1.37683 1.37622 1.37581 1.37556 1.37545 1.37545 1.37554 1.3757 1.37592 1.37618 1.37647 1.37679 
1.37009 1.37043 1.37077 1.37111 1.37145 1.37179 1.37215 1.37253 1.37294 1.37342 1.37399 1.37469 1.37556 1.37667 1.37808 1.37987 1.38212 1.38492 1.38837 1.39258 1.39763 1.40362 1.41064 1.41875 1.42801 1.43843 1.45003 1.46278 1.47662 1.49148 1.50723 1.52374 1.54085 1.5584 1.57619 1.59402 1.61169 1.62902 1.64581 1.66188 1.67706 1.69121 1.70418 1.71587 1.72616 1.73498 1.74226 1.74795 1.75199 1.75438 1.75508 1.7541 1.75145 1.74713 1.74118 1.73365 1.72459 1.71408 1.7022 1.68908 1.67482 1.65957 1.64349 1.62676 1.60955 1.59205 1.57446 1.55697 1.53976 1.52303 1.50692 1.49158 1.47714 1.46368 1.45129 1.43999 1.42982 1.42076 1.41279 1.40585 1.39988 1.39481 1.39055 1.38703 1.38415 1.38184 1.38 1.37859 1.37751 1.37673 1.37619 1.37584 1.37566 1.3756 1.37565 1.37578 1.37597 1.37622 1.3765 1.37681 
1.37011 1.37045 1.37079 1.37114 1.37149 1.37185 1.37223 1.37265 1.37311 1.37366 1.37433 1.37516 1.37622 1.37756 1.37927 1.38143 1.38415 1.38752 1.39167 1.39669 1.40271 1.40981 1.41809 1.42762 1.43843 1.45056 1.46399 1.47868 1.49455 1.51149 1.52938 1.54804 1.56729 1.58693 1.60675 1.62654 1.64606 1.66512 1.68352 1.70105 1.71756 1.73289 1.7469 1.75949 1.77055 1.78001 1.78779 1.79387 1.79818 1.80072 1.80147 1.80042 1.79758 1.79296 1.78659 1.77852 1.76878 1.75746 1.74463 1.73041 1.71491 1.69828 1.68069 1.6623 1.64331 1.62393 1.60437 1.58483 1.56553 1.54668 1.52846 1.51104 1.49456 1.47915 1.46489 1.45185 1.44006 1.42951 1.42019 1.41205 1.40503 1.39903 1.39399 1.38979 1.38635 1.38357 1.38135 1.37963 1.37831 1.37733 1.37664 1.37617 1.3759 1.37578 1.37577 1.37587 1.37604 1.37627 1.37654 1.37684 
1.37014 1.37047 1.37081 1.37117 1.37153 1.37192 1.37233 1.37279 1.37331 1.37395 1.37474 1.37572 1.37699 1.3786 1.38065 1.38324 1.38649 1.39052 1.39544 1.40139 1.40847 1.4168 1.42646 1.43753 1.45003 1.46399 1.47937 1.49611 1.51411 1.53323 1.55332 1.57418 1.5956 1.61735 1.63919 1.6609 1.68222 1.70295 1.72286 1.74178 1.75952 1.77593 1.79089 1.80428 1.81602 1.82603 1.83426 1.84067 1.84522 1.84789 1.84868 1.84758 1.84458 1.83971 1.83298 1.82443 1.8141 1.80206 1.78838 1.77316 1.75652 1.73861 1.71957 1.6996 1.67889 1.65766 1.63614 1.61455 1.59314 1.57213 1.55173 1.53214 1.51354 1.49606 1.47983 1.46492 1.45139 1.43924 1.42846 1.419 1.41081 1.4038 1.39787 1.39293 1.38885 1.38554 1.3829 1.38082 1.37922 1.37802 1.37715 1.37656 1.37618 1.37598 1.37592 1.37598 1.37611 1.37632 1.37658 1.37687 
1.37016 1.3705 1.37084 1.37121 1.37159 1.37199 1.37244 1.37295 1.37355 1.37429 1.37521 1.37638 1.37788 1.3798 1.38224 1.38532 1.38917 1.39392 1.39971 1.40667 1.41492 1.42459 1.43575 1.44847 1.46278 1.47868 1.49611 1.51499 1.53519 1.55655 1.57888 1.60196 1.62553 1.64936 1.67318 1.69673 1.71976 1.74205 1.76338 1.78355 1.80239 1.81976 1.83554 1.84962 1.86193 1.87241 1.881 1.88768 1.89243 1.89522 1.89604 1.8949 1.89179 1.88672 1.8797 1.87077 1.85995 1.8473 1.83289 1.8168 1.79914 1.78005 1.75969 1.73824 1.7159 1.6929 1.66947 1.64588 1.62236 1.59918 1.57657 1.55477 1.53397 1.51435 1.49605 1.47918 1.46379 1.44992 1.43757 1.4267 1.41724 1.40912 1.40222 1.39645 1.39167 1.38778 1.38465 1.38218 1.38026 1.37881 1.37775 1.377 1.3765 1.37622 1.37609 1.3761 1.3762 1.37638 1.37662 1.3769 
1.37019 1.37053 1.37088 1.37125 1.37165 1.37209 1.37257 1.37314 1.37383 1.37468 1.37576 1.37713 1.3789 1.38117 1.38404 1.38767 1.39218 1.39773 1.40447 1.41253 1.42206 1.43316 1.44593 1.46041 1.47662 1.49455 1.51411 1.53519 1.55764 1.58127 1.60584 1.6311 1.65679 1.68263 1.70833 1.73362 1.75824 1.78196 1.80455 1.82583 1.84562 1.8638 1.88026 1.8949 1.90766 1.91849 1.92737 1.93425 1.93914 1.94202 1.94287 1.94171 1.93852 1.93332 1.9261 1.91688 1.90569 1.89256 1.87755 1.86074 1.84222 1.82211 1.80057 1.77778 1.75393 1.72927 1.70403 1.67849 1.65292 1.6276 1.60279 1.57876 1.55573 1.53391 1.51347 1.49454 1.47721 1.46153 1.44751 1.43512 1.42431 1.41498 1.40704 1.40036 1.39481 1.39027 1.38661 1.3837 1.38143 1.3797 1.37842 1.3775 1.37687 1.37648 1.37629 1.37623 1.3763 1.37645 1.37667 1.37694 
1.37023 1.37056 1.37092 1.3713 1.37172 1.37219 1.37273 1.37336 1.37415 1.37513 1.37638 1.37799 1.38006 1.38271 1.38607 1.3903 1.39554 1.40196 1.40972 1.41898 1.42987 1.4425 1.45696 1.47328 1.49148 1.51149 1.53323 1.55655 1.58127 1.60714 1.63393 1.66133 1.68905 1.71679 1.74425 1.77114 1.7972 1.82217 1.84586 1.86806 1.88864 1.90746 1.92444 1.93949 1.95258 1.96366 1.97271 1.97974 1.98471 1.98765 1.98854 1.98737 1.98415 1.97887 1.97153 1.96214 1.9507 1.93723 1.92178 1.90441 1.88519 1.86424 1.8417 1.81773 1.79253 1.76635 1.73943 1.71205 1.68451 1.65711 1.63014 1.60389 1.57862 1.55458 1.53195 1.51091 1.49157 1.474 1.45823 1.44424 1.43198 1.42137 1.4123 1.40465 1.39827 1.39303 1.38878 1.3854 1.38274 1.3807 1.37917 1.37806 1.37729 1.37679 1.3765 1.37639 1.37641 1.37653 1.37673 1.37698 
1.37027 1.3706 1.37096 1.37136 1.37181 1.37231 1.3729 1.37362 1.37451 1.37564 1.37709 1.37895 1.38136 1.38443 1.38832 1.3932 1.39923 1.40659 1.41545 1.42598 1.4383 1.45254 1.46876 1.487 1.50723 1.52938 1.55332 1.57888 1.60584 1.63393 1.66285 1.69229 1.72193 1.75144 1.78051 1.80883 1.83614 1.86219 1.88678 1.90973 1.9309 1.95019 1.96752 1.98283 1.9961 2.00732 2.01646 2.02354 2.02856 2.03153 2.03244 2.03129 2.02808 2.02279 2.01542 2.00596 1.9944 1.98075 1.96502 1.94726 1.92753 1.90593 1.88256 1.85761 1.83125 1.80371 1.77527 1.74619 1.7168 1.68741 1.65835 1.62993 1.60245 1.57618 1.55136 1.52818 1.50678 1.48726 1.46967 1.45401 1.44023 1.42827 1.418 1.40931 1.40204 1.39605 1.39117 1.38726 1.38418 1.3818 1.38 1.37868 1.37775 1.37712 1.37675 1.37657 1.37654 1.37662 1.37679 1.37703 
1.37032 1.37064 1.37102 1.37143 1.3719 1.37245 1.3731 1.3739 1.37491 1.3762 1.37787 1.38002 1.38279 1.38632 1.39079 1.39637 1.40324 1.4116 1.42162 1.43348 1.44731 1.46321 1.48125 1.50144 1.52374 1.54804 1.57418 1.60196 1.6311 1.66133 1.69229 1.72366 1.75507 1.78619 1.81669 1.84625 1.87461 1.90154 1.92682 1.95032 1.97189 1.99147 2.00898 2.02441 2.03773 2.04896 2.05809 2.06516 2.07017 2.07314 2.07407 2.07296 2.06979 2.06457 2.05725 2.04783 2.03628 2.02258 2.00674 1.98878 1.96873 1.94666 1.92269 1.89695 1.86962 1.84093 1.81113 1.78053 1.74943 1.71819 1.68713 1.65662 1.62699 1.59853 1.57152 1.54618 1.5227 1.50119 1.48174 1.46435 1.449 1.43562 1.42411 1.41432 1.4061 1.3993 1.39375 1.38929 1.38576 1.38301 1.38092 1.37937 1.37826 1.3775 1.37702 1.37676 1.37668 1.37672 1.37687 1.37709 
1.37037 1.37069 1.37107 1.37151 1.37201 1.3726 1.37332 1.37422 1.37536 1.37683 1.37873 1.38119 1.38435 1.38838 1.39346 1.39978 1.40755 1.41696 1.4282 1.44144 1.45682 1.47443 1.49432 1.51649 1.54085 1.56729 1.5956 1.62553 1.65679 1.68905 1.72193 1.75507 1.7881 1.82064 1.85237 1.88297 1.91218 1.93976 1.96554 1.98938 2.01117 2.03085 2.04839 2.06377 2.07702 2.08815 2.09719 2.10417 2.10913 2.11207 2.11301 2.11195 2.10887 2.10376 2.09659 2.0873 2.07588 2.06229 2.04649 2.0285 2.00832 1.98599 1.96162 1.9353 1.90722 1.87758 1.84663 1.81468 1.78205 1.74909 1.71618 1.68369 1.65197 1.62138 1.59222 1.56475 1.53919 1.51569 1.49434 1.47519 1.45823 1.44339 1.43057 1.41963 1.41043 1.40279 1.39652 1.39147 1.38745 1.38431 1.38191 1.38011 1.37881 1.3779 1.37732 1.37698 1.37683 1.37683 1.37695 1.37715 
1.37042 1.37075 1.37114 1.37159 1.37213 1.37277 1.37357 1.37457 1.37585 1.37752 1.37967 1.38246 1.38604 1.39059 1.39632 1.40342 1.41212 1.42262 1.43511 1.44978 1.46674 1.48608 1.50784 1.53198 1.5584 1.58693 1.61735 1.64936 1.68263 1.71679 1.75144 1.78619 1.82064 1.85442 1.88717 1.9186 1.94844 1.97648 2.00255 2.02653 2.04835 2.06797 2.08537 2.10058 2.11363 2.12456 2.13343 2.14026 2.14511 2.148 2.14895 2.14796 2.145 2.14006 2.13309 2.12405 2.11287 2.0995 2.08391 2.06605 2.04591 2.02353 1.99895 1.97227 1.94364 1.91326 1.88138 1.84827 1.81429 1.7798 1.74518 1.71083 1.67715 1.64452 1.61327 1.58371 1.55609 1.5306 1.50736 1.48643 1.46783 1.45149 1.43734 1.42522 1.41499 1.40647 1.39946 1.39379 1.38926 1.38571 1.38297 1.38091 1.37941 1.37834 1.37764 1.37721 1.377 1.37695 1.37704 1.37722 
1.37049 1.37081 1.37121 1.37168 1.37226 1.37296 1.37383 1.37495 1.37638 1.37825 1.38068 1.38381 1.38783 1.39294 1.39933 1.40725 1.41691 1.42853 1.44231 1.45841 1.47697 1.49805 1.52167 1.54776 1.57619 1.60675 1.63919 1.67318 1.70833 1.74425 1.78051 1.81669 1.85237 1.88717 1.92075 1.9528 1.98306 2.01135 2.03751 2.06146 2.08314 2.10253 2.11967 2.13458 2.14733 2.15797 2.16658 2.17321 2.17792 2.18074 2.18169 2.18077 2.17796 2.17323 2.16654 2.15781 2.14697 2.13395 2.11869 2.10111 2.0812 2.05893 2.03435 2.00751 1.97855 1.94764 1.91502 1.88098 1.84584 1.80998 1.77382 1.73777 1.70226 1.66769 1.63444 1.60286 1.57323 1.54578 1.52065 1.49795 1.4777 1.45986 1.44435 1.43103 1.41975 1.41032 1.40254 1.39622 1.39116 1.38718 1.3841 1.38176 1.38004 1.37881 1.37798 1.37746 1.37718 1.37708 1.37713 1.37729 
1.37055 1.37088 1.37129 1.37179 1.3724 1.37316 1.37412 1.37535 1.37695 1.37903 1.38174 1.38524 1.38972 1.39539 1.40248 1.41123 1.42187 1.43463 1.4497 1.46726 1.48741 1.51021 1.53565 1.56364 1.59402 1.62654 1.6609 1.69673 1.73362 1.77114 1.80883 1.84625 1.88297 1.9186 1.9528 1.98526 2.01575 2.0441 2.07019 2.09393 2.11531 2.13435 2.15109 2.1656 2.17795 2.18823 2.19653 2.20291 2.20745 2.21017 2.21111 2.21028 2.20764 2.20316 2.19679 2.18844 2.17803 2.16546 2.15064 2.13349 2.11394 2.09195 2.06754 2.04073 2.01164 1.98041 1.94726 1.91247 1.87637 1.83935 1.80182 1.76423 1.72702 1.69064 1.65551 1.622 1.59043 1.56106 1.53409 1.50964 1.48775 1.4684 1.45152 1.43699 1.42465 1.4143 1.40573 1.39876 1.39315 1.38872 1.38528 1.38266 1.38071 1.37931 1.37834 1.37772 1.37737 1.37722 1.37723 1.37737 
1.37062 1.37095 1.37137 1.37189 1.37255 1.37337 1.37442 1.37578 1.37754 1.37985 1.38285 1.38672 1.39168 1.39793 1.40573 1.41532 1.42695 1.44085 1.45721 1.47621 1.49793 1.52242 1.54963 1.57946 1.61169 1.64606 1.68222 1.71976 1.75824 1.7972 1.83614 1.87461 1.91218 1.94844 1.98306 2.01575 2.0463 2.07454 2.10038 2.12378 2.14475 2.16331 2.17956 2.19357 2.20546 2.21532 2.22325 2.22935 2.23368 2.2363 2.23723 2.23648 2.23403 2.22983 2.22381 2.21589 2.20597 2.19393 2.17965 2.16303 2.14397 2.12241 2.09832 2.07172 2.04267 2.0113 1.97782 1.94248 1.90563 1.86762 1.82891 1.78995 1.7512 1.71315 1.67625 1.64091 1.60749 1.57629 1.54753 1.52136 1.49786 1.47703 1.4588 1.44305 1.42964 1.41836 1.409 1.40136 1.39519 1.39031 1.3865 1.38358 1.3814 1.37982 1.37872 1.378 1.37757 1.37737 1.37734 1.37746 
1.3707 1.37102 1.37146 1.37201 1.3727 1.37359 1.37473 1.37622 1.37816 1.3807 1.384 1.38825 1.39368 1.40052 1.40903 1.41947 1.43208 1.44711 1.46475 1.48515 1.5084 1.53452 1.56345 1.59503 1.62902 1.66512 1.70295 1.74205 1.78196 1.82217 1.86219 1.90154 1.93976 1.97648 2.01135 2.0441 2.07454 2.10253 2.128 2.15094 2.17137 2.18938 2.20505 2.21851 2.22988 2.23927 2.24681 2.25259 2.2567 2.2592 2.26011 2.25945 2.25719 2.25329 2.24766 2.24021 2.23081 2.21935 2.20569 2.18968 2.17122 2.1502 2.12657 2.10031 2.07146 2.04013 2.00649 1.97079 1.93335 1.89456 1.85484 1.81467 1.77455 1.73499 1.69645 1.6594 1.62423 1.59128 1.5608 1.53298 1.50792 1.48563 1.46607 1.44913 1.43466 1.42246 1.41231 1.40399 1.39727 1.39192 1.38774 1.38453 1.38212 1.38036 1.37911 1.37828 1.37777 1.37752 1.37745 1.37754 
1.37077 1.3711 1.37155 1.37212 1.37286 1.37382 1.37506 1.37667 1.37879 1.38156 1.38516 1.3898 1.3957 1.40313 1.41235 1.42362 1.4372 1.45333 1.47221 1.49398 1.51871 1.54639 1.57694 1.61017 1.64581 1.68352 1.72286 1.76338 1.80455 1.84586 1.88678 1.92682 1.96554 2.00255 2.03751 2.07019 2.10038 2.128 2.15299 2.17537 2.1952 2.21258 2.22763 2.24049 2.2513 2.2602 2.26733 2.27278 2.27666 2.27903 2.27992 2.27935 2.27728 2.27368 2.26844 2.26148 2.25265 2.2418 2.2288 2.21347 2.19567 2.17529 2.15222 2.12642 2.0979 2.06674 2.0331 1.99721 1.95936 1.91994 1.87939 1.83819 1.79686 1.75593 1.7159 1.67727 1.64047 1.60588 1.57377 1.54437 1.51781 1.49411 1.47326 1.45516 1.43965 1.42654 1.41561 1.40663 1.39936 1.39355 1.389 1.38549 1.38284 1.38089 1.37951 1.37857 1.37799 1.37767 1.37757 1.37763 
1.37085 1.37118 1.37164 1.37224 1.37303 1.37405 1.37538 1.37713 1.37943 1.38243 1.38633 1.39134 1.39772 1.40572 1.41563 1.42771 1.44224 1.45944 1.47951 1.50258 1.52871 1.55787 1.58994 1.62471 1.66188 1.70105 1.74178 1.78355 1.82583 1.86806 1.90973 1.95032 1.98938 2.02653 2.06146 2.09393 2.12378 2.15094 2.17537 2.19713 2.21631 2.23302 2.24742 2.25965 2.26989 2.27829 2.28499 2.29011 2.29375 2.29599 2.29685 2.29636 2.29449 2.29118 2.28635 2.27987 2.27161 2.2614 2.24908 2.23447 2.21738 2.19769 2.17525 2.15 2.12192 2.09106 2.05755 2.0216 1.98349 1.94361 1.90238 1.86031 1.81793 1.77578 1.73442 1.69435 1.65604 1.61991 1.58628 1.55539 1.5274 1.50237 1.48028 1.46106 1.44455 1.43056 1.41887 1.40924 1.40142 1.39517 1.39025 1.38644 1.38356 1.38143 1.37991 1.37886 1.3782 1.37783 1.37769 1.37773 
1.37093 1.37126 1.37173 1.37236 1.3732 1.37428 1.37571 1.37759 1.38006 1.38329 1.38748 1.39287 1.3997 1.40826 1.41883 1.43169 1.44712 1.46534 1.48654 1.51085 1.5383 1.56883 1.60232 1.63851 1.67706 1.71756 1.75952 1.80239 1.84562 1.88864 1.9309 1.97189 2.01117 2.04835 2.08314 2.11531 2.14475 2.17137 2.1952 2.21631 2.2348 2.25083 2.26456 2.27617 2.28584 2.29374 2.30001 2.3048 2.30821 2.31031 2.31115 2.31074 2.30905 2.30603 2.30158 2.29559 2.28789 2.27832 2.26669 2.25279 2.23645 2.21747 2.19572 2.17108 2.14351 2.11303 2.07975 2.04386 2.00562 1.96541 1.92366 1.88087 1.83759 1.79438 1.75182 1.71045 1.67078 1.63324 1.59819 1.56592 1.53659 1.5103 1.48704 1.46675 1.44929 1.43446 1.42204 1.41178 1.40344 1.39675 1.39147 1.38738 1.38427 1.38196 1.3803 1.37915 1.37841 1.37798 1.3778 1.37782 
1.37101 1.37134 1.37182 1.37248 1.37336 1.37451 1.37603 1.37804 1.38068 1.38413 1.3886 1.39434 1.40161 1.4107 1.4219 1.43551 1.45178 1.47096 1.49322 1.51867 1.54734 1.57915 1.61393 1.6514 1.69121 1.73289 1.77593 1.81976 1.8638 1.90746 1.95019 1.99147 2.03085 2.06797 2.10253 2.13435 2.16331 2.18938 2.21258 2.23302 2.25083 2.26618 2.27926 2.29025 2.29937 2.30678 2.31265 2.31712 2.3203 2.32228 2.32309 2.32275 2.32123 2.31848 2.3144 2.30887 2.30171 2.29276 2.2818 2.26861 2.253 2.23475 2.2137 2.1897 2.16269 2.13266 2.09968 2.06394 2.02568 1.98526 1.94311 1.89973 1.85569 1.81157 1.76796 1.72543 1.68453 1.64571 1.60937 1.57582 1.54526 1.5178 1.49345 1.47216 1.4538 1.43818 1.42507 1.41422 1.40538 1.39827 1.39265 1.38829 1.38496 1.38248 1.38069 1.37944 1.37862 1.37813 1.37792 1.37791 
1.37109 1.37142 1.37191 1.3726 1.37352 1.37473 1.37634 1.37847 1.38127 1.38492 1.38966 1.39574 1.40342 1.41301 1.4248 1.43909 1.45615 1.47622 1.49945 1.52595 1.55573 1.58869 1.62464 1.66327 1.70418 1.7469 1.79089 1.83554 1.88026 1.92444 1.96752 2.00898 2.04839 2.08537 2.11967 2.15109 2.17956 2.20505 2.22763 2.24742 2.26456 2.27926 2.29171 2.30212 2.31071 2.31767 2.32315 2.32732 2.33029 2.33214 2.33292 2.33265 2.33129 2.32879 2.32506 2.31995 2.31331 2.30493 2.29461 2.28211 2.2672 2.24967 2.2293 2.20595 2.17951 2.14996 2.11734 2.08181 2.0436 2.00306 1.96062 1.91678 1.87211 1.82721 1.78269 1.73915 1.69715 1.6572 1.6197 1.58499 1.55331 1.52477 1.49943 1.47722 1.45803 1.44167 1.42792 1.41652 1.40721 1.39971 1.39377 1.38915 1.38561 1.38297 1.38105 1.37971 1.37882 1.37828 1.37803 1.378 
1.37116 1.37149 1.372 1.37271 1.37367 1.37494 1.37663 1.37887 1.38182 1.38567 1.39066 1.39704 1.4051 1.41514 1.42748 1.4424 1.46018 1.48104 1.50515 1.5326 1.56337 1.59736 1.63433 1.67398 1.71587 1.75949 1.80428 1.84962 1.8949 1.93949 1.98283 2.02441 2.06377 2.10058 2.13458 2.1656 2.19357 2.21851 2.24049 2.25965 2.27617 2.29025 2.30212 2.312 2.32011 2.32664 2.33177 2.33567 2.33844 2.34017 2.34092 2.3407 2.33949 2.33722 2.3338 2.32908 2.32291 2.31507 2.30534 2.29347 2.27923 2.26236 2.24266 2.21993 2.19406 2.16499 2.13275 2.09747 2.05937 2.01879 1.97614 1.93194 1.88676 1.84121 1.79591 1.75149 1.70854 1.66758 1.62906 1.59332 1.56063 1.53114 1.50489 1.48185 1.46191 1.44488 1.43054 1.41864 1.4089 1.40105 1.39481 1.38995 1.38622 1.38343 1.38139 1.37996 1.379 1.37842 1.37813 1.37808 
1.37123 1.37156 1.37208 1.37281 1.37381 1.37514 1.3769 1.37924 1.38233 1.38635 1.39156 1.39822 1.40663 1.41708 1.4299 1.44538 1.46379 1.48536 1.51025 1.53853 1.57017 1.60505 1.64292 1.68344 1.72616 1.77055 1.81602 1.86193 1.90766 1.95258 1.9961 2.03773 2.07702 2.11363 2.14733 2.17795 2.20546 2.22988 2.2513 2.26989 2.28584 2.29937 2.31071 2.32011 2.32778 2.33393 2.33875 2.3424 2.34499 2.34662 2.34735 2.34718 2.34609 2.34402 2.34087 2.33651 2.33075 2.32338 2.31419 2.3029 2.28926 2.273 2.25391 2.23176 2.20642 2.17781 2.14595 2.11093 2.07298 2.0324 1.98963 1.94515 1.89956 1.85346 1.80752 1.76236 1.71859 1.67677 1.63735 1.60072 1.56716 1.53682 1.50978 1.486 1.46539 1.44777 1.43291 1.42056 1.41043 1.40226 1.39576 1.39068 1.38678 1.38385 1.38171 1.38019 1.37917 1.37855 1.37823 1.37816 
1.37129 1.37162 1.37215 1.3729 1.37393 1.37531 1.37714 1.37958 1.38278 1.38696 1.39237 1.39927 1.40797 1.41878 1.43201 1.44798 1.46694 1.48912 1.51468 1.54366 1.57605 1.61168 1.65031 1.69157 1.73498 1.78001 1.82603 1.87241 1.91849 1.96366 2.00732 2.04896 2.08815 2.12456 2.15797 2.18823 2.21532 2.23927 2.2602 2.27829 2.29374 2.30678 2.31767 2.32664 2.33393 2.33976 2.34431 2.34774 2.35018 2.35172 2.35242 2.35229 2.3513 2.34941 2.3465 2.34243 2.33703 2.33009 2.32135 2.31056 2.29745 2.28174 2.26318 2.24156 2.2167 2.18851 2.157 2.12224 2.08443 2.0439 2.00104 1.95636 1.91044 1.86391 1.81743 1.77166 1.72721 1.68466 1.64449 1.60711 1.57279 1.54174 1.51402 1.48961 1.46843 1.45029 1.43498 1.42224 1.41178 1.40332 1.39659 1.39132 1.38727 1.38422 1.38199 1.3804 1.37933 1.37866 1.37832 1.37823 
1.37134 1.37167 1.37221 1.37298 1.37404 1.37546 1.37735 1.37986 1.38316 1.38748 1.39305 1.40016 1.40911 1.42022 1.4338 1.45017 1.46959 1.49227 1.51837 1.54794 1.58094 1.61719 1.65644 1.69829 1.74226 1.78779 1.83426 1.881 1.92737 1.97271 2.01646 2.05809 2.09719 2.13343 2.16658 2.19653 2.22325 2.24681 2.26733 2.28499 2.30001 2.31265 2.32315 2.33177 2.33875 2.34431 2.34863 2.35188 2.3542 2.35566 2.35634 2.35624 2.35534 2.35359 2.35088 2.34706 2.34196 2.33536 2.32701 2.31664 2.30397 2.28872 2.27062 2.24943 2.22498 2.19716 2.16595 2.13142 2.09376 2.05327 2.01036 1.96553 1.91936 1.8725 1.8256 1.77933 1.73433 1.69119 1.65042 1.61241 1.57749 1.54584 1.51756 1.49264 1.47098 1.45241 1.43673 1.42365 1.41292 1.40423 1.3973 1.39187 1.3877 1.38454 1.38223 1.38058 1.37946 1.37876 1.37839 1.37829 
1.37138 1.37172 1.37226 1.37305 1.37413 1.37558 1.37752 1.38009 1.38348 1.3879 1.3936 1.40087 1.41002 1.42137 1.43523 1.45191 1.47169 1.49477 1.5213 1.55132 1.58478 1.62152 1.66124 1.70354 1.74795 1.79387 1.84067 1.88768 1.93425 1.97974 2.02354 2.06516 2.10417 2.14026 2.17321 2.20291 2.22935 2.25259 2.27278 2.29011 2.3048 2.31712 2.32732 2.33567 2.3424 2.34774 2.35188 2.355 2.35721 2.35861 2.35927 2.3592 2.35837 2.35673 2.35417 2.35055 2.34569 2.33936 2.33132 2.32128 2.30896 2.29406 2.27632 2.25548 2.23135 2.20382 2.17285 2.13851 2.10097 2.06053 2.01759 1.97265 1.9263 1.87918 1.83196 1.78531 1.7399 1.69631 1.65506 1.61658 1.58118 1.54907 1.52036 1.49503 1.473 1.4541 1.43812 1.42479 1.41383 1.40495 1.39787 1.39232 1.38804 1.3848 1.38242 1.38072 1.37957 1.37884 1.37845 1.37834 
1.37142 1.37175 1.37231 1.3731 1.3742 1.37568 1.37765 1.38027 1.38372 1.38821 1.39401 1.40141 1.4107 1.42221 1.43628 1.45319 1.47322 1.49658 1.52341 1.55375 1.58754 1.62461 1.66466 1.70729 1.75199 1.79818 1.84522 1.89243 1.93914 1.98471 2.02856 2.07017 2.10913 2.14511 2.17792 2.20745 2.23368 2.2567 2.27666 2.29375 2.30821 2.3203 2.33029 2.33844 2.34499 2.35018 2.3542 2.35721 2.35935 2.36071 2.36136 2.3613 2.36053 2.35897 2.35652 2.35304 2.34835 2.34221 2.33438 2.32458 2.31251 2.29787 2.28038 2.25978 2.23589 2.20856 2.17776 2.14354 2.10609 2.06568 2.02272 1.97771 1.93123 1.88392 1.83648 1.78957 1.74386 1.69996 1.65838 1.61956 1.58383 1.5514 1.52237 1.49676 1.47446 1.45533 1.43913 1.42562 1.4145 1.40549 1.3983 1.39265 1.38829 1.385 1.38257 1.38083 1.37965 1.3789 1.3785 1.37838 
1.37144 1.37178 1.37233 1.37314 1.37425 1.37574 1.37774 1.38039 1.38387 1.38842 1.39428 1.40175 1.41113 1.42274 1.43692 1.45397 1.47415 1.49767 1.52468 1.55521 1.58919 1.62645 1.66669 1.70951 1.75438 1.80072 1.84789 1.89522 1.94202 1.98765 2.03153 2.07314 2.11207 2.148 2.18074 2.21017 2.2363 2.2592 2.27903 2.29599 2.31031 2.32228 2.33214 2.34017 2.34662 2.35172 2.35566 2.35861 2.36071 2.36205 2.36269 2.36265 2.3619 2.36039 2.35801 2.35462 2.35002 2.344 2.3363 2.32663 2.3147 2.30021 2.28286 2.2624 2.23863 2.21141 2.1807 2.14655 2.10913 2.06873 2.02575 1.98069 1.93412 1.88671 1.83913 1.79208 1.7462 1.70211 1.66034 1.62133 1.58541 1.55279 1.52359 1.49781 1.47536 1.45608 1.43976 1.42614 1.41493 1.40583 1.39857 1.39286 1.38846 1.38513 1.38267 1.38091 1.37971 1.37895 1.37853 1.37841 
