3.55754 3.55775 3.55798 3.55822 3.55849 3.55877 3.55907 3.55939 3.55973 3.56009 3.56048 3.56089 3.56133 3.56181 3.56232 3.56288 3.56347 3.56411 3.56479 3.56553 3.56632 3.56716 3.56806 3.56901 3.57001 3.57107 3.57218 3.57334 3.57454 3.57578 3.57705 3.57835 3.57967 3.581 3.58233 3.58365 3.58495 3.58623 3.58747 3.58866 3.58979 3.59085 3.59183 3.59272 3.59352 3.59421 3.59479 3.59525 3.5956 3.59582 3.59591 3.59587 3.59571 3.59543 3.59502 3.59449 3.59385 3.59311 3.59227 3.59134 3.59033 3.58925 3.58811 3.58691 3.58568 3.58442 3.58314 3.58185 3.58056 3.57928 3.57802 3.57679 3.5756 3.57444 3.57333 3.57228 3.57128 3.57034 3.56947 3.56866 3.56792 3.56724 3.56663 3.56609 3.56561 3.56519 3.56484 3.56454 3.5643 3.56411 3.56396 3.56387 3.56382 3.56381 3.56383 3.56389 3.56398 3.5641 3.56424 3.5644 
3.55775 3.55796 3.55819 3.55843 3.55869 3.55898 3.55928 3.5596 3.55994 3.5603 3.56069 3.56111 3.56155 3.56203 3.56255 3.5631 3.5637 3.56435 3.56504 3.56578 3.56658 3.56743 3.56834 3.5693 3.57032 3.57139 3.57251 3.57368 3.5749 3.57616 3.57745 3.57876 3.5801 3.58145 3.5828 3.58414 3.58546 3.58676 3.58801 3.58922 3.59037 3.59144 3.59244 3.59334 3.59415 3.59485 3.59544 3.59591 3.59626 3.59648 3.59657 3.59654 3.59637 3.59608 3.59567 3.59513 3.59449 3.59373 3.59288 3.59194 3.59091 3.58981 3.58865 3.58744 3.58619 3.58491 3.58361 3.5823 3.581 3.5797 3.57842 3.57718 3.57596 3.57479 3.57367 3.5726 3.57159 3.57064 3.56976 3.56894 3.56818 3.5675 3.56688 3.56633 3.56585 3.56542 3.56506 3.56476 3.56452 3.56432 3.56418 3.56408 3.56403 3.56402 3.56404 3.5641 3.56419 3.5643 3.56445 3.56461 
3.55798 3.55819 3.55841 3.55866 3.55893 3.55921 3.55952 3.55984 3.56019 3.56056 3.56096 3.56139 3.56184 3.56234 3.56287 3.56345 3.56407 3.56473 3.56545 3.56622 3.56705 3.56793 3.56888 3.56988 3.57094 3.57205 3.57322 3.57444 3.57571 3.57701 3.57836 3.57973 3.58112 3.58252 3.58393 3.58532 3.5867 3.58805 3.58935 3.59061 3.5918 3.59292 3.59395 3.59489 3.59573 3.59646 3.59707 3.59756 3.59792 3.59815 3.59824 3.5982 3.59803 3.59773 3.5973 3.59674 3.59607 3.59528 3.59439 3.59341 3.59234 3.5912 3.58999 3.58873 3.58743 3.5861 3.58474 3.58338 3.58202 3.58067 3.57934 3.57804 3.57678 3.57556 3.57439 3.57327 3.57222 3.57123 3.57031 3.56945 3.56867 3.56795 3.56731 3.56673 3.56622 3.56578 3.5654 3.56508 3.56482 3.56461 3.56446 3.56435 3.56429 3.56427 3.56429 3.56434 3.56442 3.56454 3.56468 3.56484 
3.55822 3.55843 3.55866 3.55891 3.55918 3.55947 3.55979 3.56012 3.56048 3.56087 3.56128 3.56173 3.56221 3.56273 3.5633 3.5639 3.56456 3.56527 3.56603 3.56685 3.56774 3.56868 3.56968 3.57075 3.57188 3.57307 3.57432 3.57562 3.57697 3.57836 3.5798 3.58126 3.58274 3.58423 3.58573 3.58721 3.58868 3.59011 3.5915 3.59283 3.5941 3.59529 3.59638 3.59738 3.59827 3.59904 3.59969 3.60021 3.60059 3.60083 3.60093 3.60088 3.6007 3.60037 3.59991 3.59932 3.5986 3.59777 3.59682 3.59577 3.59464 3.59342 3.59213 3.59079 3.5894 3.58798 3.58654 3.58509 3.58364 3.5822 3.58078 3.57939 3.57805 3.57674 3.57549 3.5743 3.57318 3.57212 3.57113 3.57021 3.56937 3.5686 3.56791 3.56728 3.56673 3.56625 3.56584 3.56549 3.5652 3.56497 3.5648 3.56467 3.56459 3.56456 3.56456 3.56461 3.56468 3.56479 3.56493 3.56509 
3.55849 3.55869 3.55893 3.55918 3.55946 3.55976 3.56009 3.56044 3.56082 3.56123 3.56167 3.56214 3.56266 3.56322 3.56383 3.56448 3.56519 3.56596 3.56679 3.56768 3.56864 3.56967 3.57076 3.57193 3.57316 3.57445 3.57581 3.57723 3.5787 3.58021 3.58177 3.58336 3.58497 3.58659 3.58821 3.58983 3.59142 3.59297 3.59447 3.59592 3.59729 3.59857 3.59976 3.60083 3.6018 3.60263 3.60333 3.60388 3.60429 3.60455 3.60465 3.6046 3.6044 3.60404 3.60354 3.6029 3.60212 3.60121 3.60018 3.59904 3.59781 3.59649 3.5951 3.59364 3.59213 3.59059 3.58902 3.58745 3.58587 3.5843 3.58276 3.58125 3.57978 3.57836 3.577 3.5757 3.57447 3.57331 3.57223 3.57122 3.5703 3.56945 3.56869 3.568 3.56739 3.56686 3.56639 3.566 3.56567 3.5654 3.5652 3.56504 3.56494 3.56489 3.56488 3.5649 3.56497 3.56507 3.5652 3.56535 
3.55877 3.55898 3.55921 3.55947 3.55976 3.56008 3.56042 3.56079 3.56119 3.56163 3.56211 3.56263 3.56319 3.5638 3.56446 3.56519 3.56597 3.56682 3.56773 3.56872 3.56978 3.57092 3.57213 3.57341 3.57478 3.57621 3.57771 3.57928 3.58091 3.58258 3.5843 3.58606 3.58783 3.58962 3.59141 3.59318 3.59493 3.59664 3.59829 3.59988 3.60138 3.60279 3.60409 3.60527 3.60632 3.60723 3.608 3.6086 3.60905 3.60932 3.60943 3.60938 3.60915 3.60876 3.6082 3.60749 3.60663 3.60563 3.6045 3.60325 3.60189 3.60044 3.5989 3.5973 3.59564 3.59394 3.59221 3.59047 3.58873 3.587 3.58529 3.58362 3.582 3.58043 3.57892 3.57748 3.57611 3.57482 3.57362 3.5725 3.57146 3.57052 3.56966 3.56888 3.5682 3.56759 3.56706 3.56661 3.56623 3.56591 3.56566 3.56547 3.56534 3.56526 3.56522 3.56523 3.56528 3.56537 3.56549 3.56564 
3.55907 3.55928 3.55952 3.55979 3.56009 3.56042 3.56078 3.56118 3.56162 3.56209 3.56261 3.56318 3.5638 3.56448 3.56522 3.56602 3.56689 3.56784 3.56886 3.56997 3.57116 3.57243 3.57379 3.57523 3.57676 3.57836 3.58005 3.5818 3.58362 3.58549 3.58741 3.58937 3.59135 3.59334 3.59534 3.59731 3.59926 3.60115 3.60299 3.60475 3.60642 3.60798 3.60942 3.61072 3.61189 3.61289 3.61373 3.6144 3.61489 3.61519 3.61531 3.61524 3.61498 3.61454 3.61392 3.61313 3.61217 3.61106 3.6098 3.60841 3.6069 3.60528 3.60357 3.60179 3.59994 3.59804 3.59612 3.59418 3.59223 3.5903 3.5884 3.58653 3.58471 3.58295 3.58126 3.57964 3.57811 3.57666 3.5753 3.57404 3.57287 3.5718 3.57082 3.56994 3.56915 3.56846 3.56785 3.56732 3.56687 3.5665 3.5662 3.56596 3.56579 3.56567 3.56561 3.56559 3.56562 3.56569 3.5658 3.56594 
3.55939 3.5596 3.55984 3.56012 3.56044 3.56079 3.56118 3.56161 3.56209 3.56261 3.56319 3.56382 3.56451 3.56526 3.56609 3.56699 3.56798 3.56904 3.5702 3.57145 3.57279 3.57423 3.57576 3.57739 3.57912 3.58093 3.58283 3.58481 3.58685 3.58896 3.59113 3.59333 3.59555 3.59779 3.60002 3.60224 3.60441 3.60654 3.60859 3.61056 3.61242 3.61416 3.61577 3.61722 3.61852 3.61963 3.62057 3.62131 3.62185 3.62218 3.62231 3.62223 3.62193 3.62144 3.62074 3.61985 3.61878 3.61753 3.61612 3.61456 3.61287 3.61106 3.60914 3.60714 3.60507 3.60294 3.60078 3.5986 3.59642 3.59425 3.5921 3.59 3.58795 3.58596 3.58405 3.58222 3.58049 3.57884 3.5773 3.57587 3.57453 3.57331 3.57219 3.57118 3.57027 3.56947 3.56876 3.56814 3.56761 3.56717 3.5668 3.56651 3.56629 3.56613 3.56603 3.56598 3.56599 3.56604 3.56613 3.56627 
3.55973 3.55994 3.56019 3.56048 3.56082 3.56119 3.56162 3.56209 3.56261 3.56319 3.56383 3.56453 3.56531 3.56616 3.56709 3.56811 3.56923 3.57044 3.57175 3.57316 3.57469 3.57632 3.57807 3.57992 3.58187 3.58393 3.58608 3.58832 3.59064 3.59302 3.59547 3.59795 3.60046 3.60298 3.6055 3.60799 3.61044 3.61283 3.61513 3.61734 3.61942 3.62137 3.62317 3.6248 3.62625 3.62749 3.62854 3.62936 3.62996 3.63033 3.63046 3.63037 3.63003 3.62947 3.62869 3.62769 3.62648 3.62508 3.62349 3.62174 3.61983 3.6178 3.61564 3.61339 3.61105 3.60866 3.60622 3.60376 3.6013 3.59885 3.59643 3.59405 3.59173 3.58948 3.58731 3.58523 3.58326 3.58139 3.57963 3.57799 3.57647 3.57506 3.57378 3.57262 3.57157 3.57063 3.5698 3.56908 3.56845 3.56792 3.56748 3.56712 3.56684 3.56663 3.56649 3.56641 3.56638 3.56641 3.56649 3.56661 
3.56009 3.5603 3.56056 3.56087 3.56123 3.56163 3.56209 3.56261 3.56319 3.56383 3.56455 3.56534 3.56621 3.56718 3.56823 3.56939 3.57066 3.57203 3.57353 3.57514 3.57687 3.57873 3.58072 3.58282 3.58505 3.58738 3.58983 3.59237 3.595 3.5977 3.60047 3.60327 3.60611 3.60896 3.6118 3.61461 3.61736 3.62005 3.62264 3.62512 3.62746 3.62965 3.63167 3.63349 3.63511 3.63651 3.63767 3.63859 3.63925 3.63966 3.63981 3.63969 3.63932 3.63868 3.6378 3.63667 3.63531 3.63373 3.63194 3.62997 3.62782 3.62553 3.6231 3.62056 3.61793 3.61522 3.61247 3.6097 3.60691 3.60414 3.6014 3.5987 3.59607 3.59352 3.59105 3.58869 3.58644 3.58431 3.5823 3.58043 3.57868 3.57707 3.5756 3.57425 3.57304 3.57195 3.57099 3.57014 3.5694 3.56877 3.56824 3.5678 3.56745 3.56719 3.56699 3.56687 3.56681 3.56681 3.56687 3.56698 
3.56048 3.56069 3.56096 3.56128 3.56167 3.56211 3.56261 3.56319 3.56383 3.56455 3.56535 3.56624 3.56723 3.56832 3.56952 3.57084 3.57228 3.57384 3.57554 3.57738 3.57936 3.58148 3.58374 3.58613 3.58866 3.59132 3.59409 3.59698 3.59996 3.60302 3.60615 3.60933 3.61253 3.61575 3.61895 3.62212 3.62522 3.62824 3.63116 3.63394 3.63657 3.63903 3.64129 3.64333 3.64514 3.6467 3.648 3.64903 3.64977 3.65022 3.65038 3.65024 3.64981 3.6491 3.6481 3.64683 3.64529 3.64352 3.64151 3.63929 3.63687 3.63428 3.63155 3.62869 3.62572 3.62267 3.61957 3.61643 3.61328 3.61015 3.60704 3.60399 3.601 3.59811 3.59531 3.59262 3.59006 3.58763 3.58534 3.5832 3.5812 3.57935 3.57765 3.57611 3.5747 3.57344 3.57232 3.57133 3.57046 3.56972 3.56909 3.56856 3.56813 3.56779 3.56754 3.56737 3.56727 3.56724 3.56728 3.56738 
3.56089 3.56111 3.56139 3.56173 3.56214 3.56263 3.56318 3.56382 3.56453 3.56534 3.56624 3.56725 3.56837 3.5696 3.57097 3.57246 3.5741 3.57589 3.57782 3.57991 3.58217 3.58458 3.58714 3.58987 3.59274 3.59576 3.5989 3.60217 3.60555 3.60901 3.61255 3.61614 3.61975 3.62338 3.62699 3.63055 3.63404 3.63743 3.64071 3.64383 3.64678 3.64953 3.65206 3.65435 3.65637 3.65811 3.65956 3.6607 3.66153 3.66203 3.6622 3.66204 3.66155 3.66074 3.65962 3.65819 3.65647 3.65447 3.65221 3.64972 3.647 3.6441 3.64102 3.6378 3.63446 3.63102 3.62753 3.62399 3.62044 3.61689 3.61339 3.60993 3.60655 3.60327 3.6001 3.59705 3.59413 3.59137 3.58876 3.58631 3.58403 3.58191 3.57997 3.57819 3.57657 3.57511 3.57381 3.57266 3.57165 3.57077 3.57002 3.56939 3.56887 3.56846 3.56814 3.56792 3.56777 3.56771 3.56772 3.5678 
3.56133 3.56155 3.56184 3.56221 3.56266 3.56319 3.5638 3.56451 3.56531 3.56621 3.56723 3.56837 3.56963 3.57103 3.57258 3.57428 3.57614 3.57817 3.58037 3.58275 3.58531 3.58805 3.59096 3.59405 3.5973 3.60072 3.60428 3.60798 3.61179 3.6157 3.61969 3.62373 3.6278 3.63188 3.63593 3.63993 3.64385 3.64765 3.65132 3.65481 3.65811 3.66119 3.66401 3.66656 3.66882 3.67076 3.67237 3.67364 3.67455 3.67511 3.67529 3.67511 3.67456 3.67365 3.67239 3.67078 3.66886 3.66662 3.66409 3.66129 3.65825 3.65499 3.65154 3.64792 3.64417 3.64031 3.63638 3.6324 3.6284 3.62441 3.62046 3.61656 3.61274 3.60903 3.60544 3.60198 3.59868 3.59554 3.59258 3.58979 3.58719 3.58478 3.58255 3.58051 3.57865 3.57698 3.57547 3.57414 3.57296 3.57194 3.57106 3.57031 3.56969 3.56919 3.5688 3.56851 3.56831 3.56821 3.56819 3.56826 
3.56181 3.56203 3.56234 3.56273 3.56322 3.5638 3.56448 3.56526 3.56616 3.56718 3.56832 3.5696 3.57103 3.57262 3.57437 3.5763 3.57841 3.58071 3.58321 3.5859 3.5888 3.5919 3.5952 3.59869 3.60237 3.60623 3.61025 3.61441 3.61871 3.62311 3.62759 3.63213 3.6367 3.64127 3.64581 3.65028 3.65466 3.65892 3.66301 3.66691 3.67059 3.67401 3.67715 3.67999 3.6825 3.68466 3.68645 3.68785 3.68886 3.68947 3.68967 3.68946 3.68884 3.68783 3.68642 3.68462 3.68247 3.67997 3.67714 3.67402 3.67062 3.66698 3.66312 3.65907 3.65487 3.65056 3.64615 3.64169 3.6372 3.63272 3.62827 3.62389 3.61959 3.61541 3.61136 3.60746 3.60372 3.60017 3.59681 3.59365 3.5907 3.58795 3.58541 3.58308 3.58096 3.57904 3.57731 3.57577 3.57441 3.57322 3.57219 3.57132 3.57059 3.56999 3.56951 3.56915 3.5689 3.56875 3.5687 3.56874 
3.56232 3.56255 3.56287 3.5633 3.56383 3.56446 3.56522 3.56609 3.56709 3.56823 3.56952 3.57097 3.57258 3.57437 3.57635 3.57853 3.58092 3.58352 3.58635 3.58939 3.59267 3.59617 3.59989 3.60382 3.60797 3.61231 3.61682 3.6215 3.62632 3.63125 3.63627 3.64136 3.64646 3.65157 3.65663 3.66163 3.66651 3.67124 3.67579 3.68013 3.68421 3.68802 3.6915 3.69465 3.69743 3.69982 3.7018 3.70335 3.70446 3.70513 3.70535 3.70511 3.70442 3.70328 3.70171 3.69972 3.69732 3.69454 3.6914 3.68792 3.68414 3.68008 3.67578 3.67127 3.66659 3.66177 3.65685 3.65186 3.64684 3.64183 3.63685 3.63194 3.62712 3.62242 3.61786 3.61348 3.60927 3.60527 3.60148 3.5979 3.59456 3.59145 3.58857 3.58592 3.5835 3.58131 3.57934 3.57757 3.57601 3.57463 3.57344 3.57242 3.57156 3.57085 3.57028 3.56985 3.56953 3.56934 3.56925 3.56927 
3.56288 3.5631 3.56345 3.5639 3.56448 3.56519 3.56602 3.56699 3.56811 3.56939 3.57084 3.57246 3.57428 3.5763 3.57853 3.58099 3.58368 3.58662 3.5898 3.59323 3.59691 3.60085 3.60503 3.60945 3.6141 3.61896 3.62402 3.62926 3.63464 3.64015 3.64576 3.65142 3.65711 3.66279 3.66842 3.67397 3.67938 3.68463 3.68968 3.69448 3.699 3.7032 3.70706 3.71053 3.7136 3.71623 3.71841 3.72012 3.72135 3.72208 3.72231 3.72204 3.72127 3.72001 3.71827 3.71606 3.7134 3.71032 3.70684 3.70299 3.69879 3.69429 3.68952 3.68452 3.67932 3.67396 3.66849 3.66294 3.65735 3.65176 3.6462 3.64072 3.63533 3.63008 3.62498 3.62006 3.61535 3.61085 3.60658 3.60256 3.5988 3.59528 3.59203 3.58903 3.58629 3.5838 3.58155 3.57954 3.57775 3.57618 3.57481 3.57363 3.57263 3.5718 3.57112 3.5706 3.57022 3.56996 3.56984 3.56983 
3.56347 3.5637 3.56407 3.56456 3.56519 3.56597 3.56689 3.56798 3.56923 3.57066 3.57228 3.5741 3.57614 3.57841 3.58092 3.58368 3.58671 3.59 3.59357 3.59742 3.60155 3.60596 3.61065 3.61559 3.62079 3.62621 3.63186 3.63769 3.64369 3.64982 3.65604 3.66233 3.66864 3.67494 3.68117 3.68731 3.69329 3.69909 3.70466 3.70995 3.71494 3.71956 3.72381 3.72763 3.731 3.73389 3.73628 3.73816 3.7395 3.7403 3.74054 3.74024 3.73939 3.73799 3.73607 3.73364 3.73071 3.72731 3.72347 3.71922 3.71459 3.70962 3.70435 3.69881 3.69306 3.68713 3.68107 3.67492 3.66872 3.66252 3.65634 3.65024 3.64425 3.63839 3.63271 3.62722 3.62195 3.61692 3.61215 3.60764 3.60341 3.59947 3.59581 3.59243 3.58934 3.58652 3.58398 3.58169 3.57966 3.57786 3.57629 3.57494 3.57378 3.57282 3.57203 3.57142 3.57096 3.57064 3.57047 3.57044 
3.56411 3.56435 3.56473 3.56527 3.56596 3.56682 3.56784 3.56904 3.57044 3.57203 3.57384 3.57589 3.57817 3.58071 3.58352 3.58662 3.59 3.59369 3.59768 3.60199 3.6066 3.61152 3.61674 3.62225 3.62803 3.63406 3.64033 3.64681 3.65346 3.66024 3.66713 3.67408 3.68106 3.688 3.69488 3.70163 3.70822 3.7146 3.72072 3.72653 3.732 3.73708 3.74172 3.74591 3.7496 3.75276 3.75538 3.75742 3.75889 3.75975 3.76002 3.75968 3.75874 3.75721 3.7551 3.75242 3.74921 3.74547 3.74126 3.73659 3.7315 3.72603 3.72024 3.71415 3.70781 3.70128 3.69459 3.6878 3.68095 3.67409 3.66727 3.66051 3.65387 3.64737 3.64106 3.63496 3.6291 3.6235 3.61817 3.61314 3.60842 3.604 3.5999 3.59612 3.59264 3.58947 3.5866 3.58402 3.58172 3.57969 3.5779 3.57636 3.57504 3.57393 3.57302 3.5723 3.57175 3.57137 3.57116 3.5711 
3.56479 3.56504 3.56545 3.56603 3.56679 3.56773 3.56886 3.5702 3.57175 3.57353 3.57554 3.57782 3.58037 3.58321 3.58635 3.5898 3.59357 3.59768 3.60213 3.60692 3.61205 3.61752 3.62331 3.62942 3.63583 3.64252 3.64945 3.6566 3.66394 3.67143 3.67902 3.68667 3.69434 3.70197 3.70952 3.71693 3.72416 3.73114 3.73783 3.74419 3.75016 3.75571 3.76078 3.76534 3.76936 3.77281 3.77565 3.77788 3.77947 3.78041 3.78069 3.78031 3.77929 3.77761 3.7753 3.77238 3.76886 3.76478 3.76017 3.75506 3.7495 3.74352 3.73716 3.73049 3.72354 3.71637 3.70903 3.70157 3.69404 3.68649 3.67896 3.67151 3.66418 3.65701 3.65003 3.64328 3.63678 3.63057 3.62466 3.61907 3.61381 3.6089 3.60432 3.6001 3.59621 3.59266 3.58945 3.58655 3.58396 3.58166 3.57964 3.57789 3.57639 3.57512 3.57408 3.57324 3.57261 3.57216 3.57189 3.5718 
3.56553 3.56578 3.56622 3.56685 3.56768 3.56872 3.56997 3.57145 3.57316 3.57514 3.57738 3.57991 3.58275 3.5859 3.58939 3.59323 3.59742 3.60199 3.60692 3.61223 3.61791 3.62396 3.63037 3.63712 3.64419 3.65156 3.6592 3.66707 3.67514 3.68336 3.69169 3.70008 3.70848 3.71683 3.72508 3.73317 3.74105 3.74867 3.75596 3.76288 3.76938 3.77541 3.78092 3.78587 3.79023 3.79397 3.79706 3.79947 3.80118 3.8022 3.8025 3.80209 3.80096 3.79914 3.79663 3.79345 3.78962 3.78518 3.78016 3.7746 3.76854 3.76202 3.7551 3.74781 3.74023 3.73239 3.72437 3.7162 3.70795 3.69968 3.69142 3.68324 3.67519 3.6673 3.65961 3.65217 3.64501 3.63815 3.63161 3.62543 3.6196 3.61415 3.60907 3.60437 3.60005 3.5961 3.5925 3.58926 3.58636 3.58378 3.58152 3.57954 3.57784 3.57641 3.57522 3.57426 3.57353 3.573 3.57268 3.57255 
3.56632 3.56658 3.56705 3.56774 3.56864 3.56978 3.57116 3.57279 3.57469 3.57687 3.57936 3.58217 3.58531 3.5888 3.59267 3.59691 3.60155 3.6066 3.61205 3.61791 3.62418 3.63085 3.63791 3.64533 3.6531 3.66119 3.66957 3.6782 3.68703 3.69602 3.70512 3.71428 3.72343 3.73253 3.74151 3.75031 3.75887 3.76714 3.77505 3.78255 3.78959 3.79611 3.80207 3.80743 3.81214 3.81618 3.81951 3.82211 3.82396 3.82505 3.82537 3.82492 3.8237 3.82172 3.819 3.81556 3.81142 3.80661 3.80117 3.79514 3.78857 3.7815 3.77398 3.76607 3.75782 3.7493 3.74056 3.73166 3.72267 3.71363 3.70462 3.69568 3.68686 3.67822 3.66979 3.66163 3.65376 3.64621 3.63902 3.63221 3.62578 3.61976 3.61415 3.60895 3.60416 3.59977 3.59578 3.59217 3.58894 3.58606 3.58352 3.58131 3.5794 3.57778 3.57644 3.57535 3.57451 3.5739 3.57352 3.57336 
3.56716 3.56743 3.56793 3.56868 3.56967 3.57092 3.57243 3.57423 3.57632 3.57873 3.58148 3.58458 3.58805 3.5919 3.59617 3.60085 3.60596 3.61152 3.61752 3.62396 3.63085 3.63817 3.64591 3.65404 3.66255 3.67139 3.68054 3.68995 3.69958 3.70937 3.71927 3.72922 3.73916 3.74903 3.75876 3.76829 3.77756 3.78649 3.79504 3.80314 3.81073 3.81776 3.82418 3.82994 3.83502 3.83936 3.84294 3.84573 3.84772 3.84888 3.84922 3.84873 3.84741 3.84528 3.84235 3.83864 3.83417 3.82899 3.82312 3.81662 3.80952 3.80188 3.79375 3.78519 3.77627 3.76704 3.75756 3.74791 3.73814 3.72833 3.71852 3.70878 3.69918 3.68975 3.68055 3.67163 3.66302 3.65476 3.64688 3.6394 3.63234 3.62572 3.61954 3.61381 3.60853 3.60368 3.59927 3.59527 3.59168 3.58849 3.58566 3.5832 3.58106 3.57925 3.57774 3.57652 3.57556 3.57487 3.57442 3.57422 
3.56806 3.56834 3.56888 3.56968 3.57076 3.57213 3.57379 3.57576 3.57807 3.58072 3.58374 3.58714 3.59096 3.5952 3.59989 3.60503 3.61065 3.61674 3.62331 3.63037 3.63791 3.64591 3.65435 3.66323 3.6725 3.68213 3.69208 3.70231 3.71276 3.72337 3.7341 3.74487 3.75562 3.76627 3.77678 3.78705 3.79704 3.80665 3.81585 3.82455 3.8327 3.84025 3.84714 3.85332 3.85875 3.8634 3.86723 3.87022 3.87234 3.87359 3.87395 3.87342 3.872 3.86971 3.86657 3.86258 3.85779 3.85223 3.84593 3.83894 3.83131 3.82309 3.81434 3.80512 3.7955 3.78555 3.77532 3.76489 3.75433 3.7437 3.73308 3.72253 3.7121 3.70186 3.69186 3.68215 3.67277 3.66376 3.65516 3.64699 3.63927 3.63202 3.62525 3.61896 3.61315 3.60783 3.60296 3.59856 3.5946 3.59107 3.58794 3.5852 3.58283 3.58081 3.57913 3.57775 3.57668 3.57589 3.57538 3.57513 
3.56901 3.5693 3.56988 3.57075 3.57193 3.57341 3.57523 3.57739 3.57992 3.58282 3.58613 3.58987 3.59405 3.59869 3.60382 3.60945 3.61559 3.62225 3.62942 3.63712 3.64533 3.65404 3.66323 3.67287 3.68293 3.69337 3.70415 3.71522 3.72652 3.73798 3.74955 3.76116 3.77273 3.7842 3.79549 3.80652 3.81723 3.82754 3.83739 3.8467 3.85542 3.86349 3.87084 3.87744 3.88324 3.8882 3.89228 3.89547 3.89773 3.89905 3.89943 3.89886 3.89735 3.8949 3.89154 3.88729 3.88217 3.87622 3.86948 3.86201 3.85384 3.84504 3.83566 3.82578 3.81545 3.80475 3.79376 3.78254 3.77117 3.75972 3.74826 3.73686 3.72559 3.71451 3.70368 3.69316 3.68298 3.6732 3.66385 3.65496 3.64656 3.63865 3.63126 3.62439 3.61803 3.6122 3.60687 3.60203 3.59768 3.59379 3.59035 3.58732 3.5847 3.58247 3.58059 3.57906 3.57786 3.57698 3.57639 3.57611 
3.57001 3.57032 3.57094 3.57188 3.57316 3.57478 3.57676 3.57912 3.58187 3.58505 3.58866 3.59274 3.5973 3.60237 3.60797 3.6141 3.62079 3.62803 3.63583 3.64419 3.6531 3.66255 3.6725 3.68293 3.69381 3.70509 3.71672 3.72864 3.7408 3.75314 3.76557 3.77803 3.79044 3.80272 3.81481 3.82661 3.83805 3.84906 3.85956 3.86949 3.87878 3.88736 3.89519 3.90221 3.90837 3.91364 3.91797 3.92135 3.92375 3.92515 3.92555 3.92494 3.92333 3.92073 3.91716 3.91263 3.90718 3.90085 3.89368 3.88572 3.87701 3.86762 3.85761 3.84706 3.83602 3.82458 3.81281 3.80078 3.78859 3.77629 3.76398 3.75173 3.73959 3.72766 3.71598 3.70462 3.69362 3.68304 3.67292 3.66329 3.65417 3.64558 3.63755 3.63007 3.62315 3.61678 3.61097 3.60568 3.60092 3.59666 3.59288 3.58956 3.58667 3.58421 3.58214 3.58045 3.57911 3.57812 3.57747 3.57713 
3.57107 3.57139 3.57205 3.57307 3.57445 3.57621 3.57836 3.58093 3.58393 3.58738 3.59132 3.59576 3.60072 3.60623 3.61231 3.61896 3.62621 3.63406 3.64252 3.65156 3.66119 3.67139 3.68213 3.69337 3.70509 3.71722 3.72972 3.74252 3.75556 3.76877 3.78208 3.7954 3.80865 3.82176 3.83465 3.84721 3.85939 3.8711 3.88226 3.8928 3.90265 3.91176 3.92005 3.92748 3.93401 3.93958 3.94416 3.94773 3.95027 3.95175 3.95217 3.95152 3.94982 3.94706 3.94328 3.93849 3.93272 3.92601 3.9184 3.90995 3.90071 3.89073 3.8801 3.86887 3.85712 3.84493 3.83237 3.81954 3.80651 3.79337 3.78019 3.76706 3.75406 3.74125 3.7287 3.71648 3.70465 3.69325 3.68233 3.67193 3.66208 3.65279 3.64409 3.63599 3.62848 3.62157 3.61525 3.6095 3.60431 3.59966 3.59553 3.5919 3.58874 3.58604 3.58376 3.5819 3.58042 3.57933 3.57859 3.57821 
3.57218 3.57251 3.57322 3.57432 3.57581 3.57771 3.58005 3.58283 3.58608 3.58983 3.59409 3.5989 3.60428 3.61025 3.61682 3.62402 3.63186 3.64033 3.64945 3.6592 3.66957 3.68054 3.69208 3.70415 3.71672 3.72972 3.74309 3.75678 3.77071 3.78481 3.799 3.81319 3.82729 3.84123 3.85491 3.86824 3.88115 3.89355 3.90536 3.91651 3.92693 3.93654 3.9453 3.95313 3.96001 3.96588 3.97071 3.97447 3.97714 3.9787 3.97914 3.97846 3.97666 3.97376 3.96977 3.96471 3.95863 3.95154 3.94351 3.93458 3.92481 3.91426 3.90299 3.89109 3.87863 3.8657 3.85236 3.83872 3.82486 3.81086 3.79681 3.7828 3.76891 3.75521 3.74179 3.7287 3.71601 3.70378 3.69205 3.68087 3.67026 3.66026 3.65088 3.64213 3.63402 3.62654 3.61969 3.61346 3.60783 3.60278 3.59829 3.59434 3.5909 3.58794 3.58546 3.58341 3.58179 3.58059 3.57977 3.57934 
3.57334 3.57368 3.57444 3.57562 3.57723 3.57928 3.5818 3.58481 3.58832 3.59237 3.59698 3.60217 3.60798 3.61441 3.6215 3.62926 3.63769 3.64681 3.6566 3.66707 3.6782 3.68995 3.70231 3.71522 3.72864 3.74252 3.75678 3.77137 3.78619 3.80118 3.81625 3.8313 3.84625 3.86101 3.87548 3.88958 3.90321 3.9163 3.92875 3.9405 3.95146 3.96158 3.97078 3.97902 3.98625 3.99241 3.99748 4.00143 4.00423 4.00586 4.00632 4.00561 4.00372 4.00067 3.99648 3.99117 3.98477 3.97733 3.96888 3.95948 3.94919 3.93806 3.92619 3.91362 3.90046 3.88678 3.87267 3.85822 3.84353 3.82867 3.81375 3.79886 3.78408 3.76949 3.75518 3.74121 3.72766 3.71458 3.70203 3.69005 3.67868 3.66795 3.65787 3.64846 3.63973 3.63167 3.62429 3.61756 3.61148 3.60602 3.60115 3.59687 3.59313 3.58992 3.58722 3.58499 3.58322 3.5819 3.581 3.58052 
3.57454 3.5749 3.57571 3.57697 3.5787 3.58091 3.58362 3.58685 3.59064 3.595 3.59996 3.60555 3.61179 3.61871 3.62632 3.63464 3.64369 3.65346 3.66394 3.67514 3.68703 3.69958 3.71276 3.72652 3.7408 3.75556 3.77071 3.78619 3.80191 3.81779 3.83373 3.84964 3.86543 3.881 3.89626 3.9111 3.92545 3.93921 3.95229 3.96462 3.97612 3.98673 3.99637 4.005 4.01256 4.01901 4.02431 4.02844 4.03136 4.03307 4.03356 4.03281 4.03084 4.02765 4.02326 4.01771 4.01101 4.00321 3.99436 3.9845 3.9737 3.96203 3.94954 3.93633 3.92248 3.90807 3.89319 3.87795 3.86242 3.84672 3.83093 3.81516 3.79949 3.78401 3.76881 3.75396 3.73954 3.72561 3.71223 3.69944 3.68729 3.67581 3.66503 3.65495 3.64559 3.63695 3.62901 3.62178 3.61523 3.60935 3.60411 3.59948 3.59544 3.59197 3.58904 3.58662 3.5847 3.58326 3.58228 3.58175 
3.57578 3.57616 3.57701 3.57836 3.58021 3.58258 3.58549 3.58896 3.59302 3.5977 3.60302 3.60901 3.6157 3.62311 3.63125 3.64015 3.64982 3.66024 3.67143 3.68336 3.69602 3.70937 3.72337 3.73798 3.75314 3.76877 3.78481 3.80118 3.81779 3.83454 3.85135 3.86811 3.88473 3.9011 3.91712 3.9327 3.94774 3.96216 3.97585 3.98875 4.00077 4.01185 4.02192 4.03092 4.0388 4.04553 4.05106 4.05535 4.0584 4.06018 4.06069 4.05991 4.05786 4.05454 4.04997 4.04418 4.03719 4.02905 4.01981 4.00951 3.99822 3.98601 3.97294 3.9591 3.94457 3.92944 3.91381 3.89778 3.88144 3.8649 3.84826 3.83161 3.81505 3.79869 3.7826 3.76687 3.75158 3.73679 3.72258 3.70898 3.69605 3.68383 3.67233 3.66157 3.65157 3.64233 3.63384 3.6261 3.61908 3.61276 3.60713 3.60216 3.59781 3.59407 3.59091 3.5883 3.58622 3.58466 3.58359 3.58301 
3.57705 3.57745 3.57836 3.5798 3.58177 3.5843 3.58741 3.59113 3.59547 3.60047 3.60615 3.61255 3.61969 3.62759 3.63627 3.64576 3.65604 3.66713 3.67902 3.69169 3.70512 3.71927 3.7341 3.74955 3.76557 3.78208 3.799 3.81625 3.83373 3.85135 3.86901 3.8866 3.90403 3.92118 3.93795 3.95425 3.96996 3.98501 3.9993 4.01274 4.02526 4.03679 4.04727 4.05663 4.06483 4.07181 4.07756 4.08202 4.08519 4.08704 4.08756 4.08676 4.08463 4.08118 4.07644 4.07042 4.06317 4.05471 4.04509 4.03437 4.02261 4.00987 3.99623 3.98178 3.9666 3.95078 3.93442 3.91762 3.90048 3.88312 3.86563 3.84812 3.83069 3.81345 3.79648 3.77987 3.76372 3.74808 3.73303 3.71863 3.70492 3.69194 3.67972 3.66829 3.65765 3.6478 3.63875 3.63049 3.62299 3.61624 3.61022 3.60489 3.60023 3.59622 3.59283 3.59002 3.58778 3.58609 3.58494 3.5843 
3.57835 3.57876 3.57973 3.58126 3.58336 3.58606 3.58937 3.59333 3.59795 3.60327 3.60933 3.61614 3.62373 3.63213 3.64136 3.65142 3.66233 3.67408 3.68667 3.70008 3.71428 3.72922 3.74487 3.76116 3.77803 3.7954 3.81319 3.8313 3.84964 3.86811 3.8866 3.90501 3.92322 3.94113 3.95863 3.97561 3.99198 4.00764 4.02249 4.03646 4.04946 4.06143 4.07229 4.08199 4.09048 4.09772 4.10367 4.10829 4.11157 4.11349 4.11403 4.1132 4.111 4.10744 4.10253 4.09631 4.08879 4.08002 4.07005 4.05893 4.04672 4.03348 4.0193 4.00426 3.98845 3.97195 3.95488 3.93734 3.91943 3.90126 3.88295 3.86459 3.84631 3.8282 3.81036 3.79289 3.77588 3.7594 3.74353 3.72832 3.71383 3.7001 3.68717 3.67506 3.66377 3.65333 3.64372 3.63493 3.62695 3.61977 3.61334 3.60766 3.60269 3.5984 3.59477 3.59177 3.58937 3.58756 3.58631 3.58562 
3.57967 3.5801 3.58112 3.58274 3.58497 3.58783 3.59135 3.59555 3.60046 3.60611 3.61253 3.61975 3.6278 3.6367 3.64646 3.65711 3.66864 3.68106 3.69434 3.70848 3.72343 3.73916 3.75562 3.77273 3.79044 3.80865 3.82729 3.84625 3.86543 3.88473 3.90403 3.92322 3.94219 3.96083 3.97903 3.99667 4.01367 4.02991 4.0453 4.05977 4.07323 4.0856 4.09683 4.10686 4.11563 4.1231 4.12924 4.13401 4.1374 4.13938 4.13994 4.13909 4.13683 4.13316 4.1281 4.12167 4.11391 4.10486 4.09455 4.08305 4.07041 4.05671 4.04201 4.02641 4.00999 3.99285 3.9751 3.95683 3.93817 3.91922 3.90011 3.88093 3.86181 3.84286 3.82417 3.80586 3.788 3.77069 3.754 3.738 3.72274 3.70827 3.69463 3.68184 3.66992 3.65887 3.6487 3.63939 3.63094 3.62331 3.61649 3.61046 3.60517 3.60061 3.59674 3.59354 3.59098 3.58904 3.5877 3.58696 
3.581 3.58145 3.58252 3.58423 3.58659 3.58962 3.59334 3.59779 3.60298 3.60896 3.61575 3.62338 3.63188 3.64127 3.65157 3.66279 3.67494 3.688 3.70197 3.71683 3.73253 3.74903 3.76627 3.7842 3.80272 3.82176 3.84123 3.86101 3.881 3.9011 3.92118 3.94113 3.96083 3.98017 3.99904 4.01731 4.0349 4.05169 4.0676 4.08254 4.09643 4.10919 4.12077 4.13109 4.14013 4.14782 4.15414 4.15905 4.16253 4.16457 4.16516 4.16429 4.16197 4.1582 4.153 4.14639 4.1384 4.12908 4.11846 4.1066 4.09356 4.07941 4.06423 4.04809 4.0311 4.01334 3.99493 3.97598 3.9566 3.9369 3.91701 3.89704 3.87711 3.85733 3.83782 3.81868 3.8 3.78188 3.76439 3.74761 3.73159 3.71639 3.70205 3.68859 3.67604 3.6644 3.65367 3.64385 3.63492 3.62686 3.61965 3.61326 3.60766 3.60282 3.59871 3.59531 3.59259 3.59053 3.58911 3.58831 
3.58233 3.5828 3.58393 3.58573 3.58821 3.59141 3.59534 3.60002 3.6055 3.6118 3.61895 3.62699 3.63593 3.64581 3.65663 3.66842 3.68117 3.69488 3.70952 3.72508 3.74151 3.75876 3.77678 3.79549 3.81481 3.83465 3.85491 3.87548 3.89626 3.91712 3.93795 3.95863 3.97903 3.99904 4.01853 4.03741 4.05556 4.07287 4.08927 4.10465 4.11894 4.13206 4.14396 4.15457 4.16384 4.17174 4.17822 4.18326 4.18684 4.18894 4.18955 4.18866 4.18628 4.18242 4.17709 4.17032 4.16213 4.15256 4.14165 4.12946 4.11604 4.10147 4.08583 4.06919 4.05165 4.03331 4.01428 3.99468 3.9746 3.95419 3.93355 3.91282 3.89211 3.87154 3.85123 3.83128 3.8118 3.79289 3.77462 3.75708 3.74033 3.72441 3.70939 3.69527 3.6821 3.66987 3.6586 3.64827 3.63887 3.63038 3.62278 3.61604 3.61013 3.60502 3.60068 3.59709 3.59421 3.59202 3.59051 3.58967 
3.58365 3.58414 3.58532 3.58721 3.58983 3.59318 3.59731 3.60224 3.60799 3.61461 3.62212 3.63055 3.63993 3.65028 3.66163 3.67397 3.68731 3.70163 3.71693 3.73317 3.75031 3.76829 3.78705 3.80652 3.82661 3.84721 3.86824 3.88958 3.9111 3.9327 3.95425 3.97561 3.99667 4.01731 4.03741 4.05685 4.07552 4.09333 4.11017 4.12597 4.14063 4.15409 4.16628 4.17715 4.18665 4.19474 4.20138 4.20654 4.2102 4.21235 4.21298 4.21208 4.20966 4.20571 4.20027 4.19334 4.18496 4.17516 4.16399 4.15149 4.13773 4.12277 4.10669 4.08958 4.07154 4.05265 4.03304 4.0128 3.99208 3.97098 3.94964 3.92817 3.90671 3.88538 3.8643 3.84358 3.82334 3.80366 3.78464 3.76636 3.74889 3.73228 3.71659 3.70184 3.68806 3.67526 3.66345 3.65263 3.64277 3.63386 3.62588 3.61879 3.61258 3.6072 3.60263 3.59884 3.59581 3.5935 3.5919 3.59101 
3.58495 3.58546 3.5867 3.58868 3.59142 3.59493 3.59926 3.60441 3.61044 3.61736 3.62522 3.63404 3.64385 3.65466 3.66651 3.67938 3.69329 3.70822 3.72416 3.74105 3.75887 3.77756 3.79704 3.81723 3.83805 3.85939 3.88115 3.90321 3.92545 3.94774 3.96996 3.99198 4.01367 4.0349 4.05556 4.07552 4.09469 4.11295 4.13021 4.14639 4.16139 4.17516 4.18763 4.19874 4.20844 4.2167 4.22348 4.22875 4.2325 4.2347 4.23535 4.23443 4.23197 4.22795 4.2224 4.21534 4.20679 4.19678 4.18536 4.17258 4.1585 4.14319 4.12671 4.10917 4.09064 4.07124 4.05108 4.03026 4.00892 3.98718 3.96516 3.943 3.92083 3.89878 3.87696 3.85551 3.83452 3.81411 3.79437 3.77538 3.75722 3.73994 3.7236 3.70824 3.69387 3.68052 3.6682 3.65689 3.64658 3.63726 3.62891 3.62149 3.61498 3.60935 3.60455 3.60057 3.59738 3.59496 3.59328 3.59233 
3.58623 3.58676 3.58805 3.59011 3.59297 3.59664 3.60115 3.60654 3.61283 3.62005 3.62824 3.63743 3.64765 3.65892 3.67124 3.68463 3.69909 3.7146 3.73114 3.74867 3.76714 3.78649 3.80665 3.82754 3.84906 3.8711 3.89355 3.9163 3.93921 3.96216 3.98501 4.00764 4.02991 4.05169 4.07287 4.09333 4.11295 4.13163 4.14928 4.1658 4.18113 4.19518 4.20789 4.21922 4.22911 4.23753 4.24444 4.24981 4.25362 4.25587 4.25654 4.25562 4.25312 4.24904 4.24339 4.23621 4.2275 4.21731 4.20567 4.19263 4.17826 4.16262 4.14578 4.12783 4.10887 4.08899 4.06831 4.04695 4.02503 4.00268 3.98004 3.95723 3.93438 3.91164 3.88913 3.86698 3.84529 3.82418 3.80375 3.78408 3.76526 3.74734 3.73038 3.71443 3.6995 3.68562 3.67279 3.66102 3.65028 3.64057 3.63186 3.62412 3.61732 3.61143 3.60642 3.60226 3.59892 3.59638 3.59462 3.59363 
3.58747 3.58801 3.58935 3.5915 3.59447 3.59829 3.60299 3.60859 3.61513 3.62264 3.63116 3.64071 3.65132 3.66301 3.67579 3.68968 3.70466 3.72072 3.73783 3.75596 3.77505 3.79504 3.81585 3.83739 3.85956 3.88226 3.90536 3.92875 3.95229 3.97585 3.9993 4.02249 4.0453 4.0676 4.08927 4.11017 4.13021 4.14928 4.16728 4.18412 4.19973 4.21404 4.22698 4.23851 4.24856 4.25712 4.26415 4.26961 4.27349 4.27578 4.27646 4.27554 4.273 4.26887 4.26315 4.25585 4.247 4.23664 4.22481 4.21154 4.1969 4.18096 4.16379 4.14547 4.12611 4.10579 4.08464 4.06278 4.04032 4.01741 3.99417 3.97075 3.94728 3.9239 3.90073 3.87792 3.85557 3.8338 3.81271 3.79241 3.77295 3.75443 3.73688 3.72036 3.7049 3.69051 3.67721 3.66499 3.65384 3.64376 3.6347 3.62665 3.61958 3.61345 3.60823 3.60389 3.60041 3.59776 3.59592 3.59488 
3.58866 3.58922 3.59061 3.59283 3.59592 3.59988 3.60475 3.61056 3.61734 3.62512 3.63394 3.64383 3.65481 3.66691 3.68013 3.69448 3.70995 3.72653 3.74419 3.76288 3.78255 3.80314 3.82455 3.8467 3.86949 3.8928 3.91651 3.9405 3.96462 3.98875 4.01274 4.03646 4.05977 4.08254 4.10465 4.12597 4.14639 4.1658 4.18412 4.20126 4.21713 4.23166 4.24481 4.25651 4.26672 4.2754 4.28253 4.28807 4.29201 4.29434 4.29504 4.29411 4.29155 4.28737 4.28157 4.27418 4.26522 4.25471 4.24269 4.22922 4.21435 4.19814 4.18066 4.16201 4.14227 4.12156 4.09998 4.07765 4.0547 4.03127 4.00749 3.9835 3.95944 3.93546 3.91169 3.88825 3.86528 3.8429 3.8212 3.80029 3.78025 3.76115 3.74305 3.726 3.71003 3.69517 3.68141 3.66877 3.65724 3.64679 3.63741 3.62907 3.62173 3.61537 3.60996 3.60546 3.60184 3.59908 3.59717 3.59609 
3.58979 3.59037 3.5918 3.5941 3.59729 3.60138 3.60642 3.61242 3.61942 3.62746 3.63657 3.64678 3.65811 3.67059 3.68421 3.699 3.71494 3.732 3.75016 3.76938 3.78959 3.81073 3.8327 3.85542 3.87878 3.90265 3.92693 3.95146 3.97612 4.00077 4.02526 4.04946 4.07323 4.09643 4.11894 4.14063 4.16139 4.18113 4.19973 4.21713 4.23323 4.24797 4.26129 4.27315 4.28349 4.29229 4.29951 4.30512 4.30912 4.31148 4.3122 4.31127 4.30869 4.30446 4.29861 4.29113 4.28206 4.27142 4.25925 4.24559 4.23051 4.21406 4.19631 4.17736 4.15729 4.13621 4.11423 4.09148 4.06808 4.04418 4.0199 3.99539 3.97079 3.94626 3.92192 3.89792 3.87438 3.85142 3.82916 3.80769 3.7871 3.76746 3.74885 3.73131 3.71486 3.69955 3.68537 3.67234 3.66044 3.64966 3.63997 3.63135 3.62377 3.6172 3.61159 3.60694 3.60319 3.60034 3.59836 3.59724 
3.59085 3.59144 3.59292 3.59529 3.59857 3.60279 3.60798 3.61416 3.62137 3.62965 3.63903 3.64953 3.66119 3.67401 3.68802 3.7032 3.71956 3.73708 3.75571 3.77541 3.79611 3.81776 3.84025 3.86349 3.88736 3.91176 3.93654 3.96158 3.98673 4.01185 4.03679 4.06143 4.0856 4.10919 4.13206 4.15409 4.17516 4.19518 4.21404 4.23166 4.24797 4.26289 4.27638 4.28837 4.29883 4.30773 4.31503 4.32071 4.32475 4.32714 4.32787 4.32694 4.32434 4.32009 4.31418 4.30663 4.29746 4.28671 4.2744 4.26059 4.24532 4.22865 4.21066 4.19144 4.17108 4.14967 4.12734 4.10421 4.0804 4.05606 4.03133 4.00635 3.98127 3.95623 3.93138 3.90686 3.88279 3.85931 3.83652 3.81454 3.79344 3.77332 3.75423 3.73623 3.71935 3.70362 3.68906 3.67566 3.66342 3.65233 3.64236 3.63349 3.62568 3.6189 3.61313 3.60832 3.60446 3.60152 3.59947 3.59831 
3.59183 3.59244 3.59395 3.59638 3.59976 3.60409 3.60942 3.61577 3.62317 3.63167 3.64129 3.65206 3.66401 3.67715 3.6915 3.70706 3.72381 3.74172 3.76078 3.78092 3.80207 3.82418 3.84714 3.87084 3.89519 3.92005 3.9453 3.97078 3.99637 4.02192 4.04727 4.07229 4.09683 4.12077 4.14396 4.16628 4.18763 4.20789 4.22698 4.24481 4.26129 4.27638 4.29 4.30212 4.31268 4.32166 4.32903 4.33477 4.33885 4.34127 4.34202 4.34108 4.33847 4.33418 4.32823 4.32062 4.31138 4.30052 4.2881 4.27414 4.25871 4.24186 4.22366 4.2042 4.18357 4.16187 4.13923 4.11576 4.09159 4.06686 4.04173 4.01632 3.9908 3.96531 3.93999 3.915 3.89046 3.8665 3.84325 3.8208 3.79924 3.77867 3.75915 3.74074 3.72346 3.70736 3.69244 3.67871 3.66616 3.65478 3.64456 3.63545 3.62743 3.62047 3.61454 3.6096 3.60563 3.6026 3.6005 3.5993 
3.59272 3.59334 3.59489 3.59738 3.60083 3.60527 3.61072 3.61722 3.6248 3.63349 3.64333 3.65435 3.66656 3.67999 3.69465 3.71053 3.72763 3.74591 3.76534 3.78587 3.80743 3.82994 3.85332 3.87744 3.90221 3.92748 3.95313 3.97902 4.005 4.03092 4.05663 4.08199 4.10686 4.13109 4.15457 4.17715 4.19874 4.21922 4.23851 4.25651 4.27315 4.28837 4.30212 4.31433 4.32499 4.33404 4.34147 4.34726 4.35138 4.35382 4.35458 4.35365 4.35102 4.34671 4.34072 4.33306 4.32375 4.31281 4.30028 4.28621 4.27063 4.25362 4.23523 4.21557 4.19471 4.17276 4.14984 4.12607 4.10158 4.07652 4.05102 4.02524 3.99933 3.97344 3.94771 3.9223 3.89734 3.87296 3.84928 3.82642 3.80446 3.78349 3.76358 3.74479 3.72716 3.71072 3.69548 3.68146 3.66863 3.657 3.64654 3.63722 3.62902 3.62189 3.61582 3.61076 3.6067 3.60359 3.60144 3.60021 
3.59352 3.59415 3.59573 3.59827 3.6018 3.60632 3.61189 3.61852 3.62625 3.63511 3.64514 3.65637 3.66882 3.6825 3.69743 3.7136 3.731 3.7496 3.76936 3.79023 3.81214 3.83502 3.85875 3.88324 3.90837 3.93401 3.96001 3.98625 4.01256 4.0388 4.06483 4.09048 4.11563 4.14013 4.16384 4.18665 4.20844 4.22911 4.24856 4.26672 4.28349 4.29883 4.31268 4.32499 4.33572 4.34483 4.35232 4.35814 4.36229 4.36476 4.36553 4.3646 4.36196 4.35763 4.35161 4.3439 4.33454 4.32353 4.31092 4.29674 4.28104 4.26389 4.24535 4.2255 4.20444 4.18228 4.15912 4.13509 4.11033 4.08497 4.05916 4.03306 4.00681 3.98056 3.95448 3.92871 3.90338 3.87863 3.85459 3.83136 3.80904 3.78773 3.76748 3.74837 3.73043 3.71369 3.69817 3.68388 3.67082 3.65896 3.6483 3.63879 3.63042 3.62316 3.61696 3.6118 3.60764 3.60447 3.60227 3.60101 
3.59421 3.59485 3.59646 3.59904 3.60263 3.60723 3.61289 3.61963 3.62749 3.63651 3.6467 3.65811 3.67076 3.68466 3.69982 3.71623 3.73389 3.75276 3.77281 3.79397 3.81618 3.83936 3.8634 3.8882 3.91364 3.93958 3.96588 3.99241 4.01901 4.04553 4.07181 4.09772 4.1231 4.14782 4.17174 4.19474 4.2167 4.23753 4.25712 4.2754 4.29229 4.30773 4.32166 4.33404 4.34483 4.35401 4.36153 4.36739 4.37157 4.37405 4.37483 4.3739 4.37126 4.36691 4.36086 4.35312 4.34371 4.33264 4.31996 4.30569 4.28989 4.27262 4.25395 4.23396 4.21273 4.19038 4.16703 4.14278 4.11778 4.09218 4.0661 4.03972 4.01319 3.98665 3.96027 3.93418 3.90854 3.88349 3.85913 3.83559 3.81297 3.79136 3.77083 3.75144 3.73323 3.71624 3.70049 3.68597 3.6727 3.66065 3.64981 3.64015 3.63164 3.62425 3.61794 3.61269 3.60846 3.60524 3.60299 3.60172 
3.59479 3.59544 3.59707 3.59969 3.60333 3.608 3.61373 3.62057 3.62854 3.63767 3.648 3.65956 3.67237 3.68645 3.7018 3.71841 3.73628 3.75538 3.77565 3.79706 3.81951 3.84294 3.86723 3.89228 3.91797 3.94416 3.97071 3.99748 4.02431 4.05106 4.07756 4.10367 4.12924 4.15414 4.17822 4.20138 4.22348 4.24444 4.26415 4.28253 4.29951 4.31503 4.32903 4.34147 4.35232 4.36153 4.36909 4.37498 4.37918 4.38168 4.38246 4.38153 4.37889 4.37453 4.36846 4.36069 4.35123 4.34012 4.32738 4.31304 4.29716 4.2798 4.26101 4.2409 4.21954 4.19704 4.17352 4.14909 4.12391 4.0981 4.07181 4.04521 4.01844 3.99166 3.96503 3.93869 3.9128 3.88748 3.86287 3.83908 3.81621 3.79436 3.77359 3.75397 3.73555 3.71835 3.7024 3.6877 3.67426 3.66206 3.65107 3.64128 3.63265 3.62516 3.61876 3.61344 3.60915 3.60588 3.6036 3.6023 
3.59525 3.59591 3.59756 3.60021 3.60388 3.6086 3.6144 3.62131 3.62936 3.63859 3.64903 3.6607 3.67364 3.68785 3.70335 3.72012 3.73816 3.75742 3.77788 3.79947 3.82211 3.84573 3.87022 3.89547 3.92135 3.94773 3.97447 4.00143 4.02844 4.05535 4.08202 4.10829 4.13401 4.15905 4.18326 4.20654 4.22875 4.24981 4.26961 4.28807 4.30512 4.32071 4.33477 4.34726 4.35814 4.36739 4.37498 4.38089 4.38511 4.38761 4.38841 4.38748 4.38483 4.38046 4.37437 4.36658 4.35709 4.34594 4.33315 4.31876 4.30281 4.28537 4.26651 4.2463 4.22483 4.20222 4.17857 4.15401 4.12867 4.1027 4.07625 4.04947 4.02252 3.99555 3.96873 3.9422 3.91611 3.8906 3.86579 3.8418 3.81874 3.7967 3.77575 3.75596 3.73736 3.72 3.7039 3.68906 3.67549 3.66316 3.65206 3.64217 3.63345 3.62588 3.61942 3.61403 3.6097 3.60639 3.60408 3.60277 
3.5956 3.59626 3.59792 3.60059 3.60429 3.60905 3.61489 3.62185 3.62996 3.63925 3.64977 3.66153 3.67455 3.68886 3.70446 3.72135 3.7395 3.75889 3.77947 3.80118 3.82396 3.84772 3.87234 3.89773 3.92375 3.95027 3.97714 4.00423 4.03136 4.0584 4.08519 4.11157 4.1374 4.16253 4.18684 4.2102 4.2325 4.25362 4.27349 4.29201 4.30912 4.32475 4.33885 4.35138 4.36229 4.37157 4.37918 4.38511 4.38933 4.39185 4.39265 4.39172 4.38907 4.38469 4.37859 4.37077 4.36127 4.35009 4.33726 4.32283 4.30684 4.28934 4.27041 4.25013 4.22859 4.20589 4.18215 4.15749 4.13205 4.10596 4.0794 4.05249 4.02541 3.99832 3.97136 3.94469 3.91846 3.89281 3.86786 3.84374 3.82054 3.79837 3.77729 3.75737 3.73866 3.72119 3.70498 3.69004 3.67637 3.66396 3.65278 3.64282 3.63404 3.6264 3.61989 3.61447 3.6101 3.60676 3.60444 3.60312 
3.59582 3.59648 3.59815 3.60083 3.60455 3.60932 3.61519 3.62218 3.63033 3.63966 3.65022 3.66203 3.67511 3.68947 3.70513 3.72208 3.7403 3.75975 3.78041 3.8022 3.82505 3.84888 3.87359 3.89905 3.92515 3.95175 3.9787 4.00586 4.03307 4.06018 4.08704 4.11349 4.13938 4.16457 4.18894 4.21235 4.2347 4.25587 4.27578 4.29434 4.31148 4.32714 4.34127 4.35382 4.36476 4.37405 4.38168 4.38761 4.39185 4.39437 4.39517 4.39425 4.39159 4.3872 4.38109 4.37327 4.36374 4.35254 4.33969 4.32523 4.30921 4.29168 4.27271 4.25238 4.23079 4.20804 4.18424 4.15952 4.13402 4.10787 4.08123 4.05426 4.0271 3.99993 3.97289 3.94614 3.91983 3.8941 3.86908 3.84488 3.8216 3.79935 3.7782 3.75821 3.73943 3.72189 3.70562 3.69063 3.6769 3.66444 3.65322 3.64321 3.63439 3.62673 3.62019 3.61474 3.61035 3.607 3.60467 3.60334 
