7.02185 7.02204 7.02237 7.02283 7.02342 7.02415 7.02502 7.02601 7.02714 7.0284 7.02979 7.0313 7.03294 7.03471 7.03659 7.03859 7.0407 7.04291 7.04523 7.04765 7.05015 7.05273 7.05539 7.05811 7.06089 7.06372 7.06657 7.06946 7.07235 7.07524 7.07812 7.08098 7.08379 7.08655 7.08925 7.09186 7.09438 7.09679 7.09909 7.10125 7.10327 7.10514 7.10684 7.10836 7.1097 7.11085 7.11181 7.11256 7.1131 7.11344 7.11356 7.11348 7.11318 7.11267 7.11196 7.11104 7.10994 7.10864 7.10717 7.10552 7.10371 7.10175 7.09966 7.09743 7.09509 7.09265 7.09013 7.08753 7.08486 7.08215 7.07941 7.07665 7.07388 7.07111 7.06836 7.06565 7.06297 7.06035 7.05778 7.05529 7.05288 7.05055 7.04832 7.04619 7.04417 7.04226 7.04046 7.03879 7.03724 7.03582 7.03452 7.03336 7.03233 7.03143 7.03067 7.03004 7.02955 7.02919 7.02897 7.02889 
7.02204 7.02223 7.02256 7.02302 7.02362 7.02435 7.02522 7.02622 7.02735 7.02862 7.03001 7.03154 7.03319 7.03496 7.03685 7.03886 7.04098 7.04321 7.04554 7.04797 7.05048 7.05308 7.05575 7.05849 7.06128 7.06412 7.067 7.0699 7.07281 7.07572 7.07861 7.08148 7.08431 7.08709 7.0898 7.09243 7.09496 7.09739 7.0997 7.10187 7.1039 7.10578 7.10749 7.10902 7.11037 7.11153 7.11248 7.11324 7.11379 7.11412 7.11425 7.11416 7.11386 7.11335 7.11263 7.11171 7.1106 7.1093 7.10781 7.10616 7.10434 7.10237 7.10026 7.09802 7.09567 7.09322 7.09067 7.08806 7.08538 7.08265 7.0799 7.07712 7.07433 7.07155 7.06879 7.06605 7.06336 7.06072 7.05814 7.05564 7.05321 7.05087 7.04863 7.04649 7.04445 7.04253 7.04073 7.03904 7.03748 7.03605 7.03475 7.03358 7.03254 7.03164 7.03087 7.03024 7.02974 7.02939 7.02917 7.02908 
7.02237 7.02256 7.02289 7.02336 7.02396 7.0247 7.02558 7.02659 7.02774 7.02902 7.03044 7.03198 7.03365 7.03545 7.03736 7.0394 7.04155 7.04381 7.04617 7.04863 7.05118 7.05381 7.05652 7.0593 7.06213 7.06501 7.06792 7.07086 7.07381 7.07676 7.07969 7.0826 7.08547 7.08828 7.09103 7.09369 7.09626 7.09872 7.10106 7.10326 7.10532 7.10722 7.10895 7.1105 7.11187 7.11304 7.11401 7.11478 7.11533 7.11567 7.1158 7.1157 7.1154 7.11488 7.11415 7.11322 7.11209 7.11077 7.10927 7.10759 7.10574 7.10375 7.10161 7.09934 7.09696 7.09447 7.09189 7.08924 7.08652 7.08376 7.08096 7.07815 7.07532 7.0725 7.0697 7.06693 7.0642 7.06152 7.05891 7.05636 7.0539 7.05153 7.04925 7.04708 7.04502 7.04307 7.04124 7.03953 7.03794 7.03649 7.03517 7.03398 7.03293 7.03201 7.03123 7.03059 7.03008 7.02972 7.02949 7.02941 
7.02283 7.02302 7.02336 7.02383 7.02445 7.0252 7.0261 7.02713 7.0283 7.02961 7.03106 7.03263 7.03434 7.03617 7.03813 7.04021 7.04241 7.04471 7.04713 7.04964 7.05224 7.05493 7.0577 7.06054 7.06343 7.06637 7.06934 7.07234 7.07535 7.07837 7.08136 7.08433 7.08726 7.09013 7.09293 7.09565 7.09827 7.10078 7.10317 7.10542 7.10752 7.10945 7.11122 7.1128 7.1142 7.11539 7.11638 7.11716 7.11773 7.11807 7.1182 7.11811 7.11779 7.11726 7.11652 7.11557 7.11441 7.11306 7.11152 7.10981 7.10793 7.10589 7.1037 7.10139 7.09895 7.09641 7.09378 7.09107 7.08829 7.08547 7.08261 7.07973 7.07684 7.07396 7.0711 7.06827 7.06548 7.06274 7.06007 7.05747 7.05495 7.05252 7.0502 7.04797 7.04586 7.04387 7.04199 7.04024 7.03863 7.03714 7.03578 7.03457 7.03349 7.03255 7.03175 7.03109 7.03057 7.03019 7.02996 7.02987 
7.02342 7.02362 7.02396 7.02445 7.02508 7.02585 7.02677 7.02784 7.02904 7.03039 7.03187 7.03349 7.03525 7.03713 7.03915 7.04129 7.04355 7.04592 7.0484 7.05099 7.05367 7.05644 7.05929 7.0622 7.06518 7.0682 7.07126 7.07435 7.07744 7.08054 7.08362 7.08667 7.08968 7.09263 7.09551 7.09831 7.101 7.10358 7.10603 7.10834 7.11049 7.11248 7.1143 7.11592 7.11735 7.11858 7.1196 7.12039 7.12097 7.12133 7.12146 7.12136 7.12103 7.12049 7.11972 7.11874 7.11755 7.11616 7.11458 7.11282 7.11088 7.10878 7.10654 7.10415 7.10165 7.09903 7.09632 7.09354 7.09068 7.08778 7.08484 7.08187 7.0789 7.07593 7.07299 7.07007 7.0672 7.06438 7.06163 7.05895 7.05636 7.05386 7.05146 7.04917 7.04699 7.04493 7.043 7.0412 7.03952 7.03799 7.03659 7.03533 7.03422 7.03325 7.03242 7.03174 7.0312 7.03081 7.03056 7.03047 
7.02415 7.02435 7.0247 7.0252 7.02585 7.02666 7.02761 7.02871 7.02995 7.03134 7.03288 7.03456 7.03638 7.03833 7.04042 7.04263 7.04497 7.04743 7.05001 7.05268 7.05546 7.05833 7.06127 7.06429 7.06737 7.0705 7.07367 7.07686 7.08007 7.08327 7.08646 7.08962 7.09273 7.09578 7.09876 7.10165 7.10443 7.1071 7.10963 7.11202 7.11425 7.1163 7.11817 7.11985 7.12133 7.1226 7.12364 7.12447 7.12506 7.12543 7.12556 7.12545 7.12512 7.12455 7.12376 7.12274 7.12151 7.12007 7.11843 7.11661 7.1146 7.11243 7.1101 7.10764 7.10504 7.10234 7.09953 7.09664 7.09369 7.09068 7.08763 7.08457 7.08149 7.07841 7.07536 7.07234 7.06936 7.06644 7.06358 7.06081 7.05812 7.05552 7.05303 7.05066 7.0484 7.04626 7.04425 7.04238 7.04064 7.03904 7.03759 7.03628 7.03512 7.03411 7.03325 7.03253 7.03197 7.03156 7.03131 7.0312 
7.02502 7.02522 7.02558 7.0261 7.02677 7.02761 7.0286 7.02974 7.03104 7.03249 7.03409 7.03583 7.03773 7.03976 7.04194 7.04425 7.04668 7.04925 7.05192 7.05471 7.05761 7.06059 7.06366 7.06681 7.07001 7.07327 7.07657 7.07989 7.08323 7.08656 7.08988 7.09316 7.0964 7.09957 7.10267 7.10567 7.10857 7.11134 7.11397 7.11645 7.11876 7.1209 7.12284 7.12459 7.12612 7.12743 7.12852 7.12937 7.12999 7.13036 7.1305 7.13039 7.13003 7.12944 7.12861 7.12755 7.12627 7.12477 7.12307 7.12117 7.11908 7.11682 7.1144 7.11183 7.10913 7.10631 7.10339 7.10039 7.09731 7.09417 7.091 7.0878 7.0846 7.08139 7.07821 7.07506 7.07195 7.06891 7.06593 7.06303 7.06023 7.05752 7.05492 7.05244 7.05008 7.04785 7.04575 7.04379 7.04197 7.0403 7.03878 7.03741 7.03619 7.03513 7.03423 7.03348 7.03289 7.03246 7.03218 7.03207 
7.02601 7.02622 7.02659 7.02713 7.02784 7.02871 7.02974 7.03093 7.03229 7.03381 7.03548 7.03731 7.03929 7.04143 7.0437 7.04612 7.04867 7.05136 7.05416 7.05708 7.06011 7.06323 7.06645 7.06974 7.07309 7.0765 7.07995 7.08343 7.08691 7.0904 7.09387 7.0973 7.10068 7.104 7.10723 7.11037 7.11339 7.11629 7.11903 7.12162 7.12403 7.12626 7.12829 7.13011 7.13171 7.13307 7.13421 7.13509 7.13574 7.13612 7.13626 7.13614 7.13577 7.13515 7.13428 7.13317 7.13183 7.13026 7.12848 7.12649 7.12431 7.12194 7.11941 7.11672 7.1139 7.11095 7.1079 7.10475 7.10153 7.09825 7.09493 7.09158 7.08822 7.08487 7.08154 7.07824 7.07498 7.07179 7.06867 7.06563 7.06269 7.05985 7.05712 7.05451 7.05204 7.04969 7.04749 7.04543 7.04352 7.04176 7.04016 7.03872 7.03744 7.03632 7.03536 7.03457 7.03395 7.03349 7.03319 7.03307 
7.02714 7.02735 7.02774 7.0283 7.02904 7.02995 7.03104 7.03229 7.03372 7.03531 7.03707 7.03899 7.04108 7.04332 7.04571 7.04826 7.05094 7.05376 7.05671 7.05978 7.06296 7.06625 7.06962 7.07308 7.07661 7.08019 7.08381 7.08746 7.09112 7.09478 7.09842 7.10202 7.10557 7.10905 7.11244 7.11573 7.1189 7.12193 7.12481 7.12752 7.13005 7.13238 7.13451 7.13641 7.13808 7.13951 7.1407 7.14163 7.14229 7.1427 7.14284 7.14271 7.14232 7.14166 7.14075 7.13958 7.13817 7.13653 7.13465 7.13256 7.13027 7.12779 7.12513 7.12231 7.11934 7.11625 7.11304 7.10973 7.10635 7.1029 7.09941 7.09589 7.09236 7.08884 7.08533 7.08186 7.07843 7.07507 7.07179 7.06859 7.06549 7.0625 7.05962 7.05688 7.05426 7.05179 7.04947 7.04729 7.04528 7.04342 7.04173 7.0402 7.03885 7.03766 7.03665 7.03581 7.03514 7.03465 7.03434 7.0342 
7.0284 7.02862 7.02902 7.02961 7.03039 7.03134 7.03249 7.03381 7.03531 7.03699 7.03885 7.04088 7.04308 7.04544 7.04797 7.05065 7.05348 7.05646 7.05957 7.06281 7.06616 7.06963 7.07319 7.07683 7.08055 7.08432 7.08814 7.09198 7.09584 7.09969 7.10352 7.10732 7.11105 7.11471 7.11828 7.12174 7.12508 7.12826 7.13129 7.13414 7.1368 7.13925 7.14148 7.14348 7.14523 7.14673 7.14797 7.14895 7.14965 7.15007 7.15021 7.15007 7.14966 7.14896 7.148 7.14677 7.14529 7.14355 7.14158 7.13938 7.13696 7.13434 7.13154 7.12857 7.12545 7.12218 7.1188 7.11532 7.11175 7.10812 7.10444 7.10073 7.097 7.09328 7.08958 7.08592 7.08231 7.07876 7.07529 7.07191 7.06863 7.06547 7.06243 7.05953 7.05676 7.05414 7.05168 7.04938 7.04724 7.04528 7.04348 7.04186 7.04042 7.03916 7.03809 7.03719 7.03648 7.03596 7.03562 7.03547 
7.02979 7.03001 7.03044 7.03106 7.03187 7.03288 7.03409 7.03548 7.03707 7.03885 7.04081 7.04296 7.04528 7.04778 7.05046 7.0533 7.05629 7.05944 7.06273 7.06615 7.0697 7.07337 7.07713 7.08098 7.08491 7.0889 7.09293 7.09699 7.10106 7.10513 7.10917 7.11318 7.11712 7.12098 7.12474 7.12839 7.13191 7.13527 7.13846 7.14146 7.14426 7.14684 7.14919 7.15129 7.15314 7.15472 7.15602 7.15704 7.15777 7.15821 7.15836 7.15821 7.15777 7.15704 7.15602 7.15472 7.15315 7.15132 7.14923 7.14691 7.14435 7.14159 7.13863 7.1355 7.13219 7.12875 7.12518 7.1215 7.11773 7.11389 7.11 7.10608 7.10214 7.0982 7.09429 7.09041 7.08659 7.08283 7.07916 7.07558 7.07211 7.06876 7.06554 7.06245 7.05952 7.05674 7.05413 7.05169 7.04942 7.04733 7.04542 7.0437 7.04216 7.04082 7.03967 7.03872 7.03796 7.03739 7.03703 7.03686 
7.0313 7.03154 7.03198 7.03263 7.03349 7.03456 7.03583 7.03731 7.03899 7.04088 7.04296 7.04523 7.0477 7.05035 7.05318 7.05619 7.05937 7.0627 7.06619 7.06982 7.07358 7.07746 7.08144 7.08552 7.08968 7.0939 7.09817 7.10247 7.10677 7.11108 7.11535 7.11958 7.12375 7.12783 7.13181 7.13566 7.13937 7.14292 7.14629 7.14946 7.15241 7.15514 7.15761 7.15983 7.16178 7.16344 7.16481 7.16589 7.16666 7.16712 7.16727 7.16711 7.16664 7.16586 7.16478 7.1634 7.16174 7.1598 7.1576 7.15514 7.15244 7.14952 7.14639 7.14307 7.13957 7.13593 7.13215 7.12825 7.12426 7.1202 7.11608 7.11193 7.10775 7.10359 7.09944 7.09533 7.09127 7.08729 7.08339 7.07959 7.07591 7.07235 7.06893 7.06566 7.06254 7.05959 7.05681 7.05421 7.05179 7.04957 7.04753 7.0457 7.04406 7.04263 7.0414 7.04038 7.03957 7.03896 7.03857 7.03838 
7.03294 7.03319 7.03365 7.03434 7.03525 7.03638 7.03773 7.03929 7.04108 7.04308 7.04528 7.0477 7.05031 7.05313 7.05614 7.05933 7.0627 7.06624 7.06994 7.07379 7.07778 7.08189 7.08612 7.09045 7.09485 7.09933 7.10385 7.1084 7.11296 7.11752 7.12205 7.12653 7.13093 7.13525 7.13946 7.14354 7.14746 7.15121 7.15477 7.15812 7.16124 7.16412 7.16673 7.16907 7.17113 7.17288 7.17433 7.17546 7.17627 7.17676 7.17691 7.17674 7.17624 7.17541 7.17426 7.17281 7.17104 7.16899 7.16665 7.16405 7.16119 7.15809 7.15478 7.15126 7.14756 7.1437 7.1397 7.13557 7.13134 7.12704 7.12267 7.11826 7.11384 7.10942 7.10501 7.10065 7.09635 7.09212 7.08798 7.08394 7.08003 7.07625 7.07261 7.06913 7.06581 7.06267 7.05971 7.05694 7.05437 7.05199 7.04982 7.04787 7.04612 7.04459 7.04328 7.04218 7.04131 7.04066 7.04023 7.04003 
7.03471 7.03496 7.03545 7.03617 7.03713 7.03833 7.03976 7.04143 7.04332 7.04544 7.04778 7.05035 7.05313 7.05612 7.05931 7.06271 7.06629 7.07005 7.07397 7.07806 7.0823 7.08666 7.09115 7.09574 7.10041 7.10516 7.10995 7.11478 7.11962 7.12444 7.12924 7.13398 7.13865 7.14323 7.14768 7.15199 7.15615 7.16011 7.16388 7.16742 7.17072 7.17376 7.17652 7.179 7.18117 7.18302 7.18455 7.18574 7.18659 7.1871 7.18726 7.18707 7.18654 7.18566 7.18444 7.1829 7.18103 7.17885 7.17637 7.17361 7.17058 7.1673 7.16379 7.16006 7.15614 7.15205 7.1478 7.14343 7.13895 7.13438 7.12974 7.12507 7.12037 7.11568 7.11101 7.10637 7.1018 7.09731 7.09291 7.08862 7.08446 7.08043 7.07656 7.07286 7.06933 7.06598 7.06283 7.05988 7.05713 7.0546 7.05229 7.0502 7.04833 7.0467 7.04529 7.04412 7.04319 7.04249 7.04202 7.0418 
7.03659 7.03685 7.03736 7.03813 7.03915 7.04042 7.04194 7.0437 7.04571 7.04797 7.05046 7.05318 7.05614 7.05931 7.06271 7.06631 7.07012 7.07411 7.07828 7.08262 7.08712 7.09176 7.09652 7.10139 7.10635 7.11138 7.11647 7.12158 7.12671 7.13183 7.13691 7.14194 7.14688 7.15173 7.15644 7.16101 7.1654 7.1696 7.17359 7.17733 7.18082 7.18404 7.18696 7.18957 7.19186 7.19382 7.19543 7.19669 7.19759 7.19812 7.19828 7.19808 7.19751 7.19658 7.19529 7.19365 7.19167 7.18936 7.18673 7.18381 7.1806 7.17712 7.1734 7.16945 7.16529 7.16095 7.15645 7.15181 7.14705 7.14221 7.13729 7.13233 7.12735 7.12236 7.1174 7.11248 7.10762 7.10285 7.09817 7.09361 7.08918 7.0849 7.08078 7.07684 7.07308 7.06952 7.06616 7.06301 7.06009 7.05739 7.05492 7.05269 7.05069 7.04895 7.04744 7.04619 7.04519 7.04443 7.04393 7.04369 
7.03859 7.03886 7.0394 7.04021 7.04129 7.04263 7.04425 7.04612 7.04826 7.05065 7.0533 7.05619 7.05933 7.06271 7.06631 7.07014 7.07418 7.07842 7.08285 7.08746 7.09224 7.09716 7.10221 7.10738 7.11264 7.11798 7.12337 7.1288 7.13423 7.13966 7.14504 7.15037 7.15561 7.16073 7.16573 7.17056 7.17521 7.17965 7.18387 7.18783 7.19152 7.19491 7.198 7.20076 7.20318 7.20525 7.20695 7.20828 7.20922 7.20978 7.20995 7.20973 7.20913 7.20814 7.20677 7.20503 7.20293 7.20048 7.1977 7.1946 7.1912 7.18751 7.18357 7.17938 7.17498 7.17038 7.1656 7.16068 7.15564 7.1505 7.14529 7.14002 7.13474 7.12945 7.12418 7.11895 7.11379 7.10872 7.10375 7.0989 7.09419 7.08964 7.08526 7.08106 7.07706 7.07327 7.06969 7.06634 7.06322 7.06034 7.05771 7.05533 7.0532 7.05133 7.04973 7.04838 7.04731 7.0465 7.04596 7.04569 
7.0407 7.04098 7.04155 7.04241 7.04355 7.04497 7.04668 7.04867 7.05094 7.05348 7.05629 7.05937 7.0627 7.06629 7.07012 7.07418 7.07847 7.08297 7.08768 7.09257 7.09764 7.10286 7.10822 7.1137 7.11928 7.12494 7.13065 7.1364 7.14216 7.14791 7.15361 7.15925 7.16479 7.17022 7.1755 7.18062 7.18553 7.19023 7.19469 7.19887 7.20277 7.20636 7.20963 7.21254 7.2151 7.21728 7.21907 7.22047 7.22147 7.22205 7.22223 7.22199 7.22135 7.2203 7.21884 7.217 7.21478 7.21218 7.20924 7.20595 7.20235 7.19845 7.19427 7.18984 7.18517 7.1803 7.17524 7.17003 7.16469 7.15924 7.15371 7.14813 7.14252 7.13691 7.13132 7.12577 7.1203 7.11491 7.10963 7.10448 7.09948 7.09464 7.08998 7.08552 7.08126 7.07723 7.07342 7.06985 7.06653 7.06346 7.06065 7.05811 7.05584 7.05385 7.05214 7.0507 7.04955 7.04869 7.04811 7.04781 
7.04291 7.04321 7.04381 7.04471 7.04592 7.04743 7.04925 7.05136 7.05376 7.05646 7.05944 7.0627 7.06624 7.07005 7.07411 7.07842 7.08297 7.08775 7.09274 7.09793 7.1033 7.10884 7.11452 7.12033 7.12624 7.13223 7.13829 7.14437 7.15047 7.15655 7.16259 7.16855 7.17442 7.18016 7.18574 7.19115 7.19635 7.20131 7.20602 7.21044 7.21456 7.21835 7.22179 7.22487 7.22757 7.22987 7.23176 7.23323 7.23428 7.2349 7.23508 7.23482 7.23414 7.23302 7.23148 7.22953 7.22718 7.22443 7.22132 7.21784 7.21403 7.2099 7.20548 7.20079 7.19585 7.19069 7.18534 7.17982 7.17416 7.16839 7.16254 7.15662 7.15068 7.14473 7.1388 7.13293 7.12712 7.1214 7.1158 7.11033 7.10502 7.09989 7.09494 7.0902 7.08567 7.08138 7.07733 7.07353 7.07 7.06673 7.06374 7.06104 7.05862 7.0565 7.05467 7.05314 7.05191 7.05098 7.05036 7.05004 
7.04523 7.04554 7.04617 7.04713 7.0484 7.05001 7.05192 7.05416 7.05671 7.05957 7.06273 7.06619 7.06994 7.07397 7.07828 7.08285 7.08768 7.09274 7.09803 7.10353 7.10921 7.11508 7.12109 7.12724 7.1335 7.13984 7.14625 7.15269 7.15914 7.16556 7.17194 7.17825 7.18445 7.19051 7.19641 7.20212 7.20761 7.21285 7.21782 7.22248 7.22683 7.23083 7.23446 7.2377 7.24055 7.24297 7.24496 7.24651 7.24762 7.24826 7.24845 7.24818 7.24745 7.24627 7.24464 7.24258 7.24009 7.23719 7.23389 7.23022 7.22619 7.22183 7.21716 7.2122 7.20698 7.20152 7.19586 7.19002 7.18404 7.17793 7.17174 7.16548 7.15919 7.15289 7.14661 7.14038 7.13423 7.12817 7.12224 7.11644 7.11081 7.10536 7.10011 7.09508 7.09027 7.08572 7.08142 7.07738 7.07362 7.07015 7.06698 7.0641 7.06152 7.05926 7.05731 7.05568 7.05437 7.05338 7.05271 7.05237 
7.04765 7.04797 7.04863 7.04964 7.05099 7.05268 7.05471 7.05708 7.05978 7.06281 7.06615 7.06982 7.07379 7.07806 7.08262 7.08746 7.09257 7.09793 7.10353 7.10934 7.11536 7.12156 7.12792 7.13443 7.14104 7.14775 7.15451 7.16132 7.16813 7.17492 7.18165 7.18831 7.19485 7.20125 7.20748 7.2135 7.21929 7.22481 7.23005 7.23497 7.23955 7.24376 7.24759 7.251 7.254 7.25655 7.25865 7.26028 7.26143 7.26211 7.26231 7.26202 7.26124 7.25999 7.25827 7.25609 7.25346 7.2504 7.24693 7.24305 7.2388 7.23419 7.22926 7.22402 7.21851 7.21275 7.20677 7.20061 7.19428 7.18783 7.18128 7.17467 7.16801 7.16136 7.15472 7.14813 7.14162 7.13521 7.12892 7.12279 7.11682 7.11105 7.10549 7.10015 7.09506 7.09023 7.08566 7.08138 7.0774 7.07371 7.07034 7.06728 7.06454 7.06214 7.06007 7.05833 7.05693 7.05587 7.05516 7.05479 
7.05015 7.05048 7.05118 7.05224 7.05367 7.05546 7.05761 7.06011 7.06296 7.06616 7.0697 7.07358 7.07778 7.0823 7.08712 7.09224 7.09764 7.1033 7.10921 7.11536 7.12172 7.12827 7.13499 7.14185 7.14884 7.15592 7.16306 7.17024 7.17742 7.18458 7.19168 7.1987 7.2056 7.21234 7.2189 7.22524 7.23134 7.23716 7.24267 7.24785 7.25267 7.2571 7.26113 7.26472 7.26787 7.27055 7.27276 7.27447 7.27569 7.27639 7.27659 7.27628 7.27547 7.27415 7.27233 7.27003 7.26726 7.26404 7.26037 7.25629 7.2518 7.24695 7.24175 7.23623 7.23041 7.22434 7.21804 7.21153 7.20486 7.19805 7.19114 7.18416 7.17713 7.1701 7.16309 7.15613 7.14925 7.14248 7.13583 7.12935 7.12304 7.11693 7.11105 7.1054 7.10001 7.09489 7.09006 7.08553 7.0813 7.07739 7.07382 7.07057 7.06767 7.06512 7.06292 7.06107 7.05959 7.05846 7.0577 7.0573 
7.05273 7.05308 7.05381 7.05493 7.05644 7.05833 7.06059 7.06323 7.06625 7.06963 7.07337 7.07746 7.08189 7.08666 7.09176 7.09716 7.10286 7.10884 7.11508 7.12156 7.12827 7.13518 7.14226 7.1495 7.15686 7.16432 7.17185 7.17941 7.18698 7.19452 7.202 7.20938 7.21664 7.22374 7.23064 7.23731 7.24372 7.24984 7.25564 7.26108 7.26615 7.27081 7.27504 7.27881 7.28212 7.28493 7.28725 7.28904 7.29032 7.29106 7.29127 7.29094 7.29007 7.28868 7.28677 7.28435 7.28143 7.27804 7.27418 7.26988 7.26516 7.26005 7.25458 7.24877 7.24265 7.23625 7.22961 7.22276 7.21573 7.20856 7.20128 7.19392 7.18652 7.1791 7.17171 7.16437 7.15711 7.14996 7.14295 7.1361 7.12944 7.12299 7.11677 7.11081 7.10511 7.0997 7.09459 7.0898 7.08533 7.08119 7.07741 7.07397 7.0709 7.0682 7.06586 7.0639 7.06233 7.06113 7.06032 7.05989 
7.05539 7.05575 7.05652 7.0577 7.05929 7.06127 7.06366 7.06645 7.06962 7.07319 7.07713 7.08144 7.08612 7.09115 7.09652 7.10221 7.10822 7.11452 7.12109 7.12792 7.13499 7.14226 7.14972 7.15734 7.16509 7.17294 7.18086 7.18881 7.19677 7.2047 7.21256 7.22032 7.22795 7.23541 7.24266 7.24966 7.2564 7.26282 7.26891 7.27462 7.27994 7.28482 7.28926 7.29322 7.29669 7.29964 7.30206 7.30395 7.30528 7.30605 7.30627 7.30592 7.30501 7.30354 7.30153 7.29899 7.29592 7.29236 7.2883 7.28378 7.27883 7.27346 7.2677 7.26159 7.25516 7.24844 7.24146 7.23426 7.22686 7.21932 7.21166 7.20392 7.19612 7.18832 7.18054 7.17281 7.16516 7.15763 7.15024 7.14303 7.13601 7.12921 7.12265 7.11636 7.11035 7.10464 7.09924 7.09418 7.08946 7.0851 7.08109 7.07747 7.07422 7.07136 7.06889 7.06682 7.06515 7.06388 7.06302 7.06256 
7.05811 7.05849 7.0593 7.06054 7.0622 7.06429 7.06681 7.06974 7.07308 7.07683 7.08098 7.08552 7.09045 7.09574 7.10139 7.10738 7.1137 7.12033 7.12724 7.13443 7.14185 7.1495 7.15734 7.16535 7.17349 7.18174 7.19005 7.19841 7.20676 7.21508 7.22333 7.23148 7.23948 7.2473 7.2549 7.26225 7.26931 7.27605 7.28242 7.28841 7.29398 7.2991 7.30374 7.30789 7.31152 7.31461 7.31715 7.31912 7.32051 7.32132 7.32154 7.32117 7.32021 7.31868 7.31657 7.3139 7.31068 7.30694 7.30268 7.29794 7.29275 7.28711 7.28108 7.27467 7.26792 7.26086 7.25353 7.24597 7.23821 7.23029 7.22225 7.21411 7.20593 7.19773 7.18955 7.18142 7.17338 7.16546 7.15769 7.1501 7.14271 7.13556 7.12865 7.12203 7.1157 7.10968 7.104 7.09867 7.09369 7.08909 7.08487 7.08104 7.07761 7.07459 7.07199 7.0698 7.06803 7.06669 7.06578 7.06529 
7.06089 7.06128 7.06213 7.06343 7.06518 7.06737 7.07001 7.07309 7.07661 7.08055 7.08491 7.08968 7.09485 7.10041 7.10635 7.11264 7.11928 7.12624 7.1335 7.14104 7.14884 7.15686 7.16509 7.17349 7.18203 7.19068 7.1994 7.20815 7.21691 7.22563 7.23428 7.24281 7.25119 7.25938 7.26734 7.27503 7.28242 7.28946 7.29614 7.3024 7.30822 7.31358 7.31844 7.32277 7.32657 7.3298 7.33245 7.3345 7.33596 7.3368 7.33702 7.33663 7.33563 7.33402 7.33181 7.32901 7.32565 7.32172 7.31727 7.31231 7.30686 7.30097 7.29464 7.28793 7.28086 7.27347 7.26579 7.25787 7.24974 7.24143 7.233 7.22447 7.21588 7.20728 7.1987 7.19017 7.18174 7.17342 7.16527 7.15729 7.14953 7.14201 7.13476 7.1278 7.12114 7.11482 7.10884 7.10323 7.098 7.09315 7.08871 7.08468 7.08107 7.07789 7.07515 7.07284 7.07098 7.06956 7.06859 7.06808 
7.06372 7.06412 7.06501 7.06637 7.0682 7.0705 7.07327 7.0765 7.08019 7.08432 7.0889 7.0939 7.09933 7.10516 7.11138 7.11798 7.12494 7.13223 7.13984 7.14775 7.15592 7.16432 7.17294 7.18174 7.19068 7.19973 7.20885 7.21802 7.22718 7.2363 7.24534 7.25426 7.26302 7.27159 7.2799 7.28794 7.29566 7.30302 7.30999 7.31653 7.32262 7.32821 7.33328 7.3378 7.34176 7.34513 7.34789 7.35004 7.35155 7.35243 7.35266 7.35225 7.3512 7.34952 7.3472 7.34428 7.34076 7.33666 7.33201 7.32682 7.32113 7.31496 7.30835 7.30134 7.29394 7.28621 7.27818 7.2699 7.26139 7.2527 7.24387 7.23494 7.22596 7.21695 7.20797 7.19904 7.1902 7.18149 7.17294 7.16458 7.15644 7.14856 7.14095 7.13365 7.12667 7.12003 7.11376 7.10786 7.10237 7.09728 7.09261 7.08838 7.08459 7.08124 7.07835 7.07593 7.07397 7.07248 7.07146 7.07091 
7.06657 7.067 7.06792 7.06934 7.07126 7.07367 7.07657 7.07995 7.08381 7.08814 7.09293 7.09817 7.10385 7.10995 7.11647 7.12337 7.13065 7.13829 7.14625 7.15451 7.16306 7.17185 7.18086 7.19005 7.1994 7.20885 7.21839 7.22796 7.23753 7.24705 7.25649 7.2658 7.27495 7.28388 7.29256 7.30094 7.30899 7.31667 7.32394 7.33076 7.3371 7.34292 7.34821 7.35292 7.35705 7.36056 7.36343 7.36567 7.36724 7.36815 7.36839 7.36796 7.36686 7.3651 7.36269 7.35964 7.35597 7.35169 7.34683 7.34142 7.33548 7.32905 7.32215 7.31483 7.30711 7.29904 7.29066 7.28201 7.27312 7.26405 7.25483 7.2455 7.23611 7.2267 7.2173 7.20797 7.19873 7.18962 7.18067 7.17193 7.16342 7.15516 7.1472 7.13955 7.13224 7.12529 7.11872 7.11254 7.10678 7.10145 7.09656 7.09212 7.08814 7.08463 7.0816 7.07905 7.07699 7.07543 7.07436 7.07378 
7.06946 7.0699 7.07086 7.07234 7.07435 7.07686 7.07989 7.08343 7.08746 7.09198 7.09699 7.10247 7.1084 7.11478 7.12158 7.1288 7.1364 7.14437 7.15269 7.16132 7.17024 7.17941 7.18881 7.19841 7.20815 7.21802 7.22796 7.23794 7.24791 7.25784 7.26768 7.27738 7.2869 7.29621 7.30525 7.31398 7.32236 7.33035 7.33791 7.34501 7.35161 7.35767 7.36316 7.36807 7.37236 7.37601 7.379 7.38132 7.38295 7.3839 7.38414 7.38369 7.38255 7.38071 7.3782 7.37502 7.3712 7.36674 7.36169 7.35605 7.34987 7.34317 7.33598 7.32835 7.32031 7.3119 7.30317 7.29415 7.28489 7.27543 7.26582 7.25609 7.2463 7.23648 7.22668 7.21694 7.20729 7.19778 7.18844 7.17931 7.17042 7.1618 7.15348 7.14549 7.13785 7.13058 7.12371 7.11725 7.11123 7.10565 7.10053 7.09588 7.09172 7.08804 7.08487 7.0822 7.08004 7.0784 7.07728 7.07667 
7.07235 7.07281 7.07381 7.07535 7.07744 7.08007 7.08323 7.08691 7.09112 7.09584 7.10106 7.10677 7.11296 7.11962 7.12671 7.13423 7.14216 7.15047 7.15914 7.16813 7.17742 7.18698 7.19677 7.20676 7.21691 7.22718 7.23753 7.24791 7.25829 7.26862 7.27885 7.28894 7.29885 7.30852 7.31791 7.32699 7.3357 7.344 7.35186 7.35923 7.36608 7.37238 7.37809 7.38318 7.38763 7.39142 7.39452 7.39693 7.39863 7.3996 7.39986 7.39939 7.39819 7.39629 7.39367 7.39037 7.38639 7.38176 7.37651 7.37065 7.36422 7.35725 7.34978 7.34185 7.33349 7.32475 7.31566 7.30628 7.29664 7.2868 7.2768 7.26667 7.25648 7.24626 7.23605 7.2259 7.21585 7.20595 7.19622 7.1867 7.17743 7.16844 7.15977 7.15143 7.14346 7.13588 7.12871 7.12197 7.11568 7.10985 7.10451 7.09966 7.09531 7.09147 7.08815 7.08536 7.08311 7.08139 7.08021 7.07958 
7.07524 7.07572 7.07676 7.07837 7.08054 7.08327 7.08656 7.0904 7.09478 7.09969 7.10513 7.11108 7.11752 7.12444 7.13183 7.13966 7.14791 7.15655 7.16556 7.17492 7.18458 7.19452 7.2047 7.21508 7.22563 7.2363 7.24705 7.25784 7.26862 7.27934 7.28997 7.30044 7.31072 7.32076 7.33051 7.33992 7.34896 7.35757 7.36572 7.37337 7.38047 7.387 7.39291 7.39819 7.4028 7.40673 7.40995 7.41244 7.41419 7.4152 7.41546 7.41497 7.41373 7.41175 7.40904 7.40561 7.40149 7.39669 7.39123 7.38515 7.37848 7.37125 7.3635 7.35527 7.34659 7.33751 7.32808 7.31834 7.30833 7.29811 7.28772 7.2772 7.26661 7.25599 7.24538 7.23483 7.22438 7.21408 7.20396 7.19406 7.18442 7.17506 7.16603 7.15736 7.14906 7.14116 7.13369 7.12667 7.12012 7.11405 7.10848 7.10342 7.09889 7.09489 7.09143 7.08852 7.08617 7.08437 7.08314 7.08248 
7.07812 7.07861 7.07969 7.08136 7.08362 7.08646 7.08988 7.09387 7.09842 7.10352 7.10917 7.11535 7.12205 7.12924 7.13691 7.14504 7.15361 7.16259 7.17194 7.18165 7.19168 7.202 7.21256 7.22333 7.23428 7.24534 7.25649 7.26768 7.27885 7.28997 7.30098 7.31183 7.32248 7.33288 7.34298 7.35273 7.36208 7.371 7.37944 7.38735 7.3947 7.40146 7.40758 7.41304 7.41781 7.42187 7.4252 7.42777 7.42959 7.43063 7.4309 7.43039 7.4291 7.42705 7.42424 7.42069 7.41642 7.41144 7.4058 7.3995 7.39259 7.3851 7.37708 7.36855 7.35956 7.35015 7.34038 7.33028 7.31991 7.30931 7.29854 7.28763 7.27665 7.26563 7.25462 7.24368 7.23284 7.22214 7.21164 7.20136 7.19135 7.18163 7.17225 7.16324 7.15461 7.14641 7.13865 7.13135 7.12454 7.11823 7.11243 7.10717 7.10245 7.09829 7.09469 7.09166 7.08921 7.08734 7.08606 7.08537 
7.08098 7.08148 7.0826 7.08433 7.08667 7.08962 7.09316 7.0973 7.10202 7.10732 7.11318 7.11958 7.12653 7.13398 7.14194 7.15037 7.15925 7.16855 7.17825 7.18831 7.1987 7.20938 7.22032 7.23148 7.24281 7.25426 7.2658 7.27738 7.28894 7.30044 7.31183 7.32306 7.33407 7.34482 7.35526 7.36534 7.37501 7.38423 7.39295 7.40112 7.40872 7.41569 7.42202 7.42766 7.43259 7.43678 7.44021 7.44287 7.44474 7.44582 7.44609 7.44556 7.44423 7.44211 7.43921 7.43554 7.43112 7.42598 7.42014 7.41363 7.40649 7.39875 7.39045 7.38163 7.37233 7.3626 7.35249 7.34205 7.33132 7.32035 7.3092 7.29792 7.28654 7.27514 7.26374 7.25241 7.24118 7.2301 7.21922 7.20856 7.19819 7.18812 7.1784 7.16905 7.1601 7.15159 7.14354 7.13597 7.1289 7.12235 7.11634 7.11088 7.10598 7.10166 7.09792 7.09477 7.09223 7.09028 7.08895 7.08823 
7.08379 7.08431 7.08547 7.08726 7.08968 7.09273 7.0964 7.10068 7.10557 7.11105 7.11712 7.12375 7.13093 7.13865 7.14688 7.15561 7.16479 7.17442 7.18445 7.19485 7.2056 7.21664 7.22795 7.23948 7.25119 7.26302 7.27495 7.2869 7.29885 7.31072 7.32248 7.33407 7.34544 7.35654 7.36731 7.37771 7.38769 7.3972 7.40619 7.41462 7.42245 7.42965 7.43617 7.44198 7.44706 7.45138 7.45492 7.45766 7.45959 7.4607 7.46098 7.46043 7.45905 7.45686 7.45387 7.45008 7.44552 7.44022 7.43419 7.42748 7.42011 7.41212 7.40355 7.39445 7.38485 7.37481 7.36438 7.35359 7.34251 7.33119 7.31967 7.30801 7.29626 7.28447 7.2727 7.26098 7.24937 7.23792 7.22666 7.21565 7.20491 7.1945 7.18443 7.17476 7.1655 7.1567 7.14836 7.14052 7.1332 7.12642 7.12019 7.11453 7.10946 7.10498 7.1011 7.09784 7.0952 7.09318 7.0918 7.09105 
7.08655 7.08709 7.08828 7.09013 7.09263 7.09578 7.09957 7.104 7.10905 7.11471 7.12098 7.12783 7.13525 7.14323 7.15173 7.16073 7.17022 7.18016 7.19051 7.20125 7.21234 7.22374 7.23541 7.2473 7.25938 7.27159 7.28388 7.29621 7.30852 7.32076 7.33288 7.34482 7.35654 7.36797 7.37907 7.38978 7.40006 7.40985 7.4191 7.42779 7.43585 7.44325 7.44997 7.45595 7.46118 7.46562 7.46926 7.47208 7.47406 7.4752 7.47549 7.47492 7.4735 7.47125 7.46816 7.46426 7.45957 7.4541 7.4479 7.44098 7.43339 7.42516 7.41634 7.40696 7.39707 7.38673 7.37597 7.36486 7.35344 7.34176 7.32989 7.31786 7.30575 7.29359 7.28144 7.26935 7.25738 7.24556 7.23394 7.22257 7.21149 7.20073 7.19034 7.18035 7.17079 7.16169 7.15308 7.14497 7.13741 7.1304 7.12396 7.11811 7.11286 7.10823 7.10422 7.10085 7.09811 7.09603 7.0946 7.09382 
7.08925 7.0898 7.09103 7.09293 7.09551 7.09876 7.10267 7.10723 7.11244 7.11828 7.12474 7.13181 7.13946 7.14768 7.15644 7.16573 7.1755 7.18574 7.19641 7.20748 7.2189 7.23064 7.24266 7.2549 7.26734 7.2799 7.29256 7.30525 7.31791 7.33051 7.34298 7.35526 7.36731 7.37907 7.39048 7.40149 7.41206 7.42212 7.43164 7.44056 7.44884 7.45645 7.46335 7.4695 7.47487 7.47943 7.48317 7.48607 7.4881 7.48927 7.48956 7.48897 7.48752 7.4852 7.48202 7.47801 7.47319 7.46757 7.46119 7.45408 7.44628 7.43782 7.42874 7.4191 7.40893 7.39829 7.38723 7.37579 7.36404 7.35203 7.33981 7.32744 7.31496 7.30245 7.28994 7.27749 7.26516 7.25298 7.24101 7.2293 7.21788 7.2068 7.19609 7.18579 7.17593 7.16655 7.15767 7.14931 7.14151 7.13427 7.12763 7.1216 7.11618 7.1114 7.10726 7.10378 7.10096 7.09881 7.09732 7.09652 
7.09186 7.09243 7.09369 7.09565 7.09831 7.10165 7.10567 7.11037 7.11573 7.12174 7.12839 7.13566 7.14354 7.15199 7.16101 7.17056 7.18062 7.19115 7.20212 7.2135 7.22524 7.23731 7.24966 7.26225 7.27503 7.28794 7.30094 7.31398 7.32699 7.33992 7.35273 7.36534 7.37771 7.38978 7.40149 7.4128 7.42364 7.43396 7.44373 7.45288 7.46138 7.46918 7.47626 7.48256 7.48807 7.49275 7.49658 7.49955 7.50164 7.50283 7.50313 7.50253 7.50103 7.49865 7.49539 7.49128 7.48633 7.48056 7.47402 7.46672 7.45871 7.45003 7.44071 7.43081 7.42038 7.40945 7.39809 7.38635 7.37428 7.36194 7.34939 7.33668 7.32387 7.311 7.29815 7.28536 7.27268 7.26016 7.24786 7.23581 7.22406 7.21266 7.20165 7.19105 7.18091 7.17125 7.16211 7.15351 7.14548 7.13803 7.13119 7.12497 7.1194 7.11447 7.11021 7.10662 7.10372 7.1015 7.09997 7.09914 
7.09438 7.09496 7.09626 7.09827 7.101 7.10443 7.10857 7.11339 7.1189 7.12508 7.13191 7.13937 7.14746 7.15615 7.1654 7.17521 7.18553 7.19635 7.20761 7.21929 7.23134 7.24372 7.2564 7.26931 7.28242 7.29566 7.30899 7.32236 7.3357 7.34896 7.36208 7.37501 7.38769 7.40006 7.41206 7.42364 7.43474 7.44532 7.45532 7.46469 7.47339 7.48139 7.48863 7.49508 7.50072 7.50551 7.50944 7.51247 7.51461 7.51583 7.51613 7.51551 7.51398 7.51154 7.5082 7.50399 7.49892 7.49301 7.48631 7.47883 7.47063 7.46173 7.45219 7.44204 7.43135 7.42015 7.40851 7.39648 7.38411 7.37146 7.35859 7.34555 7.33241 7.31922 7.30603 7.29291 7.2799 7.26705 7.25443 7.24206 7.23001 7.2183 7.20699 7.19611 7.18569 7.17578 7.16639 7.15755 7.1493 7.14165 7.13462 7.12823 7.1225 7.11743 7.11305 7.10937 7.10638 7.10409 7.10252 7.10167 
7.09679 7.09739 7.09872 7.10078 7.10358 7.1071 7.11134 7.11629 7.12193 7.12826 7.13527 7.14292 7.15121 7.16011 7.1696 7.17965 7.19023 7.20131 7.21285 7.22481 7.23716 7.24984 7.26282 7.27605 7.28946 7.30302 7.31667 7.33035 7.344 7.35757 7.371 7.38423 7.3972 7.40985 7.42212 7.43396 7.44532 7.45613 7.46636 7.47594 7.48484 7.49301 7.50041 7.507 7.51276 7.51766 7.52167 7.52477 7.52695 7.5282 7.52851 7.52788 7.52631 7.52381 7.5204 7.51609 7.51091 7.50487 7.49801 7.49037 7.48198 7.47288 7.46312 7.45274 7.4418 7.43035 7.41844 7.40612 7.39347 7.38052 7.36735 7.35401 7.34055 7.32705 7.31355 7.30011 7.28679 7.27363 7.2607 7.24803 7.23568 7.22368 7.21209 7.20094 7.19026 7.1801 7.17047 7.16141 7.15295 7.1451 7.13789 7.13134 7.12546 7.12027 7.11577 7.11199 7.10892 7.10658 7.10497 7.10409 
7.09909 7.0997 7.10106 7.10317 7.10603 7.10963 7.11397 7.11903 7.12481 7.13129 7.13846 7.14629 7.15477 7.16388 7.17359 7.18387 7.19469 7.20602 7.21782 7.23005 7.24267 7.25564 7.26891 7.28242 7.29614 7.30999 7.32394 7.33791 7.35186 7.36572 7.37944 7.39295 7.40619 7.4191 7.43164 7.44373 7.45532 7.46636 7.47679 7.48657 7.49565 7.50399 7.51154 7.51827 7.52415 7.52914 7.53323 7.5364 7.53862 7.53989 7.5402 7.53956 7.53796 7.53541 7.53193 7.52753 7.52223 7.51607 7.50907 7.50127 7.4927 7.48342 7.47345 7.46286 7.45168 7.43999 7.42783 7.41525 7.40232 7.3891 7.37564 7.36201 7.34826 7.33446 7.32066 7.30693 7.29331 7.27986 7.26663 7.25368 7.24105 7.22878 7.21693 7.20552 7.1946 7.1842 7.17435 7.16508 7.15641 7.14838 7.141 7.1343 7.12828 7.12296 7.11836 7.11448 7.11134 7.10894 7.10729 7.10639 
7.10125 7.10187 7.10326 7.10542 7.10834 7.11202 7.11645 7.12162 7.12752 7.13414 7.14146 7.14946 7.15812 7.16742 7.17733 7.18783 7.19887 7.21044 7.22248 7.23497 7.24785 7.26108 7.27462 7.28841 7.3024 7.31653 7.33076 7.34501 7.35923 7.37337 7.38735 7.40112 7.41462 7.42779 7.44056 7.45288 7.46469 7.47594 7.48657 7.49654 7.50579 7.51428 7.52197 7.52883 7.53481 7.5399 7.54406 7.54729 7.54955 7.55084 7.55116 7.5505 7.54887 7.54627 7.54272 7.53824 7.53285 7.52657 7.51944 7.51149 7.50276 7.49329 7.48313 7.47234 7.46095 7.44903 7.43663 7.42381 7.41062 7.39714 7.38342 7.36951 7.35549 7.34142 7.32734 7.31333 7.29943 7.28571 7.27221 7.25899 7.2461 7.23358 7.22147 7.20982 7.19867 7.18805 7.17799 7.16852 7.15967 7.15147 7.14393 7.13708 7.13093 7.12549 7.12079 7.11683 7.11362 7.11117 7.10948 7.10855 
7.10327 7.1039 7.10532 7.10752 7.11049 7.11425 7.11876 7.12403 7.13005 7.1368 7.14426 7.15241 7.16124 7.17072 7.18082 7.19152 7.20277 7.21456 7.22683 7.23955 7.25267 7.26615 7.27994 7.29398 7.30822 7.32262 7.3371 7.35161 7.36608 7.38047 7.3947 7.40872 7.42245 7.43585 7.44884 7.46138 7.47339 7.48484 7.49565 7.50579 7.51519 7.52383 7.53165 7.53862 7.54471 7.54988 7.55412 7.55739 7.55969 7.56101 7.56133 7.56066 7.559 7.55636 7.55275 7.54819 7.5427 7.53631 7.52906 7.52097 7.51209 7.50246 7.49213 7.48114 7.46955 7.45742 7.4448 7.43175 7.41834 7.40461 7.39064 7.37649 7.36221 7.34788 7.33355 7.31928 7.30512 7.29114 7.2774 7.26393 7.25079 7.23803 7.2257 7.21383 7.20246 7.19164 7.18138 7.17173 7.16271 7.15434 7.14666 7.13967 7.1334 7.12786 7.12306 7.11902 7.11575 7.11324 7.11152 7.11058 
7.10514 7.10578 7.10722 7.10945 7.11248 7.1163 7.1209 7.12626 7.13238 7.13925 7.14684 7.15514 7.16412 7.17376 7.18404 7.19491 7.20636 7.21835 7.23083 7.24376 7.2571 7.27081 7.28482 7.2991 7.31358 7.32821 7.34292 7.35767 7.37238 7.387 7.40146 7.41569 7.42965 7.44325 7.45645 7.46918 7.48139 7.49301 7.50399 7.51428 7.52383 7.5326 7.54054 7.54762 7.55379 7.55905 7.56334 7.56667 7.569 7.57034 7.57066 7.56998 7.56829 7.56561 7.56194 7.55731 7.55174 7.54526 7.53789 7.52967 7.52066 7.51087 7.50038 7.48922 7.47745 7.46513 7.45231 7.43905 7.42542 7.41147 7.39728 7.3829 7.36839 7.35382 7.33925 7.32474 7.31036 7.29614 7.28216 7.26847 7.25511 7.24214 7.22959 7.21752 7.20595 7.19494 7.18451 7.17469 7.16551 7.157 7.14917 7.14206 7.13568 7.13004 7.12516 7.12104 7.11771 7.11516 7.11341 7.11245 
7.10684 7.10749 7.10895 7.11122 7.1143 7.11817 7.12284 7.12829 7.13451 7.14148 7.14919 7.15761 7.16673 7.17652 7.18696 7.198 7.20963 7.22179 7.23446 7.24759 7.26113 7.27504 7.28926 7.30374 7.31844 7.33328 7.34821 7.36316 7.37809 7.39291 7.40758 7.42202 7.43617 7.44997 7.46335 7.47626 7.48863 7.50041 7.51154 7.52197 7.53165 7.54054 7.54859 7.55576 7.56202 7.56734 7.5717 7.57507 7.57743 7.57878 7.57911 7.57842 7.57671 7.57399 7.57027 7.56558 7.55993 7.55336 7.54589 7.53756 7.52842 7.5185 7.50786 7.49654 7.48461 7.47211 7.45911 7.44567 7.43184 7.4177 7.4033 7.38871 7.37399 7.35921 7.34443 7.3297 7.3151 7.30068 7.28649 7.27259 7.25903 7.24586 7.23312 7.22087 7.20913 7.19794 7.18735 7.17737 7.16805 7.15941 7.15146 7.14424 7.13775 7.13202 7.12706 7.12289 7.1195 7.11691 7.11513 7.11415 
7.10836 7.10902 7.1105 7.1128 7.11592 7.11985 7.12459 7.13011 7.13641 7.14348 7.15129 7.15983 7.16907 7.179 7.18957 7.20076 7.21254 7.22487 7.2377 7.251 7.26472 7.27881 7.29322 7.30789 7.32277 7.3378 7.35292 7.36807 7.38318 7.39819 7.41304 7.42766 7.44198 7.45595 7.4695 7.48256 7.49508 7.507 7.51827 7.52883 7.53862 7.54762 7.55576 7.56302 7.56935 7.57474 7.57914 7.58255 7.58494 7.58631 7.58664 7.58594 7.58421 7.58146 7.5777 7.57294 7.56723 7.56057 7.55301 7.54459 7.53533 7.52529 7.51452 7.50307 7.49099 7.47834 7.46518 7.45156 7.43757 7.42324 7.40866 7.39389 7.37898 7.36401 7.34904 7.33413 7.31934 7.30473 7.29036 7.27627 7.26253 7.24919 7.23628 7.22386 7.21196 7.20063 7.18989 7.17978 7.17033 7.16157 7.15351 7.14619 7.13961 7.1338 7.12878 7.12454 7.1211 7.11848 7.11667 7.11568 
7.1097 7.11037 7.11187 7.1142 7.11735 7.12133 7.12612 7.13171 7.13808 7.14523 7.15314 7.16178 7.17113 7.18117 7.19186 7.20318 7.2151 7.22757 7.24055 7.254 7.26787 7.28212 7.29669 7.31152 7.32657 7.34176 7.35705 7.37236 7.38763 7.4028 7.41781 7.43259 7.44706 7.46118 7.47487 7.48807 7.50072 7.51276 7.52415 7.53481 7.54471 7.55379 7.56202 7.56935 7.57575 7.58119 7.58564 7.58909 7.5915 7.59288 7.59322 7.59251 7.59076 7.58798 7.58417 7.57937 7.5736 7.56687 7.55924 7.55072 7.54137 7.53123 7.52034 7.50877 7.49656 7.48378 7.47047 7.45672 7.44257 7.42809 7.41335 7.39842 7.38335 7.36822 7.35308 7.338 7.32305 7.30827 7.29374 7.27949 7.2656 7.2521 7.23905 7.22648 7.21444 7.20298 7.19211 7.18189 7.17233 7.16346 7.15531 7.1479 7.14125 7.13537 7.13028 7.12599 7.12251 7.11986 7.11802 7.11702 
7.11085 7.11153 7.11304 7.11539 7.11858 7.1226 7.12743 7.13307 7.13951 7.14673 7.15472 7.16344 7.17288 7.18302 7.19382 7.20525 7.21728 7.22987 7.24297 7.25655 7.27055 7.28493 7.29964 7.31461 7.3298 7.34513 7.36056 7.37601 7.39142 7.40673 7.42187 7.43678 7.45138 7.46562 7.47943 7.49275 7.50551 7.51766 7.52914 7.5399 7.54988 7.55905 7.56734 7.57474 7.58119 7.58668 7.59117 7.59464 7.59707 7.59846 7.5988 7.59809 7.59632 7.59351 7.58968 7.58484 7.57901 7.57223 7.56452 7.55593 7.5465 7.53627 7.52529 7.51361 7.5013 7.4884 7.47498 7.4611 7.44682 7.43221 7.41734 7.40227 7.38706 7.37179 7.35651 7.3413 7.3262 7.31129 7.29662 7.28224 7.26821 7.25458 7.2414 7.22872 7.21656 7.20499 7.19402 7.18369 7.17403 7.16508 7.15685 7.14936 7.14265 7.13671 7.13157 7.12724 7.12372 7.12104 7.11919 7.11818 
7.11181 7.11248 7.11401 7.11638 7.1196 7.12364 7.12852 7.13421 7.1407 7.14797 7.15602 7.16481 7.17433 7.18455 7.19543 7.20695 7.21907 7.23176 7.24496 7.25865 7.27276 7.28725 7.30206 7.31715 7.33245 7.34789 7.36343 7.379 7.39452 7.40995 7.4252 7.44021 7.45492 7.46926 7.48317 7.49658 7.50944 7.52167 7.53323 7.54406 7.55412 7.56334 7.5717 7.57914 7.58564 7.59117 7.59569 7.59918 7.60163 7.60303 7.60337 7.60265 7.60087 7.59805 7.59418 7.58931 7.58344 7.57661 7.56885 7.5602 7.5507 7.5404 7.52934 7.51758 7.50518 7.49218 7.47867 7.46468 7.4503 7.43559 7.42061 7.40543 7.39011 7.37472 7.35933 7.344 7.32879 7.31376 7.29898 7.28449 7.27036 7.25662 7.24334 7.23056 7.21831 7.20664 7.19558 7.18517 7.17544 7.16642 7.15812 7.15057 7.1438 7.13782 7.13263 7.12827 7.12473 7.12202 7.12015 7.11913 
7.11256 7.11324 7.11478 7.11716 7.12039 7.12447 7.12937 7.13509 7.14163 7.14895 7.15704 7.16589 7.17546 7.18574 7.19669 7.20828 7.22047 7.23323 7.24651 7.26028 7.27447 7.28904 7.30395 7.31912 7.3345 7.35004 7.36567 7.38132 7.39693 7.41244 7.42777 7.44287 7.45766 7.47208 7.48607 7.49955 7.51247 7.52477 7.5364 7.54729 7.55739 7.56667 7.57507 7.58255 7.58909 7.59464 7.59918 7.60269 7.60516 7.60656 7.60691 7.60618 7.60439 7.60155 7.59767 7.59276 7.58687 7.58 7.5722 7.5635 7.55395 7.54359 7.53247 7.52065 7.50817 7.49511 7.48152 7.46746 7.453 7.43821 7.42314 7.40787 7.39247 7.37699 7.36151 7.34609 7.3308 7.31569 7.30081 7.28624 7.27203 7.25821 7.24485 7.23199 7.21967 7.20793 7.1968 7.18633 7.17654 7.16746 7.15911 7.15152 7.14471 7.13868 7.13347 7.12908 7.12551 7.12279 7.12091 7.11989 
7.1131 7.11379 7.11533 7.11773 7.12097 7.12506 7.12999 7.13574 7.14229 7.14965 7.15777 7.16666 7.17627 7.18659 7.19759 7.20922 7.22147 7.23428 7.24762 7.26143 7.27569 7.29032 7.30528 7.32051 7.33596 7.35155 7.36724 7.38295 7.39863 7.41419 7.42959 7.44474 7.45959 7.47406 7.4881 7.50164 7.51461 7.52695 7.53862 7.54955 7.55969 7.569 7.57743 7.58494 7.5915 7.59707 7.60163 7.60516 7.60763 7.60904 7.60938 7.60866 7.60686 7.60401 7.60011 7.59519 7.58927 7.58238 7.57455 7.56582 7.55623 7.54583 7.53467 7.5228 7.51028 7.49717 7.48353 7.46941 7.4549 7.44004 7.42492 7.40959 7.39413 7.37859 7.36305 7.34757 7.33222 7.31704 7.30211 7.28748 7.27321 7.25934 7.24592 7.23301 7.22063 7.20885 7.19768 7.18716 7.17733 7.16821 7.15983 7.1522 7.14536 7.13931 7.13407 7.12966 7.12608 7.12335 7.12146 7.12043 
7.11344 7.11412 7.11567 7.11807 7.12133 7.12543 7.13036 7.13612 7.1427 7.15007 7.15821 7.16712 7.17676 7.1871 7.19812 7.20978 7.22205 7.2349 7.24826 7.26211 7.27639 7.29106 7.30605 7.32132 7.3368 7.35243 7.36815 7.3839 7.3996 7.4152 7.43063 7.44582 7.4607 7.4752 7.48927 7.50283 7.51583 7.5282 7.53989 7.55084 7.56101 7.57034 7.57878 7.58631 7.59288 7.59846 7.60303 7.60656 7.60904 7.61046 7.6108 7.61007 7.60827 7.60541 7.60151 7.59657 7.59064 7.58373 7.57589 7.56714 7.55753 7.54711 7.53593 7.52403 7.51149 7.49835 7.48467 7.47053 7.45598 7.4411 7.42594 7.41058 7.39508 7.37952 7.36394 7.34843 7.33304 7.31783 7.30287 7.2882 7.2739 7.25999 7.24655 7.2336 7.2212 7.20939 7.19819 7.18765 7.1778 7.16866 7.16026 7.15261 7.14575 7.13969 7.13444 7.13002 7.12643 7.12369 7.1218 7.12077 
