4.17822 4.17841 4.17865 4.17891 4.17922 4.17957 4.17995 4.18038 4.18084 4.18135 4.18191 4.18252 4.18318 4.18389 4.18466 4.18549 4.18638 4.18733 4.18835 4.18944 4.19059 4.19181 4.19309 4.19444 4.19586 4.19733 4.19885 4.20043 4.20205 4.2037 4.20538 4.20708 4.20879 4.2105 4.2122 4.21387 4.21552 4.21711 4.21865 4.22012 4.22151 4.2228 4.224 4.22508 4.22604 4.22687 4.22757 4.22812 4.22853 4.22878 4.22889 4.22884 4.22864 4.22828 4.22779 4.22715 4.22637 4.22546 4.22443 4.22329 4.22205 4.22072 4.2193 4.21782 4.21628 4.21469 4.21307 4.21143 4.20978 4.20813 4.20649 4.20487 4.20328 4.20173 4.20023 4.19879 4.1974 4.19608 4.19483 4.19366 4.19256 4.19153 4.19059 4.18973 4.18894 4.18823 4.1876 4.18704 4.18656 4.18614 4.18579 4.1855 4.18527 4.1851 4.18499 4.18492 4.18491 4.18494 4.18501 4.18512 
4.17841 4.17861 4.17884 4.17911 4.17942 4.17976 4.18015 4.18058 4.18104 4.18156 4.18212 4.18273 4.18339 4.18411 4.18488 4.18572 4.18662 4.18758 4.18861 4.1897 4.19087 4.1921 4.1934 4.19476 4.19619 4.19768 4.19922 4.20081 4.20245 4.20412 4.20582 4.20754 4.20927 4.211 4.21272 4.21441 4.21607 4.21769 4.21924 4.22073 4.22213 4.22344 4.22465 4.22575 4.22672 4.22756 4.22826 4.22882 4.22923 4.22949 4.2296 4.22955 4.22934 4.22899 4.22848 4.22783 4.22705 4.22613 4.22509 4.22393 4.22268 4.22133 4.2199 4.21839 4.21683 4.21523 4.21359 4.21193 4.21026 4.20859 4.20693 4.20529 4.20368 4.20212 4.2006 4.19914 4.19774 4.1964 4.19514 4.19395 4.19284 4.19181 4.19085 4.18998 4.18918 4.18847 4.18783 4.18727 4.18677 4.18635 4.186 4.18571 4.18548 4.18531 4.18519 4.18512 4.1851 4.18513 4.1852 4.18532 
4.17865 4.17884 4.17907 4.17934 4.17966 4.18001 4.1804 4.18084 4.18131 4.18184 4.18241 4.18304 4.18372 4.18446 4.18525 4.18611 4.18704 4.18803 4.18909 4.19021 4.19141 4.19268 4.19402 4.19543 4.1969 4.19844 4.20003 4.20167 4.20336 4.20508 4.20683 4.20861 4.21039 4.21218 4.21395 4.2157 4.21741 4.21907 4.22068 4.22221 4.22366 4.22501 4.22625 4.22738 4.22838 4.22925 4.22997 4.23054 4.23097 4.23123 4.23134 4.23129 4.23107 4.23071 4.23018 4.22951 4.2287 4.22775 4.22668 4.22549 4.22419 4.2228 4.22132 4.21977 4.21817 4.21651 4.21482 4.2131 4.21138 4.20965 4.20794 4.20625 4.2046 4.20298 4.20141 4.1999 4.19846 4.19708 4.19577 4.19454 4.19339 4.19232 4.19134 4.19043 4.18961 4.18887 4.18821 4.18762 4.18711 4.18667 4.1863 4.186 4.18575 4.18557 4.18544 4.18537 4.18535 4.18537 4.18544 4.18555 
4.17891 4.17911 4.17934 4.17962 4.17994 4.1803 4.18071 4.18116 4.18165 4.1822 4.1828 4.18345 4.18416 4.18493 4.18576 4.18667 4.18763 4.18867 4.18979 4.19097 4.19223 4.19357 4.19497 4.19645 4.198 4.19961 4.20128 4.20301 4.20478 4.20659 4.20844 4.2103 4.21217 4.21405 4.2159 4.21774 4.21953 4.22128 4.22296 4.22457 4.22608 4.2275 4.2288 4.22998 4.23103 4.23193 4.23269 4.23329 4.23373 4.23401 4.23412 4.23406 4.23384 4.23345 4.2329 4.23219 4.23134 4.23035 4.22922 4.22797 4.22661 4.22515 4.2236 4.22197 4.22028 4.21854 4.21676 4.21496 4.21315 4.21134 4.20954 4.20776 4.20602 4.20432 4.20267 4.20108 4.19956 4.19811 4.19673 4.19543 4.19422 4.19309 4.19205 4.19109 4.19022 4.18944 4.18873 4.18811 4.18756 4.18709 4.1867 4.18637 4.1861 4.1859 4.18576 4.18567 4.18564 4.18565 4.18571 4.18582 
4.17922 4.17942 4.17966 4.17994 4.18027 4.18065 4.18107 4.18154 4.18206 4.18264 4.18327 4.18396 4.18472 4.18554 4.18642 4.18738 4.18842 4.18952 4.19071 4.19198 4.19333 4.19475 4.19626 4.19784 4.19949 4.20121 4.203 4.20484 4.20673 4.20867 4.21063 4.21262 4.21462 4.21661 4.21859 4.22055 4.22246 4.22432 4.2261 4.22781 4.22942 4.23093 4.23231 4.23356 4.23468 4.23564 4.23644 4.23707 4.23754 4.23783 4.23794 4.23788 4.23764 4.23722 4.23664 4.23588 4.23497 4.23391 4.23271 4.23138 4.22993 4.22837 4.22672 4.22499 4.22318 4.22133 4.21943 4.21751 4.21558 4.21364 4.21172 4.20982 4.20796 4.20614 4.20438 4.20268 4.20105 4.19949 4.19802 4.19663 4.19532 4.19411 4.19299 4.19196 4.19102 4.19017 4.18941 4.18873 4.18814 4.18762 4.18718 4.18682 4.18653 4.1863 4.18613 4.18602 4.18597 4.18598 4.18603 4.18613 
4.17957 4.17976 4.18001 4.1803 4.18065 4.18104 4.18149 4.18199 4.18254 4.18316 4.18384 4.18458 4.18539 4.18627 4.18723 4.18827 4.18939 4.19059 4.19187 4.19324 4.1947 4.19625 4.19788 4.19959 4.20138 4.20324 4.20517 4.20717 4.20922 4.21131 4.21343 4.21558 4.21773 4.21989 4.22202 4.22413 4.22619 4.22819 4.23012 4.23196 4.23369 4.23531 4.23679 4.23814 4.23933 4.24036 4.24122 4.2419 4.2424 4.24271 4.24283 4.24276 4.24249 4.24204 4.24141 4.2406 4.23961 4.23847 4.23717 4.23574 4.23417 4.23249 4.23071 4.22883 4.22689 4.22489 4.22284 4.22076 4.21867 4.21658 4.2145 4.21245 4.21043 4.20846 4.20655 4.20471 4.20294 4.20125 4.19964 4.19813 4.19671 4.19539 4.19416 4.19304 4.19201 4.19107 4.19023 4.18949 4.18883 4.18826 4.18777 4.18736 4.18702 4.18676 4.18656 4.18643 4.18636 4.18634 4.18639 4.18648 
4.17995 4.18015 4.1804 4.18071 4.18107 4.18149 4.18196 4.1825 4.1831 4.18376 4.1845 4.1853 4.18619 4.18715 4.18819 4.18933 4.19055 4.19186 4.19327 4.19477 4.19637 4.19806 4.19984 4.20172 4.20367 4.20571 4.20783 4.21001 4.21224 4.21453 4.21685 4.21919 4.22154 4.22389 4.22621 4.22851 4.23075 4.23292 4.23502 4.23701 4.2389 4.24065 4.24227 4.24372 4.24502 4.24613 4.24706 4.2478 4.24833 4.24866 4.24879 4.2487 4.24842 4.24792 4.24723 4.24634 4.24527 4.24403 4.24261 4.24105 4.23934 4.23751 4.23557 4.23353 4.23141 4.22923 4.227 4.22473 4.22245 4.22017 4.21789 4.21565 4.21344 4.21129 4.2092 4.20717 4.20523 4.20338 4.20162 4.19995 4.19839 4.19693 4.19558 4.19433 4.19319 4.19215 4.19122 4.19039 4.18965 4.18901 4.18845 4.18798 4.1876 4.18729 4.18706 4.18689 4.18679 4.18676 4.18678 4.18687 
4.18038 4.18058 4.18084 4.18116 4.18154 4.18199 4.1825 4.18308 4.18373 4.18445 4.18526 4.18614 4.18711 4.18817 4.18932 4.19056 4.19191 4.19336 4.19491 4.19657 4.19833 4.2002 4.20216 4.20423 4.20639 4.20864 4.21097 4.21337 4.21583 4.21834 4.22089 4.22346 4.22604 4.22862 4.23117 4.23369 4.23614 4.23853 4.24082 4.243 4.24506 4.24698 4.24874 4.25033 4.25174 4.25295 4.25396 4.25476 4.25534 4.2557 4.25583 4.25574 4.25542 4.25487 4.25411 4.25314 4.25197 4.2506 4.24905 4.24733 4.24546 4.24346 4.24132 4.23909 4.23676 4.23436 4.23191 4.22942 4.22692 4.22441 4.22191 4.21944 4.21701 4.21463 4.21232 4.21009 4.20794 4.20589 4.20394 4.2021 4.20036 4.19874 4.19724 4.19585 4.19457 4.19341 4.19237 4.19143 4.1906 4.18987 4.18924 4.1887 4.18825 4.18789 4.18761 4.18741 4.18728 4.18722 4.18723 4.1873 
4.18084 4.18104 4.18131 4.18165 4.18206 4.18254 4.1831 4.18373 4.18444 4.18524 4.18612 4.18709 4.18816 4.18933 4.1906 4.19199 4.19348 4.19509 4.19681 4.19865 4.2006 4.20267 4.20486 4.20715 4.20954 4.21203 4.21461 4.21726 4.21999 4.22276 4.22558 4.22842 4.23127 4.23411 4.23692 4.23969 4.24239 4.24501 4.24753 4.24993 4.25219 4.25429 4.25623 4.25797 4.25951 4.26084 4.26195 4.26282 4.26345 4.26384 4.26398 4.26387 4.26352 4.26291 4.26207 4.261 4.25971 4.2582 4.25649 4.2546 4.25254 4.25033 4.24798 4.24552 4.24295 4.24031 4.23761 4.23486 4.23209 4.22932 4.22655 4.22382 4.22113 4.2185 4.21594 4.21346 4.21108 4.2088 4.20663 4.20458 4.20264 4.20083 4.19915 4.19759 4.19616 4.19486 4.19368 4.19262 4.19168 4.19085 4.19012 4.18951 4.18899 4.18856 4.18823 4.18798 4.18781 4.18773 4.18771 4.18777 
4.18135 4.18156 4.18184 4.1822 4.18264 4.18316 4.18376 4.18445 4.18524 4.18611 4.18709 4.18816 4.18935 4.19065 4.19206 4.1936 4.19526 4.19705 4.19897 4.20102 4.20319 4.2055 4.20793 4.21047 4.21313 4.2159 4.21876 4.22171 4.22473 4.2278 4.23092 4.23407 4.23722 4.24036 4.24347 4.24652 4.24951 4.2524 4.25517 4.25782 4.2603 4.26262 4.26474 4.26666 4.26836 4.26982 4.27103 4.27198 4.27267 4.2731 4.27324 4.27312 4.27272 4.27205 4.27112 4.26994 4.26851 4.26684 4.26496 4.26287 4.2606 4.25816 4.25556 4.25284 4.25 4.24708 4.24409 4.24105 4.23798 4.23491 4.23185 4.22882 4.22583 4.22291 4.22006 4.21731 4.21466 4.21211 4.20969 4.2074 4.20524 4.20321 4.20133 4.19958 4.19797 4.1965 4.19517 4.19397 4.19289 4.19195 4.19112 4.19041 4.18981 4.18931 4.18892 4.18862 4.18841 4.18829 4.18825 4.18829 
4.18191 4.18212 4.18241 4.1828 4.18327 4.18384 4.1845 4.18526 4.18612 4.18709 4.18817 4.18936 4.19068 4.19213 4.1937 4.19542 4.19727 4.19927 4.2014 4.20369 4.20611 4.20868 4.21139 4.21422 4.21718 4.22026 4.22344 4.22672 4.23007 4.23348 4.23694 4.24043 4.24392 4.24739 4.25083 4.25421 4.2575 4.2607 4.26376 4.26667 4.26941 4.27196 4.2743 4.27641 4.27828 4.27988 4.28121 4.28226 4.28301 4.28347 4.28363 4.28349 4.28304 4.2823 4.28127 4.27996 4.27838 4.27654 4.27446 4.27215 4.26964 4.26694 4.26407 4.26106 4.25792 4.25469 4.25138 4.24801 4.24461 4.2412 4.2378 4.23444 4.23112 4.22787 4.2247 4.22164 4.21868 4.21584 4.21314 4.21058 4.20816 4.20589 4.20377 4.20181 4.2 4.19834 4.19683 4.19547 4.19425 4.19318 4.19223 4.19141 4.19072 4.19014 4.18967 4.18931 4.18906 4.1889 4.18883 4.18886 
4.18252 4.18273 4.18304 4.18345 4.18396 4.18458 4.1853 4.18614 4.18709 4.18816 4.18936 4.19069 4.19216 4.19377 4.19553 4.19744 4.19951 4.20173 4.20412 4.20667 4.20937 4.21223 4.21525 4.21841 4.2217 4.22513 4.22866 4.2323 4.23602 4.23981 4.24365 4.24751 4.25137 4.25522 4.25902 4.26275 4.26639 4.26992 4.2733 4.27651 4.27953 4.28234 4.28491 4.28723 4.28928 4.29104 4.2925 4.29365 4.29448 4.29498 4.29515 4.29498 4.29449 4.29367 4.29253 4.29108 4.28933 4.2873 4.285 4.28245 4.27968 4.27669 4.27352 4.27019 4.26672 4.26314 4.25948 4.25575 4.25198 4.2482 4.24443 4.24069 4.23701 4.2334 4.22987 4.22646 4.22316 4.22 4.21698 4.21412 4.21141 4.20887 4.20649 4.20429 4.20225 4.20038 4.19868 4.19714 4.19576 4.19454 4.19346 4.19252 4.19172 4.19105 4.1905 4.19008 4.18977 4.18956 4.18947 4.18948 
4.18318 4.18339 4.18372 4.18416 4.18472 4.18539 4.18619 4.18711 4.18816 4.18935 4.19068 4.19216 4.1938 4.19559 4.19755 4.19968 4.20199 4.20447 4.20713 4.20997 4.21298 4.21617 4.21952 4.22304 4.2267 4.23051 4.23443 4.23847 4.2426 4.2468 4.25105 4.25532 4.2596 4.26385 4.26805 4.27217 4.27619 4.28007 4.28379 4.28733 4.29066 4.29375 4.29658 4.29913 4.30138 4.30331 4.30491 4.30617 4.30707 4.30762 4.3078 4.30761 4.30706 4.30615 4.30489 4.30329 4.30136 4.29912 4.29659 4.29378 4.29071 4.28742 4.28392 4.28024 4.27641 4.27245 4.2684 4.26427 4.26011 4.25592 4.25174 4.2476 4.24351 4.2395 4.23558 4.23178 4.22812 4.22459 4.22123 4.21803 4.215 4.21216 4.2095 4.20703 4.20474 4.20264 4.20072 4.19899 4.19742 4.19603 4.1948 4.19373 4.19282 4.19204 4.19141 4.19091 4.19054 4.19029 4.19016 4.19015 
4.18389 4.18411 4.18446 4.18493 4.18554 4.18627 4.18715 4.18817 4.18933 4.19065 4.19213 4.19377 4.19559 4.19759 4.19977 4.20214 4.20471 4.20747 4.21043 4.21359 4.21695 4.22049 4.22422 4.22812 4.23219 4.23641 4.24077 4.24524 4.24981 4.25445 4.25915 4.26387 4.26859 4.27328 4.27791 4.28246 4.28688 4.29116 4.29525 4.29914 4.3028 4.30619 4.3093 4.31209 4.31456 4.31668 4.31843 4.3198 4.32079 4.32138 4.32157 4.32136 4.32075 4.31975 4.31836 4.3166 4.31448 4.31201 4.30922 4.30613 4.30275 4.29912 4.29527 4.29121 4.28699 4.28262 4.27815 4.27359 4.26899 4.26436 4.25974 4.25515 4.25062 4.24618 4.24184 4.23762 4.23354 4.22963 4.22588 4.22232 4.21895 4.21577 4.2128 4.21003 4.20747 4.20512 4.20296 4.20101 4.19924 4.19767 4.19628 4.19506 4.19401 4.19313 4.1924 4.19181 4.19138 4.19107 4.19091 4.19087 
4.18466 4.18488 4.18525 4.18576 4.18642 4.18723 4.18819 4.18932 4.1906 4.19206 4.1937 4.19553 4.19755 4.19977 4.2022 4.20483 4.20769 4.21076 4.21405 4.21755 4.22128 4.22521 4.22934 4.23367 4.23818 4.24285 4.24766 4.25261 4.25765 4.26278 4.26796 4.27317 4.27837 4.28353 4.28863 4.29362 4.29848 4.30317 4.30767 4.31194 4.31594 4.31966 4.32306 4.32612 4.32882 4.33113 4.33305 4.33455 4.33562 4.33626 4.33647 4.33623 4.33556 4.33446 4.33293 4.33099 4.32866 4.32595 4.32289 4.31949 4.31578 4.3118 4.30756 4.3031 4.29846 4.29365 4.28873 4.28371 4.27863 4.27353 4.26843 4.26337 4.25836 4.25345 4.24864 4.24397 4.23946 4.23511 4.23096 4.227 4.22325 4.21971 4.2164 4.21331 4.21045 4.20782 4.2054 4.20321 4.20123 4.19945 4.19788 4.19651 4.19532 4.1943 4.19347 4.19279 4.19228 4.19192 4.19172 4.19165 
4.18549 4.18572 4.18611 4.18667 4.18738 4.18827 4.18933 4.19056 4.19199 4.1936 4.19542 4.19744 4.19968 4.20214 4.20483 4.20776 4.21092 4.21433 4.21797 4.22186 4.22598 4.23033 4.2349 4.23968 4.24466 4.24982 4.25513 4.26058 4.26614 4.27178 4.27748 4.2832 4.28892 4.29458 4.30017 4.30565 4.31097 4.31612 4.32104 4.3257 4.33008 4.33414 4.33786 4.3412 4.34414 4.34666 4.34875 4.35038 4.35155 4.35224 4.35246 4.3522 4.35146 4.35025 4.34858 4.34646 4.3439 4.34094 4.33758 4.33386 4.3298 4.32543 4.32079 4.3159 4.31081 4.30554 4.30013 4.29462 4.28904 4.28343 4.27781 4.27224 4.26672 4.2613 4.256 4.25085 4.24586 4.24105 4.23645 4.23206 4.2279 4.22398 4.2203 4.21687 4.21368 4.21074 4.20805 4.20559 4.20337 4.20139 4.19962 4.19807 4.19672 4.19558 4.19462 4.19385 4.19326 4.19284 4.19259 4.1925 
4.18638 4.18662 4.18704 4.18763 4.18842 4.18939 4.19055 4.19191 4.19348 4.19526 4.19727 4.19951 4.20199 4.20471 4.20769 4.21092 4.21442 4.21819 4.22221 4.22651 4.23106 4.23586 4.2409 4.24617 4.25165 4.25732 4.26317 4.26915 4.27526 4.28145 4.2877 4.29397 4.30023 4.30643 4.31255 4.31853 4.32435 4.32996 4.33533 4.34042 4.34519 4.34962 4.35366 4.3573 4.3605 4.36324 4.36551 4.36728 4.36854 4.36929 4.36952 4.36923 4.36842 4.3671 4.36527 4.36296 4.36017 4.35694 4.35327 4.34921 4.34478 4.34001 4.33494 4.3296 4.32402 4.31826 4.31234 4.3063 4.30019 4.29404 4.28788 4.28176 4.2757 4.26975 4.26392 4.25824 4.25274 4.24744 4.24237 4.23752 4.23292 4.22858 4.22451 4.2207 4.21717 4.2139 4.2109 4.20817 4.20569 4.20347 4.20149 4.19975 4.19824 4.19695 4.19587 4.19499 4.19431 4.19382 4.19352 4.1934 
4.18733 4.18758 4.18803 4.18867 4.18952 4.19059 4.19186 4.19336 4.19509 4.19705 4.19927 4.20173 4.20447 4.20747 4.21076 4.21433 4.21819 4.22233 4.22677 4.2315 4.23651 4.24179 4.24733 4.25312 4.25913 4.26536 4.27176 4.27833 4.28501 4.29179 4.29862 4.30547 4.3123 4.31907 4.32573 4.33225 4.33859 4.34469 4.35053 4.35606 4.36125 4.36605 4.37044 4.37439 4.37786 4.38083 4.38328 4.3852 4.38657 4.38738 4.38762 4.3873 4.38642 4.38497 4.38299 4.38047 4.37744 4.37392 4.36994 4.36552 4.3607 4.3555 4.34998 4.34416 4.33809 4.3318 4.32534 4.31876 4.31208 4.30536 4.29863 4.29193 4.2853 4.27877 4.27238 4.26615 4.26011 4.25429 4.2487 4.24337 4.23831 4.23352 4.22902 4.22482 4.2209 4.21729 4.21397 4.21093 4.20818 4.20571 4.2035 4.20156 4.19987 4.19842 4.1972 4.19621 4.19544 4.19488 4.19452 4.19437 
4.18835 4.18861 4.18909 4.18979 4.19071 4.19187 4.19327 4.19491 4.19681 4.19897 4.2014 4.20412 4.20713 4.21043 4.21405 4.21797 4.22221 4.22677 4.23165 4.23684 4.24233 4.24812 4.25419 4.26053 4.26711 4.27392 4.28092 4.28808 4.29538 4.30276 4.31021 4.31767 4.3251 4.33246 4.3397 4.34678 4.35365 4.36028 4.36661 4.3726 4.37822 4.38341 4.38816 4.39243 4.39618 4.39939 4.40204 4.40411 4.40558 4.40645 4.40671 4.40636 4.40539 4.40383 4.40168 4.39895 4.39566 4.39185 4.38753 4.38274 4.37751 4.37188 4.36589 4.35957 4.35297 4.34614 4.33912 4.33195 4.32469 4.31736 4.31003 4.30272 4.29549 4.28836 4.28137 4.27456 4.26795 4.26158 4.25546 4.24961 4.24405 4.23879 4.23384 4.22921 4.2249 4.22091 4.21724 4.21389 4.21084 4.2081 4.20565 4.20349 4.20161 4.19999 4.19862 4.19751 4.19664 4.196 4.19559 4.19541 
4.18944 4.1897 4.19021 4.19097 4.19198 4.19324 4.19477 4.19657 4.19865 4.20102 4.20369 4.20667 4.20997 4.21359 4.21755 4.22186 4.22651 4.2315 4.23684 4.24251 4.24852 4.25485 4.26148 4.26839 4.27557 4.28299 4.29061 4.29841 4.30634 4.31437 4.32245 4.33054 4.3386 4.34657 4.35442 4.36208 4.36952 4.37668 4.38351 4.38998 4.39604 4.40165 4.40677 4.41137 4.41541 4.41886 4.42171 4.42394 4.42552 4.42645 4.42673 4.42634 4.4253 4.42361 4.42128 4.41834 4.41479 4.41067 4.40601 4.40083 4.39518 4.3891 4.38261 4.37578 4.36864 4.36124 4.35363 4.34587 4.33798 4.33003 4.32207 4.31413 4.30626 4.2985 4.29089 4.28347 4.27626 4.2693 4.26262 4.25622 4.25014 4.24438 4.23896 4.23388 4.22915 4.22476 4.22072 4.21703 4.21367 4.21065 4.20794 4.20555 4.20346 4.20166 4.20014 4.1989 4.19792 4.1972 4.19673 4.19651 
4.19059 4.19087 4.19141 4.19223 4.19333 4.1947 4.19637 4.19833 4.2006 4.20319 4.20611 4.20937 4.21298 4.21695 4.22128 4.22598 4.23106 4.23651 4.24233 4.24852 4.25507 4.26196 4.26917 4.27669 4.2845 4.29255 4.30082 4.30928 4.31787 4.32656 4.33531 4.34406 4.35277 4.36138 4.36985 4.37811 4.38613 4.39384 4.4012 4.40816 4.41468 4.42071 4.42621 4.43114 4.43548 4.43919 4.44225 4.44463 4.44633 4.44732 4.44761 4.44719 4.44607 4.44425 4.44174 4.43857 4.43476 4.43033 4.42531 4.41974 4.41366 4.4071 4.40011 4.39275 4.38505 4.37706 4.36885 4.36045 4.35193 4.34334 4.33471 4.32611 4.31759 4.30917 4.30091 4.29285 4.28502 4.27745 4.27017 4.26321 4.25657 4.25029 4.24437 4.23882 4.23364 4.22884 4.22441 4.22036 4.21667 4.21335 4.21037 4.20773 4.20542 4.20343 4.20175 4.20037 4.19928 4.19847 4.19794 4.19768 
4.19181 4.1921 4.19268 4.19357 4.19475 4.19625 4.19806 4.2002 4.20267 4.2055 4.20868 4.21223 4.21617 4.22049 4.22521 4.23033 4.23586 4.24179 4.24812 4.25485 4.26196 4.26943 4.27726 4.28541 4.29386 4.30258 4.31153 4.32066 4.32994 4.33933 4.34876 4.35819 4.36756 4.37683 4.38594 4.39482 4.40343 4.41171 4.41961 4.42707 4.43406 4.44051 4.4464 4.45169 4.45633 4.46029 4.46356 4.46611 4.46792 4.46898 4.46928 4.46883 4.46762 4.46567 4.46299 4.45959 4.4555 4.45075 4.44537 4.4394 4.43287 4.42583 4.41833 4.41041 4.40214 4.39355 4.38471 4.37568 4.3665 4.35723 4.34793 4.33865 4.32944 4.32034 4.31141 4.30269 4.2942 4.286 4.2781 4.27054 4.26334 4.2565 4.25006 4.24401 4.23837 4.23313 4.2283 4.22387 4.21984 4.21619 4.21293 4.21003 4.20749 4.2053 4.20345 4.20192 4.20071 4.19981 4.19922 4.19892 
4.19309 4.1934 4.19402 4.19497 4.19626 4.19788 4.19984 4.20216 4.20486 4.20793 4.21139 4.21525 4.21952 4.22422 4.22934 4.2349 4.2409 4.24733 4.25419 4.26148 4.26917 4.27726 4.28572 4.29453 4.30365 4.31305 4.32269 4.33253 4.34252 4.35261 4.36275 4.37287 4.38294 4.39288 4.40263 4.41215 4.42136 4.43022 4.43867 4.44664 4.4541 4.461 4.46728 4.47292 4.47786 4.48209 4.48557 4.48828 4.49021 4.49134 4.49166 4.49117 4.48988 4.4878 4.48493 4.4813 4.47694 4.47186 4.46611 4.45973 4.45275 4.44522 4.43719 4.42872 4.41986 4.41066 4.40118 4.39148 4.38163 4.37167 4.36168 4.35169 4.34178 4.33198 4.32236 4.31295 4.30379 4.29493 4.28639 4.27821 4.27041 4.26301 4.25602 4.24946 4.24333 4.23764 4.23238 4.22756 4.22316 4.21919 4.21562 4.21245 4.20968 4.20728 4.20524 4.20356 4.20223 4.20123 4.20056 4.20022 
4.19444 4.19476 4.19543 4.19645 4.19784 4.19959 4.20172 4.20423 4.20715 4.21047 4.21422 4.21841 4.22304 4.22812 4.23367 4.23968 4.24617 4.25312 4.26053 4.26839 4.27669 4.28541 4.29453 4.30401 4.31382 4.32392 4.33428 4.34484 4.35555 4.36637 4.37722 4.38806 4.39883 4.40945 4.41987 4.43003 4.43986 4.4493 4.4583 4.4668 4.47474 4.48208 4.48876 4.49475 4.5 4.5045 4.50819 4.51107 4.51311 4.51431 4.51464 4.51412 4.51275 4.51053 4.50748 4.50362 4.49897 4.49357 4.48745 4.48065 4.47321 4.46519 4.45663 4.44759 4.43813 4.42831 4.41818 4.40781 4.39727 4.38661 4.3759 4.3652 4.35457 4.34405 4.33371 4.3236 4.31375 4.30421 4.29501 4.28619 4.27778 4.26979 4.26224 4.25514 4.24851 4.24234 4.23665 4.23141 4.22664 4.22232 4.21844 4.21499 4.21196 4.20934 4.20712 4.20528 4.20381 4.20271 4.20198 4.20159 
4.19586 4.19619 4.1969 4.198 4.19949 4.20138 4.20367 4.20639 4.20954 4.21313 4.21718 4.2217 4.2267 4.23219 4.23818 4.24466 4.25165 4.25913 4.26711 4.27557 4.2845 4.29386 4.30365 4.31382 4.32434 4.33516 4.34625 4.35754 4.369 4.38055 4.39214 4.4037 4.41517 4.42649 4.43758 4.44839 4.45884 4.46887 4.47843 4.48745 4.49587 4.50365 4.51074 4.51708 4.52265 4.52741 4.53132 4.53436 4.53652 4.53778 4.53814 4.53758 4.53613 4.53377 4.53054 4.52644 4.52152 4.51579 4.50929 4.50208 4.49418 4.48566 4.47656 4.46695 4.45689 4.44643 4.43565 4.4246 4.41336 4.40199 4.39056 4.37912 4.36776 4.35651 4.34544 4.3346 4.32404 4.31381 4.30394 4.29446 4.28541 4.27681 4.26868 4.26104 4.25389 4.24723 4.24108 4.23542 4.23025 4.22557 4.22137 4.21763 4.21434 4.21149 4.20907 4.20707 4.20547 4.20427 4.20345 4.20302 
4.19733 4.19768 4.19844 4.19961 4.20121 4.20324 4.20571 4.20864 4.21203 4.2159 4.22026 4.22513 4.23051 4.23641 4.24285 4.24982 4.25732 4.26536 4.27392 4.28299 4.29255 4.30258 4.31305 4.32392 4.33516 4.34672 4.35855 4.37059 4.38279 4.39509 4.40742 4.41971 4.4319 4.44391 4.45569 4.46714 4.47822 4.48885 4.49896 4.5085 4.51741 4.52563 4.53312 4.53982 4.5457 4.55072 4.55484 4.55806 4.56033 4.56166 4.56203 4.56144 4.5599 4.55741 4.554 4.54967 4.54446 4.53841 4.53154 4.52391 4.51556 4.50653 4.4969 4.48672 4.47605 4.46496 4.45351 4.44178 4.42983 4.41774 4.40558 4.3934 4.38129 4.3693 4.35749 4.34591 4.33463 4.32369 4.31313 4.30298 4.29329 4.28407 4.27534 4.26713 4.25944 4.25229 4.24566 4.23957 4.234 4.22895 4.22441 4.22037 4.21681 4.21373 4.2111 4.20893 4.20719 4.20588 4.20499 4.20451 
4.19885 4.19922 4.20003 4.20128 4.203 4.20517 4.20783 4.21097 4.21461 4.21876 4.22344 4.22866 4.23443 4.24077 4.24766 4.25513 4.26317 4.27176 4.28092 4.29061 4.30082 4.31153 4.32269 4.33428 4.34625 4.35855 4.37113 4.38392 4.39688 4.40993 4.423 4.43603 4.44894 4.46165 4.4741 4.48621 4.49791 4.50913 4.5198 4.52986 4.53925 4.54791 4.5558 4.56285 4.56904 4.57432 4.57866 4.58203 4.58443 4.58582 4.58621 4.58559 4.58396 4.58134 4.57775 4.57319 4.56771 4.56133 4.55409 4.54605 4.53724 4.52772 4.51755 4.5068 4.49552 4.48379 4.47168 4.45926 4.44661 4.43379 4.42089 4.40797 4.39511 4.38236 4.3698 4.35749 4.34547 4.33381 4.32255 4.31172 4.30137 4.29151 4.28218 4.27339 4.26516 4.25749 4.25038 4.24384 4.23786 4.23244 4.22755 4.2232 4.21937 4.21604 4.21321 4.21085 4.20897 4.20755 4.20658 4.20606 
4.20043 4.20081 4.20167 4.20301 4.20484 4.20717 4.21001 4.21337 4.21726 4.22171 4.22672 4.2323 4.23847 4.24524 4.25261 4.26058 4.26915 4.27833 4.28808 4.29841 4.30928 4.32066 4.33253 4.34484 4.35754 4.37059 4.38392 4.39748 4.4112 4.425 4.43882 4.45258 4.4662 4.47961 4.49274 4.50549 4.51781 4.52962 4.54084 4.55142 4.56129 4.57038 4.57866 4.58606 4.59255 4.59809 4.60264 4.60618 4.60868 4.61014 4.61055 4.6099 4.60819 4.60545 4.60167 4.59689 4.59113 4.58444 4.57684 4.56838 4.55912 4.54911 4.53841 4.52709 4.51521 4.50285 4.49008 4.47698 4.46362 4.45008 4.43644 4.42277 4.40915 4.39565 4.38233 4.36927 4.35652 4.34413 4.33216 4.32064 4.30962 4.29912 4.28918 4.2798 4.27101 4.26282 4.25522 4.24823 4.24183 4.23601 4.23078 4.22611 4.22199 4.21842 4.21537 4.21284 4.21081 4.20927 4.20822 4.20765 
4.20205 4.20245 4.20336 4.20478 4.20673 4.20922 4.21224 4.21583 4.21999 4.22473 4.23007 4.23602 4.2426 4.24981 4.25765 4.26614 4.27526 4.28501 4.29538 4.30634 4.31787 4.32994 4.34252 4.35555 4.369 4.38279 4.39688 4.4112 4.42567 4.44022 4.45478 4.46927 4.48361 4.49771 4.5115 4.5249 4.53783 4.55022 4.56199 4.57307 4.5834 4.59293 4.60159 4.60933 4.61612 4.62191 4.62667 4.63037 4.63299 4.63451 4.63493 4.63425 4.63247 4.62959 4.62565 4.62065 4.61462 4.60761 4.59965 4.5908 4.58109 4.5706 4.55938 4.5475 4.53502 4.52204 4.50861 4.49483 4.48077 4.46651 4.45213 4.43772 4.42335 4.40909 4.39502 4.38121 4.36771 4.3546 4.34191 4.3297 4.318 4.30686 4.29629 4.28633 4.27698 4.26825 4.26016 4.2527 4.24587 4.23967 4.23407 4.22908 4.22468 4.22085 4.21759 4.21487 4.21269 4.21104 4.20991 4.20929 
4.2037 4.20412 4.20508 4.20659 4.20867 4.21131 4.21453 4.21834 4.22276 4.2278 4.23348 4.23981 4.2468 4.25445 4.26278 4.27178 4.28145 4.29179 4.30276 4.31437 4.32656 4.33933 4.35261 4.36637 4.38055 4.39509 4.40993 4.425 4.44022 4.45552 4.47082 4.48603 4.50107 4.51585 4.5303 4.54433 4.55786 4.57082 4.58312 4.5947 4.60549 4.61544 4.62447 4.63255 4.63963 4.64566 4.65062 4.65448 4.65721 4.65879 4.65924 4.65852 4.65667 4.65367 4.64955 4.64434 4.63806 4.63074 4.62243 4.61319 4.60305 4.59208 4.58035 4.56791 4.55486 4.54126 4.52719 4.51273 4.49798 4.48301 4.4679 4.45275 4.43763 4.42262 4.4078 4.39324 4.379 4.36516 4.35176 4.33885 4.32648 4.31468 4.30349 4.29293 4.28302 4.27376 4.26517 4.25724 4.24998 4.24338 4.23742 4.23211 4.22741 4.22333 4.21985 4.21695 4.21462 4.21285 4.21163 4.21096 
4.20538 4.20582 4.20683 4.20844 4.21063 4.21343 4.21685 4.22089 4.22558 4.23092 4.23694 4.24365 4.25105 4.25915 4.26796 4.27748 4.2877 4.29862 4.31021 4.32245 4.33531 4.34876 4.36275 4.37722 4.39214 4.40742 4.423 4.43882 4.45478 4.47082 4.48684 4.50275 4.51849 4.53394 4.54904 4.56368 4.5778 4.59131 4.60413 4.6162 4.62744 4.63779 4.64719 4.65559 4.66295 4.66922 4.67438 4.67838 4.68122 4.68287 4.68333 4.68259 4.68066 4.67755 4.67327 4.66785 4.66131 4.6537 4.64506 4.63543 4.62487 4.61344 4.60121 4.58824 4.57461 4.56041 4.54571 4.5306 4.51516 4.49949 4.48366 4.46778 4.45192 4.43617 4.4206 4.4053 4.39033 4.37576 4.36165 4.34805 4.33501 4.32256 4.31075 4.29959 4.28911 4.27932 4.27022 4.26183 4.25414 4.24713 4.24082 4.23517 4.23019 4.22585 4.22214 4.21905 4.21657 4.21468 4.21338 4.21266 
4.20708 4.20754 4.20861 4.2103 4.21262 4.21558 4.21919 4.22346 4.22842 4.23407 4.24043 4.24751 4.25532 4.26387 4.27317 4.2832 4.29397 4.30547 4.31767 4.33054 4.34406 4.35819 4.37287 4.38806 4.4037 4.41971 4.43603 4.45258 4.46927 4.48603 4.50275 4.51937 4.53577 4.55188 4.56761 4.58286 4.59754 4.61159 4.62492 4.63745 4.64912 4.65986 4.66962 4.67834 4.68597 4.69247 4.69781 4.70196 4.7049 4.70661 4.70709 4.70633 4.70433 4.7011 4.69667 4.69105 4.68427 4.67638 4.66741 4.65741 4.64645 4.63457 4.62185 4.60836 4.59418 4.57939 4.56408 4.54832 4.53222 4.51586 4.49933 4.48273 4.46614 4.44966 4.43336 4.41733 4.40163 4.38634 4.37153 4.35724 4.34353 4.33044 4.31801 4.30626 4.29521 4.28489 4.2753 4.26644 4.25831 4.25091 4.24423 4.23825 4.23298 4.22838 4.22445 4.22117 4.21854 4.21653 4.21515 4.21438 
4.20879 4.20927 4.21039 4.21217 4.21462 4.21773 4.22154 4.22604 4.23127 4.23722 4.24392 4.25137 4.2596 4.26859 4.27837 4.28892 4.30023 4.3123 4.3251 4.3386 4.35277 4.36756 4.38294 4.39883 4.41517 4.4319 4.44894 4.4662 4.48361 4.50107 4.51849 4.53577 4.55284 4.56958 4.58591 4.60174 4.61698 4.63155 4.64537 4.65835 4.67043 4.68155 4.69165 4.70066 4.70855 4.71528 4.7208 4.72509 4.72813 4.7299 4.73039 4.72961 4.72754 4.72421 4.71963 4.71382 4.70681 4.69865 4.68937 4.67902 4.66766 4.65536 4.64217 4.62818 4.61347 4.59811 4.58219 4.56581 4.54906 4.53203 4.51482 4.49752 4.48022 4.46302 4.44601 4.42925 4.41284 4.39685 4.38135 4.36638 4.35201 4.33829 4.32524 4.31291 4.3013 4.29045 4.28036 4.27104 4.26248 4.25468 4.24764 4.24134 4.23577 4.23092 4.22677 4.2233 4.22052 4.2184 4.21693 4.21611 
4.2105 4.211 4.21218 4.21405 4.21661 4.21989 4.22389 4.22862 4.23411 4.24036 4.24739 4.25522 4.26385 4.27328 4.28353 4.29458 4.30643 4.31907 4.33246 4.34657 4.36138 4.37683 4.39288 4.40945 4.42649 4.44391 4.46165 4.47961 4.49771 4.51585 4.53394 4.55188 4.56958 4.58694 4.60385 4.62025 4.63602 4.65108 4.66536 4.67878 4.69126 4.70274 4.71316 4.72246 4.7306 4.73754 4.74323 4.74766 4.75079 4.75262 4.75313 4.75232 4.75019 4.74676 4.74204 4.73605 4.72882 4.7204 4.71082 4.70014 4.68841 4.67569 4.66206 4.64759 4.63235 4.61645 4.59996 4.58298 4.5656 4.54792 4.53005 4.51207 4.49408 4.47618 4.45846 4.44101 4.42391 4.40723 4.39104 4.37542 4.3604 4.34605 4.3324 4.31949 4.30734 4.29596 4.28539 4.2756 4.26662 4.25843 4.25104 4.24441 4.23856 4.23345 4.22908 4.22543 4.22249 4.22025 4.21871 4.21784 
4.2122 4.21272 4.21395 4.2159 4.21859 4.22202 4.22621 4.23117 4.23692 4.24347 4.25083 4.25902 4.26805 4.27791 4.28863 4.30017 4.31255 4.32573 4.3397 4.35442 4.36985 4.38594 4.40263 4.41987 4.43758 4.45569 4.4741 4.49274 4.5115 4.5303 4.54904 4.56761 4.58591 4.60385 4.62134 4.63826 4.65454 4.67008 4.68481 4.69864 4.7115 4.72332 4.73404 4.74362 4.75199 4.75913 4.76498 4.76954 4.77276 4.77464 4.77517 4.77434 4.77215 4.76863 4.76377 4.75762 4.75019 4.74152 4.73166 4.72066 4.70857 4.69546 4.68141 4.66647 4.65075 4.63432 4.61728 4.59972 4.58174 4.56344 4.54493 4.52629 4.50764 4.48906 4.47067 4.45253 4.43475 4.41741 4.40056 4.38429 4.36864 4.35368 4.33945 4.32597 4.31328 4.3014 4.29034 4.28011 4.27071 4.26214 4.25439 4.24745 4.24131 4.23595 4.23137 4.22754 4.22445 4.2221 4.22047 4.21956 
4.21387 4.21441 4.2157 4.21774 4.22055 4.22413 4.22851 4.23369 4.23969 4.24652 4.25421 4.26275 4.27217 4.28246 4.29362 4.30565 4.31853 4.33225 4.34678 4.36208 4.37811 4.39482 4.41215 4.43003 4.44839 4.46714 4.48621 4.50549 4.5249 4.54433 4.56368 4.58286 4.60174 4.62025 4.63826 4.6557 4.67246 4.68845 4.7036 4.71782 4.73103 4.74318 4.75419 4.76402 4.77262 4.77994 4.78595 4.79063 4.79394 4.79587 4.79641 4.79556 4.79333 4.78971 4.78473 4.77842 4.77079 4.7619 4.75177 4.74047 4.72805 4.71457 4.70011 4.68474 4.66855 4.65163 4.63406 4.61595 4.5974 4.5785 4.55937 4.54011 4.52081 4.50159 4.48254 4.46375 4.44532 4.42733 4.40984 4.39295 4.37669 4.36114 4.34633 4.33231 4.3191 4.30672 4.29519 4.28453 4.27472 4.26578 4.25768 4.25044 4.24402 4.23842 4.23362 4.22961 4.22638 4.22392 4.22221 4.22125 
4.21552 4.21607 4.21741 4.21953 4.22246 4.22619 4.23075 4.23614 4.24239 4.24951 4.2575 4.26639 4.27619 4.28688 4.29848 4.31097 4.32435 4.33859 4.35365 4.36952 4.38613 4.40343 4.42136 4.43986 4.45884 4.47822 4.49791 4.51781 4.53783 4.55786 4.5778 4.59754 4.61698 4.63602 4.65454 4.67246 4.68967 4.70609 4.72163 4.73622 4.74977 4.76222 4.77351 4.78358 4.79238 4.79988 4.80604 4.81082 4.81421 4.81619 4.81675 4.81588 4.8136 4.8099 4.80481 4.79835 4.79054 4.78143 4.77106 4.75948 4.74674 4.73292 4.71808 4.7023 4.68567 4.66827 4.65021 4.63158 4.61248 4.59302 4.5733 4.55344 4.53353 4.51369 4.49402 4.4746 4.45555 4.43693 4.41884 4.40134 4.3845 4.36837 4.35302 4.33846 4.32475 4.31189 4.29992 4.28883 4.27863 4.26932 4.2609 4.25335 4.24666 4.24082 4.23582 4.23164 4.22827 4.2257 4.22391 4.22291 
4.21711 4.21769 4.21907 4.22128 4.22432 4.22819 4.23292 4.23853 4.24501 4.2524 4.2607 4.26992 4.28007 4.29116 4.30317 4.31612 4.32996 4.34469 4.36028 4.37668 4.39384 4.41171 4.43022 4.4493 4.46887 4.48885 4.50913 4.52962 4.55022 4.57082 4.59131 4.61159 4.63155 4.65108 4.67008 4.68845 4.70609 4.72291 4.73882 4.75375 4.76761 4.78035 4.79189 4.80218 4.81118 4.81884 4.82513 4.83002 4.83349 4.83551 4.83608 4.83521 4.83288 4.82911 4.82391 4.81731 4.80934 4.80003 4.78943 4.77758 4.76456 4.75041 4.73521 4.71905 4.70201 4.68417 4.66564 4.64651 4.6269 4.6069 4.58664 4.56621 4.54572 4.5253 4.50503 4.48502 4.46536 4.44616 4.42748 4.40941 4.39201 4.37534 4.35945 4.3444 4.3302 4.31688 4.30447 4.29298 4.2824 4.27275 4.264 4.25616 4.24922 4.24315 4.23796 4.23361 4.2301 4.22742 4.22557 4.22452 
4.21865 4.21924 4.22068 4.22296 4.2261 4.23012 4.23502 4.24082 4.24753 4.25517 4.26376 4.2733 4.28379 4.29525 4.30767 4.32104 4.33533 4.35053 4.36661 4.38351 4.4012 4.41961 4.43867 4.4583 4.47843 4.49896 4.5198 4.54084 4.56199 4.58312 4.60413 4.62492 4.64537 4.66536 4.68481 4.7036 4.72163 4.73882 4.75508 4.77032 4.78448 4.79747 4.80925 4.81975 4.82893 4.83674 4.84315 4.84814 4.85167 4.85374 4.85433 4.85344 4.85107 4.84723 4.84194 4.83521 4.82709 4.8176 4.80678 4.7947 4.7814 4.76695 4.75143 4.73491 4.71748 4.69923 4.68026 4.66068 4.64058 4.62009 4.5993 4.57834 4.55731 4.53633 4.5155 4.49493 4.47472 4.45495 4.43572 4.4171 4.39917 4.38199 4.36561 4.35007 4.33541 4.32166 4.30884 4.29695 4.28602 4.27603 4.26698 4.25887 4.25168 4.24539 4.24001 4.2355 4.23187 4.22909 4.22716 4.22607 
4.22012 4.22073 4.22221 4.22457 4.22781 4.23196 4.23701 4.243 4.24993 4.25782 4.26667 4.27651 4.28733 4.29914 4.31194 4.3257 4.34042 4.35606 4.3726 4.38998 4.40816 4.42707 4.44664 4.4668 4.48745 4.5085 4.52986 4.55142 4.57307 4.5947 4.6162 4.63745 4.65835 4.67878 4.69864 4.71782 4.73622 4.75375 4.77032 4.78586 4.80028 4.81351 4.8255 4.8362 4.84554 4.85349 4.86002 4.86509 4.86869 4.87079 4.8714 4.8705 4.86809 4.86419 4.85881 4.85197 4.84371 4.83405 4.82304 4.81074 4.79719 4.78246 4.76664 4.74979 4.732 4.71338 4.69401 4.674 4.65345 4.63249 4.61122 4.58977 4.56823 4.54673 4.52538 4.50429 4.48354 4.46326 4.44351 4.42438 4.40595 4.38828 4.37143 4.35544 4.34035 4.32619 4.31297 4.30073 4.28945 4.27915 4.26981 4.26144 4.25402 4.24753 4.24196 4.23731 4.23355 4.23068 4.22868 4.22756 
4.22151 4.22213 4.22366 4.22608 4.22942 4.23369 4.2389 4.24506 4.25219 4.2603 4.26941 4.27953 4.29066 4.3028 4.31594 4.33008 4.34519 4.36125 4.37822 4.39604 4.41468 4.43406 4.4541 4.47474 4.49587 4.51741 4.53925 4.56129 4.5834 4.60549 4.62744 4.64912 4.67043 4.69126 4.7115 4.73103 4.74977 4.76761 4.78448 4.80028 4.81494 4.8284 4.84058 4.85145 4.86094 4.86902 4.87565 4.8808 4.88446 4.8866 4.88722 4.8863 4.88387 4.87991 4.87445 4.86751 4.85912 4.84931 4.83813 4.82562 4.81185 4.79687 4.78077 4.76362 4.74551 4.72653 4.70679 4.68639 4.66544 4.64405 4.62234 4.60042 4.57842 4.55644 4.53461 4.51302 4.49179 4.47102 4.45079 4.43119 4.4123 4.39418 4.37689 4.36047 4.34498 4.33043 4.31686 4.30427 4.29268 4.28208 4.27248 4.26386 4.25622 4.24954 4.24381 4.23901 4.23514 4.23218 4.23012 4.22896 
4.2228 4.22344 4.22501 4.2275 4.23093 4.23531 4.24065 4.24698 4.25429 4.26262 4.27196 4.28234 4.29375 4.30619 4.31966 4.33414 4.34962 4.36605 4.38341 4.40165 4.42071 4.44051 4.461 4.48208 4.50365 4.52563 4.54791 4.57038 4.59293 4.61544 4.63779 4.65986 4.68155 4.70274 4.72332 4.74318 4.76222 4.78035 4.79747 4.81351 4.8284 4.84205 4.85441 4.86543 4.87506 4.88325 4.88997 4.8952 4.89891 4.90108 4.90171 4.90079 4.89833 4.89432 4.88879 4.88176 4.87326 4.86331 4.85197 4.83928 4.8253 4.8101 4.79375 4.77633 4.75792 4.73863 4.71855 4.69779 4.67647 4.65469 4.63257 4.61024 4.58781 4.56539 4.54312 4.52109 4.49941 4.47819 4.45752 4.43749 4.41817 4.39963 4.38194 4.36514 4.34927 4.33437 4.32046 4.30756 4.29568 4.28481 4.27496 4.26611 4.25827 4.25141 4.24552 4.2406 4.23662 4.23358 4.23146 4.23026 
4.224 4.22465 4.22625 4.2288 4.23231 4.23679 4.24227 4.24874 4.25623 4.26474 4.2743 4.28491 4.29658 4.3093 4.32306 4.33786 4.35366 4.37044 4.38816 4.40677 4.42621 4.4464 4.46728 4.48876 4.51074 4.53312 4.5558 4.57866 4.60159 4.62447 4.64719 4.66962 4.69165 4.71316 4.73404 4.75419 4.77351 4.79189 4.80925 4.8255 4.84058 4.85441 4.86693 4.87809 4.88784 4.89613 4.90294 4.90823 4.91199 4.91419 4.91483 4.9139 4.91141 4.90736 4.90177 4.89466 4.88605 4.87599 4.86451 4.85166 4.8375 4.82209 4.80552 4.78785 4.76918 4.74961 4.72923 4.70815 4.68649 4.66436 4.64188 4.61917 4.59635 4.57354 4.55086 4.52843 4.50635 4.48473 4.46366 4.44323 4.42352 4.40461 4.38655 4.3694 4.35319 4.33797 4.32376 4.31057 4.29842 4.2873 4.27723 4.26818 4.26015 4.25313 4.2471 4.24206 4.23798 4.23486 4.23269 4.23147 
4.22508 4.22575 4.22738 4.22998 4.23356 4.23814 4.24372 4.25033 4.25797 4.26666 4.27641 4.28723 4.29913 4.31209 4.32612 4.3412 4.3573 4.37439 4.39243 4.41137 4.43114 4.45169 4.47292 4.49475 4.51708 4.53982 4.56285 4.58606 4.60933 4.63255 4.65559 4.67834 4.70066 4.72246 4.74362 4.76402 4.78358 4.80218 4.81975 4.8362 4.85145 4.86543 4.87809 4.88937 4.89922 4.90761 4.91449 4.91984 4.92363 4.92586 4.92651 4.92558 4.92307 4.91898 4.91334 4.90615 4.89746 4.88729 4.87568 4.86269 4.84837 4.83279 4.81601 4.79813 4.77923 4.75941 4.73876 4.7174 4.69544 4.673 4.65019 4.62715 4.60399 4.58083 4.5578 4.53501 4.51257 4.49059 4.46916 4.44838 4.42833 4.40908 4.39069 4.37323 4.35672 4.34121 4.32673 4.31328 4.30089 4.28955 4.27927 4.27004 4.26185 4.25468 4.24853 4.24338 4.23921 4.23603 4.23381 4.23256 
4.22604 4.22672 4.22838 4.23103 4.23468 4.23933 4.24502 4.25174 4.25951 4.26836 4.27828 4.28928 4.30138 4.31456 4.32882 4.34414 4.3605 4.37786 4.39618 4.41541 4.43548 4.45633 4.47786 4.5 4.52265 4.5457 4.56904 4.59255 4.61612 4.63963 4.66295 4.68597 4.70855 4.7306 4.75199 4.77262 4.79238 4.81118 4.82893 4.84554 4.86094 4.87506 4.88784 4.89922 4.90916 4.91763 4.92457 4.92997 4.9338 4.93605 4.93671 4.93578 4.93325 4.92913 4.92344 4.91619 4.90742 4.89716 4.88544 4.87233 4.85787 4.84213 4.82519 4.80712 4.78802 4.76798 4.7471 4.7255 4.70328 4.68056 4.65748 4.63414 4.61068 4.58722 4.56388 4.54078 4.51803 4.49573 4.47399 4.45291 4.43255 4.41301 4.39434 4.37659 4.35982 4.34406 4.32934 4.31567 4.30307 4.29154 4.28108 4.27169 4.26335 4.25605 4.24979 4.24455 4.24031 4.23706 4.23481 4.23353 
4.22687 4.22756 4.22925 4.23193 4.23564 4.24036 4.24613 4.25295 4.26084 4.26982 4.27988 4.29104 4.30331 4.31668 4.33113 4.34666 4.36324 4.38083 4.39939 4.41886 4.43919 4.46029 4.48209 4.5045 4.52741 4.55072 4.57432 4.59809 4.62191 4.64566 4.66922 4.69247 4.71528 4.73754 4.75913 4.77994 4.79988 4.81884 4.83674 4.85349 4.86902 4.88325 4.89613 4.90761 4.91763 4.92615 4.93315 4.93859 4.94246 4.94473 4.94539 4.94445 4.94191 4.93776 4.93203 4.92473 4.9159 4.90556 4.89375 4.88054 4.86596 4.85009 4.83301 4.81478 4.79551 4.77528 4.75421 4.73239 4.70996 4.68701 4.66369 4.64011 4.6164 4.59268 4.56907 4.54571 4.52269 4.50012 4.47812 4.45678 4.43617 4.41637 4.39746 4.37948 4.36248 4.34651 4.33158 4.31772 4.30494 4.29325 4.28264 4.2731 4.26464 4.25724 4.25088 4.24556 4.24125 4.23796 4.23566 4.23437 
4.22757 4.22826 4.22997 4.23269 4.23644 4.24122 4.24706 4.25396 4.26195 4.27103 4.28121 4.2925 4.30491 4.31843 4.33305 4.34875 4.36551 4.38328 4.40204 4.42171 4.44225 4.46356 4.48557 4.50819 4.53132 4.55484 4.57866 4.60264 4.62667 4.65062 4.67438 4.69781 4.7208 4.74323 4.76498 4.78595 4.80604 4.82513 4.84315 4.86002 4.87565 4.88997 4.90294 4.91449 4.92457 4.93315 4.94019 4.94567 4.94956 4.95184 4.95252 4.95157 4.94901 4.94485 4.93908 4.93174 4.92285 4.91245 4.90057 4.88727 4.8726 4.85663 4.83942 4.82107 4.80165 4.78128 4.76004 4.73806 4.71544 4.69231 4.66879 4.64501 4.62109 4.59716 4.57334 4.54976 4.52652 4.50374 4.48152 4.45996 4.43914 4.41914 4.40003 4.38186 4.36468 4.34853 4.33343 4.31942 4.30649 4.29466 4.28393 4.27428 4.26572 4.25822 4.25179 4.2464 4.24204 4.2387 4.23638 4.23507 
4.22812 4.22882 4.23054 4.23329 4.23707 4.2419 4.2478 4.25476 4.26282 4.27198 4.28226 4.29365 4.30617 4.3198 4.33455 4.35038 4.36728 4.3852 4.40411 4.42394 4.44463 4.46611 4.48828 4.51107 4.53436 4.55806 4.58203 4.60618 4.63037 4.65448 4.67838 4.70196 4.72509 4.74766 4.76954 4.79063 4.81082 4.83002 4.84814 4.86509 4.8808 4.8952 4.90823 4.91984 4.92997 4.93859 4.94567 4.95117 4.95508 4.95738 4.95806 4.95711 4.95454 4.95036 4.94457 4.93719 4.92826 4.91781 4.90588 4.89251 4.87776 4.8617 4.84441 4.82595 4.80643 4.78594 4.76458 4.74246 4.71971 4.69643 4.67276 4.64882 4.62474 4.60065 4.57666 4.55291 4.5295 4.50656 4.48417 4.46245 4.44146 4.42131 4.40204 4.38372 4.3664 4.35011 4.33489 4.32075 4.30771 4.29577 4.28494 4.27521 4.26656 4.259 4.2525 4.24706 4.24266 4.2393 4.23695 4.23563 
4.22853 4.22923 4.23097 4.23373 4.23754 4.2424 4.24833 4.25534 4.26345 4.27267 4.28301 4.29448 4.30707 4.32079 4.33562 4.35155 4.36854 4.38657 4.40558 4.42552 4.44633 4.46792 4.49021 4.51311 4.53652 4.56033 4.58443 4.60868 4.63299 4.65721 4.68122 4.7049 4.72813 4.75079 4.77276 4.79394 4.81421 4.83349 4.85167 4.86869 4.88446 4.89891 4.91199 4.92363 4.9338 4.94246 4.94956 4.95508 4.959 4.96131 4.96199 4.96105 4.95847 4.95427 4.94846 4.94106 4.9321 4.92161 4.90964 4.89622 4.88142 4.8653 4.84794 4.82941 4.80981 4.78924 4.76779 4.74558 4.72272 4.69934 4.67557 4.65152 4.62733 4.60312 4.57901 4.55514 4.53162 4.50855 4.48605 4.46421 4.44311 4.42284 4.40347 4.38505 4.36762 4.35124 4.33593 4.3217 4.30858 4.29657 4.28567 4.27588 4.26718 4.25957 4.25303 4.24755 4.24312 4.23973 4.23737 4.23603 
4.22878 4.22949 4.23123 4.23401 4.23783 4.24271 4.24866 4.2557 4.26384 4.2731 4.28347 4.29498 4.30762 4.32138 4.33626 4.35224 4.36929 4.38738 4.40645 4.42645 4.44732 4.46898 4.49134 4.51431 4.53778 4.56166 4.58582 4.61014 4.63451 4.65879 4.68287 4.70661 4.7299 4.75262 4.77464 4.79587 4.81619 4.83551 4.85374 4.87079 4.8866 4.90108 4.91419 4.92586 4.93605 4.94473 4.95184 4.95738 4.96131 4.96362 4.96431 4.96336 4.96078 4.95657 4.95075 4.94334 4.93436 4.92384 4.91184 4.89839 4.88356 4.8674 4.85 4.83143 4.81178 4.79116 4.76966 4.74739 4.72448 4.70104 4.6772 4.65309 4.62883 4.60455 4.58038 4.55644 4.53285 4.50972 4.48715 4.46524 4.44408 4.42375 4.40431 4.38583 4.36835 4.35191 4.33655 4.32227 4.30911 4.29705 4.28612 4.27628 4.26755 4.25991 4.25335 4.24785 4.24341 4.24 4.23763 4.23629 
