4.31937 4.31956 4.31979 4.32007 4.32039 4.32075 4.32116 4.32161 4.32211 4.32266 4.32326 4.32391 4.32462 4.32539 4.32623 4.32712 4.32808 4.32911 4.3302 4.33137 4.33261 4.33391 4.33528 4.33672 4.33823 4.33979 4.3414 4.34307 4.34477 4.34652 4.34828 4.35007 4.35186 4.35365 4.35542 4.35717 4.35888 4.36054 4.36214 4.36367 4.36511 4.36645 4.36769 4.3688 4.3698 4.37066 4.37137 4.37195 4.37236 4.37263 4.37273 4.37268 4.37247 4.37211 4.37159 4.37093 4.37012 4.36918 4.36812 4.36694 4.36565 4.36426 4.36279 4.36125 4.35965 4.35799 4.3563 4.35459 4.35286 4.35113 4.34941 4.34771 4.34604 4.34441 4.34282 4.34129 4.33982 4.33842 4.33709 4.33583 4.33465 4.33354 4.33252 4.33158 4.33073 4.32995 4.32925 4.32863 4.32809 4.32761 4.32721 4.32688 4.32661 4.3264 4.32625 4.32615 4.32611 4.32612 4.32618 4.32628 
4.31956 4.31975 4.31998 4.32026 4.32058 4.32094 4.32135 4.32181 4.32231 4.32286 4.32347 4.32412 4.32484 4.32562 4.32645 4.32735 4.32832 4.32936 4.33047 4.33164 4.33289 4.33421 4.33559 4.33705 4.33856 4.34014 4.34177 4.34346 4.34518 4.34694 4.34873 4.35053 4.35234 4.35415 4.35595 4.35771 4.35944 4.36112 4.36274 4.36428 4.36574 4.3671 4.36835 4.36948 4.37048 4.37135 4.37208 4.37265 4.37308 4.37334 4.37345 4.3734 4.37318 4.37281 4.37229 4.37162 4.37081 4.36986 4.36878 4.36758 4.36628 4.36488 4.36339 4.36183 4.36021 4.35854 4.35683 4.35509 4.35335 4.3516 4.34986 4.34814 4.34645 4.3448 4.3432 4.34165 4.34017 4.33875 4.3374 4.33613 4.33493 4.33382 4.33279 4.33184 4.33097 4.33019 4.32948 4.32886 4.32831 4.32783 4.32742 4.32708 4.32681 4.3266 4.32645 4.32635 4.32631 4.32631 4.32637 4.32647 
4.31979 4.31998 4.32022 4.3205 4.32082 4.32119 4.32161 4.32207 4.32259 4.32315 4.32377 4.32444 4.32518 4.32597 4.32683 4.32776 4.32875 4.32982 4.33096 4.33217 4.33345 4.33481 4.33623 4.33773 4.33929 4.34092 4.3426 4.34433 4.34611 4.34792 4.34976 4.35162 4.35349 4.35535 4.3572 4.35902 4.3608 4.36252 4.36419 4.36577 4.36727 4.36867 4.36995 4.37112 4.37215 4.37304 4.37379 4.37438 4.37482 4.37509 4.3752 4.37514 4.37492 4.37454 4.374 4.37331 4.37247 4.37149 4.37038 4.36915 4.36781 4.36636 4.36483 4.36322 4.36155 4.35983 4.35807 4.35628 4.35448 4.35268 4.35089 4.34912 4.34738 4.34568 4.34403 4.34243 4.3409 4.33943 4.33804 4.33673 4.3355 4.33435 4.33329 4.33231 4.33141 4.3306 4.32987 4.32922 4.32865 4.32815 4.32773 4.32738 4.32709 4.32687 4.32671 4.3266 4.32655 4.32655 4.3266 4.3267 
4.32007 4.32026 4.3205 4.32078 4.32112 4.3215 4.32193 4.32241 4.32294 4.32352 4.32417 4.32487 4.32563 4.32646 4.32736 4.32833 4.32937 4.33049 4.33168 4.33295 4.33429 4.33572 4.33721 4.33878 4.34042 4.34212 4.34389 4.3457 4.34756 4.34946 4.35139 4.35334 4.35529 4.35724 4.35917 4.36108 4.36294 4.36475 4.36649 4.36815 4.36971 4.37117 4.37252 4.37373 4.37481 4.37574 4.37652 4.37713 4.37759 4.37787 4.37798 4.37792 4.37769 4.37729 4.37672 4.376 4.37512 4.37409 4.37293 4.37164 4.37023 4.36872 4.36712 4.36544 4.36369 4.36188 4.36004 4.35817 4.35628 4.35439 4.35251 4.35065 4.34883 4.34704 4.34531 4.34364 4.34203 4.34049 4.33903 4.33765 4.33635 4.33514 4.33402 4.33299 4.33204 4.33118 4.33041 4.32972 4.32912 4.32859 4.32814 4.32776 4.32745 4.32721 4.32703 4.32691 4.32685 4.32684 4.32689 4.32698 
4.32039 4.32058 4.32082 4.32112 4.32146 4.32186 4.3223 4.32281 4.32336 4.32398 4.32466 4.3254 4.32621 4.32709 4.32805 4.32908 4.33019 4.33137 4.33264 4.33399 4.33542 4.33694 4.33853 4.3402 4.34195 4.34376 4.34564 4.34757 4.34955 4.35157 4.35362 4.35569 4.35777 4.35984 4.36189 4.36391 4.36589 4.3678 4.36965 4.37141 4.37307 4.37461 4.37604 4.37732 4.37846 4.37945 4.38027 4.38092 4.3814 4.38169 4.38181 4.38174 4.38149 4.38107 4.38046 4.37969 4.37876 4.37767 4.37643 4.37506 4.37357 4.37196 4.37026 4.36847 4.36661 4.36469 4.36273 4.36074 4.35874 4.35673 4.35473 4.35275 4.35081 4.3489 4.34706 4.34527 4.34355 4.34191 4.34035 4.33888 4.33749 4.33619 4.33499 4.33388 4.33287 4.33194 4.33111 4.33037 4.32971 4.32914 4.32865 4.32823 4.32789 4.32762 4.32742 4.32728 4.3272 4.32718 4.32722 4.32731 
4.32075 4.32094 4.32119 4.3215 4.32186 4.32227 4.32274 4.32328 4.32387 4.32453 4.32525 4.32605 4.32692 4.32787 4.32889 4.33 4.33119 4.33247 4.33384 4.3353 4.33685 4.33848 4.3402 4.342 4.34388 4.34584 4.34786 4.34994 4.35208 4.35425 4.35646 4.35869 4.36092 4.36315 4.36535 4.36752 4.36965 4.3717 4.37368 4.37557 4.37735 4.37901 4.38053 4.38191 4.38313 4.38418 4.38506 4.38575 4.38626 4.38657 4.38669 4.38662 4.38635 4.38589 4.38524 4.38441 4.3834 4.38223 4.3809 4.37943 4.37782 4.3761 4.37426 4.37234 4.37034 4.36828 4.36617 4.36403 4.36187 4.3597 4.35755 4.35542 4.35332 4.35127 4.34927 4.34734 4.34549 4.34371 4.34202 4.34042 4.33892 4.33751 4.33621 4.335 4.33389 4.33288 4.33197 4.33116 4.33044 4.32981 4.32926 4.3288 4.32841 4.32811 4.32787 4.32771 4.32761 4.32757 4.32759 4.32767 
4.32116 4.32135 4.32161 4.32193 4.3223 4.32274 4.32325 4.32382 4.32446 4.32517 4.32595 4.32681 4.32776 4.32878 4.3299 4.33111 4.33241 4.3338 4.33529 4.33688 4.33857 4.34035 4.34222 4.34419 4.34624 4.34836 4.35057 4.35283 4.35516 4.35752 4.35992 4.36234 4.36476 4.36718 4.36957 4.37193 4.37423 4.37646 4.3786 4.38064 4.38256 4.38436 4.386 4.38749 4.38881 4.38994 4.39089 4.39163 4.39218 4.39251 4.39264 4.39256 4.39226 4.39176 4.39105 4.39015 4.38906 4.38778 4.38634 4.38475 4.383 4.38113 4.37914 4.37706 4.37489 4.37265 4.37035 4.36803 4.36568 4.36332 4.36098 4.35866 4.35638 4.35414 4.35196 4.34986 4.34783 4.34589 4.34404 4.34229 4.34065 4.3391 4.33767 4.33634 4.33512 4.33401 4.333 4.3321 4.33129 4.33059 4.32998 4.32945 4.32902 4.32867 4.32839 4.32819 4.32806 4.32801 4.32801 4.32808 
4.32161 4.32181 4.32207 4.32241 4.32281 4.32328 4.32382 4.32443 4.32513 4.3259 4.32675 4.32769 4.32873 4.32985 4.33107 4.3324 4.33382 4.33536 4.33699 4.33874 4.34059 4.34255 4.34461 4.34676 4.34901 4.35135 4.35377 4.35625 4.3588 4.36139 4.36401 4.36666 4.36931 4.37195 4.37456 4.37713 4.37964 4.38208 4.38441 4.38664 4.38873 4.39068 4.39247 4.39409 4.39552 4.39675 4.39777 4.39858 4.39917 4.39953 4.39967 4.39957 4.39924 4.39869 4.39792 4.39693 4.39574 4.39435 4.39277 4.39103 4.38913 4.38708 4.38491 4.38263 4.38026 4.37781 4.3753 4.37275 4.37018 4.3676 4.36504 4.36249 4.35999 4.35753 4.35514 4.35283 4.3506 4.34846 4.34643 4.3445 4.34268 4.34097 4.33938 4.33791 4.33656 4.33532 4.3342 4.33319 4.33229 4.33149 4.3308 4.33021 4.32971 4.3293 4.32898 4.32874 4.32858 4.32849 4.32848 4.32854 
4.32211 4.32231 4.32259 4.32294 4.32336 4.32387 4.32446 4.32513 4.32588 4.32672 4.32766 4.3287 4.32983 4.33107 4.33242 4.33388 4.33546 4.33715 4.33896 4.34089 4.34293 4.34509 4.34737 4.34975 4.35223 4.35481 4.35747 4.36021 4.36301 4.36586 4.36875 4.37166 4.37457 4.37747 4.38034 4.38316 4.38591 4.38857 4.39113 4.39356 4.39585 4.39799 4.39994 4.40171 4.40327 4.40461 4.40573 4.40661 4.40725 4.40764 4.40778 4.40767 4.40731 4.4067 4.40585 4.40476 4.40345 4.40193 4.4002 4.39829 4.3962 4.39396 4.39157 4.38907 4.38646 4.38377 4.38102 4.37822 4.37539 4.37255 4.36973 4.36693 4.36416 4.36146 4.35882 4.35626 4.3538 4.35144 4.34918 4.34704 4.34502 4.34313 4.34136 4.33972 4.33821 4.33682 4.33557 4.33443 4.33342 4.33252 4.33173 4.33106 4.33049 4.33001 4.32964 4.32935 4.32915 4.32904 4.329 4.32905 
4.32266 4.32286 4.32315 4.32352 4.32398 4.32453 4.32517 4.3259 4.32672 4.32765 4.32869 4.32983 4.33108 4.33245 4.33395 4.33557 4.33731 4.33919 4.34119 4.34333 4.3456 4.34799 4.35051 4.35315 4.35589 4.35874 4.36169 4.36471 4.36781 4.37096 4.37414 4.37735 4.38056 4.38375 4.38691 4.39001 4.39303 4.39596 4.39877 4.40144 4.40395 4.40629 4.40843 4.41036 4.41207 4.41354 4.41476 4.41572 4.41642 4.41684 4.41699 4.41686 4.41646 4.41579 4.41485 4.41366 4.41221 4.41054 4.40864 4.40653 4.40423 4.40177 4.39914 4.39639 4.39352 4.39056 4.38752 4.38443 4.38132 4.37819 4.37506 4.37197 4.36892 4.36592 4.363 4.36017 4.35744 4.35482 4.35231 4.34993 4.34769 4.34557 4.3436 4.34177 4.34008 4.33853 4.33711 4.33584 4.33469 4.33367 4.33278 4.33201 4.33135 4.33081 4.33037 4.33003 4.32978 4.32963 4.32958 4.32961 
4.32326 4.32347 4.32377 4.32417 4.32466 4.32525 4.32595 4.32675 4.32766 4.32869 4.32983 4.33109 4.33248 4.334 4.33566 4.33746 4.33939 4.34148 4.34371 4.34608 4.3486 4.35125 4.35405 4.35697 4.36002 4.36317 4.36643 4.36978 4.3732 4.37668 4.3802 4.38374 4.38728 4.3908 4.39428 4.3977 4.40103 4.40425 4.40733 4.41027 4.41303 4.41559 4.41794 4.42006 4.42193 4.42354 4.42488 4.42593 4.42668 4.42714 4.4273 4.42716 4.42671 4.42597 4.42493 4.42362 4.42203 4.42018 4.41809 4.41577 4.41324 4.41052 4.40763 4.4046 4.40143 4.39817 4.39482 4.39141 4.38797 4.38451 4.38106 4.37763 4.37426 4.37094 4.3677 4.36456 4.36153 4.35862 4.35583 4.35318 4.35068 4.34832 4.34612 4.34407 4.34218 4.34043 4.33885 4.33741 4.33611 4.33496 4.33395 4.33307 4.33232 4.33168 4.33117 4.33077 4.33048 4.33029 4.3302 4.33022 
4.32391 4.32412 4.32444 4.32487 4.3254 4.32605 4.32681 4.32769 4.3287 4.32983 4.33109 4.33249 4.33403 4.33572 4.33756 4.33956 4.34171 4.34403 4.3465 4.34914 4.35194 4.35489 4.35799 4.36123 4.36461 4.36811 4.37172 4.37542 4.37921 4.38305 4.38694 4.39085 4.39476 4.39864 4.40247 4.40624 4.4099 4.41344 4.41684 4.42006 4.42309 4.42591 4.42848 4.43081 4.43286 4.43462 4.43608 4.43723 4.43805 4.43855 4.43872 4.43855 4.43806 4.43724 4.4361 4.43465 4.4329 4.43086 4.42856 4.42601 4.42322 4.42023 4.41705 4.4137 4.41021 4.40661 4.40292 4.39916 4.39535 4.39153 4.38772 4.38393 4.38019 4.37652 4.37293 4.36945 4.36608 4.36284 4.35974 4.3568 4.35401 4.35138 4.34892 4.34663 4.3445 4.34255 4.34077 4.33915 4.33769 4.33639 4.33524 4.33424 4.33337 4.33265 4.33205 4.33159 4.33124 4.33101 4.33089 4.33088 
4.32462 4.32484 4.32518 4.32563 4.32621 4.32692 4.32776 4.32873 4.32983 4.33108 4.33248 4.33403 4.33574 4.33762 4.33966 4.34188 4.34428 4.34685 4.3496 4.35252 4.35563 4.3589 4.36234 4.36593 4.36967 4.37355 4.37754 4.38164 4.38583 4.39007 4.39437 4.39868 4.40298 4.40726 4.41148 4.41562 4.41965 4.42355 4.42728 4.43082 4.43414 4.43723 4.44006 4.4426 4.44485 4.44677 4.44837 4.44962 4.45052 4.45106 4.45124 4.45106 4.45051 4.4496 4.44835 4.44675 4.44482 4.44259 4.44005 4.43725 4.43418 4.43089 4.42739 4.4237 4.41986 4.41589 4.41182 4.40767 4.40348 4.39926 4.39505 4.39086 4.38673 4.38266 4.37869 4.37483 4.37109 4.3675 4.36406 4.36078 4.35768 4.35475 4.352 4.34945 4.34707 4.34489 4.34289 4.34107 4.33942 4.33795 4.33665 4.33552 4.33454 4.3337 4.33302 4.33247 4.33206 4.33179 4.33163 4.3316 
4.32539 4.32562 4.32597 4.32646 4.32709 4.32787 4.32878 4.32985 4.33107 4.33245 4.334 4.33572 4.33762 4.3397 4.34197 4.34443 4.34709 4.34994 4.35299 4.35624 4.35968 4.3633 4.36711 4.37109 4.37523 4.37951 4.38393 4.38845 4.39307 4.39775 4.40248 4.40723 4.41197 4.41668 4.42132 4.42587 4.43029 4.43456 4.43865 4.44253 4.44618 4.44956 4.45265 4.45544 4.45789 4.46 4.46174 4.46311 4.46409 4.46467 4.46486 4.46465 4.46405 4.46305 4.46167 4.45992 4.4578 4.45535 4.45257 4.44948 4.44612 4.4425 4.43865 4.4346 4.43038 4.42602 4.42154 4.41697 4.41235 4.4077 4.40306 4.39844 4.39387 4.38938 4.38499 4.38072 4.37658 4.3726 4.36878 4.36515 4.3617 4.35844 4.35538 4.35253 4.34989 4.34744 4.3452 4.34316 4.34132 4.33967 4.3382 4.33691 4.3358 4.33485 4.33407 4.33344 4.33296 4.33263 4.33244 4.33239 
4.32623 4.32645 4.32683 4.32736 4.32805 4.32889 4.3299 4.33107 4.33242 4.33395 4.33566 4.33756 4.33966 4.34197 4.34448 4.34721 4.35015 4.35331 4.35669 4.36028 4.36409 4.3681 4.37231 4.3767 4.38127 4.386 4.39086 4.39585 4.40093 4.40609 4.41129 4.41651 4.42172 4.42688 4.43197 4.43696 4.44181 4.44649 4.45096 4.45521 4.45919 4.46289 4.46627 4.46931 4.47198 4.47428 4.47618 4.47767 4.47873 4.47937 4.47957 4.47933 4.47867 4.47757 4.47606 4.47413 4.47182 4.46913 4.46608 4.46271 4.45902 4.45506 4.45084 4.4464 4.44177 4.43698 4.43206 4.42704 4.42196 4.41685 4.41174 4.40666 4.40163 4.39668 4.39183 4.38712 4.38255 4.37815 4.37392 4.36989 4.36607 4.36246 4.35906 4.35589 4.35295 4.35022 4.34772 4.34544 4.34338 4.34153 4.33988 4.33843 4.33717 4.3361 4.33521 4.33449 4.33393 4.33354 4.33331 4.33323 
4.32712 4.32735 4.32776 4.32833 4.32908 4.33 4.33111 4.3324 4.33388 4.33557 4.33746 4.33956 4.34188 4.34443 4.34721 4.35022 4.35348 4.35697 4.3607 4.36467 4.36887 4.37329 4.37793 4.38277 4.3878 4.39301 4.39836 4.40384 4.40942 4.41508 4.42079 4.42651 4.43221 4.43787 4.44344 4.44889 4.45419 4.4593 4.46419 4.46882 4.47317 4.4772 4.48088 4.48419 4.4871 4.4896 4.49166 4.49328 4.49443 4.49512 4.49533 4.49507 4.49434 4.49314 4.49149 4.48939 4.48686 4.48392 4.48059 4.4769 4.47288 4.46854 4.46393 4.45908 4.45401 4.44876 4.44338 4.43788 4.43232 4.42671 4.4211 4.41552 4.40999 4.40455 4.39922 4.39403 4.38899 4.38414 4.37948 4.37503 4.3708 4.3668 4.36304 4.35953 4.35626 4.35323 4.35045 4.34791 4.34561 4.34354 4.34169 4.34007 4.33865 4.33744 4.33643 4.33561 4.33498 4.33452 4.33424 4.33414 
4.32808 4.32832 4.32875 4.32937 4.33019 4.33119 4.33241 4.33382 4.33546 4.33731 4.33939 4.34171 4.34428 4.34709 4.35015 4.35348 4.35706 4.36091 4.36502 4.36939 4.37401 4.37888 4.38398 4.38931 4.39483 4.40054 4.40641 4.41242 4.41853 4.42473 4.43097 4.43722 4.44346 4.44963 4.45571 4.46166 4.46743 4.473 4.47832 4.48336 4.48808 4.49246 4.49646 4.50006 4.50322 4.50593 4.50817 4.50992 4.51117 4.51191 4.51214 4.51185 4.51105 4.50974 4.50793 4.50565 4.50289 4.49969 4.49607 4.49205 4.48766 4.48294 4.47791 4.47262 4.46709 4.46137 4.45548 4.44948 4.4434 4.43727 4.43113 4.42501 4.41896 4.41299 4.40714 4.40144 4.39591 4.39057 4.38544 4.38054 4.37588 4.37148 4.36733 4.36344 4.35982 4.35647 4.35339 4.35057 4.34801 4.3457 4.34365 4.34183 4.34025 4.33889 4.33775 4.33682 4.3361 4.33558 4.33525 4.33511 
4.32911 4.32936 4.32982 4.33049 4.33137 4.33247 4.3338 4.33536 4.33715 4.33919 4.34148 4.34403 4.34685 4.34994 4.35331 4.35697 4.36091 4.36514 4.36966 4.37446 4.37953 4.38487 4.39046 4.39629 4.40234 4.40859 4.41501 4.42157 4.42825 4.43501 4.44182 4.44863 4.45542 4.46215 4.46876 4.47522 4.4815 4.48754 4.49332 4.49879 4.50391 4.50866 4.51299 4.51688 4.52031 4.52324 4.52566 4.52755 4.5289 4.52969 4.52993 4.52961 4.52874 4.52732 4.52536 4.52288 4.51989 4.51641 4.51248 4.50812 4.50335 4.49822 4.49276 4.487 4.48099 4.47476 4.46836 4.46182 4.45519 4.44851 4.44181 4.43513 4.42852 4.422 4.4156 4.40936 4.4033 4.39745 4.39183 4.38645 4.38133 4.37648 4.37191 4.36763 4.36364 4.35994 4.35654 4.35342 4.35058 4.34803 4.34574 4.34372 4.34195 4.34044 4.33916 4.33812 4.3373 4.33671 4.33633 4.33616 
4.3302 4.33047 4.33096 4.33168 4.33264 4.33384 4.33529 4.33699 4.33896 4.34119 4.34371 4.3465 4.3496 4.35299 4.35669 4.3607 4.36502 4.36966 4.37461 4.37986 4.38541 4.39125 4.39736 4.40373 4.41033 4.41715 4.42414 4.43129 4.43856 4.44592 4.45332 4.46073 4.4681 4.47539 4.48256 4.48957 4.49637 4.50291 4.50916 4.51508 4.52061 4.52574 4.53042 4.53462 4.53831 4.54148 4.54408 4.54612 4.54757 4.54842 4.54868 4.54833 4.54738 4.54584 4.54372 4.54103 4.5378 4.53404 4.52979 4.52506 4.51991 4.51435 4.50843 4.5022 4.49568 4.48892 4.48197 4.47488 4.46767 4.46041 4.45312 4.44586 4.43866 4.43155 4.42458 4.41777 4.41116 4.40476 4.39861 4.39272 4.38712 4.3818 4.37679 4.37209 4.36771 4.36364 4.35989 4.35645 4.35333 4.3505 4.34797 4.34574 4.34378 4.34209 4.34067 4.3395 4.33858 4.33791 4.33747 4.33727 
4.33137 4.33164 4.33217 4.33295 4.33399 4.3353 4.33688 4.33874 4.34089 4.34333 4.34608 4.34914 4.35252 4.35624 4.36028 4.36467 4.36939 4.37446 4.37986 4.38559 4.39165 4.39801 4.40467 4.4116 4.41879 4.4262 4.4338 4.44156 4.44945 4.45743 4.46545 4.47347 4.48145 4.48934 4.49709 4.50466 4.512 4.51906 4.5258 4.53217 4.53814 4.54366 4.5487 4.55322 4.55719 4.56059 4.56339 4.56558 4.56714 4.56805 4.56832 4.56794 4.56691 4.56525 4.56296 4.56007 4.55658 4.55253 4.54794 4.54285 4.53728 4.53129 4.5249 4.51816 4.51112 4.50381 4.4963 4.48862 4.48082 4.47295 4.46505 4.45717 4.44936 4.44164 4.43406 4.42666 4.41946 4.4125 4.40579 4.39937 4.39325 4.38745 4.38197 4.37683 4.37203 4.36757 4.36346 4.35968 4.35624 4.35313 4.35035 4.34788 4.34571 4.34384 4.34227 4.34097 4.33994 4.33919 4.33869 4.33845 
4.33261 4.33289 4.33345 4.33429 4.33542 4.33685 4.33857 4.34059 4.34293 4.3456 4.3486 4.35194 4.35563 4.35968 4.36409 4.36887 4.37401 4.37953 4.38541 4.39165 4.39823 4.40515 4.41238 4.4199 4.42769 4.43572 4.44395 4.45236 4.46089 4.46951 4.47817 4.48683 4.49544 4.50394 4.5123 4.52045 4.52834 4.53594 4.54319 4.55003 4.55644 4.56237 4.56777 4.57262 4.57688 4.58052 4.58352 4.58587 4.58753 4.58851 4.58879 4.58838 4.58727 4.58549 4.58303 4.57991 4.57617 4.57181 4.56688 4.56141 4.55542 4.54897 4.5421 4.53485 4.52726 4.5194 4.5113 4.50301 4.4946 4.4861 4.47756 4.46905 4.46059 4.45224 4.44403 4.436 4.4282 4.42064 4.41336 4.40638 4.39972 4.3934 4.38743 4.38183 4.37659 4.37172 4.36722 4.36309 4.35932 4.35592 4.35286 4.35014 4.34776 4.3457 4.34396 4.34252 4.34139 4.34054 4.33998 4.33971 
4.33391 4.33421 4.33481 4.33572 4.33694 4.33848 4.34035 4.34255 4.34509 4.34799 4.35125 4.35489 4.3589 4.3633 4.3681 4.37329 4.37888 4.38487 4.39125 4.39801 4.40515 4.41264 4.42046 4.4286 4.43702 4.44569 4.45458 4.46365 4.47285 4.48213 4.49146 4.50077 4.51003 4.51917 4.52813 4.53688 4.54535 4.5535 4.56126 4.56859 4.57545 4.58179 4.58758 4.59276 4.59731 4.6012 4.6044 4.6069 4.60868 4.60971 4.61001 4.60957 4.60838 4.60647 4.60384 4.6005 4.59649 4.59183 4.58655 4.58068 4.57427 4.56736 4.55999 4.55221 4.54407 4.53562 4.52691 4.51801 4.50896 4.49981 4.49062 4.48145 4.47233 4.46331 4.45445 4.44578 4.43734 4.42917 4.42129 4.41372 4.40651 4.39965 4.39317 4.38708 4.38138 4.37608 4.37118 4.36668 4.36257 4.35885 4.3555 4.35253 4.34992 4.34766 4.34575 4.34416 4.34291 4.34197 4.34134 4.34103 
4.33528 4.33559 4.33623 4.33721 4.33853 4.3402 4.34222 4.34461 4.34737 4.35051 4.35405 4.35799 4.36234 4.36711 4.37231 4.37793 4.38398 4.39046 4.39736 4.40467 4.41238 4.42046 4.42891 4.43768 4.44675 4.45609 4.46565 4.4754 4.48528 4.49525 4.50526 4.51525 4.52516 4.53495 4.54455 4.55391 4.56296 4.57166 4.57996 4.58779 4.5951 4.60187 4.60803 4.61355 4.6184 4.62254 4.62595 4.62861 4.63049 4.6316 4.63191 4.63143 4.63017 4.62812 4.62531 4.62176 4.61748 4.6125 4.60687 4.6006 4.59376 4.58637 4.57849 4.57017 4.56146 4.55242 4.5431 4.53356 4.52386 4.51405 4.50419 4.49433 4.48453 4.47484 4.4653 4.45597 4.44688 4.43806 4.42956 4.42139 4.41359 4.40618 4.39917 4.39257 4.3864 4.38065 4.37533 4.37044 4.36597 4.36192 4.35828 4.35504 4.35219 4.34972 4.34762 4.34589 4.34451 4.34347 4.34278 4.34242 
4.33672 4.33705 4.33773 4.33878 4.3402 4.342 4.34419 4.34676 4.34975 4.35315 4.35697 4.36123 4.36593 4.37109 4.3767 4.38277 4.38931 4.39629 4.40373 4.4116 4.4199 4.4286 4.43768 4.44711 4.45685 4.46687 4.47712 4.48757 4.49815 4.50882 4.51952 4.5302 4.54079 4.55124 4.56148 4.57146 4.58111 4.59037 4.5992 4.60753 4.61531 4.6225 4.62905 4.63491 4.64006 4.64446 4.64808 4.65089 4.65289 4.65406 4.65439 4.65388 4.65253 4.65036 4.64737 4.64359 4.63904 4.63375 4.62775 4.62109 4.6138 4.60594 4.59754 4.58868 4.57939 4.56975 4.5598 4.54961 4.53924 4.52875 4.51821 4.50766 4.49716 4.48677 4.47655 4.46653 4.45676 4.44729 4.43814 4.42936 4.42096 4.41297 4.40541 4.39829 4.39162 4.38541 4.37966 4.37436 4.36952 4.36513 4.36117 4.35765 4.35455 4.35187 4.34958 4.34769 4.34618 4.34504 4.34428 4.34388 
4.33823 4.33856 4.33929 4.34042 4.34195 4.34388 4.34624 4.34901 4.35223 4.35589 4.36002 4.36461 4.36967 4.37523 4.38127 4.3878 4.39483 4.40234 4.41033 4.41879 4.42769 4.43702 4.44675 4.45685 4.46728 4.47799 4.48895 4.50011 4.51141 4.52279 4.5342 4.54557 4.55685 4.56797 4.57886 4.58946 4.59971 4.60955 4.61891 4.62775 4.636 4.64361 4.65055 4.65676 4.66221 4.66686 4.67068 4.67366 4.67577 4.67701 4.67735 4.67681 4.67538 4.67307 4.66991 4.6659 4.66108 4.65547 4.64912 4.64205 4.63432 4.62597 4.61706 4.60765 4.59778 4.58752 4.57694 4.5661 4.55505 4.54388 4.53263 4.52137 4.51017 4.49907 4.48814 4.47742 4.46697 4.45682 4.44702 4.4376 4.42858 4.42 4.41188 4.40422 4.39704 4.39035 4.38415 4.37843 4.37321 4.36846 4.36419 4.36038 4.35702 4.35411 4.35163 4.34957 4.34792 4.34668 4.34584 4.3454 
4.33979 4.34014 4.34092 4.34212 4.34376 4.34584 4.34836 4.35135 4.35481 4.35874 4.36317 4.36811 4.37355 4.37951 4.386 4.39301 4.40054 4.40859 4.41715 4.4262 4.43572 4.44569 4.45609 4.46687 4.47799 4.48942 4.5011 4.51298 4.525 4.5371 4.54923 4.5613 4.57327 4.58506 4.59661 4.60784 4.61869 4.6291 4.639 4.64834 4.65706 4.66511 4.67243 4.67898 4.68473 4.68964 4.69367 4.69681 4.69903 4.70033 4.70069 4.70012 4.69861 4.69617 4.69283 4.6886 4.68351 4.67758 4.67087 4.6634 4.65522 4.64639 4.63697 4.62699 4.61654 4.60567 4.59445 4.58295 4.57122 4.55935 4.54739 4.53542 4.5235 4.51168 4.50003 4.48861 4.47745 4.46662 4.45615 4.44607 4.43643 4.42725 4.41854 4.41033 4.40263 4.39545 4.38878 4.38264 4.37702 4.37191 4.3673 4.3632 4.35957 4.35643 4.35374 4.35152 4.34973 4.34839 4.34747 4.34698 
4.3414 4.34177 4.3426 4.34389 4.34564 4.34786 4.35057 4.35377 4.35747 4.36169 4.36643 4.37172 4.37754 4.38393 4.39086 4.39836 4.40641 4.41501 4.42414 4.4338 4.44395 4.45458 4.46565 4.47712 4.48895 4.5011 4.5135 4.52611 4.53886 4.55169 4.56453 4.57732 4.58998 4.60245 4.61465 4.62651 4.63796 4.64894 4.65938 4.66923 4.67841 4.68688 4.69459 4.70148 4.70753 4.71269 4.71693 4.72023 4.72257 4.72393 4.7243 4.7237 4.72211 4.71955 4.71603 4.71157 4.70621 4.69998 4.6929 4.68503 4.67642 4.66711 4.65716 4.64664 4.6356 4.62412 4.61225 4.60008 4.58768 4.57511 4.56244 4.54975 4.5371 4.52455 4.51218 4.50004 4.48817 4.47664 4.46549 4.45476 4.44447 4.43467 4.42538 4.4166 4.40837 4.40068 4.39355 4.38697 4.38094 4.37546 4.37052 4.3661 4.36221 4.35882 4.35593 4.35353 4.3516 4.35015 4.34915 4.34861 
4.34307 4.34346 4.34433 4.3457 4.34757 4.34994 4.35283 4.35625 4.36021 4.36471 4.36978 4.37542 4.38164 4.38845 4.39585 4.40384 4.41242 4.42157 4.43129 4.44156 4.45236 4.46365 4.4754 4.48757 4.50011 4.51298 4.52611 4.53945 4.55293 4.56649 4.58005 4.59355 4.6069 4.62004 4.63289 4.64538 4.65743 4.66898 4.67996 4.6903 4.69994 4.70883 4.71692 4.72415 4.73049 4.7359 4.74035 4.7438 4.74625 4.74768 4.74807 4.74743 4.74577 4.74308 4.73939 4.73471 4.72909 4.72254 4.71511 4.70685 4.69779 4.68801 4.67755 4.66648 4.65486 4.64276 4.63026 4.61743 4.60435 4.59107 4.5777 4.56428 4.5509 4.53763 4.52453 4.51166 4.49908 4.48685 4.47501 4.46361 4.45268 4.44225 4.43236 4.42301 4.41424 4.40604 4.39843 4.3914 4.38496 4.3791 4.37381 4.36908 4.36491 4.36128 4.35818 4.3556 4.35353 4.35196 4.35088 4.3503 
4.34477 4.34518 4.34611 4.34756 4.34955 4.35208 4.35516 4.3588 4.36301 4.36781 4.3732 4.37921 4.38583 4.39307 4.40093 4.40942 4.41853 4.42825 4.43856 4.44945 4.46089 4.47285 4.48528 4.49815 4.51141 4.525 4.53886 4.55293 4.56714 4.58143 4.59571 4.6099 4.62395 4.63775 4.65125 4.66436 4.677 4.68911 4.70061 4.71145 4.72155 4.73085 4.73931 4.74688 4.75351 4.75916 4.76381 4.76742 4.76998 4.77147 4.77188 4.77121 4.76946 4.76665 4.76279 4.75791 4.75202 4.74517 4.73739 4.72874 4.71926 4.709 4.69803 4.68642 4.67423 4.66153 4.6484 4.63491 4.62114 4.60718 4.59309 4.57895 4.56485 4.55085 4.53701 4.52342 4.51013 4.49719 4.48466 4.47258 4.461 4.44995 4.43945 4.42953 4.42021 4.4115 4.4034 4.39592 4.38906 4.38281 4.37717 4.37213 4.36767 4.36379 4.36048 4.35771 4.3555 4.35381 4.35266 4.35202 
4.34652 4.34694 4.34792 4.34946 4.35157 4.35425 4.35752 4.36139 4.36586 4.37096 4.37668 4.38305 4.39007 4.39775 4.40609 4.41508 4.42473 4.43501 4.44592 4.45743 4.46951 4.48213 4.49525 4.50882 4.52279 4.5371 4.55169 4.56649 4.58143 4.59643 4.61142 4.62631 4.64103 4.6555 4.66963 4.68335 4.69658 4.70924 4.72126 4.73257 4.74312 4.75283 4.76166 4.76955 4.77646 4.78235 4.78719 4.79096 4.79362 4.79517 4.7956 4.7949 4.79308 4.79016 4.78613 4.78104 4.7749 4.76775 4.75963 4.7506 4.74069 4.72998 4.71851 4.70637 4.69361 4.68031 4.66656 4.65242 4.63799 4.62333 4.60854 4.59369 4.57886 4.56414 4.54958 4.53526 4.52126 4.50761 4.49439 4.48164 4.46941 4.45772 4.44662 4.43612 4.42625 4.41702 4.40843 4.4005 4.39321 4.38658 4.38058 4.37522 4.37048 4.36635 4.36281 4.35987 4.3575 4.3557 4.35447 4.35378 
4.34828 4.34873 4.34976 4.35139 4.35362 4.35646 4.35992 4.36401 4.36875 4.37414 4.3802 4.38694 4.39437 4.40248 4.41129 4.42079 4.43097 4.44182 4.45332 4.46545 4.47817 4.49146 4.50526 4.51952 4.5342 4.54923 4.56453 4.58005 4.59571 4.61142 4.6271 4.64268 4.65807 4.67319 4.68795 4.70226 4.71606 4.72926 4.74178 4.75357 4.76454 4.77465 4.78384 4.79204 4.79923 4.80536 4.81039 4.8143 4.81707 4.81868 4.81912 4.8184 4.81651 4.81346 4.80928 4.80398 4.7976 4.79016 4.78172 4.77231 4.762 4.75083 4.73888 4.72622 4.71291 4.69903 4.68466 4.66989 4.65479 4.63946 4.62397 4.60842 4.59288 4.57743 4.56216 4.54713 4.53241 4.51807 4.50416 4.49074 4.47785 4.46554 4.45383 4.44275 4.43233 4.42258 4.4135 4.40511 4.39741 4.39038 4.38403 4.37835 4.37332 4.36893 4.36518 4.36205 4.35953 4.35762 4.3563 4.35557 
4.35007 4.35053 4.35162 4.35334 4.35569 4.35869 4.36234 4.36666 4.37166 4.37735 4.38374 4.39085 4.39868 4.40723 4.41651 4.42651 4.43722 4.44863 4.46073 4.47347 4.48683 4.50077 4.51525 4.5302 4.54557 4.5613 4.57732 4.59355 4.6099 4.62631 4.64268 4.65894 4.67498 4.69073 4.70609 4.72099 4.73534 4.74906 4.76208 4.77432 4.78572 4.79621 4.80574 4.81425 4.8217 4.82805 4.83327 4.83732 4.84019 4.84186 4.84232 4.84157 4.83962 4.83646 4.83212 4.82663 4.82001 4.8123 4.80354 4.79377 4.78306 4.77146 4.75904 4.74587 4.73202 4.71757 4.7026 4.68721 4.67147 4.65547 4.63931 4.62306 4.60682 4.59067 4.57468 4.55895 4.54353 4.52849 4.51391 4.49982 4.48629 4.47335 4.46104 4.44939 4.43842 4.42815 4.41859 4.40974 4.40162 4.3942 4.38749 4.38149 4.37617 4.37154 4.36757 4.36425 4.36158 4.35955 4.35815 4.35737 
4.35186 4.35234 4.35349 4.35529 4.35777 4.36092 4.36476 4.36931 4.37457 4.38056 4.38728 4.39476 4.40298 4.41197 4.42172 4.43221 4.44346 4.45542 4.4681 4.48145 4.49544 4.51003 4.52516 4.54079 4.55685 4.57327 4.58998 4.6069 4.62395 4.64103 4.65807 4.67498 4.69166 4.70802 4.72397 4.73944 4.75433 4.76855 4.78204 4.79473 4.80653 4.81739 4.82725 4.83605 4.84376 4.85033 4.85572 4.85991 4.86288 4.86461 4.86508 4.86431 4.86229 4.85903 4.85455 4.84887 4.84202 4.83404 4.82497 4.81486 4.80377 4.79175 4.77887 4.76521 4.75084 4.73584 4.7203 4.7043 4.68793 4.67129 4.65446 4.63754 4.62061 4.60377 4.58709 4.57066 4.55455 4.53884 4.52358 4.50885 4.49468 4.48112 4.46822 4.456 4.44449 4.43371 4.42366 4.41436 4.40582 4.39801 4.39096 4.38463 4.37903 4.37414 4.36995 4.36646 4.36364 4.36149 4.36001 4.35918 
4.35365 4.35415 4.35535 4.35724 4.35984 4.36315 4.36718 4.37195 4.37747 4.38375 4.3908 4.39864 4.40726 4.41668 4.42688 4.43787 4.44963 4.46215 4.47539 4.48934 4.50394 4.51917 4.53495 4.55124 4.56797 4.58506 4.60245 4.62004 4.63775 4.6555 4.67319 4.69073 4.70802 4.72497 4.7415 4.75751 4.77291 4.78763 4.80157 4.81468 4.82687 4.83808 4.84826 4.85735 4.8653 4.87207 4.87763 4.88196 4.88502 4.8868 4.88729 4.88649 4.88441 4.88105 4.87643 4.87057 4.86351 4.85528 4.84592 4.83548 4.82402 4.8116 4.79828 4.78415 4.76928 4.75375 4.73765 4.72106 4.70409 4.68682 4.66935 4.65177 4.63418 4.61666 4.59931 4.5822 4.56542 4.54904 4.53313 4.51775 4.50296 4.4888 4.47532 4.46254 4.4505 4.43921 4.42869 4.41895 4.40998 4.4018 4.39439 4.38775 4.38187 4.37673 4.37233 4.36865 4.36569 4.36343 4.36186 4.36099 
4.35542 4.35595 4.3572 4.35917 4.36189 4.36535 4.36957 4.37456 4.38034 4.38691 4.39428 4.40247 4.41148 4.42132 4.43197 4.44344 4.45571 4.46876 4.48256 4.49709 4.5123 4.52813 4.54455 4.56148 4.57886 4.59661 4.61465 4.63289 4.65125 4.66963 4.68795 4.70609 4.72397 4.7415 4.75857 4.7751 4.791 4.80618 4.82056 4.83407 4.84663 4.85818 4.86866 4.87801 4.8862 4.89317 4.89889 4.90334 4.90649 4.90832 4.90883 4.90801 4.90587 4.90242 4.89767 4.89165 4.88438 4.8759 4.86627 4.85551 4.8437 4.8309 4.81717 4.80259 4.78724 4.7712 4.75456 4.73741 4.71986 4.70198 4.68389 4.66568 4.64744 4.62927 4.61126 4.5935 4.57607 4.55905 4.5425 4.5265 4.5111 4.49635 4.48229 4.46897 4.45641 4.44462 4.43364 4.42346 4.41409 4.40554 4.39779 4.39084 4.38468 4.3793 4.37468 4.37083 4.36772 4.36534 4.3637 4.36278 
4.35717 4.35771 4.35902 4.36108 4.36391 4.36752 4.37193 4.37713 4.38316 4.39001 4.3977 4.40624 4.41562 4.42587 4.43696 4.44889 4.46166 4.47522 4.48957 4.50466 4.52045 4.53688 4.55391 4.57146 4.58946 4.60784 4.62651 4.64538 4.66436 4.68335 4.70226 4.72099 4.73944 4.75751 4.7751 4.79213 4.8085 4.82412 4.83891 4.8528 4.86571 4.87758 4.88835 4.89796 4.90636 4.91352 4.91939 4.92396 4.92719 4.92907 4.9296 4.92876 4.92657 4.92303 4.91815 4.91197 4.90451 4.89581 4.88591 4.87486 4.86272 4.84956 4.83543 4.82042 4.80462 4.78809 4.77094 4.75326 4.73514 4.71669 4.69801 4.67919 4.66033 4.64153 4.62289 4.6045 4.58644 4.56879 4.55163 4.53502 4.51903 4.50371 4.48911 4.47525 4.46218 4.44992 4.43848 4.42788 4.41812 4.4092 4.40112 4.39386 4.38743 4.38181 4.377 4.37297 4.36971 4.36723 4.36551 4.36455 
4.35888 4.35944 4.3608 4.36294 4.36589 4.36965 4.37423 4.37964 4.38591 4.39303 4.40103 4.4099 4.41965 4.43029 4.44181 4.45419 4.46743 4.4815 4.49637 4.512 4.52834 4.54535 4.56296 4.58111 4.59971 4.61869 4.63796 4.65743 4.677 4.69658 4.71606 4.73534 4.75433 4.77291 4.791 4.8085 4.82531 4.84135 4.85653 4.87078 4.88402 4.89619 4.90722 4.91707 4.92568 4.93301 4.93903 4.94371 4.94702 4.94895 4.94949 4.94864 4.94639 4.94277 4.93778 4.93145 4.92382 4.9149 4.90476 4.89343 4.88098 4.86747 4.85297 4.83756 4.82132 4.80434 4.7867 4.76851 4.74987 4.73087 4.71162 4.69222 4.67277 4.65337 4.63413 4.61513 4.59647 4.57822 4.56047 4.54328 4.52673 4.51085 4.49572 4.48135 4.46779 4.45507 4.44319 4.43218 4.42204 4.41276 4.40436 4.39681 4.39012 4.38427 4.37925 4.37505 4.37166 4.36908 4.36728 4.36627 
4.36054 4.36112 4.36252 4.36475 4.3678 4.3717 4.37646 4.38208 4.38857 4.39596 4.40425 4.41344 4.42355 4.43456 4.44649 4.4593 4.473 4.48754 4.50291 4.51906 4.53594 4.5535 4.57166 4.59037 4.60955 4.6291 4.64894 4.66898 4.68911 4.70924 4.72926 4.74906 4.76855 4.78763 4.80618 4.82412 4.84135 4.85778 4.87333 4.88791 4.90146 4.91391 4.9252 4.93527 4.94407 4.95156 4.95771 4.96249 4.96588 4.96786 4.96841 4.96754 4.96525 4.96156 4.95646 4.95 4.94219 4.93308 4.92271 4.91112 4.89838 4.88455 4.86971 4.85392 4.83727 4.81986 4.80176 4.78309 4.76395 4.74443 4.72464 4.70469 4.68468 4.66472 4.6449 4.62533 4.60609 4.58727 4.56896 4.55122 4.53412 4.51772 4.50208 4.48723 4.4732 4.46003 4.44774 4.43633 4.42582 4.41621 4.40749 4.39967 4.39272 4.38665 4.38144 4.37708 4.37356 4.37087 4.369 4.36795 
4.36214 4.36274 4.36419 4.36649 4.36965 4.37368 4.3786 4.38441 4.39113 4.39877 4.40733 4.41684 4.42728 4.43865 4.45096 4.46419 4.47832 4.49332 4.50916 4.5258 4.54319 4.56126 4.57996 4.5992 4.61891 4.639 4.65938 4.67996 4.70061 4.72126 4.74178 4.76208 4.78204 4.80157 4.82056 4.83891 4.85653 4.87333 4.88921 4.90411 4.91795 4.93066 4.94218 4.95245 4.96143 4.96908 4.97535 4.98023 4.98368 4.9857 4.98627 4.98539 4.98306 4.97929 4.9741 4.96751 4.95955 4.95026 4.93967 4.92785 4.91484 4.90071 4.88554 4.8694 4.85238 4.83456 4.81604 4.79692 4.77731 4.7573 4.73701 4.71654 4.69601 4.67551 4.65515 4.63504 4.61525 4.5959 4.57705 4.55879 4.54118 4.52428 4.50815 4.49284 4.47837 4.46478 4.45208 4.4403 4.42944 4.41951 4.41049 4.4024 4.39522 4.38893 4.38354 4.37902 4.37537 4.37259 4.37065 4.36956 
4.36367 4.36428 4.36577 4.36815 4.37141 4.37557 4.38064 4.38664 4.39356 4.40144 4.41027 4.42006 4.43082 4.44253 4.45521 4.46882 4.48336 4.49879 4.51508 4.53217 4.55003 4.56859 4.58779 4.60753 4.62775 4.64834 4.66923 4.6903 4.71145 4.73257 4.75357 4.77432 4.79473 4.81468 4.83407 4.8528 4.87078 4.88791 4.90411 4.9193 4.9334 4.94635 4.95809 4.96855 4.97769 4.98548 4.99187 4.99683 5.00035 5.00241 5.00299 5.0021 4.99973 4.9959 4.99062 4.98391 4.97581 4.96635 4.95557 4.94352 4.93027 4.91587 4.9004 4.88393 4.86656 4.84837 4.82945 4.80992 4.78987 4.76941 4.74865 4.7277 4.70668 4.68568 4.66482 4.64419 4.6239 4.60404 4.58469 4.56594 4.54785 4.53048 4.5139 4.49815 4.48326 4.46927 4.4562 4.44407 4.43288 4.42264 4.41335 4.405 4.39759 4.3911 4.38554 4.38087 4.37711 4.37423 4.37223 4.3711 
4.36511 4.36574 4.36727 4.36971 4.37307 4.37735 4.38256 4.38873 4.39585 4.40395 4.41303 4.42309 4.43414 4.44618 4.45919 4.47317 4.48808 4.50391 4.52061 4.53814 4.55644 4.57545 4.5951 4.61531 4.636 4.65706 4.67841 4.69994 4.72155 4.74312 4.76454 4.78572 4.80653 4.82687 4.84663 4.86571 4.88402 4.90146 4.91795 4.9334 4.94775 4.96092 4.97284 4.98348 4.99277 5.00069 5.00718 5.01223 5.0158 5.01789 5.01849 5.01759 5.01519 5.0113 5.00594 4.99913 4.9909 4.98128 4.97033 4.95808 4.9446 4.92995 4.9142 4.89744 4.87975 4.86121 4.84193 4.82202 4.80157 4.78069 4.7595 4.73811 4.71662 4.69516 4.67383 4.65274 4.63198 4.61165 4.59184 4.57263 4.55409 4.53629 4.51928 4.50312 4.48785 4.47349 4.46006 4.4476 4.4361 4.42558 4.41603 4.40744 4.39982 4.39315 4.38742 4.38262 4.37874 4.37577 4.37371 4.37255 
4.36645 4.3671 4.36867 4.37117 4.37461 4.37901 4.38436 4.39068 4.39799 4.40629 4.41559 4.42591 4.43723 4.44956 4.46289 4.4772 4.49246 4.50866 4.52574 4.54366 4.56237 4.58179 4.60187 4.6225 4.64361 4.66511 4.68688 4.70883 4.73085 4.75283 4.77465 4.79621 4.81739 4.83808 4.85818 4.87758 4.89619 4.91391 4.93066 4.94635 4.96092 4.97428 4.98639 4.99718 5.00661 5.01463 5.02122 5.02634 5.02997 5.03209 5.0327 5.03179 5.02936 5.02542 5.01999 5.01309 5.00474 4.99499 4.98387 4.97144 4.95776 4.94288 4.92689 4.90985 4.89187 4.87302 4.85342 4.83315 4.81233 4.79108 4.76949 4.74769 4.7258 4.70391 4.68216 4.66063 4.63944 4.61868 4.59844 4.57881 4.55986 4.54166 4.52427 4.50773 4.49209 4.47739 4.46365 4.45088 4.4391 4.42831 4.41852 4.40972 4.4019 4.39505 4.38917 4.38425 4.38026 4.37722 4.3751 4.3739 
4.36769 4.36835 4.36995 4.37252 4.37604 4.38053 4.386 4.39247 4.39994 4.40843 4.41794 4.42848 4.44006 4.45265 4.46627 4.48088 4.49646 4.51299 4.53042 4.5487 4.56777 4.58758 4.60803 4.62905 4.65055 4.67243 4.69459 4.71692 4.73931 4.76166 4.78384 4.80574 4.82725 4.84826 4.86866 4.88835 4.90722 4.9252 4.94218 4.95809 4.97284 4.98639 4.99865 5.00958 5.01913 5.02726 5.03393 5.03912 5.04279 5.04495 5.04557 5.04465 5.04219 5.03821 5.03271 5.02572 5.01727 5.0074 4.99614 4.98355 4.96968 4.9546 4.93839 4.92111 4.90287 4.88374 4.86384 4.84326 4.82211 4.80051 4.77857 4.75641 4.73414 4.71187 4.68973 4.66781 4.64623 4.62508 4.60446 4.58445 4.56512 4.54656 4.52881 4.51194 4.49598 4.48096 4.46692 4.45388 4.44184 4.43081 4.4208 4.4118 4.4038 4.3968 4.39078 4.38574 4.38166 4.37854 4.37638 4.37515 
4.3688 4.36948 4.37112 4.37373 4.37732 4.38191 4.38749 4.39409 4.40171 4.41036 4.42006 4.43081 4.4426 4.45544 4.46931 4.48419 4.50006 4.51688 4.53462 4.55322 4.57262 4.59276 4.61355 4.63491 4.65676 4.67898 4.70148 4.72415 4.74688 4.76955 4.79204 4.81425 4.83605 4.85735 4.87801 4.89796 4.91707 4.93527 4.95245 4.96855 4.98348 4.99718 5.00958 5.02064 5.03029 5.03851 5.04526 5.0505 5.05422 5.0564 5.05703 5.0561 5.05362 5.0496 5.04405 5.03699 5.02845 5.01846 5.00708 4.99435 4.98032 4.96506 4.94865 4.93116 4.91268 4.89331 4.87314 4.85229 4.83085 4.80895 4.78669 4.7642 4.7416 4.71899 4.69651 4.67424 4.65231 4.63082 4.60985 4.5895 4.56985 4.55096 4.5329 4.51572 4.49946 4.48417 4.46987 4.45658 4.44431 4.43307 4.42286 4.41368 4.40552 4.39837 4.39223 4.38709 4.38293 4.37975 4.37753 4.37628 
4.3698 4.37048 4.37215 4.37481 4.37846 4.38313 4.38881 4.39552 4.40327 4.41207 4.42193 4.43286 4.44485 4.45789 4.47198 4.4871 4.50322 4.52031 4.53831 4.55719 4.57688 4.59731 4.6184 4.64006 4.66221 4.68473 4.70753 4.73049 4.75351 4.77646 4.79923 4.8217 4.84376 4.8653 4.8862 4.90636 4.92568 4.94407 4.96143 4.97769 4.99277 5.00661 5.01913 5.03029 5.04004 5.04834 5.05515 5.06044 5.0642 5.0664 5.06703 5.0661 5.0636 5.05955 5.05395 5.04682 5.03821 5.02813 5.01664 5.00378 4.98961 4.9742 4.95762 4.93995 4.92127 4.90168 4.88129 4.86019 4.8385 4.81633 4.7938 4.77103 4.74814 4.72524 4.70245 4.67988 4.65765 4.63585 4.61459 4.59394 4.57399 4.55482 4.53648 4.51904 4.50253 4.487 4.47246 4.45895 4.44648 4.43505 4.42467 4.41533 4.40704 4.39977 4.39352 4.38829 4.38405 4.38081 4.37855 4.37728 
4.37066 4.37135 4.37304 4.37574 4.37945 4.38418 4.38994 4.39675 4.40461 4.41354 4.42354 4.43462 4.44677 4.46 4.47428 4.4896 4.50593 4.52324 4.54148 4.56059 4.58052 4.6012 4.62254 4.64446 4.66686 4.68964 4.71269 4.7359 4.75916 4.78235 4.80536 4.82805 4.85033 4.87207 4.89317 4.91352 4.93301 4.95156 4.96908 4.98548 5.00069 5.01463 5.02726 5.03851 5.04834 5.0567 5.06357 5.0689 5.07269 5.07491 5.07555 5.07462 5.0721 5.06801 5.06237 5.0552 5.04652 5.03636 5.02478 5.01181 4.99753 4.98199 4.96526 4.94743 4.92858 4.90881 4.88823 4.86692 4.84502 4.82263 4.79986 4.77685 4.75371 4.73056 4.70752 4.6847 4.66221 4.64015 4.61863 4.59773 4.57754 4.55813 4.53956 4.52188 4.50516 4.48942 4.47469 4.46099 4.44835 4.43676 4.42623 4.41676 4.40834 4.40097 4.39463 4.38932 4.38502 4.38173 4.37944 4.37815 
4.37137 4.37208 4.37379 4.37652 4.38027 4.38506 4.39089 4.39777 4.40573 4.41476 4.42488 4.43608 4.44837 4.46174 4.47618 4.49166 4.50817 4.52566 4.54408 4.56339 4.58352 4.6044 4.62595 4.64808 4.67068 4.69367 4.71693 4.74035 4.76381 4.78719 4.81039 4.83327 4.85572 4.87763 4.89889 4.91939 4.93903 4.95771 4.97535 4.99187 5.00718 5.02122 5.03393 5.04526 5.05515 5.06357 5.07047 5.07585 5.07966 5.08189 5.08254 5.0816 5.07907 5.07496 5.06929 5.06207 5.05333 5.04311 5.03146 5.01841 5.00402 4.98837 4.97153 4.95357 4.93459 4.91467 4.89392 4.87245 4.85037 4.8278 4.80484 4.78164 4.7583 4.73494 4.71169 4.68866 4.66596 4.64369 4.62196 4.60086 4.58046 4.56085 4.54209 4.52423 4.50733 4.49142 4.47653 4.46268 4.44989 4.43818 4.42753 4.41795 4.40943 4.40197 4.39555 4.39018 4.38583 4.3825 4.38018 4.37887 
4.37195 4.37265 4.37438 4.37713 4.38092 4.38575 4.39163 4.39858 4.40661 4.41572 4.42593 4.43723 4.44962 4.46311 4.47767 4.49328 4.50992 4.52755 4.54612 4.56558 4.58587 4.6069 4.62861 4.65089 4.67366 4.69681 4.72023 4.7438 4.76742 4.79096 4.8143 4.83732 4.85991 4.88196 4.90334 4.92396 4.94371 4.96249 4.98023 4.99683 5.01223 5.02634 5.03912 5.0505 5.06044 5.0689 5.07585 5.08124 5.08507 5.08732 5.08798 5.08703 5.08449 5.08037 5.07467 5.06741 5.05863 5.04836 5.03665 5.02353 5.00907 4.99334 4.9764 4.95834 4.93925 4.91922 4.89835 4.87675 4.85453 4.83181 4.80871 4.78536 4.76186 4.73834 4.71493 4.69174 4.66888 4.64645 4.62456 4.60329 4.58274 4.56298 4.54407 4.52607 4.50902 4.49298 4.47797 4.464 4.45111 4.43929 4.42854 4.41888 4.41028 4.40276 4.39628 4.39086 4.38647 4.38311 4.38077 4.37944 
4.37236 4.37308 4.37482 4.37759 4.3814 4.38626 4.39218 4.39917 4.40725 4.41642 4.42668 4.43805 4.45052 4.46409 4.47873 4.49443 4.51117 4.5289 4.54757 4.56714 4.58753 4.60868 4.63049 4.65289 4.67577 4.69903 4.72257 4.74625 4.76998 4.79362 4.81707 4.84019 4.86288 4.88502 4.90649 4.92719 4.94702 4.96588 4.98368 5.00035 5.0158 5.02997 5.04279 5.05422 5.0642 5.07269 5.07966 5.08507 5.08892 5.09118 5.09183 5.09089 5.08834 5.0842 5.07848 5.0712 5.06239 5.05208 5.04032 5.02716 5.01265 4.99685 4.97985 4.96172 4.94255 4.92244 4.90148 4.87979 4.85747 4.83466 4.81145 4.78799 4.76438 4.74075 4.71723 4.69392 4.67094 4.6484 4.6264 4.60502 4.58436 4.56449 4.54547 4.52737 4.51024 4.4941 4.479 4.46495 4.45198 4.44009 4.42928 4.41955 4.4109 4.40333 4.39681 4.39135 4.38693 4.38355 4.3812 4.37986 
4.37263 4.37334 4.37509 4.37787 4.38169 4.38657 4.39251 4.39953 4.40764 4.41684 4.42714 4.43855 4.45106 4.46467 4.47937 4.49512 4.51191 4.52969 4.54842 4.56805 4.58851 4.60971 4.6316 4.65406 4.67701 4.70033 4.72393 4.74768 4.77147 4.79517 4.81868 4.84186 4.86461 4.8868 4.90832 4.92907 4.94895 4.96786 4.9857 5.00241 5.01789 5.03209 5.04495 5.0564 5.0664 5.07491 5.08189 5.08732 5.09118 5.09344 5.0941 5.09315 5.0906 5.08645 5.08072 5.07342 5.06459 5.05426 5.04248 5.02928 5.01474 4.9989 4.98186 4.96369 4.94447 4.92431 4.9033 4.88155 4.85918 4.83631 4.81304 4.78951 4.76584 4.74215 4.71856 4.69519 4.67215 4.64954 4.62747 4.60603 4.58531 4.56538 4.5463 4.52814 4.51095 4.49476 4.47961 4.46552 4.4525 4.44057 4.42972 4.41996 4.41128 4.40368 4.39714 4.39166 4.38723 4.38383 4.38147 4.38013 
