2.60624 2.60648 2.60673 2.60698 2.60722 2.60746 2.6077 2.60793 2.60815 2.60837 2.60859 2.60881 2.60903 2.60924 2.60946 2.60969 2.60993 2.61018 2.61044 2.61073 2.61103 2.61136 2.61171 2.6121 2.61251 2.61296 2.61344 2.61396 2.61451 2.61509 2.61569 2.61633 2.61699 2.61767 2.61836 2.61906 2.61977 2.62047 2.62116 2.62183 2.62248 2.62309 2.62367 2.62419 2.62467 2.62509 2.62544 2.62573 2.62594 2.62608 2.62615 2.62614 2.62605 2.62588 2.62565 2.62534 2.62497 2.62454 2.62405 2.62351 2.62293 2.62232 2.62168 2.62101 2.62033 2.61965 2.61896 2.61828 2.61761 2.61696 2.61633 2.61573 2.61516 2.61462 2.61412 2.61365 2.61323 2.61284 2.6125 2.61219 2.61193 2.61171 2.61153 2.61138 2.61128 2.61121 2.61117 2.61117 2.6112 2.61126 2.61135 2.61146 2.6116 2.61176 2.61194 2.61213 2.61234 2.61257 2.6128 2.61304 
2.60648 2.60673 2.60698 2.60722 2.60747 2.60771 2.60794 2.60817 2.6084 2.60862 2.60884 2.60905 2.60927 2.60949 2.60971 2.60994 2.61017 2.61042 2.61069 2.61097 2.61128 2.61161 2.61197 2.61236 2.61278 2.61324 2.61372 2.61425 2.6148 2.61539 2.61601 2.61666 2.61733 2.61802 2.61873 2.61944 2.62016 2.62088 2.62158 2.62227 2.62293 2.62355 2.62414 2.62468 2.62517 2.62559 2.62595 2.62625 2.62647 2.62661 2.62667 2.62666 2.62657 2.6264 2.62616 2.62585 2.62547 2.62503 2.62453 2.62398 2.62339 2.62276 2.62211 2.62143 2.62074 2.62004 2.61934 2.61864 2.61796 2.6173 2.61666 2.61605 2.61546 2.61492 2.6144 2.61393 2.6135 2.61311 2.61276 2.61245 2.61219 2.61196 2.61178 2.61163 2.61152 2.61145 2.61142 2.61142 2.61145 2.61151 2.61159 2.61171 2.61185 2.61201 2.61218 2.61238 2.61259 2.61281 2.61304 2.61328 
2.60673 2.60698 2.60722 2.60747 2.60771 2.60795 2.60819 2.60842 2.60865 2.60887 2.6091 2.60932 2.60954 2.60976 2.60999 2.61022 2.61047 2.61073 2.61101 2.61131 2.61163 2.61198 2.61236 2.61278 2.61322 2.61371 2.61423 2.61478 2.61538 2.61601 2.61667 2.61736 2.61807 2.61881 2.61957 2.62033 2.6211 2.62186 2.62261 2.62334 2.62404 2.62471 2.62533 2.62591 2.62643 2.62688 2.62726 2.62757 2.62781 2.62796 2.62803 2.62801 2.62791 2.62773 2.62747 2.62714 2.62673 2.62626 2.62573 2.62514 2.62451 2.62384 2.62314 2.62242 2.62168 2.62094 2.62019 2.61945 2.61872 2.61801 2.61733 2.61668 2.61606 2.61547 2.61493 2.61442 2.61396 2.61354 2.61317 2.61284 2.61255 2.61231 2.61211 2.61195 2.61183 2.61175 2.61171 2.6117 2.61172 2.61177 2.61186 2.61197 2.6121 2.61226 2.61244 2.61263 2.61284 2.61306 2.61329 2.61353 
2.60698 2.60722 2.60747 2.60772 2.60796 2.6082 2.60844 2.60868 2.60891 2.60914 2.60937 2.60959 2.60982 2.61006 2.6103 2.61055 2.61082 2.6111 2.6114 2.61173 2.61209 2.61247 2.61289 2.61335 2.61385 2.61439 2.61496 2.61558 2.61624 2.61694 2.61768 2.61844 2.61924 2.62006 2.62089 2.62174 2.62259 2.62343 2.62426 2.62507 2.62585 2.62658 2.62727 2.62791 2.62848 2.62898 2.6294 2.62974 2.62999 2.63016 2.63023 2.63021 2.6301 2.6299 2.62961 2.62924 2.62879 2.62827 2.62768 2.62703 2.62633 2.62559 2.62481 2.62401 2.62319 2.62236 2.62154 2.62071 2.61991 2.61912 2.61836 2.61764 2.61695 2.6163 2.61569 2.61513 2.61461 2.61414 2.61372 2.61335 2.61303 2.61275 2.61252 2.61234 2.6122 2.6121 2.61203 2.61201 2.61202 2.61206 2.61214 2.61224 2.61237 2.61252 2.61269 2.61288 2.61309 2.61331 2.61354 2.61378 
2.60722 2.60747 2.60771 2.60796 2.60821 2.60845 2.6087 2.60894 2.60918 2.60941 2.60965 2.60989 2.61013 2.61039 2.61065 2.61092 2.61122 2.61153 2.61188 2.61225 2.61265 2.61309 2.61357 2.6141 2.61467 2.61528 2.61595 2.61666 2.61741 2.61821 2.61906 2.61994 2.62085 2.62178 2.62274 2.6237 2.62467 2.62563 2.62658 2.6275 2.62838 2.62922 2.63 2.63071 2.63136 2.63192 2.6324 2.63278 2.63307 2.63325 2.63333 2.6333 2.63318 2.63294 2.63261 2.63219 2.63168 2.63108 2.63041 2.62967 2.62887 2.62803 2.62714 2.62623 2.62529 2.62435 2.6234 2.62247 2.62154 2.62065 2.61978 2.61895 2.61815 2.61741 2.61671 2.61606 2.61547 2.61493 2.61444 2.61401 2.61363 2.6133 2.61303 2.6128 2.61263 2.61249 2.61241 2.61236 2.61235 2.61238 2.61244 2.61253 2.61265 2.61279 2.61296 2.61314 2.61334 2.61356 2.61379 2.61402 
2.60746 2.60771 2.60795 2.6082 2.60845 2.6087 2.60895 2.6092 2.60945 2.6097 2.60995 2.61021 2.61047 2.61075 2.61104 2.61135 2.61168 2.61204 2.61243 2.61286 2.61333 2.61385 2.61441 2.61503 2.6157 2.61642 2.6172 2.61803 2.61892 2.61986 2.62084 2.62187 2.62293 2.62402 2.62514 2.62626 2.62739 2.6285 2.6296 2.63066 2.63169 2.63265 2.63356 2.63439 2.63513 2.63578 2.63632 2.63676 2.63709 2.6373 2.63738 2.63735 2.6372 2.63693 2.63654 2.63605 2.63545 2.63475 2.63397 2.63312 2.63219 2.63121 2.63018 2.62912 2.62803 2.62693 2.62583 2.62474 2.62366 2.62262 2.6216 2.62063 2.6197 2.61882 2.618 2.61724 2.61654 2.6159 2.61533 2.61481 2.61436 2.61396 2.61363 2.61335 2.61312 2.61295 2.61283 2.61275 2.61271 2.61271 2.61275 2.61283 2.61293 2.61307 2.61322 2.6134 2.61359 2.61381 2.61403 2.61426 
2.6077 2.60794 2.60819 2.60844 2.6087 2.60895 2.60921 2.60947 2.60973 2.60999 2.61026 2.61054 2.61083 2.61114 2.61147 2.61182 2.61221 2.61263 2.61309 2.6136 2.61415 2.61476 2.61543 2.61616 2.61696 2.61782 2.61874 2.61973 2.62079 2.6219 2.62307 2.62428 2.62554 2.62683 2.62814 2.62947 2.63079 2.6321 2.63339 2.63464 2.63584 2.63697 2.63802 2.63899 2.63985 2.64061 2.64124 2.64175 2.64213 2.64236 2.64246 2.64242 2.64224 2.64191 2.64146 2.64088 2.64017 2.63936 2.63844 2.63743 2.63634 2.63519 2.63398 2.63273 2.63145 2.63016 2.62886 2.62758 2.62631 2.62507 2.62387 2.62272 2.62162 2.62058 2.6196 2.61869 2.61786 2.61709 2.6164 2.61578 2.61523 2.61475 2.61433 2.61398 2.6137 2.61347 2.6133 2.61318 2.6131 2.61308 2.61309 2.61314 2.61323 2.61335 2.61349 2.61366 2.61385 2.61405 2.61427 2.6145 
2.60793 2.60817 2.60842 2.60868 2.60894 2.6092 2.60947 2.60974 2.61001 2.6103 2.61059 2.6109 2.61123 2.61158 2.61195 2.61236 2.61281 2.61331 2.61385 2.61446 2.61512 2.61585 2.61665 2.61753 2.61848 2.61951 2.62062 2.6218 2.62306 2.62439 2.62578 2.62723 2.62873 2.63026 2.63181 2.63338 2.63495 2.6365 2.63802 2.63949 2.64089 2.64223 2.64346 2.6446 2.64561 2.64649 2.64724 2.64783 2.64826 2.64854 2.64865 2.64859 2.64837 2.64799 2.64745 2.64676 2.64593 2.64496 2.64388 2.64269 2.64141 2.64004 2.63861 2.63714 2.63562 2.63409 2.63256 2.63103 2.62952 2.62805 2.62663 2.62525 2.62394 2.6227 2.62153 2.62045 2.61944 2.61852 2.61768 2.61692 2.61625 2.61566 2.61515 2.61472 2.61435 2.61406 2.61382 2.61365 2.61353 2.61347 2.61345 2.61348 2.61354 2.61364 2.61376 2.61392 2.6141 2.61429 2.61451 2.61473 
2.60815 2.6084 2.60865 2.60891 2.60918 2.60945 2.60973 2.61001 2.61031 2.61062 2.61094 2.61129 2.61166 2.61206 2.6125 2.61298 2.61351 2.61409 2.61474 2.61546 2.61626 2.61713 2.6181 2.61915 2.62029 2.62153 2.62286 2.62428 2.62579 2.62737 2.62904 2.63076 2.63254 2.63436 2.63621 2.63807 2.63993 2.64176 2.64355 2.64529 2.64695 2.64851 2.64997 2.6513 2.65249 2.65352 2.65439 2.65508 2.65559 2.6559 2.65603 2.65595 2.65569 2.65523 2.65459 2.65378 2.65279 2.65166 2.65038 2.64897 2.64745 2.64584 2.64415 2.6424 2.64061 2.6388 2.63697 2.63516 2.63337 2.63162 2.62992 2.62828 2.62672 2.62523 2.62383 2.62253 2.62132 2.6202 2.61919 2.61828 2.61746 2.61674 2.6161 2.61556 2.6151 2.61472 2.61442 2.61418 2.61401 2.6139 2.61384 2.61383 2.61386 2.61394 2.61404 2.61418 2.61435 2.61454 2.61474 2.61496 
2.60837 2.60862 2.60887 2.60914 2.60941 2.6097 2.60999 2.6103 2.61062 2.61096 2.61132 2.61171 2.61213 2.61259 2.6131 2.61367 2.6143 2.615 2.61577 2.61663 2.61759 2.61864 2.61979 2.62106 2.62243 2.62391 2.62551 2.62721 2.62901 2.6309 2.63289 2.63494 2.63706 2.63922 2.64141 2.64361 2.6458 2.64797 2.65008 2.65212 2.65408 2.65592 2.65763 2.65918 2.66058 2.66178 2.6628 2.6636 2.66419 2.66455 2.66469 2.6646 2.66428 2.66374 2.66299 2.66202 2.66086 2.65952 2.65801 2.65635 2.65456 2.65266 2.65067 2.6486 2.64648 2.64434 2.64218 2.64003 2.63791 2.63583 2.6338 2.63185 2.62999 2.62821 2.62654 2.62498 2.62352 2.62218 2.62096 2.61985 2.61886 2.61798 2.6172 2.61653 2.61596 2.61548 2.61508 2.61477 2.61453 2.61436 2.61425 2.6142 2.6142 2.61425 2.61433 2.61445 2.6146 2.61478 2.61497 2.61519 
2.60859 2.60884 2.6091 2.60937 2.60965 2.60995 2.61026 2.61059 2.61094 2.61132 2.61172 2.61217 2.61266 2.61319 2.61379 2.61446 2.6152 2.61604 2.61696 2.61799 2.61913 2.6204 2.62178 2.62329 2.62494 2.62671 2.62861 2.63064 2.63278 2.63504 2.63739 2.63983 2.64234 2.64489 2.64748 2.65007 2.65266 2.6552 2.65769 2.66008 2.66237 2.66453 2.66652 2.66834 2.66997 2.67138 2.67255 2.67349 2.67417 2.67459 2.67474 2.67463 2.67425 2.67362 2.67272 2.67159 2.67023 2.66865 2.66688 2.66493 2.66283 2.66059 2.65825 2.65581 2.65332 2.65079 2.64824 2.6457 2.64319 2.64073 2.63834 2.63602 2.6338 2.63169 2.6297 2.62783 2.62609 2.62449 2.62302 2.62169 2.62049 2.61941 2.61847 2.61765 2.61694 2.61634 2.61584 2.61543 2.61511 2.61487 2.61471 2.61461 2.61456 2.61457 2.61463 2.61472 2.61486 2.61502 2.6152 2.61541 
2.60881 2.60905 2.60932 2.60959 2.60989 2.61021 2.61054 2.6109 2.61129 2.61171 2.61217 2.61268 2.61324 2.61387 2.61457 2.61536 2.61624 2.61723 2.61834 2.61957 2.62093 2.62243 2.62409 2.62589 2.62785 2.62996 2.63222 2.63463 2.63717 2.63984 2.64262 2.6455 2.64845 2.65146 2.6545 2.65754 2.66057 2.66355 2.66645 2.66925 2.67192 2.67443 2.67676 2.67887 2.68076 2.68239 2.68375 2.68483 2.68562 2.6861 2.68627 2.68613 2.68569 2.68494 2.6839 2.68257 2.68098 2.67914 2.67707 2.67479 2.67233 2.66972 2.66697 2.66412 2.6612 2.65823 2.65524 2.65226 2.6493 2.6464 2.64357 2.64084 2.63822 2.63572 2.63336 2.63114 2.62907 2.62715 2.6254 2.6238 2.62236 2.62107 2.61992 2.61892 2.61805 2.61731 2.61668 2.61617 2.61576 2.61544 2.6152 2.61504 2.61495 2.61492 2.61494 2.61501 2.61511 2.61526 2.61543 2.61563 
2.60903 2.60927 2.60954 2.60982 2.61013 2.61047 2.61083 2.61123 2.61166 2.61213 2.61266 2.61324 2.61389 2.61463 2.61546 2.61639 2.61743 2.6186 2.61992 2.62138 2.623 2.62479 2.62675 2.62889 2.63121 2.63371 2.63638 2.63922 2.64222 2.64536 2.64863 2.65201 2.65547 2.65899 2.66254 2.6661 2.66962 2.67309 2.67647 2.67972 2.68281 2.68572 2.68841 2.69085 2.69303 2.69491 2.69648 2.69772 2.69862 2.69917 2.69936 2.69919 2.69867 2.6978 2.69658 2.69505 2.6932 2.69106 2.68866 2.68601 2.68315 2.68011 2.67692 2.6736 2.6702 2.66673 2.66324 2.65975 2.65629 2.6529 2.64958 2.64637 2.64329 2.64034 2.63755 2.63493 2.63249 2.63022 2.62813 2.62623 2.62451 2.62296 2.62158 2.62037 2.61932 2.61841 2.61764 2.617 2.61648 2.61606 2.61574 2.61551 2.61536 2.61528 2.61526 2.6153 2.61538 2.61551 2.61566 2.61586 
2.60924 2.60949 2.60976 2.61006 2.61039 2.61075 2.61114 2.61158 2.61206 2.61259 2.61319 2.61387 2.61463 2.61549 2.61646 2.61755 2.61879 2.62017 2.62173 2.62346 2.62537 2.62749 2.62981 2.63233 2.63507 2.63801 2.64115 2.64448 2.648 2.65167 2.65549 2.65943 2.66346 2.66756 2.67168 2.6758 2.67989 2.6839 2.6878 2.69155 2.69511 2.69846 2.70155 2.70436 2.70685 2.70901 2.71081 2.71223 2.71325 2.71387 2.71409 2.71389 2.71328 2.71227 2.71087 2.70909 2.70696 2.7045 2.70172 2.69867 2.69537 2.69186 2.68816 2.68432 2.68038 2.67636 2.67231 2.66826 2.66424 2.66028 2.65641 2.65267 2.64906 2.64561 2.64234 2.63927 2.63639 2.63371 2.63125 2.629 2.62696 2.62512 2.62348 2.62203 2.62076 2.61966 2.61873 2.61794 2.61728 2.61676 2.61634 2.61603 2.61581 2.61568 2.61561 2.61561 2.61566 2.61576 2.6159 2.61608 
2.60946 2.60971 2.60999 2.6103 2.61065 2.61104 2.61147 2.61195 2.6125 2.6131 2.61379 2.61457 2.61546 2.61646 2.61759 2.61888 2.62033 2.62197 2.62379 2.62583 2.62809 2.63057 2.6333 2.63626 2.63946 2.6429 2.64657 2.65046 2.65455 2.65883 2.66326 2.66782 2.67249 2.67722 2.68198 2.68673 2.69143 2.69604 2.70052 2.70481 2.7089 2.71272 2.71626 2.71946 2.7223 2.72476 2.72681 2.72842 2.72958 2.73028 2.73051 2.73028 2.72958 2.72842 2.72681 2.72478 2.72234 2.71951 2.71633 2.71283 2.70905 2.70501 2.70077 2.69636 2.69182 2.68719 2.68251 2.67784 2.67319 2.66861 2.66413 2.65978 2.65559 2.65158 2.64777 2.64418 2.64081 2.63768 2.63479 2.63214 2.62974 2.62757 2.62562 2.6239 2.62239 2.62107 2.61994 2.61899 2.61819 2.61753 2.61701 2.6166 2.61631 2.6161 2.61598 2.61593 2.61595 2.61602 2.61614 2.61631 
2.60969 2.60994 2.61022 2.61055 2.61092 2.61135 2.61182 2.61236 2.61298 2.61367 2.61446 2.61536 2.61639 2.61755 2.61888 2.62039 2.62209 2.624 2.62614 2.62853 2.63117 2.63407 2.63725 2.64071 2.64444 2.64844 2.6527 2.6572 2.66194 2.66687 2.67199 2.67724 2.68261 2.68804 2.6935 2.69894 2.70431 2.70957 2.71467 2.71957 2.72421 2.72856 2.73257 2.7362 2.73943 2.74221 2.74452 2.74633 2.74764 2.74843 2.74868 2.74841 2.74761 2.74628 2.74446 2.74214 2.73936 2.73615 2.73253 2.72855 2.72423 2.71963 2.71479 2.70975 2.70456 2.69926 2.69391 2.68854 2.6832 2.67793 2.67278 2.66776 2.66292 2.65829 2.65387 2.64971 2.6458 2.64216 2.63879 2.6357 2.63288 2.63033 2.62805 2.62602 2.62423 2.62266 2.62131 2.62016 2.6192 2.61839 2.61775 2.61723 2.61684 2.61656 2.61638 2.61628 2.61625 2.61629 2.61639 2.61655 
2.60993 2.61017 2.61047 2.61082 2.61122 2.61168 2.61221 2.61281 2.61351 2.6143 2.6152 2.61624 2.61743 2.61879 2.62033 2.62209 2.62407 2.6263 2.62879 2.63157 2.63464 2.63802 2.64171 2.64571 2.65003 2.65465 2.65956 2.66475 2.6702 2.67586 2.68172 2.68774 2.69387 2.70006 2.70628 2.71246 2.71857 2.72453 2.73031 2.73585 2.7411 2.746 2.75053 2.75462 2.75824 2.76137 2.76396 2.766 2.76746 2.76834 2.76862 2.7683 2.76739 2.76589 2.76383 2.76121 2.75807 2.75444 2.75035 2.74584 2.74096 2.73575 2.73026 2.72454 2.71865 2.71262 2.70653 2.70041 2.69432 2.6883 2.6824 2.67665 2.6711 2.66577 2.6607 2.65589 2.65138 2.64717 2.64327 2.63968 2.63641 2.63344 2.63077 2.62839 2.62629 2.62445 2.62285 2.62148 2.62032 2.61936 2.61856 2.61793 2.61744 2.61707 2.61681 2.61665 2.61658 2.61659 2.61666 2.61679 
2.61018 2.61042 2.61073 2.6111 2.61153 2.61204 2.61263 2.61331 2.61409 2.615 2.61604 2.61723 2.6186 2.62017 2.62197 2.624 2.6263 2.62889 2.63178 2.63499 2.63855 2.64245 2.6467 2.65131 2.65627 2.66158 2.66721 2.67315 2.67937 2.68583 2.6925 2.69934 2.7063 2.71332 2.72035 2.72734 2.73423 2.74095 2.74745 2.75368 2.75956 2.76507 2.77013 2.77471 2.77876 2.78225 2.78514 2.78741 2.78904 2.79001 2.79031 2.78995 2.78892 2.78724 2.78492 2.78199 2.77847 2.77439 2.7698 2.76474 2.75925 2.75339 2.74721 2.74076 2.73411 2.7273 2.72041 2.71348 2.70657 2.69974 2.69303 2.68649 2.68016 2.67408 2.66827 2.66277 2.65759 2.65275 2.64826 2.64413 2.64034 2.63691 2.63381 2.63105 2.6286 2.62644 2.62457 2.62295 2.62158 2.62042 2.61947 2.6187 2.61809 2.61762 2.61728 2.61706 2.61693 2.61689 2.61694 2.61705 
2.61044 2.61069 2.61101 2.6114 2.61188 2.61243 2.61309 2.61385 2.61474 2.61577 2.61696 2.61834 2.61992 2.62173 2.62379 2.62614 2.62879 2.63178 2.63511 2.63881 2.6429 2.64737 2.65225 2.65753 2.6632 2.66925 2.67566 2.68242 2.68947 2.6968 2.70435 2.71207 2.71992 2.72782 2.73573 2.74358 2.75129 2.75882 2.76609 2.77304 2.7796 2.78573 2.79136 2.79645 2.80095 2.80482 2.80803 2.81054 2.81234 2.81341 2.81374 2.81333 2.81218 2.81031 2.80772 2.80445 2.80053 2.79599 2.79087 2.78522 2.77909 2.77254 2.76563 2.75841 2.75095 2.74331 2.73556 2.72777 2.71999 2.71228 2.70469 2.69729 2.69012 2.68322 2.67662 2.67036 2.66446 2.65893 2.65379 2.64905 2.64471 2.64076 2.63719 2.634 2.63116 2.62866 2.62647 2.62459 2.62297 2.62161 2.62047 2.61955 2.6188 2.61823 2.61779 2.61749 2.61731 2.61723 2.61724 2.61733 
2.61073 2.61097 2.61131 2.61173 2.61225 2.61286 2.6136 2.61446 2.61546 2.61663 2.61799 2.61957 2.62138 2.62346 2.62583 2.62853 2.63157 2.63499 2.63881 2.64305 2.64771 2.65282 2.65838 2.66438 2.67082 2.67769 2.68495 2.69258 2.70054 2.70879 2.71728 2.72594 2.73473 2.74358 2.75241 2.76116 2.76976 2.77813 2.7862 2.79391 2.80118 2.80796 2.81419 2.81981 2.82477 2.82904 2.83257 2.83533 2.83731 2.83848 2.83884 2.83837 2.8371 2.83502 2.83217 2.82855 2.82421 2.81918 2.81352 2.80726 2.80046 2.79319 2.7855 2.77747 2.76916 2.76064 2.75199 2.74327 2.73456 2.72592 2.7174 2.70908 2.701 2.69322 2.68576 2.67868 2.67199 2.66572 2.65988 2.65448 2.64953 2.64501 2.64093 2.63726 2.634 2.63111 2.62859 2.6264 2.62452 2.62292 2.62158 2.62048 2.61959 2.61889 2.61836 2.61797 2.61772 2.61758 2.61756 2.61763 
2.61103 2.61128 2.61163 2.61209 2.61265 2.61333 2.61415 2.61512 2.61626 2.61759 2.61913 2.62093 2.623 2.62537 2.62809 2.63117 2.63464 2.63855 2.6429 2.64771 2.65302 2.65881 2.66511 2.6719 2.67917 2.6869 2.69507 2.70364 2.71256 2.7218 2.73128 2.74095 2.75074 2.76057 2.77037 2.78007 2.78958 2.79883 2.80774 2.81624 2.82424 2.8317 2.83854 2.8447 2.85015 2.85482 2.85868 2.8617 2.86386 2.86513 2.86551 2.865 2.8636 2.86131 2.85817 2.8542 2.84943 2.84391 2.83767 2.83078 2.82329 2.81527 2.80678 2.7979 2.7887 2.77927 2.76967 2.75998 2.75028 2.74065 2.73115 2.72185 2.71281 2.70408 2.69571 2.68774 2.68021 2.67314 2.66654 2.66043 2.65481 2.64968 2.64503 2.64085 2.63712 2.63381 2.63091 2.62839 2.62621 2.62436 2.6228 2.62151 2.62046 2.61962 2.61897 2.61849 2.61816 2.61797 2.6179 2.61795 
2.61136 2.61161 2.61198 2.61247 2.61309 2.61385 2.61476 2.61585 2.61713 2.61864 2.6204 2.62243 2.62479 2.62749 2.63057 2.63407 2.63802 2.64245 2.64737 2.65282 2.65881 2.66535 2.67244 2.68007 2.68823 2.69689 2.70602 2.71559 2.72553 2.73581 2.74634 2.75706 2.76789 2.77875 2.78957 2.80025 2.81071 2.82087 2.83064 2.83994 2.8487 2.85685 2.86431 2.87103 2.87696 2.88204 2.88624 2.88952 2.89186 2.89324 2.89365 2.89308 2.89155 2.88906 2.88564 2.8813 2.8761 2.87006 2.86325 2.85571 2.84751 2.83872 2.8294 2.81965 2.80953 2.79914 2.78855 2.77786 2.76713 2.75646 2.74592 2.73559 2.72553 2.7158 2.70646 2.69755 2.68912 2.68118 2.67377 2.66689 2.66056 2.65477 2.64951 2.64477 2.64053 2.63677 2.63346 2.63057 2.62808 2.62594 2.62414 2.62264 2.6214 2.62041 2.61964 2.61906 2.61865 2.61839 2.61828 2.61829 
2.61171 2.61197 2.61236 2.61289 2.61357 2.61441 2.61543 2.61665 2.6181 2.61979 2.62178 2.62409 2.62675 2.62981 2.6333 2.63725 2.64171 2.6467 2.65225 2.65838 2.66511 2.67244 2.68037 2.6889 2.698 2.70764 2.7178 2.72841 2.73943 2.75079 2.76241 2.77423 2.78614 2.79808 2.80994 2.82163 2.83306 2.84415 2.8548 2.86492 2.87444 2.88329 2.89138 2.89867 2.90508 2.91058 2.91511 2.91866 2.92118 2.92267 2.9231 2.92249 2.92082 2.91812 2.91441 2.90971 2.90407 2.89752 2.89012 2.88193 2.87301 2.86343 2.85328 2.84263 2.83157 2.82019 2.80859 2.79684 2.78505 2.7733 2.76168 2.75027 2.73914 2.72836 2.71799 2.70809 2.6987 2.68985 2.68157 2.67388 2.66678 2.66028 2.65437 2.64903 2.64424 2.63999 2.63623 2.63295 2.63011 2.62767 2.6256 2.62387 2.62244 2.62128 2.62037 2.61967 2.61917 2.61885 2.61868 2.61866 
2.6121 2.61236 2.61278 2.61335 2.6141 2.61503 2.61616 2.61753 2.61915 2.62106 2.62329 2.62589 2.62889 2.63233 2.63626 2.64071 2.64571 2.65131 2.65753 2.66438 2.6719 2.68007 2.6889 2.69837 2.70846 2.71915 2.73037 2.74208 2.75421 2.7667 2.77946 2.7924 2.80543 2.81846 2.83138 2.84411 2.85653 2.86856 2.8801 2.89105 2.90134 2.91088 2.91961 2.92745 2.93435 2.94026 2.94513 2.94894 2.95164 2.95323 2.9537 2.95303 2.95124 2.94833 2.94433 2.93928 2.9332 2.92614 2.91815 2.9093 2.89966 2.88929 2.87829 2.86673 2.85472 2.84234 2.82969 2.81687 2.80399 2.79112 2.77838 2.76585 2.7536 2.74173 2.73029 2.71934 2.70895 2.69913 2.68994 2.68138 2.67347 2.66621 2.6596 2.65362 2.64825 2.64346 2.63923 2.63553 2.63231 2.62954 2.62718 2.6252 2.62356 2.62222 2.62116 2.62034 2.61974 2.61934 2.61912 2.61907 
2.61251 2.61278 2.61322 2.61385 2.61467 2.6157 2.61696 2.61848 2.62029 2.62243 2.62494 2.62785 2.63121 2.63507 2.63946 2.64444 2.65003 2.65627 2.6632 2.67082 2.67917 2.68823 2.698 2.70846 2.7196 2.73136 2.74369 2.75654 2.76983 2.78347 2.79739 2.81149 2.82566 2.8398 2.85381 2.86758 2.881 2.89397 2.90639 2.91817 2.92923 2.93946 2.94881 2.95721 2.96459 2.9709 2.97611 2.98017 2.98305 2.98474 2.98523 2.98452 2.9826 2.97949 2.97522 2.96981 2.9633 2.95574 2.94717 2.93767 2.92731 2.91616 2.9043 2.89184 2.87886 2.86547 2.85176 2.83785 2.82385 2.80984 2.79595 2.78226 2.76887 2.75586 2.74331 2.73128 2.71983 2.70901 2.69885 2.68938 2.68062 2.67256 2.66521 2.65854 2.65255 2.6472 2.64246 2.6383 2.63468 2.63156 2.62889 2.62664 2.62477 2.62324 2.62201 2.62106 2.62035 2.61987 2.61959 2.6195 
2.61296 2.61324 2.61371 2.61439 2.61528 2.61642 2.61782 2.61951 2.62153 2.62391 2.62671 2.62996 2.63371 2.63801 2.6429 2.64844 2.65465 2.66158 2.66925 2.67769 2.6869 2.69689 2.70764 2.71915 2.73136 2.74423 2.75771 2.77173 2.7862 2.80104 2.81614 2.83141 2.84673 2.862 2.87709 2.8919 2.90632 2.92023 2.93353 2.94613 2.95793 2.96885 2.97881 2.98774 2.99559 3.0023 3.00782 3.01213 3.01519 3.01698 3.0175 3.01674 3.0147 3.0114 3.00686 3.00111 2.99418 2.98613 2.977 2.96686 2.95579 2.94386 2.93117 2.9178 2.90386 2.88945 2.87468 2.85968 2.84454 2.82938 2.81431 2.79945 2.78488 2.7707 2.75699 2.74384 2.73131 2.71944 2.70828 2.69786 2.6882 2.6793 2.67117 2.66379 2.65714 2.65119 2.64592 2.64128 2.63722 2.63372 2.63072 2.62819 2.62607 2.62433 2.62293 2.62183 2.62101 2.62044 2.6201 2.61997 
2.61344 2.61372 2.61423 2.61496 2.61595 2.6172 2.61874 2.62062 2.62286 2.62551 2.62861 2.63222 2.63638 2.64115 2.64657 2.6527 2.65956 2.66721 2.67566 2.68495 2.69507 2.70602 2.7178 2.73037 2.74369 2.75771 2.77237 2.78758 2.80325 2.81929 2.83559 2.85204 2.86852 2.88491 2.90108 2.91693 2.93233 2.94716 2.96133 2.97472 2.98726 2.99884 3.00939 3.01885 3.02714 3.03423 3.04006 3.0446 3.04783 3.04972 3.05027 3.04946 3.04731 3.04383 3.03903 3.03295 3.02563 3.0171 3.00743 2.99668 2.98492 2.97223 2.95871 2.94445 2.92956 2.91414 2.89832 2.88222 2.86594 2.84962 2.83337 2.81731 2.80154 2.78617 2.77129 2.75699 2.74333 2.73038 2.71819 2.70678 2.69619 2.68642 2.67747 2.66934 2.662 2.65543 2.64959 2.64443 2.63993 2.63603 2.63268 2.62984 2.62746 2.6255 2.62391 2.62266 2.62172 2.62105 2.62064 2.62047 
2.61396 2.61425 2.61478 2.61558 2.61666 2.61803 2.61973 2.6218 2.62428 2.62721 2.63064 2.63463 2.63922 2.64448 2.65046 2.6572 2.66475 2.67315 2.68242 2.69258 2.70364 2.71559 2.72841 2.74208 2.75654 2.77173 2.78758 2.80399 2.82088 2.83813 2.85564 2.87326 2.89089 2.90839 2.92563 2.9425 2.95886 2.97459 2.9896 3.00377 3.017 3.02922 3.04034 3.05029 3.05901 3.06646 3.07258 3.07735 3.08074 3.08272 3.08329 3.08245 3.08019 3.07654 3.0715 3.06512 3.05741 3.04844 3.03825 3.02691 3.01449 3.00107 2.98675 2.97162 2.9558 2.9394 2.92253 2.90534 2.88793 2.87045 2.85301 2.83575 2.81877 2.8022 2.78613 2.77065 2.75585 2.74179 2.72853 2.71611 2.70456 2.69388 2.68409 2.67518 2.66712 2.65989 2.65346 2.64777 2.64279 2.63847 2.63475 2.63159 2.62894 2.62674 2.62495 2.62354 2.62247 2.62171 2.62123 2.62101 
2.61451 2.6148 2.61538 2.61624 2.61741 2.61892 2.62079 2.62306 2.62579 2.62901 2.63278 2.63717 2.64222 2.648 2.65455 2.66194 2.6702 2.67937 2.68947 2.70054 2.71256 2.72553 2.73943 2.75421 2.76983 2.7862 2.80325 2.82088 2.83899 2.85745 2.87614 2.89494 2.9137 2.93229 2.95058 2.96843 2.98572 3.00233 3.01814 3.03305 3.04695 3.05977 3.07142 3.08184 3.09097 3.09875 3.10514 3.11012 3.11366 3.11573 3.11633 3.11545 3.1131 3.10929 3.10404 3.09737 3.08931 3.07992 3.06924 3.05734 3.04429 3.03018 3.01509 2.99913 2.9824 2.96504 2.94716 2.92889 2.91037 2.89174 2.87313 2.85466 2.83648 2.81869 2.80142 2.78475 2.76879 2.7536 2.73926 2.7258 2.71326 2.70165 2.691 2.68128 2.67248 2.66457 2.65752 2.65128 2.6458 2.64104 2.63694 2.63344 2.63049 2.62805 2.62606 2.62448 2.62327 2.6224 2.62184 2.62158 
2.61509 2.61539 2.61601 2.61694 2.61821 2.61986 2.6219 2.62439 2.62737 2.6309 2.63504 2.63984 2.64536 2.65167 2.65883 2.66687 2.67586 2.68583 2.6968 2.70879 2.7218 2.73581 2.75079 2.7667 2.78347 2.80104 2.81929 2.83813 2.85745 2.87711 2.89698 2.91692 2.93679 2.95645 2.97575 2.99456 3.01274 3.03018 3.04675 3.06236 3.07689 3.09027 3.10242 3.11328 3.12277 3.13086 3.13751 3.14268 3.14636 3.14851 3.14914 3.14823 3.1458 3.14185 3.13639 3.12946 3.12109 3.11131 3.10018 3.08776 3.07412 3.05935 3.04353 3.02677 3.00919 2.9909 2.97203 2.95272 2.93311 2.91335 2.89357 2.87392 2.85453 2.83554 2.81706 2.79921 2.78208 2.76575 2.7503 2.73579 2.72224 2.70969 2.69815 2.6876 2.67804 2.66943 2.66174 2.65493 2.64894 2.64372 2.63922 2.63537 2.63213 2.62942 2.62722 2.62546 2.62411 2.62313 2.62249 2.62218 
2.61569 2.61601 2.61667 2.61768 2.61906 2.62084 2.62307 2.62578 2.62904 2.63289 2.63739 2.64262 2.64863 2.65549 2.66326 2.67199 2.68172 2.6925 2.70435 2.71728 2.73128 2.74634 2.76241 2.77946 2.79739 2.81614 2.83559 2.85564 2.87614 2.89698 2.918 2.93906 2.96 2.98068 3.00096 3.02068 3.03971 3.05794 3.07523 3.09148 3.10661 3.12051 3.13312 3.14436 3.1542 3.16257 3.16945 3.17479 3.17859 3.18082 3.18147 3.18055 3.17804 3.17397 3.16834 3.16117 3.15251 3.14238 3.13084 3.11794 3.10376 3.08838 3.07188 3.05437 3.03596 3.01679 2.99697 2.97666 2.956 2.93513 2.91422 2.8934 2.87283 2.85264 2.83296 2.81392 2.79562 2.77816 2.7616 2.74602 2.73147 2.71795 2.70551 2.69412 2.68378 2.67445 2.66612 2.65871 2.6522 2.64651 2.64159 2.63739 2.63383 2.63086 2.62843 2.62648 2.62499 2.62389 2.62318 2.62282 
2.61633 2.61666 2.61736 2.61844 2.61994 2.62187 2.62428 2.62723 2.63076 2.63494 2.63983 2.6455 2.65201 2.65943 2.66782 2.67724 2.68774 2.69934 2.71207 2.72594 2.74095 2.75706 2.77423 2.7924 2.81149 2.83141 2.85204 2.87326 2.89494 2.91692 2.93906 2.96119 2.98317 3.00483 3.02603 3.04661 3.06645 3.0854 3.10336 3.12022 3.13588 3.15026 3.16328 3.17488 3.18502 3.19364 3.20072 3.20623 3.21014 3.21243 3.21311 3.21217 3.20961 3.20542 3.19964 3.19228 3.18336 3.17292 3.16101 3.14768 3.13301 3.11706 3.09992 3.08171 3.06254 3.04253 3.02182 3.00055 2.97887 2.95694 2.93492 2.91297 2.89124 2.86987 2.84902 2.8288 2.80934 2.79074 2.77308 2.75644 2.74086 2.72638 2.71302 2.70078 2.68965 2.67961 2.67061 2.6626 2.65555 2.64938 2.64404 2.63946 2.63559 2.63234 2.62968 2.62755 2.6259 2.62469 2.62389 2.62348 
2.61699 2.61733 2.61807 2.61924 2.62085 2.62293 2.62554 2.62873 2.63254 2.63706 2.64234 2.64845 2.65547 2.66346 2.67249 2.68261 2.69387 2.7063 2.71992 2.73473 2.75074 2.76789 2.78614 2.80543 2.82566 2.84673 2.86852 2.89089 2.9137 2.93679 2.96 2.98317 3.00613 3.02872 3.05079 3.07218 3.09276 3.1124 3.13097 3.14837 3.16452 3.17932 3.19271 3.20463 3.21503 3.22388 3.23113 3.23677 3.24078 3.24314 3.24384 3.24289 3.24028 3.23601 3.2301 3.22256 3.21343 3.20272 3.19049 3.17677 3.16165 3.14519 3.12748 3.10863 3.08874 3.06795 3.04639 3.02421 3.00157 2.97862 2.95554 2.93249 2.90963 2.88712 2.86511 2.84374 2.82314 2.80341 2.78466 2.76695 2.75036 2.73492 2.72065 2.70755 2.69563 2.68485 2.67518 2.66658 2.65898 2.65232 2.64655 2.6416 2.63739 2.63387 2.63097 2.62865 2.62684 2.62551 2.62463 2.62416 
2.61767 2.61802 2.61881 2.62006 2.62178 2.62402 2.62683 2.63026 2.63436 2.63922 2.64489 2.65146 2.65899 2.66756 2.67722 2.68804 2.70006 2.71332 2.72782 2.74358 2.76057 2.77875 2.79808 2.81846 2.8398 2.862 2.88491 2.90839 2.93229 2.95645 2.98068 3.00483 3.02872 3.05219 3.07507 3.09721 3.11847 3.13873 3.15785 3.17575 3.19232 3.2075 3.22121 3.23341 3.24404 3.25307 3.26048 3.26623 3.27033 3.27274 3.27347 3.27251 3.26986 3.26553 3.25952 3.25184 3.24252 3.23158 3.21907 3.20502 3.18951 3.17259 3.15437 3.13492 3.11438 3.09287 3.07052 3.04748 3.02393 3.00002 2.97592 2.95182 2.92787 2.90425 2.88112 2.85863 2.83691 2.81608 2.79625 2.7775 2.7599 2.7435 2.72832 2.71438 2.70166 2.69015 2.67981 2.6706 2.66245 2.65531 2.6491 2.64377 2.63923 2.63543 2.63229 2.62977 2.6278 2.62635 2.62538 2.62487 
2.61836 2.61873 2.61957 2.62089 2.62274 2.62514 2.62814 2.63181 2.63621 2.64141 2.64748 2.6545 2.66254 2.67168 2.68198 2.6935 2.70628 2.72035 2.73573 2.75241 2.77037 2.78957 2.80994 2.83138 2.85381 2.87709 2.90108 2.92563 2.95058 2.97575 3.00096 3.02603 3.05079 3.07507 3.0987 3.12153 3.14341 3.16422 3.18384 3.20217 3.21913 3.23463 3.24862 3.26105 3.27187 3.28106 3.28859 3.29444 3.2986 3.30107 3.30182 3.30086 3.29819 3.29381 3.28772 3.27993 3.27046 3.25934 3.24659 3.23226 3.2164 3.19909 3.1804 3.16043 3.13929 3.11712 3.09404 3.07022 3.04581 3.02098 2.99593 2.97082 2.94584 2.92115 2.89694 2.87336 2.85055 2.82865 2.80777 2.78799 2.76941 2.75206 2.73599 2.72121 2.70771 2.69547 2.68447 2.67464 2.66595 2.65832 2.65168 2.64596 2.64109 2.63701 2.63363 2.63091 2.62878 2.62721 2.62615 2.62558 
2.61906 2.61944 2.62033 2.62174 2.6237 2.62626 2.62947 2.63338 2.63807 2.64361 2.65007 2.65754 2.6661 2.6758 2.68673 2.69894 2.71246 2.72734 2.74358 2.76116 2.78007 2.80025 2.82163 2.84411 2.86758 2.8919 2.91693 2.9425 2.96843 2.99456 3.02068 3.04661 3.07218 3.09721 3.12153 3.14498 3.16742 3.18873 3.20879 3.2275 3.24478 3.26055 3.27477 3.28739 3.29837 3.30768 3.31532 3.32125 3.32547 3.32797 3.32875 3.3278 3.32511 3.3207 3.31455 3.30668 3.2971 3.28583 3.27289 3.25832 3.24218 3.22452 3.20543 3.18499 3.16332 3.14055 3.1168 3.09225 3.06705 3.04138 3.01542 2.98936 2.96339 2.9377 2.91245 2.88782 2.86397 2.84103 2.81913 2.79836 2.77881 2.76054 2.7436 2.72799 2.71372 2.70077 2.6891 2.67868 2.66944 2.66132 2.65425 2.64816 2.64296 2.63859 2.63498 2.63206 2.62977 2.62808 2.62693 2.62631 
2.61977 2.62016 2.6211 2.62259 2.62467 2.62739 2.63079 2.63495 2.63993 2.6458 2.65266 2.66057 2.66962 2.67989 2.69143 2.70431 2.71857 2.73423 2.75129 2.76976 2.78958 2.81071 2.83306 2.85653 2.881 2.90632 2.93233 2.95886 2.98572 3.01274 3.03971 3.06645 3.09276 3.11847 3.14341 3.16742 3.19036 3.21211 3.23254 3.25158 3.26913 3.28513 3.29954 3.31231 3.32341 3.33283 3.34053 3.34652 3.35079 3.35333 3.35412 3.35318 3.3505 3.34607 3.33989 3.33196 3.3223 3.31091 3.29783 3.28307 3.26669 3.24874 3.2293 3.20846 3.18632 3.16301 3.13866 3.11344 3.08751 3.06105 3.03426 3.00731 2.98042 2.95376 2.92753 2.90191 2.87706 2.85312 2.83024 2.80851 2.78803 2.76887 2.75107 2.73466 2.71964 2.70599 2.69368 2.68267 2.6729 2.6643 2.65681 2.65034 2.64482 2.64017 2.63632 2.6332 2.63076 2.62894 2.62771 2.62704 
2.62047 2.62088 2.62186 2.62343 2.62563 2.6285 2.6321 2.6365 2.64176 2.64797 2.6552 2.66355 2.67309 2.6839 2.69604 2.70957 2.72453 2.74095 2.75882 2.77813 2.79883 2.82087 2.84415 2.86856 2.89397 2.92023 2.94716 2.97459 3.00233 3.03018 3.05794 3.0854 3.1124 3.13873 3.16422 3.18873 3.21211 3.23423 3.25499 3.27429 3.29207 3.30826 3.32281 3.3357 3.34689 3.35638 3.36414 3.37017 3.37447 3.37704 3.37786 3.37693 3.37425 3.36982 3.36362 3.35567 3.34595 3.33449 3.32129 3.30639 3.28982 3.27163 3.2519 3.2307 3.20815 3.18437 3.15948 3.13366 3.10707 3.07989 3.05232 3.02455 2.99679 2.96923 2.94208 2.91552 2.88972 2.86483 2.84101 2.81837 2.797 2.77698 2.75836 2.74117 2.72542 2.7111 2.69816 2.68658 2.6763 2.66723 2.65932 2.65249 2.64665 2.64172 2.63764 2.63433 2.63174 2.6298 2.62849 2.62776 
2.62116 2.62158 2.62261 2.62426 2.62658 2.6296 2.63339 2.63802 2.64355 2.65008 2.65769 2.66645 2.67647 2.6878 2.70052 2.71467 2.73031 2.74745 2.76609 2.7862 2.80774 2.83064 2.8548 2.8801 2.90639 2.93353 2.96133 2.9896 3.01814 3.04675 3.07523 3.10336 3.13097 3.15785 3.18384 3.20879 3.23254 3.25499 3.27602 3.29555 3.3135 3.32983 3.3445 3.35747 3.36872 3.37826 3.38605 3.39212 3.39644 3.39902 3.39986 3.39896 3.39629 3.39187 3.38568 3.37771 3.36798 3.35646 3.34319 3.32818 3.31146 3.29308 3.27311 3.25161 3.22871 3.20451 3.17915 3.15279 3.1256 3.09776 3.06948 3.04095 3.01239 2.984 2.95599 2.92854 2.90185 2.87607 2.85137 2.82785 2.80564 2.7848 2.7654 2.74747 2.73102 2.71604 2.70251 2.69038 2.67959 2.67008 2.66177 2.65458 2.64843 2.64324 2.63894 2.63544 2.6327 2.63065 2.62925 2.62847 
2.62183 2.62227 2.62334 2.62507 2.6275 2.63066 2.63464 2.63949 2.64529 2.65212 2.66008 2.66925 2.67972 2.69155 2.70481 2.71957 2.73585 2.75368 2.77304 2.79391 2.81624 2.83994 2.86492 2.89105 2.91817 2.94613 2.97472 3.00377 3.03305 3.06236 3.09148 3.12022 3.14837 3.17575 3.20217 3.2275 3.25158 3.27429 3.29555 3.31525 3.33335 3.34978 3.36453 3.37755 3.38885 3.39841 3.40622 3.4123 3.41664 3.41924 3.4201 3.41921 3.41657 3.41217 3.40599 3.39804 3.3883 3.37676 3.36345 3.34836 3.33153 3.313 3.29283 3.27109 3.24789 3.22333 3.19755 3.17072 3.14299 3.11456 3.08564 3.05642 3.02712 2.99796 2.96915 2.94089 2.91336 2.88675 2.86122 2.83689 2.81387 2.79226 2.77212 2.75349 2.73638 2.72079 2.70669 2.69403 2.68277 2.67282 2.66413 2.6566 2.65016 2.64471 2.64019 2.63652 2.63363 2.63147 2.62999 2.62916 
2.62248 2.62293 2.62404 2.62585 2.62838 2.63169 2.63584 2.64089 2.64695 2.65408 2.66237 2.67192 2.68281 2.69511 2.7089 2.72421 2.7411 2.75956 2.7796 2.80118 2.82424 2.8487 2.87444 2.90134 2.92923 2.95793 2.98726 3.017 3.04695 3.07689 3.10661 3.13588 3.16452 3.19232 3.21913 3.24478 3.26913 3.29207 3.3135 3.33335 3.35155 3.36806 3.38285 3.39591 3.40722 3.41679 3.42461 3.4307 3.43504 3.43765 3.43853 3.43766 3.43505 3.43068 3.42453 3.4166 3.40687 3.39534 3.382 3.36687 3.34997 3.33133 3.311 3.28906 3.2656 3.24074 3.2146 3.18735 3.15915 3.13019 3.10069 3.07085 3.04088 3.01102 2.98148 2.95246 2.92417 2.89679 2.87048 2.84539 2.82164 2.79931 2.77848 2.75919 2.74146 2.72529 2.71064 2.6975 2.68578 2.67543 2.66638 2.65853 2.6518 2.64612 2.64139 2.63754 2.63452 2.63225 2.6307 2.62983 
2.62309 2.62355 2.62471 2.62658 2.62922 2.63265 2.63697 2.64223 2.64851 2.65592 2.66453 2.67443 2.68572 2.69846 2.71272 2.72856 2.746 2.76507 2.78573 2.80796 2.8317 2.85685 2.88329 2.91088 2.93946 2.96885 2.99884 3.02922 3.05977 3.09027 3.12051 3.15026 3.17932 3.2075 3.23463 3.26055 3.28513 3.30826 3.32983 3.34978 3.36806 3.38462 3.39944 3.41251 3.42383 3.43339 3.44121 3.44728 3.45163 3.45425 3.45514 3.4543 3.45171 3.44737 3.44127 3.43337 3.42367 3.41216 3.39882 3.38367 3.36672 3.348 3.32755 3.30545 3.28178 3.25666 3.23021 3.2026 3.17398 3.14456 3.11454 3.08414 3.05358 3.02308 2.99288 2.96318 2.93419 2.90611 2.8791 2.85331 2.82887 2.80588 2.78441 2.76451 2.74621 2.72949 2.71435 2.70074 2.68861 2.67789 2.66849 2.66034 2.65335 2.64744 2.64252 2.63852 2.63536 2.633 2.63138 2.63046 
2.62367 2.62414 2.62533 2.62727 2.63 2.63356 2.63802 2.64346 2.64997 2.65763 2.66652 2.67676 2.68841 2.70155 2.71626 2.73257 2.75053 2.77013 2.79136 2.81419 2.83854 2.86431 2.89138 2.91961 2.94881 2.97881 3.00939 3.04034 3.07142 3.10242 3.13312 3.16328 3.19271 3.22121 3.24862 3.27477 3.29954 3.32281 3.3445 3.36453 3.38285 3.39944 3.41427 3.42734 3.43864 3.44819 3.45599 3.46206 3.46641 3.46903 3.46994 3.46912 3.46656 3.46226 3.45619 3.44834 3.43868 3.42719 3.41388 3.39872 3.38175 3.36297 3.34243 3.32021 3.29637 3.27103 3.24432 3.2164 3.18742 3.1576 3.12713 3.09623 3.06514 3.03407 3.00328 2.97296 2.94335 2.91463 2.88698 2.86056 2.8355 2.81191 2.78986 2.76941 2.75058 2.73337 2.71777 2.70374 2.69123 2.68015 2.67045 2.66202 2.65479 2.64867 2.64357 2.63942 2.63615 2.63369 2.63201 2.63106 
2.62419 2.62468 2.62591 2.62791 2.63071 2.63439 2.63899 2.6446 2.6513 2.65918 2.66834 2.67887 2.69085 2.70436 2.71946 2.7362 2.75462 2.77471 2.79645 2.81981 2.8447 2.87103 2.89867 2.92745 2.95721 2.98774 3.01885 3.05029 3.08184 3.11328 3.14436 3.17488 3.20463 3.23341 3.26105 3.28739 3.31231 3.3357 3.35747 3.37755 3.39591 3.41251 3.42734 3.44039 3.45168 3.46121 3.46899 3.47505 3.47938 3.48201 3.48293 3.48213 3.47961 3.47535 3.46932 3.46151 3.45189 3.44045 3.42716 3.41201 3.39503 3.37621 3.35562 3.33329 3.30932 3.2838 3.25687 3.22868 3.1994 3.16923 3.13836 3.10704 3.07548 3.04392 3.0126 2.98175 2.95158 2.92229 2.89408 2.8671 2.84149 2.81735 2.79478 2.77383 2.75453 2.73689 2.72088 2.70647 2.6936 2.68222 2.67223 2.66355 2.6561 2.64979 2.64454 2.64025 2.63687 2.63433 2.63259 2.6316 
2.62467 2.62517 2.62643 2.62848 2.63136 2.63513 2.63985 2.64561 2.65249 2.66058 2.66997 2.68076 2.69303 2.70685 2.7223 2.73943 2.75824 2.77876 2.80095 2.82477 2.85015 2.87696 2.90508 2.93435 2.96459 2.99559 3.02714 3.05901 3.09097 3.12277 3.1542 3.18502 3.21503 3.24404 3.27187 3.29837 3.32341 3.34689 3.36872 3.38885 3.40722 3.42383 3.43864 3.45168 3.46294 3.47244 3.48021 3.48625 3.49058 3.49321 3.49413 3.49336 3.49087 3.48664 3.48066 3.4729 3.46332 3.45192 3.43866 3.42353 3.40655 3.38771 3.36707 3.34467 3.32059 3.29493 3.26782 3.23941 3.20987 3.17939 3.1482 3.1165 3.08454 3.05256 3.02079 2.98947 2.95882 2.92904 2.90033 2.87286 2.84677 2.82216 2.79914 2.77775 2.75804 2.74 2.72363 2.70889 2.69572 2.68405 2.67381 2.66492 2.65728 2.6508 2.6454 2.64099 2.63752 2.6349 2.63311 2.63209 
2.62509 2.62559 2.62688 2.62898 2.63192 2.63578 2.64061 2.64649 2.65352 2.66178 2.67138 2.68239 2.69491 2.70901 2.72476 2.74221 2.76137 2.78225 2.80482 2.82904 2.85482 2.88204 2.91058 2.94026 2.9709 3.0023 3.03423 3.06646 3.09875 3.13086 3.16257 3.19364 3.22388 3.25307 3.28106 3.30768 3.33283 3.35638 3.37826 3.39841 3.41679 3.43339 3.44819 3.46121 3.47244 3.48193 3.48967 3.4957 3.50002 3.50265 3.50358 3.50283 3.50036 3.49617 3.49023 3.4825 3.47297 3.46161 3.44838 3.43328 3.4163 3.39745 3.37678 3.35432 3.33015 3.30438 3.27712 3.24853 3.21877 3.18805 3.15658 3.12457 3.09228 3.05994 3.02779 2.99607 2.96501 2.93482 2.9057 2.87781 2.8513 2.82629 2.80288 2.78112 2.76105 2.74269 2.72601 2.71097 2.69754 2.68564 2.67519 2.6661 2.65829 2.65167 2.64615 2.64164 2.63808 2.63541 2.63356 2.63252 
2.62544 2.62595 2.62726 2.6294 2.6324 2.63632 2.64124 2.64724 2.65439 2.6628 2.67255 2.68375 2.69648 2.71081 2.72681 2.74452 2.76396 2.78514 2.80803 2.83257 2.85868 2.88624 2.91511 2.94513 2.97611 3.00782 3.04006 3.07258 3.10514 3.13751 3.16945 3.20072 3.23113 3.26048 3.28859 3.31532 3.34053 3.36414 3.38605 3.40622 3.42461 3.44121 3.45599 3.46899 3.48021 3.48967 3.4974 3.50341 3.50772 3.51035 3.5113 3.51056 3.50811 3.50395 3.49804 3.49036 3.48086 3.46953 3.45633 3.44125 3.42428 3.40543 3.38473 3.36222 3.33799 3.31212 3.28475 3.25601 3.22608 3.19516 3.16346 3.13121 3.09864 3.06601 3.03355 3.00151 2.97012 2.93959 2.91012 2.88189 2.85505 2.82971 2.80598 2.78392 2.76356 2.74492 2.72798 2.71271 2.69906 2.68696 2.67634 2.66709 2.65915 2.6524 2.64678 2.64219 2.63856 2.63583 2.63395 2.63288 
2.62573 2.62625 2.62757 2.62974 2.63278 2.63676 2.64175 2.64783 2.65508 2.6636 2.67349 2.68483 2.69772 2.71223 2.72842 2.74633 2.766 2.78741 2.81054 2.83533 2.8617 2.88952 2.91866 2.94894 2.98017 3.01213 3.0446 3.07735 3.11012 3.14268 3.17479 3.20623 3.23677 3.26623 3.29444 3.32125 3.34652 3.37017 3.39212 3.4123 3.4307 3.44728 3.46206 3.47505 3.48625 3.4957 3.50341 3.50941 3.51372 3.51635 3.51731 3.51658 3.51415 3.51001 3.50413 3.49647 3.487 3.47569 3.46252 3.44745 3.43049 3.41163 3.39091 3.36837 3.34408 3.31814 3.29068 3.26183 3.23177 3.2007 3.16882 3.13638 3.1036 3.07074 3.03804 3.00575 2.9741 2.94331 2.91358 2.88509 2.85798 2.83239 2.80841 2.78611 2.76553 2.74667 2.72954 2.71409 2.70027 2.68801 2.67725 2.66788 2.65982 2.65299 2.64728 2.64262 2.63894 2.63617 2.63426 2.63318 
2.62594 2.62647 2.62781 2.62999 2.63307 2.63709 2.64213 2.64826 2.65559 2.66419 2.67417 2.68562 2.69862 2.71325 2.72958 2.74764 2.76746 2.78904 2.81234 2.83731 2.86386 2.89186 2.92118 2.95164 2.98305 3.01519 3.04783 3.08074 3.11366 3.14636 3.17859 3.21014 3.24078 3.27033 3.2986 3.32547 3.35079 3.37447 3.39644 3.41664 3.43504 3.45163 3.46641 3.47938 3.49058 3.50002 3.50772 3.51372 3.51803 3.52066 3.52162 3.5209 3.51849 3.51436 3.50849 3.50085 3.4914 3.48011 3.46695 3.45189 3.43492 3.41606 3.39532 3.37275 3.34842 3.32243 3.2949 3.26596 3.23581 3.20462 3.17263 3.14004 3.10712 3.0741 3.04123 3.00876 2.97693 2.94596 2.91604 2.88736 2.86007 2.83431 2.81015 2.78768 2.76694 2.74794 2.73066 2.71508 2.70114 2.68877 2.67791 2.66845 2.66032 2.65342 2.64765 2.64295 2.63922 2.63642 2.63449 2.6334 
2.62608 2.62661 2.62796 2.63016 2.63325 2.6373 2.64236 2.64854 2.6559 2.66455 2.67459 2.6861 2.69917 2.71387 2.73028 2.74843 2.76834 2.79001 2.81341 2.83848 2.86513 2.89324 2.92267 2.95323 2.98474 3.01698 3.04972 3.08272 3.11573 3.14851 3.18082 3.21243 3.24314 3.27274 3.30107 3.32797 3.35333 3.37704 3.39902 3.41924 3.43765 3.45425 3.46903 3.48201 3.49321 3.50265 3.51035 3.51635 3.52066 3.5233 3.52426 3.52354 3.52113 3.51701 3.51115 3.50352 3.49407 3.48278 3.46962 3.45456 3.43758 3.41871 3.39795 3.37536 3.351 3.32497 3.29739 3.2684 3.23819 3.20693 3.17486 3.14219 3.10918 3.07606 3.0431 3.01053 2.97859 2.94751 2.91749 2.8887 2.86131 2.83544 2.81118 2.78862 2.76778 2.74869 2.73133 2.71568 2.70167 2.68924 2.67832 2.66881 2.66063 2.65368 2.64789 2.64315 2.63941 2.63659 2.63464 2.63354 
