5.70444 5.70463 5.7049 5.70527 5.70574 5.7063 5.70695 5.7077 5.70854 5.70948 5.71051 5.71165 5.71288 5.71421 5.71564 5.71716 5.71878 5.72049 5.7223 5.72419 5.72618 5.72824 5.73037 5.73258 5.73485 5.73718 5.73955 5.74196 5.7444 5.74686 5.74932 5.75178 5.75422 5.75662 5.75898 5.76129 5.76352 5.76567 5.76773 5.76967 5.77149 5.77318 5.77472 5.77612 5.77734 5.7784 5.77928 5.77997 5.78047 5.78079 5.78091 5.78083 5.78056 5.7801 5.77945 5.77862 5.77762 5.77644 5.7751 5.77361 5.77198 5.77022 5.76834 5.76635 5.76427 5.76211 5.75989 5.75761 5.75529 5.75294 5.75058 5.74822 5.74587 5.74354 5.74125 5.739 5.7368 5.73467 5.7326 5.73061 5.72871 5.72689 5.72516 5.72354 5.72201 5.72058 5.71926 5.71804 5.71692 5.71592 5.71501 5.71421 5.71352 5.71292 5.71243 5.71203 5.71174 5.71154 5.71144 5.71143 
5.70463 5.70481 5.70509 5.70546 5.70593 5.70649 5.70714 5.70789 5.70874 5.70969 5.71073 5.71187 5.71311 5.71445 5.71588 5.71742 5.71905 5.72077 5.72259 5.7245 5.72649 5.72857 5.73072 5.73295 5.73523 5.73758 5.73997 5.7424 5.74485 5.74733 5.74981 5.75228 5.75474 5.75717 5.75955 5.76187 5.76412 5.76628 5.76835 5.77031 5.77215 5.77385 5.7754 5.77681 5.77804 5.77911 5.77999 5.78069 5.7812 5.78151 5.78163 5.78155 5.78128 5.78082 5.78017 5.77933 5.77831 5.77713 5.77578 5.77428 5.77263 5.77086 5.76896 5.76696 5.76487 5.76269 5.76045 5.75815 5.75581 5.75345 5.75107 5.74869 5.74632 5.74397 5.74166 5.73939 5.73718 5.73503 5.73295 5.73094 5.72902 5.72719 5.72546 5.72382 5.72228 5.72084 5.71951 5.71828 5.71716 5.71614 5.71523 5.71442 5.71372 5.71312 5.71262 5.71222 5.71193 5.71173 5.71162 5.71161 
5.7049 5.70509 5.70537 5.70574 5.70622 5.70678 5.70745 5.70821 5.70908 5.71004 5.7111 5.71226 5.71352 5.71488 5.71635 5.71791 5.71957 5.72133 5.72318 5.72513 5.72716 5.72927 5.73147 5.73373 5.73607 5.73845 5.74089 5.74337 5.74587 5.74839 5.75092 5.75344 5.75594 5.75841 5.76084 5.7632 5.76549 5.7677 5.76981 5.7718 5.77367 5.7754 5.77699 5.77841 5.77967 5.78075 5.78165 5.78236 5.78288 5.7832 5.78332 5.78324 5.78297 5.78249 5.78183 5.78097 5.77994 5.77873 5.77735 5.77582 5.77415 5.77234 5.77041 5.76837 5.76623 5.76401 5.76173 5.75938 5.757 5.75459 5.75217 5.74974 5.74733 5.74493 5.74258 5.74026 5.73801 5.73581 5.73369 5.73165 5.72969 5.72782 5.72605 5.72437 5.7228 5.72133 5.71997 5.71872 5.71757 5.71653 5.7156 5.71478 5.71406 5.71344 5.71293 5.71253 5.71222 5.71201 5.7119 5.71189 
5.70527 5.70546 5.70574 5.70613 5.70661 5.70719 5.70788 5.70866 5.70955 5.71054 5.71163 5.71282 5.71412 5.71552 5.71703 5.71864 5.72035 5.72216 5.72407 5.72608 5.72817 5.73035 5.73261 5.73495 5.73735 5.73981 5.74232 5.74487 5.74745 5.75004 5.75265 5.75524 5.75782 5.76036 5.76286 5.76529 5.76765 5.76992 5.77209 5.77414 5.77606 5.77784 5.77947 5.78094 5.78223 5.78335 5.78427 5.785 5.78553 5.78586 5.78598 5.7859 5.78561 5.78512 5.78443 5.78355 5.78249 5.78124 5.77983 5.77825 5.77652 5.77466 5.77267 5.77057 5.76837 5.76608 5.76373 5.76131 5.75886 5.75637 5.75388 5.75138 5.74889 5.74642 5.74399 5.74161 5.73928 5.73701 5.73482 5.73271 5.73069 5.72876 5.72693 5.7252 5.72358 5.72206 5.72065 5.71936 5.71817 5.7171 5.71613 5.71528 5.71453 5.71389 5.71336 5.71294 5.71262 5.7124 5.71228 5.71227 
5.70574 5.70593 5.70622 5.70661 5.70711 5.70771 5.70842 5.70923 5.71015 5.71118 5.71231 5.71356 5.71491 5.71637 5.71794 5.71961 5.72139 5.72328 5.72526 5.72735 5.72953 5.7318 5.73415 5.73658 5.73908 5.74164 5.74426 5.74691 5.74959 5.75229 5.755 5.7577 5.76037 5.76302 5.76561 5.76814 5.77059 5.77295 5.7752 5.77733 5.77932 5.78117 5.78286 5.78438 5.78572 5.78688 5.78783 5.78859 5.78914 5.78947 5.7896 5.78951 5.78921 5.7887 5.78799 5.78707 5.78596 5.78467 5.78319 5.78155 5.77976 5.77782 5.77575 5.77357 5.77128 5.7689 5.76645 5.76394 5.76138 5.7588 5.7562 5.7536 5.751 5.74844 5.7459 5.74342 5.74099 5.73863 5.73635 5.73415 5.73204 5.73003 5.72812 5.72631 5.72461 5.72303 5.72156 5.7202 5.71896 5.71783 5.71682 5.71592 5.71514 5.71447 5.71391 5.71346 5.71312 5.71288 5.71275 5.71273 
5.7063 5.70649 5.70678 5.70719 5.70771 5.70834 5.70908 5.70993 5.71089 5.71197 5.71316 5.71446 5.71588 5.71741 5.71906 5.72082 5.72269 5.72467 5.72676 5.72895 5.73124 5.73362 5.7361 5.73865 5.74127 5.74396 5.7467 5.74948 5.7523 5.75513 5.75797 5.7608 5.76361 5.76637 5.76909 5.77174 5.77431 5.77678 5.77913 5.78136 5.78345 5.78538 5.78715 5.78874 5.79014 5.79135 5.79234 5.79313 5.7937 5.79405 5.79418 5.79409 5.79377 5.79324 5.79248 5.79152 5.79036 5.789 5.78745 5.78573 5.78385 5.78182 5.77965 5.77736 5.77496 5.77246 5.76989 5.76726 5.76458 5.76186 5.75913 5.7564 5.75368 5.75098 5.74832 5.74571 5.74316 5.74067 5.73827 5.73596 5.73373 5.73161 5.7296 5.7277 5.72591 5.72423 5.72268 5.72124 5.71993 5.71874 5.71767 5.71671 5.71588 5.71517 5.71457 5.71409 5.71372 5.71347 5.71333 5.71329 
5.70695 5.70714 5.70745 5.70788 5.70842 5.70908 5.70986 5.71076 5.71177 5.71291 5.71417 5.71554 5.71704 5.71866 5.72041 5.72227 5.72425 5.72635 5.72856 5.73088 5.7333 5.73582 5.73844 5.74114 5.74391 5.74675 5.74965 5.75259 5.75557 5.75856 5.76156 5.76455 5.76751 5.77043 5.7733 5.7761 5.7788 5.7814 5.78389 5.78624 5.78844 5.79047 5.79233 5.79401 5.79548 5.79675 5.7978 5.79863 5.79922 5.79959 5.79972 5.79962 5.79928 5.79871 5.79792 5.7969 5.79567 5.79424 5.7926 5.79079 5.7888 5.78665 5.78436 5.78194 5.7794 5.77677 5.77405 5.77127 5.76843 5.76556 5.76268 5.75979 5.7569 5.75405 5.75123 5.74847 5.74576 5.74313 5.74058 5.73813 5.73577 5.73352 5.73138 5.72936 5.72745 5.72567 5.72402 5.72249 5.72109 5.71982 5.71867 5.71765 5.71676 5.71599 5.71535 5.71483 5.71443 5.71415 5.71399 5.71395 
5.7077 5.70789 5.70821 5.70866 5.70923 5.70993 5.71076 5.71171 5.71279 5.71399 5.71533 5.7168 5.71839 5.72012 5.72198 5.72396 5.72607 5.7283 5.73066 5.73313 5.73571 5.7384 5.74118 5.74405 5.74701 5.75003 5.75311 5.75624 5.7594 5.76258 5.76577 5.76894 5.77209 5.77519 5.77823 5.7812 5.78407 5.78683 5.78946 5.79195 5.79428 5.79644 5.79841 5.80018 5.80174 5.80308 5.80419 5.80506 5.80569 5.80608 5.80621 5.8061 5.80574 5.80513 5.80429 5.80321 5.8019 5.80037 5.79864 5.79671 5.7946 5.79232 5.78988 5.78731 5.78462 5.78182 5.77893 5.77597 5.77295 5.7699 5.76683 5.76375 5.76069 5.75765 5.75465 5.7517 5.74882 5.74601 5.74329 5.74067 5.73815 5.73575 5.73346 5.7313 5.72926 5.72735 5.72558 5.72394 5.72244 5.72107 5.71984 5.71874 5.71778 5.71695 5.71625 5.71568 5.71525 5.71494 5.71476 5.7147 
5.70854 5.70874 5.70908 5.70955 5.71015 5.71089 5.71177 5.71279 5.71394 5.71523 5.71666 5.71823 5.71993 5.72178 5.72377 5.72589 5.72815 5.73054 5.73306 5.73571 5.73847 5.74134 5.74432 5.7474 5.75055 5.75379 5.75708 5.76042 5.7638 5.7672 5.77059 5.77398 5.77734 5.78065 5.78389 5.78705 5.79011 5.79305 5.79585 5.7985 5.80098 5.80327 5.80537 5.80725 5.80891 5.81033 5.81151 5.81243 5.8131 5.81351 5.81365 5.81352 5.81314 5.81249 5.81158 5.81043 5.80903 5.8074 5.80555 5.80349 5.80124 5.79881 5.79621 5.79346 5.79059 5.7876 5.78452 5.78135 5.77813 5.77487 5.77159 5.7683 5.76502 5.76177 5.75856 5.7554 5.75231 5.74931 5.74639 5.74358 5.74088 5.7383 5.73584 5.73351 5.73132 5.72927 5.72736 5.72559 5.72397 5.72249 5.72116 5.71997 5.71893 5.71803 5.71727 5.71665 5.71617 5.71583 5.71562 5.71555 
5.70948 5.70969 5.71004 5.71054 5.71118 5.71197 5.71291 5.71399 5.71523 5.71661 5.71815 5.71983 5.72167 5.72365 5.72579 5.72807 5.7305 5.73307 5.73577 5.73861 5.74158 5.74467 5.74786 5.75116 5.75455 5.75802 5.76155 5.76513 5.76875 5.77239 5.77603 5.77966 5.78325 5.78679 5.79026 5.79364 5.79691 5.80005 5.80304 5.80587 5.80852 5.81097 5.8132 5.81521 5.81698 5.81849 5.81975 5.82073 5.82144 5.82187 5.82202 5.82188 5.82146 5.82076 5.81979 5.81855 5.81706 5.81531 5.81333 5.81113 5.80872 5.80611 5.80333 5.80039 5.79731 5.79411 5.79081 5.78742 5.78397 5.78047 5.77695 5.77342 5.7699 5.76641 5.76296 5.75957 5.75625 5.75302 5.74989 5.74686 5.74395 5.74117 5.73852 5.73601 5.73364 5.73143 5.72936 5.72745 5.72569 5.72409 5.72264 5.72135 5.72022 5.71923 5.7184 5.71773 5.7172 5.71682 5.71659 5.7165 
5.71051 5.71073 5.7111 5.71163 5.71231 5.71316 5.71417 5.71533 5.71666 5.71815 5.7198 5.72161 5.72359 5.72573 5.72803 5.73049 5.7331 5.73587 5.73879 5.74185 5.74504 5.74836 5.7518 5.75535 5.759 5.76273 5.76652 5.77038 5.77426 5.77817 5.78208 5.78597 5.78983 5.79362 5.79734 5.80096 5.80447 5.80783 5.81104 5.81406 5.8169 5.81951 5.8219 5.82405 5.82594 5.82755 5.82889 5.82994 5.8307 5.83115 5.8313 5.83115 5.8307 5.82995 5.82891 5.82758 5.82597 5.8241 5.82197 5.81961 5.81702 5.81423 5.81124 5.80809 5.80478 5.80135 5.7978 5.79416 5.79045 5.7867 5.78291 5.77912 5.77533 5.77157 5.76786 5.76421 5.76063 5.75715 5.75377 5.7505 5.74736 5.74436 5.74149 5.73878 5.73622 5.73382 5.73158 5.72951 5.7276 5.72586 5.72429 5.72288 5.72164 5.72057 5.71966 5.71892 5.71833 5.71791 5.71765 5.71755 
5.71165 5.71187 5.71226 5.71282 5.71356 5.71446 5.71554 5.7168 5.71823 5.71983 5.72161 5.72357 5.7257 5.72801 5.73049 5.73315 5.73597 5.73896 5.7421 5.7454 5.74885 5.75243 5.75614 5.75996 5.76389 5.76791 5.772 5.77614 5.78032 5.78452 5.78873 5.79291 5.79705 5.80113 5.80512 5.80901 5.81277 5.81637 5.81981 5.82306 5.82609 5.8289 5.83145 5.83375 5.83577 5.8375 5.83893 5.84005 5.84085 5.84134 5.8415 5.84133 5.84084 5.84003 5.83891 5.83748 5.83575 5.83374 5.83146 5.82892 5.82614 5.82314 5.81993 5.81654 5.81299 5.8093 5.80548 5.80157 5.79758 5.79354 5.78946 5.78538 5.7813 5.77725 5.77325 5.76931 5.76545 5.76169 5.75804 5.75451 5.75112 5.74786 5.74477 5.74183 5.73905 5.73645 5.73402 5.73177 5.7297 5.7278 5.72609 5.72456 5.72321 5.72203 5.72104 5.72022 5.71958 5.71911 5.71881 5.71869 
5.71288 5.71311 5.71352 5.71412 5.71491 5.71588 5.71704 5.71839 5.71993 5.72167 5.72359 5.7257 5.728 5.7305 5.73318 5.73605 5.73909 5.74232 5.74572 5.74928 5.753 5.75687 5.76087 5.76499 5.76923 5.77355 5.77796 5.78242 5.78692 5.79145 5.79597 5.80046 5.80492 5.8093 5.81359 5.81776 5.8218 5.82567 5.82936 5.83284 5.83609 5.8391 5.84184 5.8443 5.84646 5.84831 5.84984 5.85104 5.85189 5.85241 5.85257 5.85239 5.85186 5.85099 5.84978 5.84824 5.84639 5.84422 5.84177 5.83904 5.83605 5.83283 5.82938 5.82574 5.82192 5.81794 5.81384 5.80963 5.80534 5.80098 5.79659 5.79219 5.7878 5.78343 5.77911 5.77486 5.7707 5.76664 5.76269 5.75888 5.7552 5.75169 5.74833 5.74515 5.74214 5.73932 5.73668 5.73423 5.73198 5.72992 5.72805 5.72638 5.72491 5.72363 5.72254 5.72164 5.72093 5.72041 5.72007 5.71993 
5.71421 5.71445 5.71488 5.71552 5.71637 5.71741 5.71866 5.72012 5.72178 5.72365 5.72573 5.72801 5.7305 5.73319 5.73609 5.73919 5.74248 5.74596 5.74963 5.75348 5.75749 5.76167 5.76598 5.77043 5.77499 5.77966 5.7844 5.78921 5.79406 5.79892 5.80379 5.80862 5.81341 5.81812 5.82273 5.82721 5.83154 5.8357 5.83965 5.84339 5.84688 5.8501 5.85304 5.85567 5.85798 5.85996 5.8616 5.86288 5.86379 5.86434 5.86451 5.86431 5.86374 5.8628 5.8615 5.85984 5.85785 5.85553 5.85289 5.84996 5.84675 5.84328 5.83957 5.83565 5.83155 5.82727 5.82286 5.81833 5.81371 5.80902 5.80429 5.79955 5.79481 5.79011 5.78545 5.78086 5.77637 5.77198 5.76772 5.7636 5.75963 5.75582 5.75219 5.74874 5.74548 5.74242 5.73955 5.7369 5.73445 5.73221 5.73018 5.72836 5.72675 5.72534 5.72415 5.72317 5.72238 5.72181 5.72144 5.72127 
5.71564 5.71588 5.71635 5.71703 5.71794 5.71906 5.72041 5.72198 5.72377 5.72579 5.72803 5.73049 5.73318 5.73609 5.73922 5.74256 5.74612 5.74988 5.75384 5.75799 5.76232 5.76682 5.77148 5.77627 5.78119 5.78621 5.79132 5.79649 5.80171 5.80695 5.81218 5.81737 5.82252 5.82757 5.83252 5.83733 5.84198 5.84644 5.85068 5.85468 5.85842 5.86187 5.86502 5.86784 5.87032 5.87243 5.87418 5.87555 5.87652 5.8771 5.87728 5.87706 5.87645 5.87543 5.87404 5.87226 5.87012 5.86762 5.86479 5.86164 5.85819 5.85447 5.85049 5.84628 5.84186 5.83727 5.83252 5.82765 5.82268 5.81764 5.81255 5.80745 5.80234 5.79727 5.79225 5.78731 5.78246 5.77772 5.77312 5.76867 5.76437 5.76026 5.75633 5.75259 5.74906 5.74575 5.74264 5.73976 5.7371 5.73467 5.73246 5.73048 5.72872 5.72719 5.72589 5.72481 5.72395 5.72331 5.7229 5.72271 
5.71716 5.71742 5.71791 5.71864 5.71961 5.72082 5.72227 5.72396 5.72589 5.72807 5.73049 5.73315 5.73605 5.73919 5.74256 5.74617 5.75001 5.75407 5.75834 5.76281 5.76748 5.77233 5.77734 5.7825 5.7878 5.7932 5.7987 5.80426 5.80987 5.8155 5.82111 5.8267 5.83222 5.83764 5.84295 5.84811 5.85309 5.85787 5.86241 5.8667 5.8707 5.8744 5.87776 5.88078 5.88343 5.88569 5.88756 5.88902 5.89006 5.89067 5.89086 5.89062 5.88995 5.88887 5.88736 5.88546 5.88316 5.88048 5.87744 5.87406 5.87037 5.86637 5.8621 5.85758 5.85284 5.84791 5.84281 5.83758 5.83224 5.82682 5.82135 5.81586 5.81037 5.80491 5.7995 5.79418 5.78895 5.78385 5.77888 5.77408 5.76944 5.765 5.76075 5.75671 5.75289 5.7493 5.74594 5.74282 5.73993 5.73729 5.73489 5.73274 5.73083 5.72916 5.72774 5.72656 5.72562 5.72492 5.72446 5.72424 
5.71878 5.71905 5.71957 5.72035 5.72139 5.72269 5.72425 5.72607 5.72815 5.7305 5.7331 5.73597 5.73909 5.74248 5.74612 5.75001 5.75414 5.75851 5.76312 5.76793 5.77296 5.77818 5.78357 5.78912 5.79481 5.80062 5.80653 5.8125 5.81852 5.82456 5.83058 5.83657 5.84249 5.8483 5.85399 5.85951 5.86485 5.86996 5.87482 5.87941 5.88369 5.88764 5.89123 5.89446 5.89728 5.8997 5.90169 5.90325 5.90435 5.90501 5.9052 5.90494 5.90423 5.90306 5.90145 5.8994 5.89694 5.89407 5.89082 5.8872 5.88324 5.87895 5.87438 5.86954 5.86446 5.85917 5.8537 5.84809 5.84236 5.83654 5.83067 5.82477 5.81887 5.813 5.80719 5.80146 5.79584 5.79034 5.78499 5.77982 5.77482 5.77003 5.76544 5.76108 5.75696 5.75308 5.74944 5.74606 5.74294 5.74008 5.73748 5.73514 5.73307 5.73126 5.72971 5.72842 5.7274 5.72663 5.72612 5.72587 
5.72049 5.72077 5.72133 5.72216 5.72328 5.72467 5.72635 5.7283 5.73054 5.73307 5.73587 5.73896 5.74232 5.74596 5.74988 5.75407 5.75851 5.76322 5.76816 5.77335 5.77875 5.78435 5.79014 5.7961 5.80221 5.80845 5.81478 5.82119 5.82764 5.83411 5.84056 5.84697 5.8533 5.85953 5.86561 5.87152 5.87722 5.88268 5.88787 5.89277 5.89734 5.90156 5.90539 5.90883 5.91185 5.91442 5.91654 5.9182 5.91938 5.92007 5.92027 5.91999 5.91922 5.91797 5.91625 5.91406 5.91142 5.90836 5.90488 5.90101 5.89677 5.89219 5.88729 5.88211 5.87668 5.87102 5.86517 5.85915 5.85301 5.84678 5.84048 5.83416 5.82783 5.82153 5.81529 5.80914 5.8031 5.79719 5.79144 5.78587 5.7805 5.77534 5.7704 5.7657 5.76126 5.75707 5.75314 5.74949 5.74612 5.74303 5.74021 5.73768 5.73544 5.73347 5.73179 5.73039 5.72927 5.72844 5.72788 5.7276 
5.7223 5.72259 5.72318 5.72407 5.72526 5.72676 5.72856 5.73066 5.73306 5.73577 5.73879 5.7421 5.74572 5.74963 5.75384 5.75834 5.76312 5.76816 5.77348 5.77903 5.78483 5.79084 5.79705 5.80344 5.80998 5.81666 5.82344 5.8303 5.8372 5.84412 5.85102 5.85787 5.86464 5.87128 5.87778 5.88408 5.89017 5.89599 5.90153 5.90675 5.91162 5.91611 5.9202 5.92386 5.92707 5.92981 5.93207 5.93383 5.93508 5.93581 5.93603 5.93572 5.9349 5.93356 5.93172 5.92938 5.92657 5.9233 5.91958 5.91545 5.91093 5.90604 5.90081 5.89528 5.88947 5.88342 5.87717 5.87074 5.86418 5.85751 5.85077 5.844 5.83722 5.83048 5.8238 5.8172 5.81072 5.80439 5.79822 5.79224 5.78646 5.78092 5.77561 5.77056 5.76577 5.76126 5.75704 5.7531 5.74947 5.74613 5.74309 5.74036 5.73793 5.7358 5.73398 5.73247 5.73125 5.73034 5.72973 5.72942 
5.72419 5.7245 5.72513 5.72608 5.72735 5.72895 5.73088 5.73313 5.73571 5.73861 5.74185 5.7454 5.74928 5.75348 5.75799 5.76281 5.76793 5.77335 5.77903 5.78499 5.79119 5.79763 5.80427 5.81111 5.81811 5.82524 5.83249 5.83981 5.84718 5.85457 5.86193 5.86924 5.87645 5.88354 5.89046 5.89718 5.90365 5.90986 5.91575 5.92131 5.92649 5.93126 5.93561 5.9395 5.94291 5.94582 5.94822 5.95008 5.95141 5.95218 5.95241 5.95208 5.9512 5.94977 5.94781 5.94532 5.94232 5.93884 5.93488 5.93048 5.92566 5.92045 5.91488 5.90898 5.90279 5.89635 5.88968 5.88282 5.87581 5.86869 5.8615 5.85427 5.84703 5.83982 5.83267 5.82562 5.81869 5.8119 5.8053 5.79889 5.7927 5.78675 5.78106 5.77564 5.7705 5.76565 5.76111 5.75688 5.75297 5.74938 5.74611 5.74316 5.74054 5.73825 5.73628 5.73464 5.73333 5.73234 5.73167 5.73133 
5.72618 5.72649 5.72716 5.72817 5.72953 5.73124 5.7333 5.73571 5.73847 5.74158 5.74504 5.74885 5.753 5.75749 5.76232 5.76748 5.77296 5.77875 5.78483 5.79119 5.79782 5.80469 5.81179 5.81909 5.82655 5.83417 5.84189 5.8497 5.85755 5.86542 5.87326 5.88104 5.88872 5.89625 5.90361 5.91075 5.91764 5.92423 5.93049 5.93639 5.94189 5.94695 5.95157 5.95569 5.95931 5.96239 5.96493 5.96691 5.96831 5.96913 5.96937 5.96901 5.96807 5.96656 5.96447 5.96182 5.95864 5.95493 5.95073 5.94605 5.94093 5.93539 5.92947 5.92319 5.91661 5.90975 5.90265 5.89535 5.88789 5.88031 5.87264 5.86493 5.85721 5.84952 5.8419 5.83437 5.82697 5.81972 5.81266 5.80581 5.79919 5.79283 5.78673 5.78093 5.77542 5.77023 5.76536 5.76083 5.75662 5.75277 5.74925 5.74609 5.74327 5.7408 5.73868 5.73691 5.73549 5.73442 5.7337 5.73332 
5.72824 5.72857 5.72927 5.73035 5.7318 5.73362 5.73582 5.7384 5.74134 5.74467 5.74836 5.75243 5.75687 5.76167 5.76682 5.77233 5.77818 5.78435 5.79084 5.79763 5.80469 5.81202 5.81958 5.82735 5.8353 5.8434 5.85162 5.85993 5.86828 5.87664 5.88497 5.89323 5.90138 5.90939 5.91719 5.92477 5.93207 5.93906 5.94569 5.95194 5.95777 5.96314 5.96802 5.97238 5.97621 5.97948 5.98216 5.98425 5.98573 5.9866 5.98684 5.98646 5.98546 5.98385 5.98164 5.97883 5.97546 5.97153 5.96707 5.96211 5.95667 5.9508 5.94451 5.93786 5.93087 5.92358 5.91604 5.90829 5.90036 5.89231 5.88416 5.87596 5.86774 5.85956 5.85144 5.84342 5.83554 5.82782 5.82029 5.81298 5.80592 5.79912 5.79262 5.78641 5.78053 5.77498 5.76977 5.76492 5.76042 5.75629 5.75252 5.74912 5.7461 5.74345 5.74118 5.73928 5.73775 5.73659 5.73581 5.7354 
5.73037 5.73072 5.73147 5.73261 5.73415 5.7361 5.73844 5.74118 5.74432 5.74786 5.7518 5.75614 5.76087 5.76598 5.77148 5.77734 5.78357 5.79014 5.79705 5.80427 5.81179 5.81958 5.82762 5.83588 5.84432 5.85293 5.86165 5.87047 5.87932 5.88819 5.89702 5.90578 5.91442 5.92289 5.93116 5.93917 5.9469 5.95429 5.96131 5.96792 5.97407 5.97975 5.9849 5.98952 5.99356 5.99701 5.99984 6.00204 6.0036 6.00451 6.00477 6.00436 6.0033 6.0016 5.99925 5.99629 5.99271 5.98856 5.98384 5.97859 5.97284 5.96662 5.95997 5.95292 5.94552 5.9378 5.92982 5.9216 5.9132 5.90465 5.896 5.8873 5.87859 5.8699 5.86127 5.85275 5.84437 5.83616 5.82815 5.82038 5.81286 5.80562 5.79869 5.79208 5.78581 5.77989 5.77433 5.76915 5.76434 5.75993 5.7559 5.75227 5.74904 5.7462 5.74376 5.74172 5.74008 5.73884 5.73799 5.73755 
5.73258 5.73295 5.73373 5.73495 5.73658 5.73865 5.74114 5.74405 5.7474 5.75116 5.75535 5.75996 5.76499 5.77043 5.77627 5.7825 5.78912 5.7961 5.80344 5.81111 5.81909 5.82735 5.83588 5.84463 5.85358 5.8627 5.87194 5.88127 5.89065 5.90003 5.90937 5.91863 5.92776 5.93672 5.94545 5.95392 5.96207 5.96988 5.97728 5.98425 5.99074 5.99673 6.00216 6.00702 6.01128 6.01491 6.0179 6.02022 6.02186 6.02281 6.02308 6.02265 6.02153 6.01973 6.01725 6.01412 6.01035 6.00596 6.00098 5.99544 5.98937 5.9828 5.97578 5.96833 5.96051 5.95236 5.94391 5.93522 5.92634 5.91729 5.90815 5.89893 5.8897 5.8805 5.87136 5.86233 5.85344 5.84473 5.83623 5.82798 5.81999 5.81231 5.80494 5.79791 5.79124 5.78494 5.77902 5.7735 5.76838 5.76368 5.75939 5.75551 5.75206 5.74903 5.74643 5.74425 5.74249 5.74116 5.74025 5.73977 
5.73485 5.73523 5.73607 5.73735 5.73908 5.74127 5.74391 5.74701 5.75055 5.75455 5.759 5.76389 5.76923 5.77499 5.78119 5.7878 5.79481 5.80221 5.80998 5.81811 5.82655 5.8353 5.84432 5.85358 5.86305 5.87269 5.88245 5.89231 5.90221 5.91212 5.92198 5.93174 5.94137 5.95081 5.96002 5.96894 5.97753 5.98575 5.99354 6.00088 6.00771 6.014 6.01972 6.02484 6.02931 6.03313 6.03626 6.0387 6.04042 6.04143 6.0417 6.04125 6.04006 6.03817 6.03556 6.03226 6.02829 6.02367 6.01842 6.01259 6.00619 5.99928 5.99187 5.98403 5.97578 5.96719 5.95828 5.94911 5.93974 5.93019 5.92053 5.9108 5.90105 5.89132 5.88166 5.87211 5.86271 5.85349 5.84449 5.83575 5.82729 5.81914 5.81133 5.80388 5.7968 5.79011 5.78383 5.77797 5.77253 5.76752 5.76296 5.75884 5.75517 5.75194 5.74917 5.74684 5.74497 5.74355 5.74257 5.74205 
5.73718 5.73758 5.73845 5.73981 5.74164 5.74396 5.74675 5.75003 5.75379 5.75802 5.76273 5.76791 5.77355 5.77966 5.78621 5.7932 5.80062 5.80845 5.81666 5.82524 5.83417 5.8434 5.85293 5.8627 5.87269 5.88285 5.89315 5.90353 5.91397 5.9244 5.93478 5.94506 5.95519 5.96512 5.9748 5.98418 5.99321 6.00184 6.01003 6.01773 6.02491 6.03151 6.03752 6.04288 6.04758 6.05158 6.05487 6.05742 6.05923 6.06027 6.06056 6.06008 6.05884 6.05684 6.0541 6.05064 6.04646 6.04161 6.0361 6.02997 6.02325 6.01598 6.0082 5.99995 5.99128 5.98223 5.97286 5.96322 5.95334 5.94329 5.93312 5.92287 5.91259 5.90233 5.89214 5.88206 5.87214 5.86241 5.8529 5.84367 5.83473 5.82611 5.81785 5.80996 5.80247 5.79539 5.78874 5.78252 5.77676 5.77146 5.76661 5.76224 5.75834 5.75492 5.75197 5.7495 5.74751 5.74599 5.74495 5.74439 
5.73955 5.73997 5.74089 5.74232 5.74426 5.7467 5.74965 5.75311 5.75708 5.76155 5.76652 5.772 5.77796 5.7844 5.79132 5.7987 5.80653 5.81478 5.82344 5.83249 5.84189 5.85162 5.86165 5.87194 5.88245 5.89315 5.90398 5.9149 5.92586 5.93682 5.94773 5.95852 5.96916 5.97958 5.98974 5.99957 6.00904 6.01809 6.02668 6.03475 6.04226 6.04918 6.05547 6.06108 6.066 6.07019 6.07363 6.0763 6.07818 6.07928 6.07957 6.07907 6.07776 6.07567 6.0728 6.06917 6.0648 6.05971 6.05393 6.04751 6.04046 6.03284 6.02468 6.01602 6.00693 5.99744 5.9876 5.97747 5.9671 5.95654 5.94585 5.93507 5.92427 5.91348 5.90275 5.89214 5.88169 5.87144 5.86143 5.8517 5.84227 5.83319 5.82447 5.81614 5.80823 5.80076 5.79373 5.78716 5.78107 5.77545 5.77033 5.76571 5.76158 5.75795 5.75483 5.75221 5.75009 5.74848 5.74738 5.74678 
5.74196 5.7424 5.74337 5.74487 5.74691 5.74948 5.75259 5.75624 5.76042 5.76513 5.77038 5.77614 5.78242 5.78921 5.79649 5.80426 5.8125 5.82119 5.8303 5.83981 5.8497 5.85993 5.87047 5.88127 5.89231 5.90353 5.9149 5.92636 5.93786 5.94935 5.96077 5.97208 5.98322 5.99413 6.00476 6.01506 6.02496 6.03443 6.04341 6.05184 6.0597 6.06693 6.0735 6.07936 6.0845 6.08887 6.09246 6.09525 6.09722 6.09836 6.09866 6.09813 6.09677 6.09458 6.09158 6.08778 6.08321 6.07789 6.07185 6.06513 6.05776 6.04978 6.04124 6.03219 6.02267 6.01273 6.00243 5.99182 5.98095 5.96988 5.95867 5.94737 5.93603 5.92471 5.91345 5.90231 5.89134 5.88057 5.87004 5.85981 5.84989 5.84033 5.83116 5.82239 5.81406 5.80618 5.79878 5.79185 5.78543 5.77951 5.7741 5.76922 5.76486 5.76102 5.75772 5.75495 5.75272 5.75101 5.74984 5.74921 
5.7444 5.74485 5.74587 5.74745 5.74959 5.7523 5.75557 5.7594 5.7638 5.76875 5.77426 5.78032 5.78692 5.79406 5.80171 5.80987 5.81852 5.82764 5.8372 5.84718 5.85755 5.86828 5.87932 5.89065 5.90221 5.91397 5.92586 5.93786 5.94989 5.9619 5.97385 5.98568 5.99731 6.00871 6.01982 6.03057 6.04091 6.05079 6.06015 6.06895 6.07714 6.08468 6.09153 6.09764 6.10299 6.10755 6.11129 6.1142 6.11625 6.11743 6.11775 6.11719 6.11577 6.11348 6.11035 6.10639 6.10162 6.09607 6.08977 6.08276 6.07507 6.06674 6.05783 6.04837 6.03843 6.02805 6.01728 6.00619 5.99483 5.98326 5.97153 5.95971 5.94784 5.93599 5.9242 5.91253 5.90102 5.88973 5.8787 5.86796 5.85756 5.84752 5.83789 5.82868 5.81993 5.81165 5.80386 5.79658 5.78982 5.78359 5.7779 5.77276 5.76817 5.76413 5.76065 5.75773 5.75537 5.75357 5.75233 5.75166 
5.74686 5.74733 5.74839 5.75004 5.75229 5.75513 5.75856 5.76258 5.7672 5.77239 5.77817 5.78452 5.79145 5.79892 5.80695 5.8155 5.82456 5.83411 5.84412 5.85457 5.86542 5.87664 5.88819 5.90003 5.91212 5.9244 5.93682 5.94935 5.9619 5.97445 5.98691 5.99924 6.01138 6.02326 6.03483 6.04603 6.0568 6.06708 6.07683 6.08599 6.09452 6.10236 6.10948 6.11584 6.12141 6.12614 6.13003 6.13305 6.13518 6.13641 6.13674 6.13616 6.13467 6.1323 6.12904 6.12491 6.11995 6.11418 6.10762 6.10032 6.09231 6.08364 6.07435 6.0645 6.05414 6.04332 6.0321 6.02053 6.00868 5.99661 5.98437 5.97203 5.95963 5.94725 5.93494 5.92274 5.91071 5.8989 5.88736 5.87612 5.86523 5.85473 5.84463 5.83499 5.82581 5.81713 5.80897 5.80133 5.79423 5.78769 5.78172 5.77632 5.77149 5.76725 5.76359 5.76052 5.75804 5.75614 5.75484 5.75413 
5.74932 5.74981 5.75092 5.75265 5.755 5.75797 5.76156 5.76577 5.77059 5.77603 5.78208 5.78873 5.79597 5.80379 5.81218 5.82111 5.83058 5.84056 5.85102 5.86193 5.87326 5.88497 5.89702 5.90937 5.92198 5.93478 5.94773 5.96077 5.97385 5.98691 5.99988 6.01272 6.02534 6.0377 6.04973 6.06137 6.07256 6.08325 6.09338 6.10289 6.11174 6.11989 6.12728 6.13388 6.13965 6.14457 6.1486 6.15173 6.15394 6.15521 6.15555 6.15495 6.1534 6.15094 6.14755 6.14327 6.13812 6.13212 6.12531 6.11772 6.1094 6.10039 6.09074 6.08051 6.06973 6.05848 6.04681 6.03477 6.02244 6.00987 5.99713 5.98427 5.97136 5.95846 5.94562 5.9329 5.92035 5.90803 5.89598 5.88425 5.87288 5.8619 5.85136 5.84128 5.83168 5.82261 5.81406 5.80607 5.79864 5.79179 5.78554 5.77988 5.77482 5.77038 5.76654 5.76332 5.76071 5.75872 5.75735 5.7566 
5.75178 5.75228 5.75344 5.75524 5.7577 5.7608 5.76455 5.76894 5.77398 5.77966 5.78597 5.79291 5.80046 5.80862 5.81737 5.8267 5.83657 5.84697 5.85787 5.86924 5.88104 5.89323 5.90578 5.91863 5.93174 5.94506 5.95852 5.97208 5.98568 5.99924 6.01272 6.02604 6.03914 6.05197 6.06445 6.07652 6.08813 6.09921 6.10971 6.11957 6.12874 6.13717 6.14483 6.15166 6.15764 6.16273 6.16691 6.17014 6.17243 6.17375 6.1741 6.17347 6.17187 6.16931 6.16581 6.16137 6.15603 6.14982 6.14276 6.1349 6.12627 6.11693 6.10693 6.09631 6.08513 6.07345 6.06134 6.04885 6.03604 6.02299 6.00975 5.99639 5.98297 5.96955 5.95619 5.94296 5.92991 5.91708 5.90453 5.89231 5.88047 5.86903 5.85803 5.84752 5.83751 5.82804 5.81912 5.81078 5.80302 5.79587 5.78934 5.78342 5.77814 5.77349 5.76948 5.7661 5.76338 5.7613 5.75986 5.75907 
5.75422 5.75474 5.75594 5.75782 5.76037 5.76361 5.76751 5.77209 5.77734 5.78325 5.78983 5.79705 5.80492 5.81341 5.82252 5.83222 5.84249 5.8533 5.86464 5.87645 5.88872 5.90138 5.91442 5.92776 5.94137 5.95519 5.96916 5.98322 5.99731 6.01138 6.02534 6.03914 6.05272 6.066 6.07892 6.09141 6.10342 6.11489 6.12574 6.13594 6.14542 6.15414 6.16206 6.16912 6.1753 6.18055 6.18487 6.18821 6.19057 6.19194 6.19229 6.19164 6.18999 6.18735 6.18372 6.17914 6.17361 6.16719 6.15989 6.15176 6.14284 6.13318 6.12282 6.11183 6.10026 6.08817 6.07563 6.06269 6.04942 6.03589 6.02217 6.00831 5.99439 5.98047 5.96661 5.95288 5.93932 5.926 5.91297 5.90027 5.88795 5.87606 5.86462 5.85369 5.84327 5.83341 5.82413 5.81544 5.80736 5.79991 5.7931 5.78693 5.78142 5.77657 5.77239 5.76887 5.76602 5.76385 5.76235 5.76152 
5.75662 5.75717 5.75841 5.76036 5.76302 5.76637 5.77043 5.77519 5.78065 5.78679 5.79362 5.80113 5.8093 5.81812 5.82757 5.83764 5.8483 5.85953 5.87128 5.88354 5.89625 5.90939 5.92289 5.93672 5.95081 5.96512 5.97958 5.99413 6.00871 6.02326 6.0377 6.05197 6.066 6.07972 6.09306 6.10597 6.11837 6.13021 6.14141 6.15194 6.16172 6.17072 6.17888 6.18616 6.19253 6.19795 6.2024 6.20585 6.20828 6.20969 6.21005 6.20938 6.20768 6.20495 6.20121 6.19648 6.19078 6.18415 6.17662 6.16823 6.15902 6.14905 6.13836 6.12701 6.11505 6.10256 6.0896 6.07623 6.06251 6.04852 6.03432 6.01999 6.00558 5.99117 5.97682 5.9626 5.94855 5.93475 5.92124 5.90807 5.8953 5.88296 5.8711 5.85974 5.84893 5.83869 5.82905 5.82002 5.81163 5.80388 5.7968 5.79039 5.78465 5.77961 5.77525 5.77159 5.76863 5.76637 5.7648 5.76394 
5.75898 5.75955 5.76084 5.76286 5.76561 5.76909 5.7733 5.77823 5.78389 5.79026 5.79734 5.80512 5.81359 5.82273 5.83252 5.84295 5.85399 5.86561 5.87778 5.89046 5.90361 5.91719 5.93116 5.94545 5.96002 5.9748 5.98974 6.00476 6.01982 6.03483 6.04973 6.06445 6.07892 6.09306 6.10682 6.12013 6.1329 6.1451 6.15664 6.16748 6.17755 6.18681 6.19521 6.20271 6.20927 6.21485 6.21942 6.22297 6.22547 6.22692 6.22729 6.2266 6.22485 6.22204 6.21819 6.21332 6.20745 6.20063 6.19287 6.18423 6.17475 6.16447 6.15345 6.14176 6.12944 6.11656 6.10319 6.0894 6.07525 6.06081 6.04616 6.03136 6.01648 6.0016 5.98677 5.97207 5.95755 5.94328 5.92931 5.91569 5.90247 5.8897 5.87742 5.86566 5.85447 5.84386 5.83386 5.8245 5.8158 5.80777 5.80042 5.79377 5.78782 5.78259 5.77807 5.77427 5.77119 5.76884 5.76721 5.76631 
5.76129 5.76187 5.7632 5.76529 5.76814 5.77174 5.7761 5.7812 5.78705 5.79364 5.80096 5.80901 5.81776 5.82721 5.83733 5.84811 5.85951 5.87152 5.88408 5.89718 5.91075 5.92477 5.93917 5.95392 5.96894 5.98418 5.99957 6.01506 6.03057 6.04603 6.06137 6.07652 6.09141 6.10597 6.12013 6.13381 6.14695 6.15948 6.17135 6.18249 6.19284 6.20236 6.21099 6.21869 6.22542 6.23115 6.23585 6.2395 6.24207 6.24355 6.24393 6.24322 6.24142 6.23853 6.23458 6.22958 6.22355 6.21654 6.20857 6.19968 6.18993 6.17937 6.16804 6.15601 6.14334 6.13009 6.11633 6.10214 6.08757 6.0727 6.05761 6.04237 6.02704 6.0117 5.99641 5.98125 5.96628 5.95156 5.93714 5.92308 5.90943 5.89624 5.88356 5.87141 5.85984 5.84887 5.83854 5.82886 5.81986 5.81155 5.80395 5.79707 5.79091 5.78549 5.78081 5.77687 5.77368 5.77124 5.76956 5.76863 
5.76352 5.76412 5.76549 5.76765 5.77059 5.77431 5.7788 5.78407 5.79011 5.79691 5.80447 5.81277 5.8218 5.83154 5.84198 5.85309 5.86485 5.87722 5.89017 5.90365 5.91764 5.93207 5.9469 5.96207 5.97753 5.99321 6.00904 6.02496 6.04091 6.0568 6.07256 6.08813 6.10342 6.11837 6.1329 6.14695 6.16043 6.1733 6.18547 6.1969 6.20751 6.21727 6.22612 6.23402 6.24092 6.2468 6.25161 6.25535 6.25798 6.2595 6.25989 6.25916 6.25732 6.25436 6.2503 6.24517 6.23899 6.2318 6.22362 6.21451 6.20451 6.19367 6.18205 6.1697 6.15669 6.14309 6.12896 6.11438 6.09941 6.08414 6.06863 6.05296 6.03719 6.02142 6.00569 5.99009 5.97468 5.95952 5.94468 5.9302 5.91614 5.90255 5.88948 5.87696 5.86503 5.85372 5.84306 5.83307 5.82378 5.81521 5.80736 5.80025 5.7939 5.7883 5.78346 5.77939 5.7761 5.77358 5.77184 5.77087 
5.76567 5.76628 5.7677 5.76992 5.77295 5.77678 5.7814 5.78683 5.79305 5.80005 5.80783 5.81637 5.82567 5.8357 5.84644 5.85787 5.86996 5.88268 5.89599 5.90986 5.92423 5.93906 5.95429 5.96988 5.98575 6.00184 6.01809 6.03443 6.05079 6.06708 6.08325 6.09921 6.11489 6.13021 6.1451 6.15948 6.1733 6.18647 6.19893 6.21063 6.2215 6.23149 6.24055 6.24863 6.25569 6.2617 6.26663 6.27045 6.27314 6.27469 6.2751 6.27435 6.27246 6.26943 6.26528 6.26003 6.25371 6.24634 6.23798 6.22865 6.21841 6.20731 6.19541 6.18276 6.16943 6.15549 6.14101 6.12607 6.11072 6.09506 6.07915 6.06307 6.0469 6.0307 6.01456 5.99855 5.98272 5.96715 5.95189 5.93701 5.92256 5.90859 5.89515 5.88227 5.87 5.85836 5.84739 5.83711 5.82755 5.81872 5.81064 5.80332 5.79677 5.791 5.78601 5.78182 5.77842 5.77582 5.77403 5.77303 
5.76773 5.76835 5.76981 5.77209 5.7752 5.77913 5.78389 5.78946 5.79585 5.80304 5.81104 5.81981 5.82936 5.83965 5.85068 5.86241 5.87482 5.88787 5.90153 5.91575 5.93049 5.94569 5.96131 5.97728 5.99354 6.01003 6.02668 6.04341 6.06015 6.07683 6.09338 6.10971 6.12574 6.14141 6.15664 6.17135 6.18547 6.19893 6.21167 6.22362 6.23473 6.24493 6.25419 6.26244 6.26965 6.27579 6.28082 6.28472 6.28747 6.28906 6.28947 6.28871 6.28677 6.28368 6.27944 6.27408 6.26762 6.2601 6.25155 6.24202 6.23156 6.22021 6.20805 6.19512 6.18149 6.16724 6.15243 6.13713 6.12143 6.1054 6.08912 6.07266 6.0561 6.03951 6.02298 6.00657 5.99035 5.97438 5.95874 5.94349 5.92867 5.91433 5.90054 5.88732 5.87472 5.86277 5.85151 5.84096 5.83113 5.82206 5.81376 5.80623 5.7995 5.79357 5.78845 5.78413 5.78064 5.77797 5.77612 5.77509 
5.76967 5.77031 5.7718 5.77414 5.77733 5.78136 5.78624 5.79195 5.7985 5.80587 5.81406 5.82306 5.83284 5.84339 5.85468 5.8667 5.87941 5.89277 5.90675 5.92131 5.93639 5.95194 5.96792 5.98425 6.00088 6.01773 6.03475 6.05184 6.06895 6.08599 6.10289 6.11957 6.13594 6.15194 6.16748 6.18249 6.1969 6.21063 6.22362 6.23581 6.24714 6.25754 6.26698 6.27539 6.28274 6.289 6.29413 6.2981 6.30091 6.30252 6.30294 6.30217 6.3002 6.29704 6.29272 6.28726 6.28067 6.273 6.26429 6.25457 6.24389 6.23232 6.21991 6.20671 6.19281 6.17826 6.16314 6.14753 6.1315 6.11512 6.09849 6.08167 6.06474 6.04779 6.03089 6.01411 5.99752 5.98119 5.96519 5.94958 5.93441 5.91974 5.90561 5.89208 5.87918 5.86694 5.8554 5.84458 5.83451 5.82522 5.8167 5.80899 5.80208 5.796 5.79075 5.78632 5.78274 5.78 5.7781 5.77704 
5.77149 5.77215 5.77367 5.77606 5.77932 5.78345 5.78844 5.79428 5.80098 5.80852 5.8169 5.82609 5.83609 5.84688 5.85842 5.8707 5.88369 5.89734 5.91162 5.92649 5.94189 5.95777 5.97407 5.99074 6.00771 6.02491 6.04226 6.0597 6.07714 6.09452 6.11174 6.12874 6.14542 6.16172 6.17755 6.19284 6.20751 6.2215 6.23473 6.24714 6.25867 6.26926 6.27886 6.28742 6.2949 6.30127 6.30649 6.31053 6.31338 6.31503 6.31545 6.31466 6.31266 6.30945 6.30506 6.29949 6.29279 6.28499 6.27611 6.26622 6.25535 6.24357 6.23093 6.21749 6.20333 6.18851 6.17311 6.15719 6.14085 6.12416 6.1072 6.09005 6.07279 6.0555 6.03826 6.02113 6.0042 5.98754 5.9712 5.95526 5.93977 5.92478 5.91035 5.89652 5.88333 5.87083 5.85903 5.84797 5.83767 5.82816 5.81946 5.81157 5.8045 5.79828 5.7929 5.78837 5.78471 5.7819 5.77995 5.77887 
5.77318 5.77385 5.7754 5.77784 5.78117 5.78538 5.79047 5.79644 5.80327 5.81097 5.81951 5.8289 5.8391 5.8501 5.86187 5.8744 5.88764 5.90156 5.91611 5.93126 5.94695 5.96314 5.97975 5.99673 6.014 6.03151 6.04918 6.06693 6.08468 6.10236 6.11989 6.13717 6.15414 6.17072 6.18681 6.20236 6.21727 6.23149 6.24493 6.25754 6.26926 6.28002 6.28977 6.29847 6.30607 6.31253 6.31783 6.32194 6.32484 6.32651 6.32694 6.32614 6.32411 6.32085 6.31638 6.31073 6.30392 6.29599 6.28698 6.27693 6.26588 6.25391 6.24106 6.2274 6.213 6.19793 6.18227 6.16608 6.14946 6.13248 6.11522 6.09777 6.0802 6.0626 6.04504 6.0276 6.01036 5.99338 5.97674 5.96049 5.94471 5.92943 5.91472 5.90062 5.88717 5.87441 5.86238 5.8511 5.84059 5.83089 5.822 5.81395 5.80674 5.80039 5.79489 5.79027 5.78653 5.78366 5.78167 5.78057 
5.77472 5.7754 5.77699 5.77947 5.78286 5.78715 5.79233 5.79841 5.80537 5.8132 5.8219 5.83145 5.84184 5.85304 5.86502 5.87776 5.89123 5.90539 5.9202 5.93561 5.95157 5.96802 5.9849 6.00216 6.01972 6.03752 6.05547 6.0735 6.09153 6.10948 6.12728 6.14483 6.16206 6.17888 6.19521 6.21099 6.22612 6.24055 6.25419 6.26698 6.27886 6.28977 6.29966 6.30848 6.31619 6.32274 6.32812 6.33228 6.33522 6.33691 6.33735 6.33654 6.33448 6.33117 6.32664 6.32092 6.31401 6.30597 6.29683 6.28663 6.27543 6.26328 6.25024 6.23638 6.22177 6.20648 6.19058 6.17415 6.15727 6.14003 6.1225 6.10477 6.08693 6.06904 6.0512 6.03348 6.01595 5.99869 5.98177 5.96525 5.9492 5.93366 5.9187 5.90435 5.89067 5.87768 5.86543 5.85395 5.84326 5.83338 5.82433 5.81612 5.80878 5.80231 5.79672 5.79201 5.78819 5.78527 5.78324 5.78212 
5.77612 5.77681 5.77841 5.78094 5.78438 5.78874 5.79401 5.80018 5.80725 5.81521 5.82405 5.83375 5.8443 5.85567 5.86784 5.88078 5.89446 5.90883 5.92386 5.9395 5.95569 5.97238 5.98952 6.00702 6.02484 6.04288 6.06108 6.07936 6.09764 6.11584 6.13388 6.15166 6.16912 6.18616 6.20271 6.21869 6.23402 6.24863 6.26244 6.27539 6.28742 6.29847 6.30848 6.31741 6.32521 6.33185 6.33729 6.3415 6.34447 6.34619 6.34663 6.34581 6.34372 6.34038 6.3358 6.33 6.32301 6.31487 6.30561 6.29529 6.28394 6.27164 6.25844 6.2444 6.2296 6.2141 6.19799 6.18135 6.16424 6.14677 6.129 6.11103 6.09293 6.0748 6.05671 6.03873 6.02095 6.00344 5.98628 5.96951 5.95322 5.93745 5.92225 5.90769 5.8938 5.88061 5.86817 5.85651 5.84564 5.83561 5.82641 5.81808 5.81062 5.80404 5.79835 5.79357 5.78969 5.78672 5.78466 5.78351 
5.77734 5.77804 5.77967 5.78223 5.78572 5.79014 5.79548 5.80174 5.80891 5.81698 5.82594 5.83577 5.84646 5.85798 5.87032 5.88343 5.89728 5.91185 5.92707 5.94291 5.95931 5.97621 5.99356 6.01128 6.02931 6.04758 6.066 6.0845 6.10299 6.12141 6.13965 6.15764 6.1753 6.19253 6.20927 6.22542 6.24092 6.25569 6.26965 6.28274 6.2949 6.30607 6.31619 6.32521 6.33309 6.3398 6.3453 6.34956 6.35256 6.35429 6.35474 6.35391 6.3518 6.34842 6.34379 6.33793 6.33087 6.32264 6.31328 6.30285 6.29138 6.27895 6.2656 6.25141 6.23644 6.22077 6.20448 6.18764 6.17034 6.15266 6.13469 6.1165 6.09819 6.07984 6.06153 6.04333 6.02533 6.00761 5.99022 5.97324 5.95674 5.94077 5.92538 5.91062 5.89654 5.88318 5.87058 5.85875 5.84774 5.83757 5.82825 5.8198 5.81223 5.80556 5.7998 5.79494 5.79101 5.788 5.78591 5.78475 
5.7784 5.77911 5.78075 5.78335 5.78688 5.79135 5.79675 5.80308 5.81033 5.81849 5.82755 5.8375 5.84831 5.85996 5.87243 5.88569 5.8997 5.91442 5.92981 5.94582 5.96239 5.97948 5.99701 6.01491 6.03313 6.05158 6.07019 6.08887 6.10755 6.12614 6.14457 6.16273 6.18055 6.19795 6.21485 6.23115 6.2468 6.2617 6.27579 6.289 6.30127 6.31253 6.32274 6.33185 6.3398 6.34657 6.35211 6.35641 6.35944 6.36119 6.36164 6.3608 6.35867 6.35527 6.35059 6.34468 6.33756 6.32925 6.31981 6.30928 6.29772 6.28516 6.27169 6.25737 6.24226 6.22645 6.21 6.193 6.17553 6.15768 6.13953 6.12116 6.10267 6.08413 6.06563 6.04725 6.02907 6.01115 5.99358 5.97643 5.95975 5.9436 5.92804 5.91312 5.89889 5.88538 5.87263 5.86068 5.84954 5.83925 5.82982 5.82127 5.81362 5.80687 5.80104 5.79613 5.79214 5.78909 5.78698 5.78581 
5.77928 5.77999 5.78165 5.78427 5.78783 5.79234 5.7978 5.80419 5.81151 5.81975 5.82889 5.83893 5.84984 5.8616 5.87418 5.88756 5.90169 5.91654 5.93207 5.94822 5.96493 5.98216 5.99984 6.0179 6.03626 6.05487 6.07363 6.09246 6.11129 6.13003 6.1486 6.16691 6.18487 6.2024 6.21942 6.23585 6.25161 6.26663 6.28082 6.29413 6.30649 6.31783 6.32812 6.33729 6.3453 6.35211 6.3577 6.36202 6.36508 6.36684 6.36729 6.36645 6.36431 6.36087 6.35617 6.35021 6.34304 6.33467 6.32517 6.31456 6.3029 6.29026 6.27669 6.26226 6.24703 6.2311 6.21452 6.19739 6.17979 6.1618 6.1435 6.12499 6.10635 6.08766 6.069 6.05047 6.03213 6.01407 5.99635 5.97904 5.96222 5.94593 5.93024 5.91518 5.90082 5.88719 5.87433 5.86226 5.85102 5.84063 5.83112 5.82249 5.81476 5.80795 5.80206 5.79711 5.79309 5.79001 5.78787 5.78669 
5.77997 5.78069 5.78236 5.785 5.78859 5.79313 5.79863 5.80506 5.81243 5.82073 5.82994 5.84005 5.85104 5.86288 5.87555 5.88902 5.90325 5.9182 5.93383 5.95008 5.96691 5.98425 6.00204 6.02022 6.0387 6.05742 6.0763 6.09525 6.1142 6.13305 6.15173 6.17014 6.18821 6.20585 6.22297 6.2395 6.25535 6.27045 6.28472 6.2981 6.31053 6.32194 6.33228 6.3415 6.34956 6.35641 6.36202 6.36638 6.36944 6.37121 6.37167 6.37083 6.36867 6.36522 6.36049 6.3545 6.34728 6.33887 6.32931 6.31865 6.30693 6.29421 6.28056 6.26604 6.25073 6.2347 6.21803 6.2008 6.18309 6.16499 6.14658 6.12796 6.1092 6.09039 6.07162 6.05297 6.03451 6.01633 5.9985 5.98108 5.96414 5.94774 5.93194 5.91679 5.90233 5.8886 5.87565 5.8635 5.85218 5.84172 5.83214 5.82345 5.81567 5.8088 5.80287 5.79788 5.79383 5.79073 5.78858 5.78738 
5.78047 5.7812 5.78288 5.78553 5.78914 5.7937 5.79922 5.80569 5.8131 5.82144 5.8307 5.84085 5.85189 5.86379 5.87652 5.89006 5.90435 5.91938 5.93508 5.95141 5.96831 5.98573 6.0036 6.02186 6.04042 6.05923 6.07818 6.09722 6.11625 6.13518 6.15394 6.17243 6.19057 6.20828 6.22547 6.24207 6.25798 6.27314 6.28747 6.30091 6.31338 6.32484 6.33522 6.34447 6.35256 6.35944 6.36508 6.36944 6.37252 6.3743 6.37476 6.37391 6.37175 6.36828 6.36353 6.35752 6.35028 6.34183 6.33223 6.32153 6.30976 6.29699 6.28329 6.26871 6.25334 6.23724 6.2205 6.2032 6.18542 6.16724 6.14876 6.13005 6.11121 6.09232 6.07347 6.05473 6.0362 6.01793 6.00002 5.98252 5.96551 5.94903 5.93316 5.91793 5.9034 5.88961 5.8766 5.86439 5.85301 5.8425 5.83287 5.82414 5.81632 5.80942 5.80346 5.79844 5.79437 5.79125 5.78909 5.78789 
5.78079 5.78151 5.7832 5.78586 5.78947 5.79405 5.79959 5.80608 5.81351 5.82187 5.83115 5.84134 5.85241 5.86434 5.8771 5.89067 5.90501 5.92007 5.93581 5.95218 5.96913 5.9866 6.00451 6.02281 6.04143 6.06027 6.07928 6.09836 6.11743 6.13641 6.15521 6.17375 6.19194 6.20969 6.22692 6.24355 6.2595 6.27469 6.28906 6.30252 6.31503 6.32651 6.33691 6.34619 6.35429 6.36119 6.36684 6.37121 6.3743 6.37608 6.37654 6.37569 6.37352 6.37005 6.36529 6.35926 6.352 6.34354 6.33392 6.32318 6.31139 6.29859 6.28486 6.27025 6.25484 6.23871 6.22193 6.20458 6.18676 6.16854 6.15001 6.13126 6.11237 6.09344 6.07454 6.05576 6.03717 6.01887 6.00091 5.98336 5.9663 5.94979 5.93387 5.91861 5.90404 5.89021 5.87716 5.86492 5.85351 5.84297 5.83331 5.82455 5.81671 5.8098 5.80382 5.79878 5.7947 5.79158 5.78941 5.7882 
