1.62019 1.6205 1.62081 1.62111 1.6214 1.62167 1.62192 1.62215 1.62236 1.62255 1.62272 1.62287 1.623 1.62311 1.62321 1.6233 1.62337 1.62343 1.62349 1.62354 1.62358 1.62363 1.62368 1.62373 1.62378 1.62384 1.6239 1.62397 1.62405 1.62414 1.62424 1.62435 1.62448 1.6246 1.62474 1.62489 1.62504 1.6252 1.62536 1.62552 1.62568 1.62584 1.62599 1.62613 1.62626 1.62638 1.62648 1.62656 1.62663 1.62667 1.6267 1.6267 1.62668 1.62664 1.62658 1.6265 1.6264 1.62629 1.62616 1.62603 1.62588 1.62573 1.62557 1.62542 1.62526 1.6251 1.62495 1.62481 1.62467 1.62454 1.62443 1.62432 1.62422 1.62413 1.62405 1.62398 1.62393 1.62388 1.62385 1.62383 1.62381 1.62382 1.62383 1.62386 1.6239 1.62396 1.62404 1.62414 1.62426 1.6244 1.62456 1.62475 1.62496 1.62519 1.62544 1.62571 1.62599 1.62629 1.6266 1.62692 
1.6205 1.62082 1.62113 1.62143 1.62171 1.62198 1.62223 1.62246 1.62268 1.62287 1.62303 1.62318 1.62331 1.62343 1.62352 1.62361 1.62368 1.62374 1.6238 1.62385 1.62389 1.62394 1.62398 1.62403 1.62408 1.62414 1.6242 1.62428 1.62436 1.62445 1.62455 1.62466 1.62478 1.62491 1.62505 1.6252 1.62535 1.62551 1.62568 1.62584 1.62601 1.62617 1.62632 1.62647 1.6266 1.62672 1.62682 1.62691 1.62697 1.62702 1.62704 1.62704 1.62702 1.62698 1.62692 1.62684 1.62674 1.62663 1.6265 1.62636 1.62621 1.62605 1.62589 1.62573 1.62557 1.62542 1.62526 1.62512 1.62498 1.62485 1.62473 1.62462 1.62452 1.62443 1.62435 1.62429 1.62423 1.62419 1.62415 1.62413 1.62412 1.62412 1.62414 1.62417 1.62421 1.62427 1.62435 1.62445 1.62457 1.62471 1.62487 1.62506 1.62527 1.6255 1.62575 1.62602 1.62631 1.62661 1.62692 1.62723 
1.62081 1.62113 1.62144 1.62173 1.62202 1.62229 1.62254 1.62277 1.62298 1.62317 1.62334 1.62349 1.62362 1.62374 1.62383 1.62392 1.62399 1.62405 1.62411 1.62416 1.62421 1.62426 1.6243 1.62436 1.62441 1.62448 1.62455 1.62463 1.62472 1.62482 1.62493 1.62506 1.6252 1.62534 1.6255 1.62567 1.62585 1.62603 1.62622 1.6264 1.62659 1.62677 1.62694 1.62711 1.62726 1.62739 1.62751 1.62761 1.62768 1.62773 1.62776 1.62776 1.62774 1.62769 1.62762 1.62752 1.62741 1.62728 1.62713 1.62698 1.62681 1.62663 1.62645 1.62627 1.62608 1.62591 1.62573 1.62557 1.62541 1.62527 1.62513 1.62501 1.6249 1.6248 1.62471 1.62463 1.62457 1.62452 1.62448 1.62446 1.62444 1.62444 1.62445 1.62448 1.62452 1.62458 1.62466 1.62476 1.62488 1.62502 1.62518 1.62537 1.62558 1.62581 1.62606 1.62633 1.62662 1.62691 1.62722 1.62754 
1.62111 1.62143 1.62173 1.62203 1.62232 1.62259 1.62284 1.62307 1.62328 1.62347 1.62364 1.62379 1.62392 1.62404 1.62413 1.62422 1.62429 1.62436 1.62442 1.62447 1.62453 1.62458 1.62464 1.6247 1.62477 1.62485 1.62493 1.62503 1.62514 1.62527 1.62541 1.62557 1.62574 1.62592 1.62612 1.62632 1.62654 1.62676 1.62699 1.62722 1.62745 1.62767 1.62789 1.62809 1.62827 1.62844 1.62858 1.62869 1.62878 1.62884 1.62888 1.62888 1.62885 1.62879 1.6287 1.62858 1.62844 1.62828 1.6281 1.6279 1.6277 1.62748 1.62726 1.62703 1.62681 1.62659 1.62638 1.62618 1.62598 1.6258 1.62564 1.62549 1.62535 1.62522 1.62512 1.62502 1.62495 1.62488 1.62483 1.62479 1.62477 1.62477 1.62477 1.6248 1.62483 1.62489 1.62497 1.62506 1.62518 1.62532 1.62548 1.62567 1.62588 1.62611 1.62636 1.62663 1.62691 1.62721 1.62752 1.62784 
1.6214 1.62171 1.62202 1.62232 1.6226 1.62287 1.62312 1.62336 1.62357 1.62376 1.62393 1.62408 1.62421 1.62433 1.62443 1.62451 1.62459 1.62466 1.62473 1.62479 1.62485 1.62492 1.62499 1.62507 1.62515 1.62525 1.62537 1.6255 1.62564 1.62581 1.62599 1.6262 1.62642 1.62666 1.62691 1.62718 1.62747 1.62776 1.62805 1.62835 1.62864 1.62893 1.6292 1.62946 1.62969 1.6299 1.63008 1.63023 1.63034 1.63042 1.63046 1.63046 1.63042 1.63034 1.63022 1.63007 1.62989 1.62968 1.62945 1.6292 1.62893 1.62865 1.62836 1.62807 1.62778 1.6275 1.62722 1.62696 1.62671 1.62648 1.62626 1.62607 1.62589 1.62573 1.62559 1.62546 1.62536 1.62527 1.6252 1.62515 1.62511 1.6251 1.62509 1.62511 1.62514 1.62519 1.62527 1.62536 1.62547 1.62561 1.62577 1.62596 1.62616 1.62639 1.62664 1.62691 1.6272 1.6275 1.62781 1.62812 
1.62167 1.62198 1.62229 1.62259 1.62287 1.62314 1.62339 1.62363 1.62384 1.62403 1.6242 1.62435 1.62449 1.6246 1.62471 1.6248 1.62488 1.62496 1.62503 1.62511 1.62518 1.62527 1.62536 1.62546 1.62558 1.62571 1.62586 1.62604 1.62624 1.62646 1.62671 1.62698 1.62728 1.6276 1.62794 1.6283 1.62868 1.62906 1.62945 1.62985 1.63023 1.63061 1.63097 1.6313 1.63161 1.63188 1.63212 1.63231 1.63245 1.63255 1.6326 1.63259 1.63253 1.63243 1.63227 1.63208 1.63184 1.63156 1.63125 1.63092 1.63056 1.63019 1.62981 1.62943 1.62905 1.62867 1.62831 1.62796 1.62763 1.62732 1.62703 1.62677 1.62653 1.62632 1.62613 1.62596 1.62582 1.6257 1.6256 1.62553 1.62547 1.62543 1.62542 1.62542 1.62544 1.62549 1.62556 1.62564 1.62575 1.62589 1.62605 1.62623 1.62644 1.62667 1.62692 1.62718 1.62747 1.62777 1.62808 1.62839 
1.62192 1.62223 1.62254 1.62284 1.62312 1.62339 1.62365 1.62388 1.62409 1.62428 1.62446 1.62461 1.62475 1.62487 1.62498 1.62507 1.62516 1.62525 1.62534 1.62543 1.62552 1.62563 1.62575 1.62589 1.62605 1.62623 1.62644 1.62668 1.62695 1.62725 1.62759 1.62796 1.62836 1.6288 1.62926 1.62974 1.63024 1.63076 1.63128 1.6318 1.63231 1.63281 1.63328 1.63372 1.63413 1.63448 1.63479 1.63504 1.63523 1.63535 1.63541 1.6354 1.63532 1.63518 1.63497 1.63471 1.63439 1.63402 1.63361 1.63317 1.6327 1.6322 1.6317 1.63119 1.63068 1.63018 1.6297 1.62923 1.62879 1.62837 1.62799 1.62763 1.62731 1.62702 1.62676 1.62654 1.62634 1.62618 1.62604 1.62593 1.62584 1.62578 1.62575 1.62573 1.62574 1.62578 1.62583 1.62592 1.62602 1.62615 1.62631 1.62649 1.62669 1.62692 1.62717 1.62744 1.62772 1.62802 1.62833 1.62864 
1.62215 1.62246 1.62277 1.62307 1.62336 1.62363 1.62388 1.62411 1.62433 1.62452 1.62469 1.62485 1.62499 1.62512 1.62523 1.62534 1.62544 1.62554 1.62565 1.62576 1.62588 1.62602 1.62619 1.62637 1.62659 1.62684 1.62712 1.62745 1.62782 1.62823 1.62869 1.62919 1.62973 1.63031 1.63093 1.63158 1.63225 1.63293 1.63362 1.63431 1.63499 1.63565 1.63627 1.63685 1.63738 1.63785 1.63825 1.63857 1.63881 1.63897 1.63904 1.63902 1.63892 1.63873 1.63845 1.6381 1.63768 1.63719 1.63665 1.63606 1.63544 1.63479 1.63412 1.63344 1.63277 1.6321 1.63146 1.63084 1.63025 1.62969 1.62917 1.62869 1.62826 1.62787 1.62752 1.62721 1.62695 1.62672 1.62653 1.62637 1.62624 1.62615 1.62609 1.62605 1.62604 1.62606 1.62611 1.62618 1.62628 1.6264 1.62655 1.62673 1.62693 1.62716 1.6274 1.62767 1.62796 1.62825 1.62856 1.62887 
1.62236 1.62268 1.62298 1.62328 1.62357 1.62384 1.62409 1.62433 1.62454 1.62474 1.62491 1.62507 1.62522 1.62535 1.62548 1.6256 1.62571 1.62584 1.62597 1.62611 1.62627 1.62646 1.62668 1.62693 1.62722 1.62756 1.62795 1.62839 1.62889 1.62945 1.63006 1.63074 1.63146 1.63224 1.63306 1.63392 1.63481 1.63571 1.63662 1.63753 1.63842 1.63927 1.64009 1.64084 1.64153 1.64214 1.64265 1.64307 1.64338 1.64358 1.64367 1.64364 1.6435 1.64325 1.64288 1.64242 1.64187 1.64123 1.64052 1.63975 1.63893 1.63807 1.63719 1.6363 1.63541 1.63453 1.63368 1.63286 1.63207 1.63133 1.63064 1.63001 1.62943 1.6289 1.62843 1.62802 1.62766 1.62734 1.62708 1.62686 1.62668 1.62655 1.62644 1.62638 1.62635 1.62634 1.62637 1.62643 1.62652 1.62664 1.62678 1.62695 1.62715 1.62737 1.62762 1.62789 1.62817 1.62846 1.62877 1.62909 
1.62255 1.62287 1.62317 1.62347 1.62376 1.62403 1.62428 1.62452 1.62474 1.62493 1.62512 1.62528 1.62543 1.62558 1.62571 1.62585 1.62599 1.62614 1.6263 1.62649 1.6267 1.62695 1.62725 1.62759 1.62798 1.62844 1.62896 1.62956 1.63023 1.63097 1.63179 1.63268 1.63364 1.63467 1.63575 1.63688 1.63804 1.63923 1.64041 1.64159 1.64275 1.64386 1.64491 1.64588 1.64677 1.64755 1.64821 1.64874 1.64914 1.64939 1.6495 1.64946 1.64927 1.64893 1.64846 1.64786 1.64714 1.64631 1.64539 1.64438 1.64332 1.6422 1.64106 1.6399 1.63873 1.63759 1.63647 1.63539 1.63436 1.63339 1.63248 1.63164 1.63087 1.63017 1.62954 1.62899 1.62851 1.62808 1.62773 1.62743 1.62718 1.62698 1.62683 1.62673 1.62666 1.62663 1.62664 1.62668 1.62675 1.62686 1.627 1.62716 1.62735 1.62757 1.62782 1.62808 1.62836 1.62866 1.62896 1.62928 
1.62272 1.62303 1.62334 1.62364 1.62393 1.6242 1.62446 1.62469 1.62491 1.62512 1.6253 1.62548 1.62564 1.6258 1.62595 1.62611 1.62628 1.62646 1.62667 1.62692 1.6272 1.62753 1.62792 1.62837 1.6289 1.62951 1.63021 1.631 1.63189 1.63287 1.63395 1.63512 1.63639 1.63773 1.63914 1.6406 1.64211 1.64364 1.64517 1.64668 1.64817 1.64959 1.65093 1.65217 1.6533 1.65429 1.65513 1.6558 1.6563 1.65662 1.65675 1.65668 1.65644 1.656 1.6554 1.65462 1.6537 1.65263 1.65145 1.65016 1.64879 1.64735 1.64588 1.64438 1.64288 1.6414 1.63995 1.63855 1.63721 1.63594 1.63476 1.63366 1.63265 1.63173 1.63091 1.63018 1.62953 1.62897 1.62849 1.62809 1.62775 1.62748 1.62726 1.6271 1.62699 1.62693 1.62691 1.62692 1.62698 1.62707 1.6272 1.62735 1.62754 1.62776 1.62799 1.62825 1.62853 1.62883 1.62913 1.62945 
1.62287 1.62318 1.62349 1.62379 1.62408 1.62435 1.62461 1.62485 1.62507 1.62528 1.62548 1.62566 1.62584 1.62601 1.62619 1.62638 1.62659 1.62682 1.62709 1.6274 1.62778 1.62822 1.62873 1.62933 1.63003 1.63084 1.63176 1.6328 1.63396 1.63525 1.63665 1.63818 1.63981 1.64154 1.64335 1.64523 1.64716 1.64911 1.65107 1.653 1.65487 1.65667 1.65837 1.65993 1.66135 1.66259 1.66364 1.66448 1.6651 1.66549 1.66565 1.66556 1.66524 1.66469 1.66392 1.66294 1.66176 1.66041 1.65891 1.65727 1.65553 1.65371 1.65183 1.64992 1.64801 1.64612 1.64426 1.64246 1.64074 1.63911 1.63758 1.63616 1.63485 1.63366 1.63258 1.63162 1.63078 1.63004 1.62941 1.62887 1.62842 1.62805 1.62775 1.62752 1.62735 1.62724 1.62718 1.62717 1.6272 1.62728 1.62739 1.62753 1.62771 1.62792 1.62815 1.62841 1.62869 1.62898 1.62928 1.6296 
1.623 1.62331 1.62362 1.62392 1.62421 1.62449 1.62475 1.62499 1.62522 1.62543 1.62564 1.62584 1.62603 1.62623 1.62644 1.62667 1.62693 1.62722 1.62757 1.62798 1.62847 1.62904 1.62972 1.63051 1.63143 1.63248 1.63368 1.63503 1.63654 1.6382 1.64001 1.64196 1.64405 1.64626 1.64856 1.65095 1.65339 1.65585 1.65831 1.66073 1.66308 1.66533 1.66744 1.6694 1.67115 1.67269 1.67399 1.67503 1.67579 1.67627 1.67645 1.67634 1.67593 1.67523 1.67426 1.67303 1.67156 1.66987 1.66799 1.66594 1.66375 1.66147 1.65911 1.6567 1.65429 1.6519 1.64955 1.64727 1.64508 1.643 1.64105 1.63923 1.63755 1.63602 1.63464 1.6334 1.6323 1.63135 1.63052 1.62981 1.62921 1.62872 1.62831 1.628 1.62776 1.62759 1.62748 1.62743 1.62743 1.62748 1.62757 1.62771 1.62787 1.62807 1.6283 1.62855 1.62883 1.62912 1.62942 1.62973 
1.62311 1.62343 1.62374 1.62404 1.62433 1.6246 1.62487 1.62512 1.62535 1.62558 1.6258 1.62601 1.62623 1.62646 1.62671 1.62699 1.62731 1.62769 1.62814 1.62867 1.6293 1.63005 1.63093 1.63196 1.63315 1.63451 1.63606 1.63779 1.63972 1.64183 1.64414 1.64661 1.64925 1.65204 1.65494 1.65792 1.66097 1.66404 1.6671 1.6701 1.67301 1.67579 1.67839 1.68079 1.68295 1.68484 1.68642 1.68769 1.68861 1.68919 1.6894 1.68925 1.68874 1.68788 1.68667 1.68515 1.68333 1.68124 1.67891 1.67638 1.67367 1.67083 1.6679 1.66491 1.6619 1.65891 1.65597 1.65312 1.65037 1.64775 1.64528 1.64298 1.64086 1.63891 1.63715 1.63557 1.63416 1.63293 1.63186 1.63094 1.63016 1.62951 1.62898 1.62855 1.62822 1.62798 1.62781 1.62771 1.62767 1.62769 1.62776 1.62787 1.62802 1.62821 1.62843 1.62868 1.62895 1.62923 1.62953 1.62984 
1.62321 1.62352 1.62383 1.62413 1.62443 1.62471 1.62498 1.62523 1.62548 1.62571 1.62595 1.62619 1.62644 1.62671 1.62701 1.62736 1.62776 1.62825 1.62882 1.62951 1.63032 1.63129 1.63242 1.63374 1.63527 1.63701 1.63897 1.64117 1.64361 1.64628 1.64917 1.65228 1.65558 1.65904 1.66264 1.66634 1.6701 1.67388 1.67764 1.68132 1.68487 1.68826 1.69143 1.69435 1.69696 1.69925 1.70116 1.70269 1.7038 1.70448 1.70473 1.70453 1.7039 1.70284 1.70138 1.69952 1.6973 1.69474 1.6919 1.6888 1.68548 1.682 1.6784 1.67473 1.67103 1.66734 1.6637 1.66016 1.65675 1.65349 1.65041 1.64753 1.64486 1.64242 1.6402 1.6382 1.63642 1.63485 1.63349 1.63231 1.63131 1.63047 1.62977 1.62921 1.62876 1.62842 1.62818 1.62802 1.62793 1.62791 1.62795 1.62804 1.62817 1.62834 1.62855 1.62879 1.62905 1.62934 1.62963 1.62994 
1.6233 1.62361 1.62392 1.62422 1.62451 1.6248 1.62507 1.62534 1.6256 1.62585 1.62611 1.62638 1.62667 1.62699 1.62736 1.62779 1.6283 1.62891 1.62965 1.63052 1.63157 1.6328 1.63424 1.63592 1.63785 1.64005 1.64253 1.64529 1.64833 1.65166 1.65526 1.6591 1.66317 1.66744 1.67186 1.67638 1.68097 1.68557 1.69013 1.69458 1.69888 1.70296 1.70677 1.71027 1.71341 1.71613 1.71842 1.72024 1.72155 1.72236 1.72264 1.72239 1.72163 1.72035 1.71858 1.71634 1.71366 1.71058 1.70715 1.7034 1.6994 1.69518 1.69081 1.68635 1.68184 1.67734 1.6729 1.66856 1.66437 1.66035 1.65656 1.65299 1.64969 1.64664 1.64387 1.64138 1.63914 1.63717 1.63545 1.63396 1.63268 1.63161 1.63072 1.62998 1.6294 1.62895 1.62861 1.62837 1.62822 1.62815 1.62815 1.6282 1.62832 1.62847 1.62867 1.6289 1.62915 1.62943 1.62972 1.63003 
1.62337 1.62368 1.62399 1.62429 1.62459 1.62488 1.62516 1.62544 1.62571 1.62599 1.62628 1.62659 1.62693 1.62731 1.62776 1.6283 1.62894 1.62972 1.63064 1.63175 1.63308 1.63463 1.63646 1.63857 1.64099 1.64373 1.64681 1.65024 1.65401 1.65811 1.66252 1.66723 1.6722 1.67739 1.68274 1.68822 1.69375 1.69928 1.70474 1.71007 1.7152 1.72006 1.72459 1.72874 1.73245 1.73568 1.73837 1.74051 1.74205 1.74299 1.74331 1.74301 1.74208 1.74056 1.73845 1.73578 1.73259 1.72893 1.72484 1.72037 1.71558 1.71054 1.7053 1.69994 1.69451 1.68908 1.68371 1.67846 1.67337 1.66848 1.66385 1.65949 1.65543 1.65169 1.64827 1.64518 1.64241 1.63996 1.63781 1.63594 1.63434 1.63298 1.63184 1.63091 1.63015 1.62956 1.6291 1.62877 1.62854 1.62841 1.62836 1.62838 1.62847 1.6286 1.62878 1.62899 1.62924 1.62951 1.6298 1.6301 
1.62343 1.62374 1.62405 1.62436 1.62466 1.62496 1.62525 1.62554 1.62584 1.62614 1.62646 1.62682 1.62722 1.62769 1.62825 1.62891 1.62972 1.63068 1.63185 1.63325 1.6349 1.63685 1.63913 1.64175 1.64475 1.64814 1.65194 1.65614 1.66075 1.66574 1.67111 1.67681 1.6828 1.68904 1.69546 1.702 1.7086 1.71517 1.72164 1.72794 1.73399 1.73971 1.74503 1.7499 1.75424 1.758 1.76114 1.76362 1.76542 1.7665 1.76686 1.76649 1.7654 1.7636 1.76112 1.75798 1.75424 1.74992 1.7451 1.73983 1.73418 1.72822 1.72201 1.71564 1.70919 1.70271 1.6963 1.69 1.68388 1.678 1.67241 1.66713 1.6622 1.65765 1.65347 1.64969 1.6463 1.64328 1.64062 1.63831 1.63631 1.63462 1.63319 1.63201 1.63105 1.63028 1.62968 1.62923 1.62892 1.62871 1.6286 1.62858 1.62862 1.62873 1.62889 1.62909 1.62932 1.62959 1.62987 1.63017 
1.62349 1.6238 1.62411 1.62442 1.62473 1.62503 1.62534 1.62565 1.62597 1.6263 1.62667 1.62709 1.62757 1.62814 1.62882 1.62965 1.63064 1.63185 1.6333 1.63504 1.63709 1.63951 1.64232 1.64555 1.64922 1.65337 1.65799 1.66309 1.66867 1.67469 1.68113 1.68795 1.6951 1.70252 1.71013 1.71786 1.72563 1.73336 1.74094 1.7483 1.75535 1.76201 1.76819 1.77382 1.77884 1.78318 1.7868 1.78965 1.79171 1.79294 1.79334 1.7929 1.79162 1.78953 1.78665 1.78301 1.77866 1.77365 1.76804 1.7619 1.7553 1.74833 1.74106 1.73359 1.72599 1.71836 1.71077 1.70331 1.69604 1.68903 1.68235 1.67603 1.67011 1.66462 1.65958 1.655 1.65087 1.64719 1.64394 1.6411 1.63865 1.63656 1.63479 1.63332 1.63211 1.63113 1.63037 1.62978 1.62935 1.62905 1.62887 1.62879 1.6288 1.62887 1.629 1.62919 1.62941 1.62966 1.62993 1.63023 
1.62354 1.62385 1.62416 1.62447 1.62479 1.62511 1.62543 1.62576 1.62611 1.62649 1.62692 1.6274 1.62798 1.62867 1.62951 1.63052 1.63175 1.63325 1.63504 1.63718 1.6397 1.64266 1.64609 1.65003 1.65449 1.6595 1.66508 1.6712 1.67787 1.68505 1.6927 1.70078 1.70921 1.71793 1.72686 1.73589 1.74495 1.75392 1.76271 1.77121 1.77934 1.78699 1.79408 1.80053 1.80626 1.81122 1.81534 1.81858 1.82091 1.8223 1.82274 1.82223 1.82076 1.81836 1.81505 1.81088 1.80589 1.80013 1.79368 1.78661 1.779 1.77094 1.76252 1.75385 1.74501 1.7361 1.72723 1.71848 1.70994 1.70168 1.69377 1.68628 1.67924 1.67269 1.66667 1.66117 1.65621 1.65177 1.64783 1.64439 1.6414 1.63884 1.63667 1.63486 1.63336 1.63214 1.63117 1.63042 1.62986 1.62945 1.62919 1.62904 1.62899 1.62902 1.62913 1.62928 1.62949 1.62973 1.62999 1.63028 
1.62358 1.62389 1.62421 1.62453 1.62485 1.62518 1.62552 1.62588 1.62627 1.6267 1.6272 1.62778 1.62847 1.6293 1.63032 1.63157 1.63308 1.6349 1.63709 1.6397 1.64278 1.64637 1.65052 1.65526 1.66062 1.66662 1.67327 1.68054 1.68843 1.6969 1.7059 1.71536 1.72521 1.73535 1.7457 1.75615 1.76658 1.77689 1.78695 1.79667 1.80593 1.81463 1.82268 1.82998 1.83646 1.84205 1.84669 1.85033 1.85295 1.8545 1.85498 1.85438 1.85272 1.85 1.84625 1.84153 1.83587 1.82933 1.822 1.81395 1.80527 1.79606 1.78642 1.77645 1.76628 1.756 1.74574 1.73558 1.72564 1.71601 1.70675 1.69796 1.68967 1.68195 1.67481 1.66828 1.66237 1.65706 1.65235 1.64821 1.64461 1.64151 1.63887 1.63666 1.63482 1.63332 1.63212 1.63117 1.63045 1.62992 1.62955 1.62932 1.62921 1.62919 1.62926 1.62939 1.62957 1.6298 1.63005 1.63033 
1.62363 1.62394 1.62426 1.62458 1.62492 1.62527 1.62563 1.62602 1.62646 1.62695 1.62753 1.62822 1.62904 1.63005 1.63129 1.6328 1.63463 1.63685 1.63951 1.64266 1.64637 1.65069 1.65565 1.66131 1.66769 1.67479 1.68263 1.69119 1.70044 1.71032 1.72079 1.73175 1.74313 1.75481 1.76668 1.77862 1.79052 1.80223 1.81364 1.82462 1.83506 1.84485 1.85387 1.86205 1.86929 1.87552 1.88069 1.88474 1.88764 1.88936 1.88988 1.8892 1.88733 1.88429 1.8801 1.8748 1.86846 1.86113 1.85289 1.84383 1.83404 1.82362 1.8127 1.80138 1.7898 1.77807 1.76631 1.75465 1.7432 1.73207 1.72135 1.71113 1.70147 1.69244 1.68407 1.67639 1.66942 1.66314 1.65755 1.65262 1.64832 1.6446 1.64143 1.63875 1.63653 1.63469 1.63322 1.63204 1.63113 1.63045 1.62997 1.62964 1.62946 1.62939 1.62941 1.6295 1.62966 1.62987 1.63011 1.63038 
1.62368 1.62398 1.6243 1.62464 1.62499 1.62536 1.62575 1.62619 1.62668 1.62725 1.62792 1.62873 1.62972 1.63093 1.63242 1.63424 1.63646 1.63913 1.64232 1.64609 1.65052 1.65565 1.66154 1.66823 1.67573 1.68406 1.69322 1.70319 1.71391 1.72534 1.73739 1.74997 1.76297 1.77628 1.78976 1.80327 1.81669 1.82986 1.84266 1.85494 1.86658 1.87746 1.88748 1.89653 1.90453 1.91141 1.9171 1.92156 1.92474 1.92662 1.92718 1.92643 1.92435 1.92099 1.91635 1.9105 1.90347 1.89534 1.88619 1.8761 1.86517 1.85353 1.84128 1.82857 1.81551 1.80225 1.78893 1.77567 1.76262 1.74989 1.73759 1.72582 1.71468 1.70422 1.6945 1.68555 1.67739 1.67003 1.66346 1.65764 1.65255 1.64814 1.64437 1.64117 1.63849 1.63628 1.63449 1.63305 1.63193 1.63108 1.63045 1.63002 1.62974 1.6296 1.62957 1.62963 1.62976 1.62995 1.63017 1.63044 
1.62373 1.62403 1.62436 1.6247 1.62507 1.62546 1.62589 1.62637 1.62693 1.62759 1.62837 1.62933 1.63051 1.63196 1.63374 1.63592 1.63857 1.64175 1.64555 1.65003 1.65526 1.66131 1.66823 1.67605 1.68479 1.69447 1.70507 1.71656 1.72887 1.74195 1.75569 1.76998 1.78469 1.7997 1.81485 1.82999 1.84497 1.85963 1.87383 1.88742 1.90026 1.91224 1.92324 1.93315 1.9419 1.94941 1.95562 1.96047 1.96392 1.96596 1.96657 1.96573 1.96347 1.95979 1.95472 1.94831 1.94062 1.9317 1.92164 1.91053 1.89847 1.88559 1.87201 1.85786 1.8433 1.82846 1.81351 1.79859 1.78385 1.76943 1.75545 1.74204 1.72929 1.71729 1.70611 1.69578 1.68633 1.67778 1.67012 1.66332 1.65735 1.65217 1.64771 1.64392 1.64074 1.6381 1.63595 1.63422 1.63285 1.6318 1.63101 1.63045 1.63007 1.62985 1.62976 1.62978 1.62987 1.63003 1.63024 1.63049 
1.62378 1.62408 1.62441 1.62477 1.62515 1.62558 1.62605 1.62659 1.62722 1.62798 1.6289 1.63003 1.63143 1.63315 1.63527 1.63785 1.64099 1.64475 1.64922 1.65449 1.66062 1.66769 1.67573 1.68479 1.69489 1.70603 1.71818 1.73129 1.74531 1.76012 1.77564 1.79171 1.80821 1.82497 1.84183 1.85862 1.87518 1.89134 1.90693 1.92181 1.93583 1.94888 1.96083 1.97158 1.98105 1.98916 1.99585 2.00107 2.00479 2.00698 2.00763 2.00672 2.00427 2.0003 1.99483 1.9879 1.97956 1.96988 1.95895 1.94684 1.93368 1.91957 1.90466 1.88908 1.873 1.85656 1.83995 1.82331 1.80682 1.79064 1.77491 1.75976 1.74531 1.73167 1.71891 1.70709 1.69625 1.6864 1.67755 1.66968 1.66274 1.6567 1.65148 1.64704 1.64329 1.64017 1.63761 1.63554 1.6339 1.63262 1.63165 1.63094 1.63045 1.63014 1.62998 1.62994 1.62999 1.63012 1.63032 1.63055 
1.62384 1.62414 1.62448 1.62485 1.62525 1.62571 1.62623 1.62684 1.62756 1.62844 1.62951 1.63084 1.63248 1.63451 1.63701 1.64005 1.64373 1.64814 1.65337 1.6595 1.66662 1.67479 1.68406 1.69447 1.70603 1.71872 1.73252 1.74736 1.76315 1.77979 1.79715 1.81506 1.83338 1.85192 1.87051 1.88896 1.90708 1.9247 1.94166 1.9578 1.97296 1.98703 1.99988 2.01142 2.02156 2.03023 2.03737 2.04294 2.0469 2.04923 2.04991 2.04894 2.04633 2.04209 2.03624 2.02883 2.0199 2.00951 1.99775 1.9847 1.97046 1.95517 1.93896 1.92198 1.90438 1.88635 1.86806 1.84969 1.83142 1.81342 1.79587 1.77891 1.76268 1.74731 1.73288 1.71947 1.70714 1.6959 1.68577 1.67672 1.66873 1.66174 1.6557 1.65053 1.64615 1.6425 1.63949 1.63704 1.63508 1.63355 1.63237 1.6315 1.63088 1.63046 1.63022 1.63012 1.63013 1.63023 1.6304 1.63062 
1.6239 1.6242 1.62455 1.62493 1.62537 1.62586 1.62644 1.62712 1.62795 1.62896 1.63021 1.63176 1.63368 1.63606 1.63897 1.64253 1.64681 1.65194 1.65799 1.66508 1.67327 1.68263 1.69322 1.70507 1.71818 1.73252 1.74805 1.76469 1.78233 1.80085 1.82009 1.83988 1.86003 1.88035 1.90065 1.92073 1.94038 1.95943 1.9777 1.99502 2.01126 2.02627 2.03996 2.05222 2.06297 2.07215 2.0797 2.08557 2.08975 2.0922 2.09292 2.0919 2.08915 2.08467 2.07849 2.07065 2.06118 2.05015 2.03763 2.0237 2.00847 1.99206 1.9746 1.95626 1.9372 1.9176 1.89764 1.87753 1.85747 1.83763 1.81822 1.79939 1.78133 1.76415 1.74797 1.73289 1.71898 1.70626 1.69475 1.68445 1.67532 1.66731 1.66036 1.6544 1.64934 1.64509 1.64158 1.63872 1.63641 1.63459 1.63318 1.63212 1.63136 1.63083 1.6305 1.63033 1.63029 1.63035 1.63049 1.63069 
1.62397 1.62428 1.62463 1.62503 1.6255 1.62604 1.62668 1.62745 1.62839 1.62956 1.631 1.6328 1.63503 1.63779 1.64117 1.64529 1.65024 1.65614 1.66309 1.6712 1.68054 1.69119 1.70319 1.71656 1.73129 1.74736 1.76469 1.78319 1.80273 1.82315 1.8443 1.86596 1.88794 1.91002 1.93199 1.95364 1.97476 1.99516 2.01466 2.03308 2.0503 2.06619 2.08062 2.09352 2.10481 2.11443 2.12233 2.12847 2.13284 2.1354 2.13615 2.1351 2.13222 2.12755 2.12109 2.11288 2.10295 2.09135 2.07815 2.06343 2.04729 2.02984 2.01123 1.9916 1.97114 1.95002 1.92844 1.90662 1.88477 1.8631 1.84181 1.82109 1.80114 1.7821 1.76412 1.7473 1.73172 1.71744 1.70448 1.69284 1.68249 1.67339 1.66547 1.65865 1.65284 1.64796 1.6439 1.64058 1.63789 1.63576 1.63409 1.63283 1.6319 1.63124 1.63081 1.63056 1.63046 1.63048 1.63059 1.63078 
1.62405 1.62436 1.62472 1.62514 1.62564 1.62624 1.62695 1.62782 1.62889 1.63023 1.63189 1.63396 1.63654 1.63972 1.64361 1.64833 1.65401 1.66075 1.66867 1.67787 1.68843 1.70044 1.71391 1.72887 1.74531 1.76315 1.78233 1.80273 1.82419 1.84653 1.86957 1.89309 1.91686 1.94065 1.96423 1.98738 2.00987 2.03152 2.05214 2.07157 2.08967 2.10631 2.1214 2.13484 2.14659 2.15657 2.16476 2.17112 2.17564 2.1783 2.17909 2.178 2.17504 2.17021 2.16354 2.15502 2.14471 2.13263 2.11886 2.10345 2.0865 2.06812 2.04845 2.02764 2.00586 1.9833 1.96018 1.9367 1.91311 1.88961 1.86646 1.84385 1.82199 1.80106 1.78122 1.76261 1.74531 1.7294 1.71492 1.70187 1.69024 1.67997 1.67101 1.66327 1.65667 1.65109 1.64645 1.64262 1.63952 1.63704 1.6351 1.63361 1.63249 1.63169 1.63115 1.63082 1.63066 1.63063 1.63071 1.63087 
1.62414 1.62445 1.62482 1.62527 1.62581 1.62646 1.62725 1.62823 1.62945 1.63097 1.63287 1.63525 1.6382 1.64183 1.64628 1.65166 1.65811 1.66574 1.67469 1.68505 1.6969 1.71032 1.72534 1.74195 1.76012 1.77979 1.80085 1.82315 1.84653 1.87079 1.8957 1.92102 1.94652 1.97194 1.99703 2.02158 2.04534 2.06813 2.08976 2.11006 2.12891 2.1462 2.16182 2.17571 2.18782 2.19809 2.2065 2.21303 2.21767 2.22039 2.22121 2.22011 2.2171 2.21217 2.20533 2.1966 2.18599 2.17354 2.15929 2.14331 2.12568 2.10649 2.08589 2.064 2.04102 2.01713 1.99254 1.96749 1.94221 1.91695 1.89196 1.86747 1.84371 1.82088 1.79917 1.77872 1.75966 1.74207 1.72601 1.7115 1.69852 1.68703 1.67697 1.66826 1.6608 1.65449 1.64921 1.64485 1.6413 1.63845 1.6362 1.63446 1.63315 1.6322 1.63153 1.63111 1.63087 1.63079 1.63083 1.63098 
1.62424 1.62455 1.62493 1.62541 1.62599 1.62671 1.62759 1.62869 1.63006 1.63179 1.63395 1.63665 1.64001 1.64414 1.64917 1.65526 1.66252 1.67111 1.68113 1.6927 1.7059 1.72079 1.73739 1.75569 1.77564 1.79715 1.82009 1.8443 1.86957 1.8957 1.92242 1.94948 1.97662 2.00357 2.03008 2.05589 2.0808 2.10459 2.12708 2.14813 2.16761 2.18541 2.20145 2.21568 2.22804 2.23852 2.24708 2.25373 2.25844 2.26122 2.26207 2.26097 2.25793 2.25294 2.24601 2.23714 2.22633 2.21361 2.19901 2.18258 2.16439 2.14454 2.12313 2.10031 2.07625 2.05115 2.02521 1.99868 1.97181 1.94486 1.91808 1.89176 1.86612 1.8414 1.8178 1.79551 1.77466 1.75537 1.73769 1.72166 1.70728 1.69452 1.68331 1.67358 1.66523 1.65813 1.65218 1.64725 1.64322 1.63997 1.6374 1.63539 1.63387 1.63274 1.63195 1.63142 1.63111 1.63097 1.63097 1.63109 
1.62435 1.62466 1.62506 1.62557 1.6262 1.62698 1.62796 1.62919 1.63074 1.63268 1.63512 1.63818 1.64196 1.64661 1.65228 1.6591 1.66723 1.67681 1.68795 1.70078 1.71536 1.73175 1.74997 1.76998 1.79171 1.81506 1.83988 1.86596 1.89309 1.92102 1.94948 1.97819 2.00687 2.03523 2.06301 2.08997 2.11587 2.14052 2.16374 2.18539 2.20535 2.22353 2.23987 2.25432 2.26685 2.27744 2.28609 2.29279 2.29755 2.30036 2.30123 2.30015 2.29712 2.29212 2.28516 2.27622 2.26531 2.25243 2.2376 2.22086 2.20225 2.18187 2.15981 2.1362 2.11121 2.08502 2.05787 2.02998 2.00162 1.97306 1.94459 1.91649 1.88902 1.86244 1.83698 1.81285 1.7902 1.76918 1.74985 1.73228 1.71647 1.70239 1.69 1.67921 1.66992 1.662 1.65535 1.64981 1.64528 1.6416 1.63868 1.63639 1.63464 1.63334 1.6324 1.63176 1.63137 1.63117 1.63113 1.63122 
1.62448 1.62478 1.6252 1.62574 1.62642 1.62728 1.62836 1.62973 1.63146 1.63364 1.63639 1.63981 1.64405 1.64925 1.65558 1.66317 1.6722 1.6828 1.6951 1.70921 1.72521 1.74313 1.76297 1.78469 1.80821 1.83338 1.86003 1.88794 1.91686 1.94652 1.97662 2.00687 2.03696 2.0666 2.09552 2.12347 2.15022 2.17558 2.19937 2.22147 2.24177 2.26021 2.27672 2.29128 2.30387 2.3145 2.32316 2.32987 2.33463 2.33745 2.33834 2.33729 2.33429 2.32934 2.32241 2.31349 2.30257 2.28964 2.2747 2.25777 2.23889 2.21812 2.19555 2.1713 2.14553 2.11842 2.09019 2.06107 2.03135 2.0013 1.97123 1.94143 1.9122 1.88381 1.85653 1.83058 1.80615 1.78339 1.76241 1.74327 1.72601 1.71059 1.69698 1.6851 1.67484 1.66608 1.65869 1.65252 1.64745 1.64334 1.64005 1.63746 1.63547 1.63397 1.63288 1.63213 1.63164 1.63138 1.63129 1.63135 
1.6246 1.62491 1.62534 1.62592 1.62666 1.6276 1.6288 1.63031 1.63224 1.63467 1.63773 1.64154 1.64626 1.65204 1.65904 1.66744 1.67739 1.68904 1.70252 1.71793 1.73535 1.75481 1.77628 1.7997 1.82497 1.85192 1.88035 1.91002 1.94065 1.97194 2.00357 2.03523 2.0666 2.09738 2.12729 2.15608 2.18352 2.20943 2.23364 2.25605 2.27656 2.29511 2.31168 2.32624 2.33881 2.34939 2.358 2.36466 2.36939 2.37221 2.37311 2.3721 2.36917 2.3643 2.35746 2.34864 2.33779 2.32491 2.30997 2.29298 2.27396 2.25296 2.23003 2.20531 2.17891 2.15103 2.12186 2.09167 2.06072 2.0293 1.99774 1.96635 1.93544 1.90531 1.87626 1.84854 1.82235 1.79787 1.77524 1.75455 1.73581 1.71905 1.7042 1.69121 1.67995 1.67032 1.66217 1.65536 1.64974 1.64516 1.64149 1.63859 1.63634 1.63464 1.6334 1.63252 1.63194 1.6316 1.63147 1.6315 
1.62474 1.62505 1.6255 1.62612 1.62691 1.62794 1.62926 1.63093 1.63306 1.63575 1.63914 1.64335 1.64856 1.65494 1.66264 1.67186 1.68274 1.69546 1.71013 1.72686 1.7457 1.76668 1.78976 1.81485 1.84183 1.87051 1.90065 1.93199 1.96423 1.99703 2.03008 2.06301 2.09552 2.12729 2.15804 2.18751 2.21549 2.24179 2.26628 2.28885 2.30944 2.32799 2.3445 2.35897 2.37142 2.38188 2.39038 2.39695 2.40162 2.4044 2.40532 2.40436 2.40152 2.39677 2.39008 2.38141 2.37073 2.35799 2.34317 2.32624 2.30721 2.2861 2.26298 2.23792 2.21105 2.18255 2.15261 2.12149 2.08945 2.05681 2.02388 1.991 1.95852 1.92674 1.89599 1.86655 1.83865 1.8125 1.78824 1.76599 1.7458 1.72768 1.71159 1.69747 1.68521 1.67469 1.66577 1.6583 1.65211 1.64706 1.64299 1.63977 1.63726 1.63535 1.63393 1.63293 1.63225 1.63184 1.63166 1.63165 
1.62489 1.6252 1.62567 1.62632 1.62718 1.6283 1.62974 1.63158 1.63392 1.63688 1.6406 1.64523 1.65095 1.65792 1.66634 1.67638 1.68822 1.702 1.71786 1.73589 1.75615 1.77862 1.80327 1.82999 1.85862 1.88896 1.92073 1.95364 1.98738 2.02158 2.05589 2.08997 2.12347 2.15608 2.18751 2.21751 2.24588 2.27243 2.29706 2.31967 2.3402 2.35864 2.375 2.38928 2.40154 2.41181 2.42015 2.42658 2.43116 2.43391 2.43483 2.43393 2.4312 2.4266 2.42011 2.41166 2.40121 2.3887 2.37408 2.35732 2.33841 2.31733 2.29413 2.26889 2.2417 2.21274 2.18218 2.15028 2.1173 2.08357 2.04941 2.01517 1.98122 1.94789 1.91554 1.88445 1.8549 1.82712 1.80128 1.7775 1.75587 1.73641 1.71908 1.70384 1.69057 1.67916 1.66946 1.66131 1.65455 1.64901 1.64454 1.64099 1.63821 1.63608 1.63449 1.63335 1.63258 1.63209 1.63185 1.63182 
1.62504 1.62535 1.62585 1.62654 1.62747 1.62868 1.63024 1.63225 1.63481 1.63804 1.64211 1.64716 1.65339 1.66097 1.6701 1.68097 1.69375 1.7086 1.72563 1.74495 1.76658 1.79052 1.81669 1.84497 1.87518 1.90708 1.94038 1.97476 2.00987 2.04534 2.0808 2.11587 2.15022 2.18352 2.21549 2.24588 2.27449 2.30117 2.3258 2.34833 2.36871 2.38694 2.40304 2.41707 2.42907 2.4391 2.44723 2.4535 2.45796 2.46064 2.46157 2.46074 2.45813 2.45372 2.44745 2.43927 2.42911 2.4169 2.40258 2.38609 2.36738 2.34646 2.32332 2.29802 2.27065 2.24137 2.21034 2.1778 2.14404 2.10935 2.0741 2.03863 2.00333 1.96857 1.9347 1.90205 1.87093 1.84158 1.81421 1.78896 1.76592 1.74514 1.72659 1.71024 1.69597 1.68367 1.67319 1.66436 1.65703 1.651 1.64612 1.64223 1.63918 1.63683 1.63507 1.63379 1.63291 1.63235 1.63206 1.63199 
1.6252 1.62551 1.62603 1.62676 1.62776 1.62906 1.63076 1.63293 1.63571 1.63923 1.64364 1.64911 1.65585 1.66404 1.67388 1.68557 1.69928 1.71517 1.73336 1.75392 1.77689 1.80223 1.82986 1.85963 1.89134 1.9247 1.95943 1.99516 2.03152 2.06813 2.10459 2.14052 2.17558 2.20943 2.24179 2.27243 2.30117 2.32785 2.35238 2.37472 2.39485 2.41279 2.42858 2.44228 2.45397 2.46372 2.47159 2.47767 2.482 2.48461 2.48554 2.48478 2.48231 2.4781 2.47209 2.46422 2.4544 2.44255 2.42859 2.41244 2.39404 2.37336 2.35038 2.32515 2.29774 2.26826 2.2369 2.20387 2.16945 2.13396 2.09775 2.06118 2.02466 1.98858 1.9533 1.9192 1.88659 1.85576 1.82691 1.80024 1.77584 1.75378 1.73405 1.7166 1.70135 1.68818 1.67692 1.66743 1.65952 1.653 1.64772 1.64349 1.64016 1.63759 1.63566 1.63424 1.63325 1.63262 1.63227 1.63217 
1.62536 1.62568 1.62622 1.62699 1.62805 1.62945 1.63128 1.63362 1.63662 1.64041 1.64517 1.65107 1.65831 1.6671 1.67764 1.69013 1.70474 1.72164 1.74094 1.76271 1.78695 1.81364 1.84266 1.87383 1.90693 1.94166 1.9777 2.01466 2.05214 2.08976 2.12708 2.16374 2.19937 2.23364 2.26628 2.29706 2.3258 2.35238 2.37672 2.39879 2.4186 2.43618 2.4516 2.46493 2.47626 2.48569 2.4933 2.49916 2.50333 2.50587 2.50679 2.5061 2.50378 2.49978 2.49406 2.48651 2.47707 2.46562 2.45207 2.43633 2.41831 2.39796 2.37525 2.35018 2.32282 2.29327 2.2617 2.22831 2.19338 2.15721 2.12017 2.08264 2.04503 2.00774 1.97118 1.93572 1.90173 1.86949 1.83926 1.81123 1.78553 1.76223 1.74136 1.72286 1.70665 1.69262 1.68062 1.67047 1.66199 1.655 1.64931 1.64475 1.64115 1.63836 1.63625 1.63469 1.6336 1.63288 1.63248 1.63235 
1.62552 1.62584 1.6264 1.62722 1.62835 1.62985 1.6318 1.63431 1.63753 1.64159 1.64668 1.653 1.66073 1.6701 1.68132 1.69458 1.71007 1.72794 1.7483 1.77121 1.79667 1.82462 1.85494 1.88742 1.92181 1.9578 1.99502 2.03308 2.07157 2.11006 2.14813 2.18539 2.22147 2.25605 2.28885 2.31967 2.34833 2.37472 2.39879 2.42053 2.43996 2.45713 2.47214 2.48506 2.49602 2.50511 2.51242 2.51805 2.52207 2.52452 2.52544 2.52482 2.52264 2.51887 2.51343 2.50624 2.49719 2.48618 2.47308 2.45778 2.4402 2.42023 2.39785 2.37304 2.34582 2.31631 2.28463 2.251 2.21566 2.17895 2.14121 2.10284 2.06426 2.02589 1.98816 1.95147 1.91619 1.88264 1.85111 1.82181 1.79488 1.77042 1.74844 1.72894 1.71182 1.69696 1.68423 1.67344 1.66442 1.65696 1.65088 1.64599 1.64212 1.63911 1.63683 1.63514 1.63394 1.63315 1.6327 1.63252 
1.62568 1.62601 1.62659 1.62745 1.62864 1.63023 1.63231 1.63499 1.63842 1.64275 1.64817 1.65487 1.66308 1.67301 1.68487 1.69888 1.7152 1.73399 1.75535 1.77934 1.80593 1.83506 1.86658 1.90026 1.93583 1.97296 2.01126 2.0503 2.08967 2.12891 2.16761 2.20535 2.24177 2.27656 2.30944 2.3402 2.36871 2.39485 2.4186 2.43996 2.45897 2.47571 2.49027 2.50278 2.51334 2.52208 2.5291 2.53449 2.53835 2.54071 2.54161 2.54106 2.53904 2.53549 2.53034 2.5235 2.51486 2.50429 2.49166 2.47684 2.45972 2.44019 2.41819 2.39369 2.3667 2.33729 2.3056 2.27182 2.2362 2.19905 2.16073 2.12164 2.08221 2.04289 2.00411 1.96629 1.92984 1.89509 1.86236 1.83187 1.80379 1.77823 1.75523 1.73477 1.71678 1.70114 1.68771 1.67632 1.66677 1.65886 1.6524 1.64719 1.64307 1.63985 1.6374 1.63558 1.63428 1.63341 1.63291 1.6327 
1.62584 1.62617 1.62677 1.62767 1.62893 1.63061 1.63281 1.63565 1.63927 1.64386 1.64959 1.65667 1.66533 1.67579 1.68826 1.70296 1.72006 1.73971 1.76201 1.78699 1.81463 1.84485 1.87746 1.91224 1.94888 1.98703 2.02627 2.06619 2.10631 2.1462 2.18541 2.22353 2.26021 2.29511 2.32799 2.35864 2.38694 2.41279 2.43618 2.45713 2.47571 2.492 2.50612 2.5182 2.52836 2.53675 2.54348 2.54864 2.55233 2.55461 2.5555 2.55501 2.55313 2.5498 2.54494 2.53845 2.53021 2.52008 2.50792 2.49359 2.47695 2.45788 2.43629 2.41214 2.38542 2.35619 2.32456 2.29071 2.25489 2.2174 2.17861 2.13892 2.09876 2.0586 2.01888 1.98006 1.94255 1.90671 1.87288 1.8413 1.81216 1.78558 1.76163 1.74028 1.72147 1.70511 1.69102 1.67906 1.66901 1.66067 1.65385 1.64835 1.64398 1.64056 1.63795 1.636 1.63461 1.63367 1.63311 1.63287 
1.62599 1.62632 1.62694 1.62789 1.6292 1.63097 1.63328 1.63627 1.64009 1.64491 1.65093 1.65837 1.66744 1.67839 1.69143 1.70677 1.72459 1.74503 1.76819 1.79408 1.82268 1.85387 1.88748 1.92324 1.96083 1.99988 2.03996 2.08062 2.1214 2.16182 2.20145 2.23987 2.27672 2.31168 2.3445 2.375 2.40304 2.42858 2.4516 2.47214 2.49027 2.50612 2.5198 2.53146 2.54125 2.5493 2.55574 2.56068 2.56421 2.5664 2.56728 2.56685 2.56511 2.56198 2.55739 2.55124 2.54339 2.53369 2.52199 2.50814 2.49197 2.47336 2.4522 2.42842 2.40201 2.37299 2.34147 2.30762 2.27168 2.23394 2.19477 2.15457 2.11379 2.0729 2.03237 1.99266 1.95421 1.9174 1.88257 1.85 1.8199 1.7924 1.76757 1.7454 1.72585 1.7088 1.69412 1.68162 1.67111 1.66238 1.65522 1.64944 1.64484 1.64123 1.63847 1.63641 1.63492 1.63391 1.63331 1.63304 
1.62613 1.62647 1.62711 1.62809 1.62946 1.6313 1.63372 1.63685 1.64084 1.64588 1.65217 1.65993 1.6694 1.68079 1.69435 1.71027 1.72874 1.7499 1.77382 1.80053 1.82998 1.86205 1.89653 1.93315 1.97158 2.01142 2.05222 2.09352 2.13484 2.17571 2.21568 2.25432 2.29128 2.32624 2.35897 2.38928 2.41707 2.44228 2.46493 2.48506 2.50278 2.5182 2.53146 2.54273 2.55216 2.55989 2.56606 2.57079 2.57417 2.57628 2.57714 2.57678 2.57515 2.57222 2.56788 2.56204 2.55455 2.54526 2.534 2.5206 2.50489 2.48673 2.46599 2.44259 2.41648 2.3877 2.35633 2.32253 2.28652 2.2486 2.20912 2.16851 2.12722 2.08571 2.04447 2.00399 1.96471 1.92704 1.89133 1.85789 1.82693 1.7986 1.77298 1.75008 1.72985 1.71219 1.69696 1.68397 1.67304 1.66395 1.65649 1.65045 1.64563 1.64186 1.63895 1.63678 1.63521 1.63414 1.63349 1.6332 
1.62626 1.6266 1.62726 1.62827 1.62969 1.63161 1.63413 1.63738 1.64153 1.64677 1.6533 1.66135 1.67115 1.68295 1.69696 1.71341 1.73245 1.75424 1.77884 1.80626 1.83646 1.86929 1.90453 1.9419 1.98105 2.02156 2.06297 2.10481 2.14659 2.18782 2.22804 2.26685 2.30387 2.33881 2.37142 2.40154 2.42907 2.45397 2.47626 2.49602 2.51334 2.52836 2.54125 2.55216 2.56125 2.56869 2.57462 2.57916 2.58241 2.58444 2.58529 2.58497 2.58346 2.58069 2.57659 2.57103 2.56388 2.55495 2.54409 2.53111 2.51583 2.49808 2.47774 2.45469 2.42889 2.40035 2.36914 2.33541 2.29938 2.26133 2.22163 2.18069 2.13896 2.09693 2.0551 2.01396 1.97397 1.93555 1.89909 1.86488 1.83317 1.80411 1.7778 1.75425 1.73342 1.71522 1.6995 1.68609 1.67478 1.66537 1.65763 1.65136 1.64635 1.64242 1.63939 1.63712 1.63547 1.63435 1.63366 1.63334 
1.62638 1.62672 1.62739 1.62844 1.6299 1.63188 1.63448 1.63785 1.64214 1.64755 1.65429 1.66259 1.67269 1.68484 1.69925 1.71613 1.73568 1.758 1.78318 1.81122 1.84205 1.87552 1.91141 1.94941 1.98916 2.03023 2.07215 2.11443 2.15657 2.19809 2.23852 2.27744 2.3145 2.34939 2.38188 2.41181 2.4391 2.46372 2.48569 2.50511 2.52208 2.53675 2.5493 2.55989 2.56869 2.57587 2.58159 2.58596 2.58909 2.59105 2.59189 2.59162 2.5902 2.58759 2.58369 2.57838 2.57151 2.56291 2.5524 2.53979 2.52489 2.50751 2.48752 2.4648 2.43929 2.41097 2.37993 2.34628 2.31025 2.27212 2.23224 2.19103 2.14896 2.10651 2.06419 2.02249 1.98191 1.94287 1.90576 1.8709 1.83855 1.80887 1.78197 1.75787 1.73653 1.71786 1.70172 1.68793 1.6763 1.66661 1.65863 1.65216 1.64699 1.64292 1.63978 1.63742 1.63571 1.63453 1.63381 1.63347 
1.62648 1.62682 1.62751 1.62858 1.63008 1.63212 1.63479 1.63825 1.64265 1.64821 1.65513 1.66364 1.67399 1.68642 1.70116 1.71842 1.73837 1.76114 1.7868 1.81534 1.84669 1.88069 1.9171 1.95562 1.99585 2.03737 2.0797 2.12233 2.16476 2.2065 2.24708 2.28609 2.32316 2.358 2.39038 2.42015 2.44723 2.47159 2.4933 2.51242 2.5291 2.54348 2.55574 2.56606 2.57462 2.58159 2.58712 2.59135 2.59438 2.59629 2.59712 2.59688 2.59554 2.59306 2.58932 2.58422 2.57759 2.56927 2.55906 2.54676 2.53217 2.51512 2.49543 2.47299 2.44772 2.4196 2.3887 2.35514 2.31912 2.28093 2.24093 2.19952 2.15717 2.11438 2.07166 2.02953 1.98846 1.94891 1.91128 1.8759 1.84302 1.81283 1.78544 1.76088 1.73912 1.72007 1.70358 1.68948 1.67758 1.66765 1.65948 1.65284 1.64753 1.64334 1.64011 1.63768 1.63591 1.63469 1.63393 1.63358 
1.62656 1.62691 1.62761 1.62869 1.63023 1.63231 1.63504 1.63857 1.64307 1.64874 1.6558 1.66448 1.67503 1.68769 1.70269 1.72024 1.74051 1.76362 1.78965 1.81858 1.85033 1.88474 1.92156 1.96047 2.00107 2.04294 2.08557 2.12847 2.17112 2.21303 2.25373 2.29279 2.32987 2.36466 2.39695 2.42658 2.4535 2.47767 2.49916 2.51805 2.53449 2.54864 2.56068 2.57079 2.57916 2.58596 2.59135 2.59547 2.59842 2.60028 2.6011 2.60089 2.59962 2.59723 2.59363 2.58869 2.58226 2.57415 2.56417 2.55212 2.53779 2.52098 2.50153 2.47931 2.45423 2.42628 2.39549 2.362 2.326 2.28778 2.24767 2.20611 2.16356 2.12051 2.07749 2.03502 1.99358 1.95364 1.91561 1.87981 1.84653 1.81595 1.78818 1.76327 1.74117 1.72182 1.70505 1.69072 1.6786 1.66849 1.66016 1.65338 1.64796 1.64369 1.64038 1.63789 1.63607 1.63482 1.63404 1.63367 
1.62663 1.62697 1.62768 1.62878 1.63034 1.63245 1.63523 1.63881 1.64338 1.64914 1.6563 1.6651 1.67579 1.68861 1.7038 1.72155 1.74205 1.76542 1.79171 1.82091 1.85295 1.88764 1.92474 1.96392 2.00479 2.0469 2.08975 2.13284 2.17564 2.21767 2.25844 2.29755 2.33463 2.36939 2.40162 2.43116 2.45796 2.482 2.50333 2.52207 2.53835 2.55233 2.56421 2.57417 2.58241 2.58909 2.59438 2.59842 2.60132 2.60315 2.60396 2.60377 2.60255 2.60023 2.59672 2.5919 2.5856 2.57765 2.56784 2.55595 2.5418 2.52516 2.50588 2.48382 2.45887 2.43103 2.40033 2.36688 2.33089 2.29264 2.25247 2.2108 2.16809 2.12487 2.08164 2.03892 1.99723 1.95701 1.91869 1.88261 1.84905 1.81819 1.79015 1.76499 1.74266 1.72309 1.70613 1.69162 1.67935 1.6691 1.66066 1.65379 1.64828 1.64394 1.64058 1.63805 1.6362 1.63492 1.63412 1.63374 
1.62667 1.62702 1.62773 1.62884 1.63042 1.63255 1.63535 1.63897 1.64358 1.64939 1.65662 1.66549 1.67627 1.68919 1.70448 1.72236 1.74299 1.7665 1.79294 1.8223 1.8545 1.88936 1.92662 1.96596 2.00698 2.04923 2.0922 2.1354 2.1783 2.22039 2.26122 2.30036 2.33745 2.37221 2.4044 2.43391 2.46064 2.48461 2.50587 2.52452 2.54071 2.55461 2.5664 2.57628 2.58444 2.59105 2.59629 2.60028 2.60315 2.60496 2.60578 2.6056 2.6044 2.60212 2.59867 2.59392 2.5877 2.57983 2.57011 2.55832 2.54426 2.52772 2.50853 2.48654 2.46167 2.43388 2.40321 2.36978 2.33379 2.29551 2.25529 2.21355 2.17076 2.12743 2.08407 2.04122 1.99937 1.959 1.92052 1.88427 1.85054 1.81952 1.79134 1.76602 1.74356 1.72386 1.70679 1.69217 1.67981 1.66949 1.66097 1.65405 1.64849 1.64411 1.64072 1.63815 1.63628 1.63499 1.63418 1.63379 
