1.87373 1.87402 1.87431 1.87459 1.87486 1.87511 1.87536 1.87558 1.87579 1.87599 1.87616 1.87632 1.87646 1.87659 1.87671 1.87681 1.87691 1.877 1.87708 1.87717 1.87725 1.87734 1.87743 1.87753 1.87764 1.87776 1.8779 1.87804 1.87821 1.87838 1.87858 1.87879 1.87901 1.87925 1.87949 1.87975 1.88002 1.88029 1.88057 1.88084 1.88111 1.88136 1.88161 1.88184 1.88205 1.88223 1.88239 1.88253 1.88263 1.88269 1.88273 1.88273 1.88269 1.88263 1.88253 1.8824 1.88224 1.88206 1.88185 1.88163 1.88139 1.88113 1.88087 1.88061 1.88034 1.88007 1.87981 1.87956 1.87932 1.87909 1.87887 1.87867 1.87848 1.87831 1.87816 1.87803 1.87791 1.87781 1.87773 1.87767 1.87762 1.8776 1.87759 1.8776 1.87763 1.87768 1.87776 1.87785 1.87796 1.8781 1.87826 1.87844 1.87864 1.87886 1.8791 1.87935 1.87962 1.8799 1.88018 1.88048 
1.87402 1.87431 1.8746 1.87488 1.87515 1.87541 1.87565 1.87588 1.87608 1.87628 1.87645 1.87661 1.87675 1.87688 1.877 1.8771 1.8772 1.87728 1.87737 1.87745 1.87754 1.87762 1.87772 1.87782 1.87793 1.87805 1.87818 1.87833 1.87849 1.87867 1.87887 1.87908 1.87931 1.87955 1.8798 1.88007 1.88034 1.88062 1.8809 1.88117 1.88145 1.88171 1.88196 1.8822 1.88241 1.8826 1.88277 1.8829 1.88301 1.88308 1.88311 1.88311 1.88308 1.88301 1.88291 1.88277 1.88261 1.88242 1.88221 1.88198 1.88173 1.88147 1.88121 1.88093 1.88066 1.88039 1.88013 1.87987 1.87962 1.87939 1.87917 1.87896 1.87877 1.8786 1.87845 1.87831 1.8782 1.8781 1.87802 1.87795 1.87791 1.87788 1.87788 1.87789 1.87792 1.87797 1.87805 1.87814 1.87825 1.87839 1.87855 1.87873 1.87893 1.87915 1.87939 1.87964 1.87991 1.88019 1.88048 1.88077 
1.87431 1.8746 1.87489 1.87517 1.87544 1.87569 1.87594 1.87616 1.87637 1.87656 1.87674 1.8769 1.87704 1.87717 1.87729 1.87739 1.87749 1.87758 1.87767 1.87776 1.87785 1.87794 1.87804 1.87815 1.87827 1.8784 1.87855 1.87871 1.87889 1.87909 1.8793 1.87954 1.87979 1.88006 1.88034 1.88063 1.88094 1.88124 1.88155 1.88186 1.88217 1.88246 1.88274 1.883 1.88324 1.88345 1.88363 1.88378 1.88389 1.88397 1.88401 1.884 1.88396 1.88389 1.88377 1.88362 1.88344 1.88323 1.883 1.88274 1.88247 1.88218 1.88188 1.88158 1.88128 1.88098 1.88068 1.8804 1.88012 1.87986 1.87962 1.87939 1.87919 1.879 1.87883 1.87868 1.87855 1.87844 1.87835 1.87828 1.87823 1.87819 1.87818 1.87819 1.87822 1.87827 1.87834 1.87843 1.87855 1.87868 1.87884 1.87902 1.87922 1.87944 1.87968 1.87993 1.8802 1.88048 1.88076 1.88106 
1.87459 1.87488 1.87517 1.87545 1.87572 1.87597 1.87622 1.87644 1.87665 1.87685 1.87702 1.87718 1.87733 1.87746 1.87758 1.87769 1.87779 1.87789 1.87798 1.87808 1.87818 1.87828 1.8784 1.87852 1.87866 1.87882 1.879 1.87919 1.8794 1.87964 1.8799 1.88018 1.88048 1.88079 1.88113 1.88148 1.88184 1.8822 1.88257 1.88293 1.88329 1.88364 1.88396 1.88427 1.88455 1.8848 1.88501 1.88518 1.88531 1.8854 1.88545 1.88544 1.88539 1.8853 1.88516 1.88499 1.88477 1.88452 1.88424 1.88394 1.88362 1.88328 1.88293 1.88257 1.88221 1.88185 1.88151 1.88117 1.88084 1.88054 1.88025 1.87998 1.87973 1.87951 1.87931 1.87913 1.87897 1.87884 1.87873 1.87864 1.87857 1.87853 1.87851 1.87851 1.87853 1.87857 1.87864 1.87872 1.87884 1.87897 1.87912 1.8793 1.8795 1.87972 1.87996 1.88021 1.88048 1.88076 1.88104 1.88134 
1.87486 1.87515 1.87544 1.87572 1.87599 1.87624 1.87649 1.87671 1.87693 1.87712 1.8773 1.87746 1.87761 1.87774 1.87787 1.87798 1.87809 1.8782 1.87831 1.87842 1.87853 1.87866 1.8788 1.87896 1.87913 1.87932 1.87954 1.87978 1.88005 1.88035 1.88067 1.88102 1.88139 1.88178 1.8822 1.88263 1.88307 1.88353 1.88398 1.88443 1.88487 1.88529 1.8857 1.88607 1.88641 1.88671 1.88697 1.88718 1.88734 1.88745 1.8875 1.88749 1.88743 1.88731 1.88714 1.88692 1.88665 1.88635 1.886 1.88563 1.88523 1.88481 1.88438 1.88393 1.88349 1.88305 1.88262 1.8822 1.8818 1.88142 1.88106 1.88073 1.88042 1.88014 1.87989 1.87967 1.87947 1.8793 1.87916 1.87905 1.87896 1.87889 1.87885 1.87884 1.87885 1.87888 1.87894 1.87902 1.87912 1.87925 1.8794 1.87958 1.87978 1.87999 1.88023 1.88048 1.88075 1.88103 1.88131 1.88161 
1.87511 1.87541 1.87569 1.87597 1.87624 1.8765 1.87675 1.87697 1.87719 1.87738 1.87756 1.87773 1.87788 1.87802 1.87815 1.87828 1.8784 1.87852 1.87865 1.87878 1.87892 1.87908 1.87925 1.87945 1.87967 1.87992 1.8802 1.88051 1.88086 1.88124 1.88165 1.88209 1.88257 1.88307 1.8836 1.88415 1.88471 1.88528 1.88585 1.88642 1.88697 1.8875 1.88801 1.88848 1.8889 1.88928 1.8896 1.88986 1.89005 1.89018 1.89024 1.89023 1.89015 1.89 1.88978 1.8895 1.88917 1.88878 1.88835 1.88787 1.88737 1.88684 1.88629 1.88574 1.88518 1.88462 1.88408 1.88355 1.88304 1.88256 1.8821 1.88168 1.88129 1.88093 1.8806 1.88032 1.88006 1.87984 1.87966 1.8795 1.87938 1.87928 1.87922 1.87918 1.87917 1.87919 1.87924 1.87931 1.87941 1.87953 1.87968 1.87985 1.88004 1.88026 1.88049 1.88074 1.88101 1.88129 1.88157 1.88186 
1.87536 1.87565 1.87594 1.87622 1.87649 1.87675 1.87699 1.87722 1.87743 1.87763 1.87782 1.87799 1.87815 1.8783 1.87844 1.87858 1.87871 1.87886 1.87901 1.87917 1.87935 1.87955 1.87977 1.88003 1.88031 1.88064 1.881 1.8814 1.88185 1.88234 1.88287 1.88345 1.88406 1.88471 1.88539 1.88609 1.88681 1.88753 1.88826 1.88898 1.88968 1.89036 1.891 1.89159 1.89212 1.8926 1.893 1.89332 1.89357 1.89372 1.89379 1.89378 1.89367 1.89348 1.8932 1.89284 1.89242 1.89192 1.89137 1.89077 1.89013 1.88945 1.88876 1.88805 1.88734 1.88663 1.88593 1.88526 1.88461 1.88399 1.8834 1.88285 1.88235 1.88189 1.88147 1.88109 1.88076 1.88047 1.88023 1.88002 1.87985 1.87971 1.87961 1.87955 1.87952 1.87951 1.87954 1.8796 1.87969 1.8798 1.87994 1.88011 1.8803 1.88051 1.88074 1.88099 1.88125 1.88153 1.88181 1.8821 
1.87558 1.87588 1.87616 1.87644 1.87671 1.87697 1.87722 1.87745 1.87767 1.87787 1.87806 1.87824 1.87841 1.87857 1.87872 1.87888 1.87904 1.87921 1.87939 1.8796 1.87982 1.88008 1.88037 1.8807 1.88107 1.8815 1.88197 1.8825 1.88308 1.88371 1.8844 1.88515 1.88594 1.88677 1.88764 1.88854 1.88946 1.89039 1.89132 1.89223 1.89312 1.89398 1.89478 1.89553 1.8962 1.8968 1.8973 1.89771 1.89801 1.89821 1.89829 1.89826 1.89812 1.89787 1.89752 1.89707 1.89652 1.89589 1.89519 1.89443 1.89361 1.89275 1.89187 1.89096 1.89006 1.88915 1.88826 1.88739 1.88656 1.88576 1.88501 1.88431 1.88366 1.88306 1.88252 1.88203 1.8816 1.88122 1.88089 1.88061 1.88038 1.88019 1.88005 1.87994 1.87988 1.87985 1.87985 1.87989 1.87997 1.88007 1.8802 1.88036 1.88054 1.88075 1.88097 1.88122 1.88148 1.88176 1.88204 1.88233 
1.87579 1.87608 1.87637 1.87665 1.87693 1.87719 1.87743 1.87767 1.87789 1.8781 1.8783 1.87848 1.87866 1.87884 1.87901 1.87919 1.87938 1.87959 1.87982 1.88007 1.88036 1.88069 1.88107 1.8815 1.88199 1.88253 1.88315 1.88383 1.88459 1.88541 1.8863 1.88726 1.88827 1.88934 1.89045 1.8916 1.89277 1.89395 1.89513 1.89628 1.89741 1.89849 1.8995 1.90044 1.90128 1.90203 1.90266 1.90316 1.90354 1.90378 1.90388 1.90384 1.90366 1.90334 1.90289 1.90232 1.90163 1.90083 1.89994 1.89898 1.89794 1.89686 1.89573 1.89459 1.89343 1.89228 1.89115 1.89004 1.88898 1.88796 1.887 1.8861 1.88526 1.88449 1.88379 1.88315 1.88259 1.88209 1.88166 1.88129 1.88098 1.88073 1.88052 1.88037 1.88026 1.8802 1.88018 1.88019 1.88024 1.88033 1.88045 1.8806 1.88077 1.88097 1.8812 1.88144 1.8817 1.88197 1.88225 1.88254 
1.87599 1.87628 1.87656 1.87685 1.87712 1.87738 1.87763 1.87787 1.8781 1.87831 1.87852 1.87872 1.87891 1.87911 1.87931 1.87952 1.87975 1.88001 1.88029 1.88062 1.88099 1.88141 1.8819 1.88245 1.88308 1.88379 1.88459 1.88547 1.88644 1.88749 1.88864 1.88986 1.89115 1.89251 1.89393 1.89538 1.89686 1.89835 1.89983 1.90128 1.90269 1.90404 1.90531 1.90648 1.90753 1.90845 1.90923 1.90986 1.91032 1.91062 1.91074 1.91068 1.91045 1.91004 1.90948 1.90876 1.90789 1.90689 1.90578 1.90456 1.90326 1.9019 1.90048 1.89904 1.89758 1.89613 1.8947 1.8933 1.89195 1.89066 1.88943 1.88828 1.88721 1.88622 1.88532 1.88451 1.88378 1.88314 1.88258 1.88209 1.88168 1.88134 1.88106 1.88084 1.88068 1.88057 1.88051 1.8805 1.88053 1.88059 1.88069 1.88083 1.88099 1.88119 1.8814 1.88164 1.8819 1.88217 1.88245 1.88273 
1.87616 1.87645 1.87674 1.87702 1.8773 1.87756 1.87782 1.87806 1.8783 1.87852 1.87874 1.87895 1.87917 1.87939 1.87963 1.87988 1.88016 1.88048 1.88083 1.88125 1.88172 1.88226 1.88289 1.8836 1.88441 1.88532 1.88634 1.88747 1.8887 1.89005 1.8915 1.89305 1.89468 1.8964 1.89818 1.9 1.90185 1.90371 1.90556 1.90737 1.90913 1.9108 1.91237 1.91381 1.91512 1.91625 1.91721 1.91798 1.91855 1.9189 1.91904 1.91896 1.91867 1.91817 1.91746 1.91656 1.91548 1.91424 1.91285 1.91134 1.90972 1.90802 1.90626 1.90445 1.90263 1.90081 1.89902 1.89726 1.89556 1.89393 1.89239 1.89094 1.88958 1.88833 1.88718 1.88615 1.88522 1.88439 1.88367 1.88304 1.8825 1.88205 1.88168 1.88138 1.88115 1.88098 1.88087 1.88082 1.88081 1.88085 1.88094 1.88105 1.88121 1.88139 1.8816 1.88183 1.88208 1.88235 1.88262 1.88291 
1.87632 1.87661 1.8769 1.87718 1.87746 1.87773 1.87799 1.87824 1.87848 1.87872 1.87895 1.87919 1.87943 1.87969 1.87997 1.88027 1.88062 1.88101 1.88146 1.88198 1.88259 1.88328 1.88408 1.88499 1.88602 1.88718 1.88847 1.8899 1.89146 1.89316 1.89498 1.89693 1.89898 1.90112 1.90333 1.9056 1.9079 1.91021 1.91249 1.91472 1.91688 1.91894 1.92086 1.92263 1.92422 1.92561 1.92678 1.92772 1.9284 1.92883 1.92899 1.92889 1.92852 1.9279 1.92702 1.92591 1.92459 1.92306 1.92135 1.91948 1.91748 1.91538 1.9132 1.91097 1.90872 1.90646 1.90423 1.90205 1.89993 1.8979 1.89597 1.89414 1.89244 1.89087 1.88943 1.88812 1.88694 1.88589 1.88496 1.88416 1.88346 1.88287 1.88239 1.88199 1.88167 1.88144 1.88127 1.88116 1.88112 1.88113 1.88118 1.88128 1.88141 1.88158 1.88178 1.882 1.88225 1.88251 1.88279 1.88307 
1.87646 1.87675 1.87704 1.87733 1.87761 1.87788 1.87815 1.87841 1.87866 1.87891 1.87917 1.87943 1.87971 1.88001 1.88034 1.88071 1.88114 1.88163 1.88219 1.88285 1.88362 1.8845 1.88551 1.88666 1.88796 1.88943 1.89105 1.89284 1.8948 1.89692 1.89919 1.90161 1.90415 1.9068 1.90953 1.91233 1.91515 1.91797 1.92077 1.9235 1.92613 1.92863 1.93097 1.93311 1.93504 1.93672 1.93813 1.93925 1.94007 1.94058 1.94077 1.94063 1.94018 1.93942 1.93835 1.937 1.93538 1.93351 1.93143 1.92915 1.92672 1.92415 1.92148 1.91875 1.91598 1.91321 1.91047 1.90778 1.90516 1.90265 1.90026 1.898 1.89588 1.89392 1.89212 1.89048 1.889 1.88767 1.88651 1.88548 1.8846 1.88385 1.88321 1.88269 1.88227 1.88195 1.8817 1.88154 1.88144 1.88141 1.88143 1.8815 1.88162 1.88177 1.88195 1.88217 1.88241 1.88266 1.88293 1.88322 
1.87659 1.87688 1.87717 1.87746 1.87774 1.87802 1.8783 1.87857 1.87884 1.87911 1.87939 1.87969 1.88001 1.88036 1.88076 1.88121 1.88174 1.88235 1.88306 1.88389 1.88485 1.88595 1.88722 1.88867 1.8903 1.89213 1.89415 1.89638 1.89881 1.90143 1.90424 1.90721 1.91033 1.91357 1.91691 1.92032 1.92375 1.92718 1.93056 1.93386 1.93703 1.94005 1.94286 1.94543 1.94774 1.94975 1.95143 1.95277 1.95374 1.95434 1.95456 1.95439 1.95384 1.95291 1.95162 1.94999 1.94804 1.94579 1.94327 1.94053 1.93758 1.93447 1.93124 1.92793 1.92457 1.9212 1.91786 1.91457 1.91138 1.9083 1.90536 1.90258 1.89998 1.89756 1.89533 1.89329 1.89145 1.8898 1.88834 1.88706 1.88595 1.88499 1.88418 1.88351 1.88296 1.88253 1.8822 1.88196 1.8818 1.88171 1.88169 1.88173 1.88182 1.88195 1.88212 1.88232 1.88255 1.8828 1.88307 1.88335 
1.87671 1.877 1.87729 1.87758 1.87787 1.87815 1.87844 1.87872 1.87901 1.87931 1.87963 1.87997 1.88034 1.88076 1.88124 1.88179 1.88244 1.8832 1.88409 1.88512 1.88632 1.8877 1.88928 1.89108 1.8931 1.89536 1.89786 1.90061 1.90359 1.9068 1.91022 1.91385 1.91764 1.92157 1.92561 1.92972 1.93385 1.93797 1.94203 1.94597 1.94976 1.95335 1.9567 1.95976 1.9625 1.96487 1.96686 1.96844 1.96959 1.97029 1.97053 1.97032 1.96966 1.96855 1.96701 1.96506 1.96273 1.96005 1.95704 1.95376 1.95023 1.94651 1.94264 1.93866 1.93462 1.93056 1.92653 1.92256 1.91869 1.91496 1.91139 1.90801 1.90483 1.90187 1.89913 1.89663 1.89437 1.89233 1.89052 1.88893 1.88754 1.88634 1.88532 1.88447 1.88377 1.8832 1.88276 1.88243 1.88219 1.88205 1.88198 1.88197 1.88203 1.88214 1.88229 1.88247 1.88269 1.88293 1.88319 1.88347 
1.87681 1.8771 1.87739 1.87769 1.87798 1.87828 1.87858 1.87888 1.87919 1.87952 1.87988 1.88027 1.88071 1.88121 1.88179 1.88247 1.88327 1.88421 1.8853 1.88658 1.88807 1.88978 1.89173 1.89394 1.89643 1.8992 1.90226 1.9056 1.90923 1.91312 1.91727 1.92164 1.9262 1.93092 1.93576 1.94066 1.94559 1.95049 1.9553 1.95998 1.96446 1.9687 1.97264 1.97624 1.97945 1.98224 1.98457 1.98641 1.98774 1.98855 1.98883 1.98857 1.98778 1.98647 1.98465 1.98235 1.9796 1.97642 1.97287 1.96899 1.96482 1.96041 1.95581 1.95108 1.94627 1.94143 1.93661 1.93186 1.92723 1.92274 1.91844 1.91436 1.91051 1.90693 1.90361 1.90056 1.8978 1.89531 1.89309 1.89113 1.88941 1.88793 1.88666 1.88559 1.8847 1.88398 1.8834 1.88296 1.88264 1.88241 1.88228 1.88223 1.88225 1.88233 1.88245 1.88262 1.88282 1.88305 1.88331 1.88357 
1.87691 1.8772 1.87749 1.87779 1.87809 1.8784 1.87871 1.87904 1.87938 1.87975 1.88016 1.88062 1.88114 1.88174 1.88244 1.88327 1.88425 1.8854 1.88675 1.88832 1.89014 1.89223 1.89462 1.89733 1.90035 1.90372 1.90742 1.91146 1.91583 1.92051 1.92547 1.93069 1.93613 1.94174 1.94748 1.95328 1.9591 1.96486 1.97052 1.976 1.98125 1.9862 1.99079 1.99498 1.99872 2.00195 2.00465 2.00678 2.00832 2.00925 2.00956 2.00925 2.00832 2.00678 2.00465 2.00196 1.99875 1.99504 1.99089 1.98634 1.98145 1.97628 1.97087 1.96531 1.95963 1.95392 1.94822 1.94259 1.93708 1.93175 1.92662 1.92174 1.91713 1.91282 1.90883 1.90516 1.90181 1.8988 1.8961 1.89371 1.89161 1.88979 1.88822 1.8869 1.88579 1.88488 1.88415 1.88358 1.88314 1.88283 1.88263 1.88252 1.88249 1.88252 1.88262 1.88277 1.88295 1.88317 1.88341 1.88367 
1.877 1.87728 1.87758 1.87789 1.8782 1.87852 1.87886 1.87921 1.87959 1.88001 1.88048 1.88101 1.88163 1.88235 1.8832 1.88421 1.8854 1.8868 1.88845 1.89036 1.89258 1.89513 1.89802 1.90129 1.90494 1.90899 1.91344 1.91827 1.92348 1.92905 1.93494 1.94111 1.94753 1.95414 1.96087 1.96767 1.97447 1.98119 1.98777 1.99414 2.00022 2.00594 2.01125 2.01608 2.02038 2.02409 2.02719 2.02963 2.03139 2.03245 2.03279 2.03242 2.03133 2.02955 2.02709 2.02399 2.02027 2.01598 2.01117 2.0059 2.00023 1.99422 1.98793 1.98144 1.97482 1.96813 1.96145 1.95484 1.94836 1.94207 1.93601 1.93023 1.92476 1.91963 1.91487 1.91048 1.90647 1.90285 1.8996 1.89671 1.89417 1.89196 1.89005 1.88843 1.88706 1.88593 1.88501 1.88428 1.88372 1.8833 1.88301 1.88283 1.88274 1.88274 1.8828 1.88292 1.88308 1.88328 1.88351 1.88377 
1.87708 1.87737 1.87767 1.87798 1.87831 1.87865 1.87901 1.87939 1.87982 1.88029 1.88083 1.88146 1.88219 1.88306 1.88409 1.8853 1.88675 1.88845 1.89044 1.89276 1.89544 1.8985 1.90198 1.9059 1.91027 1.91509 1.92038 1.92611 1.93227 1.93883 1.94575 1.95299 1.96049 1.9682 1.97603 1.98392 1.99178 1.99955 2.00713 2.01445 2.02142 2.02798 2.03405 2.03956 2.04446 2.04869 2.05221 2.05497 2.05696 2.05815 2.05853 2.0581 2.05685 2.05481 2.052 2.04844 2.04419 2.03928 2.03377 2.02772 2.0212 2.01429 2.00704 1.99955 1.99189 1.98415 1.97639 1.9687 1.96114 1.95379 1.94669 1.93991 1.93347 1.92743 1.9218 1.9166 1.91184 1.90752 1.90364 1.90019 1.89714 1.89447 1.89217 1.8902 1.88853 1.88715 1.88601 1.8851 1.88438 1.88384 1.88344 1.88318 1.88303 1.88297 1.88299 1.88307 1.88321 1.8834 1.88361 1.88386 
1.87717 1.87745 1.87776 1.87808 1.87842 1.87878 1.87917 1.8796 1.88007 1.88062 1.88125 1.88198 1.88285 1.88389 1.88512 1.88658 1.88832 1.89036 1.89276 1.89554 1.89875 1.90241 1.90655 1.91121 1.91638 1.92208 1.92831 1.93504 1.94225 1.94991 1.95798 1.96639 1.97508 1.98398 1.993 2.00207 2.01108 2.01997 2.02862 2.03695 2.04488 2.05231 2.05918 2.06541 2.07094 2.07571 2.07967 2.08278 2.08501 2.08634 2.08675 2.08625 2.08483 2.08252 2.07933 2.07531 2.07049 2.06493 2.05868 2.05181 2.04439 2.03651 2.02824 2.01968 2.0109 2.00201 1.99309 1.98422 1.97549 1.96697 1.95874 1.95084 1.94334 1.93627 1.92968 1.92357 1.91797 1.91287 1.90828 1.90417 1.90054 1.89736 1.89461 1.89224 1.89023 1.88855 1.88716 1.88604 1.88514 1.88445 1.88394 1.88358 1.88334 1.88322 1.88319 1.88324 1.88335 1.88351 1.88372 1.88395 
1.87725 1.87754 1.87785 1.87818 1.87853 1.87892 1.87935 1.87982 1.88036 1.88099 1.88172 1.88259 1.88362 1.88485 1.88632 1.88807 1.89014 1.89258 1.89544 1.89875 1.90255 1.90689 1.91178 1.91727 1.92334 1.93002 1.93728 1.94512 1.95349 1.96236 1.97167 1.98135 1.99132 2.00151 2.01181 2.02213 2.03238 2.04244 2.05222 2.06162 2.07054 2.0789 2.0866 2.09358 2.09976 2.10508 2.10949 2.11295 2.11543 2.1169 2.11735 2.11677 2.11518 2.11259 2.10902 2.10451 2.09911 2.09287 2.08584 2.07812 2.06976 2.06086 2.05152 2.04181 2.03186 2.02174 2.01157 2.00144 1.99144 1.98166 1.97219 1.96308 1.95441 1.94622 1.93855 1.93144 1.9249 1.91893 1.91354 1.90871 1.90443 1.90067 1.89739 1.89458 1.89218 1.89016 1.88848 1.88711 1.88602 1.88516 1.8845 1.88403 1.8837 1.88351 1.88342 1.88342 1.8835 1.88363 1.88382 1.88404 
1.87734 1.87762 1.87794 1.87828 1.87866 1.87908 1.87955 1.88008 1.88069 1.88141 1.88226 1.88328 1.8845 1.88595 1.8877 1.88978 1.89223 1.89513 1.8985 1.90241 1.90689 1.91198 1.91771 1.92411 1.93119 1.93894 1.94735 1.95639 1.96603 1.9762 1.98685 1.99789 2.00924 2.02079 2.03244 2.04409 2.05562 2.06692 2.07787 2.08838 2.09833 2.10763 2.11619 2.12393 2.13077 2.13665 2.14152 2.14534 2.14807 2.14968 2.15017 2.14952 2.14775 2.14488 2.14092 2.13592 2.12992 2.12298 2.11517 2.10655 2.09723 2.08728 2.07681 2.06592 2.05472 2.04332 2.03183 2.02035 2.009 1.99788 1.98706 1.97665 1.96671 1.95729 1.94846 1.94025 1.93267 1.92574 1.91947 1.91384 1.90883 1.90441 1.90056 1.89723 1.89439 1.89199 1.88999 1.88834 1.88701 1.88596 1.88514 1.88454 1.88411 1.88383 1.88367 1.88362 1.88366 1.88377 1.88393 1.88414 
1.87743 1.87772 1.87804 1.8784 1.8788 1.87925 1.87977 1.88037 1.88107 1.8819 1.88289 1.88408 1.88551 1.88722 1.88928 1.89173 1.89462 1.89802 1.90198 1.90655 1.91178 1.91771 1.92437 1.93178 1.93995 1.94887 1.95852 1.96887 1.97986 1.99144 2.00351 2.016 2.02879 2.04178 2.05485 2.06788 2.08074 2.09331 2.10547 2.1171 2.1281 2.13835 2.14778 2.15628 2.16379 2.17023 2.17556 2.17973 2.18271 2.18447 2.18499 2.18427 2.18233 2.17917 2.17483 2.16933 2.16274 2.1551 2.14649 2.13698 2.12667 2.11565 2.10402 2.09191 2.07942 2.06668 2.05381 2.04093 2.02815 2.0156 2.00337 1.99156 1.98025 1.96952 1.95943 1.95001 1.94131 1.93333 1.92609 1.91957 1.91376 1.90862 1.90412 1.90023 1.89689 1.89406 1.89169 1.88973 1.88814 1.88686 1.88587 1.88511 1.88456 1.88419 1.88396 1.88385 1.88384 1.88391 1.88405 1.88424 
1.87753 1.87782 1.87815 1.87852 1.87896 1.87945 1.88003 1.8807 1.8815 1.88245 1.8836 1.88499 1.88666 1.88867 1.89108 1.89394 1.89733 1.90129 1.9059 1.91121 1.91727 1.92411 1.93178 1.94029 1.94964 1.95982 1.97081 1.98255 1.99499 2.00805 2.02163 2.03563 2.04993 2.06441 2.07894 2.09338 2.1076 2.12147 2.13485 2.14762 2.15966 2.17087 2.18115 2.19041 2.19857 2.20557 2.21135 2.21587 2.21909 2.22098 2.22154 2.22076 2.21864 2.21521 2.21049 2.20451 2.19733 2.189 2.1796 2.1692 2.1579 2.1458 2.13301 2.11966 2.10585 2.09174 2.07745 2.0631 2.04884 2.03479 2.02107 2.00778 1.99503 1.9829 1.97145 1.96075 1.95083 1.94172 1.93342 1.92593 1.91924 1.91331 1.9081 1.90358 1.89969 1.89638 1.8936 1.89129 1.8894 1.88788 1.88668 1.88576 1.88508 1.88459 1.88427 1.88409 1.88403 1.88406 1.88418 1.88435 
1.87764 1.87793 1.87827 1.87866 1.87913 1.87967 1.88031 1.88107 1.88199 1.88308 1.88441 1.88602 1.88796 1.8903 1.8931 1.89643 1.90035 1.90494 1.91027 1.91638 1.92334 1.93119 1.93995 1.94964 1.96026 1.97179 1.9842 1.99741 2.01137 2.02598 2.04112 2.05669 2.07255 2.08856 2.10458 2.12046 2.13605 2.15121 2.16581 2.1797 2.19278 2.20493 2.21604 2.22604 2.23483 2.24237 2.24858 2.25343 2.25688 2.25891 2.2595 2.25866 2.25638 2.25268 2.2476 2.24116 2.23341 2.22441 2.21424 2.20297 2.1907 2.17753 2.16358 2.14898 2.13386 2.11835 2.10261 2.08677 2.07098 2.05538 2.04011 2.02528 2.01101 1.99739 1.98452 1.97245 1.96123 1.9509 1.94147 1.93293 1.92528 1.91849 1.91251 1.9073 1.90281 1.89897 1.89574 1.89304 1.89082 1.88903 1.8876 1.88649 1.88565 1.88504 1.88463 1.88437 1.88425 1.88424 1.88432 1.88448 
1.87776 1.87805 1.8784 1.87882 1.87932 1.87992 1.88064 1.8815 1.88253 1.88379 1.88532 1.88718 1.88943 1.89213 1.89536 1.8992 1.90372 1.90899 1.91509 1.92208 1.93002 1.93894 1.94887 1.95982 1.97179 1.98475 1.99864 2.0134 2.02894 2.04515 2.06191 2.07909 2.09654 2.11409 2.13161 2.14892 2.16588 2.18232 2.19811 2.2131 2.22718 2.24023 2.25214 2.26284 2.27224 2.28027 2.28689 2.29205 2.29572 2.29788 2.29851 2.29761 2.29518 2.29124 2.28582 2.27894 2.27066 2.26103 2.25012 2.23801 2.2248 2.2106 2.19551 2.17968 2.16324 2.14635 2.12915 2.1118 2.09445 2.07727 2.0604 2.04398 2.02813 2.01297 1.99859 1.98508 1.97249 1.96086 1.95022 1.94056 1.93189 1.92416 1.91734 1.91139 1.90624 1.90183 1.8981 1.89498 1.8924 1.8903 1.88862 1.8873 1.88629 1.88554 1.88502 1.88468 1.88449 1.88443 1.88447 1.88461 
1.8779 1.87818 1.87855 1.879 1.87954 1.8802 1.881 1.88197 1.88315 1.88459 1.88634 1.88847 1.89105 1.89415 1.89786 1.90226 1.90742 1.91344 1.92038 1.92831 1.93728 1.94735 1.95852 1.97081 1.9842 1.99864 2.01408 2.03044 2.04761 2.06547 2.08387 2.10268 2.12171 2.14082 2.15982 2.17855 2.19684 2.21453 2.23147 2.24751 2.26255 2.27645 2.28912 2.30047 2.31042 2.31892 2.32592 2.33137 2.33524 2.33751 2.33818 2.33723 2.33467 2.33051 2.32478 2.3175 2.30873 2.29851 2.28691 2.27401 2.25991 2.24471 2.22853 2.21151 2.19379 2.17552 2.15687 2.13801 2.11911 2.10033 2.08183 2.06378 2.04631 2.02955 2.01362 1.9986 1.98457 1.97157 1.95965 1.94881 1.93904 1.93032 1.92261 1.91585 1.90999 1.90496 1.90069 1.89711 1.89413 1.8917 1.88974 1.8882 1.887 1.8861 1.88545 1.88502 1.88476 1.88464 1.88465 1.88476 
1.87804 1.87833 1.87871 1.87919 1.87978 1.88051 1.8814 1.8825 1.88383 1.88547 1.88747 1.8899 1.89284 1.89638 1.90061 1.9056 1.91146 1.91827 1.92611 1.93504 1.94512 1.95639 1.96887 1.98255 1.99741 2.0134 2.03044 2.04844 2.06726 2.08679 2.10685 2.12728 2.1479 2.16853 2.18899 2.2091 2.22867 2.24755 2.26558 2.28262 2.29855 2.31324 2.3266 2.33854 2.34901 2.35793 2.36526 2.37096 2.37502 2.3774 2.37809 2.3771 2.37443 2.37008 2.36408 2.35645 2.34724 2.33648 2.32426 2.31063 2.2957 2.27957 2.26235 2.24419 2.22523 2.20564 2.18558 2.16523 2.14477 2.12439 2.10426 2.08456 2.06544 2.04705 2.02951 2.01294 1.99741 1.983 1.96974 1.95765 1.94673 1.93695 1.92829 1.92068 1.91406 1.90836 1.90351 1.89943 1.89603 1.89324 1.89098 1.88918 1.88778 1.88671 1.88593 1.88539 1.88505 1.88487 1.88484 1.88492 
1.87821 1.87849 1.87889 1.8794 1.88005 1.88086 1.88185 1.88308 1.88459 1.88644 1.8887 1.89146 1.8948 1.89881 1.90359 1.90923 1.91583 1.92348 1.93227 1.94225 1.95349 1.96603 1.97986 1.99499 2.01137 2.02894 2.04761 2.06726 2.08776 2.10896 2.13066 2.1527 2.17488 2.197 2.21887 2.24029 2.26109 2.28109 2.30014 2.3181 2.33483 2.35024 2.36421 2.37669 2.3876 2.39688 2.40451 2.41043 2.41464 2.41712 2.41784 2.41682 2.41406 2.40955 2.40332 2.39539 2.3858 2.37458 2.3618 2.34752 2.33184 2.31485 2.29667 2.27744 2.25731 2.23644 2.21502 2.19322 2.17125 2.14929 2.12754 2.10618 2.0854 2.06535 2.04619 2.02802 2.01096 1.99508 1.98044 1.96705 1.95492 1.94404 1.93437 1.92585 1.91843 1.91203 1.90656 1.90194 1.89808 1.8949 1.89232 1.89025 1.88863 1.88738 1.88646 1.8858 1.88537 1.88513 1.88505 1.8851 
1.87838 1.87867 1.87909 1.87964 1.88035 1.88124 1.88234 1.88371 1.88541 1.88749 1.89005 1.89316 1.89692 1.90143 1.9068 1.91312 1.92051 1.92905 1.93883 1.94991 1.96236 1.9762 1.99144 2.00805 2.02598 2.04515 2.06547 2.08679 2.10896 2.1318 2.15513 2.17874 2.20242 2.22597 2.24918 2.27185 2.29379 2.31483 2.33481 2.35359 2.37105 2.38708 2.4016 2.41453 2.42581 2.4354 2.44327 2.44938 2.45372 2.45627 2.45703 2.45599 2.45315 2.44852 2.44211 2.43394 2.42403 2.41242 2.39916 2.38432 2.36797 2.35021 2.33116 2.31095 2.28973 2.26766 2.24494 2.22176 2.19831 2.17481 2.15147 2.12848 2.10604 2.08434 2.06353 2.04375 2.02513 2.00775 1.99167 1.97694 1.96356 1.95153 1.94081 1.93136 1.92309 1.91594 1.90981 1.90463 1.90028 1.89669 1.89376 1.8914 1.88954 1.8881 1.88702 1.88625 1.88572 1.88541 1.88527 1.88529 
1.87858 1.87887 1.8793 1.8799 1.88067 1.88165 1.88287 1.8844 1.8863 1.88864 1.8915 1.89498 1.89919 1.90424 1.91022 1.91727 1.92547 1.93494 1.94575 1.95798 1.97167 1.98685 2.00351 2.02163 2.04112 2.06191 2.08387 2.10685 2.13066 2.15513 2.18003 2.20516 2.23028 2.25519 2.27965 2.30347 2.32646 2.34844 2.36925 2.38876 2.40685 2.42341 2.43838 2.45168 2.46327 2.47311 2.48117 2.48742 2.49186 2.49448 2.49527 2.49422 2.49134 2.48662 2.48008 2.47172 2.46156 2.44964 2.43599 2.42067 2.40376 2.38533 2.3655 2.34441 2.32219 2.29902 2.27509 2.25059 2.22574 2.20075 2.17586 2.15127 2.1272 2.10385 2.0814 2.06001 2.03981 2.0209 2.00338 1.98727 1.97262 1.9594 1.9476 1.93715 1.92801 1.92008 1.91327 1.90749 1.90263 1.8986 1.8953 1.89264 1.89053 1.88888 1.88764 1.88673 1.8861 1.88571 1.88552 1.88551 
1.87879 1.87908 1.87954 1.88018 1.88102 1.88209 1.88345 1.88515 1.88726 1.88986 1.89305 1.89693 1.90161 1.90721 1.91385 1.92164 1.93069 1.94111 1.95299 1.96639 1.98135 1.99789 2.016 2.03563 2.05669 2.07909 2.10268 2.12728 2.1527 2.17874 2.20516 2.23173 2.25822 2.28439 2.31001 2.33489 2.35882 2.38163 2.40316 2.42329 2.4419 2.4589 2.47423 2.48782 2.49964 2.50965 2.51785 2.52421 2.52873 2.53139 2.53221 2.53116 2.52826 2.52349 2.51686 2.50838 2.49805 2.4859 2.47195 2.45625 2.43887 2.41988 2.39939 2.37752 2.35441 2.33023 2.30518 2.27946 2.25328 2.22689 2.2005 2.17437 2.14871 2.12374 2.09967 2.07667 2.05489 2.03446 2.01546 1.99797 1.98201 1.96758 1.95467 1.94321 1.93316 1.92442 1.9169 1.9105 1.90511 1.90062 1.89694 1.89395 1.89157 1.88971 1.88829 1.88724 1.8865 1.88603 1.88578 1.88573 
1.87901 1.87931 1.87979 1.88048 1.88139 1.88257 1.88406 1.88594 1.88827 1.89115 1.89468 1.89898 1.90415 1.91033 1.91764 1.9262 1.93613 1.94753 1.96049 1.97508 1.99132 2.00924 2.02879 2.04993 2.07255 2.09654 2.12171 2.1479 2.17488 2.20242 2.23028 2.25822 2.28597 2.31331 2.33999 2.36581 2.39057 2.41409 2.43623 2.45687 2.4759 2.49324 2.50883 2.52263 2.5346 2.54473 2.55301 2.55943 2.564 2.5667 2.56753 2.5665 2.5636 2.55882 2.55216 2.54361 2.53318 2.52088 2.50673 2.49075 2.47301 2.45357 2.43252 2.40998 2.3861 2.36103 2.33497 2.30812 2.28071 2.25299 2.22519 2.19757 2.17038 2.14384 2.11818 2.0936 2.07026 2.0483 2.02784 2.00895 1.99167 1.97602 1.96197 1.94949 1.93851 1.92894 1.92068 1.91364 1.9077 1.90274 1.89865 1.89533 1.89267 1.89058 1.88897 1.88778 1.88693 1.88637 1.88607 1.88598 
1.87925 1.87955 1.88006 1.88079 1.88178 1.88307 1.88471 1.88677 1.88934 1.89251 1.8964 1.90112 1.9068 1.91357 1.92157 1.93092 1.94174 1.95414 1.9682 1.98398 2.00151 2.02079 2.04178 2.06441 2.08856 2.11409 2.14082 2.16853 2.197 2.22597 2.25519 2.28439 2.31331 2.3417 2.36932 2.39597 2.42144 2.44556 2.4682 2.48924 2.50858 2.52615 2.54191 2.55583 2.56789 2.57807 2.58638 2.59283 2.59741 2.60013 2.60099 2.59998 2.5971 2.59235 2.5857 2.57715 2.56669 2.55432 2.54004 2.52389 2.50589 2.4861 2.46462 2.44153 2.41699 2.39114 2.36418 2.33632 2.30779 2.27883 2.24971 2.22068 2.19202 2.16397 2.13677 2.11064 2.08577 2.06231 2.0404 2.02011 2.00152 1.98464 1.96945 1.95593 1.944 1.93359 1.92459 1.9169 1.91038 1.90494 1.90044 1.89677 1.89382 1.89149 1.8897 1.88835 1.88738 1.88673 1.88636 1.88623 
1.87949 1.8798 1.88034 1.88113 1.8822 1.8836 1.88539 1.88764 1.89045 1.89393 1.89818 1.90333 1.90953 1.91691 1.92561 1.93576 1.94748 1.96087 1.97603 1.993 2.01181 2.03244 2.05485 2.07894 2.10458 2.13161 2.15982 2.18899 2.21887 2.24918 2.27965 2.31001 2.33999 2.36932 2.39777 2.42513 2.45119 2.4758 2.49882 2.52014 2.53969 2.5574 2.57325 2.58721 2.59928 2.60946 2.61776 2.62419 2.62876 2.63148 2.63236 2.63139 2.62855 2.62385 2.61726 2.60876 2.59834 2.58597 2.57167 2.55542 2.53727 2.51725 2.49544 2.47193 2.44684 2.42034 2.3926 2.36383 2.33428 2.30419 2.27384 2.2435 2.21345 2.18396 2.15529 2.12766 2.1013 2.07637 2.05303 2.03137 2.01148 1.99337 1.97705 1.96248 1.94961 1.93834 1.92859 1.92023 1.91314 1.9072 1.90228 1.89825 1.89501 1.89244 1.89044 1.88894 1.88785 1.88711 1.88667 1.88651 
1.87975 1.88007 1.88063 1.88148 1.88263 1.88415 1.88609 1.88854 1.8916 1.89538 1.9 1.9056 1.91233 1.92032 1.92972 1.94066 1.95328 1.96767 1.98392 2.00207 2.02213 2.04409 2.06788 2.09338 2.12046 2.14892 2.17855 2.2091 2.24029 2.27185 2.30347 2.33489 2.36581 2.39597 2.42513 2.45307 2.47961 2.50459 2.52788 2.54939 2.56905 2.58681 2.60266 2.61659 2.62861 2.63872 2.64696 2.65334 2.65789 2.6606 2.66149 2.66056 2.65779 2.65318 2.64668 2.63828 2.62795 2.61567 2.60141 2.58516 2.56695 2.5468 2.52477 2.50094 2.47543 2.44839 2.41998 2.39044 2.35998 2.32887 2.2974 2.26584 2.23449 2.20364 2.17355 2.1445 2.1167 2.09035 2.06562 2.04262 2.02144 2.00213 1.98468 1.96908 1.95526 1.94315 1.93264 1.92362 1.91595 1.9095 1.90415 1.89977 1.89622 1.89341 1.89121 1.88955 1.88833 1.8875 1.887 1.88679 
1.88002 1.88034 1.88094 1.88184 1.88307 1.88471 1.88681 1.88946 1.89277 1.89686 1.90185 1.9079 1.91515 1.92375 1.93385 1.94559 1.9591 1.97447 1.99178 2.01108 2.03238 2.05562 2.08074 2.1076 2.13605 2.16588 2.19684 2.22867 2.26109 2.29379 2.32646 2.35882 2.39057 2.42144 2.45119 2.47961 2.50651 2.53175 2.55521 2.57681 2.59649 2.61423 2.63001 2.64384 2.65575 2.66576 2.6739 2.6802 2.68469 2.68738 2.68829 2.6874 2.68472 2.68021 2.67384 2.66559 2.65541 2.64326 2.62912 2.61296 2.59477 2.57459 2.55244 2.5284 2.50257 2.4751 2.44615 2.41593 2.38468 2.35267 2.32018 2.2875 2.25495 2.22282 2.19142 2.16101 2.13184 2.10413 2.07805 2.05375 2.03133 2.01083 1.99229 1.97567 1.96092 1.94797 1.93671 1.92702 1.91877 1.91183 1.90605 1.9013 1.89746 1.89439 1.89199 1.89016 1.88882 1.8879 1.88733 1.88707 
1.88029 1.88062 1.88124 1.8822 1.88353 1.88528 1.88753 1.89039 1.89395 1.89835 1.90371 1.91021 1.91797 1.92718 1.93797 1.95049 1.96486 1.98119 1.99955 2.01997 2.04244 2.06692 2.09331 2.12147 2.15121 2.18232 2.21453 2.24755 2.28109 2.31483 2.34844 2.38163 2.41409 2.44556 2.4758 2.50459 2.53175 2.55716 2.5807 2.6023 2.62193 2.63956 2.6552 2.66888 2.68063 2.69049 2.6985 2.7047 2.70912 2.71178 2.71269 2.71186 2.70927 2.70489 2.69868 2.69061 2.68062 2.66866 2.6547 2.63869 2.62061 2.60047 2.5783 2.55414 2.5281 2.50031 2.47092 2.44014 2.40822 2.37541 2.342 2.30832 2.27466 2.24136 2.20872 2.17704 2.14657 2.11756 2.09021 2.06466 2.04104 2.0194 1.99979 1.98217 1.96652 1.95274 1.94075 1.93041 1.92159 1.91415 1.90795 1.90284 1.89869 1.89538 1.89278 1.89079 1.88932 1.8883 1.88766 1.88737 
1.88057 1.8809 1.88155 1.88257 1.88398 1.88585 1.88826 1.89132 1.89513 1.89983 1.90556 1.91249 1.92077 1.93056 1.94203 1.9553 1.97052 1.98777 2.00713 2.02862 2.05222 2.07787 2.10547 2.13485 2.16581 2.19811 2.23147 2.26558 2.30014 2.33481 2.36925 2.40316 2.43623 2.4682 2.49882 2.52788 2.55521 2.5807 2.60424 2.62577 2.64527 2.66274 2.6782 2.69168 2.70323 2.71291 2.72076 2.72683 2.73117 2.73379 2.73471 2.73393 2.73144 2.7272 2.72118 2.71332 2.70355 2.69183 2.67809 2.66229 2.64438 2.62436 2.60224 2.57806 2.5519 2.52388 2.49416 2.46293 2.43043 2.39693 2.36272 2.32813 2.29348 2.2591 2.22532 2.19245 2.16077 2.13054 2.10197 2.07524 2.05047 2.02774 2.0071 1.98853 1.972 1.95743 1.94471 1.93374 1.92436 1.91644 1.90982 1.90436 1.89992 1.89636 1.89356 1.89141 1.88982 1.8887 1.888 1.88766 
1.88084 1.88117 1.88186 1.88293 1.88443 1.88642 1.88898 1.89223 1.89628 1.90128 1.90737 1.91472 1.9235 1.93386 1.94597 1.95998 1.976 1.99414 2.01445 2.03695 2.06162 2.08838 2.1171 2.14762 2.1797 2.2131 2.24751 2.28262 2.3181 2.35359 2.38876 2.42329 2.45687 2.48924 2.52014 2.54939 2.57681 2.6023 2.62577 2.64717 2.66649 2.68375 2.69898 2.71223 2.72356 2.73303 2.7407 2.74664 2.75087 2.75345 2.75438 2.75365 2.75127 2.74719 2.74136 2.73373 2.72422 2.71276 2.69929 2.68373 2.66605 2.64621 2.6242 2.60007 2.57387 2.54571 2.51574 2.48415 2.45118 2.41709 2.38218 2.34679 2.31124 2.27589 2.24106 2.2071 2.1743 2.14294 2.11323 2.08539 2.05954 2.03578 2.01416 1.99468 1.97731 1.96197 1.94857 1.93698 1.92706 1.91867 1.91165 1.90585 1.90112 1.89732 1.89433 1.89202 1.89031 1.8891 1.88833 1.88795 
1.88111 1.88145 1.88217 1.88329 1.88487 1.88697 1.88968 1.89312 1.89741 1.90269 1.90913 1.91688 1.92613 1.93703 1.94976 1.96446 1.98125 2.00022 2.02142 2.04488 2.07054 2.09833 2.1281 2.15966 2.19278 2.22718 2.26255 2.29855 2.33483 2.37105 2.40685 2.4419 2.4759 2.50858 2.53969 2.56905 2.59649 2.62193 2.64527 2.66649 2.6856 2.70262 2.71759 2.73058 2.74166 2.75091 2.7584 2.76418 2.76832 2.77084 2.77177 2.7711 2.76883 2.7649 2.75928 2.75189 2.74265 2.73148 2.71829 2.70302 2.6856 2.66598 2.64414 2.62011 2.59393 2.5657 2.53557 2.50371 2.47036 2.43577 2.40027 2.36417 2.32783 2.2916 2.25584 2.22088 2.18705 2.15464 2.12389 2.095 2.06814 2.04342 2.02088 2.00054 1.98238 1.96632 1.95226 1.94009 1.92966 1.92083 1.91342 1.90729 1.90229 1.89826 1.89508 1.89262 1.89079 1.88949 1.88866 1.88824 
1.88136 1.88171 1.88246 1.88364 1.88529 1.8875 1.89036 1.89398 1.89849 1.90404 1.9108 1.91894 1.92863 1.94005 1.95335 1.9687 1.9862 2.00594 2.02798 2.05231 2.0789 2.10763 2.13835 2.17087 2.20493 2.24023 2.27645 2.31324 2.35024 2.38708 2.42341 2.4589 2.49324 2.52615 2.5574 2.58681 2.61423 2.63956 2.66274 2.68375 2.70262 2.71937 2.73406 2.74679 2.75762 2.76664 2.77393 2.77956 2.78359 2.78605 2.78698 2.78638 2.78421 2.78045 2.77503 2.76788 2.75891 2.74804 2.73516 2.72018 2.70304 2.68367 2.66205 2.63816 2.61206 2.58382 2.55359 2.52153 2.48787 2.45289 2.41687 2.38017 2.34313 2.30613 2.26952 2.23367 2.19891 2.16554 2.13383 2.10399 2.07621 2.05058 2.02719 2.00606 1.98716 1.97042 1.95576 1.94304 1.93213 1.92287 1.9151 1.90866 1.9034 1.89915 1.89579 1.89319 1.89124 1.88986 1.88897 1.88852 
1.88161 1.88196 1.88274 1.88396 1.8857 1.88801 1.891 1.89478 1.8995 1.90531 1.91237 1.92086 1.93097 1.94286 1.9567 1.97264 1.99079 2.01125 2.03405 2.05918 2.0866 2.11619 2.14778 2.18115 2.21604 2.25214 2.28912 2.3266 2.36421 2.4016 2.43838 2.47423 2.50883 2.54191 2.57325 2.60266 2.63001 2.6552 2.6782 2.69898 2.71759 2.73406 2.74849 2.76094 2.77151 2.7803 2.7874 2.79288 2.7968 2.79922 2.80015 2.79959 2.79753 2.79392 2.7887 2.78179 2.7731 2.76252 2.74994 2.73527 2.71843 2.69932 2.67792 2.65421 2.62822 2.60002 2.56974 2.53755 2.50366 2.46834 2.4319 2.39468 2.35704 2.31936 2.28201 2.24536 2.20977 2.17555 2.14297 2.11227 2.08364 2.0572 2.03304 2.01117 1.99159 1.97423 1.95901 1.94579 1.93443 1.92478 1.91668 1.90995 1.90444 1.89999 1.89646 1.89373 1.89168 1.89021 1.88927 1.88878 
1.88184 1.8822 1.883 1.88427 1.88607 1.88848 1.89159 1.89553 1.90044 1.90648 1.91381 1.92263 1.93311 1.94543 1.95976 1.97624 1.99498 2.01608 2.03956 2.06541 2.09358 2.12393 2.15628 2.19041 2.22604 2.26284 2.30047 2.33854 2.37669 2.41453 2.45168 2.48782 2.52263 2.55583 2.58721 2.61659 2.64384 2.66888 2.69168 2.71223 2.73058 2.74679 2.76094 2.77312 2.78345 2.79203 2.79894 2.80427 2.8081 2.81046 2.81139 2.81088 2.80892 2.80546 2.80043 2.79374 2.78531 2.77501 2.76273 2.74836 2.7318 2.71296 2.6918 2.66828 2.64242 2.61429 2.584 2.55172 2.51765 2.48207 2.44528 2.40763 2.36947 2.33121 2.29321 2.25587 2.21955 2.18457 2.15122 2.11976 2.09038 2.06321 2.03835 2.01583 1.99563 1.97771 1.96198 1.9483 1.93654 1.92653 1.91812 1.91113 1.9054 1.90076 1.89708 1.89423 1.89208 1.89054 1.88954 1.88902 
1.88205 1.88241 1.88324 1.88455 1.88641 1.8889 1.89212 1.8962 1.90128 1.90753 1.91512 1.92422 1.93504 1.94774 1.9625 1.97945 1.99872 2.02038 2.04446 2.07094 2.09976 2.13077 2.16379 2.19857 2.23483 2.27224 2.31042 2.34901 2.3876 2.42581 2.46327 2.49964 2.5346 2.56789 2.59928 2.62861 2.65575 2.68063 2.70323 2.72356 2.74166 2.75762 2.77151 2.78345 2.79356 2.80193 2.80867 2.81387 2.8176 2.81992 2.82084 2.82038 2.8185 2.81517 2.81032 2.80385 2.79565 2.78561 2.77361 2.75952 2.74323 2.72465 2.70371 2.68038 2.65467 2.62662 2.59635 2.56401 2.52982 2.49403 2.45696 2.41894 2.38036 2.3416 2.30305 2.26512 2.22816 2.19252 2.15851 2.12638 2.09634 2.06854 2.04306 2.01996 1.99923 1.98082 1.96463 1.95055 1.93842 1.9281 1.91942 1.91219 1.90626 1.90146 1.89764 1.89468 1.89244 1.89084 1.8898 1.88925 
1.88223 1.8826 1.88345 1.8848 1.88671 1.88928 1.8926 1.8968 1.90203 1.90845 1.91625 1.92561 1.93672 1.94975 1.96487 1.98224 2.00195 2.02409 2.04869 2.07571 2.10508 2.13665 2.17023 2.20557 2.24237 2.28027 2.31892 2.35793 2.39688 2.4354 2.47311 2.50965 2.54473 2.57807 2.60946 2.63872 2.66576 2.69049 2.71291 2.73303 2.75091 2.76664 2.7803 2.79203 2.80193 2.81012 2.81671 2.82179 2.82544 2.82771 2.82863 2.82821 2.82641 2.8232 2.8185 2.81221 2.80423 2.79442 2.78266 2.76882 2.75278 2.73443 2.71371 2.69056 2.66498 2.63702 2.60679 2.57442 2.54013 2.50419 2.46688 2.42858 2.38964 2.35047 2.31146 2.27303 2.23554 2.19935 2.16478 2.13208 2.10148 2.07313 2.04713 2.02354 2.00235 1.98351 1.96693 1.9525 1.94007 1.92948 1.92055 1.91312 1.90702 1.90207 1.89814 1.89507 1.89276 1.8911 1.89002 1.88945 
1.88239 1.88277 1.88363 1.88501 1.88697 1.8896 1.893 1.8973 1.90266 1.90923 1.91721 1.92678 1.93813 1.95143 1.96686 1.98457 2.00465 2.02719 2.05221 2.07967 2.10949 2.14152 2.17556 2.21135 2.24858 2.28689 2.32592 2.36526 2.40451 2.44327 2.48117 2.51785 2.55301 2.58638 2.61776 2.64696 2.6739 2.6985 2.72076 2.7407 2.7584 2.77393 2.7874 2.79894 2.80867 2.81671 2.82317 2.82815 2.83173 2.83397 2.83489 2.8345 2.83277 2.82966 2.82508 2.81895 2.81114 2.80153 2.78998 2.77635 2.76052 2.74237 2.72183 2.69883 2.67338 2.64551 2.6153 2.58293 2.54857 2.5125 2.47502 2.43648 2.39726 2.35776 2.31839 2.27955 2.24163 2.205 2.16996 2.1368 2.10574 2.07695 2.05052 2.02652 2.00495 1.98576 1.96886 1.95414 1.94145 1.93063 1.92151 1.91391 1.90766 1.90259 1.89856 1.89541 1.89304 1.89133 1.89021 1.88962 
1.88253 1.8829 1.88378 1.88518 1.88718 1.88986 1.89332 1.89771 1.90316 1.90986 1.91798 1.92772 1.93925 1.95277 1.96844 1.98641 2.00678 2.02963 2.05497 2.08278 2.11295 2.14534 2.17973 2.21587 2.25343 2.29205 2.33137 2.37096 2.41043 2.44938 2.48742 2.52421 2.55943 2.59283 2.62419 2.65334 2.6802 2.7047 2.72683 2.74664 2.76418 2.77956 2.79288 2.80427 2.81387 2.82179 2.82815 2.83306 2.83658 2.83879 2.83971 2.83934 2.83767 2.83463 2.83016 2.82415 2.81648 2.80703 2.79564 2.78218 2.76651 2.74852 2.72812 2.70525 2.67989 2.65208 2.62191 2.58953 2.55512 2.51896 2.48135 2.44263 2.4032 2.36344 2.32379 2.28464 2.24639 2.20941 2.17402 2.1405 2.10909 2.07994 2.05319 2.02887 2.007 1.98753 1.97038 1.95544 1.94254 1.93155 1.92227 1.91453 1.90817 1.90301 1.89889 1.89568 1.89326 1.89151 1.89037 1.88976 
1.88263 1.88301 1.88389 1.88531 1.88734 1.89005 1.89357 1.89801 1.90354 1.91032 1.91855 1.9284 1.94007 1.95374 1.96959 1.98774 2.00832 2.03139 2.05696 2.08501 2.11543 2.14807 2.18271 2.21909 2.25688 2.29572 2.33524 2.37502 2.41464 2.45372 2.49186 2.52873 2.564 2.59741 2.62876 2.65789 2.68469 2.70912 2.73117 2.75087 2.76832 2.78359 2.7968 2.8081 2.8176 2.82544 2.83173 2.83658 2.84007 2.84226 2.84318 2.84283 2.84119 2.83821 2.83381 2.82789 2.82032 2.81097 2.7997 2.78635 2.7708 2.75291 2.73261 2.70982 2.68453 2.65677 2.62662 2.59422 2.55978 2.52355 2.48584 2.447 2.40741 2.36748 2.32762 2.28826 2.24977 2.21255 2.17691 2.14314 2.11148 2.08209 2.0551 2.03056 2.00848 1.98882 1.97149 1.95638 1.94334 1.93222 1.92283 1.915 1.90855 1.90332 1.89914 1.89589 1.89343 1.89165 1.89048 1.88986 
1.88269 1.88308 1.88397 1.8854 1.88745 1.89018 1.89372 1.89821 1.90378 1.91062 1.9189 1.92883 1.94058 1.95434 1.97029 1.98855 2.00925 2.03245 2.05815 2.08634 2.1169 2.14968 2.18447 2.22098 2.25891 2.29788 2.33751 2.3774 2.41712 2.45627 2.49448 2.53139 2.5667 2.60013 2.63148 2.6606 2.68738 2.71178 2.73379 2.75345 2.77084 2.78605 2.79922 2.81046 2.81992 2.82771 2.83397 2.83879 2.84226 2.84444 2.84536 2.84502 2.8434 2.84045 2.83609 2.83022 2.8227 2.81341 2.80219 2.78891 2.77341 2.75559 2.73533 2.71258 2.68731 2.65957 2.62942 2.59701 2.56254 2.52626 2.48849 2.44957 2.40989 2.36985 2.32988 2.29038 2.25176 2.2144 2.17862 2.14471 2.1129 2.08337 2.05624 2.03157 2.00937 1.9896 1.97217 1.95696 1.94384 1.93263 1.92318 1.91529 1.90879 1.90352 1.89931 1.89602 1.89354 1.89174 1.89056 1.88993 
