2.71895 2.71919 2.71943 2.71967 2.71992 2.72016 2.7204 2.72063 2.72087 2.7211 2.72133 2.72156 2.7218 2.72204 2.72228 2.72254 2.72281 2.7231 2.7234 2.72373 2.72408 2.72446 2.72487 2.72531 2.72579 2.72631 2.72686 2.72744 2.72806 2.72872 2.7294 2.73011 2.73085 2.73161 2.73238 2.73315 2.73393 2.7347 2.73546 2.7362 2.7369 2.73757 2.7382 2.73878 2.73929 2.73975 2.74013 2.74044 2.74067 2.74082 2.74089 2.74088 2.74078 2.7406 2.74034 2.74001 2.7396 2.73913 2.7386 2.73801 2.73738 2.73671 2.736 2.73527 2.73453 2.73377 2.73301 2.73226 2.73152 2.73079 2.73009 2.72941 2.72877 2.72816 2.72759 2.72706 2.72658 2.72613 2.72573 2.72538 2.72507 2.7248 2.72458 2.7244 2.72426 2.72416 2.72409 2.72407 2.72407 2.72411 2.72418 2.72428 2.7244 2.72454 2.72471 2.72489 2.72509 2.7253 2.72552 2.72575 
2.71919 2.71943 2.71967 2.71991 2.72016 2.7204 2.72064 2.72087 2.72111 2.72134 2.72157 2.7218 2.72204 2.72227 2.72252 2.72278 2.72305 2.72334 2.72364 2.72397 2.72433 2.72471 2.72513 2.72558 2.72606 2.72658 2.72714 2.72773 2.72836 2.72903 2.72973 2.73045 2.7312 2.73197 2.73276 2.73355 2.73434 2.73513 2.7359 2.73665 2.73737 2.73806 2.7387 2.73928 2.73981 2.74027 2.74066 2.74098 2.74122 2.74137 2.74144 2.74142 2.74132 2.74114 2.74088 2.74054 2.74012 2.73964 2.7391 2.7385 2.73785 2.73717 2.73645 2.7357 2.73494 2.73417 2.7334 2.73263 2.73188 2.73114 2.73042 2.72974 2.72908 2.72846 2.72788 2.72735 2.72685 2.7264 2.726 2.72564 2.72532 2.72505 2.72483 2.72464 2.7245 2.7244 2.72433 2.72431 2.72431 2.72435 2.72442 2.72452 2.72464 2.72478 2.72495 2.72513 2.72533 2.72554 2.72576 2.72599 
2.71943 2.71967 2.71991 2.72016 2.7204 2.72064 2.72088 2.72112 2.72136 2.72159 2.72183 2.72206 2.7223 2.72255 2.7228 2.72307 2.72335 2.72365 2.72397 2.72432 2.72469 2.7251 2.72554 2.72601 2.72652 2.72708 2.72767 2.7283 2.72897 2.72968 2.73042 2.73119 2.73199 2.7328 2.73364 2.73448 2.73532 2.73615 2.73698 2.73777 2.73854 2.73926 2.73994 2.74056 2.74112 2.74161 2.74203 2.74236 2.74261 2.74277 2.74284 2.74283 2.74272 2.74252 2.74224 2.74188 2.74144 2.74093 2.74035 2.73971 2.73903 2.7383 2.73753 2.73674 2.73593 2.73511 2.73429 2.73348 2.73267 2.73189 2.73113 2.7304 2.7297 2.72905 2.72843 2.72786 2.72733 2.72685 2.72642 2.72604 2.7257 2.72541 2.72517 2.72497 2.72481 2.7247 2.72462 2.72459 2.72459 2.72462 2.72468 2.72477 2.72489 2.72503 2.7252 2.72538 2.72558 2.72579 2.72601 2.72624 
2.71967 2.71991 2.72016 2.7204 2.72065 2.72089 2.72113 2.72138 2.72162 2.72186 2.7221 2.72234 2.7226 2.72286 2.72313 2.72341 2.72371 2.72404 2.72439 2.72476 2.72517 2.72562 2.7261 2.72662 2.72719 2.7278 2.72845 2.72915 2.72989 2.73067 2.73149 2.73234 2.73322 2.73412 2.73504 2.73596 2.73689 2.73781 2.73871 2.73958 2.74043 2.74122 2.74197 2.74265 2.74326 2.7438 2.74425 2.74461 2.74488 2.74506 2.74513 2.74511 2.74499 2.74477 2.74446 2.74406 2.74358 2.74301 2.74238 2.74168 2.74092 2.74012 2.73928 2.73841 2.73752 2.73661 2.73571 2.73481 2.73392 2.73306 2.73222 2.73142 2.73065 2.72992 2.72924 2.72861 2.72802 2.72749 2.72701 2.72658 2.72621 2.72588 2.7256 2.72538 2.72519 2.72506 2.72496 2.72491 2.72489 2.72491 2.72497 2.72505 2.72516 2.7253 2.72545 2.72563 2.72583 2.72603 2.72625 2.72648 
2.71992 2.72016 2.7204 2.72065 2.72089 2.72114 2.72139 2.72164 2.72189 2.72214 2.72239 2.72265 2.72292 2.7232 2.72349 2.7238 2.72414 2.7245 2.72489 2.72531 2.72578 2.72628 2.72683 2.72742 2.72807 2.72876 2.7295 2.7303 2.73114 2.73203 2.73296 2.73392 2.73492 2.73594 2.73698 2.73803 2.73908 2.74011 2.74113 2.74212 2.74307 2.74397 2.7448 2.74557 2.74626 2.74686 2.74736 2.74777 2.74807 2.74826 2.74835 2.74832 2.74818 2.74793 2.74758 2.74713 2.74658 2.74594 2.74522 2.74443 2.74357 2.74266 2.74171 2.74073 2.73972 2.7387 2.73767 2.73665 2.73565 2.73467 2.73372 2.7328 2.73193 2.7311 2.73033 2.7296 2.72894 2.72833 2.72777 2.72728 2.72684 2.72646 2.72614 2.72587 2.72565 2.72548 2.72535 2.72527 2.72524 2.72524 2.72527 2.72534 2.72544 2.72557 2.72572 2.72589 2.72608 2.72628 2.7265 2.72673 
2.72016 2.7204 2.72064 2.72089 2.72114 2.72139 2.72165 2.72191 2.72217 2.72243 2.7227 2.72298 2.72327 2.72358 2.72391 2.72426 2.72464 2.72505 2.72549 2.72598 2.72652 2.7271 2.72774 2.72843 2.72917 2.72998 2.73085 2.73177 2.73275 2.73377 2.73485 2.73597 2.73713 2.73831 2.73951 2.74072 2.74192 2.74312 2.74429 2.74543 2.74651 2.74754 2.7485 2.74938 2.75016 2.75085 2.75143 2.75189 2.75223 2.75245 2.75254 2.7525 2.75234 2.75205 2.75164 2.75112 2.75048 2.74975 2.74892 2.74801 2.74702 2.74598 2.74488 2.74374 2.74258 2.7414 2.74022 2.73904 2.73788 2.73675 2.73565 2.73459 2.73357 2.73261 2.73171 2.73087 2.73009 2.72937 2.72872 2.72814 2.72763 2.72717 2.72678 2.72645 2.72618 2.72596 2.7258 2.72568 2.72562 2.72559 2.7256 2.72565 2.72574 2.72585 2.72599 2.72615 2.72633 2.72653 2.72674 2.72697 
2.7204 2.72064 2.72088 2.72113 2.72139 2.72165 2.72191 2.72218 2.72246 2.72274 2.72303 2.72334 2.72366 2.724 2.72437 2.72477 2.72521 2.72568 2.7262 2.72678 2.7274 2.72809 2.72884 2.72965 2.73053 2.73148 2.7325 2.73359 2.73474 2.73595 2.73721 2.73852 2.73988 2.74126 2.74266 2.74407 2.74548 2.74688 2.74824 2.74956 2.75082 2.75201 2.75312 2.75414 2.75504 2.75583 2.7565 2.75703 2.75742 2.75767 2.75777 2.75772 2.75753 2.75719 2.75671 2.7561 2.75536 2.7545 2.75354 2.75248 2.75133 2.75011 2.74883 2.74751 2.74615 2.74478 2.7434 2.74202 2.74066 2.73933 2.73804 2.7368 2.73561 2.73448 2.73341 2.73242 2.7315 2.73065 2.72988 2.72918 2.72856 2.72802 2.72754 2.72714 2.7268 2.72652 2.7263 2.72614 2.72604 2.72598 2.72596 2.72599 2.72605 2.72614 2.72627 2.72642 2.72659 2.72678 2.72699 2.72721 
2.72063 2.72087 2.72112 2.72138 2.72164 2.72191 2.72218 2.72246 2.72276 2.72306 2.72338 2.72372 2.72408 2.72447 2.7249 2.72536 2.72587 2.72642 2.72704 2.72771 2.72845 2.72927 2.73016 2.73112 2.73217 2.7333 2.73451 2.73579 2.73715 2.73859 2.74008 2.74163 2.74322 2.74485 2.7465 2.74816 2.74981 2.75144 2.75304 2.75458 2.75605 2.75744 2.75873 2.75992 2.76097 2.76189 2.76266 2.76327 2.76372 2.76401 2.76412 2.76406 2.76383 2.76343 2.76287 2.76215 2.76128 2.76028 2.75915 2.7579 2.75656 2.75513 2.75363 2.75208 2.75049 2.74887 2.74725 2.74563 2.74404 2.74247 2.74095 2.73948 2.73807 2.73673 2.73547 2.73429 2.73319 2.73218 2.73126 2.73042 2.72967 2.72901 2.72843 2.72793 2.72751 2.72716 2.72687 2.72666 2.7265 2.7264 2.72634 2.72634 2.72637 2.72645 2.72655 2.72669 2.72685 2.72703 2.72723 2.72745 
2.72087 2.72111 2.72136 2.72162 2.72189 2.72217 2.72246 2.72276 2.72307 2.72341 2.72376 2.72414 2.72455 2.725 2.72549 2.72603 2.72662 2.72728 2.72801 2.72881 2.72969 2.73066 2.73172 2.73287 2.73411 2.73546 2.73689 2.73842 2.74004 2.74173 2.7435 2.74533 2.74722 2.74914 2.75108 2.75303 2.75497 2.75689 2.75875 2.76056 2.76228 2.76391 2.76542 2.76679 2.76802 2.76909 2.76998 2.77069 2.77121 2.77154 2.77166 2.77159 2.77131 2.77084 2.77018 2.76933 2.76832 2.76714 2.76581 2.76435 2.76278 2.7611 2.75934 2.75752 2.75565 2.75375 2.75184 2.74994 2.74805 2.7462 2.7444 2.74266 2.74099 2.73941 2.73791 2.7365 2.73519 2.73398 2.73288 2.73187 2.73097 2.73017 2.72946 2.72885 2.72832 2.72788 2.72752 2.72723 2.72701 2.72686 2.72676 2.72672 2.72672 2.72676 2.72685 2.72697 2.72711 2.72728 2.72747 2.72769 
2.7211 2.72134 2.72159 2.72186 2.72214 2.72243 2.72274 2.72306 2.72341 2.72378 2.72417 2.7246 2.72507 2.72559 2.72616 2.72679 2.72749 2.72827 2.72913 2.73008 2.73113 2.73229 2.73355 2.73492 2.7364 2.738 2.73971 2.74152 2.74344 2.74544 2.74754 2.7497 2.75192 2.75418 2.75647 2.75876 2.76104 2.76328 2.76547 2.76758 2.76959 2.77149 2.77325 2.77485 2.77628 2.77751 2.77855 2.77937 2.77998 2.78035 2.78049 2.78039 2.78007 2.77951 2.77873 2.77774 2.77655 2.77517 2.77362 2.77191 2.77007 2.7681 2.76604 2.7639 2.7617 2.75947 2.75723 2.75499 2.75277 2.75059 2.74846 2.7464 2.74443 2.74255 2.74077 2.7391 2.73754 2.7361 2.73477 2.73357 2.73248 2.73151 2.73065 2.7299 2.72925 2.7287 2.72825 2.72787 2.72758 2.72736 2.72721 2.72712 2.72709 2.7271 2.72716 2.72725 2.72738 2.72754 2.72772 2.72792 
2.72133 2.72157 2.72183 2.7221 2.72239 2.7227 2.72303 2.72338 2.72376 2.72417 2.72462 2.72511 2.72565 2.72625 2.72692 2.72766 2.72849 2.72941 2.73043 2.73156 2.73281 2.73418 2.73568 2.73731 2.73907 2.74096 2.74299 2.74513 2.7474 2.74977 2.75224 2.75478 2.75739 2.76005 2.76273 2.76542 2.76808 2.7707 2.77325 2.77572 2.77806 2.78026 2.78231 2.78417 2.78582 2.78726 2.78845 2.7894 2.7901 2.79052 2.79068 2.79056 2.79018 2.78952 2.78861 2.78746 2.78607 2.78446 2.78265 2.78065 2.7785 2.7762 2.77379 2.77129 2.76872 2.76611 2.76348 2.76085 2.75824 2.75568 2.75317 2.75075 2.74842 2.7462 2.7441 2.74211 2.74026 2.73855 2.73697 2.73553 2.73423 2.73306 2.73202 2.73111 2.73032 2.72964 2.72907 2.7286 2.72822 2.72792 2.72771 2.72756 2.72748 2.72745 2.72748 2.72754 2.72765 2.72779 2.72796 2.72816 
2.72156 2.7218 2.72206 2.72234 2.72265 2.72298 2.72334 2.72372 2.72414 2.7246 2.72511 2.72567 2.7263 2.727 2.72778 2.72865 2.72962 2.73071 2.73192 2.73326 2.73474 2.73636 2.73814 2.74007 2.74215 2.74439 2.74678 2.74931 2.75198 2.75476 2.75766 2.76065 2.7637 2.76681 2.76994 2.77307 2.77617 2.77922 2.78219 2.78505 2.78776 2.79032 2.79268 2.79483 2.79674 2.79839 2.79977 2.80086 2.80166 2.80214 2.80231 2.80217 2.80172 2.80096 2.7999 2.79856 2.79694 2.79507 2.79297 2.79065 2.78815 2.78548 2.78268 2.77977 2.77677 2.77373 2.77065 2.76758 2.76453 2.76153 2.7586 2.75576 2.75302 2.75041 2.74793 2.74559 2.7434 2.74137 2.7395 2.73779 2.73623 2.73483 2.73359 2.73249 2.73153 2.7307 2.73 2.72941 2.72893 2.72854 2.72825 2.72804 2.7279 2.72783 2.72781 2.72785 2.72793 2.72805 2.72821 2.7284 
2.7218 2.72204 2.7223 2.7226 2.72292 2.72327 2.72366 2.72408 2.72455 2.72507 2.72565 2.7263 2.72702 2.72783 2.72875 2.72977 2.73092 2.7322 2.73363 2.73521 2.73696 2.73887 2.74097 2.74324 2.7457 2.74833 2.75113 2.7541 2.75722 2.76049 2.76387 2.76735 2.77091 2.77452 2.77816 2.78179 2.78539 2.78892 2.79235 2.79564 2.79878 2.80172 2.80444 2.80691 2.8091 2.811 2.81258 2.81383 2.81473 2.81528 2.81547 2.8153 2.81478 2.8139 2.81267 2.81112 2.80925 2.80709 2.80466 2.80199 2.79909 2.79601 2.79276 2.78939 2.78592 2.78239 2.77882 2.77525 2.7717 2.76821 2.76479 2.76147 2.75828 2.75522 2.75231 2.74956 2.74699 2.7446 2.74239 2.74036 2.73852 2.73686 2.73537 2.73406 2.7329 2.7319 2.73104 2.73032 2.72972 2.72923 2.72885 2.72856 2.72836 2.72823 2.72817 2.72817 2.72822 2.72832 2.72846 2.72864 
2.72204 2.72227 2.72255 2.72286 2.7232 2.72358 2.724 2.72447 2.725 2.72559 2.72625 2.727 2.72783 2.72878 2.72985 2.73105 2.73239 2.7339 2.73558 2.73744 2.73949 2.74174 2.7442 2.74687 2.74974 2.75282 2.75609 2.75956 2.76319 2.76699 2.77091 2.77495 2.77908 2.78326 2.78746 2.79165 2.79579 2.79985 2.80379 2.80758 2.81117 2.81454 2.81765 2.82047 2.82298 2.82514 2.82694 2.82836 2.82939 2.83001 2.83022 2.83002 2.82941 2.8284 2.82699 2.82521 2.82306 2.82058 2.81779 2.81472 2.81139 2.80785 2.80412 2.80023 2.79624 2.79216 2.78804 2.78392 2.77981 2.77577 2.7718 2.76795 2.76423 2.76067 2.75728 2.75408 2.75107 2.74827 2.74567 2.74329 2.74112 2.73916 2.7374 2.73583 2.73446 2.73325 2.73222 2.73134 2.7306 2.72999 2.72951 2.72913 2.72886 2.72867 2.72855 2.72851 2.72853 2.7286 2.72872 2.72888 
2.72228 2.72252 2.7228 2.72313 2.72349 2.72391 2.72437 2.7249 2.72549 2.72616 2.72692 2.72778 2.72875 2.72985 2.73109 2.73249 2.73407 2.73583 2.73779 2.73997 2.74237 2.745 2.74787 2.75098 2.75433 2.7579 2.76171 2.76572 2.76994 2.77432 2.77886 2.78351 2.78826 2.79306 2.79789 2.80269 2.80744 2.81208 2.81658 2.8209 2.825 2.82883 2.83237 2.83558 2.83842 2.84087 2.84292 2.84452 2.84568 2.84638 2.84661 2.84637 2.84567 2.84451 2.84291 2.84087 2.83843 2.8356 2.83242 2.82891 2.82511 2.82106 2.81679 2.81235 2.80777 2.8031 2.79837 2.79363 2.78891 2.78425 2.77968 2.77524 2.77094 2.76681 2.76289 2.75917 2.75567 2.75241 2.74939 2.7466 2.74406 2.74176 2.73969 2.73784 2.73621 2.73478 2.73354 2.73248 2.73159 2.73085 2.73024 2.72976 2.7294 2.72914 2.72897 2.72887 2.72885 2.72889 2.72899 2.72914 
2.72254 2.72278 2.72307 2.72341 2.7238 2.72426 2.72477 2.72536 2.72603 2.72679 2.72766 2.72865 2.72977 2.73105 2.73249 2.73412 2.73596 2.73801 2.7403 2.74283 2.74562 2.74868 2.75201 2.75561 2.75949 2.76363 2.76802 2.77265 2.77749 2.78253 2.78774 2.79308 2.79851 2.804 2.8095 2.81497 2.82037 2.82565 2.83076 2.83566 2.8403 2.84464 2.84864 2.85226 2.85547 2.85824 2.86053 2.86234 2.86364 2.86442 2.86467 2.8644 2.8636 2.86228 2.86046 2.85816 2.85539 2.85218 2.84857 2.84459 2.84028 2.83568 2.83083 2.82578 2.82057 2.81525 2.80985 2.80444 2.79904 2.79371 2.78847 2.78337 2.77844 2.77369 2.76916 2.76487 2.76083 2.75706 2.75355 2.75032 2.74737 2.74468 2.74226 2.74009 2.73817 2.73649 2.73502 2.73376 2.73269 2.73179 2.73105 2.73046 2.73 2.72965 2.72941 2.72926 2.7292 2.7292 2.72927 2.72941 
2.72281 2.72305 2.72335 2.72371 2.72414 2.72464 2.72521 2.72587 2.72662 2.72749 2.72849 2.72962 2.73092 2.73239 2.73407 2.73596 2.73808 2.74046 2.74311 2.74605 2.74928 2.75281 2.75665 2.7608 2.76526 2.77002 2.77506 2.78036 2.78591 2.79166 2.7976 2.80368 2.80986 2.81609 2.82233 2.82853 2.83464 2.8406 2.84637 2.85189 2.85711 2.86199 2.86648 2.87055 2.87415 2.87724 2.87982 2.88183 2.88328 2.88415 2.88443 2.88411 2.88321 2.88172 2.87967 2.87707 2.87396 2.87035 2.86628 2.8618 2.85694 2.85175 2.84627 2.84056 2.83467 2.82864 2.82253 2.81638 2.81025 2.80418 2.79822 2.7924 2.78676 2.78133 2.77615 2.77123 2.76659 2.76225 2.75821 2.75448 2.75106 2.74795 2.74513 2.74261 2.74037 2.7384 2.73667 2.73518 2.73391 2.73284 2.73195 2.73123 2.73065 2.73021 2.72989 2.72968 2.72956 2.72953 2.72957 2.72969 
2.7231 2.72334 2.72365 2.72404 2.7245 2.72505 2.72568 2.72642 2.72728 2.72827 2.72941 2.73071 2.7322 2.7339 2.73583 2.73801 2.74046 2.74321 2.74626 2.74964 2.75335 2.75741 2.76182 2.76658 2.77168 2.77711 2.78286 2.7889 2.79521 2.80174 2.80848 2.81536 2.82234 2.82938 2.83641 2.84339 2.85025 2.85694 2.86341 2.86959 2.87543 2.88089 2.8859 2.89044 2.89444 2.89789 2.90075 2.903 2.9046 2.90556 2.90586 2.9055 2.90448 2.90282 2.90052 2.89762 2.89414 2.8901 2.88555 2.88053 2.87509 2.86927 2.86313 2.85671 2.85008 2.8433 2.83641 2.82948 2.82255 2.81569 2.80894 2.80234 2.79594 2.78977 2.78387 2.77826 2.77296 2.768 2.76337 2.75909 2.75516 2.75158 2.74833 2.74542 2.74282 2.74052 2.73851 2.73677 2.73527 2.734 2.73294 2.73207 2.73137 2.73083 2.73042 2.73013 2.72996 2.72988 2.72989 2.72999 
2.7234 2.72364 2.72397 2.72439 2.72489 2.72549 2.7262 2.72704 2.72801 2.72913 2.73043 2.73192 2.73363 2.73558 2.73779 2.7403 2.74311 2.74626 2.74976 2.75363 2.75788 2.76251 2.76754 2.77296 2.77876 2.78493 2.79145 2.79829 2.80542 2.8128 2.82038 2.82812 2.83597 2.84386 2.85174 2.85954 2.86721 2.87468 2.88188 2.88876 2.89526 2.90131 2.90688 2.9119 2.91634 2.92015 2.92331 2.92579 2.92756 2.92861 2.92894 2.92853 2.9274 2.92555 2.923 2.91977 2.9159 2.91142 2.90636 2.90078 2.89472 2.88824 2.88138 2.87423 2.86682 2.85923 2.85152 2.84374 2.83597 2.82826 2.82066 2.81322 2.806 2.79903 2.79235 2.78599 2.77998 2.77433 2.76906 2.76418 2.75969 2.75559 2.75187 2.74852 2.74553 2.74288 2.74055 2.73852 2.73678 2.73529 2.73404 2.733 2.73217 2.7315 2.73099 2.73063 2.73039 2.73026 2.73023 2.7303 
2.72373 2.72397 2.72432 2.72476 2.72531 2.72598 2.72678 2.72771 2.72881 2.73008 2.73156 2.73326 2.73521 2.73744 2.73997 2.74283 2.74605 2.74964 2.75363 2.75803 2.76287 2.76813 2.77384 2.77997 2.78653 2.7935 2.80084 2.80854 2.81655 2.82483 2.83332 2.84198 2.85074 2.85954 2.86831 2.87699 2.8855 2.89378 2.90176 2.90937 2.91654 2.92323 2.92936 2.93489 2.93978 2.94397 2.94745 2.95016 2.9521 2.95325 2.9536 2.95315 2.95189 2.94985 2.94704 2.94348 2.93921 2.93426 2.92867 2.9225 2.9158 2.90862 2.90103 2.89308 2.88486 2.87642 2.86784 2.85918 2.8505 2.84188 2.83338 2.82505 2.81694 2.80911 2.8016 2.79443 2.78765 2.78126 2.7753 2.76977 2.76467 2.76 2.75576 2.75194 2.74851 2.74547 2.74279 2.74046 2.73843 2.73671 2.73524 2.73403 2.73303 2.73224 2.73162 2.73116 2.73085 2.73067 2.7306 2.73064 
2.72408 2.72433 2.72469 2.72517 2.72578 2.72652 2.7274 2.72845 2.72969 2.73113 2.73281 2.73474 2.73696 2.73949 2.74237 2.74562 2.74928 2.75335 2.75788 2.76287 2.76833 2.77428 2.78071 2.78762 2.79499 2.80281 2.81104 2.81965 2.8286 2.83783 2.84729 2.85691 2.86664 2.87639 2.8861 2.89569 2.90508 2.91421 2.92299 2.93136 2.93924 2.94657 2.95329 2.95935 2.96469 2.96927 2.97306 2.97603 2.97814 2.97939 2.97976 2.97926 2.97788 2.97564 2.97256 2.96866 2.96397 2.95854 2.95241 2.94564 2.93827 2.93037 2.92201 2.91325 2.90417 2.89485 2.88535 2.87575 2.86613 2.85656 2.8471 2.83782 2.82878 2.82003 2.81162 2.80359 2.79598 2.78881 2.78209 2.77586 2.7701 2.76482 2.76002 2.75568 2.75178 2.74831 2.74525 2.74257 2.74025 2.73826 2.73657 2.73515 2.73398 2.73304 2.7323 2.73175 2.73135 2.73111 2.731 2.73101 
2.72446 2.72471 2.7251 2.72562 2.72628 2.7271 2.72809 2.72927 2.73066 2.73229 2.73418 2.73636 2.73887 2.74174 2.745 2.74868 2.75281 2.75741 2.76251 2.76813 2.77428 2.78096 2.78817 2.79591 2.80415 2.81287 2.82205 2.83162 2.84156 2.85179 2.86226 2.8729 2.88363 2.89438 2.90506 2.91559 2.9259 2.9359 2.9455 2.95465 2.96325 2.97124 2.97856 2.98515 2.99096 2.99594 3.00006 3.00327 3.00556 3.00691 3.00731 3.00676 3.00525 3.00281 2.99945 2.99521 2.9901 2.98418 2.9775 2.9701 2.96205 2.95341 2.94426 2.93466 2.9247 2.91445 2.90401 2.89344 2.88282 2.87225 2.86179 2.85151 2.84148 2.83176 2.82241 2.81347 2.80497 2.79696 2.78945 2.78246 2.77599 2.77006 2.76464 2.75974 2.75534 2.75141 2.74794 2.74489 2.74224 2.73995 2.73801 2.73637 2.73502 2.73392 2.73304 2.73238 2.7319 2.73158 2.73143 2.73141 
2.72487 2.72513 2.72554 2.7261 2.72683 2.72774 2.72884 2.73016 2.73172 2.73355 2.73568 2.73814 2.74097 2.7442 2.74787 2.75201 2.75665 2.76182 2.76754 2.77384 2.78071 2.78817 2.79621 2.80483 2.81399 2.82367 2.83383 2.84443 2.8554 2.86668 2.8782 2.88989 2.90167 2.91344 2.92512 2.93663 2.94787 2.95876 2.96921 2.97914 2.98847 2.99714 3.00507 3.0122 3.01847 3.02385 3.02829 3.03176 3.03423 3.03568 3.0361 3.0355 3.03387 3.03123 3.02759 3.023 3.01747 3.01106 3.00381 2.99578 2.98704 2.97765 2.96769 2.95723 2.94637 2.93518 2.92375 2.91218 2.90054 2.88893 2.87742 2.8661 2.85504 2.8443 2.83395 2.82405 2.81462 2.80571 2.79735 2.78956 2.78234 2.7757 2.76964 2.76414 2.75919 2.75477 2.75085 2.7474 2.74439 2.74179 2.73957 2.7377 2.73614 2.73487 2.73385 2.73306 2.73249 2.7321 2.73189 2.73184 
2.72531 2.72558 2.72601 2.72662 2.72742 2.72843 2.72965 2.73112 2.73287 2.73492 2.73731 2.74007 2.74324 2.74687 2.75098 2.75561 2.7608 2.76658 2.77296 2.77997 2.78762 2.79591 2.80483 2.81436 2.82449 2.83518 2.84637 2.85803 2.87007 2.88244 2.89506 2.90783 2.92068 2.9335 2.94621 2.95871 2.9709 2.98269 2.99399 3.00472 3.01479 3.02412 3.03266 3.04033 3.04707 3.05285 3.05761 3.06133 3.06397 3.06552 3.06597 3.06532 3.06357 3.06073 3.05682 3.05188 3.04593 3.03903 3.03122 3.02256 3.01312 3.00297 2.99219 2.98087 2.96908 2.95693 2.9445 2.9319 2.91921 2.90652 2.89394 2.88154 2.8694 2.85761 2.84622 2.8353 2.8249 2.81506 2.8058 2.79716 2.78914 2.78176 2.77501 2.76887 2.76334 2.75838 2.75398 2.7501 2.74672 2.74378 2.74127 2.73914 2.73736 2.73589 2.73472 2.7338 2.73312 2.73266 2.73239 2.7323 
2.72579 2.72606 2.72652 2.72719 2.72807 2.72917 2.73053 2.73217 2.73411 2.7364 2.73907 2.74215 2.7457 2.74974 2.75433 2.75949 2.76526 2.77168 2.77876 2.78653 2.79499 2.80415 2.81399 2.82449 2.83563 2.84736 2.85963 2.87238 2.88553 2.89902 2.91275 2.92664 2.94058 2.95447 2.96821 2.98171 2.99486 3.00756 3.01971 3.03123 3.04204 3.05204 3.06118 3.06938 3.07659 3.08275 3.08783 3.0918 3.09461 3.09627 3.09674 3.09604 3.09417 3.09113 3.08696 3.08167 3.07531 3.06792 3.05956 3.05027 3.04014 3.02924 3.01764 3.00544 2.99273 2.97961 2.96617 2.95251 2.93875 2.92497 2.91128 2.89777 2.88453 2.87164 2.85918 2.84721 2.83579 2.82496 2.81477 2.80524 2.79639 2.78822 2.78073 2.77392 2.76777 2.76226 2.75735 2.75301 2.74921 2.74592 2.74309 2.74068 2.73866 2.737 2.73566 2.7346 2.73381 2.73326 2.73292 2.7328 
2.72631 2.72658 2.72708 2.7278 2.72876 2.72998 2.73148 2.7333 2.73546 2.738 2.74096 2.74439 2.74833 2.75282 2.7579 2.76363 2.77002 2.77711 2.78493 2.7935 2.80281 2.81287 2.82367 2.83518 2.84736 2.86016 2.87354 2.88741 2.90171 2.91634 2.93121 2.94622 2.96126 2.97623 2.99102 3.00552 3.01962 3.03322 3.04622 3.05853 3.07006 3.08072 3.09044 3.09917 3.10683 3.11337 3.11876 3.12297 3.12595 3.1277 3.12821 3.12746 3.12547 3.12225 3.11781 3.1122 3.10543 3.09757 3.08866 3.07876 3.06795 3.05629 3.04389 3.03082 3.01718 3.00308 2.98863 2.97392 2.95907 2.94418 2.92936 2.91472 2.90035 2.88633 2.87276 2.85971 2.84724 2.8354 2.82423 2.81377 2.80405 2.79506 2.78681 2.77929 2.77249 2.76638 2.76093 2.75611 2.75188 2.7482 2.74503 2.74233 2.74006 2.73818 2.73666 2.73545 2.73454 2.7339 2.7335 2.73333 
2.72686 2.72714 2.72767 2.72845 2.7295 2.73085 2.7325 2.73451 2.73689 2.73971 2.74299 2.74678 2.75113 2.75609 2.76171 2.76802 2.77506 2.78286 2.79145 2.80084 2.81104 2.82205 2.83383 2.84637 2.85963 2.87354 2.88805 2.90307 2.91852 2.93431 2.95032 2.96646 2.98262 2.99866 3.01449 3.02998 3.04503 3.05952 3.07335 3.08643 3.09866 3.10996 3.12026 3.12949 3.13759 3.1445 3.15019 3.15463 3.15777 3.15962 3.16015 3.15936 3.15726 3.15386 3.14918 3.14324 3.13609 3.12777 3.11833 3.10783 3.09636 3.08397 3.07077 3.05685 3.0423 3.02723 3.01176 2.99599 2.98005 2.96405 2.9481 2.93231 2.91678 2.90162 2.88692 2.87276 2.8592 2.84632 2.83415 2.82273 2.8121 2.80225 2.79321 2.78495 2.77746 2.77073 2.76472 2.75939 2.7547 2.75062 2.7471 2.74409 2.74155 2.73945 2.73773 2.73637 2.73533 2.73458 2.73412 2.73391 
2.72744 2.72773 2.7283 2.72915 2.7303 2.73177 2.73359 2.73579 2.73842 2.74152 2.74513 2.74931 2.7541 2.75956 2.76572 2.77265 2.78036 2.7889 2.79829 2.80854 2.81965 2.83162 2.84443 2.85803 2.87238 2.88741 2.90307 2.91925 2.93587 2.95282 2.96999 2.98726 3.00451 3.02163 3.03848 3.05495 3.07092 3.08628 3.10093 3.11475 3.12766 3.13958 3.15043 3.16014 3.16865 3.17592 3.1819 3.18655 3.18985 3.19179 3.19235 3.19152 3.18932 3.18575 3.18083 3.17459 3.16707 3.15832 3.14837 3.1373 3.12519 3.11209 3.09812 3.08336 3.06791 3.05189 3.03542 3.01861 3.00158 2.98446 2.96737 2.95043 2.93375 2.91743 2.90158 2.88629 2.87163 2.85767 2.84447 2.83207 2.8205 2.80978 2.7999 2.79088 2.78269 2.77531 2.76871 2.76285 2.75769 2.75318 2.74928 2.74595 2.74313 2.74078 2.73886 2.73733 2.73616 2.73531 2.73477 2.73451 
2.72806 2.72836 2.72897 2.72989 2.73114 2.73275 2.73474 2.73715 2.74004 2.74344 2.7474 2.75198 2.75722 2.76319 2.76994 2.77749 2.78591 2.79521 2.80542 2.81655 2.8286 2.84156 2.8554 2.87007 2.88553 2.90171 2.91852 2.93587 2.95365 2.97176 2.99008 3.00847 3.02681 3.04498 3.06283 3.08026 3.09713 3.11333 3.12876 3.1433 3.15686 3.16937 3.18074 3.1909 3.19981 3.20741 3.21365 3.21851 3.22196 3.22398 3.22457 3.22371 3.22141 3.21769 3.21255 3.20604 3.19817 3.189 3.17858 3.16697 3.15424 3.14047 3.12575 3.11018 3.09386 3.07692 3.05946 3.04162 3.02353 3.0053 2.98708 2.96899 2.95114 2.93366 2.91666 2.90023 2.88445 2.8694 2.85516 2.84175 2.82922 2.81759 2.80687 2.79706 2.78814 2.78009 2.77288 2.76646 2.76081 2.75586 2.75158 2.7479 2.74479 2.74219 2.74006 2.73835 2.73704 2.73608 2.73546 2.73516 
2.72872 2.72903 2.72968 2.73067 2.73203 2.73377 2.73595 2.73859 2.74173 2.74544 2.74977 2.75476 2.76049 2.76699 2.77432 2.78253 2.79166 2.80174 2.8128 2.82483 2.83783 2.85179 2.86668 2.88244 2.89902 2.91634 2.93431 2.95282 2.97176 2.99102 3.01046 3.02996 3.04936 3.06855 3.08739 3.10574 3.12347 3.14048 3.15665 3.17187 3.18605 3.19911 3.21097 3.22156 3.23083 3.23874 3.24523 3.25028 3.25387 3.25597 3.25658 3.2557 3.25332 3.24945 3.24412 3.23734 3.22916 3.21961 3.20874 3.19662 3.18331 3.1689 3.15347 3.13713 3.11998 3.10213 3.08373 3.06489 3.04574 3.02643 3.00709 2.98786 2.96886 2.95023 2.93206 2.91449 2.89758 2.88144 2.86613 2.85171 2.83821 2.82566 2.81407 2.80345 2.79378 2.78504 2.7772 2.77022 2.76406 2.75866 2.75397 2.74994 2.74652 2.74366 2.74131 2.73942 2.73796 2.73689 2.73619 2.73584 
2.7294 2.72973 2.73042 2.73149 2.73296 2.73485 2.73721 2.74008 2.7435 2.74754 2.75224 2.75766 2.76387 2.77091 2.77886 2.78774 2.7976 2.80848 2.82038 2.83332 2.84729 2.86226 2.8782 2.89506 2.91275 2.93121 2.95032 2.96999 2.99008 3.01046 3.03101 3.05158 3.07202 3.0922 3.11197 3.1312 3.14977 3.16754 3.18441 3.20027 3.21503 3.2286 3.24091 3.2519 3.26151 3.26969 3.27642 3.28164 3.28536 3.28754 3.28817 3.28726 3.28481 3.28081 3.2753 3.2683 3.25982 3.24993 3.23865 3.22605 3.21221 3.19719 3.1811 3.16402 3.14607 3.12738 3.10805 3.08824 3.06808 3.04771 3.02728 3.00693 2.98679 2.96701 2.9477 2.92898 2.91096 2.89372 2.87734 2.86189 2.84741 2.83392 2.82146 2.81002 2.79959 2.79015 2.78167 2.77411 2.76742 2.76155 2.75645 2.75205 2.74832 2.74519 2.74261 2.74053 2.73892 2.73773 2.73695 2.73655 
2.73011 2.73045 2.73119 2.73234 2.73392 2.73597 2.73852 2.74163 2.74533 2.7497 2.75478 2.76065 2.76735 2.77495 2.78351 2.79308 2.80368 2.81536 2.82812 2.84198 2.85691 2.8729 2.88989 2.90783 2.92664 2.94622 2.96646 2.98726 3.00847 3.02996 3.05158 3.07318 3.09462 3.11575 3.13642 3.15649 3.17583 3.19432 3.21185 3.2283 3.24359 3.25763 3.27036 3.28171 3.29162 3.30006 3.30699 3.31238 3.31621 3.31845 3.31912 3.31819 3.31567 3.31157 3.3059 3.29869 3.28996 3.27975 3.2681 3.25507 3.24073 3.22516 3.20844 3.19068 3.17198 3.15247 3.13227 3.11153 3.09039 3.069 3.04751 3.02606 3.00481 2.9839 2.96346 2.94361 2.92447 2.90614 2.8887 2.87222 2.85676 2.84234 2.82899 2.81673 2.80553 2.79537 2.78624 2.77809 2.77087 2.76452 2.75899 2.75423 2.75018 2.74677 2.74395 2.74168 2.73991 2.73861 2.73774 2.73728 
2.73085 2.7312 2.73199 2.73322 2.73492 2.73713 2.73988 2.74322 2.74722 2.75192 2.75739 2.7637 2.77091 2.77908 2.78826 2.79851 2.80986 2.82234 2.83597 2.85074 2.86664 2.88363 2.90167 2.92068 2.94058 2.96126 2.98262 3.00451 3.02681 3.04936 3.07202 3.09462 3.11701 3.13904 3.16056 3.18142 3.20149 3.22065 3.23878 3.25578 3.27155 3.28603 3.29913 3.3108 3.32098 3.32965 3.33676 3.34229 3.34621 3.34853 3.34921 3.34827 3.3457 3.34151 3.33571 3.32832 3.31936 3.30887 3.29689 3.28348 3.26869 3.25261 3.23532 3.21692 3.19752 3.17724 3.15622 3.1346 3.11253 3.09015 3.06763 3.04513 3.0228 3.00079 2.97924 2.95828 2.93805 2.91864 2.90015 2.88265 2.8662 2.85085 2.83662 2.82352 2.81155 2.80068 2.7909 2.78214 2.77438 2.76755 2.7616 2.75646 2.75207 2.74838 2.74533 2.74286 2.74094 2.73951 2.73855 2.73805 
2.73161 2.73197 2.7328 2.73412 2.73594 2.73831 2.74126 2.74485 2.74914 2.75418 2.76005 2.76681 2.77452 2.78326 2.79306 2.804 2.81609 2.82938 2.84386 2.85954 2.87639 2.89438 2.91344 2.9335 2.95447 2.97623 2.99866 3.02163 3.04498 3.06855 3.0922 3.11575 3.13904 3.16192 3.18423 3.20582 3.22657 3.24634 3.26503 3.28252 3.29873 3.31359 3.32702 3.33897 3.3494 3.35826 3.36553 3.37118 3.3752 3.37757 3.37828 3.37733 3.37472 3.37045 3.36454 3.357 3.34785 3.33712 3.32485 3.31109 3.29591 3.27937 3.26155 3.24257 3.22252 3.20153 3.17974 3.15729 3.13433 3.11102 3.08752 3.064 3.04063 3.01755 2.99492 2.97289 2.95158 2.93111 2.91159 2.89308 2.87567 2.85939 2.84428 2.83036 2.81762 2.80604 2.79559 2.78624 2.77794 2.77063 2.76424 2.75872 2.75401 2.75003 2.74674 2.74407 2.74198 2.74043 2.73939 2.73883 
2.73238 2.73276 2.73364 2.73504 2.73698 2.73951 2.74266 2.7465 2.75108 2.75647 2.76273 2.76994 2.77816 2.78746 2.79789 2.8095 2.82233 2.83641 2.85174 2.86831 2.8861 2.90506 2.92512 2.94621 2.96821 2.99102 3.01449 3.03848 3.06283 3.08739 3.11197 3.13642 3.16056 3.18423 3.20728 3.22955 3.25091 3.27124 3.29043 3.30836 3.32496 3.34016 3.35388 3.36607 3.37671 3.38574 3.39314 3.3989 3.40299 3.40541 3.40615 3.40519 3.40256 3.39823 3.39223 3.38456 3.37525 3.36432 3.3518 3.33775 3.32221 3.30526 3.28698 3.26747 3.24683 3.22518 3.20268 3.17945 3.15565 3.13146 3.10703 3.08255 3.05817 3.03407 3.01041 2.98733 2.96498 2.94348 2.92294 2.90345 2.88509 2.8679 2.85193 2.83719 2.82368 2.8114 2.8003 2.79036 2.78152 2.77372 2.7669 2.761 2.75595 2.75169 2.74816 2.74529 2.74304 2.74137 2.74024 2.73962 
2.73315 2.73355 2.73448 2.73596 2.73803 2.74072 2.74407 2.74816 2.75303 2.75876 2.76542 2.77307 2.78179 2.79165 2.80269 2.81497 2.82853 2.84339 2.85954 2.87699 2.89569 2.91559 2.93663 2.95871 2.98171 3.00552 3.02998 3.05495 3.08026 3.10574 3.1312 3.15649 3.18142 3.20582 3.22955 3.25244 3.27437 3.2952 3.31483 3.33315 3.35009 3.36558 3.37955 3.39195 3.40276 3.41193 3.41944 3.42529 3.42945 3.43191 3.43267 3.43172 3.42906 3.42469 3.41862 3.41086 3.40142 3.39032 3.3776 3.36329 3.34745 3.33014 3.31144 3.29146 3.27028 3.24804 3.22488 3.20093 3.17636 3.15134 3.12604 3.10064 3.07531 3.05023 3.02558 3.0015 2.97814 2.95564 2.93412 2.91368 2.89439 2.87632 2.8595 2.84396 2.82971 2.81672 2.80499 2.79445 2.78508 2.7768 2.76956 2.76328 2.7579 2.75336 2.74958 2.74652 2.74411 2.74231 2.74109 2.74042 
2.73393 2.73434 2.73532 2.73689 2.73908 2.74192 2.74548 2.74981 2.75497 2.76104 2.76808 2.77617 2.78539 2.79579 2.80744 2.82037 2.83464 2.85025 2.86721 2.8855 2.90508 2.9259 2.94787 2.9709 2.99486 3.01962 3.04503 3.07092 3.09713 3.12347 3.14977 3.17583 3.20149 3.22657 3.25091 3.27437 3.2968 3.31808 3.33809 3.35676 3.37399 3.38972 3.4039 3.41648 3.42742 3.43671 3.44431 3.45023 3.45444 3.45694 3.45772 3.45678 3.45411 3.44972 3.4436 3.43576 3.42622 3.41499 3.4021 3.38758 3.37148 3.35386 3.33481 3.3144 3.29275 3.26997 3.2462 3.2216 3.19631 3.17052 3.14441 3.11815 3.09192 3.06592 3.04032 3.01528 2.99097 2.96752 2.94505 2.92369 2.9035 2.88457 2.86693 2.85061 2.83563 2.82197 2.8096 2.7985 2.7886 2.77985 2.77219 2.76554 2.75984 2.75502 2.751 2.74774 2.74517 2.74325 2.74194 2.74122 
2.7347 2.73513 2.73615 2.73781 2.74011 2.74312 2.74688 2.75144 2.75689 2.76328 2.7707 2.77922 2.78892 2.79985 2.81208 2.82565 2.8406 2.85694 2.87468 2.89378 2.91421 2.9359 2.95876 2.98269 3.00756 3.03322 3.05952 3.08628 3.11333 3.14048 3.16754 3.19432 3.22065 3.24634 3.27124 3.2952 3.31808 3.33975 3.3601 3.37906 3.39654 3.41248 3.42682 3.43954 3.45059 3.45997 3.46765 3.47362 3.47787 3.4804 3.48121 3.48027 3.47761 3.4732 3.46705 3.45917 3.44955 3.43822 3.42519 3.4105 3.39419 3.37631 3.35694 3.33617 3.31409 3.29083 3.26653 3.24132 3.21539 3.18889 3.16202 3.13495 3.10789 3.08103 3.05453 3.02859 3.00337 2.979 2.95564 2.93339 2.91235 2.89259 2.87416 2.8571 2.84141 2.82709 2.81412 2.80245 2.79205 2.78284 2.77477 2.76776 2.76174 2.75665 2.7524 2.74894 2.74622 2.74418 2.74279 2.74202 
2.73546 2.7359 2.73698 2.73871 2.74113 2.74429 2.74824 2.75304 2.75875 2.76547 2.77325 2.78219 2.79235 2.80379 2.81658 2.83076 2.84637 2.86341 2.88188 2.90176 2.92299 2.9455 2.96921 2.99399 3.01971 3.04622 3.07335 3.10093 3.12876 3.15665 3.18441 3.21185 3.23878 3.26503 3.29043 3.31483 3.33809 3.3601 3.38075 3.39996 3.41764 3.43374 3.44822 3.46105 3.47219 3.48163 3.48936 3.49537 3.49966 3.50222 3.50304 3.50212 3.49946 3.49505 3.48889 3.48098 3.47131 3.45991 3.44678 3.43196 3.41547 3.39738 3.37775 3.35666 3.33421 3.31053 3.28574 3.25999 3.23346 3.20632 3.17875 3.15095 3.12311 3.09544 3.06811 3.04132 3.01524 2.99002 2.96581 2.94273 2.92087 2.90032 2.88114 2.86336 2.847 2.83205 2.81849 2.80629 2.7954 2.78575 2.77728 2.76992 2.7636 2.75824 2.75377 2.75012 2.74725 2.74509 2.74362 2.74279 
2.7362 2.73665 2.73777 2.73958 2.74212 2.74543 2.74956 2.75458 2.76056 2.76758 2.77572 2.78505 2.79564 2.80758 2.8209 2.83566 2.85189 2.86959 2.88876 2.90937 2.93136 2.95465 2.97914 3.00472 3.03123 3.05853 3.08643 3.11475 3.1433 3.17187 3.20027 3.2283 3.25578 3.28252 3.30836 3.33315 3.35676 3.37906 3.39996 3.41936 3.43721 3.45345 3.46803 3.48094 3.49214 3.50163 3.5094 3.51544 3.51975 3.52233 3.52317 3.52227 3.51962 3.51522 3.50906 3.50113 3.49144 3.47999 3.46679 3.45186 3.43524 3.41697 3.39712 3.37576 3.353 3.32894 3.30373 3.2775 3.25044 3.22271 3.19451 3.16603 3.13748 3.10906 3.08096 3.05339 3.0265 3.00048 2.97548 2.95161 2.92898 2.9077 2.8878 2.86934 2.85234 2.8368 2.82268 2.80997 2.79861 2.78854 2.7797 2.772 2.76539 2.75977 2.75508 2.75126 2.74824 2.74598 2.74442 2.74355 
2.7369 2.73737 2.73854 2.74043 2.74307 2.74651 2.75082 2.75605 2.76228 2.76959 2.77806 2.78776 2.79878 2.81117 2.825 2.8403 2.85711 2.87543 2.89526 2.91654 2.93924 2.96325 2.98847 3.01479 3.04204 3.07006 3.09866 3.12766 3.15686 3.18605 3.21503 3.24359 3.27155 3.29873 3.32496 3.35009 3.37399 3.39654 3.41764 3.43721 3.45519 3.47153 3.48619 3.49915 3.5104 3.51992 3.52771 3.53377 3.53809 3.54069 3.54155 3.54066 3.53803 3.53365 3.5275 3.51958 3.50988 3.4984 3.48515 3.47016 3.45343 3.43502 3.41499 3.39341 3.37037 3.34599 3.3204 3.29375 3.26621 3.23796 3.20919 3.1801 3.1509 3.1218 3.09299 3.06469 3.03707 3.01031 2.98456 2.95997 2.93663 2.91465 2.89409 2.875 2.8574 2.84129 2.82666 2.81346 2.80166 2.7912 2.78199 2.77398 2.76709 2.76123 2.75634 2.75235 2.7492 2.74682 2.7452 2.74428 
2.73757 2.73806 2.73926 2.74122 2.74397 2.74754 2.75201 2.75744 2.76391 2.77149 2.78026 2.79032 2.80172 2.81454 2.82883 2.84464 2.86199 2.88089 2.90131 2.92323 2.94657 2.97124 2.99714 3.02412 3.05204 3.08072 3.10996 3.13958 3.16937 3.19911 3.2286 3.25763 3.28603 3.31359 3.34016 3.36558 3.38972 3.41248 3.43374 3.45345 3.47153 3.48794 3.50266 3.51566 3.52693 3.53646 3.54427 3.55034 3.55467 3.55728 3.55815 3.55729 3.55468 3.55032 3.54419 3.53628 3.52659 3.5151 3.50183 3.48678 3.46998 3.45146 3.43129 3.40952 3.38625 3.3616 3.33568 3.30866 3.2807 3.25199 3.22271 3.19307 3.16328 3.13356 3.10412 3.07516 3.04687 3.01943 2.99301 2.96774 2.94375 2.92113 2.89995 2.88028 2.86212 2.84549 2.83037 2.81673 2.80452 2.79369 2.78415 2.77585 2.76869 2.76261 2.75753 2.75338 2.7501 2.74763 2.74593 2.74497 
2.7382 2.7387 2.73994 2.74197 2.7448 2.7485 2.75312 2.75873 2.76542 2.77325 2.78231 2.79268 2.80444 2.81765 2.83237 2.84864 2.86648 2.8859 2.90688 2.92936 2.95329 2.97856 3.00507 3.03266 3.06118 3.09044 3.12026 3.15043 3.18074 3.21097 3.24091 3.27036 3.29913 3.32702 3.35388 3.37955 3.4039 3.42682 3.44822 3.46803 3.48619 3.50266 3.51741 3.53043 3.54171 3.55125 3.55906 3.56513 3.56948 3.57209 3.57298 3.57214 3.56955 3.56521 3.55911 3.55122 3.54155 3.53007 3.51679 3.50171 3.48485 3.46625 3.44596 3.42404 3.40058 3.37569 3.34951 3.32216 3.29384 3.26471 3.23498 3.20486 3.17455 3.14428 3.11427 3.08471 3.05582 3.02777 3.00073 2.97486 2.95027 2.92707 2.90534 2.88513 2.86647 2.84936 2.8338 2.81975 2.80717 2.79599 2.78615 2.77757 2.77018 2.76389 2.75864 2.75434 2.75093 2.74837 2.74661 2.74561 
2.73878 2.73928 2.74056 2.74265 2.74557 2.74938 2.75414 2.75992 2.76679 2.77485 2.78417 2.79483 2.80691 2.82047 2.83558 2.85226 2.87055 2.89044 2.9119 2.93489 2.95935 2.98515 3.0122 3.04033 3.06938 3.09917 3.12949 3.16014 3.1909 3.22156 3.2519 3.28171 3.3108 3.33897 3.36607 3.39195 3.41648 3.43954 3.46105 3.48094 3.49915 3.51566 3.53043 3.54346 3.55475 3.56429 3.57209 3.57816 3.58251 3.58513 3.58603 3.58521 3.58265 3.57833 3.57226 3.5644 3.55474 3.54328 3.53 3.5149 3.49801 3.47935 3.45897 3.43693 3.41331 3.38823 3.36181 3.33419 3.30555 3.27607 3.24595 3.2154 3.18464 3.15389 3.12336 3.09329 3.06385 3.03526 3.00768 2.98127 2.95615 2.93243 2.9102 2.88951 2.8704 2.85286 2.8369 2.82249 2.80956 2.79808 2.78797 2.77914 2.77153 2.76506 2.75964 2.75521 2.7517 2.74906 2.74723 2.7462 
2.73929 2.73981 2.74112 2.74326 2.74626 2.75016 2.75504 2.76097 2.76802 2.77628 2.78582 2.79674 2.8091 2.82298 2.83842 2.85547 2.87415 2.89444 2.91634 2.93978 2.96469 2.99096 3.01847 3.04707 3.07659 3.10683 3.13759 3.16865 3.19981 3.23083 3.26151 3.29162 3.32098 3.3494 3.37671 3.40276 3.42742 3.45059 3.47219 3.49214 3.5104 3.52693 3.54171 3.55475 3.56603 3.57556 3.58336 3.58942 3.59377 3.5964 3.59731 3.59651 3.59397 3.58968 3.58363 3.57581 3.56617 3.55473 3.54146 3.52636 3.50944 3.49074 3.47029 3.44815 3.4244 3.39916 3.37254 3.34469 3.31579 3.28601 3.25555 3.22464 3.19348 3.16231 3.13135 3.10082 3.07092 3.04186 3.01381 2.98692 2.96134 2.93717 2.9145 2.89339 2.87387 2.85597 2.83966 2.82491 2.81169 2.79994 2.78958 2.78054 2.77274 2.7661 2.76054 2.75599 2.75239 2.74967 2.7478 2.74673 
2.73975 2.74027 2.74161 2.7438 2.74686 2.75085 2.75583 2.76189 2.76909 2.77751 2.78726 2.79839 2.811 2.82514 2.84087 2.85824 2.87724 2.89789 2.92015 2.94397 2.96927 2.99594 3.02385 3.05285 3.08275 3.11337 3.1445 3.17592 3.20741 3.23874 3.26969 3.30006 3.32965 3.35826 3.38574 3.41193 3.43671 3.45997 3.48163 3.50163 3.51992 3.53646 3.55125 3.56429 3.57556 3.58509 3.59287 3.59894 3.60328 3.60592 3.60684 3.60605 3.60353 3.59927 3.59325 3.58545 3.57584 3.56442 3.55116 3.53606 3.51913 3.50039 3.47989 3.45767 3.43382 3.40845 3.38167 3.35363 3.3245 3.29447 3.26374 3.23252 3.20103 3.16951 3.13818 3.10726 3.07697 3.04751 3.01905 2.99177 2.96579 2.94124 2.91819 2.89672 2.87687 2.85864 2.84203 2.82701 2.81353 2.80155 2.79098 2.78175 2.77379 2.76701 2.76133 2.75668 2.75299 2.75021 2.74829 2.7472 
2.74013 2.74066 2.74203 2.74425 2.74736 2.75143 2.7565 2.76266 2.76998 2.77855 2.78845 2.79977 2.81258 2.82694 2.84292 2.86053 2.87982 2.90075 2.92331 2.94745 2.97306 3.00006 3.02829 3.05761 3.08783 3.11876 3.15019 3.1819 3.21365 3.24523 3.27642 3.30699 3.33676 3.36553 3.39314 3.41944 3.44431 3.46765 3.48936 3.5094 3.52771 3.54427 3.55906 3.57209 3.58336 3.59287 3.60065 3.60671 3.61106 3.6137 3.61463 3.61385 3.61135 3.60711 3.60111 3.59334 3.58375 3.57234 3.5591 3.544 3.52706 3.5083 3.48775 3.46547 3.44154 3.41606 3.38915 3.36096 3.33166 3.30142 3.27046 3.23899 3.20724 3.17543 3.1438 3.11257 3.08196 3.05217 3.02339 2.99577 2.96947 2.9446 2.92125 2.89949 2.87935 2.86086 2.844 2.82875 2.81507 2.80289 2.79215 2.78277 2.77467 2.76776 2.76198 2.75725 2.75349 2.75066 2.7487 2.74759 
2.74044 2.74098 2.74236 2.74461 2.74777 2.75189 2.75703 2.76327 2.77069 2.77937 2.7894 2.80086 2.81383 2.82836 2.84452 2.86234 2.88183 2.903 2.92579 2.95016 2.97603 3.00327 3.03176 3.06133 3.0918 3.12297 3.15463 3.18655 3.21851 3.25028 3.28164 3.31238 3.34229 3.37118 3.3989 3.42529 3.45023 3.47362 3.49537 3.51544 3.53377 3.55034 3.56513 3.57816 3.58942 3.59894 3.60671 3.61277 3.61711 3.61975 3.62069 3.61992 3.61744 3.61322 3.60724 3.59948 3.58991 3.57851 3.56527 3.55018 3.53323 3.51445 3.49387 3.47155 3.44755 3.42199 3.39498 3.36667 3.33722 3.30683 3.27569 3.24403 3.21207 3.18004 3.14818 3.11671 3.08585 3.05581 3.02677 2.9989 2.97235 2.94723 2.92365 2.90166 2.8813 2.86261 2.84555 2.83013 2.81628 2.80395 2.79307 2.78357 2.77536 2.76837 2.76251 2.75771 2.7539 2.75102 2.74904 2.74791 
2.74067 2.74122 2.74261 2.74488 2.74807 2.75223 2.75742 2.76372 2.77121 2.77998 2.7901 2.80166 2.81473 2.82939 2.84568 2.86364 2.88328 2.9046 2.92756 2.9521 2.97814 3.00556 3.03423 3.06397 3.09461 3.12595 3.15777 3.18985 3.22196 3.25387 3.28536 3.31621 3.34621 3.3752 3.40299 3.42945 3.45444 3.47787 3.49966 3.51975 3.53809 3.55467 3.56948 3.58251 3.59377 3.60328 3.61106 3.61711 3.62146 3.6241 3.62505 3.62429 3.62181 3.6176 3.61163 3.60388 3.59432 3.58293 3.56969 3.5546 3.53764 3.51884 3.49823 3.47587 3.45183 3.4262 3.39912 3.37072 3.34117 3.31067 3.27941 3.24761 3.2155 3.18332 3.15129 3.11965 3.08862 3.05839 3.02918 3.00113 2.9744 2.94912 2.92536 2.90321 2.8827 2.86386 2.84667 2.83112 2.81715 2.80472 2.79374 2.78416 2.77587 2.76881 2.76289 2.75805 2.7542 2.75129 2.74929 2.74814 
2.74082 2.74137 2.74277 2.74506 2.74826 2.75245 2.75767 2.76401 2.77154 2.78035 2.79052 2.80214 2.81528 2.83001 2.84638 2.86442 2.88415 2.90556 2.92861 2.95325 2.97939 3.00691 3.03568 3.06552 3.09627 3.1277 3.15962 3.19179 3.22398 3.25597 3.28754 3.31845 3.34853 3.37757 3.40541 3.43191 3.45694 3.4804 3.50222 3.52233 3.54069 3.55728 3.57209 3.58513 3.5964 3.60592 3.6137 3.61975 3.6241 3.62675 3.6277 3.62694 3.62447 3.62026 3.61429 3.60655 3.59699 3.5856 3.57236 3.55725 3.54028 3.52146 3.50083 3.47844 3.45436 3.4287 3.40156 3.37311 3.3435 3.31292 3.28159 3.24971 3.21751 3.18524 3.15311 3.12137 3.09024 3.05991 3.03059 3.00244 2.97561 2.95023 2.92638 2.90413 2.88354 2.86461 2.84735 2.83172 2.81768 2.80519 2.79416 2.78452 2.77619 2.76909 2.76314 2.75826 2.75439 2.75147 2.74945 2.7483 
