6.44073 6.44092 6.44122 6.44165 6.44219 6.44285 6.44362 6.44452 6.44553 6.44666 6.4479 6.44926 6.45074 6.45233 6.45403 6.45583 6.45775 6.45977 6.46188 6.46409 6.46639 6.46877 6.47122 6.47374 6.47632 6.47896 6.48163 6.48433 6.48705 6.48978 6.4925 6.4952 6.49788 6.50051 6.50308 6.50558 6.50799 6.51031 6.51252 6.5146 6.51655 6.51835 6.51999 6.52147 6.52277 6.52389 6.52482 6.52555 6.52608 6.52641 6.52653 6.52645 6.52616 6.52567 6.52498 6.5241 6.52302 6.52177 6.52034 6.51875 6.51701 6.51512 6.5131 6.51097 6.50872 6.50638 6.50397 6.50149 6.49895 6.49638 6.49378 6.49117 6.48856 6.48596 6.48339 6.48085 6.47836 6.47593 6.47356 6.47127 6.46905 6.46693 6.4649 6.46297 6.46114 6.45942 6.45782 6.45633 6.45495 6.4537 6.45256 6.45154 6.45064 6.44987 6.44922 6.44868 6.44827 6.44798 6.4478 6.44775 
6.44092 6.44111 6.44141 6.44183 6.44238 6.44304 6.44382 6.44472 6.44574 6.44687 6.44812 6.44949 6.45097 6.45257 6.45428 6.4561 6.45803 6.46005 6.46218 6.4644 6.46672 6.46911 6.47158 6.47412 6.47671 6.47936 6.48205 6.48477 6.48751 6.49025 6.49299 6.49571 6.4984 6.50105 6.50364 6.50615 6.50858 6.51091 6.51313 6.51523 6.51719 6.51901 6.52066 6.52215 6.52346 6.52458 6.52551 6.52625 6.52678 6.52711 6.52724 6.52715 6.52686 6.52637 6.52567 6.52478 6.52371 6.52244 6.52101 6.51941 6.51765 6.51575 6.51372 6.51157 6.50931 6.50696 6.50452 6.50203 6.49948 6.49689 6.49427 6.49164 6.48902 6.4864 6.48381 6.48126 6.47875 6.4763 6.47392 6.47161 6.46938 6.46724 6.4652 6.46326 6.46142 6.45969 6.45807 6.45657 6.45519 6.45392 6.45278 6.45176 6.45085 6.45007 6.44941 6.44888 6.44846 6.44817 6.44799 6.44794 
6.44122 6.44141 6.44172 6.44215 6.4427 6.44337 6.44416 6.44507 6.4461 6.44725 6.44852 6.44991 6.45142 6.45304 6.45478 6.45662 6.45858 6.46064 6.4628 6.46506 6.46741 6.46984 6.47234 6.47492 6.47756 6.48025 6.48298 6.48574 6.48852 6.49131 6.49409 6.49685 6.49959 6.50227 6.5049 6.50745 6.50992 6.51229 6.51454 6.51667 6.51866 6.5205 6.52218 6.52369 6.52502 6.52616 6.52711 6.52785 6.52839 6.52873 6.52885 6.52877 6.52847 6.52797 6.52726 6.52636 6.52526 6.52398 6.52252 6.52089 6.51911 6.51718 6.51512 6.51293 6.51064 6.50825 6.50578 6.50324 6.50065 6.49802 6.49536 6.49269 6.49002 6.48736 6.48473 6.48214 6.47959 6.4771 6.47468 6.47233 6.47007 6.46789 6.46581 6.46384 6.46197 6.46021 6.45857 6.45704 6.45563 6.45435 6.45318 6.45214 6.45122 6.45043 6.44975 6.44921 6.44878 6.44848 6.4483 6.44824 
6.44165 6.44183 6.44215 6.44258 6.44315 6.44383 6.44464 6.44557 6.44663 6.44781 6.44911 6.45053 6.45207 6.45374 6.45551 6.45741 6.45941 6.46152 6.46374 6.46605 6.46846 6.47095 6.47352 6.47616 6.47886 6.48162 6.48442 6.48725 6.49009 6.49295 6.4958 6.49863 6.50143 6.50418 6.50687 6.50948 6.51201 6.51443 6.51674 6.51892 6.52095 6.52284 6.52456 6.5261 6.52746 6.52863 6.52959 6.53036 6.53091 6.53125 6.53137 6.53128 6.53098 6.53046 6.52974 6.52881 6.52769 6.52637 6.52488 6.52321 6.52138 6.51941 6.51729 6.51505 6.5127 6.51025 6.50772 6.50512 6.50247 6.49977 6.49704 6.49431 6.49157 6.48885 6.48615 6.48349 6.48088 6.47832 6.47584 6.47343 6.4711 6.46887 6.46674 6.46471 6.46279 6.46099 6.4593 6.45773 6.45628 6.45496 6.45376 6.45269 6.45175 6.45093 6.45023 6.44967 6.44923 6.44892 6.44873 6.44867 
6.44219 6.44238 6.4427 6.44315 6.44372 6.44443 6.44526 6.44622 6.44731 6.44853 6.44987 6.45134 6.45294 6.45466 6.45649 6.45845 6.46052 6.4627 6.46499 6.46738 6.46987 6.47244 6.4751 6.47783 6.48062 6.48347 6.48636 6.48928 6.49222 6.49517 6.49811 6.50103 6.50392 6.50676 6.50954 6.51223 6.51484 6.51734 6.51972 6.52197 6.52407 6.52601 6.52778 6.52937 6.53077 6.53197 6.53297 6.53375 6.53432 6.53467 6.5348 6.5347 6.53439 6.53385 6.53311 6.53215 6.53099 6.52963 6.52808 6.52636 6.52447 6.52243 6.52025 6.51793 6.5155 6.51298 6.51036 6.50767 6.50493 6.50214 6.49933 6.4965 6.49367 6.49085 6.48806 6.48531 6.48261 6.47997 6.47739 6.4749 6.4725 6.47019 6.46798 6.46588 6.46389 6.46202 6.46027 6.45864 6.45714 6.45577 6.45452 6.45341 6.45243 6.45158 6.45085 6.45026 6.44981 6.44948 6.44928 6.44921 
6.44285 6.44304 6.44337 6.44383 6.44443 6.44516 6.44603 6.44702 6.44816 6.44942 6.45082 6.45235 6.45401 6.4558 6.45771 6.45975 6.4619 6.46418 6.46656 6.46905 6.47164 6.47432 6.47708 6.47992 6.48283 6.48579 6.4888 6.49184 6.4949 6.49797 6.50103 6.50406 6.50707 6.51002 6.5129 6.51571 6.51841 6.52101 6.52348 6.52582 6.528 6.53001 6.53185 6.5335 6.53495 6.5362 6.53723 6.53804 6.53863 6.53899 6.53912 6.53902 6.53869 6.53813 6.53735 6.53635 6.53515 6.53373 6.53213 6.53033 6.52837 6.52625 6.52397 6.52157 6.51904 6.51641 6.51369 6.51089 6.50803 6.50513 6.5022 6.49926 6.49631 6.49338 6.49047 6.4876 6.48479 6.48203 6.47935 6.47675 6.47424 6.47183 6.46953 6.46734 6.46526 6.46331 6.46148 6.45978 6.45821 6.45677 6.45547 6.4543 6.45327 6.45237 6.45162 6.45099 6.45051 6.45016 6.44995 6.44987 
6.44362 6.44382 6.44416 6.44464 6.44526 6.44603 6.44693 6.44798 6.44916 6.45049 6.45195 6.45355 6.45529 6.45716 6.45917 6.46131 6.46357 6.46595 6.46845 6.47105 6.47377 6.47658 6.47947 6.48245 6.48549 6.4886 6.49175 6.49493 6.49813 6.50134 6.50454 6.50772 6.51086 6.51394 6.51696 6.51989 6.52272 6.52544 6.52802 6.53046 6.53273 6.53484 6.53676 6.53848 6.53999 6.54129 6.54237 6.54322 6.54383 6.5442 6.54433 6.54422 6.54388 6.54329 6.54247 6.54143 6.54016 6.53868 6.537 6.53512 6.53307 6.53084 6.52847 6.52595 6.5233 6.52055 6.5177 6.51477 6.51178 6.50874 6.50567 6.50258 6.49949 6.49642 6.49337 6.49036 6.48741 6.48452 6.48171 6.47898 6.47634 6.47381 6.47139 6.46908 6.4669 6.46484 6.46292 6.46113 6.45947 6.45796 6.45659 6.45535 6.45426 6.45332 6.45252 6.45186 6.45134 6.45097 6.45074 6.45065 
6.44452 6.44472 6.44507 6.44557 6.44622 6.44702 6.44798 6.44907 6.45032 6.45172 6.45326 6.45495 6.45678 6.45875 6.46087 6.46312 6.4655 6.46801 6.47064 6.47339 6.47625 6.47921 6.48226 6.4854 6.48861 6.49187 6.49519 6.49854 6.50191 6.50528 6.50865 6.51199 6.51529 6.51854 6.52171 6.52479 6.52776 6.53061 6.53332 6.53588 6.53827 6.54048 6.54249 6.5443 6.54589 6.54725 6.54838 6.54926 6.5499 6.55029 6.55043 6.55031 6.54994 6.54932 6.54846 6.54736 6.54602 6.54447 6.5427 6.54072 6.53856 6.53622 6.53372 6.53107 6.52828 6.52538 6.52238 6.5193 6.51615 6.51295 6.50972 6.50646 6.50321 6.49997 6.49676 6.49359 6.49047 6.48742 6.48445 6.48157 6.47879 6.47611 6.47356 6.47112 6.46881 6.46663 6.4646 6.4627 6.46095 6.45934 6.45788 6.45658 6.45542 6.45441 6.45356 6.45285 6.4523 6.4519 6.45165 6.45155 
6.44553 6.44574 6.4461 6.44663 6.44731 6.44816 6.44916 6.45032 6.45164 6.45312 6.45475 6.45654 6.45847 6.46057 6.4628 6.46519 6.46771 6.47037 6.47315 6.47607 6.47909 6.48222 6.48545 6.48877 6.49216 6.49562 6.49912 6.50266 6.50622 6.50979 6.51335 6.51688 6.52036 6.52379 6.52713 6.53038 6.53352 6.53653 6.53939 6.54208 6.5446 6.54693 6.54905 6.55095 6.55262 6.55405 6.55524 6.55617 6.55684 6.55725 6.55739 6.55726 6.55687 6.55621 6.5553 6.55413 6.55272 6.55108 6.54921 6.54712 6.54484 6.54236 6.53972 6.53692 6.53398 6.53091 6.52774 6.52448 6.52115 6.51777 6.51434 6.5109 6.50746 6.50403 6.50063 6.49727 6.49397 6.49074 6.48759 6.48453 6.48158 6.47874 6.47603 6.47344 6.47099 6.46867 6.46651 6.46449 6.46262 6.46091 6.45936 6.45796 6.45673 6.45565 6.45474 6.45398 6.45339 6.45296 6.45268 6.45257 
6.44666 6.44687 6.44725 6.44781 6.44853 6.44942 6.45049 6.45172 6.45312 6.45468 6.45642 6.45831 6.46038 6.4626 6.46498 6.46751 6.47019 6.47301 6.47597 6.47907 6.48228 6.48561 6.48904 6.49256 6.49616 6.49982 6.50354 6.5073 6.51107 6.51486 6.51863 6.52237 6.52606 6.52969 6.53323 6.53667 6.53999 6.54317 6.54619 6.54905 6.55171 6.55417 6.55641 6.55842 6.56018 6.5617 6.56295 6.56393 6.56463 6.56506 6.5652 6.56506 6.56465 6.56395 6.56298 6.56174 6.56025 6.5585 6.55652 6.55431 6.55188 6.54926 6.54646 6.54349 6.54037 6.53712 6.53376 6.5303 6.52677 6.52317 6.51954 6.51589 6.51223 6.50859 6.50498 6.50141 6.4979 6.49446 6.49111 6.48786 6.48472 6.4817 6.4788 6.47604 6.47343 6.47096 6.46865 6.46649 6.4645 6.46267 6.46101 6.45952 6.45819 6.45704 6.45606 6.45524 6.4546 6.45413 6.45383 6.45371 
6.4479 6.44812 6.44852 6.44911 6.44987 6.45082 6.45195 6.45326 6.45475 6.45642 6.45826 6.46028 6.46248 6.46485 6.46738 6.47008 6.47294 6.47594 6.4791 6.48239 6.48582 6.48936 6.49301 6.49676 6.50059 6.50449 6.50844 6.51243 6.51645 6.52047 6.52448 6.52845 6.53237 6.53622 6.53998 6.54363 6.54715 6.55053 6.55374 6.55676 6.55958 6.56219 6.56456 6.56669 6.56856 6.57016 6.57148 6.57252 6.57326 6.57371 6.57386 6.57371 6.57326 6.57251 6.57148 6.57017 6.56858 6.56672 6.56461 6.56226 6.55969 6.5569 6.55392 6.55077 6.54745 6.544 6.54042 6.53675 6.53299 6.52917 6.5253 6.52142 6.51752 6.51364 6.5098 6.50599 6.50225 6.49859 6.49502 6.49155 6.4882 6.48497 6.48188 6.47893 6.47613 6.4735 6.47102 6.46871 6.46658 6.46462 6.46284 6.46123 6.45981 6.45857 6.45751 6.45663 6.45594 6.45543 6.4551 6.45496 
6.44926 6.44949 6.44991 6.45053 6.45134 6.45235 6.45355 6.45495 6.45654 6.45831 6.46028 6.46244 6.46479 6.46731 6.47002 6.4729 6.47595 6.47916 6.48253 6.48604 6.48969 6.49347 6.49736 6.50136 6.50544 6.5096 6.51381 6.51807 6.52234 6.52662 6.53089 6.53511 6.53929 6.54338 6.54738 6.55126 6.555 6.55859 6.562 6.56521 6.5682 6.57097 6.57349 6.57574 6.57772 6.57942 6.58082 6.58192 6.5827 6.58317 6.58333 6.58316 6.58268 6.58189 6.58079 6.57939 6.57769 6.57572 6.57347 6.57097 6.56823 6.56527 6.5621 6.55874 6.55521 6.55153 6.54772 6.54381 6.5398 6.53573 6.53162 6.52747 6.52332 6.51918 6.51508 6.51102 6.50702 6.50311 6.4993 6.49559 6.49201 6.48855 6.48525 6.48209 6.4791 6.47627 6.47362 6.47114 6.46885 6.46675 6.46483 6.46311 6.46158 6.46024 6.4591 6.45816 6.4574 6.45685 6.45649 6.45633 
6.45074 6.45097 6.45142 6.45207 6.45294 6.45401 6.45529 6.45678 6.45847 6.46038 6.46248 6.46479 6.46729 6.46999 6.47288 6.47596 6.47922 6.48265 6.48625 6.49 6.4939 6.49794 6.5021 6.50636 6.51072 6.51515 6.51965 6.52418 6.52874 6.5333 6.53784 6.54235 6.54679 6.55115 6.55541 6.55954 6.56352 6.56733 6.57095 6.57437 6.57755 6.58049 6.58316 6.58556 6.58766 6.58946 6.59094 6.59211 6.59294 6.59343 6.59359 6.59341 6.5929 6.59205 6.59088 6.58938 6.58758 6.58547 6.58308 6.58042 6.5775 6.57434 6.57096 6.56738 6.56362 6.5597 6.55564 6.55147 6.5472 6.54286 6.53846 6.53404 6.52961 6.52519 6.52081 6.51647 6.5122 6.50802 6.50394 6.49998 6.49614 6.49245 6.4889 6.48552 6.48232 6.47928 6.47644 6.47378 6.47132 6.46906 6.467 6.46515 6.4635 6.46206 6.46083 6.4598 6.45899 6.45839 6.45799 6.45781 
6.45233 6.45257 6.45304 6.45374 6.45466 6.4558 6.45716 6.45875 6.46057 6.4626 6.46485 6.46731 6.46999 6.47288 6.47597 6.47926 6.48275 6.48642 6.49026 6.49428 6.49844 6.50275 6.50719 6.51175 6.5164 6.52113 6.52593 6.53077 6.53563 6.54049 6.54533 6.55013 6.55487 6.55951 6.56404 6.56844 6.57268 6.57673 6.58059 6.58422 6.5876 6.59072 6.59357 6.59611 6.59834 6.60025 6.60183 6.60306 6.60394 6.60446 6.60463 6.60444 6.60388 6.60298 6.60172 6.60013 6.59821 6.59596 6.59341 6.59058 6.58746 6.5841 6.5805 6.57668 6.57267 6.56849 6.56417 6.55971 6.55516 6.55052 6.54584 6.54112 6.53638 6.53167 6.52698 6.52235 6.51778 6.51331 6.50895 6.5047 6.5006 6.49664 6.49285 6.48922 6.48578 6.48253 6.47948 6.47663 6.47398 6.47155 6.46934 6.46734 6.46557 6.46402 6.46269 6.46158 6.4607 6.46004 6.45961 6.45941 
6.45403 6.45428 6.45478 6.45551 6.45649 6.45771 6.45917 6.46087 6.4628 6.46498 6.46738 6.47002 6.47288 6.47597 6.47928 6.4828 6.48653 6.49045 6.49456 6.49885 6.5033 6.50791 6.51265 6.51751 6.52248 6.52753 6.53265 6.53781 6.54299 6.54818 6.55334 6.55845 6.5635 6.56844 6.57327 6.57795 6.58246 6.58678 6.59087 6.59473 6.59833 6.60165 6.60467 6.60738 6.60975 6.61177 6.61344 6.61475 6.61568 6.61623 6.6164 6.61619 6.6156 6.61464 6.6133 6.6116 6.60955 6.60716 6.60444 6.60142 6.5981 6.59451 6.59068 6.58661 6.58234 6.57788 6.57327 6.56852 6.56366 6.55872 6.55371 6.54868 6.54362 6.53858 6.53358 6.52863 6.52375 6.51897 6.5143 6.50976 6.50536 6.50113 6.49706 6.49318 6.48949 6.48601 6.48273 6.47967 6.47683 6.47422 6.47184 6.46969 6.46778 6.46611 6.46467 6.46348 6.46253 6.46182 6.46134 6.46112 
6.45583 6.4561 6.45662 6.45741 6.45845 6.45975 6.46131 6.46312 6.46519 6.46751 6.47008 6.4729 6.47596 6.47926 6.4828 6.48656 6.49055 6.49474 6.49913 6.50371 6.50847 6.51339 6.51845 6.52364 6.52894 6.53433 6.53979 6.54529 6.55082 6.55634 6.56184 6.56729 6.57266 6.57793 6.58306 6.58804 6.59284 6.59743 6.60179 6.60589 6.60971 6.61324 6.61645 6.61932 6.62184 6.62399 6.62576 6.62714 6.62813 6.62871 6.62889 6.62866 6.62803 6.62699 6.62557 6.62376 6.62157 6.61902 6.61613 6.61291 6.60938 6.60556 6.60148 6.59714 6.59259 6.58784 6.58293 6.57786 6.57269 6.56741 6.56208 6.5567 6.55131 6.54593 6.54059 6.5353 6.53009 6.52498 6.51999 6.51513 6.51043 6.5059 6.50155 6.49739 6.49344 6.4897 6.48619 6.4829 6.47986 6.47706 6.4745 6.47219 6.47013 6.46833 6.46679 6.4655 6.46447 6.4637 6.46319 6.46293 
6.45775 6.45803 6.45858 6.45941 6.46052 6.4619 6.46357 6.4655 6.46771 6.47019 6.47294 6.47595 6.47922 6.48275 6.48653 6.49055 6.4948 6.49928 6.50397 6.50886 6.51394 6.51918 6.52458 6.53012 6.53577 6.54151 6.54733 6.55319 6.55908 6.56496 6.57082 6.57662 6.58233 6.58793 6.59339 6.59869 6.60379 6.60866 6.61329 6.61765 6.62171 6.62546 6.62886 6.63191 6.63458 6.63686 6.63874 6.6402 6.64124 6.64186 6.64204 6.6418 6.64112 6.64002 6.6385 6.63657 6.63424 6.63153 6.62846 6.62503 6.62128 6.61721 6.61286 6.60825 6.60341 6.59835 6.59312 6.58773 6.58221 6.57659 6.57091 6.56518 6.55943 6.55369 6.54799 6.54235 6.53679 6.53133 6.526 6.52081 6.51579 6.51094 6.50629 6.50184 6.49761 6.49361 6.48984 6.48633 6.48306 6.48005 6.47731 6.47483 6.47262 6.47069 6.46903 6.46764 6.46653 6.46569 6.46514 6.46486 
6.45977 6.46005 6.46064 6.46152 6.4627 6.46418 6.46595 6.46801 6.47037 6.47301 6.47594 6.47916 6.48265 6.48642 6.49045 6.49474 6.49928 6.50405 6.50906 6.51427 6.51968 6.52528 6.53103 6.53693 6.54295 6.54906 6.55526 6.5615 6.56776 6.57402 6.58024 6.58641 6.59248 6.59843 6.60423 6.60985 6.61527 6.62045 6.62536 6.62999 6.63429 6.63826 6.64187 6.6451 6.64793 6.65035 6.65234 6.65389 6.65499 6.65564 6.65583 6.65556 6.65484 6.65367 6.65205 6.65 6.64753 6.64465 6.64138 6.63774 6.63374 6.62943 6.6248 6.6199 6.61475 6.60938 6.60381 6.59807 6.5922 6.58623 6.58017 6.57407 6.56795 6.56184 6.55577 6.54975 6.54382 6.53801 6.53232 6.52678 6.52142 6.51624 6.51127 6.50652 6.502 6.49772 6.49369 6.48993 6.48643 6.48321 6.48027 6.47762 6.47525 6.47317 6.47138 6.46989 6.46869 6.46779 6.46719 6.46689 
6.46188 6.46218 6.4628 6.46374 6.46499 6.46656 6.46845 6.47064 6.47315 6.47597 6.4791 6.48253 6.48625 6.49026 6.49456 6.49913 6.50397 6.50906 6.51438 6.51994 6.5257 6.53165 6.53778 6.54405 6.55045 6.55696 6.56354 6.57017 6.57683 6.58348 6.59009 6.59663 6.60308 6.60939 6.61555 6.62151 6.62725 6.63274 6.63795 6.64285 6.64742 6.65162 6.65545 6.65886 6.66186 6.66442 6.66652 6.66816 6.66932 6.67 6.6702 6.66991 6.66915 6.6679 6.66618 6.664 6.66138 6.65832 6.65485 6.65099 6.64675 6.64217 6.63726 6.63206 6.62659 6.62088 6.61497 6.60888 6.60264 6.59629 6.58986 6.58337 6.57686 6.57036 6.5639 6.55749 6.55118 6.54499 6.53893 6.53303 6.52731 6.52179 6.51649 6.51142 6.50659 6.50202 6.49772 6.4937 6.48996 6.48652 6.48337 6.48053 6.47799 6.47577 6.47385 6.47225 6.47097 6.47 6.46935 6.46901 
6.46409 6.4644 6.46506 6.46605 6.46738 6.46905 6.47105 6.47339 6.47607 6.47907 6.48239 6.48604 6.49 6.49428 6.49885 6.50371 6.50886 6.51427 6.51994 6.52584 6.53197 6.5383 6.5448 6.55147 6.55827 6.56517 6.57216 6.5792 6.58626 6.59331 6.60032 6.60726 6.61409 6.62079 6.62731 6.63362 6.6397 6.64551 6.65103 6.65621 6.66104 6.66549 6.66953 6.67315 6.67631 6.67901 6.68123 6.68296 6.68419 6.68491 6.68511 6.68481 6.68399 6.68266 6.68084 6.67854 6.67575 6.67252 6.66884 6.66475 6.66026 6.6554 6.6502 6.64468 6.63889 6.63284 6.62656 6.6201 6.61349 6.60675 6.59992 6.59303 6.58612 6.57922 6.57235 6.56555 6.55884 6.55225 6.54581 6.53953 6.53345 6.52757 6.52192 6.51652 6.51138 6.50651 6.50192 6.49763 6.49365 6.48997 6.48661 6.48357 6.48086 6.47848 6.47643 6.47472 6.47334 6.4723 6.47159 6.47123 
6.46639 6.46672 6.46741 6.46846 6.46987 6.47164 6.47377 6.47625 6.47909 6.48228 6.48582 6.48969 6.4939 6.49844 6.5033 6.50847 6.51394 6.51968 6.5257 6.53197 6.53847 6.54518 6.55209 6.55916 6.56637 6.57369 6.58109 6.58855 6.59603 6.60349 6.61092 6.61826 6.62549 6.63257 6.63947 6.64615 6.65257 6.65872 6.66454 6.67002 6.67512 6.67982 6.68408 6.6879 6.69124 6.69409 6.69643 6.69825 6.69955 6.7003 6.70051 6.70019 6.69932 6.69792 6.69599 6.69355 6.6906 6.68718 6.68329 6.67896 6.67421 6.66907 6.66357 6.65773 6.6516 6.64519 6.63856 6.63171 6.62471 6.61757 6.61034 6.60304 6.59571 6.58839 6.58111 6.57389 6.56677 6.55978 6.55294 6.54627 6.53981 6.53356 6.52756 6.52181 6.51634 6.51116 6.50628 6.50171 6.49747 6.49355 6.48997 6.48673 6.48384 6.4813 6.47911 6.47728 6.4758 6.47469 6.47393 6.47354 
6.46877 6.46911 6.46984 6.47095 6.47244 6.47432 6.47658 6.47921 6.48222 6.48561 6.48936 6.49347 6.49794 6.50275 6.50791 6.51339 6.51918 6.52528 6.53165 6.5383 6.54518 6.55229 6.5596 6.56709 6.57472 6.58247 6.5903 6.59819 6.60609 6.61399 6.62183 6.62959 6.63723 6.64471 6.65199 6.65904 6.66582 6.6723 6.67845 6.68422 6.6896 6.69456 6.69905 6.70307 6.70659 6.70959 6.71206 6.71398 6.71534 6.71613 6.71635 6.716 6.71508 6.7136 6.71156 6.70898 6.70588 6.70226 6.69815 6.69358 6.68857 6.68314 6.67733 6.67117 6.66468 6.65792 6.6509 6.64367 6.63626 6.62872 6.62107 6.61335 6.60559 6.59785 6.59014 6.58249 6.57495 6.56754 6.56029 6.55323 6.54637 6.53975 6.53338 6.52728 6.52148 6.51597 6.51079 6.50593 6.50142 6.49725 6.49345 6.49 6.48692 6.48421 6.48188 6.47993 6.47836 6.47716 6.47635 6.47593 
6.47122 6.47158 6.47234 6.47352 6.4751 6.47708 6.47947 6.48226 6.48545 6.48904 6.49301 6.49736 6.5021 6.50719 6.51265 6.51845 6.52458 6.53103 6.53778 6.5448 6.55209 6.5596 6.56733 6.57524 6.5833 6.59148 6.59976 6.60808 6.61643 6.62476 6.63303 6.64121 6.64927 6.65715 6.66482 6.67225 6.6794 6.68622 6.69269 6.69878 6.70444 6.70965 6.71438 6.71861 6.72231 6.72547 6.72806 6.73008 6.7315 6.73233 6.73256 6.73219 6.73122 6.72965 6.72751 6.72479 6.72151 6.7177 6.71338 6.70856 6.70327 6.69755 6.69143 6.68493 6.6781 6.67096 6.66356 6.65593 6.64812 6.64015 6.63207 6.62392 6.61574 6.60755 6.5994 6.59133 6.58336 6.57552 6.56785 6.56037 6.55312 6.54611 6.53936 6.53291 6.52675 6.52092 6.51543 6.51028 6.50549 6.50107 6.49703 6.49337 6.4901 6.48722 6.48474 6.48266 6.48099 6.47972 6.47885 6.47839 
6.47374 6.47412 6.47492 6.47616 6.47783 6.47992 6.48245 6.4854 6.48877 6.49256 6.49676 6.50136 6.50636 6.51175 6.51751 6.52364 6.53012 6.53693 6.54405 6.55147 6.55916 6.56709 6.57524 6.58358 6.59208 6.60071 6.60943 6.6182 6.62699 6.63576 6.64447 6.65309 6.66156 6.66985 6.67793 6.68574 6.69325 6.70043 6.70723 6.71362 6.71957 6.72505 6.73002 6.73446 6.73834 6.74166 6.74438 6.74649 6.74798 6.74885 6.74909 6.74869 6.74767 6.74602 6.74376 6.74091 6.73746 6.73345 6.7289 6.72383 6.71827 6.71226 6.70581 6.69898 6.69178 6.68427 6.67648 6.66845 6.66022 6.65183 6.64332 6.63473 6.6261 6.61747 6.60888 6.60036 6.59195 6.58368 6.57558 6.56769 6.56003 6.55262 6.54549 6.53867 6.53216 6.52599 6.52018 6.51473 6.50966 6.50498 6.5007 6.49682 6.49335 6.4903 6.48767 6.48547 6.48369 6.48234 6.48142 6.48093 
6.47632 6.47671 6.47756 6.47886 6.48062 6.48283 6.48549 6.48861 6.49216 6.49616 6.50059 6.50544 6.51072 6.5164 6.52248 6.52894 6.53577 6.54295 6.55045 6.55827 6.56637 6.57472 6.5833 6.59208 6.60103 6.6101 6.61927 6.6285 6.63774 6.64696 6.65612 6.66517 6.67407 6.68277 6.69125 6.69945 6.70734 6.71487 6.722 6.72871 6.73494 6.74068 6.74589 6.75055 6.75462 6.75809 6.76094 6.76315 6.76471 6.76562 6.76587 6.76545 6.76437 6.76264 6.76027 6.75727 6.75365 6.74945 6.74467 6.73935 6.73351 6.7272 6.72043 6.71325 6.7057 6.69781 6.68962 6.68118 6.67253 6.66371 6.65476 6.64573 6.63665 6.62757 6.61853 6.60956 6.6007 6.59199 6.58347 6.57515 6.56707 6.55926 6.55174 6.54454 6.53768 6.53117 6.52503 6.51928 6.51392 6.50898 6.50445 6.50035 6.49668 6.49346 6.49068 6.48834 6.48645 6.48502 6.48404 6.48352 
6.47896 6.47936 6.48025 6.48162 6.48347 6.48579 6.4886 6.49187 6.49562 6.49982 6.50449 6.5096 6.51515 6.52113 6.52753 6.53433 6.54151 6.54906 6.55696 6.56517 6.57369 6.58247 6.59148 6.60071 6.6101 6.61963 6.62926 6.63894 6.64864 6.65831 6.66791 6.6774 6.68673 6.69586 6.70474 6.71333 6.72159 6.72947 6.73695 6.74396 6.75049 6.7565 6.76195 6.76682 6.77108 6.77471 6.77769 6.78 6.78163 6.78257 6.78283 6.78239 6.78126 6.77945 6.77696 6.77382 6.77003 6.76562 6.76062 6.75504 6.74893 6.74231 6.73522 6.7277 6.71978 6.71151 6.70292 6.69407 6.685 6.67575 6.66636 6.65687 6.64735 6.63781 6.62831 6.61889 6.60959 6.60043 6.59146 6.58272 6.57422 6.566 6.55809 6.55051 6.54328 6.53643 6.52996 6.5239 6.51825 6.51304 6.50827 6.50394 6.50008 6.49667 6.49373 6.49126 6.48927 6.48776 6.48672 6.48616 
6.48163 6.48205 6.48298 6.48442 6.48636 6.4888 6.49175 6.49519 6.49912 6.50354 6.50844 6.51381 6.51965 6.52593 6.53265 6.53979 6.54733 6.55526 6.56354 6.57216 6.58109 6.5903 6.59976 6.60943 6.61927 6.62926 6.63934 6.64948 6.65964 6.66976 6.67981 6.68974 6.6995 6.70905 6.71834 6.72732 6.73596 6.7442 6.752 6.75934 6.76616 6.77243 6.77812 6.78321 6.78765 6.79144 6.79455 6.79696 6.79866 6.79965 6.79991 6.79945 6.79826 6.79637 6.79377 6.79048 6.78652 6.78191 6.77668 6.77085 6.76446 6.75754 6.75012 6.74225 6.73397 6.72532 6.71634 6.70707 6.69758 6.68789 6.67805 6.66812 6.65814 6.64815 6.63819 6.62832 6.61856 6.60895 6.59955 6.59037 6.58145 6.57282 6.56451 6.55655 6.54896 6.54175 6.53495 6.52858 6.52264 6.51716 6.51214 6.50759 6.50351 6.49993 6.49683 6.49423 6.49213 6.49053 6.48944 6.48885 
6.48433 6.48477 6.48574 6.48725 6.48928 6.49184 6.49493 6.49854 6.50266 6.5073 6.51243 6.51807 6.52418 6.53077 6.53781 6.54529 6.55319 6.5615 6.57017 6.5792 6.58855 6.59819 6.60808 6.6182 6.6285 6.63894 6.64948 6.66008 6.6707 6.68127 6.69177 6.70214 6.71233 6.7223 6.73199 6.74137 6.75038 6.75897 6.76711 6.77476 6.78187 6.78841 6.79434 6.79964 6.80427 6.80822 6.81145 6.81397 6.81574 6.81676 6.81703 6.81655 6.81531 6.81333 6.81062 6.80719 6.80306 6.79825 6.79279 6.78671 6.78004 6.77282 6.76508 6.75687 6.74822 6.73918 6.7298 6.72013 6.71021 6.70008 6.68981 6.67943 6.66899 6.65854 6.64813 6.63779 6.62758 6.61753 6.60768 6.59807 6.58873 6.57969 6.57098 6.56264 6.55468 6.54712 6.53999 6.5333 6.52707 6.52131 6.51604 6.51126 6.50698 6.50322 6.49996 6.49723 6.49502 6.49334 6.49218 6.49156 
6.48705 6.48751 6.48852 6.49009 6.49222 6.4949 6.49813 6.50191 6.50622 6.51107 6.51645 6.52234 6.52874 6.53563 6.54299 6.55082 6.55908 6.56776 6.57683 6.58626 6.59603 6.60609 6.61643 6.62699 6.63774 6.64864 6.65964 6.6707 6.68176 6.69279 6.70374 6.71455 6.72517 6.73555 6.74565 6.75541 6.76479 6.77374 6.78221 6.79017 6.79757 6.80437 6.81054 6.81605 6.82087 6.82497 6.82834 6.83094 6.83278 6.83385 6.83412 6.83362 6.83233 6.83027 6.82744 6.82387 6.81957 6.81457 6.80888 6.80255 6.79561 6.78808 6.78002 6.77147 6.76246 6.75304 6.74327 6.73319 6.72284 6.71228 6.70157 6.69074 6.67985 6.66895 6.65808 6.64729 6.63662 6.62612 6.61583 6.60579 6.59603 6.58658 6.57747 6.56874 6.56041 6.55251 6.54504 6.53804 6.53152 6.52549 6.51997 6.51496 6.51048 6.50652 6.50311 6.50025 6.49793 6.49616 6.49495 6.49429 
6.48978 6.49025 6.49131 6.49295 6.49517 6.49797 6.50134 6.50528 6.50979 6.51486 6.52047 6.52662 6.5333 6.54049 6.54818 6.55634 6.56496 6.57402 6.58348 6.59331 6.60349 6.61399 6.62476 6.63576 6.64696 6.65831 6.66976 6.68127 6.69279 6.70427 6.71566 6.7269 6.73794 6.74874 6.75924 6.76938 6.77913 6.78843 6.79723 6.80549 6.81318 6.82024 6.82665 6.83237 6.83737 6.84163 6.84512 6.84782 6.84973 6.85083 6.85112 6.85059 6.84925 6.84711 6.84417 6.84046 6.83599 6.83079 6.82489 6.81831 6.81109 6.80327 6.79489 6.786 6.77663 6.76684 6.75668 6.74619 6.73542 6.72444 6.71328 6.70201 6.69067 6.67932 6.66799 6.65675 6.64564 6.6347 6.62397 6.61349 6.60331 6.59345 6.58395 6.57484 6.56615 6.55789 6.5501 6.54278 6.53597 6.52967 6.52389 6.51866 6.51397 6.50984 6.50627 6.50327 6.50084 6.49899 6.49772 6.49703 
6.4925 6.49299 6.49409 6.4958 6.49811 6.50103 6.50454 6.50865 6.51335 6.51863 6.52448 6.53089 6.53784 6.54533 6.55334 6.56184 6.57082 6.58024 6.59009 6.60032 6.61092 6.62183 6.63303 6.64447 6.65612 6.66791 6.67981 6.69177 6.70374 6.71566 6.72748 6.73915 6.75061 6.76181 6.7727 6.78323 6.79334 6.80298 6.8121 6.82067 6.82864 6.83596 6.8426 6.84852 6.8537 6.85811 6.86173 6.86453 6.8665 6.86764 6.86794 6.86739 6.866 6.86377 6.86073 6.85688 6.85225 6.84685 6.84073 6.83391 6.82642 6.81831 6.80962 6.80039 6.79067 6.78051 6.76996 6.75907 6.7479 6.73649 6.7249 6.71319 6.70141 6.68961 6.67784 6.66615 6.65459 6.64321 6.63205 6.62115 6.61055 6.60029 6.5904 6.58091 6.57185 6.56325 6.55512 6.5475 6.5404 6.53383 6.5278 6.52234 6.51745 6.51314 6.50942 6.50628 6.50375 6.50181 6.50048 6.49976 
6.4952 6.49571 6.49685 6.49863 6.50103 6.50406 6.50772 6.51199 6.51688 6.52237 6.52845 6.53511 6.54235 6.55013 6.55845 6.56729 6.57662 6.58641 6.59663 6.60726 6.61826 6.62959 6.64121 6.65309 6.66517 6.6774 6.68974 6.70214 6.71455 6.7269 6.73915 6.75124 6.76311 6.77471 6.78599 6.79688 6.80735 6.81732 6.82677 6.83563 6.84387 6.85144 6.85831 6.86444 6.8698 6.87435 6.87809 6.88099 6.88303 6.8842 6.8845 6.88393 6.88249 6.88019 6.87704 6.87306 6.86826 6.86268 6.85634 6.84928 6.84153 6.83314 6.82414 6.81459 6.80452 6.794 6.78307 6.77179 6.76021 6.74838 6.73637 6.72423 6.71201 6.69977 6.68756 6.67544 6.66344 6.65163 6.64004 6.62872 6.61771 6.60705 6.59677 6.58691 6.5775 6.56855 6.5601 6.55218 6.54479 6.53795 6.53168 6.526 6.52091 6.51642 6.51254 6.50928 6.50663 6.50462 6.50323 6.50247 
6.49788 6.4984 6.49959 6.50143 6.50392 6.50707 6.51086 6.51529 6.52036 6.52606 6.53237 6.53929 6.54679 6.55487 6.5635 6.57266 6.58233 6.59248 6.60308 6.61409 6.62549 6.63723 6.64927 6.66156 6.67407 6.68673 6.6995 6.71233 6.72517 6.73794 6.75061 6.76311 6.77538 6.78738 6.79903 6.81029 6.82109 6.8314 6.84116 6.85031 6.85882 6.86663 6.87372 6.88005 6.88558 6.89028 6.89414 6.89712 6.89923 6.90044 6.90075 6.90016 6.89867 6.89629 6.89303 6.88892 6.88397 6.8782 6.87166 6.86436 6.85636 6.84769 6.83839 6.82851 6.81811 6.80723 6.79594 6.78427 6.77229 6.76006 6.74764 6.73508 6.72243 6.70976 6.69712 6.68457 6.67214 6.65991 6.6479 6.63617 6.62476 6.61371 6.60305 6.59283 6.58306 6.57378 6.56501 6.55679 6.54911 6.54202 6.53551 6.52961 6.52432 6.51965 6.51562 6.51223 6.50948 6.50739 6.50594 6.50516 
6.50051 6.50105 6.50227 6.50418 6.50676 6.51002 6.51394 6.51854 6.52379 6.52969 6.53622 6.54338 6.55115 6.55951 6.56844 6.57793 6.58793 6.59843 6.60939 6.62079 6.63257 6.64471 6.65715 6.66985 6.68277 6.69586 6.70905 6.7223 6.73555 6.74874 6.76181 6.77471 6.78738 6.79975 6.81176 6.82337 6.83452 6.84514 6.8552 6.86463 6.8734 6.88146 6.88876 6.89528 6.90097 6.90582 6.90979 6.91286 6.91503 6.91627 6.91659 6.91598 6.91445 6.91199 6.90864 6.9044 6.89929 6.89335 6.8866 6.87908 6.87083 6.86189 6.8523 6.84211 6.83138 6.82016 6.8085 6.79647 6.7841 6.77148 6.75865 6.74568 6.73262 6.71953 6.70648 6.6935 6.68066 6.66801 6.6556 6.64347 6.63166 6.62023 6.6092 6.59862 6.58851 6.5789 6.56983 6.56131 6.55336 6.54601 6.53927 6.53315 6.52767 6.52283 6.51865 6.51514 6.51229 6.51011 6.50861 6.50779 
6.50308 6.50364 6.5049 6.50687 6.50954 6.5129 6.51696 6.52171 6.52713 6.53323 6.53998 6.54738 6.55541 6.56404 6.57327 6.58306 6.59339 6.60423 6.61555 6.62731 6.63947 6.65199 6.66482 6.67793 6.69125 6.70474 6.71834 6.73199 6.74565 6.75924 6.7727 6.78599 6.79903 6.81176 6.82414 6.83609 6.84756 6.85849 6.86884 6.87854 6.88756 6.89584 6.90335 6.91005 6.91591 6.92089 6.92497 6.92813 6.93036 6.93164 6.93196 6.93133 6.92975 6.92723 6.92378 6.91942 6.91416 6.90805 6.90111 6.89337 6.88488 6.87567 6.86581 6.85532 6.84427 6.83272 6.82071 6.80832 6.79558 6.78258 6.76936 6.75599 6.74253 6.72904 6.71557 6.70219 6.68895 6.6759 6.66309 6.65057 6.63839 6.62658 6.6152 6.60427 6.59382 6.5839 6.57452 6.56572 6.5575 6.5499 6.54293 6.53661 6.53094 6.52594 6.52161 6.51798 6.51503 6.51278 6.51122 6.51037 
6.50558 6.50615 6.50745 6.50948 6.51223 6.51571 6.51989 6.52479 6.53038 6.53667 6.54363 6.55126 6.55954 6.56844 6.57795 6.58804 6.59869 6.60985 6.62151 6.63362 6.64615 6.65904 6.67225 6.68574 6.69945 6.71333 6.72732 6.74137 6.75541 6.76938 6.78323 6.79688 6.81029 6.82337 6.83609 6.84836 6.86014 6.87137 6.882 6.89196 6.90122 6.90973 6.91744 6.92431 6.93032 6.93544 6.93962 6.94287 6.94515 6.94646 6.94679 6.94615 6.94452 6.94193 6.93839 6.93391 6.92851 6.92224 6.91511 6.90716 6.89844 6.88898 6.87884 6.86807 6.85672 6.84485 6.83251 6.81976 6.80667 6.7933 6.77971 6.76596 6.75211 6.73823 6.72437 6.7106 6.69697 6.68353 6.67034 6.65745 6.6449 6.63274 6.621 6.60974 6.59898 6.58874 6.57908 6.56999 6.56152 6.55368 6.54649 6.53997 6.53412 6.52895 6.52449 6.52073 6.51769 6.51536 6.51376 6.51288 
6.50799 6.50858 6.50992 6.51201 6.51484 6.51841 6.52272 6.52776 6.53352 6.53999 6.54715 6.555 6.56352 6.57268 6.58246 6.59284 6.60379 6.61527 6.62725 6.6397 6.65257 6.66582 6.6794 6.69325 6.70734 6.72159 6.73596 6.75038 6.76479 6.77913 6.79334 6.80735 6.82109 6.83452 6.84756 6.86014 6.87222 6.88374 6.89463 6.90484 6.91433 6.92304 6.93094 6.93799 6.94415 6.94938 6.95367 6.95699 6.95933 6.96067 6.96101 6.96035 6.95868 6.95603 6.95239 6.9478 6.94227 6.93584 6.92853 6.92039 6.91144 6.90175 6.89136 6.88031 6.86867 6.85649 6.84383 6.83075 6.81732 6.8036 6.78965 6.77553 6.76131 6.74706 6.73283 6.71868 6.70467 6.69087 6.67731 6.66406 6.65116 6.63866 6.62659 6.61501 6.60394 6.59341 6.58346 6.57412 6.5654 6.55733 6.54993 6.5432 6.53718 6.53187 6.52727 6.5234 6.52026 6.51787 6.51621 6.5153 
6.51031 6.51091 6.51229 6.51443 6.51734 6.52101 6.52544 6.53061 6.53653 6.54317 6.55053 6.55859 6.56733 6.57673 6.58678 6.59743 6.60866 6.62045 6.63274 6.64551 6.65872 6.6723 6.68622 6.70043 6.71487 6.72947 6.7442 6.75897 6.77374 6.78843 6.80298 6.81732 6.8314 6.84514 6.85849 6.87137 6.88374 6.89552 6.90666 6.91711 6.92681 6.93573 6.94381 6.95101 6.95731 6.96266 6.96705 6.97045 6.97283 6.97421 6.97455 6.97387 6.97217 6.96945 6.96573 6.96104 6.95538 6.9488 6.94132 6.93299 6.92384 6.91392 6.90328 6.89197 6.88005 6.86759 6.85462 6.84123 6.82748 6.81342 6.79913 6.78466 6.7701 6.75549 6.7409 6.7264 6.71204 6.69788 6.68398 6.67038 6.65715 6.64432 6.63194 6.62005 6.60868 6.59787 6.58766 6.57806 6.56911 6.56082 6.55321 6.54631 6.54012 6.53466 6.52993 6.52595 6.52273 6.52026 6.51856 6.51763 
6.51252 6.51313 6.51454 6.51674 6.51972 6.52348 6.52802 6.53332 6.53939 6.54619 6.55374 6.562 6.57095 6.58059 6.59087 6.60179 6.61329 6.62536 6.63795 6.65103 6.66454 6.67845 6.69269 6.70723 6.722 6.73695 6.752 6.76711 6.78221 6.79723 6.8121 6.82677 6.84116 6.8552 6.86884 6.882 6.89463 6.90666 6.91804 6.92871 6.93862 6.94772 6.95597 6.96333 6.96975 6.97522 6.9797 6.98316 6.9856 6.987 6.98735 6.98666 6.98492 6.98214 6.97835 6.97355 6.96777 6.96105 6.95341 6.9449 6.93555 6.92542 6.91455 6.903 6.89083 6.87808 6.86484 6.85115 6.83709 6.82272 6.8081 6.79331 6.77841 6.76347 6.74855 6.73371 6.71901 6.70452 6.69029 6.67637 6.66282 6.64969 6.63701 6.62483 6.61318 6.60211 6.59164 6.58181 6.57263 6.56413 6.55634 6.54926 6.54291 6.53731 6.53246 6.52838 6.52508 6.52255 6.5208 6.51984 
6.5146 6.51523 6.51667 6.51892 6.52197 6.52582 6.53046 6.53588 6.54208 6.54905 6.55676 6.56521 6.57437 6.58422 6.59473 6.60589 6.61765 6.62999 6.64285 6.65621 6.67002 6.68422 6.69878 6.71362 6.72871 6.74396 6.75934 6.77476 6.79017 6.80549 6.82067 6.83563 6.85031 6.86463 6.87854 6.89196 6.90484 6.91711 6.92871 6.93959 6.94969 6.95897 6.96737 6.97487 6.98142 6.98699 6.99155 6.99508 6.99756 6.99899 6.99935 6.99864 6.99686 6.99403 6.99017 6.98528 6.97939 6.97254 6.96475 6.95607 6.94654 6.93621 6.92513 6.91335 6.90093 6.88793 6.87442 6.86046 6.84611 6.83144 6.81653 6.80143 6.78622 6.77097 6.75573 6.74057 6.72557 6.71076 6.69623 6.68201 6.66816 6.65474 6.64178 6.62932 6.61742 6.6061 6.5954 6.58534 6.57595 6.56726 6.55928 6.55204 6.54554 6.53981 6.53485 6.53068 6.52729 6.5247 6.52292 6.52193 
6.51655 6.51719 6.51866 6.52095 6.52407 6.528 6.53273 6.53827 6.5446 6.55171 6.55958 6.5682 6.57755 6.5876 6.59833 6.60971 6.62171 6.63429 6.64742 6.66104 6.67512 6.6896 6.70444 6.71957 6.73494 6.75049 6.76616 6.78187 6.79757 6.81318 6.82864 6.84387 6.85882 6.8734 6.88756 6.90122 6.91433 6.92681 6.93862 6.94969 6.95997 6.96941 6.97796 6.98559 6.99225 6.99791 7.00255 7.00614 7.00867 7.01012 7.01048 7.00976 7.00795 7.00508 7.00114 6.99616 6.99017 6.9832 6.97528 6.96644 6.95675 6.94623 6.93495 6.92296 6.91032 6.89708 6.88333 6.86911 6.85449 6.83956 6.82436 6.80898 6.79349 6.77794 6.76241 6.74696 6.73166 6.71657 6.70175 6.68725 6.67313 6.65944 6.64622 6.63351 6.62137 6.60982 6.59889 6.58863 6.57905 6.57017 6.56203 6.55464 6.548 6.54215 6.53709 6.53282 6.52936 6.52672 6.52489 6.52389 
6.51835 6.51901 6.5205 6.52284 6.52601 6.53001 6.53484 6.54048 6.54693 6.55417 6.56219 6.57097 6.58049 6.59072 6.60165 6.61324 6.62546 6.63826 6.65162 6.66549 6.67982 6.69456 6.70965 6.72505 6.74068 6.7565 6.77243 6.78841 6.80437 6.82024 6.83596 6.85144 6.86663 6.88146 6.89584 6.90973 6.92304 6.93573 6.94772 6.95897 6.96941 6.97899 6.98768 6.99543 7.00219 7.00794 7.01265 7.0163 7.01887 7.02034 7.0207 7.01997 7.01814 7.01521 7.01121 7.00616 7.00008 6.99299 6.98494 6.97597 6.96612 6.95543 6.94397 6.93179 6.91894 6.90549 6.89151 6.87705 6.8622 6.84701 6.83156 6.81592 6.80016 6.78435 6.76855 6.75284 6.73728 6.72192 6.70684 6.69208 6.67771 6.66377 6.65031 6.63737 6.62501 6.61324 6.60212 6.59166 6.5819 6.57286 6.56457 6.55703 6.55027 6.54431 6.53915 6.5348 6.53128 6.52858 6.52672 6.52569 
6.51999 6.52066 6.52218 6.52456 6.52778 6.53185 6.53676 6.54249 6.54905 6.55641 6.56456 6.57349 6.58316 6.59357 6.60467 6.61645 6.62886 6.64187 6.65545 6.66953 6.68408 6.69905 6.71438 6.73002 6.74589 6.76195 6.77812 6.79434 6.81054 6.82665 6.8426 6.85831 6.87372 6.88876 6.90335 6.91744 6.93094 6.94381 6.95597 6.96737 6.97796 6.98768 6.99649 7.00434 7.0112 7.01703 7.02181 7.0255 7.0281 7.02959 7.02997 7.02922 7.02736 7.0244 7.02034 7.01522 7.00905 7.00186 6.9937 6.9846 6.97461 6.96377 6.95215 6.93979 6.92676 6.91311 6.89892 6.88426 6.86918 6.85377 6.83809 6.82222 6.80622 6.79017 6.77413 6.75818 6.74237 6.72678 6.71146 6.69647 6.68186 6.6677 6.65403 6.64088 6.62832 6.61636 6.60505 6.59442 6.5845 6.57531 6.56688 6.55922 6.55234 6.54628 6.54103 6.53661 6.53302 6.53028 6.52839 6.52734 
6.52147 6.52215 6.52369 6.5261 6.52937 6.5335 6.53848 6.5443 6.55095 6.55842 6.56669 6.57574 6.58556 6.59611 6.60738 6.61932 6.63191 6.6451 6.65886 6.67315 6.6879 6.70307 6.71861 6.73446 6.75055 6.76682 6.78321 6.79964 6.81605 6.83237 6.84852 6.86444 6.88005 6.89528 6.91005 6.92431 6.93799 6.95101 6.96333 6.97487 6.98559 6.99543 7.00434 7.01229 7.01923 7.02513 7.02996 7.0337 7.03634 7.03784 7.03822 7.03747 7.03558 7.03258 7.02848 7.02329 7.01704 7.00977 7.00151 6.9923 6.98218 6.97121 6.95944 6.94692 6.93373 6.91991 6.90554 6.89069 6.87542 6.85981 6.84392 6.82784 6.81163 6.79536 6.77911 6.76294 6.74692 6.73111 6.71558 6.70039 6.68558 6.67122 6.65735 6.64402 6.63128 6.61915 6.60768 6.5969 6.58683 6.57751 6.56895 6.56117 6.5542 6.54804 6.54272 6.53823 6.53459 6.53181 6.52988 6.52883 
6.52277 6.52346 6.52502 6.52746 6.53077 6.53495 6.53999 6.54589 6.55262 6.56018 6.56856 6.57772 6.58766 6.59834 6.60975 6.62184 6.63458 6.64793 6.66186 6.67631 6.69124 6.70659 6.72231 6.73834 6.75462 6.77108 6.78765 6.80427 6.82087 6.83737 6.8537 6.8698 6.88558 6.90097 6.91591 6.93032 6.94415 6.95731 6.96975 6.98142 6.99225 7.00219 7.0112 7.01923 7.02624 7.03221 7.03709 7.04087 7.04352 7.04505 7.04543 7.04467 7.04276 7.03973 7.03558 7.03034 7.02403 7.01668 7.00833 6.99902 6.9888 6.97771 6.96581 6.95316 6.93982 6.92585 6.91132 6.8963 6.88087 6.86508 6.84902 6.83275 6.81636 6.79991 6.78347 6.76711 6.7509 6.73491 6.71919 6.70382 6.68883 6.6743 6.66027 6.64677 6.63387 6.6216 6.60998 6.59907 6.58887 6.57943 6.57077 6.56289 6.55583 6.5496 6.5442 6.53966 6.53597 6.53315 6.5312 6.53013 
6.52389 6.52458 6.52616 6.52863 6.53197 6.5362 6.54129 6.54725 6.55405 6.5617 6.57016 6.57942 6.58946 6.60025 6.61177 6.62399 6.63686 6.65035 6.66442 6.67901 6.69409 6.70959 6.72547 6.74166 6.75809 6.77471 6.79144 6.80822 6.82497 6.84163 6.85811 6.87435 6.89028 6.90582 6.92089 6.93544 6.94938 6.96266 6.97522 6.98699 6.99791 7.00794 7.01703 7.02513 7.03221 7.03822 7.04315 7.04696 7.04964 7.05117 7.05156 7.05079 7.04887 7.04581 7.04162 7.03633 7.02997 7.02255 7.01413 7.00474 6.99442 6.98323 6.97123 6.95846 6.945 6.9309 6.91624 6.90108 6.8855 6.86957 6.85335 6.83693 6.82038 6.80377 6.78717 6.77066 6.75429 6.73814 6.72227 6.70674 6.69161 6.67693 6.66275 6.64912 6.63609 6.62368 6.61195 6.60092 6.59062 6.58108 6.57232 6.56437 6.55723 6.55093 6.54548 6.54088 6.53716 6.53431 6.53234 6.53125 
6.52482 6.52551 6.52711 6.52959 6.53297 6.53723 6.54237 6.54838 6.55524 6.56295 6.57148 6.58082 6.59094 6.60183 6.61344 6.62576 6.63874 6.65234 6.66652 6.68123 6.69643 6.71206 6.72806 6.74438 6.76094 6.77769 6.79455 6.81145 6.82834 6.84512 6.86173 6.87809 6.89414 6.90979 6.92497 6.93962 6.95367 6.96705 6.9797 6.99155 7.00255 7.01265 7.02181 7.02996 7.03709 7.04315 7.0481 7.05194 7.05464 7.05619 7.05657 7.0558 7.05386 7.05078 7.04657 7.04124 7.03483 7.02736 7.01888 7.00942 6.99902 6.98776 6.97566 6.9628 6.94924 6.93504 6.92027 6.905 6.8893 6.87324 6.85691 6.84036 6.82368 6.80694 6.79022 6.77357 6.75707 6.7408 6.7248 6.70914 6.69389 6.67909 6.6648 6.65105 6.63791 6.62541 6.61357 6.60245 6.59206 6.58244 6.57361 6.56558 6.55839 6.55203 6.54653 6.5419 6.53814 6.53526 6.53328 6.53218 
6.52555 6.52625 6.52785 6.53036 6.53375 6.53804 6.54322 6.54926 6.55617 6.56393 6.57252 6.58192 6.59211 6.60306 6.61475 6.62714 6.6402 6.65389 6.66816 6.68296 6.69825 6.71398 6.73008 6.74649 6.76315 6.78 6.79696 6.81397 6.83094 6.84782 6.86453 6.88099 6.89712 6.91286 6.92813 6.94287 6.95699 6.97045 6.98316 6.99508 7.00614 7.0163 7.0255 7.0337 7.04087 7.04696 7.05194 7.0558 7.05851 7.06007 7.06046 7.05968 7.05773 7.05463 7.0504 7.04504 7.03859 7.03108 7.02255 7.01304 7.00259 6.99126 6.9791 6.96616 6.95253 6.93824 6.92339 6.90803 6.89224 6.87609 6.85966 6.84302 6.82624 6.8094 6.79258 6.77583 6.75924 6.74286 6.72676 6.71101 6.69566 6.68077 6.66639 6.65256 6.63933 6.62675 6.61484 6.60365 6.59319 6.58351 6.57462 6.56654 6.55929 6.5529 6.54736 6.5427 6.53891 6.53602 6.53402 6.53291 
6.52608 6.52678 6.52839 6.53091 6.53432 6.53863 6.54383 6.5499 6.55684 6.56463 6.57326 6.5827 6.59294 6.60394 6.61568 6.62813 6.64124 6.65499 6.66932 6.68419 6.69955 6.71534 6.7315 6.74798 6.76471 6.78163 6.79866 6.81574 6.83278 6.84973 6.8665 6.88303 6.89923 6.91503 6.93036 6.94515 6.95933 6.97283 6.9856 6.99756 7.00867 7.01887 7.0281 7.03634 7.04352 7.04964 7.05464 7.05851 7.06124 7.0628 7.06319 7.0624 7.06045 7.05734 7.05309 7.04771 7.04124 7.0337 7.02513 7.01558 7.0051 6.99372 6.98151 6.96853 6.95484 6.9405 6.92559 6.91017 6.89431 6.8781 6.8616 6.84489 6.82805 6.81114 6.79424 6.77743 6.76076 6.74432 6.72815 6.71233 6.69692 6.68196 6.66752 6.65363 6.64034 6.6277 6.61574 6.6045 6.594 6.58427 6.57534 6.56723 6.55995 6.55352 6.54796 6.54327 6.53947 6.53656 6.53455 6.53345 
6.52641 6.52711 6.52873 6.53125 6.53467 6.53899 6.5442 6.55029 6.55725 6.56506 6.57371 6.58317 6.59343 6.60446 6.61623 6.62871 6.64186 6.65564 6.67 6.68491 6.7003 6.71613 6.73233 6.74885 6.76562 6.78257 6.79965 6.81676 6.83385 6.85083 6.86764 6.8842 6.90044 6.91627 6.93164 6.94646 6.96067 6.97421 6.987 6.99899 7.01012 7.02034 7.02959 7.03784 7.04505 7.05117 7.05619 7.06007 7.0628 7.06436 7.06475 7.06396 7.06201 7.05889 7.05463 7.04924 7.04275 7.0352 7.02661 7.01704 7.00653 6.99513 6.98289 6.96988 6.95616 6.94179 6.92685 6.91139 6.8955 6.87925 6.86272 6.84597 6.82909 6.81214 6.7952 6.77835 6.76165 6.74516 6.72896 6.7131 6.69765 6.68266 6.66818 6.65426 6.64094 6.62827 6.61628 6.60501 6.59448 6.58473 6.57578 6.56764 6.56034 6.5539 6.54832 6.54363 6.53982 6.5369 6.53488 6.53377 
