4.75714 4.75732 4.75757 4.75787 4.75823 4.75865 4.75913 4.75968 4.76028 4.76096 4.76169 4.7625 4.76338 4.76433 4.76535 4.76646 4.76763 4.76889 4.77022 4.77163 4.77312 4.77468 4.77632 4.77802 4.77979 4.78162 4.7835 4.78543 4.7874 4.7894 4.79141 4.79344 4.79547 4.79748 4.79947 4.80143 4.80333 4.80517 4.80694 4.80862 4.81021 4.81168 4.81304 4.81426 4.81534 4.81628 4.81706 4.81767 4.81813 4.81841 4.81852 4.81846 4.81823 4.81783 4.81726 4.81653 4.81565 4.81462 4.81345 4.81215 4.81074 4.80921 4.80759 4.80588 4.8041 4.80226 4.80037 4.79845 4.7965 4.79455 4.7926 4.79066 4.78875 4.78687 4.78504 4.78325 4.78153 4.77987 4.77829 4.77678 4.77535 4.77401 4.77276 4.77159 4.77051 4.76952 4.76861 4.7678 4.76707 4.76642 4.76586 4.76538 4.76497 4.76464 4.76438 4.76419 4.76406 4.764 4.76401 4.76407 
4.75732 4.75751 4.75775 4.75806 4.75842 4.75884 4.75933 4.75987 4.76048 4.76116 4.7619 4.76271 4.7636 4.76455 4.76559 4.7667 4.76788 4.76915 4.77049 4.77192 4.77342 4.77499 4.77664 4.77836 4.78015 4.78199 4.78389 4.78584 4.78782 4.78984 4.79188 4.79392 4.79597 4.79801 4.80001 4.80199 4.80391 4.80577 4.80756 4.80926 4.81086 4.81235 4.81371 4.81495 4.81604 4.81698 4.81777 4.81839 4.81885 4.81914 4.81925 4.81919 4.81895 4.81855 4.81797 4.81724 4.81635 4.81531 4.81413 4.81282 4.81138 4.80984 4.8082 4.80648 4.80468 4.80282 4.80091 4.79897 4.79701 4.79503 4.79306 4.79111 4.78918 4.78728 4.78543 4.78363 4.78189 4.78022 4.77862 4.77709 4.77565 4.7743 4.77303 4.77185 4.77076 4.76976 4.76885 4.76803 4.76729 4.76664 4.76607 4.76558 4.76517 4.76483 4.76457 4.76438 4.76425 4.76419 4.76419 4.76426 
4.75757 4.75775 4.758 4.75831 4.75868 4.75911 4.7596 4.76015 4.76078 4.76147 4.76223 4.76306 4.76396 4.76494 4.766 4.76713 4.76835 4.76964 4.77102 4.77248 4.77402 4.77564 4.77733 4.77909 4.78092 4.78281 4.78476 4.78676 4.7888 4.79086 4.79295 4.79505 4.79715 4.79924 4.8013 4.80332 4.80529 4.8072 4.80903 4.81077 4.81241 4.81393 4.81533 4.8166 4.81772 4.81868 4.81949 4.82013 4.82059 4.82088 4.821 4.82093 4.82069 4.82027 4.81969 4.81893 4.81802 4.81695 4.81574 4.81439 4.81293 4.81134 4.80966 4.80789 4.80605 4.80414 4.80218 4.80019 4.79818 4.79616 4.79413 4.79213 4.79014 4.7882 4.7863 4.78445 4.78266 4.78094 4.7793 4.77774 4.77626 4.77487 4.77356 4.77235 4.77123 4.7702 4.76926 4.76842 4.76766 4.76699 4.7664 4.7659 4.76547 4.76512 4.76485 4.76464 4.76451 4.76444 4.76444 4.76451 
4.75787 4.75806 4.75831 4.75862 4.759 4.75944 4.75995 4.76052 4.76117 4.76188 4.76267 4.76353 4.76447 4.76548 4.76658 4.76776 4.76903 4.77038 4.77181 4.77333 4.77493 4.77662 4.77838 4.78021 4.78212 4.78409 4.78612 4.7882 4.79032 4.79247 4.79464 4.79682 4.79901 4.80118 4.80332 4.80542 4.80747 4.80945 4.81135 4.81316 4.81486 4.81645 4.8179 4.81921 4.82037 4.82137 4.82221 4.82287 4.82335 4.82365 4.82377 4.8237 4.82345 4.82301 4.8224 4.82162 4.82066 4.81955 4.81829 4.81689 4.81537 4.81372 4.81197 4.81013 4.80821 4.80622 4.80419 4.80212 4.80002 4.79791 4.79581 4.79372 4.79165 4.78963 4.78764 4.78572 4.78386 4.78206 4.78035 4.77872 4.77717 4.77572 4.77436 4.77309 4.77192 4.77084 4.76986 4.76897 4.76817 4.76747 4.76685 4.76632 4.76587 4.7655 4.7652 4.76498 4.76484 4.76476 4.76475 4.76481 
4.75823 4.75842 4.75868 4.759 4.75939 4.75985 4.76038 4.76098 4.76165 4.7624 4.76323 4.76413 4.76512 4.76619 4.76735 4.76859 4.76993 4.77135 4.77286 4.77447 4.77616 4.77793 4.77979 4.78173 4.78374 4.78582 4.78796 4.79015 4.79239 4.79465 4.79695 4.79925 4.80154 4.80383 4.80608 4.8083 4.81045 4.81254 4.81454 4.81644 4.81823 4.81989 4.82142 4.8228 4.82401 4.82507 4.82594 4.82663 4.82714 4.82745 4.82757 4.8275 4.82723 4.82677 4.82612 4.82529 4.82429 4.82312 4.82179 4.82032 4.81871 4.81697 4.81513 4.81319 4.81117 4.80908 4.80693 4.80475 4.80254 4.80031 4.79809 4.79589 4.79371 4.79157 4.78947 4.78744 4.78547 4.78358 4.78176 4.78004 4.7784 4.77686 4.77541 4.77407 4.77282 4.77168 4.77063 4.76969 4.76884 4.76808 4.76742 4.76685 4.76636 4.76596 4.76564 4.7654 4.76523 4.76514 4.76512 4.76518 
4.75865 4.75884 4.75911 4.75944 4.75985 4.76033 4.76089 4.76152 4.76224 4.76303 4.76391 4.76487 4.76592 4.76706 4.7683 4.76963 4.77105 4.77257 4.77418 4.77589 4.7777 4.7796 4.78158 4.78365 4.7858 4.78801 4.7903 4.79263 4.79502 4.79743 4.79987 4.80232 4.80477 4.8072 4.8096 4.81195 4.81425 4.81646 4.81859 4.82061 4.82251 4.82427 4.82589 4.82735 4.82864 4.82976 4.83068 4.83142 4.83195 4.83228 4.8324 4.83232 4.83203 4.83154 4.83085 4.82997 4.8289 4.82765 4.82624 4.82467 4.82296 4.82111 4.81915 4.81708 4.81493 4.8127 4.81042 4.80809 4.80573 4.80336 4.80099 4.79864 4.79631 4.79403 4.79179 4.78962 4.78751 4.78549 4.78354 4.78169 4.77994 4.77829 4.77674 4.77529 4.77395 4.77272 4.77159 4.77057 4.76965 4.76883 4.76811 4.76749 4.76696 4.76652 4.76616 4.76589 4.7657 4.76559 4.76556 4.7656 
4.75913 4.75933 4.7596 4.75995 4.76038 4.76089 4.76148 4.76216 4.76292 4.76377 4.76471 4.76574 4.76687 4.7681 4.76943 4.77086 4.77239 4.77403 4.77577 4.77762 4.77956 4.78161 4.78374 4.78597 4.78828 4.79067 4.79313 4.79564 4.79821 4.80081 4.80343 4.80606 4.80869 4.8113 4.81387 4.8164 4.81886 4.82123 4.82351 4.82567 4.8277 4.82959 4.83133 4.83289 4.83427 4.83546 4.83645 4.83723 4.83779 4.83814 4.83827 4.83818 4.83787 4.83734 4.8366 4.83565 4.8345 4.83316 4.83164 4.82996 4.82812 4.82614 4.82403 4.82181 4.8195 4.8171 4.81465 4.81214 4.80961 4.80706 4.80451 4.80198 4.79948 4.79701 4.7946 4.79226 4.78998 4.7878 4.7857 4.7837 4.7818 4.78001 4.77833 4.77676 4.77531 4.77396 4.77274 4.77162 4.77062 4.76972 4.76893 4.76824 4.76765 4.76716 4.76676 4.76646 4.76624 4.76611 4.76606 4.76609 
4.75968 4.75987 4.76015 4.76052 4.76098 4.76152 4.76216 4.76288 4.7637 4.76462 4.76564 4.76676 4.76798 4.76931 4.77075 4.77231 4.77397 4.77575 4.77764 4.77964 4.78175 4.78397 4.78629 4.78871 4.79122 4.79381 4.79647 4.79919 4.80197 4.80478 4.80762 4.81047 4.81331 4.81613 4.81891 4.82164 4.82429 4.82685 4.82931 4.83164 4.83383 4.83586 4.83773 4.83941 4.84089 4.84217 4.84323 4.84407 4.84468 4.84505 4.84518 4.84508 4.84474 4.84416 4.84336 4.84233 4.84109 4.83964 4.838 4.83618 4.83419 4.83205 4.82978 4.82738 4.82488 4.82229 4.81963 4.81692 4.81418 4.81142 4.80866 4.80591 4.8032 4.80052 4.79791 4.79536 4.79289 4.79051 4.78823 4.78605 4.78398 4.78203 4.78019 4.77848 4.77689 4.77542 4.77407 4.77284 4.77174 4.77075 4.76987 4.76911 4.76845 4.7679 4.76745 4.7671 4.76685 4.76669 4.76662 4.76664 
4.76028 4.76048 4.76078 4.76117 4.76165 4.76224 4.76292 4.7637 4.76459 4.76559 4.76669 4.76791 4.76925 4.7707 4.77227 4.77396 4.77578 4.77772 4.77978 4.78197 4.78427 4.78669 4.78923 4.79186 4.79459 4.79742 4.80032 4.80328 4.8063 4.80936 4.81245 4.81555 4.81863 4.82169 4.82471 4.82767 4.83055 4.83332 4.83598 4.83851 4.84088 4.84308 4.8451 4.84691 4.84852 4.8499 4.85104 4.85194 4.85259 4.85299 4.85313 4.85302 4.85264 4.85202 4.85114 4.85003 4.84868 4.84711 4.84533 4.84335 4.84119 4.83887 4.83639 4.83379 4.83107 4.82826 4.82537 4.82243 4.81944 4.81644 4.81344 4.81045 4.80749 4.80457 4.80172 4.79894 4.79624 4.79364 4.79114 4.78876 4.78649 4.78435 4.78234 4.78045 4.7787 4.77708 4.77559 4.77424 4.77301 4.77192 4.77094 4.77009 4.76936 4.76874 4.76823 4.76783 4.76753 4.76734 4.76725 4.76725 
4.76096 4.76116 4.76147 4.76188 4.7624 4.76303 4.76377 4.76462 4.76559 4.76667 4.76788 4.76921 4.77067 4.77226 4.77398 4.77584 4.77783 4.77995 4.78221 4.78461 4.78713 4.78978 4.79255 4.79544 4.79843 4.80151 4.80468 4.80792 4.81122 4.81456 4.81793 4.8213 4.82467 4.828 4.83129 4.83451 4.83764 4.84065 4.84354 4.84629 4.84886 4.85125 4.85344 4.85541 4.85714 4.85864 4.85988 4.86085 4.86155 4.86198 4.86213 4.862 4.86159 4.8609 4.85995 4.85873 4.85726 4.85555 4.85361 4.85146 4.84911 4.84658 4.84389 4.84105 4.83809 4.83502 4.83188 4.82866 4.82541 4.82213 4.81885 4.81558 4.81235 4.80916 4.80604 4.80299 4.80004 4.79718 4.79444 4.79183 4.78934 4.78698 4.78476 4.78268 4.78075 4.77896 4.77731 4.77581 4.77445 4.77323 4.77214 4.77119 4.77037 4.76967 4.76909 4.76863 4.76829 4.76806 4.76794 4.76793 
4.76169 4.7619 4.76223 4.76267 4.76323 4.76391 4.76471 4.76564 4.76669 4.76788 4.7692 4.77066 4.77226 4.774 4.77589 4.77793 4.78012 4.78245 4.78493 4.78756 4.79033 4.79324 4.79628 4.79944 4.80272 4.8061 4.80957 4.81312 4.81673 4.82038 4.82406 4.82774 4.83142 4.83506 4.83864 4.84215 4.84556 4.84885 4.85199 4.85497 4.85777 4.86037 4.86275 4.86489 4.86677 4.86839 4.86973 4.87079 4.87155 4.87201 4.87216 4.87202 4.87156 4.87082 4.86977 4.86844 4.86684 4.86498 4.86286 4.86051 4.85795 4.85519 4.85225 4.84916 4.84593 4.84258 4.83914 4.83563 4.83208 4.82849 4.8249 4.82133 4.81778 4.81429 4.81087 4.80753 4.80428 4.80115 4.79814 4.79526 4.79251 4.78992 4.78747 4.78518 4.78304 4.78106 4.77923 4.77757 4.77605 4.77469 4.77348 4.77241 4.77149 4.7707 4.77005 4.76952 4.76913 4.76886 4.76871 4.76868 
4.7625 4.76271 4.76306 4.76353 4.76413 4.76487 4.76574 4.76676 4.76791 4.76921 4.77066 4.77226 4.77402 4.77593 4.77801 4.78025 4.78265 4.78522 4.78795 4.79084 4.79388 4.79707 4.80041 4.80388 4.80748 4.81118 4.81499 4.81887 4.82282 4.82682 4.83084 4.83487 4.83888 4.84286 4.84677 4.8506 4.85431 4.8579 4.86132 4.86457 4.86762 4.87044 4.87303 4.87535 4.8774 4.87916 4.88061 4.88175 4.88258 4.88307 4.88323 4.88307 4.88257 4.88175 4.88061 4.87916 4.87741 4.87538 4.87307 4.87051 4.86771 4.8647 4.86149 4.85811 4.85459 4.85093 4.84717 4.84334 4.83945 4.83553 4.8316 4.82768 4.8238 4.81997 4.81621 4.81255 4.80898 4.80554 4.80223 4.79905 4.79603 4.79317 4.79047 4.78793 4.78557 4.78338 4.78136 4.7795 4.77782 4.77631 4.77495 4.77376 4.77272 4.77183 4.77109 4.7705 4.77005 4.76973 4.76955 4.7695 
4.76338 4.7636 4.76396 4.76447 4.76512 4.76592 4.76687 4.76798 4.76925 4.77067 4.77226 4.77402 4.77595 4.77805 4.78034 4.7828 4.78544 4.78826 4.79126 4.79444 4.79778 4.80129 4.80495 4.80876 4.8127 4.81676 4.82093 4.82518 4.82951 4.83388 4.83828 4.84268 4.84706 4.8514 4.85567 4.85984 4.8639 4.8678 4.87153 4.87507 4.87838 4.88145 4.88426 4.88679 4.88901 4.89092 4.8925 4.89374 4.89462 4.89516 4.89533 4.89515 4.8946 4.8937 4.89246 4.89088 4.88897 4.88675 4.88423 4.88144 4.87839 4.8751 4.8716 4.86792 4.86406 4.86007 4.85597 4.85178 4.84752 4.84323 4.83893 4.83465 4.83039 4.8262 4.82208 4.81805 4.81414 4.81036 4.80671 4.80322 4.7999 4.79674 4.79376 4.79096 4.78835 4.78592 4.78368 4.78163 4.77976 4.77807 4.77656 4.77523 4.77407 4.77307 4.77224 4.77156 4.77104 4.77068 4.77046 4.77039 
4.76433 4.76455 4.76494 4.76548 4.76619 4.76706 4.7681 4.76931 4.7707 4.77226 4.774 4.77593 4.77805 4.78037 4.78288 4.78558 4.78849 4.79159 4.79488 4.79837 4.80204 4.80588 4.8099 4.81408 4.81839 4.82284 4.8274 4.83206 4.83679 4.84156 4.84637 4.85118 4.85596 4.86069 4.86534 4.86989 4.8743 4.87855 4.88261 4.88646 4.89006 4.8934 4.89645 4.89919 4.9016 4.90367 4.90538 4.90672 4.90768 4.90826 4.90844 4.90823 4.90764 4.90665 4.9053 4.90357 4.90149 4.89907 4.89633 4.89329 4.88997 4.88639 4.88257 4.87855 4.87435 4.87 4.86552 4.86094 4.8563 4.85161 4.84691 4.84222 4.83757 4.83297 4.82846 4.82405 4.81976 4.8156 4.8116 4.80776 4.8041 4.80063 4.79735 4.79426 4.79138 4.78869 4.78622 4.78394 4.78187 4.77999 4.77832 4.77683 4.77553 4.77442 4.77348 4.77272 4.77213 4.7717 4.77144 4.77135 
4.76535 4.76559 4.766 4.76658 4.76735 4.7683 4.76943 4.77075 4.77227 4.77398 4.77589 4.77801 4.78034 4.78288 4.78563 4.7886 4.79179 4.79519 4.7988 4.80262 4.80665 4.81086 4.81526 4.81983 4.82456 4.82942 4.83441 4.83949 4.84465 4.84987 4.85511 4.86035 4.86556 4.87071 4.87578 4.88072 4.88552 4.89014 4.89455 4.89873 4.90264 4.90626 4.90956 4.91254 4.91515 4.91739 4.91924 4.92069 4.92173 4.92234 4.92254 4.92231 4.92166 4.92059 4.91911 4.91723 4.91497 4.91234 4.90936 4.90605 4.90244 4.89854 4.89439 4.89001 4.88544 4.8807 4.87582 4.87083 4.86577 4.86065 4.85552 4.8504 4.84532 4.84029 4.83536 4.83053 4.82583 4.82128 4.81689 4.81268 4.80866 4.80484 4.80123 4.79783 4.79465 4.79169 4.78896 4.78645 4.78415 4.78207 4.78021 4.77856 4.77711 4.77587 4.77482 4.77396 4.77329 4.77281 4.77251 4.77239 
4.76646 4.7667 4.76713 4.76776 4.76859 4.76963 4.77086 4.77231 4.77396 4.77584 4.77793 4.78025 4.7828 4.78558 4.7886 4.79185 4.79535 4.79907 4.80303 4.80721 4.81161 4.81622 4.82103 4.82602 4.83119 4.8365 4.84193 4.84748 4.8531 4.85878 4.86449 4.87019 4.87586 4.88146 4.88696 4.89233 4.89753 4.90254 4.90733 4.91185 4.91609 4.92001 4.92359 4.92681 4.92963 4.93205 4.93405 4.93562 4.93673 4.9374 4.9376 4.93735 4.93664 4.93547 4.93387 4.93183 4.92937 4.92652 4.92329 4.9197 4.91577 4.91154 4.90704 4.90228 4.89731 4.89216 4.88685 4.88143 4.87592 4.87035 4.86476 4.85918 4.85363 4.84815 4.84276 4.83749 4.83235 4.82738 4.82257 4.81796 4.81356 4.80937 4.80541 4.80167 4.79818 4.79493 4.79191 4.78914 4.78661 4.78431 4.78225 4.78042 4.77882 4.77743 4.77626 4.7753 4.77455 4.774 4.77365 4.7735 
4.76763 4.76788 4.76835 4.76903 4.76993 4.77105 4.77239 4.77397 4.77578 4.77783 4.78012 4.78265 4.78544 4.78849 4.79179 4.79535 4.79916 4.80323 4.80756 4.81212 4.81693 4.82196 4.82721 4.83265 4.83827 4.84406 4.84998 4.85601 4.86212 4.8683 4.87449 4.88068 4.88683 4.8929 4.89887 4.90468 4.91032 4.91575 4.92092 4.92581 4.93039 4.93463 4.9385 4.94197 4.94502 4.94763 4.94979 4.95147 4.95267 4.95338 4.9536 4.95332 4.95255 4.95128 4.94954 4.94734 4.94468 4.94159 4.93809 4.9342 4.92995 4.92537 4.92049 4.91534 4.90995 4.90436 4.89861 4.89272 4.88673 4.88068 4.87461 4.86854 4.86251 4.85654 4.85067 4.84493 4.83933 4.8339 4.82865 4.82362 4.8188 4.81422 4.80988 4.80579 4.80196 4.79838 4.79507 4.79203 4.78924 4.78671 4.78444 4.78241 4.78064 4.7791 4.7778 4.77673 4.77589 4.77527 4.77487 4.77469 
4.76889 4.76915 4.76964 4.77038 4.77135 4.77257 4.77403 4.77575 4.77772 4.77995 4.78245 4.78522 4.78826 4.79159 4.79519 4.79907 4.80323 4.80767 4.81238 4.81736 4.8226 4.82807 4.83378 4.8397 4.84581 4.8521 4.85852 4.86507 4.8717 4.87839 4.88511 4.89181 4.89846 4.90503 4.91148 4.91777 4.92386 4.92971 4.9353 4.94058 4.94552 4.95008 4.95425 4.95799 4.96127 4.96408 4.9664 4.96821 4.9695 4.97026 4.97049 4.97018 4.96934 4.96798 4.9661 4.96372 4.96085 4.95751 4.95373 4.94953 4.94494 4.93999 4.93472 4.92915 4.92332 4.91728 4.91105 4.90468 4.89819 4.89164 4.88506 4.87847 4.87193 4.86545 4.85907 4.85283 4.84674 4.84083 4.83512 4.82963 4.82438 4.81938 4.81464 4.81017 4.80598 4.80207 4.79844 4.7951 4.79204 4.78927 4.78677 4.78454 4.78258 4.78088 4.77944 4.77826 4.77732 4.77663 4.77617 4.77596 
4.77022 4.77049 4.77102 4.77181 4.77286 4.77418 4.77577 4.77764 4.77978 4.78221 4.78493 4.78795 4.79126 4.79488 4.7988 4.80303 4.80756 4.81238 4.81751 4.82292 4.8286 4.83455 4.84074 4.84716 4.85379 4.8606 4.86756 4.87464 4.88182 4.88905 4.89631 4.90355 4.91073 4.91782 4.92477 4.93155 4.93811 4.94442 4.95043 4.95611 4.96142 4.96633 4.9708 4.97482 4.97835 4.98136 4.98385 4.98579 4.98717 4.98798 4.98822 4.98789 4.98698 4.98551 4.98349 4.98092 4.97783 4.97424 4.97017 4.96565 4.96071 4.95537 4.94969 4.94369 4.9374 4.93088 4.92416 4.91728 4.91028 4.9032 4.89608 4.88896 4.88187 4.87486 4.86795 4.86118 4.85457 4.84816 4.84196 4.83599 4.83028 4.82484 4.81968 4.81481 4.81024 4.80598 4.80202 4.79837 4.79502 4.79198 4.78924 4.78679 4.78464 4.78277 4.78119 4.77988 4.77884 4.77807 4.77756 4.77731 
4.77163 4.77192 4.77248 4.77333 4.77447 4.77589 4.77762 4.77964 4.78197 4.78461 4.78756 4.79084 4.79444 4.79837 4.80262 4.80721 4.81212 4.81736 4.82292 4.82878 4.83494 4.84138 4.84808 4.85503 4.86219 4.86955 4.87706 4.88471 4.89245 4.90025 4.90807 4.91587 4.9236 4.93123 4.9387 4.94599 4.95304 4.95981 4.96626 4.97236 4.97805 4.98332 4.98811 4.99242 4.99619 4.99942 5.00208 5.00416 5.00563 5.0065 5.00675 5.00639 5.00542 5.00383 5.00166 4.9989 4.99559 4.99173 4.98736 4.9825 4.9772 4.97147 4.96536 4.95891 4.95215 4.94514 4.9379 4.93049 4.92295 4.91532 4.90765 4.89996 4.89232 4.88475 4.87728 4.86996 4.86282 4.85587 4.84916 4.8427 4.83651 4.8306 4.825 4.81971 4.81474 4.8101 4.80579 4.80181 4.79816 4.79484 4.79185 4.78918 4.78682 4.78477 4.78303 4.78159 4.78044 4.77959 4.77902 4.77874 
4.77312 4.77342 4.77402 4.77493 4.77616 4.7777 4.77956 4.78175 4.78427 4.78713 4.79033 4.79388 4.79778 4.80204 4.80665 4.81161 4.81693 4.8226 4.8286 4.83494 4.84159 4.84855 4.85578 4.86327 4.87099 4.87892 4.88702 4.89525 4.90357 4.91196 4.92036 4.92873 4.93703 4.94522 4.95324 4.96104 4.9686 4.97585 4.98275 4.98927 4.99537 5.001 5.00612 5.01072 5.01476 5.0182 5.02104 5.02326 5.02483 5.02575 5.02601 5.02562 5.02458 5.02288 5.02055 5.0176 5.01405 5.00992 5.00525 5.00005 4.99436 4.98823 4.98168 4.97476 4.96752 4.96 4.95223 4.94428 4.93618 4.92798 4.91973 4.91147 4.90324 4.89509 4.88705 4.87916 4.87145 4.86396 4.85671 4.84973 4.84303 4.83665 4.83058 4.82486 4.81947 4.81444 4.80976 4.80544 4.80147 4.79786 4.7946 4.79168 4.78911 4.78688 4.78497 4.78339 4.78213 4.78119 4.78056 4.78024 
4.77468 4.77499 4.77564 4.77662 4.77793 4.7796 4.78161 4.78397 4.78669 4.78978 4.79324 4.79707 4.80129 4.80588 4.81086 4.81622 4.82196 4.82807 4.83455 4.84138 4.84855 4.85603 4.86382 4.87187 4.88018 4.88869 4.89738 4.90622 4.91515 4.92414 4.93314 4.94211 4.95099 4.95975 4.96832 4.97667 4.98473 4.99248 4.99985 5.00681 5.01331 5.01931 5.02477 5.02967 5.03397 5.03764 5.04066 5.04301 5.04468 5.04566 5.04594 5.04552 5.0444 5.04259 5.0401 5.03695 5.03316 5.02876 5.02377 5.01822 5.01215 5.00559 4.9986 4.99121 4.98347 4.97542 4.96711 4.9586 4.94992 4.94114 4.9323 4.92344 4.91461 4.90585 4.89722 4.88874 4.88045 4.87239 4.86459 4.85707 4.84985 4.84296 4.83642 4.83023 4.82442 4.81897 4.81391 4.80923 4.80493 4.80101 4.79748 4.79431 4.79151 4.78908 4.78701 4.78528 4.78391 4.78287 4.78218 4.78182 
4.77632 4.77664 4.77733 4.77838 4.77979 4.78158 4.78374 4.78629 4.78923 4.79255 4.79628 4.80041 4.80495 4.8099 4.81526 4.82103 4.82721 4.83378 4.84074 4.84808 4.85578 4.86382 4.87217 4.88081 4.88971 4.89883 4.90814 4.91759 4.92714 4.93675 4.94637 4.95594 4.96543 4.97476 4.98391 4.9928 5.00139 5.00964 5.01749 5.02489 5.0318 5.03818 5.04399 5.04919 5.05375 5.05765 5.06085 5.06335 5.06512 5.06616 5.06645 5.066 5.0648 5.06288 5.06023 5.05688 5.05285 5.04817 5.04285 5.03695 5.03048 5.02351 5.01606 5.00818 4.99993 4.99134 4.98248 4.9734 4.96414 4.95475 4.9453 4.93583 4.92638 4.91701 4.90776 4.89868 4.88979 4.88114 4.87277 4.86469 4.85694 4.84953 4.84249 4.83583 4.82956 4.82369 4.81823 4.81318 4.80854 4.80431 4.80048 4.79705 4.79402 4.79139 4.78913 4.78726 4.78576 4.78463 4.78387 4.78347 
4.77802 4.77836 4.77909 4.78021 4.78173 4.78365 4.78597 4.78871 4.79186 4.79544 4.79944 4.80388 4.80876 4.81408 4.81983 4.82602 4.83265 4.8397 4.84716 4.85503 4.86327 4.87187 4.88081 4.89005 4.89956 4.9093 4.91924 4.92932 4.93951 4.94975 4.96 4.97019 4.98028 4.99021 4.99993 5.00938 5.01851 5.02727 5.03559 5.04345 5.05077 5.05754 5.06369 5.0692 5.07404 5.07816 5.08156 5.0842 5.08607 5.08716 5.08747 5.08698 5.08572 5.08367 5.08087 5.07731 5.07304 5.06807 5.06243 5.05616 5.0493 5.0419 5.03398 5.02562 5.01684 5.00772 4.99829 4.98862 4.97876 4.96877 4.9587 4.94859 4.93852 4.92852 4.91864 4.90894 4.89944 4.89019 4.88122 4.87257 4.86427 4.85633 4.84878 4.84163 4.8349 4.82859 4.82272 4.81728 4.81229 4.80773 4.8036 4.7999 4.79663 4.79378 4.79135 4.78932 4.78769 4.78647 4.78563 4.78519 
4.77979 4.78015 4.78092 4.78212 4.78374 4.7858 4.78828 4.79122 4.79459 4.79843 4.80272 4.80748 4.8127 4.81839 4.82456 4.83119 4.83827 4.84581 4.85379 4.86219 4.87099 4.88018 4.88971 4.89956 4.90969 4.92007 4.93065 4.94137 4.95221 4.96309 4.97397 4.9848 4.9955 5.00604 5.01634 5.02635 5.03602 5.04529 5.0541 5.06241 5.07016 5.0773 5.08381 5.08963 5.09473 5.09909 5.10267 5.10546 5.10743 5.10858 5.1089 5.10839 5.10705 5.10489 5.10192 5.09816 5.09364 5.08838 5.08242 5.07579 5.06853 5.06069 5.05231 5.04345 5.03415 5.02447 5.01448 5.00422 4.99375 4.98314 4.97243 4.9617 4.95098 4.94034 4.92982 4.91948 4.90936 4.89949 4.88993 4.88069 4.87182 4.86333 4.85526 4.84761 4.8404 4.83365 4.82735 4.82152 4.81616 4.81126 4.80683 4.80285 4.79934 4.79627 4.79364 4.79145 4.7897 4.78837 4.78746 4.78698 
4.78162 4.78199 4.78281 4.78409 4.78582 4.78801 4.79067 4.79381 4.79742 4.80151 4.8061 4.81118 4.81676 4.82284 4.82942 4.8365 4.84406 4.8521 4.8606 4.86955 4.87892 4.88869 4.89883 4.9093 4.92007 4.93109 4.94231 4.9537 4.96518 4.97671 4.98824 4.9997 5.01103 5.02217 5.03306 5.04364 5.05385 5.06363 5.07293 5.08169 5.08986 5.0974 5.10425 5.11038 5.11576 5.12034 5.12411 5.12705 5.12912 5.13033 5.13066 5.13012 5.12871 5.12643 5.1233 5.11934 5.11457 5.10903 5.10274 5.09574 5.08808 5.0798 5.07096 5.06159 5.05177 5.04154 5.03097 5.02012 5.00904 4.9978 4.98646 4.97508 4.96371 4.95242 4.94126 4.93027 4.91951 4.90902 4.89885 4.88902 4.87957 4.87052 4.86191 4.85375 4.84606 4.83884 4.83212 4.82588 4.82015 4.8149 4.81015 4.80589 4.80212 4.79883 4.79601 4.79365 4.79176 4.79033 4.78935 4.78883 
4.7835 4.78389 4.78476 4.78612 4.78796 4.7903 4.79313 4.79647 4.80032 4.80468 4.80957 4.81499 4.82093 4.8274 4.83441 4.84193 4.84998 4.85852 4.86756 4.87706 4.88702 4.89738 4.90814 4.91924 4.93065 4.94231 4.95419 4.96623 4.97838 4.99056 5.00274 5.01483 5.02678 5.03853 5.05001 5.06116 5.07191 5.08221 5.092 5.10121 5.1098 5.11772 5.12493 5.13137 5.13701 5.14183 5.14579 5.14886 5.15104 5.15231 5.15265 5.15208 5.15059 5.1482 5.14491 5.14074 5.13573 5.1299 5.12329 5.11593 5.10787 5.09916 5.08984 5.07998 5.06963 5.05885 5.0477 5.03625 5.02456 5.01269 5.00071 4.98868 4.97666 4.96471 4.95289 4.94126 4.92986 4.91874 4.90794 4.89751 4.88747 4.87786 4.86871 4.86003 4.85184 4.84416 4.83699 4.83035 4.82423 4.81863 4.81356 4.80901 4.80498 4.80145 4.79843 4.79591 4.79389 4.79235 4.7913 4.79073 
4.78543 4.78584 4.78676 4.7882 4.79015 4.79263 4.79564 4.79919 4.80328 4.80792 4.81312 4.81887 4.82518 4.83206 4.83949 4.84748 4.85601 4.86507 4.87464 4.88471 4.89525 4.90622 4.91759 4.92932 4.94137 4.9537 4.96623 4.97893 4.99173 5.00458 5.0174 5.03013 5.0427 5.05506 5.06713 5.07884 5.09013 5.10094 5.11121 5.12088 5.12989 5.13819 5.14574 5.15249 5.1584 5.16344 5.16759 5.17081 5.17309 5.17441 5.17477 5.17417 5.17261 5.1701 5.16665 5.16229 5.15703 5.15092 5.14398 5.13626 5.12781 5.11866 5.10888 5.09853 5.08765 5.07632 5.0646 5.05255 5.04024 5.02774 5.01512 5.00244 4.98977 4.97716 4.96469 4.9524 4.94035 4.9286 4.91718 4.90613 4.89551 4.88533 4.87562 4.86642 4.85773 4.84958 4.84196 4.8349 4.82839 4.82244 4.81704 4.8122 4.8079 4.80414 4.80092 4.79823 4.79606 4.79442 4.79329 4.79267 
4.7874 4.78782 4.7888 4.79032 4.79239 4.79502 4.79821 4.80197 4.8063 4.81122 4.81673 4.82282 4.82951 4.83679 4.84465 4.8531 4.86212 4.8717 4.88182 4.89245 4.90357 4.91515 4.92714 4.93951 4.95221 4.96518 4.97838 4.99173 5.00519 5.01869 5.03215 5.04552 5.05871 5.07167 5.08432 5.09659 5.10842 5.11974 5.13049 5.1406 5.15002 5.1587 5.16659 5.17365 5.17982 5.18509 5.18942 5.19278 5.19516 5.19654 5.19691 5.19628 5.19465 5.19203 5.18842 5.18386 5.17837 5.17198 5.16472 5.15665 5.1478 5.13823 5.12799 5.11714 5.10575 5.09387 5.08157 5.06893 5.05602 5.04289 5.02963 5.0163 5.00298 4.98971 4.97658 4.96364 4.95095 4.93855 4.92651 4.91485 4.90363 4.89288 4.88262 4.87289 4.8637 4.85507 4.847 4.83952 4.83262 4.82631 4.82058 4.81543 4.81087 4.80687 4.80345 4.80058 4.79828 4.79652 4.79532 4.79466 
4.7894 4.78984 4.79086 4.79247 4.79465 4.79743 4.80081 4.80478 4.80936 4.81456 4.82038 4.82682 4.83388 4.84156 4.84987 4.85878 4.8683 4.87839 4.88905 4.90025 4.91196 4.92414 4.93675 4.94975 4.96309 4.97671 4.99056 5.00458 5.01869 5.03283 5.04693 5.06093 5.07473 5.08829 5.10151 5.11434 5.12669 5.13851 5.14973 5.16028 5.17011 5.17916 5.18739 5.19474 5.20118 5.20666 5.21117 5.21467 5.21714 5.21858 5.21897 5.21832 5.21661 5.21388 5.21012 5.20537 5.19964 5.19298 5.18541 5.17699 5.16776 5.15776 5.14707 5.13574 5.12383 5.11141 5.09855 5.08533 5.07181 5.05806 5.04417 5.0302 5.01622 5.00231 4.98852 4.97493 4.96159 4.94856 4.93589 4.92363 4.91181 4.90049 4.88968 4.87941 4.86972 4.8606 4.85209 4.84418 4.83689 4.83022 4.82416 4.81871 4.81387 4.80964 4.80601 4.80297 4.80052 4.79866 4.79738 4.79667 
4.79141 4.79188 4.79295 4.79464 4.79695 4.79987 4.80343 4.80762 4.81245 4.81793 4.82406 4.83084 4.83828 4.84637 4.85511 4.86449 4.87449 4.88511 4.89631 4.90807 4.92036 4.93314 4.94637 4.96 4.97397 4.98824 5.00274 5.0174 5.03215 5.04693 5.06167 5.07628 5.09069 5.10483 5.11862 5.13199 5.14486 5.15717 5.16885 5.17983 5.19006 5.19947 5.20802 5.21567 5.22235 5.22806 5.23274 5.23637 5.23895 5.24044 5.24084 5.24016 5.23839 5.23555 5.23164 5.2267 5.22075 5.21382 5.20595 5.19718 5.18757 5.17717 5.16603 5.15423 5.14181 5.12887 5.11545 5.10165 5.08754 5.07318 5.05866 5.04406 5.02944 5.01488 5.00045 4.98621 4.97223 4.95857 4.94528 4.93241 4.92001 4.90811 4.89675 4.88595 4.87575 4.86616 4.8572 4.84887 4.84119 4.83415 4.82775 4.82201 4.8169 4.81243 4.80859 4.80538 4.80279 4.80082 4.79946 4.7987 
4.79344 4.79392 4.79505 4.79682 4.79925 4.80232 4.80606 4.81047 4.81555 4.8213 4.82774 4.83487 4.84268 4.85118 4.86035 4.87019 4.88068 4.89181 4.90355 4.91587 4.92873 4.94211 4.95594 4.97019 4.9848 4.9997 5.01483 5.03013 5.04552 5.06093 5.07628 5.09149 5.1065 5.12121 5.13555 5.14945 5.16283 5.17562 5.18774 5.19915 5.20976 5.21953 5.2284 5.23632 5.24326 5.24917 5.25402 5.25779 5.26045 5.262 5.26242 5.26171 5.25988 5.25693 5.25288 5.24776 5.24158 5.23439 5.22623 5.21713 5.20715 5.19635 5.18478 5.17251 5.15961 5.14614 5.13219 5.11783 5.10313 5.08817 5.07304 5.05781 5.04256 5.02736 5.0123 4.99742 4.98281 4.96853 4.95463 4.94116 4.92817 4.9157 4.9038 4.89248 4.88178 4.87171 4.8623 4.85355 4.84548 4.83808 4.83135 4.82531 4.81993 4.81523 4.81118 4.8078 4.80507 4.80298 4.80155 4.80075 
4.79547 4.79597 4.79715 4.79901 4.80154 4.80477 4.80869 4.81331 4.81863 4.82467 4.83142 4.83888 4.84706 4.85596 4.86556 4.87586 4.88683 4.89846 4.91073 4.9236 4.93703 4.95099 4.96543 4.98028 4.9955 5.01103 5.02678 5.0427 5.05871 5.07473 5.09069 5.1065 5.12208 5.13735 5.15223 5.16664 5.18051 5.19376 5.20633 5.21813 5.22912 5.23923 5.24841 5.25661 5.26378 5.26989 5.27491 5.2788 5.28156 5.28316 5.28359 5.28286 5.28096 5.27792 5.27373 5.26843 5.26204 5.2546 5.24615 5.23674 5.22641 5.21521 5.20323 5.19051 5.17713 5.16316 5.14868 5.13376 5.1185 5.10296 5.08723 5.07139 5.05552 5.0397 5.02401 5.00851 4.99328 4.97839 4.96388 4.94982 4.93626 4.92324 4.91079 4.89896 4.88776 4.87723 4.86738 4.85821 4.84975 4.84199 4.83494 4.8286 4.82295 4.81801 4.81377 4.81021 4.80734 4.80515 4.80363 4.80279 
4.79748 4.79801 4.79924 4.80118 4.80383 4.8072 4.8113 4.81613 4.82169 4.828 4.83506 4.84286 4.8514 4.86069 4.87071 4.88146 4.8929 4.90503 4.91782 4.93123 4.94522 4.95975 4.97476 4.99021 5.00604 5.02217 5.03853 5.05506 5.07167 5.08829 5.10483 5.12121 5.13735 5.15316 5.16856 5.18347 5.19781 5.21151 5.2245 5.2367 5.24804 5.25848 5.26796 5.27642 5.28382 5.29013 5.2953 5.29932 5.30216 5.30381 5.30426 5.30351 5.30155 5.29841 5.29409 5.28862 5.28203 5.27435 5.26563 5.2559 5.24523 5.23366 5.22127 5.20812 5.19428 5.17982 5.16483 5.14939 5.13357 5.11746 5.10115 5.08472 5.06825 5.05182 5.03552 5.01942 5.00359 4.98809 4.973 4.95836 4.94423 4.93066 4.91769 4.90535 4.89367 4.88268 4.87239 4.86282 4.85397 4.84586 4.83849 4.83185 4.82595 4.82078 4.81633 4.8126 4.80959 4.8073 4.80571 4.80482 
4.79947 4.80001 4.8013 4.80332 4.80608 4.8096 4.81387 4.81891 4.82471 4.83129 4.83864 4.84677 4.85567 4.86534 4.87578 4.88696 4.89887 4.91148 4.92477 4.9387 4.95324 4.96832 4.98391 4.99993 5.01634 5.03306 5.05001 5.06713 5.08432 5.10151 5.11862 5.13555 5.15223 5.16856 5.18446 5.19985 5.21465 5.22878 5.24217 5.25474 5.26643 5.27719 5.28695 5.29566 5.30328 5.30977 5.3151 5.31924 5.32216 5.32386 5.32432 5.32355 5.32154 5.3183 5.31386 5.30823 5.30144 5.29353 5.28455 5.27453 5.26353 5.2516 5.23883 5.22526 5.21097 5.19605 5.18057 5.16461 5.14826 5.1316 5.11473 5.09773 5.08068 5.06367 5.04678 5.03008 5.01366 4.99759 4.98192 4.96672 4.95205 4.93794 4.92446 4.91162 4.89947 4.88803 4.87731 4.86734 4.85813 4.84967 4.84198 4.83506 4.8289 4.8235 4.81886 4.81497 4.81182 4.80942 4.80775 4.80683 
4.80143 4.80199 4.80332 4.80542 4.8083 4.81195 4.8164 4.82164 4.82767 4.83451 4.84215 4.8506 4.85984 4.86989 4.88072 4.89233 4.90468 4.91777 4.93155 4.94599 4.96104 4.97667 4.9928 5.00938 5.02635 5.04364 5.06116 5.07884 5.09659 5.11434 5.13199 5.14945 5.16664 5.18347 5.19985 5.2157 5.23093 5.24548 5.25925 5.27218 5.2842 5.29526 5.30528 5.31424 5.32207 5.32873 5.33421 5.33845 5.34146 5.3432 5.34368 5.34288 5.34082 5.3375 5.33293 5.32715 5.32018 5.31206 5.30282 5.29252 5.28121 5.26895 5.2558 5.24183 5.22713 5.21176 5.1958 5.17935 5.1625 5.14532 5.1279 5.11035 5.09274 5.07516 5.0577 5.04044 5.02346 5.00682 4.9906 4.97486 4.95965 4.94504 4.93105 4.91774 4.90513 4.89325 4.88212 4.87176 4.86218 4.8534 4.8454 4.8382 4.83179 4.82617 4.82133 4.81728 4.814 4.8115 4.80976 4.80879 
4.80333 4.80391 4.80529 4.80747 4.81045 4.81425 4.81886 4.82429 4.83055 4.83764 4.84556 4.85431 4.8639 4.8743 4.88552 4.89753 4.91032 4.92386 4.93811 4.95304 4.9686 4.98473 5.00139 5.01851 5.03602 5.05385 5.07191 5.09013 5.10842 5.12669 5.14486 5.16283 5.18051 5.19781 5.21465 5.23093 5.24658 5.26151 5.27565 5.28892 5.30125 5.31259 5.32288 5.33205 5.34008 5.34692 5.35252 5.35688 5.35996 5.36175 5.36224 5.36142 5.35931 5.35591 5.35123 5.34531 5.33816 5.32983 5.32036 5.30979 5.29819 5.2856 5.27211 5.25776 5.24266 5.22686 5.21046 5.19354 5.1762 5.15852 5.14059 5.12251 5.10437 5.08625 5.06825 5.05044 5.03292 5.01574 4.99899 4.98273 4.96701 4.9519 4.93743 4.92366 4.9106 4.8983 4.88678 4.87605 4.86612 4.85701 4.84872 4.84125 4.8346 4.82876 4.82374 4.81953 4.81613 4.81353 4.81172 4.81071 
4.80517 4.80577 4.8072 4.80945 4.81254 4.81646 4.82123 4.82685 4.83332 4.84065 4.84885 4.8579 4.8678 4.87855 4.89014 4.90254 4.91575 4.92971 4.94442 4.95981 4.97585 4.99248 5.00964 5.02727 5.04529 5.06363 5.08221 5.10094 5.11974 5.13851 5.15717 5.17562 5.19376 5.21151 5.22878 5.24548 5.26151 5.27681 5.29129 5.30488 5.31751 5.32911 5.33964 5.34903 5.35724 5.36423 5.36997 5.37442 5.37757 5.3794 5.3799 5.37907 5.37691 5.37344 5.36866 5.3626 5.35529 5.34677 5.33707 5.32626 5.31438 5.30149 5.28766 5.27296 5.25748 5.24128 5.22446 5.2071 5.1893 5.17114 5.15273 5.13415 5.1155 5.09687 5.07835 5.06003 5.04198 5.02429 5.00704 4.99028 4.97408 4.95849 4.94357 4.92935 4.91587 4.90317 4.89127 4.88018 4.86992 4.86049 4.85192 4.84419 4.83731 4.83127 4.82607 4.82171 4.81818 4.81549 4.81362 4.81257 
4.80694 4.80756 4.80903 4.81135 4.81454 4.81859 4.82351 4.82931 4.83598 4.84354 4.85199 4.86132 4.87153 4.88261 4.89455 4.90733 4.92092 4.9353 4.95043 4.96626 4.98275 4.99985 5.01749 5.03559 5.0541 5.07293 5.092 5.11121 5.13049 5.14973 5.16885 5.18774 5.20633 5.2245 5.24217 5.25925 5.27565 5.29129 5.30609 5.31997 5.33288 5.34473 5.35548 5.36507 5.37346 5.38059 5.38645 5.391 5.39422 5.39609 5.3966 5.39575 5.39355 5.39 5.38513 5.37894 5.37148 5.36278 5.35288 5.34184 5.3297 5.31652 5.30239 5.28736 5.27152 5.25494 5.23773 5.21995 5.20172 5.18312 5.16425 5.1452 5.12607 5.10696 5.08795 5.06914 5.05061 5.03243 5.0147 4.99747 4.9808 4.96477 4.94941 4.93478 4.9209 4.90782 4.89555 4.88412 4.87354 4.86382 4.85498 4.847 4.8399 4.83367 4.8283 4.8238 4.82016 4.81737 4.81543 4.81435 
4.80862 4.80926 4.81077 4.81316 4.81644 4.82061 4.82567 4.83164 4.83851 4.84629 4.85497 4.86457 4.87507 4.88646 4.89873 4.91185 4.92581 4.94058 4.95611 4.97236 4.98927 5.00681 5.02489 5.04345 5.06241 5.08169 5.10121 5.12088 5.1406 5.16028 5.17983 5.19915 5.21813 5.2367 5.25474 5.27218 5.28892 5.30488 5.31997 5.33414 5.34729 5.35938 5.37034 5.38011 5.38866 5.39593 5.4019 5.40653 5.40981 5.41172 5.41224 5.41138 5.40914 5.40553 5.40056 5.39426 5.38666 5.3778 5.36771 5.35644 5.34406 5.33063 5.31621 5.30087 5.2847 5.26778 5.25019 5.23204 5.2134 5.19438 5.17508 5.1556 5.13602 5.11646 5.09699 5.07772 5.05873 5.04011 5.02192 5.00425 4.98715 4.9707 4.95493 4.9399 4.92565 4.91221 4.8996 4.88785 4.87697 4.86698 4.85788 4.84967 4.84236 4.83594 4.83042 4.82578 4.82203 4.81916 4.81716 4.81604 
4.81021 4.81086 4.81241 4.81486 4.81823 4.82251 4.8277 4.83383 4.84088 4.84886 4.85777 4.86762 4.87838 4.89006 4.90264 4.91609 4.93039 4.94552 4.96142 4.97805 4.99537 5.01331 5.0318 5.05077 5.07016 5.08986 5.1098 5.12989 5.15002 5.17011 5.19006 5.20976 5.22912 5.24804 5.26643 5.2842 5.30125 5.31751 5.33288 5.34729 5.36068 5.37298 5.38413 5.39407 5.40276 5.41016 5.41623 5.42095 5.42428 5.42622 5.42676 5.42588 5.42361 5.41994 5.41489 5.40848 5.40075 5.39174 5.38147 5.37001 5.35742 5.34374 5.32905 5.31343 5.29696 5.27972 5.26179 5.24328 5.22427 5.20487 5.18518 5.16528 5.1453 5.12531 5.10543 5.08573 5.06632 5.04727 5.02867 5.01059 4.99309 4.97624 4.9601 4.9447 4.9301 4.91632 4.90339 4.89135 4.88019 4.86994 4.8606 4.85217 4.84467 4.83808 4.83241 4.82764 4.82379 4.82084 4.81879 4.81764 
4.81168 4.81235 4.81393 4.81645 4.81989 4.82427 4.82959 4.83586 4.84308 4.85125 4.86037 4.87044 4.88145 4.8934 4.90626 4.92001 4.93463 4.95008 4.96633 4.98332 5.001 5.01931 5.03818 5.05754 5.0773 5.0974 5.11772 5.13819 5.1587 5.17916 5.19947 5.21953 5.23923 5.25848 5.27719 5.29526 5.31259 5.32911 5.34473 5.35938 5.37298 5.38547 5.39679 5.40689 5.41572 5.42323 5.42939 5.43417 5.43756 5.43953 5.44008 5.43919 5.43688 5.43316 5.42804 5.42154 5.41369 5.40454 5.39412 5.38248 5.36968 5.35578 5.34086 5.32498 5.30823 5.2907 5.27246 5.25362 5.23428 5.21453 5.19447 5.17421 5.15384 5.13348 5.1132 5.09312 5.07332 5.05388 5.0349 5.01644 4.99857 4.98136 4.96487 4.94914 4.93421 4.92012 4.90691 4.89458 4.88317 4.87268 4.86312 4.8545 4.84681 4.84007 4.83426 4.82938 4.82543 4.8224 4.8203 4.81912 
4.81304 4.81371 4.81533 4.8179 4.82142 4.82589 4.83133 4.83773 4.8451 4.85344 4.86275 4.87303 4.88426 4.89645 4.90956 4.92359 4.9385 4.95425 4.9708 4.98811 5.00612 5.02477 5.04399 5.06369 5.08381 5.10425 5.12493 5.14574 5.16659 5.18739 5.20802 5.2284 5.24841 5.26796 5.28695 5.30528 5.32288 5.33964 5.35548 5.37034 5.38413 5.39679 5.40827 5.41851 5.42745 5.43506 5.44131 5.44616 5.44959 5.45159 5.45214 5.45125 5.44891 5.44514 5.43995 5.43337 5.42542 5.41614 5.40558 5.39378 5.3808 5.36671 5.35157 5.33546 5.31846 5.30066 5.28214 5.26301 5.24336 5.2233 5.20291 5.18232 5.16161 5.1409 5.12027 5.09984 5.07969 5.0599 5.04057 5.02177 5.00357 4.98603 4.96922 4.95318 4.93796 4.9236 4.91012 4.89754 4.88589 4.87519 4.86543 4.85662 4.84878 4.84189 4.83595 4.83096 4.82693 4.82384 4.82169 4.82048 
4.81426 4.81495 4.8166 4.81921 4.8228 4.82735 4.83289 4.83941 4.84691 4.85541 4.86489 4.87535 4.88679 4.89919 4.91254 4.92681 4.94197 4.95799 4.97482 4.99242 5.01072 5.02967 5.04919 5.0692 5.08963 5.11038 5.13137 5.15249 5.17365 5.19474 5.21567 5.23632 5.25661 5.27642 5.29566 5.31424 5.33205 5.34903 5.36507 5.38011 5.39407 5.40689 5.41851 5.42886 5.43791 5.44561 5.45193 5.45684 5.46032 5.46234 5.4629 5.462 5.45964 5.45582 5.45058 5.44392 5.43587 5.42649 5.4158 5.40386 5.39072 5.37645 5.36112 5.34481 5.32759 5.30955 5.29079 5.2714 5.25148 5.23113 5.21046 5.18957 5.16856 5.14753 5.1266 5.10585 5.08539 5.06529 5.04565 5.02654 5.00805 4.99022 4.97313 4.95682 4.94133 4.92672 4.913 4.9002 4.88834 4.87744 4.8675 4.85854 4.85054 4.84352 4.83748 4.8324 4.82828 4.82513 4.82294 4.82171 
4.81534 4.81604 4.81772 4.82037 4.82401 4.82864 4.83427 4.84089 4.84852 4.85714 4.86677 4.8774 4.88901 4.9016 4.91515 4.92963 4.94502 4.96127 4.97835 4.99619 5.01476 5.03397 5.05375 5.07404 5.09473 5.11576 5.13701 5.1584 5.17982 5.20118 5.22235 5.24326 5.26378 5.28382 5.30328 5.32207 5.34008 5.35724 5.37346 5.38866 5.40276 5.41572 5.42745 5.43791 5.44705 5.45483 5.46122 5.46618 5.46969 5.47173 5.4723 5.47139 5.46901 5.46516 5.45986 5.45313 5.44501 5.43553 5.42473 5.41267 5.39939 5.38497 5.36948 5.35299 5.33557 5.31734 5.29836 5.27874 5.25859 5.23799 5.21707 5.19592 5.17464 5.15335 5.13214 5.11112 5.09038 5.07002 5.05011 5.03073 5.01198 4.9939 4.97655 4.96001 4.94429 4.92946 4.91553 4.90254 4.8905 4.87943 4.86933 4.86023 4.8521 4.84497 4.83883 4.83366 4.82948 4.82628 4.82405 4.8228 
4.81628 4.81698 4.81868 4.82137 4.82507 4.82976 4.83546 4.84217 4.8499 4.85864 4.86839 4.87916 4.89092 4.90367 4.91739 4.93205 4.94763 4.96408 4.98136 4.99942 5.0182 5.03764 5.05765 5.07816 5.09909 5.12034 5.14183 5.16344 5.18509 5.20666 5.22806 5.24917 5.26989 5.29013 5.30977 5.32873 5.34692 5.36423 5.38059 5.39593 5.41016 5.42323 5.43506 5.44561 5.45483 5.46268 5.46912 5.47412 5.47766 5.47972 5.4803 5.47938 5.47698 5.4731 5.46776 5.46098 5.45279 5.44323 5.43234 5.42017 5.40678 5.39223 5.37659 5.35995 5.34237 5.32396 5.3048 5.285 5.26464 5.24384 5.2227 5.20133 5.17983 5.15831 5.13687 5.11562 5.09465 5.07405 5.05391 5.03431 5.01533 4.99704 4.97949 4.96273 4.94683 4.93181 4.9177 4.90454 4.89235 4.88113 4.87091 4.86168 4.85345 4.84622 4.83999 4.83475 4.83052 4.82727 4.82501 4.82374 
4.81706 4.81777 4.81949 4.82221 4.82594 4.83068 4.83645 4.84323 4.85104 4.85988 4.86973 4.88061 4.8925 4.90538 4.91924 4.93405 4.94979 4.9664 4.98385 5.00208 5.02104 5.04066 5.06085 5.08156 5.10267 5.12411 5.14579 5.16759 5.18942 5.21117 5.23274 5.25402 5.27491 5.2953 5.3151 5.33421 5.35252 5.36997 5.38645 5.4019 5.41623 5.42939 5.44131 5.45193 5.46122 5.46912 5.4756 5.48064 5.4842 5.48628 5.48686 5.48594 5.48352 5.47962 5.47424 5.46741 5.45917 5.44954 5.43857 5.42632 5.41283 5.39818 5.38243 5.36566 5.34795 5.3294 5.31009 5.29013 5.26961 5.24864 5.22732 5.20577 5.18409 5.16238 5.14076 5.11932 5.09816 5.07737 5.05704 5.03726 5.0181 4.99962 4.9819 4.96498 4.94892 4.93374 4.9195 4.9062 4.89388 4.88254 4.87221 4.86288 4.85456 4.84725 4.84095 4.83566 4.83138 4.82809 4.82581 4.82453 
4.81767 4.81839 4.82013 4.82287 4.82663 4.83142 4.83723 4.84407 4.85194 4.86085 4.87079 4.88175 4.89374 4.90672 4.92069 4.93562 4.95147 4.96821 4.98579 5.00416 5.02326 5.04301 5.06335 5.0842 5.10546 5.12705 5.14886 5.17081 5.19278 5.21467 5.23637 5.25779 5.2788 5.29932 5.31924 5.33845 5.35688 5.37442 5.391 5.40653 5.42095 5.43417 5.44616 5.45684 5.46618 5.47412 5.48064 5.4857 5.48928 5.49137 5.49196 5.49103 5.4886 5.48468 5.47927 5.47241 5.46412 5.45444 5.44342 5.4311 5.41754 5.4028 5.38696 5.3701 5.35229 5.33362 5.3142 5.29411 5.27347 5.25237 5.23091 5.20922 5.1874 5.16555 5.14378 5.12219 5.10088 5.07995 5.05948 5.03955 5.02025 5.00164 4.98379 4.96674 4.95055 4.93526 4.9209 4.9075 4.89508 4.88365 4.87323 4.86382 4.85544 4.84807 4.84171 4.83638 4.83206 4.82875 4.82644 4.82515 
4.81813 4.81885 4.82059 4.82335 4.82714 4.83195 4.83779 4.84468 4.85259 4.86155 4.87155 4.88258 4.89462 4.90768 4.92173 4.93673 4.95267 4.9695 4.98717 5.00563 5.02483 5.04468 5.06512 5.08607 5.10743 5.12912 5.15104 5.17309 5.19516 5.21714 5.23895 5.26045 5.28156 5.30216 5.32216 5.34146 5.35996 5.37757 5.39422 5.40981 5.42428 5.43756 5.44959 5.46032 5.46969 5.47766 5.4842 5.48928 5.49288 5.49498 5.49556 5.49464 5.4922 5.48826 5.48284 5.47595 5.46763 5.45791 5.44685 5.43448 5.42086 5.40607 5.39016 5.37323 5.35535 5.33661 5.3171 5.29693 5.27619 5.255 5.23345 5.21166 5.18974 5.16779 5.14592 5.12422 5.10281 5.08178 5.06121 5.04118 5.02178 5.00308 4.98513 4.96799 4.95172 4.93634 4.9219 4.90843 4.89594 4.88444 4.87397 4.86451 4.85607 4.84866 4.84227 4.8369 4.83255 4.82922 4.82691 4.8256 
4.81841 4.81914 4.82088 4.82365 4.82745 4.83228 4.83814 4.84505 4.85299 4.86198 4.87201 4.88307 4.89516 4.90826 4.92234 4.9374 4.95338 4.97026 4.98798 5.0065 5.02575 5.04566 5.06616 5.08716 5.10858 5.13033 5.15231 5.17441 5.19654 5.21858 5.24044 5.262 5.28316 5.30381 5.32386 5.3432 5.36175 5.3794 5.39609 5.41172 5.42622 5.43953 5.45159 5.46234 5.47173 5.47972 5.48628 5.49137 5.49498 5.49708 5.49767 5.49674 5.49429 5.49035 5.48491 5.47801 5.46967 5.45993 5.44884 5.43644 5.42279 5.40796 5.39202 5.37505 5.35712 5.33834 5.31878 5.29856 5.27777 5.25652 5.23492 5.21308 5.1911 5.16909 5.14716 5.12541 5.10394 5.08284 5.06221 5.04213 5.02268 5.00392 4.98592 4.96873 4.9524 4.93698 4.9225 4.90898 4.89645 4.88492 4.87441 4.86492 4.85646 4.84902 4.84261 4.83722 4.83286 4.82952 4.82719 4.82589 
