0.521659 0.522207 0.522721 0.523186 0.523591 0.523931 0.524206 0.524421 0.524584 0.524703 0.524787 0.524845 0.524883 0.524908 0.524924 0.524934 0.52494 0.524943 0.524945 0.524946 0.524946 0.524947 0.524947 0.524947 0.524947 0.524947 0.524947 0.524947 0.524947 0.524947 0.524947 0.524947 0.524947 0.524947 0.524947 0.524947 0.524947 0.524947 0.524947 0.524948 0.524948 0.524948 0.524948 0.524948 0.524948 0.524948 0.524948 0.524949 0.524949 0.524949 0.524949 0.524949 0.524949 0.524949 0.524949 0.524949 0.524949 0.524949 0.524948 0.524948 0.524948 0.524948 0.524948 0.524948 0.524948 0.524948 0.524947 0.524947 0.524947 0.524947 0.524947 0.524947 0.524947 0.524947 0.524947 0.524947 0.524947 0.524947 0.524947 0.524947 0.524947 0.524947 0.524948 0.524949 0.524952 0.524956 0.524965 0.524981 0.525009 0.525054 0.525125 0.52523 0.525382 0.525588 0.525859 0.526199 0.526607 0.527076 0.527594 0.528142 
0.522207 0.522754 0.523268 0.523733 0.524137 0.524477 0.524752 0.524967 0.52513 0.525249 0.525333 0.525391 0.52543 0.525455 0.525471 0.52548 0.525486 0.525489 0.525491 0.525492 0.525493 0.525493 0.525493 0.525493 0.525493 0.525494 0.525494 0.525494 0.525494 0.525494 0.525494 0.525494 0.525494 0.525494 0.525494 0.525494 0.525494 0.525494 0.525494 0.525494 0.525494 0.525494 0.525494 0.525494 0.525494 0.525494 0.525494 0.525494 0.525494 0.525494 0.525494 0.525494 0.525494 0.525494 0.525494 0.525494 0.525494 0.525494 0.525494 0.525494 0.525494 0.525494 0.525494 0.525494 0.525494 0.525494 0.525494 0.525494 0.525494 0.525494 0.525494 0.525494 0.525494 0.525494 0.525494 0.525494 0.525494 0.525494 0.525494 0.525494 0.525494 0.525494 0.525494 0.525496 0.525498 0.525503 0.525512 0.525528 0.525555 0.525601 0.525671 0.525777 0.525928 0.526135 0.526406 0.526746 0.527153 0.527622 0.528139 0.528687 
0.522721 0.523268 0.523782 0.524246 0.524651 0.52499 0.525265 0.52548 0.525643 0.525762 0.525846 0.525904 0.525943 0.525968 0.525984 0.525994 0.525999 0.526003 0.526005 0.526006 0.526006 0.526007 0.526007 0.526007 0.526007 0.526007 0.526007 0.526007 0.526007 0.526007 0.526007 0.526007 0.526007 0.526007 0.526007 0.526007 0.526007 0.526007 0.526007 0.526007 0.526007 0.526007 0.526007 0.526007 0.526007 0.526007 0.526008 0.526008 0.526008 0.526008 0.526008 0.526008 0.526008 0.526008 0.526008 0.526008 0.526008 0.526008 0.526008 0.526007 0.526007 0.526007 0.526007 0.526007 0.526007 0.526007 0.526007 0.526007 0.526007 0.526007 0.526007 0.526007 0.526007 0.526007 0.526007 0.526007 0.526007 0.526007 0.526007 0.526007 0.526007 0.526007 0.526008 0.526009 0.526012 0.526016 0.526025 0.526041 0.526069 0.526114 0.526185 0.526291 0.526442 0.526649 0.52692 0.52726 0.527667 0.528135 0.528652 0.529199 
0.523186 0.523733 0.524246 0.52471 0.525115 0.525454 0.525729 0.525944 0.526107 0.526226 0.52631 0.526368 0.526407 0.526432 0.526448 0.526458 0.526464 0.526467 0.526469 0.52647 0.526471 0.526471 0.526471 0.526471 0.526471 0.526471 0.526471 0.526471 0.526471 0.526471 0.526471 0.526471 0.526471 0.526471 0.526471 0.526471 0.526471 0.526471 0.526471 0.526471 0.526472 0.526472 0.526472 0.526472 0.526472 0.526472 0.526472 0.526472 0.526473 0.526473 0.526473 0.526473 0.526473 0.526473 0.526473 0.526473 0.526472 0.526472 0.526472 0.526472 0.526472 0.526472 0.526472 0.526472 0.526472 0.526471 0.526471 0.526471 0.526471 0.526471 0.526471 0.526471 0.526471 0.526471 0.526471 0.526471 0.526471 0.526471 0.526471 0.526471 0.526471 0.526472 0.526472 0.526473 0.526476 0.526481 0.52649 0.526506 0.526534 0.526579 0.52665 0.526756 0.526907 0.527114 0.527385 0.527724 0.528131 0.528599 0.529116 0.529662 
0.523591 0.524137 0.524651 0.525115 0.525519 0.525858 0.526133 0.526348 0.526511 0.52663 0.526714 0.526773 0.526811 0.526837 0.526852 0.526862 0.526868 0.526871 0.526873 0.526874 0.526875 0.526875 0.526875 0.526876 0.526876 0.526876 0.526876 0.526876 0.526876 0.526876 0.526876 0.526876 0.526876 0.526876 0.526876 0.526876 0.526876 0.526876 0.526876 0.526876 0.526877 0.526877 0.526877 0.526878 0.526878 0.526878 0.526878 0.526879 0.526879 0.526879 0.526879 0.526879 0.526879 0.526879 0.526879 0.526879 0.526879 0.526878 0.526878 0.526878 0.526878 0.526877 0.526877 0.526877 0.526876 0.526876 0.526876 0.526876 0.526876 0.526876 0.526876 0.526876 0.526876 0.526876 0.526876 0.526876 0.526876 0.526876 0.526876 0.526876 0.526876 0.526876 0.526877 0.526878 0.52688 0.526885 0.526894 0.52691 0.526938 0.526983 0.527054 0.527161 0.527312 0.527519 0.52779 0.528129 0.528536 0.529004 0.52952 0.530066 
0.523931 0.524477 0.52499 0.525454 0.525858 0.526197 0.526472 0.526687 0.52685 0.526969 0.527054 0.527112 0.527151 0.527176 0.527192 0.527202 0.527208 0.527211 0.527213 0.527214 0.527215 0.527215 0.527215 0.527215 0.527215 0.527215 0.527215 0.527215 0.527215 0.527215 0.527215 0.527215 0.527215 0.527216 0.527216 0.527216 0.527216 0.527216 0.527217 0.527217 0.527218 0.527219 0.52722 0.52722 0.527221 0.527222 0.527223 0.527224 0.527224 0.527225 0.527225 0.527225 0.527225 0.527225 0.527225 0.527224 0.527223 0.527223 0.527222 0.527221 0.52722 0.527219 0.527219 0.527218 0.527217 0.527217 0.527217 0.527216 0.527216 0.527216 0.527216 0.527216 0.527215 0.527215 0.527215 0.527215 0.527215 0.527215 0.527215 0.527215 0.527215 0.527216 0.527216 0.527217 0.52722 0.527225 0.527234 0.52725 0.527278 0.527323 0.527394 0.527501 0.527652 0.527859 0.52813 0.528469 0.528876 0.529344 0.52986 0.530406 
0.524206 0.524752 0.525265 0.525729 0.526133 0.526472 0.526747 0.526962 0.527125 0.527244 0.527329 0.527387 0.527426 0.527452 0.527467 0.527477 0.527483 0.527486 0.527488 0.527489 0.52749 0.52749 0.527491 0.527491 0.527491 0.527491 0.527491 0.527491 0.527491 0.527491 0.527491 0.527491 0.527491 0.527491 0.527492 0.527492 0.527493 0.527494 0.527495 0.527496 0.527498 0.5275 0.527502 0.527504 0.527506 0.527508 0.52751 0.527512 0.527513 0.527514 0.527515 0.527515 0.527515 0.527515 0.527514 0.527513 0.527511 0.527509 0.527507 0.527505 0.527503 0.527501 0.527499 0.527498 0.527496 0.527495 0.527494 0.527493 0.527492 0.527492 0.527491 0.527491 0.527491 0.527491 0.527491 0.527491 0.527491 0.527491 0.527491 0.527491 0.527491 0.527491 0.527492 0.527493 0.527495 0.5275 0.527509 0.527526 0.527553 0.527599 0.52767 0.527776 0.527928 0.528135 0.528406 0.528745 0.529152 0.52962 0.530136 0.530682 
0.524421 0.524967 0.52548 0.525944 0.526348 0.526687 0.526962 0.527177 0.52734 0.52746 0.527545 0.527603 0.527642 0.527667 0.527683 0.527693 0.527699 0.527702 0.527704 0.527705 0.527706 0.527706 0.527706 0.527706 0.527706 0.527706 0.527706 0.527706 0.527706 0.527707 0.527707 0.527707 0.527708 0.527708 0.527709 0.527711 0.527712 0.527715 0.527718 0.527721 0.527725 0.52773 0.527735 0.52774 0.527745 0.52775 0.527754 0.527758 0.527762 0.527764 0.527765 0.527766 0.527766 0.527764 0.527762 0.527759 0.527755 0.527751 0.527746 0.527741 0.527736 0.527731 0.527727 0.527723 0.527719 0.527716 0.527714 0.527712 0.52771 0.527709 0.527708 0.527708 0.527707 0.527707 0.527707 0.527707 0.527707 0.527706 0.527706 0.527706 0.527707 0.527707 0.527707 0.527709 0.527711 0.527716 0.527725 0.527741 0.527769 0.527815 0.527886 0.527992 0.528144 0.528351 0.528622 0.528962 0.529369 0.529836 0.530352 0.530898 
0.524584 0.52513 0.525643 0.526107 0.526511 0.52685 0.527125 0.52734 0.527503 0.527623 0.527708 0.527766 0.527805 0.52783 0.527846 0.527856 0.527862 0.527865 0.527867 0.527868 0.527869 0.527869 0.52787 0.52787 0.52787 0.52787 0.52787 0.52787 0.52787 0.52787 0.527871 0.527872 0.527873 0.527875 0.527877 0.52788 0.527885 0.527891 0.527898 0.527906 0.527916 0.527927 0.527938 0.52795 0.527962 0.527973 0.527983 0.527991 0.527999 0.528004 0.528007 0.528008 0.528007 0.528004 0.527999 0.527991 0.527983 0.527973 0.527962 0.52795 0.527939 0.527928 0.527917 0.527908 0.5279 0.527893 0.527887 0.527883 0.527879 0.527876 0.527874 0.527873 0.527872 0.527871 0.527871 0.52787 0.52787 0.52787 0.52787 0.52787 0.52787 0.52787 0.527871 0.527872 0.527874 0.527879 0.527888 0.527905 0.527933 0.527978 0.528049 0.528156 0.528308 0.528515 0.528786 0.529126 0.529533 0.53 0.530516 0.531062 
0.524703 0.525249 0.525762 0.526226 0.52663 0.526969 0.527244 0.52746 0.527623 0.527742 0.527827 0.527886 0.527925 0.52795 0.527966 0.527976 0.527982 0.527985 0.527987 0.527988 0.527989 0.527989 0.527989 0.527989 0.527989 0.52799 0.52799 0.52799 0.52799 0.527991 0.527993 0.527995 0.527998 0.528002 0.528008 0.528016 0.528027 0.52804 0.528056 0.528076 0.528097 0.528121 0.528147 0.528173 0.528198 0.528222 0.528244 0.528263 0.528277 0.528288 0.528295 0.528296 0.528294 0.528286 0.528275 0.528259 0.528239 0.528217 0.528193 0.528168 0.528143 0.528119 0.528096 0.528076 0.528058 0.528042 0.52803 0.528019 0.528011 0.528005 0.528 0.527997 0.527994 0.527993 0.527991 0.527991 0.52799 0.52799 0.52799 0.52799 0.52799 0.52799 0.52799 0.527992 0.527994 0.527999 0.528008 0.528024 0.528052 0.528098 0.528169 0.528276 0.528428 0.528635 0.528906 0.529246 0.529653 0.530121 0.530637 0.531183 
0.524787 0.525333 0.525846 0.52631 0.526714 0.527054 0.527329 0.527545 0.527708 0.527827 0.527912 0.527971 0.52801 0.528035 0.528051 0.528061 0.528067 0.52807 0.528072 0.528073 0.528074 0.528074 0.528074 0.528074 0.528075 0.528075 0.528075 0.528076 0.528077 0.528079 0.528083 0.528087 0.528095 0.528105 0.528119 0.528137 0.528161 0.528191 0.528227 0.528269 0.528316 0.528368 0.528422 0.528476 0.528529 0.528579 0.528623 0.528661 0.528691 0.528712 0.528724 0.528727 0.52872 0.528704 0.528679 0.528645 0.528605 0.528558 0.528507 0.528455 0.528402 0.528351 0.528303 0.52826 0.528222 0.528189 0.528162 0.52814 0.528122 0.528109 0.528099 0.528091 0.528086 0.528082 0.528079 0.528077 0.528076 0.528076 0.528075 0.528075 0.528075 0.528075 0.528075 0.528077 0.528079 0.528084 0.528093 0.528109 0.528137 0.528183 0.528254 0.528361 0.528513 0.52872 0.528992 0.529331 0.529738 0.530206 0.530722 0.531268 
0.524845 0.525391 0.525904 0.526368 0.526773 0.527112 0.527387 0.527603 0.527766 0.527886 0.527971 0.528029 0.528068 0.528093 0.528109 0.528119 0.528125 0.528129 0.528131 0.528132 0.528132 0.528133 0.528133 0.528133 0.528134 0.528134 0.528135 0.528137 0.52814 0.528145 0.528153 0.528164 0.528181 0.528204 0.528235 0.528276 0.528328 0.528391 0.528467 0.528554 0.528652 0.528756 0.528865 0.528974 0.52908 0.529178 0.529265 0.529338 0.529396 0.529436 0.529459 0.529462 0.529447 0.529413 0.529362 0.529293 0.529211 0.529117 0.529015 0.52891 0.528804 0.528701 0.528605 0.528517 0.52844 0.528373 0.528317 0.528271 0.528235 0.528207 0.528185 0.528169 0.528158 0.528149 0.528144 0.52814 0.528137 0.528136 0.528134 0.528134 0.528134 0.528134 0.528134 0.528135 0.528138 0.528142 0.528152 0.528168 0.528196 0.528242 0.528313 0.528419 0.528571 0.528779 0.52905 0.52939 0.529797 0.530265 0.530781 0.531328 
0.524883 0.52543 0.525943 0.526407 0.526811 0.527151 0.527426 0.527642 0.527805 0.527925 0.52801 0.528068 0.528107 0.528133 0.528149 0.528158 0.528164 0.528168 0.52817 0.528171 0.528171 0.528172 0.528172 0.528173 0.528174 0.528175 0.528178 0.528183 0.52819 0.528201 0.528219 0.528244 0.52828 0.52833 0.528396 0.528481 0.528588 0.528718 0.52887 0.529044 0.529235 0.52944 0.52965 0.529859 0.53006 0.530245 0.530408 0.530545 0.530651 0.530724 0.530763 0.530767 0.530735 0.530667 0.530566 0.530434 0.530275 0.530095 0.529899 0.529696 0.529492 0.529294 0.529107 0.528937 0.528786 0.528655 0.528545 0.528454 0.528381 0.528324 0.52828 0.528248 0.528224 0.528207 0.528195 0.528187 0.528181 0.528178 0.528176 0.528174 0.528173 0.528173 0.528173 0.528174 0.528177 0.528182 0.528191 0.528207 0.528235 0.528281 0.528352 0.528459 0.528611 0.528818 0.52909 0.529429 0.529837 0.530305 0.530821 0.531367 
0.524908 0.525455 0.525968 0.526432 0.526837 0.527176 0.527452 0.527667 0.52783 0.52795 0.528035 0.528093 0.528133 0.528158 0.528174 0.528184 0.52819 0.528193 0.528195 0.528196 0.528197 0.528198 0.528198 0.5282 0.528202 0.528205 0.528212 0.528222 0.528239 0.528264 0.528302 0.528356 0.528431 0.528533 0.528667 0.528838 0.529049 0.529301 0.529595 0.529925 0.530285 0.530666 0.531054 0.531438 0.531803 0.532137 0.53243 0.532673 0.53286 0.532988 0.533052 0.533053 0.532989 0.532861 0.532673 0.532429 0.532136 0.531804 0.531444 0.53107 0.530693 0.530327 0.529981 0.529663 0.529379 0.529133 0.528923 0.52875 0.52861 0.5285 0.528415 0.52835 0.528303 0.528269 0.528245 0.528228 0.528217 0.52821 0.528205 0.528202 0.5282 0.528199 0.528199 0.5282 0.528202 0.528207 0.528216 0.528233 0.528261 0.528306 0.528378 0.528484 0.528636 0.528844 0.529115 0.529455 0.529862 0.53033 0.530847 0.531393 
0.524924 0.525471 0.525984 0.526448 0.526852 0.527192 0.527467 0.527683 0.527846 0.527966 0.528051 0.528109 0.528149 0.528174 0.52819 0.5282 0.528206 0.528209 0.528211 0.528212 0.528213 0.528214 0.528216 0.528219 0.528224 0.528232 0.528246 0.528269 0.528304 0.528358 0.528436 0.528546 0.528697 0.528898 0.529158 0.529485 0.529882 0.530352 0.530891 0.531492 0.53214 0.532819 0.533505 0.534178 0.534813 0.535391 0.535893 0.536307 0.536623 0.536835 0.536937 0.536929 0.536809 0.536579 0.536245 0.535813 0.535297 0.534712 0.534078 0.533418 0.532752 0.532101 0.531485 0.530916 0.530406 0.529959 0.529577 0.529259 0.529 0.528794 0.528633 0.528512 0.528421 0.528355 0.528308 0.528275 0.528253 0.528238 0.528229 0.528223 0.528219 0.528217 0.528216 0.528217 0.528219 0.528223 0.528232 0.528249 0.528277 0.528322 0.528394 0.5285 0.528652 0.52886 0.529131 0.529471 0.529878 0.530347 0.530863 0.531409 
0.524934 0.52548 0.525994 0.526458 0.526862 0.527202 0.527477 0.527693 0.527856 0.527976 0.528061 0.528119 0.528158 0.528184 0.5282 0.52821 0.528216 0.528219 0.528221 0.528223 0.528224 0.528226 0.52823 0.528236 0.528247 0.528265 0.528295 0.528343 0.528415 0.528523 0.528677 0.528892 0.529182 0.529561 0.530043 0.53064 0.531356 0.532193 0.533142 0.534187 0.535303 0.53646 0.537622 0.53875 0.539808 0.540764 0.541589 0.542265 0.542775 0.543111 0.543267 0.543238 0.543026 0.542632 0.542064 0.541335 0.540465 0.539479 0.538411 0.537294 0.536165 0.535057 0.534003 0.533025 0.532141 0.531363 0.530693 0.530131 0.529669 0.529298 0.529008 0.528784 0.528617 0.528494 0.528406 0.528344 0.528301 0.528273 0.528254 0.528242 0.528234 0.52823 0.528228 0.528227 0.528229 0.528233 0.528242 0.528259 0.528286 0.528332 0.528404 0.52851 0.528662 0.52887 0.529141 0.529481 0.529888 0.530357 0.530873 0.531419 
0.52494 0.525486 0.525999 0.526464 0.526868 0.527208 0.527483 0.527699 0.527862 0.527982 0.528067 0.528125 0.528164 0.52819 0.528206 0.528216 0.528222 0.528225 0.528228 0.52823 0.528232 0.528236 0.528244 0.528257 0.52828 0.528318 0.52838 0.528475 0.528618 0.528826 0.529119 0.529519 0.530049 0.530733 0.53159 0.532634 0.533871 0.535298 0.536896 0.538636 0.540476 0.542365 0.544246 0.546058 0.547745 0.549258 0.550557 0.551613 0.552403 0.552915 0.553141 0.553076 0.552719 0.552074 0.551154 0.549976 0.548573 0.546983 0.545256 0.543446 0.541609 0.5398 0.538067 0.536451 0.534982 0.533677 0.532546 0.531588 0.530795 0.530153 0.529644 0.52925 0.528951 0.52873 0.528569 0.528455 0.528377 0.528323 0.528288 0.528265 0.528251 0.528242 0.528237 0.528235 0.528236 0.52824 0.528249 0.528265 0.528292 0.528338 0.528409 0.528516 0.528668 0.528876 0.529147 0.529487 0.529894 0.530362 0.530879 0.531425 
0.524943 0.525489 0.526003 0.526467 0.526871 0.527211 0.527486 0.527702 0.527865 0.527985 0.52807 0.528129 0.528168 0.528193 0.528209 0.528219 0.528225 0.528229 0.528232 0.528235 0.52824 0.528249 0.528265 0.528292 0.528339 0.528415 0.528535 0.528718 0.528987 0.529372 0.529903 0.530617 0.531549 0.532731 0.534189 0.53594 0.537987 0.540315 0.542893 0.545668 0.548574 0.551528 0.554443 0.557231 0.559808 0.562104 0.564063 0.565644 0.566817 0.567566 0.56788 0.567752 0.567183 0.566177 0.564752 0.562934 0.560767 0.55831 0.555635 0.552821 0.549954 0.547116 0.544382 0.541815 0.539463 0.537359 0.53552 0.533948 0.532634 0.53156 0.530701 0.530028 0.529514 0.529128 0.528846 0.528644 0.528503 0.528407 0.528342 0.5283 0.528273 0.528257 0.528247 0.528243 0.528242 0.528245 0.528253 0.528268 0.528296 0.528342 0.528413 0.528519 0.528671 0.528879 0.529151 0.52949 0.529898 0.530366 0.530882 0.531429 
0.524945 0.525491 0.526005 0.526469 0.526873 0.527213 0.527488 0.527704 0.527867 0.527987 0.528072 0.528131 0.52817 0.528195 0.528211 0.528221 0.528228 0.528232 0.528236 0.528242 0.528252 0.52827 0.528301 0.528355 0.528446 0.528591 0.528816 0.529153 0.529639 0.530321 0.531248 0.53247 0.534039 0.535997 0.538376 0.541191 0.544436 0.54808 0.552065 0.556308 0.560704 0.565132 0.569464 0.573574 0.577347 0.580687 0.583518 0.585787 0.587459 0.588511 0.588929 0.588707 0.587844 0.586346 0.584235 0.581548 0.578345 0.574707 0.570733 0.566537 0.562241 0.557964 0.553816 0.549893 0.546271 0.543003 0.540121 0.537634 0.535535 0.533801 0.532399 0.531291 0.530434 0.529786 0.529306 0.52896 0.528715 0.528546 0.528432 0.528357 0.528309 0.528279 0.528261 0.528251 0.528247 0.528249 0.528256 0.528271 0.528298 0.528344 0.528415 0.528521 0.528673 0.528881 0.529153 0.529492 0.5299 0.530368 0.530884 0.531431 
0.524946 0.525492 0.526006 0.52647 0.526874 0.527214 0.527489 0.527705 0.527868 0.527988 0.528073 0.528132 0.528171 0.528196 0.528212 0.528223 0.52823 0.528235 0.528242 0.528253 0.528272 0.528307 0.528368 0.528471 0.52864 0.528907 0.529311 0.529905 0.530748 0.531909 0.533458 0.535467 0.538002 0.541115 0.54484 0.549183 0.554119 0.55959 0.5655 0.571722 0.578101 0.584465 0.590637 0.596448 0.601745 0.606404 0.610331 0.613458 0.615743 0.617162 0.617698 0.617345 0.616098 0.613968 0.610978 0.607176 0.60264 0.597474 0.591812 0.585806 0.579622 0.573425 0.567374 0.561605 0.556233 0.551342 0.546986 0.543189 0.539951 0.537248 0.53504 0.533275 0.531894 0.530839 0.53005 0.529474 0.529063 0.528776 0.528581 0.528452 0.528368 0.528315 0.528283 0.528264 0.528255 0.528253 0.528259 0.528273 0.5283 0.528345 0.528416 0.528523 0.528675 0.528882 0.529154 0.529493 0.529901 0.530369 0.530885 0.531432 
0.524946 0.525493 0.526006 0.526471 0.526875 0.527215 0.52749 0.527706 0.527869 0.527989 0.528074 0.528132 0.528171 0.528197 0.528213 0.528224 0.528232 0.52824 0.528252 0.528272 0.528309 0.528374 0.528487 0.528676 0.52898 0.529448 0.530147 0.531154 0.532558 0.534455 0.536943 0.540116 0.544052 0.548808 0.55441 0.560844 0.568056 0.575942 0.584357 0.593114 0.601998 0.610777 0.619217 0.627101 0.634238 0.640476 0.645702 0.649839 0.652841 0.654682 0.655345 0.654822 0.653107 0.65021 0.646158 0.641006 0.634847 0.627811 0.620066 0.611808 0.603252 0.594619 0.586122 0.577953 0.570275 0.563216 0.556865 0.55127 0.546445 0.542371 0.539006 0.536285 0.534133 0.532469 0.531213 0.530285 0.529616 0.529146 0.528823 0.528606 0.528464 0.528374 0.528318 0.528285 0.528267 0.52826 0.528263 0.528276 0.528302 0.528346 0.528417 0.528523 0.528675 0.528883 0.529154 0.529494 0.529901 0.53037 0.530886 0.531432 
0.524947 0.525493 0.526007 0.526471 0.526875 0.527215 0.52749 0.527706 0.527869 0.527989 0.528074 0.528133 0.528172 0.528198 0.528214 0.528226 0.528236 0.528249 0.52827 0.528307 0.528374 0.528493 0.528696 0.529027 0.529549 0.530342 0.531502 0.533143 0.535391 0.538375 0.54222 0.547039 0.552917 0.559904 0.568004 0.57717 0.587297 0.598224 0.609737 0.621579 0.633465 0.645096 0.656181 0.666455 0.67569 0.68371 0.690391 0.69565 0.699441 0.70174 0.702533 0.701808 0.69956 0.695792 0.690532 0.683839 0.675818 0.66662 0.656445 0.645532 0.634149 0.622574 0.611085 0.599936 0.589355 0.579524 0.570581 0.562614 0.555663 0.549726 0.544763 0.540702 0.537454 0.534914 0.532974 0.531526 0.530471 0.529722 0.529202 0.52885 0.528618 0.528469 0.528375 0.528319 0.528287 0.528271 0.528269 0.528279 0.528304 0.528347 0.528418 0.528524 0.528676 0.528883 0.529155 0.529494 0.529902 0.53037 0.530886 0.531433 
0.524947 0.525493 0.526007 0.526471 0.526875 0.527215 0.527491 0.527706 0.52787 0.527989 0.528074 0.528133 0.528172 0.528198 0.528216 0.52823 0.528244 0.528265 0.528301 0.528368 0.528487 0.528696 0.529044 0.529603 0.530469 0.531758 0.533612 0.536188 0.539653 0.544171 0.549894 0.556941 0.565393 0.575276 0.586554 0.599122 0.612808 0.627373 0.642525 0.657926 0.673217 0.688033 0.702027 0.714894 0.726379 0.736291 0.7445 0.750928 0.755535 0.758303 0.759221 0.758277 0.755461 0.750771 0.744228 0.735889 0.725863 0.714314 0.701467 0.687598 0.673021 0.658076 0.643103 0.628431 0.614357 0.601135 0.588968 0.577998 0.56831 0.559934 0.552844 0.546973 0.542221 0.538461 0.535555 0.533364 0.53175 0.530592 0.52978 0.529226 0.528856 0.528616 0.528465 0.528372 0.528318 0.528289 0.528279 0.528284 0.528306 0.528349 0.528419 0.528524 0.528676 0.528883 0.529155 0.529495 0.529902 0.53037 0.530886 0.531433 
0.524947 0.525493 0.526007 0.526471 0.526876 0.527215 0.527491 0.527706 0.52787 0.527989 0.528074 0.528133 0.528173 0.5282 0.528219 0.528236 0.528257 0.528292 0.528355 0.528471 0.528676 0.529027 0.529603 0.530513 0.531894 0.533915 0.53677 0.540667 0.545816 0.552414 0.560624 0.570562 0.58228 0.595757 0.610891 0.627497 0.645316 0.664019 0.683222 0.702506 0.72144 0.7396 0.756599 0.772102 0.785841 0.797625 0.80733 0.814891 0.820282 0.823496 0.824528 0.823367 0.819997 0.814406 0.806601 0.796629 0.784592 0.770654 0.755054 0.738089 0.720113 0.701514 0.682696 0.664058 0.645977 0.62879 0.612778 0.59816 0.585085 0.573635 0.563819 0.55559 0.548845 0.543444 0.539223 0.536002 0.533606 0.531866 0.530635 0.529786 0.529215 0.528841 0.528602 0.528454 0.528365 0.528316 0.528294 0.528293 0.528311 0.528351 0.52842 0.528525 0.528676 0.528884 0.529155 0.529495 0.529902 0.53037 0.530887 0.531433 
0.524947 0.525493 0.526007 0.526471 0.526876 0.527215 0.527491 0.527706 0.52787 0.527989 0.528075 0.528134 0.528174 0.528202 0.528224 0.528247 0.52828 0.528339 0.528446 0.52864 0.52898 0.529549 0.530469 0.531894 0.534021 0.537078 0.541321 0.54701 0.554397 0.563696 0.575069 0.588599 0.604284 0.622024 0.641624 0.662798 0.68518 0.70834 0.731804 0.755078 0.77767 0.799115 0.819002 0.836989 0.852814 0.866302 0.877349 0.885916 0.891995 0.895598 0.896728 0.895376 0.891519 0.885128 0.876194 0.864741 0.850849 0.834672 0.816438 0.796451 0.775083 0.752756 0.729924 0.707054 0.684598 0.662984 0.642585 0.623715 0.606613 0.591435 0.578252 0.567056 0.557763 0.550231 0.544273 0.539675 0.536216 0.533678 0.531864 0.5306 0.529741 0.529173 0.528807 0.528577 0.528438 0.528358 0.528318 0.528306 0.528318 0.528355 0.528422 0.528526 0.528677 0.528884 0.529155 0.529495 0.529902 0.53037 0.530887 0.531433 
0.524947 0.525494 0.526007 0.526471 0.526876 0.527215 0.527491 0.527706 0.52787 0.52799 0.528075 0.528134 0.528175 0.528205 0.528232 0.528265 0.528318 0.528415 0.528591 0.528907 0.529448 0.530342 0.531758 0.533915 0.537078 0.541547 0.547639 0.555667 0.56591 0.578582 0.593812 0.611622 0.631918 0.654492 0.679027 0.705114 0.732272 0.759968 0.787648 0.814756 0.840762 0.865186 0.887619 0.907737 0.925305 0.940182 0.952302 0.961658 0.968272 0.972175 0.973384 0.97189 0.967661 0.960654 0.950831 0.938186 0.922766 0.90469 0.884159 0.861459 0.836954 0.811078 0.784314 0.757176 0.730189 0.703866 0.678684 0.655066 0.633363 0.613834 0.596642 0.581846 0.569406 0.559196 0.551021 0.544639 0.539782 0.53618 0.533577 0.531746 0.530489 0.52965 0.529104 0.528758 0.528545 0.52842 0.528353 0.528325 0.528329 0.528361 0.528425 0.528528 0.528678 0.528884 0.529155 0.529495 0.529902 0.53037 0.530887 0.531433 
0.524947 0.525494 0.526007 0.526471 0.526876 0.527215 0.527491 0.527706 0.52787 0.52799 0.528075 0.528135 0.528178 0.528212 0.528246 0.528295 0.52838 0.528535 0.528816 0.529311 0.530147 0.531502 0.533612 0.53677 0.541321 0.547639 0.556105 0.56707 0.58082 0.597538 0.617287 0.639985 0.665414 0.693222 0.72295 0.754052 0.785931 0.817964 0.849531 0.880042 0.908961 0.935822 0.96025 0.981964 1.00078 1.01661 1.02944 1.0393 1.04625 1.05034 1.0516 1.05003 1.04559 1.03821 1.02783 1.0144 0.997918 0.978459 0.956171 0.931294 0.904159 0.875177 0.844832 0.813663 0.782245 0.751168 0.721012 0.692319 0.665571 0.641159 0.619367 0.600354 0.584157 0.570693 0.559778 0.551155 0.544516 0.539538 0.535902 0.533317 0.531526 0.530317 0.529523 0.529015 0.5287 0.528511 0.528405 0.528354 0.528344 0.528369 0.528429 0.52853 0.528679 0.528885 0.529156 0.529495 0.529902 0.53037 0.530887 0.531433 
0.524947 0.525494 0.526007 0.526471 0.526876 0.527215 0.527491 0.527706 0.52787 0.52799 0.528076 0.528137 0.528183 0.528222 0.528269 0.528343 0.528475 0.528718 0.529153 0.529905 0.531154 0.533143 0.536188 0.540667 0.54701 0.555667 0.56707 0.581588 0.599482 0.620869 0.645701 0.673755 0.70465 0.737866 0.772785 0.808726 0.844985 0.880868 0.915722 0.948957 0.980065 1.00863 1.03434 1.05699 1.07646 1.09273 1.10584 1.11587 1.12292 1.12707 1.12837 1.1268 1.12232 1.11485 1.1043 1.09056 1.07359 1.05339 1.03004 1.00371 0.974661 0.943258 0.909946 0.875256 0.839785 0.804178 0.769107 0.735235 0.703185 0.673504 0.646625 0.622847 0.602314 0.585022 0.570827 0.559474 0.550631 0.543925 0.538973 0.535414 0.532923 0.531226 0.5301 0.529372 0.528916 0.528638 0.528478 0.528396 0.528367 0.528382 0.528436 0.528533 0.52868 0.528886 0.529156 0.529495 0.529902 0.53037 0.530887 0.531433 
0.524947 0.525494 0.526007 0.526471 0.526876 0.527215 0.527491 0.527706 0.52787 0.52799 0.528077 0.52814 0.52819 0.528239 0.528304 0.528415 0.528618 0.528987 0.529639 0.530748 0.532558 0.535391 0.539653 0.545816 0.554397 0.56591 0.58082 0.599482 0.622096 0.648667 0.678993 0.712673 0.749131 0.787664 0.827495 0.867815 0.907839 0.946835 0.984154 1.01924 1.05166 1.08108 1.10727 1.13012 1.1496 1.16577 1.17872 1.1886 1.19552 1.1996 1.20089 1.1994 1.19507 1.1878 1.17746 1.16392 1.14706 1.12682 1.10318 1.07624 1.04616 1.0132 0.977752 0.940294 0.901409 0.861769 0.822111 0.78321 0.745832 0.710691 0.678397 0.649419 0.62405 0.602398 0.584394 0.569816 0.558324 0.549508 0.542926 0.538144 0.534762 0.532434 0.530874 0.529857 0.529211 0.528814 0.528581 0.528454 0.5284 0.528399 0.528445 0.528538 0.528683 0.528887 0.529157 0.529495 0.529902 0.530371 0.530887 0.531433 
0.524947 0.525494 0.526007 0.526471 0.526876 0.527215 0.527491 0.527707 0.52787 0.527991 0.528079 0.528145 0.528201 0.528264 0.528358 0.528523 0.528826 0.529372 0.530321 0.531909 0.534455 0.538375 0.544171 0.552414 0.563696 0.578582 0.597538 0.620869 0.648667 0.68078 0.716813 0.756151 0.798009 0.841499 0.885692 0.929682 0.972635 1.01382 1.05263 1.0886 1.12138 1.15076 1.17662 1.19896 1.21784 1.23339 1.24577 1.25518 1.26176 1.26565 1.26692 1.26557 1.26154 1.25472 1.24496 1.23208 1.21591 1.19631 1.17318 1.14649 1.1163 1.08277 1.04615 1.00686 0.965421 0.922485 0.878828 0.835309 0.792827 0.752264 0.714424 0.679972 0.649383 0.622921 0.600628 0.582347 0.567761 0.556439 0.547889 0.541609 0.537121 0.534 0.531888 0.530497 0.529606 0.529052 0.52872 0.528534 0.528444 0.528424 0.528458 0.528545 0.528687 0.528889 0.529157 0.529496 0.529903 0.530371 0.530887 0.531433 
0.524947 0.525494 0.526007 0.526471 0.526876 0.527215 0.527491 0.527707 0.527871 0.527993 0.528083 0.528153 0.528219 0.528302 0.528436 0.528677 0.529119 0.529903 0.531248 0.533458 0.536943 0.54222 0.549894 0.560624 0.575069 0.593812 0.617287 0.645701 0.678993 0.716813 0.758536 0.803316 0.850157 0.897993 0.945775 0.992534 1.03743 1.07977 1.11906 1.15491 1.18714 1.21563 1.24042 1.26161 1.27935 1.29385 1.30533 1.31401 1.32007 1.32367 1.32488 1.32372 1.32011 1.31395 1.30506 1.29323 1.27825 1.25988 1.23796 1.21234 1.18295 1.14982 1.11307 1.07298 1.02998 0.984671 0.93782 0.890334 0.843218 0.797512 0.754215 0.714205 0.678169 0.646561 0.619577 0.597164 0.579059 0.564837 0.553974 0.545905 0.540077 0.535983 0.533184 0.531323 0.53012 0.529363 0.528905 0.528641 0.528505 0.528457 0.528476 0.528554 0.528691 0.528891 0.529159 0.529496 0.529903 0.530371 0.530887 0.531433 
0.524947 0.525494 0.526007 0.526471 0.526876 0.527215 0.527491 0.527707 0.527872 0.527995 0.528087 0.528164 0.528244 0.528356 0.528546 0.528892 0.529519 0.530617 0.53247 0.535467 0.540116 0.547039 0.556941 0.570562 0.588599 0.611622 0.639985 0.673755 0.712673 0.756151 0.803316 0.853087 0.904265 0.955639 1.00608 1.05459 1.10038 1.14285 1.18161 1.21644 1.24728 1.27418 1.29729 1.31681 1.333 1.34613 1.35645 1.36422 1.36964 1.37288 1.37401 1.37305 1.36995 1.36458 1.35675 1.34625 1.3328 1.31614 1.29601 1.27214 1.24435 1.21251 1.17661 1.13676 1.09326 1.04662 0.997535 0.946925 0.895864 0.845521 0.797077 0.751628 0.710095 0.67315 0.64118 0.61428 0.592276 0.574782 0.561264 0.551112 0.543699 0.538438 0.534806 0.532367 0.530775 0.529764 0.529144 0.52878 0.528584 0.528501 0.5285 0.528567 0.528698 0.528895 0.52916 0.529497 0.529903 0.530371 0.530887 0.531433 
0.524947 0.525494 0.526007 0.526471 0.526876 0.527215 0.527491 0.527708 0.527873 0.527998 0.528095 0.528181 0.52828 0.528431 0.528697 0.529182 0.530049 0.531549 0.534039 0.538002 0.544052 0.552917 0.565393 0.58228 0.604284 0.631918 0.665414 0.70465 0.749131 0.798009 0.850157 0.904265 0.958962 1.01293 1.06501 1.11423 1.15989 1.20152 1.23888 1.27191 1.30071 1.32547 1.34645 1.36397 1.37835 1.38989 1.39891 1.40567 1.41038 1.41321 1.41424 1.41349 1.41091 1.40639 1.39973 1.3907 1.37902 1.36436 1.3464 1.3248 1.29924 1.26945 1.23526 1.19661 1.15364 1.10672 1.05644 1.00368 0.949524 0.895241 0.842165 0.791599 0.744699 0.702384 0.665263 0.633615 0.607399 0.586302 0.569809 0.557282 0.548039 0.54141 0.536788 0.533655 0.53159 0.530268 0.529447 0.528958 0.528686 0.528558 0.528532 0.528584 0.528707 0.528899 0.529163 0.529498 0.529904 0.530371 0.530887 0.531433 
0.524947 0.525494 0.526007 0.526471 0.526876 0.527216 0.527491 0.527708 0.527875 0.528002 0.528105 0.528204 0.52833 0.528533 0.528898 0.529561 0.530733 0.532731 0.535997 0.541115 0.548808 0.559904 0.575276 0.595757 0.622024 0.654492 0.693222 0.737866 0.787664 0.841499 0.897993 0.955639 1.01293 1.0685 1.1212 1.17014 1.21475 1.25471 1.28997 1.32061 1.3469 1.36916 1.38776 1.40309 1.41553 1.42542 1.43309 1.43881 1.44279 1.44519 1.4461 1.44555 1.44349 1.4398 1.43432 1.4268 1.41695 1.40443 1.38885 1.36982 1.34691 1.31973 1.28793 1.2513 1.20979 1.16358 1.11315 1.05925 1.00296 0.945577 0.888548 0.83336 0.781401 0.733842 0.691541 0.654996 0.624336 0.599362 0.57961 0.56444 0.553126 0.544929 0.539158 0.53521 0.532584 0.530887 0.529823 0.529181 0.528815 0.528631 0.528571 0.528605 0.528718 0.528905 0.529166 0.5295 0.529905 0.530372 0.530887 0.531433 
0.524947 0.525494 0.526007 0.526471 0.526876 0.527216 0.527492 0.527709 0.527877 0.528008 0.528119 0.528235 0.528396 0.528667 0.529158 0.530043 0.53159 0.534189 0.538376 0.54484 0.55441 0.568004 0.586554 0.610891 0.641624 0.679027 0.72295 0.772785 0.827495 0.885692 0.945775 1.00608 1.06501 1.1212 1.17356 1.22135 1.26414 1.30179 1.33443 1.36231 1.38582 1.40541 1.42154 1.43465 1.44515 1.45342 1.45978 1.46449 1.46776 1.46975 1.47054 1.47015 1.46856 1.46565 1.46127 1.45519 1.44713 1.43673 1.42358 1.40724 1.38719 1.36295 1.33403 1.30003 1.26074 1.21613 1.1665 1.11248 1.05504 0.995459 0.93527 0.876096 0.819534 0.767005 0.719631 0.678157 0.642919 0.613865 0.590619 0.572569 0.558964 0.549008 0.541932 0.537046 0.533767 0.531629 0.530277 0.529452 0.528973 0.52872 0.528621 0.528632 0.528732 0.528912 0.529169 0.529502 0.529905 0.530372 0.530887 0.531433 
0.524947 0.525494 0.526007 0.526471 0.526876 0.527216 0.527492 0.527711 0.52788 0.528016 0.528137 0.528276 0.528481 0.528838 0.529485 0.53064 0.532634 0.53594 0.541191 0.549183 0.560844 0.57717 0.599122 0.627497 0.662798 0.705114 0.754052 0.808726 0.867815 0.929682 0.992534 1.05459 1.11423 1.17014 1.22135 1.26726 1.30765 1.34255 1.37225 1.39718 1.41784 1.43476 1.44846 1.45944 1.46812 1.47487 1.48002 1.4838 1.48643 1.48803 1.4887 1.48845 1.48726 1.48504 1.48165 1.47687 1.47044 1.46202 1.4512 1.43749 1.42035 1.39918 1.3734 1.34245 1.30593 1.26364 1.21564 1.1624 1.10475 1.04391 0.981412 0.918977 0.858383 0.801285 0.749072 0.702753 0.6629 0.629646 0.602734 0.58161 0.565523 0.553635 0.545107 0.539165 0.535144 0.532501 0.530815 0.529775 0.529162 0.528829 0.528682 0.528665 0.52875 0.528922 0.529174 0.529504 0.529907 0.530372 0.530888 0.531434 
0.524947 0.525494 0.526007 0.526471 0.526876 0.527216 0.527493 0.527712 0.527885 0.528027 0.528161 0.528328 0.528588 0.529049 0.529882 0.531356 0.533871 0.537987 0.544436 0.554119 0.568056 0.587297 0.612808 0.645316 0.68518 0.732272 0.785931 0.844985 0.907839 0.972635 1.03743 1.10038 1.15989 1.21475 1.26414 1.30765 1.34523 1.37713 1.40378 1.42574 1.4436 1.45798 1.46942 1.47845 1.48548 1.49088 1.49495 1.49793 1.49999 1.50125 1.5018 1.50165 1.50079 1.49914 1.49659 1.49294 1.48795 1.4813 1.47259 1.46134 1.44697 1.42884 1.40626 1.37858 1.34519 1.30572 1.26002 1.20834 1.15133 1.0901 1.02614 0.961211 0.897228 0.836057 0.779343 0.728369 0.683964 0.646474 0.615794 0.591457 0.572737 0.558772 0.548662 0.541559 0.536712 0.533501 0.531436 0.530151 0.529384 0.528956 0.528753 0.528705 0.528771 0.528933 0.52918 0.529507 0.529908 0.530373 0.530888 0.531434 
0.524947 0.525494 0.526007 0.526471 0.526876 0.527216 0.527494 0.527715 0.527891 0.52804 0.528191 0.528391 0.528718 0.529301 0.530352 0.532193 0.535298 0.540315 0.54808 0.55959 0.575942 0.598224 0.627373 0.664019 0.70834 0.759968 0.817964 0.880868 0.946835 1.01382 1.07977 1.14285 1.20152 1.25471 1.30179 1.34255 1.37713 1.40595 1.42957 1.44867 1.46392 1.47597 1.48539 1.49269 1.49828 1.50253 1.50569 1.50798 1.50956 1.51053 1.51097 1.5109 1.51029 1.50911 1.50723 1.50451 1.50073 1.4956 1.48874 1.47968 1.46785 1.45258 1.43313 1.40872 1.37864 1.3423 1.29936 1.24985 1.1942 1.13337 1.06873 1.00207 0.935368 0.870679 0.809885 0.754538 0.705737 0.664061 0.629586 0.601959 0.580503 0.56435 0.552557 0.544202 0.538457 0.534622 0.532137 0.530578 0.529637 0.529103 0.528837 0.528751 0.528796 0.528946 0.529186 0.52951 0.52991 0.530374 0.530888 0.531434 
0.524947 0.525494 0.526007 0.526471 0.526876 0.527217 0.527495 0.527718 0.527898 0.528056 0.528227 0.528467 0.52887 0.529595 0.530891 0.533142 0.536896 0.542893 0.552065 0.5655 0.584357 0.609737 0.642525 0.683222 0.731804 0.787648 0.849531 0.915722 0.984154 1.05263 1.11906 1.18161 1.23888 1.28997 1.33443 1.37225 1.40378 1.42957 1.45032 1.46678 1.47967 1.48965 1.49731 1.50314 1.50753 1.51081 1.51322 1.51495 1.51614 1.51687 1.51722 1.51719 1.51678 1.51595 1.51461 1.51263 1.50983 1.50594 1.50064 1.49347 1.48389 1.47121 1.45467 1.43342 1.40664 1.37357 1.33367 1.28675 1.23302 1.17322 1.10861 1.04091 0.972157 0.90453 0.840127 0.780762 0.7278 0.682071 0.643851 0.612923 0.588683 0.570276 0.556726 0.547053 0.540353 0.535848 0.532909 0.531051 0.52992 0.529268 0.52893 0.528803 0.528824 0.528961 0.529194 0.529514 0.529912 0.530375 0.530889 0.531434 
0.524948 0.525494 0.526007 0.526471 0.526876 0.527217 0.527496 0.527721 0.527906 0.528076 0.528269 0.528554 0.529044 0.529925 0.531492 0.534187 0.538636 0.545668 0.556308 0.571722 0.593114 0.621579 0.657926 0.702506 0.755078 0.814756 0.880042 0.948957 1.01924 1.0886 1.15491 1.21644 1.27191 1.32061 1.36231 1.39718 1.42574 1.44867 1.46678 1.48086 1.49167 1.49988 1.50606 1.51066 1.51407 1.51657 1.51839 1.51967 1.52055 1.52109 1.52136 1.52136 1.52109 1.52052 1.51958 1.51817 1.51614 1.51325 1.50922 1.50363 1.49596 1.48556 1.47164 1.45333 1.4297 1.39987 1.36312 1.31903 1.2676 1.20933 1.14533 1.07721 1.00702 0.937024 0.869511 0.80653 0.749711 0.700136 0.658293 0.624122 0.597108 0.576427 0.561087 0.550057 0.542364 0.537157 0.533738 0.531563 0.530228 0.529449 0.529033 0.52886 0.528856 0.528977 0.529203 0.529519 0.529914 0.530376 0.530889 0.531434 
0.524948 0.525494 0.526007 0.526472 0.526877 0.527218 0.527498 0.527725 0.527916 0.528097 0.528316 0.528652 0.529235 0.530285 0.53214 0.535303 0.540476 0.548574 0.560704 0.578101 0.601998 0.633465 0.673217 0.72144 0.77767 0.840762 0.908961 0.980065 1.05166 1.12138 1.18714 1.24728 1.30071 1.3469 1.38582 1.41784 1.4436 1.46392 1.47967 1.49167 1.50071 1.50742 1.51237 1.51599 1.51862 1.52051 1.52186 1.5228 1.52344 1.52383 1.52403 1.52404 1.52387 1.52349 1.52285 1.52187 1.52042 1.51831 1.51528 1.51097 1.50489 1.49643 1.48481 1.46913 1.44842 1.42168 1.38804 1.34687 1.29794 1.24155 1.17859 1.11056 1.03946 0.967639 0.897511 0.831346 0.771023 0.717871 0.672597 0.635305 0.605587 0.582664 0.565541 0.553145 0.544445 0.538521 0.534608 0.532102 0.530554 0.529641 0.529144 0.528922 0.528889 0.528996 0.529212 0.529524 0.529916 0.530377 0.53089 0.531435 
0.524948 0.525494 0.526007 0.526472 0.526877 0.527219 0.5275 0.52773 0.527927 0.528121 0.528368 0.528756 0.52944 0.530666 0.532819 0.53646 0.542365 0.551528 0.565132 0.584465 0.610777 0.645096 0.688033 0.7396 0.799115 0.865186 0.935822 1.00863 1.08108 1.15076 1.21563 1.27418 1.32547 1.36916 1.40541 1.43476 1.45798 1.47597 1.48965 1.49988 1.50742 1.51292 1.51688 1.51971 1.52173 1.52315 1.52414 1.52483 1.52528 1.52557 1.52571 1.52574 1.52563 1.52538 1.52495 1.52428 1.52325 1.52173 1.51947 1.51618 1.51139 1.50454 1.49488 1.48151 1.46341 1.43953 1.40883 1.37053 1.32416 1.26982 1.2082 1.14065 1.0691 0.995927 0.923659 0.85475 0.791308 0.734897 0.686441 0.646212 0.613917 0.588835 0.569976 0.55624 0.546543 0.539904 0.535494 0.532656 0.53089 0.52984 0.529259 0.528987 0.528925 0.529015 0.529223 0.529529 0.529919 0.530379 0.530891 0.531435 
0.524948 0.525494 0.526007 0.526472 0.526877 0.52722 0.527502 0.527735 0.527938 0.528147 0.528422 0.528865 0.52965 0.531054 0.533505 0.537622 0.544246 0.554443 0.569464 0.590637 0.619217 0.656181 0.702027 0.756599 0.819002 0.887619 0.96025 1.03434 1.10727 1.17662 1.24042 1.29729 1.34645 1.38776 1.42154 1.44846 1.46942 1.48539 1.49731 1.50606 1.51237 1.51688 1.52006 1.52228 1.52383 1.52489 1.52562 1.52612 1.52644 1.52665 1.52675 1.52677 1.52671 1.52655 1.52627 1.52581 1.5251 1.524 1.52234 1.51982 1.51606 1.51052 1.50249 1.49108 1.47528 1.45393 1.42594 1.39033 1.34647 1.29423 1.23411 1.1673 1.09566 1.02154 0.94756 0.876338 0.810177 0.750862 0.699519 0.656589 0.621897 0.594784 0.574279 0.559261 0.548603 0.541269 0.536374 0.533208 0.531228 0.530041 0.529376 0.529053 0.528962 0.529035 0.529233 0.529534 0.529922 0.53038 0.530891 0.531435 
0.524948 0.525494 0.526007 0.526472 0.526878 0.52722 0.527504 0.52774 0.52795 0.528173 0.528476 0.528974 0.529859 0.531438 0.534178 0.53875 0.546058 0.557231 0.573574 0.596448 0.627101 0.666455 0.714894 0.772102 0.836989 0.907737 0.981964 1.05699 1.13012 1.19896 1.26161 1.31681 1.36397 1.40309 1.43465 1.45944 1.47845 1.49269 1.50314 1.51066 1.51599 1.51971 1.52228 1.52404 1.52523 1.52603 1.52657 1.52693 1.52716 1.5273 1.52738 1.5274 1.52736 1.52726 1.52707 1.52677 1.52627 1.52549 1.52426 1.52234 1.51938 1.51488 1.50817 1.49841 1.48454 1.46541 1.43982 1.40666 1.36514 1.31493 1.25635 1.19044 1.11895 1.04421 0.968909 0.895779 0.827301 0.765455 0.711556 0.666203 0.629336 0.600364 0.578338 0.562127 0.550568 0.542578 0.537223 0.533743 0.531556 0.530238 0.52949 0.529119 0.528998 0.529054 0.529244 0.52954 0.529924 0.530381 0.530892 0.531436 
0.524948 0.525494 0.526007 0.526472 0.526878 0.527221 0.527506 0.527745 0.527962 0.528198 0.528529 0.52908 0.53006 0.531803 0.534813 0.539808 0.547745 0.559808 0.577347 0.601745 0.634238 0.67569 0.726379 0.785841 0.852814 0.925305 1.00078 1.07646 1.1496 1.21784 1.27935 1.333 1.37835 1.41553 1.44515 1.46812 1.48548 1.49828 1.50753 1.51407 1.51862 1.52173 1.52383 1.52523 1.52616 1.52677 1.52717 1.52743 1.52759 1.52769 1.52775 1.52776 1.52774 1.52768 1.52756 1.52735 1.52701 1.52645 1.52553 1.52406 1.5217 1.51802 1.51238 1.50394 1.49169 1.47443 1.4509 1.41989 1.38047 1.33214 1.27504 1.21008 1.13889 1.06379 0.987493 0.912826 0.842421 0.778426 0.722322 0.674854 0.636068 0.605442 0.582052 0.564763 0.552385 0.543795 0.538015 0.534245 0.531866 0.530424 0.5296 0.529181 0.529033 0.529073 0.529254 0.529545 0.529927 0.530383 0.530893 0.531436 
