0.944128 0.944539 0.944935 0.94531 0.945658 0.945972 0.946251 0.946494 0.946701 0.946874 0.947016 0.94713 0.94722 0.94729 0.947342 0.947382 0.947411 0.947432 0.947447 0.947457 0.947464 0.947469 0.947473 0.947475 0.947477 0.947479 0.947481 0.947483 0.947485 0.947487 0.947491 0.947495 0.947499 0.947505 0.947511 0.947518 0.947526 0.947535 0.947545 0.947555 0.947566 0.947577 0.947588 0.947599 0.947609 0.947618 0.947627 0.947634 0.94764 0.947645 0.947647 0.947648 0.947647 0.947645 0.94764 0.947635 0.947627 0.947619 0.94761 0.9476 0.947589 0.947579 0.947568 0.947558 0.947548 0.947538 0.947529 0.947521 0.947514 0.947508 0.947502 0.947497 0.947493 0.94749 0.947487 0.947485 0.947484 0.947484 0.947484 0.947486 0.947489 0.947495 0.947505 0.94752 0.947542 0.947574 0.947619 0.947681 0.947763 0.94787 0.948006 0.948175 0.94838 0.948623 0.948903 0.94922 0.949569 0.949947 0.950345 0.950755 
0.944539 0.944949 0.945346 0.945721 0.946068 0.946382 0.946661 0.946904 0.947111 0.947284 0.947426 0.94754 0.94763 0.947699 0.947752 0.947792 0.947821 0.947842 0.947856 0.947867 0.947874 0.947879 0.947882 0.947885 0.947886 0.947888 0.947889 0.947891 0.947893 0.947895 0.947898 0.947901 0.947905 0.947909 0.947915 0.947921 0.947928 0.947936 0.947945 0.947954 0.947964 0.947974 0.947984 0.947994 0.948004 0.948013 0.948021 0.948028 0.948033 0.948037 0.94804 0.948041 0.94804 0.948038 0.948034 0.948028 0.948022 0.948014 0.948005 0.947996 0.947986 0.947977 0.947967 0.947957 0.947948 0.94794 0.947932 0.947925 0.947918 0.947913 0.947908 0.947904 0.9479 0.947898 0.947895 0.947894 0.947893 0.947892 0.947893 0.947895 0.947898 0.947905 0.947914 0.947929 0.947952 0.947984 0.948029 0.948091 0.948173 0.94828 0.948416 0.948586 0.94879 0.949033 0.949313 0.94963 0.949979 0.950356 0.950754 0.951165 
0.944935 0.945346 0.945742 0.946117 0.946464 0.946778 0.947057 0.9473 0.947507 0.94768 0.947822 0.947936 0.948026 0.948095 0.948148 0.948188 0.948217 0.948238 0.948252 0.948263 0.94827 0.948275 0.948278 0.948281 0.948282 0.948284 0.948286 0.948287 0.948289 0.948292 0.948295 0.948298 0.948303 0.948308 0.948315 0.948322 0.948331 0.948341 0.948351 0.948363 0.948375 0.948387 0.948399 0.948412 0.948423 0.948434 0.948444 0.948453 0.948459 0.948464 0.948468 0.948469 0.948468 0.948465 0.94846 0.948453 0.948445 0.948435 0.948424 0.948413 0.948401 0.948389 0.948377 0.948365 0.948354 0.948344 0.948334 0.948326 0.948318 0.948312 0.948306 0.948301 0.948298 0.948294 0.948292 0.94829 0.948289 0.948289 0.948289 0.948291 0.948295 0.948301 0.948311 0.948326 0.948348 0.94838 0.948425 0.948487 0.948569 0.948676 0.948813 0.948982 0.949187 0.949429 0.949709 0.950026 0.950375 0.950752 0.95115 0.95156 
0.94531 0.945721 0.946117 0.946492 0.946838 0.947153 0.947432 0.947675 0.947882 0.948055 0.948196 0.94831 0.9484 0.94847 0.948523 0.948562 0.948591 0.948612 0.948627 0.948637 0.948645 0.94865 0.948653 0.948656 0.948658 0.94866 0.948662 0.948664 0.948667 0.94867 0.948675 0.94868 0.948687 0.948696 0.948706 0.948717 0.94873 0.948745 0.948761 0.948778 0.948796 0.948815 0.948834 0.948852 0.94887 0.948886 0.948901 0.948913 0.948923 0.948931 0.948935 0.948936 0.948934 0.94893 0.948922 0.948911 0.948899 0.948884 0.948868 0.94885 0.948832 0.948814 0.948796 0.948779 0.948762 0.948747 0.948733 0.94872 0.948709 0.948699 0.948691 0.948684 0.948678 0.948674 0.94867 0.948667 0.948665 0.948664 0.948665 0.948666 0.94867 0.948676 0.948685 0.9487 0.948723 0.948755 0.9488 0.948862 0.948944 0.949051 0.949188 0.949357 0.949561 0.949804 0.950084 0.9504 0.95075 0.951127 0.951524 0.951934 
0.945658 0.946068 0.946464 0.946838 0.947185 0.947499 0.947778 0.948021 0.948228 0.948401 0.948543 0.948657 0.948747 0.948817 0.948869 0.948909 0.948938 0.948959 0.948974 0.948984 0.948992 0.948997 0.949001 0.949004 0.949006 0.949009 0.949012 0.949016 0.949021 0.949027 0.949034 0.949044 0.949056 0.94907 0.949086 0.949106 0.949128 0.949152 0.949179 0.949208 0.949238 0.949268 0.949299 0.949329 0.949358 0.949384 0.949408 0.949428 0.949444 0.949455 0.949462 0.949464 0.94946 0.949452 0.949439 0.949422 0.949401 0.949376 0.949349 0.949321 0.949291 0.949261 0.949232 0.949203 0.949176 0.949151 0.949127 0.949107 0.949088 0.949073 0.949059 0.949047 0.949038 0.94903 0.949024 0.94902 0.949016 0.949014 0.949014 0.949015 0.949017 0.949023 0.949033 0.949047 0.94907 0.949102 0.949147 0.949209 0.949291 0.949398 0.949534 0.949704 0.949908 0.950151 0.950431 0.950747 0.951096 0.951473 0.951871 0.952281 
0.945972 0.946382 0.946778 0.947153 0.947499 0.947814 0.948093 0.948335 0.948542 0.948715 0.948857 0.948971 0.949061 0.949131 0.949184 0.949223 0.949252 0.949273 0.949288 0.949299 0.949307 0.949312 0.949316 0.94932 0.949324 0.949328 0.949333 0.94934 0.949348 0.949359 0.949373 0.94939 0.94941 0.949435 0.949464 0.949497 0.949535 0.949576 0.949622 0.94967 0.94972 0.949772 0.949823 0.949873 0.949921 0.949964 0.950003 0.950035 0.950061 0.95008 0.95009 0.950092 0.950085 0.950071 0.950049 0.95002 0.949984 0.949943 0.949899 0.949851 0.949801 0.949751 0.949702 0.949654 0.949608 0.949566 0.949527 0.949492 0.949462 0.949435 0.949412 0.949392 0.949376 0.949363 0.949353 0.949345 0.949339 0.949335 0.949332 0.949332 0.949334 0.949339 0.949348 0.949363 0.949385 0.949417 0.949462 0.949523 0.949606 0.949713 0.949849 0.950018 0.950223 0.950465 0.950745 0.951062 0.951411 0.951788 0.952185 0.952595 
0.946251 0.946661 0.947057 0.947432 0.947778 0.948093 0.948372 0.948614 0.948821 0.948994 0.949136 0.94925 0.94934 0.94941 0.949463 0.949503 0.949532 0.949553 0.949568 0.949579 0.949587 0.949593 0.949599 0.949604 0.94961 0.949617 0.949626 0.949637 0.949652 0.949671 0.949695 0.949725 0.94976 0.949803 0.949853 0.949909 0.949973 0.950044 0.95012 0.950201 0.950285 0.95037 0.950454 0.950537 0.950614 0.950685 0.950748 0.950801 0.950842 0.950871 0.950886 0.950889 0.950877 0.950852 0.950815 0.950766 0.950708 0.95064 0.950566 0.950487 0.950405 0.950322 0.95024 0.95016 0.950085 0.950014 0.94995 0.949892 0.94984 0.949795 0.949756 0.949724 0.949697 0.949674 0.949656 0.949642 0.949632 0.949624 0.949619 0.949616 0.949617 0.949621 0.949629 0.949643 0.949665 0.949696 0.949741 0.949803 0.949885 0.949992 0.950129 0.950298 0.950502 0.950745 0.951025 0.951341 0.95169 0.952067 0.952464 0.952874 
0.946494 0.946904 0.9473 0.947675 0.948021 0.948335 0.948614 0.948857 0.949064 0.949237 0.949379 0.949493 0.949583 0.949653 0.949706 0.949746 0.949775 0.949796 0.949812 0.949823 0.949832 0.94984 0.949847 0.949855 0.949864 0.949876 0.949892 0.949912 0.949938 0.949971 0.950013 0.950063 0.950124 0.950196 0.95028 0.950375 0.950481 0.950598 0.950723 0.950856 0.950993 0.951131 0.951268 0.951401 0.951525 0.951639 0.951738 0.951822 0.951887 0.951931 0.951955 0.951957 0.951937 0.951896 0.951834 0.951755 0.951659 0.951549 0.951429 0.9513 0.951167 0.951033 0.950899 0.95077 0.950647 0.950532 0.950426 0.95033 0.950245 0.950171 0.950107 0.950053 0.950007 0.94997 0.94994 0.949916 0.949898 0.949884 0.949874 0.949868 0.949866 0.949868 0.949875 0.949888 0.949909 0.94994 0.949985 0.950046 0.950128 0.950236 0.950372 0.950541 0.950746 0.950988 0.951268 0.951584 0.951933 0.95231 0.952707 0.953117 
0.946701 0.947111 0.947507 0.947882 0.948228 0.948542 0.948821 0.949064 0.949271 0.949444 0.949586 0.9497 0.94979 0.94986 0.949913 0.949953 0.949983 0.950005 0.950021 0.950033 0.950044 0.950054 0.950064 0.950076 0.950092 0.950113 0.950139 0.950174 0.950219 0.950275 0.950345 0.950429 0.950531 0.95065 0.950788 0.950944 0.951117 0.951306 0.951508 0.95172 0.951938 0.952158 0.952375 0.952584 0.952779 0.952957 0.953112 0.953241 0.953341 0.953409 0.953443 0.953444 0.95341 0.953343 0.953245 0.953118 0.952965 0.952791 0.9526 0.952396 0.952185 0.951971 0.951759 0.951552 0.951356 0.951171 0.951002 0.950848 0.950711 0.950591 0.950487 0.950398 0.950324 0.950263 0.950214 0.950174 0.950143 0.95012 0.950102 0.950091 0.950084 0.950083 0.950088 0.950099 0.950119 0.950149 0.950193 0.950254 0.950336 0.950443 0.950579 0.950748 0.950953 0.951195 0.951475 0.951792 0.952141 0.952517 0.952915 0.953324 
0.946874 0.947284 0.94768 0.948055 0.948401 0.948715 0.948994 0.949237 0.949444 0.949617 0.949759 0.949873 0.949963 0.950033 0.950087 0.950127 0.950157 0.95018 0.950197 0.950212 0.950225 0.950238 0.950254 0.950274 0.9503 0.950335 0.95038 0.950439 0.950513 0.950606 0.950721 0.950861 0.951026 0.951219 0.95144 0.951689 0.951965 0.952263 0.952581 0.952914 0.953254 0.953595 0.953931 0.954252 0.954551 0.954822 0.955058 0.955254 0.955403 0.955504 0.955554 0.955551 0.955496 0.955391 0.955237 0.955039 0.954802 0.954532 0.954235 0.953919 0.953592 0.953259 0.952929 0.952607 0.9523 0.952011 0.951745 0.951503 0.951286 0.951096 0.95093 0.950789 0.950671 0.950573 0.950493 0.950428 0.950378 0.950339 0.950309 0.950289 0.950275 0.950269 0.95027 0.950278 0.950296 0.950325 0.950368 0.950429 0.95051 0.950617 0.950753 0.950922 0.951127 0.951369 0.951649 0.951965 0.952314 0.952691 0.953088 0.953498 
0.947016 0.947426 0.947822 0.948196 0.948543 0.948857 0.949136 0.949379 0.949586 0.949759 0.949901 0.950015 0.950106 0.950176 0.95023 0.95027 0.950301 0.950325 0.950345 0.950362 0.95038 0.9504 0.950425 0.950458 0.950501 0.950558 0.950633 0.950729 0.950851 0.951002 0.951188 0.951411 0.951674 0.951979 0.952327 0.952715 0.953143 0.953604 0.954093 0.954601 0.955119 0.955637 0.956143 0.956626 0.957075 0.957479 0.95783 0.958118 0.958338 0.958485 0.958554 0.958545 0.958458 0.958296 0.958061 0.957761 0.957401 0.956992 0.956543 0.956064 0.955566 0.955061 0.954559 0.954069 0.953599 0.953157 0.952748 0.952374 0.95204 0.951744 0.951487 0.951267 0.951081 0.950926 0.950799 0.950697 0.950616 0.950553 0.950505 0.950469 0.950445 0.950431 0.950426 0.95043 0.950445 0.950472 0.950514 0.950573 0.950654 0.95076 0.950896 0.951065 0.951269 0.951511 0.951791 0.952108 0.952457 0.952833 0.95323 0.95364 
0.94713 0.94754 0.947936 0.94831 0.948657 0.948971 0.94925 0.949493 0.9497 0.949873 0.950015 0.95013 0.95022 0.950291 0.950345 0.950387 0.950419 0.950445 0.950468 0.950491 0.950516 0.950547 0.950587 0.95064 0.95071 0.950803 0.950924 0.951079 0.951274 0.951514 0.951807 0.952155 0.952564 0.953035 0.953569 0.954162 0.95481 0.955506 0.95624 0.956999 0.95777 0.958536 0.959282 0.959991 0.960648 0.961238 0.961746 0.962163 0.962479 0.962687 0.962781 0.962762 0.962628 0.962384 0.962035 0.961589 0.961058 0.960452 0.959788 0.959079 0.958342 0.957592 0.956845 0.956114 0.955412 0.954749 0.954134 0.953571 0.953064 0.952615 0.952223 0.951886 0.9516 0.951361 0.951164 0.951005 0.950878 0.950778 0.950702 0.950644 0.950603 0.950576 0.950562 0.95056 0.95057 0.950593 0.950633 0.95069 0.95077 0.950876 0.951011 0.951179 0.951384 0.951626 0.951906 0.952222 0.952571 0.952948 0.953345 0.953755 
0.94722 0.94763 0.948026 0.9484 0.948747 0.949061 0.94934 0.949583 0.94979 0.949963 0.950106 0.95022 0.950311 0.950382 0.950438 0.950481 0.950516 0.950546 0.950574 0.950605 0.950642 0.95069 0.950753 0.950838 0.950951 0.951099 0.951291 0.951534 0.951839 0.952212 0.952662 0.953195 0.953816 0.954527 0.955327 0.956211 0.957172 0.958198 0.959275 0.960382 0.961502 0.96261 0.963685 0.964703 0.965642 0.966481 0.967203 0.967792 0.968234 0.968522 0.968649 0.968612 0.968412 0.968055 0.967549 0.966904 0.966135 0.965261 0.9643 0.963275 0.962207 0.961119 0.960032 0.958966 0.95794 0.956968 0.956062 0.955231 0.95448 0.953812 0.953226 0.95272 0.952289 0.951928 0.951629 0.951386 0.951191 0.951037 0.950917 0.950827 0.950761 0.950715 0.950686 0.950674 0.950676 0.950695 0.95073 0.950786 0.950864 0.950968 0.951103 0.951271 0.951475 0.951717 0.951997 0.952313 0.952662 0.953038 0.953436 0.953845 
0.94729 0.947699 0.948095 0.94847 0.948817 0.949131 0.94941 0.949653 0.94986 0.950033 0.950176 0.950291 0.950382 0.950454 0.950511 0.950557 0.950596 0.950632 0.95067 0.950714 0.95077 0.950844 0.950944 0.951077 0.951254 0.951486 0.951783 0.952158 0.952622 0.953188 0.953866 0.954663 0.955585 0.956634 0.957806 0.959095 0.960487 0.961965 0.963507 0.965087 0.966676 0.968243 0.969756 0.971183 0.972495 0.973663 0.974664 0.975476 0.976083 0.976473 0.976638 0.976575 0.976286 0.975777 0.975059 0.974148 0.973064 0.97183 0.970473 0.969023 0.967511 0.965966 0.96442 0.9629 0.961432 0.960037 0.958732 0.95753 0.95644 0.955466 0.954609 0.953865 0.953228 0.952692 0.952247 0.951883 0.951589 0.951356 0.951174 0.951035 0.950931 0.950857 0.950808 0.95078 0.950771 0.950781 0.950812 0.950863 0.950938 0.951041 0.951175 0.951342 0.951546 0.951787 0.952067 0.952383 0.952732 0.953108 0.953506 0.953916 
0.947342 0.947752 0.948148 0.948523 0.948869 0.949184 0.949463 0.949706 0.949913 0.950087 0.95023 0.950345 0.950438 0.950511 0.950571 0.950621 0.950666 0.950711 0.950763 0.950828 0.950913 0.951027 0.951182 0.951389 0.951661 0.952015 0.952465 0.953029 0.953723 0.954563 0.95556 0.956726 0.958065 0.959577 0.961257 0.963092 0.965064 0.967145 0.969306 0.971509 0.973714 0.975878 0.97796 0.979916 0.981707 0.983297 0.984653 0.985749 0.986563 0.98708 0.987291 0.987191 0.986783 0.986075 0.985082 0.983825 0.98233 0.980629 0.978756 0.976752 0.974658 0.972514 0.970363 0.968241 0.966185 0.964224 0.962383 0.960681 0.959131 0.95774 0.95651 0.955438 0.954517 0.953737 0.953087 0.952551 0.952118 0.951772 0.9515 0.951291 0.951133 0.951018 0.950937 0.950887 0.950862 0.95086 0.950882 0.950928 0.950999 0.951099 0.951231 0.951397 0.9516 0.951841 0.952121 0.952436 0.952785 0.953162 0.953559 0.953969 
0.947382 0.947792 0.948188 0.948562 0.948909 0.949223 0.949503 0.949746 0.949953 0.950127 0.95027 0.950387 0.950481 0.950557 0.950621 0.950677 0.950732 0.950792 0.950866 0.950961 0.95109 0.951265 0.9515 0.951813 0.952224 0.952752 0.953421 0.954252 0.955267 0.956485 0.957922 0.959588 0.96149 0.963623 0.965978 0.968535 0.971264 0.974131 0.977091 0.980094 0.983085 0.986009 0.988809 0.99143 0.993821 0.995936 0.997733 0.999179 1.00025 1.00092 1.00118 1.00103 1.00047 0.99951 0.99817 0.996477 0.994463 0.99217 0.989644 0.986936 0.984099 0.981188 0.978258 0.97536 0.972541 0.969842 0.967298 0.964937 0.962777 0.96083 0.9591 0.957585 0.956278 0.955165 0.954232 0.953461 0.952833 0.952329 0.951931 0.951623 0.951388 0.951214 0.951089 0.951005 0.950956 0.950938 0.950947 0.950984 0.95105 0.951146 0.951275 0.95144 0.951642 0.951882 0.952161 0.952477 0.952825 0.953202 0.953599 0.954009 
0.947411 0.947821 0.948217 0.948591 0.948938 0.949252 0.949532 0.949775 0.949983 0.950157 0.950301 0.950419 0.950516 0.950596 0.950666 0.950732 0.950802 0.950884 0.95099 0.951132 0.951324 0.951586 0.951938 0.952403 0.953008 0.953782 0.954754 0.955952 0.957404 0.959134 0.96116 0.963492 0.966135 0.96908 0.972309 0.975794 0.979492 0.983354 0.987319 0.991322 0.995292 0.999154 1.00284 1.00627 1.00939 1.01214 1.01447 1.01634 1.01771 1.01857 1.01889 1.01867 1.01792 1.01665 1.01488 1.01265 1.01 1.00698 1.00365 1.00007 0.996312 0.992444 0.988539 0.984662 0.980877 0.977239 0.973796 0.970586 0.967635 0.964963 0.962577 0.960477 0.958655 0.957098 0.955785 0.954694 0.953801 0.953082 0.95251 0.952064 0.951722 0.951465 0.951278 0.951148 0.951065 0.951022 0.951014 0.951039 0.951096 0.951186 0.951311 0.951473 0.951674 0.951913 0.952191 0.952507 0.952855 0.953231 0.953629 0.954038 
0.947432 0.947842 0.948238 0.948612 0.948959 0.949273 0.949553 0.949796 0.950005 0.95018 0.950325 0.950445 0.950546 0.950632 0.950711 0.950792 0.950884 0.951 0.951153 0.951361 0.951645 0.95203 0.952546 0.953223 0.954098 0.955208 0.95659 0.958282 0.960317 0.962722 0.965518 0.968714 0.972309 0.976289 0.980624 0.985271 0.990174 0.995265 1.00046 1.00568 1.01084 1.01583 1.02057 1.02497 1.02896 1.03246 1.03541 1.03777 1.03949 1.04056 1.04094 1.04064 1.03966 1.03802 1.03575 1.03288 1.02947 1.02558 1.02128 1.01665 1.01178 1.00675 1.00165 0.996573 0.991595 0.986791 0.982223 0.977943 0.973991 0.970394 0.967166 0.96431 0.96182 0.959679 0.957866 0.956351 0.955105 0.954095 0.953289 0.952656 0.952167 0.951797 0.951524 0.951329 0.951198 0.951121 0.951088 0.951095 0.951141 0.951223 0.951343 0.951501 0.951699 0.951937 0.952214 0.952529 0.952877 0.953253 0.95365 0.95406 
0.947447 0.947856 0.948252 0.948627 0.948974 0.949288 0.949568 0.949812 0.950021 0.950197 0.950345 0.950468 0.950574 0.95067 0.950763 0.950866 0.95099 0.951153 0.951373 0.951675 0.952088 0.952645 0.953385 0.954352 0.95559 0.95715 0.959077 0.961418 0.96421 0.967486 0.971266 0.975555 0.980346 0.985611 0.991309 0.997378 1.00374 1.01031 1.01698 1.02365 1.03019 1.0365 1.04247 1.048 1.05298 1.05734 1.061 1.06392 1.06604 1.06734 1.06779 1.06739 1.06614 1.06408 1.06122 1.05761 1.05332 1.04842 1.04299 1.03714 1.03095 1.02454 1.01803 1.01151 1.0051 0.998879 0.992937 0.987343 0.98215 0.977399 0.973114 0.969302 0.965961 0.963073 0.960613 0.958547 0.956839 0.955447 0.95433 0.953447 0.952761 0.952239 0.951848 0.951566 0.95137 0.951244 0.951178 0.951161 0.951189 0.95126 0.951372 0.951525 0.951719 0.951955 0.952231 0.952545 0.952893 0.953268 0.953665 0.954075 
0.947457 0.947867 0.948263 0.948637 0.948984 0.949299 0.949579 0.949823 0.950033 0.950212 0.950362 0.950491 0.950605 0.950714 0.950828 0.950961 0.951132 0.951361 0.951675 0.952107 0.952696 0.953486 0.954529 0.955881 0.957601 0.959748 0.962382 0.965554 0.969311 0.973684 0.978691 0.984332 0.990586 0.997413 1.00475 1.01251 1.0206 1.0289 1.03729 1.04562 1.05376 1.06157 1.06893 1.07571 1.0818 1.08711 1.09157 1.0951 1.09765 1.0992 1.09972 1.09921 1.09767 1.09512 1.09161 1.08718 1.0819 1.07586 1.06916 1.0619 1.05421 1.04622 1.03807 1.02987 1.02177 1.01387 1.00629 0.999119 0.992426 0.986268 0.980682 0.975687 0.971284 0.967457 0.964178 0.961411 0.95911 0.957224 0.955703 0.954494 0.95355 0.952824 0.952279 0.951878 0.951594 0.951405 0.951291 0.951242 0.951247 0.951301 0.951402 0.951548 0.951738 0.951971 0.952245 0.952557 0.952904 0.953279 0.953676 0.954085 
0.947464 0.947874 0.94827 0.948645 0.948992 0.949307 0.949587 0.949832 0.950044 0.950225 0.95038 0.950516 0.950642 0.95077 0.950913 0.95109 0.951324 0.951645 0.952088 0.952696 0.953521 0.954621 0.956063 0.957918 0.960258 0.963158 0.966687 0.970904 0.975859 0.981582 0.988086 0.995358 1.00336 1.01204 1.02129 1.03103 1.0411 1.05138 1.0617 1.07189 1.08181 1.09128 1.10016 1.10831 1.11561 1.12195 1.12725 1.13143 1.13445 1.13627 1.13686 1.13622 1.13436 1.13129 1.12707 1.12175 1.11539 1.10811 1.1 1.0912 1.08184 1.07208 1.06207 1.05197 1.04193 1.0321 1.02262 1.01359 1.00512 0.997283 0.990134 0.983704 0.978003 0.97302 0.968727 0.965083 0.962035 0.959525 0.957488 0.955861 0.954582 0.953594 0.952845 0.952289 0.951889 0.951614 0.951438 0.951344 0.951318 0.951351 0.951438 0.951573 0.951757 0.951985 0.952256 0.952567 0.952913 0.953288 0.953684 0.954093 
0.947469 0.947879 0.948275 0.94865 0.948997 0.949312 0.949593 0.94984 0.950054 0.950238 0.9504 0.950547 0.95069 0.950844 0.951027 0.951265 0.951586 0.95203 0.952645 0.953486 0.954621 0.956125 0.958081 0.960577 0.963703 0.967545 0.972183 0.977684 0.984095 0.991443 0.999729 1.00892 1.01897 1.02978 1.04123 1.05319 1.0655 1.07797 1.09041 1.10264 1.11448 1.12572 1.13622 1.14582 1.15438 1.16179 1.16797 1.17283 1.17633 1.17842 1.17908 1.1783 1.1761 1.1725 1.16754 1.16128 1.1538 1.1452 1.1356 1.12514 1.11398 1.10229 1.09025 1.07804 1.06584 1.05383 1.04218 1.03103 1.0205 1.01071 1.00172 0.993586 0.986332 0.979954 0.974427 0.969709 0.965741 0.962454 0.959771 0.957617 0.955914 0.954591 0.953581 0.952825 0.952274 0.951887 0.95163 0.951477 0.951409 0.951414 0.95148 0.951603 0.951777 0.952 0.952267 0.952576 0.95292 0.953294 0.953689 0.954098 
0.947473 0.947882 0.948278 0.948653 0.949001 0.949316 0.949599 0.949847 0.950064 0.950254 0.950425 0.950587 0.950753 0.950944 0.951182 0.9515 0.951938 0.952546 0.953385 0.954529 0.956063 0.958081 0.960686 0.963984 0.968082 0.973079 0.979063 0.986104 0.994246 1.00351 1.01387 1.02528 1.03765 1.05086 1.06477 1.07919 1.09392 1.10876 1.12348 1.13786 1.1517 1.16479 1.17696 1.18803 1.19787 1.20636 1.21341 1.21895 1.22291 1.22527 1.226 1.2251 1.22256 1.21842 1.21272 1.20551 1.19688 1.18694 1.17581 1.16364 1.15059 1.13687 1.12266 1.10818 1.09363 1.07923 1.06518 1.05165 1.0388 1.02677 1.01566 1.00555 0.996471 0.988444 0.981447 0.975439 0.970355 0.96612 0.962645 0.959839 0.957608 0.955864 0.954524 0.953515 0.952771 0.95224 0.951878 0.951649 0.951527 0.951493 0.951534 0.951639 0.951801 0.952016 0.952279 0.952584 0.952926 0.953299 0.953694 0.954102 
0.947475 0.947885 0.948281 0.948656 0.949004 0.94932 0.949604 0.949855 0.950076 0.950274 0.950458 0.95064 0.950838 0.951077 0.951389 0.951813 0.952403 0.953223 0.954352 0.955881 0.957918 0.960577 0.963984 0.968264 0.97354 0.979923 0.987506 0.996358 1.00651 1.01797 1.0307 1.0446 1.05956 1.07542 1.09199 1.10904 1.12636 1.14368 1.16075 1.17735 1.19322 1.20816 1.22198 1.2345 1.24559 1.25512 1.26302 1.26919 1.27361 1.27622 1.27702 1.27598 1.27313 1.26847 1.26206 1.25394 1.2442 1.23294 1.22029 1.2064 1.19145 1.17564 1.1592 1.14234 1.12531 1.10836 1.0917 1.07557 1.06015 1.04563 1.03213 1.01976 1.0086 0.998659 0.989942 0.982412 0.976004 0.970633 0.966202 0.962603 0.959726 0.957464 0.955716 0.954389 0.953404 0.952692 0.952195 0.951869 0.951678 0.951596 0.951602 0.951684 0.951831 0.952036 0.952292 0.952593 0.952932 0.953303 0.953697 0.954105 
0.947477 0.947886 0.948282 0.948658 0.949006 0.949324 0.94961 0.949864 0.950092 0.9503 0.950501 0.95071 0.950951 0.951254 0.951661 0.952224 0.953008 0.954098 0.95559 0.957601 0.960258 0.963703 0.968082 0.97354 0.980215 0.988227 0.997671 1.00861 1.02105 1.03499 1.05034 1.06698 1.08475 1.10345 1.12283 1.14265 1.16263 1.18247 1.20192 1.2207 1.23857 1.25529 1.27068 1.28457 1.29682 1.30732 1.31599 1.32275 1.32757 1.33042 1.33127 1.33012 1.32698 1.32187 1.3148 1.30585 1.29508 1.28258 1.26848 1.25294 1.23614 1.21827 1.19959 1.18032 1.16074 1.14112 1.12173 1.10282 1.08463 1.06738 1.05125 1.03637 1.02285 1.01074 1.00005 0.990757 0.982802 0.976097 0.970532 0.965986 0.962332 0.959443 0.957197 0.955482 0.954199 0.953261 0.952597 0.952149 0.95187 0.951726 0.951689 0.951742 0.951869 0.95206 0.952308 0.952603 0.952939 0.953308 0.953701 0.954108 
0.947479 0.947888 0.948284 0.94866 0.949009 0.949328 0.949617 0.949876 0.950113 0.950335 0.950558 0.950803 0.951099 0.951486 0.952015 0.952752 0.953782 0.955208 0.95715 0.959748 0.963158 0.967545 0.973079 0.979923 0.988227 0.998117 1.00968 1.02296 1.03797 1.05463 1.07283 1.09241 1.11316 1.13483 1.15712 1.17975 1.20238 1.22473 1.24647 1.26734 1.28708 1.30546 1.32228 1.3374 1.35068 1.36202 1.37135 1.37861 1.38378 1.38682 1.38773 1.38649 1.38312 1.37761 1.37 1.36032 1.34864 1.33504 1.31965 1.30259 1.28404 1.26423 1.24337 1.22174 1.19962 1.17731 1.1551 1.1333 1.11219 1.09204 1.07306 1.05544 1.03931 1.02478 1.01187 1.00058 0.990851 0.982603 0.975718 0.970061 0.965489 0.961852 0.959009 0.956826 0.95518 0.953968 0.953098 0.952499 0.952112 0.95189 0.951799 0.951814 0.951916 0.952091 0.952327 0.952616 0.952947 0.953313 0.953704 0.95411 
0.947481 0.947889 0.948286 0.948662 0.949012 0.949333 0.949626 0.949892 0.950139 0.95038 0.950633 0.950924 0.951291 0.951783 0.952465 0.953421 0.954754 0.95659 0.959077 0.962382 0.966687 0.972183 0.979063 0.987506 0.997671 1.00968 1.02361 1.03949 1.05728 1.07687 1.09811 1.12078 1.14462 1.1693 1.19452 1.2199 1.24513 1.26984 1.29374 1.31652 1.33794 1.35777 1.37583 1.39198 1.40611 1.41813 1.42799 1.43565 1.44109 1.44429 1.44524 1.44394 1.44039 1.43458 1.42654 1.4163 1.40388 1.38938 1.37287 1.35449 1.33441 1.31281 1.28995 1.26608 1.2415 1.21654 1.19153 1.1668 1.14269 1.1195 1.09751 1.07695 1.05802 1.04083 1.02547 1.01195 1.00023 0.990229 0.981831 0.974893 0.969252 0.964741 0.961194 0.958453 0.956375 0.954832 0.953714 0.952932 0.952411 0.952094 0.951936 0.951905 0.951976 0.952129 0.952352 0.952631 0.952957 0.953319 0.953708 0.954113 
0.947483 0.947891 0.948287 0.948664 0.949016 0.94934 0.949637 0.949912 0.950174 0.950439 0.950729 0.951079 0.951534 0.952158 0.953029 0.954252 0.955952 0.958282 0.961418 0.965554 0.970904 0.977684 0.986104 0.996358 1.00861 1.02296 1.03949 1.05817 1.07894 1.10163 1.12603 1.15186 1.1788 1.20649 1.23454 1.26258 1.29022 1.31711 1.34293 1.36738 1.39022 1.41124 1.43029 1.44724 1.46199 1.47451 1.48474 1.49267 1.49829 1.5016 1.50259 1.50126 1.4976 1.49161 1.48329 1.47265 1.45971 1.44453 1.42716 1.40772 1.38634 1.36322 1.33857 1.31267 1.28581 1.25833 1.2306 1.20298 1.17585 1.14957 1.12447 1.10084 1.07892 1.0589 1.04088 1.02491 1.01098 0.999026 0.988926 0.980532 0.973669 0.96815 0.963786 0.960394 0.957807 0.955873 0.954459 0.953457 0.952776 0.952344 0.952105 0.952017 0.952049 0.952177 0.952382 0.95265 0.952969 0.953327 0.953713 0.954116 
0.947485 0.947893 0.948289 0.948667 0.949021 0.949348 0.949652 0.949938 0.950219 0.950513 0.950851 0.951274 0.951839 0.952622 0.953723 0.955267 0.957404 0.960317 0.96421 0.969311 0.975859 0.984095 0.994246 1.00651 1.02105 1.03797 1.05728 1.07894 1.10281 1.1287 1.15631 1.18531 1.2153 1.24588 1.27662 1.3071 1.33692 1.36572 1.39316 1.41897 1.44293 1.46484 1.48458 1.50206 1.51721 1.53001 1.54044 1.54851 1.55422 1.55758 1.5586 1.55727 1.55359 1.54753 1.53909 1.52825 1.51502 1.4994 1.48146 1.46125 1.4389 1.41455 1.38842 1.36076 1.33186 1.30208 1.27179 1.2414 1.21132 1.18196 1.15372 1.12694 1.10192 1.0789 1.05805 1.03945 1.02312 1.00902 0.997035 0.987016 0.978776 0.972113 0.966815 0.962675 0.959499 0.957108 0.955348 0.954087 0.953215 0.952646 0.952309 0.952154 0.952139 0.952235 0.952419 0.952674 0.952984 0.953336 0.953718 0.954119 
0.947487 0.947895 0.948292 0.94867 0.949027 0.949359 0.949671 0.949971 0.950275 0.950606 0.951002 0.951514 0.952212 0.953188 0.954563 0.956485 0.959134 0.962722 0.967486 0.973684 0.981582 0.991443 1.00351 1.01797 1.03499 1.05463 1.07687 1.10163 1.1287 1.15781 1.18862 1.2207 1.25362 1.28691 1.3201 1.35275 1.38444 1.4148 1.44353 1.47035 1.49508 1.51755 1.53768 1.5554 1.5707 1.58356 1.59401 1.60208 1.60779 1.61115 1.61219 1.6109 1.60726 1.60126 1.59285 1.58202 1.56873 1.55297 1.53474 1.5141 1.4911 1.46588 1.43862 1.40953 1.37891 1.34711 1.31451 1.28154 1.24865 1.21631 1.18496 1.15501 1.12683 1.10072 1.0769 1.05552 1.03663 1.02021 1.00617 0.994359 0.984594 0.976653 0.970304 0.965316 0.961467 0.958552 0.956392 0.95483 0.953736 0.953005 0.952554 0.952317 0.952247 0.952305 0.952464 0.952702 0.953001 0.953347 0.953725 0.954123 
0.947491 0.947898 0.948295 0.948675 0.949034 0.949373 0.949695 0.950013 0.950345 0.950721 0.951188 0.951807 0.952662 0.953866 0.95556 0.957922 0.96116 0.965518 0.971266 0.978691 0.988086 0.999729 1.01387 1.0307 1.05034 1.07283 1.09811 1.12603 1.15631 1.18862 1.22252 1.25755 1.29319 1.32893 1.36427 1.39876 1.43196 1.46352 1.49315 1.52061 1.54574 1.56844 1.58864 1.60632 1.62151 1.63423 1.64453 1.65246 1.65807 1.66138 1.66243 1.6612 1.65769 1.65185 1.64364 1.633 1.61989 1.60425 1.58606 1.56531 1.54204 1.51632 1.48829 1.45816 1.42619 1.3927 1.35809 1.3228 1.28733 1.25216 1.2178 1.18474 1.1534 1.12416 1.09729 1.07301 1.05142 1.03254 1.0163 1.00255 0.991124 0.981776 0.974263 0.968328 0.963723 0.960216 0.9576 0.955694 0.954344 0.953427 0.952842 0.952511 0.952375 0.952389 0.952518 0.952736 0.953023 0.95336 0.953733 0.954128 
0.947495 0.947901 0.948298 0.94868 0.949044 0.94939 0.949725 0.950063 0.950429 0.950861 0.951411 0.952155 0.953195 0.954663 0.956726 0.959588 0.963492 0.968714 0.975555 0.984332 0.995358 1.00892 1.02528 1.0446 1.06698 1.09241 1.12078 1.15186 1.18531 1.2207 1.25755 1.29529 1.33339 1.37128 1.40843 1.44437 1.4787 1.51106 1.5412 1.56892 1.5941 1.61668 1.63665 1.65403 1.66887 1.68125 1.69124 1.69891 1.70434 1.70756 1.7086 1.70746 1.70413 1.69856 1.69068 1.68043 1.66771 1.65246 1.63459 1.61406 1.59086 1.56502 1.53663 1.50585 1.47291 1.43812 1.40186 1.36458 1.32679 1.28902 1.25184 1.21578 1.18134 1.14897 1.11904 1.09179 1.06741 1.04595 1.02738 1.01157 0.998348 0.987476 0.97869 0.971713 0.966271 0.962105 0.958978 0.956683 0.955044 0.953914 0.953176 0.952736 0.952525 0.952487 0.952582 0.952777 0.953048 0.953376 0.953743 0.954135 
0.947499 0.947905 0.948303 0.948687 0.949056 0.94941 0.94976 0.950124 0.950531 0.951026 0.951674 0.952564 0.953816 0.955585 0.958065 0.96149 0.966135 0.972309 0.980346 0.990586 1.00336 1.01897 1.03765 1.05956 1.08475 1.11316 1.14462 1.1788 1.2153 1.25362 1.29319 1.33339 1.37363 1.4133 1.45188 1.48889 1.52394 1.5567 1.58697 1.61458 1.63947 1.66163 1.68109 1.69792 1.71221 1.72408 1.73362 1.74093 1.7461 1.74918 1.7502 1.74918 1.74608 1.74086 1.73343 1.72371 1.71159 1.69694 1.67966 1.65965 1.63686 1.61126 1.58289 1.55187 1.51837 1.48268 1.44515 1.40624 1.36646 1.32638 1.28659 1.24771 1.2103 1.17488 1.14189 1.11167 1.08444 1.06032 1.03932 1.02135 1.00623 0.993727 0.983572 0.975465 0.969109 0.964218 0.960526 0.9578 0.955837 0.954468 0.953557 0.952995 0.952698 0.952601 0.952655 0.952824 0.953078 0.953394 0.953754 0.954142 
0.947505 0.947909 0.948308 0.948696 0.94907 0.949435 0.949803 0.950196 0.95065 0.951219 0.951979 0.953035 0.954527 0.956634 0.959577 0.963623 0.96908 0.976289 0.985611 0.997413 1.01204 1.02978 1.05086 1.07542 1.10345 1.13483 1.1693 1.20649 1.24588 1.28691 1.32893 1.37128 1.4133 1.4544 1.49402 1.53169 1.56706 1.59985 1.62988 1.65705 1.68135 1.70281 1.72152 1.73759 1.75117 1.76238 1.77136 1.77822 1.78307 1.78597 1.78697 1.78607 1.78325 1.77844 1.77156 1.76249 1.75111 1.73726 1.72079 1.70157 1.67949 1.65446 1.62648 1.59559 1.56194 1.52575 1.48736 1.44719 1.40578 1.3637 1.32159 1.28011 1.23991 1.20156 1.16559 1.13241 1.10233 1.07551 1.05203 1.03181 1.0147 1.00049 0.988876 0.979562 0.972224 0.966547 0.962241 0.959043 0.956723 0.95509 0.953987 0.953287 0.952894 0.95273 0.952739 0.952877 0.953112 0.953415 0.953767 0.95415 
0.947511 0.947915 0.948315 0.948706 0.949086 0.949464 0.949853 0.95028 0.950788 0.95144 0.952327 0.953569 0.955327 0.957806 0.961257 0.965978 0.972309 0.980624 0.991309 1.00475 1.02129 1.04123 1.06477 1.09199 1.12283 1.15712 1.19452 1.23454 1.27662 1.3201 1.36427 1.40843 1.45188 1.49402 1.53428 1.57225 1.60757 1.64003 1.6695 1.69594 1.71938 1.73992 1.75769 1.77285 1.78558 1.79602 1.80436 1.81071 1.8152 1.8179 1.81887 1.81809 1.81557 1.81121 1.80494 1.79661 1.78608 1.77317 1.7577 1.73948 1.71836 1.69419 1.66692 1.63652 1.60308 1.56678 1.52791 1.48689 1.44421 1.40048 1.35636 1.31255 1.26976 1.22865 1.18982 1.15377 1.12086 1.09135 1.06535 1.04284 1.02369 1.00769 0.994559 0.983973 0.975592 0.969078 0.964112 0.960404 0.957698 0.955777 0.954463 0.953613 0.953112 0.952875 0.952833 0.952938 0.95315 0.953439 0.953782 0.95416 
0.947518 0.947921 0.948322 0.948717 0.949106 0.949497 0.949909 0.950375 0.950944 0.951689 0.952715 0.954162 0.956211 0.959095 0.963092 0.968535 0.975794 0.985271 0.997378 1.01251 1.03103 1.05319 1.07919 1.10904 1.14265 1.17975 1.2199 1.26258 1.3071 1.35275 1.39876 1.44437 1.48889 1.53169 1.57225 1.61014 1.64509 1.67692 1.70556 1.73102 1.7534 1.77285 1.78954 1.80368 1.81546 1.82508 1.83271 1.83852 1.84262 1.8451 1.84602 1.84537 1.84315 1.83927 1.83364 1.82611 1.8165 1.80463 1.79028 1.77322 1.75325 1.73018 1.70388 1.67427 1.64138 1.60533 1.56636 1.52485 1.48128 1.43624 1.39044 1.34459 1.29947 1.25581 1.21428 1.17546 1.13981 1.10764 1.07913 1.05431 1.03308 1.01526 1.00056 0.988653 0.979182 0.971788 0.966124 0.961873 0.958754 0.956524 0.954983 0.953969 0.953353 0.953035 0.952938 0.953006 0.953193 0.953466 0.953799 0.954171 
0.947526 0.947928 0.948331 0.94873 0.949128 0.949535 0.949973 0.950481 0.951117 0.951965 0.953143 0.95481 0.957172 0.960487 0.965064 0.971264 0.979492 0.990174 1.00374 1.0206 1.0411 1.0655 1.09392 1.12636 1.16263 1.20238 1.24513 1.29022 1.33692 1.38444 1.43196 1.4787 1.52394 1.56706 1.60757 1.64509 1.67938 1.71033 1.73792 1.76223 1.78341 1.80165 1.81717 1.8302 1.84099 1.84975 1.85666 1.8619 1.8656 1.86786 1.86871 1.86819 1.86627 1.86287 1.85788 1.85116 1.84252 1.83174 1.81858 1.80279 1.78411 1.76231 1.73719 1.70862 1.67656 1.64107 1.60233 1.56068 1.51657 1.47058 1.42342 1.37584 1.32866 1.28268 1.23864 1.1972 1.15891 1.12416 1.09318 1.06607 1.04277 1.02311 1.00681 0.993547 0.982952 0.974645 0.968254 0.963436 0.959881 0.957324 0.955543 0.954354 0.953613 0.953208 0.953052 0.953079 0.95324 0.953496 0.953818 0.954183 
0.947535 0.947936 0.948341 0.948745 0.949152 0.949576 0.950044 0.950598 0.951306 0.952263 0.953604 0.955506 0.958198 0.961965 0.967145 0.974131 0.983354 0.995265 1.01031 1.0289 1.05138 1.07797 1.10876 1.14368 1.18247 1.22473 1.26984 1.31711 1.36572 1.4148 1.46352 1.51106 1.5567 1.59985 1.64003 1.67692 1.71033 1.74021 1.76659 1.78963 1.8095 1.82646 1.84077 1.85269 1.86247 1.87036 1.87656 1.88124 1.88454 1.88656 1.88736 1.88695 1.88531 1.88237 1.87801 1.87209 1.86441 1.85473 1.84279 1.82832 1.81101 1.79059 1.7668 1.73946 1.70845 1.67378 1.63556 1.59407 1.54974 1.50313 1.45492 1.40592 1.35696 1.30891 1.26257 1.21871 1.17792 1.14069 1.10733 1.07797 1.05261 1.03111 1.01322 0.998588 0.986853 0.977613 0.970476 0.965071 0.961065 0.958168 0.956134 0.954762 0.95389 0.953393 0.953174 0.953158 0.953291 0.953528 0.953838 0.954196 
0.947545 0.947945 0.948351 0.948761 0.949179 0.949622 0.95012 0.950723 0.951508 0.952581 0.954093 0.95624 0.959275 0.963507 0.969306 0.977091 0.987319 1.00046 1.01698 1.03729 1.0617 1.09041 1.12348 1.16075 1.20192 1.24647 1.29374 1.34293 1.39316 1.44353 1.49315 1.5412 1.58697 1.62988 1.6695 1.70556 1.73792 1.76659 1.79168 1.81337 1.8319 1.84757 1.86067 1.87148 1.88028 1.88732 1.89282 1.89696 1.89987 1.90167 1.9024 1.90209 1.90072 1.89821 1.89445 1.88929 1.88253 1.87393 1.8632 1.85004 1.83413 1.81515 1.79279 1.7668 1.737 1.70334 1.66587 1.62481 1.58054 1.53359 1.48465 1.43451 1.38405 1.33418 1.28579 1.23968 1.19657 1.157 1.12135 1.08983 1.06247 1.03917 1.01969 1.0037 0.990827 0.980649 0.972756 0.966756 0.96229 0.959044 0.95675 0.955188 0.954181 0.953588 0.953303 0.953242 0.953344 0.953562 0.95386 0.95421 
0.947555 0.947954 0.948363 0.948778 0.949208 0.94967 0.950201 0.950856 0.95172 0.952914 0.954601 0.956999 0.960382 0.965087 0.971509 0.980094 0.991322 1.00568 1.02365 1.04562 1.07189 1.10264 1.13786 1.17735 1.2207 1.26734 1.31652 1.36738 1.41897 1.47035 1.52061 1.56892 1.61458 1.65705 1.69594 1.73102 1.76223 1.78963 1.81337 1.83369 1.8509 1.8653 1.87721 1.88696 1.89482 1.90107 1.90591 1.90954 1.91209 1.91367 1.91434 1.91412 1.91298 1.91086 1.90765 1.9032 1.89731 1.88973 1.88016 1.86829 1.85376 1.83621 1.8153 1.79073 1.76225 1.72974 1.69319 1.65277 1.60879 1.56175 1.51233 1.46133 1.40963 1.35821 1.30799 1.25987 1.21461 1.17286 1.13506 1.10147 1.0722 1.04715 1.02613 1.00881 0.994812 0.983704 0.975059 0.968463 0.963535 0.959937 0.95738 0.955626 0.95448 0.953789 0.953436 0.953329 0.9534 0.953598 0.953882 0.954225 
0.947566 0.947964 0.948375 0.948796 0.949238 0.94972 0.950285 0.950993 0.951938 0.953254 0.955119 0.95777 0.961502 0.966676 0.973714 0.983085 0.995292 1.01084 1.03019 1.05376 1.08181 1.11448 1.1517 1.19322 1.23857 1.28708 1.33794 1.39022 1.44293 1.49508 1.54574 1.5941 1.63947 1.68135 1.71938 1.7534 1.78341 1.8095 1.8319 1.8509 1.86681 1.88 1.8908 1.89955 1.90655 1.91206 1.9163 1.91946 1.92168 1.92306 1.92366 1.92351 1.92258 1.92081 1.9181 1.91429 1.90919 1.90255 1.89406 1.8834 1.8702 1.85405 1.83458 1.81143 1.78431 1.75303 1.71752 1.67787 1.63436 1.58745 1.53779 1.48615 1.43348 1.38074 1.32893 1.279 1.23181 1.18805 1.14825 1.11273 1.08164 1.05493 1.03243 1.01383 0.99874 0.986726 0.977346 0.970164 0.964779 0.960832 0.958014 0.956067 0.954782 0.953994 0.953572 0.953418 0.953457 0.953634 0.953906 0.95424 
0.947577 0.947974 0.948387 0.948815 0.949268 0.949772 0.95037 0.951131 0.952158 0.953595 0.955637 0.958536 0.96261 0.968243 0.975878 0.986009 0.999154 1.01583 1.0365 1.06157 1.09128 1.12572 1.16479 1.20816 1.25529 1.30546 1.35777 1.41124 1.46484 1.51755 1.56844 1.61668 1.66163 1.70281 1.73992 1.77285 1.80165 1.82646 1.84757 1.8653 1.88 1.89206 1.90184 1.90968 1.91588 1.92072 1.92442 1.92716 1.92908 1.93028 1.93082 1.93072 1.92997 1.92851 1.92623 1.92299 1.9186 1.91281 1.90532 1.89577 1.8838 1.86897 1.85088 1.82913 1.80336 1.77333 1.73891 1.70013 1.65722 1.6106 1.56087 1.50882 1.45537 1.40155 1.34838 1.29687 1.24795 1.20237 1.16073 1.12343 1.09065 1.06239 1.0385 1.01868 1.00255 0.989664 0.979575 0.971828 0.966 0.961713 0.95864 0.956504 0.955083 0.954197 0.953707 0.953507 0.953515 0.953671 0.953929 0.954256 
0.947588 0.947984 0.948399 0.948834 0.949299 0.949823 0.950454 0.951268 0.952375 0.953931 0.956143 0.959282 0.963685 0.969756 0.97796 0.988809 1.00284 1.02057 1.04247 1.06893 1.10016 1.13622 1.17696 1.22198 1.27068 1.32228 1.37583 1.43029 1.48458 1.53768 1.58864 1.63665 1.68109 1.72152 1.75769 1.78954 1.81717 1.84077 1.86067 1.87721 1.8908 1.90184 1.91069 1.91771 1.92322 1.92747 1.93069 1.93306 1.93472 1.93575 1.93624 1.93618 1.93558 1.93437 1.93247 1.92973 1.92596 1.92092 1.91431 1.90577 1.89492 1.88131 1.86451 1.84407 1.8196 1.79079 1.75747 1.71961 1.67738 1.63114 1.58149 1.52919 1.47517 1.42046 1.36614 1.31327 1.26282 1.21563 1.17234 1.13342 1.09909 1.0694 1.04422 1.02326 1.00616 0.992464 0.981707 0.973423 0.967174 0.962563 0.959245 0.956928 0.955375 0.954395 0.953839 0.953594 0.953572 0.953708 0.953953 0.954271 
0.947599 0.947994 0.948412 0.948852 0.949329 0.949873 0.950537 0.951401 0.952584 0.954252 0.956626 0.959991 0.964703 0.971183 0.979916 0.99143 1.00627 1.02497 1.048 1.07571 1.10831 1.14582 1.18803 1.2345 1.28457 1.3374 1.39198 1.44724 1.50206 1.5554 1.60632 1.65403 1.69792 1.73759 1.77285 1.80368 1.8302 1.85269 1.87148 1.88696 1.89955 1.90968 1.91771 1.92402 1.92892 1.93266 1.93546 1.93752 1.93894 1.93984 1.94027 1.94025 1.93977 1.93878 1.93719 1.93487 1.93163 1.92724 1.9214 1.91375 1.9039 1.89139 1.87575 1.85651 1.83325 1.80561 1.77335 1.73639 1.69486 1.64908 1.59961 1.54719 1.49275 1.43734 1.38207 1.32804 1.27628 1.22767 1.18293 1.14255 1.10684 1.07586 1.0495 1.02752 1.00952 0.995074 0.9837 0.97492 0.968279 0.963365 0.959818 0.957331 0.955653 0.954584 0.953966 0.953677 0.953626 0.953743 0.953975 0.954286 
0.947609 0.948004 0.948423 0.94887 0.949358 0.949921 0.950614 0.951525 0.952779 0.954551 0.957075 0.960648 0.965642 0.972495 0.981707 0.993821 1.00939 1.02896 1.05298 1.0818 1.11561 1.15438 1.19787 1.24559 1.29682 1.35068 1.40611 1.46199 1.51721 1.5707 1.62151 1.66887 1.71221 1.75117 1.78558 1.81546 1.84099 1.86247 1.88028 1.89482 1.90655 1.91588 1.92322 1.92892 1.93329 1.93659 1.93905 1.94084 1.94207 1.94285 1.94323 1.94324 1.94286 1.94204 1.94071 1.93874 1.93595 1.93211 1.92692 1.92004 1.91105 1.8995 1.88489 1.86673 1.84456 1.81797 1.78669 1.7506 1.70975 1.66445 1.61521 1.56277 1.50804 1.45209 1.39604 1.34105 1.28816 1.23834 1.19234 1.15071 1.11378 1.08166 1.05427 1.03136 1.01257 0.997448 0.985518 0.976288 0.969292 0.964103 0.960346 0.957703 0.955911 0.95476 0.954084 0.953756 0.953677 0.953776 0.953997 0.954301 
0.947618 0.948013 0.948434 0.948886 0.949384 0.949964 0.950685 0.951639 0.952957 0.954822 0.957479 0.961238 0.966481 0.973663 0.983297 0.995936 1.01214 1.03246 1.05734 1.08711 1.12195 1.16179 1.20636 1.25512 1.30732 1.36202 1.41813 1.47451 1.53001 1.58356 1.63423 1.68125 1.72408 1.76238 1.79602 1.82508 1.84975 1.87036 1.88732 1.90107 1.91206 1.92072 1.92747 1.93266 1.93659 1.93954 1.94172 1.94328 1.94436 1.94504 1.94538 1.9454 1.94509 1.94442 1.9433 1.94162 1.93919 1.9358 1.93116 1.92492 1.91666 1.90592 1.8922 1.87497 1.85374 1.82808 1.79767 1.76235 1.72214 1.6773 1.62831 1.5759 1.52098 1.46462 1.40796 1.35217 1.29837 1.24754 1.20047 1.15778 1.11981 1.08672 1.05843 1.03473 1.01525 0.999542 0.987126 0.977503 0.970194 0.964761 0.960818 0.958037 0.956143 0.954919 0.954191 0.953827 0.953724 0.953806 0.954016 0.954314 
