5.2518 5.25198 5.25224 5.25258 5.25299 5.25349 5.25406 5.25471 5.25544 5.25625 5.25715 5.25813 5.2592 5.26035 5.26159 5.26292 5.26433 5.26583 5.26742 5.2691 5.27085 5.27269 5.2746 5.27658 5.27862 5.28073 5.28288 5.28508 5.28731 5.28956 5.29183 5.29409 5.29635 5.29859 5.30079 5.30294 5.30503 5.30705 5.30898 5.31081 5.31253 5.31413 5.31559 5.31691 5.31807 5.31908 5.31991 5.32058 5.32106 5.32136 5.32148 5.32141 5.32115 5.32072 5.32011 5.31932 5.31837 5.31725 5.31599 5.31458 5.31304 5.31138 5.30961 5.30774 5.30579 5.30377 5.30169 5.29957 5.29741 5.29524 5.29306 5.29088 5.28873 5.2866 5.28451 5.28247 5.28049 5.27857 5.27672 5.27495 5.27326 5.27166 5.27015 5.26873 5.26741 5.26619 5.26506 5.26403 5.26309 5.26225 5.26151 5.26086 5.26029 5.25982 5.25944 5.25914 5.25892 5.25879 5.25874 5.25876 
5.25198 5.25217 5.25243 5.25276 5.25318 5.25368 5.25425 5.2549 5.25564 5.25646 5.25736 5.25835 5.25942 5.26058 5.26183 5.26316 5.26459 5.2661 5.26771 5.26939 5.27116 5.27301 5.27494 5.27693 5.27899 5.28111 5.28329 5.2855 5.28775 5.29002 5.29231 5.29459 5.29687 5.29912 5.30134 5.30351 5.30562 5.30766 5.3096 5.31145 5.31318 5.3148 5.31627 5.3176 5.31878 5.31979 5.32063 5.3213 5.32179 5.32209 5.32221 5.32214 5.32188 5.32144 5.32082 5.32003 5.31907 5.31794 5.31667 5.31524 5.31369 5.31202 5.31023 5.30835 5.30638 5.30434 5.30224 5.3001 5.29793 5.29574 5.29354 5.29134 5.28917 5.28702 5.28492 5.28286 5.28086 5.27892 5.27706 5.27527 5.27357 5.27196 5.27044 5.26901 5.26767 5.26644 5.2653 5.26426 5.26332 5.26247 5.26172 5.26106 5.2605 5.26002 5.25963 5.25933 5.25911 5.25898 5.25892 5.25895 
5.25224 5.25243 5.25269 5.25303 5.25345 5.25396 5.25454 5.25521 5.25595 5.25679 5.25771 5.25871 5.25981 5.26099 5.26227 5.26363 5.26509 5.26664 5.26827 5.26999 5.2718 5.27369 5.27566 5.2777 5.2798 5.28197 5.28419 5.28645 5.28875 5.29107 5.29341 5.29574 5.29807 5.30037 5.30264 5.30485 5.30701 5.30908 5.31107 5.31296 5.31473 5.31637 5.31788 5.31924 5.32044 5.32147 5.32233 5.32301 5.32351 5.32381 5.32393 5.32386 5.3236 5.32315 5.32252 5.3217 5.32072 5.31957 5.31827 5.31681 5.31523 5.31351 5.31169 5.30977 5.30776 5.30567 5.30353 5.30134 5.29912 5.29688 5.29463 5.29239 5.29016 5.28797 5.28582 5.28371 5.28166 5.27969 5.27778 5.27595 5.27421 5.27256 5.271 5.26954 5.26818 5.26691 5.26574 5.26468 5.26371 5.26284 5.26207 5.2614 5.26082 5.26033 5.25993 5.25961 5.25939 5.25925 5.25919 5.25921 
5.25258 5.25276 5.25303 5.25338 5.25381 5.25433 5.25493 5.25562 5.25639 5.25725 5.2582 5.25924 5.26037 5.26159 5.26291 5.26432 5.26583 5.26743 5.26912 5.2709 5.27277 5.27473 5.27677 5.27888 5.28106 5.2833 5.28559 5.28794 5.29031 5.29271 5.29513 5.29754 5.29995 5.30233 5.30467 5.30696 5.30919 5.31133 5.31339 5.31534 5.31716 5.31886 5.32042 5.32182 5.32306 5.32412 5.32501 5.32571 5.32622 5.32654 5.32666 5.32658 5.32631 5.32584 5.32519 5.32435 5.32333 5.32214 5.32079 5.31929 5.31765 5.31587 5.31399 5.312 5.30992 5.30776 5.30554 5.30328 5.30098 5.29866 5.29633 5.29401 5.29171 5.28944 5.28721 5.28503 5.28291 5.28086 5.27888 5.27699 5.27518 5.27347 5.27185 5.27033 5.26892 5.2676 5.26639 5.26528 5.26428 5.26337 5.26257 5.26186 5.26125 5.26074 5.26032 5.25999 5.25975 5.2596 5.25953 5.25955 
5.25299 5.25318 5.25345 5.25381 5.25426 5.2548 5.25542 5.25613 5.25694 5.25784 5.25883 5.25991 5.26109 5.26238 5.26375 5.26523 5.26681 5.26848 5.27026 5.27212 5.27408 5.27613 5.27826 5.28047 5.28275 5.2851 5.2875 5.28995 5.29244 5.29495 5.29747 5.3 5.30251 5.305 5.30745 5.30984 5.31216 5.31441 5.31655 5.31858 5.32049 5.32226 5.32388 5.32534 5.32663 5.32774 5.32867 5.3294 5.32993 5.33025 5.33038 5.3303 5.33001 5.32952 5.32883 5.32795 5.32689 5.32565 5.32423 5.32266 5.32095 5.3191 5.31712 5.31504 5.31287 5.31061 5.30829 5.30592 5.30352 5.30109 5.29865 5.29623 5.29381 5.29143 5.2891 5.28681 5.28459 5.28244 5.28037 5.27838 5.27648 5.27468 5.27298 5.27139 5.2699 5.26851 5.26724 5.26607 5.26501 5.26405 5.2632 5.26246 5.26181 5.26126 5.26081 5.26046 5.2602 5.26003 5.25996 5.25997 
5.25349 5.25368 5.25396 5.25433 5.2548 5.25536 5.25601 5.25676 5.25761 5.25855 5.2596 5.26074 5.26199 5.26335 5.2648 5.26637 5.26803 5.26981 5.27168 5.27365 5.27573 5.27789 5.28015 5.28248 5.28489 5.28737 5.28991 5.2925 5.29513 5.29778 5.30044 5.30311 5.30576 5.30838 5.31097 5.31349 5.31594 5.3183 5.32056 5.3227 5.32471 5.32657 5.32828 5.32981 5.33117 5.33234 5.33331 5.33407 5.33463 5.33497 5.3351 5.33501 5.3347 5.33419 5.33346 5.33253 5.33141 5.33009 5.3286 5.32695 5.32513 5.32318 5.3211 5.3189 5.3166 5.31422 5.31177 5.30927 5.30673 5.30416 5.30159 5.29902 5.29647 5.29396 5.29148 5.28906 5.28671 5.28443 5.28223 5.28013 5.27812 5.27621 5.2744 5.27271 5.27112 5.26965 5.26829 5.26704 5.26591 5.26489 5.26398 5.26318 5.26248 5.2619 5.26141 5.26103 5.26074 5.26055 5.26046 5.26046 
5.25406 5.25425 5.25454 5.25493 5.25542 5.25601 5.2567 5.2575 5.2584 5.2594 5.26051 5.26173 5.26306 5.2645 5.26606 5.26773 5.2695 5.27139 5.27339 5.2755 5.27771 5.28002 5.28242 5.28491 5.28748 5.29013 5.29283 5.29559 5.29838 5.30121 5.30404 5.30688 5.3097 5.31249 5.31523 5.31791 5.32051 5.32302 5.32542 5.32769 5.32982 5.33179 5.3336 5.33523 5.33667 5.3379 5.33893 5.33974 5.34032 5.34068 5.34081 5.34072 5.34039 5.33984 5.33906 5.33807 5.33688 5.33548 5.33389 5.33213 5.3302 5.32813 5.32591 5.32357 5.32113 5.3186 5.31599 5.31333 5.31062 5.30789 5.30515 5.30241 5.29969 5.29701 5.29437 5.29179 5.28927 5.28684 5.28449 5.28224 5.28009 5.27804 5.27611 5.27429 5.27259 5.27101 5.26955 5.2682 5.26698 5.26588 5.2649 5.26403 5.26328 5.26264 5.26211 5.26169 5.26137 5.26116 5.26105 5.26104 
5.25471 5.2549 5.25521 5.25562 5.25613 5.25676 5.2575 5.25834 5.2593 5.26038 5.26157 5.26288 5.26431 5.26585 5.26752 5.26931 5.27122 5.27325 5.2754 5.27766 5.28003 5.28251 5.28509 5.28777 5.29052 5.29336 5.29626 5.29921 5.30221 5.30523 5.30827 5.3113 5.31432 5.31731 5.32024 5.3231 5.32588 5.32856 5.33112 5.33355 5.33582 5.33793 5.33986 5.34159 5.34312 5.34444 5.34553 5.34639 5.34701 5.34739 5.34752 5.34742 5.34706 5.34647 5.34564 5.34458 5.3433 5.3418 5.34011 5.33822 5.33616 5.33393 5.33156 5.32906 5.32645 5.32374 5.32094 5.31809 5.31519 5.31226 5.30932 5.30639 5.30347 5.30059 5.29776 5.29498 5.29228 5.28966 5.28714 5.28471 5.28239 5.28019 5.2781 5.27614 5.2743 5.27259 5.27101 5.26956 5.26823 5.26703 5.26596 5.26502 5.2642 5.26349 5.26291 5.26244 5.26209 5.26185 5.26172 5.2617 
5.25544 5.25564 5.25595 5.25639 5.25694 5.25761 5.2584 5.2593 5.26034 5.26149 5.26278 5.26419 5.26573 5.2674 5.2692 5.27113 5.27319 5.27538 5.2777 5.28014 5.2827 5.28538 5.28816 5.29104 5.29402 5.29707 5.3002 5.30338 5.3066 5.30986 5.31313 5.31639 5.31964 5.32284 5.32599 5.32907 5.33205 5.33493 5.33767 5.34027 5.34271 5.34497 5.34703 5.34889 5.35053 5.35194 5.3531 5.35402 5.35468 5.35509 5.35523 5.35511 5.35472 5.35408 5.35319 5.35205 5.35067 5.34906 5.34724 5.34521 5.34299 5.3406 5.33805 5.33537 5.33255 5.32964 5.32663 5.32356 5.32044 5.31729 5.31412 5.31095 5.30781 5.3047 5.30164 5.29865 5.29573 5.2929 5.29017 5.28755 5.28504 5.28265 5.28039 5.27826 5.27626 5.2744 5.27268 5.2711 5.26965 5.26835 5.26718 5.26614 5.26524 5.26446 5.26382 5.2633 5.2629 5.26262 5.26247 5.26243 
5.25625 5.25646 5.25679 5.25725 5.25784 5.25855 5.2594 5.26038 5.26149 5.26274 5.26413 5.26566 5.26732 5.26913 5.27108 5.27318 5.27541 5.27779 5.2803 5.28294 5.28572 5.28862 5.29163 5.29475 5.29797 5.30127 5.30465 5.30809 5.31157 5.31509 5.31861 5.32214 5.32564 5.32909 5.33249 5.33581 5.33902 5.34211 5.34507 5.34787 5.35049 5.35292 5.35513 5.35713 5.35889 5.3604 5.36165 5.36263 5.36334 5.36377 5.36391 5.36378 5.36336 5.36267 5.3617 5.36047 5.35898 5.35725 5.35528 5.3531 5.35071 5.34813 5.34538 5.34248 5.33944 5.3363 5.33305 5.32974 5.32636 5.32296 5.31953 5.31611 5.31271 5.30935 5.30604 5.30279 5.29963 5.29656 5.2936 5.29075 5.28802 5.28542 5.28296 5.28064 5.27847 5.27644 5.27456 5.27283 5.27125 5.26982 5.26853 5.26739 5.2664 5.26554 5.26483 5.26425 5.2638 5.26349 5.26331 5.26326 
5.25715 5.25736 5.25771 5.2582 5.25883 5.2596 5.26051 5.26157 5.26278 5.26413 5.26563 5.26729 5.2691 5.27107 5.27319 5.27546 5.27789 5.28047 5.2832 5.28607 5.28908 5.29223 5.2955 5.29888 5.30237 5.30595 5.30961 5.31334 5.31711 5.32092 5.32473 5.32854 5.33232 5.33606 5.33973 5.34331 5.34678 5.35012 5.3533 5.35632 5.35914 5.36176 5.36415 5.36629 5.36819 5.36981 5.37115 5.3722 5.37296 5.37342 5.37357 5.37342 5.37297 5.37222 5.37117 5.36984 5.36823 5.36636 5.36424 5.36187 5.35929 5.3565 5.35353 5.3504 5.34712 5.34371 5.3402 5.33661 5.33297 5.32928 5.32557 5.32186 5.31817 5.31453 5.31093 5.30741 5.30398 5.30064 5.29742 5.29432 5.29135 5.28852 5.28583 5.2833 5.28093 5.27871 5.27666 5.27476 5.27303 5.27145 5.27004 5.26879 5.26769 5.26674 5.26594 5.2653 5.2648 5.26444 5.26423 5.26416 
5.25813 5.25835 5.25871 5.25924 5.25991 5.26074 5.26173 5.26288 5.26419 5.26566 5.26729 5.26909 5.27106 5.2732 5.2755 5.27798 5.28062 5.28343 5.28639 5.28952 5.29279 5.29621 5.29976 5.30344 5.30723 5.31112 5.31509 5.31913 5.32322 5.32734 5.33148 5.3356 5.33969 5.34374 5.3477 5.35157 5.35532 5.35893 5.36237 5.36562 5.36867 5.37149 5.37406 5.37638 5.37841 5.38016 5.3816 5.38274 5.38355 5.38404 5.3842 5.38403 5.38354 5.38272 5.38159 5.38015 5.37841 5.37638 5.37408 5.37153 5.36874 5.36572 5.36251 5.35911 5.35556 5.35188 5.34808 5.34419 5.34024 5.33624 5.33222 5.3282 5.32419 5.32023 5.31633 5.3125 5.30877 5.30514 5.30163 5.29825 5.29501 5.29193 5.289 5.28624 5.28364 5.28121 5.27896 5.27688 5.27498 5.27325 5.2717 5.27031 5.2691 5.26805 5.26717 5.26645 5.26589 5.26549 5.26524 5.26515 
5.2592 5.25942 5.25981 5.26037 5.26109 5.26199 5.26306 5.26431 5.26573 5.26732 5.2691 5.27106 5.2732 5.27553 5.27804 5.28073 5.28361 5.28666 5.28989 5.29329 5.29685 5.30057 5.30443 5.30843 5.31254 5.31677 5.32108 5.32546 5.32989 5.33436 5.33884 5.34331 5.34774 5.35211 5.3564 5.36059 5.36464 5.36853 5.37225 5.37576 5.37905 5.38209 5.38487 5.38736 5.38956 5.39144 5.39299 5.39421 5.39508 5.3956 5.39577 5.39559 5.39505 5.39417 5.39294 5.39138 5.38949 5.3873 5.38482 5.38205 5.37903 5.37577 5.37229 5.36862 5.36478 5.36078 5.35667 5.35246 5.34817 5.34384 5.33948 5.33511 5.33077 5.32647 5.32223 5.31807 5.314 5.31005 5.30623 5.30255 5.29902 5.29566 5.29246 5.28944 5.2866 5.28395 5.28148 5.2792 5.27712 5.27522 5.27351 5.27198 5.27064 5.26948 5.26851 5.2677 5.26708 5.26662 5.26634 5.26623 
5.26035 5.26058 5.26099 5.26159 5.26238 5.26335 5.2645 5.26585 5.2674 5.26913 5.27107 5.2732 5.27553 5.27806 5.28079 5.28373 5.28686 5.29018 5.29369 5.29739 5.30126 5.3053 5.3095 5.31384 5.31831 5.32289 5.32757 5.33232 5.33713 5.34197 5.34682 5.35165 5.35645 5.36118 5.36582 5.37034 5.37472 5.37893 5.38294 5.38673 5.39027 5.39355 5.39655 5.39923 5.4016 5.40362 5.40529 5.4066 5.40754 5.4081 5.40827 5.40807 5.40749 5.40653 5.4052 5.40351 5.40147 5.3991 5.39641 5.39343 5.39016 5.38663 5.38287 5.3789 5.37474 5.37042 5.36597 5.36141 5.35676 5.35206 5.34734 5.3426 5.33789 5.33322 5.32862 5.3241 5.31968 5.31538 5.31122 5.30722 5.30337 5.2997 5.29621 5.29292 5.28981 5.28691 5.28421 5.28172 5.27943 5.27735 5.27547 5.27379 5.27231 5.27103 5.26995 5.26906 5.26836 5.26785 5.26753 5.26739 
5.26159 5.26183 5.26227 5.26291 5.26375 5.2648 5.26606 5.26752 5.2692 5.27108 5.27319 5.2755 5.27804 5.28079 5.28377 5.28696 5.29036 5.29397 5.29779 5.30181 5.30602 5.31041 5.31496 5.31967 5.32452 5.32949 5.33456 5.33971 5.34491 5.35015 5.3554 5.36063 5.36582 5.37093 5.37594 5.38082 5.38555 5.39009 5.39441 5.3985 5.40232 5.40585 5.40908 5.41197 5.41451 5.41669 5.41849 5.41989 5.42089 5.42149 5.42168 5.42145 5.42082 5.41978 5.41834 5.41652 5.41432 5.41176 5.40886 5.40563 5.4021 5.39829 5.39423 5.38994 5.38544 5.38077 5.37595 5.37102 5.366 5.36091 5.35579 5.35066 5.34555 5.34049 5.33549 5.33059 5.32579 5.32112 5.3166 5.31224 5.30806 5.30406 5.30026 5.29666 5.29328 5.29011 5.28716 5.28443 5.28192 5.27964 5.27758 5.27573 5.27411 5.2727 5.27151 5.27052 5.26974 5.26917 5.26881 5.26864 
5.26292 5.26316 5.26363 5.26432 5.26523 5.26637 5.26773 5.26931 5.27113 5.27318 5.27546 5.27798 5.28073 5.28373 5.28696 5.29042 5.29412 5.29804 5.30219 5.30655 5.31112 5.31588 5.32081 5.32592 5.33117 5.33655 5.34204 5.34761 5.35324 5.3589 5.36457 5.37022 5.37582 5.38134 5.38674 5.39201 5.3971 5.40199 5.40665 5.41105 5.41516 5.41897 5.42243 5.42554 5.42827 5.43061 5.43254 5.43405 5.43512 5.43576 5.43596 5.43571 5.43502 5.4339 5.43235 5.43038 5.42801 5.42525 5.42212 5.41864 5.41483 5.41072 5.40634 5.40171 5.39686 5.39182 5.38662 5.38128 5.37586 5.37036 5.36482 5.35927 5.35374 5.34826 5.34285 5.33753 5.33233 5.32726 5.32236 5.31762 5.31307 5.30873 5.30459 5.30067 5.29699 5.29353 5.29031 5.28733 5.28459 5.2821 5.27984 5.27782 5.27604 5.27449 5.27317 5.27208 5.27122 5.27059 5.27017 5.26998 
5.26433 5.26459 5.26509 5.26583 5.26681 5.26803 5.2695 5.27122 5.27319 5.27541 5.27789 5.28062 5.28361 5.28686 5.29036 5.29412 5.29813 5.30238 5.30688 5.3116 5.31655 5.3217 5.32705 5.33257 5.33825 5.34406 5.34999 5.35601 5.36209 5.3682 5.37432 5.38041 5.38644 5.39239 5.39821 5.40387 5.40935 5.41461 5.41962 5.42435 5.42877 5.43286 5.43658 5.43992 5.44285 5.44536 5.44742 5.44904 5.45019 5.45087 5.45107 5.4508 5.45006 5.44885 5.44718 5.44506 5.4425 5.43953 5.43616 5.43242 5.42832 5.4239 5.41918 5.41419 5.40897 5.40353 5.39793 5.39218 5.38632 5.38039 5.37441 5.36842 5.36245 5.35652 5.35067 5.34491 5.33928 5.3338 5.32848 5.32335 5.31841 5.3137 5.3092 5.30495 5.30094 5.29718 5.29368 5.29043 5.28744 5.28472 5.28225 5.28004 5.27809 5.27639 5.27495 5.27375 5.2728 5.2721 5.27163 5.27141 
5.26583 5.2661 5.26664 5.26743 5.26848 5.26981 5.27139 5.27325 5.27538 5.27779 5.28047 5.28343 5.28666 5.29018 5.29397 5.29804 5.30238 5.30699 5.31185 5.31696 5.32231 5.32787 5.33365 5.33961 5.34574 5.35202 5.35841 5.3649 5.37145 5.37803 5.38462 5.39117 5.39766 5.40405 5.41031 5.4164 5.42228 5.42793 5.4333 5.43838 5.44312 5.4475 5.45148 5.45506 5.4582 5.46088 5.4631 5.46482 5.46605 5.46677 5.46699 5.4667 5.46589 5.46459 5.46279 5.46052 5.45777 5.45458 5.45096 5.44694 5.44254 5.43779 5.43272 5.42736 5.42174 5.41589 5.40986 5.40368 5.39737 5.39098 5.38454 5.37809 5.37165 5.36525 5.35894 5.35272 5.34664 5.34071 5.33496 5.32941 5.32407 5.31896 5.31409 5.30948 5.30513 5.30105 5.29724 5.29371 5.29046 5.28749 5.28481 5.2824 5.28027 5.27841 5.27683 5.27552 5.27447 5.2737 5.27318 5.27293 
5.26742 5.26771 5.26827 5.26912 5.27026 5.27168 5.27339 5.2754 5.2777 5.2803 5.2832 5.28639 5.28989 5.29369 5.29779 5.30219 5.30688 5.31185 5.3171 5.32261 5.32838 5.33439 5.34061 5.34704 5.35364 5.36039 5.36727 5.37425 5.38129 5.38837 5.39544 5.40248 5.40944 5.4163 5.42301 5.42954 5.43584 5.44189 5.44765 5.45308 5.45815 5.46284 5.4671 5.47093 5.47428 5.47715 5.47951 5.48135 5.48266 5.48343 5.48366 5.48334 5.48248 5.48108 5.47915 5.47671 5.47377 5.47035 5.46647 5.46216 5.45745 5.45235 5.44691 5.44116 5.43514 5.42887 5.42239 5.41575 5.40898 5.40211 5.39519 5.38825 5.38132 5.37444 5.36764 5.36094 5.35439 5.348 5.3418 5.3358 5.33003 5.32451 5.31925 5.31426 5.30955 5.30513 5.301 5.29718 5.29365 5.29043 5.28751 5.28489 5.28257 5.28055 5.27882 5.27739 5.27624 5.27539 5.27482 5.27453 
5.2691 5.26939 5.26999 5.2709 5.27212 5.27365 5.2755 5.27766 5.28014 5.28294 5.28607 5.28952 5.29329 5.29739 5.30181 5.30655 5.3116 5.31696 5.32261 5.32855 5.33476 5.34122 5.34791 5.35482 5.36191 5.36917 5.37655 5.38404 5.3916 5.39918 5.40676 5.4143 5.42176 5.4291 5.43628 5.44326 5.45 5.45647 5.46262 5.46842 5.47384 5.47884 5.48339 5.48747 5.49104 5.4941 5.49662 5.49858 5.49997 5.50079 5.50103 5.50068 5.49976 5.49826 5.4962 5.49359 5.49045 5.48679 5.48265 5.47804 5.473 5.46755 5.46173 5.45558 5.44913 5.44242 5.43548 5.42837 5.42111 5.41375 5.40633 5.39888 5.39144 5.38405 5.37675 5.36956 5.36251 5.35563 5.34896 5.3425 5.33629 5.33034 5.32466 5.31928 5.31419 5.30942 5.30496 5.30082 5.297 5.29351 5.29035 5.28751 5.28499 5.28279 5.28091 5.27935 5.2781 5.27717 5.27654 5.27622 
5.27085 5.27116 5.2718 5.27277 5.27408 5.27573 5.27771 5.28003 5.2827 5.28572 5.28908 5.29279 5.29685 5.30126 5.30602 5.31112 5.31655 5.32231 5.32838 5.33476 5.34142 5.34836 5.35554 5.36294 5.37055 5.37832 5.38623 5.39425 5.40233 5.41045 5.41855 5.42661 5.43458 5.44242 5.45008 5.45753 5.46472 5.47161 5.47817 5.48435 5.49012 5.49544 5.50029 5.50463 5.50844 5.51169 5.51436 5.51644 5.51792 5.51879 5.51904 5.51866 5.51768 5.51608 5.51388 5.5111 5.50775 5.50385 5.49943 5.49452 5.48914 5.48333 5.47712 5.47055 5.46367 5.4565 5.44909 5.44149 5.43373 5.42586 5.41792 5.40995 5.40199 5.39407 5.38624 5.37853 5.37097 5.3636 5.35643 5.3495 5.34282 5.33642 5.33032 5.32452 5.31905 5.3139 5.3091 5.30463 5.30051 5.29674 5.29332 5.29025 5.28753 5.28515 5.28311 5.28141 5.28006 5.27903 5.27835 5.27799 
5.27269 5.27301 5.27369 5.27473 5.27613 5.27789 5.28002 5.28251 5.28538 5.28862 5.29223 5.29621 5.30057 5.3053 5.31041 5.31588 5.3217 5.32787 5.33439 5.34122 5.34836 5.35578 5.36347 5.37139 5.37952 5.38783 5.39628 5.40484 5.41347 5.42212 5.43077 5.43936 5.44785 5.4562 5.46436 5.47229 5.47994 5.48727 5.49424 5.50081 5.50694 5.5126 5.51774 5.52235 5.52639 5.52984 5.53268 5.53489 5.53645 5.53737 5.53763 5.53723 5.53617 5.53447 5.53214 5.52918 5.52561 5.52147 5.51677 5.51154 5.50582 5.49963 5.49303 5.48604 5.4787 5.47107 5.46318 5.45507 5.4468 5.43841 5.42993 5.42142 5.41292 5.40447 5.3961 5.38785 5.37977 5.37187 5.3642 5.35677 5.34961 5.34275 5.3362 5.32998 5.3241 5.31857 5.3134 5.3086 5.30417 5.30011 5.29642 5.29311 5.29017 5.2876 5.2854 5.28356 5.28209 5.28098 5.28023 5.27984 
5.2746 5.27494 5.27566 5.27677 5.27826 5.28015 5.28242 5.28509 5.28816 5.29163 5.2955 5.29976 5.30443 5.3095 5.31496 5.32081 5.32705 5.33365 5.34061 5.34791 5.35554 5.36347 5.37167 5.38012 5.38879 5.39765 5.40666 5.41577 5.42496 5.43417 5.44337 5.45251 5.46153 5.4704 5.47907 5.48749 5.49561 5.50339 5.51078 5.51775 5.52425 5.53024 5.53569 5.54057 5.54485 5.5485 5.5515 5.55383 5.55549 5.55646 5.55673 5.5563 5.55518 5.55338 5.5509 5.54776 5.54398 5.53958 5.53459 5.52905 5.52297 5.51641 5.5094 5.50197 5.49419 5.48607 5.47769 5.46907 5.46027 5.45134 5.44232 5.43326 5.42421 5.4152 5.40627 5.39748 5.38885 5.38042 5.37223 5.36429 5.35664 5.3493 5.3423 5.33564 5.32934 5.32341 5.31787 5.31272 5.30796 5.3036 5.29964 5.29608 5.29292 5.29015 5.28778 5.2858 5.28421 5.28301 5.2822 5.28177 
5.27658 5.27693 5.2777 5.27888 5.28047 5.28248 5.28491 5.28777 5.29104 5.29475 5.29888 5.30344 5.30843 5.31384 5.31967 5.32592 5.33257 5.33961 5.34704 5.35482 5.36294 5.37139 5.38012 5.38912 5.39834 5.40776 5.41733 5.42702 5.43678 5.44656 5.45632 5.46601 5.47558 5.48498 5.49416 5.50307 5.51167 5.51991 5.52773 5.5351 5.54197 5.5483 5.55406 5.55921 5.56373 5.56759 5.57075 5.57322 5.57496 5.57598 5.57626 5.57581 5.57462 5.57271 5.57009 5.56677 5.56277 5.55812 5.55284 5.54697 5.54054 5.5336 5.52617 5.51831 5.51006 5.50146 5.49257 5.48343 5.4741 5.46462 5.45505 5.44543 5.4358 5.42623 5.41674 5.40739 5.3982 5.38923 5.3805 5.37204 5.36389 5.35606 5.34858 5.34147 5.33474 5.32841 5.32249 5.31698 5.31188 5.30722 5.30297 5.29916 5.29576 5.29279 5.29025 5.28812 5.28641 5.28511 5.28423 5.28376 
5.27862 5.27899 5.2798 5.28106 5.28275 5.28489 5.28748 5.29052 5.29402 5.29797 5.30237 5.30723 5.31254 5.31831 5.32452 5.33117 5.33825 5.34574 5.35364 5.36191 5.37055 5.37952 5.38879 5.39834 5.40813 5.41812 5.42827 5.43853 5.44887 5.45922 5.46955 5.4798 5.48992 5.49986 5.50957 5.51898 5.52806 5.53675 5.54501 5.55278 5.56003 5.56671 5.57278 5.57821 5.58297 5.58703 5.59037 5.59296 5.5948 5.59586 5.59616 5.59568 5.59442 5.59241 5.58964 5.58613 5.58191 5.57701 5.57144 5.56524 5.55846 5.55112 5.54328 5.53498 5.52626 5.51717 5.50777 5.49811 5.48823 5.4782 5.46806 5.45787 5.44767 5.43752 5.42746 5.41753 5.40778 5.39826 5.38898 5.37999 5.37132 5.36299 5.35504 5.34746 5.3403 5.33355 5.32723 5.32135 5.31592 5.31093 5.3064 5.30232 5.29869 5.29552 5.29279 5.29051 5.28867 5.28728 5.28633 5.28582 
5.28073 5.28111 5.28197 5.2833 5.2851 5.28737 5.29013 5.29336 5.29707 5.30127 5.30595 5.31112 5.31677 5.32289 5.32949 5.33655 5.34406 5.35202 5.36039 5.36917 5.37832 5.38783 5.39765 5.40776 5.41812 5.42869 5.43942 5.45027 5.46119 5.47212 5.48303 5.49385 5.50452 5.515 5.52523 5.53515 5.54472 5.55387 5.56256 5.57074 5.57836 5.58538 5.59177 5.59748 5.60248 5.60675 5.61025 5.61297 5.6149 5.61602 5.61633 5.61582 5.6145 5.61238 5.60946 5.60577 5.60133 5.59617 5.59031 5.58379 5.57664 5.56892 5.56066 5.55191 5.54271 5.53314 5.52322 5.51303 5.50261 5.49202 5.48131 5.47054 5.45976 5.44903 5.43838 5.42788 5.41756 5.40747 5.39764 5.38811 5.37892 5.37008 5.36163 5.35359 5.34598 5.33881 5.33209 5.32584 5.32005 5.31475 5.30992 5.30557 5.3017 5.29831 5.2954 5.29296 5.291 5.28951 5.28849 5.28794 
5.28288 5.28329 5.28419 5.28559 5.2875 5.28991 5.29283 5.29626 5.3002 5.30465 5.30961 5.31509 5.32108 5.32757 5.33456 5.34204 5.34999 5.35841 5.36727 5.37655 5.38623 5.39628 5.40666 5.41733 5.42827 5.43942 5.45074 5.46217 5.47368 5.4852 5.49669 5.50807 5.51931 5.53033 5.54108 5.55151 5.56156 5.57117 5.5803 5.58888 5.59688 5.60425 5.61095 5.61694 5.62218 5.62665 5.63033 5.63318 5.6352 5.63637 5.63669 5.63615 5.63476 5.63253 5.62947 5.6256 5.62094 5.61552 5.60937 5.60252 5.59502 5.5869 5.57822 5.56903 5.55937 5.54929 5.53886 5.52814 5.51717 5.50601 5.49473 5.48339 5.47202 5.4607 5.44947 5.43839 5.42749 5.41683 5.40644 5.39637 5.38664 5.37729 5.36835 5.35984 5.35177 5.34417 5.33704 5.33041 5.32427 5.31864 5.31351 5.30888 5.30477 5.30117 5.29807 5.29547 5.29338 5.29179 5.2907 5.29011 
5.28508 5.2855 5.28645 5.28794 5.28995 5.2925 5.29559 5.29921 5.30338 5.30809 5.31334 5.31913 5.32546 5.33232 5.33971 5.34761 5.35601 5.3649 5.37425 5.38404 5.39425 5.40484 5.41577 5.42702 5.43853 5.45027 5.46217 5.4742 5.4863 5.49841 5.51047 5.52242 5.53421 5.54578 5.55705 5.56799 5.57852 5.58859 5.59815 5.60714 5.61552 5.62323 5.63024 5.6365 5.64198 5.64666 5.6505 5.65348 5.65559 5.65681 5.65714 5.65658 5.65513 5.65279 5.64959 5.64554 5.64066 5.63498 5.62854 5.62137 5.61351 5.60501 5.59591 5.58627 5.57614 5.56557 5.55463 5.54337 5.53185 5.52014 5.50828 5.49635 5.48441 5.4725 5.46068 5.44901 5.43753 5.4263 5.41535 5.40473 5.39447 5.3846 5.37516 5.36616 5.35764 5.3496 5.34207 5.33505 5.32855 5.32259 5.31715 5.31226 5.3079 5.30407 5.30078 5.29803 5.29581 5.29412 5.29295 5.29232 
5.28731 5.28775 5.28875 5.29031 5.29244 5.29513 5.29838 5.30221 5.3066 5.31157 5.31711 5.32322 5.32989 5.33713 5.34491 5.35324 5.36209 5.37145 5.38129 5.3916 5.40233 5.41347 5.42496 5.43678 5.44887 5.46119 5.47368 5.4863 5.49898 5.51167 5.52431 5.53683 5.54917 5.56128 5.57308 5.58451 5.59552 5.60605 5.61604 5.62543 5.63417 5.64223 5.64954 5.65608 5.6618 5.66668 5.67068 5.67379 5.67599 5.67726 5.67761 5.67702 5.6755 5.67306 5.66972 5.66548 5.66039 5.65446 5.64773 5.64024 5.63203 5.62314 5.61363 5.60355 5.59295 5.5819 5.57044 5.55865 5.54659 5.53432 5.52189 5.50939 5.49685 5.48436 5.47195 5.4597 5.44764 5.43583 5.42432 5.41315 5.40236 5.39197 5.38203 5.37255 5.36357 5.3551 5.34715 5.33974 5.33289 5.32659 5.32085 5.31567 5.31106 5.30702 5.30354 5.30062 5.29827 5.29647 5.29524 5.29457 
5.28956 5.29002 5.29107 5.29271 5.29495 5.29778 5.30121 5.30523 5.30986 5.31509 5.32092 5.32734 5.33436 5.34197 5.35015 5.3589 5.3682 5.37803 5.38837 5.39918 5.41045 5.42212 5.43417 5.44656 5.45922 5.47212 5.4852 5.49841 5.51167 5.52494 5.53815 5.55123 5.56412 5.57676 5.58907 5.601 5.61249 5.62346 5.63387 5.64366 5.65277 5.66116 5.66878 5.67558 5.68154 5.68662 5.69078 5.69402 5.6963 5.69763 5.69798 5.69737 5.69579 5.69325 5.68976 5.68535 5.68005 5.67387 5.66686 5.65905 5.65049 5.64123 5.63131 5.62079 5.60973 5.59819 5.58623 5.57392 5.56132 5.54849 5.5355 5.52242 5.50931 5.49623 5.48324 5.4704 5.45777 5.44539 5.43332 5.4216 5.41027 5.39937 5.38892 5.37897 5.36953 5.36062 5.35226 5.34447 5.33725 5.33061 5.32456 5.31911 5.31425 5.30999 5.30631 5.30324 5.30075 5.29886 5.29755 5.29683 
5.29183 5.29231 5.29341 5.29513 5.29747 5.30044 5.30404 5.30827 5.31313 5.31861 5.32473 5.33148 5.33884 5.34682 5.3554 5.36457 5.37432 5.38462 5.39544 5.40676 5.41855 5.43077 5.44337 5.45632 5.46955 5.48303 5.49669 5.51047 5.52431 5.53815 5.55192 5.56555 5.57898 5.59214 5.60497 5.61738 5.62933 5.64075 5.65158 5.66175 5.67122 5.67994 5.68785 5.69492 5.70111 5.70638 5.71071 5.71407 5.71644 5.71781 5.71818 5.71754 5.71589 5.71325 5.70963 5.70505 5.69954 5.69312 5.68583 5.67771 5.66881 5.65918 5.64886 5.63791 5.6264 5.61439 5.60193 5.5891 5.57597 5.56259 5.54905 5.5354 5.52171 5.50806 5.49449 5.48108 5.46787 5.45493 5.4423 5.43004 5.41818 5.40676 5.39582 5.38538 5.37549 5.36614 5.35737 5.34919 5.34161 5.33465 5.32829 5.32256 5.31745 5.31297 5.3091 5.30586 5.30325 5.30125 5.29987 5.29911 
5.29409 5.29459 5.29574 5.29754 5.3 5.30311 5.30688 5.3113 5.31639 5.32214 5.32854 5.3356 5.34331 5.35165 5.36063 5.37022 5.38041 5.39117 5.40248 5.4143 5.42661 5.43936 5.45251 5.46601 5.4798 5.49385 5.50807 5.52242 5.53683 5.55123 5.56555 5.57973 5.59369 5.60736 5.62068 5.63358 5.64598 5.65783 5.66906 5.67962 5.68944 5.69848 5.70668 5.71401 5.72042 5.72588 5.73036 5.73384 5.7363 5.73772 5.7381 5.73743 5.73573 5.73299 5.72924 5.72449 5.71877 5.71212 5.70456 5.69614 5.68691 5.67691 5.6662 5.65483 5.64288 5.6304 5.61746 5.60412 5.59046 5.57655 5.56246 5.54825 5.53401 5.51978 5.50565 5.49167 5.4779 5.4644 5.45122 5.43842 5.42604 5.41411 5.40267 5.39177 5.38142 5.37164 5.36247 5.3539 5.34597 5.33867 5.33201 5.326 5.32065 5.31594 5.31189 5.30849 5.30574 5.30364 5.3022 5.3014 
5.29635 5.29687 5.29807 5.29995 5.30251 5.30576 5.3097 5.31432 5.31964 5.32564 5.33232 5.33969 5.34774 5.35645 5.36582 5.37582 5.38644 5.39766 5.40944 5.42176 5.43458 5.44785 5.46153 5.47558 5.48992 5.50452 5.51931 5.53421 5.54917 5.56412 5.57898 5.59369 5.60817 5.62234 5.63615 5.64951 5.66235 5.67462 5.68625 5.69717 5.70734 5.71668 5.72517 5.73275 5.73937 5.74502 5.74965 5.75325 5.75578 5.75725 5.75764 5.75696 5.75519 5.75236 5.74848 5.74357 5.73766 5.73077 5.72295 5.71424 5.70468 5.69433 5.68324 5.67147 5.65909 5.64615 5.63273 5.61891 5.60474 5.5903 5.57568 5.56093 5.54613 5.53135 5.51665 5.50212 5.4878 5.47375 5.46004 5.44671 5.4338 5.42138 5.40946 5.39809 5.38729 5.37709 5.36751 5.35857 5.35028 5.34266 5.3357 5.32942 5.32382 5.3189 5.31466 5.3111 5.30822 5.30603 5.30451 5.30367 
5.29859 5.29912 5.30037 5.30233 5.305 5.30838 5.31249 5.31731 5.32284 5.32909 5.33606 5.34374 5.35211 5.36118 5.37093 5.38134 5.39239 5.40405 5.4163 5.4291 5.44242 5.4562 5.4704 5.48498 5.49986 5.515 5.53033 5.54578 5.56128 5.57676 5.59214 5.60736 5.62234 5.637 5.65128 5.66509 5.67836 5.69104 5.70305 5.71433 5.72482 5.73447 5.74323 5.75104 5.75788 5.76371 5.76848 5.77219 5.77481 5.77632 5.77673 5.77602 5.7742 5.77128 5.76728 5.76221 5.75611 5.749 5.74093 5.73193 5.72206 5.71137 5.69991 5.68774 5.67494 5.66157 5.64769 5.63338 5.61872 5.60378 5.58863 5.57335 5.55801 5.54269 5.52746 5.51238 5.49751 5.48294 5.4687 5.45485 5.44144 5.42853 5.41613 5.40431 5.39307 5.38246 5.37249 5.36318 5.35454 5.3466 5.33935 5.3328 5.32696 5.32182 5.3174 5.31368 5.31068 5.30838 5.30679 5.30592 
5.30079 5.30134 5.30264 5.30467 5.30745 5.31097 5.31523 5.32024 5.32599 5.33249 5.33973 5.3477 5.3564 5.36582 5.37594 5.38674 5.39821 5.41031 5.42301 5.43628 5.45008 5.46436 5.47907 5.49416 5.50957 5.52523 5.54108 5.55705 5.57308 5.58907 5.60497 5.62068 5.63615 5.65128 5.666 5.68025 5.69394 5.707 5.71938 5.731 5.74181 5.75175 5.76077 5.76882 5.77586 5.78185 5.78677 5.79059 5.79328 5.79484 5.79525 5.79452 5.79265 5.78964 5.78552 5.78031 5.77402 5.7667 5.75839 5.74912 5.73895 5.72793 5.71611 5.70357 5.69037 5.67657 5.66225 5.64748 5.63234 5.6169 5.60125 5.58546 5.5696 5.55376 5.538 5.52239 5.50701 5.49191 5.47716 5.46281 5.44891 5.43552 5.42267 5.41039 5.39873 5.38771 5.37736 5.36769 5.35872 5.35046 5.34292 5.33611 5.33003 5.32469 5.32009 5.31622 5.31309 5.3107 5.30905 5.30813 
5.30294 5.30351 5.30485 5.30696 5.30984 5.31349 5.31791 5.3231 5.32907 5.33581 5.34331 5.35157 5.36059 5.37034 5.38082 5.39201 5.40387 5.4164 5.42954 5.44326 5.45753 5.47229 5.48749 5.50307 5.51898 5.53515 5.55151 5.56799 5.58451 5.601 5.61738 5.63358 5.64951 5.66509 5.68025 5.69491 5.70899 5.72243 5.73516 5.74711 5.75823 5.76844 5.77771 5.78598 5.79321 5.79937 5.80442 5.80834 5.81111 5.81271 5.81313 5.81238 5.81046 5.80737 5.80314 5.79778 5.79132 5.7838 5.77525 5.76572 5.75527 5.74393 5.73178 5.71887 5.70528 5.69108 5.67633 5.66112 5.64552 5.62961 5.61348 5.59719 5.58083 5.56449 5.54822 5.5321 5.51622 5.50062 5.48537 5.47054 5.45617 5.44232 5.42902 5.41631 5.40424 5.39283 5.38211 5.37208 5.36279 5.35422 5.34641 5.33934 5.33304 5.3275 5.32272 5.3187 5.31545 5.31297 5.31125 5.31029 
5.30503 5.30562 5.30701 5.30919 5.31216 5.31594 5.32051 5.32588 5.33205 5.33902 5.34678 5.35532 5.36464 5.37472 5.38555 5.3971 5.40935 5.42228 5.43584 5.45 5.46472 5.47994 5.49561 5.51167 5.52806 5.54472 5.56156 5.57852 5.59552 5.61249 5.62933 5.64598 5.66235 5.67836 5.69394 5.70899 5.72346 5.73726 5.75032 5.76258 5.77398 5.78446 5.79396 5.80244 5.80986 5.81617 5.82135 5.82537 5.82821 5.82985 5.83028 5.82951 5.82754 5.82438 5.82004 5.81454 5.80792 5.80021 5.79144 5.78166 5.77093 5.7593 5.74683 5.73358 5.71962 5.70503 5.68987 5.67424 5.6582 5.64184 5.62525 5.60849 5.59165 5.57482 5.55807 5.54147 5.5251 5.50902 5.4933 5.478 5.46318 5.44888 5.43515 5.42204 5.40957 5.39778 5.3867 5.37634 5.36672 5.35787 5.34978 5.34248 5.33595 5.33022 5.32527 5.32111 5.31775 5.31517 5.31339 5.3124 
5.30705 5.30766 5.30908 5.31133 5.31441 5.3183 5.32302 5.32856 5.33493 5.34211 5.35012 5.35893 5.36853 5.37893 5.39009 5.40199 5.41461 5.42793 5.44189 5.45647 5.47161 5.48727 5.50339 5.51991 5.53675 5.55387 5.57117 5.58859 5.60605 5.62346 5.64075 5.65783 5.67462 5.69104 5.707 5.72243 5.73726 5.75139 5.76477 5.77733 5.789 5.79973 5.80945 5.81813 5.82572 5.83218 5.83748 5.84159 5.84449 5.84617 5.84662 5.84583 5.84382 5.84058 5.83614 5.83051 5.82374 5.81584 5.80687 5.79686 5.78587 5.77396 5.76118 5.7476 5.7333 5.71834 5.7028 5.68677 5.67032 5.65353 5.63649 5.61929 5.602 5.58471 5.56749 5.55043 5.5336 5.51706 5.5009 5.48515 5.4699 5.45517 5.44104 5.42753 5.41468 5.40253 5.3911 5.38042 5.37051 5.36138 5.35303 5.34549 5.33876 5.33283 5.32772 5.32343 5.31995 5.31729 5.31545 5.31442 
5.30898 5.3096 5.31107 5.31339 5.31655 5.32056 5.32542 5.33112 5.33767 5.34507 5.3533 5.36237 5.37225 5.38294 5.39441 5.40665 5.41962 5.4333 5.44765 5.46262 5.47817 5.49424 5.51078 5.52773 5.54501 5.56256 5.5803 5.59815 5.61604 5.63387 5.65158 5.66906 5.68625 5.70305 5.71938 5.73516 5.75032 5.76477 5.77845 5.79128 5.80321 5.81417 5.8241 5.83297 5.84072 5.84732 5.85273 5.85693 5.85989 5.8616 5.86206 5.86126 5.8592 5.85589 5.85136 5.84562 5.8387 5.83063 5.82146 5.81124 5.80001 5.78783 5.77477 5.76088 5.74625 5.73095 5.71505 5.69864 5.6818 5.66461 5.64716 5.62953 5.61182 5.59409 5.57644 5.55894 5.54168 5.52471 5.50811 5.49195 5.47628 5.46116 5.44664 5.43275 5.41955 5.40706 5.39531 5.38432 5.37412 5.36472 5.35613 5.34837 5.34143 5.33533 5.33007 5.32565 5.32207 5.31932 5.31742 5.31636 
5.31081 5.31145 5.31296 5.31534 5.31858 5.3227 5.32769 5.33355 5.34027 5.34787 5.35632 5.36562 5.37576 5.38673 5.3985 5.41105 5.42435 5.43838 5.45308 5.46842 5.48435 5.50081 5.51775 5.5351 5.55278 5.57074 5.58888 5.60714 5.62543 5.64366 5.66175 5.67962 5.69717 5.71433 5.731 5.74711 5.76258 5.77733 5.79128 5.80437 5.81653 5.82771 5.83784 5.84688 5.85478 5.86151 5.86702 5.8713 5.87432 5.87607 5.87654 5.87572 5.87362 5.87025 5.86563 5.85978 5.85273 5.8445 5.83515 5.82473 5.81327 5.80085 5.78752 5.77335 5.75842 5.74279 5.72656 5.70979 5.69259 5.67502 5.65719 5.63917 5.62105 5.60292 5.58486 5.56696 5.54928 5.53191 5.51491 5.49836 5.48231 5.46681 5.45192 5.43769 5.42414 5.41133 5.39927 5.388 5.37753 5.36788 5.35906 5.35109 5.34397 5.3377 5.3323 5.32775 5.32407 5.32125 5.3193 5.31821 
5.31253 5.31318 5.31473 5.31716 5.32049 5.32471 5.32982 5.33582 5.34271 5.35049 5.35914 5.36867 5.37905 5.39027 5.40232 5.41516 5.42877 5.44312 5.45815 5.47384 5.49012 5.50694 5.52425 5.54197 5.56003 5.57836 5.59688 5.61552 5.63417 5.65277 5.67122 5.68944 5.70734 5.72482 5.74181 5.75823 5.77398 5.789 5.80321 5.81653 5.82892 5.84029 5.8506 5.8598 5.86784 5.87468 5.88029 5.88465 5.88772 5.8895 5.88998 5.88915 5.88701 5.88359 5.87889 5.87293 5.86575 5.85739 5.84787 5.83726 5.8256 5.81294 5.79937 5.78494 5.76972 5.7538 5.73726 5.72017 5.70263 5.68471 5.66652 5.64814 5.62965 5.61114 5.59271 5.57442 5.55637 5.53862 5.52126 5.50434 5.48793 5.47208 5.45686 5.44229 5.42844 5.41532 5.40298 5.39144 5.38072 5.37084 5.36181 5.35364 5.34634 5.33992 5.33438 5.32972 5.32595 5.32306 5.32105 5.31993 
5.31413 5.3148 5.31637 5.31886 5.32226 5.32657 5.33179 5.33793 5.34497 5.35292 5.36176 5.37149 5.38209 5.39355 5.40585 5.41897 5.43286 5.4475 5.46284 5.47884 5.49544 5.5126 5.53024 5.5483 5.56671 5.58538 5.60425 5.62323 5.64223 5.66116 5.67994 5.69848 5.71668 5.73447 5.75175 5.76844 5.78446 5.79973 5.81417 5.82771 5.84029 5.85185 5.86232 5.87167 5.87983 5.88678 5.89248 5.8969 5.90003 5.90183 5.90232 5.90147 5.89931 5.89583 5.89106 5.88501 5.87772 5.86922 5.85955 5.84877 5.83692 5.82406 5.81026 5.79559 5.78012 5.76393 5.7471 5.72972 5.71186 5.69363 5.67511 5.6564 5.63757 5.61872 5.59994 5.58131 5.56291 5.54482 5.52711 5.50985 5.49311 5.47695 5.46141 5.44655 5.4324 5.41902 5.40641 5.39463 5.38368 5.37358 5.36435 5.356 5.34855 5.34198 5.33632 5.33155 5.32769 5.32474 5.32268 5.32154 
5.31559 5.31627 5.31788 5.32042 5.32388 5.32828 5.3336 5.33986 5.34703 5.35513 5.36415 5.37406 5.38487 5.39655 5.40908 5.42243 5.43658 5.45148 5.4671 5.48339 5.50029 5.51774 5.53569 5.55406 5.57278 5.59177 5.61095 5.63024 5.64954 5.66878 5.68785 5.70668 5.72517 5.74323 5.76077 5.77771 5.79396 5.80945 5.8241 5.83784 5.8506 5.86232 5.87295 5.88242 5.8907 5.89775 5.90353 5.90801 5.91117 5.91301 5.9135 5.91264 5.91045 5.90692 5.90209 5.89596 5.88856 5.87995 5.87014 5.85921 5.84719 5.83414 5.82014 5.80525 5.78955 5.77312 5.75603 5.73838 5.72025 5.70173 5.68292 5.6639 5.64476 5.6256 5.60651 5.58756 5.56885 5.55045 5.53243 5.51487 5.49783 5.48138 5.46556 5.45042 5.43602 5.42238 5.40954 5.39753 5.38637 5.37608 5.36667 5.35816 5.35056 5.34386 5.33808 5.33323 5.32929 5.32627 5.32418 5.32301 
5.31691 5.3176 5.31924 5.32182 5.32534 5.32981 5.33523 5.34159 5.34889 5.35713 5.36629 5.37638 5.38736 5.39923 5.41197 5.42554 5.43992 5.45506 5.47093 5.48747 5.50463 5.52235 5.54057 5.55921 5.57821 5.59748 5.61694 5.6365 5.65608 5.67558 5.69492 5.71401 5.73275 5.75104 5.76882 5.78598 5.80244 5.81813 5.83297 5.84688 5.8598 5.87167 5.88242 5.89201 5.90039 5.90752 5.91337 5.91791 5.92111 5.92297 5.92347 5.9226 5.92038 5.91682 5.91192 5.90572 5.89824 5.88951 5.87959 5.86852 5.85634 5.84314 5.82896 5.81388 5.79797 5.78132 5.76401 5.74612 5.72774 5.70897 5.68989 5.6706 5.65119 5.63176 5.61238 5.59316 5.57416 5.55548 5.53719 5.51936 5.50206 5.48535 5.46927 5.4539 5.43926 5.4254 5.41235 5.40014 5.38879 5.37833 5.36876 5.3601 5.35237 5.34556 5.33968 5.33473 5.33073 5.32766 5.32553 5.32434 
5.31807 5.31878 5.32044 5.32306 5.32663 5.33117 5.33667 5.34312 5.35053 5.35889 5.36819 5.37841 5.38956 5.4016 5.41451 5.42827 5.44285 5.4582 5.47428 5.49104 5.50844 5.52639 5.54485 5.56373 5.58297 5.60248 5.62218 5.64198 5.6618 5.68154 5.70111 5.72042 5.73937 5.75788 5.77586 5.79321 5.80986 5.82572 5.84072 5.85478 5.86784 5.87983 5.8907 5.90039 5.90886 5.91607 5.92198 5.92656 5.9298 5.93168 5.93218 5.93131 5.92907 5.92546 5.92052 5.91425 5.90669 5.89787 5.88785 5.87665 5.86435 5.851 5.83667 5.82142 5.80533 5.78849 5.77098 5.75288 5.73429 5.7153 5.69599 5.67647 5.65682 5.63714 5.61753 5.59806 5.57882 5.5599 5.54137 5.5233 5.50577 5.48883 5.47254 5.45695 5.44211 5.42805 5.41481 5.40243 5.39092 5.3803 5.3706 5.36181 5.35396 5.34705 5.34108 5.33606 5.33199 5.32888 5.32672 5.32551 
5.31908 5.31979 5.32147 5.32412 5.32774 5.33234 5.3379 5.34444 5.35194 5.3604 5.36981 5.38016 5.39144 5.40362 5.41669 5.43061 5.44536 5.46088 5.47715 5.4941 5.51169 5.52984 5.5485 5.56759 5.58703 5.60675 5.62665 5.64666 5.66668 5.68662 5.70638 5.72588 5.74502 5.76371 5.78185 5.79937 5.81617 5.83218 5.84732 5.86151 5.87468 5.88678 5.89775 5.90752 5.91607 5.92334 5.9293 5.93392 5.93719 5.93908 5.93959 5.93871 5.93645 5.93282 5.92783 5.92151 5.91388 5.90499 5.89487 5.88358 5.87117 5.85769 5.84323 5.82784 5.8116 5.7946 5.77692 5.75865 5.73987 5.72069 5.70119 5.68147 5.66162 5.64174 5.62191 5.60224 5.58279 5.56367 5.54493 5.52666 5.50893 5.4918 5.47532 5.45955 5.44454 5.43032 5.41693 5.40439 5.39274 5.382 5.37217 5.36328 5.35533 5.34833 5.34229 5.33721 5.33309 5.32993 5.32774 5.32652 
5.31991 5.32063 5.32233 5.32501 5.32867 5.33331 5.33893 5.34553 5.3531 5.36165 5.37115 5.3816 5.39299 5.40529 5.41849 5.43254 5.44742 5.4631 5.47951 5.49662 5.51436 5.53268 5.5515 5.57075 5.59037 5.61025 5.63033 5.6505 5.67068 5.69078 5.71071 5.73036 5.74965 5.76848 5.78677 5.80442 5.82135 5.83748 5.85273 5.86702 5.88029 5.89248 5.90353 5.91337 5.92198 5.9293 5.9353 5.93996 5.94325 5.94516 5.94567 5.94478 5.94251 5.93885 5.93382 5.92746 5.91978 5.91082 5.90063 5.88926 5.87675 5.86318 5.84861 5.8331 5.81674 5.79961 5.78179 5.76338 5.74445 5.72511 5.70545 5.68557 5.66556 5.64551 5.62552 5.60567 5.58606 5.56676 5.54786 5.52943 5.51154 5.49425 5.47762 5.4617 5.44655 5.43219 5.41867 5.40601 5.39425 5.3834 5.37347 5.36449 5.35646 5.3494 5.34329 5.33816 5.334 5.33081 5.32859 5.32736 
5.32058 5.3213 5.32301 5.32571 5.3294 5.33407 5.33974 5.34639 5.35402 5.36263 5.3722 5.38274 5.39421 5.4066 5.41989 5.43405 5.44904 5.46482 5.48135 5.49858 5.51644 5.53489 5.55383 5.57322 5.59296 5.61297 5.63318 5.65348 5.67379 5.69402 5.71407 5.73384 5.75325 5.77219 5.79059 5.80834 5.82537 5.84159 5.85693 5.8713 5.88465 5.8969 5.90801 5.91791 5.92656 5.93392 5.93996 5.94464 5.94795 5.94987 5.95038 5.9495 5.94721 5.94353 5.93848 5.93207 5.92435 5.91535 5.9051 5.89366 5.88109 5.86744 5.85278 5.83718 5.82073 5.8035 5.78557 5.76704 5.748 5.72854 5.70876 5.68876 5.66861 5.64844 5.62831 5.60834 5.58859 5.56917 5.55014 5.53158 5.51357 5.49615 5.47941 5.46338 5.44811 5.43365 5.42003 5.40728 5.39543 5.38449 5.3745 5.36545 5.35736 5.35023 5.34408 5.33891 5.33471 5.3315 5.32927 5.32802 
5.32106 5.32179 5.32351 5.32622 5.32993 5.33463 5.34032 5.34701 5.35468 5.36334 5.37296 5.38355 5.39508 5.40754 5.42089 5.43512 5.45019 5.46605 5.48266 5.49997 5.51792 5.53645 5.55549 5.57496 5.5948 5.6149 5.6352 5.65559 5.67599 5.6963 5.71644 5.7363 5.75578 5.77481 5.79328 5.81111 5.82821 5.84449 5.85989 5.87432 5.88772 5.90003 5.91117 5.92111 5.9298 5.93719 5.94325 5.94795 5.95127 5.9532 5.95371 5.95282 5.95052 5.94683 5.94176 5.93533 5.92758 5.91854 5.90825 5.89677 5.88415 5.87044 5.85572 5.84006 5.82354 5.80624 5.78824 5.76963 5.75051 5.73097 5.7111 5.691 5.67077 5.65051 5.63029 5.61022 5.59039 5.57087 5.55175 5.53311 5.515 5.49751 5.48068 5.46457 5.44923 5.43469 5.421 5.40819 5.39627 5.38528 5.37523 5.36613 5.358 5.35084 5.34465 5.33945 5.33523 5.332 5.32976 5.3285 
5.32136 5.32209 5.32381 5.32654 5.33025 5.33497 5.34068 5.34739 5.35509 5.36377 5.37342 5.38404 5.3956 5.4081 5.42149 5.43576 5.45087 5.46677 5.48343 5.50079 5.51879 5.53737 5.55646 5.57598 5.59586 5.61602 5.63637 5.65681 5.67726 5.69763 5.71781 5.73772 5.75725 5.77632 5.79484 5.81271 5.82985 5.84617 5.8616 5.87607 5.8895 5.90183 5.91301 5.92297 5.93168 5.93908 5.94516 5.94987 5.9532 5.95512 5.95564 5.95475 5.95245 5.94874 5.94366 5.93722 5.92945 5.92039 5.91008 5.89857 5.88591 5.87218 5.85742 5.84173 5.82517 5.80782 5.78978 5.77113 5.75196 5.73237 5.71245 5.6923 5.67202 5.6517 5.63144 5.61132 5.59143 5.57186 5.55269 5.534 5.51585 5.4983 5.48143 5.46527 5.44989 5.43531 5.42158 5.40873 5.39678 5.38576 5.37568 5.36655 5.35839 5.35121 5.34501 5.33979 5.33556 5.33231 5.33006 5.32881 
