0.986379 0.986781 0.98717 0.987539 0.987881 0.988192 0.98847 0.988713 0.988922 0.989097 0.989242 0.98936 0.989454 0.989527 0.989583 0.989626 0.989657 0.98968 0.989697 0.989709 0.989717 0.989723 0.989727 0.98973 0.989733 0.989736 0.989738 0.989741 0.989744 0.989748 0.989752 0.989758 0.989764 0.989772 0.98978 0.98979 0.989801 0.989813 0.989826 0.989839 0.989853 0.989868 0.989882 0.989896 0.989909 0.989921 0.989932 0.989941 0.989949 0.989954 0.989958 0.989959 0.989958 0.989954 0.989949 0.989941 0.989932 0.989921 0.989909 0.989896 0.989883 0.989869 0.989855 0.989841 0.989828 0.989815 0.989804 0.989793 0.989784 0.989775 0.989768 0.989761 0.989756 0.989751 0.989747 0.989744 0.989743 0.989742 0.989742 0.989744 0.989748 0.989755 0.989766 0.989782 0.989807 0.989842 0.989891 0.989956 0.990043 0.990154 0.990294 0.990466 0.990673 0.990916 0.991195 0.991509 0.991853 0.992224 0.992614 0.993016 
0.986781 0.987183 0.987572 0.98794 0.988282 0.988594 0.988871 0.989114 0.989323 0.989499 0.989644 0.989761 0.989855 0.989928 0.989984 0.990027 0.990058 0.990081 0.990098 0.99011 0.990118 0.990124 0.990128 0.990131 0.990133 0.990136 0.990138 0.99014 0.990143 0.990146 0.99015 0.990154 0.99016 0.990166 0.990174 0.990183 0.990193 0.990203 0.990215 0.990228 0.990241 0.990254 0.990268 0.990281 0.990293 0.990305 0.990315 0.990324 0.990332 0.990337 0.99034 0.990341 0.99034 0.990337 0.990332 0.990325 0.990316 0.990306 0.990294 0.990282 0.990269 0.990256 0.990243 0.99023 0.990218 0.990207 0.990196 0.990186 0.990178 0.99017 0.990163 0.990158 0.990153 0.990149 0.990146 0.990144 0.990142 0.990141 0.990142 0.990144 0.990148 0.990155 0.990167 0.990184 0.990208 0.990244 0.990292 0.990358 0.990444 0.990556 0.990696 0.990868 0.991075 0.991317 0.991596 0.99191 0.992254 0.992625 0.993015 0.993417 
0.98717 0.987572 0.98796 0.988329 0.988671 0.988982 0.98926 0.989503 0.989711 0.989887 0.990032 0.990149 0.990243 0.990316 0.990373 0.990415 0.990447 0.99047 0.990486 0.990498 0.990506 0.990512 0.990516 0.990519 0.990522 0.990524 0.990526 0.990529 0.990531 0.990535 0.99054 0.990545 0.990551 0.990559 0.990568 0.990579 0.990591 0.990604 0.990618 0.990633 0.990649 0.990666 0.990682 0.990698 0.990714 0.990728 0.990741 0.990752 0.99076 0.990767 0.990771 0.990772 0.990771 0.990767 0.99076 0.990751 0.99074 0.990728 0.990713 0.990698 0.990683 0.990667 0.990651 0.990635 0.990621 0.990607 0.990594 0.990582 0.990572 0.990563 0.990555 0.990549 0.990543 0.990539 0.990535 0.990532 0.990531 0.99053 0.99053 0.990532 0.990537 0.990544 0.990555 0.990572 0.990597 0.990632 0.990681 0.990746 0.990833 0.990944 0.991084 0.991256 0.991463 0.991706 0.991985 0.992298 0.992642 0.993013 0.993403 0.993804 
0.987539 0.98794 0.988329 0.988697 0.989039 0.98935 0.989628 0.989871 0.990079 0.990255 0.9904 0.990517 0.990611 0.990684 0.990741 0.990783 0.990815 0.990838 0.990854 0.990866 0.990874 0.99088 0.990885 0.990888 0.990891 0.990894 0.990896 0.9909 0.990904 0.990909 0.990916 0.990924 0.990934 0.990945 0.990959 0.990974 0.990992 0.991012 0.991033 0.991056 0.991079 0.991104 0.991128 0.991152 0.991174 0.991195 0.991214 0.99123 0.991242 0.991251 0.991257 0.991258 0.991256 0.99125 0.99124 0.991226 0.99121 0.991191 0.99117 0.991148 0.991124 0.991101 0.991077 0.991054 0.991033 0.991012 0.990994 0.990977 0.990962 0.990949 0.990937 0.990928 0.99092 0.990913 0.990908 0.990904 0.990902 0.9909 0.9909 0.990902 0.990905 0.990912 0.990923 0.99094 0.990965 0.991 0.991049 0.991115 0.991201 0.991312 0.991452 0.991625 0.991831 0.992074 0.992353 0.992666 0.99301 0.993381 0.99377 0.994172 
0.987881 0.988282 0.988671 0.989039 0.989381 0.989692 0.989969 0.990212 0.990421 0.990596 0.990741 0.990859 0.990953 0.991026 0.991082 0.991125 0.991156 0.99118 0.991196 0.991208 0.991217 0.991223 0.991228 0.991232 0.991235 0.991239 0.991244 0.991249 0.991256 0.991265 0.991276 0.991289 0.991305 0.991324 0.991347 0.991372 0.991401 0.991433 0.991467 0.991504 0.991542 0.991581 0.99162 0.991658 0.991694 0.991727 0.991756 0.991781 0.991801 0.991815 0.991823 0.991825 0.99182 0.99181 0.991793 0.991771 0.991745 0.991714 0.991681 0.991645 0.991607 0.991569 0.991532 0.991495 0.991461 0.991428 0.991398 0.991371 0.991347 0.991326 0.991308 0.991292 0.99128 0.991269 0.991261 0.991254 0.991249 0.991246 0.991245 0.991246 0.991249 0.991255 0.991266 0.991283 0.991307 0.991342 0.991391 0.991457 0.991543 0.991655 0.991795 0.991967 0.992173 0.992416 0.992695 0.993008 0.993352 0.993722 0.994112 0.994513 
0.988192 0.988594 0.988982 0.98935 0.989692 0.990003 0.99028 0.990523 0.990732 0.990907 0.991052 0.99117 0.991264 0.991337 0.991393 0.991436 0.991468 0.991491 0.991508 0.99152 0.991529 0.991536 0.991541 0.991547 0.991552 0.991558 0.991565 0.991575 0.991587 0.991602 0.99162 0.991643 0.99167 0.991703 0.991741 0.991784 0.991832 0.991885 0.991942 0.992002 0.992065 0.992128 0.992192 0.992253 0.992311 0.992364 0.992411 0.99245 0.992481 0.992503 0.992515 0.992518 0.992509 0.992492 0.992464 0.992428 0.992385 0.992335 0.99228 0.992221 0.99216 0.992098 0.992037 0.991977 0.99192 0.991867 0.991818 0.991774 0.991734 0.991699 0.99167 0.991644 0.991623 0.991605 0.991591 0.99158 0.991572 0.991566 0.991562 0.991561 0.991563 0.991569 0.991579 0.991595 0.991619 0.991654 0.991703 0.991768 0.991855 0.991966 0.992106 0.992278 0.992485 0.992727 0.993006 0.993319 0.993664 0.994034 0.994423 0.994824 
0.98847 0.988871 0.98926 0.989628 0.989969 0.99028 0.990558 0.990801 0.991009 0.991185 0.99133 0.991448 0.991541 0.991615 0.991671 0.991714 0.991746 0.991769 0.991786 0.991799 0.991809 0.991817 0.991824 0.991831 0.991839 0.991849 0.991862 0.991878 0.991898 0.991924 0.991956 0.991995 0.992041 0.992096 0.992159 0.99223 0.99231 0.992397 0.992491 0.99259 0.992692 0.992795 0.992897 0.992995 0.993088 0.993173 0.993247 0.993309 0.993358 0.993392 0.99341 0.993412 0.993398 0.993368 0.993323 0.993265 0.993194 0.993113 0.993024 0.992929 0.99283 0.99273 0.992631 0.992534 0.992442 0.992355 0.992275 0.992202 0.992138 0.992081 0.992032 0.99199 0.991954 0.991925 0.991902 0.991883 0.991868 0.991858 0.99185 0.991847 0.991846 0.99185 0.991859 0.991875 0.991898 0.991933 0.991981 0.992046 0.992133 0.992244 0.992384 0.992556 0.992763 0.993005 0.993284 0.993597 0.993941 0.994311 0.994701 0.995102 
0.988713 0.989114 0.989503 0.989871 0.990212 0.990523 0.990801 0.991044 0.991252 0.991428 0.991573 0.991691 0.991784 0.991858 0.991914 0.991957 0.991989 0.992013 0.992031 0.992045 0.992056 0.992065 0.992075 0.992086 0.992099 0.992116 0.992137 0.992164 0.992199 0.992243 0.992296 0.992361 0.992438 0.992529 0.992633 0.99275 0.99288 0.993021 0.993172 0.99333 0.993493 0.993657 0.993818 0.993974 0.99412 0.994252 0.994368 0.994465 0.99454 0.994591 0.994618 0.994619 0.994595 0.994547 0.994475 0.994381 0.994269 0.99414 0.993998 0.993847 0.99369 0.99353 0.993372 0.993218 0.99307 0.992931 0.992803 0.992687 0.992582 0.99249 0.99241 0.992342 0.992285 0.992237 0.992198 0.992167 0.992143 0.992124 0.992111 0.992102 0.992099 0.9921 0.992107 0.992121 0.992144 0.992177 0.992225 0.99229 0.992376 0.992488 0.992627 0.992799 0.993006 0.993249 0.993527 0.993841 0.994185 0.994555 0.994944 0.995345 
0.988922 0.989323 0.989711 0.990079 0.990421 0.990732 0.991009 0.991252 0.991461 0.991636 0.991781 0.991899 0.991993 0.992067 0.992123 0.992167 0.992199 0.992224 0.992242 0.992258 0.992271 0.992284 0.992298 0.992315 0.992336 0.992364 0.9924 0.992446 0.992504 0.992576 0.992664 0.992771 0.992897 0.993043 0.99321 0.993398 0.993604 0.993828 0.994067 0.994315 0.99457 0.994825 0.995075 0.995316 0.99554 0.995743 0.99592 0.996067 0.996181 0.996257 0.996296 0.996295 0.996256 0.996179 0.996065 0.995919 0.995743 0.995543 0.995322 0.995086 0.994842 0.994593 0.994346 0.994105 0.993874 0.993656 0.993454 0.99327 0.993105 0.992959 0.992833 0.992724 0.992632 0.992555 0.992492 0.992441 0.992401 0.99237 0.992347 0.992332 0.992322 0.992319 0.992323 0.992335 0.992356 0.992389 0.992436 0.9925 0.992586 0.992697 0.992837 0.993008 0.993215 0.993458 0.993736 0.994049 0.994394 0.994763 0.995153 0.995554 
0.989097 0.989499 0.989887 0.990255 0.990596 0.990907 0.991185 0.991428 0.991636 0.991812 0.991957 0.992075 0.992169 0.992243 0.9923 0.992343 0.992377 0.992402 0.992423 0.992441 0.992458 0.992476 0.992497 0.992525 0.99256 0.992605 0.992664 0.99274 0.992834 0.992952 0.993094 0.993265 0.993465 0.993697 0.99396 0.994254 0.994576 0.994924 0.995291 0.995673 0.996062 0.996451 0.996831 0.997194 0.997532 0.997837 0.998102 0.99832 0.998487 0.998599 0.998654 0.998649 0.998586 0.998466 0.998292 0.998068 0.9978 0.997495 0.997159 0.9968 0.996428 0.996048 0.995671 0.995301 0.994947 0.994612 0.994301 0.994017 0.993761 0.993534 0.993336 0.993166 0.993021 0.9929 0.992801 0.99272 0.992656 0.992606 0.992568 0.99254 0.992522 0.992512 0.992511 0.992519 0.992538 0.992568 0.992614 0.992678 0.992763 0.992873 0.993013 0.993185 0.993391 0.993634 0.993912 0.994225 0.99457 0.99494 0.995329 0.99573 
0.989242 0.989644 0.990032 0.9904 0.990741 0.991052 0.99133 0.991573 0.991781 0.991957 0.992102 0.99222 0.992315 0.992389 0.992446 0.992491 0.992525 0.992553 0.992576 0.992598 0.992621 0.992648 0.992682 0.992725 0.992782 0.992856 0.992952 0.993073 0.993224 0.993411 0.993636 0.993903 0.994216 0.994575 0.99498 0.99543 0.995921 0.996448 0.997002 0.997576 0.998158 0.998737 0.999301 0.999837 1.00033 1.00078 1.00117 1.00149 1.00173 1.00189 1.00196 1.00195 1.00185 1.00167 1.00141 1.00108 1.00068 1.00022 0.999723 0.999189 0.998633 0.998067 0.997502 0.996948 0.996416 0.995912 0.995442 0.995012 0.994624 0.994278 0.993975 0.993713 0.993491 0.993304 0.993149 0.993023 0.992922 0.992843 0.992781 0.992736 0.992704 0.992684 0.992675 0.992678 0.992692 0.99272 0.992764 0.992826 0.99291 0.99302 0.993159 0.993331 0.993537 0.993779 0.994058 0.994371 0.994715 0.995085 0.995474 0.995876 
0.98936 0.989761 0.990149 0.990517 0.990859 0.99117 0.991448 0.991691 0.991899 0.992075 0.99222 0.992339 0.992433 0.992508 0.992566 0.992612 0.992649 0.99268 0.992708 0.992737 0.99277 0.992811 0.992863 0.992932 0.993023 0.993141 0.993292 0.993483 0.99372 0.994009 0.994357 0.994767 0.995244 0.995788 0.996398 0.997073 0.997804 0.998585 0.999403 1.00025 1.0011 1.00194 1.00276 1.00353 1.00425 1.00489 1.00544 1.0059 1.00624 1.00646 1.00656 1.00654 1.00639 1.00612 1.00574 1.00525 1.00467 1.00401 1.00328 1.0025 1.00169 1.00087 1.00004 0.999228 0.998445 0.997701 0.997007 0.996369 0.995791 0.995274 0.99482 0.994427 0.99409 0.993807 0.993571 0.993378 0.993223 0.9931 0.993004 0.992931 0.992879 0.992843 0.992822 0.992816 0.992824 0.992848 0.992888 0.992948 0.993031 0.99314 0.993278 0.993449 0.993656 0.993898 0.994176 0.994489 0.994833 0.995203 0.995593 0.995994 
0.989454 0.989855 0.990243 0.990611 0.990953 0.991264 0.991541 0.991784 0.991993 0.992169 0.992315 0.992433 0.992528 0.992604 0.992664 0.992712 0.992752 0.992788 0.992824 0.992864 0.992912 0.992975 0.993057 0.993165 0.993307 0.993491 0.993726 0.99402 0.994383 0.994823 0.995348 0.995964 0.996675 0.997481 0.998381 0.999369 1.00044 1.00157 1.00275 1.00396 1.00518 1.00638 1.00754 1.00864 1.00964 1.01055 1.01132 1.01195 1.01242 1.01273 1.01286 1.01282 1.0126 1.01221 1.01167 1.01097 1.01014 1.0092 1.00817 1.00706 1.0059 1.00472 1.00353 1.00237 1.00124 1.00017 0.99916 0.998232 0.997388 0.996632 0.995965 0.995384 0.994885 0.994463 0.994111 0.993822 0.993587 0.9934 0.993254 0.993142 0.993058 0.992999 0.992961 0.992942 0.99294 0.992957 0.992993 0.993049 0.99313 0.993237 0.993374 0.993545 0.99375 0.993992 0.994271 0.994584 0.994928 0.995298 0.995687 0.996088 
0.989527 0.989928 0.990316 0.990684 0.991026 0.991337 0.991615 0.991858 0.992067 0.992243 0.992389 0.992508 0.992604 0.992681 0.992743 0.992795 0.99284 0.992884 0.992932 0.992989 0.993062 0.993157 0.993284 0.993451 0.99367 0.993951 0.994308 0.994752 0.995296 0.995951 0.996727 0.997632 0.99867 0.99984 1.00114 1.00255 1.00408 1.00568 1.00735 1.00905 1.01075 1.01243 1.01404 1.01556 1.01695 1.01818 1.01924 1.0201 1.02074 1.02115 1.02132 1.02125 1.02094 1.0204 1.01963 1.01867 1.01751 1.0162 1.01476 1.01321 1.0116 1.00994 1.00828 1.00664 1.00505 1.00353 1.0021 1.00078 0.999572 0.998487 0.997525 0.996684 0.995959 0.995343 0.994827 0.994401 0.994053 0.993775 0.993556 0.993386 0.993258 0.993164 0.9931 0.993062 0.993047 0.993053 0.993082 0.993133 0.99321 0.993315 0.993451 0.99362 0.993825 0.994067 0.994345 0.994658 0.995001 0.995371 0.995761 0.996162 
0.989583 0.989984 0.990373 0.990741 0.991082 0.991393 0.991671 0.991914 0.992123 0.9923 0.992446 0.992566 0.992664 0.992743 0.992809 0.992866 0.99292 0.992977 0.993043 0.993126 0.993235 0.993379 0.993572 0.993825 0.994155 0.994576 0.995107 0.995763 0.996562 0.997517 0.998641 0.999943 1.00143 1.00309 1.00492 1.00691 1.00903 1.01126 1.01356 1.0159 1.01824 1.02052 1.02271 1.02476 1.02664 1.0283 1.02972 1.03086 1.03171 1.03224 1.03246 1.03235 1.03192 1.03118 1.03013 1.02882 1.02725 1.02546 1.02349 1.02138 1.01917 1.01691 1.01462 1.01236 1.01017 1.00806 1.00607 1.00423 1.00253 1.00101 0.999645 0.99845 0.997416 0.996533 0.99579 0.995174 0.994669 0.994263 0.99394 0.993689 0.993497 0.993355 0.993254 0.993187 0.993152 0.993143 0.993161 0.993205 0.993277 0.993379 0.993512 0.99368 0.993884 0.994125 0.994402 0.994715 0.995058 0.995428 0.995818 0.996219 
0.989626 0.990027 0.990415 0.990783 0.991125 0.991436 0.991714 0.991957 0.992167 0.992343 0.992491 0.992612 0.992712 0.992795 0.992866 0.992932 0.992999 0.993075 0.993168 0.99329 0.993451 0.993668 0.993955 0.994332 0.994819 0.995439 0.996212 0.997163 0.998311 0.999675 1.00127 1.0031 1.00518 1.00749 1.01002 1.01275 1.01565 1.01868 1.0218 1.02495 1.02808 1.03112 1.03403 1.03675 1.03923 1.04142 1.04327 1.04476 1.04586 1.04655 1.04682 1.04666 1.04608 1.04508 1.04369 1.04193 1.03985 1.03747 1.03484 1.03202 1.02907 1.02602 1.02295 1.0199 1.01692 1.01406 1.01135 1.00882 1.00649 1.00438 1.00249 1.00083 0.999381 0.998139 0.997089 0.996213 0.995493 0.99491 0.994445 0.99408 0.993799 0.993588 0.993435 0.993329 0.993264 0.993235 0.993237 0.993271 0.993335 0.993431 0.993561 0.993727 0.993929 0.994169 0.994446 0.994758 0.995102 0.995471 0.995861 0.996262 
0.989657 0.990058 0.990447 0.990815 0.991156 0.991468 0.991746 0.991989 0.992199 0.992377 0.992525 0.992649 0.992752 0.99284 0.99292 0.992999 0.993085 0.993189 0.993322 0.9935 0.993738 0.994056 0.994478 0.995028 0.995734 0.996626 0.997731 0.99908 1.0007 1.00261 1.00482 1.00735 1.01019 1.01334 1.01677 1.02045 1.02433 1.02836 1.03249 1.03664 1.04074 1.04473 1.04851 1.05204 1.05524 1.05806 1.06044 1.06235 1.06375 1.06461 1.06494 1.06471 1.06394 1.06263 1.06082 1.05853 1.05581 1.05271 1.04929 1.0456 1.04172 1.03772 1.03367 1.02964 1.02569 1.02187 1.01824 1.01484 1.0117 1.00884 1.00627 1.00399 1.002 1.00029 0.998828 0.997606 0.996597 0.995776 0.995117 0.994597 0.994194 0.993888 0.993662 0.993501 0.993396 0.993336 0.993317 0.993335 0.993389 0.993478 0.993603 0.993765 0.993965 0.994203 0.994479 0.994791 0.995134 0.995504 0.995893 0.996294 
0.98968 0.990081 0.99047 0.990838 0.99118 0.991491 0.991769 0.992013 0.992224 0.992402 0.992553 0.99268 0.992788 0.992884 0.992977 0.993075 0.993189 0.993333 0.993524 0.99378 0.994125 0.994586 0.995194 0.995981 0.996985 0.998243 0.999793 1.00167 1.0039 1.00652 1.00953 1.01295 1.01677 1.02097 1.02552 1.03037 1.03546 1.04072 1.04608 1.05143 1.05671 1.0618 1.06663 1.07111 1.07516 1.07871 1.08171 1.08409 1.08584 1.08691 1.08729 1.08699 1.08599 1.08432 1.08201 1.0791 1.07563 1.07167 1.06729 1.06257 1.05759 1.05244 1.04721 1.04198 1.03683 1.03185 1.02708 1.0226 1.01844 1.01463 1.0112 1.00813 1.00545 1.00312 1.00113 0.999455 0.998065 0.996927 0.996011 0.995283 0.994715 0.99428 0.993955 0.993719 0.993558 0.993457 0.993408 0.993405 0.993443 0.993522 0.993639 0.993797 0.993994 0.99423 0.994505 0.994816 0.995158 0.995527 0.995916 0.996317 
0.989697 0.990098 0.990486 0.990854 0.991196 0.991508 0.991786 0.992031 0.992242 0.992423 0.992576 0.992708 0.992824 0.992932 0.993043 0.993168 0.993322 0.993524 0.993794 0.99416 0.994653 0.995309 0.996168 0.997274 0.998674 1.00041 1.00254 1.0051 1.00813 1.01165 1.01567 1.02021 1.02524 1.03073 1.03665 1.04291 1.04945 1.05618 1.06298 1.06976 1.0764 1.08278 1.08881 1.09438 1.0994 1.10379 1.10748 1.11041 1.11254 1.11384 1.11429 1.11388 1.11262 1.11054 1.10766 1.10402 1.0997 1.09475 1.08927 1.08335 1.07708 1.07058 1.06395 1.0573 1.05073 1.04434 1.03821 1.03241 1.027 1.02202 1.01751 1.01347 1.0099 1.00679 1.00413 1.00187 0.999992 0.998444 0.99719 0.996189 0.995403 0.994797 0.994339 0.994003 0.993765 0.993608 0.993518 0.993485 0.993503 0.993567 0.993675 0.993826 0.994018 0.994252 0.994525 0.994834 0.995176 0.995545 0.995933 0.996334 
0.989709 0.99011 0.990498 0.990866 0.991208 0.99152 0.991799 0.992045 0.992258 0.992441 0.992598 0.992737 0.992864 0.992989 0.993126 0.99329 0.9935 0.99378 0.99416 0.994676 0.995368 0.996284 0.997475 0.999 1.00092 1.00328 1.00615 1.00957 1.01359 1.01823 1.02351 1.0294 1.0359 1.04295 1.05049 1.05843 1.06667 1.07509 1.08357 1.09197 1.10016 1.10801 1.11539 1.12218 1.12827 1.13358 1.13803 1.14156 1.14411 1.14565 1.14617 1.14565 1.14411 1.14156 1.13804 1.13361 1.12832 1.12228 1.11555 1.10827 1.10054 1.0925 1.08426 1.07597 1.06774 1.0597 1.05195 1.04458 1.03767 1.03128 1.02545 1.02021 1.01556 1.01149 1.00798 1.00499 1.00249 1.00041 0.998727 0.997373 0.996304 0.995474 0.994842 0.994372 0.994034 0.993802 0.993657 0.993585 0.993575 0.993619 0.993713 0.993855 0.994041 0.994271 0.994541 0.994849 0.995189 0.995558 0.995946 0.996346 
0.989717 0.990118 0.990506 0.990874 0.991217 0.991529 0.991809 0.992056 0.992271 0.992458 0.992621 0.99277 0.992912 0.993062 0.993235 0.993451 0.993738 0.994125 0.994653 0.995368 0.996323 0.997579 0.999203 1.00127 1.00384 1.00699 1.01079 1.01529 1.02053 1.02653 1.03331 1.04084 1.04907 1.05795 1.06738 1.07725 1.08743 1.09778 1.10813 1.11835 1.12825 1.1377 1.14655 1.15466 1.16192 1.16822 1.17348 1.17764 1.18063 1.18243 1.18302 1.18238 1.18052 1.17747 1.17327 1.16798 1.16166 1.15441 1.14633 1.13756 1.12822 1.11845 1.10842 1.09827 1.08815 1.07822 1.06859 1.0594 1.05073 1.04267 1.03528 1.0286 1.02264 1.01739 1.01284 1.00895 1.00566 1.00294 1.0007 0.9989 0.99747 0.996353 0.995496 0.994853 0.994383 0.994053 0.993836 0.993711 0.993663 0.993681 0.993758 0.993887 0.994065 0.994289 0.994555 0.994861 0.9952 0.995567 0.995955 0.996355 
0.989723 0.990124 0.990512 0.99088 0.991223 0.991536 0.991817 0.992065 0.992284 0.992476 0.992648 0.992811 0.992975 0.993157 0.993379 0.993668 0.994056 0.994586 0.995309 0.996284 0.997579 0.999272 1.00145 1.00419 1.00758 1.01171 1.01664 1.02245 1.02915 1.03679 1.04534 1.05477 1.06502 1.07599 1.08757 1.0996 1.11195 1.12441 1.13683 1.149 1.16076 1.17191 1.18232 1.19182 1.20029 1.20762 1.21372 1.21853 1.22198 1.22404 1.22469 1.22392 1.22174 1.21818 1.21327 1.20707 1.19967 1.19116 1.18165 1.17128 1.1602 1.14858 1.13658 1.12439 1.11218 1.10013 1.08839 1.07711 1.06643 1.05644 1.04722 1.03884 1.03132 1.02467 1.01887 1.01388 1.00965 1.00611 1.0032 1.00084 0.998958 0.997478 0.996336 0.995472 0.994833 0.994376 0.994066 0.993873 0.993776 0.993759 0.993811 0.993924 0.994091 0.994307 0.994569 0.994871 0.995209 0.995575 0.995962 0.996361 
0.989727 0.990128 0.990516 0.990885 0.991228 0.991541 0.991824 0.992075 0.992298 0.992497 0.992682 0.992863 0.993057 0.993284 0.993572 0.993955 0.994478 0.995194 0.996168 0.997475 0.999203 1.00145 1.0043 1.00788 1.01228 1.01759 1.02389 1.03125 1.03969 1.04922 1.05982 1.07142 1.08395 1.09726 1.11122 1.12563 1.14032 1.15507 1.16967 1.18392 1.1976 1.21052 1.22252 1.23343 1.24313 1.2515 1.25844 1.26389 1.2678 1.27012 1.27083 1.26993 1.26743 1.26335 1.25773 1.25063 1.24213 1.23233 1.22135 1.20934 1.19645 1.18287 1.16879 1.15441 1.13994 1.12557 1.1115 1.09791 1.08495 1.07277 1.06148 1.05114 1.04181 1.03351 1.02622 1.01993 1.01456 1.01005 1.00631 1.00327 1.00083 0.9989 0.997402 0.99626 0.995408 0.99479 0.99436 0.994079 0.99392 0.993858 0.993879 0.99397 0.994122 0.994329 0.994584 0.994882 0.995217 0.995581 0.995967 0.996366 
0.98973 0.990131 0.990519 0.990888 0.991232 0.991547 0.991831 0.992086 0.992315 0.992525 0.992725 0.992932 0.993165 0.993451 0.993825 0.994332 0.995028 0.995981 0.997274 0.999 1.00127 1.00419 1.00788 1.01247 1.01808 1.02479 1.0327 1.04186 1.0523 1.064 1.07691 1.09095 1.10599 1.12187 1.13839 1.15535 1.17252 1.18966 1.20652 1.22288 1.23851 1.2532 1.26678 1.27909 1.28998 1.29934 1.30709 1.31316 1.3175 1.32006 1.32084 1.31982 1.31701 1.31244 1.30614 1.29816 1.2886 1.27753 1.2651 1.25144 1.23673 1.22115 1.20492 1.18826 1.1714 1.15457 1.13799 1.12188 1.10644 1.09183 1.07819 1.06564 1.05425 1.04405 1.03505 1.02722 1.02051 1.01484 1.01013 1.00626 1.00315 1.00067 0.998733 0.997249 0.996132 0.995314 0.994733 0.994342 0.994102 0.993983 0.993964 0.994027 0.99416 0.994354 0.994601 0.994894 0.995225 0.995587 0.995972 0.99637 
0.989733 0.990133 0.990522 0.990891 0.991235 0.991552 0.991839 0.992099 0.992336 0.99256 0.992782 0.993023 0.993307 0.99367 0.994155 0.994819 0.995734 0.996985 0.998674 1.00092 1.00384 1.00758 1.01228 1.01808 1.0251 1.03345 1.04321 1.05444 1.06713 1.08125 1.09672 1.11342 1.13117 1.14979 1.16903 1.18864 1.20836 1.22791 1.24704 1.2655 1.28303 1.29944 1.31453 1.32814 1.34015 1.35044 1.35894 1.36557 1.37029 1.37308 1.37392 1.37279 1.36971 1.36469 1.35776 1.34899 1.33842 1.32618 1.31236 1.29712 1.28062 1.26308 1.2447 1.22573 1.20643 1.18704 1.16782 1.14904 1.13092 1.11367 1.09747 1.08247 1.06876 1.05642 1.04547 1.03589 1.02762 1.0206 1.01473 1.00989 1.00597 1.00283 1.00037 0.998471 0.997032 0.995966 0.9952 0.994671 0.994331 0.994141 0.994071 0.994099 0.994208 0.994386 0.994622 0.994908 0.995234 0.995593 0.995976 0.996373 
0.989736 0.990136 0.990524 0.990894 0.991239 0.991558 0.991849 0.992116 0.992364 0.992605 0.992856 0.993141 0.993491 0.993951 0.994576 0.995439 0.996626 0.998243 1.00041 1.00328 1.00699 1.01171 1.01759 1.02479 1.03345 1.04367 1.05553 1.06906 1.08425 1.10102 1.11926 1.1388 1.15943 1.18089 1.20292 1.22522 1.24749 1.26943 1.29076 1.31122 1.33055 1.34854 1.36501 1.37981 1.39281 1.40391 1.41305 1.42017 1.42523 1.42821 1.4291 1.42788 1.42457 1.41917 1.41171 1.40224 1.3908 1.37749 1.36242 1.34572 1.32756 1.30814 1.28769 1.26646 1.24471 1.22274 1.20083 1.17927 1.15834 1.13828 1.11933 1.10166 1.08543 1.07071 1.05757 1.04601 1.03598 1.02741 1.0202 1.01423 1.00936 1.00545 1.00236 0.999961 0.998133 0.996768 0.995776 0.995079 0.994616 0.994337 0.994204 0.994188 0.994267 0.994425 0.994647 0.994924 0.995245 0.9956 0.995981 0.996377 
0.989738 0.990138 0.990526 0.990896 0.991244 0.991565 0.991862 0.992137 0.9924 0.992664 0.992952 0.993292 0.993726 0.994308 0.995107 0.996212 0.997731 0.999793 1.00254 1.00615 1.01079 1.01664 1.02389 1.0327 1.04321 1.05553 1.06972 1.08579 1.10368 1.1233 1.14447 1.16697 1.19056 1.21492 1.23974 1.26468 1.28943 1.31365 1.33704 1.35933 1.38028 1.39968 1.41734 1.43314 1.44697 1.45874 1.46839 1.4759 1.48123 1.48436 1.48529 1.48402 1.48053 1.47484 1.46697 1.45693 1.44478 1.43059 1.41444 1.39647 1.37682 1.35569 1.33331 1.30993 1.28583 1.26132 1.23672 1.21236 1.18854 1.16557 1.14371 1.12321 1.10424 1.08695 1.07141 1.05765 1.04564 1.03533 1.0266 1.01933 1.01337 1.00856 1.00473 1.00175 0.99946 0.99774 0.996477 0.995578 0.994966 0.994579 0.994369 0.994299 0.994341 0.994473 0.994679 0.994944 0.995258 0.995609 0.995986 0.99638 
0.989741 0.99014 0.990529 0.9909 0.991249 0.991575 0.991878 0.992164 0.992446 0.99274 0.993073 0.993483 0.99402 0.994752 0.995763 0.997163 0.99908 1.00167 1.0051 1.00957 1.01529 1.02245 1.03125 1.04186 1.05444 1.06906 1.08579 1.10458 1.12535 1.14795 1.17216 1.1977 1.22426 1.25149 1.27903 1.30651 1.33358 1.35989 1.38513 1.40903 1.43136 1.45192 1.47055 1.48713 1.50159 1.51385 1.52388 1.53166 1.53717 1.54041 1.54138 1.54007 1.53648 1.5306 1.52245 1.51202 1.49934 1.48448 1.46748 1.44847 1.42757 1.40496 1.38086 1.35552 1.32923 1.30231 1.27511 1.24797 1.22126 1.19532 1.17048 1.14702 1.12517 1.10512 1.08699 1.07083 1.05665 1.0444 1.03397 1.02524 1.01804 1.01219 1.00753 1.00386 1.00104 0.998901 0.997318 0.996179 0.995389 0.994873 0.99457 0.994435 0.994431 0.994532 0.994717 0.994969 0.995273 0.995618 0.995992 0.996384 
0.989744 0.990143 0.990531 0.990904 0.991256 0.991587 0.991898 0.992199 0.992504 0.992834 0.993224 0.99372 0.994383 0.995296 0.996562 0.998311 1.0007 1.0039 1.00813 1.01359 1.02053 1.02915 1.03969 1.0523 1.06713 1.08425 1.10368 1.12535 1.14913 1.1748 1.20209 1.23066 1.26014 1.29014 1.32025 1.35008 1.37924 1.40738 1.43421 1.45944 1.48286 1.50431 1.52363 1.54076 1.55561 1.56817 1.57841 1.58634 1.59195 1.59526 1.59626 1.59495 1.59132 1.58536 1.57707 1.56643 1.55345 1.53814 1.52056 1.50079 1.47892 1.45511 1.42957 1.40253 1.37427 1.34514 1.31548 1.28569 1.25615 1.22727 1.19941 1.17292 1.14808 1.12514 1.10426 1.08554 1.06901 1.05464 1.04235 1.03199 1.0234 1.01639 1.01077 1.00633 1.00289 1.00027 0.998313 0.996892 0.995893 0.995224 0.994811 0.994598 0.99454 0.994604 0.994764 0.994999 0.995292 0.99563 0.996 0.996389 
0.989748 0.990146 0.990535 0.990909 0.991265 0.991602 0.991924 0.992243 0.992576 0.992952 0.993411 0.994009 0.994823 0.995951 0.997517 0.999675 1.00261 1.00652 1.01165 1.01823 1.02653 1.03679 1.04922 1.064 1.08125 1.10102 1.1233 1.14795 1.1748 1.20356 1.2339 1.26543 1.29771 1.33031 1.36278 1.39469 1.42566 1.45534 1.48342 1.50966 1.53387 1.55589 1.57562 1.59302 1.60805 1.6207 1.63099 1.63894 1.64456 1.64788 1.6489 1.64762 1.64403 1.6381 1.62982 1.61916 1.60609 1.5906 1.57272 1.55248 1.52996 1.50528 1.47861 1.45017 1.42025 1.38916 1.35728 1.32501 1.29279 1.26104 1.23021 1.20068 1.17281 1.14688 1.12314 1.10172 1.08269 1.06605 1.05172 1.03958 1.02947 1.02117 1.01448 1.00916 1.00502 1.00185 0.999471 0.997727 0.996486 0.995639 0.995097 0.994793 0.994671 0.99469 0.99482 0.995035 0.995315 0.995645 0.996009 0.996395 
0.989752 0.99015 0.99054 0.990916 0.991276 0.99162 0.991956 0.992296 0.992664 0.993094 0.993636 0.994357 0.995348 0.996727 0.998641 1.00127 1.00482 1.00953 1.01567 1.02351 1.03331 1.04534 1.05982 1.07691 1.09672 1.11926 1.14447 1.17216 1.20209 1.2339 1.26721 1.30155 1.33644 1.37139 1.40594 1.43964 1.47209 1.50295 1.53195 1.55885 1.58349 1.60577 1.62563 1.64303 1.658 1.67055 1.68072 1.68857 1.69411 1.69739 1.69842 1.6972 1.69371 1.68793 1.67981 1.6693 1.65637 1.64096 1.62306 1.60266 1.57982 1.55461 1.52717 1.49769 1.46643 1.4337 1.39987 1.36538 1.33067 1.29622 1.26251 1.22999 1.19909 1.17016 1.14348 1.11925 1.0976 1.07855 1.06206 1.04801 1.03624 1.02653 1.01865 1.01237 1.00745 1.00366 1.0008 0.998691 0.997173 0.996122 0.995432 0.99502 0.994824 0.994792 0.994886 0.995078 0.995342 0.995662 0.99602 0.996402 
0.989758 0.990154 0.990545 0.990924 0.991289 0.991643 0.991995 0.992361 0.992771 0.993265 0.993903 0.994767 0.995964 0.997632 0.999943 1.0031 1.00735 1.01295 1.02021 1.0294 1.04084 1.05477 1.07142 1.09095 1.11342 1.1388 1.16697 1.1977 1.23066 1.26543 1.30155 1.3385 1.37575 1.41277 1.44908 1.48421 1.51778 1.54947 1.579 1.60621 1.63096 1.65319 1.67288 1.69004 1.70473 1.71699 1.7269 1.73452 1.73991 1.7431 1.74413 1.743 1.73967 1.73413 1.7263 1.71612 1.70353 1.68843 1.67079 1.65055 1.62772 1.60233 1.57448 1.54433 1.51209 1.47807 1.44264 1.40621 1.36926 1.33232 1.2959 1.26052 1.22665 1.19472 1.16508 1.138 1.11365 1.09209 1.07332 1.05724 1.04369 1.03246 1.0233 1.01596 1.01018 1.00571 1.00231 0.999786 0.997958 0.996675 0.995816 0.995284 0.995001 0.99491 0.994964 0.995128 0.995374 0.995682 0.996032 0.99641 
0.989764 0.99016 0.990551 0.990934 0.991305 0.99167 0.992041 0.992438 0.992897 0.993465 0.994216 0.995244 0.996675 0.99867 1.00143 1.00518 1.01019 1.01677 1.02524 1.0359 1.04907 1.06502 1.08395 1.10599 1.13117 1.15943 1.19056 1.22426 1.26014 1.29771 1.33644 1.37575 1.41506 1.45383 1.49154 1.52775 1.56207 1.5942 1.62392 1.65109 1.67563 1.69752 1.71678 1.73347 1.74767 1.75948 1.76899 1.77629 1.78144 1.78452 1.78554 1.7845 1.7814 1.77617 1.76875 1.75905 1.74697 1.73241 1.71528 1.69548 1.67298 1.64775 1.61986 1.5894 1.55657 1.52163 1.48494 1.44691 1.40804 1.36886 1.32995 1.29186 1.25514 1.22029 1.18772 1.15777 1.13067 1.10654 1.0854 1.0672 1.05177 1.03892 1.02839 1.01991 1.0132 1.00798 1.00399 1.00102 0.998841 0.9973 0.996252 0.995584 0.995204 0.995045 0.995053 0.995185 0.995411 0.995706 0.996047 0.99642 
0.989772 0.990166 0.990559 0.990945 0.991324 0.991703 0.992096 0.992529 0.993043 0.993697 0.994575 0.995788 0.997481 0.99984 1.00309 1.00749 1.01334 1.02097 1.03073 1.04295 1.05795 1.07599 1.09726 1.12187 1.14979 1.18089 1.21492 1.25149 1.29014 1.33031 1.37139 1.41277 1.45383 1.494 1.53275 1.56966 1.60435 1.63657 1.66615 1.69297 1.717 1.73829 1.75689 1.77291 1.78646 1.79768 1.80668 1.81357 1.81844 1.82135 1.82235 1.82143 1.81858 1.81373 1.80681 1.79771 1.78631 1.77247 1.75606 1.73695 1.71506 1.69031 1.66271 1.63231 1.59926 1.56378 1.5262 1.48693 1.44646 1.40534 1.36419 1.32361 1.28421 1.24655 1.21113 1.17834 1.14849 1.12175 1.0982 1.0778 1.06043 1.04588 1.0339 1.0242 1.01649 1.01047 1.00585 1.00237 0.999821 0.997997 0.99674 0.99592 0.995433 0.995198 0.995154 0.995251 0.995454 0.995732 0.996064 0.996431 
0.98978 0.990174 0.990568 0.990959 0.991347 0.991741 0.992159 0.992633 0.99321 0.99396 0.99498 0.996398 0.998381 1.00114 1.00492 1.01002 1.01677 1.02552 1.03665 1.05049 1.06738 1.08757 1.11122 1.13839 1.16903 1.20292 1.23974 1.27903 1.32025 1.36278 1.40594 1.44908 1.49154 1.53275 1.57219 1.60943 1.64416 1.67615 1.70526 1.73145 1.75474 1.7752 1.79296 1.80814 1.82092 1.83144 1.83985 1.84626 1.8508 1.85353 1.8545 1.8537 1.85113 1.84671 1.84035 1.83194 1.82132 1.80834 1.79283 1.77463 1.75358 1.72959 1.70258 1.67257 1.63965 1.60399 1.56589 1.52574 1.48401 1.44129 1.39818 1.35536 1.31348 1.27318 1.23501 1.19946 1.1669 1.13756 1.11157 1.08894 1.06957 1.05326 1.03977 1.0288 1.02004 1.01316 1.00786 1.00385 1.00089 0.998762 0.997278 0.996292 0.995687 0.995369 0.995267 0.995325 0.995501 0.995763 0.996084 0.996443 
0.98979 0.990183 0.990579 0.990974 0.991372 0.991784 0.99223 0.99275 0.993398 0.994254 0.99543 0.997073 0.999369 1.00255 1.00691 1.01275 1.02045 1.03037 1.04291 1.05843 1.07725 1.0996 1.12563 1.15535 1.18864 1.22522 1.26468 1.30651 1.35008 1.39469 1.43964 1.48421 1.52775 1.56966 1.60943 1.64669 1.68113 1.71259 1.74098 1.76631 1.78865 1.80812 1.82489 1.83913 1.85104 1.86078 1.86854 1.87445 1.87862 1.88115 1.88207 1.8814 1.87911 1.87514 1.86939 1.86172 1.85196 1.83995 1.82547 1.80833 1.78833 1.76531 1.73916 1.70983 1.67735 1.64185 1.60358 1.56289 1.52026 1.47624 1.43149 1.3867 1.34258 1.29982 1.25907 1.22087 1.18567 1.15377 1.12536 1.10049 1.07909 1.06099 1.04595 1.03366 1.0238 1.01602 1.01001 1.00544 1.00205 0.999589 0.997861 0.996697 0.995964 0.995556 0.995391 0.995406 0.995554 0.995796 0.996105 0.996457 
0.989801 0.990193 0.990591 0.990992 0.991401 0.991832 0.99231 0.99288 0.993604 0.994576 0.995921 0.997804 1.00044 1.00408 1.00903 1.01565 1.02433 1.03546 1.04945 1.06667 1.08743 1.11195 1.14032 1.17252 1.20836 1.24749 1.28943 1.33358 1.37924 1.42566 1.47209 1.51778 1.56207 1.60435 1.64416 1.68113 1.71503 1.74572 1.77318 1.79747 1.8187 1.83706 1.85274 1.86597 1.87694 1.88588 1.89296 1.89833 1.90213 1.90444 1.90531 1.90476 1.90276 1.89924 1.89411 1.8872 1.87836 1.86736 1.854 1.83802 1.81921 1.79734 1.77226 1.74384 1.71208 1.67703 1.6389 1.59801 1.55479 1.50981 1.46372 1.41724 1.37113 1.32615 1.28299 1.24228 1.20455 1.17017 1.13938 1.11229 1.08887 1.06897 1.05235 1.03872 1.02773 1.01903 1.01227 1.00712 1.00328 1.00047 0.998485 0.997132 0.996262 0.995757 0.995525 0.995494 0.995611 0.995833 0.996129 0.996473 
0.989813 0.990203 0.990604 0.991012 0.991433 0.991885 0.992397 0.993021 0.993828 0.994924 0.996448 0.998585 1.00157 1.00568 1.01126 1.01868 1.02836 1.04072 1.05618 1.07509 1.09778 1.12441 1.15507 1.18966 1.22791 1.26943 1.31365 1.35989 1.40738 1.45534 1.50295 1.54947 1.5942 1.63657 1.67615 1.71259 1.74572 1.77546 1.80183 1.82494 1.84498 1.86216 1.8767 1.88887 1.8989 1.90701 1.9134 1.91824 1.92166 1.92375 1.92457 1.92413 1.92241 1.91933 1.9148 1.90867 1.90073 1.89078 1.87857 1.86382 1.84628 1.82569 1.80181 1.7745 1.74366 1.70932 1.6716 1.63079 1.58729 1.54165 1.49451 1.44663 1.3988 1.35182 1.30646 1.26343 1.2233 1.18654 1.15345 1.1242 1.09878 1.07708 1.05889 1.04391 1.03178 1.02215 1.01463 1.00887 1.00456 1.0014 0.999142 0.997591 0.996579 0.995972 0.995668 0.995589 0.995672 0.995872 0.996154 0.99649 
0.989826 0.990215 0.990618 0.991033 0.991467 0.991942 0.992491 0.993172 0.994067 0.995291 0.997002 0.999403 1.00275 1.00735 1.01356 1.0218 1.03249 1.04608 1.06298 1.08357 1.10813 1.13683 1.16967 1.20652 1.24704 1.29076 1.33704 1.38513 1.43421 1.48342 1.53195 1.579 1.62392 1.66615 1.70526 1.74098 1.77318 1.80183 1.82701 1.84888 1.86767 1.88363 1.89703 1.90815 1.91724 1.92454 1.93027 1.93458 1.93763 1.9395 1.94026 1.93992 1.93846 1.93581 1.93186 1.92646 1.91941 1.91049 1.89943 1.88593 1.8697 1.85043 1.82787 1.80179 1.77204 1.73859 1.70151 1.66102 1.61751 1.57148 1.52358 1.47458 1.42528 1.37655 1.32921 1.28403 1.24167 1.20266 1.16738 1.13603 1.10868 1.08523 1.06549 1.04916 1.0359 1.02532 1.01704 1.01067 1.00588 1.00235 0.999823 0.998069 0.996908 0.996196 0.995819 0.995688 0.995737 0.995914 0.996181 0.996508 
0.989839 0.990228 0.990633 0.991056 0.991504 0.992002 0.99259 0.99333 0.994315 0.995673 0.997576 1.00025 1.00396 1.00905 1.0159 1.02495 1.03664 1.05143 1.06976 1.09197 1.11835 1.149 1.18392 1.22288 1.2655 1.31122 1.35933 1.40903 1.45944 1.50966 1.55885 1.60621 1.65109 1.69297 1.73145 1.76631 1.79747 1.82494 1.84888 1.86949 1.88703 1.90178 1.91406 1.92416 1.93235 1.93888 1.94397 1.94778 1.95048 1.95214 1.95284 1.95259 1.95136 1.9491 1.94569 1.94099 1.93478 1.92685 1.91689 1.90462 1.88969 1.87178 1.85056 1.82578 1.79723 1.7648 1.72853 1.68857 1.64526 1.59909 1.55068 1.5008 1.45029 1.40004 1.35095 1.30383 1.25942 1.21832 1.18097 1.14763 1.11842 1.09328 1.07203 1.05439 1.04001 1.0285 1.01946 1.01249 1.00722 1.00332 1.00052 0.998557 0.997246 0.996427 0.995974 0.995791 0.995804 0.995958 0.996209 0.996527 
0.989853 0.990241 0.990649 0.991079 0.991542 0.992065 0.992692 0.993493 0.99457 0.996062 0.998158 1.0011 1.00518 1.01075 1.01824 1.02808 1.04074 1.05671 1.0764 1.10016 1.12825 1.16076 1.1976 1.23851 1.28303 1.33055 1.38028 1.43136 1.48286 1.53387 1.58349 1.63096 1.67563 1.717 1.75474 1.78865 1.8187 1.84498 1.86767 1.88703 1.90334 1.91694 1.92816 1.93729 1.94463 1.95044 1.95494 1.9583 1.96066 1.96213 1.96277 1.96259 1.96157 1.95966 1.95675 1.95268 1.94725 1.94023 1.93133 1.92022 1.90655 1.88996 1.87009 1.84663 1.81932 1.78801 1.75265 1.71337 1.67044 1.62431 1.57561 1.52508 1.47359 1.42207 1.37144 1.32259 1.27632 1.2333 1.19402 1.15883 1.12786 1.10111 1.07841 1.05951 1.04406 1.03164 1.02186 1.01429 1.00855 1.00429 1.00121 0.999048 0.997587 0.99666 0.996131 0.995895 0.995873 0.996002 0.996238 0.996547 
0.989868 0.990254 0.990666 0.991104 0.991581 0.992128 0.992795 0.993657 0.994825 0.996451 0.998737 1.00194 1.00638 1.01243 1.02052 1.03112 1.04473 1.0618 1.08278 1.10801 1.1377 1.17191 1.21052 1.2532 1.29944 1.34854 1.39968 1.45192 1.50431 1.55589 1.60577 1.65319 1.69752 1.73829 1.7752 1.80812 1.83706 1.86216 1.88363 1.90178 1.91694 1.92946 1.93968 1.94793 1.95449 1.95965 1.9636 1.96655 1.96861 1.9699 1.97048 1.97036 1.96953 1.96793 1.96545 1.96195 1.95723 1.95104 1.94311 1.93308 1.92059 1.90526 1.8867 1.86454 1.83847 1.8083 1.77393 1.73541 1.69298 1.64707 1.59824 1.54727 1.49501 1.44241 1.39046 1.34009 1.29216 1.2474 1.20637 1.16945 1.13686 1.1086 1.08455 1.06445 1.04797 1.03469 1.02419 1.01605 1.00986 1.00525 1.0019 0.999532 0.997925 0.996891 0.996287 0.995999 0.995941 0.996047 0.996268 0.996566 
0.989882 0.990268 0.990682 0.991128 0.99162 0.992192 0.992897 0.993818 0.995075 0.996831 0.999301 1.00276 1.00754 1.01404 1.02271 1.03403 1.04851 1.06663 1.08881 1.11539 1.14655 1.18232 1.22252 1.26678 1.31453 1.36501 1.41734 1.47055 1.52363 1.57562 1.62563 1.67288 1.71678 1.75689 1.79296 1.82489 1.85274 1.8767 1.89703 1.91406 1.92816 1.93968 1.949 1.95644 1.96231 1.96688 1.97036 1.97293 1.97474 1.97587 1.97638 1.97631 1.97564 1.9743 1.9722 1.9692 1.9651 1.95966 1.9526 1.94355 1.93216 1.91799 1.90065 1.87972 1.85487 1.82582 1.79244 1.75474 1.7129 1.66729 1.61849 1.56722 1.51438 1.46091 1.40784 1.35616 1.30676 1.26045 1.21784 1.17936 1.14528 1.11563 1.09032 1.06912 1.05167 1.03758 1.02642 1.01773 1.01111 1.00616 1.00256 1 0.998252 0.997116 0.99644 0.996101 0.996008 0.996091 0.996296 0.996586 
0.989896 0.990281 0.990698 0.991152 0.991658 0.992253 0.992995 0.993974 0.995316 0.997194 0.999837 1.00353 1.00864 1.01556 1.02476 1.03675 1.05204 1.07111 1.09438 1.12218 1.15466 1.19182 1.23343 1.27909 1.32814 1.37981 1.43314 1.48713 1.54076 1.59302 1.64303 1.69004 1.73347 1.77291 1.80814 1.83913 1.86597 1.88887 1.90815 1.92416 1.93729 1.94793 1.95644 1.96318 1.96844 1.9725 1.97556 1.97781 1.97938 1.98037 1.98084 1.9808 1.98025 1.97914 1.97737 1.97479 1.97123 1.96645 1.96015 1.95198 1.94155 1.92845 1.91222 1.89243 1.86871 1.84074 1.80832 1.77143 1.73021 1.68498 1.6363 1.58487 1.53159 1.47743 1.42343 1.37062 1.31996 1.27229 1.22828 1.18842 1.15299 1.1221 1.09565 1.07344 1.05511 1.04028 1.0285 1.01931 1.01228 1.00703 1.00318 1.00044 0.998562 0.99733 0.996585 0.996198 0.996073 0.996133 0.996324 0.996605 
0.989909 0.990293 0.990714 0.991174 0.991694 0.992311 0.993088 0.99412 0.99554 0.997532 1.00033 1.00425 1.00964 1.01695 1.02664 1.03923 1.05524 1.07516 1.0994 1.12827 1.16192 1.20029 1.24313 1.28998 1.34015 1.39281 1.44697 1.50159 1.55561 1.60805 1.658 1.70473 1.74767 1.78646 1.82092 1.85104 1.87694 1.8989 1.91724 1.93235 1.94463 1.95449 1.96231 1.96844 1.97318 1.9768 1.97951 1.98149 1.98286 1.98373 1.98415 1.98414 1.9837 1.98277 1.98126 1.97905 1.97595 1.97172 1.96607 1.95866 1.94909 1.93691 1.92167 1.90291 1.88021 1.85322 1.82171 1.78559 1.74498 1.70016 1.65165 1.60016 1.54657 1.49186 1.4371 1.38336 1.33162 1.28279 1.23757 1.1965 1.1599 1.12791 1.10045 1.07734 1.05823 1.04273 1.03039 1.02075 1.01336 1.00782 1.00375 1.00085 0.99885 0.997529 0.99672 0.996289 0.996133 0.996173 0.99635 0.996623 
0.989921 0.990305 0.990728 0.991195 0.991727 0.992364 0.993173 0.994252 0.995743 0.997837 1.00078 1.00489 1.01055 1.01818 1.0283 1.04142 1.05806 1.07871 1.10379 1.13358 1.16822 1.20762 1.2515 1.29934 1.35044 1.40391 1.45874 1.51385 1.56817 1.6207 1.67055 1.71699 1.75948 1.79768 1.83144 1.86078 1.88588 1.90701 1.92454 1.93888 1.95044 1.95965 1.96688 1.9725 1.9768 1.98005 1.98247 1.98422 1.98543 1.98619 1.98657 1.98659 1.98623 1.98545 1.98416 1.98224 1.97952 1.97575 1.97066 1.96389 1.95503 1.94365 1.92926 1.91139 1.88958 1.86346 1.83275 1.79734 1.75729 1.71286 1.66456 1.61307 1.55926 1.50413 1.44877 1.39426 1.34164 1.29183 1.24559 1.2035 1.1659 1.13296 1.10464 1.08075 1.06097 1.04489 1.03206 1.02202 1.01432 1.00852 1.00427 1.00122 0.999108 0.997708 0.996843 0.996372 0.996188 0.996209 0.996374 0.996639 
0.989932 0.990315 0.990741 0.991214 0.991756 0.992411 0.993247 0.994368 0.99592 0.998102 1.00117 1.00544 1.01132 1.01924 1.02972 1.04327 1.06044 1.08171 1.10748 1.13803 1.17348 1.21372 1.25844 1.30709 1.35894 1.41305 1.46839 1.52388 1.57841 1.63099 1.68072 1.7269 1.76899 1.80668 1.83985 1.86854 1.89296 1.9134 1.93027 1.94397 1.95494 1.9636 1.97036 1.97556 1.97951 1.98247 1.98465 1.98621 1.98729 1.98797 1.98832 1.98835 1.98805 1.98739 1.98628 1.9846 1.98218 1.97878 1.97413 1.96788 1.95962 1.94889 1.9352 1.91807 1.897 1.87161 1.84159 1.80678 1.76722 1.72315 1.67505 1.62359 1.56963 1.51419 1.45835 1.40324 1.34991 1.29932 1.25226 1.20933 1.17092 1.1372 1.10816 1.08363 1.06328 1.04671 1.03348 1.02311 1.01513 1.00913 1.00471 1.00154 0.999331 0.997864 0.996949 0.996444 0.996236 0.996241 0.996395 0.996654 
