0.789211 0.789659 0.790089 0.790492 0.790858 0.791184 0.791467 0.791707 0.791906 0.792066 0.792193 0.79229 0.792364 0.792419 0.792458 0.792487 0.792506 0.792519 0.792528 0.792534 0.792538 0.79254 0.792542 0.792543 0.792543 0.792544 0.792544 0.792544 0.792545 0.792546 0.792546 0.792547 0.792548 0.79255 0.792551 0.792553 0.792555 0.792558 0.792561 0.792564 0.792567 0.79257 0.792574 0.792577 0.79258 0.792583 0.792586 0.792589 0.792591 0.792592 0.792593 0.792593 0.792593 0.792592 0.792591 0.792589 0.792587 0.792585 0.792582 0.792578 0.792575 0.792572 0.792569 0.792565 0.792562 0.79256 0.792557 0.792555 0.792553 0.792551 0.79255 0.792548 0.792547 0.792546 0.792546 0.792545 0.792545 0.792545 0.792545 0.792546 0.792548 0.792551 0.792556 0.792564 0.792577 0.792598 0.792629 0.792675 0.79274 0.792828 0.792947 0.793101 0.793295 0.793533 0.793817 0.794145 0.794514 0.794919 0.795351 0.795799 
0.789659 0.790107 0.790537 0.790939 0.791306 0.791632 0.791915 0.792154 0.792353 0.792513 0.79264 0.792738 0.792812 0.792866 0.792906 0.792934 0.792953 0.792967 0.792976 0.792981 0.792985 0.792987 0.792989 0.79299 0.79299 0.792991 0.792991 0.792992 0.792992 0.792992 0.792993 0.792993 0.792994 0.792995 0.792996 0.792998 0.793 0.793001 0.793004 0.793006 0.793009 0.793011 0.793014 0.793017 0.79302 0.793022 0.793025 0.793027 0.793029 0.79303 0.793031 0.793031 0.793031 0.79303 0.793029 0.793028 0.793026 0.793024 0.793021 0.793019 0.793016 0.793013 0.79301 0.793008 0.793005 0.793003 0.793001 0.792999 0.792998 0.792996 0.792995 0.792994 0.792994 0.792993 0.792993 0.792992 0.792992 0.792992 0.792992 0.792993 0.792995 0.792998 0.793003 0.793011 0.793025 0.793046 0.793077 0.793123 0.793187 0.793276 0.793395 0.793549 0.793743 0.793981 0.794264 0.794592 0.794962 0.795366 0.795798 0.796246 
0.790089 0.790537 0.790967 0.791369 0.791735 0.792061 0.792344 0.792584 0.792782 0.792942 0.793069 0.793167 0.793241 0.793295 0.793335 0.793363 0.793383 0.793396 0.793405 0.793411 0.793414 0.793417 0.793418 0.793419 0.79342 0.79342 0.79342 0.793421 0.793421 0.793422 0.793422 0.793423 0.793424 0.793425 0.793426 0.793428 0.79343 0.793432 0.793435 0.793437 0.793441 0.793444 0.793447 0.793451 0.793454 0.793457 0.79346 0.793463 0.793465 0.793467 0.793468 0.793468 0.793468 0.793467 0.793466 0.793464 0.793462 0.793459 0.793456 0.793453 0.793449 0.793446 0.793443 0.793439 0.793437 0.793434 0.793431 0.793429 0.793428 0.793426 0.793425 0.793424 0.793423 0.793422 0.793422 0.793422 0.793421 0.793421 0.793422 0.793423 0.793424 0.793427 0.793432 0.793441 0.793454 0.793475 0.793506 0.793552 0.793617 0.793706 0.793824 0.793979 0.794173 0.794411 0.794694 0.795022 0.795391 0.795795 0.796227 0.796675 
0.790492 0.790939 0.791369 0.79177 0.792137 0.792462 0.792745 0.792985 0.793183 0.793344 0.79347 0.793568 0.793642 0.793697 0.793737 0.793765 0.793784 0.793797 0.793806 0.793812 0.793816 0.793818 0.79382 0.793821 0.793821 0.793822 0.793822 0.793823 0.793823 0.793824 0.793825 0.793826 0.793827 0.793829 0.793831 0.793834 0.793837 0.793841 0.793845 0.79385 0.793855 0.793861 0.793866 0.793872 0.793877 0.793883 0.793887 0.793892 0.793895 0.793897 0.793899 0.7939 0.793899 0.793898 0.793896 0.793892 0.793888 0.793884 0.793879 0.793873 0.793868 0.793862 0.793857 0.793852 0.793847 0.793843 0.793839 0.793836 0.793833 0.793831 0.793829 0.793827 0.793826 0.793825 0.793824 0.793824 0.793823 0.793823 0.793823 0.793824 0.793826 0.793829 0.793834 0.793842 0.793856 0.793877 0.793908 0.793954 0.794019 0.794108 0.794226 0.79438 0.794575 0.794812 0.795095 0.795423 0.795792 0.796197 0.796628 0.797076 
0.790858 0.791306 0.791735 0.792137 0.792503 0.792829 0.793111 0.793351 0.793549 0.79371 0.793836 0.793934 0.794008 0.794063 0.794103 0.794131 0.79415 0.794164 0.794173 0.794179 0.794182 0.794185 0.794186 0.794187 0.794188 0.794188 0.794189 0.79419 0.794191 0.794192 0.794193 0.794195 0.794198 0.794201 0.794206 0.794211 0.794217 0.794224 0.794232 0.794241 0.794251 0.794261 0.794271 0.794282 0.794292 0.794301 0.79431 0.794317 0.794323 0.794327 0.79433 0.794331 0.79433 0.794327 0.794323 0.794317 0.79431 0.794301 0.794292 0.794282 0.794272 0.794262 0.794252 0.794243 0.794234 0.794226 0.794219 0.794213 0.794208 0.794204 0.7942 0.794197 0.794195 0.794193 0.794192 0.794191 0.79419 0.79419 0.79419 0.794191 0.794192 0.794195 0.7942 0.794209 0.794222 0.794243 0.794275 0.79432 0.794385 0.794474 0.794593 0.794747 0.794941 0.795179 0.795462 0.79579 0.796159 0.796563 0.796994 0.797441 
0.791184 0.791632 0.792061 0.792462 0.792829 0.793154 0.793437 0.793677 0.793875 0.794035 0.794162 0.79426 0.794334 0.794389 0.794429 0.794457 0.794476 0.79449 0.794499 0.794504 0.794508 0.794511 0.794512 0.794513 0.794514 0.794515 0.794516 0.794517 0.794519 0.794521 0.794525 0.794529 0.794534 0.794541 0.794549 0.794559 0.794571 0.794585 0.7946 0.794617 0.794635 0.794654 0.794673 0.794693 0.794711 0.794729 0.794744 0.794757 0.794768 0.794776 0.794781 0.794782 0.79478 0.794775 0.794766 0.794755 0.794741 0.794726 0.794708 0.79469 0.794671 0.794652 0.794634 0.794617 0.794601 0.794586 0.794573 0.794562 0.794552 0.794544 0.794537 0.794531 0.794527 0.794524 0.794521 0.794519 0.794518 0.794517 0.794517 0.794517 0.794519 0.794521 0.794526 0.794535 0.794548 0.794569 0.794601 0.794646 0.794711 0.7948 0.794919 0.795073 0.795267 0.795505 0.795788 0.796116 0.796485 0.796889 0.79732 0.797767 
0.791467 0.791915 0.792344 0.792745 0.793111 0.793437 0.79372 0.793959 0.794158 0.794318 0.794445 0.794543 0.794617 0.794672 0.794711 0.79474 0.794759 0.794773 0.794782 0.794787 0.794791 0.794794 0.794796 0.794797 0.794798 0.7948 0.794802 0.794804 0.794807 0.794812 0.794818 0.794826 0.794837 0.79485 0.794866 0.794885 0.794908 0.794933 0.794962 0.794994 0.795027 0.795062 0.795098 0.795133 0.795167 0.795198 0.795226 0.795249 0.795268 0.795282 0.79529 0.795292 0.795287 0.795277 0.795262 0.795241 0.795216 0.795187 0.795155 0.795122 0.795087 0.795053 0.795019 0.794988 0.794958 0.794931 0.794907 0.794886 0.794868 0.794853 0.79484 0.79483 0.794822 0.794815 0.79481 0.794807 0.794804 0.794802 0.794801 0.794801 0.794802 0.794805 0.79481 0.794818 0.794831 0.794852 0.794884 0.794929 0.794994 0.795083 0.795202 0.795356 0.795551 0.795788 0.796071 0.796399 0.796768 0.797172 0.797603 0.79805 
0.791707 0.792154 0.792584 0.792985 0.793351 0.793677 0.793959 0.794199 0.794397 0.794558 0.794684 0.794783 0.794857 0.794912 0.794951 0.794979 0.794999 0.795013 0.795022 0.795028 0.795032 0.795034 0.795036 0.795038 0.79504 0.795043 0.795046 0.795051 0.795058 0.795067 0.795079 0.795095 0.795115 0.795139 0.795169 0.795205 0.795247 0.795294 0.795347 0.795404 0.795465 0.795527 0.795591 0.795653 0.795712 0.795767 0.795816 0.795857 0.79589 0.795913 0.795926 0.795928 0.79592 0.795901 0.795873 0.795835 0.79579 0.795739 0.795682 0.795622 0.795561 0.7955 0.79544 0.795383 0.79533 0.795281 0.795238 0.7952 0.795167 0.79514 0.795117 0.795098 0.795083 0.795071 0.795062 0.795055 0.79505 0.795046 0.795044 0.795043 0.795044 0.795046 0.79505 0.795058 0.795072 0.795092 0.795124 0.79517 0.795234 0.795323 0.795442 0.795597 0.795791 0.796029 0.796312 0.796639 0.797008 0.797412 0.797843 0.79829 
0.791906 0.792353 0.792782 0.793183 0.793549 0.793875 0.794158 0.794397 0.794596 0.794756 0.794883 0.794981 0.795055 0.79511 0.79515 0.795178 0.795198 0.795211 0.79522 0.795226 0.795231 0.795234 0.795237 0.79524 0.795243 0.795248 0.795255 0.795264 0.795277 0.795294 0.795317 0.795346 0.795383 0.795428 0.795483 0.795548 0.795623 0.795708 0.795801 0.795902 0.796008 0.796117 0.796227 0.796335 0.796437 0.79653 0.796613 0.796683 0.796737 0.796775 0.796796 0.796798 0.796783 0.796749 0.796699 0.796634 0.796556 0.796466 0.796368 0.796264 0.796158 0.796051 0.795947 0.795848 0.795755 0.79567 0.795594 0.795527 0.795469 0.79542 0.79538 0.795346 0.795319 0.795298 0.795281 0.795269 0.79526 0.795253 0.795248 0.795246 0.795245 0.795246 0.79525 0.795258 0.795271 0.795291 0.795323 0.795368 0.795433 0.795522 0.795641 0.795795 0.79599 0.796227 0.796511 0.796838 0.797207 0.797611 0.798042 0.798489 
0.792066 0.792513 0.792942 0.793344 0.79371 0.794035 0.794318 0.794558 0.794756 0.794917 0.795043 0.795142 0.795216 0.795271 0.79531 0.795339 0.795359 0.795372 0.795381 0.795388 0.795393 0.795397 0.795401 0.795406 0.795412 0.795421 0.795434 0.795452 0.795475 0.795507 0.795549 0.795602 0.795668 0.79575 0.795847 0.795961 0.796092 0.796239 0.796399 0.796572 0.796753 0.796938 0.797123 0.797303 0.797473 0.797628 0.797765 0.797879 0.797968 0.798029 0.798061 0.798063 0.798035 0.797977 0.797892 0.797781 0.797648 0.797497 0.797331 0.797157 0.796977 0.796797 0.796621 0.796453 0.796295 0.796151 0.79602 0.795906 0.795806 0.795721 0.79565 0.795592 0.795545 0.795508 0.795479 0.795456 0.795439 0.795427 0.795418 0.795413 0.79541 0.79541 0.795413 0.79542 0.795432 0.795453 0.795484 0.795529 0.795594 0.795683 0.795802 0.795956 0.796151 0.796388 0.796672 0.796999 0.797368 0.797772 0.798203 0.79865 
0.792193 0.79264 0.793069 0.79347 0.793836 0.794162 0.794445 0.794684 0.794883 0.795043 0.79517 0.795268 0.795343 0.795398 0.795438 0.795466 0.795486 0.7955 0.795509 0.795516 0.795522 0.795528 0.795534 0.795543 0.795555 0.795571 0.795595 0.795627 0.79567 0.795728 0.795802 0.795896 0.796012 0.796153 0.796321 0.796516 0.796737 0.796984 0.797254 0.797541 0.79784 0.798144 0.798447 0.79874 0.799015 0.799266 0.799485 0.799667 0.799808 0.799903 0.799951 0.799951 0.799901 0.799805 0.799664 0.799481 0.799263 0.799015 0.798744 0.798458 0.798163 0.797867 0.797577 0.7973 0.797039 0.796799 0.796583 0.796391 0.796224 0.796081 0.795961 0.795862 0.795782 0.795718 0.795667 0.795629 0.795599 0.795577 0.795562 0.795551 0.795545 0.795542 0.795543 0.795549 0.795561 0.795581 0.795611 0.795657 0.795721 0.79581 0.795929 0.796084 0.796278 0.796516 0.796799 0.797127 0.797495 0.7979 0.79833 0.798778 
0.79229 0.792738 0.793167 0.793568 0.793934 0.79426 0.794543 0.794783 0.794981 0.795142 0.795268 0.795367 0.795441 0.795496 0.795536 0.795564 0.795584 0.795599 0.795609 0.795617 0.795625 0.795634 0.795645 0.79566 0.795681 0.795711 0.795753 0.795811 0.795887 0.795987 0.796116 0.796277 0.796475 0.796713 0.796993 0.797317 0.797682 0.798086 0.798524 0.798988 0.799468 0.799955 0.800436 0.800899 0.801332 0.801725 0.802067 0.80235 0.802566 0.802711 0.802781 0.802775 0.802692 0.802536 0.802309 0.802018 0.80167 0.801275 0.800844 0.800387 0.799916 0.799444 0.79898 0.798534 0.798114 0.797727 0.797376 0.797064 0.796791 0.796556 0.796359 0.796194 0.796061 0.795953 0.795868 0.795803 0.795753 0.795715 0.795688 0.795669 0.795656 0.795649 0.795647 0.795651 0.795661 0.79568 0.795711 0.795756 0.79582 0.795909 0.796028 0.796182 0.796376 0.796614 0.796897 0.797225 0.797594 0.797998 0.798429 0.798876 
0.792364 0.792812 0.793241 0.793642 0.794008 0.794334 0.794617 0.794857 0.795055 0.795216 0.795343 0.795441 0.795515 0.79557 0.79561 0.795639 0.79566 0.795675 0.795687 0.795697 0.795708 0.795722 0.79574 0.795767 0.795805 0.795858 0.795932 0.796031 0.796162 0.796333 0.796549 0.796818 0.797145 0.797535 0.797991 0.798513 0.799098 0.799741 0.800433 0.801161 0.801911 0.802667 0.80341 0.804121 0.804785 0.805383 0.805901 0.806327 0.806651 0.806865 0.806964 0.806947 0.806814 0.806567 0.806214 0.805762 0.805224 0.804613 0.803945 0.803238 0.802508 0.801773 0.80105 0.800353 0.799695 0.799085 0.79853 0.798035 0.7976 0.797225 0.796907 0.796641 0.796424 0.796248 0.796109 0.796 0.795917 0.795854 0.795808 0.795775 0.795752 0.795738 0.795731 0.795732 0.79574 0.795757 0.795787 0.795831 0.795895 0.795984 0.796102 0.796257 0.796451 0.796689 0.796972 0.7973 0.797669 0.798073 0.798504 0.798951 
0.792419 0.792866 0.793295 0.793697 0.794063 0.794389 0.794672 0.794912 0.79511 0.795271 0.795398 0.795496 0.79557 0.795626 0.795666 0.795695 0.795717 0.795733 0.795747 0.795761 0.795778 0.795801 0.795833 0.795879 0.795945 0.796036 0.796161 0.796329 0.796548 0.79683 0.797184 0.79762 0.798146 0.798768 0.799488 0.800307 0.801219 0.802213 0.803275 0.804387 0.805525 0.806665 0.807781 0.808845 0.809831 0.810717 0.811481 0.812105 0.812576 0.812884 0.813021 0.812985 0.812777 0.812401 0.811867 0.811186 0.810377 0.809458 0.808453 0.807387 0.806285 0.805174 0.804077 0.803016 0.802011 0.801076 0.800222 0.799455 0.798779 0.798193 0.797694 0.797275 0.79693 0.79665 0.796426 0.796251 0.796116 0.796014 0.795937 0.795882 0.795843 0.795818 0.795803 0.795798 0.795802 0.795817 0.795844 0.795888 0.795951 0.796039 0.796158 0.796312 0.796506 0.796744 0.797027 0.797355 0.797724 0.798128 0.798559 0.799006 
0.792458 0.792906 0.793335 0.793737 0.794103 0.794429 0.794711 0.794951 0.79515 0.79531 0.795438 0.795536 0.79561 0.795666 0.795707 0.795737 0.79576 0.795779 0.795797 0.795818 0.795845 0.795883 0.795938 0.796016 0.796126 0.796279 0.796486 0.796761 0.797117 0.79757 0.798134 0.798821 0.799644 0.800608 0.801717 0.802966 0.804346 0.805841 0.807428 0.809078 0.810758 0.812431 0.81406 0.815606 0.817033 0.818309 0.819403 0.820294 0.820961 0.821391 0.821574 0.821509 0.821195 0.820639 0.819855 0.81886 0.817677 0.816333 0.814863 0.8133 0.811682 0.810045 0.808424 0.806852 0.805356 0.803959 0.802677 0.80152 0.800496 0.799603 0.798837 0.798192 0.797657 0.797221 0.79687 0.796594 0.79638 0.796217 0.796094 0.796005 0.795941 0.795897 0.795869 0.795855 0.795853 0.795864 0.795889 0.795931 0.795993 0.79608 0.796198 0.796352 0.796546 0.796784 0.797067 0.797395 0.797764 0.798168 0.798599 0.799046 
0.792487 0.792934 0.793363 0.793765 0.794131 0.794457 0.79474 0.794979 0.795178 0.795339 0.795466 0.795564 0.795639 0.795695 0.795737 0.795769 0.795794 0.795817 0.795843 0.795874 0.795918 0.795981 0.796072 0.796202 0.796383 0.796632 0.796966 0.797404 0.797967 0.798676 0.79955 0.800607 0.801859 0.803314 0.804972 0.806827 0.80886 0.811047 0.813352 0.815735 0.818146 0.820535 0.822848 0.825033 0.827041 0.828828 0.830355 0.83159 0.83251 0.833095 0.833334 0.833224 0.832767 0.831971 0.830853 0.829438 0.827756 0.825847 0.823754 0.821525 0.819211 0.816864 0.814532 0.812262 0.810092 0.808056 0.806179 0.804478 0.802962 0.801634 0.800489 0.799518 0.798708 0.798044 0.797507 0.797082 0.79675 0.796495 0.796303 0.796161 0.796058 0.795986 0.795939 0.795911 0.7959 0.795904 0.795925 0.795964 0.796024 0.79611 0.796228 0.796381 0.796575 0.796813 0.797096 0.797424 0.797793 0.798197 0.798628 0.799075 
0.792506 0.792953 0.793383 0.793784 0.79415 0.794476 0.794759 0.794999 0.795198 0.795359 0.795486 0.795584 0.79566 0.795717 0.79576 0.795794 0.795824 0.795855 0.795891 0.795941 0.796012 0.796115 0.796263 0.796472 0.796763 0.797158 0.797682 0.798363 0.79923 0.80031 0.801629 0.803209 0.805064 0.807202 0.809618 0.812297 0.815213 0.818326 0.821586 0.824934 0.828302 0.83162 0.834817 0.837822 0.840571 0.843007 0.845079 0.846748 0.847981 0.848757 0.849061 0.848889 0.848243 0.847136 0.845589 0.843633 0.84131 0.83867 0.835771 0.832677 0.829456 0.826178 0.822909 0.819714 0.816646 0.813753 0.811073 0.80863 0.806441 0.804512 0.802839 0.801412 0.800214 0.799225 0.798422 0.797781 0.797277 0.796888 0.796593 0.796374 0.796214 0.7961 0.796022 0.795973 0.795947 0.795942 0.795956 0.795991 0.796048 0.796133 0.796249 0.796402 0.796595 0.796833 0.797116 0.797443 0.797812 0.798217 0.798648 0.799095 
0.792519 0.792967 0.793396 0.793797 0.794164 0.79449 0.794773 0.795013 0.795211 0.795372 0.7955 0.795599 0.795675 0.795733 0.795779 0.795817 0.795855 0.795897 0.795952 0.79603 0.796143 0.796307 0.796543 0.796873 0.797327 0.797937 0.798739 0.799771 0.801071 0.802674 0.804615 0.806916 0.809594 0.812652 0.81608 0.81985 0.823922 0.828237 0.832726 0.837304 0.841884 0.84637 0.85067 0.854692 0.858356 0.861588 0.864326 0.86652 0.868133 0.869136 0.869513 0.869257 0.868375 0.866879 0.864798 0.862171 0.85905 0.855498 0.85159 0.847408 0.843042 0.838581 0.834116 0.82973 0.825499 0.82149 0.817754 0.81433 0.811243 0.808506 0.806118 0.804067 0.802335 0.800896 0.79972 0.798775 0.798028 0.797448 0.797005 0.796673 0.796429 0.796254 0.796132 0.796051 0.796004 0.795983 0.795987 0.796015 0.796069 0.796151 0.796265 0.796417 0.79661 0.796847 0.79713 0.797457 0.797826 0.79823 0.798661 0.799109 
0.792528 0.792976 0.793405 0.793806 0.794173 0.794499 0.794782 0.795022 0.79522 0.795381 0.795509 0.795609 0.795687 0.795747 0.795797 0.795843 0.795891 0.795952 0.796036 0.796157 0.796335 0.796592 0.796957 0.797465 0.798156 0.799075 0.800272 0.801795 0.803695 0.806016 0.808798 0.812065 0.815833 0.820097 0.824835 0.830005 0.835544 0.841371 0.847389 0.853489 0.859553 0.865459 0.87109 0.876334 0.881088 0.885263 0.888786 0.891597 0.893651 0.894915 0.895371 0.895012 0.893842 0.891881 0.889161 0.885729 0.881648 0.876997 0.871868 0.866364 0.860596 0.85468 0.848732 0.842862 0.837171 0.831746 0.826662 0.821975 0.817723 0.813928 0.810595 0.807715 0.805266 0.803218 0.801533 0.80017 0.799085 0.798238 0.797587 0.797095 0.796731 0.796468 0.796282 0.796156 0.796076 0.796034 0.796023 0.796041 0.796088 0.796166 0.796278 0.796428 0.79662 0.796857 0.797139 0.797466 0.797835 0.798239 0.79867 0.799118 
0.792534 0.792981 0.793411 0.793812 0.794179 0.794504 0.794787 0.795028 0.795226 0.795388 0.795516 0.795617 0.795697 0.795761 0.795818 0.795874 0.795941 0.79603 0.796157 0.796344 0.796617 0.79701 0.797563 0.798325 0.799351 0.800702 0.802442 0.804637 0.807346 0.810623 0.814511 0.819036 0.824206 0.830003 0.836389 0.843299 0.850643 0.858312 0.866176 0.874094 0.881916 0.889492 0.896676 0.903333 0.909342 0.914597 0.919014 0.922523 0.925073 0.926628 0.927167 0.926682 0.925179 0.92268 0.919223 0.914861 0.909669 0.90374 0.897184 0.890124 0.882699 0.87505 0.867323 0.859657 0.852183 0.845018 0.838261 0.831992 0.826267 0.821124 0.816575 0.812617 0.809229 0.806376 0.804013 0.802089 0.800548 0.799336 0.798398 0.797686 0.797155 0.796767 0.796491 0.7963 0.796175 0.796101 0.796068 0.796072 0.79611 0.796182 0.79629 0.796438 0.796628 0.796864 0.797146 0.797473 0.797841 0.798245 0.798676 0.799124 
0.792538 0.792985 0.793414 0.793816 0.794182 0.794508 0.794791 0.795032 0.795231 0.795393 0.795522 0.795625 0.795708 0.795778 0.795845 0.795918 0.796012 0.796143 0.796335 0.796617 0.797027 0.797613 0.798431 0.799546 0.801034 0.802972 0.805444 0.808528 0.812298 0.816814 0.822119 0.828234 0.835153 0.842844 0.85124 0.860249 0.869747 0.879588 0.889607 0.899626 0.909461 0.918932 0.927865 0.936101 0.943502 0.949948 0.955344 0.959614 0.962702 0.964569 0.965193 0.964565 0.962692 0.959597 0.955322 0.949928 0.943497 0.936136 0.92797 0.919146 0.909825 0.900179 0.890383 0.880611 0.871028 0.861783 0.853008 0.844811 0.837275 0.830456 0.824383 0.819061 0.814473 0.810583 0.807338 0.804677 0.802532 0.800833 0.799511 0.7985 0.797741 0.797183 0.796781 0.7965 0.79631 0.796192 0.796129 0.796112 0.796137 0.7962 0.796302 0.796447 0.796635 0.796869 0.79715 0.797477 0.797845 0.798249 0.79868 0.799128 
0.79254 0.792987 0.793417 0.793818 0.794185 0.794511 0.794794 0.795034 0.795234 0.795397 0.795528 0.795634 0.795722 0.795801 0.795883 0.795981 0.796115 0.796307 0.796592 0.79701 0.797613 0.798467 0.799648 0.801243 0.803348 0.806064 0.809492 0.813726 0.81885 0.824926 0.831994 0.840063 0.849108 0.859067 0.869843 0.881305 0.893292 0.905614 0.918066 0.930432 0.942493 0.954037 0.964867 0.974802 0.983689 0.991398 0.997825 1.00289 1.00654 1.00873 1.00944 1.00865 1.00639 1.00266 0.99752 0.991025 0.983267 0.974361 0.964449 0.953694 0.942282 0.930411 0.918289 0.906125 0.89412 0.882462 0.871321 0.86084 0.851135 0.842288 0.834352 0.827346 0.821262 0.816065 0.8117 0.808095 0.805169 0.802836 0.801008 0.799601 0.798538 0.797751 0.797179 0.796774 0.796497 0.796317 0.796212 0.796166 0.796172 0.796223 0.796317 0.796457 0.796642 0.796874 0.797154 0.79748 0.797848 0.798252 0.798683 0.79913 
0.792542 0.792989 0.793418 0.79382 0.794186 0.794512 0.794796 0.795036 0.795237 0.795401 0.795534 0.795645 0.79574 0.795833 0.795938 0.796072 0.796263 0.796543 0.796957 0.797563 0.798431 0.799648 0.801315 0.803544 0.806456 0.810174 0.81482 0.820501 0.827306 0.835297 0.844499 0.854902 0.866452 0.879051 0.892561 0.906805 0.921575 0.936638 0.951744 0.966639 0.981072 0.994801 1.00761 1.0193 1.02971 1.0387 1.04617 1.05203 1.05624 1.05875 1.05954 1.0586 1.05593 1.05157 1.04555 1.03793 1.02881 1.01831 1.00658 0.993792 0.980156 0.965895 0.951245 0.93645 0.921751 0.907378 0.893542 0.88043 0.868196 0.856959 0.846802 0.837767 0.829862 0.823059 0.817303 0.812516 0.808603 0.805461 0.802982 0.801062 0.799602 0.798512 0.797716 0.797146 0.79675 0.796487 0.796324 0.79624 0.796219 0.796253 0.796337 0.796469 0.79665 0.79688 0.797158 0.797483 0.797851 0.798254 0.798685 0.799132 
0.792543 0.79299 0.793419 0.793821 0.794187 0.794513 0.794797 0.795038 0.79524 0.795406 0.795543 0.79566 0.795767 0.795879 0.796016 0.796202 0.796472 0.796873 0.797465 0.798325 0.799546 0.801243 0.803544 0.806589 0.810528 0.815508 0.821666 0.82912 0.83796 0.848235 0.859952 0.873067 0.887488 0.90307 0.919624 0.936923 0.954706 0.972694 0.990594 1.00812 1.02498 1.04092 1.0557 1.06912 1.08102 1.09125 1.09972 1.10635 1.11109 1.1139 1.11476 1.11367 1.11063 1.10566 1.09879 1.09009 1.07964 1.06757 1.05402 1.03918 1.02327 1.00654 0.989239 0.971649 0.954049 0.936712 0.919896 0.903836 0.888734 0.874753 0.862016 0.850597 0.840528 0.831796 0.824353 0.818117 0.812984 0.808832 0.805535 0.802964 0.800995 0.799516 0.798426 0.797641 0.79709 0.796716 0.796476 0.796339 0.796283 0.796293 0.796362 0.796485 0.79666 0.796886 0.797162 0.797486 0.797852 0.798255 0.798686 0.799133 
0.792543 0.79299 0.79342 0.793821 0.794188 0.794514 0.794798 0.79504 0.795243 0.795412 0.795555 0.795681 0.795805 0.795945 0.796126 0.796383 0.796763 0.797327 0.798156 0.799351 0.801034 0.803348 0.806456 0.810528 0.815742 0.822268 0.830257 0.83983 0.851067 0.863999 0.878598 0.894778 0.912395 0.931249 0.951091 0.971637 0.992574 1.01357 1.0343 1.05444 1.07369 1.09176 1.10843 1.12348 1.13676 1.14813 1.1575 1.16482 1.17003 1.17311 1.17404 1.17282 1.16944 1.16393 1.15629 1.1466 1.13493 1.12139 1.10612 1.08931 1.07118 1.05199 1.03202 1.01156 0.990944 0.970475 0.950462 0.931193 0.912925 0.895875 0.880214 0.866061 0.853481 0.842487 0.833043 0.825072 0.818461 0.813077 0.808771 0.80539 0.802784 0.800813 0.799351 0.798289 0.797536 0.797018 0.796677 0.796471 0.796368 0.796347 0.796396 0.796506 0.796672 0.796894 0.797167 0.797489 0.797854 0.798257 0.798687 0.799134 
0.792544 0.792991 0.79342 0.793822 0.794188 0.794515 0.7948 0.795043 0.795248 0.795421 0.795571 0.795711 0.795858 0.796036 0.796279 0.796632 0.797158 0.797937 0.799075 0.800702 0.802972 0.806064 0.810174 0.815508 0.822268 0.830644 0.840795 0.852836 0.866828 0.882769 0.900584 0.920133 0.941207 0.963541 0.986824 1.01071 1.03483 1.05881 1.0823 1.10493 1.12641 1.14644 1.1648 1.18129 1.19576 1.2081 1.21824 1.22613 1.23174 1.23504 1.23603 1.23471 1.23106 1.22509 1.21683 1.20631 1.19358 1.17875 1.16195 1.14335 1.12316 1.10164 1.07908 1.0558 1.03215 1.00848 0.985142 0.962482 0.940816 0.920423 0.901534 0.884321 0.868896 0.855308 0.843543 0.833537 0.825177 0.818319 0.812795 0.808427 0.805038 0.802458 0.800531 0.799121 0.798113 0.797411 0.796941 0.796644 0.79648 0.796419 0.796441 0.796533 0.796689 0.796904 0.797173 0.797492 0.797857 0.798258 0.798688 0.799134 
0.792544 0.792991 0.79342 0.793822 0.794189 0.794516 0.794802 0.795046 0.795255 0.795434 0.795595 0.795753 0.795932 0.796161 0.796486 0.796966 0.797682 0.798739 0.800272 0.802442 0.805444 0.809492 0.81482 0.821666 0.830257 0.840795 0.853437 0.868284 0.885364 0.904624 0.925934 0.949082 0.973789 0.999714 1.02648 1.05368 1.08089 1.10771 1.13375 1.15865 1.18209 1.20381 1.22359 1.24125 1.25667 1.26976 1.28048 1.28879 1.29469 1.29816 1.2992 1.29781 1.29397 1.28769 1.27896 1.26781 1.25427 1.23841 1.22035 1.20022 1.17824 1.15463 1.12969 1.10375 1.07717 1.05034 1.02366 0.99752 0.972309 0.948372 0.926007 0.905453 0.886879 0.870382 0.855986 0.843645 0.833256 0.824671 0.817706 0.81216 0.807827 0.804506 0.80201 0.80017 0.798844 0.797912 0.797278 0.796868 0.796626 0.796512 0.796499 0.79657 0.796712 0.796917 0.797181 0.797497 0.797859 0.79826 0.798689 0.799135 
0.792544 0.792992 0.793421 0.793823 0.79419 0.794517 0.794804 0.795051 0.795264 0.795452 0.795627 0.795811 0.796031 0.796329 0.796761 0.797404 0.798363 0.799771 0.801795 0.804637 0.808528 0.813726 0.820501 0.82912 0.83983 0.852836 0.868284 0.886244 0.906697 0.929529 0.954535 0.981424 1.00983 1.03935 1.06952 1.09988 1.12998 1.15937 1.18765 1.21447 1.23953 1.26258 1.28342 1.30193 1.318 1.33159 1.34267 1.35124 1.3573 1.36087 1.36195 1.36053 1.35661 1.35015 1.34116 1.32963 1.31556 1.29899 1.28 1.25871 1.23527 1.20992 1.18291 1.15458 1.1253 1.09548 1.06554 1.03596 1.00716 0.979561 0.95355 0.929434 0.907456 0.887771 0.870453 0.855489 0.842796 0.832226 0.82359 0.816664 0.811216 0.807012 0.80383 0.80147 0.799756 0.798541 0.797704 0.797152 0.796812 0.796632 0.796575 0.796617 0.79674 0.796935 0.797191 0.797503 0.797863 0.798262 0.79869 0.799135 
0.792545 0.792992 0.793421 0.793823 0.794191 0.794519 0.794807 0.795058 0.795277 0.795475 0.79567 0.795887 0.796162 0.796548 0.797117 0.797967 0.79923 0.801071 0.803695 0.807346 0.812298 0.81885 0.827306 0.83796 0.851067 0.866828 0.885364 0.906697 0.930747 0.957324 0.986136 1.0168 1.04888 1.08186 1.11524 1.1485 1.18115 1.21274 1.24286 1.27118 1.29743 1.32139 1.3429 1.36189 1.37828 1.39208 1.40329 1.41193 1.41804 1.42164 1.42274 1.42134 1.41743 1.41096 1.40192 1.39027 1.37598 1.35905 1.33953 1.31748 1.29302 1.26635 1.23768 1.20735 1.17569 1.14315 1.11018 1.07728 1.04496 1.0137 0.983957 0.956139 0.930563 0.907461 0.886967 0.869117 0.853857 0.841054 0.830514 0.822003 0.815261 0.810023 0.806032 0.803052 0.800873 0.799316 0.798232 0.797505 0.797044 0.796782 0.796671 0.796677 0.796777 0.796957 0.797204 0.797511 0.797867 0.798264 0.798691 0.799136 
0.792546 0.792992 0.793422 0.793824 0.794192 0.794521 0.794812 0.795067 0.795294 0.795507 0.795728 0.795987 0.796333 0.79683 0.79757 0.798676 0.80031 0.802674 0.806016 0.810623 0.816814 0.824926 0.835297 0.848235 0.863999 0.882769 0.904624 0.929529 0.957324 0.987728 1.02036 1.05473 1.09031 1.12653 1.16281 1.1986 1.23338 1.26671 1.2982 1.32754 1.3545 1.37891 1.40068 1.41976 1.43615 1.44987 1.46097 1.46951 1.47553 1.47909 1.4802 1.47887 1.47506 1.46874 1.45986 1.44835 1.43416 1.41725 1.3976 1.37523 1.35022 1.3227 1.29286 1.26097 1.22738 1.19251 1.15683 1.12087 1.08519 1.05036 1.01691 0.985335 0.956045 0.92936 0.905486 0.884523 0.866459 0.851188 0.838524 0.828223 0.820007 0.81358 0.808651 0.804946 0.802218 0.800254 0.798875 0.797938 0.797331 0.796968 0.79679 0.796751 0.796823 0.796985 0.797221 0.797521 0.797873 0.798268 0.798693 0.799137 
0.792546 0.792993 0.793422 0.793825 0.794193 0.794525 0.794818 0.795079 0.795317 0.795549 0.795802 0.796116 0.796549 0.797184 0.798134 0.79955 0.801629 0.804615 0.808798 0.814511 0.822119 0.831994 0.844499 0.859952 0.878598 0.900584 0.925934 0.954535 0.986136 1.02036 1.0567 1.0946 1.13343 1.17255 1.21133 1.24919 1.28562 1.32017 1.35251 1.38236 1.40955 1.43396 1.45557 1.47437 1.49042 1.50379 1.51456 1.52283 1.52866 1.53211 1.53322 1.53198 1.52837 1.52233 1.5138 1.50269 1.4889 1.47236 1.45299 1.43075 1.40567 1.37782 1.34732 1.3144 1.27937 1.24262 1.20464 1.16597 1.12722 1.08902 1.05198 1.01669 0.983657 0.953293 0.925898 0.901643 0.880576 0.862628 0.847633 0.835348 0.825481 0.81771 0.811711 0.807173 0.80381 0.801371 0.799645 0.798459 0.797677 0.797195 0.796935 0.796843 0.79688 0.79702 0.797242 0.797533 0.79788 0.798272 0.798695 0.799139 
0.792547 0.792993 0.793423 0.793826 0.794195 0.794529 0.794826 0.795095 0.795346 0.795602 0.795896 0.796277 0.796818 0.79762 0.798821 0.800607 0.803209 0.806916 0.812065 0.819036 0.828234 0.840063 0.854902 0.873067 0.894778 0.920133 0.949082 0.981424 1.0168 1.05473 1.0946 1.13576 1.17748 1.21907 1.25988 1.2993 1.33684 1.37209 1.40474 1.4346 1.46154 1.48553 1.50658 1.52477 1.5402 1.55298 1.56323 1.57108 1.5766 1.57989 1.58097 1.57986 1.57652 1.57089 1.56288 1.55238 1.53926 1.5234 1.50468 1.483 1.45832 1.43062 1.39999 1.36658 1.33064 1.29255 1.25275 1.21181 1.17036 1.12908 1.08867 1.0498 1.01307 0.979015 0.948022 0.920353 0.896127 0.875328 0.857821 0.843375 0.831691 0.822428 0.81523 0.809749 0.805662 0.802679 0.800552 0.799076 0.79809 0.797466 0.79711 0.796954 0.796949 0.797062 0.797268 0.797548 0.797889 0.798277 0.798698 0.79914 
0.792548 0.792994 0.793424 0.793827 0.794198 0.794534 0.794837 0.795115 0.795383 0.795668 0.796012 0.796475 0.797145 0.798146 0.799644 0.801859 0.805064 0.809594 0.815833 0.824206 0.835153 0.849108 0.866452 0.887488 0.912395 0.941207 0.973789 1.00983 1.04888 1.09031 1.13343 1.17748 1.22167 1.26527 1.30758 1.34803 1.38614 1.42155 1.45402 1.48341 1.50968 1.53285 1.55302 1.57031 1.58487 1.59686 1.60643 1.61374 1.61889 1.62196 1.62301 1.62204 1.61902 1.61388 1.60652 1.5968 1.58457 1.56967 1.55191 1.53116 1.50729 1.48023 1.44997 1.4166 1.38031 1.34141 1.30032 1.2576 1.21389 1.16991 1.12642 1.08418 1.0439 1.00621 0.971617 0.940473 0.912985 0.889202 0.869035 0.852274 0.838623 0.827729 0.819209 0.812681 0.807782 0.804184 0.801601 0.799795 0.798572 0.797784 0.797317 0.797086 0.797032 0.797113 0.797298 0.797566 0.7979 0.798283 0.798702 0.799142 
0.79255 0.792995 0.793425 0.793829 0.794201 0.794541 0.79485 0.795139 0.795428 0.79575 0.796153 0.796713 0.797535 0.798768 0.800608 0.803314 0.807202 0.812652 0.820097 0.830003 0.842844 0.859067 0.879051 0.90307 0.931249 0.963541 0.999714 1.03935 1.08186 1.12653 1.17255 1.21907 1.26527 1.31035 1.35365 1.39459 1.43275 1.46783 1.49966 1.52817 1.55339 1.57543 1.59444 1.6106 1.62411 1.63517 1.64395 1.65063 1.65534 1.65816 1.65916 1.65834 1.65568 1.65109 1.64446 1.63565 1.62447 1.61072 1.59419 1.57466 1.55196 1.52594 1.49651 1.46368 1.42756 1.38839 1.34656 1.30257 1.25708 1.21083 1.16463 1.11932 1.0757 1.03452 0.996386 0.961771 0.930973 0.90412 0.881181 0.861981 0.846237 0.833589 0.823636 0.815963 0.81017 0.805888 0.802795 0.800616 0.799128 0.798153 0.797556 0.797239 0.797128 0.797172 0.797334 0.797588 0.797912 0.79829 0.798706 0.799145 
0.792551 0.792996 0.793426 0.793831 0.794206 0.794549 0.794866 0.795169 0.795483 0.795847 0.796321 0.796993 0.797991 0.799488 0.801717 0.804972 0.809618 0.81608 0.824835 0.836389 0.85124 0.869843 0.892561 0.919624 0.951091 0.986824 1.02648 1.06952 1.11524 1.16281 1.21133 1.25988 1.30758 1.35365 1.39742 1.43835 1.47609 1.5104 1.54119 1.56847 1.59236 1.61303 1.63068 1.64555 1.65789 1.66792 1.67585 1.68186 1.68608 1.68863 1.68957 1.6889 1.6866 1.68259 1.67674 1.6689 1.65887 1.64641 1.63127 1.6132 1.59195 1.5673 1.53908 1.50722 1.47175 1.43283 1.39077 1.34604 1.29927 1.25121 1.20272 1.15468 1.10801 1.06353 1.02199 0.983971 0.949871 0.919913 0.894133 0.872405 0.854468 0.839965 0.828482 0.819576 0.812813 0.807786 0.804132 0.801541 0.799755 0.798571 0.79783 0.797415 0.797239 0.797241 0.797377 0.797613 0.797927 0.798299 0.798711 0.799148 
0.792553 0.792998 0.793428 0.793834 0.794211 0.794559 0.794885 0.795205 0.795548 0.795961 0.796516 0.797317 0.798513 0.800307 0.802966 0.806827 0.812297 0.81985 0.830005 0.843299 0.860249 0.881305 0.906805 0.936923 0.971637 1.01071 1.05368 1.09988 1.1485 1.1986 1.24919 1.2993 1.34803 1.39459 1.43835 1.47884 1.51574 1.54892 1.57836 1.60416 1.62651 1.64563 1.66181 1.67531 1.68641 1.69537 1.70241 1.70772 1.71146 1.71373 1.71459 1.71407 1.71212 1.70869 1.70362 1.69678 1.68792 1.67682 1.66318 1.64671 1.6271 1.60406 1.57737 1.54684 1.51243 1.4742 1.4324 1.38743 1.33987 1.29048 1.24012 1.18975 1.14034 1.09283 1.04807 1.00676 0.969426 0.936377 0.907732 0.883423 0.863224 0.846791 0.833701 0.82349 0.815692 0.809864 0.805604 0.802563 0.800452 0.799037 0.798137 0.797613 0.797365 0.79732 0.797425 0.797642 0.797944 0.798309 0.798717 0.799151 
0.792555 0.793 0.79343 0.793837 0.794217 0.794571 0.794908 0.795247 0.795623 0.796092 0.796737 0.797682 0.799098 0.801219 0.804346 0.80886 0.815213 0.823922 0.835544 0.850643 0.869747 0.893292 0.921575 0.954706 0.992574 1.03483 1.08089 1.12998 1.18115 1.23338 1.28562 1.33684 1.38614 1.43275 1.47609 1.51574 1.55149 1.58325 1.61112 1.63526 1.65594 1.67343 1.68808 1.70018 1.71004 1.71793 1.72409 1.72872 1.73198 1.73396 1.73475 1.73435 1.73274 1.72985 1.72555 1.71967 1.71198 1.70224 1.69013 1.67532 1.65746 1.6362 1.61124 1.58232 1.54929 1.51214 1.47101 1.42625 1.37838 1.32811 1.27633 1.22402 1.17223 1.12198 1.07424 1.02982 0.989356 0.953277 0.921788 0.894887 0.872393 0.853982 0.83923 0.827659 0.818776 0.8121 0.807195 0.803674 0.801213 0.799549 0.798475 0.797832 0.797505 0.797407 0.797478 0.797675 0.797964 0.79832 0.798723 0.799155 
0.792558 0.793001 0.793432 0.793841 0.794224 0.794585 0.794933 0.795294 0.795708 0.796239 0.796984 0.798086 0.799741 0.802213 0.805841 0.811047 0.818326 0.828237 0.841371 0.858312 0.879588 0.905614 0.936638 0.972694 1.01357 1.05881 1.10771 1.15937 1.21274 1.26671 1.32017 1.37209 1.42155 1.46783 1.5104 1.54892 1.58325 1.61342 1.63957 1.66196 1.68091 1.69676 1.70988 1.72061 1.72926 1.73613 1.74145 1.74543 1.74823 1.74994 1.75065 1.75036 1.74906 1.74667 1.74307 1.7381 1.73153 1.7231 1.71249 1.69933 1.68325 1.66385 1.64075 1.61361 1.58221 1.54643 1.50633 1.46216 1.41439 1.36368 1.3109 1.25705 1.20324 1.15057 1.10011 1.05279 1.00936 0.970362 0.936093 0.906628 0.88184 0.861433 0.844991 0.832027 0.822022 0.814467 0.808887 0.804861 0.80203 0.800101 0.79884 0.79807 0.797657 0.797502 0.797537 0.79771 0.797985 0.798333 0.798731 0.799159 
0.792561 0.793004 0.793435 0.793845 0.794232 0.7946 0.794962 0.795347 0.795801 0.796399 0.797254 0.798524 0.800433 0.803275 0.807428 0.813352 0.821586 0.832726 0.847389 0.866176 0.889607 0.918066 0.951744 0.990594 1.0343 1.0823 1.13375 1.18765 1.24286 1.2982 1.35251 1.40474 1.45402 1.49966 1.54119 1.57836 1.61112 1.63957 1.66395 1.68457 1.7018 1.71605 1.7277 1.73712 1.74464 1.75056 1.7551 1.75848 1.76085 1.76231 1.76294 1.76274 1.7617 1.75976 1.7568 1.75266 1.74712 1.73992 1.73072 1.71917 1.70483 1.68728 1.66608 1.64083 1.61121 1.57701 1.5382 1.49494 1.44761 1.39683 1.34343 1.28843 1.23296 1.17821 1.12532 1.07534 1.02914 0.987366 0.95042 0.91846 0.891415 0.869027 0.850894 0.836524 0.825381 0.816927 0.810653 0.806105 0.80289 0.800684 0.799228 0.798324 0.797819 0.797605 0.797601 0.797749 0.798008 0.798346 0.798739 0.799164 
0.792564 0.793006 0.793437 0.79385 0.794241 0.794617 0.794994 0.795404 0.795902 0.796572 0.797541 0.798988 0.801161 0.804387 0.809078 0.815735 0.824934 0.837304 0.853489 0.874094 0.899626 0.930432 0.966639 1.00812 1.05444 1.10493 1.15865 1.21447 1.27118 1.32754 1.38236 1.4346 1.48341 1.52817 1.56847 1.60416 1.63526 1.66196 1.68457 1.70345 1.71905 1.73178 1.74206 1.75028 1.75676 1.7618 1.76565 1.76849 1.77047 1.77171 1.77225 1.77212 1.77132 1.76976 1.76736 1.76395 1.75934 1.75325 1.74536 1.73529 1.72262 1.70686 1.68753 1.66419 1.63642 1.60393 1.56659 1.52446 1.47785 1.42732 1.37364 1.31783 1.26105 1.20454 1.14952 1.09714 1.04839 1.00402 0.964539 0.930186 0.900957 0.876635 0.856838 0.841075 0.828796 0.819438 0.812465 0.807386 0.803779 0.801289 0.799633 0.798589 0.79799 0.797713 0.797668 0.79779 0.798033 0.798361 0.798747 0.799169 
0.792567 0.793009 0.793441 0.793855 0.794251 0.794635 0.795027 0.795465 0.796008 0.796753 0.79784 0.799468 0.801911 0.805525 0.810758 0.818146 0.828302 0.841884 0.859553 0.881916 0.909461 0.942493 0.981072 1.02498 1.07369 1.12641 1.18209 1.23953 1.29743 1.3545 1.40955 1.46154 1.50968 1.55339 1.59236 1.62651 1.65594 1.68091 1.7018 1.71905 1.73311 1.74444 1.75347 1.7606 1.76616 1.77043 1.77366 1.77603 1.77768 1.77871 1.77917 1.7791 1.77848 1.77726 1.77533 1.77256 1.76875 1.76365 1.75693 1.74822 1.73707 1.72299 1.70547 1.68397 1.65805 1.62731 1.59154 1.55071 1.50503 1.45498 1.4013 1.34499 1.28721 1.22924 1.17238 1.11788 1.06682 1.02007 0.978219 0.94161 0.910302 0.884122 0.862714 0.845594 0.832202 0.821954 0.814287 0.80868 0.80468 0.801905 0.800046 0.798861 0.798166 0.797824 0.797737 0.797833 0.798059 0.798376 0.798756 0.799174 
0.79257 0.793011 0.793444 0.793861 0.794261 0.794654 0.795062 0.795527 0.796117 0.796938 0.798144 0.799955 0.802667 0.806665 0.812431 0.820535 0.83162 0.84637 0.865459 0.889492 0.918932 0.954037 0.994801 1.04092 1.09176 1.14644 1.20381 1.26258 1.32139 1.37891 1.43396 1.48553 1.53285 1.57543 1.61303 1.64563 1.67343 1.69676 1.71605 1.73178 1.74444 1.75451 1.76244 1.7686 1.77335 1.77696 1.77966 1.78162 1.78298 1.78383 1.78423 1.7842 1.78373 1.78277 1.78124 1.77901 1.77589 1.77164 1.76595 1.75844 1.74867 1.73613 1.72027 1.70053 1.67639 1.64738 1.6132 1.57373 1.52911 1.47972 1.42627 1.36971 1.3112 1.25206 1.19365 1.13729 1.08417 1.03526 0.991239 0.952539 0.919284 0.891352 0.868415 0.849998 0.835534 0.824426 0.816084 0.809961 0.805575 0.802519 0.800459 0.799134 0.798343 0.797937 0.797808 0.797876 0.798085 0.798392 0.798765 0.79918 
0.792574 0.793014 0.793447 0.793866 0.794271 0.794673 0.795098 0.795591 0.796227 0.797123 0.798447 0.800436 0.80341 0.807781 0.81406 0.822848 0.834817 0.85067 0.87109 0.896676 0.927865 0.964867 1.00761 1.0557 1.10843 1.1648 1.22359 1.28342 1.3429 1.40068 1.45557 1.50658 1.55302 1.59444 1.63068 1.66181 1.68808 1.70988 1.7277 1.74206 1.75347 1.76244 1.76939 1.77473 1.77879 1.78183 1.78408 1.7857 1.78682 1.78752 1.78785 1.78785 1.7875 1.78676 1.78556 1.78376 1.78122 1.77769 1.77288 1.76641 1.75786 1.74669 1.73234 1.71422 1.69174 1.66438 1.63175 1.59366 1.55015 1.50154 1.44846 1.39184 1.33283 1.27277 1.21308 1.15513 1.10021 1.04937 1.0034 0.96279 0.927749 0.898195 0.873833 0.854199 0.838727 0.826803 0.817818 0.811202 0.806446 0.803118 0.800863 0.799402 0.798517 0.798048 0.797878 0.797919 0.798111 0.798407 0.798774 0.799185 
0.792577 0.793017 0.793451 0.793872 0.794282 0.794693 0.795133 0.795653 0.796335 0.797303 0.79874 0.800899 0.804121 0.808845 0.815606 0.825033 0.837822 0.854692 0.876334 0.903333 0.936101 0.974802 1.0193 1.06912 1.12348 1.18129 1.24125 1.30193 1.36189 1.41976 1.47437 1.52477 1.57031 1.6106 1.64555 1.67531 1.70018 1.72061 1.73712 1.75028 1.7606 1.7686 1.77473 1.77937 1.78285 1.78542 1.7873 1.78863 1.78955 1.79012 1.79041 1.79042 1.79017 1.7896 1.78865 1.78722 1.78514 1.78221 1.77814 1.77256 1.76505 1.75508 1.74207 1.72539 1.70442 1.67858 1.64742 1.61065 1.56824 1.52045 1.46785 1.41131 1.35199 1.29123 1.23048 1.1712 1.11473 1.0622 1.0145 0.9722 0.93555 0.904528 0.878867 0.858118 0.841715 0.829036 0.819453 0.812376 0.807272 0.803688 0.80125 0.799659 0.798685 0.798156 0.797945 0.797961 0.798136 0.798423 0.798784 0.799191 
0.79258 0.79302 0.793454 0.793877 0.794292 0.794711 0.795167 0.795712 0.796437 0.797473 0.799015 0.801332 0.804785 0.809831 0.817033 0.827041 0.840571 0.858356 0.881088 0.909342 0.943502 0.983689 1.02971 1.08102 1.13676 1.19576 1.25667 1.318 1.37828 1.43615 1.49042 1.5402 1.58487 1.62411 1.65789 1.68641 1.71004 1.72926 1.74464 1.75676 1.76616 1.77335 1.77879 1.78285 1.78585 1.78803 1.78961 1.79072 1.79147 1.79194 1.79218 1.79221 1.79202 1.79158 1.79084 1.78969 1.78799 1.78554 1.78208 1.77724 1.77061 1.76166 1.7498 1.73438 1.71474 1.69026 1.66043 1.62488 1.58352 1.53654 1.48445 1.42809 1.36859 1.30731 1.24573 1.18534 1.12756 1.0736 1.02441 0.980621 0.94256 0.91024 0.883424 0.861678 0.84444 0.831079 0.820955 0.813457 0.808036 0.804218 0.80161 0.799899 0.798842 0.798257 0.798009 0.798001 0.798161 0.798437 0.798792 0.799196 
0.792583 0.793022 0.793457 0.793883 0.794301 0.794729 0.795198 0.795767 0.79653 0.797628 0.799266 0.801725 0.805383 0.810717 0.818309 0.828828 0.843007 0.861588 0.885263 0.914597 0.949948 0.991398 1.0387 1.09125 1.14813 1.2081 1.26976 1.33159 1.39208 1.44987 1.50379 1.55298 1.59686 1.63517 1.66792 1.69537 1.71793 1.73613 1.75056 1.7618 1.77043 1.77696 1.78183 1.78542 1.78803 1.78991 1.79125 1.79217 1.7928 1.79319 1.79339 1.79342 1.79329 1.79295 1.79236 1.79143 1.79003 1.78797 1.78499 1.78076 1.77485 1.76675 1.75585 1.74149 1.72299 1.69969 1.67101 1.63654 1.59613 1.5499 1.49832 1.44218 1.38261 1.32095 1.25871 1.19743 1.13858 1.08342 1.03297 0.987933 0.948668 0.915234 0.887422 0.864813 0.846847 0.83289 0.822291 0.814423 0.808721 0.804694 0.801934 0.800116 0.798985 0.798349 0.798068 0.798037 0.798183 0.798451 0.7988 0.799201 
