6.3274 6.32759 6.32789 6.3283 6.32883 6.32947 6.33023 6.33111 6.33209 6.3332 6.33441 6.33574 6.33718 6.33873 6.34039 6.34216 6.34403 6.346 6.34807 6.35024 6.35249 6.35483 6.35724 6.35971 6.36225 6.36484 6.36747 6.37013 6.37282 6.37551 6.37819 6.38086 6.3835 6.3861 6.38865 6.39112 6.39351 6.39581 6.39799 6.40006 6.40199 6.40378 6.40541 6.40687 6.40817 6.40928 6.4102 6.41092 6.41145 6.41178 6.4119 6.41182 6.41153 6.41104 6.41036 6.40948 6.40842 6.40718 6.40576 6.40418 6.40245 6.40058 6.39858 6.39647 6.39424 6.39193 6.38954 6.38709 6.38458 6.38204 6.37947 6.3769 6.37432 6.37176 6.36923 6.36673 6.36428 6.36189 6.35956 6.35731 6.35514 6.35306 6.35107 6.34919 6.3474 6.34573 6.34416 6.34271 6.34137 6.34015 6.33905 6.33806 6.33719 6.33644 6.33581 6.3353 6.3349 6.33462 6.33446 6.33442 
6.32759 6.32777 6.32807 6.32849 6.32902 6.32967 6.33043 6.33131 6.3323 6.33341 6.33463 6.33596 6.33741 6.33897 6.34064 6.34242 6.3443 6.34629 6.34837 6.35055 6.35282 6.35517 6.35759 6.36009 6.36264 6.36525 6.3679 6.37057 6.37327 6.37598 6.37868 6.38137 6.38403 6.38665 6.38921 6.3917 6.3941 6.39641 6.39861 6.40069 6.40264 6.40443 6.40608 6.40755 6.40885 6.40997 6.4109 6.41163 6.41216 6.41249 6.41261 6.41253 6.41224 6.41175 6.41106 6.41018 6.4091 6.40785 6.40643 6.40484 6.4031 6.40121 6.3992 6.39707 6.39483 6.3925 6.3901 6.38763 6.3851 6.38254 6.37996 6.37737 6.37478 6.3722 6.36965 6.36713 6.36467 6.36226 6.35992 6.35765 6.35547 6.35337 6.35137 6.34947 6.34768 6.34599 6.34442 6.34295 6.34161 6.34038 6.33927 6.33827 6.3374 6.33665 6.33601 6.33549 6.33509 6.33481 6.33465 6.3346 
6.32789 6.32807 6.32838 6.3288 6.32934 6.32999 6.33077 6.33166 6.33266 6.33379 6.33503 6.33638 6.33785 6.33944 6.34114 6.34294 6.34486 6.34687 6.34899 6.3512 6.35351 6.35589 6.35836 6.36089 6.36349 6.36613 6.36882 6.37155 6.37429 6.37704 6.37979 6.38252 6.38522 6.38788 6.39048 6.393 6.39545 6.3978 6.40003 6.40214 6.40412 6.40594 6.40761 6.40911 6.41043 6.41156 6.4125 6.41324 6.41378 6.41411 6.41424 6.41415 6.41386 6.41336 6.41266 6.41176 6.41067 6.4094 6.40795 6.40634 6.40457 6.40265 6.40061 6.39844 6.39617 6.3938 6.39135 6.38884 6.38628 6.38368 6.38105 6.37842 6.37578 6.37316 6.37057 6.36801 6.36551 6.36306 6.36068 6.35837 6.35615 6.35402 6.35198 6.35005 6.34823 6.34651 6.34491 6.34342 6.34205 6.3408 6.33966 6.33865 6.33776 6.33699 6.33635 6.33582 6.33541 6.33512 6.33495 6.3349 
6.3283 6.32849 6.3288 6.32923 6.32978 6.33045 6.33124 6.33215 6.33318 6.33433 6.3356 6.33699 6.3385 6.34013 6.34187 6.34372 6.34568 6.34775 6.34992 6.35219 6.35455 6.357 6.35953 6.36213 6.36479 6.3675 6.37026 6.37305 6.37586 6.37868 6.3815 6.3843 6.38707 6.38979 6.39245 6.39504 6.39755 6.39995 6.40224 6.4044 6.40642 6.40829 6.41 6.41154 6.41289 6.41405 6.41501 6.41577 6.41632 6.41665 6.41678 6.41669 6.41639 6.41588 6.41516 6.41424 6.41312 6.41181 6.41033 6.40867 6.40686 6.4049 6.4028 6.40058 6.39825 6.39582 6.39331 6.39074 6.38811 6.38544 6.38274 6.38004 6.37734 6.37465 6.37199 6.36936 6.36679 6.36428 6.36183 6.35947 6.35719 6.355 6.35291 6.35092 6.34904 6.34728 6.34563 6.3441 6.34269 6.3414 6.34024 6.3392 6.33828 6.33749 6.33682 6.33627 6.33585 6.33555 6.33537 6.33532 
6.32883 6.32902 6.32934 6.32978 6.33034 6.33103 6.33185 6.33279 6.33385 6.33504 6.33636 6.3378 6.33935 6.34103 6.34283 6.34475 6.34678 6.34892 6.35117 6.35352 6.35596 6.35849 6.36111 6.36379 6.36655 6.36935 6.3722 6.37509 6.378 6.38091 6.38382 6.38671 6.38957 6.39239 6.39514 6.39781 6.4004 6.40288 6.40524 6.40748 6.40956 6.41149 6.41325 6.41483 6.41623 6.41742 6.41841 6.4192 6.41976 6.42011 6.42024 6.42014 6.41983 6.4193 6.41855 6.4176 6.41645 6.4151 6.41356 6.41185 6.40997 6.40794 6.40577 6.40348 6.40107 6.39856 6.39596 6.3933 6.39058 6.38782 6.38504 6.38224 6.37944 6.37666 6.3739 6.37119 6.36852 6.36592 6.36339 6.36094 6.35857 6.35631 6.35414 6.35208 6.35013 6.3483 6.34659 6.345 6.34354 6.3422 6.34099 6.33991 6.33895 6.33813 6.33743 6.33686 6.33642 6.3361 6.33591 6.33585 
6.32947 6.32967 6.32999 6.33045 6.33103 6.33175 6.3326 6.33358 6.33468 6.33592 6.33729 6.33879 6.34041 6.34217 6.34404 6.34604 6.34815 6.35039 6.35273 6.35518 6.35772 6.36036 6.36309 6.36589 6.36876 6.37168 6.37465 6.37766 6.38068 6.38372 6.38675 6.38976 6.39273 6.39566 6.39852 6.40131 6.404 6.40658 6.40904 6.41136 6.41352 6.41553 6.41736 6.419 6.42045 6.42169 6.42272 6.42353 6.42411 6.42447 6.4246 6.4245 6.42417 6.42362 6.42284 6.42185 6.42064 6.41924 6.41764 6.41586 6.4139 6.41179 6.40953 6.40714 6.40463 6.40201 6.39931 6.39654 6.3937 6.39083 6.38792 6.38501 6.38209 6.37919 6.37632 6.37348 6.3707 6.36799 6.36534 6.36278 6.36032 6.35795 6.35568 6.35353 6.35149 6.34958 6.34779 6.34612 6.34459 6.34319 6.34192 6.34078 6.33978 6.33891 6.33818 6.33757 6.33711 6.33677 6.33657 6.3365 
6.33023 6.33043 6.33077 6.33124 6.33185 6.3326 6.33348 6.33451 6.33567 6.33697 6.3384 6.33997 6.34168 6.34352 6.34549 6.34758 6.3498 6.35215 6.3546 6.35717 6.35984 6.36261 6.36547 6.36841 6.37142 6.37449 6.3776 6.38075 6.38392 6.3871 6.39028 6.39343 6.39655 6.39961 6.40261 6.40552 6.40834 6.41104 6.41361 6.41603 6.4183 6.4204 6.42231 6.42403 6.42554 6.42683 6.42791 6.42875 6.42936 6.42973 6.42987 6.42976 6.42941 6.42883 6.42801 6.42697 6.42571 6.42423 6.42256 6.42069 6.41864 6.41643 6.41406 6.41155 6.40892 6.40618 6.40335 6.40044 6.39747 6.39445 6.3914 6.38834 6.38528 6.38224 6.37922 6.37625 6.37333 6.37047 6.3677 6.365 6.36241 6.35991 6.35753 6.35527 6.35312 6.3511 6.34922 6.34746 6.34584 6.34436 6.34302 6.34182 6.34076 6.33984 6.33906 6.33842 6.33792 6.33756 6.33734 6.33726 
6.33111 6.33131 6.33166 6.33215 6.33279 6.33358 6.33451 6.33559 6.33681 6.33818 6.33969 6.34135 6.34315 6.34509 6.34717 6.34938 6.35172 6.3542 6.35679 6.3595 6.36232 6.36525 6.36826 6.37136 6.37453 6.37777 6.38105 6.38437 6.38771 6.39106 6.39441 6.39773 6.40101 6.40424 6.40739 6.41046 6.41342 6.41626 6.41896 6.42151 6.42389 6.42609 6.4281 6.4299 6.43149 6.43285 6.43397 6.43486 6.4355 6.43588 6.43602 6.4359 6.43554 6.43492 6.43406 6.43296 6.43163 6.43008 6.42831 6.42634 6.42418 6.42185 6.41936 6.41671 6.41394 6.41105 6.40807 6.405 6.40187 6.39869 6.39547 6.39224 6.38902 6.3858 6.38262 6.37948 6.37639 6.37338 6.37044 6.36759 6.36485 6.36221 6.35969 6.35729 6.35502 6.35288 6.35088 6.34902 6.3473 6.34573 6.3443 6.34302 6.34189 6.34091 6.34008 6.3394 6.33886 6.33847 6.33823 6.33814 
6.33209 6.3323 6.33266 6.33318 6.33385 6.33468 6.33567 6.33681 6.33811 6.33956 6.34116 6.34292 6.34482 6.34688 6.34908 6.35143 6.35392 6.35654 6.35929 6.36216 6.36515 6.36825 6.37145 6.37473 6.37809 6.38152 6.38499 6.38851 6.39205 6.39559 6.39913 6.40264 6.40611 6.40952 6.41286 6.41609 6.41922 6.42222 6.42507 6.42777 6.43028 6.4326 6.43472 6.43662 6.43829 6.43972 6.44091 6.44184 6.44251 6.44292 6.44306 6.44293 6.44254 6.44188 6.44097 6.43981 6.4384 6.43675 6.43488 6.4328 6.43052 6.42805 6.42541 6.42262 6.41968 6.41663 6.41346 6.41022 6.4069 6.40353 6.40013 6.39671 6.39328 6.38988 6.3865 6.38317 6.37989 6.37669 6.37358 6.37055 6.36764 6.36483 6.36215 6.3596 6.35718 6.35491 6.35277 6.35079 6.34896 6.34728 6.34576 6.34439 6.34318 6.34213 6.34124 6.3405 6.33992 6.3395 6.33924 6.33913 
6.3332 6.33341 6.33379 6.33433 6.33504 6.33592 6.33697 6.33818 6.33956 6.3411 6.3428 6.34467 6.3467 6.34889 6.35124 6.35373 6.35638 6.35917 6.3621 6.36516 6.36834 6.37163 6.37503 6.37852 6.38209 6.38573 6.38943 6.39316 6.39692 6.40068 6.40444 6.40816 6.41185 6.41546 6.419 6.42243 6.42575 6.42892 6.43194 6.4348 6.43746 6.43992 6.44216 6.44417 6.44593 6.44745 6.4487 6.44968 6.45039 6.45081 6.45096 6.45082 6.4504 6.4497 6.44873 6.4475 6.446 6.44425 6.44227 6.44006 6.43764 6.43501 6.43221 6.42925 6.42613 6.42288 6.41953 6.41608 6.41255 6.40897 6.40536 6.40172 6.39808 6.39445 6.39086 6.38732 6.38383 6.38042 6.3771 6.37388 6.37077 6.36778 6.36492 6.36219 6.35961 6.35718 6.3549 6.35278 6.35081 6.34902 6.34738 6.34592 6.34462 6.34349 6.34253 6.34173 6.34111 6.34065 6.34036 6.34024 
6.33441 6.33463 6.33503 6.3356 6.33636 6.33729 6.3384 6.33969 6.34116 6.3428 6.34462 6.34662 6.34878 6.35112 6.35362 6.35629 6.35911 6.36209 6.36521 6.36847 6.37187 6.37538 6.379 6.38272 6.38653 6.39041 6.39435 6.39832 6.40232 6.40633 6.41032 6.41429 6.4182 6.42205 6.4258 6.42945 6.43297 6.43635 6.43956 6.44258 6.44541 6.44802 6.4504 6.45253 6.4544 6.456 6.45733 6.45837 6.45911 6.45956 6.45971 6.45956 6.45911 6.45837 6.45733 6.45601 6.45442 6.45256 6.45045 6.4481 6.44552 6.44273 6.43975 6.43659 6.43328 6.42982 6.42625 6.42257 6.41882 6.41501 6.41115 6.40727 6.40339 6.39953 6.3957 6.39191 6.38819 6.38455 6.38101 6.37756 6.37424 6.37104 6.36798 6.36506 6.3623 6.35969 6.35725 6.35497 6.35287 6.35094 6.34919 6.34761 6.34621 6.34499 6.34396 6.3431 6.34242 6.34192 6.3416 6.34146 
6.33574 6.33596 6.33638 6.33699 6.3378 6.33879 6.33997 6.34135 6.34292 6.34467 6.34662 6.34875 6.35106 6.35356 6.35624 6.35909 6.36211 6.36529 6.36863 6.37211 6.37574 6.37949 6.38336 6.38734 6.3914 6.39554 6.39974 6.40398 6.40824 6.41252 6.41677 6.421 6.42517 6.42926 6.43326 6.43715 6.4409 6.44449 6.4479 6.45112 6.45412 6.45689 6.45942 6.46168 6.46367 6.46537 6.46678 6.46788 6.46866 6.46914 6.46929 6.46913 6.46865 6.46785 6.46675 6.46534 6.46364 6.46166 6.45941 6.4569 6.45415 6.45118 6.448 6.44464 6.4411 6.43742 6.43361 6.42969 6.42569 6.42162 6.4175 6.41337 6.40922 6.40509 6.401 6.39695 6.39298 6.38909 6.38529 6.38161 6.37805 6.37462 6.37134 6.36821 6.36525 6.36245 6.35983 6.35738 6.35512 6.35305 6.35116 6.34946 6.34795 6.34664 6.34552 6.34459 6.34385 6.34331 6.34296 6.3428 
6.33718 6.33741 6.33785 6.3385 6.33935 6.34041 6.34168 6.34315 6.34482 6.3467 6.34878 6.35106 6.35354 6.35621 6.35908 6.36213 6.36536 6.36877 6.37234 6.37607 6.37995 6.38396 6.3881 6.39235 6.39669 6.40111 6.4056 6.41013 6.41468 6.41924 6.42378 6.42829 6.43273 6.4371 6.44136 6.4455 6.44949 6.45332 6.45695 6.46037 6.46357 6.46652 6.4692 6.47161 6.47372 6.47553 6.47702 6.47819 6.47902 6.47952 6.47968 6.4795 6.47899 6.47814 6.47696 6.47545 6.47364 6.47153 6.46913 6.46645 6.46352 6.46035 6.45696 6.45337 6.4496 6.44567 6.4416 6.43742 6.43314 6.4288 6.4244 6.41998 6.41555 6.41114 6.40676 6.40243 6.39818 6.39401 6.38994 6.386 6.38218 6.37851 6.37499 6.37163 6.36845 6.36545 6.36263 6.36 6.35757 6.35533 6.3533 6.35147 6.34984 6.34842 6.34721 6.3462 6.3454 6.34481 6.34443 6.34425 
6.33873 6.33897 6.33944 6.34013 6.34103 6.34217 6.34352 6.34509 6.34688 6.34889 6.35112 6.35356 6.35621 6.35908 6.36215 6.36541 6.36887 6.37252 6.37634 6.38034 6.38449 6.38878 6.39321 6.39775 6.40239 6.40712 6.41191 6.41675 6.42161 6.42648 6.43133 6.43613 6.44088 6.44553 6.45008 6.45449 6.45874 6.46282 6.46669 6.47033 6.47373 6.47687 6.47973 6.48229 6.48453 6.48646 6.48804 6.48928 6.49016 6.49069 6.49086 6.49066 6.49011 6.48919 6.48793 6.48633 6.48439 6.48214 6.47958 6.47672 6.4736 6.47022 6.4666 6.46277 6.45874 6.45454 6.4502 6.44574 6.44117 6.43652 6.43183 6.4271 6.42237 6.41765 6.41296 6.40833 6.40377 6.39931 6.39496 6.39073 6.38664 6.3827 6.37892 6.37532 6.3719 6.36868 6.36565 6.36282 6.3602 6.3578 6.35561 6.35363 6.35188 6.35035 6.34903 6.34794 6.34708 6.34643 6.34601 6.34581 
6.34039 6.34064 6.34114 6.34187 6.34283 6.34404 6.34549 6.34717 6.34908 6.35124 6.35362 6.35624 6.35908 6.36215 6.36543 6.36893 6.37264 6.37654 6.38063 6.38491 6.38935 6.39394 6.39867 6.40353 6.40849 6.41355 6.41866 6.42383 6.42902 6.43422 6.43939 6.44452 6.44958 6.45455 6.45939 6.4641 6.46863 6.47297 6.47709 6.48097 6.48459 6.48793 6.49097 6.49369 6.49608 6.49812 6.4998 6.50111 6.50205 6.50261 6.50278 6.50257 6.50197 6.501 6.49965 6.49794 6.49588 6.49347 6.49074 6.48769 6.48436 6.48075 6.47689 6.4728 6.46851 6.46403 6.45939 6.45462 6.44975 6.44479 6.43977 6.43472 6.42965 6.42461 6.41959 6.41464 6.40976 6.40499 6.40032 6.39579 6.39141 6.38718 6.38313 6.37927 6.3756 6.37213 6.36888 6.36584 6.36302 6.36043 6.35808 6.35595 6.35406 6.3524 6.35099 6.34981 6.34887 6.34816 6.3477 6.34748 
6.34216 6.34242 6.34294 6.34372 6.34475 6.34604 6.34758 6.34938 6.35143 6.35373 6.35629 6.35909 6.36213 6.36541 6.36893 6.37268 6.37664 6.38082 6.3852 6.38977 6.39452 6.39943 6.40449 6.40968 6.41498 6.42038 6.42585 6.43136 6.4369 6.44245 6.44797 6.45344 6.45883 6.46412 6.46929 6.47429 6.47912 6.48374 6.48812 6.49226 6.49611 6.49966 6.50289 6.50578 6.50832 6.51049 6.51227 6.51367 6.51466 6.51525 6.51543 6.5152 6.51456 6.51352 6.51208 6.51026 6.50805 6.50549 6.50257 6.49933 6.49577 6.49193 6.48781 6.48345 6.47887 6.4741 6.46915 6.46406 6.45886 6.45356 6.4482 6.44281 6.4374 6.432 6.42665 6.42135 6.41613 6.41102 6.40603 6.40118 6.39648 6.39195 6.38761 6.38347 6.37953 6.37581 6.37232 6.36905 6.36603 6.36324 6.3607 6.35842 6.35638 6.35459 6.35306 6.35179 6.35077 6.35001 6.3495 6.34925 
6.34403 6.3443 6.34486 6.34568 6.34678 6.34815 6.3498 6.35172 6.35392 6.35638 6.35911 6.36211 6.36536 6.36887 6.37264 6.37664 6.38088 6.38535 6.39003 6.39492 6.39999 6.40524 6.41064 6.41618 6.42185 6.4276 6.43344 6.43932 6.44523 6.45114 6.45702 6.46285 6.46859 6.47423 6.47973 6.48506 6.49019 6.4951 6.49977 6.50416 6.50826 6.51203 6.51546 6.51853 6.52123 6.52353 6.52542 6.5269 6.52795 6.52857 6.52876 6.52851 6.52783 6.52672 6.52519 6.52324 6.52089 6.51816 6.51506 6.5116 6.50781 6.50372 6.49933 6.49469 6.48981 6.48472 6.47945 6.47402 6.46847 6.46282 6.45711 6.45135 6.44558 6.43982 6.4341 6.42844 6.42286 6.4174 6.41206 6.40687 6.40184 6.397 6.39235 6.38791 6.38369 6.3797 6.37596 6.37245 6.3692 6.36621 6.36349 6.36103 6.35883 6.35691 6.35526 6.35389 6.35279 6.35196 6.35141 6.35114 
6.346 6.34629 6.34687 6.34775 6.34892 6.35039 6.35215 6.3542 6.35654 6.35917 6.36209 6.36529 6.36877 6.37252 6.37654 6.38082 6.38535 6.39012 6.39512 6.40033 6.40575 6.41135 6.41711 6.42303 6.42906 6.4352 6.44142 6.44768 6.45398 6.46027 6.46653 6.47273 6.47885 6.48484 6.49068 6.49635 6.50181 6.50703 6.51198 6.51665 6.521 6.525 6.52865 6.53191 6.53476 6.5372 6.53921 6.54078 6.54189 6.54254 6.54274 6.54247 6.54174 6.54055 6.53892 6.53685 6.53436 6.53145 6.52815 6.52447 6.52044 6.51609 6.51142 6.50648 6.50129 6.49587 6.49026 6.48448 6.47857 6.47255 6.46646 6.46033 6.45417 6.44803 6.44193 6.43589 6.42994 6.4241 6.4184 6.41286 6.40749 6.40231 6.39734 6.39259 6.38807 6.3838 6.37979 6.37603 6.37255 6.36934 6.36642 6.36378 6.36142 6.35936 6.35758 6.3561 6.35492 6.35402 6.35342 6.35312 
6.34807 6.34837 6.34899 6.34992 6.35117 6.35273 6.3546 6.35679 6.35929 6.3621 6.36521 6.36863 6.37234 6.37634 6.38063 6.3852 6.39003 6.39512 6.40045 6.40601 6.41178 6.41775 6.42389 6.43019 6.43661 6.44315 6.44976 6.45643 6.46313 6.46982 6.47647 6.48306 6.48956 6.49592 6.50213 6.50815 6.51394 6.51948 6.52474 6.52968 6.53429 6.53854 6.5424 6.54586 6.54888 6.55147 6.55359 6.55525 6.55642 6.55711 6.55731 6.55702 6.55625 6.55499 6.55325 6.55105 6.5484 6.54531 6.5418 6.5379 6.53362 6.52899 6.52404 6.51879 6.51327 6.50751 6.50154 6.4954 6.48912 6.48272 6.47624 6.46971 6.46316 6.45662 6.45012 6.44368 6.43734 6.43112 6.42504 6.41913 6.4134 6.40787 6.40256 6.39748 6.39266 6.38809 6.3838 6.37979 6.37606 6.37262 6.36949 6.36666 6.36413 6.36192 6.36001 6.35842 6.35715 6.35618 6.35554 6.3552 
6.35024 6.35055 6.3512 6.35219 6.35352 6.35518 6.35717 6.3595 6.36216 6.36516 6.36847 6.37211 6.37607 6.38034 6.38491 6.38977 6.39492 6.40033 6.40601 6.41193 6.41807 6.42442 6.43095 6.43765 6.44448 6.45142 6.45845 6.46553 6.47264 6.47975 6.48681 6.49381 6.50069 6.50745 6.51403 6.5204 6.52654 6.53241 6.53798 6.54322 6.5481 6.5526 6.55668 6.56034 6.56354 6.56627 6.56852 6.57027 6.57151 6.57223 6.57244 6.57213 6.5713 6.56997 6.56812 6.56579 6.56298 6.5597 6.55599 6.55185 6.54731 6.5424 6.53714 6.53157 6.52572 6.51961 6.51328 6.50676 6.50008 6.49329 6.4864 6.47946 6.4725 6.46555 6.45864 6.4518 6.44505 6.43843 6.43196 6.42566 6.41955 6.41366 6.408 6.40259 6.39744 6.39257 6.38799 6.3837 6.37972 6.37605 6.3727 6.36967 6.36697 6.36459 6.36255 6.36085 6.35948 6.35844 6.35774 6.35738 
6.35249 6.35282 6.35351 6.35455 6.35596 6.35772 6.35984 6.36232 6.36515 6.36834 6.37187 6.37574 6.37995 6.38449 6.38935 6.39452 6.39999 6.40575 6.41178 6.41807 6.4246 6.43134 6.43827 6.44538 6.45263 6.46 6.46745 6.47497 6.4825 6.49003 6.49752 6.50493 6.51222 6.51937 6.52634 6.53308 6.53958 6.54579 6.55168 6.55721 6.56237 6.56713 6.57144 6.5753 6.57868 6.58157 6.58394 6.58578 6.58709 6.58785 6.58807 6.58774 6.58686 6.58544 6.58349 6.58102 6.57804 6.57458 6.57064 6.56626 6.56146 6.55626 6.5507 6.5448 6.53859 6.53212 6.52542 6.51851 6.51143 6.50423 6.49693 6.48957 6.48218 6.47481 6.46747 6.4602 6.45304 6.446 6.43912 6.43243 6.42594 6.41967 6.41365 6.40789 6.40241 6.39722 6.39233 6.38777 6.38352 6.37961 6.37603 6.3728 6.36991 6.36738 6.36519 6.36337 6.3619 6.36079 6.36004 6.35964 
6.35483 6.35517 6.35589 6.357 6.35849 6.36036 6.36261 6.36525 6.36825 6.37163 6.37538 6.37949 6.38396 6.38878 6.39394 6.39943 6.40524 6.41135 6.41775 6.42442 6.43134 6.43849 6.44584 6.45337 6.46105 6.46885 6.47674 6.4847 6.49267 6.50064 6.50855 6.51639 6.5241 6.53165 6.53901 6.54614 6.553 6.55956 6.56577 6.57162 6.57706 6.58208 6.58663 6.5907 6.59426 6.5973 6.5998 6.60174 6.60312 6.60392 6.60415 6.60379 6.60286 6.60136 6.5993 6.59669 6.59354 6.58988 6.58572 6.58109 6.57602 6.57052 6.56464 6.55841 6.55185 6.54501 6.53792 6.53061 6.52313 6.5155 6.50778 6.49999 6.49216 6.48435 6.47658 6.46888 6.46128 6.45382 6.44653 6.43942 6.43253 6.42588 6.41948 6.41336 6.40754 6.40202 6.39683 6.39197 6.38745 6.38329 6.37948 6.37603 6.37296 6.37026 6.36793 6.36598 6.36441 6.36322 6.36241 6.36199 
6.35724 6.35759 6.35836 6.35953 6.36111 6.36309 6.36547 6.36826 6.37145 6.37503 6.379 6.38336 6.3881 6.39321 6.39867 6.40449 6.41064 6.41711 6.42389 6.43095 6.43827 6.44584 6.45361 6.46158 6.4697 6.47795 6.48629 6.49469 6.50311 6.51152 6.51988 6.52815 6.53629 6.54426 6.55202 6.55953 6.56676 6.57367 6.58022 6.58638 6.59211 6.59739 6.60219 6.60647 6.61022 6.61342 6.61605 6.61809 6.61953 6.62038 6.62061 6.62023 6.61925 6.61766 6.61549 6.61273 6.60942 6.60555 6.60117 6.59629 6.59094 6.58514 6.57894 6.57237 6.56545 6.55823 6.55074 6.54303 6.53512 6.52707 6.51891 6.51068 6.50241 6.49415 6.48593 6.47779 6.46975 6.46186 6.45413 6.44661 6.43931 6.43226 6.42548 6.419 6.41282 6.40697 6.40146 6.3963 6.3915 6.38708 6.38303 6.37937 6.3761 6.37323 6.37075 6.36867 6.367 6.36573 6.36487 6.36441 
6.35971 6.36009 6.36089 6.36213 6.36379 6.36589 6.36841 6.37136 6.37473 6.37852 6.38272 6.38734 6.39235 6.39775 6.40353 6.40968 6.41618 6.42303 6.43019 6.43765 6.44538 6.45337 6.46158 6.46998 6.47855 6.48726 6.49605 6.50491 6.51379 6.52265 6.53146 6.54017 6.54874 6.55713 6.5653 6.5732 6.58081 6.58808 6.59497 6.60144 6.60747 6.61302 6.61806 6.62256 6.6265 6.62986 6.63262 6.63476 6.63627 6.63715 6.63739 6.637 6.63596 6.63429 6.632 6.6291 6.62561 6.62154 6.61693 6.61179 6.60616 6.60006 6.59354 6.58661 6.57933 6.57172 6.56384 6.55571 6.54738 6.5389 6.53029 6.52161 6.51289 6.50418 6.4955 6.4869 6.47842 6.47008 6.46192 6.45397 6.44626 6.4388 6.43163 6.42477 6.41824 6.41204 6.40621 6.40074 6.39566 6.39097 6.38668 6.3828 6.37933 6.37628 6.37365 6.37144 6.36966 6.36831 6.36739 6.3669 
6.36225 6.36264 6.36349 6.36479 6.36655 6.36876 6.37142 6.37453 6.37809 6.38209 6.38653 6.3914 6.39669 6.40239 6.40849 6.41498 6.42185 6.42906 6.43661 6.44448 6.45263 6.46105 6.4697 6.47855 6.48758 6.49674 6.506 6.51532 6.52466 6.53398 6.54324 6.5524 6.5614 6.57022 6.5788 6.58711 6.5951 6.60272 6.60996 6.61675 6.62308 6.62889 6.63418 6.6389 6.64303 6.64655 6.64944 6.65168 6.65327 6.65419 6.65444 6.65402 6.65293 6.65117 6.64877 6.64572 6.64205 6.63779 6.63294 6.62755 6.62163 6.61523 6.60837 6.60109 6.59344 6.58545 6.57716 6.56861 6.55985 6.55093 6.54187 6.53274 6.52356 6.51438 6.50525 6.49619 6.48725 6.47846 6.46986 6.46148 6.45334 6.44548 6.43791 6.43067 6.42376 6.41722 6.41106 6.40528 6.39991 6.39495 6.39041 6.3863 6.38263 6.3794 6.37661 6.37427 6.37239 6.37095 6.36997 6.36945 
6.36484 6.36525 6.36613 6.3675 6.36935 6.37168 6.37449 6.37777 6.38152 6.38573 6.39041 6.39554 6.40111 6.40712 6.41355 6.42038 6.4276 6.4352 6.44315 6.45142 6.46 6.46885 6.47795 6.48726 6.49674 6.50636 6.51609 6.52588 6.53569 6.54547 6.55519 6.56479 6.57424 6.58348 6.59248 6.60119 6.60956 6.61755 6.62512 6.63224 6.63886 6.64496 6.65049 6.65543 6.65975 6.66343 6.66646 6.6688 6.67046 6.67142 6.67168 6.67123 6.67009 6.66825 6.66572 6.66253 6.65869 6.65422 6.64914 6.64349 6.63729 6.63057 6.62338 6.61575 6.60773 6.59934 6.59065 6.58168 6.57249 6.56312 6.55361 6.54402 6.53438 6.52474 6.51514 6.50562 6.49622 6.48697 6.47792 6.4691 6.46054 6.45226 6.44429 6.43666 6.42938 6.42249 6.41599 6.4099 6.40423 6.399 6.39421 6.38987 6.38599 6.38258 6.37963 6.37716 6.37517 6.37365 6.37261 6.37205 
6.36747 6.3679 6.36882 6.37026 6.3722 6.37465 6.3776 6.38105 6.38499 6.38943 6.39435 6.39974 6.4056 6.41191 6.41866 6.42585 6.43344 6.44142 6.44976 6.45845 6.46745 6.47674 6.48629 6.49605 6.506 6.51609 6.52629 6.53654 6.54682 6.55707 6.56724 6.5773 6.58719 6.59686 6.60627 6.61538 6.62414 6.63249 6.64041 6.64785 6.65477 6.66114 6.66692 6.67208 6.67659 6.68044 6.68359 6.68604 6.68777 6.68877 6.68904 6.68857 6.68737 6.68544 6.6828 6.67947 6.67545 6.67077 6.66546 6.65955 6.65306 6.64604 6.63851 6.63053 6.62213 6.61336 6.60425 6.59486 6.58524 6.57542 6.56546 6.55541 6.5453 6.53519 6.52513 6.51514 6.50528 6.49558 6.48608 6.47681 6.46781 6.45912 6.45074 6.44272 6.43507 6.42782 6.42098 6.41457 6.40861 6.4031 6.39806 6.39349 6.3894 6.3858 6.3827 6.38009 6.37799 6.37638 6.37528 6.37469 
6.37013 6.37057 6.37155 6.37305 6.37509 6.37766 6.38075 6.38437 6.38851 6.39316 6.39832 6.40398 6.41013 6.41675 6.42383 6.43136 6.43932 6.44768 6.45643 6.46553 6.47497 6.4847 6.49469 6.50491 6.51532 6.52588 6.53654 6.54727 6.55801 6.56873 6.57936 6.58987 6.6002 6.6103 6.62013 6.62964 6.63877 6.6475 6.65576 6.66352 6.67074 6.67738 6.6834 6.68878 6.69349 6.69749 6.70078 6.70333 6.70513 6.70617 6.70644 6.70595 6.7047 6.70269 6.69993 6.69645 6.69226 6.68738 6.68183 6.67566 6.66889 6.66156 6.6537 6.64537 6.6366 6.62743 6.61792 6.60811 6.59805 6.58779 6.57737 6.56686 6.55629 6.54571 6.53517 6.52472 6.51439 6.50424 6.49428 6.48458 6.47515 6.46603 6.45725 6.44883 6.44081 6.4332 6.42602 6.41929 6.41303 6.40724 6.40194 6.39714 6.39285 6.38906 6.3858 6.38306 6.38084 6.37915 6.37799 6.37737 
6.37282 6.37327 6.37429 6.37586 6.378 6.38068 6.38392 6.38771 6.39205 6.39692 6.40232 6.40824 6.41468 6.42161 6.42902 6.4369 6.44523 6.45398 6.46313 6.47264 6.4825 6.49267 6.50311 6.51379 6.52466 6.53569 6.54682 6.55801 6.56922 6.5804 6.59149 6.60244 6.61321 6.62374 6.63399 6.64389 6.65341 6.66249 6.67109 6.67917 6.68669 6.6936 6.69986 6.70546 6.71036 6.71452 6.71794 6.72059 6.72246 6.72354 6.72383 6.72331 6.72201 6.71991 6.71704 6.71341 6.70905 6.70396 6.69819 6.69176 6.68471 6.67707 6.66889 6.6602 6.65106 6.6415 6.63158 6.62135 6.61086 6.60016 6.58929 6.57832 6.56729 6.55624 6.54524 6.53432 6.52353 6.51291 6.50251 6.49236 6.4825 6.47296 6.46378 6.45497 6.44657 6.4386 6.43109 6.42404 6.41747 6.41141 6.40585 6.40082 6.39631 6.39235 6.38892 6.38604 6.38371 6.38194 6.38072 6.38006 
6.37551 6.37598 6.37704 6.37868 6.38091 6.38372 6.3871 6.39106 6.39559 6.40068 6.40633 6.41252 6.41924 6.42648 6.43422 6.44245 6.45114 6.46027 6.46982 6.47975 6.49003 6.50064 6.51152 6.52265 6.53398 6.54547 6.55707 6.56873 6.5804 6.59203 6.60357 6.61497 6.62618 6.63713 6.64778 6.65808 6.66797 6.67741 6.68635 6.69475 6.70255 6.70973 6.71624 6.72205 6.72713 6.73146 6.73501 6.73776 6.7397 6.74082 6.74111 6.74057 6.73921 6.73704 6.73405 6.73028 6.72574 6.72046 6.71446 6.70778 6.70044 6.6925 6.68399 6.67496 6.66545 6.65551 6.64519 6.63455 6.62363 6.61249 6.60117 6.58974 6.57825 6.56675 6.55528 6.5439 6.53265 6.52158 6.51073 6.50014 6.48985 6.47989 6.4703 6.4611 6.45233 6.44401 6.43615 6.42878 6.42192 6.41558 6.40977 6.4045 6.39979 6.39563 6.39205 6.38903 6.38659 6.38473 6.38345 6.38276 
6.37819 6.37868 6.37979 6.3815 6.38382 6.38675 6.39028 6.39441 6.39913 6.40444 6.41032 6.41677 6.42378 6.43133 6.43939 6.44797 6.45702 6.46653 6.47647 6.48681 6.49752 6.50855 6.51988 6.53146 6.54324 6.55519 6.56724 6.57936 6.59149 6.60357 6.61556 6.6274 6.63903 6.6504 6.66146 6.67214 6.68241 6.6922 6.70147 6.71017 6.71827 6.72571 6.73245 6.73848 6.74374 6.74823 6.7519 6.75475 6.75676 6.75792 6.75822 6.75766 6.75625 6.75399 6.75089 6.74698 6.74227 6.73679 6.73057 6.72364 6.71603 6.70779 6.69896 6.68959 6.67972 6.6694 6.65869 6.64763 6.63629 6.62471 6.61296 6.60108 6.58913 6.57717 6.56525 6.55341 6.5417 6.53018 6.51889 6.50786 6.49715 6.48678 6.47678 6.4672 6.45806 6.44938 6.44119 6.43351 6.42635 6.41973 6.41367 6.40817 6.40325 6.39891 6.39517 6.39202 6.38947 6.38752 6.38619 6.38546 
6.38086 6.38137 6.38252 6.3843 6.38671 6.38976 6.39343 6.39773 6.40264 6.40816 6.41429 6.421 6.42829 6.43613 6.44452 6.45344 6.46285 6.47273 6.48306 6.49381 6.50493 6.51639 6.52815 6.54017 6.5524 6.56479 6.5773 6.58987 6.60244 6.61497 6.6274 6.63967 6.65172 6.6635 6.67495 6.68601 6.69664 6.70678 6.71637 6.72538 6.73376 6.74145 6.74843 6.75466 6.76011 6.76475 6.76855 6.77149 6.77357 6.77476 6.77507 6.77449 6.77303 6.77069 6.76749 6.76344 6.75856 6.75289 6.74645 6.73927 6.7314 6.72287 6.71372 6.70401 6.69379 6.6831 6.672 6.66054 6.64878 6.63678 6.62459 6.61228 6.59988 6.58747 6.57509 6.56281 6.55066 6.53869 6.52696 6.51551 6.50437 6.49359 6.48321 6.47324 6.46374 6.45471 6.44619 6.43819 6.43074 6.42385 6.41754 6.41181 6.40669 6.40217 6.39827 6.39498 6.39232 6.3903 6.3889 6.38814 
6.3835 6.38403 6.38522 6.38707 6.38957 6.39273 6.39655 6.40101 6.40611 6.41185 6.4182 6.42517 6.43273 6.44088 6.44958 6.45883 6.46859 6.47885 6.48956 6.50069 6.51222 6.5241 6.53629 6.54874 6.5614 6.57424 6.58719 6.6002 6.61321 6.62618 6.63903 6.65172 6.66418 6.67636 6.68819 6.69963 6.71061 6.72109 6.731 6.7403 6.74895 6.7569 6.76411 6.77054 6.77616 6.78095 6.78487 6.78791 6.79005 6.79128 6.79159 6.791 6.78948 6.78707 6.78376 6.77958 6.77454 6.76868 6.76203 6.75461 6.74648 6.73766 6.72821 6.71817 6.7076 6.69655 6.68507 6.67322 6.66106 6.64864 6.63603 6.62328 6.61045 6.5976 6.58478 6.57205 6.55946 6.54706 6.53491 6.52303 6.51149 6.50031 6.48953 6.4792 6.46933 6.45996 6.45111 6.44281 6.43507 6.42792 6.42136 6.41541 6.41008 6.40539 6.40133 6.39791 6.39515 6.39304 6.39158 6.39079 
6.3861 6.38665 6.38788 6.38979 6.39239 6.39566 6.39961 6.40424 6.40952 6.41546 6.42205 6.42926 6.4371 6.44553 6.45455 6.46412 6.47423 6.48484 6.49592 6.50745 6.51937 6.53165 6.54426 6.55713 6.57022 6.58348 6.59686 6.6103 6.62374 6.63713 6.6504 6.6635 6.67636 6.68892 6.70113 6.71293 6.72426 6.73506 6.74528 6.75487 6.76378 6.77198 6.7794 6.78603 6.79182 6.79675 6.80079 6.80392 6.80612 6.80739 6.80772 6.8071 6.80554 6.80305 6.79963 6.79532 6.79013 6.78409 6.77723 6.76958 6.76119 6.7521 6.74235 6.732 6.72109 6.70969 6.69784 6.68561 6.67305 6.66023 6.64721 6.63404 6.62078 6.6075 6.59426 6.5811 6.56808 6.55526 6.54269 6.5304 6.51846 6.50689 6.49573 6.48503 6.47481 6.46511 6.45594 6.44734 6.43932 6.43191 6.42511 6.41894 6.41342 6.40855 6.40434 6.40079 6.39792 6.39573 6.39422 6.3934 
6.38865 6.38921 6.39048 6.39245 6.39514 6.39852 6.40261 6.40739 6.41286 6.419 6.4258 6.43326 6.44136 6.45008 6.45939 6.46929 6.47973 6.49068 6.50213 6.51403 6.52634 6.53901 6.55202 6.5653 6.5788 6.59248 6.60627 6.62013 6.63399 6.64778 6.66146 6.67495 6.68819 6.70113 6.71371 6.72585 6.73751 6.74863 6.75914 6.76901 6.77818 6.78661 6.79425 6.80107 6.80702 6.81209 6.81624 6.81946 6.82172 6.82303 6.82336 6.82272 6.82112 6.81855 6.81504 6.8106 6.80526 6.79905 6.79199 6.78412 6.77548 6.76612 6.75609 6.74543 6.7342 6.72245 6.71025 6.69765 6.68471 6.6715 6.65808 6.6445 6.63084 6.61714 6.60348 6.5899 6.57647 6.56324 6.55026 6.53758 6.52525 6.5133 6.50178 6.49072 6.48016 6.47013 6.46066 6.45177 6.44347 6.4358 6.42877 6.42239 6.41668 6.41164 6.40728 6.40361 6.40064 6.39837 6.39681 6.39595 
6.39112 6.3917 6.393 6.39504 6.39781 6.40131 6.40552 6.41046 6.41609 6.42243 6.42945 6.43715 6.4455 6.45449 6.4641 6.47429 6.48506 6.49635 6.50815 6.5204 6.53308 6.54614 6.55953 6.5732 6.58711 6.60119 6.61538 6.62964 6.64389 6.65808 6.67214 6.68601 6.69963 6.71293 6.72585 6.73833 6.75031 6.76173 6.77253 6.78267 6.79208 6.80073 6.80858 6.81557 6.82169 6.82689 6.83115 6.83445 6.83678 6.83811 6.83845 6.8378 6.83615 6.83351 6.82991 6.82535 6.81987 6.81348 6.80623 6.79815 6.78928 6.77966 6.76935 6.7584 6.74686 6.73479 6.72224 6.70929 6.69598 6.68239 6.66859 6.65462 6.64056 6.62646 6.6124 6.59842 6.5846 6.57097 6.5576 6.54453 6.53182 6.51951 6.50763 6.49623 6.48535 6.475 6.46523 6.45606 6.4475 6.43959 6.43233 6.42574 6.41984 6.41464 6.41014 6.40635 6.40328 6.40094 6.39932 6.39843 
6.39351 6.3941 6.39545 6.39755 6.4004 6.404 6.40834 6.41342 6.41922 6.42575 6.43297 6.4409 6.44949 6.45874 6.46863 6.47912 6.49019 6.50181 6.51394 6.52654 6.53958 6.553 6.56676 6.58081 6.5951 6.60956 6.62414 6.63877 6.65341 6.66797 6.68241 6.69664 6.71061 6.72426 6.73751 6.75031 6.76259 6.7743 6.78537 6.79576 6.80542 6.81428 6.82232 6.82949 6.83575 6.84108 6.84545 6.84883 6.85121 6.85258 6.85292 6.85225 6.85056 6.84786 6.84416 6.83949 6.83387 6.82733 6.81989 6.81161 6.80251 6.79265 6.78208 6.77085 6.75901 6.74662 6.73375 6.72046 6.7068 6.69286 6.67868 6.66434 6.6499 6.63542 6.62097 6.60662 6.59241 6.5784 6.56466 6.55122 6.53815 6.52549 6.51327 6.50154 6.49034 6.4797 6.46964 6.46019 6.45139 6.44324 6.43576 6.42898 6.4229 6.41754 6.4129 6.409 6.40583 6.40341 6.40175 6.40083 
6.39581 6.39641 6.3978 6.39995 6.40288 6.40658 6.41104 6.41626 6.42222 6.42892 6.43635 6.44449 6.45332 6.46282 6.47297 6.48374 6.4951 6.50703 6.51948 6.53241 6.54579 6.55956 6.57367 6.58808 6.60272 6.61755 6.63249 6.6475 6.66249 6.67741 6.6922 6.70678 6.72109 6.73506 6.74863 6.76173 6.7743 6.78628 6.79761 6.80824 6.81812 6.82719 6.83541 6.84274 6.84915 6.8546 6.85906 6.86252 6.86495 6.86635 6.86671 6.86602 6.86428 6.86152 6.85774 6.85296 6.84721 6.84051 6.83291 6.82443 6.81512 6.80503 6.79421 6.78271 6.77059 6.75791 6.74473 6.73111 6.71713 6.70284 6.68831 6.67361 6.65881 6.64397 6.62916 6.61444 6.59986 6.5855 6.5714 6.55762 6.5442 6.5312 6.51866 6.50662 6.49512 6.48419 6.47386 6.46415 6.4551 6.44673 6.43905 6.43208 6.42583 6.42031 6.41555 6.41153 6.40828 6.40579 6.40408 6.40313 
6.39799 6.39861 6.40003 6.40224 6.40524 6.40904 6.41361 6.41896 6.42507 6.43194 6.43956 6.4479 6.45695 6.46669 6.47709 6.48812 6.49977 6.51198 6.52474 6.53798 6.55168 6.56577 6.58022 6.59497 6.60996 6.62512 6.64041 6.65576 6.67109 6.68635 6.70147 6.71637 6.731 6.74528 6.75914 6.77253 6.78537 6.79761 6.80919 6.82005 6.83013 6.83939 6.84779 6.85527 6.86181 6.86738 6.87193 6.87546 6.87795 6.87937 6.87973 6.87903 6.87726 6.87444 6.87058 6.8657 6.85982 6.85298 6.84521 6.83655 6.82705 6.81674 6.80568 6.79393 6.78154 6.76858 6.75511 6.74119 6.7269 6.71228 6.69743 6.6824 6.66726 6.65208 6.63692 6.62185 6.60693 6.59223 6.57779 6.56368 6.54994 6.53663 6.52378 6.51144 6.49966 6.48845 6.47786 6.46792 6.45864 6.45005 6.44217 6.43502 6.42861 6.42296 6.41807 6.41395 6.41061 6.40806 6.4063 6.40533 
6.40006 6.40069 6.40214 6.4044 6.40748 6.41136 6.41603 6.42151 6.42777 6.4348 6.44258 6.45112 6.46037 6.47033 6.48097 6.49226 6.50416 6.51665 6.52968 6.54322 6.55721 6.57162 6.58638 6.60144 6.61675 6.63224 6.64785 6.66352 6.67917 6.69475 6.71017 6.72538 6.7403 6.75487 6.76901 6.78267 6.79576 6.80824 6.82005 6.83111 6.84139 6.85084 6.85939 6.86702 6.87369 6.87936 6.884 6.8876 6.89013 6.89158 6.89194 6.89122 6.88942 6.88655 6.88261 6.87764 6.87165 6.86468 6.85675 6.84792 6.83823 6.82772 6.81644 6.80446 6.79182 6.7786 6.76486 6.75066 6.73607 6.72115 6.70599 6.69065 6.67519 6.65969 6.64421 6.62882 6.61358 6.59855 6.5838 6.56938 6.55534 6.54173 6.52859 6.51598 6.50393 6.49247 6.48164 6.47146 6.46197 6.45318 6.44512 6.4378 6.43124 6.42545 6.42045 6.41623 6.41281 6.4102 6.40839 6.4074 
6.40199 6.40264 6.40412 6.40642 6.40956 6.41352 6.4183 6.42389 6.43028 6.43746 6.44541 6.45412 6.46357 6.47373 6.48459 6.49611 6.50826 6.521 6.53429 6.5481 6.56237 6.57706 6.59211 6.60747 6.62308 6.63886 6.65477 6.67074 6.68669 6.70255 6.71827 6.73376 6.74895 6.76378 6.77818 6.79208 6.80542 6.81812 6.83013 6.84139 6.85186 6.86146 6.87017 6.87793 6.88471 6.89048 6.8952 6.89886 6.90143 6.90291 6.90328 6.90255 6.90071 6.89779 6.89378 6.88872 6.88263 6.87553 6.86747 6.85848 6.84862 6.83792 6.82644 6.81424 6.80137 6.78791 6.77392 6.75945 6.74459 6.7294 6.71395 6.69832 6.68256 6.66676 6.65099 6.6353 6.61976 6.60444 6.5894 6.57469 6.56037 6.54648 6.53308 6.52021 6.50791 6.49621 6.48515 6.47477 6.46508 6.4561 6.44787 6.4404 6.4337 6.42778 6.42267 6.41836 6.41487 6.4122 6.41035 6.40934 
6.40378 6.40443 6.40594 6.40829 6.41149 6.41553 6.4204 6.42609 6.4326 6.43992 6.44802 6.45689 6.46652 6.47687 6.48793 6.49966 6.51203 6.525 6.53854 6.5526 6.56713 6.58208 6.59739 6.61302 6.62889 6.64496 6.66114 6.67738 6.6936 6.70973 6.72571 6.74145 6.7569 6.77198 6.78661 6.80073 6.81428 6.82719 6.83939 6.85084 6.86146 6.87122 6.88006 6.88795 6.89483 6.90069 6.90548 6.9092 6.91181 6.91331 6.91369 6.91294 6.91108 6.90811 6.90404 6.8989 6.89271 6.8855 6.87731 6.86818 6.85815 6.84728 6.83562 6.82322 6.81015 6.79647 6.78224 6.76753 6.75242 6.73698 6.72127 6.70537 6.68935 6.67328 6.65722 6.64126 6.62545 6.60986 6.59455 6.57958 6.56499 6.55086 6.53721 6.5241 6.51158 6.49966 6.4884 6.47782 6.46794 6.4588 6.45041 6.44279 6.43596 6.42994 6.42472 6.42033 6.41677 6.41405 6.41216 6.41113 
6.40541 6.40608 6.40761 6.41 6.41325 6.41736 6.42231 6.4281 6.43472 6.44216 6.4504 6.45942 6.4692 6.47973 6.49097 6.50289 6.51546 6.52865 6.5424 6.55668 6.57144 6.58663 6.60219 6.61806 6.63418 6.65049 6.66692 6.6834 6.69986 6.71624 6.73245 6.74843 6.76411 6.7794 6.79425 6.80858 6.82232 6.83541 6.84779 6.85939 6.87017 6.88006 6.88903 6.89702 6.904 6.90994 6.9148 6.91857 6.92122 6.92273 6.92312 6.92236 6.92047 6.91746 6.91333 6.90812 6.90184 6.89453 6.88623 6.87697 6.8668 6.85577 6.84394 6.83136 6.8181 6.80422 6.78978 6.77486 6.75953 6.74385 6.72791 6.71177 6.6955 6.67918 6.66288 6.64667 6.63062 6.61478 6.59923 6.58402 6.5692 6.55483 6.54097 6.52765 6.51491 6.5028 6.49135 6.48059 6.47055 6.46125 6.45272 6.44498 6.43803 6.4319 6.4266 6.42213 6.41851 6.41574 6.41382 6.41276 
6.40687 6.40755 6.40911 6.41154 6.41483 6.419 6.42403 6.4299 6.43662 6.44417 6.45253 6.46168 6.47161 6.48229 6.49369 6.50578 6.51853 6.53191 6.54586 6.56034 6.5753 6.5907 6.60647 6.62256 6.6389 6.65543 6.67208 6.68878 6.70546 6.72205 6.73848 6.75466 6.77054 6.78603 6.80107 6.81557 6.82949 6.84274 6.85527 6.86702 6.87793 6.88795 6.89702 6.90511 6.91218 6.91819 6.92311 6.92692 6.9296 6.93113 6.93152 6.93076 6.92884 6.92579 6.92162 6.91634 6.90998 6.90258 6.89418 6.8848 6.87451 6.86334 6.85136 6.83863 6.8252 6.81114 6.79652 6.7814 6.76587 6.74999 6.73383 6.71748 6.701 6.68446 6.66794 6.65151 6.63523 6.61918 6.60341 6.58798 6.57296 6.55839 6.54433 6.53082 6.5179 6.50561 6.49399 6.48308 6.47289 6.46346 6.4548 6.44694 6.43989 6.43366 6.42828 6.42374 6.42007 6.41725 6.41531 6.41423 
6.40817 6.40885 6.41043 6.41289 6.41623 6.42045 6.42554 6.43149 6.43829 6.44593 6.4544 6.46367 6.47372 6.48453 6.49608 6.50832 6.52123 6.53476 6.54888 6.56354 6.57868 6.59426 6.61022 6.6265 6.64303 6.65975 6.67659 6.69349 6.71036 6.72713 6.74374 6.76011 6.77616 6.79182 6.80702 6.82169 6.83575 6.84915 6.86181 6.87369 6.88471 6.89483 6.904 6.91218 6.91932 6.92539 6.93036 6.93421 6.93692 6.93847 6.93886 6.93809 6.93615 6.93307 6.92885 6.92352 6.9171 6.90962 6.90112 6.89165 6.88124 6.86996 6.85785 6.84497 6.8314 6.81718 6.8024 6.78712 6.77141 6.75535 6.73901 6.72247 6.7058 6.68907 6.67236 6.65574 6.63927 6.62303 6.60707 6.59146 6.57625 6.56151 6.54727 6.53359 6.52051 6.50808 6.49631 6.48526 6.47494 6.46539 6.45662 6.44866 6.44152 6.43521 6.42976 6.42516 6.42144 6.41859 6.41662 6.41553 
6.40928 6.40997 6.41156 6.41405 6.41742 6.42169 6.42683 6.43285 6.43972 6.44745 6.456 6.46537 6.47553 6.48646 6.49812 6.51049 6.52353 6.5372 6.55147 6.56627 6.58157 6.5973 6.61342 6.62986 6.64655 6.66343 6.68044 6.69749 6.71452 6.73146 6.74823 6.76475 6.78095 6.79675 6.81209 6.82689 6.84108 6.8546 6.86738 6.87936 6.89048 6.90069 6.90994 6.91819 6.92539 6.93151 6.93653 6.94041 6.94314 6.94471 6.9451 6.94432 6.94237 6.93926 6.935 6.92962 6.92314 6.9156 6.90703 6.89747 6.88697 6.87558 6.86336 6.85037 6.83667 6.82232 6.8074 6.79198 6.77613 6.75992 6.74342 6.72672 6.70989 6.693 6.67613 6.65934 6.64271 6.62631 6.61019 6.59442 6.57906 6.56417 6.54978 6.53596 6.52275 6.51018 6.4983 6.48712 6.4767 6.46704 6.45818 6.45013 6.44291 6.43654 6.43103 6.42638 6.42262 6.41973 6.41774 6.41664 
6.4102 6.4109 6.4125 6.41501 6.41841 6.42272 6.42791 6.43397 6.44091 6.4487 6.45733 6.46678 6.47702 6.48804 6.4998 6.51227 6.52542 6.53921 6.55359 6.56852 6.58394 6.5998 6.61605 6.63262 6.64944 6.66646 6.68359 6.70078 6.71794 6.73501 6.7519 6.76855 6.78487 6.80079 6.81624 6.83115 6.84545 6.85906 6.87193 6.884 6.8952 6.90548 6.9148 6.92311 6.93036 6.93653 6.94158 6.94549 6.94824 6.94982 6.95021 6.94943 6.94746 6.94433 6.94004 6.93462 6.9281 6.9205 6.91186 6.90223 6.89166 6.88019 6.86788 6.85479 6.84099 6.82654 6.8115 6.79597 6.77999 6.76366 6.74704 6.73021 6.71325 6.69622 6.67922 6.6623 6.64554 6.629 6.61275 6.59685 6.58137 6.56635 6.55185 6.53791 6.52459 6.51192 6.49993 6.48866 6.47815 6.46841 6.45947 6.45135 6.44407 6.43764 6.43208 6.42739 6.42359 6.42069 6.41868 6.41757 
6.41092 6.41163 6.41324 6.41577 6.4192 6.42353 6.42875 6.43486 6.44184 6.44968 6.45837 6.46788 6.47819 6.48928 6.50111 6.51367 6.5269 6.54078 6.55525 6.57027 6.58578 6.60174 6.61809 6.63476 6.65168 6.6688 6.68604 6.70333 6.72059 6.73776 6.75475 6.77149 6.78791 6.80392 6.81946 6.83445 6.84883 6.86252 6.87546 6.8876 6.89886 6.9092 6.91857 6.92692 6.93421 6.94041 6.94549 6.94942 6.95218 6.95377 6.95417 6.95338 6.9514 6.94825 6.94394 6.93849 6.93193 6.92429 6.9156 6.90592 6.89529 6.88375 6.87138 6.85821 6.84433 6.8298 6.81468 6.79905 6.78298 6.76655 6.74984 6.73291 6.71585 6.69872 6.68161 6.66459 6.64773 6.63109 6.61474 6.59875 6.58316 6.56805 6.55346 6.53943 6.52602 6.51327 6.5012 6.48986 6.47928 6.46948 6.46048 6.45231 6.44498 6.43851 6.43291 6.42819 6.42436 6.42144 6.41941 6.41829 
6.41145 6.41216 6.41378 6.41632 6.41976 6.42411 6.42936 6.4355 6.44251 6.45039 6.45911 6.46866 6.47902 6.49016 6.50205 6.51466 6.52795 6.54189 6.55642 6.57151 6.58709 6.60312 6.61953 6.63627 6.65327 6.67046 6.68777 6.70513 6.72246 6.7397 6.75676 6.77357 6.79005 6.80612 6.82172 6.83678 6.85121 6.86495 6.87795 6.89013 6.90143 6.91181 6.92122 6.9296 6.93692 6.94314 6.94824 6.95218 6.95496 6.95655 6.95695 6.95616 6.95417 6.95101 6.94668 6.94121 6.93462 6.92695 6.91824 6.90852 6.89784 6.88626 6.87384 6.86062 6.84669 6.83209 6.81692 6.80122 6.78509 6.7686 6.75181 6.73481 6.71768 6.70049 6.68331 6.66621 6.64928 6.63257 6.61615 6.60009 6.58444 6.56926 6.5546 6.54052 6.52705 6.51423 6.50211 6.49072 6.48009 6.47024 6.4612 6.45299 6.44563 6.43913 6.4335 6.42877 6.42492 6.42198 6.41995 6.41882 
6.41178 6.41249 6.41411 6.41665 6.42011 6.42447 6.42973 6.43588 6.44292 6.45081 6.45956 6.46914 6.47952 6.49069 6.50261 6.51525 6.52857 6.54254 6.55711 6.57223 6.58785 6.60392 6.62038 6.63715 6.65419 6.67142 6.68877 6.70617 6.72354 6.74082 6.75792 6.77476 6.79128 6.80739 6.82303 6.83811 6.85258 6.86635 6.87937 6.89158 6.90291 6.91331 6.92273 6.93113 6.93847 6.94471 6.94982 6.95377 6.95655 6.95814 6.95854 6.95775 6.95576 6.95259 6.94825 6.94277 6.93617 6.92848 6.91975 6.91 6.89931 6.8877 6.87525 6.862 6.84804 6.83341 6.8182 6.80247 6.7863 6.76977 6.75295 6.73591 6.71874 6.7015 6.68428 6.66715 6.65017 6.63342 6.61697 6.60087 6.58518 6.56996 6.55527 6.54115 6.52765 6.5148 6.50265 6.49123 6.48057 6.4707 6.46164 6.45341 6.44603 6.43951 6.43387 6.42912 6.42526 6.42231 6.42028 6.41915 
