3.58574 3.58595 3.58618 3.58642 3.58669 3.58697 3.58727 3.5876 3.58794 3.58831 3.58871 3.58913 3.58958 3.59007 3.59059 3.59116 3.59176 3.59241 3.59311 3.59387 3.59467 3.59553 3.59644 3.59741 3.59844 3.59951 3.60064 3.60182 3.60304 3.6043 3.60559 3.60691 3.60825 3.60959 3.61094 3.61228 3.6136 3.61489 3.61615 3.61735 3.61849 3.61956 3.62056 3.62146 3.62226 3.62296 3.62355 3.62402 3.62436 3.62458 3.62468 3.62464 3.62448 3.62419 3.62378 3.62324 3.6226 3.62185 3.621 3.62006 3.61904 3.61794 3.61679 3.61558 3.61433 3.61305 3.61176 3.61045 3.60914 3.60785 3.60657 3.60532 3.60411 3.60293 3.60181 3.60073 3.59972 3.59876 3.59787 3.59705 3.59629 3.5956 3.59497 3.59442 3.59392 3.59349 3.59313 3.59282 3.59256 3.59236 3.59221 3.59211 3.59205 3.59203 3.59205 3.59211 3.59219 3.5923 3.59244 3.59261 
3.58595 3.58616 3.58639 3.58663 3.5869 3.58718 3.58748 3.58781 3.58815 3.58852 3.58892 3.58934 3.5898 3.59029 3.59082 3.59138 3.59199 3.59265 3.59336 3.59412 3.59493 3.5958 3.59672 3.5977 3.59874 3.59983 3.60097 3.60217 3.6034 3.60468 3.60599 3.60732 3.60868 3.61005 3.61141 3.61277 3.61411 3.61542 3.61669 3.61791 3.61907 3.62016 3.62117 3.62208 3.6229 3.62361 3.6242 3.62468 3.62503 3.62525 3.62534 3.62531 3.62514 3.62485 3.62443 3.62389 3.62324 3.62247 3.62161 3.62066 3.61962 3.61851 3.61734 3.61611 3.61485 3.61355 3.61223 3.61091 3.60958 3.60827 3.60697 3.60571 3.60447 3.60329 3.60214 3.60106 3.60003 3.59906 3.59816 3.59732 3.59656 3.59586 3.59522 3.59466 3.59416 3.59373 3.59335 3.59304 3.59278 3.59258 3.59243 3.59232 3.59226 3.59224 3.59226 3.59231 3.5924 3.59251 3.59265 3.59281 
3.58618 3.58639 3.58661 3.58686 3.58713 3.58742 3.58772 3.58805 3.58841 3.58878 3.58919 3.58962 3.59009 3.5906 3.59114 3.59173 3.59236 3.59304 3.59377 3.59456 3.59541 3.59631 3.59727 3.59829 3.59937 3.6005 3.60169 3.60293 3.60422 3.60554 3.60691 3.6083 3.60971 3.61113 3.61255 3.61396 3.61536 3.61672 3.61804 3.61931 3.62051 3.62164 3.62269 3.62364 3.62448 3.62522 3.62584 3.62633 3.62669 3.62692 3.62702 3.62698 3.62681 3.6265 3.62606 3.6255 3.62482 3.62403 3.62313 3.62213 3.62106 3.6199 3.61868 3.61741 3.61609 3.61474 3.61337 3.61199 3.61061 3.60924 3.6079 3.60658 3.60529 3.60406 3.60287 3.60174 3.60066 3.59966 3.59872 3.59784 3.59704 3.59631 3.59565 3.59506 3.59454 3.59408 3.59369 3.59336 3.59309 3.59287 3.59271 3.59259 3.59252 3.5925 3.59251 3.59255 3.59263 3.59274 3.59288 3.59304 
3.58642 3.58663 3.58686 3.58711 3.58738 3.58768 3.58799 3.58834 3.5887 3.58909 3.58952 3.58997 3.59046 3.591 3.59157 3.59219 3.59286 3.59358 3.59436 3.5952 3.5961 3.59706 3.59808 3.59917 3.60032 3.60153 3.60279 3.60412 3.60549 3.6069 3.60835 3.60983 3.61133 3.61285 3.61436 3.61586 3.61734 3.61879 3.6202 3.62154 3.62282 3.62402 3.62513 3.62614 3.62703 3.62781 3.62847 3.62899 3.62937 3.62961 3.62971 3.62967 3.62948 3.62915 3.62869 3.62809 3.62736 3.62652 3.62556 3.62451 3.62336 3.62213 3.62083 3.61947 3.61807 3.61664 3.61518 3.61371 3.61224 3.61078 3.60935 3.60794 3.60657 3.60525 3.60398 3.60277 3.60163 3.60055 3.59954 3.59861 3.59775 3.59697 3.59626 3.59562 3.59505 3.59456 3.59413 3.59377 3.59347 3.59323 3.59305 3.59291 3.59283 3.59279 3.59279 3.59282 3.5929 3.593 3.59313 3.59329 
3.58669 3.5869 3.58713 3.58738 3.58766 3.58797 3.5883 3.58865 3.58904 3.58945 3.5899 3.59039 3.59092 3.59149 3.59211 3.59278 3.5935 3.59428 3.59513 3.59604 3.59701 3.59806 3.59917 3.60035 3.6016 3.60292 3.6043 3.60574 3.60723 3.60876 3.61034 3.61195 3.61358 3.61522 3.61686 3.61849 3.62009 3.62166 3.62318 3.62464 3.62602 3.62731 3.62851 3.6296 3.63057 3.63141 3.63211 3.63267 3.63308 3.63334 3.63344 3.63339 3.63319 3.63283 3.63232 3.63167 3.63089 3.62997 3.62893 3.62779 3.62654 3.62521 3.6238 3.62233 3.62081 3.61925 3.61767 3.61608 3.61448 3.6129 3.61134 3.60981 3.60832 3.60688 3.6055 3.60418 3.60293 3.60176 3.60065 3.59963 3.59869 3.59783 3.59705 3.59634 3.59572 3.59517 3.59469 3.59429 3.59395 3.59367 3.59345 3.59329 3.59318 3.59312 3.5931 3.59312 3.59318 3.59328 3.5934 3.59356 
3.58697 3.58718 3.58742 3.58768 3.58797 3.58829 3.58863 3.58901 3.58942 3.58987 3.59035 3.59088 3.59145 3.59207 3.59275 3.59349 3.59428 3.59515 3.59608 3.59709 3.59816 3.59932 3.60055 3.60186 3.60324 3.60469 3.60622 3.60781 3.60945 3.61115 3.61289 3.61466 3.61646 3.61826 3.62007 3.62186 3.62362 3.62535 3.62701 3.62861 3.63013 3.63155 3.63286 3.63405 3.6351 3.63602 3.63679 3.6374 3.63785 3.63813 3.63824 3.63818 3.63795 3.63755 3.63699 3.63628 3.63541 3.6344 3.63326 3.632 3.63063 3.62917 3.62762 3.626 3.62433 3.62261 3.62087 3.61911 3.61735 3.61561 3.61388 3.6122 3.61055 3.60896 3.60743 3.60597 3.60458 3.60328 3.60205 3.60092 3.59986 3.5989 3.59803 3.59724 3.59653 3.59591 3.59537 3.5949 3.59451 3.59418 3.59392 3.59373 3.59358 3.59349 3.59345 3.59345 3.5935 3.59358 3.5937 3.59384 
3.58727 3.58748 3.58772 3.58799 3.5883 3.58863 3.589 3.58941 3.58985 3.59033 3.59086 3.59144 3.59207 3.59276 3.59351 3.59433 3.59522 3.59618 3.59723 3.59835 3.59956 3.60085 3.60223 3.60369 3.60524 3.60686 3.60857 3.61034 3.61218 3.61408 3.61602 3.61799 3.61999 3.622 3.62401 3.626 3.62796 3.62987 3.63172 3.6335 3.63517 3.63675 3.63819 3.63951 3.64068 3.64169 3.64254 3.64321 3.6437 3.644 3.64412 3.64405 3.64379 3.64335 3.64273 3.64193 3.64097 3.63985 3.63858 3.63718 3.63566 3.63403 3.63231 3.63051 3.62864 3.62674 3.62479 3.62284 3.62088 3.61893 3.61701 3.61512 3.61328 3.6115 3.60979 3.60816 3.6066 3.60513 3.60376 3.60247 3.60129 3.6002 3.5992 3.5983 3.5975 3.59679 3.59616 3.59562 3.59516 3.59478 3.59446 3.59422 3.59404 3.59391 3.59384 3.59382 3.59384 3.59391 3.59401 3.59415 
3.5876 3.58781 3.58805 3.58834 3.58865 3.58901 3.58941 3.58984 3.59033 3.59086 3.59144 3.59208 3.59279 3.59356 3.5944 3.59532 3.59632 3.5974 3.59858 3.59984 3.60121 3.60266 3.60422 3.60587 3.60762 3.60945 3.61137 3.61337 3.61544 3.61757 3.61975 3.62197 3.62421 3.62647 3.62872 3.63095 3.63314 3.63527 3.63734 3.63932 3.64119 3.64294 3.64456 3.64602 3.64732 3.64844 3.64938 3.65012 3.65067 3.651 3.65113 3.65104 3.65075 3.65025 3.64955 3.64866 3.64758 3.64633 3.64491 3.64334 3.64164 3.63982 3.63789 3.63587 3.63379 3.63165 3.62947 3.62728 3.62508 3.62289 3.62073 3.61861 3.61654 3.61453 3.6126 3.61075 3.60899 3.60733 3.60577 3.60432 3.60297 3.60172 3.60059 3.59956 3.59863 3.59781 3.59708 3.59645 3.59591 3.59545 3.59508 3.59477 3.59454 3.59437 3.59427 3.59421 3.59421 3.59426 3.59435 3.59448 
3.58794 3.58815 3.58841 3.5887 3.58904 3.58942 3.58985 3.59033 3.59086 3.59145 3.5921 3.59281 3.5936 3.59447 3.59542 3.59645 3.59758 3.59881 3.60014 3.60158 3.60313 3.60478 3.60654 3.60842 3.61039 3.61247 3.61464 3.6169 3.61924 3.62165 3.62411 3.62661 3.62914 3.63168 3.63421 3.63672 3.63918 3.64158 3.64389 3.64611 3.64821 3.65017 3.65197 3.65361 3.65506 3.65631 3.65736 3.65818 3.65878 3.65915 3.65929 3.65919 3.65886 3.65829 3.65751 3.6565 3.65529 3.65388 3.65229 3.65053 3.64862 3.64657 3.6444 3.64214 3.63979 3.63738 3.63493 3.63246 3.62998 3.62751 3.62507 3.62267 3.62033 3.61807 3.61588 3.61378 3.61179 3.6099 3.60812 3.60646 3.60492 3.60349 3.60219 3.60101 3.59994 3.59899 3.59814 3.5974 3.59676 3.59622 3.59577 3.5954 3.5951 3.59488 3.59473 3.59464 3.59461 3.59464 3.59471 3.59483 
3.58831 3.58852 3.58878 3.58909 3.58945 3.58987 3.59033 3.59086 3.59145 3.5921 3.59283 3.59363 3.59452 3.5955 3.59657 3.59775 3.59903 3.60043 3.60194 3.60357 3.60533 3.60721 3.60922 3.61134 3.61359 3.61595 3.61841 3.62098 3.62363 3.62635 3.62913 3.63196 3.63481 3.63768 3.64053 3.64335 3.64612 3.64882 3.65142 3.65391 3.65626 3.65845 3.66048 3.66231 3.66393 3.66533 3.66649 3.66741 3.66808 3.66849 3.66864 3.66852 3.66814 3.66751 3.66662 3.66549 3.66412 3.66254 3.66075 3.65877 3.65662 3.65431 3.65187 3.64932 3.64668 3.64396 3.6412 3.63841 3.63561 3.63282 3.63006 3.62735 3.6247 3.62213 3.61964 3.61726 3.61499 3.61284 3.61081 3.60892 3.60715 3.60552 3.60403 3.60266 3.60143 3.60032 3.59934 3.59848 3.59773 3.59708 3.59654 3.59609 3.59573 3.59545 3.59524 3.59511 3.59505 3.59504 3.5951 3.59521 
3.58871 3.58892 3.58919 3.58952 3.5899 3.59035 3.59086 3.59144 3.5921 3.59283 3.59364 3.59455 3.59555 3.59666 3.59788 3.59921 3.60067 3.60226 3.60398 3.60584 3.60784 3.60998 3.61226 3.61468 3.61723 3.61991 3.6227 3.62561 3.62861 3.63169 3.63484 3.63803 3.64125 3.64448 3.6477 3.65087 3.65399 3.65702 3.65994 3.66274 3.66537 3.66783 3.6701 3.67215 3.67396 3.67552 3.67683 3.67785 3.67859 3.67905 3.6792 3.67907 3.67864 3.67792 3.67692 3.67565 3.67411 3.67233 3.67031 3.66809 3.66567 3.66308 3.66033 3.65746 3.65448 3.65142 3.64831 3.64516 3.642 3.63885 3.63573 3.63266 3.62966 3.62674 3.62392 3.62122 3.61863 3.61618 3.61387 3.61171 3.60969 3.60782 3.6061 3.60454 3.60311 3.60183 3.60069 3.59968 3.5988 3.59804 3.59739 3.59685 3.59641 3.59607 3.5958 3.59562 3.59552 3.59548 3.59552 3.59561 
3.58913 3.58934 3.58962 3.58997 3.59039 3.59088 3.59144 3.59208 3.59281 3.59363 3.59455 3.59557 3.5967 3.59796 3.59934 3.60086 3.60252 3.60432 3.60628 3.6084 3.61067 3.6131 3.61569 3.61844 3.62133 3.62437 3.62754 3.63083 3.63422 3.6377 3.64126 3.64486 3.64849 3.65213 3.65575 3.65932 3.66282 3.66622 3.6695 3.67263 3.67558 3.67834 3.68087 3.68316 3.68518 3.68693 3.68838 3.68952 3.69035 3.69084 3.69102 3.69086 3.69037 3.68956 3.68844 3.687 3.68528 3.68328 3.68102 3.67852 3.6758 3.67289 3.66981 3.66658 3.66323 3.65979 3.65628 3.65273 3.64917 3.64561 3.64209 3.63862 3.63523 3.63192 3.62873 3.62566 3.62273 3.61995 3.61732 3.61485 3.61254 3.61041 3.60844 3.60664 3.605 3.60352 3.6022 3.60103 3.6 3.59911 3.59834 3.5977 3.59717 3.59674 3.59641 3.59618 3.59603 3.59596 3.59596 3.59604 
3.58958 3.5898 3.59009 3.59046 3.59092 3.59145 3.59207 3.59279 3.5936 3.59452 3.59555 3.5967 3.59799 3.59941 3.60097 3.60269 3.60458 3.60663 3.60885 3.61126 3.61384 3.6166 3.61953 3.62265 3.62592 3.62936 3.63294 3.63665 3.64048 3.64441 3.64841 3.65247 3.65655 3.66064 3.6647 3.66871 3.67263 3.67644 3.68011 3.68361 3.68691 3.68999 3.69281 3.69536 3.69762 3.69956 3.70118 3.70244 3.70336 3.70391 3.70409 3.70391 3.70336 3.70245 3.70119 3.69959 3.69766 3.69542 3.69289 3.69009 3.68704 3.68378 3.68032 3.6767 3.67295 3.66909 3.66515 3.66116 3.65715 3.65315 3.64918 3.64527 3.64144 3.63771 3.6341 3.63062 3.6273 3.62414 3.62116 3.61835 3.61573 3.61329 3.61104 3.60898 3.6071 3.60541 3.60388 3.60253 3.60133 3.60029 3.59939 3.59863 3.598 3.59748 3.59708 3.59678 3.59658 3.59647 3.59645 3.5965 
3.59007 3.59029 3.5906 3.591 3.59149 3.59207 3.59276 3.59356 3.59447 3.5955 3.59666 3.59796 3.59941 3.60101 3.60279 3.60474 3.60687 3.6092 3.61172 3.61444 3.61736 3.62048 3.6238 3.62732 3.63102 3.63489 3.63893 3.64311 3.64742 3.65183 3.65633 3.66088 3.66546 3.67004 3.67458 3.67906 3.68345 3.6877 3.6918 3.6957 3.69937 3.7028 3.70594 3.70878 3.71129 3.71344 3.71523 3.71663 3.71765 3.71825 3.71845 3.71824 3.71762 3.71661 3.7152 3.71341 3.71125 3.70875 3.70593 3.7028 3.69941 3.69576 3.6919 3.68785 3.68365 3.67933 3.67492 3.67045 3.66595 3.66146 3.65701 3.65261 3.6483 3.6441 3.64004 3.63612 3.63237 3.6288 3.62541 3.62223 3.61926 3.61649 3.61393 3.61158 3.60943 3.60749 3.60574 3.60418 3.6028 3.60159 3.60055 3.59966 3.59891 3.59829 3.5978 3.59743 3.59718 3.59702 3.59696 3.597 
3.59059 3.59082 3.59114 3.59157 3.59211 3.59275 3.59351 3.5944 3.59542 3.59657 3.59788 3.59934 3.60097 3.60279 3.60479 3.60699 3.60941 3.61203 3.61488 3.61795 3.62125 3.62477 3.62851 3.63247 3.63663 3.64099 3.64553 3.65022 3.65505 3.66 3.66503 3.67012 3.67523 3.68034 3.68541 3.6904 3.69529 3.70002 3.70457 3.7089 3.71299 3.71678 3.72027 3.72341 3.72619 3.72857 3.73055 3.7321 3.73321 3.73388 3.73409 3.73385 3.73316 3.73203 3.73046 3.72847 3.72608 3.7233 3.72016 3.71668 3.7129 3.70885 3.70455 3.70004 3.69536 3.69054 3.68562 3.68063 3.67561 3.67058 3.6656 3.66067 3.65584 3.65113 3.64656 3.64216 3.63794 3.63392 3.6301 3.62651 3.62314 3.62001 3.61711 3.61444 3.612 3.60978 3.60779 3.606 3.60441 3.60302 3.60181 3.60077 3.5999 3.59917 3.59859 3.59814 3.59782 3.59762 3.59752 3.59754 
3.59116 3.59138 3.59173 3.59219 3.59278 3.59349 3.59433 3.59532 3.59645 3.59775 3.59921 3.60086 3.60269 3.60474 3.60699 3.60948 3.61219 3.61515 3.61836 3.62181 3.62552 3.62948 3.63368 3.63812 3.64279 3.64767 3.65274 3.65799 3.66339 3.66891 3.67452 3.68019 3.68588 3.69156 3.69719 3.70274 3.70815 3.7134 3.71844 3.72323 3.72775 3.73194 3.73579 3.73926 3.74232 3.74495 3.74713 3.74883 3.75005 3.75078 3.75101 3.75074 3.74998 3.74872 3.74698 3.74477 3.74212 3.73905 3.73557 3.73172 3.72753 3.72304 3.71827 3.71327 3.70808 3.70272 3.69725 3.6917 3.68611 3.68052 3.67496 3.66947 3.66407 3.65881 3.65369 3.64876 3.64403 3.63952 3.63523 3.63119 3.6274 3.62387 3.62059 3.61758 3.61481 3.6123 3.61003 3.60799 3.60618 3.60459 3.60319 3.602 3.60098 3.60013 3.59945 3.59891 3.59852 3.59826 3.59812 3.59812 
3.59176 3.59199 3.59236 3.59286 3.5935 3.59428 3.59522 3.59632 3.59758 3.59903 3.60067 3.60252 3.60458 3.60687 3.60941 3.61219 3.61524 3.61856 3.62216 3.62603 3.63018 3.63462 3.63932 3.64428 3.64949 3.65494 3.66059 3.66644 3.67244 3.67857 3.6848 3.69109 3.69741 3.7037 3.70993 3.71606 3.72204 3.72783 3.73339 3.73867 3.74365 3.74827 3.7525 3.75631 3.75967 3.76256 3.76495 3.76682 3.76815 3.76895 3.76919 3.76889 3.76804 3.76665 3.76473 3.7623 3.75938 3.75599 3.75216 3.74791 3.74329 3.73833 3.73307 3.72755 3.7218 3.71588 3.70982 3.70368 3.69748 3.69127 3.6851 3.67899 3.673 3.66713 3.66144 3.65594 3.65066 3.64561 3.64082 3.63629 3.63204 3.62808 3.62439 3.62099 3.61788 3.61504 3.61247 3.61016 3.6081 3.60629 3.6047 3.60332 3.60215 3.60117 3.60037 3.59974 3.59927 3.59895 3.59877 3.59874 
3.59241 3.59265 3.59304 3.59358 3.59428 3.59515 3.59618 3.5974 3.59881 3.60043 3.60226 3.60432 3.60663 3.6092 3.61203 3.61515 3.61856 3.62227 3.62629 3.63062 3.63525 3.64019 3.64543 3.65096 3.65675 3.6628 3.66908 3.67556 3.68221 3.689 3.69589 3.70284 3.70981 3.71675 3.72361 3.73036 3.73694 3.74331 3.74941 3.75521 3.76067 3.76573 3.77036 3.77454 3.77822 3.78137 3.78398 3.78602 3.78748 3.78834 3.78861 3.78827 3.78733 3.7858 3.7837 3.78103 3.77782 3.7741 3.76989 3.76524 3.76016 3.75471 3.74892 3.74285 3.73652 3.73 3.72332 3.71654 3.7097 3.70284 3.69602 3.68926 3.68262 3.67612 3.6698 3.66369 3.65782 3.6522 3.64686 3.64182 3.63707 3.63263 3.62851 3.6247 3.62121 3.61801 3.61512 3.61252 3.61019 3.60813 3.60633 3.60476 3.60342 3.6023 3.60137 3.60064 3.60008 3.59969 3.59947 3.5994 
3.59311 3.59336 3.59377 3.59436 3.59513 3.59608 3.59723 3.59858 3.60014 3.60194 3.60398 3.60628 3.60885 3.61172 3.61488 3.61836 3.62216 3.62629 3.63076 3.63557 3.64073 3.64621 3.65202 3.65815 3.66457 3.67126 3.6782 3.68536 3.6927 3.70018 3.70777 3.71542 3.72307 3.7307 3.73823 3.74563 3.75283 3.7598 3.76648 3.77282 3.77877 3.7843 3.78936 3.7939 3.79791 3.80135 3.80418 3.8064 3.80798 3.80892 3.8092 3.80883 3.8078 3.80613 3.80383 3.80092 3.79741 3.79335 3.78875 3.78365 3.7781 3.77214 3.76581 3.75915 3.75222 3.74506 3.73773 3.73029 3.72277 3.71522 3.70771 3.70026 3.69293 3.68576 3.67877 3.67202 3.66551 3.65929 3.65337 3.64776 3.64249 3.63755 3.63296 3.62871 3.6248 3.62123 3.61799 3.61506 3.61245 3.61013 3.60809 3.60631 3.60479 3.60351 3.60245 3.6016 3.60095 3.60049 3.60022 3.60012 
3.59387 3.59412 3.59456 3.5952 3.59604 3.59709 3.59835 3.59984 3.60158 3.60357 3.60584 3.6084 3.61126 3.61444 3.61795 3.62181 3.62603 3.63062 3.63557 3.64091 3.64661 3.65268 3.6591 3.66586 3.67294 3.68032 3.68796 3.69583 3.70389 3.71211 3.72043 3.7288 3.73718 3.74552 3.75375 3.76182 3.76968 3.77728 3.78455 3.79145 3.79792 3.80393 3.80942 3.81436 3.8187 3.82243 3.8255 3.8279 3.82962 3.83062 3.83092 3.83051 3.82939 3.82758 3.82507 3.8219 3.81809 3.81367 3.80867 3.80313 3.79708 3.79058 3.78368 3.77642 3.76885 3.76104 3.75303 3.74489 3.73665 3.72839 3.72015 3.71198 3.70393 3.69604 3.68836 3.68092 3.67375 3.66688 3.66034 3.65414 3.6483 3.64282 3.63773 3.63301 3.62866 3.62468 3.62107 3.6178 3.61487 3.61227 3.60998 3.60798 3.60627 3.60481 3.60361 3.60264 3.60189 3.60135 3.60102 3.60089 
3.59467 3.59493 3.59541 3.5961 3.59701 3.59816 3.59956 3.60121 3.60313 3.60533 3.60784 3.61067 3.61384 3.61736 3.62125 3.62552 3.63018 3.63525 3.64073 3.64661 3.65289 3.65958 3.66664 3.67408 3.68186 3.68995 3.69832 3.70694 3.71577 3.72474 3.73383 3.74297 3.7521 3.76118 3.77013 3.77891 3.78745 3.79569 3.80357 3.81105 3.81806 3.82456 3.8305 3.83583 3.84053 3.84455 3.84786 3.85045 3.8523 3.85338 3.8537 3.85325 3.85204 3.85007 3.84736 3.84393 3.8398 3.83501 3.82959 3.82359 3.81704 3.80999 3.8025 3.79461 3.78639 3.7779 3.76918 3.76031 3.75133 3.74232 3.73332 3.72439 3.71559 3.70695 3.69854 3.69037 3.6825 3.67495 3.66776 3.66093 3.65449 3.64845 3.64282 3.6376 3.63279 3.62838 3.62436 3.62073 3.61747 3.61457 3.61201 3.60977 3.60784 3.60621 3.60484 3.60374 3.60289 3.60227 3.60188 3.60171 
3.59553 3.5958 3.59631 3.59706 3.59806 3.59932 3.60085 3.60266 3.60478 3.60721 3.60998 3.6131 3.6166 3.62048 3.62477 3.62948 3.63462 3.64019 3.64621 3.65268 3.65958 3.66691 3.67465 3.68279 3.6913 3.70014 3.70928 3.71868 3.7283 3.73807 3.74795 3.75787 3.76779 3.77763 3.78733 3.79683 3.80606 3.81497 3.82348 3.83155 3.83911 3.84611 3.85251 3.85825 3.8633 3.86762 3.87118 3.87397 3.87594 3.8771 3.87744 3.87695 3.87564 3.87352 3.8706 3.8669 3.86246 3.85729 3.85145 3.84497 3.8379 3.83029 3.82219 3.81367 3.80477 3.79557 3.78613 3.77651 3.76677 3.75698 3.74719 3.73748 3.72789 3.71847 3.70929 3.70037 3.69176 3.6835 3.67562 3.66813 3.66107 3.65443 3.64823 3.64248 3.63718 3.63231 3.62787 3.62385 3.62024 3.61702 3.61417 3.61168 3.60953 3.6077 3.60617 3.60492 3.60396 3.60325 3.6028 3.60259 
3.59644 3.59672 3.59727 3.59808 3.59917 3.60055 3.60223 3.60422 3.60654 3.60922 3.61226 3.61569 3.61953 3.6238 3.62851 3.63368 3.63932 3.64543 3.65202 3.6591 3.66664 3.67465 3.68311 3.69198 3.70125 3.71087 3.72081 3.73102 3.74145 3.75204 3.76274 3.77348 3.78419 3.79482 3.80528 3.81552 3.82547 3.83505 3.8442 3.85287 3.86099 3.8685 3.87536 3.88152 3.88693 3.89155 3.89537 3.89834 3.90045 3.90169 3.90205 3.90152 3.90011 3.89783 3.8947 3.89074 3.88597 3.88043 3.87415 3.86719 3.8596 3.85141 3.8427 3.83352 3.82394 3.81402 3.80382 3.79343 3.7829 3.77231 3.76172 3.75119 3.74079 3.73056 3.72058 3.71088 3.70151 3.69251 3.68391 3.67573 3.66801 3.66074 3.65396 3.64765 3.64182 3.63647 3.63159 3.62716 3.62318 3.61962 3.61647 3.61371 3.61132 3.60928 3.60757 3.60618 3.60509 3.60429 3.60377 3.60352 
3.59741 3.5977 3.59829 3.59917 3.60035 3.60186 3.60369 3.60587 3.60842 3.61134 3.61468 3.61844 3.62265 3.62732 3.63247 3.63812 3.64428 3.65096 3.65815 3.66586 3.67408 3.68279 3.69198 3.70162 3.71167 3.7221 3.73286 3.74391 3.75517 3.76661 3.77815 3.78972 3.80125 3.81268 3.82392 3.83491 3.84558 3.85585 3.86565 3.87493 3.88361 3.89163 3.89896 3.90553 3.9113 3.91623 3.9203 3.92346 3.92571 3.92703 3.92741 3.92684 3.92534 3.9229 3.91956 3.91532 3.91023 3.90431 3.8976 3.89016 3.88202 3.87326 3.86393 3.85408 3.8438 3.83315 3.8222 3.81102 3.79968 3.78827 3.77685 3.76548 3.75424 3.74319 3.73238 3.72188 3.71171 3.70194 3.6926 3.68371 3.67529 3.66738 3.65998 3.65309 3.64672 3.64086 3.63551 3.63066 3.62628 3.62237 3.6189 3.61585 3.61321 3.61095 3.60906 3.60751 3.6063 3.6054 3.60481 3.60451 
3.59844 3.59874 3.59937 3.60032 3.6016 3.60324 3.60524 3.60762 3.61039 3.61359 3.61723 3.62133 3.62592 3.63102 3.63663 3.64279 3.64949 3.65675 3.66457 3.67294 3.68186 3.6913 3.70125 3.71167 3.72253 3.73379 3.7454 3.75729 3.76942 3.78172 3.79411 3.80653 3.81889 3.83113 3.84316 3.85491 3.86631 3.87727 3.88772 3.89761 3.90685 3.9154 3.92319 3.93017 3.9363 3.94154 3.94586 3.94922 3.9516 3.953 3.9534 3.95279 3.95119 3.9486 3.94504 3.94054 3.93512 3.92882 3.92168 3.91375 3.90509 3.89574 3.88578 3.87527 3.86428 3.85289 3.84117 3.82919 3.81704 3.80479 3.79252 3.78031 3.76821 3.75631 3.74466 3.73332 3.72234 3.71178 3.70166 3.69203 3.68291 3.67432 3.66628 3.65879 3.65185 3.64547 3.63963 3.63432 3.62954 3.62525 3.62145 3.6181 3.6152 3.61271 3.61062 3.60891 3.60756 3.60656 3.6059 3.60556 
3.59951 3.59983 3.6005 3.60153 3.60292 3.60469 3.60686 3.60945 3.61247 3.61595 3.61991 3.62437 3.62936 3.63489 3.64099 3.64767 3.65494 3.6628 3.67126 3.68032 3.68995 3.70014 3.71087 3.7221 3.73379 3.7459 3.75836 3.77113 3.78413 3.7973 3.81056 3.82383 3.83703 3.85009 3.86292 3.87543 3.88755 3.89921 3.91031 3.9208 3.93061 3.93967 3.94792 3.95532 3.96181 3.96735 3.97191 3.97547 3.97799 3.97946 3.97988 3.97924 3.97754 3.9748 3.97103 3.96626 3.96052 3.95385 3.94628 3.93787 3.92867 3.91874 3.90816 3.89698 3.88528 3.87314 3.86065 3.84787 3.83489 3.8218 3.80867 3.79559 3.78263 3.76986 3.75734 3.74516 3.73335 3.72197 3.71107 3.70067 3.69082 3.68154 3.67283 3.66472 3.6572 3.65027 3.64393 3.63816 3.63294 3.62827 3.62412 3.62046 3.61728 3.61456 3.61226 3.61038 3.60889 3.60779 3.60704 3.60666 
3.60064 3.60097 3.60169 3.60279 3.6043 3.60622 3.60857 3.61137 3.61464 3.61841 3.6227 3.62754 3.63294 3.63893 3.64553 3.65274 3.66059 3.66908 3.6782 3.68796 3.69832 3.70928 3.72081 3.73286 3.7454 3.75836 3.7717 3.78535 3.79924 3.81328 3.82741 3.84155 3.85559 3.86947 3.88308 3.89636 3.90921 3.92155 3.9333 3.9444 3.95476 3.96433 3.97304 3.98084 3.98768 3.99352 3.99833 4.00207 4.00472 4.00628 4.00671 4.00604 4.00425 4.00136 3.99739 3.99236 3.9863 3.97925 3.97126 3.96237 3.95265 3.94215 3.93094 3.9191 3.9067 3.89382 3.88055 3.86696 3.85316 3.83922 3.82523 3.81127 3.79743 3.78378 3.7704 3.75734 3.74469 3.73248 3.72077 3.7096 3.69901 3.68901 3.67962 3.67087 3.66274 3.65525 3.64839 3.64214 3.63649 3.63141 3.6269 3.62292 3.61946 3.61649 3.61398 3.61192 3.61029 3.60906 3.60824 3.60781 
3.60182 3.60217 3.60293 3.60412 3.60574 3.60781 3.61034 3.61337 3.6169 3.62098 3.62561 3.63083 3.63665 3.64311 3.65022 3.65799 3.66644 3.67556 3.68536 3.69583 3.70694 3.71868 3.73102 3.74391 3.75729 3.77113 3.78535 3.79989 3.81466 3.82959 3.84459 3.85958 3.87447 3.88916 3.90356 3.91759 3.93116 3.94418 3.95657 3.96826 3.97917 3.98924 3.99839 4.00659 4.01378 4.01991 4.02496 4.02888 4.03167 4.03329 4.03375 4.03304 4.03116 4.02813 4.02396 4.01867 4.01231 4.0049 3.99649 3.98714 3.9769 3.96584 3.95402 3.94152 3.92842 3.9148 3.90076 3.88638 3.87175 3.85696 3.8421 3.82727 3.81255 3.79801 3.78375 3.76982 3.75631 3.74326 3.73074 3.71878 3.70742 3.69669 3.68661 3.6772 3.66847 3.6604 3.653 3.64626 3.64015 3.63467 3.62978 3.62547 3.62172 3.61849 3.61576 3.61351 3.61173 3.6104 3.60949 3.60901 
3.60304 3.6034 3.60422 3.60549 3.60723 3.60945 3.61218 3.61544 3.61924 3.62363 3.62861 3.63422 3.64048 3.64742 3.65505 3.66339 3.67244 3.68221 3.6927 3.70389 3.71577 3.7283 3.74145 3.75517 3.76942 3.78413 3.79924 3.81466 3.83032 3.84613 3.862 3.87784 3.89356 3.90906 3.92424 3.93901 3.95329 3.96698 3.97999 3.99226 4.0037 4.01425 4.02385 4.03243 4.03996 4.04637 4.05165 4.05575 4.05866 4.06036 4.06084 4.0601 4.05814 4.05496 4.0506 4.04507 4.03841 4.03065 4.02184 4.01203 4.00129 3.98967 3.97725 3.96411 3.95033 3.93599 3.92118 3.90601 3.89056 3.87493 3.85921 3.8435 3.8279 3.81248 3.79733 3.78253 3.76815 3.75426 3.74091 3.72815 3.71602 3.70456 3.69378 3.6837 3.67434 3.66568 3.65774 3.65049 3.64392 3.63802 3.63275 3.6281 3.62404 3.62055 3.6176 3.61517 3.61323 3.61177 3.61078 3.61025 
3.6043 3.60468 3.60554 3.6069 3.60876 3.61115 3.61408 3.61757 3.62165 3.62635 3.63169 3.6377 3.64441 3.65183 3.66 3.66891 3.67857 3.689 3.70018 3.71211 3.72474 3.73807 3.75204 3.76661 3.78172 3.7973 3.81328 3.82959 3.84613 3.86281 3.87954 3.89623 3.91276 3.92905 3.945 3.9605 3.97547 3.98981 4.00343 4.01626 4.02822 4.03924 4.04926 4.05822 4.06606 4.07275 4.07825 4.08253 4.08556 4.08734 4.08784 4.08706 4.08502 4.08171 4.07717 4.0714 4.06445 4.05636 4.04716 4.03691 4.02568 4.01353 4.00053 3.98675 3.9723 3.95725 3.9417 3.92575 3.90949 3.89303 3.87646 3.85988 3.8434 3.8271 3.81107 3.7954 3.78016 3.76542 3.75124 3.73768 3.72477 3.71256 3.70107 3.69032 3.68032 3.67108 3.66258 3.65482 3.64778 3.64145 3.6358 3.6308 3.62643 3.62267 3.61949 3.61686 3.61477 3.61319 3.61212 3.61153 
3.60559 3.60599 3.60691 3.60835 3.61034 3.61289 3.61602 3.61975 3.62411 3.62913 3.63484 3.64126 3.64841 3.65633 3.66503 3.67452 3.6848 3.69589 3.70777 3.72043 3.73383 3.74795 3.76274 3.77815 3.79411 3.81056 3.82741 3.84459 3.862 3.87954 3.89712 3.91463 3.93197 3.94904 3.96572 3.98193 3.99757 4.01254 4.02676 4.04013 4.05259 4.06406 4.07448 4.0838 4.09195 4.09891 4.10462 4.10906 4.11221 4.11405 4.11457 4.11377 4.11165 4.10822 4.1035 4.09752 4.09029 4.08188 4.07231 4.06164 4.04994 4.03727 4.0237 4.00932 3.99422 3.97848 3.9622 3.94549 3.92844 3.91116 3.89375 3.87632 3.85897 3.8418 3.8249 3.80836 3.79226 3.77667 3.76167 3.7473 3.73362 3.72067 3.70846 3.69704 3.6864 3.67655 3.6675 3.65922 3.65171 3.64494 3.6389 3.63355 3.62887 3.62484 3.62142 3.6186 3.61635 3.61465 3.61348 3.61285 
3.60691 3.60732 3.6083 3.60983 3.61195 3.61466 3.61799 3.62197 3.62661 3.63196 3.63803 3.64486 3.65247 3.66088 3.67012 3.68019 3.69109 3.70284 3.71542 3.7288 3.74297 3.75787 3.77348 3.78972 3.80653 3.82383 3.84155 3.85958 3.87784 3.89623 3.91463 3.93295 3.95107 3.96889 3.98629 4.00319 4.01947 4.03505 4.04983 4.06373 4.07666 4.08857 4.09938 4.10903 4.11748 4.12468 4.1306 4.1352 4.13846 4.14037 4.14091 4.14008 4.13789 4.13435 4.12946 4.12326 4.11578 4.10706 4.09714 4.08607 4.07392 4.06075 4.04665 4.03168 4.01595 3.99954 3.98256 3.96511 3.94729 3.92921 3.91098 3.89272 3.87452 3.85649 3.83873 3.82133 3.80438 3.78796 3.77214 3.75697 3.74252 3.72882 3.71591 3.7038 3.69253 3.68208 3.67247 3.66367 3.65568 3.64848 3.64204 3.63634 3.63135 3.62704 3.62339 3.62037 3.61796 3.61613 3.61488 3.61419 
3.60825 3.60868 3.60971 3.61133 3.61358 3.61646 3.61999 3.62421 3.62914 3.63481 3.64125 3.64849 3.65655 3.66546 3.67523 3.68588 3.69741 3.70981 3.72307 3.73718 3.7521 3.76779 3.78419 3.80125 3.81889 3.83703 3.85559 3.87447 3.89356 3.91276 3.93197 3.95107 3.96994 3.98849 4.00659 4.02415 4.04105 4.05721 4.07252 4.08692 4.10031 4.11262 4.1238 4.13377 4.1425 4.14994 4.15605 4.16079 4.16416 4.16613 4.1667 4.16585 4.16359 4.15994 4.1549 4.14851 4.14078 4.13177 4.12152 4.11007 4.09749 4.08386 4.06924 4.05371 4.03738 4.02033 4.00267 3.9845 3.96593 3.94708 3.92806 3.90898 3.88995 3.87108 3.85248 3.83424 3.81646 3.79921 3.78258 3.76663 3.75141 3.73697 3.72336 3.71058 3.69867 3.68763 3.67745 3.66814 3.65967 3.65204 3.6452 3.63915 3.63384 3.62926 3.62537 3.62215 3.61958 3.61763 3.61629 3.61554 
3.60959 3.61005 3.61113 3.61285 3.61522 3.61826 3.622 3.62647 3.63168 3.63768 3.64448 3.65213 3.66064 3.67004 3.68034 3.69156 3.7037 3.71675 3.7307 3.74552 3.76118 3.77763 3.79482 3.81268 3.83113 3.85009 3.86947 3.88916 3.90906 3.92905 3.94904 3.96889 3.98849 4.00773 4.02649 4.04468 4.06217 4.07888 4.09471 4.10957 4.12339 4.13609 4.14761 4.15789 4.16688 4.17453 4.18082 4.18571 4.18918 4.19121 4.19179 4.19093 4.18861 4.18486 4.17968 4.1731 4.16515 4.15587 4.14531 4.1335 4.12053 4.10645 4.09134 4.07528 4.05838 4.04071 4.0224 4.00355 3.98427 3.96467 3.94488 3.92501 3.90518 3.88549 3.86607 3.84701 3.82841 3.81036 3.79293 3.77621 3.76024 3.74508 3.73077 3.71733 3.70479 3.69316 3.68243 3.6726 3.66367 3.65559 3.64837 3.64196 3.63634 3.63149 3.62737 3.62395 3.62121 3.61914 3.61771 3.61691 
3.61094 3.61141 3.61255 3.61436 3.61686 3.62007 3.62401 3.62872 3.63421 3.64053 3.6477 3.65575 3.6647 3.67458 3.68541 3.69719 3.70993 3.72361 3.73823 3.75375 3.77013 3.78733 3.80528 3.82392 3.84316 3.86292 3.88308 3.90356 3.92424 3.945 3.96572 3.98629 4.00659 4.02649 4.04589 4.06467 4.08273 4.09995 4.11627 4.13157 4.14579 4.15885 4.17069 4.18125 4.19048 4.19834 4.2048 4.20982 4.21338 4.21547 4.21607 4.21518 4.21282 4.20897 4.20366 4.19692 4.18876 4.17923 4.16838 4.15624 4.14289 4.12839 4.11283 4.09627 4.07882 4.06058 4.04165 4.02214 4.00218 3.98187 3.96134 3.94071 3.9201 3.89963 3.87942 3.85956 3.84017 3.82133 3.80313 3.78565 3.76895 3.75308 3.73809 3.724 3.71085 3.69863 3.68736 3.67703 3.66763 3.65913 3.65152 3.64476 3.63883 3.63371 3.62935 3.62574 3.62284 3.62065 3.61913 3.61828 
3.61228 3.61277 3.61396 3.61586 3.61849 3.62186 3.626 3.63095 3.63672 3.64335 3.65087 3.65932 3.66871 3.67906 3.6904 3.70274 3.71606 3.73036 3.74563 3.76182 3.77891 3.79683 3.81552 3.83491 3.85491 3.87543 3.89636 3.91759 3.93901 3.9605 3.98193 4.00319 4.02415 4.04468 4.06467 4.08401 4.10259 4.12031 4.13707 4.15278 4.16738 4.18077 4.19291 4.20373 4.21319 4.22124 4.22785 4.23299 4.23663 4.23878 4.2394 4.2385 4.23608 4.23216 4.22673 4.21983 4.21149 4.20173 4.19061 4.17817 4.16447 4.14958 4.13359 4.11656 4.09861 4.07982 4.0603 4.04018 4.01956 3.99857 3.97734 3.95599 3.93463 3.91341 3.89243 3.87181 3.85165 3.83206 3.81311 3.7949 3.77749 3.76093 3.74527 3.73056 3.7168 3.70402 3.69222 3.68139 3.67153 3.66262 3.65462 3.64752 3.64129 3.6359 3.63132 3.62751 3.62446 3.62214 3.62054 3.61964 
3.6136 3.61411 3.61536 3.61734 3.62009 3.62362 3.62796 3.63314 3.63918 3.64612 3.65399 3.66282 3.67263 3.68345 3.69529 3.70815 3.72204 3.73694 3.75283 3.76968 3.78745 3.80606 3.82547 3.84558 3.86631 3.88755 3.90921 3.93116 3.95329 3.97547 3.99757 4.01947 4.04105 4.06217 4.08273 4.10259 4.12166 4.13983 4.15701 4.17311 4.18805 4.20175 4.21416 4.22522 4.23489 4.24311 4.24986 4.25511 4.25884 4.26103 4.26167 4.26076 4.2583 4.2543 4.24877 4.24173 4.23322 4.22325 4.21188 4.19916 4.18514 4.1699 4.15351 4.13605 4.11762 4.09831 4.07825 4.05755 4.03632 4.01469 3.99279 3.97074 3.94869 3.92674 3.90503 3.88368 3.86279 3.84247 3.82281 3.80389 3.78579 3.76857 3.75227 3.73694 3.72261 3.70928 3.69696 3.68566 3.67535 3.66603 3.65766 3.65024 3.64371 3.63806 3.63325 3.62926 3.62605 3.62362 3.62193 3.62098 
3.61489 3.61542 3.61672 3.61879 3.62166 3.62535 3.62987 3.63527 3.64158 3.64882 3.65702 3.66622 3.67644 3.6877 3.70002 3.7134 3.72783 3.74331 3.7598 3.77728 3.79569 3.81497 3.83505 3.85585 3.87727 3.89921 3.92155 3.94418 3.96698 3.98981 4.01254 4.03505 4.05721 4.07888 4.09995 4.12031 4.13983 4.15842 4.17599 4.19244 4.20769 4.22168 4.23434 4.24562 4.25547 4.26385 4.27073 4.27608 4.27988 4.28212 4.28278 4.28186 4.27936 4.2753 4.26968 4.26251 4.25384 4.24369 4.2321 4.21912 4.20481 4.18924 4.17248 4.15461 4.13574 4.11597 4.0954 4.07415 4.05234 4.03011 4.00759 3.98489 3.96217 3.93954 3.91715 3.8951 3.87351 3.8525 3.83215 3.81256 3.79381 3.77595 3.75904 3.74312 3.72823 3.71437 3.70156 3.68979 3.67906 3.66934 3.66062 3.65287 3.64606 3.64016 3.63513 3.63096 3.62761 3.62506 3.62329 3.62229 
3.61615 3.61669 3.61804 3.6202 3.62318 3.62701 3.63172 3.63734 3.64389 3.65142 3.65994 3.6695 3.68011 3.6918 3.70457 3.71844 3.73339 3.74941 3.76648 3.78455 3.80357 3.82348 3.8442 3.86565 3.88772 3.91031 3.9333 3.95657 3.97999 4.00343 4.02676 4.04983 4.07252 4.09471 4.11627 4.13707 4.15701 4.17599 4.1939 4.21067 4.22621 4.24046 4.25335 4.26482 4.27484 4.28337 4.29036 4.2958 4.29967 4.30195 4.30263 4.3017 4.29918 4.29506 4.28935 4.28208 4.27327 4.26294 4.25115 4.23794 4.22337 4.2075 4.1904 4.17217 4.1529 4.13269 4.11164 4.08989 4.06755 4.04476 4.02165 3.99835 3.975 3.95174 3.92869 3.90598 3.88374 3.86207 3.84108 3.82085 3.80148 3.78301 3.76552 3.74905 3.73362 3.71926 3.70597 3.69376 3.68262 3.67253 3.66347 3.65541 3.64833 3.64218 3.63695 3.6326 3.62911 3.62645 3.62461 3.62356 
3.61735 3.61791 3.61931 3.62154 3.62464 3.62861 3.6335 3.63932 3.64611 3.65391 3.66274 3.67263 3.68361 3.6957 3.7089 3.72323 3.73867 3.75521 3.77282 3.79145 3.81105 3.83155 3.85287 3.87493 3.89761 3.9208 3.9444 3.96826 3.99226 4.01626 4.04013 4.06373 4.08692 4.10957 4.13157 4.15278 4.17311 4.19244 4.21067 4.22773 4.24353 4.25801 4.2711 4.28275 4.29293 4.30158 4.30868 4.3142 4.31813 4.32044 4.32114 4.32021 4.31766 4.31349 4.30771 4.30034 4.29141 4.28093 4.26897 4.25555 4.24073 4.22459 4.2072 4.18863 4.16899 4.14837 4.1269 4.10468 4.08186 4.05855 4.03489 4.01103 3.9871 3.96324 3.93959 3.91627 3.89342 3.87113 3.84953 3.82871 3.80875 3.78972 3.77168 3.75468 3.73875 3.72391 3.71018 3.69755 3.68602 3.67558 3.66619 3.65784 3.65049 3.64412 3.63869 3.63418 3.63055 3.62779 3.62587 3.62478 
3.61849 3.61907 3.62051 3.62282 3.62602 3.63013 3.63517 3.64119 3.64821 3.65626 3.66537 3.67558 3.68691 3.69937 3.71299 3.72775 3.74365 3.76067 3.77877 3.79792 3.81806 3.83911 3.86099 3.88361 3.90685 3.93061 3.95476 3.97917 4.0037 4.02822 4.05259 4.07666 4.10031 4.12339 4.14579 4.16738 4.18805 4.20769 4.22621 4.24353 4.25957 4.27425 4.28752 4.29934 4.30964 4.31841 4.3256 4.3312 4.33518 4.33753 4.33824 4.33731 4.33474 4.33052 4.32468 4.31723 4.30818 4.29758 4.28545 4.27185 4.25682 4.24044 4.22277 4.2039 4.18393 4.16295 4.14109 4.11845 4.09517 4.07139 4.04724 4.02286 3.99839 3.97399 3.94978 3.92589 3.90247 3.87962 3.85746 3.83608 3.81557 3.79601 3.77746 3.75997 3.74357 3.72828 3.71413 3.70112 3.68923 3.67845 3.66876 3.66013 3.65254 3.64595 3.64034 3.63567 3.63192 3.62905 3.62707 3.62594 
3.61956 3.62016 3.62164 3.62402 3.62731 3.63155 3.63675 3.64294 3.65017 3.65845 3.66783 3.67834 3.68999 3.7028 3.71678 3.73194 3.74827 3.76573 3.7843 3.80393 3.82456 3.84611 3.8685 3.89163 3.9154 3.93967 3.96433 3.98924 4.01425 4.03924 4.06406 4.08857 4.11262 4.13609 4.15885 4.18077 4.20175 4.22168 4.24046 4.25801 4.27425 4.28912 4.30255 4.3145 4.32493 4.3338 4.34107 4.34673 4.35076 4.35314 4.35387 4.35294 4.35034 4.34609 4.3402 4.33267 4.32353 4.31282 4.30055 4.28678 4.27157 4.25497 4.23706 4.21792 4.19765 4.17635 4.15413 4.13111 4.10743 4.08321 4.05861 4.03376 4.00881 3.98391 3.95918 3.93479 3.91084 3.88747 3.86479 3.8429 3.82189 3.80185 3.78282 3.76488 3.74804 3.73235 3.71781 3.70444 3.69221 3.68112 3.67115 3.66227 3.65445 3.64767 3.64188 3.63707 3.6332 3.63024 3.62819 3.62703 
3.62056 3.62117 3.62269 3.62513 3.62851 3.63286 3.63819 3.64456 3.65197 3.66048 3.6701 3.68087 3.69281 3.70594 3.72027 3.73579 3.7525 3.77036 3.78936 3.80942 3.8305 3.85251 3.87536 3.89896 3.92319 3.94792 3.97304 3.99839 4.02385 4.04926 4.07448 4.09938 4.1238 4.14761 4.17069 4.19291 4.21416 4.23434 4.25335 4.2711 4.28752 4.30255 4.31613 4.3282 4.33873 4.34768 4.35503 4.36075 4.36482 4.36723 4.36797 4.36704 4.36443 4.36015 4.35421 4.34662 4.3374 4.32658 4.3142 4.30029 4.28491 4.26812 4.25 4.23062 4.21008 4.18849 4.16596 4.1426 4.11856 4.09396 4.06895 4.04368 4.01829 3.99294 3.96776 3.94289 3.91847 3.89463 3.87148 3.84913 3.82767 3.80718 3.78773 3.76937 3.75215 3.73608 3.72119 3.70748 3.69495 3.68358 3.67335 3.66424 3.65621 3.64924 3.6433 3.63836 3.63438 3.63134 3.62923 3.62803 
3.62146 3.62208 3.62364 3.62614 3.6296 3.63405 3.63951 3.64602 3.65361 3.66231 3.67215 3.68316 3.69536 3.70878 3.72341 3.73926 3.75631 3.77454 3.7939 3.81436 3.83583 3.85825 3.88152 3.90553 3.93017 3.95532 3.98084 4.00659 4.03243 4.05822 4.0838 4.10903 4.13377 4.15789 4.18125 4.20373 4.22522 4.24562 4.26482 4.28275 4.29934 4.3145 4.3282 4.34038 4.351 4.36003 4.36744 4.3732 4.37731 4.37974 4.3805 4.37957 4.37694 4.37264 4.36666 4.35902 4.34973 4.33883 4.32634 4.31231 4.29678 4.27983 4.26152 4.24194 4.22117 4.19933 4.17651 4.15286 4.1285 4.10356 4.0782 4.05255 4.02678 4.00102 3.97543 3.95015 3.92532 3.90106 3.87749 3.85473 3.83287 3.81198 3.79215 3.77342 3.75584 3.73944 3.72423 3.71023 3.69742 3.6858 3.67534 3.66602 3.65781 3.65067 3.64459 3.63952 3.63545 3.63234 3.63018 3.62895 
3.62226 3.6229 3.62448 3.62703 3.63057 3.6351 3.64068 3.64732 3.65506 3.66393 3.67396 3.68518 3.69762 3.71129 3.72619 3.74232 3.75967 3.77822 3.79791 3.8187 3.84053 3.8633 3.88693 3.9113 3.9363 3.96181 3.98768 4.01378 4.03996 4.06606 4.09195 4.11748 4.1425 4.16688 4.19048 4.21319 4.23489 4.25547 4.27484 4.29293 4.30964 4.32493 4.33873 4.351 4.3617 4.37079 4.37825 4.38406 4.3882 4.39065 4.39142 4.39049 4.38786 4.38353 4.37752 4.36983 4.36048 4.34951 4.33693 4.3228 4.30715 4.29006 4.27159 4.25183 4.23086 4.2088 4.18575 4.16184 4.1372 4.11197 4.0863 4.06033 4.03422 4.00812 3.98217 3.95653 3.93133 3.90671 3.88278 3.85965 3.83743 3.8162 3.79604 3.77699 3.7591 3.7424 3.72692 3.71266 3.69961 3.68776 3.6771 3.66759 3.65922 3.65194 3.64573 3.64056 3.6364 3.63323 3.63102 3.62976 
3.62296 3.62361 3.62522 3.62781 3.63141 3.63602 3.64169 3.64844 3.65631 3.66533 3.67552 3.68693 3.69956 3.71344 3.72857 3.74495 3.76256 3.78137 3.80135 3.82243 3.84455 3.86762 3.89155 3.91623 3.94154 3.96735 3.99352 4.01991 4.04637 4.07275 4.09891 4.12468 4.14994 4.17453 4.19834 4.22124 4.24311 4.26385 4.28337 4.30158 4.31841 4.3338 4.34768 4.36003 4.37079 4.37994 4.38744 4.39328 4.39745 4.39992 4.4007 4.39977 4.39713 4.39279 4.38675 4.37902 4.36963 4.35859 4.34594 4.33172 4.31597 4.29876 4.28016 4.26025 4.23912 4.21687 4.19362 4.16949 4.14462 4.11914 4.0932 4.06696 4.04057 4.01417 3.98793 3.96198 3.93647 3.91154 3.8873 3.86387 3.84135 3.81982 3.79937 3.78004 3.76189 3.74495 3.72923 3.71474 3.70149 3.68945 3.67861 3.66895 3.66044 3.65304 3.64672 3.64146 3.63723 3.634 3.63175 3.63047 
3.62355 3.6242 3.62584 3.62847 3.63211 3.63679 3.64254 3.64938 3.65736 3.66649 3.67683 3.68838 3.70118 3.71523 3.73055 3.74713 3.76495 3.78398 3.80418 3.8255 3.84786 3.87118 3.89537 3.9203 3.94586 3.97191 3.99833 4.02496 4.05165 4.07825 4.10462 4.1306 4.15605 4.18082 4.2048 4.22785 4.24986 4.27073 4.29036 4.30868 4.3256 4.34107 4.35503 4.36744 4.37825 4.38744 4.39498 4.40086 4.40504 4.40753 4.40831 4.40738 4.40474 4.40038 4.39432 4.38656 4.37713 4.36604 4.35333 4.33904 4.32321 4.30591 4.2872 4.26716 4.24589 4.22349 4.20008 4.17577 4.15071 4.12503 4.09888 4.07242 4.04579 4.01915 3.99266 3.96646 3.9407 3.91551 3.89102 3.86734 3.84458 3.82281 3.80212 3.78257 3.7642 3.74705 3.73114 3.71647 3.70305 3.69086 3.67988 3.67009 3.66145 3.65395 3.64755 3.64222 3.63792 3.63464 3.63236 3.63106 
3.62402 3.62468 3.62633 3.62899 3.63267 3.6374 3.64321 3.65012 3.65818 3.66741 3.67785 3.68952 3.70244 3.71663 3.7321 3.74883 3.76682 3.78602 3.8064 3.8279 3.85045 3.87397 3.89834 3.92346 3.94922 3.97547 4.00207 4.02888 4.05575 4.08253 4.10906 4.1352 4.16079 4.18571 4.20982 4.23299 4.25511 4.27608 4.2958 4.3142 4.3312 4.34673 4.36075 4.3732 4.38406 4.39328 4.40086 4.40675 4.41095 4.41345 4.41424 4.41331 4.41066 4.4063 4.40022 4.39244 4.38297 4.37185 4.35909 4.34474 4.32884 4.31146 4.29267 4.27254 4.25116 4.22864 4.2051 4.18066 4.15545 4.12961 4.1033 4.07666 4.04985 4.02303 3.99635 3.96996 3.944 3.91861 3.89393 3.87005 3.8471 3.82514 3.80428 3.78455 3.76602 3.74871 3.73264 3.71783 3.70428 3.69196 3.68087 3.67098 3.66226 3.65468 3.64821 3.64281 3.63847 3.63516 3.63285 3.63153 
3.62436 3.62503 3.62669 3.62937 3.63308 3.63785 3.6437 3.65067 3.65878 3.66808 3.67859 3.69035 3.70336 3.71765 3.73321 3.75005 3.76815 3.78748 3.80798 3.82962 3.8523 3.87594 3.90045 3.92571 3.9516 3.97799 4.00472 4.03167 4.05866 4.08556 4.11221 4.13846 4.16416 4.18918 4.21338 4.23663 4.25884 4.27988 4.29967 4.31813 4.33518 4.35076 4.36482 4.37731 4.3882 4.39745 4.40504 4.41095 4.41517 4.41768 4.41847 4.41754 4.41489 4.41051 4.40442 4.39662 4.38713 4.37598 4.36318 4.34879 4.33285 4.31541 4.29655 4.27635 4.2549 4.2323 4.20866 4.18412 4.15881 4.13286 4.10643 4.07966 4.05273 4.02577 3.99896 3.97243 3.94634 3.92081 3.89599 3.87198 3.84889 3.82681 3.80581 3.78596 3.76731 3.74989 3.73372 3.71881 3.70516 3.69276 3.68159 3.67163 3.66284 3.65521 3.64869 3.64325 3.63888 3.63553 3.63321 3.63188 
3.62458 3.62525 3.62692 3.62961 3.63334 3.63813 3.644 3.651 3.65915 3.66849 3.67905 3.69084 3.70391 3.71825 3.73388 3.75078 3.76895 3.78834 3.80892 3.83062 3.85338 3.8771 3.90169 3.92703 3.953 3.97946 4.00628 4.03329 4.06036 4.08734 4.11405 4.14037 4.16613 4.19121 4.21547 4.23878 4.26103 4.28212 4.30195 4.32044 4.33753 4.35314 4.36723 4.37974 4.39065 4.39992 4.40753 4.41345 4.41768 4.42019 4.42099 4.42006 4.4174 4.41302 4.40692 4.39911 4.3896 4.37842 4.36561 4.35119 4.33521 4.31774 4.29884 4.27859 4.25709 4.23444 4.21075 4.18615 4.16077 4.13475 4.10825 4.08142 4.05441 4.02738 4.00048 3.97388 3.9477 3.9221 3.8972 3.87311 3.84994 3.82779 3.80672 3.7868 3.76808 3.75059 3.73436 3.71939 3.70569 3.69324 3.68203 3.67202 3.6632 3.65553 3.64898 3.64353 3.63913 3.63577 3.63344 3.63211 
