1.74696 1.74726 1.74756 1.74785 1.74812 1.74839 1.74863 1.74886 1.74907 1.74926 1.74944 1.74959 1.74973 1.74985 1.74995 1.75005 1.75013 1.75021 1.75027 1.75034 1.7504 1.75047 1.75053 1.75061 1.75068 1.75077 1.75087 1.75097 1.75109 1.75122 1.75136 1.75152 1.75168 1.75186 1.75205 1.75225 1.75246 1.75267 1.75288 1.7531 1.75331 1.75351 1.75371 1.75389 1.75406 1.75421 1.75434 1.75445 1.75453 1.75459 1.75461 1.75462 1.75459 1.75454 1.75446 1.75435 1.75423 1.75408 1.75392 1.75374 1.75355 1.75335 1.75314 1.75293 1.75273 1.75252 1.75232 1.75212 1.75194 1.75176 1.7516 1.75144 1.75131 1.75118 1.75107 1.75097 1.75089 1.75082 1.75077 1.75073 1.7507 1.75069 1.7507 1.75072 1.75076 1.75082 1.75089 1.75099 1.75111 1.75125 1.75141 1.75159 1.7518 1.75202 1.75227 1.75253 1.75281 1.7531 1.75339 1.7537 
1.74726 1.74756 1.74786 1.74815 1.74843 1.74869 1.74894 1.74917 1.74938 1.74957 1.74974 1.74989 1.75003 1.75015 1.75025 1.75035 1.75043 1.7505 1.75057 1.75064 1.7507 1.75076 1.75083 1.7509 1.75098 1.75106 1.75116 1.75126 1.75138 1.75151 1.75166 1.75181 1.75198 1.75216 1.75236 1.75256 1.75277 1.75299 1.7532 1.75342 1.75364 1.75385 1.75405 1.75424 1.75441 1.75456 1.7547 1.75481 1.75489 1.75495 1.75498 1.75498 1.75495 1.7549 1.75482 1.75471 1.75458 1.75443 1.75426 1.75408 1.75388 1.75368 1.75347 1.75326 1.75304 1.75283 1.75263 1.75243 1.75224 1.75206 1.75189 1.75174 1.7516 1.75147 1.75136 1.75127 1.75118 1.75111 1.75106 1.75102 1.751 1.75099 1.75099 1.75102 1.75106 1.75111 1.75119 1.75129 1.75141 1.75155 1.75171 1.75189 1.7521 1.75233 1.75257 1.75283 1.75311 1.7534 1.7537 1.754 
1.74756 1.74786 1.74816 1.74845 1.74872 1.74899 1.74923 1.74946 1.74967 1.74986 1.75004 1.75019 1.75033 1.75045 1.75055 1.75065 1.75073 1.75081 1.75088 1.75094 1.75101 1.75108 1.75115 1.75123 1.75131 1.7514 1.75151 1.75163 1.75176 1.7519 1.75206 1.75224 1.75243 1.75263 1.75285 1.75308 1.75331 1.75356 1.7538 1.75405 1.75429 1.75452 1.75475 1.75496 1.75515 1.75532 1.75547 1.75559 1.75569 1.75575 1.75578 1.75578 1.75575 1.75569 1.7556 1.75548 1.75533 1.75516 1.75497 1.75477 1.75455 1.75432 1.75408 1.75384 1.7536 1.75337 1.75314 1.75292 1.75271 1.75251 1.75232 1.75215 1.75199 1.75185 1.75173 1.75162 1.75153 1.75145 1.75139 1.75134 1.75131 1.7513 1.7513 1.75132 1.75136 1.75142 1.75149 1.75159 1.75171 1.75185 1.75201 1.75219 1.7524 1.75262 1.75287 1.75313 1.75341 1.7537 1.75399 1.7543 
1.74785 1.74815 1.74845 1.74874 1.74901 1.74928 1.74952 1.74975 1.74996 1.75015 1.75033 1.75048 1.75062 1.75074 1.75085 1.75094 1.75103 1.75111 1.75119 1.75126 1.75133 1.75141 1.75149 1.75158 1.75168 1.7518 1.75192 1.75207 1.75222 1.7524 1.7526 1.75281 1.75304 1.75329 1.75355 1.75382 1.75411 1.7544 1.75469 1.75499 1.75528 1.75556 1.75583 1.75608 1.75631 1.75652 1.75669 1.75684 1.75695 1.75702 1.75706 1.75706 1.75702 1.75694 1.75683 1.75669 1.75651 1.75631 1.75608 1.75583 1.75557 1.75529 1.75501 1.75472 1.75443 1.75415 1.75387 1.7536 1.75335 1.75311 1.75288 1.75268 1.75249 1.75232 1.75217 1.75204 1.75192 1.75183 1.75175 1.75169 1.75165 1.75163 1.75162 1.75164 1.75167 1.75172 1.75179 1.75189 1.752 1.75214 1.7523 1.75248 1.75269 1.75291 1.75316 1.75342 1.7537 1.75398 1.75428 1.75458 
1.74812 1.74843 1.74872 1.74901 1.74929 1.74955 1.7498 1.75003 1.75024 1.75043 1.75061 1.75076 1.7509 1.75103 1.75114 1.75124 1.75133 1.75142 1.7515 1.75158 1.75167 1.75176 1.75187 1.75198 1.7521 1.75225 1.75241 1.75259 1.75279 1.75302 1.75327 1.75354 1.75383 1.75415 1.75448 1.75483 1.75519 1.75556 1.75593 1.7563 1.75666 1.75702 1.75736 1.75767 1.75796 1.75821 1.75843 1.75861 1.75875 1.75884 1.75888 1.75888 1.75882 1.75873 1.75859 1.7584 1.75818 1.75792 1.75763 1.75732 1.75699 1.75664 1.75628 1.75592 1.75555 1.7552 1.75485 1.75451 1.75419 1.75388 1.7536 1.75334 1.7531 1.75288 1.75269 1.75252 1.75237 1.75225 1.75215 1.75207 1.75201 1.75197 1.75195 1.75195 1.75198 1.75202 1.75209 1.75218 1.75229 1.75243 1.75258 1.75277 1.75297 1.75319 1.75344 1.7537 1.75397 1.75426 1.75456 1.75486 
1.74839 1.74869 1.74899 1.74928 1.74955 1.74982 1.75006 1.75029 1.75051 1.7507 1.75087 1.75103 1.75117 1.7513 1.75142 1.75153 1.75163 1.75172 1.75182 1.75192 1.75203 1.75214 1.75227 1.75242 1.75258 1.75277 1.75298 1.75322 1.75349 1.75378 1.75411 1.75447 1.75485 1.75526 1.75569 1.75614 1.75661 1.75708 1.75757 1.75804 1.75851 1.75897 1.7594 1.7598 1.76016 1.76049 1.76077 1.76099 1.76116 1.76128 1.76133 1.76132 1.76125 1.76112 1.76094 1.7607 1.76041 1.76008 1.75971 1.75931 1.75888 1.75843 1.75797 1.7575 1.75703 1.75657 1.75612 1.75568 1.75526 1.75487 1.7545 1.75416 1.75385 1.75357 1.75331 1.75309 1.7529 1.75273 1.75259 1.75248 1.75239 1.75233 1.75229 1.75228 1.75229 1.75233 1.75238 1.75247 1.75257 1.7527 1.75286 1.75304 1.75324 1.75346 1.7537 1.75396 1.75424 1.75452 1.75482 1.75512 
1.74863 1.74894 1.74923 1.74952 1.7498 1.75006 1.75031 1.75054 1.75076 1.75095 1.75113 1.75129 1.75144 1.75157 1.75169 1.75181 1.75192 1.75203 1.75215 1.75227 1.75241 1.75255 1.75272 1.75291 1.75313 1.75338 1.75366 1.75398 1.75434 1.75473 1.75516 1.75563 1.75614 1.75667 1.75724 1.75783 1.75844 1.75906 1.75969 1.76031 1.76091 1.7615 1.76206 1.76257 1.76304 1.76346 1.76381 1.7641 1.76432 1.76446 1.76452 1.76451 1.76442 1.76425 1.76401 1.7637 1.76332 1.76289 1.76241 1.76189 1.76133 1.76075 1.76015 1.75954 1.75893 1.75833 1.75774 1.75717 1.75662 1.75611 1.75562 1.75518 1.75477 1.75439 1.75406 1.75376 1.7535 1.75328 1.75309 1.75293 1.75281 1.75272 1.75265 1.75262 1.75261 1.75263 1.75267 1.75275 1.75284 1.75297 1.75312 1.75329 1.75349 1.75371 1.75395 1.75421 1.75449 1.75477 1.75507 1.75537 
1.74886 1.74917 1.74946 1.74975 1.75003 1.75029 1.75054 1.75077 1.75099 1.75119 1.75137 1.75153 1.75169 1.75183 1.75196 1.75209 1.75222 1.75235 1.75249 1.75265 1.75282 1.75301 1.75323 1.75349 1.75378 1.75411 1.75448 1.75491 1.75538 1.7559 1.75647 1.75709 1.75776 1.75846 1.75921 1.75998 1.76077 1.76158 1.76239 1.7632 1.76398 1.76474 1.76546 1.76612 1.76672 1.76726 1.76771 1.76808 1.76835 1.76853 1.7686 1.76858 1.76846 1.76824 1.76792 1.76752 1.76704 1.76648 1.76585 1.76518 1.76445 1.7637 1.76292 1.76213 1.76134 1.76055 1.75978 1.75904 1.75833 1.75765 1.75702 1.75643 1.75589 1.7554 1.75496 1.75456 1.75422 1.75392 1.75366 1.75345 1.75327 1.75313 1.75303 1.75297 1.75294 1.75293 1.75296 1.75302 1.75311 1.75322 1.75337 1.75354 1.75373 1.75395 1.75419 1.75444 1.75472 1.755 1.7553 1.7556 
1.74907 1.74938 1.74967 1.74996 1.75024 1.75051 1.75076 1.75099 1.75121 1.75141 1.75159 1.75176 1.75193 1.75208 1.75223 1.75237 1.75252 1.75268 1.75286 1.75305 1.75328 1.75353 1.75382 1.75416 1.75454 1.75498 1.75548 1.75604 1.75667 1.75735 1.75811 1.75892 1.75979 1.76071 1.76168 1.76269 1.76372 1.76476 1.76581 1.76684 1.76785 1.76882 1.76974 1.77059 1.77136 1.77204 1.77261 1.77308 1.77342 1.77364 1.77374 1.7737 1.77354 1.77325 1.77285 1.77233 1.7717 1.77098 1.77018 1.76931 1.76838 1.7674 1.7664 1.76538 1.76435 1.76334 1.76234 1.76138 1.76045 1.75958 1.75875 1.75798 1.75727 1.75663 1.75605 1.75552 1.75507 1.75466 1.75432 1.75403 1.75379 1.7536 1.75345 1.75334 1.75328 1.75325 1.75325 1.75329 1.75337 1.75347 1.75361 1.75377 1.75396 1.75417 1.7544 1.75466 1.75493 1.75521 1.75551 1.75581 
1.74926 1.74957 1.74986 1.75015 1.75043 1.7507 1.75095 1.75119 1.75141 1.75161 1.7518 1.75199 1.75216 1.75232 1.75249 1.75266 1.75284 1.75304 1.75326 1.75351 1.7538 1.75413 1.75452 1.75496 1.75547 1.75605 1.7567 1.75744 1.75826 1.75916 1.76014 1.7612 1.76233 1.76352 1.76477 1.76607 1.76739 1.76873 1.77007 1.77139 1.77268 1.77391 1.77508 1.77615 1.77713 1.77798 1.77871 1.77929 1.77972 1.78 1.78011 1.78006 1.77985 1.77948 1.77896 1.77829 1.7775 1.77658 1.77555 1.77444 1.77325 1.77201 1.77072 1.76942 1.76811 1.7668 1.76552 1.76428 1.76309 1.76195 1.76089 1.75989 1.75897 1.75813 1.75737 1.75669 1.75608 1.75555 1.7551 1.75471 1.75438 1.75412 1.75391 1.75375 1.75364 1.75357 1.75355 1.75357 1.75362 1.75371 1.75383 1.75399 1.75417 1.75437 1.7546 1.75486 1.75513 1.75541 1.7557 1.756 
1.74944 1.74974 1.75004 1.75033 1.75061 1.75087 1.75113 1.75137 1.75159 1.7518 1.75201 1.7522 1.75238 1.75257 1.75276 1.75296 1.75318 1.75343 1.75371 1.75403 1.75441 1.75484 1.75534 1.75592 1.75659 1.75735 1.7582 1.75916 1.76022 1.76139 1.76266 1.76402 1.76547 1.76701 1.7686 1.77026 1.77194 1.77364 1.77534 1.77701 1.77863 1.78019 1.78165 1.783 1.78422 1.78529 1.78619 1.78691 1.78745 1.78779 1.78792 1.78785 1.78758 1.78711 1.78645 1.78561 1.7846 1.78344 1.78215 1.78075 1.77925 1.77767 1.77605 1.77439 1.77272 1.77107 1.76944 1.76785 1.76633 1.76488 1.76351 1.76223 1.76105 1.75996 1.75898 1.7581 1.75731 1.75662 1.75602 1.7555 1.75507 1.75471 1.75442 1.7542 1.75403 1.75392 1.75386 1.75385 1.75388 1.75395 1.75405 1.75419 1.75436 1.75456 1.75479 1.75504 1.7553 1.75558 1.75588 1.75617 
1.74959 1.74989 1.75019 1.75048 1.75076 1.75103 1.75129 1.75153 1.75176 1.75199 1.7522 1.7524 1.75261 1.75282 1.75305 1.75329 1.75356 1.75387 1.75423 1.75464 1.75512 1.75569 1.75634 1.75709 1.75796 1.75894 1.76004 1.76128 1.76264 1.76414 1.76576 1.7675 1.76935 1.77129 1.77331 1.7754 1.77752 1.77965 1.78178 1.78387 1.7859 1.78783 1.78965 1.79133 1.79284 1.79416 1.79527 1.79616 1.79682 1.79723 1.79739 1.79729 1.79695 1.79636 1.79553 1.79448 1.79322 1.79178 1.79016 1.78841 1.78653 1.78456 1.78252 1.78045 1.77835 1.77627 1.77422 1.77222 1.7703 1.76846 1.76672 1.76509 1.76358 1.7622 1.76094 1.7598 1.75879 1.7579 1.75712 1.75645 1.75588 1.75541 1.75502 1.75471 1.75447 1.7543 1.75419 1.75414 1.75414 1.75418 1.75427 1.75439 1.75455 1.75474 1.75496 1.7552 1.75546 1.75574 1.75603 1.75633 
1.74973 1.75003 1.75033 1.75062 1.7509 1.75117 1.75144 1.75169 1.75193 1.75216 1.75238 1.75261 1.75284 1.75309 1.75335 1.75365 1.75399 1.75437 1.75483 1.75536 1.75598 1.7567 1.75755 1.75852 1.75963 1.76088 1.7623 1.76387 1.76561 1.76751 1.76955 1.77175 1.77407 1.77651 1.77904 1.78164 1.78429 1.78694 1.78958 1.79216 1.79466 1.79705 1.79928 1.80134 1.80319 1.8048 1.80616 1.80725 1.80804 1.80854 1.80872 1.8086 1.80817 1.80743 1.80641 1.80512 1.80356 1.80178 1.79979 1.79762 1.7953 1.79286 1.79033 1.78776 1.78516 1.78256 1.78001 1.77751 1.7751 1.7728 1.77061 1.76857 1.76666 1.76491 1.76332 1.76187 1.76059 1.75945 1.75845 1.75758 1.75684 1.75622 1.75571 1.7553 1.75497 1.75473 1.75456 1.75446 1.75441 1.75442 1.75448 1.75459 1.75473 1.75491 1.75512 1.75535 1.75561 1.75588 1.75617 1.75647 
1.74985 1.75015 1.75045 1.75074 1.75103 1.7513 1.75157 1.75183 1.75208 1.75232 1.75257 1.75282 1.75309 1.75337 1.75369 1.75406 1.75447 1.75496 1.75554 1.75622 1.75701 1.75793 1.75901 1.76025 1.76166 1.76326 1.76505 1.76703 1.76922 1.7716 1.77416 1.7769 1.77979 1.78281 1.78595 1.78916 1.79241 1.79568 1.79891 1.80207 1.80512 1.80803 1.81075 1.81324 1.81548 1.81744 1.81908 1.82038 1.82134 1.82193 1.82214 1.82198 1.82145 1.82055 1.8193 1.81772 1.81582 1.81365 1.81122 1.80856 1.80573 1.80274 1.79965 1.79648 1.79329 1.7901 1.78694 1.78386 1.78088 1.77802 1.7753 1.77275 1.77038 1.76819 1.76618 1.76437 1.76275 1.7613 1.76004 1.75894 1.75799 1.75719 1.75652 1.75598 1.75554 1.75521 1.75496 1.7548 1.75471 1.75468 1.75471 1.75478 1.75491 1.75507 1.75527 1.75549 1.75574 1.75601 1.7563 1.75659 
1.74995 1.75025 1.75055 1.75085 1.75114 1.75142 1.75169 1.75196 1.75223 1.75249 1.75276 1.75305 1.75335 1.75369 1.75408 1.75453 1.75505 1.75566 1.75639 1.75725 1.75825 1.75942 1.76078 1.76234 1.76412 1.76613 1.76837 1.77085 1.77357 1.77652 1.7797 1.78308 1.78664 1.79035 1.79419 1.79811 1.80207 1.80603 1.80995 1.81378 1.81746 1.82097 1.82423 1.82723 1.82992 1.83225 1.83421 1.83577 1.8369 1.83759 1.83784 1.83763 1.83698 1.8359 1.83439 1.83248 1.8302 1.82757 1.82464 1.82143 1.818 1.81439 1.81064 1.8068 1.80291 1.79903 1.79518 1.79141 1.78775 1.78424 1.78091 1.77776 1.77482 1.77211 1.76962 1.76737 1.76534 1.76353 1.76194 1.76055 1.75936 1.75834 1.75749 1.75678 1.75621 1.75576 1.75543 1.75518 1.75503 1.75495 1.75494 1.75498 1.75508 1.75523 1.75541 1.75562 1.75587 1.75613 1.75641 1.7567 
1.75005 1.75035 1.75065 1.75094 1.75124 1.75153 1.75181 1.75209 1.75237 1.75266 1.75296 1.75329 1.75365 1.75406 1.75453 1.75508 1.75573 1.7565 1.75741 1.75848 1.75975 1.76122 1.76292 1.76487 1.76709 1.76958 1.77236 1.77542 1.77878 1.7824 1.78629 1.79042 1.79475 1.79926 1.80391 1.80864 1.81342 1.81818 1.82288 1.82746 1.83186 1.83603 1.83992 1.84348 1.84666 1.84942 1.85174 1.85357 1.8549 1.85571 1.85599 1.85573 1.85495 1.85365 1.85185 1.84958 1.84685 1.84372 1.84022 1.8364 1.83229 1.82797 1.82347 1.81886 1.81419 1.8095 1.80485 1.80029 1.79586 1.7916 1.78753 1.78369 1.7801 1.77677 1.77371 1.77093 1.76843 1.76619 1.76421 1.76248 1.76098 1.75971 1.75863 1.75773 1.75699 1.75641 1.75596 1.75562 1.75539 1.75525 1.75519 1.7552 1.75526 1.75538 1.75555 1.75575 1.75598 1.75623 1.75651 1.75679 
1.75013 1.75043 1.75073 1.75103 1.75133 1.75163 1.75192 1.75222 1.75252 1.75284 1.75318 1.75356 1.75399 1.75447 1.75505 1.75573 1.75653 1.75749 1.75863 1.75997 1.76154 1.76337 1.76548 1.7679 1.77063 1.7737 1.7771 1.78085 1.78494 1.78935 1.79406 1.79904 1.80427 1.80969 1.81525 1.82091 1.8266 1.83227 1.83784 1.84326 1.84846 1.85337 1.85795 1.86213 1.86585 1.86909 1.87179 1.87393 1.87547 1.87641 1.87672 1.87641 1.87548 1.87395 1.87183 1.86914 1.86594 1.86225 1.85811 1.8536 1.84875 1.84362 1.83829 1.83281 1.82725 1.82166 1.81611 1.81064 1.80533 1.8002 1.7953 1.79066 1.78631 1.78226 1.77854 1.77515 1.77208 1.76934 1.7669 1.76477 1.76291 1.76132 1.75997 1.75884 1.75791 1.75716 1.75657 1.75613 1.7558 1.75558 1.75546 1.75542 1.75545 1.75554 1.75568 1.75587 1.75609 1.75633 1.7566 1.75688 
1.75021 1.7505 1.75081 1.75111 1.75142 1.75172 1.75203 1.75235 1.75268 1.75304 1.75343 1.75387 1.75437 1.75496 1.75566 1.7565 1.75749 1.75867 1.76008 1.76174 1.76368 1.76593 1.76853 1.77148 1.77482 1.77856 1.7827 1.78724 1.79217 1.79747 1.80312 1.80908 1.81531 1.82175 1.82835 1.83504 1.84175 1.84842 1.85496 1.8613 1.86737 1.87311 1.87843 1.88328 1.88761 1.89135 1.89447 1.89694 1.89871 1.89978 1.90013 1.89976 1.89867 1.89688 1.89441 1.89129 1.88755 1.88324 1.87842 1.87314 1.86747 1.86147 1.85521 1.84877 1.84222 1.83562 1.82905 1.82258 1.81626 1.81015 1.8043 1.79875 1.79354 1.78868 1.78419 1.78009 1.77637 1.77304 1.77007 1.76746 1.76519 1.76323 1.76156 1.76016 1.75899 1.75805 1.75729 1.75671 1.75627 1.75597 1.75577 1.75567 1.75566 1.75571 1.75583 1.75599 1.75619 1.75642 1.75668 1.75696 
1.75027 1.75057 1.75088 1.75119 1.7515 1.75182 1.75215 1.75249 1.75286 1.75326 1.75371 1.75423 1.75483 1.75554 1.75639 1.75741 1.75863 1.76008 1.7618 1.76383 1.76621 1.76896 1.77212 1.77571 1.77975 1.78425 1.78923 1.79466 1.80055 1.80687 1.81358 1.82063 1.82798 1.83556 1.8433 1.85113 1.85897 1.86672 1.87432 1.88167 1.88869 1.8953 1.90143 1.907 1.91197 1.91625 1.91982 1.92264 1.92466 1.92587 1.92626 1.92582 1.92456 1.92249 1.91964 1.91605 1.91174 1.90678 1.90121 1.89511 1.88855 1.88159 1.87433 1.86683 1.85919 1.85149 1.8438 1.8362 1.82877 1.82157 1.81465 1.80808 1.80188 1.79609 1.79073 1.78582 1.78136 1.77735 1.77377 1.77061 1.76785 1.76546 1.76342 1.7617 1.76026 1.75908 1.75813 1.75739 1.75682 1.7564 1.75612 1.75595 1.75588 1.75589 1.75597 1.75611 1.75629 1.75651 1.75676 1.75703 
1.75034 1.75064 1.75094 1.75126 1.75158 1.75192 1.75227 1.75265 1.75305 1.75351 1.75403 1.75464 1.75536 1.75622 1.75725 1.75848 1.75997 1.76174 1.76383 1.7663 1.76918 1.7725 1.77631 1.78062 1.78546 1.79084 1.79676 1.80322 1.81018 1.81763 1.82552 1.83378 1.84237 1.8512 1.86019 1.86926 1.8783 1.88724 1.89597 1.90439 1.91242 1.91997 1.92695 1.9333 1.93893 1.94379 1.94783 1.951 1.95328 1.95464 1.95507 1.95456 1.95312 1.95076 1.94751 1.94342 1.93851 1.93285 1.9265 1.91953 1.91201 1.90403 1.89568 1.88705 1.87824 1.86932 1.86041 1.85159 1.84293 1.83452 1.82642 1.81871 1.81141 1.80458 1.79825 1.79242 1.78712 1.78233 1.77805 1.77426 1.77094 1.76806 1.76559 1.76349 1.76173 1.76029 1.75911 1.75817 1.75745 1.75691 1.75652 1.75627 1.75613 1.75609 1.75614 1.75624 1.7564 1.7566 1.75684 1.7571 
1.7504 1.7507 1.75101 1.75133 1.75167 1.75203 1.75241 1.75282 1.75328 1.7538 1.75441 1.75512 1.75598 1.75701 1.75825 1.75975 1.76154 1.76368 1.76621 1.76918 1.77264 1.77662 1.78116 1.78629 1.79204 1.7984 1.80538 1.81297 1.82113 1.82982 1.839 1.84859 1.85852 1.86871 1.87904 1.88944 1.89979 1.90998 1.91991 1.92947 1.93856 1.94709 1.95496 1.96209 1.96842 1.97387 1.9784 1.98195 1.98449 1.986 1.98647 1.98588 1.98425 1.9816 1.97794 1.97333 1.9678 1.96141 1.95424 1.94635 1.93783 1.92877 1.91928 1.90944 1.89937 1.88916 1.87893 1.86878 1.85879 1.84906 1.83968 1.8307 1.8222 1.81421 1.80679 1.79994 1.79369 1.78803 1.78296 1.77846 1.7745 1.77106 1.76809 1.76557 1.76344 1.76168 1.76024 1.75908 1.75818 1.75749 1.75698 1.75663 1.75642 1.75632 1.75631 1.75638 1.75651 1.7567 1.75692 1.75717 
1.75047 1.75076 1.75108 1.75141 1.75176 1.75214 1.75255 1.75301 1.75353 1.75413 1.75484 1.75569 1.7567 1.75793 1.75942 1.76122 1.76337 1.76593 1.76896 1.7725 1.77662 1.78134 1.78672 1.79277 1.79952 1.80698 1.81513 1.82396 1.83343 1.84349 1.85407 1.86509 1.87647 1.8881 1.89987 1.91167 1.92339 1.93489 1.94607 1.95682 1.96701 1.97654 1.98533 1.99328 2.00031 2.00636 2.01138 2.01531 2.01812 2.01978 2.02029 2.01963 2.01781 2.01485 2.01078 2.00564 1.99947 1.99234 1.98432 1.97549 1.96594 1.95576 1.94507 1.93397 1.92257 1.911 1.89937 1.88779 1.87638 1.86523 1.85445 1.84411 1.83428 1.82503 1.81641 1.80843 1.80113 1.7945 1.78854 1.78324 1.77857 1.77448 1.77096 1.76795 1.76541 1.76328 1.76154 1.76013 1.75902 1.75815 1.75751 1.75705 1.75674 1.75657 1.75651 1.75654 1.75664 1.7568 1.757 1.75724 
1.75053 1.75083 1.75115 1.75149 1.75187 1.75227 1.75272 1.75323 1.75382 1.75452 1.75534 1.75634 1.75755 1.75901 1.76078 1.76292 1.76548 1.76853 1.77212 1.77631 1.78116 1.78672 1.79302 1.80009 1.80796 1.81662 1.82605 1.83624 1.84712 1.85865 1.87073 1.88328 1.89619 1.90934 1.92262 1.93589 1.94903 1.9619 1.97436 1.98631 1.99762 2.00818 2.01789 2.02665 2.0344 2.04105 2.04656 2.05086 2.05394 2.05575 2.0563 2.05556 2.05356 2.0503 2.04581 2.04015 2.03334 2.02547 2.0166 2.00681 1.9962 1.98488 1.97295 1.96054 1.94778 1.93478 1.92168 1.9086 1.89568 1.88302 1.87074 1.85894 1.84769 1.83707 1.82713 1.81792 1.80947 1.80177 1.79484 1.78864 1.78317 1.77837 1.77422 1.77066 1.76764 1.76512 1.76303 1.76133 1.75998 1.75891 1.75811 1.75752 1.75711 1.75686 1.75673 1.75671 1.75677 1.7569 1.75709 1.75732 
1.75061 1.7509 1.75123 1.75158 1.75198 1.75242 1.75291 1.75349 1.75416 1.75496 1.75592 1.75709 1.75852 1.76025 1.76234 1.76487 1.7679 1.77148 1.77571 1.78062 1.78629 1.79277 1.80009 1.80829 1.81737 1.82733 1.83815 1.84979 1.8622 1.87528 1.88896 1.90311 1.91763 1.93238 1.94721 1.962 1.97659 1.99084 2.00461 2.01777 2.0302 2.04178 2.0524 2.06198 2.07042 2.07766 2.08364 2.08832 2.09165 2.09362 2.0942 2.09339 2.0912 2.08765 2.08276 2.07658 2.06915 2.06054 2.05083 2.04009 2.02843 2.01595 2.00278 1.98904 1.97487 1.9604 1.94579 1.93116 1.91665 1.90241 1.88855 1.87518 1.86241 1.85032 1.83898 1.82844 1.81873 1.80987 1.80186 1.79469 1.78833 1.78275 1.7779 1.77373 1.77018 1.7672 1.76472 1.7627 1.76107 1.75978 1.75879 1.75805 1.75753 1.75718 1.75698 1.7569 1.75692 1.75702 1.75718 1.7574 
1.75068 1.75098 1.75131 1.75168 1.7521 1.75258 1.75313 1.75378 1.75454 1.75547 1.75659 1.75796 1.75963 1.76166 1.76412 1.76709 1.77063 1.77482 1.77975 1.78546 1.79204 1.79952 1.80796 1.81737 1.82776 1.83913 1.85143 1.86462 1.87863 1.89335 1.90869 1.92452 1.9407 1.95708 1.97351 1.98983 2.00589 2.02152 2.0366 2.05096 2.06449 2.07707 2.08858 2.09894 2.10805 2.11586 2.1223 2.12733 2.1309 2.13301 2.13363 2.13275 2.1304 2.12657 2.1213 2.11462 2.1066 2.09728 2.08674 2.07507 2.06237 2.04876 2.03435 2.01928 2.00369 1.98774 1.97157 1.95534 1.93921 1.92332 1.90781 1.89281 1.87843 1.86478 1.85194 1.83997 1.82891 1.8188 1.80962 1.80139 1.79407 1.78762 1.782 1.77716 1.77302 1.76953 1.76663 1.76424 1.7623 1.76076 1.75957 1.75866 1.758 1.75755 1.75726 1.75712 1.75709 1.75715 1.75729 1.75749 
1.75077 1.75106 1.7514 1.7518 1.75225 1.75277 1.75338 1.75411 1.75498 1.75605 1.75735 1.75894 1.76088 1.76326 1.76613 1.76958 1.7737 1.77856 1.78425 1.79084 1.7984 1.80698 1.81662 1.82733 1.83913 1.85198 1.86585 1.88067 1.89635 1.91279 1.92985 1.94739 1.96526 1.9833 2.00133 2.01919 2.0367 2.05371 2.07006 2.08559 2.10019 2.11372 2.12608 2.13718 2.14693 2.15527 2.16213 2.16749 2.1713 2.17353 2.17419 2.17326 2.17074 2.16666 2.16103 2.1539 2.14531 2.13532 2.12401 2.11145 2.09775 2.08303 2.06741 2.05103 2.03404 2.0166 1.99887 1.98103 1.96323 1.94565 1.92844 1.91174 1.8957 1.88041 1.86599 1.85251 1.84002 1.82855 1.81813 1.80875 1.80039 1.793 1.78655 1.78096 1.77618 1.77213 1.76875 1.76596 1.76368 1.76187 1.76044 1.75934 1.75853 1.75796 1.75758 1.75736 1.75727 1.7573 1.7574 1.75758 
1.75087 1.75116 1.75151 1.75192 1.75241 1.75298 1.75366 1.75448 1.75548 1.7567 1.7582 1.76004 1.7623 1.76505 1.76837 1.77236 1.7771 1.7827 1.78923 1.79676 1.80538 1.81513 1.82605 1.83815 1.85143 1.86585 1.88136 1.89787 1.91529 1.93348 1.95229 1.97158 1.99116 2.01085 2.03047 2.04984 2.06878 2.08712 2.10469 2.12134 2.13694 2.15137 2.16453 2.17631 2.18664 2.19547 2.20272 2.20838 2.21239 2.21475 2.21544 2.21446 2.21181 2.2075 2.20155 2.19401 2.18491 2.1743 2.16226 2.14887 2.13424 2.11846 2.10168 2.08403 2.06567 2.04676 2.02749 2.00803 1.98856 1.96927 1.95033 1.93189 1.91412 1.89714 1.88107 1.866 1.852 1.83912 1.82737 1.81677 1.80728 1.79889 1.79153 1.78514 1.77966 1.77501 1.7711 1.76787 1.76522 1.76309 1.76141 1.7601 1.75912 1.75841 1.75793 1.75763 1.75748 1.75746 1.75753 1.75769 
1.75097 1.75126 1.75163 1.75207 1.75259 1.75322 1.75398 1.75491 1.75604 1.75744 1.75916 1.76128 1.76387 1.76703 1.77085 1.77542 1.78085 1.78724 1.79466 1.80322 1.81297 1.82396 1.83624 1.84979 1.86462 1.88067 1.89787 1.91613 1.93531 1.95528 1.97587 1.99689 2.01817 2.0395 2.06068 2.08152 2.10183 2.12143 2.14015 2.15785 2.17439 2.18964 2.20352 2.21592 2.22677 2.23602 2.24363 2.24954 2.25374 2.25621 2.25693 2.25591 2.25314 2.24864 2.24242 2.23451 2.22496 2.2138 2.20111 2.18697 2.17146 2.15471 2.13683 2.11797 2.0983 2.07798 2.0572 2.03615 2.01502 1.99402 1.97332 1.95313 1.93359 1.91488 1.89711 1.88039 1.86482 1.85045 1.83731 1.82541 1.81474 1.80527 1.79694 1.7897 1.78346 1.77815 1.77368 1.76996 1.76691 1.76444 1.76248 1.76095 1.75978 1.75892 1.75832 1.75793 1.75771 1.75764 1.75768 1.75781 
1.75109 1.75138 1.75176 1.75222 1.75279 1.75349 1.75434 1.75538 1.75667 1.75826 1.76022 1.76264 1.76561 1.76922 1.77357 1.77878 1.78494 1.79217 1.80055 1.81018 1.82113 1.83343 1.84712 1.8622 1.87863 1.89635 1.91529 1.93531 1.95629 1.97804 2.00039 2.02314 2.04608 2.06899 2.09167 2.11392 2.13552 2.1563 2.1761 2.19475 2.21213 2.22813 2.24263 2.25557 2.26688 2.2765 2.28439 2.29053 2.29488 2.29744 2.2982 2.29715 2.29429 2.28963 2.28318 2.27498 2.26504 2.25341 2.24016 2.22534 2.20906 2.19141 2.17252 2.15254 2.13163 2.10996 2.08773 2.06513 2.04238 2.01969 1.99726 1.9753 1.95399 1.93351 1.91401 1.89561 1.87841 1.86249 1.8479 1.83465 1.82273 1.81213 1.80278 1.79462 1.78758 1.78157 1.77649 1.77225 1.76876 1.76592 1.76365 1.76187 1.7605 1.75948 1.75875 1.75826 1.75797 1.75783 1.75783 1.75794 
1.75122 1.75151 1.7519 1.7524 1.75302 1.75378 1.75473 1.7559 1.75735 1.75916 1.76139 1.76414 1.76751 1.7716 1.77652 1.7824 1.78935 1.79747 1.80687 1.81763 1.82982 1.84349 1.85865 1.87528 1.89335 1.91279 1.93348 1.95528 1.97804 2.00156 2.02565 2.05008 2.07463 2.09906 2.12317 2.14673 2.16953 2.1914 2.21216 2.23167 2.24979 2.26642 2.28146 2.29485 2.30653 2.31644 2.32457 2.33089 2.33537 2.33801 2.33879 2.33773 2.3348 2.33003 2.32341 2.31497 2.30472 2.29271 2.27898 2.26359 2.24663 2.2282 2.20841 2.1874 2.16535 2.14242 2.11881 2.09474 2.07042 2.04608 2.02195 1.99824 1.97516 1.95291 1.93165 1.91153 1.89268 1.87518 1.85908 1.84443 1.83122 1.81943 1.809 1.79989 1.79199 1.78523 1.77951 1.77472 1.77076 1.76752 1.76493 1.76288 1.76129 1.76009 1.75922 1.75862 1.75825 1.75805 1.75801 1.75809 
1.75136 1.75166 1.75206 1.7526 1.75327 1.75411 1.75516 1.75647 1.75811 1.76014 1.76266 1.76576 1.76955 1.77416 1.7797 1.78629 1.79406 1.80312 1.81358 1.82552 1.839 1.85407 1.87073 1.88896 1.90869 1.92985 1.95229 1.97587 2.00039 2.02565 2.05142 2.07747 2.10355 2.12943 2.15486 2.17963 2.20352 2.22636 2.24797 2.26822 2.28696 2.30412 2.3196 2.33335 2.34531 2.35546 2.36376 2.37021 2.37478 2.37748 2.37829 2.37722 2.37426 2.36941 2.36268 2.35407 2.3436 2.33129 2.31719 2.30134 2.28382 2.26471 2.24413 2.22222 2.19912 2.17504 2.15015 2.12469 2.09888 2.07296 2.04717 2.02175 1.99693 1.97291 1.9499 1.92806 1.90753 1.88842 1.87079 1.8547 1.84015 1.82713 1.81559 1.80547 1.79668 1.78914 1.78274 1.77736 1.7729 1.76925 1.7663 1.76396 1.76214 1.76075 1.75973 1.75902 1.75855 1.75829 1.7582 1.75825 
1.75152 1.75181 1.75224 1.75281 1.75354 1.75447 1.75563 1.75709 1.75892 1.7612 1.76402 1.7675 1.77175 1.7769 1.78308 1.79042 1.79904 1.80908 1.82063 1.83378 1.84859 1.86509 1.88328 1.90311 1.92452 1.94739 1.97158 1.99689 2.02314 2.05008 2.07747 2.10506 2.13258 2.15979 2.18644 2.2123 2.23717 2.26085 2.28319 2.30405 2.3233 2.34087 2.35669 2.37069 2.38286 2.39315 2.40157 2.4081 2.41273 2.41547 2.41631 2.41525 2.41228 2.4074 2.40061 2.39191 2.38129 2.36879 2.35441 2.33821 2.32024 2.30058 2.27934 2.25664 2.23264 2.20751 2.18146 2.15471 2.1275 2.10008 2.0727 2.04563 2.0191 1.99336 1.96862 1.94506 1.92285 1.90211 1.88293 1.86537 1.84946 1.83517 1.82249 1.81133 1.80162 1.79326 1.78615 1.78016 1.77517 1.77108 1.76776 1.76512 1.76305 1.76146 1.76028 1.75944 1.75888 1.75854 1.7584 1.75842 
1.75168 1.75198 1.75243 1.75304 1.75383 1.75485 1.75614 1.75776 1.75979 1.76233 1.76547 1.76935 1.77407 1.77979 1.78664 1.79475 1.80427 1.81531 1.82798 1.84237 1.85852 1.87647 1.89619 1.91763 1.9407 1.96526 1.99116 2.01817 2.04608 2.07463 2.10355 2.13258 2.16144 2.18987 2.21762 2.24445 2.27015 2.29455 2.31748 2.33882 2.35847 2.37634 2.39237 2.40655 2.41882 2.4292 2.43767 2.44423 2.4489 2.45166 2.45252 2.45148 2.44853 2.44366 2.43687 2.42813 2.41746 2.40485 2.39031 2.37387 2.35557 2.33549 2.31372 2.29036 2.26558 2.23954 2.21245 2.18453 2.15602 2.12719 2.09832 2.06966 2.0415 2.01407 1.98763 1.96238 1.9385 1.91614 1.89541 1.87638 1.85908 1.84351 1.82965 1.81743 1.80677 1.79757 1.78972 1.78309 1.77757 1.77301 1.76931 1.76635 1.76401 1.76222 1.76087 1.75989 1.75923 1.75882 1.75862 1.75861 
1.75186 1.75216 1.75263 1.75329 1.75415 1.75526 1.75667 1.75846 1.76071 1.76352 1.76701 1.77129 1.77651 1.78281 1.79035 1.79926 1.80969 1.82175 1.83556 1.8512 1.86871 1.8881 1.90934 1.93238 1.95708 1.9833 2.01085 2.0395 2.06899 2.09906 2.12943 2.15979 2.18987 2.2194 2.24811 2.27577 2.30218 2.32716 2.35056 2.37225 2.39216 2.41022 2.42638 2.44062 2.45293 2.46331 2.47178 2.47833 2.48299 2.48576 2.48664 2.48563 2.48273 2.47791 2.47116 2.46247 2.45181 2.43918 2.42458 2.40801 2.38952 2.36914 2.34696 2.32309 2.29766 2.27084 2.24283 2.21386 2.18418 2.15406 2.12378 2.09363 2.0639 2.03486 2.00677 1.97987 1.95436 1.93039 1.90812 1.88761 1.86892 1.85207 1.83702 1.82372 1.8121 1.80204 1.79343 1.78615 1.78006 1.77503 1.77093 1.76763 1.76503 1.76301 1.76148 1.76037 1.7596 1.75911 1.75886 1.75881 
1.75205 1.75236 1.75285 1.75355 1.75448 1.75569 1.75724 1.75921 1.76168 1.76477 1.7686 1.77331 1.77904 1.78595 1.79419 1.80391 1.81525 1.82835 1.8433 1.86019 1.87904 1.89987 1.92262 1.94721 1.97351 2.00133 2.03047 2.06068 2.09167 2.12317 2.15486 2.18644 2.21762 2.24811 2.27765 2.30602 2.333 2.35842 2.38215 2.40408 2.42414 2.44227 2.45845 2.47267 2.48494 2.49526 2.50367 2.51018 2.5148 2.51756 2.51846 2.51749 2.51465 2.50992 2.50327 2.49468 2.48411 2.47155 2.45698 2.4404 2.42181 2.40126 2.3788 2.35454 2.3286 2.30114 2.27236 2.24247 2.21174 2.18044 2.14887 2.11733 2.08612 2.05554 2.02587 1.99737 1.97026 1.94474 1.92094 1.89897 1.87891 1.86077 1.84453 1.83015 1.81755 1.80662 1.79725 1.7893 1.78263 1.77712 1.7726 1.76897 1.76608 1.76383 1.76213 1.76087 1.75998 1.75941 1.7591 1.75902 
1.75225 1.75256 1.75308 1.75382 1.75483 1.75614 1.75783 1.75998 1.76269 1.76607 1.77026 1.7754 1.78164 1.78916 1.79811 1.80864 1.82091 1.83504 1.85113 1.86926 1.88944 1.91167 1.93589 1.962 1.98983 2.01919 2.04984 2.08152 2.11392 2.14673 2.17963 2.2123 2.24445 2.27577 2.30602 2.33494 2.36236 2.38811 2.41205 2.4341 2.4542 2.47231 2.48842 2.50254 2.51469 2.5249 2.53319 2.53961 2.54418 2.54691 2.54782 2.54691 2.54415 2.53953 2.53303 2.52459 2.51418 2.50177 2.48732 2.47081 2.45224 2.43163 2.40902 2.3845 2.35818 2.33021 2.30078 2.27011 2.23846 2.2061 2.17336 2.14053 2.10794 2.07592 2.04475 2.01472 1.98608 1.95903 1.93375 1.91036 1.88894 1.86952 1.85211 1.83665 1.82307 1.81127 1.80113 1.79251 1.78527 1.77925 1.77432 1.77034 1.76716 1.76469 1.76279 1.76138 1.76039 1.75973 1.75936 1.75923 
1.75246 1.75277 1.75331 1.75411 1.75519 1.75661 1.75844 1.76077 1.76372 1.76739 1.77194 1.77752 1.78429 1.79241 1.80207 1.81342 1.8266 1.84175 1.85897 1.8783 1.89979 1.92339 1.94903 1.97659 2.00589 2.0367 2.06878 2.10183 2.13552 2.16953 2.20352 2.23717 2.27015 2.30218 2.333 2.36236 2.39009 2.41604 2.44008 2.46214 2.48218 2.50018 2.51614 2.53009 2.54206 2.5521 2.56025 2.56655 2.57103 2.57373 2.57465 2.57378 2.57113 2.56666 2.56033 2.55209 2.5419 2.5297 2.51545 2.4991 2.48065 2.46008 2.43744 2.41278 2.3862 2.35785 2.3279 2.29657 2.26413 2.23085 2.19704 2.16304 2.12919 2.09581 2.06323 2.03176 2.00165 1.97314 1.94643 1.92166 1.89891 1.87825 1.85968 1.84316 1.82861 1.81595 1.80504 1.79575 1.78793 1.78142 1.77607 1.77173 1.76827 1.76555 1.76347 1.76191 1.7608 1.76005 1.75962 1.75946 
1.75267 1.75299 1.75356 1.7544 1.75556 1.75708 1.75906 1.76158 1.76476 1.76873 1.77364 1.77965 1.78694 1.79568 1.80603 1.81818 1.83227 1.84842 1.86672 1.88724 1.90998 1.93489 1.9619 1.99084 2.02152 2.05371 2.08712 2.12143 2.1563 2.1914 2.22636 2.26085 2.29455 2.32716 2.35842 2.38811 2.41604 2.44207 2.46611 2.4881 2.50799 2.5258 2.54154 2.55526 2.567 2.57683 2.58479 2.59094 2.59533 2.59798 2.5989 2.5981 2.59556 2.59125 2.58512 2.57713 2.5672 2.55527 2.54128 2.52517 2.50691 2.48648 2.4639 2.4392 2.41249 2.38387 2.35353 2.32167 2.28856 2.25447 2.21973 2.18468 2.14967 2.11505 2.08116 2.04832 2.01683 1.98694 1.95886 1.93275 1.90873 1.88687 1.86717 1.84961 1.83412 1.8206 1.80894 1.79899 1.79059 1.78359 1.77782 1.77313 1.76938 1.76643 1.76415 1.76245 1.76122 1.76039 1.75989 1.75969 
1.75288 1.7532 1.7538 1.75469 1.75593 1.75757 1.75969 1.76239 1.76581 1.77007 1.77534 1.78178 1.78958 1.79891 1.80995 1.82288 1.83784 1.85496 1.87432 1.89597 1.91991 1.94607 1.97436 2.00461 2.0366 2.07006 2.10469 2.14015 2.1761 2.21216 2.24797 2.28319 2.31748 2.35056 2.38215 2.41205 2.44008 2.46611 2.49006 2.51189 2.53157 2.54912 2.56459 2.57803 2.5895 2.59908 2.60684 2.61282 2.61709 2.61968 2.6206 2.61987 2.61745 2.61332 2.60742 2.59969 2.59006 2.57844 2.56476 2.54896 2.53096 2.51075 2.48831 2.46368 2.43692 2.40815 2.37752 2.34525 2.31159 2.27681 2.24126 2.20528 2.16922 2.13346 2.09836 2.06426 2.03147 2.00028 1.97091 1.94354 1.9183 1.89528 1.87449 1.85593 1.83952 1.82518 1.81279 1.80219 1.79322 1.78574 1.77956 1.77453 1.77049 1.7673 1.76484 1.76298 1.76164 1.76072 1.76016 1.75993 
1.7531 1.75342 1.75405 1.75499 1.7563 1.75804 1.76031 1.7632 1.76684 1.77139 1.77701 1.78387 1.79216 1.80207 1.81378 1.82746 1.84326 1.8613 1.88167 1.90439 1.92947 1.95682 1.98631 2.01777 2.05096 2.08559 2.12134 2.15785 2.19475 2.23167 2.26822 2.30405 2.33882 2.37225 2.40408 2.4341 2.46214 2.4881 2.51189 2.53348 2.55289 2.57015 2.5853 2.59843 2.6096 2.61892 2.62644 2.63224 2.63639 2.63891 2.63983 2.63916 2.63687 2.63293 2.62727 2.61983 2.61051 2.59924 2.58591 2.57045 2.55277 2.53283 2.51061 2.48611 2.4594 2.43056 2.39976 2.36718 2.33307 2.29773 2.26147 2.22467 2.18768 2.1509 2.1147 2.07944 2.04545 2.01304 1.98246 1.9539 1.92751 1.90339 1.88157 1.86205 1.84477 1.82964 1.81653 1.8053 1.7958 1.78784 1.78126 1.7759 1.77158 1.76817 1.76552 1.76351 1.76205 1.76105 1.76043 1.76016 
1.75331 1.75364 1.75429 1.75528 1.75666 1.75851 1.76091 1.76398 1.76785 1.77268 1.77863 1.7859 1.79466 1.80512 1.81746 1.83186 1.84846 1.86737 1.88869 1.91242 1.93856 1.96701 1.99762 2.0302 2.06449 2.10019 2.13694 2.17439 2.21213 2.24979 2.28696 2.3233 2.35847 2.39216 2.42414 2.4542 2.48218 2.50799 2.53157 2.55289 2.57199 2.58891 2.60373 2.61652 2.62738 2.63641 2.64369 2.6493 2.65332 2.65577 2.65669 2.65608 2.65392 2.65017 2.64476 2.63761 2.62863 2.61772 2.60476 2.58967 2.57235 2.55273 2.53078 2.50648 2.47987 2.45105 2.42015 2.38735 2.3529 2.31709 2.28024 2.24272 2.20492 2.16722 2.13003 2.09371 2.05863 2.0251 1.9934 1.96373 1.93627 1.91112 1.88833 1.86791 1.8498 1.83391 1.82013 1.80831 1.79828 1.78988 1.78292 1.77723 1.77264 1.769 1.76618 1.76403 1.76246 1.76137 1.7607 1.76039 
1.75351 1.75385 1.75452 1.75556 1.75702 1.75897 1.7615 1.76474 1.76882 1.77391 1.78019 1.78783 1.79705 1.80803 1.82097 1.83603 1.85337 1.87311 1.8953 1.91997 1.94709 1.97654 2.00818 2.04178 2.07707 2.11372 2.15137 2.18964 2.22813 2.26642 2.30412 2.34087 2.37634 2.41022 2.44227 2.47231 2.50018 2.5258 2.54912 2.57015 2.58891 2.60548 2.61994 2.63239 2.64293 2.65167 2.65871 2.66413 2.66801 2.6704 2.67131 2.67076 2.66873 2.66516 2.66 2.65314 2.6445 2.63395 2.62138 2.60668 2.58973 2.57046 2.54881 2.52475 2.49831 2.46956 2.43863 2.40569 2.37099 2.3348 2.29746 2.25933 2.22081 2.18231 2.14423 2.10697 2.0709 2.03635 2.00362 1.97294 1.94448 1.91838 1.8947 1.87343 1.85454 1.83795 1.82354 1.81116 1.80064 1.79181 1.78449 1.77849 1.77365 1.76981 1.76681 1.76453 1.76285 1.76169 1.76096 1.76061 
1.75371 1.75405 1.75475 1.75583 1.75736 1.7594 1.76206 1.76546 1.76974 1.77508 1.78165 1.78965 1.79928 1.81075 1.82423 1.83992 1.85795 1.87843 1.90143 1.92695 1.95496 1.98533 2.01789 2.0524 2.08858 2.12608 2.16453 2.20352 2.24263 2.28146 2.3196 2.35669 2.39237 2.42638 2.45845 2.48842 2.51614 2.54154 2.56459 2.5853 2.60373 2.61994 2.63405 2.64615 2.65638 2.66484 2.67164 2.67688 2.68063 2.68294 2.68385 2.68336 2.68144 2.67806 2.67313 2.66656 2.65825 2.64806 2.63587 2.62155 2.60498 2.58607 2.56473 2.54094 2.5147 2.48607 2.45516 2.42215 2.38726 2.35077 2.31302 2.27438 2.23525 2.19605 2.15719 2.11909 2.08214 2.04668 2.01302 1.98142 1.95207 1.9251 1.90059 1.87856 1.85896 1.84172 1.82672 1.81382 1.80285 1.79363 1.78597 1.77969 1.77461 1.77056 1.76741 1.765 1.76322 1.76198 1.7612 1.76082 
1.75389 1.75424 1.75496 1.75608 1.75767 1.7598 1.76257 1.76612 1.77059 1.77615 1.783 1.79133 1.80134 1.81324 1.82723 1.84348 1.86213 1.88328 1.907 1.9333 1.96209 1.99328 2.02665 2.06198 2.09894 2.13718 2.17631 2.21592 2.25557 2.29485 2.33335 2.37069 2.40655 2.44062 2.47267 2.50254 2.53009 2.55526 2.57803 2.59843 2.61652 2.63239 2.64615 2.65793 2.66786 2.67605 2.68263 2.68769 2.69131 2.69356 2.69446 2.69402 2.69222 2.689 2.6843 2.678 2.66999 2.66015 2.64832 2.63437 2.61818 2.59961 2.5786 2.55508 2.52906 2.50057 2.46972 2.43668 2.40166 2.36495 2.32687 2.28781 2.24816 2.20835 2.16882 2.12999 2.09226 2.056 2.02152 1.98911 1.95895 1.93121 1.90596 1.88323 1.86299 1.84516 1.82964 1.81626 1.80488 1.7953 1.78733 1.78078 1.77549 1.77126 1.76796 1.76543 1.76357 1.76226 1.76143 1.76102 
1.75406 1.75441 1.75515 1.75631 1.75796 1.76016 1.76304 1.76672 1.77136 1.77713 1.78422 1.79284 1.80319 1.81548 1.82992 1.84666 1.86585 1.88761 1.91197 1.93893 1.96842 2.00031 2.0344 2.07042 2.10805 2.14693 2.18664 2.22677 2.26688 2.30653 2.34531 2.38286 2.41882 2.45293 2.48494 2.51469 2.54206 2.567 2.5895 2.6096 2.62738 2.64293 2.65638 2.66786 2.6775 2.68545 2.69182 2.69672 2.70023 2.70242 2.70331 2.70292 2.70122 2.69816 2.69365 2.6876 2.67988 2.67035 2.65885 2.64525 2.6294 2.61117 2.59046 2.56721 2.54141 2.51307 2.48231 2.44927 2.41417 2.37729 2.33895 2.29953 2.25945 2.21914 2.17904 2.13958 2.10118 2.06422 2.02904 1.99591 1.96505 1.93663 1.91073 1.88738 1.86658 1.84824 1.83224 1.81845 1.8067 1.79679 1.78855 1.78177 1.77628 1.7719 1.76846 1.76583 1.76388 1.76251 1.76164 1.7612 
1.75421 1.75456 1.75532 1.75652 1.75821 1.76049 1.76346 1.76726 1.77204 1.77798 1.78529 1.79416 1.8048 1.81744 1.83225 1.84942 1.86909 1.89135 1.91625 1.94379 1.97387 2.00636 2.04105 2.07766 2.11586 2.15527 2.19547 2.23602 2.2765 2.31644 2.35546 2.39315 2.4292 2.46331 2.49526 2.5249 2.5521 2.57683 2.59908 2.61892 2.63641 2.65167 2.66484 2.67605 2.68545 2.69318 2.69937 2.70413 2.70754 2.70967 2.71056 2.71021 2.70859 2.70566 2.70134 2.6955 2.68803 2.67878 2.66758 2.65429 2.63874 2.62081 2.60038 2.57738 2.55178 2.5236 2.49293 2.45991 2.42476 2.38775 2.3492 2.30951 2.26907 2.22834 2.18777 2.14779 2.10883 2.07128 2.0355 2.00176 1.97031 1.94131 1.91485 1.89099 1.86969 1.8509 1.83451 1.82036 1.80829 1.7981 1.78962 1.78264 1.77698 1.77245 1.7689 1.76618 1.76416 1.76274 1.76182 1.76136 
1.75434 1.7547 1.75547 1.75669 1.75843 1.76077 1.76381 1.76771 1.77261 1.77871 1.78619 1.79527 1.80616 1.81908 1.83421 1.85174 1.87179 1.89447 1.91982 1.94783 1.9784 2.01138 2.04656 2.08364 2.1223 2.16213 2.20272 2.24363 2.28439 2.32457 2.36376 2.40157 2.43767 2.47178 2.50367 2.53319 2.56025 2.58479 2.60684 2.62644 2.64369 2.65871 2.67164 2.68263 2.69182 2.69937 2.70541 2.71004 2.71337 2.71545 2.71633 2.71602 2.71448 2.71166 2.70748 2.70183 2.69457 2.68555 2.67461 2.66157 2.64629 2.62861 2.60842 2.58563 2.56021 2.53217 2.50158 2.46859 2.43341 2.39631 2.35761 2.31769 2.27698 2.23592 2.19496 2.15455 2.11514 2.07712 2.04084 2.00662 1.97467 1.94519 1.91828 1.89399 1.87229 1.85314 1.83641 1.82196 1.80962 1.79921 1.79053 1.78338 1.77757 1.77293 1.76928 1.76648 1.7644 1.76293 1.76198 1.7615 
1.75445 1.75481 1.75559 1.75684 1.75861 1.76099 1.7641 1.76808 1.77308 1.77929 1.78691 1.79616 1.80725 1.82038 1.83577 1.85357 1.87393 1.89694 1.92264 1.951 1.98195 2.01531 2.05086 2.08832 2.12733 2.16749 2.20838 2.24954 2.29053 2.33089 2.37021 2.4081 2.44423 2.47833 2.51018 2.53961 2.56655 2.59094 2.61282 2.63224 2.6493 2.66413 2.67688 2.68769 2.69672 2.70413 2.71004 2.71458 2.71784 2.71989 2.72077 2.72048 2.719 2.71627 2.71221 2.7067 2.69961 2.69077 2.68002 2.6672 2.65212 2.63464 2.61464 2.59202 2.56674 2.5388 2.50829 2.47533 2.44013 2.40295 2.36414 2.32405 2.28313 2.24181 2.20056 2.15983 2.12007 2.08168 2.04503 2.01042 1.9781 1.94825 1.92099 1.89636 1.87435 1.8549 1.83791 1.82323 1.81068 1.80009 1.79125 1.78397 1.77805 1.77331 1.76958 1.76672 1.76459 1.76308 1.76211 1.76162 
1.75453 1.75489 1.75569 1.75695 1.75875 1.76116 1.76432 1.76835 1.77342 1.77972 1.78745 1.79682 1.80804 1.82134 1.8369 1.8549 1.87547 1.89871 1.92466 1.95328 1.98449 2.01812 2.05394 2.09165 2.1309 2.1713 2.21239 2.25374 2.29488 2.33537 2.37478 2.41273 2.4489 2.48299 2.5148 2.54418 2.57103 2.59533 2.61709 2.63639 2.65332 2.66801 2.68063 2.69131 2.70023 2.70754 2.71337 2.71784 2.72106 2.72308 2.72395 2.72368 2.72225 2.71958 2.7156 2.7102 2.70322 2.69451 2.68391 2.67122 2.65629 2.63895 2.61908 2.59657 2.57139 2.54353 2.51306 2.48012 2.4449 2.40768 2.36877 2.32857 2.2875 2.246 2.20454 2.16359 2.12358 2.08493 2.04802 2.01314 1.98055 1.95045 1.92293 1.89806 1.87583 1.85618 1.839 1.82415 1.81146 1.80073 1.79178 1.7844 1.7784 1.77359 1.76981 1.7669 1.76474 1.7632 1.76221 1.76171 
1.75459 1.75495 1.75575 1.75702 1.75884 1.76128 1.76446 1.76853 1.77364 1.78 1.78779 1.79723 1.80854 1.82193 1.83759 1.85571 1.87641 1.89978 1.92587 1.95464 1.986 2.01978 2.05575 2.09362 2.13301 2.17353 2.21475 2.25621 2.29744 2.33801 2.37748 2.41547 2.45166 2.48576 2.51756 2.54691 2.57373 2.59798 2.61968 2.63891 2.65577 2.6704 2.68294 2.69356 2.70242 2.70967 2.71545 2.71989 2.72308 2.72509 2.72597 2.72571 2.72429 2.72167 2.71774 2.71239 2.70547 2.69684 2.68631 2.6737 2.65884 2.64158 2.62177 2.59932 2.57418 2.54636 2.51591 2.48296 2.44773 2.41047 2.37151 2.33123 2.29007 2.24846 2.20688 2.16579 2.12565 2.08685 2.04978 2.01475 1.98201 1.95175 1.92409 1.89909 1.87673 1.85696 1.83967 1.82472 1.81194 1.80114 1.79211 1.78468 1.77862 1.77377 1.76996 1.76702 1.76483 1.76328 1.76228 1.76177 
