1.46525 1.46558 1.46591 1.46622 1.46652 1.4668 1.46705 1.46729 1.4675 1.46769 1.46786 1.468 1.46812 1.46823 1.46832 1.46839 1.46845 1.4685 1.46854 1.46858 1.46861 1.46864 1.46867 1.4687 1.46873 1.46876 1.4688 1.46884 1.46889 1.46894 1.469 1.46907 1.46914 1.46922 1.46931 1.4694 1.4695 1.46961 1.46971 1.46982 1.46993 1.47003 1.47013 1.47023 1.47032 1.4704 1.47047 1.47053 1.47057 1.4706 1.47062 1.47062 1.47061 1.47058 1.47054 1.47049 1.47042 1.47035 1.47026 1.47017 1.47007 1.46997 1.46987 1.46976 1.46966 1.46956 1.46946 1.46937 1.46928 1.4692 1.46912 1.46906 1.46899 1.46894 1.4689 1.46886 1.46882 1.4688 1.46878 1.46877 1.46877 1.46878 1.4688 1.46883 1.46888 1.46894 1.46901 1.46911 1.46922 1.46936 1.46952 1.46971 1.46992 1.47016 1.47042 1.4707 1.471 1.47131 1.47163 1.47196 
1.46558 1.46592 1.46624 1.46655 1.46685 1.46713 1.46738 1.46762 1.46783 1.46802 1.46819 1.46833 1.46845 1.46856 1.46865 1.46872 1.46878 1.46883 1.46887 1.46891 1.46894 1.46897 1.469 1.46902 1.46905 1.46908 1.46912 1.46916 1.46921 1.46926 1.46932 1.46938 1.46946 1.46954 1.46963 1.46972 1.46982 1.46992 1.47003 1.47014 1.47025 1.47036 1.47046 1.47056 1.47065 1.47073 1.4708 1.47086 1.47091 1.47094 1.47096 1.47096 1.47095 1.47092 1.47088 1.47082 1.47076 1.47068 1.47059 1.4705 1.4704 1.4703 1.47019 1.47008 1.46998 1.46988 1.46978 1.46968 1.4696 1.46952 1.46944 1.46937 1.46931 1.46926 1.46922 1.46918 1.46915 1.46912 1.46911 1.4691 1.4691 1.46911 1.46913 1.46916 1.4692 1.46926 1.46934 1.46944 1.46955 1.46969 1.46985 1.47004 1.47025 1.47049 1.47075 1.47103 1.47133 1.47164 1.47196 1.47229 
1.46591 1.46624 1.46656 1.46687 1.46717 1.46745 1.46771 1.46794 1.46815 1.46834 1.46851 1.46865 1.46878 1.46888 1.46897 1.46904 1.4691 1.46915 1.4692 1.46923 1.46927 1.4693 1.46932 1.46935 1.46939 1.46942 1.46946 1.46951 1.46956 1.46962 1.46969 1.46976 1.46985 1.46994 1.47004 1.47015 1.47026 1.47038 1.47051 1.47063 1.47076 1.47088 1.471 1.47111 1.47122 1.47131 1.47139 1.47146 1.47152 1.47155 1.47157 1.47157 1.47156 1.47153 1.47148 1.47142 1.47134 1.47125 1.47115 1.47104 1.47092 1.4708 1.47068 1.47056 1.47044 1.47032 1.47021 1.4701 1.47 1.46991 1.46982 1.46974 1.46968 1.46962 1.46957 1.46952 1.46949 1.46946 1.46944 1.46943 1.46943 1.46944 1.46945 1.46949 1.46953 1.46959 1.46967 1.46976 1.46988 1.47002 1.47018 1.47036 1.47058 1.47081 1.47107 1.47135 1.47165 1.47196 1.47229 1.47262 
1.46622 1.46655 1.46687 1.46719 1.46748 1.46776 1.46802 1.46825 1.46847 1.46865 1.46882 1.46896 1.46909 1.46919 1.46928 1.46936 1.46942 1.46947 1.46951 1.46955 1.46959 1.46962 1.46966 1.46969 1.46973 1.46977 1.46982 1.46988 1.46995 1.47003 1.47011 1.47021 1.47032 1.47043 1.47056 1.4707 1.47085 1.471 1.47116 1.47131 1.47147 1.47163 1.47178 1.47192 1.47206 1.47217 1.47228 1.47236 1.47243 1.47247 1.4725 1.4725 1.47248 1.47244 1.47237 1.47229 1.47219 1.47208 1.47195 1.47181 1.47167 1.47151 1.47136 1.4712 1.47105 1.4709 1.47076 1.47062 1.4705 1.47038 1.47027 1.47017 1.47009 1.47001 1.46994 1.46989 1.46984 1.46981 1.46978 1.46976 1.46976 1.46976 1.46978 1.46981 1.46985 1.46991 1.46998 1.47008 1.47019 1.47033 1.47049 1.47068 1.47089 1.47112 1.47138 1.47166 1.47196 1.47227 1.4726 1.47293 
1.46652 1.46685 1.46717 1.46748 1.46778 1.46806 1.46832 1.46855 1.46876 1.46895 1.46912 1.46926 1.46939 1.46949 1.46958 1.46966 1.46972 1.46977 1.46982 1.46986 1.46991 1.46995 1.46999 1.47003 1.47008 1.47014 1.47021 1.47029 1.47038 1.47048 1.4706 1.47073 1.47088 1.47104 1.47122 1.4714 1.4716 1.4718 1.47201 1.47223 1.47244 1.47265 1.47285 1.47304 1.47321 1.47337 1.4735 1.47362 1.4737 1.47376 1.47379 1.47379 1.47376 1.4737 1.47362 1.47351 1.47337 1.47322 1.47305 1.47286 1.47267 1.47246 1.47226 1.47205 1.47185 1.47165 1.47145 1.47127 1.4711 1.47094 1.4708 1.47067 1.47055 1.47045 1.47036 1.47028 1.47022 1.47017 1.47013 1.4701 1.47009 1.47008 1.47009 1.47012 1.47016 1.47021 1.47028 1.47038 1.47049 1.47063 1.47079 1.47098 1.47119 1.47142 1.47168 1.47196 1.47226 1.47257 1.47289 1.47322 
1.4668 1.46713 1.46745 1.46776 1.46806 1.46834 1.46859 1.46883 1.46904 1.46923 1.4694 1.46954 1.46967 1.46977 1.46986 1.46994 1.47001 1.47007 1.47012 1.47017 1.47022 1.47027 1.47032 1.47038 1.47045 1.47054 1.47063 1.47074 1.47087 1.47101 1.47118 1.47136 1.47157 1.47179 1.47203 1.47229 1.47256 1.47285 1.47313 1.47343 1.47372 1.474 1.47427 1.47453 1.47477 1.47498 1.47516 1.47531 1.47542 1.4755 1.47554 1.47553 1.47549 1.47541 1.4753 1.47514 1.47496 1.47475 1.47452 1.47426 1.47399 1.47372 1.47343 1.47315 1.47287 1.47259 1.47233 1.47208 1.47184 1.47163 1.47143 1.47125 1.47108 1.47094 1.47082 1.47071 1.47062 1.47054 1.47049 1.47044 1.47041 1.4704 1.4704 1.47042 1.47045 1.4705 1.47057 1.47066 1.47077 1.47091 1.47107 1.47126 1.47147 1.4717 1.47196 1.47224 1.47254 1.47285 1.47317 1.4735 
1.46705 1.46738 1.46771 1.46802 1.46832 1.46859 1.46885 1.46909 1.4693 1.46949 1.46966 1.4698 1.46993 1.47004 1.47013 1.47021 1.47028 1.47035 1.4704 1.47046 1.47052 1.47059 1.47066 1.47075 1.47085 1.47096 1.4711 1.47126 1.47144 1.47164 1.47188 1.47214 1.47242 1.47274 1.47307 1.47343 1.47381 1.4742 1.4746 1.475 1.47539 1.47578 1.47615 1.4765 1.47682 1.47711 1.47736 1.47756 1.47771 1.47781 1.47786 1.47785 1.47779 1.47768 1.47752 1.47731 1.47706 1.47677 1.47645 1.4761 1.47573 1.47535 1.47496 1.47457 1.47418 1.4738 1.47344 1.47309 1.47277 1.47247 1.47219 1.47194 1.47171 1.47151 1.47133 1.47118 1.47105 1.47095 1.47086 1.47079 1.47075 1.47072 1.47071 1.47071 1.47074 1.47078 1.47085 1.47093 1.47104 1.47117 1.47133 1.47152 1.47173 1.47196 1.47222 1.4725 1.47279 1.47311 1.47343 1.47376 
1.46729 1.46762 1.46794 1.46825 1.46855 1.46883 1.46909 1.46932 1.46954 1.46973 1.46989 1.47004 1.47017 1.47028 1.47038 1.47046 1.47054 1.47061 1.47068 1.47076 1.47083 1.47092 1.47102 1.47114 1.47128 1.47144 1.47164 1.47186 1.47211 1.4724 1.47273 1.4731 1.4735 1.47393 1.4744 1.47489 1.47541 1.47595 1.4765 1.47704 1.47759 1.47811 1.47862 1.47909 1.47953 1.47991 1.48024 1.48051 1.48071 1.48085 1.48091 1.4809 1.48081 1.48066 1.48043 1.48015 1.4798 1.47941 1.47897 1.47849 1.47799 1.47747 1.47694 1.4764 1.47587 1.47535 1.47485 1.47438 1.47393 1.47351 1.47312 1.47278 1.47246 1.47218 1.47194 1.47172 1.47154 1.47139 1.47126 1.47116 1.47109 1.47104 1.47101 1.471 1.47101 1.47105 1.4711 1.47118 1.47129 1.47142 1.47157 1.47176 1.47196 1.4722 1.47245 1.47273 1.47303 1.47334 1.47367 1.474 
1.4675 1.46783 1.46815 1.46847 1.46876 1.46904 1.4693 1.46954 1.46975 1.46994 1.47011 1.47026 1.47039 1.4705 1.47061 1.4707 1.47079 1.47087 1.47096 1.47105 1.47115 1.47127 1.47141 1.47158 1.47177 1.472 1.47227 1.47258 1.47294 1.47335 1.4738 1.47431 1.47486 1.47546 1.4761 1.47678 1.47749 1.47822 1.47896 1.4797 1.48043 1.48115 1.48182 1.48246 1.48304 1.48355 1.48399 1.48435 1.48461 1.48479 1.48487 1.48485 1.48473 1.48452 1.48421 1.48383 1.48336 1.48283 1.48223 1.48159 1.48091 1.48021 1.47948 1.47876 1.47804 1.47733 1.47665 1.476 1.47539 1.47482 1.47429 1.47381 1.47338 1.47299 1.47265 1.47235 1.4721 1.47188 1.47171 1.47156 1.47145 1.47137 1.47131 1.47128 1.47128 1.4713 1.47135 1.47142 1.47152 1.47164 1.4718 1.47198 1.47218 1.47241 1.47267 1.47295 1.47324 1.47355 1.47388 1.47421 
1.46769 1.46802 1.46834 1.46865 1.46895 1.46923 1.46949 1.46973 1.46994 1.47013 1.4703 1.47046 1.47059 1.47071 1.47082 1.47092 1.47102 1.47112 1.47123 1.47135 1.47149 1.47165 1.47185 1.47208 1.47235 1.47267 1.47304 1.47348 1.47397 1.47453 1.47516 1.47585 1.4766 1.47742 1.47829 1.47921 1.48016 1.48114 1.48214 1.48313 1.48411 1.48505 1.48595 1.48679 1.48756 1.48823 1.48881 1.48928 1.48963 1.48985 1.48995 1.48992 1.48976 1.48947 1.48906 1.48855 1.48793 1.48721 1.48642 1.48557 1.48466 1.48371 1.48275 1.48178 1.48081 1.47987 1.47895 1.47808 1.47725 1.47647 1.47576 1.4751 1.47451 1.47399 1.47352 1.47311 1.47276 1.47246 1.47221 1.472 1.47184 1.47171 1.47162 1.47157 1.47154 1.47155 1.47158 1.47164 1.47173 1.47185 1.472 1.47217 1.47238 1.47261 1.47286 1.47314 1.47343 1.47374 1.47407 1.4744 
1.46786 1.46819 1.46851 1.46882 1.46912 1.4694 1.46966 1.46989 1.47011 1.4703 1.47048 1.47063 1.47077 1.4709 1.47102 1.47114 1.47126 1.47138 1.47152 1.47168 1.47187 1.47209 1.47235 1.47267 1.47305 1.47349 1.474 1.47459 1.47527 1.47603 1.47688 1.47781 1.47883 1.47993 1.4811 1.48232 1.48359 1.48489 1.4862 1.48751 1.4888 1.49004 1.49122 1.49232 1.49331 1.49419 1.49494 1.49555 1.49599 1.49628 1.4964 1.49635 1.49614 1.49576 1.49522 1.49454 1.49372 1.49278 1.49174 1.49061 1.48942 1.48818 1.4869 1.48562 1.48434 1.48309 1.48187 1.4807 1.4796 1.47856 1.47761 1.47673 1.47593 1.47522 1.47459 1.47403 1.47355 1.47314 1.4728 1.47251 1.47228 1.4721 1.47196 1.47187 1.47181 1.47179 1.4718 1.47185 1.47193 1.47204 1.47218 1.47235 1.47255 1.47278 1.47303 1.47331 1.4736 1.47391 1.47423 1.47456 
1.468 1.46833 1.46865 1.46896 1.46926 1.46954 1.4698 1.47004 1.47026 1.47046 1.47063 1.4708 1.47094 1.47108 1.47122 1.47135 1.47149 1.47165 1.47183 1.47204 1.4723 1.4726 1.47296 1.47339 1.4739 1.4745 1.4752 1.476 1.47691 1.47794 1.47907 1.48032 1.48168 1.48313 1.48467 1.48628 1.48794 1.48964 1.49136 1.49306 1.49473 1.49634 1.49786 1.49928 1.50056 1.50169 1.50264 1.50341 1.50398 1.50434 1.50449 1.50442 1.50413 1.50363 1.50294 1.50205 1.50099 1.49978 1.49843 1.49696 1.49541 1.49379 1.49213 1.49046 1.48879 1.48715 1.48555 1.48402 1.48257 1.4812 1.47993 1.47877 1.47771 1.47676 1.47592 1.47517 1.47453 1.47397 1.4735 1.47311 1.47279 1.47253 1.47233 1.47219 1.47209 1.47204 1.47203 1.47206 1.47212 1.47222 1.47235 1.47251 1.47271 1.47293 1.47318 1.47345 1.47375 1.47406 1.47438 1.47471 
1.46812 1.46845 1.46878 1.46909 1.46939 1.46967 1.46993 1.47017 1.47039 1.47059 1.47077 1.47094 1.4711 1.47126 1.47141 1.47157 1.47175 1.47195 1.47219 1.47247 1.47281 1.47321 1.4737 1.47429 1.47498 1.47578 1.47672 1.47779 1.479 1.48035 1.48185 1.4835 1.48527 1.48717 1.48917 1.49126 1.49342 1.49561 1.49782 1.50001 1.50214 1.5042 1.50614 1.50793 1.50956 1.51098 1.51219 1.51316 1.51387 1.51432 1.5145 1.5144 1.51403 1.51339 1.51249 1.51136 1.51 1.50845 1.50672 1.50485 1.50286 1.50079 1.49866 1.4965 1.49435 1.49223 1.49016 1.48818 1.48629 1.48451 1.48285 1.48133 1.47994 1.47869 1.47757 1.47658 1.47573 1.47499 1.47436 1.47383 1.47339 1.47304 1.47276 1.47255 1.4724 1.4723 1.47226 1.47226 1.4723 1.47238 1.4725 1.47266 1.47285 1.47307 1.47331 1.47358 1.47387 1.47418 1.4745 1.47483 
1.46823 1.46856 1.46888 1.46919 1.46949 1.46977 1.47004 1.47028 1.4705 1.47071 1.4709 1.47108 1.47126 1.47143 1.47161 1.47181 1.47203 1.47229 1.4726 1.47297 1.47342 1.47397 1.47462 1.4754 1.47632 1.47739 1.47862 1.48003 1.48162 1.4834 1.48535 1.48748 1.48978 1.49223 1.4948 1.49748 1.50023 1.50302 1.50582 1.50859 1.51129 1.51387 1.51631 1.51856 1.52059 1.52237 1.52388 1.52508 1.52596 1.52651 1.52672 1.52658 1.52611 1.5253 1.52417 1.52274 1.52103 1.51907 1.51689 1.51453 1.51202 1.50939 1.50669 1.50396 1.50122 1.49852 1.49588 1.49333 1.49091 1.48862 1.48648 1.48451 1.48271 1.48108 1.47963 1.47834 1.47721 1.47624 1.4754 1.4747 1.47412 1.47364 1.47326 1.47296 1.47274 1.47259 1.4725 1.47247 1.47249 1.47255 1.47265 1.4728 1.47297 1.47319 1.47343 1.47369 1.47398 1.47429 1.47461 1.47494 
1.46832 1.46865 1.46897 1.46928 1.46958 1.46986 1.47013 1.47038 1.47061 1.47082 1.47102 1.47122 1.47141 1.47161 1.47183 1.47207 1.47235 1.47269 1.47309 1.47359 1.47418 1.4749 1.47577 1.47679 1.478 1.4794 1.48102 1.48285 1.48491 1.4872 1.48971 1.49244 1.49537 1.49849 1.50175 1.50513 1.5086 1.51211 1.51561 1.51906 1.52242 1.52563 1.52865 1.53143 1.53394 1.53613 1.53798 1.53945 1.54053 1.54119 1.54144 1.54126 1.54066 1.53965 1.53824 1.53646 1.53434 1.53191 1.5292 1.52626 1.52312 1.51985 1.51647 1.51304 1.50961 1.50621 1.50288 1.49967 1.49659 1.49369 1.49097 1.48845 1.48614 1.48405 1.48217 1.48051 1.47905 1.47778 1.47669 1.47577 1.475 1.47436 1.47385 1.47345 1.47314 1.47292 1.47278 1.4727 1.47268 1.47271 1.4728 1.47292 1.47309 1.47329 1.47353 1.47379 1.47408 1.47438 1.4747 1.47503 
1.46839 1.46872 1.46904 1.46936 1.46966 1.46994 1.47021 1.47046 1.4707 1.47092 1.47114 1.47135 1.47157 1.47181 1.47207 1.47237 1.47273 1.47317 1.4737 1.47434 1.47512 1.47607 1.4772 1.47854 1.4801 1.48192 1.48399 1.48635 1.48898 1.4919 1.49509 1.49854 1.50223 1.50614 1.51022 1.51444 1.51874 1.52309 1.52742 1.53167 1.53579 1.53973 1.54342 1.54681 1.54986 1.55252 1.55476 1.55654 1.55783 1.55863 1.55891 1.55868 1.55794 1.55669 1.55497 1.55279 1.55019 1.54721 1.54389 1.54028 1.53642 1.53239 1.52822 1.52399 1.51973 1.51551 1.51137 1.50736 1.50351 1.49986 1.49644 1.49326 1.49034 1.48769 1.4853 1.48318 1.48131 1.47968 1.47827 1.47708 1.47608 1.47525 1.47457 1.47403 1.47361 1.4733 1.47308 1.47295 1.47289 1.47289 1.47294 1.47305 1.4732 1.47339 1.47362 1.47388 1.47416 1.47446 1.47478 1.4751 
1.46845 1.46878 1.4691 1.46942 1.46972 1.47001 1.47028 1.47054 1.47079 1.47102 1.47126 1.47149 1.47175 1.47203 1.47235 1.47273 1.47319 1.47375 1.47444 1.47527 1.47629 1.47751 1.47897 1.48069 1.4827 1.48502 1.48767 1.49065 1.49398 1.49764 1.50164 1.50595 1.51054 1.51537 1.52041 1.5256 1.53088 1.53619 1.54147 1.54664 1.55163 1.55639 1.56084 1.56492 1.56859 1.57178 1.57445 1.57657 1.57811 1.57904 1.57937 1.57907 1.57817 1.57666 1.57458 1.57195 1.56881 1.56521 1.56119 1.55681 1.55214 1.54724 1.54216 1.53699 1.53179 1.52661 1.52153 1.51658 1.51183 1.50731 1.50306 1.4991 1.49545 1.49212 1.48912 1.48644 1.48407 1.482 1.48021 1.47868 1.47739 1.47632 1.47544 1.47473 1.47418 1.47375 1.47344 1.47324 1.47312 1.47307 1.4731 1.47318 1.47331 1.47349 1.47371 1.47395 1.47423 1.47453 1.47484 1.47516 
1.4685 1.46883 1.46915 1.46947 1.46977 1.47007 1.47035 1.47061 1.47087 1.47112 1.47138 1.47165 1.47195 1.47229 1.47269 1.47317 1.47375 1.47447 1.47535 1.47643 1.47773 1.4793 1.48116 1.48335 1.48589 1.48882 1.49214 1.49588 1.50002 1.50458 1.50952 1.51483 1.52046 1.52638 1.53252 1.53882 1.54521 1.55162 1.55796 1.56416 1.57014 1.57581 1.58111 1.58596 1.59029 1.59407 1.59722 1.59971 1.60152 1.60261 1.60298 1.60261 1.60153 1.59973 1.59725 1.59412 1.59038 1.58608 1.58129 1.57606 1.57046 1.56458 1.55848 1.55226 1.54597 1.5397 1.53353 1.52751 1.52171 1.51618 1.51096 1.50608 1.50157 1.49745 1.49372 1.49037 1.48741 1.48481 1.48256 1.48063 1.47899 1.47762 1.47649 1.47558 1.47485 1.47429 1.47387 1.47357 1.47338 1.47328 1.47327 1.47331 1.47342 1.47358 1.47379 1.47402 1.47429 1.47459 1.4749 1.47522 
1.46854 1.46887 1.4692 1.46951 1.46982 1.47012 1.4704 1.47068 1.47096 1.47123 1.47152 1.47183 1.47219 1.4726 1.47309 1.4737 1.47444 1.47535 1.47647 1.47784 1.4795 1.48148 1.48383 1.48658 1.48976 1.49341 1.49754 1.50216 1.50726 1.51285 1.51889 1.52535 1.53218 1.53932 1.54671 1.55426 1.5619 1.56953 1.57706 1.5844 1.59145 1.59813 1.60435 1.61004 1.61511 1.61951 1.62318 1.62608 1.62817 1.62943 1.62984 1.6294 1.62811 1.626 1.62309 1.61941 1.61501 1.60996 1.60431 1.59815 1.59154 1.58457 1.57734 1.56993 1.56244 1.55495 1.54754 1.54031 1.53331 1.52662 1.52028 1.51435 1.50884 1.50379 1.49921 1.49508 1.49142 1.48819 1.48539 1.48297 1.48092 1.4792 1.47777 1.4766 1.47567 1.47494 1.47438 1.47397 1.47369 1.47353 1.47346 1.47346 1.47354 1.47368 1.47387 1.47409 1.47435 1.47464 1.47494 1.47526 
1.46858 1.46891 1.46923 1.46955 1.46986 1.47017 1.47046 1.47076 1.47105 1.47135 1.47168 1.47204 1.47247 1.47297 1.47359 1.47434 1.47527 1.47643 1.47784 1.47956 1.48164 1.48412 1.48705 1.49047 1.49441 1.4989 1.50396 1.50961 1.51582 1.52259 1.52987 1.53764 1.54581 1.55433 1.56311 1.57206 1.58107 1.59004 1.59887 1.60745 1.61567 1.62344 1.63065 1.63722 1.64308 1.64814 1.65236 1.65569 1.65808 1.65951 1.65997 1.65945 1.65795 1.6555 1.65212 1.64786 1.64277 1.6369 1.63034 1.62316 1.61545 1.60731 1.59884 1.59014 1.58131 1.57246 1.56369 1.5551 1.54676 1.53876 1.53116 1.52402 1.51737 1.51126 1.50568 1.50066 1.49617 1.49222 1.48876 1.48578 1.48323 1.48109 1.4793 1.47783 1.47665 1.47571 1.47498 1.47444 1.47406 1.47381 1.47367 1.47363 1.47367 1.47378 1.47395 1.47416 1.47441 1.47469 1.47499 1.4753 
1.46861 1.46894 1.46927 1.46959 1.46991 1.47022 1.47052 1.47083 1.47115 1.47149 1.47187 1.4723 1.47281 1.47342 1.47418 1.47512 1.47629 1.47773 1.4795 1.48164 1.48422 1.48729 1.4909 1.49509 1.49991 1.50538 1.51152 1.51833 1.5258 1.53391 1.5426 1.55182 1.56149 1.57153 1.58183 1.59229 1.6028 1.61322 1.62344 1.63334 1.6428 1.65172 1.65997 1.66748 1.67415 1.67992 1.68471 1.68847 1.69118 1.69279 1.69329 1.69268 1.69096 1.68816 1.6843 1.67943 1.67361 1.66689 1.65936 1.65111 1.64224 1.63284 1.62304 1.61294 1.60267 1.59234 1.58208 1.57198 1.56216 1.55271 1.54369 1.5352 1.52726 1.51994 1.51324 1.50718 1.50176 1.49695 1.49274 1.4891 1.48597 1.48333 1.48112 1.47929 1.47781 1.47663 1.47571 1.47501 1.47449 1.47414 1.47393 1.47383 1.47382 1.4739 1.47404 1.47423 1.47446 1.47473 1.47503 1.47534 
1.46864 1.46897 1.4693 1.46962 1.46995 1.47027 1.47059 1.47092 1.47127 1.47165 1.47209 1.4726 1.47321 1.47397 1.4749 1.47607 1.47751 1.4793 1.48148 1.48412 1.48729 1.49105 1.49544 1.50054 1.50636 1.51294 1.5203 1.52843 1.53731 1.5469 1.55714 1.56796 1.57927 1.59096 1.60291 1.615 1.6271 1.63906 1.65075 1.66204 1.67279 1.68289 1.69223 1.7007 1.70821 1.71468 1.72005 1.72426 1.72728 1.72907 1.72962 1.72892 1.72698 1.72382 1.71947 1.71398 1.7074 1.69981 1.69129 1.68193 1.67183 1.66112 1.64991 1.63834 1.62653 1.61462 1.60274 1.59103 1.57959 1.56853 1.55797 1.54797 1.5386 1.52992 1.52196 1.51473 1.50824 1.50247 1.49739 1.49298 1.48919 1.48597 1.48326 1.48102 1.47919 1.47772 1.47656 1.47567 1.47501 1.47454 1.47423 1.47406 1.47399 1.47403 1.47413 1.4743 1.47452 1.47478 1.47506 1.47537 
1.46867 1.469 1.46932 1.46966 1.46999 1.47032 1.47066 1.47102 1.47141 1.47185 1.47235 1.47296 1.4737 1.47462 1.47577 1.4772 1.47897 1.48116 1.48383 1.48705 1.4909 1.49544 1.50075 1.50686 1.51382 1.52166 1.53038 1.53997 1.5504 1.56162 1.57356 1.58612 1.59918 1.61264 1.62634 1.64015 1.65391 1.66748 1.68069 1.6934 1.70548 1.71679 1.72722 1.73665 1.745 1.75218 1.75813 1.76279 1.76611 1.76808 1.76868 1.76789 1.76573 1.76221 1.75738 1.75127 1.74394 1.73547 1.72594 1.71545 1.70411 1.69204 1.67938 1.66627 1.65285 1.63927 1.62569 1.61224 1.59906 1.58629 1.57403 1.56239 1.55145 1.54127 1.5319 1.52337 1.51568 1.50882 1.50277 1.49749 1.49293 1.48905 1.48577 1.48305 1.48081 1.47901 1.47757 1.47646 1.47561 1.475 1.47458 1.47432 1.47419 1.47417 1.47425 1.47439 1.47459 1.47483 1.4751 1.4754 
1.4687 1.46902 1.46935 1.46969 1.47003 1.47038 1.47075 1.47114 1.47158 1.47208 1.47267 1.47339 1.47429 1.4754 1.47679 1.47854 1.48069 1.48335 1.48658 1.49047 1.49509 1.50054 1.50686 1.51412 1.52235 1.53157 1.5418 1.553 1.56512 1.57811 1.59186 1.60627 1.6212 1.63652 1.65205 1.66765 1.68313 1.69833 1.71309 1.72724 1.74064 1.75316 1.76467 1.77505 1.78422 1.79209 1.7986 1.80368 1.80731 1.80945 1.81009 1.80922 1.80684 1.80299 1.79768 1.79097 1.78291 1.77357 1.76304 1.75143 1.73885 1.72542 1.71128 1.6966 1.68152 1.66622 1.65085 1.63558 1.62056 1.60596 1.59189 1.57848 1.56583 1.55403 1.54312 1.53314 1.52412 1.51605 1.5089 1.50265 1.49723 1.49259 1.48867 1.4854 1.48269 1.4805 1.47875 1.47737 1.47632 1.47554 1.47499 1.47463 1.47442 1.47435 1.47437 1.47448 1.47466 1.47488 1.47514 1.47543 
1.46873 1.46905 1.46939 1.46973 1.47008 1.47045 1.47085 1.47128 1.47177 1.47235 1.47305 1.4739 1.47498 1.47632 1.478 1.4801 1.4827 1.48589 1.48976 1.49441 1.49991 1.50636 1.51382 1.52235 1.53198 1.54273 1.55459 1.56752 1.58146 1.59633 1.61201 1.62837 1.64525 1.66249 1.67991 1.69732 1.71454 1.73139 1.74768 1.76326 1.77796 1.79165 1.8042 1.8155 1.82545 1.83397 1.84101 1.8465 1.85041 1.85272 1.8534 1.85245 1.84988 1.8457 1.83995 1.83267 1.82391 1.81375 1.80226 1.78956 1.77575 1.76098 1.74538 1.72912 1.71237 1.69531 1.67811 1.66096 1.64403 1.6275 1.61152 1.59623 1.58176 1.5682 1.55562 1.54408 1.53361 1.5242 1.51584 1.5085 1.50212 1.49664 1.49199 1.48809 1.48486 1.48222 1.48011 1.47843 1.47714 1.47617 1.47547 1.47499 1.47469 1.47455 1.47452 1.47459 1.47473 1.47494 1.47519 1.47547 
1.46876 1.46908 1.46942 1.46977 1.47014 1.47054 1.47096 1.47144 1.472 1.47267 1.47349 1.4745 1.47578 1.47739 1.4794 1.48192 1.48502 1.48882 1.49341 1.4989 1.50538 1.51294 1.52166 1.53157 1.54273 1.55512 1.56874 1.58352 1.59939 1.61624 1.63393 1.65231 1.67119 1.69039 1.70971 1.72895 1.74789 1.76636 1.78416 1.80111 1.81706 1.83186 1.84539 1.85754 1.86822 1.87734 1.88486 1.89072 1.89489 1.89735 1.89807 1.89705 1.8943 1.88984 1.88369 1.87589 1.86649 1.85556 1.84318 1.82944 1.81447 1.7984 1.78138 1.76357 1.74516 1.72634 1.70729 1.68823 1.66934 1.65082 1.63285 1.6156 1.59919 1.58377 1.56941 1.55619 1.54414 1.53328 1.5236 1.51507 1.50763 1.50121 1.49575 1.49115 1.48733 1.48419 1.48166 1.47965 1.47809 1.4769 1.47602 1.4754 1.475 1.47477 1.47469 1.47471 1.47482 1.47501 1.47524 1.47551 
1.4688 1.46912 1.46946 1.46982 1.47021 1.47063 1.4711 1.47164 1.47227 1.47304 1.474 1.4752 1.47672 1.47862 1.48102 1.48399 1.48767 1.49214 1.49754 1.50396 1.51152 1.5203 1.53038 1.5418 1.55459 1.56874 1.58422 1.60095 1.61883 1.63773 1.65749 1.67792 1.69883 1.72 1.74121 1.76224 1.78287 1.8029 1.82212 1.84037 1.85748 1.87331 1.88774 1.90066 1.91199 1.92165 1.9296 1.93578 1.94018 1.94276 1.94352 1.94245 1.93956 1.93485 1.92835 1.92009 1.91013 1.89851 1.88531 1.87063 1.85458 1.83729 1.81891 1.79962 1.7796 1.75904 1.73817 1.71719 1.69632 1.67578 1.65577 1.63648 1.61807 1.60068 1.58445 1.56943 1.55571 1.54329 1.53218 1.52235 1.51376 1.50632 1.49996 1.49459 1.49011 1.48642 1.48343 1.48104 1.47916 1.47772 1.47665 1.47588 1.47536 1.47504 1.47488 1.47485 1.47493 1.47508 1.4753 1.47555 
1.46884 1.46916 1.46951 1.46988 1.47029 1.47074 1.47126 1.47186 1.47258 1.47348 1.47459 1.476 1.47779 1.48003 1.48285 1.48635 1.49065 1.49588 1.50216 1.50961 1.51833 1.52843 1.53997 1.553 1.56752 1.58352 1.60095 1.6197 1.63966 1.66065 1.68251 1.70501 1.72794 1.75104 1.7741 1.79686 1.81909 1.84059 1.86115 1.88059 1.89876 1.91551 1.93072 1.94431 1.9562 1.96632 1.97462 1.98108 1.98567 1.98836 1.98916 1.98805 1.98504 1.98013 1.97335 1.96471 1.95427 1.94205 1.92815 1.91263 1.89561 1.8772 1.85757 1.83689 1.81533 1.79311 1.77045 1.74759 1.72476 1.70219 1.68012 1.65875 1.63827 1.61887 1.60067 1.58378 1.56828 1.55421 1.54158 1.53036 1.52051 1.51196 1.50463 1.49841 1.49321 1.48891 1.48541 1.48259 1.48037 1.47866 1.47736 1.47642 1.47576 1.47534 1.4751 1.47501 1.47504 1.47517 1.47536 1.4756 
1.46889 1.46921 1.46956 1.46995 1.47038 1.47087 1.47144 1.47211 1.47294 1.47397 1.47527 1.47691 1.479 1.48162 1.48491 1.48898 1.49398 1.50002 1.50726 1.51582 1.5258 1.53731 1.5504 1.56512 1.58146 1.59939 1.61883 1.63966 1.66172 1.68483 1.70879 1.73333 1.75823 1.78322 1.80803 1.83243 1.85616 1.87902 1.90078 1.92129 1.94037 1.95791 1.97379 1.98794 2.00028 2.01076 2.01935 2.02602 2.03075 2.03354 2.03437 2.03324 2.03014 2.02509 2.0181 2.00917 1.99834 1.98565 1.97116 1.95493 1.93706 1.91768 1.89692 1.87496 1.85198 1.82819 1.80384 1.77916 1.7544 1.72983 1.7057 1.68224 1.65968 1.6382 1.61798 1.59915 1.5818 1.56599 1.55175 1.53905 1.52787 1.51813 1.50975 1.50262 1.49663 1.49167 1.4876 1.48433 1.48173 1.4797 1.47816 1.47702 1.47621 1.47567 1.47535 1.47519 1.47518 1.47526 1.47543 1.47566 
1.46894 1.46926 1.46962 1.47003 1.47048 1.47101 1.47164 1.4724 1.47335 1.47453 1.47603 1.47794 1.48035 1.4834 1.4872 1.4919 1.49764 1.50458 1.51285 1.52259 1.53391 1.5469 1.56162 1.57811 1.59633 1.61624 1.63773 1.66065 1.68483 1.71005 1.73607 1.76261 1.78941 1.81618 1.84265 1.86856 1.89366 1.91772 1.94054 1.96196 1.98181 2 2.01641 2.03098 2.04366 2.05441 2.0632 2.07002 2.07486 2.07771 2.07857 2.07743 2.0743 2.06916 2.06203 2.0529 2.0418 2.02876 2.01381 1.99701 1.97845 1.95824 1.9365 1.91341 1.88914 1.86391 1.83797 1.81156 1.78496 1.75845 1.73229 1.70676 1.6821 1.65854 1.63627 1.61544 1.59619 1.57857 1.56265 1.54841 1.53582 1.52482 1.51532 1.50721 1.50038 1.49469 1.49002 1.48624 1.48322 1.48086 1.47905 1.4777 1.47672 1.47605 1.47563 1.4754 1.47532 1.47537 1.47551 1.47572 
1.469 1.46932 1.46969 1.47011 1.4706 1.47118 1.47188 1.47273 1.4738 1.47516 1.47688 1.47907 1.48185 1.48535 1.48971 1.49509 1.50164 1.50952 1.51889 1.52987 1.5426 1.55714 1.57356 1.59186 1.61201 1.63393 1.65749 1.68251 1.70879 1.73607 1.76408 1.79253 1.82113 1.84957 1.87757 1.90484 1.93114 1.95625 1.97996 2.00212 2.02259 2.04126 2.05806 2.07293 2.08583 2.09674 2.10565 2.11256 2.11746 2.12035 2.12123 2.1201 2.11696 2.11179 2.1046 2.09538 2.08412 2.07085 2.05559 2.03838 2.01929 1.99841 1.97586 1.95179 1.9264 1.89988 1.87248 1.84447 1.81613 1.78776 1.75965 1.73209 1.70536 1.67972 1.65538 1.63254 1.61133 1.59187 1.57421 1.55836 1.5443 1.53197 1.5213 1.51215 1.50442 1.49796 1.49264 1.48832 1.48485 1.48213 1.48002 1.47844 1.47728 1.47647 1.47593 1.47562 1.47549 1.47549 1.4756 1.4758 
1.46907 1.46938 1.46976 1.47021 1.47073 1.47136 1.47214 1.4731 1.47431 1.47585 1.47781 1.48032 1.4835 1.48748 1.49244 1.49854 1.50595 1.51483 1.52535 1.53764 1.55182 1.56796 1.58612 1.60627 1.62837 1.65231 1.67792 1.70501 1.73333 1.76261 1.79253 1.82279 1.85306 1.88303 1.91239 1.94086 1.9682 1.99417 2.0186 2.04133 2.06224 2.08124 2.09828 2.11331 2.12631 2.13728 2.14623 2.15315 2.15806 2.16097 2.16187 2.16077 2.15766 2.15252 2.14535 2.13612 2.12482 2.11145 2.09602 2.07856 2.0591 2.03773 2.01455 1.98969 1.96334 1.9357 1.907 1.87754 1.84758 1.81746 1.78749 1.75797 1.72923 1.70154 1.67515 1.65029 1.62712 1.60578 1.58634 1.56884 1.55326 1.53956 1.52765 1.51743 1.50875 1.50148 1.49547 1.49056 1.48662 1.4835 1.48108 1.47925 1.47789 1.47692 1.47627 1.47587 1.47567 1.47563 1.4757 1.47587 
1.46914 1.46946 1.46985 1.47032 1.47088 1.47157 1.47242 1.4735 1.47486 1.4766 1.47883 1.48168 1.48527 1.48978 1.49537 1.50223 1.51054 1.52046 1.53218 1.54581 1.56149 1.57927 1.59918 1.6212 1.64525 1.67119 1.69883 1.72794 1.75823 1.78941 1.82113 1.85306 1.88486 1.91619 1.94674 1.97624 2.00442 2.03108 2.05604 2.07916 2.10035 2.11952 2.13665 2.15171 2.1647 2.17563 2.18453 2.19141 2.19629 2.19918 2.2001 2.19904 2.196 2.19094 2.18386 2.17472 2.16349 2.15015 2.1347 2.11713 2.09748 2.07579 2.05215 2.0267 1.99957 1.97098 1.94117 1.91041 1.87899 1.84725 1.81553 1.78416 1.75347 1.72379 1.69539 1.66853 1.64341 1.62018 1.59895 1.57977 1.56264 1.54753 1.53435 1.52299 1.51333 1.50521 1.49847 1.49296 1.48851 1.48498 1.48222 1.48012 1.47855 1.47741 1.47664 1.47614 1.47587 1.47577 1.47581 1.47596 
1.46922 1.46954 1.46994 1.47043 1.47104 1.47179 1.47274 1.47393 1.47546 1.47742 1.47993 1.48313 1.48717 1.49223 1.49849 1.50614 1.51537 1.52638 1.53932 1.55433 1.57153 1.59096 1.61264 1.63652 1.66249 1.69039 1.72 1.75104 1.78322 1.81618 1.84957 1.88303 1.91619 1.94871 1.98028 2.01061 2.03946 2.06661 2.09192 2.11527 2.13656 2.15575 2.17283 2.18779 2.20066 2.21146 2.22023 2.22701 2.23182 2.23469 2.23562 2.23461 2.23166 2.22674 2.21981 2.21084 2.19979 2.1866 2.17126 2.15374 2.13405 2.11222 2.08832 2.06244 2.03473 2.00539 1.97464 1.94275 1.91003 1.87683 1.84349 1.81037 1.77785 1.74625 1.71591 1.68709 1.66004 1.63494 1.61191 1.59104 1.57235 1.5558 1.54132 1.52881 1.51813 1.50913 1.50164 1.49549 1.49051 1.48655 1.48344 1.48105 1.47925 1.47794 1.47703 1.47643 1.47608 1.47593 1.47593 1.47606 
1.46931 1.46963 1.47004 1.47056 1.47122 1.47203 1.47307 1.4744 1.4761 1.47829 1.4811 1.48467 1.48917 1.4948 1.50175 1.51022 1.52041 1.53252 1.54671 1.56311 1.58183 1.60291 1.62634 1.65205 1.67991 1.70971 1.74121 1.7741 1.80803 1.84265 1.87757 1.91239 1.94674 1.98028 2.01268 2.04366 2.07298 2.10046 2.12595 2.14934 2.17059 2.18966 2.20656 2.22131 2.23396 2.24455 2.25313 2.25975 2.26445 2.26726 2.2682 2.26726 2.26443 2.25969 2.25298 2.24426 2.23346 2.22054 2.20543 2.1881 2.16852 2.14672 2.12271 2.0966 2.0685 2.03858 2.00708 1.97425 1.9404 1.90589 1.87108 1.83636 1.80211 1.7687 1.73649 1.70578 1.67685 1.6499 1.62511 1.60256 1.58229 1.56429 1.5485 1.53482 1.52311 1.5132 1.50494 1.49814 1.49261 1.48819 1.48471 1.48202 1.47999 1.4785 1.47745 1.47674 1.47631 1.4761 1.47606 1.47616 
1.4694 1.46972 1.47015 1.4707 1.4714 1.47229 1.47343 1.47489 1.47678 1.47921 1.48232 1.48628 1.49126 1.49748 1.50513 1.51444 1.5256 1.53882 1.55426 1.57206 1.59229 1.615 1.64015 1.66765 1.69732 1.72895 1.76224 1.79686 1.83243 1.86856 1.90484 1.94086 1.97624 2.01061 2.04366 2.07511 2.10473 2.13236 2.15786 2.18116 2.20222 2.22105 2.23766 2.2521 2.26444 2.27474 2.28307 2.28949 2.29405 2.29679 2.29773 2.29687 2.29418 2.28965 2.28321 2.27479 2.26434 2.25177 2.237 2.21998 2.20066 2.17903 2.15509 2.12891 2.10059 2.07028 2.0382 2.00461 1.96982 1.93417 1.89805 1.86186 1.82601 1.79091 1.75692 1.72441 1.69366 1.66493 1.6384 1.61419 1.59236 1.57293 1.55583 1.54096 1.52821 1.51739 1.50834 1.50087 1.49478 1.4899 1.48604 1.48305 1.48077 1.47909 1.47788 1.47706 1.47655 1.47628 1.47619 1.47627 
1.4695 1.46982 1.47026 1.47085 1.4716 1.47256 1.47381 1.47541 1.47749 1.48016 1.48359 1.48794 1.49342 1.50023 1.5086 1.51874 1.53088 1.54521 1.5619 1.58107 1.6028 1.6271 1.65391 1.68313 1.71454 1.74789 1.78287 1.81909 1.85616 1.89366 1.93114 1.9682 2.00442 2.03946 2.07298 2.10473 2.1345 2.16212 2.18749 2.21056 2.23132 2.24978 2.26601 2.28006 2.29202 2.30198 2.31001 2.31619 2.32059 2.32324 2.32418 2.32339 2.32087 2.31657 2.31043 2.30238 2.29234 2.28019 2.26586 2.24926 2.23031 2.20898 2.18524 2.15915 2.13077 2.10025 2.06777 2.03359 1.99802 1.9614 1.92414 1.88663 1.84933 1.81265 1.77701 1.74279 1.71031 1.67985 1.65164 1.62582 1.60247 1.58161 1.56321 1.54718 1.53338 1.52165 1.51181 1.50366 1.49701 1.49165 1.4874 1.4841 1.48157 1.47969 1.47834 1.4774 1.4768 1.47646 1.47634 1.47638 
1.46961 1.46992 1.47038 1.471 1.4718 1.47285 1.4742 1.47595 1.47822 1.48114 1.48489 1.48964 1.49561 1.50302 1.51211 1.52309 1.53619 1.55162 1.56953 1.59004 1.61322 1.63906 1.66748 1.69833 1.73139 1.76636 1.8029 1.84059 1.87902 1.91772 1.95625 1.99417 2.03108 2.06661 2.10046 2.13236 2.16212 2.1896 2.21472 2.23745 2.2578 2.27582 2.29158 2.30517 2.3167 2.32627 2.33397 2.33989 2.3441 2.34666 2.34758 2.34687 2.34452 2.34048 2.33467 2.32703 2.31743 2.30578 2.29195 2.27585 2.25737 2.23645 2.21304 2.18717 2.15888 2.12829 2.09557 2.06097 2.02479 1.98737 1.94911 1.91045 1.87184 1.83373 1.79655 1.76072 1.72661 1.69451 1.66469 1.63731 1.61249 1.59025 1.57058 1.55339 1.53856 1.52593 1.5153 1.50648 1.49926 1.49343 1.48879 1.48517 1.48239 1.48031 1.4788 1.47775 1.47706 1.47665 1.47648 1.4765 
1.46971 1.47003 1.47051 1.47116 1.47201 1.47313 1.4746 1.4765 1.47896 1.48214 1.4862 1.49136 1.49782 1.50582 1.51561 1.52742 1.54147 1.55796 1.57706 1.59887 1.62344 1.65075 1.68069 1.71309 1.74768 1.78416 1.82212 1.86115 1.90078 1.94054 1.97996 2.0186 2.05604 2.09192 2.12595 2.15786 2.18749 2.21472 2.23949 2.26178 2.28165 2.29916 2.3144 2.32749 2.33855 2.34769 2.35504 2.36068 2.36469 2.36714 2.36805 2.36742 2.36525 2.36147 2.35601 2.34879 2.33968 2.32855 2.31528 2.29974 2.2818 2.26138 2.23841 2.21287 2.18479 2.15426 2.12145 2.08658 2.04993 2.01186 1.97277 1.93311 1.89333 1.85392 1.81534 1.77804 1.74239 1.70876 1.67741 1.64855 1.62231 1.59874 1.57784 1.55953 1.54369 1.53017 1.51877 1.50929 1.5015 1.4952 1.49018 1.48625 1.48322 1.48094 1.47927 1.4781 1.47732 1.47685 1.47663 1.47662 
1.46982 1.47014 1.47063 1.47131 1.47223 1.47343 1.475 1.47704 1.4797 1.48313 1.48751 1.49306 1.50001 1.50859 1.51906 1.53167 1.54664 1.56416 1.5844 1.60745 1.63334 1.66204 1.6934 1.72724 1.76326 1.80111 1.84037 1.88059 1.92129 1.96196 2.00212 2.04133 2.07916 2.11527 2.14934 2.18116 2.21056 2.23745 2.26178 2.28359 2.30291 2.31986 2.33455 2.34711 2.35767 2.36638 2.37336 2.37871 2.38252 2.38485 2.38574 2.3852 2.38319 2.37968 2.37458 2.36779 2.35918 2.34861 2.33592 2.32098 2.30364 2.28378 2.26131 2.23619 2.20842 2.17808 2.14529 2.11027 2.0733 2.03473 1.99495 1.95443 1.91363 1.87307 1.83322 1.79456 1.75751 1.72244 1.68966 1.6594 1.63181 1.60698 1.5849 1.56551 1.54871 1.53433 1.52218 1.51205 1.50372 1.49696 1.49156 1.48732 1.48404 1.48156 1.47974 1.47845 1.47758 1.47705 1.47678 1.47674 
1.46993 1.47025 1.47076 1.47147 1.47244 1.47372 1.47539 1.47759 1.48043 1.48411 1.4888 1.49473 1.50214 1.51129 1.52242 1.53579 1.55163 1.57014 1.59145 1.61567 1.6428 1.67279 1.70548 1.74064 1.77796 1.81706 1.85748 1.89876 1.94037 1.98181 2.02259 2.06224 2.10035 2.13656 2.17059 2.20222 2.23132 2.2578 2.28165 2.30291 2.32167 2.33804 2.35216 2.36417 2.37424 2.38251 2.38911 2.39417 2.39777 2.39999 2.40086 2.40039 2.39856 2.39531 2.39057 2.3842 2.37609 2.36608 2.35399 2.33967 2.32295 2.30369 2.28177 2.25713 2.22975 2.19967 2.167 2.13195 2.09478 2.05583 2.0155 1.97425 1.93258 1.891 1.85001 1.81013 1.77179 1.73541 1.7013 1.66974 1.6409 1.61487 1.59168 1.57128 1.55355 1.53835 1.52549 1.51474 1.50588 1.49868 1.49291 1.48836 1.48485 1.48218 1.4802 1.47879 1.47784 1.47724 1.47693 1.47686 
1.47003 1.47036 1.47088 1.47163 1.47265 1.474 1.47578 1.47811 1.48115 1.48505 1.49004 1.49634 1.5042 1.51387 1.52563 1.53973 1.55639 1.57581 1.59813 1.62344 1.65172 1.68289 1.71679 1.75316 1.79165 1.83186 1.87331 1.91551 1.95791 2 2.04126 2.08124 2.11952 2.15575 2.18966 2.22105 2.24978 2.27582 2.29916 2.31986 2.33804 2.35382 2.36737 2.37885 2.38843 2.39627 2.40251 2.40728 2.41068 2.41278 2.41363 2.41323 2.41157 2.40857 2.40416 2.39821 2.39059 2.38112 2.36963 2.35593 2.33984 2.32119 2.29985 2.27573 2.24878 2.21902 2.18656 2.15156 2.11428 2.07506 2.03429 1.99245 1.95003 1.90756 1.86558 1.82461 1.78511 1.74753 1.71222 1.67946 1.64946 1.62232 1.5981 1.57674 1.55815 1.54218 1.52864 1.5173 1.50794 1.50032 1.4942 1.48937 1.48562 1.48277 1.48065 1.47913 1.47809 1.47743 1.47708 1.47698 
1.47013 1.47046 1.471 1.47178 1.47285 1.47427 1.47615 1.47862 1.48182 1.48595 1.49122 1.49786 1.50614 1.51631 1.52865 1.54342 1.56084 1.58111 1.60435 1.63065 1.65997 1.69223 1.72722 1.76467 1.8042 1.84539 1.88774 1.93072 1.97379 2.01641 2.05806 2.09828 2.13665 2.17283 2.20656 2.23766 2.26601 2.29158 2.3144 2.33455 2.35216 2.36737 2.38037 2.39133 2.40044 2.40787 2.41376 2.41826 2.42147 2.42347 2.42429 2.42396 2.42244 2.41968 2.41559 2.41004 2.40288 2.39393 2.38301 2.3699 2.35443 2.33639 2.31563 2.29203 2.26554 2.23614 2.20393 2.16905 2.13174 2.09235 2.05125 2.00892 1.96587 1.92265 1.8798 1.83786 1.79734 1.75868 1.72228 1.68844 1.65738 1.62924 1.60407 1.58183 1.56245 1.54577 1.5316 1.51972 1.50989 1.50187 1.49543 1.49033 1.48636 1.48333 1.48108 1.47945 1.47833 1.47761 1.47722 1.4771 
1.47023 1.47056 1.47111 1.47192 1.47304 1.47453 1.4765 1.47909 1.48246 1.48679 1.49232 1.49928 1.50793 1.51856 1.53143 1.54681 1.56492 1.58596 1.61004 1.63722 1.66748 1.7007 1.73665 1.77505 1.8155 1.85754 1.90066 1.94431 1.98794 2.03098 2.07293 2.11331 2.15171 2.18779 2.22131 2.2521 2.28006 2.30517 2.32749 2.34711 2.36417 2.37885 2.39133 2.40181 2.41049 2.41753 2.4231 2.42735 2.43038 2.43227 2.43308 2.4328 2.43142 2.42888 2.42508 2.41989 2.41316 2.40469 2.3943 2.38176 2.36686 2.3494 2.3292 2.30613 2.28009 2.25107 2.21913 2.18441 2.14714 2.10763 2.06629 2.02358 1.98001 1.93615 1.89255 1.84978 1.80836 1.76876 1.7314 1.6966 1.6646 1.63555 1.60952 1.5865 1.56639 1.54906 1.53432 1.52194 1.51168 1.50331 1.49656 1.49121 1.48704 1.48386 1.48148 1.47975 1.47855 1.47778 1.47735 1.47721 
1.47032 1.47065 1.47122 1.47206 1.47321 1.47477 1.47682 1.47953 1.48304 1.48756 1.49331 1.50056 1.50956 1.52059 1.53394 1.54986 1.56859 1.59029 1.61511 1.64308 1.67415 1.70821 1.745 1.78422 1.82545 1.86822 1.91199 1.9562 2.00028 2.04366 2.08583 2.12631 2.1647 2.20066 2.23396 2.26444 2.29202 2.3167 2.33855 2.35767 2.37424 2.38843 2.40044 2.41049 2.41876 2.42546 2.43075 2.43477 2.43763 2.43943 2.44021 2.43999 2.43873 2.43638 2.43284 2.42798 2.42163 2.41361 2.40369 2.39167 2.3773 2.36038 2.3407 2.31811 2.29251 2.26385 2.23219 2.19765 2.16045 2.12089 2.07937 2.03636 1.99237 1.94797 1.90375 1.86027 1.81808 1.77767 1.73947 1.70383 1.67101 1.64116 1.61439 1.59066 1.56992 1.55202 1.53676 1.52394 1.51331 1.5046 1.49759 1.49202 1.48767 1.48433 1.48184 1.48002 1.47876 1.47794 1.47748 1.47731 
1.4704 1.47073 1.47131 1.47217 1.47337 1.47498 1.47711 1.47991 1.48355 1.48823 1.49419 1.50169 1.51098 1.52237 1.53613 1.55252 1.57178 1.59407 1.61951 1.64814 1.67992 1.71468 1.75218 1.79209 1.83397 1.87734 1.92165 1.96632 2.01076 2.05441 2.09674 2.13728 2.17563 2.21146 2.24455 2.27474 2.30198 2.32627 2.34769 2.36638 2.38251 2.39627 2.40787 2.41753 2.42546 2.43186 2.43689 2.44071 2.44344 2.44516 2.44592 2.44573 2.44458 2.44239 2.43908 2.4345 2.42849 2.42085 2.41136 2.39978 2.38588 2.36943 2.35021 2.32806 2.30286 2.27455 2.24315 2.20879 2.17168 2.1321 2.09046 2.04721 2.00289 1.95806 1.91332 1.86925 1.82642 1.78533 1.74642 1.71007 1.67655 1.64603 1.6186 1.59428 1.57299 1.55459 1.5389 1.52569 1.51473 1.50574 1.49849 1.49273 1.48822 1.48476 1.48216 1.48027 1.47894 1.47808 1.47759 1.4774 
1.47047 1.4708 1.47139 1.47228 1.4735 1.47516 1.47736 1.48024 1.48399 1.48881 1.49494 1.50264 1.51219 1.52388 1.53798 1.55476 1.57445 1.59722 1.62318 1.65236 1.68471 1.72005 1.75813 1.7986 1.84101 1.88486 1.9296 1.97462 2.01935 2.0632 2.10565 2.14623 2.18453 2.22023 2.25313 2.28307 2.31001 2.33397 2.35504 2.37336 2.38911 2.40251 2.41376 2.4231 2.43075 2.43689 2.44171 2.44537 2.44798 2.44963 2.45037 2.45022 2.44916 2.44711 2.44398 2.43964 2.43391 2.42659 2.41745 2.40625 2.39275 2.37669 2.35787 2.33609 2.31123 2.28321 2.25205 2.21786 2.18083 2.14125 2.09952 2.0561 2.01152 1.96635 1.9212 1.87666 1.8333 1.79166 1.75218 1.71525 1.68115 1.65007 1.62212 1.59731 1.57556 1.55675 1.5407 1.52717 1.51593 1.50671 1.49926 1.49333 1.48869 1.48512 1.48244 1.48048 1.4791 1.4782 1.47768 1.47748 
1.47053 1.47086 1.47146 1.47236 1.47362 1.47531 1.47756 1.48051 1.48435 1.48928 1.49555 1.50341 1.51316 1.52508 1.53945 1.55654 1.57657 1.59971 1.62608 1.65569 1.68847 1.72426 1.76279 1.80368 1.8465 1.89072 1.93578 1.98108 2.02602 2.07002 2.11256 2.15315 2.19141 2.22701 2.25975 2.28949 2.31619 2.33989 2.36068 2.37871 2.39417 2.40728 2.41826 2.42735 2.43477 2.44071 2.44537 2.4489 2.45142 2.45301 2.45374 2.45362 2.45262 2.45068 2.4477 2.44354 2.43803 2.43096 2.4221 2.4112 2.39801 2.38227 2.36376 2.34227 2.31768 2.28989 2.25892 2.22487 2.18791 2.14834 2.10655 2.063 2.01823 1.9728 1.92734 1.88244 1.83868 1.79661 1.75669 1.71931 1.68477 1.65326 1.6249 1.5997 1.5776 1.55847 1.54213 1.52835 1.51688 1.50748 1.49987 1.49381 1.48906 1.48541 1.48266 1.48065 1.47923 1.4783 1.47776 1.47754 
1.47057 1.47091 1.47152 1.47243 1.4737 1.47542 1.47771 1.48071 1.48461 1.48963 1.49599 1.50398 1.51387 1.52596 1.54053 1.55783 1.57811 1.60152 1.62817 1.65808 1.69118 1.72728 1.76611 1.80731 1.85041 1.89489 1.94018 1.98567 2.03075 2.07486 2.11746 2.15806 2.19629 2.23182 2.26445 2.29405 2.32059 2.3441 2.36469 2.38252 2.39777 2.41068 2.42147 2.43038 2.43763 2.44344 2.44798 2.45142 2.45387 2.45542 2.45614 2.45604 2.45509 2.45323 2.45036 2.44633 2.44098 2.43409 2.42543 2.41474 2.40176 2.38625 2.36795 2.34668 2.32227 2.29465 2.26381 2.22985 2.19294 2.15338 2.11155 2.06791 2.02299 1.97738 1.9317 1.88655 1.84252 1.80015 1.75992 1.72222 1.68737 1.65556 1.6269 1.60143 1.57908 1.55972 1.54317 1.52921 1.51759 1.50805 1.50033 1.49418 1.48935 1.48563 1.48283 1.48078 1.47933 1.47838 1.47782 1.47759 
1.4706 1.47094 1.47155 1.47247 1.47376 1.4755 1.47781 1.48085 1.48479 1.48985 1.49628 1.50434 1.51432 1.52651 1.54119 1.55863 1.57904 1.60261 1.62943 1.65951 1.69279 1.72907 1.76808 1.80945 1.85272 1.89735 1.94276 1.98836 2.03354 2.07771 2.12035 2.16097 2.19918 2.23469 2.26726 2.29679 2.32324 2.34666 2.36714 2.38485 2.39999 2.41278 2.42347 2.43227 2.43943 2.44516 2.44963 2.45301 2.45542 2.45696 2.45768 2.45758 2.45666 2.45485 2.45204 2.44809 2.44283 2.43605 2.4275 2.41693 2.40408 2.38869 2.37051 2.34935 2.32504 2.29751 2.26674 2.23281 2.19593 2.15636 2.11449 2.07079 2.02579 1.98008 1.93427 1.88897 1.84477 1.80223 1.76183 1.72395 1.68891 1.65693 1.62811 1.60248 1.57998 1.56048 1.54381 1.52974 1.51803 1.50841 1.50062 1.49441 1.48953 1.48577 1.48294 1.48086 1.4794 1.47843 1.47786 1.47763 
