2.49353 2.49378 2.49404 2.49429 2.49453 2.49477 2.49501 2.49523 2.49545 2.49567 2.49587 2.49608 2.49628 2.49647 2.49667 2.49687 2.49708 2.4973 2.49752 2.49777 2.49803 2.49831 2.49861 2.49894 2.4993 2.49968 2.5001 2.50054 2.50102 2.50153 2.50206 2.50262 2.50321 2.50381 2.50443 2.50505 2.50569 2.50632 2.50694 2.50755 2.50813 2.50869 2.50921 2.50969 2.51013 2.51051 2.51083 2.5111 2.51129 2.51142 2.51148 2.51147 2.51139 2.51125 2.51103 2.51075 2.51042 2.51002 2.50958 2.50909 2.50857 2.50801 2.50743 2.50683 2.50622 2.50561 2.50499 2.50438 2.50379 2.50321 2.50265 2.50212 2.50162 2.50115 2.50071 2.5003 2.49994 2.49961 2.49931 2.49906 2.49884 2.49866 2.49852 2.49841 2.49833 2.49829 2.49828 2.4983 2.49835 2.49843 2.49854 2.49867 2.49882 2.49899 2.49918 2.49939 2.49961 2.49984 2.50008 2.50032 
2.49378 2.49404 2.49429 2.49454 2.49478 2.49502 2.49526 2.49548 2.4957 2.49592 2.49612 2.49633 2.49653 2.49672 2.49692 2.49712 2.49733 2.49755 2.49777 2.49802 2.49828 2.49856 2.49887 2.4992 2.49956 2.49995 2.50037 2.50083 2.50131 2.50183 2.50237 2.50294 2.50354 2.50415 2.50478 2.50542 2.50607 2.50671 2.50734 2.50797 2.50856 2.50913 2.50967 2.51016 2.5106 2.51099 2.51132 2.51159 2.51179 2.51193 2.51199 2.51198 2.5119 2.51174 2.51152 2.51124 2.51089 2.51049 2.51004 2.50954 2.50901 2.50844 2.50785 2.50723 2.50661 2.50598 2.50535 2.50473 2.50413 2.50354 2.50297 2.50243 2.50192 2.50144 2.50099 2.50058 2.50021 2.49987 2.49958 2.49932 2.4991 2.49891 2.49877 2.49866 2.49858 2.49854 2.49853 2.49855 2.4986 2.49868 2.49879 2.49892 2.49907 2.49924 2.49943 2.49964 2.49986 2.50009 2.50033 2.50058 
2.49404 2.49429 2.49454 2.49479 2.49504 2.49528 2.49551 2.49574 2.49596 2.49617 2.49638 2.49659 2.49679 2.49699 2.4972 2.49741 2.49762 2.49785 2.49809 2.49834 2.49862 2.49892 2.49924 2.4996 2.49998 2.5004 2.50085 2.50134 2.50186 2.50241 2.50299 2.5036 2.50424 2.5049 2.50558 2.50626 2.50695 2.50764 2.50832 2.50898 2.50962 2.51023 2.51081 2.51133 2.51181 2.51222 2.51258 2.51286 2.51308 2.51322 2.51328 2.51327 2.51318 2.51302 2.51278 2.51247 2.5121 2.51167 2.51119 2.51065 2.51008 2.50947 2.50883 2.50818 2.50751 2.50684 2.50616 2.5055 2.50485 2.50422 2.50361 2.50303 2.50248 2.50196 2.50149 2.50105 2.50065 2.50029 2.49997 2.49969 2.49945 2.49925 2.49909 2.49897 2.49888 2.49883 2.49881 2.49883 2.49887 2.49895 2.49905 2.49918 2.49933 2.4995 2.49969 2.49989 2.50011 2.50034 2.50058 2.50083 
2.49429 2.49454 2.49479 2.49504 2.49529 2.49553 2.49576 2.496 2.49622 2.49644 2.49665 2.49687 2.49708 2.49729 2.4975 2.49772 2.49796 2.4982 2.49846 2.49874 2.49905 2.49938 2.49974 2.50014 2.50057 2.50104 2.50154 2.50208 2.50267 2.50328 2.50394 2.50462 2.50534 2.50607 2.50683 2.50759 2.50836 2.50913 2.50989 2.51063 2.51134 2.51202 2.51265 2.51324 2.51376 2.51422 2.51462 2.51493 2.51517 2.51532 2.51539 2.51537 2.51527 2.51509 2.51482 2.51448 2.51407 2.51358 2.51304 2.51245 2.51181 2.51113 2.51042 2.50968 2.50894 2.50819 2.50744 2.50669 2.50597 2.50526 2.50458 2.50393 2.50332 2.50274 2.5022 2.50171 2.50126 2.50085 2.50049 2.50018 2.4999 2.49968 2.49949 2.49934 2.49924 2.49917 2.49913 2.49914 2.49917 2.49924 2.49933 2.49945 2.49959 2.49976 2.49995 2.50015 2.50037 2.50059 2.50083 2.50108 
2.49453 2.49478 2.49504 2.49529 2.49553 2.49578 2.49602 2.49625 2.49648 2.49671 2.49693 2.49715 2.49738 2.4976 2.49784 2.49808 2.49834 2.49861 2.4989 2.49922 2.49957 2.49995 2.50037 2.50083 2.50133 2.50187 2.50245 2.50308 2.50376 2.50447 2.50523 2.50602 2.50684 2.50769 2.50856 2.50945 2.51033 2.51122 2.51209 2.51293 2.51375 2.51453 2.51525 2.51592 2.51652 2.51705 2.51749 2.51785 2.51812 2.51829 2.51836 2.51834 2.51822 2.51801 2.5177 2.51731 2.51683 2.51628 2.51565 2.51497 2.51423 2.51345 2.51263 2.51179 2.51093 2.51007 2.5092 2.50835 2.50751 2.50669 2.50591 2.50516 2.50444 2.50378 2.50315 2.50258 2.50206 2.50158 2.50116 2.50079 2.50046 2.50019 2.49996 2.49978 2.49964 2.49955 2.49949 2.49947 2.49949 2.49954 2.49962 2.49973 2.49987 2.50003 2.50021 2.5004 2.50062 2.50084 2.50108 2.50132 
2.49477 2.49502 2.49528 2.49553 2.49578 2.49603 2.49627 2.49651 2.49675 2.49698 2.49722 2.49746 2.4977 2.49794 2.4982 2.49847 2.49877 2.49908 2.49942 2.49979 2.5002 2.50065 2.50115 2.50169 2.50228 2.50292 2.50361 2.50436 2.50516 2.506 2.5069 2.50783 2.5088 2.50981 2.51083 2.51187 2.51291 2.51394 2.51496 2.51595 2.51691 2.51781 2.51866 2.51944 2.52014 2.52075 2.52126 2.52168 2.52198 2.52218 2.52226 2.52224 2.52209 2.52184 2.52148 2.52101 2.52045 2.5198 2.51907 2.51827 2.5174 2.51649 2.51553 2.51454 2.51353 2.51252 2.5115 2.51049 2.50951 2.50854 2.50762 2.50673 2.50589 2.5051 2.50436 2.50368 2.50305 2.50249 2.50198 2.50153 2.50114 2.5008 2.50052 2.50029 2.50011 2.49997 2.49988 2.49984 2.49983 2.49986 2.49993 2.50002 2.50015 2.50029 2.50047 2.50066 2.50087 2.50109 2.50132 2.50157 
2.49501 2.49526 2.49551 2.49576 2.49602 2.49627 2.49652 2.49677 2.49702 2.49727 2.49752 2.49777 2.49804 2.49831 2.4986 2.49892 2.49925 2.49962 2.50002 2.50046 2.50095 2.50149 2.50208 2.50273 2.50344 2.50421 2.50504 2.50594 2.5069 2.50791 2.50898 2.5101 2.51126 2.51246 2.51368 2.51491 2.51615 2.51737 2.51858 2.51976 2.52088 2.52195 2.52295 2.52386 2.52469 2.5254 2.52601 2.52649 2.52685 2.52708 2.52717 2.52713 2.52696 2.52665 2.52622 2.52567 2.52501 2.52423 2.52337 2.52242 2.52139 2.5203 2.51917 2.51799 2.5168 2.51559 2.51438 2.51318 2.512 2.51086 2.50975 2.50869 2.50769 2.50674 2.50585 2.50503 2.50428 2.50359 2.50297 2.50242 2.50194 2.50152 2.50117 2.50087 2.50064 2.50045 2.50032 2.50024 2.5002 2.5002 2.50025 2.50032 2.50043 2.50057 2.50073 2.50091 2.50111 2.50133 2.50156 2.5018 
2.49523 2.49548 2.49574 2.496 2.49625 2.49651 2.49677 2.49703 2.49729 2.49756 2.49783 2.49811 2.4984 2.49871 2.49905 2.49941 2.49981 2.50024 2.50072 2.50125 2.50184 2.50249 2.5032 2.50399 2.50484 2.50578 2.50678 2.50787 2.50902 2.51025 2.51153 2.51288 2.51427 2.5157 2.51716 2.51864 2.52011 2.52158 2.52302 2.52441 2.52575 2.52702 2.5282 2.52928 2.53025 2.5311 2.53181 2.53238 2.5328 2.53306 2.53317 2.53311 2.5329 2.53254 2.53202 2.53137 2.53057 2.52965 2.52862 2.52749 2.52627 2.52497 2.52362 2.52222 2.52079 2.51934 2.5179 2.51646 2.51505 2.51368 2.51235 2.51108 2.50987 2.50872 2.50765 2.50666 2.50574 2.50491 2.50416 2.50348 2.50289 2.50237 2.50192 2.50155 2.50124 2.50099 2.50081 2.50068 2.5006 2.50057 2.50058 2.50064 2.50072 2.50084 2.50099 2.50117 2.50136 2.50157 2.50179 2.50203 
2.49545 2.4957 2.49596 2.49622 2.49648 2.49675 2.49702 2.49729 2.49757 2.49785 2.49815 2.49846 2.4988 2.49915 2.49954 2.49997 2.50043 2.50095 2.50153 2.50217 2.50288 2.50366 2.50453 2.50548 2.50652 2.50765 2.50887 2.51018 2.51158 2.51305 2.51461 2.51622 2.5179 2.51961 2.52136 2.52313 2.52489 2.52664 2.52835 2.53001 2.5316 2.53311 2.53451 2.53579 2.53693 2.53793 2.53877 2.53944 2.53993 2.54023 2.54035 2.54029 2.54003 2.53959 2.53898 2.53819 2.53725 2.53615 2.53492 2.53357 2.53212 2.53057 2.52895 2.52729 2.52558 2.52385 2.52212 2.52041 2.51872 2.51707 2.51547 2.51394 2.51248 2.5111 2.5098 2.5086 2.50749 2.50647 2.50555 2.50473 2.50399 2.50335 2.50279 2.50232 2.50192 2.5016 2.50135 2.50116 2.50104 2.50096 2.50094 2.50096 2.50103 2.50113 2.50126 2.50142 2.5016 2.5018 2.50202 2.50225 
2.49567 2.49592 2.49617 2.49644 2.49671 2.49698 2.49727 2.49756 2.49785 2.49817 2.4985 2.49885 2.49923 2.49964 2.50009 2.50059 2.50115 2.50177 2.50246 2.50323 2.50409 2.50504 2.50609 2.50725 2.50851 2.50987 2.51135 2.51293 2.51461 2.51639 2.51826 2.5202 2.52221 2.52426 2.52635 2.52845 2.53056 2.53263 2.53467 2.53664 2.53853 2.54031 2.54196 2.54347 2.54483 2.546 2.54699 2.54777 2.54834 2.5487 2.54884 2.54875 2.54844 2.54792 2.54719 2.54625 2.54513 2.54383 2.54237 2.54076 2.53903 2.53719 2.53527 2.53328 2.53125 2.52919 2.52713 2.52508 2.52306 2.52108 2.51917 2.51733 2.51557 2.51391 2.51235 2.5109 2.50955 2.50832 2.5072 2.50619 2.50529 2.50449 2.5038 2.50321 2.50271 2.50229 2.50196 2.5017 2.50151 2.50139 2.50132 2.50131 2.50134 2.50142 2.50153 2.50167 2.50184 2.50203 2.50224 2.50247 
2.49587 2.49612 2.49638 2.49665 2.49693 2.49722 2.49752 2.49783 2.49815 2.4985 2.49887 2.49926 2.4997 2.50018 2.50071 2.50131 2.50197 2.50272 2.50355 2.50448 2.50551 2.50666 2.50793 2.50932 2.51084 2.51249 2.51427 2.51617 2.51819 2.52032 2.52256 2.52488 2.52727 2.52972 2.5322 2.53471 2.5372 2.53966 2.54207 2.5444 2.54662 2.54872 2.55067 2.55245 2.55404 2.55542 2.55657 2.55748 2.55815 2.55857 2.55872 2.55861 2.55824 2.55762 2.55675 2.55564 2.55431 2.55278 2.55105 2.54915 2.5471 2.54493 2.54265 2.5403 2.53788 2.53544 2.53299 2.53055 2.52814 2.52579 2.5235 2.5213 2.5192 2.51721 2.51533 2.51358 2.51196 2.51047 2.50911 2.50789 2.50679 2.50582 2.50496 2.50423 2.5036 2.50307 2.50264 2.5023 2.50204 2.50186 2.50174 2.50168 2.50167 2.50172 2.5018 2.50193 2.50208 2.50226 2.50246 2.50268 
2.49608 2.49633 2.49659 2.49687 2.49715 2.49746 2.49777 2.49811 2.49846 2.49885 2.49926 2.49972 2.50022 2.50079 2.50141 2.50212 2.50291 2.5038 2.5048 2.50592 2.50717 2.50855 2.51008 2.51175 2.51357 2.51555 2.51768 2.51995 2.52237 2.52491 2.52757 2.53033 2.53317 2.53607 2.53901 2.54197 2.54491 2.54781 2.55064 2.55338 2.55599 2.55845 2.56074 2.56281 2.56467 2.56628 2.56762 2.56868 2.56946 2.56994 2.57011 2.56997 2.56954 2.5688 2.56778 2.56647 2.56491 2.5631 2.56107 2.55884 2.55643 2.55387 2.55119 2.54841 2.54557 2.54268 2.53978 2.53689 2.53404 2.53125 2.52854 2.52592 2.52342 2.52104 2.5188 2.51671 2.51476 2.51297 2.51134 2.50985 2.50853 2.50734 2.5063 2.5054 2.50462 2.50396 2.50342 2.50297 2.50263 2.50237 2.50219 2.50207 2.50202 2.50203 2.50209 2.50218 2.50232 2.50248 2.50268 2.50289 
2.49628 2.49653 2.49679 2.49708 2.49738 2.4977 2.49804 2.4984 2.4988 2.49923 2.4997 2.50022 2.50081 2.50147 2.50221 2.50305 2.50399 2.50506 2.50625 2.50759 2.50908 2.51074 2.51256 2.51457 2.51675 2.5191 2.52164 2.52434 2.52721 2.53022 2.53337 2.53663 2.53998 2.5434 2.54685 2.55032 2.55377 2.55717 2.56048 2.56368 2.56673 2.56959 2.57225 2.57467 2.57682 2.57868 2.58024 2.58147 2.58236 2.58291 2.5831 2.58294 2.58242 2.58156 2.58036 2.57884 2.57701 2.5749 2.57253 2.56992 2.56711 2.56411 2.56097 2.55772 2.55438 2.551 2.54759 2.54419 2.54083 2.53754 2.53434 2.53125 2.52828 2.52547 2.52281 2.52031 2.518 2.51586 2.5139 2.51213 2.51053 2.5091 2.50784 2.50673 2.50578 2.50497 2.50429 2.50373 2.50328 2.50293 2.50268 2.5025 2.5024 2.50236 2.50238 2.50245 2.50256 2.50271 2.50289 2.50309 
2.49647 2.49672 2.49699 2.49729 2.4976 2.49794 2.49831 2.49871 2.49915 2.49964 2.50018 2.50079 2.50147 2.50224 2.50312 2.50411 2.50523 2.50649 2.50792 2.50952 2.51129 2.51326 2.51544 2.51782 2.5204 2.5232 2.5262 2.52939 2.53277 2.53632 2.54002 2.54384 2.54777 2.55177 2.55581 2.55986 2.56388 2.56783 2.57168 2.57538 2.57891 2.58223 2.5853 2.58809 2.59057 2.59272 2.59451 2.59592 2.59695 2.59757 2.59778 2.59758 2.59698 2.59598 2.59459 2.59282 2.5907 2.58826 2.58551 2.58248 2.57921 2.57573 2.57208 2.5683 2.56441 2.56046 2.55649 2.55252 2.54859 2.54473 2.54097 2.53734 2.53386 2.53054 2.5274 2.52445 2.52171 2.51917 2.51685 2.51473 2.51282 2.51111 2.50959 2.50826 2.5071 2.50611 2.50527 2.50458 2.50401 2.50356 2.50322 2.50297 2.5028 2.50272 2.50269 2.50273 2.50281 2.50294 2.5031 2.5033 
2.49667 2.49692 2.4972 2.4975 2.49784 2.4982 2.4986 2.49905 2.49954 2.50009 2.50071 2.50141 2.50221 2.50312 2.50415 2.50532 2.50664 2.50814 2.50983 2.51172 2.51383 2.51617 2.51873 2.52154 2.52459 2.52788 2.53141 2.53516 2.53912 2.54327 2.54759 2.55205 2.55662 2.56127 2.56596 2.57064 2.57529 2.57986 2.5843 2.58857 2.59263 2.59644 2.59997 2.60317 2.60601 2.60846 2.61051 2.61212 2.61329 2.61399 2.61423 2.61399 2.61329 2.61214 2.61053 2.6085 2.60606 2.60324 2.60008 2.59659 2.59282 2.58881 2.5846 2.58022 2.57573 2.57115 2.56654 2.56193 2.55737 2.55288 2.5485 2.54426 2.54019 2.5363 2.53263 2.52917 2.52594 2.52295 2.52021 2.5177 2.51544 2.5134 2.51159 2.51 2.50861 2.50741 2.50639 2.50553 2.50483 2.50426 2.50381 2.50348 2.50324 2.5031 2.50302 2.50302 2.50307 2.50317 2.50332 2.5035 
2.49687 2.49712 2.49741 2.49772 2.49808 2.49847 2.49892 2.49941 2.49997 2.50059 2.50131 2.50212 2.50305 2.50411 2.50532 2.50669 2.50826 2.51003 2.51202 2.51425 2.51673 2.51948 2.52249 2.52579 2.52936 2.53321 2.53733 2.5417 2.54631 2.55113 2.55614 2.5613 2.56659 2.57195 2.57735 2.58275 2.58809 2.59333 2.59841 2.6033 2.60794 2.61229 2.61631 2.61995 2.62318 2.62597 2.62829 2.63012 2.63144 2.63223 2.63249 2.63221 2.63141 2.63008 2.62825 2.62593 2.62314 2.61992 2.6163 2.61231 2.608 2.6034 2.59857 2.59355 2.58839 2.58313 2.57782 2.57251 2.56724 2.56205 2.55698 2.55207 2.54734 2.54282 2.53854 2.5345 2.53074 2.52724 2.52402 2.52107 2.5184 2.516 2.51386 2.51197 2.51031 2.50888 2.50765 2.50661 2.50574 2.50504 2.50448 2.50404 2.50373 2.50351 2.50338 2.50333 2.50334 2.50342 2.50354 2.50371 
2.49708 2.49733 2.49762 2.49796 2.49834 2.49877 2.49925 2.49981 2.50043 2.50115 2.50197 2.50291 2.50399 2.50523 2.50664 2.50826 2.51009 2.51217 2.5145 2.51712 2.52002 2.52323 2.52675 2.53059 2.53475 2.53923 2.544 2.54906 2.55439 2.55995 2.56572 2.57166 2.57773 2.58388 2.59006 2.59622 2.60231 2.60828 2.61406 2.61962 2.62488 2.62981 2.63436 2.63848 2.64213 2.64528 2.64789 2.64995 2.65143 2.65231 2.6526 2.65228 2.65136 2.64985 2.64777 2.64514 2.64198 2.63833 2.63422 2.62969 2.62479 2.61956 2.61406 2.60834 2.60245 2.59644 2.59037 2.58429 2.57825 2.57229 2.56646 2.5608 2.55535 2.55013 2.54518 2.5405 2.53613 2.53206 2.52831 2.52488 2.52176 2.51894 2.51643 2.51419 2.51223 2.51053 2.50906 2.50782 2.50677 2.50591 2.50522 2.50467 2.50426 2.50396 2.50376 2.50366 2.50363 2.50367 2.50377 2.50393 
2.4973 2.49755 2.49785 2.4982 2.49861 2.49908 2.49962 2.50024 2.50095 2.50177 2.50272 2.5038 2.50506 2.50649 2.50814 2.51003 2.51217 2.51459 2.51731 2.52035 2.52373 2.52746 2.53155 2.536 2.54081 2.54597 2.55147 2.55729 2.56341 2.56978 2.57639 2.58317 2.59009 2.59708 2.60411 2.6111 2.618 2.62475 2.63128 2.63755 2.64348 2.64903 2.65414 2.65876 2.66286 2.66638 2.66931 2.67161 2.67326 2.67424 2.67455 2.67419 2.67315 2.67145 2.66911 2.66614 2.66259 2.65847 2.65384 2.64873 2.6432 2.6373 2.63109 2.62461 2.61794 2.61112 2.60423 2.59731 2.59043 2.58364 2.57698 2.57051 2.56426 2.55828 2.55258 2.5472 2.54216 2.53746 2.53312 2.52914 2.52552 2.52224 2.5193 2.51669 2.51439 2.51239 2.51065 2.50917 2.50792 2.50688 2.50604 2.50536 2.50484 2.50445 2.50418 2.50401 2.50394 2.50394 2.50402 2.50416 
2.49752 2.49777 2.49809 2.49846 2.4989 2.49942 2.50002 2.50072 2.50153 2.50246 2.50355 2.5048 2.50625 2.50792 2.50983 2.51202 2.5145 2.51731 2.52046 2.52399 2.52789 2.5322 2.53691 2.54203 2.54755 2.55347 2.55977 2.56642 2.57339 2.58065 2.58816 2.59585 2.60368 2.61159 2.61952 2.6274 2.63517 2.64275 2.65008 2.65709 2.66373 2.66993 2.67563 2.68079 2.68535 2.68928 2.69253 2.69508 2.69691 2.69799 2.69833 2.69791 2.69675 2.69485 2.69223 2.68892 2.68494 2.68034 2.67516 2.66945 2.66325 2.65664 2.64966 2.64238 2.63487 2.62719 2.61942 2.6116 2.60382 2.59612 2.58857 2.58122 2.57411 2.56729 2.56079 2.55463 2.54886 2.54347 2.53848 2.53389 2.52971 2.52592 2.52252 2.51949 2.51681 2.51446 2.51243 2.51068 2.50921 2.50797 2.50695 2.50613 2.50548 2.50499 2.50464 2.5044 2.50427 2.50423 2.50428 2.5044 
2.49777 2.49802 2.49834 2.49874 2.49922 2.49979 2.50046 2.50125 2.50217 2.50323 2.50448 2.50592 2.50759 2.50952 2.51172 2.51425 2.51712 2.52035 2.52399 2.52804 2.53253 2.53746 2.54286 2.54871 2.55502 2.56176 2.56892 2.57647 2.58437 2.59258 2.60105 2.60972 2.61853 2.62742 2.6363 2.64512 2.6538 2.66226 2.67043 2.67823 2.68561 2.69249 2.69881 2.70452 2.70956 2.7139 2.71749 2.7203 2.72231 2.72351 2.72387 2.7234 2.72211 2.72 2.71709 2.71342 2.70901 2.7039 2.69815 2.6918 2.68491 2.67754 2.66976 2.66164 2.65324 2.64465 2.63594 2.62717 2.61842 2.60976 2.60125 2.59295 2.58491 2.57718 2.56981 2.56282 2.55624 2.5501 2.5444 2.53915 2.53435 2.53 2.52609 2.52259 2.51949 2.51677 2.5144 2.51237 2.51063 2.50917 2.50796 2.50698 2.50619 2.50558 2.50513 2.50482 2.50463 2.50454 2.50455 2.50465 
2.49803 2.49828 2.49862 2.49905 2.49957 2.5002 2.50095 2.50184 2.50288 2.50409 2.50551 2.50717 2.50908 2.51129 2.51383 2.51673 2.52002 2.52373 2.52789 2.53253 2.53765 2.54328 2.54942 2.55607 2.56322 2.57085 2.57894 2.58745 2.59635 2.60557 2.61507 2.62478 2.63462 2.64453 2.65443 2.66424 2.67387 2.68324 2.69228 2.70091 2.70905 2.71663 2.72359 2.72987 2.73541 2.74017 2.74411 2.74719 2.74939 2.75069 2.75108 2.75056 2.74913 2.74681 2.74361 2.73956 2.7347 2.72908 2.72273 2.71572 2.70811 2.69996 2.69134 2.68234 2.67302 2.66348 2.65377 2.644 2.63423 2.62455 2.61502 2.6057 2.59667 2.58798 2.57966 2.57177 2.56433 2.55737 2.5509 2.54493 2.53947 2.5345 2.53002 2.52601 2.52245 2.51932 2.51659 2.51423 2.51221 2.5105 2.50908 2.50791 2.50697 2.50624 2.50568 2.50528 2.50502 2.50488 2.50485 2.50492 
2.49831 2.49856 2.49892 2.49938 2.49995 2.50065 2.50149 2.50249 2.50366 2.50504 2.50666 2.50855 2.51074 2.51326 2.51617 2.51948 2.52323 2.52746 2.5322 2.53746 2.54328 2.54966 2.5566 2.56411 2.57216 2.58075 2.58983 2.59937 2.60932 2.61962 2.6302 2.641 2.65193 2.66291 2.67386 2.68469 2.69531 2.70563 2.71557 2.72504 2.73397 2.74227 2.74988 2.75674 2.76279 2.76798 2.77226 2.77562 2.77801 2.77942 2.77984 2.77926 2.7777 2.77516 2.77166 2.76724 2.76192 2.75577 2.74882 2.74113 2.73278 2.72383 2.71435 2.70443 2.69416 2.68362 2.67289 2.66206 2.65123 2.64047 2.62986 2.61948 2.60939 2.59966 2.59035 2.58149 2.57313 2.56529 2.55799 2.55125 2.54506 2.53943 2.53434 2.52977 2.52571 2.52213 2.51899 2.51628 2.51395 2.51197 2.51031 2.50894 2.50783 2.50695 2.50628 2.50578 2.50544 2.50525 2.50518 2.50522 
2.49861 2.49887 2.49924 2.49974 2.50037 2.50115 2.50208 2.5032 2.50453 2.50609 2.50793 2.51008 2.51256 2.51544 2.51873 2.52249 2.52675 2.53155 2.53691 2.54286 2.54942 2.5566 2.56441 2.57283 2.58185 2.59145 2.60158 2.6122 2.62326 2.63469 2.64641 2.65834 2.6704 2.6825 2.69453 2.70642 2.71805 2.72935 2.7402 2.75053 2.76025 2.76928 2.77755 2.78499 2.79155 2.79717 2.80181 2.80544 2.80802 2.80954 2.80999 2.80936 2.80766 2.8049 2.8011 2.7963 2.79053 2.78384 2.77628 2.76791 2.75881 2.74904 2.73868 2.72783 2.71658 2.70501 2.69322 2.6813 2.66936 2.65747 2.64574 2.63424 2.62304 2.61223 2.60186 2.59198 2.58263 2.57386 2.56568 2.5581 2.55114 2.54479 2.53904 2.53387 2.52927 2.52519 2.52162 2.51852 2.51585 2.51357 2.51166 2.51007 2.50877 2.50774 2.50693 2.50633 2.5059 2.50564 2.50553 2.50554 
2.49894 2.4992 2.4996 2.50014 2.50083 2.50169 2.50273 2.50399 2.50548 2.50725 2.50932 2.51175 2.51457 2.51782 2.52154 2.52579 2.53059 2.536 2.54203 2.54871 2.55607 2.56411 2.57283 2.58222 2.59227 2.60293 2.61417 2.62592 2.63814 2.65074 2.66364 2.67674 2.68997 2.70321 2.71636 2.72932 2.74199 2.75426 2.76604 2.77723 2.78775 2.79751 2.80644 2.81447 2.82153 2.82758 2.83257 2.83647 2.83924 2.84087 2.84134 2.84066 2.83883 2.83585 2.83176 2.82659 2.82036 2.81314 2.80497 2.79592 2.78606 2.77547 2.76423 2.75243 2.74017 2.72756 2.71468 2.70165 2.68856 2.67551 2.66261 2.64995 2.6376 2.62565 2.61417 2.60321 2.59283 2.58307 2.57395 2.56549 2.5577 2.55059 2.54413 2.53832 2.53313 2.52852 2.52448 2.52096 2.51792 2.51532 2.51313 2.5113 2.5098 2.50859 2.50764 2.50692 2.50641 2.50607 2.5059 2.50589 
2.4993 2.49956 2.49998 2.50057 2.50133 2.50228 2.50344 2.50484 2.50652 2.50851 2.51084 2.51357 2.51675 2.5204 2.52459 2.52936 2.53475 2.54081 2.54755 2.55502 2.56322 2.57216 2.58185 2.59227 2.60338 2.61516 2.62755 2.64048 2.6539 2.66771 2.68182 2.69613 2.71054 2.72494 2.73922 2.75327 2.76698 2.78024 2.79295 2.805 2.81631 2.8268 2.83637 2.84497 2.85254 2.85901 2.86434 2.8685 2.87146 2.87319 2.8737 2.87297 2.871 2.86782 2.86344 2.8579 2.85123 2.84348 2.83471 2.82499 2.81438 2.80296 2.79084 2.77809 2.76483 2.75115 2.73718 2.723 2.70875 2.69451 2.68041 2.66655 2.653 2.63987 2.62724 2.61516 2.60369 2.59289 2.58278 2.57339 2.56473 2.55681 2.5496 2.5431 2.53728 2.53212 2.52757 2.5236 2.52016 2.51722 2.51472 2.51264 2.51091 2.50952 2.50841 2.50757 2.50695 2.50654 2.50632 2.50626 
2.49968 2.49995 2.5004 2.50104 2.50187 2.50292 2.50421 2.50578 2.50765 2.50987 2.51249 2.51555 2.5191 2.5232 2.52788 2.53321 2.53923 2.54597 2.55347 2.56176 2.57085 2.58075 2.59145 2.60293 2.61516 2.62809 2.64167 2.65582 2.67047 2.68552 2.70086 2.7164 2.73201 2.74759 2.763 2.77814 2.79288 2.80712 2.82074 2.83365 2.84574 2.85693 2.86714 2.8763 2.88435 2.89123 2.89689 2.90131 2.90445 2.90629 2.90682 2.90604 2.90395 2.90057 2.89592 2.89002 2.88292 2.87466 2.86531 2.85492 2.84358 2.83136 2.81835 2.80467 2.7904 2.77567 2.76058 2.74526 2.72982 2.71438 2.69906 2.68396 2.66919 2.65485 2.64102 2.62778 2.61519 2.6033 2.59216 2.5818 2.57222 2.56344 2.55544 2.54822 2.54174 2.53597 2.53089 2.52643 2.52257 2.51926 2.51644 2.51407 2.51211 2.51052 2.50924 2.50826 2.50754 2.50704 2.50676 2.50667 
2.5001 2.50037 2.50085 2.50154 2.50245 2.50361 2.50504 2.50678 2.50887 2.51135 2.51427 2.51768 2.52164 2.5262 2.53141 2.53733 2.544 2.55147 2.55977 2.56892 2.57894 2.58983 2.60158 2.61417 2.62755 2.64167 2.65647 2.67187 2.68777 2.70407 2.72066 2.73743 2.75425 2.771 2.78754 2.80376 2.81953 2.83473 2.84925 2.86298 2.87583 2.88771 2.89853 2.90823 2.91674 2.92401 2.92999 2.93465 2.93796 2.9399 2.94046 2.93964 2.93743 2.93386 2.92895 2.92271 2.9152 2.90646 2.89654 2.88552 2.87346 2.86045 2.84659 2.83198 2.81673 2.80094 2.78476 2.76829 2.75166 2.73501 2.71845 2.70211 2.68609 2.67051 2.65546 2.64102 2.62726 2.61426 2.60205 2.59067 2.58014 2.57046 2.56164 2.55365 2.54647 2.54008 2.53442 2.52946 2.52515 2.52144 2.51828 2.51562 2.5134 2.51159 2.51014 2.50901 2.50817 2.50758 2.50724 2.5071 
2.50054 2.50083 2.50134 2.50208 2.50308 2.50436 2.50594 2.50787 2.51018 2.51293 2.51617 2.51995 2.52434 2.52939 2.53516 2.5417 2.54906 2.55729 2.56642 2.57647 2.58745 2.59937 2.6122 2.62592 2.64048 2.65582 2.67187 2.68852 2.70569 2.72326 2.7411 2.7591 2.77712 2.79503 2.81269 2.82997 2.84673 2.86287 2.87826 2.89279 2.90637 2.9189 2.9303 2.94051 2.94946 2.95709 2.96337 2.96826 2.97174 2.97377 2.97436 2.9735 2.97119 2.96744 2.96229 2.95574 2.94784 2.93864 2.92819 2.91656 2.90382 2.89005 2.87536 2.85985 2.84363 2.82682 2.80955 2.79194 2.77414 2.75627 2.73848 2.72088 2.7036 2.68676 2.67047 2.65481 2.63987 2.62571 2.6124 2.59998 2.58845 2.57785 2.56816 2.55938 2.55147 2.54442 2.53816 2.53267 2.52789 2.52376 2.52024 2.51726 2.51477 2.51273 2.51109 2.50981 2.50884 2.50816 2.50775 2.50757 
2.50102 2.50131 2.50186 2.50267 2.50376 2.50516 2.5069 2.50902 2.51158 2.51461 2.51819 2.52237 2.52721 2.53277 2.53912 2.54631 2.55439 2.56341 2.57339 2.58437 2.59635 2.60932 2.62326 2.63814 2.6539 2.67047 2.68777 2.70569 2.72413 2.74296 2.76205 2.78127 2.80047 2.81952 2.83826 2.85657 2.8743 2.89134 2.90756 2.92286 2.93712 2.95027 2.96222 2.9729 2.98226 2.99024 2.99679 3.0019 3.00552 3.00764 3.00826 3.00737 3.00496 3.00106 2.99568 2.98884 2.98059 2.97096 2.96001 2.94781 2.93442 2.91994 2.90446 2.88808 2.87093 2.85312 2.83479 2.81607 2.7971 2.77804 2.75901 2.74016 2.72162 2.70352 2.68596 2.66907 2.65292 2.6376 2.62317 2.60966 2.59712 2.58557 2.57499 2.56538 2.55672 2.54898 2.5421 2.53605 2.53078 2.52621 2.5223 2.519 2.51623 2.51395 2.51211 2.51066 2.50956 2.50878 2.50829 2.50807 
2.50153 2.50183 2.50241 2.50328 2.50447 2.506 2.50791 2.51025 2.51305 2.51639 2.52032 2.52491 2.53022 2.53632 2.54327 2.55113 2.55995 2.56978 2.58065 2.59258 2.60557 2.61962 2.63469 2.65074 2.66771 2.68552 2.70407 2.72326 2.74296 2.76304 2.78336 2.80378 2.82413 2.84428 2.86408 2.88338 2.90204 2.91993 2.93694 2.95295 2.96786 2.98158 2.99404 3.00516 3.01489 3.02318 3.02999 3.03529 3.03905 3.04125 3.0419 3.04098 3.03849 3.03445 3.02886 3.02177 3.01319 3.00317 2.99177 2.97904 2.96505 2.94989 2.93367 2.91647 2.89842 2.87965 2.8603 2.8405 2.8204 2.80016 2.77991 2.75982 2.74003 2.72067 2.70186 2.68372 2.66636 2.64985 2.63427 2.61968 2.6061 2.59357 2.58208 2.57163 2.56219 2.55373 2.54622 2.53959 2.5338 2.52878 2.52448 2.52082 2.51776 2.51523 2.51318 2.51155 2.51032 2.50943 2.50887 2.5086 
2.50206 2.50237 2.50299 2.50394 2.50523 2.5069 2.50898 2.51153 2.51461 2.51826 2.52256 2.52757 2.53337 2.54002 2.54759 2.55614 2.56572 2.57639 2.58816 2.60105 2.61507 2.6302 2.64641 2.66364 2.68182 2.70086 2.72066 2.7411 2.76205 2.78336 2.80488 2.82646 2.84793 2.86915 2.88995 2.91019 2.92973 2.94843 2.96617 2.98284 2.99835 3.0126 3.02552 3.03704 3.0471 3.05567 3.06271 3.06818 3.07207 3.07435 3.07502 3.07408 3.07152 3.06736 3.0616 3.05428 3.04541 3.03505 3.02323 3.01001 2.99548 2.9797 2.96277 2.9448 2.92592 2.90623 2.8859 2.86506 2.84386 2.82247 2.80105 2.77974 2.75871 2.73809 2.71804 2.69866 2.68008 2.66239 2.64566 2.62996 2.61534 2.60181 2.58939 2.57808 2.56784 2.55866 2.55049 2.54327 2.53694 2.53146 2.52674 2.52273 2.51936 2.51657 2.51429 2.51249 2.51111 2.51012 2.50948 2.50916 
2.50262 2.50294 2.5036 2.50462 2.50602 2.50783 2.5101 2.51288 2.51622 2.5202 2.52488 2.53033 2.53663 2.54384 2.55205 2.5613 2.57166 2.58317 2.59585 2.60972 2.62478 2.641 2.65834 2.67674 2.69613 2.7164 2.73743 2.7591 2.78127 2.80378 2.82646 2.84916 2.87171 2.89394 2.91569 2.93682 2.95718 2.97663 2.99505 3.01233 3.02837 3.0431 3.05643 3.0683 3.07867 3.08748 3.09472 3.10034 3.10433 3.10669 3.10738 3.10643 3.10381 3.09955 3.09365 3.08613 3.07701 3.06634 3.05416 3.04051 3.02548 3.00913 2.99157 2.97288 2.95321 2.93267 2.91141 2.88957 2.86733 2.84483 2.82226 2.79977 2.77752 2.75568 2.7344 2.7138 2.694 2.67513 2.65725 2.64045 2.62476 2.61024 2.59688 2.58469 2.57365 2.56373 2.55488 2.54705 2.54019 2.53422 2.52908 2.5247 2.52102 2.51795 2.51546 2.51347 2.51194 2.51084 2.51011 2.50975 
2.50321 2.50354 2.50424 2.50534 2.50684 2.5088 2.51126 2.51427 2.5179 2.52221 2.52727 2.53317 2.53998 2.54777 2.55662 2.56659 2.57773 2.59009 2.60368 2.61853 2.63462 2.65193 2.6704 2.68997 2.71054 2.73201 2.75425 2.77712 2.80047 2.82413 2.84793 2.87171 2.89527 2.91846 2.94112 2.96307 2.98418 3.00432 3.02336 3.04119 3.05772 3.07286 3.08655 3.09873 3.10936 3.11838 3.12579 3.13154 3.13563 3.13804 3.13877 3.1378 3.13514 3.1308 3.12478 3.1171 3.10777 3.09684 3.08434 3.07032 3.05484 3.03799 3.01984 3.00051 2.98011 2.95877 2.93664 2.91387 2.89062 2.86707 2.84339 2.81976 2.79634 2.77331 2.75081 2.72901 2.70802 2.68797 2.66896 2.65105 2.63432 2.61879 2.60449 2.59143 2.57957 2.5689 2.55937 2.55093 2.54352 2.53706 2.53149 2.52674 2.52272 2.51939 2.51666 2.51448 2.5128 2.51158 2.51077 2.51036 
2.50381 2.50415 2.5049 2.50607 2.50769 2.50981 2.51246 2.5157 2.51961 2.52426 2.52972 2.53607 2.5434 2.55177 2.56127 2.57195 2.58388 2.59708 2.61159 2.62742 2.64453 2.66291 2.6825 2.70321 2.72494 2.74759 2.771 2.79503 2.81952 2.84428 2.86915 2.89394 2.91846 2.94255 2.96604 2.98875 3.01056 3.03132 3.05091 3.06922 3.08618 3.10169 3.11569 3.12813 3.13897 3.14818 3.15572 3.16158 3.16575 3.16821 3.16896 3.16799 3.16531 3.16091 3.15479 3.14698 3.13749 3.12634 3.11358 3.09923 3.08337 3.06607 3.04741 3.02749 3.00642 2.98435 2.96141 2.93777 2.91358 2.88903 2.8643 2.83957 2.81502 2.79083 2.76717 2.74419 2.72204 2.70084 2.6807 2.66171 2.64393 2.62741 2.61217 2.59823 2.58556 2.57414 2.56393 2.55487 2.5469 2.53995 2.53394 2.52881 2.52447 2.52085 2.51789 2.51552 2.51369 2.51234 2.51145 2.51098 
2.50443 2.50478 2.50558 2.50683 2.50856 2.51083 2.51368 2.51716 2.52136 2.52635 2.5322 2.53901 2.54685 2.55581 2.56596 2.57735 2.59006 2.60411 2.61952 2.6363 2.65443 2.67386 2.69453 2.71636 2.73922 2.763 2.78754 2.81269 2.83826 2.86408 2.88995 2.91569 2.94112 2.96604 2.99028 3.0137 3.03613 3.05744 3.07752 3.09626 3.11358 3.1294 3.14366 3.15632 3.16733 3.17668 3.18434 3.19029 3.19452 3.19702 3.1978 3.19683 3.19413 3.18969 3.18351 3.1756 3.16598 3.15466 3.14168 3.12707 3.11089 3.09319 3.07408 3.05363 3.03198 3.00924 2.98556 2.9611 2.93604 2.91055 2.88483 2.85906 2.83343 2.80813 2.78334 2.75923 2.73594 2.71362 2.69239 2.67233 2.65352 2.63603 2.61986 2.60505 2.59157 2.57941 2.56852 2.55884 2.55031 2.54287 2.53642 2.53091 2.52624 2.52234 2.51914 2.51658 2.51459 2.51312 2.51214 2.51163 
2.50505 2.50542 2.50626 2.50759 2.50945 2.51187 2.51491 2.51864 2.52313 2.52845 2.53471 2.54197 2.55032 2.55986 2.57064 2.58275 2.59622 2.6111 2.6274 2.64512 2.66424 2.68469 2.70642 2.72932 2.75327 2.77814 2.80376 2.82997 2.85657 2.88338 2.91019 2.93682 2.96307 2.98875 3.0137 3.03773 3.06072 3.08252 3.10303 3.12213 3.13975 3.15583 3.1703 3.18313 3.19429 3.20374 3.21148 3.2175 3.22178 3.22432 3.22512 3.22416 3.22146 3.21699 3.21078 3.20281 3.19309 3.18164 3.16849 3.15367 3.13721 3.1192 3.09969 3.07879 3.05661 3.03327 3.00892 2.98372 2.95785 2.93149 2.90483 2.87808 2.85143 2.82508 2.79921 2.774 2.74963 2.72623 2.70393 2.68283 2.66302 2.64457 2.6275 2.61183 2.59756 2.58466 2.57309 2.5628 2.55373 2.54579 2.53891 2.53302 2.52802 2.52384 2.5204 2.51764 2.5155 2.51391 2.51285 2.51228 
2.50569 2.50607 2.50695 2.50836 2.51033 2.51291 2.51615 2.52011 2.52489 2.53056 2.5372 2.54491 2.55377 2.56388 2.57529 2.58809 2.60231 2.618 2.63517 2.6538 2.67387 2.69531 2.71805 2.74199 2.76698 2.79288 2.81953 2.84673 2.8743 2.90204 2.92973 2.95718 2.98418 3.01056 3.03613 3.06072 3.0842 3.10642 3.12729 3.1467 3.16457 3.18085 3.19549 3.20844 3.2197 3.22923 3.23703 3.2431 3.24741 3.24998 3.2508 3.24986 3.24716 3.2427 3.23646 3.22846 3.21868 3.20715 3.19387 3.17888 3.16221 3.14393 3.12409 3.1028 3.08016 3.05629 3.03134 3.00547 2.97885 2.95169 2.92417 2.8965 2.86889 2.84154 2.81465 2.78841 2.76299 2.73855 2.71522 2.69313 2.67236 2.65297 2.63502 2.61852 2.60347 2.58985 2.57762 2.56673 2.55712 2.54869 2.54139 2.53512 2.52979 2.52533 2.52166 2.51871 2.51641 2.5147 2.51356 2.51293 
2.50632 2.50671 2.50764 2.50913 2.51122 2.51394 2.51737 2.52158 2.52664 2.53263 2.53966 2.54781 2.55717 2.56783 2.57986 2.59333 2.60828 2.62475 2.64275 2.66226 2.68324 2.70563 2.72935 2.75426 2.78024 2.80712 2.83473 2.86287 2.89134 2.91993 2.94843 2.97663 3.00432 3.03132 3.05744 3.08252 3.10642 3.12901 3.15018 3.16983 3.18791 3.20434 3.2191 3.23215 3.24347 3.25305 3.26089 3.26698 3.27132 3.27391 3.27475 3.27383 3.27115 3.2667 3.26046 3.25245 3.24265 3.23106 3.2177 3.20259 3.18576 3.16727 3.14716 3.12554 3.1025 3.07816 3.05268 3.02621 2.99892 2.97102 2.94271 2.91419 2.88569 2.8574 2.82955 2.80233 2.77592 2.7505 2.72619 2.70314 2.68144 2.66116 2.64236 2.62505 2.60925 2.59494 2.58207 2.57059 2.56045 2.55155 2.54383 2.53719 2.53154 2.52681 2.52291 2.51977 2.51731 2.51549 2.51426 2.51359 
2.50694 2.50734 2.50832 2.50989 2.51209 2.51496 2.51858 2.52302 2.52835 2.53467 2.54207 2.55064 2.56048 2.57168 2.5843 2.59841 2.61406 2.63128 2.65008 2.67043 2.69228 2.71557 2.7402 2.76604 2.79295 2.82074 2.84925 2.87826 2.90756 2.93694 2.96617 2.99505 3.02336 3.05091 3.07752 3.10303 3.12729 3.15018 3.17159 3.19144 3.20967 3.22622 3.24105 3.25416 3.26552 3.27512 3.28298 3.28908 3.29344 3.29604 3.2969 3.296 3.29335 3.28892 3.28271 3.27471 3.2649 3.2533 3.2399 3.22471 3.20776 3.1891 3.16878 3.14688 3.12351 3.09877 3.07282 3.04581 3.01793 2.98936 2.96033 2.93103 2.9017 2.87255 2.8438 2.81567 2.78833 2.76197 2.73674 2.71278 2.6902 2.66907 2.64945 2.63138 2.61486 2.59987 2.58638 2.57435 2.56369 2.55434 2.54621 2.53921 2.53326 2.52826 2.52413 2.5208 2.5182 2.51627 2.51495 2.51423 
2.50755 2.50797 2.50898 2.51063 2.51293 2.51595 2.51976 2.52441 2.53001 2.53664 2.5444 2.55338 2.56368 2.57538 2.58857 2.6033 2.61962 2.63755 2.65709 2.67823 2.70091 2.72504 2.75053 2.77723 2.805 2.83365 2.86298 2.89279 2.92286 2.95295 2.98284 3.01233 3.04119 3.06922 3.09626 3.12213 3.1467 3.16983 3.19144 3.21144 3.22978 3.2464 3.26129 3.27442 3.28579 3.2954 3.30325 3.30936 3.31372 3.31633 3.31721 3.31633 3.31371 3.30931 3.30314 3.29517 3.28539 3.2738 3.26038 3.24515 3.22813 3.20935 3.18886 3.16674 3.14309 3.11801 3.09166 3.06418 3.03576 3.0066 2.97691 2.9469 2.91682 2.88687 2.8573 2.82831 2.80011 2.77288 2.74678 2.72197 2.69855 2.67662 2.65624 2.63744 2.62023 2.60461 2.59053 2.57796 2.56681 2.55702 2.54851 2.54117 2.53491 2.52966 2.52532 2.52181 2.51906 2.51702 2.51563 2.51486 
2.50813 2.50856 2.50962 2.51134 2.51375 2.51691 2.52088 2.52575 2.5316 2.53853 2.54662 2.55599 2.56673 2.57891 2.59263 2.60794 2.62488 2.64348 2.66373 2.68561 2.70905 2.73397 2.76025 2.78775 2.81631 2.84574 2.87583 2.90637 2.93712 2.96786 2.99835 3.02837 3.05772 3.08618 3.11358 3.13975 3.16457 3.18791 3.20967 3.22978 3.24819 3.26485 3.27976 3.29289 3.30425 3.31385 3.32169 3.32778 3.33213 3.33475 3.33564 3.3348 3.33221 3.32786 3.32173 3.31381 3.30408 3.29251 3.27911 3.26387 3.2468 3.22794 3.20733 3.18504 3.16115 3.13579 3.10909 3.08121 3.05232 3.02263 2.99235 2.96171 2.93093 2.90027 2.86994 2.84017 2.81117 2.78313 2.75624 2.73063 2.70644 2.68376 2.66266 2.64317 2.62533 2.6091 2.59447 2.58139 2.56979 2.55958 2.5507 2.54303 2.5365 2.531 2.52646 2.52278 2.51989 2.51774 2.51628 2.51546 
2.50869 2.50913 2.51023 2.51202 2.51453 2.51781 2.52195 2.52702 2.53311 2.54031 2.54872 2.55845 2.56959 2.58223 2.59644 2.61229 2.62981 2.64903 2.66993 2.69249 2.71663 2.74227 2.76928 2.79751 2.8268 2.85693 2.88771 2.9189 2.95027 2.98158 3.0126 3.0431 3.07286 3.10169 3.1294 3.15583 3.18085 3.20434 3.22622 3.2464 3.26485 3.28154 3.29644 3.30955 3.32089 3.33046 3.33827 3.34434 3.34869 3.35131 3.35222 3.3514 3.34885 3.34455 3.33847 3.33061 3.32093 3.30941 3.29604 3.28081 3.26373 3.24482 3.22413 3.2017 3.17764 3.15204 3.12504 3.09681 3.06751 3.03736 3.00656 2.97535 2.94396 2.91264 2.88163 2.85115 2.82142 2.79266 2.76503 2.7387 2.71379 2.69042 2.66865 2.64854 2.63009 2.61331 2.59817 2.58461 2.57258 2.56199 2.55276 2.54479 2.53799 2.53227 2.52753 2.52369 2.52068 2.51843 2.5169 2.51604 
2.50921 2.50967 2.51081 2.51265 2.51525 2.51866 2.52295 2.5282 2.53451 2.54196 2.55067 2.56074 2.57225 2.5853 2.59997 2.61631 2.63436 2.65414 2.67563 2.69881 2.72359 2.74988 2.77755 2.80644 2.83637 2.86714 2.89853 2.9303 2.96222 2.99404 3.02552 3.05643 3.08655 3.11569 3.14366 3.1703 3.19549 3.2191 3.24105 3.26129 3.27976 3.29644 3.31132 3.3244 3.3357 3.34523 3.35301 3.35906 3.36339 3.36601 3.36693 3.36614 3.36363 3.35938 3.35337 3.34557 3.33595 3.32449 3.31117 3.29597 3.2789 3.25997 3.23921 3.21669 3.19248 3.16669 3.13945 3.11092 3.08127 3.05071 3.01946 2.98775 2.95582 2.92392 2.89229 2.86118 2.8308 2.80137 2.77308 2.74609 2.72054 2.69654 2.67417 2.65348 2.63449 2.6172 2.60158 2.58759 2.57517 2.56422 2.55467 2.54642 2.53938 2.53345 2.52853 2.52455 2.52142 2.51908 2.51748 2.51658 
2.50969 2.51016 2.51133 2.51324 2.51592 2.51944 2.52386 2.52928 2.53579 2.54347 2.55245 2.56281 2.57467 2.58809 2.60317 2.61995 2.63848 2.65876 2.68079 2.70452 2.72987 2.75674 2.78499 2.81447 2.84497 2.8763 2.90823 2.94051 2.9729 3.00516 3.03704 3.0683 3.09873 3.12813 3.15632 3.18313 3.20844 3.23215 3.25416 3.27442 3.29289 3.30955 3.3244 3.33745 3.3487 3.35819 3.36594 3.37196 3.37627 3.37889 3.37982 3.37906 3.37658 3.37239 3.36644 3.3587 3.34915 3.33776 3.32449 3.30933 3.29228 3.27334 3.25255 3.22996 3.20564 3.17969 3.15225 3.12347 3.09353 3.06262 3.03098 2.99883 2.96643 2.93402 2.90186 2.87018 2.83923 2.80921 2.78033 2.75276 2.72663 2.70207 2.67915 2.65794 2.63847 2.62072 2.60468 2.5903 2.57752 2.56625 2.55641 2.54791 2.54065 2.53452 2.52945 2.52533 2.52209 2.51967 2.51801 2.51708 
2.51013 2.5106 2.51181 2.51376 2.51652 2.52014 2.52469 2.53025 2.53693 2.54483 2.55404 2.56467 2.57682 2.59057 2.60601 2.62318 2.64213 2.66286 2.68535 2.70956 2.73541 2.76279 2.79155 2.82153 2.85254 2.88435 2.91674 2.94946 2.98226 3.01489 3.0471 3.07867 3.10936 3.13897 3.16733 3.19429 3.2197 3.24347 3.26552 3.28579 3.30425 3.32089 3.3357 3.3487 3.35992 3.36936 3.37707 3.38306 3.38736 3.38997 3.39091 3.39017 3.38774 3.38359 3.3777 3.37003 3.36054 3.34921 3.336 3.32089 3.30387 3.28494 3.26413 3.24149 3.21708 3.19101 3.16341 3.13442 3.10423 3.07303 3.04106 3.00854 2.97573 2.94289 2.91026 2.8781 2.84664 2.81612 2.78672 2.75864 2.73201 2.70695 2.68356 2.6619 2.64199 2.62384 2.60743 2.5927 2.57961 2.56806 2.55797 2.54924 2.54178 2.53549 2.53027 2.52603 2.52269 2.5202 2.51849 2.51752 
2.51051 2.51099 2.51222 2.51422 2.51705 2.52075 2.5254 2.5311 2.53793 2.546 2.55542 2.56628 2.57868 2.59272 2.60846 2.62597 2.64528 2.66638 2.68928 2.7139 2.74017 2.76798 2.79717 2.82758 2.85901 2.89123 2.92401 2.95709 2.99024 3.02318 3.05567 3.08748 3.11838 3.14818 3.17668 3.20374 3.22923 3.25305 3.27512 3.2954 3.31385 3.33046 3.34523 3.35819 3.36936 3.37877 3.38644 3.3924 3.39669 3.3993 3.40025 3.39953 3.39713 3.39302 3.38718 3.37957 3.37015 3.35888 3.34572 3.33066 3.31367 3.29475 3.27393 3.25125 3.22678 3.20062 3.17288 3.14373 3.11333 3.0819 3.04964 3.01682 2.98367 2.95046 2.91744 2.88487 2.85299 2.82204 2.79221 2.76368 2.73662 2.71115 2.68736 2.66531 2.64503 2.62654 2.6098 2.59478 2.58142 2.56962 2.55932 2.5504 2.54277 2.53633 2.53098 2.52664 2.52322 2.52067 2.51891 2.51792 
2.51083 2.51132 2.51258 2.51462 2.51749 2.52126 2.52601 2.53181 2.53877 2.54699 2.55657 2.56762 2.58024 2.59451 2.61051 2.62829 2.64789 2.66931 2.69253 2.71749 2.74411 2.77226 2.80181 2.83257 2.86434 2.89689 2.92999 2.96337 2.99679 3.02999 3.06271 3.09472 3.12579 3.15572 3.18434 3.21148 3.23703 3.26089 3.28298 3.30325 3.32169 3.33827 3.35301 3.36594 3.37707 3.38644 3.39408 3.40002 3.40429 3.4069 3.40786 3.40716 3.40478 3.40072 3.39492 3.38736 3.37799 3.36677 3.35367 3.33864 3.32168 3.30278 3.28196 3.25925 3.23473 3.20849 3.18065 3.15136 3.1208 3.08917 3.0567 3.02362 2.9902 2.95669 2.92335 2.89045 2.85823 2.82692 2.79673 2.76785 2.74044 2.71463 2.6905 2.66814 2.64756 2.62878 2.61178 2.59652 2.58293 2.57093 2.56044 2.55136 2.54359 2.53703 2.53158 2.52716 2.52367 2.52106 2.51927 2.51825 
2.5111 2.51159 2.51286 2.51493 2.51785 2.52168 2.52649 2.53238 2.53944 2.54777 2.55748 2.56868 2.58147 2.59592 2.61212 2.63012 2.64995 2.67161 2.69508 2.7203 2.74719 2.77562 2.80544 2.83647 2.8685 2.90131 2.93465 2.96826 3.0019 3.03529 3.06818 3.10034 3.13154 3.16158 3.19029 3.2175 3.2431 3.26698 3.28908 3.30936 3.32778 3.34434 3.35906 3.37196 3.38306 3.3924 3.40002 3.40595 3.41021 3.41282 3.41378 3.41309 3.41074 3.4067 3.40094 3.39342 3.38409 3.37291 3.35984 3.34485 3.32791 3.30902 3.28819 3.26547 3.24091 3.21461 3.18669 3.1573 3.12661 3.09483 3.06219 3.02892 2.99528 2.96154 2.92796 2.8948 2.86231 2.83073 2.80027 2.77112 2.74343 2.71735 2.69297 2.67035 2.64954 2.63054 2.61334 2.59788 2.58412 2.57197 2.56134 2.55213 2.54425 2.53759 2.53206 2.52757 2.52403 2.52138 2.51955 2.51852 
2.51129 2.51179 2.51308 2.51517 2.51812 2.52198 2.52685 2.5328 2.53993 2.54834 2.55815 2.56946 2.58236 2.59695 2.61329 2.63144 2.65143 2.67326 2.69691 2.72231 2.74939 2.77801 2.80802 2.83924 2.87146 2.90445 2.93796 2.97174 3.00552 3.03905 3.07207 3.10433 3.13563 3.16575 3.19452 3.22178 3.24741 3.27132 3.29344 3.31372 3.33213 3.34869 3.36339 3.37627 3.38736 3.39669 3.40429 3.41021 3.41446 3.41707 3.41803 3.41736 3.41502 3.41101 3.40527 3.39777 3.38847 3.37731 3.36427 3.34929 3.33236 3.31348 3.29265 3.26991 3.24532 3.21897 3.19099 3.16152 3.13074 3.09885 3.06608 3.03268 2.99889 2.96498 2.93123 2.89789 2.86521 2.83344 2.80279 2.77344 2.74557 2.7193 2.69473 2.67195 2.65097 2.63181 2.61446 2.59887 2.58498 2.57272 2.56199 2.55269 2.54473 2.53801 2.53242 2.52788 2.5243 2.52161 2.51977 2.51872 
2.51142 2.51193 2.51322 2.51532 2.51829 2.52218 2.52708 2.53306 2.54023 2.5487 2.55857 2.56994 2.58291 2.59757 2.61399 2.63223 2.65231 2.67424 2.69799 2.72351 2.75069 2.77942 2.80954 2.84087 2.87319 2.90629 2.9399 2.97377 3.00764 3.04125 3.07435 3.10669 3.13804 3.16821 3.19702 3.22432 3.24998 3.27391 3.29604 3.31633 3.33475 3.35131 3.36601 3.37889 3.38997 3.3993 3.4069 3.41282 3.41707 3.41968 3.42065 3.41998 3.41765 3.41364 3.40791 3.40042 3.39113 3.37999 3.36694 3.35197 3.33504 3.31615 3.29531 3.27255 3.24793 3.22156 3.19353 3.16401 3.13317 3.10122 3.06837 3.03488 3.001 2.967 2.93315 2.8997 2.86692 2.83503 2.80427 2.77481 2.74683 2.72045 2.69578 2.67289 2.65182 2.63258 2.61514 2.59947 2.58551 2.57318 2.56239 2.55304 2.54503 2.53827 2.53264 2.52807 2.52447 2.52177 2.51991 2.51886 
