3.4236 3.42381 3.42404 3.42428 3.42454 3.42481 3.4251 3.4254 3.42572 3.42605 3.42641 3.42678 3.42719 3.42762 3.42808 3.42858 3.42911 3.42969 3.43031 3.43097 3.43168 3.43244 3.43326 3.43412 3.43504 3.43601 3.43702 3.43809 3.43919 3.44034 3.44152 3.44273 3.44396 3.4452 3.44644 3.44768 3.4489 3.4501 3.45127 3.45239 3.45346 3.45446 3.45539 3.45624 3.457 3.45765 3.45821 3.45865 3.45897 3.45918 3.45927 3.45924 3.45909 3.45882 3.45843 3.45794 3.45733 3.45663 3.45583 3.45495 3.454 3.45298 3.4519 3.45078 3.44962 3.44843 3.44723 3.44602 3.44482 3.44363 3.44246 3.44131 3.44021 3.43914 3.43812 3.43715 3.43624 3.43538 3.43459 3.43386 3.43319 3.43259 3.43205 3.43157 3.43115 3.43079 3.43049 3.43024 3.43005 3.4299 3.4298 3.42974 3.42972 3.42974 3.42979 3.42988 3.42999 3.43012 3.43028 3.43045 
3.42381 3.42403 3.42425 3.4245 3.42475 3.42502 3.42531 3.42561 3.42593 3.42627 3.42662 3.427 3.42741 3.42784 3.42831 3.42881 3.42934 3.42992 3.43055 3.43122 3.43194 3.43271 3.43353 3.43441 3.43533 3.43631 3.43735 3.43842 3.43955 3.44071 3.44191 3.44313 3.44438 3.44563 3.4469 3.44815 3.4494 3.45062 3.4518 3.45294 3.45402 3.45504 3.45599 3.45685 3.45761 3.45828 3.45884 3.45929 3.45962 3.45983 3.45992 3.45989 3.45974 3.45946 3.45907 3.45856 3.45795 3.45724 3.45643 3.45554 3.45457 3.45353 3.45244 3.45129 3.45012 3.44891 3.44769 3.44647 3.44525 3.44404 3.44285 3.44169 3.44056 3.43948 3.43845 3.43747 3.43654 3.43567 3.43487 3.43413 3.43345 3.43284 3.43229 3.43181 3.43139 3.43102 3.43072 3.43047 3.43027 3.43012 3.43002 3.42996 3.42994 3.42996 3.43001 3.43009 3.4302 3.43033 3.43049 3.43067 
3.42404 3.42425 3.42448 3.42473 3.42499 3.42526 3.42555 3.42585 3.42618 3.42652 3.42689 3.42728 3.42769 3.42814 3.42862 3.42914 3.4297 3.4303 3.43094 3.43164 3.43239 3.43319 3.43405 3.43496 3.43593 3.43695 3.43803 3.43915 3.44033 3.44154 3.44279 3.44407 3.44537 3.44668 3.448 3.44931 3.4506 3.45188 3.45311 3.4543 3.45543 3.45649 3.45747 3.45837 3.45917 3.45986 3.46044 3.46091 3.46125 3.46147 3.46157 3.46153 3.46137 3.46108 3.46067 3.46014 3.4595 3.45876 3.45791 3.45698 3.45597 3.45489 3.45374 3.45255 3.45132 3.45007 3.4488 3.44752 3.44624 3.44498 3.44374 3.44253 3.44135 3.44022 3.43914 3.43812 3.43715 3.43624 3.4354 3.43463 3.43392 3.43328 3.4327 3.43219 3.43175 3.43137 3.43104 3.43078 3.43057 3.4304 3.43029 3.43022 3.4302 3.43021 3.43025 3.43033 3.43043 3.43057 3.43072 3.4309 
3.42428 3.4245 3.42473 3.42497 3.42524 3.42552 3.42581 3.42613 3.42646 3.42682 3.4272 3.42761 3.42805 3.42852 3.42903 3.42958 3.43017 3.43081 3.4315 3.43224 3.43304 3.4339 3.43482 3.4358 3.43684 3.43793 3.43908 3.44029 3.44154 3.44284 3.44418 3.44555 3.44694 3.44834 3.44975 3.45115 3.45254 3.45389 3.45521 3.45648 3.45768 3.45881 3.45986 3.46082 3.46167 3.4624 3.46302 3.46352 3.46388 3.46412 3.46421 3.46417 3.464 3.46369 3.46325 3.46268 3.462 3.4612 3.4603 3.4593 3.45822 3.45706 3.45584 3.45457 3.45325 3.45191 3.45055 3.44918 3.44781 3.44646 3.44513 3.44384 3.44258 3.44137 3.44021 3.43911 3.43807 3.4371 3.43619 3.43536 3.43459 3.4339 3.43328 3.43273 3.43224 3.43182 3.43147 3.43117 3.43094 3.43075 3.43062 3.43053 3.43049 3.43049 3.43052 3.43059 3.43069 3.43082 3.43097 3.43114 
3.42454 3.42475 3.42499 3.42524 3.42551 3.42579 3.4261 3.42643 3.42678 3.42716 3.42757 3.428 3.42847 3.42898 3.42953 3.43012 3.43077 3.43147 3.43222 3.43303 3.43391 3.43485 3.43585 3.43692 3.43806 3.43926 3.44052 3.44184 3.44321 3.44463 3.44609 3.44758 3.4491 3.45064 3.45217 3.4537 3.45521 3.45669 3.45812 3.4595 3.46081 3.46204 3.46318 3.46421 3.46514 3.46594 3.46661 3.46714 3.46754 3.46779 3.46789 3.46784 3.46765 3.46731 3.46682 3.46621 3.46546 3.46459 3.46361 3.46252 3.46134 3.46008 3.45875 3.45736 3.45592 3.45446 3.45297 3.45148 3.44998 3.44851 3.44705 3.44563 3.44425 3.44293 3.44166 3.44045 3.43931 3.43824 3.43724 3.43632 3.43548 3.43471 3.43402 3.43341 3.43287 3.43239 3.43199 3.43166 3.43138 3.43116 3.431 3.43089 3.43083 3.43081 3.43083 3.43088 3.43097 3.43109 3.43123 3.4314 
3.42481 3.42502 3.42526 3.42552 3.42579 3.4261 3.42642 3.42677 3.42714 3.42755 3.42798 3.42846 3.42897 3.42953 3.43013 3.43079 3.4315 3.43227 3.43311 3.43401 3.43498 3.43603 3.43715 3.43834 3.43961 3.44094 3.44235 3.44381 3.44534 3.44692 3.44854 3.4502 3.45189 3.45359 3.45529 3.45698 3.45865 3.46029 3.46188 3.4634 3.46484 3.4662 3.46745 3.46859 3.46961 3.47049 3.47122 3.47181 3.47224 3.47251 3.47262 3.47256 3.47234 3.47197 3.47143 3.47075 3.46992 3.46895 3.46786 3.46666 3.46535 3.46396 3.46248 3.46095 3.45936 3.45773 3.45608 3.45442 3.45277 3.45113 3.44951 3.44793 3.4464 3.44492 3.4435 3.44215 3.44088 3.43968 3.43857 3.43753 3.43659 3.43572 3.43494 3.43424 3.43363 3.43309 3.43262 3.43223 3.43191 3.43165 3.43144 3.4313 3.43121 3.43116 3.43116 3.43119 3.43127 3.43137 3.43151 3.43167 
3.4251 3.42531 3.42555 3.42581 3.4261 3.42642 3.42676 3.42714 3.42754 3.42798 3.42846 3.42898 3.42954 3.43016 3.43083 3.43157 3.43237 3.43323 3.43418 3.43519 3.43629 3.43747 3.43873 3.44007 3.4415 3.44301 3.44459 3.44624 3.44796 3.44974 3.45156 3.45343 3.45532 3.45722 3.45913 3.46103 3.4629 3.46472 3.46649 3.46819 3.46981 3.47132 3.47271 3.47398 3.47511 3.47609 3.4769 3.47755 3.47803 3.47832 3.47844 3.47837 3.47813 3.4777 3.4771 3.47633 3.4754 3.47432 3.4731 3.47176 3.4703 3.46873 3.46708 3.46536 3.46358 3.46176 3.45991 3.45805 3.45619 3.45435 3.45253 3.45075 3.44903 3.44736 3.44576 3.44424 3.4428 3.44144 3.44018 3.43901 3.43793 3.43694 3.43605 3.43524 3.43453 3.43391 3.43336 3.4329 3.43251 3.4322 3.43195 3.43176 3.43163 3.43155 3.43152 3.43153 3.43159 3.43168 3.43181 3.43196 
3.4254 3.42561 3.42585 3.42613 3.42643 3.42677 3.42714 3.42754 3.42798 3.42846 3.42899 3.42957 3.4302 3.43089 3.43165 3.43248 3.43338 3.43437 3.43543 3.43659 3.43784 3.43918 3.44061 3.44214 3.44376 3.44547 3.44727 3.44915 3.45109 3.45311 3.45517 3.45728 3.45942 3.46157 3.46372 3.46586 3.46797 3.47002 3.47202 3.47392 3.47574 3.47743 3.479 3.48042 3.48168 3.48277 3.48368 3.48441 3.48494 3.48526 3.48539 3.48531 3.48503 3.48454 3.48386 3.483 3.48195 3.48073 3.47936 3.47784 3.4762 3.47444 3.47258 3.47063 3.46863 3.46657 3.46448 3.46238 3.46028 3.45819 3.45614 3.45412 3.45217 3.45028 3.44846 3.44673 3.44508 3.44354 3.44209 3.44075 3.43951 3.43838 3.43734 3.43642 3.43559 3.43486 3.43422 3.43367 3.43321 3.43282 3.43251 3.43227 3.43209 3.43198 3.43191 3.4319 3.43193 3.43201 3.43212 3.43227 
3.42572 3.42593 3.42618 3.42646 3.42678 3.42714 3.42754 3.42798 3.42846 3.429 3.42959 3.43023 3.43095 3.43173 3.43259 3.43353 3.43456 3.43568 3.4369 3.43822 3.43964 3.44117 3.44281 3.44456 3.44641 3.44836 3.45041 3.45255 3.45477 3.45706 3.45941 3.4618 3.46423 3.46667 3.4691 3.47152 3.4739 3.47623 3.47848 3.48063 3.48267 3.48458 3.48634 3.48794 3.48936 3.49058 3.49161 3.49242 3.49301 3.49337 3.4935 3.49341 3.49309 3.49254 3.49177 3.49079 3.4896 3.48823 3.48667 3.48496 3.4831 3.4811 3.479 3.4768 3.47453 3.4722 3.46983 3.46745 3.46506 3.4627 3.46036 3.45807 3.45584 3.45368 3.45161 3.44963 3.44775 3.44598 3.44432 3.44278 3.44135 3.44004 3.43885 3.43777 3.43681 3.43595 3.4352 3.43455 3.434 3.43353 3.43315 3.43284 3.43261 3.43245 3.43234 3.4323 3.4323 3.43236 3.43245 3.43259 
3.42605 3.42627 3.42652 3.42682 3.42716 3.42755 3.42798 3.42846 3.429 3.42959 3.43025 3.43098 3.43179 3.43268 3.43365 3.43473 3.4359 3.43718 3.43858 3.44009 3.44172 3.44348 3.44535 3.44735 3.44947 3.4517 3.45404 3.45648 3.45901 3.46162 3.46429 3.46702 3.46977 3.47254 3.47531 3.47805 3.48075 3.48338 3.48592 3.48835 3.49065 3.49281 3.49479 3.49659 3.49819 3.49956 3.50071 3.50162 3.50228 3.50268 3.50283 3.50271 3.50234 3.50172 3.50085 3.49973 3.49839 3.49684 3.49508 3.49314 3.49103 3.48878 3.48639 3.4839 3.48132 3.47868 3.476 3.47329 3.47058 3.46789 3.46523 3.46262 3.46007 3.45761 3.45525 3.45298 3.45083 3.4488 3.44689 3.44512 3.44347 3.44196 3.44058 3.43933 3.4382 3.4372 3.43632 3.43555 3.43488 3.43432 3.43386 3.43348 3.43318 3.43296 3.43281 3.43273 3.4327 3.43273 3.43281 3.43293 
3.42641 3.42662 3.42689 3.4272 3.42757 3.42798 3.42846 3.42899 3.42959 3.43025 3.43099 3.43182 3.43273 3.43374 3.43486 3.43608 3.43743 3.4389 3.44049 3.44223 3.4441 3.44611 3.44825 3.45054 3.45296 3.45551 3.45819 3.46097 3.46385 3.46682 3.46987 3.47296 3.47609 3.47924 3.48237 3.48548 3.48853 3.4915 3.49438 3.49712 3.49972 3.50215 3.50438 3.50641 3.5082 3.50975 3.51104 3.51205 3.51279 3.51324 3.5134 3.51326 3.51284 3.51213 3.51114 3.50988 3.50836 3.5066 3.50462 3.50242 3.50004 3.49749 3.49479 3.49197 3.48905 3.48605 3.48301 3.47993 3.47686 3.47379 3.47077 3.4678 3.4649 3.46209 3.45939 3.4568 3.45434 3.45201 3.44982 3.44778 3.44588 3.44413 3.44254 3.44108 3.43978 3.43861 3.43757 3.43666 3.43588 3.43521 3.43464 3.43418 3.43381 3.43352 3.43332 3.43319 3.43313 3.43313 3.43318 3.4333 
3.42678 3.427 3.42728 3.42761 3.428 3.42846 3.42898 3.42957 3.43023 3.43098 3.43182 3.43275 3.43379 3.43494 3.43621 3.43761 3.43915 3.44083 3.44266 3.44464 3.44678 3.44908 3.45154 3.45415 3.45692 3.45983 3.46287 3.46604 3.46933 3.4727 3.47616 3.47967 3.48322 3.48678 3.49033 3.49384 3.49729 3.50065 3.50389 3.50698 3.50991 3.51264 3.51515 3.51742 3.51944 3.52117 3.52261 3.52375 3.52457 3.52507 3.52524 3.52509 3.5246 3.5238 3.52268 3.52126 3.51955 3.51756 3.51532 3.51284 3.51015 3.50727 3.50422 3.50103 3.49773 3.49435 3.4909 3.48742 3.48392 3.48045 3.47701 3.47364 3.47034 3.46714 3.46406 3.46111 3.45829 3.45563 3.45312 3.45078 3.4486 3.44659 3.44474 3.44307 3.44155 3.44019 3.43898 3.43791 3.43699 3.43619 3.43551 3.43495 3.4345 3.43414 3.43387 3.43369 3.43359 3.43355 3.43359 3.43368 
3.42719 3.42741 3.42769 3.42805 3.42847 3.42897 3.42954 3.4302 3.43095 3.43179 3.43273 3.43379 3.43497 3.43628 3.43773 3.43933 3.44108 3.443 3.44509 3.44736 3.4498 3.45242 3.45523 3.4582 3.46135 3.46467 3.46813 3.47173 3.47546 3.47929 3.4832 3.48718 3.49119 3.49521 3.49922 3.50318 3.50706 3.51084 3.51448 3.51796 3.52124 3.52431 3.52712 3.52967 3.53192 3.53386 3.53548 3.53675 3.53766 3.53821 3.5384 3.53822 3.53767 3.53676 3.5355 3.5339 3.53198 3.52974 3.52722 3.52443 3.5214 3.51816 3.51473 3.51113 3.50741 3.50359 3.4997 3.49576 3.49182 3.48788 3.48399 3.48016 3.47643 3.47279 3.46929 3.46593 3.46272 3.45968 3.45682 3.45414 3.45164 3.44934 3.44722 3.44528 3.44353 3.44195 3.44055 3.43931 3.43822 3.43728 3.43648 3.43581 3.43525 3.43481 3.43448 3.43423 3.43408 3.43401 3.43402 3.4341 
3.42762 3.42784 3.42814 3.42852 3.42898 3.42953 3.43016 3.43089 3.43173 3.43268 3.43374 3.43494 3.43628 3.43777 3.43942 3.44124 3.44324 3.44543 3.44781 3.45039 3.45317 3.45615 3.45934 3.46272 3.4663 3.47006 3.47398 3.47806 3.48227 3.4866 3.49102 3.4955 3.50003 3.50455 3.50906 3.51351 3.51787 3.5221 3.52619 3.53008 3.53376 3.53718 3.54033 3.54317 3.54569 3.54785 3.54964 3.55106 3.55207 3.55268 3.55288 3.55267 3.55206 3.55104 3.54962 3.54783 3.54567 3.54317 3.54034 3.53721 3.53382 3.53018 3.52632 3.52229 3.51811 3.51381 3.50943 3.505 3.50056 3.49612 3.49173 3.48741 3.48318 3.47907 3.4751 3.47129 3.46765 3.46419 3.46093 3.45788 3.45503 3.45239 3.44996 3.44774 3.44573 3.44391 3.44229 3.44085 3.43958 3.43848 3.43754 3.43674 3.43608 3.43555 3.43513 3.43482 3.43461 3.4345 3.43448 3.43454 
3.42808 3.42831 3.42862 3.42903 3.42953 3.43013 3.43083 3.43165 3.43259 3.43365 3.43486 3.43621 3.43773 3.43942 3.44129 3.44336 3.44563 3.44812 3.45082 3.45375 3.4569 3.46029 3.4639 3.46773 3.47177 3.47602 3.48045 3.48505 3.4898 3.49467 3.49964 3.50468 3.50975 3.51483 3.51988 3.52485 3.52973 3.53446 3.53902 3.54337 3.54746 3.55128 3.55478 3.55794 3.56073 3.56314 3.56513 3.56669 3.56782 3.56849 3.56871 3.56847 3.56777 3.56663 3.56505 3.56305 3.56064 3.55785 3.55469 3.5512 3.54741 3.54334 3.53903 3.53452 3.52984 3.52503 3.52012 3.51516 3.51016 3.50518 3.50025 3.49538 3.49062 3.48599 3.48151 3.4772 3.47309 3.46917 3.46548 3.46201 3.45877 3.45577 3.453 3.45047 3.44816 3.44608 3.44421 3.44255 3.44109 3.43981 3.43871 3.43777 3.43699 3.43635 3.43584 3.43546 3.43519 3.43503 3.43497 3.43501 
3.42858 3.42881 3.42914 3.42958 3.43012 3.43079 3.43157 3.43248 3.43353 3.43473 3.43608 3.43761 3.43933 3.44124 3.44336 3.4457 3.44827 3.45109 3.45415 3.45746 3.46102 3.46485 3.46892 3.47324 3.4778 3.48257 3.48755 3.49272 3.49805 3.50351 3.50908 3.51471 3.52038 3.52605 3.53168 3.53723 3.54266 3.54793 3.55299 3.55782 3.56237 3.5666 3.57048 3.57398 3.57707 3.57973 3.58193 3.58366 3.5849 3.58563 3.58587 3.5856 3.58482 3.58355 3.58179 3.57957 3.57689 3.57379 3.57028 3.5664 3.56218 3.55766 3.55286 3.54784 3.54263 3.53726 3.53178 3.52624 3.52066 3.51509 3.50956 3.50411 3.49877 3.49357 3.48854 3.48369 3.47905 3.47465 3.47048 3.46656 3.46289 3.45949 3.45635 3.45347 3.45084 3.44846 3.44632 3.44442 3.44274 3.44126 3.43999 3.43889 3.43798 3.43722 3.43662 3.43615 3.43582 3.4356 3.43551 3.43552 
3.42911 3.42934 3.4297 3.43017 3.43077 3.4315 3.43237 3.43338 3.43456 3.4359 3.43743 3.43915 3.44108 3.44324 3.44563 3.44827 3.45117 3.45435 3.4578 3.46153 3.46554 3.46984 3.47442 3.47927 3.48438 3.48973 3.49531 3.50109 3.50704 3.51314 3.51934 3.52562 3.53193 3.53823 3.54449 3.55065 3.55666 3.5625 3.56811 3.57344 3.57847 3.58314 3.58742 3.59128 3.59469 3.59762 3.60004 3.60194 3.6033 3.6041 3.60436 3.60405 3.60319 3.60178 3.59984 3.59737 3.59441 3.59098 3.5871 3.58281 3.57814 3.57313 3.56782 3.56225 3.55646 3.55051 3.54442 3.53825 3.53205 3.52584 3.51968 3.5136 3.50764 3.50183 3.49619 3.49077 3.48557 3.48062 3.47593 3.47152 3.46739 3.46355 3.46001 3.45674 3.45377 3.45107 3.44864 3.44646 3.44454 3.44285 3.44138 3.44012 3.43905 3.43817 3.43745 3.4369 3.43649 3.43622 3.43608 3.43607 
3.42969 3.42992 3.4303 3.43081 3.43147 3.43227 3.43323 3.43437 3.43568 3.43718 3.4389 3.44083 3.443 3.44543 3.44812 3.45109 3.45435 3.45791 3.46178 3.46597 3.47047 3.47528 3.48041 3.48583 3.49154 3.49751 3.50373 3.51016 3.51678 3.52355 3.53044 3.5374 3.5444 3.55137 3.55829 3.56509 3.57173 3.57817 3.58434 3.59022 3.59575 3.60088 3.60559 3.60983 3.61357 3.61677 3.61943 3.6215 3.62299 3.62387 3.62414 3.6238 3.62284 3.62129 3.61915 3.61644 3.61318 3.6094 3.60513 3.60041 3.59526 3.58974 3.58388 3.57773 3.57134 3.56476 3.55803 3.55121 3.54433 3.53745 3.53061 3.52386 3.51723 3.51076 3.50449 3.49843 3.49263 3.4871 3.48186 3.47692 3.47229 3.46798 3.46399 3.46031 3.45696 3.45391 3.45116 3.44869 3.4465 3.44458 3.4429 3.44145 3.44022 3.4392 3.43836 3.43771 3.43722 3.43688 3.4367 3.43666 
3.43031 3.43055 3.43094 3.4315 3.43222 3.43311 3.43418 3.43543 3.4369 3.43858 3.44049 3.44266 3.44509 3.44781 3.45082 3.45415 3.4578 3.46178 3.46611 3.47079 3.47581 3.48118 3.48689 3.49292 3.49927 3.5059 3.5128 3.51994 3.52727 3.53476 3.54237 3.55006 3.55777 3.56545 3.57306 3.58054 3.58784 3.59491 3.60168 3.60812 3.61417 3.61979 3.62494 3.62957 3.63366 3.63716 3.64005 3.64231 3.64393 3.64488 3.64517 3.64479 3.64375 3.64204 3.6397 3.63673 3.63316 3.62902 3.62434 3.61916 3.61352 3.60746 3.60103 3.59428 3.58725 3.58001 3.5726 3.56508 3.5575 3.54991 3.54235 3.53488 3.52755 3.52038 3.51342 3.5067 3.50025 3.4941 3.48826 3.48275 3.47758 3.47276 3.4683 3.46418 3.46041 3.45698 3.45389 3.45111 3.44863 3.44645 3.44454 3.44289 3.44149 3.44031 3.43934 3.43858 3.438 3.4376 3.43737 3.4373 
3.43097 3.43122 3.43164 3.43224 3.43303 3.43401 3.43519 3.43659 3.43822 3.44009 3.44223 3.44464 3.44736 3.45039 3.45375 3.45746 3.46153 3.46597 3.47079 3.47599 3.48157 3.48753 3.49387 3.50055 3.50758 3.51492 3.52254 3.53041 3.53849 3.54674 3.55512 3.56356 3.57203 3.58046 3.5888 3.59698 3.60497 3.61268 3.62008 3.62711 3.63371 3.63983 3.64543 3.65047 3.65491 3.65871 3.66185 3.66431 3.66606 3.66709 3.6674 3.66698 3.66584 3.66398 3.66143 3.65819 3.6543 3.64979 3.64469 3.63903 3.63287 3.62626 3.61923 3.61185 3.60416 3.59623 3.58811 3.57986 3.57153 3.56319 3.55488 3.54666 3.53858 3.53067 3.52299 3.51556 3.50843 3.50161 3.49514 3.48902 3.48328 3.47792 3.47294 3.46835 3.46414 3.4603 3.45683 3.45371 3.45093 3.44847 3.44631 3.44445 3.44285 3.4415 3.4404 3.43951 3.43884 3.43837 3.43808 3.43798 
3.43168 3.43194 3.43239 3.43304 3.43391 3.43498 3.43629 3.43784 3.43964 3.44172 3.4441 3.44678 3.4498 3.45317 3.4569 3.46102 3.46554 3.47047 3.47581 3.48157 3.48775 3.49434 3.50134 3.50872 3.51646 3.52454 3.53292 3.54157 3.55044 3.55948 3.56865 3.57789 3.58715 3.59635 3.60544 3.61437 3.62306 3.63145 3.63949 3.64712 3.65428 3.66092 3.66699 3.67245 3.67725 3.68137 3.68477 3.68742 3.68931 3.69042 3.69075 3.69029 3.68904 3.68703 3.68426 3.68075 3.67653 3.67163 3.66609 3.65996 3.65327 3.64607 3.63843 3.63039 3.62202 3.61337 3.60452 3.59551 3.58641 3.57728 3.56819 3.55918 3.55031 3.54163 3.53318 3.52501 3.51715 3.50963 3.50249 3.49573 3.48938 3.48344 3.47792 3.47282 3.46814 3.46387 3.46 3.45651 3.4534 3.45064 3.44822 3.44612 3.44431 3.44279 3.44153 3.44052 3.43975 3.43919 3.43885 3.43871 
3.43244 3.43271 3.43319 3.4339 3.43485 3.43603 3.43747 3.43918 3.44117 3.44348 3.44611 3.44908 3.45242 3.45615 3.46029 3.46485 3.46984 3.47528 3.48118 3.48753 3.49434 3.5016 3.50929 3.5174 3.52589 3.53475 3.54393 3.55339 3.56308 3.57295 3.58295 3.59301 3.60308 3.61308 3.62296 3.63264 3.64206 3.65115 3.65985 3.6681 3.67583 3.683 3.68955 3.69543 3.70061 3.70504 3.7087 3.71155 3.71358 3.71477 3.71512 3.71462 3.71327 3.7111 3.70811 3.70432 3.69976 3.69448 3.68849 3.68186 3.67462 3.66684 3.65856 3.64986 3.64078 3.6314 3.62178 3.61198 3.60208 3.59214 3.58223 3.5724 3.56271 3.55322 3.54397 3.53502 3.5264 3.51815 3.5103 3.50286 3.49587 3.48932 3.48322 3.47759 3.47241 3.46768 3.46338 3.45951 3.45604 3.45297 3.45026 3.44791 3.44588 3.44417 3.44275 3.4416 3.44071 3.44007 3.43967 3.43949 
3.43326 3.43353 3.43405 3.43482 3.43585 3.43715 3.43873 3.44061 3.44281 3.44535 3.44825 3.45154 3.45523 3.45934 3.4639 3.46892 3.47442 3.48041 3.48689 3.49387 3.50134 3.50929 3.51771 3.52658 3.53586 3.54553 3.55553 3.56583 3.57638 3.58711 3.59796 3.60888 3.61978 3.63061 3.64128 3.65174 3.6619 3.6717 3.68108 3.68995 3.69827 3.70597 3.71301 3.71932 3.72488 3.72963 3.73354 3.7366 3.73877 3.74004 3.74041 3.73987 3.73842 3.73609 3.73287 3.7288 3.72391 3.71822 3.71179 3.70466 3.69687 3.68848 3.67956 3.67017 3.66037 3.65023 3.63983 3.62923 3.61851 3.60773 3.59697 3.58629 3.57575 3.56542 3.55535 3.54558 3.53617 3.52715 3.51856 3.51041 3.50274 3.49555 3.48885 3.48265 3.47694 3.47172 3.46698 3.46269 3.45885 3.45544 3.45244 3.44981 3.44755 3.44564 3.44404 3.44275 3.44174 3.44101 3.44054 3.44032 
3.43412 3.43441 3.43496 3.4358 3.43692 3.43834 3.44007 3.44214 3.44456 3.44735 3.45054 3.45415 3.4582 3.46272 3.46773 3.47324 3.47927 3.48583 3.49292 3.50055 3.50872 3.5174 3.52658 3.53623 3.54633 3.55684 3.5677 3.57887 3.59029 3.6019 3.61363 3.62542 3.63718 3.64884 3.66034 3.67158 3.6825 3.69302 3.70307 3.71259 3.72149 3.72974 3.73726 3.74401 3.74994 3.75501 3.75919 3.76244 3.76476 3.76611 3.7665 3.76592 3.76438 3.76187 3.75844 3.75409 3.74885 3.74277 3.73589 3.72824 3.7199 3.71091 3.70133 3.69125 3.68071 3.66981 3.65861 3.64719 3.63562 3.62398 3.61235 3.6008 3.58939 3.57819 3.56726 3.55666 3.54642 3.53661 3.52724 3.51836 3.50998 3.50212 3.49479 3.48799 3.48173 3.476 3.47078 3.46607 3.46183 3.45807 3.45474 3.45183 3.44933 3.44719 3.44541 3.44397 3.44284 3.44201 3.44147 3.44121 
3.43504 3.43533 3.43593 3.43684 3.43806 3.43961 3.4415 3.44376 3.44641 3.44947 3.45296 3.45692 3.46135 3.4663 3.47177 3.4778 3.48438 3.49154 3.49927 3.50758 3.51646 3.52589 3.53586 3.54633 3.55727 3.56864 3.58038 3.59245 3.60477 3.61728 3.6299 3.64257 3.65521 3.66772 3.68004 3.69208 3.70376 3.71501 3.72574 3.73589 3.74539 3.75417 3.76218 3.76936 3.77567 3.78106 3.7855 3.78896 3.79141 3.79285 3.79326 3.79264 3.791 3.78833 3.78468 3.78005 3.77447 3.768 3.76066 3.75251 3.7436 3.734 3.72378 3.71299 3.70172 3.69004 3.67803 3.66577 3.65335 3.64084 3.62832 3.61588 3.60357 3.59149 3.57968 3.5682 3.55712 3.54648 3.53632 3.52667 3.51756 3.50901 3.50102 3.49361 3.48677 3.4805 3.47479 3.46962 3.46497 3.46083 3.45717 3.45397 3.4512 3.44884 3.44686 3.44526 3.44399 3.44306 3.44245 3.44214 
3.43601 3.43631 3.43695 3.43793 3.43926 3.44094 3.44301 3.44547 3.44836 3.4517 3.45551 3.45983 3.46467 3.47006 3.47602 3.48257 3.48973 3.49751 3.5059 3.51492 3.52454 3.53475 3.54553 3.55684 3.56864 3.58089 3.59353 3.60651 3.61974 3.63316 3.6467 3.66026 3.67378 3.68715 3.7003 3.71314 3.72558 3.73755 3.74897 3.75975 3.76984 3.77916 3.78765 3.79526 3.80194 3.80765 3.81234 3.816 3.8186 3.82012 3.82055 3.81989 3.81814 3.81533 3.81145 3.80654 3.80064 3.79377 3.78598 3.77733 3.76787 3.75766 3.74678 3.7353 3.72328 3.71083 3.69801 3.68491 3.67162 3.65823 3.64481 3.63146 3.61825 3.60525 3.59254 3.58018 3.56824 3.55675 3.54577 3.53533 3.52546 3.51619 3.50752 3.49947 3.49203 3.48521 3.47898 3.47334 3.46826 3.46373 3.45972 3.45621 3.45317 3.45057 3.44839 3.44661 3.44521 3.44418 3.44349 3.44313 
3.43702 3.43735 3.43803 3.43908 3.44052 3.44235 3.44459 3.44727 3.45041 3.45404 3.45819 3.46287 3.46813 3.47398 3.48045 3.48755 3.49531 3.50373 3.5128 3.52254 3.53292 3.54393 3.55553 3.5677 3.58038 3.59353 3.60709 3.62098 3.63514 3.64949 3.66394 3.6784 3.6928 3.70703 3.72101 3.73464 3.74785 3.76054 3.77263 3.78404 3.79471 3.80456 3.81352 3.82155 3.8286 3.83462 3.83957 3.84342 3.84616 3.84775 3.84821 3.84751 3.84567 3.8427 3.83861 3.83343 3.8272 3.81995 3.81172 3.80257 3.79256 3.78176 3.77023 3.75805 3.7453 3.73207 3.71843 3.7045 3.69034 3.67605 3.66174 3.64747 3.63333 3.61942 3.6058 3.59254 3.57971 3.56736 3.55554 3.54429 3.53365 3.52364 3.51427 3.50556 3.49751 3.49011 3.48335 3.47722 3.4717 3.46676 3.46239 3.45855 3.45523 3.45238 3.44999 3.44804 3.44649 3.44534 3.44457 3.44417 
3.43809 3.43842 3.43915 3.44029 3.44184 3.44381 3.44624 3.44915 3.45255 3.45648 3.46097 3.46604 3.47173 3.47806 3.48505 3.49272 3.50109 3.51016 3.51994 3.53041 3.54157 3.55339 3.56583 3.57887 3.59245 3.60651 3.62098 3.63581 3.65089 3.66616 3.68153 3.69689 3.71217 3.72725 3.74205 3.75648 3.77044 3.78384 3.79659 3.80862 3.81986 3.83022 3.83965 3.8481 3.8555 3.86182 3.86702 3.87106 3.87393 3.87561 3.87608 3.87535 3.87342 3.8703 3.86601 3.86057 3.85401 3.84638 3.83773 3.8281 3.81755 3.80616 3.79399 3.78113 3.76765 3.75365 3.73921 3.72443 3.70941 3.69424 3.67901 3.66383 3.64877 3.63393 3.61938 3.60521 3.59149 3.57826 3.56559 3.55352 3.54209 3.53133 3.52124 3.51186 3.50317 3.49518 3.48787 3.48124 3.47526 3.46991 3.46516 3.46099 3.45737 3.45427 3.45166 3.44952 3.44783 3.44656 3.44571 3.44526 
3.43919 3.43955 3.44033 3.44154 3.44321 3.44534 3.44796 3.45109 3.45477 3.45901 3.46385 3.46933 3.47546 3.48227 3.4898 3.49805 3.50704 3.51678 3.52727 3.53849 3.55044 3.56308 3.57638 3.59029 3.60477 3.61974 3.63514 3.65089 3.66691 3.6831 3.69938 3.71564 3.73178 3.74771 3.76332 3.77853 3.79322 3.80731 3.82072 3.83335 3.84514 3.85601 3.86589 3.87473 3.88248 3.88909 3.89453 3.89876 3.90176 3.90351 3.90401 3.90324 3.90123 3.89796 3.89347 3.88778 3.88092 3.87293 3.86386 3.85376 3.84269 3.83073 3.81794 3.8044 3.79021 3.77545 3.76022 3.74461 3.72873 3.71268 3.69655 3.68045 3.66447 3.6487 3.63323 3.61814 3.60351 3.5894 3.57587 3.56297 3.55074 3.53921 3.5284 3.51833 3.50899 3.5004 3.49253 3.48539 3.47894 3.47316 3.46803 3.46351 3.45959 3.45622 3.45339 3.45106 3.44921 3.44783 3.44689 3.44639 
3.44034 3.44071 3.44154 3.44284 3.44463 3.44692 3.44974 3.45311 3.45706 3.46162 3.46682 3.4727 3.47929 3.4866 3.49467 3.50351 3.51314 3.52355 3.53476 3.54674 3.55948 3.57295 3.58711 3.6019 3.61728 3.63316 3.64949 3.66616 3.6831 3.70021 3.71739 3.73453 3.75153 3.76828 3.78469 3.80066 3.81607 3.83084 3.84487 3.85809 3.87041 3.88177 3.89209 3.90131 3.90939 3.91628 3.92195 3.92635 3.92948 3.93131 3.93182 3.93103 3.92893 3.92553 3.92086 3.91493 3.90777 3.89944 3.88997 3.87941 3.86784 3.85532 3.84193 3.82774 3.81285 3.79735 3.78134 3.76492 3.7482 3.73127 3.71425 3.69724 3.68034 3.66365 3.64726 3.63126 3.61572 3.60073 3.58633 3.5726 3.55956 3.54725 3.5357 3.52493 3.51495 3.50574 3.49731 3.48964 3.48271 3.47649 3.47097 3.4661 3.46187 3.45823 3.45517 3.45264 3.45064 3.44914 3.44811 3.44756 
3.44152 3.44191 3.44279 3.44418 3.44609 3.44854 3.45156 3.45517 3.45941 3.46429 3.46987 3.47616 3.4832 3.49102 3.49964 3.50908 3.51934 3.53044 3.54237 3.55512 3.56865 3.58295 3.59796 3.61363 3.6299 3.6467 3.66394 3.68153 3.69938 3.71739 3.73545 3.75345 3.77129 3.78886 3.80604 3.82274 3.83885 3.85427 3.86891 3.88269 3.89553 3.90735 3.91808 3.92767 3.93607 3.94323 3.94911 3.95369 3.95693 3.95883 3.95937 3.95855 3.95637 3.95285 3.94799 3.94184 3.93441 3.92574 3.91589 3.9049 3.89285 3.8798 3.86582 3.851 3.83544 3.81922 3.80245 3.78524 3.76769 3.74991 3.73201 3.71411 3.6963 3.6787 3.66139 3.64448 3.62805 3.61217 3.59691 3.58233 3.56849 3.5554 3.54312 3.53165 3.521 3.51118 3.50217 3.49397 3.48655 3.4799 3.47397 3.46875 3.4642 3.46029 3.45699 3.45427 3.45211 3.45048 3.44937 3.44876 
3.44273 3.44313 3.44407 3.44555 3.44758 3.4502 3.45343 3.45728 3.4618 3.46702 3.47296 3.47967 3.48718 3.4955 3.50468 3.51471 3.52562 3.5374 3.55006 3.56356 3.57789 3.59301 3.60888 3.62542 3.64257 3.66026 3.6784 3.69689 3.71564 3.73453 3.75345 3.7723 3.79095 3.8093 3.82723 3.84464 3.86142 3.87747 3.8927 3.90701 3.92034 3.9326 3.94373 3.95366 3.96236 3.96977 3.97586 3.98059 3.98395 3.98592 3.98648 3.98564 3.98339 3.97975 3.97473 3.96836 3.96067 3.95169 3.94148 3.93009 3.91758 3.90401 3.88948 3.87406 3.85785 3.84094 3.82344 3.80545 3.7871 3.76849 3.74973 3.73095 3.71226 3.69375 3.67555 3.65774 3.64041 3.62366 3.60754 3.59213 3.57748 3.56362 3.5506 3.53843 3.52712 3.51667 3.50709 3.49836 3.49045 3.48335 3.47702 3.47144 3.46657 3.46239 3.45885 3.45593 3.45361 3.45185 3.45065 3.44999 
3.44396 3.44438 3.44537 3.44694 3.4491 3.45189 3.45532 3.45942 3.46423 3.46977 3.47609 3.48322 3.49119 3.50003 3.50975 3.52038 3.53193 3.5444 3.55777 3.57203 3.58715 3.60308 3.61978 3.63718 3.65521 3.67378 3.6928 3.71217 3.73178 3.75153 3.77129 3.79095 3.81039 3.8295 3.84815 3.86624 3.88366 3.9003 3.91608 3.93091 3.9447 3.95737 3.96887 3.97914 3.98811 3.99576 4.00204 4.00693 4.01039 4.01242 4.01301 4.01214 4.00983 4.00608 4.00091 3.99434 3.98641 3.97714 3.96659 3.95482 3.94187 3.92783 3.91277 3.89677 3.87994 3.86237 3.84416 3.82544 3.80631 3.78689 3.7673 3.74767 3.7281 3.70872 3.68964 3.67094 3.65275 3.63513 3.61817 3.60193 3.58648 3.57186 3.5581 3.54523 3.53326 3.5222 3.51204 3.50278 3.49438 3.48683 3.4801 3.47416 3.46897 3.46451 3.46073 3.45761 3.45513 3.45325 3.45196 3.45124 
3.4452 3.44563 3.44668 3.44834 3.45064 3.45359 3.45722 3.46157 3.46667 3.47254 3.47924 3.48678 3.49521 3.50455 3.51483 3.52605 3.53823 3.55137 3.56545 3.58046 3.59635 3.61308 3.63061 3.64884 3.66772 3.68715 3.70703 3.72725 3.74771 3.76828 3.78886 3.8093 3.8295 3.84932 3.86866 3.8874 3.90543 3.92264 3.93894 3.95424 3.96846 3.98153 3.99338 4.00394 4.01318 4.02105 4.02751 4.03254 4.0361 4.03819 4.0388 4.03792 4.03555 4.0317 4.02639 4.01964 4.01148 4.00195 3.99109 3.97895 3.9656 3.95111 3.93555 3.91901 3.90159 3.88338 3.86451 3.84507 3.8252 3.805 3.78462 3.76416 3.74375 3.72352 3.70357 3.68402 3.66497 3.6465 3.62871 3.61167 3.59543 3.58005 3.56557 3.55201 3.53939 3.52772 3.51699 3.5072 3.49831 3.49032 3.48319 3.47689 3.47138 3.46664 3.46262 3.45931 3.45666 3.45465 3.45327 3.4525 
3.44644 3.4469 3.448 3.44975 3.45217 3.45529 3.45913 3.46372 3.4691 3.47531 3.48237 3.49033 3.49922 3.50906 3.51988 3.53168 3.54449 3.55829 3.57306 3.5888 3.60544 3.62296 3.64128 3.66034 3.68004 3.7003 3.72101 3.74205 3.76332 3.78469 3.80604 3.82723 3.84815 3.86866 3.88865 3.908 3.9266 3.94434 3.96113 3.97688 3.99151 4.00494 4.01711 4.02796 4.03744 4.04551 4.05214 4.05729 4.06095 4.06309 4.06372 4.06282 4.0604 4.05647 4.05103 4.04412 4.03575 4.02597 4.01482 4.00236 3.98863 3.97372 3.95769 3.94064 3.92267 3.90387 3.88435 3.86424 3.84366 3.82272 3.80157 3.78032 3.7591 3.73805 3.71727 3.69688 3.677 3.65771 3.63911 3.62128 3.60428 3.58816 3.57296 3.55873 3.54547 3.53319 3.5219 3.51159 3.50222 3.49379 3.48627 3.47961 3.47379 3.46877 3.46452 3.461 3.45819 3.45606 3.45459 3.45377 
3.44768 3.44815 3.44931 3.45115 3.4537 3.45698 3.46103 3.46586 3.47152 3.47805 3.48548 3.49384 3.50318 3.51351 3.52485 3.53723 3.55065 3.56509 3.58054 3.59698 3.61437 3.63264 3.65174 3.67158 3.69208 3.71314 3.73464 3.75648 3.77853 3.80066 3.82274 3.84464 3.86624 3.8874 3.908 3.92793 3.94706 3.9653 3.98255 3.99871 4.01371 4.02747 4.03993 4.05104 4.06074 4.069 4.07578 4.08105 4.0848 4.087 4.08764 4.08673 4.08427 4.08026 4.07471 4.06764 4.05909 4.04909 4.03768 4.02491 4.01083 3.99553 3.97907 3.96155 3.94306 3.9237 3.90359 3.88284 3.86158 3.83994 3.81805 3.79605 3.77406 3.75221 3.73063 3.70945 3.68876 3.66868 3.6493 3.6307 3.61295 3.59611 3.58023 3.56533 3.55145 3.53859 3.52675 3.51592 3.50608 3.49722 3.48931 3.4823 3.47617 3.47088 3.46639 3.46268 3.45971 3.45746 3.4559 3.45503 
3.4489 3.4494 3.4506 3.45254 3.45521 3.45865 3.4629 3.46797 3.4739 3.48075 3.48853 3.49729 3.50706 3.51787 3.52973 3.54266 3.55666 3.57173 3.58784 3.60497 3.62306 3.64206 3.6619 3.6825 3.70376 3.72558 3.74785 3.77044 3.79322 3.81607 3.83885 3.86142 3.88366 3.90543 3.9266 3.94706 3.96669 3.98539 4.00306 4.0196 4.03494 4.04901 4.06175 4.07309 4.08299 4.09142 4.09833 4.10371 4.10753 4.10978 4.11045 4.10953 4.10703 4.10295 4.0973 4.0901 4.08139 4.07118 4.05953 4.04648 4.03209 4.01643 3.99958 3.98161 3.96264 3.94276 3.92209 3.90074 3.87885 3.85655 3.83397 3.81125 3.78852 3.76592 3.74359 3.72163 3.70018 3.67934 3.65921 3.63987 3.6214 3.60387 3.58732 3.57178 3.55729 3.54386 3.53148 3.52016 3.50987 3.50059 3.49229 3.48494 3.47851 3.47295 3.46824 3.46434 3.46121 3.45884 3.4572 3.45628 
3.4501 3.45062 3.45188 3.45389 3.45669 3.46029 3.46472 3.47002 3.47623 3.48338 3.4915 3.50065 3.51084 3.5221 3.53446 3.54793 3.5625 3.57817 3.59491 3.61268 3.63145 3.65115 3.6717 3.69302 3.71501 3.73755 3.76054 3.78384 3.80731 3.83084 3.85427 3.87747 3.9003 3.92264 3.94434 3.9653 3.98539 4.00451 4.02256 4.03945 4.05511 4.06945 4.08243 4.09399 4.10407 4.11265 4.11969 4.12517 4.12906 4.13135 4.13204 4.13111 4.12858 4.12444 4.1187 4.11139 4.10253 4.09214 4.08027 4.06698 4.0523 4.03631 4.01909 4.00073 3.98131 3.96095 3.93976 3.91786 3.89538 3.87245 3.84922 3.82583 3.80241 3.7791 3.75604 3.73336 3.71118 3.68961 3.66876 3.64872 3.62957 3.61137 3.59417 3.57803 3.56295 3.54897 3.53608 3.52428 3.51354 3.50386 3.49519 3.48752 3.48079 3.47498 3.47004 3.46595 3.46268 3.46019 3.45847 3.4575 
3.45127 3.4518 3.45311 3.45521 3.45812 3.46188 3.46649 3.47202 3.47848 3.48592 3.49438 3.50389 3.51448 3.52619 3.53902 3.55299 3.56811 3.58434 3.60168 3.62008 3.63949 3.65985 3.68108 3.70307 3.72574 3.74897 3.77263 3.79659 3.82072 3.84487 3.86891 3.8927 3.91608 3.93894 3.96113 3.98255 4.00306 4.02256 4.04096 4.05817 4.07411 4.0887 4.1019 4.11364 4.12389 4.1326 4.13975 4.14532 4.14927 4.15161 4.15231 4.15139 4.14882 4.14463 4.13882 4.13141 4.12241 4.11187 4.09981 4.08629 4.07135 4.05507 4.03753 4.01879 3.99897 3.97817 3.9565 3.93408 3.91106 3.88756 3.86372 3.83969 3.81562 3.79165 3.76791 3.74455 3.72168 3.69943 3.6779 3.65719 3.63738 3.61855 3.60075 3.58402 3.56839 3.55388 3.5405 3.52824 3.51709 3.50701 3.498 3.49 3.48299 3.47693 3.47179 3.46752 3.4641 3.4615 3.4597 3.45868 
3.45239 3.45294 3.4543 3.45648 3.4595 3.4634 3.46819 3.47392 3.48063 3.48835 3.49712 3.50698 3.51796 3.53008 3.54337 3.55782 3.57344 3.59022 3.60812 3.62711 3.64712 3.6681 3.68995 3.71259 3.73589 3.75975 3.78404 3.80862 3.83335 3.85809 3.88269 3.90701 3.93091 3.95424 3.97688 3.99871 4.0196 4.03945 4.05817 4.07566 4.09185 4.10667 4.12006 4.13197 4.14236 4.1512 4.15845 4.16409 4.1681 4.17047 4.1712 4.17027 4.16768 4.16345 4.15757 4.15007 4.14096 4.13028 4.11805 4.10433 4.08917 4.07262 4.05478 4.03571 4.01552 3.99432 3.97221 3.94933 3.9258 3.90177 3.87737 3.85276 3.82809 3.8035 3.77913 3.75512 3.73161 3.70872 3.68656 3.66522 3.6448 3.62537 3.607 3.58972 3.57357 3.55856 3.54472 3.53202 3.52046 3.51002 3.50067 3.49238 3.4851 3.47881 3.47346 3.46902 3.46547 3.46276 3.46088 3.45982 
3.45346 3.45402 3.45543 3.45768 3.46081 3.46484 3.46981 3.47574 3.48267 3.49065 3.49972 3.50991 3.52124 3.53376 3.54746 3.56237 3.57847 3.59575 3.61417 3.63371 3.65428 3.67583 3.69827 3.72149 3.74539 3.76984 3.79471 3.81986 3.84514 3.87041 3.89553 3.92034 3.9447 3.96846 3.99151 4.01371 4.03494 4.05511 4.07411 4.09185 4.10826 4.12328 4.13684 4.14891 4.15942 4.16836 4.1757 4.18141 4.18547 4.18788 4.18862 4.18768 4.18508 4.18081 4.17488 4.1673 4.1581 4.14729 4.13492 4.12103 4.10566 4.08888 4.07077 4.05141 4.03089 4.00932 3.98682 3.96351 3.93952 3.915 3.8901 3.86496 3.83973 3.81457 3.78961 3.76502 3.74091 3.71743 3.69467 3.67275 3.65177 3.63178 3.61287 3.59508 3.57844 3.56297 3.54869 3.53559 3.52365 3.51287 3.5032 3.49462 3.4871 3.48058 3.47505 3.47045 3.46676 3.46396 3.46201 3.4609 
3.45446 3.45504 3.45649 3.45881 3.46204 3.4662 3.47132 3.47743 3.48458 3.49281 3.50215 3.51264 3.52431 3.53718 3.55128 3.5666 3.58314 3.60088 3.61979 3.63983 3.66092 3.683 3.70597 3.72974 3.75417 3.77916 3.80456 3.83022 3.85601 3.88177 3.90735 3.9326 3.95737 3.98153 4.00494 4.02747 4.04901 4.06945 4.0887 4.10667 4.12328 4.13847 4.15219 4.16438 4.175 4.18404 4.19145 4.19721 4.20132 4.20376 4.20451 4.20358 4.20097 4.19667 4.19069 4.18305 4.17376 4.16285 4.15035 4.1363 4.12076 4.10378 4.08543 4.06581 4.04499 4.0231 4.00024 3.97655 3.95215 3.92719 3.90182 3.8762 3.85047 3.82478 3.7993 3.77417 3.74952 3.72548 3.70219 3.67974 3.65822 3.63773 3.61833 3.60006 3.58296 3.56707 3.55238 3.53891 3.52662 3.51552 3.50556 3.49672 3.48896 3.48224 3.47653 3.47179 3.46798 3.46508 3.46306 3.46192 
3.45539 3.45599 3.45747 3.45986 3.46318 3.46745 3.47271 3.479 3.48634 3.49479 3.50438 3.51515 3.52712 3.54033 3.55478 3.57048 3.58742 3.60559 3.62494 3.64543 3.66699 3.68955 3.71301 3.73726 3.76218 3.78765 3.81352 3.83965 3.86589 3.89209 3.91808 3.94373 3.96887 3.99338 4.01711 4.03993 4.06175 4.08243 4.1019 4.12006 4.13684 4.15219 4.16603 4.17833 4.18906 4.19817 4.20564 4.21146 4.21561 4.21807 4.21884 4.21791 4.21528 4.21096 4.20495 4.19725 4.18789 4.17689 4.16429 4.15011 4.13441 4.11725 4.0987 4.07884 4.05777 4.03559 4.01242 3.98838 3.96361 3.93827 3.91248 3.88642 3.86024 3.83409 3.80813 3.78251 3.75737 3.73284 3.70905 3.68612 3.66413 3.64317 3.62332 3.60462 3.58712 3.57083 3.55578 3.54196 3.52936 3.51796 3.50774 3.49865 3.49068 3.48378 3.4779 3.47302 3.4691 3.46612 3.46404 3.46286 
3.45624 3.45685 3.45837 3.46082 3.46421 3.46859 3.47398 3.48042 3.48794 3.49659 3.50641 3.51742 3.52967 3.54317 3.55794 3.57398 3.59128 3.60983 3.62957 3.65047 3.67245 3.69543 3.71932 3.74401 3.76936 3.79526 3.82155 3.8481 3.87473 3.90131 3.92767 3.95366 3.97914 4.00394 4.02796 4.05104 4.07309 4.09399 4.11364 4.13197 4.14891 4.16438 4.17833 4.19073 4.20154 4.21071 4.21824 4.22411 4.22829 4.23077 4.23155 4.23063 4.22799 4.22365 4.21761 4.20987 4.20045 4.18938 4.17667 4.16238 4.14655 4.12924 4.11051 4.09045 4.06916 4.04673 4.02328 3.99894 3.97385 3.94816 3.92201 3.89557 3.86898 3.84242 3.81604 3.78998 3.76441 3.73944 3.71522 3.69185 3.66944 3.64807 3.62781 3.60873 3.59086 3.57422 3.55884 3.54471 3.53182 3.52016 3.5097 3.5004 3.49224 3.48516 3.47914 3.47414 3.47012 3.46706 3.46493 3.46372 
3.457 3.45761 3.45917 3.46167 3.46514 3.46961 3.47511 3.48168 3.48936 3.49819 3.5082 3.51944 3.53192 3.54569 3.56073 3.57707 3.59469 3.61357 3.63366 3.65491 3.67725 3.70061 3.72488 3.74994 3.77567 3.80194 3.8286 3.8555 3.88248 3.90939 3.93607 3.96236 3.98811 4.01318 4.03744 4.06074 4.08299 4.10407 4.12389 4.14236 4.15942 4.175 4.18906 4.20154 4.21241 4.22164 4.22922 4.23512 4.23933 4.24183 4.24263 4.2417 4.23906 4.23471 4.22864 4.22086 4.21139 4.20026 4.18748 4.17309 4.15715 4.13971 4.12083 4.1006 4.07911 4.05646 4.03278 4.00818 3.98282 3.95682 3.93036 3.90358 3.87665 3.84973 3.82298 3.79655 3.77059 3.74524 3.72064 3.6969 3.67411 3.65238 3.63178 3.61235 3.59416 3.57721 3.56154 3.54714 3.53401 3.52212 3.51144 3.50196 3.49362 3.4864 3.48025 3.47514 3.47103 3.4679 3.46573 3.46449 
3.45765 3.45828 3.45986 3.4624 3.46594 3.47049 3.47609 3.48277 3.49058 3.49956 3.50975 3.52117 3.53386 3.54785 3.56314 3.57973 3.59762 3.61677 3.63716 3.65871 3.68137 3.70504 3.72963 3.75501 3.78106 3.80765 3.83462 3.86182 3.88909 3.91628 3.94323 3.96977 3.99576 4.02105 4.04551 4.069 4.09142 4.11265 4.1326 4.1512 4.16836 4.18404 4.19817 4.21071 4.22164 4.23093 4.23854 4.24447 4.24871 4.25123 4.25203 4.25111 4.24847 4.2441 4.23801 4.2302 4.22069 4.2095 4.19666 4.1822 4.16616 4.14861 4.1296 4.10923 4.08758 4.06475 4.04087 4.01606 3.99045 3.96421 3.93748 3.91042 3.8832 3.85597 3.82891 3.80216 3.77588 3.75021 3.72528 3.70122 3.67812 3.65608 3.63517 3.61546 3.59699 3.57979 3.56387 3.54924 3.53589 3.5238 3.51294 3.5033 3.49481 3.48746 3.48121 3.476 3.47182 3.46864 3.46642 3.46516 
3.45821 3.45884 3.46044 3.46302 3.46661 3.47122 3.4769 3.48368 3.49161 3.50071 3.51104 3.52261 3.53548 3.54964 3.56513 3.58193 3.60004 3.61943 3.64005 3.66185 3.68477 3.7087 3.73354 3.75919 3.7855 3.81234 3.83957 3.86702 3.89453 3.92195 3.94911 3.97586 4.00204 4.02751 4.05214 4.07578 4.09833 4.11969 4.13975 4.15845 4.1757 4.19145 4.20564 4.21824 4.22922 4.23854 4.24619 4.25215 4.2564 4.25893 4.25975 4.25883 4.25618 4.2518 4.24569 4.23786 4.22832 4.21709 4.20419 4.18967 4.17356 4.15591 4.13681 4.11631 4.09453 4.07155 4.04751 4.02252 3.99673 3.97028 3.94333 3.91604 3.88858 3.86111 3.83378 3.80678 3.78023 3.7543 3.72911 3.70478 3.68142 3.65913 3.63798 3.61803 3.59933 3.58192 3.56579 3.55097 3.53745 3.5252 3.51419 3.50441 3.49581 3.48835 3.48201 3.47673 3.47248 3.46925 3.467 3.46572 
3.45865 3.45929 3.46091 3.46352 3.46714 3.47181 3.47755 3.48441 3.49242 3.50162 3.51205 3.52375 3.53675 3.55106 3.56669 3.58366 3.60194 3.6215 3.64231 3.66431 3.68742 3.71155 3.7366 3.76244 3.78896 3.816 3.84342 3.87106 3.89876 3.92635 3.95369 3.98059 4.00693 4.03254 4.05729 4.08105 4.10371 4.12517 4.14532 4.16409 4.18141 4.19721 4.21146 4.22411 4.23512 4.24447 4.25215 4.25812 4.26239 4.26494 4.26576 4.26484 4.26219 4.2578 4.25168 4.24383 4.23426 4.223 4.21006 4.19548 4.17931 4.1616 4.14241 4.12183 4.09994 4.07685 4.05268 4.02755 4.00161 3.975 3.94788 3.92042 3.89277 3.8651 3.83758 3.81037 3.78362 3.75748 3.73209 3.70756 3.684 3.66151 3.64017 3.62004 3.60117 3.58359 3.56731 3.55234 3.53867 3.5263 3.51518 3.50529 3.4966 3.48906 3.48264 3.4773 3.47301 3.46974 3.46746 3.46616 
3.45897 3.45962 3.46125 3.46388 3.46754 3.47224 3.47803 3.48494 3.49301 3.50228 3.51279 3.52457 3.53766 3.55207 3.56782 3.5849 3.6033 3.62299 3.64393 3.66606 3.68931 3.71358 3.73877 3.76476 3.79141 3.8186 3.84616 3.87393 3.90176 3.92948 3.95693 3.98395 4.01039 4.0361 4.06095 4.0848 4.10753 4.12906 4.14927 4.1681 4.18547 4.20132 4.21561 4.22829 4.23933 4.24871 4.2564 4.26239 4.26667 4.26922 4.27005 4.26913 4.26648 4.26208 4.25595 4.24809 4.2385 4.22721 4.21424 4.19962 4.18341 4.16564 4.14639 4.12574 4.10378 4.08061 4.05634 4.03112 4.00507 3.97835 3.95111 3.92352 3.89574 3.86794 3.84028 3.81292 3.78603 3.75975 3.73421 3.70953 3.68584 3.66321 3.64174 3.62148 3.60248 3.58478 3.56839 3.55332 3.53956 3.52709 3.51589 3.50593 3.49717 3.48958 3.48311 3.47772 3.4734 3.4701 3.4678 3.46649 
3.45918 3.45983 3.46147 3.46412 3.46779 3.47251 3.47832 3.48526 3.49337 3.50268 3.51324 3.52507 3.53821 3.55268 3.56849 3.58563 3.6041 3.62387 3.64488 3.66709 3.69042 3.71477 3.74004 3.76611 3.79285 3.82012 3.84775 3.87561 3.90351 3.93131 3.95883 3.98592 4.01242 4.03819 4.06309 4.087 4.10978 4.13135 4.15161 4.17047 4.18788 4.20376 4.21807 4.23077 4.24183 4.25123 4.25893 4.26494 4.26922 4.27178 4.27261 4.2717 4.26904 4.26464 4.2585 4.25062 4.24102 4.22971 4.21672 4.20208 4.18583 4.16803 4.14874 4.12805 4.10603 4.08281 4.05849 4.03321 4.00709 3.9803 3.953 3.92533 3.89747 3.86959 3.84185 3.81442 3.78744 3.76107 3.73545 3.7107 3.68692 3.66422 3.64267 3.62233 3.60326 3.58549 3.56904 3.55391 3.54009 3.52757 3.51633 3.50632 3.49752 3.48989 3.48339 3.47799 3.47364 3.47033 3.46802 3.46671 
