6.93678 6.93697 6.93729 6.93775 6.93834 6.93906 6.93991 6.94089 6.942 6.94324 6.94461 6.94611 6.94772 6.94946 6.95132 6.95329 6.95538 6.95756 6.95986 6.96224 6.96472 6.96727 6.9699 6.9726 6.97535 6.97815 6.98098 6.98384 6.98671 6.98959 6.99244 6.99528 6.99807 7.00082 7.0035 7.0061 7.0086 7.011 7.01329 7.01544 7.01745 7.01931 7.021 7.02252 7.02386 7.025 7.02595 7.0267 7.02725 7.02758 7.0277 7.02762 7.02732 7.02681 7.0261 7.0252 7.02409 7.0228 7.02133 7.01969 7.01789 7.01594 7.01386 7.01164 7.00932 7.00689 7.00438 7.00179 6.99915 6.99645 6.99373 6.99099 6.98824 6.9855 6.98277 6.98008 6.97743 6.97483 6.97229 6.96983 6.96744 6.96514 6.96294 6.96083 6.95884 6.95695 6.95519 6.95354 6.95201 6.95061 6.94934 6.94819 6.94718 6.9463 6.94555 6.94494 6.94446 6.94411 6.9439 6.94382 
6.93697 6.93716 6.93748 6.93794 6.93853 6.93925 6.94011 6.9411 6.94221 6.94346 6.94484 6.94634 6.94796 6.94971 6.95158 6.95356 6.95566 6.95786 6.96016 6.96256 6.96505 6.96762 6.97027 6.97298 6.97575 6.97856 6.98141 6.98428 6.98717 6.99006 6.99293 6.99578 6.9986 7.00136 7.00405 7.00666 7.00918 7.0116 7.0139 7.01606 7.01808 7.01995 7.02165 7.02318 7.02452 7.02568 7.02663 7.02739 7.02793 7.02827 7.02839 7.0283 7.02801 7.0275 7.02678 7.02587 7.02476 7.02346 7.02198 7.02033 7.01852 7.01656 7.01446 7.01224 7.0099 7.00746 7.00493 7.00233 6.99967 6.99696 6.99422 6.99146 6.98869 6.98593 6.98319 6.98048 6.97782 6.9752 6.97265 6.97017 6.96777 6.96546 6.96324 6.96113 6.95912 6.95722 6.95545 6.95379 6.95225 6.95084 6.94956 6.94841 6.94739 6.94651 6.94575 6.94513 6.94465 6.9443 6.94409 6.94401 
6.93729 6.93748 6.93781 6.93827 6.93887 6.9396 6.94047 6.94147 6.9426 6.94386 6.94526 6.94678 6.94843 6.9502 6.95209 6.9541 6.95622 6.95846 6.96079 6.96322 6.96575 6.96835 6.97104 6.97379 6.97659 6.97944 6.98233 6.98525 6.98818 6.9911 6.99402 6.99691 6.99976 7.00255 7.00528 7.00793 7.01049 7.01294 7.01526 7.01746 7.01951 7.0214 7.02312 7.02467 7.02603 7.0272 7.02817 7.02893 7.02948 7.02982 7.02995 7.02986 7.02956 7.02904 7.02832 7.02739 7.02626 7.02494 7.02344 7.02177 7.01994 7.01795 7.01582 7.01356 7.01119 7.00871 7.00615 7.00351 7.00081 6.99807 6.99529 6.99249 6.98968 6.98689 6.98411 6.98136 6.97865 6.976 6.97341 6.9709 6.96846 6.96612 6.96387 6.96172 6.95968 6.95776 6.95595 6.95427 6.95271 6.95128 6.94998 6.94881 6.94778 6.94688 6.94611 6.94548 6.94499 6.94463 6.94441 6.94433 
6.93775 6.93794 6.93827 6.93874 6.93935 6.9401 6.94098 6.942 6.94316 6.94445 6.94587 6.94743 6.94911 6.95092 6.95285 6.95491 6.95708 6.95936 6.96175 6.96423 6.96681 6.96947 6.97221 6.97502 6.97789 6.98081 6.98376 6.98674 6.98973 6.99272 6.99569 6.99864 7.00156 7.00441 7.0072 7.00991 7.01251 7.01501 7.01739 7.01963 7.02172 7.02365 7.02541 7.02699 7.02838 7.02957 7.03056 7.03134 7.0319 7.03224 7.03237 7.03228 7.03197 7.03144 7.0307 7.02975 7.0286 7.02725 7.02572 7.02401 7.02213 7.0201 7.01793 7.01562 7.01319 7.01066 7.00804 7.00535 7.00259 6.99978 6.99694 6.99408 6.99121 6.98835 6.98551 6.9827 6.97994 6.97722 6.97458 6.972 6.96951 6.96711 6.96481 6.96261 6.96053 6.95856 6.95671 6.95498 6.95339 6.95192 6.95059 6.94939 6.94833 6.94741 6.94662 6.94598 6.94547 6.9451 6.94487 6.94479 
6.93834 6.93853 6.93887 6.93935 6.93997 6.94074 6.94165 6.9427 6.94389 6.94521 6.94668 6.94828 6.95001 6.95188 6.95387 6.95598 6.95822 6.96056 6.96302 6.96558 6.96824 6.97098 6.9738 6.97669 6.97964 6.98264 6.98568 6.98874 6.99182 6.9949 6.99796 7.001 7.00399 7.00693 7.00979 7.01257 7.01526 7.01783 7.02027 7.02257 7.02472 7.0267 7.02851 7.03013 7.03156 7.03278 7.0338 7.03459 7.03517 7.03552 7.03565 7.03555 7.03523 7.03469 7.03392 7.03295 7.03176 7.03037 7.0288 7.02704 7.02511 7.02302 7.02078 7.0184 7.01591 7.0133 7.01061 7.00783 7.00499 7.0021 6.99918 6.99623 6.99328 6.99033 6.9874 6.98451 6.98166 6.97886 6.97614 6.97348 6.97091 6.96844 6.96607 6.9638 6.96165 6.95962 6.95771 6.95593 6.95428 6.95277 6.95139 6.95015 6.94906 6.9481 6.94729 6.94662 6.94609 6.94571 6.94547 6.94538 
6.93906 6.93925 6.9396 6.9401 6.94074 6.94153 6.94247 6.94356 6.94479 6.94616 6.94768 6.94934 6.95114 6.95307 6.95513 6.95732 6.95964 6.96207 6.96462 6.96727 6.97002 6.97286 6.97579 6.97878 6.98184 6.98495 6.9881 6.99127 6.99445 6.99764 7.00081 7.00395 7.00705 7.01009 7.01306 7.01594 7.01871 7.02137 7.02389 7.02627 7.0285 7.03055 7.03242 7.03409 7.03557 7.03683 7.03788 7.0387 7.03929 7.03966 7.03979 7.03968 7.03935 7.03878 7.03799 7.03698 7.03575 7.03431 7.03268 7.03085 7.02885 7.02669 7.02437 7.02191 7.01932 7.01663 7.01383 7.01096 7.00801 7.00502 7.00199 6.99893 6.99587 6.99282 6.98978 6.98678 6.98382 6.98092 6.97809 6.97534 6.97267 6.9701 6.96764 6.96529 6.96305 6.96094 6.95896 6.95711 6.95539 6.95382 6.95238 6.95109 6.94995 6.94895 6.9481 6.9474 6.94685 6.94645 6.9462 6.9461 
6.93991 6.94011 6.94047 6.94098 6.94165 6.94247 6.94345 6.94458 6.94586 6.94729 6.94888 6.9506 6.95248 6.95449 6.95664 6.95893 6.96134 6.96388 6.96654 6.9693 6.97217 6.97513 6.97818 6.9813 6.98449 6.98772 6.991 6.99431 6.99763 7.00094 7.00424 7.00752 7.01074 7.0139 7.01699 7.01999 7.02287 7.02564 7.02826 7.03074 7.03305 7.03518 7.03712 7.03886 7.04039 7.0417 7.04279 7.04364 7.04426 7.04463 7.04477 7.04465 7.0443 7.04371 7.04288 7.04183 7.04055 7.03905 7.03735 7.03545 7.03337 7.03111 7.02869 7.02613 7.02344 7.02063 7.01772 7.01472 7.01165 7.00853 7.00537 7.00219 6.99899 6.99581 6.99264 6.98951 6.98643 6.9834 6.98044 6.97757 6.97478 6.9721 6.96953 6.96707 6.96473 6.96252 6.96045 6.95851 6.95671 6.95507 6.95356 6.95221 6.95101 6.94997 6.94908 6.94834 6.94776 6.94733 6.94707 6.94696 
6.94089 6.9411 6.94147 6.942 6.9427 6.94356 6.94458 6.94576 6.9471 6.9486 6.95026 6.95207 6.95403 6.95614 6.9584 6.9608 6.96333 6.96599 6.96877 6.97167 6.97467 6.97777 6.98097 6.98424 6.98757 6.99096 6.99439 6.99785 7.00133 7.0048 7.00825 7.01167 7.01505 7.01836 7.02158 7.02471 7.02773 7.03062 7.03336 7.03595 7.03836 7.04058 7.04261 7.04443 7.04602 7.04739 7.04852 7.04941 7.05005 7.05044 7.05058 7.05046 7.05009 7.04947 7.0486 7.04749 7.04615 7.04458 7.0428 7.04081 7.03863 7.03627 7.03374 7.03106 7.02824 7.0253 7.02225 7.01911 7.0159 7.01263 7.00932 7.00598 7.00264 6.9993 6.99598 6.9927 6.98946 6.98628 6.98318 6.98017 6.97724 6.97443 6.97172 6.96914 6.96668 6.96436 6.96218 6.96014 6.95825 6.95651 6.95493 6.95351 6.95224 6.95114 6.9502 6.94942 6.9488 6.94835 6.94806 6.94794 
6.942 6.94221 6.9426 6.94316 6.94389 6.94479 6.94586 6.9471 6.94851 6.95009 6.95184 6.95374 6.95581 6.95803 6.9604 6.96292 6.96559 6.96839 6.97131 6.97436 6.97752 6.98079 6.98415 6.98759 6.99109 6.99466 6.99827 7.0019 7.00555 7.0092 7.01283 7.01642 7.01996 7.02344 7.02682 7.03011 7.03327 7.0363 7.03918 7.04189 7.04442 7.04675 7.04888 7.05078 7.05245 7.05389 7.05507 7.056 7.05667 7.05707 7.05721 7.05708 7.05669 7.05604 7.05512 7.05396 7.05255 7.0509 7.04903 7.04694 7.04464 7.04216 7.0395 7.03668 7.03372 7.03063 7.02742 7.02412 7.02074 7.01731 7.01382 7.01031 7.00679 7.00328 6.99979 6.99633 6.99292 6.98958 6.98631 6.98313 6.98005 6.97708 6.97422 6.9715 6.9689 6.96645 6.96415 6.962 6.96 6.95816 6.95649 6.95498 6.95364 6.95247 6.95147 6.95064 6.94999 6.9495 6.94919 6.94906 
6.94324 6.94346 6.94386 6.94445 6.94521 6.94616 6.94729 6.9486 6.95009 6.95176 6.9536 6.95561 6.95779 6.96014 6.96264 6.96531 6.96812 6.97108 6.97417 6.97739 6.98073 6.98417 6.98772 6.99134 6.99505 6.99881 7.00261 7.00645 7.01029 7.01414 7.01796 7.02175 7.02548 7.02914 7.0327 7.03616 7.03949 7.04268 7.04571 7.04856 7.05122 7.05367 7.05591 7.05791 7.05966 7.06117 7.06241 7.06338 7.06408 7.06451 7.06465 7.06451 7.06409 7.0634 7.06244 7.06121 7.05972 7.05798 7.05601 7.0538 7.05138 7.04877 7.04596 7.04299 7.03987 7.0366 7.03323 7.02974 7.02618 7.02255 7.01888 7.01517 7.01146 7.00775 7.00406 7.0004 6.9968 6.99327 6.98981 6.98645 6.98319 6.98005 6.97703 6.97414 6.9714 6.9688 6.96636 6.96407 6.96195 6.96001 6.95823 6.95663 6.9552 6.95396 6.95289 6.95201 6.95131 6.95079 6.95046 6.95031 
6.94461 6.94484 6.94526 6.94587 6.94668 6.94768 6.94888 6.95026 6.95184 6.9536 6.95555 6.95768 6.95999 6.96247 6.96513 6.96794 6.97092 6.97405 6.97733 6.98074 6.98427 6.98792 6.99167 6.9955 6.99942 7.0034 7.00742 7.01147 7.01554 7.0196 7.02364 7.02764 7.03158 7.03544 7.03921 7.04286 7.04637 7.04974 7.05293 7.05594 7.05874 7.06133 7.06368 7.06579 7.06764 7.06922 7.07053 7.07155 7.07228 7.07273 7.07287 7.07272 7.07228 7.07155 7.07052 7.06922 7.06765 7.06581 7.06372 7.06139 7.05884 7.05607 7.05311 7.04997 7.04667 7.04322 7.03964 7.03596 7.03219 7.02836 7.02447 7.02055 7.01662 7.01269 7.00878 7.00491 7.0011 6.99735 6.99369 6.99013 6.98667 6.98333 6.98013 6.97707 6.97415 6.97139 6.9688 6.96637 6.96412 6.96204 6.96015 6.95844 6.95692 6.9556 6.95446 6.95351 6.95276 6.95221 6.95185 6.95168 
6.94611 6.94634 6.94678 6.94743 6.94828 6.94934 6.9506 6.95207 6.95374 6.95561 6.95768 6.95994 6.96239 6.96502 6.96784 6.97083 6.97399 6.97731 6.98078 6.9844 6.98815 6.99201 6.99599 7.00006 7.00421 7.00842 7.01268 7.01697 7.02128 7.02558 7.02986 7.03409 7.03826 7.04234 7.04632 7.05018 7.0539 7.05745 7.06083 7.064 7.06696 7.06969 7.07218 7.0744 7.07635 7.07802 7.0794 7.08048 7.08125 7.08171 7.08186 7.0817 7.08123 7.08045 7.07937 7.07799 7.07632 7.07437 7.07216 7.0697 7.06699 7.06406 7.06093 7.0576 7.0541 7.05045 7.04666 7.04277 7.03877 7.03471 7.03059 7.02643 7.02226 7.01809 7.01395 7.00984 7.0058 7.00182 6.99793 6.99415 6.99047 6.98693 6.98352 6.98026 6.97716 6.97423 6.97146 6.96888 6.96648 6.96427 6.96225 6.96043 6.95881 6.95739 6.95617 6.95516 6.95435 6.95376 6.95336 6.95318 
6.94772 6.94796 6.94843 6.94911 6.95001 6.95114 6.95248 6.95403 6.95581 6.95779 6.95999 6.96239 6.96499 6.96779 6.97078 6.97396 6.97732 6.98085 6.98453 6.98837 6.99235 6.99646 7.00068 7.00499 7.0094 7.01387 7.01839 7.02294 7.0275 7.03206 7.03659 7.04107 7.04549 7.04982 7.05403 7.05812 7.06205 7.06581 7.06938 7.07274 7.07587 7.07875 7.08138 7.08373 7.08579 7.08755 7.089 7.09014 7.09095 7.09144 7.09159 7.09142 7.09092 7.09009 7.08894 7.08747 7.0857 7.08364 7.0813 7.07868 7.07582 7.07271 7.06939 7.06586 7.06215 7.05828 7.05427 7.05013 7.0459 7.04158 7.03721 7.0328 7.02838 7.02395 7.01955 7.01519 7.01089 7.00666 7.00253 6.9985 6.9946 6.99083 6.9872 6.98373 6.98043 6.9773 6.97435 6.9716 6.96904 6.96668 6.96453 6.96258 6.96085 6.95933 6.95803 6.95694 6.95608 6.95543 6.95501 6.95481 
6.94946 6.94971 6.9502 6.95092 6.95188 6.95307 6.95449 6.95614 6.95803 6.96014 6.96247 6.96502 6.96779 6.97077 6.97395 6.97733 6.9809 6.98465 6.98857 6.99265 6.99687 7.00124 7.00572 7.0103 7.01498 7.01972 7.02452 7.02935 7.03419 7.03902 7.04383 7.04858 7.05326 7.05785 7.06231 7.06664 7.0708 7.07479 7.07856 7.08212 7.08543 7.08848 7.09126 7.09374 7.09592 7.09778 7.09932 7.10052 7.10137 7.10188 7.10204 7.10185 7.10132 7.10043 7.09921 7.09766 7.09578 7.09359 7.09111 7.08833 7.08529 7.082 7.07848 7.07474 7.0708 7.06669 7.06244 7.05805 7.05355 7.04897 7.04433 7.03965 7.03495 7.03025 7.02557 7.02094 7.01636 7.01187 7.00747 7.00319 6.99903 6.99502 6.99116 6.98746 6.98394 6.98061 6.97746 6.97452 6.97179 6.96927 6.96697 6.96489 6.96304 6.96141 6.96002 6.95886 6.95793 6.95723 6.95678 6.95655 
6.95132 6.95158 6.95209 6.95285 6.95387 6.95513 6.95664 6.9584 6.9604 6.96264 6.96513 6.96784 6.97078 6.97395 6.97733 6.98093 6.98472 6.98871 6.99288 6.99721 7.00171 7.00634 7.0111 7.01597 7.02094 7.02597 7.03106 7.03619 7.04133 7.04646 7.05155 7.05659 7.06155 7.06641 7.07114 7.07573 7.08014 7.08436 7.08836 7.09212 7.09562 7.09885 7.10179 7.10441 7.10672 7.10869 7.11031 7.11157 7.11247 7.11301 7.11317 7.11297 7.1124 7.11146 7.11016 7.10851 7.10652 7.1042 7.10156 7.09862 7.0954 7.0919 7.08816 7.0842 7.08002 7.07567 7.07115 7.06649 7.06172 7.05686 7.05193 7.04696 7.04196 7.03697 7.032 7.02707 7.02221 7.01743 7.01275 7.00819 7.00377 6.99949 6.99538 6.99144 6.98769 6.98413 6.98078 6.97765 6.97473 6.97204 6.96959 6.96736 6.96538 6.96364 6.96215 6.9609 6.95991 6.95916 6.95866 6.95842 
6.95329 6.95356 6.9541 6.95491 6.95598 6.95732 6.95893 6.9608 6.96292 6.96531 6.96794 6.97083 6.97396 6.97733 6.98093 6.98475 6.98878 6.99302 6.99745 7.00206 7.00683 7.01176 7.01681 7.02199 7.02726 7.0326 7.03801 7.04345 7.0489 7.05433 7.05974 7.06508 7.07034 7.07549 7.0805 7.08536 7.09003 7.09449 7.09873 7.10271 7.10642 7.10983 7.11294 7.11572 7.11815 7.12023 7.12194 7.12327 7.12423 7.12479 7.12496 7.12474 7.12413 7.12313 7.12175 7.12 7.11789 7.11543 7.11263 7.10951 7.10609 7.10239 7.09843 7.09422 7.08979 7.08517 7.08038 7.07544 7.07037 7.06521 7.05998 7.0547 7.04939 7.04409 7.03881 7.03357 7.02841 7.02332 7.01835 7.0135 7.00879 7.00424 6.99986 6.99567 6.99167 6.98788 6.98431 6.98096 6.97785 6.97498 6.97236 6.96999 6.96787 6.96601 6.96441 6.96307 6.962 6.9612 6.96067 6.9604 
6.95538 6.95566 6.95622 6.95708 6.95822 6.95964 6.96134 6.96333 6.96559 6.96812 6.97092 6.97399 6.97732 6.9809 6.98472 6.98878 6.99307 6.99757 7.00228 7.00717 7.01224 7.01747 7.02284 7.02833 7.03392 7.03959 7.04533 7.05109 7.05687 7.06264 7.06836 7.07403 7.0796 7.08505 7.09036 7.0955 7.10044 7.10517 7.10965 7.11386 7.11778 7.12139 7.12467 7.12761 7.13018 7.13238 7.13418 7.13559 7.13659 7.13719 7.13736 7.13712 7.13647 7.13541 7.13395 7.1321 7.12986 7.12725 7.12428 7.12098 7.11736 7.11343 7.10923 7.10477 7.10008 7.09518 7.0901 7.08486 7.07949 7.07401 7.06846 7.06286 7.05723 7.0516 7.04599 7.04043 7.03494 7.02954 7.02425 7.0191 7.01409 7.00925 7.00459 7.00012 6.99587 6.99183 6.98803 6.98446 6.98115 6.97809 6.97529 6.97275 6.97049 6.9685 6.9668 6.96537 6.96422 6.96336 6.96278 6.96249 
6.95756 6.95786 6.95846 6.95936 6.96056 6.96207 6.96388 6.96599 6.96839 6.97108 6.97405 6.97731 6.98085 6.98465 6.98871 6.99302 6.99757 7.00235 7.00735 7.01254 7.01792 7.02347 7.02916 7.03498 7.04091 7.04693 7.053 7.05911 7.06524 7.07134 7.07741 7.0834 7.0893 7.09507 7.10068 7.10612 7.11135 7.11635 7.12108 7.12553 7.12968 7.13349 7.13696 7.14006 7.14278 7.14509 7.147 7.14848 7.14954 7.15016 7.15034 7.15009 7.14939 7.14827 7.14672 7.14476 7.14238 7.13962 7.13648 7.13298 7.12915 7.12499 7.12054 7.11582 7.11085 7.10566 7.10028 7.09473 7.08904 7.08324 7.07735 7.07141 7.06544 7.05947 7.05352 7.04762 7.04179 7.03606 7.03044 7.02497 7.01965 7.0145 7.00955 7.0048 7.00028 6.99598 6.99193 6.98814 6.98461 6.98135 6.97836 6.97566 6.97325 6.97113 6.9693 6.96778 6.96655 6.96563 6.96501 6.96469 
6.95986 6.96016 6.96079 6.96175 6.96302 6.96462 6.96654 6.96877 6.97131 6.97417 6.97733 6.98078 6.98453 6.98857 6.99288 6.99745 7.00228 7.00735 7.01264 7.01815 7.02385 7.02973 7.03576 7.04193 7.04821 7.05458 7.06101 7.06748 7.07396 7.08042 7.08684 7.09317 7.09941 7.10551 7.11145 7.11719 7.12272 7.12799 7.13299 7.1377 7.14207 7.1461 7.14976 7.15303 7.15589 7.15833 7.16034 7.16191 7.16302 7.16367 7.16386 7.16358 7.16285 7.16166 7.16002 7.15794 7.15543 7.15251 7.14919 7.14549 7.14143 7.13704 7.13233 7.12734 7.12208 7.11659 7.11089 7.10502 7.099 7.09285 7.08662 7.08033 7.07401 7.06768 7.06138 7.05512 7.04894 7.04286 7.03691 7.0311 7.02545 7.01999 7.01473 7.00969 7.00488 7.00032 6.99601 6.99198 6.98822 6.98475 6.98158 6.9787 6.97613 6.97387 6.97193 6.9703 6.96899 6.968 6.96733 6.96699 
6.96224 6.96256 6.96322 6.96423 6.96558 6.96727 6.9693 6.97167 6.97436 6.97739 6.98074 6.9844 6.98837 6.99265 6.99721 7.00206 7.00717 7.01254 7.01815 7.02398 7.03002 7.03624 7.04263 7.04915 7.0558 7.06253 7.06933 7.07617 7.08302 7.08985 7.09662 7.10332 7.1099 7.11634 7.12261 7.12867 7.1345 7.14007 7.14535 7.1503 7.15492 7.15916 7.16302 7.16647 7.16948 7.17206 7.17417 7.17582 7.17698 7.17767 7.17786 7.17757 7.17679 7.17553 7.1738 7.1716 7.16895 7.16586 7.16236 7.15845 7.15416 7.14952 7.14455 7.13927 7.13372 7.12792 7.1219 7.11569 7.10933 7.10283 7.09624 7.08959 7.0829 7.0762 7.06953 7.06291 7.05637 7.04993 7.04362 7.03747 7.03148 7.02569 7.02012 7.01477 7.00967 7.00483 7.00026 6.99597 6.99198 6.9883 6.98492 6.98186 6.97913 6.97673 6.97466 6.97292 6.97152 6.97047 6.96975 6.96938 
6.96472 6.96505 6.96575 6.96681 6.96824 6.97002 6.97217 6.97467 6.97752 6.98073 6.98427 6.98815 6.99235 6.99687 7.00171 7.00683 7.01224 7.01792 7.02385 7.03002 7.0364 7.04298 7.04972 7.05662 7.06364 7.07075 7.07793 7.08515 7.09238 7.09958 7.10673 7.1138 7.12074 7.12753 7.13414 7.14053 7.14667 7.15254 7.1581 7.16332 7.16818 7.17265 7.17671 7.18033 7.18351 7.18621 7.18844 7.19016 7.19139 7.19211 7.19231 7.19199 7.19117 7.18984 7.18801 7.18569 7.1829 7.17964 7.17594 7.17182 7.1673 7.16241 7.15716 7.1516 7.14574 7.13962 7.13327 7.12672 7.12 7.11314 7.10618 7.09916 7.09209 7.08501 7.07796 7.07097 7.06405 7.05724 7.05057 7.04405 7.03772 7.03159 7.02569 7.02003 7.01462 7.00949 7.00465 7.00011 6.99588 6.99197 6.98839 6.98514 6.98224 6.97969 6.97749 6.97564 6.97415 6.97303 6.97227 6.97187 
6.96727 6.96762 6.96835 6.96947 6.97098 6.97286 6.97513 6.97777 6.98079 6.98417 6.98792 6.99201 6.99646 7.00124 7.00634 7.01176 7.01747 7.02347 7.02973 7.03624 7.04298 7.04992 7.05704 7.06431 7.07171 7.07921 7.08679 7.09439 7.10201 7.1096 7.11713 7.12457 7.13189 7.13904 7.14599 7.15272 7.15918 7.16535 7.1712 7.17669 7.1818 7.1865 7.19076 7.19457 7.19791 7.20075 7.20309 7.2049 7.20619 7.20693 7.20714 7.20681 7.20594 7.20454 7.20261 7.20016 7.19722 7.19379 7.1899 7.18556 7.1808 7.17565 7.17013 7.16427 7.15809 7.15165 7.14495 7.13805 7.13097 7.12374 7.11641 7.109 7.10154 7.09408 7.08664 7.07926 7.07196 7.06477 7.05772 7.05084 7.04415 7.03767 7.03143 7.02545 7.01973 7.0143 7.00918 7.00437 6.9999 6.99576 6.99196 6.98853 6.98545 6.98274 6.98041 6.97845 6.97687 6.97567 6.97486 6.97444 
6.9699 6.97027 6.97104 6.97221 6.9738 6.97579 6.97818 6.98097 6.98415 6.98772 6.99167 6.99599 7.00068 7.00572 7.0111 7.01681 7.02284 7.02916 7.03576 7.04263 7.04972 7.05704 7.06454 7.0722 7.07999 7.08789 7.09586 7.10387 7.11188 7.11987 7.12779 7.13561 7.1433 7.15081 7.15812 7.16519 7.17198 7.17846 7.1846 7.19037 7.19573 7.20067 7.20514 7.20914 7.21264 7.21562 7.21807 7.21997 7.22132 7.2221 7.22231 7.22196 7.22104 7.21957 7.21754 7.21497 7.21187 7.20827 7.20418 7.19962 7.19461 7.1892 7.18339 7.17723 7.17074 7.16396 7.15692 7.14965 7.1422 7.1346 7.12688 7.11908 7.11123 7.10337 7.09553 7.08775 7.08006 7.07248 7.06505 7.0578 7.05074 7.04391 7.03733 7.03101 7.02497 7.01924 7.01383 7.00876 7.00402 6.99965 6.99564 6.992 6.98875 6.98588 6.98341 6.98134 6.97966 6.97839 6.97753 6.97708 
6.9726 6.97298 6.97379 6.97502 6.97669 6.97878 6.9813 6.98424 6.98759 6.99134 6.9955 7.00006 7.00499 7.0103 7.01597 7.02199 7.02833 7.03498 7.04193 7.04915 7.05662 7.06431 7.0722 7.08025 7.08845 7.09675 7.10512 7.11353 7.12195 7.13034 7.13866 7.14687 7.15494 7.16282 7.17049 7.17791 7.18503 7.19183 7.19826 7.20431 7.20993 7.2151 7.21979 7.22398 7.22764 7.23076 7.23333 7.23532 7.23672 7.23754 7.23776 7.23739 7.23642 7.23487 7.23274 7.23004 7.2268 7.22302 7.21872 7.21394 7.20869 7.203 7.19691 7.19044 7.18362 7.1765 7.16911 7.16148 7.15366 7.14567 7.13756 7.12936 7.12111 7.11285 7.10461 7.09643 7.08833 7.08036 7.07255 7.06491 7.05748 7.05029 7.04335 7.03669 7.03033 7.0243 7.01859 7.01324 7.00825 7.00363 6.9994 6.99556 6.99213 6.9891 6.98649 6.9843 6.98253 6.98118 6.98027 6.97978 
6.97535 6.97575 6.97659 6.97789 6.97964 6.98184 6.98449 6.98757 6.99109 6.99505 6.99942 7.00421 7.0094 7.01498 7.02094 7.02726 7.03392 7.04091 7.04821 7.0558 7.06364 7.07171 7.07999 7.08845 7.09705 7.10575 7.11454 7.12336 7.13219 7.14098 7.1497 7.1583 7.16676 7.17502 7.18305 7.19081 7.19827 7.20539 7.21212 7.21845 7.22433 7.22974 7.23465 7.23903 7.24286 7.24612 7.2488 7.25088 7.25235 7.2532 7.25343 7.25303 7.25202 7.25039 7.24816 7.24534 7.24193 7.23797 7.23347 7.22846 7.22296 7.21701 7.21062 7.20384 7.1967 7.18924 7.18149 7.1735 7.16529 7.15692 7.14841 7.13981 7.13115 7.12248 7.11384 7.10525 7.09675 7.08838 7.08016 7.07214 7.06433 7.05677 7.04948 7.04248 7.03579 7.02944 7.02344 7.0178 7.01255 7.00769 7.00323 6.99919 6.99557 6.99238 6.98963 6.98731 6.98545 6.98403 6.98306 6.98254 
6.97815 6.97856 6.97944 6.98081 6.98264 6.98495 6.98772 6.99096 6.99466 6.99881 7.0034 7.00842 7.01387 7.01972 7.02597 7.0326 7.03959 7.04693 7.05458 7.06253 7.07075 7.07921 7.08789 7.09675 7.10575 7.11487 7.12407 7.13331 7.14255 7.15175 7.16087 7.16987 7.17871 7.18735 7.19575 7.20386 7.21166 7.21909 7.22613 7.23274 7.23889 7.24453 7.24966 7.25423 7.25823 7.26164 7.26443 7.2666 7.26813 7.26902 7.26925 7.26884 7.26778 7.26607 7.26374 7.26078 7.25723 7.25308 7.24838 7.24314 7.23739 7.23116 7.22448 7.21739 7.20993 7.20212 7.19401 7.18565 7.17706 7.16829 7.15938 7.15038 7.14132 7.13223 7.12317 7.11417 7.10527 7.09649 7.08788 7.07947 7.07128 7.06335 7.05569 7.04835 7.04133 7.03466 7.02835 7.02243 7.01691 7.01181 7.00712 7.00287 6.99907 6.99571 6.99281 6.99038 6.98841 6.98692 6.9859 6.98535 
6.98098 6.98141 6.98233 6.98376 6.98568 6.9881 6.991 6.99439 6.99827 7.00261 7.00742 7.01268 7.01839 7.02452 7.03106 7.03801 7.04533 7.053 7.06101 7.06933 7.07793 7.08679 7.09586 7.10512 7.11454 7.12407 7.13368 7.14333 7.15299 7.1626 7.17212 7.18152 7.19075 7.19977 7.20854 7.217 7.22514 7.23289 7.24023 7.24713 7.25353 7.25942 7.26476 7.26953 7.2737 7.27725 7.28016 7.28241 7.28401 7.28493 7.28517 7.28473 7.28362 7.28185 7.27941 7.27632 7.27261 7.26829 7.26338 7.25791 7.25191 7.24541 7.23844 7.23103 7.22324 7.21509 7.20662 7.19788 7.18891 7.17975 7.17044 7.16103 7.15156 7.14206 7.13259 7.12318 7.11386 7.10468 7.09567 7.08686 7.07829 7.06998 7.06197 7.05427 7.04692 7.03993 7.03332 7.02712 7.02133 7.01597 7.01106 7.0066 7.00261 6.99908 6.99604 6.99349 6.99142 6.98985 6.98877 6.98819 
6.98384 6.98428 6.98525 6.98674 6.98874 6.99127 6.99431 6.99785 7.0019 7.00645 7.01147 7.01697 7.02294 7.02935 7.03619 7.04345 7.05109 7.05911 7.06748 7.07617 7.08515 7.09439 7.10387 7.11353 7.12336 7.13331 7.14333 7.1534 7.16347 7.17349 7.18342 7.19321 7.20283 7.21223 7.22136 7.23018 7.23865 7.24673 7.25437 7.26154 7.26821 7.27434 7.2799 7.28486 7.28919 7.29288 7.29591 7.29826 7.29991 7.30086 7.30111 7.30066 7.2995 7.29765 7.29511 7.29189 7.28802 7.28352 7.27841 7.27271 7.26646 7.25968 7.25242 7.24471 7.23659 7.22809 7.21927 7.21016 7.2008 7.19125 7.18154 7.17172 7.16184 7.15193 7.14204 7.13222 7.12249 7.1129 7.10349 7.09429 7.08534 7.07665 7.06828 7.06023 7.05254 7.04523 7.03832 7.03183 7.02577 7.02016 7.01502 7.01035 7.00617 7.00248 6.99929 6.99661 6.99445 6.9928 6.99167 6.99106 
6.98671 6.98717 6.98818 6.98973 6.99182 6.99445 6.99763 7.00133 7.00555 7.01029 7.01554 7.02128 7.0275 7.03419 7.04133 7.0489 7.05687 7.06524 7.07396 7.08302 7.09238 7.10201 7.11188 7.12195 7.13219 7.14255 7.15299 7.16347 7.17394 7.18437 7.1947 7.20489 7.2149 7.22467 7.23417 7.24334 7.25214 7.26053 7.26848 7.27593 7.28286 7.28923 7.295 7.30015 7.30465 7.30848 7.31162 7.31406 7.31578 7.31676 7.31702 7.31654 7.31534 7.31341 7.31077 7.30743 7.3034 7.29872 7.29341 7.28748 7.28098 7.27394 7.26639 7.25836 7.24991 7.24108 7.2319 7.22242 7.21268 7.20274 7.19263 7.18241 7.17212 7.1618 7.1515 7.14126 7.13112 7.12113 7.11132 7.10173 7.09239 7.08333 7.07459 7.0662 7.05817 7.05054 7.04333 7.03655 7.03022 7.02437 7.019 7.01412 7.00975 7.00589 7.00256 6.99976 6.99749 6.99576 6.99458 6.99394 
6.98959 6.99006 6.9911 6.99272 6.9949 6.99764 7.00094 7.0048 7.0092 7.01414 7.0196 7.02558 7.03206 7.03902 7.04646 7.05433 7.06264 7.07134 7.08042 7.08985 7.09958 7.1096 7.11987 7.13034 7.14098 7.15175 7.1626 7.17349 7.18437 7.1952 7.20593 7.21652 7.2269 7.23705 7.2469 7.25642 7.26555 7.27426 7.2825 7.29023 7.29742 7.30402 7.31 7.31534 7.32001 7.32398 7.32724 7.32976 7.33154 7.33256 7.33282 7.33233 7.33107 7.32907 7.32633 7.32286 7.31869 7.31383 7.30831 7.30216 7.29541 7.2881 7.28026 7.27194 7.26316 7.25399 7.24445 7.23461 7.2245 7.21417 7.20367 7.19304 7.18235 7.17162 7.16091 7.15026 7.13972 7.12933 7.11912 7.10914 7.09942 7.08999 7.08089 7.07215 7.06379 7.05584 7.04833 7.04126 7.03467 7.02857 7.02296 7.01788 7.01332 7.0093 7.00582 7.0029 7.00053 6.99873 6.99749 6.99682 
6.99244 6.99293 6.99402 6.99569 6.99796 7.00081 7.00424 7.00825 7.01283 7.01796 7.02364 7.02986 7.03659 7.04383 7.05155 7.05974 7.06836 7.07741 7.08684 7.09662 7.10673 7.11713 7.12779 7.13866 7.1497 7.16087 7.17212 7.18342 7.1947 7.20593 7.21706 7.22802 7.23879 7.2493 7.25951 7.26937 7.27883 7.28785 7.29638 7.30438 7.31182 7.31865 7.32485 7.33037 7.3352 7.33931 7.34268 7.34529 7.34712 7.34818 7.34845 7.34793 7.34663 7.34456 7.34172 7.33812 7.3338 7.32877 7.32305 7.31668 7.3097 7.30212 7.294 7.28537 7.27628 7.26677 7.25689 7.24668 7.2362 7.22549 7.2146 7.20358 7.19248 7.18135 7.17024 7.15919 7.14825 7.13745 7.12685 7.11649 7.10639 7.0966 7.08714 7.07806 7.06937 7.06111 7.05329 7.04595 7.03909 7.03274 7.02691 7.02162 7.01687 7.01269 7.00907 7.00602 7.00356 7.00168 7.00039 6.99969 
6.99528 6.99578 6.99691 6.99864 7.001 7.00395 7.00752 7.01167 7.01642 7.02175 7.02764 7.03409 7.04107 7.04858 7.05659 7.06508 7.07403 7.0834 7.09317 7.10332 7.1138 7.12457 7.13561 7.14687 7.1583 7.16987 7.18152 7.19321 7.20489 7.21652 7.22802 7.23937 7.25051 7.26138 7.27193 7.28213 7.29191 7.30123 7.31005 7.31832 7.32601 7.33307 7.33947 7.34517 7.35016 7.3544 7.35788 7.36057 7.36247 7.36356 7.36383 7.3633 7.36195 7.35981 7.35687 7.35315 7.34868 7.34348 7.33757 7.33099 7.32376 7.31593 7.30753 7.29861 7.2892 7.27937 7.26914 7.25858 7.24773 7.23665 7.22538 7.21397 7.20248 7.19095 7.17944 7.168 7.15666 7.14548 7.13449 7.12375 7.11328 7.10312 7.09332 7.0839 7.07488 7.06631 7.0582 7.05058 7.04346 7.03687 7.03082 7.02532 7.02039 7.01604 7.01228 7.00912 7.00656 7.0046 7.00326 7.00253 
6.99807 6.9986 6.99976 7.00156 7.00399 7.00705 7.01074 7.01505 7.01996 7.02548 7.03158 7.03826 7.04549 7.05326 7.06155 7.07034 7.0796 7.0893 7.09941 7.1099 7.12074 7.13189 7.1433 7.15494 7.16676 7.17871 7.19075 7.20283 7.2149 7.2269 7.23879 7.25051 7.262 7.27323 7.28412 7.29464 7.30473 7.31435 7.32345 7.33198 7.33991 7.34719 7.35379 7.35968 7.36482 7.36919 7.37278 7.37555 7.3775 7.37862 7.37891 7.37835 7.37696 7.37475 7.37171 7.36788 7.36327 7.3579 7.3518 7.34501 7.33755 7.32947 7.3208 7.31159 7.30188 7.29172 7.28116 7.27026 7.25905 7.2476 7.23595 7.22417 7.21229 7.20038 7.18848 7.17665 7.16492 7.15336 7.142 7.13088 7.12005 7.10954 7.09939 7.08964 7.08031 7.07143 7.06303 7.05514 7.04776 7.04093 7.03466 7.02897 7.02386 7.01935 7.01545 7.01217 7.00951 7.00749 7.00609 7.00534 
7.00082 7.00136 7.00255 7.00441 7.00693 7.01009 7.0139 7.01836 7.02344 7.02914 7.03544 7.04234 7.04982 7.05785 7.06641 7.07549 7.08505 7.09507 7.10551 7.11634 7.12753 7.13904 7.15081 7.16282 7.17502 7.18735 7.19977 7.21223 7.22467 7.23705 7.2493 7.26138 7.27323 7.28479 7.29602 7.30685 7.31725 7.32716 7.33653 7.34531 7.35347 7.36097 7.36776 7.37382 7.37911 7.38361 7.3873 7.39015 7.39216 7.39331 7.3936 7.39303 7.3916 7.38932 7.38619 7.38224 7.37749 7.37196 7.36568 7.35868 7.351 7.34267 7.33374 7.32425 7.31424 7.30378 7.29289 7.28165 7.2701 7.25829 7.24628 7.23413 7.22188 7.20959 7.19731 7.1851 7.173 7.16106 7.14933 7.13785 7.12667 7.11582 7.10534 7.09526 7.08562 7.07644 7.06776 7.0596 7.05198 7.04492 7.03843 7.03254 7.02726 7.02259 7.01856 7.01516 7.01241 7.01031 7.00887 7.00809 
7.0035 7.00405 7.00528 7.0072 7.00979 7.01306 7.01699 7.02158 7.02682 7.0327 7.03921 7.04632 7.05403 7.06231 7.07114 7.0805 7.09036 7.10068 7.11145 7.12261 7.13414 7.14599 7.15812 7.17049 7.18305 7.19575 7.20854 7.22136 7.23417 7.2469 7.25951 7.27193 7.28412 7.29602 7.30756 7.31871 7.3294 7.33958 7.34921 7.35824 7.36663 7.37433 7.38131 7.38754 7.39298 7.3976 7.40139 7.40432 7.40638 7.40756 7.40786 7.40727 7.40579 7.40345 7.40023 7.39617 7.39129 7.3856 7.37915 7.37195 7.36405 7.35548 7.3463 7.33654 7.32625 7.31548 7.30428 7.29271 7.28083 7.26868 7.25632 7.2438 7.23119 7.21854 7.2059 7.19332 7.18085 7.16856 7.15647 7.14464 7.13311 7.12192 7.11112 7.10073 7.09079 7.08132 7.07237 7.06395 7.05608 7.0488 7.0421 7.03602 7.03057 7.02576 7.02159 7.01809 7.01524 7.01308 7.01158 7.01077 
7.0061 7.00666 7.00793 7.00991 7.01257 7.01594 7.01999 7.02471 7.03011 7.03616 7.04286 7.05018 7.05812 7.06664 7.07573 7.08536 7.0955 7.10612 7.11719 7.12867 7.14053 7.15272 7.16519 7.17791 7.19081 7.20386 7.217 7.23018 7.24334 7.25642 7.26937 7.28213 7.29464 7.30685 7.31871 7.33014 7.34112 7.35157 7.36145 7.37072 7.37932 7.38722 7.39439 7.40077 7.40635 7.41109 7.41497 7.41798 7.42009 7.4213 7.4216 7.421 7.41948 7.41707 7.41377 7.40961 7.4046 7.39876 7.39213 7.38475 7.37664 7.36785 7.35842 7.34839 7.33783 7.32677 7.31528 7.3034 7.29118 7.2787 7.266 7.25315 7.24019 7.22718 7.21419 7.20126 7.18844 7.1758 7.16337 7.1512 7.13934 7.12783 7.11671 7.10602 7.09579 7.08605 7.07683 7.06816 7.06006 7.05256 7.04566 7.0394 7.03378 7.02882 7.02453 7.02092 7.01799 7.01576 7.01422 7.01338 
7.0086 7.00918 7.01049 7.01251 7.01526 7.01871 7.02287 7.02773 7.03327 7.03949 7.04637 7.0539 7.06205 7.0708 7.08014 7.09003 7.10044 7.11135 7.12272 7.1345 7.14667 7.15918 7.17198 7.18503 7.19827 7.21166 7.22514 7.23865 7.25214 7.26555 7.27883 7.29191 7.30473 7.31725 7.3294 7.34112 7.35236 7.36306 7.37319 7.38268 7.39149 7.39958 7.40692 7.41345 7.41916 7.42402 7.42799 7.43107 7.43323 7.43447 7.43478 7.43415 7.4326 7.43013 7.42675 7.42249 7.41735 7.41137 7.40458 7.39701 7.38871 7.3797 7.37004 7.35977 7.34894 7.33761 7.32582 7.31364 7.30112 7.28832 7.2753 7.26212 7.24882 7.23548 7.22215 7.20888 7.19573 7.18275 7.16999 7.1575 7.14533 7.13351 7.12209 7.11111 7.1006 7.09059 7.08112 7.07221 7.06389 7.05618 7.04909 7.04266 7.03688 7.03178 7.02737 7.02365 7.02064 7.01834 7.01676 7.01589 
7.011 7.0116 7.01294 7.01501 7.01783 7.02137 7.02564 7.03062 7.0363 7.04268 7.04974 7.05745 7.06581 7.07479 7.08436 7.09449 7.10517 7.11635 7.12799 7.14007 7.15254 7.16535 7.17846 7.19183 7.20539 7.21909 7.23289 7.24673 7.26053 7.27426 7.28785 7.30123 7.31435 7.32716 7.33958 7.35157 7.36306 7.37401 7.38436 7.39407 7.40308 7.41135 7.41885 7.42553 7.43136 7.43633 7.44039 7.44353 7.44574 7.447 7.44732 7.44668 7.44509 7.44256 7.43911 7.43475 7.42949 7.42338 7.41644 7.4087 7.4002 7.39099 7.3811 7.3706 7.35952 7.34793 7.33587 7.32341 7.31059 7.29749 7.28417 7.27067 7.25706 7.2434 7.22975 7.21616 7.20269 7.18939 7.17632 7.16352 7.15104 7.13893 7.12723 7.11597 7.10519 7.09494 7.08522 7.07609 7.06755 7.05964 7.05237 7.04577 7.03984 7.03461 7.03008 7.02627 7.02317 7.02081 7.01919 7.0183 
7.01329 7.0139 7.01526 7.01739 7.02027 7.02389 7.02826 7.03336 7.03918 7.04571 7.05293 7.06083 7.06938 7.07856 7.08836 7.09873 7.10965 7.12108 7.13299 7.14535 7.1581 7.1712 7.1846 7.19826 7.21212 7.22613 7.24023 7.25437 7.26848 7.2825 7.29638 7.31005 7.32345 7.33653 7.34921 7.36145 7.37319 7.38436 7.39493 7.40483 7.41403 7.42247 7.43012 7.43694 7.44289 7.44796 7.4521 7.45531 7.45756 7.45885 7.45917 7.45851 7.45689 7.45431 7.45079 7.44633 7.44097 7.43473 7.42764 7.41974 7.41106 7.40166 7.39157 7.38084 7.36953 7.35769 7.34537 7.33264 7.31955 7.30617 7.29255 7.27876 7.26485 7.25089 7.23694 7.22304 7.20927 7.19568 7.18231 7.16922 7.15646 7.14407 7.1321 7.12058 7.10955 7.09905 7.08911 7.07976 7.07103 7.06293 7.05549 7.04872 7.04265 7.0373 7.03266 7.02875 7.02558 7.02317 7.0215 7.02059 
7.01544 7.01606 7.01746 7.01963 7.02257 7.02627 7.03074 7.03595 7.04189 7.04856 7.05594 7.064 7.07274 7.08212 7.09212 7.10271 7.11386 7.12553 7.1377 7.1503 7.16332 7.17669 7.19037 7.20431 7.21845 7.23274 7.24713 7.26154 7.27593 7.29023 7.30438 7.31832 7.33198 7.34531 7.35824 7.37072 7.38268 7.39407 7.40483 7.41493 7.4243 7.4329 7.44069 7.44763 7.4537 7.45885 7.46307 7.46634 7.46863 7.46995 7.47027 7.4696 7.46795 7.46532 7.46173 7.45719 7.45172 7.44537 7.43814 7.43009 7.42125 7.41166 7.40138 7.39044 7.37891 7.36684 7.35428 7.3413 7.32796 7.31431 7.30042 7.28635 7.27216 7.25792 7.24368 7.22951 7.21546 7.20158 7.18794 7.17458 7.16155 7.1489 7.13667 7.12491 7.11365 7.10293 7.09277 7.08322 7.07429 7.06602 7.05842 7.05151 7.0453 7.03983 7.03509 7.03109 7.02786 7.02538 7.02368 7.02275 
7.01745 7.01808 7.01951 7.02172 7.02472 7.0285 7.03305 7.03836 7.04442 7.05122 7.05874 7.06696 7.07587 7.08543 7.09562 7.10642 7.11778 7.12968 7.14207 7.15492 7.16818 7.1818 7.19573 7.20993 7.22433 7.23889 7.25353 7.26821 7.28286 7.29742 7.31182 7.32601 7.33991 7.35347 7.36663 7.37932 7.39149 7.40308 7.41403 7.4243 7.43383 7.44257 7.4505 7.45756 7.46373 7.46897 7.47326 7.47658 7.47891 7.48025 7.48057 7.47989 7.47821 7.47554 7.47188 7.46726 7.46171 7.45524 7.44789 7.4397 7.4307 7.42095 7.41048 7.39936 7.38762 7.37534 7.36256 7.34935 7.33576 7.32187 7.30773 7.2934 7.27896 7.26446 7.24996 7.23552 7.2212 7.20707 7.19317 7.17956 7.16628 7.15339 7.14093 7.12894 7.11746 7.10653 7.09618 7.08644 7.07734 7.0689 7.06115 7.0541 7.04777 7.04219 7.03735 7.03328 7.02998 7.02745 7.02571 7.02476 
7.01931 7.01995 7.0214 7.02365 7.0267 7.03055 7.03518 7.04058 7.04675 7.05367 7.06133 7.06969 7.07875 7.08848 7.09885 7.10983 7.12139 7.13349 7.1461 7.15916 7.17265 7.1865 7.20067 7.2151 7.22974 7.24453 7.25942 7.27434 7.28923 7.30402 7.31865 7.33307 7.34719 7.36097 7.37433 7.38722 7.39958 7.41135 7.42247 7.4329 7.44257 7.45146 7.4595 7.46667 7.47293 7.47825 7.48261 7.48598 7.48835 7.4897 7.49003 7.48934 7.48763 7.48492 7.4812 7.47651 7.47087 7.4643 7.45684 7.44852 7.43938 7.42947 7.41884 7.40754 7.39562 7.38314 7.37016 7.35674 7.34293 7.32882 7.31444 7.29989 7.2852 7.27046 7.25572 7.24104 7.22649 7.21212 7.19798 7.18414 7.17064 7.15753 7.14485 7.13265 7.12098 7.10985 7.09932 7.08941 7.08015 7.07156 7.06367 7.05649 7.05005 7.04437 7.03944 7.0353 7.03193 7.02936 7.02759 7.02662 
7.021 7.02165 7.02312 7.02541 7.02851 7.03242 7.03712 7.04261 7.04888 7.05591 7.06368 7.07218 7.08138 7.09126 7.10179 7.11294 7.12467 7.13696 7.14976 7.16302 7.17671 7.19076 7.20514 7.21979 7.23465 7.24966 7.26476 7.2799 7.295 7.31 7.32485 7.33947 7.35379 7.36776 7.38131 7.39439 7.40692 7.41885 7.43012 7.44069 7.4505 7.4595 7.46766 7.47492 7.48127 7.48666 7.49108 7.49449 7.49689 7.49826 7.49859 7.49789 7.49616 7.49341 7.48964 7.48489 7.47917 7.47251 7.46494 7.45651 7.44724 7.4372 7.42642 7.41496 7.40287 7.39021 7.37705 7.36343 7.34943 7.33511 7.32053 7.30576 7.29087 7.27591 7.26095 7.24606 7.23129 7.2167 7.20235 7.1883 7.17459 7.16128 7.14841 7.13603 7.12417 7.11287 7.10217 7.09211 7.0827 7.07397 7.06596 7.05867 7.05213 7.04635 7.04135 7.03713 7.03372 7.0311 7.0293 7.02832 
7.02252 7.02318 7.02467 7.02699 7.03013 7.03409 7.03886 7.04443 7.05078 7.05791 7.06579 7.0744 7.08373 7.09374 7.10441 7.11572 7.12761 7.14006 7.15303 7.16647 7.18033 7.19457 7.20914 7.22398 7.23903 7.25423 7.26953 7.28486 7.30015 7.31534 7.33037 7.34517 7.35968 7.37382 7.38754 7.40077 7.41345 7.42553 7.43694 7.44763 7.45756 7.46667 7.47492 7.48228 7.4887 7.49416 7.49862 7.50208 7.5045 7.50589 7.50623 7.50552 7.50376 7.50098 7.49717 7.49235 7.48656 7.47982 7.47216 7.46363 7.45425 7.44408 7.43317 7.42157 7.40933 7.39652 7.38319 7.3694 7.35523 7.34073 7.32596 7.31101 7.29592 7.28077 7.26562 7.25053 7.23557 7.22079 7.20625 7.19201 7.17812 7.16463 7.15159 7.13904 7.12702 7.11557 7.10473 7.09452 7.08498 7.07614 7.06801 7.06062 7.05399 7.04813 7.04306 7.03878 7.03532 7.03267 7.03084 7.02984 
7.02386 7.02452 7.02603 7.02838 7.03156 7.03557 7.04039 7.04602 7.05245 7.05966 7.06764 7.07635 7.08579 7.09592 7.10672 7.11815 7.13018 7.14278 7.15589 7.16948 7.18351 7.19791 7.21264 7.22764 7.24286 7.25823 7.2737 7.28919 7.30465 7.32001 7.3352 7.35016 7.36482 7.37911 7.39298 7.40635 7.41916 7.43136 7.44289 7.4537 7.46373 7.47293 7.48127 7.4887 7.49519 7.5007 7.50521 7.5087 7.51115 7.51255 7.51289 7.51217 7.5104 7.50758 7.50373 7.49887 7.49302 7.48621 7.47847 7.46984 7.46037 7.45009 7.43907 7.42734 7.41498 7.40203 7.38855 7.37462 7.36029 7.34563 7.33071 7.31559 7.30034 7.28502 7.2697 7.25444 7.23931 7.22437 7.20967 7.19526 7.18122 7.16757 7.15438 7.14168 7.12952 7.11794 7.10697 7.09664 7.08699 7.07804 7.06981 7.06234 7.05562 7.04969 7.04456 7.04023 7.03672 7.03404 7.03219 7.03118 
7.025 7.02568 7.0272 7.02957 7.03278 7.03683 7.0417 7.04739 7.05389 7.06117 7.06922 7.07802 7.08755 7.09778 7.10869 7.12023 7.13238 7.14509 7.15833 7.17206 7.18621 7.20075 7.21562 7.23076 7.24612 7.26164 7.27725 7.29288 7.30848 7.32398 7.33931 7.3544 7.36919 7.38361 7.3976 7.41109 7.42402 7.43633 7.44796 7.45885 7.46897 7.47825 7.48666 7.49416 7.5007 7.50626 7.51081 7.51432 7.51679 7.5182 7.51855 7.51783 7.51604 7.5132 7.50931 7.50441 7.4985 7.49163 7.48383 7.47513 7.46557 7.4552 7.44408 7.43225 7.41978 7.40671 7.39312 7.37906 7.3646 7.34981 7.33475 7.31949 7.30409 7.28863 7.27317 7.25777 7.2425 7.22741 7.21257 7.19803 7.18385 7.17007 7.15675 7.14393 7.13165 7.11996 7.10888 7.09845 7.0887 7.07966 7.07136 7.0638 7.05702 7.05103 7.04584 7.04147 7.03793 7.03522 7.03335 7.03233 
7.02595 7.02663 7.02817 7.03056 7.0338 7.03788 7.04279 7.04852 7.05507 7.06241 7.07053 7.0794 7.089 7.09932 7.11031 7.12194 7.13418 7.147 7.16034 7.17417 7.18844 7.20309 7.21807 7.23333 7.2488 7.26443 7.28016 7.29591 7.31162 7.32724 7.34268 7.35788 7.37278 7.3873 7.40139 7.41497 7.42799 7.44039 7.4521 7.46307 7.47326 7.48261 7.49108 7.49862 7.50521 7.51081 7.51539 7.51893 7.52142 7.52284 7.52318 7.52245 7.52065 7.51779 7.51388 7.50894 7.50299 7.49607 7.48821 7.47945 7.46982 7.45939 7.44818 7.43627 7.4237 7.41054 7.39685 7.38269 7.36813 7.35323 7.33805 7.32268 7.30717 7.2916 7.27602 7.2605 7.24512 7.22991 7.21496 7.20031 7.18601 7.17213 7.15871 7.14578 7.13341 7.12162 7.11045 7.09994 7.09011 7.081 7.07263 7.06501 7.05818 7.05214 7.04691 7.0425 7.03893 7.0362 7.03432 7.03328 
7.0267 7.02739 7.02893 7.03134 7.03459 7.0387 7.04364 7.04941 7.056 7.06338 7.07155 7.08048 7.09014 7.10052 7.11157 7.12327 7.13559 7.14848 7.16191 7.17582 7.19016 7.2049 7.21997 7.23532 7.25088 7.2666 7.28241 7.29826 7.31406 7.32976 7.34529 7.36057 7.37555 7.39015 7.40432 7.41798 7.43107 7.44353 7.45531 7.46634 7.47658 7.48598 7.49449 7.50208 7.5087 7.51432 7.51893 7.52249 7.52499 7.52642 7.52676 7.52603 7.52422 7.52134 7.51741 7.51244 7.50647 7.49951 7.49161 7.48279 7.47312 7.46262 7.45136 7.43938 7.42674 7.41351 7.39974 7.3855 7.37086 7.35587 7.34062 7.32516 7.30956 7.2939 7.27823 7.26262 7.24715 7.23185 7.21681 7.20208 7.1877 7.17373 7.16023 7.14723 7.13478 7.12292 7.11168 7.1011 7.09122 7.08205 7.07362 7.06596 7.05908 7.05301 7.04775 7.04331 7.03972 7.03697 7.03507 7.03403 
7.02725 7.02793 7.02948 7.0319 7.03517 7.03929 7.04426 7.05005 7.05667 7.06408 7.07228 7.08125 7.09095 7.10137 7.11247 7.12423 7.13659 7.14954 7.16302 7.17698 7.19139 7.20619 7.22132 7.23672 7.25235 7.26813 7.28401 7.29991 7.31578 7.33154 7.34712 7.36247 7.3775 7.39216 7.40638 7.42009 7.43323 7.44574 7.45756 7.46863 7.47891 7.48835 7.49689 7.5045 7.51115 7.51679 7.52142 7.52499 7.5275 7.52893 7.52928 7.52854 7.52672 7.52383 7.51989 7.5149 7.5089 7.50192 7.49399 7.48514 7.47543 7.46489 7.45359 7.44156 7.42888 7.4156 7.40177 7.38748 7.37278 7.35774 7.34242 7.3269 7.31124 7.29551 7.27979 7.26412 7.24858 7.23323 7.21812 7.20333 7.18889 7.17487 7.1613 7.14825 7.13575 7.12384 7.11256 7.10194 7.09201 7.0828 7.07434 7.06664 7.05974 7.05363 7.04835 7.0439 7.04029 7.03752 7.03562 7.03458 
7.02758 7.02827 7.02982 7.03224 7.03552 7.03966 7.04463 7.05044 7.05707 7.06451 7.07273 7.08171 7.09144 7.10188 7.11301 7.12479 7.13719 7.15016 7.16367 7.17767 7.19211 7.20693 7.2221 7.23754 7.2532 7.26902 7.28493 7.30086 7.31676 7.33256 7.34818 7.36356 7.37862 7.39331 7.40756 7.4213 7.43447 7.447 7.45885 7.46995 7.48025 7.4897 7.49826 7.50589 7.51255 7.5182 7.52284 7.52642 7.52893 7.53036 7.53071 7.52997 7.52815 7.52526 7.5213 7.51631 7.51029 7.5033 7.49535 7.48648 7.47675 7.46619 7.45486 7.44281 7.4301 7.41679 7.40294 7.38861 7.37388 7.3588 7.34345 7.3279 7.31221 7.29645 7.28068 7.26498 7.24941 7.23402 7.21888 7.20405 7.18958 7.17553 7.16194 7.14885 7.13632 7.12439 7.11308 7.10243 7.09248 7.08325 7.07477 7.06706 7.06013 7.05401 7.04872 7.04425 7.04063 7.03787 7.03596 7.03491 
