6.42657 6.42675 6.42706 6.42748 6.42802 6.42867 6.42945 6.43034 6.43135 6.43247 6.43372 6.43507 6.43654 6.43813 6.43982 6.44162 6.44353 6.44554 6.44765 6.44986 6.45215 6.45452 6.45697 6.45949 6.46207 6.46469 6.46736 6.47006 6.47277 6.47549 6.47821 6.48091 6.48358 6.48621 6.48877 6.49127 6.49368 6.496 6.4982 6.50028 6.50223 6.50403 6.50567 6.50715 6.50845 6.50957 6.51049 6.51122 6.51175 6.51208 6.5122 6.51212 6.51183 6.51134 6.51065 6.50977 6.5087 6.50745 6.50602 6.50443 6.50269 6.5008 6.49879 6.49665 6.49441 6.49208 6.48967 6.48719 6.48466 6.48209 6.47949 6.47689 6.47428 6.47169 6.46912 6.46659 6.4641 6.46167 6.45931 6.45702 6.45481 6.45269 6.45067 6.44874 6.44692 6.44521 6.44361 6.44212 6.44075 6.4395 6.43837 6.43736 6.43646 6.43569 6.43504 6.43451 6.4341 6.43381 6.43364 6.43358 
6.42675 6.42694 6.42724 6.42767 6.42821 6.42887 6.42965 6.43054 6.43156 6.43269 6.43394 6.4353 6.43678 6.43837 6.44008 6.44189 6.44381 6.44583 6.44796 6.45017 6.45248 6.45487 6.45733 6.45986 6.46246 6.4651 6.46778 6.4705 6.47323 6.47597 6.4787 6.48142 6.48411 6.48675 6.48933 6.49185 6.49427 6.4966 6.49882 6.50092 6.50287 6.50469 6.50634 6.50782 6.50913 6.51026 6.51119 6.51192 6.51246 6.51279 6.51291 6.51283 6.51254 6.51204 6.51135 6.51046 6.50938 6.50812 6.50669 6.50509 6.50333 6.50143 6.49941 6.49726 6.495 6.49265 6.49022 6.48773 6.48518 6.48259 6.47998 6.47736 6.47474 6.47213 6.46954 6.46699 6.46449 6.46205 6.45967 6.45736 6.45514 6.45301 6.45097 6.44903 6.4472 6.44548 6.44387 6.44237 6.44099 6.43973 6.43859 6.43757 6.43667 6.43589 6.43524 6.4347 6.43429 6.434 6.43382 6.43377 
6.42706 6.42724 6.42755 6.42798 6.42853 6.42919 6.42998 6.43089 6.43192 6.43307 6.43434 6.43572 6.43722 6.43884 6.44057 6.44241 6.44436 6.44642 6.44857 6.45083 6.45317 6.45559 6.4581 6.46067 6.4633 6.46599 6.46871 6.47147 6.47424 6.47703 6.4798 6.48256 6.48529 6.48797 6.4906 6.49315 6.49561 6.49798 6.50023 6.50236 6.50434 6.50618 6.50786 6.50937 6.5107 6.51184 6.51278 6.51353 6.51407 6.5144 6.51453 6.51444 6.51415 6.51364 6.51294 6.51203 6.51094 6.50966 6.5082 6.50658 6.50479 6.50287 6.5008 6.49862 6.49633 6.49394 6.49147 6.48894 6.48635 6.48372 6.48107 6.4784 6.47574 6.47309 6.47046 6.46787 6.46533 6.46284 6.46043 6.45808 6.45583 6.45366 6.45158 6.44961 6.44775 6.446 6.44436 6.44284 6.44143 6.44015 6.43899 6.43795 6.43704 6.43625 6.43558 6.43503 6.43461 6.43431 6.43413 6.43407 
6.42748 6.42767 6.42798 6.42841 6.42897 6.42966 6.43046 6.43139 6.43245 6.43362 6.43492 6.43634 6.43788 6.43953 6.44131 6.4432 6.44519 6.4473 6.44951 6.45182 6.45422 6.4567 6.45927 6.46191 6.4646 6.46735 6.47015 6.47297 6.47582 6.47867 6.48151 6.48434 6.48713 6.48988 6.49257 6.49518 6.4977 6.50012 6.50243 6.5046 6.50664 6.50852 6.51024 6.51178 6.51314 6.5143 6.51527 6.51603 6.51659 6.51693 6.51705 6.51696 6.51666 6.51614 6.51542 6.51449 6.51337 6.51206 6.51056 6.5089 6.50707 6.5051 6.50298 6.50074 6.4984 6.49595 6.49342 6.49082 6.48817 6.48548 6.48276 6.48002 6.47729 6.47457 6.47188 6.46922 6.46662 6.46407 6.46159 6.45918 6.45686 6.45464 6.45251 6.45049 6.44857 6.44677 6.44509 6.44353 6.44208 6.44077 6.43957 6.4385 6.43756 6.43675 6.43606 6.43549 6.43506 6.43474 6.43456 6.4345 
6.42802 6.42821 6.42853 6.42897 6.42955 6.43025 6.43108 6.43204 6.43313 6.43434 6.43568 6.43715 6.43874 6.44045 6.44229 6.44424 6.4463 6.44848 6.45076 6.45315 6.45563 6.4582 6.46085 6.46357 6.46636 6.4692 6.47209 6.47501 6.47794 6.48089 6.48383 6.48674 6.48963 6.49246 6.49524 6.49793 6.50054 6.50303 6.50541 6.50766 6.50976 6.5117 6.51347 6.51505 6.51645 6.51766 6.51865 6.51944 6.52 6.52035 6.52048 6.52039 6.52007 6.51954 6.51879 6.51783 6.51667 6.51531 6.51377 6.51205 6.51016 6.50812 6.50594 6.50363 6.5012 6.49867 6.49606 6.49338 6.49064 6.48785 6.48504 6.48222 6.47939 6.47658 6.47379 6.47105 6.46835 6.46571 6.46314 6.46066 6.45826 6.45595 6.45375 6.45165 6.44967 6.4478 6.44606 6.44444 6.44294 6.44157 6.44033 6.43922 6.43824 6.43739 6.43668 6.43609 6.43563 6.4353 6.43511 6.43504 
6.42867 6.42887 6.42919 6.42966 6.43025 6.43098 6.43185 6.43284 6.43397 6.43524 6.43663 6.43816 6.43981 6.44159 6.4435 6.44553 6.44769 6.44995 6.45233 6.45482 6.4574 6.46007 6.46283 6.46567 6.46857 6.47153 6.47453 6.47757 6.48062 6.48369 6.48674 6.48978 6.49278 6.49572 6.49861 6.50141 6.50411 6.50671 6.50918 6.51151 6.51369 6.5157 6.51754 6.51919 6.52064 6.52189 6.52292 6.52373 6.52432 6.52468 6.52481 6.52471 6.52438 6.52382 6.52304 6.52204 6.52083 6.51942 6.51782 6.51603 6.51406 6.51194 6.50967 6.50726 6.50474 6.50211 6.49939 6.4966 6.49374 6.49085 6.48792 6.48498 6.48203 6.4791 6.4762 6.47334 6.47053 6.46778 6.4651 6.46251 6.46 6.4576 6.4553 6.45311 6.45104 6.44909 6.44726 6.44557 6.444 6.44257 6.44127 6.44011 6.43908 6.43819 6.43743 6.43682 6.43633 6.43599 6.43578 6.4357 
6.42945 6.42965 6.42998 6.43046 6.43108 6.43185 6.43275 6.43379 6.43497 6.4363 6.43776 6.43935 6.44109 6.44296 6.44496 6.44709 6.44935 6.45172 6.45422 6.45682 6.45953 6.46233 6.46522 6.46819 6.47124 6.47433 6.47748 6.48066 6.48386 6.48706 6.49026 6.49343 6.49657 6.49965 6.50267 6.5056 6.50843 6.51114 6.51372 6.51615 6.51843 6.52053 6.52245 6.52417 6.52569 6.52699 6.52806 6.52891 6.52952 6.52989 6.53003 6.52992 6.52957 6.52899 6.52817 6.52712 6.52586 6.52438 6.5227 6.52082 6.51877 6.51654 6.51417 6.51165 6.50901 6.50625 6.5034 6.50048 6.49749 6.49445 6.49138 6.4883 6.48522 6.48215 6.4791 6.4761 6.47315 6.47026 6.46745 6.46473 6.4621 6.45957 6.45716 6.45486 6.45268 6.45063 6.44871 6.44692 6.44527 6.44376 6.44239 6.44116 6.44008 6.43913 6.43833 6.43768 6.43716 6.43679 6.43657 6.43648 
6.43034 6.43054 6.43089 6.43139 6.43204 6.43284 6.43379 6.43489 6.43613 6.43752 6.43906 6.44075 6.44258 6.44455 6.44665 6.4489 6.45128 6.45378 6.45641 6.45916 6.46201 6.46497 6.46801 6.47114 6.47435 6.47761 6.48092 6.48427 6.48763 6.49101 6.49437 6.49771 6.50101 6.50425 6.50742 6.5105 6.51347 6.51632 6.51903 6.52159 6.52398 6.52618 6.52819 6.53 6.53159 6.53295 6.53408 6.53496 6.5356 6.53599 6.53613 6.53601 6.53564 6.53502 6.53416 6.53306 6.53173 6.53017 6.5284 6.52643 6.52426 6.52193 6.51942 6.51677 6.51399 6.51109 6.5081 6.50501 6.50187 6.49867 6.49544 6.49219 6.48894 6.4857 6.48249 6.47932 6.47621 6.47317 6.4702 6.46732 6.46455 6.46188 6.45932 6.45689 6.45459 6.45241 6.45038 6.44849 6.44674 6.44514 6.44369 6.44238 6.44123 6.44022 6.43937 6.43867 6.43812 6.43772 6.43747 6.43738 
6.43135 6.43156 6.43192 6.43245 6.43313 6.43397 6.43497 6.43613 6.43745 6.43892 6.44055 6.44233 6.44427 6.44635 6.44859 6.45097 6.45349 6.45614 6.45892 6.46183 6.46485 6.46798 6.4712 6.47451 6.4779 6.48135 6.48486 6.48839 6.49195 6.49552 6.49907 6.5026 6.50608 6.50951 6.51285 6.5161 6.51923 6.52224 6.5251 6.52779 6.53031 6.53264 6.53476 6.53666 6.53833 6.53977 6.54095 6.54188 6.54255 6.54296 6.5431 6.54297 6.54258 6.54192 6.54101 6.53985 6.53844 6.53679 6.53492 6.53283 6.53055 6.52808 6.52543 6.52263 6.51969 6.51663 6.51346 6.5102 6.50687 6.50349 6.50007 6.49663 6.49319 6.48976 6.48636 6.48301 6.47971 6.47648 6.47334 6.47029 6.46734 6.46451 6.46179 6.45921 6.45676 6.45445 6.45229 6.45028 6.44841 6.44671 6.44516 6.44377 6.44253 6.44146 6.44055 6.4398 6.43921 6.43877 6.4385 6.43839 
6.43247 6.43269 6.43307 6.43362 6.43434 6.43524 6.4363 6.43752 6.43892 6.44048 6.44221 6.44411 6.44617 6.44838 6.45076 6.45329 6.45596 6.45878 6.46174 6.46483 6.46804 6.47136 6.47479 6.4783 6.4819 6.48556 6.48928 6.49303 6.4968 6.50058 6.50435 6.50809 6.51178 6.51541 6.51895 6.52239 6.52571 6.52889 6.53191 6.53477 6.53743 6.53989 6.54213 6.54414 6.5459 6.54742 6.54867 6.54965 6.55035 6.55078 6.55092 6.55079 6.55037 6.54967 6.5487 6.54746 6.54597 6.54422 6.54224 6.54003 6.5376 6.53498 6.53218 6.52921 6.52609 6.52284 6.51948 6.51602 6.51249 6.5089 6.50527 6.50162 6.49797 6.49432 6.49071 6.48715 6.48364 6.48021 6.47686 6.47361 6.47048 6.46746 6.46457 6.46181 6.4592 6.45674 6.45443 6.45228 6.45029 6.44846 6.44681 6.44532 6.44399 6.44284 6.44186 6.44105 6.44041 6.43995 6.43965 6.43952 
6.43372 6.43394 6.43434 6.43492 6.43568 6.43663 6.43776 6.43906 6.44055 6.44221 6.44406 6.44608 6.44827 6.45063 6.45316 6.45585 6.45871 6.46171 6.46486 6.46815 6.47157 6.47511 6.47876 6.4825 6.48633 6.49023 6.49418 6.49817 6.50218 6.5062 6.51021 6.51418 6.5181 6.52195 6.52571 6.52936 6.53288 6.53626 6.53947 6.54249 6.54531 6.54792 6.55029 6.55242 6.55429 6.55589 6.55721 6.55825 6.55899 6.55944 6.55959 6.55944 6.55899 6.55825 6.55722 6.5559 6.55431 6.55245 6.55034 6.54799 6.54542 6.54263 6.53965 6.5365 6.53318 6.52973 6.52615 6.52248 6.51872 6.5149 6.51104 6.50715 6.50326 6.49938 6.49553 6.49173 6.488 6.48434 6.48077 6.4773 6.47395 6.47073 6.46764 6.4647 6.4619 6.45927 6.4568 6.4545 6.45236 6.45041 6.44863 6.44703 6.44561 6.44437 6.44332 6.44244 6.44175 6.44124 6.44091 6.44077 
6.43507 6.4353 6.43572 6.43634 6.43715 6.43816 6.43935 6.44075 6.44233 6.44411 6.44608 6.44823 6.45057 6.45309 6.4558 6.45867 6.46172 6.46493 6.46829 6.4718 6.47545 6.47922 6.48311 6.48711 6.49119 6.49534 6.49955 6.50381 6.50808 6.51236 6.51662 6.52085 6.52502 6.52912 6.53312 6.537 6.54074 6.54433 6.54774 6.55095 6.55394 6.55671 6.55923 6.56149 6.56347 6.56517 6.56657 6.56766 6.56845 6.56892 6.56907 6.56891 6.56843 6.56764 6.56654 6.56513 6.56344 6.56146 6.55922 6.55672 6.55398 6.55101 6.54784 6.54448 6.54095 6.53727 6.53346 6.52954 6.52554 6.52147 6.51735 6.51321 6.50906 6.50492 6.50082 6.49676 6.49277 6.48886 6.48505 6.48134 6.47776 6.47431 6.47101 6.46786 6.46487 6.46204 6.45939 6.45692 6.45464 6.45254 6.45062 6.4489 6.44738 6.44604 6.4449 6.44396 6.44321 6.44266 6.4423 6.44214 
6.43654 6.43678 6.43722 6.43788 6.43874 6.43981 6.44109 6.44258 6.44427 6.44617 6.44827 6.45057 6.45307 6.45577 6.45866 6.46173 6.46499 6.46842 6.47201 6.47576 6.47966 6.48369 6.48785 6.49211 6.49646 6.5009 6.50539 6.50993 6.51448 6.51904 6.52359 6.52809 6.53253 6.5369 6.54115 6.54528 6.54927 6.55308 6.5567 6.56012 6.5633 6.56624 6.56892 6.57132 6.57342 6.57522 6.57671 6.57787 6.5787 6.5792 6.57936 6.57918 6.57866 6.57781 6.57664 6.57514 6.57334 6.57123 6.56884 6.56618 6.56325 6.56009 6.55671 6.55313 6.54937 6.54545 6.54139 6.53721 6.53294 6.5286 6.52421 6.51979 6.51536 6.51094 6.50655 6.50222 6.49795 6.49377 6.48969 6.48573 6.4819 6.47821 6.47467 6.47129 6.46808 6.46506 6.46221 6.45956 6.4571 6.45485 6.45279 6.45094 6.44929 6.44785 6.44662 6.4456 6.44479 6.44419 6.4438 6.44361 
6.43813 6.43837 6.43884 6.43953 6.44045 6.44159 6.44296 6.44455 6.44635 6.44838 6.45063 6.45309 6.45577 6.45865 6.46174 6.46503 6.46852 6.47218 6.47602 6.48003 6.4842 6.48851 6.49295 6.4975 6.50215 6.50688 6.51168 6.51652 6.52138 6.52624 6.53108 6.53589 6.54062 6.54527 6.5498 6.5542 6.55844 6.5625 6.56635 6.56998 6.57337 6.57649 6.57934 6.58188 6.58412 6.58603 6.58761 6.58884 6.58972 6.59024 6.59041 6.59021 6.58966 6.58876 6.5875 6.58591 6.58398 6.58174 6.57919 6.57635 6.57323 6.56987 6.56626 6.56244 6.55843 6.55425 6.54992 6.54547 6.54091 6.53628 6.53159 6.52687 6.52213 6.51741 6.51273 6.5081 6.50353 6.49906 6.4947 6.49046 6.48635 6.4824 6.47861 6.47499 6.47155 6.4683 6.46525 6.4624 6.45976 6.45733 6.45512 6.45313 6.45136 6.44981 6.44848 6.44738 6.4465 6.44584 6.44541 6.44521 
6.43982 6.44008 6.44057 6.44131 6.44229 6.4435 6.44496 6.44665 6.44859 6.45076 6.45316 6.4558 6.45866 6.46174 6.46505 6.46857 6.47229 6.47621 6.48032 6.48461 6.48906 6.49366 6.4984 6.50327 6.50823 6.51328 6.5184 6.52356 6.52875 6.53394 6.5391 6.54422 6.54926 6.55421 6.55904 6.56372 6.56823 6.57255 6.57665 6.58051 6.58412 6.58744 6.59046 6.59317 6.59554 6.59757 6.59924 6.60055 6.60148 6.60203 6.6022 6.60199 6.6014 6.60043 6.59909 6.59739 6.59534 6.59295 6.59023 6.5872 6.58389 6.5803 6.57646 6.57239 6.56811 6.56365 6.55903 6.55428 6.54942 6.54448 6.53947 6.53443 6.52938 6.52434 6.51933 6.51438 6.5095 6.50472 6.50005 6.49551 6.49112 6.48689 6.48282 6.47894 6.47526 6.47177 6.4685 6.46544 6.4626 6.46 6.45762 6.45547 6.45357 6.45189 6.45046 6.44927 6.44832 6.44761 6.44714 6.44691 
6.44162 6.44189 6.44241 6.4432 6.44424 6.44553 6.44709 6.4489 6.45097 6.45329 6.45585 6.45867 6.46173 6.46503 6.46857 6.47233 6.47631 6.4805 6.48489 6.48947 6.49423 6.49914 6.50421 6.5094 6.5147 6.52009 6.52555 6.53105 6.53658 6.54211 6.54761 6.55306 6.55843 6.5637 6.56884 6.57382 6.57862 6.58322 6.58758 6.59169 6.59552 6.59904 6.60225 6.60513 6.60765 6.6098 6.61158 6.61296 6.61395 6.61453 6.61471 6.61448 6.61385 6.61281 6.61138 6.60957 6.60738 6.60483 6.60194 6.59872 6.59518 6.59136 6.58727 6.58293 6.57838 6.57363 6.56871 6.56364 6.55846 6.55318 6.54785 6.54247 6.53707 6.53169 6.52635 6.52106 6.51585 6.51074 6.50574 6.50089 6.49619 6.49166 6.48731 6.48315 6.4792 6.47546 6.47195 6.46867 6.46563 6.46283 6.46027 6.45797 6.45591 6.45412 6.45257 6.45129 6.45026 6.44949 6.44898 6.44872 
6.44353 6.44381 6.44436 6.44519 6.4463 6.44769 6.44935 6.45128 6.45349 6.45596 6.45871 6.46172 6.46499 6.46852 6.47229 6.47631 6.48056 6.48504 6.48973 6.49462 6.49969 6.50494 6.51034 6.51588 6.52153 6.52728 6.53309 6.53896 6.54485 6.55074 6.55659 6.5624 6.56811 6.57372 6.57919 6.58448 6.58959 6.59447 6.5991 6.60347 6.60753 6.61128 6.61469 6.61774 6.62041 6.62269 6.62457 6.62604 6.62708 6.6277 6.62788 6.62764 6.62696 6.62586 6.62434 6.6224 6.62008 6.61736 6.61428 6.61085 6.60709 6.60303 6.59867 6.59406 6.58921 6.58415 6.57891 6.57351 6.56799 6.56237 6.55668 6.55095 6.5452 6.53946 6.53376 6.52811 6.52255 6.51709 6.51176 6.50657 6.50155 6.4967 6.49204 6.4876 6.48337 6.47937 6.47561 6.47209 6.46883 6.46582 6.46308 6.46061 6.4584 6.45647 6.45481 6.45342 6.45231 6.45148 6.45092 6.45064 
6.44554 6.44583 6.44642 6.4473 6.44848 6.44995 6.45172 6.45378 6.45614 6.45878 6.46171 6.46493 6.46842 6.47218 6.47621 6.4805 6.48504 6.48981 6.49482 6.50003 6.50544 6.51104 6.51679 6.52269 6.52871 6.53483 6.54103 6.54727 6.55354 6.5598 6.56603 6.5722 6.57828 6.58423 6.59004 6.59567 6.60109 6.60627 6.61119 6.61582 6.62013 6.62411 6.62772 6.63095 6.63379 6.63621 6.6382 6.63975 6.64085 6.6415 6.64169 6.64143 6.6407 6.63953 6.63791 6.63586 6.63338 6.6305 6.62723 6.62358 6.61958 6.61526 6.61063 6.60573 6.60057 6.59519 6.58962 6.58388 6.578 6.57202 6.56596 6.55986 6.55373 6.54762 6.54154 6.53552 6.52959 6.52377 6.51808 6.51254 6.50718 6.502 6.49703 6.49228 6.48776 6.48348 6.47945 6.47569 6.4722 6.46898 6.46604 6.46339 6.46102 6.45894 6.45716 6.45567 6.45447 6.45357 6.45297 6.45266 
6.44765 6.44796 6.44857 6.44951 6.45076 6.45233 6.45422 6.45641 6.45892 6.46174 6.46486 6.46829 6.47201 6.47602 6.48032 6.48489 6.48973 6.49482 6.50014 6.5057 6.51146 6.51742 6.52354 6.52982 6.53622 6.54273 6.54932 6.55596 6.56262 6.56927 6.57589 6.58244 6.58889 6.59521 6.60137 6.60734 6.61309 6.61859 6.6238 6.62871 6.63328 6.63749 6.64132 6.64474 6.64774 6.6503 6.6524 6.65404 6.65521 6.65589 6.65609 6.6558 6.65503 6.65379 6.65207 6.64989 6.64726 6.6442 6.64072 6.63685 6.63261 6.62802 6.62311 6.6179 6.61243 6.60671 6.60079 6.59469 6.58845 6.58209 6.57566 6.56916 6.56265 6.55614 6.54967 6.54327 6.53695 6.53075 6.52469 6.51879 6.51307 6.50755 6.50225 6.49718 6.49235 6.48778 6.48348 6.47946 6.47573 6.47228 6.46914 6.4663 6.46376 6.46154 6.45962 6.45802 6.45674 6.45577 6.45512 6.45478 
6.44986 6.45017 6.45083 6.45182 6.45315 6.45482 6.45682 6.45916 6.46183 6.46483 6.46815 6.4718 6.47576 6.48003 6.48461 6.48947 6.49462 6.50003 6.5057 6.5116 6.51773 6.52406 6.53057 6.53724 6.54405 6.55096 6.55795 6.56499 6.57206 6.57912 6.58614 6.59308 6.59992 6.60662 6.61315 6.61947 6.62556 6.63138 6.6369 6.64209 6.64693 6.65138 6.65543 6.65905 6.66222 6.66492 6.66714 6.66888 6.6701 6.67082 6.67103 6.67072 6.6699 6.66858 6.66675 6.66444 6.66166 6.65842 6.65473 6.65063 6.64614 6.64127 6.63607 6.63055 6.62474 6.61868 6.6124 6.60594 6.59931 6.59257 6.58573 6.57884 6.57192 6.56501 6.55814 6.55133 6.54462 6.53802 6.53158 6.5253 6.51921 6.51333 6.50768 6.50228 6.49714 6.49227 6.48768 6.48339 6.47941 6.47573 6.47237 6.46933 6.46662 6.46424 6.4622 6.46048 6.4591 6.45806 6.45736 6.457 
6.45215 6.45248 6.45317 6.45422 6.45563 6.4574 6.45953 6.46201 6.46485 6.46804 6.47157 6.47545 6.47966 6.4842 6.48906 6.49423 6.49969 6.50544 6.51146 6.51773 6.52424 6.53095 6.53786 6.54494 6.55215 6.55948 6.56689 6.57435 6.58184 6.58931 6.59674 6.60409 6.61133 6.61842 6.62533 6.63201 6.63845 6.6446 6.65043 6.65592 6.66103 6.66573 6.67001 6.67383 6.67717 6.68003 6.68237 6.6842 6.68549 6.68625 6.68646 6.68613 6.68526 6.68386 6.68193 6.67948 6.67654 6.6731 6.66921 6.66487 6.66012 6.65497 6.64946 6.64362 6.63747 6.63106 6.62441 6.61757 6.61055 6.6034 6.59616 6.58886 6.58152 6.57419 6.5669 6.55968 6.55256 6.54556 6.53871 6.53204 6.52557 6.51933 6.51332 6.50757 6.5021 6.49692 6.49204 6.48747 6.48323 6.47931 6.47573 6.47249 6.4696 6.46706 6.46487 6.46304 6.46156 6.46045 6.4597 6.4593 
6.45452 6.45487 6.45559 6.4567 6.4582 6.46007 6.46233 6.46497 6.46798 6.47136 6.47511 6.47922 6.48369 6.48851 6.49366 6.49914 6.50494 6.51104 6.51742 6.52406 6.53095 6.53807 6.54539 6.55288 6.56051 6.56827 6.57611 6.584 6.59192 6.59982 6.60767 6.61544 6.62309 6.63058 6.63787 6.64493 6.65172 6.65821 6.66436 6.67015 6.67554 6.6805 6.685 6.68903 6.69255 6.69556 6.69803 6.69995 6.70131 6.7021 6.70232 6.70197 6.70105 6.69957 6.69753 6.69495 6.69184 6.68821 6.6841 6.67952 6.6745 6.66906 6.66324 6.65707 6.65058 6.64381 6.63678 6.62954 6.62212 6.61457 6.60691 6.59918 6.59142 6.58366 6.57594 6.56829 6.56075 6.55333 6.54607 6.539 6.53214 6.52552 6.51914 6.51304 6.50723 6.50173 6.49654 6.49169 6.48717 6.48301 6.4792 6.47575 6.47268 6.46997 6.46764 6.46569 6.46411 6.46292 6.46211 6.46169 
6.45697 6.45733 6.4581 6.45927 6.46085 6.46283 6.46522 6.46801 6.4712 6.47479 6.47876 6.48311 6.48785 6.49295 6.4984 6.50421 6.51034 6.51679 6.52354 6.53057 6.53786 6.54539 6.55312 6.56103 6.5691 6.57729 6.58557 6.59391 6.60227 6.6106 6.61889 6.62708 6.63515 6.64304 6.65072 6.65816 6.66532 6.67216 6.67864 6.68473 6.6904 6.69562 6.70036 6.70459 6.7083 6.71146 6.71406 6.71608 6.71751 6.71834 6.71857 6.71819 6.71722 6.71566 6.71351 6.71078 6.7075 6.70369 6.69935 6.69452 6.68923 6.6835 6.67737 6.67086 6.66402 6.65687 6.64946 6.64182 6.63399 6.62602 6.61793 6.60977 6.60157 6.59338 6.58522 6.57714 6.56916 6.56131 6.55364 6.54616 6.53889 6.53188 6.52513 6.51867 6.51251 6.50668 6.50118 6.49603 6.49124 6.48682 6.48278 6.47912 6.47585 6.47297 6.47049 6.46841 6.46674 6.46547 6.4646 6.46415 
6.45949 6.45986 6.46067 6.46191 6.46357 6.46567 6.46819 6.47114 6.47451 6.4783 6.4825 6.48711 6.49211 6.4975 6.50327 6.5094 6.51588 6.52269 6.52982 6.53724 6.54494 6.55288 6.56103 6.56938 6.57789 6.58653 6.59526 6.60404 6.61284 6.62162 6.63035 6.63897 6.64746 6.65576 6.66385 6.67167 6.6792 6.68639 6.6932 6.6996 6.70556 6.71104 6.71602 6.72047 6.72436 6.72768 6.73041 6.73252 6.73402 6.73489 6.73513 6.73473 6.73371 6.73206 6.72979 6.72693 6.72348 6.71946 6.71491 6.70983 6.70426 6.69823 6.69178 6.68493 6.67773 6.67021 6.6624 6.65436 6.64612 6.63771 6.62919 6.62059 6.61195 6.60331 6.59471 6.58618 6.57776 6.56948 6.56138 6.55348 6.54581 6.53839 6.53126 6.52443 6.51792 6.51175 6.50593 6.50048 6.49541 6.49073 6.48645 6.48257 6.4791 6.47605 6.47342 6.47122 6.46944 6.46809 6.46716 6.46667 
6.46207 6.46246 6.4633 6.4646 6.46636 6.46857 6.47124 6.47435 6.4779 6.4819 6.48633 6.49119 6.49646 6.50215 6.50823 6.5147 6.52153 6.52871 6.53622 6.54405 6.55215 6.56051 6.5691 6.57789 6.58685 6.59593 6.60511 6.61435 6.62361 6.63284 6.64201 6.65107 6.65998 6.66871 6.6772 6.68541 6.69331 6.70085 6.708 6.71471 6.72096 6.72671 6.73193 6.73659 6.74067 6.74415 6.747 6.74922 6.75078 6.75169 6.75194 6.75152 6.75044 6.74871 6.74633 6.74333 6.7397 6.73549 6.7307 6.72537 6.71953 6.7132 6.70642 6.69923 6.69166 6.68376 6.67556 6.66711 6.65845 6.64961 6.64065 6.63161 6.62252 6.61343 6.60437 6.59539 6.58652 6.57781 6.56927 6.56094 6.55286 6.54504 6.53752 6.53031 6.52344 6.51693 6.51078 6.50503 6.49967 6.49472 6.4902 6.48609 6.48243 6.4792 6.47642 6.47408 6.4722 6.47076 6.46979 6.46926 
6.46469 6.4651 6.46599 6.46735 6.4692 6.47153 6.47433 6.47761 6.48135 6.48556 6.49023 6.49534 6.5009 6.50688 6.51328 6.52009 6.52728 6.53483 6.54273 6.55096 6.55948 6.56827 6.57729 6.58653 6.59593 6.60547 6.61511 6.62481 6.63452 6.64421 6.65382 6.66332 6.67267 6.68181 6.69071 6.69931 6.70759 6.71548 6.72297 6.73 6.73654 6.74256 6.74802 6.7529 6.75716 6.7608 6.76378 6.7661 6.76773 6.76868 6.76893 6.76849 6.76736 6.76555 6.76306 6.7599 6.75611 6.75169 6.74668 6.7411 6.73497 6.72834 6.72124 6.7137 6.70577 6.69749 6.68889 6.68002 6.67094 6.66167 6.65226 6.64277 6.63323 6.62368 6.61417 6.60473 6.59542 6.58625 6.57727 6.56852 6.56001 6.55179 6.54387 6.53628 6.52905 6.52219 6.51571 6.50965 6.504 6.49879 6.49401 6.48968 6.48582 6.48241 6.47947 6.477 6.47501 6.47349 6.47246 6.4719 
6.46736 6.46778 6.46871 6.47015 6.47209 6.47453 6.47748 6.48092 6.48486 6.48928 6.49418 6.49955 6.50539 6.51168 6.5184 6.52555 6.53309 6.54103 6.54932 6.55795 6.56689 6.57611 6.58557 6.59526 6.60511 6.61511 6.62521 6.63537 6.64554 6.65568 6.66574 6.67569 6.68546 6.69503 6.70433 6.71333 6.72198 6.73023 6.73805 6.7454 6.75223 6.75852 6.76422 6.76931 6.77377 6.77756 6.78068 6.78309 6.7848 6.78578 6.78605 6.78558 6.7844 6.7825 6.7799 6.7766 6.77263 6.76802 6.76278 6.75694 6.75053 6.7436 6.73617 6.72829 6.71999 6.71132 6.70233 6.69305 6.68353 6.67383 6.66398 6.65403 6.64404 6.63403 6.62406 6.61417 6.6044 6.59478 6.58536 6.57617 6.56725 6.55861 6.55029 6.54232 6.53472 6.52751 6.52071 6.51433 6.50839 6.5029 6.49788 6.49332 6.48925 6.48566 6.48257 6.47996 6.47786 6.47626 6.47517 6.47458 
6.47006 6.4705 6.47147 6.47297 6.47501 6.47757 6.48066 6.48427 6.48839 6.49303 6.49817 6.50381 6.50993 6.51652 6.52356 6.53105 6.53896 6.54727 6.55596 6.56499 6.57435 6.584 6.59391 6.60404 6.61435 6.62481 6.63537 6.64598 6.65661 6.66721 6.67772 6.68811 6.69832 6.7083 6.71801 6.7274 6.73643 6.74504 6.75319 6.76085 6.76798 6.77453 6.78047 6.78578 6.79042 6.79438 6.79762 6.80013 6.80191 6.80293 6.80321 6.80272 6.80148 6.7995 6.79678 6.79334 6.78921 6.78439 6.77892 6.77283 6.76615 6.75891 6.75116 6.74293 6.73427 6.72521 6.71582 6.70613 6.69619 6.68605 6.67575 6.66536 6.6549 6.64444 6.63401 6.62366 6.61343 6.60337 6.59351 6.58388 6.57453 6.56548 6.55677 6.54841 6.54044 6.53288 6.52574 6.51905 6.51282 6.50706 6.50178 6.497 6.49272 6.48895 6.48569 6.48296 6.48075 6.47906 6.47791 6.47729 
6.47277 6.47323 6.47424 6.47582 6.47794 6.48062 6.48386 6.48763 6.49195 6.4968 6.50218 6.50808 6.51448 6.52138 6.52875 6.53658 6.54485 6.55354 6.56262 6.57206 6.58184 6.59192 6.60227 6.61284 6.62361 6.63452 6.64554 6.65661 6.6677 6.67875 6.68971 6.70053 6.71117 6.72157 6.73169 6.74147 6.75086 6.75983 6.76832 6.77629 6.78371 6.79052 6.79671 6.80223 6.80705 6.81116 6.81454 6.81715 6.81899 6.82006 6.82034 6.81983 6.81854 6.81647 6.81364 6.81006 6.80575 6.80074 6.79504 6.7887 6.78174 6.77421 6.76613 6.75756 6.74853 6.7391 6.72931 6.71921 6.70884 6.69827 6.68753 6.67669 6.66578 6.65486 6.64397 6.63317 6.62249 6.61197 6.60167 6.59161 6.58184 6.57238 6.56326 6.55452 6.54618 6.53827 6.5308 6.52379 6.51726 6.51123 6.5057 6.50069 6.49621 6.49225 6.48884 6.48597 6.48365 6.48188 6.48067 6.48001 
6.47549 6.47597 6.47703 6.47867 6.48089 6.48369 6.48706 6.49101 6.49552 6.50058 6.5062 6.51236 6.51904 6.52624 6.53394 6.54211 6.55074 6.5598 6.56927 6.57912 6.58931 6.59982 6.6106 6.62162 6.63284 6.64421 6.65568 6.66721 6.67875 6.69024 6.70165 6.71291 6.72397 6.73479 6.7453 6.75547 6.76523 6.77455 6.78337 6.79165 6.79935 6.80643 6.81285 6.81858 6.82359 6.82785 6.83135 6.83406 6.83598 6.83708 6.83737 6.83684 6.83549 6.83335 6.8304 6.82669 6.82221 6.817 6.81108 6.80449 6.79726 6.78942 6.78103 6.77212 6.76273 6.75292 6.74274 6.73223 6.72145 6.71044 6.69927 6.68798 6.67662 6.66525 6.65391 6.64265 6.63152 6.62056 6.60982 6.59933 6.58913 6.57926 6.56975 6.56063 6.55192 6.54366 6.53585 6.52853 6.52171 6.51541 6.50963 6.50439 6.4997 6.49556 6.49199 6.48899 6.48656 6.48471 6.48344 6.48274 
6.47821 6.4787 6.4798 6.48151 6.48383 6.48674 6.49026 6.49437 6.49907 6.50435 6.51021 6.51662 6.52359 6.53108 6.5391 6.54761 6.55659 6.56603 6.57589 6.58614 6.59674 6.60767 6.61889 6.63035 6.64201 6.65382 6.66574 6.67772 6.68971 6.70165 6.71349 6.72518 6.73666 6.74789 6.7588 6.76934 6.77947 6.78913 6.79827 6.80686 6.81484 6.82217 6.82883 6.83477 6.83996 6.84438 6.848 6.85081 6.85278 6.85392 6.85422 6.85367 6.85228 6.85005 6.847 6.84314 6.8385 6.83309 6.82696 6.82012 6.81262 6.8045 6.79579 6.78654 6.7768 6.76662 6.75605 6.74514 6.73394 6.72252 6.71091 6.69918 6.68738 6.67555 6.66376 6.65206 6.64048 6.62908 6.61791 6.60699 6.59638 6.5861 6.5762 6.5667 6.55763 6.54902 6.54088 6.53325 6.52614 6.51957 6.51354 6.50807 6.50318 6.49886 6.49514 6.492 6.48946 6.48753 6.4862 6.48547 
6.48091 6.48142 6.48256 6.48434 6.48674 6.48978 6.49343 6.49771 6.5026 6.50809 6.51418 6.52085 6.52809 6.53589 6.54422 6.55306 6.5624 6.5722 6.58244 6.59308 6.60409 6.61544 6.62708 6.63897 6.65107 6.66332 6.67569 6.68811 6.70053 6.71291 6.72518 6.73729 6.74919 6.76081 6.77211 6.78302 6.79351 6.8035 6.81297 6.82185 6.83011 6.83769 6.84458 6.85072 6.85608 6.86065 6.8644 6.8673 6.86934 6.87052 6.87082 6.87025 6.86881 6.8665 6.86334 6.85935 6.85455 6.84896 6.8426 6.83553 6.82777 6.81935 6.81034 6.80076 6.79068 6.78013 6.76918 6.75788 6.74628 6.73443 6.7224 6.71024 6.698 6.68574 6.67351 6.66136 6.64934 6.63751 6.62591 6.61457 6.60355 6.59287 6.58258 6.5727 6.56328 6.55432 6.54587 6.53793 6.53053 6.52369 6.51742 6.51173 6.50663 6.50214 6.49826 6.49499 6.49235 6.49033 6.48894 6.48818 
6.48358 6.48411 6.48529 6.48713 6.48963 6.49278 6.49657 6.50101 6.50608 6.51178 6.5181 6.52502 6.53253 6.54062 6.54926 6.55843 6.56811 6.57828 6.58889 6.59992 6.61133 6.62309 6.63515 6.64746 6.65998 6.67267 6.68546 6.69832 6.71117 6.72397 6.73666 6.74919 6.76148 6.7735 6.78517 6.79645 6.80728 6.81761 6.82738 6.83656 6.84508 6.85292 6.86002 6.86636 6.8719 6.87661 6.88047 6.88347 6.88558 6.88679 6.8871 6.88651 6.88502 6.88263 6.87937 6.87525 6.87029 6.86451 6.85795 6.85064 6.84262 6.83393 6.82462 6.81472 6.8043 6.7934 6.78208 6.77039 6.75839 6.74614 6.73369 6.7211 6.70844 6.69574 6.68308 6.6705 6.65806 6.6458 6.63378 6.62203 6.6106 6.59954 6.58886 6.57862 6.56884 6.55955 6.55078 6.54254 6.53486 6.52776 6.52124 6.51533 6.51004 6.50537 6.50134 6.49794 6.49519 6.4931 6.49165 6.49086 
6.48621 6.48675 6.48797 6.48988 6.49246 6.49572 6.49965 6.50425 6.50951 6.51541 6.52195 6.52912 6.5369 6.54527 6.55421 6.5637 6.57372 6.58423 6.59521 6.60662 6.61842 6.63058 6.64304 6.65576 6.66871 6.68181 6.69503 6.7083 6.72157 6.73479 6.74789 6.76081 6.7735 6.78589 6.79793 6.80957 6.82073 6.83138 6.84146 6.85091 6.8597 6.86777 6.87509 6.88162 6.88732 6.89218 6.89616 6.89924 6.90141 6.90266 6.90298 6.90237 6.90083 6.89837 6.89501 6.89076 6.88564 6.87969 6.87293 6.86539 6.85712 6.84816 6.83855 6.82835 6.8176 6.80635 6.79467 6.78261 6.77022 6.75757 6.74472 6.73173 6.71864 6.70553 6.69245 6.67945 6.66659 6.65392 6.64148 6.62933 6.61751 6.60606 6.59502 6.58442 6.5743 6.56468 6.55559 6.54706 6.53911 6.53175 6.525 6.51887 6.51339 6.50855 6.50436 6.50084 6.49799 6.49582 6.49432 6.49349 
6.48877 6.48933 6.4906 6.49257 6.49524 6.49861 6.50267 6.50742 6.51285 6.51895 6.52571 6.53312 6.54115 6.5498 6.55904 6.56884 6.57919 6.59004 6.60137 6.61315 6.62533 6.63787 6.65072 6.66385 6.6772 6.69071 6.70433 6.71801 6.73169 6.7453 6.7588 6.77211 6.78517 6.79793 6.81033 6.82231 6.8338 6.84476 6.85512 6.86485 6.87388 6.88219 6.88971 6.89643 6.9023 6.90729 6.91138 6.91455 6.91678 6.91806 6.91838 6.91775 6.91617 6.91364 6.91018 6.90581 6.90055 6.89442 6.88746 6.87971 6.8712 6.86198 6.85209 6.84158 6.83051 6.81894 6.80691 6.79448 6.78172 6.76869 6.75545 6.74205 6.72857 6.71505 6.70156 6.68816 6.67489 6.66182 6.64899 6.63645 6.62425 6.61242 6.60102 6.59008 6.57962 6.56968 6.56029 6.55147 6.54325 6.53564 6.52866 6.52233 6.51666 6.51165 6.50732 6.50368 6.50073 6.49848 6.49692 6.49607 
6.49127 6.49185 6.49315 6.49518 6.49793 6.50141 6.5056 6.5105 6.5161 6.52239 6.52936 6.537 6.54528 6.5542 6.56372 6.57382 6.58448 6.59567 6.60734 6.61947 6.63201 6.64493 6.65816 6.67167 6.68541 6.69931 6.71333 6.7274 6.74147 6.75547 6.76934 6.78302 6.79645 6.80957 6.82231 6.83461 6.84641 6.85767 6.86831 6.8783 6.88758 6.8961 6.90383 6.91072 6.91674 6.92186 6.92606 6.92931 6.9316 6.93291 6.93325 6.9326 6.93097 6.92838 6.92482 6.92033 6.91493 6.90864 6.90149 6.89353 6.88479 6.87531 6.86516 6.85436 6.84299 6.83109 6.81872 6.80595 6.79284 6.77944 6.76582 6.75204 6.73817 6.72426 6.71037 6.69658 6.68292 6.66946 6.65625 6.64333 6.63076 6.61858 6.60683 6.59555 6.58477 6.57453 6.56485 6.55575 6.54727 6.53942 6.53222 6.52569 6.51983 6.51467 6.5102 6.50644 6.50339 6.50106 6.49946 6.49858 
6.49368 6.49427 6.49561 6.4977 6.50054 6.50411 6.50843 6.51347 6.51923 6.52571 6.53288 6.54074 6.54927 6.55844 6.56823 6.57862 6.58959 6.60109 6.61309 6.62556 6.63845 6.65172 6.66532 6.6792 6.69331 6.70759 6.72198 6.73643 6.75086 6.76523 6.77947 6.79351 6.80728 6.82073 6.8338 6.84641 6.85852 6.87005 6.88097 6.8912 6.90071 6.90944 6.91736 6.92442 6.93059 6.93584 6.94014 6.94347 6.94581 6.94716 6.9475 6.94683 6.94516 6.9425 6.93886 6.93426 6.92872 6.92227 6.91495 6.90678 6.89782 6.88811 6.87769 6.86662 6.85496 6.84275 6.83007 6.81697 6.80351 6.78975 6.77577 6.76163 6.74739 6.7331 6.71885 6.70467 6.69064 6.67681 6.66323 6.64996 6.63704 6.62451 6.61243 6.60083 6.58974 6.5792 6.56924 6.55988 6.55115 6.54307 6.53566 6.52893 6.5229 6.51758 6.51297 6.5091 6.50596 6.50356 6.5019 6.501 
6.496 6.4966 6.49798 6.50012 6.50303 6.50671 6.51114 6.51632 6.52224 6.52889 6.53626 6.54433 6.55308 6.5625 6.57255 6.58322 6.59447 6.60627 6.61859 6.63138 6.6446 6.65821 6.67216 6.68639 6.70085 6.71548 6.73023 6.74504 6.75983 6.77455 6.78913 6.8035 6.81761 6.83138 6.84476 6.85767 6.87005 6.88186 6.89302 6.9035 6.91322 6.92216 6.93026 6.93748 6.94379 6.94915 6.95355 6.95695 6.95935 6.96072 6.96107 6.96039 6.95868 6.95596 6.95223 6.94752 6.94186 6.93526 6.92777 6.91941 6.91024 6.9003 6.88964 6.87831 6.86637 6.85387 6.84089 6.82747 6.81368 6.7996 6.78527 6.77078 6.75619 6.74155 6.72693 6.7124 6.69802 6.68383 6.6699 6.65629 6.64303 6.63018 6.61778 6.60587 6.59449 6.58366 6.57344 6.56383 6.55486 6.54656 6.53894 6.53203 6.52583 6.52036 6.51563 6.51165 6.50842 6.50596 6.50425 6.50332 
6.4982 6.49882 6.50023 6.50243 6.50541 6.50918 6.51372 6.51903 6.5251 6.53191 6.53947 6.54774 6.5567 6.56635 6.57665 6.58758 6.5991 6.61119 6.6238 6.6369 6.65043 6.66436 6.67864 6.6932 6.708 6.72297 6.73805 6.75319 6.76832 6.78337 6.79827 6.81297 6.82738 6.84146 6.85512 6.86831 6.88097 6.89302 6.90443 6.91512 6.92505 6.93418 6.94244 6.94982 6.95626 6.96173 6.96622 6.96969 6.97214 6.97354 6.97389 6.9732 6.97145 6.96867 6.96487 6.96006 6.95427 6.94754 6.93988 6.93135 6.92199 6.91183 6.90094 6.88937 6.87716 6.86439 6.85112 6.8374 6.82331 6.80891 6.79427 6.77945 6.76452 6.74954 6.73459 6.71972 6.705 6.69049 6.67623 6.66229 6.64871 6.63556 6.62285 6.61065 6.59899 6.58791 6.57742 6.56757 6.55838 6.54988 6.54207 6.53498 6.52863 6.52302 6.51817 6.51408 6.51077 6.50824 6.50649 6.50553 
6.50028 6.50092 6.50236 6.5046 6.50766 6.51151 6.51615 6.52159 6.52779 6.53477 6.54249 6.55095 6.56012 6.56998 6.58051 6.59169 6.60347 6.61582 6.62871 6.64209 6.65592 6.67015 6.68473 6.6996 6.71471 6.73 6.7454 6.76085 6.77629 6.79165 6.80686 6.82185 6.83656 6.85091 6.86485 6.8783 6.8912 6.9035 6.91512 6.92602 6.93615 6.94545 6.95387 6.96138 6.96795 6.97353 6.9781 6.98164 6.98413 6.98556 6.98592 6.98521 6.98343 6.98059 6.97672 6.97182 6.96592 6.95905 6.95125 6.94255 6.933 6.92265 6.91154 6.89973 6.88729 6.87426 6.86072 6.84673 6.83235 6.81766 6.80271 6.78758 6.77234 6.75706 6.74179 6.7266 6.71157 6.69674 6.68217 6.66793 6.65406 6.64061 6.62763 6.61516 6.60323 6.5919 6.58118 6.5711 6.5617 6.553 6.54501 6.53776 6.53126 6.52552 6.52055 6.51637 6.51298 6.51039 6.5086 6.50762 
6.50223 6.50287 6.50434 6.50664 6.50976 6.51369 6.51843 6.52398 6.53031 6.53743 6.54531 6.55394 6.5633 6.57337 6.58412 6.59552 6.60753 6.62013 6.63328 6.64693 6.66103 6.67554 6.6904 6.70556 6.72096 6.73654 6.75223 6.76798 6.78371 6.79935 6.81484 6.83011 6.84508 6.8597 6.87388 6.88758 6.90071 6.91322 6.92505 6.93615 6.94645 6.95591 6.96448 6.97213 6.9788 6.98448 6.98913 6.99273 6.99526 6.99671 6.99708 6.99635 6.99454 6.99166 6.98771 6.98273 6.97673 6.96974 6.9618 6.95295 6.94323 6.93269 6.92138 6.90937 6.8967 6.88343 6.86965 6.8554 6.84075 6.82578 6.81056 6.79515 6.77962 6.76404 6.74848 6.73301 6.71768 6.70256 6.68771 6.67318 6.65904 6.64532 6.63208 6.61935 6.60719 6.59562 6.58468 6.5744 6.5648 6.55592 6.54776 6.54036 6.53372 6.52786 6.52279 6.51852 6.51505 6.5124 6.51058 6.50957 
6.50403 6.50469 6.50618 6.50852 6.5117 6.5157 6.52053 6.52618 6.53264 6.53989 6.54792 6.55671 6.56624 6.57649 6.58744 6.59904 6.61128 6.62411 6.63749 6.65138 6.66573 6.6805 6.69562 6.71104 6.72671 6.74256 6.75852 6.77453 6.79052 6.80643 6.82217 6.83769 6.85292 6.86777 6.88219 6.8961 6.90944 6.92216 6.93418 6.94545 6.95591 6.96552 6.97422 6.98199 6.98877 6.99453 6.99925 7.00291 7.00548 7.00695 7.00732 7.00659 7.00475 7.00182 6.99781 6.99275 6.98665 6.97955 6.97148 6.96249 6.95262 6.94191 6.93042 6.91821 6.90534 6.89186 6.87785 6.86336 6.84847 6.83326 6.81777 6.8021 6.78631 6.77047 6.75464 6.73889 6.7233 6.70791 6.6928 6.67802 6.66362 6.64965 6.63617 6.62322 6.61083 6.59905 6.58791 6.57743 6.56766 6.55861 6.5503 6.54275 6.53599 6.53001 6.52485 6.52049 6.51697 6.51427 6.5124 6.51137 
6.50567 6.50634 6.50786 6.51024 6.51347 6.51754 6.52245 6.52819 6.53476 6.54213 6.55029 6.55923 6.56892 6.57934 6.59046 6.60225 6.61469 6.62772 6.64132 6.65543 6.67001 6.685 6.70036 6.71602 6.73193 6.74802 6.76422 6.78047 6.79671 6.81285 6.82883 6.84458 6.86002 6.87509 6.88971 6.90383 6.91736 6.93026 6.94244 6.95387 6.96448 6.97422 6.98305 6.99092 6.9978 7.00364 7.00843 7.01213 7.01474 7.01623 7.0166 7.01586 7.01399 7.01102 7.00696 7.00182 6.99564 6.98844 6.98026 6.97114 6.96113 6.95027 6.93862 6.92623 6.91317 6.8995 6.88528 6.87058 6.85548 6.84003 6.82432 6.80841 6.79238 6.77629 6.76022 6.74424 6.7284 6.71278 6.69743 6.68241 6.66778 6.65359 6.6399 6.62673 6.61414 6.60217 6.59084 6.5802 6.57026 6.56106 6.55261 6.54494 6.53806 6.53198 6.52673 6.5223 6.51871 6.51596 6.51407 6.51302 
6.50715 6.50782 6.50937 6.51178 6.51505 6.51919 6.52417 6.53 6.53666 6.54414 6.55242 6.56149 6.57132 6.58188 6.59317 6.60513 6.61774 6.63095 6.64474 6.65905 6.67383 6.68903 6.70459 6.72047 6.73659 6.7529 6.76931 6.78578 6.80223 6.81858 6.83477 6.85072 6.86636 6.88162 6.89643 6.91072 6.92442 6.93748 6.94982 6.96138 6.97213 6.98199 6.99092 6.99889 7.00584 7.01176 7.0166 7.02035 7.02299 7.0245 7.02488 7.02412 7.02223 7.01923 7.01511 7.00991 7.00366 6.99637 6.98809 6.97886 6.96872 6.95772 6.94593 6.93338 6.92016 6.90631 6.89191 6.87702 6.86172 6.84608 6.83016 6.81404 6.7978 6.7815 6.76521 6.74901 6.73296 6.71712 6.70156 6.68634 6.6715 6.65712 6.64323 6.62987 6.61711 6.60496 6.59347 6.58267 6.57259 6.56325 6.55468 6.5469 6.53991 6.53375 6.52841 6.52392 6.52028 6.51749 6.51556 6.5145 
6.50845 6.50913 6.5107 6.51314 6.51645 6.52064 6.52569 6.53159 6.53833 6.5459 6.55429 6.56347 6.57342 6.58412 6.59554 6.60765 6.62041 6.63379 6.64774 6.66222 6.67717 6.69255 6.7083 6.72436 6.74067 6.75716 6.77377 6.79042 6.80705 6.82359 6.83996 6.85608 6.8719 6.88732 6.9023 6.91674 6.93059 6.94379 6.95626 6.96795 6.9788 6.98877 6.9978 7.00584 7.01287 7.01885 7.02374 7.02753 7.03019 7.03172 7.0321 7.03134 7.02943 7.02639 7.02224 7.01698 7.01066 7.00329 6.99492 6.98559 6.97535 6.96423 6.95231 6.93963 6.92626 6.91226 6.8977 6.88265 6.86718 6.85136 6.83527 6.81897 6.80254 6.78605 6.76958 6.75319 6.73695 6.72092 6.70518 6.68977 6.67476 6.6602 6.64614 6.63263 6.6197 6.60741 6.59578 6.58484 6.57463 6.56518 6.5565 6.54862 6.54154 6.5353 6.5299 6.52535 6.52166 6.51883 6.51688 6.51581 
6.50957 6.51026 6.51184 6.5143 6.51766 6.52189 6.52699 6.53295 6.53977 6.54742 6.55589 6.56517 6.57522 6.58603 6.59757 6.6098 6.62269 6.63621 6.6503 6.66492 6.68003 6.69556 6.71146 6.72768 6.74415 6.7608 6.77756 6.79438 6.81116 6.82785 6.84438 6.86065 6.87661 6.89218 6.90729 6.92186 6.93584 6.94915 6.96173 6.97353 6.98448 6.99453 7.00364 7.01176 7.01885 7.02488 7.02981 7.03363 7.03632 7.03786 7.03824 7.03747 7.03555 7.03248 7.02829 7.02299 7.01661 7.00918 7.00074 6.99132 6.98098 6.96977 6.95774 6.94494 6.93145 6.91733 6.90263 6.88744 6.87183 6.85586 6.83961 6.82316 6.80657 6.78993 6.77329 6.75674 6.74034 6.72416 6.70826 6.6927 6.67754 6.66283 6.64863 6.63498 6.62192 6.6095 6.59775 6.5867 6.57638 6.56683 6.55806 6.55009 6.54294 6.53663 6.53117 6.52657 6.52284 6.51999 6.51801 6.51693 
6.51049 6.51119 6.51278 6.51527 6.51865 6.52292 6.52806 6.53408 6.54095 6.54867 6.55721 6.56657 6.57671 6.58761 6.59924 6.61158 6.62457 6.6382 6.6524 6.66714 6.68237 6.69803 6.71406 6.73041 6.747 6.76378 6.78068 6.79762 6.81454 6.83135 6.848 6.8644 6.88047 6.89616 6.91138 6.92606 6.94014 6.95355 6.96622 6.9781 6.98913 6.99925 7.00843 7.0166 7.02374 7.02981 7.03478 7.03863 7.04134 7.04288 7.04327 7.0425 7.04056 7.03747 7.03325 7.02791 7.02148 7.014 7.00549 6.99601 6.9856 6.9743 6.96218 6.9493 6.9357 6.92147 6.90667 6.89137 6.87563 6.85954 6.84317 6.82659 6.80988 6.7931 6.77634 6.75966 6.74313 6.72682 6.71079 6.69511 6.67983 6.665 6.65068 6.63691 6.62375 6.61122 6.59937 6.58823 6.57783 6.56819 6.55934 6.55131 6.5441 6.53773 6.53223 6.52759 6.52382 6.52094 6.51895 6.51786 
6.51122 6.51192 6.51353 6.51603 6.51944 6.52373 6.52891 6.53496 6.54188 6.54965 6.55825 6.56766 6.57787 6.58884 6.60055 6.61296 6.62604 6.63975 6.65404 6.66888 6.6842 6.69995 6.71608 6.73252 6.74922 6.7661 6.78309 6.80013 6.81715 6.83406 6.85081 6.8673 6.88347 6.89924 6.91455 6.92931 6.94347 6.95695 6.96969 6.98164 6.99273 7.00291 7.01213 7.02035 7.02753 7.03363 7.03863 7.0425 7.04522 7.04678 7.04716 7.04638 7.04443 7.04133 7.03708 7.03171 7.02525 7.01773 7.00918 6.99964 6.98917 6.97781 6.96563 6.95267 6.939 6.92469 6.9098 6.89441 6.87858 6.8624 6.84593 6.82925 6.81244 6.79557 6.77871 6.76193 6.7453 6.72889 6.71276 6.69698 6.6816 6.66668 6.65227 6.63842 6.62517 6.61256 6.60064 6.58942 6.57895 6.56926 6.56035 6.55226 6.54501 6.5386 6.53305 6.52838 6.52459 6.5217 6.51969 6.51859 
6.51175 6.51246 6.51407 6.51659 6.52 6.52432 6.52952 6.5356 6.54255 6.55035 6.55899 6.56845 6.5787 6.58972 6.60148 6.61395 6.62708 6.64085 6.65521 6.6701 6.68549 6.70131 6.71751 6.73402 6.75078 6.76773 6.7848 6.80191 6.81899 6.83598 6.85278 6.86934 6.88558 6.90141 6.91678 6.9316 6.94581 6.95935 6.97214 6.98413 6.99526 7.00548 7.01474 7.02299 7.03019 7.03632 7.04134 7.04522 7.04795 7.04951 7.0499 7.04912 7.04716 7.04404 7.03978 7.03439 7.0279 7.02035 7.01177 7.0022 6.99168 6.98028 6.96805 6.95504 6.94131 6.92694 6.912 6.89655 6.88066 6.86441 6.84788 6.83113 6.81425 6.79731 6.78037 6.76352 6.74683 6.73035 6.71415 6.6983 6.68286 6.66788 6.6534 6.63949 6.62618 6.61352 6.60154 6.59028 6.57976 6.57002 6.56107 6.55295 6.54566 6.53922 6.53365 6.52896 6.52515 6.52224 6.52023 6.51912 
6.51208 6.51279 6.5144 6.51693 6.52035 6.52468 6.52989 6.53599 6.54296 6.55078 6.55944 6.56892 6.5792 6.59024 6.60203 6.61453 6.6277 6.6415 6.65589 6.67082 6.68625 6.7021 6.71834 6.73489 6.75169 6.76868 6.78578 6.80293 6.82006 6.83708 6.85392 6.87052 6.88679 6.90266 6.91806 6.93291 6.94716 6.96072 6.97354 6.98556 6.99671 7.00695 7.01623 7.0245 7.03172 7.03786 7.04288 7.04678 7.04951 7.05108 7.05147 7.05068 7.04872 7.0456 7.04132 7.03592 7.02942 7.02185 7.01325 7.00366 6.99312 6.9817 6.96943 6.95639 6.94264 6.92824 6.91326 6.89777 6.88185 6.86557 6.84899 6.83221 6.81529 6.79831 6.78134 6.76445 6.74771 6.73119 6.71496 6.69908 6.68359 6.66857 6.65407 6.64012 6.62678 6.61409 6.60208 6.59079 6.58024 6.57048 6.56151 6.55336 6.54606 6.5396 6.53402 6.52931 6.5255 6.52258 6.52056 6.51945 
