5.53466 5.53484 5.53511 5.53547 5.53592 5.53645 5.53707 5.53778 5.53859 5.53948 5.54046 5.54154 5.54271 5.54397 5.54533 5.54679 5.54833 5.54997 5.55169 5.55351 5.55541 5.55739 5.55944 5.56157 5.56376 5.566 5.5683 5.57063 5.57299 5.57538 5.57777 5.58016 5.58253 5.58488 5.58718 5.58943 5.59162 5.59372 5.59573 5.59763 5.59942 5.60108 5.60259 5.60396 5.60516 5.6062 5.60706 5.60775 5.60824 5.60855 5.60867 5.6086 5.60833 5.60788 5.60725 5.60643 5.60544 5.60429 5.60298 5.60151 5.59992 5.59819 5.59635 5.5944 5.59237 5.59026 5.58809 5.58586 5.5836 5.58132 5.57902 5.57673 5.57445 5.57219 5.56997 5.56779 5.56567 5.56362 5.56163 5.55972 5.5579 5.55616 5.55451 5.55296 5.55151 5.55015 5.5489 5.54775 5.5467 5.54576 5.54491 5.54417 5.54352 5.54297 5.54252 5.54216 5.54189 5.54172 5.54163 5.54164 
5.53484 5.53503 5.5353 5.53566 5.5361 5.53664 5.53726 5.53798 5.53879 5.53968 5.54067 5.54176 5.54294 5.54421 5.54558 5.54704 5.54859 5.55024 5.55198 5.55381 5.55572 5.55772 5.55979 5.56193 5.56413 5.5664 5.56871 5.57106 5.57344 5.57584 5.57826 5.58066 5.58306 5.58542 5.58774 5.59001 5.59221 5.59433 5.59636 5.59828 5.60008 5.60174 5.60327 5.60465 5.60586 5.60691 5.60778 5.60847 5.60897 5.60928 5.6094 5.60932 5.60906 5.6086 5.60796 5.60714 5.60614 5.60498 5.60365 5.60218 5.60057 5.59883 5.59697 5.59501 5.59296 5.59084 5.58864 5.5864 5.58412 5.58182 5.5795 5.57719 5.57489 5.57262 5.57038 5.56819 5.56605 5.56398 5.56198 5.56005 5.55821 5.55646 5.5548 5.55324 5.55177 5.55041 5.54915 5.54799 5.54693 5.54598 5.54513 5.54438 5.54372 5.54317 5.54271 5.54235 5.54208 5.5419 5.54182 5.54182 
5.53511 5.5353 5.53557 5.53593 5.53639 5.53693 5.53757 5.53829 5.53911 5.54003 5.54104 5.54214 5.54334 5.54464 5.54603 5.54752 5.54911 5.55079 5.55256 5.55443 5.55638 5.55841 5.56052 5.56271 5.56496 5.56727 5.56962 5.57202 5.57445 5.5769 5.57936 5.58182 5.58426 5.58667 5.58904 5.59135 5.59359 5.59575 5.59782 5.59977 5.60161 5.60331 5.60487 5.60627 5.60751 5.60857 5.60946 5.61016 5.61067 5.61098 5.6111 5.61103 5.61075 5.61029 5.60964 5.6088 5.60778 5.60659 5.60524 5.60374 5.60209 5.60032 5.59842 5.59643 5.59433 5.59216 5.58993 5.58764 5.58531 5.58296 5.5806 5.57824 5.5759 5.57357 5.57129 5.56905 5.56687 5.56475 5.56271 5.56075 5.55887 5.55708 5.55538 5.55378 5.55229 5.5509 5.54961 5.54842 5.54734 5.54636 5.54549 5.54472 5.54405 5.54349 5.54302 5.54264 5.54237 5.54218 5.54209 5.54209 
5.53547 5.53566 5.53593 5.53631 5.53677 5.53733 5.53798 5.53873 5.53957 5.54051 5.54155 5.54269 5.54393 5.54526 5.5467 5.54824 5.54988 5.55161 5.55344 5.55536 5.55738 5.55948 5.56166 5.56391 5.56623 5.56861 5.57105 5.57352 5.57603 5.57856 5.58109 5.58362 5.58614 5.58862 5.59106 5.59345 5.59576 5.59799 5.60011 5.60213 5.60402 5.60577 5.60737 5.60882 5.61009 5.61119 5.6121 5.61282 5.61334 5.61366 5.61379 5.61371 5.61342 5.61294 5.61227 5.6114 5.61035 5.60913 5.60773 5.60618 5.60449 5.60266 5.6007 5.59864 5.59648 5.59424 5.59194 5.58957 5.58717 5.58475 5.58231 5.57988 5.57745 5.57506 5.5727 5.57039 5.56813 5.56595 5.56383 5.5618 5.55986 5.55801 5.55626 5.5546 5.55305 5.55161 5.55028 5.54905 5.54793 5.54692 5.54601 5.54521 5.54451 5.54392 5.54343 5.54304 5.54275 5.54256 5.54246 5.54245 
5.53592 5.5361 5.53639 5.53677 5.53725 5.53783 5.5385 5.53928 5.54016 5.54114 5.54222 5.5434 5.54469 5.54609 5.54758 5.54919 5.5509 5.5527 5.55461 5.55662 5.55872 5.56091 5.56318 5.56553 5.56795 5.57044 5.57297 5.57555 5.57817 5.5808 5.58344 5.58608 5.5887 5.59129 5.59383 5.59631 5.59872 5.60103 5.60325 5.60534 5.60731 5.60913 5.61079 5.61229 5.61362 5.61476 5.6157 5.61645 5.61699 5.61732 5.61745 5.61736 5.61707 5.61656 5.61586 5.61496 5.61386 5.61258 5.61113 5.60952 5.60775 5.60584 5.60381 5.60166 5.59941 5.59707 5.59467 5.59221 5.58971 5.58718 5.58464 5.5821 5.57957 5.57707 5.57461 5.57219 5.56984 5.56755 5.56535 5.56322 5.56119 5.55926 5.55742 5.55569 5.55407 5.55256 5.55116 5.54987 5.5487 5.54763 5.54668 5.54584 5.5451 5.54448 5.54396 5.54354 5.54323 5.54302 5.54291 5.5429 
5.53645 5.53664 5.53693 5.53733 5.53783 5.53843 5.53914 5.53995 5.54087 5.5419 5.54304 5.54428 5.54564 5.54711 5.54868 5.55037 5.55217 5.55407 5.55608 5.5582 5.56041 5.56271 5.56511 5.56758 5.57013 5.57274 5.57541 5.57812 5.58087 5.58364 5.58642 5.58919 5.59194 5.59466 5.59733 5.59993 5.60246 5.60489 5.60721 5.60941 5.61147 5.61338 5.61513 5.6167 5.61808 5.61927 5.62026 5.62104 5.62161 5.62196 5.62208 5.62199 5.62168 5.62115 5.62041 5.61946 5.61831 5.61696 5.61544 5.61374 5.61188 5.60988 5.60774 5.60548 5.60311 5.60066 5.59813 5.59554 5.59291 5.59025 5.58758 5.5849 5.58224 5.57961 5.57701 5.57447 5.57199 5.56958 5.56725 5.56501 5.56287 5.56082 5.55888 5.55705 5.55534 5.55374 5.55226 5.55089 5.54964 5.54851 5.5475 5.5466 5.54582 5.54515 5.5446 5.54415 5.54381 5.54358 5.54346 5.54344 
5.53707 5.53726 5.53757 5.53798 5.5385 5.53914 5.53988 5.54074 5.54172 5.5428 5.54401 5.54533 5.54677 5.54832 5.55 5.55179 5.5537 5.55572 5.55785 5.5601 5.56244 5.56489 5.56743 5.57005 5.57275 5.57553 5.57835 5.58123 5.58414 5.58707 5.59001 5.59295 5.59586 5.59874 5.60156 5.60432 5.60699 5.60956 5.61201 5.61433 5.61651 5.61852 5.62037 5.62202 5.62348 5.62474 5.62578 5.6266 5.6272 5.62756 5.62769 5.62759 5.62726 5.6267 5.62591 5.6249 5.62368 5.62226 5.62064 5.61885 5.61688 5.61476 5.61249 5.6101 5.60759 5.605 5.60232 5.59957 5.59678 5.59396 5.59113 5.58829 5.58547 5.58267 5.57992 5.57722 5.57458 5.57202 5.56955 5.56716 5.56488 5.5627 5.56064 5.55869 5.55686 5.55515 5.55357 5.55211 5.55077 5.54956 5.54847 5.54751 5.54667 5.54595 5.54535 5.54486 5.54449 5.54424 5.5441 5.54407 
5.53778 5.53798 5.53829 5.53873 5.53928 5.53995 5.54074 5.54166 5.54269 5.54385 5.54514 5.54655 5.54808 5.54974 5.55153 5.55344 5.55548 5.55764 5.55992 5.56232 5.56482 5.56744 5.57015 5.57295 5.57583 5.57879 5.58181 5.58487 5.58798 5.5911 5.59424 5.59736 5.60046 5.60352 5.60653 5.60946 5.6123 5.61503 5.61764 5.6201 5.62241 5.62456 5.62651 5.62827 5.62982 5.63115 5.63225 5.63312 5.63375 5.63413 5.63427 5.63416 5.6338 5.6332 5.63236 5.63128 5.62998 5.62847 5.62675 5.62483 5.62274 5.62048 5.61807 5.61552 5.61285 5.61008 5.60723 5.6043 5.60133 5.59832 5.59529 5.59227 5.58925 5.58627 5.58333 5.58044 5.57762 5.57489 5.57224 5.56968 5.56724 5.56491 5.56269 5.5606 5.55863 5.5568 5.55509 5.55352 5.55208 5.55078 5.5496 5.54856 5.54765 5.54687 5.54621 5.54568 5.54527 5.54499 5.54483 5.54479 
5.53859 5.53879 5.53911 5.53957 5.54016 5.54087 5.54172 5.54269 5.5438 5.54504 5.54642 5.54793 5.54958 5.55136 5.55328 5.55534 5.55752 5.55984 5.56229 5.56486 5.56755 5.57036 5.57327 5.57627 5.57936 5.58253 5.58577 5.58905 5.59238 5.59572 5.59908 5.60242 5.60574 5.60901 5.61223 5.61536 5.61839 5.62131 5.62409 5.62672 5.62919 5.63147 5.63356 5.63543 5.63708 5.6385 5.63967 5.6406 5.64126 5.64167 5.64181 5.64169 5.6413 5.64065 5.63975 5.6386 5.63721 5.63559 5.63375 5.6317 5.62946 5.62704 5.62446 5.62173 5.61888 5.61591 5.61286 5.60972 5.60654 5.60332 5.60007 5.59683 5.59359 5.59039 5.58724 5.58414 5.58111 5.57817 5.57532 5.57257 5.56994 5.56743 5.56504 5.56278 5.56066 5.55868 5.55684 5.55513 5.55358 5.55216 5.55089 5.54975 5.54876 5.54791 5.54719 5.5466 5.54615 5.54584 5.54565 5.54559 
5.53948 5.53968 5.54003 5.54051 5.54114 5.5419 5.5428 5.54385 5.54504 5.54638 5.54786 5.54949 5.55126 5.55318 5.55525 5.55747 5.55983 5.56233 5.56496 5.56773 5.57063 5.57365 5.57679 5.58002 5.58335 5.58676 5.59024 5.59377 5.59734 5.60094 5.60454 5.60813 5.61169 5.6152 5.61865 5.62201 5.62526 5.62838 5.63136 5.63418 5.63682 5.63926 5.64149 5.6435 5.64526 5.64678 5.64803 5.64901 5.64972 5.65015 5.6503 5.65016 5.64974 5.64905 5.64808 5.64684 5.64535 5.64361 5.64163 5.63943 5.63703 5.63443 5.63166 5.62873 5.62567 5.62248 5.6192 5.61584 5.61241 5.60895 5.60546 5.60197 5.59849 5.59504 5.59164 5.5883 5.58504 5.58186 5.57879 5.57583 5.57298 5.57026 5.56768 5.56524 5.56294 5.56079 5.55879 5.55695 5.55525 5.55371 5.55233 5.55109 5.55 5.54907 5.54828 5.54764 5.54714 5.54678 5.54657 5.54649 
5.54046 5.54067 5.54104 5.54155 5.54222 5.54304 5.54401 5.54514 5.54642 5.54786 5.54946 5.55122 5.55313 5.55521 5.55744 5.55984 5.56239 5.56509 5.56794 5.57093 5.57406 5.57732 5.5807 5.5842 5.58779 5.59146 5.59521 5.59902 5.60287 5.60674 5.61062 5.61448 5.61831 5.62209 5.62579 5.6294 5.63289 5.63625 5.63945 5.64247 5.64531 5.64792 5.65032 5.65246 5.65435 5.65597 5.65731 5.65836 5.65912 5.65958 5.65973 5.65958 5.65913 5.65837 5.65733 5.656 5.65439 5.65252 5.65039 5.64803 5.64544 5.64265 5.63967 5.63652 5.63322 5.62979 5.62626 5.62264 5.61895 5.61521 5.61145 5.60769 5.60394 5.60022 5.59654 5.59294 5.58941 5.58598 5.58265 5.57945 5.57637 5.57342 5.57062 5.56797 5.56548 5.56314 5.56097 5.55896 5.55712 5.55544 5.55392 5.55257 5.55138 5.55035 5.54948 5.54877 5.54822 5.54782 5.54758 5.54749 
5.54154 5.54176 5.54214 5.54269 5.5434 5.54428 5.54533 5.54655 5.54793 5.54949 5.55122 5.55312 5.55519 5.55744 5.55986 5.56245 5.56521 5.56813 5.57122 5.57445 5.57784 5.58136 5.58502 5.58879 5.59267 5.59664 5.60069 5.6048 5.60895 5.61313 5.61731 5.62147 5.6256 5.62967 5.63365 5.63753 5.64129 5.6449 5.64834 5.65159 5.65463 5.65744 5.66001 5.66231 5.66434 5.66607 5.66751 5.66863 5.66944 5.66993 5.67009 5.66992 5.66943 5.66862 5.66749 5.66605 5.66432 5.66231 5.66002 5.65747 5.65468 5.65168 5.64847 5.64507 5.64152 5.63783 5.63402 5.63011 5.62613 5.6221 5.61805 5.61398 5.60993 5.60591 5.60194 5.59804 5.59422 5.59051 5.58691 5.58343 5.58009 5.5769 5.57386 5.57098 5.56827 5.56573 5.56336 5.56117 5.55916 5.55733 5.55567 5.55419 5.55289 5.55176 5.55081 5.55002 5.54941 5.54896 5.54869 5.54857 
5.54271 5.54294 5.54334 5.54393 5.54469 5.54564 5.54677 5.54808 5.54958 5.55126 5.55313 5.55519 5.55744 5.55987 5.56249 5.5653 5.56829 5.57145 5.57479 5.5783 5.58196 5.58578 5.58973 5.59381 5.598 5.6023 5.60667 5.61111 5.61559 5.62009 5.6246 5.62909 5.63354 5.63792 5.64221 5.64639 5.65043 5.65431 5.65801 5.66151 5.66477 5.66779 5.67055 5.67302 5.6752 5.67706 5.6786 5.6798 5.68067 5.68118 5.68135 5.68117 5.68063 5.67976 5.67854 5.67699 5.67513 5.67295 5.67049 5.66774 5.66474 5.6615 5.65804 5.65439 5.65056 5.64657 5.64247 5.63825 5.63396 5.62961 5.62523 5.62084 5.61646 5.61211 5.60782 5.6036 5.59947 5.59545 5.59155 5.58778 5.58416 5.58069 5.57739 5.57426 5.57132 5.56855 5.56597 5.56359 5.56139 5.55939 5.55758 5.55596 5.55453 5.55329 5.55224 5.55138 5.5507 5.5502 5.54989 5.54975 
5.54397 5.54421 5.54464 5.54526 5.54609 5.54711 5.54832 5.54974 5.55136 5.55318 5.55521 5.55744 5.55987 5.56251 5.56535 5.56839 5.57163 5.57505 5.57867 5.58247 5.58643 5.59056 5.59483 5.59925 5.60378 5.60841 5.61314 5.61793 5.62276 5.62762 5.63249 5.63732 5.64212 5.64684 5.65146 5.65596 5.66031 5.66448 5.66846 5.67221 5.67573 5.67897 5.68193 5.68458 5.68692 5.68891 5.69056 5.69185 5.69277 5.69332 5.6935 5.6933 5.69272 5.69177 5.69046 5.68879 5.68678 5.68444 5.68179 5.67883 5.6756 5.67211 5.66838 5.66444 5.66032 5.65602 5.65159 5.64705 5.64242 5.63773 5.633 5.62825 5.62352 5.61883 5.61419 5.60962 5.60515 5.6008 5.59657 5.59248 5.58856 5.5848 5.58121 5.57782 5.57461 5.5716 5.5688 5.5662 5.56381 5.56162 5.55964 5.55787 5.55631 5.55495 5.5538 5.55285 5.55209 5.55154 5.55119 5.55103 
5.54533 5.54558 5.54603 5.5467 5.54758 5.54868 5.55 5.55153 5.55328 5.55525 5.55744 5.55986 5.56249 5.56535 5.56842 5.57172 5.57522 5.57893 5.58284 5.58695 5.59124 5.5957 5.60032 5.60509 5.60998 5.61499 5.62009 5.62526 5.63047 5.63571 5.64095 5.64616 5.65132 5.6564 5.66138 5.66622 5.67089 5.67538 5.67966 5.68369 5.68746 5.69094 5.69412 5.69696 5.69947 5.70161 5.70337 5.70475 5.70574 5.70633 5.70651 5.70629 5.70566 5.70464 5.70323 5.70143 5.69927 5.69675 5.69389 5.69071 5.68723 5.68348 5.67946 5.67522 5.67078 5.66616 5.66138 5.65649 5.65149 5.64643 5.64133 5.63621 5.63111 5.62603 5.62102 5.61609 5.61125 5.60654 5.60196 5.59754 5.59329 5.58921 5.58532 5.58164 5.57816 5.57489 5.57184 5.56901 5.5664 5.56402 5.56186 5.55993 5.55822 5.55673 5.55547 5.55442 5.55359 5.55298 5.55258 5.5524 
5.54679 5.54704 5.54752 5.54824 5.54919 5.55037 5.55179 5.55344 5.55534 5.55747 5.55984 5.56245 5.5653 5.56839 5.57172 5.57528 5.57906 5.58308 5.58731 5.59174 5.59638 5.6012 5.60619 5.61133 5.61662 5.62201 5.62751 5.63308 5.6387 5.64434 5.64998 5.65559 5.66114 5.6666 5.67195 5.67715 5.68217 5.68699 5.69158 5.69591 5.69995 5.70369 5.70709 5.71014 5.71282 5.71511 5.717 5.71848 5.71953 5.72015 5.72035 5.7201 5.71943 5.71833 5.71681 5.71488 5.71255 5.70984 5.70677 5.70335 5.69962 5.69558 5.69126 5.6867 5.68192 5.67695 5.67181 5.66654 5.66117 5.65572 5.65022 5.6447 5.6392 5.63373 5.62832 5.62299 5.61777 5.61268 5.60773 5.60295 5.59834 5.59393 5.58972 5.58572 5.58195 5.5784 5.57509 5.57201 5.56918 5.56659 5.56424 5.56213 5.56026 5.55864 5.55725 5.5561 5.55519 5.55452 5.55407 5.55386 
5.54833 5.54859 5.54911 5.54988 5.5509 5.55217 5.5537 5.55548 5.55752 5.55983 5.56239 5.56521 5.56829 5.57163 5.57522 5.57906 5.58316 5.58749 5.59206 5.59685 5.60185 5.60704 5.61242 5.61797 5.62366 5.62947 5.63539 5.64138 5.64743 5.65349 5.65956 5.66558 5.67155 5.67741 5.68315 5.68873 5.69411 5.69928 5.7042 5.70884 5.71317 5.71717 5.72081 5.72408 5.72694 5.72939 5.73141 5.73299 5.73411 5.73478 5.73498 5.73471 5.73398 5.7328 5.73117 5.7291 5.7266 5.72369 5.7204 5.71673 5.71272 5.70838 5.70375 5.69886 5.69372 5.68838 5.68286 5.6772 5.67142 5.66556 5.65964 5.65371 5.64778 5.64189 5.63606 5.63031 5.62469 5.61919 5.61385 5.60869 5.60371 5.59894 5.59439 5.59006 5.58597 5.58213 5.57854 5.57521 5.57213 5.56931 5.56676 5.56447 5.56244 5.56066 5.55915 5.5579 5.5569 5.55615 5.55566 5.55542 
5.54997 5.55024 5.55079 5.55161 5.5527 5.55407 5.55572 5.55764 5.55984 5.56233 5.56509 5.56813 5.57145 5.57505 5.57893 5.58308 5.58749 5.59216 5.59708 5.60224 5.60763 5.61322 5.61901 5.62498 5.6311 5.63735 5.64371 5.65015 5.65664 5.66315 5.66966 5.67612 5.68251 5.6888 5.69495 5.70092 5.70669 5.71222 5.71748 5.72245 5.72708 5.73135 5.73525 5.73873 5.7418 5.74441 5.74657 5.74825 5.74944 5.75015 5.75036 5.75007 5.74929 5.74802 5.74627 5.74405 5.74137 5.73826 5.73473 5.7308 5.72651 5.72186 5.7169 5.71165 5.70615 5.70042 5.6945 5.68843 5.68222 5.67593 5.66958 5.6632 5.65683 5.6505 5.64423 5.63805 5.63199 5.62607 5.62032 5.61475 5.60938 5.60424 5.59932 5.59465 5.59023 5.58608 5.5822 5.57859 5.57525 5.5722 5.56943 5.56694 5.56474 5.56281 5.56116 5.55979 5.5587 5.55788 5.55734 5.55707 
5.55169 5.55198 5.55256 5.55344 5.55461 5.55608 5.55785 5.55992 5.56229 5.56496 5.56794 5.57122 5.57479 5.57867 5.58284 5.58731 5.59206 5.59708 5.60238 5.60792 5.61371 5.61973 5.62595 5.63235 5.63892 5.64563 5.65245 5.65935 5.66631 5.67329 5.68025 5.68718 5.69402 5.70074 5.70732 5.7137 5.71987 5.72578 5.7314 5.73669 5.74164 5.7462 5.75035 5.75407 5.75734 5.76012 5.76242 5.76421 5.76548 5.76623 5.76645 5.76614 5.7653 5.76394 5.76206 5.75969 5.75683 5.7535 5.74973 5.74553 5.74094 5.73597 5.73067 5.72506 5.71917 5.71304 5.7067 5.7002 5.69355 5.68681 5.68 5.67317 5.66633 5.65954 5.65281 5.64617 5.63966 5.6333 5.62712 5.62113 5.61535 5.60981 5.60452 5.59948 5.59472 5.59024 5.58605 5.58215 5.57855 5.57525 5.57225 5.56955 5.56716 5.56507 5.56328 5.56179 5.5606 5.55971 5.55911 5.55881 
5.55351 5.55381 5.55443 5.55536 5.55662 5.5582 5.5601 5.56232 5.56486 5.56773 5.57093 5.57445 5.5783 5.58247 5.58695 5.59174 5.59685 5.60224 5.60792 5.61388 5.62009 5.62653 5.6332 5.64007 5.6471 5.65429 5.66159 5.66897 5.67641 5.68387 5.69132 5.69871 5.70602 5.7132 5.72022 5.72703 5.73361 5.73991 5.7459 5.75154 5.75681 5.76166 5.76608 5.77004 5.77351 5.77648 5.77892 5.78082 5.78217 5.78296 5.78319 5.78285 5.78196 5.78051 5.77851 5.77598 5.77293 5.76938 5.76535 5.76088 5.75597 5.75068 5.74502 5.73903 5.73274 5.72619 5.71943 5.71247 5.70538 5.69817 5.69089 5.68357 5.67626 5.66898 5.66177 5.65467 5.64769 5.64087 5.63423 5.6278 5.6216 5.61565 5.60996 5.60454 5.59942 5.5946 5.59008 5.58588 5.582 5.57844 5.5752 5.57229 5.5697 5.56744 5.56551 5.56389 5.5626 5.56163 5.56097 5.56064 
5.55541 5.55572 5.55638 5.55738 5.55872 5.56041 5.56244 5.56482 5.56755 5.57063 5.57406 5.57784 5.58196 5.58643 5.59124 5.59638 5.60185 5.60763 5.61371 5.62009 5.62673 5.63363 5.64076 5.6481 5.65563 5.6633 5.6711 5.67898 5.68692 5.69488 5.70282 5.7107 5.71849 5.72614 5.73361 5.74086 5.74786 5.75456 5.76093 5.76693 5.77253 5.77769 5.78239 5.78659 5.79028 5.79342 5.79601 5.79803 5.79946 5.8003 5.80053 5.80017 5.79922 5.79767 5.79554 5.79285 5.7896 5.78583 5.78154 5.77678 5.77156 5.76592 5.7599 5.75352 5.74682 5.73985 5.73264 5.72522 5.71765 5.70997 5.7022 5.69439 5.68658 5.67881 5.6711 5.6635 5.65604 5.64874 5.64164 5.63476 5.62811 5.62173 5.61563 5.60982 5.60432 5.59914 5.59429 5.58978 5.5856 5.58177 5.57829 5.57515 5.57236 5.56992 5.56783 5.56609 5.56469 5.56363 5.56292 5.56255 
5.55739 5.55772 5.55841 5.55948 5.56091 5.56271 5.56489 5.56744 5.57036 5.57365 5.57732 5.58136 5.58578 5.59056 5.5957 5.6012 5.60704 5.61322 5.61973 5.62653 5.63363 5.641 5.64861 5.65644 5.66446 5.67264 5.68095 5.68935 5.6978 5.70627 5.71472 5.7231 5.73138 5.73951 5.74745 5.75515 5.76258 5.7697 5.77646 5.78282 5.78876 5.79423 5.79921 5.80366 5.80757 5.8109 5.81364 5.81577 5.81728 5.81817 5.81842 5.81803 5.81701 5.81537 5.81311 5.81025 5.8068 5.80279 5.79825 5.79319 5.78765 5.78166 5.77526 5.76848 5.76137 5.75395 5.74629 5.7384 5.73035 5.72217 5.7139 5.70558 5.69726 5.68898 5.68076 5.67266 5.6647 5.65691 5.64932 5.64197 5.63487 5.62804 5.62152 5.6153 5.60942 5.60387 5.59867 5.59383 5.58935 5.58524 5.58149 5.57813 5.57513 5.57251 5.57025 5.56837 5.56686 5.56572 5.56495 5.56454 
5.55944 5.55979 5.56052 5.56166 5.56318 5.56511 5.56743 5.57015 5.57327 5.57679 5.5807 5.58502 5.58973 5.59483 5.60032 5.60619 5.61242 5.61901 5.62595 5.6332 5.64076 5.64861 5.65671 5.66505 5.67358 5.68228 5.69111 5.70003 5.70902 5.71801 5.72698 5.73587 5.74465 5.75327 5.76169 5.76985 5.77772 5.78525 5.79241 5.79915 5.80543 5.81122 5.81648 5.82119 5.82532 5.82884 5.83173 5.83399 5.83558 5.83651 5.83677 5.83636 5.83528 5.83354 5.83114 5.82811 5.82446 5.82022 5.8154 5.81005 5.80418 5.79783 5.79105 5.78387 5.77632 5.76846 5.76033 5.75197 5.74342 5.73473 5.72595 5.71711 5.70827 5.69946 5.69073 5.6821 5.67363 5.66533 5.65725 5.64942 5.64185 5.63457 5.6276 5.62097 5.61468 5.60875 5.6032 5.59802 5.59323 5.58883 5.58482 5.58121 5.578 5.57518 5.57276 5.57074 5.56912 5.56789 5.56705 5.56661 
5.56157 5.56193 5.56271 5.56391 5.56553 5.56758 5.57005 5.57295 5.57627 5.58002 5.5842 5.58879 5.59381 5.59925 5.60509 5.61133 5.61797 5.62498 5.63235 5.64007 5.6481 5.65644 5.66505 5.67389 5.68295 5.69218 5.70154 5.71101 5.72052 5.73005 5.73955 5.74896 5.75826 5.76737 5.77627 5.7849 5.79322 5.80118 5.80874 5.81585 5.82248 5.82859 5.83415 5.83911 5.84347 5.84718 5.85023 5.8526 5.85428 5.85526 5.85553 5.85509 5.85395 5.85211 5.84958 5.84637 5.84252 5.83804 5.83295 5.82729 5.82109 5.81438 5.80721 5.79962 5.79164 5.78332 5.77471 5.76586 5.75681 5.74761 5.7383 5.72894 5.71957 5.71022 5.70096 5.6918 5.6828 5.67399 5.66541 5.65707 5.64902 5.64128 5.63387 5.6268 5.6201 5.61379 5.60786 5.60234 5.59723 5.59253 5.58825 5.58439 5.58096 5.57795 5.57536 5.57319 5.57145 5.57013 5.56923 5.56875 
5.56376 5.56413 5.56496 5.56623 5.56795 5.57013 5.57275 5.57583 5.57936 5.58335 5.58779 5.59267 5.598 5.60378 5.60998 5.61662 5.62366 5.6311 5.63892 5.6471 5.65563 5.66446 5.67358 5.68295 5.69254 5.7023 5.71221 5.72222 5.73228 5.74235 5.75238 5.76233 5.77214 5.78176 5.79115 5.80025 5.80902 5.81741 5.82537 5.83286 5.83985 5.84628 5.85213 5.85736 5.86194 5.86584 5.86905 5.87154 5.87331 5.87433 5.87461 5.87415 5.87294 5.871 5.86833 5.86496 5.8609 5.85617 5.85081 5.84485 5.83831 5.83124 5.82368 5.81567 5.80725 5.79847 5.78939 5.78004 5.77048 5.76076 5.75092 5.74102 5.73111 5.72122 5.71141 5.70172 5.69219 5.68285 5.67375 5.66492 5.65637 5.64816 5.64029 5.63278 5.62567 5.61895 5.61265 5.60678 5.60133 5.59633 5.59177 5.58766 5.584 5.58079 5.57803 5.57572 5.57385 5.57244 5.57147 5.57096 
5.566 5.5664 5.56727 5.56861 5.57044 5.57274 5.57553 5.57879 5.58253 5.58676 5.59146 5.59664 5.6023 5.60841 5.61499 5.62201 5.62947 5.63735 5.64563 5.65429 5.6633 5.67264 5.68228 5.69218 5.7023 5.71262 5.72307 5.73363 5.74424 5.75486 5.76543 5.77591 5.78624 5.79637 5.80625 5.81583 5.82505 5.83387 5.84224 5.85012 5.85746 5.86422 5.87036 5.87585 5.88065 5.88475 5.88812 5.89073 5.89258 5.89366 5.89395 5.89346 5.89219 5.89015 5.88734 5.8838 5.87953 5.87456 5.86892 5.86265 5.85578 5.84834 5.84038 5.83195 5.82309 5.81386 5.80429 5.79444 5.78437 5.77412 5.76375 5.75331 5.74285 5.73241 5.72206 5.71182 5.70175 5.69188 5.68226 5.67291 5.66387 5.65517 5.64684 5.63889 5.63135 5.62423 5.61754 5.61131 5.60553 5.60022 5.59538 5.59101 5.58712 5.5837 5.58076 5.5783 5.57631 5.57481 5.57377 5.57322 
5.5683 5.56871 5.56962 5.57105 5.57297 5.57541 5.57835 5.58181 5.58577 5.59024 5.59521 5.60069 5.60667 5.61314 5.62009 5.62751 5.63539 5.64371 5.65245 5.66159 5.6711 5.68095 5.69111 5.70154 5.71221 5.72307 5.73408 5.7452 5.75636 5.76753 5.77864 5.78965 5.80051 5.81115 5.82152 5.83157 5.84125 5.85051 5.85929 5.86755 5.87524 5.88232 5.88875 5.89451 5.89954 5.90383 5.90736 5.91009 5.91203 5.91315 5.91345 5.91294 5.9116 5.90946 5.90652 5.9028 5.89833 5.89312 5.88721 5.88063 5.87341 5.86561 5.85726 5.84841 5.83911 5.82941 5.81935 5.80901 5.79842 5.78764 5.77674 5.76575 5.75474 5.74375 5.73285 5.72206 5.71144 5.70104 5.69089 5.68103 5.67149 5.6623 5.6535 5.6451 5.63712 5.62959 5.62252 5.61593 5.60981 5.60418 5.59905 5.59442 5.59029 5.58667 5.58355 5.58094 5.57883 5.57722 5.57612 5.57552 
5.57063 5.57106 5.57202 5.57352 5.57555 5.57812 5.58123 5.58487 5.58905 5.59377 5.59902 5.6048 5.61111 5.61793 5.62526 5.63308 5.64138 5.65015 5.65935 5.66897 5.67898 5.68935 5.70003 5.71101 5.72222 5.73363 5.7452 5.75686 5.76858 5.7803 5.79196 5.8035 5.81488 5.82603 5.83689 5.84742 5.85755 5.86724 5.87643 5.88507 5.89311 5.90052 5.90724 5.91325 5.91851 5.923 5.92668 5.92954 5.93156 5.93273 5.93304 5.9325 5.9311 5.92886 5.92579 5.9219 5.91721 5.91176 5.90558 5.89869 5.89115 5.88298 5.87424 5.86497 5.85522 5.84506 5.83452 5.82368 5.81257 5.80127 5.78982 5.77829 5.76673 5.75519 5.74373 5.7324 5.72123 5.71029 5.69961 5.68923 5.67918 5.66951 5.66023 5.65138 5.64297 5.63503 5.62757 5.6206 5.61414 5.6082 5.60278 5.59788 5.59352 5.58968 5.58638 5.58361 5.58138 5.57968 5.57851 5.57787 
5.57299 5.57344 5.57445 5.57603 5.57817 5.58087 5.58414 5.58798 5.59238 5.59734 5.60287 5.60895 5.61559 5.62276 5.63047 5.6387 5.64743 5.65664 5.66631 5.67641 5.68692 5.6978 5.70902 5.72052 5.73228 5.74424 5.75636 5.76858 5.78085 5.79311 5.80531 5.81739 5.82929 5.84094 5.8523 5.8633 5.87388 5.884 5.89359 5.9026 5.911 5.91872 5.92574 5.93201 5.93749 5.94217 5.946 5.94898 5.95108 5.9523 5.95263 5.95206 5.9506 5.94826 5.94505 5.94099 5.9361 5.93042 5.92396 5.91677 5.90889 5.90036 5.89123 5.88155 5.87137 5.86074 5.84973 5.83838 5.82677 5.81494 5.80296 5.79088 5.77877 5.76668 5.75467 5.74278 5.73108 5.7196 5.70838 5.69748 5.68693 5.67677 5.66702 5.65771 5.64886 5.64051 5.63265 5.62532 5.61852 5.61226 5.60654 5.60138 5.59678 5.59273 5.58925 5.58632 5.58396 5.58216 5.58093 5.58025 
5.57538 5.57584 5.5769 5.57856 5.5808 5.58364 5.58707 5.5911 5.59572 5.60094 5.60674 5.61313 5.62009 5.62762 5.63571 5.64434 5.65349 5.66315 5.67329 5.68387 5.69488 5.70627 5.71801 5.73005 5.74235 5.75486 5.76753 5.7803 5.79311 5.80592 5.81866 5.83126 5.84367 5.85583 5.86767 5.87913 5.89016 5.9007 5.91069 5.92008 5.92882 5.93686 5.94416 5.95068 5.95639 5.96125 5.96524 5.96833 5.97052 5.97179 5.97212 5.97153 5.97001 5.96757 5.96423 5.96001 5.95492 5.949 5.94227 5.93479 5.92658 5.91769 5.90818 5.89809 5.88747 5.87639 5.8649 5.85306 5.84094 5.82859 5.81608 5.80347 5.79081 5.77817 5.76561 5.75318 5.74093 5.72891 5.71717 5.70575 5.6947 5.68404 5.67382 5.66405 5.65478 5.646 5.63776 5.63006 5.62291 5.61633 5.61033 5.6049 5.60006 5.5958 5.59213 5.58905 5.58657 5.58467 5.58336 5.58265 
5.57777 5.57826 5.57936 5.58109 5.58344 5.58642 5.59001 5.59424 5.59908 5.60454 5.61062 5.61731 5.6246 5.63249 5.64095 5.64998 5.65956 5.66966 5.68025 5.69132 5.70282 5.71472 5.72698 5.73955 5.75238 5.76543 5.77864 5.79196 5.80531 5.81866 5.83192 5.84504 5.85796 5.87061 5.88293 5.89485 5.90632 5.91727 5.92766 5.93741 5.94649 5.95484 5.96242 5.96919 5.97511 5.98016 5.9843 5.98751 5.98978 5.99109 5.99144 5.99082 5.98924 5.98671 5.98324 5.97885 5.97356 5.96741 5.96043 5.95265 5.94412 5.93488 5.92499 5.91449 5.90345 5.89192 5.87997 5.86764 5.85502 5.84216 5.82912 5.81598 5.80278 5.78961 5.7765 5.76353 5.75074 5.73819 5.72593 5.714 5.70244 5.6913 5.68061 5.67039 5.66068 5.6515 5.64287 5.6348 5.62731 5.62041 5.61411 5.60842 5.60334 5.59887 5.59502 5.59179 5.58918 5.58718 5.58581 5.58505 
5.58016 5.58066 5.58182 5.58362 5.58608 5.58919 5.59295 5.59736 5.60242 5.60813 5.61448 5.62147 5.62909 5.63732 5.64616 5.65559 5.66558 5.67612 5.68718 5.69871 5.7107 5.7231 5.73587 5.74896 5.76233 5.77591 5.78965 5.8035 5.81739 5.83126 5.84504 5.85868 5.87209 5.88523 5.89801 5.91038 5.92228 5.93364 5.94441 5.95452 5.96393 5.97258 5.98043 5.98745 5.99358 5.99881 6.00309 6.00642 6.00877 6.01012 6.01048 6.00984 6.00821 6.00558 6.00199 5.99744 5.99196 5.98558 5.97834 5.97028 5.96143 5.95185 5.94159 5.9307 5.91924 5.90727 5.89486 5.88206 5.86895 5.85558 5.84203 5.82836 5.81464 5.80093 5.78729 5.77378 5.76046 5.74739 5.73461 5.72218 5.71013 5.69851 5.68735 5.67669 5.66655 5.65696 5.64794 5.63951 5.63168 5.62447 5.61789 5.61193 5.60661 5.60194 5.59791 5.59452 5.59178 5.58969 5.58825 5.58746 
5.58253 5.58306 5.58426 5.58614 5.5887 5.59194 5.59586 5.60046 5.60574 5.61169 5.61831 5.6256 5.63354 5.64212 5.65132 5.66114 5.67155 5.68251 5.69402 5.70602 5.71849 5.73138 5.74465 5.75826 5.77214 5.78624 5.80051 5.81488 5.82929 5.84367 5.85796 5.87209 5.886 5.8996 5.91284 5.92565 5.93797 5.94972 5.96086 5.97132 5.98105 5.99 5.99812 6.00537 6.01171 6.01711 6.02154 6.02498 6.0274 6.0288 6.02917 6.02851 6.02682 6.0241 6.02039 6.01568 6.01002 6.00342 5.99594 5.98759 5.97844 5.96853 5.9579 5.94663 5.93477 5.92237 5.90951 5.89624 5.88265 5.86879 5.85474 5.84056 5.82632 5.81208 5.79792 5.78389 5.77006 5.75647 5.74319 5.73025 5.71772 5.70563 5.69401 5.68291 5.67235 5.66236 5.65296 5.64418 5.63602 5.62849 5.62162 5.61541 5.60986 5.60498 5.60077 5.59723 5.59437 5.59218 5.59067 5.58984 
5.58488 5.58542 5.58667 5.58862 5.59129 5.59466 5.59874 5.60352 5.60901 5.6152 5.62209 5.62967 5.63792 5.64684 5.6564 5.6666 5.67741 5.6888 5.70074 5.7132 5.72614 5.73951 5.75327 5.76737 5.78176 5.79637 5.81115 5.82603 5.84094 5.85583 5.87061 5.88523 5.8996 5.91366 5.92735 5.94058 5.9533 5.96544 5.97694 5.98774 5.99778 6.00701 6.01539 6.02287 6.02941 6.03498 6.03955 6.04309 6.04559 6.04703 6.04742 6.04673 6.04498 6.04218 6.03835 6.0335 6.02765 6.02085 6.01312 6.00451 5.99506 5.98482 5.97385 5.9622 5.94994 5.93713 5.92384 5.91012 5.89606 5.88173 5.86718 5.85251 5.83776 5.82302 5.80835 5.79381 5.77947 5.76538 5.7516 5.73818 5.72518 5.71262 5.70056 5.68903 5.67806 5.66768 5.65791 5.64877 5.64028 5.63246 5.6253 5.61884 5.61306 5.60798 5.60359 5.59991 5.59692 5.59464 5.59307 5.5922 
5.58718 5.58774 5.58904 5.59106 5.59383 5.59733 5.60156 5.60653 5.61223 5.61865 5.62579 5.63365 5.64221 5.65146 5.66138 5.67195 5.68315 5.69495 5.70732 5.72022 5.73361 5.74745 5.76169 5.77627 5.79115 5.80625 5.82152 5.83689 5.8523 5.86767 5.88293 5.89801 5.91284 5.92735 5.94146 5.9551 5.96821 5.98072 5.99257 6.00369 6.01403 6.02354 6.03217 6.03987 6.0466 6.05233 6.05703 6.06068 6.06325 6.06473 6.06513 6.06442 6.06262 6.05974 6.05579 6.05079 6.04478 6.03777 6.02981 6.02094 6.0112 6.00066 5.98935 5.97735 5.96471 5.95149 5.93778 5.92363 5.90912 5.89432 5.87931 5.86415 5.84891 5.83368 5.81851 5.80348 5.78865 5.77407 5.75981 5.74593 5.73246 5.71946 5.70696 5.69501 5.68364 5.67288 5.66274 5.65326 5.64446 5.63634 5.62891 5.6222 5.6162 5.61092 5.60636 5.60253 5.59943 5.59706 5.59542 5.59451 
5.58943 5.59001 5.59135 5.59345 5.59631 5.59993 5.60432 5.60946 5.61536 5.62201 5.6294 5.63753 5.64639 5.65596 5.66622 5.67715 5.68873 5.70092 5.7137 5.72703 5.74086 5.75515 5.76985 5.7849 5.80025 5.81583 5.83157 5.84742 5.8633 5.87913 5.89485 5.91038 5.92565 5.94058 5.9551 5.96914 5.98262 5.99549 6.00767 6.0191 6.02973 6.03951 6.04837 6.05628 6.06319 6.06908 6.07391 6.07765 6.08029 6.08182 6.08222 6.08149 6.07965 6.07669 6.07263 6.06749 6.06131 6.05411 6.04593 6.03681 6.0268 6.01596 6.00433 5.99198 5.97898 5.96538 5.95126 5.9367 5.92176 5.90651 5.89104 5.87542 5.85972 5.84401 5.82837 5.81286 5.79755 5.78251 5.76778 5.75344 5.73953 5.72609 5.71318 5.70082 5.68906 5.67793 5.66745 5.65764 5.64852 5.64011 5.63243 5.62547 5.61926 5.61378 5.60906 5.60509 5.60188 5.59942 5.59772 5.59678 
5.59162 5.59221 5.59359 5.59576 5.59872 5.60246 5.60699 5.6123 5.61839 5.62526 5.63289 5.64129 5.65043 5.66031 5.67089 5.68217 5.69411 5.70669 5.71987 5.73361 5.74786 5.76258 5.77772 5.79322 5.80902 5.82505 5.84125 5.85755 5.87388 5.89016 5.90632 5.92228 5.93797 5.9533 5.96821 5.98262 5.99647 6.00967 6.02217 6.0339 6.0448 6.05482 6.06391 6.07202 6.07911 6.08515 6.0901 6.09393 6.09664 6.0982 6.09861 6.09787 6.09598 6.09294 6.08878 6.08352 6.07718 6.06979 6.0614 6.05205 6.04178 6.03065 6.01872 6.00604 5.99269 5.97873 5.96423 5.94926 5.9339 5.91824 5.90233 5.88626 5.87011 5.85395 5.83785 5.82189 5.80613 5.79063 5.77547 5.76069 5.74635 5.7325 5.71918 5.70644 5.6943 5.68281 5.67199 5.66187 5.65245 5.64377 5.63583 5.62864 5.62222 5.61656 5.61168 5.60757 5.60425 5.60171 5.59995 5.59897 
5.59372 5.59433 5.59575 5.59799 5.60103 5.60489 5.60956 5.61503 5.62131 5.62838 5.63625 5.6449 5.65431 5.66448 5.67538 5.68699 5.69928 5.71222 5.72578 5.73991 5.75456 5.7697 5.78525 5.80118 5.81741 5.83387 5.85051 5.86724 5.884 5.9007 5.91727 5.93364 5.94972 5.96544 5.98072 5.99549 6.00967 6.02319 6.03599 6.048 6.05916 6.06942 6.07872 6.08702 6.09428 6.10045 6.10552 6.10944 6.11221 6.11381 6.11423 6.11347 6.11153 6.10843 6.10417 6.09878 6.09229 6.08474 6.07615 6.06657 6.05606 6.04466 6.03244 6.01945 6.00577 5.99146 5.9766 5.96125 5.94551 5.92943 5.91311 5.89663 5.88005 5.86346 5.84692 5.83053 5.81433 5.79841 5.78282 5.76762 5.75288 5.73863 5.72493 5.71181 5.69933 5.6875 5.67635 5.66592 5.65623 5.64728 5.63909 5.63169 5.62506 5.61923 5.6142 5.60996 5.60653 5.60391 5.60209 5.60108 
5.59573 5.59636 5.59782 5.60011 5.60325 5.60721 5.61201 5.61764 5.62409 5.63136 5.63945 5.64834 5.65801 5.66846 5.67966 5.69158 5.7042 5.71748 5.7314 5.7459 5.76093 5.77646 5.79241 5.80874 5.82537 5.84224 5.85929 5.87643 5.89359 5.91069 5.92766 5.94441 5.96086 5.97694 5.99257 6.00767 6.02217 6.03599 6.04907 6.06135 6.07275 6.08323 6.09273 6.10121 6.10862 6.11493 6.1201 6.12411 6.12693 6.12857 6.129 6.12822 6.12624 6.12307 6.11872 6.11322 6.10659 6.09887 6.0901 6.08031 6.06957 6.05792 6.04542 6.03214 6.01815 6.00352 5.98831 5.97261 5.9565 5.94004 5.92334 5.90645 5.88947 5.87247 5.85553 5.83872 5.82212 5.80579 5.78981 5.77422 5.75908 5.74446 5.7304 5.71693 5.70411 5.69195 5.68051 5.66979 5.65982 5.65062 5.64221 5.63459 5.62778 5.62178 5.6166 5.61224 5.60871 5.60601 5.60414 5.6031 
5.59763 5.59828 5.59977 5.60213 5.60534 5.60941 5.61433 5.6201 5.62672 5.63418 5.64247 5.65159 5.66151 5.67221 5.68369 5.69591 5.70884 5.72245 5.73669 5.75154 5.76693 5.78282 5.79915 5.81585 5.83286 5.85012 5.86755 5.88507 5.9026 5.92008 5.93741 5.95452 5.97132 5.98774 6.00369 6.0191 6.0339 6.048 6.06135 6.07387 6.0855 6.09618 6.10587 6.11451 6.12207 6.1285 6.13377 6.13785 6.14074 6.1424 6.14284 6.14205 6.14003 6.1368 6.13237 6.12676 6.12 6.11213 6.10318 6.0932 6.08224 6.07036 6.05761 6.04406 6.02978 6.01484 5.99931 5.98328 5.96682 5.95002 5.93294 5.91569 5.89833 5.88095 5.86363 5.84644 5.82945 5.81275 5.79638 5.78042 5.76493 5.74996 5.73555 5.72175 5.70861 5.69616 5.68442 5.67344 5.66321 5.65378 5.64515 5.63734 5.63035 5.62419 5.61887 5.6144 5.61078 5.60801 5.60608 5.60502 
5.59942 5.60008 5.60161 5.60402 5.60731 5.61147 5.61651 5.62241 5.62919 5.63682 5.64531 5.65463 5.66477 5.67573 5.68746 5.69995 5.71317 5.72708 5.74164 5.75681 5.77253 5.78876 5.80543 5.82248 5.83985 5.85746 5.87524 5.89311 5.911 5.92882 5.94649 5.96393 5.98105 5.99778 6.01403 6.02973 6.0448 6.05916 6.07275 6.0855 6.09734 6.10821 6.11808 6.12687 6.13456 6.1411 6.14646 6.15062 6.15355 6.15524 6.15569 6.15488 6.15283 6.14954 6.14504 6.13933 6.13245 6.12444 6.11533 6.10517 6.09402 6.08192 6.06893 6.05513 6.04059 6.02537 6.00955 5.99321 5.97643 5.95929 5.94189 5.92429 5.90658 5.88885 5.87117 5.85362 5.83628 5.81923 5.80251 5.78621 5.77038 5.75508 5.74036 5.72626 5.71282 5.70009 5.68809 5.67684 5.66639 5.65674 5.6479 5.6399 5.63275 5.62645 5.62101 5.61643 5.61271 5.60987 5.6079 5.60681 
5.60108 5.60174 5.60331 5.60577 5.60913 5.61338 5.61852 5.62456 5.63147 5.63926 5.64792 5.65744 5.66779 5.67897 5.69094 5.70369 5.71717 5.73135 5.7462 5.76166 5.77769 5.79423 5.81122 5.82859 5.84628 5.86422 5.88232 5.90052 5.91872 5.93686 5.95484 5.97258 5.99 6.00701 6.02354 6.03951 6.05482 6.06942 6.08323 6.09618 6.10821 6.11927 6.12928 6.13822 6.14603 6.15267 6.15812 6.16234 6.16532 6.16704 6.16749 6.16667 6.16459 6.16125 6.15667 6.15087 6.14389 6.13575 6.1265 6.11617 6.10484 6.09254 6.07934 6.06531 6.05052 6.03504 6.01895 6.00233 5.98526 5.96783 5.95011 5.9322 5.91417 5.89612 5.87811 5.86024 5.84258 5.8252 5.80816 5.79155 5.77541 5.75981 5.74479 5.73041 5.71671 5.70371 5.69147 5.67999 5.66932 5.65947 5.65045 5.64228 5.63498 5.62854 5.62298 5.6183 5.61451 5.61161 5.60959 5.60847 
5.60259 5.60327 5.60487 5.60737 5.61079 5.61513 5.62037 5.62651 5.63356 5.64149 5.65032 5.66001 5.67055 5.68193 5.69412 5.70709 5.72081 5.73525 5.75035 5.76608 5.78239 5.79921 5.81648 5.83415 5.85213 5.87036 5.88875 5.90724 5.92574 5.94416 5.96242 5.98043 5.99812 6.01539 6.03217 6.04837 6.06391 6.07872 6.09273 6.10587 6.11808 6.12928 6.13944 6.1485 6.15642 6.16316 6.16868 6.17296 6.17598 6.17773 6.17819 6.17736 6.17524 6.17186 6.16722 6.16134 6.15426 6.146 6.13662 6.12615 6.11464 6.10217 6.08878 6.07454 6.05953 6.04382 6.02749 6.01062 5.99328 5.97558 5.95758 5.93938 5.92107 5.90272 5.88442 5.86626 5.8483 5.83062 5.8133 5.7964 5.77999 5.76411 5.74883 5.7342 5.72024 5.70702 5.69455 5.68287 5.672 5.66196 5.65277 5.64445 5.63701 5.63045 5.62478 5.62001 5.61615 5.61319 5.61114 5.61 
5.60396 5.60465 5.60627 5.60882 5.61229 5.6167 5.62202 5.62827 5.63543 5.6435 5.65246 5.66231 5.67302 5.68458 5.69696 5.71014 5.72408 5.73873 5.75407 5.77004 5.78659 5.80366 5.82119 5.83911 5.85736 5.87585 5.89451 5.91325 5.93201 5.95068 5.96919 5.98745 6.00537 6.02287 6.03987 6.05628 6.07202 6.08702 6.10121 6.11451 6.12687 6.13822 6.1485 6.15768 6.16569 6.17251 6.1781 6.18243 6.18549 6.18726 6.18772 6.18688 6.18474 6.18132 6.17662 6.17067 6.1635 6.15514 6.14564 6.13504 6.1234 6.11076 6.0972 6.08278 6.06758 6.05166 6.03511 6.01801 6.00044 5.9825 5.96425 5.9458 5.92723 5.90862 5.89006 5.87163 5.85341 5.83548 5.8179 5.80075 5.78408 5.76797 5.75245 5.73759 5.72342 5.70998 5.69731 5.68544 5.6744 5.6642 5.65486 5.6464 5.63883 5.63217 5.6264 5.62156 5.61763 5.61462 5.61253 5.61137 
5.60516 5.60586 5.60751 5.61009 5.61362 5.61808 5.62348 5.62982 5.63708 5.64526 5.65435 5.66434 5.6752 5.68692 5.69947 5.71282 5.72694 5.7418 5.75734 5.77351 5.79028 5.80757 5.82532 5.84347 5.86194 5.88065 5.89954 5.91851 5.93749 5.95639 5.97511 5.99358 6.01171 6.02941 6.0466 6.06319 6.07911 6.09428 6.10862 6.12207 6.13456 6.14603 6.15642 6.16569 6.17379 6.18068 6.18633 6.19071 6.1938 6.19558 6.19605 6.19521 6.19305 6.18958 6.18484 6.17882 6.17158 6.16313 6.15353 6.14282 6.13104 6.11827 6.10456 6.08998 6.07461 6.05851 6.04177 6.02448 6.00671 5.98855 5.97009 5.95142 5.93262 5.91379 5.895 5.87634 5.85789 5.83973 5.82193 5.80455 5.78767 5.77134 5.75562 5.74056 5.7262 5.71258 5.69974 5.68771 5.67651 5.66616 5.6567 5.64812 5.64044 5.63368 5.62783 5.62292 5.61893 5.61587 5.61376 5.61258 
5.6062 5.60691 5.60857 5.61119 5.61476 5.61927 5.62474 5.63115 5.6385 5.64678 5.65597 5.66607 5.67706 5.68891 5.70161 5.71511 5.72939 5.74441 5.76012 5.77648 5.79342 5.8109 5.82884 5.84718 5.86584 5.88475 5.90383 5.923 5.94217 5.96125 5.98016 5.99881 6.01711 6.03498 6.05233 6.06908 6.08515 6.10045 6.11493 6.1285 6.1411 6.15267 6.16316 6.17251 6.18068 6.18763 6.19333 6.19775 6.20087 6.20267 6.20314 6.20229 6.20011 6.19661 6.19182 6.18576 6.17845 6.16993 6.16024 6.14943 6.13755 6.12466 6.11083 6.09611 6.08059 6.06434 6.04745 6.02998 6.01204 5.9937 5.97506 5.9562 5.93722 5.91819 5.89921 5.88036 5.86171 5.84336 5.82537 5.8078 5.79074 5.77423 5.75833 5.7431 5.72858 5.7148 5.70181 5.68964 5.67831 5.66785 5.65827 5.64959 5.64182 5.63498 5.62906 5.62409 5.62005 5.61696 5.61481 5.61362 
5.60706 5.60778 5.60946 5.6121 5.6157 5.62026 5.62578 5.63225 5.63967 5.64803 5.65731 5.66751 5.6786 5.69056 5.70337 5.717 5.73141 5.74657 5.76242 5.77892 5.79601 5.81364 5.83173 5.85023 5.86905 5.88812 5.90736 5.92668 5.946 5.96524 5.9843 6.00309 6.02154 6.03955 6.05703 6.07391 6.0901 6.10552 6.1201 6.13377 6.14646 6.15812 6.16868 6.1781 6.18633 6.19333 6.19907 6.20352 6.20666 6.20847 6.20895 6.20809 6.2059 6.20238 6.19755 6.19145 6.18408 6.1755 6.16574 6.15485 6.14289 6.1299 6.11596 6.10114 6.0855 6.06913 6.0521 6.0345 6.01641 5.99793 5.97914 5.96013 5.94099 5.9218 5.90266 5.88365 5.86485 5.84634 5.82819 5.81047 5.79326 5.7766 5.76056 5.74519 5.73054 5.71664 5.70353 5.69124 5.67981 5.66924 5.65957 5.65081 5.64297 5.63605 5.63008 5.62506 5.62098 5.61786 5.61569 5.61449 
5.60775 5.60847 5.61016 5.61282 5.61645 5.62104 5.6266 5.63312 5.6406 5.64901 5.65836 5.66863 5.6798 5.69185 5.70475 5.71848 5.73299 5.74825 5.76421 5.78082 5.79803 5.81577 5.83399 5.8526 5.87154 5.89073 5.91009 5.92954 5.94898 5.96833 5.98751 6.00642 6.02498 6.04309 6.06068 6.07765 6.09393 6.10944 6.12411 6.13785 6.15062 6.16234 6.17296 6.18243 6.19071 6.19775 6.20352 6.20799 6.21115 6.21297 6.21345 6.21259 6.21038 6.20685 6.202 6.19585 6.18845 6.17982 6.17001 6.15906 6.14702 6.13396 6.11994 6.10503 6.0893 6.07283 6.0557 6.038 6.01981 6.00121 5.9823 5.96318 5.94391 5.92461 5.90535 5.88621 5.86729 5.84866 5.83039 5.81255 5.79522 5.77845 5.7623 5.74683 5.73207 5.71807 5.70487 5.69249 5.68097 5.67033 5.66059 5.65176 5.64386 5.6369 5.63088 5.62582 5.62171 5.61857 5.61639 5.61517 
5.60824 5.60897 5.61067 5.61334 5.61699 5.62161 5.6272 5.63375 5.64126 5.64972 5.65912 5.66944 5.68067 5.69277 5.70574 5.71953 5.73411 5.74944 5.76548 5.78217 5.79946 5.81728 5.83558 5.85428 5.87331 5.89258 5.91203 5.93156 5.95108 5.97052 5.98978 6.00877 6.0274 6.04559 6.06325 6.08029 6.09664 6.11221 6.12693 6.14074 6.15355 6.16532 6.17598 6.18549 6.1938 6.20087 6.20666 6.21115 6.21432 6.21615 6.21663 6.21576 6.21355 6.21 6.20513 6.19896 6.19153 6.18287 6.17301 6.16202 6.14994 6.13683 6.12275 6.10778 6.09198 6.07545 6.05825 6.04047 6.0222 6.00352 5.98454 5.96533 5.94598 5.92659 5.90724 5.88802 5.86901 5.8503 5.83194 5.81402 5.79661 5.77976 5.76354 5.74799 5.73316 5.71909 5.70582 5.69339 5.68181 5.67112 5.66133 5.65245 5.64451 5.63751 5.63147 5.62638 5.62225 5.61908 5.61689 5.61567 
5.60855 5.60928 5.61098 5.61366 5.61732 5.62196 5.62756 5.63413 5.64167 5.65015 5.65958 5.66993 5.68118 5.69332 5.70633 5.72015 5.73478 5.75015 5.76623 5.78296 5.8003 5.81817 5.83651 5.85526 5.87433 5.89366 5.91315 5.93273 5.9523 5.97179 5.99109 6.01012 6.0288 6.04703 6.06473 6.08182 6.0982 6.11381 6.12857 6.1424 6.15524 6.16704 6.17773 6.18726 6.19558 6.20267 6.20847 6.21297 6.21615 6.21798 6.21846 6.21759 6.21538 6.21182 6.20694 6.20076 6.19331 6.18462 6.17475 6.16373 6.15162 6.13848 6.12437 6.10936 6.09353 6.07695 6.05971 6.04189 6.02358 6.00486 5.98583 5.96657 5.94717 5.92774 5.90834 5.88907 5.87002 5.85125 5.83285 5.81488 5.79742 5.78053 5.76426 5.74867 5.7338 5.71969 5.70639 5.69392 5.68231 5.67159 5.66177 5.65287 5.64491 5.63789 5.63182 5.62672 5.62258 5.6194 5.6172 5.61598 
