2.45127 2.45152 2.45178 2.45203 2.45227 2.45252 2.45275 2.45298 2.45319 2.45341 2.45361 2.45381 2.454 2.45419 2.45438 2.45457 2.45477 2.45498 2.45519 2.45542 2.45566 2.45593 2.45621 2.45652 2.45686 2.45722 2.45761 2.45803 2.45848 2.45896 2.45947 2.46001 2.46056 2.46114 2.46173 2.46232 2.46293 2.46353 2.46413 2.46471 2.46528 2.46581 2.46631 2.46678 2.4672 2.46757 2.46788 2.46813 2.46832 2.46845 2.46851 2.4685 2.46842 2.46828 2.46807 2.46781 2.46748 2.4671 2.46668 2.46621 2.46571 2.46517 2.46461 2.46404 2.46345 2.46286 2.46228 2.46169 2.46113 2.46057 2.46004 2.45954 2.45906 2.45861 2.4582 2.45781 2.45747 2.45716 2.45688 2.45665 2.45644 2.45628 2.45615 2.45605 2.45598 2.45595 2.45595 2.45598 2.45604 2.45612 2.45623 2.45637 2.45653 2.4567 2.4569 2.45711 2.45733 2.45757 2.45781 2.45806 
2.45152 2.45178 2.45203 2.45228 2.45253 2.45277 2.453 2.45323 2.45345 2.45366 2.45386 2.45406 2.45425 2.45444 2.45463 2.45482 2.45502 2.45523 2.45544 2.45567 2.45592 2.45618 2.45647 2.45678 2.45712 2.45749 2.45789 2.45831 2.45877 2.45926 2.45978 2.46032 2.46089 2.46147 2.46208 2.46269 2.4633 2.46392 2.46453 2.46513 2.4657 2.46625 2.46676 2.46724 2.46767 2.46804 2.46836 2.46862 2.46882 2.46894 2.469 2.46899 2.46892 2.46877 2.46856 2.46828 2.46795 2.46757 2.46713 2.46665 2.46614 2.46559 2.46502 2.46443 2.46384 2.46323 2.46263 2.46204 2.46146 2.4609 2.46036 2.45984 2.45935 2.4589 2.45848 2.45809 2.45774 2.45742 2.45715 2.45691 2.4567 2.45653 2.4564 2.4563 2.45624 2.4562 2.4562 2.45623 2.45629 2.45638 2.45649 2.45662 2.45678 2.45696 2.45715 2.45736 2.45759 2.45782 2.45806 2.45831 
2.45178 2.45203 2.45229 2.45254 2.45278 2.45302 2.45326 2.45349 2.4537 2.45392 2.45412 2.45432 2.45452 2.45471 2.45491 2.45511 2.45531 2.45553 2.45575 2.45599 2.45625 2.45653 2.45684 2.45717 2.45753 2.45793 2.45836 2.45881 2.45931 2.45983 2.46039 2.46097 2.46158 2.46221 2.46285 2.46351 2.46417 2.46483 2.46549 2.46612 2.46674 2.46733 2.46788 2.46839 2.46885 2.46925 2.46959 2.46987 2.47007 2.47021 2.47027 2.47026 2.47018 2.47002 2.46979 2.46949 2.46914 2.46872 2.46825 2.46774 2.46719 2.4666 2.46599 2.46536 2.46472 2.46407 2.46342 2.46279 2.46217 2.46156 2.46098 2.46043 2.45991 2.45942 2.45896 2.45855 2.45817 2.45783 2.45753 2.45727 2.45705 2.45687 2.45672 2.45661 2.45654 2.4565 2.45649 2.45651 2.45656 2.45664 2.45675 2.45688 2.45704 2.45721 2.45741 2.45762 2.45784 2.45807 2.45832 2.45857 
2.45203 2.45228 2.45254 2.45279 2.45304 2.45328 2.45351 2.45374 2.45397 2.45418 2.45439 2.4546 2.4548 2.45501 2.45521 2.45542 2.45564 2.45587 2.45612 2.45638 2.45667 2.45698 2.45733 2.4577 2.4581 2.45855 2.45903 2.45954 2.46009 2.46068 2.46131 2.46196 2.46264 2.46335 2.46407 2.46481 2.46555 2.46629 2.46702 2.46773 2.46842 2.46908 2.46969 2.47026 2.47077 2.47121 2.47159 2.4719 2.47213 2.47228 2.47234 2.47233 2.47223 2.47205 2.4718 2.47147 2.47106 2.4706 2.47008 2.4695 2.46888 2.46822 2.46754 2.46683 2.46612 2.46539 2.46467 2.46396 2.46326 2.46258 2.46193 2.46131 2.46072 2.46017 2.45966 2.45919 2.45877 2.45839 2.45805 2.45775 2.45749 2.45728 2.45711 2.45698 2.45688 2.45683 2.4568 2.45681 2.45686 2.45693 2.45703 2.45716 2.45731 2.45748 2.45767 2.45787 2.4581 2.45833 2.45857 2.45882 
2.45227 2.45253 2.45278 2.45304 2.45328 2.45353 2.45377 2.454 2.45423 2.45445 2.45467 2.45488 2.4551 2.45532 2.45554 2.45577 2.45601 2.45627 2.45655 2.45685 2.45718 2.45754 2.45794 2.45837 2.45884 2.45935 2.45991 2.46051 2.46115 2.46184 2.46256 2.46332 2.46411 2.46493 2.46577 2.46662 2.46747 2.46833 2.46917 2.46999 2.47078 2.47154 2.47224 2.47289 2.47347 2.47398 2.47442 2.47477 2.47503 2.47519 2.47527 2.47525 2.47513 2.47492 2.47463 2.47424 2.47378 2.47324 2.47264 2.47197 2.47126 2.4705 2.46971 2.4689 2.46807 2.46723 2.46639 2.46557 2.46476 2.46398 2.46322 2.4625 2.46182 2.46118 2.46059 2.46004 2.45954 2.45909 2.45869 2.45834 2.45804 2.45778 2.45757 2.45741 2.45728 2.4572 2.45715 2.45714 2.45717 2.45723 2.45732 2.45744 2.45758 2.45774 2.45793 2.45813 2.45835 2.45858 2.45882 2.45907 
2.45252 2.45277 2.45302 2.45328 2.45353 2.45378 2.45402 2.45426 2.45449 2.45472 2.45495 2.45518 2.45541 2.45565 2.4559 2.45616 2.45643 2.45673 2.45705 2.45741 2.45779 2.45822 2.45869 2.4592 2.45976 2.46037 2.46103 2.46175 2.46251 2.46333 2.46419 2.46509 2.46602 2.46699 2.46798 2.46898 2.46999 2.471 2.47199 2.47295 2.47388 2.47476 2.47559 2.47635 2.47703 2.47762 2.47813 2.47853 2.47883 2.47902 2.47911 2.47908 2.47894 2.47869 2.47834 2.47789 2.47734 2.47671 2.476 2.47521 2.47437 2.47348 2.47255 2.47159 2.47061 2.46963 2.46864 2.46767 2.46671 2.46578 2.46489 2.46404 2.46323 2.46247 2.46176 2.46111 2.46051 2.45997 2.45949 2.45907 2.45869 2.45838 2.45811 2.4579 2.45773 2.45761 2.45754 2.4575 2.45751 2.45755 2.45762 2.45772 2.45785 2.45801 2.45819 2.45838 2.4586 2.45882 2.45906 2.45931 
2.45275 2.453 2.45326 2.45351 2.45377 2.45402 2.45427 2.45451 2.45476 2.455 2.45524 2.45549 2.45575 2.45601 2.45629 2.45659 2.4569 2.45725 2.45763 2.45805 2.45852 2.45903 2.45959 2.46021 2.46089 2.46162 2.46242 2.46328 2.46421 2.46519 2.46622 2.4673 2.46842 2.46958 2.47076 2.47196 2.47317 2.47436 2.47554 2.47669 2.47779 2.47883 2.47981 2.4807 2.4815 2.48221 2.4828 2.48327 2.48362 2.48385 2.48394 2.4839 2.48373 2.48344 2.48302 2.48248 2.48182 2.48107 2.48022 2.47929 2.47829 2.47723 2.47612 2.47498 2.47381 2.47264 2.47146 2.4703 2.46915 2.46804 2.46697 2.46595 2.46498 2.46406 2.46321 2.46242 2.4617 2.46104 2.46045 2.45993 2.45947 2.45908 2.45874 2.45847 2.45825 2.45808 2.45796 2.45789 2.45787 2.45788 2.45793 2.45802 2.45814 2.45828 2.45845 2.45864 2.45884 2.45907 2.4593 2.45954 
2.45298 2.45323 2.45349 2.45374 2.454 2.45426 2.45451 2.45477 2.45503 2.45528 2.45555 2.45582 2.4561 2.4564 2.45672 2.45706 2.45744 2.45785 2.45831 2.45881 2.45937 2.45999 2.46067 2.46142 2.46225 2.46314 2.46411 2.46516 2.46627 2.46746 2.46871 2.47001 2.47136 2.47276 2.47418 2.47562 2.47706 2.47849 2.4799 2.48127 2.48258 2.48382 2.48498 2.48604 2.48699 2.48783 2.48852 2.48908 2.4895 2.48976 2.48986 2.48981 2.4896 2.48925 2.48874 2.48809 2.48732 2.48641 2.4854 2.48429 2.48309 2.48182 2.4805 2.47913 2.47773 2.47632 2.47491 2.47351 2.47214 2.4708 2.46951 2.46828 2.4671 2.466 2.46496 2.464 2.46312 2.46232 2.4616 2.46095 2.46039 2.45989 2.45947 2.45912 2.45883 2.4586 2.45844 2.45832 2.45826 2.45824 2.45826 2.45833 2.45842 2.45855 2.45871 2.45889 2.45909 2.4593 2.45953 2.45977 
2.45319 2.45345 2.4537 2.45397 2.45423 2.45449 2.45476 2.45503 2.4553 2.45558 2.45586 2.45616 2.45648 2.45682 2.45719 2.4576 2.45804 2.45854 2.45908 2.45969 2.46037 2.46112 2.46196 2.46287 2.46387 2.46496 2.46614 2.46741 2.46876 2.4702 2.47171 2.47328 2.47491 2.47659 2.4783 2.48003 2.48175 2.48347 2.48515 2.48678 2.48835 2.48983 2.4912 2.49246 2.49359 2.49458 2.4954 2.49606 2.49655 2.49685 2.49697 2.4969 2.49665 2.49622 2.49562 2.49484 2.49391 2.49283 2.49162 2.49029 2.48886 2.48734 2.48576 2.48412 2.48244 2.48075 2.47906 2.47738 2.47573 2.47412 2.47256 2.47107 2.46965 2.46831 2.46706 2.46589 2.46482 2.46384 2.46295 2.46216 2.46146 2.46084 2.46031 2.45987 2.45949 2.45919 2.45896 2.45879 2.45868 2.45862 2.45861 2.45865 2.45872 2.45883 2.45897 2.45913 2.45932 2.45953 2.45976 2.45999 
2.45341 2.45366 2.45392 2.45418 2.45445 2.45472 2.455 2.45528 2.45558 2.45588 2.4562 2.45653 2.4569 2.45729 2.45772 2.4582 2.45873 2.45933 2.45999 2.46072 2.46155 2.46246 2.46347 2.46458 2.4658 2.46712 2.46855 2.47009 2.47173 2.47346 2.47528 2.47718 2.47914 2.48115 2.4832 2.48527 2.48734 2.48938 2.49138 2.49333 2.49519 2.49694 2.49858 2.50007 2.50141 2.50257 2.50354 2.50432 2.50489 2.50524 2.50538 2.50529 2.50499 2.50447 2.50375 2.50282 2.50171 2.50043 2.49899 2.4974 2.4957 2.49389 2.49199 2.49004 2.48803 2.48601 2.48398 2.48197 2.47999 2.47806 2.47619 2.47439 2.47268 2.47106 2.46954 2.46813 2.46682 2.46563 2.46455 2.46358 2.46271 2.46195 2.46129 2.46072 2.46025 2.45986 2.45955 2.45931 2.45914 2.45903 2.45898 2.45898 2.45903 2.45911 2.45923 2.45938 2.45956 2.45976 2.45997 2.46021 
2.45361 2.45386 2.45412 2.45439 2.45467 2.45495 2.45524 2.45555 2.45586 2.4562 2.45655 2.45693 2.45735 2.45781 2.45832 2.45889 2.45952 2.46023 2.46103 2.46192 2.46292 2.46403 2.46525 2.4666 2.46807 2.46967 2.4714 2.47325 2.47523 2.47731 2.4795 2.48177 2.48412 2.48653 2.48897 2.49144 2.49389 2.49632 2.4987 2.501 2.5032 2.50528 2.50721 2.50897 2.51054 2.51191 2.51305 2.51396 2.51463 2.51504 2.51519 2.51508 2.51472 2.5141 2.51324 2.51214 2.51083 2.5093 2.50759 2.50572 2.50369 2.50154 2.49929 2.49697 2.49459 2.49218 2.48976 2.48736 2.48499 2.48268 2.48044 2.47829 2.47623 2.47428 2.47245 2.47075 2.46917 2.46772 2.46641 2.46522 2.46416 2.46323 2.46241 2.46171 2.46111 2.46061 2.46021 2.45989 2.45965 2.45948 2.45938 2.45934 2.45935 2.4594 2.4595 2.45963 2.45979 2.45998 2.46019 2.46041 
2.45381 2.45406 2.45432 2.4546 2.45488 2.45518 2.45549 2.45582 2.45616 2.45653 2.45693 2.45737 2.45786 2.45839 2.45899 2.45967 2.46043 2.46128 2.46224 2.46332 2.46452 2.46586 2.46733 2.46896 2.47073 2.47266 2.47473 2.47696 2.47932 2.48181 2.48442 2.48714 2.48993 2.49279 2.49569 2.49861 2.50152 2.50439 2.5072 2.50991 2.5125 2.51494 2.5172 2.51927 2.52111 2.5227 2.52404 2.5251 2.52587 2.52634 2.52652 2.52638 2.52595 2.52522 2.5242 2.52291 2.52136 2.51956 2.51755 2.51533 2.51295 2.51041 2.50775 2.50501 2.50219 2.49934 2.49647 2.49362 2.49081 2.48806 2.4854 2.48283 2.48037 2.47804 2.47585 2.4738 2.47191 2.47016 2.46857 2.46714 2.46585 2.46471 2.46371 2.46284 2.46209 2.46147 2.46095 2.46054 2.46021 2.45997 2.45981 2.45972 2.45969 2.45971 2.45977 2.45988 2.46003 2.4602 2.4604 2.46062 
2.454 2.45425 2.45452 2.4548 2.4551 2.45541 2.45575 2.4561 2.45648 2.4569 2.45735 2.45786 2.45842 2.45905 2.45976 2.46056 2.46147 2.46249 2.46364 2.46493 2.46638 2.46798 2.46975 2.4717 2.47383 2.47613 2.47861 2.48126 2.48407 2.48704 2.49013 2.49335 2.49666 2.50003 2.50345 2.50689 2.51031 2.51368 2.51696 2.52014 2.52317 2.52602 2.52866 2.53106 2.5332 2.53506 2.53661 2.53784 2.53873 2.53927 2.53946 2.5393 2.53879 2.53793 2.53674 2.53522 2.53341 2.53131 2.52895 2.52636 2.52356 2.52058 2.51747 2.51424 2.51093 2.50758 2.5042 2.50084 2.49753 2.49428 2.49112 2.48807 2.48515 2.48239 2.47978 2.47734 2.47507 2.47298 2.47108 2.46935 2.46779 2.46641 2.46519 2.46413 2.46322 2.46244 2.46179 2.46126 2.46084 2.46052 2.46028 2.46013 2.46005 2.46003 2.46006 2.46014 2.46026 2.46042 2.4606 2.46081 
2.45419 2.45444 2.45471 2.45501 2.45532 2.45565 2.45601 2.4564 2.45682 2.45729 2.45781 2.45839 2.45905 2.45979 2.46063 2.46158 2.46266 2.46388 2.46525 2.4668 2.46852 2.47044 2.47256 2.47488 2.47741 2.48014 2.48309 2.48623 2.48955 2.49305 2.4967 2.50048 2.50437 2.50833 2.51234 2.51635 2.52034 2.52427 2.5281 2.53179 2.5353 2.53861 2.54167 2.54445 2.54692 2.54907 2.55085 2.55226 2.55329 2.55391 2.55412 2.55393 2.55332 2.55232 2.55094 2.54918 2.54707 2.54463 2.54188 2.53887 2.53561 2.53215 2.52852 2.52476 2.5209 2.51697 2.51303 2.50909 2.5052 2.50139 2.49767 2.49408 2.49065 2.48738 2.48429 2.4814 2.47871 2.47623 2.47395 2.47189 2.47003 2.46837 2.4669 2.46561 2.4645 2.46354 2.46274 2.46208 2.46154 2.46112 2.4608 2.46058 2.46043 2.46036 2.46036 2.46041 2.4605 2.46064 2.46081 2.46101 
2.45438 2.45463 2.45491 2.45521 2.45554 2.4559 2.45629 2.45672 2.45719 2.45772 2.45832 2.45899 2.45976 2.46063 2.46162 2.46274 2.46402 2.46547 2.46711 2.46895 2.47099 2.47327 2.47578 2.47853 2.48152 2.48475 2.48822 2.49191 2.49582 2.49992 2.50419 2.50861 2.51314 2.51776 2.52242 2.52708 2.5317 2.53625 2.54067 2.54493 2.54899 2.55279 2.55631 2.55951 2.56235 2.5648 2.56685 2.56846 2.56962 2.57033 2.57057 2.57033 2.56964 2.56848 2.56688 2.56485 2.56241 2.5596 2.55643 2.55295 2.54919 2.54519 2.54099 2.53663 2.53216 2.52761 2.52302 2.51844 2.51391 2.50946 2.50512 2.50093 2.4969 2.49307 2.48944 2.48604 2.48286 2.47993 2.47724 2.47479 2.47258 2.4706 2.46884 2.4673 2.46595 2.4648 2.46382 2.463 2.46233 2.46179 2.46138 2.46107 2.46086 2.46073 2.46067 2.46068 2.46075 2.46086 2.46102 2.46121 
2.45457 2.45482 2.45511 2.45542 2.45577 2.45616 2.45659 2.45706 2.4576 2.4582 2.45889 2.45967 2.46056 2.46158 2.46274 2.46407 2.46559 2.4673 2.46923 2.4714 2.47382 2.4765 2.47946 2.48269 2.4862 2.48999 2.49405 2.49837 2.50293 2.5077 2.51267 2.5178 2.52305 2.52838 2.53376 2.53914 2.54446 2.54969 2.55476 2.55965 2.56429 2.56864 2.57265 2.5763 2.57953 2.58233 2.58465 2.58648 2.5878 2.5886 2.58886 2.58858 2.58778 2.58645 2.58462 2.58229 2.57951 2.57628 2.57266 2.56867 2.56436 2.55977 2.55495 2.54993 2.54478 2.53954 2.53425 2.52896 2.52372 2.51857 2.51353 2.50866 2.50398 2.49951 2.49528 2.4913 2.48758 2.48414 2.48098 2.47809 2.47548 2.47314 2.47105 2.46921 2.46761 2.46622 2.46503 2.46404 2.46321 2.46254 2.46201 2.46161 2.46132 2.46112 2.46101 2.46098 2.46101 2.4611 2.46123 2.46141 
2.45477 2.45502 2.45531 2.45564 2.45601 2.45643 2.4569 2.45744 2.45804 2.45873 2.45952 2.46043 2.46147 2.46266 2.46402 2.46559 2.46736 2.46938 2.47165 2.4742 2.47704 2.48018 2.48364 2.48742 2.49152 2.49593 2.50065 2.50566 2.51094 2.51646 2.52219 2.5281 2.53414 2.54027 2.54643 2.55258 2.55867 2.56463 2.57042 2.57597 2.58125 2.58618 2.59074 2.59487 2.59853 2.60168 2.60431 2.60637 2.60785 2.60874 2.60903 2.60871 2.60779 2.60628 2.60419 2.60155 2.59839 2.59473 2.59061 2.58607 2.58117 2.57594 2.57043 2.56471 2.55882 2.55283 2.54677 2.5407 2.53468 2.52875 2.52295 2.51733 2.51192 2.50675 2.50184 2.49722 2.4929 2.48889 2.4852 2.48183 2.47876 2.47601 2.47355 2.47138 2.46947 2.46782 2.4664 2.4652 2.4642 2.46338 2.46272 2.46221 2.46182 2.46155 2.46138 2.46129 2.46128 2.46134 2.46145 2.46161 
2.45498 2.45523 2.45553 2.45587 2.45627 2.45673 2.45725 2.45785 2.45854 2.45933 2.46023 2.46128 2.46249 2.46388 2.46547 2.4673 2.46938 2.47174 2.47439 2.47737 2.48068 2.48434 2.48836 2.49274 2.49749 2.5026 2.50804 2.51382 2.51989 2.52623 2.5328 2.53956 2.54646 2.55345 2.56047 2.56746 2.57436 2.58112 2.58767 2.59394 2.59989 2.60545 2.61058 2.61522 2.61933 2.62287 2.62581 2.62812 2.62978 2.63077 2.63108 2.63071 2.62967 2.62797 2.62561 2.62264 2.61907 2.61494 2.61029 2.60517 2.59963 2.59371 2.58749 2.581 2.57432 2.5675 2.56061 2.5537 2.54683 2.54006 2.53343 2.52699 2.52077 2.51483 2.50918 2.50385 2.49886 2.49422 2.48994 2.48602 2.48245 2.47924 2.47637 2.47382 2.47158 2.46963 2.46795 2.46651 2.46531 2.46432 2.46351 2.46287 2.46238 2.46202 2.46178 2.46163 2.46158 2.4616 2.46168 2.46183 
2.45519 2.45544 2.45575 2.45612 2.45655 2.45705 2.45763 2.45831 2.45908 2.45999 2.46103 2.46224 2.46364 2.46525 2.46711 2.46923 2.47165 2.47439 2.47748 2.48093 2.48476 2.489 2.49364 2.4987 2.50416 2.51003 2.51628 2.52289 2.52982 2.53706 2.54454 2.55222 2.56005 2.56796 2.57589 2.58378 2.59156 2.59916 2.60651 2.61356 2.62022 2.62644 2.63217 2.63735 2.64194 2.64588 2.64915 2.65172 2.65356 2.65465 2.65499 2.65457 2.6534 2.65149 2.64886 2.64553 2.64154 2.63692 2.63171 2.62597 2.61975 2.61311 2.60611 2.59881 2.59129 2.5836 2.57581 2.56799 2.56021 2.55252 2.54499 2.53765 2.53057 2.52378 2.51732 2.51122 2.50549 2.50015 2.49522 2.4907 2.48658 2.48285 2.47952 2.47655 2.47393 2.47165 2.46967 2.46798 2.46655 2.46536 2.46439 2.46361 2.463 2.46254 2.46221 2.462 2.46189 2.46187 2.46193 2.46205 
2.45542 2.45567 2.45599 2.45638 2.45685 2.45741 2.45805 2.45881 2.45969 2.46072 2.46192 2.46332 2.46493 2.4668 2.46895 2.4714 2.4742 2.47737 2.48093 2.48491 2.48932 2.49419 2.49952 2.50531 2.51156 2.51826 2.52537 2.53289 2.54076 2.54896 2.55742 2.56608 2.5749 2.5838 2.5927 2.60155 2.61025 2.61874 2.62695 2.63479 2.6422 2.64912 2.65548 2.66122 2.6663 2.67066 2.67428 2.67711 2.67913 2.68033 2.6807 2.68023 2.67893 2.67681 2.67388 2.67019 2.66575 2.66061 2.65483 2.64844 2.64151 2.63411 2.62629 2.61814 2.60972 2.6011 2.59236 2.58358 2.57482 2.56615 2.55765 2.54936 2.54134 2.53363 2.52629 2.51934 2.51281 2.50672 2.50108 2.49589 2.49115 2.48687 2.48302 2.47959 2.47655 2.4739 2.47159 2.46961 2.46793 2.46653 2.46537 2.46442 2.46368 2.46311 2.46269 2.4624 2.46223 2.46216 2.46219 2.46229 
2.45566 2.45592 2.45625 2.45667 2.45718 2.45779 2.45852 2.45937 2.46037 2.46155 2.46292 2.46452 2.46638 2.46852 2.47099 2.47382 2.47704 2.48068 2.48476 2.48932 2.49438 2.49994 2.50602 2.51261 2.51971 2.5273 2.53535 2.54384 2.55272 2.56194 2.57144 2.58116 2.59102 2.60096 2.61089 2.62074 2.63041 2.63983 2.64892 2.6576 2.66579 2.67342 2.68043 2.68675 2.69233 2.69712 2.70109 2.7042 2.70641 2.70772 2.70812 2.70759 2.70615 2.70381 2.70059 2.69652 2.69163 2.68596 2.67957 2.67252 2.66486 2.65666 2.648 2.63895 2.62958 2.61999 2.61026 2.60045 2.59066 2.58096 2.57141 2.5621 2.55308 2.54439 2.5361 2.52824 2.52084 2.51393 2.50751 2.5016 2.4962 2.4913 2.48689 2.48295 2.47946 2.47639 2.47372 2.47142 2.46947 2.46782 2.46644 2.46533 2.46443 2.46373 2.46321 2.46284 2.4626 2.46248 2.46247 2.46255 
2.45593 2.45618 2.45653 2.45698 2.45754 2.45822 2.45903 2.45999 2.46112 2.46246 2.46403 2.46586 2.46798 2.47044 2.47327 2.4765 2.48018 2.48434 2.489 2.49419 2.49994 2.50625 2.51314 2.52059 2.5286 2.53715 2.54621 2.55574 2.56568 2.57599 2.58659 2.59742 2.60838 2.61941 2.63041 2.6413 2.65198 2.66236 2.67236 2.6819 2.69089 2.69925 2.70692 2.71383 2.71992 2.72516 2.72948 2.73286 2.73527 2.73669 2.73712 2.73654 2.73496 2.7324 2.72887 2.72442 2.71906 2.71286 2.70586 2.69812 2.6897 2.68069 2.67115 2.66117 2.65084 2.64024 2.62945 2.61858 2.6077 2.59691 2.58628 2.57588 2.56579 2.55606 2.54676 2.53793 2.5296 2.5218 2.51455 2.50786 2.50173 2.49617 2.49114 2.48664 2.48265 2.47914 2.47607 2.47342 2.47115 2.46924 2.46764 2.46632 2.46526 2.46442 2.46378 2.46331 2.463 2.46283 2.46277 2.46283 
2.45621 2.45647 2.45684 2.45733 2.45794 2.45869 2.45959 2.46067 2.46196 2.46347 2.46525 2.46733 2.46975 2.47256 2.47578 2.47946 2.48364 2.48836 2.49364 2.49952 2.50602 2.51314 2.52089 2.52927 2.53825 2.54783 2.55795 2.56857 2.57964 2.59109 2.60284 2.61482 2.62694 2.63909 2.6512 2.66316 2.67487 2.68624 2.69717 2.70758 2.71738 2.72648 2.73482 2.74232 2.74894 2.75461 2.75929 2.76295 2.76555 2.76709 2.76754 2.7669 2.76519 2.7624 2.75858 2.75374 2.74792 2.74117 2.73355 2.72511 2.71594 2.70609 2.69566 2.68473 2.6734 2.66175 2.64989 2.63791 2.62591 2.61398 2.6022 2.59067 2.57945 2.56863 2.55826 2.54839 2.53907 2.53032 2.52218 2.51466 2.50775 2.50147 2.49578 2.49068 2.48615 2.48215 2.47865 2.47561 2.47301 2.4708 2.46894 2.46741 2.46616 2.46517 2.4644 2.46384 2.46344 2.4632 2.4631 2.46313 
2.45652 2.45678 2.45717 2.4577 2.45837 2.4592 2.46021 2.46142 2.46287 2.46458 2.4666 2.46896 2.4717 2.47488 2.47853 2.48269 2.48742 2.49274 2.4987 2.50531 2.51261 2.52059 2.52927 2.53862 2.54864 2.5593 2.57054 2.58231 2.59455 2.60719 2.62014 2.63331 2.64661 2.65993 2.67317 2.68622 2.69898 2.71135 2.72322 2.73451 2.74512 2.75496 2.76397 2.77207 2.7792 2.7853 2.79034 2.79427 2.79707 2.79871 2.79919 2.7985 2.79665 2.79365 2.78953 2.7843 2.77802 2.77074 2.7625 2.75337 2.74342 2.73274 2.72141 2.70952 2.69717 2.68446 2.6715 2.65838 2.64521 2.6321 2.61914 2.60642 2.59404 2.58206 2.57057 2.55961 2.54924 2.5395 2.53041 2.522 2.51426 2.5072 2.50081 2.49507 2.48995 2.48542 2.48145 2.478 2.47503 2.4725 2.47037 2.4686 2.46715 2.46599 2.46509 2.4644 2.46392 2.46361 2.46346 2.46346 
2.45686 2.45712 2.45753 2.4581 2.45884 2.45976 2.46089 2.46225 2.46387 2.4658 2.46807 2.47073 2.47383 2.47741 2.48152 2.4862 2.49152 2.49749 2.50416 2.51156 2.51971 2.5286 2.53825 2.54864 2.55975 2.57153 2.58394 2.59691 2.61037 2.62423 2.63842 2.65281 2.66731 2.68181 2.6962 2.71036 2.72418 2.73755 2.75037 2.76253 2.77394 2.78452 2.79419 2.80287 2.8105 2.81703 2.82242 2.82662 2.8296 2.83136 2.83186 2.83113 2.82914 2.82593 2.82151 2.81592 2.80919 2.80137 2.79252 2.7827 2.772 2.76048 2.74825 2.7354 2.72202 2.70824 2.69415 2.67988 2.66553 2.65121 2.63703 2.62309 2.6095 2.59632 2.58366 2.57156 2.56009 2.5493 2.53922 2.52986 2.52125 2.51337 2.50623 2.49979 2.49405 2.48896 2.48448 2.48058 2.47722 2.47435 2.47192 2.46989 2.46823 2.46689 2.46583 2.46502 2.46444 2.46406 2.46385 2.46381 
2.45722 2.45749 2.45793 2.45855 2.45935 2.46037 2.46162 2.46314 2.46496 2.46712 2.46967 2.47266 2.47613 2.48014 2.48475 2.48999 2.49593 2.5026 2.51003 2.51826 2.5273 2.53715 2.54783 2.5593 2.57153 2.58448 2.59809 2.6123 2.62701 2.64214 2.65757 2.67321 2.68894 2.70463 2.72017 2.73544 2.75031 2.76468 2.77842 2.79145 2.80366 2.81495 2.82526 2.83451 2.84263 2.84958 2.8553 2.85975 2.86292 2.86478 2.86532 2.86453 2.86242 2.85901 2.85431 2.84836 2.84119 2.83286 2.82341 2.81293 2.80148 2.78914 2.77602 2.76221 2.74782 2.73296 2.71775 2.7023 2.68675 2.6712 2.65578 2.6406 2.62576 2.61135 2.59747 2.5842 2.57159 2.5597 2.54858 2.53824 2.5287 2.51996 2.51202 2.50486 2.49845 2.49275 2.48774 2.48337 2.47958 2.47634 2.47359 2.47129 2.46939 2.46785 2.46663 2.46569 2.465 2.46453 2.46427 2.4642 
2.45761 2.45789 2.45836 2.45903 2.45991 2.46103 2.46242 2.46411 2.46614 2.46855 2.4714 2.47473 2.47861 2.48309 2.48822 2.49405 2.50065 2.50804 2.51628 2.52537 2.53535 2.54621 2.55795 2.57054 2.58394 2.59809 2.61295 2.62841 2.6444 2.6608 2.67751 2.6944 2.71136 2.72824 2.74493 2.76129 2.7772 2.79255 2.80721 2.82107 2.83405 2.84604 2.85697 2.86676 2.87535 2.88269 2.88873 2.89343 2.89677 2.89873 2.8993 2.89847 2.89625 2.89264 2.88768 2.88139 2.8738 2.86498 2.85496 2.84383 2.83166 2.81853 2.80453 2.78978 2.77439 2.75846 2.74213 2.72552 2.70876 2.69198 2.6753 2.65885 2.64274 2.62708 2.61196 2.59747 2.58369 2.57066 2.55845 2.54709 2.53658 2.52694 2.51817 2.51024 2.50313 2.49681 2.49123 2.48634 2.48211 2.47848 2.47539 2.47279 2.47064 2.46889 2.46749 2.46641 2.4656 2.46505 2.46472 2.46461 
2.45803 2.45831 2.45881 2.45954 2.46051 2.46175 2.46328 2.46516 2.46741 2.47009 2.47325 2.47696 2.48126 2.48623 2.49191 2.49837 2.50566 2.51382 2.52289 2.53289 2.54384 2.55574 2.56857 2.58231 2.59691 2.6123 2.62841 2.64516 2.66243 2.68012 2.69811 2.71625 2.73442 2.75249 2.77031 2.78774 2.80467 2.82097 2.8365 2.85118 2.86489 2.87754 2.88906 2.89937 2.9084 2.91611 2.92245 2.92739 2.93089 2.93295 2.93354 2.93268 2.93034 2.92657 2.92136 2.91475 2.90678 2.89748 2.88693 2.87519 2.86232 2.84842 2.83359 2.81793 2.80155 2.78458 2.76715 2.74938 2.73143 2.71341 2.69548 2.67775 2.66036 2.64342 2.62703 2.61131 2.59632 2.58213 2.56881 2.55638 2.54487 2.5343 2.52466 2.51593 2.50809 2.5011 2.49492 2.4895 2.4848 2.48075 2.4773 2.47439 2.47197 2.47 2.46841 2.46717 2.46625 2.4656 2.46521 2.46505 
2.45848 2.45877 2.45931 2.46009 2.46115 2.46251 2.46421 2.46627 2.46876 2.47173 2.47523 2.47932 2.48407 2.48955 2.49582 2.50293 2.51094 2.51989 2.52982 2.54076 2.55272 2.56568 2.57964 2.59455 2.61037 2.62701 2.6444 2.66243 2.681 2.69997 2.71922 2.73861 2.75798 2.7772 2.79612 2.81461 2.83252 2.84972 2.8661 2.88155 2.89596 2.90923 2.9213 2.93209 2.94153 2.94959 2.9562 2.96135 2.96501 2.96716 2.96778 2.96688 2.96445 2.96052 2.95508 2.94818 2.93985 2.93013 2.91908 2.90676 2.89324 2.87862 2.86298 2.84644 2.82912 2.81114 2.79263 2.77373 2.7546 2.73536 2.71617 2.69717 2.6785 2.66027 2.64261 2.62563 2.60942 2.59404 2.57958 2.56606 2.55353 2.54199 2.53145 2.52189 2.51329 2.50561 2.49881 2.49284 2.48764 2.48315 2.47932 2.47609 2.47339 2.47117 2.46939 2.46799 2.46694 2.46619 2.46573 2.46553 
2.45896 2.45926 2.45983 2.46068 2.46184 2.46333 2.46519 2.46746 2.4702 2.47346 2.47731 2.48181 2.48704 2.49305 2.49992 2.5077 2.51646 2.52623 2.53706 2.54896 2.56194 2.57599 2.59109 2.60719 2.62423 2.64214 2.6608 2.68012 2.69997 2.72022 2.74072 2.76131 2.78186 2.80221 2.8222 2.84168 2.86053 2.8786 2.89578 2.91195 2.927 2.94086 2.95344 2.96466 2.97448 2.98285 2.98972 2.99507 2.99886 3.00109 3.00174 3.00081 2.9983 2.99423 2.9886 2.98144 2.97278 2.96267 2.95116 2.9383 2.92418 2.90888 2.89249 2.87512 2.85689 2.83794 2.81839 2.7984 2.77811 2.75768 2.73725 2.71699 2.69704 2.67753 2.6586 2.64036 2.6229 2.60633 2.59071 2.57609 2.5625 2.54998 2.53851 2.5281 2.51872 2.51032 2.50288 2.49633 2.49061 2.48568 2.48145 2.47787 2.47488 2.47242 2.47042 2.46885 2.46766 2.46681 2.46628 2.46603 
2.45947 2.45978 2.46039 2.46131 2.46256 2.46419 2.46622 2.46871 2.47171 2.47528 2.4795 2.48442 2.49013 2.4967 2.50419 2.51267 2.52219 2.5328 2.54454 2.55742 2.57144 2.58659 2.60284 2.62014 2.63842 2.65757 2.67751 2.69811 2.71922 2.74072 2.76243 2.78421 2.8059 2.82732 2.84833 2.86877 2.8885 2.90739 2.92531 2.94215 2.9578 2.97218 2.98522 2.99685 3.00701 3.01565 3.02275 3.02827 3.03219 3.03449 3.03517 3.03422 3.03164 3.02744 3.02164 3.01425 3.00531 2.99485 2.98293 2.96959 2.95491 2.93898 2.92189 2.90374 2.88467 2.86479 2.84425 2.8232 2.8018 2.7802 2.75858 2.73708 2.71587 2.69509 2.67489 2.65539 2.6367 2.61892 2.60213 2.58639 2.57174 2.55821 2.54581 2.53452 2.52434 2.51521 2.5071 2.49996 2.49371 2.48831 2.48367 2.47974 2.47644 2.47372 2.47151 2.46976 2.46843 2.46747 2.46686 2.46656 
2.46001 2.46032 2.46097 2.46196 2.46332 2.46509 2.4673 2.47001 2.47328 2.47718 2.48177 2.48714 2.49335 2.50048 2.50861 2.5178 2.5281 2.53956 2.55222 2.56608 2.58116 2.59742 2.61482 2.63331 2.65281 2.67321 2.6944 2.71625 2.73861 2.76131 2.78421 2.80713 2.8299 2.85236 2.87433 2.89567 2.91623 2.93587 2.95447 2.97192 2.98811 3.00297 3.01642 3.0284 3.03885 3.04774 3.05504 3.06071 3.06473 3.06711 3.06781 3.06685 3.06421 3.05992 3.05397 3.04639 3.0372 3.02644 3.01415 3.00039 2.98521 2.96871 2.95098 2.93211 2.91224 2.89149 2.87001 2.84796 2.82549 2.80278 2.77998 2.75728 2.73484 2.71282 2.69136 2.67061 2.6507 2.63171 2.61376 2.59689 2.58118 2.56664 2.55328 2.54112 2.53012 2.52025 2.51146 2.50371 2.49692 2.49103 2.48597 2.48167 2.47806 2.47507 2.47264 2.47071 2.46923 2.46816 2.46746 2.46712 
2.46056 2.46089 2.46158 2.46264 2.46411 2.46602 2.46842 2.47136 2.47491 2.47914 2.48412 2.48993 2.49666 2.50437 2.51314 2.52305 2.53414 2.54646 2.56005 2.5749 2.59102 2.60838 2.62694 2.64661 2.66731 2.68894 2.71136 2.73442 2.75798 2.78186 2.8059 2.8299 2.85371 2.87713 2.90001 2.92219 2.94351 2.96384 2.98306 3.00105 3.01773 3.03301 3.04682 3.0591 3.06981 3.0789 3.08636 3.09216 3.09628 3.09871 3.09944 3.09847 3.0958 3.09142 3.08536 3.07762 3.06823 3.05721 3.04461 3.03047 3.01486 2.99785 2.97953 2.96001 2.93941 2.91786 2.8955 2.8725 2.84902 2.82523 2.80132 2.77746 2.75382 2.73058 2.70791 2.68593 2.6648 2.64463 2.62551 2.60753 2.59075 2.57519 2.56089 2.54784 2.53601 2.52539 2.51592 2.50754 2.5002 2.49383 2.48834 2.48366 2.47973 2.47647 2.4738 2.47169 2.47006 2.46887 2.4681 2.4677 
2.46114 2.46147 2.46221 2.46335 2.46493 2.46699 2.46958 2.47276 2.47659 2.48115 2.48653 2.49279 2.50003 2.50833 2.51776 2.52838 2.54027 2.55345 2.56796 2.5838 2.60096 2.61941 2.63909 2.65993 2.68181 2.70463 2.72824 2.75249 2.7772 2.80221 2.82732 2.85236 2.87713 2.90146 2.92518 2.94813 2.97014 2.9911 3.01087 3.02935 3.04645 3.06208 3.0762 3.08873 3.09965 3.10892 3.11652 3.12242 3.12662 3.1291 3.12985 3.12888 3.12618 3.12175 3.1156 3.10774 3.09819 3.08696 3.0741 3.05964 3.04365 3.02619 3.00736 2.98725 2.96599 2.9437 2.92053 2.89664 2.87221 2.84741 2.82243 2.79746 2.77268 2.74826 2.72439 2.70123 2.67891 2.65757 2.63731 2.61823 2.60038 2.58382 2.56857 2.55463 2.54198 2.5306 2.52044 2.51145 2.50355 2.49668 2.49075 2.4857 2.48144 2.4779 2.475 2.47269 2.47091 2.46961 2.46875 2.4683 
2.46173 2.46208 2.46285 2.46407 2.46577 2.46798 2.47076 2.47418 2.4783 2.4832 2.48897 2.49569 2.50345 2.51234 2.52242 2.53376 2.54643 2.56047 2.57589 2.5927 2.61089 2.63041 2.6512 2.67317 2.6962 2.72017 2.74493 2.77031 2.79612 2.8222 2.84833 2.87433 2.90001 2.92518 2.94967 2.97331 2.99595 3.01746 3.03772 3.05662 3.07407 3.09002 3.10438 3.11713 3.12822 3.13762 3.14533 3.15131 3.15557 3.15809 3.15887 3.1579 3.15519 3.15073 3.14452 3.13657 3.12689 3.1155 3.10242 3.08771 3.0714 3.05356 3.03428 3.01365 2.99179 2.96883 2.94492 2.92022 2.8949 2.86915 2.84317 2.81714 2.79126 2.76572 2.7407 2.71638 2.69291 2.67043 2.64906 2.6289 2.61001 2.59246 2.57626 2.56144 2.54798 2.53585 2.525 2.51539 2.50693 2.49956 2.4932 2.48776 2.48317 2.47935 2.47622 2.47372 2.47178 2.47036 2.46941 2.46891 
2.46232 2.46269 2.46351 2.46481 2.46662 2.46898 2.47196 2.47562 2.48003 2.48527 2.49144 2.49861 2.50689 2.51635 2.52708 2.53914 2.55258 2.56746 2.58378 2.60155 2.62074 2.6413 2.66316 2.68622 2.71036 2.73544 2.76129 2.78774 2.81461 2.84168 2.86877 2.89567 2.92219 2.94813 2.97331 2.99758 3.02077 3.04277 3.06344 3.0827 3.10046 3.11664 3.13121 3.14412 3.15534 3.16485 3.17263 3.17867 3.18298 3.18553 3.18634 3.18538 3.18267 3.17819 3.17194 3.16394 3.15417 3.14266 3.12943 3.11451 3.09794 3.07978 3.06012 3.03904 3.01665 2.9931 2.96851 2.94306 2.91693 2.8903 2.86337 2.83635 2.80943 2.78282 2.75671 2.73128 2.7067 2.68312 2.66067 2.63945 2.61955 2.60102 2.58391 2.56822 2.55396 2.54108 2.52956 2.51932 2.51031 2.50245 2.49565 2.48984 2.48492 2.48082 2.47745 2.47475 2.47266 2.47112 2.47009 2.46954 
2.46293 2.4633 2.46417 2.46555 2.46747 2.46999 2.47317 2.47706 2.48175 2.48734 2.49389 2.50152 2.51031 2.52034 2.5317 2.54446 2.55867 2.57436 2.59156 2.61025 2.63041 2.65198 2.67487 2.69898 2.72418 2.75031 2.7772 2.80467 2.83252 2.86053 2.8885 2.91623 2.94351 2.97014 2.99595 3.02077 3.04446 3.06687 3.0879 3.10745 3.12545 3.14183 3.15655 3.16958 3.18089 3.19046 3.1983 3.20439 3.20872 3.2113 3.21213 3.21119 3.20849 3.20401 3.19776 3.18972 3.17991 3.16832 3.15497 3.1399 3.12312 3.10471 3.08473 3.06326 3.04042 3.01633 2.99115 2.96503 2.93815 2.91071 2.88291 2.85495 2.82706 2.79944 2.77229 2.74581 2.72017 2.69553 2.67204 2.6498 2.62892 2.60945 2.59144 2.57491 2.55986 2.54626 2.53407 2.52323 2.51367 2.50532 2.4981 2.4919 2.48666 2.48228 2.47868 2.47579 2.47354 2.47188 2.47077 2.47017 
2.46353 2.46392 2.46483 2.46629 2.46833 2.471 2.47436 2.47849 2.48347 2.48938 2.49632 2.50439 2.51368 2.52427 2.53625 2.54969 2.56463 2.58112 2.59916 2.61874 2.63983 2.66236 2.68624 2.71135 2.73755 2.76468 2.79255 2.82097 2.84972 2.8786 2.90739 2.93587 2.96384 2.9911 3.01746 3.04277 3.06687 3.08963 3.11096 3.13074 3.14893 3.16546 3.18029 3.1934 3.20476 3.21438 3.22224 3.22835 3.23271 3.23531 3.23615 3.23524 3.23255 3.22809 3.22185 3.21382 3.20399 3.19236 3.17894 3.16376 3.14683 3.12822 3.10797 3.08618 3.06296 3.03841 3.01269 2.98597 2.95842 2.93024 2.90163 2.87282 2.84402 2.81546 2.78733 2.75986 2.73321 2.70757 2.68308 2.65987 2.63804 2.61767 2.5988 2.58146 2.56564 2.55133 2.53849 2.52707 2.51698 2.50815 2.50051 2.49395 2.48838 2.48373 2.4799 2.47682 2.47442 2.47264 2.47145 2.47079 
2.46413 2.46453 2.46549 2.46702 2.46917 2.47199 2.47554 2.4799 2.48515 2.49138 2.4987 2.5072 2.51696 2.5281 2.54067 2.55476 2.57042 2.58767 2.60651 2.62695 2.64892 2.67236 2.69717 2.72322 2.75037 2.77842 2.80721 2.8365 2.8661 2.89578 2.92531 2.95447 2.98306 3.01087 3.03772 3.06344 3.0879 3.11096 3.13251 3.15249 3.17081 3.18744 3.20234 3.21549 3.22688 3.23652 3.24439 3.25051 3.25487 3.25748 3.25835 3.25745 3.2548 3.25037 3.24416 3.23615 3.22633 3.21469 3.20124 3.18599 3.16896 3.1502 3.12975 3.1077 3.08414 3.0592 3.03302 3.00576 2.97761 2.94876 2.91943 2.88983 2.8602 2.83075 2.80172 2.77331 2.74572 2.71913 2.69371 2.66957 2.64685 2.62561 2.60591 2.58779 2.57125 2.55626 2.5428 2.5308 2.5202 2.51091 2.50286 2.49594 2.49007 2.48515 2.48109 2.47783 2.47528 2.47339 2.47211 2.47141 
2.46471 2.46513 2.46612 2.46773 2.46999 2.47295 2.47669 2.48127 2.48678 2.49333 2.501 2.50991 2.52014 2.53179 2.54493 2.55965 2.57597 2.59394 2.61356 2.63479 2.6576 2.6819 2.70758 2.73451 2.76253 2.79145 2.82107 2.85118 2.88155 2.91195 2.94215 2.97192 3.00105 3.02935 3.05662 3.0827 3.10745 3.13074 3.15249 3.1726 3.19102 3.20771 3.22264 3.23581 3.2472 3.25683 3.26469 3.2708 3.27516 3.27779 3.27867 3.2778 3.27518 3.27079 3.26463 3.25666 3.24687 3.23526 3.22181 3.20653 3.18944 3.17056 3.14996 3.1277 3.10387 3.0786 3.05202 3.0243 2.99561 2.96616 2.93617 2.90586 2.87546 2.84521 2.81534 2.78607 2.7576 2.73013 2.70382 2.67883 2.65525 2.6332 2.61272 2.59386 2.57662 2.56099 2.54693 2.53439 2.5233 2.51358 2.50513 2.49787 2.4917 2.48652 2.48225 2.47881 2.47612 2.47412 2.47276 2.47202 
2.46528 2.4657 2.46674 2.46842 2.47078 2.47388 2.47779 2.48258 2.48835 2.49519 2.5032 2.5125 2.52317 2.5353 2.54899 2.56429 2.58125 2.59989 2.62022 2.6422 2.66579 2.69089 2.71738 2.74512 2.77394 2.80366 2.83405 2.86489 2.89596 2.927 2.9578 2.98811 3.01773 3.04645 3.07407 3.10046 3.12545 3.14893 3.17081 3.19102 3.2095 3.22622 3.24116 3.25432 3.26569 3.27529 3.28313 3.28922 3.29358 3.2962 3.2971 3.29626 3.29368 3.28934 3.28323 3.27532 3.26558 3.25401 3.24059 3.22531 3.20819 3.18925 3.16854 3.14612 3.12207 3.09652 3.0696 3.04148 3.01232 2.98235 2.95177 2.92081 2.88972 2.85874 2.8281 2.79804 2.76876 2.74047 2.71335 2.68755 2.66319 2.64037 2.61917 2.59961 2.58172 2.56549 2.55087 2.53781 2.52626 2.51612 2.5073 2.49971 2.49326 2.48784 2.48336 2.47975 2.47693 2.47482 2.47339 2.4726 
2.46581 2.46625 2.46733 2.46908 2.47154 2.47476 2.47883 2.48382 2.48983 2.49694 2.50528 2.51494 2.52602 2.53861 2.55279 2.56864 2.58618 2.60545 2.62644 2.64912 2.67342 2.69925 2.72648 2.75496 2.78452 2.81495 2.84604 2.87754 2.90923 2.94086 2.97218 3.00297 3.03301 3.06208 3.09002 3.11664 3.14183 3.16546 3.18744 3.20771 3.22622 3.24294 3.25787 3.27099 3.28233 3.29189 3.2997 3.30577 3.31011 3.31273 3.31364 3.31283 3.31029 3.30601 3.29996 3.29212 3.28245 3.27094 3.25756 3.24231 3.22519 3.20621 3.18543 3.16288 3.13867 3.11289 3.08569 3.05721 3.02766 2.99722 2.96612 2.93459 2.90288 2.87124 2.83991 2.80912 2.77911 2.75008 2.72221 2.69567 2.67058 2.64707 2.62519 2.60499 2.5865 2.5697 2.55456 2.54103 2.52904 2.51851 2.50934 2.50145 2.49473 2.48908 2.48442 2.48064 2.47769 2.47549 2.47399 2.47315 
2.46631 2.46676 2.46788 2.46969 2.47224 2.47559 2.47981 2.48498 2.4912 2.49858 2.50721 2.5172 2.52866 2.54167 2.55631 2.57265 2.59074 2.61058 2.63217 2.65548 2.68043 2.70692 2.73482 2.76397 2.79419 2.82526 2.85697 2.88906 2.9213 2.95344 2.98522 3.01642 3.04682 3.0762 3.10438 3.13121 3.15655 3.18029 3.20234 3.22264 3.24116 3.25787 3.27276 3.28584 3.29713 3.30665 3.31441 3.32045 3.32477 3.32739 3.32831 3.32753 3.32504 3.32082 3.31483 3.30706 3.29747 3.28602 3.27271 3.2575 3.2404 3.22142 3.20058 3.17795 3.1536 3.12765 3.1002 3.07144 3.04154 3.01069 2.97914 2.94711 2.91486 2.88263 2.85068 2.81925 2.78857 2.75887 2.73033 2.70312 2.67738 2.65322 2.63073 2.60994 2.5909 2.57358 2.55796 2.544 2.53161 2.52072 2.51124 2.50306 2.4961 2.49024 2.4854 2.48148 2.47841 2.47611 2.47455 2.47367 
2.46678 2.46724 2.46839 2.47026 2.47289 2.47635 2.4807 2.48604 2.49246 2.50007 2.50897 2.51927 2.53106 2.54445 2.55951 2.5763 2.59487 2.61522 2.63735 2.66122 2.68675 2.71383 2.74232 2.77207 2.80287 2.83451 2.86676 2.89937 2.93209 2.96466 2.99685 3.0284 3.0591 3.08873 3.11713 3.14412 3.16958 3.1934 3.21549 3.23581 3.25432 3.27099 3.28584 3.29888 3.31011 3.31958 3.3273 3.3333 3.3376 3.34022 3.34115 3.3404 3.33795 3.33378 3.32786 3.32017 3.31065 3.29928 3.28603 3.27088 3.25381 3.23484 3.21398 3.19129 3.16684 3.14074 3.1131 3.0841 3.0539 3.02271 2.99077 2.95831 2.92557 2.89283 2.86034 2.82834 2.79708 2.76678 2.73764 2.70983 2.68351 2.65878 2.63573 2.61443 2.59489 2.57711 2.56106 2.5467 2.53395 2.52274 2.51296 2.50454 2.49735 2.4913 2.48629 2.48224 2.47906 2.47669 2.47506 2.47415 
2.4672 2.46767 2.46885 2.47077 2.47347 2.47703 2.4815 2.48699 2.49359 2.50141 2.51054 2.52111 2.5332 2.54692 2.56235 2.57953 2.59853 2.61933 2.64194 2.6663 2.69233 2.71992 2.74894 2.7792 2.8105 2.84263 2.87535 2.9084 2.94153 2.97448 3.00701 3.03885 3.06981 3.09965 3.12822 3.15534 3.18089 3.20476 3.22688 3.2472 3.26569 3.28233 3.29713 3.31011 3.32129 3.33071 3.33839 3.34435 3.34863 3.35124 3.35219 3.35146 3.34905 3.34494 3.33908 3.33146 3.32202 3.31073 3.29754 3.28245 3.26542 3.24647 3.2256 3.20287 3.17835 3.15213 3.12434 3.09513 3.06469 3.03322 3.00094 2.96811 2.93497 2.90178 2.86882 2.83633 2.80456 2.77375 2.74408 2.71576 2.68892 2.66369 2.64017 2.6184 2.59842 2.58023 2.56381 2.5491 2.53603 2.52453 2.51451 2.50585 2.49847 2.49225 2.4871 2.48293 2.47965 2.4772 2.47553 2.47459 
2.46757 2.46804 2.46925 2.47121 2.47398 2.47762 2.48221 2.48783 2.49458 2.50257 2.51191 2.5227 2.53506 2.54907 2.5648 2.58233 2.60168 2.62287 2.64588 2.67066 2.69712 2.72516 2.75461 2.7853 2.81703 2.84958 2.88269 2.91611 2.94959 2.98285 3.01565 3.04774 3.0789 3.10892 3.13762 3.16485 3.19046 3.21438 3.23652 3.25683 3.27529 3.29189 3.30665 3.31958 3.33071 3.34008 3.34771 3.35365 3.35791 3.36051 3.36147 3.36076 3.35839 3.35432 3.34853 3.34097 3.3316 3.32037 3.30726 3.29222 3.27523 3.2563 3.23544 3.21269 3.18811 3.1618 3.13388 3.10451 3.07387 3.04216 3.00961 2.97646 2.94298 2.90943 2.87607 2.84317 2.81097 2.77971 2.74961 2.72084 2.69357 2.66792 2.64398 2.62182 2.60147 2.58293 2.56618 2.55117 2.53783 2.52609 2.51584 2.50699 2.49944 2.49307 2.4878 2.48352 2.48017 2.47766 2.47594 2.47497 
2.46788 2.46836 2.46959 2.47159 2.47442 2.47813 2.4828 2.48852 2.4954 2.50354 2.51305 2.52404 2.53661 2.55085 2.56685 2.58465 2.60431 2.62581 2.64915 2.67428 2.70109 2.72948 2.75929 2.79034 2.82242 2.8553 2.88873 2.92245 2.9562 2.98972 3.02275 3.05504 3.08636 3.11652 3.14533 3.17263 3.1983 3.22224 3.24439 3.26469 3.28313 3.2997 3.31441 3.3273 3.33839 3.34771 3.35531 3.36123 3.36547 3.36807 3.36903 3.36834 3.366 3.36198 3.35623 3.34873 3.33941 3.32825 3.31519 3.3002 3.28325 3.26434 3.24349 3.22072 3.1961 3.16972 3.14171 3.11221 3.0814 3.0495 3.01673 2.98333 2.94957 2.91572 2.88204 2.8488 2.81625 2.78464 2.75417 2.72505 2.69742 2.67141 2.64714 2.62466 2.604 2.58518 2.56816 2.5529 2.53934 2.52739 2.51696 2.50795 2.50025 2.49377 2.48839 2.48403 2.4806 2.47804 2.47628 2.47529 
2.46813 2.46862 2.46987 2.4719 2.47477 2.47853 2.48327 2.48908 2.49606 2.50432 2.51396 2.5251 2.53784 2.55226 2.56846 2.58648 2.60637 2.62812 2.65172 2.67711 2.7042 2.73286 2.76295 2.79427 2.82662 2.85975 2.89343 2.92739 2.96135 2.99507 3.02827 3.06071 3.09216 3.12242 3.15131 3.17867 3.20439 3.22835 3.25051 3.2708 3.28922 3.30577 3.32045 3.3333 3.34435 3.35365 3.36123 3.36712 3.37135 3.37395 3.37491 3.37424 3.37192 3.36793 3.36222 3.35476 3.34549 3.33437 3.32136 3.3064 3.28949 3.2706 3.24974 3.22696 3.20231 3.17588 3.14779 3.11819 3.08726 3.05521 3.02227 2.98868 2.9547 2.92062 2.88669 2.85319 2.82038 2.78849 2.75774 2.72833 2.70043 2.67416 2.64962 2.62689 2.60599 2.58694 2.56972 2.55427 2.54053 2.52842 2.51785 2.50871 2.5009 2.49432 2.48886 2.48443 2.48095 2.47835 2.47656 2.47555 
2.46832 2.46882 2.47007 2.47213 2.47503 2.47883 2.48362 2.4895 2.49655 2.50489 2.51463 2.52587 2.53873 2.55329 2.56962 2.5878 2.60785 2.62978 2.65356 2.67913 2.70641 2.73527 2.76555 2.79707 2.8296 2.86292 2.89677 2.93089 2.96501 2.99886 3.03219 3.06473 3.09628 3.12662 3.15557 3.18298 3.20872 3.23271 3.25487 3.27516 3.29358 3.31011 3.32477 3.3376 3.34863 3.35791 3.36547 3.37135 3.37558 3.37817 3.37914 3.37848 3.37618 3.37221 3.36653 3.35909 3.34986 3.33877 3.32578 3.31085 3.29395 3.27506 3.25421 3.23141 3.20673 3.18026 3.15211 3.12244 3.09142 3.05927 3.0262 2.99247 2.95835 2.9241 2.89 2.85631 2.82331 2.79122 2.76028 2.73068 2.70258 2.67612 2.6514 2.62849 2.60742 2.58822 2.57084 2.55525 2.54139 2.52917 2.51849 2.50927 2.50138 2.49473 2.48921 2.48473 2.48121 2.47858 2.47677 2.47575 
2.46845 2.46894 2.47021 2.47228 2.47519 2.47902 2.48385 2.48976 2.49685 2.50524 2.51504 2.52634 2.53927 2.55391 2.57033 2.5886 2.60874 2.63077 2.65465 2.68033 2.70772 2.73669 2.76709 2.79871 2.83136 2.86478 2.89873 2.93295 2.96716 3.00109 3.03449 3.06711 3.09871 3.1291 3.15809 3.18553 3.2113 3.23531 3.25748 3.27779 3.2962 3.31273 3.32739 3.34022 3.35124 3.36051 3.36807 3.37395 3.37817 3.38077 3.38174 3.38109 3.37879 3.37483 3.36916 3.36174 3.35251 3.34143 3.32845 3.31353 3.29663 3.27775 3.25688 3.23407 3.20936 3.18286 3.15467 3.12495 3.09388 3.06165 3.02851 2.9947 2.96048 2.92614 2.89193 2.85814 2.82503 2.79283 2.76178 2.73206 2.70385 2.67728 2.65245 2.62944 2.60828 2.58898 2.57152 2.55585 2.54192 2.52963 2.51889 2.50961 2.50168 2.49498 2.48943 2.48493 2.48138 2.47873 2.4769 2.47587 
