5.11042 5.11061 5.11086 5.11119 5.11159 5.11206 5.11261 5.11322 5.11392 5.11469 5.11554 5.11648 5.11749 5.11858 5.11976 5.12103 5.12238 5.12381 5.12533 5.12693 5.12861 5.13037 5.1322 5.13411 5.13608 5.13811 5.14018 5.14231 5.14447 5.14665 5.14885 5.15105 5.15325 5.15542 5.15757 5.15966 5.16171 5.16368 5.16556 5.16736 5.16904 5.1706 5.17204 5.17333 5.17448 5.17546 5.17628 5.17693 5.17741 5.1777 5.17782 5.17775 5.1775 5.17708 5.17648 5.17571 5.17477 5.17368 5.17244 5.17106 5.16955 5.16793 5.1662 5.16437 5.16247 5.1605 5.15847 5.1564 5.1543 5.15219 5.15007 5.14796 5.14587 5.14381 5.14179 5.13982 5.13791 5.13606 5.13429 5.13259 5.13097 5.12944 5.128 5.12666 5.1254 5.12424 5.12318 5.12221 5.12133 5.12055 5.11985 5.11925 5.11873 5.1183 5.11795 5.11768 5.11749 5.11738 5.11734 5.11738 
5.11061 5.11079 5.11105 5.11137 5.11177 5.11225 5.1128 5.11342 5.11412 5.1149 5.11575 5.11669 5.11771 5.11881 5.12 5.12127 5.12263 5.12408 5.12561 5.12722 5.12891 5.13069 5.13254 5.13446 5.13644 5.13849 5.14059 5.14273 5.1449 5.14711 5.14932 5.15155 5.15376 5.15596 5.15812 5.16024 5.1623 5.16428 5.16619 5.168 5.16969 5.17127 5.17272 5.17402 5.17518 5.17617 5.177 5.17766 5.17814 5.17843 5.17855 5.17848 5.17823 5.1778 5.1772 5.17642 5.17547 5.17437 5.17312 5.17173 5.17021 5.16857 5.16682 5.16498 5.16306 5.16107 5.15902 5.15693 5.15481 5.15268 5.15054 5.14842 5.14631 5.14423 5.14219 5.14021 5.13828 5.13641 5.13462 5.13291 5.13128 5.12974 5.12829 5.12693 5.12566 5.12449 5.12342 5.12244 5.12156 5.12076 5.12006 5.11945 5.11893 5.1185 5.11814 5.11787 5.11768 5.11756 5.11753 5.11756 
5.11086 5.11105 5.1113 5.11164 5.11204 5.11252 5.11308 5.11372 5.11443 5.11522 5.11609 5.11705 5.11809 5.11922 5.12043 5.12173 5.12312 5.1246 5.12616 5.12781 5.12955 5.13136 5.13325 5.13521 5.13725 5.13934 5.14148 5.14367 5.1459 5.14815 5.15042 5.15269 5.15496 5.1572 5.15941 5.16158 5.16368 5.16571 5.16766 5.16951 5.17124 5.17286 5.17433 5.17567 5.17685 5.17786 5.17871 5.17938 5.17986 5.18017 5.18028 5.18021 5.17996 5.17952 5.1789 5.1781 5.17713 5.17601 5.17473 5.1733 5.17175 5.17007 5.16828 5.1664 5.16443 5.1624 5.1603 5.15817 5.156 5.15382 5.15163 5.14945 5.1473 5.14517 5.14308 5.14105 5.13907 5.13717 5.13533 5.13358 5.13191 5.13033 5.12884 5.12745 5.12616 5.12496 5.12386 5.12285 5.12194 5.12113 5.12041 5.11978 5.11925 5.1188 5.11843 5.11815 5.11795 5.11783 5.11779 5.11782 
5.11119 5.11137 5.11164 5.11198 5.11239 5.11289 5.11346 5.11411 5.11485 5.11567 5.11657 5.11756 5.11864 5.1198 5.12106 5.12241 5.12385 5.12538 5.127 5.12871 5.1305 5.13238 5.13434 5.13638 5.13848 5.14065 5.14288 5.14514 5.14745 5.14979 5.15213 5.15449 5.15683 5.15916 5.16145 5.16369 5.16586 5.16797 5.16998 5.17189 5.17369 5.17535 5.17688 5.17826 5.17948 5.18053 5.1814 5.18209 5.18259 5.18291 5.18303 5.18295 5.18268 5.18223 5.18158 5.18076 5.17976 5.17859 5.17726 5.17579 5.17417 5.17244 5.17059 5.16863 5.1666 5.16449 5.16232 5.16011 5.15786 5.1556 5.15333 5.15107 5.14884 5.14663 5.14447 5.14236 5.14031 5.13833 5.13642 5.1346 5.13287 5.13123 5.12968 5.12823 5.12688 5.12563 5.12449 5.12344 5.12249 5.12164 5.12089 5.12024 5.11967 5.1192 5.11881 5.11852 5.1183 5.11817 5.11812 5.11815 
5.11159 5.11177 5.11204 5.11239 5.11282 5.11334 5.11393 5.11461 5.11538 5.11624 5.11718 5.11822 5.11934 5.12057 5.12188 5.1233 5.12481 5.12641 5.12811 5.1299 5.13179 5.13376 5.13582 5.13796 5.14016 5.14244 5.14477 5.14715 5.14957 5.15201 5.15447 5.15694 5.15939 5.16183 5.16422 5.16657 5.16885 5.17105 5.17315 5.17515 5.17703 5.17877 5.18037 5.18181 5.18308 5.18417 5.18508 5.1858 5.18633 5.18665 5.18677 5.18669 5.18641 5.18593 5.18525 5.18439 5.18334 5.18212 5.18073 5.17918 5.17749 5.17567 5.17373 5.17169 5.16955 5.16734 5.16507 5.16275 5.1604 5.15802 5.15565 5.15328 5.15093 5.14861 5.14634 5.14413 5.14197 5.13989 5.13789 5.13597 5.13415 5.13242 5.13079 5.12927 5.12784 5.12653 5.12532 5.12421 5.12321 5.12231 5.12151 5.12081 5.12021 5.11971 5.11929 5.11897 5.11874 5.11859 5.11853 5.11855 
5.11206 5.11225 5.11252 5.11289 5.11334 5.11387 5.1145 5.11522 5.11603 5.11693 5.11793 5.11902 5.12022 5.12151 5.12291 5.1244 5.126 5.1277 5.12951 5.13141 5.13341 5.1355 5.13768 5.13994 5.14228 5.14469 5.14716 5.14968 5.15224 5.15483 5.15744 5.16004 5.16264 5.16521 5.16775 5.17022 5.17263 5.17496 5.17718 5.17929 5.18127 5.18311 5.18479 5.18631 5.18765 5.1888 5.18976 5.19052 5.19107 5.1914 5.19153 5.19144 5.19114 5.19063 5.18991 5.189 5.18789 5.18659 5.18512 5.18349 5.1817 5.17978 5.17772 5.17556 5.1733 5.17096 5.16856 5.1661 5.16361 5.1611 5.15858 5.15607 5.15358 5.15112 5.14871 5.14636 5.14407 5.14186 5.13974 5.1377 5.13576 5.13392 5.13219 5.13056 5.12904 5.12764 5.12634 5.12516 5.12408 5.12312 5.12226 5.12151 5.12086 5.12032 5.11987 5.11952 5.11926 5.11909 5.11902 5.11903 
5.11261 5.1128 5.11308 5.11346 5.11393 5.1145 5.11516 5.11593 5.11679 5.11775 5.11881 5.11998 5.12125 5.12264 5.12413 5.12573 5.12744 5.12926 5.13119 5.13322 5.13536 5.1376 5.13993 5.14235 5.14485 5.14742 5.15006 5.15275 5.15549 5.15825 5.16103 5.16381 5.16658 5.16932 5.17202 5.17466 5.17722 5.1797 5.18206 5.1843 5.18641 5.18836 5.19015 5.19176 5.19319 5.19441 5.19543 5.19623 5.19681 5.19717 5.1973 5.1972 5.19688 5.19633 5.19556 5.19458 5.1934 5.19202 5.19045 5.18871 5.1868 5.18475 5.18256 5.18026 5.17785 5.17535 5.17278 5.17016 5.1675 5.16482 5.16213 5.15945 5.15679 5.15416 5.15158 5.14906 5.14662 5.14425 5.14197 5.13978 5.1377 5.13573 5.13386 5.13211 5.13048 5.12896 5.12757 5.12629 5.12513 5.12409 5.12316 5.12234 5.12163 5.12103 5.12054 5.12015 5.11986 5.11967 5.11958 5.11958 
5.11322 5.11342 5.11372 5.11411 5.11461 5.11522 5.11593 5.11674 5.11766 5.11869 5.11983 5.12109 5.12246 5.12395 5.12555 5.12728 5.12912 5.13108 5.13316 5.13535 5.13765 5.14006 5.14257 5.14517 5.14787 5.15063 5.15347 5.15636 5.1593 5.16227 5.16525 5.16824 5.17121 5.17415 5.17704 5.17987 5.18262 5.18527 5.1878 5.1902 5.19245 5.19454 5.19645 5.19818 5.19969 5.201 5.20208 5.20294 5.20356 5.20393 5.20407 5.20396 5.20361 5.20302 5.2022 5.20115 5.19988 5.19839 5.19671 5.19484 5.1928 5.1906 5.18825 5.18577 5.18319 5.18051 5.17775 5.17494 5.17208 5.16919 5.1663 5.16342 5.16055 5.15773 5.15495 5.15224 5.1496 5.14705 5.14459 5.14223 5.13998 5.13784 5.13582 5.13393 5.13216 5.13051 5.129 5.12761 5.12634 5.1252 5.12419 5.12329 5.12251 5.12185 5.12131 5.12087 5.12055 5.12033 5.12022 5.12021 
5.11392 5.11412 5.11443 5.11485 5.11538 5.11603 5.11679 5.11766 5.11865 5.11976 5.121 5.12236 5.12384 5.12545 5.12719 5.12905 5.13105 5.13317 5.13542 5.13779 5.14028 5.14289 5.14561 5.14842 5.15133 5.15433 5.15739 5.16051 5.16369 5.16689 5.17011 5.17333 5.17653 5.1797 5.18282 5.18586 5.18882 5.19167 5.19439 5.19697 5.1994 5.20164 5.20369 5.20554 5.20717 5.20857 5.20973 5.21064 5.2113 5.21171 5.21185 5.21173 5.21135 5.21071 5.20982 5.20869 5.20731 5.20572 5.2039 5.20189 5.19969 5.19731 5.19478 5.19212 5.18933 5.18644 5.18346 5.18042 5.17734 5.17422 5.1711 5.16798 5.16489 5.16183 5.15883 5.15589 5.15303 5.15026 5.14759 5.14503 5.14259 5.14027 5.13807 5.13601 5.13408 5.13229 5.13063 5.12911 5.12773 5.12648 5.12536 5.12437 5.12352 5.12279 5.12218 5.12169 5.12132 5.12107 5.12093 5.12091 
5.11469 5.1149 5.11522 5.11567 5.11624 5.11693 5.11775 5.11869 5.11976 5.12097 5.12231 5.12378 5.12539 5.12714 5.12903 5.13106 5.13322 5.13553 5.13798 5.14055 5.14326 5.14609 5.14904 5.1521 5.15526 5.1585 5.16182 5.16521 5.16865 5.17212 5.1756 5.17909 5.18255 5.18598 5.18935 5.19264 5.19583 5.1989 5.20184 5.20463 5.20724 5.20966 5.21187 5.21386 5.21561 5.21712 5.21836 5.21934 5.22005 5.22048 5.22063 5.22049 5.22008 5.21939 5.21842 5.2172 5.21571 5.21398 5.21202 5.20985 5.20746 5.2049 5.20216 5.19928 5.19626 5.19313 5.18991 5.18662 5.18328 5.17991 5.17652 5.17314 5.16978 5.16647 5.1632 5.16001 5.15691 5.15389 5.15099 5.1482 5.14554 5.14301 5.14061 5.13836 5.13625 5.13428 5.13247 5.1308 5.12928 5.12791 5.12667 5.12559 5.12464 5.12383 5.12315 5.1226 5.12218 5.12189 5.12173 5.12169 
5.11554 5.11575 5.11609 5.11657 5.11718 5.11793 5.11881 5.11983 5.121 5.12231 5.12376 5.12536 5.12712 5.12902 5.13108 5.13329 5.13565 5.13817 5.14083 5.14364 5.14658 5.14967 5.15287 5.1562 5.15963 5.16316 5.16678 5.17045 5.17418 5.17795 5.18173 5.18551 5.18926 5.19298 5.19662 5.20019 5.20364 5.20697 5.21014 5.21315 5.21597 5.21858 5.22097 5.22312 5.22501 5.22663 5.22797 5.22903 5.22979 5.23025 5.2304 5.23025 5.2298 5.22905 5.228 5.22667 5.22506 5.22319 5.22107 5.21871 5.21613 5.21335 5.21038 5.20726 5.20399 5.2006 5.19711 5.19354 5.18991 5.18625 5.18257 5.1789 5.17525 5.17164 5.16809 5.16461 5.16123 5.15795 5.15478 5.15174 5.14883 5.14606 5.14344 5.14097 5.13866 5.13651 5.13452 5.13268 5.13101 5.12949 5.12814 5.12693 5.12588 5.12498 5.12422 5.12361 5.12314 5.1228 5.12261 5.12255 
5.11648 5.11669 5.11705 5.11756 5.11822 5.11902 5.11998 5.12109 5.12236 5.12378 5.12536 5.12711 5.12902 5.1311 5.13334 5.13576 5.13833 5.14108 5.14398 5.14704 5.15026 5.15362 5.15711 5.16073 5.16447 5.16831 5.17224 5.17624 5.1803 5.18439 5.18849 5.19259 5.19667 5.20069 5.20465 5.20851 5.21225 5.21585 5.21929 5.22254 5.22559 5.22842 5.231 5.23331 5.23535 5.2371 5.23855 5.23969 5.2405 5.24099 5.24116 5.24099 5.2405 5.23968 5.23854 5.2371 5.23535 5.23332 5.23102 5.22846 5.22567 5.22265 5.21944 5.21605 5.2125 5.20882 5.20503 5.20116 5.19722 5.19324 5.18924 5.18524 5.18127 5.17734 5.17348 5.16969 5.166 5.16242 5.15896 5.15564 5.15246 5.14943 5.14656 5.14386 5.14133 5.13896 5.13677 5.13476 5.13291 5.13124 5.12974 5.12841 5.12724 5.12624 5.1254 5.12471 5.12418 5.1238 5.12357 5.12349 
5.11749 5.11771 5.11809 5.11864 5.11934 5.12022 5.12125 5.12246 5.12384 5.12539 5.12712 5.12902 5.13111 5.13338 5.13583 5.13846 5.14127 5.14426 5.14743 5.15077 5.15428 5.15794 5.16175 5.1657 5.16977 5.17395 5.17822 5.18258 5.18698 5.19143 5.19589 5.20034 5.20476 5.20913 5.21341 5.2176 5.22165 5.22555 5.22927 5.23279 5.23609 5.23914 5.24193 5.24443 5.24664 5.24852 5.25009 5.25131 5.25219 5.25271 5.25288 5.2527 5.25216 5.25127 5.25004 5.24847 5.24658 5.24438 5.24188 5.23911 5.23608 5.23281 5.22932 5.22564 5.2218 5.2178 5.21369 5.20948 5.2052 5.20087 5.19653 5.19218 5.18786 5.18358 5.17937 5.17525 5.17122 5.16732 5.16354 5.15991 5.15643 5.15312 5.14998 5.14702 5.14424 5.14165 5.13924 5.13702 5.135 5.13315 5.1315 5.13002 5.12873 5.12762 5.12668 5.12591 5.12531 5.12488 5.12462 5.12451 
5.11858 5.11881 5.11922 5.1198 5.12057 5.12151 5.12264 5.12395 5.12545 5.12714 5.12902 5.1311 5.13338 5.13585 5.13852 5.1414 5.14447 5.14773 5.15119 5.15483 5.15865 5.16264 5.16679 5.17109 5.17552 5.18007 5.18472 5.18945 5.19424 5.19906 5.20391 5.20874 5.21353 5.21827 5.22291 5.22744 5.23183 5.23605 5.24008 5.24388 5.24745 5.25075 5.25376 5.25646 5.25884 5.26087 5.26256 5.26387 5.26482 5.26538 5.26556 5.26535 5.26477 5.2638 5.26246 5.26076 5.25871 5.25633 5.25363 5.25062 5.24734 5.24379 5.24002 5.23603 5.23186 5.22753 5.22306 5.2185 5.21385 5.20915 5.20443 5.1997 5.19501 5.19035 5.18577 5.18127 5.17689 5.17263 5.16851 5.16455 5.16075 5.15713 5.15369 5.15045 5.14741 5.14456 5.14192 5.13949 5.13725 5.13523 5.1334 5.13177 5.13034 5.12911 5.12807 5.12721 5.12654 5.12605 5.12575 5.12562 
5.11976 5.12 5.12043 5.12106 5.12188 5.12291 5.12413 5.12555 5.12719 5.12903 5.13108 5.13334 5.13583 5.13852 5.14144 5.14457 5.14792 5.15148 5.15524 5.15921 5.16337 5.16772 5.17223 5.17691 5.18173 5.18667 5.19172 5.19686 5.20205 5.20729 5.21254 5.21778 5.22297 5.2281 5.23313 5.23803 5.24277 5.24734 5.25169 5.2558 5.25965 5.26321 5.26645 5.26937 5.27193 5.27413 5.27594 5.27736 5.27837 5.27897 5.27916 5.27894 5.2783 5.27725 5.2758 5.27396 5.27174 5.26916 5.26624 5.26299 5.25943 5.2556 5.25151 5.24719 5.24267 5.23798 5.23315 5.22819 5.22316 5.21806 5.21293 5.2078 5.2027 5.19764 5.19266 5.18777 5.183 5.17836 5.17387 5.16955 5.1654 5.16145 5.1577 5.15415 5.15082 5.14771 5.14481 5.14214 5.13969 5.13746 5.13545 5.13366 5.13208 5.13072 5.12956 5.12861 5.12786 5.12731 5.12696 5.12681 
5.12103 5.12127 5.12173 5.12241 5.1233 5.1244 5.12573 5.12728 5.12905 5.13106 5.13329 5.13576 5.13846 5.1414 5.14457 5.14798 5.15163 5.1555 5.1596 5.16391 5.16844 5.17316 5.17807 5.18315 5.18838 5.19374 5.19922 5.20479 5.21042 5.21609 5.22178 5.22744 5.23306 5.23861 5.24404 5.24934 5.25446 5.25939 5.26408 5.26852 5.27267 5.2765 5.28 5.28314 5.2859 5.28826 5.29021 5.29173 5.29282 5.29346 5.29366 5.29341 5.29272 5.29158 5.29002 5.28803 5.28563 5.28285 5.27969 5.27618 5.27234 5.2682 5.26378 5.25911 5.25422 5.24915 5.24392 5.23856 5.2331 5.22758 5.22203 5.21647 5.21093 5.20545 5.20004 5.19473 5.18954 5.18449 5.17961 5.17491 5.17039 5.16609 5.16199 5.15813 5.15449 5.15108 5.14792 5.14499 5.14231 5.13986 5.13765 5.13568 5.13395 5.13244 5.13116 5.13011 5.12928 5.12867 5.12827 5.12809 
5.12238 5.12263 5.12312 5.12385 5.12481 5.126 5.12744 5.12912 5.13105 5.13322 5.13565 5.13833 5.14127 5.14447 5.14792 5.15163 5.15559 5.1598 5.16425 5.16893 5.17385 5.17897 5.18429 5.1898 5.19547 5.20128 5.20721 5.21323 5.21933 5.22546 5.2316 5.23772 5.24379 5.24977 5.25563 5.26135 5.26687 5.27218 5.27723 5.28201 5.28647 5.2906 5.29436 5.29774 5.3007 5.30324 5.30533 5.30697 5.30813 5.30882 5.30903 5.30875 5.308 5.30678 5.30509 5.30294 5.30036 5.29736 5.29395 5.29016 5.28603 5.28156 5.27679 5.27176 5.26648 5.26101 5.25536 5.24957 5.24367 5.23771 5.2317 5.22568 5.21969 5.21375 5.20789 5.20213 5.19651 5.19103 5.18573 5.18062 5.17571 5.17103 5.16657 5.16236 5.1584 5.15468 5.15123 5.14803 5.1451 5.14242 5.14 5.13784 5.13594 5.13428 5.13288 5.13171 5.13079 5.13011 5.12966 5.12945 
5.12381 5.12408 5.1246 5.12538 5.12641 5.1277 5.12926 5.13108 5.13317 5.13553 5.13817 5.14108 5.14426 5.14773 5.15148 5.1555 5.1598 5.16436 5.16919 5.17426 5.17959 5.18513 5.1909 5.19685 5.20298 5.20926 5.21567 5.22218 5.22875 5.23537 5.24199 5.24859 5.25513 5.26157 5.26788 5.27403 5.27997 5.28568 5.29111 5.29624 5.30104 5.30547 5.30951 5.31313 5.31631 5.31903 5.32127 5.32302 5.32426 5.325 5.32522 5.32492 5.32411 5.32279 5.32097 5.31866 5.31588 5.31265 5.30899 5.30492 5.30046 5.29566 5.29053 5.28511 5.27943 5.27353 5.26744 5.2612 5.25484 5.24841 5.24193 5.23543 5.22896 5.22254 5.2162 5.20997 5.20389 5.19796 5.19222 5.18668 5.18136 5.17627 5.17143 5.16686 5.16254 5.15851 5.15474 5.15126 5.14806 5.14514 5.1425 5.14014 5.13805 5.13624 5.13469 5.13341 5.1324 5.13164 5.13114 5.1309 
5.12533 5.12561 5.12616 5.127 5.12811 5.12951 5.13119 5.13316 5.13542 5.13798 5.14083 5.14398 5.14743 5.15119 5.15524 5.1596 5.16425 5.16919 5.17441 5.1799 5.18565 5.19164 5.19786 5.20429 5.21091 5.21768 5.22459 5.2316 5.23868 5.2458 5.25293 5.26002 5.26705 5.27398 5.28075 5.28735 5.29373 5.29985 5.30568 5.31118 5.31632 5.32106 5.32539 5.32926 5.33267 5.33558 5.33797 5.33984 5.34117 5.34195 5.34218 5.34186 5.34098 5.33957 5.33761 5.33514 5.33216 5.32869 5.32476 5.32039 5.31561 5.31045 5.30494 5.29912 5.29302 5.28668 5.28014 5.27343 5.26659 5.25966 5.25268 5.24569 5.23871 5.23179 5.22496 5.21824 5.21166 5.20526 5.19906 5.19306 5.18731 5.1818 5.17657 5.1716 5.16693 5.16254 5.15846 5.15467 5.15119 5.14802 5.14514 5.14257 5.14029 5.13831 5.13661 5.13521 5.1341 5.13326 5.13271 5.13243 
5.12693 5.12722 5.12781 5.12871 5.1299 5.13141 5.13322 5.13535 5.13779 5.14055 5.14364 5.14704 5.15077 5.15483 5.15921 5.16391 5.16893 5.17426 5.1799 5.18582 5.19202 5.19848 5.20518 5.2121 5.21922 5.22651 5.23394 5.24147 5.24908 5.25673 5.26438 5.27199 5.27953 5.28695 5.29421 5.30128 5.30811 5.31466 5.32089 5.32677 5.33227 5.33734 5.34196 5.3461 5.34973 5.35284 5.35539 5.35738 5.3588 5.35963 5.35987 5.35952 5.35858 5.35706 5.35497 5.35232 5.34913 5.34542 5.34121 5.33654 5.33142 5.3259 5.32 5.31376 5.30723 5.30043 5.29341 5.28621 5.27888 5.27144 5.26395 5.25643 5.24893 5.24149 5.23414 5.2269 5.21982 5.21293 5.20623 5.19977 5.19356 5.18762 5.18196 5.17659 5.17154 5.16679 5.16237 5.15827 5.15449 5.15104 5.14792 5.14512 5.14264 5.14048 5.13864 5.13711 5.13589 5.13497 5.13436 5.13405 
5.12861 5.12891 5.12955 5.1305 5.13179 5.13341 5.13536 5.13765 5.14028 5.14326 5.14658 5.15026 5.15428 5.15865 5.16337 5.16844 5.17385 5.17959 5.18565 5.19202 5.19869 5.20563 5.21283 5.22027 5.22791 5.23573 5.2437 5.25177 5.25993 5.26812 5.27631 5.28446 5.29252 5.30045 5.30822 5.31577 5.32306 5.33005 5.3367 5.34298 5.34884 5.35424 5.35917 5.36358 5.36745 5.37075 5.37347 5.37559 5.3771 5.37798 5.37823 5.37785 5.37685 5.37522 5.37299 5.37016 5.36676 5.36279 5.3583 5.35331 5.34785 5.34195 5.33565 5.32898 5.322 5.31473 5.30722 5.29952 5.29167 5.28371 5.27568 5.26762 5.25959 5.2516 5.24371 5.23595 5.22834 5.22093 5.21374 5.20678 5.2001 5.1937 5.1876 5.18182 5.17636 5.17124 5.16646 5.16203 5.15795 5.15422 5.15083 5.1478 5.14511 5.14277 5.14077 5.1391 5.13777 5.13676 5.13609 5.13574 
5.13037 5.13069 5.13136 5.13238 5.13376 5.1355 5.1376 5.14006 5.14289 5.14609 5.14967 5.15362 5.15794 5.16264 5.16772 5.17316 5.17897 5.18513 5.19164 5.19848 5.20563 5.21308 5.2208 5.22876 5.23695 5.24531 5.25384 5.26247 5.27119 5.27994 5.28869 5.29738 5.30599 5.31445 5.32272 5.33077 5.33853 5.34598 5.35306 5.35974 5.36597 5.37172 5.37695 5.38164 5.38575 5.38926 5.39215 5.3944 5.39599 5.39692 5.39719 5.39678 5.39571 5.39398 5.3916 5.38859 5.38496 5.38075 5.37597 5.37065 5.36483 5.35855 5.35183 5.34473 5.33729 5.32954 5.32153 5.31331 5.30493 5.29643 5.28785 5.27924 5.27064 5.2621 5.25366 5.24534 5.2372 5.22925 5.22154 5.21408 5.2069 5.20003 5.19347 5.18726 5.18139 5.17588 5.17073 5.16595 5.16155 5.15753 5.15388 5.1506 5.14769 5.14516 5.14299 5.14118 5.13973 5.13864 5.1379 5.13752 
5.1322 5.13254 5.13325 5.13434 5.13582 5.13768 5.13993 5.14257 5.14561 5.14904 5.15287 5.15711 5.16175 5.16679 5.17223 5.17807 5.18429 5.1909 5.19786 5.20518 5.21283 5.2208 5.22905 5.23756 5.2463 5.25523 5.26432 5.27354 5.28283 5.29215 5.30147 5.31073 5.31988 5.32888 5.33768 5.34623 5.35448 5.36239 5.3699 5.37699 5.3836 5.3897 5.39525 5.40022 5.40457 5.40829 5.41135 5.41373 5.41542 5.4164 5.41668 5.41624 5.4151 5.41327 5.41074 5.40754 5.40369 5.39922 5.39414 5.3885 5.38232 5.37564 5.36851 5.36096 5.35304 5.3448 5.33628 5.32754 5.31861 5.30955 5.30041 5.29124 5.28207 5.27296 5.26394 5.25506 5.24636 5.23787 5.22961 5.22163 5.21395 5.20659 5.19957 5.1929 5.1866 5.18069 5.17516 5.17003 5.1653 5.16097 5.15704 5.15351 5.15038 5.14764 5.1453 5.14334 5.14178 5.14059 5.13979 5.13937 
5.13411 5.13446 5.13521 5.13638 5.13796 5.13994 5.14235 5.14517 5.14842 5.1521 5.1562 5.16073 5.1657 5.17109 5.17691 5.18315 5.1898 5.19685 5.20429 5.2121 5.22027 5.22876 5.23756 5.24663 5.25593 5.26545 5.27512 5.28492 5.2948 5.30471 5.3146 5.32443 5.33415 5.3437 5.35303 5.36209 5.37083 5.37921 5.38717 5.39467 5.40167 5.40812 5.41399 5.41924 5.42384 5.42777 5.431 5.43351 5.43529 5.43633 5.43662 5.43616 5.43495 5.433 5.43033 5.42694 5.42287 5.41813 5.41275 5.40678 5.40023 5.39316 5.3856 5.3776 5.3692 5.36046 5.35142 5.34214 5.33266 5.32304 5.31333 5.30357 5.29382 5.28412 5.27453 5.26507 5.2558 5.24674 5.23794 5.22943 5.22123 5.21336 5.20586 5.19873 5.19199 5.18566 5.17974 5.17425 5.16918 5.16453 5.16031 5.15652 5.15316 5.15022 5.1477 5.14559 5.1439 5.14262 5.14175 5.14129 
5.13608 5.13644 5.13725 5.13848 5.14016 5.14228 5.14485 5.14787 5.15133 5.15526 5.15963 5.16447 5.16977 5.17552 5.18173 5.18838 5.19547 5.20298 5.21091 5.21922 5.22791 5.23695 5.2463 5.25593 5.26582 5.27592 5.28619 5.29659 5.30706 5.31756 5.32805 5.33846 5.34874 5.35884 5.36871 5.37829 5.38753 5.39638 5.40479 5.41271 5.42009 5.4269 5.43309 5.43863 5.44348 5.44762 5.45103 5.45367 5.45555 5.45664 5.45694 5.45645 5.45517 5.45311 5.45029 5.44672 5.44241 5.43741 5.43173 5.42542 5.41851 5.41103 5.40304 5.39458 5.38571 5.37646 5.36689 5.35707 5.34703 5.33684 5.32654 5.3162 5.30585 5.29556 5.28537 5.27533 5.26548 5.25585 5.24649 5.23743 5.2287 5.22032 5.21232 5.20472 5.19754 5.19078 5.18446 5.17859 5.17317 5.1682 5.16369 5.15963 5.15603 5.15287 5.15017 5.14791 5.14609 5.14472 5.14378 5.14327 
5.13811 5.13849 5.13934 5.14065 5.14244 5.14469 5.14742 5.15063 5.15433 5.1585 5.16316 5.16831 5.17395 5.18007 5.18667 5.19374 5.20128 5.20926 5.21768 5.22651 5.23573 5.24531 5.25523 5.26545 5.27592 5.28662 5.29749 5.30849 5.31956 5.33067 5.34174 5.35274 5.36359 5.37425 5.38466 5.39477 5.40451 5.41383 5.42269 5.43103 5.4388 5.44597 5.45248 5.4583 5.46341 5.46776 5.47134 5.47412 5.47609 5.47723 5.47754 5.47703 5.47568 5.47351 5.47054 5.46678 5.46225 5.45698 5.451 5.44435 5.43707 5.42919 5.42077 5.41185 5.40248 5.39273 5.38263 5.37226 5.36166 5.35089 5.34 5.32906 5.31812 5.30723 5.29644 5.2858 5.27536 5.26515 5.25523 5.24561 5.23634 5.22744 5.21894 5.21086 5.20322 5.19603 5.1893 5.18304 5.17726 5.17197 5.16715 5.16282 5.15897 5.1556 5.15271 5.1503 5.14835 5.14687 5.14586 5.14532 
5.14018 5.14059 5.14148 5.14288 5.14477 5.14716 5.15006 5.15347 5.15739 5.16182 5.16678 5.17224 5.17822 5.18472 5.19172 5.19922 5.20721 5.21567 5.22459 5.23394 5.2437 5.25384 5.26432 5.27512 5.28619 5.29749 5.30896 5.32057 5.33225 5.34396 5.35563 5.36721 5.37864 5.38987 5.40082 5.41145 5.42169 5.43149 5.44079 5.44955 5.45771 5.46523 5.47207 5.47818 5.48353 5.4881 5.49185 5.49476 5.49683 5.49802 5.49835 5.4978 5.49639 5.49411 5.49099 5.48704 5.48228 5.47675 5.47047 5.46348 5.45583 5.44755 5.4387 5.42932 5.41947 5.4092 5.39858 5.38765 5.37648 5.36513 5.35366 5.34212 5.33058 5.31908 5.30769 5.29645 5.28541 5.27462 5.26411 5.25394 5.24412 5.23469 5.22568 5.21712 5.20901 5.20138 5.19423 5.18759 5.18145 5.17582 5.1707 5.16609 5.16199 5.1584 5.15532 5.15274 5.15066 5.14908 5.148 5.14741 
5.14231 5.14273 5.14367 5.14514 5.14715 5.14968 5.15275 5.15636 5.16051 5.16521 5.17045 5.17624 5.18258 5.18945 5.19686 5.20479 5.21323 5.22218 5.2316 5.24147 5.25177 5.26247 5.27354 5.28492 5.29659 5.30849 5.32057 5.33278 5.34507 5.35738 5.36965 5.38182 5.39383 5.40561 5.41711 5.42825 5.43899 5.44927 5.45902 5.46819 5.47674 5.48462 5.49177 5.49817 5.50377 5.50855 5.51247 5.51552 5.51767 5.51892 5.51926 5.51869 5.51721 5.51482 5.51155 5.50741 5.50243 5.49664 5.49006 5.48274 5.47472 5.46604 5.45675 5.44692 5.43658 5.42581 5.41465 5.40317 5.39144 5.37951 5.36745 5.35531 5.34316 5.33106 5.31906 5.30721 5.29558 5.2842 5.27311 5.26237 5.252 5.24205 5.23252 5.22347 5.21489 5.20681 5.19925 5.19221 5.1857 5.17973 5.1743 5.16941 5.16506 5.16125 5.15797 5.15523 5.15302 5.15134 5.15018 5.14955 
5.14447 5.1449 5.1459 5.14745 5.14957 5.15224 5.15549 5.1593 5.16369 5.16865 5.17418 5.1803 5.18698 5.19424 5.20205 5.21042 5.21933 5.22875 5.23868 5.24908 5.25993 5.27119 5.28283 5.2948 5.30706 5.31956 5.33225 5.34507 5.35797 5.37088 5.38375 5.3965 5.40908 5.42142 5.43345 5.44511 5.45635 5.46709 5.47729 5.48688 5.49581 5.50403 5.5115 5.51818 5.52403 5.52901 5.5331 5.53628 5.53853 5.53983 5.54019 5.53959 5.53804 5.53555 5.53213 5.52781 5.5226 5.51655 5.50968 5.50202 5.49364 5.48456 5.47485 5.46456 5.45375 5.44247 5.43078 5.41876 5.40646 5.39396 5.3813 5.36857 5.35582 5.34311 5.3305 5.31806 5.30582 5.29385 5.28219 5.27088 5.25996 5.24947 5.23943 5.22988 5.22083 5.21231 5.20432 5.19689 5.19001 5.1837 5.17795 5.17278 5.16817 5.16413 5.16066 5.15776 5.15541 5.15363 5.1524 5.15173 
5.14665 5.14711 5.14815 5.14979 5.15201 5.15483 5.15825 5.16227 5.16689 5.17212 5.17795 5.18439 5.19143 5.19906 5.20729 5.21609 5.22546 5.23537 5.2458 5.25673 5.26812 5.27994 5.29215 5.30471 5.31756 5.33067 5.34396 5.35738 5.37088 5.38439 5.39785 5.41118 5.42432 5.43721 5.44977 5.46195 5.47367 5.48488 5.49551 5.50551 5.51481 5.52338 5.53117 5.53812 5.54421 5.5494 5.55366 5.55697 5.5593 5.56066 5.56102 5.5604 5.55878 5.55619 5.55263 5.54813 5.54271 5.53639 5.52923 5.52125 5.51251 5.50305 5.49292 5.48218 5.47088 5.4591 5.4469 5.43434 5.42148 5.4084 5.39517 5.38184 5.36849 5.35518 5.34197 5.32893 5.3161 5.30354 5.2913 5.27942 5.26795 5.25693 5.24638 5.23633 5.22681 5.21784 5.20943 5.20159 5.19435 5.18769 5.18163 5.17617 5.17131 5.16705 5.16338 5.16031 5.15783 5.15594 5.15464 5.15392 
5.14885 5.14932 5.15042 5.15213 5.15447 5.15744 5.16103 5.16525 5.17011 5.1756 5.18173 5.18849 5.19589 5.20391 5.21254 5.22178 5.2316 5.24199 5.25293 5.26438 5.27631 5.28869 5.30147 5.3146 5.32805 5.34174 5.35563 5.36965 5.38375 5.39785 5.41188 5.42578 5.43948 5.45291 5.466 5.47868 5.49088 5.50254 5.5136 5.524 5.53367 5.54258 5.55067 5.5579 5.56422 5.56961 5.57403 5.57747 5.5799 5.5813 5.58168 5.58103 5.57935 5.57665 5.57295 5.56828 5.56264 5.55608 5.54863 5.54034 5.53124 5.52139 5.51085 5.49967 5.48791 5.47564 5.46293 5.44983 5.43643 5.42278 5.40897 5.39506 5.38112 5.36721 5.35341 5.33977 5.32635 5.31321 5.30039 5.28796 5.27594 5.26438 5.25332 5.24278 5.23279 5.22337 5.21454 5.20631 5.1987 5.1917 5.18533 5.17958 5.17447 5.16998 5.16612 5.16288 5.16027 5.15827 5.1569 5.15614 
5.15105 5.15155 5.15269 5.15449 5.15694 5.16004 5.16381 5.16824 5.17333 5.17909 5.18551 5.19259 5.20034 5.20874 5.21778 5.22744 5.23772 5.24859 5.26002 5.27199 5.28446 5.29738 5.31073 5.32443 5.33846 5.35274 5.36721 5.38182 5.3965 5.41118 5.42578 5.44024 5.45449 5.46845 5.48205 5.49522 5.50789 5.52 5.53147 5.54226 5.5523 5.56154 5.56992 5.57741 5.58397 5.58955 5.59414 5.59769 5.60021 5.60166 5.60205 5.60138 5.59964 5.59684 5.59301 5.58816 5.58231 5.57551 5.56779 5.55918 5.54974 5.53952 5.52858 5.51697 5.50475 5.492 5.47878 5.46517 5.45122 5.43703 5.42265 5.40816 5.39364 5.37915 5.36476 5.35053 5.33653 5.32281 5.30943 5.29644 5.28388 5.2718 5.26023 5.24921 5.23875 5.22889 5.21964 5.21102 5.20304 5.1957 5.18902 5.18299 5.17762 5.17291 5.16885 5.16545 5.1627 5.1606 5.15916 5.15836 
5.15325 5.15376 5.15496 5.15683 5.15939 5.16264 5.16658 5.17121 5.17653 5.18255 5.18926 5.19667 5.20476 5.21353 5.22297 5.23306 5.24379 5.25513 5.26705 5.27953 5.29252 5.30599 5.31988 5.33415 5.34874 5.36359 5.37864 5.39383 5.40908 5.42432 5.43948 5.45449 5.46927 5.48374 5.49784 5.51149 5.52462 5.53716 5.54904 5.56021 5.5706 5.58015 5.58883 5.59658 5.60335 5.60913 5.61387 5.61754 5.62014 5.62165 5.62205 5.62135 5.61955 5.61666 5.61269 5.60768 5.60163 5.59459 5.5866 5.57769 5.56792 5.55734 5.54601 5.53398 5.52132 5.5081 5.49439 5.48027 5.4658 5.45106 5.43613 5.42108 5.40599 5.39093 5.37596 5.36116 5.34658 5.3323 5.31837 5.30483 5.29174 5.27915 5.26708 5.25557 5.24466 5.23436 5.2247 5.21569 5.20734 5.19967 5.19268 5.18637 5.18075 5.17582 5.17157 5.16801 5.16513 5.16293 5.16141 5.16057 
5.15542 5.15596 5.1572 5.15916 5.16183 5.16521 5.16932 5.17415 5.1797 5.18598 5.19298 5.20069 5.20913 5.21827 5.2281 5.23861 5.24977 5.26157 5.27398 5.28695 5.30045 5.31445 5.32888 5.3437 5.35884 5.37425 5.38987 5.40561 5.42142 5.43721 5.45291 5.46845 5.48374 5.49872 5.5133 5.52741 5.54098 5.55394 5.56622 5.57775 5.58848 5.59834 5.6073 5.61529 5.62229 5.62824 5.63313 5.63692 5.6396 5.64115 5.64157 5.64085 5.63899 5.63601 5.63192 5.62674 5.6205 5.61324 5.60498 5.59579 5.5857 5.57476 5.56305 5.55062 5.53753 5.52386 5.50967 5.49506 5.48008 5.46482 5.44935 5.43375 5.41811 5.40248 5.38696 5.37159 5.35646 5.34163 5.32715 5.31309 5.29948 5.28637 5.27382 5.26184 5.25048 5.23975 5.22968 5.22029 5.21159 5.20359 5.1963 5.18972 5.18385 5.1787 5.17426 5.17054 5.16753 5.16523 5.16364 5.16275 
5.15757 5.15812 5.15941 5.16145 5.16422 5.16775 5.17202 5.17704 5.18282 5.18935 5.19662 5.20465 5.21341 5.22291 5.23313 5.24404 5.25563 5.26788 5.28075 5.29421 5.30822 5.32272 5.33768 5.35303 5.36871 5.38466 5.40082 5.41711 5.43345 5.44977 5.466 5.48205 5.49784 5.5133 5.52835 5.54291 5.5569 5.57026 5.58292 5.5948 5.60585 5.61602 5.62524 5.63347 5.64067 5.6468 5.65183 5.65574 5.6585 5.66009 5.66052 5.65978 5.65787 5.6548 5.65058 5.64525 5.63883 5.63135 5.62285 5.61337 5.60297 5.5917 5.57963 5.5668 5.5533 5.53919 5.52455 5.50946 5.49399 5.47822 5.46223 5.44611 5.42993 5.41376 5.39769 5.38179 5.36612 5.35075 5.33574 5.32116 5.30704 5.29345 5.28042 5.26798 5.25618 5.24504 5.23457 5.22481 5.21577 5.20744 5.19986 5.19301 5.1869 5.18153 5.17691 5.17303 5.16989 5.16749 5.16583 5.16491 
5.15966 5.16024 5.16158 5.16369 5.16657 5.17022 5.17466 5.17987 5.18586 5.19264 5.20019 5.20851 5.2176 5.22744 5.23803 5.24934 5.26135 5.27403 5.28735 5.30128 5.31577 5.33077 5.34623 5.36209 5.37829 5.39477 5.41145 5.42825 5.44511 5.46195 5.47868 5.49522 5.51149 5.52741 5.54291 5.55789 5.5723 5.58604 5.59906 5.61128 5.62264 5.63309 5.64256 5.65102 5.65842 5.66472 5.66989 5.6739 5.67673 5.67837 5.67881 5.67805 5.67608 5.67293 5.66861 5.66313 5.65653 5.64884 5.6401 5.63036 5.61967 5.60808 5.59565 5.58245 5.56856 5.55403 5.53896 5.5234 5.50746 5.49121 5.47472 5.45809 5.44139 5.4247 5.40811 5.39168 5.37549 5.3596 5.34409 5.329 5.3144 5.30033 5.28684 5.27396 5.26173 5.25018 5.23934 5.22922 5.21983 5.2112 5.20332 5.19621 5.18987 5.1843 5.1795 5.17547 5.17221 5.16971 5.16798 5.16702 
5.16171 5.1623 5.16368 5.16586 5.16885 5.17263 5.17722 5.18262 5.18882 5.19583 5.20364 5.21225 5.22165 5.23183 5.24277 5.25446 5.26687 5.27997 5.29373 5.30811 5.32306 5.33853 5.35448 5.37083 5.38753 5.40451 5.42169 5.43899 5.45635 5.47367 5.49088 5.50789 5.52462 5.54098 5.5569 5.5723 5.58709 5.60119 5.61455 5.62709 5.63875 5.64947 5.65919 5.66786 5.67545 5.6819 5.6872 5.69131 5.69422 5.6959 5.69635 5.69557 5.69356 5.69033 5.68589 5.68028 5.67351 5.66562 5.65666 5.64667 5.6357 5.6238 5.61104 5.59749 5.58322 5.5683 5.5528 5.53682 5.52042 5.5037 5.48674 5.46962 5.45243 5.43524 5.41815 5.40122 5.38453 5.36815 5.35214 5.33658 5.3215 5.30698 5.29304 5.27974 5.2671 5.25516 5.24395 5.23348 5.22377 5.21484 5.20669 5.19933 5.19276 5.18699 5.18201 5.17784 5.17445 5.17187 5.17008 5.16908 
5.16368 5.16428 5.16571 5.16797 5.17105 5.17496 5.1797 5.18527 5.19167 5.1989 5.20697 5.21585 5.22555 5.23605 5.24734 5.25939 5.27218 5.28568 5.29985 5.31466 5.33005 5.34598 5.36239 5.37921 5.39638 5.41383 5.43149 5.44927 5.46709 5.48488 5.50254 5.52 5.53716 5.55394 5.57026 5.58604 5.60119 5.61565 5.62933 5.64218 5.65411 5.66508 5.67503 5.68391 5.69167 5.69828 5.7037 5.7079 5.71087 5.71259 5.71306 5.71226 5.7102 5.7069 5.70236 5.69661 5.68969 5.68162 5.67245 5.66222 5.65098 5.6388 5.62573 5.61184 5.59721 5.58191 5.56602 5.54963 5.53281 5.51564 5.49823 5.48065 5.46299 5.44533 5.42776 5.41035 5.39318 5.37633 5.35986 5.34384 5.32832 5.31335 5.299 5.28529 5.27226 5.25995 5.24838 5.23758 5.22756 5.21834 5.20992 5.20232 5.19554 5.18958 5.18444 5.18012 5.17662 5.17395 5.17209 5.17106 
5.16556 5.16619 5.16766 5.16998 5.17315 5.17718 5.18206 5.1878 5.19439 5.20184 5.21014 5.21929 5.22927 5.24008 5.25169 5.26408 5.27723 5.29111 5.30568 5.32089 5.3367 5.35306 5.3699 5.38717 5.40479 5.42269 5.44079 5.45902 5.47729 5.49551 5.5136 5.53147 5.54904 5.56622 5.58292 5.59906 5.61455 5.62933 5.64332 5.65645 5.66864 5.67985 5.69001 5.69908 5.70701 5.71375 5.71929 5.72358 5.72662 5.72838 5.72885 5.72803 5.72593 5.72256 5.71793 5.71206 5.70499 5.69675 5.68738 5.67692 5.66544 5.65299 5.63963 5.62543 5.61047 5.59481 5.57855 5.56177 5.54454 5.52697 5.50913 5.49111 5.47301 5.45491 5.43688 5.41903 5.40141 5.38411 5.3672 5.35074 5.3348 5.31942 5.30466 5.29057 5.27717 5.26451 5.25261 5.24149 5.23118 5.22168 5.21302 5.20518 5.1982 5.19205 5.18675 5.1823 5.1787 5.17594 5.17403 5.17296 
5.16736 5.168 5.16951 5.17189 5.17515 5.17929 5.1843 5.1902 5.19697 5.20463 5.21315 5.22254 5.23279 5.24388 5.2558 5.26852 5.28201 5.29624 5.31118 5.32677 5.34298 5.35974 5.37699 5.39467 5.41271 5.43103 5.44955 5.46819 5.48688 5.50551 5.524 5.54226 5.56021 5.57775 5.5948 5.61128 5.62709 5.64218 5.65645 5.66983 5.68227 5.6937 5.70406 5.7133 5.72139 5.72826 5.73391 5.73828 5.74138 5.74317 5.74365 5.74282 5.74068 5.73724 5.73253 5.72655 5.71934 5.71094 5.70138 5.69072 5.67901 5.66631 5.65267 5.63818 5.62291 5.60693 5.59032 5.57318 5.55558 5.53762 5.51938 5.50096 5.48244 5.46392 5.44548 5.4272 5.40916 5.39144 5.37412 5.35725 5.34091 5.32515 5.31001 5.29555 5.28181 5.26882 5.2566 5.24519 5.2346 5.22484 5.21594 5.20789 5.20071 5.1944 5.18895 5.18437 5.18067 5.17783 5.17586 5.17476 
5.16904 5.16969 5.17124 5.17369 5.17703 5.18127 5.18641 5.19245 5.1994 5.20724 5.21597 5.22559 5.23609 5.24745 5.25965 5.27267 5.28647 5.30104 5.31632 5.33227 5.34884 5.36597 5.3836 5.40167 5.42009 5.4388 5.45771 5.47674 5.49581 5.51481 5.53367 5.5523 5.5706 5.58848 5.60585 5.62264 5.63875 5.65411 5.66864 5.68227 5.69493 5.70656 5.71711 5.72652 5.73474 5.74174 5.74748 5.75193 5.75508 5.7569 5.75739 5.75655 5.75437 5.75088 5.74608 5.74 5.73267 5.72412 5.71439 5.70354 5.69162 5.67868 5.6648 5.65004 5.63448 5.61819 5.60127 5.58379 5.56585 5.54753 5.52892 5.51012 5.49123 5.47232 5.45348 5.43481 5.41638 5.39828 5.38057 5.36333 5.34662 5.3305 5.31501 5.30022 5.28615 5.27284 5.26034 5.24865 5.2378 5.2278 5.21868 5.21043 5.20307 5.19659 5.19101 5.18632 5.18251 5.1796 5.17758 5.17645 
5.1706 5.17127 5.17286 5.17535 5.17877 5.18311 5.18836 5.19454 5.20164 5.20966 5.21858 5.22842 5.23914 5.25075 5.26321 5.2765 5.2906 5.30547 5.32106 5.33734 5.35424 5.37172 5.3897 5.40812 5.4269 5.44597 5.46523 5.48462 5.50403 5.52338 5.54258 5.56154 5.58015 5.59834 5.61602 5.63309 5.64947 5.66508 5.67985 5.6937 5.70656 5.71838 5.72909 5.73865 5.747 5.75411 5.75993 5.76446 5.76765 5.76951 5.77001 5.76915 5.76695 5.7634 5.75852 5.75235 5.7449 5.73622 5.72634 5.71532 5.7032 5.69006 5.67595 5.66094 5.64512 5.62856 5.61134 5.59356 5.57529 5.55665 5.53771 5.51856 5.49932 5.48005 5.46086 5.44183 5.42305 5.40459 5.38653 5.36894 5.35189 5.33543 5.31963 5.30452 5.29016 5.27657 5.26379 5.25185 5.24076 5.23055 5.22122 5.21279 5.20526 5.19863 5.19292 5.18812 5.18423 5.18125 5.17918 5.17803 
5.17204 5.17272 5.17433 5.17688 5.18037 5.18479 5.19015 5.19645 5.20369 5.21187 5.22097 5.231 5.24193 5.25376 5.26645 5.28 5.29436 5.30951 5.32539 5.34196 5.35917 5.37695 5.39525 5.41399 5.43309 5.45248 5.47207 5.49177 5.5115 5.53117 5.55067 5.56992 5.58883 5.6073 5.62524 5.64256 5.65919 5.67503 5.69001 5.70406 5.71711 5.72909 5.73996 5.74964 5.75811 5.76531 5.77122 5.77581 5.77905 5.78093 5.78144 5.78057 5.77834 5.77474 5.7698 5.76354 5.75599 5.74719 5.73718 5.726 5.71371 5.70037 5.68606 5.67083 5.65477 5.63796 5.62048 5.60242 5.58387 5.56493 5.54568 5.52623 5.50667 5.48708 5.46757 5.44821 5.42911 5.41032 5.39195 5.37404 5.35668 5.33993 5.32383 5.30844 5.29381 5.27996 5.26694 5.25477 5.24346 5.23305 5.22354 5.21494 5.20726 5.2005 5.19467 5.18977 5.1858 5.18276 5.18065 5.17947 
5.17333 5.17402 5.17567 5.17826 5.18181 5.18631 5.19176 5.19818 5.20554 5.21386 5.22312 5.23331 5.24443 5.25646 5.26937 5.28314 5.29774 5.31313 5.32926 5.3461 5.36358 5.38164 5.40022 5.41924 5.43863 5.4583 5.47818 5.49817 5.51818 5.53812 5.5579 5.57741 5.59658 5.61529 5.63347 5.65102 5.66786 5.68391 5.69908 5.7133 5.72652 5.73865 5.74964 5.75945 5.76802 5.77531 5.78129 5.78593 5.78921 5.79111 5.79163 5.79075 5.78849 5.78486 5.77986 5.77353 5.76589 5.75698 5.74684 5.73552 5.72308 5.70958 5.69508 5.67965 5.66338 5.64635 5.62864 5.61033 5.59153 5.57233 5.55281 5.53308 5.51324 5.49337 5.47357 5.45392 5.43453 5.41546 5.3968 5.37861 5.36098 5.34396 5.3276 5.31196 5.29709 5.28301 5.26977 5.25739 5.24589 5.2353 5.22562 5.21687 5.20905 5.20218 5.19625 5.19126 5.18722 5.18412 5.18197 5.18077 
5.17448 5.17518 5.17685 5.17948 5.18308 5.18765 5.19319 5.19969 5.20717 5.21561 5.22501 5.23535 5.24664 5.25884 5.27193 5.2859 5.3007 5.31631 5.33267 5.34973 5.36745 5.38575 5.40457 5.42384 5.44348 5.46341 5.48353 5.50377 5.52403 5.54421 5.56422 5.58397 5.60335 5.62229 5.64067 5.65842 5.67545 5.69167 5.70701 5.72139 5.73474 5.747 5.75811 5.76802 5.77668 5.78404 5.79009 5.79478 5.79809 5.80001 5.80053 5.79965 5.79737 5.7937 5.78865 5.78225 5.77453 5.76553 5.75528 5.74385 5.73127 5.71762 5.70296 5.68737 5.67092 5.65369 5.63578 5.61726 5.59824 5.5788 5.55905 5.53908 5.51899 5.49887 5.47882 5.45893 5.43928 5.41996 5.40105 5.38262 5.36475 5.34749 5.33091 5.31505 5.29996 5.28569 5.27225 5.25969 5.24803 5.23728 5.22746 5.21857 5.21064 5.20366 5.19764 5.19257 5.18847 5.18532 5.18314 5.18192 
5.17546 5.17617 5.17786 5.18053 5.18417 5.1888 5.19441 5.201 5.20857 5.21712 5.22663 5.2371 5.24852 5.26087 5.27413 5.28826 5.30324 5.31903 5.33558 5.35284 5.37075 5.38926 5.40829 5.42777 5.44762 5.46776 5.4881 5.50855 5.52901 5.5494 5.56961 5.58955 5.60913 5.62824 5.6468 5.66472 5.6819 5.69828 5.71375 5.72826 5.74174 5.75411 5.76531 5.77531 5.78404 5.79148 5.79757 5.8023 5.80565 5.80759 5.80811 5.80722 5.80492 5.80122 5.79613 5.78967 5.78189 5.77281 5.76247 5.75093 5.73824 5.72447 5.70968 5.69394 5.67733 5.65994 5.64185 5.62316 5.60395 5.58432 5.56437 5.5442 5.5239 5.50357 5.4833 5.46319 5.44333 5.4238 5.40468 5.38604 5.36797 5.35051 5.33374 5.31769 5.30243 5.28798 5.27438 5.26167 5.24986 5.23898 5.22903 5.22004 5.212 5.20493 5.19883 5.1937 5.18954 5.18636 5.18415 5.18291 
5.17628 5.177 5.17871 5.1814 5.18508 5.18976 5.19543 5.20208 5.20973 5.21836 5.22797 5.23855 5.25009 5.26256 5.27594 5.29021 5.30533 5.32127 5.33797 5.35539 5.37347 5.39215 5.41135 5.431 5.45103 5.47134 5.49185 5.51247 5.5331 5.55366 5.57403 5.59414 5.61387 5.63313 5.65183 5.66989 5.6872 5.7037 5.71929 5.73391 5.74748 5.75993 5.77122 5.78129 5.79009 5.79757 5.80371 5.80848 5.81184 5.8138 5.81433 5.81343 5.81111 5.80738 5.80226 5.79576 5.78792 5.77877 5.76837 5.75674 5.74396 5.73009 5.71518 5.69933 5.68259 5.66507 5.64684 5.628 5.60863 5.58885 5.56873 5.54839 5.52792 5.50742 5.48698 5.4667 5.44666 5.42695 5.40766 5.38886 5.37062 5.353 5.33606 5.31987 5.30445 5.28987 5.27614 5.2633 5.25137 5.24038 5.23033 5.22125 5.21313 5.20599 5.19983 5.19464 5.19044 5.18722 5.18499 5.18373 
5.17693 5.17766 5.17938 5.18209 5.1858 5.19052 5.19623 5.20294 5.21064 5.21934 5.22903 5.23969 5.25131 5.26387 5.27736 5.29173 5.30697 5.32302 5.33984 5.35738 5.37559 5.3944 5.41373 5.43351 5.45367 5.47412 5.49476 5.51552 5.53628 5.55697 5.57747 5.59769 5.61754 5.63692 5.65574 5.6739 5.69131 5.7079 5.72358 5.73828 5.75193 5.76446 5.77581 5.78593 5.79478 5.8023 5.80848 5.81327 5.81665 5.81862 5.81915 5.81825 5.81592 5.81217 5.80702 5.80049 5.7926 5.78341 5.77294 5.76125 5.7484 5.73445 5.71946 5.70351 5.68668 5.66905 5.65071 5.63175 5.61227 5.59236 5.57212 5.55165 5.53105 5.51041 5.48984 5.46942 5.44925 5.42941 5.40998 5.39105 5.37268 5.35494 5.33788 5.32157 5.30604 5.29134 5.27751 5.26458 5.25256 5.24148 5.23136 5.2222 5.21402 5.20682 5.20061 5.19538 5.19115 5.1879 5.18565 5.18439 
5.17741 5.17814 5.17986 5.18259 5.18633 5.19107 5.19681 5.20356 5.2113 5.22005 5.22979 5.2405 5.25219 5.26482 5.27837 5.29282 5.30813 5.32426 5.34117 5.3588 5.3771 5.39599 5.41542 5.43529 5.45555 5.47609 5.49683 5.51767 5.53853 5.5593 5.5799 5.60021 5.62014 5.6396 5.6585 5.67673 5.69422 5.71087 5.72662 5.74138 5.75508 5.76765 5.77905 5.78921 5.79809 5.80565 5.81184 5.81665 5.82005 5.82202 5.82256 5.82166 5.81932 5.81555 5.81038 5.80382 5.79591 5.78668 5.77617 5.76444 5.75153 5.73752 5.72247 5.70646 5.68956 5.67186 5.65344 5.6344 5.61484 5.59484 5.57451 5.55395 5.53326 5.51253 5.49186 5.47135 5.45108 5.43115 5.41163 5.3926 5.37414 5.35631 5.33917 5.32277 5.30717 5.2924 5.27849 5.26549 5.25341 5.24227 5.23209 5.22289 5.21466 5.20742 5.20118 5.19592 5.19166 5.1884 5.18613 5.18486 
5.1777 5.17843 5.18017 5.18291 5.18665 5.1914 5.19717 5.20393 5.21171 5.22048 5.23025 5.24099 5.25271 5.26538 5.27897 5.29346 5.30882 5.325 5.34195 5.35963 5.37798 5.39692 5.4164 5.43633 5.45664 5.47723 5.49802 5.51892 5.53983 5.56066 5.5813 5.60166 5.62165 5.64115 5.66009 5.67837 5.6959 5.71259 5.72838 5.74317 5.7569 5.76951 5.78093 5.79111 5.80001 5.80759 5.8138 5.81862 5.82202 5.824 5.82454 5.82363 5.82129 5.81752 5.81233 5.80576 5.79783 5.78857 5.77804 5.76628 5.75335 5.7393 5.72422 5.70817 5.69123 5.67348 5.65502 5.63593 5.61632 5.59628 5.5759 5.55528 5.53454 5.51375 5.49303 5.47247 5.45215 5.43216 5.41259 5.39351 5.375 5.35712 5.33993 5.32349 5.30784 5.29302 5.27908 5.26603 5.25392 5.24275 5.23254 5.2233 5.21505 5.20779 5.20152 5.19625 5.19198 5.18871 5.18643 5.18516 
