6.11496 6.11514 6.11543 6.11583 6.11634 6.11696 6.11768 6.11851 6.11945 6.1205 6.12166 6.12292 6.12429 6.12577 6.12736 6.12904 6.13083 6.13272 6.13471 6.13679 6.13895 6.1412 6.14352 6.14591 6.14836 6.15087 6.15342 6.156 6.15861 6.16122 6.16384 6.16644 6.16902 6.17156 6.17404 6.17646 6.17881 6.18106 6.1832 6.18523 6.18713 6.18888 6.19049 6.19193 6.1932 6.1943 6.1952 6.19592 6.19644 6.19676 6.19688 6.1968 6.19652 6.19605 6.19537 6.19451 6.19346 6.19224 6.19085 6.1893 6.1876 6.18576 6.1838 6.18172 6.17955 6.17728 6.17494 6.17254 6.17009 6.16761 6.16511 6.1626 6.1601 6.15761 6.15516 6.15274 6.15037 6.14806 6.14582 6.14365 6.14157 6.13957 6.13767 6.13586 6.13416 6.13257 6.13108 6.12971 6.12844 6.12729 6.12625 6.12533 6.12451 6.12382 6.12323 6.12276 6.12239 6.12214 6.122 6.12196 
6.11514 6.11533 6.11562 6.11602 6.11653 6.11715 6.11788 6.11871 6.11966 6.12071 6.12187 6.12315 6.12453 6.12601 6.12761 6.12931 6.13111 6.13301 6.13501 6.1371 6.13928 6.14154 6.14387 6.14628 6.14875 6.15127 6.15384 6.15644 6.15906 6.1617 6.16433 6.16695 6.16954 6.1721 6.1746 6.17704 6.1794 6.18167 6.18383 6.18587 6.18778 6.18955 6.19116 6.19261 6.1939 6.195 6.19591 6.19663 6.19715 6.19748 6.1976 6.19752 6.19724 6.19676 6.19608 6.19521 6.19415 6.19292 6.19152 6.18996 6.18825 6.1864 6.18442 6.18233 6.18014 6.17785 6.1755 6.17308 6.17062 6.16812 6.1656 6.16307 6.16055 6.15805 6.15558 6.15314 6.15075 6.14843 6.14617 6.14399 6.14189 6.13988 6.13797 6.13615 6.13444 6.13283 6.13133 6.12995 6.12868 6.12752 6.12647 6.12554 6.12472 6.12402 6.12343 6.12295 6.12258 6.12233 6.12218 6.12215 
6.11543 6.11562 6.11592 6.11632 6.11684 6.11747 6.1182 6.11905 6.12001 6.12108 6.12226 6.12356 6.12496 6.12647 6.12809 6.12982 6.13165 6.13358 6.13561 6.13774 6.13996 6.14226 6.14463 6.14708 6.14959 6.15216 6.15477 6.15741 6.16008 6.16276 6.16544 6.1681 6.17074 6.17334 6.17588 6.17836 6.18076 6.18306 6.18526 6.18733 6.18927 6.19107 6.19271 6.19419 6.19549 6.19661 6.19754 6.19827 6.1988 6.19913 6.19925 6.19917 6.19888 6.19839 6.1977 6.19681 6.19574 6.19449 6.19306 6.19147 6.18973 6.18785 6.18584 6.18371 6.18148 6.17916 6.17677 6.17431 6.1718 6.16926 6.1667 6.16413 6.16156 6.15901 6.1565 6.15402 6.15159 6.14922 6.14692 6.1447 6.14257 6.14052 6.13857 6.13672 6.13498 6.13334 6.13182 6.13041 6.12911 6.12793 6.12686 6.12591 6.12508 6.12436 6.12375 6.12327 6.12289 6.12263 6.12248 6.12244 
6.11583 6.11602 6.11632 6.11674 6.11726 6.1179 6.11866 6.11953 6.12051 6.12161 6.12282 6.12415 6.12559 6.12714 6.12881 6.13058 6.13246 6.13445 6.13653 6.13872 6.14099 6.14336 6.1458 6.14831 6.15089 6.15353 6.15621 6.15892 6.16166 6.16441 6.16716 6.16989 6.1726 6.17527 6.17788 6.18042 6.18288 6.18524 6.18749 6.18962 6.19161 6.19346 6.19514 6.19665 6.19799 6.19913 6.20008 6.20083 6.20138 6.20171 6.20184 6.20175 6.20145 6.20095 6.20024 6.19933 6.19823 6.19694 6.19548 6.19384 6.19206 6.19012 6.18806 6.18587 6.18358 6.1812 6.17874 6.17621 6.17364 6.17103 6.1684 6.16576 6.16312 6.1605 6.15792 6.15537 6.15287 6.15044 6.14808 6.14579 6.14359 6.14149 6.13948 6.13758 6.13578 6.1341 6.13253 6.13108 6.12974 6.12852 6.12742 6.12644 6.12558 6.12484 6.12421 6.12371 6.12332 6.12304 6.12289 6.12284 
6.11634 6.11653 6.11684 6.11726 6.11781 6.11847 6.11925 6.12015 6.12117 6.1223 6.12356 6.12493 6.12642 6.12803 6.12976 6.13159 6.13354 6.1356 6.13776 6.14003 6.14239 6.14484 6.14737 6.14997 6.15264 6.15537 6.15815 6.16096 6.1638 6.16664 6.16949 6.17232 6.17513 6.17789 6.18059 6.18322 6.18576 6.18821 6.19054 6.19274 6.1948 6.1967 6.19844 6.2 6.20138 6.20256 6.20355 6.20432 6.20488 6.20522 6.20535 6.20526 6.20495 6.20443 6.20369 6.20275 6.20161 6.20027 6.19876 6.19707 6.19521 6.19321 6.19107 6.18881 6.18644 6.18397 6.18142 6.1788 6.17614 6.17343 6.1707 6.16797 6.16523 6.16252 6.15983 6.15719 6.1546 6.15208 6.14963 6.14725 6.14497 6.14279 6.1407 6.13872 6.13686 6.13511 6.13347 6.13196 6.13057 6.1293 6.12815 6.12713 6.12623 6.12545 6.1248 6.12427 6.12386 6.12357 6.1234 6.12335 
6.11696 6.11715 6.11747 6.1179 6.11847 6.11916 6.11997 6.12091 6.12197 6.12315 6.12446 6.1259 6.12745 6.12914 6.13094 6.13286 6.1349 6.13705 6.13931 6.14167 6.14414 6.1467 6.14934 6.15206 6.15485 6.1577 6.1606 6.16354 6.1665 6.16947 6.17244 6.17539 6.17832 6.18119 6.18401 6.18675 6.18941 6.19195 6.19438 6.19667 6.19882 6.2008 6.20261 6.20424 6.20567 6.2069 6.20792 6.20872 6.20931 6.20966 6.20979 6.20969 6.20937 6.20882 6.20805 6.20707 6.20587 6.20448 6.2029 6.20114 6.1992 6.19711 6.19488 6.19252 6.19004 6.18747 6.1848 6.18207 6.17929 6.17646 6.17361 6.17075 6.16789 6.16506 6.16225 6.15949 6.15678 6.15414 6.15157 6.14909 6.1467 6.14441 6.14223 6.14015 6.1382 6.13636 6.13465 6.13306 6.13159 6.13026 6.12905 6.12798 6.12703 6.12621 6.12552 6.12496 6.12452 6.12421 6.12403 6.12397 
6.11768 6.11788 6.1182 6.11866 6.11925 6.11997 6.12082 6.1218 6.12292 6.12416 6.12554 6.12705 6.12869 6.13046 6.13235 6.13437 6.13652 6.13878 6.14116 6.14365 6.14624 6.14893 6.15172 6.15458 6.15751 6.16051 6.16356 6.16664 6.16975 6.17287 6.17599 6.1791 6.18217 6.18519 6.18815 6.19102 6.1938 6.19648 6.19902 6.20142 6.20367 6.20575 6.20765 6.20935 6.21085 6.21214 6.2132 6.21404 6.21465 6.21502 6.21515 6.21505 6.2147 6.21412 6.21332 6.21228 6.21103 6.20956 6.2079 6.20605 6.20402 6.20182 6.19948 6.197 6.19439 6.19169 6.18889 6.18602 6.18309 6.18012 6.17712 6.17411 6.17111 6.16812 6.16517 6.16226 6.1594 6.15662 6.15392 6.1513 6.14878 6.14636 6.14406 6.14187 6.1398 6.13786 6.13605 6.13437 6.13282 6.1314 6.13013 6.12898 6.12798 6.12711 6.12637 6.12577 6.1253 6.12497 6.12477 6.1247 
6.11851 6.11871 6.11905 6.11953 6.12015 6.12091 6.1218 6.12284 6.12402 6.12533 6.12679 6.12839 6.13012 6.13199 6.134 6.13614 6.13841 6.14081 6.14332 6.14596 6.1487 6.15155 6.15449 6.15752 6.16063 6.16379 6.16702 6.17028 6.17356 6.17686 6.18016 6.18343 6.18667 6.18986 6.19298 6.19602 6.19895 6.20177 6.20445 6.20698 6.20935 6.21154 6.21354 6.21533 6.21691 6.21826 6.21938 6.22027 6.2209 6.22129 6.22143 6.22131 6.22095 6.22033 6.21947 6.21838 6.21706 6.21551 6.21375 6.21179 6.20965 6.20733 6.20485 6.20223 6.19948 6.19662 6.19367 6.19063 6.18753 6.18439 6.18122 6.17804 6.17486 6.1717 6.16857 6.16549 6.16247 6.15952 6.15665 6.15388 6.15121 6.14864 6.14619 6.14387 6.14167 6.13961 6.13768 6.13589 6.13424 6.13273 6.13137 6.13015 6.12907 6.12814 6.12735 6.12671 6.1262 6.12584 6.12562 6.12554 
6.11945 6.11966 6.12001 6.12051 6.12117 6.12197 6.12292 6.12402 6.12527 6.12666 6.12821 6.12991 6.13175 6.13374 6.13588 6.13815 6.14057 6.14312 6.1458 6.1486 6.15152 6.15454 6.15767 6.16089 6.16419 6.16755 6.17097 6.17444 6.17792 6.18142 6.18492 6.18839 6.19183 6.19521 6.19852 6.20173 6.20484 6.20782 6.21066 6.21334 6.21585 6.21816 6.22028 6.22217 6.22384 6.22527 6.22645 6.22738 6.22805 6.22846 6.2286 6.22847 6.22808 6.22743 6.22652 6.22536 6.22395 6.22231 6.22045 6.21837 6.21609 6.21363 6.21101 6.20823 6.20531 6.20227 6.19913 6.19591 6.19262 6.18928 6.18592 6.18254 6.17916 6.1758 6.17247 6.16919 6.16598 6.16284 6.15978 6.15683 6.15398 6.15124 6.14863 6.14615 6.14381 6.1416 6.13954 6.13762 6.13586 6.13424 6.13278 6.13147 6.13032 6.12931 6.12846 6.12776 6.12722 6.12682 6.12658 6.12648 
6.1205 6.12071 6.12108 6.12161 6.1223 6.12315 6.12416 6.12533 6.12666 6.12816 6.12981 6.13162 6.13359 6.13571 6.13799 6.14042 6.143 6.14572 6.14858 6.15157 6.15468 6.15791 6.16125 6.16468 6.1682 6.17178 6.17543 6.17912 6.18283 6.18656 6.19028 6.19398 6.19763 6.20123 6.20474 6.20816 6.21147 6.21463 6.21765 6.22049 6.22315 6.22561 6.22785 6.22986 6.23163 6.23315 6.2344 6.23538 6.23609 6.23652 6.23666 6.23653 6.23611 6.23541 6.23444 6.2332 6.2317 6.22995 6.22797 6.22576 6.22334 6.22072 6.21792 6.21496 6.21186 6.20862 6.20528 6.20185 6.19834 6.19479 6.1912 6.18759 6.18399 6.1804 6.17685 6.17336 6.16992 6.16657 6.1633 6.16014 6.1571 6.15417 6.15137 6.14872 6.1462 6.14384 6.14163 6.13957 6.13767 6.13594 6.13437 6.13296 6.13171 6.13062 6.1297 6.12895 6.12835 6.12792 6.12765 6.12754 
6.12166 6.12187 6.12226 6.12282 6.12356 6.12446 6.12554 6.12679 6.12821 6.12981 6.13157 6.13351 6.13562 6.13789 6.14033 6.14293 6.14569 6.1486 6.15166 6.15486 6.15819 6.16165 6.16522 6.16889 6.17264 6.17648 6.18037 6.18431 6.18828 6.19226 6.19623 6.20017 6.20407 6.2079 6.21165 6.21529 6.21881 6.22218 6.2254 6.22842 6.23125 6.23387 6.23625 6.23839 6.24027 6.24188 6.24321 6.24425 6.245 6.24545 6.2456 6.24545 6.245 6.24425 6.24321 6.24189 6.24029 6.23843 6.23631 6.23395 6.23137 6.22858 6.22559 6.22243 6.21912 6.21567 6.2121 6.20843 6.20469 6.20089 6.19706 6.1932 6.18935 6.18552 6.18172 6.17797 6.1743 6.17071 6.16721 6.16382 6.16055 6.15741 6.15441 6.15156 6.14886 6.14632 6.14394 6.14173 6.13968 6.13781 6.13612 6.13459 6.13325 6.13207 6.13108 6.13025 6.12961 6.12913 6.12883 6.1287 
6.12292 6.12315 6.12356 6.12415 6.12493 6.1259 6.12705 6.12839 6.12991 6.13162 6.13351 6.13559 6.13785 6.14028 6.1429 6.14569 6.14865 6.15177 6.15505 6.15848 6.16205 6.16575 6.16958 6.1735 6.17753 6.18163 6.1858 6.19001 6.19425 6.19851 6.20275 6.20697 6.21113 6.21522 6.21922 6.22311 6.22687 6.23046 6.23389 6.23712 6.24013 6.24292 6.24545 6.24773 6.24973 6.25144 6.25286 6.25396 6.25476 6.25523 6.25539 6.25522 6.25474 6.25394 6.25283 6.25141 6.2497 6.24771 6.24545 6.24293 6.24017 6.23719 6.234 6.23062 6.22708 6.22339 6.21957 6.21565 6.21165 6.20759 6.20348 6.19936 6.19523 6.19113 6.18706 6.18304 6.1791 6.17525 6.1715 6.16786 6.16435 6.16098 6.15775 6.15468 6.15178 6.14904 6.14648 6.14409 6.14189 6.13987 6.13804 6.13639 6.13493 6.13366 6.13258 6.13168 6.13098 6.13046 6.13012 6.12998 
6.12429 6.12453 6.12496 6.12559 6.12642 6.12745 6.12869 6.13012 6.13175 6.13359 6.13562 6.13785 6.14027 6.14289 6.1457 6.14869 6.15187 6.15522 6.15874 6.16242 6.16625 6.17022 6.17432 6.17853 6.18284 6.18724 6.1917 6.19621 6.20075 6.2053 6.20984 6.21435 6.2188 6.22318 6.22745 6.2316 6.23561 6.23945 6.24311 6.24655 6.24977 6.25274 6.25545 6.25787 6.26 6.26182 6.26333 6.2645 6.26535 6.26585 6.26601 6.26583 6.26531 6.26445 6.26326 6.26175 6.25992 6.25779 6.25537 6.25268 6.24973 6.24653 6.24312 6.23951 6.23572 6.23178 6.22769 6.2235 6.21921 6.21486 6.21047 6.20605 6.20162 6.19722 6.19286 6.18855 6.18432 6.18019 6.17616 6.17225 6.16847 6.16485 6.16138 6.15808 6.15495 6.152 6.14923 6.14666 6.14428 6.1421 6.14012 6.13834 6.13676 6.13538 6.13421 6.13323 6.13246 6.13189 6.13152 6.13136 
6.12577 6.12601 6.12647 6.12714 6.12803 6.12914 6.13046 6.13199 6.13374 6.13571 6.13789 6.14028 6.14289 6.1457 6.14872 6.15193 6.15534 6.15894 6.16272 6.16667 6.17078 6.17504 6.17943 6.18395 6.18857 6.19328 6.19807 6.2029 6.20776 6.21263 6.21749 6.22231 6.22707 6.23175 6.23632 6.24075 6.24504 6.24914 6.25304 6.25672 6.26015 6.26331 6.2662 6.26878 6.27105 6.273 6.2746 6.27585 6.27674 6.27728 6.27745 6.27725 6.27669 6.27577 6.27449 6.27287 6.27092 6.26864 6.26605 6.26317 6.26001 6.2566 6.25295 6.24909 6.24503 6.24081 6.23644 6.23195 6.22736 6.2227 6.21799 6.21325 6.20852 6.20379 6.19911 6.19449 6.18995 6.18551 6.18118 6.17698 6.17293 6.16903 6.16529 6.16174 6.15837 6.15519 6.15221 6.14943 6.14687 6.14451 6.14237 6.14044 6.13873 6.13724 6.13597 6.13491 6.13407 6.13344 6.13303 6.13284 
6.12736 6.12761 6.12809 6.12881 6.12976 6.13094 6.13235 6.134 6.13588 6.13799 6.14033 6.1429 6.1457 6.14872 6.15196 6.15541 6.15907 6.16293 6.16699 6.17123 6.17564 6.18021 6.18492 6.18976 6.19471 6.19976 6.20488 6.21006 6.21526 6.22047 6.22567 6.23083 6.23592 6.24092 6.2458 6.25054 6.25511 6.25949 6.26365 6.26758 6.27124 6.27462 6.27769 6.28045 6.28286 6.28493 6.28664 6.28797 6.28892 6.28948 6.28966 6.28944 6.28884 6.28785 6.28649 6.28475 6.28266 6.28023 6.27746 6.27438 6.27101 6.26736 6.26346 6.25933 6.25499 6.25047 6.2458 6.24099 6.23608 6.23109 6.22604 6.22097 6.21589 6.21083 6.20581 6.20086 6.19598 6.19122 6.18657 6.18206 6.1777 6.1735 6.16949 6.16566 6.16203 6.15861 6.1554 6.15241 6.14964 6.14709 6.14478 6.1427 6.14085 6.13923 6.13785 6.1367 6.13578 6.1351 6.13465 6.13444 
6.12904 6.12931 6.12982 6.13058 6.13159 6.13286 6.13437 6.13614 6.13815 6.14042 6.14293 6.14569 6.14869 6.15193 6.15541 6.15912 6.16305 6.16719 6.17154 6.17609 6.18081 6.18571 6.19076 6.19595 6.20125 6.20666 6.21214 6.21767 6.22324 6.22882 6.23437 6.23988 6.24532 6.25066 6.25587 6.26093 6.26581 6.27049 6.27493 6.27911 6.28301 6.28661 6.28989 6.29282 6.2954 6.2976 6.29941 6.30083 6.30184 6.30243 6.30262 6.30238 6.30174 6.30068 6.29922 6.29737 6.29513 6.29253 6.28957 6.28628 6.28268 6.27878 6.27461 6.2702 6.26556 6.26073 6.25574 6.2506 6.24534 6.24001 6.23461 6.22917 6.22374 6.21832 6.21294 6.20763 6.2024 6.19729 6.1923 6.18746 6.18277 6.17827 6.17395 6.16984 6.16594 6.16225 6.1588 6.15557 6.15259 6.14985 6.14735 6.1451 6.1431 6.14135 6.13985 6.13861 6.13761 6.13687 6.13638 6.13614 
6.13083 6.13111 6.13165 6.13246 6.13354 6.1349 6.13652 6.13841 6.14057 6.143 6.14569 6.14865 6.15187 6.15534 6.15907 6.16305 6.16726 6.1717 6.17636 6.18123 6.18629 6.19154 6.19694 6.2025 6.20817 6.21395 6.21981 6.22573 6.23168 6.23764 6.24357 6.24945 6.25526 6.26096 6.26652 6.27192 6.27712 6.2821 6.28683 6.29129 6.29544 6.29928 6.30276 6.30589 6.30862 6.31096 6.31289 6.31439 6.31546 6.3161 6.31629 6.31603 6.31534 6.31421 6.31265 6.31067 6.30829 6.30551 6.30235 6.29884 6.295 6.29084 6.28639 6.28168 6.27673 6.27157 6.26624 6.26075 6.25513 6.24943 6.24366 6.23785 6.23203 6.22623 6.22047 6.21479 6.20919 6.20371 6.19837 6.19317 6.18815 6.18332 6.17868 6.17427 6.17007 6.16611 6.16239 6.15893 6.15571 6.15276 6.15007 6.14764 6.14549 6.1436 6.14198 6.14063 6.13955 6.13874 6.13821 6.13794 
6.13272 6.13301 6.13358 6.13445 6.1356 6.13705 6.13878 6.14081 6.14312 6.14572 6.1486 6.15177 6.15522 6.15894 6.16293 6.16719 6.1717 6.17645 6.18144 6.18665 6.19207 6.19768 6.20346 6.20939 6.21546 6.22163 6.22789 6.23421 6.24056 6.24691 6.25324 6.25952 6.26571 6.27178 6.2777 6.28345 6.28899 6.29429 6.29933 6.30407 6.30849 6.31257 6.31627 6.31959 6.3225 6.32499 6.32703 6.32863 6.32976 6.33043 6.33063 6.33035 6.32961 6.3284 6.32674 6.32463 6.32209 6.31913 6.31577 6.31203 6.30793 6.3035 6.29876 6.29373 6.28846 6.28296 6.27727 6.27141 6.26542 6.25933 6.25317 6.24697 6.24075 6.23456 6.2284 6.22232 6.21634 6.21047 6.20475 6.19919 6.19381 6.18863 6.18367 6.17893 6.17443 6.17018 6.16619 6.16246 6.15901 6.15583 6.15294 6.15033 6.14801 6.14597 6.14422 6.14276 6.1416 6.14072 6.14013 6.13984 
6.13471 6.13501 6.13561 6.13653 6.13776 6.13931 6.14116 6.14332 6.1458 6.14858 6.15166 6.15505 6.15874 6.16272 6.16699 6.17154 6.17636 6.18144 6.18678 6.19234 6.19813 6.20412 6.21029 6.21662 6.22309 6.22968 6.23635 6.24309 6.24985 6.25662 6.26336 6.27004 6.27663 6.28309 6.28939 6.2955 6.30139 6.30703 6.31238 6.31742 6.32211 6.32644 6.33038 6.3339 6.33699 6.33962 6.34179 6.34348 6.34468 6.34539 6.34559 6.3453 6.3445 6.34322 6.34145 6.3392 6.3365 6.33335 6.32977 6.3258 6.32143 6.31672 6.31167 6.30633 6.30071 6.29486 6.2888 6.28256 6.27618 6.26969 6.26312 6.25651 6.24988 6.24327 6.2367 6.23021 6.22382 6.21756 6.21144 6.2055 6.19975 6.19421 6.18889 6.18382 6.179 6.17445 6.17017 6.16617 6.16247 6.15906 6.15595 6.15315 6.15065 6.14846 6.14658 6.14501 6.14375 6.1428 6.14216 6.14184 
6.13679 6.1371 6.13774 6.13872 6.14003 6.14167 6.14365 6.14596 6.1486 6.15157 6.15486 6.15848 6.16242 6.16667 6.17123 6.17609 6.18123 6.18665 6.19234 6.19828 6.20445 6.21083 6.21741 6.22415 6.23105 6.23806 6.24516 6.25233 6.25953 6.26673 6.2739 6.281 6.28799 6.29486 6.30155 6.30804 6.31429 6.32027 6.32595 6.33129 6.33627 6.34086 6.34503 6.34877 6.35204 6.35483 6.35712 6.35891 6.36018 6.36092 6.36114 6.36082 6.35997 6.35861 6.35673 6.35434 6.35147 6.34812 6.34433 6.3401 6.33547 6.33046 6.3251 6.31942 6.31346 6.30723 6.30079 6.29416 6.28737 6.28047 6.27348 6.26644 6.25938 6.25234 6.24535 6.23843 6.23162 6.22494 6.21842 6.21208 6.20594 6.20002 6.19434 6.18892 6.18377 6.1789 6.17432 6.17005 6.16608 6.16243 6.1591 6.15609 6.15341 6.15106 6.14904 6.14735 6.14599 6.14497 6.14428 6.14392 
6.13895 6.13928 6.13996 6.14099 6.14239 6.14414 6.14624 6.1487 6.15152 6.15468 6.15819 6.16205 6.16625 6.17078 6.17564 6.18081 6.18629 6.19207 6.19813 6.20445 6.21101 6.21781 6.2248 6.23198 6.2393 6.24676 6.25431 6.26192 6.26956 6.27721 6.28481 6.29235 6.29977 6.30705 6.31414 6.32102 6.32765 6.33398 6.33999 6.34565 6.35092 6.35578 6.36019 6.36414 6.3676 6.37055 6.37297 6.37486 6.3762 6.37698 6.3772 6.37686 6.37597 6.37452 6.37252 6.36999 6.36695 6.3634 6.35938 6.3549 6.34999 6.34468 6.339 6.33298 6.32665 6.32005 6.31321 6.30617 6.29897 6.29163 6.28421 6.27673 6.26924 6.26175 6.25432 6.24696 6.23971 6.2326 6.22566 6.2189 6.21236 6.20606 6.2 6.19422 6.18873 6.18353 6.17864 6.17408 6.16984 6.16594 6.16237 6.15916 6.15629 6.15377 6.1516 6.14979 6.14834 6.14723 6.14649 6.1461 
6.1412 6.14154 6.14226 6.14336 6.14484 6.1467 6.14893 6.15155 6.15454 6.15791 6.16165 6.16575 6.17022 6.17504 6.18021 6.18571 6.19154 6.19768 6.20412 6.21083 6.21781 6.22502 6.23245 6.24006 6.24784 6.25574 6.26375 6.27182 6.27992 6.28802 6.29608 6.30405 6.31191 6.31961 6.32712 6.3344 6.3414 6.3481 6.35446 6.36044 6.366 6.37113 6.3758 6.37996 6.38361 6.38673 6.38929 6.39128 6.39269 6.39351 6.39374 6.39338 6.39243 6.39089 6.38878 6.3861 6.38288 6.37913 6.37487 6.37013 6.36494 6.35932 6.35331 6.34694 6.34024 6.33325 6.32601 6.31855 6.31092 6.30315 6.29529 6.28736 6.2794 6.27147 6.26357 6.25576 6.24807 6.24052 6.23314 6.22596 6.21901 6.2123 6.20586 6.19971 6.19386 6.18832 6.18312 6.17825 6.17373 6.16957 6.16577 6.16233 6.15927 6.15658 6.15426 6.15232 6.15076 6.14958 6.14878 6.14836 
6.14352 6.14387 6.14463 6.1458 6.14737 6.14934 6.15172 6.15449 6.15767 6.16125 6.16522 6.16958 6.17432 6.17943 6.18492 6.19076 6.19694 6.20346 6.21029 6.21741 6.2248 6.23245 6.24032 6.24838 6.25662 6.26499 6.27346 6.282 6.29057 6.29913 6.30765 6.31608 6.32438 6.33252 6.34045 6.34813 6.35552 6.36259 6.36929 6.3756 6.38147 6.38688 6.39179 6.39618 6.40003 6.40331 6.406 6.4081 6.40958 6.41044 6.41068 6.4103 6.40929 6.40767 6.40543 6.40261 6.39921 6.39525 6.39076 6.38576 6.38027 6.37434 6.36799 6.36126 6.35418 6.3468 6.33915 6.33127 6.3232 6.31498 6.30666 6.29827 6.28985 6.28145 6.27309 6.26482 6.25666 6.24866 6.24084 6.23323 6.22585 6.21873 6.21189 6.20536 6.19914 6.19326 6.18773 6.18255 6.17774 6.17331 6.16927 6.16561 6.16235 6.15948 6.15701 6.15494 6.15327 6.15201 6.15115 6.15069 
6.14591 6.14628 6.14708 6.14831 6.14997 6.15206 6.15458 6.15752 6.16089 6.16468 6.16889 6.1735 6.17853 6.18395 6.18976 6.19595 6.2025 6.20939 6.21662 6.22415 6.23198 6.24006 6.24838 6.25691 6.26561 6.27445 6.2834 6.29242 6.30146 6.3105 6.31948 6.32837 6.33713 6.3457 6.35406 6.36215 6.36994 6.37738 6.38444 6.39108 6.39726 6.40295 6.40812 6.41274 6.41678 6.42023 6.42306 6.42526 6.42682 6.42772 6.42797 6.42756 6.4265 6.42478 6.42243 6.41946 6.41588 6.41171 6.40697 6.4017 6.39593 6.38968 6.38298 6.37589 6.36843 6.36064 6.35257 6.34426 6.33575 6.32708 6.31829 6.30944 6.30055 6.29167 6.28284 6.27409 6.26547 6.257 6.24873 6.24067 6.23286 6.22532 6.21808 6.21116 6.20457 6.19833 6.19246 6.18697 6.18187 6.17716 6.17287 6.16898 6.16551 6.16246 6.15983 6.15763 6.15585 6.15451 6.15359 6.1531 
6.14836 6.14875 6.14959 6.15089 6.15264 6.15485 6.15751 6.16063 6.16419 6.1682 6.17264 6.17753 6.18284 6.18857 6.19471 6.20125 6.20817 6.21546 6.22309 6.23105 6.2393 6.24784 6.25662 6.26561 6.27478 6.28411 6.29354 6.30304 6.31256 6.32208 6.33154 6.34089 6.35011 6.35913 6.36792 6.37642 6.38461 6.39243 6.39985 6.40682 6.41331 6.41929 6.42471 6.42956 6.4338 6.43742 6.44039 6.4427 6.44433 6.44528 6.44553 6.4451 6.44398 6.44218 6.43971 6.43658 6.43281 6.42843 6.42345 6.41791 6.41184 6.40527 6.39823 6.39077 6.38292 6.37473 6.36624 6.35749 6.34853 6.3394 6.33014 6.32081 6.31144 6.30208 6.29277 6.28355 6.27445 6.26552 6.25678 6.24827 6.24002 6.23206 6.2244 6.21708 6.21011 6.20351 6.1973 6.19149 6.18609 6.1811 6.17655 6.17243 6.16875 6.16551 6.16273 6.16039 6.1585 6.15707 6.15609 6.15556 
6.15087 6.15127 6.15216 6.15353 6.15537 6.1577 6.16051 6.16379 6.16755 6.17178 6.17648 6.18163 6.18724 6.19328 6.19976 6.20666 6.21395 6.22163 6.22968 6.23806 6.24676 6.25574 6.26499 6.27445 6.28411 6.29391 6.30383 6.31382 6.32383 6.33383 6.34377 6.35359 6.36327 6.37274 6.38196 6.39088 6.39947 6.40767 6.41545 6.42276 6.42956 6.43582 6.44151 6.44659 6.45103 6.45482 6.45793 6.46034 6.46205 6.46304 6.4633 6.46285 6.46167 6.45978 6.45718 6.4539 6.44995 6.44536 6.44014 6.43433 6.42796 6.42106 6.41368 6.40584 6.39761 6.38901 6.38009 6.3709 6.36148 6.35189 6.34216 6.33235 6.3225 6.31265 6.30286 6.29315 6.28357 6.27416 6.26496 6.256 6.2473 6.2389 6.23083 6.22311 6.21575 6.20879 6.20223 6.19609 6.19038 6.18512 6.1803 6.17595 6.17205 6.16863 6.16568 6.1632 6.1612 6.15968 6.15864 6.15808 
6.15342 6.15384 6.15477 6.15621 6.15815 6.1606 6.16356 6.16702 6.17097 6.17543 6.18037 6.1858 6.1917 6.19807 6.20488 6.21214 6.21981 6.22789 6.23635 6.24516 6.25431 6.26375 6.27346 6.2834 6.29354 6.30383 6.31424 6.32471 6.33522 6.3457 6.35612 6.36642 6.37655 6.38647 6.39613 6.40548 6.41446 6.42305 6.43118 6.43883 6.44595 6.45249 6.45844 6.46374 6.46839 6.47235 6.4756 6.47812 6.4799 6.48093 6.4812 6.48072 6.47949 6.47751 6.47479 6.47136 6.46723 6.46241 6.45695 6.45087 6.4442 6.43698 6.42925 6.42105 6.41242 6.40341 6.39407 6.38444 6.37457 6.36451 6.3543 6.34401 6.33367 6.32334 6.31305 6.30286 6.2928 6.28291 6.27324 6.26382 6.25467 6.24584 6.23734 6.22922 6.22147 6.21414 6.20723 6.20076 6.19474 6.18919 6.18411 6.17952 6.17541 6.1718 6.16868 6.16606 6.16395 6.16234 6.16124 6.16064 
6.156 6.15644 6.15741 6.15892 6.16096 6.16354 6.16664 6.17028 6.17444 6.17912 6.18431 6.19001 6.19621 6.2029 6.21006 6.21767 6.22573 6.23421 6.24309 6.25233 6.26192 6.27182 6.282 6.29242 6.30304 6.31382 6.32471 6.33568 6.34668 6.35765 6.36854 6.37931 6.38991 6.40028 6.41037 6.42013 6.42952 6.43849 6.44698 6.45497 6.46239 6.46922 6.47542 6.48096 6.48581 6.48994 6.49332 6.49595 6.4978 6.49888 6.49916 6.49866 6.49737 6.4953 6.49246 6.48888 6.48456 6.47953 6.47383 6.46748 6.46051 6.45297 6.44489 6.43632 6.4273 6.41789 6.40811 6.39804 6.38772 6.37719 6.36652 6.35574 6.34492 6.3341 6.32332 6.31264 6.30209 6.29173 6.28158 6.2717 6.2621 6.25283 6.24391 6.23538 6.22724 6.21954 6.21228 6.20547 6.19915 6.19331 6.18797 6.18313 6.1788 6.175 6.17172 6.16896 6.16673 6.16503 6.16387 6.16324 
6.15861 6.15906 6.16008 6.16166 6.1638 6.1665 6.16975 6.17356 6.17792 6.18283 6.18828 6.19425 6.20075 6.20776 6.21526 6.22324 6.23168 6.24056 6.24985 6.25953 6.26956 6.27992 6.29057 6.30146 6.31256 6.32383 6.33522 6.34668 6.35816 6.36961 6.38098 6.39222 6.40328 6.41409 6.42462 6.4348 6.44459 6.45393 6.46278 6.4711 6.47883 6.48595 6.4924 6.49817 6.50321 6.50751 6.51103 6.51376 6.51569 6.51681 6.5171 6.51657 6.51523 6.51307 6.51012 6.50638 6.50188 6.49664 6.4907 6.48408 6.47682 6.46896 6.46053 6.4516 6.44219 6.43237 6.42217 6.41166 6.40088 6.38989 6.37875 6.36749 6.35618 6.34487 6.33361 6.32244 6.31141 6.30057 6.28996 6.27961 6.26956 6.25985 6.25051 6.24157 6.23305 6.22497 6.21735 6.21022 6.20358 6.19745 6.19184 6.18676 6.18222 6.17823 6.17478 6.17188 6.16953 6.16775 6.16652 6.16585 
6.16122 6.1617 6.16276 6.16441 6.16664 6.16947 6.17287 6.17686 6.18142 6.18656 6.19226 6.19851 6.2053 6.21263 6.22047 6.22882 6.23764 6.24691 6.25662 6.26673 6.27721 6.28802 6.29913 6.3105 6.32208 6.33383 6.3457 6.35765 6.36961 6.38154 6.39339 6.40509 6.4166 6.42786 6.43881 6.4494 6.45958 6.4693 6.47851 6.48715 6.49519 6.50258 6.50929 6.51528 6.52052 6.52498 6.52864 6.53148 6.53348 6.53464 6.53494 6.53439 6.53299 6.53075 6.52767 6.52379 6.51911 6.51367 6.50748 6.5006 6.49305 6.48487 6.47611 6.46681 6.45702 6.44679 6.43618 6.42523 6.41401 6.40256 6.39094 6.37921 6.36742 6.35563 6.34388 6.33223 6.32072 6.3094 6.29832 6.28751 6.27702 6.26687 6.25711 6.24776 6.23885 6.2304 6.22243 6.21497 6.20802 6.2016 6.19573 6.19041 6.18565 6.18146 6.17785 6.17481 6.17235 6.17047 6.16918 6.16848 
6.16384 6.16433 6.16544 6.16716 6.16949 6.17244 6.17599 6.18016 6.18492 6.19028 6.19623 6.20275 6.20984 6.21749 6.22567 6.23437 6.24357 6.25324 6.26336 6.2739 6.28481 6.29608 6.30765 6.31948 6.33154 6.34377 6.35612 6.36854 6.38098 6.39339 6.4057 6.41786 6.42982 6.44151 6.45289 6.46388 6.47445 6.48454 6.49409 6.50306 6.5114 6.51907 6.52602 6.53224 6.53767 6.54229 6.54608 6.54902 6.5511 6.55229 6.55261 6.55203 6.55058 6.54825 6.54506 6.54103 6.53618 6.53053 6.52411 6.51697 6.50913 6.50064 6.49154 6.48188 6.47172 6.46109 6.45007 6.43869 6.42702 6.41512 6.40305 6.39085 6.37858 6.36631 6.35408 6.34195 6.32997 6.31818 6.30664 6.29537 6.28444 6.27386 6.26368 6.25393 6.24463 6.23581 6.22749 6.2197 6.21244 6.20574 6.19961 6.19405 6.18907 6.18469 6.18091 6.17773 6.17516 6.1732 6.17185 6.17111 
6.16644 6.16695 6.1681 6.16989 6.17232 6.17539 6.1791 6.18343 6.18839 6.19398 6.20017 6.20697 6.21435 6.22231 6.23083 6.23988 6.24945 6.25952 6.27004 6.281 6.29235 6.30405 6.31608 6.32837 6.34089 6.35359 6.36642 6.37931 6.39222 6.40509 6.41786 6.43048 6.44287 6.45499 6.46678 6.47818 6.48912 6.49957 6.50946 6.51875 6.52738 6.53532 6.54252 6.54895 6.55457 6.55935 6.56327 6.56631 6.56846 6.56969 6.57001 6.56942 6.56791 6.5655 6.5622 6.55802 6.553 6.54715 6.5405 6.5331 6.52498 6.51619 6.50676 6.49676 6.48622 6.47521 6.46378 6.45198 6.43988 6.42754 6.415 6.40234 6.38961 6.37687 6.36417 6.35157 6.33912 6.32687 6.31487 6.30316 6.29178 6.28078 6.27019 6.26004 6.25036 6.24118 6.23251 6.22439 6.21684 6.20985 6.20346 6.19766 6.19247 6.18791 6.18396 6.18064 6.17796 6.17591 6.17449 6.17372 
6.16902 6.16954 6.17074 6.1726 6.17513 6.17832 6.18217 6.18667 6.19183 6.19763 6.20407 6.21113 6.2188 6.22707 6.23592 6.24532 6.25526 6.26571 6.27663 6.28799 6.29977 6.31191 6.32438 6.33713 6.35011 6.36327 6.37655 6.38991 6.40328 6.4166 6.42982 6.44287 6.4557 6.46824 6.48043 6.49221 6.50353 6.51432 6.52455 6.53414 6.54306 6.55126 6.5587 6.56534 6.57114 6.57608 6.58013 6.58327 6.58548 6.58676 6.58709 6.58647 6.58491 6.58242 6.57901 6.57469 6.5695 6.56345 6.55659 6.54894 6.54055 6.53146 6.52171 6.51136 6.50047 6.48907 6.47725 6.46504 6.45252 6.43974 6.42676 6.41365 6.40046 6.38726 6.3741 6.36104 6.34813 6.33543 6.32298 6.31083 6.29902 6.2876 6.2766 6.26606 6.25601 6.24647 6.23747 6.22903 6.22117 6.21391 6.20726 6.20123 6.19584 6.19108 6.18697 6.18352 6.18072 6.17859 6.17712 6.17631 
6.17156 6.1721 6.17334 6.17527 6.17789 6.18119 6.18519 6.18986 6.19521 6.20123 6.2079 6.21522 6.22318 6.23175 6.24092 6.25066 6.26096 6.27178 6.28309 6.29486 6.30705 6.31961 6.33252 6.3457 6.35913 6.37274 6.38647 6.40028 6.41409 6.42786 6.44151 6.45499 6.46824 6.48118 6.49376 6.50592 6.5176 6.52874 6.53928 6.54918 6.55837 6.56683 6.5745 6.58134 6.58732 6.59241 6.59658 6.59982 6.60209 6.60341 6.60374 6.60311 6.6015 6.59893 6.59541 6.59096 6.58561 6.57937 6.57229 6.5644 6.55574 6.54636 6.53631 6.52563 6.51438 6.50262 6.49041 6.47781 6.46487 6.45167 6.43826 6.42471 6.41108 6.39743 6.38382 6.37031 6.35695 6.3438 6.33092 6.31834 6.30612 6.29429 6.2829 6.27197 6.26155 6.25167 6.24233 6.23358 6.22543 6.2179 6.211 6.20474 6.19914 6.1942 6.18994 6.18635 6.18345 6.18123 6.1797 6.17886 
6.17404 6.1746 6.17588 6.17788 6.18059 6.18401 6.18815 6.19298 6.19852 6.20474 6.21165 6.21922 6.22745 6.23632 6.2458 6.25587 6.26652 6.2777 6.28939 6.30155 6.31414 6.32712 6.34045 6.35406 6.36792 6.38196 6.39613 6.41037 6.42462 6.43881 6.45289 6.46678 6.48043 6.49376 6.50672 6.51925 6.53127 6.54274 6.55359 6.56378 6.57324 6.58194 6.58983 6.59687 6.60302 6.60826 6.61255 6.61587 6.61822 6.61956 6.61991 6.61926 6.6176 6.61496 6.61133 6.60676 6.60124 6.59483 6.58754 6.57942 6.5705 6.56084 6.55049 6.53949 6.5279 6.51579 6.50321 6.49022 6.47688 6.46327 6.44944 6.43547 6.42141 6.40732 6.39328 6.37933 6.36554 6.35197 6.33866 6.32567 6.31304 6.30081 6.28903 6.27774 6.26697 6.25674 6.24708 6.23803 6.22959 6.2218 6.21465 6.20817 6.20237 6.19726 6.19284 6.18913 6.18612 6.18381 6.18223 6.18135 
6.17646 6.17704 6.17836 6.18042 6.18322 6.18675 6.19102 6.19602 6.20173 6.20816 6.21529 6.22311 6.2316 6.24075 6.25054 6.26093 6.27192 6.28345 6.2955 6.30804 6.32102 6.3344 6.34813 6.36215 6.37642 6.39088 6.40548 6.42013 6.4348 6.4494 6.46388 6.47818 6.49221 6.50592 6.51925 6.53212 6.54448 6.55626 6.56741 6.57787 6.5876 6.59653 6.60463 6.61186 6.61818 6.62355 6.62796 6.63137 6.63377 6.63516 6.63551 6.63484 6.63314 6.63042 6.6267 6.622 6.61633 6.60974 6.60226 6.59391 6.58475 6.57483 6.56418 6.55288 6.54097 6.52851 6.51557 6.50221 6.4885 6.47449 6.46026 6.44588 6.4314 6.4169 6.40243 6.38807 6.37386 6.35987 6.34616 6.33276 6.31974 6.30713 6.29498 6.28333 6.27221 6.26166 6.25169 6.24234 6.23363 6.22558 6.2182 6.21151 6.20552 6.20023 6.19567 6.19182 6.18871 6.18633 6.18469 6.18378 
6.17881 6.1794 6.18076 6.18288 6.18576 6.18941 6.1938 6.19895 6.20484 6.21147 6.21881 6.22687 6.23561 6.24504 6.25511 6.26581 6.27712 6.28899 6.30139 6.31429 6.32765 6.3414 6.35552 6.36994 6.38461 6.39947 6.41446 6.42952 6.44459 6.45958 6.47445 6.48912 6.50353 6.5176 6.53127 6.54448 6.55715 6.56924 6.58067 6.5914 6.60137 6.61053 6.61883 6.62624 6.63271 6.63822 6.64273 6.64623 6.64869 6.65011 6.65047 6.64978 6.64804 6.64525 6.64144 6.63662 6.63081 6.62405 6.61638 6.60782 6.59843 6.58825 6.57733 6.56573 6.55351 6.54073 6.52745 6.51373 6.49965 6.48527 6.47066 6.45588 6.44101 6.42611 6.41124 6.39647 6.38187 6.36748 6.35337 6.33959 6.32619 6.31322 6.30072 6.28872 6.27727 6.2664 6.25614 6.24651 6.23753 6.22923 6.22163 6.21473 6.20855 6.2031 6.19839 6.19443 6.19122 6.18876 6.18707 6.18613 
6.18106 6.18167 6.18306 6.18524 6.18821 6.19195 6.19648 6.20177 6.20782 6.21463 6.22218 6.23046 6.23945 6.24914 6.25949 6.27049 6.2821 6.29429 6.30703 6.32027 6.33398 6.3481 6.36259 6.37738 6.39243 6.40767 6.42305 6.43849 6.45393 6.4693 6.48454 6.49957 6.51432 6.52874 6.54274 6.55626 6.56924 6.58161 6.59331 6.60429 6.61449 6.62386 6.63236 6.63994 6.64656 6.65219 6.65681 6.66038 6.6629 6.66435 6.66472 6.66401 6.66223 6.65938 6.65547 6.65054 6.6446 6.63769 6.62983 6.62107 6.61146 6.60104 6.58986 6.57799 6.56547 6.55238 6.53877 6.52472 6.51029 6.49556 6.48058 6.46543 6.45018 6.4349 6.41965 6.4045 6.38952 6.37475 6.36027 6.34613 6.33237 6.31905 6.3062 6.29388 6.28212 6.27095 6.2604 6.2505 6.24127 6.23274 6.22491 6.21782 6.21146 6.20586 6.20101 6.19694 6.19363 6.1911 6.18936 6.18839 
6.1832 6.18383 6.18526 6.18749 6.19054 6.19438 6.19902 6.20445 6.21066 6.21765 6.2254 6.23389 6.24311 6.25304 6.26365 6.27493 6.28683 6.29933 6.31238 6.32595 6.33999 6.35446 6.36929 6.38444 6.39985 6.41545 6.43118 6.44698 6.46278 6.47851 6.49409 6.50946 6.52455 6.53928 6.55359 6.56741 6.58067 6.59331 6.60527 6.61648 6.6269 6.63647 6.64515 6.65289 6.65965 6.6654 6.67011 6.67376 6.67633 6.67781 6.67819 6.67747 6.67564 6.67273 6.66875 6.66371 6.65764 6.65058 6.64255 6.63361 6.62378 6.61314 6.60172 6.58958 6.57679 6.5634 6.5495 6.53513 6.52037 6.5053 6.48997 6.47448 6.45887 6.44323 6.42762 6.41211 6.39677 6.38165 6.36682 6.35232 6.33823 6.32457 6.31141 6.29878 6.28672 6.27526 6.26444 6.25429 6.24482 6.23607 6.22804 6.22076 6.21424 6.20848 6.20351 6.19932 6.19593 6.19333 6.19154 6.19055 
6.18523 6.18587 6.18733 6.18962 6.19274 6.19667 6.20142 6.20698 6.21334 6.22049 6.22842 6.23712 6.24655 6.25672 6.26758 6.27911 6.29129 6.30407 6.31742 6.33129 6.34565 6.36044 6.3756 6.39108 6.40682 6.42276 6.43883 6.45497 6.4711 6.48715 6.50306 6.51875 6.53414 6.54918 6.56378 6.57787 6.5914 6.60429 6.61648 6.62792 6.63854 6.6483 6.65714 6.66503 6.67192 6.67778 6.68259 6.68631 6.68893 6.69043 6.69082 6.69008 6.68822 6.68525 6.68119 6.67605 6.66987 6.66267 6.65448 6.64536 6.63534 6.62448 6.61284 6.60046 6.58741 6.57375 6.55956 6.54489 6.52983 6.51444 6.4988 6.48297 6.46703 6.45106 6.43511 6.41927 6.40359 6.38813 6.37297 6.35815 6.34374 6.32978 6.31631 6.30339 6.29105 6.27933 6.26826 6.25786 6.24817 6.23921 6.23099 6.22353 6.21685 6.21096 6.20586 6.20157 6.1981 6.19544 6.1936 6.19258 
6.18713 6.18778 6.18927 6.19161 6.1948 6.19882 6.20367 6.20935 6.21585 6.22315 6.23125 6.24013 6.24977 6.26015 6.27124 6.28301 6.29544 6.30849 6.32211 6.33627 6.35092 6.366 6.38147 6.39726 6.41331 6.42956 6.44595 6.46239 6.47883 6.49519 6.5114 6.52738 6.54306 6.55837 6.57324 6.5876 6.60137 6.61449 6.6269 6.63854 6.64935 6.65928 6.66828 6.67631 6.68332 6.68928 6.69417 6.69795 6.70062 6.70215 6.70254 6.70179 6.6999 6.69688 6.69274 6.68752 6.68122 6.67389 6.66556 6.65628 6.64608 6.63503 6.62317 6.61056 6.59727 6.58337 6.56891 6.55397 6.53863 6.52295 6.50701 6.49088 6.47463 6.45834 6.44209 6.42593 6.40993 6.39417 6.3787 6.36358 6.34887 6.33462 6.32088 6.30769 6.29509 6.28312 6.27181 6.2612 6.2513 6.24214 6.23374 6.22612 6.2193 6.21327 6.20807 6.20368 6.20013 6.1974 6.19552 6.19448 
6.18888 6.18955 6.19107 6.19346 6.1967 6.2008 6.20575 6.21154 6.21816 6.22561 6.23387 6.24292 6.25274 6.26331 6.27462 6.28661 6.29928 6.31257 6.32644 6.34086 6.35578 6.37113 6.38688 6.40295 6.41929 6.43582 6.45249 6.46922 6.48595 6.50258 6.51907 6.53532 6.55126 6.56683 6.58194 6.59653 6.61053 6.62386 6.63647 6.6483 6.65928 6.66937 6.67851 6.68666 6.69379 6.69984 6.7048 6.70865 6.71135 6.71291 6.7133 6.71254 6.71062 6.70755 6.70335 6.69804 6.69165 6.6842 6.67574 6.66631 6.65595 6.64471 6.63266 6.61985 6.60634 6.5922 6.57751 6.56232 6.54671 6.53077 6.51455 6.49814 6.48162 6.46504 6.4485 6.43205 6.41577 6.39973 6.38398 6.36859 6.35361 6.33909 6.32509 6.31165 6.29881 6.28662 6.27509 6.26427 6.25418 6.24485 6.23629 6.22852 6.22156 6.21541 6.2101 6.20563 6.202 6.19923 6.19731 6.19625 
6.19049 6.19116 6.19271 6.19514 6.19844 6.20261 6.20765 6.21354 6.22028 6.22785 6.23625 6.24545 6.25545 6.2662 6.27769 6.28989 6.30276 6.31627 6.33038 6.34503 6.36019 6.3758 6.39179 6.40812 6.42471 6.44151 6.45844 6.47542 6.4924 6.50929 6.52602 6.54252 6.5587 6.5745 6.58983 6.60463 6.61883 6.63236 6.64515 6.65714 6.66828 6.67851 6.68778 6.69605 6.70327 6.70941 6.71444 6.71834 6.72108 6.72265 6.72306 6.72228 6.72033 6.71722 6.71296 6.70758 6.7011 6.69354 6.68496 6.67539 6.66489 6.65349 6.64126 6.62827 6.61456 6.60022 6.5853 6.56989 6.55405 6.53786 6.5214 6.50474 6.48796 6.47113 6.45432 6.43762 6.42108 6.40478 6.38877 6.37313 6.35791 6.34315 6.32892 6.31526 6.3022 6.2898 6.27808 6.26707 6.25681 6.24732 6.23861 6.2307 6.22362 6.21737 6.21196 6.20741 6.20372 6.20089 6.19894 6.19786 
6.19193 6.19261 6.19419 6.19665 6.2 6.20424 6.20935 6.21533 6.22217 6.22986 6.23839 6.24773 6.25787 6.26878 6.28045 6.29282 6.30589 6.31959 6.3339 6.34877 6.36414 6.37996 6.39618 6.41274 6.42956 6.44659 6.46374 6.48096 6.49817 6.51528 6.53224 6.54895 6.56534 6.58134 6.59687 6.61186 6.62624 6.63994 6.65289 6.66503 6.67631 6.68666 6.69605 6.70441 6.71172 6.71794 6.72303 6.72697 6.72975 6.73134 6.73175 6.73097 6.72899 6.72584 6.72153 6.71608 6.70952 6.70187 6.69319 6.6835 6.67286 6.66132 6.64894 6.63578 6.6219 6.60737 6.59226 6.57664 6.5606 6.54419 6.52751 6.51063 6.49362 6.47656 6.45953 6.44259 6.42582 6.40929 6.39306 6.37719 6.36175 6.34678 6.33235 6.31848 6.30524 6.29265 6.28076 6.26959 6.25917 6.24953 6.24068 6.23266 6.22547 6.21912 6.21363 6.20901 6.20526 6.20239 6.2004 6.19931 
6.1932 6.1939 6.19549 6.19799 6.20138 6.20567 6.21085 6.21691 6.22384 6.23163 6.24027 6.24973 6.26 6.27105 6.28286 6.2954 6.30862 6.3225 6.33699 6.35204 6.3676 6.38361 6.40003 6.41678 6.4338 6.45103 6.46839 6.48581 6.50321 6.52052 6.53767 6.55457 6.57114 6.58732 6.60302 6.61818 6.63271 6.64656 6.65965 6.67192 6.68332 6.69379 6.70327 6.71172 6.71911 6.72539 6.73053 6.73452 6.73732 6.73893 6.73934 6.73855 6.73656 6.73338 6.72902 6.72351 6.71688 6.70915 6.70037 6.69058 6.67983 6.66816 6.65565 6.64234 6.6283 6.61361 6.59834 6.58255 6.56632 6.54973 6.53286 6.51578 6.49857 6.48131 6.46408 6.44694 6.42997 6.41324 6.39681 6.38075 6.36512 6.34997 6.33535 6.32131 6.3079 6.29515 6.2831 6.27179 6.26124 6.25147 6.24251 6.23438 6.22709 6.22066 6.2151 6.21041 6.20661 6.20371 6.20169 6.20058 
6.1943 6.195 6.19661 6.19913 6.20256 6.2069 6.21214 6.21826 6.22527 6.23315 6.24188 6.25144 6.26182 6.273 6.28493 6.2976 6.31096 6.32499 6.33962 6.35483 6.37055 6.38673 6.40331 6.42023 6.43742 6.45482 6.47235 6.48994 6.50751 6.52498 6.54229 6.55935 6.57608 6.59241 6.60826 6.62355 6.63822 6.65219 6.6654 6.67778 6.68928 6.69984 6.70941 6.71794 6.72539 6.73172 6.73691 6.74093 6.74376 6.74539 6.7458 6.745 6.74299 6.73978 6.73538 6.72983 6.72313 6.71534 6.70648 6.6966 6.68575 6.67398 6.66135 6.64792 6.63376 6.61893 6.60351 6.58757 6.57119 6.55444 6.53741 6.52016 6.50279 6.48536 6.46795 6.45065 6.43351 6.41661 6.40001 6.38379 6.36799 6.35268 6.33791 6.32372 6.31017 6.29729 6.28511 6.27367 6.26301 6.25313 6.24408 6.23586 6.22849 6.22198 6.21636 6.21162 6.20778 6.20484 6.2028 6.20168 
6.1952 6.19591 6.19754 6.20008 6.20355 6.20792 6.2132 6.21938 6.22645 6.2344 6.24321 6.25286 6.26333 6.2746 6.28664 6.29941 6.31289 6.32703 6.34179 6.35712 6.37297 6.38929 6.406 6.42306 6.44039 6.45793 6.4756 6.49332 6.51103 6.52864 6.54608 6.56327 6.58013 6.59658 6.61255 6.62796 6.64273 6.65681 6.67011 6.68259 6.69417 6.7048 6.71444 6.72303 6.73053 6.73691 6.74214 6.74619 6.74904 6.75067 6.75109 6.75028 6.74826 6.74503 6.7406 6.735 6.72826 6.72041 6.71149 6.70153 6.6906 6.67875 6.66602 6.65249 6.63823 6.62329 6.60775 6.59169 6.57518 6.55831 6.54114 6.52376 6.50625 6.48868 6.47114 6.45369 6.43641 6.41937 6.40264 6.38628 6.37035 6.35492 6.34002 6.32571 6.31204 6.29905 6.28676 6.27523 6.26447 6.25451 6.24537 6.23708 6.22964 6.22308 6.2174 6.21262 6.20875 6.20578 6.20372 6.20259 
6.19592 6.19663 6.19827 6.20083 6.20432 6.20872 6.21404 6.22027 6.22738 6.23538 6.24425 6.25396 6.2645 6.27585 6.28797 6.30083 6.31439 6.32863 6.34348 6.35891 6.37486 6.39128 6.4081 6.42526 6.4427 6.46034 6.47812 6.49595 6.51376 6.53148 6.54902 6.56631 6.58327 6.59982 6.61587 6.63137 6.64623 6.66038 6.67376 6.68631 6.69795 6.70865 6.71834 6.72697 6.73452 6.74093 6.74619 6.75026 6.75312 6.75477 6.75519 6.75438 6.75234 6.74909 6.74464 6.73901 6.73223 6.72433 6.71536 6.70535 6.69436 6.68244 6.66964 6.65604 6.64169 6.62666 6.61103 6.59488 6.57828 6.5613 6.54403 6.52655 6.50893 6.49126 6.4736 6.45605 6.43866 6.42152 6.40468 6.38822 6.37219 6.35665 6.34166 6.32726 6.3135 6.30042 6.28806 6.27644 6.26561 6.25558 6.24638 6.23803 6.23055 6.22394 6.21823 6.21341 6.20951 6.20652 6.20445 6.20331 
6.19644 6.19715 6.1988 6.20138 6.20488 6.20931 6.21465 6.2209 6.22805 6.23609 6.245 6.25476 6.26535 6.27674 6.28892 6.30184 6.31546 6.32976 6.34468 6.36018 6.3762 6.39269 6.40958 6.42682 6.44433 6.46205 6.4799 6.4978 6.51569 6.53348 6.5511 6.56846 6.58548 6.60209 6.61822 6.63377 6.64869 6.6629 6.67633 6.68893 6.70062 6.71135 6.72108 6.72975 6.73732 6.74376 6.74904 6.75312 6.756 6.75765 6.75807 6.75725 6.75521 6.75195 6.74748 6.74183 6.73502 6.7271 6.71809 6.70804 6.69701 6.68504 6.67219 6.65853 6.64412 6.62904 6.61335 6.59713 6.58046 6.56341 6.54607 6.52851 6.51082 6.49307 6.47535 6.45772 6.44026 6.42304 6.40613 6.38959 6.37349 6.35789 6.34283 6.32836 6.31454 6.3014 6.28898 6.27731 6.26643 6.25635 6.24711 6.23872 6.2312 6.22456 6.21882 6.21398 6.21006 6.20706 6.20498 6.20383 
6.19676 6.19748 6.19913 6.20171 6.20522 6.20966 6.21502 6.22129 6.22846 6.23652 6.24545 6.25523 6.26585 6.27728 6.28948 6.30243 6.3161 6.33043 6.34539 6.36092 6.37698 6.39351 6.41044 6.42772 6.44528 6.46304 6.48093 6.49888 6.51681 6.53464 6.55229 6.56969 6.58676 6.60341 6.61956 6.63516 6.65011 6.66435 6.67781 6.69043 6.70215 6.71291 6.72265 6.73134 6.73893 6.74539 6.75067 6.75477 6.75765 6.7593 6.75972 6.75891 6.75686 6.75359 6.74911 6.74345 6.73663 6.72868 6.71965 6.70959 6.69853 6.68653 6.67365 6.65996 6.64552 6.6304 6.61468 6.59842 6.58171 6.56462 6.54724 6.52965 6.51191 6.49412 6.47635 6.45868 6.44118 6.42392 6.40697 6.39039 6.37425 6.35861 6.34351 6.32901 6.31515 6.30198 6.28952 6.27783 6.26692 6.25682 6.24755 6.23914 6.2316 6.22494 6.21918 6.21433 6.2104 6.20739 6.2053 6.20415 
