5.56295 5.56314 5.56341 5.56377 5.56422 5.56475 5.56538 5.5661 5.56691 5.56781 5.5688 5.56989 5.57107 5.57234 5.57371 5.57518 5.57674 5.57839 5.58013 5.58195 5.58387 5.58586 5.58793 5.59007 5.59227 5.59453 5.59684 5.59919 5.60156 5.60396 5.60636 5.60876 5.61115 5.6135 5.61582 5.61808 5.62027 5.62238 5.6244 5.62631 5.6281 5.62976 5.63128 5.63265 5.63386 5.6349 5.63577 5.63645 5.63695 5.63726 5.63738 5.63731 5.63704 5.63659 5.63595 5.63513 5.63414 5.63298 5.63167 5.6302 5.6286 5.62686 5.62502 5.62307 5.62102 5.6189 5.61672 5.61449 5.61222 5.60992 5.60761 5.60531 5.60302 5.60075 5.59852 5.59633 5.59419 5.59212 5.59012 5.5882 5.58636 5.58461 5.58295 5.58139 5.57992 5.57856 5.57729 5.57613 5.57507 5.57411 5.57326 5.5725 5.57185 5.57129 5.57083 5.57047 5.5702 5.57002 5.56993 5.56993 
5.56314 5.56332 5.56359 5.56395 5.5644 5.56494 5.56557 5.5663 5.56711 5.56801 5.56901 5.57011 5.5713 5.57258 5.57396 5.57543 5.577 5.57866 5.58041 5.58226 5.58418 5.58619 5.58827 5.59043 5.59265 5.59493 5.59725 5.59962 5.60201 5.60443 5.60685 5.60927 5.61167 5.61405 5.61638 5.61866 5.62086 5.62299 5.62503 5.62695 5.62876 5.63043 5.63196 5.63335 5.63456 5.63561 5.63649 5.63717 5.63768 5.63799 5.63811 5.63803 5.63777 5.63731 5.63667 5.63584 5.63484 5.63367 5.63235 5.63087 5.62925 5.6275 5.62564 5.62367 5.62162 5.61948 5.61728 5.61503 5.61274 5.61042 5.6081 5.60578 5.60346 5.60118 5.59893 5.59672 5.59457 5.59249 5.59047 5.58853 5.58668 5.58491 5.58324 5.58167 5.58019 5.57881 5.57754 5.57637 5.5753 5.57434 5.57347 5.57271 5.57205 5.57149 5.57103 5.57066 5.57038 5.5702 5.57012 5.57012 
5.56341 5.56359 5.56387 5.56423 5.56469 5.56524 5.56588 5.56661 5.56744 5.56836 5.56938 5.57049 5.5717 5.57301 5.57442 5.57592 5.57752 5.57921 5.581 5.58287 5.58484 5.58689 5.58901 5.59121 5.59348 5.5958 5.59817 5.60058 5.60302 5.60549 5.60796 5.61042 5.61287 5.61529 5.61767 5.61999 5.62224 5.62441 5.62649 5.62845 5.63029 5.632 5.63356 5.63496 5.63621 5.63727 5.63816 5.63886 5.63937 5.63969 5.63981 5.63973 5.63946 5.63899 5.63834 5.6375 5.63648 5.63528 5.63393 5.63242 5.63077 5.62899 5.62709 5.62509 5.62299 5.62081 5.61856 5.61626 5.61393 5.61157 5.6092 5.60683 5.60447 5.60213 5.59984 5.59759 5.59539 5.59326 5.59121 5.58923 5.58733 5.58553 5.58382 5.58221 5.58071 5.5793 5.578 5.5768 5.57571 5.57472 5.57384 5.57306 5.57239 5.57181 5.57133 5.57095 5.57067 5.57048 5.57039 5.57039 
5.56377 5.56395 5.56423 5.56461 5.56507 5.56564 5.56629 5.56705 5.5679 5.56885 5.56989 5.57104 5.57229 5.57364 5.57509 5.57664 5.57829 5.58003 5.58188 5.58381 5.58584 5.58795 5.59015 5.59242 5.59475 5.59715 5.59959 5.60208 5.6046 5.60714 5.60968 5.61223 5.61475 5.61725 5.6197 5.62209 5.62441 5.62665 5.62878 5.6308 5.6327 5.63445 5.63606 5.63751 5.63879 5.63989 5.6408 5.64152 5.64204 5.64237 5.64249 5.64241 5.64213 5.64164 5.64097 5.6401 5.63905 5.63782 5.63642 5.63486 5.63316 5.63133 5.62937 5.6273 5.62513 5.62289 5.62057 5.6182 5.61579 5.61336 5.61091 5.60846 5.60603 5.60362 5.60125 5.59892 5.59666 5.59446 5.59233 5.59029 5.58833 5.58647 5.5847 5.58303 5.58147 5.58002 5.57867 5.57743 5.5763 5.57528 5.57436 5.57355 5.57285 5.57225 5.57175 5.57135 5.57106 5.57086 5.57076 5.57075 
5.56422 5.5644 5.56469 5.56507 5.56556 5.56614 5.56682 5.5676 5.56849 5.56947 5.57056 5.57176 5.57306 5.57446 5.57597 5.57759 5.57931 5.58113 5.58305 5.58507 5.58719 5.58939 5.59168 5.59404 5.59648 5.59897 5.60152 5.60411 5.60674 5.60938 5.61204 5.61468 5.61731 5.61991 5.62246 5.62495 5.62736 5.62969 5.63191 5.63401 5.63598 5.63781 5.63948 5.64098 5.64231 5.64345 5.64439 5.64514 5.64569 5.64602 5.64614 5.64606 5.64576 5.64526 5.64455 5.64365 5.64255 5.64127 5.63981 5.63819 5.63642 5.63451 5.63247 5.63031 5.62806 5.62572 5.6233 5.62083 5.61832 5.61578 5.61323 5.61068 5.60814 5.60563 5.60316 5.60073 5.59837 5.59607 5.59385 5.59171 5.58967 5.58772 5.58587 5.58413 5.58249 5.58097 5.57956 5.57826 5.57707 5.576 5.57503 5.57418 5.57344 5.57281 5.57228 5.57186 5.57154 5.57133 5.57122 5.5712 
5.56475 5.56494 5.56524 5.56564 5.56614 5.56675 5.56746 5.56828 5.56921 5.57024 5.57139 5.57264 5.57401 5.57549 5.57708 5.57878 5.58059 5.5825 5.58453 5.58665 5.58888 5.5912 5.5936 5.59609 5.59865 5.60128 5.60396 5.60668 5.60944 5.61222 5.61501 5.61779 5.62055 5.62328 5.62596 5.62857 5.6311 5.63354 5.63587 5.63807 5.64014 5.64205 5.6438 5.64537 5.64676 5.64796 5.64895 5.64973 5.6503 5.65064 5.65077 5.65068 5.65037 5.64984 5.64909 5.64814 5.64699 5.64564 5.64411 5.64241 5.64055 5.63854 5.63639 5.63413 5.63176 5.6293 5.62676 5.62416 5.62152 5.61885 5.61617 5.61349 5.61081 5.60817 5.60556 5.60301 5.60052 5.5981 5.59575 5.5935 5.59134 5.58929 5.58733 5.58549 5.58377 5.58215 5.58066 5.57928 5.57802 5.57688 5.57586 5.57495 5.57416 5.57349 5.57292 5.57247 5.57213 5.57189 5.57177 5.57175 
5.56538 5.56557 5.56588 5.56629 5.56682 5.56746 5.56821 5.56908 5.57006 5.57115 5.57237 5.5737 5.57514 5.57671 5.5784 5.5802 5.58212 5.58416 5.5863 5.58856 5.59092 5.59338 5.59593 5.59857 5.60128 5.60406 5.6069 5.60979 5.61271 5.61566 5.61861 5.62155 5.62447 5.62736 5.63019 5.63295 5.63563 5.6382 5.64066 5.64299 5.64517 5.64719 5.64903 5.65069 5.65216 5.65341 5.65446 5.65528 5.65587 5.65624 5.65637 5.65627 5.65593 5.65537 5.65458 5.65357 5.65235 5.65093 5.64931 5.64751 5.64554 5.64341 5.64114 5.63874 5.63623 5.63363 5.63094 5.62819 5.6254 5.62257 5.61972 5.61688 5.61404 5.61124 5.60847 5.60576 5.60311 5.60054 5.59805 5.59566 5.59336 5.59117 5.5891 5.58713 5.58529 5.58357 5.58197 5.5805 5.57916 5.57793 5.57684 5.57587 5.57502 5.57429 5.57368 5.57319 5.57281 5.57255 5.57241 5.57238 
5.5661 5.5663 5.56661 5.56705 5.5676 5.56828 5.56908 5.57 5.57104 5.57221 5.5735 5.57492 5.57646 5.57814 5.57994 5.58186 5.58391 5.58608 5.58838 5.59078 5.5933 5.59593 5.59865 5.60147 5.60436 5.60733 5.61036 5.61344 5.61655 5.61968 5.62283 5.62596 5.62907 5.63214 5.63515 5.63809 5.64093 5.64367 5.64628 5.64875 5.65106 5.65321 5.65517 5.65693 5.65848 5.65981 5.66092 5.66179 5.66241 5.6628 5.66293 5.66282 5.66246 5.66186 5.66102 5.65994 5.65864 5.65712 5.6554 5.65348 5.65139 5.64912 5.64671 5.64415 5.64148 5.63871 5.63585 5.63292 5.62994 5.62692 5.62389 5.62085 5.61783 5.61483 5.61188 5.60899 5.60616 5.60341 5.60075 5.59818 5.59572 5.59338 5.59115 5.58905 5.58707 5.58522 5.58351 5.58192 5.58047 5.57916 5.57797 5.57692 5.576 5.57521 5.57455 5.57401 5.5736 5.57331 5.57315 5.5731 
5.56691 5.56711 5.56744 5.5679 5.56849 5.56921 5.57006 5.57104 5.57215 5.5734 5.57479 5.57631 5.57797 5.57976 5.58169 5.58376 5.58596 5.58829 5.59075 5.59334 5.59604 5.59886 5.60178 5.60479 5.6079 5.61108 5.61432 5.61762 5.62095 5.62431 5.62767 5.63102 5.63434 5.63762 5.64084 5.64398 5.64701 5.64993 5.65272 5.65536 5.65783 5.66011 5.6622 5.66407 5.66573 5.66714 5.66832 5.66924 5.66991 5.67031 5.67045 5.67033 5.66994 5.6693 5.6684 5.66724 5.66585 5.66423 5.66239 5.66034 5.65809 5.65567 5.65309 5.65036 5.6475 5.64453 5.64147 5.63833 5.63514 5.63191 5.62866 5.62541 5.62217 5.61896 5.61579 5.61268 5.60964 5.60669 5.60383 5.60107 5.59843 5.5959 5.5935 5.59124 5.5891 5.58711 5.58525 5.58354 5.58197 5.58055 5.57926 5.57812 5.57712 5.57626 5.57553 5.57494 5.57449 5.57417 5.57398 5.57392 
5.56781 5.56801 5.56836 5.56885 5.56947 5.57024 5.57115 5.57221 5.5734 5.57475 5.57624 5.57788 5.57966 5.58159 5.58367 5.5859 5.58827 5.59078 5.59343 5.59621 5.59913 5.60216 5.6053 5.60855 5.61188 5.6153 5.61879 5.62233 5.62591 5.62952 5.63313 5.63672 5.64029 5.64381 5.64726 5.65062 5.65387 5.657 5.65998 5.6628 5.66544 5.66789 5.67012 5.67212 5.67389 5.6754 5.67665 5.67764 5.67835 5.67878 5.67892 5.67879 5.67837 5.67767 5.6767 5.67547 5.67397 5.67223 5.67025 5.66805 5.66565 5.66305 5.66028 5.65735 5.65428 5.65109 5.64781 5.64444 5.64101 5.63754 5.63405 5.63055 5.62706 5.62361 5.6202 5.61685 5.61358 5.61039 5.60731 5.60433 5.60148 5.59875 5.59615 5.5937 5.59139 5.58923 5.58722 5.58536 5.58366 5.58211 5.58071 5.57946 5.57837 5.57743 5.57663 5.57598 5.57548 5.57512 5.5749 5.57483 
5.5688 5.56901 5.56938 5.56989 5.57056 5.57139 5.57237 5.5735 5.57479 5.57624 5.57785 5.57961 5.58154 5.58363 5.58587 5.58828 5.59084 5.59355 5.59641 5.59942 5.60256 5.60583 5.60922 5.61272 5.61632 5.62001 5.62377 5.62758 5.63144 5.63532 5.6392 5.64307 5.6469 5.65068 5.65439 5.658 5.66149 5.66485 5.66805 5.67108 5.67391 5.67653 5.67892 5.68107 5.68296 5.68458 5.68591 5.68697 5.68772 5.68818 5.68833 5.68818 5.68773 5.68698 5.68593 5.6846 5.68299 5.68112 5.67899 5.67663 5.67404 5.67125 5.66827 5.66512 5.66182 5.65839 5.65485 5.65123 5.64754 5.6438 5.64003 5.63626 5.6325 5.62878 5.6251 5.62149 5.61795 5.61451 5.61117 5.60796 5.60487 5.60191 5.5991 5.59644 5.59394 5.59159 5.58941 5.58738 5.58553 5.58384 5.58231 5.58095 5.57975 5.57872 5.57784 5.57713 5.57657 5.57617 5.57592 5.57583 
5.56989 5.57011 5.57049 5.57104 5.57176 5.57264 5.5737 5.57492 5.57631 5.57788 5.57961 5.58152 5.58361 5.58587 5.5883 5.5909 5.59367 5.5966 5.5997 5.60295 5.60634 5.60988 5.61354 5.61732 5.62121 5.62519 5.62925 5.63336 5.63752 5.6417 5.64588 5.65005 5.65418 5.65825 5.66223 5.66612 5.66987 5.67348 5.67692 5.68017 5.68321 5.68602 5.68859 5.69089 5.69291 5.69465 5.69608 5.69721 5.69802 5.6985 5.69866 5.69849 5.698 5.69719 5.69606 5.69463 5.6929 5.69088 5.6886 5.68605 5.68327 5.68026 5.67705 5.67366 5.6701 5.66641 5.6626 5.65869 5.65471 5.65068 5.64662 5.64255 5.63849 5.63447 5.63049 5.62659 5.62276 5.61904 5.61543 5.61195 5.6086 5.60539 5.60234 5.59946 5.59673 5.59418 5.59181 5.58961 5.58758 5.58574 5.58407 5.58258 5.58127 5.58014 5.57918 5.57839 5.57777 5.57732 5.57704 5.57692 
5.57107 5.5713 5.5717 5.57229 5.57306 5.57401 5.57514 5.57646 5.57797 5.57966 5.58154 5.58361 5.58586 5.58831 5.59094 5.59376 5.59676 5.59993 5.60328 5.6068 5.61047 5.61429 5.61826 5.62234 5.62654 5.63084 5.63522 5.63966 5.64415 5.64866 5.65317 5.65766 5.6621 5.66649 5.67078 5.67496 5.679 5.68288 5.68658 5.69007 5.69333 5.69635 5.6991 5.70157 5.70375 5.70561 5.70714 5.70835 5.70921 5.70973 5.70989 5.70971 5.70918 5.7083 5.70709 5.70554 5.70368 5.7015 5.69904 5.6963 5.6933 5.69006 5.6866 5.68295 5.67912 5.67514 5.67103 5.66682 5.66253 5.65818 5.65379 5.6494 5.64502 5.64067 5.63637 5.63215 5.62801 5.62398 5.62007 5.6163 5.61267 5.60919 5.60588 5.60274 5.59979 5.59701 5.59443 5.59203 5.58982 5.58781 5.58599 5.58436 5.58293 5.58168 5.58062 5.57975 5.57907 5.57857 5.57825 5.57811 
5.57234 5.57258 5.57301 5.57364 5.57446 5.57549 5.57671 5.57814 5.57976 5.58159 5.58363 5.58587 5.58831 5.59096 5.59381 5.59686 5.6001 5.60354 5.60717 5.61097 5.61494 5.61908 5.62336 5.62778 5.63232 5.63696 5.64169 5.64648 5.65132 5.65618 5.66104 5.66588 5.67067 5.67539 5.68001 5.6845 5.68885 5.69302 5.697 5.70075 5.70426 5.7075 5.71045 5.7131 5.71543 5.71743 5.71907 5.72036 5.72128 5.72183 5.72201 5.72181 5.72123 5.72028 5.71897 5.71731 5.7153 5.71296 5.71031 5.70736 5.70413 5.70064 5.69692 5.69298 5.68886 5.68457 5.68014 5.6756 5.67097 5.66628 5.66155 5.65681 5.65208 5.64738 5.64273 5.63817 5.63369 5.62933 5.6251 5.621 5.61707 5.6133 5.60971 5.6063 5.60309 5.60007 5.59726 5.59465 5.59225 5.59005 5.58806 5.58629 5.58471 5.58335 5.58219 5.58123 5.58047 5.57992 5.57956 5.5794 
5.57371 5.57396 5.57442 5.57509 5.57597 5.57708 5.5784 5.57994 5.58169 5.58367 5.58587 5.5883 5.59094 5.59381 5.59689 5.60019 5.6037 5.60742 5.61134 5.61546 5.61976 5.62422 5.62885 5.63362 5.63852 5.64353 5.64863 5.6538 5.65902 5.66426 5.66949 5.6747 5.67986 5.68494 5.68991 5.69474 5.69941 5.7039 5.70817 5.71219 5.71596 5.71944 5.72261 5.72545 5.72795 5.73008 5.73185 5.73322 5.73421 5.73479 5.73498 5.73476 5.73413 5.73311 5.7317 5.72991 5.72775 5.72523 5.72238 5.71921 5.71573 5.71198 5.70797 5.70374 5.6993 5.69468 5.68991 5.68502 5.68003 5.67497 5.66987 5.66476 5.65965 5.65458 5.64956 5.64463 5.63979 5.63507 5.63049 5.62607 5.6218 5.61772 5.61383 5.61013 5.60664 5.60337 5.60031 5.59747 5.59485 5.59246 5.59029 5.58835 5.58664 5.58514 5.58387 5.58282 5.58198 5.58137 5.58097 5.58078 
5.57518 5.57543 5.57592 5.57664 5.57759 5.57878 5.5802 5.58186 5.58376 5.5859 5.58828 5.5909 5.59376 5.59686 5.60019 5.60376 5.60756 5.61158 5.61581 5.62026 5.6249 5.62972 5.63472 5.63987 5.64515 5.65055 5.65605 5.66162 5.66723 5.67287 5.67851 5.68411 5.68966 5.69512 5.70045 5.70565 5.71066 5.71548 5.72006 5.72438 5.72842 5.73214 5.73554 5.73859 5.74126 5.74355 5.74543 5.74691 5.74796 5.74858 5.74877 5.74853 5.74786 5.74676 5.74524 5.74331 5.74099 5.73829 5.73522 5.73181 5.72808 5.72405 5.71974 5.71519 5.71042 5.70545 5.70032 5.69505 5.68969 5.68424 5.67875 5.67323 5.66773 5.66226 5.65685 5.65152 5.6463 5.64121 5.63626 5.63147 5.62686 5.62244 5.61822 5.61422 5.61044 5.60688 5.60356 5.60048 5.59764 5.59504 5.59268 5.59056 5.58869 5.58706 5.58566 5.58451 5.5836 5.58291 5.58247 5.58226 
5.57674 5.577 5.57752 5.57829 5.57931 5.58059 5.58212 5.58391 5.58596 5.58827 5.59084 5.59367 5.59676 5.6001 5.6037 5.60756 5.61166 5.616 5.62057 5.62536 5.63037 5.63557 5.64095 5.6465 5.65219 5.658 5.66392 5.66991 5.67595 5.68201 5.68807 5.69409 5.70004 5.7059 5.71163 5.7172 5.72258 5.72773 5.73264 5.73727 5.74159 5.74559 5.74922 5.75248 5.75534 5.75778 5.7598 5.76137 5.76249 5.76315 5.76335 5.76309 5.76236 5.76118 5.75955 5.75749 5.75499 5.75209 5.74881 5.74515 5.74114 5.73682 5.7322 5.72731 5.72219 5.71685 5.71134 5.70569 5.69992 5.69406 5.68815 5.68222 5.6763 5.67041 5.66458 5.65884 5.65322 5.64772 5.64238 5.63721 5.63223 5.62746 5.6229 5.61857 5.61447 5.61062 5.60703 5.60368 5.6006 5.59777 5.59521 5.59291 5.59087 5.58909 5.58758 5.58631 5.58531 5.58456 5.58407 5.58383 
5.57839 5.57866 5.57921 5.58003 5.58113 5.5825 5.58416 5.58608 5.58829 5.59078 5.59355 5.5966 5.59993 5.60354 5.60742 5.61158 5.616 5.62067 5.6256 5.63076 5.63615 5.64175 5.64754 5.6535 5.65962 5.66587 5.67223 5.67866 5.68514 5.69165 5.69815 5.7046 5.71098 5.71726 5.7234 5.72936 5.73512 5.74064 5.74589 5.75084 5.75546 5.75973 5.76361 5.76709 5.77014 5.77275 5.7749 5.77658 5.77777 5.77847 5.77868 5.7784 5.77762 5.77635 5.7746 5.77239 5.76972 5.76662 5.76309 5.75918 5.75489 5.75026 5.74531 5.74007 5.73458 5.72886 5.72295 5.71689 5.71069 5.70441 5.69807 5.6917 5.68534 5.67901 5.67274 5.66657 5.66051 5.6546 5.64884 5.64328 5.63791 5.63276 5.62784 5.62316 5.61874 5.61458 5.61069 5.60707 5.60373 5.60067 5.5979 5.5954 5.59318 5.59125 5.5896 5.58822 5.58713 5.58631 5.58576 5.58549 
5.58013 5.58041 5.581 5.58188 5.58305 5.58453 5.5863 5.58838 5.59075 5.59343 5.59641 5.5997 5.60328 5.60717 5.61134 5.61581 5.62057 5.6256 5.6309 5.63645 5.64224 5.64825 5.65447 5.66087 5.66744 5.67414 5.68095 5.68785 5.6948 5.70177 5.70872 5.71563 5.72246 5.72917 5.73573 5.74211 5.74826 5.75415 5.75976 5.76504 5.76997 5.77452 5.77867 5.78238 5.78563 5.78841 5.7907 5.79248 5.79375 5.7945 5.79471 5.7944 5.79357 5.79221 5.79034 5.78798 5.78513 5.78181 5.77804 5.77386 5.76928 5.76432 5.75903 5.75343 5.74756 5.74144 5.73512 5.72863 5.722 5.71527 5.70847 5.70165 5.69482 5.68803 5.68131 5.67468 5.66818 5.66182 5.65564 5.64965 5.64388 5.63833 5.63304 5.628 5.62323 5.61875 5.61455 5.61064 5.60703 5.60373 5.60072 5.59802 5.59562 5.59352 5.59173 5.59024 5.58904 5.58814 5.58755 5.58724 
5.58195 5.58226 5.58287 5.58381 5.58507 5.58665 5.58856 5.59078 5.59334 5.59621 5.59942 5.60295 5.6068 5.61097 5.61546 5.62026 5.62536 5.63076 5.63645 5.6424 5.64861 5.65505 5.66172 5.66858 5.67561 5.68279 5.69008 5.69745 5.70488 5.71233 5.71976 5.72714 5.73443 5.7416 5.7486 5.75539 5.76195 5.76824 5.77421 5.77984 5.78509 5.78993 5.79434 5.79829 5.80175 5.80471 5.80714 5.80903 5.81038 5.81117 5.8114 5.81106 5.81017 5.80872 5.80673 5.8042 5.80116 5.79763 5.79361 5.78915 5.78426 5.77898 5.77333 5.76736 5.76109 5.75456 5.74781 5.74087 5.73379 5.72659 5.71933 5.71203 5.70473 5.69746 5.69026 5.68316 5.67619 5.66938 5.66275 5.65632 5.65012 5.64417 5.63848 5.63306 5.62794 5.62311 5.61859 5.61438 5.61049 5.60693 5.60369 5.60077 5.59818 5.59591 5.59397 5.59235 5.59105 5.59008 5.58942 5.58908 
5.58387 5.58418 5.58484 5.58584 5.58719 5.58888 5.59092 5.5933 5.59604 5.59913 5.60256 5.60634 5.61047 5.61494 5.61976 5.6249 5.63037 5.63615 5.64224 5.64861 5.65525 5.66215 5.66927 5.67661 5.68412 5.69178 5.69957 5.70744 5.71537 5.72331 5.73123 5.7391 5.74687 5.7545 5.76195 5.76918 5.77616 5.78284 5.7892 5.79518 5.80076 5.80591 5.81059 5.81478 5.81845 5.82159 5.82417 5.82618 5.8276 5.82844 5.82868 5.82832 5.82736 5.82582 5.8237 5.82101 5.81778 5.81401 5.80974 5.80499 5.79979 5.79417 5.78816 5.7818 5.77512 5.76817 5.76098 5.75358 5.74603 5.73836 5.73061 5.72282 5.71503 5.70727 5.69957 5.69199 5.68453 5.67725 5.67015 5.66327 5.65663 5.65025 5.64415 5.63834 5.63284 5.62766 5.62281 5.61829 5.61411 5.61027 5.60678 5.60364 5.60085 5.5984 5.59631 5.59456 5.59315 5.5921 5.59138 5.59101 
5.58586 5.58619 5.58689 5.58795 5.58939 5.5912 5.59338 5.59593 5.59886 5.60216 5.60583 5.60988 5.61429 5.61908 5.62422 5.62972 5.63557 5.64175 5.64825 5.65505 5.66215 5.66951 5.67711 5.68493 5.69294 5.70111 5.7094 5.71778 5.72622 5.73467 5.7431 5.75147 5.75972 5.76783 5.77574 5.78343 5.79084 5.79793 5.80467 5.81101 5.81693 5.82238 5.82735 5.83179 5.83568 5.839 5.84173 5.84385 5.84536 5.84624 5.84649 5.8461 5.84509 5.84345 5.8412 5.83835 5.83491 5.83092 5.82639 5.82135 5.81582 5.80985 5.80347 5.79672 5.78962 5.78223 5.77458 5.76672 5.75869 5.75053 5.74228 5.73398 5.72568 5.71741 5.70922 5.70113 5.69318 5.6854 5.67782 5.67048 5.66338 5.65656 5.65004 5.64383 5.63794 5.63239 5.62719 5.62234 5.61786 5.61375 5.61 5.60663 5.60362 5.601 5.59874 5.59686 5.59534 5.5942 5.59342 5.59302 
5.58793 5.58827 5.58901 5.59015 5.59168 5.5936 5.59593 5.59865 5.60178 5.6053 5.60922 5.61354 5.61826 5.62336 5.62885 5.63472 5.64095 5.64754 5.65447 5.66172 5.66927 5.67711 5.6852 5.69352 5.70204 5.71073 5.71954 5.72845 5.73741 5.74638 5.75533 5.7642 5.77295 5.78155 5.78994 5.79808 5.80592 5.81343 5.82056 5.82728 5.83354 5.83931 5.84456 5.84925 5.85336 5.85687 5.85975 5.862 5.86359 5.86451 5.86477 5.86436 5.86328 5.86155 5.85916 5.85614 5.85251 5.84828 5.84348 5.83814 5.83229 5.82597 5.81921 5.81205 5.80453 5.79669 5.78858 5.78024 5.77172 5.76306 5.7543 5.74548 5.73666 5.72787 5.71916 5.71055 5.70209 5.69381 5.68574 5.67791 5.67035 5.66308 5.65612 5.64949 5.64321 5.63728 5.63172 5.62654 5.62175 5.61734 5.61333 5.60972 5.6065 5.60369 5.60126 5.59924 5.59761 5.59638 5.59554 5.5951 
5.59007 5.59043 5.59121 5.59242 5.59404 5.59609 5.59857 5.60147 5.60479 5.60855 5.61272 5.61732 5.62234 5.62778 5.63362 5.63987 5.6465 5.6535 5.66087 5.66858 5.67661 5.68493 5.69352 5.70235 5.71139 5.7206 5.72995 5.73939 5.74888 5.75839 5.76786 5.77725 5.78651 5.7956 5.80447 5.81308 5.82137 5.8293 5.83683 5.84392 5.85053 5.85662 5.86215 5.8671 5.87144 5.87514 5.87817 5.88054 5.88221 5.88319 5.88345 5.88302 5.88188 5.88004 5.87752 5.87433 5.87049 5.86603 5.86096 5.85532 5.84914 5.84245 5.83531 5.82774 5.81979 5.8115 5.80292 5.79409 5.78507 5.7759 5.76662 5.75728 5.74793 5.73861 5.72936 5.72023 5.71125 5.70246 5.69388 5.68556 5.67752 5.66979 5.66238 5.65533 5.64863 5.64232 5.63639 5.63087 5.62576 5.62106 5.61677 5.61291 5.60948 5.60646 5.60387 5.6017 5.59996 5.59864 5.59773 5.59725 
5.59227 5.59265 5.59348 5.59475 5.59648 5.59865 5.60128 5.60436 5.6079 5.61188 5.61632 5.62121 5.62654 5.63232 5.63852 5.64515 5.65219 5.65962 5.66744 5.67561 5.68412 5.69294 5.70204 5.71139 5.72096 5.73071 5.74059 5.75057 5.76061 5.77065 5.78065 5.79057 5.80035 5.80994 5.81929 5.82837 5.83711 5.84547 5.8534 5.86087 5.86783 5.87424 5.88006 5.88527 5.88983 5.89372 5.89692 5.8994 5.90116 5.90218 5.90246 5.902 5.9008 5.89886 5.89621 5.89284 5.8888 5.88409 5.87875 5.87281 5.86629 5.85925 5.85171 5.84373 5.83534 5.8266 5.81754 5.80822 5.79869 5.789 5.7792 5.76933 5.75944 5.74958 5.73979 5.73013 5.72061 5.7113 5.70221 5.69339 5.68487 5.67666 5.6688 5.6613 5.65419 5.64748 5.64118 5.63531 5.62987 5.62487 5.62031 5.61619 5.61253 5.60932 5.60655 5.60424 5.60237 5.60096 5.59999 5.59947 
5.59453 5.59493 5.5958 5.59715 5.59897 5.60128 5.60406 5.60733 5.61108 5.6153 5.62001 5.62519 5.63084 5.63696 5.64353 5.65055 5.658 5.66587 5.67414 5.68279 5.69178 5.70111 5.71073 5.7206 5.73071 5.74099 5.75143 5.76195 5.77254 5.78312 5.79366 5.80411 5.8144 5.8245 5.83434 5.84389 5.85308 5.86187 5.87021 5.87806 5.88537 5.8921 5.89822 5.90368 5.90847 5.91256 5.91591 5.91851 5.92036 5.92143 5.92172 5.92123 5.91996 5.91793 5.91513 5.9116 5.90735 5.9024 5.89679 5.89054 5.88369 5.87628 5.86835 5.85995 5.85113 5.84192 5.83239 5.82257 5.81253 5.80232 5.79198 5.78157 5.77114 5.76074 5.75041 5.7402 5.73015 5.72031 5.7107 5.70138 5.69235 5.68367 5.67535 5.66741 5.65987 5.65276 5.64608 5.63985 5.63407 5.62876 5.62392 5.61955 5.61566 5.61224 5.6093 5.60683 5.60485 5.60334 5.6023 5.60175 
5.59684 5.59725 5.59817 5.59959 5.60152 5.60396 5.6069 5.61036 5.61432 5.61879 5.62377 5.62925 5.63522 5.64169 5.64863 5.65605 5.66392 5.67223 5.68095 5.69008 5.69957 5.7094 5.71954 5.72995 5.74059 5.75143 5.76241 5.77349 5.78462 5.79575 5.80683 5.8178 5.82862 5.83922 5.84956 5.85958 5.86922 5.87844 5.88719 5.89541 5.90307 5.91013 5.91654 5.92227 5.92728 5.93156 5.93507 5.93779 5.93972 5.94084 5.94114 5.94062 5.93929 5.93716 5.93423 5.93053 5.92607 5.92088 5.91499 5.90844 5.90125 5.89348 5.88516 5.87635 5.86708 5.85741 5.8474 5.83709 5.82654 5.8158 5.80493 5.79398 5.783 5.77205 5.76117 5.75041 5.73983 5.72945 5.71932 5.70948 5.69996 5.69079 5.682 5.67361 5.66565 5.65812 5.65106 5.64447 5.63836 5.63273 5.6276 5.62297 5.61884 5.61522 5.6121 5.60948 5.60737 5.60576 5.60466 5.60407 
5.59919 5.59962 5.60058 5.60208 5.60411 5.60668 5.60979 5.61344 5.61762 5.62233 5.62758 5.63336 5.63966 5.64648 5.6538 5.66162 5.66991 5.67866 5.68785 5.69745 5.70744 5.71778 5.72845 5.73939 5.75057 5.76195 5.77349 5.78512 5.7968 5.80848 5.8201 5.8316 5.84294 5.85405 5.86487 5.87536 5.88546 5.89511 5.90426 5.91286 5.92087 5.92825 5.93495 5.94093 5.94617 5.95064 5.95431 5.95715 5.95916 5.96033 5.96064 5.9601 5.95871 5.95648 5.95341 5.94954 5.94488 5.93945 5.93329 5.92643 5.91891 5.91078 5.90207 5.89284 5.88313 5.873 5.86251 5.8517 5.84064 5.82938 5.81797 5.80648 5.79495 5.78345 5.77203 5.76072 5.74959 5.73868 5.72802 5.71767 5.70764 5.69799 5.68872 5.67989 5.67149 5.66356 5.65611 5.64915 5.64269 5.63675 5.63134 5.62644 5.62208 5.61824 5.61494 5.61217 5.60994 5.60823 5.60706 5.60643 
5.60156 5.60201 5.60302 5.6046 5.60674 5.60944 5.61271 5.61655 5.62095 5.62591 5.63144 5.63752 5.64415 5.65132 5.65902 5.66723 5.67595 5.68514 5.6948 5.70488 5.71537 5.72622 5.73741 5.74888 5.76061 5.77254 5.78462 5.7968 5.80903 5.82125 5.83341 5.84544 5.85729 5.86891 5.88022 5.89118 5.90172 5.91179 5.92135 5.93033 5.93869 5.94638 5.95337 5.95961 5.96507 5.96972 5.97354 5.97651 5.97861 5.97982 5.98014 5.97958 5.97812 5.97579 5.9726 5.96855 5.96369 5.95802 5.95159 5.94443 5.93659 5.92809 5.919 5.90935 5.89921 5.88863 5.87765 5.86635 5.85478 5.843 5.83106 5.81903 5.80696 5.79491 5.78293 5.77108 5.75941 5.74796 5.73678 5.7259 5.71538 5.70523 5.6955 5.68621 5.67738 5.66903 5.66119 5.65387 5.64707 5.64082 5.63511 5.62995 5.62534 5.6213 5.61782 5.61489 5.61253 5.61073 5.60949 5.60882 
5.60396 5.60443 5.60549 5.60714 5.60938 5.61222 5.61566 5.61968 5.62431 5.62952 5.63532 5.6417 5.64866 5.65618 5.66426 5.67287 5.68201 5.69165 5.70177 5.71233 5.72331 5.73467 5.74638 5.75839 5.77065 5.78312 5.79575 5.80848 5.82125 5.83401 5.8467 5.85926 5.87162 5.88373 5.89553 5.90695 5.91793 5.92843 5.93838 5.94773 5.95643 5.96444 5.97171 5.9782 5.98388 5.98872 5.9927 5.99578 5.99796 5.99922 5.99955 5.99896 5.99745 5.99502 5.99169 5.98748 5.98242 5.97652 5.96983 5.96237 5.9542 5.94535 5.93587 5.92582 5.91525 5.90421 5.89277 5.88097 5.8689 5.8566 5.84413 5.83156 5.81895 5.80636 5.79384 5.78144 5.76923 5.75725 5.74554 5.73415 5.72313 5.7125 5.70229 5.69255 5.68329 5.67453 5.6663 5.65861 5.65147 5.6449 5.6389 5.63347 5.62863 5.62438 5.62071 5.61763 5.61515 5.61325 5.61194 5.61123 
5.60636 5.60685 5.60796 5.60968 5.61204 5.61501 5.61861 5.62283 5.62767 5.63313 5.6392 5.64588 5.65317 5.66104 5.66949 5.67851 5.68807 5.69815 5.70872 5.71976 5.73123 5.7431 5.75533 5.76786 5.78065 5.79366 5.80683 5.8201 5.83341 5.8467 5.85992 5.87299 5.88586 5.89846 5.91073 5.9226 5.93403 5.94493 5.95527 5.96499 5.97402 5.98234 5.98989 5.99663 6.00253 6.00755 6.01167 6.01487 6.01713 6.01844 6.01878 6.01817 6.01659 6.01407 6.01062 6.00625 6.00098 5.99486 5.9879 5.98016 5.97166 5.96246 5.95261 5.94216 5.93116 5.91968 5.90777 5.8955 5.88292 5.87011 5.85713 5.84403 5.83088 5.81775 5.80469 5.79176 5.77901 5.7665 5.75428 5.74238 5.73086 5.71974 5.70907 5.69888 5.68919 5.68002 5.6714 5.66335 5.65587 5.64898 5.64269 5.637 5.63192 5.62746 5.62361 5.62038 5.61777 5.61577 5.6144 5.61365 
5.60876 5.60927 5.61042 5.61223 5.61468 5.61779 5.62155 5.62596 5.63102 5.63672 5.64307 5.65005 5.65766 5.66588 5.6747 5.68411 5.69409 5.7046 5.71563 5.72714 5.7391 5.75147 5.7642 5.77725 5.79057 5.80411 5.8178 5.8316 5.84544 5.85926 5.87299 5.88657 5.89993 5.91302 5.92575 5.93807 5.94992 5.96123 5.97195 5.98202 5.99139 6.00001 6.00783 6.01481 6.02092 6.02612 6.03039 6.0337 6.03604 6.03739 6.03774 6.03711 6.03548 6.03286 6.02928 6.02475 6.0193 6.01295 6.00574 5.99771 5.9889 5.97936 5.96914 5.9583 5.94689 5.93497 5.9226 5.90986 5.8968 5.88348 5.86998 5.85637 5.8427 5.82903 5.81544 5.80198 5.78871 5.77568 5.76294 5.75054 5.73853 5.72693 5.7158 5.70517 5.69505 5.68548 5.67648 5.66806 5.66025 5.65304 5.64646 5.64052 5.6352 5.63053 5.6265 5.62312 5.62038 5.61829 5.61685 5.61606 
5.61115 5.61167 5.61287 5.61475 5.61731 5.62055 5.62447 5.62907 5.63434 5.64029 5.6469 5.65418 5.6621 5.67067 5.67986 5.68966 5.70004 5.71098 5.72246 5.73443 5.74687 5.75972 5.77295 5.78651 5.80035 5.8144 5.82862 5.84294 5.85729 5.87162 5.88586 5.89993 5.91378 5.92733 5.94052 5.95328 5.96554 5.97724 5.98833 5.99875 6.00844 6.01735 6.02543 6.03265 6.03897 6.04434 6.04875 6.05217 6.05459 6.05598 6.05635 6.05569 6.054 6.0513 6.0476 6.04291 6.03727 6.03071 6.02325 6.01495 6.00583 5.99596 5.98538 5.97416 5.96234 5.95 5.93719 5.92398 5.91044 5.89664 5.88264 5.86852 5.85433 5.84015 5.82604 5.81206 5.79827 5.78473 5.77149 5.7586 5.7461 5.73404 5.72245 5.71138 5.70084 5.69088 5.6815 5.67272 5.66458 5.65707 5.65021 5.644 5.63846 5.63358 5.62937 5.62584 5.62298 5.6208 5.61929 5.61846 
5.6135 5.61405 5.61529 5.61725 5.61991 5.62328 5.62736 5.63214 5.63762 5.64381 5.65068 5.65825 5.66649 5.67539 5.68494 5.69512 5.7059 5.71726 5.72917 5.7416 5.7545 5.76783 5.78155 5.7956 5.80994 5.8245 5.83922 5.85405 5.86891 5.88373 5.89846 5.91302 5.92733 5.94134 5.95496 5.96814 5.98081 5.9929 6.00435 6.0151 6.0251 6.03429 6.04263 6.05008 6.05659 6.06213 6.06668 6.07021 6.0727 6.07413 6.07451 6.07383 6.07209 6.0693 6.06548 6.06065 6.05483 6.04805 6.04036 6.03178 6.02238 6.01218 6.00126 5.98967 5.97746 5.9647 5.95146 5.9378 5.9238 5.90952 5.89504 5.88042 5.86573 5.85105 5.83643 5.82194 5.80765 5.79361 5.77988 5.7665 5.75354 5.74102 5.72899 5.71749 5.70654 5.69619 5.68644 5.67732 5.66884 5.66103 5.65389 5.64743 5.64166 5.63658 5.6322 5.62852 5.62554 5.62327 5.62169 5.62082 
5.61582 5.61638 5.61767 5.6197 5.62246 5.62596 5.63019 5.63515 5.64084 5.64726 5.65439 5.66223 5.67078 5.68001 5.68991 5.70045 5.71163 5.7234 5.73573 5.7486 5.76195 5.77574 5.78994 5.80447 5.81929 5.83434 5.84956 5.86487 5.88022 5.89553 5.91073 5.92575 5.94052 5.95496 5.96901 5.9826 5.99565 6.00811 6.01991 6.03098 6.04128 6.05074 6.05933 6.067 6.0737 6.07941 6.08409 6.08771 6.09027 6.09175 6.09214 6.09144 6.08965 6.08678 6.08284 6.07787 6.07188 6.0649 6.05698 6.04814 6.03845 6.02795 6.01669 6.00474 5.99215 5.979 5.96534 5.95125 5.93681 5.92207 5.90711 5.89201 5.87684 5.86167 5.84656 5.83158 5.8168 5.80228 5.78807 5.77423 5.7608 5.74784 5.73538 5.72346 5.71212 5.70138 5.69127 5.68181 5.67302 5.66491 5.6575 5.6508 5.6448 5.63953 5.63498 5.63116 5.62806 5.62569 5.62405 5.62315 
5.61808 5.61866 5.61999 5.62209 5.62495 5.62857 5.63295 5.63809 5.64398 5.65062 5.658 5.66612 5.67496 5.6845 5.69474 5.70565 5.7172 5.72936 5.74211 5.75539 5.76918 5.78343 5.79808 5.81308 5.82837 5.84389 5.85958 5.87536 5.89118 5.90695 5.9226 5.93807 5.95328 5.96814 5.9826 5.99658 6.01 6.02281 6.03494 6.04633 6.05691 6.06664 6.07546 6.08333 6.09022 6.09608 6.10089 6.10461 6.10724 6.10876 6.10916 6.10843 6.10659 6.10365 6.09961 6.0945 6.08834 6.08117 6.07302 6.06395 6.05398 6.04318 6.03161 6.01931 6.00636 5.99283 5.97877 5.96427 5.94939 5.93421 5.9188 5.90324 5.8876 5.87196 5.85638 5.84093 5.82567 5.81068 5.79601 5.78172 5.76785 5.75446 5.74158 5.72926 5.71753 5.70643 5.69597 5.68618 5.67708 5.66869 5.66102 5.65407 5.64787 5.6424 5.63769 5.63372 5.63051 5.62806 5.62636 5.62542 
5.62027 5.62086 5.62224 5.62441 5.62736 5.6311 5.63563 5.64093 5.64701 5.65387 5.66149 5.66987 5.679 5.68885 5.69941 5.71066 5.72258 5.73512 5.74826 5.76195 5.77616 5.79084 5.80592 5.82137 5.83711 5.85308 5.86922 5.88546 5.90172 5.91793 5.93403 5.94992 5.96554 5.98081 5.99565 6.01 6.02379 6.03693 6.04938 6.06105 6.07191 6.08189 6.09093 6.09901 6.10607 6.11207 6.117 6.12082 6.12352 6.12507 6.12548 6.12474 6.12285 6.11983 6.11569 6.11045 6.10413 6.09678 6.08843 6.07911 6.06889 6.05781 6.04593 6.03331 6.02001 6.00611 5.99168 5.97677 5.96149 5.94588 5.93004 5.91404 5.89796 5.88186 5.86583 5.84993 5.83422 5.81878 5.80367 5.78894 5.77465 5.76084 5.74757 5.73486 5.72276 5.7113 5.70051 5.69041 5.68101 5.67235 5.66442 5.65725 5.65083 5.64519 5.64031 5.63621 5.63289 5.63035 5.6286 5.62762 
5.62238 5.62299 5.62441 5.62665 5.62969 5.63354 5.6382 5.64367 5.64993 5.657 5.66485 5.67348 5.68288 5.69302 5.7039 5.71548 5.72773 5.74064 5.75415 5.76824 5.78284 5.79793 5.81343 5.8293 5.84547 5.86187 5.87844 5.89511 5.91179 5.92843 5.94493 5.96123 5.97724 5.9929 6.00811 6.02281 6.03693 6.0504 6.06314 6.0751 6.08621 6.09642 6.10568 6.11394 6.12117 6.12731 6.13235 6.13626 6.13902 6.14061 6.14103 6.14027 6.13834 6.13525 6.13101 6.12564 6.11918 6.11166 6.10311 6.09357 6.0831 6.07176 6.05959 6.04666 6.03304 6.01879 6.00399 5.98871 5.97304 5.95703 5.94078 5.92436 5.90786 5.89133 5.87487 5.85853 5.8424 5.82654 5.811 5.79586 5.78116 5.76696 5.7533 5.74023 5.72778 5.71598 5.70487 5.69446 5.68479 5.67586 5.66769 5.6603 5.65368 5.64786 5.64284 5.63861 5.63518 5.63256 5.63075 5.62974 
5.6244 5.62503 5.62649 5.62878 5.63191 5.63587 5.64066 5.64628 5.65272 5.65998 5.66805 5.67692 5.68658 5.697 5.70817 5.72006 5.73264 5.74589 5.75976 5.77421 5.7892 5.80467 5.82056 5.83683 5.8534 5.87021 5.88719 5.90426 5.92135 5.93838 5.95527 5.97195 5.98833 6.00435 6.01991 6.03494 6.04938 6.06314 6.07616 6.08838 6.09974 6.11017 6.11963 6.12807 6.13544 6.14172 6.14687 6.15086 6.15367 6.1553 6.15572 6.15495 6.15298 6.14982 6.14549 6.14001 6.13342 6.12573 6.11699 6.10725 6.09655 6.08495 6.07251 6.0593 6.04537 6.03079 6.01566 6.00003 5.98398 5.9676 5.95096 5.93415 5.91724 5.90031 5.88344 5.8667 5.85016 5.8339 5.81797 5.80243 5.78735 5.77278 5.75876 5.74533 5.73255 5.72043 5.70901 5.69832 5.68838 5.6792 5.6708 5.6632 5.6564 5.65042 5.64525 5.6409 5.63737 5.63468 5.63281 5.63177 
5.62631 5.62695 5.62845 5.6308 5.63401 5.63807 5.64299 5.64875 5.65536 5.6628 5.67108 5.68017 5.69007 5.70075 5.71219 5.72438 5.73727 5.75084 5.76504 5.77984 5.79518 5.81101 5.82728 5.84392 5.86087 5.87806 5.89541 5.91286 5.93033 5.94773 5.96499 5.98202 5.99875 6.0151 6.03098 6.04633 6.06105 6.0751 6.08838 6.10084 6.11242 6.12306 6.13271 6.14131 6.14883 6.15523 6.16048 6.16455 6.16741 6.16907 6.16951 6.16872 6.16671 6.16349 6.15908 6.15349 6.14676 6.13892 6.13001 6.12008 6.10917 6.09734 6.08465 6.07116 6.05694 6.04207 6.02661 6.01065 5.99426 5.97753 5.96053 5.94335 5.92606 5.90876 5.89151 5.87438 5.85747 5.84082 5.82452 5.80862 5.79318 5.77826 5.7639 5.75015 5.73705 5.72463 5.71293 5.70197 5.69177 5.68236 5.67375 5.66595 5.65897 5.65283 5.64752 5.64306 5.63944 5.63667 5.63476 5.63369 
5.6281 5.62876 5.63029 5.6327 5.63598 5.64014 5.64517 5.65106 5.65783 5.66544 5.67391 5.68321 5.69333 5.70426 5.71596 5.72842 5.74159 5.75546 5.76997 5.78509 5.80076 5.81693 5.83354 5.85053 5.86783 5.88537 5.90307 5.92087 5.93869 5.95643 5.97402 5.99139 6.00844 6.0251 6.04128 6.05691 6.07191 6.08621 6.09974 6.11242 6.12421 6.13504 6.14486 6.15361 6.16127 6.16778 6.17312 6.17725 6.18017 6.18186 6.1823 6.1815 6.17945 6.17618 6.17169 6.16601 6.15916 6.15118 6.14211 6.132 6.12089 6.10884 6.09592 6.08218 6.0677 6.05255 6.0368 6.02053 6.00383 5.98677 5.96943 5.95191 5.93428 5.91662 5.89902 5.88154 5.86427 5.84728 5.83063 5.81439 5.79862 5.78337 5.7687 5.75464 5.74125 5.72855 5.71658 5.70537 5.69494 5.68531 5.6765 5.66852 5.66138 5.65509 5.64966 5.64509 5.64138 5.63855 5.63658 5.63549 
5.62976 5.63043 5.632 5.63445 5.63781 5.64205 5.64719 5.65321 5.66011 5.66789 5.67653 5.68602 5.69635 5.7075 5.71944 5.73214 5.74559 5.75973 5.77452 5.78993 5.80591 5.82238 5.83931 5.85662 5.87424 5.8921 5.91013 5.92825 5.94638 5.96444 5.98234 6.00001 6.01735 6.03429 6.05074 6.06664 6.08189 6.09642 6.11017 6.12306 6.13504 6.14604 6.15602 6.16491 6.17268 6.1793 6.18472 6.18892 6.19189 6.1936 6.19405 6.19323 6.19116 6.18783 6.18327 6.1775 6.17054 6.16244 6.15323 6.14295 6.13166 6.11942 6.10628 6.09231 6.07759 6.06218 6.04616 6.02962 6.01262 5.99526 5.97763 5.95979 5.94184 5.92386 5.90593 5.88814 5.87054 5.85323 5.83626 5.81971 5.80363 5.78809 5.77312 5.75879 5.74512 5.73217 5.71996 5.70852 5.69787 5.68804 5.67905 5.6709 5.66361 5.65718 5.65164 5.64697 5.64318 5.64028 5.63828 5.63716 
5.63128 5.63196 5.63356 5.63606 5.63948 5.6438 5.64903 5.65517 5.6622 5.67012 5.67892 5.68859 5.6991 5.71045 5.72261 5.73554 5.74922 5.76361 5.77867 5.79434 5.81059 5.82735 5.84456 5.86215 5.88006 5.89822 5.91654 5.93495 5.95337 5.97171 5.98989 6.00783 6.02543 6.04263 6.05933 6.07546 6.09093 6.10568 6.11963 6.13271 6.14486 6.15602 6.16613 6.17515 6.18303 6.18974 6.19524 6.1995 6.2025 6.20424 6.2047 6.20387 6.20176 6.19839 6.19377 6.18792 6.18086 6.17264 6.1633 6.15288 6.14143 6.12901 6.11568 6.1015 6.08656 6.07092 6.05466 6.03786 6.02061 6.00298 5.98506 5.96694 5.94871 5.93044 5.91222 5.89413 5.87624 5.85864 5.84138 5.82455 5.80819 5.79238 5.77715 5.76256 5.74865 5.73547 5.72304 5.71139 5.70055 5.69053 5.68137 5.67307 5.66564 5.6591 5.65344 5.64868 5.64483 5.64187 5.63983 5.63869 
5.63265 5.63335 5.63496 5.63751 5.64098 5.64537 5.65069 5.65693 5.66407 5.67212 5.68107 5.69089 5.70157 5.7131 5.72545 5.73859 5.75248 5.76709 5.78238 5.79829 5.81478 5.83179 5.84925 5.8671 5.88527 5.90368 5.92227 5.94093 5.95961 5.9782 5.99663 6.01481 6.03265 6.05008 6.067 6.08333 6.09901 6.11394 6.12807 6.14131 6.15361 6.16491 6.17515 6.18428 6.19226 6.19905 6.20461 6.20893 6.21197 6.21373 6.21419 6.21335 6.21122 6.20781 6.20313 6.19721 6.19007 6.18175 6.17229 6.16173 6.15014 6.13756 6.12406 6.1097 6.09457 6.07872 6.06225 6.04522 6.02773 6.00987 5.9917 5.97334 5.95484 5.93632 5.91784 5.89948 5.88134 5.86347 5.84597 5.82888 5.81228 5.79622 5.78076 5.76594 5.75182 5.73842 5.72579 5.71396 5.70294 5.69277 5.68346 5.67502 5.66747 5.66082 5.65507 5.65023 5.64631 5.6433 5.64122 5.64006 
5.63386 5.63456 5.63621 5.63879 5.64231 5.64676 5.65216 5.65848 5.66573 5.67389 5.68296 5.69291 5.70375 5.71543 5.72795 5.74126 5.75534 5.77014 5.78563 5.80175 5.81845 5.83568 5.85336 5.87144 5.88983 5.90847 5.92728 5.94617 5.96507 5.98388 6.00253 6.02092 6.03897 6.05659 6.0737 6.09022 6.10607 6.12117 6.13544 6.14883 6.16127 6.17268 6.18303 6.19226 6.20032 6.20718 6.21281 6.21717 6.22024 6.22201 6.22248 6.22164 6.21949 6.21604 6.21131 6.20532 6.19811 6.1897 6.18014 6.16947 6.15775 6.14503 6.13139 6.11687 6.10157 6.08554 6.06888 6.05166 6.03397 6.01589 5.99752 5.97893 5.96021 5.94146 5.92275 5.90417 5.8858 5.86771 5.84998 5.83267 5.81585 5.79959 5.78392 5.76891 5.75459 5.74102 5.72822 5.71622 5.70505 5.69474 5.68529 5.67674 5.66908 5.66233 5.6565 5.65159 5.64761 5.64457 5.64245 5.64128 
5.6349 5.63561 5.63727 5.63989 5.64345 5.64796 5.65341 5.65981 5.66714 5.6754 5.68458 5.69465 5.70561 5.71743 5.73008 5.74355 5.75778 5.77275 5.78841 5.80471 5.82159 5.839 5.85687 5.87514 5.89372 5.91256 5.93156 5.95064 5.96972 5.98872 6.00755 6.02612 6.04434 6.06213 6.07941 6.09608 6.11207 6.12731 6.14172 6.15523 6.16778 6.1793 6.18974 6.19905 6.20718 6.2141 6.21978 6.22417 6.22728 6.22907 6.22954 6.22869 6.22652 6.22304 6.21827 6.21223 6.20495 6.19647 6.18682 6.17606 6.16423 6.1514 6.13762 6.12297 6.10752 6.09135 6.07453 6.05714 6.03928 6.02102 6.00247 5.98369 5.96479 5.94584 5.92694 5.90817 5.88961 5.87133 5.8534 5.83591 5.81891 5.80246 5.78662 5.77144 5.75697 5.74324 5.73029 5.71815 5.70686 5.69642 5.68687 5.67821 5.67046 5.66363 5.65773 5.65276 5.64874 5.64565 5.64351 5.64232 
5.63577 5.63649 5.63816 5.6408 5.64439 5.64895 5.65446 5.66092 5.66832 5.67665 5.68591 5.69608 5.70714 5.71907 5.73185 5.74543 5.7598 5.7749 5.7907 5.80714 5.82417 5.84173 5.85975 5.87817 5.89692 5.91591 5.93507 5.95431 5.97354 5.9927 6.01167 6.03039 6.04875 6.06668 6.08409 6.10089 6.117 6.13235 6.14687 6.16048 6.17312 6.18472 6.19524 6.20461 6.21281 6.21978 6.22549 6.22992 6.23304 6.23485 6.23532 6.23446 6.23228 6.22877 6.22397 6.21789 6.21056 6.20201 6.19229 6.18145 6.16954 6.15661 6.14273 6.12797 6.11241 6.09611 6.07916 6.06164 6.04363 6.02523 6.00653 5.9876 5.96854 5.94944 5.93039 5.91145 5.89273 5.87429 5.85622 5.83857 5.82142 5.80483 5.78885 5.77353 5.75892 5.74507 5.732 5.71975 5.70835 5.69781 5.68817 5.67943 5.6716 5.66471 5.65875 5.65374 5.64967 5.64655 5.64439 5.64319 
5.63645 5.63717 5.63886 5.64152 5.64514 5.64973 5.65528 5.66179 5.66924 5.67764 5.68697 5.69721 5.70835 5.72036 5.73322 5.74691 5.76137 5.77658 5.79248 5.80903 5.82618 5.84385 5.862 5.88054 5.8994 5.91851 5.93779 5.95715 5.97651 5.99578 6.01487 6.0337 6.05217 6.07021 6.08771 6.10461 6.12082 6.13626 6.15086 6.16455 6.17725 6.18892 6.1995 6.20893 6.21717 6.22417 6.22992 6.23437 6.23751 6.23933 6.2398 6.23894 6.23674 6.23322 6.22839 6.22228 6.2149 6.20631 6.19654 6.18564 6.17365 6.16065 6.1467 6.13185 6.11619 6.0998 6.08275 6.06512 6.04701 6.0285 6.00968 5.99063 5.97146 5.95224 5.93306 5.914 5.89516 5.8766 5.85841 5.84064 5.82338 5.80667 5.79058 5.77516 5.76045 5.7465 5.73334 5.721 5.70951 5.6989 5.68919 5.68038 5.6725 5.66556 5.65955 5.6545 5.6504 5.64727 5.64509 5.64388 
5.63695 5.63768 5.63937 5.64204 5.64569 5.6503 5.65587 5.66241 5.66991 5.67835 5.68772 5.69802 5.70921 5.72128 5.73421 5.74796 5.76249 5.77777 5.79375 5.81038 5.8276 5.84536 5.86359 5.88221 5.90116 5.92036 5.93972 5.95916 5.97861 5.99796 6.01713 6.03604 6.05459 6.0727 6.09027 6.10724 6.12352 6.13902 6.15367 6.16741 6.18017 6.19189 6.2025 6.21197 6.22024 6.22728 6.23304 6.23751 6.24067 6.24249 6.24297 6.2421 6.23989 6.23636 6.23151 6.22537 6.21797 6.20934 6.19953 6.18859 6.17656 6.1635 6.14949 6.13459 6.11886 6.1024 6.08528 6.06758 6.04939 6.0308 6.0119 5.99277 5.97351 5.95421 5.93494 5.91581 5.89688 5.87824 5.85996 5.84211 5.82476 5.80798 5.79181 5.77632 5.76154 5.74752 5.73429 5.72189 5.71035 5.69969 5.68992 5.68107 5.67315 5.66617 5.66014 5.65506 5.65094 5.64778 5.6456 5.64438 
5.63726 5.63799 5.63969 5.64237 5.64602 5.65064 5.65624 5.6628 5.67031 5.67878 5.68818 5.6985 5.70973 5.72183 5.73479 5.74858 5.76315 5.77847 5.7945 5.81117 5.82844 5.84624 5.86451 5.88319 5.90218 5.92143 5.94084 5.96033 5.97982 5.99922 6.01844 6.03739 6.05598 6.07413 6.09175 6.10876 6.12507 6.14061 6.1553 6.16907 6.18186 6.1936 6.20424 6.21373 6.22201 6.22907 6.23485 6.23933 6.24249 6.24431 6.24479 6.24392 6.24171 6.23817 6.23331 6.22715 6.21974 6.21109 6.20126 6.19029 6.17823 6.16515 6.1511 6.13616 6.1204 6.1039 6.08674 6.069 6.05076 6.03213 6.01318 5.99401 5.9747 5.95535 5.93604 5.91685 5.89787 5.87919 5.86086 5.84297 5.82557 5.80874 5.79253 5.777 5.76218 5.74812 5.73486 5.72242 5.71085 5.70016 5.69036 5.68149 5.67355 5.66654 5.66049 5.6554 5.65127 5.6481 5.64591 5.64469 
