6.83755 6.83773 6.83805 6.8385 6.83908 6.83979 6.84062 6.84159 6.84268 6.8439 6.84525 6.84672 6.84831 6.85002 6.85185 6.85379 6.85584 6.858 6.86025 6.86261 6.86505 6.86757 6.87017 6.87283 6.87555 6.87832 6.88112 6.88395 6.8868 6.88964 6.89248 6.89529 6.89806 6.90078 6.90344 6.90602 6.90851 6.9109 6.91317 6.91531 6.91731 6.91915 6.92084 6.92235 6.92368 6.92482 6.92577 6.92652 6.92706 6.92739 6.92751 6.92743 6.92713 6.92663 6.92592 6.92502 6.92392 6.92264 6.92117 6.91954 6.91775 6.91582 6.91374 6.91154 6.90923 6.90682 6.90433 6.90176 6.89913 6.89646 6.89376 6.89104 6.88832 6.8856 6.88291 6.88024 6.87762 6.87505 6.87255 6.87011 6.86776 6.86549 6.86332 6.86125 6.85929 6.85744 6.8557 6.85408 6.85258 6.85121 6.84996 6.84884 6.84785 6.84699 6.84626 6.84566 6.84519 6.84486 6.84465 6.84458 
6.83773 6.83792 6.83824 6.83869 6.83927 6.83998 6.84083 6.8418 6.84289 6.84412 6.84547 6.84695 6.84855 6.85027 6.8521 6.85406 6.85612 6.85829 6.86056 6.86292 6.86538 6.86792 6.87053 6.87321 6.87595 6.87873 6.88155 6.88439 6.88725 6.89012 6.89297 6.89579 6.89858 6.90132 6.90399 6.90659 6.9091 6.9115 6.91378 6.91593 6.91794 6.9198 6.92149 6.92301 6.92435 6.9255 6.92645 6.9272 6.92775 6.92808 6.92821 6.92812 6.92782 6.92732 6.92661 6.92569 6.92459 6.9233 6.92183 6.92019 6.91839 6.91644 6.91435 6.91214 6.90981 6.90739 6.90488 6.90229 6.89965 6.89697 6.89425 6.89151 6.88877 6.88604 6.88333 6.88065 6.87801 6.87543 6.87291 6.87046 6.86809 6.86581 6.86363 6.86155 6.85957 6.85771 6.85596 6.85433 6.85282 6.85144 6.85019 6.84906 6.84806 6.8472 6.84646 6.84586 6.84539 6.84505 6.84484 6.84476 
6.83805 6.83824 6.83856 6.83902 6.83961 6.84033 6.84118 6.84216 6.84328 6.84452 6.84589 6.84739 6.84901 6.85075 6.85261 6.85459 6.85668 6.85888 6.86119 6.86359 6.86608 6.86865 6.8713 6.87402 6.87679 6.87962 6.88248 6.88536 6.88826 6.89116 6.89405 6.89692 6.89975 6.90252 6.90524 6.90787 6.91041 6.91284 6.91516 6.91734 6.91938 6.92126 6.92298 6.92452 6.92587 6.92704 6.928 6.92876 6.92931 6.92965 6.92977 6.92969 6.92938 6.92887 6.92815 6.92722 6.9261 6.92479 6.9233 6.92164 6.91981 6.91783 6.91571 6.91347 6.91111 6.90865 6.90611 6.90349 6.90081 6.89808 6.89532 6.89255 6.88977 6.887 6.88424 6.88153 6.87885 6.87623 6.87367 6.87118 6.86878 6.86647 6.86425 6.86214 6.86013 6.85824 6.85646 6.85481 6.85328 6.85188 6.8506 6.84946 6.84844 6.84756 6.84681 6.8462 6.84572 6.84537 6.84516 6.84508 
6.8385 6.83869 6.83902 6.83948 6.84008 6.84082 6.84169 6.84269 6.84383 6.8451 6.8465 6.84803 6.84968 6.85147 6.85337 6.8554 6.85753 6.85978 6.86214 6.86459 6.86714 6.86977 6.87248 6.87526 6.87809 6.88098 6.8839 6.88685 6.88982 6.89278 6.89574 6.89867 6.90156 6.90439 6.90716 6.90985 6.91245 6.91493 6.9173 6.91952 6.92161 6.92353 6.92528 6.92685 6.92824 6.92943 6.93041 6.93118 6.93175 6.93209 6.93222 6.93212 6.93181 6.93129 6.93055 6.9296 6.92846 6.92712 6.92559 6.92389 6.92202 6.92 6.91784 6.91554 6.91313 6.91061 6.90801 6.90533 6.90259 6.8998 6.89698 6.89415 6.8913 6.88847 6.88565 6.88287 6.88013 6.87745 6.87483 6.87229 6.86983 6.86746 6.86519 6.86303 6.86097 6.85903 6.85721 6.85552 6.85395 6.85251 6.85121 6.85003 6.84899 6.84809 6.84732 6.84669 6.84619 6.84584 6.84562 6.84554 
6.83908 6.83927 6.83961 6.84008 6.8407 6.84145 6.84235 6.84338 6.84455 6.84586 6.8473 6.84887 6.85058 6.85242 6.85438 6.85646 6.85867 6.86098 6.86341 6.86594 6.86856 6.87127 6.87406 6.87692 6.87985 6.88282 6.88583 6.88887 6.89192 6.89497 6.89801 6.90103 6.904 6.90692 6.90977 6.91254 6.91521 6.91776 6.9202 6.92249 6.92463 6.9266 6.92841 6.93002 6.93145 6.93266 6.93368 6.93447 6.93505 6.9354 6.93553 6.93543 6.93511 6.93457 6.9338 6.93283 6.93165 6.93027 6.9287 6.92694 6.92502 6.92294 6.92071 6.91834 6.91586 6.91327 6.91059 6.90783 6.90501 6.90213 6.89923 6.89631 6.89337 6.89045 6.88755 6.88468 6.88186 6.87909 6.87639 6.87377 6.87123 6.86879 6.86645 6.86421 6.86209 6.86009 6.85821 6.85646 6.85484 6.85335 6.852 6.85078 6.84971 6.84877 6.84798 6.84732 6.84681 6.84644 6.84621 6.84612 
6.83979 6.83998 6.84033 6.84082 6.84145 6.84223 6.84316 6.84423 6.84544 6.84679 6.84829 6.84992 6.85169 6.8536 6.85563 6.8578 6.86008 6.86249 6.865 6.86763 6.87035 6.87316 6.87605 6.87902 6.88205 6.88513 6.88825 6.8914 6.89456 6.89773 6.90088 6.904 6.90708 6.91011 6.91306 6.91592 6.91869 6.92133 6.92385 6.92622 6.92844 6.93048 6.93234 6.93402 6.93549 6.93675 6.93779 6.93861 6.93921 6.93957 6.9397 6.9396 6.93926 6.9387 6.93791 6.9369 6.93567 6.93424 6.93261 6.93079 6.9288 6.92664 6.92433 6.92188 6.9193 6.91662 6.91384 6.91097 6.90805 6.90507 6.90206 6.89902 6.89598 6.89295 6.88994 6.88696 6.88403 6.88116 6.87835 6.87563 6.87299 6.87045 6.86802 6.86569 6.86349 6.8614 6.85945 6.85763 6.85594 6.85439 6.85298 6.85172 6.85059 6.84962 6.84878 6.8481 6.84756 6.84717 6.84693 6.84683 
6.84062 6.84083 6.84118 6.84169 6.84235 6.84316 6.84412 6.84524 6.8465 6.84791 6.84947 6.85118 6.85302 6.85501 6.85714 6.85939 6.86178 6.86429 6.86691 6.86965 6.87249 6.87542 6.87844 6.88154 6.8847 6.88791 6.89117 6.89445 6.89775 6.90105 6.90433 6.90758 6.91079 6.91394 6.91702 6.92 6.92288 6.92563 6.92825 6.93072 6.93302 6.93515 6.93709 6.93883 6.94036 6.94167 6.94275 6.9436 6.94422 6.94459 6.94473 6.94462 6.94426 6.94367 6.94285 6.94179 6.94051 6.93902 6.93732 6.93543 6.93335 6.9311 6.92869 6.92613 6.92345 6.92065 6.91775 6.91476 6.91171 6.9086 6.90546 6.90229 6.89912 6.89595 6.89281 6.8897 6.88664 6.88363 6.8807 6.87786 6.8751 6.87244 6.8699 6.86747 6.86516 6.86298 6.86093 6.85902 6.85725 6.85563 6.85415 6.85282 6.85164 6.85062 6.84974 6.84902 6.84845 6.84804 6.84778 6.84767 
6.84159 6.8418 6.84216 6.84269 6.84338 6.84423 6.84524 6.8464 6.84773 6.84921 6.85084 6.85263 6.85457 6.85665 6.85888 6.86125 6.86376 6.86639 6.86914 6.87201 6.87499 6.87807 6.88123 6.88448 6.88779 6.89116 6.89457 6.89801 6.90147 6.90492 6.90836 6.91177 6.91513 6.91843 6.92164 6.92476 6.92777 6.93066 6.93339 6.93597 6.93838 6.94061 6.94263 6.94445 6.94604 6.94741 6.94854 6.94943 6.95007 6.95046 6.95059 6.95048 6.95011 6.94949 6.94862 6.94751 6.94617 6.94461 6.94282 6.94084 6.93866 6.9363 6.93378 6.9311 6.92829 6.92535 6.92231 6.91918 6.91598 6.91272 6.90943 6.9061 6.90278 6.89945 6.89615 6.89289 6.88968 6.88652 6.88345 6.88046 6.87756 6.87477 6.87209 6.86953 6.8671 6.86481 6.86265 6.86064 6.85878 6.85707 6.85551 6.8541 6.85286 6.85177 6.85085 6.85008 6.84948 6.84904 6.84876 6.84864 
6.84268 6.84289 6.84328 6.84383 6.84455 6.84544 6.8465 6.84773 6.84912 6.85068 6.8524 6.85429 6.85633 6.85853 6.86087 6.86337 6.86601 6.86878 6.87168 6.87471 6.87784 6.88108 6.88442 6.88784 6.89132 6.89487 6.89846 6.90208 6.90571 6.90934 6.91296 6.91654 6.92008 6.92354 6.92692 6.9302 6.93336 6.93639 6.93926 6.94197 6.9445 6.94683 6.94896 6.95086 6.95253 6.95397 6.95515 6.95608 6.95675 6.95715 6.95729 6.95717 6.95677 6.95612 6.9552 6.95404 6.95263 6.95098 6.94911 6.94702 6.94472 6.94224 6.93959 6.93677 6.93381 6.93072 6.92752 6.92423 6.92086 6.91743 6.91396 6.91046 6.90695 6.90345 6.89998 6.89654 6.89315 6.88982 6.88658 6.88342 6.88036 6.87742 6.87459 6.87189 6.86932 6.86689 6.86461 6.86249 6.86051 6.8587 6.85705 6.85556 6.85424 6.85309 6.8521 6.85129 6.85064 6.85017 6.84987 6.84974 
6.8439 6.84412 6.84452 6.8451 6.84586 6.84679 6.84791 6.84921 6.85068 6.85233 6.85415 6.85614 6.8583 6.86062 6.8631 6.86574 6.86853 6.87146 6.87453 6.87773 6.88104 6.88447 6.88799 6.8916 6.89529 6.89903 6.90282 6.90664 6.91048 6.91431 6.91812 6.9219 6.92563 6.92928 6.93285 6.9363 6.93963 6.94282 6.94585 6.9487 6.95136 6.95382 6.95605 6.95805 6.95981 6.96132 6.96256 6.96354 6.96424 6.96466 6.96481 6.96467 6.96425 6.96356 6.96259 6.96136 6.95987 6.95813 6.95615 6.95395 6.95153 6.94891 6.9461 6.94313 6.94001 6.93675 6.93337 6.92989 6.92633 6.92271 6.91904 6.91535 6.91164 6.90794 6.90426 6.90062 6.89704 6.89352 6.89009 6.88674 6.88351 6.88038 6.87739 6.87452 6.8718 6.86923 6.86681 6.86455 6.86246 6.86053 6.85877 6.85719 6.85578 6.85455 6.8535 6.85263 6.85194 6.85144 6.85111 6.85096 
6.84525 6.84547 6.84589 6.8465 6.8473 6.84829 6.84947 6.85084 6.8524 6.85415 6.85608 6.85819 6.86048 6.86294 6.86557 6.86837 6.87133 6.87443 6.87769 6.88107 6.88459 6.88822 6.89195 6.89577 6.89967 6.90364 6.90765 6.91169 6.91575 6.91981 6.92384 6.92784 6.93177 6.93564 6.9394 6.94305 6.94657 6.94994 6.95313 6.95615 6.95895 6.96154 6.9639 6.96601 6.96787 6.96945 6.97076 6.97179 6.97253 6.97297 6.97312 6.97297 6.97252 6.97179 6.97076 6.96946 6.96788 6.96604 6.96395 6.96161 6.95905 6.95628 6.95332 6.95017 6.94686 6.94341 6.93984 6.93616 6.93239 6.92855 6.92467 6.92075 6.91683 6.91291 6.90901 6.90515 6.90135 6.89762 6.89397 6.89042 6.88699 6.88367 6.88049 6.87744 6.87455 6.87181 6.86924 6.86683 6.8646 6.86255 6.86068 6.85899 6.85749 6.85617 6.85505 6.85412 6.85338 6.85283 6.85248 6.85231 
6.84672 6.84695 6.84739 6.84803 6.84887 6.84992 6.85118 6.85263 6.85429 6.85614 6.85819 6.86043 6.86286 6.86548 6.86827 6.87125 6.87439 6.87769 6.88114 6.88474 6.88847 6.89232 6.89628 6.90034 6.90448 6.90868 6.91293 6.91722 6.92152 6.92582 6.9301 6.93433 6.9385 6.94259 6.94657 6.95044 6.95416 6.95772 6.9611 6.96429 6.96726 6.96999 6.97248 6.97471 6.97667 6.97835 6.97973 6.98081 6.98159 6.98205 6.9822 6.98204 6.98157 6.98078 6.9797 6.97831 6.97664 6.97469 6.97247 6.97 6.96728 6.96435 6.9612 6.95787 6.95436 6.95071 6.94691 6.94301 6.93902 6.93495 6.93082 6.92667 6.9225 6.91834 6.9142 6.9101 6.90606 6.9021 6.89822 6.89445 6.89079 6.88727 6.88388 6.88064 6.87755 6.87464 6.87189 6.86933 6.86695 6.86476 6.86276 6.86095 6.85935 6.85794 6.85674 6.85574 6.85495 6.85436 6.85397 6.85379 
6.84831 6.84855 6.84901 6.84968 6.85058 6.85169 6.85302 6.85457 6.85633 6.8583 6.86048 6.86286 6.86545 6.86823 6.8712 6.87436 6.8777 6.88122 6.88489 6.88871 6.89268 6.89677 6.90098 6.90529 6.90969 6.91415 6.91867 6.92322 6.92778 6.93234 6.93688 6.94137 6.94579 6.95012 6.95435 6.95844 6.96238 6.96616 6.96974 6.97311 6.97625 6.97914 6.98178 6.98414 6.98621 6.98798 6.98944 6.99058 6.99139 6.99188 6.99204 6.99186 6.99136 6.99052 6.98937 6.9879 6.98612 6.98405 6.9817 6.97907 6.9762 6.97308 6.96974 6.96621 6.96249 6.95861 6.95458 6.95044 6.9462 6.94188 6.9375 6.93308 6.92865 6.92423 6.91983 6.91547 6.91118 6.90696 6.90283 6.89882 6.89492 6.89116 6.88755 6.8841 6.88081 6.8777 6.87477 6.87204 6.86949 6.86715 6.86501 6.86308 6.86137 6.85986 6.85857 6.8575 6.85664 6.85601 6.85559 6.85539 
6.85002 6.85027 6.85075 6.85147 6.85242 6.8536 6.85501 6.85665 6.85853 6.86062 6.86294 6.86548 6.86823 6.87119 6.87436 6.87772 6.88128 6.88501 6.88892 6.89299 6.89721 6.90156 6.90603 6.91062 6.91529 6.92003 6.92483 6.92966 6.93451 6.93935 6.94417 6.94893 6.95362 6.95822 6.9627 6.96704 6.97122 6.97522 6.97901 6.98258 6.98591 6.98897 6.99176 6.99426 6.99645 6.99832 6.99986 7.00107 7.00193 7.00244 7.0026 7.00241 7.00187 7.00098 6.99976 6.99819 6.99631 6.99411 6.99161 6.98883 6.98577 6.98246 6.97892 6.97517 6.97122 6.9671 6.96282 6.95842 6.95391 6.94932 6.94467 6.93998 6.93527 6.93056 6.92588 6.92125 6.91668 6.91218 6.90779 6.90351 6.89936 6.89536 6.89151 6.88782 6.88432 6.881 6.87787 6.87495 6.87223 6.86973 6.86744 6.86538 6.86354 6.86192 6.86054 6.85939 6.85847 6.85778 6.85733 6.85711 
6.85185 6.8521 6.85261 6.85337 6.85438 6.85563 6.85714 6.85888 6.86087 6.8631 6.86557 6.86827 6.8712 6.87436 6.87773 6.88131 6.88509 6.88907 6.89323 6.89756 6.90205 6.90668 6.91144 6.91631 6.92127 6.92632 6.93141 6.93655 6.9417 6.94684 6.95195 6.957 6.96198 6.96686 6.97161 6.97621 6.98064 6.98488 6.9889 6.99268 6.99621 6.99945 7.00241 7.00505 7.00737 7.00934 7.01097 7.01225 7.01316 7.01369 7.01386 7.01366 7.01308 7.01213 7.01083 7.00917 7.00717 7.00483 7.00218 6.99922 6.99598 6.99247 6.98871 6.98472 6.98053 6.97615 6.97161 6.96694 6.96215 6.95727 6.95232 6.94734 6.94233 6.93732 6.93235 6.92741 6.92255 6.91776 6.91309 6.90853 6.90411 6.89984 6.89573 6.8918 6.88806 6.88452 6.88118 6.87806 6.87515 6.87248 6.87003 6.86782 6.86585 6.86413 6.86264 6.86141 6.86042 6.85968 6.85918 6.85894 
6.85379 6.85406 6.85459 6.8554 6.85646 6.8578 6.85939 6.86125 6.86337 6.86574 6.86837 6.87125 6.87436 6.87772 6.88131 6.88512 6.88915 6.89338 6.89781 6.90241 6.90718 6.91211 6.91717 6.92235 6.92762 6.93298 6.9384 6.94385 6.94932 6.95477 6.9602 6.96556 6.97084 6.97602 6.98105 6.98593 6.99063 6.99512 6.99938 7.00339 7.00712 7.01055 7.01368 7.01648 7.01893 7.02102 7.02274 7.02409 7.02504 7.02561 7.02578 7.02556 7.02495 7.02394 7.02255 7.02079 7.01867 7.01619 7.01337 7.01023 7.00679 7.00307 6.99908 6.99484 6.99039 6.98575 6.98093 6.97596 6.97087 6.96569 6.96044 6.95514 6.94981 6.94449 6.9392 6.93395 6.92877 6.92368 6.9187 6.91385 6.90914 6.90459 6.90022 6.89603 6.89204 6.88825 6.88469 6.88136 6.87826 6.8754 6.87279 6.87042 6.86832 6.86647 6.86488 6.86355 6.86249 6.86169 6.86116 6.86089 
6.85584 6.85612 6.85668 6.85753 6.85867 6.86008 6.86178 6.86376 6.86601 6.86853 6.87133 6.87439 6.8777 6.88128 6.88509 6.88915 6.89343 6.89793 6.90264 6.90753 6.91261 6.91784 6.92322 6.92872 6.93432 6.94001 6.94576 6.95155 6.95735 6.96314 6.96889 6.97458 6.98018 6.98567 6.99101 6.99618 7.00115 7.00591 7.01041 7.01466 7.01861 7.02224 7.02555 7.02851 7.0311 7.03331 7.03513 7.03655 7.03756 7.03815 7.03833 7.03809 7.03744 7.03637 7.0349 7.03303 7.03077 7.02814 7.02516 7.02183 7.01818 7.01423 7.01 7.00551 7.00078 6.99585 6.99074 6.98547 6.98007 6.97457 6.96899 6.96336 6.95771 6.95205 6.94643 6.94085 6.93534 6.92993 6.92463 6.91947 6.91445 6.90961 6.90495 6.90048 6.89623 6.8922 6.8884 6.88484 6.88154 6.87848 6.87569 6.87317 6.87092 6.86894 6.86724 6.86581 6.86467 6.86382 6.86324 6.86295 
6.858 6.85829 6.85888 6.85978 6.86098 6.86249 6.86429 6.86639 6.86878 6.87146 6.87443 6.87769 6.88122 6.88501 6.88907 6.89338 6.89793 6.90271 6.90771 6.91291 6.9183 6.92386 6.92957 6.93541 6.94136 6.94739 6.95349 6.95963 6.96578 6.97192 6.97801 6.98404 6.98997 6.99578 7.00143 7.00691 7.01217 7.0172 7.02197 7.02646 7.03064 7.03448 7.03798 7.0411 7.04384 7.04618 7.0481 7.0496 7.05066 7.05129 7.05147 7.05121 7.05052 7.04938 7.04782 7.04584 7.04345 7.04066 7.0375 7.03397 7.0301 7.02592 7.02143 7.01667 7.01167 7.00644 7.00102 6.99544 6.98971 6.98388 6.97796 6.97198 6.96598 6.95998 6.95401 6.94808 6.94223 6.93648 6.93085 6.92536 6.92003 6.91488 6.90992 6.90517 6.90064 6.89634 6.8923 6.88851 6.88498 6.88172 6.87875 6.87605 6.87365 6.87153 6.86971 6.86819 6.86697 6.86605 6.86543 6.86512 
6.86025 6.86056 6.86119 6.86214 6.86341 6.865 6.86691 6.86914 6.87168 6.87453 6.87769 6.88114 6.88489 6.88892 6.89323 6.89781 6.90264 6.90771 6.91302 6.91854 6.92425 6.93015 6.9362 6.94239 6.9487 6.95509 6.96156 6.96806 6.97457 6.98107 6.98753 6.9939 7.00018 7.00632 7.0123 7.01809 7.02366 7.02898 7.03402 7.03876 7.04317 7.04724 7.05093 7.05422 7.05711 7.05958 7.06161 7.06318 7.0643 7.06496 7.06515 7.06488 7.06414 7.06293 7.06128 7.05918 7.05665 7.0537 7.05035 7.04662 7.04253 7.0381 7.03335 7.02832 7.02302 7.01748 7.01175 7.00583 6.99976 6.99358 6.98731 6.98098 6.97462 6.96825 6.96192 6.95563 6.94943 6.94332 6.93734 6.93151 6.92585 6.92038 6.91511 6.91006 6.90524 6.90068 6.89637 6.89234 6.88858 6.88511 6.88194 6.87907 6.8765 6.87425 6.87231 6.87068 6.86938 6.86839 6.86773 6.86739 
6.86261 6.86292 6.86359 6.86459 6.86594 6.86763 6.86965 6.87201 6.87471 6.87773 6.88107 6.88474 6.88871 6.89299 6.89756 6.90241 6.90753 6.91291 6.91854 6.92438 6.93044 6.93669 6.9431 6.94965 6.95633 6.9631 6.96994 6.97682 6.98371 6.99058 6.9974 7.00414 7.01078 7.01727 7.02359 7.0297 7.03558 7.04119 7.04651 7.05152 7.05617 7.06046 7.06435 7.06783 7.07087 7.07347 7.07561 7.07727 7.07845 7.07914 7.07933 7.07904 7.07825 7.07698 7.07523 7.07301 7.07033 7.06722 7.06368 7.05974 7.05541 7.05073 7.04571 7.04039 7.03479 7.02894 7.02287 7.01661 7.0102 7.00365 6.99702 6.99032 6.98358 6.97685 6.97013 6.96348 6.9569 6.95043 6.94409 6.93791 6.93191 6.9261 6.9205 6.91514 6.91003 6.90518 6.90061 6.89632 6.89233 6.88864 6.88527 6.88221 6.87948 6.87708 6.87501 6.87328 6.87188 6.87083 6.87012 6.86975 
6.86505 6.86538 6.86608 6.86714 6.86856 6.87035 6.87249 6.87499 6.87784 6.88104 6.88459 6.88847 6.89268 6.89721 6.90205 6.90718 6.91261 6.9183 6.92425 6.93044 6.93685 6.94345 6.95023 6.95716 6.96422 6.97138 6.9786 6.98587 6.99315 7.0004 7.00761 7.01473 7.02173 7.02857 7.03524 7.04169 7.04788 7.0538 7.05941 7.06468 7.06959 7.0741 7.0782 7.08187 7.08507 7.08781 7.09005 7.0918 7.09304 7.09376 7.09397 7.09365 7.09282 7.09147 7.08962 7.08728 7.08446 7.08117 7.07743 7.07327 7.06871 7.06377 7.05847 7.05286 7.04694 7.04077 7.03436 7.02775 7.02097 7.01406 7.00705 6.99997 6.99285 6.98573 6.97863 6.97159 6.96463 6.95779 6.95108 6.94453 6.93817 6.93202 6.92609 6.92041 6.91499 6.90985 6.905 6.90045 6.89621 6.8923 6.88871 6.88547 6.88257 6.88001 6.87781 6.87597 6.87448 6.87336 6.8726 6.8722 
6.86757 6.86792 6.86865 6.86977 6.87127 6.87316 6.87542 6.87807 6.88108 6.88447 6.88822 6.89232 6.89677 6.90156 6.90668 6.91211 6.91784 6.92386 6.93015 6.93669 6.94345 6.95043 6.95759 6.9649 6.97235 6.9799 6.98753 6.99519 7.00287 7.01052 7.01811 7.02561 7.03299 7.0402 7.04722 7.05401 7.06054 7.06677 7.07267 7.07822 7.08338 7.08813 7.09244 7.09629 7.09966 7.10253 7.10489 7.10673 7.10803 7.10878 7.10899 7.10866 7.10778 7.10636 7.10441 7.10194 7.09897 7.0955 7.09157 7.08718 7.08238 7.07717 7.07159 7.06567 7.05944 7.05293 7.04617 7.03921 7.03206 7.02477 7.01737 7.0099 7.00239 6.99487 6.98738 6.97994 6.97259 6.96536 6.95827 6.95135 6.94463 6.93812 6.93185 6.92584 6.92011 6.91466 6.90952 6.90471 6.90022 6.89607 6.89227 6.88883 6.88575 6.88304 6.88071 6.87875 6.87717 6.87597 6.87516 6.87473 
6.87017 6.87053 6.8713 6.87248 6.87406 6.87605 6.87844 6.88123 6.88442 6.88799 6.89195 6.89628 6.90098 6.90603 6.91144 6.91717 6.92322 6.92957 6.9362 6.9431 6.95023 6.95759 6.96513 6.97284 6.98069 6.98865 6.99668 7.00475 7.01283 7.02088 7.02887 7.03676 7.04452 7.05211 7.05949 7.06663 7.07349 7.08004 7.08624 7.09207 7.09749 7.10248 7.107 7.11105 7.11458 7.1176 7.12007 7.122 7.12336 7.12415 7.12437 7.12401 7.12308 7.12159 7.11954 7.11694 7.11381 7.11017 7.10603 7.10142 7.09636 7.09088 7.08502 7.07879 7.07223 7.06538 7.05827 7.05094 7.04342 7.03574 7.02795 7.02008 7.01217 7.00424 6.99635 6.98851 6.98076 6.97313 6.96565 6.95835 6.95125 6.94438 6.93777 6.93142 6.92536 6.91961 6.91418 6.90908 6.90434 6.89995 6.89593 6.89229 6.88903 6.88616 6.88368 6.88161 6.87993 6.87866 6.8778 6.87734 
6.87283 6.87321 6.87402 6.87526 6.87692 6.87902 6.88154 6.88448 6.88784 6.8916 6.89577 6.90034 6.90529 6.91062 6.91631 6.92235 6.92872 6.93541 6.94239 6.94965 6.95716 6.9649 6.97284 6.98096 6.98921 6.99758 7.00602 7.0145 7.023 7.03146 7.03985 7.04814 7.05629 7.06426 7.072 7.07949 7.08669 7.09356 7.10007 7.10618 7.11187 7.11709 7.12184 7.12608 7.12979 7.13294 7.13554 7.13755 7.13897 7.1398 7.14002 7.13965 7.13867 7.1371 7.13495 7.13222 7.12893 7.12511 7.12076 7.11592 7.11061 7.10486 7.0987 7.09216 7.08527 7.07808 7.07061 7.0629 7.055 7.04693 7.03874 7.03047 7.02214 7.01381 7.0055 6.99725 6.9891 6.98107 6.97319 6.9655 6.95803 6.95079 6.94381 6.93712 6.93073 6.92466 6.91893 6.91356 6.90855 6.90392 6.89967 6.89583 6.89238 6.88935 6.88673 6.88454 6.88276 6.88142 6.8805 6.88001 
6.87555 6.87595 6.87679 6.87809 6.87985 6.88205 6.8847 6.88779 6.89132 6.89529 6.89967 6.90448 6.90969 6.91529 6.92127 6.92762 6.93432 6.94136 6.9487 6.95633 6.96422 6.97235 6.98069 6.98921 6.99788 7.00666 7.01552 7.02442 7.03333 7.04221 7.05101 7.0597 7.06824 7.07659 7.08471 7.09256 7.1001 7.10729 7.11411 7.12051 7.12646 7.13193 7.1369 7.14133 7.14521 7.14851 7.15122 7.15333 7.15481 7.15567 7.15591 7.15551 7.15448 7.15283 7.15058 7.14772 7.14427 7.14026 7.13571 7.13064 7.12508 7.11905 7.11259 7.10573 7.09852 7.09097 7.08314 7.07506 7.06676 7.0583 7.04971 7.04102 7.03229 7.02354 7.01481 7.00615 6.99758 6.98914 6.98086 6.97278 6.96492 6.95731 6.94997 6.94293 6.9362 6.92982 6.92378 6.91812 6.91285 6.90797 6.90349 6.89944 6.89581 6.89261 6.88985 6.88753 6.88566 6.88423 6.88326 6.88274 
6.87832 6.87873 6.87962 6.88098 6.88282 6.88513 6.88791 6.89116 6.89487 6.89903 6.90364 6.90868 6.91415 6.92003 6.92632 6.93298 6.94001 6.94739 6.95509 6.9631 6.97138 6.9799 6.98865 6.99758 7.00666 7.01586 7.02514 7.03447 7.0438 7.05309 7.0623 7.0714 7.08034 7.08907 7.09756 7.10577 7.11365 7.12118 7.1283 7.13499 7.1412 7.14692 7.15211 7.15674 7.16079 7.16424 7.16707 7.16926 7.17081 7.17171 7.17195 7.17153 7.17046 7.16873 7.16637 7.16338 7.15977 7.15558 7.15082 7.14551 7.13969 7.13339 7.12663 7.11946 7.11191 7.10401 7.09581 7.08735 7.07867 7.06981 7.0608 7.05171 7.04255 7.03338 7.02424 7.01515 7.00617 6.99732 6.98864 6.98016 6.97191 6.96391 6.95621 6.94881 6.94175 6.93504 6.92871 6.92276 6.91721 6.91208 6.90737 6.90311 6.89929 6.89592 6.89301 6.89057 6.8886 6.8871 6.88607 6.88552 
6.88112 6.88155 6.88248 6.8839 6.88583 6.88825 6.89117 6.89457 6.89846 6.90282 6.90765 6.91293 6.91867 6.92483 6.93141 6.9384 6.94576 6.95349 6.96156 6.96994 6.9786 6.98753 6.99668 7.00602 7.01552 7.02514 7.03485 7.0446 7.05435 7.06406 7.07368 7.08319 7.09252 7.10164 7.11051 7.11907 7.1273 7.13515 7.14258 7.14956 7.15605 7.16201 7.16742 7.17225 7.17647 7.18006 7.18301 7.1853 7.18691 7.18784 7.18809 7.18765 7.18653 7.18472 7.18226 7.17913 7.17537 7.17099 7.16602 7.16048 7.15441 7.14782 7.14077 7.13328 7.12539 7.11714 7.10858 7.09973 7.09066 7.0814 7.07199 7.06248 7.0529 7.04331 7.03374 7.02424 7.01484 7.00557 6.99648 6.9876 6.97896 6.97059 6.96251 6.95476 6.94736 6.94033 6.93368 6.92744 6.92162 6.91623 6.9113 6.90682 6.90281 6.89927 6.89622 6.89365 6.89157 6.89 6.88892 6.88834 
6.88395 6.88439 6.88536 6.88685 6.88887 6.8914 6.89445 6.89801 6.90208 6.90664 6.91169 6.91722 6.92322 6.92966 6.93655 6.94385 6.95155 6.95963 6.96806 6.97682 6.98587 6.99519 7.00475 7.0145 7.02442 7.03447 7.0446 7.05477 7.06494 7.07507 7.08511 7.09501 7.10474 7.11425 7.12349 7.13242 7.14099 7.14917 7.15691 7.16417 7.17092 7.17713 7.18276 7.18779 7.19218 7.19592 7.19899 7.20136 7.20304 7.20401 7.20426 7.2038 7.20263 7.20075 7.19818 7.19492 7.191 7.18644 7.18126 7.17549 7.16916 7.1623 7.15494 7.14713 7.13891 7.13031 7.12138 7.11216 7.10269 7.09303 7.08321 7.07329 7.0633 7.05328 7.04329 7.03337 7.02354 7.01387 7.00437 6.99508 6.98605 6.9773 6.96886 6.96075 6.953 6.94564 6.93869 6.93215 6.92606 6.92042 6.91525 6.91056 6.90635 6.90265 6.89945 6.89675 6.89458 6.89292 6.89179 6.89117 
6.8868 6.88725 6.88826 6.88982 6.89192 6.89456 6.89775 6.90147 6.90571 6.91048 6.91575 6.92152 6.92778 6.93451 6.9417 6.94932 6.95735 6.96578 6.97457 6.98371 6.99315 7.00287 7.01283 7.023 7.03333 7.0438 7.05435 7.06494 7.07553 7.08607 7.09652 7.10684 7.11696 7.12685 7.13646 7.14575 7.15466 7.16316 7.17121 7.17876 7.18578 7.19223 7.19808 7.2033 7.20786 7.21174 7.21493 7.21739 7.21913 7.22014 7.2204 7.21992 7.21869 7.21674 7.21406 7.21068 7.2066 7.20186 7.19647 7.19047 7.18388 7.17675 7.1691 7.16097 7.15241 7.14347 7.13417 7.12457 7.11472 7.10466 7.09443 7.08409 7.07369 7.06325 7.05284 7.0425 7.03226 7.02216 7.01226 7.00258 6.99315 6.98402 6.97521 6.96675 6.95866 6.95097 6.94371 6.93688 6.93051 6.92462 6.91922 6.91431 6.90992 6.90604 6.90269 6.89987 6.89759 6.89586 6.89467 6.89403 
6.88964 6.89012 6.89116 6.89278 6.89497 6.89773 6.90105 6.90492 6.90934 6.91431 6.91981 6.92582 6.93234 6.93935 6.94684 6.95477 6.96314 6.97192 6.98107 6.99058 7.0004 7.01052 7.02088 7.03146 7.04221 7.05309 7.06406 7.07507 7.08607 7.09703 7.10789 7.1186 7.12911 7.13938 7.14936 7.159 7.16825 7.17707 7.18542 7.19326 7.20054 7.20723 7.21329 7.21871 7.22344 7.22746 7.23076 7.23332 7.23512 7.23616 7.23643 7.23593 7.23466 7.23263 7.22985 7.22633 7.2221 7.21718 7.21159 7.20535 7.19852 7.19111 7.18317 7.17473 7.16584 7.15655 7.14689 7.13692 7.12668 7.11623 7.1056 7.09485 7.08403 7.07318 7.06235 7.05159 7.04094 7.03043 7.02012 7.01004 7.00023 6.99072 6.98154 6.97273 6.9643 6.95629 6.94872 6.9416 6.93496 6.92882 6.92318 6.91806 6.91347 6.90943 6.90593 6.90299 6.90061 6.8988 6.89755 6.89688 
6.89248 6.89297 6.89405 6.89574 6.89801 6.90088 6.90433 6.90836 6.91296 6.91812 6.92384 6.9301 6.93688 6.94417 6.95195 6.9602 6.96889 6.97801 6.98753 6.9974 7.00761 7.01811 7.02887 7.03985 7.05101 7.0623 7.07368 7.08511 7.09652 7.10789 7.11915 7.13025 7.14115 7.15179 7.16213 7.17212 7.18171 7.19085 7.19949 7.2076 7.21514 7.22207 7.22835 7.23395 7.23885 7.24302 7.24643 7.24908 7.25094 7.25201 7.25229 7.25176 7.25045 7.24834 7.24546 7.24182 7.23744 7.23233 7.22654 7.22008 7.213 7.20532 7.19709 7.18835 7.17914 7.1695 7.15949 7.14915 7.13853 7.12769 7.11666 7.10551 7.09428 7.08302 7.07178 7.06061 7.04954 7.03864 7.02793 7.01745 7.00726 6.99737 6.98783 6.97867 6.9699 6.96157 6.95369 6.94629 6.93938 6.93299 6.92712 6.92179 6.91702 6.9128 6.90916 6.9061 6.90362 6.90173 6.90043 6.89972 
6.89529 6.89579 6.89692 6.89867 6.90103 6.904 6.90758 6.91177 6.91654 6.9219 6.92784 6.93433 6.94137 6.94893 6.957 6.96556 6.97458 6.98404 6.9939 7.00414 7.01473 7.02561 7.03676 7.04814 7.0597 7.0714 7.08319 7.09501 7.10684 7.1186 7.13025 7.14174 7.15302 7.16403 7.17473 7.18505 7.19497 7.20442 7.21335 7.22174 7.22953 7.23669 7.24318 7.24897 7.25403 7.25833 7.26186 7.26459 7.26651 7.26762 7.2679 7.26736 7.26599 7.26381 7.26084 7.25707 7.25254 7.24726 7.24127 7.23459 7.22727 7.21933 7.21081 7.20177 7.19224 7.18227 7.17191 7.16121 7.15022 7.13899 7.12758 7.11603 7.1044 7.09273 7.08109 7.06951 7.05804 7.04674 7.03563 7.02477 7.0142 7.00395 6.99405 6.98454 6.97545 6.9668 6.95862 6.95093 6.94376 6.93712 6.93102 6.92549 6.92052 6.91615 6.91236 6.90917 6.9066 6.90463 6.90328 6.90254 
6.89806 6.89858 6.89975 6.90156 6.904 6.90708 6.91079 6.91513 6.92008 6.92563 6.93177 6.9385 6.94579 6.95362 6.96198 6.97084 6.98018 6.98997 7.00018 7.01078 7.02173 7.03299 7.04452 7.05629 7.06824 7.08034 7.09252 7.10474 7.11696 7.12911 7.14115 7.15302 7.16467 7.17604 7.18708 7.19774 7.20797 7.21772 7.22695 7.2356 7.24364 7.25102 7.25771 7.26368 7.2689 7.27334 7.27697 7.27979 7.28177 7.28291 7.2832 7.28264 7.28123 7.27898 7.2759 7.27202 7.26734 7.26189 7.25571 7.24882 7.24126 7.23306 7.22427 7.21493 7.20509 7.19479 7.18409 7.17304 7.16168 7.15008 7.13829 7.12635 7.11433 7.10227 7.09023 7.07825 7.06639 7.0547 7.04321 7.03197 7.02103 7.01041 7.00016 6.99031 6.9809 6.97194 6.96347 6.9555 6.94807 6.94118 6.93486 6.92913 6.92398 6.91944 6.91551 6.91221 6.90953 6.90749 6.90609 6.90532 
6.90078 6.90132 6.90252 6.90439 6.90692 6.91011 6.91394 6.91843 6.92354 6.92928 6.93564 6.94259 6.95012 6.95822 6.96686 6.97602 6.98567 6.99578 7.00632 7.01727 7.02857 7.0402 7.05211 7.06426 7.07659 7.08907 7.10164 7.11425 7.12685 7.13938 7.15179 7.16403 7.17604 7.18775 7.19913 7.21012 7.22066 7.23071 7.24021 7.24912 7.2574 7.265 7.27189 7.27804 7.28341 7.28797 7.29171 7.29461 7.29665 7.29782 7.29812 7.29754 7.29608 7.29377 7.2906 7.28659 7.28177 7.27617 7.26979 7.26269 7.2549 7.24646 7.2374 7.22777 7.21763 7.20702 7.19598 7.18459 7.17288 7.16092 7.14875 7.13644 7.12403 7.11159 7.09916 7.0868 7.07456 7.06248 7.05061 7.03901 7.0277 7.01674 7.00615 6.99597 6.98623 6.97697 6.96821 6.95998 6.95229 6.94517 6.93863 6.9327 6.92737 6.92267 6.91861 6.91519 6.91242 6.9103 6.90885 6.90805 
6.90344 6.90399 6.90524 6.90716 6.90977 6.91306 6.91702 6.92164 6.92692 6.93285 6.9394 6.94657 6.95435 6.9627 6.97161 6.98105 6.99101 7.00143 7.0123 7.02359 7.03524 7.04722 7.05949 7.072 7.08471 7.09756 7.11051 7.12349 7.13646 7.14936 7.16213 7.17473 7.18708 7.19913 7.21084 7.22214 7.23298 7.24331 7.25308 7.26224 7.27075 7.27856 7.28564 7.29196 7.29748 7.30217 7.30601 7.30899 7.31108 7.31228 7.31258 7.31199 7.31049 7.30811 7.30485 7.30073 7.29578 7.29001 7.28346 7.27616 7.26814 7.25946 7.25014 7.24024 7.2298 7.21888 7.20753 7.1958 7.18375 7.17144 7.15891 7.14623 7.13346 7.12064 7.10784 7.09511 7.08249 7.07005 7.05782 7.04586 7.0342 7.02289 7.01197 7.00147 6.99143 6.98188 6.97284 6.96434 6.95641 6.94906 6.94231 6.93618 6.93068 6.92583 6.92163 6.91809 6.91523 6.91305 6.91154 6.91072 
6.90602 6.90659 6.90787 6.90985 6.91254 6.91592 6.92 6.92476 6.9302 6.9363 6.94305 6.95044 6.95844 6.96704 6.97621 6.98593 6.99618 7.00691 7.01809 7.0297 7.04169 7.05401 7.06663 7.07949 7.09256 7.10577 7.11907 7.13242 7.14575 7.159 7.17212 7.18505 7.19774 7.21012 7.22214 7.23374 7.24487 7.25547 7.26549 7.27489 7.28362 7.29164 7.29891 7.30539 7.31105 7.31586 7.3198 7.32285 7.325 7.32623 7.32654 7.32592 7.32439 7.32194 7.3186 7.31437 7.30929 7.30336 7.29664 7.28915 7.28092 7.272 7.26243 7.25227 7.24155 7.23034 7.21868 7.20663 7.19425 7.1816 7.16873 7.1557 7.14257 7.12939 7.11623 7.10314 7.09016 7.07736 7.06479 7.05248 7.04048 7.02885 7.01761 7.0068 6.99646 6.98663 6.97732 6.96857 6.96039 6.95282 6.94587 6.93955 6.93389 6.92888 6.92456 6.92091 6.91796 6.91571 6.91416 6.91331 
6.90851 6.9091 6.91041 6.91245 6.91521 6.91869 6.92288 6.92777 6.93336 6.93963 6.94657 6.95416 6.96238 6.97122 6.98064 6.99063 7.00115 7.01217 7.02366 7.03558 7.04788 7.06054 7.07349 7.08669 7.1001 7.11365 7.1273 7.14099 7.15466 7.16825 7.18171 7.19497 7.20797 7.22066 7.23298 7.24487 7.25627 7.26713 7.2774 7.28703 7.29597 7.30419 7.31163 7.31826 7.32406 7.32899 7.33302 7.33614 7.33834 7.3396 7.33991 7.33928 7.33771 7.3352 7.33177 7.32744 7.32223 7.31617 7.30928 7.3016 7.29317 7.28403 7.27422 7.26381 7.25282 7.24133 7.22937 7.21702 7.20433 7.19135 7.17815 7.16478 7.15131 7.1378 7.12429 7.11085 7.09754 7.0844 7.07148 7.05884 7.04653 7.03457 7.02303 7.01193 7.0013 6.9912 6.98163 6.97263 6.96423 6.95645 6.9493 6.9428 6.93698 6.93183 6.92738 6.92363 6.9206 6.91828 6.91668 6.91581 
6.9109 6.9115 6.91284 6.91493 6.91776 6.92133 6.92563 6.93066 6.93639 6.94282 6.94994 6.95772 6.96616 6.97522 6.98488 6.99512 7.00591 7.0172 7.02898 7.04119 7.0538 7.06677 7.08004 7.09356 7.10729 7.12118 7.13515 7.14917 7.16316 7.17707 7.19085 7.20442 7.21772 7.23071 7.24331 7.25547 7.26713 7.27824 7.28874 7.29859 7.30773 7.31613 7.32374 7.33052 7.33645 7.34148 7.34561 7.3488 7.35104 7.35233 7.35265 7.352 7.35039 7.34783 7.34432 7.33989 7.33456 7.32836 7.32131 7.31346 7.30483 7.29549 7.28546 7.2748 7.26356 7.2518 7.23956 7.22692 7.21393 7.20065 7.18713 7.17345 7.15965 7.14581 7.13198 7.11821 7.10457 7.09111 7.07787 7.06492 7.05229 7.04004 7.0282 7.01682 7.00593 6.99556 6.98575 6.97652 6.9679 6.95992 6.95258 6.94591 6.93993 6.93465 6.93009 6.92624 6.92312 6.92074 6.9191 6.9182 
6.91317 6.91378 6.91516 6.9173 6.9202 6.92385 6.92825 6.93339 6.93926 6.94585 6.95313 6.9611 6.96974 6.97901 6.9889 6.99938 7.01041 7.02197 7.03402 7.04651 7.05941 7.07267 7.08624 7.10007 7.11411 7.1283 7.14258 7.15691 7.17121 7.18542 7.19949 7.21335 7.22695 7.24021 7.25308 7.26549 7.2774 7.28874 7.29946 7.30952 7.31885 7.32742 7.33518 7.34211 7.34815 7.35329 7.3575 7.36075 7.36304 7.36435 7.36468 7.36402 7.36237 7.35976 7.35618 7.35166 7.34621 7.33988 7.33269 7.32467 7.31586 7.30632 7.29608 7.28519 7.27371 7.2617 7.2492 7.23629 7.22301 7.20944 7.19563 7.18164 7.16755 7.1534 7.13925 7.12518 7.11123 7.09746 7.08393 7.07068 7.05776 7.04522 7.03311 7.02146 7.01032 6.9997 6.98966 6.98021 6.97139 6.96321 6.9557 6.94887 6.94275 6.93734 6.93266 6.92871 6.92552 6.92308 6.9214 6.92048 
6.91531 6.91593 6.91734 6.91952 6.92249 6.92622 6.93072 6.93597 6.94197 6.9487 6.95615 6.96429 6.97311 6.98258 6.99268 7.00339 7.01466 7.02646 7.03876 7.05152 7.06468 7.07822 7.09207 7.10618 7.12051 7.13499 7.14956 7.16417 7.17876 7.19326 7.2076 7.22174 7.2356 7.24912 7.26224 7.27489 7.28703 7.29859 7.30952 7.31976 7.32927 7.338 7.34591 7.35296 7.35912 7.36436 7.36864 7.37196 7.37429 7.37562 7.37595 7.37528 7.3736 7.37093 7.36729 7.36268 7.35714 7.35068 7.34335 7.33518 7.3262 7.31647 7.30603 7.29494 7.28323 7.27098 7.25824 7.24507 7.23154 7.21769 7.2036 7.18934 7.17495 7.16052 7.14608 7.13172 7.11748 7.10343 7.08961 7.07608 7.0629 7.0501 7.03773 7.02583 7.01444 7.0036 6.99334 6.98368 6.97467 6.96631 6.95863 6.95165 6.94539 6.93986 6.93508 6.93105 6.92778 6.92528 6.92356 6.92262 
6.91731 6.91794 6.91938 6.92161 6.92463 6.92844 6.93302 6.93838 6.9445 6.95136 6.95895 6.96726 6.97625 6.98591 6.99621 7.00712 7.01861 7.03064 7.04317 7.05617 7.06959 7.08338 7.09749 7.11187 7.12646 7.1412 7.15605 7.17092 7.18578 7.20054 7.21514 7.22953 7.24364 7.2574 7.27075 7.28362 7.29597 7.30773 7.31885 7.32927 7.33894 7.34783 7.35587 7.36304 7.36931 7.37463 7.37899 7.38236 7.38473 7.38608 7.38642 7.38573 7.38403 7.38131 7.3776 7.37291 7.36727 7.36071 7.35325 7.34493 7.3358 7.3259 7.31528 7.30398 7.29208 7.27961 7.26664 7.25323 7.23945 7.22536 7.21102 7.19649 7.18184 7.16713 7.15244 7.1378 7.1233 7.10898 7.0949 7.08112 7.06768 7.05463 7.04202 7.02989 7.01828 7.00723 6.99676 6.98692 6.97772 6.9692 6.96137 6.95425 6.94786 6.94222 6.93734 6.93323 6.92989 6.92734 6.92559 6.92463 
6.91915 6.9198 6.92126 6.92353 6.9266 6.93048 6.93515 6.94061 6.94683 6.95382 6.96154 6.96999 6.97914 6.98897 6.99945 7.01055 7.02224 7.03448 7.04724 7.06046 7.0741 7.08813 7.10248 7.11709 7.13193 7.14692 7.16201 7.17713 7.19223 7.20723 7.22207 7.23669 7.25102 7.265 7.27856 7.29164 7.30419 7.31613 7.32742 7.338 7.34783 7.35684 7.36501 7.37229 7.37865 7.38406 7.38848 7.3919 7.39431 7.39568 7.39602 7.39532 7.39359 7.39083 7.38707 7.38231 7.37658 7.36991 7.36233 7.35389 7.34461 7.33456 7.32377 7.31229 7.3002 7.28753 7.27435 7.26073 7.24673 7.2324 7.21782 7.20306 7.18817 7.17322 7.15827 7.1434 7.12865 7.11409 7.09977 7.08575 7.07207 7.0588 7.04597 7.03363 7.02182 7.01057 6.99992 6.9899 6.98054 6.97186 6.96389 6.95664 6.95014 6.9444 6.93943 6.93524 6.93184 6.92925 6.92746 6.92648 
6.92084 6.92149 6.92298 6.92528 6.92841 6.93234 6.93709 6.94263 6.94896 6.95605 6.9639 6.97248 6.98178 6.99176 7.00241 7.01368 7.02555 7.03798 7.05093 7.06435 7.0782 7.09244 7.107 7.12184 7.1369 7.15211 7.16742 7.18276 7.19808 7.21329 7.22835 7.24318 7.25771 7.27189 7.28564 7.29891 7.31163 7.32374 7.33518 7.34591 7.35587 7.36501 7.37329 7.38067 7.38712 7.3926 7.39708 7.40055 7.40299 7.40438 7.40472 7.40401 7.40226 7.39946 7.39564 7.39081 7.385 7.37824 7.37056 7.362 7.3526 7.3424 7.33146 7.31982 7.30755 7.29471 7.28134 7.26753 7.25332 7.23879 7.224 7.20902 7.19391 7.17874 7.16357 7.14847 7.1335 7.11872 7.10418 7.08995 7.07607 7.06259 7.04956 7.03703 7.02503 7.01361 7.00279 6.99261 6.9831 6.97428 6.96618 6.95882 6.95221 6.94638 6.94133 6.93707 6.93362 6.93098 6.92916 6.92816 
6.92235 6.92301 6.92452 6.92685 6.93002 6.93402 6.93883 6.94445 6.95086 6.95805 6.96601 6.97471 6.98414 6.99426 7.00505 7.01648 7.02851 7.0411 7.05422 7.06783 7.08187 7.09629 7.11105 7.12608 7.14133 7.15674 7.17225 7.18779 7.2033 7.21871 7.23395 7.24897 7.26368 7.27804 7.29196 7.30539 7.31826 7.33052 7.34211 7.35296 7.36304 7.37229 7.38067 7.38814 7.39466 7.40021 7.40474 7.40825 7.41072 7.41213 7.41247 7.41175 7.40998 7.40715 7.40328 7.39839 7.39252 7.38567 7.3779 7.36923 7.35971 7.34939 7.33831 7.32653 7.31411 7.30111 7.28758 7.27359 7.2592 7.24448 7.22951 7.21433 7.19903 7.18366 7.1683 7.153 7.13783 7.12286 7.10813 7.0937 7.07964 7.06598 7.05277 7.04007 7.02791 7.01632 7.00536 6.99504 6.9854 6.97646 6.96824 6.96078 6.95407 6.94815 6.94303 6.93871 6.93521 6.93254 6.93069 6.92968 
6.92368 6.92435 6.92587 6.92824 6.93145 6.93549 6.94036 6.94604 6.95253 6.95981 6.96787 6.97667 6.98621 6.99645 7.00737 7.01893 7.0311 7.04384 7.05711 7.07087 7.08507 7.09966 7.11458 7.12979 7.14521 7.16079 7.17647 7.19218 7.20786 7.22344 7.23885 7.25403 7.2689 7.28341 7.29748 7.31105 7.32406 7.33645 7.34815 7.35912 7.36931 7.37865 7.38712 7.39466 7.40125 7.40685 7.41143 7.41498 7.41747 7.41889 7.41924 7.41851 7.41672 7.41386 7.40995 7.40501 7.39907 7.39216 7.3843 7.37554 7.36593 7.35549 7.3443 7.3324 7.31984 7.3067 7.29302 7.27888 7.26434 7.24946 7.23432 7.21898 7.2035 7.18797 7.17243 7.15696 7.14162 7.12648 7.11158 7.09699 7.08276 7.06894 7.05558 7.04273 7.03043 7.01871 7.00761 6.99717 6.98741 6.97836 6.97005 6.96249 6.95571 6.94972 6.94453 6.94016 6.93662 6.93391 6.93204 6.93101 
6.92482 6.9255 6.92704 6.92943 6.93266 6.93675 6.94167 6.94741 6.95397 6.96132 6.96945 6.97835 6.98798 6.99832 7.00934 7.02102 7.03331 7.04618 7.05958 7.07347 7.08781 7.10253 7.1176 7.13294 7.14851 7.16424 7.18006 7.19592 7.21174 7.22746 7.24302 7.25833 7.27334 7.28797 7.30217 7.31586 7.32899 7.34148 7.35329 7.36436 7.37463 7.38406 7.3926 7.40021 7.40685 7.4125 7.41712 7.42069 7.42321 7.42464 7.42499 7.42426 7.42245 7.41956 7.41562 7.41064 7.40465 7.39767 7.38975 7.38091 7.37121 7.36068 7.34939 7.33738 7.32471 7.31145 7.29765 7.28338 7.26871 7.25369 7.23841 7.22293 7.20731 7.19163 7.17595 7.16034 7.14485 7.12956 7.11452 7.09979 7.08542 7.07147 7.05798 7.045 7.03258 7.02074 7.00953 6.99899 6.98913 6.97999 6.97159 6.96396 6.95711 6.95105 6.94581 6.9414 6.93782 6.93508 6.93319 6.93216 
6.92577 6.92645 6.928 6.93041 6.93368 6.93779 6.94275 6.94854 6.95515 6.96256 6.97076 6.97973 6.98944 6.99986 7.01097 7.02274 7.03513 7.0481 7.06161 7.07561 7.09005 7.10489 7.12007 7.13554 7.15122 7.16707 7.18301 7.19899 7.21493 7.23076 7.24643 7.26186 7.27697 7.29171 7.30601 7.3198 7.33302 7.34561 7.3575 7.36864 7.37899 7.38848 7.39708 7.40474 7.41143 7.41712 7.42177 7.42537 7.4279 7.42934 7.4297 7.42896 7.42713 7.42423 7.42026 7.41524 7.40921 7.40218 7.3942 7.3853 7.37553 7.36493 7.35356 7.34146 7.3287 7.31534 7.30144 7.28707 7.27229 7.25716 7.24177 7.22617 7.21044 7.19464 7.17884 7.1631 7.1475 7.13209 7.11693 7.10209 7.08761 7.07355 7.05995 7.04687 7.03434 7.02241 7.01112 7.00048 6.99055 6.98133 6.97287 6.96517 6.95826 6.95216 6.94688 6.94243 6.93882 6.93606 6.93415 6.93311 
6.92652 6.9272 6.92876 6.93118 6.93447 6.93861 6.9436 6.94943 6.95608 6.96354 6.97179 6.98081 6.99058 7.00107 7.01225 7.02409 7.03655 7.0496 7.06318 7.07727 7.0918 7.10673 7.122 7.13755 7.15333 7.16926 7.1853 7.20136 7.21739 7.23332 7.24908 7.26459 7.27979 7.29461 7.30899 7.32285 7.33614 7.3488 7.36075 7.37196 7.38236 7.3919 7.40055 7.40825 7.41498 7.42069 7.42537 7.42899 7.43153 7.43298 7.43334 7.4326 7.43076 7.42784 7.42385 7.4188 7.41274 7.40567 7.39765 7.3887 7.37887 7.36822 7.35678 7.34462 7.33179 7.31836 7.30438 7.28992 7.27506 7.25985 7.24437 7.22868 7.21286 7.19696 7.18107 7.16525 7.14955 7.13405 7.11881 7.10387 7.08931 7.07516 7.06148 7.04832 7.03572 7.02372 7.01235 7.00165 6.99166 6.98239 6.97387 6.96612 6.95917 6.95303 6.94771 6.94323 6.9396 6.93682 6.93491 6.93385 
6.92706 6.92775 6.92931 6.93175 6.93505 6.93921 6.94422 6.95007 6.95675 6.96424 6.97253 6.98159 6.99139 7.00193 7.01316 7.02504 7.03756 7.05066 7.0643 7.07845 7.09304 7.10803 7.12336 7.13897 7.15481 7.17081 7.18691 7.20304 7.21913 7.23512 7.25094 7.26651 7.28177 7.29665 7.31108 7.325 7.33834 7.35104 7.36304 7.37429 7.38473 7.39431 7.40299 7.41072 7.41747 7.42321 7.4279 7.43153 7.43408 7.43554 7.43589 7.43515 7.4333 7.43037 7.42637 7.4213 7.41521 7.40812 7.40007 7.39109 7.38122 7.37053 7.35905 7.34684 7.33396 7.32047 7.30644 7.29193 7.27701 7.26174 7.2462 7.23045 7.21456 7.19861 7.18265 7.16676 7.15101 7.13544 7.12013 7.10514 7.09051 7.07631 7.06257 7.04936 7.0367 7.02465 7.01323 7.00249 6.99245 6.98314 6.97458 6.96681 6.95982 6.95366 6.94832 6.94382 6.94017 6.93738 6.93545 6.9344 
6.92739 6.92808 6.92965 6.93209 6.9354 6.93957 6.94459 6.95046 6.95715 6.96466 6.97297 6.98205 6.99188 7.00244 7.01369 7.02561 7.03815 7.05129 7.06496 7.07914 7.09376 7.10878 7.12415 7.1398 7.15567 7.17171 7.18784 7.20401 7.22014 7.23616 7.25201 7.26762 7.28291 7.29782 7.31228 7.32623 7.3396 7.35233 7.36435 7.37562 7.38608 7.39568 7.40438 7.41213 7.41889 7.42464 7.42934 7.43298 7.43554 7.437 7.43735 7.43661 7.43476 7.43182 7.4278 7.42273 7.41663 7.40952 7.40145 7.39245 7.38257 7.37185 7.36034 7.34811 7.3352 7.32168 7.30762 7.29308 7.27812 7.26282 7.24725 7.23146 7.21554 7.19955 7.18356 7.16764 7.15184 7.13625 7.1209 7.10587 7.09121 7.07698 7.06321 7.04997 7.03728 7.0252 7.01376 7.00299 6.99292 6.98359 6.97501 6.96722 6.96022 6.95404 6.94868 6.94417 6.94051 6.93772 6.93579 6.93473 
