3.07122 3.07145 3.07168 3.07192 3.07216 3.07241 3.07267 3.07293 3.0732 3.07347 3.07376 3.07405 3.07436 3.07469 3.07503 3.07539 3.07579 3.0762 3.07665 3.07714 3.07766 3.07822 3.07882 3.07947 3.08016 3.08089 3.08167 3.08249 3.08335 3.08425 3.08518 3.08614 3.08712 3.08812 3.08913 3.09014 3.09115 3.09214 3.09311 3.09404 3.09493 3.09578 3.09656 3.09728 3.09792 3.09848 3.09895 3.09933 3.09961 3.09979 3.09987 3.09985 3.09972 3.0995 3.09917 3.09876 3.09825 3.09766 3.09699 3.09625 3.09545 3.0946 3.0937 3.09277 3.09182 3.09084 3.08986 3.08887 3.0879 3.08694 3.086 3.08509 3.08422 3.08339 3.0826 3.08185 3.08116 3.08052 3.07993 3.0794 3.07892 3.07849 3.07812 3.0778 3.07754 3.07732 3.07715 3.07702 3.07694 3.0769 3.07689 3.07692 3.07698 3.07707 3.07718 3.07732 3.07748 3.07765 3.07785 3.07805 
3.07145 3.07167 3.0719 3.07214 3.07239 3.07264 3.07289 3.07316 3.07342 3.0737 3.07398 3.07428 3.07459 3.07491 3.07526 3.07563 3.07602 3.07644 3.07689 3.07738 3.07791 3.07848 3.07909 3.07974 3.08044 3.08118 3.08197 3.0828 3.08368 3.08459 3.08553 3.08651 3.08751 3.08852 3.08955 3.09058 3.0916 3.09261 3.09359 3.09455 3.09546 3.09631 3.09711 3.09784 3.09849 3.09906 3.09954 3.09993 3.10021 3.1004 3.10048 3.10046 3.10033 3.1001 3.09977 3.09934 3.09882 3.09822 3.09754 3.09679 3.09598 3.09511 3.0942 3.09325 3.09228 3.09128 3.09028 3.08928 3.08829 3.08732 3.08636 3.08544 3.08455 3.08371 3.0829 3.08215 3.08145 3.08079 3.0802 3.07966 3.07917 3.07874 3.07837 3.07804 3.07777 3.07755 3.07738 3.07725 3.07717 3.07712 3.07712 3.07714 3.0772 3.07729 3.07741 3.07754 3.0777 3.07788 3.07807 3.07828 
3.07168 3.0719 3.07214 3.07238 3.07262 3.07288 3.07313 3.0734 3.07367 3.07395 3.07424 3.07454 3.07486 3.0752 3.07555 3.07593 3.07634 3.07678 3.07725 3.07776 3.07832 3.07891 3.07955 3.08024 3.08097 3.08175 3.08258 3.08346 3.08437 3.08533 3.08633 3.08735 3.0884 3.08947 3.09055 3.09163 3.09271 3.09377 3.0948 3.0958 3.09676 3.09766 3.09849 3.09926 3.09994 3.10054 3.10104 3.10145 3.10175 3.10194 3.10202 3.102 3.10186 3.10162 3.10127 3.10082 3.10028 3.09964 3.09893 3.09814 3.09728 3.09637 3.09541 3.09441 3.09339 3.09234 3.09129 3.09024 3.0892 3.08817 3.08717 3.0862 3.08526 3.08437 3.08353 3.08273 3.08199 3.08131 3.08068 3.08011 3.07959 3.07914 3.07874 3.0784 3.07811 3.07787 3.07768 3.07755 3.07745 3.0774 3.07738 3.0774 3.07746 3.07754 3.07765 3.07779 3.07794 3.07812 3.07831 3.07851 
3.07192 3.07214 3.07238 3.07262 3.07287 3.07312 3.07339 3.07366 3.07394 3.07423 3.07453 3.07485 3.07518 3.07554 3.07591 3.07632 3.07676 3.07723 3.07774 3.07829 3.07888 3.07953 3.08022 3.08096 3.08176 3.08261 3.08351 3.08446 3.08545 3.08649 3.08757 3.08868 3.08982 3.09098 3.09215 3.09332 3.09448 3.09563 3.09675 3.09783 3.09886 3.09983 3.10073 3.10156 3.1023 3.10294 3.10348 3.10391 3.10423 3.10444 3.10453 3.1045 3.10435 3.10408 3.1037 3.10322 3.10263 3.10194 3.10116 3.10031 3.09938 3.0984 3.09736 3.09628 3.09517 3.09404 3.0929 3.09176 3.09063 3.08952 3.08843 3.08737 3.08636 3.08539 3.08447 3.08361 3.0828 3.08205 3.08137 3.08074 3.08018 3.07968 3.07924 3.07886 3.07854 3.07828 3.07806 3.0779 3.07779 3.07771 3.07768 3.07769 3.07773 3.07781 3.07791 3.07804 3.07819 3.07836 3.07855 3.07875 
3.07216 3.07239 3.07262 3.07287 3.07312 3.07338 3.07366 3.07394 3.07423 3.07453 3.07485 3.07519 3.07555 3.07593 3.07634 3.07679 3.07727 3.07778 3.07835 3.07896 3.07962 3.08033 3.0811 3.08193 3.08282 3.08376 3.08476 3.08582 3.08693 3.08809 3.08928 3.09052 3.09179 3.09307 3.09437 3.09566 3.09695 3.09822 3.09946 3.10065 3.10179 3.10286 3.10386 3.10476 3.10558 3.10628 3.10688 3.10735 3.1077 3.10793 3.10802 3.10798 3.10781 3.10752 3.1071 3.10656 3.1059 3.10514 3.10428 3.10334 3.10231 3.10122 3.10007 3.09887 3.09764 3.09639 3.09512 3.09386 3.0926 3.09137 3.09016 3.08899 3.08786 3.08678 3.08575 3.08479 3.08389 3.08305 3.08228 3.08158 3.08095 3.08038 3.07988 3.07945 3.07908 3.07877 3.07852 3.07832 3.07818 3.07808 3.07803 3.07801 3.07804 3.0781 3.07819 3.07831 3.07845 3.07862 3.0788 3.079 
3.07241 3.07264 3.07288 3.07312 3.07338 3.07366 3.07394 3.07423 3.07454 3.07487 3.07521 3.07558 3.07597 3.07639 3.07685 3.07734 3.07788 3.07846 3.07909 3.07978 3.08053 3.08134 3.08221 3.08315 3.08416 3.08523 3.08637 3.08756 3.08882 3.09013 3.09149 3.09289 3.09432 3.09577 3.09723 3.09869 3.10014 3.10157 3.10296 3.1043 3.10558 3.10678 3.1079 3.10892 3.10982 3.11061 3.11128 3.11181 3.1122 3.11244 3.11254 3.1125 3.1123 3.11197 3.11149 3.11088 3.11014 3.10929 3.10832 3.10725 3.1061 3.10486 3.10357 3.10222 3.10083 3.09942 3.09799 3.09656 3.09515 3.09375 3.09238 3.09105 3.08978 3.08855 3.08739 3.08629 3.08526 3.08431 3.08343 3.08263 3.0819 3.08125 3.08067 3.08016 3.07973 3.07936 3.07905 3.07881 3.07862 3.07849 3.07841 3.07837 3.07837 3.07841 3.07849 3.07859 3.07872 3.07888 3.07906 3.07925 
3.07267 3.07289 3.07313 3.07339 3.07366 3.07394 3.07423 3.07455 3.07488 3.07523 3.07561 3.07601 3.07644 3.07692 3.07743 3.07799 3.0786 3.07926 3.07998 3.08077 3.08163 3.08256 3.08357 3.08465 3.0858 3.08703 3.08834 3.08972 3.09116 3.09266 3.09422 3.09582 3.09745 3.09911 3.10078 3.10245 3.1041 3.10572 3.10731 3.10883 3.11028 3.11164 3.11291 3.11406 3.11509 3.11598 3.11673 3.11732 3.11776 3.11803 3.11814 3.11809 3.11786 3.11748 3.11693 3.11624 3.11539 3.11442 3.11332 3.1121 3.11078 3.10938 3.1079 3.10637 3.10478 3.10317 3.10154 3.09991 3.09829 3.09669 3.09513 3.09361 3.09214 3.09073 3.08939 3.08813 3.08695 3.08584 3.08482 3.08389 3.08304 3.08228 3.0816 3.08101 3.08049 3.08004 3.07967 3.07937 3.07913 3.07895 3.07883 3.07876 3.07873 3.07875 3.0788 3.07889 3.07901 3.07915 3.07932 3.07951 
3.07293 3.07316 3.0734 3.07366 3.07394 3.07423 3.07455 3.07488 3.07524 3.07563 3.07604 3.07649 3.07698 3.07751 3.0781 3.07873 3.07943 3.0802 3.08103 3.08195 3.08294 3.08402 3.08518 3.08643 3.08777 3.0892 3.09071 3.09231 3.09397 3.09571 3.0975 3.09935 3.10123 3.10314 3.10505 3.10697 3.10886 3.11073 3.11254 3.11428 3.11593 3.11749 3.11893 3.12024 3.12141 3.12243 3.12328 3.12395 3.12444 3.12475 3.12487 3.1248 3.12454 3.1241 3.12347 3.12267 3.12171 3.12059 3.11932 3.11793 3.11642 3.11481 3.11312 3.11135 3.10954 3.10769 3.10581 3.10394 3.10207 3.10023 3.09843 3.09667 3.09498 3.09335 3.0918 3.09033 3.08896 3.08767 3.08649 3.08539 3.0844 3.0835 3.0827 3.08199 3.08137 3.08084 3.08039 3.08001 3.07971 3.07947 3.0793 3.07918 3.07912 3.07911 3.07913 3.0792 3.0793 3.07943 3.07959 3.07977 
3.0732 3.07342 3.07367 3.07394 3.07423 3.07454 3.07488 3.07524 3.07563 3.07606 3.07652 3.07703 3.07758 3.07819 3.07886 3.07959 3.0804 3.08129 3.08226 3.08332 3.08447 3.08573 3.08708 3.08854 3.0901 3.09176 3.09351 3.09536 3.0973 3.09931 3.10138 3.10352 3.10569 3.10789 3.1101 3.11231 3.11449 3.11663 3.1187 3.1207 3.1226 3.12438 3.12603 3.12753 3.12886 3.13002 3.13099 3.13175 3.13231 3.13266 3.13279 3.1327 3.1324 3.13189 3.13116 3.13024 3.12913 3.12785 3.12639 3.12479 3.12306 3.12121 3.11926 3.11723 3.11514 3.11301 3.11085 3.10869 3.10653 3.1044 3.10232 3.10028 3.09832 3.09643 3.09463 3.09293 3.09132 3.08982 3.08843 3.08715 3.08599 3.08493 3.08398 3.08313 3.08239 3.08175 3.0812 3.08073 3.08035 3.08005 3.07982 3.07965 3.07955 3.07949 3.07949 3.07953 3.07961 3.07972 3.07987 3.08005 
3.07347 3.0737 3.07395 3.07423 3.07453 3.07487 3.07523 3.07563 3.07606 3.07653 3.07705 3.07763 3.07826 3.07895 3.07972 3.08057 3.08151 3.08254 3.08367 3.0849 3.08625 3.08771 3.08929 3.09099 3.09281 3.09474 3.09678 3.09892 3.10117 3.1035 3.1059 3.10837 3.11088 3.11342 3.11597 3.11851 3.12102 3.12348 3.12587 3.12816 3.13033 3.13237 3.13426 3.13597 3.13749 3.13881 3.13991 3.14079 3.14142 3.14181 3.14195 3.14185 3.1415 3.1409 3.14007 3.13901 3.13774 3.13626 3.13459 3.13275 3.13075 3.12863 3.12639 3.12405 3.12164 3.11919 3.1167 3.1142 3.11171 3.10925 3.10684 3.10448 3.1022 3.10001 3.09792 3.09594 3.09407 3.09232 3.09069 3.08919 3.08782 3.08657 3.08545 3.08445 3.08356 3.08279 3.08212 3.08155 3.08108 3.0807 3.08039 3.08017 3.08001 3.07991 3.07987 3.07988 3.07993 3.08003 3.08016 3.08033 
3.07376 3.07398 3.07424 3.07453 3.07485 3.07521 3.07561 3.07604 3.07652 3.07705 3.07764 3.07829 3.07902 3.07982 3.08071 3.08169 3.08277 3.08397 3.08529 3.08673 3.0883 3.09 3.09184 3.09381 3.09592 3.09817 3.10054 3.10303 3.10563 3.10833 3.11111 3.11396 3.11685 3.11978 3.12272 3.12564 3.12852 3.13134 3.13407 3.1367 3.13919 3.14152 3.14368 3.14563 3.14737 3.14887 3.15012 3.15111 3.15183 3.15227 3.15242 3.1523 3.15189 3.1512 3.15025 3.14903 3.14757 3.14587 3.14396 3.14185 3.13956 3.13712 3.13455 3.13186 3.1291 3.12627 3.1234 3.12053 3.11766 3.11482 3.11203 3.10931 3.10667 3.10413 3.1017 3.0994 3.09722 3.09518 3.09328 3.09153 3.08992 3.08845 3.08713 3.08594 3.08489 3.08396 3.08316 3.08247 3.08189 3.08142 3.08103 3.08073 3.08051 3.08036 3.08028 3.08025 3.08027 3.08035 3.08046 3.08062 
3.07405 3.07428 3.07454 3.07485 3.07519 3.07558 3.07601 3.07649 3.07703 3.07763 3.07829 3.07904 3.07987 3.08079 3.08181 3.08295 3.08421 3.0856 3.08713 3.08881 3.09063 3.09261 3.09475 3.09704 3.09949 3.10209 3.10483 3.10771 3.11072 3.11383 3.11704 3.12032 3.12365 3.12701 3.13038 3.13373 3.13703 3.14026 3.14339 3.14638 3.14922 3.15188 3.15433 3.15656 3.15853 3.16024 3.16166 3.16278 3.16359 3.16408 3.16425 3.1641 3.16363 3.16285 3.16175 3.16036 3.15869 3.15675 3.15456 3.15215 3.14953 3.14674 3.14379 3.14072 3.13755 3.1343 3.13102 3.12771 3.12441 3.12115 3.11793 3.11479 3.11175 3.10882 3.10601 3.10333 3.10081 3.09844 3.09623 3.09418 3.0923 3.09059 3.08903 3.08763 3.08639 3.08529 3.08433 3.08351 3.0828 3.08222 3.08174 3.08135 3.08106 3.08085 3.08071 3.08064 3.08064 3.08068 3.08078 3.08092 
3.07436 3.07459 3.07486 3.07518 3.07555 3.07597 3.07644 3.07698 3.07758 3.07826 3.07902 3.07987 3.08082 3.08188 3.08306 3.08438 3.08584 3.08745 3.08922 3.09116 3.09328 3.09557 3.09805 3.1007 3.10353 3.10653 3.1097 3.11302 3.11648 3.12006 3.12374 3.1275 3.13132 3.13517 3.13902 3.14284 3.14661 3.15029 3.15385 3.15726 3.16048 3.1635 3.16629 3.16881 3.17104 3.17297 3.17457 3.17584 3.17675 3.1773 3.17749 3.17732 3.17678 3.17588 3.17463 3.17304 3.17114 3.16893 3.16644 3.16369 3.16071 3.15753 3.15417 3.15066 3.14704 3.14334 3.13958 3.1358 3.13202 3.12828 3.12459 3.12099 3.11748 3.11411 3.11087 3.10779 3.10487 3.10213 3.09956 3.09719 3.095 3.093 3.09118 3.08954 3.08808 3.08678 3.08565 3.08466 3.08382 3.0831 3.08251 3.08204 3.08166 3.08138 3.08119 3.08107 3.08102 3.08104 3.08111 3.08124 
3.07469 3.07491 3.0752 3.07554 3.07593 3.07639 3.07692 3.07751 3.07819 3.07895 3.07982 3.08079 3.08188 3.0831 3.08447 3.08598 3.08767 3.08953 3.09158 3.09382 3.09626 3.09891 3.10176 3.10482 3.10808 3.11153 3.11517 3.11898 3.12294 3.12704 3.13125 3.13555 3.1399 3.14429 3.14867 3.15302 3.1573 3.16147 3.1655 3.16936 3.17302 3.17643 3.17957 3.18241 3.18493 3.18711 3.18891 3.19033 3.19136 3.19197 3.19218 3.19197 3.19136 3.19033 3.18892 3.18712 3.18496 3.18246 3.17964 3.17653 3.17315 3.16954 3.16572 3.16174 3.15763 3.15342 3.14914 3.14483 3.14052 3.13625 3.13204 3.12792 3.12391 3.12004 3.11632 3.11278 3.10942 3.10626 3.10331 3.10056 3.09803 3.09571 3.09359 3.09168 3.08997 3.08845 3.08711 3.08595 3.08494 3.08409 3.08337 3.08279 3.08232 3.08196 3.0817 3.08152 3.08143 3.08141 3.08146 3.08157 
3.07503 3.07526 3.07555 3.07591 3.07634 3.07685 3.07743 3.0781 3.07886 3.07972 3.08071 3.08181 3.08306 3.08447 3.08603 3.08778 3.08972 3.09187 3.09422 3.0968 3.09961 3.10265 3.10593 3.10943 3.11317 3.11712 3.12128 3.12563 3.13015 3.13482 3.13961 3.14449 3.14944 3.15441 3.15938 3.16429 3.16913 3.17384 3.17839 3.18274 3.18685 3.19069 3.19422 3.19742 3.20024 3.20268 3.2047 3.20629 3.20743 3.20812 3.20834 3.2081 3.2074 3.20625 3.20465 3.20263 3.20019 3.19737 3.19419 3.19068 3.18687 3.18279 3.17849 3.17399 3.16934 3.16457 3.15973 3.15484 3.14995 3.1451 3.14031 3.13562 3.13105 3.12664 3.12239 3.11834 3.1145 3.11088 3.10748 3.10433 3.10141 3.09873 3.09628 3.09407 3.09208 3.09031 3.08875 3.08738 3.08619 3.08518 3.08432 3.08361 3.08304 3.08259 3.08225 3.08202 3.08187 3.08181 3.08183 3.08193 
3.07539 3.07563 3.07593 3.07632 3.07679 3.07734 3.07799 3.07873 3.07959 3.08057 3.08169 3.08295 3.08438 3.08598 3.08778 3.08979 3.09201 3.09447 3.09717 3.10013 3.10334 3.10682 3.11056 3.11457 3.11882 3.12333 3.12806 3.133 3.13813 3.14342 3.14884 3.15437 3.15995 3.16556 3.17116 3.1767 3.18213 3.18743 3.19253 3.19741 3.20201 3.20631 3.21026 3.21383 3.21698 3.2197 3.22195 3.22372 3.22499 3.22575 3.22599 3.22572 3.22493 3.22363 3.22184 3.21957 3.21684 3.21368 3.21012 3.20618 3.2019 3.19733 3.19249 3.18743 3.1822 3.17683 3.17137 3.16586 3.16034 3.15486 3.14944 3.14412 3.13895 3.13393 3.12911 3.1245 3.12013 3.11599 3.11212 3.10851 3.10516 3.10208 3.09927 3.09672 3.09443 3.09238 3.09056 3.08896 3.08757 3.08638 3.08537 3.08452 3.08383 3.08328 3.08285 3.08255 3.08235 3.08224 3.08223 3.0823 
3.07579 3.07602 3.07634 3.07676 3.07727 3.07788 3.0786 3.07943 3.0804 3.08151 3.08277 3.08421 3.08584 3.08767 3.08972 3.09201 3.09455 3.09736 3.10044 3.10381 3.10748 3.11143 3.11569 3.12024 3.12507 3.13017 3.13552 3.14111 3.1469 3.15287 3.15898 3.16519 3.17147 3.17777 3.18404 3.19024 3.19632 3.20224 3.20794 3.21338 3.21851 3.22329 3.22769 3.23165 3.23516 3.23817 3.24067 3.24263 3.24403 3.24487 3.24513 3.24482 3.24394 3.24249 3.24049 3.23796 3.23492 3.23139 3.22742 3.22302 3.21825 3.21314 3.20773 3.20208 3.19622 3.19021 3.18409 3.1779 3.17171 3.16554 3.15944 3.15345 3.14761 3.14195 3.1365 3.13128 3.12632 3.12163 3.11723 3.11312 3.1093 3.10579 3.10258 3.09966 3.09702 3.09466 3.09256 3.09071 3.0891 3.08771 3.08652 3.08552 3.08469 3.08403 3.08351 3.08312 3.08286 3.0827 3.08266 3.08271 
3.0762 3.07644 3.07678 3.07723 3.07778 3.07846 3.07926 3.0802 3.08129 3.08254 3.08397 3.0856 3.08745 3.08953 3.09187 3.09447 3.09736 3.10055 3.10405 3.10787 3.11203 3.11651 3.12133 3.12647 3.13192 3.13767 3.1437 3.14999 3.15649 3.16319 3.17003 3.17699 3.18401 3.19104 3.19803 3.20494 3.21171 3.21828 3.22461 3.23065 3.23634 3.24163 3.24649 3.25088 3.25475 3.25808 3.26083 3.26299 3.26453 3.26545 3.26574 3.26538 3.2644 3.26279 3.26058 3.25777 3.2544 3.25049 3.24608 3.24121 3.23591 3.23023 3.22422 3.21793 3.21141 3.20471 3.19789 3.19098 3.18406 3.17716 3.17033 3.16362 3.15707 3.15071 3.14457 3.1387 3.1331 3.12781 3.12283 3.11817 3.11385 3.10986 3.10621 3.10288 3.09987 3.09717 3.09476 3.09263 3.09077 3.08916 3.08778 3.08661 3.08564 3.08485 3.08422 3.08375 3.08341 3.0832 3.08311 3.08314 
3.07665 3.07689 3.07725 3.07774 3.07835 3.07909 3.07998 3.08103 3.08226 3.08367 3.08529 3.08713 3.08922 3.09158 3.09422 3.09717 3.10044 3.10405 3.10801 3.11233 3.11702 3.12207 3.12749 3.13327 3.1394 3.14585 3.1526 3.15964 3.16691 3.17438 3.18201 3.18975 3.19756 3.20536 3.21313 3.22078 3.22827 3.23554 3.24253 3.24919 3.25546 3.2613 3.26665 3.27147 3.27573 3.27938 3.2824 3.28477 3.28646 3.28746 3.28776 3.28737 3.28628 3.28451 3.28206 3.27897 3.27526 3.27095 3.26609 3.26071 3.25486 3.24859 3.24194 3.23498 3.22776 3.22034 3.21276 3.2051 3.1974 3.18972 3.18212 3.17463 3.16731 3.16021 3.15334 3.14676 3.14048 3.13453 3.12893 3.12369 3.11881 3.11431 3.11017 3.1064 3.10298 3.09991 3.09717 3.09474 3.0926 3.09075 3.08915 3.0878 3.08667 3.08574 3.08499 3.08442 3.08401 3.08374 3.08361 3.0836 
3.07714 3.07738 3.07776 3.07829 3.07896 3.07978 3.08077 3.08195 3.08332 3.0849 3.08673 3.08881 3.09116 3.09382 3.0968 3.10013 3.10381 3.10787 3.11233 3.11718 3.12245 3.12812 3.13419 3.14066 3.1475 3.1547 3.16223 3.17006 3.17814 3.18644 3.1949 3.20348 3.21211 3.22074 3.2293 3.23774 3.24599 3.25398 3.26167 3.26898 3.27585 3.28225 3.28811 3.29338 3.29803 3.30202 3.30532 3.3079 3.30974 3.31083 3.31116 3.31072 3.30952 3.30758 3.3049 3.30151 3.29744 3.29272 3.28738 3.28148 3.27506 3.26816 3.26086 3.2532 3.24525 3.23706 3.2287 3.22024 3.21172 3.20322 3.19479 3.18649 3.17836 3.17045 3.16281 3.15547 3.14846 3.14182 3.13555 3.12967 3.1242 3.11914 3.11449 3.11023 3.10637 3.1029 3.09979 3.09703 3.0946 3.09248 3.09065 3.08909 3.08778 3.0867 3.08583 3.08515 3.08465 3.08432 3.08414 3.0841 
3.07766 3.07791 3.07832 3.07888 3.07962 3.08053 3.08163 3.08294 3.08447 3.08625 3.0883 3.09063 3.09328 3.09626 3.09961 3.10334 3.10748 3.11203 3.11702 3.12245 3.12833 3.13465 3.14142 3.14862 3.15623 3.16423 3.17258 3.18125 3.19019 3.19936 3.20869 3.21814 3.22764 3.23713 3.24653 3.25578 3.26481 3.27356 3.28196 3.28994 3.29745 3.30442 3.3108 3.31654 3.3216 3.32593 3.32951 3.33231 3.33431 3.33548 3.33583 3.33535 3.33405 3.33193 3.32901 3.32531 3.32087 3.31572 3.3099 3.30346 3.29645 3.28892 3.28093 3.27254 3.26383 3.25485 3.24567 3.23636 3.227 3.21763 3.20834 3.19917 3.19019 3.18144 3.17297 3.16483 3.15705 3.14966 3.14268 3.13613 3.13002 3.12436 3.11915 3.11438 3.11005 3.10613 3.10263 3.09951 3.09676 3.09436 3.09228 3.0905 3.08899 3.08775 3.08674 3.08594 3.08535 3.08494 3.08471 3.08464 
3.07822 3.07848 3.07891 3.07953 3.08033 3.08134 3.08256 3.08402 3.08573 3.08771 3.09 3.09261 3.09557 3.09891 3.10265 3.10682 3.11143 3.11651 3.12207 3.12812 3.13465 3.14168 3.14919 3.15716 3.16558 3.17442 3.18364 3.19319 3.20303 3.21311 3.22335 3.23371 3.24411 3.25448 3.26475 3.27485 3.28469 3.29422 3.30335 3.31202 3.32017 3.32772 3.33464 3.34085 3.34632 3.35101 3.35488 3.3579 3.36006 3.36132 3.36169 3.36117 3.35975 3.35745 3.35429 3.35028 3.34547 3.33989 3.33357 3.32658 3.31896 3.31077 3.30208 3.29294 3.28344 3.27364 3.26362 3.25344 3.24319 3.23293 3.22273 3.21266 3.20278 3.19315 3.18382 3.17483 3.16623 3.15805 3.15032 3.14305 3.13627 3.12997 3.12416 3.11884 3.114 3.10962 3.10569 3.10219 3.0991 3.09639 3.09403 3.09201 3.0903 3.08887 3.08771 3.08679 3.0861 3.08561 3.08532 3.08522 
3.07882 3.07909 3.07955 3.08022 3.0811 3.08221 3.08357 3.08518 3.08708 3.08929 3.09184 3.09475 3.09805 3.10176 3.10593 3.11056 3.11569 3.12133 3.12749 3.13419 3.14142 3.14919 3.15748 3.16627 3.17554 3.18526 3.19537 3.20585 3.21663 3.22765 3.23884 3.25014 3.26147 3.27276 3.28392 3.29488 3.30555 3.31587 3.32575 3.33512 3.34391 3.35207 3.35952 3.36621 3.37211 3.37715 3.38131 3.38455 3.38686 3.38822 3.38861 3.38804 3.38651 3.38403 3.38062 3.37631 3.37112 3.3651 3.35828 3.35073 3.34249 3.33364 3.32423 3.31433 3.30402 3.29339 3.28249 3.27142 3.26025 3.24906 3.23793 3.22692 3.21611 3.20555 3.19531 3.18544 3.17599 3.16698 3.15845 3.15043 3.14293 3.13596 3.12952 3.12362 3.11824 3.11336 3.10898 3.10507 3.1016 3.09856 3.09592 3.09364 3.0917 3.09009 3.08876 3.08771 3.0869 3.08633 3.08598 3.08584 
3.07947 3.07974 3.08024 3.08096 3.08193 3.08315 3.08465 3.08643 3.08854 3.09099 3.09381 3.09704 3.1007 3.10482 3.10943 3.11457 3.12024 3.12647 3.13327 3.14066 3.14862 3.15716 3.16627 3.17592 3.18607 3.1967 3.20776 3.21919 3.23094 3.24293 3.2551 3.26737 3.27965 3.29187 3.30394 3.31578 3.3273 3.33841 3.34905 3.35913 3.36858 3.37733 3.38532 3.3925 3.39881 3.40421 3.40866 3.41213 3.41459 3.41604 3.41646 3.41585 3.4142 3.41154 3.40789 3.40326 3.3977 3.39123 3.38392 3.3758 3.36695 3.35742 3.34728 3.33661 3.32549 3.314 3.30221 3.29023 3.27812 3.26598 3.25388 3.2419 3.23013 3.21862 3.20744 3.19665 3.1863 3.17642 3.16707 3.15825 3.15 3.14232 3.13522 3.1287 3.12275 3.11735 3.11249 3.10814 3.10428 3.10089 3.09793 3.09538 3.09321 3.09138 3.08988 3.08869 3.08776 3.0871 3.08669 3.08651 
3.08016 3.08044 3.08097 3.08176 3.08282 3.08416 3.0858 3.08777 3.0901 3.09281 3.09592 3.09949 3.10353 3.10808 3.11317 3.11882 3.12507 3.13192 3.1394 3.1475 3.15623 3.16558 3.17554 3.18607 3.19715 3.20873 3.22075 3.23317 3.24591 3.2589 3.27207 3.28532 3.29857 3.31174 3.32473 3.33745 3.34982 3.36174 3.37314 3.38393 3.39403 3.40338 3.41191 3.41957 3.42629 3.43204 3.43678 3.44047 3.4431 3.44463 3.44507 3.44442 3.44266 3.43983 3.43593 3.431 3.42506 3.41816 3.41034 3.40167 3.39219 3.38199 3.37112 3.35968 3.34773 3.33538 3.32269 3.30978 3.29672 3.2836 3.27052 3.25755 3.24479 3.23229 3.22015 3.2084 3.19712 3.18636 3.17614 3.1665 3.15746 3.14904 3.14125 3.13408 3.12752 3.12157 3.11621 3.1114 3.10713 3.10336 3.10008 3.09723 3.09481 3.09277 3.09108 3.08973 3.08868 3.08793 3.08744 3.08722 
3.08089 3.08118 3.08175 3.08261 3.08376 3.08523 3.08703 3.0892 3.09176 3.09474 3.09817 3.10209 3.10653 3.11153 3.11712 3.12333 3.13017 3.13767 3.14585 3.1547 3.16423 3.17442 3.18526 3.1967 3.20873 3.22128 3.2343 3.24772 3.26148 3.27548 3.28966 3.30391 3.31814 3.33226 3.34618 3.35979 3.37301 3.38574 3.39789 3.40938 3.42013 3.43007 3.43914 3.44726 3.4544 3.46049 3.46551 3.46942 3.4722 3.47382 3.47429 3.47359 3.47173 3.46873 3.46459 3.45936 3.45305 3.44572 3.43741 3.42819 3.4181 3.40722 3.39563 3.38341 3.37064 3.35742 3.34384 3.32998 3.31596 3.30186 3.28777 3.2738 3.26002 3.24653 3.23338 3.22067 3.20843 3.19674 3.18563 3.17514 3.16529 3.1561 3.14758 3.13974 3.13256 3.12603 3.12013 3.11484 3.11014 3.10598 3.10235 3.0992 3.0965 3.09423 3.09235 3.09084 3.08966 3.0888 3.08824 3.08798 
3.08167 3.08197 3.08258 3.08351 3.08476 3.08637 3.08834 3.09071 3.09351 3.09678 3.10054 3.10483 3.1097 3.11517 3.12128 3.12806 3.13552 3.1437 3.1526 3.16223 3.17258 3.18364 3.19537 3.20776 3.22075 3.2343 3.24833 3.26277 3.27756 3.29259 3.30778 3.32304 3.33826 3.35334 3.36817 3.38267 3.39673 3.41026 3.42315 3.43534 3.44673 3.45725 3.46683 3.47542 3.48295 3.48938 3.49468 3.4988 3.50173 3.50344 3.50393 3.50319 3.50123 3.49806 3.49369 3.48816 3.48151 3.47376 3.46497 3.4552 3.44451 3.43297 3.42067 3.40768 3.3941 3.38001 3.36553 3.35073 3.33574 3.32065 3.30556 3.29057 3.27577 3.26125 3.24709 3.23338 3.22017 3.20753 3.19551 3.18414 3.17345 3.16347 3.1542 3.14566 3.13783 3.1307 3.12425 3.11846 3.1133 3.10873 3.10473 3.10126 3.09829 3.09578 3.09369 3.092 3.09069 3.08972 3.08909 3.08878 
3.08249 3.0828 3.08346 3.08446 3.08582 3.08756 3.08972 3.09231 3.09536 3.09892 3.10303 3.10771 3.11302 3.11898 3.12563 3.133 3.14111 3.14999 3.15964 3.17006 3.18125 3.19319 3.20585 3.21919 3.23317 3.24772 3.26277 3.27825 3.29407 3.31014 3.32635 3.34261 3.3588 3.37483 3.39059 3.40596 3.42085 3.43515 3.44878 3.46164 3.47365 3.48474 3.49482 3.50386 3.51177 3.51853 3.52409 3.52842 3.53149 3.53329 3.5338 3.53303 3.53097 3.52764 3.52306 3.51725 3.51025 3.50209 3.49284 3.48254 3.47127 3.45909 3.44609 3.43235 3.41796 3.40302 3.38764 3.37192 3.35596 3.33988 3.32378 3.30776 3.29193 3.27639 3.26121 3.24649 3.23229 3.21868 3.20572 3.19345 3.18191 3.17111 3.16108 3.15181 3.14331 3.13556 3.12854 3.12223 3.1166 3.11161 3.10723 3.10343 3.10016 3.0974 3.0951 3.09323 3.09177 3.0907 3.08998 3.08962 
3.08335 3.08368 3.08437 3.08545 3.08693 3.08882 3.09116 3.09397 3.0973 3.10117 3.10563 3.11072 3.11648 3.12294 3.13015 3.13813 3.1469 3.15649 3.16691 3.17814 3.19019 3.20303 3.21663 3.23094 3.24591 3.26148 3.27756 3.29407 3.31093 3.32802 3.34525 3.3625 3.37967 3.39663 3.41328 3.42951 3.44521 3.46028 3.47462 3.48813 3.50074 3.51237 3.52294 3.5324 3.54069 3.54776 3.55357 3.5581 3.56131 3.56319 3.56372 3.56292 3.56077 3.55729 3.5525 3.54642 3.53909 3.53056 3.52086 3.51006 3.49822 3.48542 3.47173 3.45726 3.44208 3.42631 3.41005 3.39341 3.3765 3.35944 3.34234 3.3253 3.30844 3.29186 3.27565 3.25991 3.24471 3.23013 3.21623 3.20304 3.19063 3.179 3.16818 3.15818 3.14899 3.1406 3.13299 3.12615 3.12003 3.1146 3.10983 3.10569 3.10212 3.09909 3.09657 3.09451 3.09291 3.09171 3.09092 3.0905 
3.08425 3.08459 3.08533 3.08649 3.08809 3.09013 3.09266 3.09571 3.09931 3.1035 3.10833 3.11383 3.12006 3.12704 3.13482 3.14342 3.15287 3.16319 3.17438 3.18644 3.19936 3.21311 3.22765 3.24293 3.2589 3.27548 3.29259 3.31014 3.32802 3.34613 3.36436 3.38259 3.40071 3.41859 3.43612 3.45318 3.46967 3.48547 3.5005 3.51464 3.52783 3.53997 3.55101 3.56087 3.56951 3.57688 3.58293 3.58764 3.59098 3.59294 3.5935 3.59266 3.59043 3.58681 3.58183 3.5755 3.56787 3.55896 3.54884 3.53756 3.52518 3.51178 3.49745 3.48226 3.46633 3.44974 3.43263 3.41509 3.39724 3.37921 3.36112 3.34307 3.32518 3.30757 3.29034 3.27358 3.25738 3.24182 3.22696 3.21286 3.19955 3.18708 3.17547 3.16472 3.15482 3.14578 3.13758 3.13018 3.12357 3.11769 3.11252 3.10802 3.10414 3.10084 3.09809 3.09585 3.09408 3.09277 3.09189 3.09142 
3.08518 3.08553 3.08633 3.08757 3.08928 3.09149 3.09422 3.0975 3.10138 3.1059 3.11111 3.11704 3.12374 3.13125 3.13961 3.14884 3.15898 3.17003 3.18201 3.1949 3.20869 3.22335 3.23884 3.2551 3.27207 3.28966 3.30778 3.32635 3.34525 3.36436 3.38358 3.40277 3.42181 3.44058 3.45896 3.47683 3.49407 3.51058 3.52626 3.541 3.55473 3.56737 3.57884 3.58909 3.59806 3.6057 3.61198 3.61686 3.62033 3.62236 3.62295 3.62208 3.61977 3.61603 3.61086 3.6043 3.59638 3.58714 3.57662 3.56488 3.55199 3.53803 3.52306 3.5072 3.49053 3.47317 3.45522 3.43681 3.41805 3.39908 3.38 3.36096 3.34207 3.32344 3.30519 3.28742 3.27022 3.25367 3.23786 3.22283 3.20864 3.19532 3.1829 3.17139 3.16079 3.15109 3.14228 3.13433 3.1272 3.12087 3.11529 3.11042 3.10622 3.10265 3.09966 3.09722 3.0953 3.09387 3.0929 3.09238 
3.08614 3.08651 3.08735 3.08868 3.09052 3.09289 3.09582 3.09935 3.10352 3.10837 3.11396 3.12032 3.1275 3.13555 3.14449 3.15437 3.16519 3.17699 3.18975 3.20348 3.21814 3.23371 3.25014 3.26737 3.28532 3.30391 3.32304 3.34261 3.3625 3.38259 3.40277 3.42289 3.44283 3.46246 3.48165 3.50029 3.51826 3.53544 3.55173 3.56705 3.58129 3.59439 3.60627 3.61687 3.62614 3.63404 3.64053 3.64558 3.64916 3.65126 3.65187 3.65099 3.64861 3.64475 3.63942 3.63265 3.62446 3.6149 3.60401 3.59185 3.57848 3.56398 3.54843 3.53192 3.51456 3.49644 3.4777 3.45844 3.4388 3.41891 3.39889 3.37887 3.35899 3.33936 3.3201 3.30133 3.28314 3.26562 3.24886 3.23291 3.21783 3.20366 3.19044 3.17816 3.16685 3.15649 3.14706 3.13854 3.13091 3.12411 3.11811 3.11288 3.10835 3.1045 3.10127 3.09864 3.09655 3.09499 3.09394 3.09336 
3.08712 3.08751 3.0884 3.08982 3.09179 3.09432 3.09745 3.10123 3.10569 3.11088 3.11685 3.12365 3.13132 3.1399 3.14944 3.15995 3.17147 3.18401 3.19756 3.21211 3.22764 3.24411 3.26147 3.27965 3.29857 3.31814 3.33826 3.3588 3.37967 3.40071 3.42181 3.44283 3.46363 3.48408 3.50406 3.52343 3.54208 3.55989 3.57677 3.59261 3.60733 3.62086 3.63312 3.64405 3.65361 3.66174 3.66842 3.67362 3.67731 3.67947 3.68011 3.6792 3.67676 3.6728 3.66733 3.66036 3.65194 3.64209 3.63086 3.61831 3.60449 3.58949 3.57339 3.55627 3.53825 3.51942 3.49991 3.47985 3.45936 3.43858 3.41764 3.39668 3.37583 3.35522 3.33499 3.31523 3.29607 3.27759 3.25988 3.24302 3.22706 3.21205 3.19802 3.18499 3.17296 3.16194 3.15189 3.14281 3.13466 3.12739 3.12098 3.11537 3.11052 3.10638 3.10292 3.10008 3.09783 3.09615 3.095 3.09437 
3.08812 3.08852 3.08947 3.09098 3.09307 3.09577 3.09911 3.10314 3.10789 3.11342 3.11978 3.12701 3.13517 3.14429 3.15441 3.16556 3.17777 3.19104 3.20536 3.22074 3.23713 3.25448 3.27276 3.29187 3.31174 3.33226 3.35334 3.37483 3.39663 3.41859 3.44058 3.46246 3.48408 3.50532 3.52603 3.54609 3.56539 3.58379 3.60121 3.61755 3.63271 3.64663 3.65923 3.67047 3.68028 3.68863 3.69548 3.70081 3.7046 3.70683 3.70748 3.70657 3.70408 3.70002 3.69442 3.68728 3.67864 3.66853 3.65699 3.64408 3.62986 3.6144 3.59778 3.5801 3.56145 3.54195 3.52173 3.5009 3.4796 3.45796 3.43614 3.41427 3.39249 3.37094 3.34974 3.32903 3.30891 3.28949 3.27086 3.25311 3.23628 3.22043 3.20561 3.19182 3.17909 3.1674 3.15675 3.1471 3.13843 3.1307 3.12387 3.11789 3.11271 3.10829 3.10458 3.10153 3.09912 3.09731 3.09608 3.09539 
3.08913 3.08955 3.09055 3.09215 3.09437 3.09723 3.10078 3.10505 3.1101 3.11597 3.12272 3.13038 3.13902 3.14867 3.15938 3.17116 3.18404 3.19803 3.21313 3.2293 3.24653 3.26475 3.28392 3.30394 3.32473 3.34618 3.36817 3.39059 3.41328 3.43612 3.45896 3.48165 3.50406 3.52603 3.54744 3.56815 3.58804 3.607 3.62492 3.6417 3.65727 3.67154 3.68446 3.69597 3.70601 3.71456 3.72157 3.72702 3.73089 3.73317 3.73385 3.73293 3.7304 3.72626 3.72055 3.71326 3.70443 3.69408 3.68227 3.66904 3.65444 3.63856 3.62147 3.60326 3.58403 3.56391 3.543 3.52145 3.49938 3.47694 3.45428 3.43153 3.40886 3.38639 3.36427 3.34263 3.32159 3.30125 3.28173 3.26309 3.24541 3.22875 3.21314 3.19862 3.18519 3.17285 3.16158 3.15138 3.1422 3.13401 3.12676 3.12041 3.1149 3.1102 3.10625 3.103 3.10043 3.09849 3.09716 3.09643 
3.09014 3.09058 3.09163 3.09332 3.09566 3.09869 3.10245 3.10697 3.11231 3.11851 3.12564 3.13373 3.14284 3.15302 3.16429 3.1767 3.19024 3.20494 3.22078 3.23774 3.25578 3.27485 3.29488 3.31578 3.33745 3.35979 3.38267 3.40596 3.42951 3.45318 3.47683 3.50029 3.52343 3.54609 3.56815 3.58946 3.6099 3.62937 3.64774 3.66494 3.68087 3.69547 3.70867 3.72042 3.73067 3.73938 3.74653 3.75209 3.75605 3.75838 3.75908 3.75815 3.75558 3.75139 3.74557 3.73815 3.72915 3.71861 3.70655 3.69302 3.67809 3.66183 3.6443 3.62561 3.60586 3.58515 3.56361 3.54138 3.51859 3.49539 3.47192 3.44835 3.42482 3.40148 3.37848 3.35594 3.33401 3.31279 3.29239 3.2729 3.2544 3.23694 3.22057 3.20532 3.19121 3.17823 3.16637 3.15562 3.14594 3.13729 3.12963 3.12291 3.11709 3.1121 3.10791 3.10446 3.10173 3.09967 3.09825 3.09746 
3.09115 3.0916 3.09271 3.09448 3.09695 3.10014 3.1041 3.10886 3.11449 3.12102 3.12852 3.13703 3.14661 3.1573 3.16913 3.18213 3.19632 3.21171 3.22827 3.24599 3.26481 3.28469 3.30555 3.3273 3.34982 3.37301 3.39673 3.42085 3.44521 3.46967 3.49407 3.51826 3.54208 3.56539 3.58804 3.6099 3.63085 3.65078 3.66957 3.68714 3.7034 3.71829 3.73173 3.7437 3.75413 3.76299 3.77026 3.77592 3.77994 3.78232 3.78304 3.78211 3.77951 3.77526 3.76937 3.76184 3.7527 3.74197 3.7297 3.71592 3.70069 3.68408 3.66617 3.64704 3.6268 3.60555 3.58343 3.56057 3.53711 3.51319 3.48897 3.46462 3.44028 3.41611 3.39226 3.36888 3.34609 3.32402 3.30279 3.28248 3.26318 3.24495 3.22784 3.21189 3.19711 3.18351 3.17107 3.15979 3.14961 3.14052 3.13246 3.12538 3.11924 3.11398 3.10955 3.10591 3.10302 3.10083 3.09933 3.09849 
3.09214 3.09261 3.09377 3.09563 3.09822 3.10157 3.10572 3.11073 3.11663 3.12348 3.13134 3.14026 3.15029 3.16147 3.17384 3.18743 3.20224 3.21828 3.23554 3.25398 3.27356 3.29422 3.31587 3.33841 3.36174 3.38574 3.41026 3.43515 3.46028 3.48547 3.51058 3.53544 3.55989 3.58379 3.607 3.62937 3.65078 3.67112 3.69028 3.70818 3.72473 3.73987 3.75354 3.76569 3.77628 3.78527 3.79265 3.79839 3.80247 3.80489 3.80564 3.8047 3.80209 3.79779 3.79183 3.78421 3.77495 3.76407 3.75161 3.73761 3.72212 3.70521 3.68694 3.66742 3.64674 3.625 3.60235 3.5789 3.55481 3.53023 3.50532 3.48023 3.45513 3.43018 3.40553 3.38134 3.35774 3.33487 3.31283 3.29174 3.27167 3.25271 3.23489 3.21826 3.20285 3.18865 3.17565 3.16385 3.1532 3.14367 3.13522 3.1278 3.12135 3.11582 3.11117 3.10734 3.10429 3.10198 3.10039 3.0995 
3.09311 3.09359 3.0948 3.09675 3.09946 3.10296 3.10731 3.11254 3.1187 3.12587 3.13407 3.14339 3.15385 3.1655 3.17839 3.19253 3.20794 3.22461 3.24253 3.26167 3.28196 3.30335 3.32575 3.34905 3.37314 3.39789 3.42315 3.44878 3.47462 3.5005 3.52626 3.55173 3.57677 3.60121 3.62492 3.64774 3.66957 3.69028 3.70978 3.72797 3.74478 3.76014 3.774 3.78631 3.79703 3.80614 3.8136 3.81941 3.82355 3.826 3.82677 3.82584 3.82321 3.81889 3.81287 3.80518 3.79582 3.78481 3.77219 3.758 3.74228 3.7251 3.70653 3.68665 3.66557 3.64339 3.62025 3.59627 3.57161 3.54642 3.52085 3.49508 3.46927 3.44359 3.41819 3.39324 3.36888 3.34525 3.32246 3.30062 3.27983 3.26016 3.24167 3.2244 3.20837 3.1936 3.18007 3.16777 3.15667 3.14672 3.1379 3.13014 3.1234 3.11761 3.11273 3.10872 3.10552 3.1031 3.10143 3.10049 
3.09404 3.09455 3.0958 3.09783 3.10065 3.1043 3.10883 3.11428 3.1207 3.12816 3.1367 3.14638 3.15726 3.16936 3.18274 3.19741 3.21338 3.23065 3.24919 3.26898 3.28994 3.31202 3.33512 3.35913 3.38393 3.40938 3.43534 3.46164 3.48813 3.51464 3.541 3.56705 3.59261 3.61755 3.6417 3.66494 3.68714 3.70818 3.72797 3.74642 3.76345 3.779 3.79302 3.80547 3.81631 3.82551 3.83305 3.83892 3.8431 3.84558 3.84637 3.84544 3.84281 3.83846 3.83241 3.82465 3.81521 3.8041 3.79135 3.77699 3.76108 3.74366 3.72482 3.70463 3.68319 3.66062 3.63704 3.61258 3.58739 3.56164 3.53548 3.50908 3.48262 3.45626 3.43017 3.40451 3.37944 3.35509 3.33159 3.30906 3.28758 3.26725 3.24813 3.23025 3.21364 3.19832 3.18429 3.17152 3.15998 3.14965 3.14046 3.13239 3.12536 3.11933 3.11424 3.11005 3.10671 3.10418 3.10243 3.10144 
3.09493 3.09546 3.09676 3.09886 3.10179 3.10558 3.11028 3.11593 3.1226 3.13033 3.13919 3.14922 3.16048 3.17302 3.18685 3.20201 3.21851 3.23634 3.25546 3.27585 3.29745 3.32017 3.34391 3.36858 3.39403 3.42013 3.44673 3.47365 3.50074 3.52783 3.55473 3.58129 3.60733 3.63271 3.65727 3.68087 3.7034 3.72473 3.74478 3.76345 3.78067 3.79639 3.81055 3.82311 3.83404 3.84332 3.85092 3.85684 3.86106 3.86358 3.86438 3.86346 3.86082 3.85646 3.85037 3.84257 3.83307 3.82187 3.80901 3.79452 3.77844 3.76082 3.74174 3.72128 3.69953 3.6766 3.65263 3.62774 3.60208 3.57582 3.54911 3.52214 3.49508 3.4681 3.44137 3.41506 3.38933 3.36432 3.34016 3.31698 3.29488 3.27393 3.25421 3.23576 3.21861 3.20279 3.18827 3.17506 3.16312 3.15241 3.14289 3.13452 3.12722 3.12096 3.11568 3.11132 3.10784 3.10521 3.10339 3.10235 
3.09578 3.09631 3.09766 3.09983 3.10286 3.10678 3.11164 3.11749 3.12438 3.13237 3.14152 3.15188 3.1635 3.17643 3.19069 3.20631 3.22329 3.24163 3.2613 3.28225 3.30442 3.32772 3.35207 3.37733 3.40338 3.43007 3.45725 3.48474 3.51237 3.53997 3.56737 3.59439 3.62086 3.64663 3.67154 3.69547 3.71829 3.73987 3.76014 3.779 3.79639 3.81224 3.82652 3.83917 3.85018 3.85952 3.86718 3.87314 3.87739 3.87993 3.88075 3.87984 3.8772 3.87283 3.86673 3.85889 3.84934 3.83807 3.82512 3.81052 3.79429 3.77651 3.75722 3.73652 3.7145 3.69126 3.66694 3.64166 3.61558 3.58887 3.56168 3.53419 3.50658 3.47903 3.45172 3.42482 3.39848 3.37287 3.34811 3.32434 3.30165 3.28013 3.25986 3.24089 3.22325 3.20695 3.19199 3.17837 3.16605 3.155 3.14517 3.13651 3.12897 3.12249 3.11702 3.11251 3.10891 3.10618 3.10429 3.10321 
3.09656 3.09711 3.09849 3.10073 3.10386 3.1079 3.11291 3.11893 3.12603 3.13426 3.14368 3.15433 3.16629 3.17957 3.19422 3.21026 3.22769 3.24649 3.26665 3.28811 3.3108 3.33464 3.35952 3.38532 3.41191 3.43914 3.46683 3.49482 3.52294 3.55101 3.57884 3.60627 3.63312 3.65923 3.68446 3.70867 3.73173 3.75354 3.774 3.79302 3.81055 3.82652 3.84089 3.85362 3.86469 3.87409 3.88179 3.88778 3.89206 3.89462 3.89545 3.89455 3.89191 3.88754 3.88142 3.87356 3.86397 3.85265 3.83963 3.82493 3.80859 3.79066 3.7712 3.7503 3.72804 3.70453 3.6799 3.65429 3.62784 3.60071 3.57309 3.54514 3.51705 3.48899 3.46116 3.43372 3.40684 3.38068 3.35538 3.33107 3.30785 3.28582 3.26505 3.2456 3.2275 3.21077 3.19541 3.18141 3.16875 3.15738 3.14727 3.13835 3.13059 3.12391 3.11827 3.11361 3.1099 3.10708 3.10512 3.10401 
3.09728 3.09784 3.09926 3.10156 3.10476 3.10892 3.11406 3.12024 3.12753 3.13597 3.14563 3.15656 3.16881 3.18241 3.19742 3.21383 3.23165 3.25088 3.27147 3.29338 3.31654 3.34085 3.36621 3.3925 3.41957 3.44726 3.47542 3.50386 3.5324 3.56087 3.58909 3.61687 3.64405 3.67047 3.69597 3.72042 3.7437 3.76569 3.78631 3.80547 3.82311 3.83917 3.85362 3.86642 3.87754 3.88698 3.89471 3.90073 3.90503 3.90761 3.90845 3.90756 3.90493 3.90056 3.89443 3.88656 3.87694 3.86558 3.8525 3.83772 3.82129 3.80324 3.78363 3.76256 3.74009 3.71635 3.69146 3.66555 3.63878 3.6113 3.58329 3.55494 3.52642 3.49792 3.46962 3.44171 3.41435 3.3877 3.36192 3.33712 3.31343 3.29094 3.26973 3.24985 3.23134 3.21422 3.1985 3.18417 3.17119 3.15954 3.14917 3.14002 3.13205 3.1252 3.1194 3.11462 3.1108 3.1079 3.10589 3.10474 
3.09792 3.09849 3.09994 3.1023 3.10558 3.10982 3.11509 3.12141 3.12886 3.13749 3.14737 3.15853 3.17104 3.18493 3.20024 3.21698 3.23516 3.25475 3.27573 3.29803 3.3216 3.34632 3.37211 3.39881 3.42629 3.4544 3.48295 3.51177 3.54069 3.56951 3.59806 3.62614 3.65361 3.68028 3.70601 3.73067 3.75413 3.77628 3.79703 3.81631 3.83404 3.85018 3.86469 3.87754 3.88871 3.89818 3.90594 3.91198 3.9163 3.91889 3.91975 3.91887 3.91624 3.91187 3.90574 3.89785 3.88821 3.87682 3.8637 3.84886 3.83235 3.8142 3.79447 3.77325 3.75061 3.72668 3.70156 3.6754 3.64834 3.62056 3.59223 3.56352 3.53463 3.50574 3.47705 3.44872 3.42094 3.39387 3.36767 3.34245 3.31835 3.29545 3.27385 3.2536 3.23473 3.21728 3.20124 3.18661 3.17336 3.16146 3.15086 3.14151 3.13336 3.12634 3.12041 3.11552 3.1116 3.10863 3.10657 3.1054 
3.09848 3.09906 3.10054 3.10294 3.10628 3.11061 3.11598 3.12243 3.13002 3.13881 3.14887 3.16024 3.17297 3.18711 3.20268 3.2197 3.23817 3.25808 3.27938 3.30202 3.32593 3.35101 3.37715 3.40421 3.43204 3.46049 3.48938 3.51853 3.54776 3.57688 3.6057 3.63404 3.66174 3.68863 3.71456 3.73938 3.76299 3.78527 3.80614 3.82551 3.84332 3.85952 3.87409 3.88698 3.89818 3.90767 3.91545 3.92151 3.92585 3.92845 3.92932 3.92845 3.92583 3.92145 3.91532 3.90743 3.89778 3.88636 3.8732 3.85832 3.84174 3.82351 3.80368 3.78234 3.75956 3.73546 3.71015 3.68378 3.65649 3.62846 3.59985 3.57085 3.54164 3.51243 3.48339 3.45472 3.42659 3.39916 3.37259 3.34702 3.32256 3.29933 3.27739 3.25682 3.23765 3.2199 3.2036 3.18871 3.17523 3.16311 3.15232 3.14279 3.13449 3.12734 3.12129 3.1163 3.1123 3.10927 3.10717 3.10597 
3.09895 3.09954 3.10104 3.10348 3.10688 3.11128 3.11673 3.12328 3.13099 3.13991 3.15012 3.16166 3.17457 3.18891 3.2047 3.22195 3.24067 3.26083 3.2824 3.30532 3.32951 3.35488 3.38131 3.40866 3.43678 3.46551 3.49468 3.52409 3.55357 3.58293 3.61198 3.64053 3.66842 3.69548 3.72157 3.74653 3.77026 3.79265 3.8136 3.83305 3.85092 3.86718 3.88179 3.89471 3.90594 3.91545 3.92325 3.92933 3.93367 3.93628 3.93716 3.9363 3.93368 3.92931 3.92318 3.91528 3.90562 3.89418 3.88099 3.86607 3.84944 3.83114 3.81124 3.78979 3.7669 3.74267 3.71721 3.69067 3.66319 3.63495 3.60611 3.57687 3.54741 3.51793 3.48862 3.45966 3.43123 3.40351 3.37665 3.35079 3.32605 3.30253 3.28032 3.25948 3.24006 3.22208 3.20555 3.19046 3.17678 3.16449 3.15353 3.14386 3.13543 3.12817 3.12203 3.11695 3.11289 3.10981 3.10767 3.10645 
3.09933 3.09993 3.10145 3.10391 3.10735 3.11181 3.11732 3.12395 3.13175 3.14079 3.15111 3.16278 3.17584 3.19033 3.20629 3.22372 3.24263 3.26299 3.28477 3.3079 3.33231 3.3579 3.38455 3.41213 3.44047 3.46942 3.4988 3.52842 3.5581 3.58764 3.61686 3.64558 3.67362 3.70081 3.72702 3.75209 3.77592 3.79839 3.81941 3.83892 3.85684 3.87314 3.88778 3.90073 3.91198 3.92151 3.92933 3.93541 3.93977 3.94239 3.94327 3.94241 3.9398 3.93543 3.9293 3.9214 3.91172 3.90027 3.88706 3.87211 3.85543 3.83708 3.81711 3.7956 3.77261 3.74828 3.7227 3.69602 3.6684 3.63999 3.61098 3.58156 3.5519 3.52221 3.49268 3.46351 3.43486 3.40691 3.37982 3.35373 3.32877 3.30503 3.28261 3.26157 3.24196 3.22379 3.20709 3.19183 3.17801 3.16557 3.15449 3.14471 3.13618 3.12883 3.12261 3.11747 3.11336 3.11024 3.10807 3.10683 
3.09961 3.10021 3.10175 3.10423 3.1077 3.1122 3.11776 3.12444 3.13231 3.14142 3.15183 3.16359 3.17675 3.19136 3.20743 3.22499 3.24403 3.26453 3.28646 3.30974 3.33431 3.36006 3.38686 3.41459 3.4431 3.4722 3.50173 3.53149 3.56131 3.59098 3.62033 3.64916 3.67731 3.7046 3.73089 3.75605 3.77994 3.80247 3.82355 3.8431 3.86106 3.87739 3.89206 3.90503 3.9163 3.92585 3.93367 3.93977 3.94413 3.94676 3.94765 3.94679 3.94418 3.93982 3.93368 3.92577 3.91608 3.90462 3.89139 3.87641 3.85971 3.84132 3.8213 3.79972 3.77668 3.75226 3.7266 3.69983 3.6721 3.64357 3.61444 3.58488 3.55509 3.52525 3.49557 3.46624 3.43743 3.40932 3.38208 3.35583 3.33071 3.30682 3.28425 3.26307 3.24331 3.22502 3.20819 3.19282 3.17889 3.16636 3.15519 3.14533 3.13672 3.12931 3.12304 3.11785 3.11371 3.11055 3.10837 3.10712 
3.09979 3.1004 3.10194 3.10444 3.10793 3.11244 3.11803 3.12475 3.13266 3.14181 3.15227 3.16408 3.1773 3.19197 3.20812 3.22575 3.24487 3.26545 3.28746 3.31083 3.33548 3.36132 3.38822 3.41604 3.44463 3.47382 3.50344 3.53329 3.56319 3.59294 3.62236 3.65126 3.67947 3.70683 3.73317 3.75838 3.78232 3.80489 3.826 3.84558 3.86358 3.87993 3.89462 3.90761 3.91889 3.92845 3.93628 3.94239 3.94676 3.94939 3.95028 3.94943 3.94682 3.94245 3.93631 3.9284 3.9187 3.90723 3.89398 3.87898 3.86225 3.84383 3.82378 3.80217 3.77907 3.75461 3.72889 3.70206 3.67426 3.64567 3.61646 3.58682 3.55695 3.52703 3.49726 3.46784 3.43894 3.41074 3.3834 3.35706 3.33185 3.30787 3.28522 3.26395 3.24412 3.22575 3.20885 3.19342 3.17942 3.16684 3.15562 3.14571 3.13706 3.12961 3.12331 3.11809 3.11393 3.11076 3.10856 3.1073 
