2.9303 2.93053 2.93077 2.93101 2.93125 2.9315 2.93174 2.93199 2.93225 2.9325 2.93276 2.93303 2.93331 2.93359 2.9339 2.93421 2.93455 2.93492 2.9353 2.93572 2.93617 2.93666 2.93718 2.93774 2.93835 2.93899 2.93967 2.9404 2.94116 2.94196 2.94279 2.94365 2.94454 2.94544 2.94635 2.94727 2.94818 2.94909 2.94997 2.95083 2.95165 2.95243 2.95315 2.95381 2.9544 2.95492 2.95536 2.95571 2.95597 2.95614 2.95622 2.9562 2.95608 2.95588 2.95558 2.95519 2.95472 2.95418 2.95357 2.95289 2.95215 2.95137 2.95055 2.9497 2.94883 2.94794 2.94705 2.94615 2.94527 2.94441 2.94356 2.94275 2.94197 2.94123 2.94053 2.93987 2.93926 2.9387 2.93819 2.93773 2.93733 2.93697 2.93666 2.9364 2.93619 2.93602 2.93589 2.93581 2.93577 2.93576 2.93578 2.93584 2.93593 2.93604 2.93618 2.93634 2.93651 2.9367 2.93691 2.93712 
2.93053 2.93076 2.931 2.93124 2.93148 2.93173 2.93197 2.93222 2.93248 2.93273 2.93299 2.93326 2.93354 2.93382 2.93413 2.93445 2.93479 2.93515 2.93554 2.93597 2.93642 2.93691 2.93744 2.93801 2.93862 2.93927 2.93997 2.9407 2.94148 2.94229 2.94313 2.94401 2.94491 2.94583 2.94676 2.94769 2.94862 2.94954 2.95044 2.95132 2.95215 2.95294 2.95368 2.95435 2.95495 2.95548 2.95593 2.95628 2.95655 2.95672 2.9568 2.95678 2.95666 2.95645 2.95615 2.95575 2.95528 2.95472 2.9541 2.95341 2.95266 2.95186 2.95103 2.95016 2.94927 2.94837 2.94746 2.94655 2.94565 2.94477 2.94391 2.94309 2.94229 2.94154 2.94083 2.94016 2.93954 2.93898 2.93846 2.93799 2.93758 2.93722 2.9369 2.93664 2.93642 2.93625 2.93613 2.93604 2.936 2.93599 2.93602 2.93607 2.93616 2.93627 2.93641 2.93657 2.93674 2.93693 2.93714 2.93735 
2.93077 2.931 2.93123 2.93148 2.93172 2.93197 2.93222 2.93247 2.93272 2.93298 2.93325 2.93352 2.93381 2.9341 2.93442 2.93475 2.9351 2.93548 2.93589 2.93633 2.93681 2.93733 2.93788 2.93848 2.93913 2.93981 2.94055 2.94132 2.94214 2.943 2.94389 2.94481 2.94576 2.94673 2.94771 2.9487 2.94968 2.95065 2.9516 2.95252 2.9534 2.95424 2.95501 2.95572 2.95636 2.95691 2.95738 2.95776 2.95804 2.95822 2.9583 2.95827 2.95815 2.95792 2.9576 2.95718 2.95668 2.95609 2.95543 2.9547 2.95391 2.95307 2.95219 2.95128 2.95034 2.94938 2.94842 2.94746 2.94652 2.94559 2.94468 2.94381 2.94297 2.94217 2.94142 2.94072 2.94006 2.93946 2.93891 2.93842 2.93798 2.9376 2.93726 2.93698 2.93675 2.93656 2.93643 2.93633 2.93628 2.93626 2.93628 2.93633 2.93641 2.93652 2.93665 2.93681 2.93698 2.93717 2.93737 2.93759 
2.93101 2.93124 2.93148 2.93172 2.93196 2.93221 2.93247 2.93273 2.93299 2.93326 2.93353 2.93382 2.93411 2.93443 2.93476 2.93511 2.93549 2.9359 2.93635 2.93682 2.93734 2.9379 2.93851 2.93916 2.93987 2.94062 2.94142 2.94226 2.94316 2.94409 2.94507 2.94607 2.94711 2.94817 2.94924 2.95031 2.95138 2.95244 2.95347 2.95447 2.95543 2.95633 2.95717 2.95794 2.95863 2.95923 2.95974 2.96014 2.96045 2.96064 2.96072 2.9607 2.96056 2.96031 2.95996 2.9595 2.95896 2.95832 2.9576 2.9568 2.95594 2.95503 2.95406 2.95307 2.95204 2.951 2.94996 2.94891 2.94788 2.94687 2.94588 2.94492 2.94401 2.94314 2.94231 2.94154 2.94083 2.94017 2.93957 2.93902 2.93854 2.93811 2.93774 2.93742 2.93716 2.93695 2.93679 2.93667 2.9366 2.93657 2.93657 2.93661 2.93668 2.93679 2.93691 2.93706 2.93723 2.93742 2.93762 2.93783 
2.93125 2.93148 2.93172 2.93196 2.93221 2.93247 2.93273 2.933 2.93327 2.93355 2.93384 2.93414 2.93446 2.9348 2.93516 2.93555 2.93597 2.93642 2.93691 2.93745 2.93802 2.93865 2.93933 2.94006 2.94085 2.9417 2.94259 2.94354 2.94455 2.9456 2.94669 2.94782 2.94897 2.95016 2.95135 2.95255 2.95375 2.95492 2.95607 2.95719 2.95825 2.95926 2.96019 2.96104 2.96181 2.96247 2.96303 2.96348 2.96382 2.96403 2.96412 2.96408 2.96393 2.96365 2.96325 2.96275 2.96213 2.96142 2.96061 2.95973 2.95877 2.95775 2.95667 2.95556 2.95442 2.95326 2.95209 2.95092 2.94976 2.94863 2.94752 2.94645 2.94542 2.94444 2.94352 2.94265 2.94185 2.9411 2.94042 2.9398 2.93925 2.93876 2.93834 2.93797 2.93766 2.93741 2.93722 2.93707 2.93697 2.93691 2.9369 2.93692 2.93698 2.93707 2.93718 2.93732 2.93749 2.93767 2.93786 2.93807 
2.9315 2.93173 2.93197 2.93221 2.93247 2.93273 2.933 2.93328 2.93357 2.93386 2.93418 2.93451 2.93486 2.93523 2.93563 2.93606 2.93653 2.93704 2.9376 2.93821 2.93887 2.93959 2.94036 2.9412 2.9421 2.94307 2.9441 2.94518 2.94633 2.94753 2.94878 2.95006 2.95139 2.95273 2.95409 2.95546 2.95681 2.95815 2.95945 2.96071 2.96192 2.96306 2.96411 2.96507 2.96593 2.96668 2.96732 2.96782 2.96819 2.96843 2.96852 2.96848 2.9683 2.96798 2.96753 2.96695 2.96626 2.96545 2.96453 2.96352 2.96243 2.96127 2.96005 2.95879 2.95749 2.95617 2.95484 2.95351 2.95219 2.95089 2.94963 2.94841 2.94724 2.94612 2.94506 2.94406 2.94313 2.94228 2.94149 2.94078 2.94013 2.93956 2.93906 2.93863 2.93826 2.93796 2.93771 2.93752 2.93739 2.9373 2.93726 2.93726 2.93729 2.93737 2.93747 2.9376 2.93775 2.93792 2.93812 2.93832 
2.93174 2.93197 2.93222 2.93247 2.93273 2.933 2.93328 2.93358 2.93388 2.9342 2.93454 2.93491 2.93529 2.93571 2.93616 2.93666 2.93719 2.93778 2.93842 2.93912 2.93989 2.94072 2.94162 2.94259 2.94364 2.94476 2.94595 2.94721 2.94854 2.94992 2.95137 2.95285 2.95438 2.95593 2.9575 2.95906 2.96062 2.96216 2.96365 2.9651 2.96648 2.96778 2.96898 2.97008 2.97106 2.97192 2.97263 2.9732 2.97362 2.97389 2.974 2.97394 2.97373 2.97336 2.97284 2.97218 2.97138 2.97044 2.96939 2.96824 2.96699 2.96565 2.96425 2.9628 2.9613 2.95978 2.95825 2.95672 2.9552 2.9537 2.95225 2.95083 2.94948 2.94818 2.94695 2.94579 2.94471 2.94371 2.94279 2.94195 2.9412 2.94052 2.93993 2.93941 2.93897 2.93859 2.93829 2.93804 2.93786 2.93773 2.93765 2.93762 2.93763 2.93768 2.93777 2.93788 2.93802 2.93819 2.93837 2.93857 
2.93199 2.93222 2.93247 2.93273 2.933 2.93328 2.93358 2.93389 2.93422 2.93457 2.93494 2.93535 2.93578 2.93626 2.93677 2.93734 2.93796 2.93864 2.93938 2.9402 2.94109 2.94206 2.94312 2.94426 2.94548 2.94679 2.94818 2.94965 2.9512 2.95282 2.9545 2.95623 2.958 2.9598 2.96161 2.96343 2.96523 2.967 2.96873 2.9704 2.97198 2.97348 2.97486 2.97613 2.97725 2.97823 2.97905 2.9797 2.98018 2.98048 2.98059 2.98053 2.98028 2.97985 2.97925 2.97848 2.97755 2.97648 2.97526 2.97393 2.97248 2.97094 2.96932 2.96764 2.96591 2.96415 2.96237 2.96059 2.95883 2.95709 2.9554 2.95375 2.95217 2.95066 2.94922 2.94787 2.9466 2.94543 2.94434 2.94335 2.94246 2.94166 2.94094 2.94032 2.93978 2.93932 2.93894 2.93863 2.93839 2.93821 2.93809 2.93802 2.938 2.93802 2.93808 2.93817 2.9383 2.93845 2.93863 2.93883 
2.93225 2.93248 2.93272 2.93299 2.93327 2.93357 2.93388 2.93422 2.93458 2.93496 2.93538 2.93583 2.93633 2.93687 2.93747 2.93812 2.93884 2.93963 2.94051 2.94146 2.94251 2.94365 2.94489 2.94622 2.94766 2.94919 2.95083 2.95255 2.95436 2.95625 2.95821 2.96022 2.96229 2.96438 2.96649 2.9686 2.97069 2.97274 2.97474 2.97666 2.9785 2.98022 2.98182 2.98327 2.98456 2.98569 2.98663 2.98737 2.98792 2.98826 2.98839 2.9883 2.98801 2.98751 2.98681 2.98592 2.98485 2.9836 2.98219 2.98065 2.97897 2.97719 2.97531 2.97336 2.97135 2.96931 2.96724 2.96518 2.96313 2.9611 2.95913 2.95721 2.95536 2.95359 2.9519 2.95032 2.94883 2.94744 2.94617 2.945 2.94393 2.94298 2.94212 2.94137 2.94072 2.94016 2.93968 2.93929 2.93898 2.93874 2.93856 2.93845 2.93839 2.93838 2.93841 2.93848 2.93859 2.93873 2.93889 2.93908 
2.9325 2.93273 2.93298 2.93326 2.93355 2.93386 2.9342 2.93457 2.93496 2.93539 2.93586 2.93638 2.93694 2.93756 2.93825 2.93901 2.93985 2.94078 2.9418 2.94293 2.94416 2.9455 2.94695 2.94852 2.95021 2.95201 2.95392 2.95594 2.95805 2.96026 2.96255 2.9649 2.9673 2.96974 2.97219 2.97463 2.97706 2.97943 2.98174 2.98397 2.98608 2.98807 2.98991 2.99158 2.99307 2.99436 2.99544 2.99629 2.99691 2.9973 2.99744 2.99734 2.997 2.99642 2.9956 2.99457 2.99333 2.99188 2.99026 2.98847 2.98653 2.98446 2.98229 2.98002 2.9777 2.97532 2.97293 2.97052 2.96814 2.96578 2.96348 2.96124 2.95908 2.957 2.95503 2.95317 2.95142 2.94979 2.94828 2.9469 2.94564 2.9445 2.94348 2.94258 2.94179 2.94111 2.94053 2.94004 2.93964 2.93933 2.93909 2.93892 2.93881 2.93876 2.93876 2.9388 2.93889 2.93901 2.93916 2.93934 
2.93276 2.93299 2.93325 2.93353 2.93384 2.93418 2.93454 2.93494 2.93538 2.93586 2.93639 2.93698 2.93763 2.93834 2.93914 2.94003 2.94101 2.9421 2.9433 2.94461 2.94606 2.94763 2.94934 2.95118 2.95315 2.95526 2.9575 2.95986 2.96233 2.9649 2.96757 2.9703 2.97309 2.97592 2.97876 2.98159 2.98439 2.98714 2.98981 2.99237 2.99481 2.9971 2.99921 3.00113 3.00284 3.00431 3.00555 3.00652 3.00723 3.00767 3.00782 3.0077 3.0073 3.00663 3.00569 3.00449 3.00306 3.00139 2.99951 2.99745 2.99521 2.99282 2.9903 2.98769 2.985 2.98225 2.97947 2.97668 2.97391 2.97118 2.9685 2.96589 2.96337 2.96095 2.95864 2.95646 2.95441 2.9525 2.95072 2.94909 2.9476 2.94625 2.94504 2.94396 2.94302 2.94219 2.94148 2.94088 2.94038 2.93998 2.93967 2.93943 2.93927 2.93917 2.93913 2.93914 2.9392 2.9393 2.93944 2.93961 
2.93303 2.93326 2.93352 2.93382 2.93414 2.93451 2.93491 2.93535 2.93583 2.93638 2.93698 2.93765 2.93839 2.93922 2.94015 2.94118 2.94233 2.9436 2.945 2.94655 2.94824 2.95008 2.95207 2.95423 2.95654 2.959 2.96161 2.96436 2.96723 2.97022 2.97331 2.97648 2.97971 2.98298 2.98626 2.98953 2.99276 2.99592 2.99899 3.00194 3.00474 3.00736 3.00978 3.01198 3.01393 3.01561 3.01702 3.01813 3.01894 3.01943 3.0196 3.01945 3.01899 3.01821 3.01713 3.01575 3.0141 3.01219 3.01003 3.00765 3.00507 3.00232 2.99943 2.99642 2.99331 2.99014 2.98693 2.98371 2.9805 2.97733 2.97423 2.9712 2.96827 2.96546 2.96277 2.96023 2.95783 2.95559 2.95351 2.9516 2.94984 2.94825 2.94682 2.94554 2.9444 2.94341 2.94256 2.94183 2.94121 2.94071 2.9403 2.93999 2.93976 2.93961 2.93952 2.9395 2.93953 2.9396 2.93972 2.93988 
2.93331 2.93354 2.93381 2.93411 2.93446 2.93486 2.93529 2.93578 2.93633 2.93694 2.93763 2.93839 2.93925 2.94021 2.94129 2.94249 2.94383 2.94531 2.94695 2.94875 2.95072 2.95287 2.95519 2.9577 2.96039 2.96325 2.96628 2.96947 2.9728 2.97626 2.97984 2.9835 2.98722 2.99098 2.99476 2.99851 3.00222 3.00584 3.00936 3.01273 3.01592 3.01891 3.02168 3.02418 3.0264 3.02832 3.02992 3.03118 3.03209 3.03264 3.03283 3.03266 3.03212 3.03123 3.02999 3.02841 3.02652 3.02433 3.02186 3.01913 3.01618 3.01303 3.00971 3.00626 3.00269 2.99905 2.99536 2.99165 2.98796 2.9843 2.98072 2.97722 2.97383 2.97057 2.96746 2.9645 2.96171 2.9591 2.95668 2.95444 2.95238 2.95051 2.94882 2.94731 2.94597 2.94479 2.94376 2.94288 2.94214 2.94152 2.94101 2.94061 2.94031 2.94009 2.93995 2.93988 2.93987 2.93992 2.94002 2.94017 
2.93359 2.93382 2.9341 2.93443 2.9348 2.93523 2.93571 2.93626 2.93687 2.93756 2.93834 2.93922 2.94021 2.94133 2.94257 2.94397 2.94552 2.94724 2.94915 2.95124 2.95353 2.95603 2.95873 2.96164 2.96475 2.96806 2.97157 2.97525 2.97909 2.98308 2.98718 2.99139 2.99566 2.99997 3.00429 3.00858 3.01281 3.01695 3.02095 3.02479 3.02842 3.03182 3.03495 3.03779 3.04031 3.04248 3.04429 3.04571 3.04673 3.04735 3.04756 3.04736 3.04674 3.04572 3.04431 3.04252 3.04036 3.03786 3.03505 3.03195 3.02859 3.025 3.02121 3.01726 3.01319 3.00902 3.0048 3.00056 2.99632 2.99213 2.98801 2.98399 2.98008 2.97633 2.97273 2.96932 2.96609 2.96307 2.96025 2.95764 2.95525 2.95306 2.95109 2.94931 2.94773 2.94634 2.94512 2.94406 2.94317 2.94241 2.94179 2.94129 2.9409 2.94061 2.94041 2.94028 2.94024 2.94026 2.94033 2.94046 
2.9339 2.93413 2.93442 2.93476 2.93516 2.93563 2.93616 2.93677 2.93747 2.93825 2.93914 2.94015 2.94129 2.94257 2.94401 2.94562 2.94742 2.94942 2.95162 2.95405 2.9567 2.95959 2.96271 2.96607 2.96966 2.97347 2.9775 2.98172 2.98613 2.9907 2.99539 3.0002 3.00507 3.00999 3.01491 3.01979 3.02459 3.02928 3.03382 3.03816 3.04227 3.04611 3.04965 3.05285 3.05569 3.05814 3.06017 3.06176 3.06291 3.0636 3.06383 3.06359 3.06289 3.06173 3.06013 3.0581 3.05566 3.05284 3.04965 3.04614 3.04233 3.03826 3.03396 3.02948 3.02485 3.02011 3.01531 3.01047 3.00564 3.00086 2.99614 2.99154 2.98707 2.98276 2.97863 2.97471 2.97099 2.96751 2.96425 2.96124 2.95846 2.95592 2.95362 2.95155 2.9497 2.94807 2.94663 2.94538 2.94431 2.94341 2.94265 2.94204 2.94155 2.94117 2.9409 2.94072 2.94063 2.94061 2.94066 2.94078 
2.93421 2.93445 2.93475 2.93511 2.93555 2.93606 2.93666 2.93734 2.93812 2.93901 2.94003 2.94118 2.94249 2.94397 2.94562 2.94748 2.94956 2.95186 2.9544 2.9572 2.96025 2.96357 2.96716 2.97101 2.97513 2.9795 2.9841 2.98893 2.99396 2.99916 3.00451 3.00997 3.0155 3.02108 3.02664 3.03216 3.03759 3.04288 3.048 3.05289 3.05751 3.06183 3.0658 3.06939 3.07257 3.07531 3.07758 3.07936 3.08064 3.08141 3.08166 3.08139 3.08059 3.07929 3.07748 3.07519 3.07245 3.06927 3.06568 3.06172 3.05743 3.05284 3.04799 3.04293 3.0377 3.03235 3.02691 3.02143 3.01595 3.01051 3.00516 2.99992 2.99483 2.98991 2.9852 2.9807 2.97645 2.97245 2.96871 2.96524 2.96204 2.95912 2.95645 2.95405 2.9519 2.94999 2.94831 2.94685 2.94558 2.94451 2.9436 2.94286 2.94226 2.94179 2.94144 2.94119 2.94105 2.94099 2.94101 2.94111 
2.93455 2.93479 2.9351 2.93549 2.93597 2.93653 2.93719 2.93796 2.93884 2.93985 2.94101 2.94233 2.94383 2.94552 2.94742 2.94956 2.95194 2.95458 2.9575 2.9607 2.9642 2.96801 2.97211 2.97651 2.9812 2.98618 2.99142 2.99691 3.00261 3.00851 3.01456 3.02073 3.02698 3.03326 3.03952 3.04573 3.05183 3.05777 3.0635 3.06897 3.07414 3.07897 3.0834 3.08741 3.09095 3.094 3.09653 3.09851 3.09993 3.10078 3.10105 3.10074 3.09984 3.09838 3.09636 3.0938 3.09073 3.08717 3.08316 3.07873 3.07392 3.06877 3.06333 3.05765 3.05177 3.04575 3.03962 3.03345 3.02727 3.02113 3.01508 3.00914 3.00337 2.9978 2.99244 2.98733 2.98248 2.97792 2.97365 2.96968 2.96602 2.96266 2.9596 2.95683 2.95434 2.95213 2.95018 2.94847 2.94699 2.94572 2.94465 2.94376 2.94304 2.94246 2.94202 2.9417 2.9415 2.94139 2.94138 2.94146 
2.93492 2.93515 2.93548 2.9359 2.93642 2.93704 2.93778 2.93864 2.93963 2.94078 2.9421 2.9436 2.94531 2.94724 2.94942 2.95186 2.95458 2.9576 2.96093 2.96459 2.96858 2.97291 2.97757 2.98257 2.9879 2.99354 2.99947 3.00567 3.01211 3.01875 3.02556 3.03249 3.03951 3.04655 3.05356 3.06051 3.06732 3.07394 3.08033 3.08642 3.09218 3.09754 3.10246 3.1069 3.11083 3.11421 3.117 3.11919 3.12076 3.12169 3.12198 3.12163 3.12063 3.119 3.11676 3.11391 3.11049 3.10653 3.10207 3.09714 3.09178 3.08604 3.07998 3.07363 3.06707 3.06033 3.05347 3.04655 3.03962 3.03272 3.02592 3.01924 3.01274 3.00644 3.00039 2.99461 2.98912 2.98394 2.97909 2.97458 2.9704 2.96656 2.96306 2.95989 2.95704 2.95449 2.95224 2.95026 2.94854 2.94706 2.94581 2.94475 2.94389 2.9432 2.94266 2.94226 2.94199 2.94183 2.94178 2.94183 
2.9353 2.93554 2.93589 2.93635 2.93691 2.9376 2.93842 2.93938 2.94051 2.9418 2.9433 2.945 2.94695 2.94915 2.95162 2.9544 2.9575 2.96093 2.96472 2.96887 2.9734 2.9783 2.98358 2.98923 2.99524 3.00159 3.00826 3.01523 3.02246 3.0299 3.03752 3.04527 3.0531 3.06095 3.06876 3.07648 3.08405 3.0914 3.09847 3.10522 3.11158 3.11751 3.12294 3.12784 3.13217 3.13589 3.13896 3.14137 3.14309 3.14411 3.14443 3.14403 3.14292 3.14112 3.13863 3.13549 3.13171 3.12733 3.12239 3.11693 3.111 3.10464 3.09792 3.09088 3.08358 3.07609 3.06845 3.06074 3.05301 3.04531 3.03769 3.03022 3.02293 3.01586 3.00906 3.00255 2.99637 2.99053 2.98505 2.97994 2.9752 2.97085 2.96687 2.96325 2.96 2.95709 2.9545 2.95223 2.95024 2.94853 2.94707 2.94584 2.94482 2.944 2.94335 2.94286 2.94251 2.9423 2.94221 2.94224 
2.93572 2.93597 2.93633 2.93682 2.93745 2.93821 2.93912 2.9402 2.94146 2.94293 2.94461 2.94655 2.94875 2.95124 2.95405 2.9572 2.9607 2.96459 2.96887 2.97356 2.97867 2.98419 2.99013 2.99648 3.00322 3.01035 3.01782 3.0256 3.03367 3.04197 3.05045 3.05906 3.06775 3.07645 3.08511 3.09364 3.102 3.11011 3.11791 3.12533 3.13233 3.13884 3.1448 3.15018 3.15492 3.15899 3.16235 3.16499 3.16687 3.16798 3.16831 3.16787 3.16665 3.16467 3.16194 3.15848 3.15433 3.14952 3.14409 3.13808 3.13155 3.12454 3.11713 3.10935 3.10129 3.093 3.08455 3.076 3.06742 3.05887 3.0504 3.04208 3.03395 3.02606 3.01846 3.01118 3.00424 2.99769 2.99153 2.98578 2.98044 2.97553 2.97102 2.96693 2.96324 2.95992 2.95698 2.95438 2.95211 2.95014 2.94845 2.94703 2.94584 2.94487 2.9441 2.94351 2.94308 2.94281 2.94267 2.94267 
2.93617 2.93642 2.93681 2.93734 2.93802 2.93887 2.93989 2.94109 2.94251 2.94416 2.94606 2.94824 2.95072 2.95353 2.9567 2.96025 2.9642 2.96858 2.9734 2.97867 2.9844 2.99059 2.99724 3.00434 3.01187 3.0198 3.02812 3.03678 3.04573 3.05493 3.06432 3.07385 3.08344 3.09303 3.10256 3.11195 3.12112 3.13002 3.13857 3.1467 3.15435 3.16146 3.16797 3.17384 3.179 3.18344 3.1871 3.18996 3.192 3.19321 3.19357 3.19308 3.19174 3.18957 3.18659 3.18282 3.17828 3.17303 3.16709 3.16051 3.15336 3.14569 3.13755 3.12902 3.12016 3.11104 3.10174 3.09232 3.08284 3.07339 3.06403 3.05481 3.04579 3.03703 3.02858 3.02047 3.01274 3.00543 2.99854 2.9921 2.98612 2.9806 2.97554 2.97093 2.96676 2.96301 2.95967 2.95672 2.95414 2.95189 2.94996 2.94832 2.94695 2.94582 2.94492 2.94421 2.9437 2.94336 2.94317 2.94314 
2.93666 2.93691 2.93733 2.9379 2.93865 2.93959 2.94072 2.94206 2.94365 2.9455 2.94763 2.95008 2.95287 2.95603 2.95959 2.96357 2.96801 2.97291 2.9783 2.98419 2.99059 2.99749 3.0049 3.01279 3.02116 3.02996 3.03917 3.04874 3.05863 3.06877 3.07912 3.08959 3.10012 3.11064 3.12108 3.13134 3.14137 3.15108 3.1604 3.16925 3.17757 3.1853 3.19237 3.19873 3.20433 3.20913 3.21309 3.21619 3.21839 3.21969 3.22007 3.21954 3.21808 3.21573 3.21249 3.20839 3.20347 3.19776 3.1913 3.18415 3.17636 3.168 3.15913 3.14982 3.14014 3.13016 3.11997 3.10964 3.09924 3.08885 3.07855 3.06839 3.05844 3.04877 3.03942 3.03044 3.02186 3.01374 3.00608 2.99891 2.99224 2.98607 2.98041 2.97524 2.97056 2.96635 2.96259 2.95926 2.95634 2.95379 2.95159 2.94972 2.94815 2.94685 2.9458 2.94498 2.94437 2.94395 2.94371 2.94364 
2.93718 2.93744 2.93788 2.93851 2.93933 2.94036 2.94162 2.94312 2.94489 2.94695 2.94934 2.95207 2.95519 2.95873 2.96271 2.96716 2.97211 2.97757 2.98358 2.99013 2.99724 3.0049 3.0131 3.02184 3.03108 3.04079 3.05094 3.06147 3.07233 3.08346 3.09479 3.10625 3.11775 3.12923 3.14059 3.15177 3.16266 3.1732 3.1833 3.19289 3.20189 3.21024 3.21787 3.22473 3.23077 3.23594 3.24021 3.24354 3.24591 3.2473 3.24771 3.24713 3.24556 3.24302 3.23952 3.2351 3.22978 3.22361 3.21663 3.20889 3.20046 3.1914 3.18177 3.17166 3.16114 3.15029 3.13919 3.12792 3.11656 3.10521 3.09392 3.08279 3.07187 3.06124 3.05094 3.04105 3.03159 3.02261 3.01414 3.00619 2.99879 2.99194 2.98564 2.97988 2.97466 2.96995 2.96574 2.962 2.95871 2.95584 2.95335 2.95123 2.94944 2.94795 2.94675 2.9458 2.94508 2.94458 2.94429 2.94418 
2.93774 2.93801 2.93848 2.93916 2.94006 2.9412 2.94259 2.94426 2.94622 2.94852 2.95118 2.95423 2.9577 2.96164 2.96607 2.97101 2.97651 2.98257 2.98923 2.99648 3.00434 3.01279 3.02184 3.03145 3.04161 3.05228 3.0634 3.07492 3.0868 3.09894 3.11129 3.12375 3.13626 3.14871 3.16103 3.17312 3.1849 3.19628 3.20717 3.2175 3.22718 3.23616 3.24436 3.25172 3.2582 3.26374 3.26831 3.27188 3.27441 3.2759 3.27633 3.2757 3.27401 3.27129 3.26753 3.26279 3.25708 3.25044 3.24294 3.23462 3.22554 3.21577 3.20539 3.19447 3.18309 3.17134 3.15931 3.14708 3.13475 3.12239 3.1101 3.09795 3.08603 3.0744 3.06314 3.05229 3.0419 3.03203 3.0227 3.01394 3.00577 2.99819 2.99122 2.98483 2.97903 2.9738 2.9691 2.96493 2.96125 2.95803 2.95524 2.95285 2.95083 2.94915 2.94777 2.94668 2.94585 2.94527 2.94491 2.94476 
2.93835 2.93862 2.93913 2.93987 2.94085 2.9421 2.94364 2.94548 2.94766 2.95021 2.95315 2.95654 2.96039 2.96475 2.96966 2.97513 2.9812 2.9879 2.99524 3.00322 3.01187 3.02116 3.03108 3.04161 3.05272 3.06437 3.0765 3.08906 3.10196 3.11515 3.12854 3.14204 3.15556 3.16901 3.18229 3.19531 3.20798 3.2202 3.23188 3.24295 3.25332 3.26292 3.27168 3.27955 3.28646 3.29237 3.29723 3.30103 3.30373 3.30531 3.30576 3.30509 3.30329 3.30038 3.29638 3.29131 3.28521 3.27812 3.27009 3.26119 3.25146 3.24099 3.22984 3.21811 3.20587 3.19322 3.18025 3.16705 3.15371 3.14034 3.12702 3.11384 3.10088 3.08823 3.07595 3.06411 3.05276 3.04196 3.03174 3.02213 3.01316 3.00482 2.99714 2.99009 2.98368 2.97789 2.97269 2.96806 2.96396 2.96038 2.95726 2.95459 2.95231 2.95042 2.94886 2.94762 2.94668 2.946 2.94557 2.94539 
2.93899 2.93927 2.93981 2.94062 2.9417 2.94307 2.94476 2.94679 2.94919 2.95201 2.95526 2.959 2.96325 2.96806 2.97347 2.9795 2.98618 2.99354 3.00159 3.01035 3.0198 3.02996 3.04079 3.05228 3.06437 3.07703 3.0902 3.1038 3.11777 3.13202 3.14647 3.16101 3.17556 3.19001 3.20426 3.21821 3.23177 3.24483 3.2573 3.26911 3.28015 3.29037 3.29968 3.30804 3.31537 3.32164 3.3268 3.33082 3.33368 3.33535 3.33583 3.33512 3.33321 3.33012 3.32587 3.32049 3.31401 3.30648 3.29794 3.28845 3.27809 3.26692 3.25502 3.24247 3.22937 3.21582 3.20189 3.18771 3.17337 3.15896 3.1446 3.13036 3.11635 3.10265 3.08933 3.07647 3.06414 3.05238 3.04123 3.03074 3.02093 3.0118 3.00338 2.99565 2.9886 2.98222 2.97649 2.97137 2.96684 2.96287 2.95941 2.95643 2.95389 2.95177 2.95003 2.94863 2.94755 2.94678 2.94628 2.94605 
2.93967 2.93997 2.94055 2.94142 2.94259 2.9441 2.94595 2.94818 2.95083 2.95392 2.9575 2.96161 2.96628 2.97157 2.9775 2.9841 2.99142 2.99947 3.00826 3.01782 3.02812 3.03917 3.05094 3.0634 3.0765 3.0902 3.10442 3.11909 3.13414 3.14947 3.16498 3.18057 3.19615 3.2116 3.22682 3.2417 3.25613 3.27002 3.28328 3.2958 3.30751 3.31833 3.32819 3.33702 3.34476 3.35138 3.35683 3.36107 3.36408 3.36584 3.36635 3.36559 3.36358 3.36032 3.35583 3.35015 3.3433 3.33533 3.3263 3.31625 3.30526 3.2934 3.28076 3.26741 3.25346 3.239 3.22414 3.20897 3.19362 3.17817 3.16275 3.14745 3.13236 3.11759 3.10322 3.08933 3.07598 3.06323 3.05114 3.03974 3.02906 3.01912 3.00992 3.00147 2.99376 2.98678 2.98048 2.97486 2.96988 2.96549 2.96167 2.95838 2.95557 2.95321 2.95126 2.9497 2.94849 2.94761 2.94703 2.94676 
2.9404 2.9407 2.94132 2.94226 2.94354 2.94518 2.94721 2.94965 2.95255 2.95594 2.95986 2.96436 2.96947 2.97525 2.98172 2.98893 2.99691 3.00567 3.01523 3.0256 3.03678 3.04874 3.06147 3.07492 3.08906 3.1038 3.11909 3.13485 3.15098 3.16739 3.18397 3.20061 3.21722 3.23366 3.24983 3.26562 3.28093 3.29563 3.30965 3.32287 3.33523 3.34663 3.35701 3.3663 3.37444 3.3814 3.38712 3.39157 3.39473 3.39658 3.39711 3.39632 3.3942 3.39078 3.38607 3.3801 3.3729 3.36451 3.355 3.34441 3.33281 3.32028 3.30691 3.29278 3.27799 3.26264 3.24684 3.2307 3.21434 3.19786 3.18138 3.165 3.14884 3.133 3.11755 3.1026 3.08822 3.07447 3.06141 3.04907 3.03751 3.02672 3.01674 3.00755 2.99916 2.99154 2.98467 2.97852 2.97306 2.96825 2.96405 2.96042 2.95732 2.95471 2.95256 2.95082 2.94947 2.94848 2.94783 2.94751 
2.94116 2.94148 2.94214 2.94316 2.94455 2.94633 2.94854 2.9512 2.95436 2.95805 2.96233 2.96723 2.9728 2.97909 2.98613 2.99396 3.00261 3.01211 3.02246 3.03367 3.04573 3.05863 3.07233 3.0868 3.10196 3.11777 3.13414 3.15098 3.16819 3.18568 3.20332 3.22101 3.23863 3.25605 3.27316 3.28984 3.30599 3.32149 3.33624 3.35015 3.36312 3.37508 3.38596 3.39569 3.40421 3.41149 3.41746 3.42212 3.42542 3.42735 3.42791 3.42708 3.42488 3.4213 3.41638 3.41014 3.4026 3.39382 3.38385 3.37274 3.36056 3.34739 3.33331 3.31842 3.30281 3.28659 3.26988 3.25278 3.23542 3.21791 3.20038 3.18293 3.16569 3.14876 3.13225 3.11623 3.1008 3.08604 3.07199 3.05871 3.04623 3.03459 3.0238 3.01385 3.00475 2.99648 2.98902 2.98232 2.97637 2.97112 2.96653 2.96256 2.95916 2.95629 2.95392 2.952 2.9505 2.9494 2.94867 2.94829 
2.94196 2.94229 2.943 2.94409 2.9456 2.94753 2.94992 2.95282 2.95625 2.96026 2.9649 2.97022 2.97626 2.98308 2.9907 2.99916 3.00851 3.01875 3.0299 3.04197 3.05493 3.06877 3.08346 3.09894 3.11515 3.13202 3.14947 3.16739 3.18568 3.20423 3.22292 3.24164 3.26024 3.27862 3.29665 3.3142 3.33116 3.34743 3.36288 3.37744 3.39101 3.4035 3.41485 3.425 3.43388 3.44145 3.44767 3.45251 3.45595 3.45796 3.45854 3.45769 3.4554 3.45168 3.44657 3.44007 3.43222 3.42307 3.41266 3.40106 3.38833 3.37454 3.35979 3.34416 3.32776 3.3107 3.29309 3.27506 3.25672 3.2382 3.21963 3.20113 3.18281 3.16481 3.14721 3.13013 3.11366 3.09787 3.08282 3.06858 3.05519 3.04268 3.03106 3.02034 3.01052 3.00159 2.99351 2.98626 2.97981 2.9741 2.96911 2.96478 2.96107 2.95794 2.95533 2.95322 2.95157 2.95035 2.94954 2.94912 
2.94279 2.94313 2.94389 2.94507 2.94669 2.94878 2.95137 2.9545 2.95821 2.96255 2.96757 2.97331 2.97984 2.98718 2.99539 3.00451 3.01456 3.02556 3.03752 3.05045 3.06432 3.07912 3.09479 3.11129 3.12854 3.14647 3.16498 3.18397 3.20332 3.22292 3.24265 3.26236 3.28194 3.30124 3.32015 3.33854 3.35628 3.37328 3.38941 3.40458 3.4187 3.4317 3.44349 3.45402 3.46324 3.47109 3.47754 3.48256 3.48612 3.48821 3.48881 3.48793 3.48556 3.48172 3.47643 3.46969 3.46156 3.45206 3.44125 3.42919 3.41593 3.40157 3.38617 3.36984 3.35269 3.33482 3.31635 3.2974 3.27811 3.2586 3.23901 3.21947 3.2001 3.18103 3.16237 3.14423 3.12671 3.10989 3.09385 3.07864 3.06433 3.05094 3.03848 3.02699 3.01644 3.00682 2.99812 2.99031 2.98334 2.97717 2.97177 2.96707 2.96305 2.95964 2.9568 2.9545 2.95269 2.95135 2.95045 2.94997 
2.94365 2.94401 2.94481 2.94607 2.94782 2.95006 2.95285 2.95623 2.96022 2.9649 2.9703 2.97648 2.9835 2.99139 3.0002 3.00997 3.02073 3.03249 3.04527 3.05906 3.07385 3.08959 3.10625 3.12375 3.14204 3.16101 3.18057 3.20061 3.22101 3.24164 3.26236 3.28304 3.30356 3.32375 3.34351 3.3627 3.38119 3.39887 3.41563 3.43138 3.44603 3.45949 3.47169 3.48259 3.49211 3.50022 3.50687 3.51205 3.51573 3.51789 3.51852 3.51762 3.51518 3.51123 3.50577 3.49883 3.49043 3.48062 3.46944 3.45694 3.4432 3.42829 3.41229 3.3953 3.37743 3.35878 3.33949 3.31967 3.29945 3.27899 3.25841 3.23785 3.21744 3.19732 3.17761 3.15842 3.13986 3.12202 3.10499 3.08883 3.07359 3.05931 3.04603 3.03374 3.02246 3.01216 3.00283 2.99444 2.98695 2.98031 2.97449 2.96942 2.96507 2.96138 2.95831 2.95581 2.95384 2.95238 2.95139 2.95086 
2.94454 2.94491 2.94576 2.94711 2.94897 2.95139 2.95438 2.958 2.96229 2.9673 2.97309 2.97971 2.98722 2.99566 3.00507 3.0155 3.02698 3.03951 3.0531 3.06775 3.08344 3.10012 3.11775 3.13626 3.15556 3.17556 3.19615 3.21722 3.23863 3.26024 3.28194 3.30356 3.32496 3.34601 3.36658 3.38652 3.40571 3.42404 3.44139 3.45768 3.47281 3.4867 3.49928 3.5105 3.5203 3.52865 3.53549 3.54082 3.5446 3.54682 3.54748 3.54656 3.54407 3.54002 3.53441 3.52728 3.51865 3.50855 3.49703 3.48415 3.46996 3.45454 3.43798 3.42037 3.40182 3.38244 3.36236 3.3417 3.32061 3.29922 3.27768 3.25614 3.23472 3.21358 3.19284 3.17262 3.15304 3.1342 3.11618 3.09907 3.08291 3.06776 3.05363 3.04056 3.02854 3.01756 3.0076 2.99863 2.99061 2.98351 2.97726 2.97182 2.96714 2.96316 2.95985 2.95714 2.95502 2.95343 2.95235 2.95177 
2.94544 2.94583 2.94673 2.94817 2.95016 2.95273 2.95593 2.9598 2.96438 2.96974 2.97592 2.98298 2.99098 2.99997 3.00999 3.02108 3.03326 3.04655 3.06095 3.07645 3.09303 3.11064 3.12923 3.14871 3.16901 3.19001 3.2116 3.23366 3.25605 3.27862 3.30124 3.32375 3.34601 3.36788 3.3892 3.40985 3.42969 3.44862 3.46653 3.48331 3.49888 3.51316 3.52609 3.5376 3.54765 3.55621 3.56322 3.56868 3.57256 3.57484 3.57552 3.57459 3.57205 3.56791 3.56219 3.55489 3.54605 3.53569 3.52387 3.51063 3.49604 3.48016 3.46308 3.4449 3.42572 3.40565 3.38482 3.36338 3.34144 3.31917 3.29671 3.27422 3.25183 3.22969 3.20795 3.18673 3.16615 3.14633 3.12735 3.10929 3.09223 3.07621 3.06126 3.04741 3.03465 3.02299 3.0124 3.00285 2.99431 2.98673 2.98005 2.97424 2.96923 2.96497 2.96141 2.9585 2.95621 2.9545 2.95333 2.95269 
2.94635 2.94676 2.94771 2.94924 2.95135 2.95409 2.9575 2.96161 2.96649 2.97219 2.97876 2.98626 2.99476 3.00429 3.01491 3.02664 3.03952 3.05356 3.06876 3.08511 3.10256 3.12108 3.14059 3.16103 3.18229 3.20426 3.22682 3.24983 3.27316 3.29665 3.32015 3.34351 3.36658 3.3892 3.41123 3.43254 3.45299 3.47248 3.49088 3.50812 3.52409 3.53872 3.55195 3.56373 3.57401 3.58274 3.58991 3.59549 3.59945 3.60178 3.60248 3.60155 3.59897 3.59476 3.58893 3.58149 3.57247 3.56189 3.5498 3.53625 3.52128 3.50499 3.48744 3.46872 3.44896 3.42825 3.40673 3.38454 3.36181 3.33871 3.31537 3.29197 3.26864 3.24555 3.22284 3.20065 3.17911 3.15832 3.1384 3.11943 3.10148 3.0846 3.06884 3.05422 3.04074 3.02841 3.01719 3.00707 2.99801 2.98995 2.98286 2.97667 2.97133 2.96678 2.96298 2.95987 2.95742 2.95558 2.95432 2.95363 
2.94727 2.94769 2.9487 2.95031 2.95255 2.95546 2.95906 2.96343 2.9686 2.97463 2.98159 2.98953 2.99851 3.00858 3.01979 3.03216 3.04573 3.06051 3.07648 3.09364 3.11195 3.13134 3.15177 3.17312 3.19531 3.21821 3.2417 3.26562 3.28984 3.3142 3.33854 3.3627 3.38652 3.40985 3.43254 3.45446 3.47547 3.49546 3.51432 3.53196 3.54829 3.56323 3.57674 3.58874 3.59922 3.60811 3.61541 3.62109 3.62512 3.62751 3.62823 3.62729 3.62469 3.62042 3.6145 3.60694 3.59777 3.587 3.57467 3.56084 3.54555 3.52888 3.5109 3.49171 3.47141 3.45011 3.42795 3.40506 3.38159 3.3577 3.33354 3.30927 3.28506 3.26105 3.23742 3.21429 3.19181 3.1701 3.14927 3.12941 3.11059 3.09289 3.07633 3.06096 3.04677 3.03378 3.02195 3.01126 3.00168 2.99316 2.98565 2.97909 2.97342 2.96859 2.96455 2.96125 2.95863 2.95666 2.95532 2.95457 
2.94818 2.94862 2.94968 2.95138 2.95375 2.95681 2.96062 2.96523 2.97069 2.97706 2.98439 2.99276 3.00222 3.01281 3.02459 3.03759 3.05183 3.06732 3.08405 3.102 3.12112 3.14137 3.16266 3.1849 3.20798 3.23177 3.25613 3.28093 3.30599 3.33116 3.35628 3.38119 3.40571 3.42969 3.45299 3.47547 3.49699 3.51744 3.53671 3.55471 3.57135 3.58657 3.60031 3.61252 3.62316 3.6322 3.63961 3.64537 3.64947 3.6519 3.65264 3.6517 3.64908 3.64477 3.63878 3.63112 3.62182 3.61088 3.59836 3.58429 3.56871 3.55171 3.53335 3.51372 3.49293 3.4711 3.44835 3.42482 3.40066 3.37603 3.35109 3.32601 3.30095 3.27609 3.25157 3.22755 3.20418 3.18158 3.15987 3.13915 3.1195 3.10099 3.08367 3.06756 3.05269 3.03905 3.02662 3.01539 3.0053 2.99633 2.9884 2.98148 2.97549 2.97039 2.96611 2.96261 2.95983 2.95774 2.95631 2.95551 
2.94909 2.94954 2.95065 2.95244 2.95492 2.95815 2.96216 2.967 2.97274 2.97943 2.98714 2.99592 3.00584 3.01695 3.02928 3.04288 3.05777 3.07394 3.0914 3.11011 3.13002 3.15108 3.1732 3.19628 3.2202 3.24483 3.27002 3.29563 3.32149 3.34743 3.37328 3.39887 3.42404 3.44862 3.47248 3.49546 3.51744 3.5383 3.55793 3.57624 3.59317 3.60863 3.62257 3.63495 3.64573 3.65488 3.66239 3.66822 3.67238 3.67484 3.67561 3.67468 3.67204 3.66769 3.66165 3.65392 3.64451 3.63344 3.62075 3.60647 3.59065 3.57335 3.55466 3.53464 3.51342 3.49109 3.4678 3.44368 3.41889 3.39358 3.36791 3.34208 3.31623 3.29055 3.2652 3.24034 3.21612 3.19267 3.17013 3.14859 3.12814 3.10886 3.09079 3.07399 3.05845 3.04418 3.03118 3.01941 3.00884 2.99942 2.9911 2.98382 2.97752 2.97215 2.96764 2.96394 2.96101 2.9588 2.95729 2.95644 
2.94997 2.95044 2.9516 2.95347 2.95607 2.95945 2.96365 2.96873 2.97474 2.98174 2.98981 2.99899 3.00936 3.02095 3.03382 3.048 3.0635 3.08033 3.09847 3.11791 3.13857 3.1604 3.1833 3.20717 3.23188 3.2573 3.28328 3.30965 3.33624 3.36288 3.38941 3.41563 3.44139 3.46653 3.49088 3.51432 3.53671 3.55793 3.57788 3.59647 3.61363 3.6293 3.64341 3.65593 3.66683 3.67608 3.68366 3.68956 3.69376 3.69626 3.69705 3.69612 3.69347 3.68911 3.68303 3.67524 3.66574 3.65457 3.64174 3.62729 3.61126 3.59371 3.57472 3.55436 3.53275 3.50999 3.48621 3.46155 3.43617 3.41023 3.38391 3.35736 3.33078 3.30434 3.27821 3.25256 3.22754 3.2033 3.17996 3.15764 3.13644 3.11642 3.09765 3.08017 3.064 3.04914 3.03559 3.02331 3.01227 3.00242 2.99372 2.98609 2.9795 2.97386 2.96913 2.96525 2.96216 2.95984 2.95824 2.95734 
2.95083 2.95132 2.95252 2.95447 2.95719 2.96071 2.9651 2.9704 2.97666 2.98397 2.99237 3.00194 3.01273 3.02479 3.03816 3.05289 3.06897 3.08642 3.10522 3.12533 3.1467 3.16925 3.19289 3.2175 3.24295 3.26911 3.2958 3.32287 3.35015 3.37744 3.40458 3.43138 3.45768 3.48331 3.50812 3.53196 3.55471 3.57624 3.59647 3.61531 3.63267 3.64851 3.66276 3.6754 3.6864 3.69573 3.70337 3.70931 3.71355 3.71608 3.71689 3.71597 3.71332 3.70895 3.70284 3.695 3.68545 3.67419 3.66125 3.64665 3.63045 3.61269 3.59344 3.57279 3.55083 3.52768 3.50346 3.47832 3.45241 3.4259 3.39897 3.37178 3.34452 3.31737 3.29052 3.26413 3.23837 3.21338 3.1893 3.16625 3.14433 3.12363 3.10419 3.08608 3.06931 3.05388 3.0398 3.02703 3.01555 3.00529 2.99623 2.98828 2.98139 2.97551 2.97056 2.9665 2.96328 2.96084 2.95916 2.95822 
2.95165 2.95215 2.9534 2.95543 2.95825 2.96192 2.96648 2.97198 2.9785 2.98608 2.99481 3.00474 3.01592 3.02842 3.04227 3.05751 3.07414 3.09218 3.11158 3.13233 3.15435 3.17757 3.20189 3.22718 3.25332 3.28015 3.30751 3.33523 3.36312 3.39101 3.4187 3.44603 3.47281 3.49888 3.52409 3.54829 3.57135 3.59317 3.61363 3.63267 3.65021 3.66618 3.68056 3.69329 3.70437 3.71375 3.72145 3.72743 3.7317 3.73425 3.73508 3.73417 3.73153 3.72715 3.72102 3.71316 3.70356 3.69224 3.67921 3.6645 3.64814 3.6302 3.61074 3.58983 3.56757 3.54407 3.51947 3.4939 3.46752 3.44049 3.413 3.38522 3.35734 3.32956 3.30204 3.27497 3.24852 3.22284 3.19807 3.17434 3.15176 3.13041 3.11036 3.09165 3.07431 3.05836 3.04378 3.03056 3.01865 3.00802 2.99861 2.99035 2.9832 2.97708 2.97193 2.9677 2.96434 2.9618 2.96005 2.95906 
2.95243 2.95294 2.95424 2.95633 2.95926 2.96306 2.96778 2.97348 2.98022 2.98807 2.9971 3.00736 3.01891 3.03182 3.04611 3.06183 3.07897 3.09754 3.11751 3.13884 3.16146 3.1853 3.21024 3.23616 3.26292 3.29037 3.31833 3.34663 3.37508 3.4035 3.4317 3.45949 3.4867 3.51316 3.53872 3.56323 3.58657 3.60863 3.6293 3.64851 3.66618 3.68228 3.69675 3.70956 3.72069 3.73013 3.73786 3.74387 3.74817 3.75074 3.75158 3.75069 3.74805 3.74367 3.73754 3.72966 3.72003 3.70866 3.69556 3.68076 3.66429 3.6462 3.62655 3.60542 3.5829 3.5591 3.53416 3.50821 3.4814 3.45392 3.42593 3.39762 3.36918 3.34081 3.31269 3.285 3.25792 3.23161 3.20621 3.18186 3.15867 3.13672 3.1161 3.09684 3.07898 3.06254 3.04751 3.03386 3.02156 3.01057 3.00084 2.9923 2.98489 2.97855 2.97322 2.96883 2.96534 2.9627 2.96088 2.95985 
2.95315 2.95368 2.95501 2.95717 2.96019 2.96411 2.96898 2.97486 2.98182 2.98991 2.99921 3.00978 3.02168 3.03495 3.04965 3.0658 3.0834 3.10246 3.12294 3.1448 3.16797 3.19237 3.21787 3.24436 3.27168 3.29968 3.32819 3.35701 3.38596 3.41485 3.44349 3.47169 3.49928 3.52609 3.55195 3.57674 3.60031 3.62257 3.64341 3.66276 3.68056 3.69675 3.71129 3.72416 3.73534 3.74481 3.75257 3.75861 3.76292 3.76551 3.76637 3.76549 3.76286 3.75849 3.75236 3.74447 3.73482 3.72342 3.71027 3.6954 3.67883 3.66061 3.64081 3.61949 3.59675 3.5727 3.54746 3.52117 3.494 3.4661 3.43767 3.40889 3.37996 3.35106 3.32239 3.29415 3.2665 3.23962 3.21366 3.18874 3.16499 3.14251 3.12136 3.10161 3.08328 3.06639 3.05093 3.0369 3.02424 3.01293 3.0029 2.9941 2.98646 2.97992 2.97441 2.96988 2.96627 2.96354 2.96166 2.96059 
2.95381 2.95435 2.95572 2.95794 2.96104 2.96507 2.97008 2.97613 2.98327 2.99158 3.00113 3.01198 3.02418 3.03779 3.05285 3.06939 3.08741 3.1069 3.12784 3.15018 3.17384 3.19873 3.22473 3.25172 3.27955 3.30804 3.33702 3.3663 3.39569 3.425 3.45402 3.48259 3.5105 3.5376 3.56373 3.58874 3.61252 3.63495 3.65593 3.6754 3.69329 3.70956 3.72416 3.73708 3.74829 3.75779 3.76557 3.77162 3.77595 3.77856 3.77943 3.77856 3.77595 3.77158 3.76546 3.75757 3.74791 3.73648 3.7233 3.70837 3.69173 3.67341 3.65348 3.63201 3.60908 3.5848 3.55931 3.53273 3.50524 3.47699 3.44817 3.41897 3.3896 3.36024 3.3311 3.30236 3.27421 3.24682 3.22035 3.19493 3.17069 3.14772 3.12611 3.10591 3.08715 3.06986 3.05403 3.03965 3.02667 3.01507 3.00477 2.99573 2.98788 2.98116 2.97549 2.97083 2.96712 2.96431 2.96237 2.96126 
2.9544 2.95495 2.95636 2.95863 2.96181 2.96593 2.97106 2.97725 2.98456 2.99307 3.00284 3.01393 3.0264 3.04031 3.05569 3.07257 3.09095 3.11083 3.13217 3.15492 3.179 3.20433 3.23077 3.2582 3.28646 3.31537 3.34476 3.37444 3.40421 3.43388 3.46324 3.49211 3.5203 3.54765 3.57401 3.59922 3.62316 3.64573 3.66683 3.6864 3.70437 3.72069 3.73534 3.74829 3.75953 3.76905 3.77684 3.78291 3.78725 3.78987 3.79075 3.78989 3.78729 3.78294 3.77682 3.76894 3.75927 3.74783 3.73462 3.71965 3.70295 3.68455 3.66452 3.64291 3.61983 3.59537 3.56966 3.54284 3.51506 3.48651 3.45736 3.42781 3.39805 3.3683 3.33874 3.30957 3.28099 3.25316 3.22624 3.20039 3.17571 3.15232 3.1303 3.10971 3.09058 3.07294 3.05678 3.04208 3.02883 3.01696 3.00643 2.99719 2.98915 2.98226 2.97646 2.97169 2.96788 2.965 2.963 2.96187 
2.95492 2.95548 2.95691 2.95923 2.96247 2.96668 2.97192 2.97823 2.98569 2.99436 3.00431 3.01561 3.02832 3.04248 3.05814 3.07531 3.094 3.11421 3.13589 3.15899 3.18344 3.20913 3.23594 3.26374 3.29237 3.32164 3.35138 3.3814 3.41149 3.44145 3.47109 3.50022 3.52865 3.55621 3.58274 3.60811 3.6322 3.65488 3.67608 3.69573 3.71375 3.73013 3.74481 3.75779 3.76905 3.77858 3.78639 3.79247 3.79682 3.79944 3.80033 3.79949 3.7969 3.79256 3.78645 3.77857 3.7689 3.75745 3.74422 3.72922 3.71247 3.69401 3.67389 3.65218 3.62897 3.60435 3.57846 3.55144 3.52343 3.49462 3.4652 3.43535 3.40527 3.37518 3.34527 3.31574 3.28679 3.25858 3.23129 3.20506 3.18002 3.15627 3.1339 3.11298 3.09353 3.07558 3.05914 3.04419 3.03069 3.0186 3.00787 2.99844 2.99025 2.98322 2.9773 2.97243 2.96854 2.9656 2.96356 2.96239 
2.95536 2.95593 2.95738 2.95974 2.96303 2.96732 2.97263 2.97905 2.98663 2.99544 3.00555 3.01702 3.02992 3.04429 3.06017 3.07758 3.09653 3.117 3.13896 3.16235 3.1871 3.21309 3.24021 3.26831 3.29723 3.3268 3.35683 3.38712 3.41746 3.44767 3.47754 3.50687 3.53549 3.56322 3.58991 3.61541 3.63961 3.66239 3.68366 3.70337 3.72145 3.73786 3.75257 3.76557 3.77684 3.78639 3.7942 3.80029 3.80465 3.80728 3.80818 3.80735 3.80477 3.80043 3.79433 3.78645 3.77679 3.76533 3.75209 3.73706 3.72027 3.70176 3.68158 3.65978 3.63646 3.61172 3.58569 3.5585 3.53031 3.50129 3.47164 3.44154 3.41121 3.38084 3.35064 3.32082 3.29156 3.26305 3.23546 3.20892 3.18358 3.15954 3.13688 3.11568 3.09597 3.07778 3.0611 3.04593 3.03223 3.01996 3.00907 2.99949 2.99117 2.98403 2.97801 2.97305 2.9691 2.9661 2.96402 2.96284 
2.95571 2.95628 2.95776 2.96014 2.96348 2.96782 2.9732 2.9797 2.98737 2.99629 3.00652 3.01813 3.03118 3.04571 3.06176 3.07936 3.09851 3.11919 3.14137 3.16499 3.18996 3.21619 3.24354 3.27188 3.30103 3.33082 3.36107 3.39157 3.42212 3.45251 3.48256 3.51205 3.54082 3.56868 3.59549 3.62109 3.64537 3.66822 3.68956 3.70931 3.72743 3.74387 3.75861 3.77162 3.78291 3.79247 3.80029 3.80638 3.81075 3.81339 3.8143 3.81347 3.8109 3.80657 3.80047 3.7926 3.78293 3.77147 3.75821 3.74317 3.72635 3.7078 3.68756 3.66569 3.64229 3.61746 3.59131 3.56399 3.53565 3.50648 3.47665 3.44637 3.41583 3.38525 3.35483 3.32478 3.29529 3.26654 3.23871 3.21194 3.18636 3.16209 3.13922 3.1178 3.09789 3.0795 3.06265 3.04731 3.03345 3.02104 3.01002 3.00032 2.9919 2.98467 2.97857 2.97355 2.96954 2.9665 2.9644 2.9632 
2.95597 2.95655 2.95804 2.96045 2.96382 2.96819 2.97362 2.98018 2.98792 2.99691 3.00723 3.01894 3.03209 3.04673 3.06291 3.08064 3.09993 3.12076 3.14309 3.16687 3.192 3.21839 3.24591 3.27441 3.30373 3.33368 3.36408 3.39473 3.42542 3.45595 3.48612 3.51573 3.5446 3.57256 3.59945 3.62512 3.64947 3.67238 3.69376 3.71355 3.7317 3.74817 3.76292 3.77595 3.78725 3.79682 3.80465 3.81075 3.81512 3.81777 3.81868 3.81786 3.81529 3.81096 3.80487 3.797 3.78733 3.77586 3.76259 3.74752 3.73068 3.7121 3.69182 3.6699 3.64644 3.62154 3.59531 3.56789 3.53945 3.51016 3.48021 3.44979 3.41911 3.38838 3.3578 3.32759 3.29794 3.26902 3.24102 3.21408 3.18835 3.16392 3.14088 3.11932 3.09926 3.08074 3.06376 3.0483 3.03433 3.02182 3.01071 3.00093 2.99243 2.98513 2.97898 2.97391 2.96987 2.9668 2.96468 2.96347 
2.95614 2.95672 2.95822 2.96064 2.96403 2.96843 2.97389 2.98048 2.98826 2.9973 3.00767 3.01943 3.03264 3.04735 3.0636 3.08141 3.10078 3.12169 3.14411 3.16798 3.19321 3.21969 3.2473 3.2759 3.30531 3.33535 3.36584 3.39658 3.42735 3.45796 3.48821 3.51789 3.54682 3.57484 3.60178 3.62751 3.6519 3.67484 3.69626 3.71608 3.73425 3.75074 3.76551 3.77856 3.78987 3.79944 3.80728 3.81339 3.81777 3.82041 3.82133 3.82051 3.81794 3.81362 3.80752 3.79965 3.78997 3.77849 3.76521 3.75013 3.73327 3.71466 3.69435 3.6724 3.6489 3.62394 3.59766 3.57018 3.54168 3.51232 3.48229 3.45179 3.42103 3.39021 3.35954 3.32924 3.29949 3.27048 3.24238 3.21535 3.18951 3.16499 3.14187 3.12022 3.10008 3.08148 3.06442 3.0489 3.03487 3.02229 3.01113 3.0013 2.99276 2.98543 2.97924 2.97415 2.97008 2.967 2.96486 2.96364 
