2.98667 2.98689 2.98713 2.98737 2.98761 2.98786 2.98811 2.98837 2.98862 2.98889 2.98916 2.98943 2.98972 2.99003 2.99034 2.99068 2.99104 2.99142 2.99184 2.99228 2.99276 2.99327 2.99383 2.99442 2.99506 2.99574 2.99646 2.99722 2.99802 2.99886 2.99973 3.00063 3.00156 3.0025 3.00345 3.00441 3.00536 3.0063 3.00722 3.0081 3.00895 3.00976 3.0105 3.01119 3.0118 3.01233 3.01279 3.01315 3.01342 3.01359 3.01367 3.01365 3.01353 3.01332 3.01301 3.01261 3.01212 3.01156 3.01093 3.01022 3.00946 3.00865 3.0078 3.00692 3.00601 3.00509 3.00416 3.00323 3.00231 3.00141 3.00053 2.99968 2.99886 2.99808 2.99734 2.99665 2.99601 2.99542 2.99488 2.99439 2.99395 2.99357 2.99324 2.99295 2.99272 2.99253 2.99239 2.99229 2.99223 2.99221 2.99222 2.99227 2.99235 2.99245 2.99258 2.99273 2.9929 2.99308 2.99328 2.99349 
2.98689 2.98712 2.98736 2.9876 2.98784 2.98809 2.98834 2.98859 2.98885 2.98911 2.98938 2.98966 2.98995 2.99026 2.99057 2.99091 2.99127 2.99166 2.99208 2.99252 2.99301 2.99353 2.99409 2.99469 2.99534 2.99603 2.99676 2.99753 2.99835 2.9992 3.00008 3.001 3.00194 3.00289 3.00386 3.00483 3.0058 3.00676 3.00769 3.0086 3.00946 3.01028 3.01104 3.01174 3.01236 3.0129 3.01336 3.01373 3.01401 3.01419 3.01426 3.01424 3.01412 3.0139 3.01359 3.01318 3.01269 3.01211 3.01146 3.01075 3.00998 3.00915 3.00828 3.00739 3.00646 3.00552 3.00458 3.00363 3.0027 3.00178 3.00088 3.00002 2.99919 2.9984 2.99765 2.99695 2.99629 2.99569 2.99515 2.99465 2.99421 2.99382 2.99348 2.99319 2.99296 2.99277 2.99262 2.99252 2.99246 2.99244 2.99245 2.9925 2.99257 2.99268 2.99281 2.99296 2.99312 2.99331 2.99351 2.99372 
2.98713 2.98736 2.98759 2.98783 2.98808 2.98833 2.98858 2.98884 2.9891 2.98937 2.98964 2.98993 2.99022 2.99054 2.99086 2.99122 2.99159 2.99199 2.99243 2.9929 2.9934 2.99395 2.99454 2.99517 2.99585 2.99658 2.99735 2.99816 2.99902 2.99992 3.00085 3.00182 3.00281 3.00382 3.00484 3.00586 3.00688 3.00789 3.00887 3.00982 3.01074 3.01159 3.01239 3.01313 3.01378 3.01435 3.01484 3.01522 3.01551 3.0157 3.01578 3.01575 3.01563 3.01539 3.01506 3.01463 3.01411 3.01351 3.01282 3.01207 3.01125 3.01038 3.00947 3.00852 3.00755 3.00656 3.00556 3.00456 3.00358 3.00261 3.00167 3.00075 2.99988 2.99904 2.99825 2.99751 2.99682 2.99619 2.99561 2.99509 2.99462 2.9942 2.99385 2.99354 2.99329 2.99308 2.99292 2.99281 2.99274 2.99271 2.99272 2.99276 2.99283 2.99293 2.99305 2.9932 2.99336 2.99355 2.99374 2.99395 
2.98737 2.9876 2.98783 2.98808 2.98832 2.98858 2.98883 2.9891 2.98936 2.98964 2.98993 2.99022 2.99054 2.99087 2.99122 2.99159 2.99199 2.99243 2.99289 2.9934 2.99395 2.99454 2.99518 2.99587 2.99661 2.9974 2.99824 2.99913 3.00006 3.00104 3.00206 3.00311 3.00419 3.00528 3.00639 3.00751 3.00861 3.00971 3.01077 3.0118 3.01279 3.01372 3.01459 3.01538 3.01609 3.01671 3.01723 3.01764 3.01795 3.01815 3.01824 3.01821 3.01807 3.01781 3.01745 3.01698 3.01642 3.01576 3.01502 3.0142 3.01331 3.01237 3.01137 3.01034 3.00928 3.00821 3.00712 3.00604 3.00497 3.00392 3.00289 3.00189 3.00094 3.00003 2.99917 2.99836 2.99761 2.99691 2.99628 2.9957 2.99519 2.99473 2.99433 2.99399 2.99371 2.99347 2.99329 2.99316 2.99307 2.99302 2.99301 2.99304 2.9931 2.99319 2.99331 2.99345 2.99361 2.99379 2.99399 2.9942 
2.98761 2.98784 2.98808 2.98832 2.98857 2.98883 2.9891 2.98937 2.98965 2.98994 2.99024 2.99056 2.99089 2.99125 2.99163 2.99204 2.99248 2.99296 2.99348 2.99404 2.99465 2.99532 2.99603 2.9968 2.99763 2.99851 2.99945 3.00044 3.00149 3.00258 3.00372 3.00489 3.00609 3.00731 3.00855 3.00979 3.01102 3.01223 3.01342 3.01457 3.01566 3.01669 3.01765 3.01853 3.01931 3.01999 3.02057 3.02103 3.02137 3.02158 3.02167 3.02164 3.02148 3.02119 3.02079 3.02027 3.01964 3.0189 3.01808 3.01716 3.01618 3.01513 3.01402 3.01288 3.0117 3.0105 3.00929 3.00808 3.00689 3.00571 3.00457 3.00345 3.00239 3.00137 3.0004 2.9995 2.99865 2.99787 2.99716 2.99651 2.99592 2.9954 2.99495 2.99456 2.99422 2.99395 2.99373 2.99356 2.99345 2.99337 2.99334 2.99335 2.9934 2.99348 2.99358 2.99372 2.99387 2.99404 2.99424 2.99444 
2.98786 2.98809 2.98833 2.98858 2.98883 2.9891 2.98937 2.98966 2.98995 2.99026 2.99059 2.99093 2.9913 2.99169 2.99211 2.99257 2.99306 2.9936 2.99419 2.99483 2.99552 2.99628 2.99709 2.99797 2.99892 2.99992 3.00099 3.00213 3.00332 3.00456 3.00585 3.00719 3.00855 3.00994 3.01134 3.01274 3.01414 3.01551 3.01685 3.01814 3.01938 3.02054 3.02162 3.02261 3.02349 3.02425 3.0249 3.02541 3.02579 3.02603 3.02613 3.02609 3.0259 3.02557 3.02511 3.02452 3.02381 3.02298 3.02204 3.02101 3.01989 3.01871 3.01745 3.01616 3.01482 3.01346 3.01209 3.01072 3.00936 3.00803 3.00672 3.00546 3.00424 3.00308 3.00198 3.00094 2.99998 2.99908 2.99826 2.99751 2.99683 2.99623 2.9957 2.99524 2.99484 2.99451 2.99424 2.99403 2.99388 2.99377 2.99371 2.9937 2.99372 2.99378 2.99387 2.99399 2.99414 2.9943 2.99449 2.99469 
2.98811 2.98834 2.98858 2.98883 2.9891 2.98937 2.98966 2.98996 2.99028 2.99061 2.99096 2.99134 2.99175 2.99219 2.99266 2.99318 2.99375 2.99436 2.99504 2.99577 2.99658 2.99745 2.99839 2.9994 3.00049 3.00166 3.0029 3.0042 3.00558 3.00701 3.0085 3.01003 3.0116 3.0132 3.0148 3.01641 3.01801 3.01958 3.02111 3.02259 3.024 3.02532 3.02655 3.02767 3.02867 3.02954 3.03027 3.03085 3.03128 3.03155 3.03166 3.0316 3.03138 3.03101 3.03048 3.0298 3.02898 3.02803 3.02696 3.02578 3.0245 3.02314 3.02171 3.02022 3.01869 3.01713 3.01556 3.01399 3.01243 3.01089 3.00939 3.00794 3.00653 3.00519 3.00392 3.00272 3.0016 3.00056 2.9996 2.99872 2.99793 2.99722 2.99659 2.99604 2.99557 2.99517 2.99483 2.99457 2.99436 2.99421 2.99412 2.99407 2.99407 2.9941 2.99418 2.99428 2.99441 2.99457 2.99475 2.99494 
2.98837 2.98859 2.98884 2.9891 2.98937 2.98966 2.98996 2.99028 2.99062 2.99099 2.99138 2.9918 2.99226 2.99275 2.99329 2.99389 2.99454 2.99525 2.99604 2.99689 2.99782 2.99884 2.99994 3.00112 3.00239 3.00375 3.00519 3.00671 3.0083 3.00997 3.01169 3.01347 3.01528 3.01713 3.01899 3.02084 3.02268 3.02449 3.02625 3.02795 3.02956 3.03108 3.03249 3.03378 3.03492 3.03591 3.03674 3.0374 3.03789 3.03819 3.03831 3.03824 3.03799 3.03755 3.03694 3.03616 3.03522 3.03412 3.03289 3.03153 3.03006 3.02849 3.02684 3.02512 3.02336 3.02156 3.01974 3.01793 3.01612 3.01434 3.0126 3.01092 3.00929 3.00773 3.00625 3.00485 3.00354 3.00232 3.00119 3.00016 2.99923 2.99839 2.99764 2.99698 2.99641 2.99592 2.99551 2.99518 2.99491 2.99471 2.99457 2.99448 2.99444 2.99445 2.9945 2.99458 2.9947 2.99484 2.99501 2.9952 
2.98862 2.98885 2.9891 2.98936 2.98965 2.98995 2.99028 2.99062 2.99099 2.9914 2.99183 2.99231 2.99282 2.99339 2.99402 2.9947 2.99546 2.99629 2.9972 2.9982 2.99929 3.00047 3.00176 3.00314 3.00463 3.00621 3.0079 3.00967 3.01153 3.01347 3.01547 3.01754 3.01965 3.02178 3.02393 3.02608 3.02821 3.0303 3.03233 3.03428 3.03614 3.03789 3.03951 3.04098 3.04229 3.04343 3.04438 3.04513 3.04568 3.04603 3.04616 3.04607 3.04578 3.04527 3.04456 3.04366 3.04257 3.0413 3.03988 3.03831 3.03661 3.0348 3.03289 3.03091 3.02887 3.02679 3.02469 3.02258 3.02049 3.01842 3.0164 3.01443 3.01254 3.01072 3.00899 3.00735 3.00582 3.00439 3.00307 3.00185 3.00075 2.99975 2.99886 2.99807 2.99738 2.99679 2.99628 2.99586 2.99552 2.99526 2.99506 2.99493 2.99485 2.99482 2.99484 2.9949 2.99499 2.99512 2.99528 2.99546 
2.98889 2.98911 2.98937 2.98964 2.98994 2.99026 2.99061 2.99099 2.9914 2.99184 2.99233 2.99287 2.99346 2.99411 2.99483 2.99563 2.99651 2.99748 2.99854 2.99971 3.00099 3.00238 3.00388 3.0055 3.00724 3.00909 3.01106 3.01313 3.0153 3.01756 3.01989 3.02229 3.02473 3.02721 3.0297 3.03219 3.03465 3.03706 3.0394 3.04165 3.04379 3.0458 3.04766 3.04935 3.05085 3.05215 3.05324 3.0541 3.05473 3.05511 3.05526 3.05515 3.05481 3.05422 3.0534 3.05236 3.0511 3.04964 3.048 3.04619 3.04423 3.04213 3.03993 3.03764 3.03528 3.03287 3.03044 3.028 3.02557 3.02317 3.02082 3.01853 3.01633 3.01421 3.01218 3.01027 3.00847 3.0068 3.00524 3.00381 3.0025 3.00132 3.00026 2.99932 2.99849 2.99777 2.99716 2.99664 2.99621 2.99587 2.99561 2.99541 2.99528 2.99521 2.9952 2.99523 2.9953 2.99541 2.99556 2.99573 
2.98916 2.98938 2.98964 2.98993 2.99024 2.99059 2.99096 2.99138 2.99183 2.99233 2.99289 2.9935 2.99417 2.99493 2.99576 2.99669 2.99771 2.99884 3.00009 3.00145 3.00295 3.00457 3.00633 3.00823 3.01026 3.01242 3.01471 3.01713 3.01965 3.02227 3.02498 3.02777 3.0306 3.03347 3.03635 3.03922 3.04205 3.04483 3.04752 3.05011 3.05257 3.05488 3.05701 3.05894 3.06066 3.06215 3.06339 3.06437 3.06508 3.06552 3.06568 3.06555 3.06515 3.06447 3.06353 3.06232 3.06087 3.0592 3.0573 3.05522 3.05296 3.05055 3.04801 3.04537 3.04264 3.03986 3.03705 3.03423 3.03141 3.02864 3.02591 3.02326 3.02069 3.01822 3.01586 3.01363 3.01153 3.00957 3.00774 3.00606 3.00452 3.00313 3.00187 3.00075 2.99976 2.99889 2.99815 2.99751 2.99698 2.99655 2.99621 2.99595 2.99576 2.99564 2.99558 2.99558 2.99563 2.99571 2.99584 2.99601 
2.98943 2.98966 2.98993 2.99022 2.99056 2.99093 2.99134 2.9918 2.99231 2.99287 2.9935 2.9942 2.99497 2.99584 2.99681 2.99788 2.99908 3.00039 3.00185 3.00344 3.00519 3.00709 3.00914 3.01135 3.01371 3.01623 3.0189 3.0217 3.02463 3.02767 3.03081 3.03402 3.0373 3.0406 3.04392 3.04722 3.05048 3.05367 3.05676 3.05973 3.06255 3.06518 3.06762 3.06983 3.07179 3.07348 3.07489 3.07601 3.07682 3.07731 3.07748 3.07733 3.07687 3.07608 3.075 3.07361 3.07195 3.07003 3.06786 3.06546 3.06287 3.0601 3.05719 3.05415 3.05102 3.04781 3.04457 3.04132 3.03807 3.03486 3.03171 3.02864 3.02566 3.0228 3.02007 3.01747 3.01502 3.01273 3.0106 3.00863 3.00682 3.00518 3.0037 3.00237 3.00119 3.00016 2.99926 2.99849 2.99784 2.99731 2.99687 2.99653 2.99628 2.9961 2.99599 2.99595 2.99597 2.99603 2.99614 2.99629 
2.98972 2.98995 2.99022 2.99054 2.99089 2.9913 2.99175 2.99226 2.99282 2.99346 2.99417 2.99497 2.99587 2.99687 2.99799 2.99924 3.00063 3.00216 3.00385 3.00571 3.00774 3.00995 3.01233 3.0149 3.01765 3.02057 3.02365 3.02689 3.03028 3.03379 3.0374 3.04111 3.04487 3.04867 3.05248 3.05626 3.05999 3.06364 3.06717 3.07056 3.07377 3.07677 3.07954 3.08205 3.08428 3.0862 3.0878 3.08906 3.08998 3.09053 3.09072 3.09054 3.09 3.08911 3.08787 3.08629 3.08439 3.08219 3.07971 3.07698 3.07401 3.07085 3.06751 3.06404 3.06045 3.05678 3.05306 3.04932 3.04559 3.0419 3.03827 3.03473 3.0313 3.02799 3.02482 3.02182 3.01898 3.01631 3.01383 3.01153 3.00943 3.0075 3.00576 3.0042 3.00281 3.00158 3.00051 2.99959 2.9988 2.99814 2.99761 2.99717 2.99684 2.9966 2.99644 2.99635 2.99633 2.99636 2.99645 2.99659 
2.99003 2.99026 2.99054 2.99087 2.99125 2.99169 2.99219 2.99275 2.99339 2.99411 2.99493 2.99584 2.99687 2.99803 2.99932 3.00077 3.00237 3.00415 3.00611 3.00827 3.01062 3.01318 3.01594 3.01891 3.02209 3.02546 3.02901 3.03275 3.03664 3.04067 3.04482 3.04906 3.05337 3.05771 3.06206 3.06637 3.07063 3.07478 3.07879 3.08264 3.08628 3.08969 3.09282 3.09567 3.09818 3.10036 3.10216 3.10358 3.10461 3.10523 3.10543 3.10523 3.10461 3.10359 3.10218 3.10038 3.09823 3.09573 3.09291 3.0898 3.08643 3.08283 3.07904 3.07507 3.07098 3.0668 3.06255 3.05828 3.05402 3.04979 3.04563 3.04157 3.03762 3.03382 3.03017 3.0267 3.02343 3.02035 3.01747 3.01481 3.01236 3.01012 3.00808 3.00626 3.00462 3.00318 3.00191 3.00081 2.99987 2.99908 2.99842 2.99788 2.99746 2.99714 2.99692 2.99677 2.99671 2.99671 2.99678 2.9969 
2.99034 2.99057 2.99086 2.99122 2.99163 2.99211 2.99266 2.99329 2.99402 2.99483 2.99576 2.99681 2.99799 2.99932 3.00081 3.00248 3.00434 3.00639 3.00866 3.01115 3.01386 3.01681 3.02 3.02342 3.02706 3.03094 3.03502 3.03929 3.04375 3.04836 3.05309 3.05793 3.06284 3.06778 3.07271 3.07761 3.08243 3.08713 3.09167 3.09602 3.10013 3.10397 3.10751 3.11071 3.11354 3.11598 3.11801 3.1196 3.12075 3.12144 3.12166 3.12142 3.12072 3.11957 3.11797 3.11594 3.1135 3.11068 3.10749 3.10398 3.10017 3.0961 3.09179 3.08731 3.08267 3.07792 3.07309 3.06824 3.06338 3.05857 3.05382 3.04918 3.04467 3.04032 3.03615 3.03217 3.0284 3.02486 3.02155 3.01847 3.01564 3.01304 3.01069 3.00856 3.00665 3.00496 3.00347 3.00217 3.00106 3.00011 2.99931 2.99866 2.99814 2.99773 2.99744 2.99723 2.99712 2.99709 2.99712 2.99723 
2.99068 2.99091 2.99122 2.99159 2.99204 2.99257 2.99318 2.99389 2.9947 2.99563 2.99669 2.99788 2.99924 3.00077 3.00248 3.0044 3.00653 3.0089 3.01151 3.01437 3.01749 3.02087 3.02452 3.02844 3.03261 3.03704 3.0417 3.04657 3.05164 3.05688 3.06226 3.06775 3.0733 3.07889 3.08447 3.09 3.09543 3.10073 3.10584 3.11072 3.11534 3.11965 3.12361 3.12719 3.13036 3.13309 3.13536 3.13713 3.13841 3.13918 3.13942 3.13915 3.13836 3.13705 3.13525 3.13297 3.13023 3.12706 3.12348 3.11953 3.11525 3.11066 3.10582 3.10076 3.09552 3.09016 3.08471 3.07922 3.07372 3.06827 3.06289 3.05762 3.05249 3.04753 3.04277 3.03823 3.03393 3.02987 3.02608 3.02255 3.01929 3.0163 3.01358 3.01112 3.00891 3.00694 3.00521 3.00369 3.00237 3.00125 3.0003 2.99952 2.99888 2.99838 2.998 2.99773 2.99756 2.99748 2.99749 2.99758 
2.99104 2.99127 2.99159 2.99199 2.99248 2.99306 2.99375 2.99454 2.99546 2.99651 2.99771 2.99908 3.00063 3.00237 3.00434 3.00653 3.00898 3.01169 3.01468 3.01795 3.02152 3.02538 3.02955 3.03401 3.03876 3.04379 3.04908 3.0546 3.06034 3.06627 3.07235 3.07854 3.0848 3.09109 3.09736 3.10356 3.10965 3.11558 3.1213 3.12676 3.13192 3.13673 3.14115 3.14514 3.14866 3.1517 3.15421 3.15619 3.1576 3.15845 3.15871 3.1584 3.15751 3.15605 3.15404 3.15149 3.14843 3.14489 3.14089 3.13647 3.13168 3.12655 3.12112 3.11545 3.10958 3.10356 3.09743 3.09125 3.08507 3.07891 3.07284 3.06689 3.06109 3.05547 3.05008 3.04492 3.04003 3.03541 3.03109 3.02706 3.02334 3.01991 3.01679 3.01396 3.01141 3.00914 3.00713 3.00536 3.00383 3.00251 3.00139 3.00046 2.99969 2.99908 2.99861 2.99827 2.99804 2.99791 2.99789 2.99795 
2.99142 2.99166 2.99199 2.99243 2.99296 2.9936 2.99436 2.99525 2.99629 2.99748 2.99884 3.00039 3.00216 3.00415 3.00639 3.0089 3.01169 3.01478 3.01818 3.02191 3.02596 3.03036 3.03508 3.04014 3.04552 3.05121 3.05718 3.06341 3.06988 3.07655 3.08337 3.09032 3.09733 3.10437 3.11138 3.11831 3.1251 3.13171 3.13807 3.14414 3.14987 3.1552 3.1601 3.16452 3.16843 3.17178 3.17456 3.17674 3.1783 3.17923 3.17951 3.17916 3.17817 3.17655 3.17431 3.17148 3.16809 3.16415 3.1597 3.15479 3.14946 3.14375 3.13771 3.13138 3.12483 3.11811 3.11126 3.10435 3.09742 3.09052 3.0837 3.07701 3.07049 3.06417 3.05808 3.05226 3.04672 3.0415 3.03659 3.03202 3.02779 3.02389 3.02032 3.01709 3.01417 3.01156 3.00924 3.0072 3.00543 3.0039 3.00259 3.00149 3.00058 2.99985 2.99928 2.99885 2.99855 2.99837 2.99831 2.99835 
2.99184 2.99208 2.99243 2.99289 2.99348 2.99419 2.99504 2.99604 2.9972 2.99854 3.00009 3.00185 3.00385 3.00611 3.00866 3.01151 3.01468 3.01818 3.02204 3.02626 3.03085 3.03582 3.04115 3.04686 3.05292 3.05931 3.06602 3.07301 3.08026 3.08772 3.09534 3.10309 3.11091 3.11874 3.12654 3.13423 3.14177 3.14908 3.15613 3.16284 3.16917 3.17505 3.18045 3.18532 3.18962 3.19331 3.19637 3.19876 3.20047 3.20148 3.20179 3.20139 3.20029 3.1985 3.19603 3.19291 3.18916 3.18481 3.1799 3.17447 3.16857 3.16225 3.15556 3.14855 3.14128 3.13381 3.1262 3.11851 3.11079 3.1031 3.09549 3.08801 3.0807 3.07362 3.06679 3.06025 3.05403 3.04814 3.04261 3.03745 3.03266 3.02824 3.02419 3.02051 3.01719 3.01421 3.01157 3.00923 3.00718 3.00541 3.0039 3.00262 3.00155 3.00069 3 2.99948 2.9991 2.99887 2.99876 2.99878 
2.99228 2.99252 2.9929 2.9934 2.99404 2.99483 2.99577 2.99689 2.9982 2.99971 3.00145 3.00344 3.00571 3.00827 3.01115 3.01437 3.01795 3.02191 3.02626 3.03102 3.03619 3.04177 3.04777 3.05417 3.06095 3.06811 3.0756 3.08341 3.09148 3.09978 3.10826 3.11686 3.12552 3.1342 3.14281 3.15131 3.15962 3.16769 3.17544 3.18282 3.18977 3.19623 3.20215 3.20749 3.21219 3.21623 3.21957 3.22218 3.22404 3.22515 3.22548 3.22504 3.22383 3.22186 3.21915 3.21572 3.2116 3.20683 3.20143 3.19547 3.18898 3.18202 3.17465 3.16692 3.1589 3.15065 3.14224 3.13372 3.12517 3.11664 3.10818 3.09987 3.09174 3.08384 3.07622 3.06891 3.06195 3.05536 3.04915 3.04335 3.03796 3.03298 3.02841 3.02426 3.02049 3.01711 3.0141 3.01144 3.0091 3.00707 3.00533 3.00385 3.00261 3.0016 3.00079 3.00016 2.9997 2.9994 2.99925 2.99924 
2.99276 2.99301 2.9934 2.99395 2.99465 2.99552 2.99658 2.99782 2.99929 3.00099 3.00295 3.00519 3.00774 3.01062 3.01386 3.01749 3.02152 3.02596 3.03085 3.03619 3.04198 3.04823 3.05493 3.06207 3.06963 3.0776 3.08593 3.09459 3.10354 3.11273 3.1221 3.1316 3.14115 3.1507 3.16018 3.16951 3.17863 3.18747 3.19596 3.20403 3.21162 3.21867 3.22513 3.23094 3.23607 3.24046 3.24409 3.24693 3.24895 3.25014 3.2505 3.25001 3.24869 3.24654 3.24358 3.23984 3.23534 3.23013 3.22424 3.21772 3.21062 3.20301 3.19493 3.18646 3.17766 3.16859 3.15934 3.14996 3.14053 3.13112 3.12178 3.11258 3.10358 3.09482 3.08636 3.07824 3.07049 3.06314 3.05621 3.04973 3.04369 3.03811 3.03299 3.02831 3.02408 3.02026 3.01686 3.01384 3.01118 3.00887 3.00688 3.00519 3.00376 3.00258 3.00164 3.0009 3.00035 2.99998 2.99978 2.99973 
2.99327 2.99353 2.99395 2.99454 2.99532 2.99628 2.99745 2.99884 3.00047 3.00238 3.00457 3.00709 3.00995 3.01318 3.01681 3.02087 3.02538 3.03036 3.03582 3.04177 3.04823 3.05518 3.06263 3.07056 3.07895 3.08777 3.09698 3.10655 3.11642 3.12654 3.13684 3.14727 3.15775 3.16821 3.17858 3.18878 3.19873 3.20836 3.21761 3.22638 3.23463 3.24229 3.2493 3.2556 3.26115 3.2659 3.26983 3.27289 3.27508 3.27636 3.27674 3.27621 3.27477 3.27244 3.26923 3.26517 3.26029 3.25463 3.24823 3.24115 3.23343 3.22513 3.21633 3.20709 3.19749 3.18758 3.17746 3.16719 3.15685 3.14651 3.13625 3.12613 3.1162 3.10655 3.0972 3.08822 3.07963 3.07148 3.06379 3.05658 3.04986 3.04364 3.03792 3.03269 3.02794 3.02366 3.01983 3.01643 3.01344 3.01082 3.00856 3.00663 3.005 3.00365 3.00256 3.0017 3.00105 3.00061 3.00035 3.00026 
2.99383 2.99409 2.99454 2.99518 2.99603 2.99709 2.99839 2.99994 3.00176 3.00388 3.00633 3.00914 3.01233 3.01594 3.02 3.02452 3.02955 3.03508 3.04115 3.04777 3.05493 3.06263 3.07087 3.07963 3.08889 3.0986 3.10874 3.11925 3.13008 3.14117 3.15244 3.16383 3.17527 3.18667 3.19795 3.20904 3.21984 3.23029 3.2403 3.2498 3.25872 3.26699 3.27455 3.28134 3.28732 3.29244 3.29667 3.29996 3.30231 3.30368 3.30409 3.30351 3.30195 3.29944 3.29598 3.2916 3.28633 3.28022 3.27331 3.26565 3.2573 3.24832 3.23878 3.22876 3.21832 3.20755 3.19654 3.18535 3.17407 3.16278 3.15155 3.14047 3.12959 3.11899 3.10872 3.09883 3.08937 3.08038 3.07188 3.0639 3.05646 3.04956 3.0432 3.03738 3.03209 3.02732 3.02304 3.01923 3.01587 3.01292 3.01037 3.00819 3.00634 3.0048 3.00355 3.00255 3.0018 3.00127 3.00096 3.00084 
2.99442 2.99469 2.99517 2.99587 2.9968 2.99797 2.9994 3.00112 3.00314 3.0055 3.00823 3.01135 3.0149 3.01891 3.02342 3.02844 3.03401 3.04014 3.04686 3.05417 3.06207 3.07056 3.07963 3.08926 3.09942 3.11007 3.12117 3.13266 3.14448 3.15657 3.16884 3.18123 3.19364 3.206 3.21822 3.23021 3.24188 3.25315 3.26394 3.27417 3.28376 3.29264 3.30076 3.30805 3.31446 3.31994 3.32446 3.32799 3.33049 3.33196 3.33239 3.33177 3.3301 3.3274 3.32369 3.31899 3.31334 3.30677 3.29935 3.29111 3.28212 3.27245 3.26216 3.25135 3.24007 3.22843 3.2165 3.20437 3.19212 3.17985 3.16764 3.15556 3.1437 3.13212 3.12088 3.11006 3.09968 3.08981 3.08047 3.07169 3.06348 3.05586 3.04883 3.04239 3.03653 3.03122 3.02646 3.02222 3.01846 3.01517 3.01232 3.00986 3.00778 3.00603 3.00461 3.00347 3.00261 3.00199 3.00161 3.00145 
2.99506 2.99534 2.99585 2.99661 2.99763 2.99892 3.00049 3.00239 3.00463 3.00724 3.01026 3.01371 3.01765 3.02209 3.02706 3.03261 3.03876 3.04552 3.05292 3.06095 3.06963 3.07895 3.08889 3.09942 3.11052 3.12214 3.13423 3.14673 3.15957 3.17268 3.18598 3.19938 3.21279 3.22613 3.23929 3.25219 3.26473 3.27683 3.2884 3.29936 3.30962 3.31912 3.32779 3.33556 3.3424 3.34824 3.35306 3.35681 3.35948 3.36104 3.36149 3.36082 3.35904 3.35616 3.3522 3.34719 3.34116 3.33414 3.3262 3.31739 3.30777 3.2974 3.28637 3.27476 3.26264 3.25011 3.23725 3.22416 3.21094 3.19767 3.18445 3.17135 3.15847 3.14588 3.13366 3.12185 3.11054 3.09975 3.08952 3.0799 3.0709 3.06253 3.0548 3.0477 3.04123 3.03537 3.0301 3.0254 3.02123 3.01757 3.01439 3.01164 3.00931 3.00735 3.00574 3.00446 3.00347 3.00276 3.00231 3.00211 
2.99574 2.99603 2.99658 2.9974 2.99851 2.99992 3.00166 3.00375 3.00621 3.00909 3.01242 3.01623 3.02057 3.02546 3.03094 3.03704 3.04379 3.05121 3.05931 3.06811 3.0776 3.08777 3.0986 3.11007 3.12214 3.13476 3.14787 3.1614 3.17528 3.18944 3.20377 3.2182 3.23262 3.24693 3.26105 3.27486 3.28828 3.30121 3.31355 3.32522 3.33615 3.34626 3.35547 3.36373 3.37098 3.37718 3.38228 3.38626 3.38908 3.39074 3.39121 3.3905 3.38862 3.38556 3.38136 3.37603 3.36963 3.36218 3.35373 3.34435 3.3341 3.32305 3.31128 3.29886 3.2859 3.27248 3.25869 3.24464 3.23043 3.21615 3.20189 3.18776 3.17385 3.16023 3.14698 3.13418 3.12188 3.11015 3.09902 3.08852 3.07869 3.06954 3.06108 3.0533 3.04619 3.03975 3.03395 3.02876 3.02416 3.02011 3.01658 3.01353 3.01093 3.00875 3.00695 3.0055 3.00439 3.00358 3.00306 3.00281 
2.99646 2.99676 2.99735 2.99824 2.99945 3.00099 3.0029 3.00519 3.0079 3.01106 3.01471 3.0189 3.02365 3.02901 3.03502 3.0417 3.04908 3.05718 3.06602 3.0756 3.08593 3.09698 3.10874 3.12117 3.13423 3.14787 3.16201 3.1766 3.19154 3.20674 3.22213 3.23759 3.25302 3.26831 3.28338 3.2981 3.31238 3.32613 3.33923 3.35162 3.3632 3.3739 3.38364 3.39237 3.40003 3.40657 3.41196 3.41615 3.41913 3.42087 3.42137 3.42062 3.41863 3.41541 3.41097 3.40535 3.39858 3.3907 3.38176 3.37183 3.36096 3.34924 3.33673 3.32353 3.30973 3.29542 3.28071 3.2657 3.25049 3.23519 3.2199 3.20472 3.18975 3.17509 3.1608 3.14698 3.13368 3.12098 3.10891 3.09752 3.08684 3.07688 3.06765 3.05916 3.0514 3.04435 3.038 3.03231 3.02725 3.02279 3.0189 3.01553 3.01265 3.01023 3.00823 3.00661 3.00536 3.00444 3.00385 3.00356 
2.99722 2.99753 2.99816 2.99913 3.00044 3.00213 3.0042 3.00671 3.00967 3.01313 3.01713 3.0217 3.02689 3.03275 3.03929 3.04657 3.0546 3.06341 3.07301 3.08341 3.09459 3.10655 3.11925 3.13266 3.14673 3.1614 3.1766 3.19224 3.20824 3.22451 3.24094 3.25743 3.27387 3.29014 3.30615 3.32177 3.3369 3.35144 3.3653 3.37838 3.39059 3.40187 3.41213 3.42131 3.42936 3.43624 3.44189 3.44629 3.44942 3.45125 3.45177 3.45098 3.44889 3.44551 3.44085 3.43494 3.42782 3.41954 3.41013 3.39966 3.38819 3.37581 3.36258 3.34861 3.33398 3.3188 3.30318 3.28721 3.27101 3.25469 3.23836 3.22213 3.20611 3.19038 3.17505 3.16019 3.14588 3.13218 3.11916 3.10685 3.09529 3.0845 3.0745 3.06527 3.05683 3.04916 3.04223 3.03601 3.03048 3.0256 3.02132 3.01762 3.01446 3.01178 3.00957 3.00778 3.00638 3.00536 3.00468 3.00434 
2.99802 2.99835 2.99902 3.00006 3.00149 3.00332 3.00558 3.0083 3.01153 3.0153 3.01965 3.02463 3.03028 3.03664 3.04375 3.05164 3.06034 3.06988 3.08026 3.09148 3.10354 3.11642 3.13008 3.14448 3.15957 3.17528 3.19154 3.20824 3.22531 3.24264 3.26011 3.27762 3.29506 3.31229 3.32922 3.34572 3.36168 3.377 3.39159 3.40533 3.41816 3.42998 3.44074 3.45036 3.45879 3.46598 3.47189 3.47649 3.47975 3.48167 3.48221 3.48139 3.47921 3.47568 3.47081 3.46463 3.45718 3.4485 3.43864 3.42765 3.41561 3.40259 3.38867 3.37395 3.35852 3.34249 3.32596 3.30904 3.29187 3.27454 3.25718 3.2399 3.22282 3.20603 3.18964 3.17373 3.1584 3.1437 3.12971 3.11647 3.10402 3.09238 3.08157 3.0716 3.06246 3.05414 3.04662 3.03986 3.03384 3.02852 3.02386 3.01981 3.01634 3.01341 3.01097 3.009 3.00745 3.00631 3.00556 3.00517 
2.99886 2.9992 2.99992 3.00104 3.00258 3.00456 3.00701 3.00997 3.01347 3.01756 3.02227 3.02767 3.03379 3.04067 3.04836 3.05688 3.06627 3.07655 3.08772 3.09978 3.11273 3.12654 3.14117 3.15657 3.17268 3.18944 3.20674 3.22451 3.24264 3.26101 3.27952 3.29803 3.31644 3.33462 3.35244 3.36979 3.38656 3.40264 3.41792 3.43231 3.44572 3.45807 3.46929 3.47932 3.48811 3.49559 3.50175 3.50654 3.50994 3.51193 3.5125 3.51165 3.50938 3.50571 3.50064 3.49422 3.48645 3.4774 3.46711 3.45564 3.44305 3.42942 3.41484 3.39939 3.38318 3.36632 3.34891 3.33108 3.31294 3.29462 3.27624 3.25792 3.23979 3.22194 3.20449 3.18754 3.17118 3.15548 3.14051 3.12632 3.11296 3.10047 3.08885 3.07811 3.06826 3.05928 3.05115 3.04384 3.03732 3.03154 3.02648 3.02208 3.0183 3.01509 3.01243 3.01027 3.00857 3.00731 3.00647 3.00603 
2.99973 3.00008 3.00085 3.00206 3.00372 3.00585 3.0085 3.01169 3.01547 3.01989 3.02498 3.03081 3.0374 3.04482 3.05309 3.06226 3.07235 3.08337 3.09534 3.10826 3.1221 3.13684 3.15244 3.16884 3.18598 3.20377 3.22213 3.24094 3.26011 3.27952 3.29903 3.31853 3.33789 3.35698 3.37567 3.39385 3.41139 3.42818 3.44413 3.45913 3.47309 3.48594 3.4976 3.50802 3.51714 3.5249 3.53128 3.53625 3.53977 3.54184 3.54243 3.54156 3.53921 3.53541 3.53017 3.52351 3.51546 3.50606 3.49537 3.48344 3.47033 3.45613 3.44091 3.42477 3.40782 3.39015 3.3719 3.35317 3.33409 3.3148 3.29542 3.27608 3.25691 3.23802 3.21952 3.20153 3.18414 3.16743 3.15148 3.13635 3.12208 3.10872 3.09628 3.08477 3.0742 3.06455 3.0558 3.04793 3.04089 3.03466 3.02918 3.02441 3.02031 3.01684 3.01394 3.01158 3.00973 3.00835 3.00742 3.00692 
3.00063 3.001 3.00182 3.00311 3.00489 3.00719 3.01003 3.01347 3.01754 3.02229 3.02777 3.03402 3.04111 3.04906 3.05793 3.06775 3.07854 3.09032 3.10309 3.11686 3.1316 3.14727 3.16383 3.18123 3.19938 3.2182 3.23759 3.25743 3.27762 3.29803 3.31853 3.33899 3.35927 3.37923 3.39876 3.41772 3.436 3.45348 3.47005 3.48562 3.5001 3.51342 3.52549 3.53627 3.54569 3.55371 3.5603 3.56543 3.56907 3.5712 3.57182 3.57093 3.56852 3.5646 3.55919 3.55232 3.54401 3.5343 3.52323 3.51088 3.49729 3.48254 3.46673 3.44993 3.43227 3.41384 3.39477 3.37517 3.3552 3.33496 3.31461 3.29427 3.27408 3.25416 3.23463 3.21561 3.1972 3.17949 3.16257 3.14649 3.13131 3.11708 3.10382 3.09153 3.08023 3.06991 3.06054 3.05209 3.04454 3.03784 3.03194 3.02681 3.02238 3.01863 3.01549 3.01293 3.01092 3.00941 3.0084 3.00785 
3.00156 3.00194 3.00281 3.00419 3.00609 3.00855 3.0116 3.01528 3.01965 3.02473 3.0306 3.0373 3.04487 3.05337 3.06284 3.0733 3.0848 3.09733 3.11091 3.12552 3.14115 3.15775 3.17527 3.19364 3.21279 3.23262 3.25302 3.27387 3.29506 3.31644 3.33789 3.35927 3.38043 3.40123 3.42156 3.44126 3.46024 3.47836 3.49552 3.51162 3.52659 3.54033 3.55278 3.56388 3.57359 3.58185 3.58863 3.5939 3.59764 3.59984 3.60049 3.59958 3.59711 3.59309 3.58754 3.58047 3.57193 3.56193 3.55053 3.53778 3.52374 3.50849 3.49212 3.47471 3.45637 3.43722 3.41737 3.39696 3.37611 3.35497 3.33367 3.31236 3.29118 3.27025 3.24972 3.22969 3.21028 3.19158 3.17369 3.15668 3.1406 3.1255 3.11142 3.09836 3.08633 3.07533 3.06533 3.05632 3.04824 3.04107 3.03475 3.02924 3.02449 3.02045 3.01707 3.01431 3.01213 3.01051 3.0094 3.0088 
3.0025 3.00289 3.00382 3.00528 3.00731 3.00994 3.0132 3.01713 3.02178 3.02721 3.03347 3.0406 3.04867 3.05771 3.06778 3.07889 3.09109 3.10437 3.11874 3.1342 3.1507 3.16821 3.18667 3.206 3.22613 3.24693 3.26831 3.29014 3.31229 3.33462 3.35698 3.37923 3.40123 3.42284 3.44391 3.46432 3.48395 3.50266 3.52037 3.53697 3.55238 3.56651 3.57931 3.59071 3.60066 3.60913 3.61609 3.62149 3.62533 3.62759 3.62826 3.62734 3.62482 3.62072 3.61504 3.6078 3.59904 3.58879 3.57708 3.56398 3.54953 3.53382 3.51693 3.49895 3.47999 3.46015 3.43957 3.41837 3.3967 3.37469 3.35249 3.33024 3.3081 3.28621 3.26469 3.24367 3.22328 3.20362 3.18478 3.16685 3.14988 3.13393 3.11903 3.1052 3.09245 3.08078 3.07016 3.06057 3.05197 3.04433 3.03759 3.0317 3.02662 3.02229 3.01867 3.01571 3.01337 3.01161 3.01042 3.00976 
3.00345 3.00386 3.00484 3.00639 3.00855 3.01134 3.0148 3.01899 3.02393 3.0297 3.03635 3.04392 3.05248 3.06206 3.07271 3.08447 3.09736 3.11138 3.12654 3.14281 3.16018 3.17858 3.19795 3.21822 3.23929 3.26105 3.28338 3.30615 3.32922 3.35244 3.37567 3.39876 3.42156 3.44391 3.46569 3.48676 3.50698 3.52625 3.54446 3.56151 3.57732 3.59181 3.60491 3.61658 3.62677 3.63543 3.64253 3.64806 3.65198 3.6543 3.65499 3.65406 3.6515 3.64732 3.64153 3.63415 3.62521 3.61473 3.60275 3.58932 3.57451 3.55838 3.54101 3.5225 3.50296 3.48249 3.46122 3.43929 3.41683 3.39399 3.37093 3.3478 3.32474 3.3019 3.27943 3.25746 3.23612 3.21552 3.19576 3.17692 3.15908 3.14229 3.12659 3.11201 3.09855 3.08621 3.07497 3.06481 3.0557 3.04759 3.04043 3.03417 3.02876 3.02415 3.02028 3.01712 3.01462 3.01273 3.01145 3.01074 
3.00441 3.00483 3.00586 3.00751 3.00979 3.01274 3.01641 3.02084 3.02608 3.03219 3.03922 3.04722 3.05626 3.06637 3.07761 3.09 3.10356 3.11831 3.13423 3.15131 3.16951 3.18878 3.20904 3.23021 3.25219 3.27486 3.2981 3.32177 3.34572 3.36979 3.39385 3.41772 3.44126 3.46432 3.48676 3.50843 3.52921 3.54899 3.56765 3.58511 3.60128 3.61609 3.62947 3.64137 3.65175 3.66058 3.66782 3.67345 3.67745 3.67981 3.68053 3.67959 3.677 3.67276 3.66689 3.65938 3.65028 3.6396 3.62738 3.61367 3.59853 3.58202 3.56422 3.54523 3.52515 3.5041 3.48219 3.45957 3.43638 3.41276 3.38889 3.3649 3.34097 3.31724 3.29386 3.27097 3.24871 3.2272 3.20655 3.18683 3.16814 3.15054 3.13406 3.11873 3.10457 3.09158 3.07974 3.06902 3.0594 3.05082 3.04325 3.03662 3.03089 3.026 3.02189 3.01853 3.01586 3.01386 3.01248 3.01172 
3.00536 3.0058 3.00688 3.00861 3.01102 3.01414 3.01801 3.02268 3.02821 3.03465 3.04205 3.05048 3.05999 3.07063 3.08243 3.09543 3.10965 3.1251 3.14177 3.15962 3.17863 3.19873 3.21984 3.24188 3.26473 3.28828 3.31238 3.3369 3.36168 3.38656 3.41139 3.436 3.46024 3.48395 3.50698 3.52921 3.5505 3.57074 3.58981 3.60764 3.62413 3.63921 3.65284 3.66495 3.6755 3.68447 3.69183 3.69755 3.70162 3.70402 3.70476 3.70382 3.70121 3.69692 3.69097 3.68337 3.67412 3.66328 3.65085 3.6369 3.62146 3.60462 3.58644 3.56701 3.54644 3.52485 3.50235 3.47909 3.45522 3.43088 3.40623 3.38145 3.35669 3.3321 3.30786 3.2841 3.26096 3.23858 3.21706 3.19651 3.177 3.1586 3.14137 3.12532 3.11048 3.09686 3.08442 3.07317 3.06304 3.05402 3.04603 3.03905 3.03299 3.02782 3.02348 3.01992 3.0171 3.01497 3.01351 3.01269 
3.0063 3.00676 3.00789 3.00971 3.01223 3.01551 3.01958 3.02449 3.0303 3.03706 3.04483 3.05367 3.06364 3.07478 3.08713 3.10073 3.11558 3.13171 3.14908 3.16769 3.18747 3.20836 3.23029 3.25315 3.27683 3.30121 3.32613 3.35144 3.377 3.40264 3.42818 3.45348 3.47836 3.50266 3.52625 3.54899 3.57074 3.59138 3.61083 3.62898 3.64575 3.66108 3.67491 3.6872 3.69791 3.707 3.71445 3.72025 3.72438 3.72682 3.72758 3.72665 3.72402 3.71969 3.71368 3.70599 3.69664 3.68565 3.67305 3.65888 3.64319 3.62605 3.60753 3.58771 3.56671 3.54462 3.52159 3.49774 3.47323 3.44822 3.42286 3.39733 3.37179 3.3464 3.32134 3.29675 3.27279 3.24957 3.22723 3.20587 3.18558 3.16643 3.14846 3.13173 3.11623 3.10199 3.08899 3.07721 3.0666 3.05714 3.04876 3.04142 3.03506 3.02962 3.02505 3.0213 3.01831 3.01607 3.01452 3.01365 
3.00722 3.00769 3.00887 3.01077 3.01342 3.01685 3.02111 3.02625 3.03233 3.0394 3.04752 3.05676 3.06717 3.07879 3.09167 3.10584 3.1213 3.13807 3.15613 3.17544 3.19596 3.21761 3.2403 3.26394 3.2884 3.31355 3.33923 3.3653 3.39159 3.41792 3.44413 3.47005 3.49552 3.52037 3.54446 3.56765 3.58981 3.61083 3.6306 3.64903 3.66605 3.68159 3.6956 3.70804 3.71887 3.72807 3.7356 3.74146 3.74564 3.74812 3.7489 3.74797 3.74533 3.74098 3.73493 3.72717 3.71773 3.70662 3.69388 3.67953 3.66362 3.64622 3.6274 3.60723 3.58583 3.56331 3.53979 3.51541 3.49032 3.46469 3.43867 3.41244 3.38617 3.36004 3.33421 3.30885 3.28409 3.2601 3.23698 3.21486 3.19382 3.17395 3.15529 3.13789 3.12178 3.10695 3.0934 3.08111 3.07004 3.06016 3.0514 3.04372 3.03706 3.03136 3.02657 3.02263 3.0195 3.01714 3.01551 3.01459 
3.0081 3.0086 3.00982 3.0118 3.01457 3.01814 3.02259 3.02795 3.03428 3.04165 3.05011 3.05973 3.07056 3.08264 3.09602 3.11072 3.12676 3.14414 3.16284 3.18282 3.20403 3.22638 3.2498 3.27417 3.29936 3.32522 3.35162 3.37838 3.40533 3.43231 3.45913 3.48562 3.51162 3.53697 3.56151 3.58511 3.60764 3.62898 3.64903 3.66771 3.68494 3.70066 3.71483 3.72739 3.73832 3.7476 3.75521 3.76112 3.76534 3.76785 3.76865 3.76773 3.76508 3.76072 3.75463 3.74683 3.73732 3.72611 3.71325 3.69874 3.68265 3.66503 3.64594 3.62548 3.60373 3.58081 3.55685 3.53199 3.50638 3.48017 3.45355 3.42669 3.39975 3.37293 3.34638 3.32029 3.29481 3.27008 3.24624 3.2234 3.20166 3.18111 3.1618 3.14378 3.12707 3.11168 3.09762 3.08485 3.07334 3.06305 3.05393 3.04593 3.03898 3.03304 3.02803 3.02392 3.02064 3.01817 3.01646 3.0155 
3.00895 3.00946 3.01074 3.01279 3.01566 3.01938 3.024 3.02956 3.03614 3.04379 3.05257 3.06255 3.07377 3.08628 3.10013 3.11534 3.13192 3.14987 3.16917 3.18977 3.21162 3.23463 3.25872 3.28376 3.30962 3.33615 3.3632 3.39059 3.41816 3.44572 3.47309 3.5001 3.52659 3.55238 3.57732 3.60128 3.62413 3.64575 3.66605 3.68494 3.70235 3.71823 3.73252 3.74518 3.7562 3.76555 3.77321 3.77917 3.78342 3.78596 3.78677 3.78586 3.78322 3.77884 3.77273 3.76489 3.75533 3.74405 3.73109 3.71646 3.70022 3.68241 3.66309 3.64236 3.62031 3.59704 3.57269 3.5474 3.52131 3.4946 3.46742 3.43997 3.41243 3.38497 3.35777 3.33101 3.30485 3.27945 3.25493 3.23142 3.20903 3.18785 3.16793 3.14932 3.13206 3.11616 3.1016 3.08838 3.07646 3.06579 3.05633 3.04803 3.04081 3.03463 3.02943 3.02515 3.02173 3.01916 3.01737 3.01637 
3.00976 3.01028 3.01159 3.01372 3.01669 3.02054 3.02532 3.03108 3.03789 3.0458 3.05488 3.06518 3.07677 3.08969 3.10397 3.11965 3.13673 3.1552 3.17505 3.19623 3.21867 3.24229 3.26699 3.29264 3.31912 3.34626 3.3739 3.40187 3.42998 3.45807 3.48594 3.51342 3.54033 3.56651 3.59181 3.61609 3.63921 3.66108 3.68159 3.70066 3.71823 3.73423 3.74862 3.76137 3.77246 3.78186 3.78956 3.79556 3.79984 3.80239 3.80322 3.80232 3.79969 3.79531 3.78919 3.78132 3.77172 3.76039 3.74735 3.73262 3.71625 3.69828 3.67877 3.65781 3.63549 3.61192 3.58723 3.56155 3.53504 3.50787 3.4802 3.45223 3.42413 3.39609 3.3683 3.34093 3.31416 3.28813 3.26299 3.23888 3.21589 3.19412 3.17363 3.15449 3.13672 3.12033 3.10533 3.09168 3.07938 3.06836 3.05858 3.04999 3.04253 3.03613 3.03074 3.0263 3.02276 3.02009 3.01823 3.01718 
3.0105 3.01104 3.01239 3.01459 3.01765 3.02162 3.02655 3.03249 3.03951 3.04766 3.05701 3.06762 3.07954 3.09282 3.10751 3.12361 3.14115 3.1601 3.18045 3.20215 3.22513 3.2493 3.27455 3.30076 3.32779 3.35547 3.38364 3.41213 3.44074 3.46929 3.4976 3.52549 3.55278 3.57931 3.60491 3.62947 3.65284 3.67491 3.6956 3.71483 3.73252 3.74862 3.76309 3.77591 3.78705 3.7965 3.80423 3.81026 3.81456 3.81714 3.81798 3.81709 3.81446 3.81009 3.80396 3.79608 3.78645 3.77508 3.76198 3.74717 3.73069 3.71259 3.69292 3.67177 3.64922 3.62539 3.60039 3.57438 3.5475 3.51992 3.49181 3.46337 3.43478 3.40623 3.3779 3.34998 3.32265 3.29606 3.27037 3.2457 3.22216 3.19986 3.17887 3.15923 3.14099 3.12417 3.10875 3.09473 3.08207 3.07073 3.06066 3.05181 3.04411 3.03752 3.03195 3.02737 3.02372 3.02095 3.01903 3.01795 
3.01119 3.01174 3.01313 3.01538 3.01853 3.02261 3.02767 3.03378 3.04098 3.04935 3.05894 3.06983 3.08205 3.09567 3.11071 3.12719 3.14514 3.16452 3.18532 3.20749 3.23094 3.2556 3.28134 3.30805 3.33556 3.36373 3.39237 3.42131 3.45036 3.47932 3.50802 3.53627 3.56388 3.59071 3.61658 3.64137 3.66495 3.6872 3.70804 3.72739 3.74518 3.76137 3.77591 3.78879 3.79997 3.80944 3.81721 3.82325 3.82757 3.83017 3.83103 3.83015 3.82753 3.82316 3.81703 3.80914 3.7995 3.78809 3.77495 3.76007 3.74351 3.7253 3.7055 3.68418 3.66144 3.63738 3.61213 3.58582 3.55861 3.53068 3.50219 3.47334 3.44431 3.4153 3.3865 3.3581 3.33028 3.30319 3.277 3.25183 3.22781 3.20504 3.18359 3.16351 3.14486 3.12763 3.11185 3.09748 3.0845 3.07287 3.06254 3.05346 3.04556 3.03878 3.03306 3.02835 3.02459 3.02174 3.01977 3.01864 
3.0118 3.01236 3.01378 3.01609 3.01931 3.02349 3.02867 3.03492 3.04229 3.05085 3.06066 3.07179 3.08428 3.09818 3.11354 3.13036 3.14866 3.16843 3.18962 3.21219 3.23607 3.26115 3.28732 3.31446 3.3424 3.37098 3.40003 3.42936 3.45879 3.48811 3.51714 3.54569 3.57359 3.60066 3.62677 3.65175 3.6755 3.69791 3.71887 3.73832 3.7562 3.77246 3.78705 3.79997 3.81118 3.82068 3.82847 3.83453 3.83886 3.84147 3.84234 3.84147 3.83886 3.8345 3.82837 3.82048 3.81083 3.7994 3.78622 3.7713 3.75467 3.73637 3.71646 3.695 3.6721 3.64785 3.62237 3.59582 3.56834 3.5401 3.51128 3.48207 3.45267 3.42327 3.39406 3.36523 3.33698 3.30946 3.28283 3.25723 3.23279 3.2096 3.18775 3.16729 3.14827 3.1307 3.11459 3.09992 3.08666 3.07478 3.06422 3.05493 3.04684 3.0399 3.03404 3.02922 3.02536 3.02244 3.02042 3.01927 
3.01233 3.0129 3.01435 3.01671 3.01999 3.02425 3.02954 3.03591 3.04343 3.05215 3.06215 3.07348 3.0862 3.10036 3.11598 3.13309 3.1517 3.17178 3.19331 3.21623 3.24046 3.2659 3.29244 3.31994 3.34824 3.37718 3.40657 3.43624 3.46598 3.49559 3.5249 3.55371 3.58185 3.60913 3.63543 3.66058 3.68447 3.707 3.72807 3.7476 3.76555 3.78186 3.7965 3.80944 3.82068 3.83021 3.83801 3.84408 3.84843 3.85104 3.85193 3.85107 3.84847 3.84411 3.83799 3.8301 3.82043 3.80899 3.79579 3.78083 3.76414 3.74577 3.72576 3.7042 3.68116 3.65675 3.63109 3.60433 3.57662 3.54812 3.51903 3.48952 3.4598 3.43007 3.40051 3.37133 3.34271 3.31482 3.28783 3.26187 3.23706 3.21352 3.19133 3.17054 3.1512 3.13334 3.11695 3.10202 3.08852 3.07642 3.06566 3.05619 3.04795 3.04087 3.0349 3.02997 3.02604 3.02306 3.02099 3.01981 
3.01279 3.01336 3.01484 3.01723 3.02057 3.0249 3.03027 3.03674 3.04438 3.05324 3.06339 3.07489 3.0878 3.10216 3.11801 3.13536 3.15421 3.17456 3.19637 3.21957 3.24409 3.26983 3.29667 3.32446 3.35306 3.38228 3.41196 3.44189 3.47189 3.50175 3.53128 3.5603 3.58863 3.61609 3.64253 3.66782 3.69183 3.71445 3.7356 3.75521 3.77321 3.78956 3.80423 3.81721 3.82847 3.83801 3.84582 3.8519 3.85626 3.85888 3.85978 3.85893 3.85633 3.85198 3.84587 3.83798 3.82831 3.81685 3.80363 3.78863 3.77191 3.75348 3.7334 3.71174 3.68859 3.66406 3.63825 3.61132 3.58342 3.55472 3.5254 3.49565 3.46567 3.43566 3.40583 3.37635 3.34744 3.31925 3.29195 3.26569 3.24059 3.21676 3.19429 3.17323 3.15364 3.13553 3.11891 3.10377 3.09007 3.07779 3.06687 3.05725 3.04888 3.04169 3.03562 3.03061 3.02661 3.02358 3.02147 3.02027 
3.01315 3.01373 3.01522 3.01764 3.02103 3.02541 3.03085 3.0374 3.04513 3.0541 3.06437 3.07601 3.08906 3.10358 3.1196 3.13713 3.15619 3.17674 3.19876 3.22218 3.24693 3.27289 3.29996 3.32799 3.35681 3.38626 3.41615 3.44629 3.47649 3.50654 3.53625 3.56543 3.5939 3.62149 3.64806 3.67345 3.69755 3.72025 3.74146 3.76112 3.77917 3.79556 3.81026 3.82325 3.83453 3.84408 3.8519 3.858 3.86236 3.86499 3.86589 3.86505 3.86246 3.85811 3.852 3.84411 3.83444 3.82297 3.80973 3.79471 3.77795 3.75947 3.73934 3.71761 3.69438 3.66974 3.64382 3.61676 3.58871 3.55985 3.53035 3.50041 3.47024 3.44002 3.40996 3.38027 3.35112 3.3227 3.29517 3.26868 3.24335 3.21929 3.1966 3.17534 3.15554 3.13725 3.12045 3.10514 3.09129 3.07887 3.06782 3.05809 3.04962 3.04234 3.03619 3.03111 3.02706 3.02399 3.02186 3.02064 
3.01342 3.01401 3.01551 3.01795 3.02137 3.02579 3.03128 3.03789 3.04568 3.05473 3.06508 3.07682 3.08998 3.10461 3.12075 3.13841 3.1576 3.1783 3.20047 3.22404 3.24895 3.27508 3.30231 3.33049 3.35948 3.38908 3.41913 3.44942 3.47975 3.50994 3.53977 3.56907 3.59764 3.62533 3.65198 3.67745 3.70162 3.72438 3.74564 3.76534 3.78342 3.79984 3.81456 3.82757 3.83886 3.84843 3.85626 3.86236 3.86673 3.86937 3.87027 3.86944 3.86685 3.86251 3.85639 3.8485 3.83882 3.82735 3.81409 3.79905 3.78226 3.76375 3.74357 3.72179 3.69849 3.67378 3.64778 3.62062 3.59247 3.56349 3.53387 3.5038 3.47348 3.44311 3.4129 3.38305 3.35374 3.32515 3.29746 3.2708 3.24531 3.2211 3.19826 3.17685 3.15691 3.13848 3.12156 3.10613 3.09218 3.07965 3.06851 3.0587 3.05015 3.04281 3.03661 3.03149 3.0274 3.0243 3.02215 3.02092 
3.01359 3.01419 3.0157 3.01815 3.02158 3.02603 3.03155 3.03819 3.04603 3.05511 3.06552 3.07731 3.09053 3.10523 3.12144 3.13918 3.15845 3.17923 3.20148 3.22515 3.25014 3.27636 3.30368 3.33196 3.36104 3.39074 3.42087 3.45125 3.48167 3.51193 3.54184 3.5712 3.59984 3.62759 3.6543 3.67981 3.70402 3.72682 3.74812 3.76785 3.78596 3.80239 3.81714 3.83017 3.84147 3.85104 3.85888 3.86499 3.86937 3.87201 3.87292 3.87208 3.8695 3.86515 3.85904 3.85114 3.84145 3.82997 3.8167 3.80164 3.78483 3.76629 3.74608 3.72426 3.70092 3.67616 3.65011 3.62289 3.59467 3.56562 3.53593 3.50578 3.47537 3.44492 3.41462 3.38467 3.35527 3.32659 3.2988 3.27205 3.24647 3.22217 3.19924 3.17774 3.15773 3.13922 3.12222 3.10673 3.09271 3.08013 3.06894 3.05908 3.05049 3.0431 3.03687 3.03172 3.02761 3.02449 3.02233 3.0211 
