6.19993 6.20011 6.20041 6.20081 6.20133 6.20196 6.20269 6.20354 6.2045 6.20557 6.20675 6.20804 6.20944 6.21095 6.21256 6.21428 6.21611 6.21803 6.22005 6.22216 6.22436 6.22665 6.22901 6.23143 6.23392 6.23646 6.23904 6.24166 6.24429 6.24694 6.24958 6.25221 6.25482 6.25738 6.25989 6.26233 6.2647 6.26696 6.26913 6.27117 6.27308 6.27485 6.27647 6.27792 6.2792 6.2803 6.28121 6.28193 6.28246 6.28278 6.2829 6.28282 6.28254 6.28206 6.28138 6.28051 6.27946 6.27823 6.27682 6.27526 6.27355 6.2717 6.26972 6.26763 6.26543 6.26315 6.26079 6.25837 6.25589 6.25339 6.25086 6.24832 6.24579 6.24328 6.24079 6.23834 6.23593 6.23359 6.23131 6.22911 6.22699 6.22496 6.22303 6.22119 6.21945 6.21783 6.21631 6.2149 6.21361 6.21243 6.21136 6.21041 6.20958 6.20886 6.20826 6.20776 6.20739 6.20713 6.20697 6.20694 
6.20011 6.2003 6.20059 6.201 6.20152 6.20215 6.20289 6.20374 6.20471 6.20578 6.20697 6.20827 6.20967 6.21119 6.21282 6.21455 6.21638 6.21832 6.22035 6.22248 6.22469 6.22699 6.22936 6.2318 6.23431 6.23686 6.23946 6.2421 6.24475 6.24741 6.25008 6.25272 6.25534 6.25793 6.26045 6.26291 6.26529 6.26757 6.26975 6.27181 6.27373 6.27551 6.27714 6.2786 6.27989 6.281 6.28192 6.28264 6.28317 6.28349 6.28362 6.28353 6.28325 6.28276 6.28208 6.28121 6.28015 6.27891 6.27749 6.27592 6.2742 6.27233 6.27034 6.26823 6.26602 6.26372 6.26135 6.25891 6.25642 6.25389 6.25135 6.2488 6.24625 6.24371 6.24121 6.23874 6.23632 6.23396 6.23167 6.22945 6.22732 6.22528 6.22333 6.22148 6.21973 6.21809 6.21656 6.21515 6.21384 6.21265 6.21158 6.21063 6.20979 6.20906 6.20845 6.20796 6.20758 6.20731 6.20716 6.20712 
6.20041 6.20059 6.20089 6.2013 6.20183 6.20247 6.20322 6.20408 6.20506 6.20616 6.20736 6.20868 6.21011 6.21165 6.2133 6.21506 6.21693 6.21889 6.22096 6.22312 6.22537 6.22771 6.23012 6.23261 6.23515 6.23775 6.24039 6.24307 6.24577 6.24847 6.25118 6.25387 6.25654 6.25916 6.26173 6.26423 6.26664 6.26896 6.27118 6.27327 6.27522 6.27703 6.27868 6.28017 6.28148 6.2826 6.28353 6.28427 6.2848 6.28513 6.28526 6.28517 6.28488 6.28439 6.28369 6.2828 6.28173 6.28046 6.27903 6.27743 6.27568 6.27378 6.27176 6.26961 6.26737 6.26503 6.26261 6.26013 6.2576 6.25503 6.25244 6.24985 6.24725 6.24468 6.24213 6.23962 6.23716 6.23476 6.23242 6.23017 6.228 6.22592 6.22393 6.22205 6.22027 6.2186 6.21705 6.21561 6.21428 6.21307 6.21198 6.211 6.21014 6.2094 6.20878 6.20828 6.20789 6.20762 6.20746 6.20742 
6.20081 6.201 6.2013 6.20172 6.20226 6.20291 6.20368 6.20457 6.20557 6.20669 6.20793 6.20928 6.21075 6.21233 6.21402 6.21583 6.21774 6.21976 6.22189 6.2241 6.22642 6.22881 6.23129 6.23384 6.23645 6.23912 6.24183 6.24458 6.24734 6.25012 6.2529 6.25566 6.25839 6.26108 6.26372 6.26628 6.26876 6.27114 6.2734 6.27554 6.27755 6.2794 6.2811 6.28262 6.28396 6.28511 6.28606 6.28682 6.28736 6.2877 6.28783 6.28774 6.28744 6.28693 6.28622 6.2853 6.2842 6.2829 6.28143 6.27979 6.27799 6.27604 6.27396 6.27177 6.26946 6.26706 6.26458 6.26203 6.25943 6.2568 6.25414 6.25147 6.24881 6.24616 6.24355 6.24097 6.23844 6.23598 6.23358 6.23126 6.22903 6.22689 6.22485 6.22291 6.22108 6.21937 6.21777 6.21628 6.21491 6.21367 6.21254 6.21154 6.21065 6.20989 6.20925 6.20872 6.20832 6.20804 6.20787 6.20782 
6.20133 6.20152 6.20183 6.20226 6.20281 6.20349 6.20428 6.2052 6.20623 6.20739 6.20867 6.21007 6.21159 6.21323 6.21498 6.21685 6.21883 6.22093 6.22312 6.22542 6.22781 6.2303 6.23286 6.2355 6.23821 6.24097 6.24377 6.24662 6.24948 6.25236 6.25523 6.25809 6.26091 6.26369 6.26642 6.26907 6.27163 6.27409 6.27643 6.27864 6.28071 6.28263 6.28438 6.28595 6.28733 6.28852 6.28951 6.29028 6.29085 6.29119 6.29132 6.29123 6.29091 6.29039 6.28965 6.2887 6.28755 6.28621 6.28469 6.28299 6.28113 6.27912 6.27696 6.27469 6.2723 6.26981 6.26725 6.26461 6.26192 6.25919 6.25644 6.25368 6.25092 6.24818 6.24546 6.24279 6.24017 6.23762 6.23513 6.23273 6.23041 6.22819 6.22607 6.22406 6.22216 6.22038 6.21872 6.21717 6.21575 6.21445 6.21328 6.21223 6.21131 6.21052 6.20984 6.2093 6.20887 6.20858 6.2084 6.20834 
6.20196 6.20215 6.20247 6.20291 6.20349 6.20419 6.20501 6.20597 6.20705 6.20825 6.20959 6.21105 6.21263 6.21434 6.21617 6.21813 6.2202 6.22238 6.22467 6.22707 6.22957 6.23216 6.23484 6.23759 6.24042 6.2433 6.24622 6.24919 6.25218 6.25517 6.25817 6.26115 6.26409 6.26699 6.26983 6.27259 6.27525 6.27781 6.28025 6.28256 6.28471 6.2867 6.28852 6.29016 6.29159 6.29283 6.29385 6.29466 6.29524 6.2956 6.29573 6.29563 6.2953 6.29475 6.29398 6.29299 6.29179 6.2904 6.28881 6.28704 6.28509 6.28299 6.28075 6.27838 6.27589 6.27329 6.27062 6.26787 6.26506 6.26221 6.25934 6.25646 6.25358 6.25071 6.24788 6.24509 6.24235 6.23968 6.23708 6.23457 6.23215 6.22982 6.22761 6.2255 6.22351 6.22164 6.2199 6.21828 6.21679 6.21543 6.21419 6.21309 6.21212 6.21128 6.21058 6.21 6.20955 6.20923 6.20904 6.20897 
6.20269 6.20289 6.20322 6.20368 6.20428 6.20501 6.20588 6.20688 6.20801 6.20928 6.21068 6.21221 6.21388 6.21568 6.2176 6.21965 6.22183 6.22412 6.22654 6.22906 6.23168 6.23441 6.23722 6.24011 6.24308 6.2461 6.24918 6.25229 6.25543 6.25857 6.26171 6.26484 6.26793 6.27097 6.27394 6.27683 6.27963 6.28231 6.28487 6.28728 6.28953 6.29162 6.29352 6.29523 6.29674 6.29803 6.2991 6.29994 6.30055 6.30092 6.30105 6.30095 6.3006 6.30002 6.29921 6.29817 6.29691 6.29544 6.29378 6.29192 6.28988 6.28768 6.28532 6.28283 6.28021 6.27749 6.27468 6.27179 6.26885 6.26586 6.26284 6.25981 6.25678 6.25377 6.25079 6.24786 6.24498 6.24216 6.23943 6.23678 6.23423 6.23178 6.22945 6.22723 6.22513 6.22316 6.22131 6.2196 6.21802 6.21658 6.21528 6.21411 6.21308 6.21219 6.21144 6.21082 6.21034 6.21 6.20979 6.20972 
6.20354 6.20374 6.20408 6.20457 6.2052 6.20597 6.20688 6.20793 6.20913 6.21047 6.21194 6.21357 6.21533 6.21723 6.21926 6.22143 6.22373 6.22616 6.22871 6.23138 6.23415 6.23703 6.24 6.24306 6.24619 6.24939 6.25263 6.25592 6.25923 6.26255 6.26586 6.26916 6.27242 6.27562 6.27876 6.2818 6.28475 6.28757 6.29026 6.2928 6.29518 6.29737 6.29938 6.30117 6.30275 6.30411 6.30523 6.30612 6.30675 6.30714 6.30728 6.30716 6.3068 6.30618 6.30532 6.30423 6.3029 6.30135 6.29959 6.29763 6.29548 6.29315 6.29067 6.28804 6.28528 6.28241 6.27944 6.27639 6.27328 6.27012 6.26693 6.26373 6.26053 6.25735 6.2542 6.25109 6.24804 6.24507 6.24217 6.23937 6.23666 6.23407 6.23159 6.22924 6.22701 6.22491 6.22296 6.22114 6.21946 6.21793 6.21654 6.21529 6.2142 6.21324 6.21244 6.21177 6.21126 6.21088 6.21066 6.21057 
6.2045 6.20471 6.20506 6.20557 6.20623 6.20705 6.20801 6.20913 6.2104 6.21181 6.21339 6.21511 6.21698 6.21899 6.22116 6.22346 6.22591 6.22849 6.23119 6.23402 6.23697 6.24003 6.24318 6.24643 6.24975 6.25314 6.25659 6.26007 6.26358 6.2671 6.27061 6.2741 6.27755 6.28094 6.28426 6.28749 6.29061 6.29359 6.29644 6.29912 6.30163 6.30395 6.30607 6.30797 6.30963 6.31107 6.31225 6.31318 6.31385 6.31426 6.3144 6.31427 6.31388 6.31323 6.31231 6.31115 6.30974 6.3081 6.30623 6.30415 6.30188 6.29941 6.29678 6.29399 6.29107 6.28802 6.28488 6.28164 6.27834 6.27499 6.27161 6.26821 6.26481 6.26143 6.25809 6.25479 6.25155 6.24838 6.2453 6.24232 6.23944 6.23668 6.23404 6.23153 6.22916 6.22692 6.22483 6.22289 6.22109 6.21945 6.21797 6.21663 6.21546 6.21443 6.21357 6.21285 6.21229 6.21189 6.21164 6.21154 
6.20557 6.20578 6.20616 6.20669 6.20739 6.20825 6.20928 6.21047 6.21181 6.21333 6.215 6.21683 6.21883 6.22098 6.22328 6.22574 6.22835 6.2311 6.23399 6.237 6.24014 6.2434 6.24676 6.25022 6.25376 6.25737 6.26103 6.26474 6.26847 6.27222 6.27595 6.27966 6.28333 6.28693 6.29046 6.29388 6.29719 6.30036 6.30338 6.30623 6.30889 6.31135 6.31359 6.3156 6.31737 6.31888 6.32013 6.32112 6.32182 6.32225 6.3224 6.32226 6.32184 6.32114 6.32017 6.31893 6.31743 6.31569 6.3137 6.31149 6.30907 6.30645 6.30365 6.30069 6.29758 6.29434 6.29099 6.28755 6.28404 6.28047 6.27687 6.27325 6.26963 6.26603 6.26246 6.25895 6.25549 6.25211 6.24883 6.24564 6.24257 6.23961 6.23679 6.23411 6.23157 6.22917 6.22693 6.22485 6.22293 6.22117 6.21957 6.21814 6.21687 6.21577 6.21483 6.21406 6.21345 6.21301 6.21273 6.21261 
6.20675 6.20697 6.20736 6.20793 6.20867 6.20959 6.21068 6.21194 6.21339 6.215 6.21679 6.21875 6.22088 6.22318 6.22564 6.22827 6.23106 6.234 6.23708 6.24031 6.24367 6.24714 6.25074 6.25443 6.2582 6.26206 6.26597 6.26992 6.2739 6.27789 6.28187 6.28583 6.28973 6.29357 6.29732 6.30097 6.30449 6.30786 6.31107 6.3141 6.31693 6.31954 6.32192 6.32406 6.32593 6.32754 6.32887 6.32991 6.33066 6.33111 6.33126 6.33111 6.33066 6.32991 6.32887 6.32755 6.32596 6.32409 6.32198 6.31962 6.31704 6.31425 6.31127 6.30811 6.30479 6.30134 6.29777 6.2941 6.29035 6.28655 6.2827 6.27884 6.27498 6.27113 6.26732 6.26356 6.25986 6.25625 6.25273 6.24932 6.24603 6.24287 6.23984 6.23696 6.23424 6.23167 6.22926 6.22702 6.22496 6.22306 6.22134 6.2198 6.21843 6.21724 6.21622 6.21539 6.21472 6.21424 6.21393 6.2138 
6.20804 6.20827 6.20868 6.20928 6.21007 6.21105 6.21221 6.21357 6.21511 6.21683 6.21875 6.22085 6.22313 6.22559 6.22823 6.23105 6.23403 6.23718 6.24048 6.24394 6.24753 6.25125 6.25509 6.25904 6.26308 6.2672 6.27138 6.27561 6.27986 6.28412 6.28837 6.29259 6.29676 6.30085 6.30485 6.30874 6.31249 6.31609 6.31951 6.32273 6.32574 6.32852 6.33105 6.33332 6.33532 6.33703 6.33844 6.33954 6.34033 6.34081 6.34096 6.3408 6.34032 6.33952 6.33841 6.337 6.33529 6.3333 6.33105 6.32853 6.32578 6.3228 6.31961 6.31624 6.3127 6.30901 6.3052 6.30128 6.29728 6.29321 6.2891 6.28497 6.28084 6.27672 6.27264 6.26861 6.26466 6.26079 6.25702 6.25336 6.24983 6.24644 6.24319 6.2401 6.23717 6.2344 6.23182 6.22941 6.22718 6.22514 6.22328 6.22161 6.22014 6.21885 6.21775 6.21684 6.21612 6.21559 6.21525 6.2151 
6.20944 6.20967 6.21011 6.21075 6.21159 6.21263 6.21388 6.21533 6.21698 6.21883 6.22088 6.22313 6.22558 6.22822 6.23105 6.23407 6.23727 6.24064 6.24418 6.24788 6.25173 6.25572 6.25984 6.26406 6.26839 6.27279 6.27727 6.28179 6.28633 6.29089 6.29543 6.29994 6.30439 6.30876 6.31303 6.31718 6.32118 6.32501 6.32866 6.33209 6.3353 6.33826 6.34096 6.34338 6.3455 6.34732 6.34882 6.34999 6.35083 6.35133 6.3515 6.35132 6.3508 6.34994 6.34875 6.34724 6.34542 6.3433 6.34089 6.3382 6.33526 6.33207 6.32867 6.32507 6.32129 6.31735 6.31327 6.30908 6.3048 6.30045 6.29605 6.29163 6.2872 6.2828 6.27843 6.27411 6.26987 6.26572 6.26168 6.25775 6.25396 6.25032 6.24683 6.2435 6.24035 6.23738 6.23459 6.232 6.2296 6.22739 6.22539 6.22359 6.22199 6.22059 6.2194 6.21842 6.21763 6.21705 6.21668 6.21651 
6.21095 6.21119 6.21165 6.21233 6.21323 6.21434 6.21568 6.21723 6.21899 6.22098 6.22318 6.22559 6.22822 6.23105 6.23409 6.23733 6.24076 6.24438 6.24817 6.25214 6.25627 6.26054 6.26495 6.26948 6.27411 6.27883 6.28361 6.28845 6.29331 6.29818 6.30303 6.30785 6.31261 6.31727 6.32183 6.32626 6.33053 6.33462 6.33851 6.34218 6.3456 6.34875 6.35162 6.3542 6.35646 6.35839 6.35999 6.36123 6.36212 6.36266 6.36282 6.36263 6.36207 6.36115 6.35988 6.35827 6.35632 6.35405 6.35147 6.3486 6.34546 6.34206 6.33842 6.33457 6.33053 6.32632 6.32196 6.31748 6.3129 6.30824 6.30354 6.2988 6.29407 6.28934 6.28466 6.28004 6.27549 6.27104 6.2667 6.26249 6.25842 6.2545 6.25075 6.24717 6.24378 6.24058 6.23758 6.23479 6.2322 6.22982 6.22766 6.22572 6.22399 6.22248 6.22119 6.22012 6.21926 6.21863 6.21822 6.21802 
6.21256 6.21282 6.2133 6.21402 6.21498 6.21617 6.2176 6.21926 6.22116 6.22328 6.22564 6.22823 6.23105 6.23409 6.23735 6.24082 6.2445 6.24838 6.25245 6.2567 6.26113 6.26571 6.27043 6.27528 6.28023 6.28528 6.29041 6.29558 6.30078 6.30598 6.31117 6.31632 6.3214 6.32638 6.33125 6.33597 6.34053 6.34489 6.34904 6.35295 6.35659 6.35995 6.36302 6.36576 6.36816 6.37022 6.37191 6.37324 6.37418 6.37475 6.37492 6.37471 6.37411 6.37312 6.37177 6.37004 6.36796 6.36554 6.36278 6.35972 6.35636 6.35273 6.34884 6.34473 6.34041 6.33591 6.33125 6.32646 6.32156 6.31658 6.31155 6.30648 6.30141 6.29635 6.29134 6.28638 6.28151 6.27673 6.27208 6.26756 6.26319 6.25898 6.25495 6.25111 6.24746 6.24402 6.24079 6.23778 6.23499 6.23243 6.2301 6.228 6.22613 6.2245 6.2231 6.22194 6.22101 6.22032 6.21987 6.21965 
6.21428 6.21455 6.21506 6.21583 6.21685 6.21813 6.21965 6.22143 6.22346 6.22574 6.22827 6.23105 6.23407 6.23733 6.24082 6.24454 6.24849 6.25265 6.25701 6.26156 6.2663 6.27121 6.27626 6.28145 6.28675 6.29216 6.29763 6.30316 6.30872 6.31428 6.31982 6.32532 6.33074 6.33606 6.34125 6.34629 6.35115 6.3558 6.36022 6.36438 6.36826 6.37184 6.3751 6.37802 6.38058 6.38277 6.38457 6.38598 6.38698 6.38757 6.38775 6.38752 6.38688 6.38583 6.38438 6.38253 6.38031 6.37772 6.37479 6.37151 6.36793 6.36405 6.35991 6.35551 6.3509 6.34609 6.34111 6.336 6.33076 6.32544 6.32006 6.31464 6.30921 6.3038 6.29843 6.29313 6.2879 6.28279 6.2778 6.27295 6.26826 6.26375 6.25942 6.2553 6.25138 6.24768 6.24421 6.24097 6.23796 6.2352 6.23269 6.23042 6.22841 6.22665 6.22513 6.22388 6.22287 6.22212 6.22162 6.22138 
6.21611 6.21638 6.21693 6.21774 6.21883 6.2202 6.22183 6.22373 6.22591 6.22835 6.23106 6.23403 6.23727 6.24076 6.2445 6.24849 6.25271 6.25717 6.26184 6.26671 6.27178 6.27703 6.28243 6.28798 6.29365 6.29942 6.30527 6.31118 6.31711 6.32305 6.32896 6.33483 6.34061 6.34628 6.35181 6.35718 6.36236 6.36731 6.37202 6.37645 6.38058 6.38439 6.38786 6.39096 6.39368 6.396 6.39792 6.39941 6.40047 6.4011 6.40129 6.40104 6.40035 6.39922 6.39768 6.39571 6.39334 6.39058 6.38745 6.38396 6.38014 6.376 6.37158 6.3669 6.36197 6.35684 6.35153 6.34607 6.34048 6.3348 6.32905 6.32326 6.31746 6.31168 6.30593 6.30026 6.29467 6.2892 6.28385 6.27866 6.27364 6.2688 6.26416 6.25973 6.25552 6.25155 6.24782 6.24434 6.24111 6.23814 6.23544 6.233 6.23082 6.22892 6.22729 6.22593 6.22484 6.22403 6.22348 6.22321 
6.21803 6.21832 6.21889 6.21976 6.22093 6.22238 6.22412 6.22616 6.22849 6.2311 6.234 6.23718 6.24064 6.24438 6.24838 6.25265 6.25717 6.26193 6.26692 6.27213 6.27755 6.28316 6.28893 6.29486 6.30091 6.30707 6.31331 6.31961 6.32594 6.33227 6.33857 6.34482 6.35097 6.35702 6.36291 6.36862 6.37413 6.3794 6.3844 6.38911 6.3935 6.39755 6.40123 6.40453 6.40742 6.40988 6.41191 6.4135 6.41462 6.41529 6.41548 6.41521 6.41447 6.41327 6.41162 6.40953 6.40701 6.40407 6.40073 6.39702 6.39295 6.38854 6.38384 6.37884 6.3736 6.36814 6.36248 6.35665 6.35069 6.34463 6.3385 6.33232 6.32613 6.31996 6.31382 6.30776 6.30179 6.29594 6.29022 6.28467 6.27929 6.27411 6.26914 6.2644 6.25989 6.25563 6.25163 6.24789 6.24443 6.24124 6.23833 6.23571 6.23337 6.23132 6.22956 6.2281 6.22692 6.22604 6.22545 6.22515 
6.22005 6.22035 6.22096 6.22189 6.22312 6.22467 6.22654 6.22871 6.23119 6.23399 6.23708 6.24048 6.24418 6.24817 6.25245 6.25701 6.26184 6.26692 6.27225 6.27782 6.2836 6.28958 6.29574 6.30206 6.30851 6.31508 6.32173 6.32844 6.33517 6.34191 6.34862 6.35526 6.36181 6.36824 6.3745 6.38057 6.38642 6.39202 6.39733 6.40234 6.407 6.41129 6.4152 6.41869 6.42176 6.42437 6.42652 6.4282 6.42939 6.43009 6.43029 6.43 6.42921 6.42794 6.42618 6.42395 6.42127 6.41814 6.4146 6.41065 6.40632 6.40164 6.39663 6.39132 6.38575 6.37993 6.37391 6.36771 6.36137 6.35491 6.34838 6.3418 6.3352 6.32862 6.32208 6.31561 6.30924 6.30299 6.29689 6.29096 6.28522 6.27968 6.27437 6.26929 6.26447 6.25991 6.25563 6.25162 6.24791 6.24449 6.24137 6.23855 6.23604 6.23384 6.23195 6.23037 6.2291 6.22815 6.22751 6.22718 
6.22216 6.22248 6.22312 6.2241 6.22542 6.22707 6.22906 6.23138 6.23402 6.237 6.24031 6.24394 6.24788 6.25214 6.2567 6.26156 6.26671 6.27213 6.27782 6.28375 6.28991 6.29628 6.30284 6.30956 6.31643 6.32342 6.33049 6.33763 6.34479 6.35195 6.35908 6.36613 6.37309 6.37991 6.38655 6.393 6.3992 6.40514 6.41077 6.41607 6.42101 6.42557 6.4297 6.4334 6.43665 6.43941 6.44169 6.44346 6.44472 6.44545 6.44567 6.44535 6.44451 6.44316 6.44129 6.43893 6.43608 6.43276 6.429 6.42481 6.42022 6.41525 6.40993 6.40429 6.39837 6.3922 6.3858 6.37921 6.37247 6.36561 6.35866 6.35166 6.34464 6.33764 6.33068 6.32379 6.317 6.31035 6.30384 6.29752 6.29139 6.28548 6.27981 6.2744 6.26925 6.26437 6.25979 6.25551 6.25154 6.24788 6.24454 6.24152 6.23883 6.23647 6.23444 6.23275 6.23138 6.23036 6.22966 6.2293 
6.22436 6.22469 6.22537 6.22642 6.22781 6.22957 6.23168 6.23415 6.23697 6.24014 6.24367 6.24753 6.25173 6.25627 6.26113 6.2663 6.27178 6.27755 6.2836 6.28991 6.29646 6.30323 6.3102 6.31735 6.32465 6.33207 6.33958 6.34715 6.35475 6.36235 6.36991 6.37739 6.38476 6.39199 6.39903 6.40586 6.41243 6.41871 6.42468 6.43029 6.43551 6.44032 6.4447 6.44861 6.45204 6.45496 6.45737 6.45924 6.46056 6.46134 6.46156 6.46122 6.46033 6.45889 6.45691 6.45441 6.45139 6.44788 6.44389 6.43945 6.43458 6.42932 6.42369 6.41771 6.41144 6.40489 6.3981 6.39112 6.38396 6.37668 6.36931 6.36188 6.35443 6.34699 6.33959 6.33227 6.32505 6.31797 6.31106 6.30432 6.2978 6.29151 6.28547 6.2797 6.27421 6.26901 6.26413 6.25956 6.25532 6.25141 6.24784 6.24461 6.24174 6.23921 6.23704 6.23522 6.23376 6.23265 6.23191 6.23152 
6.22665 6.22699 6.22771 6.22881 6.2303 6.23216 6.23441 6.23703 6.24003 6.2434 6.24714 6.25125 6.25572 6.26054 6.26571 6.27121 6.27703 6.28316 6.28958 6.29628 6.30323 6.31042 6.31781 6.3254 6.33313 6.341 6.34896 6.35698 6.36503 6.37308 6.38108 6.389 6.3968 6.40444 6.41189 6.41911 6.42605 6.43269 6.43899 6.44492 6.45044 6.45552 6.46014 6.46426 6.46788 6.47096 6.4735 6.47547 6.47686 6.47768 6.47791 6.47755 6.4766 6.47508 6.47299 6.47034 6.46715 6.46343 6.45922 6.45452 6.44938 6.44381 6.43785 6.43154 6.42489 6.41796 6.41078 6.40339 6.39582 6.38811 6.38029 6.37242 6.36452 6.35663 6.34879 6.34102 6.33337 6.32585 6.31851 6.31136 6.30443 6.29774 6.29132 6.28518 6.27934 6.27381 6.26861 6.26374 6.25922 6.25506 6.25125 6.24782 6.24475 6.24205 6.23973 6.23779 6.23622 6.23504 6.23423 6.23381 
6.22901 6.22936 6.23012 6.23129 6.23286 6.23484 6.23722 6.24 6.24318 6.24676 6.25074 6.25509 6.25984 6.26495 6.27043 6.27626 6.28243 6.28893 6.29574 6.30284 6.3102 6.31781 6.32565 6.33367 6.34186 6.35018 6.3586 6.36709 6.3756 6.3841 6.39255 6.40092 6.40915 6.41722 6.42508 6.4327 6.44003 6.44703 6.45367 6.45992 6.46573 6.47109 6.47595 6.4803 6.48411 6.48736 6.49002 6.4921 6.49356 6.49442 6.49466 6.49427 6.49328 6.49167 6.48946 6.48666 6.4833 6.47938 6.47493 6.46997 6.46454 6.45867 6.45238 6.44571 6.4387 6.43138 6.42379 6.41598 6.40798 6.39983 6.39157 6.38325 6.37489 6.36654 6.35824 6.35002 6.34191 6.33395 6.32617 6.31859 6.31124 6.30415 6.29734 6.29082 6.28462 6.27875 6.27323 6.26806 6.26325 6.25882 6.25478 6.25112 6.24785 6.24498 6.2425 6.24043 6.23876 6.2375 6.23664 6.23618 
6.23143 6.2318 6.23261 6.23384 6.2355 6.23759 6.24011 6.24306 6.24643 6.25022 6.25443 6.25904 6.26406 6.26948 6.27528 6.28145 6.28798 6.29486 6.30206 6.30956 6.31735 6.3254 6.33367 6.34215 6.3508 6.35959 6.36847 6.37743 6.3864 6.39537 6.40428 6.4131 6.42178 6.43028 6.43856 6.44658 6.4543 6.46167 6.46866 6.47523 6.48135 6.48698 6.4921 6.49667 6.50067 6.50408 6.50688 6.50906 6.5106 6.51149 6.51174 6.51133 6.51028 6.50859 6.50626 6.50332 6.49977 6.49564 6.49096 6.48574 6.48002 6.47384 6.46721 6.46018 6.4528 6.44508 6.43709 6.42885 6.42041 6.41182 6.4031 6.39432 6.3855 6.37668 6.36792 6.35923 6.35066 6.34225 6.33402 6.326 6.31823 6.31073 6.30351 6.29661 6.29004 6.28382 6.27797 6.27249 6.26739 6.26269 6.2584 6.25451 6.25104 6.24799 6.24536 6.24316 6.24138 6.24003 6.23911 6.23862 
6.23392 6.23431 6.23515 6.23645 6.23821 6.24042 6.24308 6.24619 6.24975 6.25376 6.2582 6.26308 6.26839 6.27411 6.28023 6.28675 6.29365 6.30091 6.30851 6.31643 6.32465 6.33313 6.34186 6.3508 6.35992 6.36917 6.37853 6.38796 6.39741 6.40685 6.41623 6.42551 6.43463 6.44357 6.45228 6.4607 6.46881 6.47655 6.48389 6.4908 6.49722 6.50313 6.5085 6.5133 6.51749 6.52107 6.52401 6.52629 6.5279 6.52884 6.52909 6.52867 6.52756 6.52577 6.52333 6.52023 6.51651 6.51217 6.50725 6.50177 6.49576 6.48926 6.48229 6.4749 6.46713 6.45902 6.45061 6.44195 6.43307 6.42402 6.41485 6.40559 6.3963 6.38702 6.37777 6.36862 6.35958 6.35071 6.34203 6.33357 6.32536 6.31744 6.30982 6.30253 6.29558 6.28901 6.28281 6.27701 6.27162 6.26665 6.2621 6.25798 6.2543 6.25107 6.24828 6.24594 6.24406 6.24262 6.24164 6.24112 
6.23646 6.23686 6.23775 6.23912 6.24097 6.2433 6.2461 6.24939 6.25314 6.25737 6.26206 6.2672 6.27279 6.27883 6.28528 6.29216 6.29942 6.30707 6.31508 6.32342 6.33207 6.341 6.35018 6.35959 6.36917 6.37891 6.38875 6.39865 6.40858 6.4185 6.42834 6.43808 6.44766 6.45704 6.46617 6.47501 6.48351 6.49163 6.49932 6.50655 6.51328 6.51948 6.5251 6.53012 6.53452 6.53826 6.54133 6.54372 6.54541 6.54638 6.54665 6.5462 6.54503 6.54316 6.5406 6.53735 6.53344 6.5289 6.52374 6.51799 6.51169 6.50487 6.49756 6.48981 6.48166 6.47315 6.46432 6.45522 6.44589 6.43639 6.42675 6.41703 6.40726 6.3975 6.38778 6.37815 6.36864 6.3593 6.35016 6.34125 6.33261 6.32426 6.31623 6.30854 6.30122 6.29428 6.28774 6.28162 6.27593 6.27067 6.26587 6.26152 6.25763 6.25421 6.25126 6.24879 6.24679 6.24527 6.24423 6.24367 
6.23904 6.23946 6.24039 6.24183 6.24377 6.24622 6.24918 6.25263 6.25659 6.26103 6.26597 6.27138 6.27727 6.28361 6.29041 6.29763 6.30527 6.31331 6.32173 6.33049 6.33958 6.34896 6.3586 6.36847 6.37853 6.38875 6.39907 6.40946 6.41987 6.43026 6.44058 6.45078 6.46081 6.47063 6.48019 6.48944 6.49833 6.50683 6.51488 6.52244 6.52947 6.53595 6.54182 6.54707 6.55167 6.55558 6.55879 6.56128 6.56304 6.56406 6.56433 6.56385 6.56263 6.56068 6.55799 6.5546 6.55051 6.54575 6.54035 6.53434 6.52774 6.5206 6.51296 6.50484 6.49631 6.48739 6.47815 6.46861 6.45884 6.44888 6.43878 6.42858 6.41834 6.40809 6.39789 6.38778 6.3778 6.36799 6.35839 6.34903 6.33994 6.33116 6.32272 6.31463 6.30692 6.29962 6.29274 6.28629 6.2803 6.27476 6.2697 6.26511 6.26101 6.2574 6.25429 6.25168 6.24957 6.24796 6.24686 6.24626 
6.24166 6.2421 6.24307 6.24458 6.24662 6.24919 6.25229 6.25592 6.26007 6.26474 6.26992 6.27561 6.28179 6.28845 6.29558 6.30316 6.31118 6.31961 6.32844 6.33763 6.34715 6.35698 6.36709 6.37743 6.38796 6.39865 6.40946 6.42033 6.43122 6.44209 6.45288 6.46354 6.47403 6.48429 6.49428 6.50394 6.51322 6.52209 6.53049 6.53838 6.54572 6.55248 6.55861 6.56408 6.56887 6.57295 6.5763 6.57889 6.58072 6.58178 6.58206 6.58157 6.58029 6.57824 6.57544 6.5719 6.56763 6.56266 6.55703 6.55075 6.54386 6.5364 6.52841 6.51994 6.51102 6.5017 6.49204 6.48207 6.47185 6.46144 6.45087 6.4402 6.42948 6.41875 6.40807 6.39748 6.38703 6.37674 6.36668 6.35686 6.34733 6.33812 6.32926 6.32077 6.31268 6.30501 6.29779 6.29101 6.28471 6.27889 6.27356 6.26874 6.26443 6.26063 6.25735 6.2546 6.25238 6.25068 6.24952 6.24889 
6.24429 6.24475 6.24577 6.24734 6.24948 6.25218 6.25543 6.25923 6.26358 6.26847 6.2739 6.27986 6.28633 6.29331 6.30078 6.30872 6.31711 6.32594 6.33517 6.34479 6.35475 6.36503 6.3756 6.3864 6.39741 6.40858 6.41987 6.43122 6.44259 6.45393 6.46519 6.47632 6.48725 6.49795 6.50837 6.51843 6.52811 6.53735 6.5461 6.55432 6.56197 6.569 6.57538 6.58108 6.58606 6.5903 6.59378 6.59648 6.59839 6.59949 6.59978 6.59926 6.59793 6.59579 6.59287 6.58918 6.58474 6.57956 6.57369 6.56714 6.55997 6.5522 6.54387 6.53503 6.52574 6.51602 6.50594 6.49554 6.48488 6.474 6.46297 6.45183 6.44063 6.42943 6.41827 6.4072 6.39627 6.38552 6.37499 6.36472 6.35475 6.34511 6.33583 6.32694 6.31847 6.31043 6.30286 6.29575 6.28915 6.28304 6.27746 6.27239 6.26787 6.26388 6.26044 6.25755 6.25521 6.25343 6.2522 6.25154 
6.24694 6.24741 6.24847 6.25012 6.25236 6.25517 6.25857 6.26255 6.2671 6.27222 6.27789 6.28412 6.29089 6.29818 6.30598 6.31428 6.32305 6.33227 6.34191 6.35195 6.36235 6.37308 6.3841 6.39537 6.40685 6.4185 6.43026 6.44209 6.45393 6.46574 6.47747 6.48905 6.50043 6.51157 6.5224 6.53287 6.54294 6.55254 6.56164 6.57018 6.57813 6.58543 6.59206 6.59798 6.60315 6.60756 6.61117 6.61398 6.61595 6.61709 6.61739 6.61685 6.61546 6.61325 6.61021 6.60637 6.60175 6.59637 6.59026 6.58346 6.576 6.56791 6.55925 6.55006 6.54039 6.53028 6.51978 6.50896 6.49786 6.48653 6.47504 6.46343 6.45176 6.44008 6.42845 6.41691 6.4055 6.39428 6.38329 6.37257 6.36216 6.35209 6.3424 6.33311 6.32425 6.31585 6.30793 6.3005 6.29359 6.2872 6.28135 6.27605 6.27131 6.26714 6.26353 6.2605 6.25805 6.25618 6.2549 6.2542 
6.24958 6.25008 6.25118 6.2529 6.25523 6.25817 6.26171 6.26586 6.27061 6.27595 6.28187 6.28837 6.29543 6.30303 6.31117 6.31982 6.32896 6.33857 6.34862 6.35908 6.36991 6.38108 6.39255 6.40428 6.41623 6.42834 6.44058 6.45288 6.46519 6.47747 6.48965 6.50168 6.5135 6.52507 6.53631 6.54718 6.55763 6.56759 6.57703 6.58589 6.59413 6.60171 6.60858 6.61472 6.62008 6.62465 6.62839 6.6313 6.63334 6.63452 6.63483 6.63426 6.63283 6.63053 6.62738 6.62339 6.6186 6.61302 6.60668 6.59962 6.59188 6.58349 6.5745 6.56496 6.55491 6.54441 6.53351 6.52227 6.51073 6.49896 6.48701 6.47494 6.46281 6.45066 6.43856 6.42654 6.41467 6.40299 6.39155 6.38038 6.36953 6.35904 6.34894 6.33925 6.33001 6.32125 6.31298 6.30523 6.29802 6.29135 6.28524 6.27971 6.27475 6.27039 6.26662 6.26345 6.26089 6.25893 6.25759 6.25685 
6.25221 6.25272 6.25387 6.25566 6.25809 6.26115 6.26484 6.26916 6.2741 6.27966 6.28583 6.29259 6.29994 6.30785 6.31632 6.32532 6.33483 6.34482 6.35526 6.36613 6.37739 6.389 6.40092 6.4131 6.42551 6.43808 6.45078 6.46354 6.47632 6.48905 6.50168 6.51415 6.52641 6.53839 6.55004 6.5613 6.57212 6.58244 6.59221 6.60139 6.60992 6.61776 6.62487 6.63122 6.63677 6.64149 6.64536 6.64836 6.65048 6.6517 6.65201 6.65143 6.64994 6.64756 6.64429 6.64017 6.6352 6.62943 6.62287 6.61556 6.60754 6.59885 6.58954 6.57965 6.56924 6.55836 6.54706 6.5354 6.52344 6.51124 6.49884 6.48632 6.47373 6.46112 6.44855 6.43607 6.42374 6.41161 6.39972 6.38811 6.37683 6.36592 6.35541 6.34533 6.33572 6.3266 6.31799 6.30992 6.30241 6.29546 6.2891 6.28333 6.27817 6.27362 6.26969 6.26638 6.26371 6.26167 6.26026 6.25949 
6.25482 6.25534 6.25654 6.25839 6.26091 6.26409 6.26793 6.27242 6.27755 6.28333 6.28973 6.29676 6.30439 6.31261 6.3214 6.33074 6.34061 6.35097 6.36181 6.37309 6.38476 6.3968 6.40915 6.42178 6.43463 6.44766 6.46081 6.47403 6.48725 6.50043 6.5135 6.52641 6.53909 6.55148 6.56353 6.57517 6.58635 6.59702 6.60711 6.61659 6.6254 6.6335 6.64084 6.6474 6.65313 6.658 6.662 6.6651 6.66728 6.66854 6.66887 6.66826 6.66672 6.66426 6.66089 6.65662 6.65149 6.64552 6.63874 6.63119 6.6229 6.61392 6.6043 6.59407 6.58331 6.57206 6.56037 6.54831 6.53593 6.5233 6.51047 6.4975 6.48446 6.4714 6.45838 6.44545 6.43267 6.42009 6.40776 6.39572 6.38402 6.3727 6.36179 6.35133 6.34135 6.33188 6.32294 6.31455 6.30674 6.29952 6.29291 6.28691 6.28154 6.27681 6.27272 6.26928 6.2665 6.26437 6.26291 6.26211 
6.25738 6.25793 6.25916 6.26108 6.26369 6.26699 6.27097 6.27562 6.28094 6.28693 6.29357 6.30085 6.30876 6.31727 6.32638 6.33606 6.34628 6.35702 6.36824 6.37991 6.39199 6.40444 6.41722 6.43028 6.44357 6.45704 6.47063 6.48429 6.49795 6.51157 6.52507 6.53839 6.55148 6.56427 6.5767 6.58871 6.60025 6.61125 6.62166 6.63144 6.64052 6.64887 6.65644 6.66319 6.6691 6.67412 6.67824 6.68143 6.68368 6.68497 6.68531 6.68468 6.68309 6.68055 6.67708 6.67268 6.66739 6.66124 6.65424 6.64645 6.6379 6.62864 6.61871 6.60816 6.59705 6.58544 6.57337 6.56092 6.54814 6.53509 6.52184 6.50844 6.49496 6.48146 6.468 6.45463 6.44141 6.4284 6.41564 6.40318 6.39106 6.37934 6.36804 6.35721 6.34687 6.33706 6.32779 6.3191 6.311 6.30351 6.29665 6.29043 6.28486 6.27995 6.27571 6.27214 6.26925 6.26704 6.26551 6.26468 
6.25989 6.26045 6.26173 6.26372 6.26642 6.26983 6.27394 6.27876 6.28426 6.29046 6.29732 6.30485 6.31303 6.32183 6.33125 6.34125 6.35181 6.36291 6.3745 6.38655 6.39903 6.41189 6.42508 6.43856 6.45228 6.46617 6.48019 6.49428 6.50837 6.5224 6.53631 6.55004 6.56353 6.5767 6.58951 6.60188 6.61375 6.62508 6.63579 6.64585 6.6552 6.66379 6.67157 6.67852 6.6846 6.68976 6.694 6.69728 6.69959 6.70092 6.70126 6.70061 6.69898 6.69637 6.69279 6.68827 6.68282 6.67649 6.66929 6.66127 6.65247 6.64294 6.63271 6.62185 6.61041 6.59844 6.58601 6.57318 6.56001 6.54656 6.53289 6.51908 6.50518 6.49125 6.47736 6.46357 6.44992 6.43649 6.42331 6.41044 6.39793 6.38582 6.37414 6.36295 6.35226 6.34211 6.33253 6.32354 6.31516 6.30741 6.30031 6.29387 6.2881 6.28302 6.27863 6.27493 6.27193 6.26964 6.26807 6.2672 
6.26233 6.26291 6.26423 6.26628 6.26907 6.27259 6.27683 6.2818 6.28749 6.29388 6.30097 6.30874 6.31718 6.32626 6.33597 6.34629 6.35718 6.36862 6.38057 6.393 6.40586 6.41911 6.4327 6.44658 6.4607 6.47501 6.48944 6.50394 6.51843 6.53287 6.54718 6.5613 6.57517 6.58871 6.60188 6.61459 6.62679 6.63843 6.64944 6.65977 6.66937 6.67819 6.68618 6.69332 6.69955 6.70486 6.7092 6.71257 6.71494 6.71631 6.71666 6.71599 6.71431 6.71163 6.70795 6.70331 6.69772 6.69121 6.68382 6.67558 6.66654 6.65674 6.64623 6.63507 6.62331 6.61101 6.59823 6.58503 6.57148 6.55764 6.54359 6.52937 6.51506 6.50073 6.48642 6.47222 6.45816 6.44432 6.43074 6.41748 6.40458 6.39209 6.38006 6.36851 6.35748 6.34701 6.33712 6.32784 6.31919 6.31119 6.30386 6.29721 6.29126 6.286 6.28146 6.27764 6.27455 6.27218 6.27055 6.26965 
6.2647 6.26529 6.26664 6.26876 6.27163 6.27525 6.27963 6.28475 6.29061 6.29719 6.30449 6.31249 6.32118 6.33053 6.34053 6.35115 6.36236 6.37413 6.38642 6.3992 6.41243 6.42605 6.44003 6.4543 6.46881 6.48351 6.49833 6.51322 6.52811 6.54294 6.55763 6.57212 6.58635 6.60025 6.61375 6.62679 6.63931 6.65124 6.66253 6.67312 6.68296 6.692 6.7002 6.70751 6.7139 6.71933 6.72379 6.72724 6.72967 6.73106 6.73142 6.73073 6.72901 6.72626 6.72249 6.71773 6.712 6.70533 6.69775 6.68931 6.68003 6.66998 6.65921 6.64776 6.63569 6.62307 6.60995 6.59641 6.5825 6.5683 6.55386 6.53926 6.52456 6.50983 6.49514 6.48053 6.46609 6.45186 6.4379 6.42426 6.41099 6.39814 6.38575 6.37386 6.36251 6.35173 6.34155 6.33199 6.32309 6.31485 6.30729 6.30044 6.2943 6.28889 6.28421 6.28027 6.27707 6.27463 6.27295 6.27202 
6.26696 6.26757 6.26896 6.27114 6.27409 6.27781 6.28231 6.28757 6.29359 6.30036 6.30786 6.31609 6.32501 6.33462 6.34489 6.3558 6.36731 6.3794 6.39202 6.40514 6.41871 6.43269 6.44703 6.46167 6.47655 6.49163 6.50683 6.52209 6.53735 6.55254 6.56759 6.58244 6.59702 6.61125 6.62508 6.63843 6.65124 6.66345 6.67501 6.68585 6.69591 6.70516 6.71355 6.72103 6.72756 6.73312 6.73768 6.7412 6.74369 6.74511 6.74548 6.74478 6.74301 6.7402 6.73635 6.73148 6.72561 6.71878 6.71103 6.70238 6.69289 6.68261 6.67157 6.65985 6.6475 6.63457 6.62114 6.60726 6.59301 6.57846 6.56366 6.5487 6.53363 6.51853 6.50346 6.48848 6.47366 6.45906 6.44473 6.43073 6.41711 6.40392 6.3912 6.37899 6.36733 6.35626 6.34579 6.33597 6.32682 6.31835 6.31058 6.30353 6.29722 6.29165 6.28684 6.28278 6.2795 6.27699 6.27525 6.2743 
6.26913 6.26975 6.27118 6.2734 6.27643 6.28025 6.28487 6.29026 6.29644 6.30338 6.31107 6.31951 6.32866 6.33851 6.34904 6.36022 6.37202 6.3844 6.39733 6.41077 6.42468 6.43899 6.45367 6.46866 6.48389 6.49932 6.51488 6.53049 6.5461 6.56164 6.57703 6.59221 6.60711 6.62166 6.63579 6.64944 6.66253 6.67501 6.68681 6.69788 6.70816 6.71761 6.72617 6.73381 6.74048 6.74616 6.75081 6.75441 6.75694 6.7584 6.75877 6.75805 6.75625 6.75338 6.74944 6.74447 6.73848 6.73151 6.72358 6.71475 6.70506 6.69455 6.68327 6.67129 6.65867 6.64546 6.63172 6.61754 6.60297 6.58808 6.57295 6.55764 6.54222 6.52677 6.51134 6.49601 6.48084 6.46589 6.45121 6.43687 6.42292 6.40941 6.39637 6.38386 6.37191 6.36055 6.34982 6.33975 6.33036 6.32167 6.31371 6.30648 6.3 6.29428 6.28934 6.28518 6.28181 6.27923 6.27745 6.27647 
6.27117 6.27181 6.27327 6.27554 6.27864 6.28256 6.28728 6.2928 6.29912 6.30623 6.3141 6.32273 6.33209 6.34218 6.35295 6.36438 6.37645 6.38911 6.40234 6.41607 6.43029 6.44492 6.45992 6.47523 6.4908 6.50655 6.52244 6.53838 6.55432 6.57018 6.58589 6.60139 6.61659 6.63144 6.64585 6.65977 6.67312 6.68585 6.69788 6.70917 6.71965 6.72928 6.73801 6.74579 6.75259 6.75838 6.76311 6.76678 6.76937 6.77085 6.77123 6.7705 6.76866 6.76573 6.76172 6.75665 6.75054 6.74343 6.73536 6.72635 6.71647 6.70575 6.69425 6.68203 6.66915 6.65567 6.64166 6.62718 6.61231 6.59711 6.58166 6.56603 6.55029 6.53451 6.51875 6.50309 6.48759 6.47231 6.45731 6.44265 6.42839 6.41457 6.40124 6.38844 6.37621 6.3646 6.35362 6.34331 6.3337 6.32481 6.31665 6.30925 6.30262 6.29677 6.29171 6.28745 6.28399 6.28135 6.27952 6.27852 
6.27308 6.27373 6.27522 6.27755 6.28071 6.28471 6.28953 6.29518 6.30163 6.30889 6.31693 6.32574 6.3353 6.3456 6.35659 6.36826 6.38058 6.3935 6.407 6.42101 6.43551 6.45044 6.46573 6.48135 6.49722 6.51328 6.52947 6.54572 6.56197 6.57813 6.59413 6.60992 6.6254 6.64052 6.6552 6.66937 6.68296 6.69591 6.70816 6.71965 6.73032 6.74012 6.749 6.75692 6.76384 6.76972 6.77454 6.77828 6.7809 6.78241 6.78279 6.78205 6.78018 6.7772 6.77312 6.76796 6.76174 6.75451 6.74629 6.73712 6.72706 6.71615 6.70445 6.692 6.67889 6.66516 6.65089 6.63615 6.621 6.60551 6.58977 6.57384 6.5578 6.54171 6.52564 6.50967 6.49387 6.47828 6.46299 6.44803 6.43348 6.41938 6.40577 6.39271 6.38023 6.36837 6.35716 6.34664 6.33682 6.32774 6.31941 6.31185 6.30507 6.29909 6.29392 6.28956 6.28603 6.28333 6.28147 6.28044 
6.27485 6.27551 6.27703 6.2794 6.28263 6.2867 6.29162 6.29737 6.30395 6.31135 6.31954 6.32852 6.33826 6.34875 6.35995 6.37184 6.38439 6.39755 6.41129 6.42557 6.44032 6.45552 6.47109 6.48698 6.50313 6.51948 6.53595 6.55248 6.569 6.58543 6.60171 6.61776 6.6335 6.64887 6.66379 6.67819 6.692 6.70516 6.71761 6.72928 6.74012 6.75007 6.75909 6.76714 6.77416 6.78014 6.78503 6.78883 6.79149 6.79303 6.79341 6.79266 6.79076 6.78773 6.78358 6.77834 6.77203 6.76468 6.75633 6.74702 6.73679 6.72571 6.71381 6.70117 6.68784 6.67388 6.65938 6.64438 6.62898 6.61324 6.59723 6.58102 6.5647 6.54833 6.53199 6.51574 6.49965 6.48379 6.46821 6.45299 6.43817 6.42381 6.40995 6.39664 6.38393 6.37185 6.36043 6.3497 6.3397 6.33044 6.32195 6.31424 6.30733 6.30124 6.29596 6.29152 6.28792 6.28517 6.28326 6.28221 
6.27647 6.27714 6.27868 6.2811 6.28438 6.28852 6.29352 6.29938 6.30607 6.31359 6.32192 6.33105 6.34096 6.35162 6.36302 6.3751 6.38786 6.40123 6.4152 6.4297 6.4447 6.46014 6.47595 6.4921 6.5085 6.5251 6.54182 6.55861 6.57538 6.59206 6.60858 6.62487 6.64084 6.65644 6.67157 6.68618 6.7002 6.71355 6.72617 6.73801 6.749 6.75909 6.76824 6.7764 6.78352 6.78958 6.79454 6.79838 6.80109 6.80264 6.80304 6.80227 6.80034 6.79727 6.79307 6.78775 6.78135 6.7739 6.76543 6.75599 6.74561 6.73437 6.7223 6.70947 6.69595 6.68179 6.66707 6.65186 6.63622 6.62024 6.60399 6.58754 6.57097 6.55434 6.53774 6.52124 6.5049 6.48878 6.47296 6.45749 6.44243 6.42783 6.41375 6.40022 6.3873 6.37501 6.3634 6.35249 6.34232 6.3329 6.32427 6.31642 6.3094 6.30319 6.29783 6.29331 6.28964 6.28684 6.2849 6.28383 
6.27792 6.2786 6.28017 6.28262 6.28595 6.29016 6.29523 6.30117 6.30797 6.3156 6.32406 6.33332 6.34338 6.3542 6.36576 6.37802 6.39096 6.40453 6.41869 6.4334 6.44861 6.46426 6.4803 6.49667 6.5133 6.53012 6.54707 6.56408 6.58108 6.59798 6.61472 6.63122 6.6474 6.66319 6.67852 6.69332 6.70751 6.72103 6.73381 6.74579 6.75692 6.76714 6.7764 6.78465 6.79186 6.79799 6.80302 6.80691 6.80964 6.81121 6.81161 6.81084 6.80889 6.80578 6.80152 6.79614 6.78966 6.78212 6.77354 6.76398 6.75348 6.74209 6.72987 6.71688 6.70319 6.68885 6.67394 6.65852 6.64268 6.62649 6.61003 6.59336 6.57656 6.55971 6.54289 6.52615 6.50959 6.49325 6.4772 6.46152 6.44624 6.43144 6.41715 6.40343 6.39031 6.37785 6.36606 6.355 6.34467 6.33511 6.32634 6.31838 6.31125 6.30495 6.2995 6.29491 6.29119 6.28834 6.28638 6.28529 
6.2792 6.27989 6.28148 6.28396 6.28733 6.29159 6.29674 6.30275 6.30963 6.31737 6.32593 6.33532 6.3455 6.35646 6.36816 6.38058 6.39368 6.40742 6.42176 6.43665 6.45204 6.46788 6.48411 6.50067 6.51749 6.53452 6.55167 6.56887 6.58606 6.60315 6.62008 6.63677 6.65313 6.6691 6.6846 6.69955 6.7139 6.72756 6.74048 6.75259 6.76384 6.77416 6.78352 6.79186 6.79915 6.80534 6.81042 6.81435 6.81711 6.8187 6.8191 6.81832 6.81635 6.81321 6.80891 6.80347 6.79692 6.78929 6.78063 6.77097 6.76035 6.74884 6.73649 6.72336 6.70951 6.69501 6.67994 6.66435 6.64833 6.63196 6.6153 6.59844 6.58145 6.56441 6.54739 6.53046 6.51369 6.49716 6.48092 6.46504 6.44958 6.43459 6.42013 6.40623 6.39296 6.38033 6.3684 6.35719 6.34673 6.33705 6.32817 6.3201 6.31288 6.3065 6.30098 6.29633 6.29256 6.28967 6.28767 6.28657 
6.2803 6.281 6.2826 6.28511 6.28852 6.29283 6.29803 6.30411 6.31107 6.31888 6.32754 6.33703 6.34732 6.35839 6.37022 6.38277 6.396 6.40988 6.42437 6.43941 6.45496 6.47096 6.48736 6.50408 6.52107 6.53826 6.55558 6.57295 6.5903 6.60756 6.62465 6.64149 6.658 6.67412 6.68976 6.70486 6.71933 6.73312 6.74616 6.75838 6.76972 6.78014 6.78958 6.79799 6.80534 6.81159 6.81671 6.82068 6.82347 6.82507 6.82547 6.82468 6.82269 6.81952 6.81519 6.8097 6.80309 6.7954 6.78666 6.77691 6.7662 6.75458 6.74212 6.72887 6.71489 6.70026 6.68504 6.66931 6.65314 6.63661 6.6198 6.60277 6.58562 6.56841 6.55122 6.53412 6.51719 6.50049 6.48409 6.46805 6.45243 6.43728 6.42267 6.40863 6.39521 6.38246 6.3704 6.35907 6.3485 6.33871 6.32973 6.32158 6.31427 6.30782 6.30224 6.29754 6.29373 6.29081 6.28879 6.28768 
6.28121 6.28192 6.28353 6.28606 6.28951 6.29385 6.2991 6.30523 6.31225 6.32013 6.32887 6.33844 6.34882 6.35999 6.37191 6.38457 6.39792 6.41191 6.42652 6.44169 6.45737 6.4735 6.49002 6.50688 6.52401 6.54133 6.55879 6.5763 6.59378 6.61117 6.62839 6.64536 6.662 6.67824 6.694 6.7092 6.72379 6.73768 6.75081 6.76311 6.77454 6.78503 6.79454 6.80302 6.81042 6.81671 6.82187 6.82586 6.82867 6.83028 6.83069 6.82989 6.82789 6.8247 6.82033 6.8148 6.80815 6.8004 6.79159 6.78177 6.77098 6.75928 6.74673 6.73338 6.7193 6.70456 6.68922 6.67337 6.65708 6.64043 6.62348 6.60632 6.58903 6.57169 6.55436 6.53713 6.52006 6.50322 6.48669 6.47052 6.45477 6.4395 6.42476 6.4106 6.39707 6.38421 6.37204 6.36061 6.34995 6.34008 6.33102 6.3228 6.31543 6.30892 6.30329 6.29854 6.2947 6.29175 6.28972 6.28859 
6.28193 6.28264 6.28427 6.28682 6.29028 6.29466 6.29994 6.30612 6.31318 6.32112 6.32991 6.33954 6.34999 6.36123 6.37324 6.38598 6.39941 6.4135 6.4282 6.44346 6.45924 6.47547 6.4921 6.50906 6.52629 6.54372 6.56128 6.57889 6.59648 6.61398 6.6313 6.64836 6.6651 6.68143 6.69728 6.71257 6.72724 6.7412 6.75441 6.76678 6.77828 6.78883 6.79838 6.80691 6.81435 6.82068 6.82586 6.82988 6.8327 6.83432 6.83473 6.83393 6.83191 6.8287 6.82431 6.81875 6.81206 6.80427 6.79541 6.78554 6.77469 6.76292 6.7503 6.73687 6.72271 6.70788 6.69246 6.67652 6.66014 6.64338 6.62634 6.60908 6.59168 6.57423 6.5568 6.53946 6.52229 6.50535 6.48871 6.47244 6.45659 6.44122 6.42639 6.41214 6.39852 6.38557 6.37333 6.36182 6.35109 6.34115 6.33203 6.32376 6.31633 6.30978 6.30411 6.29934 6.29546 6.2925 6.29045 6.28931 
6.28246 6.28317 6.2848 6.28736 6.29085 6.29524 6.30055 6.30675 6.31385 6.32182 6.33066 6.34033 6.35083 6.36212 6.37418 6.38698 6.40047 6.41462 6.42939 6.44472 6.46056 6.47686 6.49356 6.5106 6.5279 6.54541 6.56304 6.58072 6.59839 6.61595 6.63334 6.65048 6.66728 6.68368 6.69959 6.71494 6.72967 6.74369 6.75694 6.76937 6.7809 6.79149 6.80109 6.80964 6.81711 6.82347 6.82867 6.8327 6.83553 6.83716 6.83757 6.83677 6.83475 6.83152 6.82711 6.82153 6.81482 6.80699 6.7981 6.78819 6.7773 6.76549 6.75281 6.73933 6.72511 6.71023 6.69475 6.67874 6.66229 6.64546 6.62835 6.61102 6.59355 6.57603 6.55852 6.54111 6.52386 6.50685 6.49014 6.47379 6.45788 6.44244 6.42755 6.41323 6.39955 6.38654 6.37425 6.36269 6.35191 6.34192 6.33276 6.32444 6.31699 6.3104 6.30471 6.29991 6.29602 6.29304 6.29098 6.28984 
6.28278 6.28349 6.28513 6.2877 6.29119 6.2956 6.30092 6.30714 6.31426 6.32225 6.33111 6.34081 6.35133 6.36266 6.37475 6.38757 6.4011 6.41529 6.43009 6.44545 6.46134 6.47768 6.49442 6.51149 6.52884 6.54638 6.56406 6.58178 6.59949 6.61709 6.63452 6.6517 6.66854 6.68497 6.70092 6.71631 6.73106 6.74511 6.7584 6.77085 6.78241 6.79303 6.80264 6.81121 6.8187 6.82507 6.83028 6.83432 6.83716 6.83879 6.8392 6.83839 6.83637 6.83314 6.82872 6.82313 6.8164 6.80856 6.79965 6.78971 6.77879 6.76696 6.75425 6.74074 6.72649 6.71157 6.69606 6.68001 6.66352 6.64666 6.62951 6.61214 6.59463 6.57707 6.55952 6.54206 6.52478 6.50772 6.49097 6.47459 6.45863 6.44316 6.42822 6.41388 6.40016 6.38712 6.37479 6.3632 6.35239 6.34238 6.3332 6.32486 6.31738 6.31078 6.30507 6.30026 6.29636 6.29337 6.29131 6.29016 
