7.00768 7.00786 7.00819 7.00865 7.00924 7.00997 7.01083 7.01183 7.01295 7.01421 7.01559 7.0171 7.01874 7.0205 7.02238 7.02437 7.02648 7.02869 7.031 7.03341 7.03591 7.03849 7.04114 7.04386 7.04664 7.04946 7.05231 7.05519 7.05808 7.06097 7.06384 7.0667 7.06951 7.07226 7.07496 7.07757 7.08009 7.0825 7.08479 7.08695 7.08897 7.09083 7.09253 7.09405 7.0954 7.09655 7.0975 7.09825 7.0988 7.09913 7.09925 7.09917 7.09887 7.09836 7.09765 7.09674 7.09563 7.09434 7.09286 7.09122 7.08941 7.08745 7.08536 7.08313 7.0808 7.07836 7.07584 7.07324 7.07058 7.06787 7.06513 7.06237 7.0596 7.05684 7.0541 7.05139 7.04871 7.04609 7.04353 7.04105 7.03864 7.03632 7.03409 7.03197 7.02995 7.02804 7.02625 7.02458 7.02303 7.02162 7.02032 7.01916 7.01814 7.01724 7.01648 7.01586 7.01537 7.01501 7.01479 7.01471 
7.00786 7.00805 7.00838 7.00884 7.00944 7.01017 7.01103 7.01203 7.01316 7.01443 7.01582 7.01734 7.01898 7.02075 7.02264 7.02464 7.02676 7.02898 7.03131 7.03373 7.03624 7.03884 7.04151 7.04424 7.04703 7.04986 7.05273 7.05563 7.05854 7.06144 7.06433 7.0672 7.07003 7.0728 7.07551 7.07813 7.08067 7.08309 7.0854 7.08757 7.0896 7.09147 7.09318 7.09471 7.09606 7.09722 7.09818 7.09893 7.09948 7.09982 7.09994 7.09985 7.09955 7.09904 7.09833 7.09741 7.09629 7.09499 7.09351 7.09185 7.09004 7.08807 7.08596 7.08373 7.08138 7.07892 7.07638 7.07377 7.07109 7.06837 7.06562 7.06284 7.06006 7.05728 7.05452 7.05179 7.0491 7.04647 7.0439 7.04139 7.03897 7.03664 7.0344 7.03226 7.03023 7.02831 7.02651 7.02483 7.02328 7.02185 7.02055 7.01938 7.01835 7.01745 7.01668 7.01605 7.01556 7.0152 7.01498 7.0149 
7.00819 7.00838 7.00871 7.00917 7.00978 7.01052 7.01139 7.01241 7.01355 7.01483 7.01624 7.01778 7.01945 7.02124 7.02315 7.02518 7.02733 7.02958 7.03194 7.0344 7.03694 7.03957 7.04228 7.04505 7.04787 7.05075 7.05366 7.05659 7.05954 7.06248 7.06541 7.06832 7.07118 7.07399 7.07674 7.0794 7.08197 7.08442 7.08676 7.08896 7.09102 7.09291 7.09464 7.0962 7.09756 7.09873 7.0997 7.10047 7.10102 7.10136 7.10149 7.1014 7.10109 7.10058 7.09985 7.09892 7.09779 7.09647 7.09496 7.09329 7.09144 7.08945 7.08731 7.08505 7.08266 7.08018 7.0776 7.07495 7.07224 7.06948 7.06668 7.06387 7.06105 7.05823 7.05543 7.05267 7.04994 7.04727 7.04466 7.04212 7.03966 7.03729 7.03502 7.03285 7.03079 7.02885 7.02702 7.02532 7.02374 7.02229 7.02097 7.01979 7.01873 7.01782 7.01704 7.0164 7.0159 7.01554 7.01531 7.01523 
7.00865 7.00884 7.00917 7.00965 7.01026 7.01102 7.01191 7.01294 7.01411 7.01542 7.01686 7.01843 7.02013 7.02196 7.02392 7.02599 7.02818 7.03049 7.0329 7.0354 7.03801 7.04069 7.04345 7.04628 7.04917 7.05211 7.05508 7.05808 7.06108 7.06409 7.06708 7.07005 7.07298 7.07585 7.07865 7.08136 7.08398 7.08649 7.08887 7.09112 7.09322 7.09515 7.09692 7.0985 7.0999 7.10109 7.10208 7.10286 7.10342 7.10377 7.1039 7.1038 7.10349 7.10296 7.10222 7.10126 7.10011 7.09876 7.09722 7.09551 7.09363 7.09159 7.08941 7.08709 7.08466 7.08212 7.07949 7.07678 7.07401 7.07119 7.06833 7.06546 7.06257 7.05969 7.05684 7.05401 7.05122 7.04849 7.04582 7.04322 7.04071 7.03829 7.03597 7.03375 7.03164 7.02965 7.02778 7.02603 7.02442 7.02293 7.02158 7.02037 7.01929 7.01836 7.01756 7.0169 7.01639 7.01601 7.01578 7.01569 
7.00924 7.00944 7.00978 7.01026 7.01089 7.01167 7.01259 7.01365 7.01485 7.01619 7.01767 7.01929 7.02104 7.02292 7.02494 7.02707 7.02933 7.0317 7.03417 7.03676 7.03943 7.0422 7.04504 7.04795 7.05092 7.05394 7.057 7.06008 7.06317 7.06627 7.06934 7.07239 7.0754 7.07835 7.08123 7.08402 7.08671 7.08929 7.09174 7.09404 7.0962 7.09819 7.1 7.10163 7.10306 7.10428 7.1053 7.1061 7.10667 7.10703 7.10716 7.10706 7.10673 7.10619 7.10542 7.10444 7.10326 7.10187 7.10029 7.09852 7.09659 7.09449 7.09224 7.08986 7.08736 7.08475 7.08204 7.07925 7.0764 7.0735 7.07056 7.0676 7.06463 7.06167 7.05872 7.05581 7.05294 7.05013 7.04738 7.04471 7.04212 7.03962 7.03723 7.03494 7.03277 7.03071 7.02878 7.02698 7.02532 7.02378 7.02239 7.02114 7.02002 7.01905 7.01823 7.01755 7.01701 7.01662 7.01638 7.01628 
7.00997 7.01017 7.01052 7.01102 7.01167 7.01247 7.01342 7.01451 7.01576 7.01715 7.01868 7.02036 7.02217 7.02412 7.0262 7.02842 7.03075 7.03321 7.03577 7.03845 7.04122 7.04408 7.04703 7.05004 7.05312 7.05624 7.05941 7.0626 7.0658 7.069 7.07218 7.07534 7.07845 7.0815 7.08448 7.08736 7.09015 7.09281 7.09534 7.09773 7.09995 7.10201 7.10388 7.10556 7.10704 7.1083 7.10935 7.11017 7.11077 7.11113 7.11126 7.11116 7.11082 7.11026 7.10946 7.10845 7.10722 7.10578 7.10414 7.10231 7.10031 7.09814 7.09581 7.09335 7.09076 7.08805 7.08525 7.08236 7.07941 7.0764 7.07336 7.07029 7.06722 7.06415 7.0611 7.05808 7.0551 7.05219 7.04933 7.04656 7.04388 7.04129 7.0388 7.03643 7.03417 7.03204 7.03004 7.02817 7.02643 7.02484 7.02339 7.02208 7.02093 7.01992 7.01905 7.01834 7.01779 7.01738 7.01712 7.01702 
7.01083 7.01103 7.01139 7.01191 7.01259 7.01342 7.0144 7.01554 7.01684 7.01829 7.01988 7.02163 7.02352 7.02555 7.02772 7.03003 7.03246 7.03502 7.03769 7.04048 7.04337 7.04635 7.04941 7.05255 7.05576 7.05901 7.06231 7.06563 7.06896 7.07229 7.0756 7.07889 7.08212 7.0853 7.08839 7.09139 7.09429 7.09705 7.09969 7.10216 7.10448 7.10661 7.10856 7.1103 7.11183 7.11314 7.11423 7.11508 7.1157 7.11608 7.11621 7.1161 7.11575 7.11515 7.11433 7.11327 7.11199 7.11049 7.10878 7.10688 7.10479 7.10253 7.10011 7.09755 7.09485 7.09203 7.08911 7.08611 7.08303 7.0799 7.07673 7.07353 7.07033 7.06713 7.06395 7.0608 7.0577 7.05466 7.05168 7.04879 7.04599 7.04328 7.04069 7.03821 7.03585 7.03363 7.03153 7.02958 7.02776 7.0261 7.02458 7.02321 7.022 7.02094 7.02003 7.01929 7.0187 7.01827 7.018 7.01788 
7.01183 7.01203 7.01241 7.01294 7.01365 7.01451 7.01554 7.01674 7.01809 7.01961 7.02128 7.0231 7.02508 7.02721 7.02949 7.0319 7.03445 7.03713 7.03993 7.04285 7.04587 7.04899 7.0522 7.05549 7.05884 7.06225 7.06569 7.06916 7.07265 7.07613 7.0796 7.08303 7.08641 7.08973 7.09296 7.09609 7.09912 7.10201 7.10476 7.10734 7.10976 7.11198 7.11401 7.11583 7.11743 7.1188 7.11993 7.12082 7.12146 7.12185 7.12198 7.12186 7.12149 7.12087 7.12 7.11889 7.11755 7.11599 7.1142 7.11221 7.11003 7.10766 7.10513 7.10245 7.09962 7.09668 7.09362 7.09048 7.08726 7.08398 7.08066 7.07732 7.07396 7.07061 7.06728 7.06398 7.06073 7.05754 7.05442 7.05139 7.04845 7.04561 7.04289 7.04028 7.03781 7.03547 7.03327 7.03121 7.02931 7.02755 7.02596 7.02452 7.02324 7.02212 7.02117 7.02038 7.01975 7.0193 7.01901 7.01888 
7.01295 7.01316 7.01355 7.01411 7.01485 7.01576 7.01684 7.01809 7.01952 7.02111 7.02286 7.02478 7.02687 7.0291 7.03149 7.03403 7.03671 7.03953 7.04248 7.04554 7.04872 7.052 7.05538 7.05883 7.06235 7.06593 7.06955 7.0732 7.07686 7.08052 7.08415 7.08775 7.0913 7.09478 7.09817 7.10146 7.10463 7.10766 7.11054 7.11325 7.11578 7.11811 7.12024 7.12214 7.12381 7.12524 7.12643 7.12736 7.12802 7.12843 7.12857 7.12844 7.12805 7.12739 7.12648 7.12531 7.1239 7.12226 7.12038 7.11829 7.116 7.11352 7.11086 7.10804 7.10507 7.10198 7.09877 7.09547 7.09208 7.08864 7.08515 7.08163 7.0781 7.07458 7.07107 7.0676 7.06418 7.06082 7.05754 7.05435 7.05125 7.04826 7.04539 7.04265 7.04004 7.03757 7.03525 7.03308 7.03106 7.02921 7.02752 7.026 7.02465 7.02346 7.02245 7.02161 7.02095 7.02046 7.02015 7.02001 
7.01421 7.01443 7.01483 7.01542 7.01619 7.01715 7.01829 7.01961 7.02111 7.02278 7.02464 7.02666 7.02886 7.03122 7.03375 7.03643 7.03925 7.04223 7.04533 7.04857 7.05192 7.05538 7.05894 7.06258 7.0663 7.07007 7.07388 7.07773 7.08158 7.08543 7.08926 7.09306 7.09679 7.10045 7.10402 7.10748 7.11081 7.114 7.11703 7.11988 7.12254 7.12499 7.12722 7.12922 7.13097 7.13247 7.13371 7.13469 7.13539 7.13581 7.13595 7.13581 7.1354 7.13471 7.13374 7.13251 7.13103 7.12929 7.12732 7.12511 7.1227 7.12008 7.11728 7.11431 7.11118 7.10792 7.10454 7.10106 7.09749 7.09386 7.09018 7.08647 7.08275 7.07903 7.07533 7.07167 7.06806 7.06451 7.06104 7.05767 7.05439 7.05123 7.0482 7.0453 7.04253 7.03992 7.03746 7.03516 7.03303 7.03106 7.02927 7.02766 7.02622 7.02496 7.02389 7.02299 7.02229 7.02176 7.02142 7.02127 
7.01559 7.01582 7.01624 7.01686 7.01767 7.01868 7.01988 7.02128 7.02286 7.02464 7.0266 7.02874 7.03107 7.03357 7.03624 7.03907 7.04206 7.04521 7.0485 7.05192 7.05547 7.05912 7.06289 7.06674 7.07066 7.07465 7.07868 7.08274 7.08681 7.09088 7.09492 7.09892 7.10286 7.10672 7.11049 7.11414 7.11765 7.12101 7.1242 7.12721 7.13001 7.13259 7.13494 7.13704 7.13889 7.14047 7.14177 7.14279 7.14353 7.14397 7.14411 7.14397 7.14352 7.14279 7.14177 7.14047 7.1389 7.13707 7.13498 7.13265 7.1301 7.12734 7.12438 7.12124 7.11794 7.1145 7.11092 7.10724 7.10347 7.09964 7.09575 7.09182 7.08789 7.08395 7.08004 7.07616 7.07234 7.06859 7.06491 7.06134 7.05787 7.05452 7.0513 7.04822 7.04529 7.04252 7.03991 7.03747 7.0352 7.03311 7.03121 7.02949 7.02796 7.02662 7.02547 7.02452 7.02376 7.0232 7.02283 7.02266 
7.0171 7.01734 7.01778 7.01843 7.01929 7.02036 7.02163 7.0231 7.02478 7.02666 7.02874 7.03102 7.03348 7.03613 7.03896 7.04196 7.04514 7.04847 7.05196 7.05558 7.05934 7.06322 7.0672 7.07128 7.07544 7.07966 7.08392 7.08822 7.09253 7.09683 7.1011 7.10534 7.1095 7.11358 7.11756 7.12142 7.12513 7.12868 7.13205 7.13522 7.13817 7.1409 7.14337 7.14559 7.14754 7.14921 7.15058 7.15165 7.15242 7.15289 7.15304 7.15288 7.1524 7.15163 7.15055 7.14917 7.14751 7.14556 7.14336 7.1409 7.1382 7.13527 7.13214 7.12882 7.12533 7.12168 7.1179 7.11401 7.11002 7.10595 7.10183 7.09768 7.09351 7.08934 7.08519 7.08108 7.07703 7.07304 7.06915 7.06535 7.06167 7.05811 7.0547 7.05142 7.04831 7.04536 7.04258 7.03999 7.03757 7.03535 7.03332 7.03149 7.02985 7.02842 7.0272 7.02618 7.02537 7.02476 7.02437 7.02418 
7.01874 7.01898 7.01945 7.02013 7.02104 7.02217 7.02352 7.02508 7.02687 7.02886 7.03107 7.03348 7.03609 7.03891 7.04191 7.0451 7.04847 7.05201 7.05571 7.05956 7.06354 7.06766 7.07188 7.0762 7.08061 7.08508 7.08961 7.09416 7.09872 7.10328 7.10781 7.11228 7.1167 7.12102 7.12522 7.1293 7.13323 7.13698 7.14054 7.14389 7.14701 7.14989 7.15251 7.15485 7.15691 7.15866 7.16011 7.16124 7.16205 7.16254 7.16269 7.16252 7.16202 7.16119 7.16004 7.15858 7.15682 7.15476 7.15243 7.14982 7.14696 7.14386 7.14055 7.13703 7.13333 7.12947 7.12546 7.12133 7.1171 7.11279 7.10843 7.10402 7.09959 7.09517 7.09077 7.08641 7.0821 7.07788 7.07374 7.0697 7.06579 7.06201 7.05837 7.05489 7.05158 7.04844 7.04548 7.04272 7.04014 7.03777 7.03561 7.03365 7.03191 7.03038 7.02907 7.02798 7.02711 7.02646 7.02603 7.02582 
7.0205 7.02075 7.02124 7.02196 7.02292 7.02412 7.02555 7.02721 7.0291 7.03122 7.03357 7.03613 7.03891 7.0419 7.04509 7.04848 7.05205 7.05581 7.05974 7.06383 7.06806 7.07243 7.07691 7.0815 7.08618 7.09092 7.09571 7.10054 7.10538 7.11021 7.11501 7.11975 7.12442 7.129 7.13345 7.13777 7.14192 7.14589 7.14966 7.1532 7.15651 7.15955 7.16231 7.16479 7.16696 7.16881 7.17034 7.17154 7.17239 7.1729 7.17306 7.17287 7.17233 7.17145 7.17024 7.16869 7.16682 7.16464 7.16216 7.1594 7.15637 7.15309 7.14957 7.14584 7.14192 7.13783 7.13358 7.1292 7.12471 7.12014 7.11551 7.11083 7.10614 7.10144 7.09677 7.09214 7.08756 7.08307 7.07867 7.07438 7.07022 7.0662 7.06233 7.05862 7.0551 7.05175 7.0486 7.04565 7.04291 7.04038 7.03807 7.03598 7.03412 7.03248 7.03108 7.02991 7.02898 7.02828 7.02782 7.02759 
7.02238 7.02264 7.02315 7.02392 7.02494 7.0262 7.02772 7.02949 7.03149 7.03375 7.03624 7.03896 7.04191 7.04509 7.04848 7.05208 7.05588 7.05988 7.06405 7.06839 7.07289 7.07752 7.08228 7.08715 7.09211 7.09715 7.10223 7.10735 7.11248 7.1176 7.12269 7.12771 7.13266 7.13751 7.14223 7.1468 7.15119 7.1554 7.15938 7.16313 7.16662 7.16984 7.17276 7.17538 7.17767 7.17963 7.18124 7.1825 7.1834 7.18394 7.1841 7.1839 7.18333 7.18239 7.1811 7.17946 7.17748 7.17516 7.17254 7.16961 7.1664 7.16292 7.15919 7.15524 7.15108 7.14674 7.14223 7.13759 7.13283 7.12798 7.12306 7.1181 7.11312 7.10813 7.10317 7.09825 7.09339 7.08861 7.08393 7.07937 7.07495 7.07067 7.06655 7.06261 7.05885 7.05529 7.05193 7.04878 7.04586 7.04316 7.0407 7.03847 7.03647 7.03473 7.03323 7.03198 7.03097 7.03022 7.02972 7.02948 
7.02437 7.02464 7.02518 7.02599 7.02707 7.02842 7.03003 7.0319 7.03403 7.03643 7.03907 7.04196 7.0451 7.04848 7.05208 7.05591 7.05995 7.06419 7.06862 7.07323 7.078 7.08293 7.08798 7.09315 7.09841 7.10375 7.10915 7.11457 7.12001 7.12544 7.13083 7.13615 7.1414 7.14653 7.15152 7.15636 7.16101 7.16546 7.16968 7.17364 7.17733 7.18074 7.18383 7.18659 7.18901 7.19108 7.19278 7.19411 7.19506 7.19562 7.19579 7.19557 7.19496 7.19397 7.1926 7.19086 7.18875 7.1863 7.18352 7.18042 7.17701 7.17333 7.16938 7.16519 7.16078 7.15618 7.1514 7.14648 7.14143 7.13629 7.13107 7.1258 7.12051 7.11522 7.10995 7.10472 7.09956 7.09449 7.08952 7.08467 7.07996 7.07541 7.07103 7.06683 7.06283 7.05904 7.05546 7.05211 7.04899 7.04611 7.04348 7.0411 7.03898 7.03711 7.03551 7.03417 7.03309 7.03229 7.03175 7.03148 
7.02648 7.02676 7.02733 7.02818 7.02933 7.03075 7.03246 7.03445 7.03671 7.03925 7.04206 7.04514 7.04847 7.05205 7.05588 7.05995 7.06424 7.06874 7.07345 7.07834 7.0834 7.08863 7.09399 7.09947 7.10505 7.11071 7.11643 7.12219 7.12795 7.1337 7.1394 7.14504 7.15059 7.15603 7.16131 7.16643 7.17135 7.17606 7.18051 7.18471 7.18861 7.1922 7.19547 7.19839 7.20095 7.20313 7.20493 7.20633 7.20732 7.20791 7.20809 7.20785 7.2072 7.20615 7.2047 7.20285 7.20062 7.19803 7.19508 7.19179 7.18819 7.18428 7.1801 7.17566 7.17099 7.16611 7.16105 7.15584 7.15049 7.14504 7.1395 7.13392 7.12831 7.12269 7.1171 7.11155 7.10607 7.10068 7.0954 7.09025 7.08525 7.08041 7.07575 7.07129 7.06703 7.06299 7.05919 7.05562 7.0523 7.04923 7.04643 7.04389 7.04162 7.03963 7.03791 7.03648 7.03533 7.03446 7.03388 7.03359 
7.02869 7.02898 7.02958 7.03049 7.0317 7.03321 7.03502 7.03713 7.03953 7.04223 7.04521 7.04847 7.05201 7.05581 7.05988 7.06419 7.06874 7.07352 7.07851 7.0837 7.08907 7.09461 7.10029 7.1061 7.11202 7.11802 7.12407 7.13016 7.13627 7.14235 7.14839 7.15436 7.16023 7.16598 7.17157 7.17698 7.18218 7.18715 7.19186 7.19629 7.20041 7.20421 7.20765 7.21074 7.21343 7.21574 7.21763 7.21911 7.22016 7.22077 7.22096 7.2207 7.22001 7.2189 7.21736 7.2154 7.21304 7.2103 7.20718 7.2037 7.19988 7.19575 7.19133 7.18663 7.18169 7.17652 7.17117 7.16564 7.15998 7.1542 7.14834 7.14242 7.13647 7.13052 7.12459 7.11871 7.1129 7.10718 7.10157 7.09611 7.09079 7.08566 7.08071 7.07596 7.07144 7.06715 7.0631 7.0593 7.05577 7.0525 7.04951 7.04681 7.04439 7.04227 7.04044 7.03891 7.03768 7.03675 7.03613 7.03581 
7.031 7.03131 7.03194 7.0329 7.03417 7.03577 7.03769 7.03993 7.04248 7.04533 7.0485 7.05196 7.05571 7.05974 7.06405 7.06862 7.07345 7.07851 7.0838 7.0893 7.09499 7.10085 7.10687 7.11302 7.11929 7.12563 7.13204 7.13849 7.14494 7.15137 7.15776 7.16407 7.17027 7.17634 7.18225 7.18797 7.19346 7.19871 7.20368 7.20835 7.2127 7.21671 7.22034 7.22359 7.22644 7.22887 7.23086 7.23241 7.23352 7.23416 7.23435 7.23408 7.23335 7.23217 7.23054 7.22847 7.22598 7.22307 7.21978 7.2161 7.21207 7.2077 7.20302 7.19805 7.19283 7.18737 7.1817 7.17586 7.16987 7.16375 7.15755 7.15129 7.14499 7.13869 7.13241 7.12617 7.12002 7.11396 7.10802 7.10222 7.09658 7.09113 7.08588 7.08085 7.07604 7.07148 7.06718 7.06315 7.05939 7.05592 7.05274 7.04986 7.04729 7.04503 7.04308 7.04145 7.04014 7.03915 7.03848 7.03814 
7.03341 7.03373 7.0344 7.0354 7.03676 7.03845 7.04048 7.04285 7.04554 7.04857 7.05192 7.05558 7.05956 7.06383 7.06839 7.07323 7.07834 7.0837 7.0893 7.09512 7.10114 7.10734 7.11371 7.12021 7.12683 7.13354 7.14032 7.14713 7.15394 7.16074 7.16748 7.17414 7.18069 7.1871 7.19333 7.19936 7.20516 7.21069 7.21593 7.22086 7.22544 7.22966 7.23349 7.23692 7.23991 7.24247 7.24457 7.2462 7.24736 7.24804 7.24823 7.24794 7.24717 7.24592 7.24419 7.24201 7.23938 7.23631 7.23283 7.22895 7.22469 7.22008 7.21514 7.2099 7.20438 7.19861 7.19263 7.18645 7.18012 7.17367 7.16711 7.16049 7.15383 7.14716 7.14052 7.13393 7.12741 7.12099 7.11471 7.10857 7.1026 7.09682 7.09126 7.08592 7.08083 7.07599 7.07143 7.06715 7.06316 7.05948 7.0561 7.05304 7.05031 7.0479 7.04583 7.04409 7.04269 7.04164 7.04092 7.04055 
7.03591 7.03624 7.03694 7.03801 7.03943 7.04122 7.04337 7.04587 7.04872 7.05192 7.05547 7.05934 7.06354 7.06806 7.07289 7.078 7.0834 7.08907 7.09499 7.10114 7.1075 7.11406 7.12078 7.12765 7.13464 7.14172 7.14887 7.15606 7.16325 7.17042 7.17753 7.18455 7.19145 7.19821 7.20477 7.21112 7.21723 7.22306 7.22858 7.23376 7.23859 7.24303 7.24706 7.25066 7.25381 7.2565 7.2587 7.26042 7.26164 7.26235 7.26255 7.26224 7.26142 7.2601 7.25828 7.25598 7.2532 7.24997 7.2463 7.24221 7.23772 7.23286 7.22765 7.22212 7.2163 7.21022 7.20391 7.1974 7.19072 7.1839 7.17698 7.16999 7.16296 7.15592 7.14891 7.14194 7.13505 7.12827 7.12162 7.11513 7.10882 7.10271 7.09682 7.09117 7.08578 7.08066 7.07583 7.07129 7.06706 7.06316 7.05958 7.05634 7.05343 7.05088 7.04868 7.04683 7.04535 7.04422 7.04346 7.04306 
7.03849 7.03884 7.03957 7.04069 7.0422 7.04408 7.04635 7.04899 7.052 7.05538 7.05912 7.06322 7.06766 7.07243 7.07752 7.08293 7.08863 7.09461 7.10085 7.10734 7.11406 7.12097 7.12806 7.1353 7.14267 7.15014 7.15767 7.16524 7.17282 7.18037 7.18786 7.19525 7.20252 7.20962 7.21653 7.22321 7.22963 7.23576 7.24157 7.24702 7.25209 7.25676 7.26099 7.26477 7.26808 7.2709 7.27322 7.27502 7.2763 7.27704 7.27725 7.27692 7.27605 7.27466 7.27274 7.27032 7.2674 7.264 7.26013 7.25583 7.2511 7.24599 7.2405 7.23468 7.22855 7.22215 7.2155 7.20864 7.20161 7.19442 7.18713 7.17977 7.17235 7.16493 7.15753 7.15018 7.14292 7.13576 7.12874 7.12189 7.11523 7.10877 7.10255 7.09658 7.09088 7.08547 7.08036 7.07556 7.07109 7.06695 7.06317 7.05973 7.05666 7.05395 7.05162 7.04966 7.04808 7.04689 7.04608 7.04565 
7.04114 7.04151 7.04228 7.04345 7.04504 7.04703 7.04941 7.0522 7.05538 7.05894 7.06289 7.0672 7.07188 7.07691 7.08228 7.08798 7.09399 7.10029 7.10687 7.11371 7.12078 7.12806 7.13553 7.14315 7.15091 7.15877 7.16669 7.17466 7.18262 7.19056 7.19843 7.20621 7.21384 7.22131 7.22857 7.23559 7.24233 7.24876 7.25486 7.26058 7.2659 7.2708 7.27524 7.27921 7.28268 7.28564 7.28806 7.28995 7.29128 7.29206 7.29227 7.29192 7.29101 7.28955 7.28754 7.28499 7.28192 7.27834 7.27428 7.26976 7.26479 7.25941 7.25365 7.24753 7.24109 7.23436 7.22737 7.22016 7.21275 7.2052 7.19753 7.18978 7.18198 7.17416 7.16637 7.15863 7.15098 7.14344 7.13605 7.12882 7.1218 7.11499 7.10843 7.10213 7.09612 7.09041 7.08501 7.07994 7.07522 7.07086 7.06685 7.06322 7.05997 7.05711 7.05464 7.05257 7.0509 7.04963 7.04877 7.04831 
7.04386 7.04424 7.04505 7.04628 7.04795 7.05004 7.05255 7.05549 7.05883 7.06258 7.06674 7.07128 7.0762 7.0815 7.08715 7.09315 7.09947 7.1061 7.11302 7.12021 7.12765 7.1353 7.14315 7.15117 7.15932 7.16757 7.1759 7.18426 7.19263 7.20096 7.20922 7.21738 7.22539 7.23322 7.24084 7.24819 7.25526 7.26201 7.2684 7.27439 7.27997 7.2851 7.28975 7.29391 7.29754 7.30064 7.30318 7.30515 7.30655 7.30735 7.30757 7.3072 7.30625 7.30471 7.3026 7.29992 7.2967 7.29295 7.28869 7.28394 7.27874 7.27309 7.26705 7.26063 7.25387 7.2468 7.23946 7.23189 7.22412 7.21619 7.20813 7.19999 7.19179 7.18358 7.17539 7.16726 7.15921 7.15128 7.1435 7.1359 7.12851 7.12135 7.11444 7.10781 7.10147 7.09545 7.08977 7.08443 7.07945 7.07484 7.07062 7.06679 7.06337 7.06034 7.05774 7.05555 7.05378 7.05244 7.05153 7.05104 
7.04664 7.04703 7.04787 7.04917 7.05092 7.05312 7.05576 7.05884 7.06235 7.0663 7.07066 7.07544 7.08061 7.08618 7.09211 7.09841 7.10505 7.11202 7.11929 7.12683 7.13464 7.14267 7.15091 7.15932 7.16787 7.17652 7.18525 7.19402 7.20279 7.21152 7.22018 7.22872 7.23712 7.24532 7.25329 7.26099 7.26839 7.27545 7.28213 7.28841 7.29424 7.29961 7.30447 7.30882 7.31261 7.31585 7.3185 7.32057 7.32202 7.32286 7.32309 7.3227 7.3217 7.32008 7.31787 7.31507 7.31169 7.30777 7.30331 7.29833 7.29288 7.28697 7.28064 7.27392 7.26683 7.25943 7.25174 7.24381 7.23566 7.22735 7.2189 7.21036 7.20176 7.19315 7.18456 7.17602 7.16757 7.15925 7.15108 7.1431 7.13533 7.12781 7.12055 7.11358 7.10692 7.10059 7.09461 7.08899 7.08376 7.07891 7.07447 7.07043 7.06682 7.06364 7.06089 7.05859 7.05672 7.05531 7.05434 7.05383 
7.04946 7.04986 7.05075 7.05211 7.05394 7.05624 7.05901 7.06225 7.06593 7.07007 7.07465 7.07966 7.08508 7.09092 7.09715 7.10375 7.11071 7.11802 7.12563 7.13354 7.14172 7.15014 7.15877 7.16757 7.17652 7.18559 7.19472 7.2039 7.21307 7.22221 7.23126 7.2402 7.24897 7.25755 7.26588 7.27393 7.28166 7.28904 7.29602 7.30257 7.30866 7.31426 7.31934 7.32387 7.32784 7.33122 7.33398 7.33613 7.33765 7.33853 7.33876 7.33835 7.3373 7.33561 7.33329 7.33036 7.32684 7.32273 7.31807 7.31287 7.30717 7.301 7.29438 7.28734 7.27994 7.2722 7.26416 7.25585 7.24733 7.23863 7.22979 7.22085 7.21185 7.20283 7.19383 7.18489 7.17604 7.16732 7.15876 7.15039 7.14225 7.13436 7.12674 7.11943 7.11244 7.1058 7.09952 7.09363 7.08813 7.08303 7.07837 7.07413 7.07033 7.06699 7.0641 7.06167 7.05971 7.05822 7.0572 7.05665 
7.05231 7.05273 7.05366 7.05508 7.057 7.05941 7.06231 7.06569 7.06955 7.07388 7.07868 7.08392 7.08961 7.09571 7.10223 7.10915 7.11643 7.12407 7.13204 7.14032 7.14887 7.15767 7.16669 7.1759 7.18525 7.19472 7.20427 7.21385 7.22344 7.23298 7.24243 7.25176 7.26091 7.26986 7.27855 7.28695 7.29502 7.30271 7.30999 7.31682 7.32317 7.329 7.3343 7.33902 7.34315 7.34667 7.34955 7.35179 7.35337 7.35428 7.35452 7.35409 7.35299 7.35122 7.34881 7.34575 7.34207 7.33779 7.33292 7.3275 7.32155 7.31511 7.3082 7.30086 7.29313 7.28505 7.27665 7.26799 7.25909 7.25 7.24076 7.23142 7.22202 7.21259 7.20319 7.19384 7.18458 7.17546 7.16651 7.15775 7.14923 7.14097 7.133 7.12534 7.11802 7.11106 7.10449 7.09831 7.09254 7.0872 7.08231 7.07787 7.07388 7.07037 7.06734 7.06479 7.06273 7.06116 7.06009 7.05952 
7.05519 7.05563 7.05659 7.05808 7.06008 7.0626 7.06563 7.06916 7.0732 7.07773 7.08274 7.08822 7.09416 7.10054 7.10735 7.11457 7.12219 7.13016 7.13849 7.14713 7.15606 7.16524 7.17466 7.18426 7.19402 7.2039 7.21385 7.22385 7.23384 7.24378 7.25363 7.26335 7.27289 7.28221 7.29126 7.30001 7.30841 7.31641 7.32399 7.3311 7.33771 7.34378 7.34929 7.3542 7.3585 7.36215 7.36515 7.36747 7.36911 7.37006 7.3703 7.36985 7.36871 7.36687 7.36435 7.36117 7.35733 7.35287 7.34781 7.34216 7.33596 7.32925 7.32205 7.31441 7.30636 7.29794 7.28919 7.28015 7.27088 7.2614 7.25177 7.24203 7.23222 7.22239 7.21257 7.20282 7.19316 7.18364 7.17429 7.16514 7.15624 7.14761 7.13928 7.13128 7.12363 7.11636 7.10948 7.10301 7.09698 7.0914 7.08628 7.08163 7.07746 7.07378 7.07061 7.06794 7.06578 7.06414 7.06301 7.06241 
7.05808 7.05854 7.05954 7.06108 7.06317 7.0658 7.06896 7.07265 7.07686 7.08158 7.08681 7.09253 7.09872 7.10538 7.11248 7.12001 7.12795 7.13627 7.14494 7.15394 7.16325 7.17282 7.18262 7.19263 7.20279 7.21307 7.22344 7.23384 7.24423 7.25458 7.26483 7.27493 7.28485 7.29454 7.30396 7.31305 7.32177 7.33009 7.33796 7.34535 7.35221 7.35852 7.36424 7.36934 7.3738 7.3776 7.38071 7.38312 7.38482 7.3858 7.38605 7.38558 7.38438 7.38247 7.37985 7.37654 7.37256 7.36792 7.36266 7.35679 7.35035 7.34337 7.33588 7.32794 7.31956 7.3108 7.3017 7.2923 7.28265 7.27279 7.26277 7.25263 7.24242 7.23218 7.22196 7.2118 7.20173 7.19181 7.18207 7.17254 7.16326 7.15426 7.14557 7.13723 7.12925 7.12166 7.11448 7.10773 7.10144 7.09561 7.09026 7.0854 7.08105 7.07721 7.07389 7.0711 7.06884 7.06712 7.06594 7.0653 
7.06097 7.06144 7.06248 7.06409 7.06627 7.069 7.07229 7.07613 7.08052 7.08543 7.09088 7.09683 7.10328 7.11021 7.1176 7.12544 7.1337 7.14235 7.15137 7.16074 7.17042 7.18037 7.19056 7.20096 7.21152 7.22221 7.23298 7.24378 7.25458 7.26532 7.27596 7.28645 7.29675 7.30681 7.31657 7.32601 7.33506 7.34369 7.35185 7.35951 7.36663 7.37317 7.37909 7.38438 7.389 7.39294 7.39616 7.39866 7.40042 7.40143 7.40169 7.4012 7.39996 7.39797 7.39525 7.39182 7.38769 7.38287 7.37741 7.37132 7.36464 7.35739 7.34963 7.34138 7.33269 7.32359 7.31414 7.30439 7.29436 7.28412 7.27371 7.26318 7.25257 7.24193 7.2313 7.22074 7.21027 7.19995 7.18982 7.17991 7.17025 7.16089 7.15184 7.14316 7.13485 7.12694 7.11947 7.11244 7.10588 7.09981 7.09423 7.08917 7.08463 7.08062 7.07716 7.07425 7.07189 7.0701 7.06887 7.0682 
7.06384 7.06433 7.06541 7.06708 7.06934 7.07218 7.0756 7.0796 7.08415 7.08926 7.09492 7.1011 7.10781 7.11501 7.12269 7.13083 7.1394 7.14839 7.15776 7.16748 7.17753 7.18786 7.19843 7.20922 7.22018 7.23126 7.24243 7.25363 7.26483 7.27596 7.28699 7.29786 7.30853 7.31895 7.32907 7.33883 7.34821 7.35714 7.36559 7.37352 7.38089 7.38765 7.39379 7.39926 7.40404 7.40811 7.41144 7.41402 7.41584 7.41689 7.41715 7.41664 7.41536 7.4133 7.41049 7.40693 7.40265 7.39766 7.392 7.3857 7.37878 7.37127 7.36323 7.35468 7.34568 7.33625 7.32646 7.31635 7.30596 7.29534 7.28455 7.27362 7.26262 7.25158 7.24056 7.2296 7.21874 7.20803 7.19751 7.18721 7.17719 7.16746 7.15807 7.14904 7.14041 7.13219 7.12442 7.11712 7.1103 7.10398 7.09818 7.09291 7.08819 7.08402 7.08042 7.07739 7.07494 7.07307 7.07178 7.07109 
7.0667 7.0672 7.06832 7.07005 7.07239 7.07534 7.07889 7.08303 7.08775 7.09306 7.09892 7.10534 7.11228 7.11975 7.12771 7.13615 7.14504 7.15436 7.16407 7.17414 7.18455 7.19525 7.20621 7.21738 7.22872 7.2402 7.25176 7.26335 7.27493 7.28645 7.29786 7.30911 7.32014 7.33092 7.34138 7.35147 7.36116 7.3704 7.37913 7.38732 7.39493 7.40192 7.40826 7.41391 7.41885 7.42305 7.42649 7.42915 7.43103 7.43211 7.43238 7.43185 7.43052 7.42839 7.42548 7.4218 7.41738 7.41223 7.40638 7.39986 7.3927 7.38494 7.37663 7.36779 7.35847 7.34873 7.3386 7.32814 7.31739 7.3064 7.29523 7.28393 7.27253 7.26111 7.24969 7.23834 7.22709 7.216 7.2051 7.19443 7.18404 7.17395 7.16422 7.15486 7.1459 7.13738 7.12932 7.12174 7.11466 7.10811 7.10209 7.09662 7.09172 7.08739 7.08365 7.0805 7.07795 7.076 7.07467 7.07395 
7.06951 7.07003 7.07118 7.07298 7.0754 7.07845 7.08212 7.08641 7.0913 7.09679 7.10286 7.1095 7.1167 7.12442 7.13266 7.1414 7.15059 7.16023 7.17027 7.18069 7.19145 7.20252 7.21384 7.22539 7.23712 7.24897 7.26091 7.27289 7.28485 7.29675 7.30853 7.32014 7.33154 7.34265 7.35345 7.36387 7.37386 7.38339 7.3924 7.40085 7.40869 7.4159 7.42244 7.42826 7.43335 7.43768 7.44123 7.44397 7.44591 7.44702 7.4473 7.44675 7.44537 7.44318 7.44017 7.43638 7.43181 7.4265 7.42046 7.41373 7.40635 7.39834 7.38976 7.38064 7.37102 7.36096 7.35051 7.3397 7.3286 7.31726 7.30572 7.29404 7.28227 7.27046 7.25866 7.24692 7.2353 7.22382 7.21255 7.20152 7.19077 7.18034 7.17026 7.16057 7.15131 7.14249 7.13414 7.12629 7.11896 7.11217 7.10594 7.10027 7.09519 7.09071 7.08683 7.08356 7.08092 7.0789 7.07752 7.07676 
7.07226 7.0728 7.07399 7.07585 7.07835 7.0815 7.0853 7.08973 7.09478 7.10045 7.10672 7.11358 7.12102 7.129 7.13751 7.14653 7.15603 7.16598 7.17634 7.1871 7.19821 7.20962 7.22131 7.23322 7.24532 7.25755 7.26986 7.28221 7.29454 7.30681 7.31895 7.33092 7.34265 7.35411 7.36523 7.37596 7.38625 7.39606 7.40534 7.41404 7.42212 7.42954 7.43626 7.44226 7.4475 7.45195 7.4556 7.45842 7.46041 7.46155 7.46184 7.46127 7.45985 7.45759 7.4545 7.45059 7.44589 7.44041 7.43419 7.42727 7.41966 7.41141 7.40257 7.39317 7.38327 7.3729 7.36213 7.35099 7.33955 7.32785 7.31595 7.30391 7.29177 7.27959 7.26742 7.25531 7.24331 7.23147 7.21984 7.20845 7.19735 7.18658 7.17617 7.16617 7.15659 7.14748 7.13886 7.13075 7.12317 7.11615 7.1097 7.10385 7.09859 7.09396 7.08994 7.08657 7.08383 7.08174 7.08031 7.07953 
7.07496 7.07551 7.07674 7.07865 7.08123 7.08448 7.08839 7.09296 7.09817 7.10402 7.11049 7.11756 7.12522 7.13345 7.14223 7.15152 7.16131 7.17157 7.18225 7.19333 7.20477 7.21653 7.22857 7.24084 7.25329 7.26588 7.27855 7.29126 7.30396 7.31657 7.32907 7.34138 7.35345 7.36523 7.37666 7.3877 7.39828 7.40836 7.4179 7.42684 7.43514 7.44276 7.44967 7.45583 7.46122 7.46579 7.46954 7.47244 7.47448 7.47565 7.47594 7.47535 7.4739 7.47157 7.46839 7.46437 7.45954 7.45391 7.44752 7.44039 7.43257 7.4241 7.415 7.40534 7.39515 7.38449 7.3734 7.36195 7.35017 7.33814 7.32589 7.3135 7.301 7.28846 7.27593 7.26346 7.25111 7.23891 7.22692 7.21519 7.20375 7.19265 7.18193 7.17161 7.16174 7.15234 7.14345 7.13509 7.12727 7.12003 7.11338 7.10733 7.10191 7.09713 7.09298 7.0895 7.08667 7.08452 7.08304 7.08223 
7.07757 7.07813 7.0794 7.08136 7.08402 7.08736 7.09139 7.09609 7.10146 7.10748 7.11414 7.12142 7.1293 7.13777 7.1468 7.15636 7.16643 7.17698 7.18797 7.19936 7.21112 7.22321 7.23559 7.24819 7.26099 7.27393 7.28695 7.30001 7.31305 7.32601 7.33883 7.35147 7.36387 7.37596 7.3877 7.39902 7.40988 7.42023 7.43001 7.43918 7.4477 7.45552 7.46261 7.46893 7.47444 7.47914 7.48298 7.48595 7.48804 7.48924 7.48954 7.48894 7.48744 7.48505 7.48179 7.47766 7.4727 7.46693 7.46037 7.45306 7.44503 7.43633 7.42699 7.41707 7.40662 7.39567 7.38429 7.37252 7.36043 7.34807 7.33549 7.32276 7.30992 7.29703 7.28416 7.27134 7.25864 7.2461 7.23377 7.22171 7.20994 7.19853 7.18749 7.17688 7.16672 7.15705 7.1479 7.13929 7.13124 7.12379 7.11694 7.11071 7.10513 7.1002 7.09593 7.09234 7.08943 7.08721 7.08568 7.08485 
7.08009 7.08067 7.08197 7.08398 7.08671 7.09015 7.09429 7.09912 7.10463 7.11081 7.11765 7.12513 7.13323 7.14192 7.15119 7.16101 7.17135 7.18218 7.19346 7.20516 7.21723 7.22963 7.24233 7.25526 7.26839 7.28166 7.29502 7.30841 7.32177 7.33506 7.34821 7.36116 7.37386 7.38625 7.39828 7.40988 7.42101 7.43161 7.44163 7.45102 7.45974 7.46775 7.47501 7.48147 7.48712 7.49193 7.49586 7.4989 7.50104 7.50226 7.50257 7.50195 7.50042 7.49797 7.49463 7.4904 7.48532 7.4794 7.47269 7.4652 7.45697 7.44806 7.43849 7.42833 7.41761 7.40639 7.39473 7.38267 7.37027 7.3576 7.3447 7.33164 7.31848 7.30526 7.29205 7.2789 7.26587 7.253 7.24035 7.22797 7.21589 7.20417 7.19284 7.18194 7.17151 7.16158 7.15218 7.14333 7.13506 7.1274 7.12036 7.11397 7.10823 7.10316 7.09877 7.09508 7.09209 7.0898 7.08823 7.08737 
7.0825 7.08309 7.08442 7.08649 7.08929 7.09281 7.09705 7.10201 7.10766 7.114 7.12101 7.12868 7.13698 7.14589 7.1554 7.16546 7.17606 7.18715 7.19871 7.21069 7.22306 7.23576 7.24876 7.26201 7.27545 7.28904 7.30271 7.31641 7.33009 7.34369 7.35714 7.3704 7.38339 7.39606 7.40836 7.42023 7.43161 7.44244 7.45269 7.46229 7.47121 7.47939 7.48681 7.49342 7.4992 7.5041 7.50812 7.51123 7.51341 7.51466 7.51497 7.51434 7.51277 7.51027 7.50685 7.50253 7.49733 7.49128 7.48441 7.47675 7.46835 7.45923 7.44945 7.43905 7.42809 7.41661 7.40468 7.39234 7.37965 7.36668 7.35348 7.34012 7.32664 7.31311 7.29958 7.28612 7.27277 7.25959 7.24663 7.23395 7.22157 7.20956 7.19795 7.18678 7.17609 7.1659 7.15626 7.14719 7.13872 7.13086 7.12364 7.11708 7.11119 7.10599 7.10149 7.0977 7.09463 7.09229 7.09067 7.08979 
7.08479 7.0854 7.08676 7.08887 7.09174 7.09534 7.09969 7.10476 7.11054 7.11703 7.1242 7.13205 7.14054 7.14966 7.15938 7.16968 7.18051 7.19186 7.20368 7.21593 7.22858 7.24157 7.25486 7.2684 7.28213 7.29602 7.30999 7.32399 7.33796 7.35185 7.36559 7.37913 7.3924 7.40534 7.4179 7.43001 7.44163 7.45269 7.46314 7.47295 7.48204 7.4904 7.49797 7.50471 7.5106 7.51561 7.51971 7.52288 7.52511 7.52638 7.52669 7.52605 7.52444 7.52189 7.5184 7.51399 7.50869 7.50251 7.4955 7.48768 7.47909 7.46979 7.4598 7.44918 7.43799 7.42627 7.41408 7.40148 7.38852 7.37528 7.36179 7.34813 7.33436 7.32053 7.30671 7.29295 7.2793 7.26583 7.25258 7.23961 7.22695 7.21467 7.20279 7.19136 7.18042 7.17001 7.16014 7.15086 7.14218 7.13414 7.12675 7.12003 7.11401 7.10868 7.10408 7.10019 7.09705 7.09465 7.09299 7.09209 
7.08695 7.08757 7.08896 7.09112 7.09404 7.09773 7.10216 7.10734 7.11325 7.11988 7.12721 7.13522 7.14389 7.1532 7.16313 7.17364 7.18471 7.19629 7.20835 7.22086 7.23376 7.24702 7.26058 7.27439 7.28841 7.30257 7.31682 7.3311 7.34535 7.35951 7.37352 7.38732 7.40085 7.41404 7.42684 7.43918 7.45102 7.46229 7.47295 7.48293 7.4922 7.50071 7.50842 7.51529 7.52129 7.52639 7.53056 7.53379 7.53606 7.53736 7.53768 7.53702 7.53538 7.53278 7.52922 7.52473 7.51932 7.51303 7.50588 7.49792 7.48917 7.47968 7.46951 7.45869 7.44727 7.43533 7.4229 7.41005 7.39684 7.38333 7.36958 7.35565 7.34161 7.3275 7.3134 7.29936 7.28543 7.27169 7.25816 7.24492 7.23201 7.21946 7.20734 7.19567 7.1845 7.17386 7.16379 7.1543 7.14544 7.13723 7.12968 7.12282 7.11666 7.11122 7.10651 7.10254 7.09933 7.09687 7.09518 7.09425 
7.08897 7.0896 7.09102 7.09322 7.0962 7.09995 7.10448 7.10976 7.11578 7.12254 7.13001 7.13817 7.14701 7.15651 7.16662 7.17733 7.18861 7.20041 7.2127 7.22544 7.23859 7.25209 7.2659 7.27997 7.29424 7.30866 7.32317 7.33771 7.35221 7.36663 7.38089 7.39493 7.40869 7.42212 7.43514 7.4477 7.45974 7.47121 7.48204 7.4922 7.50163 7.51028 7.51812 7.52511 7.53121 7.53639 7.54064 7.54392 7.54623 7.54754 7.54787 7.5472 7.54553 7.54288 7.53927 7.5347 7.5292 7.5228 7.51553 7.50742 7.49852 7.48887 7.47852 7.46751 7.4559 7.44374 7.43109 7.41802 7.40457 7.39082 7.37682 7.36264 7.34834 7.33398 7.31962 7.30532 7.29114 7.27713 7.26336 7.24987 7.23671 7.22393 7.21157 7.19968 7.1883 7.17745 7.16718 7.15752 7.14848 7.14011 7.13241 7.12541 7.11913 7.11358 7.10878 7.10473 7.10145 7.09895 7.09722 7.09628 
7.09083 7.09147 7.09291 7.09515 7.09819 7.10201 7.10661 7.11198 7.11811 7.12499 7.13259 7.1409 7.14989 7.15955 7.16984 7.18074 7.1922 7.20421 7.21671 7.22966 7.24303 7.25676 7.2708 7.2851 7.29961 7.31426 7.329 7.34378 7.35852 7.37317 7.38765 7.40192 7.4159 7.42954 7.44276 7.45552 7.46775 7.47939 7.4904 7.50071 7.51028 7.51907 7.52703 7.53412 7.54031 7.54558 7.54989 7.55322 7.55556 7.55689 7.55722 7.55654 7.55485 7.55216 7.54848 7.54384 7.53826 7.53176 7.52438 7.51615 7.50711 7.49731 7.48679 7.47561 7.46381 7.45146 7.43862 7.42533 7.41167 7.3977 7.38347 7.36906 7.35452 7.33993 7.32533 7.31079 7.29638 7.28214 7.26813 7.25441 7.24103 7.22803 7.21547 7.20337 7.19179 7.18076 7.17031 7.16047 7.15128 7.14276 7.13492 7.1278 7.12141 7.11576 7.11087 7.10675 7.10341 7.10086 7.0991 7.09814 
7.09253 7.09318 7.09464 7.09692 7.1 7.10388 7.10856 7.11401 7.12024 7.12722 7.13494 7.14337 7.15251 7.16231 7.17276 7.18383 7.19547 7.20765 7.22034 7.23349 7.24706 7.26099 7.27524 7.28975 7.30447 7.31934 7.3343 7.34929 7.36424 7.37909 7.39379 7.40826 7.42244 7.43626 7.44967 7.46261 7.47501 7.48681 7.49797 7.50842 7.51812 7.52703 7.5351 7.54228 7.54856 7.55389 7.55826 7.56164 7.56401 7.56536 7.56569 7.565 7.56328 7.56056 7.55683 7.55213 7.54647 7.53988 7.53239 7.52405 7.51488 7.50495 7.49428 7.48294 7.47098 7.45846 7.44543 7.43196 7.4181 7.40393 7.3895 7.37488 7.36013 7.34532 7.33051 7.31576 7.30113 7.28668 7.27247 7.25854 7.24496 7.23176 7.21901 7.20673 7.19497 7.18376 7.17315 7.16316 7.15383 7.14517 7.13721 7.12998 7.12348 7.11775 7.11278 7.1086 7.1052 7.10261 7.10082 7.09985 
7.09405 7.09471 7.0962 7.0985 7.10163 7.10556 7.1103 7.11583 7.12214 7.12922 7.13704 7.14559 7.15485 7.16479 7.17538 7.18659 7.19839 7.21074 7.22359 7.23692 7.25066 7.26477 7.27921 7.29391 7.30882 7.32387 7.33902 7.3542 7.36934 7.38438 7.39926 7.41391 7.42826 7.44226 7.45583 7.46893 7.48147 7.49342 7.50471 7.51529 7.52511 7.53412 7.54228 7.54956 7.55591 7.5613 7.56572 7.56914 7.57153 7.5729 7.57324 7.57253 7.5708 7.56804 7.56427 7.55951 7.55378 7.54711 7.53954 7.53109 7.52181 7.51176 7.50096 7.48948 7.47738 7.4647 7.45151 7.43787 7.42384 7.40949 7.39488 7.38007 7.36514 7.35014 7.33514 7.3202 7.30538 7.29074 7.27634 7.26223 7.24847 7.2351 7.22217 7.20972 7.1978 7.18645 7.17569 7.16557 7.15611 7.14733 7.13926 7.13193 7.12534 7.11953 7.11449 7.11025 7.10681 7.10418 7.10236 7.10137 
7.0954 7.09606 7.09756 7.0999 7.10306 7.10704 7.11183 7.11743 7.12381 7.13097 7.13889 7.14754 7.15691 7.16696 7.17767 7.18901 7.20095 7.21343 7.22644 7.23991 7.25381 7.26808 7.28268 7.29754 7.31261 7.32784 7.34315 7.3585 7.3738 7.389 7.40404 7.41885 7.43335 7.4475 7.46122 7.47444 7.48712 7.4992 7.5106 7.52129 7.53121 7.54031 7.54856 7.55591 7.56232 7.56777 7.57223 7.57568 7.57811 7.57949 7.57983 7.57911 7.57736 7.57457 7.57076 7.56595 7.56016 7.55343 7.54577 7.53724 7.52787 7.5177 7.50679 7.4952 7.48296 7.47015 7.45682 7.44303 7.42885 7.41435 7.39958 7.38461 7.36951 7.35435 7.33918 7.32407 7.30909 7.29429 7.27972 7.26546 7.25154 7.23801 7.22494 7.21235 7.20029 7.1888 7.17792 7.16768 7.15811 7.14922 7.14106 7.13364 7.12698 7.12109 7.11599 7.1117 7.10822 7.10556 7.10372 7.10272 
7.09655 7.09722 7.09873 7.10109 7.10428 7.1083 7.11314 7.1188 7.12524 7.13247 7.14047 7.14921 7.15866 7.16881 7.17963 7.19108 7.20313 7.21574 7.22887 7.24247 7.2565 7.2709 7.28564 7.30064 7.31585 7.33122 7.34667 7.36215 7.3776 7.39294 7.40811 7.42305 7.43768 7.45195 7.46579 7.47914 7.49193 7.5041 7.51561 7.52639 7.53639 7.54558 7.55389 7.5613 7.56777 7.57327 7.57777 7.58125 7.58369 7.58508 7.58542 7.58471 7.58294 7.58012 7.57628 7.57143 7.56559 7.55879 7.55107 7.54246 7.53301 7.52276 7.51175 7.50005 7.48771 7.47478 7.46133 7.44742 7.43312 7.41848 7.40357 7.38847 7.37323 7.35793 7.34262 7.32738 7.31225 7.29731 7.28261 7.26821 7.25415 7.2405 7.2273 7.21459 7.20241 7.19082 7.17983 7.16948 7.15981 7.15084 7.1426 7.13511 7.12838 7.12243 7.11728 7.11294 7.10943 7.10674 7.10488 7.10387 
7.0975 7.09818 7.0997 7.10208 7.1053 7.10935 7.11423 7.11993 7.12643 7.13371 7.14177 7.15058 7.16011 7.17034 7.18124 7.19278 7.20493 7.21763 7.23086 7.24457 7.2587 7.27322 7.28806 7.30318 7.3185 7.33398 7.34955 7.36515 7.38071 7.39616 7.41144 7.42649 7.44123 7.4556 7.46954 7.48298 7.49586 7.50812 7.51971 7.53056 7.54064 7.54989 7.55826 7.56572 7.57223 7.57777 7.5823 7.5858 7.58826 7.58966 7.59 7.58928 7.5875 7.58467 7.5808 7.57591 7.57003 7.56318 7.55541 7.54674 7.53722 7.52689 7.51581 7.50403 7.49159 7.47857 7.46503 7.45102 7.43661 7.42186 7.40685 7.39163 7.37628 7.36087 7.34544 7.33008 7.31484 7.29979 7.28498 7.27046 7.2563 7.24254 7.22924 7.21643 7.20416 7.19247 7.18139 7.17097 7.16122 7.15218 7.14387 7.13632 7.12953 7.12354 7.11835 7.11397 7.11043 7.10772 7.10585 7.10483 
7.09825 7.09893 7.10047 7.10286 7.1061 7.11017 7.11508 7.12082 7.12736 7.13469 7.14279 7.15165 7.16124 7.17154 7.1825 7.19411 7.20633 7.21911 7.23241 7.2462 7.26042 7.27502 7.28995 7.30515 7.32057 7.33613 7.35179 7.36747 7.38312 7.39866 7.41402 7.42915 7.44397 7.45842 7.47244 7.48595 7.4989 7.51123 7.52288 7.53379 7.54392 7.55322 7.56164 7.56914 7.57568 7.58125 7.5858 7.58932 7.59179 7.5932 7.59354 7.59282 7.59103 7.58818 7.58429 7.57937 7.57346 7.56658 7.55876 7.55005 7.54047 7.53009 7.51895 7.5071 7.4946 7.48151 7.46789 7.4538 7.43931 7.42448 7.40938 7.39408 7.37865 7.36314 7.34763 7.33218 7.31686 7.30171 7.28681 7.27222 7.25797 7.24413 7.23075 7.21786 7.20552 7.19376 7.18262 7.17213 7.16232 7.15323 7.14487 7.13726 7.13044 7.12441 7.11918 7.11478 7.11122 7.10849 7.10661 7.10558 
7.0988 7.09948 7.10102 7.10342 7.10667 7.11077 7.1157 7.12146 7.12802 7.13539 7.14353 7.15242 7.16205 7.17239 7.1834 7.19506 7.20732 7.22016 7.23352 7.24736 7.26164 7.2763 7.29128 7.30655 7.32202 7.33765 7.35337 7.36911 7.38482 7.40042 7.41584 7.43103 7.44591 7.46041 7.47448 7.48804 7.50104 7.51341 7.52511 7.53606 7.54623 7.55556 7.56401 7.57153 7.57811 7.58369 7.58826 7.59179 7.59427 7.59569 7.59603 7.5953 7.5935 7.59064 7.58674 7.58181 7.57587 7.56896 7.56112 7.55237 7.54276 7.53234 7.52115 7.50926 7.49671 7.48357 7.4699 7.45576 7.44121 7.42632 7.41117 7.39581 7.38031 7.36475 7.34917 7.33366 7.31828 7.30307 7.28811 7.27346 7.25915 7.24526 7.23182 7.21888 7.20649 7.19468 7.18349 7.17296 7.16311 7.15398 7.14558 7.13794 7.13109 7.12503 7.11979 7.11537 7.11179 7.10905 7.10716 7.10612 
7.09913 7.09982 7.10136 7.10377 7.10703 7.11113 7.11608 7.12185 7.12843 7.13581 7.14397 7.15289 7.16254 7.1729 7.18394 7.19562 7.20791 7.22077 7.23416 7.24804 7.26235 7.27704 7.29206 7.30735 7.32286 7.33853 7.35428 7.37006 7.3858 7.40143 7.41689 7.43211 7.44702 7.46155 7.47565 7.48924 7.50226 7.51466 7.52638 7.53736 7.54754 7.55689 7.56536 7.5729 7.57949 7.58508 7.58966 7.5932 7.59569 7.5971 7.59745 7.59672 7.59491 7.59205 7.58813 7.58319 7.57725 7.57032 7.56246 7.55369 7.54406 7.53362 7.52241 7.51049 7.49792 7.48475 7.47105 7.45688 7.4423 7.42738 7.41219 7.3968 7.38127 7.36567 7.35006 7.33452 7.3191 7.30386 7.28887 7.27418 7.25984 7.24592 7.23245 7.21948 7.20706 7.19522 7.18401 7.17345 7.16358 7.15442 7.14601 7.13836 7.13148 7.12541 7.12016 7.11573 7.11213 7.10939 7.1075 7.10646 
