4.23468 4.23487 4.2351 4.23537 4.23568 4.23604 4.23643 4.23687 4.23735 4.23787 4.23845 4.23907 4.23975 4.24049 4.24128 4.24214 4.24305 4.24404 4.24509 4.2462 4.24739 4.24864 4.24997 4.25135 4.2528 4.25431 4.25587 4.25748 4.25913 4.26082 4.26254 4.26427 4.26602 4.26776 4.26949 4.27119 4.27286 4.27448 4.27605 4.27754 4.27895 4.28026 4.28147 4.28257 4.28355 4.28439 4.28509 4.28565 4.28606 4.28632 4.28643 4.28638 4.28617 4.28582 4.28531 4.28466 4.28387 4.28295 4.28191 4.28075 4.27949 4.27814 4.2767 4.27519 4.27362 4.27201 4.27036 4.26869 4.26701 4.26533 4.26365 4.262 4.26038 4.2588 4.25727 4.25579 4.25437 4.25301 4.25173 4.25052 4.24939 4.24833 4.24736 4.24646 4.24565 4.24491 4.24426 4.24367 4.24316 4.24273 4.24235 4.24205 4.2418 4.24162 4.24149 4.24141 4.24138 4.24141 4.24147 4.24158 
4.23487 4.23506 4.23529 4.23557 4.23588 4.23623 4.23663 4.23706 4.23755 4.23807 4.23865 4.23928 4.23997 4.24071 4.24151 4.24237 4.24329 4.24429 4.24535 4.24647 4.24767 4.24894 4.25027 4.25167 4.25313 4.25466 4.25624 4.25786 4.25954 4.26124 4.26298 4.26473 4.2665 4.26826 4.27001 4.27173 4.27342 4.27506 4.27664 4.27815 4.27958 4.28091 4.28213 4.28324 4.28423 4.28508 4.28579 4.28636 4.28677 4.28703 4.28714 4.28709 4.28688 4.28652 4.28601 4.28535 4.28455 4.28362 4.28257 4.28139 4.28012 4.27875 4.27729 4.27577 4.27418 4.27255 4.27088 4.26919 4.26749 4.26579 4.2641 4.26243 4.26079 4.25919 4.25764 4.25614 4.2547 4.25334 4.25204 4.25082 4.24967 4.24861 4.24762 4.24672 4.24589 4.24515 4.24449 4.2439 4.24338 4.24294 4.24256 4.24225 4.24201 4.24182 4.24169 4.24161 4.24158 4.2416 4.24166 4.24177 
4.2351 4.23529 4.23553 4.2358 4.23612 4.23648 4.23688 4.23733 4.23782 4.23836 4.23895 4.2396 4.2403 4.24106 4.24188 4.24276 4.24372 4.24474 4.24583 4.24699 4.24822 4.24953 4.2509 4.25235 4.25385 4.25542 4.25705 4.25873 4.26045 4.26221 4.264 4.26581 4.26763 4.26944 4.27125 4.27302 4.27476 4.27645 4.27808 4.27964 4.2811 4.28247 4.28373 4.28488 4.28589 4.28677 4.2875 4.28808 4.28851 4.28878 4.28888 4.28883 4.28861 4.28824 4.28771 4.28703 4.28621 4.28525 4.28416 4.28296 4.28164 4.28023 4.27873 4.27715 4.27552 4.27384 4.27212 4.27037 4.26862 4.26686 4.26512 4.2634 4.26171 4.26006 4.25845 4.25691 4.25543 4.25402 4.25268 4.25141 4.25023 4.24913 4.24811 4.24718 4.24633 4.24556 4.24487 4.24426 4.24372 4.24326 4.24287 4.24255 4.24229 4.24209 4.24195 4.24186 4.24182 4.24184 4.2419 4.24201 
4.23537 4.23557 4.2358 4.23608 4.23641 4.23678 4.23719 4.23765 4.23816 4.23872 4.23934 4.24001 4.24074 4.24154 4.2424 4.24333 4.24432 4.24539 4.24654 4.24776 4.24905 4.25042 4.25186 4.25338 4.25496 4.25661 4.25832 4.26008 4.26189 4.26374 4.26562 4.26751 4.26942 4.27132 4.27321 4.27507 4.2769 4.27867 4.28037 4.282 4.28354 4.28497 4.28629 4.28748 4.28854 4.28946 4.29022 4.29083 4.29128 4.29155 4.29167 4.29161 4.29138 4.29099 4.29043 4.28972 4.28885 4.28785 4.28671 4.28544 4.28406 4.28258 4.28101 4.27936 4.27764 4.27588 4.27407 4.27224 4.2704 4.26856 4.26673 4.26492 4.26314 4.26141 4.25972 4.2581 4.25654 4.25505 4.25364 4.25231 4.25107 4.24991 4.24883 4.24785 4.24694 4.24613 4.2454 4.24475 4.24418 4.24369 4.24327 4.24292 4.24264 4.24242 4.24226 4.24216 4.24212 4.24212 4.24218 4.24228 
4.23568 4.23588 4.23612 4.23641 4.23674 4.23713 4.23756 4.23804 4.23858 4.23917 4.23982 4.24053 4.24131 4.24215 4.24307 4.24406 4.24512 4.24626 4.24748 4.24878 4.25016 4.25162 4.25316 4.25478 4.25647 4.25823 4.26005 4.26193 4.26386 4.26583 4.26783 4.26985 4.27188 4.2739 4.27591 4.27789 4.27983 4.28171 4.28352 4.28525 4.28688 4.2884 4.2898 4.29107 4.29219 4.29316 4.29397 4.29462 4.29509 4.29538 4.29549 4.29543 4.29518 4.29476 4.29417 4.29341 4.29249 4.29142 4.2902 4.28886 4.28739 4.28581 4.28414 4.28238 4.28056 4.27868 4.27675 4.2748 4.27284 4.27088 4.26892 4.26699 4.2651 4.26325 4.26145 4.25971 4.25805 4.25646 4.25495 4.25352 4.25219 4.25094 4.24979 4.24872 4.24775 4.24687 4.24608 4.24538 4.24476 4.24423 4.24377 4.24338 4.24307 4.24282 4.24264 4.24252 4.24246 4.24245 4.2425 4.2426 
4.23604 4.23623 4.23648 4.23678 4.23713 4.23753 4.23799 4.2385 4.23907 4.2397 4.2404 4.24116 4.242 4.24291 4.24389 4.24496 4.2461 4.24734 4.24865 4.25006 4.25155 4.25314 4.2548 4.25655 4.25838 4.26028 4.26225 4.26428 4.26636 4.26848 4.27064 4.27282 4.27501 4.27719 4.27936 4.28149 4.28357 4.2856 4.28755 4.2894 4.29116 4.29279 4.29429 4.29565 4.29685 4.29789 4.29876 4.29945 4.29995 4.30026 4.30038 4.30031 4.30004 4.29958 4.29894 4.29812 4.29713 4.29598 4.29467 4.29322 4.29163 4.28993 4.28813 4.28624 4.28427 4.28224 4.28017 4.27807 4.27595 4.27383 4.27172 4.26964 4.26759 4.26558 4.26364 4.26176 4.25995 4.25823 4.25659 4.25504 4.25359 4.25223 4.25098 4.24982 4.24876 4.24779 4.24693 4.24615 4.24547 4.24487 4.24436 4.24393 4.24358 4.24329 4.24308 4.24294 4.24285 4.24283 4.24286 4.24295 
4.23643 4.23663 4.23688 4.23719 4.23756 4.23799 4.23847 4.23902 4.23964 4.24032 4.24107 4.2419 4.24281 4.2438 4.24487 4.24603 4.24729 4.24863 4.25007 4.25161 4.25324 4.25497 4.25679 4.2587 4.2607 4.26277 4.26492 4.26714 4.26941 4.27172 4.27408 4.27645 4.27883 4.2812 4.28356 4.28588 4.28814 4.29034 4.29245 4.29447 4.29637 4.29814 4.29976 4.30123 4.30254 4.30366 4.3046 4.30534 4.30588 4.30621 4.30633 4.30625 4.30596 4.30546 4.30476 4.30387 4.30279 4.30153 4.30011 4.29853 4.29681 4.29496 4.293 4.29094 4.2888 4.2866 4.28434 4.28205 4.27974 4.27743 4.27513 4.27285 4.27062 4.26843 4.2663 4.26425 4.26227 4.26038 4.25858 4.25688 4.25529 4.2538 4.25241 4.25113 4.24996 4.24889 4.24793 4.24707 4.2463 4.24563 4.24506 4.24457 4.24416 4.24384 4.24359 4.24341 4.2433 4.24325 4.24327 4.24335 
4.23687 4.23706 4.23733 4.23765 4.23804 4.2385 4.23902 4.23962 4.24028 4.24103 4.24185 4.24276 4.24375 4.24484 4.24601 4.24729 4.24867 4.25015 4.25174 4.25343 4.25523 4.25713 4.25914 4.26124 4.26344 4.26572 4.26809 4.27052 4.27302 4.27556 4.27814 4.28074 4.28335 4.28595 4.28853 4.29107 4.29355 4.29595 4.29826 4.30046 4.30253 4.30446 4.30624 4.30784 4.30926 4.31048 4.3115 4.3123 4.31288 4.31324 4.31337 4.31328 4.31295 4.31241 4.31164 4.31066 4.30948 4.3081 4.30654 4.30482 4.30293 4.30091 4.29876 4.29651 4.29416 4.29174 4.28927 4.28676 4.28422 4.28169 4.27916 4.27666 4.2742 4.27179 4.26945 4.26718 4.265 4.26292 4.26093 4.25905 4.25729 4.25563 4.25409 4.25267 4.25136 4.25017 4.24909 4.24813 4.24727 4.24651 4.24586 4.2453 4.24483 4.24445 4.24415 4.24394 4.24379 4.24372 4.24372 4.24379 
4.23735 4.23755 4.23782 4.23816 4.23858 4.23907 4.23964 4.24028 4.24101 4.24183 4.24273 4.24373 4.24482 4.24602 4.24733 4.24874 4.25027 4.25191 4.25367 4.25554 4.25753 4.25964 4.26186 4.26419 4.26662 4.26914 4.27175 4.27444 4.2772 4.28 4.28285 4.28572 4.28859 4.29145 4.29429 4.29708 4.2998 4.30244 4.30498 4.30739 4.30966 4.31178 4.31372 4.31547 4.31702 4.31836 4.31947 4.32035 4.32098 4.32137 4.32151 4.3214 4.32104 4.32043 4.31959 4.31851 4.31721 4.3157 4.31398 4.31208 4.31001 4.30779 4.30542 4.30294 4.30036 4.2977 4.29497 4.29221 4.28941 4.28661 4.28383 4.28106 4.27834 4.27568 4.27309 4.27058 4.26817 4.26585 4.26365 4.26156 4.25959 4.25775 4.25603 4.25444 4.25298 4.25164 4.25043 4.24934 4.24837 4.24751 4.24676 4.24612 4.24558 4.24514 4.24479 4.24452 4.24434 4.24425 4.24423 4.24428 
4.23787 4.23807 4.23836 4.23872 4.23917 4.2397 4.24032 4.24103 4.24183 4.24272 4.24372 4.24482 4.24604 4.24737 4.24881 4.25038 4.25208 4.2539 4.25586 4.25794 4.26015 4.26249 4.26496 4.26754 4.27024 4.27304 4.27593 4.27891 4.28196 4.28507 4.28821 4.29138 4.29456 4.29772 4.30085 4.30392 4.30692 4.30983 4.31262 4.31527 4.31777 4.32009 4.32223 4.32415 4.32585 4.32731 4.32853 4.32949 4.33018 4.3306 4.33075 4.33062 4.33022 4.32956 4.32862 4.32743 4.326 4.32433 4.32244 4.32034 4.31806 4.31561 4.313 4.31026 4.30742 4.30448 4.30147 4.29841 4.29532 4.29222 4.28914 4.28608 4.28307 4.28012 4.27724 4.27445 4.27177 4.26919 4.26674 4.26441 4.26222 4.26016 4.25823 4.25645 4.25481 4.25331 4.25194 4.25071 4.24961 4.24863 4.24778 4.24705 4.24642 4.2459 4.24549 4.24517 4.24495 4.24482 4.24478 4.24481 
4.23845 4.23865 4.23895 4.23934 4.23982 4.2404 4.24107 4.24185 4.24273 4.24372 4.24483 4.24605 4.2474 4.24887 4.25048 4.25223 4.25412 4.25615 4.25832 4.26064 4.2631 4.26571 4.26845 4.27132 4.27432 4.27743 4.28064 4.28395 4.28733 4.29077 4.29425 4.29776 4.30127 4.30476 4.30822 4.31161 4.31492 4.31812 4.3212 4.32412 4.32687 4.32943 4.33177 4.33388 4.33575 4.33735 4.33869 4.33974 4.34049 4.34095 4.34111 4.34096 4.34052 4.33978 4.33875 4.33743 4.33585 4.33401 4.33192 4.32961 4.32709 4.32438 4.3215 4.31848 4.31533 4.31209 4.30876 4.30538 4.30196 4.29853 4.29511 4.29172 4.28838 4.2851 4.28191 4.27881 4.27582 4.27295 4.27022 4.26762 4.26516 4.26286 4.26071 4.25871 4.25687 4.25517 4.25363 4.25224 4.25099 4.24989 4.24891 4.24807 4.24735 4.24675 4.24627 4.24589 4.24562 4.24545 4.24538 4.2454 
4.23907 4.23928 4.2396 4.24001 4.24053 4.24116 4.2419 4.24276 4.24373 4.24482 4.24605 4.24741 4.24891 4.25055 4.25234 4.25429 4.25639 4.25865 4.26107 4.26366 4.2664 4.2693 4.27234 4.27554 4.27887 4.28232 4.28589 4.28955 4.2933 4.29711 4.30097 4.30485 4.30873 4.31259 4.31641 4.32015 4.32381 4.32734 4.33072 4.33394 4.33696 4.33978 4.34235 4.34467 4.34672 4.34849 4.34995 4.35109 4.35192 4.35242 4.35259 4.35242 4.35193 4.35111 4.34997 4.34852 4.34677 4.34474 4.34244 4.33989 4.33711 4.33412 4.33094 4.3276 4.32413 4.32054 4.31686 4.31312 4.30934 4.30554 4.30175 4.29799 4.29429 4.29065 4.2871 4.28366 4.28033 4.27714 4.27409 4.27119 4.26845 4.26587 4.26346 4.26122 4.25915 4.25725 4.25551 4.25394 4.25253 4.25127 4.25017 4.2492 4.24838 4.24768 4.24712 4.24668 4.24635 4.24614 4.24603 4.24603 
4.23975 4.23997 4.2403 4.24074 4.24131 4.242 4.24281 4.24375 4.24482 4.24604 4.2474 4.24891 4.25057 4.2524 4.25439 4.25656 4.2589 4.26142 4.26411 4.26699 4.27004 4.27326 4.27665 4.2802 4.28389 4.28773 4.29168 4.29575 4.2999 4.30412 4.30838 4.31267 4.31696 4.32122 4.32543 4.32956 4.33358 4.33747 4.3412 4.34474 4.34806 4.35115 4.35398 4.35653 4.35878 4.36071 4.36231 4.36356 4.36447 4.36501 4.36519 4.365 4.36445 4.36354 4.36229 4.36069 4.35876 4.35652 4.35399 4.35118 4.34811 4.34482 4.34132 4.33764 4.3338 4.32984 4.32578 4.32164 4.31746 4.31326 4.30907 4.30491 4.3008 4.29677 4.29283 4.28901 4.28531 4.28176 4.27836 4.27513 4.27207 4.2692 4.2665 4.26399 4.26167 4.25954 4.25759 4.25582 4.25422 4.2528 4.25154 4.25044 4.2495 4.2487 4.24805 4.24753 4.24714 4.24688 4.24674 4.24672 
4.24049 4.24071 4.24106 4.24154 4.24215 4.24291 4.2438 4.24484 4.24602 4.24737 4.24887 4.25055 4.2524 4.25443 4.25665 4.25906 4.26166 4.26446 4.26746 4.27065 4.27404 4.27762 4.28138 4.28531 4.28941 4.29366 4.29804 4.30253 4.30712 4.31178 4.31649 4.32122 4.32595 4.33065 4.33529 4.33983 4.34426 4.34853 4.35263 4.35651 4.36016 4.36355 4.36665 4.36944 4.3719 4.37402 4.37577 4.37714 4.37812 4.37871 4.3789 4.37869 4.37808 4.37708 4.3757 4.37394 4.37182 4.36936 4.36657 4.36348 4.36011 4.35649 4.35263 4.34858 4.34436 4.33999 4.33551 4.33096 4.32634 4.32171 4.31708 4.31247 4.30793 4.30347 4.2991 4.29486 4.29076 4.28682 4.28305 4.27945 4.27605 4.27284 4.26984 4.26703 4.26444 4.26205 4.25986 4.25787 4.25607 4.25447 4.25304 4.2518 4.25072 4.24981 4.24906 4.24846 4.24801 4.24769 4.24751 4.24747 
4.24128 4.24151 4.24188 4.2424 4.24307 4.24389 4.24487 4.24601 4.24733 4.24881 4.25048 4.25234 4.25439 4.25665 4.25911 4.26178 4.26467 4.26778 4.27111 4.27465 4.2784 4.28237 4.28653 4.29089 4.29542 4.30011 4.30495 4.30991 4.31497 4.32011 4.3253 4.33051 4.33572 4.34088 4.34598 4.35097 4.35582 4.36051 4.365 4.36926 4.37325 4.37696 4.38036 4.38341 4.3861 4.38841 4.39031 4.39181 4.39288 4.39352 4.39372 4.39349 4.39282 4.39172 4.39019 4.38826 4.38594 4.38324 4.38018 4.37679 4.37309 4.36911 4.36488 4.36043 4.35579 4.35099 4.34607 4.34105 4.33598 4.33087 4.32577 4.32069 4.31568 4.31075 4.30593 4.30124 4.2967 4.29233 4.28815 4.28416 4.28038 4.27681 4.27347 4.27035 4.26745 4.26478 4.26233 4.2601 4.25809 4.25628 4.25468 4.25327 4.25205 4.25102 4.25016 4.24947 4.24894 4.24857 4.24835 4.24828 
4.24214 4.24237 4.24276 4.24333 4.24406 4.24496 4.24603 4.24729 4.24874 4.25038 4.25223 4.25429 4.25656 4.25906 4.26178 4.26474 4.26794 4.27138 4.27507 4.27898 4.28314 4.28752 4.29212 4.29693 4.30193 4.3071 4.31243 4.31789 4.32346 4.32911 4.33481 4.34054 4.34625 4.35191 4.35749 4.36296 4.36827 4.3734 4.37831 4.38296 4.38733 4.39138 4.39508 4.39841 4.40134 4.40385 4.40593 4.40755 4.40872 4.40941 4.40962 4.40936 4.40862 4.40742 4.40575 4.40364 4.4011 4.39814 4.3948 4.39109 4.38704 4.38269 4.37806 4.37318 4.3681 4.36284 4.35744 4.35193 4.34636 4.34075 4.33514 4.32956 4.32404 4.31861 4.3133 4.30813 4.30312 4.29829 4.29367 4.28925 4.28507 4.28111 4.2774 4.27393 4.27071 4.26774 4.26501 4.26252 4.26027 4.25825 4.25645 4.25486 4.25349 4.25232 4.25134 4.25055 4.24994 4.24951 4.24924 4.24915 
4.24305 4.24329 4.24372 4.24432 4.24512 4.2461 4.24729 4.24867 4.25027 4.25208 4.25412 4.25639 4.2589 4.26166 4.26467 4.26794 4.27148 4.27528 4.27934 4.28366 4.28824 4.29307 4.29814 4.30343 4.30893 4.31462 4.32047 4.32647 4.33258 4.33877 4.34502 4.35129 4.35753 4.36373 4.36983 4.3758 4.3816 4.38719 4.39254 4.39761 4.40236 4.40677 4.4108 4.41441 4.4176 4.42033 4.42258 4.42435 4.42561 4.42635 4.42658 4.42629 4.42548 4.42417 4.42235 4.42005 4.41727 4.41405 4.41041 4.40636 4.40195 4.3972 4.39214 4.38682 4.38126 4.37551 4.36961 4.36359 4.35749 4.35134 4.34519 4.33907 4.33302 4.32705 4.32122 4.31553 4.31002 4.3047 4.2996 4.29474 4.29011 4.28575 4.28164 4.2778 4.27423 4.27093 4.2679 4.26513 4.26262 4.26036 4.25835 4.25658 4.25504 4.25372 4.25262 4.25172 4.25102 4.25052 4.25021 4.25008 
4.24404 4.24429 4.24474 4.24539 4.24626 4.24734 4.24863 4.25015 4.25191 4.2539 4.25615 4.25865 4.26142 4.26446 4.26778 4.27138 4.27528 4.27946 4.28393 4.28869 4.29372 4.29903 4.30459 4.3104 4.31643 4.32266 4.32907 4.33564 4.34232 4.34909 4.35591 4.36275 4.36956 4.37631 4.38296 4.38946 4.39577 4.40185 4.40766 4.41317 4.41833 4.42311 4.42748 4.4314 4.43485 4.43781 4.44025 4.44215 4.44351 4.44432 4.44456 4.44424 4.44336 4.44193 4.43995 4.43745 4.43443 4.43093 4.42697 4.42257 4.41777 4.4126 4.40711 4.40131 4.39526 4.389 4.38256 4.376 4.36934 4.36263 4.35591 4.34922 4.3426 4.33607 4.32968 4.32344 4.3174 4.31156 4.30596 4.30061 4.29552 4.29071 4.28618 4.28195 4.278 4.27435 4.27099 4.26793 4.26514 4.26263 4.2604 4.25842 4.2567 4.25522 4.25398 4.25297 4.25218 4.2516 4.25124 4.25108 
4.24509 4.24535 4.24583 4.24654 4.24748 4.24865 4.25007 4.25174 4.25367 4.25586 4.25832 4.26107 4.26411 4.26746 4.27111 4.27507 4.27934 4.28393 4.28884 4.29405 4.29957 4.30538 4.31147 4.31782 4.32441 4.33122 4.33822 4.34538 4.35266 4.36004 4.36747 4.3749 4.38231 4.38964 4.39686 4.40391 4.41075 4.41735 4.42364 4.4296 4.43519 4.44036 4.44508 4.44932 4.45304 4.45624 4.45887 4.46092 4.46239 4.46325 4.46351 4.46316 4.4622 4.46065 4.45851 4.45579 4.45253 4.44874 4.44445 4.43968 4.43448 4.42888 4.42292 4.41663 4.41007 4.40327 4.39628 4.38914 4.3819 4.3746 4.36728 4.35999 4.35277 4.34565 4.33867 4.33186 4.32525 4.31886 4.31273 4.30686 4.30128 4.296 4.29103 4.28637 4.28203 4.27801 4.2743 4.27091 4.26784 4.26506 4.26258 4.26039 4.25847 4.25682 4.25544 4.2543 4.25341 4.25276 4.25234 4.25215 
4.2462 4.24647 4.24699 4.24776 4.24878 4.25006 4.25161 4.25343 4.25554 4.25794 4.26064 4.26366 4.26699 4.27065 4.27465 4.27898 4.28366 4.28869 4.29405 4.29975 4.30578 4.31212 4.31876 4.32569 4.33287 4.34028 4.3479 4.35568 4.3636 4.3716 4.37966 4.38773 4.39575 4.40369 4.4115 4.41913 4.42652 4.43364 4.44044 4.44687 4.4529 4.45847 4.46355 4.46812 4.47213 4.47557 4.4784 4.48061 4.48218 4.4831 4.48337 4.48299 4.48196 4.48028 4.47797 4.47504 4.47152 4.46743 4.46279 4.45765 4.45204 4.44598 4.43954 4.43274 4.42564 4.41828 4.41071 4.40298 4.39513 4.38721 4.37928 4.37136 4.36351 4.35577 4.34817 4.34076 4.33355 4.32659 4.3199 4.31349 4.30739 4.30161 4.29617 4.29106 4.2863 4.28189 4.27782 4.27409 4.2707 4.26764 4.2649 4.26248 4.26036 4.25853 4.25699 4.25572 4.25473 4.25399 4.25351 4.25328 
4.24739 4.24767 4.24822 4.24905 4.25016 4.25155 4.25324 4.25523 4.25753 4.26015 4.2631 4.2664 4.27004 4.27404 4.2784 4.28314 4.28824 4.29372 4.29957 4.30578 4.31234 4.31924 4.32647 4.33399 4.34179 4.34983 4.35809 4.36652 4.37509 4.38376 4.39247 4.40118 4.40985 4.41842 4.42684 4.43506 4.44303 4.45069 4.45801 4.46492 4.4714 4.47738 4.48284 4.48774 4.49205 4.49573 4.49877 4.50113 4.50282 4.5038 4.50409 4.50367 4.50256 4.50075 4.49827 4.49512 4.49133 4.48693 4.48195 4.47642 4.47038 4.46386 4.45692 4.4496 4.44195 4.43401 4.42584 4.41749 4.40901 4.40045 4.39187 4.3833 4.3748 4.36641 4.35817 4.35012 4.3423 4.33474 4.32746 4.32048 4.31384 4.30754 4.3016 4.29603 4.29082 4.28599 4.28154 4.27745 4.27374 4.27037 4.26736 4.26469 4.26235 4.26034 4.25863 4.25723 4.25612 4.25529 4.25475 4.25448 
4.24864 4.24894 4.24953 4.25042 4.25162 4.25314 4.25497 4.25713 4.25964 4.26249 4.26571 4.2693 4.27326 4.27762 4.28237 4.28752 4.29307 4.29903 4.30538 4.31212 4.31924 4.32673 4.33455 4.3427 4.35114 4.35984 4.36876 4.37787 4.38712 4.39646 4.40585 4.41524 4.42456 4.43378 4.44283 4.45166 4.46021 4.46843 4.47628 4.48369 4.49063 4.49704 4.50288 4.50812 4.51273 4.51666 4.51991 4.52243 4.52423 4.52528 4.52558 4.52513 4.52394 4.522 4.51933 4.51596 4.51191 4.50719 4.50185 4.49592 4.48944 4.48245 4.475 4.46714 4.45892 4.45039 4.44161 4.43262 4.4235 4.41428 4.40502 4.39578 4.38661 4.37755 4.36864 4.35994 4.35147 4.34328 4.33539 4.32783 4.32061 4.31377 4.30731 4.30125 4.29558 4.29032 4.28546 4.281 4.27693 4.27326 4.26996 4.26703 4.26446 4.26224 4.26037 4.25882 4.25759 4.25667 4.25606 4.25576 
4.24997 4.25027 4.2509 4.25186 4.25316 4.2548 4.25679 4.25914 4.26186 4.26496 4.26845 4.27234 4.27665 4.28138 4.28653 4.29212 4.29814 4.30459 4.31147 4.31876 4.32647 4.33455 4.34301 4.3518 4.3609 4.37028 4.37989 4.38969 4.39964 4.40968 4.41976 4.42984 4.43984 4.44972 4.45941 4.46886 4.47801 4.48681 4.49519 4.50311 4.51051 4.51735 4.52359 4.52918 4.53408 4.53828 4.54173 4.54442 4.54633 4.54745 4.54776 4.54728 4.546 4.54393 4.54109 4.53749 4.53316 4.52812 4.52242 4.51609 4.50916 4.50169 4.49372 4.48531 4.47651 4.46737 4.45796 4.44833 4.43853 4.42864 4.41869 4.40876 4.39889 4.38914 4.37955 4.37017 4.36104 4.35219 4.34367 4.3355 4.3277 4.32029 4.31329 4.30671 4.30057 4.29485 4.28957 4.28471 4.28029 4.27628 4.27268 4.26949 4.26668 4.26425 4.26219 4.26049 4.25913 4.25812 4.25744 4.2571 
4.25135 4.25167 4.25235 4.25338 4.25478 4.25655 4.2587 4.26124 4.26419 4.26754 4.27132 4.27554 4.2802 4.28531 4.29089 4.29693 4.30343 4.3104 4.31782 4.32569 4.33399 4.3427 4.3518 4.36126 4.37104 4.38111 4.39143 4.40194 4.41261 4.42336 4.43416 4.44493 4.45563 4.46618 4.47653 4.48661 4.49637 4.50574 4.51467 4.5231 4.53098 4.53825 4.54488 4.55082 4.55603 4.56048 4.56415 4.567 4.56903 4.57021 4.57055 4.57003 4.56867 4.56646 4.56344 4.55961 4.555 4.54965 4.54358 4.53683 4.52946 4.5215 4.51301 4.50404 4.49465 4.48489 4.47484 4.46454 4.45407 4.44348 4.43284 4.4222 4.41162 4.40116 4.39086 4.38078 4.37097 4.36145 4.35228 4.34347 4.33506 4.32707 4.31952 4.31241 4.30576 4.29958 4.29386 4.2886 4.28379 4.27944 4.27553 4.27205 4.269 4.26635 4.2641 4.26224 4.26075 4.25964 4.25889 4.2585 
4.2528 4.25313 4.25385 4.25496 4.25647 4.25838 4.2607 4.26344 4.26662 4.27024 4.27432 4.27887 4.28389 4.28941 4.29542 4.30193 4.30893 4.31643 4.32441 4.33287 4.34179 4.35114 4.3609 4.37104 4.38153 4.39231 4.40334 4.41458 4.42597 4.43746 4.44897 4.46046 4.47186 4.48309 4.4941 4.50483 4.5152 4.52515 4.53463 4.54357 4.55193 4.55964 4.56666 4.57296 4.57847 4.58319 4.58707 4.59008 4.59222 4.59347 4.59382 4.59327 4.59183 4.58949 4.58629 4.58223 4.57734 4.57166 4.56523 4.55807 4.55024 4.54179 4.53277 4.52324 4.51325 4.50288 4.49218 4.48121 4.47005 4.45876 4.4474 4.43604 4.42473 4.41355 4.40253 4.39174 4.38123 4.37103 4.36118 4.35173 4.34269 4.3341 4.32597 4.31832 4.31116 4.30449 4.29831 4.29263 4.28744 4.28273 4.2785 4.27473 4.27141 4.26854 4.26609 4.26406 4.26245 4.26123 4.2604 4.25997 
4.25431 4.25466 4.25542 4.25661 4.25823 4.26028 4.26277 4.26572 4.26914 4.27304 4.27743 4.28232 4.28773 4.29366 4.30011 4.3071 4.31462 4.32266 4.33122 4.34028 4.34983 4.35984 4.37028 4.38111 4.39231 4.40381 4.41558 4.42756 4.43969 4.45191 4.46415 4.47636 4.48846 4.50038 4.51206 4.52343 4.53441 4.54495 4.55498 4.56444 4.57327 4.58142 4.58884 4.59549 4.60131 4.60628 4.61037 4.61356 4.61581 4.61713 4.61749 4.61691 4.61538 4.61292 4.60953 4.60524 4.60008 4.59408 4.58727 4.57971 4.57143 4.56248 4.55293 4.54283 4.53225 4.52125 4.50989 4.49825 4.4864 4.4744 4.46232 4.45022 4.43819 4.42626 4.41452 4.40301 4.39178 4.38088 4.37035 4.36023 4.35056 4.34135 4.33263 4.32442 4.31673 4.30956 4.30292 4.2968 4.29121 4.28614 4.28157 4.2775 4.27392 4.27081 4.26816 4.26596 4.2642 4.26288 4.26198 4.2615 
4.25587 4.25624 4.25705 4.25832 4.26005 4.26225 4.26492 4.26809 4.27175 4.27593 4.28064 4.28589 4.29168 4.29804 4.30495 4.31243 4.32047 4.32907 4.33822 4.3479 4.35809 4.36876 4.37989 4.39143 4.40334 4.41558 4.42809 4.44081 4.45369 4.46665 4.47963 4.49256 4.50536 4.51798 4.53032 4.54233 4.55393 4.56506 4.57564 4.58561 4.59492 4.6035 4.61131 4.6183 4.62443 4.62966 4.63396 4.63731 4.63968 4.64106 4.64144 4.64083 4.63922 4.63662 4.63305 4.62854 4.62311 4.61679 4.60961 4.60164 4.59291 4.58347 4.5734 4.56273 4.55156 4.53993 4.52792 4.5156 4.50305 4.49033 4.47752 4.46469 4.45192 4.43925 4.42677 4.41452 4.40257 4.39096 4.37974 4.36895 4.35862 4.34879 4.33947 4.33069 4.32245 4.31478 4.30766 4.3011 4.2951 4.28965 4.28474 4.28036 4.2765 4.27315 4.27029 4.26792 4.26602 4.26458 4.2636 4.26308 
4.25748 4.25786 4.25873 4.26008 4.26193 4.26428 4.26714 4.27052 4.27444 4.27891 4.28395 4.28955 4.29575 4.30253 4.30991 4.31789 4.32647 4.33564 4.34538 4.35568 4.36652 4.37787 4.38969 4.40194 4.41458 4.42756 4.44081 4.45428 4.4679 4.48161 4.49532 4.50897 4.52249 4.53579 4.5488 4.56145 4.57366 4.58536 4.59649 4.60697 4.61675 4.62576 4.63396 4.64129 4.64772 4.65321 4.65771 4.66122 4.6637 4.66515 4.66555 4.6649 4.66321 4.66049 4.65675 4.65201 4.64631 4.63967 4.63214 4.62376 4.61459 4.60467 4.59407 4.58284 4.57107 4.55882 4.54616 4.53317 4.51992 4.50649 4.49295 4.47938 4.46586 4.45245 4.43923 4.42624 4.41356 4.40123 4.38931 4.37784 4.36685 4.35639 4.34646 4.3371 4.32831 4.32012 4.31251 4.30551 4.29909 4.29325 4.28799 4.2833 4.27916 4.27556 4.27249 4.26994 4.26789 4.26634 4.26528 4.26471 
4.25913 4.25954 4.26045 4.26189 4.26386 4.26636 4.26941 4.27302 4.2772 4.28196 4.28733 4.2933 4.2999 4.30712 4.31497 4.32346 4.33258 4.34232 4.35266 4.3636 4.37509 4.38712 4.39964 4.41261 4.42597 4.43969 4.45369 4.4679 4.48227 4.49671 4.51116 4.52553 4.53975 4.55373 4.5674 4.58069 4.5935 4.60577 4.61743 4.62842 4.63866 4.64809 4.65667 4.66434 4.67107 4.6768 4.68151 4.68518 4.68777 4.68928 4.6897 4.68902 4.68726 4.68441 4.6805 4.67554 4.66957 4.66263 4.65474 4.64597 4.63635 4.62596 4.61484 4.60306 4.59071 4.57784 4.56453 4.55087 4.53692 4.52278 4.50852 4.49422 4.47996 4.4658 4.45183 4.43811 4.42469 4.41165 4.39902 4.38687 4.37522 4.36411 4.35357 4.34362 4.33428 4.32556 4.31746 4.31 4.30315 4.29693 4.29132 4.2863 4.28188 4.27803 4.27474 4.27201 4.26981 4.26815 4.267 4.26638 
4.26082 4.26124 4.26221 4.26374 4.26583 4.26848 4.27172 4.27556 4.28 4.28507 4.29077 4.29711 4.30412 4.31178 4.32011 4.32911 4.33877 4.34909 4.36004 4.3716 4.38376 4.39646 4.40968 4.42336 4.43746 4.45191 4.46665 4.48161 4.49671 4.51189 4.52706 4.54215 4.55706 4.57171 4.58603 4.59994 4.61335 4.62618 4.63837 4.64984 4.66054 4.67038 4.67934 4.68734 4.69435 4.70033 4.70524 4.70906 4.71176 4.71333 4.71377 4.71306 4.71122 4.70825 4.70417 4.69901 4.69278 4.68553 4.6773 4.66814 4.6581 4.64723 4.63561 4.62329 4.61036 4.59688 4.58294 4.56861 4.55399 4.53914 4.52416 4.50913 4.49413 4.47924 4.46452 4.45006 4.43592 4.42215 4.40883 4.39598 4.38366 4.37191 4.36076 4.35022 4.34032 4.33107 4.32248 4.31455 4.30728 4.30066 4.29469 4.28936 4.28464 4.28054 4.27703 4.27411 4.27177 4.26999 4.26876 4.26809 
4.26254 4.26298 4.264 4.26562 4.26783 4.27064 4.27408 4.27814 4.28285 4.28821 4.29425 4.30097 4.30838 4.31649 4.3253 4.33481 4.34502 4.35591 4.36747 4.37966 4.39247 4.40585 4.41976 4.43416 4.44897 4.46415 4.47963 4.49532 4.51116 4.52706 4.54295 4.55873 4.57432 4.58964 4.6046 4.61911 4.6331 4.64648 4.65919 4.67114 4.68227 4.69252 4.70184 4.71016 4.71745 4.72366 4.72877 4.73273 4.73554 4.73718 4.73763 4.7369 4.73498 4.7319 4.72766 4.72229 4.71581 4.70827 4.69971 4.69017 4.67971 4.66839 4.65627 4.64342 4.62993 4.61585 4.60129 4.58631 4.57101 4.55548 4.53979 4.52404 4.50831 4.49268 4.47724 4.46204 4.44717 4.4327 4.41867 4.40514 4.39216 4.37977 4.36799 4.35687 4.34641 4.33663 4.32755 4.31915 4.31145 4.30444 4.29811 4.29244 4.28744 4.28308 4.27936 4.27625 4.27375 4.27185 4.27055 4.26982 
4.26427 4.26473 4.26581 4.26751 4.26985 4.27282 4.27645 4.28074 4.28572 4.29138 4.29776 4.30485 4.31267 4.32122 4.33051 4.34054 4.35129 4.36275 4.3749 4.38773 4.40118 4.41524 4.42984 4.44493 4.46046 4.47636 4.49256 4.50897 4.52553 4.54215 4.55873 4.5752 4.59146 4.60742 4.623 4.6381 4.65266 4.66657 4.67977 4.69219 4.70375 4.71439 4.72405 4.73269 4.74024 4.74669 4.75198 4.75609 4.759 4.7607 4.76116 4.76041 4.75842 4.75523 4.75083 4.74526 4.73855 4.73073 4.72184 4.71194 4.70108 4.68931 4.67672 4.66336 4.64931 4.63466 4.61948 4.60388 4.58792 4.57171 4.55533 4.53887 4.52242 4.50607 4.4899 4.47399 4.4584 4.44322 4.42849 4.41429 4.40065 4.38762 4.37524 4.36353 4.35251 4.34221 4.33262 4.32377 4.31564 4.30823 4.30154 4.29555 4.29026 4.28564 4.2817 4.2784 4.27576 4.27374 4.27235 4.27158 
4.26602 4.2665 4.26763 4.26942 4.27188 4.27501 4.27883 4.28335 4.28859 4.29456 4.30127 4.30873 4.31696 4.32595 4.33572 4.34625 4.35753 4.36956 4.38231 4.39575 4.40985 4.42456 4.43984 4.45563 4.47186 4.48846 4.50536 4.52249 4.53975 4.55706 4.57432 4.59146 4.60836 4.62495 4.64113 4.65681 4.67191 4.68634 4.70003 4.71289 4.72486 4.73587 4.74587 4.7548 4.76262 4.76928 4.77475 4.779 4.78201 4.78376 4.78425 4.78347 4.78142 4.77812 4.77358 4.76782 4.76088 4.75279 4.74359 4.73334 4.72209 4.7099 4.69684 4.68298 4.66841 4.65319 4.63743 4.6212 4.60461 4.58774 4.57068 4.55353 4.53639 4.51933 4.50245 4.48583 4.46954 4.45366 4.43825 4.42338 4.40909 4.39544 4.38245 4.37016 4.35859 4.34776 4.33769 4.32838 4.31982 4.31202 4.30497 4.29866 4.29308 4.28821 4.28404 4.28057 4.27777 4.27563 4.27416 4.27334 
4.26776 4.26826 4.26944 4.27132 4.2739 4.27719 4.2812 4.28595 4.29145 4.29772 4.30476 4.31259 4.32122 4.33065 4.34088 4.35191 4.36373 4.37631 4.38964 4.40369 4.41842 4.43378 4.44972 4.46618 4.48309 4.50038 4.51798 4.53579 4.55373 4.57171 4.58964 4.60742 4.62495 4.64215 4.65891 4.67514 4.69076 4.70569 4.71983 4.73312 4.74549 4.75686 4.76718 4.7764 4.78446 4.79133 4.79697 4.80135 4.80446 4.80627 4.80677 4.80597 4.80386 4.80045 4.79577 4.78984 4.78268 4.77433 4.76484 4.75426 4.74263 4.73004 4.71653 4.7022 4.68711 4.67136 4.65503 4.63821 4.62099 4.60348 4.58577 4.56795 4.55012 4.53238 4.51481 4.4975 4.48052 4.46397 4.44789 4.43236 4.41744 4.40316 4.38958 4.37672 4.36461 4.35327 4.34272 4.33295 4.32398 4.31579 4.30838 4.30175 4.29588 4.29076 4.28638 4.28272 4.27977 4.27752 4.27597 4.2751 
4.26949 4.27001 4.27125 4.27321 4.27591 4.27936 4.28356 4.28853 4.29429 4.30085 4.30822 4.31641 4.32543 4.33529 4.34598 4.35749 4.36983 4.38296 4.39686 4.4115 4.42684 4.44283 4.45941 4.47653 4.4941 4.51206 4.53032 4.5488 4.5674 4.58603 4.6046 4.623 4.64113 4.65891 4.67622 4.69299 4.70911 4.72451 4.73909 4.75279 4.76553 4.77724 4.78787 4.79736 4.80565 4.81272 4.81853 4.82304 4.82623 4.82809 4.82861 4.82779 4.82562 4.82212 4.81731 4.81121 4.80384 4.79525 4.78548 4.77458 4.76261 4.74962 4.7357 4.72091 4.70533 4.68906 4.67218 4.65479 4.63698 4.61886 4.60051 4.58205 4.56356 4.54515 4.52691 4.50893 4.49129 4.47407 4.45735 4.44118 4.42564 4.41076 4.3966 4.38318 4.37054 4.3587 4.34767 4.33746 4.32807 4.31951 4.31176 4.30481 4.29866 4.29329 4.2887 4.28485 4.28176 4.2794 4.27776 4.27685 
4.27119 4.27173 4.27302 4.27507 4.27789 4.28149 4.28588 4.29107 4.29708 4.30392 4.31161 4.32015 4.32956 4.33983 4.35097 4.36296 4.3758 4.38946 4.40391 4.41913 4.43506 4.45166 4.46886 4.48661 4.50483 4.52343 4.54233 4.56145 4.58069 4.59994 4.61911 4.6381 4.65681 4.67514 4.69299 4.71026 4.72686 4.7427 4.75771 4.77179 4.78488 4.79692 4.80783 4.81757 4.82609 4.83335 4.83931 4.84393 4.84721 4.84912 4.84966 4.84882 4.8466 4.84301 4.83808 4.83182 4.82426 4.81544 4.80541 4.79421 4.7819 4.76855 4.75422 4.739 4.72296 4.7062 4.6888 4.67087 4.65249 4.63377 4.61482 4.59574 4.57662 4.55757 4.53869 4.52006 4.50178 4.48392 4.46657 4.44979 4.43364 4.41818 4.40346 4.3895 4.37634 4.36401 4.35252 4.34188 4.33209 4.32315 4.31506 4.30781 4.30139 4.29578 4.29097 4.28695 4.28371 4.28124 4.27953 4.27857 
4.27286 4.27342 4.27476 4.2769 4.27983 4.28357 4.28814 4.29355 4.2998 4.30692 4.31492 4.32381 4.33358 4.34426 4.35582 4.36827 4.3816 4.39577 4.41075 4.42652 4.44303 4.46021 4.47801 4.49637 4.5152 4.53441 4.55393 4.57366 4.5935 4.61335 4.6331 4.65266 4.67191 4.69076 4.70911 4.72686 4.74391 4.76018 4.77557 4.79002 4.80345 4.81578 4.82697 4.83695 4.84568 4.85311 4.85921 4.86395 4.86731 4.86927 4.86982 4.86896 4.86669 4.86303 4.85798 4.85157 4.84383 4.8348 4.82452 4.81304 4.80042 4.78672 4.77202 4.75639 4.73991 4.72269 4.7048 4.68634 4.66743 4.64815 4.62862 4.60895 4.58923 4.56957 4.55007 4.53082 4.51192 4.49346 4.4755 4.45813 4.4414 4.42538 4.41011 4.39563 4.38198 4.36918 4.35724 4.34618 4.336 4.32671 4.31829 4.31074 4.30405 4.29821 4.2932 4.28901 4.28563 4.28305 4.28126 4.28025 
4.27448 4.27506 4.27645 4.27867 4.28171 4.2856 4.29034 4.29595 4.30244 4.30983 4.31812 4.32734 4.33747 4.34853 4.36051 4.3734 4.38719 4.40185 4.41735 4.43364 4.45069 4.46843 4.48681 4.50574 4.52515 4.54495 4.56506 4.58536 4.60577 4.62618 4.64648 4.66657 4.68634 4.70569 4.72451 4.7427 4.76018 4.77684 4.79261 4.80739 4.82113 4.83375 4.84519 4.85539 4.86431 4.87191 4.87814 4.88298 4.88642 4.88842 4.88899 4.88812 4.8858 4.88206 4.87691 4.87036 4.86245 4.85323 4.84271 4.83097 4.81806 4.80404 4.78899 4.77298 4.75609 4.73843 4.72007 4.70113 4.68171 4.66191 4.64183 4.6216 4.60131 4.58107 4.56098 4.54115 4.52166 4.50261 4.48408 4.46614 4.44887 4.43231 4.41652 4.40154 4.38741 4.37416 4.36179 4.35033 4.33978 4.33014 4.32141 4.31357 4.30663 4.30056 4.29535 4.291 4.28749 4.2848 4.28294 4.28189 
4.27605 4.27664 4.27808 4.28037 4.28352 4.28755 4.29245 4.29826 4.30498 4.31262 4.3212 4.33072 4.3412 4.35263 4.365 4.37831 4.39254 4.40766 4.42364 4.44044 4.45801 4.47628 4.49519 4.51467 4.53463 4.55498 4.57564 4.59649 4.61743 4.63837 4.65919 4.67977 4.70003 4.71983 4.73909 4.75771 4.77557 4.79261 4.80871 4.82382 4.83784 4.85072 4.8624 4.87281 4.8819 4.88965 4.89601 4.90095 4.90445 4.9065 4.90708 4.90619 4.90384 4.90003 4.89478 4.88811 4.88005 4.87064 4.85991 4.84793 4.83475 4.82043 4.80505 4.78868 4.77142 4.75334 4.73456 4.71516 4.69526 4.67496 4.65438 4.63362 4.61279 4.592 4.57136 4.55098 4.53094 4.51134 4.49226 4.47379 4.45599 4.43892 4.42264 4.40719 4.39261 4.37892 4.36615 4.3543 4.3434 4.33343 4.3244 4.31629 4.3091 4.30281 4.29742 4.29291 4.28927 4.28649 4.28456 4.28347 
4.27754 4.27815 4.27964 4.282 4.28525 4.2894 4.29447 4.30046 4.30739 4.31527 4.32412 4.33394 4.34474 4.35651 4.36926 4.38296 4.39761 4.41317 4.4296 4.44687 4.46492 4.48369 4.50311 4.5231 4.54357 4.56444 4.58561 4.60697 4.62842 4.64984 4.67114 4.69219 4.71289 4.73312 4.75279 4.77179 4.79002 4.80739 4.82382 4.83921 4.8535 4.86662 4.87851 4.88911 4.89837 4.90626 4.91273 4.91776 4.92133 4.92341 4.92401 4.92311 4.92072 4.91685 4.91151 4.90472 4.89652 4.88694 4.87603 4.86382 4.85039 4.8358 4.82012 4.80342 4.78581 4.76735 4.74817 4.72835 4.70801 4.68725 4.66619 4.64493 4.62361 4.60231 4.58116 4.56025 4.53969 4.51958 4.49999 4.48102 4.46272 4.44518 4.42843 4.41254 4.39753 4.38343 4.37028 4.35807 4.34683 4.33655 4.32724 4.31887 4.31145 4.30496 4.2994 4.29474 4.29097 4.2881 4.2861 4.28497 
4.27895 4.27958 4.2811 4.28354 4.28688 4.29116 4.29637 4.30253 4.30966 4.31777 4.32687 4.33696 4.34806 4.36016 4.37325 4.38733 4.40236 4.41833 4.43519 4.4529 4.4714 4.49063 4.51051 4.53098 4.55193 4.57327 4.59492 4.61675 4.63866 4.66054 4.68227 4.70375 4.72486 4.74549 4.76553 4.78488 4.80345 4.82113 4.83784 4.8535 4.86804 4.88138 4.89346 4.90423 4.91365 4.92166 4.92823 4.93335 4.93697 4.93909 4.9397 4.93879 4.93637 4.93244 4.92702 4.92013 4.91181 4.90207 4.89098 4.87858 4.86492 4.85008 4.83412 4.81712 4.79918 4.78038 4.76083 4.74062 4.71987 4.69869 4.67719 4.65549 4.63369 4.61193 4.5903 4.56891 4.54787 4.52728 4.50722 4.48778 4.46903 4.45103 4.43386 4.41755 4.40214 4.38767 4.37415 4.36162 4.35006 4.33949 4.32991 4.3213 4.31367 4.30699 4.30126 4.29646 4.29258 4.28962 4.28756 4.28639 
4.28026 4.28091 4.28247 4.28497 4.2884 4.29279 4.29814 4.30446 4.31178 4.32009 4.32943 4.33978 4.35115 4.36355 4.37696 4.39138 4.40677 4.42311 4.44036 4.45847 4.47738 4.49704 4.51735 4.53825 4.55964 4.58142 4.6035 4.62576 4.64809 4.67038 4.69252 4.71439 4.73587 4.75686 4.77724 4.79692 4.81578 4.83375 4.85072 4.86662 4.88138 4.89492 4.90718 4.9181 4.92765 4.93578 4.94245 4.94763 4.95131 4.95346 4.95408 4.95317 4.95071 4.94674 4.94125 4.93427 4.92582 4.91596 4.9047 4.89212 4.87826 4.86319 4.84698 4.82971 4.81148 4.79237 4.77248 4.75192 4.7308 4.70923 4.68733 4.66521 4.643 4.6208 4.59873 4.57691 4.55543 4.53439 4.5139 4.49403 4.47486 4.45645 4.43888 4.42219 4.40641 4.39159 4.37775 4.3649 4.35306 4.34222 4.33239 4.32356 4.31573 4.30887 4.30299 4.29806 4.29408 4.29103 4.28892 4.28772 
4.28147 4.28213 4.28373 4.28629 4.2898 4.29429 4.29976 4.30624 4.31372 4.32223 4.33177 4.34235 4.35398 4.36665 4.38036 4.39508 4.4108 4.42748 4.44508 4.46355 4.48284 4.50288 4.52359 4.54488 4.56666 4.58884 4.61131 4.63396 4.65667 4.67934 4.70184 4.72405 4.74587 4.76718 4.78787 4.80783 4.82697 4.84519 4.8624 4.87851 4.89346 4.90718 4.9196 4.93066 4.94033 4.94856 4.95531 4.96056 4.96429 4.96647 4.9671 4.96618 4.9637 4.95968 4.95412 4.94706 4.93852 4.92853 4.91713 4.90439 4.89034 4.87507 4.85864 4.84113 4.82263 4.80324 4.78305 4.76217 4.74072 4.7188 4.69654 4.67405 4.65146 4.62887 4.60641 4.58419 4.56231 4.54088 4.51999 4.49973 4.48018 4.4614 4.44347 4.42643 4.41032 4.39518 4.38104 4.36791 4.3558 4.34472 4.33467 4.32563 4.31762 4.3106 4.30458 4.29953 4.29546 4.29234 4.29017 4.28894 
4.28257 4.28324 4.28488 4.28748 4.29107 4.29565 4.30123 4.30784 4.31547 4.32415 4.33388 4.34467 4.35653 4.36944 4.38341 4.39841 4.41441 4.4314 4.44932 4.46812 4.48774 4.50812 4.52918 4.55082 4.57296 4.59549 4.6183 4.64129 4.66434 4.68734 4.71016 4.73269 4.7548 4.7764 4.79736 4.81757 4.83695 4.85539 4.87281 4.88911 4.90423 4.9181 4.93066 4.94185 4.95163 4.95994 4.96677 4.97208 4.97584 4.97805 4.97869 4.97776 4.97526 4.9712 4.96559 4.95846 4.94983 4.93973 4.92821 4.91532 4.90112 4.88567 4.86904 4.85132 4.83259 4.81295 4.79249 4.77134 4.74959 4.72736 4.70478 4.68196 4.65903 4.63609 4.61328 4.5907 4.56847 4.54669 4.52545 4.50484 4.48495 4.46584 4.44759 4.43023 4.41383 4.39841 4.384 4.37061 4.35827 4.34697 4.33672 4.3275 4.31932 4.31216 4.30601 4.30087 4.2967 4.29352 4.2913 4.29005 
4.28355 4.28423 4.28589 4.28854 4.29219 4.29685 4.30254 4.30926 4.31702 4.32585 4.33575 4.34672 4.35878 4.3719 4.3861 4.40134 4.4176 4.43485 4.45304 4.47213 4.49205 4.51273 4.53408 4.55603 4.57847 4.60131 4.62443 4.64772 4.67107 4.69435 4.71745 4.74024 4.76262 4.78446 4.80565 4.82609 4.84568 4.86431 4.8819 4.89837 4.91365 4.92765 4.94033 4.95163 4.96149 4.96989 4.97678 4.98213 4.98594 4.98817 4.98882 4.98788 4.98537 4.98127 4.97562 4.96842 4.95971 4.94952 4.9379 4.92488 4.91054 4.89493 4.87814 4.86023 4.8413 4.82144 4.80075 4.77935 4.75735 4.73486 4.71199 4.68889 4.66566 4.64242 4.61931 4.59642 4.57388 4.55178 4.53024 4.50933 4.48914 4.46975 4.45121 4.43358 4.41692 4.40125 4.3866 4.373 4.36045 4.34896 4.33853 4.32915 4.32083 4.31355 4.30729 4.30205 4.29781 4.29456 4.29231 4.29103 
4.28439 4.28508 4.28677 4.28946 4.29316 4.29789 4.30366 4.31048 4.31836 4.32731 4.33735 4.34849 4.36071 4.37402 4.38841 4.40385 4.42033 4.43781 4.45624 4.47557 4.49573 4.51666 4.53828 4.56048 4.58319 4.60628 4.62966 4.65321 4.6768 4.70033 4.72366 4.74669 4.76928 4.79133 4.81272 4.83335 4.85311 4.87191 4.88965 4.90626 4.92166 4.93578 4.94856 4.95994 4.96989 4.97835 4.98529 4.99069 4.99453 4.99678 4.99743 4.99649 4.99396 4.98984 4.98414 4.97689 4.96812 4.95785 4.94614 4.93302 4.91856 4.90282 4.88588 4.86781 4.84871 4.82867 4.80779 4.78619 4.76396 4.74124 4.71815 4.6948 4.67131 4.64783 4.62445 4.6013 4.5785 4.55614 4.53433 4.51317 4.49273 4.47308 4.45431 4.43645 4.41957 4.40368 4.38884 4.37504 4.36232 4.35066 4.34008 4.33057 4.32213 4.31474 4.30838 4.30306 4.29876 4.29547 4.29318 4.29188 
4.28509 4.28579 4.2875 4.29022 4.29397 4.29876 4.3046 4.3115 4.31947 4.32853 4.33869 4.34995 4.36231 4.37577 4.39031 4.40593 4.42258 4.44025 4.45887 4.4784 4.49877 4.51991 4.54173 4.56415 4.58707 4.61037 4.63396 4.65771 4.68151 4.70524 4.72877 4.75198 4.77475 4.79697 4.81853 4.83931 4.85921 4.87814 4.89601 4.91273 4.92823 4.94245 4.95531 4.96677 4.97678 4.98529 4.99228 4.99772 5.00157 5.00384 5.0045 5.00356 5.00101 4.99687 4.99114 4.98385 4.97502 4.96469 4.9529 4.9397 4.92514 4.9093 4.89224 4.87404 4.8548 4.83461 4.81357 4.7918 4.76939 4.74649 4.7232 4.69965 4.67596 4.65227 4.62868 4.60532 4.5823 4.55973 4.53771 4.51633 4.49568 4.47584 4.45686 4.43882 4.42175 4.4057 4.39068 4.37674 4.36386 4.35208 4.34138 4.33175 4.32321 4.31573 4.3093 4.30391 4.29956 4.29622 4.2939 4.29259 
4.28565 4.28636 4.28808 4.29083 4.29462 4.29945 4.30534 4.3123 4.32035 4.32949 4.33974 4.35109 4.36356 4.37714 4.39181 4.40755 4.42435 4.44215 4.46092 4.48061 4.50113 4.52243 4.54442 4.567 4.59008 4.61356 4.63731 4.66122 4.68518 4.70906 4.73273 4.75609 4.779 4.80135 4.82304 4.84393 4.86395 4.88298 4.90095 4.91776 4.93335 4.94763 4.96056 4.97208 4.98213 4.99069 4.99772 5.00318 5.00706 5.00933 5.01 5.00906 5.0065 5.00234 4.99658 4.98926 4.98039 4.97001 4.95816 4.94489 4.93026 4.91433 4.89718 4.87888 4.85953 4.83922 4.81806 4.79615 4.77362 4.75057 4.72713 4.70342 4.67958 4.65572 4.63197 4.60844 4.58525 4.56252 4.54033 4.51879 4.49798 4.47798 4.45886 4.44067 4.42346 4.40727 4.39213 4.37806 4.36508 4.35319 4.34239 4.33268 4.32406 4.31651 4.31002 4.30458 4.30019 4.29682 4.29448 4.29315 
4.28606 4.28677 4.28851 4.29128 4.29509 4.29995 4.30588 4.31288 4.32098 4.33018 4.34049 4.35192 4.36447 4.37812 4.39288 4.40872 4.42561 4.44351 4.46239 4.48218 4.50282 4.52423 4.54633 4.56903 4.59222 4.61581 4.63968 4.6637 4.68777 4.71176 4.73554 4.759 4.78201 4.80446 4.82623 4.84721 4.86731 4.88642 4.90445 4.92133 4.93697 4.95131 4.96429 4.97584 4.98594 4.99453 5.00157 5.00706 5.01095 5.01324 5.01391 5.01296 5.01039 5.00622 5.00044 4.99309 4.98419 4.97378 4.96189 4.94857 4.93388 4.9179 4.90068 4.88231 4.86288 4.84249 4.82124 4.79924 4.7766 4.75345 4.72991 4.70609 4.68214 4.65816 4.6343 4.61065 4.58735 4.5645 4.5422 4.52054 4.49962 4.47951 4.46028 4.44199 4.42468 4.4084 4.39317 4.37901 4.36595 4.35399 4.34312 4.33335 4.32468 4.31708 4.31055 4.30507 4.30065 4.29726 4.2949 4.29357 
4.28632 4.28703 4.28878 4.29155 4.29538 4.30026 4.30621 4.31324 4.32137 4.3306 4.34095 4.35242 4.36501 4.37871 4.39352 4.40941 4.42635 4.44432 4.46325 4.4831 4.5038 4.52528 4.54745 4.57021 4.59347 4.61713 4.64106 4.66515 4.68928 4.71333 4.73718 4.7607 4.78376 4.80627 4.82809 4.84912 4.86927 4.88842 4.9065 4.92341 4.93909 4.95346 4.96647 4.97805 4.98817 4.99678 5.00384 5.00933 5.01324 5.01553 5.0162 5.01525 5.01268 5.0085 5.00271 4.99535 4.98643 4.97599 4.96407 4.95072 4.936 4.91998 4.90272 4.88431 4.86483 4.84439 4.82309 4.80103 4.77834 4.75513 4.73152 4.70765 4.68362 4.65959 4.63565 4.61194 4.58857 4.56565 4.54328 4.52157 4.50058 4.48041 4.46112 4.44277 4.4254 4.40907 4.39379 4.37958 4.36648 4.35447 4.34357 4.33376 4.32505 4.31743 4.31087 4.30538 4.30094 4.29754 4.29517 4.29383 
