4.81365 4.81383 4.81408 4.81439 4.81475 4.81518 4.81567 4.81623 4.81685 4.81754 4.81829 4.81912 4.82002 4.82099 4.82204 4.82317 4.82438 4.82566 4.82702 4.82847 4.82999 4.83158 4.83325 4.83499 4.83679 4.83865 4.84056 4.84253 4.84452 4.84655 4.8486 4.85066 4.85271 4.85475 4.85677 4.85875 4.86067 4.86254 4.86433 4.86603 4.86763 4.86912 4.87049 4.87172 4.87282 4.87376 4.87455 4.87517 4.87563 4.87591 4.87602 4.87596 4.87573 4.87532 4.87475 4.87401 4.87312 4.87208 4.8709 4.86959 4.86816 4.86661 4.86497 4.86324 4.86144 4.85958 4.85767 4.85572 4.85375 4.85177 4.84979 4.84783 4.84588 4.84398 4.84211 4.8403 4.83854 4.83685 4.83524 4.8337 4.83224 4.83087 4.82958 4.82839 4.82728 4.82626 4.82533 4.82449 4.82374 4.82307 4.82249 4.82198 4.82156 4.82121 4.82093 4.82073 4.8206 4.82053 4.82053 4.82059 
4.81383 4.81402 4.81426 4.81457 4.81494 4.81537 4.81587 4.81642 4.81705 4.81774 4.8185 4.81933 4.82024 4.82122 4.82228 4.82341 4.82463 4.82592 4.8273 4.82875 4.83028 4.83189 4.83357 4.83533 4.83715 4.83902 4.84096 4.84293 4.84495 4.847 4.84907 4.85114 4.85322 4.85528 4.85731 4.85931 4.86126 4.86314 4.86495 4.86666 4.86828 4.86978 4.87116 4.87241 4.87352 4.87447 4.87526 4.87589 4.87635 4.87664 4.87675 4.87669 4.87645 4.87604 4.87546 4.87472 4.87382 4.87277 4.87158 4.87025 4.8688 4.86725 4.86559 4.86384 4.86202 4.86014 4.85821 4.85625 4.85426 4.85226 4.85026 4.84828 4.84631 4.84439 4.8425 4.84067 4.8389 4.8372 4.83557 4.83401 4.83254 4.83116 4.82986 4.82865 4.82753 4.8265 4.82557 4.82472 4.82396 4.82329 4.8227 4.82219 4.82176 4.82141 4.82113 4.82092 4.82079 4.82072 4.82071 4.82077 
4.81408 4.81426 4.81451 4.81482 4.8152 4.81564 4.81614 4.81671 4.81735 4.81805 4.81883 4.81968 4.82061 4.82161 4.82269 4.82385 4.8251 4.82642 4.82783 4.82932 4.83089 4.83254 4.83426 4.83606 4.83792 4.83985 4.84183 4.84386 4.84593 4.84803 4.85015 4.85227 4.8544 4.85651 4.8586 4.86064 4.86264 4.86457 4.86642 4.86818 4.86983 4.87137 4.87278 4.87406 4.87519 4.87617 4.87698 4.87762 4.87809 4.87838 4.8785 4.87843 4.87819 4.87777 4.87717 4.87641 4.87549 4.87441 4.87319 4.87183 4.87035 4.86875 4.86705 4.86526 4.86339 4.86147 4.85949 4.85747 4.85543 4.85338 4.85133 4.8493 4.84729 4.84531 4.84338 4.8415 4.83968 4.83793 4.83626 4.83466 4.83315 4.83173 4.8304 4.82915 4.82801 4.82695 4.82599 4.82511 4.82433 4.82364 4.82303 4.8225 4.82206 4.82169 4.82141 4.82119 4.82105 4.82097 4.82096 4.82102 
4.81439 4.81457 4.81482 4.81514 4.81553 4.81598 4.81649 4.81708 4.81774 4.81847 4.81928 4.82016 4.82112 4.82216 4.82328 4.82449 4.82578 4.82716 4.82863 4.83018 4.83181 4.83353 4.83532 4.83719 4.83913 4.84113 4.84319 4.8453 4.84745 4.84964 4.85184 4.85405 4.85626 4.85846 4.86062 4.86275 4.86482 4.86682 4.86874 4.87057 4.87229 4.87388 4.87535 4.87667 4.87784 4.87885 4.8797 4.88036 4.88085 4.88115 4.88127 4.8812 4.88094 4.8805 4.87989 4.87909 4.87813 4.87701 4.87574 4.87433 4.87279 4.87113 4.86936 4.8675 4.86556 4.86355 4.8615 4.8594 4.85728 4.85514 4.85301 4.85089 4.8488 4.84674 4.84473 4.84277 4.84088 4.83906 4.83731 4.83565 4.83408 4.83259 4.8312 4.8299 4.8287 4.8276 4.82659 4.82567 4.82485 4.82412 4.82348 4.82293 4.82246 4.82207 4.82177 4.82153 4.82138 4.82129 4.82128 4.82133 
4.81475 4.81494 4.8152 4.81553 4.81592 4.81639 4.81693 4.81754 4.81823 4.819 4.81984 4.82077 4.82178 4.82288 4.82406 4.82533 4.82669 4.82815 4.82969 4.83133 4.83305 4.83486 4.83675 4.83872 4.84076 4.84287 4.84505 4.84727 4.84953 4.85183 4.85415 4.85648 4.8588 4.86111 4.86339 4.86563 4.8678 4.86991 4.87193 4.87384 4.87565 4.87733 4.87886 4.88025 4.88148 4.88254 4.88342 4.88412 4.88463 4.88494 4.88506 4.88499 4.88471 4.88425 4.8836 4.88276 4.88175 4.88057 4.87924 4.87775 4.87613 4.87438 4.87252 4.87056 4.86852 4.86641 4.86424 4.86203 4.8598 4.85755 4.8553 4.85307 4.85086 4.84869 4.84657 4.8445 4.84251 4.84058 4.83874 4.83698 4.83531 4.83374 4.83226 4.83089 4.82962 4.82844 4.82737 4.8264 4.82552 4.82474 4.82406 4.82347 4.82296 4.82255 4.82221 4.82196 4.82178 4.82168 4.82165 4.8217 
4.81518 4.81537 4.81564 4.81598 4.81639 4.81688 4.81745 4.8181 4.81883 4.81964 4.82054 4.82152 4.82259 4.82376 4.82502 4.82638 4.82783 4.82938 4.83102 4.83277 4.8346 4.83653 4.83855 4.84065 4.84283 4.84508 4.84739 4.84976 4.85217 4.85462 4.85709 4.85956 4.86204 4.86449 4.86691 4.86929 4.8716 4.87383 4.87598 4.87801 4.87992 4.8817 4.88333 4.8848 4.8861 4.88722 4.88816 4.88889 4.88943 4.88976 4.88988 4.8898 4.88951 4.88901 4.88832 4.88743 4.88636 4.8851 4.88368 4.8821 4.88037 4.87851 4.87653 4.87445 4.87228 4.87003 4.86773 4.86538 4.863 4.8606 4.85821 4.85583 4.85348 4.85116 4.8489 4.84669 4.84456 4.8425 4.84053 4.83865 4.83686 4.83518 4.8336 4.83212 4.83076 4.8295 4.82834 4.82729 4.82635 4.82551 4.82476 4.82412 4.82357 4.82311 4.82274 4.82246 4.82226 4.82214 4.8221 4.82213 
4.81567 4.81587 4.81614 4.81649 4.81693 4.81745 4.81805 4.81874 4.81952 4.82039 4.82135 4.82241 4.82356 4.82481 4.82617 4.82763 4.82919 4.83086 4.83263 4.83451 4.83648 4.83856 4.84073 4.84299 4.84533 4.84775 4.85024 4.85278 4.85537 4.858 4.86065 4.86331 4.86596 4.86859 4.87119 4.87373 4.87621 4.8786 4.88089 4.88307 4.88511 4.88702 4.88876 4.89033 4.89172 4.89291 4.8939 4.89469 4.89526 4.89561 4.89574 4.89564 4.89533 4.8948 4.89405 4.8931 4.89194 4.8906 4.88907 4.88738 4.88552 4.88353 4.88141 4.87918 4.87685 4.87443 4.87196 4.86944 4.86688 4.86431 4.86174 4.85918 4.85665 4.85416 4.85172 4.84934 4.84704 4.84483 4.8427 4.84067 4.83874 4.83692 4.83521 4.83361 4.83212 4.83075 4.8295 4.82836 4.82733 4.82641 4.82559 4.82488 4.82428 4.82377 4.82335 4.82303 4.8228 4.82266 4.8226 4.82263 
4.81623 4.81642 4.81671 4.81708 4.81754 4.8181 4.81874 4.81948 4.82032 4.82126 4.82229 4.82344 4.82468 4.82604 4.82751 4.82909 4.83078 4.83259 4.83451 4.83655 4.83869 4.84094 4.84329 4.84574 4.84828 4.8509 4.85359 4.85634 4.85915 4.86199 4.86485 4.86772 4.87058 4.87342 4.87622 4.87897 4.88164 4.88421 4.88668 4.88903 4.89123 4.89327 4.89514 4.89683 4.89832 4.89961 4.90067 4.90151 4.90212 4.90249 4.90263 4.90252 4.90218 4.9016 4.9008 4.89976 4.89852 4.89707 4.89542 4.89359 4.89159 4.88944 4.88715 4.88474 4.88222 4.87962 4.87694 4.87422 4.87145 4.86867 4.86589 4.86312 4.86038 4.85768 4.85504 4.85246 4.84997 4.84756 4.84524 4.84304 4.84094 4.83895 4.83709 4.83534 4.83372 4.83222 4.83085 4.82959 4.82846 4.82745 4.82655 4.82576 4.82509 4.82452 4.82405 4.82369 4.82343 4.82326 4.82318 4.82319 
4.81685 4.81705 4.81735 4.81774 4.81823 4.81883 4.81952 4.82032 4.82123 4.82224 4.82337 4.82461 4.82597 4.82744 4.82904 4.83077 4.83261 4.83458 4.83668 4.83889 4.84123 4.84368 4.84624 4.84891 4.85167 4.85452 4.85745 4.86045 4.86349 4.86658 4.86969 4.8728 4.87591 4.87899 4.88203 4.885 4.88789 4.89068 4.89335 4.89588 4.89826 4.90047 4.9025 4.90432 4.90593 4.90731 4.90846 4.90936 4.91001 4.91041 4.91055 4.91044 4.91006 4.90943 4.90856 4.90744 4.90608 4.90451 4.90272 4.90074 4.89857 4.89624 4.89376 4.89114 4.88841 4.88559 4.88268 4.87972 4.87672 4.8737 4.87067 4.86766 4.86468 4.86174 4.85886 4.85605 4.85333 4.8507 4.84817 4.84576 4.84347 4.84129 4.83925 4.83733 4.83555 4.83391 4.83239 4.83101 4.82976 4.82863 4.82764 4.82676 4.82601 4.82537 4.82485 4.82443 4.82412 4.82392 4.82382 4.82382 
4.81754 4.81774 4.81805 4.81847 4.819 4.81964 4.82039 4.82126 4.82224 4.82335 4.82458 4.82593 4.82741 4.82903 4.83078 4.83266 4.83468 4.83684 4.83913 4.84155 4.84411 4.84679 4.84959 4.85251 4.85552 4.85864 4.86183 4.8651 4.86842 4.87178 4.87517 4.87856 4.88195 4.8853 4.8886 4.89183 4.89497 4.898 4.9009 4.90364 4.90623 4.90862 4.91081 4.91278 4.91453 4.91602 4.91726 4.91824 4.91894 4.91937 4.91952 4.91938 4.91897 4.91829 4.91733 4.91611 4.91464 4.91293 4.91098 4.90883 4.90647 4.90393 4.90123 4.89839 4.89542 4.89234 4.88918 4.88595 4.88269 4.87939 4.87609 4.8728 4.86955 4.86634 4.86319 4.86012 4.85714 4.85426 4.85149 4.84885 4.84633 4.84394 4.84169 4.83959 4.83762 4.8358 4.83413 4.8326 4.83121 4.82997 4.82886 4.82788 4.82704 4.82632 4.82573 4.82525 4.8249 4.82466 4.82453 4.82452 
4.81829 4.8185 4.81883 4.81928 4.81984 4.82054 4.82135 4.82229 4.82337 4.82458 4.82592 4.8274 4.82903 4.8308 4.83271 4.83478 4.837 4.83936 4.84187 4.84453 4.84733 4.85027 4.85334 4.85653 4.85983 4.86324 4.86673 4.8703 4.87393 4.8776 4.8813 4.885 4.88869 4.89234 4.89594 4.89946 4.90287 4.90617 4.90932 4.91231 4.91511 4.91771 4.92009 4.92223 4.92412 4.92574 4.92708 4.92814 4.9289 4.92936 4.92951 4.92936 4.92891 4.92816 4.92712 4.92579 4.92419 4.92232 4.9202 4.91785 4.91529 4.91252 4.90958 4.90648 4.90324 4.89989 4.89644 4.89292 4.88935 4.88575 4.88215 4.87855 4.87499 4.87148 4.86803 4.86467 4.8614 4.85824 4.8552 4.8523 4.84953 4.8469 4.84442 4.8421 4.83993 4.83792 4.83607 4.83438 4.83284 4.83145 4.83021 4.82912 4.82818 4.82737 4.8267 4.82616 4.82576 4.82547 4.82532 4.82528 
4.81912 4.81933 4.81968 4.82016 4.82077 4.82152 4.82241 4.82344 4.82461 4.82593 4.8274 4.82903 4.83081 4.83275 4.83486 4.83713 4.83956 4.84215 4.84491 4.84783 4.8509 4.85413 4.85749 4.86099 4.86461 4.86833 4.87216 4.87607 4.88003 4.88405 4.88808 4.89213 4.89615 4.90013 4.90405 4.90789 4.91161 4.9152 4.91863 4.92187 4.92492 4.92775 4.93033 4.93265 4.9347 4.93646 4.93791 4.93905 4.93988 4.94037 4.94053 4.94037 4.93987 4.93905 4.93791 4.93646 4.93471 4.93268 4.93037 4.92781 4.92502 4.922 4.91879 4.91541 4.91188 4.90822 4.90446 4.90061 4.89671 4.89278 4.88884 4.88491 4.88101 4.87716 4.87339 4.8697 4.86612 4.86265 4.85931 4.85611 4.85306 4.85017 4.84744 4.84488 4.84249 4.84027 4.83822 4.83634 4.83463 4.83309 4.83171 4.83049 4.82943 4.82853 4.82777 4.82716 4.82669 4.82636 4.82617 4.82612 
4.82002 4.82024 4.82061 4.82112 4.82178 4.82259 4.82356 4.82468 4.82597 4.82741 4.82903 4.83081 4.83277 4.8349 4.83721 4.8397 4.84237 4.84522 4.84825 4.85145 4.85483 4.85836 4.86205 4.86588 4.86984 4.87393 4.87811 4.88238 4.88672 4.89111 4.89552 4.89993 4.90432 4.90867 4.91294 4.91711 4.92117 4.92507 4.9288 4.93233 4.93565 4.93872 4.94152 4.94404 4.94626 4.94817 4.94975 4.95098 4.95187 4.9524 4.95257 4.95239 4.95184 4.95095 4.9497 4.94812 4.94622 4.944 4.94149 4.9387 4.93565 4.93237 4.92887 4.92518 4.92133 4.91734 4.91323 4.90903 4.90478 4.90048 4.89617 4.89187 4.88761 4.8834 4.87926 4.87522 4.87129 4.86748 4.86382 4.8603 4.85695 4.85376 4.85076 4.84793 4.84529 4.84284 4.84057 4.83849 4.83659 4.83488 4.83334 4.83199 4.8308 4.82979 4.82894 4.82825 4.82771 4.82733 4.82711 4.82703 
4.82099 4.82122 4.82161 4.82216 4.82288 4.82376 4.82481 4.82604 4.82744 4.82903 4.8308 4.83275 4.8349 4.83724 4.83978 4.84251 4.84544 4.84857 4.85189 4.85541 4.8591 4.86297 4.86702 4.87121 4.87555 4.88002 4.88459 4.88926 4.894 4.89879 4.9036 4.90841 4.9132 4.91793 4.92258 4.92713 4.93154 4.93578 4.93984 4.94368 4.94727 4.95061 4.95365 4.95639 4.95879 4.96086 4.96256 4.9639 4.96486 4.96543 4.96561 4.9654 4.96481 4.96383 4.96248 4.96076 4.95868 4.95627 4.95353 4.9505 4.94718 4.9436 4.9398 4.93578 4.93158 4.92723 4.92276 4.91818 4.91353 4.90884 4.90414 4.89944 4.89478 4.89017 4.88565 4.88122 4.87691 4.87274 4.86872 4.86486 4.86118 4.85768 4.85437 4.85125 4.84834 4.84563 4.84313 4.84082 4.83873 4.83683 4.83512 4.83361 4.83229 4.83116 4.8302 4.82942 4.82882 4.82838 4.82812 4.82802 
4.82204 4.82228 4.82269 4.82328 4.82406 4.82502 4.82617 4.82751 4.82904 4.83078 4.83271 4.83486 4.83721 4.83978 4.84256 4.84556 4.84877 4.8522 4.85584 4.85969 4.86373 4.86797 4.87239 4.87698 4.88172 4.8866 4.8916 4.89669 4.90186 4.90708 4.91233 4.91757 4.92278 4.92792 4.93298 4.93792 4.94271 4.94732 4.95173 4.95589 4.95979 4.9634 4.9667 4.96966 4.97227 4.9745 4.97635 4.97779 4.97882 4.97944 4.97963 4.9794 4.97875 4.97769 4.97621 4.97434 4.97209 4.96946 4.96649 4.96319 4.95959 4.9557 4.95156 4.9472 4.94263 4.9379 4.93302 4.92804 4.92298 4.91787 4.91274 4.90761 4.90252 4.89749 4.89255 4.88771 4.88299 4.87843 4.87402 4.86979 4.86575 4.86191 4.85827 4.85485 4.85164 4.84866 4.8459 4.84335 4.84103 4.83893 4.83704 4.83537 4.8339 4.83263 4.83157 4.83069 4.83001 4.82952 4.82921 4.82908 
4.82317 4.82341 4.82385 4.82449 4.82533 4.82638 4.82763 4.82909 4.83077 4.83266 4.83478 4.83713 4.8397 4.84251 4.84556 4.84884 4.85235 4.85611 4.86009 4.86429 4.86872 4.87335 4.87817 4.88318 4.88836 4.89368 4.89912 4.90467 4.9103 4.91598 4.92168 4.92738 4.93304 4.93863 4.94412 4.94948 4.95468 4.95967 4.96444 4.96895 4.97318 4.97708 4.98065 4.98385 4.98667 4.98908 4.99107 4.99263 4.99374 4.9944 4.99461 4.99435 4.99364 4.99248 4.99088 4.98885 4.98641 4.98357 4.98034 4.97677 4.97286 4.96864 4.96415 4.95941 4.95445 4.94931 4.94402 4.9386 4.9331 4.92754 4.92195 4.91637 4.91083 4.90535 4.89995 4.89467 4.88952 4.88453 4.87972 4.87509 4.87067 4.86646 4.86247 4.85871 4.85519 4.85191 4.84887 4.84608 4.84352 4.8412 4.83911 4.83726 4.83563 4.83422 4.83303 4.83206 4.83129 4.83073 4.83037 4.83022 
4.82438 4.82463 4.8251 4.82578 4.82669 4.82783 4.82919 4.83078 4.83261 4.83468 4.837 4.83956 4.84237 4.84544 4.84877 4.85235 4.8562 4.86029 4.86464 4.86923 4.87405 4.8791 4.88436 4.88982 4.89545 4.90124 4.90716 4.91319 4.91931 4.92547 4.93166 4.93784 4.94398 4.95004 4.95598 4.96178 4.9674 4.97281 4.97797 4.98284 4.9874 4.99162 4.99547 4.99892 5.00196 5.00456 5.00671 5.00838 5.00958 5.01028 5.0105 5.01022 5.00945 5.0082 5.00646 5.00427 5.00162 4.99855 4.99506 4.99119 4.98696 4.9824 4.97753 4.9724 4.96703 4.96146 4.95572 4.94985 4.94388 4.93784 4.93178 4.92571 4.91969 4.91372 4.90785 4.9021 4.8965 4.89106 4.8858 4.88075 4.87592 4.87132 4.86696 4.86285 4.85899 4.8554 4.85206 4.84899 4.84618 4.84362 4.84132 4.83928 4.83748 4.83592 4.8346 4.83352 4.83266 4.83203 4.83162 4.83144 
4.82566 4.82592 4.82642 4.82716 4.82815 4.82938 4.83086 4.83259 4.83458 4.83684 4.83936 4.84215 4.84522 4.84857 4.8522 4.85611 4.86029 4.86475 4.86949 4.87448 4.87973 4.88522 4.89094 4.89687 4.90299 4.90927 4.9157 4.92224 4.92886 4.93554 4.94224 4.94893 4.95556 4.96211 4.96854 4.97481 4.98087 4.9867 4.99226 4.99752 5.00243 5.00698 5.01112 5.01484 5.01811 5.02091 5.02321 5.02501 5.02629 5.02705 5.02728 5.02697 5.02614 5.02478 5.02291 5.02054 5.01768 5.01436 5.0106 5.00643 5.00186 4.99693 4.99168 4.98614 4.98034 4.97431 4.96811 4.96175 4.95529 4.94876 4.94219 4.93562 4.92908 4.92261 4.91624 4.91 4.90391 4.89799 4.89228 4.88678 4.88151 4.8765 4.87174 4.86725 4.86304 4.85911 4.85546 4.85209 4.84901 4.84621 4.84368 4.84143 4.83945 4.83773 4.83627 4.83507 4.83412 4.83342 4.83296 4.83274 
4.82702 4.8273 4.82783 4.82863 4.82969 4.83102 4.83263 4.83451 4.83668 4.83913 4.84187 4.84491 4.84825 4.85189 4.85584 4.86009 4.86464 4.86949 4.87463 4.88005 4.88575 4.89171 4.89791 4.90433 4.91096 4.91776 4.92471 4.93179 4.93895 4.94617 4.9534 4.96062 4.96778 4.97484 4.98176 4.98851 4.99504 5.00132 5.0073 5.01295 5.01823 5.02312 5.02757 5.03156 5.03507 5.03807 5.04054 5.04247 5.04384 5.04465 5.04489 5.04455 5.04365 5.04219 5.04018 5.03763 5.03455 5.03098 5.02693 5.02244 5.01752 5.01222 5.00656 5.00059 4.99434 4.98784 4.98115 4.9743 4.96732 4.96027 4.95317 4.94607 4.939 4.932 4.9251 4.91834 4.91174 4.90532 4.89912 4.89315 4.88743 4.88197 4.8768 4.87191 4.86733 4.86304 4.85906 4.85538 4.85201 4.84894 4.84618 4.84371 4.84154 4.83965 4.83805 4.83672 4.83567 4.83488 4.83437 4.83412 
4.82847 4.82875 4.82932 4.83018 4.83133 4.83277 4.83451 4.83655 4.83889 4.84155 4.84453 4.84783 4.85145 4.85541 4.85969 4.86429 4.86923 4.87448 4.88005 4.88593 4.8921 4.89854 4.90525 4.91219 4.91935 4.92669 4.9342 4.94183 4.94955 4.95732 4.96511 4.97288 4.98058 4.98818 4.99562 5.00287 5.00988 5.01662 5.02303 5.02909 5.03476 5.03999 5.04476 5.04903 5.05279 5.056 5.05864 5.0607 5.06217 5.06303 5.06328 5.06292 5.06195 5.06038 5.05821 5.05548 5.05218 5.04835 5.044 5.03918 5.0339 5.02821 5.02213 5.01572 5.009 5.00202 4.99482 4.98744 4.97993 4.97234 4.96469 4.95703 4.94941 4.94186 4.93441 4.9271 4.91997 4.91303 4.90632 4.89986 4.89366 4.88775 4.88213 4.87683 4.87184 4.86718 4.86285 4.85885 4.85518 4.85184 4.84882 4.84612 4.84375 4.84168 4.83992 4.83846 4.8373 4.83644 4.83586 4.83557 
4.82999 4.83028 4.83089 4.83181 4.83305 4.8346 4.83648 4.83869 4.84123 4.84411 4.84733 4.8509 4.85483 4.8591 4.86373 4.86872 4.87405 4.87973 4.88575 4.8921 4.89875 4.90571 4.91294 4.92042 4.92813 4.93604 4.94412 4.95233 4.96063 4.96898 4.97735 4.98568 4.99395 5.00209 5.01007 5.01783 5.02534 5.03255 5.03942 5.0459 5.05195 5.05754 5.06264 5.0672 5.07121 5.07463 5.07745 5.07965 5.08121 5.08213 5.08239 5.082 5.08096 5.07928 5.07696 5.07403 5.07051 5.06641 5.06176 5.0566 5.05095 5.04485 5.03834 5.03147 5.02427 5.01679 5.00906 5.00115 4.99309 4.98493 4.97672 4.96849 4.96029 4.95217 4.94415 4.93628 4.92859 4.92111 4.91386 4.90688 4.90019 4.8938 4.88773 4.88199 4.87659 4.87154 4.86684 4.8625 4.85851 4.85488 4.8516 4.84866 4.84607 4.84381 4.84189 4.8403 4.83902 4.83807 4.83743 4.83711 
4.83158 4.83189 4.83254 4.83353 4.83486 4.83653 4.83856 4.84094 4.84368 4.84679 4.85027 4.85413 4.85836 4.86297 4.86797 4.87335 4.8791 4.88522 4.89171 4.89854 4.90571 4.91319 4.92097 4.92901 4.93729 4.94579 4.95445 4.96325 4.97215 4.9811 4.99006 4.99899 5.00782 5.01653 5.02506 5.03335 5.04137 5.04907 5.05639 5.0633 5.06976 5.07571 5.08114 5.086 5.09027 5.09391 5.09691 5.09925 5.10091 5.10188 5.10215 5.10173 5.10062 5.09883 5.09636 5.09323 5.08947 5.0851 5.08014 5.07463 5.0686 5.06209 5.05514 5.0478 5.04011 5.03211 5.02385 5.01538 5.00676 4.99802 4.98922 4.9804 4.97161 4.96289 4.95428 4.94583 4.93756 4.92952 4.92173 4.91422 4.90701 4.90012 4.89357 4.88738 4.88155 4.87609 4.87101 4.86631 4.862 4.85806 4.8545 4.85132 4.8485 4.84605 4.84396 4.84222 4.84083 4.83979 4.83908 4.83872 
4.83325 4.83357 4.83426 4.83532 4.83675 4.83855 4.84073 4.84329 4.84624 4.84959 4.85334 4.85749 4.86205 4.86702 4.87239 4.87817 4.88436 4.89094 4.89791 4.90525 4.91294 4.92097 4.9293 4.93792 4.9468 4.95589 4.96516 4.97458 4.98409 4.99365 5.00322 5.01274 5.02217 5.03145 5.04054 5.04938 5.05791 5.0661 5.0739 5.08124 5.08811 5.09444 5.1002 5.10537 5.1099 5.11376 5.11695 5.11942 5.12118 5.12221 5.1225 5.12205 5.12086 5.11895 5.11633 5.113 5.109 5.10435 5.09908 5.09321 5.0868 5.07987 5.07247 5.06465 5.05645 5.04792 5.03912 5.03009 5.02088 5.01155 5.00215 4.99273 4.98333 4.974 4.96479 4.95573 4.94688 4.93825 4.92989 4.92183 4.91409 4.90669 4.89965 4.89298 4.88671 4.88083 4.87536 4.87029 4.86563 4.86138 4.85753 4.85409 4.85104 4.84838 4.84612 4.84423 4.84272 4.84158 4.84081 4.8404 
4.83499 4.83533 4.83606 4.83719 4.83872 4.84065 4.84299 4.84574 4.84891 4.85251 4.85653 4.86099 4.86588 4.87121 4.87698 4.88318 4.88982 4.89687 4.90433 4.91219 4.92042 4.92901 4.93792 4.94714 4.95662 4.96632 4.97622 4.98625 4.99639 5.00658 5.01677 5.0269 5.03693 5.0468 5.05646 5.06584 5.07491 5.0836 5.09187 5.09966 5.10693 5.11364 5.11975 5.12522 5.13001 5.13411 5.13747 5.14009 5.14195 5.14303 5.14334 5.14286 5.1416 5.13957 5.13679 5.13326 5.12902 5.12409 5.11849 5.11227 5.10547 5.09811 5.09026 5.08195 5.07324 5.06418 5.05482 5.04521 5.03542 5.02548 5.01547 5.00543 4.9954 4.98545 4.97562 4.96595 4.95649 4.94727 4.93833 4.9297 4.92141 4.91348 4.90594 4.89879 4.89205 4.88574 4.87986 4.87441 4.8694 4.86482 4.86068 4.85697 4.85368 4.85081 4.84836 4.84632 4.84468 4.84344 4.8426 4.84216 
4.83679 4.83715 4.83792 4.83913 4.84076 4.84283 4.84533 4.84828 4.85167 4.85552 4.85983 4.86461 4.86984 4.87555 4.88172 4.88836 4.89545 4.90299 4.91096 4.91935 4.92813 4.93729 4.9468 4.95662 4.96671 4.97704 4.98757 4.99824 5.00902 5.01984 5.03066 5.04141 5.05205 5.06251 5.07274 5.08269 5.09228 5.10148 5.11023 5.11847 5.12616 5.13325 5.1397 5.14547 5.15054 5.15486 5.15841 5.16117 5.16313 5.16427 5.16459 5.16408 5.16275 5.1606 5.15766 5.15393 5.14945 5.14423 5.13832 5.13174 5.12454 5.11675 5.10844 5.09964 5.09042 5.08081 5.07089 5.0607 5.0503 5.03976 5.02912 5.01845 5.00779 4.99721 4.98675 4.97645 4.96637 4.95655 4.94701 4.9378 4.92895 4.92048 4.91242 4.90477 4.89757 4.89081 4.88451 4.87867 4.87329 4.86838 4.86393 4.85994 4.85641 4.85332 4.85068 4.84848 4.84671 4.84538 4.84447 4.84398 
4.83865 4.83902 4.83985 4.84113 4.84287 4.84508 4.84775 4.8509 4.85452 4.85864 4.86324 4.86833 4.87393 4.88002 4.8866 4.89368 4.90124 4.90927 4.91776 4.92669 4.93604 4.94579 4.95589 4.96632 4.97704 4.98801 4.99918 5.0105 5.02191 5.03338 5.04483 5.05621 5.06746 5.07852 5.08933 5.09984 5.10997 5.11968 5.1289 5.13759 5.1457 5.15317 5.15997 5.16605 5.17138 5.17593 5.17966 5.18257 5.18463 5.18583 5.18616 5.18562 5.18421 5.18195 5.17885 5.17492 5.1702 5.1647 5.15846 5.15152 5.14392 5.13571 5.12694 5.11765 5.1079 5.09775 5.08726 5.07648 5.06548 5.05432 5.04305 5.03174 5.02045 5.00922 4.99812 4.98719 4.97648 4.96604 4.9559 4.94611 4.93668 4.92766 4.91907 4.91092 4.90323 4.89602 4.88929 4.88305 4.8773 4.87204 4.86728 4.86301 4.85922 4.85591 4.85308 4.85071 4.84881 4.84737 4.84639 4.84586 
4.84056 4.84096 4.84183 4.84319 4.84505 4.84739 4.85024 4.85359 4.85745 4.86183 4.86673 4.87216 4.87811 4.88459 4.8916 4.89912 4.90716 4.9157 4.92471 4.9342 4.94412 4.95445 4.96516 4.97622 4.98757 4.99918 5.01099 5.02296 5.03503 5.04714 5.05923 5.07124 5.0831 5.09476 5.10616 5.11722 5.12789 5.1381 5.14781 5.15695 5.16547 5.17332 5.18046 5.18685 5.19245 5.19722 5.20114 5.20419 5.20635 5.20761 5.20795 5.20738 5.20591 5.20353 5.20027 5.19614 5.19117 5.18539 5.17883 5.17153 5.16354 5.1549 5.14566 5.13588 5.12561 5.11492 5.10386 5.09249 5.08089 5.0691 5.05721 5.04526 5.03332 5.02144 5.0097 4.99812 4.98678 4.97571 4.96496 4.95457 4.94457 4.93499 4.92586 4.91719 4.90902 4.90134 4.89417 4.88753 4.8814 4.8758 4.87071 4.86615 4.8621 4.85857 4.85554 4.853 4.85097 4.84942 4.84836 4.84779 
4.84253 4.84293 4.84386 4.8453 4.84727 4.84976 4.85278 4.85634 4.86045 4.8651 4.8703 4.87607 4.88238 4.88926 4.89669 4.90467 4.91319 4.92224 4.93179 4.94183 4.95233 4.96325 4.97458 4.98625 4.99824 5.0105 5.02296 5.03558 5.0483 5.06105 5.07378 5.08642 5.0989 5.11116 5.12313 5.13475 5.14595 5.15668 5.16686 5.17644 5.18538 5.19361 5.20109 5.20778 5.21364 5.21864 5.22275 5.22594 5.2282 5.22951 5.22987 5.22927 5.22772 5.22523 5.22182 5.21749 5.21228 5.20622 5.19934 5.19169 5.18331 5.17424 5.16454 5.15427 5.14348 5.13224 5.12062 5.10866 5.09645 5.08405 5.07152 5.05893 5.04634 5.03382 5.02142 5.0092 4.99722 4.98553 4.97416 4.96317 4.95258 4.94244 4.93276 4.92358 4.91491 4.90676 4.89915 4.89209 4.88558 4.87962 4.87422 4.86936 4.86505 4.86128 4.85805 4.85535 4.85317 4.85152 4.85039 4.84977 
4.84452 4.84495 4.84593 4.84745 4.84953 4.85217 4.85537 4.85915 4.86349 4.86842 4.87393 4.88003 4.88672 4.894 4.90186 4.9103 4.91931 4.92886 4.93895 4.94955 4.96063 4.97215 4.98409 4.99639 5.00902 5.02191 5.03503 5.0483 5.06166 5.07506 5.08843 5.10169 5.11479 5.12764 5.14019 5.15236 5.16409 5.17531 5.18597 5.19599 5.20534 5.21394 5.22176 5.22875 5.23487 5.24009 5.24438 5.24771 5.25007 5.25144 5.25181 5.25118 5.24957 5.24696 5.24339 5.23887 5.23342 5.22709 5.2199 5.21189 5.20312 5.19363 5.18348 5.17272 5.16143 5.14965 5.13745 5.12492 5.1121 5.09908 5.08592 5.07269 5.05946 5.04629 5.03324 5.02038 5.00776 4.99544 4.98345 4.97185 4.96068 4.94997 4.93975 4.93004 4.92087 4.91225 4.9042 4.89672 4.88982 4.88351 4.87777 4.87262 4.86804 4.86404 4.86061 4.85773 4.85542 4.85366 4.85245 4.85178 
4.84655 4.847 4.84803 4.84964 4.85183 4.85462 4.858 4.86199 4.86658 4.87178 4.8776 4.88405 4.89111 4.89879 4.90708 4.91598 4.92547 4.93554 4.94617 4.95732 4.96898 4.9811 4.99365 5.00658 5.01984 5.03338 5.04714 5.06105 5.07506 5.0891 5.1031 5.11698 5.13068 5.14412 5.15724 5.16995 5.1822 5.19392 5.20504 5.2155 5.22524 5.23422 5.24237 5.24965 5.25603 5.26147 5.26593 5.2694 5.27186 5.27328 5.27367 5.27301 5.27133 5.26861 5.26489 5.26018 5.2545 5.2479 5.2404 5.23205 5.2229 5.21299 5.20239 5.19116 5.17935 5.16704 5.15429 5.14118 5.12776 5.11413 5.10035 5.08648 5.07261 5.05879 5.0451 5.0316 5.01834 5.00539 4.99279 4.98059 4.96883 4.95755 4.94678 4.93655 4.92688 4.91779 4.90929 4.90139 4.89411 4.88743 4.88137 4.87591 4.87107 4.86683 4.86319 4.86015 4.85769 4.85582 4.85454 4.85383 
4.8486 4.84907 4.85015 4.85184 4.85415 4.85709 4.86065 4.86485 4.86969 4.87517 4.8813 4.88808 4.89552 4.9036 4.91233 4.92168 4.93166 4.94224 4.9534 4.96511 4.97735 4.99006 5.00322 5.01677 5.03066 5.04483 5.05923 5.07378 5.08843 5.1031 5.11771 5.13221 5.1465 5.16052 5.1742 5.18745 5.20021 5.21241 5.22399 5.23487 5.24501 5.25434 5.26282 5.27039 5.27702 5.28267 5.28731 5.29091 5.29346 5.29493 5.29534 5.29466 5.2929 5.29008 5.28621 5.28132 5.27541 5.26855 5.26075 5.25206 5.24253 5.23222 5.22119 5.20948 5.19718 5.18434 5.17105 5.15736 5.14336 5.12913 5.11473 5.10023 5.08573 5.07128 5.05695 5.04281 5.02892 5.01534 5.00213 4.98933 4.97699 4.96515 4.95383 4.94308 4.93291 4.92335 4.9144 4.90609 4.89841 4.89137 4.88498 4.87923 4.87412 4.86965 4.8658 4.86258 4.85999 4.85801 4.85665 4.85589 
4.85066 4.85114 4.85227 4.85405 4.85648 4.85956 4.86331 4.86772 4.8728 4.87856 4.885 4.89213 4.89993 4.90841 4.91757 4.92738 4.93784 4.94893 4.96062 4.97288 4.98568 4.99899 5.01274 5.0269 5.04141 5.05621 5.07124 5.08642 5.10169 5.11698 5.13221 5.1473 5.16218 5.17676 5.19098 5.20476 5.21802 5.2307 5.24272 5.25402 5.26453 5.27421 5.283 5.29086 5.29773 5.30358 5.30839 5.31213 5.31477 5.3163 5.31671 5.31601 5.31419 5.31127 5.30726 5.30218 5.29606 5.28893 5.28084 5.27182 5.26194 5.25123 5.23977 5.2276 5.21482 5.20147 5.18764 5.1734 5.15882 5.14399 5.12899 5.11388 5.09875 5.08367 5.06871 5.05395 5.03944 5.02525 5.01143 4.99804 4.98512 4.97271 4.96086 4.94959 4.93893 4.92889 4.9195 4.91077 4.90271 4.89532 4.8886 4.88255 4.87717 4.87246 4.86842 4.86503 4.86229 4.8602 4.85876 4.85796 
4.85271 4.85322 4.8544 4.85626 4.8588 4.86204 4.86596 4.87058 4.87591 4.88195 4.88869 4.89615 4.90432 4.9132 4.92278 4.93304 4.94398 4.95556 4.96778 4.98058 4.99395 5.00782 5.02217 5.03693 5.05205 5.06746 5.0831 5.0989 5.11479 5.13068 5.1465 5.16218 5.17762 5.19276 5.20751 5.2218 5.23555 5.24868 5.26113 5.27283 5.28372 5.29374 5.30283 5.31096 5.31806 5.32412 5.32909 5.33295 5.33568 5.33726 5.33769 5.33696 5.33509 5.33206 5.32791 5.32266 5.31633 5.30896 5.30058 5.29125 5.28101 5.26992 5.25804 5.24544 5.23218 5.21833 5.20398 5.1892 5.17406 5.15865 5.14306 5.12735 5.11161 5.09592 5.08034 5.06496 5.04984 5.03504 5.02063 5.00666 4.99317 4.98022 4.96783 4.95605 4.9449 4.9344 4.92458 4.91543 4.90699 4.89924 4.8922 4.88586 4.88022 4.87527 4.87102 4.86746 4.86459 4.86239 4.86088 4.86004 
4.85475 4.85528 4.85651 4.85846 4.86111 4.86449 4.86859 4.87342 4.87899 4.8853 4.89234 4.90013 4.90867 4.91793 4.92792 4.93863 4.95004 4.96211 4.97484 4.98818 5.00209 5.01653 5.03145 5.0468 5.06251 5.07852 5.09476 5.11116 5.12764 5.14412 5.16052 5.17676 5.19276 5.20843 5.2237 5.23848 5.25269 5.26627 5.27914 5.29122 5.30247 5.31281 5.3222 5.33059 5.33792 5.34417 5.3493 5.35328 5.3561 5.35773 5.35817 5.35742 5.35548 5.35237 5.34808 5.34266 5.33613 5.32852 5.31987 5.31024 5.29966 5.2882 5.27592 5.26289 5.24917 5.23484 5.21999 5.20468 5.189 5.17303 5.15686 5.14057 5.12424 5.10794 5.09177 5.07579 5.06007 5.04469 5.02969 5.01515 5.00111 4.98761 4.97471 4.96242 4.95079 4.93984 4.92959 4.92004 4.91122 4.90312 4.89576 4.88913 4.88323 4.87806 4.87361 4.86988 4.86687 4.86457 4.86298 4.86209 
4.85677 4.85731 4.8586 4.86062 4.86339 4.86691 4.87119 4.87622 4.88203 4.8886 4.89594 4.90405 4.91294 4.92258 4.93298 4.94412 4.95598 4.96854 4.98176 4.99562 5.01007 5.02506 5.04054 5.05646 5.07274 5.08933 5.10616 5.12313 5.14019 5.15724 5.1742 5.19098 5.20751 5.2237 5.23946 5.25471 5.26938 5.28338 5.29665 5.3091 5.32069 5.33135 5.34102 5.34965 5.35721 5.36364 5.36892 5.37302 5.37591 5.37759 5.37805 5.37728 5.37528 5.37208 5.36767 5.36209 5.35536 5.34753 5.33862 5.32869 5.31779 5.30597 5.29331 5.27987 5.26571 5.25092 5.23558 5.21977 5.20356 5.18705 5.17033 5.15347 5.13656 5.11969 5.10294 5.08638 5.07008 5.05412 5.03856 5.02346 5.00888 4.99486 4.98144 4.96867 4.95658 4.94518 4.9345 4.92457 4.91537 4.90694 4.89926 4.89235 4.8862 4.8808 4.87616 4.87226 4.86912 4.86671 4.86505 4.86412 
4.85875 4.85931 4.86064 4.86275 4.86563 4.86929 4.87373 4.87897 4.885 4.89183 4.89946 4.90789 4.91711 4.92713 4.93792 4.94948 4.96178 4.97481 4.98851 5.00287 5.01783 5.03335 5.04938 5.06584 5.08269 5.09984 5.11722 5.13475 5.15236 5.16995 5.18745 5.20476 5.2218 5.23848 5.25471 5.27042 5.28551 5.29992 5.31357 5.32638 5.3383 5.34925 5.35919 5.36806 5.37582 5.38243 5.38785 5.39206 5.39504 5.39676 5.39723 5.39644 5.39439 5.3911 5.38658 5.38084 5.37393 5.36588 5.35673 5.34652 5.33531 5.32316 5.31013 5.29629 5.28172 5.26649 5.25068 5.23438 5.21767 5.20065 5.18339 5.16599 5.14853 5.1311 5.11378 5.09666 5.0798 5.06329 5.04719 5.03155 5.01645 5.00192 4.98801 4.97477 4.96222 4.95039 4.93931 4.92898 4.91944 4.91067 4.90269 4.8955 4.8891 4.88348 4.87865 4.8746 4.87132 4.86882 4.86708 4.86611 
4.86067 4.86126 4.86264 4.86482 4.8678 4.8716 4.87621 4.88164 4.88789 4.89497 4.90287 4.91161 4.92117 4.93154 4.94271 4.95468 4.9674 4.98087 4.99504 5.00988 5.02534 5.04137 5.05791 5.07491 5.09228 5.10997 5.12789 5.14595 5.16409 5.1822 5.20021 5.21802 5.23555 5.25269 5.26938 5.28551 5.30102 5.31581 5.32982 5.34297 5.35519 5.36643 5.37662 5.38572 5.39367 5.40045 5.406 5.41032 5.41337 5.41514 5.41562 5.41481 5.41272 5.40934 5.40471 5.39883 5.39175 5.38349 5.3741 5.36363 5.35213 5.33966 5.32628 5.31207 5.2971 5.28145 5.2652 5.24844 5.23125 5.21373 5.19596 5.17804 5.16006 5.1421 5.12424 5.10658 5.08919 5.07215 5.05552 5.03937 5.02376 5.00874 4.99436 4.98066 4.96768 4.95544 4.94396 4.93327 4.92337 4.91429 4.90602 4.89856 4.89192 4.88609 4.88108 4.87687 4.87347 4.87087 4.86906 4.86806 
4.86254 4.86314 4.86457 4.86682 4.86991 4.87383 4.8786 4.88421 4.89068 4.898 4.90617 4.9152 4.92507 4.93578 4.94732 4.95967 4.97281 4.9867 5.00132 5.01662 5.03255 5.04907 5.0661 5.0836 5.10148 5.11968 5.1381 5.15668 5.17531 5.19392 5.21241 5.2307 5.24868 5.26627 5.28338 5.29992 5.31581 5.33097 5.34532 5.35879 5.3713 5.3828 5.39323 5.40254 5.41068 5.41761 5.42329 5.42771 5.43083 5.43264 5.43313 5.43231 5.43016 5.42672 5.42197 5.41597 5.40872 5.40027 5.39067 5.37995 5.36817 5.3554 5.34169 5.32713 5.31179 5.29574 5.27907 5.26187 5.24423 5.22624 5.20799 5.18958 5.1711 5.15263 5.13426 5.11609 5.09819 5.08064 5.06351 5.04687 5.03078 5.0153 5.00047 4.98633 4.97293 4.96029 4.94844 4.93739 4.92717 4.91778 4.90922 4.90151 4.89464 4.88861 4.88342 4.87907 4.87554 4.87285 4.87098 4.86993 
4.86433 4.86495 4.86642 4.86874 4.87193 4.87598 4.88089 4.88668 4.89335 4.9009 4.90932 4.91863 4.9288 4.93984 4.95173 4.96444 4.97797 4.99226 5.0073 5.02303 5.03942 5.05639 5.0739 5.09187 5.11023 5.1289 5.14781 5.16686 5.18597 5.20504 5.22399 5.24272 5.26113 5.27914 5.29665 5.31357 5.32982 5.34532 5.35999 5.37375 5.38653 5.39828 5.40894 5.41844 5.42675 5.43383 5.43963 5.44414 5.44732 5.44917 5.44968 5.44884 5.44665 5.44313 5.4383 5.43217 5.42477 5.41614 5.40633 5.39538 5.38335 5.37029 5.35628 5.34139 5.3257 5.30928 5.29222 5.27461 5.25654 5.23811 5.21941 5.20053 5.18158 5.16263 5.14378 5.12513 5.10675 5.08872 5.07112 5.05402 5.03747 5.02154 5.00628 4.99174 4.97794 4.96492 4.95271 4.94133 4.93079 4.92111 4.91229 4.90433 4.89725 4.89102 4.88567 4.88117 4.87753 4.87475 4.87282 4.87173 
4.86603 4.86666 4.86818 4.87057 4.87384 4.87801 4.88307 4.88903 4.89588 4.90364 4.91231 4.92187 4.93233 4.94368 4.95589 4.96895 4.98284 4.99752 5.01295 5.02909 5.0459 5.0633 5.08124 5.09966 5.11847 5.13759 5.15695 5.17644 5.19599 5.2155 5.23487 5.25402 5.27283 5.29122 5.3091 5.32638 5.34297 5.35879 5.37375 5.38778 5.40082 5.4128 5.42366 5.43335 5.44182 5.44903 5.45494 5.45953 5.46278 5.46467 5.46519 5.46433 5.46211 5.45852 5.4536 5.44735 5.43981 5.43102 5.42102 5.40986 5.39759 5.38427 5.36998 5.35478 5.33876 5.32199 5.30457 5.28658 5.26811 5.24927 5.23015 5.21084 5.19144 5.17205 5.15275 5.13365 5.11481 5.09634 5.0783 5.06076 5.04378 5.02744 5.01178 4.99684 4.98267 4.9693 4.95675 4.94505 4.93422 4.92426 4.91519 4.90701 4.89972 4.89331 4.8878 4.88317 4.87942 4.87655 4.87456 4.87345 
4.86763 4.86828 4.86983 4.87229 4.87565 4.87992 4.88511 4.89123 4.89826 4.90623 4.91511 4.92492 4.93565 4.94727 4.95979 4.97318 4.9874 5.00243 5.01823 5.03476 5.05195 5.06976 5.08811 5.10693 5.12616 5.1457 5.16547 5.18538 5.20534 5.22524 5.24501 5.26453 5.28372 5.30247 5.32069 5.3383 5.35519 5.3713 5.38653 5.40082 5.41409 5.42628 5.43733 5.44719 5.4558 5.46314 5.46915 5.47382 5.47713 5.47905 5.47958 5.47871 5.47645 5.47281 5.4678 5.46144 5.45378 5.44484 5.43466 5.4233 5.41081 5.39726 5.38271 5.36723 5.3509 5.33382 5.31606 5.29772 5.27889 5.25966 5.24015 5.22044 5.20063 5.18083 5.16112 5.14159 5.12234 5.10345 5.08499 5.06705 5.04968 5.03295 5.01692 5.00162 4.9871 4.9734 4.96054 4.94855 4.93744 4.92722 4.91792 4.90952 4.90203 4.89546 4.8898 4.88505 4.8812 4.87825 4.8762 4.87506 
4.86912 4.86978 4.87137 4.87388 4.87733 4.8817 4.88702 4.89327 4.90047 4.90862 4.91771 4.92775 4.93872 4.95061 4.9634 4.97708 4.99162 5.00698 5.02312 5.03999 5.05754 5.07571 5.09444 5.11364 5.13325 5.15317 5.17332 5.19361 5.21394 5.23422 5.25434 5.27421 5.29374 5.31281 5.33135 5.34925 5.36643 5.3828 5.39828 5.4128 5.42628 5.43866 5.44989 5.45989 5.46864 5.47609 5.4822 5.48694 5.49029 5.49225 5.49278 5.4919 5.48961 5.48592 5.48083 5.47439 5.46661 5.45753 5.44719 5.43566 5.42297 5.4092 5.3944 5.37867 5.36207 5.34469 5.32663 5.30796 5.2888 5.26923 5.24936 5.22928 5.2091 5.18892 5.16882 5.14892 5.12928 5.11001 5.09118 5.07286 5.05513 5.03804 5.02166 5.00603 4.9912 4.97719 4.96404 4.95178 4.94041 4.92997 4.92044 4.91185 4.90419 4.89746 4.89166 4.88679 4.88285 4.87983 4.87773 4.87656 
4.87049 4.87116 4.87278 4.87535 4.87886 4.88333 4.88876 4.89514 4.9025 4.91081 4.92009 4.93033 4.94152 4.95365 4.9667 4.98065 4.99547 5.01112 5.02757 5.04476 5.06264 5.08114 5.1002 5.11975 5.1397 5.15997 5.18046 5.20109 5.22176 5.24237 5.26282 5.283 5.30283 5.3222 5.34102 5.35919 5.37662 5.39323 5.40894 5.42366 5.43733 5.44989 5.46126 5.47141 5.48027 5.48782 5.49401 5.49882 5.50222 5.5042 5.50475 5.50386 5.50154 5.49779 5.49264 5.48611 5.47823 5.46903 5.45855 5.44685 5.43399 5.42002 5.40501 5.38905 5.3722 5.35457 5.33622 5.31727 5.2978 5.27792 5.25773 5.23732 5.2168 5.19627 5.17584 5.15558 5.1356 5.11598 5.09681 5.07815 5.06009 5.04269 5.02599 5.01006 4.99493 4.98065 4.96724 4.95473 4.94313 4.93247 4.92275 4.91398 4.90616 4.89928 4.89336 4.88839 4.88436 4.88128 4.87913 4.87793 
4.87172 4.87241 4.87406 4.87667 4.88025 4.8848 4.89033 4.89683 4.90432 4.91278 4.92223 4.93265 4.94404 4.95639 4.96966 4.98385 4.99892 5.01484 5.03156 5.04903 5.0672 5.086 5.10537 5.12522 5.14547 5.16605 5.18685 5.20778 5.22875 5.24965 5.27039 5.29086 5.31096 5.33059 5.34965 5.36806 5.38572 5.40254 5.41844 5.43335 5.44719 5.45989 5.47141 5.48167 5.49065 5.49828 5.50455 5.50941 5.51286 5.51486 5.51541 5.51452 5.51217 5.50838 5.50318 5.49657 5.48859 5.47928 5.46868 5.45684 5.44382 5.42967 5.41448 5.39831 5.38125 5.36338 5.34479 5.32558 5.30584 5.28568 5.2652 5.2445 5.22369 5.20285 5.18211 5.16154 5.14125 5.12133 5.10185 5.0829 5.06454 5.04685 5.02987 5.01367 4.99829 4.98376 4.97011 4.95738 4.94558 4.93473 4.92483 4.9159 4.90793 4.90093 4.8949 4.88983 4.88573 4.88258 4.8804 4.87917 
4.87282 4.87352 4.87519 4.87784 4.88148 4.8861 4.89172 4.89832 4.90593 4.91453 4.92412 4.9347 4.94626 4.95879 4.97227 4.98667 5.00196 5.01811 5.03507 5.05279 5.07121 5.09027 5.1099 5.13001 5.15054 5.17138 5.19245 5.21364 5.23487 5.25603 5.27702 5.29773 5.31806 5.33792 5.35721 5.37582 5.39367 5.41068 5.42675 5.44182 5.4558 5.46864 5.48027 5.49065 5.49971 5.50743 5.51375 5.51867 5.52215 5.52417 5.52473 5.52383 5.52146 5.51764 5.51238 5.50571 5.49765 5.48824 5.47754 5.46557 5.45241 5.43812 5.42276 5.40641 5.38916 5.37109 5.35229 5.33285 5.31288 5.29248 5.27175 5.25079 5.22971 5.20862 5.1876 5.16677 5.14621 5.12602 5.10627 5.08706 5.06844 5.0505 5.03328 5.01684 5.00123 4.98649 4.97264 4.95971 4.94773 4.93671 4.92666 4.91759 4.90949 4.90238 4.89625 4.89111 4.88694 4.88374 4.88152 4.88027 
4.87376 4.87447 4.87617 4.87885 4.88254 4.88722 4.89291 4.89961 4.90731 4.91602 4.92574 4.93646 4.94817 4.96086 4.9745 4.98908 5.00456 5.02091 5.03807 5.056 5.07463 5.09391 5.11376 5.13411 5.15486 5.17593 5.19722 5.21864 5.24009 5.26147 5.28267 5.30358 5.32412 5.34417 5.36364 5.38243 5.40045 5.41761 5.43383 5.44903 5.46314 5.47609 5.48782 5.49828 5.50743 5.51521 5.52159 5.52655 5.53005 5.5321 5.53266 5.53175 5.52936 5.52551 5.52021 5.51348 5.50536 5.49587 5.48507 5.473 5.45973 5.44531 5.42981 5.41331 5.3959 5.37765 5.35867 5.33904 5.31888 5.29827 5.27733 5.25616 5.23486 5.21353 5.19229 5.17123 5.15044 5.13002 5.11005 5.09061 5.07178 5.05362 5.0362 5.01956 5.00376 4.98883 4.9748 4.96171 4.94958 4.93842 4.92823 4.91904 4.91084 4.90363 4.89742 4.8922 4.88798 4.88474 4.88249 4.88122 
4.87455 4.87526 4.87698 4.8797 4.88342 4.88816 4.8939 4.90067 4.90846 4.91726 4.92708 4.93791 4.94975 4.96256 4.97635 4.99107 5.00671 5.02321 5.04054 5.05864 5.07745 5.09691 5.11695 5.13747 5.15841 5.17966 5.20114 5.22275 5.24438 5.26593 5.28731 5.30839 5.32909 5.3493 5.36892 5.38785 5.406 5.42329 5.43963 5.45494 5.46915 5.4822 5.49401 5.50455 5.51375 5.52159 5.52802 5.53301 5.53654 5.5386 5.53917 5.53825 5.53585 5.53197 5.52664 5.51986 5.51168 5.50213 5.49126 5.4791 5.46573 5.4512 5.43559 5.41897 5.40142 5.38304 5.36391 5.34413 5.3238 5.30303 5.28191 5.26056 5.23908 5.21757 5.19614 5.17489 5.15392 5.13331 5.11315 5.09353 5.07452 5.05619 5.0386 5.0218 5.00584 4.99076 4.97659 4.96337 4.95111 4.93983 4.92954 4.92024 4.91195 4.90467 4.89839 4.89312 4.88884 4.88557 4.88329 4.88201 
4.87517 4.87589 4.87762 4.88036 4.88412 4.88889 4.89469 4.90151 4.90936 4.91824 4.92814 4.93905 4.95098 4.9639 4.97779 4.99263 5.00838 5.02501 5.04247 5.0607 5.07965 5.09925 5.11942 5.14009 5.16117 5.18257 5.20419 5.22594 5.24771 5.2694 5.29091 5.31213 5.33295 5.35328 5.37302 5.39206 5.41032 5.42771 5.44414 5.45953 5.47382 5.48694 5.49882 5.50941 5.51867 5.52655 5.53301 5.53803 5.54158 5.54365 5.54422 5.5433 5.54089 5.53699 5.53163 5.52482 5.51659 5.50699 5.49606 5.48384 5.47039 5.45578 5.44008 5.42336 5.40572 5.38722 5.36798 5.34808 5.32762 5.30672 5.28547 5.26398 5.24236 5.22071 5.19914 5.17774 5.15662 5.13587 5.11557 5.09581 5.07666 5.05819 5.04047 5.02354 5.00746 4.99227 4.97799 4.96466 4.9523 4.94093 4.93056 4.92119 4.91283 4.90549 4.89916 4.89384 4.88953 4.88623 4.88393 4.88264 
4.87563 4.87635 4.87809 4.88085 4.88463 4.88943 4.89526 4.90212 4.91001 4.91894 4.9289 4.93988 4.95187 4.96486 4.97882 4.99374 5.00958 5.02629 5.04384 5.06217 5.08121 5.10091 5.12118 5.14195 5.16313 5.18463 5.20635 5.2282 5.25007 5.27186 5.29346 5.31477 5.33568 5.3561 5.37591 5.39504 5.41337 5.43083 5.44732 5.46278 5.47713 5.49029 5.50222 5.51286 5.52215 5.53005 5.53654 5.54158 5.54514 5.54722 5.5478 5.54687 5.54445 5.54054 5.53516 5.52832 5.52007 5.51043 5.49945 5.48718 5.47368 5.45902 5.44325 5.42647 5.40875 5.39018 5.37085 5.35086 5.33032 5.30933 5.28798 5.2664 5.24468 5.22293 5.20125 5.17976 5.15854 5.13768 5.11729 5.09743 5.07818 5.05962 5.0418 5.02479 5.00862 4.99334 4.97899 4.96559 4.95316 4.94173 4.93129 4.92187 4.91347 4.90608 4.89971 4.89436 4.89003 4.88671 4.8844 4.8831 
4.87591 4.87664 4.87838 4.88115 4.88494 4.88976 4.89561 4.90249 4.91041 4.91937 4.92936 4.94037 4.9524 4.96543 4.97944 4.9944 5.01028 5.02705 5.04465 5.06303 5.08213 5.10188 5.12221 5.14303 5.16427 5.18583 5.20761 5.22951 5.25144 5.27328 5.29493 5.3163 5.33726 5.35773 5.37759 5.39676 5.41514 5.43264 5.44917 5.46467 5.47905 5.49225 5.5042 5.51486 5.52417 5.5321 5.5386 5.54365 5.54722 5.5493 5.54988 5.54895 5.54653 5.54261 5.53721 5.53036 5.52209 5.51243 5.50142 5.48913 5.4756 5.46089 5.44509 5.42827 5.4105 5.39189 5.37251 5.35248 5.33189 5.31084 5.28944 5.2678 5.24602 5.22421 5.20248 5.18093 5.15965 5.13874 5.11829 5.09837 5.07907 5.06045 5.04259 5.02552 5.0093 4.99398 4.97958 4.96614 4.95368 4.9422 4.93174 4.92229 4.91386 4.90644 4.90006 4.89469 4.89034 4.887 4.88469 4.88339 
