4.94082 4.941 4.94125 4.94157 4.94195 4.9424 4.94291 4.94349 4.94415 4.94487 4.94567 4.94654 4.94749 4.94851 4.94962 4.9508 4.95207 4.95342 4.95485 4.95636 4.95795 4.95962 4.96136 4.96317 4.96504 4.96698 4.96896 4.971 4.97307 4.97516 4.97728 4.9794 4.98151 4.98361 4.98569 4.98772 4.9897 4.99161 4.99344 4.99518 4.99682 4.99834 4.99974 5.001 5.00212 5.00308 5.00388 5.00452 5.00498 5.00527 5.00538 5.00532 5.00508 5.00466 5.00408 5.00333 5.00242 5.00135 5.00015 4.99881 4.99734 4.99576 4.99408 4.99231 4.99046 4.98855 4.98659 4.98459 4.98256 4.98052 4.97848 4.97645 4.97445 4.97247 4.97054 4.96866 4.96683 4.96508 4.96339 4.96178 4.96026 4.95882 4.95746 4.9562 4.95503 4.95395 4.95296 4.95207 4.95126 4.95054 4.94991 4.94936 4.9489 4.94851 4.94821 4.94798 4.94782 4.94773 4.94771 4.94776 
4.941 4.94119 4.94144 4.94175 4.94214 4.94258 4.9431 4.94369 4.94434 4.94507 4.94587 4.94675 4.94771 4.94874 4.94985 4.95105 4.95233 4.95368 4.95513 4.95665 4.95825 4.95993 4.96169 4.96351 4.96541 4.96736 4.96936 4.97141 4.9735 4.97561 4.97775 4.97989 4.98202 4.98414 4.98623 4.98829 4.99028 4.99221 4.99406 4.99582 4.99747 4.99901 5.00042 5.00169 5.00282 5.00379 5.0046 5.00524 5.00571 5.006 5.00611 5.00605 5.0058 5.00539 5.0048 5.00404 5.00312 5.00204 5.00083 4.99947 4.99799 4.9964 4.9947 4.99291 4.99105 4.98912 4.98713 4.98512 4.98307 4.98101 4.97895 4.9769 4.97488 4.97289 4.97094 4.96904 4.9672 4.96542 4.96372 4.9621 4.96056 4.95911 4.95774 4.95647 4.95529 4.9542 4.9532 4.9523 4.95148 4.95076 4.95012 4.94957 4.9491 4.94871 4.9484 4.94817 4.94801 4.94792 4.9479 4.94795 
4.94125 4.94144 4.94169 4.94201 4.9424 4.94285 4.94338 4.94398 4.94465 4.94539 4.94621 4.9471 4.94808 4.94914 4.95027 4.9515 4.9528 4.95419 4.95567 4.95723 4.95887 4.96059 4.96239 4.96426 4.96619 4.96819 4.97025 4.97235 4.97448 4.97665 4.97883 4.98102 4.98321 4.98538 4.98752 4.98962 4.99166 4.99364 4.99553 4.99733 4.99902 5.00059 5.00204 5.00334 5.00449 5.00548 5.00631 5.00696 5.00744 5.00774 5.00786 5.00779 5.00754 5.00711 5.0065 5.00573 5.00478 5.00368 5.00244 5.00105 4.99953 4.9979 4.99616 4.99433 4.99242 4.99044 4.98841 4.98635 4.98425 4.98214 4.98003 4.97793 4.97586 4.97382 4.97182 4.96987 4.96798 4.96617 4.96442 4.96276 4.96118 4.95969 4.95829 4.95698 4.95577 4.95465 4.95363 4.9527 4.95186 4.95112 4.95046 4.94989 4.94941 4.949 4.94868 4.94844 4.94827 4.94818 4.94815 4.9482 
4.94157 4.94175 4.94201 4.94234 4.94273 4.9432 4.94375 4.94436 4.94505 4.94582 4.94667 4.9476 4.94861 4.9497 4.95088 4.95215 4.95351 4.95495 4.95648 4.9581 4.95981 4.9616 4.96346 4.9654 4.96742 4.96949 4.97162 4.9738 4.97602 4.97827 4.98054 4.98281 4.98508 4.98733 4.98955 4.99173 4.99385 4.9959 4.99786 4.99972 5.00147 5.0031 5.0046 5.00594 5.00714 5.00816 5.00902 5.0097 5.01019 5.0105 5.01061 5.01054 5.01028 5.00983 5.0092 5.0084 5.00742 5.00628 5.00498 5.00354 5.00197 5.00027 4.99847 4.99657 4.99459 4.99253 4.99043 4.98828 4.9861 4.98391 4.98172 4.97954 4.97739 4.97526 4.97318 4.97116 4.9692 4.96731 4.96549 4.96376 4.96212 4.96056 4.9591 4.95774 4.95648 4.95531 4.95424 4.95327 4.95239 4.95161 4.95093 4.95033 4.94982 4.94939 4.94905 4.94879 4.94861 4.94851 4.94848 4.94852 
4.94195 4.94214 4.9424 4.94273 4.94315 4.94363 4.9442 4.94484 4.94556 4.94637 4.94725 4.94823 4.94929 4.95044 4.95168 4.95301 4.95444 4.95596 4.95757 4.95927 4.96107 4.96295 4.96491 4.96695 4.96907 4.97125 4.97349 4.97578 4.97812 4.98048 4.98286 4.98525 4.98763 4.99 4.99233 4.99461 4.99683 4.99898 5.00104 5.00299 5.00483 5.00653 5.0081 5.00951 5.01076 5.01183 5.01273 5.01343 5.01395 5.01427 5.01439 5.01431 5.01404 5.01357 5.0129 5.01205 5.01103 5.00983 5.00847 5.00695 5.0053 5.00352 5.00163 4.99963 4.99755 4.99539 4.99318 4.99092 4.98863 4.98633 4.98403 4.98173 4.97946 4.97723 4.97504 4.97291 4.97084 4.96885 4.96694 4.96511 4.96337 4.96173 4.96019 4.95875 4.95741 4.95618 4.95505 4.95401 4.95308 4.95225 4.95152 4.95088 4.95034 4.94988 4.94951 4.94923 4.94903 4.94891 4.94887 4.9489 
4.9424 4.94258 4.94285 4.9432 4.94363 4.94414 4.94474 4.94541 4.94618 4.94703 4.94797 4.949 4.95013 4.95135 4.95267 4.95409 4.9556 4.95722 4.95893 4.96074 4.96265 4.96465 4.96674 4.96891 4.97116 4.97348 4.97586 4.9783 4.98077 4.98328 4.98581 4.98835 4.99087 4.99338 4.99585 4.99827 5.00063 5.0029 5.00508 5.00715 5.00909 5.0109 5.01255 5.01404 5.01536 5.0165 5.01744 5.01818 5.01873 5.01906 5.01919 5.0191 5.01881 5.0183 5.0176 5.0167 5.01561 5.01433 5.01289 5.01129 5.00953 5.00764 5.00563 5.00351 5.0013 4.99902 4.99667 4.99427 4.99184 4.98939 4.98694 4.98451 4.98209 4.97972 4.97739 4.97512 4.97292 4.97079 4.96875 4.96681 4.96495 4.9632 4.96155 4.96001 4.95858 4.95726 4.95604 4.95493 4.95393 4.95304 4.95225 4.95155 4.95096 4.95046 4.95006 4.94975 4.94952 4.94938 4.94933 4.94936 
4.94291 4.9431 4.94338 4.94375 4.9442 4.94474 4.94537 4.94609 4.9469 4.94781 4.94881 4.94992 4.95113 4.95244 4.95385 4.95537 4.957 4.95873 4.96057 4.96252 4.96456 4.96671 4.96895 4.97128 4.97369 4.97618 4.97873 4.98134 4.984 4.98668 4.98939 4.9921 4.99481 4.99749 5.00013 5.00272 5.00523 5.00766 5.00998 5.01219 5.01426 5.01619 5.01795 5.01954 5.02094 5.02215 5.02316 5.02395 5.02452 5.02488 5.025 5.02491 5.02459 5.02405 5.0233 5.02233 5.02116 5.0198 5.01826 5.01654 5.01467 5.01265 5.0105 5.00823 5.00586 5.00342 5.0009 4.99833 4.99573 4.99311 4.99048 4.98787 4.98528 4.98273 4.98023 4.9778 4.97543 4.97315 4.97095 4.96885 4.96686 4.96497 4.96319 4.96153 4.95998 4.95855 4.95723 4.95603 4.95494 4.95397 4.9531 4.95235 4.9517 4.95115 4.9507 4.95035 4.95009 4.94993 4.94986 4.94988 
4.94349 4.94369 4.94398 4.94436 4.94484 4.94541 4.94609 4.94686 4.94773 4.94871 4.94979 4.95098 4.95229 4.9537 4.95523 4.95687 4.95863 4.9605 4.96249 4.9646 4.96681 4.96913 4.97155 4.97407 4.97667 4.97936 4.98211 4.98493 4.98779 4.99069 4.9936 4.99652 4.99944 5.00232 5.00516 5.00795 5.01065 5.01326 5.01576 5.01812 5.02035 5.02241 5.0243 5.02601 5.02751 5.0288 5.02988 5.03072 5.03134 5.03171 5.03185 5.03174 5.0314 5.03081 5.03 5.02896 5.0277 5.02623 5.02457 5.02272 5.0207 5.01853 5.01621 5.01378 5.01123 5.00859 5.00588 5.00311 5.00031 4.99748 4.99465 4.99183 4.98903 4.98628 4.98358 4.98094 4.97838 4.97591 4.97353 4.97126 4.96909 4.96704 4.96511 4.9633 4.96161 4.96005 4.95861 4.9573 4.95611 4.95504 4.95409 4.95326 4.95254 4.95193 4.95143 4.95104 4.95074 4.95055 4.95046 4.95046 
4.94415 4.94434 4.94465 4.94505 4.94556 4.94618 4.9469 4.94773 4.94868 4.94973 4.95091 4.9522 4.95361 4.95515 4.95681 4.95859 4.9605 4.96254 4.9647 4.96699 4.96939 4.97191 4.97454 4.97727 4.9801 4.98302 4.986 4.98906 4.99216 4.99529 4.99845 5.00162 5.00477 5.00789 5.01096 5.01396 5.01688 5.0197 5.02239 5.02495 5.02735 5.02957 5.03161 5.03344 5.03506 5.03645 5.03761 5.03851 5.03917 5.03957 5.03971 5.03959 5.03922 5.03858 5.0377 5.03658 5.03521 5.03363 5.03183 5.02983 5.02765 5.0253 5.02279 5.02015 5.0174 5.01454 5.01161 5.00861 5.00557 5.00251 4.99944 4.99638 4.99335 4.99036 4.98742 4.98456 4.98178 4.97908 4.9765 4.97402 4.97166 4.96942 4.96731 4.96533 4.96348 4.96177 4.9602 4.95875 4.95744 4.95627 4.95522 4.95429 4.95349 4.95282 4.95225 4.95181 4.95148 4.95125 4.95113 4.95112 
4.94487 4.94507 4.94539 4.94582 4.94637 4.94703 4.94781 4.94871 4.94973 4.95088 4.95216 4.95356 4.9551 4.95678 4.95859 4.96053 4.96262 4.96484 4.9672 4.96969 4.97232 4.97506 4.97793 4.98091 4.98399 4.98716 4.99041 4.99373 4.9971 5.00051 5.00394 5.00738 5.0108 5.01418 5.01751 5.02077 5.02394 5.02699 5.0299 5.03267 5.03526 5.03767 5.03987 5.04185 5.0436 5.0451 5.04634 5.04732 5.04802 5.04845 5.0486 5.04847 5.04805 5.04736 5.04641 5.04518 5.0437 5.04198 5.04003 5.03787 5.0355 5.03295 5.03023 5.02737 5.02438 5.02128 5.01809 5.01484 5.01153 5.0082 5.00486 5.00154 4.99823 4.99498 4.99178 4.98865 4.98562 4.98268 4.97985 4.97714 4.97456 4.97211 4.9698 4.96762 4.9656 4.96372 4.96198 4.96039 4.95894 4.95764 4.95648 4.95545 4.95456 4.9538 4.95317 4.95267 4.95229 4.95203 4.95188 4.95186 
4.94567 4.94587 4.94621 4.94667 4.94725 4.94797 4.94881 4.94979 4.95091 4.95216 4.95355 4.95508 4.95677 4.9586 4.96057 4.9627 4.96498 4.96741 4.96999 4.97272 4.97558 4.97859 4.98172 4.98497 4.98833 4.99179 4.99534 4.99895 5.00263 5.00634 5.01008 5.01381 5.01753 5.02121 5.02483 5.02837 5.0318 5.03511 5.03828 5.04128 5.04409 5.04669 5.04908 5.05122 5.05311 5.05473 5.05607 5.05713 5.05789 5.05835 5.0585 5.05835 5.0579 5.05715 5.05611 5.05477 5.05317 5.0513 5.04918 5.04682 5.04425 5.04148 5.03853 5.03541 5.03216 5.02879 5.02532 5.02178 5.01818 5.01456 5.01092 5.00729 5.00369 5.00013 4.99664 4.99323 4.98991 4.9867 4.9836 4.98063 4.9778 4.97511 4.97257 4.97019 4.96795 4.96588 4.96397 4.96221 4.96061 4.95917 4.95788 4.95674 4.95575 4.9549 4.95419 4.95362 4.95319 4.95288 4.95271 4.95266 
4.94654 4.94675 4.9471 4.9476 4.94823 4.949 4.94992 4.95098 4.9522 4.95356 4.95508 4.95676 4.9586 4.96061 4.96277 4.9651 4.9676 4.97026 4.97308 4.97607 4.9792 4.98248 4.98591 4.98946 4.99313 4.99691 5.00078 5.00473 5.00874 5.01279 5.01686 5.02093 5.02497 5.02898 5.03291 5.03676 5.04049 5.04408 5.04752 5.05077 5.05382 5.05664 5.05922 5.06155 5.06359 5.06535 5.0668 5.06794 5.06876 5.06925 5.06941 5.06925 5.06875 5.06793 5.06679 5.06535 5.0636 5.06157 5.05926 5.0567 5.0539 5.05089 5.04768 5.04429 5.04075 5.03708 5.0333 5.02945 5.02553 5.02157 5.01761 5.01365 5.00971 5.00583 5.00202 4.99828 4.99465 4.99113 4.98774 4.98449 4.98138 4.97843 4.97564 4.97301 4.97056 4.96827 4.96616 4.96422 4.96246 4.96086 4.95942 4.95816 4.95705 4.9561 4.95531 4.95466 4.95417 4.95382 4.95361 4.95354 
4.94749 4.94771 4.94808 4.94861 4.94929 4.95013 4.95113 4.95229 4.95361 4.9551 4.95677 4.9586 4.96062 4.96281 4.96518 4.96774 4.97047 4.97338 4.97647 4.97974 4.98317 4.98676 4.9905 4.99439 4.9984 5.00253 5.00675 5.01106 5.01543 5.01984 5.02428 5.02871 5.03311 5.03747 5.04175 5.04593 5.04998 5.05388 5.05761 5.06114 5.06445 5.06751 5.07031 5.07282 5.07504 5.07693 5.0785 5.07973 5.08062 5.08115 5.08132 5.08113 5.08059 5.0797 5.07846 5.07688 5.07498 5.07277 5.07027 5.06748 5.06444 5.06116 5.05767 5.05399 5.05014 5.04614 5.04203 5.03783 5.03356 5.02925 5.02492 5.0206 5.01631 5.01207 5.0079 5.00382 4.99985 4.996 4.99228 4.98871 4.98531 4.98207 4.979 4.97611 4.97341 4.9709 4.96857 4.96642 4.96447 4.9627 4.96111 4.9597 4.95847 4.95741 4.95652 4.9558 4.95524 4.95484 4.95459 4.9545 
4.94851 4.94874 4.94914 4.9497 4.95044 4.95135 4.95244 4.9537 4.95515 4.95678 4.9586 4.96061 4.96281 4.96521 4.96781 4.9706 4.9736 4.97679 4.98017 4.98374 4.98749 4.99142 4.99551 4.99975 5.00413 5.00863 5.01324 5.01794 5.0227 5.02751 5.03233 5.03716 5.04195 5.04668 5.05133 5.05587 5.06027 5.06451 5.06855 5.07238 5.07596 5.07928 5.08231 5.08503 5.08742 5.08948 5.09117 5.0925 5.09345 5.09402 5.0942 5.094 5.0934 5.09243 5.09108 5.08937 5.08731 5.08491 5.08219 5.07916 5.07586 5.0723 5.0685 5.0645 5.06031 5.05597 5.0515 5.04692 5.04227 5.03758 5.03287 5.02816 5.02347 5.01885 5.01429 5.00984 5.00549 5.00128 4.99722 4.99331 4.98958 4.98602 4.98266 4.97949 4.97651 4.97375 4.97118 4.96882 4.96666 4.9647 4.96295 4.96138 4.96001 4.95884 4.95784 4.95703 4.9564 4.95594 4.95565 4.95554 
4.94962 4.94985 4.95027 4.95088 4.95168 4.95267 4.95385 4.95523 4.95681 4.95859 4.96057 4.96277 4.96518 4.96781 4.97065 4.97371 4.97698 4.98047 4.98416 4.98806 4.99216 4.99645 5.00091 5.00554 5.01032 5.01523 5.02025 5.02536 5.03055 5.03578 5.04102 5.04626 5.05147 5.05661 5.06166 5.06658 5.07135 5.07594 5.08032 5.08447 5.08834 5.09193 5.09521 5.09815 5.10074 5.10296 5.10479 5.10622 5.10724 5.10785 5.10804 5.10782 5.10717 5.10611 5.10465 5.10279 5.10055 5.09795 5.095 5.09172 5.08813 5.08427 5.08015 5.07581 5.07126 5.06654 5.06169 5.05672 5.05166 5.04656 5.04143 5.0363 5.0312 5.02616 5.02119 5.01633 5.01159 5.00699 5.00255 4.99827 4.99419 4.99029 4.98661 4.98313 4.97987 4.97682 4.974 4.9714 4.96903 4.96687 4.96492 4.9632 4.96168 4.96037 4.95926 4.95836 4.95764 4.95713 4.9568 4.95666 
4.9508 4.95105 4.9515 4.95215 4.95301 4.95409 4.95537 4.95687 4.95859 4.96053 4.9627 4.9651 4.96774 4.9706 4.97371 4.97705 4.98062 4.98443 4.98846 4.99272 4.99719 5.00186 5.00672 5.01176 5.01696 5.02231 5.02777 5.03333 5.03896 5.04464 5.05033 5.05602 5.06166 5.06723 5.0727 5.07803 5.0832 5.08816 5.0929 5.09738 5.10157 5.10545 5.10899 5.11216 5.11495 5.11734 5.11932 5.12086 5.12196 5.12261 5.12281 5.12256 5.12186 5.12071 5.11913 5.11711 5.11469 5.11187 5.10868 5.10513 5.10125 5.09706 5.0926 5.08789 5.08297 5.07785 5.07259 5.06719 5.06171 5.05617 5.05059 5.04502 5.03948 5.03399 5.02859 5.02329 5.01813 5.01311 5.00827 5.0036 4.99914 4.99488 4.99085 4.98704 4.98347 4.98013 4.97704 4.97418 4.97157 4.96919 4.96705 4.96514 4.96347 4.96202 4.96079 4.95978 4.95898 4.9584 4.95803 4.95786 
4.95207 4.95233 4.9528 4.95351 4.95444 4.9556 4.957 4.95863 4.9605 4.96262 4.96498 4.9676 4.97047 4.9736 4.97698 4.98062 4.98451 4.98866 4.99306 4.99769 5.00256 5.00764 5.01293 5.01841 5.02406 5.02986 5.03579 5.04182 5.04792 5.05408 5.06025 5.0664 5.07251 5.07854 5.08445 5.09021 5.09579 5.10115 5.10627 5.1111 5.11562 5.1198 5.12361 5.12703 5.13004 5.13261 5.13473 5.13639 5.13757 5.13827 5.13848 5.1382 5.13744 5.1362 5.13449 5.13231 5.12969 5.12665 5.1232 5.11936 5.11517 5.11065 5.10583 5.10074 5.09541 5.08988 5.08418 5.07834 5.0724 5.06639 5.06035 5.05431 5.0483 5.04234 5.03647 5.03072 5.0251 5.01965 5.01437 5.00929 5.00442 4.99978 4.99538 4.99122 4.98732 4.98367 4.98028 4.97715 4.97428 4.97168 4.96932 4.96723 4.96538 4.96378 4.96242 4.9613 4.96041 4.95976 4.95934 4.95914 
4.95342 4.95368 4.95419 4.95495 4.95596 4.95722 4.95873 4.9605 4.96254 4.96484 4.96741 4.97026 4.97338 4.97679 4.98047 4.98443 4.98866 4.99317 4.99795 5.00298 5.00826 5.01378 5.01952 5.02546 5.03159 5.03787 5.04429 5.05082 5.05743 5.06408 5.07075 5.0774 5.08399 5.0905 5.09687 5.10309 5.1091 5.11488 5.12038 5.12558 5.13045 5.13494 5.13904 5.14272 5.14595 5.14871 5.15099 5.15277 5.15403 5.15478 5.155 5.1547 5.15388 5.15254 5.15069 5.14834 5.14552 5.14224 5.13852 5.13439 5.12987 5.125 5.1198 5.11431 5.10856 5.10259 5.09644 5.09013 5.08371 5.07722 5.07069 5.06415 5.05764 5.05119 5.04483 5.03859 5.0325 5.02658 5.02085 5.01533 5.01004 5.00499 5.0002 4.99567 4.99141 4.98743 4.98373 4.98031 4.97717 4.97432 4.97174 4.96944 4.96741 4.96565 4.96415 4.96292 4.96194 4.96121 4.96073 4.9605 
4.95485 4.95513 4.95567 4.95648 4.95757 4.95893 4.96057 4.96249 4.9647 4.9672 4.96999 4.97308 4.97647 4.98017 4.98416 4.98846 4.99306 4.99795 5.00313 5.00858 5.0143 5.02028 5.02649 5.03292 5.03954 5.04634 5.05327 5.06032 5.06745 5.07462 5.08181 5.08898 5.09608 5.10308 5.10995 5.11663 5.12309 5.1293 5.13522 5.1408 5.14602 5.15085 5.15524 5.15919 5.16265 5.16561 5.16805 5.16995 5.1713 5.1721 5.17233 5.172 5.17112 5.16967 5.16768 5.16517 5.16213 5.15861 5.15461 5.15017 5.14531 5.14007 5.13448 5.12857 5.12239 5.11596 5.10933 5.10254 5.09562 5.08862 5.08157 5.07452 5.06749 5.06052 5.05365 5.0469 5.04031 5.0339 5.02769 5.02171 5.01597 5.0105 5.00529 5.00037 4.99574 4.99141 4.98738 4.98366 4.98024 4.97712 4.9743 4.97179 4.96957 4.96764 4.96599 4.96463 4.96355 4.96274 4.96221 4.96195 
4.95636 4.95665 4.95723 4.9581 4.95927 4.96074 4.96252 4.9646 4.96699 4.96969 4.97272 4.97607 4.97974 4.98374 4.98806 4.99272 4.99769 5.00298 5.00858 5.01448 5.02066 5.02712 5.03383 5.04076 5.0479 5.05523 5.0627 5.07029 5.07796 5.08568 5.09342 5.10112 5.10875 5.11627 5.12363 5.1308 5.13773 5.14439 5.15073 5.15671 5.1623 5.16746 5.17217 5.17638 5.18008 5.18325 5.18585 5.18788 5.18933 5.19017 5.19042 5.19006 5.18911 5.18756 5.18543 5.18273 5.17948 5.1757 5.17141 5.16665 5.16145 5.15583 5.14983 5.14349 5.13685 5.12995 5.12283 5.11553 5.1081 5.10057 5.09298 5.08539 5.07782 5.07031 5.06291 5.05563 5.04852 5.04159 5.03489 5.02842 5.02222 5.01629 5.01065 5.00532 5.0003 4.9956 4.99123 4.98718 4.98346 4.98007 4.97701 4.97426 4.97184 4.96973 4.96793 4.96644 4.96525 4.96436 4.96377 4.96347 
4.95795 4.95825 4.95887 4.95981 4.96107 4.96265 4.96456 4.96681 4.96939 4.97232 4.97558 4.9792 4.98317 4.98749 4.99216 4.99719 5.00256 5.00826 5.0143 5.02066 5.02733 5.03428 5.0415 5.04897 5.05665 5.06452 5.07255 5.08071 5.08894 5.09723 5.10552 5.11377 5.12195 5.13 5.13789 5.14556 5.15297 5.16009 5.16686 5.17325 5.17922 5.18473 5.18975 5.19425 5.1982 5.20157 5.20435 5.20651 5.20804 5.20894 5.2092 5.20882 5.2078 5.20614 5.20386 5.20097 5.1975 5.19346 5.18888 5.18379 5.17822 5.17221 5.1658 5.15901 5.15191 5.14452 5.13689 5.12907 5.1211 5.11302 5.10489 5.09673 5.0886 5.08054 5.07258 5.06475 5.05709 5.04964 5.04242 5.03545 5.02875 5.02236 5.01627 5.01051 5.00508 5 4.99526 4.99088 4.98685 4.98317 4.97984 4.97686 4.97423 4.97193 4.96997 4.96834 4.96704 4.96607 4.96541 4.96508 
4.95962 4.95993 4.96059 4.9616 4.96295 4.96465 4.96671 4.96913 4.97191 4.97506 4.97859 4.98248 4.98676 4.99142 4.99645 5.00186 5.00764 5.01378 5.02028 5.02712 5.03428 5.04175 5.0495 5.05752 5.06576 5.0742 5.0828 5.09154 5.10036 5.10922 5.11809 5.12691 5.13565 5.14425 5.15267 5.16085 5.16876 5.17635 5.18357 5.19038 5.19673 5.2026 5.20794 5.21273 5.21693 5.22051 5.22346 5.22576 5.22739 5.22835 5.22862 5.2282 5.22711 5.22534 5.22291 5.21984 5.21614 5.21183 5.20695 5.20152 5.19559 5.18918 5.18233 5.17509 5.16751 5.15961 5.15147 5.14311 5.13459 5.12595 5.11725 5.10852 5.09981 5.09117 5.08263 5.07424 5.06602 5.05802 5.05026 5.04277 5.03557 5.02868 5.02213 5.01592 5.01007 5.00459 4.99948 4.99474 4.99039 4.98641 4.98281 4.97958 4.97672 4.97423 4.97211 4.97034 4.96892 4.96785 4.96714 4.96676 
4.96136 4.96169 4.96239 4.96346 4.96491 4.96674 4.96895 4.97155 4.97454 4.97793 4.98172 4.98591 4.9905 4.99551 5.00091 5.00672 5.01293 5.01952 5.02649 5.03383 5.0415 5.0495 5.05781 5.06638 5.0752 5.08422 5.09342 5.10275 5.11216 5.12162 5.13108 5.14049 5.1498 5.15896 5.16792 5.17663 5.18505 5.19311 5.20079 5.20802 5.21477 5.221 5.22667 5.23175 5.2362 5.24001 5.24313 5.24557 5.24729 5.2483 5.24859 5.24814 5.24698 5.2451 5.24252 5.23925 5.23532 5.23074 5.22555 5.21978 5.21347 5.20665 5.19937 5.19167 5.18359 5.17519 5.16651 5.1576 5.14852 5.13931 5.13002 5.1207 5.1114 5.10217 5.09304 5.08406 5.07527 5.0667 5.05839 5.05036 5.04264 5.03525 5.02822 5.02155 5.01526 5.00936 5.00386 4.99877 4.99407 4.98978 4.9859 4.98241 4.97933 4.97663 4.97433 4.97241 4.97088 4.96972 4.96893 4.96852 
4.96317 4.96351 4.96426 4.9654 4.96695 4.96891 4.97128 4.97407 4.97727 4.98091 4.98497 4.98946 4.99439 4.99975 5.00554 5.01176 5.01841 5.02546 5.03292 5.04076 5.04897 5.05752 5.06638 5.07553 5.08494 5.09456 5.10436 5.1143 5.12433 5.13439 5.14445 5.15446 5.16435 5.17408 5.18359 5.19284 5.20176 5.21032 5.21845 5.22611 5.23327 5.23986 5.24587 5.25124 5.25595 5.25997 5.26328 5.26585 5.26768 5.26874 5.26904 5.26856 5.26733 5.26534 5.2626 5.25914 5.25497 5.25012 5.24462 5.23851 5.23181 5.22458 5.21686 5.20868 5.20011 5.19119 5.18197 5.1725 5.16284 5.15305 5.14316 5.13324 5.12334 5.1135 5.10377 5.09419 5.08481 5.07566 5.06678 5.0582 5.04994 5.04204 5.03451 5.02737 5.02063 5.0143 5.0084 5.00293 4.99789 4.99328 4.9891 4.98535 4.98203 4.97913 4.97664 4.97457 4.97291 4.97165 4.9708 4.97034 
4.96504 4.96541 4.96619 4.96742 4.96907 4.97116 4.97369 4.97667 4.9801 4.98399 4.98833 4.99313 4.9984 5.00413 5.01032 5.01696 5.02406 5.03159 5.03954 5.0479 5.05665 5.06576 5.0752 5.08494 5.09495 5.10518 5.11559 5.12615 5.13679 5.14748 5.15815 5.16875 5.17924 5.18954 5.19962 5.2094 5.21884 5.22789 5.23649 5.24459 5.25214 5.25911 5.26545 5.27112 5.27609 5.28033 5.28382 5.28653 5.28845 5.28957 5.28988 5.28938 5.28807 5.28596 5.28307 5.27941 5.27501 5.26989 5.26407 5.25761 5.25054 5.24289 5.23472 5.22607 5.21699 5.20754 5.19778 5.18775 5.17751 5.16711 5.15663 5.1461 5.13558 5.12512 5.11477 5.10459 5.0946 5.08486 5.0754 5.06626 5.05745 5.04902 5.04098 5.03336 5.02616 5.0194 5.01308 5.00723 5.00183 4.99689 4.99241 4.98839 4.98482 4.9817 4.97903 4.9768 4.97501 4.97366 4.97273 4.97224 
4.96698 4.96736 4.96819 4.96949 4.97125 4.97348 4.97618 4.97936 4.98302 4.98716 4.99179 4.99691 5.00253 5.00863 5.01523 5.02231 5.02986 5.03787 5.04634 5.05523 5.06452 5.0742 5.08422 5.09456 5.10518 5.11603 5.12707 5.13825 5.14952 5.16083 5.17211 5.18333 5.19441 5.20529 5.21593 5.22626 5.23622 5.24576 5.25482 5.26336 5.27132 5.27866 5.28533 5.2913 5.29653 5.30099 5.30466 5.30751 5.30953 5.3107 5.31103 5.3105 5.30912 5.3069 5.30385 5.3 5.29536 5.28996 5.28383 5.27702 5.26956 5.2615 5.25288 5.24375 5.23417 5.22419 5.21387 5.20327 5.19244 5.18145 5.17035 5.15921 5.14806 5.13698 5.12602 5.11521 5.10462 5.09428 5.08423 5.07451 5.06515 5.05618 5.04762 5.0395 5.03183 5.02462 5.01789 5.01164 5.00587 5.0006 4.99581 4.99151 4.98769 4.98435 4.98149 4.9791 4.97718 4.97572 4.97472 4.97419 
4.96896 4.96936 4.97025 4.97162 4.97349 4.97586 4.97873 4.98211 4.986 4.99041 4.99534 5.00078 5.00675 5.01324 5.02025 5.02777 5.03579 5.04429 5.05327 5.0627 5.07255 5.0828 5.09342 5.10436 5.11559 5.12707 5.13874 5.15055 5.16245 5.17438 5.18629 5.19811 5.20979 5.22126 5.23246 5.24333 5.25381 5.26385 5.27338 5.28235 5.29071 5.29842 5.30543 5.3117 5.31719 5.32187 5.32572 5.32871 5.33082 5.33205 5.33239 5.33183 5.33038 5.32805 5.32485 5.3208 5.31592 5.31025 5.30381 5.29665 5.28881 5.28032 5.27125 5.26165 5.25156 5.24106 5.23019 5.21901 5.2076 5.196 5.18429 5.17252 5.16075 5.14904 5.13745 5.12602 5.11481 5.10386 5.09322 5.08291 5.07299 5.06347 5.05439 5.04577 5.03762 5.02996 5.0228 5.01615 5.01001 5.00439 4.99929 4.9947 4.99063 4.98707 4.98401 4.98146 4.9794 4.97784 4.97677 4.97619 
4.971 4.97141 4.97235 4.9738 4.97578 4.9783 4.98134 4.98493 4.98906 4.99373 4.99895 5.00473 5.01106 5.01794 5.02536 5.03333 5.04182 5.05082 5.06032 5.07029 5.08071 5.09154 5.10275 5.1143 5.12615 5.13825 5.15055 5.16299 5.17552 5.18808 5.20061 5.21305 5.22532 5.23737 5.24914 5.26055 5.27155 5.28207 5.29207 5.30147 5.31024 5.31831 5.32565 5.33222 5.33796 5.34287 5.34689 5.35002 5.35223 5.35352 5.35387 5.35328 5.35176 5.34932 5.34596 5.34172 5.33661 5.33067 5.32392 5.31641 5.30819 5.29929 5.28977 5.27969 5.2691 5.25807 5.24664 5.2349 5.2229 5.2107 5.19837 5.18598 5.17358 5.16124 5.14902 5.13697 5.12513 5.11357 5.10233 5.09144 5.08095 5.07088 5.06127 5.05214 5.0435 5.03539 5.02779 5.02074 5.01423 5.00826 5.00284 4.99796 4.99363 4.98984 4.98659 4.98387 4.98168 4.98001 4.97886 4.97824 
4.97307 4.9735 4.97448 4.97602 4.97812 4.98077 4.984 4.98779 4.99216 4.9971 5.00263 5.00874 5.01543 5.0227 5.03055 5.03896 5.04792 5.05743 5.06745 5.07796 5.08894 5.10036 5.11216 5.12433 5.13679 5.14952 5.16245 5.17552 5.18869 5.20187 5.21502 5.22806 5.24093 5.25356 5.26588 5.27783 5.28934 5.30036 5.31081 5.32064 5.32981 5.33824 5.34591 5.35277 5.35877 5.36388 5.36809 5.37135 5.37366 5.375 5.37536 5.37475 5.37316 5.37061 5.3671 5.36267 5.35733 5.35112 5.34407 5.33622 5.32761 5.3183 5.30835 5.29779 5.28671 5.27514 5.26317 5.25086 5.23827 5.22548 5.21254 5.19952 5.1865 5.17353 5.16068 5.148 5.13554 5.12337 5.11153 5.10005 5.08899 5.07837 5.06822 5.05858 5.04946 5.04088 5.03285 5.02539 5.0185 5.01218 5.00644 5.00127 4.99668 4.99266 4.98921 4.98632 4.98399 4.98221 4.98099 4.98032 
4.97516 4.97561 4.97665 4.97827 4.98048 4.98328 4.98668 4.99069 4.99529 5.00051 5.00634 5.01279 5.01984 5.02751 5.03578 5.04464 5.05408 5.06408 5.07462 5.08568 5.09723 5.10922 5.12162 5.13439 5.14748 5.16083 5.17438 5.18808 5.20187 5.21568 5.22944 5.24308 5.25654 5.26974 5.28261 5.29509 5.30711 5.3186 5.32951 5.33977 5.34932 5.35812 5.36611 5.37325 5.3795 5.38483 5.3892 5.3926 5.395 5.3964 5.39678 5.39613 5.39448 5.39182 5.38817 5.38355 5.37798 5.3715 5.36415 5.35597 5.34699 5.33728 5.32689 5.31587 5.30429 5.29221 5.2797 5.26682 5.25366 5.24026 5.22672 5.21309 5.19944 5.18585 5.17237 5.15906 5.14599 5.13321 5.12077 5.10871 5.09707 5.0859 5.07522 5.06507 5.05546 5.04642 5.03795 5.03008 5.02281 5.01614 5.01007 5.00461 4.99976 4.99551 4.99185 4.98879 4.98632 4.98444 4.98315 4.98244 
4.97728 4.97775 4.97883 4.98054 4.98286 4.98581 4.98939 4.9936 4.99845 5.00394 5.01008 5.01686 5.02428 5.03233 5.04102 5.05033 5.06025 5.07075 5.08181 5.09342 5.10552 5.11809 5.13108 5.14445 5.15815 5.17211 5.18629 5.20061 5.21502 5.22944 5.2438 5.25804 5.27207 5.28583 5.29925 5.31225 5.32477 5.33673 5.34808 5.35875 5.36869 5.37784 5.38614 5.39356 5.40006 5.4056 5.41014 5.41367 5.41616 5.41761 5.418 5.41734 5.41561 5.41285 5.40905 5.40425 5.39847 5.39173 5.38409 5.37557 5.36623 5.35612 5.3453 5.33383 5.32176 5.30918 5.29613 5.28271 5.26897 5.25499 5.24085 5.22661 5.21235 5.19814 5.18404 5.17011 5.15643 5.14304 5.13 5.11736 5.10516 5.09343 5.08223 5.07156 5.06147 5.05197 5.04307 5.03479 5.02713 5.02011 5.01372 5.00797 5.00285 4.99837 4.99452 4.99129 4.98868 4.98669 4.98532 4.98457 
4.9794 4.97989 4.98102 4.98281 4.98525 4.98835 4.9921 4.99652 5.00162 5.00738 5.01381 5.02093 5.02871 5.03716 5.04626 5.05602 5.0664 5.0774 5.08898 5.10112 5.11377 5.12691 5.14049 5.15446 5.16875 5.18333 5.19811 5.21305 5.22806 5.24308 5.25804 5.27285 5.28745 5.30176 5.31571 5.32923 5.34223 5.35466 5.36644 5.37751 5.38782 5.39731 5.40592 5.41362 5.42035 5.42609 5.4308 5.43445 5.43704 5.43854 5.43894 5.43825 5.43647 5.4336 5.42966 5.42468 5.41869 5.4117 5.40377 5.39493 5.38524 5.37475 5.36351 5.35159 5.33905 5.32597 5.3124 5.29844 5.28414 5.26959 5.25485 5.24002 5.22515 5.21033 5.19562 5.18109 5.1668 5.15281 5.13919 5.12597 5.1132 5.10094 5.08921 5.07804 5.06746 5.0575 5.04817 5.03948 5.03145 5.02408 5.01737 5.01133 5.00595 5.00124 4.99718 4.99379 4.99104 4.98895 4.9875 4.9867 
4.98151 4.98202 4.98321 4.98508 4.98763 4.99087 4.99481 4.99944 5.00477 5.0108 5.01753 5.02497 5.03311 5.04195 5.05147 5.06166 5.07251 5.08399 5.09608 5.10875 5.12195 5.13565 5.1498 5.16435 5.17924 5.19441 5.20979 5.22532 5.24093 5.25654 5.27207 5.28745 5.30261 5.31746 5.33192 5.34593 5.35941 5.37228 5.38448 5.39595 5.40662 5.41644 5.42535 5.43331 5.44027 5.4462 5.45107 5.45485 5.45753 5.45907 5.45949 5.45878 5.45693 5.45397 5.4499 5.44475 5.43854 5.43131 5.42311 5.41396 5.40392 5.39306 5.38141 5.36906 5.35606 5.34249 5.32842 5.31393 5.29909 5.28397 5.26867 5.25325 5.23779 5.22237 5.20706 5.19193 5.17705 5.16248 5.14827 5.13449 5.12117 5.10837 5.09612 5.08446 5.07341 5.06299 5.05324 5.04415 5.03574 5.02802 5.021 5.01467 5.00903 5.00409 4.99984 4.99628 4.9934 4.9912 4.98968 4.98884 
4.98361 4.98414 4.98538 4.98733 4.99 4.99338 4.99749 5.00232 5.00789 5.01418 5.02121 5.02898 5.03747 5.04668 5.05661 5.06723 5.07854 5.0905 5.10308 5.11627 5.13 5.14425 5.15896 5.17408 5.18954 5.20529 5.22126 5.23737 5.25356 5.26974 5.28583 5.30176 5.31746 5.33282 5.34779 5.36228 5.37621 5.38952 5.40212 5.41397 5.42499 5.43513 5.44432 5.45254 5.45972 5.46585 5.47087 5.47477 5.47753 5.47912 5.47955 5.47882 5.47691 5.47385 5.46966 5.46434 5.45794 5.45048 5.442 5.43256 5.42219 5.41096 5.39893 5.38616 5.37272 5.35868 5.34412 5.32911 5.31374 5.29808 5.28221 5.26623 5.25019 5.23419 5.2183 5.20259 5.18713 5.17198 5.15721 5.14288 5.12902 5.1157 5.10294 5.09079 5.07927 5.06841 5.05824 5.04876 5.03998 5.03192 5.02459 5.01797 5.01209 5.00692 5.00247 4.99874 4.99573 4.99343 4.99184 4.99095 
4.98569 4.98623 4.98752 4.98955 4.99233 4.99585 5.00013 5.00516 5.01096 5.01751 5.02483 5.03291 5.04175 5.05133 5.06166 5.0727 5.08445 5.09687 5.10995 5.12363 5.13789 5.15267 5.16792 5.18359 5.19962 5.21593 5.23246 5.24914 5.26588 5.28261 5.29925 5.31571 5.33192 5.34779 5.36324 5.37819 5.39256 5.40628 5.41928 5.43149 5.44284 5.45328 5.46276 5.47122 5.47862 5.48492 5.49009 5.4941 5.49694 5.49858 5.49903 5.49827 5.49631 5.49316 5.48884 5.48337 5.47678 5.46909 5.46036 5.45063 5.43995 5.42837 5.41596 5.40279 5.38892 5.37443 5.3594 5.3439 5.32801 5.31183 5.29543 5.27889 5.2623 5.24574 5.22928 5.21301 5.19698 5.18128 5.16596 5.15109 5.1367 5.12287 5.10962 5.09699 5.08502 5.07373 5.06314 5.05328 5.04415 5.03576 5.02812 5.02123 5.01509 5.0097 5.00507 5.00118 4.99803 4.99563 4.99396 4.99304 
4.98772 4.98829 4.98962 4.99173 4.99461 4.99827 5.00272 5.00795 5.01396 5.02077 5.02837 5.03676 5.04593 5.05587 5.06658 5.07803 5.09021 5.10309 5.11663 5.1308 5.14556 5.16085 5.17663 5.19284 5.2094 5.22626 5.24333 5.26055 5.27783 5.29509 5.31225 5.32923 5.34593 5.36228 5.37819 5.39358 5.40837 5.42249 5.43586 5.44842 5.46009 5.47082 5.48056 5.48925 5.49685 5.50333 5.50864 5.51276 5.51568 5.51737 5.51782 5.51704 5.51503 5.5118 5.50736 5.50174 5.49497 5.48707 5.4781 5.46809 5.45711 5.4452 5.43244 5.41888 5.4046 5.38968 5.37419 5.35822 5.34184 5.32515 5.30823 5.29117 5.27404 5.25694 5.23994 5.22312 5.20655 5.19031 5.17446 5.15907 5.14418 5.12985 5.11612 5.10303 5.09062 5.07891 5.06793 5.05769 5.04821 5.0395 5.03156 5.0244 5.01802 5.01242 5.0076 5.00356 5.00028 4.99778 4.99605 4.99508 
4.9897 4.99028 4.99166 4.99385 4.99683 5.00063 5.00523 5.01065 5.01688 5.02394 5.0318 5.04049 5.04998 5.06027 5.07135 5.0832 5.09579 5.1091 5.12309 5.13773 5.15297 5.16876 5.18505 5.20176 5.21884 5.23622 5.25381 5.27155 5.28934 5.30711 5.32477 5.34223 5.35941 5.37621 5.39256 5.40837 5.42357 5.43806 5.45179 5.46467 5.47665 5.48766 5.49764 5.50655 5.51435 5.52098 5.52643 5.53066 5.53364 5.53538 5.53584 5.53505 5.53299 5.52967 5.52513 5.51936 5.51242 5.50432 5.49512 5.48486 5.47358 5.46136 5.44826 5.43434 5.41967 5.40434 5.38842 5.37199 5.35515 5.33798 5.32057 5.303 5.28536 5.26774 5.25022 5.23287 5.21579 5.19903 5.18268 5.16678 5.1514 5.1366 5.12241 5.10888 5.09604 5.08393 5.07257 5.06197 5.05215 5.04313 5.0349 5.02749 5.02087 5.01507 5.01007 5.00587 5.00247 4.99988 4.99808 4.99707 
4.99161 4.99221 4.99364 4.9959 4.99898 5.0029 5.00766 5.01326 5.0197 5.02699 5.03511 5.04408 5.05388 5.06451 5.07594 5.08816 5.10115 5.11488 5.1293 5.14439 5.16009 5.17635 5.19311 5.21032 5.22789 5.24576 5.26385 5.28207 5.30036 5.3186 5.33673 5.35466 5.37228 5.38952 5.40628 5.42249 5.43806 5.45291 5.46697 5.48016 5.49243 5.5037 5.51392 5.52304 5.53101 5.5378 5.54337 5.5477 5.55075 5.55253 5.55301 5.55219 5.55009 5.5467 5.54205 5.53615 5.52905 5.52076 5.51134 5.50084 5.48929 5.47678 5.46335 5.44908 5.43405 5.41833 5.402 5.38515 5.36787 5.35025 5.33236 5.31431 5.29619 5.27807 5.26006 5.24222 5.22464 5.20739 5.19055 5.17418 5.15834 5.14308 5.12845 5.1145 5.10126 5.08876 5.07702 5.06608 5.05594 5.04662 5.03812 5.03046 5.02362 5.01762 5.01245 5.0081 5.00459 5.0019 5.00004 4.999 
4.99344 4.99406 4.99553 4.99786 5.00104 5.00508 5.00998 5.01576 5.02239 5.0299 5.03828 5.04752 5.05761 5.06855 5.08032 5.0929 5.10627 5.12038 5.13522 5.15073 5.16686 5.18357 5.20079 5.21845 5.23649 5.25482 5.27338 5.29207 5.31081 5.32951 5.34808 5.36644 5.38448 5.40212 5.41928 5.43586 5.45179 5.46697 5.48134 5.49483 5.50736 5.51887 5.52931 5.53862 5.54677 5.5537 5.55939 5.5638 5.56692 5.56873 5.56923 5.5684 5.56625 5.56279 5.55804 5.55203 5.54477 5.53631 5.52669 5.51595 5.50416 5.49137 5.47764 5.46305 5.44767 5.43159 5.41488 5.39763 5.37993 5.36188 5.34355 5.32505 5.30647 5.28789 5.2694 5.2511 5.23305 5.21534 5.19804 5.18122 5.16493 5.14925 5.1342 5.11985 5.10622 5.09336 5.08128 5.07001 5.05956 5.04996 5.0412 5.0333 5.02625 5.02006 5.01472 5.01024 5.00662 5.00384 5.00192 5.00084 
4.99518 4.99582 4.99733 4.99972 5.00299 5.00715 5.01219 5.01812 5.02495 5.03267 5.04128 5.05077 5.06114 5.07238 5.08447 5.09738 5.1111 5.12558 5.1408 5.15671 5.17325 5.19038 5.20802 5.22611 5.24459 5.26336 5.28235 5.30147 5.32064 5.33977 5.35875 5.37751 5.39595 5.41397 5.43149 5.44842 5.46467 5.48016 5.49483 5.50858 5.52136 5.5331 5.54374 5.55324 5.56154 5.5686 5.5744 5.5789 5.58208 5.58392 5.58443 5.58358 5.58139 5.57787 5.57304 5.56691 5.55951 5.55089 5.54108 5.53014 5.51811 5.50506 5.49105 5.47616 5.46047 5.44404 5.42698 5.40935 5.39127 5.37281 5.35408 5.33515 5.31614 5.29713 5.27821 5.25946 5.24098 5.22283 5.2051 5.18786 5.17116 5.15507 5.13963 5.1249 5.11092 5.0977 5.0853 5.07372 5.06299 5.05312 5.04412 5.03599 5.02874 5.02237 5.01688 5.01227 5.00854 5.00568 5.0037 5.00259 
4.99682 4.99747 4.99902 5.00147 5.00483 5.00909 5.01426 5.02035 5.02735 5.03526 5.04409 5.05382 5.06445 5.07596 5.08834 5.10157 5.11562 5.13045 5.14602 5.1623 5.17922 5.19673 5.21477 5.23327 5.25214 5.27132 5.29071 5.31024 5.32981 5.34932 5.36869 5.38782 5.40662 5.42499 5.44284 5.46009 5.47665 5.49243 5.50736 5.52136 5.53436 5.54631 5.55714 5.5668 5.57525 5.58244 5.58833 5.59291 5.59615 5.59802 5.59854 5.59768 5.59546 5.59188 5.58696 5.58072 5.5732 5.56443 5.55445 5.54331 5.53107 5.51778 5.50352 5.48835 5.47236 5.45562 5.43823 5.42026 5.40182 5.38299 5.36388 5.34457 5.32516 5.30574 5.28641 5.26726 5.24837 5.22983 5.2117 5.19406 5.17698 5.16051 5.14471 5.12963 5.1153 5.10177 5.08906 5.0772 5.0662 5.05608 5.04685 5.03851 5.03108 5.02454 5.01891 5.01418 5.01035 5.00742 5.00538 5.00424 
4.99834 4.99901 5.00059 5.0031 5.00653 5.0109 5.01619 5.02241 5.02957 5.03767 5.04669 5.05664 5.06751 5.07928 5.09193 5.10545 5.1198 5.13494 5.15085 5.16746 5.18473 5.2026 5.221 5.23986 5.25911 5.27866 5.29842 5.31831 5.33824 5.35812 5.37784 5.39731 5.41644 5.43513 5.45328 5.47082 5.48766 5.5037 5.51887 5.5331 5.54631 5.55845 5.56945 5.57926 5.58784 5.59514 5.60112 5.60577 5.60906 5.61097 5.61149 5.61062 5.60836 5.60473 5.59974 5.59341 5.58577 5.57686 5.56673 5.55541 5.54297 5.52947 5.51498 5.49956 5.4833 5.46628 5.44858 5.4303 5.41153 5.39236 5.3729 5.35323 5.33346 5.31368 5.29398 5.27446 5.25519 5.23627 5.21778 5.19978 5.18234 5.16553 5.1494 5.134 5.11936 5.10554 5.09255 5.08042 5.06917 5.05882 5.04938 5.04085 5.03324 5.02656 5.02079 5.01595 5.01203 5.00903 5.00694 5.00577 
4.99974 5.00042 5.00204 5.0046 5.0081 5.01255 5.01795 5.0243 5.03161 5.03987 5.04908 5.05922 5.07031 5.08231 5.09521 5.10899 5.12361 5.13904 5.15524 5.17217 5.18975 5.20794 5.22667 5.24587 5.26545 5.28533 5.30543 5.32565 5.34591 5.36611 5.38614 5.40592 5.42535 5.44432 5.46276 5.48056 5.49764 5.51392 5.52931 5.54374 5.55714 5.56945 5.5806 5.59055 5.59924 5.60664 5.61271 5.61743 5.62076 5.62269 5.62322 5.62234 5.62006 5.61638 5.61132 5.60491 5.59716 5.58813 5.57786 5.56638 5.55377 5.54007 5.52537 5.50972 5.49322 5.47594 5.45798 5.43941 5.42035 5.40088 5.3811 5.36111 5.34101 5.32089 5.30086 5.281 5.2614 5.24214 5.22332 5.20499 5.18723 5.17011 5.15368 5.13798 5.12306 5.10897 5.09572 5.08336 5.07189 5.06133 5.05169 5.04299 5.03523 5.0284 5.02252 5.01757 5.01357 5.0105 5.00837 5.00718 
5.001 5.00169 5.00334 5.00594 5.00951 5.01404 5.01954 5.02601 5.03344 5.04185 5.05122 5.06155 5.07282 5.08503 5.09815 5.11216 5.12703 5.14272 5.15919 5.17638 5.19425 5.21273 5.23175 5.25124 5.27112 5.2913 5.3117 5.33222 5.35277 5.37325 5.39356 5.41362 5.43331 5.45254 5.47122 5.48925 5.50655 5.52304 5.53862 5.55324 5.5668 5.57926 5.59055 5.60062 5.60942 5.6169 5.62305 5.62782 5.63119 5.63315 5.63368 5.6328 5.63049 5.62676 5.62165 5.61516 5.60732 5.59819 5.58779 5.57617 5.5634 5.54953 5.53464 5.5188 5.50208 5.48457 5.46637 5.44755 5.42822 5.40848 5.38842 5.36815 5.34775 5.32734 5.30701 5.28685 5.26695 5.2474 5.22827 5.20966 5.19162 5.17421 5.15751 5.14155 5.12638 5.11205 5.09858 5.086 5.07432 5.06358 5.05377 5.04492 5.03701 5.03006 5.02407 5.01904 5.01496 5.01183 5.00966 5.00844 
5.00212 5.00282 5.00449 5.00714 5.01076 5.01536 5.02094 5.02751 5.03506 5.0436 5.05311 5.06359 5.07504 5.08742 5.10074 5.11495 5.13004 5.14595 5.16265 5.18008 5.1982 5.21693 5.2362 5.25595 5.27609 5.29653 5.31719 5.33796 5.35877 5.3795 5.40006 5.42035 5.44027 5.45972 5.47862 5.49685 5.51435 5.53101 5.54677 5.56154 5.57525 5.58784 5.59924 5.60942 5.61831 5.62587 5.63208 5.63689 5.6403 5.64228 5.64282 5.64193 5.6396 5.63584 5.63067 5.62412 5.6162 5.60697 5.59646 5.58473 5.57182 5.5578 5.54275 5.52673 5.50983 5.49212 5.4737 5.45467 5.43512 5.41514 5.39483 5.37431 5.35366 5.33299 5.3124 5.29198 5.27181 5.252 5.23262 5.21375 5.19546 5.17781 5.16087 5.14469 5.1293 5.11476 5.10109 5.08832 5.07647 5.06556 5.05561 5.04661 5.03859 5.03153 5.02544 5.02033 5.01618 5.01301 5.0108 5.00957 
5.00308 5.00379 5.00548 5.00816 5.01183 5.0165 5.02215 5.0288 5.03645 5.0451 5.05473 5.06535 5.07693 5.08948 5.10296 5.11734 5.13261 5.14871 5.16561 5.18325 5.20157 5.22051 5.24001 5.25997 5.28033 5.30099 5.32187 5.34287 5.36388 5.38483 5.4056 5.42609 5.4462 5.46585 5.48492 5.50333 5.52098 5.5378 5.5537 5.5686 5.58244 5.59514 5.60664 5.6169 5.62587 5.6335 5.63976 5.64462 5.64806 5.65005 5.6506 5.6497 5.64735 5.64356 5.63835 5.63174 5.62376 5.61445 5.60385 5.59201 5.57899 5.56485 5.54965 5.53349 5.51642 5.49855 5.47996 5.46074 5.44099 5.42081 5.4003 5.37956 5.3587 5.33781 5.317 5.29635 5.27597 5.25593 5.23633 5.21725 5.19874 5.18089 5.16375 5.14737 5.1318 5.11708 5.10324 5.09031 5.07831 5.06726 5.05718 5.04807 5.03994 5.03279 5.02662 5.02144 5.01724 5.01402 5.01179 5.01053 
5.00388 5.0046 5.00631 5.00902 5.01273 5.01744 5.02316 5.02988 5.03761 5.04634 5.05607 5.0668 5.0785 5.09117 5.10479 5.11932 5.13473 5.15099 5.16805 5.18585 5.20435 5.22346 5.24313 5.26328 5.28382 5.30466 5.32572 5.34689 5.36809 5.3892 5.41014 5.4308 5.45107 5.47087 5.49009 5.50864 5.52643 5.54337 5.55939 5.5744 5.58833 5.60112 5.61271 5.62305 5.63208 5.63976 5.64606 5.65096 5.65442 5.65643 5.65698 5.65608 5.65371 5.6499 5.64465 5.63799 5.62996 5.62058 5.60991 5.59798 5.58487 5.57062 5.55532 5.53903 5.52183 5.50382 5.48508 5.46571 5.44581 5.42546 5.40478 5.38387 5.36284 5.34177 5.32077 5.29995 5.27938 5.25917 5.23939 5.22012 5.20145 5.18343 5.16612 5.14958 5.13386 5.11899 5.10501 5.09195 5.07983 5.06867 5.05848 5.04928 5.04106 5.03384 5.0276 5.02236 5.01812 5.01487 5.01261 5.01134 
5.00452 5.00524 5.00696 5.0097 5.01343 5.01818 5.02395 5.03072 5.03851 5.04732 5.05713 5.06794 5.07973 5.0925 5.10622 5.12086 5.13639 5.15277 5.16995 5.18788 5.20651 5.22576 5.24557 5.26585 5.28653 5.30751 5.32871 5.35002 5.37135 5.3926 5.41367 5.43445 5.45485 5.47477 5.4941 5.51276 5.53066 5.5477 5.5638 5.5789 5.59291 5.60577 5.61743 5.62782 5.63689 5.64462 5.65096 5.65588 5.65936 5.66138 5.66194 5.66103 5.65865 5.65481 5.64954 5.64285 5.63477 5.62534 5.61461 5.60262 5.58943 5.5751 5.55971 5.54333 5.52603 5.50792 5.48907 5.46958 5.44955 5.42908 5.40827 5.38722 5.36605 5.34484 5.32371 5.30274 5.28203 5.26168 5.24176 5.22236 5.20355 5.1854 5.16797 5.1513 5.13546 5.12048 5.1064 5.09324 5.08102 5.06978 5.05951 5.05023 5.04194 5.03466 5.02838 5.0231 5.01882 5.01554 5.01326 5.01198 
5.00498 5.00571 5.00744 5.01019 5.01395 5.01873 5.02452 5.03134 5.03917 5.04802 5.05789 5.06876 5.08062 5.09345 5.10724 5.12196 5.13757 5.15403 5.1713 5.18933 5.20804 5.22739 5.24729 5.26768 5.28845 5.30953 5.33082 5.35223 5.37366 5.395 5.41616 5.43704 5.45753 5.47753 5.49694 5.51568 5.53364 5.55075 5.56692 5.58208 5.59615 5.60906 5.62076 5.63119 5.6403 5.64806 5.65442 5.65936 5.66285 5.66488 5.66544 5.66453 5.66214 5.65829 5.653 5.64628 5.63817 5.62871 5.61793 5.6059 5.59265 5.57827 5.56282 5.54637 5.529 5.51081 5.49188 5.4723 5.45219 5.43163 5.41073 5.38959 5.36832 5.34702 5.32578 5.30472 5.28391 5.26346 5.24345 5.22395 5.20505 5.1868 5.16928 5.15253 5.13661 5.12155 5.10739 5.09416 5.08188 5.07057 5.06024 5.05091 5.04258 5.03526 5.02894 5.02363 5.01932 5.01602 5.01373 5.01245 
5.00527 5.006 5.00774 5.0105 5.01427 5.01906 5.02488 5.03171 5.03957 5.04845 5.05835 5.06925 5.08115 5.09402 5.10785 5.12261 5.13827 5.15478 5.1721 5.19017 5.20894 5.22835 5.2483 5.26874 5.28957 5.3107 5.33205 5.35352 5.375 5.3964 5.41761 5.43854 5.45907 5.47912 5.49858 5.51737 5.53538 5.55253 5.56873 5.58392 5.59802 5.61097 5.62269 5.63315 5.64228 5.65005 5.65643 5.66138 5.66488 5.66692 5.66748 5.66656 5.66417 5.66031 5.65501 5.64827 5.64015 5.63066 5.61986 5.6078 5.59452 5.58011 5.56461 5.54812 5.53072 5.51248 5.4935 5.47388 5.45372 5.43311 5.41215 5.39096 5.36963 5.34828 5.32699 5.30587 5.28501 5.2645 5.24443 5.22488 5.20592 5.18763 5.17005 5.15326 5.13729 5.12218 5.10798 5.09471 5.08239 5.07105 5.06069 5.05133 5.04297 5.03562 5.02928 5.02395 5.01964 5.01633 5.01403 5.01274 
