6.31324 6.31342 6.31372 6.31413 6.31466 6.3153 6.31606 6.31693 6.31792 6.31901 6.32022 6.32155 6.32298 6.32453 6.32619 6.32795 6.32982 6.33178 6.33385 6.33601 6.33825 6.34058 6.34299 6.34546 6.34799 6.35058 6.3532 6.35586 6.35854 6.36122 6.3639 6.36657 6.36921 6.3718 6.37434 6.37681 6.3792 6.38149 6.38368 6.38574 6.38767 6.38945 6.39108 6.39255 6.39384 6.39495 6.39587 6.39659 6.39712 6.39745 6.39757 6.39749 6.3972 6.39671 6.39603 6.39515 6.39409 6.39285 6.39144 6.38986 6.38813 6.38626 6.38427 6.38215 6.37993 6.37762 6.37524 6.37278 6.37028 6.36774 6.36518 6.36261 6.36004 6.35749 6.35496 6.35246 6.35002 6.34763 6.34531 6.34307 6.3409 6.33883 6.33684 6.33496 6.33318 6.33151 6.32995 6.32851 6.32717 6.32596 6.32486 6.32388 6.32301 6.32227 6.32164 6.32113 6.32073 6.32046 6.3203 6.32025 
6.31342 6.31361 6.31391 6.31432 6.31485 6.3155 6.31626 6.31713 6.31812 6.31923 6.32044 6.32177 6.32322 6.32477 6.32644 6.32821 6.33009 6.33207 6.33415 6.33632 6.33858 6.34093 6.34335 6.34583 6.34838 6.35098 6.35363 6.3563 6.35899 6.3617 6.3644 6.36708 6.36973 6.37234 6.3749 6.37739 6.37979 6.3821 6.3843 6.38637 6.38831 6.39011 6.39175 6.39323 6.39452 6.39564 6.39657 6.3973 6.39783 6.39815 6.39828 6.39819 6.39791 6.39742 6.39673 6.39585 6.39478 6.39353 6.3921 6.39052 6.38878 6.3869 6.38488 6.38276 6.38052 6.3782 6.37579 6.37332 6.37081 6.36825 6.36567 6.36308 6.3605 6.35792 6.35538 6.35287 6.35041 6.348 6.34567 6.34341 6.34123 6.33914 6.33715 6.33525 6.33346 6.33178 6.33021 6.32875 6.32741 6.32619 6.32508 6.32409 6.32322 6.32247 6.32184 6.32132 6.32092 6.32064 6.32048 6.32043 
6.31372 6.31391 6.31421 6.31463 6.31517 6.31582 6.31659 6.31748 6.31848 6.3196 6.32084 6.32219 6.32366 6.32524 6.32693 6.32873 6.33064 6.33265 6.33476 6.33697 6.33927 6.34165 6.34411 6.34664 6.34923 6.35187 6.35456 6.35727 6.36001 6.36276 6.3655 6.36822 6.37092 6.37357 6.37617 6.3787 6.38114 6.38348 6.38571 6.38782 6.3898 6.39162 6.39328 6.39478 6.3961 6.39723 6.39817 6.39891 6.39945 6.39978 6.39991 6.39982 6.39953 6.39903 6.39833 6.39743 6.39635 6.39507 6.39363 6.39202 6.39025 6.38834 6.38629 6.38413 6.38186 6.37949 6.37705 6.37454 6.37198 6.36938 6.36676 6.36413 6.3615 6.35889 6.3563 6.35375 6.35124 6.3488 6.34643 6.34413 6.34191 6.33979 6.33776 6.33583 6.33401 6.3323 6.3307 6.32922 6.32785 6.3266 6.32548 6.32447 6.32358 6.32282 6.32217 6.32165 6.32124 6.32095 6.32079 6.32074 
6.31413 6.31432 6.31463 6.31506 6.31561 6.31628 6.31706 6.31797 6.319 6.32015 6.32142 6.3228 6.32431 6.32593 6.32766 6.32951 6.33146 6.33353 6.33569 6.33796 6.34031 6.34276 6.34528 6.34787 6.35053 6.35324 6.35599 6.35878 6.36158 6.3644 6.36721 6.37001 6.37277 6.37549 6.37815 6.38074 6.38324 6.38564 6.38793 6.39009 6.39211 6.39398 6.39568 6.39721 6.39856 6.39972 6.40068 6.40144 6.40199 6.40233 6.40245 6.40236 6.40206 6.40155 6.40083 6.39991 6.3988 6.39749 6.39601 6.39436 6.39254 6.39058 6.38849 6.38627 6.38394 6.38151 6.37901 6.37644 6.37381 6.37115 6.36846 6.36576 6.36306 6.36037 6.35772 6.3551 6.35253 6.35002 6.34758 6.34522 6.34295 6.34076 6.33868 6.3367 6.33483 6.33307 6.33142 6.3299 6.32849 6.32721 6.32605 6.32501 6.3241 6.32331 6.32264 6.3221 6.32168 6.32138 6.32121 6.32115 
6.31466 6.31485 6.31517 6.31561 6.31617 6.31686 6.31767 6.31861 6.31967 6.32086 6.32217 6.3236 6.32516 6.32683 6.32863 6.33054 6.33256 6.3347 6.33694 6.33928 6.34172 6.34425 6.34686 6.34954 6.35229 6.35509 6.35794 6.36082 6.36372 6.36663 6.36953 6.37242 6.37528 6.37809 6.38084 6.38351 6.38609 6.38857 6.39093 6.39316 6.39525 6.39718 6.39894 6.40052 6.40191 6.4031 6.40409 6.40487 6.40544 6.40579 6.40591 6.40582 6.40551 6.40498 6.40423 6.40328 6.40213 6.40078 6.39924 6.39753 6.39566 6.39363 6.39146 6.38917 6.38676 6.38425 6.38166 6.379 6.37629 6.37353 6.37075 6.36795 6.36516 6.36238 6.35963 6.35692 6.35426 6.35167 6.34914 6.34669 6.34433 6.34207 6.33991 6.33786 6.33591 6.33409 6.33238 6.3308 6.32934 6.32801 6.3268 6.32572 6.32477 6.32395 6.32325 6.32268 6.32224 6.32193 6.32174 6.32168 
6.3153 6.3155 6.31582 6.31628 6.31686 6.31757 6.31842 6.3194 6.3205 6.32174 6.3231 6.32459 6.32621 6.32796 6.32983 6.33183 6.33394 6.33616 6.3385 6.34094 6.34348 6.34612 6.34884 6.35163 6.3545 6.35742 6.36038 6.36338 6.36641 6.36944 6.37246 6.37547 6.37844 6.38137 6.38423 6.38701 6.38969 6.39227 6.39473 6.39705 6.39921 6.40122 6.40304 6.40469 6.40613 6.40737 6.4084 6.40921 6.4098 6.41015 6.41028 6.41018 6.40986 6.4093 6.40853 6.40753 6.40633 6.40492 6.40333 6.40154 6.39959 6.39748 6.39522 6.39283 6.39032 6.38771 6.38501 6.38224 6.37941 6.37654 6.37364 6.37072 6.36781 6.36491 6.36205 6.35922 6.35644 6.35373 6.35109 6.34854 6.34607 6.34371 6.34145 6.3393 6.33727 6.33536 6.33358 6.33192 6.33039 6.32899 6.32773 6.32659 6.32559 6.32473 6.324 6.3234 6.32293 6.3226 6.3224 6.32233 
6.31606 6.31626 6.31659 6.31706 6.31767 6.31842 6.3193 6.32033 6.32148 6.32278 6.32421 6.32578 6.32748 6.32931 6.33128 6.33337 6.33558 6.33792 6.34037 6.34294 6.3456 6.34837 6.35122 6.35416 6.35716 6.36022 6.36333 6.36648 6.36965 6.37282 6.37599 6.37914 6.38226 6.38532 6.38832 6.39123 6.39404 6.39674 6.39931 6.40173 6.404 6.40609 6.408 6.40972 6.41123 6.41252 6.4136 6.41444 6.41505 6.41542 6.41555 6.41545 6.4151 6.41452 6.4137 6.41266 6.4114 6.40993 6.40825 6.40638 6.40434 6.40212 6.39976 6.39725 6.39462 6.39188 6.38905 6.38615 6.38318 6.38016 6.37712 6.37406 6.37101 6.36796 6.36495 6.36198 6.35907 6.35622 6.35344 6.35076 6.34817 6.34568 6.3433 6.34104 6.3389 6.33689 6.335 6.33326 6.33164 6.33017 6.32883 6.32763 6.32657 6.32566 6.32488 6.32424 6.32374 6.32339 6.32317 6.32309 
6.31693 6.31713 6.31748 6.31797 6.31861 6.3194 6.32033 6.3214 6.32262 6.32399 6.3255 6.32715 6.32895 6.33088 6.33295 6.33516 6.3375 6.33997 6.34256 6.34527 6.34808 6.351 6.35401 6.3571 6.36027 6.3635 6.36678 6.3701 6.37344 6.37679 6.38013 6.38344 6.38672 6.38995 6.3931 6.39616 6.39912 6.40196 6.40466 6.40721 6.40959 6.41179 6.4138 6.4156 6.41719 6.41855 6.41967 6.42056 6.42119 6.42158 6.42172 6.4216 6.42123 6.42062 6.41976 6.41866 6.41733 6.41577 6.41401 6.41204 6.40988 6.40755 6.40506 6.40242 6.39965 6.39676 6.39378 6.39071 6.38758 6.3844 6.38119 6.37797 6.37474 6.37153 6.36835 6.36521 6.36213 6.35912 6.35619 6.35335 6.35061 6.34797 6.34546 6.34306 6.34079 6.33866 6.33666 6.33481 6.3331 6.33153 6.33011 6.32883 6.3277 6.32673 6.3259 6.32521 6.32468 6.32429 6.32406 6.32396 
6.31792 6.31812 6.31848 6.319 6.31967 6.3205 6.32148 6.32262 6.32391 6.32536 6.32696 6.32871 6.33062 6.33267 6.33487 6.33721 6.33969 6.34231 6.34506 6.34793 6.35091 6.354 6.3572 6.36048 6.36383 6.36725 6.37073 6.37424 6.37777 6.38132 6.38485 6.38836 6.39183 6.39524 6.39857 6.40181 6.40493 6.40793 6.41078 6.41347 6.41599 6.41831 6.42043 6.42233 6.424 6.42543 6.42662 6.42755 6.42822 6.42862 6.42876 6.42864 6.42825 6.42759 6.42668 6.42551 6.4241 6.42246 6.42059 6.41851 6.41623 6.41376 6.41112 6.40833 6.40539 6.40234 6.39918 6.39593 6.39262 6.38925 6.38585 6.38243 6.37901 6.37561 6.37223 6.3689 6.36563 6.36244 6.35932 6.35631 6.35339 6.35059 6.34792 6.34537 6.34296 6.34068 6.33856 6.33658 6.33475 6.33308 6.33156 6.33019 6.32899 6.32794 6.32705 6.32632 6.32574 6.32532 6.32506 6.32495 
6.31901 6.31923 6.3196 6.32015 6.32086 6.32174 6.32278 6.32399 6.32536 6.3269 6.3286 6.33047 6.33249 6.33468 6.33702 6.33951 6.34215 6.34494 6.34786 6.35092 6.35409 6.35738 6.36078 6.36427 6.36783 6.37147 6.37516 6.37889 6.38265 6.38641 6.39016 6.39389 6.39757 6.40118 6.40472 6.40815 6.41146 6.41464 6.41766 6.42051 6.42317 6.42563 6.42787 6.42988 6.43165 6.43317 6.43442 6.4354 6.4361 6.43653 6.43668 6.43654 6.43612 6.43542 6.43445 6.43321 6.43172 6.42997 6.42799 6.42578 6.42335 6.42073 6.41793 6.41496 6.41185 6.4086 6.40525 6.4018 6.39828 6.3947 6.39108 6.38745 6.38381 6.38019 6.3766 6.37305 6.36957 6.36617 6.36285 6.35963 6.35652 6.35354 6.35068 6.34796 6.34538 6.34295 6.34068 6.33856 6.3366 6.33481 6.33318 6.33172 6.33043 6.3293 6.32834 6.32755 6.32692 6.32647 6.32618 6.32606 
6.32022 6.32044 6.32084 6.32142 6.32217 6.3231 6.32421 6.3255 6.32696 6.3286 6.33042 6.33241 6.33457 6.3369 6.3394 6.34206 6.34488 6.34786 6.35097 6.35423 6.35762 6.36113 6.36475 6.36847 6.37227 6.37615 6.38008 6.38406 6.38805 6.39206 6.39605 6.40001 6.40393 6.40777 6.41153 6.41518 6.4187 6.42207 6.42528 6.42831 6.43114 6.43375 6.43612 6.43825 6.44013 6.44173 6.44306 6.4441 6.44484 6.44529 6.44544 6.44529 6.44484 6.4441 6.44306 6.44174 6.44015 6.43829 6.43618 6.43382 6.43125 6.42846 6.42548 6.42232 6.419 6.41555 6.41197 6.4083 6.40455 6.40073 6.39688 6.39301 6.38913 6.38526 6.38143 6.37765 6.37394 6.3703 6.36675 6.36332 6.35999 6.3568 6.35374 6.35083 6.34807 6.34547 6.34303 6.34076 6.33866 6.33673 6.33498 6.33341 6.33201 6.3308 6.32976 6.32891 6.32823 6.32773 6.32742 6.32728 
6.32155 6.32177 6.32219 6.3228 6.3236 6.32459 6.32578 6.32715 6.32871 6.33047 6.33241 6.33453 6.33685 6.33934 6.34201 6.34486 6.34788 6.35105 6.35439 6.35787 6.36149 6.36524 6.36911 6.37308 6.37714 6.38128 6.38548 6.38972 6.39398 6.39825 6.40251 6.40673 6.4109 6.415 6.419 6.42288 6.42663 6.43022 6.43364 6.43685 6.43986 6.44263 6.44516 6.44742 6.44941 6.45111 6.45252 6.45362 6.45441 6.45488 6.45504 6.45487 6.45439 6.45359 6.45249 6.45108 6.44938 6.4474 6.44515 6.44264 6.43989 6.43692 6.43374 6.43037 6.42684 6.42316 6.41934 6.41543 6.41142 6.40735 6.40324 6.3991 6.39496 6.39083 6.38674 6.3827 6.37872 6.37483 6.37104 6.36736 6.3638 6.36038 6.3571 6.35398 6.35102 6.34822 6.3456 6.34316 6.34091 6.33883 6.33695 6.33525 6.33375 6.33244 6.33132 6.33039 6.32966 6.32912 6.32877 6.32861 
6.32298 6.32322 6.32366 6.32431 6.32516 6.32621 6.32748 6.32895 6.33062 6.33249 6.33457 6.33685 6.33932 6.34199 6.34485 6.3479 6.35113 6.35453 6.3581 6.36183 6.3657 6.36971 6.37385 6.37809 6.38243 6.38686 6.39134 6.39587 6.40042 6.40498 6.40952 6.41403 6.41847 6.42284 6.4271 6.43124 6.43524 6.43906 6.4427 6.44612 6.44932 6.45227 6.45496 6.45736 6.45948 6.46129 6.46278 6.46395 6.46478 6.46528 6.46544 6.46526 6.46475 6.46389 6.46271 6.46121 6.4594 6.45728 6.45488 6.4522 6.44927 6.4461 6.44271 6.43912 6.43534 6.43141 6.42734 6.42316 6.41888 6.41454 6.41014 6.40572 6.40129 6.39688 6.3925 6.38817 6.38392 6.37975 6.37569 6.37175 6.36793 6.36426 6.36075 6.3574 6.35422 6.35122 6.3484 6.34578 6.34335 6.34112 6.33909 6.33726 6.33564 6.33422 6.33301 6.332 6.33121 6.33062 6.33023 6.33005 
6.32453 6.32477 6.32524 6.32593 6.32683 6.32796 6.32931 6.33088 6.33267 6.33468 6.3369 6.33934 6.34199 6.34485 6.34792 6.35118 6.35464 6.35828 6.3621 6.36609 6.37024 6.37453 6.37896 6.3835 6.38814 6.39286 6.39766 6.40249 6.40736 6.41222 6.41707 6.42188 6.42663 6.43128 6.43583 6.44024 6.4445 6.44857 6.45245 6.45609 6.4595 6.46264 6.4655 6.46806 6.47031 6.47223 6.47381 6.47505 6.47594 6.47647 6.47663 6.47644 6.47588 6.47497 6.47371 6.4721 6.47017 6.46791 6.46535 6.46249 6.45936 6.45598 6.45236 6.44852 6.4445 6.4403 6.43595 6.43149 6.42692 6.42227 6.41757 6.41285 6.40811 6.40339 6.39871 6.39408 6.38952 6.38506 6.38071 6.37648 6.37239 6.36845 6.36468 6.36108 6.35767 6.35444 6.35142 6.34859 6.34598 6.34358 6.34139 6.33942 6.33767 6.33614 6.33483 6.33374 6.33287 6.33223 6.33181 6.33161 
6.32619 6.32644 6.32693 6.32766 6.32863 6.32983 6.33128 6.33295 6.33487 6.33702 6.3394 6.34201 6.34485 6.34792 6.3512 6.3547 6.3584 6.3623 6.36639 6.37066 6.3751 6.37969 6.38442 6.38928 6.39424 6.3993 6.40442 6.40958 6.41478 6.41997 6.42515 6.43028 6.43534 6.44031 6.44516 6.44986 6.4544 6.45874 6.46286 6.46675 6.47037 6.47371 6.47675 6.47948 6.48187 6.48391 6.48559 6.48691 6.48785 6.4884 6.48858 6.48836 6.48777 6.48679 6.48545 6.48373 6.48167 6.47926 6.47652 6.47348 6.47014 6.46653 6.46266 6.45857 6.45427 6.44979 6.44516 6.44038 6.4355 6.43054 6.42552 6.42047 6.41541 6.41036 6.40535 6.40039 6.39552 6.39074 6.38607 6.38154 6.37716 6.37294 6.36889 6.36503 6.36136 6.3579 6.35465 6.35161 6.3488 6.34621 6.34386 6.34173 6.33984 6.33819 6.33678 6.3356 6.33466 6.33396 6.3335 6.33327 
6.32795 6.32821 6.32873 6.32951 6.33054 6.33183 6.33337 6.33516 6.33721 6.33951 6.34206 6.34486 6.3479 6.35118 6.3547 6.35844 6.3624 6.36658 6.37096 6.37553 6.38027 6.38518 6.39024 6.39543 6.40074 6.40613 6.4116 6.41712 6.42266 6.42821 6.43373 6.4392 6.4446 6.4499 6.45506 6.46007 6.4649 6.46952 6.47392 6.47805 6.4819 6.48546 6.48869 6.49159 6.49413 6.4963 6.49809 6.49948 6.50048 6.50107 6.50124 6.50101 6.50038 6.49933 6.49789 6.49607 6.49386 6.49129 6.48838 6.48513 6.48157 6.47772 6.4736 6.46924 6.46465 6.45987 6.45493 6.44983 6.44462 6.43933 6.43396 6.42857 6.42316 6.41776 6.4124 6.4071 6.40189 6.39677 6.39178 6.38693 6.38223 6.37771 6.37337 6.36923 6.36529 6.36158 6.35808 6.35482 6.3518 6.34902 6.34648 6.34419 6.34216 6.34038 6.33885 6.33758 6.33656 6.3358 6.33529 6.33505 
6.32982 6.33009 6.33064 6.33146 6.33256 6.33394 6.33558 6.3375 6.33969 6.34215 6.34488 6.34788 6.35113 6.35464 6.3584 6.3624 6.36664 6.37111 6.37579 6.38067 6.38575 6.39099 6.3964 6.40194 6.4076 6.41336 6.4192 6.42508 6.431 6.43691 6.44279 6.44863 6.45438 6.46001 6.46552 6.47085 6.47599 6.48091 6.48558 6.48997 6.49407 6.49785 6.50129 6.50436 6.50706 6.50936 6.51126 6.51274 6.51379 6.51441 6.5146 6.51435 6.51367 6.51255 6.51102 6.50907 6.50672 6.50399 6.50088 6.49742 6.49363 6.48953 6.48514 6.48049 6.47561 6.47051 6.46524 6.45981 6.45425 6.4486 6.44288 6.43712 6.43134 6.42558 6.41986 6.4142 6.40862 6.40315 6.39782 6.39263 6.3876 6.38276 6.37811 6.37367 6.36945 6.36547 6.36172 6.35822 6.35497 6.35198 6.34926 6.3468 6.34461 6.34269 6.34104 6.33967 6.33857 6.33775 6.3372 6.33692 
6.33178 6.33207 6.33265 6.33353 6.3347 6.33616 6.33792 6.33997 6.34231 6.34494 6.34786 6.35105 6.35453 6.35828 6.3623 6.36658 6.37111 6.37588 6.38088 6.38609 6.39151 6.39711 6.40287 6.40879 6.41482 6.42096 6.42718 6.43346 6.43975 6.44605 6.45232 6.45852 6.46464 6.47064 6.47649 6.48216 6.48762 6.49285 6.49781 6.50248 6.50683 6.51084 6.51449 6.51775 6.52062 6.52306 6.52507 6.52664 6.52775 6.52841 6.5286 6.52833 6.5276 6.52641 6.52478 6.52271 6.52021 6.5173 6.51399 6.51031 6.50628 6.50192 6.49725 6.4923 6.4871 6.48168 6.47606 6.47028 6.46436 6.45834 6.45225 6.4461 6.43995 6.4338 6.4277 6.42165 6.4157 6.40986 6.40416 6.39862 6.39324 6.38807 6.38309 6.37835 6.37383 6.36956 6.36555 6.3618 6.35832 6.35511 6.35219 6.34955 6.34719 6.34513 6.34336 6.34188 6.34069 6.3398 6.3392 6.3389 
6.33385 6.33415 6.33476 6.33569 6.33694 6.3385 6.34037 6.34256 6.34506 6.34786 6.35097 6.35439 6.3581 6.3621 6.36639 6.37096 6.37579 6.38088 6.38621 6.39177 6.39754 6.40351 6.40965 6.41595 6.42238 6.42892 6.43554 6.44221 6.44891 6.45561 6.46227 6.46886 6.47537 6.48174 6.48795 6.49397 6.49977 6.50532 6.51058 6.51553 6.52015 6.5244 6.52827 6.53173 6.53476 6.53735 6.53947 6.54113 6.54231 6.543 6.5432 6.54291 6.54213 6.54087 6.53913 6.53693 6.53427 6.53118 6.52767 6.52376 6.51948 6.51484 6.50988 6.50463 6.4991 6.49334 6.48736 6.48122 6.47492 6.46852 6.46203 6.4555 6.44894 6.4424 6.43589 6.42945 6.42311 6.41689 6.4108 6.40489 6.39915 6.39363 6.38832 6.38324 6.37842 6.37385 6.36956 6.36555 6.36182 6.35839 6.35525 6.35242 6.3499 6.34769 6.34578 6.34419 6.34292 6.34196 6.34131 6.34098 
6.33601 6.33632 6.33697 6.33796 6.33928 6.34094 6.34294 6.34527 6.34793 6.35092 6.35423 6.35787 6.36183 6.36609 6.37066 6.37553 6.38067 6.38609 6.39177 6.39769 6.40383 6.41018 6.41672 6.42342 6.43025 6.4372 6.44423 6.45132 6.45844 6.46555 6.47262 6.47962 6.48652 6.49328 6.49987 6.50625 6.51239 6.51827 6.52385 6.52909 6.53398 6.53848 6.54258 6.54623 6.54944 6.55218 6.55443 6.55618 6.55742 6.55815 6.55836 6.55805 6.55722 6.55588 6.55403 6.5517 6.54888 6.5456 6.54188 6.53773 6.53319 6.52827 6.52301 6.51743 6.51157 6.50545 6.49911 6.49259 6.48591 6.4791 6.47221 6.46527 6.4583 6.45134 6.44442 6.43757 6.43082 6.4242 6.41772 6.41142 6.40531 6.39942 6.39376 6.38835 6.3832 6.37833 6.37374 6.36946 6.36548 6.36181 6.35846 6.35543 6.35273 6.35036 6.34832 6.34661 6.34524 6.34421 6.34351 6.34315 
6.33825 6.33858 6.33927 6.34031 6.34172 6.34348 6.3456 6.34808 6.35091 6.35409 6.35762 6.36149 6.3657 6.37024 6.3751 6.38027 6.38575 6.39151 6.39754 6.40383 6.41036 6.41711 6.42405 6.43116 6.43841 6.44579 6.45325 6.46077 6.46831 6.47585 6.48334 6.49076 6.49806 6.50522 6.51219 6.51895 6.52545 6.53167 6.53757 6.54311 6.54828 6.55304 6.55736 6.56123 6.56461 6.5675 6.56988 6.57172 6.57303 6.5738 6.57402 6.57368 6.5728 6.57138 6.56943 6.56695 6.56397 6.5605 6.55656 6.55217 6.54736 6.54216 6.53658 6.53068 6.52447 6.51799 6.51127 6.50435 6.49727 6.49006 6.48275 6.47538 6.46799 6.46061 6.45326 6.44599 6.43882 6.43178 6.4249 6.4182 6.4117 6.40543 6.39941 6.39365 6.38816 6.38297 6.37809 6.37352 6.36928 6.36536 6.36179 6.35855 6.35567 6.35314 6.35095 6.34913 6.34766 6.34655 6.3458 6.34541 
6.34058 6.34093 6.34165 6.34276 6.34425 6.34612 6.34837 6.351 6.354 6.35738 6.36113 6.36524 6.36971 6.37453 6.37969 6.38518 6.39099 6.39711 6.40351 6.41018 6.41711 6.42426 6.43161 6.43915 6.44684 6.45465 6.46255 6.47051 6.47849 6.48646 6.49439 6.50223 6.50996 6.51752 6.52489 6.53203 6.5389 6.54546 6.55169 6.55754 6.56299 6.56801 6.57258 6.57665 6.58022 6.58327 6.58577 6.58771 6.58909 6.5899 6.59012 6.58977 6.58883 6.58733 6.58527 6.58265 6.5795 6.57583 6.57167 6.56703 6.56195 6.55645 6.55056 6.54431 6.53775 6.5309 6.52379 6.51648 6.50898 6.50135 6.49361 6.48581 6.47798 6.47016 6.46238 6.45467 6.44707 6.4396 6.4323 6.42519 6.4183 6.41164 6.40524 6.39912 6.3933 6.38778 6.38258 6.37772 6.37321 6.36904 6.36523 6.36179 6.35871 6.35601 6.35368 6.35174 6.35017 6.34898 6.34817 6.34775 
6.34299 6.34335 6.34411 6.34528 6.34686 6.34884 6.35122 6.35401 6.3572 6.36078 6.36475 6.36911 6.37385 6.37896 6.38442 6.39024 6.3964 6.40287 6.40965 6.41672 6.42405 6.43161 6.4394 6.44737 6.4555 6.46375 6.4721 6.48051 6.48895 6.49737 6.50573 6.51401 6.52216 6.53014 6.53791 6.54544 6.55268 6.5596 6.56616 6.57233 6.57807 6.58336 6.58816 6.59245 6.59621 6.59941 6.60205 6.60409 6.60554 6.60638 6.60661 6.60624 6.60525 6.60366 6.60149 6.59873 6.5954 6.59154 6.58714 6.58225 6.57689 6.57109 6.56488 6.55829 6.55137 6.54413 6.53664 6.52891 6.521 6.51294 6.50476 6.49652 6.48825 6.47998 6.47175 6.46359 6.45555 6.44765 6.43992 6.43239 6.42508 6.41803 6.41125 6.40476 6.39858 6.39273 6.38721 6.38205 6.37725 6.37283 6.36878 6.36512 6.36185 6.35898 6.3565 6.35442 6.35275 6.35148 6.35062 6.35016 
6.34546 6.34583 6.34664 6.34787 6.34954 6.35163 6.35416 6.3571 6.36048 6.36427 6.36847 6.37308 6.37809 6.3835 6.38928 6.39543 6.40194 6.40879 6.41595 6.42342 6.43116 6.43915 6.44737 6.45578 6.46436 6.47307 6.48188 6.49075 6.49964 6.50851 6.51733 6.52605 6.53463 6.54303 6.55122 6.55914 6.56676 6.57403 6.58093 6.58742 6.59346 6.59902 6.60406 6.60857 6.61252 6.61588 6.61864 6.62079 6.62231 6.62319 6.62343 6.62303 6.62199 6.62032 6.61803 6.61512 6.61163 6.60756 6.60293 6.59779 6.59215 6.58604 6.5795 6.57256 6.56527 6.55765 6.54975 6.54162 6.53328 6.52478 6.51616 6.50747 6.49874 6.49001 6.48133 6.47272 6.46423 6.45588 6.44771 6.43975 6.43203 6.42457 6.4174 6.41053 6.40399 6.3978 6.39196 6.38649 6.38141 6.37672 6.37243 6.36854 6.36507 6.36202 6.35939 6.35719 6.35541 6.35406 6.35314 6.35265 
6.34799 6.34838 6.34923 6.35053 6.35229 6.3545 6.35716 6.36027 6.36383 6.36783 6.37227 6.37714 6.38243 6.38814 6.39424 6.40074 6.4076 6.41482 6.42238 6.43025 6.43841 6.44684 6.4555 6.46436 6.4734 6.48257 6.49184 6.50117 6.51052 6.51986 6.52913 6.5383 6.54732 6.55615 6.56474 6.57306 6.58106 6.58871 6.59595 6.60276 6.60909 6.61492 6.62021 6.62494 6.62908 6.63261 6.6355 6.63775 6.63934 6.64026 6.64051 6.64009 6.639 6.63724 6.63483 6.63178 6.6281 6.62383 6.61898 6.61357 6.60765 6.60123 6.59436 6.58707 6.57941 6.5714 6.5631 6.55454 6.54577 6.53683 6.52776 6.51861 6.50942 6.50023 6.49109 6.48202 6.47307 6.46427 6.45566 6.44727 6.43912 6.43125 6.42368 6.41643 6.40952 6.40298 6.39681 6.39103 6.38565 6.38069 6.37615 6.37204 6.36837 6.36514 6.36235 6.36001 6.35813 6.35669 6.35571 6.35519 
6.35058 6.35098 6.35187 6.35324 6.35509 6.35742 6.36022 6.3635 6.36725 6.37147 6.37615 6.38128 6.38686 6.39286 6.3993 6.40613 6.41336 6.42096 6.42892 6.4372 6.44579 6.45465 6.46375 6.47307 6.48257 6.4922 6.50194 6.51174 6.52156 6.53136 6.54109 6.55071 6.56017 6.56943 6.57845 6.58717 6.59555 6.60356 6.61115 6.61828 6.62491 6.63101 6.63656 6.6415 6.64584 6.64952 6.65255 6.6549 6.65656 6.65753 6.65778 6.65734 6.65619 6.65435 6.65182 6.64862 6.64477 6.64029 6.63521 6.62954 6.62333 6.6166 6.6094 6.60176 6.59372 6.58532 6.57661 6.56763 6.55842 6.54904 6.53952 6.52991 6.52026 6.5106 6.50099 6.49146 6.48204 6.47279 6.46373 6.4549 6.44632 6.43804 6.43006 6.42242 6.41514 6.40824 6.40174 6.39564 6.38997 6.38474 6.37995 6.37561 6.37173 6.36831 6.36537 6.3629 6.3609 6.35938 6.35834 6.35779 
6.3532 6.35363 6.35456 6.35599 6.35794 6.36038 6.36333 6.36678 6.37073 6.37516 6.38008 6.38548 6.39134 6.39766 6.40442 6.4116 6.4192 6.42718 6.43554 6.44423 6.45325 6.46255 6.4721 6.48188 6.49184 6.50194 6.51215 6.52242 6.53271 6.54298 6.55317 6.56324 6.57315 6.58284 6.59227 6.60139 6.61016 6.61853 6.62646 6.63392 6.64085 6.64723 6.65302 6.65819 6.66271 6.66656 6.66972 6.67218 6.67391 6.67491 6.67518 6.67471 6.67351 6.67158 6.66894 6.66559 6.66156 6.65688 6.65156 6.64563 6.63914 6.6321 6.62456 6.61657 6.60815 6.59936 6.59024 6.58084 6.57119 6.56136 6.55139 6.54132 6.5312 6.52107 6.51099 6.50099 6.49111 6.4814 6.47189 6.46262 6.45361 6.4449 6.43652 6.42849 6.42084 6.41358 6.40674 6.40032 6.39435 6.38884 6.38379 6.37922 6.37514 6.37154 6.36843 6.36583 6.36372 6.36211 6.36102 6.36042 
6.35586 6.3563 6.35727 6.35878 6.36082 6.36338 6.36648 6.3701 6.37424 6.37889 6.38406 6.38972 6.39587 6.40249 6.40958 6.41712 6.42508 6.43346 6.44221 6.45132 6.46077 6.47051 6.48051 6.49075 6.50117 6.51174 6.52242 6.53317 6.54393 6.55466 6.56531 6.57583 6.58618 6.5963 6.60615 6.61567 6.62482 6.63356 6.64184 6.64961 6.65685 6.6635 6.66953 6.67492 6.67964 6.68365 6.68695 6.6895 6.6913 6.69235 6.69262 6.69213 6.69087 6.68886 6.6861 6.68261 6.67841 6.67352 6.66796 6.66178 6.655 6.64765 6.63978 6.63143 6.62264 6.61346 6.60393 6.5941 6.58403 6.57375 6.56332 6.55279 6.5422 6.53161 6.52105 6.51058 6.50024 6.49007 6.48011 6.47039 6.46095 6.45182 6.44303 6.43461 6.42658 6.41896 6.41178 6.40504 6.39877 6.39298 6.38768 6.38288 6.37858 6.3748 6.37153 6.36878 6.36657 6.36488 6.36372 6.36309 
6.35854 6.35899 6.36001 6.36158 6.36372 6.36641 6.36965 6.37344 6.37777 6.38265 6.38805 6.39398 6.40042 6.40736 6.41478 6.42266 6.431 6.43975 6.44891 6.45844 6.46831 6.47849 6.48895 6.49964 6.51052 6.52156 6.53271 6.54393 6.55515 6.56635 6.57746 6.58843 6.59922 6.60977 6.62003 6.62995 6.63949 6.64859 6.6572 6.6653 6.67283 6.67975 6.68603 6.69164 6.69654 6.70072 6.70415 6.7068 6.70868 6.70976 6.71004 6.70953 6.70822 6.70612 6.70324 6.69961 6.69523 6.69014 6.68435 6.67791 6.67085 6.66319 6.655 6.64629 6.63713 6.62756 6.61762 6.60738 6.59686 6.58614 6.57526 6.56427 6.55322 6.54216 6.53113 6.5202 6.50939 6.49876 6.48835 6.47818 6.46831 6.45876 6.44956 6.44075 6.43234 6.42436 6.41684 6.40979 6.40322 6.39715 6.39159 6.38655 6.38204 6.37807 6.37465 6.37176 6.36944 6.36766 6.36644 6.36578 
6.36122 6.3617 6.36276 6.3644 6.36663 6.36944 6.37282 6.37679 6.38132 6.38641 6.39206 6.39825 6.40498 6.41222 6.41997 6.42821 6.43691 6.44605 6.45561 6.46555 6.47585 6.48646 6.49737 6.50851 6.51986 6.53136 6.54298 6.55466 6.56635 6.578 6.58956 6.60098 6.6122 6.62318 6.63385 6.64417 6.65408 6.66354 6.6725 6.68091 6.68873 6.69592 6.70244 6.70826 6.71336 6.71769 6.72125 6.724 6.72595 6.72707 6.72736 6.72682 6.72546 6.72328 6.72029 6.71651 6.71196 6.70667 6.70066 6.69396 6.68662 6.67866 6.67013 6.66108 6.65156 6.6416 6.63126 6.62059 6.60965 6.59849 6.58716 6.57571 6.5642 6.55267 6.54119 6.52979 6.51852 6.50743 6.49657 6.48596 6.47566 6.46569 6.45609 6.44688 6.4381 6.42977 6.4219 6.41453 6.40766 6.40131 6.3955 6.39023 6.38551 6.38136 6.37777 6.37475 6.37231 6.37045 6.36917 6.36848 
6.3639 6.3644 6.3655 6.36721 6.36953 6.37246 6.37599 6.38013 6.38485 6.39016 6.39605 6.40251 6.40952 6.41707 6.42515 6.43373 6.44279 6.45232 6.46227 6.47262 6.48334 6.49439 6.50573 6.51733 6.52913 6.54109 6.55317 6.56531 6.57746 6.58956 6.60157 6.61343 6.62508 6.63647 6.64755 6.65826 6.66854 6.67835 6.68764 6.69636 6.70447 6.71193 6.71869 6.72472 6.73 6.73449 6.73817 6.74103 6.74304 6.7442 6.7445 6.74394 6.74253 6.74027 6.73717 6.73325 6.72853 6.72304 6.7168 6.70986 6.70223 6.69398 6.68513 6.67574 6.66585 6.65551 6.64478 6.6337 6.62234 6.61074 6.59896 6.58707 6.5751 6.56312 6.55117 6.53931 6.52759 6.51605 6.50474 6.4937 6.48297 6.47258 6.46258 6.45299 6.44383 6.43515 6.42695 6.41926 6.41209 6.40547 6.3994 6.3939 6.38897 6.38463 6.38089 6.37773 6.37518 6.37324 6.3719 6.37117 
6.36657 6.36708 6.36822 6.37001 6.37242 6.37547 6.37914 6.38344 6.38836 6.39389 6.40001 6.40673 6.41403 6.42188 6.43028 6.4392 6.44863 6.45852 6.46886 6.47962 6.49076 6.50223 6.51401 6.52605 6.5383 6.55071 6.56324 6.57583 6.58843 6.60098 6.61343 6.62572 6.6378 6.6496 6.66107 6.67216 6.6828 6.69296 6.70258 6.7116 6.71999 6.72771 6.7347 6.74094 6.7464 6.75105 6.75486 6.75781 6.75989 6.76108 6.76139 6.76081 6.75935 6.757 6.7538 6.74974 6.74485 6.73917 6.73272 6.72552 6.71763 6.70909 6.69992 6.69019 6.67995 6.66924 6.65812 6.64664 6.63486 6.62283 6.61062 6.59828 6.58587 6.57343 6.56104 6.54873 6.53656 6.52457 6.51282 6.50135 6.4902 6.47941 6.46901 6.45903 6.44951 6.44048 6.43194 6.42394 6.41648 6.40959 6.40327 6.39754 6.39241 6.38789 6.38398 6.38069 6.37803 6.376 6.37461 6.37384 
6.36921 6.36973 6.37092 6.37277 6.37528 6.37844 6.38226 6.38672 6.39183 6.39757 6.40393 6.4109 6.41847 6.42663 6.43534 6.4446 6.45438 6.46464 6.47537 6.48652 6.49806 6.50996 6.52216 6.53463 6.54732 6.56017 6.57315 6.58618 6.59922 6.6122 6.62508 6.6378 6.65028 6.66248 6.67434 6.6858 6.6968 6.7073 6.71723 6.72656 6.73522 6.74319 6.75041 6.75685 6.76249 6.76728 6.77121 6.77426 6.7764 6.77764 6.77795 6.77735 6.77584 6.77342 6.7701 6.76591 6.76087 6.75499 6.74833 6.7409 6.73274 6.72391 6.71444 6.70438 6.69379 6.68272 6.67121 6.65934 6.64716 6.63471 6.62208 6.6093 6.59645 6.58358 6.57074 6.55799 6.54538 6.53296 6.52078 6.50889 6.49733 6.48613 6.47534 6.46499 6.45511 6.44573 6.43687 6.42856 6.42081 6.41365 6.40709 6.40113 6.3958 6.3911 6.38704 6.38362 6.38085 6.37874 6.37729 6.37649 
6.3718 6.37234 6.37357 6.37549 6.37809 6.38137 6.38532 6.38995 6.39524 6.40118 6.40777 6.415 6.42284 6.43128 6.44031 6.4499 6.46001 6.47064 6.48174 6.49328 6.50522 6.51752 6.53014 6.54303 6.55615 6.56943 6.58284 6.5963 6.60977 6.62318 6.63647 6.6496 6.66248 6.67507 6.68731 6.69913 6.71048 6.7213 6.73154 6.74115 6.75009 6.75829 6.76574 6.77238 6.77818 6.78312 6.78717 6.79031 6.79251 6.79379 6.79411 6.79349 6.79193 6.78943 6.78601 6.78169 6.77649 6.77044 6.76356 6.7559 6.74749 6.73838 6.72861 6.71824 6.70731 6.69588 6.68401 6.67176 6.65917 6.64633 6.63328 6.62008 6.6068 6.5935 6.58023 6.56705 6.55401 6.54117 6.52857 6.51627 6.5043 6.49272 6.48155 6.47083 6.4606 6.45088 6.44171 6.43309 6.42507 6.41764 6.41084 6.40466 6.39913 6.39426 6.39005 6.3865 6.38363 6.38143 6.37992 6.3791 
6.37434 6.3749 6.37617 6.37815 6.38084 6.38423 6.38832 6.3931 6.39857 6.40472 6.41153 6.419 6.4271 6.43583 6.44516 6.45506 6.46552 6.47649 6.48795 6.49987 6.51219 6.52489 6.53791 6.55122 6.56474 6.57845 6.59227 6.60615 6.62003 6.63385 6.64755 6.66107 6.67434 6.68731 6.69991 6.71208 6.72376 6.7349 6.74544 6.75533 6.76452 6.77296 6.78062 6.78745 6.79342 6.79849 6.80266 6.80588 6.80815 6.80946 6.80979 6.80915 6.80754 6.80497 6.80145 6.79701 6.79166 6.78543 6.77835 6.77046 6.76181 6.75243 6.74238 6.7317 6.72044 6.70867 6.69645 6.68382 6.67086 6.65762 6.64417 6.63057 6.61687 6.60315 6.58947 6.57587 6.56241 6.54916 6.53616 6.52346 6.5111 6.49913 6.4876 6.47652 6.46595 6.45591 6.44642 6.43752 6.42922 6.42154 6.4145 6.40811 6.40239 6.39735 6.39298 6.38931 6.38634 6.38407 6.3825 6.38164 
6.37681 6.37739 6.3787 6.38074 6.38351 6.38701 6.39123 6.39616 6.40181 6.40815 6.41518 6.42288 6.43124 6.44024 6.44986 6.46007 6.47085 6.48216 6.49397 6.50625 6.51895 6.53203 6.54544 6.55914 6.57306 6.58717 6.60139 6.61567 6.62995 6.64417 6.65826 6.67216 6.6858 6.69913 6.71208 6.72458 6.73658 6.74802 6.75885 6.76901 6.77844 6.78711 6.79498 6.80199 6.80811 6.81333 6.8176 6.82091 6.82324 6.82457 6.82491 6.82426 6.8226 6.81996 6.81635 6.81179 6.80629 6.79989 6.79262 6.78453 6.77564 6.766 6.75567 6.74469 6.73313 6.72103 6.70846 6.69548 6.68215 6.66853 6.6547 6.6407 6.62661 6.61249 6.5984 6.5844 6.57055 6.5569 6.54351 6.53042 6.51769 6.50535 6.49346 6.48204 6.47114 6.46078 6.451 6.44181 6.43325 6.42532 6.41806 6.41146 6.40556 6.40035 6.39584 6.39205 6.38898 6.38663 6.38501 6.38412 
6.3792 6.37979 6.38114 6.38324 6.38609 6.38969 6.39404 6.39912 6.40493 6.41146 6.4187 6.42663 6.43524 6.4445 6.4544 6.4649 6.47599 6.48762 6.49977 6.51239 6.52545 6.5389 6.55268 6.56676 6.58106 6.59555 6.61016 6.62482 6.63949 6.65408 6.66854 6.6828 6.6968 6.71048 6.72376 6.73658 6.74889 6.76062 6.77172 6.78213 6.79181 6.80069 6.80875 6.81593 6.82221 6.82755 6.83192 6.83531 6.8377 6.83907 6.83942 6.83874 6.83705 6.83434 6.83064 6.82596 6.82033 6.81377 6.80632 6.79801 6.7889 6.77902 6.76842 6.75717 6.7453 6.73289 6.71999 6.70667 6.69299 6.67902 6.66481 6.65044 6.63597 6.62147 6.60699 6.59261 6.57837 6.56434 6.55057 6.53712 6.52402 6.51134 6.4991 6.48736 6.47614 6.46548 6.45541 6.44595 6.43713 6.42897 6.42149 6.4147 6.40861 6.40324 6.3986 6.39469 6.39153 6.38911 6.38744 6.38652 
6.38149 6.3821 6.38348 6.38564 6.38857 6.39227 6.39674 6.40196 6.40793 6.41464 6.42207 6.43022 6.43906 6.44857 6.45874 6.46952 6.48091 6.49285 6.50532 6.51827 6.53167 6.54546 6.5596 6.57403 6.58871 6.60356 6.61853 6.63356 6.64859 6.66354 6.67835 6.69296 6.7073 6.7213 6.7349 6.74802 6.76062 6.77263 6.78399 6.79464 6.80454 6.81363 6.82187 6.82921 6.83564 6.8411 6.84557 6.84904 6.85147 6.85288 6.85323 6.85254 6.8508 6.84804 6.84425 6.83946 6.8337 6.82698 6.81936 6.81086 6.80154 6.79142 6.78058 6.76905 6.75691 6.7442 6.73099 6.71735 6.70333 6.68902 6.67446 6.65973 6.6449 6.63004 6.61519 6.60044 6.58584 6.57145 6.55733 6.54352 6.53008 6.51706 6.5045 6.49244 6.48092 6.46997 6.45963 6.44991 6.44085 6.43247 6.42478 6.4178 6.41154 6.40602 6.40125 6.39723 6.39397 6.39148 6.38976 6.38882 
6.38368 6.3843 6.38571 6.38793 6.39093 6.39473 6.39931 6.40466 6.41078 6.41766 6.42528 6.43364 6.4427 6.45245 6.46286 6.47392 6.48558 6.49781 6.51058 6.52385 6.53757 6.55169 6.56616 6.58093 6.59595 6.61115 6.62646 6.64184 6.6572 6.6725 6.68764 6.70258 6.71723 6.73154 6.74544 6.75885 6.77172 6.78399 6.79559 6.80647 6.81657 6.82586 6.83427 6.84177 6.84833 6.8539 6.85847 6.86201 6.8645 6.86593 6.86629 6.86558 6.86381 6.86098 6.85711 6.85222 6.84634 6.83948 6.8317 6.82302 6.81349 6.80316 6.79208 6.7803 6.76789 6.7549 6.7414 6.72745 6.71312 6.69848 6.6836 6.66853 6.65336 6.63815 6.62297 6.60787 6.59292 6.57819 6.56373 6.54959 6.53583 6.52249 6.50963 6.49727 6.48546 6.47424 6.46364 6.45368 6.44439 6.43579 6.4279 6.42074 6.41433 6.40866 6.40377 6.39964 6.3963 6.39375 6.39198 6.39101 
6.38574 6.38637 6.38782 6.39009 6.39316 6.39705 6.40173 6.40721 6.41347 6.42051 6.42831 6.43685 6.44612 6.45609 6.46675 6.47805 6.48997 6.50248 6.51553 6.52909 6.54311 6.55754 6.57233 6.58742 6.60276 6.61828 6.63392 6.64961 6.6653 6.68091 6.69636 6.7116 6.72656 6.74115 6.75533 6.76901 6.78213 6.79464 6.80647 6.81756 6.82786 6.83732 6.8459 6.85355 6.86023 6.86591 6.87056 6.87417 6.8767 6.87816 6.87853 6.8778 6.876 6.87312 6.86917 6.86419 6.85819 6.8512 6.84326 6.83441 6.82469 6.81416 6.80286 6.79085 6.77819 6.76494 6.75117 6.73693 6.72231 6.70737 6.69218 6.6768 6.66131 6.64578 6.63027 6.61485 6.59958 6.58453 6.56975 6.5553 6.54123 6.5276 6.51445 6.50181 6.48974 6.47826 6.46741 6.45722 6.44772 6.43892 6.43085 6.42352 6.41695 6.41116 6.40614 6.40192 6.3985 6.39588 6.39407 6.39308 
6.38767 6.38831 6.3898 6.39211 6.39525 6.39921 6.404 6.40959 6.41599 6.42317 6.43114 6.43986 6.44932 6.4595 6.47037 6.4819 6.49407 6.50683 6.52015 6.53398 6.54828 6.56299 6.57807 6.59346 6.60909 6.62491 6.64085 6.65685 6.67283 6.68873 6.70447 6.71999 6.73522 6.75009 6.76452 6.77844 6.79181 6.80454 6.81657 6.82786 6.83835 6.84797 6.8567 6.86448 6.87128 6.87705 6.88179 6.88545 6.88803 6.88951 6.88989 6.88915 6.88731 6.88438 6.88037 6.8753 6.86919 6.86208 6.854 6.84499 6.8351 6.82438 6.81288 6.80065 6.78776 6.77427 6.76024 6.74575 6.73085 6.71563 6.70015 6.68448 6.6687 6.65287 6.63706 6.62134 6.60577 6.59043 6.57535 6.56062 6.54627 6.53236 6.51894 6.50604 6.49372 6.48201 6.47093 6.46053 6.45083 6.44184 6.4336 6.42612 6.41941 6.41349 6.40837 6.40405 6.40056 6.39788 6.39603 6.39501 
6.38945 6.39011 6.39162 6.39398 6.39718 6.40122 6.40609 6.41179 6.41831 6.42563 6.43375 6.44263 6.45227 6.46264 6.47371 6.48546 6.49785 6.51084 6.5244 6.53848 6.55304 6.56801 6.58336 6.59902 6.61492 6.63101 6.64723 6.6635 6.67975 6.69592 6.71193 6.72771 6.74319 6.75829 6.77296 6.78711 6.80069 6.81363 6.82586 6.83732 6.84797 6.85775 6.86662 6.87452 6.88142 6.88729 6.8921 6.89582 6.89844 6.89994 6.90032 6.89957 6.8977 6.89473 6.89065 6.8855 6.87929 6.87207 6.86386 6.85471 6.84466 6.83377 6.82208 6.80966 6.79655 6.78284 6.76858 6.75385 6.73871 6.72323 6.70748 6.69155 6.6755 6.65939 6.64331 6.62731 6.61147 6.59585 6.58051 6.56551 6.5509 6.53674 6.52307 6.50994 6.49739 6.48546 6.47418 6.46358 6.45369 6.44454 6.43614 6.42851 6.42167 6.41564 6.41042 6.40602 6.40246 6.39973 6.39784 6.39681 
6.39108 6.39175 6.39328 6.39568 6.39894 6.40304 6.408 6.4138 6.42043 6.42787 6.43612 6.44516 6.45496 6.4655 6.47675 6.48869 6.50129 6.51449 6.52827 6.54258 6.55736 6.57258 6.58816 6.60406 6.62021 6.63656 6.65302 6.66953 6.68603 6.70244 6.71869 6.7347 6.75041 6.76574 6.78062 6.79498 6.80875 6.82187 6.83427 6.8459 6.8567 6.86662 6.8756 6.88361 6.89061 6.89656 6.90143 6.90521 6.90786 6.90938 6.90977 6.90901 6.90712 6.9041 6.89996 6.89474 6.88845 6.88112 6.8728 6.86352 6.85333 6.84228 6.83042 6.81782 6.80453 6.79061 6.77615 6.76119 6.74583 6.73012 6.71414 6.69796 6.68166 6.66531 6.64898 6.63274 6.61665 6.60078 6.5852 6.56996 6.55512 6.54072 6.52683 6.51349 6.50073 6.4886 6.47714 6.46636 6.45631 6.447 6.43845 6.4307 6.42374 6.4176 6.41229 6.40782 6.40419 6.40142 6.3995 6.39844 
6.39255 6.39323 6.39478 6.39721 6.40052 6.40469 6.40972 6.4156 6.42233 6.42988 6.43825 6.44742 6.45736 6.46806 6.47948 6.49159 6.50436 6.51775 6.53173 6.54623 6.56123 6.57665 6.59245 6.60857 6.62494 6.6415 6.65819 6.67492 6.69164 6.70826 6.72472 6.74094 6.75685 6.77238 6.78745 6.80199 6.81593 6.82921 6.84177 6.85355 6.86448 6.87452 6.88361 6.89172 6.8988 6.90483 6.90976 6.91358 6.91626 6.9178 6.91819 6.91743 6.91551 6.91245 6.90827 6.90298 6.89661 6.88919 6.88077 6.87137 6.86105 6.84987 6.83786 6.8251 6.81164 6.79755 6.78289 6.76775 6.75218 6.73626 6.72007 6.70368 6.68717 6.6706 6.65404 6.63758 6.62127 6.60519 6.58939 6.57393 6.55888 6.54429 6.5302 6.51666 6.50372 6.49142 6.47978 6.46885 6.45864 6.4492 6.44053 6.43265 6.42559 6.41936 6.41397 6.40943 6.40575 6.40293 6.40098 6.39991 
6.39384 6.39452 6.3961 6.39856 6.40191 6.40613 6.41123 6.41719 6.424 6.43165 6.44013 6.44941 6.45948 6.47031 6.48187 6.49413 6.50706 6.52062 6.53476 6.54944 6.56461 6.58022 6.59621 6.61252 6.62908 6.64584 6.66271 6.67964 6.69654 6.71336 6.73 6.7464 6.76249 6.77818 6.79342 6.80811 6.82221 6.83564 6.84833 6.86023 6.87128 6.88142 6.89061 6.8988 6.90596 6.91204 6.91703 6.92089 6.9236 6.92516 6.92555 6.92477 6.92284 6.91975 6.91552 6.91017 6.90374 6.89624 6.88773 6.87823 6.8678 6.85649 6.84436 6.83146 6.81785 6.8036 6.78879 6.77347 6.75773 6.74164 6.72527 6.70869 6.69198 6.67522 6.65847 6.64182 6.62532 6.60904 6.59305 6.57741 6.56218 6.54741 6.53315 6.51944 6.50634 6.49388 6.4821 6.47103 6.4607 6.45113 6.44235 6.43438 6.42722 6.42091 6.41545 6.41085 6.40712 6.40427 6.40229 6.4012 
6.39495 6.39564 6.39723 6.39972 6.4031 6.40737 6.41252 6.41855 6.42543 6.43317 6.44173 6.45111 6.46129 6.47223 6.48391 6.4963 6.50936 6.52306 6.53735 6.55218 6.5675 6.58327 6.59941 6.61588 6.63261 6.64952 6.66656 6.68365 6.70072 6.71769 6.73449 6.75105 6.76728 6.78312 6.79849 6.81333 6.82755 6.8411 6.8539 6.86591 6.87705 6.88729 6.89656 6.90483 6.91204 6.91818 6.92321 6.9271 6.92984 6.93141 6.9318 6.93102 6.92907 6.92595 6.92168 6.91629 6.9098 6.90224 6.89365 6.88406 6.87354 6.86213 6.84989 6.83686 6.82313 6.80876 6.7938 6.77835 6.76246 6.74621 6.72968 6.71295 6.69608 6.67916 6.66225 6.64543 6.62876 6.61233 6.59618 6.58038 6.56499 6.55007 6.53566 6.52182 6.50858 6.49599 6.48409 6.4729 6.46246 6.45279 6.44391 6.43585 6.42862 6.42224 6.41672 6.41207 6.4083 6.40541 6.40342 6.40232 
6.39587 6.39657 6.39817 6.40068 6.40409 6.4084 6.4136 6.41967 6.42662 6.43442 6.44306 6.45252 6.46278 6.47381 6.48559 6.49809 6.51126 6.52507 6.53947 6.55443 6.56988 6.58577 6.60205 6.61864 6.6355 6.65255 6.66972 6.68695 6.70415 6.72125 6.73817 6.75486 6.77121 6.78717 6.80266 6.8176 6.83192 6.84557 6.85847 6.87056 6.88179 6.8921 6.90143 6.90976 6.91703 6.92321 6.92827 6.93219 6.93495 6.93653 6.93692 6.93614 6.93417 6.93103 6.92673 6.9213 6.91476 6.90715 6.89849 6.88884 6.87824 6.86675 6.85441 6.8413 6.82746 6.81298 6.79791 6.78234 6.76633 6.74996 6.73331 6.71644 6.69944 6.68239 6.66534 6.64839 6.63159 6.61502 6.59874 6.58282 6.5673 6.55226 6.53773 6.52377 6.51042 6.49773 6.48572 6.47444 6.4639 6.45415 6.4452 6.43707 6.42978 6.42334 6.41777 6.41308 6.40927 6.40636 6.40435 6.40324 
6.39659 6.3973 6.39891 6.40144 6.40487 6.40921 6.41444 6.42056 6.42755 6.4354 6.4441 6.45362 6.46395 6.47505 6.48691 6.49948 6.51274 6.52664 6.54113 6.55618 6.57172 6.58771 6.60409 6.62079 6.63775 6.6549 6.67218 6.6895 6.7068 6.724 6.74103 6.75781 6.77426 6.79031 6.80588 6.82091 6.83531 6.84904 6.86201 6.87417 6.88545 6.89582 6.90521 6.91358 6.92089 6.9271 6.93219 6.93613 6.9389 6.94049 6.94089 6.9401 6.93812 6.93496 6.93064 6.92518 6.9186 6.91095 6.90224 6.89254 6.88188 6.87032 6.85792 6.84473 6.83081 6.81625 6.8011 6.78543 6.76933 6.75287 6.73611 6.71915 6.70205 6.68489 6.66775 6.65069 6.63379 6.61712 6.60074 6.58471 6.5691 6.55396 6.53934 6.52529 6.51186 6.49908 6.487 6.47564 6.46504 6.45522 6.44621 6.43802 6.43068 6.42421 6.4186 6.41387 6.41004 6.40711 6.40508 6.40397 
6.39712 6.39783 6.39945 6.40199 6.40544 6.4098 6.41505 6.42119 6.42822 6.4361 6.44484 6.45441 6.46478 6.47594 6.48785 6.50048 6.51379 6.52775 6.54231 6.55742 6.57303 6.58909 6.60554 6.62231 6.63934 6.65656 6.67391 6.6913 6.70868 6.72595 6.74304 6.75989 6.7764 6.79251 6.80815 6.82324 6.8377 6.85147 6.8645 6.8767 6.88803 6.89844 6.90786 6.91626 6.9236 6.92984 6.93495 6.9389 6.94168 6.94328 6.94368 6.94288 6.94089 6.93772 6.93339 6.92791 6.9213 6.91362 6.90488 6.89514 6.88444 6.87284 6.86038 6.84714 6.83317 6.81855 6.80334 6.78761 6.77144 6.75491 6.73809 6.72106 6.70389 6.68666 6.66944 6.65231 6.63534 6.6186 6.60215 6.58605 6.57038 6.55517 6.54049 6.52637 6.51288 6.50005 6.48791 6.4765 6.46585 6.45599 6.44693 6.43871 6.43134 6.42483 6.4192 6.41445 6.4106 6.40765 6.40562 6.40449 
6.39745 6.39815 6.39978 6.40233 6.40579 6.41015 6.41542 6.42158 6.42862 6.43653 6.44529 6.45488 6.46528 6.47647 6.4884 6.50107 6.51441 6.52841 6.543 6.55815 6.5738 6.5899 6.60638 6.62319 6.64026 6.65753 6.67491 6.69235 6.70976 6.72707 6.7442 6.76108 6.77764 6.79379 6.80946 6.82457 6.83907 6.85288 6.86593 6.87816 6.88951 6.89994 6.90938 6.9178 6.92516 6.93141 6.93653 6.94049 6.94328 6.94488 6.94528 6.94448 6.94249 6.93931 6.93496 6.92947 6.92285 6.91515 6.90639 6.89663 6.88591 6.87428 6.8618 6.84852 6.83453 6.81987 6.80462 6.78886 6.77266 6.75609 6.73923 6.72215 6.70495 6.68768 6.67042 6.65325 6.63624 6.61946 6.60297 6.58684 6.57112 6.55587 6.54116 6.52701 6.51348 6.50062 6.48845 6.47701 6.46633 6.45645 6.44737 6.43913 6.43173 6.42521 6.41956 6.4148 6.41094 6.40799 6.40595 6.40482 
