3.61395 3.61415 3.61438 3.61463 3.61489 3.61518 3.61548 3.61581 3.61616 3.61654 3.61694 3.61737 3.61783 3.61833 3.61886 3.61944 3.62006 3.62072 3.62144 3.6222 3.62302 3.6239 3.62483 3.62582 3.62686 3.62796 3.62911 3.6303 3.63154 3.63282 3.63413 3.63547 3.63683 3.63819 3.63956 3.64091 3.64225 3.64356 3.64483 3.64604 3.6472 3.64828 3.64929 3.6502 3.65101 3.65172 3.65231 3.65278 3.65313 3.65335 3.65345 3.65341 3.65324 3.65295 3.65253 3.652 3.65135 3.65059 3.64973 3.64878 3.64774 3.64664 3.64547 3.64425 3.64298 3.64169 3.64038 3.63905 3.63773 3.63642 3.63512 3.63385 3.63262 3.63143 3.63028 3.62919 3.62816 3.62719 3.62628 3.62544 3.62466 3.62396 3.62332 3.62274 3.62224 3.6218 3.62142 3.6211 3.62083 3.62062 3.62046 3.62035 3.62029 3.62026 3.62027 3.62032 3.6204 3.62051 3.62065 3.62081 
3.61415 3.61436 3.61459 3.61483 3.6151 3.61539 3.61569 3.61602 3.61637 3.61675 3.61715 3.61758 3.61805 3.61855 3.61908 3.61966 3.62029 3.62096 3.62168 3.62246 3.62329 3.62417 3.62511 3.62611 3.62717 3.62828 3.62944 3.63065 3.63191 3.6332 3.63453 3.63589 3.63726 3.63865 3.64003 3.64141 3.64276 3.64409 3.64538 3.64661 3.64778 3.64888 3.6499 3.65082 3.65165 3.65236 3.65296 3.65344 3.6538 3.65402 3.65412 3.65408 3.65391 3.65361 3.65319 3.65264 3.65198 3.65121 3.65034 3.64938 3.64833 3.64721 3.64602 3.64478 3.6435 3.64219 3.64085 3.63951 3.63817 3.63684 3.63552 3.63424 3.63299 3.63178 3.63062 3.62952 3.62847 3.62749 3.62657 3.62571 3.62493 3.62421 3.62357 3.62299 3.62248 3.62203 3.62164 3.62132 3.62105 3.62084 3.62068 3.62057 3.6205 3.62047 3.62048 3.62053 3.62061 3.62072 3.62086 3.62102 
3.61438 3.61459 3.61481 3.61506 3.61533 3.61562 3.61593 3.61627 3.61662 3.61701 3.61742 3.61786 3.61834 3.61886 3.61941 3.62001 3.62066 3.62135 3.6221 3.6229 3.62376 3.62468 3.62566 3.6267 3.6278 3.62895 3.63016 3.63142 3.63273 3.63407 3.63546 3.63687 3.63829 3.63973 3.64117 3.6426 3.64401 3.64539 3.64673 3.64801 3.64923 3.65037 3.65142 3.65238 3.65324 3.65398 3.6546 3.6551 3.65547 3.6557 3.6558 3.65576 3.65558 3.65527 3.65483 3.65426 3.65357 3.65277 3.65186 3.65086 3.64977 3.6486 3.64737 3.64608 3.64475 3.64338 3.642 3.6406 3.6392 3.63782 3.63645 3.63511 3.63381 3.63256 3.63135 3.6302 3.62911 3.62808 3.62713 3.62624 3.62542 3.62467 3.624 3.62339 3.62285 3.62239 3.62198 3.62164 3.62136 3.62113 3.62096 3.62083 3.62076 3.62072 3.62073 3.62077 3.62085 3.62095 3.62109 3.62125 
3.61463 3.61483 3.61506 3.61531 3.61559 3.61588 3.6162 3.61655 3.61692 3.61732 3.61775 3.61822 3.61872 3.61926 3.61985 3.62048 3.62116 3.6219 3.62269 3.62355 3.62446 3.62544 3.62648 3.62759 3.62876 3.62999 3.63127 3.63262 3.63401 3.63544 3.63691 3.63841 3.63993 3.64146 3.64299 3.64451 3.64601 3.64747 3.64889 3.65025 3.65154 3.65275 3.65387 3.65489 3.6558 3.65658 3.65724 3.65776 3.65815 3.6584 3.6585 3.65845 3.65826 3.65793 3.65746 3.65686 3.65612 3.65527 3.65431 3.65324 3.65208 3.65084 3.64953 3.64816 3.64674 3.64529 3.64381 3.64233 3.64084 3.63937 3.63791 3.63649 3.6351 3.63376 3.63247 3.63125 3.63008 3.62899 3.62796 3.62701 3.62613 3.62533 3.62461 3.62396 3.62338 3.62287 3.62243 3.62206 3.62175 3.6215 3.6213 3.62116 3.62107 3.62102 3.62101 3.62104 3.62111 3.62121 3.62134 3.62149 
3.61489 3.6151 3.61533 3.61559 3.61587 3.61618 3.61651 3.61687 3.61726 3.61768 3.61814 3.61864 3.61917 3.61976 3.62039 3.62107 3.62181 3.62261 3.62347 3.6244 3.62539 3.62645 3.62758 3.62879 3.63006 3.63139 3.63279 3.63425 3.63576 3.63732 3.63891 3.64054 3.64219 3.64385 3.64551 3.64715 3.64877 3.65035 3.65189 3.65336 3.65475 3.65606 3.65726 3.65836 3.65934 3.66018 3.66089 3.66145 3.66187 3.66213 3.66223 3.66218 3.66198 3.66161 3.6611 3.66045 3.65966 3.65873 3.65769 3.65653 3.65528 3.65393 3.65251 3.65103 3.64949 3.64792 3.64632 3.64471 3.6431 3.64149 3.63991 3.63837 3.63686 3.6354 3.634 3.63266 3.6314 3.6302 3.62908 3.62804 3.62708 3.6262 3.6254 3.62469 3.62405 3.62348 3.62299 3.62258 3.62222 3.62194 3.62171 3.62154 3.62142 3.62135 3.62133 3.62134 3.6214 3.62149 3.62161 3.62176 
3.61518 3.61539 3.61562 3.61588 3.61618 3.6165 3.61685 3.61723 3.61765 3.6181 3.6186 3.61913 3.61972 3.62035 3.62104 3.62179 3.6226 3.62348 3.62443 3.62545 3.62655 3.62772 3.62898 3.6303 3.63171 3.63318 3.63472 3.63633 3.638 3.63972 3.64148 3.64327 3.64508 3.64691 3.64873 3.65054 3.65232 3.65405 3.65573 3.65735 3.65887 3.6603 3.66162 3.66282 3.66389 3.66481 3.66558 3.66619 3.66664 3.66693 3.66704 3.66698 3.66675 3.66635 3.66578 3.66506 3.66419 3.66318 3.66203 3.66076 3.65938 3.6579 3.65634 3.65471 3.65302 3.65129 3.64953 3.64776 3.64598 3.64422 3.64248 3.64077 3.6391 3.63749 3.63595 3.63447 3.63306 3.63174 3.63049 3.62934 3.62827 3.62729 3.62639 3.62559 3.62487 3.62423 3.62368 3.6232 3.62279 3.62246 3.62219 3.62198 3.62183 3.62173 3.62168 3.62168 3.62172 3.62179 3.62191 3.62205 
3.61548 3.61569 3.61593 3.6162 3.61651 3.61685 3.61722 3.61763 3.61808 3.61858 3.61911 3.6197 3.62035 3.62105 3.62181 3.62265 3.62355 3.62453 3.62559 3.62673 3.62796 3.62927 3.63067 3.63215 3.63372 3.63537 3.63709 3.63889 3.64075 3.64266 3.64462 3.64662 3.64863 3.65066 3.65269 3.6547 3.65667 3.6586 3.66046 3.66224 3.66393 3.66551 3.66697 3.66829 3.66947 3.67049 3.67134 3.67201 3.67251 3.67281 3.67293 3.67286 3.6726 3.67215 3.67153 3.67072 3.66976 3.66863 3.66735 3.66594 3.66441 3.66277 3.66104 3.65923 3.65735 3.65543 3.65347 3.6515 3.64952 3.64756 3.64561 3.64371 3.64185 3.64005 3.63832 3.63667 3.63509 3.63361 3.63221 3.63091 3.6297 3.6286 3.62758 3.62667 3.62585 3.62512 3.62448 3.62393 3.62345 3.62306 3.62273 3.62248 3.62229 3.62215 3.62207 3.62204 3.62206 3.62212 3.62222 3.62236 
3.61581 3.61602 3.61627 3.61655 3.61687 3.61723 3.61763 3.61808 3.61857 3.61911 3.6197 3.62036 3.62107 3.62185 3.62271 3.62364 3.62466 3.62576 3.62696 3.62824 3.62962 3.6311 3.63268 3.63435 3.63612 3.63797 3.63991 3.64193 3.64402 3.64617 3.64837 3.65061 3.65287 3.65514 3.65741 3.65965 3.66186 3.66401 3.66609 3.66808 3.66996 3.67172 3.67334 3.67481 3.67612 3.67725 3.67819 3.67894 3.67948 3.67982 3.67994 3.67986 3.67957 3.67907 3.67836 3.67746 3.67638 3.67512 3.6737 3.67212 3.67041 3.66858 3.66664 3.66461 3.66251 3.66036 3.65817 3.65595 3.65374 3.65153 3.64935 3.64721 3.64513 3.6431 3.64115 3.63928 3.63751 3.63582 3.63424 3.63277 3.6314 3.63014 3.62898 3.62794 3.627 3.62616 3.62542 3.62477 3.62421 3.62374 3.62335 3.62304 3.6228 3.62262 3.62251 3.62245 3.62244 3.62248 3.62257 3.6227 
3.61616 3.61637 3.61662 3.61692 3.61726 3.61765 3.61808 3.61857 3.61911 3.6197 3.62037 3.62109 3.6219 3.62278 3.62374 3.62479 3.62594 3.62719 3.62854 3.63 3.63156 3.63324 3.63502 3.63692 3.63892 3.64101 3.64321 3.64549 3.64785 3.65028 3.65276 3.65528 3.65782 3.66038 3.66292 3.66544 3.66792 3.67033 3.67266 3.67488 3.67699 3.67896 3.68077 3.68241 3.68387 3.68512 3.68617 3.687 3.6876 3.68797 3.68811 3.68801 3.68768 3.68711 3.68632 3.68531 3.6841 3.68268 3.68108 3.67932 3.6774 3.67534 3.67316 3.67088 3.66853 3.66611 3.66364 3.66115 3.65866 3.65617 3.65372 3.6513 3.64894 3.64665 3.64445 3.64233 3.64032 3.63841 3.63661 3.63493 3.63337 3.63193 3.6306 3.6294 3.62832 3.62735 3.62649 3.62573 3.62508 3.62452 3.62405 3.62367 3.62337 3.62314 3.62298 3.62288 3.62285 3.62286 3.62293 3.62305 
3.61654 3.61675 3.61701 3.61732 3.61768 3.6181 3.61858 3.61911 3.6197 3.62037 3.62111 3.62192 3.62283 3.62382 3.62491 3.6261 3.62741 3.62882 3.63036 3.63201 3.63379 3.63569 3.63772 3.63987 3.64214 3.64452 3.647 3.64958 3.65225 3.655 3.6578 3.66064 3.66351 3.66639 3.66926 3.67209 3.67487 3.67758 3.68019 3.68269 3.68505 3.68725 3.68928 3.69111 3.69274 3.69414 3.69531 3.69624 3.69691 3.69732 3.69746 3.69735 3.69697 3.69633 3.69544 3.6943 3.69293 3.69134 3.68955 3.68756 3.6854 3.68309 3.68064 3.67808 3.67543 3.6727 3.66993 3.66712 3.66431 3.6615 3.65873 3.656 3.65333 3.65074 3.64824 3.64583 3.64354 3.64137 3.63933 3.63741 3.63562 3.63397 3.63246 3.63107 3.62982 3.6287 3.6277 3.62682 3.62605 3.62539 3.62483 3.62437 3.624 3.62371 3.6235 3.62336 3.62329 3.62328 3.62333 3.62343 
3.61694 3.61715 3.61742 3.61775 3.61814 3.6186 3.61911 3.6197 3.62037 3.62111 3.62194 3.62285 3.62387 3.625 3.62623 3.62759 3.62907 3.63067 3.63242 3.6343 3.63632 3.63848 3.64079 3.64323 3.6458 3.6485 3.65132 3.65424 3.65726 3.66036 3.66352 3.66673 3.66997 3.67321 3.67644 3.67963 3.68276 3.6858 3.68873 3.69153 3.69417 3.69664 3.69891 3.70096 3.70277 3.70434 3.70564 3.70667 3.70741 3.70787 3.70803 3.70789 3.70746 3.70674 3.70574 3.70446 3.70292 3.70114 3.69912 3.69689 3.69446 3.69186 3.68911 3.68623 3.68324 3.68018 3.67705 3.67389 3.67071 3.66755 3.66441 3.66132 3.65831 3.65537 3.65254 3.64981 3.64721 3.64474 3.64241 3.64022 3.63818 3.63629 3.63455 3.63297 3.63152 3.63023 3.62907 3.62804 3.62714 3.62637 3.6257 3.62515 3.6247 3.62434 3.62407 3.62388 3.62377 3.62373 3.62375 3.62384 
3.61737 3.61758 3.61786 3.61822 3.61864 3.61913 3.6197 3.62036 3.62109 3.62192 3.62285 3.62389 3.62504 3.62631 3.62771 3.62925 3.63093 3.63276 3.63474 3.63688 3.63917 3.64163 3.64424 3.64701 3.64993 3.65299 3.65617 3.65948 3.66289 3.66639 3.66996 3.67358 3.67722 3.68087 3.6845 3.68808 3.69159 3.695 3.69829 3.70142 3.70438 3.70714 3.70968 3.71197 3.71399 3.71574 3.71719 3.71833 3.71916 3.71966 3.71983 3.71967 3.71918 3.71837 3.71725 3.71581 3.71409 3.71209 3.70982 3.70732 3.7046 3.70168 3.69859 3.69536 3.692 3.68855 3.68503 3.68148 3.6779 3.67433 3.67079 3.66731 3.6639 3.66058 3.65737 3.65428 3.65133 3.64852 3.64587 3.64338 3.64106 3.6389 3.63691 3.63509 3.63343 3.63193 3.63059 3.6294 3.62836 3.62745 3.62667 3.62601 3.62546 3.62503 3.62469 3.62444 3.62428 3.62421 3.62421 3.62428 
3.61783 3.61805 3.61834 3.61872 3.61917 3.61972 3.62035 3.62107 3.6219 3.62283 3.62387 3.62504 3.62634 3.62778 3.62937 3.63111 3.63302 3.63509 3.63734 3.63976 3.64237 3.64515 3.64811 3.65124 3.65454 3.658 3.6616 3.66533 3.66918 3.67312 3.67714 3.6812 3.6853 3.6894 3.69347 3.69748 3.70141 3.70523 3.7089 3.7124 3.71571 3.71878 3.72161 3.72416 3.72642 3.72836 3.72997 3.73124 3.73216 3.73271 3.73289 3.73271 3.73216 3.73125 3.72999 3.72838 3.72645 3.72421 3.72168 3.71888 3.71583 3.71257 3.70911 3.70548 3.70172 3.69785 3.69391 3.68991 3.68589 3.68188 3.6779 3.67397 3.67013 3.66638 3.66275 3.65926 3.65592 3.65274 3.64974 3.64691 3.64426 3.64181 3.63954 3.63745 3.63555 3.63384 3.63229 3.63092 3.62971 3.62865 3.62773 3.62696 3.62631 3.62578 3.62537 3.62506 3.62485 3.62473 3.6247 3.62476 
3.61833 3.61855 3.61886 3.61926 3.61976 3.62035 3.62105 3.62185 3.62278 3.62382 3.625 3.62631 3.62778 3.62941 3.6312 3.63318 3.63533 3.63768 3.64022 3.64297 3.64591 3.64906 3.6524 3.65594 3.65966 3.66355 3.66761 3.67181 3.67613 3.68056 3.68507 3.68963 3.69422 3.6988 3.70335 3.70784 3.71223 3.71649 3.72058 3.72448 3.72816 3.73158 3.73472 3.73756 3.74007 3.74222 3.74401 3.74541 3.74642 3.74703 3.74722 3.74701 3.7464 3.74538 3.74397 3.74218 3.74003 3.73753 3.73471 3.73158 3.72819 3.72454 3.72068 3.71663 3.71243 3.7081 3.70368 3.69921 3.69471 3.69021 3.68574 3.68133 3.67701 3.6728 3.66871 3.66478 3.66101 3.65742 3.65402 3.65081 3.64782 3.64503 3.64244 3.64007 3.63791 3.63594 3.63417 3.63259 3.63119 3.62996 3.6289 3.62799 3.62723 3.6266 3.6261 3.62572 3.62545 3.62529 3.62523 3.62526 
3.61886 3.61908 3.61941 3.61985 3.62039 3.62104 3.62181 3.62271 3.62374 3.62491 3.62623 3.62771 3.62937 3.6312 3.63323 3.63546 3.63789 3.64054 3.64341 3.64651 3.64983 3.65337 3.65714 3.66112 3.6653 3.66967 3.67423 3.67893 3.68378 3.68874 3.69378 3.69887 3.704 3.70911 3.71418 3.71918 3.72406 3.72879 3.73334 3.73767 3.74175 3.74555 3.74903 3.75217 3.75494 3.75732 3.75929 3.76084 3.76195 3.76262 3.76283 3.7626 3.76191 3.76077 3.75921 3.75722 3.75482 3.75205 3.74891 3.74544 3.74166 3.73761 3.73332 3.72881 3.72413 3.71931 3.71438 3.70939 3.70436 3.69934 3.69434 3.68941 3.68457 3.67984 3.67526 3.67084 3.6666 3.66256 3.65873 3.65512 3.65173 3.64857 3.64565 3.64296 3.64049 3.63826 3.63624 3.63443 3.63282 3.63141 3.63018 3.62913 3.62824 3.6275 3.6269 3.62644 3.62611 3.6259 3.6258 3.62581 
3.61944 3.61966 3.62001 3.62048 3.62107 3.62179 3.62265 3.62364 3.62479 3.6261 3.62759 3.62925 3.63111 3.63318 3.63546 3.63796 3.6407 3.64368 3.64691 3.65039 3.65412 3.6581 3.66233 3.66679 3.67148 3.67637 3.68146 3.68672 3.69213 3.69766 3.70327 3.70895 3.71464 3.72033 3.72596 3.7315 3.73691 3.74215 3.74719 3.75198 3.75649 3.76068 3.76452 3.76798 3.77104 3.77366 3.77583 3.77753 3.77875 3.77948 3.77971 3.77944 3.77868 3.77742 3.77568 3.77348 3.77084 3.76776 3.76429 3.76045 3.75627 3.75178 3.74702 3.74202 3.73683 3.73148 3.72601 3.72046 3.71487 3.70927 3.70371 3.69821 3.69281 3.68753 3.68241 3.67746 3.67271 3.66818 3.66388 3.65982 3.65601 3.65246 3.64916 3.64612 3.64333 3.64079 3.6385 3.63644 3.63461 3.63299 3.63158 3.63037 3.62933 3.62847 3.62777 3.62722 3.62682 3.62655 3.62641 3.6264 
3.62006 3.62029 3.62066 3.62116 3.62181 3.6226 3.62355 3.62466 3.62594 3.62741 3.62907 3.63093 3.63302 3.63533 3.63789 3.6407 3.64378 3.64712 3.65074 3.65464 3.65881 3.66327 3.66799 3.67297 3.6782 3.68366 3.68932 3.69518 3.70119 3.70733 3.71356 3.71985 3.72616 3.73245 3.73868 3.7448 3.75078 3.75656 3.76211 3.76739 3.77235 3.77696 3.78118 3.78499 3.78834 3.79122 3.7936 3.79547 3.7968 3.79759 3.79784 3.79754 3.79669 3.7953 3.79339 3.79096 3.78805 3.78466 3.78084 3.7766 3.77199 3.76704 3.76179 3.75627 3.75053 3.74462 3.73857 3.73242 3.72623 3.72002 3.71385 3.70774 3.70174 3.69587 3.69016 3.68465 3.67936 3.6743 3.66949 3.66494 3.66067 3.65668 3.65298 3.64956 3.64642 3.64356 3.64096 3.63863 3.63655 3.63472 3.6331 3.63171 3.63052 3.62953 3.62871 3.62807 3.62759 3.62726 3.62707 3.62703 
3.62072 3.62096 3.62135 3.6219 3.62261 3.62348 3.62453 3.62576 3.62719 3.62882 3.63067 3.63276 3.63509 3.63768 3.64054 3.64368 3.64712 3.65086 3.6549 3.65925 3.6639 3.66886 3.67412 3.67966 3.68547 3.69153 3.69782 3.70431 3.71097 3.71776 3.72465 3.73159 3.73855 3.74549 3.75234 3.75908 3.76565 3.772 3.7781 3.78388 3.78932 3.79437 3.799 3.80316 3.80683 3.80997 3.81257 3.81461 3.81606 3.81692 3.81719 3.81685 3.81592 3.81439 3.81229 3.80963 3.80643 3.80272 3.79853 3.79388 3.78882 3.78338 3.7776 3.77154 3.76523 3.75871 3.75205 3.74527 3.73844 3.73159 3.72476 3.71801 3.71136 3.70486 3.69853 3.69242 3.68653 3.6809 3.67555 3.67048 3.66572 3.66126 3.65712 3.65329 3.64977 3.64655 3.64364 3.64101 3.63866 3.63658 3.63475 3.63317 3.63181 3.63067 3.62973 3.62898 3.62841 3.62802 3.62779 3.62771 
3.62144 3.62168 3.6221 3.62269 3.62347 3.62443 3.62559 3.62696 3.62854 3.63036 3.63242 3.63474 3.63734 3.64022 3.64341 3.64691 3.65074 3.6549 3.65939 3.66423 3.6694 3.6749 3.68073 3.68687 3.6933 3.7 3.70695 3.71411 3.72145 3.72893 3.73652 3.74415 3.7518 3.75941 3.76693 3.77431 3.7815 3.78845 3.79512 3.80144 3.80738 3.81289 3.81793 3.82246 3.82646 3.82988 3.83271 3.83492 3.83649 3.83743 3.83771 3.83733 3.83631 3.83465 3.83235 3.82945 3.82595 3.8219 3.81732 3.81224 3.80671 3.80076 3.79444 3.7878 3.78088 3.77374 3.76643 3.75899 3.75149 3.74395 3.73644 3.729 3.72168 3.7145 3.70752 3.70075 3.69424 3.68801 3.68207 3.67645 3.67116 3.6662 3.66159 3.65732 3.65338 3.64979 3.64652 3.64358 3.64094 3.6386 3.63653 3.63474 3.6332 3.6319 3.63082 3.62996 3.6293 3.62883 3.62855 3.62845 
3.6222 3.62246 3.6229 3.62355 3.6244 3.62545 3.62673 3.62824 3.63 3.63201 3.6343 3.63688 3.63976 3.64297 3.64651 3.65039 3.65464 3.65925 3.66423 3.66958 3.6753 3.68138 3.68782 3.69459 3.70168 3.70906 3.7167 3.72457 3.73263 3.74084 3.74915 3.75752 3.76588 3.7742 3.78241 3.79047 3.79831 3.80588 3.81313 3.82001 3.82646 3.83245 3.83792 3.84284 3.84717 3.85088 3.85394 3.85634 3.85804 3.85905 3.85934 3.85893 3.85782 3.85601 3.85351 3.85036 3.84656 3.84215 3.83717 3.83164 3.82562 3.81914 3.81226 3.80502 3.79747 3.78968 3.78169 3.77356 3.76535 3.7571 3.74887 3.74071 3.73267 3.72478 3.7171 3.70966 3.70248 3.69561 3.68905 3.68284 3.67698 3.67149 3.66638 3.66164 3.65727 3.65327 3.64963 3.64634 3.64339 3.64076 3.63845 3.63643 3.63469 3.63322 3.632 3.63101 3.63025 3.62971 3.62937 3.62923 
3.62302 3.62329 3.62376 3.62446 3.62539 3.62655 3.62796 3.62962 3.63156 3.63379 3.63632 3.63917 3.64237 3.64591 3.64983 3.65412 3.65881 3.6639 3.6694 3.6753 3.6816 3.6883 3.69538 3.70282 3.7106 3.7187 3.72707 3.73568 3.7445 3.75346 3.76253 3.77165 3.78077 3.78982 3.79875 3.8075 3.81601 3.82423 3.83208 3.83953 3.84652 3.853 3.85891 3.86423 3.8689 3.87291 3.87621 3.87879 3.88063 3.88171 3.88202 3.88158 3.88037 3.8784 3.8757 3.87229 3.86818 3.86341 3.85801 3.85203 3.8455 3.83848 3.83101 3.82315 3.81496 3.80648 3.79779 3.78894 3.77999 3.771 3.76202 3.75311 3.74431 3.73569 3.72727 3.71911 3.71124 3.70369 3.69648 3.68965 3.6832 3.67714 3.67149 3.66625 3.66141 3.65698 3.65294 3.64929 3.64601 3.64308 3.6405 3.63824 3.63629 3.63463 3.63325 3.63214 3.63127 3.63064 3.63024 3.63007 
3.6239 3.62417 3.62468 3.62544 3.62645 3.62772 3.62927 3.6311 3.63324 3.63569 3.63848 3.64163 3.64515 3.64906 3.65337 3.6581 3.66327 3.66886 3.6749 3.68138 3.6883 3.69564 3.7034 3.71154 3.72004 3.72888 3.73802 3.74741 3.75701 3.76676 3.77662 3.78652 3.79641 3.80622 3.81589 3.82536 3.83456 3.84344 3.85192 3.85995 3.86749 3.87446 3.88083 3.88655 3.89158 3.89588 3.89943 3.9022 3.90417 3.90532 3.90566 3.90517 3.90387 3.90175 3.89884 3.89516 3.89074 3.88559 3.87978 3.87332 3.86628 3.8587 3.85063 3.84214 3.83327 3.8241 3.81469 3.8051 3.79539 3.78562 3.77586 3.76616 3.75659 3.74719 3.73801 3.7291 3.7205 3.71224 3.70435 3.69686 3.68978 3.68313 3.67692 3.67115 3.66583 3.66093 3.65647 3.65243 3.6488 3.64555 3.64268 3.64017 3.63799 3.63614 3.63459 3.63334 3.63236 3.63164 3.63118 3.63096 
3.62483 3.62511 3.62566 3.62648 3.62758 3.62898 3.63067 3.63268 3.63502 3.63772 3.64079 3.64424 3.64811 3.6524 3.65714 3.66233 3.66799 3.67412 3.68073 3.68782 3.69538 3.7034 3.71185 3.72073 3.72999 3.7396 3.74953 3.75972 3.77013 3.7807 3.79137 3.80208 3.81276 3.82335 3.83378 3.84399 3.85389 3.86344 3.87256 3.88119 3.88927 3.89675 3.90358 3.90971 3.9151 3.9197 3.9235 3.92646 3.92856 3.9298 3.93015 3.92963 3.92822 3.92595 3.92284 3.91889 3.91414 3.90862 3.90238 3.89545 3.88788 3.87973 3.87105 3.86191 3.85236 3.84248 3.83232 3.82197 3.81147 3.80091 3.79035 3.77984 3.76946 3.75926 3.74929 3.73961 3.73024 3.72125 3.71264 3.70447 3.69673 3.68946 3.68266 3.67634 3.67049 3.66512 3.66021 3.65576 3.65176 3.64817 3.645 3.64221 3.6398 3.63774 3.63602 3.63461 3.63351 3.6327 3.63217 3.63192 
3.62582 3.62611 3.6267 3.62759 3.62879 3.6303 3.63215 3.63435 3.63692 3.63987 3.64323 3.64701 3.65124 3.65594 3.66112 3.66679 3.67297 3.67966 3.68687 3.69459 3.70282 3.71154 3.72073 3.73036 3.7404 3.75082 3.76156 3.77258 3.78383 3.79523 3.80673 3.81827 3.82976 3.84115 3.85235 3.8633 3.87392 3.88415 3.89391 3.90314 3.91179 3.91978 3.92707 3.93361 3.93935 3.94426 3.94831 3.95146 3.9537 3.95501 3.95539 3.95482 3.95332 3.9509 3.94757 3.94335 3.93828 3.93239 3.92571 3.9183 3.91021 3.90148 3.89219 3.88239 3.87215 3.86154 3.85063 3.83949 3.8282 3.81682 3.80543 3.7941 3.78289 3.77186 3.76108 3.75059 3.74044 3.73068 3.72133 3.71244 3.70403 3.69611 3.68869 3.68179 3.6754 3.66953 3.66416 3.65928 3.65488 3.65094 3.64744 3.64438 3.64171 3.63943 3.63752 3.63596 3.63473 3.63382 3.63322 3.63292 
3.62686 3.62717 3.6278 3.62876 3.63006 3.63171 3.63372 3.63612 3.63892 3.64214 3.6458 3.64993 3.65454 3.65966 3.6653 3.67148 3.6782 3.68547 3.6933 3.70168 3.7106 3.72004 3.72999 3.7404 3.75125 3.76249 3.77407 3.78594 3.79804 3.81029 3.82264 3.83502 3.84734 3.85953 3.87151 3.88321 3.89456 3.90547 3.91588 3.92572 3.93492 3.94343 3.95118 3.95813 3.96423 3.96945 3.97374 3.97709 3.97946 3.98085 3.98124 3.98064 3.97905 3.97647 3.97293 3.96845 3.96305 3.95678 3.94968 3.94179 3.93316 3.92386 3.91394 3.90348 3.89254 3.88119 3.86952 3.85759 3.84549 3.83328 3.82106 3.80888 3.79682 3.78495 3.77332 3.76201 3.75105 3.7405 3.73039 3.72077 3.71165 3.70305 3.695 3.6875 3.68055 3.67415 3.66829 3.66296 3.65815 3.65385 3.65002 3.64665 3.64372 3.64122 3.63911 3.63738 3.63602 3.635 3.63433 3.63399 
3.62796 3.62828 3.62895 3.62999 3.63139 3.63318 3.63537 3.63797 3.64101 3.64452 3.6485 3.65299 3.658 3.66355 3.66967 3.67637 3.68366 3.69153 3.7 3.70906 3.7187 3.72888 3.7396 3.75082 3.76249 3.77457 3.78701 3.79974 3.8127 3.82582 3.83903 3.85226 3.86541 3.87841 3.89118 3.90364 3.91571 3.92731 3.93837 3.94881 3.95857 3.96758 3.9758 3.98315 3.98961 3.99513 3.99967 4.0032 4.00571 4.00718 4.00759 4.00695 4.00526 4.00254 3.99879 3.99404 3.98833 3.98168 3.97415 3.96578 3.95663 3.94675 3.93621 3.92509 3.91344 3.90136 3.88892 3.87619 3.86327 3.85023 3.83715 3.82411 3.81119 3.79846 3.78598 3.77382 3.76204 3.75068 3.73979 3.72941 3.71956 3.71028 3.70157 3.69344 3.68591 3.67897 3.6726 3.66681 3.66158 3.65688 3.65271 3.64903 3.64583 3.64308 3.64077 3.63887 3.63737 3.63625 3.6355 3.63511 
3.62911 3.62944 3.63016 3.63127 3.63279 3.63472 3.63709 3.63991 3.64321 3.647 3.65132 3.65617 3.6616 3.66761 3.67423 3.68146 3.68932 3.69782 3.70695 3.7167 3.72707 3.73802 3.74953 3.76156 3.77407 3.78701 3.80031 3.81391 3.82775 3.84175 3.85583 3.8699 3.88389 3.8977 3.91126 3.92447 3.93726 3.94955 3.96124 3.97228 3.9826 3.99212 4.00078 4.00854 4.01535 4.02117 4.02595 4.02967 4.03231 4.03385 4.03429 4.03361 4.03183 4.02896 4.025 4.02 4.01397 4.00696 3.99901 3.99016 3.98049 3.97004 3.95889 3.9471 3.93476 3.92194 3.90873 3.89521 3.88146 3.86758 3.85364 3.83974 3.82595 3.81234 3.799 3.78598 3.77336 3.76118 3.74949 3.73833 3.72774 3.71775 3.70836 3.6996 3.69147 3.68396 3.67708 3.67081 3.66514 3.66005 3.65551 3.65151 3.64802 3.64503 3.6425 3.64043 3.63878 3.63754 3.63671 3.63627 
3.6303 3.63065 3.63142 3.63262 3.63425 3.63633 3.63889 3.64193 3.64549 3.64958 3.65424 3.65948 3.66533 3.67181 3.67893 3.68672 3.69518 3.70431 3.71411 3.72457 3.73568 3.74741 3.75972 3.77258 3.78594 3.79974 3.81391 3.8284 3.84312 3.85799 3.87293 3.88786 3.90268 3.9173 3.93164 3.94561 3.95911 3.97207 3.9844 3.99603 4.00688 4.0169 4.02601 4.03416 4.04132 4.04742 4.05244 4.05634 4.05911 4.06073 4.06119 4.06048 4.05861 4.05559 4.05144 4.04618 4.03985 4.03248 4.02411 4.01481 4.00462 3.99361 3.98184 3.96941 3.95637 3.94282 3.92885 3.91453 3.89997 3.88524 3.87045 3.85568 3.84101 3.82653 3.81231 3.79843 3.78495 3.77194 3.75944 3.74749 3.73615 3.72543 3.71536 3.70594 3.6972 3.68912 3.68171 3.67494 3.66882 3.66332 3.65841 3.65408 3.6503 3.64705 3.6443 3.64204 3.64024 3.6389 3.63798 3.63749 
3.63154 3.63191 3.63273 3.63401 3.63576 3.638 3.64075 3.64402 3.64785 3.65225 3.65726 3.66289 3.66918 3.67613 3.68378 3.69213 3.70119 3.71097 3.72145 3.73263 3.7445 3.75701 3.77013 3.78383 3.79804 3.8127 3.82775 3.84312 3.85872 3.87446 3.89027 3.90604 3.92168 3.93711 3.95222 3.96692 3.98113 3.99475 4.0077 4.0199 4.03129 4.04179 4.05133 4.05987 4.06736 4.07374 4.07899 4.08307 4.08597 4.08766 4.08814 4.0874 4.08544 4.08229 4.07794 4.07244 4.06581 4.05809 4.04933 4.03957 4.02888 4.01732 4.00496 3.99189 3.97817 3.9639 3.94917 3.93407 3.91869 3.90313 3.88748 3.87184 3.8563 3.84094 3.82585 3.8111 3.79676 3.78291 3.76959 3.75686 3.74474 3.73329 3.72252 3.71244 3.70307 3.69441 3.68646 3.67919 3.67261 3.66668 3.6614 3.65673 3.65265 3.64913 3.64616 3.64371 3.64176 3.64029 3.63929 3.63875 
3.63282 3.6332 3.63407 3.63544 3.63732 3.63972 3.64266 3.64617 3.65028 3.655 3.66036 3.66639 3.67312 3.68056 3.68874 3.69766 3.70733 3.71776 3.72893 3.74084 3.75346 3.76676 3.7807 3.79523 3.81029 3.82582 3.84175 3.85799 3.87446 3.89107 3.90773 3.92434 3.9408 3.95701 3.97288 3.9883 4.00319 4.01746 4.03102 4.04378 4.05568 4.06665 4.07661 4.08552 4.09333 4.09999 4.10546 4.10971 4.11273 4.11449 4.11499 4.11422 4.11218 4.1089 4.10437 4.09864 4.09172 4.08366 4.07451 4.06432 4.05314 4.04105 4.02812 4.01442 4.00003 3.98506 3.96959 3.95371 3.93753 3.92115 3.90466 3.88815 3.87174 3.85551 3.83954 3.82393 3.80873 3.79404 3.7799 3.76636 3.75348 3.74129 3.72981 3.71907 3.70907 3.69982 3.69131 3.68353 3.67648 3.67013 3.66446 3.65944 3.65505 3.65127 3.64807 3.64543 3.64332 3.64173 3.64065 3.64006 
3.63413 3.63453 3.63546 3.63691 3.63891 3.64148 3.64462 3.64837 3.65276 3.6578 3.66352 3.66996 3.67714 3.68507 3.69378 3.70327 3.71356 3.72465 3.73652 3.74915 3.76253 3.77662 3.79137 3.80673 3.82264 3.83903 3.85583 3.87293 3.89027 3.90773 3.92523 3.94266 3.95991 3.97689 3.9935 4.00963 4.02518 4.04008 4.05422 4.06753 4.07992 4.09134 4.10171 4.11097 4.11909 4.126 4.13169 4.13611 4.13924 4.14107 4.14159 4.14079 4.13868 4.13527 4.13057 4.12461 4.11743 4.10905 4.09953 4.08892 4.07727 4.06467 4.05117 4.03687 4.02184 4.00618 3.98998 3.97335 3.95639 3.93919 3.92187 3.90452 3.88725 3.87015 3.85332 3.83684 3.82079 3.80526 3.7903 3.77597 3.76232 3.74938 3.7372 3.72578 3.71515 3.7053 3.69624 3.68795 3.68042 3.67364 3.66757 3.66221 3.65751 3.65346 3.65002 3.64719 3.64492 3.64321 3.64203 3.64139 
3.63547 3.63589 3.63687 3.63841 3.64054 3.64327 3.64662 3.65061 3.65528 3.66064 3.66673 3.67358 3.6812 3.68963 3.69887 3.70895 3.71985 3.73159 3.74415 3.75752 3.77165 3.78652 3.80208 3.81827 3.83502 3.85226 3.8699 3.88786 3.90604 3.92434 3.94266 3.96088 3.97891 3.99664 4.01396 4.03077 4.04697 4.06247 4.07717 4.091 4.10387 4.11572 4.12647 4.13608 4.14448 4.15165 4.15754 4.16211 4.16536 4.16726 4.1678 4.16697 4.16479 4.16126 4.1564 4.15023 4.14279 4.13411 4.12423 4.11322 4.10113 4.08803 4.074 4.05911 4.04346 4.02714 4.01024 3.99287 3.97514 3.95716 3.93902 3.92084 3.90273 3.88478 3.86709 3.84976 3.83288 3.81651 3.80074 3.78561 3.7712 3.75753 3.74463 3.73255 3.72128 3.71083 3.70121 3.69241 3.68441 3.67719 3.67073 3.66501 3.66 3.65568 3.65201 3.64897 3.64654 3.64471 3.64345 3.64275 
3.63683 3.63726 3.63829 3.63993 3.64219 3.64508 3.64863 3.65287 3.65782 3.66351 3.66997 3.67722 3.6853 3.69422 3.704 3.71464 3.72616 3.73855 3.7518 3.76588 3.78077 3.79641 3.81276 3.82976 3.84734 3.86541 3.88389 3.90268 3.92168 3.9408 3.95991 3.97891 3.99769 4.01614 4.03415 4.05162 4.06844 4.08451 4.09975 4.11407 4.1274 4.13965 4.15077 4.1607 4.16938 4.17678 4.18286 4.18759 4.19094 4.1929 4.19346 4.19261 4.19036 4.18673 4.18171 4.17535 4.16766 4.15869 4.14849 4.1371 4.12458 4.11101 4.09647 4.08102 4.06477 4.04781 4.03024 4.01217 3.9937 3.97494 3.95601 3.93703 3.91809 3.89931 3.88079 3.86262 3.84491 3.82773 3.81115 3.79524 3.78007 3.76567 3.75207 3.73932 3.72742 3.71638 3.70621 3.69689 3.68841 3.68076 3.67391 3.66784 3.66251 3.65791 3.65401 3.65077 3.64819 3.64623 3.64488 3.64413 
3.63819 3.63865 3.63973 3.64146 3.64385 3.64691 3.65066 3.65514 3.66038 3.66639 3.67321 3.68087 3.6894 3.6988 3.70911 3.72033 3.73245 3.74549 3.75941 3.7742 3.78982 3.80622 3.82335 3.84115 3.85953 3.87841 3.8977 3.9173 3.93711 3.95701 3.97689 3.99664 4.01614 4.03529 4.05396 4.07205 4.08945 4.10608 4.12183 4.13661 4.15036 4.163 4.17446 4.18469 4.19364 4.20126 4.20752 4.21238 4.21583 4.21786 4.21843 4.21757 4.21526 4.21152 4.20637 4.19982 4.19191 4.18267 4.17216 4.16041 4.1475 4.13349 4.11845 4.10248 4.08566 4.06809 4.04987 4.03112 4.01194 3.99244 3.97275 3.95298 3.93324 3.91365 3.89432 3.87534 3.85682 3.83883 3.82147 3.8048 3.78888 3.77375 3.75947 3.74606 3.73354 3.72191 3.71119 3.70136 3.69241 3.68433 3.67709 3.67066 3.66503 3.66016 3.65602 3.65259 3.64984 3.64775 3.64631 3.64551 
3.63956 3.64003 3.64117 3.64299 3.64551 3.64873 3.65269 3.65741 3.66292 3.66926 3.67644 3.6845 3.69347 3.70335 3.71418 3.72596 3.73868 3.75234 3.76693 3.78241 3.79875 3.81589 3.83378 3.85235 3.87151 3.89118 3.91126 3.93164 3.95222 3.97288 3.9935 4.01396 4.03415 4.05396 4.07325 4.09194 4.1099 4.12704 4.14327 4.1585 4.17265 4.18565 4.19743 4.20794 4.21713 4.22496 4.23138 4.23638 4.23992 4.242 4.2426 4.24172 4.23936 4.23553 4.23024 4.22353 4.21541 4.20592 4.19511 4.18304 4.16975 4.15532 4.13983 4.12336 4.106 4.08786 4.06902 4.04962 4.02975 4.00955 3.98913 3.9686 3.9481 3.92772 3.9076 3.88784 3.86853 3.84976 3.83164 3.81422 3.79757 3.78174 3.76678 3.75272 3.73959 3.72739 3.71612 3.70579 3.69638 3.68787 3.68025 3.67348 3.66753 3.66239 3.65802 3.65439 3.65148 3.64928 3.64775 3.6469 
3.64091 3.64141 3.6426 3.64451 3.64715 3.65054 3.6547 3.65965 3.66544 3.67209 3.67963 3.68808 3.69748 3.70784 3.71918 3.7315 3.7448 3.75908 3.77431 3.79047 3.8075 3.82536 3.84399 3.8633 3.88321 3.90364 3.92447 3.94561 3.96692 3.9883 4.00963 4.03077 4.05162 4.07205 4.09194 4.11118 4.12966 4.14729 4.16397 4.17961 4.19413 4.20747 4.21955 4.23032 4.23974 4.24775 4.25433 4.25945 4.26308 4.26521 4.26583 4.26493 4.26252 4.25861 4.25321 4.24634 4.23803 4.22831 4.21724 4.20485 4.19122 4.17641 4.16049 4.14355 4.12568 4.10699 4.08758 4.06756 4.04705 4.02617 4.00505 3.9838 3.96256 3.94144 3.92056 3.90003 3.87996 3.86045 3.84158 3.82343 3.80608 3.78957 3.77395 3.75927 3.74554 3.73277 3.72098 3.71016 3.70029 3.69137 3.68336 3.67625 3.67001 3.6646 3.66 3.65618 3.65312 3.65079 3.64918 3.64828 
3.64225 3.64276 3.64401 3.64601 3.64877 3.65232 3.65667 3.66186 3.66792 3.67487 3.68276 3.69159 3.70141 3.71223 3.72406 3.73691 3.75078 3.76565 3.7815 3.79831 3.81601 3.83456 3.85389 3.87392 3.89456 3.91571 3.93726 3.95911 3.98113 4.00319 4.02518 4.04697 4.06844 4.08945 4.1099 4.12966 4.14864 4.16672 4.18382 4.19984 4.21471 4.22835 4.2407 4.25172 4.26134 4.26953 4.27625 4.28147 4.28519 4.28737 4.288 4.2871 4.28465 4.28066 4.27515 4.26814 4.25966 4.24973 4.23841 4.22575 4.2118 4.19662 4.18031 4.16293 4.14459 4.12539 4.10543 4.08484 4.06372 4.0422 4.02041 3.99848 3.97654 3.95471 3.9331 3.91185 3.89106 3.87082 3.85124 3.83239 3.81436 3.79719 3.78094 3.76565 3.75134 3.73803 3.72572 3.71442 3.70412 3.69479 3.68642 3.67898 3.67244 3.66677 3.66195 3.65794 3.65473 3.65228 3.65059 3.64963 
3.64356 3.64409 3.64539 3.64747 3.65035 3.65405 3.6586 3.66401 3.67033 3.67758 3.6858 3.695 3.70523 3.71649 3.72879 3.74215 3.75656 3.772 3.78845 3.80588 3.82423 3.84344 3.86344 3.88415 3.90547 3.92731 3.94955 3.97207 3.99475 4.01746 4.04008 4.06247 4.08451 4.10608 4.12704 4.14729 4.16672 4.18522 4.2027 4.21908 4.23426 4.24819 4.26079 4.27202 4.28183 4.29018 4.29703 4.30236 4.30615 4.30837 4.30903 4.30811 4.30562 4.30157 4.29597 4.28883 4.28019 4.27008 4.25854 4.24561 4.23137 4.21587 4.19919 4.18141 4.16263 4.14296 4.12249 4.10135 4.07966 4.05755 4.03514 4.01256 3.98996 3.96745 3.94516 3.92321 3.90173 3.88081 3.86055 3.84104 3.82235 3.80455 3.78769 3.77181 3.75695 3.74311 3.73032 3.71856 3.70783 3.69811 3.68938 3.68162 3.6748 3.66888 3.66384 3.65966 3.65629 3.65373 3.65196 3.65096 
3.64483 3.64538 3.64673 3.64889 3.65189 3.65573 3.66046 3.66609 3.67266 3.68019 3.68873 3.69829 3.7089 3.72058 3.73334 3.74719 3.76211 3.7781 3.79512 3.81313 3.83208 3.85192 3.87256 3.89391 3.91588 3.93837 3.96124 3.9844 4.0077 4.03102 4.05422 4.07717 4.09975 4.12183 4.14327 4.16397 4.18382 4.2027 4.22054 4.23723 4.2527 4.26689 4.27972 4.29115 4.30113 4.30962 4.31659 4.32201 4.32586 4.32813 4.3288 4.32788 4.32536 4.32125 4.31557 4.30832 4.29954 4.28926 4.27751 4.26436 4.24984 4.23404 4.21703 4.19888 4.1797 4.15959 4.13865 4.11701 4.09479 4.07212 4.04913 4.02595 4.00272 3.97958 3.95665 3.93405 3.91191 3.89034 3.86944 3.8493 3.82999 3.81159 3.79416 3.77773 3.76233 3.748 3.73473 3.72253 3.7114 3.70131 3.69224 3.68417 3.67707 3.67092 3.66567 3.66131 3.65781 3.65514 3.65329 3.65224 
3.64604 3.64661 3.64801 3.65025 3.65336 3.65735 3.66224 3.66808 3.67488 3.68269 3.69153 3.70142 3.7124 3.72448 3.73767 3.75198 3.76739 3.78388 3.80144 3.82001 3.83953 3.85995 3.88119 3.90314 3.92572 3.94881 3.97228 3.99603 4.0199 4.04378 4.06753 4.091 4.11407 4.13661 4.1585 4.17961 4.19984 4.21908 4.23723 4.25421 4.26995 4.28436 4.2974 4.30901 4.31914 4.32776 4.33484 4.34034 4.34425 4.34656 4.34725 4.34632 4.34378 4.33962 4.33386 4.32651 4.31761 4.30717 4.29525 4.28188 4.26713 4.25106 4.23374 4.21526 4.19571 4.1752 4.15383 4.13173 4.10902 4.08583 4.0623 4.03856 4.01476 3.99102 3.96749 3.94429 3.92154 3.89937 3.87786 3.85713 3.83724 3.81828 3.8003 3.78334 3.76745 3.75264 3.73893 3.72632 3.7148 3.70435 3.69496 3.68661 3.67925 3.67287 3.66743 3.6629 3.65926 3.65649 3.65457 3.65348 
3.6472 3.64778 3.64923 3.65154 3.65475 3.65887 3.66393 3.66996 3.67699 3.68505 3.69417 3.70438 3.71571 3.72816 3.74175 3.75649 3.77235 3.78932 3.80738 3.82646 3.84652 3.86749 3.88927 3.91179 3.93492 3.95857 3.9826 4.00688 4.03129 4.05568 4.07992 4.10387 4.1274 4.15036 4.17265 4.19413 4.21471 4.23426 4.2527 4.26995 4.28592 4.30054 4.31376 4.32553 4.3358 4.34454 4.3517 4.35728 4.36125 4.36359 4.36429 4.36336 4.36079 4.35659 4.35077 4.34334 4.33432 4.32375 4.31167 4.29812 4.28315 4.26684 4.24925 4.23046 4.21058 4.1897 4.16794 4.14542 4.12227 4.09861 4.07458 4.05033 4.026 4.00172 3.97763 3.95387 3.93056 3.90781 3.88575 3.86446 3.84404 3.82455 3.80606 3.78862 3.77226 3.75701 3.74289 3.72989 3.718 3.70723 3.69754 3.68891 3.68131 3.67471 3.66909 3.6644 3.66064 3.65777 3.65578 3.65465 
3.64828 3.64888 3.65037 3.65275 3.65606 3.6603 3.66551 3.67172 3.67896 3.68725 3.69664 3.70714 3.71878 3.73158 3.74555 3.76068 3.77696 3.79437 3.81289 3.83245 3.853 3.87446 3.89675 3.91978 3.94343 3.96758 3.99212 4.0169 4.04179 4.06665 4.09134 4.11572 4.13965 4.163 4.18565 4.20747 4.22835 4.24819 4.26689 4.28436 4.30054 4.31535 4.32874 4.34065 4.35104 4.35987 4.36712 4.37276 4.37678 4.37915 4.37987 4.37894 4.37635 4.37211 4.36623 4.35873 4.34962 4.33893 4.32671 4.31299 4.29784 4.2813 4.26347 4.24442 4.22424 4.20303 4.18092 4.15802 4.13446 4.11037 4.0859 4.06118 4.03636 4.01158 3.98699 3.96272 3.93889 3.91563 3.89305 3.87126 3.85034 3.83037 3.81141 3.79352 3.77673 3.76107 3.74656 3.7332 3.72099 3.70991 3.69993 3.69105 3.68323 3.67643 3.67064 3.66581 3.66193 3.65897 3.65691 3.65575 
3.64929 3.6499 3.65142 3.65387 3.65726 3.66162 3.66697 3.67334 3.68077 3.68928 3.69891 3.70968 3.72161 3.73472 3.74903 3.76452 3.78118 3.799 3.81793 3.83792 3.85891 3.88083 3.90358 3.92707 3.95118 3.9758 4.00078 4.02601 4.05133 4.07661 4.10171 4.12647 4.15077 4.17446 4.19743 4.21955 4.2407 4.26079 4.27972 4.2974 4.31376 4.32874 4.34226 4.3543 4.36479 4.37372 4.38104 4.38674 4.39079 4.39319 4.39393 4.393 4.39039 4.38612 4.3802 4.37263 4.36343 4.35265 4.3403 4.32644 4.31112 4.2944 4.27635 4.25706 4.23661 4.21512 4.19269 4.16945 4.14553 4.12106 4.09618 4.07105 4.04579 4.02057 3.99552 3.97078 3.94649 3.92276 3.89972 3.87747 3.8561 3.83568 3.8163 3.798 3.78082 3.7648 3.74994 3.73625 3.72373 3.71237 3.70214 3.69302 3.68499 3.67802 3.67207 3.66711 3.66312 3.66008 3.65796 3.65676 
3.6502 3.65082 3.65238 3.65489 3.65836 3.66282 3.66829 3.67481 3.68241 3.69111 3.70096 3.71197 3.72416 3.73756 3.75217 3.76798 3.78499 3.80316 3.82246 3.84284 3.86423 3.88655 3.90971 3.93361 3.95813 3.98315 4.00854 4.03416 4.05987 4.08552 4.11097 4.13608 4.1607 4.18469 4.20794 4.23032 4.25172 4.27202 4.29115 4.30901 4.32553 4.34065 4.3543 4.36644 4.37702 4.38602 4.39341 4.39916 4.40325 4.40568 4.40642 4.40549 4.40287 4.39858 4.39261 4.38499 4.37572 4.36485 4.3524 4.33842 4.32295 4.30606 4.28783 4.26832 4.24765 4.2259 4.2032 4.17966 4.15542 4.13061 4.10538 4.07987 4.05423 4.02861 4.00316 3.97801 3.9533 3.92916 3.9057 3.88304 3.86127 3.84047 3.8207 3.80204 3.78451 3.76815 3.75298 3.739 3.7262 3.71459 3.70413 3.69481 3.68659 3.67945 3.67336 3.66829 3.6642 3.66108 3.65892 3.65768 
3.65101 3.65165 3.65324 3.6558 3.65934 3.66389 3.66947 3.67612 3.68387 3.69274 3.70277 3.71399 3.72642 3.74007 3.75494 3.77104 3.78834 3.80683 3.82646 3.84717 3.8689 3.89158 3.9151 3.93935 3.96423 3.98961 4.01535 4.04132 4.06736 4.09333 4.11909 4.14448 4.16938 4.19364 4.21713 4.23974 4.26134 4.28183 4.30113 4.31914 4.3358 4.35104 4.36479 4.37702 4.38769 4.39675 4.40419 4.40998 4.41411 4.41655 4.41731 4.41638 4.41375 4.40944 4.40344 4.39576 4.38644 4.3755 4.36296 4.34887 4.33328 4.31625 4.29785 4.27817 4.25729 4.23533 4.21239 4.18859 4.16408 4.13898 4.11344 4.08761 4.06163 4.03567 4.00986 3.98435 3.95928 3.93478 3.91096 3.88794 3.86582 3.84468 3.82458 3.80559 3.78776 3.77111 3.75566 3.74142 3.72839 3.71655 3.70589 3.69639 3.68801 3.68073 3.67451 3.66933 3.66516 3.66198 3.65977 3.65851 
3.65172 3.65236 3.65398 3.65658 3.66018 3.66481 3.67049 3.67725 3.68512 3.69414 3.70434 3.71574 3.72836 3.74222 3.75732 3.77366 3.79122 3.80997 3.82988 3.85088 3.87291 3.89588 3.9197 3.94426 3.96945 3.99513 4.02117 4.04742 4.07374 4.09999 4.126 4.15165 4.17678 4.20126 4.22496 4.24775 4.26953 4.29018 4.30962 4.32776 4.34454 4.35987 4.37372 4.38602 4.39675 4.40587 4.41336 4.41918 4.42334 4.4258 4.42657 4.42564 4.423 4.41867 4.41264 4.40493 4.39556 4.38455 4.37193 4.35776 4.34206 4.32492 4.30638 4.28655 4.26551 4.24336 4.22022 4.19621 4.17146 4.14611 4.12031 4.09421 4.06795 4.04169 4.01559 3.98977 3.9644 3.93958 3.91546 3.89214 3.86972 3.84828 3.8279 3.80864 3.79055 3.77365 3.75797 3.74351 3.73027 3.71825 3.70741 3.69775 3.68923 3.68183 3.67551 3.67024 3.666 3.66276 3.6605 3.65922 
3.65231 3.65296 3.6546 3.65724 3.66089 3.66558 3.67134 3.67819 3.68617 3.69531 3.70564 3.71719 3.72997 3.74401 3.75929 3.77583 3.7936 3.81257 3.83271 3.85394 3.87621 3.89943 3.9235 3.94831 3.97374 3.99967 4.02595 4.05244 4.07899 4.10546 4.13169 4.15754 4.18286 4.20752 4.23138 4.25433 4.27625 4.29703 4.31659 4.33484 4.3517 4.36712 4.38104 4.39341 4.40419 4.41336 4.42088 4.42673 4.43091 4.43339 4.43416 4.43323 4.43059 4.42624 4.42019 4.41245 4.40304 4.39198 4.3793 4.36505 4.34927 4.33203 4.31339 4.29343 4.27225 4.24995 4.22665 4.20246 4.17752 4.15197 4.12596 4.09963 4.07314 4.04665 4.0203 3.99424 3.96861 3.94354 3.91917 3.8956 3.87293 3.85126 3.83065 3.81117 3.79286 3.77575 3.75988 3.74524 3.73183 3.71965 3.70868 3.69889 3.69025 3.68275 3.67634 3.671 3.66669 3.66341 3.66112 3.65982 
3.65278 3.65344 3.6551 3.65776 3.66145 3.66619 3.67201 3.67894 3.687 3.69624 3.70667 3.71833 3.73124 3.74541 3.76084 3.77753 3.79547 3.81461 3.83492 3.85634 3.87879 3.9022 3.92646 3.95146 3.97709 4.0032 4.02967 4.05634 4.08307 4.10971 4.13611 4.16211 4.18759 4.21238 4.23638 4.25945 4.28147 4.30236 4.32201 4.34034 4.35728 4.37276 4.38674 4.39916 4.40998 4.41918 4.42673 4.43261 4.43681 4.4393 4.44008 4.43915 4.4365 4.43214 4.42607 4.4183 4.40886 4.39776 4.38504 4.37073 4.35488 4.33756 4.31884 4.29878 4.2775 4.25508 4.23165 4.20732 4.18223 4.15653 4.13035 4.10385 4.07718 4.0505 4.02396 3.99771 3.97189 3.94663 3.92206 3.8983 3.87544 3.85358 3.83279 3.81314 3.79466 3.7774 3.76137 3.74659 3.73306 3.72076 3.70967 3.69978 3.69106 3.68347 3.677 3.6716 3.66725 3.66393 3.66161 3.6603 
3.65313 3.6538 3.65547 3.65815 3.66187 3.66664 3.67251 3.67948 3.6876 3.69691 3.70741 3.71916 3.73216 3.74642 3.76195 3.77875 3.7968 3.81606 3.83649 3.85804 3.88063 3.90417 3.92856 3.9537 3.97946 4.00571 4.03231 4.05911 4.08597 4.11273 4.13924 4.16536 4.19094 4.21583 4.23992 4.26308 4.28519 4.30615 4.32586 4.34425 4.36125 4.37678 4.39079 4.40325 4.41411 4.42334 4.43091 4.43681 4.44101 4.44351 4.4443 4.44337 4.44071 4.43634 4.43026 4.42248 4.41301 4.40188 4.38912 4.37477 4.35887 4.3415 4.32271 4.30258 4.28122 4.25872 4.23519 4.21077 4.18557 4.15976 4.13346 4.10684 4.08005 4.05324 4.02656 4.00017 3.97421 3.94882 3.92412 3.90022 3.87723 3.85524 3.83432 3.81455 3.79595 3.77858 3.76245 3.74757 3.73394 3.72155 3.71039 3.70043 3.69165 3.684 3.67748 3.67204 3.66765 3.66431 3.66198 3.66065 
3.65335 3.65402 3.6557 3.6584 3.66213 3.66693 3.67281 3.67982 3.68797 3.69732 3.70787 3.71966 3.73271 3.74703 3.76262 3.77948 3.79759 3.81692 3.83743 3.85905 3.88171 3.90532 3.9298 3.95501 3.98085 4.00718 4.03385 4.06073 4.08766 4.11449 4.14107 4.16726 4.1929 4.21786 4.242 4.26521 4.28737 4.30837 4.32813 4.34656 4.36359 4.37915 4.39319 4.40568 4.41655 4.4258 4.43339 4.4393 4.44351 4.44602 4.44681 4.44587 4.44322 4.43884 4.43275 4.42495 4.41546 4.40431 4.39153 4.37715 4.36123 4.34381 4.32498 4.30482 4.2834 4.26085 4.23727 4.21278 4.18753 4.16164 4.13528 4.10858 4.08172 4.05483 4.02808 4.00161 3.97557 3.9501 3.92532 3.90134 3.87828 3.85621 3.83523 3.81538 3.79672 3.77928 3.76309 3.74815 3.73447 3.72204 3.71083 3.70083 3.69201 3.68433 3.67778 3.67231 3.66791 3.66455 3.66221 3.66088 
