4.54527 4.54546 4.5457 4.54599 4.54633 4.54672 4.54717 4.54766 4.54822 4.54883 4.5495 4.55023 4.55103 4.55189 4.55282 4.55382 4.5549 4.55604 4.55726 4.55856 4.55992 4.56136 4.56287 4.56445 4.56609 4.56779 4.56955 4.57135 4.5732 4.57508 4.57698 4.57889 4.58081 4.58271 4.5846 4.58646 4.58828 4.59003 4.59172 4.59333 4.59485 4.59626 4.59756 4.59874 4.59978 4.60068 4.60143 4.60203 4.60246 4.60274 4.60285 4.60279 4.60257 4.60218 4.60164 4.60094 4.6001 4.59911 4.59799 4.59674 4.59539 4.59393 4.59237 4.59074 4.58904 4.58729 4.58549 4.58367 4.58183 4.57998 4.57814 4.57631 4.57451 4.57275 4.57103 4.56937 4.56777 4.56623 4.56477 4.56338 4.56207 4.56084 4.5597 4.55864 4.55767 4.55678 4.55598 4.55525 4.55461 4.55405 4.55357 4.55316 4.55282 4.55254 4.55234 4.55219 4.55211 4.55208 4.55211 4.5522 
4.54546 4.54565 4.54589 4.54618 4.54652 4.54691 4.54736 4.54786 4.54842 4.54903 4.54971 4.55044 4.55125 4.55211 4.55305 4.55406 4.55514 4.5563 4.55753 4.55883 4.56021 4.56166 4.56319 4.56478 4.56644 4.56816 4.56993 4.57175 4.57362 4.57551 4.57743 4.57937 4.5813 4.58323 4.58514 4.58702 4.58885 4.59063 4.59233 4.59396 4.59549 4.59692 4.59823 4.59942 4.60047 4.60138 4.60214 4.60274 4.60318 4.60346 4.60357 4.60351 4.60329 4.6029 4.60235 4.60164 4.60079 4.59979 4.59866 4.5974 4.59603 4.59455 4.59298 4.59133 4.58962 4.58784 4.58603 4.58419 4.58232 4.58046 4.57859 4.57675 4.57493 4.57315 4.57142 4.56974 4.56812 4.56657 4.56509 4.56368 4.56236 4.56112 4.55997 4.5589 4.55792 4.55702 4.55621 4.55548 4.55483 4.55427 4.55378 4.55336 4.55302 4.55274 4.55253 4.55239 4.5523 4.55227 4.5523 4.55238 
4.5457 4.54589 4.54613 4.54642 4.54677 4.54717 4.54762 4.54813 4.5487 4.54933 4.55002 4.55077 4.5516 4.55249 4.55345 4.55448 4.55559 4.55678 4.55804 4.55938 4.5608 4.56229 4.56385 4.56549 4.56719 4.56896 4.57078 4.57266 4.57457 4.57652 4.57849 4.58048 4.58247 4.58445 4.58641 4.58833 4.59022 4.59204 4.59379 4.59546 4.59704 4.5985 4.59985 4.60107 4.60215 4.60308 4.60386 4.60448 4.60493 4.60521 4.60532 4.60526 4.60503 4.60463 4.60406 4.60334 4.60246 4.60143 4.60027 4.59898 4.59756 4.59605 4.59444 4.59274 4.59098 4.58916 4.58729 4.58539 4.58348 4.58156 4.57965 4.57775 4.57588 4.57405 4.57227 4.57054 4.56887 4.56728 4.56575 4.56431 4.56295 4.56167 4.56048 4.55938 4.55837 4.55745 4.55661 4.55586 4.55519 4.55461 4.5541 4.55367 4.55331 4.55302 4.5528 4.55265 4.55255 4.55252 4.55254 4.55262 
4.54599 4.54618 4.54642 4.54672 4.54708 4.54749 4.54796 4.54848 4.54907 4.54972 4.55044 4.55122 4.55208 4.55301 4.55401 4.55509 4.55624 4.55748 4.5588 4.5602 4.56168 4.56324 4.56487 4.56658 4.56836 4.5702 4.57211 4.57406 4.57606 4.57809 4.58015 4.58223 4.5843 4.58637 4.58841 4.59042 4.59238 4.59429 4.59611 4.59785 4.59949 4.60102 4.60242 4.60369 4.60481 4.60578 4.60659 4.60723 4.6077 4.60799 4.6081 4.60804 4.6078 4.60738 4.60679 4.60603 4.60511 4.60404 4.60282 4.60147 4.6 4.59842 4.59674 4.59497 4.59313 4.59123 4.58928 4.5873 4.5853 4.5833 4.5813 4.57932 4.57737 4.57545 4.57359 4.57178 4.57004 4.56837 4.56677 4.56526 4.56384 4.5625 4.56125 4.5601 4.55903 4.55806 4.55718 4.55639 4.55568 4.55506 4.55453 4.55407 4.55369 4.55338 4.55314 4.55297 4.55287 4.55282 4.55284 4.55292 
4.54633 4.54652 4.54677 4.54708 4.54744 4.54787 4.54836 4.54891 4.54953 4.55021 4.55097 4.5518 4.5527 4.55368 4.55474 4.55588 4.5571 4.55841 4.55981 4.56129 4.56286 4.56451 4.56624 4.56806 4.56994 4.57189 4.57391 4.57598 4.5781 4.58025 4.58243 4.58462 4.58681 4.589 4.59116 4.59328 4.59536 4.59736 4.59929 4.60113 4.60286 4.60447 4.60595 4.60728 4.60846 4.60948 4.61034 4.61101 4.6115 4.61181 4.61192 4.61185 4.61159 4.61115 4.61052 4.60972 4.60875 4.60762 4.60633 4.6049 4.60335 4.60167 4.59989 4.59802 4.59608 4.59407 4.59201 4.58991 4.5878 4.58567 4.58356 4.58146 4.57939 4.57736 4.57538 4.57346 4.57161 4.56984 4.56815 4.56654 4.56502 4.5636 4.56227 4.56104 4.5599 4.55886 4.55792 4.55707 4.55632 4.55565 4.55507 4.55457 4.55416 4.55382 4.55356 4.55336 4.55324 4.55318 4.55319 4.55326 
4.54672 4.54691 4.54717 4.54749 4.54787 4.54832 4.54884 4.54942 4.55008 4.5508 4.55161 4.55249 4.55345 4.5545 4.55564 4.55686 4.55817 4.55958 4.56108 4.56267 4.56435 4.56612 4.56798 4.56992 4.57194 4.57404 4.5762 4.57842 4.58068 4.58299 4.58532 4.58766 4.59001 4.59235 4.59466 4.59693 4.59914 4.60128 4.60334 4.6053 4.60714 4.60886 4.61044 4.61186 4.61312 4.6142 4.61511 4.61582 4.61634 4.61667 4.61679 4.61671 4.61643 4.61595 4.61528 4.61442 4.61338 4.61217 4.6108 4.60927 4.60761 4.60582 4.60391 4.60191 4.59983 4.59768 4.59547 4.59323 4.59097 4.58869 4.58642 4.58417 4.58195 4.57978 4.57766 4.5756 4.57361 4.5717 4.56988 4.56815 4.56651 4.56498 4.56354 4.56221 4.56098 4.55986 4.55883 4.55791 4.55709 4.55636 4.55572 4.55518 4.55472 4.55434 4.55404 4.55382 4.55368 4.5536 4.5536 4.55366 
4.54717 4.54736 4.54762 4.54796 4.54836 4.54884 4.54939 4.55001 4.55071 4.55149 4.55236 4.55331 4.55435 4.55548 4.55671 4.55803 4.55946 4.56098 4.5626 4.56432 4.56615 4.56807 4.57008 4.57218 4.57437 4.57664 4.57898 4.58138 4.58383 4.58632 4.58884 4.59137 4.5939 4.59642 4.59891 4.60136 4.60375 4.60605 4.60827 4.61038 4.61236 4.6142 4.6159 4.61743 4.61878 4.61994 4.62091 4.62168 4.62223 4.62258 4.6227 4.62262 4.62231 4.62179 4.62107 4.62014 4.61902 4.61771 4.61623 4.61458 4.61278 4.61085 4.6088 4.60664 4.60439 4.60207 4.59969 4.59727 4.59482 4.59236 4.58991 4.58747 4.58507 4.58272 4.58042 4.57818 4.57603 4.57395 4.57197 4.57009 4.56831 4.56664 4.56507 4.56362 4.56228 4.56105 4.55992 4.55891 4.558 4.5572 4.55649 4.55588 4.55537 4.55494 4.5546 4.55435 4.55417 4.55408 4.55406 4.55411 
4.54766 4.54786 4.54813 4.54848 4.54891 4.54942 4.55001 4.55068 4.55144 4.55229 4.55323 4.55426 4.55539 4.55663 4.55796 4.55941 4.56096 4.56262 4.56439 4.56627 4.56826 4.57036 4.57255 4.57485 4.57724 4.57971 4.58226 4.58487 4.58754 4.59025 4.59299 4.59574 4.5985 4.60123 4.60394 4.60659 4.60918 4.61168 4.61408 4.61637 4.61851 4.62051 4.62234 4.62399 4.62545 4.62671 4.62775 4.62858 4.62918 4.62954 4.62968 4.62958 4.62924 4.62868 4.62789 4.62688 4.62566 4.62424 4.62263 4.62084 4.61889 4.6168 4.61457 4.61222 4.60978 4.60725 4.60467 4.60203 4.59937 4.59669 4.59402 4.59137 4.58875 4.58618 4.58367 4.58123 4.57887 4.57661 4.57444 4.57238 4.57043 4.56859 4.56687 4.56527 4.56379 4.56243 4.56119 4.56007 4.55906 4.55816 4.55738 4.55669 4.55611 4.55563 4.55524 4.55495 4.55474 4.55461 4.55457 4.55461 
4.54822 4.54842 4.5487 4.54907 4.54953 4.55008 4.55071 4.55144 4.55227 4.55319 4.55421 4.55534 4.55658 4.55793 4.5594 4.56098 4.56269 4.56451 4.56645 4.56852 4.5707 4.573 4.57541 4.57793 4.58054 4.58325 4.58604 4.5889 4.59182 4.59479 4.59778 4.60079 4.6038 4.60679 4.60974 4.61263 4.61545 4.61818 4.62079 4.62327 4.62561 4.62778 4.62977 4.63156 4.63315 4.63451 4.63564 4.63654 4.63718 4.63758 4.63772 4.6376 4.63723 4.63662 4.63575 4.63465 4.63332 4.63177 4.63001 4.62806 4.62594 4.62365 4.62122 4.61866 4.61599 4.61323 4.61041 4.60753 4.60462 4.60169 4.59877 4.59586 4.59299 4.59017 4.58742 4.58474 4.58216 4.57967 4.57728 4.57501 4.57286 4.57084 4.56894 4.56717 4.56553 4.56402 4.56264 4.56139 4.56027 4.55927 4.55838 4.55761 4.55696 4.55641 4.55596 4.55562 4.55537 4.55521 4.55515 4.55517 
4.54883 4.54903 4.54933 4.54972 4.55021 4.5508 4.55149 4.55229 4.55319 4.5542 4.55532 4.55656 4.55793 4.55941 4.56103 4.56277 4.56465 4.56665 4.5688 4.57107 4.57347 4.576 4.57866 4.58143 4.5843 4.58728 4.59035 4.59349 4.59669 4.59995 4.60323 4.60653 4.60982 4.61309 4.61632 4.61949 4.62257 4.62555 4.6284 4.63111 4.63366 4.63602 4.63819 4.64014 4.64187 4.64335 4.64458 4.64555 4.64625 4.64668 4.64682 4.64669 4.64629 4.64561 4.64466 4.64345 4.642 4.6403 4.63838 4.63625 4.63392 4.63142 4.62876 4.62596 4.62303 4.62002 4.61692 4.61376 4.61057 4.60736 4.60415 4.60096 4.59781 4.59471 4.59168 4.58874 4.58588 4.58314 4.58051 4.578 4.57562 4.57338 4.57128 4.56932 4.5675 4.56582 4.56429 4.56289 4.56163 4.56051 4.55951 4.55864 4.5579 4.55727 4.55676 4.55636 4.55607 4.55587 4.55578 4.55579 
4.5495 4.54971 4.55002 4.55044 4.55097 4.55161 4.55236 4.55323 4.55421 4.55532 4.55656 4.55793 4.55943 4.56107 4.56285 4.56477 4.56684 4.56906 4.57142 4.57393 4.57658 4.57938 4.5823 4.58535 4.58852 4.5918 4.59518 4.59863 4.60216 4.60573 4.60934 4.61296 4.61657 4.62016 4.62369 4.62716 4.63053 4.63379 4.63691 4.63988 4.64266 4.64524 4.64761 4.64974 4.65162 4.65323 4.65457 4.65563 4.65639 4.65685 4.657 4.65686 4.65641 4.65566 4.65462 4.6533 4.6517 4.64984 4.64774 4.6454 4.64285 4.64011 4.63719 4.63412 4.63092 4.62761 4.62421 4.62075 4.61724 4.61371 4.61019 4.60668 4.60321 4.5998 4.59646 4.59321 4.59006 4.58703 4.58413 4.58135 4.57872 4.57624 4.5739 4.57172 4.5697 4.56783 4.56612 4.56456 4.56315 4.56189 4.56077 4.55979 4.55894 4.55823 4.55764 4.55718 4.55683 4.5566 4.55648 4.55647 
4.55023 4.55044 4.55077 4.55122 4.5518 4.55249 4.55331 4.55426 4.55534 4.55656 4.55793 4.55943 4.56109 4.5629 4.56486 4.56699 4.56928 4.57173 4.57434 4.57711 4.58004 4.58312 4.58635 4.58972 4.59321 4.59682 4.60054 4.60434 4.60822 4.61215 4.61611 4.62008 4.62405 4.62798 4.63186 4.63566 4.63936 4.64292 4.64634 4.64958 4.65262 4.65544 4.65802 4.66035 4.6624 4.66416 4.66562 4.66676 4.66759 4.66808 4.66825 4.66808 4.66759 4.66677 4.66562 4.66417 4.66242 4.66039 4.65808 4.65552 4.65273 4.64972 4.64653 4.64316 4.63965 4.63601 4.63228 4.62848 4.62463 4.62075 4.61687 4.61301 4.6092 4.60544 4.60176 4.59817 4.5947 4.59135 4.58814 4.58507 4.58215 4.5794 4.57681 4.57439 4.57214 4.57006 4.56815 4.5664 4.56483 4.56341 4.56215 4.56105 4.5601 4.55928 4.55861 4.55808 4.55767 4.5574 4.55725 4.55722 
4.55103 4.55125 4.5516 4.55208 4.5527 4.55345 4.55435 4.55539 4.55658 4.55793 4.55943 4.56109 4.56292 4.56492 4.56709 4.56944 4.57196 4.57467 4.57755 4.58061 4.58385 4.58725 4.59081 4.59452 4.59837 4.60235 4.60644 4.61062 4.61488 4.6192 4.62355 4.62791 4.63227 4.63658 4.64083 4.64499 4.64903 4.65293 4.65667 4.66021 4.66353 4.66661 4.66943 4.67196 4.6742 4.67612 4.6777 4.67895 4.67984 4.68038 4.68056 4.68037 4.67982 4.67892 4.67767 4.67608 4.67416 4.67193 4.66941 4.66661 4.66355 4.66026 4.65676 4.65307 4.64922 4.64523 4.64114 4.63697 4.63274 4.62848 4.62422 4.61997 4.61577 4.61164 4.60758 4.60363 4.5998 4.5961 4.59255 4.58916 4.58593 4.58288 4.58001 4.57732 4.57482 4.57251 4.57038 4.56843 4.56667 4.56508 4.56367 4.56243 4.56135 4.56044 4.55967 4.55906 4.55859 4.55826 4.55808 4.55802 
4.55189 4.55211 4.55249 4.55301 4.55368 4.5545 4.55548 4.55663 4.55793 4.55941 4.56107 4.5629 4.56492 4.56712 4.56952 4.57211 4.5749 4.57789 4.58107 4.58445 4.58801 4.59176 4.59568 4.59977 4.60401 4.60838 4.61288 4.61747 4.62215 4.62689 4.63166 4.63645 4.64121 4.64594 4.65059 4.65514 4.65956 4.66382 4.6679 4.67176 4.67539 4.67875 4.68182 4.68458 4.68701 4.6891 4.69083 4.69218 4.69315 4.69373 4.69392 4.69371 4.69311 4.69212 4.69075 4.68901 4.68691 4.68448 4.68172 4.67865 4.67531 4.67171 4.66788 4.66384 4.65963 4.65526 4.65078 4.64621 4.64157 4.6369 4.63222 4.62756 4.62294 4.61839 4.61393 4.60959 4.60536 4.60129 4.59737 4.59362 4.59006 4.58668 4.5835 4.58053 4.57775 4.57518 4.57281 4.57065 4.56868 4.56691 4.56533 4.56394 4.56272 4.56169 4.56082 4.56012 4.55958 4.5592 4.55897 4.5589 
4.55282 4.55305 4.55345 4.55401 4.55474 4.55564 4.55671 4.55796 4.5594 4.56103 4.56285 4.56486 4.56709 4.56952 4.57216 4.57502 4.57809 4.58139 4.58489 4.58861 4.59253 4.59666 4.60097 4.60546 4.61012 4.61492 4.61986 4.6249 4.63003 4.63522 4.64045 4.64568 4.65089 4.65606 4.66114 4.6661 4.67093 4.67558 4.68002 4.68423 4.68818 4.69184 4.69518 4.69818 4.70083 4.7031 4.70497 4.70644 4.70749 4.70811 4.70831 4.70808 4.70742 4.70634 4.70484 4.70294 4.70065 4.698 4.69498 4.69164 4.68799 4.68406 4.67988 4.67547 4.67087 4.6661 4.6612 4.65619 4.65112 4.646 4.64088 4.63577 4.6307 4.62571 4.62082 4.61604 4.61139 4.60691 4.60259 4.59847 4.59453 4.59081 4.5873 4.584 4.58093 4.57808 4.57545 4.57305 4.57086 4.56889 4.56712 4.56556 4.56421 4.56304 4.56206 4.56127 4.56066 4.56021 4.55994 4.55984 
4.55382 4.55406 4.55448 4.55509 4.55588 4.55686 4.55803 4.55941 4.56098 4.56277 4.56477 4.56699 4.56944 4.57211 4.57502 4.57816 4.58155 4.58517 4.58902 4.59311 4.59742 4.60195 4.60668 4.61161 4.61671 4.62198 4.62738 4.6329 4.63851 4.64418 4.64989 4.65561 4.66129 4.66692 4.67246 4.67787 4.68313 4.68819 4.69302 4.6976 4.70189 4.70586 4.70949 4.71275 4.71562 4.71808 4.72011 4.7217 4.72283 4.72351 4.72372 4.72346 4.72274 4.72156 4.71993 4.71786 4.71537 4.71247 4.70919 4.70556 4.70158 4.6973 4.69274 4.68794 4.68292 4.67772 4.67238 4.66691 4.66137 4.65578 4.65018 4.64459 4.63905 4.63359 4.62822 4.62298 4.61789 4.61296 4.60822 4.60369 4.59936 4.59526 4.59139 4.58775 4.58436 4.58121 4.5783 4.57564 4.57321 4.57102 4.56906 4.56732 4.5658 4.5645 4.5634 4.56251 4.56181 4.5613 4.56099 4.56086 
4.5549 4.55514 4.55559 4.55624 4.5571 4.55817 4.55946 4.56096 4.56269 4.56465 4.56684 4.56928 4.57196 4.5749 4.57809 4.58155 4.58526 4.58923 4.59346 4.59794 4.60266 4.60762 4.61281 4.6182 4.62378 4.62953 4.63543 4.64146 4.64758 4.65377 4.65999 4.66621 4.67241 4.67853 4.68455 4.69043 4.69614 4.70163 4.70688 4.71184 4.71649 4.72079 4.72472 4.72825 4.73136 4.73402 4.73621 4.73793 4.73915 4.73988 4.7401 4.73981 4.73903 4.73774 4.73597 4.73373 4.73102 4.72788 4.72432 4.72037 4.71606 4.71141 4.70645 4.70123 4.69578 4.69012 4.6843 4.67836 4.67232 4.66623 4.66012 4.65403 4.64798 4.64201 4.63615 4.63042 4.62485 4.61945 4.61426 4.60928 4.60453 4.60003 4.59577 4.59178 4.58804 4.58457 4.58136 4.57842 4.57573 4.57331 4.57113 4.5692 4.56752 4.56606 4.56484 4.56383 4.56305 4.56247 4.5621 4.56194 
4.55604 4.5563 4.55678 4.55748 4.55841 4.55958 4.56098 4.56262 4.56451 4.56665 4.56906 4.57173 4.57467 4.57789 4.58139 4.58517 4.58923 4.59358 4.5982 4.6031 4.60827 4.61368 4.61934 4.62523 4.63132 4.63759 4.64402 4.65057 4.65723 4.66396 4.67072 4.67748 4.68421 4.69085 4.69738 4.70375 4.70993 4.71588 4.72156 4.72692 4.73195 4.7366 4.74085 4.74466 4.74801 4.75088 4.75325 4.75509 4.75641 4.75719 4.75742 4.75711 4.75626 4.75486 4.75295 4.75051 4.74759 4.74419 4.74033 4.73606 4.73138 4.72635 4.72098 4.71532 4.70941 4.70327 4.69696 4.69051 4.68395 4.67733 4.67069 4.66406 4.65748 4.65097 4.64458 4.63834 4.63226 4.62637 4.62069 4.61525 4.61005 4.60512 4.60046 4.59607 4.59197 4.58816 4.58463 4.58139 4.57843 4.57575 4.57335 4.57122 4.56935 4.56773 4.56637 4.56525 4.56437 4.56372 4.5633 4.5631 
4.55726 4.55753 4.55804 4.5588 4.55981 4.56108 4.5626 4.56439 4.56645 4.5688 4.57142 4.57434 4.57755 4.58107 4.58489 4.58902 4.59346 4.5982 4.60325 4.60859 4.61422 4.62012 4.62629 4.63269 4.63931 4.64612 4.65311 4.66023 4.66745 4.67475 4.68208 4.6894 4.69667 4.70386 4.71092 4.71781 4.72448 4.7309 4.73703 4.74282 4.74824 4.75325 4.75782 4.76193 4.76553 4.76862 4.77116 4.77315 4.77456 4.77539 4.77564 4.7753 4.77437 4.77287 4.7708 4.76817 4.76502 4.76134 4.75719 4.75257 4.74753 4.74209 4.73629 4.73018 4.72378 4.71715 4.71032 4.70333 4.69623 4.68906 4.68186 4.67467 4.66752 4.66046 4.65352 4.64672 4.64011 4.6337 4.62751 4.62158 4.61591 4.61053 4.60543 4.60064 4.59615 4.59197 4.5881 4.58455 4.5813 4.57836 4.57571 4.57336 4.5713 4.56951 4.568 4.56675 4.56577 4.56504 4.56457 4.56434 
4.55856 4.55883 4.55938 4.5602 4.56129 4.56267 4.56432 4.56627 4.56852 4.57107 4.57393 4.57711 4.58061 4.58445 4.58861 4.59311 4.59794 4.6031 4.60859 4.6144 4.62052 4.62693 4.63362 4.64056 4.64774 4.65513 4.66269 4.6704 4.67821 4.6861 4.69402 4.70192 4.70978 4.71753 4.72514 4.73256 4.73975 4.74666 4.75325 4.75947 4.7653 4.77068 4.77559 4.78 4.78387 4.78718 4.78991 4.79203 4.79355 4.79444 4.7947 4.79432 4.79333 4.79171 4.78948 4.78666 4.78326 4.77931 4.77484 4.76987 4.76444 4.75858 4.75234 4.74575 4.73886 4.73171 4.72434 4.7168 4.70914 4.70139 4.69361 4.68583 4.6781 4.67045 4.66293 4.65556 4.64839 4.64143 4.63472 4.62827 4.6221 4.61624 4.61069 4.60546 4.60057 4.59601 4.59178 4.58789 4.58434 4.58111 4.57821 4.57563 4.57336 4.57139 4.56973 4.56835 4.56726 4.56645 4.56591 4.56565 
4.55992 4.56021 4.5608 4.56168 4.56286 4.56435 4.56615 4.56826 4.5707 4.57347 4.57658 4.58004 4.58385 4.58801 4.59253 4.59742 4.60266 4.60827 4.61422 4.62052 4.62715 4.63409 4.64133 4.64884 4.6566 4.66458 4.67275 4.68106 4.68949 4.69799 4.70652 4.71503 4.72348 4.73182 4.73999 4.74796 4.75568 4.7631 4.77016 4.77684 4.78308 4.78885 4.79411 4.79882 4.80296 4.8065 4.80942 4.81169 4.81331 4.81425 4.81453 4.81413 4.81305 4.81131 4.80892 4.8059 4.80225 4.79802 4.79322 4.78789 4.78207 4.77578 4.76908 4.76201 4.7546 4.74691 4.73899 4.73088 4.72263 4.71429 4.7059 4.69751 4.68917 4.68092 4.6728 4.66484 4.65708 4.64955 4.64228 4.63529 4.62861 4.62225 4.61622 4.61055 4.60522 4.60026 4.59566 4.59142 4.58754 4.58402 4.58085 4.57803 4.57554 4.57338 4.57155 4.57004 4.56883 4.56793 4.56733 4.56703 
4.56136 4.56166 4.56229 4.56324 4.56451 4.56612 4.56807 4.57036 4.573 4.576 4.57938 4.58312 4.58725 4.59176 4.59666 4.60195 4.60762 4.61368 4.62012 4.62693 4.63409 4.64158 4.64939 4.6575 4.66586 4.67446 4.68325 4.69219 4.70125 4.71039 4.71954 4.72868 4.73774 4.74668 4.75544 4.76397 4.77223 4.78017 4.78772 4.79486 4.80153 4.80769 4.8133 4.81833 4.82275 4.82652 4.82963 4.83205 4.83377 4.83478 4.83506 4.83463 4.83348 4.83162 4.82907 4.82583 4.82194 4.81741 4.81228 4.80659 4.80036 4.79363 4.78646 4.77889 4.77095 4.76272 4.75422 4.74552 4.73667 4.72771 4.7187 4.70969 4.70072 4.69184 4.68309 4.67452 4.66616 4.65803 4.65019 4.64264 4.63542 4.62854 4.62202 4.61587 4.6101 4.60472 4.59972 4.59512 4.5909 4.58707 4.58362 4.58054 4.57783 4.57547 4.57347 4.57181 4.57049 4.56949 4.56883 4.56849 
4.56287 4.56319 4.56385 4.56487 4.56624 4.56798 4.57008 4.57255 4.57541 4.57866 4.5823 4.58635 4.59081 4.59568 4.60097 4.60668 4.61281 4.61934 4.62629 4.63362 4.64133 4.64939 4.6578 4.66651 4.67549 4.68472 4.69415 4.70375 4.71346 4.72324 4.73305 4.74282 4.75251 4.76206 4.77142 4.78053 4.78934 4.7978 4.80586 4.81346 4.82057 4.82712 4.8331 4.83845 4.84315 4.84716 4.85046 4.85303 4.85486 4.85593 4.85623 4.85576 4.85454 4.85256 4.84983 4.84639 4.84224 4.83742 4.83195 4.82588 4.81924 4.81207 4.80441 4.79633 4.78786 4.77906 4.76998 4.76068 4.75121 4.74162 4.73197 4.72232 4.7127 4.70318 4.69379 4.68458 4.67559 4.66686 4.65842 4.65029 4.64251 4.63509 4.62806 4.62142 4.61519 4.60937 4.60397 4.59899 4.59442 4.59026 4.58652 4.58317 4.58022 4.57766 4.57548 4.57366 4.57222 4.57113 4.5704 4.57002 
4.56445 4.56478 4.56549 4.56658 4.56806 4.56992 4.57218 4.57485 4.57793 4.58143 4.58535 4.58972 4.59452 4.59977 4.60546 4.61161 4.6182 4.62523 4.63269 4.64056 4.64884 4.6575 4.66651 4.67584 4.68547 4.69534 4.70543 4.71569 4.72607 4.73652 4.74698 4.7574 4.76773 4.77791 4.78787 4.79757 4.80695 4.81594 4.8245 4.83258 4.84012 4.84708 4.85342 4.8591 4.86408 4.86834 4.87183 4.87456 4.87649 4.87762 4.87793 4.87744 4.87613 4.87403 4.87114 4.86748 4.86307 4.85795 4.85215 4.84569 4.83863 4.83101 4.82287 4.81427 4.80526 4.79588 4.78621 4.7763 4.7662 4.75597 4.74567 4.73535 4.72508 4.71489 4.70485 4.69499 4.68536 4.676 4.66694 4.65822 4.64987 4.6419 4.63433 4.62719 4.62048 4.61421 4.60839 4.60301 4.59808 4.59359 4.58954 4.58592 4.58272 4.57994 4.57757 4.5756 4.57403 4.57284 4.57204 4.57161 
4.56609 4.56644 4.56719 4.56836 4.56994 4.57194 4.57437 4.57724 4.58054 4.5843 4.58852 4.59321 4.59837 4.60401 4.61012 4.61671 4.62378 4.63132 4.63931 4.64774 4.6566 4.66586 4.67549 4.68547 4.69574 4.70629 4.71705 4.72798 4.73904 4.75016 4.76129 4.77237 4.78335 4.79416 4.80474 4.81503 4.82497 4.83451 4.84358 4.85213 4.86012 4.86748 4.87419 4.8802 4.88546 4.88995 4.89365 4.89653 4.89857 4.89976 4.90009 4.89956 4.89818 4.89595 4.89289 4.88901 4.88435 4.87893 4.87278 4.86595 4.85847 4.85039 4.84176 4.83264 4.82307 4.81312 4.80285 4.79231 4.78158 4.7707 4.75973 4.74875 4.7378 4.72694 4.71623 4.7057 4.69542 4.68542 4.67573 4.6664 4.65746 4.64892 4.64081 4.63315 4.62595 4.61921 4.61295 4.60717 4.60186 4.59703 4.59266 4.58876 4.58531 4.58231 4.57975 4.57761 4.57591 4.57462 4.57374 4.57327 
4.56779 4.56816 4.56896 4.5702 4.57189 4.57404 4.57664 4.57971 4.58325 4.58728 4.5918 4.59682 4.60235 4.60838 4.61492 4.62198 4.62953 4.63759 4.64612 4.65513 4.66458 4.67446 4.68472 4.69534 4.70629 4.7175 4.72894 4.74056 4.7523 4.76411 4.77592 4.78767 4.7993 4.81074 4.82194 4.83283 4.84334 4.85342 4.863 4.87203 4.88046 4.88824 4.89531 4.90164 4.90719 4.91193 4.91582 4.91885 4.92099 4.92224 4.92259 4.92203 4.92057 4.91822 4.91499 4.9109 4.90598 4.90026 4.89377 4.88655 4.87865 4.87012 4.861 4.85135 4.84123 4.8307 4.81982 4.80866 4.79728 4.78574 4.77411 4.76245 4.75082 4.73928 4.72788 4.71668 4.70573 4.69508 4.68476 4.6748 4.66526 4.65614 4.64747 4.63928 4.63158 4.62437 4.61766 4.61146 4.60577 4.60058 4.59589 4.5917 4.58799 4.58476 4.582 4.5797 4.57785 4.57646 4.57551 4.57499 
4.56955 4.56993 4.57078 4.57211 4.57391 4.5762 4.57898 4.58226 4.58604 4.59035 4.59518 4.60054 4.60644 4.61288 4.61986 4.62738 4.63543 4.64402 4.65311 4.66269 4.67275 4.68325 4.69415 4.70543 4.71705 4.72894 4.74107 4.75338 4.76582 4.77831 4.7908 4.80322 4.8155 4.82759 4.83941 4.85089 4.86197 4.87259 4.88268 4.89219 4.90106 4.90924 4.91668 4.92334 4.92917 4.93415 4.93824 4.94142 4.94367 4.94498 4.94534 4.94475 4.94322 4.94074 4.93735 4.93305 4.92787 4.92185 4.91502 4.90742 4.8991 4.89011 4.8805 4.87032 4.85965 4.84854 4.83706 4.82527 4.81324 4.80104 4.78874 4.77639 4.76408 4.75185 4.73976 4.72788 4.71626 4.70494 4.69397 4.68339 4.67323 4.66353 4.6543 4.64556 4.63735 4.62965 4.62249 4.61587 4.60978 4.60423 4.59921 4.59472 4.59074 4.58728 4.58431 4.58184 4.57986 4.57835 4.57733 4.57677 
4.57135 4.57175 4.57266 4.57406 4.57598 4.57842 4.58138 4.58487 4.5889 4.59349 4.59863 4.60434 4.61062 4.61747 4.6249 4.6329 4.64146 4.65057 4.66023 4.6704 4.68106 4.69219 4.70375 4.71569 4.72798 4.74056 4.75338 4.76639 4.77951 4.79269 4.80586 4.81895 4.83189 4.84462 4.85705 4.86913 4.88078 4.89194 4.90254 4.91252 4.92183 4.93041 4.93821 4.94518 4.9513 4.95651 4.9608 4.96413 4.96649 4.96786 4.96824 4.96762 4.966 4.96341 4.95985 4.95534 4.94991 4.94359 4.93643 4.92845 4.91972 4.91027 4.90017 4.88948 4.87825 4.86656 4.85448 4.84206 4.82939 4.81653 4.80355 4.79052 4.77751 4.76459 4.75182 4.73926 4.72696 4.71497 4.70335 4.69213 4.68135 4.67105 4.66125 4.65197 4.64323 4.63505 4.62742 4.62037 4.61388 4.60796 4.60261 4.59781 4.59356 4.58986 4.58668 4.58404 4.58191 4.5803 4.57919 4.57859 
4.5732 4.57362 4.57457 4.57606 4.5781 4.58068 4.58383 4.58754 4.59182 4.59669 4.60216 4.60822 4.61488 4.62215 4.63003 4.63851 4.64758 4.65723 4.66745 4.67821 4.68949 4.70125 4.71346 4.72607 4.73904 4.7523 4.76582 4.77951 4.79333 4.80719 4.82104 4.8348 4.84839 4.86175 4.87479 4.88746 4.89967 4.91136 4.92246 4.93291 4.94265 4.95163 4.95978 4.96708 4.97347 4.97892 4.98339 4.98687 4.98933 4.99077 4.99116 4.99051 4.98883 4.98611 4.98239 4.97767 4.972 4.96539 4.95789 4.94954 4.9404 4.93051 4.91992 4.90872 4.89695 4.88468 4.872 4.85896 4.84564 4.83212 4.81847 4.80476 4.79107 4.77746 4.764 4.75075 4.73777 4.72511 4.71283 4.70097 4.68958 4.67867 4.66829 4.65846 4.6492 4.64052 4.63243 4.62494 4.61805 4.61176 4.60606 4.60096 4.59643 4.59249 4.58911 4.58628 4.58401 4.58229 4.5811 4.58045 
4.57508 4.57551 4.57652 4.57809 4.58025 4.58299 4.58632 4.59025 4.59479 4.59995 4.60573 4.61215 4.6192 4.62689 4.63522 4.64418 4.65377 4.66396 4.67475 4.6861 4.69799 4.71039 4.72324 4.73652 4.75016 4.76411 4.77831 4.79269 4.80719 4.82174 4.83626 4.85068 4.86491 4.87889 4.89255 4.90579 4.91855 4.93077 4.94236 4.95327 4.96344 4.9728 4.98131 4.98891 4.99557 5.00125 5.00591 5.00954 5.0121 5.01359 5.014 5.01332 5.01157 5.00874 5.00486 4.99994 4.99402 4.98713 4.97931 4.9706 4.96105 4.95072 4.93966 4.92795 4.91564 4.90281 4.88953 4.87588 4.86193 4.84776 4.83344 4.81906 4.80468 4.79038 4.77623 4.7623 4.74864 4.73532 4.72238 4.70989 4.69787 4.68636 4.67541 4.66502 4.65523 4.64606 4.6375 4.62957 4.62227 4.6156 4.60957 4.60415 4.59935 4.59516 4.59156 4.58856 4.58615 4.58431 4.58305 4.58235 
4.57698 4.57743 4.57849 4.58015 4.58243 4.58532 4.58884 4.59299 4.59778 4.60323 4.60934 4.61611 4.62355 4.63166 4.64045 4.64989 4.65999 4.67072 4.68208 4.69402 4.70652 4.71954 4.73305 4.74698 4.76129 4.77592 4.7908 4.80586 4.82104 4.83626 4.85144 4.86651 4.88138 4.89597 4.91022 4.92403 4.93734 4.95006 4.96214 4.9735 4.98408 4.99382 5.00267 5.01058 5.0175 5.0234 5.02825 5.03201 5.03468 5.03623 5.03665 5.03595 5.03412 5.03118 5.02715 5.02204 5.01588 5.00871 5.00057 4.9915 4.98156 4.9708 4.95928 4.94707 4.93424 4.92086 4.907 4.89274 4.87816 4.86335 4.84838 4.83333 4.81827 4.8033 4.78847 4.77385 4.75952 4.74554 4.73195 4.71882 4.70618 4.69408 4.68255 4.67161 4.6613 4.65162 4.64259 4.63423 4.62652 4.61948 4.61309 4.60737 4.60229 4.59785 4.59405 4.59087 4.58831 4.58635 4.58501 4.58427 
4.57889 4.57937 4.58048 4.58223 4.58462 4.58766 4.59137 4.59574 4.60079 4.60653 4.61296 4.62008 4.62791 4.63645 4.64568 4.65561 4.66621 4.67748 4.6894 4.70192 4.71503 4.72868 4.74282 4.7574 4.77237 4.78767 4.80322 4.81895 4.8348 4.85068 4.86651 4.88221 4.8977 4.9129 4.92772 4.94209 4.95592 4.96915 4.98169 4.99349 5.00447 5.01458 5.02376 5.03196 5.03914 5.04526 5.05028 5.05419 5.05695 5.05855 5.05899 5.05826 5.05637 5.05332 5.04914 5.04384 5.03746 5.03002 5.02157 5.01216 5.00184 4.99066 4.97869 4.966 4.95265 4.93873 4.9243 4.90945 4.89426 4.87882 4.8632 4.8475 4.83178 4.81613 4.80063 4.78535 4.77036 4.75572 4.74149 4.72773 4.71448 4.70178 4.68968 4.67819 4.66736 4.65719 4.64769 4.63889 4.63078 4.62336 4.61663 4.6106 4.60524 4.60056 4.59654 4.59318 4.59048 4.58841 4.58699 4.5862 
4.58081 4.5813 4.58247 4.5843 4.58681 4.59001 4.5939 4.5985 4.6038 4.60982 4.61657 4.62405 4.63227 4.64121 4.65089 4.66129 4.67241 4.68421 4.69667 4.70978 4.72348 4.73774 4.75251 4.76773 4.78335 4.7993 4.8155 4.83189 4.84839 4.86491 4.88138 4.8977 4.91379 4.92958 4.94496 4.95987 4.97422 4.98793 5.00093 5.01314 5.02452 5.03498 5.04448 5.05296 5.06039 5.06672 5.07191 5.07595 5.0788 5.08046 5.08091 5.08016 5.07821 5.07506 5.07073 5.06525 5.05865 5.05095 5.04221 5.03247 5.02178 5.0102 4.99779 4.98463 4.97078 4.95633 4.94135 4.92593 4.91015 4.89409 4.87784 4.8615 4.84513 4.82883 4.81267 4.79674 4.78109 4.76581 4.75095 4.73656 4.72271 4.70943 4.69676 4.68474 4.67338 4.66272 4.65277 4.64353 4.63502 4.62723 4.62016 4.61382 4.60819 4.60326 4.59903 4.5955 4.59265 4.59047 4.58897 4.58813 
4.58271 4.58323 4.58445 4.58637 4.589 4.59235 4.59642 4.60123 4.60679 4.61309 4.62016 4.62798 4.63658 4.64594 4.65606 4.66692 4.67853 4.69085 4.70386 4.71753 4.73182 4.74668 4.76206 4.77791 4.79416 4.81074 4.82759 4.84462 4.86175 4.87889 4.89597 4.9129 4.92958 4.94592 4.96185 4.97728 4.99212 5.0063 5.01974 5.03236 5.04411 5.05491 5.06472 5.07347 5.08114 5.08766 5.09302 5.09718 5.10013 5.10184 5.10231 5.10154 5.09952 5.09627 5.09181 5.08616 5.07934 5.0714 5.06238 5.05232 5.04127 5.0293 5.01648 5.00287 4.98854 4.97358 4.95807 4.94209 4.92573 4.90907 4.89222 4.87525 4.85825 4.84131 4.82452 4.80794 4.79166 4.77575 4.76027 4.74528 4.73083 4.71698 4.70376 4.6912 4.67934 4.6682 4.65779 4.64813 4.63922 4.63106 4.62366 4.61701 4.61111 4.60595 4.60151 4.5978 4.59481 4.59252 4.59094 4.59006 
4.5846 4.58514 4.58641 4.58841 4.59116 4.59466 4.59891 4.60394 4.60974 4.61632 4.62369 4.63186 4.64083 4.65059 4.66114 4.67246 4.68455 4.69738 4.71092 4.72514 4.73999 4.75544 4.77142 4.78787 4.80474 4.82194 4.83941 4.85705 4.87479 4.89255 4.91022 4.92772 4.94496 4.96185 4.97831 4.99423 5.00955 5.02417 5.03803 5.05104 5.06314 5.07427 5.08437 5.09339 5.10128 5.108 5.11351 5.1178 5.12083 5.12259 5.12307 5.12228 5.1202 5.11687 5.11228 5.10646 5.09944 5.09127 5.08197 5.07161 5.06022 5.04789 5.03466 5.02061 5.00583 4.99038 4.97435 4.95784 4.94092 4.9237 4.90625 4.88868 4.87107 4.85352 4.8361 4.81891 4.80201 4.78548 4.7694 4.75382 4.7388 4.72439 4.71062 4.69755 4.6852 4.67358 4.66273 4.65265 4.64335 4.63484 4.62711 4.62017 4.614 4.6086 4.60396 4.60007 4.59694 4.59455 4.59289 4.59196 
4.58646 4.58702 4.58833 4.59042 4.59328 4.59693 4.60136 4.60659 4.61263 4.61949 4.62716 4.63566 4.64499 4.65514 4.6661 4.67787 4.69043 4.70375 4.71781 4.73256 4.74796 4.76397 4.78053 4.79757 4.81503 4.83283 4.85089 4.86913 4.88746 4.90579 4.92403 4.94209 4.95987 4.97728 4.99423 5.01064 5.0264 5.04145 5.05571 5.06909 5.08153 5.09297 5.10335 5.11261 5.12071 5.12761 5.13328 5.13768 5.14079 5.1426 5.1431 5.14229 5.14016 5.13673 5.13202 5.12605 5.11885 5.11045 5.1009 5.09024 5.07854 5.06585 5.05224 5.03778 5.02256 5.00664 4.99013 4.9731 4.95565 4.93788 4.91987 4.90172 4.88352 4.86538 4.84736 4.82957 4.81207 4.79496 4.77829 4.76214 4.74656 4.73161 4.71732 4.70375 4.69091 4.67884 4.66756 4.65708 4.6474 4.63854 4.63049 4.62325 4.61682 4.61119 4.60636 4.60231 4.59904 4.59654 4.5948 4.59383 
4.58828 4.58885 4.59022 4.59238 4.59536 4.59914 4.60375 4.60918 4.61545 4.62257 4.63053 4.63936 4.64903 4.65956 4.67093 4.68313 4.69614 4.70993 4.72448 4.73975 4.75568 4.77223 4.78934 4.80695 4.82497 4.84334 4.86197 4.88078 4.89967 4.91855 4.93734 4.95592 4.97422 4.99212 5.00955 5.0264 5.0426 5.05805 5.07268 5.08641 5.09918 5.11091 5.12155 5.13105 5.13935 5.14642 5.15223 5.15673 5.15992 5.16178 5.16229 5.16146 5.15928 5.15578 5.15095 5.14483 5.13745 5.12885 5.11905 5.10813 5.09612 5.0831 5.06913 5.05428 5.03864 5.02229 5.00531 4.98779 4.96984 4.95154 4.93299 4.91429 4.89553 4.87682 4.85823 4.83986 4.8218 4.80412 4.78689 4.77019 4.75408 4.7386 4.72381 4.70975 4.69646 4.68395 4.67225 4.66137 4.65133 4.64213 4.63377 4.62626 4.61958 4.61373 4.6087 4.60448 4.60108 4.59848 4.59667 4.59566 
4.59003 4.59063 4.59204 4.59429 4.59736 4.60128 4.60605 4.61168 4.61818 4.62555 4.63379 4.64292 4.65293 4.66382 4.67558 4.68819 4.70163 4.71588 4.7309 4.74666 4.7631 4.78017 4.7978 4.81594 4.83451 4.85342 4.87259 4.89194 4.91136 4.93077 4.95006 4.96915 4.98793 5.0063 5.02417 5.04145 5.05805 5.07388 5.08887 5.10293 5.116 5.128 5.13889 5.1486 5.15709 5.16433 5.17026 5.17487 5.17813 5.18003 5.18056 5.17971 5.17749 5.17391 5.16898 5.16272 5.15517 5.14637 5.13635 5.12517 5.11288 5.09955 5.08524 5.07003 5.05399 5.03722 5.0198 5.00183 4.9834 4.9646 4.94554 4.92632 4.90703 4.88778 4.86865 4.84974 4.83113 4.81291 4.79515 4.77793 4.7613 4.74533 4.73006 4.71553 4.70179 4.68886 4.67676 4.66551 4.65512 4.6456 4.63694 4.62916 4.62224 4.61617 4.61096 4.60659 4.60306 4.60036 4.59849 4.59744 
4.59172 4.59233 4.59379 4.59611 4.59929 4.60334 4.60827 4.61408 4.62079 4.6284 4.63691 4.64634 4.65667 4.6679 4.68002 4.69302 4.70688 4.72156 4.73703 4.75325 4.77016 4.78772 4.80586 4.8245 4.84358 4.863 4.88268 4.90254 4.92246 4.94236 4.96214 4.98169 5.00093 5.01974 5.03803 5.05571 5.07268 5.08887 5.10418 5.11855 5.1319 5.14416 5.15527 5.16519 5.17386 5.18124 5.1873 5.192 5.19533 5.19727 5.19781 5.19695 5.19469 5.19103 5.186 5.17962 5.17192 5.16294 5.15271 5.14129 5.12874 5.11512 5.10049 5.08494 5.06853 5.05137 5.03354 5.01514 4.99626 4.977 4.95746 4.93774 4.91796 4.89819 4.87855 4.85913 4.84001 4.82128 4.80302 4.7853 4.76818 4.75174 4.73601 4.72105 4.70689 4.69355 4.68107 4.66947 4.65875 4.64892 4.63998 4.63194 4.62478 4.61852 4.61313 4.60861 4.60496 4.60217 4.60023 4.59914 
4.59333 4.59396 4.59546 4.59785 4.60113 4.6053 4.61038 4.61637 4.62327 4.63111 4.63988 4.64958 4.66021 4.67176 4.68423 4.6976 4.71184 4.72692 4.74282 4.75947 4.77684 4.79486 4.81346 4.83258 4.85213 4.87203 4.89219 4.91252 4.93291 4.95327 4.9735 4.99349 5.01314 5.03236 5.05104 5.06909 5.08641 5.10293 5.11855 5.1332 5.14681 5.15931 5.17063 5.18074 5.18957 5.19709 5.20326 5.20805 5.21144 5.21342 5.21397 5.2131 5.21079 5.20708 5.20196 5.19546 5.18762 5.17847 5.16805 5.15641 5.14362 5.12972 5.1148 5.09893 5.08219 5.06467 5.04646 5.02765 5.00835 4.98866 4.96867 4.9485 4.92824 4.90801 4.88789 4.86798 4.84838 4.82917 4.81044 4.79225 4.77469 4.7578 4.74164 4.72626 4.7117 4.69799 4.68516 4.67322 4.66218 4.65206 4.64286 4.63457 4.62721 4.62075 4.61519 4.61053 4.60677 4.60389 4.60188 4.60076 
4.59485 4.59549 4.59704 4.59949 4.60286 4.60714 4.61236 4.61851 4.62561 4.63366 4.64266 4.65262 4.66353 4.67539 4.68818 4.70189 4.71649 4.73195 4.74824 4.7653 4.78308 4.80153 4.82057 4.84012 4.86012 4.88046 4.90106 4.92183 4.94265 4.96344 4.98408 5.00447 5.02452 5.04411 5.06314 5.08153 5.09918 5.116 5.1319 5.14681 5.16065 5.17337 5.18489 5.19516 5.20414 5.21179 5.21806 5.22294 5.22639 5.2284 5.22896 5.22807 5.22574 5.22196 5.21676 5.21016 5.20219 5.19288 5.18229 5.17045 5.15743 5.14329 5.1281 5.11194 5.09489 5.07703 5.05847 5.0393 5.01961 4.99952 4.97912 4.95852 4.93783 4.91716 4.89659 4.87624 4.8562 4.83654 4.81737 4.79876 4.78077 4.76347 4.74691 4.73115 4.71622 4.70216 4.68899 4.67673 4.66541 4.65501 4.64556 4.63705 4.62948 4.62284 4.61713 4.61234 4.60847 4.60551 4.60345 4.60229 
4.59626 4.59692 4.5985 4.60102 4.60447 4.60886 4.6142 4.62051 4.62778 4.63602 4.64524 4.65544 4.66661 4.67875 4.69184 4.70586 4.72079 4.7366 4.75325 4.77068 4.78885 4.80769 4.82712 4.84708 4.86748 4.88824 4.90924 4.93041 4.95163 4.9728 4.99382 5.01458 5.03498 5.05491 5.07427 5.09297 5.11091 5.128 5.14416 5.15931 5.17337 5.18628 5.19797 5.2084 5.21752 5.22528 5.23165 5.23659 5.2401 5.24214 5.24271 5.24182 5.23945 5.23562 5.23035 5.22365 5.21556 5.20612 5.19536 5.18335 5.17012 5.15576 5.14033 5.1239 5.10656 5.08841 5.06952 5.05001 5.02997 5.00952 4.98874 4.96776 4.94667 4.9256 4.90463 4.88386 4.86341 4.84335 4.82378 4.80476 4.78639 4.76871 4.75178 4.73567 4.7204 4.70601 4.69254 4.67999 4.66839 4.65775 4.64807 4.63935 4.63159 4.62479 4.61894 4.61403 4.61006 4.60701 4.6049 4.60371 
4.59756 4.59823 4.59985 4.60242 4.60595 4.61044 4.6159 4.62234 4.62977 4.63819 4.64761 4.65802 4.66943 4.68182 4.69518 4.70949 4.72472 4.74085 4.75782 4.77559 4.79411 4.8133 4.8331 4.85342 4.87419 4.89531 4.91668 4.93821 4.95978 4.98131 5.00267 5.02376 5.04448 5.06472 5.08437 5.10335 5.12155 5.13889 5.15527 5.17063 5.18489 5.19797 5.20983 5.2204 5.22964 5.2375 5.24395 5.24896 5.25251 5.25458 5.25517 5.25426 5.25186 5.24799 5.24265 5.23587 5.22768 5.21811 5.20721 5.19503 5.18163 5.16706 5.15141 5.13475 5.11716 5.09873 5.07956 5.05974 5.03939 5.0186 4.99748 4.97615 4.95471 4.93327 4.91193 4.8908 4.86998 4.84955 4.82961 4.81024 4.79151 4.77348 4.75623 4.73979 4.72421 4.70953 4.69578 4.68297 4.67113 4.66026 4.65037 4.64146 4.63353 4.62658 4.62059 4.61557 4.61151 4.6084 4.60624 4.60502 
4.59874 4.59942 4.60107 4.60369 4.60728 4.61186 4.61743 4.62399 4.63156 4.64014 4.64974 4.66035 4.67196 4.68458 4.69818 4.71275 4.72825 4.74466 4.76193 4.78 4.79882 4.81833 4.83845 4.8591 4.8802 4.90164 4.92334 4.94518 4.96708 4.98891 5.01058 5.03196 5.05296 5.07347 5.09339 5.11261 5.13105 5.1486 5.16519 5.18074 5.19516 5.2084 5.2204 5.23109 5.24044 5.24839 5.25491 5.25998 5.26358 5.26567 5.26627 5.26535 5.26293 5.25901 5.25362 5.24676 5.23848 5.2288 5.21778 5.20545 5.19189 5.17715 5.1613 5.14443 5.12661 5.10794 5.08852 5.06843 5.0478 5.02672 5.0053 4.98366 4.9619 4.94013 4.91847 4.89701 4.87586 4.8551 4.83484 4.81515 4.7961 4.77777 4.76022 4.74349 4.72764 4.71269 4.69869 4.68565 4.67359 4.66251 4.65244 4.64336 4.63528 4.62819 4.62209 4.61697 4.61282 4.60965 4.60745 4.6062 
4.59978 4.60047 4.60215 4.60481 4.60846 4.61312 4.61878 4.62545 4.63315 4.64187 4.65162 4.6624 4.6742 4.68701 4.70083 4.71562 4.73136 4.74801 4.76553 4.78387 4.80296 4.82275 4.84315 4.86408 4.88546 4.90719 4.92917 4.9513 4.97347 4.99557 5.0175 5.03914 5.06039 5.08114 5.10128 5.12071 5.13935 5.15709 5.17386 5.18957 5.20414 5.21752 5.22964 5.24044 5.24987 5.2579 5.26449 5.26961 5.27324 5.27536 5.27596 5.27504 5.2726 5.26865 5.2632 5.25628 5.24792 5.23815 5.22701 5.21456 5.20086 5.18597 5.16995 5.15289 5.13488 5.116 5.09635 5.07604 5.05516 5.03382 5.01214 4.99023 4.9682 4.94615 4.9242 4.90246 4.88101 4.85997 4.83943 4.81945 4.80013 4.78153 4.76372 4.74674 4.73065 4.71548 4.70125 4.68801 4.67575 4.6645 4.65426 4.64503 4.63682 4.62961 4.62341 4.6182 4.61399 4.61076 4.60852 4.60725 
4.60068 4.60138 4.60308 4.60578 4.60948 4.6142 4.61994 4.62671 4.63451 4.64335 4.65323 4.66416 4.67612 4.6891 4.7031 4.71808 4.73402 4.75088 4.76862 4.78718 4.8065 4.82652 4.84716 4.86834 4.88995 4.91193 4.93415 4.95651 4.97892 5.00125 5.0234 5.04526 5.06672 5.08766 5.108 5.12761 5.14642 5.16433 5.18124 5.19709 5.21179 5.22528 5.2375 5.24839 5.2579 5.266 5.27264 5.27781 5.28147 5.28361 5.28421 5.28329 5.28083 5.27684 5.27136 5.26438 5.25595 5.2461 5.23487 5.22232 5.2085 5.19347 5.17731 5.1601 5.14192 5.12287 5.10303 5.08252 5.06143 5.03988 5.01798 4.99584 4.97357 4.95128 4.92909 4.9071 4.88542 4.86413 4.84334 4.82313 4.80358 4.78475 4.76672 4.74953 4.73323 4.71786 4.70345 4.69003 4.67761 4.66621 4.65583 4.64647 4.63814 4.63083 4.62454 4.61926 4.61499 4.61172 4.60944 4.60816 
4.60143 4.60214 4.60386 4.60659 4.61034 4.61511 4.62091 4.62775 4.63564 4.64458 4.65457 4.66562 4.6777 4.69083 4.70497 4.72011 4.73621 4.75325 4.77116 4.78991 4.80942 4.82963 4.85046 4.87183 4.89365 4.91582 4.93824 4.9608 4.98339 5.00591 5.02825 5.05028 5.07191 5.09302 5.11351 5.13328 5.15223 5.17026 5.1873 5.20326 5.21806 5.23165 5.24395 5.25491 5.26449 5.27264 5.27933 5.28453 5.28822 5.29037 5.29098 5.29005 5.28758 5.28357 5.27805 5.27103 5.26254 5.25263 5.24132 5.22868 5.21477 5.19963 5.18336 5.16602 5.1477 5.1285 5.10851 5.08784 5.06658 5.04485 5.02277 5.00044 4.97798 4.9555 4.93311 4.91092 4.88904 4.86756 4.84657 4.82616 4.80642 4.78741 4.76919 4.75182 4.73536 4.71983 4.70527 4.6917 4.67915 4.66762 4.65713 4.64767 4.63924 4.63185 4.62549 4.62015 4.61583 4.61252 4.61021 4.60891 
4.60203 4.60274 4.60448 4.60723 4.61101 4.61582 4.62168 4.62858 4.63654 4.64555 4.65563 4.66676 4.67895 4.69218 4.70644 4.7217 4.73793 4.75509 4.77315 4.79203 4.81169 4.83205 4.85303 4.87456 4.89653 4.91885 4.94142 4.96413 4.98687 5.00954 5.03201 5.05419 5.07595 5.09718 5.1178 5.13768 5.15673 5.17487 5.192 5.20805 5.22294 5.23659 5.24896 5.25998 5.26961 5.27781 5.28453 5.28976 5.29346 5.29563 5.29624 5.29531 5.29282 5.2888 5.28325 5.27619 5.26766 5.2577 5.24633 5.23363 5.21963 5.20442 5.18805 5.17062 5.15219 5.13288 5.11277 5.09197 5.07058 5.04872 5.02649 5.00402 4.98141 4.95878 4.93623 4.91389 4.89185 4.87022 4.84908 4.82852 4.80863 4.78947 4.77112 4.75362 4.73702 4.72137 4.70669 4.69301 4.68035 4.66873 4.65815 4.64861 4.64011 4.63266 4.62624 4.62085 4.61649 4.61315 4.61082 4.60951 
4.60246 4.60318 4.60493 4.6077 4.6115 4.61634 4.62223 4.62918 4.63718 4.64625 4.65639 4.66759 4.67984 4.69315 4.70749 4.72283 4.73915 4.75641 4.77456 4.79355 4.81331 4.83377 4.85486 4.87649 4.89857 4.92099 4.94367 4.96649 4.98933 5.0121 5.03468 5.05695 5.0788 5.10013 5.12083 5.14079 5.15992 5.17813 5.19533 5.21144 5.22639 5.2401 5.25251 5.26358 5.27324 5.28147 5.28822 5.29346 5.29718 5.29935 5.29997 5.29904 5.29654 5.2925 5.28693 5.27985 5.27129 5.26129 5.24988 5.23713 5.22308 5.2078 5.19137 5.17387 5.15537 5.13598 5.11578 5.09489 5.07341 5.05145 5.02912 5.00655 4.98383 4.96109 4.93845 4.916 4.89385 4.87211 4.85086 4.8302 4.8102 4.79095 4.77249 4.75489 4.73821 4.72246 4.7077 4.69395 4.68122 4.66953 4.65888 4.64929 4.64074 4.63324 4.62678 4.62136 4.61697 4.61361 4.61127 4.60995 
4.60274 4.60346 4.60521 4.60799 4.61181 4.61667 4.62258 4.62954 4.63758 4.64668 4.65685 4.66808 4.68038 4.69373 4.70811 4.72351 4.73988 4.75719 4.77539 4.79444 4.81425 4.83478 4.85593 4.87762 4.89976 4.92224 4.94498 4.96786 4.99077 5.01359 5.03623 5.05855 5.08046 5.10184 5.12259 5.1426 5.16178 5.18003 5.19727 5.21342 5.2284 5.24214 5.25458 5.26567 5.27536 5.28361 5.29037 5.29563 5.29935 5.30153 5.30215 5.30122 5.29872 5.29467 5.28908 5.28199 5.27341 5.26338 5.25195 5.23917 5.22508 5.20977 5.1933 5.17576 5.15721 5.13777 5.11753 5.09659 5.07505 5.05303 5.03065 5.00801 4.98524 4.96244 4.93973 4.91722 4.89501 4.87321 4.8519 4.83118 4.81112 4.79181 4.7733 4.75565 4.73891 4.72312 4.70831 4.69451 4.68174 4.67001 4.65933 4.6497 4.64112 4.6336 4.62712 4.62168 4.61727 4.6139 4.61155 4.61023 
