2.21179 2.21206 2.21233 2.21259 2.21284 2.21309 2.21332 2.21354 2.21376 2.21395 2.21414 2.21432 2.21449 2.21465 2.2148 2.21495 2.21509 2.21524 2.21539 2.21555 2.21571 2.21589 2.21608 2.21629 2.21651 2.21676 2.21703 2.21732 2.21764 2.21798 2.21834 2.21873 2.21913 2.21955 2.21999 2.22044 2.2209 2.22135 2.22181 2.22226 2.22269 2.22311 2.2235 2.22386 2.22419 2.22449 2.22473 2.22494 2.22509 2.22519 2.22524 2.22524 2.22518 2.22507 2.22491 2.2247 2.22445 2.22415 2.22382 2.22346 2.22307 2.22266 2.22223 2.22179 2.22134 2.22089 2.22045 2.22002 2.21959 2.21919 2.2188 2.21843 2.21809 2.21777 2.21748 2.21721 2.21698 2.21677 2.21659 2.21644 2.21631 2.21622 2.21615 2.21611 2.2161 2.21611 2.21615 2.21622 2.21631 2.21642 2.21656 2.21672 2.2169 2.21709 2.21731 2.21754 2.21778 2.21804 2.2183 2.21857 
2.21206 2.21233 2.21259 2.21286 2.21311 2.21335 2.21359 2.21381 2.21402 2.21422 2.21441 2.21459 2.21475 2.21491 2.21506 2.21521 2.21536 2.2155 2.21565 2.21581 2.21597 2.21615 2.21634 2.21655 2.21678 2.21703 2.2173 2.2176 2.21792 2.21827 2.21864 2.21903 2.21944 2.21987 2.22032 2.22078 2.22124 2.22171 2.22218 2.22263 2.22308 2.22351 2.22391 2.22428 2.22462 2.22492 2.22517 2.22538 2.22553 2.22564 2.22569 2.22568 2.22562 2.22551 2.22535 2.22513 2.22487 2.22457 2.22423 2.22386 2.22346 2.22304 2.2226 2.22215 2.22169 2.22124 2.22079 2.22034 2.21991 2.21949 2.2191 2.21873 2.21838 2.21805 2.21776 2.21749 2.21725 2.21704 2.21685 2.2167 2.21658 2.21648 2.21641 2.21637 2.21636 2.21638 2.21642 2.21648 2.21657 2.21669 2.21682 2.21698 2.21716 2.21736 2.21758 2.21781 2.21805 2.21831 2.21857 2.21883 
2.21233 2.21259 2.21286 2.21312 2.21338 2.21362 2.21385 2.21408 2.21429 2.21449 2.21468 2.21486 2.21503 2.21519 2.21534 2.21549 2.21564 2.21579 2.21595 2.21612 2.21629 2.21648 2.21669 2.21691 2.21716 2.21743 2.21772 2.21804 2.21839 2.21877 2.21917 2.21959 2.22004 2.22051 2.22099 2.22149 2.222 2.22251 2.22301 2.22351 2.22399 2.22445 2.22489 2.22529 2.22566 2.22598 2.22626 2.22648 2.22665 2.22676 2.22681 2.22681 2.22674 2.22662 2.22644 2.2262 2.22592 2.22559 2.22522 2.22482 2.22439 2.22393 2.22345 2.22296 2.22247 2.22197 2.22148 2.221 2.22053 2.22008 2.21965 2.21924 2.21886 2.21851 2.21819 2.2179 2.21764 2.21741 2.21721 2.21704 2.21691 2.2168 2.21672 2.21668 2.21666 2.21666 2.2167 2.21676 2.21685 2.21696 2.2171 2.21725 2.21743 2.21763 2.21785 2.21808 2.21832 2.21857 2.21883 2.2191 
2.21259 2.21286 2.21312 2.21338 2.21364 2.21388 2.21412 2.21434 2.21456 2.21476 2.21495 2.21513 2.2153 2.21547 2.21563 2.21579 2.21595 2.21612 2.21629 2.21647 2.21667 2.21688 2.21711 2.21737 2.21765 2.21796 2.21829 2.21866 2.21906 2.21949 2.21995 2.22044 2.22095 2.22149 2.22204 2.22261 2.22318 2.22376 2.22434 2.22491 2.22546 2.22598 2.22648 2.22693 2.22735 2.22771 2.22802 2.22828 2.22847 2.22859 2.22865 2.22864 2.22856 2.22842 2.22821 2.22795 2.22762 2.22725 2.22683 2.22636 2.22587 2.22535 2.2248 2.22425 2.22368 2.22311 2.22255 2.222 2.22147 2.22095 2.22046 2.22 2.21956 2.21916 2.21879 2.21846 2.21816 2.21789 2.21766 2.21747 2.2173 2.21718 2.21708 2.21701 2.21698 2.21698 2.217 2.21706 2.21714 2.21724 2.21737 2.21753 2.2177 2.2179 2.21811 2.21834 2.21858 2.21883 2.21909 2.21936 
2.21284 2.21311 2.21338 2.21364 2.21389 2.21414 2.21438 2.2146 2.21482 2.21502 2.21522 2.21541 2.21559 2.21576 2.21594 2.21611 2.21629 2.21647 2.21667 2.21688 2.2171 2.21735 2.21763 2.21793 2.21826 2.21863 2.21903 2.21947 2.21994 2.22046 2.221 2.22158 2.22219 2.22283 2.22349 2.22416 2.22484 2.22553 2.22621 2.22687 2.22752 2.22814 2.22872 2.22925 2.22974 2.23017 2.23053 2.23082 2.23104 2.23118 2.23125 2.23123 2.23114 2.23097 2.23073 2.23041 2.23003 2.22958 2.22909 2.22854 2.22796 2.22734 2.2267 2.22604 2.22537 2.2247 2.22404 2.22339 2.22275 2.22214 2.22156 2.22101 2.22049 2.22001 2.21957 2.21917 2.21881 2.21849 2.21821 2.21797 2.21777 2.21761 2.21748 2.21739 2.21734 2.21731 2.21732 2.21736 2.21743 2.21753 2.21765 2.2178 2.21797 2.21816 2.21837 2.2186 2.21884 2.21909 2.21935 2.21961 
2.21309 2.21335 2.21362 2.21388 2.21414 2.21439 2.21463 2.21486 2.21508 2.21529 2.21549 2.21569 2.21588 2.21607 2.21626 2.21645 2.21665 2.21686 2.21709 2.21734 2.21761 2.21791 2.21824 2.21861 2.21902 2.21946 2.21996 2.22049 2.22107 2.2217 2.22236 2.22307 2.22381 2.22458 2.22538 2.22619 2.22702 2.22784 2.22866 2.22947 2.23024 2.23098 2.23168 2.23232 2.2329 2.23341 2.23384 2.23419 2.23445 2.23462 2.23469 2.23467 2.23455 2.23435 2.23405 2.23367 2.2332 2.23267 2.23207 2.23141 2.23071 2.22996 2.22919 2.22839 2.22759 2.22678 2.22598 2.22519 2.22442 2.22368 2.22297 2.2223 2.22167 2.22109 2.22055 2.22006 2.21962 2.21922 2.21888 2.21858 2.21832 2.21811 2.21794 2.21782 2.21773 2.21768 2.21767 2.21769 2.21774 2.21782 2.21794 2.21807 2.21824 2.21842 2.21863 2.21885 2.21909 2.21934 2.2196 2.21986 
2.21332 2.21359 2.21385 2.21412 2.21438 2.21463 2.21487 2.2151 2.21533 2.21555 2.21576 2.21597 2.21617 2.21638 2.21659 2.21681 2.21704 2.21729 2.21757 2.21786 2.2182 2.21856 2.21897 2.21943 2.21993 2.22049 2.2211 2.22176 2.22248 2.22325 2.22407 2.22494 2.22585 2.2268 2.22778 2.22877 2.22978 2.23079 2.23179 2.23276 2.23371 2.23461 2.23545 2.23623 2.23692 2.23754 2.23806 2.23847 2.23878 2.23898 2.23907 2.23904 2.23889 2.23864 2.23827 2.2378 2.23724 2.23659 2.23586 2.23506 2.2342 2.23329 2.23235 2.23138 2.23039 2.2294 2.22842 2.22746 2.22652 2.22561 2.22474 2.22392 2.22314 2.22242 2.22176 2.22115 2.2206 2.2201 2.21967 2.21929 2.21896 2.21869 2.21846 2.21829 2.21816 2.21808 2.21803 2.21803 2.21806 2.21813 2.21822 2.21835 2.2185 2.21868 2.21888 2.2191 2.21933 2.21958 2.21983 2.2201 
2.21354 2.21381 2.21408 2.21434 2.2146 2.21486 2.2151 2.21534 2.21558 2.21581 2.21603 2.21625 2.21648 2.21671 2.21695 2.2172 2.21748 2.21778 2.21811 2.21847 2.21888 2.21933 2.21984 2.22041 2.22104 2.22173 2.22249 2.22331 2.2242 2.22516 2.22618 2.22725 2.22838 2.22955 2.23075 2.23197 2.23321 2.23444 2.23566 2.23686 2.23801 2.2391 2.24012 2.24106 2.24191 2.24265 2.24328 2.24378 2.24415 2.24439 2.24449 2.24444 2.24426 2.24395 2.2435 2.24293 2.24224 2.24144 2.24055 2.23957 2.23852 2.23741 2.23625 2.23507 2.23386 2.23265 2.23145 2.23026 2.22911 2.22799 2.22692 2.2259 2.22494 2.22405 2.22322 2.22246 2.22177 2.22115 2.2206 2.22012 2.21971 2.21935 2.21906 2.21882 2.21864 2.21851 2.21843 2.21839 2.21839 2.21844 2.21851 2.21863 2.21877 2.21893 2.21912 2.21934 2.21956 2.21981 2.22006 2.22032 
2.21376 2.21402 2.21429 2.21456 2.21482 2.21508 2.21533 2.21558 2.21582 2.21606 2.2163 2.21655 2.2168 2.21706 2.21733 2.21763 2.21796 2.21832 2.21872 2.21917 2.21968 2.22024 2.22088 2.22158 2.22236 2.22322 2.22417 2.22519 2.2263 2.22749 2.22875 2.23008 2.23146 2.2329 2.23438 2.23588 2.23739 2.2389 2.24039 2.24184 2.24324 2.24457 2.24581 2.24696 2.24798 2.24887 2.24963 2.25023 2.25068 2.25096 2.25107 2.25101 2.25079 2.2504 2.24985 2.24915 2.24831 2.24734 2.24625 2.24506 2.24377 2.24242 2.24101 2.23956 2.23808 2.2366 2.23512 2.23367 2.23225 2.23087 2.22955 2.2283 2.22712 2.22601 2.22498 2.22404 2.22318 2.22241 2.22171 2.22111 2.22057 2.22012 2.21974 2.21943 2.21918 2.21899 2.21886 2.21878 2.21875 2.21876 2.21881 2.2189 2.21903 2.21918 2.21936 2.21957 2.21979 2.22003 2.22027 2.22053 
2.21395 2.21422 2.21449 2.21476 2.21502 2.21529 2.21555 2.21581 2.21606 2.21632 2.21658 2.21685 2.21713 2.21743 2.21775 2.21811 2.2185 2.21894 2.21943 2.21999 2.22061 2.22132 2.2221 2.22298 2.22395 2.22502 2.22619 2.22746 2.22883 2.23029 2.23185 2.23348 2.23518 2.23695 2.23875 2.24059 2.24243 2.24427 2.24608 2.24784 2.24954 2.25114 2.25265 2.25402 2.25526 2.25633 2.25724 2.25796 2.25849 2.25882 2.25895 2.25888 2.2586 2.25813 2.25746 2.25661 2.25559 2.25441 2.25308 2.25163 2.25008 2.24843 2.24671 2.24495 2.24315 2.24134 2.23954 2.23776 2.23603 2.23434 2.23272 2.23118 2.22972 2.22836 2.22709 2.22592 2.22485 2.22389 2.22303 2.22226 2.22159 2.22101 2.22052 2.22011 2.21978 2.21952 2.21933 2.2192 2.21912 2.2191 2.21912 2.21919 2.21929 2.21943 2.2196 2.21979 2.22 2.22023 2.22048 2.22073 
2.21414 2.21441 2.21468 2.21495 2.21522 2.21549 2.21576 2.21603 2.2163 2.21658 2.21687 2.21717 2.21749 2.21784 2.21822 2.21864 2.21912 2.21965 2.22026 2.22094 2.22171 2.22258 2.22355 2.22464 2.22584 2.22716 2.2286 2.23017 2.23185 2.23365 2.23555 2.23755 2.23963 2.24177 2.24397 2.2462 2.24843 2.25066 2.25284 2.25497 2.25701 2.25894 2.26075 2.2624 2.26387 2.26516 2.26624 2.2671 2.26773 2.26812 2.26827 2.26818 2.26784 2.26726 2.26645 2.26543 2.26419 2.26277 2.26117 2.25943 2.25755 2.25556 2.25348 2.25135 2.24917 2.24698 2.24479 2.24263 2.24052 2.23846 2.23649 2.2346 2.23282 2.23115 2.22959 2.22815 2.22683 2.22564 2.22457 2.22362 2.22278 2.22205 2.22143 2.2209 2.22047 2.22012 2.21985 2.21966 2.21953 2.21946 2.21945 2.21948 2.21956 2.21968 2.21983 2.22001 2.22021 2.22043 2.22067 2.22092 
2.21432 2.21459 2.21486 2.21513 2.21541 2.21569 2.21597 2.21625 2.21655 2.21685 2.21717 2.21751 2.21788 2.21829 2.21874 2.21925 2.21982 2.22048 2.22122 2.22206 2.223 2.22407 2.22527 2.22661 2.22808 2.2297 2.23147 2.23338 2.23544 2.23763 2.23994 2.24237 2.24489 2.24748 2.25014 2.25282 2.25551 2.25818 2.2608 2.26335 2.26579 2.2681 2.27025 2.27221 2.27397 2.2755 2.27678 2.2778 2.27854 2.279 2.27917 2.27904 2.27863 2.27794 2.27697 2.27574 2.27426 2.27256 2.27065 2.26855 2.2663 2.26392 2.26143 2.25886 2.25625 2.25361 2.25097 2.24837 2.24581 2.24333 2.24093 2.23865 2.23648 2.23444 2.23254 2.23078 2.22917 2.2277 2.22638 2.2252 2.22416 2.22326 2.22247 2.22181 2.22125 2.2208 2.22044 2.22017 2.21997 2.21985 2.21979 2.21979 2.21984 2.21993 2.22006 2.22022 2.22041 2.22063 2.22086 2.2211 
2.21449 2.21475 2.21503 2.2153 2.21559 2.21588 2.21617 2.21648 2.2168 2.21713 2.21749 2.21788 2.21831 2.21879 2.21933 2.21994 2.22064 2.22143 2.22233 2.22336 2.22452 2.22583 2.22729 2.22892 2.23073 2.2327 2.23485 2.23717 2.23967 2.24231 2.24511 2.24803 2.25106 2.25418 2.25735 2.26056 2.26378 2.26696 2.27008 2.2731 2.276 2.27873 2.28128 2.2836 2.28567 2.28747 2.28898 2.29017 2.29104 2.29158 2.29177 2.29162 2.29112 2.2903 2.28914 2.28768 2.28593 2.2839 2.28164 2.27915 2.27647 2.27363 2.27067 2.26761 2.26449 2.26133 2.25818 2.25506 2.252 2.24901 2.24613 2.24338 2.24076 2.2383 2.23599 2.23386 2.2319 2.23012 2.2285 2.22706 2.22578 2.22466 2.22368 2.22285 2.22215 2.22157 2.2211 2.22074 2.22046 2.22027 2.22016 2.22011 2.22012 2.22018 2.22029 2.22043 2.22061 2.22081 2.22103 2.22128 
2.21465 2.21491 2.21519 2.21547 2.21576 2.21607 2.21638 2.21671 2.21706 2.21743 2.21784 2.21829 2.21879 2.21936 2.22 2.22073 2.22157 2.22254 2.22363 2.22488 2.2263 2.22789 2.22967 2.23164 2.23383 2.23622 2.23881 2.24161 2.24461 2.24778 2.25113 2.25462 2.25824 2.26195 2.26573 2.26954 2.27334 2.2771 2.28079 2.28435 2.28776 2.29097 2.29396 2.29668 2.29911 2.30121 2.30297 2.30436 2.30537 2.30599 2.3062 2.30602 2.30543 2.30445 2.30309 2.30137 2.29931 2.29692 2.29425 2.29132 2.28816 2.28481 2.28131 2.27769 2.274 2.27026 2.26652 2.26281 2.25917 2.25561 2.25217 2.24888 2.24574 2.24279 2.24002 2.23745 2.23509 2.23293 2.23097 2.22922 2.22765 2.22628 2.22508 2.22405 2.22318 2.22245 2.22185 2.22138 2.22101 2.22074 2.22056 2.22046 2.22042 2.22045 2.22052 2.22064 2.2208 2.22099 2.2212 2.22144 
2.2148 2.21506 2.21534 2.21563 2.21594 2.21626 2.21659 2.21695 2.21733 2.21775 2.21822 2.21874 2.21933 2.22 2.22077 2.22165 2.22266 2.22382 2.22515 2.22666 2.22837 2.23029 2.23244 2.23482 2.23744 2.24031 2.24342 2.24676 2.25034 2.25412 2.2581 2.26224 2.26652 2.2709 2.27536 2.27984 2.28431 2.28872 2.29303 2.2972 2.30118 2.30493 2.3084 2.31156 2.31438 2.31682 2.31886 2.32047 2.32163 2.32234 2.32258 2.32235 2.32166 2.32052 2.31893 2.31692 2.31451 2.31173 2.3086 2.30518 2.30148 2.29756 2.29346 2.28922 2.28488 2.28049 2.27608 2.27171 2.2674 2.2632 2.25913 2.25522 2.25149 2.24797 2.24467 2.24161 2.23877 2.23618 2.23383 2.23171 2.22983 2.22816 2.2267 2.22544 2.22436 2.22346 2.22271 2.2221 2.22162 2.22126 2.221 2.22083 2.22075 2.22073 2.22077 2.22086 2.221 2.22117 2.22137 2.2216 
2.21495 2.21521 2.21549 2.21579 2.21611 2.21645 2.21681 2.2172 2.21763 2.21811 2.21864 2.21925 2.21994 2.22073 2.22165 2.2227 2.22392 2.22531 2.22691 2.22872 2.23077 2.23308 2.23565 2.23849 2.24162 2.24504 2.24873 2.2527 2.25693 2.2614 2.26609 2.27096 2.27598 2.28112 2.28633 2.29156 2.29677 2.3019 2.30691 2.31174 2.31635 2.32068 2.32469 2.32834 2.33158 2.33439 2.33673 2.33857 2.3399 2.34071 2.34097 2.3407 2.3399 2.33857 2.33673 2.33441 2.33162 2.3284 2.32478 2.32081 2.31653 2.31198 2.30721 2.30228 2.29722 2.2921 2.28696 2.28184 2.27679 2.27186 2.26708 2.26247 2.25808 2.25392 2.25002 2.24638 2.24301 2.23993 2.23712 2.23459 2.23233 2.23032 2.22856 2.22703 2.22572 2.22461 2.22368 2.22293 2.22232 2.22184 2.22149 2.22125 2.2211 2.22103 2.22103 2.22108 2.22119 2.22135 2.22153 2.22175 
2.21509 2.21536 2.21564 2.21595 2.21629 2.21665 2.21704 2.21748 2.21796 2.2185 2.21912 2.21982 2.22064 2.22157 2.22266 2.22392 2.22537 2.22703 2.22894 2.2311 2.23355 2.23629 2.23934 2.24272 2.24643 2.25046 2.25482 2.25949 2.26446 2.2697 2.27517 2.28086 2.28671 2.29268 2.29873 2.30478 2.3108 2.31673 2.3225 2.32805 2.33334 2.33831 2.3429 2.34707 2.35078 2.35398 2.35664 2.35874 2.36025 2.36116 2.36145 2.36113 2.36021 2.35868 2.35657 2.3539 2.3507 2.347 2.34285 2.33829 2.33336 2.32813 2.32263 2.31694 2.3111 2.30517 2.29921 2.29327 2.28741 2.28167 2.27609 2.27071 2.26557 2.2607 2.25611 2.25183 2.24786 2.24421 2.24089 2.23788 2.23519 2.2328 2.23069 2.22886 2.22727 2.22593 2.22479 2.22386 2.2231 2.2225 2.22204 2.22171 2.22148 2.22135 2.2213 2.22132 2.2214 2.22153 2.2217 2.2219 
2.21524 2.2155 2.21579 2.21612 2.21647 2.21686 2.21729 2.21778 2.21832 2.21894 2.21965 2.22048 2.22143 2.22254 2.22382 2.22531 2.22703 2.22901 2.23127 2.23383 2.23673 2.23997 2.24357 2.24755 2.25191 2.25664 2.26174 2.26719 2.27298 2.27907 2.28543 2.29201 2.29877 2.30566 2.31261 2.31957 2.32647 2.33325 2.33984 2.34618 2.3522 2.35785 2.36307 2.3678 2.372 2.37562 2.37863 2.38099 2.38269 2.38371 2.38404 2.38366 2.3826 2.38086 2.37846 2.37543 2.37179 2.36758 2.36285 2.35766 2.35204 2.34606 2.33978 2.33326 2.32657 2.31976 2.31291 2.30608 2.29931 2.29268 2.28622 2.27999 2.27402 2.26835 2.263 2.258 2.25335 2.24908 2.24517 2.24163 2.23845 2.23562 2.23312 2.23093 2.22904 2.22742 2.22606 2.22492 2.22398 2.22324 2.22265 2.22221 2.2219 2.2217 2.22159 2.22157 2.22161 2.22171 2.22187 2.22206 
2.21539 2.21565 2.21595 2.21629 2.21667 2.21709 2.21757 2.21811 2.21872 2.21943 2.22026 2.22122 2.22233 2.22363 2.22515 2.22691 2.22894 2.23127 2.23393 2.23695 2.24035 2.24416 2.24838 2.25303 2.25811 2.26361 2.26954 2.27586 2.28255 2.28957 2.29689 2.30445 2.31221 2.32008 2.32802 2.33595 2.3438 2.3515 2.35897 2.36614 2.37295 2.37932 2.3852 2.39052 2.39524 2.3993 2.40267 2.40532 2.40722 2.40835 2.40871 2.40828 2.40708 2.40512 2.40241 2.39898 2.39488 2.39013 2.3848 2.37892 2.37257 2.3658 2.35867 2.35127 2.34366 2.33591 2.3281 2.32029 2.31255 2.30494 2.29752 2.29035 2.28347 2.27692 2.27073 2.26493 2.25954 2.25456 2.25001 2.24587 2.24214 2.23882 2.23587 2.23329 2.23105 2.22912 2.22749 2.22611 2.22498 2.22407 2.22334 2.22278 2.22237 2.22209 2.22192 2.22184 2.22184 2.22191 2.22204 2.22222 
2.21555 2.21581 2.21612 2.21647 2.21688 2.21734 2.21786 2.21847 2.21917 2.21999 2.22094 2.22206 2.22336 2.22488 2.22666 2.22872 2.2311 2.23383 2.23695 2.24048 2.24445 2.24888 2.25379 2.25919 2.26507 2.27143 2.27825 2.28552 2.2932 2.30124 2.30961 2.31823 2.32704 2.33599 2.34498 2.35395 2.36281 2.37148 2.37988 2.38793 2.39556 2.40269 2.40926 2.4152 2.42046 2.42498 2.42873 2.43168 2.43378 2.43503 2.43542 2.43493 2.43359 2.43139 2.42836 2.42453 2.41994 2.41463 2.40866 2.40207 2.39494 2.38733 2.37932 2.37098 2.36239 2.35364 2.34479 2.33593 2.32714 2.31848 2.31003 2.30184 2.29396 2.28645 2.27934 2.27267 2.26645 2.2607 2.25542 2.25062 2.24629 2.24241 2.23897 2.23595 2.23331 2.23104 2.2291 2.22746 2.22611 2.225 2.22411 2.22342 2.22289 2.22252 2.22227 2.22213 2.22209 2.22212 2.22222 2.22238 
2.21571 2.21597 2.21629 2.21667 2.2171 2.21761 2.2182 2.21888 2.21968 2.22061 2.22171 2.223 2.22452 2.2263 2.22837 2.23077 2.23355 2.23673 2.24035 2.24445 2.24905 2.25418 2.25985 2.26606 2.27282 2.28011 2.28792 2.29622 2.30496 2.3141 2.32359 2.33334 2.3433 2.35337 2.36348 2.37354 2.38347 2.39316 2.40253 2.4115 2.41999 2.42791 2.43519 2.44177 2.44758 2.45258 2.45672 2.45996 2.46228 2.46365 2.46407 2.46352 2.46202 2.45959 2.45623 2.45199 2.44689 2.441 2.43436 2.42704 2.4191 2.41062 2.40168 2.39236 2.38274 2.37292 2.36298 2.35301 2.3431 2.33332 2.32375 2.31447 2.30552 2.29697 2.28887 2.28124 2.27412 2.26752 2.26145 2.25592 2.25092 2.24643 2.24244 2.23892 2.23584 2.23318 2.23091 2.22898 2.22737 2.22604 2.22497 2.22412 2.22347 2.22299 2.22266 2.22245 2.22235 2.22234 2.22242 2.22256 
2.21589 2.21615 2.21648 2.21688 2.21735 2.21791 2.21856 2.21933 2.22024 2.22132 2.22258 2.22407 2.22583 2.22789 2.23029 2.23308 2.23629 2.23997 2.24416 2.24888 2.25418 2.26007 2.26656 2.27366 2.28138 2.28968 2.29855 2.30796 2.31784 2.32816 2.33883 2.34979 2.36094 2.37221 2.38349 2.3947 2.40572 2.41648 2.42686 2.43677 2.44614 2.45486 2.46287 2.4701 2.47649 2.48197 2.4865 2.49005 2.49258 2.49407 2.49452 2.49391 2.49226 2.48958 2.48589 2.48123 2.47563 2.46914 2.46182 2.45375 2.44498 2.4356 2.42569 2.41535 2.40466 2.39373 2.38265 2.37151 2.36041 2.34945 2.3387 2.32824 2.31815 2.30849 2.29931 2.29065 2.28255 2.27503 2.26811 2.26178 2.25605 2.25089 2.24629 2.24223 2.23866 2.23558 2.23292 2.23067 2.22878 2.22721 2.22593 2.22491 2.22412 2.22352 2.22309 2.2228 2.22264 2.22259 2.22263 2.22275 
2.21608 2.21634 2.21669 2.21711 2.21763 2.21824 2.21897 2.21984 2.22088 2.2221 2.22355 2.22527 2.22729 2.22967 2.23244 2.23565 2.23934 2.24357 2.24838 2.25379 2.25985 2.26656 2.27395 2.28202 2.29075 2.30014 2.31015 2.32073 2.33183 2.34338 2.35531 2.36753 2.37994 2.39245 2.40495 2.41734 2.4295 2.44134 2.45275 2.46363 2.47388 2.48343 2.49218 2.50006 2.50701 2.51298 2.5179 2.52175 2.5245 2.52612 2.52659 2.52593 2.52413 2.5212 2.51718 2.51209 2.50598 2.49889 2.4909 2.48205 2.47244 2.46215 2.45126 2.43987 2.42808 2.416 2.40373 2.39138 2.37904 2.36683 2.35484 2.34315 2.33184 2.321 2.31067 2.30091 2.29177 2.28326 2.27541 2.26822 2.26168 2.2558 2.25054 2.24588 2.24179 2.23823 2.23516 2.23254 2.23034 2.2285 2.227 2.22579 2.22483 2.2241 2.22356 2.22319 2.22296 2.22285 2.22286 2.22295 
2.21629 2.21655 2.21691 2.21737 2.21793 2.21861 2.21943 2.22041 2.22158 2.22298 2.22464 2.22661 2.22892 2.23164 2.23482 2.23849 2.24272 2.24755 2.25303 2.25919 2.26606 2.27366 2.28202 2.29112 2.30095 2.31149 2.3227 2.33452 2.3469 2.35975 2.37298 2.38651 2.40022 2.41401 2.42776 2.44135 2.45468 2.46762 2.48007 2.49192 2.50307 2.51343 2.52291 2.53145 2.53896 2.5454 2.55072 2.55487 2.55782 2.55956 2.56007 2.55935 2.5574 2.55424 2.54989 2.54438 2.53776 2.53009 2.52141 2.5118 2.50135 2.49013 2.47824 2.46579 2.45288 2.43963 2.42614 2.41253 2.39892 2.38542 2.37213 2.35915 2.34657 2.33448 2.32294 2.31202 2.30176 2.29219 2.28335 2.27523 2.26784 2.26117 2.25519 2.24989 2.24522 2.24114 2.23762 2.23461 2.23206 2.22993 2.22818 2.22675 2.22562 2.22474 2.22408 2.22361 2.22331 2.22315 2.22311 2.22318 
2.21651 2.21678 2.21716 2.21765 2.21826 2.21902 2.21993 2.22104 2.22236 2.22395 2.22584 2.22808 2.23073 2.23383 2.23744 2.24162 2.24643 2.25191 2.25811 2.26507 2.27282 2.28138 2.29075 2.30095 2.31194 2.32369 2.33616 2.34929 2.36299 2.37719 2.39178 2.40665 2.4217 2.43679 2.45181 2.46662 2.48112 2.49516 2.50865 2.52146 2.5335 2.54467 2.55487 2.56404 2.57211 2.57901 2.58471 2.58915 2.59231 2.59417 2.59471 2.59393 2.59184 2.58844 2.58378 2.57787 2.57076 2.5625 2.55315 2.5428 2.5315 2.51937 2.50649 2.49298 2.47894 2.4645 2.44977 2.43489 2.41997 2.40514 2.39051 2.37619 2.36229 2.34889 2.33609 2.32394 2.3125 2.30182 2.29192 2.28282 2.27451 2.267 2.26025 2.25425 2.24896 2.24433 2.24031 2.23687 2.23395 2.2315 2.22947 2.22781 2.22648 2.22544 2.22465 2.22408 2.22369 2.22346 2.22338 2.22342 
2.21676 2.21703 2.21743 2.21796 2.21863 2.21946 2.22049 2.22173 2.22322 2.22502 2.22716 2.2297 2.2327 2.23622 2.24031 2.24504 2.25046 2.25664 2.26361 2.27143 2.28011 2.28968 2.30014 2.31149 2.32369 2.33671 2.3505 2.36497 2.38004 2.39562 2.4116 2.42784 2.44424 2.46065 2.47694 2.49298 2.50864 2.52378 2.53829 2.55205 2.56495 2.5769 2.58781 2.5976 2.60619 2.61354 2.6196 2.62432 2.62767 2.62964 2.63022 2.62939 2.62716 2.62355 2.61858 2.61229 2.6047 2.59589 2.5859 2.57481 2.5627 2.54967 2.53582 2.52125 2.50609 2.49046 2.47449 2.45832 2.44208 2.42589 2.40989 2.3942 2.37893 2.36419 2.35007 2.33664 2.32397 2.31212 2.30111 2.29096 2.28169 2.27328 2.26572 2.25897 2.25301 2.24778 2.24324 2.23933 2.23601 2.23321 2.23088 2.22897 2.22743 2.22621 2.22528 2.22459 2.22411 2.22381 2.22368 2.22369 
2.21703 2.2173 2.21772 2.21829 2.21903 2.21996 2.2211 2.22249 2.22417 2.22619 2.2286 2.23147 2.23485 2.23881 2.24342 2.24873 2.25482 2.26174 2.26954 2.27825 2.28792 2.29855 2.31015 2.3227 2.33616 2.3505 2.36563 2.38149 2.39797 2.41495 2.43233 2.44996 2.46771 2.48544 2.503 2.52025 2.53705 2.55327 2.56877 2.58345 2.59719 2.60989 2.62146 2.63183 2.64093 2.6487 2.6551 2.66008 2.66362 2.6657 2.6663 2.66543 2.66308 2.65927 2.65402 2.64736 2.63933 2.62999 2.61939 2.6076 2.59471 2.58081 2.566 2.55041 2.53414 2.51734 2.50014 2.48268 2.4651 2.44755 2.43017 2.41308 2.39642 2.38029 2.36481 2.35006 2.33612 2.32304 2.31087 2.29964 2.28935 2.27999 2.27157 2.26403 2.25736 2.2515 2.24639 2.24199 2.23823 2.23506 2.23241 2.23022 2.22845 2.22705 2.22595 2.22514 2.22456 2.22419 2.224 2.22397 
2.21732 2.2176 2.21804 2.21866 2.21947 2.22049 2.22176 2.22331 2.22519 2.22746 2.23017 2.23338 2.23717 2.24161 2.24676 2.2527 2.25949 2.26719 2.27586 2.28552 2.29622 2.30796 2.32073 2.33452 2.34929 2.36497 2.38149 2.39875 2.41665 2.43506 2.45385 2.47286 2.49196 2.51099 2.5298 2.54823 2.56614 2.58339 2.59985 2.6154 2.62994 2.64334 2.65555 2.66646 2.67603 2.68419 2.6909 2.69613 2.69984 2.70202 2.70265 2.70173 2.69928 2.69528 2.68978 2.68279 2.67435 2.66452 2.65334 2.6409 2.62727 2.61254 2.59682 2.58024 2.5629 2.54495 2.52654 2.50781 2.48891 2.46999 2.45122 2.43272 2.41465 2.39712 2.38025 2.36415 2.34889 2.33455 2.32118 2.30881 2.29746 2.28712 2.27779 2.26943 2.262 2.25547 2.24977 2.24484 2.24062 2.23704 2.23405 2.23158 2.22956 2.22795 2.22669 2.22573 2.22505 2.22459 2.22435 2.22429 
2.21764 2.21792 2.21839 2.21906 2.21994 2.22107 2.22248 2.2242 2.2263 2.22883 2.23185 2.23544 2.23967 2.24461 2.25034 2.25693 2.26446 2.27298 2.28255 2.2932 2.30496 2.31784 2.33183 2.3469 2.36299 2.38004 2.39797 2.41665 2.43598 2.45581 2.47599 2.49638 2.5168 2.5371 2.55712 2.57669 2.59567 2.61391 2.63128 2.64766 2.66293 2.677 2.68978 2.7012 2.71119 2.71971 2.7267 2.73215 2.73601 2.73828 2.73895 2.738 2.73544 2.73129 2.72556 2.71827 2.70947 2.69919 2.68749 2.67444 2.66011 2.64461 2.62803 2.6105 2.59214 2.57308 2.55349 2.53352 2.51332 2.49306 2.4729 2.453 2.4335 2.41456 2.39629 2.37881 2.36222 2.34659 2.33198 2.31844 2.30599 2.29463 2.28435 2.27513 2.26692 2.25968 2.25335 2.24787 2.24316 2.23916 2.23581 2.23302 2.23074 2.22891 2.22747 2.22638 2.22557 2.22503 2.22472 2.22462 
2.21798 2.21827 2.21877 2.21949 2.22046 2.2217 2.22325 2.22516 2.22749 2.23029 2.23365 2.23763 2.24231 2.24778 2.25412 2.2614 2.2697 2.27907 2.28957 2.30124 2.3141 2.32816 2.34338 2.35975 2.37719 2.39562 2.41495 2.43506 2.45581 2.47704 2.49861 2.52033 2.54205 2.56358 2.58476 2.60543 2.62542 2.64459 2.6628 2.67994 2.69589 2.71056 2.72387 2.73573 2.74611 2.75494 2.76219 2.76783 2.77183 2.77418 2.77487 2.7739 2.77127 2.76698 2.76105 2.75351 2.74438 2.7337 2.72153 2.70793 2.69298 2.67676 2.65938 2.64096 2.62163 2.60152 2.5808 2.55962 2.53816 2.51658 2.49506 2.47377 2.45286 2.4325 2.41282 2.39396 2.37601 2.35907 2.3432 2.32847 2.31489 2.30248 2.29123 2.28111 2.27209 2.26412 2.25713 2.25107 2.24585 2.24141 2.23767 2.23456 2.232 2.22994 2.22831 2.22706 2.22614 2.2255 2.22513 2.22498 
2.21834 2.21864 2.21917 2.21995 2.221 2.22236 2.22407 2.22618 2.22875 2.23185 2.23555 2.23994 2.24511 2.25113 2.2581 2.26609 2.27517 2.28543 2.29689 2.30961 2.32359 2.33883 2.35531 2.37298 2.39178 2.4116 2.43233 2.45385 2.47599 2.49861 2.52151 2.54454 2.5675 2.59021 2.6125 2.63419 2.65513 2.67516 2.69415 2.71199 2.72855 2.74376 2.75753 2.76979 2.78049 2.78959 2.79706 2.80287 2.80699 2.80941 2.81013 2.80914 2.80645 2.80205 2.79596 2.7882 2.77879 2.76778 2.7552 2.74111 2.72559 2.70873 2.69062 2.67137 2.65113 2.63004 2.60824 2.58591 2.56323 2.54038 2.51753 2.49487 2.47258 2.45082 2.42974 2.40949 2.39018 2.37192 2.35478 2.33883 2.32411 2.31062 2.29837 2.28733 2.27748 2.26875 2.26108 2.25442 2.24867 2.24377 2.23963 2.23618 2.23333 2.23103 2.2292 2.22778 2.22673 2.226 2.22556 2.22537 
2.21873 2.21903 2.21959 2.22044 2.22158 2.22307 2.22494 2.22725 2.23008 2.23348 2.23755 2.24237 2.24803 2.25462 2.26224 2.27096 2.28086 2.29201 2.30445 2.31823 2.33334 2.34979 2.36753 2.38651 2.40665 2.42784 2.44996 2.47286 2.49638 2.52033 2.54454 2.56881 2.59296 2.61678 2.64011 2.66276 2.68457 2.70539 2.72508 2.74354 2.76065 2.77632 2.79049 2.80308 2.81407 2.8234 2.83104 2.83698 2.8412 2.84369 2.84444 2.84344 2.8407 2.83622 2.83 2.82207 2.81244 2.80114 2.78821 2.77371 2.7577 2.74026 2.72149 2.7015 2.68043 2.65841 2.63561 2.6122 2.58836 2.56428 2.54015 2.51616 2.49251 2.46937 2.44691 2.42529 2.40462 2.38504 2.36663 2.34946 2.33357 2.319 2.30573 2.29376 2.28305 2.27355 2.26519 2.2579 2.25161 2.24623 2.24168 2.23787 2.23473 2.23217 2.23013 2.22855 2.22736 2.22653 2.22601 2.22578 
2.21913 2.21944 2.22004 2.22095 2.22219 2.22381 2.22585 2.22838 2.23146 2.23518 2.23963 2.24489 2.25106 2.25824 2.26652 2.27598 2.28671 2.29877 2.31221 2.32704 2.3433 2.36094 2.37994 2.40022 2.4217 2.44424 2.46771 2.49196 2.5168 2.54205 2.5675 2.59296 2.61822 2.64309 2.66738 2.69091 2.71351 2.73503 2.75535 2.77435 2.79192 2.80799 2.82249 2.83537 2.84658 2.85609 2.86388 2.86993 2.87422 2.87676 2.87754 2.87654 2.87377 2.86923 2.86293 2.85486 2.84506 2.83353 2.82032 2.80547 2.78904 2.7711 2.75176 2.7311 2.70927 2.68641 2.66268 2.63826 2.61333 2.58808 2.56273 2.53747 2.51251 2.48803 2.46421 2.44123 2.41923 2.39834 2.37866 2.36027 2.34322 2.32756 2.31327 2.30035 2.28878 2.27848 2.26942 2.2615 2.25465 2.24878 2.2438 2.23963 2.23617 2.23336 2.2311 2.22934 2.22802 2.22708 2.22648 2.22621 
2.21955 2.21987 2.22051 2.22149 2.22283 2.22458 2.2268 2.22955 2.2329 2.23695 2.24177 2.24748 2.25418 2.26195 2.2709 2.28112 2.29268 2.30566 2.32008 2.33599 2.35337 2.37221 2.39245 2.41401 2.43679 2.46065 2.48544 2.51099 2.5371 2.56358 2.59021 2.61678 2.64309 2.66892 2.69409 2.71842 2.74172 2.76387 2.78473 2.80419 2.82216 2.83855 2.85332 2.86641 2.87779 2.88744 2.89533 2.90146 2.90582 2.9084 2.9092 2.90821 2.90543 2.90086 2.8945 2.88635 2.87642 2.86473 2.8513 2.83617 2.8194 2.80104 2.7812 2.75996 2.73746 2.71384 2.68926 2.6639 2.63795 2.61162 2.58511 2.55863 2.5324 2.50663 2.4815 2.45721 2.4339 2.41172 2.39078 2.37118 2.35298 2.33622 2.32092 2.30705 2.2946 2.28352 2.27373 2.26517 2.25776 2.25139 2.24598 2.24143 2.23766 2.23458 2.2321 2.23016 2.2287 2.22765 2.22698 2.22665 
2.21999 2.22032 2.22099 2.22204 2.22349 2.22538 2.22778 2.23075 2.23438 2.23875 2.24397 2.25014 2.25735 2.26573 2.27536 2.28633 2.29873 2.31261 2.32802 2.34498 2.36348 2.38349 2.40495 2.42776 2.45181 2.47694 2.503 2.5298 2.55712 2.58476 2.6125 2.64011 2.66738 2.69409 2.72006 2.74509 2.76902 2.79171 2.81303 2.83287 2.85115 2.8678 2.88277 2.89601 2.90752 2.91725 2.92522 2.9314 2.9358 2.93841 2.93923 2.93825 2.93548 2.9309 2.92452 2.91633 2.90632 2.89452 2.88094 2.8656 2.84856 2.82986 2.8096 2.78787 2.76479 2.74049 2.71515 2.68894 2.66205 2.6347 2.6071 2.57947 2.55205 2.52504 2.49865 2.47307 2.44849 2.42506 2.4029 2.38211 2.36277 2.34493 2.32861 2.31381 2.30049 2.28861 2.27811 2.2689 2.26091 2.25404 2.2482 2.24328 2.23918 2.23583 2.23313 2.23101 2.2294 2.22824 2.22749 2.22711 
2.22044 2.22078 2.22149 2.22261 2.22416 2.22619 2.22877 2.23197 2.23588 2.24059 2.2462 2.25282 2.26056 2.26954 2.27984 2.29156 2.30478 2.31957 2.33595 2.35395 2.37354 2.3947 2.41734 2.44135 2.46662 2.49298 2.52025 2.54823 2.57669 2.60543 2.63419 2.66276 2.69091 2.71842 2.74509 2.77074 2.79521 2.81835 2.84005 2.86019 2.87872 2.89555 2.91066 2.92401 2.93558 2.94537 2.95337 2.95958 2.964 2.96663 2.96747 2.96652 2.96377 2.95921 2.95283 2.94463 2.9346 2.92274 2.90906 2.89359 2.87634 2.85739 2.83679 2.81464 2.79106 2.76618 2.74016 2.71318 2.68544 2.65715 2.62854 2.59984 2.57128 2.5431 2.5155 2.48871 2.4629 2.43825 2.4149 2.39296 2.37251 2.35361 2.33629 2.32055 2.30638 2.29371 2.2825 2.27265 2.2641 2.25672 2.25044 2.24514 2.24073 2.2371 2.23417 2.23187 2.23011 2.22884 2.22801 2.22759 
2.2209 2.22124 2.222 2.22318 2.22484 2.22702 2.22978 2.23321 2.23739 2.24243 2.24843 2.25551 2.26378 2.27334 2.28431 2.29677 2.3108 2.32647 2.3438 2.36281 2.38347 2.40572 2.4295 2.45468 2.48112 2.50864 2.53705 2.56614 2.59567 2.62542 2.65513 2.68457 2.71351 2.74172 2.76902 2.79521 2.82013 2.84365 2.86564 2.88602 2.90472 2.92168 2.93687 2.95027 2.96187 2.97167 2.97967 2.98588 2.9903 2.99295 2.99381 2.99288 2.99017 2.98565 2.97931 2.97114 2.96112 2.94925 2.93554 2.91998 2.9026 2.88346 2.8626 2.84012 2.81612 2.79074 2.76412 2.73646 2.70795 2.67882 2.64928 2.61958 2.58996 2.56067 2.53194 2.50399 2.47701 2.4512 2.42669 2.40363 2.3821 2.36218 2.34389 2.32724 2.31222 2.29878 2.28686 2.27639 2.26727 2.2594 2.25268 2.24701 2.24227 2.23837 2.23522 2.23273 2.23083 2.22945 2.22854 2.22807 
2.22135 2.22171 2.22251 2.22376 2.22553 2.22784 2.23079 2.23444 2.2389 2.24427 2.25066 2.25818 2.26696 2.2771 2.28872 2.3019 2.31673 2.33325 2.3515 2.37148 2.39316 2.41648 2.44134 2.46762 2.49516 2.52378 2.55327 2.58339 2.61391 2.64459 2.67516 2.70539 2.73503 2.76387 2.79171 2.81835 2.84365 2.86746 2.88968 2.91023 2.92903 2.94606 2.96128 2.97469 2.98627 2.99605 3.00403 3.01022 3.01463 3.01728 3.01816 3.01727 3.01459 3.01013 3.00385 2.99574 2.98578 2.97395 2.96024 2.94466 2.92721 2.90794 2.8869 2.86415 2.83982 2.81401 2.78689 2.75863 2.72944 2.69954 2.66915 2.63854 2.60795 2.57763 2.54783 2.51878 2.4907 2.46377 2.43817 2.41404 2.39148 2.37056 2.35133 2.3338 2.31796 2.30377 2.29117 2.28008 2.27041 2.26205 2.25491 2.24886 2.24381 2.23964 2.23627 2.2336 2.23155 2.23005 2.22907 2.22855 
2.22181 2.22218 2.22301 2.22434 2.22621 2.22866 2.23179 2.23566 2.24039 2.24608 2.25284 2.2608 2.27008 2.28079 2.29303 2.30691 2.3225 2.33984 2.35897 2.37988 2.40253 2.42686 2.45275 2.48007 2.50865 2.53829 2.56877 2.59985 2.63128 2.6628 2.69415 2.72508 2.75535 2.78473 2.81303 2.84005 2.86564 2.88968 2.91206 2.93271 2.95158 2.96862 2.98382 2.99719 3.00873 3.01846 3.02639 3.03255 3.03694 3.03958 3.04047 3.03962 3.037 3.03261 3.02641 3.01838 3.00851 2.99675 2.98309 2.96753 2.95007 2.93074 2.90957 2.88663 2.86203 2.83588 2.80833 2.77956 2.74977 2.71918 2.68803 2.65659 2.6251 2.59383 2.56304 2.53296 2.50384 2.47588 2.44924 2.42409 2.40054 2.37868 2.35855 2.34018 2.32355 2.30863 2.29537 2.28368 2.27347 2.26465 2.25709 2.25068 2.24532 2.24089 2.2373 2.23445 2.23226 2.23066 2.22959 2.22903 
2.22226 2.22263 2.22351 2.22491 2.22687 2.22947 2.23276 2.23686 2.24184 2.24784 2.25497 2.26335 2.2731 2.28435 2.2972 2.31174 2.32805 2.34618 2.36614 2.38793 2.4115 2.43677 2.46363 2.49192 2.52146 2.55205 2.58345 2.6154 2.64766 2.67994 2.71199 2.74354 2.77435 2.80419 2.83287 2.86019 2.88602 2.91023 2.93271 2.95341 2.97228 2.9893 3.00445 3.01776 3.02922 3.03887 3.04674 3.05284 3.0572 3.05983 3.06074 3.05992 3.05737 3.05305 3.04695 3.03903 3.02926 3.01761 3.00404 2.98855 2.97112 2.95176 2.93053 2.90746 2.88266 2.85623 2.82833 2.79912 2.76881 2.73761 2.70579 2.67359 2.64129 2.60915 2.57745 2.54643 2.51635 2.48741 2.4598 2.4337 2.40922 2.38646 2.36548 2.3463 2.32893 2.31332 2.29942 2.28716 2.27644 2.26716 2.2592 2.25245 2.24679 2.24211 2.2383 2.23528 2.23295 2.23125 2.23011 2.22949 
2.22269 2.22308 2.22399 2.22546 2.22752 2.23024 2.23371 2.23801 2.24324 2.24954 2.25701 2.26579 2.276 2.28776 2.30118 2.31635 2.33334 2.3522 2.37295 2.39556 2.41999 2.44614 2.47388 2.50307 2.5335 2.56495 2.59719 2.62994 2.66293 2.69589 2.72855 2.76065 2.79192 2.82216 2.85115 2.87872 2.90472 2.92903 2.95158 2.97228 2.99112 3.00808 3.02315 3.03636 3.04773 3.05729 3.06507 3.07111 3.07543 3.07805 3.07897 3.07819 3.0757 3.07148 3.06548 3.05768 3.04804 3.03651 3.02306 3.00766 2.9903 2.97097 2.94971 2.92657 2.90162 2.87498 2.84679 2.81721 2.78645 2.75474 2.72232 2.68945 2.65642 2.62349 2.59096 2.55908 2.5281 2.49827 2.46976 2.44277 2.41743 2.39383 2.37205 2.35212 2.33404 2.31778 2.30329 2.29049 2.27928 2.26956 2.26122 2.25414 2.2482 2.24328 2.23927 2.23608 2.23362 2.23182 2.23061 2.22995 
2.22311 2.22351 2.22445 2.22598 2.22814 2.23098 2.23461 2.2391 2.24457 2.25114 2.25894 2.2681 2.27873 2.29097 2.30493 2.32068 2.33831 2.35785 2.37932 2.40269 2.42791 2.45486 2.48343 2.51343 2.54467 2.5769 2.60989 2.64334 2.677 2.71056 2.74376 2.77632 2.80799 2.83855 2.8678 2.89555 2.92168 2.94606 2.96862 2.9893 3.00808 3.02495 3.03992 3.05301 3.06427 3.07373 3.08143 3.0874 3.09167 3.09427 3.0952 3.09446 3.09204 3.0879 3.08202 3.07435 3.06485 3.05346 3.04014 3.02486 3.00759 2.98832 2.96708 2.9439 2.91886 2.89206 2.86364 2.83376 2.80262 2.77046 2.73751 2.70406 2.67037 2.63674 2.60346 2.5708 2.53902 2.50836 2.47904 2.45123 2.42509 2.40072 2.3782 2.35758 2.33884 2.32197 2.30693 2.29362 2.28196 2.27184 2.26314 2.25575 2.24953 2.24439 2.24019 2.23685 2.23426 2.23236 2.23108 2.23039 
2.2235 2.22391 2.22489 2.22648 2.22872 2.23168 2.23545 2.24012 2.24581 2.25265 2.26075 2.27025 2.28128 2.29396 2.3084 2.32469 2.3429 2.36307 2.3852 2.40926 2.43519 2.46287 2.49218 2.52291 2.55487 2.58781 2.62146 2.65555 2.68978 2.72387 2.75753 2.79049 2.82249 2.85332 2.88277 2.91066 2.93687 2.96128 2.98382 3.00445 3.02315 3.03992 3.05477 3.06775 3.07888 3.08823 3.09584 3.10173 3.10596 3.10854 3.10948 3.10878 3.10642 3.10238 3.09662 3.08908 3.07972 3.06848 3.0553 3.04015 3.02299 3.00381 2.98261 2.95943 2.93433 2.90742 2.87881 2.84869 2.81724 2.78469 2.75129 2.71732 2.68307 2.64882 2.61487 2.58151 2.54901 2.51761 2.48755 2.459 2.43214 2.40707 2.38388 2.36261 2.34328 2.32585 2.31029 2.29652 2.28444 2.27395 2.26492 2.25724 2.25078 2.24542 2.24105 2.23756 2.23486 2.23287 2.23153 2.2308 
2.22386 2.22428 2.22529 2.22693 2.22925 2.23232 2.23623 2.24106 2.24696 2.25402 2.2624 2.27221 2.2836 2.29668 2.31156 2.32834 2.34707 2.3678 2.39052 2.4152 2.44177 2.4701 2.50006 2.53145 2.56404 2.5976 2.63183 2.66646 2.7012 2.73573 2.76979 2.80308 2.83537 2.86641 2.89601 2.92401 2.95027 2.97469 2.99719 3.01776 3.03636 3.05301 3.06775 3.0806 3.09162 3.10086 3.10837 3.11419 3.11837 3.12093 3.12187 3.12121 3.11892 3.11497 3.10931 3.10191 3.09269 3.08159 3.06856 3.05355 3.03651 3.01742 2.99628 2.97312 2.948 2.92101 2.89227 2.86195 2.83023 2.79736 2.76358 2.72917 2.69442 2.65963 2.6251 2.59113 2.55799 2.52594 2.49522 2.46602 2.43851 2.41281 2.38902 2.36717 2.3473 2.32938 2.31336 2.29916 2.28671 2.27587 2.26655 2.25861 2.25192 2.24637 2.24184 2.23822 2.23541 2.23334 2.23195 2.23118 
2.22419 2.22462 2.22566 2.22735 2.22974 2.2329 2.23692 2.24191 2.24798 2.25526 2.26387 2.27397 2.28567 2.29911 2.31438 2.33158 2.35078 2.372 2.39524 2.42046 2.44758 2.47649 2.50701 2.53896 2.57211 2.60619 2.64093 2.67603 2.71119 2.74611 2.78049 2.81407 2.84658 2.87779 2.90752 2.93558 2.96187 2.98627 3.00873 3.02922 3.04773 3.06427 3.07888 3.09162 3.10252 3.11166 3.11908 3.12484 3.12897 3.13151 3.13246 3.13183 3.12959 3.12573 3.12018 3.11289 3.10381 3.09285 3.07996 3.06508 3.04816 3.02917 3.00811 2.98498 2.95986 2.93281 2.90397 2.87349 2.84157 2.80843 2.77433 2.73954 2.70437 2.66912 2.63409 2.59959 2.56589 2.53328 2.50198 2.47221 2.44414 2.41789 2.39357 2.37122 2.35088 2.33251 2.31608 2.30152 2.28873 2.27759 2.268 2.25983 2.25295 2.24722 2.24255 2.23881 2.23591 2.23377 2.23232 2.23152 
2.22449 2.22492 2.22598 2.22771 2.23017 2.23341 2.23754 2.24265 2.24887 2.25633 2.26516 2.2755 2.28747 2.30121 2.31682 2.33439 2.35398 2.37562 2.3993 2.42498 2.45258 2.48197 2.51298 2.5454 2.57901 2.61354 2.6487 2.68419 2.71971 2.75494 2.78959 2.8234 2.85609 2.88744 2.91725 2.94537 2.97167 2.99605 3.01846 3.03887 3.05729 3.07373 3.08823 3.10086 3.11166 3.1207 3.12804 3.13374 3.13783 3.14035 3.14131 3.1407 3.13852 3.13473 3.12927 3.1221 3.11313 3.1023 3.08954 3.07479 3.05798 3.03908 3.01808 2.995 2.96988 2.9428 2.91389 2.88329 2.85119 2.81784 2.78347 2.74838 2.71286 2.67722 2.64177 2.60682 2.57267 2.53957 2.50779 2.47753 2.44898 2.42226 2.39749 2.37472 2.35397 2.33522 2.31844 2.30356 2.29048 2.27909 2.26927 2.2609 2.25384 2.24797 2.24317 2.23933 2.23635 2.23414 2.23265 2.23182 
2.22473 2.22517 2.22626 2.22802 2.23053 2.23384 2.23806 2.24328 2.24963 2.25724 2.26624 2.27678 2.28898 2.30297 2.31886 2.33673 2.35664 2.37863 2.40267 2.42873 2.45672 2.4865 2.5179 2.55072 2.58471 2.6196 2.6551 2.6909 2.7267 2.76219 2.79706 2.83104 2.86388 2.89533 2.92522 2.95337 2.97967 3.00403 3.02639 3.04674 3.06507 3.08143 3.09584 3.10837 3.11908 3.12804 3.13531 3.14096 3.14502 3.14752 3.14848 3.14791 3.14577 3.14204 3.13666 3.12958 3.12071 3.10999 3.09734 3.08269 3.06598 3.04716 3.02623 3.00319 2.97808 2.95098 2.922 2.89131 2.85909 2.82556 2.79098 2.75564 2.71984 2.68389 2.6481 2.61279 2.57825 2.54477 2.51259 2.48194 2.45299 2.42589 2.40075 2.37762 2.35653 2.33748 2.32041 2.30526 2.29194 2.28034 2.27033 2.26179 2.25459 2.2486 2.24369 2.23977 2.23672 2.23446 2.23293 2.23208 
2.22494 2.22538 2.22648 2.22828 2.23082 2.23419 2.23847 2.24378 2.25023 2.25796 2.2671 2.2778 2.29017 2.30436 2.32047 2.33857 2.35874 2.38099 2.40532 2.43168 2.45996 2.49005 2.52175 2.55487 2.58915 2.62432 2.66008 2.69613 2.73215 2.76783 2.80287 2.83698 2.86993 2.90146 2.9314 2.95958 2.98588 3.01022 3.03255 3.05284 3.07111 3.0874 3.10173 3.11419 3.12484 3.13374 3.14096 3.14656 3.15059 3.15308 3.15405 3.15349 3.15139 3.14771 3.1424 3.13538 3.1266 3.11596 3.1034 3.08883 3.07219 3.05344 3.03256 3.00955 2.98445 2.95733 2.92831 2.89755 2.86522 2.83156 2.79682 2.76129 2.72527 2.68908 2.65303 2.61744 2.58261 2.54883 2.51634 2.48538 2.45613 2.42873 2.4033 2.3799 2.35856 2.33926 2.32197 2.30661 2.2931 2.28133 2.27118 2.2625 2.25519 2.2491 2.24411 2.24012 2.23702 2.23472 2.23316 2.23229 
2.22509 2.22553 2.22665 2.22847 2.23104 2.23445 2.23878 2.24415 2.25068 2.25849 2.26773 2.27854 2.29104 2.30537 2.32163 2.3399 2.36025 2.38269 2.40722 2.43378 2.46228 2.49258 2.5245 2.55782 2.59231 2.62767 2.66362 2.69984 2.73601 2.77183 2.80699 2.8412 2.87422 2.90582 2.9358 2.964 2.9903 3.01463 3.03694 3.0572 3.07543 3.09167 3.10596 3.11837 3.12897 3.13783 3.14502 3.15059 3.15461 3.15709 3.15806 3.15752 3.15544 3.15179 3.14652 3.13956 3.13083 3.12025 3.10774 3.09322 3.07663 3.05793 3.03707 3.01408 2.98898 2.96185 2.9328 2.90198 2.86958 2.83583 2.80097 2.76531 2.72913 2.69277 2.65653 2.62075 2.58571 2.55172 2.51902 2.48784 2.45837 2.43077 2.40514 2.38154 2.36001 2.34054 2.32309 2.30759 2.29395 2.28206 2.27179 2.26303 2.25563 2.24947 2.24442 2.24038 2.23724 2.23491 2.23333 2.23245 
2.22519 2.22564 2.22676 2.22859 2.23118 2.23462 2.23898 2.24439 2.25096 2.25882 2.26812 2.279 2.29158 2.30599 2.32234 2.34071 2.36116 2.38371 2.40835 2.43503 2.46365 2.49407 2.52612 2.55956 2.59417 2.62964 2.6657 2.70202 2.73828 2.77418 2.80941 2.84369 2.87676 2.9084 2.93841 2.96663 2.99295 3.01728 3.03958 3.05983 3.07805 3.09427 3.10854 3.12093 3.13151 3.14035 3.14752 3.15308 3.15709 3.15957 3.16054 3.16001 3.15795 3.15432 3.14906 3.14213 3.13342 3.12287 3.11039 3.09589 3.07933 3.06063 3.03979 3.0168 2.99169 2.96455 2.93547 2.90461 2.87216 2.83834 2.80341 2.76767 2.7314 2.69493 2.65859 2.62269 2.58753 2.55341 2.52059 2.48929 2.4597 2.43198 2.40623 2.38252 2.36088 2.34131 2.32377 2.30818 2.29446 2.2825 2.27217 2.26335 2.25591 2.2497 2.24462 2.24055 2.23738 2.23504 2.23345 2.23255 
