2.08501 2.08529 2.08557 2.08583 2.08609 2.08634 2.08658 2.0868 2.08701 2.08721 2.08739 2.08756 2.08771 2.08786 2.088 2.08813 2.08825 2.08837 2.0885 2.08862 2.08875 2.08889 2.08904 2.0892 2.08938 2.08957 2.08979 2.09002 2.09027 2.09055 2.09084 2.09115 2.09148 2.09183 2.0922 2.09257 2.09295 2.09333 2.09372 2.0941 2.09447 2.09482 2.09516 2.09547 2.09575 2.096 2.09622 2.09639 2.09653 2.09662 2.09666 2.09666 2.09661 2.09651 2.09638 2.0962 2.09598 2.09573 2.09545 2.09514 2.09481 2.09446 2.0941 2.09373 2.09335 2.09297 2.0926 2.09224 2.09189 2.09155 2.09123 2.09093 2.09065 2.0904 2.09016 2.08995 2.08977 2.0896 2.08947 2.08935 2.08926 2.0892 2.08916 2.08914 2.08915 2.08918 2.08924 2.08931 2.08942 2.08954 2.08969 2.08986 2.09005 2.09025 2.09048 2.09072 2.09097 2.09123 2.0915 2.09178 
2.08529 2.08557 2.08584 2.08611 2.08637 2.08662 2.08685 2.08708 2.08729 2.08748 2.08766 2.08783 2.08799 2.08813 2.08827 2.0884 2.08852 2.08864 2.08877 2.08889 2.08902 2.08916 2.08931 2.08947 2.08965 2.08985 2.09006 2.0903 2.09055 2.09083 2.09113 2.09145 2.09179 2.09214 2.09251 2.09289 2.09328 2.09368 2.09407 2.09446 2.09484 2.0952 2.09554 2.09586 2.09615 2.09641 2.09663 2.09681 2.09695 2.09704 2.09708 2.09708 2.09703 2.09693 2.09679 2.09661 2.09639 2.09613 2.09584 2.09552 2.09518 2.09483 2.09445 2.09407 2.09369 2.09331 2.09293 2.09256 2.0922 2.09186 2.09153 2.09123 2.09094 2.09068 2.09044 2.09023 2.09004 2.08988 2.08974 2.08962 2.08953 2.08947 2.08943 2.08941 2.08942 2.08945 2.08951 2.08959 2.08969 2.08982 2.08996 2.09013 2.09032 2.09053 2.09075 2.09099 2.09125 2.09151 2.09178 2.09206 
2.08557 2.08584 2.08612 2.08638 2.08664 2.08689 2.08713 2.08735 2.08756 2.08776 2.08794 2.08811 2.08827 2.08841 2.08855 2.08868 2.08881 2.08894 2.08906 2.0892 2.08933 2.08948 2.08964 2.08982 2.09001 2.09022 2.09046 2.09071 2.09099 2.0913 2.09162 2.09197 2.09234 2.09273 2.09313 2.09355 2.09398 2.09441 2.09484 2.09526 2.09568 2.09607 2.09645 2.0968 2.09711 2.09739 2.09763 2.09783 2.09798 2.09807 2.09812 2.09812 2.09806 2.09796 2.0978 2.0976 2.09736 2.09708 2.09676 2.09641 2.09604 2.09565 2.09524 2.09482 2.0944 2.09398 2.09357 2.09317 2.09277 2.0924 2.09204 2.09171 2.0914 2.09111 2.09085 2.09062 2.09042 2.09024 2.09008 2.08996 2.08986 2.08978 2.08974 2.08971 2.08972 2.08974 2.08979 2.08987 2.08997 2.09009 2.09024 2.09041 2.0906 2.0908 2.09103 2.09127 2.09152 2.09178 2.09205 2.09233 
2.08583 2.08611 2.08638 2.08665 2.08691 2.08716 2.0874 2.08762 2.08783 2.08803 2.08821 2.08839 2.08855 2.0887 2.08884 2.08898 2.08911 2.08925 2.08939 2.08953 2.08969 2.08986 2.09004 2.09024 2.09046 2.09071 2.09098 2.09128 2.0916 2.09195 2.09233 2.09274 2.09317 2.09362 2.09408 2.09457 2.09506 2.09556 2.09605 2.09654 2.09702 2.09747 2.09791 2.09831 2.09867 2.09899 2.09926 2.09949 2.09965 2.09976 2.09982 2.09981 2.09974 2.09962 2.09944 2.09921 2.09893 2.0986 2.09823 2.09783 2.0974 2.09695 2.09648 2.096 2.09551 2.09503 2.09455 2.09408 2.09363 2.0932 2.09279 2.0924 2.09204 2.09171 2.09141 2.09114 2.09089 2.09068 2.0905 2.09035 2.09023 2.09014 2.09008 2.09004 2.09003 2.09005 2.09009 2.09016 2.09026 2.09038 2.09052 2.09068 2.09087 2.09108 2.0913 2.09154 2.09179 2.09205 2.09232 2.0926 
2.08609 2.08637 2.08664 2.08691 2.08717 2.08742 2.08766 2.08788 2.0881 2.0883 2.08848 2.08866 2.08883 2.08898 2.08914 2.08928 2.08943 2.08958 2.08974 2.08991 2.09009 2.09029 2.09051 2.09075 2.09102 2.09131 2.09164 2.092 2.09239 2.09282 2.09328 2.09377 2.09428 2.09483 2.09539 2.09597 2.09656 2.09716 2.09775 2.09834 2.09891 2.09945 2.09996 2.10044 2.10087 2.10125 2.10158 2.10184 2.10204 2.10216 2.10222 2.10221 2.10213 2.10198 2.10176 2.10148 2.10114 2.10075 2.10031 2.09983 2.09932 2.09877 2.09821 2.09763 2.09705 2.09647 2.0959 2.09534 2.09479 2.09427 2.09378 2.09331 2.09288 2.09248 2.09211 2.09178 2.09149 2.09123 2.09101 2.09082 2.09066 2.09054 2.09046 2.0904 2.09037 2.09037 2.0904 2.09046 2.09055 2.09066 2.0908 2.09096 2.09114 2.09134 2.09156 2.0918 2.09205 2.09231 2.09258 2.09286 
2.08634 2.08662 2.08689 2.08716 2.08742 2.08767 2.08791 2.08814 2.08835 2.08856 2.08875 2.08893 2.08911 2.08928 2.08944 2.0896 2.08977 2.08995 2.09013 2.09033 2.09055 2.09079 2.09106 2.09136 2.09169 2.09206 2.09246 2.09291 2.0934 2.09393 2.09449 2.0951 2.09574 2.09641 2.0971 2.09782 2.09854 2.09927 2.1 2.10071 2.10141 2.10207 2.1027 2.10327 2.1038 2.10426 2.10465 2.10496 2.1052 2.10535 2.10542 2.10541 2.1053 2.10512 2.10485 2.1045 2.10409 2.10361 2.10307 2.10248 2.10185 2.10119 2.1005 2.09979 2.09908 2.09836 2.09766 2.09697 2.0963 2.09566 2.09505 2.09447 2.09394 2.09344 2.09299 2.09258 2.09221 2.09189 2.0916 2.09136 2.09116 2.091 2.09088 2.09079 2.09073 2.09072 2.09073 2.09077 2.09085 2.09095 2.09107 2.09123 2.09141 2.0916 2.09182 2.09205 2.0923 2.09256 2.09283 2.09311 
2.08658 2.08685 2.08713 2.0874 2.08766 2.08791 2.08815 2.08838 2.0886 2.08881 2.08901 2.0892 2.08939 2.08957 2.08975 2.08994 2.09013 2.09034 2.09056 2.0908 2.09107 2.09137 2.0917 2.09208 2.0925 2.09296 2.09347 2.09403 2.09465 2.09531 2.09602 2.09678 2.09758 2.09841 2.09928 2.10017 2.10107 2.10197 2.10287 2.10375 2.10461 2.10542 2.10619 2.1069 2.10754 2.1081 2.10858 2.10896 2.10925 2.10943 2.10951 2.10949 2.10936 2.10912 2.10879 2.10837 2.10785 2.10726 2.10659 2.10586 2.10508 2.10426 2.10341 2.10253 2.10165 2.10077 2.09989 2.09904 2.0982 2.0974 2.09664 2.09593 2.09525 2.09463 2.09406 2.09355 2.09308 2.09267 2.09231 2.092 2.09173 2.09152 2.09135 2.09122 2.09113 2.09108 2.09107 2.09109 2.09115 2.09123 2.09135 2.0915 2.09166 2.09186 2.09207 2.0923 2.09255 2.0928 2.09307 2.09334 
2.0868 2.08708 2.08735 2.08762 2.08788 2.08814 2.08838 2.08862 2.08884 2.08906 2.08927 2.08947 2.08967 2.08987 2.09008 2.09029 2.09052 2.09077 2.09103 2.09133 2.09167 2.09204 2.09247 2.09294 2.09347 2.09405 2.0947 2.09541 2.09619 2.09702 2.09792 2.09887 2.09987 2.10091 2.10199 2.1031 2.10422 2.10534 2.10646 2.10755 2.1086 2.10961 2.11056 2.11143 2.11222 2.1129 2.11349 2.11396 2.1143 2.11452 2.11462 2.11458 2.11441 2.11412 2.11371 2.11318 2.11254 2.11181 2.11098 2.11008 2.10911 2.10809 2.10704 2.10595 2.10485 2.10376 2.10267 2.1016 2.10056 2.09956 2.09861 2.09771 2.09687 2.09609 2.09537 2.09472 2.09413 2.0936 2.09314 2.09274 2.09239 2.09211 2.09187 2.09169 2.09156 2.09147 2.09143 2.09142 2.09146 2.09153 2.09163 2.09176 2.09192 2.0921 2.09231 2.09253 2.09278 2.09303 2.0933 2.09357 
2.08701 2.08729 2.08756 2.08783 2.0881 2.08835 2.0886 2.08884 2.08908 2.0893 2.08952 2.08974 2.08996 2.09019 2.09042 2.09067 2.09094 2.09124 2.09157 2.09195 2.09237 2.09284 2.09337 2.09397 2.09464 2.09538 2.0962 2.09709 2.09807 2.09912 2.10024 2.10143 2.10268 2.10399 2.10533 2.1067 2.10809 2.10949 2.11086 2.11221 2.11351 2.11475 2.11592 2.11699 2.11795 2.11879 2.1195 2.12007 2.12049 2.12076 2.12087 2.12081 2.12061 2.12024 2.11973 2.11907 2.11829 2.11738 2.11636 2.11524 2.11405 2.11279 2.11148 2.11014 2.10878 2.10742 2.10606 2.10474 2.10345 2.1022 2.10101 2.09989 2.09883 2.09785 2.09695 2.09612 2.09538 2.09471 2.09412 2.0936 2.09316 2.09278 2.09247 2.09223 2.09203 2.0919 2.09181 2.09177 2.09178 2.09182 2.0919 2.09202 2.09217 2.09234 2.09254 2.09276 2.093 2.09325 2.09351 2.09378 
2.08721 2.08748 2.08776 2.08803 2.0883 2.08856 2.08881 2.08906 2.0893 2.08954 2.08978 2.09002 2.09026 2.09052 2.09079 2.09109 2.09142 2.09178 2.09219 2.09265 2.09318 2.09377 2.09444 2.0952 2.09604 2.09697 2.098 2.09913 2.10035 2.10166 2.10306 2.10455 2.10611 2.10772 2.10939 2.11109 2.1128 2.11452 2.11621 2.11787 2.11946 2.12098 2.1224 2.12371 2.12488 2.1259 2.12676 2.12745 2.12796 2.12828 2.12841 2.12834 2.12808 2.12763 2.12699 2.12619 2.12522 2.1241 2.12285 2.12148 2.12002 2.11847 2.11686 2.11521 2.11353 2.11185 2.11018 2.10853 2.10694 2.10539 2.10392 2.10252 2.1012 2.09998 2.09884 2.09781 2.09687 2.09603 2.09528 2.09462 2.09405 2.09357 2.09316 2.09283 2.09257 2.09237 2.09223 2.09215 2.09211 2.09213 2.09219 2.09228 2.09241 2.09257 2.09276 2.09297 2.0932 2.09345 2.09371 2.09398 
2.08739 2.08766 2.08794 2.08821 2.08848 2.08875 2.08901 2.08927 2.08952 2.08978 2.09004 2.0903 2.09058 2.09088 2.0912 2.09155 2.09195 2.0924 2.0929 2.09348 2.09414 2.09488 2.09572 2.09666 2.09772 2.09889 2.10017 2.10158 2.1031 2.10473 2.10647 2.10831 2.11023 2.11222 2.11427 2.11636 2.11846 2.12056 2.12263 2.12464 2.12659 2.12843 2.13015 2.13174 2.13315 2.13439 2.13543 2.13626 2.13687 2.13725 2.13739 2.1373 2.13698 2.13643 2.13566 2.13467 2.13349 2.13213 2.1306 2.12894 2.12715 2.12526 2.12329 2.12127 2.11921 2.11715 2.1151 2.11309 2.11112 2.10922 2.1074 2.10567 2.10404 2.10252 2.10111 2.09982 2.09865 2.09759 2.09665 2.09582 2.0951 2.09448 2.09395 2.09352 2.09316 2.09289 2.09269 2.09255 2.09247 2.09245 2.09248 2.09255 2.09266 2.0928 2.09298 2.09318 2.0934 2.09364 2.0939 2.09416 
2.08756 2.08783 2.08811 2.08839 2.08866 2.08893 2.0892 2.08947 2.08974 2.09002 2.0903 2.0906 2.09092 2.09126 2.09164 2.09207 2.09255 2.0931 2.09373 2.09445 2.09527 2.09619 2.09724 2.09842 2.09973 2.10118 2.10277 2.10451 2.10639 2.1084 2.11054 2.1128 2.11515 2.11759 2.12009 2.12263 2.12519 2.12773 2.13024 2.13268 2.13503 2.13725 2.13933 2.14123 2.14293 2.14441 2.14565 2.14664 2.14737 2.14782 2.14798 2.14787 2.14747 2.1468 2.14587 2.14468 2.14325 2.1416 2.13976 2.13774 2.13557 2.13328 2.1309 2.12845 2.12596 2.12345 2.12095 2.11849 2.11609 2.11377 2.11153 2.10941 2.10741 2.10554 2.1038 2.10221 2.10076 2.09944 2.09827 2.09723 2.09632 2.09554 2.09487 2.09431 2.09385 2.09348 2.0932 2.09299 2.09286 2.09279 2.09278 2.09282 2.0929 2.09303 2.09319 2.09337 2.09359 2.09382 2.09407 2.09433 
2.08771 2.08799 2.08827 2.08855 2.08883 2.08911 2.08939 2.08967 2.08996 2.09026 2.09058 2.09092 2.09128 2.09169 2.09215 2.09266 2.09325 2.09393 2.0947 2.09559 2.0966 2.09775 2.09904 2.1005 2.10211 2.1039 2.10587 2.108 2.1103 2.11276 2.11537 2.11812 2.12098 2.12394 2.12696 2.13003 2.13311 2.13618 2.13919 2.14211 2.14492 2.14758 2.15006 2.15232 2.15435 2.15611 2.15759 2.15876 2.15961 2.16014 2.16033 2.16018 2.1597 2.1589 2.15777 2.15635 2.15464 2.15266 2.15045 2.14804 2.14544 2.14269 2.13982 2.13687 2.13387 2.13085 2.12783 2.12486 2.12195 2.11913 2.11642 2.11384 2.1114 2.10911 2.10699 2.10503 2.10325 2.10163 2.10018 2.09889 2.09776 2.09678 2.09593 2.09522 2.09463 2.09415 2.09377 2.09349 2.09328 2.09316 2.0931 2.0931 2.09315 2.09325 2.09339 2.09357 2.09377 2.09399 2.09423 2.09449 
2.08786 2.08813 2.08841 2.0887 2.08898 2.08928 2.08957 2.08987 2.09019 2.09052 2.09088 2.09126 2.09169 2.09217 2.09272 2.09334 2.09406 2.09489 2.09584 2.09693 2.09817 2.09958 2.10117 2.10296 2.10494 2.10713 2.10952 2.11212 2.11492 2.1179 2.12106 2.12437 2.12782 2.13138 2.13501 2.13868 2.14236 2.14602 2.1496 2.15308 2.15641 2.15957 2.1625 2.16517 2.16756 2.16964 2.17137 2.17275 2.17375 2.17436 2.17458 2.1744 2.17382 2.17286 2.17152 2.16983 2.1678 2.16546 2.16283 2.15996 2.15687 2.1536 2.15018 2.14666 2.14308 2.13946 2.13586 2.13229 2.1288 2.1254 2.12214 2.11902 2.11607 2.1133 2.11072 2.10835 2.10617 2.10419 2.10242 2.10084 2.09944 2.09822 2.09717 2.09628 2.09553 2.09491 2.09442 2.09404 2.09376 2.09356 2.09345 2.0934 2.09342 2.09349 2.0936 2.09375 2.09394 2.09415 2.09439 2.09464 
2.088 2.08827 2.08855 2.08884 2.08914 2.08944 2.08975 2.09008 2.09042 2.09079 2.0912 2.09164 2.09215 2.09272 2.09337 2.09413 2.095 2.09601 2.09717 2.0985 2.10002 2.10174 2.10368 2.10586 2.10826 2.11092 2.11381 2.11695 2.12032 2.12391 2.12769 2.13166 2.13578 2.14001 2.14433 2.14869 2.15305 2.15737 2.1616 2.1657 2.16963 2.17333 2.17676 2.1799 2.18269 2.18511 2.18714 2.18874 2.1899 2.19061 2.19085 2.19063 2.18994 2.18881 2.18724 2.18524 2.18285 2.1801 2.17701 2.17363 2.16999 2.16613 2.1621 2.15794 2.1537 2.14941 2.14513 2.14089 2.13673 2.13268 2.12878 2.12505 2.12151 2.11818 2.11508 2.11221 2.10958 2.10719 2.10503 2.1031 2.1014 2.0999 2.09861 2.0975 2.09657 2.09579 2.09516 2.09466 2.09428 2.09401 2.09382 2.09372 2.09369 2.09373 2.09381 2.09394 2.09411 2.09431 2.09454 2.09478 
2.08813 2.0884 2.08868 2.08898 2.08928 2.0896 2.08994 2.09029 2.09067 2.09109 2.09155 2.09207 2.09266 2.09334 2.09413 2.09504 2.09609 2.09732 2.09872 2.10034 2.10218 2.10427 2.10662 2.10924 2.11215 2.11533 2.11881 2.12256 2.12659 2.13086 2.13537 2.14007 2.14495 2.14995 2.15504 2.16017 2.16529 2.17035 2.17531 2.18009 2.18467 2.18897 2.19297 2.19661 2.19985 2.20265 2.20499 2.20684 2.20817 2.20898 2.20925 2.20898 2.20818 2.20686 2.20502 2.2027 2.19992 2.19671 2.19311 2.18916 2.18491 2.1804 2.17568 2.1708 2.16582 2.16079 2.15575 2.15075 2.14584 2.14105 2.13643 2.132 2.12779 2.12383 2.12012 2.11669 2.11354 2.11066 2.10806 2.10574 2.10367 2.10186 2.10028 2.09892 2.09777 2.0968 2.09601 2.09538 2.09488 2.0945 2.09424 2.09407 2.09399 2.09398 2.09403 2.09413 2.09428 2.09446 2.09468 2.09491 
2.08825 2.08852 2.08881 2.08911 2.08943 2.08977 2.09013 2.09052 2.09094 2.09142 2.09195 2.09255 2.09325 2.09406 2.095 2.09609 2.09737 2.09884 2.10054 2.10249 2.10471 2.10722 2.11003 2.11317 2.11664 2.12045 2.12458 2.12904 2.1338 2.13886 2.14417 2.1497 2.15542 2.16128 2.16723 2.17321 2.17917 2.18506 2.1908 2.19634 2.20162 2.20659 2.2112 2.21538 2.2191 2.22232 2.225 2.22711 2.22864 2.22955 2.22985 2.22954 2.22861 2.22707 2.22495 2.22227 2.21906 2.21535 2.2112 2.20663 2.20171 2.19648 2.19101 2.18535 2.17955 2.17369 2.16781 2.16196 2.15621 2.1506 2.14516 2.13995 2.13499 2.1303 2.12592 2.12184 2.11809 2.11467 2.11156 2.10877 2.10629 2.10411 2.1022 2.10055 2.09915 2.09796 2.09698 2.09619 2.09555 2.09507 2.09471 2.09446 2.09431 2.09425 2.09426 2.09433 2.09445 2.09462 2.09482 2.09505 
2.08837 2.08864 2.08894 2.08925 2.08958 2.08995 2.09034 2.09077 2.09124 2.09178 2.0924 2.0931 2.09393 2.09489 2.09601 2.09732 2.09884 2.1006 2.10264 2.10497 2.10762 2.11062 2.11397 2.1177 2.12182 2.12632 2.1312 2.13644 2.14204 2.14796 2.15417 2.16062 2.16728 2.17408 2.18097 2.18789 2.19477 2.20154 2.20814 2.2145 2.22056 2.22624 2.2315 2.23627 2.24051 2.24417 2.24722 2.24961 2.25133 2.25237 2.2527 2.25233 2.25126 2.2495 2.24707 2.24401 2.24034 2.23609 2.23133 2.2261 2.22045 2.21445 2.20816 2.20164 2.19496 2.18818 2.18137 2.1746 2.16792 2.16139 2.15506 2.14897 2.14317 2.13767 2.13252 2.12773 2.1233 2.11925 2.11557 2.11226 2.10931 2.1067 2.10441 2.10243 2.10073 2.09929 2.0981 2.09711 2.09632 2.0957 2.09523 2.09489 2.09467 2.09455 2.09451 2.09454 2.09463 2.09477 2.09496 2.09517 
2.0885 2.08877 2.08906 2.08939 2.08974 2.09013 2.09056 2.09103 2.09157 2.09219 2.0929 2.09373 2.0947 2.09584 2.09717 2.09872 2.10054 2.10264 2.10506 2.10783 2.11098 2.11452 2.11849 2.12288 2.12772 2.133 2.13871 2.14484 2.15136 2.15823 2.16543 2.1729 2.18058 2.18841 2.19633 2.20426 2.21213 2.21987 2.22739 2.23462 2.2415 2.24794 2.2539 2.25929 2.26408 2.26821 2.27163 2.27433 2.27626 2.27741 2.27778 2.27735 2.27613 2.27413 2.27139 2.26791 2.26375 2.25894 2.25354 2.24759 2.24117 2.23434 2.22716 2.21972 2.21208 2.20431 2.1965 2.18872 2.18103 2.17349 2.16617 2.15912 2.15238 2.14599 2.13999 2.13439 2.12921 2.12445 2.12013 2.11623 2.11274 2.10965 2.10693 2.10457 2.10254 2.10081 2.09936 2.09816 2.09719 2.09642 2.09582 2.09538 2.09507 2.09487 2.09478 2.09476 2.09482 2.09494 2.0951 2.0953 
2.08862 2.08889 2.0892 2.08953 2.08991 2.09033 2.0908 2.09133 2.09195 2.09265 2.09348 2.09445 2.09559 2.09693 2.0985 2.10034 2.10249 2.10497 2.10783 2.1111 2.1148 2.11896 2.12361 2.12875 2.1344 2.14054 2.14717 2.15427 2.1618 2.16973 2.17801 2.18657 2.19536 2.20431 2.21333 2.22234 2.23127 2.24003 2.24853 2.25669 2.26444 2.27168 2.27836 2.28441 2.28977 2.29438 2.29821 2.30121 2.30336 2.30464 2.30504 2.30455 2.30317 2.30093 2.29785 2.29395 2.28927 2.28387 2.27779 2.2711 2.26386 2.25614 2.24803 2.2396 2.23094 2.22212 2.21323 2.20435 2.19557 2.18694 2.17854 2.17044 2.16268 2.15531 2.14836 2.14187 2.13586 2.13032 2.12528 2.12072 2.11663 2.113 2.1098 2.10701 2.1046 2.10254 2.1008 2.09936 2.09818 2.09723 2.09648 2.09592 2.09551 2.09523 2.09507 2.095 2.09502 2.09511 2.09525 2.09544 
2.08875 2.08902 2.08933 2.08969 2.09009 2.09055 2.09107 2.09167 2.09237 2.09318 2.09414 2.09527 2.0966 2.09817 2.10002 2.10218 2.10471 2.10762 2.11098 2.1148 2.11912 2.12398 2.12938 2.13535 2.14189 2.14898 2.15662 2.16477 2.17341 2.18247 2.19192 2.20166 2.21164 2.22177 2.23197 2.24214 2.25218 2.26202 2.27155 2.28067 2.28932 2.2974 2.30484 2.31156 2.3175 2.32262 2.32686 2.33018 2.33255 2.33396 2.33439 2.33383 2.3323 2.32981 2.32637 2.32204 2.31683 2.31081 2.30403 2.29656 2.28847 2.27984 2.27074 2.26127 2.25153 2.24159 2.23156 2.22151 2.21155 2.20176 2.1922 2.18296 2.17409 2.16565 2.15768 2.15021 2.14328 2.13689 2.13105 2.12576 2.121 2.11676 2.11302 2.10975 2.10692 2.10449 2.10243 2.10071 2.09929 2.09814 2.09723 2.09653 2.096 2.09563 2.09539 2.09527 2.09524 2.09529 2.09541 2.09558 
2.08889 2.08916 2.08948 2.08986 2.09029 2.09079 2.09137 2.09204 2.09284 2.09377 2.09488 2.09619 2.09775 2.09958 2.10174 2.10427 2.10722 2.11062 2.11452 2.11896 2.12398 2.1296 2.13584 2.14271 2.15022 2.15834 2.16708 2.17637 2.1862 2.19648 2.20717 2.21817 2.22941 2.2408 2.25223 2.2636 2.27481 2.28577 2.29636 2.30649 2.31606 2.325 2.3332 2.34062 2.34716 2.35279 2.35744 2.36108 2.36368 2.36522 2.36568 2.36506 2.36337 2.36062 2.35683 2.35205 2.3463 2.33966 2.33216 2.32389 2.31492 2.30534 2.29522 2.28468 2.2738 2.2627 2.25146 2.24019 2.22898 2.21794 2.20715 2.19669 2.18663 2.17703 2.16796 2.15943 2.1515 2.14417 2.13746 2.13137 2.12588 2.12098 2.11664 2.11283 2.10952 2.10668 2.10426 2.10223 2.10055 2.09917 2.09807 2.09721 2.09655 2.09608 2.09575 2.09556 2.09548 2.09549 2.09557 2.09573 
2.08904 2.08931 2.08964 2.09004 2.09051 2.09106 2.0917 2.09247 2.09337 2.09444 2.09572 2.09724 2.09904 2.10117 2.10368 2.10662 2.11003 2.11397 2.11849 2.12361 2.12938 2.13584 2.14299 2.15084 2.1594 2.16865 2.17855 2.18907 2.20016 2.21174 2.22374 2.23607 2.24864 2.26133 2.27404 2.28666 2.29908 2.31119 2.32286 2.33401 2.34453 2.35433 2.36332 2.37142 2.37857 2.3847 2.38977 2.39373 2.39656 2.39823 2.39872 2.39804 2.39619 2.39318 2.38904 2.38381 2.37753 2.37025 2.36203 2.35295 2.34309 2.33254 2.32138 2.30973 2.29769 2.28537 2.27288 2.26033 2.24782 2.23547 2.22338 2.21162 2.2003 2.18947 2.1792 2.16955 2.16054 2.1522 2.14454 2.13757 2.13128 2.12564 2.12065 2.11625 2.11242 2.10912 2.10631 2.10393 2.10195 2.10032 2.09901 2.09797 2.09717 2.09657 2.09615 2.09588 2.09574 2.0957 2.09576 2.09589 
2.0892 2.08947 2.08982 2.09024 2.09075 2.09136 2.09208 2.09294 2.09397 2.0952 2.09666 2.09842 2.1005 2.10296 2.10586 2.10924 2.11317 2.1177 2.12288 2.12875 2.13535 2.14271 2.15084 2.15975 2.16944 2.17988 2.19103 2.20285 2.21528 2.22822 2.2416 2.25531 2.26924 2.28329 2.29732 2.31122 2.32487 2.33814 2.35092 2.36309 2.37456 2.38522 2.39498 2.40377 2.41151 2.41815 2.42363 2.42791 2.43095 2.43275 2.43328 2.43253 2.43052 2.42727 2.42279 2.41711 2.4103 2.40239 2.39346 2.38357 2.37282 2.36129 2.34908 2.33631 2.32308 2.30952 2.29574 2.28186 2.26801 2.2543 2.24084 2.22773 2.21507 2.20294 2.19141 2.18055 2.17038 2.16096 2.15228 2.14437 2.13721 2.13078 2.12507 2.12003 2.11563 2.11183 2.10857 2.10581 2.1035 2.1016 2.10005 2.09881 2.09785 2.09712 2.09659 2.09623 2.09602 2.09594 2.09596 2.09607 
2.08938 2.08965 2.09001 2.09046 2.09102 2.09169 2.0925 2.09347 2.09464 2.09604 2.09772 2.09973 2.10211 2.10494 2.10826 2.11215 2.11664 2.12182 2.12772 2.1344 2.14189 2.15022 2.1594 2.16944 2.18033 2.19203 2.2045 2.21768 2.2315 2.24586 2.26066 2.27579 2.29114 2.30656 2.32194 2.33714 2.35202 2.36646 2.38034 2.39353 2.40593 2.41744 2.42797 2.43743 2.44575 2.45287 2.45875 2.46333 2.46659 2.46851 2.46907 2.46827 2.46611 2.46261 2.4578 2.4517 2.44437 2.43585 2.42622 2.41554 2.40391 2.39141 2.37815 2.36426 2.34983 2.33501 2.31992 2.3047 2.28946 2.27435 2.25947 2.24496 2.2309 2.21741 2.20456 2.19241 2.18103 2.17045 2.16069 2.15176 2.14367 2.13639 2.12991 2.12417 2.11916 2.1148 2.11107 2.10789 2.10522 2.10301 2.1012 2.09975 2.0986 2.09772 2.09708 2.09662 2.09634 2.0962 2.09617 2.09626 
2.08957 2.08985 2.09022 2.09071 2.09131 2.09206 2.09296 2.09405 2.09538 2.09697 2.09889 2.10118 2.1039 2.10713 2.11092 2.11533 2.12045 2.12632 2.133 2.14054 2.14898 2.15834 2.16865 2.17988 2.19203 2.20505 2.2189 2.2335 2.24875 2.26458 2.28084 2.29743 2.3142 2.33102 2.34775 2.36424 2.38035 2.39595 2.41091 2.4251 2.43841 2.45075 2.46201 2.47211 2.48099 2.48858 2.49483 2.4997 2.50317 2.5052 2.5058 2.50494 2.50265 2.49892 2.49379 2.4873 2.47947 2.47037 2.46006 2.44861 2.43612 2.42268 2.40839 2.39338 2.37777 2.3617 2.34529 2.3287 2.31206 2.29551 2.27919 2.26323 2.24774 2.23283 2.21859 2.20511 2.19245 2.18065 2.16974 2.15975 2.15066 2.14247 2.13516 2.12868 2.12299 2.11805 2.11379 2.11016 2.1071 2.10456 2.10247 2.10077 2.09943 2.09839 2.09761 2.09705 2.09669 2.09648 2.09641 2.09647 
2.08979 2.09006 2.09046 2.09098 2.09164 2.09246 2.09347 2.0947 2.0962 2.098 2.10017 2.10277 2.10587 2.10952 2.11381 2.11881 2.12458 2.1312 2.13871 2.14717 2.15662 2.16708 2.17855 2.19103 2.2045 2.2189 2.23417 2.25022 2.26696 2.28427 2.30202 2.32007 2.33828 2.3565 2.37457 2.39234 2.40966 2.42639 2.44239 2.45755 2.47174 2.48486 2.49681 2.50753 2.51692 2.52495 2.53156 2.5367 2.54036 2.5425 2.54313 2.54223 2.5398 2.53587 2.53045 2.52358 2.51529 2.50564 2.49469 2.48252 2.46921 2.45485 2.43957 2.42347 2.4067 2.38938 2.37167 2.35372 2.33567 2.31768 2.29989 2.28245 2.26549 2.24912 2.23346 2.21859 2.20459 2.19152 2.17941 2.16829 2.15816 2.14901 2.14081 2.13354 2.12714 2.12156 2.11675 2.11263 2.10915 2.10625 2.10385 2.1019 2.10034 2.09912 2.0982 2.09752 2.09706 2.09679 2.09667 2.0967 
2.09002 2.0903 2.09071 2.09128 2.092 2.09291 2.09403 2.09541 2.09709 2.09913 2.10158 2.10451 2.108 2.11212 2.11695 2.12256 2.12904 2.13644 2.14484 2.15427 2.16477 2.17637 2.18907 2.20285 2.21768 2.2335 2.25022 2.26776 2.286 2.30482 2.32406 2.34358 2.36322 2.38281 2.40219 2.42121 2.4397 2.45752 2.47453 2.4906 2.50562 2.51947 2.53208 2.54336 2.55324 2.56166 2.56859 2.57399 2.57782 2.58007 2.58072 2.57978 2.57724 2.57313 2.56745 2.56024 2.55153 2.54137 2.52983 2.51698 2.50289 2.48767 2.47143 2.4543 2.43639 2.41787 2.39888 2.37958 2.36013 2.3407 2.32144 2.30251 2.28405 2.2662 2.24908 2.23279 2.21742 2.20303 2.18967 2.17737 2.16614 2.15598 2.14686 2.13874 2.13159 2.12534 2.11993 2.11529 2.11136 2.10807 2.10534 2.10311 2.10132 2.09991 2.09883 2.09803 2.09748 2.09713 2.09696 2.09695 
2.09027 2.09055 2.09099 2.0916 2.09239 2.0934 2.09465 2.09619 2.09807 2.10035 2.1031 2.10639 2.1103 2.11492 2.12032 2.12659 2.1338 2.14204 2.15136 2.1618 2.17341 2.1862 2.20016 2.21528 2.2315 2.24875 2.26696 2.286 2.30575 2.32607 2.3468 2.36777 2.38881 2.40975 2.43041 2.45063 2.47024 2.48909 2.50705 2.52398 2.53976 2.55429 2.56749 2.57928 2.58959 2.59838 2.6056 2.61121 2.6152 2.61754 2.61823 2.61725 2.61462 2.61035 2.60444 2.59693 2.58784 2.57724 2.56516 2.55168 2.53688 2.52086 2.50372 2.4856 2.46662 2.44694 2.4267 2.40609 2.38527 2.36441 2.34369 2.32327 2.30331 2.28396 2.26536 2.24762 2.23084 2.2151 2.20045 2.18693 2.17457 2.16335 2.15327 2.14427 2.13632 2.12936 2.12333 2.11814 2.11373 2.11003 2.10695 2.10442 2.10238 2.10077 2.09952 2.09858 2.09792 2.09749 2.09727 2.09722 
2.09055 2.09083 2.0913 2.09195 2.09282 2.09393 2.09531 2.09702 2.09912 2.10166 2.10473 2.1084 2.11276 2.1179 2.12391 2.13086 2.13886 2.14796 2.15823 2.16973 2.18247 2.19648 2.21174 2.22822 2.24586 2.26458 2.28427 2.30482 2.32607 2.34788 2.37006 2.39245 2.41486 2.43709 2.45898 2.48034 2.50101 2.52083 2.53966 2.55737 2.57385 2.589 2.60273 2.61497 2.62567 2.63477 2.64223 2.64804 2.65216 2.65459 2.6553 2.65431 2.6516 2.64719 2.64109 2.63332 2.62392 2.61291 2.60036 2.58633 2.57088 2.55413 2.53617 2.51712 2.49713 2.47634 2.45492 2.43304 2.41089 2.38864 2.36647 2.34458 2.32313 2.30229 2.2822 2.26299 2.24478 2.22766 2.2117 2.19693 2.1834 2.17109 2.16 2.1501 2.14132 2.13362 2.12693 2.12116 2.11625 2.11211 2.10866 2.10582 2.10351 2.10168 2.10025 2.09918 2.0984 2.09789 2.0976 2.09752 
2.09084 2.09113 2.09162 2.09233 2.09328 2.09449 2.09602 2.09792 2.10024 2.10306 2.10647 2.11054 2.11537 2.12106 2.12769 2.13537 2.14417 2.15417 2.16543 2.17801 2.19192 2.20717 2.22374 2.2416 2.26066 2.28084 2.30202 2.32406 2.3468 2.37006 2.39367 2.41743 2.44115 2.46462 2.48767 2.5101 2.53175 2.55246 2.57209 2.59051 2.60761 2.6233 2.63749 2.65012 2.66114 2.6705 2.67818 2.68414 2.68838 2.69088 2.69162 2.69061 2.68785 2.68333 2.67708 2.66911 2.65943 2.64809 2.63514 2.62062 2.60461 2.58719 2.56848 2.54859 2.52766 2.50585 2.4833 2.46022 2.43678 2.41319 2.38962 2.36629 2.34336 2.32104 2.29946 2.27879 2.25915 2.24064 2.22334 2.20731 2.19258 2.17916 2.16704 2.15619 2.14656 2.13809 2.13071 2.12435 2.11891 2.11431 2.11047 2.1073 2.10472 2.10265 2.10103 2.09981 2.09891 2.09831 2.09795 2.09783 
2.09115 2.09145 2.09197 2.09274 2.09377 2.0951 2.09678 2.09887 2.10143 2.10455 2.10831 2.1128 2.11812 2.12437 2.13166 2.14007 2.1497 2.16062 2.1729 2.18657 2.20166 2.21817 2.23607 2.25531 2.27579 2.29743 2.32007 2.34358 2.36777 2.39245 2.41743 2.44251 2.46747 2.49211 2.51624 2.53966 2.56221 2.58372 2.60406 2.62311 2.64074 2.65689 2.67147 2.68442 2.6957 2.70528 2.71313 2.71922 2.72355 2.7261 2.72687 2.72586 2.72306 2.71847 2.7121 2.70397 2.69409 2.68248 2.66919 2.65426 2.63777 2.61978 2.60041 2.57976 2.55797 2.53521 2.51162 2.4874 2.46275 2.43786 2.41295 2.38821 2.36385 2.34007 2.31703 2.29491 2.27383 2.25393 2.23529 2.21798 2.20203 2.18748 2.17431 2.1625 2.15199 2.14274 2.13466 2.12767 2.12169 2.11662 2.11237 2.10885 2.10598 2.10367 2.10186 2.10047 2.09945 2.09875 2.09833 2.09817 
2.09148 2.09179 2.09234 2.09317 2.09428 2.09574 2.09758 2.09987 2.10268 2.10611 2.11023 2.11515 2.12098 2.12782 2.13578 2.14495 2.15542 2.16728 2.18058 2.19536 2.21164 2.22941 2.24864 2.26924 2.29114 2.3142 2.33828 2.36322 2.38881 2.41486 2.44115 2.46747 2.4936 2.51933 2.54445 2.56877 2.59213 2.61436 2.63532 2.65489 2.67299 2.68951 2.7044 2.71761 2.7291 2.73883 2.7468 2.75299 2.75739 2.75999 2.76078 2.75977 2.75695 2.75233 2.74589 2.73764 2.72761 2.7158 2.70225 2.687 2.6701 2.65163 2.63168 2.61036 2.58781 2.56418 2.53964 2.51437 2.48858 2.46247 2.43627 2.41018 2.38444 2.35923 2.33476 2.31121 2.28872 2.26744 2.24746 2.22886 2.21171 2.19601 2.18178 2.16899 2.1576 2.14754 2.13874 2.13111 2.12457 2.11901 2.11435 2.11047 2.1073 2.10474 2.10272 2.10117 2.10002 2.09922 2.09873 2.09852 
2.09183 2.09214 2.09273 2.09362 2.09483 2.09641 2.09841 2.10091 2.10399 2.10772 2.11222 2.11759 2.12394 2.13138 2.14001 2.14995 2.16128 2.17408 2.18841 2.20431 2.22177 2.2408 2.26133 2.28329 2.30656 2.33102 2.3565 2.38281 2.40975 2.43709 2.46462 2.49211 2.51933 2.54605 2.57208 2.59721 2.62128 2.64412 2.66561 2.68563 2.70409 2.72091 2.73604 2.74944 2.76107 2.77092 2.77897 2.78522 2.78966 2.79229 2.79311 2.79212 2.7893 2.78466 2.77818 2.76988 2.75975 2.74781 2.73407 2.71857 2.70135 2.68249 2.66206 2.64017 2.61695 2.59255 2.56714 2.54091 2.51406 2.48681 2.45939 2.43202 2.40495 2.37837 2.35252 2.32757 2.30369 2.28105 2.25975 2.23988 2.22152 2.20468 2.18939 2.17561 2.16332 2.15245 2.14292 2.13464 2.12753 2.12148 2.11639 2.11215 2.10867 2.10585 2.10362 2.1019 2.10061 2.09971 2.09915 2.09889 
2.0922 2.09251 2.09313 2.09408 2.09539 2.0971 2.09928 2.10199 2.10533 2.10939 2.11427 2.12009 2.12696 2.13501 2.14433 2.15504 2.16723 2.18097 2.19633 2.21333 2.23197 2.25223 2.27404 2.29732 2.32194 2.34775 2.37457 2.40219 2.43041 2.45898 2.48767 2.51624 2.54445 2.57208 2.59891 2.62475 2.64944 2.67281 2.69473 2.71511 2.73385 2.75089 2.76618 2.7797 2.79142 2.80133 2.80942 2.8157 2.82017 2.82282 2.82367 2.82269 2.81989 2.81526 2.80879 2.80048 2.79031 2.77829 2.76444 2.74876 2.73131 2.71214 2.69132 2.66896 2.64516 2.62009 2.59391 2.5668 2.53899 2.51068 2.48213 2.45356 2.42522 2.39734 2.37014 2.34384 2.31863 2.29465 2.27206 2.25094 2.23138 2.21341 2.19706 2.18231 2.16912 2.15743 2.14717 2.13824 2.13055 2.124 2.11847 2.11386 2.11007 2.10699 2.10455 2.10264 2.10122 2.10022 2.09958 2.09928 
2.09257 2.09289 2.09355 2.09457 2.09597 2.09782 2.10017 2.1031 2.1067 2.11109 2.11636 2.12263 2.13003 2.13868 2.14869 2.16017 2.17321 2.18789 2.20426 2.22234 2.24214 2.2636 2.28666 2.31122 2.33714 2.36424 2.39234 2.42121 2.45063 2.48034 2.5101 2.53966 2.56877 2.59721 2.62475 2.65121 2.67642 2.70022 2.72249 2.74313 2.76207 2.77926 2.79465 2.80822 2.81997 2.8299 2.838 2.84428 2.84875 2.85142 2.85228 2.85133 2.84857 2.84398 2.83755 2.82926 2.8191 2.80707 2.79317 2.7774 2.75979 2.7404 2.71928 2.69653 2.67226 2.64661 2.61975 2.59187 2.56318 2.53391 2.50431 2.47461 2.44508 2.41596 2.3875 2.35991 2.33339 2.30813 2.28428 2.26194 2.24121 2.22213 2.20474 2.18902 2.17494 2.16244 2.15145 2.14187 2.13361 2.12655 2.12059 2.1156 2.11149 2.10815 2.10549 2.10341 2.10185 2.10073 2.10002 2.09968 
2.09295 2.09328 2.09398 2.09506 2.09656 2.09854 2.10107 2.10422 2.10809 2.1128 2.11846 2.12519 2.13311 2.14236 2.15305 2.16529 2.17917 2.19477 2.21213 2.23127 2.25218 2.27481 2.29908 2.32487 2.35202 2.38035 2.40966 2.4397 2.47024 2.50101 2.53175 2.56221 2.59213 2.62128 2.64944 2.67642 2.70205 2.72618 2.74871 2.76955 2.78862 2.80588 2.8213 2.83488 2.84661 2.85651 2.86458 2.87084 2.87529 2.87796 2.87884 2.87793 2.87521 2.87069 2.86432 2.8561 2.846 2.83401 2.82012 2.80432 2.78663 2.7671 2.74576 2.72271 2.69806 2.67193 2.64449 2.61593 2.58646 2.55632 2.52575 2.49502 2.46438 2.4341 2.40444 2.37562 2.34787 2.32137 2.2963 2.27279 2.25092 2.23076 2.21235 2.19568 2.18073 2.16743 2.15572 2.1455 2.13666 2.12911 2.12271 2.11735 2.11293 2.10932 2.10644 2.10418 2.10248 2.10126 2.10047 2.10008 
2.09333 2.09368 2.09441 2.09556 2.09716 2.09927 2.10197 2.10534 2.10949 2.11452 2.12056 2.12773 2.13618 2.14602 2.15737 2.17035 2.18506 2.20154 2.21987 2.24003 2.26202 2.28577 2.31119 2.33814 2.36646 2.39595 2.42639 2.45752 2.48909 2.52083 2.55246 2.58372 2.61436 2.64412 2.67281 2.70022 2.72618 2.75058 2.77329 2.79424 2.81336 2.83063 2.84604 2.85957 2.87124 2.88107 2.88908 2.8953 2.89972 2.90238 2.90328 2.9024 2.89975 2.8953 2.88903 2.88091 2.87091 2.85901 2.84518 2.82941 2.81171 2.79211 2.77063 2.74737 2.72241 2.69589 2.66796 2.63882 2.60867 2.57774 2.54631 2.51462 2.48297 2.45161 2.42082 2.39084 2.36192 2.33426 2.30803 2.28338 2.26042 2.23922 2.21983 2.20224 2.18643 2.17236 2.15994 2.14909 2.13969 2.13164 2.12482 2.11909 2.11436 2.11049 2.10739 2.10496 2.10311 2.10179 2.10093 2.10049 
2.09372 2.09407 2.09484 2.09605 2.09775 2.1 2.10287 2.10646 2.11086 2.11621 2.12263 2.13024 2.13919 2.1496 2.1616 2.17531 2.1908 2.20814 2.22739 2.24853 2.27155 2.29636 2.32286 2.35092 2.38034 2.41091 2.44239 2.47453 2.50705 2.53966 2.57209 2.60406 2.63532 2.66561 2.69473 2.72249 2.74871 2.77329 2.79611 2.81711 2.83623 2.85346 2.86879 2.88223 2.89381 2.90355 2.91148 2.91762 2.92201 2.92465 2.92556 2.92473 2.92215 2.91779 2.91164 2.90364 2.89378 2.882 2.86828 2.85259 2.83494 2.81532 2.79378 2.77038 2.7452 2.71837 2.69004 2.6604 2.62965 2.59804 2.56583 2.53329 2.5007 2.46834 2.43651 2.40546 2.37544 2.34667 2.31935 2.29363 2.26963 2.24743 2.22709 2.20862 2.19199 2.17717 2.16407 2.1526 2.14266 2.13414 2.12689 2.12081 2.11577 2.11164 2.10833 2.10572 2.10374 2.10232 2.10138 2.10089 
2.0941 2.09446 2.09526 2.09654 2.09834 2.10071 2.10375 2.10755 2.11221 2.11787 2.12464 2.13268 2.14211 2.15308 2.1657 2.18009 2.19634 2.2145 2.23462 2.25669 2.28067 2.30649 2.33401 2.36309 2.39353 2.4251 2.45755 2.4906 2.52398 2.55737 2.59051 2.62311 2.65489 2.68563 2.71511 2.74313 2.76955 2.79424 2.81711 2.83809 2.85716 2.87431 2.88953 2.90285 2.9143 2.92392 2.93175 2.93781 2.94214 2.94476 2.94568 2.9449 2.94239 2.93815 2.93212 2.92427 2.91456 2.90294 2.88937 2.87381 2.85625 2.83668 2.81513 2.79165 2.76632 2.73926 2.71061 2.68055 2.6493 2.61709 2.58418 2.55087 2.51744 2.48418 2.45139 2.41935 2.38831 2.35851 2.33016 2.30343 2.27845 2.25531 2.23408 2.21476 2.19736 2.18181 2.16806 2.15601 2.14554 2.13655 2.12891 2.12248 2.11714 2.11277 2.10924 2.10647 2.10436 2.10283 2.10182 2.10129 
2.09447 2.09484 2.09568 2.09702 2.09891 2.10141 2.10461 2.1086 2.11351 2.11946 2.12659 2.13503 2.14492 2.15641 2.16963 2.18467 2.20162 2.22056 2.2415 2.26444 2.28932 2.31606 2.34453 2.37456 2.40593 2.43841 2.47174 2.50562 2.53976 2.57385 2.60761 2.64074 2.67299 2.70409 2.73385 2.76207 2.78862 2.81336 2.83623 2.85716 2.87614 2.89316 2.90825 2.92142 2.93273 2.94221 2.94992 2.95589 2.96016 2.96276 2.96369 2.96295 2.96052 2.95639 2.9505 2.94282 2.93328 2.92184 2.90844 2.89304 2.8756 2.85613 2.83462 2.81112 2.7857 2.75847 2.72957 2.69917 2.66749 2.63476 2.60126 2.56726 2.53307 2.499 2.46534 2.43239 2.40042 2.36967 2.34037 2.3127 2.28681 2.26279 2.24071 2.22061 2.20246 2.18624 2.17187 2.15926 2.1483 2.13888 2.13085 2.12409 2.11846 2.11385 2.11013 2.1072 2.10496 2.10333 2.10226 2.10168 
2.09482 2.0952 2.09607 2.09747 2.09945 2.10207 2.10542 2.10961 2.11475 2.12098 2.12843 2.13725 2.14758 2.15957 2.17333 2.18897 2.20659 2.22624 2.24794 2.27168 2.2974 2.325 2.35433 2.38522 2.41744 2.45075 2.48486 2.51947 2.55429 2.589 2.6233 2.65689 2.68951 2.72091 2.75089 2.77926 2.80588 2.83063 2.85346 2.87431 2.89316 2.91004 2.92496 2.93797 2.94912 2.95846 2.96604 2.97192 2.97612 2.97869 2.97962 2.97893 2.97659 2.97257 2.96683 2.95931 2.94996 2.93871 2.9255 2.91028 2.893 2.87364 2.85221 2.82874 2.80328 2.77593 2.74684 2.71617 2.68413 2.65097 2.61695 2.58235 2.5475 2.5127 2.47826 2.44448 2.41166 2.38005 2.34988 2.32135 2.29461 2.26978 2.24693 2.22609 2.20727 2.19041 2.17546 2.16233 2.15091 2.14107 2.13268 2.12561 2.11972 2.11488 2.11098 2.10789 2.10553 2.10381 2.10267 2.10206 
2.09516 2.09554 2.09645 2.09791 2.09996 2.1027 2.10619 2.11056 2.11592 2.1224 2.13015 2.13933 2.15006 2.1625 2.17676 2.19297 2.2112 2.2315 2.2539 2.27836 2.30484 2.3332 2.36332 2.39498 2.42797 2.46201 2.49681 2.53208 2.56749 2.60273 2.63749 2.67147 2.7044 2.73604 2.76618 2.79465 2.8213 2.84604 2.86879 2.88953 2.90825 2.92496 2.93971 2.95255 2.96354 2.97272 2.98018 2.98596 2.9901 2.99263 2.99357 2.99292 2.99066 2.98675 2.98116 2.97381 2.96465 2.95359 2.94058 2.92555 2.90844 2.88923 2.8679 2.84448 2.81902 2.79161 2.76238 2.7315 2.69917 2.66563 2.63116 2.59606 2.56062 2.52517 2.49004 2.45554 2.42196 2.38957 2.35862 2.32931 2.3018 2.27623 2.25267 2.23116 2.21171 2.19428 2.1788 2.16519 2.15333 2.14311 2.13439 2.12703 2.12089 2.11585 2.11177 2.10854 2.10607 2.10426 2.10306 2.10241 
2.09547 2.09586 2.0968 2.09831 2.10044 2.10327 2.1069 2.11143 2.11699 2.12371 2.13174 2.14123 2.15232 2.16517 2.1799 2.19661 2.21538 2.23627 2.25929 2.28441 2.31156 2.34062 2.37142 2.40377 2.43743 2.47211 2.50753 2.54336 2.57928 2.61497 2.65012 2.68442 2.71761 2.74944 2.7797 2.80822 2.83488 2.85957 2.88223 2.90285 2.92142 2.93797 2.95255 2.96522 2.97604 2.98508 2.99241 2.99809 3.00217 3.00467 3.00561 3.005 3.00282 2.99902 2.99357 2.98638 2.9774 2.96654 2.95373 2.93888 2.92195 2.90289 2.88168 2.85834 2.8329 2.80546 2.77613 2.74509 2.71252 2.67869 2.64384 2.60829 2.57235 2.53635 2.50061 2.46547 2.43122 2.39814 2.36649 2.33649 2.30831 2.28207 2.25788 2.23577 2.21575 2.19779 2.18184 2.16779 2.15555 2.14498 2.13596 2.12833 2.12197 2.11673 2.1125 2.10914 2.10656 2.10468 2.10342 2.10274 
2.09575 2.09615 2.09711 2.09867 2.10087 2.1038 2.10754 2.11222 2.11795 2.12488 2.13315 2.14293 2.15435 2.16756 2.18269 2.19985 2.2191 2.24051 2.26408 2.28977 2.3175 2.34716 2.37857 2.41151 2.44575 2.48099 2.51692 2.55324 2.58959 2.62567 2.66114 2.6957 2.7291 2.76107 2.79142 2.81997 2.84661 2.87124 2.89381 2.9143 2.93273 2.94912 2.96354 2.97604 2.98671 2.99561 3.00283 3.00842 3.01243 3.0149 3.01585 3.01528 3.01316 3.00947 3.00414 2.99711 2.9883 2.97762 2.96499 2.95033 2.93357 2.91466 2.89357 2.87031 2.84492 2.81747 2.78808 2.75691 2.72416 2.69007 2.65492 2.619 2.58263 2.54615 2.5099 2.4742 2.43937 2.4057 2.37345 2.34284 2.31406 2.28724 2.26249 2.23985 2.21934 2.20092 2.18454 2.17011 2.15753 2.14665 2.13736 2.1295 2.12294 2.11753 2.11315 2.10968 2.10701 2.10506 2.10375 2.10304 
2.096 2.09641 2.09739 2.09899 2.10125 2.10426 2.1081 2.1129 2.11879 2.1259 2.13439 2.14441 2.15611 2.16964 2.18511 2.20265 2.22232 2.24417 2.26821 2.29438 2.32262 2.35279 2.3847 2.41815 2.45287 2.48858 2.52495 2.56166 2.59838 2.63477 2.6705 2.70528 2.73883 2.77092 2.80133 2.8299 2.85651 2.88107 2.90355 2.92392 2.94221 2.95846 2.97272 2.98508 2.99561 3.00439 3.01151 3.01701 3.02097 3.02341 3.02437 3.02383 3.02178 3.01817 3.01296 3.00606 2.9974 2.98689 2.97443 2.95993 2.94333 2.92456 2.90359 2.88041 2.85507 2.82762 2.79819 2.76693 2.73404 2.69975 2.66434 2.62811 2.5914 2.55452 2.51784 2.48167 2.44635 2.41218 2.37942 2.3483 2.31901 2.2917 2.26647 2.24338 2.22244 2.20363 2.18689 2.17213 2.15924 2.14811 2.13858 2.13052 2.12378 2.11823 2.11373 2.11015 2.1074 2.10539 2.10404 2.1033 
2.09622 2.09663 2.09763 2.09926 2.10158 2.10465 2.10858 2.11349 2.1195 2.12676 2.13543 2.14565 2.15759 2.17137 2.18714 2.20499 2.225 2.24722 2.27163 2.29821 2.32686 2.35744 2.38977 2.42363 2.45875 2.49483 2.53156 2.56859 2.6056 2.64223 2.67818 2.71313 2.7468 2.77897 2.80942 2.838 2.86458 2.88908 2.91148 2.93175 2.94992 2.96604 2.98018 2.99241 3.00283 3.01151 3.01853 3.02397 3.02788 3.0303 3.03125 3.03074 3.02874 3.02522 3.0201 3.01332 3.00479 2.99441 2.98209 2.96774 2.95127 2.93262 2.91175 2.88865 2.86336 2.83592 2.80647 2.77513 2.74213 2.70768 2.67207 2.6356 2.5986 2.56141 2.52437 2.48783 2.45212 2.41753 2.38435 2.35281 2.32311 2.2954 2.26978 2.24631 2.22502 2.20589 2.18884 2.17381 2.16068 2.14933 2.13961 2.13138 2.1245 2.11882 2.11421 2.11055 2.10774 2.10567 2.10429 2.10352 
2.09639 2.09681 2.09783 2.09949 2.10184 2.10496 2.10896 2.11396 2.12007 2.12745 2.13626 2.14664 2.15876 2.17275 2.18874 2.20684 2.22711 2.24961 2.27433 2.30121 2.33018 2.36108 2.39373 2.42791 2.46333 2.4997 2.5367 2.57399 2.61121 2.64804 2.68414 2.71922 2.75299 2.78522 2.8157 2.84428 2.87084 2.8953 2.91762 2.93781 2.95589 2.97192 2.98596 2.99809 3.00842 3.01701 3.02397 3.02935 3.03322 3.03563 3.03659 3.0361 3.03414 3.03067 3.02563 3.01894 3.01051 3.00024 2.98803 2.97379 2.95743 2.93887 2.91808 2.89505 2.86979 2.84237 2.81289 2.78151 2.74842 2.71385 2.67809 2.64143 2.60421 2.56677 2.52947 2.49264 2.45662 2.42171 2.38821 2.35635 2.32632 2.2983 2.27237 2.24862 2.22706 2.20767 2.19039 2.17515 2.16182 2.1503 2.14042 2.13206 2.12506 2.11929 2.1146 2.11088 2.10801 2.1059 2.10449 2.10371 
2.09653 2.09695 2.09798 2.09965 2.10204 2.1052 2.10925 2.1143 2.12049 2.12796 2.13687 2.14737 2.15961 2.17375 2.1899 2.20817 2.22864 2.25133 2.27626 2.30336 2.33255 2.36368 2.39656 2.43095 2.46659 2.50317 2.54036 2.57782 2.6152 2.65216 2.68838 2.72355 2.75739 2.78966 2.82017 2.84875 2.87529 2.89972 2.92201 2.94214 2.96016 2.97612 2.9901 3.00217 3.01243 3.02097 3.02788 3.03322 3.03708 3.03947 3.04043 3.03996 3.03803 3.0346 3.02961 3.02298 3.01462 3.00443 2.9923 2.97813 2.96183 2.94334 2.92261 2.89961 2.87438 2.84696 2.81746 2.78604 2.75289 2.71823 2.68236 2.64557 2.6082 2.57058 2.53309 2.49605 2.45982 2.42469 2.39096 2.35887 2.32862 2.30037 2.27424 2.25028 2.22853 2.20895 2.19151 2.17611 2.16265 2.151 2.14102 2.13256 2.12548 2.11964 2.11489 2.11112 2.10821 2.10608 2.10464 2.10385 
2.09662 2.09704 2.09807 2.09976 2.10216 2.10535 2.10943 2.11452 2.12076 2.12828 2.13725 2.14782 2.16014 2.17436 2.19061 2.20898 2.22955 2.25237 2.27741 2.30464 2.33396 2.36522 2.39823 2.43275 2.46851 2.5052 2.5425 2.58007 2.61754 2.65459 2.69088 2.7261 2.75999 2.79229 2.82282 2.85142 2.87796 2.90238 2.92465 2.94476 2.96276 2.97869 2.99263 3.00467 3.0149 3.02341 3.0303 3.03563 3.03947 3.04186 3.04282 3.04236 3.04044 3.03704 3.03208 3.02548 3.01716 3.007 2.9949 2.98077 2.96451 2.94605 2.92534 2.90235 2.87712 2.84969 2.82018 2.78873 2.75553 2.72082 2.68487 2.648 2.61054 2.57282 2.53521 2.49806 2.4617 2.42645 2.39258 2.36036 2.32998 2.30161 2.27535 2.25127 2.22941 2.20973 2.19219 2.1767 2.16316 2.15144 2.14139 2.13288 2.12575 2.11986 2.11508 2.11128 2.10834 2.10619 2.10474 2.10394 
