3.08531 3.08554 3.08577 3.08601 3.08626 3.08651 3.08676 3.08703 3.0873 3.08757 3.08786 3.08816 3.08847 3.0888 3.08915 3.08952 3.08991 3.09034 3.09079 3.09128 3.09181 3.09238 3.09299 3.09364 3.09434 3.09509 3.09587 3.0967 3.09757 3.09848 3.09942 3.10039 3.10138 3.10239 3.10341 3.10443 3.10545 3.10645 3.10742 3.10837 3.10927 3.11012 3.11091 3.11163 3.11228 3.11284 3.11331 3.1137 3.11398 3.11416 3.11424 3.11422 3.11409 3.11386 3.11354 3.11312 3.1126 3.11201 3.11134 3.11059 3.10979 3.10893 3.10802 3.10708 3.10612 3.10514 3.10414 3.10315 3.10217 3.1012 3.10025 3.09933 3.09845 3.09761 3.09681 3.09605 3.09535 3.0947 3.09411 3.09357 3.09308 3.09265 3.09227 3.09195 3.09167 3.09145 3.09128 3.09115 3.09106 3.09101 3.091 3.09103 3.09108 3.09117 3.09128 3.09142 3.09158 3.09175 3.09194 3.09214 
3.08554 3.08576 3.08599 3.08623 3.08648 3.08673 3.08699 3.08725 3.08752 3.0878 3.08808 3.08838 3.0887 3.08903 3.08937 3.08975 3.09014 3.09057 3.09103 3.09153 3.09206 3.09264 3.09325 3.09392 3.09462 3.09538 3.09618 3.09702 3.0979 3.09882 3.09978 3.10076 3.10177 3.1028 3.10384 3.10487 3.10591 3.10692 3.10791 3.10887 3.10979 3.11065 3.11146 3.11219 3.11285 3.11342 3.11391 3.1143 3.11458 3.11477 3.11485 3.11483 3.1147 3.11446 3.11413 3.1137 3.11318 3.11257 3.11189 3.11113 3.11031 3.10944 3.10852 3.10756 3.10658 3.10558 3.10457 3.10356 3.10256 3.10158 3.10061 3.09968 3.09878 3.09793 3.09712 3.09635 3.09564 3.09498 3.09438 3.09383 3.09334 3.0929 3.09252 3.09219 3.09191 3.09169 3.09151 3.09138 3.09129 3.09124 3.09123 3.09125 3.09131 3.0914 3.09151 3.09164 3.0918 3.09197 3.09217 3.09237 
3.08577 3.08599 3.08623 3.08647 3.08672 3.08697 3.08723 3.08749 3.08777 3.08805 3.08834 3.08865 3.08897 3.08931 3.08967 3.09006 3.09047 3.09091 3.09139 3.09191 3.09247 3.09307 3.09372 3.09442 3.09516 3.09595 3.09679 3.09767 3.0986 3.09957 3.10058 3.10161 3.10267 3.10375 3.10484 3.10593 3.10702 3.10809 3.10913 3.11013 3.1111 3.112 3.11285 3.11362 3.11431 3.11491 3.11541 3.11582 3.11612 3.11632 3.1164 3.11637 3.11624 3.11599 3.11564 3.11519 3.11464 3.114 3.11328 3.11248 3.11162 3.1107 3.10974 3.10873 3.1077 3.10665 3.10558 3.10452 3.10347 3.10243 3.10142 3.10044 3.0995 3.0986 3.09774 3.09694 3.09619 3.09549 3.09486 3.09428 3.09376 3.0933 3.09289 3.09254 3.09225 3.09201 3.09181 3.09167 3.09157 3.09151 3.09149 3.09151 3.09156 3.09164 3.09175 3.09188 3.09204 3.09221 3.0924 3.0926 
3.08601 3.08623 3.08647 3.08671 3.08696 3.08722 3.08748 3.08775 3.08804 3.08833 3.08863 3.08895 3.08929 3.08965 3.09003 3.09044 3.09089 3.09136 3.09188 3.09244 3.09304 3.09369 3.09439 3.09515 3.09595 3.09681 3.09772 3.09868 3.09969 3.10074 3.10183 3.10295 3.1041 3.10527 3.10645 3.10763 3.1088 3.10995 3.11108 3.11217 3.11321 3.11418 3.11509 3.11592 3.11667 3.11731 3.11786 3.11829 3.11862 3.11882 3.11891 3.11888 3.11873 3.11846 3.11808 3.11759 3.117 3.1163 3.11552 3.11466 3.11373 3.11274 3.11169 3.1106 3.10948 3.10835 3.1072 3.10605 3.10491 3.10378 3.10269 3.10162 3.1006 3.09962 3.09869 3.09782 3.097 3.09625 3.09555 3.09492 3.09435 3.09384 3.0934 3.09301 3.09268 3.09241 3.09219 3.09203 3.09191 3.09183 3.0918 3.0918 3.09184 3.09191 3.09201 3.09214 3.09229 3.09246 3.09264 3.09284 
3.08626 3.08648 3.08672 3.08696 3.08721 3.08748 3.08775 3.08803 3.08833 3.08863 3.08896 3.0893 3.08966 3.09005 3.09047 3.09091 3.0914 3.09192 3.09249 3.09311 3.09378 3.0945 3.09528 3.09612 3.09702 3.09797 3.09898 3.10005 3.10117 3.10234 3.10355 3.1048 3.10607 3.10737 3.10867 3.10998 3.11128 3.11255 3.1138 3.115 3.11614 3.11722 3.11822 3.11914 3.11996 3.12067 3.12126 3.12174 3.12209 3.12232 3.12241 3.12237 3.12221 3.12191 3.12148 3.12094 3.12028 3.11952 3.11865 3.1177 3.11667 3.11557 3.11441 3.1132 3.11196 3.1107 3.10943 3.10816 3.10689 3.10564 3.10443 3.10324 3.10211 3.10102 3.09998 3.09901 3.0981 3.09725 3.09647 3.09576 3.09512 3.09455 3.09404 3.0936 3.09323 3.09291 3.09265 3.09245 3.0923 3.0922 3.09214 3.09212 3.09215 3.0922 3.09229 3.09241 3.09255 3.09271 3.09289 3.09309 
3.08651 3.08673 3.08697 3.08722 3.08748 3.08775 3.08803 3.08833 3.08864 3.08897 3.08932 3.08969 3.09008 3.09051 3.09097 3.09147 3.09201 3.0926 3.09325 3.09394 3.0947 3.09552 3.0964 3.09735 3.09837 3.09945 3.1006 3.10181 3.10307 3.1044 3.10577 3.10717 3.10861 3.11007 3.11155 3.11302 3.11448 3.11592 3.11731 3.11866 3.11995 3.12116 3.12228 3.1233 3.12421 3.12501 3.12567 3.12621 3.1266 3.12685 3.12695 3.1269 3.12671 3.12637 3.12589 3.12528 3.12453 3.12367 3.1227 3.12163 3.12046 3.11922 3.11792 3.11656 3.11517 3.11375 3.11231 3.11087 3.10945 3.10804 3.10666 3.10532 3.10403 3.1028 3.10162 3.10052 3.09948 3.09852 3.09763 3.09681 3.09608 3.09542 3.09483 3.09432 3.09388 3.0935 3.09319 3.09294 3.09275 3.09261 3.09252 3.09248 3.09248 3.09252 3.09259 3.09269 3.09282 3.09298 3.09315 3.09334 
3.08676 3.08699 3.08723 3.08748 3.08775 3.08803 3.08833 3.08865 3.08898 3.08934 3.08971 3.09012 3.09056 3.09104 3.09156 3.09212 3.09274 3.09341 3.09414 3.09494 3.09581 3.09675 3.09777 3.09886 3.10002 3.10127 3.10258 3.10397 3.10543 3.10694 3.10851 3.11012 3.11176 3.11343 3.11511 3.11679 3.11845 3.12008 3.12167 3.1232 3.12466 3.12603 3.1273 3.12846 3.12949 3.13038 3.13113 3.13173 3.13217 3.13245 3.13256 3.1325 3.13227 3.13189 3.13134 3.13064 3.1298 3.12881 3.12771 3.12649 3.12516 3.12375 3.12227 3.12072 3.11913 3.11751 3.11587 3.11423 3.1126 3.11099 3.10942 3.10789 3.10641 3.10499 3.10364 3.10237 3.10117 3.10006 3.09903 3.09809 3.09723 3.09646 3.09577 3.09517 3.09464 3.09419 3.09381 3.09351 3.09326 3.09308 3.09295 3.09287 3.09284 3.09285 3.09291 3.09299 3.09311 3.09325 3.09342 3.0936 
3.08703 3.08725 3.08749 3.08775 3.08803 3.08833 3.08865 3.08898 3.08935 3.08973 3.09015 3.09061 3.0911 3.09164 3.09223 3.09288 3.09358 3.09436 3.0952 3.09613 3.09713 3.09822 3.09939 3.10066 3.10201 3.10345 3.10497 3.10657 3.10825 3.11 3.11181 3.11366 3.11555 3.11747 3.1194 3.12132 3.12323 3.1251 3.12692 3.12866 3.13033 3.13189 3.13334 3.13465 3.13583 3.13685 3.1377 3.13837 3.13887 3.13918 3.1393 3.13923 3.13897 3.13852 3.13789 3.13709 3.13612 3.135 3.13373 3.13233 3.13081 3.1292 3.1275 3.12573 3.1239 3.12204 3.12016 3.11827 3.1164 3.11455 3.11273 3.11096 3.10926 3.10762 3.10606 3.10458 3.1032 3.1019 3.1007 3.0996 3.0986 3.09769 3.09688 3.09616 3.09553 3.09499 3.09453 3.09415 3.09384 3.0936 3.09342 3.0933 3.09324 3.09322 3.09324 3.0933 3.0934 3.09353 3.09369 3.09387 
3.0873 3.08752 3.08777 3.08804 3.08833 3.08864 3.08898 3.08935 3.08974 3.09017 3.09064 3.09115 3.09171 3.09232 3.093 3.09374 3.09456 3.09545 3.09644 3.09751 3.09867 3.09994 3.10131 3.10277 3.10435 3.10602 3.10779 3.10965 3.11159 3.11361 3.1157 3.11785 3.12003 3.12224 3.12446 3.12668 3.12887 3.13101 3.1331 3.1351 3.13701 3.1388 3.14045 3.14195 3.14329 3.14445 3.14542 3.14619 3.14675 3.1471 3.14723 3.14714 3.14684 3.14632 3.1456 3.14467 3.14356 3.14227 3.14081 3.13921 3.13747 3.13561 3.13365 3.13162 3.12952 3.12738 3.12521 3.12304 3.12087 3.11873 3.11664 3.11459 3.11262 3.11072 3.10891 3.10719 3.10557 3.10406 3.10266 3.10137 3.10019 3.09913 3.09817 3.09731 3.09656 3.09591 3.09535 3.09488 3.09449 3.09419 3.09395 3.09378 3.09366 3.09361 3.0936 3.09364 3.09371 3.09383 3.09397 3.09414 
3.08757 3.0878 3.08805 3.08833 3.08863 3.08897 3.08934 3.08973 3.09017 3.09065 3.09118 3.09175 3.09239 3.0931 3.09387 3.09473 3.09568 3.09672 3.09786 3.09911 3.10046 3.10194 3.10353 3.10524 3.10707 3.10901 3.11107 3.11322 3.11548 3.11782 3.12024 3.12272 3.12524 3.12779 3.13035 3.1329 3.13542 3.13788 3.14027 3.14257 3.14475 3.1468 3.14869 3.15041 3.15193 3.15325 3.15436 3.15523 3.15587 3.15626 3.1564 3.1563 3.15594 3.15535 3.15451 3.15345 3.15217 3.15069 3.14902 3.14717 3.14517 3.14304 3.14079 3.13845 3.13604 3.13357 3.13107 3.12857 3.12607 3.1236 3.12117 3.11881 3.11652 3.11432 3.11221 3.11022 3.10833 3.10657 3.10493 3.10342 3.10204 3.10078 3.09965 3.09863 3.09774 3.09696 3.09628 3.09571 3.09523 3.09484 3.09453 3.09429 3.09413 3.09403 3.09398 3.09399 3.09404 3.09413 3.09426 3.09443 
3.08786 3.08808 3.08834 3.08863 3.08896 3.08932 3.08971 3.09015 3.09064 3.09118 3.09177 3.09243 3.09316 3.09397 3.09486 3.09586 3.09695 3.09816 3.09949 3.10094 3.10252 3.10424 3.10609 3.10808 3.1102 3.11246 3.11484 3.11735 3.11996 3.12267 3.12546 3.12832 3.13123 3.13417 3.13711 3.14004 3.14293 3.14576 3.1485 3.15113 3.15362 3.15596 3.15812 3.16007 3.16181 3.16332 3.16457 3.16556 3.16628 3.16672 3.16688 3.16675 3.16634 3.16566 3.1647 3.16348 3.16201 3.16031 3.1584 3.15628 3.15399 3.15154 3.14896 3.14628 3.1435 3.14067 3.13779 3.13491 3.13203 3.12918 3.12638 3.12365 3.121 3.11845 3.11601 3.11369 3.1115 3.10945 3.10754 3.10577 3.10415 3.10267 3.10134 3.10014 3.09908 3.09814 3.09733 3.09664 3.09605 3.09556 3.09517 3.09486 3.09464 3.09448 3.09439 3.09436 3.09438 3.09445 3.09457 3.09472 
3.08816 3.08838 3.08865 3.08895 3.0893 3.08969 3.09012 3.09061 3.09115 3.09175 3.09243 3.09318 3.09402 3.09495 3.09598 3.09713 3.0984 3.09981 3.10135 3.10304 3.10487 3.10687 3.10902 3.11132 3.11378 3.1164 3.11916 3.12205 3.12507 3.12819 3.13141 3.1347 3.13804 3.14141 3.14479 3.14815 3.15145 3.15469 3.15782 3.16082 3.16366 3.16633 3.16878 3.17101 3.17298 3.17469 3.17611 3.17723 3.17804 3.17854 3.17871 3.17856 3.17809 3.1773 3.17621 3.17481 3.17314 3.17119 3.16901 3.16659 3.16397 3.16117 3.15822 3.15514 3.15197 3.14872 3.14542 3.14211 3.1388 3.13552 3.1323 3.12915 3.1261 3.12315 3.12033 3.11765 3.11511 3.11273 3.1105 3.10845 3.10655 3.10482 3.10325 3.10185 3.10059 3.09948 3.09851 3.09768 3.09696 3.09637 3.09588 3.09549 3.09519 3.09498 3.09484 3.09476 3.09475 3.09479 3.09489 3.09503 
3.08847 3.0887 3.08897 3.08929 3.08966 3.09008 3.09056 3.0911 3.09171 3.09239 3.09316 3.09402 3.09498 3.09605 3.09724 3.09857 3.10004 3.10167 3.10345 3.10541 3.10754 3.10984 3.11233 3.115 3.11784 3.12086 3.12404 3.12737 3.13084 3.13443 3.13812 3.1419 3.14572 3.14958 3.15344 3.15727 3.16104 3.16473 3.16829 3.1717 3.17493 3.17795 3.18074 3.18326 3.18549 3.18742 3.18903 3.19029 3.19121 3.19176 3.19195 3.19177 3.19123 3.19033 3.18908 3.1875 3.18559 3.18338 3.18089 3.17814 3.17516 3.17197 3.16861 3.1651 3.16147 3.15776 3.154 3.15021 3.14642 3.14267 3.13897 3.13536 3.13185 3.12846 3.12521 3.12211 3.11918 3.11643 3.11385 3.11146 3.10926 3.10725 3.10542 3.10377 3.10229 3.10098 3.09984 3.09884 3.09799 3.09727 3.09667 3.09618 3.0958 3.09551 3.09531 3.09519 3.09514 3.09515 3.09522 3.09535 
3.0888 3.08903 3.08931 3.08965 3.09005 3.09051 3.09104 3.09164 3.09232 3.0931 3.09397 3.09495 3.09605 3.09728 3.09866 3.10019 3.10189 3.10376 3.10583 3.10808 3.11054 3.1132 3.11607 3.11914 3.12241 3.12588 3.12953 3.13335 3.13732 3.14143 3.14565 3.14996 3.15432 3.15871 3.1631 3.16746 3.17174 3.17591 3.17995 3.18381 3.18747 3.19088 3.19402 3.19687 3.19939 3.20156 3.20336 3.20478 3.20581 3.20642 3.20663 3.20642 3.20581 3.20479 3.20337 3.20157 3.19941 3.19691 3.19409 3.19097 3.18759 3.18398 3.18017 3.17618 3.17207 3.16785 3.16357 3.15925 3.15494 3.15066 3.14644 3.1423 3.13829 3.1344 3.13068 3.12712 3.12375 3.12058 3.11761 3.11485 3.11231 3.10997 3.10784 3.10592 3.1042 3.10267 3.10132 3.10014 3.09912 3.09826 3.09754 3.09694 3.09647 3.0961 3.09583 3.09565 3.09555 3.09553 3.09558 3.09568 
3.08915 3.08937 3.08967 3.09003 3.09047 3.09097 3.09156 3.09223 3.093 3.09387 3.09486 3.09598 3.09724 3.09866 3.10024 3.102 3.10395 3.10611 3.10849 3.11108 3.1139 3.11696 3.12025 3.12377 3.12752 3.13148 3.13565 3.14001 3.14454 3.14922 3.15402 3.15891 3.16387 3.16884 3.17381 3.17874 3.18357 3.18829 3.19284 3.19719 3.2013 3.20514 3.20867 3.21186 3.21469 3.21712 3.21914 3.22073 3.22187 3.22256 3.22278 3.22254 3.22184 3.22069 3.21909 3.21707 3.21463 3.21181 3.20864 3.20512 3.20131 3.19724 3.19293 3.18843 3.18378 3.17901 3.17416 3.16927 3.16438 3.15952 3.15472 3.15002 3.14545 3.14102 3.13677 3.1327 3.12885 3.12521 3.12181 3.11864 3.1157 3.11301 3.11055 3.10833 3.10632 3.10454 3.10296 3.10158 3.10038 3.09936 3.09849 3.09778 3.09719 3.09673 3.09639 3.09615 3.096 3.09594 3.09595 3.09604 
3.08952 3.08975 3.09006 3.09044 3.09091 3.09147 3.09212 3.09288 3.09374 3.09473 3.09586 3.09713 3.09857 3.10019 3.102 3.10402 3.10626 3.10873 3.11145 3.11442 3.11765 3.12114 3.1249 3.12892 3.13319 3.1377 3.14245 3.1474 3.15254 3.15784 3.16327 3.1688 3.17439 3.18 3.1856 3.19114 3.19658 3.20187 3.20697 3.21185 3.21645 3.22075 3.22469 3.22826 3.23141 3.23413 3.23638 3.23814 3.23941 3.24017 3.24041 3.24014 3.23935 3.23806 3.23627 3.234 3.23127 3.22811 3.22455 3.22061 3.21634 3.21176 3.20693 3.20187 3.19664 3.19127 3.18581 3.18029 3.17477 3.16928 3.16386 3.15854 3.15335 3.14833 3.1435 3.13888 3.13449 3.13035 3.12646 3.12283 3.11947 3.11638 3.11356 3.11099 3.10868 3.10662 3.10479 3.10318 3.10178 3.10057 3.09955 3.09869 3.09799 3.09743 3.097 3.09668 3.09648 3.09637 3.09636 3.09643 
3.08991 3.09014 3.09047 3.09089 3.0914 3.09201 3.09274 3.09358 3.09456 3.09568 3.09695 3.0984 3.10004 3.10189 3.10395 3.10626 3.10881 3.11164 3.11474 3.11812 3.1218 3.12578 3.13005 3.13461 3.13945 3.14456 3.14993 3.15552 3.16132 3.1673 3.17341 3.17963 3.18591 3.19221 3.19848 3.20468 3.21076 3.21667 3.22237 3.22781 3.23293 3.23771 3.2421 3.24606 3.24957 3.25258 3.25507 3.25703 3.25843 3.25926 3.25953 3.25921 3.25833 3.25689 3.25489 3.25236 3.24932 3.2458 3.24183 3.23744 3.23267 3.22756 3.22216 3.21651 3.21065 3.20464 3.19852 3.19234 3.18614 3.17997 3.17387 3.16787 3.16203 3.15636 3.1509 3.14567 3.1407 3.136 3.13158 3.12746 3.12363 3.1201 3.11688 3.11394 3.11129 3.10891 3.1068 3.10494 3.10331 3.10191 3.10071 3.0997 3.09886 3.09819 3.09766 3.09727 3.097 3.09684 3.09679 3.09683 
3.09034 3.09057 3.09091 3.09136 3.09192 3.0926 3.09341 3.09436 3.09545 3.09672 3.09816 3.09981 3.10167 3.10376 3.10611 3.10873 3.11164 3.11484 3.11836 3.1222 3.12637 3.13087 3.1357 3.14085 3.14632 3.15208 3.15812 3.16441 3.17092 3.17762 3.18447 3.19143 3.19844 3.20547 3.21247 3.21937 3.22613 3.2327 3.23903 3.24506 3.25074 3.25603 3.26088 3.26526 3.26913 3.27245 3.2752 3.27736 3.2789 3.27981 3.2801 3.27975 3.27876 3.27716 3.27494 3.27214 3.26878 3.26487 3.26047 3.2556 3.25031 3.24464 3.23864 3.23235 3.22583 3.21914 3.21232 3.20542 3.19849 3.19159 3.18476 3.17805 3.17149 3.16512 3.15898 3.1531 3.1475 3.14219 3.1372 3.13253 3.12819 3.12419 3.12052 3.11718 3.11415 3.11143 3.10901 3.10687 3.105 3.10337 3.10198 3.1008 3.09981 3.09901 3.09838 3.0979 3.09756 3.09734 3.09725 3.09727 
3.09079 3.09103 3.09139 3.09188 3.09249 3.09325 3.09414 3.0952 3.09644 3.09786 3.09949 3.10135 3.10345 3.10583 3.10849 3.11145 3.11474 3.11836 3.12234 3.12667 3.13137 3.13644 3.14188 3.14767 3.15381 3.16027 3.16703 3.17407 3.18134 3.18882 3.19645 3.20419 3.21199 3.21979 3.22755 3.2352 3.24268 3.24994 3.25693 3.26358 3.26984 3.27566 3.28101 3.28582 3.29007 3.29372 3.29673 3.29909 3.30078 3.30178 3.30208 3.30169 3.3006 3.29883 3.2964 3.29331 3.2896 3.2853 3.28044 3.27507 3.26923 3.26297 3.25633 3.24938 3.24217 3.23475 3.22718 3.21952 3.21183 3.20415 3.19655 3.18906 3.18174 3.17463 3.16776 3.16117 3.15489 3.14893 3.14332 3.13806 3.13317 3.12865 3.1245 3.12071 3.11728 3.11419 3.11143 3.10899 3.10684 3.10497 3.10337 3.102 3.10085 3.09991 3.09916 3.09858 3.09816 3.09789 3.09775 3.09774 
3.09128 3.09153 3.09191 3.09244 3.09311 3.09394 3.09494 3.09613 3.09751 3.09911 3.10094 3.10304 3.10541 3.10808 3.11108 3.11442 3.11812 3.1222 3.12667 3.13154 3.13682 3.1425 3.14859 3.15507 3.16192 3.16913 3.17666 3.18449 3.19258 3.20088 3.20934 3.21791 3.22653 3.23515 3.24371 3.25214 3.26037 3.26836 3.27603 3.28333 3.29019 3.29658 3.30242 3.30769 3.31233 3.31631 3.31961 3.32218 3.32402 3.3251 3.32543 3.32499 3.3238 3.32186 3.31918 3.3158 3.31174 3.30702 3.3017 3.29581 3.28939 3.28251 3.27522 3.26757 3.25963 3.25145 3.2431 3.23465 3.22614 3.21764 3.20922 3.20092 3.19279 3.18488 3.17724 3.16989 3.16288 3.15622 3.14994 3.14406 3.13858 3.1335 3.12883 3.12456 3.12069 3.1172 3.11407 3.11129 3.10885 3.10672 3.10487 3.1033 3.10198 3.10089 3.10001 3.09932 3.09881 3.09847 3.09829 3.09825 
3.09181 3.09206 3.09247 3.09304 3.09378 3.0947 3.09581 3.09713 3.09867 3.10046 3.10252 3.10487 3.10754 3.11054 3.1139 3.11765 3.1218 3.12637 3.13137 3.13682 3.14271 3.14905 3.15583 3.16304 3.17066 3.17866 3.18702 3.19568 3.20463 3.21379 3.22312 3.23256 3.24205 3.25152 3.26091 3.27015 3.27917 3.28791 3.29629 3.30426 3.31175 3.3187 3.32507 3.3308 3.33584 3.34017 3.34375 3.34654 3.34853 3.3497 3.35005 3.34957 3.34827 3.34615 3.34324 3.33955 3.33512 3.32998 3.32417 3.31774 3.31074 3.30323 3.29525 3.28688 3.27818 3.26921 3.26005 3.25076 3.2414 3.23205 3.22276 3.2136 3.20462 3.19587 3.1874 3.17926 3.17147 3.16407 3.15709 3.15053 3.14441 3.13873 3.13351 3.12872 3.12437 3.12045 3.11693 3.11379 3.11103 3.10861 3.10651 3.10472 3.1032 3.10194 3.10092 3.10012 3.09952 3.0991 3.09887 3.0988 
3.09238 3.09264 3.09307 3.09369 3.0945 3.09552 3.09675 3.09822 3.09994 3.10194 3.10424 3.10687 3.10984 3.1132 3.11696 3.12114 3.12578 3.13087 3.13644 3.1425 3.14905 3.15609 3.16361 3.17159 3.18002 3.18886 3.19807 3.20762 3.21746 3.22753 3.23776 3.24811 3.2585 3.26886 3.27911 3.28919 3.29901 3.30852 3.31763 3.32629 3.33441 3.34196 3.34885 3.35505 3.36051 3.36519 3.36905 3.37207 3.37421 3.37548 3.37585 3.37532 3.37391 3.37161 3.36846 3.36446 3.35966 3.35409 3.34779 3.34081 3.33321 3.32503 3.31636 3.30724 3.29776 3.28798 3.27797 3.26781 3.25757 3.24732 3.23714 3.22708 3.2172 3.20757 3.19824 3.18926 3.18066 3.17247 3.16473 3.15746 3.15066 3.14435 3.13853 3.1332 3.12834 3.12395 3.12 3.11649 3.11337 3.11065 3.10828 3.10624 3.10452 3.10308 3.10191 3.10098 3.10028 3.09978 3.09949 3.09938 
3.09299 3.09325 3.09372 3.09439 3.09528 3.0964 3.09777 3.09939 3.10131 3.10353 3.10609 3.10902 3.11233 3.11607 3.12025 3.1249 3.13005 3.1357 3.14188 3.14859 3.15583 3.16361 3.17191 3.1807 3.18998 3.19969 3.20981 3.22027 3.23104 3.24205 3.25323 3.26452 3.27583 3.2871 3.29824 3.30917 3.31983 3.33012 3.33998 3.34933 3.35811 3.36624 3.37368 3.38035 3.38623 3.39126 3.39541 3.39865 3.40095 3.40231 3.4027 3.40213 3.4006 3.39813 3.39473 3.39042 3.38525 3.37924 3.37244 3.3649 3.35669 3.34785 3.33846 3.32859 3.3183 3.30768 3.29681 3.28576 3.27461 3.26344 3.25232 3.24132 3.23052 3.21997 3.20974 3.19987 3.19041 3.1814 3.17287 3.16485 3.15734 3.15036 3.14391 3.13799 3.13259 3.1277 3.1233 3.11937 3.11589 3.11284 3.11017 3.10788 3.10593 3.1043 3.10297 3.1019 3.10109 3.10051 3.10016 3.10001 
3.09364 3.09392 3.09442 3.09515 3.09612 3.09735 3.09886 3.10066 3.10277 3.10524 3.10808 3.11132 3.115 3.11914 3.12377 3.12892 3.13461 3.14085 3.14767 3.15507 3.16304 3.17159 3.1807 3.19035 3.20051 3.21113 3.22218 3.23361 3.24534 3.25732 3.26947 3.28172 3.29398 3.30617 3.31822 3.33003 3.34152 3.35262 3.36323 3.37328 3.38271 3.39144 3.39941 3.40657 3.41286 3.41825 3.42269 3.42615 3.42861 3.43005 3.43047 3.42986 3.42822 3.42557 3.42192 3.41731 3.41175 3.40531 3.39801 3.38991 3.38108 3.37157 3.36146 3.35082 3.33972 3.32825 3.31649 3.30453 3.29244 3.28032 3.26824 3.25629 3.24452 3.23303 3.22186 3.21107 3.20072 3.19085 3.18149 3.17268 3.16442 3.15673 3.14962 3.14308 3.13711 3.1317 3.12682 3.12246 3.11859 3.11518 3.1122 3.10964 3.10745 3.10561 3.1041 3.10289 3.10196 3.10129 3.10087 3.10069 
3.09434 3.09462 3.09516 3.09595 3.09702 3.09837 3.10002 3.10201 3.10435 3.10707 3.1102 3.11378 3.11784 3.12241 3.12752 3.13319 3.13945 3.14632 3.15381 3.16192 3.17066 3.18002 3.18998 3.20051 3.21158 3.22315 3.23516 3.24757 3.26029 3.27326 3.2864 3.29963 3.31286 3.326 3.33896 3.35166 3.364 3.37589 3.38726 3.39802 3.4081 3.41742 3.42593 3.43357 3.44027 3.44601 3.45073 3.45441 3.45703 3.45856 3.459 3.45835 3.4566 3.45377 3.44989 3.44496 3.43904 3.43216 3.42436 3.41571 3.40626 3.39608 3.38524 3.37383 3.36191 3.34958 3.33693 3.32404 3.31101 3.29792 3.28486 3.27191 3.25916 3.24669 3.23455 3.22282 3.21155 3.20078 3.19057 3.18092 3.17188 3.16346 3.15565 3.14847 3.1419 3.13594 3.13055 3.12573 3.12144 3.11766 3.11436 3.1115 3.10906 3.107 3.10531 3.10394 3.10289 3.10212 3.10163 3.10141 
3.09509 3.09538 3.09595 3.09681 3.09797 3.09945 3.10127 3.10345 3.10602 3.10901 3.11246 3.1164 3.12086 3.12588 3.13148 3.1377 3.14456 3.15208 3.16027 3.16913 3.17866 3.18886 3.19969 3.21113 3.22315 3.23569 3.24869 3.2621 3.27583 3.28982 3.30396 3.31818 3.33239 3.34648 3.36036 3.37394 3.38713 3.39982 3.41194 3.4234 3.43413 3.44404 3.45308 3.46118 3.4683 3.47438 3.47938 3.48328 3.48605 3.48767 3.48814 3.48744 3.48559 3.48259 3.47846 3.47324 3.46696 3.45964 3.45136 3.44216 3.4321 3.42125 3.40969 3.3975 3.38476 3.37157 3.35802 3.3442 3.33021 3.31613 3.30208 3.28813 3.27438 3.2609 3.24778 3.23507 3.22285 3.21116 3.20006 3.18957 3.17972 3.17052 3.162 3.15414 3.14695 3.1404 3.13449 3.12919 3.12446 3.12029 3.11664 3.11348 3.11077 3.10848 3.10659 3.10506 3.10387 3.10301 3.10244 3.10217 
3.09587 3.09618 3.09679 3.09772 3.09898 3.1006 3.10258 3.10497 3.10779 3.11107 3.11484 3.11916 3.12404 3.12953 3.13565 3.14245 3.14993 3.15812 3.16703 3.17666 3.18702 3.19807 3.20981 3.22218 3.23516 3.24869 3.2627 3.27713 3.29189 3.30689 3.32205 3.33727 3.35246 3.3675 3.3823 3.39676 3.41079 3.42427 3.43714 3.44929 3.46065 3.47114 3.4807 3.48926 3.49677 3.50318 3.50846 3.51258 3.51549 3.5172 3.51769 3.51695 3.515 3.51184 3.50748 3.50197 3.49533 3.4876 3.47884 3.46909 3.45843 3.44693 3.43466 3.4217 3.40816 3.39411 3.37966 3.3649 3.34995 3.33489 3.31983 3.30487 3.29009 3.2756 3.26147 3.24777 3.23458 3.22195 3.20993 3.19856 3.18788 3.17789 3.16862 3.16007 3.15223 3.14508 3.13862 3.13281 3.12764 3.12306 3.11904 3.11555 3.11256 3.11004 3.10794 3.10624 3.10491 3.10394 3.1033 3.10298 
3.0967 3.09702 3.09767 3.09868 3.10005 3.10181 3.10397 3.10657 3.10965 3.11322 3.11735 3.12205 3.12737 3.13335 3.14001 3.1474 3.15552 3.16441 3.17407 3.18449 3.19568 3.20762 3.22027 3.23361 3.24757 3.2621 3.27713 3.29258 3.30837 3.3244 3.34058 3.3568 3.37296 3.38894 3.40466 3.41999 3.43484 3.4491 3.46269 3.47552 3.4875 3.49855 3.50861 3.51762 3.52551 3.53225 3.5378 3.54211 3.54518 3.54697 3.54748 3.54671 3.54465 3.54133 3.53676 3.53097 3.52399 3.51586 3.50663 3.49636 3.48512 3.47297 3.46001 3.4463 3.43195 3.41706 3.40172 3.38603 3.37012 3.35407 3.33801 3.32203 3.30623 3.29071 3.27556 3.26086 3.24668 3.23309 3.22014 3.20788 3.19634 3.18554 3.17551 3.16623 3.15772 3.14996 3.14292 3.1366 3.13095 3.12595 3.12155 3.11773 3.11445 3.11167 3.10935 3.10748 3.10601 3.10492 3.1042 3.10384 
3.09757 3.0979 3.0986 3.09969 3.10117 3.10307 3.10543 3.10825 3.11159 3.11548 3.11996 3.12507 3.13084 3.13732 3.14454 3.15254 3.16132 3.17092 3.18134 3.19258 3.20463 3.21746 3.23104 3.24534 3.26029 3.27583 3.29189 3.30837 3.32519 3.34224 3.35943 3.37664 3.39376 3.41068 3.42729 3.44348 3.45913 3.47416 3.48846 3.50193 3.51451 3.5261 3.53665 3.54608 3.55435 3.5614 3.56719 3.57171 3.57491 3.57678 3.57732 3.57651 3.57437 3.5709 3.56612 3.56006 3.55275 3.54424 3.53456 3.52379 3.51199 3.49922 3.48558 3.47114 3.45601 3.44028 3.42407 3.40747 3.39061 3.37359 3.35652 3.33953 3.3227 3.30615 3.28998 3.27427 3.25909 3.24453 3.23064 3.21747 3.20505 3.19343 3.18261 3.1726 3.1634 3.155 3.14739 3.14052 3.13439 3.12895 3.12416 3.12 3.11641 3.11337 3.11083 3.10877 3.10715 3.10595 3.10515 3.10473 
3.09848 3.09882 3.09957 3.10074 3.10234 3.1044 3.10694 3.11 3.11361 3.11782 3.12267 3.12819 3.13443 3.14143 3.14922 3.15784 3.1673 3.17762 3.18882 3.20088 3.21379 3.22753 3.24205 3.25732 3.27326 3.28982 3.30689 3.3244 3.34224 3.36031 3.3785 3.39668 3.41475 3.43258 3.45007 3.46708 3.48352 3.49928 3.51426 3.52837 3.54152 3.55363 3.56463 3.57447 3.58309 3.59043 3.59647 3.60117 3.6045 3.60645 3.60701 3.60617 3.60395 3.60034 3.59537 3.58906 3.58144 3.57256 3.56247 3.55122 3.53887 3.52551 3.51122 3.49607 3.48018 3.46365 3.44658 3.42909 3.41129 3.39331 3.37526 3.35725 3.33941 3.32184 3.30464 3.28791 3.27174 3.2562 3.24136 3.22727 3.21398 3.20151 3.1899 3.17914 3.16925 3.1602 3.15198 3.14457 3.13794 3.13205 3.12687 3.12234 3.11845 3.11513 3.11237 3.11011 3.10834 3.10702 3.10613 3.10566 
3.09942 3.09978 3.10058 3.10183 3.10355 3.10577 3.10851 3.11181 3.1157 3.12024 3.12546 3.13141 3.13812 3.14565 3.15402 3.16327 3.17341 3.18447 3.19645 3.20934 3.22312 3.23776 3.25323 3.26947 3.2864 3.30396 3.32205 3.34058 3.35943 3.3785 3.39766 3.4168 3.43579 3.45451 3.47284 3.49066 3.50785 3.52432 3.53995 3.55465 3.56834 3.58095 3.59239 3.60261 3.61155 3.61917 3.62544 3.63031 3.63376 3.63579 3.63637 3.63551 3.63321 3.62947 3.62432 3.61778 3.60988 3.60066 3.59017 3.57846 3.56561 3.55168 3.53676 3.52094 3.50432 3.48701 3.46911 3.45075 3.43204 3.41312 3.3941 3.3751 3.35625 3.33767 3.31946 3.30172 3.28456 3.26804 3.25225 3.23724 3.22306 3.20975 3.19733 3.18582 3.17522 3.16551 3.15669 3.14872 3.14158 3.13524 3.12964 3.12476 3.12054 3.11695 3.11395 3.1115 3.10957 3.10812 3.10715 3.10663 
3.10039 3.10076 3.10161 3.10295 3.1048 3.10717 3.11012 3.11366 3.11785 3.12272 3.12832 3.1347 3.1419 3.14996 3.15891 3.1688 3.17963 3.19143 3.20419 3.21791 3.23256 3.24811 3.26452 3.28172 3.29963 3.31818 3.33727 3.3568 3.37664 3.39668 3.4168 3.43687 3.45675 3.47633 3.49547 3.51406 3.53197 3.5491 3.56535 3.58062 3.59483 3.60789 3.61974 3.63031 3.63956 3.64744 3.65391 3.65895 3.66252 3.66462 3.66522 3.66434 3.66197 3.65812 3.6528 3.64604 3.63788 3.62834 3.61748 3.60536 3.59202 3.57756 3.56206 3.54559 3.52828 3.51022 3.49152 3.47232 3.45274 3.4329 3.41293 3.39296 3.37313 3.35355 3.33434 3.31561 3.29745 3.27997 3.26323 3.2473 3.23224 3.21809 3.20487 3.19259 3.18128 3.17091 3.16148 3.15295 3.1453 3.13849 3.13248 3.12722 3.12268 3.11881 3.11557 3.11292 3.11083 3.10926 3.1082 3.10762 
3.10138 3.10177 3.10267 3.1041 3.10607 3.10861 3.11176 3.11555 3.12003 3.12524 3.13123 3.13804 3.14572 3.15432 3.16387 3.17439 3.18591 3.19844 3.21199 3.22653 3.24205 3.2585 3.27583 3.29398 3.31286 3.33239 3.35246 3.37296 3.39376 3.41475 3.43579 3.45675 3.4775 3.49789 3.51781 3.53713 3.55572 3.57349 3.59032 3.60612 3.6208 3.63429 3.64652 3.65742 3.66695 3.67507 3.68173 3.68692 3.69059 3.69275 3.69339 3.69248 3.69005 3.6861 3.68063 3.67369 3.66528 3.65546 3.64426 3.63174 3.61796 3.603 3.58694 3.56987 3.5519 3.53312 3.51367 3.49367 3.47324 3.45251 3.43163 3.41073 3.38993 3.36938 3.34919 3.32948 3.31036 3.29191 3.27424 3.2574 3.24147 3.22647 3.21245 3.19942 3.18739 3.17636 3.16631 3.15722 3.14906 3.14178 3.13535 3.12973 3.12486 3.12071 3.11722 3.11437 3.11212 3.11042 3.10927 3.10864 
3.10239 3.1028 3.10375 3.10527 3.10737 3.11007 3.11343 3.11747 3.12224 3.12779 3.13417 3.14141 3.14958 3.15871 3.16884 3.18 3.19221 3.20547 3.21979 3.23515 3.25152 3.26886 3.2871 3.30617 3.326 3.34648 3.3675 3.38894 3.41068 3.43258 3.45451 3.47633 3.49789 3.51907 3.53972 3.55973 3.57897 3.59732 3.61469 3.63098 3.64611 3.65999 3.67256 3.68377 3.69356 3.70189 3.70873 3.71405 3.71782 3.72004 3.7207 3.71978 3.7173 3.71325 3.70766 3.70054 3.69192 3.68183 3.67032 3.65744 3.64326 3.62784 3.61127 3.59363 3.57504 3.55559 3.53542 3.51465 3.49341 3.47184 3.45008 3.42827 3.40655 3.38505 3.36391 3.34325 3.32317 3.3038 3.2852 3.26747 3.25067 3.23484 3.22003 3.20625 3.19352 3.18183 3.17117 3.16152 3.15284 3.1451 3.13825 3.13225 3.12706 3.12262 3.1189 3.11584 3.11342 3.1116 3.11036 3.10967 
3.10341 3.10384 3.10484 3.10645 3.10867 3.11155 3.11511 3.1194 3.12446 3.13035 3.13711 3.14479 3.15344 3.1631 3.17381 3.1856 3.19848 3.21247 3.22755 3.24371 3.26091 3.27911 3.29824 3.31822 3.33896 3.36036 3.3823 3.40466 3.42729 3.45007 3.47284 3.49547 3.51781 3.53972 3.56107 3.58172 3.60156 3.62046 3.63833 3.65508 3.6706 3.68485 3.69773 3.70921 3.71923 3.72776 3.73475 3.74019 3.74406 3.74633 3.74701 3.74609 3.74356 3.73943 3.73373 3.72645 3.71764 3.70732 3.69553 3.68233 3.66777 3.65193 3.63488 3.61672 3.59755 3.57749 3.55664 3.53515 3.51314 3.49077 3.46817 3.44549 3.42287 3.40047 3.37841 3.35682 3.33582 3.31554 3.29605 3.27744 3.25979 3.24315 3.22756 3.21305 3.19962 3.18728 3.17601 3.1658 3.15661 3.14841 3.14115 3.13478 3.12926 3.12454 3.12057 3.11732 3.11473 3.11279 3.11145 3.11071 
3.10443 3.10487 3.10593 3.10763 3.10998 3.11302 3.11679 3.12132 3.12668 3.1329 3.14004 3.14815 3.15727 3.16746 3.17874 3.19114 3.20468 3.21937 3.2352 3.25214 3.27015 3.28919 3.30917 3.33003 3.35166 3.37394 3.39676 3.41999 3.44348 3.46708 3.49066 3.51406 3.53713 3.55973 3.58172 3.60297 3.62336 3.64277 3.6611 3.67826 3.69415 3.70871 3.72188 3.73361 3.74383 3.75253 3.75967 3.76521 3.76916 3.77149 3.77219 3.77125 3.76869 3.7645 3.7587 3.75129 3.74231 3.73179 3.71975 3.70626 3.69137 3.67514 3.65766 3.63902 3.61932 3.59867 3.57719 3.55502 3.5323 3.50916 3.48577 3.46226 3.4388 3.41552 3.39258 3.3701 3.34822 3.32705 3.30669 3.28724 3.26877 3.25133 3.23498 3.21975 3.20564 3.19266 3.18081 3.17005 3.16036 3.1517 3.14403 3.13729 3.13145 3.12645 3.12225 3.11879 3.11604 3.11397 3.11255 3.11176 
3.10545 3.10591 3.10702 3.1088 3.11128 3.11448 3.11845 3.12323 3.12887 3.13542 3.14293 3.15145 3.16104 3.17174 3.18357 3.19658 3.21076 3.22613 3.24268 3.26037 3.27917 3.29901 3.31983 3.34152 3.364 3.38713 3.41079 3.43484 3.45913 3.48352 3.50785 3.53197 3.55572 3.57897 3.60156 3.62336 3.64426 3.66413 3.68287 3.7004 3.71662 3.73148 3.7449 3.75683 3.76724 3.77609 3.78335 3.78899 3.79301 3.79538 3.7961 3.79517 3.79258 3.78833 3.78245 3.77493 3.76581 3.7551 3.74285 3.7291 3.71391 3.69734 3.67947 3.66039 3.6402 3.61901 3.59695 3.57416 3.55076 3.52691 3.50277 3.47848 3.45421 3.43011 3.40632 3.383 3.36027 3.33825 3.31707 3.2968 3.27753 3.25933 3.24225 3.22631 3.21154 3.19794 3.18551 3.17422 3.16404 3.15493 3.14686 3.13977 3.13361 3.12834 3.1239 3.12025 3.11734 3.11515 3.11364 3.11279 
3.10645 3.10692 3.10809 3.10995 3.11255 3.11592 3.12008 3.1251 3.13101 3.13788 3.14576 3.15469 3.16473 3.17591 3.18829 3.20187 3.21667 3.2327 3.24994 3.26836 3.28791 3.30852 3.33012 3.35262 3.37589 3.39982 3.42427 3.4491 3.47416 3.49928 3.52432 3.5491 3.57349 3.59732 3.62046 3.64277 3.66413 3.68442 3.70354 3.72139 3.73791 3.75302 3.76666 3.77878 3.78935 3.79833 3.80569 3.81142 3.8155 3.81791 3.81866 3.81772 3.81511 3.81082 3.80487 3.79726 3.78801 3.77716 3.76472 3.75075 3.73529 3.71841 3.70019 3.68072 3.66008 3.63841 3.61582 3.59244 3.56842 3.54391 3.51906 3.49405 3.46902 3.44414 3.41956 3.39543 3.37189 3.34907 3.32709 3.30604 3.28601 3.26708 3.24929 3.23268 3.21728 3.20308 3.19009 3.17828 3.16763 3.15809 3.14963 3.14219 3.13573 3.13019 3.12552 3.12168 3.11862 3.1163 3.11471 3.11381 
3.10742 3.10791 3.10913 3.11108 3.1138 3.11731 3.12167 3.12692 3.1331 3.14027 3.1485 3.15782 3.16829 3.17995 3.19284 3.20697 3.22237 3.23903 3.25693 3.27603 3.29629 3.31763 3.33998 3.36323 3.38726 3.41194 3.43714 3.46269 3.48846 3.51426 3.53995 3.56535 3.59032 3.61469 3.63833 3.6611 3.68287 3.70354 3.72299 3.74114 3.75791 3.77325 3.78708 3.79936 3.81007 3.81916 3.82661 3.83241 3.83654 3.83899 3.83976 3.83882 3.8362 3.83188 3.82587 3.81819 3.80884 3.79785 3.78526 3.77109 3.7554 3.73826 3.71973 3.6999 3.67887 3.65675 3.63367 3.60976 3.58516 3.56004 3.53455 3.50886 3.48312 3.45751 3.43219 3.40731 3.38301 3.35943 3.33669 3.31491 3.29416 3.27452 3.25606 3.23881 3.2228 3.20803 3.19451 3.1822 3.1711 3.16115 3.15231 3.14454 3.13778 3.13198 3.1271 3.12307 3.11986 3.11743 3.11575 3.11481 
3.10837 3.10887 3.11013 3.11217 3.115 3.11866 3.1232 3.12866 3.1351 3.14257 3.15113 3.16082 3.1717 3.18381 3.19719 3.21185 3.22781 3.24506 3.26358 3.28333 3.30426 3.32629 3.34933 3.37328 3.39802 3.4234 3.44929 3.47552 3.50193 3.52837 3.55465 3.58062 3.60612 3.63098 3.65508 3.67826 3.7004 3.72139 3.74114 3.75955 3.77655 3.79207 3.80607 3.81849 3.82931 3.8385 3.84603 3.85189 3.85607 3.85855 3.85933 3.8584 3.85577 3.85143 3.84538 3.83763 3.8282 3.81711 3.80438 3.79005 3.77416 3.75678 3.73798 3.71783 3.69645 3.67393 3.65041 3.62602 3.6009 3.57522 3.54914 3.52282 3.49643 3.47015 3.44413 3.41854 3.39354 3.36925 3.34581 3.32332 3.3019 3.2816 3.26251 3.24465 3.22806 3.21276 3.19873 3.18595 3.17442 3.16407 3.15488 3.14679 3.13975 3.13371 3.12861 3.12441 3.12105 3.11852 3.11676 3.11577 
3.10927 3.10979 3.1111 3.11321 3.11614 3.11995 3.12466 3.13033 3.13701 3.14475 3.15362 3.16366 3.17493 3.18747 3.2013 3.21645 3.23293 3.25074 3.26984 3.29019 3.31175 3.33441 3.35811 3.38271 3.4081 3.43413 3.46065 3.4875 3.51451 3.54152 3.56834 3.59483 3.6208 3.64611 3.6706 3.69415 3.71662 3.73791 3.75791 3.77655 3.79374 3.80943 3.82356 3.83611 3.84702 3.85629 3.86388 3.8698 3.87401 3.87652 3.87732 3.8764 3.87376 3.8694 3.86332 3.85553 3.84604 3.83485 3.82201 3.80754 3.79149 3.7739 3.75486 3.73444 3.71274 3.68987 3.66596 3.64114 3.61555 3.58936 3.56274 3.53584 3.50886 3.48195 3.4553 3.42907 3.4034 3.37846 3.35436 3.33123 3.30918 3.28827 3.26858 3.25016 3.23303 3.21722 3.20271 3.1895 3.17756 3.16684 3.15732 3.14893 3.14162 3.13535 3.13005 3.12568 3.12219 3.11955 3.11772 3.11669 
3.11012 3.11065 3.112 3.11418 3.11722 3.12116 3.12603 3.13189 3.1388 3.1468 3.15596 3.16633 3.17795 3.19088 3.20514 3.22075 3.23771 3.25603 3.27566 3.29658 3.3187 3.34196 3.36624 3.39144 3.41742 3.44404 3.47114 3.49855 3.5261 3.55363 3.58095 3.60789 3.63429 3.65999 3.68485 3.70871 3.73148 3.75302 3.77325 3.79207 3.80943 3.82526 3.83951 3.85215 3.86315 3.87248 3.88013 3.88608 3.89033 3.89286 3.89367 3.89276 3.89013 3.88576 3.87966 3.87183 3.86228 3.85103 3.8381 3.82351 3.80731 3.78956 3.77031 3.74965 3.72768 3.7045 3.68023 3.65502 3.62902 3.60237 3.57526 3.54785 3.52033 3.49286 3.46563 3.4388 3.41254 3.38699 3.36229 3.33857 3.31593 3.29446 3.27423 3.25528 3.23766 3.22138 3.20643 3.19281 3.18049 3.16943 3.1596 3.15093 3.14338 3.13689 3.1314 3.12688 3.12327 3.12053 3.11863 3.11756 
3.11091 3.11146 3.11285 3.11509 3.11822 3.12228 3.1273 3.13334 3.14045 3.14869 3.15812 3.16878 3.18074 3.19402 3.20867 3.22469 3.2421 3.26088 3.28101 3.30242 3.32507 3.34885 3.37368 3.39941 3.42593 3.45308 3.4807 3.50861 3.53665 3.56463 3.59239 3.61974 3.64652 3.67256 3.69773 3.72188 3.7449 3.76666 3.78708 3.80607 3.82356 3.83951 3.85386 3.86658 3.87764 3.88703 3.89472 3.9007 3.90498 3.90753 3.90836 3.90746 3.90483 3.90045 3.89434 3.88648 3.8769 3.86559 3.85258 3.8379 3.82159 3.80368 3.78426 3.7634 3.74119 3.71774 3.69317 3.66762 3.64124 3.61419 3.58664 3.55877 3.53076 3.50279 3.47504 3.44768 3.42087 3.39478 3.36955 3.34529 3.32212 3.30014 3.27941 3.25999 3.24191 3.2252 3.20985 3.19586 3.18319 3.17182 3.1617 3.15277 3.145 3.13831 3.13265 3.12799 3.12426 3.12143 3.11947 3.11836 
3.11163 3.11219 3.11362 3.11592 3.11914 3.1233 3.12846 3.13465 3.14195 3.15041 3.16007 3.17101 3.18326 3.19687 3.21186 3.22826 3.24606 3.26526 3.28582 3.30769 3.3308 3.35505 3.38035 3.40657 3.43357 3.46118 3.48926 3.51762 3.54608 3.57447 3.60261 3.63031 3.65742 3.68377 3.70921 3.73361 3.75683 3.77878 3.79936 3.81849 3.83611 3.85215 3.86658 3.87936 3.89048 3.89991 3.90763 3.91365 3.91795 3.92052 3.92136 3.92047 3.91784 3.91346 3.90734 3.89947 3.88985 3.8785 3.86544 3.85068 3.83426 3.81624 3.79667 3.77563 3.75321 3.72953 3.70469 3.67885 3.65215 3.62474 3.59682 3.56854 3.54011 3.51169 3.48347 3.45564 3.42836 3.40178 3.37606 3.35133 3.32769 3.30525 3.28407 3.26423 3.24574 3.22865 3.21294 3.19861 3.18564 3.17398 3.1636 3.15445 3.14647 3.1396 3.13379 3.129 3.12517 3.12226 3.12024 3.1191 
3.11228 3.11285 3.11431 3.11667 3.11996 3.12421 3.12949 3.13583 3.14329 3.15193 3.16181 3.17298 3.18549 3.19939 3.21469 3.23141 3.24957 3.26913 3.29007 3.31233 3.33584 3.36051 3.38623 3.41286 3.44027 3.4683 3.49677 3.52551 3.55435 3.58309 3.61155 3.63956 3.66695 3.69356 3.71923 3.74383 3.76724 3.78935 3.81007 3.82931 3.84702 3.86315 3.87764 3.89048 3.90164 3.9111 3.91885 3.92489 3.92921 3.93179 3.93265 3.93177 3.92914 3.92476 3.91864 3.91075 3.90112 3.88973 3.87662 3.8618 3.8453 3.82718 3.80749 3.7863 3.76371 3.73983 3.71477 3.68867 3.66169 3.63398 3.60573 3.5771 3.5483 3.51949 3.49088 3.46264 3.43494 3.40794 3.3818 3.35665 3.3326 3.30975 3.28819 3.26797 3.24913 3.2317 3.21567 3.20105 3.1878 3.1759 3.16529 3.15594 3.14777 3.14075 3.13481 3.1299 3.12598 3.123 3.12093 3.11975 
3.11284 3.11342 3.11491 3.11731 3.12067 3.12501 3.13038 3.13685 3.14445 3.15325 3.16332 3.17469 3.18742 3.20156 3.21712 3.23413 3.25258 3.27245 3.29372 3.31631 3.34017 3.36519 3.39126 3.41825 3.44601 3.47438 3.50318 3.53225 3.5614 3.59043 3.61917 3.64744 3.67507 3.70189 3.72776 3.75253 3.77609 3.79833 3.81916 3.8385 3.85629 3.87248 3.88703 3.89991 3.9111 3.92059 3.92836 3.93442 3.93875 3.94135 3.94222 3.94134 3.93872 3.93435 3.92822 3.92032 3.91067 3.89926 3.88611 3.87124 3.85468 3.83647 3.81668 3.79537 3.77264 3.74859 3.72334 3.69703 3.66982 3.64186 3.61333 3.58441 3.55529 3.52616 3.49721 3.46862 3.44056 3.41321 3.38671 3.3612 3.33681 3.31362 3.29173 3.27119 3.25205 3.23432 3.21803 3.20315 3.18967 3.17756 3.16676 3.15722 3.14891 3.14175 3.13569 3.13068 3.12668 3.12364 3.12153 3.12033 
3.11331 3.11391 3.11541 3.11786 3.12126 3.12567 3.13113 3.1377 3.14542 3.15436 3.16457 3.17611 3.18903 3.20336 3.21914 3.23638 3.25507 3.2752 3.29673 3.31961 3.34375 3.36905 3.39541 3.42269 3.45073 3.47938 3.50846 3.5378 3.56719 3.59647 3.62544 3.65391 3.68173 3.70873 3.73475 3.75967 3.78335 3.80569 3.82661 3.84603 3.86388 3.88013 3.89472 3.90763 3.91885 3.92836 3.93616 3.94223 3.94657 3.94918 3.95006 3.94919 3.94657 3.9422 3.93607 3.92817 3.9185 3.90708 3.8939 3.87898 3.86237 3.8441 3.82422 3.80281 3.77997 3.75578 3.73038 3.7039 3.6765 3.64833 3.61957 3.59041 3.56104 3.53165 3.50242 3.47354 3.4452 3.41755 3.39076 3.36497 3.34028 3.31682 3.29465 3.27385 3.25446 3.2365 3.21998 3.2049 3.19123 3.17893 3.16797 3.1583 3.14985 3.14258 3.13643 3.13134 3.12727 3.12418 3.12203 3.12081 
3.1137 3.1143 3.11582 3.11829 3.12174 3.12621 3.13173 3.13837 3.14619 3.15523 3.16556 3.17723 3.19029 3.20478 3.22073 3.23814 3.25703 3.27736 3.29909 3.32218 3.34654 3.37207 3.39865 3.42615 3.45441 3.48328 3.51258 3.54211 3.57171 3.60117 3.63031 3.65895 3.68692 3.71405 3.74019 3.76521 3.78899 3.81142 3.83241 3.85189 3.8698 3.88608 3.9007 3.91365 3.92489 3.93442 3.94223 3.94831 3.95267 3.95529 3.95617 3.95531 3.95269 3.94832 3.94219 3.93428 3.92461 3.91316 3.89996 3.88501 3.86836 3.85003 3.83009 3.80861 3.78567 3.76138 3.73586 3.70924 3.68169 3.65336 3.62443 3.59509 3.56552 3.53592 3.50647 3.47738 3.44881 3.42094 3.39392 3.3679 3.343 3.31931 3.29694 3.27594 3.25635 3.23821 3.22152 3.20627 3.19245 3.18002 3.16893 3.15915 3.1506 3.14324 3.13701 3.13186 3.12774 3.12461 3.12244 3.1212 
3.11398 3.11458 3.11612 3.11862 3.12209 3.1266 3.13217 3.13887 3.14675 3.15587 3.16628 3.17804 3.19121 3.20581 3.22187 3.23941 3.25843 3.2789 3.30078 3.32402 3.34853 3.37421 3.40095 3.42861 3.45703 3.48605 3.51549 3.54518 3.57491 3.6045 3.63376 3.66252 3.69059 3.71782 3.74406 3.76916 3.79301 3.8155 3.83654 3.85607 3.87401 3.89033 3.90498 3.91795 3.92921 3.93875 3.94657 3.95267 3.95703 3.95966 3.96054 3.95968 3.95707 3.9527 3.94656 3.93865 3.92897 3.91751 3.90428 3.88931 3.87262 3.85426 3.83427 3.81273 3.78972 3.76535 3.73975 3.71304 3.68538 3.65693 3.62788 3.5984 3.56869 3.53895 3.50935 3.4801 3.45138 3.42335 3.39617 3.36999 3.34493 3.3211 3.29857 3.27743 3.2577 3.23943 3.22262 3.20726 3.19333 3.18081 3.16963 3.15976 3.15115 3.14373 3.13744 3.13225 3.12809 3.12493 3.12274 3.12149 
3.11416 3.11477 3.11632 3.11882 3.12232 3.12685 3.13245 3.13918 3.1471 3.15626 3.16672 3.17854 3.19176 3.20642 3.22256 3.24017 3.25926 3.27981 3.30178 3.3251 3.3497 3.37548 3.40231 3.43005 3.45856 3.48767 3.5172 3.54697 3.57678 3.60645 3.63579 3.66462 3.69275 3.72004 3.74633 3.77149 3.79538 3.81791 3.83899 3.85855 3.87652 3.89286 3.90753 3.92052 3.93179 3.94135 3.94918 3.95529 3.95966 3.96229 3.96318 3.96232 3.95971 3.95533 3.94919 3.94127 3.93158 3.92011 3.90687 3.89187 3.87516 3.85677 3.83674 3.81516 3.79211 3.7677 3.74203 3.71527 3.68754 3.65902 3.6299 3.60034 3.57055 3.54072 3.51104 3.4817 3.45288 3.42476 3.39749 3.37122 3.34607 3.32215 3.29954 3.27831 3.25851 3.24017 3.22328 3.20786 3.19387 3.18128 3.17006 3.16014 3.15148 3.14403 3.13771 3.13249 3.12831 3.12514 3.12293 3.12167 
