2.15545 2.15572 2.15599 2.15625 2.15651 2.15675 2.15699 2.15721 2.15742 2.15762 2.15781 2.15798 2.15814 2.15829 2.15844 2.15858 2.15871 2.15885 2.15899 2.15913 2.15928 2.15944 2.15961 2.1598 2.16 2.16022 2.16047 2.16073 2.16102 2.16133 2.16166 2.16201 2.16238 2.16277 2.16318 2.16359 2.16401 2.16444 2.16486 2.16528 2.16568 2.16607 2.16644 2.16678 2.16709 2.16736 2.1676 2.16779 2.16793 2.16803 2.16807 2.16807 2.16802 2.16791 2.16776 2.16757 2.16733 2.16706 2.16675 2.16641 2.16605 2.16566 2.16526 2.16485 2.16444 2.16403 2.16361 2.16321 2.16282 2.16245 2.16209 2.16175 2.16144 2.16115 2.16088 2.16064 2.16043 2.16024 2.16008 2.15995 2.15984 2.15976 2.1597 2.15968 2.15967 2.15969 2.15974 2.15981 2.15991 2.16003 2.16017 2.16033 2.16052 2.16072 2.16094 2.16117 2.16142 2.16168 2.16195 2.16222 
2.15572 2.15599 2.15626 2.15652 2.15678 2.15703 2.15726 2.15748 2.15769 2.15789 2.15808 2.15825 2.15841 2.15856 2.15871 2.15885 2.15898 2.15912 2.15925 2.1594 2.15954 2.1597 2.15988 2.16006 2.16027 2.16049 2.16074 2.16101 2.1613 2.16162 2.16195 2.16231 2.16269 2.16309 2.1635 2.16392 2.16435 2.16479 2.16522 2.16565 2.16606 2.16646 2.16684 2.16719 2.1675 2.16778 2.16802 2.16822 2.16836 2.16846 2.16851 2.16851 2.16845 2.16835 2.16819 2.16799 2.16775 2.16747 2.16715 2.1668 2.16643 2.16604 2.16563 2.16521 2.16479 2.16436 2.16394 2.16353 2.16313 2.16275 2.16239 2.16205 2.16173 2.16143 2.16116 2.16092 2.1607 2.16051 2.16035 2.16022 2.16011 2.16003 2.15997 2.15994 2.15994 2.15996 2.16001 2.16008 2.16018 2.1603 2.16044 2.1606 2.16079 2.16099 2.16121 2.16145 2.16169 2.16195 2.16222 2.16249 
2.15599 2.15626 2.15653 2.15679 2.15705 2.1573 2.15753 2.15775 2.15796 2.15816 2.15835 2.15852 2.15869 2.15884 2.15899 2.15913 2.15927 2.15941 2.15955 2.1597 2.15986 2.16003 2.16021 2.16042 2.16064 2.16088 2.16115 2.16144 2.16176 2.1621 2.16247 2.16286 2.16327 2.1637 2.16415 2.16461 2.16508 2.16556 2.16603 2.16649 2.16694 2.16738 2.16779 2.16816 2.16851 2.16881 2.16907 2.16928 2.16944 2.16955 2.1696 2.16959 2.16953 2.16942 2.16925 2.16903 2.16876 2.16846 2.16811 2.16773 2.16732 2.1669 2.16645 2.16599 2.16553 2.16507 2.16462 2.16417 2.16373 2.16332 2.16292 2.16255 2.1622 2.16188 2.16159 2.16132 2.16109 2.16088 2.1607 2.16055 2.16043 2.16034 2.16028 2.16024 2.16023 2.16025 2.16029 2.16036 2.16046 2.16057 2.16071 2.16088 2.16106 2.16126 2.16148 2.16172 2.16196 2.16222 2.16249 2.16276 
2.15625 2.15652 2.15679 2.15706 2.15731 2.15756 2.1578 2.15802 2.15823 2.15843 2.15862 2.1588 2.15896 2.15912 2.15928 2.15943 2.15958 2.15973 2.15988 2.16005 2.16023 2.16042 2.16063 2.16086 2.16111 2.16139 2.1617 2.16203 2.1624 2.16279 2.16322 2.16367 2.16414 2.16464 2.16515 2.16568 2.16622 2.16677 2.16731 2.16784 2.16835 2.16885 2.16932 2.16975 2.17014 2.17048 2.17078 2.17102 2.1712 2.17132 2.17137 2.17136 2.17129 2.17116 2.17096 2.17071 2.17041 2.17005 2.16966 2.16922 2.16875 2.16826 2.16775 2.16723 2.1667 2.16617 2.16565 2.16513 2.16464 2.16416 2.1637 2.16327 2.16287 2.1625 2.16217 2.16186 2.16159 2.16135 2.16114 2.16096 2.16082 2.16071 2.16063 2.16058 2.16055 2.16056 2.16059 2.16066 2.16074 2.16086 2.16099 2.16115 2.16133 2.16153 2.16175 2.16198 2.16223 2.16249 2.16275 2.16302 
2.15651 2.15678 2.15705 2.15731 2.15757 2.15782 2.15806 2.15828 2.1585 2.1587 2.15889 2.15907 2.15925 2.15941 2.15958 2.15974 2.1599 2.16007 2.16025 2.16044 2.16065 2.16087 2.16112 2.16139 2.1617 2.16203 2.1624 2.1628 2.16324 2.16372 2.16422 2.16476 2.16533 2.16592 2.16654 2.16717 2.16781 2.16846 2.1691 2.16973 2.17034 2.17093 2.17148 2.17199 2.17245 2.17285 2.1732 2.17348 2.17369 2.17383 2.17389 2.17388 2.17379 2.17363 2.17339 2.17309 2.17273 2.17231 2.17184 2.17132 2.17077 2.17018 2.16958 2.16895 2.16832 2.1677 2.16707 2.16646 2.16587 2.1653 2.16475 2.16424 2.16376 2.16332 2.16291 2.16254 2.16221 2.16192 2.16167 2.16145 2.16127 2.16113 2.16102 2.16094 2.1609 2.16089 2.16091 2.16096 2.16104 2.16114 2.16127 2.16142 2.1616 2.1618 2.16201 2.16224 2.16249 2.16274 2.16301 2.16328 
2.15675 2.15703 2.1573 2.15756 2.15782 2.15807 2.15831 2.15854 2.15875 2.15896 2.15916 2.15935 2.15953 2.15971 2.15989 2.16007 2.16025 2.16045 2.16066 2.16088 2.16113 2.1614 2.16171 2.16204 2.16241 2.16283 2.16328 2.16378 2.16431 2.1649 2.16552 2.16618 2.16687 2.1676 2.16835 2.16912 2.1699 2.17069 2.17146 2.17223 2.17297 2.17368 2.17434 2.17495 2.17551 2.176 2.17641 2.17674 2.17699 2.17715 2.17723 2.17721 2.1771 2.1769 2.17661 2.17625 2.17581 2.1753 2.17472 2.1741 2.17342 2.17271 2.17198 2.17122 2.17046 2.16969 2.16893 2.16819 2.16746 2.16677 2.1661 2.16548 2.16489 2.16435 2.16384 2.16339 2.16298 2.16262 2.1623 2.16203 2.1618 2.16161 2.16146 2.16135 2.16128 2.16125 2.16124 2.16128 2.16134 2.16143 2.16155 2.1617 2.16187 2.16206 2.16227 2.1625 2.16274 2.16299 2.16326 2.16352 
2.15699 2.15726 2.15753 2.1578 2.15806 2.15831 2.15855 2.15878 2.159 2.15922 2.15942 2.15962 2.15982 2.16002 2.16021 2.16042 2.16063 2.16086 2.16111 2.16138 2.16169 2.16202 2.1624 2.16282 2.16328 2.1638 2.16436 2.16498 2.16565 2.16637 2.16715 2.16797 2.16883 2.16973 2.17065 2.1716 2.17256 2.17352 2.17448 2.17541 2.17632 2.17718 2.17799 2.17874 2.17941 2.18 2.1805 2.1809 2.1812 2.1814 2.18148 2.18145 2.18131 2.18107 2.18072 2.18027 2.17972 2.1791 2.17839 2.17763 2.1768 2.17593 2.17503 2.1741 2.17316 2.17222 2.17129 2.17037 2.16948 2.16862 2.1678 2.16702 2.16629 2.16561 2.16499 2.16442 2.16391 2.16345 2.16305 2.1627 2.16241 2.16216 2.16196 2.16181 2.1617 2.16163 2.1616 2.16161 2.16165 2.16173 2.16183 2.16197 2.16213 2.16231 2.16252 2.16274 2.16298 2.16323 2.16349 2.16376 
2.15721 2.15748 2.15775 2.15802 2.15828 2.15854 2.15878 2.15902 2.15925 2.15947 2.15969 2.1599 2.16012 2.16033 2.16056 2.16079 2.16104 2.16132 2.16162 2.16196 2.16233 2.16275 2.16322 2.16374 2.16433 2.16497 2.16568 2.16645 2.16729 2.1682 2.16916 2.17018 2.17125 2.17236 2.17351 2.17468 2.17587 2.17705 2.17823 2.17938 2.18049 2.18154 2.18253 2.18344 2.18426 2.18498 2.18559 2.18607 2.18644 2.18667 2.18676 2.18672 2.18655 2.18624 2.18581 2.18526 2.18459 2.18382 2.18296 2.18201 2.181 2.17993 2.17881 2.17767 2.17651 2.17535 2.1742 2.17307 2.17196 2.1709 2.16988 2.16891 2.16801 2.16716 2.16639 2.16567 2.16503 2.16445 2.16394 2.1635 2.16311 2.16279 2.16252 2.16231 2.16215 2.16204 2.16198 2.16195 2.16197 2.16203 2.16212 2.16224 2.16239 2.16256 2.16276 2.16298 2.16321 2.16346 2.16372 2.16398 
2.15742 2.15769 2.15796 2.15823 2.1585 2.15875 2.159 2.15925 2.15949 2.15972 2.15995 2.16019 2.16042 2.16067 2.16092 2.1612 2.1615 2.16183 2.1622 2.16262 2.16308 2.16361 2.1642 2.16485 2.16558 2.16639 2.16728 2.16825 2.1693 2.17042 2.17162 2.17289 2.17422 2.1756 2.17701 2.17846 2.17992 2.18138 2.18282 2.18422 2.18558 2.18687 2.18808 2.18919 2.19019 2.19106 2.19179 2.19238 2.19282 2.19309 2.1932 2.19315 2.19293 2.19255 2.19202 2.19134 2.19052 2.18958 2.18852 2.18736 2.18612 2.1848 2.18344 2.18203 2.18061 2.17918 2.17776 2.17636 2.17499 2.17368 2.17241 2.17122 2.17009 2.16904 2.16807 2.16718 2.16637 2.16564 2.16499 2.16443 2.16394 2.16352 2.16317 2.16288 2.16266 2.1625 2.16239 2.16233 2.16231 2.16234 2.16241 2.16251 2.16264 2.16281 2.163 2.16321 2.16343 2.16368 2.16393 2.1642 
2.15762 2.15789 2.15816 2.15843 2.1587 2.15896 2.15922 2.15947 2.15972 2.15997 2.16022 2.16048 2.16074 2.16102 2.16132 2.16165 2.16201 2.16242 2.16287 2.16339 2.16397 2.16462 2.16535 2.16617 2.16709 2.1681 2.1692 2.17041 2.17171 2.17311 2.1746 2.17617 2.17781 2.17951 2.18125 2.18303 2.18482 2.1866 2.18836 2.19007 2.19173 2.1933 2.19476 2.19611 2.19731 2.19837 2.19926 2.19996 2.20048 2.20081 2.20094 2.20087 2.2006 2.20013 2.19948 2.19865 2.19765 2.1965 2.19521 2.19379 2.19227 2.19067 2.189 2.18728 2.18554 2.18379 2.18204 2.18032 2.17864 2.17702 2.17547 2.17399 2.17259 2.17129 2.17008 2.16897 2.16796 2.16705 2.16624 2.16552 2.1649 2.16436 2.16391 2.16353 2.16323 2.163 2.16283 2.16272 2.16267 2.16266 2.1627 2.16278 2.1629 2.16305 2.16322 2.16342 2.16365 2.16388 2.16414 2.1644 
2.15781 2.15808 2.15835 2.15862 2.15889 2.15916 2.15942 2.15969 2.15995 2.16022 2.16049 2.16078 2.16108 2.1614 2.16176 2.16215 2.16259 2.16308 2.16365 2.16428 2.165 2.16581 2.16673 2.16775 2.16889 2.17014 2.17151 2.17301 2.17462 2.17634 2.17817 2.1801 2.18211 2.18419 2.18632 2.18849 2.19067 2.19284 2.19497 2.19705 2.19905 2.20095 2.20271 2.20433 2.20579 2.20705 2.20812 2.20896 2.20958 2.20997 2.21012 2.21002 2.20969 2.20913 2.20833 2.20732 2.20611 2.20472 2.20315 2.20144 2.1996 2.19765 2.19562 2.19354 2.19141 2.18928 2.18715 2.18505 2.183 2.18102 2.17911 2.17729 2.17557 2.17397 2.17248 2.1711 2.16985 2.16872 2.16771 2.16681 2.16602 2.16534 2.16476 2.16428 2.16388 2.16357 2.16333 2.16316 2.16305 2.16301 2.16301 2.16306 2.16316 2.16329 2.16345 2.16364 2.16385 2.16408 2.16433 2.16458 
2.15798 2.15825 2.15852 2.1588 2.15907 2.15935 2.15962 2.1599 2.16019 2.16048 2.16078 2.1611 2.16145 2.16182 2.16224 2.16272 2.16325 2.16386 2.16455 2.16533 2.16622 2.16723 2.16836 2.16962 2.17102 2.17257 2.17426 2.1761 2.17808 2.18019 2.18243 2.18478 2.18723 2.18975 2.19234 2.19496 2.1976 2.20021 2.20278 2.20528 2.20769 2.20996 2.21207 2.21401 2.21575 2.21725 2.21852 2.21953 2.22026 2.22071 2.22088 2.22076 2.22036 2.21968 2.21872 2.21751 2.21605 2.21437 2.21249 2.21043 2.20821 2.20587 2.20343 2.20091 2.19835 2.19576 2.19319 2.19065 2.18816 2.18574 2.18342 2.1812 2.17911 2.17714 2.17531 2.17363 2.17209 2.17069 2.16943 2.16832 2.16734 2.16648 2.16575 2.16513 2.16462 2.1642 2.16388 2.16364 2.16347 2.16337 2.16334 2.16335 2.16342 2.16352 2.16367 2.16384 2.16404 2.16427 2.16451 2.16476 
2.15814 2.15841 2.15869 2.15896 2.15925 2.15953 2.15982 2.16012 2.16042 2.16074 2.16108 2.16145 2.16185 2.16229 2.16279 2.16336 2.16401 2.16475 2.1656 2.16656 2.16766 2.16889 2.17028 2.17184 2.17356 2.17545 2.17752 2.17976 2.18217 2.18473 2.18745 2.19029 2.19325 2.1963 2.19941 2.20256 2.20572 2.20885 2.21192 2.2149 2.21776 2.22047 2.22298 2.22528 2.22733 2.22912 2.23061 2.23179 2.23266 2.23319 2.23338 2.23323 2.23274 2.23192 2.23078 2.22934 2.2276 2.2256 2.22335 2.2209 2.21825 2.21545 2.21253 2.20952 2.20645 2.20335 2.20026 2.1972 2.1942 2.19129 2.18848 2.1858 2.18326 2.18088 2.17865 2.1766 2.17471 2.173 2.17146 2.17009 2.16887 2.16781 2.1669 2.16612 2.16546 2.16493 2.1645 2.16417 2.16393 2.16377 2.16368 2.16366 2.16369 2.16377 2.16389 2.16404 2.16423 2.16444 2.16468 2.16492 
2.15829 2.15856 2.15884 2.15912 2.15941 2.15971 2.16002 2.16033 2.16067 2.16102 2.1614 2.16182 2.16229 2.16282 2.16342 2.16411 2.16489 2.16579 2.16682 2.168 2.16934 2.17085 2.17255 2.17444 2.17654 2.17884 2.18135 2.18406 2.18697 2.19006 2.19332 2.19674 2.20028 2.20393 2.20764 2.21139 2.21515 2.21886 2.2225 2.22603 2.22941 2.2326 2.23556 2.23826 2.24067 2.24277 2.24452 2.2459 2.24691 2.24752 2.24774 2.24755 2.24697 2.246 2.24465 2.24294 2.24089 2.23852 2.23587 2.23296 2.22983 2.22652 2.22305 2.21948 2.21583 2.21215 2.20846 2.20481 2.20123 2.19775 2.19438 2.19117 2.18811 2.18524 2.18255 2.18007 2.17778 2.1757 2.17383 2.17215 2.17066 2.16936 2.16822 2.16725 2.16644 2.16576 2.16521 2.16477 2.16445 2.16421 2.16406 2.16398 2.16397 2.16402 2.16411 2.16425 2.16442 2.16462 2.16484 2.16508 
2.15844 2.15871 2.15899 2.15928 2.15958 2.15989 2.16021 2.16056 2.16092 2.16132 2.16176 2.16224 2.16279 2.16342 2.16414 2.16496 2.16591 2.167 2.16826 2.16969 2.17131 2.17315 2.1752 2.17749 2.18002 2.1828 2.18581 2.18907 2.19255 2.19625 2.20015 2.20421 2.20842 2.21275 2.21714 2.22157 2.226 2.23037 2.23465 2.23879 2.24274 2.24647 2.24993 2.25308 2.25589 2.25832 2.26035 2.26196 2.26312 2.26383 2.26407 2.26385 2.26316 2.26202 2.26044 2.25843 2.25603 2.25326 2.25015 2.24674 2.24307 2.23918 2.23511 2.2309 2.2266 2.22225 2.2179 2.21358 2.20934 2.2052 2.2012 2.19737 2.19373 2.19029 2.18708 2.1841 2.18135 2.17885 2.17658 2.17454 2.17274 2.17115 2.16976 2.16857 2.16756 2.16671 2.16601 2.16545 2.16502 2.1647 2.16447 2.16433 2.16427 2.16428 2.16434 2.16445 2.1646 2.16478 2.165 2.16523 
2.15858 2.15885 2.15913 2.15943 2.15974 2.16007 2.16042 2.16079 2.1612 2.16165 2.16215 2.16272 2.16336 2.16411 2.16496 2.16595 2.1671 2.16841 2.16993 2.17165 2.17361 2.17582 2.1783 2.18104 2.18408 2.18739 2.19099 2.19487 2.19901 2.2034 2.208 2.2128 2.21777 2.22285 2.228 2.23319 2.23837 2.24347 2.24845 2.25327 2.25786 2.26218 2.26619 2.26983 2.27308 2.27588 2.27822 2.28007 2.2814 2.28221 2.28248 2.28221 2.2814 2.28008 2.27824 2.27591 2.27313 2.26991 2.2663 2.26234 2.25807 2.25353 2.24879 2.24388 2.23885 2.23377 2.22867 2.2236 2.21861 2.21374 2.20902 2.2045 2.20018 2.19611 2.19229 2.18874 2.18547 2.18247 2.17976 2.17732 2.17514 2.17322 2.17154 2.17008 2.16884 2.1678 2.16693 2.16623 2.16567 2.16524 2.16493 2.16472 2.1646 2.16456 2.16458 2.16466 2.16478 2.16495 2.16515 2.16538 
2.15871 2.15898 2.15927 2.15958 2.1599 2.16025 2.16063 2.16104 2.1615 2.16201 2.16259 2.16325 2.16401 2.16489 2.16591 2.1671 2.16847 2.17005 2.17186 2.17393 2.17628 2.17892 2.18187 2.18514 2.18875 2.19268 2.19694 2.20152 2.2064 2.21156 2.21697 2.22259 2.22839 2.23431 2.24031 2.24634 2.25234 2.25824 2.264 2.26956 2.27484 2.27981 2.28441 2.28859 2.2923 2.29551 2.29818 2.30029 2.3018 2.30272 2.30301 2.3027 2.30177 2.30024 2.29812 2.29545 2.29224 2.28854 2.28438 2.27982 2.27489 2.26966 2.26417 2.25849 2.25267 2.24677 2.24084 2.23494 2.22913 2.22344 2.21792 2.21261 2.20755 2.20275 2.19825 2.19406 2.19019 2.18664 2.18341 2.1805 2.1779 2.1756 2.17358 2.17182 2.17032 2.16905 2.16798 2.16711 2.1664 2.16585 2.16544 2.16515 2.16496 2.16486 2.16483 2.16488 2.16497 2.16512 2.1653 2.16552 
2.15885 2.15912 2.15941 2.15973 2.16007 2.16045 2.16086 2.16132 2.16183 2.16242 2.16308 2.16386 2.16475 2.16579 2.167 2.16841 2.17005 2.17193 2.17409 2.17655 2.17934 2.18248 2.18597 2.18984 2.1941 2.19873 2.20373 2.2091 2.2148 2.22082 2.22711 2.23364 2.24036 2.24721 2.25414 2.26109 2.26798 2.27476 2.28135 2.2877 2.29374 2.29941 2.30464 2.30939 2.31361 2.31725 2.32027 2.32265 2.32436 2.32539 2.32571 2.32534 2.32428 2.32253 2.32012 2.31707 2.31341 2.30919 2.30445 2.29923 2.2936 2.28761 2.28132 2.2748 2.26811 2.26132 2.25449 2.24768 2.24095 2.23436 2.22795 2.22178 2.21588 2.21028 2.20502 2.20011 2.19556 2.19138 2.18757 2.18413 2.18105 2.17832 2.17591 2.17381 2.17201 2.17047 2.16918 2.16811 2.16724 2.16654 2.16601 2.16562 2.16535 2.16518 2.16511 2.16511 2.16517 2.16529 2.16546 2.16566 
2.15899 2.15925 2.15955 2.15988 2.16025 2.16066 2.16111 2.16162 2.1622 2.16287 2.16365 2.16455 2.1656 2.16682 2.16826 2.16993 2.17186 2.17409 2.17665 2.17956 2.18285 2.18654 2.19065 2.19519 2.20017 2.20558 2.21141 2.21765 2.22426 2.23123 2.2385 2.24602 2.25374 2.2616 2.26953 2.27747 2.28533 2.29304 2.30054 2.30774 2.31458 2.32098 2.32689 2.33225 2.33699 2.34109 2.34448 2.34715 2.34907 2.35021 2.35057 2.35014 2.34893 2.34695 2.34423 2.34078 2.33665 2.33188 2.32651 2.3206 2.31422 2.30742 2.30027 2.29285 2.28522 2.27747 2.26965 2.26185 2.25413 2.24655 2.23917 2.23205 2.22523 2.21875 2.21264 2.20692 2.20162 2.19674 2.19229 2.18825 2.18463 2.18141 2.17856 2.17608 2.17393 2.17209 2.17053 2.16924 2.16818 2.16732 2.16666 2.16615 2.16578 2.16554 2.1654 2.16535 2.16538 2.16547 2.16562 2.16581 
2.15913 2.1594 2.1597 2.16005 2.16044 2.16088 2.16138 2.16196 2.16262 2.16339 2.16428 2.16533 2.16656 2.168 2.16969 2.17165 2.17393 2.17655 2.17956 2.18297 2.18683 2.19114 2.19594 2.20123 2.207 2.21327 2.22002 2.22721 2.23483 2.24283 2.25115 2.25975 2.26856 2.27751 2.28652 2.29551 2.3044 2.31311 2.32155 2.32965 2.33733 2.34452 2.35113 2.35712 2.36242 2.36699 2.37077 2.37374 2.37587 2.37713 2.37752 2.37703 2.37567 2.37346 2.3704 2.36654 2.36192 2.35657 2.35054 2.34391 2.33673 2.32908 2.32102 2.31264 2.30402 2.29523 2.28636 2.2775 2.2687 2.26006 2.25162 2.24347 2.23564 2.22819 2.22115 2.21455 2.20842 2.20276 2.19759 2.19289 2.18866 2.18489 2.18156 2.17863 2.1761 2.17392 2.17207 2.17052 2.16924 2.1682 2.16738 2.16674 2.16627 2.16594 2.16573 2.16562 2.16561 2.16566 2.16578 2.16596 
2.15928 2.15954 2.15986 2.16023 2.16065 2.16113 2.16169 2.16233 2.16308 2.16397 2.165 2.16622 2.16766 2.16934 2.17131 2.17361 2.17628 2.17934 2.18285 2.18683 2.19131 2.19632 2.20187 2.20798 2.21464 2.22185 2.22959 2.23783 2.24653 2.25564 2.26511 2.27486 2.28483 2.29493 2.30508 2.31519 2.32517 2.33492 2.34437 2.35341 2.36196 2.36995 2.3773 2.38394 2.38982 2.39487 2.39905 2.40233 2.40467 2.40606 2.40648 2.40593 2.40442 2.40195 2.39856 2.39428 2.38914 2.38319 2.37649 2.3691 2.36109 2.35254 2.34353 2.33415 2.32447 2.3146 2.30462 2.29462 2.28468 2.27489 2.26532 2.25605 2.24714 2.23863 2.23059 2.22303 2.21598 2.20947 2.20351 2.19808 2.19318 2.1888 2.18492 2.18151 2.17854 2.17598 2.1738 2.17196 2.17044 2.16919 2.16819 2.1674 2.16681 2.16638 2.16609 2.16592 2.16585 2.16587 2.16596 2.16612 
2.15944 2.1597 2.16003 2.16042 2.16087 2.1614 2.16202 2.16275 2.16361 2.16462 2.16581 2.16723 2.16889 2.17085 2.17315 2.17582 2.17892 2.18248 2.18654 2.19114 2.19632 2.20209 2.20848 2.21548 2.22311 2.23134 2.24015 2.24951 2.25937 2.26968 2.28036 2.29134 2.30253 2.31385 2.3252 2.33648 2.34759 2.35843 2.36891 2.37892 2.38837 2.39719 2.40529 2.4126 2.41905 2.42459 2.42918 2.43277 2.43533 2.43684 2.4373 2.43668 2.43502 2.4323 2.42857 2.42385 2.41819 2.41163 2.40424 2.39608 2.38722 2.37775 2.36775 2.35732 2.34655 2.33554 2.32439 2.31319 2.30205 2.29105 2.28028 2.26981 2.25973 2.2501 2.24096 2.23236 2.22433 2.21689 2.21006 2.20383 2.1982 2.19315 2.18867 2.18471 2.18126 2.17828 2.17573 2.17358 2.17178 2.17029 2.16909 2.16814 2.16741 2.16687 2.16649 2.16624 2.16612 2.16609 2.16615 2.16629 
2.15961 2.15988 2.16021 2.16063 2.16112 2.16171 2.1624 2.16322 2.1642 2.16535 2.16673 2.16836 2.17028 2.17255 2.1752 2.1783 2.18187 2.18597 2.19065 2.19594 2.20187 2.20848 2.21576 2.22374 2.2324 2.24173 2.2517 2.26226 2.27335 2.28492 2.29688 2.30915 2.32163 2.33422 2.34682 2.35931 2.37159 2.38354 2.39507 2.40607 2.41644 2.42609 2.43495 2.44292 2.44996 2.456 2.46099 2.46489 2.46767 2.46931 2.46979 2.46912 2.4673 2.46433 2.46026 2.45511 2.44893 2.44175 2.43366 2.42472 2.415 2.40459 2.39358 2.38208 2.37018 2.35799 2.34562 2.33318 2.32077 2.3085 2.29646 2.28474 2.27342 2.26258 2.25228 2.24256 2.23347 2.22503 2.21726 2.21017 2.20374 2.19796 2.19281 2.18827 2.18429 2.18084 2.17788 2.17537 2.17327 2.17152 2.1701 2.16897 2.16808 2.16741 2.16692 2.1666 2.16641 2.16633 2.16636 2.16647 
2.1598 2.16006 2.16042 2.16086 2.16139 2.16204 2.16282 2.16374 2.16485 2.16617 2.16775 2.16962 2.17184 2.17444 2.17749 2.18104 2.18514 2.18984 2.19519 2.20123 2.20798 2.21548 2.22374 2.23276 2.24253 2.25303 2.26422 2.27605 2.28845 2.30134 2.31464 2.32825 2.34206 2.35596 2.36984 2.38356 2.39703 2.41012 2.42271 2.4347 2.44599 2.45648 2.46609 2.47473 2.48235 2.48887 2.49426 2.49846 2.50146 2.50322 2.50374 2.50301 2.50103 2.49783 2.49342 2.48784 2.48114 2.47336 2.46457 2.45484 2.44426 2.4329 2.42088 2.40829 2.39524 2.38185 2.36823 2.35451 2.34079 2.32719 2.31383 2.30079 2.28817 2.27606 2.26452 2.25362 2.2434 2.23389 2.22512 2.21709 2.2098 2.20323 2.19737 2.19218 2.18762 2.18367 2.18026 2.17736 2.17492 2.17289 2.17122 2.16988 2.16882 2.16801 2.16741 2.16699 2.16673 2.1666 2.16659 2.16668 
2.16 2.16027 2.16064 2.16111 2.1617 2.16241 2.16328 2.16433 2.16558 2.16709 2.16889 2.17102 2.17356 2.17654 2.18002 2.18408 2.18875 2.1941 2.20017 2.207 2.21464 2.22311 2.2324 2.24253 2.25348 2.26522 2.27769 2.29084 2.3046 2.31887 2.33355 2.34854 2.36372 2.37896 2.39413 2.40912 2.42378 2.438 2.45165 2.46463 2.47683 2.48814 2.49849 2.50779 2.51596 2.52296 2.52874 2.53324 2.53644 2.53833 2.53888 2.53809 2.53597 2.53253 2.5278 2.52181 2.5146 2.50623 2.49676 2.48626 2.47482 2.46253 2.44949 2.43581 2.4216 2.40699 2.39211 2.37707 2.36202 2.34706 2.33232 2.31791 2.30394 2.2905 2.27767 2.26552 2.25411 2.24346 2.23362 2.22459 2.21638 2.20897 2.20233 2.19645 2.19127 2.18676 2.18287 2.17954 2.17673 2.17438 2.17245 2.17088 2.16964 2.16867 2.16794 2.16742 2.16708 2.16689 2.16683 2.1669 
2.16022 2.16049 2.16088 2.16139 2.16203 2.16283 2.1638 2.16497 2.16639 2.1681 2.17014 2.17257 2.17545 2.17884 2.1828 2.18739 2.19268 2.19873 2.20558 2.21327 2.22185 2.23134 2.24173 2.25303 2.26522 2.27824 2.29206 2.30659 2.32174 2.33743 2.35353 2.36993 2.38649 2.40308 2.41956 2.4358 2.45165 2.467 2.4817 2.49565 2.50873 2.52085 2.53191 2.54183 2.55055 2.558 2.56414 2.56893 2.57233 2.57433 2.57491 2.57407 2.57182 2.56816 2.56312 2.55674 2.54905 2.54011 2.52998 2.51874 2.50646 2.49325 2.47921 2.46445 2.44909 2.43327 2.41711 2.40075 2.38434 2.36799 2.35185 2.33604 2.32067 2.30585 2.29168 2.27822 2.26556 2.25372 2.24275 2.23267 2.22348 2.21516 2.2077 2.20107 2.19523 2.19012 2.1857 2.18192 2.17871 2.17602 2.1738 2.17198 2.17053 2.16939 2.16853 2.16789 2.16746 2.16721 2.1671 2.16714 
2.16047 2.16074 2.16115 2.1617 2.1624 2.16328 2.16436 2.16568 2.16728 2.1692 2.17151 2.17426 2.17752 2.18135 2.18581 2.19099 2.19694 2.20373 2.21141 2.22002 2.22959 2.24015 2.2517 2.26422 2.27769 2.29206 2.30725 2.3232 2.33979 2.35692 2.37446 2.39228 2.41023 2.42817 2.44595 2.46343 2.48046 2.4969 2.51262 2.5275 2.54144 2.55432 2.56606 2.57658 2.58581 2.59369 2.60018 2.60523 2.60882 2.61093 2.61154 2.61065 2.60827 2.60441 2.59909 2.59234 2.5842 2.57472 2.56397 2.55201 2.53894 2.52484 2.50983 2.49401 2.47753 2.4605 2.44308 2.4254 2.40762 2.38988 2.37231 2.35507 2.33828 2.32204 2.30648 2.29168 2.27771 2.26463 2.25248 2.24129 2.23107 2.2218 2.21347 2.20605 2.19949 2.19375 2.18877 2.18449 2.18086 2.1778 2.17526 2.17318 2.1715 2.17018 2.16916 2.16841 2.16788 2.16756 2.1674 2.1674 
2.16073 2.16101 2.16144 2.16203 2.1628 2.16378 2.16498 2.16645 2.16825 2.17041 2.17301 2.1761 2.17976 2.18406 2.18907 2.19487 2.20152 2.2091 2.21765 2.22721 2.23783 2.24951 2.26226 2.27605 2.29084 2.30659 2.3232 2.34059 2.35864 2.37722 2.39621 2.41544 2.43478 2.45405 2.47311 2.4918 2.50996 2.52746 2.54416 2.55994 2.57468 2.58828 2.60066 2.61173 2.62143 2.62971 2.63652 2.64181 2.64558 2.64779 2.64843 2.6475 2.64501 2.64096 2.63538 2.6283 2.61974 2.60977 2.59843 2.58581 2.57198 2.55704 2.5411 2.52427 2.50669 2.48849 2.46983 2.45085 2.43171 2.41257 2.39358 2.3749 2.35665 2.33898 2.322 2.30581 2.2905 2.27614 2.26277 2.25043 2.23913 2.22886 2.21962 2.21136 2.20405 2.19764 2.19206 2.18726 2.18317 2.17972 2.17684 2.17447 2.17256 2.17103 2.16985 2.16897 2.16834 2.16793 2.16772 2.16768 
2.16102 2.1613 2.16176 2.1624 2.16324 2.16431 2.16565 2.16729 2.1693 2.17171 2.17462 2.17808 2.18217 2.18697 2.19255 2.19901 2.2064 2.2148 2.22426 2.23483 2.24653 2.25937 2.27335 2.28845 2.3046 2.32174 2.33979 2.35864 2.37815 2.39819 2.41861 2.43925 2.45995 2.48052 2.50082 2.52068 2.53993 2.55844 2.57606 2.59267 2.60817 2.62244 2.6354 2.64698 2.65711 2.66575 2.67284 2.67836 2.68228 2.68458 2.68525 2.68429 2.68171 2.6775 2.67169 2.66431 2.65538 2.64496 2.63309 2.61986 2.60533 2.5896 2.57278 2.55499 2.53636 2.51703 2.49716 2.47691 2.45644 2.43592 2.41551 2.39538 2.37569 2.35656 2.33815 2.32055 2.30387 2.28819 2.27356 2.26003 2.24761 2.23631 2.22611 2.21699 2.20889 2.20177 2.19557 2.19021 2.18564 2.18177 2.17853 2.17586 2.17369 2.17195 2.17059 2.16957 2.16883 2.16834 2.16806 2.16799 
2.16133 2.16162 2.1621 2.16279 2.16372 2.1649 2.16637 2.1682 2.17042 2.17311 2.17634 2.18019 2.18473 2.19006 2.19625 2.2034 2.21156 2.22082 2.23123 2.24283 2.25564 2.26968 2.28492 2.30134 2.31887 2.33743 2.35692 2.37722 2.39819 2.41968 2.44151 2.46352 2.48554 2.50738 2.52887 2.54983 2.57012 2.58957 2.60806 2.62544 2.64162 2.6565 2.66999 2.68202 2.69253 2.70148 2.70883 2.71454 2.71859 2.72098 2.72168 2.7207 2.71803 2.71369 2.70769 2.70005 2.6908 2.67998 2.66764 2.65385 2.63869 2.62223 2.6046 2.58591 2.56629 2.54589 2.52486 2.50338 2.48162 2.45974 2.43794 2.41639 2.39525 2.37467 2.35482 2.3358 2.31773 2.30071 2.2848 2.27005 2.25649 2.24412 2.23293 2.2229 2.21399 2.20613 2.19927 2.19334 2.18825 2.18394 2.18033 2.17733 2.17489 2.17293 2.17139 2.17021 2.16935 2.16877 2.16844 2.16832 
2.16166 2.16195 2.16247 2.16322 2.16422 2.16552 2.16715 2.16916 2.17162 2.1746 2.17817 2.18243 2.18745 2.19332 2.20015 2.208 2.21697 2.22711 2.2385 2.25115 2.26511 2.28036 2.29688 2.31464 2.33355 2.35353 2.37446 2.39621 2.41861 2.44151 2.46473 2.48807 2.51136 2.5344 2.55702 2.57903 2.60028 2.62061 2.63988 2.65796 2.67476 2.69018 2.70413 2.71655 2.72739 2.73661 2.74417 2.75004 2.75422 2.75667 2.7574 2.7564 2.75368 2.74923 2.74307 2.73521 2.72569 2.71453 2.70179 2.68751 2.67178 2.65468 2.63631 2.61678 2.59624 2.57483 2.55271 2.53006 2.50705 2.48387 2.46071 2.43776 2.41519 2.39318 2.37189 2.35145 2.33199 2.31362 2.29641 2.28042 2.26569 2.25223 2.24003 2.22907 2.21931 2.21069 2.20315 2.19661 2.191 2.18623 2.18222 2.17889 2.17616 2.17396 2.17223 2.17089 2.16991 2.16923 2.16883 2.16867 
2.16201 2.16231 2.16286 2.16367 2.16476 2.16618 2.16797 2.17018 2.17289 2.17617 2.1801 2.18478 2.19029 2.19674 2.20421 2.2128 2.22259 2.23364 2.24602 2.25975 2.27486 2.29134 2.30915 2.32825 2.34854 2.36993 2.39228 2.41544 2.43925 2.46352 2.48807 2.51269 2.53719 2.56137 2.58504 2.60803 2.63016 2.65128 2.67126 2.68997 2.70731 2.72319 2.73753 2.75029 2.7614 2.77084 2.77857 2.78458 2.78885 2.79137 2.79212 2.79112 2.78835 2.78382 2.77754 2.76952 2.75978 2.74834 2.73526 2.72057 2.70434 2.68667 2.66763 2.64736 2.62598 2.60363 2.58049 2.55673 2.53254 2.50811 2.48364 2.45933 2.43537 2.41195 2.38923 2.36739 2.34654 2.32682 2.3083 2.29107 2.27515 2.26058 2.24736 2.23545 2.22483 2.21543 2.20719 2.20003 2.19387 2.18862 2.1842 2.18052 2.1775 2.17505 2.17311 2.17161 2.1705 2.16972 2.16925 2.16905 
2.16238 2.16269 2.16327 2.16414 2.16533 2.16687 2.16883 2.17125 2.17422 2.17781 2.18211 2.18723 2.19325 2.20028 2.20842 2.21777 2.22839 2.24036 2.25374 2.26856 2.28483 2.30253 2.32163 2.34206 2.36372 2.38649 2.41023 2.43478 2.45995 2.48554 2.51136 2.53719 2.56283 2.58807 2.61272 2.63659 2.65952 2.68136 2.70196 2.7212 2.739 2.75527 2.76994 2.78297 2.7943 2.80391 2.81178 2.81789 2.82223 2.8248 2.82558 2.82458 2.82179 2.81721 2.81084 2.8027 2.79279 2.78114 2.76778 2.75275 2.73612 2.71795 2.69834 2.6774 2.65526 2.63206 2.60798 2.58319 2.55788 2.53226 2.50654 2.48092 2.45562 2.43082 2.40672 2.38349 2.36128 2.34021 2.3204 2.30191 2.28482 2.26913 2.25487 2.242 2.2305 2.2203 2.21135 2.20356 2.19684 2.1911 2.18626 2.18222 2.17889 2.17619 2.17403 2.17236 2.17112 2.17024 2.16969 2.16944 
2.16277 2.16309 2.1637 2.16464 2.16592 2.1676 2.16973 2.17236 2.1756 2.17951 2.18419 2.18975 2.1963 2.20393 2.21275 2.22285 2.23431 2.24721 2.2616 2.27751 2.29493 2.31385 2.33422 2.35596 2.37896 2.40308 2.42817 2.45405 2.48052 2.50738 2.5344 2.56137 2.58807 2.61429 2.63983 2.66451 2.68815 2.7106 2.73174 2.75144 2.76962 2.7862 2.80113 2.81435 2.82585 2.83558 2.84355 2.84973 2.85413 2.85673 2.85754 2.85654 2.85375 2.84914 2.84273 2.83452 2.8245 2.81269 2.79913 2.78384 2.76687 2.74829 2.72819 2.70667 2.68386 2.6599 2.63496 2.60922 2.58288 2.55615 2.52924 2.50238 2.47578 2.44966 2.42421 2.39963 2.37608 2.35369 2.33259 2.31287 2.2946 2.2778 2.2625 2.24867 2.23628 2.22529 2.21561 2.20717 2.19989 2.19365 2.18838 2.18397 2.18032 2.17736 2.17499 2.17314 2.17176 2.17077 2.17015 2.16986 
2.16318 2.1635 2.16415 2.16515 2.16654 2.16835 2.17065 2.17351 2.17701 2.18125 2.18632 2.19234 2.19941 2.20764 2.21714 2.228 2.24031 2.25414 2.26953 2.28652 2.30508 2.3252 2.34682 2.36984 2.39413 2.41956 2.44595 2.47311 2.50082 2.52887 2.55702 2.58504 2.61272 2.63983 2.66617 2.69156 2.71582 2.7388 2.76039 2.78046 2.79895 2.81577 2.83088 2.84425 2.85585 2.86566 2.87368 2.87991 2.88434 2.88697 2.8878 2.88682 2.88404 2.87944 2.87302 2.86477 2.85469 2.84279 2.82909 2.8136 2.79638 2.77748 2.75697 2.73496 2.71157 2.68694 2.66123 2.63463 2.60734 2.57957 2.55156 2.52352 2.4957 2.46831 2.44157 2.41568 2.39082 2.36715 2.34479 2.32386 2.30442 2.28652 2.27019 2.2554 2.24213 2.23033 2.21993 2.21085 2.20299 2.19625 2.19054 2.18576 2.18179 2.17856 2.17597 2.17395 2.17242 2.17133 2.17063 2.17028 
2.16359 2.16392 2.16461 2.16568 2.16717 2.16912 2.1716 2.17468 2.17846 2.18303 2.18849 2.19496 2.20256 2.21139 2.22157 2.23319 2.24634 2.26109 2.27747 2.29551 2.31519 2.33648 2.35931 2.38356 2.40912 2.4358 2.46343 2.4918 2.52068 2.54983 2.57903 2.60803 2.63659 2.66451 2.69156 2.71756 2.74235 2.76578 2.78773 2.8081 2.8268 2.8438 2.85903 2.87248 2.88413 2.89398 2.90203 2.90827 2.91271 2.91536 2.91621 2.91526 2.9125 2.90793 2.90153 2.89329 2.8832 2.87126 2.85748 2.84188 2.82447 2.80532 2.7845 2.76208 2.7382 2.71298 2.6866 2.65923 2.63107 2.60236 2.57332 2.54419 2.51521 2.48661 2.45864 2.4315 2.40539 2.38047 2.35689 2.33478 2.3142 2.29522 2.27787 2.26213 2.24799 2.2354 2.22427 2.21454 2.20611 2.19888 2.19273 2.18757 2.18328 2.17978 2.17697 2.17476 2.17309 2.17189 2.17111 2.17072 
2.16401 2.16435 2.16508 2.16622 2.16781 2.1699 2.17256 2.17587 2.17992 2.18482 2.19067 2.1976 2.20572 2.21515 2.226 2.23837 2.25234 2.26798 2.28533 2.3044 2.32517 2.34759 2.37159 2.39703 2.42378 2.45165 2.48046 2.50996 2.53993 2.57012 2.60028 2.63016 2.65952 2.68815 2.71582 2.74235 2.76758 2.79137 2.8136 2.83418 2.85305 2.87014 2.88544 2.89892 2.91058 2.92042 2.92846 2.93469 2.93913 2.94179 2.94266 2.94174 2.93902 2.93449 2.92814 2.91995 2.90989 2.89797 2.88417 2.8685 2.85099 2.83167 2.8106 2.78787 2.76358 2.73787 2.7109 2.68285 2.65392 2.62435 2.59436 2.56421 2.53416 2.50444 2.4753 2.44697 2.41965 2.39354 2.36879 2.34553 2.32385 2.30382 2.28547 2.26881 2.25381 2.24043 2.2286 2.21823 2.20924 2.2015 2.19492 2.18938 2.18478 2.18101 2.17797 2.17559 2.17377 2.17246 2.17161 2.17117 
2.16444 2.16479 2.16556 2.16677 2.16846 2.17069 2.17352 2.17705 2.18138 2.1866 2.19284 2.20021 2.20885 2.21886 2.23037 2.24347 2.25824 2.27476 2.29304 2.31311 2.33492 2.35843 2.38354 2.41012 2.438 2.467 2.4969 2.52746 2.55844 2.58957 2.62061 2.65128 2.68136 2.7106 2.7388 2.76578 2.79137 2.81544 2.83788 2.8586 2.87755 2.89469 2.91 2.92346 2.93509 2.94489 2.95289 2.95909 2.96351 2.96617 2.96705 2.96617 2.9635 2.95904 2.95277 2.94465 2.93467 2.9228 2.90904 2.89337 2.87581 2.85639 2.83515 2.81218 2.78757 2.76145 2.73398 2.70533 2.67572 2.64537 2.61453 2.58345 2.5524 2.52163 2.4914 2.46195 2.4335 2.40625 2.38038 2.35602 2.33328 2.31224 2.29293 2.27537 2.25954 2.2454 2.23287 2.22188 2.21233 2.2041 2.19709 2.19119 2.18627 2.18223 2.17898 2.17641 2.17445 2.17303 2.1721 2.17161 
2.16486 2.16522 2.16603 2.16731 2.1691 2.17146 2.17448 2.17823 2.18282 2.18836 2.19497 2.20278 2.21192 2.2225 2.23465 2.24845 2.264 2.28135 2.30054 2.32155 2.34437 2.36891 2.39507 2.42271 2.45165 2.4817 2.51262 2.54416 2.57606 2.60806 2.63988 2.67126 2.70196 2.73174 2.76039 2.78773 2.8136 2.83788 2.86046 2.88126 2.90024 2.91737 2.93264 2.94605 2.95761 2.96734 2.97527 2.98143 2.98582 2.98846 2.98936 2.98852 2.98591 2.98154 2.97535 2.96734 2.95746 2.94569 2.932 2.91638 2.89883 2.87937 2.85803 2.83489 2.81004 2.78359 2.75569 2.72654 2.69633 2.6653 2.63369 2.60177 2.5698 2.53806 2.50682 2.47632 2.44681 2.41849 2.39156 2.36616 2.34241 2.3204 2.30017 2.28175 2.26512 2.25024 2.23704 2.22545 2.21535 2.20665 2.19923 2.19296 2.18774 2.18344 2.17997 2.17722 2.17513 2.1736 2.17259 2.17206 
2.16528 2.16565 2.16649 2.16784 2.16973 2.17223 2.17541 2.17938 2.18422 2.19007 2.19705 2.20528 2.2149 2.22603 2.23879 2.25327 2.26956 2.2877 2.30774 2.32965 2.35341 2.37892 2.40607 2.4347 2.46463 2.49565 2.5275 2.55994 2.59267 2.62544 2.65796 2.68997 2.7212 2.75144 2.78046 2.8081 2.83418 2.8586 2.88126 2.90209 2.92106 2.93813 2.95332 2.96664 2.9781 2.98775 2.9956 3.00169 3.00604 3.00866 3.00958 3.00877 3.00624 3.00195 2.99588 2.98799 2.97824 2.9666 2.95302 2.93749 2.92 2.90055 2.87917 2.85592 2.83088 2.80417 2.77594 2.74636 2.71564 2.684 2.65171 2.61903 2.58623 2.55361 2.52143 2.48997 2.45947 2.43016 2.40223 2.37585 2.35115 2.32822 2.30712 2.28788 2.27049 2.25491 2.24107 2.22889 2.21828 2.20913 2.2013 2.19469 2.18916 2.18462 2.18094 2.17802 2.17579 2.17416 2.17308 2.1725 
2.16568 2.16606 2.16694 2.16835 2.17034 2.17297 2.17632 2.18049 2.18558 2.19173 2.19905 2.20769 2.21776 2.22941 2.24274 2.25786 2.27484 2.29374 2.31458 2.33733 2.36196 2.38837 2.41644 2.44599 2.47683 2.50873 2.54144 2.57468 2.60817 2.64162 2.67476 2.70731 2.739 2.76962 2.79895 2.8268 2.85305 2.87755 2.90024 2.92106 2.93996 2.95695 2.97204 2.98524 2.99658 3.00612 3.01387 3.01989 3.02419 3.02679 3.02772 3.02696 3.02449 3.0203 3.01436 3.0066 2.997 2.98551 2.97207 2.95666 2.93926 2.91986 2.89849 2.87519 2.85003 2.82313 2.79462 2.76468 2.73352 2.70137 2.66847 2.63512 2.60158 2.56816 2.53513 2.50279 2.47138 2.44115 2.4123 2.38501 2.35942 2.33564 2.31373 2.29372 2.2756 2.25936 2.24491 2.23219 2.22109 2.21149 2.20329 2.19634 2.19054 2.18575 2.18187 2.17879 2.17642 2.1747 2.17355 2.17292 
2.16607 2.16646 2.16738 2.16885 2.17093 2.17368 2.17718 2.18154 2.18687 2.1933 2.20095 2.20996 2.22047 2.2326 2.24647 2.26218 2.27981 2.29941 2.32098 2.34452 2.36995 2.39719 2.42609 2.45648 2.48814 2.52085 2.55432 2.58828 2.62244 2.6565 2.69018 2.72319 2.75527 2.7862 2.81577 2.8438 2.87014 2.89469 2.91737 2.93813 2.95695 2.97383 2.98879 3.00185 3.01307 3.02248 3.03013 3.03606 3.04031 3.0429 3.04383 3.04311 3.04072 3.03663 3.03081 3.02321 3.01376 3.00243 2.98915 2.97389 2.9566 2.93729 2.91596 2.89265 2.86742 2.84038 2.81166 2.78143 2.7499 2.7173 2.68388 2.64993 2.61574 2.5816 2.54782 2.51467 2.48244 2.45137 2.42168 2.39355 2.36715 2.34258 2.31991 2.29918 2.28041 2.26354 2.24853 2.2353 2.22373 2.21373 2.20517 2.19791 2.19184 2.18682 2.18275 2.17952 2.17703 2.17521 2.17399 2.17333 
2.16644 2.16684 2.16779 2.16932 2.17148 2.17434 2.17799 2.18253 2.18808 2.19476 2.20271 2.21207 2.22298 2.23556 2.24993 2.26619 2.28441 2.30464 2.32689 2.35113 2.3773 2.40529 2.43495 2.46609 2.49849 2.53191 2.56606 2.60066 2.6354 2.66999 2.70413 2.73753 2.76994 2.80113 2.83088 2.85903 2.88544 2.91 2.93264 2.95332 2.97204 2.98879 3.0036 3.01653 3.0276 3.03689 3.04443 3.05028 3.05447 3.05703 3.05797 3.05729 3.05498 3.05099 3.0453 3.03784 3.02856 3.01739 3.00428 2.98918 2.97203 2.95283 2.93156 2.90827 2.88301 2.85587 2.82699 2.79653 2.7647 2.73172 2.69785 2.66339 2.62862 2.59385 2.55939 2.52553 2.49256 2.46073 2.43028 2.4014 2.37426 2.34897 2.32561 2.30424 2.28485 2.26741 2.25188 2.23818 2.22619 2.21581 2.20692 2.19937 2.19305 2.18783 2.18358 2.18021 2.17761 2.1757 2.17442 2.17372 
2.16678 2.16719 2.16816 2.16975 2.17199 2.17495 2.17874 2.18344 2.18919 2.19611 2.20433 2.21401 2.22528 2.23826 2.25308 2.26983 2.28859 2.30939 2.33225 2.35712 2.38394 2.4126 2.44292 2.47473 2.50779 2.54183 2.57658 2.61173 2.64698 2.68202 2.71655 2.75029 2.78297 2.81435 2.84425 2.87248 2.89892 2.92346 2.94605 2.96664 2.98524 3.00185 3.01653 3.0293 3.04024 3.0494 3.05684 3.06261 3.06674 3.06928 3.07022 3.06958 3.06734 3.06345 3.05788 3.05056 3.04144 3.03044 3.0175 3.00255 2.98555 2.96647 2.94529 2.92204 2.89678 2.86958 2.84058 2.80994 2.77785 2.74456 2.71031 2.67541 2.64014 2.60482 2.56977 2.53529 2.50166 2.46917 2.43804 2.40849 2.38069 2.35475 2.33078 2.30882 2.28888 2.27094 2.25494 2.24081 2.22844 2.21772 2.20852 2.20071 2.19417 2.18875 2.18435 2.18084 2.17813 2.17614 2.17481 2.17407 
2.16709 2.1675 2.16851 2.17014 2.17245 2.17551 2.17941 2.18426 2.19019 2.19731 2.20579 2.21575 2.22733 2.24067 2.25589 2.27308 2.2923 2.31361 2.33699 2.36242 2.38982 2.41905 2.44996 2.48235 2.51596 2.55055 2.58581 2.62143 2.65711 2.69253 2.72739 2.7614 2.7943 2.82585 2.85585 2.88413 2.91058 2.93509 2.95761 2.9781 2.99658 3.01307 3.0276 3.04024 3.05105 3.06009 3.06743 3.07312 3.0772 3.07971 3.08066 3.08006 3.07787 3.07408 3.06862 3.06144 3.05247 3.04163 3.02885 3.01406 2.9972 2.97823 2.95715 2.93396 2.9087 2.88147 2.85239 2.8216 2.78932 2.75576 2.7212 2.68592 2.65023 2.61445 2.57889 2.54386 2.50968 2.4766 2.44489 2.41475 2.38637 2.35987 2.33536 2.31288 2.29246 2.27407 2.25766 2.24315 2.23044 2.21942 2.20995 2.20191 2.19517 2.18958 2.18503 2.18141 2.17861 2.17655 2.17516 2.1744 
2.16736 2.16778 2.16881 2.17048 2.17285 2.176 2.18 2.18498 2.19106 2.19837 2.20705 2.21725 2.22912 2.24277 2.25832 2.27588 2.29551 2.31725 2.34109 2.36699 2.39487 2.42459 2.456 2.48887 2.52296 2.558 2.59369 2.62971 2.66575 2.70148 2.73661 2.77084 2.80391 2.83558 2.86566 2.89398 2.92042 2.94489 2.96734 2.98775 3.00612 3.02248 3.03689 3.0494 3.06009 3.06903 3.07627 3.08189 3.08593 3.08841 3.08937 3.0888 3.08667 3.08296 3.0776 3.07055 3.06171 3.05101 3.03837 3.02372 3.00699 2.98814 2.96715 2.94401 2.91879 2.89154 2.86239 2.8315 2.79905 2.76529 2.73047 2.69488 2.65884 2.62267 2.58668 2.5512 2.51654 2.48298 2.45077 2.42014 2.39126 2.36428 2.33931 2.31639 2.29556 2.27678 2.26001 2.24518 2.23218 2.22089 2.2112 2.20296 2.19604 2.1903 2.18563 2.18191 2.17903 2.1769 2.17547 2.17468 
2.1676 2.16802 2.16907 2.17078 2.1732 2.17641 2.1805 2.18559 2.19179 2.19926 2.20812 2.21852 2.23061 2.24452 2.26035 2.27822 2.29818 2.32027 2.34448 2.37077 2.39905 2.42918 2.46099 2.49426 2.52874 2.56414 2.60018 2.63652 2.67284 2.70883 2.74417 2.77857 2.81178 2.84355 2.87368 2.90203 2.92846 2.95289 2.97527 2.9956 3.01387 3.03013 3.04443 3.05684 3.06743 3.07627 3.08344 3.089 3.093 3.09547 3.09643 3.09588 3.0938 3.09016 3.08489 3.07793 3.06921 3.05863 3.04612 3.03159 3.01497 2.99622 2.9753 2.95223 2.92703 2.89977 2.87058 2.8396 2.80704 2.77311 2.73808 2.70225 2.66592 2.62943 2.5931 2.55725 2.5222 2.48824 2.45563 2.42459 2.39531 2.36794 2.34259 2.31931 2.29813 2.27904 2.26198 2.24687 2.23363 2.22213 2.21224 2.20384 2.19677 2.19091 2.18614 2.18233 2.17938 2.17721 2.17574 2.17493 
2.16779 2.16822 2.16928 2.17102 2.17348 2.17674 2.1809 2.18607 2.19238 2.19996 2.20896 2.21953 2.23179 2.2459 2.26196 2.28007 2.30029 2.32265 2.34715 2.37374 2.40233 2.43277 2.46489 2.49846 2.53324 2.56893 2.60523 2.64181 2.67836 2.71454 2.75004 2.78458 2.81789 2.84973 2.87991 2.90827 2.93469 2.95909 2.98143 3.00169 3.01989 3.03606 3.05028 3.06261 3.07312 3.08189 3.089 3.09451 3.09848 3.10093 3.1019 3.10137 3.09933 3.09574 3.09054 3.08366 3.07503 3.06454 3.05213 3.03769 3.02116 3.00249 2.98164 2.9586 2.93343 2.90617 2.87694 2.8459 2.81324 2.77918 2.74399 2.70797 2.67143 2.6347 2.5981 2.56197 2.52662 2.49235 2.45943 2.42807 2.39848 2.37081 2.34516 2.3216 2.30016 2.28082 2.26353 2.24822 2.23478 2.22311 2.21308 2.20454 2.19736 2.1914 2.18655 2.18267 2.17967 2.17745 2.17596 2.17512 
2.16793 2.16836 2.16944 2.1712 2.17369 2.17699 2.1812 2.18644 2.19282 2.20048 2.20958 2.22026 2.23266 2.24691 2.26312 2.2814 2.3018 2.32436 2.34907 2.37587 2.40467 2.43533 2.46767 2.50146 2.53644 2.57233 2.60882 2.64558 2.68228 2.71859 2.75422 2.78885 2.82223 2.85413 2.88434 2.91271 2.93913 2.96351 2.98582 3.00604 3.02419 3.04031 3.05447 3.06674 3.0772 3.08593 3.093 3.09848 3.10242 3.10487 3.10584 3.10533 3.10331 3.09976 3.09461 3.08778 3.07921 3.06879 3.05644 3.04206 3.02559 3.00697 2.98616 2.96315 2.93799 2.91072 2.88147 2.85038 2.81765 2.7835 2.7482 2.71204 2.67535 2.63844 2.60165 2.56533 2.52977 2.49528 2.46213 2.43056 2.40075 2.37286 2.34701 2.32325 2.30162 2.2821 2.26465 2.24919 2.23562 2.22383 2.21369 2.20505 2.19779 2.19176 2.18685 2.18292 2.17988 2.17764 2.17612 2.17527 
2.16803 2.16846 2.16955 2.17132 2.17383 2.17715 2.1814 2.18667 2.19309 2.20081 2.20997 2.22071 2.23319 2.24752 2.26383 2.28221 2.30272 2.32539 2.35021 2.37713 2.40606 2.43684 2.46931 2.50322 2.53833 2.57433 2.61093 2.64779 2.68458 2.72098 2.75667 2.79137 2.8248 2.85673 2.88697 2.91536 2.94179 2.96617 2.98846 3.00866 3.02679 3.0429 3.05703 3.06928 3.07971 3.08841 3.09547 3.10093 3.10487 3.10731 3.10828 3.10778 3.10578 3.10225 3.09712 3.09032 3.08178 3.07139 3.05907 3.04472 3.02828 3.00968 2.98888 2.96588 2.94071 2.91343 2.88416 2.85303 2.82025 2.78604 2.75067 2.71443 2.67764 2.64063 2.60374 2.56729 2.53162 2.49701 2.46373 2.43203 2.40209 2.37408 2.34811 2.32424 2.3025 2.28288 2.26533 2.24978 2.23613 2.22427 2.21406 2.20537 2.19806 2.19199 2.18704 2.18308 2.18002 2.17776 2.17623 2.17537 
