4.05122 4.05141 4.05164 4.05191 4.0522 4.05253 4.0529 4.0533 4.05374 4.05421 4.05474 4.0553 4.05591 4.05657 4.05729 4.05806 4.05889 4.05977 4.06072 4.06174 4.06281 4.06396 4.06516 4.06643 4.06776 4.06915 4.07059 4.07208 4.07362 4.07519 4.07679 4.07842 4.08005 4.08169 4.08331 4.08492 4.0865 4.08803 4.08951 4.09093 4.09227 4.09352 4.09468 4.09572 4.09665 4.09746 4.09813 4.09867 4.09906 4.09931 4.09942 4.09937 4.09917 4.09884 4.09835 4.09773 4.09698 4.09611 4.09512 4.09402 4.09282 4.09153 4.09017 4.08874 4.08726 4.08573 4.08418 4.0826 4.08102 4.07944 4.07788 4.07633 4.07482 4.07335 4.07193 4.07056 4.06926 4.06801 4.06684 4.06574 4.06471 4.06376 4.06289 4.06209 4.06137 4.06072 4.06015 4.05965 4.05921 4.05884 4.05854 4.05829 4.0581 4.05797 4.05788 4.05784 4.05785 4.0579 4.05799 4.05811 
4.05141 4.05161 4.05184 4.0521 4.0524 4.05273 4.0531 4.0535 4.05394 4.05442 4.05494 4.05551 4.05613 4.05679 4.05751 4.05829 4.05912 4.06002 4.06098 4.062 4.06309 4.06424 4.06546 4.06674 4.06809 4.06949 4.07095 4.07246 4.07401 4.0756 4.07722 4.07886 4.08052 4.08217 4.08382 4.08545 4.08705 4.0886 4.0901 4.09153 4.09289 4.09416 4.09532 4.09638 4.09732 4.09814 4.09882 4.09936 4.09976 4.10002 4.10012 4.10007 4.09987 4.09953 4.09904 4.09842 4.09765 4.09677 4.09576 4.09465 4.09343 4.09213 4.09075 4.08931 4.0878 4.08626 4.08469 4.08309 4.08149 4.07989 4.07831 4.07675 4.07522 4.07373 4.07229 4.07091 4.06959 4.06833 4.06714 4.06603 4.06499 4.06403 4.06315 4.06234 4.06161 4.06096 4.06038 4.05987 4.05943 4.05906 4.05875 4.0585 4.05831 4.05817 4.05808 4.05804 4.05805 4.0581 4.05818 4.05831 
4.05164 4.05184 4.05207 4.05234 4.05264 4.05297 4.05334 4.05375 4.0542 4.0547 4.05523 4.05581 4.05645 4.05713 4.05787 4.05867 4.05953 4.06045 4.06144 4.0625 4.06362 4.06481 4.06607 4.0674 4.06878 4.07023 4.07174 4.0733 4.07491 4.07655 4.07822 4.07992 4.08163 4.08334 4.08504 4.08672 4.08837 4.08997 4.09152 4.093 4.0944 4.09571 4.09691 4.098 4.09897 4.09981 4.10052 4.10108 4.10149 4.10175 4.10185 4.1018 4.1016 4.10124 4.10074 4.10009 4.0993 4.09838 4.09734 4.09619 4.09494 4.09359 4.09217 4.09067 4.08912 4.08753 4.0859 4.08425 4.0826 4.08095 4.07931 4.07769 4.07611 4.07458 4.07309 4.07166 4.07029 4.06899 4.06776 4.06661 4.06553 4.06454 4.06362 4.06278 4.06203 4.06135 4.06075 4.06022 4.05976 4.05937 4.05905 4.05878 4.05858 4.05843 4.05834 4.05829 4.05829 4.05833 4.05842 4.05854 
4.05191 4.0521 4.05234 4.05261 4.05291 4.05326 4.05364 4.05407 4.05453 4.05504 4.0556 4.05621 4.05687 4.05759 4.05837 4.0592 4.06011 4.06108 4.06212 4.06323 4.06441 4.06567 4.06699 4.06839 4.06986 4.07138 4.07297 4.07461 4.0763 4.07804 4.0798 4.08158 4.08338 4.08518 4.08697 4.08874 4.09047 4.09216 4.09379 4.09534 4.09681 4.09818 4.09945 4.10059 4.10161 4.10249 4.10323 4.10381 4.10424 4.10451 4.10462 4.10457 4.10435 4.10397 4.10344 4.10276 4.10193 4.10096 4.09987 4.09866 4.09734 4.09592 4.09442 4.09285 4.09122 4.08954 4.08782 4.08609 4.08435 4.08261 4.08088 4.07918 4.07751 4.07589 4.07432 4.07281 4.07137 4.06999 4.06869 4.06747 4.06634 4.06528 4.06431 4.06342 4.06262 4.0619 4.06125 4.06069 4.0602 4.05978 4.05943 4.05914 4.05892 4.05875 4.05864 4.05858 4.05857 4.05861 4.05868 4.0588 
4.0522 4.0524 4.05264 4.05291 4.05323 4.05359 4.05399 4.05444 4.05493 4.05547 4.05606 4.0567 4.05741 4.05817 4.059 4.05989 4.06086 4.0619 4.06301 4.0642 4.06547 4.06682 4.06824 4.06974 4.07131 4.07295 4.07465 4.07641 4.07822 4.08007 4.08196 4.08387 4.08579 4.08772 4.08963 4.09152 4.09337 4.09517 4.09691 4.09856 4.10013 4.10159 4.10294 4.10416 4.10525 4.10618 4.10697 4.10759 4.10804 4.10833 4.10844 4.10838 4.10814 4.10774 4.10717 4.10644 4.10555 4.10452 4.10335 4.10205 4.10064 4.09913 4.09752 4.09584 4.0941 4.0923 4.09047 4.08861 4.08674 4.08488 4.08303 4.08121 4.07942 4.07768 4.076 4.07437 4.07282 4.07135 4.06995 4.06864 4.06741 4.06627 4.06522 4.06426 4.06339 4.0626 4.0619 4.06129 4.06075 4.06029 4.0599 4.05958 4.05933 4.05914 4.059 4.05892 4.0589 4.05892 4.05899 4.0591 
4.05253 4.05273 4.05297 4.05326 4.05359 4.05397 4.05439 4.05486 4.05539 4.05596 4.0566 4.05729 4.05805 4.05888 4.05977 4.06074 4.06179 4.06292 4.06413 4.06543 4.0668 4.06827 4.06981 4.07144 4.07315 4.07493 4.07678 4.07869 4.08066 4.08267 4.08471 4.08679 4.08887 4.09096 4.09303 4.09507 4.09707 4.09902 4.1009 4.10269 4.10438 4.10596 4.10741 4.10873 4.10989 4.1109 4.11174 4.11241 4.1129 4.1132 4.11332 4.11325 4.11299 4.11255 4.11193 4.11114 4.11018 4.10906 4.1078 4.10639 4.10487 4.10323 4.10149 4.09967 4.09777 4.09583 4.09384 4.09183 4.0898 4.08778 4.08577 4.08379 4.08185 4.07996 4.07813 4.07636 4.07467 4.07306 4.07153 4.0701 4.06876 4.06751 4.06636 4.0653 4.06434 4.06348 4.0627 4.06202 4.06142 4.0609 4.06046 4.0601 4.0598 4.05958 4.05942 4.05931 4.05927 4.05927 4.05933 4.05944 
4.0529 4.0531 4.05334 4.05364 4.05399 4.05439 4.05484 4.05535 4.05591 4.05654 4.05723 4.05798 4.05881 4.05971 4.0607 4.06176 4.06291 4.06415 4.06548 4.0669 4.06842 4.07003 4.07173 4.07352 4.07539 4.07735 4.07938 4.08147 4.08363 4.08584 4.08808 4.09035 4.09263 4.09491 4.09718 4.09941 4.1016 4.10372 4.10577 4.10772 4.10957 4.11129 4.11287 4.1143 4.11557 4.11667 4.11758 4.1183 4.11883 4.11916 4.11928 4.1192 4.11892 4.11843 4.11775 4.11688 4.11583 4.11461 4.11323 4.11169 4.11002 4.10823 4.10633 4.10434 4.10227 4.10014 4.09796 4.09576 4.09354 4.09132 4.08912 4.08695 4.08481 4.08273 4.08072 4.07877 4.07691 4.07514 4.07345 4.07187 4.07038 4.069 4.06772 4.06655 4.06548 4.06451 4.06365 4.06288 4.0622 4.06161 4.06111 4.06069 4.06035 4.06008 4.05988 4.05975 4.05968 4.05967 4.05971 4.05981 
4.0533 4.0535 4.05375 4.05407 4.05444 4.05486 4.05535 4.0559 4.05651 4.05719 4.05795 4.05878 4.05969 4.06068 4.06177 4.06295 4.06422 4.06559 4.06707 4.06864 4.07032 4.0721 4.07399 4.07597 4.07805 4.08021 4.08246 4.08478 4.08716 4.0896 4.09207 4.09458 4.09709 4.09961 4.1021 4.10456 4.10697 4.1093 4.11155 4.11369 4.11572 4.1176 4.11934 4.1209 4.12229 4.12349 4.12449 4.12528 4.12585 4.12621 4.12634 4.12624 4.12593 4.12539 4.12464 4.12369 4.12253 4.12118 4.11966 4.11797 4.11613 4.11416 4.11207 4.10987 4.10759 4.10524 4.10284 4.10041 4.09796 4.09552 4.09308 4.09068 4.08832 4.08602 4.08379 4.08163 4.07956 4.07759 4.07572 4.07396 4.0723 4.07076 4.06933 4.06802 4.06682 4.06573 4.06475 4.06388 4.06311 4.06243 4.06186 4.06137 4.06097 4.06065 4.06041 4.06024 4.06014 4.0601 4.06013 4.06021 
4.05374 4.05394 4.0542 4.05453 4.05493 4.05539 4.05591 4.05651 4.05718 4.05793 4.05876 4.05968 4.06069 4.0618 4.063 4.06431 4.06573 4.06726 4.0689 4.07066 4.07253 4.07451 4.07661 4.07882 4.08113 4.08354 4.08603 4.08861 4.09126 4.09396 4.09671 4.09948 4.10227 4.10505 4.10781 4.11053 4.11319 4.11577 4.11825 4.12061 4.12284 4.12492 4.12683 4.12855 4.13008 4.1314 4.13249 4.13336 4.13398 4.13437 4.13451 4.1344 4.13405 4.13345 4.13262 4.13156 4.13028 4.12879 4.12711 4.12524 4.12321 4.12103 4.11871 4.11628 4.11376 4.11116 4.10851 4.10581 4.1031 4.10038 4.09768 4.09501 4.09239 4.08983 4.08735 4.08495 4.08264 4.08044 4.07835 4.07637 4.07452 4.07279 4.07118 4.06971 4.06835 4.06712 4.06601 4.06502 4.06414 4.06337 4.0627 4.06214 4.06167 4.06129 4.061 4.06078 4.06064 4.06058 4.06059 4.06066 
4.05421 4.05442 4.0547 4.05504 4.05547 4.05596 4.05654 4.05719 4.05793 4.05876 4.05968 4.0607 4.06182 4.06306 4.0644 4.06586 4.06745 4.06915 4.07099 4.07295 4.07504 4.07726 4.07961 4.08207 4.08465 4.08734 4.09012 4.09299 4.09594 4.09895 4.102 4.10509 4.10818 4.11127 4.11433 4.11734 4.12029 4.12314 4.12589 4.1285 4.13096 4.13326 4.13536 4.13727 4.13895 4.1404 4.1416 4.14255 4.14324 4.14366 4.14381 4.14368 4.14329 4.14263 4.1417 4.14053 4.13911 4.13746 4.13559 4.13352 4.13127 4.12885 4.12629 4.1236 4.1208 4.11791 4.11496 4.11197 4.10895 4.10593 4.10293 4.09996 4.09704 4.09418 4.09141 4.08873 4.08615 4.08369 4.08134 4.07913 4.07705 4.0751 4.07329 4.07163 4.07009 4.0687 4.06744 4.06631 4.0653 4.06442 4.06365 4.063 4.06245 4.062 4.06164 4.06138 4.0612 4.0611 4.06109 4.06115 
4.05474 4.05494 4.05523 4.0556 4.05606 4.0566 4.05723 4.05795 4.05876 4.05968 4.06071 4.06184 4.06309 4.06447 4.06597 4.06761 4.06938 4.07129 4.07335 4.07555 4.07789 4.08037 4.08299 4.08575 4.08863 4.09163 4.09474 4.09794 4.10122 4.10457 4.10797 4.11141 4.11485 4.11828 4.12167 4.12501 4.12828 4.13144 4.13448 4.13737 4.1401 4.14263 4.14496 4.14706 4.14891 4.15051 4.15184 4.15288 4.15363 4.15409 4.15425 4.15411 4.15367 4.15293 4.1519 4.1506 4.14903 4.1472 4.14513 4.14283 4.14034 4.13765 4.13481 4.13182 4.12871 4.12551 4.12223 4.1189 4.11555 4.11219 4.10884 4.10553 4.10227 4.09909 4.09599 4.09299 4.09011 4.08735 4.08472 4.08223 4.07989 4.07771 4.07567 4.07378 4.07205 4.07047 4.06904 4.06775 4.06661 4.06559 4.06471 4.06395 4.06331 4.06278 4.06236 4.06204 4.06181 4.06168 4.06163 4.06167 
4.0553 4.05551 4.05581 4.05621 4.0567 4.05729 4.05798 4.05878 4.05968 4.0607 4.06184 4.06311 4.06451 4.06604 4.06773 4.06956 4.07154 4.07368 4.07598 4.07845 4.08107 4.08384 4.08678 4.08986 4.09307 4.09642 4.09989 4.10346 4.10712 4.11085 4.11464 4.11845 4.12228 4.12608 4.12985 4.13356 4.13718 4.14068 4.14404 4.14724 4.15025 4.15305 4.15562 4.15794 4.15998 4.16174 4.1632 4.16435 4.16518 4.16568 4.16585 4.16568 4.16519 4.16437 4.16323 4.16179 4.16004 4.15801 4.15572 4.15318 4.15041 4.14744 4.14428 4.14097 4.13752 4.13396 4.13032 4.12663 4.1229 4.11916 4.11543 4.11174 4.10811 4.10456 4.1011 4.09775 4.09452 4.09143 4.08849 4.0857 4.08307 4.08061 4.07832 4.07619 4.07424 4.07245 4.07082 4.06936 4.06805 4.06689 4.06588 4.065 4.06426 4.06364 4.06314 4.06275 4.06247 4.0623 4.06223 4.06225 
4.05591 4.05613 4.05645 4.05687 4.05741 4.05805 4.05881 4.05969 4.06069 4.06182 4.06309 4.06451 4.06607 4.06779 4.06967 4.07172 4.07394 4.07634 4.07891 4.08166 4.08459 4.0877 4.09097 4.09441 4.098 4.10174 4.1056 4.10958 4.11365 4.1178 4.12201 4.12624 4.13048 4.13471 4.13888 4.14299 4.14699 4.15087 4.15458 4.15812 4.16144 4.16453 4.16736 4.16992 4.17217 4.17411 4.17571 4.17697 4.17788 4.17842 4.1786 4.17842 4.17787 4.17696 4.1757 4.1741 4.17216 4.16992 4.16738 4.16457 4.16151 4.15822 4.15473 4.15105 4.14723 4.14329 4.13925 4.13515 4.13101 4.12686 4.12271 4.11861 4.11457 4.11061 4.10675 4.10301 4.09941 4.09596 4.09266 4.08954 4.08659 4.08383 4.08125 4.07886 4.07665 4.07463 4.07279 4.07113 4.06965 4.06833 4.06717 4.06616 4.0653 4.06458 4.06399 4.06354 4.0632 4.06298 4.06287 4.06287 
4.05657 4.05679 4.05713 4.05759 4.05817 4.05888 4.05971 4.06068 4.0618 4.06306 4.06447 4.06604 4.06779 4.06971 4.07181 4.0741 4.07658 4.07926 4.08213 4.08521 4.08848 4.09194 4.09559 4.09942 4.10342 4.10758 4.11188 4.1163 4.12082 4.12543 4.13009 4.13478 4.13948 4.14416 4.14878 4.15331 4.15773 4.16201 4.16611 4.17 4.17367 4.17707 4.18018 4.18299 4.18547 4.18759 4.18936 4.19074 4.19173 4.19232 4.19252 4.19231 4.1917 4.19069 4.1893 4.18753 4.18539 4.18292 4.18012 4.17702 4.17363 4.17 4.16614 4.16208 4.15786 4.1535 4.14903 4.14448 4.1399 4.13529 4.1307 4.12614 4.12165 4.11725 4.11296 4.10879 4.10478 4.10092 4.09725 4.09376 4.09046 4.08736 4.08447 4.08179 4.07931 4.07703 4.07496 4.07308 4.0714 4.0699 4.06857 4.06742 4.06644 4.06561 4.06492 4.06439 4.06398 4.06371 4.06357 4.06355 
4.05729 4.05751 4.05787 4.05837 4.059 4.05977 4.0607 4.06177 4.063 4.0644 4.06597 4.06773 4.06967 4.07181 4.07415 4.0767 4.07947 4.08246 4.08566 4.08909 4.09273 4.09658 4.10065 4.1049 4.10935 4.11396 4.11873 4.12363 4.12864 4.13374 4.1389 4.14409 4.14927 4.15443 4.15953 4.16453 4.1694 4.1741 4.17862 4.1829 4.18692 4.19066 4.19408 4.19716 4.19987 4.20221 4.20413 4.20564 4.20673 4.20737 4.20758 4.20734 4.20667 4.20556 4.20402 4.20207 4.19973 4.197 4.19392 4.1905 4.18678 4.18277 4.17852 4.17405 4.16939 4.16458 4.15965 4.15463 4.14956 4.14447 4.13938 4.13434 4.12936 4.12448 4.11972 4.1151 4.11063 4.10635 4.10225 4.09836 4.09469 4.09123 4.08799 4.08499 4.08221 4.07965 4.07732 4.07521 4.0733 4.07161 4.07011 4.0688 4.06767 4.06672 4.06593 4.06531 4.06483 4.0645 4.06432 4.06427 
4.05806 4.05829 4.05867 4.0592 4.05989 4.06074 4.06176 4.06295 4.06431 4.06586 4.06761 4.06956 4.07172 4.0741 4.0767 4.07954 4.08262 4.08594 4.0895 4.09331 4.09735 4.10163 4.10614 4.11086 4.11578 4.12089 4.12616 4.13158 4.13711 4.14274 4.14843 4.15415 4.15986 4.16554 4.17114 4.17664 4.18198 4.18715 4.1921 4.19679 4.2012 4.2053 4.20904 4.21241 4.21538 4.21792 4.22003 4.22167 4.22285 4.22356 4.22378 4.22351 4.22277 4.22154 4.21986 4.21772 4.21514 4.21216 4.20877 4.20502 4.20094 4.19654 4.19187 4.18695 4.18183 4.17654 4.17111 4.16559 4.16 4.15439 4.14878 4.14321 4.13771 4.13232 4.12705 4.12193 4.11698 4.11223 4.10769 4.10336 4.09927 4.09542 4.09182 4.08846 4.08536 4.0825 4.07989 4.07751 4.07538 4.07346 4.07177 4.07029 4.06901 4.06793 4.06702 4.0663 4.06575 4.06536 4.06513 4.06506 
4.05889 4.05912 4.05953 4.06011 4.06086 4.06179 4.06291 4.06422 4.06573 4.06745 4.06938 4.07154 4.07394 4.07658 4.07947 4.08262 4.08604 4.08972 4.09366 4.09788 4.10236 4.10709 4.11207 4.11729 4.12273 4.12836 4.13418 4.14014 4.14624 4.15243 4.15868 4.16496 4.17124 4.17746 4.18361 4.18962 4.19548 4.20113 4.20654 4.21167 4.21649 4.22096 4.22504 4.22871 4.23195 4.23472 4.23701 4.2388 4.24008 4.24084 4.24108 4.24078 4.23996 4.23863 4.23678 4.23444 4.23163 4.22836 4.22466 4.22056 4.21609 4.21128 4.20616 4.20078 4.19517 4.18937 4.18341 4.17735 4.17121 4.16504 4.15888 4.15275 4.1467 4.14075 4.13494 4.12929 4.12383 4.11858 4.11355 4.10876 4.10423 4.09995 4.09595 4.09222 4.08876 4.08558 4.08266 4.08001 4.07762 4.07547 4.07357 4.0719 4.07046 4.06923 4.0682 4.06737 4.06673 4.06628 4.066 4.0659 
4.05977 4.06002 4.06045 4.06108 4.0619 4.06292 4.06415 4.06559 4.06726 4.06915 4.07129 4.07368 4.07634 4.07926 4.08246 4.08594 4.08972 4.09378 4.09815 4.1028 4.10774 4.11296 4.11845 4.1242 4.13018 4.13638 4.14277 4.14932 4.15601 4.16279 4.16965 4.17652 4.18339 4.19019 4.19691 4.20348 4.20987 4.21603 4.22192 4.22751 4.23275 4.23761 4.24205 4.24604 4.24956 4.25257 4.25505 4.257 4.25838 4.2592 4.25945 4.25913 4.25823 4.25677 4.25476 4.25221 4.24914 4.24558 4.24155 4.23708 4.23221 4.22696 4.22138 4.21551 4.20938 4.20304 4.19653 4.1899 4.18319 4.17643 4.16967 4.16296 4.15631 4.14978 4.1434 4.13718 4.13117 4.12538 4.11984 4.11455 4.10955 4.10482 4.10039 4.09626 4.09243 4.08889 4.08565 4.08269 4.08003 4.07763 4.0755 4.07363 4.07201 4.07062 4.06946 4.06852 4.06779 4.06727 4.06694 4.0668 
4.06072 4.06098 4.06144 4.06212 4.06301 4.06413 4.06548 4.06707 4.0689 4.07099 4.07335 4.07598 4.07891 4.08213 4.08566 4.0895 4.09366 4.09815 4.10295 4.10807 4.11351 4.11924 4.12527 4.13158 4.13814 4.14493 4.15193 4.1591 4.16641 4.17383 4.18131 4.18881 4.19629 4.20371 4.21102 4.21817 4.22511 4.23181 4.23821 4.24427 4.24996 4.25523 4.26004 4.26436 4.26816 4.27142 4.27411 4.27621 4.2777 4.27859 4.27885 4.27849 4.27752 4.27593 4.27375 4.27098 4.26765 4.26379 4.25941 4.25456 4.24926 4.24356 4.2375 4.23111 4.22444 4.21754 4.21045 4.20322 4.1959 4.18853 4.18115 4.17381 4.16654 4.1594 4.1524 4.14559 4.139 4.13264 4.12655 4.12074 4.11523 4.11003 4.10514 4.10058 4.09634 4.09243 4.08884 4.08557 4.08261 4.07995 4.07758 4.07549 4.07367 4.07212 4.07082 4.06975 4.06892 4.06832 4.06794 4.06777 
4.06174 4.062 4.0625 4.06323 4.0642 4.06543 4.0669 4.06864 4.07066 4.07295 4.07555 4.07845 4.08166 4.08521 4.08909 4.09331 4.09788 4.1028 4.10807 4.11369 4.11964 4.12593 4.13253 4.13943 4.1466 4.15401 4.16165 4.16947 4.17743 4.18551 4.19365 4.2018 4.20993 4.21798 4.22591 4.23366 4.24118 4.24843 4.25536 4.26192 4.26806 4.27375 4.27895 4.28361 4.28771 4.29122 4.29412 4.29638 4.29799 4.29894 4.29922 4.29883 4.29777 4.29605 4.29369 4.2907 4.2871 4.28292 4.27819 4.27294 4.2672 4.26103 4.25446 4.24754 4.24031 4.23283 4.22514 4.21729 4.20933 4.20131 4.19328 4.18529 4.17737 4.16958 4.16195 4.15451 4.14731 4.14036 4.13369 4.12732 4.12128 4.11557 4.1102 4.10518 4.10052 4.09621 4.09225 4.08864 4.08536 4.08241 4.07979 4.07747 4.07545 4.07371 4.07226 4.07107 4.07013 4.06945 4.069 4.0688 
4.06281 4.06309 4.06362 4.06441 4.06547 4.0668 4.06842 4.07032 4.07253 4.07504 4.07789 4.08107 4.08459 4.08848 4.09273 4.09735 4.10236 4.10774 4.11351 4.11964 4.12615 4.13301 4.14021 4.14772 4.15553 4.1636 4.17191 4.1804 4.18905 4.19781 4.20663 4.21546 4.22426 4.23297 4.24154 4.24991 4.25803 4.26585 4.27332 4.28039 4.287 4.29313 4.29872 4.30373 4.30814 4.31191 4.31502 4.31745 4.31917 4.32019 4.32048 4.32006 4.31892 4.31707 4.31452 4.3113 4.30742 4.30292 4.29782 4.29216 4.28598 4.27932 4.27224 4.26476 4.25695 4.24887 4.24055 4.23205 4.22344 4.21475 4.20605 4.19737 4.18878 4.18032 4.17202 4.16392 4.15608 4.1485 4.14123 4.13428 4.12767 4.12143 4.11556 4.11006 4.10495 4.10022 4.09587 4.09189 4.08828 4.08503 4.08213 4.07957 4.07733 4.07541 4.07379 4.07246 4.07141 4.07064 4.07014 4.0699 
4.06396 4.06424 4.06481 4.06567 4.06682 4.06827 4.07003 4.0721 4.07451 4.07726 4.08037 4.08384 4.0877 4.09194 4.09658 4.10163 4.10709 4.11296 4.11924 4.12593 4.13301 4.14047 4.14829 4.15645 4.16493 4.17368 4.18267 4.19187 4.20123 4.21069 4.22022 4.22976 4.23925 4.24863 4.25786 4.26687 4.27561 4.28401 4.29203 4.29962 4.30672 4.31329 4.31928 4.32466 4.32938 4.33342 4.33674 4.33934 4.34118 4.34226 4.34257 4.34211 4.34088 4.3389 4.33617 4.33271 4.32855 4.32372 4.31824 4.31217 4.30553 4.29838 4.29075 4.28271 4.27431 4.2656 4.25664 4.24748 4.23819 4.22881 4.21941 4.21003 4.20074 4.19157 4.18258 4.17381 4.16529 4.15706 4.14916 4.1416 4.13441 4.12761 4.1212 4.1152 4.10962 4.10445 4.09968 4.09533 4.09137 4.0878 4.08461 4.08179 4.07933 4.0772 4.07541 4.07394 4.07277 4.07191 4.07134 4.07106 
4.06516 4.06546 4.06607 4.06699 4.06824 4.06981 4.07173 4.07399 4.07661 4.07961 4.08299 4.08678 4.09097 4.09559 4.10065 4.10614 4.11207 4.11845 4.12527 4.13253 4.14021 4.14829 4.15676 4.16559 4.17476 4.18421 4.19392 4.20384 4.21393 4.22413 4.23438 4.24464 4.25483 4.26491 4.27481 4.28448 4.29384 4.30284 4.31143 4.31955 4.32714 4.33416 4.34056 4.3463 4.35133 4.35564 4.35919 4.36195 4.36392 4.36507 4.3654 4.3649 4.36359 4.36146 4.35854 4.35485 4.3504 4.34523 4.33938 4.33288 4.32577 4.31811 4.30995 4.30134 4.29233 4.28298 4.27336 4.26352 4.25353 4.24344 4.23332 4.22322 4.2132 4.20331 4.19361 4.18413 4.17492 4.16602 4.15746 4.14927 4.14147 4.13408 4.12713 4.1206 4.11452 4.10889 4.1037 4.09894 4.09462 4.09072 4.08723 4.08414 4.08143 4.07909 4.07712 4.07549 4.07421 4.07325 4.07261 4.07228 
4.06643 4.06674 4.0674 4.06839 4.06974 4.07144 4.07352 4.07597 4.07882 4.08207 4.08575 4.08986 4.09441 4.09942 4.1049 4.11086 4.11729 4.1242 4.13158 4.13943 4.14772 4.15645 4.16559 4.17512 4.18499 4.19517 4.20561 4.21628 4.22711 4.23806 4.24905 4.26004 4.27096 4.28175 4.29234 4.30266 4.31266 4.32227 4.33143 4.34008 4.34817 4.35565 4.36246 4.36856 4.37392 4.3785 4.38227 4.38521 4.38729 4.38851 4.38885 4.38833 4.38692 4.38466 4.38155 4.37762 4.37288 4.36738 4.36114 4.35421 4.34663 4.33846 4.32975 4.32055 4.31092 4.30093 4.29064 4.28011 4.2694 4.25859 4.24773 4.23689 4.22613 4.2155 4.20506 4.19486 4.18494 4.17534 4.1661 4.15726 4.14883 4.14084 4.13331 4.12624 4.11965 4.11354 4.1079 4.10273 4.09802 4.09377 4.08997 4.08659 4.08363 4.08108 4.07891 4.07713 4.07571 4.07465 4.07394 4.07357 
4.06776 4.06809 4.06878 4.06986 4.07131 4.07315 4.07539 4.07805 4.08113 4.08465 4.08863 4.09307 4.098 4.10342 4.10935 4.11578 4.12273 4.13018 4.13814 4.1466 4.15553 4.16493 4.17476 4.18499 4.19558 4.20651 4.2177 4.22913 4.24072 4.25243 4.26418 4.27592 4.28757 4.29907 4.31036 4.32135 4.33199 4.34221 4.35195 4.36114 4.36973 4.37766 4.38489 4.39136 4.39704 4.40189 4.40588 4.40899 4.4112 4.41248 4.41285 4.41228 4.41079 4.40839 4.40509 4.40092 4.39589 4.39005 4.38343 4.37607 4.36802 4.35933 4.35007 4.34028 4.33003 4.31938 4.30841 4.29718 4.28575 4.2742 4.2626 4.251 4.23948 4.2281 4.21691 4.20596 4.19531 4.185 4.17507 4.16555 4.15647 4.14786 4.13974 4.13211 4.12499 4.11838 4.11227 4.10667 4.10157 4.09696 4.09283 4.08916 4.08594 4.08315 4.08079 4.07884 4.07729 4.07612 4.07533 4.07492 
4.06915 4.06949 4.07023 4.07138 4.07295 4.07493 4.07735 4.08021 4.08354 4.08734 4.09163 4.09642 4.10174 4.10758 4.11396 4.12089 4.12836 4.13638 4.14493 4.15401 4.1636 4.17368 4.18421 4.19517 4.20651 4.21818 4.23015 4.24234 4.25471 4.26719 4.2797 4.29219 4.30459 4.31681 4.32879 4.34046 4.35175 4.36258 4.37289 4.38262 4.39171 4.4001 4.40774 4.41458 4.42058 4.4257 4.42991 4.43319 4.43552 4.43687 4.43725 4.43666 4.43508 4.43254 4.42906 4.42464 4.41933 4.41315 4.40615 4.39836 4.38984 4.38063 4.37081 4.36043 4.34955 4.33825 4.3266 4.31466 4.3025 4.29021 4.27785 4.26549 4.2532 4.24105 4.22909 4.21739 4.20599 4.19495 4.18431 4.1741 4.16436 4.15512 4.14638 4.13818 4.13051 4.12339 4.11681 4.11076 4.10526 4.10027 4.0958 4.09182 4.08833 4.08531 4.08274 4.08062 4.07893 4.07765 4.07679 4.07633 
4.07059 4.07095 4.07174 4.07297 4.07465 4.07678 4.07938 4.08246 4.08603 4.09012 4.09474 4.09989 4.1056 4.11188 4.11873 4.12616 4.13418 4.14277 4.15193 4.16165 4.17191 4.18267 4.19392 4.20561 4.2177 4.23015 4.24288 4.25586 4.26901 4.28226 4.29555 4.30879 4.32193 4.33488 4.34756 4.3599 4.37183 4.38327 4.39416 4.40443 4.41401 4.42285 4.4309 4.4381 4.44442 4.44981 4.45424 4.45769 4.46014 4.46156 4.46196 4.46133 4.45967 4.457 4.45332 4.44868 4.44308 4.43657 4.42918 4.42096 4.41197 4.40226 4.39189 4.38091 4.36941 4.35746 4.34511 4.33246 4.31958 4.30654 4.29342 4.28029 4.26722 4.25429 4.24156 4.22909 4.21694 4.20516 4.1938 4.18289 4.17247 4.16258 4.15322 4.14443 4.1362 4.12855 4.12148 4.11499 4.10906 4.10369 4.09887 4.09458 4.09081 4.08754 4.08477 4.08247 4.08063 4.07924 4.0783 4.07779 
4.07208 4.07246 4.0733 4.07461 4.07641 4.07869 4.08147 4.08478 4.08861 4.09299 4.09794 4.10346 4.10958 4.1163 4.12363 4.13158 4.14014 4.14932 4.1591 4.16947 4.1804 4.19187 4.20384 4.21628 4.22913 4.24234 4.25586 4.26962 4.28355 4.29758 4.31163 4.32564 4.33952 4.35318 4.36656 4.37957 4.39214 4.40419 4.41564 4.42644 4.43651 4.4458 4.45426 4.46182 4.46844 4.4741 4.47875 4.48237 4.48493 4.48642 4.48684 4.48617 4.48444 4.48163 4.47778 4.47289 4.46702 4.46018 4.45242 4.44378 4.43433 4.42411 4.41318 4.40163 4.38951 4.3769 4.36388 4.35052 4.3369 4.32311 4.30923 4.29533 4.28148 4.26777 4.25426 4.24102 4.22811 4.21558 4.20349 4.19187 4.18077 4.17021 4.16022 4.15083 4.14204 4.13385 4.12628 4.11932 4.11297 4.1072 4.10203 4.09742 4.09336 4.08985 4.08685 4.08437 4.08239 4.08088 4.07986 4.0793 
4.07362 4.07401 4.07491 4.0763 4.07822 4.08066 4.08363 4.08716 4.09126 4.09594 4.10122 4.10712 4.11365 4.12082 4.12864 4.13711 4.14624 4.15601 4.16641 4.17743 4.18905 4.20123 4.21393 4.22711 4.24072 4.25471 4.26901 4.28355 4.29826 4.31307 4.32789 4.34265 4.35726 4.37164 4.38571 4.39938 4.41258 4.42522 4.43724 4.44856 4.45911 4.46884 4.47769 4.4856 4.49253 4.49845 4.50331 4.50709 4.50977 4.51133 4.51176 4.51107 4.50925 4.50631 4.50228 4.49718 4.49103 4.48387 4.47574 4.46669 4.45678 4.44606 4.4346 4.42247 4.40974 4.39648 4.38279 4.36873 4.35439 4.33985 4.32521 4.31054 4.29591 4.28142 4.26713 4.25312 4.23944 4.22616 4.21333 4.201 4.1892 4.17798 4.16736 4.15736 4.14799 4.13926 4.13119 4.12375 4.11696 4.1108 4.10526 4.10032 4.09598 4.09221 4.089 4.08633 4.08419 4.08257 4.08146 4.08086 
4.07519 4.0756 4.07655 4.07804 4.08007 4.08267 4.08584 4.0896 4.09396 4.09895 4.10457 4.11085 4.1178 4.12543 4.13374 4.14274 4.15243 4.16279 4.17383 4.18551 4.19781 4.21069 4.22413 4.23806 4.25243 4.26719 4.28226 4.29758 4.31307 4.32864 4.34422 4.35973 4.37507 4.39015 4.4049 4.41922 4.43304 4.44626 4.45883 4.47066 4.48168 4.49184 4.50108 4.50933 4.51656 4.52273 4.52779 4.53173 4.53452 4.53615 4.5366 4.53588 4.53398 4.53092 4.52672 4.5214 4.51498 4.50751 4.49902 4.48958 4.47922 4.46802 4.45603 4.44333 4.43 4.41611 4.40175 4.38699 4.37194 4.35667 4.34127 4.32584 4.31044 4.29517 4.28011 4.26532 4.25088 4.23685 4.22328 4.21023 4.19774 4.18585 4.17459 4.16397 4.15403 4.14476 4.13617 4.12826 4.12103 4.11446 4.10855 4.10329 4.09865 4.09462 4.09118 4.08833 4.08604 4.0843 4.08311 4.08245 
4.07679 4.07722 4.07822 4.0798 4.08196 4.08471 4.08808 4.09207 4.09671 4.102 4.10797 4.11464 4.12201 4.13009 4.1389 4.14843 4.15868 4.16965 4.18131 4.19365 4.20663 4.22022 4.23438 4.24905 4.26418 4.2797 4.29555 4.31163 4.32789 4.34422 4.36055 4.37679 4.39284 4.40862 4.42403 4.43898 4.4534 4.4672 4.4803 4.49263 4.50411 4.51469 4.52429 4.53288 4.5404 4.54681 4.55207 4.55617 4.55907 4.56076 4.56123 4.56048 4.55851 4.55533 4.55096 4.54543 4.53875 4.53098 4.52215 4.51232 4.50153 4.48985 4.47735 4.4641 4.45018 4.43567 4.42066 4.40523 4.38947 4.37348 4.35734 4.34115 4.32499 4.30895 4.29312 4.27756 4.26236 4.24758 4.23328 4.21952 4.20634 4.19378 4.18187 4.17065 4.16012 4.1503 4.1412 4.13281 4.12514 4.11817 4.11189 4.10629 4.10135 4.09706 4.0934 4.09036 4.08791 4.08606 4.08478 4.08407 
4.07842 4.07886 4.07992 4.08158 4.08387 4.08679 4.09035 4.09458 4.09948 4.10509 4.11141 4.11845 4.12624 4.13478 4.14409 4.15415 4.16496 4.17652 4.18881 4.2018 4.21546 4.22976 4.24464 4.26004 4.27592 4.29219 4.30879 4.32564 4.34265 4.35973 4.37679 4.39374 4.41049 4.42694 4.44299 4.45857 4.47358 4.48793 4.50155 4.51435 4.52627 4.53725 4.54722 4.55612 4.56392 4.57056 4.57602 4.58026 4.58327 4.58502 4.58551 4.58473 4.58269 4.5794 4.57488 4.56914 4.56222 4.55416 4.545 4.53479 4.52358 4.51145 4.49845 4.48467 4.47018 4.45507 4.43942 4.42333 4.40689 4.39018 4.37332 4.35639 4.33948 4.32269 4.30609 4.28978 4.27383 4.25831 4.24329 4.22882 4.21495 4.20172 4.18918 4.17734 4.16624 4.15587 4.14626 4.13739 4.12928 4.1219 4.11525 4.10932 4.10408 4.09953 4.09564 4.09241 4.08981 4.08783 4.08647 4.08572 
4.08005 4.08052 4.08163 4.08338 4.08579 4.08887 4.09263 4.09709 4.10227 4.10818 4.11485 4.12228 4.13048 4.13948 4.14927 4.15986 4.17124 4.18339 4.19629 4.20993 4.22426 4.23925 4.25483 4.27096 4.28757 4.30459 4.32193 4.33952 4.35726 4.37507 4.39284 4.41049 4.42791 4.44501 4.46169 4.47787 4.49344 4.50833 4.52244 4.53571 4.54805 4.55941 4.56973 4.57894 4.587 4.59387 4.59951 4.60389 4.607 4.60881 4.60932 4.60852 4.60641 4.60302 4.59834 4.59241 4.58526 4.57692 4.56744 4.55688 4.54527 4.5327 4.51923 4.50493 4.48989 4.4742 4.45793 4.4412 4.42409 4.4067 4.38913 4.37147 4.35383 4.3363 4.31896 4.30191 4.28522 4.26897 4.25324 4.23806 4.22352 4.20964 4.19646 4.18402 4.17234 4.16144 4.15131 4.14197 4.13342 4.12563 4.11862 4.11235 4.10682 4.10201 4.0979 4.09447 4.09172 4.08962 4.08817 4.08737 
4.08169 4.08217 4.08334 4.08518 4.08772 4.09096 4.09491 4.09961 4.10505 4.11127 4.11828 4.12608 4.13471 4.14416 4.15443 4.16554 4.17746 4.19019 4.20371 4.21798 4.23297 4.24863 4.26491 4.28175 4.29907 4.31681 4.33488 4.35318 4.37164 4.39015 4.40862 4.42694 4.44501 4.46274 4.48003 4.49678 4.51289 4.52829 4.54288 4.55659 4.56934 4.58106 4.59171 4.60121 4.60952 4.6166 4.62242 4.62694 4.63014 4.63201 4.63253 4.63171 4.62955 4.62605 4.62123 4.61512 4.60775 4.59915 4.58937 4.57846 4.56648 4.55348 4.53956 4.52477 4.5092 4.49295 4.47609 4.45874 4.44098 4.42293 4.40467 4.38631 4.36796 4.34971 4.33165 4.31387 4.29647 4.27951 4.26307 4.24721 4.232 4.21747 4.20368 4.19065 4.1784 4.16696 4.15633 4.14653 4.13753 4.12935 4.12197 4.11537 4.10955 4.10448 4.10014 4.09653 4.09362 4.09141 4.08988 4.08902 
4.08331 4.08382 4.08504 4.08697 4.08963 4.09303 4.09718 4.1021 4.10781 4.11433 4.12167 4.12985 4.13888 4.14878 4.15953 4.17114 4.18361 4.19691 4.21102 4.22591 4.24154 4.25786 4.27481 4.29234 4.31036 4.32879 4.34756 4.36656 4.38571 4.4049 4.42403 4.44299 4.46169 4.48003 4.49789 4.51519 4.53182 4.5477 4.56275 4.57687 4.59001 4.60208 4.61304 4.62281 4.63137 4.63865 4.64463 4.64928 4.65257 4.6545 4.65504 4.6542 4.65197 4.64838 4.64343 4.63715 4.62957 4.62073 4.61066 4.59943 4.58709 4.5737 4.55933 4.54408 4.52801 4.51122 4.4938 4.47585 4.45748 4.43878 4.41986 4.40083 4.38179 4.36284 4.34408 4.3256 4.3075 4.28985 4.27272 4.2562 4.24034 4.22518 4.21078 4.19717 4.18437 4.17241 4.16129 4.15102 4.1416 4.13303 4.12529 4.11837 4.11225 4.10693 4.10237 4.09857 4.09552 4.09319 4.09157 4.09067 
4.08492 4.08545 4.08672 4.08874 4.09152 4.09507 4.09941 4.10456 4.11053 4.11734 4.12501 4.13356 4.14299 4.15331 4.16453 4.17664 4.18962 4.20348 4.21817 4.23366 4.24991 4.26687 4.28448 4.30266 4.32135 4.34046 4.3599 4.37957 4.39938 4.41922 4.43898 4.45857 4.47787 4.49678 4.51519 4.533 4.55013 4.56647 4.58194 4.59647 4.60996 4.62236 4.63361 4.64365 4.65242 4.6599 4.66603 4.6708 4.67418 4.67616 4.67672 4.67586 4.67358 4.6699 4.66483 4.65839 4.65062 4.64154 4.63121 4.61967 4.60699 4.59323 4.57845 4.56275 4.54621 4.52891 4.51095 4.49244 4.47348 4.45416 4.43462 4.41494 4.39523 4.37562 4.35618 4.33703 4.31825 4.29993 4.28215 4.26498 4.24849 4.23272 4.21773 4.20356 4.19022 4.17775 4.16615 4.15543 4.1456 4.13664 4.12855 4.12131 4.11491 4.10934 4.10457 4.10059 4.09738 4.09494 4.09325 4.0923 
4.0865 4.08705 4.08837 4.09047 4.09337 4.09707 4.1016 4.10697 4.11319 4.12029 4.12828 4.13718 4.14699 4.15773 4.1694 4.18198 4.19548 4.20987 4.22511 4.24118 4.25803 4.27561 4.29384 4.31266 4.33199 4.35175 4.37183 4.39214 4.41258 4.43304 4.4534 4.47358 4.49344 4.51289 4.53182 4.55013 4.56772 4.58449 4.60037 4.61526 4.6291 4.6418 4.65333 4.6636 4.67259 4.68024 4.68652 4.6914 4.69486 4.69688 4.69746 4.69659 4.69426 4.6905 4.68532 4.67873 4.67078 4.66149 4.65091 4.63909 4.62609 4.61197 4.59682 4.5807 4.5637 4.54592 4.52746 4.50841 4.48889 4.469 4.44885 4.42855 4.40822 4.38796 4.36788 4.34808 4.32866 4.3097 4.29128 4.2735 4.2564 4.24004 4.22449 4.20976 4.19591 4.18294 4.17088 4.15973 4.14949 4.14016 4.13173 4.12418 4.11751 4.1117 4.10672 4.10256 4.09921 4.09666 4.09489 4.09389 
4.08803 4.0886 4.08997 4.09216 4.09517 4.09902 4.10372 4.1093 4.11577 4.12314 4.13144 4.14068 4.15087 4.16201 4.1741 4.18715 4.20113 4.21603 4.23181 4.24843 4.26585 4.28401 4.30284 4.32227 4.34221 4.36258 4.38327 4.40419 4.42522 4.44626 4.4672 4.48793 4.50833 4.52829 4.5477 4.56647 4.58449 4.60167 4.61792 4.63316 4.64731 4.66031 4.67208 4.68258 4.69176 4.69958 4.70599 4.71098 4.71451 4.71658 4.71717 4.71629 4.71392 4.71009 4.7048 4.69808 4.68996 4.68047 4.66966 4.65758 4.64428 4.62984 4.61433 4.59782 4.5804 4.56217 4.54323 4.52368 4.50363 4.48319 4.46247 4.44159 4.42067 4.3998 4.37911 4.35869 4.33865 4.31908 4.30007 4.28169 4.26401 4.24709 4.23099 4.21575 4.2014 4.18796 4.17545 4.16388 4.15325 4.14356 4.13481 4.12697 4.12003 4.11398 4.1088 4.10448 4.10099 4.09833 4.09648 4.09544 
4.08951 4.0901 4.09152 4.09379 4.09691 4.1009 4.10577 4.11155 4.11825 4.12589 4.13448 4.14404 4.15458 4.16611 4.17862 4.1921 4.20654 4.22192 4.23821 4.25536 4.27332 4.29203 4.31143 4.33143 4.35195 4.37289 4.39416 4.41564 4.43724 4.45883 4.4803 4.50155 4.52244 4.54288 4.56275 4.58194 4.60037 4.61792 4.63452 4.65008 4.66452 4.67778 4.68979 4.7005 4.70985 4.71782 4.72436 4.72944 4.73305 4.73516 4.73577 4.73487 4.73246 4.72856 4.72318 4.71633 4.70806 4.69839 4.68737 4.67505 4.66148 4.64674 4.63089 4.61402 4.59621 4.57757 4.55818 4.53816 4.51762 4.49667 4.47542 4.45399 4.4325 4.41107 4.3898 4.3688 4.34818 4.32804 4.30845 4.28951 4.27128 4.25383 4.23721 4.22147 4.20665 4.19276 4.17983 4.16786 4.15686 4.14683 4.13776 4.12964 4.12245 4.11618 4.11081 4.10632 4.1027 4.09994 4.09802 4.09694 
4.09093 4.09153 4.093 4.09534 4.09856 4.10269 4.10772 4.11369 4.12061 4.1285 4.13737 4.14724 4.15812 4.17 4.1829 4.19679 4.21167 4.22751 4.24427 4.26192 4.28039 4.29962 4.31955 4.34008 4.36114 4.38262 4.40443 4.42644 4.44856 4.47066 4.49263 4.51435 4.53571 4.55659 4.57687 4.59647 4.61526 4.63316 4.65008 4.66593 4.68064 4.69414 4.70636 4.71726 4.72678 4.73488 4.74154 4.74671 4.75038 4.75253 4.75315 4.75224 4.7498 4.74584 4.74037 4.73342 4.725 4.71517 4.70396 4.69141 4.6776 4.66258 4.64643 4.62922 4.61106 4.59203 4.57223 4.55178 4.53078 4.50935 4.4876 4.46567 4.44366 4.42169 4.39988 4.37834 4.35718 4.33649 4.31637 4.2969 4.27816 4.26021 4.24311 4.2269 4.21163 4.19731 4.18398 4.17164 4.16029 4.14994 4.14058 4.13219 4.12476 4.11828 4.11272 4.10808 4.10434 4.10148 4.09949 4.09837 
4.09227 4.09289 4.0944 4.09681 4.10013 4.10438 4.10957 4.11572 4.12284 4.13096 4.1401 4.15025 4.16144 4.17367 4.18692 4.2012 4.21649 4.23275 4.24996 4.26806 4.287 4.30672 4.32714 4.34817 4.36973 4.39171 4.41401 4.43651 4.45911 4.48168 4.50411 4.52627 4.54805 4.56934 4.59001 4.60996 4.6291 4.64731 4.66452 4.68064 4.69559 4.70931 4.72173 4.7328 4.74247 4.7507 4.75745 4.7627 4.76643 4.76862 4.76925 4.76833 4.76586 4.76185 4.7563 4.74925 4.74071 4.73073 4.71934 4.7066 4.69256 4.67728 4.66086 4.64335 4.62486 4.60547 4.5853 4.56445 4.54303 4.52116 4.49896 4.47655 4.45406 4.4316 4.4093 4.38726 4.36559 4.3444 4.32378 4.30382 4.2846 4.26618 4.24863 4.23199 4.2163 4.20159 4.18788 4.17519 4.16352 4.15287 4.14322 4.13458 4.12693 4.12025 4.11453 4.10974 4.10588 4.10293 4.10088 4.09972 
4.09352 4.09416 4.09571 4.09818 4.10159 4.10596 4.11129 4.1176 4.12492 4.13326 4.14263 4.15305 4.16453 4.17707 4.19066 4.2053 4.22096 4.23761 4.25523 4.27375 4.29313 4.31329 4.33416 4.35565 4.37766 4.4001 4.42285 4.4458 4.46884 4.49184 4.51469 4.53725 4.55941 4.58106 4.60208 4.62236 4.6418 4.66031 4.67778 4.69414 4.70931 4.72322 4.73582 4.74704 4.75684 4.76519 4.77203 4.77736 4.78114 4.78336 4.784 4.78308 4.78058 4.77652 4.77091 4.76376 4.75511 4.745 4.73345 4.72053 4.70629 4.69079 4.67411 4.65633 4.63754 4.61783 4.59732 4.5761 4.5543 4.53204 4.50942 4.48659 4.46366 4.44075 4.41799 4.39549 4.37336 4.35171 4.33064 4.31023 4.29056 4.27172 4.25375 4.2367 4.22063 4.20556 4.19151 4.17849 4.16652 4.15558 4.14569 4.13682 4.12896 4.12209 4.11621 4.11129 4.10732 4.10429 4.10218 4.10098 
4.09468 4.09532 4.09691 4.09945 4.10294 4.10741 4.11287 4.11934 4.12683 4.13536 4.14496 4.15562 4.16736 4.18018 4.19408 4.20904 4.22504 4.24205 4.26004 4.27895 4.29872 4.31928 4.34056 4.36246 4.38489 4.40774 4.4309 4.45426 4.47769 4.50108 4.52429 4.54722 4.56973 4.59171 4.61304 4.63361 4.65333 4.67208 4.68979 4.70636 4.72173 4.73582 4.74857 4.75993 4.76985 4.77829 4.78522 4.79061 4.79444 4.79668 4.79735 4.79641 4.79389 4.78979 4.78412 4.77689 4.76815 4.75791 4.74623 4.73315 4.71872 4.70302 4.68612 4.6681 4.64904 4.62905 4.60823 4.58669 4.56455 4.54192 4.51893 4.49571 4.47238 4.44907 4.4259 4.40298 4.38044 4.35837 4.33688 4.31607 4.29601 4.27677 4.25842 4.24101 4.22459 4.20919 4.19482 4.18151 4.16926 4.15807 4.14794 4.13886 4.13082 4.12379 4.11776 4.11272 4.10865 4.10554 4.10337 4.10215 
4.09572 4.09638 4.098 4.10059 4.10416 4.10873 4.1143 4.1209 4.12855 4.13727 4.14706 4.15794 4.16992 4.18299 4.19716 4.21241 4.22871 4.24604 4.26436 4.28361 4.30373 4.32466 4.3463 4.36856 4.39136 4.41458 4.4381 4.46182 4.4856 4.50933 4.53288 4.55612 4.57894 4.60121 4.62281 4.64365 4.6636 4.68258 4.7005 4.71726 4.7328 4.74704 4.75993 4.77141 4.78143 4.78996 4.79696 4.80241 4.80628 4.80855 4.80922 4.80829 4.80575 4.80161 4.79588 4.78859 4.77976 4.76942 4.75761 4.74439 4.72981 4.71393 4.69683 4.67859 4.6593 4.63906 4.61797 4.59614 4.5737 4.55075 4.52744 4.50387 4.48019 4.45652 4.43298 4.40969 4.38678 4.36434 4.34249 4.32131 4.30089 4.28131 4.26262 4.24489 4.22815 4.21245 4.1978 4.18423 4.17173 4.16032 4.14998 4.14071 4.13249 4.12532 4.11916 4.11401 4.10985 4.10667 4.10446 4.10321 
4.09665 4.09732 4.09897 4.10161 4.10525 4.10989 4.11557 4.12229 4.13008 4.13895 4.14891 4.15998 4.17217 4.18547 4.19987 4.21538 4.23195 4.24956 4.26816 4.28771 4.30814 4.32938 4.35133 4.37392 4.39704 4.42058 4.44442 4.46844 4.49253 4.51656 4.5404 4.56392 4.587 4.60952 4.63137 4.65242 4.67259 4.69176 4.70985 4.72678 4.74247 4.75684 4.76985 4.78143 4.79155 4.80015 4.80722 4.81271 4.81661 4.81891 4.81959 4.81865 4.81609 4.81192 4.80615 4.7988 4.7899 4.77947 4.76756 4.75422 4.7395 4.72347 4.7062 4.68777 4.66828 4.64782 4.6265 4.60442 4.58171 4.55849 4.53489 4.51103 4.48704 4.46305 4.43919 4.41559 4.39235 4.36959 4.34741 4.32591 4.30518 4.28529 4.26631 4.2483 4.23129 4.21533 4.20043 4.18663 4.17392 4.1623 4.15178 4.14235 4.13398 4.12667 4.1204 4.11515 4.11092 4.10768 4.10542 4.10414 
4.09746 4.09814 4.09981 4.10249 4.10618 4.1109 4.11667 4.12349 4.1314 4.1404 4.15051 4.16174 4.17411 4.18759 4.20221 4.21792 4.23472 4.25257 4.27142 4.29122 4.31191 4.33342 4.35564 4.3785 4.40189 4.4257 4.44981 4.4741 4.49845 4.52273 4.54681 4.57056 4.59387 4.6166 4.63865 4.6599 4.68024 4.69958 4.71782 4.73488 4.7507 4.76519 4.77829 4.78996 4.80015 4.80882 4.81594 4.82147 4.82541 4.82772 4.82841 4.82747 4.8249 4.8207 4.81489 4.80749 4.79852 4.78802 4.77602 4.76258 4.74775 4.73159 4.71417 4.69559 4.67593 4.65528 4.63376 4.61147 4.58854 4.56509 4.54124 4.51712 4.49288 4.46863 4.4445 4.42062 4.3971 4.37407 4.35162 4.32985 4.30886 4.28871 4.26948 4.25122 4.23398 4.21779 4.20269 4.18869 4.17579 4.16401 4.15333 4.14375 4.13526 4.12784 4.12147 4.11614 4.11184 4.10855 4.10626 4.10496 
4.09813 4.09882 4.10052 4.10323 4.10697 4.11174 4.11758 4.12449 4.13249 4.1416 4.15184 4.1632 4.17571 4.18936 4.20413 4.22003 4.23701 4.25505 4.27411 4.29412 4.31502 4.33674 4.35919 4.38227 4.40588 4.42991 4.45424 4.47875 4.50331 4.52779 4.55207 4.57602 4.59951 4.62242 4.64463 4.66603 4.68652 4.70599 4.72436 4.74154 4.75745 4.77203 4.78522 4.79696 4.80722 4.81594 4.8231 4.82867 4.83263 4.83496 4.83565 4.83471 4.83212 4.82791 4.82207 4.81462 4.80561 4.79504 4.78297 4.76944 4.75452 4.73825 4.72072 4.70201 4.6822 4.66141 4.63972 4.61726 4.59415 4.5705 4.54646 4.52214 4.49768 4.47321 4.44886 4.42475 4.40101 4.37775 4.35508 4.3331 4.31188 4.29152 4.27209 4.25363 4.2362 4.21983 4.20456 4.19039 4.17735 4.16542 4.15462 4.14492 4.13632 4.12881 4.12236 4.11697 4.11261 4.10927 4.10695 4.10564 
4.09867 4.09936 4.10108 4.10381 4.10759 4.11241 4.1183 4.12528 4.13336 4.14255 4.15288 4.16435 4.17697 4.19074 4.20564 4.22167 4.2388 4.257 4.27621 4.29638 4.31745 4.33934 4.36195 4.38521 4.40899 4.43319 4.45769 4.48237 4.50709 4.53173 4.55617 4.58026 4.60389 4.62694 4.64928 4.6708 4.6914 4.71098 4.72944 4.74671 4.7627 4.77736 4.79061 4.80241 4.81271 4.82147 4.82867 4.83426 4.83824 4.84059 4.84129 4.84034 4.83775 4.83351 4.82765 4.82017 4.81111 4.8005 4.78837 4.77478 4.75978 4.74343 4.72581 4.707 4.68708 4.66617 4.64436 4.62176 4.59851 4.57471 4.55051 4.52603 4.50141 4.47677 4.45225 4.42797 4.40406 4.38063 4.35778 4.33562 4.31424 4.29372 4.27412 4.25551 4.23794 4.22143 4.20602 4.19173 4.17857 4.16653 4.15563 4.14584 4.13716 4.12958 4.12307 4.11762 4.11322 4.10985 4.10751 4.10618 
4.09906 4.09976 4.10149 4.10424 4.10804 4.1129 4.11883 4.12585 4.13398 4.14324 4.15363 4.16518 4.17788 4.19173 4.20673 4.22285 4.24008 4.25838 4.2777 4.29799 4.31917 4.34118 4.36392 4.38729 4.4112 4.43552 4.46014 4.48493 4.50977 4.53452 4.55907 4.58327 4.607 4.63014 4.65257 4.67418 4.69486 4.71451 4.73305 4.75038 4.76643 4.78114 4.79444 4.80628 4.81661 4.82541 4.83263 4.83824 4.84223 4.84459 4.84529 4.84434 4.84174 4.83749 4.83161 4.82411 4.81502 4.80438 4.79221 4.77857 4.76351 4.7471 4.72942 4.71053 4.69054 4.66954 4.64764 4.62495 4.60159 4.5777 4.55339 4.52879 4.50405 4.4793 4.45465 4.43026 4.40622 4.38266 4.3597 4.33742 4.31592 4.29529 4.27558 4.25686 4.23918 4.22257 4.20707 4.19269 4.17944 4.16733 4.15636 4.14651 4.13777 4.13013 4.12358 4.1181 4.11367 4.11028 4.10791 4.10658 
4.09931 4.10002 4.10175 4.10451 4.10833 4.1132 4.11916 4.12621 4.13437 4.14366 4.15409 4.16568 4.17842 4.19232 4.20737 4.22356 4.24084 4.2592 4.27859 4.29894 4.32019 4.34226 4.36507 4.38851 4.41248 4.43687 4.46156 4.48642 4.51133 4.53615 4.56076 4.58502 4.60881 4.63201 4.6545 4.67616 4.69688 4.71658 4.73516 4.75253 4.76862 4.78336 4.79668 4.80855 4.81891 4.82772 4.83496 4.84059 4.84459 4.84695 4.84765 4.8467 4.8441 4.83984 4.83395 4.82643 4.81733 4.80665 4.79446 4.78079 4.7657 4.74925 4.73153 4.7126 4.69256 4.67151 4.64955 4.62681 4.60339 4.57943 4.55506 4.5304 4.50559 4.48077 4.45605 4.43159 4.40748 4.38385 4.36082 4.33847 4.31691 4.2962 4.27643 4.25765 4.23991 4.22325 4.20769 4.19326 4.17997 4.16782 4.1568 4.14691 4.13814 4.13048 4.1239 4.11839 4.11395 4.11054 4.10817 4.10683 
