4.88429 4.88448 4.88473 4.88504 4.88541 4.88585 4.88636 4.88693 4.88757 4.88827 4.88905 4.88991 4.89083 4.89183 4.89292 4.89408 4.89532 4.89664 4.89804 4.89952 4.90108 4.90271 4.90442 4.9062 4.90804 4.90994 4.9119 4.9139 4.91593 4.918 4.92009 4.92218 4.92427 4.92634 4.92839 4.9304 4.93235 4.93424 4.93606 4.93778 4.9394 4.94091 4.9423 4.94355 4.94465 4.94561 4.9464 4.94703 4.94749 4.94778 4.94789 4.94783 4.94759 4.94718 4.9466 4.94586 4.94496 4.9439 4.94271 4.94138 4.93993 4.93836 4.9367 4.93495 4.93312 4.93123 4.92929 4.92731 4.92531 4.9233 4.92129 4.91928 4.91731 4.91536 4.91346 4.91161 4.90981 4.90809 4.90643 4.90485 4.90336 4.90195 4.90062 4.89939 4.89825 4.8972 4.89623 4.89536 4.89458 4.89388 4.89327 4.89275 4.8923 4.89193 4.89164 4.89142 4.89127 4.89119 4.89118 4.89124 
4.88448 4.88466 4.88491 4.88522 4.8856 4.88604 4.88655 4.88712 4.88776 4.88848 4.88926 4.89012 4.89105 4.89206 4.89315 4.89432 4.89557 4.8969 4.89831 4.8998 4.90137 4.90302 4.90475 4.90654 4.9084 4.91032 4.91229 4.91431 4.91637 4.91845 4.92056 4.92267 4.92478 4.92687 4.92894 4.93096 4.93294 4.93485 4.93668 4.93842 4.94006 4.94158 4.94297 4.94424 4.94535 4.94632 4.94712 4.94775 4.94822 4.94851 4.94862 4.94856 4.94832 4.9479 4.94732 4.94657 4.94566 4.94459 4.94338 4.94204 4.94058 4.939 4.93732 4.93555 4.9337 4.9318 4.92984 4.92784 4.92582 4.92379 4.92176 4.91974 4.91774 4.91577 4.91385 4.91198 4.91017 4.90843 4.90676 4.90517 4.90366 4.90224 4.9009 4.89966 4.8985 4.89744 4.89647 4.89559 4.8948 4.8941 4.89348 4.89295 4.8925 4.89213 4.89183 4.89161 4.89146 4.89138 4.89137 4.89142 
4.88473 4.88491 4.88516 4.88548 4.88586 4.88631 4.88683 4.88741 4.88806 4.88879 4.88959 4.89047 4.89142 4.89245 4.89357 4.89476 4.89604 4.8974 4.89885 4.90038 4.90199 4.90368 4.90544 4.90728 4.90918 4.91115 4.91317 4.91524 4.91735 4.91948 4.92164 4.9238 4.92596 4.92811 4.93022 4.9323 4.93432 4.93628 4.93815 4.93993 4.94161 4.94316 4.94459 4.94588 4.94703 4.94801 4.94883 4.94948 4.94996 4.95025 4.95037 4.9503 4.95005 4.94963 4.94903 4.94826 4.94732 4.94623 4.945 4.94362 4.94212 4.9405 4.93878 4.93697 4.93508 4.93312 4.93111 4.92907 4.927 4.92492 4.92283 4.92076 4.91871 4.9167 4.91473 4.91281 4.91096 4.90917 4.90746 4.90582 4.90428 4.90282 4.90144 4.90017 4.89898 4.89789 4.89689 4.89599 4.89518 4.89445 4.89382 4.89327 4.8928 4.89242 4.89211 4.89188 4.89172 4.89164 4.89162 4.89167 
4.88504 4.88522 4.88548 4.8858 4.88619 4.88665 4.88719 4.88779 4.88846 4.88922 4.89005 4.89095 4.89194 4.89301 4.89417 4.89541 4.89674 4.89815 4.89966 4.90124 4.90292 4.90467 4.90651 4.90842 4.9104 4.91244 4.91454 4.91669 4.91888 4.9211 4.92334 4.92559 4.92783 4.93005 4.93225 4.93441 4.9365 4.93853 4.94047 4.94232 4.94406 4.94567 4.94716 4.94849 4.94968 4.9507 4.95155 4.95222 4.95271 4.95301 4.95313 4.95306 4.9528 4.95236 4.95173 4.95093 4.94996 4.94883 4.94754 4.94612 4.94456 4.94288 4.94109 4.93921 4.93724 4.93521 4.93313 4.931 4.92885 4.92668 4.92452 4.92237 4.92024 4.91814 4.91609 4.9141 4.91217 4.91031 4.90852 4.90682 4.90521 4.90368 4.90225 4.90092 4.89968 4.89854 4.8975 4.89656 4.89571 4.89495 4.89428 4.8937 4.89321 4.8928 4.89248 4.89223 4.89206 4.89196 4.89194 4.89199 
4.88541 4.8856 4.88586 4.88619 4.8866 4.88708 4.88763 4.88826 4.88897 4.88975 4.89062 4.89158 4.89261 4.89374 4.89496 4.89626 4.89766 4.89915 4.90073 4.90241 4.90417 4.90602 4.90795 4.90996 4.91204 4.91419 4.9164 4.91867 4.92097 4.9233 4.92566 4.92802 4.93038 4.93272 4.93503 4.93729 4.93949 4.94162 4.94366 4.9456 4.94742 4.94911 4.95066 4.95207 4.95331 4.95437 4.95526 4.95596 4.95648 4.95679 4.95691 4.95684 4.95656 4.9561 4.95544 4.9546 4.95358 4.95238 4.95103 4.94953 4.94789 4.94613 4.94425 4.94227 4.9402 4.93807 4.93587 4.93364 4.93137 4.9291 4.92682 4.92455 4.92231 4.9201 4.91794 4.91584 4.9138 4.91184 4.90996 4.90816 4.90645 4.90484 4.90333 4.90192 4.90061 4.8994 4.8983 4.89729 4.89639 4.89558 4.89487 4.89425 4.89372 4.89328 4.89293 4.89266 4.89247 4.89236 4.89232 4.89237 
4.88585 4.88604 4.88631 4.88665 4.88708 4.88758 4.88816 4.88883 4.88957 4.89041 4.89133 4.89234 4.89344 4.89464 4.89593 4.89732 4.89881 4.9004 4.90208 4.90386 4.90574 4.90771 4.90976 4.9119 4.91412 4.91641 4.91876 4.92117 4.92362 4.9261 4.9286 4.93111 4.93361 4.9361 4.93855 4.94095 4.94328 4.94554 4.9477 4.94976 4.95169 4.95348 4.95512 4.95661 4.95792 4.95905 4.95998 4.96073 4.96127 4.9616 4.96172 4.96164 4.96135 4.96085 4.96015 4.95925 4.95817 4.9569 4.95547 4.95387 4.95213 4.95025 4.94826 4.94616 4.94396 4.94169 4.93936 4.93699 4.93458 4.93216 4.92973 4.92732 4.92493 4.92258 4.92028 4.91804 4.91587 4.91377 4.91176 4.90985 4.90802 4.9063 4.90468 4.90317 4.90177 4.90047 4.89928 4.8982 4.89722 4.89635 4.89558 4.89491 4.89434 4.89386 4.89347 4.89317 4.89296 4.89283 4.89278 4.89281 
4.88636 4.88655 4.88683 4.88719 4.88763 4.88816 4.88878 4.88949 4.89028 4.89117 4.89216 4.89324 4.89443 4.89571 4.8971 4.89859 4.90019 4.9019 4.90371 4.90562 4.90764 4.90975 4.91196 4.91426 4.91664 4.9191 4.92162 4.92421 4.92683 4.92949 4.93217 4.93486 4.93754 4.9402 4.94283 4.94539 4.94789 4.9503 4.95261 4.95481 4.95687 4.95878 4.96054 4.96212 4.96351 4.96472 4.96572 4.9665 4.96708 4.96743 4.96756 4.96746 4.96715 4.96661 4.96586 4.9649 4.96374 4.96238 4.96085 4.95914 4.95727 4.95527 4.95313 4.95088 4.94853 4.94609 4.9436 4.94105 4.93847 4.93587 4.93327 4.93068 4.92811 4.92559 4.92312 4.92071 4.91837 4.91611 4.91395 4.91188 4.90991 4.90806 4.90631 4.90467 4.90315 4.90175 4.90046 4.89928 4.89822 4.89727 4.89643 4.89569 4.89506 4.89453 4.8941 4.89376 4.89352 4.89336 4.8933 4.89332 
4.88693 4.88712 4.88741 4.88779 4.88826 4.88883 4.88949 4.89024 4.8911 4.89206 4.89312 4.89429 4.89557 4.89696 4.89846 4.90008 4.90181 4.90365 4.90561 4.90768 4.90987 4.91215 4.91455 4.91703 4.91961 4.92226 4.92499 4.92778 4.93062 4.93349 4.93638 4.93928 4.94217 4.94504 4.94786 4.95063 4.95331 4.95591 4.95839 4.96075 4.96297 4.96502 4.9669 4.9686 4.9701 4.97139 4.97246 4.9733 4.97391 4.97429 4.97442 4.97432 4.97397 4.97339 4.97258 4.97154 4.97029 4.96883 4.96717 4.96533 4.96333 4.96116 4.95886 4.95643 4.9539 4.95127 4.94858 4.94583 4.94304 4.94024 4.93743 4.93463 4.93186 4.92912 4.92645 4.92384 4.92131 4.91886 4.91651 4.91427 4.91213 4.91011 4.90821 4.90643 4.90477 4.90324 4.90183 4.90054 4.89937 4.89833 4.8974 4.89659 4.89589 4.8953 4.89482 4.89443 4.89415 4.89397 4.89389 4.8939 
4.88757 4.88776 4.88806 4.88846 4.88897 4.88957 4.89028 4.8911 4.89203 4.89307 4.89422 4.89549 4.89688 4.89839 4.90002 4.90178 4.90366 4.90567 4.9078 4.91006 4.91243 4.91492 4.91752 4.92022 4.92302 4.92591 4.92887 4.9319 4.93497 4.93809 4.94123 4.94437 4.9475 4.9506 4.95366 4.95665 4.95956 4.96236 4.96505 4.96759 4.96998 4.9722 4.97423 4.97606 4.97767 4.97906 4.98021 4.98112 4.98177 4.98217 4.98231 4.9822 4.98182 4.98119 4.98031 4.97919 4.97783 4.97625 4.97445 4.97246 4.97029 4.96794 4.96545 4.96282 4.96007 4.95723 4.95431 4.95133 4.94831 4.94526 4.94221 4.93917 4.93616 4.9332 4.93029 4.92745 4.92469 4.92203 4.91946 4.91701 4.91468 4.91247 4.91039 4.90844 4.90662 4.90494 4.90339 4.90198 4.90069 4.89954 4.89851 4.89761 4.89683 4.89617 4.89562 4.89519 4.89487 4.89466 4.89455 4.89454 
4.88827 4.88848 4.88879 4.88922 4.88975 4.89041 4.89117 4.89206 4.89307 4.8942 4.89545 4.89683 4.89835 4.9 4.90178 4.9037 4.90576 4.90795 4.91028 4.91274 4.91533 4.91805 4.92089 4.92384 4.92689 4.93004 4.93327 4.93656 4.93991 4.9433 4.94671 4.95013 4.95353 4.9569 4.96022 4.96347 4.96662 4.96966 4.97257 4.97533 4.97792 4.98032 4.98252 4.98449 4.98624 4.98774 4.98898 4.98995 4.99066 4.99109 4.99124 4.9911 4.99069 4.99 4.98905 4.98782 4.98635 4.98463 4.98268 4.98052 4.97816 4.97561 4.9729 4.97005 4.96707 4.96398 4.9608 4.95756 4.95427 4.95096 4.94763 4.94432 4.94104 4.93781 4.93463 4.93153 4.92852 4.92561 4.9228 4.92012 4.91757 4.91514 4.91286 4.91072 4.90872 4.90686 4.90516 4.90359 4.90217 4.90089 4.89975 4.89875 4.89788 4.89714 4.89653 4.89604 4.89567 4.89542 4.89528 4.89526 
4.88905 4.88926 4.88959 4.89005 4.89062 4.89133 4.89216 4.89312 4.89422 4.89545 4.89682 4.89833 4.89999 4.90179 4.90375 4.90585 4.9081 4.9105 4.91305 4.91575 4.91858 4.92156 4.92466 4.92789 4.93122 4.93466 4.93818 4.94178 4.94543 4.94913 4.95285 4.95657 4.96027 4.96394 4.96755 4.97108 4.97451 4.97781 4.98097 4.98396 4.98677 4.98937 4.99176 4.9939 4.99579 4.99741 4.99875 4.99981 5.00057 5.00102 5.00118 5.00103 5.00058 4.99983 4.99878 4.99745 4.99585 4.99398 4.99186 4.98951 4.98694 4.98417 4.98122 4.97811 4.97487 4.9715 4.96805 4.96451 4.96093 4.95731 4.95369 4.95008 4.94649 4.94296 4.93948 4.93609 4.9328 4.92961 4.92654 4.92359 4.92079 4.91813 4.91562 4.91326 4.91106 4.90901 4.90712 4.90539 4.90382 4.9024 4.90114 4.90002 4.89905 4.89822 4.89753 4.89697 4.89655 4.89625 4.89609 4.89605 
4.88991 4.89012 4.89047 4.89095 4.89158 4.89234 4.89324 4.89429 4.89549 4.89683 4.89833 4.89999 4.9018 4.90378 4.90592 4.90822 4.91069 4.91332 4.91612 4.91907 4.92218 4.92544 4.92883 4.93236 4.93601 4.93977 4.94362 4.94755 4.95154 4.95557 4.95963 4.96369 4.96772 4.97172 4.97565 4.97949 4.98321 4.98681 4.99024 4.99349 4.99654 4.99936 5.00195 5.00427 5.00631 5.00807 5.00952 5.01066 5.01148 5.01198 5.01214 5.01197 5.01148 5.01066 5.00952 5.00807 5.00632 5.00429 5.00198 4.99942 4.99663 4.99361 4.9904 4.98702 4.98348 4.97981 4.97604 4.97219 4.96828 4.96434 4.96038 4.95643 4.95252 4.94865 4.94485 4.94114 4.93753 4.93403 4.93066 4.92743 4.92435 4.92143 4.91866 4.91607 4.91364 4.91138 4.9093 4.90738 4.90564 4.90407 4.90266 4.90141 4.90033 4.8994 4.89862 4.89799 4.89751 4.89717 4.89697 4.89691 
4.89083 4.89105 4.89142 4.89194 4.89261 4.89344 4.89443 4.89557 4.89688 4.89835 4.89999 4.9018 4.90379 4.90596 4.9083 4.91083 4.91354 4.91642 4.91949 4.92272 4.92613 4.9297 4.93341 4.93728 4.94127 4.94538 4.94958 4.95388 4.95823 4.96263 4.96706 4.97148 4.97588 4.98023 4.98451 4.98868 4.99274 4.99664 5.00037 5.0039 5.00721 5.01028 5.01308 5.01559 5.01781 5.01971 5.02129 5.02252 5.0234 5.02393 5.02411 5.02392 5.02338 5.02248 5.02124 5.01966 5.01776 5.01555 5.01304 5.01025 5.00721 5.00393 5.00043 4.99675 4.9929 4.9889 4.98479 4.98059 4.97633 4.97202 4.96771 4.96339 4.95911 4.95489 4.95073 4.94667 4.94271 4.93888 4.93519 4.93164 4.92826 4.92504 4.922 4.91914 4.91647 4.91398 4.91168 4.90956 4.90763 4.90589 4.90432 4.90294 4.90173 4.90069 4.89981 4.89911 4.89856 4.89816 4.89793 4.89785 
4.89183 4.89206 4.89245 4.89301 4.89374 4.89464 4.89571 4.89696 4.89839 4.9 4.90179 4.90378 4.90596 4.90833 4.9109 4.91367 4.91664 4.9198 4.92316 4.9267 4.93043 4.93433 4.9384 4.94262 4.94699 4.95147 4.95607 4.96075 4.96551 4.97031 4.97513 4.97994 4.98473 4.98947 4.99412 4.99866 5.00306 5.0073 5.01135 5.01519 5.01878 5.0221 5.02514 5.02786 5.03026 5.03232 5.03402 5.03535 5.03631 5.03688 5.03706 5.03685 5.03626 5.03528 5.03393 5.03222 5.03015 5.02774 5.02501 5.02199 5.01868 5.01511 5.01131 5.0073 5.00311 4.99876 4.99428 4.98971 4.98506 4.98037 4.97566 4.97095 4.96628 4.96166 4.95712 4.95268 4.94835 4.94416 4.94011 4.93622 4.93251 4.92898 4.92564 4.92249 4.91955 4.91681 4.91427 4.91193 4.9098 4.90787 4.90613 4.90459 4.90325 4.90209 4.90111 4.90031 4.89969 4.89924 4.89897 4.89886 
4.89292 4.89315 4.89357 4.89417 4.89496 4.89593 4.8971 4.89846 4.90002 4.90178 4.90375 4.90592 4.9083 4.9109 4.91372 4.91675 4.92 4.92346 4.92713 4.93101 4.93509 4.93935 4.9438 4.94841 4.95317 4.95807 4.96308 4.96818 4.97336 4.97858 4.98383 4.98907 4.99428 4.99942 5.00448 5.00941 5.01419 5.01879 5.02318 5.02733 5.03122 5.03482 5.0381 5.04105 5.04365 5.04587 5.04771 5.04915 5.05018 5.05079 5.05098 5.05075 5.0501 5.04904 5.04757 5.04571 5.04346 5.04085 5.03789 5.0346 5.03101 5.02714 5.02301 5.01865 5.0141 5.00937 5.00451 4.99953 4.99448 4.98937 4.98424 4.97911 4.97402 4.96898 4.96402 4.95917 4.95444 4.94985 4.94543 4.94117 4.93711 4.93324 4.92957 4.92612 4.92288 4.91986 4.91707 4.91449 4.91214 4.91001 4.90809 4.90638 4.90489 4.9036 4.90251 4.90161 4.90092 4.90041 4.90009 4.89995 
4.89408 4.89432 4.89476 4.89541 4.89626 4.89732 4.89859 4.90008 4.90178 4.9037 4.90585 4.90822 4.91083 4.91367 4.91675 4.92006 4.92361 4.9274 4.93141 4.93564 4.94009 4.94475 4.9496 4.95462 4.95981 4.96514 4.9706 4.97615 4.98178 4.98746 4.99316 4.99885 5.0045 5.01008 5.01556 5.02091 5.02609 5.03107 5.03582 5.04031 5.04452 5.04841 5.05196 5.05514 5.05795 5.06035 5.06233 5.06388 5.06498 5.06564 5.06584 5.06559 5.06488 5.06373 5.06214 5.06012 5.05769 5.05486 5.05165 5.04809 5.04419 5.04 5.03552 5.0308 5.02586 5.02073 5.01545 5.01005 5.00456 4.99901 4.99343 4.98785 4.98231 4.97682 4.97142 4.96613 4.96098 4.95597 4.95114 4.94649 4.94204 4.93781 4.93379 4.93001 4.92646 4.92315 4.92008 4.91725 4.91466 4.9123 4.91019 4.9083 4.90665 4.90522 4.90401 4.90301 4.90223 4.90166 4.90129 4.90113 
4.89532 4.89557 4.89604 4.89674 4.89766 4.89881 4.90019 4.90181 4.90366 4.90576 4.9081 4.91069 4.91354 4.91664 4.92 4.92361 4.92749 4.93161 4.93598 4.9406 4.94545 4.95052 4.95579 4.96126 4.9669 4.9727 4.97863 4.98466 4.99077 4.99693 5.00311 5.00927 5.01539 5.02143 5.02736 5.03314 5.03874 5.04412 5.04925 5.0541 5.05864 5.06284 5.06667 5.0701 5.07312 5.07571 5.07784 5.0795 5.08069 5.08139 5.08161 5.08133 5.08056 5.07932 5.07759 5.07541 5.07278 5.06972 5.06626 5.0624 5.0582 5.05366 5.04882 5.04371 5.03836 5.03281 5.02709 5.02124 5.01529 5.00927 5.00322 4.99716 4.99114 4.98519 4.97932 4.97356 4.96795 4.9625 4.95723 4.95217 4.94732 4.94269 4.93831 4.93417 4.93029 4.92666 4.9233 4.92019 4.91735 4.91476 4.91243 4.91036 4.90853 4.90695 4.90561 4.9045 4.90363 4.90299 4.90257 4.90238 
4.89664 4.8969 4.8974 4.89815 4.89915 4.9004 4.9019 4.90365 4.90567 4.90795 4.9105 4.91332 4.91642 4.9198 4.92346 4.9274 4.93161 4.9361 4.94086 4.94588 4.95114 4.95665 4.96238 4.96832 4.97444 4.98072 4.98715 4.99368 5.00029 5.00696 5.01364 5.02031 5.02692 5.03345 5.03985 5.04608 5.05212 5.05792 5.06345 5.06867 5.07356 5.07808 5.0822 5.08589 5.08914 5.09192 5.09421 5.09599 5.09727 5.09802 5.09824 5.09794 5.09711 5.09576 5.0939 5.09155 5.08871 5.08541 5.08168 5.07752 5.07299 5.06809 5.06287 5.05735 5.05158 5.04559 5.03941 5.03308 5.02665 5.02013 5.01359 5.00703 5.00051 4.99405 4.98769 4.98145 4.97535 4.96944 4.96371 4.9582 4.95292 4.94789 4.94311 4.9386 4.93436 4.9304 4.92672 4.92332 4.92021 4.91738 4.91482 4.91255 4.91054 4.9088 4.90732 4.90609 4.90513 4.90441 4.90394 4.90371 
4.89804 4.89831 4.89885 4.89966 4.90073 4.90208 4.90371 4.90561 4.9078 4.91028 4.91305 4.91612 4.91949 4.92316 4.92713 4.93141 4.93598 4.94086 4.94602 4.95146 4.95717 4.96314 4.96935 4.97578 4.9824 4.9892 4.99614 5.0032 5.01035 5.01754 5.02475 5.03194 5.03907 5.04609 5.05298 5.0597 5.06619 5.07243 5.07837 5.08399 5.08924 5.09409 5.09851 5.10247 5.10595 5.10893 5.11138 5.1133 5.11466 5.11546 5.1157 5.11537 5.11447 5.11302 5.11102 5.10849 5.10544 5.10189 5.09787 5.09341 5.08852 5.08326 5.07764 5.0717 5.06548 5.05903 5.05237 5.04555 5.03861 5.03158 5.02451 5.01744 5.01039 5.00341 4.99653 4.98977 4.98317 4.97676 4.97056 4.96458 4.95885 4.95338 4.94819 4.94328 4.93867 4.93436 4.93035 4.92665 4.92325 4.92015 4.91736 4.91486 4.91266 4.91075 4.90913 4.90778 4.90671 4.90591 4.90539 4.90513 
4.89952 4.8998 4.90038 4.90124 4.90241 4.90386 4.90562 4.90768 4.91006 4.91274 4.91575 4.91907 4.92272 4.9267 4.93101 4.93564 4.9406 4.94588 4.95146 4.95735 4.96353 4.96998 4.97669 4.98363 4.99078 4.99811 5.00559 5.0132 5.0209 5.02864 5.0364 5.04413 5.05179 5.05935 5.06675 5.07395 5.08092 5.08761 5.09398 5.1 5.10562 5.11081 5.11555 5.11979 5.12351 5.1267 5.12932 5.13136 5.13282 5.13367 5.13392 5.13356 5.1326 5.13104 5.1289 5.12618 5.12291 5.11911 5.11479 5.11 5.10477 5.09911 5.09308 5.08671 5.08003 5.0731 5.06594 5.05861 5.05114 5.04358 5.03597 5.02835 5.02076 5.01323 5.00581 4.99852 4.99139 4.98446 4.97775 4.97129 4.96509 4.95916 4.95354 4.94822 4.94321 4.93853 4.93417 4.93015 4.92645 4.92308 4.92003 4.91731 4.91491 4.91282 4.91104 4.90956 4.90838 4.9075 4.90692 4.90663 
4.90108 4.90137 4.90199 4.90292 4.90417 4.90574 4.90764 4.90987 4.91243 4.91533 4.91858 4.92218 4.92613 4.93043 4.93509 4.94009 4.94545 4.95114 4.95717 4.96353 4.97019 4.97714 4.98437 4.99184 4.99954 5.00743 5.01548 5.02366 5.03192 5.04024 5.04856 5.05685 5.06507 5.07316 5.08109 5.0888 5.09626 5.10341 5.11023 5.11666 5.12266 5.12821 5.13326 5.13779 5.14176 5.14516 5.14795 5.15013 5.15168 5.15259 5.15285 5.15246 5.15143 5.14976 5.14747 5.14456 5.14106 5.137 5.13239 5.12727 5.12166 5.11561 5.10916 5.10233 5.09519 5.08775 5.08009 5.07222 5.06421 5.0561 5.04793 5.03974 5.03159 5.02349 5.0155 5.00766 4.99999 4.99252 4.98529 4.97831 4.97162 4.96523 4.95915 4.95339 4.94798 4.94291 4.93819 4.93382 4.92981 4.92615 4.92284 4.91988 4.91727 4.91499 4.91305 4.91143 4.91014 4.90918 4.90853 4.9082 
4.90271 4.90302 4.90368 4.90467 4.90602 4.90771 4.90975 4.91215 4.91492 4.91805 4.92156 4.92544 4.9297 4.93433 4.93935 4.94475 4.95052 4.95665 4.96314 4.96998 4.97714 4.98462 4.99238 5.00041 5.00867 5.01714 5.02577 5.03453 5.04338 5.05229 5.0612 5.07007 5.07885 5.08749 5.09596 5.10419 5.11215 5.11979 5.12705 5.1339 5.1403 5.14621 5.15159 5.15641 5.16064 5.16425 5.16722 5.16954 5.17118 5.17214 5.17241 5.172 5.1709 5.16912 5.16667 5.16357 5.15984 5.15551 5.15059 5.14513 5.13915 5.1327 5.12581 5.11852 5.11089 5.10295 5.09476 5.08635 5.07778 5.0691 5.06035 5.05158 5.04284 5.03416 5.0256 5.01717 5.00894 5.00092 4.99314 4.98564 4.97844 4.97155 4.965 4.9588 4.95296 4.94748 4.94239 4.93767 4.93333 4.92937 4.92578 4.92257 4.91974 4.91726 4.91515 4.91339 4.91199 4.91093 4.91022 4.90985 
4.90442 4.90475 4.90544 4.90651 4.90795 4.90976 4.91196 4.91455 4.91752 4.92089 4.92466 4.92883 4.93341 4.9384 4.9438 4.9496 4.95579 4.96238 4.96935 4.97669 4.98437 4.99238 5.0007 5.0093 5.01814 5.0272 5.03643 5.04579 5.05525 5.06476 5.07426 5.08372 5.09308 5.1023 5.11131 5.12008 5.12855 5.13667 5.1444 5.15168 5.15848 5.16476 5.17047 5.17558 5.18007 5.1839 5.18705 5.18951 5.19125 5.19226 5.19255 5.1921 5.19093 5.18904 5.18644 5.18314 5.17918 5.17457 5.16934 5.16353 5.15718 5.15031 5.14298 5.13522 5.12709 5.11864 5.1099 5.10094 5.0918 5.08254 5.0732 5.06383 5.05449 5.04521 5.03605 5.02703 5.01821 5.00962 5.00129 4.99324 4.98551 4.97812 4.97108 4.96441 4.95813 4.95224 4.94675 4.94167 4.93699 4.93272 4.92885 4.92538 4.92231 4.91963 4.91735 4.91544 4.91391 4.91276 4.91199 4.91158 
4.9062 4.90654 4.90728 4.90842 4.90996 4.9119 4.91426 4.91703 4.92022 4.92384 4.92789 4.93236 4.93728 4.94262 4.94841 4.95462 4.96126 4.96832 4.97578 4.98363 4.99184 5.00041 5.0093 5.01848 5.02792 5.03758 5.04742 5.0574 5.06747 5.0776 5.08771 5.09777 5.10773 5.11752 5.12709 5.1364 5.14539 5.154 5.16219 5.16992 5.17712 5.18377 5.18982 5.19523 5.19998 5.20403 5.20737 5.20996 5.2118 5.21287 5.21317 5.2127 5.21145 5.20944 5.20668 5.20319 5.19899 5.19411 5.18857 5.18241 5.17566 5.16838 5.1606 5.15236 5.14373 5.13475 5.12546 5.11594 5.10622 5.09636 5.08642 5.07644 5.06649 5.0566 5.04682 5.0372 5.02779 5.01861 5.0097 5.0011 4.99282 4.98491 4.97737 4.97023 4.96349 4.95717 4.95128 4.94581 4.94079 4.93619 4.93203 4.92829 4.92498 4.9221 4.91963 4.91757 4.91592 4.91467 4.91382 4.91337 
4.90804 4.9084 4.90918 4.9104 4.91204 4.91412 4.91664 4.91961 4.92302 4.92689 4.93122 4.93601 4.94127 4.94699 4.95317 4.95981 4.9669 4.97444 4.9824 4.99078 4.99954 5.00867 5.01814 5.02792 5.03796 5.04824 5.0587 5.06931 5.08001 5.09076 5.10149 5.11216 5.12272 5.13309 5.14323 5.15309 5.1626 5.17171 5.18037 5.18854 5.19615 5.20317 5.20956 5.21528 5.22029 5.22456 5.22808 5.23082 5.23275 5.23388 5.23419 5.23369 5.23237 5.23025 5.22733 5.22364 5.2192 5.21404 5.20818 5.20167 5.19454 5.18683 5.1786 5.16988 5.16074 5.15122 5.14139 5.13129 5.12098 5.11052 5.09996 5.08937 5.07879 5.06828 5.05788 5.04765 5.03762 5.02784 5.01835 5.00918 5.00035 4.9919 4.98385 4.97621 4.96901 4.96225 4.95594 4.95009 4.9447 4.93978 4.93531 4.9313 4.92775 4.92464 4.92199 4.91977 4.91799 4.91664 4.91572 4.91523 
4.90994 4.91032 4.91115 4.91244 4.91419 4.91641 4.9191 4.92226 4.92591 4.93004 4.93466 4.93977 4.94538 4.95147 4.95807 4.96514 4.9727 4.98072 4.9892 4.99811 5.00743 5.01714 5.0272 5.03758 5.04824 5.05914 5.07024 5.08148 5.09281 5.10419 5.11555 5.12684 5.13799 5.14896 5.15967 5.17007 5.18011 5.18972 5.19886 5.20746 5.21549 5.22289 5.22961 5.23563 5.24091 5.24541 5.24911 5.25198 5.25402 5.2552 5.25553 5.25499 5.2536 5.25137 5.2483 5.24441 5.23973 5.23429 5.22811 5.22124 5.21372 5.20559 5.1969 5.18771 5.17805 5.168 5.1576 5.14692 5.13602 5.12496 5.11378 5.10256 5.09135 5.08021 5.06918 5.05832 5.04768 5.03729 5.0272 5.01745 5.00806 4.99907 4.99049 4.98236 4.97468 4.96747 4.96074 4.95449 4.94873 4.94347 4.93869 4.9344 4.93059 4.92727 4.92442 4.92204 4.92013 4.91868 4.91768 4.91715 
4.9119 4.91229 4.91317 4.91454 4.9164 4.91876 4.92162 4.92499 4.92887 4.93327 4.93818 4.94362 4.94958 4.95607 4.96308 4.9706 4.97863 4.98715 4.99614 5.00559 5.01548 5.02577 5.03643 5.04742 5.0587 5.07024 5.08197 5.09385 5.10582 5.11783 5.12982 5.14173 5.15349 5.16504 5.17633 5.18728 5.19785 5.20796 5.21757 5.22662 5.23505 5.24282 5.24989 5.25621 5.26174 5.26647 5.27035 5.27336 5.2755 5.27674 5.27708 5.27652 5.27506 5.2727 5.26948 5.26539 5.26047 5.25475 5.24826 5.24104 5.23313 5.22458 5.21544 5.20575 5.19559 5.185 5.17404 5.16279 5.15129 5.13961 5.12781 5.11597 5.10412 5.09234 5.08068 5.06919 5.05792 5.04692 5.03622 5.02588 5.01592 5.00638 4.99727 4.98863 4.98047 4.9728 4.96564 4.95899 4.95286 4.94724 4.94215 4.93757 4.93351 4.92996 4.92691 4.92437 4.92232 4.92076 4.9197 4.91912 
4.9139 4.91431 4.91524 4.91669 4.91867 4.92117 4.92421 4.92778 4.9319 4.93656 4.94178 4.94755 4.95388 4.96075 4.96818 4.97615 4.98466 4.99368 5.0032 5.0132 5.02366 5.03453 5.04579 5.0574 5.06931 5.08148 5.09385 5.10637 5.11899 5.13163 5.14425 5.15677 5.16914 5.18128 5.19314 5.20464 5.21573 5.22634 5.23642 5.2459 5.25474 5.26289 5.27029 5.27691 5.28271 5.28765 5.29171 5.29487 5.2971 5.2984 5.29875 5.29816 5.29663 5.29416 5.29078 5.2865 5.28135 5.27535 5.26855 5.26098 5.25268 5.24371 5.23411 5.22395 5.21327 5.20215 5.19063 5.1788 5.1667 5.15441 5.142 5.12952 5.11704 5.10462 5.09232 5.08019 5.06829 5.05667 5.04537 5.03444 5.02391 5.0138 5.00416 4.99501 4.98636 4.97822 4.97063 4.96357 4.95705 4.95109 4.94568 4.94081 4.93649 4.9327 4.92946 4.92675 4.92456 4.9229 4.92176 4.92114 
4.91593 4.91637 4.91735 4.91888 4.92097 4.92362 4.92683 4.93062 4.93497 4.93991 4.94543 4.95154 4.95823 4.96551 4.97336 4.98178 4.99077 5.00029 5.01035 5.0209 5.03192 5.04338 5.05525 5.06747 5.08001 5.09281 5.10582 5.11899 5.13224 5.14552 5.15876 5.1719 5.18487 5.1976 5.21002 5.22207 5.23367 5.24478 5.25532 5.26524 5.27448 5.28299 5.29073 5.29764 5.3037 5.30886 5.3131 5.31639 5.31872 5.32008 5.32044 5.31982 5.31822 5.31565 5.31211 5.30764 5.30226 5.29599 5.28888 5.28096 5.27228 5.26289 5.25285 5.24221 5.23103 5.21937 5.2073 5.19489 5.1822 5.1693 5.15627 5.14316 5.13004 5.11699 5.10405 5.09129 5.07876 5.06652 5.05461 5.04308 5.03197 5.02131 5.01113 5.00146 4.99232 4.98372 4.97568 4.96821 4.96131 4.95499 4.94926 4.94409 4.93951 4.9355 4.93205 4.92917 4.92684 4.92508 4.92386 4.92319 
4.918 4.91845 4.91948 4.9211 4.9233 4.9261 4.92949 4.93349 4.93809 4.9433 4.94913 4.95557 4.96263 4.97031 4.97858 4.98746 4.99693 5.00696 5.01754 5.02864 5.04024 5.05229 5.06476 5.0776 5.09076 5.10419 5.11783 5.13163 5.14552 5.15943 5.17329 5.18704 5.2006 5.21391 5.22689 5.23947 5.2516 5.26319 5.27419 5.28453 5.29417 5.30304 5.31111 5.31831 5.32462 5.32999 5.33441 5.33784 5.34026 5.34167 5.34205 5.34141 5.33974 5.33705 5.33337 5.32871 5.32309 5.31656 5.30914 5.30089 5.29183 5.28204 5.27155 5.26044 5.24876 5.23658 5.22396 5.21098 5.19771 5.18421 5.17056 5.15682 5.14308 5.12939 5.11581 5.10242 5.08927 5.07641 5.0639 5.05177 5.04008 5.02886 5.01815 5.00796 4.99832 4.98926 4.98078 4.97289 4.96561 4.95894 4.95287 4.94742 4.94257 4.93832 4.93467 4.93162 4.92916 4.92728 4.92599 4.92528 
4.92009 4.92056 4.92164 4.92334 4.92566 4.9286 4.93217 4.93638 4.94123 4.94671 4.95285 4.95963 4.96706 4.97513 4.98383 4.99316 5.00311 5.01364 5.02475 5.0364 5.04856 5.0612 5.07426 5.08771 5.10149 5.11555 5.12982 5.14425 5.15876 5.17329 5.18776 5.20211 5.21626 5.23014 5.24367 5.25678 5.26941 5.28148 5.29293 5.30369 5.31372 5.32294 5.33132 5.33881 5.34537 5.35095 5.35554 5.3591 5.36162 5.36308 5.36347 5.3628 5.36107 5.35828 5.35445 5.3496 5.34377 5.33697 5.32926 5.32067 5.31125 5.30105 5.29014 5.27856 5.26639 5.25369 5.24054 5.227 5.21315 5.19905 5.1848 5.17045 5.15608 5.14176 5.12756 5.11354 5.09977 5.08629 5.07318 5.06047 5.0482 5.03643 5.02517 5.01447 5.00434 4.99481 4.98589 4.97759 4.96993 4.9629 4.95651 4.95076 4.94564 4.94116 4.93731 4.93409 4.93148 4.9295 4.92813 4.92738 
4.92218 4.92267 4.9238 4.92559 4.92802 4.93111 4.93486 4.93928 4.94437 4.95013 4.95657 4.96369 4.97148 4.97994 4.98907 4.99885 5.00927 5.02031 5.03194 5.04413 5.05685 5.07007 5.08372 5.09777 5.11216 5.12684 5.14173 5.15677 5.1719 5.18704 5.20211 5.21705 5.23177 5.24621 5.26028 5.2739 5.28702 5.29956 5.31144 5.32262 5.33302 5.34259 5.35128 5.35905 5.36584 5.37163 5.37638 5.38008 5.38268 5.3842 5.38461 5.38391 5.38211 5.37922 5.37525 5.37023 5.36417 5.35713 5.34912 5.34021 5.33043 5.31984 5.30851 5.29648 5.28383 5.27063 5.25695 5.24286 5.22844 5.21377 5.19892 5.18396 5.16898 5.15404 5.13922 5.12459 5.1102 5.09612 5.08241 5.06912 5.05629 5.04396 5.03217 5.02096 5.01034 5.00035 4.99099 4.98229 4.97424 4.96686 4.96014 4.9541 4.94872 4.94401 4.93996 4.93656 4.93382 4.93173 4.93029 4.92949 
4.92427 4.92478 4.92596 4.92783 4.93038 4.93361 4.93754 4.94217 4.9475 4.95353 4.96027 4.96772 4.97588 4.98473 4.99428 5.0045 5.01539 5.02692 5.03907 5.05179 5.06507 5.07885 5.09308 5.10773 5.12272 5.13799 5.15349 5.16914 5.18487 5.2006 5.21626 5.23177 5.24706 5.26203 5.27662 5.29076 5.30435 5.31734 5.32965 5.34122 5.35199 5.36189 5.37089 5.37892 5.38595 5.39193 5.39685 5.40066 5.40336 5.40492 5.40535 5.40463 5.40276 5.39977 5.39567 5.39047 5.38421 5.37692 5.36864 5.35941 5.34929 5.33832 5.32657 5.31411 5.301 5.28731 5.27311 5.25849 5.24352 5.22828 5.21284 5.19729 5.18171 5.16617 5.15075 5.13551 5.12052 5.10585 5.09155 5.07768 5.06429 5.05142 5.03911 5.0274 5.0163 5.00585 4.99606 4.98695 4.97852 4.97079 4.96376 4.95742 4.95178 4.94684 4.94259 4.93903 4.93615 4.93395 4.93243 4.93159 
4.92634 4.92687 4.92811 4.93005 4.93272 4.9361 4.9402 4.94504 4.9506 4.9569 4.96394 4.97172 4.98023 4.98947 4.99942 5.01008 5.02143 5.03345 5.04609 5.05935 5.07316 5.08749 5.1023 5.11752 5.13309 5.14896 5.16504 5.18128 5.1976 5.21391 5.23014 5.24621 5.26203 5.27753 5.29263 5.30725 5.32131 5.33473 5.34745 5.35941 5.37053 5.38075 5.39004 5.39833 5.40558 5.41175 5.41682 5.42076 5.42354 5.42516 5.42559 5.42485 5.42293 5.41984 5.41561 5.41025 5.40379 5.39626 5.38771 5.37818 5.36772 5.35639 5.34425 5.33136 5.3178 5.30363 5.28894 5.2738 5.2583 5.2425 5.2265 5.21038 5.19422 5.17809 5.16207 5.14624 5.13067 5.11541 5.10055 5.08612 5.07218 5.05878 5.04595 5.03374 5.02218 5.01128 5.00107 4.99156 4.98276 4.97468 4.96734 4.96071 4.95482 4.94965 4.9452 4.94147 4.93846 4.93616 4.93457 4.93368 
4.92839 4.92894 4.93022 4.93225 4.93503 4.93855 4.94283 4.94786 4.95366 4.96022 4.96755 4.97565 4.98451 4.99412 5.00448 5.01556 5.02736 5.03985 5.05298 5.06675 5.08109 5.09596 5.11131 5.12709 5.14323 5.15967 5.17633 5.19314 5.21002 5.22689 5.24367 5.26028 5.27662 5.29263 5.30822 5.3233 5.3378 5.35165 5.36477 5.37709 5.38854 5.39908 5.40864 5.41718 5.42464 5.431 5.43622 5.44027 5.44314 5.4448 5.44525 5.44448 5.44251 5.43933 5.43497 5.42945 5.4228 5.41505 5.40624 5.39642 5.38564 5.37396 5.36144 5.34815 5.33415 5.31953 5.30436 5.28872 5.2727 5.25637 5.23983 5.22315 5.20642 5.18972 5.17313 5.15673 5.14059 5.12477 5.10935 5.09437 5.0799 5.06598 5.05266 5.03997 5.02794 5.0166 5.00598 4.99608 4.98692 4.97851 4.97085 4.96395 4.95781 4.95241 4.94777 4.94388 4.94074 4.93833 4.93667 4.93574 
4.9304 4.93096 4.9323 4.93441 4.93729 4.94095 4.94539 4.95063 4.95665 4.96347 4.97108 4.97949 4.98868 4.99866 5.00941 5.02091 5.03314 5.04608 5.0597 5.07395 5.0888 5.10419 5.12008 5.1364 5.15309 5.17007 5.18728 5.20464 5.22207 5.23947 5.25678 5.2739 5.29076 5.30725 5.3233 5.33883 5.35376 5.36801 5.3815 5.39417 5.40595 5.41678 5.4266 5.43538 5.44305 5.44958 5.45494 5.4591 5.46204 5.46375 5.46421 5.46343 5.4614 5.45814 5.45366 5.44799 5.44116 5.43319 5.42414 5.41405 5.40296 5.39095 5.37807 5.36438 5.34998 5.33492 5.31929 5.30317 5.28665 5.26981 5.25275 5.23553 5.21826 5.20101 5.18387 5.16692 5.15023 5.13386 5.1179 5.1024 5.08742 5.073 5.05919 5.04603 5.03356 5.0218 5.01077 5.00049 4.99098 4.98225 4.97429 4.96712 4.96073 4.95512 4.95029 4.94624 4.94297 4.94047 4.93873 4.93776 
4.93235 4.93294 4.93432 4.9365 4.93949 4.94328 4.94789 4.95331 4.95956 4.96662 4.97451 4.98321 4.99274 5.00306 5.01419 5.02609 5.03874 5.05212 5.06619 5.08092 5.09626 5.11215 5.12855 5.14539 5.1626 5.18011 5.19785 5.21573 5.23367 5.2516 5.26941 5.28702 5.30435 5.32131 5.3378 5.35376 5.36909 5.38372 5.39757 5.41057 5.42265 5.43376 5.44384 5.45283 5.4607 5.4674 5.47289 5.47716 5.48017 5.48192 5.48239 5.48159 5.47952 5.47618 5.47159 5.46578 5.45877 5.4506 5.44132 5.43096 5.41959 5.40726 5.39403 5.37998 5.36518 5.34971 5.33365 5.31707 5.30008 5.28276 5.26519 5.24746 5.22967 5.2119 5.19423 5.17675 5.15953 5.14265 5.12617 5.11016 5.09468 5.07978 5.06551 5.0519 5.039 5.02683 5.01542 5.00477 4.99492 4.98587 4.97763 4.97019 4.96356 4.95775 4.95274 4.94854 4.94514 4.94254 4.94074 4.93973 
4.93424 4.93485 4.93628 4.93853 4.94162 4.94554 4.9503 4.95591 4.96236 4.96966 4.97781 4.98681 4.99664 5.0073 5.01879 5.03107 5.04412 5.05792 5.07243 5.08761 5.10341 5.11979 5.13667 5.154 5.17171 5.18972 5.20796 5.22634 5.24478 5.26319 5.28148 5.29956 5.31734 5.33473 5.35165 5.36801 5.38372 5.3987 5.41289 5.4262 5.43858 5.44995 5.46026 5.46947 5.47751 5.48436 5.48999 5.49435 5.49743 5.49922 5.49971 5.49889 5.49677 5.49335 5.48866 5.48272 5.47555 5.4672 5.45769 5.44709 5.43545 5.42282 5.40927 5.39487 5.3797 5.36383 5.34736 5.33036 5.31291 5.29513 5.27708 5.25887 5.24059 5.22232 5.20415 5.18617 5.16844 5.15106 5.1341 5.11761 5.10165 5.08629 5.07158 5.05754 5.04423 5.03167 5.01988 5.00889 4.99872 4.98936 4.98084 4.97315 4.9663 4.96029 4.95511 4.95076 4.94724 4.94455 4.94268 4.94164 
4.93606 4.93668 4.93815 4.94047 4.94366 4.9477 4.95261 4.95839 4.96505 4.97257 4.98097 4.99024 5.00037 5.01135 5.02318 5.03582 5.04925 5.06345 5.07837 5.09398 5.11023 5.12705 5.1444 5.16219 5.18037 5.19886 5.21757 5.23642 5.25532 5.27419 5.29293 5.31144 5.32965 5.34745 5.36477 5.3815 5.39757 5.41289 5.42739 5.441 5.45364 5.46526 5.47579 5.48519 5.49341 5.5004 5.50614 5.5106 5.51375 5.51558 5.51608 5.51524 5.51308 5.50959 5.5048 5.49874 5.49142 5.48288 5.47318 5.46235 5.45045 5.43754 5.42369 5.40897 5.39345 5.37722 5.36035 5.34294 5.32508 5.30686 5.28837 5.26971 5.25096 5.23222 5.21357 5.19511 5.17692 5.15907 5.14164 5.12469 5.10829 5.0925 5.07736 5.06292 5.04921 5.03628 5.02414 5.01282 5.00234 4.9927 4.98391 4.97599 4.96892 4.96271 4.95737 4.95288 4.94925 4.94647 4.94454 4.94346 
4.93778 4.93842 4.93993 4.94232 4.9456 4.94976 4.95481 4.96075 4.96759 4.97533 4.98396 4.99349 5.0039 5.01519 5.02733 5.04031 5.0541 5.06867 5.08399 5.1 5.11666 5.1339 5.15168 5.16992 5.18854 5.20746 5.22662 5.2459 5.26524 5.28453 5.30369 5.32262 5.34122 5.35941 5.37709 5.39417 5.41057 5.4262 5.441 5.45488 5.46777 5.47962 5.49035 5.49993 5.50831 5.51544 5.52129 5.52583 5.52904 5.5309 5.53141 5.53056 5.52836 5.52481 5.51993 5.51375 5.50629 5.4976 5.4877 5.47666 5.46453 5.45136 5.43723 5.4222 5.40636 5.38978 5.37256 5.35478 5.33652 5.3179 5.29899 5.2799 5.26072 5.24154 5.22245 5.20355 5.18491 5.16662 5.14875 5.13137 5.11456 5.09835 5.08282 5.06799 5.05393 5.04064 5.02818 5.01654 5.00577 4.99586 4.98682 4.97867 4.9714 4.96502 4.95951 4.9549 4.95116 4.94829 4.94631 4.9452 
4.9394 4.94006 4.94161 4.94406 4.94742 4.95169 4.95687 4.96297 4.96998 4.97792 4.98677 4.99654 5.00721 5.01878 5.03122 5.04452 5.05864 5.07356 5.08924 5.10562 5.12266 5.1403 5.15848 5.17712 5.19615 5.21549 5.23505 5.25474 5.27448 5.29417 5.31372 5.33302 5.35199 5.37053 5.38854 5.40595 5.42265 5.43858 5.45364 5.46777 5.48089 5.49295 5.50388 5.51362 5.52214 5.52939 5.53534 5.53996 5.54323 5.54513 5.54565 5.54478 5.54254 5.53894 5.53398 5.52769 5.52011 5.51126 5.50119 5.48996 5.4776 5.4642 5.44981 5.4345 5.41837 5.40148 5.38392 5.36579 5.34717 5.32817 5.30888 5.28939 5.26981 5.25022 5.23073 5.21141 5.19236 5.17366 5.15539 5.13762 5.12041 5.10382 5.08792 5.07274 5.05833 5.04472 5.03195 5.02003 5.00898 4.99882 4.98955 4.98119 4.97373 4.96718 4.96153 4.95679 4.95295 4.95001 4.94797 4.94683 
4.94091 4.94158 4.94316 4.94567 4.94911 4.95348 4.95878 4.96502 4.9722 4.98032 4.98937 4.99936 5.01028 5.0221 5.03482 5.04841 5.06284 5.07808 5.09409 5.11081 5.12821 5.14621 5.16476 5.18377 5.20317 5.22289 5.24282 5.26289 5.28299 5.30304 5.32294 5.34259 5.36189 5.38075 5.39908 5.41678 5.43376 5.44995 5.46526 5.47962 5.49295 5.50519 5.51629 5.52619 5.53484 5.54221 5.54825 5.55294 5.55625 5.55818 5.55871 5.55784 5.55557 5.5519 5.54687 5.54049 5.53279 5.52381 5.51358 5.50217 5.48962 5.476 5.46137 5.44581 5.42941 5.41223 5.39437 5.37592 5.35697 5.33763 5.31799 5.29814 5.27819 5.25823 5.23835 5.21866 5.19923 5.18016 5.16152 5.14338 5.12581 5.10888 5.09264 5.07713 5.06241 5.0485 5.03544 5.02325 5.01195 5.00156 4.99208 4.98352 4.97589 4.96918 4.9634 4.95855 4.95462 4.95161 4.94952 4.94834 
4.9423 4.94297 4.94459 4.94716 4.95066 4.95512 4.96054 4.9669 4.97423 4.98252 4.99176 5.00195 5.01308 5.02514 5.0381 5.05196 5.06667 5.0822 5.09851 5.11555 5.13326 5.15159 5.17047 5.18982 5.20956 5.22961 5.24989 5.27029 5.29073 5.31111 5.33132 5.35128 5.37089 5.39004 5.40864 5.4266 5.44384 5.46026 5.47579 5.49035 5.50388 5.51629 5.52754 5.53758 5.54635 5.55381 5.55994 5.56469 5.56805 5.57001 5.57055 5.56966 5.56736 5.56365 5.55856 5.55209 5.54428 5.53518 5.52481 5.51324 5.50051 5.4867 5.47186 5.45607 5.43942 5.42198 5.40385 5.38511 5.36587 5.34622 5.32626 5.30608 5.2858 5.2655 5.24529 5.22526 5.20549 5.18607 5.16709 5.14862 5.13073 5.11348 5.09693 5.08113 5.06612 5.05195 5.03863 5.0262 5.01467 5.00407 4.99439 4.98566 4.97787 4.97102 4.96512 4.96016 4.95615 4.95307 4.95094 4.94974 
4.94355 4.94424 4.94588 4.94849 4.95207 4.95661 4.96212 4.9686 4.97606 4.98449 4.9939 5.00427 5.01559 5.02786 5.04105 5.05514 5.0701 5.08589 5.10247 5.11979 5.13779 5.15641 5.17558 5.19523 5.21528 5.23563 5.25621 5.27691 5.29764 5.31831 5.33881 5.35905 5.37892 5.39833 5.41718 5.43538 5.45283 5.46947 5.48519 5.49993 5.51362 5.52619 5.53758 5.54774 5.55661 5.56416 5.57036 5.57517 5.57858 5.58055 5.5811 5.58021 5.57788 5.57413 5.56897 5.56243 5.55453 5.54532 5.53483 5.52312 5.51023 5.49624 5.48122 5.46523 5.44836 5.43069 5.41232 5.39333 5.37382 5.35389 5.33365 5.31319 5.29261 5.27201 5.2515 5.23116 5.21109 5.19137 5.17209 5.15332 5.13514 5.11761 5.10079 5.08472 5.06946 5.05504 5.04149 5.02884 5.01711 5.00632 4.99647 4.98758 4.97965 4.97267 4.96666 4.96162 4.95752 4.95439 4.95222 4.95099 
4.94465 4.94535 4.94703 4.94968 4.95331 4.95792 4.96351 4.9701 4.97767 4.98624 4.99579 5.00631 5.01781 5.03026 5.04365 5.05795 5.07312 5.08914 5.10595 5.12351 5.14176 5.16064 5.18007 5.19998 5.22029 5.24091 5.26174 5.28271 5.3037 5.32462 5.34537 5.36584 5.38595 5.40558 5.42464 5.44305 5.4607 5.47751 5.49341 5.50831 5.52214 5.53484 5.54635 5.55661 5.56558 5.57321 5.57947 5.58433 5.58777 5.58977 5.59032 5.58942 5.58707 5.58328 5.57808 5.57147 5.56349 5.55418 5.54359 5.53175 5.51873 5.50459 5.4894 5.47324 5.45618 5.43831 5.41973 5.40052 5.38078 5.36061 5.34012 5.31941 5.29857 5.27771 5.25693 5.23633 5.21599 5.19601 5.17647 5.15745 5.13901 5.12124 5.10417 5.08787 5.07239 5.05776 5.04401 5.03117 5.01926 5.0083 4.9983 4.98927 4.98122 4.97414 4.96803 4.9629 4.95874 4.95556 4.95335 4.95211 
4.94561 4.94632 4.94801 4.9507 4.95437 4.95905 4.96472 4.97139 4.97906 4.98774 4.99741 5.00807 5.01971 5.03232 5.04587 5.06035 5.07571 5.09192 5.10893 5.1267 5.14516 5.16425 5.1839 5.20403 5.22456 5.24541 5.26647 5.28765 5.30886 5.32999 5.35095 5.37163 5.39193 5.41175 5.431 5.44958 5.4674 5.48436 5.5004 5.51544 5.52939 5.54221 5.55381 5.56416 5.57321 5.58091 5.58722 5.59212 5.59559 5.59761 5.59817 5.59726 5.59489 5.59107 5.58582 5.57916 5.57112 5.56173 5.55104 5.5391 5.52596 5.5117 5.49637 5.48006 5.46284 5.4448 5.42604 5.40664 5.3867 5.36634 5.34564 5.32471 5.30365 5.28257 5.26157 5.24074 5.22018 5.19997 5.18021 5.16097 5.14232 5.12433 5.10707 5.09057 5.0749 5.06008 5.04616 5.03316 5.0211 5.01001 4.99988 4.99073 4.98257 4.97539 4.9692 4.96401 4.95979 4.95657 4.95432 4.95307 
4.9464 4.94712 4.94883 4.95155 4.95526 4.95998 4.96572 4.97246 4.98021 4.98898 4.99875 5.00952 5.02129 5.03402 5.04771 5.06233 5.07784 5.09421 5.11138 5.12932 5.14795 5.16722 5.18705 5.20737 5.22808 5.24911 5.27035 5.29171 5.3131 5.33441 5.35554 5.37638 5.39685 5.41682 5.43622 5.45494 5.47289 5.48999 5.50614 5.52129 5.53534 5.54825 5.55994 5.57036 5.57947 5.58722 5.59358 5.59851 5.60201 5.60404 5.6046 5.60369 5.60131 5.59747 5.59218 5.58547 5.57737 5.56792 5.55715 5.54513 5.5319 5.51753 5.50209 5.48565 5.4683 5.45013 5.43121 5.41166 5.39157 5.37103 5.35016 5.32906 5.30783 5.28657 5.26538 5.24437 5.22362 5.20323 5.18329 5.16387 5.14504 5.12688 5.10945 5.09279 5.07697 5.062 5.04794 5.03481 5.02263 5.01141 5.00118 4.99194 4.98369 4.97643 4.97018 4.96493 4.96067 4.95741 4.95514 4.95386 
4.94703 4.94775 4.94948 4.95222 4.95596 4.96073 4.9665 4.9733 4.98112 4.98995 4.99981 5.01066 5.02252 5.03535 5.04915 5.06388 5.0795 5.09599 5.1133 5.13136 5.15013 5.16954 5.18951 5.20996 5.23082 5.25198 5.27336 5.29487 5.31639 5.33784 5.3591 5.38008 5.40066 5.42076 5.44027 5.4591 5.47716 5.49435 5.5106 5.52583 5.53996 5.55294 5.56469 5.57517 5.58433 5.59212 5.59851 5.60348 5.60699 5.60903 5.6096 5.60868 5.60629 5.60243 5.59711 5.59037 5.58223 5.57272 5.5619 5.54981 5.5365 5.52205 5.50652 5.48999 5.47254 5.45426 5.43523 5.41556 5.39534 5.37468 5.35368 5.33244 5.31107 5.28967 5.26834 5.24718 5.2263 5.20577 5.18568 5.16612 5.14716 5.12887 5.11131 5.09453 5.07858 5.0635 5.04934 5.0361 5.02382 5.01252 5.0022 4.99288 4.98457 4.97726 4.97095 4.96565 4.96136 4.95807 4.95578 4.9545 
4.94749 4.94822 4.94996 4.95271 4.95648 4.96127 4.96708 4.97391 4.98177 4.99066 5.00057 5.01148 5.0234 5.03631 5.05018 5.06498 5.08069 5.09727 5.11466 5.13282 5.15168 5.17118 5.19125 5.2118 5.23275 5.25402 5.2755 5.2971 5.31872 5.34026 5.36162 5.38268 5.40336 5.42354 5.44314 5.46204 5.48017 5.49743 5.51375 5.52904 5.54323 5.55625 5.56805 5.57858 5.58777 5.59559 5.60201 5.60699 5.61052 5.61257 5.61314 5.61222 5.60981 5.60594 5.6006 5.59383 5.58566 5.57612 5.56525 5.55311 5.53976 5.52525 5.50966 5.49306 5.47554 5.45718 5.43807 5.41832 5.39801 5.37726 5.35616 5.33483 5.31336 5.29186 5.27043 5.24918 5.22819 5.20756 5.18738 5.16772 5.14867 5.13028 5.11263 5.09576 5.07973 5.06458 5.05033 5.03702 5.02468 5.01331 5.00294 4.99357 4.9852 4.97785 4.97151 4.96618 4.96186 4.95855 4.95625 4.95496 
4.94778 4.94851 4.95025 4.95301 4.95679 4.9616 4.96743 4.97429 4.98217 4.99109 5.00102 5.01198 5.02393 5.03688 5.05079 5.06564 5.08139 5.09802 5.11546 5.13367 5.15259 5.17214 5.19226 5.21287 5.23388 5.2552 5.27674 5.2984 5.32008 5.34167 5.36308 5.3842 5.40492 5.42516 5.4448 5.46375 5.48192 5.49922 5.51558 5.5309 5.54513 5.55818 5.57001 5.58055 5.58977 5.59761 5.60404 5.60903 5.61257 5.61462 5.61519 5.61427 5.61186 5.60798 5.60263 5.59585 5.58765 5.57809 5.5672 5.55503 5.54165 5.5271 5.51147 5.49484 5.47727 5.45887 5.43971 5.41991 5.39956 5.37875 5.3576 5.33621 5.31469 5.29313 5.27165 5.25034 5.22929 5.20861 5.18837 5.16866 5.14955 5.13111 5.11341 5.09649 5.08041 5.06521 5.05092 5.03757 5.02519 5.01379 5.00338 4.99398 4.98559 4.97822 4.97185 4.96651 4.96217 4.95885 4.95655 4.95525 
