3.68445 3.68466 3.68489 3.68514 3.68541 3.6857 3.68601 3.68635 3.68671 3.6871 3.68752 3.68797 3.68846 3.68898 3.68954 3.69015 3.6908 3.6915 3.69225 3.69306 3.69392 3.69484 3.69582 3.69685 3.69794 3.69908 3.70028 3.70152 3.70281 3.70414 3.7055 3.70688 3.70828 3.7097 3.71111 3.7125 3.71388 3.71523 3.71653 3.71778 3.71897 3.72008 3.72111 3.72205 3.72288 3.7236 3.72421 3.72469 3.72505 3.72528 3.72537 3.72533 3.72516 3.72486 3.72443 3.72388 3.72322 3.72244 3.72155 3.72058 3.71952 3.71838 3.71718 3.71592 3.71462 3.71329 3.71193 3.71057 3.7092 3.70784 3.7065 3.70519 3.70391 3.70267 3.70148 3.70035 3.69927 3.69825 3.6973 3.69642 3.6956 3.69486 3.69418 3.69357 3.69303 3.69256 3.69215 3.6918 3.69151 3.69128 3.6911 3.69097 3.69088 3.69084 3.69084 3.69087 3.69094 3.69104 3.69117 3.69132 
3.68466 3.68486 3.68509 3.68534 3.68561 3.6859 3.68622 3.68656 3.68692 3.68731 3.68773 3.68819 3.68867 3.6892 3.68977 3.69038 3.69103 3.69174 3.6925 3.69331 3.69418 3.69511 3.6961 3.69714 3.69825 3.6994 3.70062 3.70188 3.70318 3.70453 3.7059 3.70731 3.70873 3.71016 3.71159 3.713 3.7144 3.71577 3.71709 3.71836 3.71956 3.72069 3.72173 3.72268 3.72352 3.72426 3.72487 3.72536 3.72572 3.72595 3.72605 3.72601 3.72584 3.72553 3.7251 3.72454 3.72386 3.72307 3.72217 3.72118 3.72011 3.71895 3.71774 3.71646 3.71514 3.71379 3.71242 3.71103 3.70965 3.70827 3.70691 3.70558 3.70428 3.70303 3.70183 3.70068 3.69958 3.69856 3.69759 3.6967 3.69587 3.69512 3.69443 3.69382 3.69327 3.69279 3.69238 3.69202 3.69173 3.69149 3.69131 3.69118 3.69109 3.69105 3.69104 3.69108 3.69115 3.69125 3.69137 3.69153 
3.68489 3.68509 3.68532 3.68557 3.68584 3.68614 3.68646 3.6868 3.68718 3.68758 3.68801 3.68847 3.68897 3.68952 3.6901 3.69073 3.69141 3.69214 3.69293 3.69377 3.69467 3.69564 3.69666 3.69774 3.69889 3.70009 3.70135 3.70266 3.70401 3.70541 3.70684 3.7083 3.70977 3.71126 3.71274 3.71422 3.71567 3.71708 3.71845 3.71977 3.72102 3.72219 3.72327 3.72425 3.72513 3.72589 3.72652 3.72703 3.7274 3.72764 3.72774 3.7277 3.72752 3.7272 3.72675 3.72616 3.72546 3.72464 3.72371 3.72268 3.72156 3.72036 3.7191 3.71777 3.7164 3.715 3.71357 3.71214 3.7107 3.70926 3.70785 3.70647 3.70512 3.70382 3.70257 3.70137 3.70023 3.69916 3.69816 3.69723 3.69637 3.69558 3.69487 3.69423 3.69366 3.69316 3.69272 3.69235 3.69204 3.69179 3.69159 3.69145 3.69135 3.6913 3.69129 3.69132 3.69138 3.69148 3.6916 3.69176 
3.68514 3.68534 3.68557 3.68582 3.6861 3.68641 3.68674 3.68709 3.68748 3.68789 3.68834 3.68883 3.68936 3.68993 3.69054 3.69121 3.69193 3.6927 3.69353 3.69443 3.69539 3.69641 3.6975 3.69865 3.69987 3.70115 3.70248 3.70387 3.70531 3.7068 3.70832 3.70987 3.71143 3.71301 3.71458 3.71615 3.71768 3.71919 3.72064 3.72203 3.72335 3.72459 3.72574 3.72678 3.7277 3.7285 3.72917 3.72971 3.7301 3.73035 3.73045 3.73041 3.73021 3.72988 3.72939 3.72878 3.72803 3.72716 3.72617 3.72508 3.72389 3.72262 3.72128 3.71987 3.71842 3.71693 3.71541 3.71388 3.71235 3.71083 3.70933 3.70786 3.70643 3.70504 3.70371 3.70243 3.70122 3.70008 3.69901 3.69802 3.6971 3.69626 3.69549 3.69481 3.69419 3.69365 3.69318 3.69278 3.69244 3.69216 3.69194 3.69178 3.69166 3.6916 3.69157 3.69159 3.69165 3.69174 3.69186 3.69201 
3.68541 3.68561 3.68584 3.6861 3.68639 3.6867 3.68705 3.68742 3.68783 3.68827 3.68875 3.68926 3.68983 3.69044 3.6911 3.69182 3.69259 3.69343 3.69433 3.6953 3.69634 3.69744 3.69862 3.69987 3.70119 3.70258 3.70403 3.70554 3.7071 3.7087 3.71035 3.71202 3.71372 3.71542 3.71712 3.71881 3.72047 3.72209 3.72366 3.72516 3.72659 3.72792 3.72915 3.73027 3.73126 3.73213 3.73285 3.73342 3.73384 3.73411 3.73421 3.73416 3.73395 3.73358 3.73306 3.73239 3.73158 3.73064 3.72957 3.72839 3.72711 3.72574 3.72428 3.72276 3.72119 3.71958 3.71794 3.71629 3.71463 3.71299 3.71136 3.70977 3.70822 3.70671 3.70526 3.70388 3.70256 3.70132 3.70016 3.69907 3.69807 3.69715 3.69631 3.69555 3.69488 3.69428 3.69376 3.69331 3.69293 3.69261 3.69236 3.69217 3.69203 3.69194 3.6919 3.6919 3.69194 3.69202 3.69214 3.69228 
3.6857 3.6859 3.68614 3.68641 3.6867 3.68703 3.6874 3.68779 3.68822 3.6887 3.68921 3.68977 3.69038 3.69105 3.69177 3.69256 3.69341 3.69433 3.69532 3.69638 3.69753 3.69875 3.70005 3.70142 3.70288 3.7044 3.706 3.70766 3.70937 3.71114 3.71295 3.71479 3.71665 3.71852 3.72038 3.72223 3.72405 3.72582 3.72754 3.72918 3.73073 3.73219 3.73353 3.73475 3.73584 3.73677 3.73756 3.73818 3.73864 3.73892 3.73904 3.73897 3.73874 3.73833 3.73776 3.73703 3.73614 3.7351 3.73394 3.73264 3.73124 3.72973 3.72814 3.72648 3.72475 3.72299 3.72119 3.71937 3.71755 3.71575 3.71396 3.71221 3.7105 3.70884 3.70724 3.70571 3.70426 3.70289 3.7016 3.7004 3.69928 3.69826 3.69733 3.69648 3.69572 3.69505 3.69446 3.69395 3.69351 3.69315 3.69285 3.69262 3.69245 3.69233 3.69226 3.69224 3.69227 3.69233 3.69244 3.69258 
3.68601 3.68622 3.68646 3.68674 3.68705 3.6874 3.68778 3.68821 3.68867 3.68919 3.68975 3.69036 3.69104 3.69177 3.69257 3.69344 3.69438 3.69541 3.69651 3.6977 3.69897 3.70033 3.70178 3.70331 3.70493 3.70663 3.70841 3.71025 3.71216 3.71413 3.71614 3.71818 3.72024 3.72231 3.72438 3.72643 3.72844 3.7304 3.73229 3.73411 3.73582 3.73743 3.73891 3.74025 3.74144 3.74247 3.74334 3.74402 3.74452 3.74483 3.74495 3.74488 3.74461 3.74416 3.74352 3.74271 3.74173 3.74058 3.73929 3.73786 3.7363 3.73463 3.73287 3.73103 3.72912 3.72716 3.72516 3.72315 3.72113 3.71912 3.71714 3.71519 3.71328 3.71144 3.70966 3.70795 3.70633 3.7048 3.70335 3.702 3.70075 3.6996 3.69855 3.69759 3.69673 3.69596 3.69529 3.6947 3.69419 3.69377 3.69341 3.69313 3.69292 3.69276 3.69266 3.69262 3.69262 3.69267 3.69276 3.6929 
3.68635 3.68656 3.6868 3.68709 3.68742 3.68779 3.68821 3.68867 3.68918 3.68974 3.69036 3.69104 3.69179 3.6926 3.6935 3.69447 3.69553 3.69667 3.69791 3.69925 3.70068 3.70221 3.70383 3.70556 3.70738 3.70928 3.71128 3.71335 3.71549 3.71769 3.71993 3.72222 3.72452 3.72684 3.72914 3.73143 3.73367 3.73585 3.73796 3.73997 3.74188 3.74366 3.74531 3.74679 3.74811 3.74926 3.75021 3.75096 3.75151 3.75185 3.75198 3.75189 3.75159 3.75109 3.75038 3.74947 3.74837 3.7471 3.74565 3.74406 3.74232 3.74047 3.7385 3.73644 3.73431 3.73212 3.7299 3.72765 3.72539 3.72314 3.72092 3.71874 3.7166 3.71453 3.71253 3.71061 3.70879 3.70706 3.70543 3.7039 3.70249 3.70118 3.69998 3.69889 3.69791 3.69703 3.69625 3.69557 3.69498 3.69447 3.69406 3.69371 3.69345 3.69325 3.69311 3.69303 3.69301 3.69304 3.69312 3.69324 
3.68671 3.68692 3.68718 3.68748 3.68783 3.68822 3.68867 3.68918 3.68974 3.69036 3.69105 3.6918 3.69264 3.69356 3.69456 3.69565 3.69685 3.69814 3.69954 3.70105 3.70266 3.70439 3.70623 3.70817 3.71023 3.71238 3.71462 3.71696 3.71937 3.72184 3.72437 3.72693 3.72952 3.73211 3.7347 3.73725 3.73976 3.7422 3.74456 3.74681 3.74893 3.75092 3.75275 3.75441 3.75588 3.75715 3.7582 3.75904 3.75965 3.76002 3.76016 3.76005 3.75972 3.75915 3.75835 3.75733 3.7561 3.75467 3.75306 3.75128 3.74933 3.74725 3.74505 3.74275 3.74036 3.73791 3.73541 3.73289 3.73035 3.72783 3.72533 3.72287 3.72047 3.71813 3.71588 3.71371 3.71165 3.70969 3.70784 3.70611 3.7045 3.70301 3.70164 3.7004 3.69927 3.69825 3.69735 3.69656 3.69587 3.69528 3.69478 3.69437 3.69404 3.69378 3.6936 3.69349 3.69343 3.69344 3.6935 3.69361 
3.6871 3.68731 3.68758 3.68789 3.68827 3.6887 3.68919 3.68974 3.69036 3.69105 3.69182 3.69267 3.6936 3.69464 3.69577 3.69701 3.69835 3.69982 3.7014 3.70311 3.70494 3.7069 3.70898 3.71118 3.7135 3.71593 3.71847 3.72111 3.72382 3.72661 3.72946 3.73234 3.73525 3.73817 3.74107 3.74394 3.74675 3.74948 3.75212 3.75464 3.75702 3.75923 3.76128 3.76312 3.76476 3.76617 3.76735 3.76828 3.76895 3.76936 3.76951 3.76939 3.76901 3.76836 3.76747 3.76633 3.76495 3.76335 3.76154 3.75954 3.75736 3.75503 3.75256 3.74998 3.7473 3.74454 3.74173 3.7389 3.73605 3.7332 3.73039 3.72761 3.7249 3.72226 3.71972 3.71727 3.71493 3.7127 3.71061 3.70864 3.70681 3.70511 3.70354 3.70211 3.70081 3.69964 3.6986 3.69768 3.69687 3.69618 3.69559 3.69509 3.69469 3.69438 3.69414 3.69398 3.69389 3.69387 3.69391 3.69401 
3.68752 3.68773 3.68801 3.68834 3.68875 3.68921 3.68975 3.69036 3.69105 3.69182 3.69268 3.69363 3.69469 3.69585 3.69713 3.69853 3.70006 3.70172 3.70352 3.70545 3.70753 3.70975 3.7121 3.7146 3.71722 3.71997 3.72284 3.72582 3.72888 3.73203 3.73523 3.73848 3.74176 3.74503 3.74829 3.75151 3.75466 3.75772 3.76067 3.76349 3.76615 3.76863 3.77091 3.77297 3.77479 3.77637 3.77767 3.7787 3.77945 3.7799 3.78006 3.77992 3.77949 3.77877 3.77776 3.77648 3.77493 3.77314 3.77111 3.76887 3.76643 3.76382 3.76105 3.75815 3.75514 3.75204 3.74889 3.7457 3.74249 3.73929 3.73612 3.73299 3.72993 3.72695 3.72407 3.7213 3.71864 3.71612 3.71374 3.7115 3.70941 3.70747 3.70569 3.70405 3.70256 3.70121 3.70001 3.69894 3.698 3.69718 3.69649 3.6959 3.69542 3.69503 3.69473 3.69452 3.69439 3.69434 3.69435 3.69443 
3.68797 3.68819 3.68847 3.68883 3.68926 3.68977 3.69036 3.69104 3.6918 3.69267 3.69363 3.6947 3.6959 3.69721 3.69866 3.70025 3.70198 3.70386 3.70589 3.70809 3.71044 3.71295 3.71562 3.71844 3.72141 3.72452 3.72776 3.73111 3.73457 3.73811 3.74172 3.74537 3.74905 3.75273 3.75638 3.75999 3.76352 3.76694 3.77024 3.77339 3.77636 3.77913 3.78167 3.78397 3.786 3.78775 3.7892 3.79034 3.79117 3.79167 3.79184 3.79168 3.79119 3.79038 3.78925 3.78782 3.78609 3.78408 3.78181 3.7793 3.77657 3.77364 3.77054 3.76729 3.76391 3.76044 3.7569 3.75332 3.74971 3.74611 3.74254 3.73902 3.73557 3.73221 3.72895 3.72582 3.72282 3.71996 3.71726 3.71472 3.71234 3.71013 3.70809 3.70622 3.70451 3.70297 3.70158 3.70034 3.69925 3.6983 3.69748 3.69679 3.69621 3.69574 3.69538 3.69511 3.69493 3.69484 3.69483 3.69489 
3.68846 3.68867 3.68897 3.68936 3.68983 3.69038 3.69104 3.69179 3.69264 3.6936 3.69469 3.6959 3.69724 3.69873 3.70036 3.70216 3.70412 3.70625 3.70855 3.71103 3.71369 3.71653 3.71955 3.72273 3.72608 3.72959 3.73324 3.73701 3.7409 3.74488 3.74893 3.75303 3.75716 3.76128 3.76537 3.7694 3.77334 3.77717 3.78085 3.78436 3.78767 3.79075 3.79358 3.79614 3.79839 3.80034 3.80195 3.80321 3.80413 3.80468 3.80486 3.80468 3.80413 3.80322 3.80195 3.80035 3.79842 3.79618 3.79364 3.79084 3.78779 3.78452 3.78105 3.77742 3.77364 3.76976 3.76579 3.76178 3.75773 3.75369 3.74968 3.74573 3.74184 3.73806 3.73439 3.73086 3.72747 3.72424 3.72118 3.7183 3.71561 3.7131 3.71077 3.70864 3.70669 3.70492 3.70332 3.7019 3.70064 3.69954 3.69858 3.69777 3.69709 3.69653 3.69608 3.69575 3.69552 3.69539 3.69534 3.69539 
3.68898 3.6892 3.68952 3.68993 3.69044 3.69105 3.69177 3.6926 3.69356 3.69464 3.69585 3.69721 3.69873 3.7004 3.70225 3.70428 3.70649 3.70889 3.71149 3.7143 3.7173 3.7205 3.7239 3.72749 3.73126 3.7352 3.7393 3.74354 3.7479 3.75236 3.7569 3.76149 3.7661 3.7707 3.77526 3.77976 3.78416 3.78842 3.79252 3.79642 3.8001 3.80352 3.80666 3.80949 3.81199 3.81414 3.81592 3.81732 3.81833 3.81894 3.81913 3.81892 3.81831 3.81729 3.81588 3.8141 3.81195 3.80945 3.80663 3.80351 3.80011 3.79647 3.7926 3.78855 3.78434 3.78001 3.77558 3.77109 3.76657 3.76205 3.75756 3.75312 3.74877 3.74452 3.7404 3.73642 3.73261 3.72897 3.72552 3.72227 3.71922 3.71637 3.71374 3.71131 3.70909 3.70707 3.70525 3.70362 3.70217 3.7009 3.69979 3.69884 3.69804 3.69738 3.69685 3.69645 3.69615 3.69597 3.6959 3.69592 
3.68954 3.68977 3.6901 3.69054 3.6911 3.69177 3.69257 3.6935 3.69456 3.69577 3.69713 3.69866 3.70036 3.70225 3.70433 3.70661 3.70911 3.71181 3.71474 3.7179 3.72127 3.72487 3.72869 3.73272 3.73695 3.74137 3.74596 3.75071 3.75558 3.76057 3.76563 3.77075 3.77588 3.78101 3.78609 3.79109 3.79597 3.8007 3.80525 3.80957 3.81364 3.81743 3.8209 3.82403 3.82679 3.82917 3.83113 3.83268 3.83378 3.83445 3.83466 3.83442 3.83373 3.8326 3.83104 3.82906 3.82667 3.82391 3.82078 3.81731 3.81354 3.8095 3.80521 3.8007 3.79602 3.7912 3.78627 3.78127 3.77624 3.77119 3.76618 3.76123 3.75636 3.75161 3.74699 3.74253 3.73825 3.73417 3.73029 3.72662 3.72319 3.71998 3.717 3.71425 3.71173 3.70944 3.70737 3.70551 3.70385 3.70239 3.70112 3.70002 3.69909 3.69831 3.69769 3.6972 3.69684 3.69661 3.6965 3.6965 
3.69015 3.69038 3.69073 3.69121 3.69182 3.69256 3.69344 3.69447 3.69565 3.69701 3.69853 3.70025 3.70216 3.70428 3.70661 3.70918 3.71198 3.71502 3.71831 3.72184 3.72563 3.72966 3.73394 3.73845 3.74318 3.74811 3.75324 3.75853 3.76396 3.76951 3.77514 3.78083 3.78653 3.79222 3.79784 3.80338 3.80878 3.81402 3.81904 3.82381 3.82831 3.83248 3.83631 3.83976 3.8428 3.84541 3.84757 3.84926 3.85048 3.8512 3.85143 3.85116 3.8504 3.84915 3.84742 3.84523 3.84259 3.83953 3.83608 3.83225 3.82808 3.82361 3.81886 3.81387 3.80869 3.80335 3.79788 3.79233 3.78674 3.78114 3.77556 3.77005 3.76463 3.75933 3.75417 3.7492 3.74441 3.73984 3.73549 3.73138 3.72752 3.72392 3.72056 3.71747 3.71462 3.71203 3.70968 3.70757 3.70569 3.70402 3.70256 3.7013 3.70022 3.69932 3.69859 3.69801 3.69758 3.6973 3.69714 3.69712 
3.6908 3.69103 3.69141 3.69193 3.69259 3.69341 3.69438 3.69553 3.69685 3.69835 3.70006 3.70198 3.70412 3.70649 3.70911 3.71198 3.71511 3.71851 3.72219 3.72615 3.73038 3.73488 3.73965 3.74468 3.74995 3.75544 3.76114 3.76701 3.77304 3.77919 3.78543 3.79173 3.79804 3.80432 3.81053 3.81664 3.8226 3.82836 3.83389 3.83914 3.84408 3.84867 3.85287 3.85665 3.85999 3.86285 3.86521 3.86707 3.86839 3.86918 3.86942 3.86912 3.86828 3.8669 3.865 3.86259 3.85969 3.85632 3.85252 3.84831 3.84372 3.83879 3.83355 3.82806 3.82234 3.81644 3.81041 3.80427 3.79808 3.79188 3.7857 3.77959 3.77357 3.76769 3.76196 3.75642 3.75109 3.746 3.74115 3.73656 3.73224 3.7282 3.72444 3.72097 3.71777 3.71485 3.7122 3.70982 3.70768 3.70579 3.70413 3.70269 3.70146 3.70042 3.69957 3.69889 3.69839 3.69804 3.69784 3.69778 
3.6915 3.69174 3.69214 3.6927 3.69343 3.69433 3.69541 3.69667 3.69814 3.69982 3.70172 3.70386 3.70625 3.70889 3.71181 3.71502 3.71851 3.72231 3.72641 3.73081 3.73552 3.74053 3.74583 3.75141 3.75726 3.76335 3.76966 3.77616 3.78283 3.78962 3.79651 3.80344 3.81039 3.81731 3.82414 3.83085 3.83739 3.84372 3.84978 3.85553 3.86094 3.86596 3.87055 3.87469 3.87833 3.88145 3.88403 3.88605 3.8875 3.88835 3.88861 3.88828 3.88735 3.88584 3.88375 3.88111 3.87793 3.87424 3.87008 3.86546 3.86043 3.85502 3.84928 3.84324 3.83696 3.83047 3.82383 3.81708 3.81026 3.80342 3.79661 3.78985 3.7832 3.77669 3.77035 3.76421 3.7583 3.75264 3.74725 3.74215 3.73734 3.73283 3.72864 3.72475 3.72118 3.7179 3.71493 3.71225 3.70984 3.70771 3.70583 3.70419 3.70279 3.7016 3.70063 3.69984 3.69925 3.69883 3.69858 3.6985 
3.69225 3.6925 3.69293 3.69353 3.69433 3.69532 3.69651 3.69791 3.69954 3.7014 3.70352 3.70589 3.70855 3.71149 3.71474 3.71831 3.72219 3.72641 3.73096 3.73585 3.74107 3.74662 3.75249 3.75866 3.76512 3.77184 3.7788 3.78597 3.7933 3.80078 3.80835 3.81597 3.82359 3.83117 3.83866 3.846 3.85315 3.86006 3.86668 3.87296 3.87886 3.88432 3.88933 3.89383 3.89779 3.90118 3.90399 3.90618 3.90774 3.90867 3.90895 3.90858 3.90756 3.90591 3.90363 3.90075 3.89729 3.89326 3.88871 3.88367 3.87818 3.87227 3.86599 3.85939 3.85252 3.84542 3.83814 3.83074 3.82326 3.81575 3.80826 3.80083 3.79351 3.78634 3.77935 3.77257 3.76604 3.75978 3.75381 3.74816 3.74282 3.73782 3.73316 3.72883 3.72485 3.72119 3.71787 3.71487 3.71217 3.70977 3.70766 3.70581 3.70422 3.70288 3.70176 3.70086 3.70018 3.69968 3.69938 3.69927 
3.69306 3.69331 3.69377 3.69443 3.6953 3.69638 3.6977 3.69925 3.70105 3.70311 3.70545 3.70809 3.71103 3.7143 3.7179 3.72184 3.72615 3.73081 3.73585 3.74125 3.74702 3.75314 3.75961 3.76641 3.77352 3.78091 3.78855 3.79642 3.80447 3.81266 3.82094 3.82927 3.8376 3.84588 3.85404 3.86205 3.86983 3.87735 3.88455 3.89137 3.89778 3.90371 3.90914 3.91402 3.91831 3.92199 3.92502 3.92739 3.92908 3.93007 3.93037 3.92996 3.92886 3.92706 3.92459 3.92146 3.9177 3.91333 3.90838 3.90291 3.89693 3.8905 3.88367 3.87649 3.869 3.86125 3.85331 3.84523 3.83705 3.82884 3.82064 3.81251 3.80448 3.79661 3.78893 3.78148 3.7743 3.7674 3.76083 3.75458 3.74869 3.74316 3.738 3.7332 3.72878 3.72472 3.72103 3.71768 3.71467 3.71199 3.70962 3.70755 3.70576 3.70424 3.70298 3.70196 3.70117 3.7006 3.70024 3.70009 
3.69392 3.69418 3.69467 3.69539 3.69634 3.69753 3.69897 3.70068 3.70266 3.70494 3.70753 3.71044 3.71369 3.7173 3.72127 3.72563 3.73038 3.73552 3.74107 3.74702 3.75336 3.76009 3.76719 3.77465 3.78244 3.79054 3.79891 3.8075 3.81629 3.82523 3.83426 3.84333 3.8524 3.86139 3.87026 3.87895 3.8874 3.89555 3.90334 3.91073 3.91765 3.92407 3.92993 3.93519 3.93982 3.94379 3.94706 3.94961 3.95143 3.9525 3.95281 3.95237 3.95117 3.94923 3.94655 3.94317 3.9391 3.93437 3.92903 3.9231 3.91663 3.90967 3.90226 3.89447 3.88634 3.87793 3.8693 3.86051 3.85161 3.84267 3.83373 3.82486 3.81609 3.80749 3.79909 3.79094 3.78307 3.7755 3.76828 3.76142 3.75494 3.74885 3.74316 3.73787 3.73298 3.72849 3.7244 3.72068 3.71734 3.71436 3.71172 3.70941 3.70741 3.7057 3.70428 3.70313 3.70223 3.70158 3.70116 3.70097 
3.69484 3.69511 3.69564 3.69641 3.69744 3.69875 3.70033 3.70221 3.70439 3.7069 3.70975 3.71295 3.71653 3.7205 3.72487 3.72966 3.73488 3.74053 3.74662 3.75314 3.76009 3.76746 3.77523 3.78338 3.79189 3.80072 3.80983 3.81919 3.82875 3.83846 3.84827 3.85811 3.86793 3.87768 3.88727 3.89666 3.90579 3.91458 3.92299 3.93095 3.93841 3.94531 3.95162 3.95728 3.96225 3.96651 3.97002 3.97276 3.97471 3.97585 3.97618 3.9757 3.97441 3.97232 3.96944 3.9658 3.96141 3.95632 3.95057 3.94418 3.9372 3.92969 3.9217 3.91328 3.9045 3.8954 3.88607 3.87654 3.8669 3.8572 3.8475 3.83785 3.82832 3.81896 3.80981 3.80092 3.79232 3.78407 3.77617 3.76866 3.76156 3.75488 3.74863 3.74281 3.73744 3.73249 3.72798 3.72388 3.72019 3.71688 3.71395 3.71139 3.70916 3.70726 3.70567 3.70437 3.70336 3.70262 3.70214 3.70191 
3.69582 3.6961 3.69666 3.6975 3.69862 3.70005 3.70178 3.70383 3.70623 3.70898 3.7121 3.71562 3.71955 3.7239 3.72869 3.73394 3.73965 3.74583 3.75249 3.75961 3.76719 3.77523 3.78369 3.79257 3.80182 3.81141 3.8213 3.83146 3.84181 3.85232 3.86292 3.87356 3.88416 3.89467 3.90501 3.91512 3.92493 3.93439 3.94342 3.95196 3.95996 3.96736 3.97412 3.98018 3.98551 3.99006 3.99382 3.99674 3.99882 4.00004 4.00039 3.99987 3.99848 3.99624 3.99315 3.98925 3.98455 3.9791 3.97292 3.96606 3.95857 3.9505 3.94191 3.93286 3.92341 3.91361 3.90355 3.89328 3.88287 3.87238 3.86189 3.85145 3.84113 3.83098 3.82105 3.8114 3.80205 3.79307 3.78447 3.77628 3.76853 3.76123 3.7544 3.74804 3.74215 3.73673 3.73177 3.72726 3.72319 3.71955 3.71632 3.71348 3.71102 3.70891 3.70714 3.70569 3.70456 3.70372 3.70317 3.70291 
3.69685 3.69714 3.69774 3.69865 3.69987 3.70142 3.70331 3.70556 3.70817 3.71118 3.7146 3.71844 3.72273 3.72749 3.73272 3.73845 3.74468 3.75141 3.75866 3.76641 3.77465 3.78338 3.79257 3.80219 3.8122 3.82259 3.83328 3.84425 3.85542 3.86675 3.87817 3.88962 3.90101 3.9123 3.9234 3.93424 3.94476 3.95488 3.96454 3.97367 3.98222 3.99013 3.99734 4.0038 4.00948 4.01433 4.01833 4.02145 4.02366 4.02495 4.02532 4.02477 4.02328 4.02089 4.0176 4.01343 4.00841 4.00259 3.99599 3.98866 3.98065 3.97202 3.96282 3.95312 3.94299 3.93248 3.92168 3.91064 3.89945 3.88817 3.87687 3.86562 3.85448 3.84352 3.83279 3.82234 3.81223 3.80248 3.79316 3.78427 3.77584 3.76791 3.76046 3.75353 3.7471 3.74118 3.73576 3.73082 3.72637 3.72237 3.71882 3.71569 3.71298 3.71065 3.70869 3.70709 3.70583 3.70489 3.70427 3.70396 
3.69794 3.69825 3.69889 3.69987 3.70119 3.70288 3.70493 3.70738 3.71023 3.7135 3.71722 3.72141 3.72608 3.73126 3.73695 3.74318 3.74995 3.75726 3.76512 3.77352 3.78244 3.79189 3.80182 3.8122 3.82302 3.83421 3.84573 3.85752 3.86954 3.8817 3.89395 3.90622 3.91843 3.9305 3.94237 3.95395 3.96517 3.97597 3.98626 3.99599 4.00509 4.0135 4.02116 4.02803 4.03406 4.03921 4.04345 4.04676 4.0491 4.05047 4.05086 4.05027 4.04869 4.04614 4.04265 4.03822 4.03288 4.02669 4.01966 4.01186 4.00334 3.99414 3.98433 3.97398 3.96316 3.95194 3.94038 3.92857 3.91658 3.90449 3.89236 3.88028 3.86831 3.85652 3.84497 3.83371 3.8228 3.81229 3.8022 3.79259 3.78347 3.77487 3.7668 3.75927 3.75228 3.74584 3.73993 3.73456 3.72969 3.72533 3.72144 3.71802 3.71504 3.71248 3.71033 3.70856 3.70716 3.70612 3.70543 3.70507 
3.69908 3.6994 3.70009 3.70115 3.70258 3.7044 3.70663 3.70928 3.71238 3.71593 3.71997 3.72452 3.72959 3.7352 3.74137 3.74811 3.75544 3.76335 3.77184 3.78091 3.79054 3.80072 3.81141 3.82259 3.83421 3.84622 3.85858 3.87122 3.88409 3.8971 3.9102 3.9233 3.93632 3.94919 3.96183 3.97415 3.98609 3.99755 4.00848 4.0188 4.02845 4.03736 4.04547 4.05274 4.05912 4.06457 4.06905 4.07254 4.07502 4.07647 4.07688 4.07625 4.07458 4.07188 4.06818 4.06349 4.05784 4.05128 4.04384 4.03557 4.02652 4.01676 4.00634 3.99534 3.98383 3.97188 3.95957 3.94698 3.93419 3.92128 3.90832 3.89539 3.88258 3.86994 3.85755 3.84546 3.83374 3.82243 3.81158 3.80122 3.79139 3.7821 3.77338 3.76524 3.75767 3.75069 3.74429 3.73845 3.73316 3.72841 3.72418 3.72045 3.71719 3.7144 3.71204 3.7101 3.70856 3.70741 3.70664 3.70623 
3.70028 3.70062 3.70135 3.70248 3.70403 3.706 3.70841 3.71128 3.71462 3.71847 3.72284 3.72776 3.73324 3.7393 3.74596 3.75324 3.76114 3.76966 3.7788 3.78855 3.79891 3.80983 3.8213 3.83328 3.84573 3.85858 3.87179 3.88529 3.89901 3.91289 3.92683 3.94076 3.95461 3.96827 3.98168 3.99475 4.00739 4.01953 4.03109 4.04199 4.05218 4.06158 4.07015 4.07781 4.08454 4.09028 4.095 4.09867 4.10128 4.1028 4.10323 4.10257 4.10081 4.09797 4.09406 4.08912 4.08316 4.07624 4.06838 4.05965 4.05009 4.03976 4.02874 4.0171 4.0049 3.99223 3.97916 3.96579 3.95219 3.93845 3.92465 3.91088 3.89721 3.88372 3.87048 3.85755 3.845 3.83288 3.82124 3.81013 3.79956 3.78957 3.78019 3.77141 3.76326 3.75572 3.7488 3.74249 3.73677 3.73162 3.72703 3.72297 3.71944 3.71639 3.71382 3.7117 3.71002 3.70876 3.7079 3.70745 
3.70152 3.70188 3.70266 3.70387 3.70554 3.70766 3.71025 3.71335 3.71696 3.72111 3.72582 3.73111 3.73701 3.74354 3.75071 3.75853 3.76701 3.77616 3.78597 3.79642 3.8075 3.81919 3.83146 3.84425 3.85752 3.87122 3.88529 3.89966 3.91424 3.92897 3.94376 3.95853 3.97319 3.98765 4.00183 4.01563 4.02897 4.04177 4.05395 4.06544 4.07616 4.08605 4.09505 4.10311 4.11017 4.11619 4.12115 4.12501 4.12774 4.12934 4.12979 4.12908 4.12724 4.12426 4.12016 4.11496 4.10871 4.10143 4.09317 4.08397 4.07391 4.06303 4.05142 4.03913 4.02625 4.01287 3.99905 3.9849 3.9705 3.95593 3.94129 3.92667 3.91214 3.89779 3.88369 3.86991 3.85653 3.84359 3.83115 3.81926 3.80795 3.79725 3.78719 3.77777 3.76901 3.76091 3.75346 3.74666 3.74049 3.73493 3.72997 3.72559 3.72176 3.71846 3.71567 3.71336 3.71153 3.71015 3.70922 3.70872 
3.70281 3.70318 3.70401 3.70531 3.7071 3.70937 3.71216 3.71549 3.71937 3.72382 3.72888 3.73457 3.7409 3.7479 3.75558 3.76396 3.77304 3.78283 3.7933 3.80447 3.81629 3.82875 3.84181 3.85542 3.86954 3.88409 3.89901 3.91424 3.92969 3.94528 3.96091 3.97651 3.99198 4.00723 4.02216 4.03669 4.05072 4.06417 4.07696 4.08902 4.10026 4.11062 4.12005 4.12848 4.13587 4.14218 4.14736 4.15139 4.15425 4.15592 4.15639 4.15566 4.15373 4.15061 4.14632 4.14089 4.13434 4.12671 4.11806 4.10842 4.09786 4.08645 4.07425 4.06133 4.04778 4.03369 4.01913 4.00421 3.98901 3.97362 3.95815 3.94267 3.92728 3.91207 3.89711 3.88249 3.86826 3.8545 3.84126 3.82859 3.81652 3.8051 3.79435 3.78428 3.7749 3.76622 3.75824 3.75094 3.74431 3.73834 3.733 3.72828 3.72415 3.72059 3.71757 3.71508 3.7131 3.7116 3.71058 3.71003 
3.70414 3.70453 3.70541 3.7068 3.7087 3.71114 3.71413 3.71769 3.72184 3.72661 3.73203 3.73811 3.74488 3.75236 3.76057 3.76951 3.77919 3.78962 3.80078 3.81266 3.82523 3.83846 3.85232 3.86675 3.8817 3.8971 3.91289 3.92897 3.94528 3.96171 3.97819 3.9946 4.01087 4.02689 4.04256 4.0578 4.07251 4.0866 4.09998 4.11259 4.12434 4.13517 4.14501 4.15381 4.16152 4.16809 4.17349 4.17769 4.18067 4.18241 4.1829 4.18214 4.18013 4.17688 4.17241 4.16674 4.15991 4.15196 4.14292 4.13285 4.12182 4.10987 4.0971 4.08357 4.06937 4.05458 4.0393 4.02362 4.00763 3.99144 3.97513 3.95881 3.94257 3.9265 3.91069 3.89521 3.88014 3.86556 3.85151 3.83805 3.82523 3.81309 3.80164 3.79091 3.78091 3.77165 3.76312 3.75531 3.74822 3.74183 3.73611 3.73104 3.72661 3.72278 3.71953 3.71685 3.7147 3.71309 3.71198 3.71138 
3.7055 3.7059 3.70684 3.70832 3.71035 3.71295 3.71614 3.71993 3.72437 3.72946 3.73523 3.74172 3.74893 3.7569 3.76563 3.77514 3.78543 3.79651 3.80835 3.82094 3.83426 3.84827 3.86292 3.87817 3.89395 3.9102 3.92683 3.94376 3.96091 3.97819 3.99548 4.01271 4.02976 4.04653 4.06293 4.07886 4.09422 4.10893 4.12289 4.13603 4.14827 4.15954 4.16978 4.17893 4.18695 4.19378 4.19939 4.20376 4.20685 4.20866 4.20917 4.20838 4.20629 4.20292 4.19828 4.19239 4.18529 4.17701 4.16761 4.15713 4.14563 4.13319 4.11986 4.10573 4.0909 4.07543 4.05944 4.04302 4.02626 4.00927 3.99215 3.975 3.95791 3.941 3.92433 3.90801 3.89211 3.8767 3.86185 3.84761 3.83403 3.82115 3.80901 3.79762 3.78699 3.77714 3.76806 3.75975 3.75219 3.74537 3.73926 3.73385 3.7291 3.72501 3.72153 3.71865 3.71635 3.71461 3.71342 3.71276 
3.70688 3.70731 3.7083 3.70987 3.71202 3.71479 3.71818 3.72222 3.72693 3.73234 3.73848 3.74537 3.75303 3.76149 3.77075 3.78083 3.79173 3.80344 3.81597 3.82927 3.84333 3.85811 3.87356 3.88962 3.90622 3.9233 3.94076 3.95853 3.97651 3.9946 4.01271 4.03071 4.04853 4.06603 4.08314 4.09974 4.11573 4.13104 4.14555 4.15921 4.17192 4.18361 4.19423 4.20372 4.21203 4.2191 4.22492 4.22944 4.23264 4.23452 4.23505 4.23423 4.23207 4.22858 4.22378 4.21768 4.21033 4.20175 4.192 4.18112 4.16918 4.15625 4.14239 4.12769 4.11224 4.09612 4.07944 4.06229 4.04479 4.02702 4.0091 3.99113 3.97322 3.95547 3.93797 3.92082 3.90409 3.88786 3.87221 3.8572 3.84287 3.82927 3.81643 3.80437 3.79312 3.78269 3.77306 3.76424 3.75621 3.74895 3.74246 3.73669 3.73164 3.72727 3.72355 3.72048 3.71802 3.71616 3.71487 3.71417 
3.70828 3.70873 3.70977 3.71143 3.71372 3.71665 3.72024 3.72452 3.72952 3.73525 3.74176 3.74905 3.75716 3.7661 3.77588 3.78653 3.79804 3.81039 3.82359 3.8376 3.8524 3.86793 3.88416 3.90101 3.91843 3.93632 3.95461 3.97319 3.99198 4.01087 4.02976 4.04853 4.06707 4.08529 4.10308 4.12032 4.13692 4.1528 4.16784 4.18199 4.19514 4.20725 4.21823 4.22804 4.23662 4.24393 4.24993 4.2546 4.25791 4.25985 4.2604 4.25956 4.25734 4.25374 4.24878 4.24249 4.23489 4.22603 4.21595 4.20469 4.19234 4.17894 4.16457 4.14932 4.13328 4.11654 4.09919 4.08134 4.06311 4.04458 4.02589 4.00713 3.98841 3.96985 3.95153 3.93355 3.91601 3.89898 3.88255 3.86676 3.85169 3.83737 3.82384 3.81113 3.79926 3.78824 3.77807 3.76873 3.76024 3.75255 3.74567 3.73955 3.73419 3.72955 3.7256 3.72233 3.71971 3.71772 3.71635 3.71559 
3.7097 3.71016 3.71126 3.71301 3.71542 3.71852 3.72231 3.72684 3.73211 3.73817 3.74503 3.75273 3.76128 3.7707 3.78101 3.79222 3.80432 3.81731 3.83117 3.84588 3.86139 3.87768 3.89467 3.9123 3.9305 3.94919 3.96827 3.98765 4.00723 4.02689 4.04653 4.06603 4.08529 4.10419 4.12263 4.14049 4.15767 4.17409 4.18964 4.20425 4.21783 4.23031 4.24164 4.25174 4.26058 4.26811 4.2743 4.27911 4.28252 4.28451 4.28508 4.28422 4.28194 4.27824 4.27314 4.26667 4.25885 4.24972 4.23932 4.22772 4.21496 4.20112 4.18628 4.1705 4.1539 4.13655 4.11857 4.10005 4.08111 4.06187 4.04242 4.02289 4.00339 3.98403 3.96491 3.94614 3.92781 3.91 3.89279 3.87625 3.86044 3.84542 3.83121 3.81786 3.80537 3.79377 3.78306 3.77322 3.76426 3.75615 3.74888 3.74242 3.73674 3.73183 3.72765 3.72418 3.7214 3.71929 3.71783 3.71702 
3.71111 3.71159 3.71274 3.71458 3.71712 3.72038 3.72438 3.72914 3.7347 3.74107 3.74829 3.75638 3.76537 3.77526 3.78609 3.79784 3.81053 3.82414 3.83866 3.85404 3.87026 3.88727 3.90501 3.9234 3.94237 3.96183 3.98168 4.00183 4.02216 4.04256 4.06293 4.08314 4.10308 4.12263 4.14168 4.16012 4.17786 4.19479 4.21082 4.22586 4.23984 4.25268 4.26433 4.27472 4.2838 4.29154 4.29789 4.30283 4.30633 4.30838 4.30897 4.30809 4.30576 4.30197 4.29674 4.29009 4.28206 4.27268 4.262 4.25006 4.23694 4.22268 4.20738 4.19112 4.17398 4.15606 4.13747 4.11832 4.09871 4.07876 4.05859 4.03833 4.01807 3.99794 3.97805 3.95851 3.9394 3.92083 3.90287 3.8856 3.86908 3.85336 3.83849 3.8245 3.81142 3.79925 3.788 3.77767 3.76825 3.75972 3.75206 3.74526 3.73928 3.7341 3.72969 3.72603 3.72309 3.72086 3.71931 3.71845 
3.7125 3.713 3.71422 3.71615 3.71881 3.72223 3.72643 3.73143 3.73725 3.74394 3.75151 3.75999 3.7694 3.77976 3.79109 3.80338 3.81664 3.83085 3.846 3.86205 3.87895 3.89666 3.91512 3.93424 3.95395 3.97415 3.99475 4.01563 4.03669 4.0578 4.07886 4.09974 4.12032 4.14049 4.16012 4.17912 4.19738 4.21479 4.23126 4.24672 4.26107 4.27425 4.28619 4.29684 4.30615 4.31407 4.32058 4.32564 4.32923 4.33133 4.33194 4.33105 4.32867 4.32479 4.31944 4.31264 4.30442 4.29481 4.28386 4.27162 4.25814 4.2435 4.22778 4.21105 4.19341 4.17495 4.15579 4.13602 4.11578 4.09517 4.07431 4.05334 4.03236 4.0115 3.99086 3.97057 3.95072 3.93141 3.91273 3.89474 3.87753 3.86114 3.84563 3.83102 3.81735 3.80462 3.79286 3.78204 3.77217 3.76324 3.75521 3.74807 3.74179 3.73634 3.73171 3.72786 3.72476 3.72241 3.72078 3.71987 
3.71388 3.7144 3.71567 3.71768 3.72047 3.72405 3.72844 3.73367 3.73976 3.74675 3.75466 3.76352 3.77334 3.78416 3.79597 3.80878 3.8226 3.83739 3.85315 3.86983 3.8874 3.90579 3.92493 3.94476 3.96517 3.98609 4.00739 4.02897 4.05072 4.07251 4.09422 4.11573 4.13692 4.15767 4.17786 4.19738 4.21612 4.23398 4.25087 4.2667 4.2814 4.29489 4.30711 4.318 4.32751 4.33561 4.34226 4.34743 4.35111 4.35326 4.35389 4.35299 4.35055 4.3466 4.34115 4.33421 4.32581 4.31599 4.30479 4.29226 4.27847 4.26347 4.24735 4.23019 4.21208 4.19312 4.17341 4.15308 4.13223 4.11099 4.08949 4.06784 4.04617 4.02461 4.00327 3.98226 3.9617 3.94168 3.9223 3.90363 3.88575 3.86871 3.85257 3.83737 3.82313 3.80987 3.7976 3.78632 3.77601 3.76667 3.75828 3.75082 3.74425 3.73855 3.73369 3.72965 3.72641 3.72394 3.72223 3.72127 
3.71523 3.71577 3.71708 3.71919 3.72209 3.72582 3.7304 3.73585 3.7422 3.74948 3.75772 3.76694 3.77717 3.78842 3.8007 3.81402 3.82836 3.84372 3.86006 3.87735 3.89555 3.91458 3.93439 3.95488 3.97597 3.99755 4.01953 4.04177 4.06417 4.0866 4.10893 4.13104 4.1528 4.17409 4.19479 4.21479 4.23398 4.25226 4.26953 4.28572 4.30073 4.3145 4.32697 4.33809 4.34779 4.35605 4.36284 4.36811 4.37185 4.37405 4.3747 4.37379 4.37132 4.3673 4.36175 4.35468 4.34612 4.33611 4.32469 4.3119 4.29781 4.28249 4.266 4.24844 4.22989 4.21046 4.19025 4.16938 4.14797 4.12614 4.10402 4.08174 4.05942 4.03719 4.01518 3.9935 3.97226 3.95157 3.93152 3.91219 3.89367 3.87602 3.85929 3.84351 3.82872 3.81495 3.80219 3.79046 3.77973 3.77001 3.76127 3.75349 3.74663 3.74069 3.73562 3.7314 3.72801 3.72543 3.72364 3.72263 
3.71653 3.71709 3.71845 3.72064 3.72366 3.72754 3.73229 3.73796 3.74456 3.75212 3.76067 3.77024 3.78085 3.79252 3.80525 3.81904 3.83389 3.84978 3.86668 3.88455 3.90334 3.92299 3.94342 3.96454 3.98626 4.00848 4.03109 4.05395 4.07696 4.09998 4.12289 4.14555 4.16784 4.18964 4.21082 4.23126 4.25087 4.26953 4.28716 4.30367 4.31897 4.333 4.3457 4.35702 4.3669 4.3753 4.3822 4.38757 4.39138 4.39362 4.39429 4.39337 4.39087 4.38679 4.38115 4.37397 4.36527 4.35508 4.34345 4.33043 4.31608 4.30045 4.28363 4.2657 4.24675 4.22688 4.20621 4.18484 4.16291 4.14053 4.11783 4.09496 4.07203 4.04918 4.02653 4.00421 3.98233 3.961 3.94032 3.92038 3.90126 3.88302 3.86571 3.84939 3.83409 3.81982 3.8066 3.79444 3.78331 3.77322 3.76415 3.75606 3.74894 3.74275 3.73748 3.73309 3.72956 3.72687 3.72501 3.72395 
3.71778 3.71836 3.71977 3.72203 3.72516 3.72918 3.73411 3.73997 3.74681 3.75464 3.76349 3.77339 3.78436 3.79642 3.80957 3.82381 3.83914 3.85553 3.87296 3.89137 3.91073 3.93095 3.95196 3.97367 3.99599 4.0188 4.04199 4.06544 4.08902 4.11259 4.13603 4.15921 4.18199 4.20425 4.22586 4.24672 4.2667 4.28572 4.30367 4.32046 4.33603 4.3503 4.36321 4.3747 4.38474 4.39327 4.40028 4.40573 4.40961 4.41189 4.41257 4.41164 4.40911 4.40498 4.39927 4.39198 4.38315 4.37281 4.361 4.34777 4.33317 4.31727 4.30015 4.28188 4.26256 4.2423 4.22119 4.19937 4.17695 4.15406 4.13084 4.10741 4.08391 4.06048 4.03725 4.01433 3.99185 3.96993 3.94866 3.92814 3.90844 3.88965 3.87181 3.85498 3.83918 3.82445 3.8108 3.79822 3.78672 3.77628 3.76689 3.75851 3.75114 3.74473 3.73926 3.73471 3.73105 3.72825 3.72632 3.72522 
3.71897 3.71956 3.72102 3.72335 3.72659 3.73073 3.73582 3.74188 3.74893 3.75702 3.76615 3.77636 3.78767 3.8001 3.81364 3.82831 3.84408 3.86094 3.87886 3.89778 3.91765 3.93841 3.95996 3.98222 4.00509 4.02845 4.05218 4.07616 4.10026 4.12434 4.14827 4.17192 4.19514 4.21783 4.23984 4.26107 4.2814 4.30073 4.31897 4.33603 4.35183 4.36631 4.37941 4.39107 4.40124 4.4099 4.417 4.42252 4.42645 4.42877 4.42947 4.42854 4.42598 4.42181 4.41602 4.40865 4.39971 4.38923 4.37726 4.36384 4.34902 4.33287 4.31547 4.2969 4.27725 4.25662 4.23513 4.21289 4.19003 4.16667 4.14296 4.11903 4.09501 4.07104 4.04726 4.02379 4.00076 3.97828 3.95647 3.9354 3.91518 3.89587 3.87754 3.86022 3.84397 3.82881 3.81475 3.80179 3.78993 3.77917 3.76947 3.76083 3.75321 3.74659 3.74095 3.73624 3.73245 3.72956 3.72756 3.72642 
3.72008 3.72069 3.72219 3.72459 3.72792 3.73219 3.73743 3.74366 3.75092 3.75923 3.76863 3.77913 3.79075 3.80352 3.81743 3.83248 3.84867 3.86596 3.88432 3.90371 3.92407 3.94531 3.96736 3.99013 4.0135 4.03736 4.06158 4.08605 4.11062 4.13517 4.15954 4.18361 4.20725 4.23031 4.25268 4.27425 4.29489 4.3145 4.333 4.3503 4.36631 4.38098 4.39424 4.40604 4.41634 4.4251 4.43229 4.43788 4.44186 4.44421 4.44492 4.44398 4.44141 4.43719 4.43135 4.4239 4.41486 4.40427 4.39215 4.37856 4.36355 4.34718 4.32954 4.31069 4.29074 4.26979 4.24795 4.22533 4.20207 4.17829 4.15413 4.12974 4.10524 4.08079 4.05651 4.03253 4.009 3.98601 3.96369 3.94213 3.92142 3.90164 3.88285 3.86509 3.84842 3.83286 3.81842 3.8051 3.79292 3.78185 3.77188 3.76299 3.75515 3.74834 3.74252 3.73767 3.73377 3.73079 3.72872 3.72755 
3.72111 3.72173 3.72327 3.72574 3.72915 3.73353 3.73891 3.74531 3.75275 3.76128 3.77091 3.78167 3.79358 3.80666 3.8209 3.83631 3.85287 3.87055 3.88933 3.90914 3.92993 3.95162 3.97412 3.99734 4.02116 4.04547 4.07015 4.09505 4.12005 4.14501 4.16978 4.19423 4.21823 4.24164 4.26433 4.28619 4.30711 4.32697 4.3457 4.36321 4.37941 4.39424 4.40765 4.41957 4.42998 4.43883 4.44609 4.45175 4.45577 4.45814 4.45887 4.45793 4.45534 4.45109 4.4452 4.43768 4.42856 4.41786 4.40561 4.39188 4.3767 4.36014 4.34227 4.32319 4.30297 4.28173 4.25957 4.23662 4.213 4.18884 4.16429 4.13948 4.11455 4.08966 4.06493 4.0405 4.01651 3.99306 3.97029 3.94828 3.92713 3.90691 3.8877 3.86955 3.85249 3.83656 3.82178 3.80815 3.79566 3.78432 3.7741 3.76498 3.75694 3.74994 3.74397 3.73899 3.73498 3.73192 3.7298 3.72859 
3.72205 3.72268 3.72425 3.72678 3.73027 3.73475 3.74025 3.74679 3.75441 3.76312 3.77297 3.78397 3.79614 3.80949 3.82403 3.83976 3.85665 3.87469 3.89383 3.91402 3.93519 3.95728 3.98018 4.0038 4.02803 4.05274 4.07781 4.10311 4.12848 4.15381 4.17893 4.20372 4.22804 4.25174 4.27472 4.29684 4.318 4.33809 4.35702 4.3747 4.39107 4.40604 4.41957 4.43161 4.44211 4.45104 4.45837 4.46407 4.46813 4.47054 4.47127 4.47034 4.46773 4.46345 4.45752 4.44994 4.44074 4.42995 4.4176 4.40373 4.38841 4.37168 4.35363 4.33433 4.31388 4.29239 4.26995 4.2467 4.22276 4.19827 4.17337 4.14819 4.12289 4.0976 4.07247 4.04764 4.02324 3.99939 3.97621 3.9538 3.93225 3.91165 3.89207 3.87356 3.85616 3.8399 3.82481 3.81089 3.79814 3.78655 3.7761 3.76678 3.75855 3.75139 3.74528 3.74019 3.73608 3.73295 3.73077 3.72953 
3.72288 3.72352 3.72513 3.7277 3.73126 3.73584 3.74144 3.74811 3.75588 3.76476 3.77479 3.786 3.79839 3.81199 3.82679 3.8428 3.85999 3.87833 3.89779 3.91831 3.93982 3.96225 3.98551 4.00948 4.03406 4.05912 4.08454 4.11017 4.13587 4.16152 4.18695 4.21203 4.23662 4.26058 4.2838 4.30615 4.32751 4.34779 4.3669 4.38474 4.40124 4.41634 4.42998 4.44211 4.4527 4.46169 4.46908 4.47482 4.47891 4.48134 4.48208 4.48115 4.47853 4.47423 4.46826 4.46064 4.45137 4.4405 4.42806 4.41409 4.39863 4.38176 4.36355 4.34407 4.32342 4.3017 4.27903 4.25552 4.23131 4.20653 4.18132 4.15583 4.13019 4.10457 4.07909 4.05391 4.02915 4.00495 3.98141 3.95865 3.93676 3.91583 3.89592 3.87709 3.85939 3.84285 3.82749 3.81331 3.80032 3.78852 3.77787 3.76837 3.75998 3.75268 3.74645 3.74125 3.73706 3.73387 3.73164 3.73038 
3.7236 3.72426 3.72589 3.7285 3.73213 3.73677 3.74247 3.74926 3.75715 3.76617 3.77637 3.78775 3.80034 3.81414 3.82917 3.84541 3.86285 3.88145 3.90118 3.92199 3.94379 3.96651 3.99006 4.01433 4.03921 4.06457 4.09028 4.11619 4.14218 4.16809 4.19378 4.2191 4.24393 4.26811 4.29154 4.31407 4.33561 4.35605 4.3753 4.39327 4.4099 4.4251 4.43883 4.45104 4.46169 4.47075 4.47818 4.48396 4.48808 4.49052 4.49128 4.49034 4.48771 4.48339 4.4774 4.46973 4.46042 4.44948 4.43696 4.42289 4.40733 4.39034 4.37199 4.35236 4.33154 4.30964 4.28676 4.26304 4.2386 4.21357 4.1881 4.16234 4.13643 4.11051 4.08474 4.05926 4.0342 4.0097 3.98586 3.9628 3.94062 3.9194 3.89921 3.88012 3.86216 3.84538 3.82978 3.81539 3.8022 3.79021 3.77939 3.76974 3.76121 3.7538 3.74746 3.74217 3.73791 3.73466 3.73239 3.73111 
3.72421 3.72487 3.72652 3.72917 3.73285 3.73756 3.74334 3.75021 3.7582 3.76735 3.77767 3.7892 3.80195 3.81592 3.83113 3.84757 3.86521 3.88403 3.90399 3.92502 3.94706 3.97002 3.99382 4.01833 4.04345 4.06905 4.095 4.12115 4.14736 4.17349 4.19939 4.22492 4.24993 4.2743 4.29789 4.32058 4.34226 4.36284 4.3822 4.40028 4.417 4.43229 4.44609 4.45837 4.46908 4.47818 4.48565 4.49146 4.4956 4.49806 4.49882 4.49789 4.49525 4.49092 4.48489 4.47719 4.46784 4.45685 4.44426 4.43012 4.41447 4.39738 4.37892 4.35916 4.33821 4.31615 4.29312 4.26922 4.24458 4.21936 4.19368 4.16769 4.14155 4.1154 4.0894 4.06367 4.03836 4.01361 3.98953 3.96622 3.9438 3.92235 3.90194 3.88262 3.86446 3.84747 3.83169 3.81712 3.80376 3.79162 3.78066 3.77088 3.76224 3.75472 3.7483 3.74294 3.73862 3.73532 3.73303 3.73172 
3.72469 3.72536 3.72703 3.72971 3.73342 3.73818 3.74402 3.75096 3.75904 3.76828 3.7787 3.79034 3.80321 3.81732 3.83268 3.84926 3.86707 3.88605 3.90618 3.92739 3.94961 3.97276 3.99674 4.02145 4.04676 4.07254 4.09867 4.12501 4.15139 4.17769 4.20376 4.22944 4.2546 4.27911 4.30283 4.32564 4.34743 4.36811 4.38757 4.40573 4.42252 4.43788 4.45175 4.46407 4.47482 4.48396 4.49146 4.4973 4.50146 4.50393 4.5047 4.50376 4.50112 4.49677 4.49073 4.483 4.47361 4.46258 4.44995 4.43574 4.42003 4.40286 4.38431 4.36446 4.34339 4.32122 4.29806 4.27402 4.24924 4.22386 4.19801 4.17186 4.14554 4.11921 4.09301 4.0671 4.0416 4.01666 3.99238 3.96889 3.94629 3.92465 3.90406 3.88458 3.86625 3.84911 3.83318 3.81847 3.80499 3.79272 3.78166 3.77178 3.76305 3.75546 3.74897 3.74355 3.73919 3.73585 3.73353 3.73221 
3.72505 3.72572 3.7274 3.7301 3.73384 3.73864 3.74452 3.75151 3.75965 3.76895 3.77945 3.79117 3.80413 3.81833 3.83378 3.85048 3.86839 3.8875 3.90774 3.92908 3.95143 3.97471 3.99882 4.02366 4.0491 4.07502 4.10128 4.12774 4.15425 4.18067 4.20685 4.23264 4.25791 4.28252 4.30633 4.32923 4.35111 4.37185 4.39138 4.40961 4.42645 4.44186 4.45577 4.46813 4.47891 4.48808 4.4956 4.50146 4.50563 4.50811 4.50888 4.50795 4.5053 4.50094 4.49488 4.48714 4.47772 4.46666 4.45399 4.43974 4.42398 4.40675 4.38814 4.36821 4.34707 4.32481 4.30156 4.27742 4.25254 4.22704 4.20109 4.17481 4.14837 4.12191 4.09558 4.06953 4.0439 4.01882 3.99441 3.97079 3.94806 3.92629 3.90558 3.88598 3.86753 3.85028 3.83425 3.81945 3.80587 3.79352 3.78238 3.77243 3.76364 3.75599 3.74945 3.744 3.7396 3.73624 3.7339 3.73257 
3.72528 3.72595 3.72764 3.73035 3.73411 3.73892 3.74483 3.75185 3.76002 3.76936 3.7799 3.79167 3.80468 3.81894 3.83445 3.8512 3.86918 3.88835 3.90867 3.93007 3.9525 3.97585 4.00004 4.02495 4.05047 4.07647 4.1028 4.12934 4.15592 4.18241 4.20866 4.23452 4.25985 4.28451 4.30838 4.33133 4.35326 4.37405 4.39362 4.41189 4.42877 4.44421 4.45814 4.47054 4.48134 4.49052 4.49806 4.50393 4.50811 4.51059 4.51137 4.51043 4.50778 4.50342 4.49735 4.48959 4.48015 4.46907 4.45637 4.4421 4.4263 4.40904 4.39039 4.37042 4.34923 4.32692 4.3036 4.27941 4.25446 4.2289 4.20288 4.17653 4.15001 4.12348 4.09708 4.07095 4.04525 4.02009 3.9956 3.97191 3.94909 3.92726 3.90647 3.8868 3.86829 3.85098 3.83489 3.82003 3.8064 3.79401 3.78282 3.77283 3.764 3.75632 3.74976 3.74428 3.73986 3.73649 3.73414 3.7328 
