1.97233 1.97261 1.97289 1.97317 1.97343 1.97368 1.97392 1.97415 1.97436 1.97455 1.97473 1.97489 1.97504 1.97518 1.9753 1.97542 1.97553 1.97563 1.97573 1.97583 1.97594 1.97605 1.97617 1.97629 1.97643 1.97658 1.97675 1.97694 1.97714 1.97736 1.9776 1.97785 1.97812 1.97841 1.97871 1.97902 1.97934 1.97966 1.97998 1.9803 1.98062 1.98092 1.98121 1.98147 1.98172 1.98193 1.98212 1.98227 1.98239 1.98246 1.9825 1.9825 1.98246 1.98238 1.98227 1.98211 1.98193 1.98171 1.98147 1.98121 1.98093 1.98063 1.98032 1.98001 1.97969 1.97938 1.97907 1.97877 1.97848 1.9782 1.97794 1.97769 1.97746 1.97725 1.97707 1.9769 1.97675 1.97663 1.97652 1.97644 1.97637 1.97633 1.97631 1.97631 1.97633 1.97637 1.97644 1.97653 1.97664 1.97677 1.97692 1.9771 1.97729 1.97751 1.97774 1.97799 1.97825 1.97852 1.9788 1.97908 
1.97261 1.9729 1.97318 1.97345 1.97372 1.97397 1.97421 1.97443 1.97464 1.97484 1.97501 1.97518 1.97532 1.97546 1.97558 1.9757 1.97581 1.97591 1.97601 1.97611 1.97622 1.97632 1.97644 1.97657 1.97671 1.97686 1.97703 1.97722 1.97742 1.97764 1.97788 1.97814 1.97842 1.97871 1.97902 1.97934 1.97966 1.97999 1.98032 1.98065 1.98097 1.98128 1.98158 1.98185 1.9821 1.98232 1.98251 1.98267 1.98278 1.98286 1.9829 1.9829 1.98286 1.98278 1.98266 1.9825 1.98231 1.98209 1.98185 1.98158 1.98129 1.98098 1.98067 1.98035 1.98002 1.9797 1.97939 1.97908 1.97878 1.9785 1.97823 1.97798 1.97775 1.97754 1.97735 1.97718 1.97703 1.9769 1.9768 1.97671 1.97665 1.97661 1.97659 1.97659 1.97661 1.97666 1.97672 1.97681 1.97692 1.97705 1.97721 1.97738 1.97758 1.97779 1.97802 1.97827 1.97853 1.97881 1.97908 1.97937 
1.97289 1.97318 1.97346 1.97373 1.974 1.97425 1.97449 1.97471 1.97492 1.97512 1.9753 1.97546 1.97561 1.97574 1.97587 1.97599 1.9761 1.9762 1.97631 1.97641 1.97652 1.97664 1.97677 1.9769 1.97706 1.97722 1.97741 1.97761 1.97784 1.97808 1.97835 1.97863 1.97894 1.97926 1.9796 1.97995 1.9803 1.98067 1.98103 1.98139 1.98175 1.98209 1.98241 1.98271 1.98299 1.98323 1.98344 1.98361 1.98374 1.98382 1.98387 1.98386 1.98382 1.98373 1.98359 1.98342 1.98321 1.98297 1.9827 1.9824 1.98208 1.98174 1.9814 1.98104 1.98069 1.98033 1.97998 1.97964 1.97932 1.97901 1.97871 1.97844 1.97818 1.97795 1.97774 1.97756 1.97739 1.97725 1.97714 1.97704 1.97697 1.97692 1.97689 1.97689 1.97691 1.97695 1.97701 1.9771 1.97721 1.97734 1.97749 1.97766 1.97786 1.97807 1.97831 1.97855 1.97881 1.97909 1.97937 1.97965 
1.97317 1.97345 1.97373 1.97401 1.97427 1.97452 1.97476 1.97499 1.9752 1.97539 1.97557 1.97574 1.97589 1.97603 1.97616 1.97628 1.9764 1.97651 1.97662 1.97674 1.97687 1.977 1.97714 1.9773 1.97748 1.97767 1.97789 1.97813 1.97839 1.97868 1.97899 1.97933 1.97969 1.98006 1.98046 1.98087 1.98129 1.98171 1.98214 1.98256 1.98297 1.98337 1.98375 1.9841 1.98441 1.9847 1.98494 1.98513 1.98528 1.98538 1.98543 1.98542 1.98537 1.98526 1.9851 1.9849 1.98465 1.98437 1.98405 1.9837 1.98333 1.98294 1.98253 1.98212 1.9817 1.98129 1.98088 1.98048 1.9801 1.97973 1.97939 1.97907 1.97877 1.9785 1.97825 1.97803 1.97784 1.97767 1.97753 1.97742 1.97733 1.97726 1.97722 1.97721 1.97722 1.97725 1.97731 1.97739 1.97749 1.97762 1.97777 1.97794 1.97814 1.97835 1.97858 1.97883 1.97909 1.97936 1.97964 1.97992 
1.97343 1.97372 1.974 1.97427 1.97454 1.97479 1.97503 1.97526 1.97547 1.97566 1.97585 1.97601 1.97617 1.97631 1.97645 1.97658 1.97671 1.97683 1.97696 1.9771 1.97724 1.9774 1.97757 1.97777 1.97798 1.97822 1.97849 1.97878 1.97911 1.97946 1.97984 1.98026 1.98069 1.98116 1.98164 1.98214 1.98265 1.98317 1.98369 1.9842 1.9847 1.98518 1.98563 1.98606 1.98644 1.98678 1.98707 1.9873 1.98748 1.98759 1.98765 1.98764 1.98757 1.98744 1.98724 1.987 1.9867 1.98635 1.98596 1.98554 1.98508 1.98461 1.98411 1.98361 1.9831 1.9826 1.9821 1.98162 1.98115 1.98071 1.98029 1.97989 1.97953 1.9792 1.97889 1.97862 1.97838 1.97817 1.978 1.97785 1.97773 1.97764 1.97758 1.97755 1.97754 1.97756 1.97761 1.97768 1.97778 1.9779 1.97805 1.97822 1.97841 1.97862 1.97885 1.9791 1.97936 1.97963 1.9799 1.98019 
1.97368 1.97397 1.97425 1.97452 1.97479 1.97504 1.97529 1.97551 1.97573 1.97593 1.97611 1.97628 1.97644 1.9766 1.97674 1.97688 1.97703 1.97717 1.97732 1.97748 1.97766 1.97785 1.97807 1.97831 1.97858 1.97888 1.97922 1.97959 1.98 1.98045 1.98093 1.98145 1.982 1.98258 1.98319 1.98381 1.98445 1.98509 1.98574 1.98637 1.98699 1.98759 1.98815 1.98867 1.98914 1.98955 1.98991 1.99019 1.99041 1.99055 1.99061 1.9906 1.99051 1.99034 1.9901 1.98979 1.98942 1.98899 1.9885 1.98798 1.98741 1.98682 1.98621 1.98558 1.98495 1.98432 1.9837 1.9831 1.98252 1.98196 1.98143 1.98094 1.98048 1.98006 1.97968 1.97934 1.97903 1.97877 1.97854 1.97834 1.97819 1.97806 1.97797 1.97792 1.97789 1.97789 1.97792 1.97798 1.97807 1.97818 1.97832 1.97849 1.97867 1.97888 1.97911 1.97935 1.97961 1.97988 1.98016 1.98044 
1.97392 1.97421 1.97449 1.97476 1.97503 1.97529 1.97553 1.97576 1.97597 1.97618 1.97637 1.97655 1.97672 1.97688 1.97704 1.9772 1.97736 1.97753 1.97771 1.97791 1.97813 1.97837 1.97865 1.97895 1.9793 1.97969 1.98012 1.98059 1.98112 1.98168 1.9823 1.98296 1.98366 1.98439 1.98516 1.98595 1.98675 1.98756 1.98837 1.98916 1.98994 1.99068 1.99138 1.99203 1.99261 1.99313 1.99356 1.99392 1.99418 1.99435 1.99443 1.99441 1.99429 1.99408 1.99377 1.99338 1.99291 1.99237 1.99177 1.99111 1.9904 1.98966 1.98889 1.9881 1.98731 1.98652 1.98574 1.98498 1.98424 1.98354 1.98287 1.98225 1.98167 1.98113 1.98064 1.9802 1.97981 1.97947 1.97917 1.97891 1.9787 1.97853 1.9784 1.97831 1.97825 1.97823 1.97824 1.97829 1.97836 1.97846 1.97859 1.97875 1.97893 1.97913 1.97936 1.9796 1.97985 1.98012 1.9804 1.98068 
1.97415 1.97443 1.97471 1.97499 1.97526 1.97551 1.97576 1.97599 1.97621 1.97642 1.97662 1.97681 1.97699 1.97716 1.97734 1.97752 1.97771 1.97792 1.97814 1.97838 1.97866 1.97897 1.97932 1.97971 1.98016 1.98065 1.98121 1.98182 1.98249 1.98322 1.984 1.98484 1.98573 1.98666 1.98763 1.98863 1.98964 1.99066 1.99168 1.99268 1.99365 1.99457 1.99545 1.99625 1.99698 1.99762 1.99816 1.9986 1.99892 1.99913 1.99922 1.99919 1.99903 1.99877 1.99838 1.99789 1.9973 1.99662 1.99586 1.99503 1.99415 1.99321 1.99224 1.99126 1.99026 1.98926 1.98828 1.98732 1.98639 1.9855 1.98465 1.98386 1.98312 1.98243 1.98181 1.98125 1.98074 1.9803 1.97991 1.97957 1.97929 1.97906 1.97888 1.97874 1.97864 1.97859 1.97857 1.9786 1.97865 1.97874 1.97886 1.979 1.97918 1.97938 1.97959 1.97983 1.98008 1.98035 1.98062 1.98091 
1.97436 1.97464 1.97492 1.9752 1.97547 1.97573 1.97597 1.97621 1.97644 1.97665 1.97686 1.97706 1.97726 1.97745 1.97766 1.97787 1.97809 1.97834 1.97861 1.97892 1.97927 1.97966 1.98011 1.98062 1.98118 1.98182 1.98253 1.98331 1.98417 1.9851 1.9861 1.98716 1.98829 1.98947 1.99069 1.99195 1.99322 1.9945 1.99578 1.99703 1.99824 1.99939 2.00048 2.00148 2.00238 2.00317 2.00384 2.00438 2.00477 2.00503 2.00513 2.00509 2.00489 2.00455 2.00407 2.00346 2.00272 2.00187 2.00092 1.99988 1.99877 1.9976 1.99639 1.99515 1.9939 1.99265 1.99141 1.9902 1.98903 1.9879 1.98683 1.98583 1.98489 1.98402 1.98322 1.9825 1.98185 1.98128 1.98078 1.98034 1.97997 1.97966 1.97941 1.97921 1.97907 1.97897 1.97892 1.97892 1.97895 1.97902 1.97912 1.97925 1.97942 1.97961 1.97982 1.98005 1.9803 1.98056 1.98084 1.98112 
1.97455 1.97484 1.97512 1.97539 1.97566 1.97593 1.97618 1.97642 1.97665 1.97688 1.9771 1.97731 1.97753 1.97775 1.97798 1.97823 1.97851 1.97881 1.97915 1.97954 1.97998 1.98048 1.98105 1.9817 1.98242 1.98324 1.98414 1.98514 1.98622 1.9874 1.98867 1.99001 1.99143 1.99291 1.99445 1.99602 1.99761 1.99921 2.00079 2.00234 2.00384 2.00527 2.00662 2.00785 2.00896 2.00994 2.01076 2.01141 2.0119 2.0122 2.01233 2.01226 2.01202 2.01159 2.01099 2.01023 2.00932 2.00826 2.00708 2.00579 2.00441 2.00295 2.00145 1.9999 1.99834 1.99678 1.99523 1.99371 1.99225 1.99083 1.98949 1.98822 1.98704 1.98594 1.98493 1.98401 1.98319 1.98245 1.9818 1.98124 1.98076 1.98035 1.98001 1.97974 1.97954 1.97939 1.9793 1.97925 1.97925 1.9793 1.97938 1.9795 1.97965 1.97983 1.98003 1.98026 1.9805 1.98076 1.98103 1.98131 
1.97473 1.97501 1.9753 1.97557 1.97585 1.97611 1.97637 1.97662 1.97686 1.9771 1.97733 1.97757 1.97781 1.97807 1.97834 1.97864 1.97897 1.97934 1.97977 1.98026 1.98081 1.98145 1.98217 1.98299 1.98392 1.98495 1.98609 1.98735 1.98872 1.9902 1.99179 1.99347 1.99525 1.9971 1.999 2.00096 2.00293 2.0049 2.00686 2.00877 2.01062 2.01237 2.01402 2.01553 2.01689 2.01808 2.01908 2.01987 2.02046 2.02083 2.02097 2.02089 2.02058 2.02005 2.01931 2.01837 2.01724 2.01594 2.01449 2.0129 2.0112 2.0094 2.00754 2.00563 2.0037 2.00176 1.99984 1.99796 1.99613 1.99438 1.9927 1.99111 1.98963 1.98825 1.98698 1.98583 1.98478 1.98385 1.98302 1.9823 1.98168 1.98115 1.98071 1.98035 1.98006 1.97985 1.9797 1.97961 1.97957 1.97959 1.97964 1.97974 1.97987 1.98004 1.98023 1.98045 1.98069 1.98095 1.98121 1.98149 
1.97489 1.97518 1.97546 1.97574 1.97601 1.97628 1.97655 1.97681 1.97706 1.97731 1.97757 1.97783 1.97811 1.9784 1.97873 1.97909 1.97949 1.97996 1.98049 1.9811 1.9818 1.9826 1.98352 1.98455 1.98571 1.98701 1.98844 1.99002 1.99173 1.99358 1.99556 1.99765 1.99985 2.00213 2.00448 2.00689 2.00931 2.01173 2.01413 2.01646 2.01871 2.02085 2.02285 2.02469 2.02633 2.02777 2.02897 2.02993 2.03064 2.03108 2.03124 2.03113 2.03075 2.0301 2.0292 2.02805 2.02667 2.02509 2.02331 2.02137 2.01929 2.0171 2.01482 2.01248 2.0101 2.00773 2.00537 2.00305 2.0008 1.99862 1.99655 1.99458 1.99274 1.99102 1.98944 1.98799 1.98669 1.98551 1.98447 1.98356 1.98276 1.98208 1.98151 1.98104 1.98066 1.98036 1.98015 1.98 1.97991 1.97989 1.97991 1.97999 1.9801 1.98025 1.98043 1.98064 1.98087 1.98112 1.98138 1.98165 
1.97504 1.97532 1.97561 1.97589 1.97617 1.97644 1.97672 1.97699 1.97726 1.97753 1.97781 1.97811 1.97842 1.97877 1.97916 1.97959 1.98009 1.98067 1.98133 1.98209 1.98297 1.98398 1.98512 1.98641 1.98787 1.98948 1.99127 1.99322 1.99535 1.99763 2.00007 2.00264 2.00534 2.00814 2.01101 2.01394 2.01689 2.01984 2.02274 2.02556 2.02828 2.03086 2.03327 2.03548 2.03745 2.03917 2.04062 2.04176 2.0426 2.04312 2.04331 2.04317 2.0427 2.04192 2.04082 2.03943 2.03777 2.03585 2.0337 2.03135 2.02884 2.02618 2.02341 2.02057 2.01769 2.0148 2.01192 2.00909 2.00633 2.00367 2.00112 1.99871 1.99644 1.99432 1.99236 1.99057 1.98895 1.98749 1.98619 1.98504 1.98404 1.98318 1.98245 1.98184 1.98134 1.98095 1.98064 1.98043 1.98028 1.98021 1.9802 1.98024 1.98032 1.98045 1.98062 1.98081 1.98104 1.98128 1.98154 1.98181 
1.97518 1.97546 1.97574 1.97603 1.97631 1.9766 1.97688 1.97716 1.97745 1.97775 1.97807 1.9784 1.97877 1.97918 1.97964 1.98018 1.98079 1.9815 1.98232 1.98327 1.98436 1.98561 1.98703 1.98864 1.99044 1.99243 1.99464 1.99704 1.99965 2.00245 2.00542 2.00856 2.01184 2.01524 2.01872 2.02226 2.02582 2.02936 2.03284 2.03623 2.03949 2.04257 2.04544 2.04807 2.05042 2.05246 2.05417 2.05553 2.05652 2.05712 2.05734 2.05716 2.0566 2.05565 2.05434 2.05268 2.05068 2.04839 2.04582 2.04301 2.03999 2.0368 2.03347 2.03006 2.02659 2.0231 2.01962 2.0162 2.01286 2.00963 2.00653 2.00359 2.00081 1.99822 1.99583 1.99363 1.99163 1.98982 1.98821 1.98679 1.98554 1.98446 1.98354 1.98277 1.98213 1.98161 1.98121 1.9809 1.98069 1.98056 1.9805 1.9805 1.98055 1.98066 1.9808 1.98098 1.98119 1.98143 1.98168 1.98194 
1.9753 1.97558 1.97587 1.97616 1.97645 1.97674 1.97704 1.97734 1.97766 1.97798 1.97834 1.97873 1.97916 1.97964 1.9802 1.98085 1.9816 1.98247 1.98349 1.98466 1.98601 1.98755 1.9893 1.99128 1.99349 1.99593 1.99863 2.00156 2.00473 2.00812 2.01173 2.01552 2.01947 2.02355 2.02773 2.03196 2.03621 2.04043 2.04458 2.0486 2.05246 2.05611 2.0595 2.0626 2.06537 2.06777 2.06978 2.07137 2.07253 2.07323 2.07347 2.07326 2.07258 2.07146 2.0699 2.06793 2.06557 2.06285 2.0598 2.05646 2.05288 2.04909 2.04514 2.04107 2.03692 2.03275 2.02859 2.02449 2.02048 2.01659 2.01286 2.0093 2.00595 2.00281 1.9999 1.99722 1.99478 1.99257 1.9906 1.98884 1.98731 1.98597 1.98482 1.98385 1.98304 1.98238 1.98185 1.98144 1.98114 1.98094 1.98082 1.98077 1.98079 1.98087 1.98099 1.98115 1.98135 1.98157 1.98181 1.98207 
1.97542 1.9757 1.97599 1.97628 1.97658 1.97688 1.9772 1.97752 1.97787 1.97823 1.97864 1.97909 1.97959 1.98018 1.98085 1.98164 1.98255 1.98362 1.98486 1.9863 1.98795 1.98984 1.99198 1.99439 1.99708 2.00005 2.00331 2.00686 2.01068 2.01476 2.01908 2.02362 2.02834 2.0332 2.03816 2.04318 2.04821 2.05319 2.05808 2.06281 2.06734 2.07162 2.07559 2.07921 2.08244 2.08524 2.08757 2.08942 2.09076 2.09156 2.09184 2.09158 2.09078 2.08946 2.08763 2.08532 2.08255 2.07935 2.07578 2.07186 2.06764 2.06318 2.05852 2.05371 2.04882 2.04388 2.03895 2.03407 2.0293 2.02466 2.0202 2.01595 2.01193 2.00816 2.00465 2.00142 1.99846 1.99579 1.99339 1.99125 1.98937 1.98773 1.98631 1.98511 1.9841 1.98327 1.98259 1.98206 1.98166 1.98137 1.98118 1.98107 1.98105 1.98108 1.98118 1.98132 1.98149 1.9817 1.98194 1.98219 
1.97553 1.97581 1.9761 1.9764 1.97671 1.97703 1.97736 1.97771 1.97809 1.97851 1.97897 1.97949 1.98009 1.98079 1.9816 1.98255 1.98367 1.98497 1.98648 1.98823 1.99024 1.99253 1.99513 1.99804 2.00128 2.00486 2.00877 2.01302 2.01758 2.02245 2.02758 2.03296 2.03854 2.04428 2.05012 2.05602 2.06191 2.06774 2.07344 2.07896 2.08423 2.08919 2.0938 2.09799 2.10172 2.10495 2.10764 2.10976 2.1113 2.11222 2.11253 2.11221 2.11128 2.10974 2.10762 2.10493 2.10171 2.098 2.09384 2.08928 2.08437 2.07917 2.07373 2.06811 2.06237 2.05658 2.05079 2.04505 2.03942 2.03394 2.02866 2.02361 2.01883 2.01434 2.01015 2.00628 2.00274 1.99952 1.99663 1.99405 1.99177 1.98977 1.98805 1.98657 1.98533 1.98429 1.98344 1.98277 1.98224 1.98185 1.98158 1.9814 1.98132 1.98131 1.98137 1.98148 1.98164 1.98184 1.98206 1.98231 
1.97563 1.97591 1.9762 1.97651 1.97683 1.97717 1.97753 1.97792 1.97834 1.97881 1.97934 1.97996 1.98067 1.9815 1.98247 1.98362 1.98497 1.98654 1.98837 1.99048 1.99291 1.99567 1.99879 2.00228 2.00616 2.01043 2.01508 2.02012 2.02552 2.03127 2.03732 2.04364 2.05018 2.05688 2.0637 2.07057 2.07741 2.08416 2.09076 2.09713 2.1032 2.10891 2.11419 2.119 2.12327 2.12696 2.13004 2.13246 2.1342 2.13525 2.13558 2.13521 2.13413 2.13236 2.12992 2.12683 2.12313 2.11886 2.11407 2.10882 2.10315 2.09714 2.09084 2.08433 2.07768 2.07094 2.06419 2.0575 2.05092 2.0445 2.0383 2.03237 2.02673 2.02142 2.01647 2.01188 2.00767 2.00383 2.00038 1.99728 1.99455 1.99214 1.99006 1.98826 1.98674 1.98547 1.98442 1.98357 1.9829 1.98239 1.98202 1.98177 1.98162 1.98156 1.98158 1.98166 1.98179 1.98197 1.98218 1.98242 
1.97573 1.97601 1.97631 1.97662 1.97696 1.97732 1.97771 1.97814 1.97861 1.97915 1.97977 1.98049 1.98133 1.98232 1.98349 1.98486 1.98648 1.98837 1.99056 1.9931 1.996 1.9993 2.00301 2.00717 2.01176 2.01681 2.02231 2.02823 2.03457 2.0413 2.04836 2.05572 2.06332 2.07109 2.07897 2.08689 2.09476 2.10252 2.11008 2.11736 2.12429 2.1308 2.13681 2.14227 2.14712 2.1513 2.15478 2.15751 2.15948 2.16065 2.16102 2.16059 2.15935 2.15733 2.15455 2.15103 2.14682 2.14196 2.1365 2.1305 2.12402 2.11714 2.10992 2.10245 2.09479 2.08703 2.07924 2.0715 2.06387 2.05642 2.04921 2.04228 2.0357 2.02948 2.02366 2.01826 2.0133 2.00877 2.00467 2.001 1.99774 1.99487 1.99237 1.99021 1.98837 1.98683 1.98555 1.9845 1.98366 1.98301 1.98253 1.98218 1.98196 1.98184 1.9818 1.98185 1.98195 1.9821 1.9823 1.98252 
1.97583 1.97611 1.97641 1.97674 1.9771 1.97748 1.97791 1.97838 1.97892 1.97954 1.98026 1.9811 1.98209 1.98327 1.98466 1.9863 1.98823 1.99048 1.9931 1.99611 1.99956 2.00346 2.00786 2.01275 2.01816 2.02408 2.0305 2.03742 2.04479 2.05259 2.06077 2.06926 2.07801 2.08694 2.09597 2.10502 2.114 2.12283 2.13141 2.13967 2.14751 2.15486 2.16164 2.16778 2.17323 2.17793 2.18182 2.18488 2.18708 2.18838 2.18879 2.18829 2.18689 2.18461 2.18148 2.17751 2.17276 2.16727 2.1611 2.15431 2.14698 2.13917 2.13097 2.12247 2.11374 2.10488 2.09597 2.08709 2.07832 2.06974 2.06142 2.05342 2.04578 2.03856 2.03179 2.02549 2.01968 2.01437 2.00956 2.00523 2.00138 1.99798 1.99501 1.99244 1.99024 1.98838 1.98683 1.98556 1.98453 1.98372 1.9831 1.98264 1.98233 1.98214 1.98205 1.98205 1.98211 1.98224 1.98242 1.98263 
1.97594 1.97622 1.97652 1.97687 1.97724 1.97766 1.97813 1.97866 1.97927 1.97998 1.98081 1.9818 1.98297 1.98436 1.98601 1.98795 1.99024 1.99291 1.996 1.99956 2.00362 2.00821 2.01335 2.01907 2.02538 2.03226 2.03972 2.04772 2.05623 2.0652 2.07458 2.0843 2.09429 2.10445 2.11471 2.12497 2.13512 2.14508 2.15474 2.16402 2.17281 2.18103 2.18861 2.19547 2.20153 2.20676 2.21109 2.21448 2.21691 2.21835 2.21879 2.21822 2.21666 2.21412 2.21061 2.20618 2.20088 2.19474 2.18783 2.18022 2.17199 2.16322 2.15399 2.1444 2.13453 2.1245 2.11439 2.10429 2.0943 2.08451 2.07498 2.0658 2.05703 2.04871 2.04089 2.03359 2.02686 2.02068 2.01507 2.01001 2.0055 2.00151 1.99801 1.99497 1.99236 1.99015 1.9883 1.98676 1.98551 1.98452 1.98375 1.98317 1.98275 1.98248 1.98232 1.98227 1.98229 1.98239 1.98254 1.98275 
1.97605 1.97632 1.97664 1.977 1.9774 1.97785 1.97837 1.97897 1.97966 1.98048 1.98145 1.9826 1.98398 1.98561 1.98755 1.98984 1.99253 1.99567 1.9993 2.00346 2.00821 2.01356 2.01954 2.02618 2.03347 2.04141 2.04998 2.05916 2.0689 2.07913 2.08981 2.10084 2.11215 2.12362 2.13518 2.1467 2.15808 2.16922 2.18 2.19033 2.2001 2.20922 2.21762 2.2252 2.2319 2.23766 2.24242 2.24616 2.24882 2.2504 2.25087 2.25024 2.24851 2.24569 2.24182 2.23692 2.23104 2.22424 2.21658 2.20813 2.19898 2.1892 2.1789 2.16817 2.15713 2.14586 2.13448 2.1231 2.11182 2.10072 2.08991 2.07946 2.06945 2.05994 2.05098 2.04261 2.03485 2.02773 2.02124 2.01538 2.01013 2.00548 2.00139 1.99783 1.99476 1.99215 1.98995 1.98813 1.98663 1.98543 1.98448 1.98375 1.98322 1.98285 1.98262 1.98251 1.98249 1.98255 1.98268 1.98287 
1.97617 1.97644 1.97677 1.97714 1.97757 1.97807 1.97865 1.97932 1.98011 1.98105 1.98217 1.98352 1.98512 1.98703 1.9893 1.99198 1.99513 1.99879 2.00301 2.00786 2.01335 2.01954 2.02644 2.03408 2.04244 2.05153 2.06131 2.07176 2.08281 2.09439 2.10644 2.11886 2.13155 2.14441 2.15731 2.17015 2.1828 2.19515 2.20708 2.21848 2.22925 2.23928 2.2485 2.25681 2.26414 2.27044 2.27564 2.27971 2.28261 2.28433 2.28484 2.28414 2.28224 2.27915 2.27491 2.26954 2.26309 2.25563 2.24721 2.23791 2.22781 2.21701 2.20561 2.19372 2.18145 2.1689 2.15621 2.14348 2.13083 2.11836 2.10619 2.0944 2.08307 2.07228 2.0621 2.05256 2.04369 2.03553 2.02808 2.02134 2.01529 2.00991 2.00517 2.00103 1.99746 1.9944 1.99182 1.98966 1.98788 1.98645 1.9853 1.98442 1.98375 1.98327 1.98296 1.98277 1.9827 1.98273 1.98283 1.98299 
1.97629 1.97657 1.9769 1.9773 1.97777 1.97831 1.97895 1.97971 1.98062 1.9817 1.98299 1.98455 1.98641 1.98864 1.99128 1.99439 1.99804 2.00228 2.00717 2.01275 2.01907 2.02618 2.03408 2.04279 2.05231 2.06263 2.07371 2.0855 2.09794 2.11095 2.12444 2.13831 2.15245 2.16672 2.18102 2.1952 2.20915 2.22273 2.23582 2.2483 2.26007 2.27101 2.28104 2.29008 2.29804 2.30486 2.31049 2.3149 2.31803 2.31988 2.32042 2.31966 2.31759 2.31425 2.30964 2.30381 2.2968 2.28868 2.2795 2.26935 2.25832 2.24649 2.23398 2.22091 2.20738 2.19353 2.17948 2.16536 2.15129 2.13739 2.12379 2.11058 2.09786 2.08572 2.07422 2.06343 2.05338 2.04411 2.03562 2.02792 2.02099 2.01482 2.00936 2.00459 2.00046 1.99691 1.9939 1.99138 1.98929 1.98759 1.98622 1.98516 1.98434 1.98374 1.98333 1.98307 1.98294 1.98292 1.98299 1.98313 
1.97643 1.97671 1.97706 1.97748 1.97798 1.97858 1.9793 1.98016 1.98118 1.98242 1.98392 1.98571 1.98787 1.99044 1.99349 1.99708 2.00128 2.00616 2.01176 2.01816 2.02538 2.03347 2.04244 2.05231 2.06308 2.0747 2.08715 2.10036 2.11426 2.12875 2.14374 2.15911 2.17473 2.19046 2.20617 2.22172 2.23697 2.25179 2.26604 2.27959 2.29234 2.30418 2.31501 2.32475 2.33331 2.34065 2.3467 2.35142 2.35478 2.35675 2.35733 2.35651 2.35429 2.35069 2.34573 2.33946 2.33191 2.32315 2.31324 2.30225 2.29029 2.27745 2.26383 2.24957 2.23478 2.21961 2.20418 2.18863 2.1731 2.15773 2.14264 2.12795 2.11378 2.10021 2.08734 2.07522 2.06391 2.05345 2.04385 2.03512 2.02724 2.02021 2.01398 2.00852 2.00377 1.99968 1.99621 1.99328 1.99085 1.98886 1.98725 1.98598 1.985 1.98426 1.98374 1.9834 1.9832 1.98313 1.98316 1.98329 
1.97658 1.97686 1.97722 1.97767 1.97822 1.97888 1.97969 1.98065 1.98182 1.98324 1.98495 1.98701 1.98948 1.99243 1.99593 2.00005 2.00486 2.01043 2.01681 2.02408 2.03226 2.04141 2.05153 2.06263 2.0747 2.0877 2.10158 2.11627 2.13169 2.14772 2.16425 2.18115 2.19827 2.21548 2.23261 2.24953 2.26608 2.28211 2.2975 2.3121 2.32581 2.33851 2.35011 2.36052 2.36967 2.37749 2.38393 2.38895 2.39252 2.39462 2.39523 2.39435 2.39199 2.38815 2.38287 2.37618 2.36812 2.35875 2.34813 2.33634 2.32348 2.30964 2.29494 2.27951 2.26347 2.24697 2.23015 2.21317 2.19616 2.17928 2.16267 2.14646 2.13077 2.11572 2.1014 2.0879 2.07526 2.06353 2.05275 2.04293 2.03404 2.02608 2.01902 2.01281 2.0074 2.00273 1.99874 1.99538 1.99257 1.99026 1.98838 1.98689 1.98573 1.98484 1.9842 1.98376 1.98349 1.98336 1.98335 1.98345 
1.97675 1.97703 1.97741 1.97789 1.97849 1.97922 1.98012 1.98121 1.98253 1.98414 1.98609 1.98844 1.99127 1.99464 1.99863 2.00331 2.00877 2.01508 2.02231 2.0305 2.03972 2.04998 2.06131 2.07371 2.08715 2.10158 2.11695 2.13317 2.15014 2.16774 2.18584 2.20428 2.22293 2.2416 2.26015 2.27842 2.29624 2.31346 2.32995 2.34557 2.36019 2.37371 2.38603 2.39707 2.40676 2.41503 2.42184 2.42714 2.43091 2.43312 2.43376 2.43284 2.43034 2.4263 2.42072 2.41364 2.4051 2.39515 2.38387 2.37132 2.3576 2.34281 2.32707 2.3105 2.29323 2.27543 2.25723 2.23881 2.22031 2.20191 2.18375 2.16599 2.14875 2.13218 2.11636 2.10141 2.08738 2.07434 2.06231 2.05133 2.04137 2.03243 2.02448 2.01747 2.01134 2.00605 2.00151 1.99767 1.99445 1.9918 1.98963 1.98789 1.98653 1.98548 1.9847 1.98416 1.9838 1.98362 1.98357 1.98364 
1.97694 1.97722 1.97761 1.97813 1.97878 1.97959 1.98059 1.98182 1.98331 1.98514 1.98735 1.99002 1.99322 1.99704 2.00156 2.00686 2.01302 2.02012 2.02823 2.03742 2.04772 2.05916 2.07176 2.0855 2.10036 2.11627 2.13317 2.15096 2.16951 2.1887 2.20837 2.22836 2.24851 2.26864 2.28858 2.30816 2.32721 2.34557 2.36311 2.37968 2.39516 2.40944 2.42244 2.43406 2.44424 2.45292 2.46006 2.46561 2.46956 2.47188 2.47255 2.47159 2.46898 2.46474 2.4589 2.45147 2.4425 2.43204 2.42014 2.40689 2.39237 2.37668 2.35994 2.34228 2.32383 2.30476 2.28521 2.26537 2.2454 2.22547 2.20576 2.18643 2.16762 2.14948 2.13214 2.11569 2.10023 2.08581 2.07249 2.06029 2.04921 2.03924 2.03034 2.02248 2.0156 2.00963 2.00451 2.00016 1.9965 1.99347 1.99099 1.98898 1.9874 1.98617 1.98525 1.98459 1.98415 1.9839 1.9838 1.98384 
1.97714 1.97742 1.97784 1.97839 1.97911 1.98 1.98112 1.98249 1.98417 1.98622 1.98872 1.99173 1.99535 1.99965 2.00473 2.01068 2.01758 2.02552 2.03457 2.04479 2.05623 2.0689 2.08281 2.09794 2.11426 2.13169 2.15014 2.16951 2.18966 2.21043 2.23167 2.25319 2.27482 2.29636 2.31765 2.33849 2.35871 2.37815 2.39667 2.41413 2.4304 2.44538 2.45899 2.47113 2.48175 2.49079 2.49822 2.504 2.5081 2.51051 2.51122 2.51022 2.50752 2.50312 2.49705 2.48932 2.47997 2.46905 2.45661 2.44272 2.42747 2.41095 2.39327 2.37458 2.35501 2.33472 2.31387 2.29265 2.27123 2.2498 2.22854 2.20764 2.18725 2.16753 2.14863 2.13066 2.11373 2.0979 2.08324 2.06978 2.05752 2.04647 2.03658 2.02783 2.02015 2.01347 2.00772 2.00283 1.99871 1.99527 1.99245 1.99017 1.98835 1.98693 1.98585 1.98507 1.98453 1.9842 1.98405 1.98406 
1.97736 1.97764 1.97808 1.97868 1.97946 1.98045 1.98168 1.98322 1.9851 1.9874 1.9902 1.99358 1.99763 2.00245 2.00812 2.01476 2.02245 2.03127 2.0413 2.05259 2.0652 2.07913 2.09439 2.11095 2.12875 2.14772 2.16774 2.1887 2.21043 2.23277 2.25555 2.27857 2.30164 2.32455 2.34711 2.36915 2.39047 2.41092 2.43034 2.44861 2.46559 2.48119 2.49533 2.50793 2.51893 2.52828 2.53596 2.54192 2.54616 2.54865 2.54939 2.54837 2.54559 2.54107 2.53481 2.52683 2.51716 2.50584 2.49293 2.47847 2.46256 2.44529 2.42677 2.40712 2.3865 2.36505 2.34297 2.32041 2.29759 2.2747 2.25192 2.22946 2.2075 2.1862 2.16573 2.14623 2.12779 2.11052 2.09449 2.07973 2.06627 2.05409 2.04318 2.03349 2.02497 2.01755 2.01115 2.00568 2.00106 1.9972 1.99402 1.99144 1.98936 1.98774 1.9865 1.98558 1.98494 1.98453 1.98432 1.9843 
1.9776 1.97788 1.97835 1.97899 1.97984 1.98093 1.9823 1.984 1.9861 1.98867 1.99179 1.99556 2.00007 2.00542 2.01173 2.01908 2.02758 2.03732 2.04836 2.06077 2.07458 2.08981 2.10644 2.12444 2.14374 2.16425 2.18584 2.20837 2.23167 2.25555 2.27983 2.3043 2.32874 2.35295 2.37672 2.39987 2.42221 2.44357 2.46381 2.48279 2.5004 2.51654 2.53113 2.54411 2.55543 2.56504 2.57291 2.57903 2.58338 2.58593 2.5867 2.58567 2.58284 2.57823 2.57182 2.56364 2.55372 2.54208 2.52876 2.51383 2.49735 2.47942 2.46013 2.43962 2.41803 2.39551 2.37225 2.34844 2.32428 2.29996 2.27571 2.25173 2.22821 2.20535 2.18332 2.16227 2.14233 2.1236 2.10617 2.09009 2.07538 2.06206 2.05009 2.03944 2.03005 2.02185 2.01476 2.0087 2.00356 1.99925 1.99569 1.99279 1.99045 1.98861 1.98719 1.98613 1.98537 1.98488 1.98462 1.98455 
1.97785 1.97814 1.97863 1.97933 1.98026 1.98145 1.98296 1.98484 1.98716 1.99001 1.99347 1.99765 2.00264 2.00856 2.01552 2.02362 2.03296 2.04364 2.05572 2.06926 2.0843 2.10084 2.11886 2.13831 2.15911 2.18115 2.20428 2.22836 2.25319 2.27857 2.3043 2.33014 2.35589 2.38131 2.40621 2.43038 2.45364 2.47582 2.49678 2.51638 2.53453 2.55112 2.56608 2.57937 2.59093 2.60074 2.60877 2.615 2.61943 2.62204 2.62283 2.6218 2.61895 2.61427 2.60776 2.59945 2.58933 2.57744 2.5638 2.54848 2.53152 2.51302 2.49306 2.47178 2.44932 2.42583 2.40149 2.37649 2.35106 2.32539 2.29972 2.27426 2.24923 2.22483 2.20126 2.17867 2.15723 2.13704 2.1182 2.10078 2.08482 2.07032 2.05727 2.04563 2.03535 2.02635 2.01855 2.01186 2.00618 2.00141 1.99745 1.99421 1.9916 1.98953 1.98792 1.98671 1.98584 1.98526 1.98494 1.98483 
1.97812 1.97842 1.97894 1.97969 1.98069 1.982 1.98366 1.98573 1.98829 1.99143 1.99525 1.99985 2.00534 2.01184 2.01947 2.02834 2.03854 2.05018 2.06332 2.07801 2.09429 2.11215 2.13155 2.15245 2.17473 2.19827 2.22293 2.24851 2.27482 2.30164 2.32874 2.35589 2.38285 2.4094 2.43533 2.46042 2.4845 2.5074 2.52897 2.5491 2.56768 2.58463 2.59988 2.6134 2.62514 2.63509 2.64322 2.64954 2.65402 2.65667 2.65749 2.65647 2.65361 2.6489 2.64234 2.63394 2.62369 2.61163 2.59776 2.58213 2.56479 2.54581 2.5253 2.50335 2.48011 2.45574 2.43041 2.40433 2.37771 2.35077 2.32375 2.29687 2.27038 2.24448 2.2194 2.1953 2.17237 2.15072 2.13048 2.11172 2.09449 2.07881 2.06466 2.05201 2.04082 2.031 2.02248 2.01515 2.00891 2.00366 1.9993 1.99571 1.9928 1.99049 1.98869 1.98732 1.98633 1.98566 1.98527 1.98512 
1.97841 1.97871 1.97926 1.98006 1.98116 1.98258 1.98439 1.98666 1.98947 1.99291 1.9971 2.00213 2.00814 2.01524 2.02355 2.0332 2.04428 2.05688 2.07109 2.08694 2.10445 2.12362 2.14441 2.16672 2.19046 2.21548 2.2416 2.26864 2.29636 2.32455 2.35295 2.38131 2.4094 2.43699 2.46384 2.48975 2.51454 2.53805 2.56014 2.58068 2.5996 2.61682 2.63228 2.64595 2.65781 2.66784 2.67603 2.68238 2.6869 2.68958 2.69042 2.68942 2.68657 2.68186 2.6753 2.66686 2.65655 2.64438 2.63036 2.61451 2.59689 2.57754 2.55656 2.53406 2.51015 2.48501 2.4588 2.43172 2.40401 2.37588 2.34759 2.31937 2.29147 2.26414 2.23758 2.21202 2.18762 2.16455 2.14292 2.12283 2.10433 2.08746 2.07221 2.05855 2.04643 2.03579 2.02652 2.01854 2.01173 2.00599 2.0012 1.99726 1.99406 1.9915 1.98949 1.98797 1.98685 1.98608 1.98562 1.98543 
1.97871 1.97902 1.9796 1.98046 1.98164 1.98319 1.98516 1.98763 1.99069 1.99445 1.999 2.00448 2.01101 2.01872 2.02773 2.03816 2.05012 2.0637 2.07897 2.09597 2.11471 2.13518 2.15731 2.18102 2.20617 2.23261 2.26015 2.28858 2.31765 2.34711 2.37672 2.40621 2.43533 2.46384 2.4915 2.51813 2.54353 2.56754 2.59003 2.61091 2.63007 2.64747 2.66306 2.67681 2.68872 2.69877 2.70698 2.71334 2.71787 2.72056 2.72142 2.72044 2.71763 2.71296 2.70642 2.698 2.68769 2.67549 2.66139 2.64542 2.62759 2.60798 2.58664 2.56368 2.53921 2.5134 2.48641 2.45845 2.42974 2.40052 2.37104 2.34156 2.31234 2.28363 2.25567 2.22868 2.20287 2.1784 2.1554 2.134 2.11425 2.0962 2.07985 2.06518 2.05214 2.04066 2.03065 2.022 2.01462 2.00838 2.00316 1.99885 1.99535 1.99253 1.99032 1.98863 1.98738 1.98652 1.98599 1.98575 
1.97902 1.97934 1.97995 1.98087 1.98214 1.98381 1.98595 1.98863 1.99195 1.99602 2.00096 2.00689 2.01394 2.02226 2.03196 2.04318 2.05602 2.07057 2.08689 2.10502 2.12497 2.1467 2.17015 2.1952 2.22172 2.24953 2.27842 2.30816 2.33849 2.36915 2.39987 2.43038 2.46042 2.48975 2.51813 2.54536 2.57125 2.59567 2.61847 2.63957 2.65889 2.67639 2.69203 2.7058 2.71769 2.72772 2.7359 2.74224 2.74676 2.74945 2.75033 2.74939 2.74662 2.74201 2.73554 2.72719 2.71693 2.70476 2.69066 2.67464 2.65671 2.63691 2.61531 2.592 2.56708 2.54071 2.51305 2.48431 2.45471 2.4245 2.39393 2.36327 2.33281 2.3028 2.2735 2.24515 2.21797 2.19214 2.16782 2.14513 2.12416 2.10494 2.08751 2.07184 2.05788 2.04557 2.03481 2.02551 2.01755 2.0108 2.00515 2.00048 1.99666 1.99359 1.99117 1.98931 1.98793 1.98696 1.98636 1.98609 
1.97934 1.97966 1.9803 1.98129 1.98265 1.98445 1.98675 1.98964 1.99322 1.99761 2.00293 2.00931 2.01689 2.02582 2.03621 2.04821 2.06191 2.07741 2.09476 2.114 2.13512 2.15808 2.1828 2.20915 2.23697 2.26608 2.29624 2.32721 2.35871 2.39047 2.42221 2.45364 2.4845 2.51454 2.54353 2.57125 2.59755 2.62226 2.64528 2.66652 2.68592 2.70344 2.71906 2.73278 2.74462 2.75458 2.76269 2.76898 2.77346 2.77615 2.77704 2.77614 2.77344 2.76891 2.76254 2.7543 2.74414 2.73206 2.71802 2.70203 2.68407 2.66419 2.64242 2.61885 2.59358 2.56675 2.53853 2.50911 2.47873 2.44762 2.41606 2.38433 2.35271 2.32148 2.29091 2.26127 2.23279 2.20566 2.18006 2.15613 2.13396 2.11362 2.09512 2.07847 2.0636 2.05047 2.03898 2.02903 2.02049 2.01324 2.00716 2.00212 1.99799 1.99466 1.99203 1.99 1.98849 1.98742 1.98675 1.98643 
1.97966 1.97999 1.98067 1.98171 1.98317 1.98509 1.98756 1.99066 1.9945 1.99921 2.0049 2.01173 2.01984 2.02936 2.04043 2.05319 2.06774 2.08416 2.10252 2.12283 2.14508 2.16922 2.19515 2.22273 2.25179 2.28211 2.31346 2.34557 2.37815 2.41092 2.44357 2.47582 2.5074 2.53805 2.56754 2.59567 2.62226 2.64719 2.67034 2.69164 2.71104 2.72851 2.74405 2.75768 2.7694 2.77926 2.78728 2.79349 2.79792 2.80058 2.80149 2.80064 2.79801 2.79359 2.78735 2.77924 2.76924 2.75729 2.74338 2.72747 2.70956 2.68966 2.66781 2.64408 2.61855 2.59136 2.56268 2.53269 2.50162 2.46972 2.43727 2.40456 2.37187 2.33951 2.30777 2.27691 2.24719 2.21883 2.19201 2.16689 2.14358 2.12214 2.10262 2.085 2.06926 2.05532 2.04311 2.03251 2.02341 2.01567 2.00916 2.00375 1.99932 1.99574 1.9929 1.99069 1.98905 1.98788 1.98714 1.98677 
1.97998 1.98032 1.98103 1.98214 1.98369 1.98574 1.98837 1.99168 1.99578 2.00079 2.00686 2.01413 2.02274 2.03284 2.04458 2.05808 2.07344 2.09076 2.11008 2.13141 2.15474 2.18 2.20708 2.23582 2.26604 2.2975 2.32995 2.36311 2.39667 2.43034 2.46381 2.49678 2.52897 2.56014 2.59003 2.61847 2.64528 2.67034 2.69355 2.71484 2.73417 2.75154 2.76695 2.78043 2.79201 2.80173 2.80963 2.81575 2.82011 2.82275 2.82367 2.82286 2.82032 2.81602 2.80993 2.80199 2.79216 2.7804 2.76665 2.75089 2.73309 2.71325 2.69139 2.66757 2.64187 2.61441 2.58536 2.55489 2.52324 2.49065 2.45741 2.42381 2.39016 2.35677 2.32393 2.29194 2.26106 2.23154 2.20357 2.17731 2.15291 2.13042 2.10991 2.09138 2.07478 2.06007 2.04716 2.03594 2.02628 2.01806 2.01113 2.00537 2.00063 1.9968 1.99375 1.99138 1.98961 1.98834 1.98753 1.98712 
1.9803 1.98065 1.98139 1.98256 1.9842 1.98637 1.98916 1.99268 1.99703 2.00234 2.00877 2.01646 2.02556 2.03623 2.0486 2.06281 2.07896 2.09713 2.11736 2.13967 2.16402 2.19033 2.21848 2.2483 2.27959 2.3121 2.34557 2.37968 2.41413 2.44861 2.48279 2.51638 2.5491 2.58068 2.61091 2.63957 2.66652 2.69164 2.71484 2.73606 2.75528 2.7725 2.78774 2.80104 2.81245 2.822 2.82976 2.83577 2.84006 2.84266 2.84358 2.84283 2.84039 2.83622 2.83028 2.82254 2.81292 2.80136 2.78782 2.77225 2.7546 2.73487 2.71307 2.68923 2.66344 2.63579 2.60645 2.5756 2.54345 2.51027 2.47634 2.44195 2.40743 2.37309 2.33926 2.30622 2.27428 2.24367 2.21461 2.1873 2.16186 2.13839 2.11694 2.09752 2.08012 2.06467 2.05108 2.03926 2.02907 2.02038 2.01305 2.00694 2.00192 1.99784 1.99459 1.99206 1.99016 1.98879 1.98791 1.98746 
1.98062 1.98097 1.98175 1.98297 1.9847 1.98699 1.98994 1.99365 1.99824 2.00384 2.01062 2.01871 2.02828 2.03949 2.05246 2.06734 2.08423 2.1032 2.12429 2.14751 2.17281 2.2001 2.22925 2.26007 2.29234 2.32581 2.36019 2.39516 2.4304 2.46559 2.5004 2.53453 2.56768 2.5996 2.63007 2.65889 2.68592 2.71104 2.73417 2.75528 2.77434 2.79138 2.80643 2.81953 2.83073 2.84011 2.84772 2.8536 2.85781 2.86037 2.8613 2.8606 2.85825 2.85422 2.84846 2.84091 2.83151 2.82019 2.80689 2.79153 2.77408 2.75451 2.73281 2.70901 2.68318 2.65542 2.62587 2.59471 2.56215 2.52847 2.49393 2.45885 2.42356 2.38837 2.35363 2.31965 2.28672 2.25511 2.22505 2.19675 2.17035 2.14595 2.12362 2.10338 2.08521 2.06906 2.05484 2.04244 2.03175 2.02262 2.0149 2.00846 2.00316 1.99885 1.9954 1.99272 1.99069 1.98923 1.98828 1.98779 
1.98092 1.98128 1.98209 1.98337 1.98518 1.98759 1.99068 1.99457 1.99939 2.00527 2.01237 2.02085 2.03086 2.04257 2.05611 2.07162 2.08919 2.10891 2.1308 2.15486 2.18103 2.20922 2.23928 2.27101 2.30418 2.33851 2.37371 2.40944 2.44538 2.48119 2.51654 2.55112 2.58463 2.61682 2.64747 2.67639 2.70344 2.72851 2.75154 2.7725 2.79138 2.80821 2.82304 2.83592 2.84692 2.85611 2.86356 2.86932 2.87344 2.87596 2.87689 2.87624 2.87399 2.87009 2.86451 2.85717 2.848 2.83693 2.82387 2.80875 2.79152 2.77214 2.75058 2.72687 2.70105 2.67323 2.64353 2.61214 2.57925 2.54514 2.51009 2.47441 2.43843 2.4025 2.36694 2.3321 2.29828 2.26576 2.23479 2.20558 2.17829 2.15304 2.1299 2.10889 2.09001 2.0732 2.05838 2.04545 2.03428 2.02474 2.01666 2.00991 2.00434 1.9998 1.99618 1.99335 1.9912 1.98966 1.98864 1.98811 
1.98121 1.98158 1.98241 1.98375 1.98563 1.98815 1.99138 1.99545 2.00048 2.00662 2.01402 2.02285 2.03327 2.04544 2.0595 2.07559 2.0938 2.11419 2.13681 2.16164 2.18861 2.21762 2.2485 2.28104 2.31501 2.35011 2.38603 2.42244 2.45899 2.49533 2.53113 2.56608 2.59988 2.63228 2.66306 2.69203 2.71906 2.74405 2.76695 2.78774 2.80643 2.82304 2.83764 2.8503 2.86109 2.87009 2.87738 2.88301 2.88705 2.88952 2.89046 2.88986 2.8877 2.88394 2.87853 2.87139 2.86246 2.85163 2.83882 2.82395 2.80695 2.78777 2.76638 2.74279 2.71703 2.68919 2.6594 2.62782 2.59468 2.56022 2.52473 2.48853 2.45196 2.41536 2.37909 2.34348 2.30887 2.27553 2.24374 2.2137 2.18561 2.15958 2.13569 2.11399 2.09445 2.07704 2.06168 2.04826 2.03665 2.02671 2.0183 2.01126 2.00544 2.0007 1.99691 1.99394 1.99168 1.99005 1.98898 1.98842 
1.98147 1.98185 1.98271 1.9841 1.98606 1.98867 1.99203 1.99625 2.00148 2.00785 2.01553 2.02469 2.03548 2.04807 2.0626 2.07921 2.09799 2.119 2.14227 2.16778 2.19547 2.2252 2.25681 2.29008 2.32475 2.36052 2.39707 2.43406 2.47113 2.50793 2.54411 2.57937 2.6134 2.64595 2.67681 2.7058 2.73278 2.75768 2.78043 2.80104 2.81953 2.83592 2.8503 2.86274 2.87333 2.88215 2.88927 2.89479 2.89874 2.90117 2.90211 2.90156 2.89948 2.89585 2.89061 2.88367 2.87495 2.86436 2.8518 2.83718 2.82042 2.80144 2.78023 2.75677 2.73109 2.70327 2.67342 2.64172 2.60837 2.57362 2.53777 2.50113 2.46405 2.42688 2.38999 2.35371 2.31839 2.28433 2.25181 2.22105 2.19223 2.16551 2.14095 2.11862 2.09849 2.08054 2.06468 2.05081 2.03881 2.02852 2.0198 2.0125 2.00646 2.00153 1.99758 1.99448 1.99213 1.99042 1.9893 1.9887 
1.98172 1.9821 1.98299 1.98441 1.98644 1.98914 1.99261 1.99698 2.00238 2.00896 2.01689 2.02633 2.03745 2.05042 2.06537 2.08244 2.10172 2.12327 2.14712 2.17323 2.20153 2.2319 2.26414 2.29804 2.33331 2.36967 2.40676 2.44424 2.48175 2.51893 2.55543 2.59093 2.62514 2.65781 2.68872 2.71769 2.74462 2.7694 2.79201 2.81245 2.83073 2.84692 2.86109 2.87333 2.88372 2.89237 2.89935 2.90475 2.90863 2.91102 2.91196 2.91145 2.90945 2.90594 2.90085 2.89409 2.88558 2.87522 2.86289 2.8485 2.83195 2.81319 2.79215 2.76882 2.74323 2.71545 2.68558 2.65379 2.62028 2.58531 2.54916 2.51215 2.47464 2.43699 2.39956 2.36271 2.32678 2.2921 2.25894 2.22754 2.1981 2.17076 2.14562 2.12273 2.10209 2.08366 2.06737 2.0531 2.04074 2.03014 2.02115 2.01362 2.00737 2.00228 1.99819 1.99497 1.99253 1.99076 1.98959 1.98896 
1.98193 1.98232 1.98323 1.9847 1.98678 1.98955 1.99313 1.99762 2.00317 2.00994 2.01808 2.02777 2.03917 2.05246 2.06777 2.08524 2.10495 2.12696 2.1513 2.17793 2.20676 2.23766 2.27044 2.30486 2.34065 2.37749 2.41503 2.45292 2.49079 2.52828 2.56504 2.60074 2.63509 2.66784 2.69877 2.72772 2.75458 2.77926 2.80173 2.822 2.84011 2.85611 2.87009 2.88215 2.89237 2.90086 2.90772 2.91302 2.91682 2.91918 2.92012 2.91964 2.91772 2.91432 2.90936 2.90276 2.89444 2.88427 2.87215 2.85796 2.84162 2.82304 2.80217 2.77897 2.75348 2.72574 2.69587 2.66402 2.63039 2.59524 2.55884 2.52154 2.48368 2.44562 2.40774 2.37041 2.33397 2.29876 2.26506 2.23312 2.20315 2.17529 2.14966 2.12629 2.10521 2.08636 2.06969 2.05509 2.04242 2.03156 2.02233 2.01459 2.00817 2.00293 1.99872 1.99541 1.99289 1.99106 1.98984 1.98919 
1.98212 1.98251 1.98344 1.98494 1.98707 1.98991 1.99356 1.99816 2.00384 2.01076 2.01908 2.02897 2.04062 2.05417 2.06978 2.08757 2.10764 2.13004 2.15478 2.18182 2.21109 2.24242 2.27564 2.31049 2.3467 2.38393 2.42184 2.46006 2.49822 2.53596 2.57291 2.60877 2.64322 2.67603 2.70698 2.7359 2.76269 2.78728 2.80963 2.82976 2.84772 2.86356 2.87738 2.88927 2.89935 2.90772 2.91446 2.91968 2.92343 2.92576 2.9267 2.92625 2.92439 2.92107 2.91622 2.90977 2.90159 2.89159 2.87965 2.86564 2.84947 2.83105 2.81032 2.78724 2.76183 2.73415 2.70428 2.67238 2.63867 2.60337 2.56679 2.52925 2.4911 2.45272 2.41448 2.37675 2.3399 2.30426 2.27012 2.23774 2.20733 2.17905 2.153 2.12925 2.1078 2.08862 2.07163 2.05675 2.04383 2.03274 2.02332 2.01541 2.00885 2.00348 1.99917 1.99578 1.99319 1.99131 1.99006 1.98938 
1.98227 1.98267 1.98361 1.98513 1.9873 1.99019 1.99392 1.9986 2.00438 2.01141 2.01987 2.02993 2.04176 2.05553 2.07137 2.08942 2.10976 2.13246 2.15751 2.18488 2.21448 2.24616 2.27971 2.3149 2.35142 2.38895 2.42714 2.46561 2.504 2.54192 2.57903 2.615 2.64954 2.68238 2.71334 2.74224 2.76898 2.79349 2.81575 2.83577 2.8536 2.86932 2.88301 2.89479 2.90475 2.91302 2.91968 2.92483 2.92853 2.93084 2.93178 2.93135 2.92954 2.92629 2.92153 2.91518 2.90713 2.89726 2.88545 2.87159 2.85556 2.83726 2.81664 2.79366 2.76831 2.74066 2.7108 2.67888 2.64509 2.60969 2.57296 2.53524 2.49688 2.45824 2.41973 2.3817 2.34454 2.30856 2.27408 2.24136 2.21062 2.182 2.15564 2.13158 2.10984 2.0904 2.07317 2.05806 2.04495 2.03368 2.02411 2.01606 2.00939 2.00393 1.99953 1.99607 1.99343 1.99151 1.99023 1.98954 
1.98239 1.98278 1.98374 1.98528 1.98748 1.99041 1.99418 1.99892 2.00477 2.0119 2.02046 2.03064 2.0426 2.05652 2.07253 2.09076 2.1113 2.1342 2.15948 2.18708 2.21691 2.24882 2.28261 2.31803 2.35478 2.39252 2.43091 2.46956 2.5081 2.54616 2.58338 2.61943 2.65402 2.6869 2.71787 2.74676 2.77346 2.79792 2.82011 2.84006 2.85781 2.87344 2.88705 2.89874 2.90863 2.91682 2.92343 2.92853 2.9322 2.93449 2.93544 2.93503 2.93325 2.93005 2.92535 2.91908 2.91111 2.90133 2.88962 2.87585 2.85991 2.8417 2.82115 2.79823 2.77293 2.74531 2.71545 2.6835 2.64966 2.61418 2.57735 2.5395 2.50098 2.46217 2.42346 2.38522 2.34783 2.31163 2.27691 2.24395 2.21296 2.18412 2.15753 2.13326 2.11132 2.09168 2.07429 2.05902 2.04577 2.03437 2.02469 2.01655 2.00979 2.00425 1.9998 1.99629 1.99362 1.99167 1.99037 1.98966 
1.98246 1.98286 1.98382 1.98538 1.98759 1.99055 1.99435 1.99913 2.00503 2.0122 2.02083 2.03108 2.04312 2.05712 2.07323 2.09156 2.11222 2.13525 2.16065 2.18838 2.21835 2.2504 2.28433 2.31988 2.35675 2.39462 2.43312 2.47188 2.51051 2.54865 2.58593 2.62204 2.65667 2.68958 2.72056 2.74945 2.77615 2.80058 2.82275 2.84266 2.86037 2.87596 2.88952 2.90117 2.91102 2.91918 2.92576 2.93084 2.93449 2.93678 2.93772 2.93733 2.93556 2.93239 2.92773 2.92149 2.91357 2.90384 2.89218 2.87846 2.86256 2.84439 2.82388 2.80098 2.7757 2.74808 2.71821 2.68624 2.65236 2.61683 2.57994 2.542 2.50339 2.46448 2.42565 2.38729 2.34977 2.31343 2.27857 2.24548 2.21435 2.18538 2.15866 2.13426 2.11221 2.09246 2.07496 2.05961 2.04627 2.0348 2.02505 2.01685 2.01004 2.00446 1.99997 1.99644 1.99374 1.99177 1.99046 1.98974 
