3.92424 3.92444 3.92467 3.92492 3.92521 3.92553 3.92587 3.92625 3.92666 3.92711 3.92759 3.92812 3.92868 3.92929 3.92995 3.93067 3.93143 3.93225 3.93314 3.93408 3.93508 3.93614 3.93727 3.93846 3.93971 3.94101 3.94237 3.94378 3.94523 3.94672 3.94823 3.94978 3.95133 3.95289 3.95445 3.95598 3.9575 3.95897 3.96039 3.96175 3.96304 3.96424 3.96536 3.96637 3.96726 3.96804 3.96869 3.96921 3.9696 3.96984 3.96994 3.96989 3.96971 3.96938 3.96892 3.96832 3.9676 3.96675 3.9658 3.96474 3.96359 3.96235 3.96104 3.95967 3.95825 3.95679 3.9553 3.9538 3.95229 3.95078 3.94929 3.94783 3.9464 3.94501 3.94366 3.94238 3.94115 3.93998 3.93889 3.93786 3.93691 3.93603 3.93522 3.93449 3.93383 3.93325 3.93273 3.93228 3.9319 3.93158 3.93132 3.93111 3.93096 3.93086 3.9308 3.93079 3.93082 3.93089 3.93099 3.93112 
3.92444 3.92464 3.92486 3.92512 3.92541 3.92573 3.92607 3.92645 3.92687 3.92731 3.9278 3.92833 3.9289 3.92951 3.93018 3.9309 3.93167 3.9325 3.93339 3.93434 3.93535 3.93642 3.93756 3.93876 3.94003 3.94135 3.94272 3.94414 3.94561 3.94712 3.94866 3.95022 3.95179 3.95337 3.95495 3.9565 3.95803 3.95952 3.96096 3.96234 3.96365 3.96487 3.966 3.96702 3.96793 3.96872 3.96938 3.9699 3.97029 3.97053 3.97063 3.97059 3.9704 3.97007 3.9696 3.96899 3.96826 3.96741 3.96644 3.96536 3.9642 3.96294 3.96162 3.96023 3.95879 3.95731 3.9558 3.95428 3.95275 3.95123 3.94972 3.94824 3.94679 3.94538 3.94402 3.94272 3.94147 3.94029 3.93918 3.93815 3.93718 3.93629 3.93548 3.93474 3.93407 3.93348 3.93296 3.93251 3.93212 3.93179 3.93153 3.93132 3.93117 3.93106 3.93101 3.93099 3.93102 3.93109 3.93119 3.93132 
3.92467 3.92486 3.92509 3.92535 3.92564 3.92597 3.92632 3.92671 3.92713 3.92759 3.92808 3.92862 3.92921 3.92984 3.93053 3.93127 3.93206 3.93292 3.93384 3.93482 3.93587 3.93698 3.93816 3.9394 3.9407 3.94207 3.94349 3.94497 3.94649 3.94804 3.94964 3.95125 3.95288 3.95452 3.95615 3.95776 3.95934 3.96088 3.96237 3.96379 3.96514 3.9664 3.96757 3.96863 3.96956 3.97038 3.97106 3.9716 3.972 3.97225 3.97235 3.97231 3.97211 3.97177 3.97128 3.97065 3.96989 3.96901 3.96801 3.9669 3.96569 3.96439 3.96302 3.96158 3.96009 3.95856 3.957 3.95542 3.95384 3.95226 3.9507 3.94916 3.94766 3.9462 3.9448 3.94345 3.94216 3.94094 3.93978 3.93871 3.93771 3.93678 3.93594 3.93517 3.93448 3.93386 3.93332 3.93285 3.93244 3.9321 3.93182 3.9316 3.93144 3.93132 3.93126 3.93124 3.93126 3.93132 3.93142 3.93155 
3.92492 3.92512 3.92535 3.92562 3.92591 3.92624 3.92661 3.92701 3.92745 3.92792 3.92844 3.92901 3.92962 3.93029 3.93101 3.93178 3.93262 3.93352 3.93449 3.93553 3.93663 3.93781 3.93905 3.94037 3.94175 3.94319 3.94469 3.94625 3.94785 3.9495 3.95118 3.95289 3.95461 3.95633 3.95805 3.95975 3.96142 3.96304 3.96461 3.96611 3.96753 3.96886 3.97009 3.9712 3.97218 3.97304 3.97375 3.97432 3.97474 3.975 3.97511 3.97506 3.97485 3.97448 3.97397 3.97331 3.97251 3.97157 3.97051 3.96934 3.96807 3.9667 3.96525 3.96373 3.96216 3.96054 3.9589 3.95723 3.95556 3.95389 3.95224 3.95062 3.94903 3.94749 3.946 3.94457 3.94321 3.94191 3.94069 3.93955 3.93849 3.93751 3.93661 3.93579 3.93505 3.93439 3.93381 3.9333 3.93286 3.9325 3.93219 3.93195 3.93177 3.93163 3.93156 3.93152 3.93154 3.93159 3.93168 3.93181 
3.92521 3.92541 3.92564 3.92591 3.92622 3.92656 3.92694 3.92736 3.92782 3.92833 3.92888 3.92948 3.93013 3.93084 3.93161 3.93245 3.93334 3.93431 3.93535 3.93647 3.93766 3.93892 3.94026 3.94167 3.94316 3.94471 3.94632 3.948 3.94973 3.9515 3.9533 3.95513 3.95698 3.95883 3.96067 3.96249 3.96428 3.96602 3.9677 3.96931 3.97083 3.97225 3.97356 3.97475 3.9758 3.97671 3.97748 3.97808 3.97853 3.9788 3.97891 3.97886 3.97863 3.97824 3.97768 3.97697 3.97611 3.97511 3.97397 3.97271 3.97135 3.96988 3.96832 3.9667 3.96501 3.96327 3.96151 3.95972 3.95792 3.95613 3.95436 3.95261 3.9509 3.94924 3.94764 3.9461 3.94462 3.94323 3.94191 3.94068 3.93953 3.93846 3.93749 3.9366 3.93579 3.93507 3.93444 3.93388 3.93339 3.93299 3.93265 3.93237 3.93216 3.932 3.9319 3.93185 3.93185 3.93189 3.93198 3.9321 
3.92553 3.92573 3.92597 3.92624 3.92656 3.92692 3.92732 3.92777 3.92826 3.9288 3.92939 3.93004 3.93075 3.93152 3.93235 3.93326 3.93424 3.93529 3.93643 3.93764 3.93894 3.94032 3.94178 3.94333 3.94495 3.94664 3.9484 3.95023 3.95211 3.95404 3.95601 3.958 3.96001 3.96203 3.96403 3.96601 3.96795 3.96984 3.97166 3.9734 3.97505 3.97659 3.97801 3.97929 3.98043 3.98142 3.98224 3.98289 3.98337 3.98367 3.98378 3.98372 3.98347 3.98304 3.98243 3.98166 3.98072 3.97963 3.9784 3.97703 3.97554 3.97395 3.97226 3.97049 3.96865 3.96677 3.96484 3.96289 3.96094 3.95899 3.95705 3.95515 3.95329 3.95147 3.94972 3.94803 3.94642 3.94489 3.94345 3.94209 3.94083 3.93966 3.93858 3.9376 3.93671 3.93591 3.9352 3.93458 3.93403 3.93357 3.93318 3.93286 3.93261 3.93242 3.9323 3.93222 3.9322 3.93223 3.9323 3.93242 
3.92587 3.92607 3.92632 3.92661 3.92694 3.92732 3.92775 3.92823 3.92876 3.92934 3.92999 3.9307 3.93147 3.93231 3.93323 3.93423 3.93531 3.93647 3.93772 3.93907 3.9405 3.94202 3.94364 3.94534 3.94713 3.949 3.95094 3.95296 3.95503 3.95716 3.95932 3.96152 3.96372 3.96594 3.96814 3.97031 3.97244 3.97451 3.97651 3.97841 3.98021 3.9819 3.98345 3.98485 3.98609 3.98717 3.98806 3.98877 3.98929 3.98961 3.98974 3.98966 3.98938 3.98891 3.98824 3.98739 3.98636 3.98517 3.98381 3.98231 3.98068 3.97893 3.97707 3.97513 3.97311 3.97104 3.96892 3.96678 3.96463 3.96248 3.96035 3.95825 3.95619 3.95419 3.95226 3.95039 3.94861 3.94692 3.94531 3.94381 3.94241 3.9411 3.9399 3.9388 3.93781 3.93691 3.93611 3.9354 3.93478 3.93425 3.9338 3.93343 3.93313 3.93291 3.93274 3.93264 3.93259 3.9326 3.93266 3.93277 
3.92625 3.92645 3.92671 3.92701 3.92736 3.92777 3.92823 3.92875 3.92932 3.92996 3.93067 3.93145 3.9323 3.93324 3.93426 3.93536 3.93656 3.93786 3.93925 3.94074 3.94234 3.94404 3.94583 3.94773 3.94972 3.9518 3.95396 3.95619 3.9585 3.96085 3.96325 3.96569 3.96813 3.97058 3.97301 3.97541 3.97777 3.98005 3.98225 3.98436 3.98634 3.98819 3.9899 3.99144 3.99281 3.99399 3.99497 3.99575 3.99631 3.99666 3.99679 3.9967 3.99639 3.99587 3.99513 3.99419 3.99305 3.99173 3.99023 3.98857 3.98677 3.98483 3.98278 3.98063 3.9784 3.9761 3.97376 3.97139 3.969 3.96662 3.96426 3.96193 3.95964 3.95742 3.95526 3.95319 3.9512 3.94931 3.94752 3.94584 3.94426 3.9428 3.94145 3.94021 3.93909 3.93807 3.93716 3.93635 3.93565 3.93503 3.93451 3.93408 3.93372 3.93345 3.93324 3.9331 3.93303 3.93301 3.93306 3.93316 
3.92666 3.92687 3.92713 3.92745 3.92782 3.92826 3.92876 3.92932 3.92996 3.93066 3.93144 3.93231 3.93325 3.93429 3.93543 3.93667 3.93801 3.93946 3.94102 3.94269 3.94447 3.94637 3.94838 3.9505 3.95273 3.95505 3.95746 3.95996 3.96253 3.96515 3.96783 3.97053 3.97326 3.97598 3.97868 3.98134 3.98395 3.98649 3.98893 3.99126 3.99345 3.9955 3.99739 3.99909 4.0006 4.0019 4.00298 4.00384 4.00446 4.00484 4.00498 4.00487 4.00452 4.00394 4.00312 4.00207 4.00081 3.99934 3.99767 3.99583 3.99383 3.99168 3.9894 3.98702 3.98454 3.98199 3.97938 3.97674 3.97409 3.97143 3.9688 3.9662 3.96365 3.96116 3.95876 3.95643 3.95421 3.95209 3.95008 3.94819 3.94641 3.94477 3.94324 3.94184 3.94056 3.93941 3.93837 3.93744 3.93663 3.93592 3.93532 3.9348 3.93438 3.93405 3.93379 3.93361 3.9335 3.93346 3.93349 3.93357 
3.92711 3.92731 3.92759 3.92792 3.92833 3.9288 3.92934 3.92996 3.93066 3.93144 3.93231 3.93327 3.93433 3.93549 3.93677 3.93815 3.93966 3.94128 3.94303 3.94491 3.94691 3.94904 3.9513 3.95368 3.95617 3.95877 3.96147 3.96427 3.96714 3.97008 3.97306 3.97608 3.97912 3.98215 3.98516 3.98812 3.99103 3.99384 3.99655 3.99914 4.00157 4.00384 4.00593 4.00781 4.00948 4.01092 4.01211 4.01306 4.01374 4.01416 4.0143 4.01418 4.01379 4.01314 4.01222 4.01106 4.00965 4.00802 4.00617 4.00412 4.00189 3.9995 3.99697 3.99431 3.99155 3.9887 3.9858 3.98286 3.9799 3.97693 3.97399 3.97108 3.96823 3.96545 3.96275 3.96014 3.95764 3.95526 3.953 3.95087 3.94887 3.94701 3.94528 3.94369 3.94224 3.94092 3.93974 3.93868 3.93774 3.93692 3.93622 3.93562 3.93512 3.93472 3.9344 3.93417 3.93403 3.93396 3.93396 3.93403 
3.92759 3.9278 3.92808 3.92844 3.92888 3.92939 3.92999 3.93067 3.93144 3.93231 3.93328 3.93435 3.93554 3.93684 3.93827 3.93982 3.94151 3.94334 3.94531 3.94742 3.94967 3.95207 3.9546 3.95727 3.96007 3.96298 3.96601 3.96914 3.97236 3.97564 3.97898 3.98235 3.98574 3.98912 3.99247 3.99577 3.999 4.00213 4.00514 4.00801 4.01072 4.01323 4.01555 4.01763 4.01948 4.02107 4.02239 4.02343 4.02418 4.02464 4.0248 4.02466 4.02422 4.02348 4.02246 4.02117 4.0196 4.01778 4.01573 4.01345 4.01097 4.00831 4.00548 4.00252 3.99945 3.99628 3.99304 3.98976 3.98645 3.98314 3.97985 3.9766 3.9734 3.97029 3.96726 3.96433 3.96153 3.95885 3.9563 3.9539 3.95164 3.94954 3.94758 3.94578 3.94413 3.94263 3.94127 3.94006 3.93899 3.93804 3.93722 3.93652 3.93593 3.93545 3.93507 3.93479 3.9346 3.93449 3.93447 3.93452 
3.92812 3.92833 3.92862 3.92901 3.92948 3.93004 3.9307 3.93145 3.93231 3.93327 3.93435 3.93555 3.93688 3.93834 3.93995 3.9417 3.94359 3.94565 3.94786 3.95023 3.95277 3.95546 3.9583 3.96129 3.96443 3.9677 3.9711 3.9746 3.97819 3.98186 3.98559 3.98935 3.99313 3.9969 4.00063 4.0043 4.00789 4.01137 4.01472 4.0179 4.0209 4.02369 4.02625 4.02856 4.03061 4.03236 4.03382 4.03497 4.0358 4.0363 4.03647 4.0363 4.03581 4.03499 4.03386 4.03241 4.03067 4.02865 4.02637 4.02383 4.02108 4.01812 4.01498 4.01168 4.00826 4.00473 4.00112 3.99746 3.99376 3.99007 3.98639 3.98276 3.97918 3.97569 3.9723 3.96902 3.96587 3.96285 3.95999 3.95728 3.95474 3.95236 3.95015 3.94811 3.94624 3.94453 3.94299 3.9416 3.94037 3.93928 3.93833 3.93752 3.93683 3.93626 3.93581 3.93546 3.93522 3.93507 3.93502 3.93506 
3.92868 3.9289 3.92921 3.92962 3.93013 3.93075 3.93147 3.9323 3.93325 3.93433 3.93554 3.93688 3.93837 3.94001 3.94181 3.94377 3.94591 3.94821 3.9507 3.95336 3.9562 3.95922 3.96241 3.96577 3.96928 3.97294 3.97674 3.98065 3.98466 3.98876 3.99292 3.99711 4.00131 4.00551 4.00966 4.01374 4.01772 4.02159 4.02529 4.02882 4.03214 4.03523 4.03806 4.04062 4.04287 4.04481 4.04642 4.04768 4.04859 4.04914 4.04932 4.04914 4.04859 4.04768 4.04641 4.04481 4.04288 4.04063 4.0381 4.03529 4.03223 4.02894 4.02545 4.02179 4.01798 4.01406 4.01004 4.00597 4.00186 3.99774 3.99364 3.98958 3.98559 3.98168 3.97789 3.97421 3.97068 3.9673 3.96408 3.96104 3.95818 3.9555 3.953 3.95069 3.94857 3.94664 3.94488 3.9433 3.94189 3.94064 3.93955 3.93861 3.93781 3.93715 3.93661 3.93619 3.93589 3.9357 3.93562 3.93563 
3.92929 3.92951 3.92984 3.93029 3.93084 3.93152 3.93231 3.93324 3.93429 3.93549 3.93684 3.93834 3.94001 3.94185 3.94387 3.94607 3.94846 3.95105 3.95383 3.95682 3.96 3.96338 3.96695 3.9707 3.97463 3.97871 3.98295 3.98731 3.99178 3.99635 4.00097 4.00563 4.0103 4.01496 4.01956 4.02408 4.0285 4.03277 4.03688 4.04078 4.04444 4.04785 4.05098 4.0538 4.05628 4.05842 4.06019 4.06158 4.06257 4.06317 4.06337 4.06316 4.06254 4.06153 4.06013 4.05836 4.05622 4.05374 4.05093 4.04782 4.04443 4.04079 4.03692 4.03287 4.02864 4.02429 4.01983 4.0153 4.01073 4.00615 4.00159 3.99707 3.99262 3.98827 3.98403 3.97993 3.97598 3.9722 3.96859 3.96518 3.96196 3.95895 3.95614 3.95354 3.95115 3.94896 3.94697 3.94517 3.94357 3.94214 3.94089 3.93981 3.93889 3.93811 3.93748 3.93699 3.93662 3.93638 3.93626 3.93626 
3.92995 3.93018 3.93053 3.93101 3.93161 3.93235 3.93323 3.93426 3.93543 3.93677 3.93827 3.93995 3.94181 3.94387 3.94612 3.94858 3.95126 3.95416 3.95727 3.96061 3.96416 3.96794 3.97192 3.9761 3.98048 3.98503 3.98975 3.9946 3.99957 4.00463 4.00976 4.01493 4.0201 4.02525 4.03035 4.03535 4.04022 4.04494 4.04947 4.05377 4.05781 4.06156 4.065 4.0681 4.07083 4.07318 4.07512 4.07664 4.07773 4.07839 4.07859 4.07836 4.07768 4.07656 4.07501 4.07305 4.07069 4.06795 4.06485 4.06142 4.05768 4.05366 4.04939 4.04491 4.04024 4.03542 4.03049 4.02547 4.02041 4.01533 4.01027 4.00525 4.00031 3.99546 3.99075 3.98618 3.98177 3.97755 3.97352 3.96971 3.96611 3.96273 3.95958 3.95666 3.95396 3.95149 3.94925 3.94722 3.9454 3.94378 3.94236 3.94112 3.94006 3.93916 3.93843 3.93785 3.93742 3.93712 3.93696 3.93693 
3.93067 3.9309 3.93127 3.93178 3.93245 3.93326 3.93423 3.93536 3.93667 3.93815 3.93982 3.9417 3.94377 3.94607 3.94858 3.95133 3.95432 3.95755 3.96102 3.96474 3.9687 3.9729 3.97734 3.98199 3.98685 3.99191 3.99713 4.00251 4.00802 4.01362 4.01929 4.025 4.03072 4.0364 4.04202 4.04753 4.0529 4.05809 4.06306 4.06779 4.07223 4.07635 4.08012 4.08352 4.08651 4.08908 4.0912 4.09287 4.09406 4.09477 4.09499 4.09472 4.09397 4.09274 4.09104 4.08888 4.08629 4.08327 4.07987 4.07609 4.07197 4.06755 4.06285 4.05791 4.05276 4.04745 4.04201 4.03647 4.03088 4.02527 4.01967 4.01411 4.00864 4.00327 3.99803 3.99296 3.98806 3.98337 3.97889 3.97463 3.97061 3.96684 3.96332 3.96005 3.95703 3.95426 3.95173 3.94945 3.94739 3.94556 3.94395 3.94254 3.94133 3.9403 3.93946 3.93878 3.93827 3.93792 3.93771 3.93766 
3.93143 3.93167 3.93206 3.93262 3.93334 3.93424 3.93531 3.93656 3.93801 3.93966 3.94151 3.94359 3.94591 3.94846 3.95126 3.95432 3.95764 3.96123 3.9651 3.96923 3.97363 3.97829 3.9832 3.98836 3.99374 3.99934 4.00512 4.01106 4.01713 4.02332 4.02957 4.03586 4.04215 4.0484 4.05457 4.06062 4.06651 4.0722 4.07765 4.08283 4.08768 4.09219 4.09632 4.10003 4.1033 4.1061 4.10842 4.11023 4.11153 4.1123 4.11253 4.11224 4.11141 4.11006 4.10819 4.10583 4.10298 4.09968 4.09595 4.09181 4.08729 4.08244 4.07729 4.07186 4.06621 4.06038 4.05439 4.0483 4.04215 4.03596 4.02979 4.02366 4.01762 4.01169 4.0059 4.00028 3.99486 3.98966 3.98468 3.97996 3.97549 3.9713 3.96737 3.96372 3.96035 3.95725 3.95442 3.95186 3.94955 3.94749 3.94567 3.94407 3.9427 3.94153 3.94057 3.93979 3.93919 3.93877 3.93852 3.93844 
3.93225 3.9325 3.93292 3.93352 3.93431 3.93529 3.93647 3.93786 3.93946 3.94128 3.94334 3.94565 3.94821 3.95105 3.95416 3.95755 3.96123 3.96521 3.96949 3.97407 3.97894 3.98409 3.98952 3.99522 4.00116 4.00732 4.01369 4.02023 4.02692 4.03371 4.04058 4.04748 4.05437 4.06122 4.06798 4.0746 4.08104 4.08726 4.09321 4.09886 4.10416 4.10907 4.11356 4.1176 4.12116 4.12421 4.12673 4.12869 4.1301 4.13093 4.13118 4.13086 4.12995 4.12847 4.12643 4.12385 4.12075 4.11715 4.11307 4.10855 4.10362 4.09832 4.09268 4.08675 4.08057 4.07418 4.06762 4.06095 4.0542 4.04741 4.04063 4.03389 4.02725 4.02072 4.01434 4.00815 4.00217 3.99642 3.99092 3.98569 3.98074 3.97609 3.97173 3.96768 3.96393 3.96048 3.95732 3.95446 3.95188 3.94957 3.94752 3.94573 3.94418 3.94286 3.94176 3.94087 3.94018 3.93969 3.93939 3.93927 
3.93314 3.93339 3.93384 3.93449 3.93535 3.93643 3.93772 3.93925 3.94102 3.94303 3.94531 3.94786 3.9507 3.95383 3.95727 3.96102 3.9651 3.96949 3.97422 3.97926 3.98463 3.99031 3.99629 4.00256 4.00909 4.01587 4.02286 4.03003 4.03736 4.04479 4.05231 4.05985 4.06739 4.07486 4.08223 4.08945 4.09646 4.10323 4.10971 4.11585 4.1216 4.12694 4.13182 4.1362 4.14006 4.14336 4.14609 4.14822 4.14974 4.15063 4.1509 4.15054 4.14955 4.14794 4.14573 4.14292 4.13955 4.13563 4.13119 4.12628 4.12091 4.11514 4.109 4.10254 4.0958 4.08883 4.08168 4.07439 4.06701 4.05959 4.05217 4.0448 4.03751 4.03035 4.02335 4.01655 4.00997 4.00364 3.99759 3.99183 3.98637 3.98123 3.97641 3.97193 3.96777 3.96394 3.96044 3.95725 3.95437 3.9518 3.94951 3.9475 3.94576 3.94428 3.94304 3.94203 3.94125 3.94068 3.94032 3.94017 
3.93408 3.93434 3.93482 3.93553 3.93647 3.93764 3.93907 3.94074 3.94269 3.94491 3.94742 3.95023 3.95336 3.95682 3.96061 3.96474 3.96923 3.97407 3.97926 3.98482 3.99071 3.99695 4.00351 4.01038 4.01754 4.02495 4.03259 4.04043 4.04843 4.05655 4.06474 4.07296 4.08116 4.08929 4.09729 4.10513 4.11275 4.12009 4.12711 4.13375 4.13999 4.14576 4.15103 4.15577 4.15993 4.1635 4.16644 4.16874 4.17038 4.17134 4.17162 4.17123 4.17015 4.16841 4.16601 4.16297 4.15932 4.15508 4.15027 4.14494 4.13913 4.13287 4.12621 4.1192 4.11188 4.10431 4.09653 4.0886 4.08057 4.07248 4.06439 4.05635 4.04839 4.04057 4.03292 4.02547 4.01827 4.01133 4.00469 3.99836 3.99236 3.9867 3.9814 3.97645 3.97187 3.96764 3.96376 3.96023 3.95704 3.95418 3.95164 3.9494 3.94746 3.94579 3.9444 3.94327 3.94238 3.94173 3.94132 3.94113 
3.93508 3.93535 3.93587 3.93663 3.93766 3.93894 3.9405 3.94234 3.94447 3.94691 3.94967 3.95277 3.9562 3.96 3.96416 3.9687 3.97363 3.97894 3.98463 3.99071 3.99717 4.00399 4.01117 4.01867 4.02648 4.03456 4.04289 4.05142 4.06013 4.06895 4.07784 4.08676 4.09565 4.10446 4.11313 4.12161 4.12984 4.13777 4.14535 4.15252 4.15924 4.16547 4.17115 4.17624 4.18073 4.18457 4.18773 4.1902 4.19195 4.19298 4.19329 4.19285 4.19169 4.18981 4.18722 4.18395 4.18001 4.17543 4.17025 4.1645 4.15822 4.15146 4.14426 4.13668 4.12877 4.12057 4.11214 4.10355 4.09484 4.08606 4.07727 4.06853 4.05988 4.05136 4.04302 4.03491 4.02704 4.01947 4.01221 4.00528 3.99871 3.99251 3.9867 3.98126 3.97622 3.97157 3.9673 3.96341 3.95988 3.95672 3.9539 3.95142 3.94926 3.94741 3.94585 3.94458 3.94358 3.94285 3.94238 3.94215 
3.93614 3.93642 3.93698 3.93781 3.93892 3.94032 3.94202 3.94404 3.94637 3.94904 3.95207 3.95546 3.95922 3.96338 3.96794 3.9729 3.97829 3.98409 3.99031 3.99695 4.00399 4.01143 4.01924 4.0274 4.03589 4.04468 4.05372 4.06297 4.0724 4.08196 4.09158 4.10122 4.11082 4.12033 4.12968 4.13882 4.14769 4.15623 4.16438 4.17209 4.17931 4.18599 4.19209 4.19756 4.20236 4.20648 4.20986 4.21251 4.21438 4.21549 4.2158 4.21534 4.21409 4.21207 4.20929 4.20577 4.20153 4.19661 4.19104 4.18486 4.17811 4.17084 4.16309 4.15493 4.1464 4.13756 4.12847 4.11918 4.10977 4.10028 4.09078 4.08131 4.07193 4.06269 4.05364 4.04483 4.03628 4.02804 4.02013 4.01258 4.00542 3.99865 3.99229 3.98635 3.98083 3.97572 3.97104 3.96676 3.96289 3.95941 3.9563 3.95356 3.95117 3.94912 3.9474 3.94598 3.94486 3.94404 3.9435 3.94323 
3.93727 3.93756 3.93816 3.93905 3.94026 3.94178 3.94364 3.94583 3.94838 3.9513 3.9546 3.9583 3.96241 3.96695 3.97192 3.97734 3.9832 3.98952 3.99629 4.00351 4.01117 4.01924 4.02772 4.03657 4.04576 4.05527 4.06505 4.07505 4.08523 4.09554 4.10591 4.11629 4.12663 4.13685 4.1469 4.15672 4.16623 4.17539 4.18412 4.19238 4.20011 4.20726 4.21377 4.21962 4.22476 4.22915 4.23276 4.23558 4.23758 4.23876 4.23909 4.23859 4.23725 4.23509 4.23211 4.22834 4.22381 4.21855 4.21259 4.20597 4.19874 4.19094 4.18263 4.17387 4.16471 4.15521 4.14544 4.13546 4.12532 4.1151 4.10485 4.09464 4.08452 4.07453 4.06475 4.05521 4.04595 4.03701 4.02843 4.02024 4.01245 4.00509 3.99817 3.99169 3.98567 3.9801 3.97498 3.9703 3.96606 3.96224 3.95884 3.95582 3.95319 3.95093 3.94902 3.94746 3.94622 3.9453 3.94469 3.94438 
3.93846 3.93876 3.9394 3.94037 3.94167 3.94333 3.94534 3.94773 3.9505 3.95368 3.95727 3.96129 3.96577 3.9707 3.9761 3.98199 3.98836 3.99522 4.00256 4.01038 4.01867 4.0274 4.03657 4.04613 4.05605 4.06631 4.07684 4.08761 4.09856 4.10964 4.12078 4.13192 4.143 4.15396 4.16472 4.17522 4.18539 4.19517 4.2045 4.21331 4.22155 4.22917 4.23611 4.24234 4.24781 4.25248 4.25632 4.25932 4.26144 4.26269 4.26304 4.2625 4.26108 4.25877 4.2556 4.25158 4.24676 4.24114 4.23479 4.22772 4.22 4.21168 4.2028 4.19344 4.18364 4.17347 4.16301 4.15231 4.14144 4.13047 4.11946 4.10848 4.09759 4.08685 4.0763 4.06602 4.05602 4.04637 4.0371 4.02823 4.0198 4.01182 4.00432 3.99729 3.99074 3.98469 3.97911 3.97402 3.96939 3.96522 3.96149 3.9582 3.95532 3.95283 3.95074 3.94901 3.94764 3.94662 3.94594 3.94559 
3.93971 3.94003 3.9407 3.94175 3.94316 3.94495 3.94713 3.94972 3.95273 3.95617 3.96007 3.96443 3.96928 3.97463 3.98048 3.98685 3.99374 4.00116 4.00909 4.01754 4.02648 4.03589 4.04576 4.05605 4.06673 4.07774 4.08905 4.10061 4.11235 4.12421 4.13613 4.14804 4.15988 4.17158 4.18306 4.19425 4.20508 4.2155 4.22542 4.23479 4.24355 4.25164 4.25901 4.26561 4.27141 4.27636 4.28044 4.28361 4.28586 4.28718 4.28755 4.28697 4.28546 4.28301 4.27964 4.27538 4.27025 4.26429 4.25754 4.25003 4.24182 4.23297 4.22352 4.21354 4.2031 4.19226 4.18109 4.16967 4.15805 4.14632 4.13454 4.12278 4.11111 4.09958 4.08827 4.07721 4.06647 4.05608 4.0461 4.03654 4.02744 4.01883 4.01072 4.00312 3.99603 3.98947 3.98343 3.97789 3.97287 3.96833 3.96428 3.96068 3.95754 3.95483 3.95253 3.95064 3.94913 3.94801 3.94725 3.94686 
3.94101 3.94135 3.94207 3.94319 3.94471 3.94664 3.949 3.9518 3.95505 3.95877 3.96298 3.9677 3.97294 3.97871 3.98503 3.99191 3.99934 4.00732 4.01587 4.02495 4.03456 4.04468 4.05527 4.06631 4.07774 4.08954 4.10164 4.11399 4.12652 4.13918 4.15189 4.16459 4.17719 4.18963 4.20184 4.21372 4.22522 4.23627 4.24679 4.25671 4.26599 4.27455 4.28235 4.28933 4.29545 4.30069 4.30499 4.30834 4.31072 4.3121 4.31249 4.31188 4.31028 4.30769 4.30413 4.29962 4.2942 4.28789 4.28074 4.27279 4.26409 4.25471 4.24469 4.2341 4.22301 4.21149 4.19962 4.18746 4.17509 4.16259 4.15003 4.13748 4.12501 4.11269 4.10059 4.08875 4.07724 4.06611 4.05539 4.04513 4.03535 4.02608 4.01735 4.00916 4.00152 3.99443 3.9879 3.98192 3.97648 3.97157 3.96717 3.96327 3.95985 3.9569 3.9544 3.95234 3.95069 3.94946 3.94862 3.94818 
3.94237 3.94272 3.94349 3.94469 3.94632 3.9484 3.95094 3.95396 3.95746 3.96147 3.96601 3.9711 3.97674 3.98295 3.98975 3.99713 4.00512 4.01369 4.02286 4.03259 4.04289 4.05372 4.06505 4.07684 4.08905 4.10164 4.11454 4.12769 4.14103 4.1545 4.168 4.18148 4.19485 4.20804 4.22096 4.23355 4.24571 4.25739 4.2685 4.27898 4.28876 4.29779 4.30601 4.31337 4.31982 4.32533 4.32986 4.33338 4.33588 4.33734 4.33775 4.3371 4.33541 4.33268 4.32893 4.32419 4.31847 4.31182 4.30428 4.29589 4.28671 4.27679 4.2662 4.25501 4.24327 4.23108 4.2185 4.2056 4.19248 4.17921 4.16586 4.15251 4.13924 4.12612 4.11322 4.10059 4.0883 4.0764 4.06494 4.05396 4.04348 4.03355 4.02418 4.01538 4.00718 3.99956 3.99253 3.98609 3.98022 3.97492 3.97017 3.96595 3.96225 3.95906 3.95634 3.9541 3.95231 3.95096 3.95005 3.94956 
3.94378 3.94414 3.94497 3.94625 3.948 3.95023 3.95296 3.95619 3.95996 3.96427 3.96914 3.9746 3.98065 3.98731 3.9946 4.00251 4.01106 4.02023 4.03003 4.04043 4.05142 4.06297 4.07505 4.08761 4.10061 4.11399 4.12769 4.14165 4.15581 4.17007 4.18438 4.19864 4.21277 4.22671 4.24035 4.25362 4.26645 4.27875 4.29044 4.30147 4.31176 4.32125 4.32988 4.33761 4.34438 4.35016 4.35491 4.35861 4.36123 4.36276 4.36318 4.36251 4.36073 4.35787 4.35393 4.34895 4.34294 4.33596 4.32803 4.31921 4.30955 4.29911 4.28796 4.27616 4.26379 4.25092 4.23763 4.22401 4.21013 4.19608 4.18195 4.1678 4.15373 4.1398 4.12609 4.11267 4.09959 4.08692 4.07471 4.06299 4.05182 4.04121 4.03119 4.02178 4.01299 4.00482 3.99728 3.99037 3.98407 3.97837 3.97326 3.96872 3.96473 3.96128 3.95835 3.95592 3.95399 3.95252 3.95153 3.95099 
3.94523 3.94561 3.94649 3.94785 3.94973 3.95211 3.95503 3.9585 3.96253 3.96714 3.97236 3.97819 3.98466 3.99178 3.99957 4.00802 4.01713 4.02692 4.03736 4.04843 4.06013 4.0724 4.08523 4.09856 4.11235 4.12652 4.14103 4.15581 4.17076 4.18583 4.20093 4.21597 4.23087 4.24553 4.25989 4.27385 4.28732 4.30023 4.31251 4.32407 4.33486 4.3448 4.35384 4.36192 4.36901 4.37506 4.38002 4.38389 4.38663 4.38822 4.38867 4.38796 4.3861 4.38311 4.37899 4.37378 4.36749 4.36018 4.35187 4.34263 4.3325 4.32155 4.30985 4.29745 4.28445 4.27092 4.25693 4.24258 4.22796 4.21314 4.19822 4.18328 4.1684 4.15366 4.13915 4.12493 4.11106 4.09762 4.08464 4.07219 4.0603 4.04901 4.03833 4.0283 4.01892 4.0102 4.00215 3.99475 3.98801 3.9819 3.97642 3.97155 3.96727 3.96357 3.96041 3.9578 3.95571 3.95413 3.95305 3.95246 
3.94672 3.94712 3.94804 3.9495 3.9515 3.95404 3.95716 3.96085 3.96515 3.97008 3.97564 3.98186 3.98876 3.99635 4.00463 4.01362 4.02332 4.03371 4.04479 4.05655 4.06895 4.08196 4.09554 4.10964 4.12421 4.13918 4.1545 4.17007 4.18583 4.2017 4.21758 4.23339 4.24903 4.26443 4.27948 4.29411 4.30822 4.32174 4.33458 4.34666 4.35793 4.36831 4.37775 4.38619 4.39358 4.39988 4.40506 4.40908 4.41194 4.4136 4.41407 4.41333 4.4114 4.40827 4.40398 4.39854 4.39199 4.38435 4.37568 4.36603 4.35545 4.344 4.33175 4.31877 4.30515 4.29096 4.2763 4.26123 4.24587 4.23029 4.21459 4.19886 4.18318 4.16764 4.15233 4.13731 4.12265 4.10843 4.0947 4.08151 4.0689 4.05692 4.04559 4.03493 4.02495 4.01568 4.0071 3.99922 3.99202 3.98551 3.97965 3.97445 3.96987 3.9659 3.96252 3.95972 3.95747 3.95577 3.95461 3.95397 
3.94823 3.94866 3.94964 3.95118 3.9533 3.95601 3.95932 3.96325 3.96783 3.97306 3.97898 3.98559 3.99292 4.00097 4.00976 4.01929 4.02957 4.04058 4.05231 4.06474 4.07784 4.09158 4.10591 4.12078 4.13613 4.15189 4.168 4.18438 4.20093 4.21758 4.23423 4.25079 4.26718 4.28328 4.29902 4.3143 4.32904 4.34314 4.35653 4.36912 4.38086 4.39167 4.40149 4.41026 4.41795 4.4245 4.42988 4.43406 4.43703 4.43876 4.43924 4.43848 4.43647 4.43323 4.42877 4.42311 4.4163 4.40836 4.39933 4.38928 4.37826 4.36632 4.35355 4.34001 4.32578 4.31096 4.29562 4.27986 4.26376 4.24744 4.23097 4.21446 4.198 4.18166 4.16555 4.14974 4.1343 4.11931 4.10482 4.09089 4.07757 4.0649 4.05291 4.04162 4.03105 4.02121 4.01211 4.00374 3.99609 3.98916 3.98293 3.97739 3.97251 3.96827 3.96467 3.96167 3.95927 3.95745 3.9562 3.95551 
3.94978 3.95022 3.95125 3.95289 3.95513 3.958 3.96152 3.96569 3.97053 3.97608 3.98235 3.98935 3.99711 4.00563 4.01493 4.025 4.03586 4.04748 4.05985 4.07296 4.08676 4.10122 4.11629 4.13192 4.14804 4.16459 4.18148 4.19864 4.21597 4.23339 4.25079 4.2681 4.2852 4.302 4.3184 4.33432 4.34966 4.36433 4.37824 4.39133 4.40352 4.41473 4.42492 4.43402 4.44199 4.44878 4.45436 4.45869 4.46177 4.46356 4.46406 4.46327 4.46119 4.45783 4.45321 4.44736 4.44029 4.43206 4.4227 4.41226 4.40081 4.38841 4.37513 4.36104 4.34623 4.33078 4.31479 4.29835 4.28155 4.26449 4.24728 4.23 4.21276 4.19565 4.17875 4.16215 4.14594 4.13018 4.11495 4.10029 4.08626 4.0729 4.06025 4.04834 4.03717 4.02678 4.01715 4.00829 4.00019 3.99285 3.98624 3.98035 3.97517 3.97067 3.96684 3.96365 3.96109 3.95915 3.95781 3.95707 
3.95133 3.95179 3.95288 3.95461 3.95698 3.96001 3.96372 3.96813 3.97326 3.97912 3.98574 3.99313 4.00131 4.0103 4.0201 4.03072 4.04215 4.05437 4.06739 4.08116 4.09565 4.11082 4.12663 4.143 4.15988 4.17719 4.19485 4.21277 4.23087 4.24903 4.26718 4.2852 4.30299 4.32047 4.33752 4.35405 4.36996 4.38518 4.3996 4.41316 4.42578 4.43739 4.44793 4.45734 4.46558 4.47259 4.47836 4.48284 4.48601 4.48787 4.48839 4.48758 4.48543 4.48196 4.47719 4.47114 4.46384 4.45533 4.44565 4.43485 4.42299 4.41014 4.39637 4.38176 4.36638 4.35034 4.33371 4.31661 4.29912 4.28136 4.26341 4.24539 4.22739 4.20951 4.19185 4.17449 4.15751 4.141 4.12502 4.10964 4.09492 4.08088 4.06758 4.05505 4.04329 4.03234 4.02219 4.01284 4.0043 3.99654 3.98956 3.98333 3.97785 3.97308 3.96902 3.96564 3.96293 3.96086 3.95944 3.95865 
3.95289 3.95337 3.95452 3.95633 3.95883 3.96203 3.96594 3.97058 3.97598 3.98215 3.98912 3.9969 4.00551 4.01496 4.02525 4.0364 4.0484 4.06122 4.07486 4.08929 4.10446 4.12033 4.13685 4.15396 4.17158 4.18963 4.20804 4.22671 4.24553 4.26443 4.28328 4.302 4.32047 4.33859 4.35625 4.37337 4.38985 4.40558 4.4205 4.4345 4.44753 4.45952 4.47039 4.48009 4.48858 4.49582 4.50176 4.50638 4.50965 4.51156 4.5121 4.51127 4.50906 4.50549 4.50058 4.49435 4.48682 4.47805 4.46806 4.45691 4.44467 4.43139 4.41716 4.40204 4.38613 4.36951 4.35228 4.33454 4.31639 4.29794 4.27928 4.26054 4.2418 4.22318 4.20477 4.18666 4.16894 4.15169 4.13499 4.11891 4.10349 4.08879 4.07485 4.0617 4.04937 4.03787 4.0272 4.01738 4.00838 4.00022 3.99286 3.9863 3.98052 3.97549 3.9712 3.96763 3.96476 3.96258 3.96107 3.96023 
3.95445 3.95495 3.95615 3.95805 3.96067 3.96403 3.96814 3.97301 3.97868 3.98516 3.99247 4.00063 4.00966 4.01956 4.03035 4.04202 4.05457 4.06798 4.08223 4.09729 4.11313 4.12968 4.1469 4.16472 4.18306 4.20184 4.22096 4.24035 4.25989 4.27948 4.29902 4.3184 4.33752 4.35625 4.37451 4.39219 4.4092 4.42543 4.4408 4.45524 4.46866 4.48099 4.49218 4.50216 4.51089 4.51833 4.52444 4.52919 4.53255 4.53452 4.53508 4.53422 4.53196 4.5283 4.52325 4.51685 4.50912 4.50009 4.48982 4.47835 4.46574 4.45206 4.43738 4.42179 4.40536 4.38819 4.37038 4.35203 4.33325 4.31413 4.2948 4.27536 4.25591 4.23657 4.21743 4.1986 4.18016 4.1622 4.1448 4.12802 4.11193 4.09658 4.08202 4.06827 4.05537 4.04333 4.03216 4.02186 4.01243 4.00386 3.99614 3.98925 3.98317 3.97788 3.97337 3.96961 3.96659 3.96429 3.96269 3.9618 
3.95598 3.9565 3.95776 3.95975 3.96249 3.96601 3.97031 3.97541 3.98134 3.98812 3.99577 4.0043 4.01374 4.02408 4.03535 4.04753 4.06062 4.0746 4.08945 4.10513 4.12161 4.13882 4.15672 4.17522 4.19425 4.21372 4.23355 4.25362 4.27385 4.29411 4.3143 4.33432 4.35405 4.37337 4.39219 4.41041 4.42791 4.44461 4.46042 4.47526 4.48904 4.50171 4.51319 4.52343 4.53239 4.54002 4.54628 4.55115 4.5546 4.55662 4.5572 4.55632 4.55401 4.55026 4.5451 4.53854 4.53061 4.52135 4.51081 4.49903 4.48608 4.47202 4.45693 4.44088 4.42397 4.40628 4.38792 4.369 4.3496 4.32986 4.30988 4.28977 4.26964 4.24961 4.22977 4.21024 4.1911 4.17245 4.15437 4.13692 4.12018 4.10421 4.08903 4.07471 4.06125 4.04868 4.03702 4.02626 4.0164 4.00744 3.99936 3.99215 3.98578 3.98024 3.97551 3.97156 3.96839 3.96597 3.9643 3.96336 
3.9575 3.95803 3.95934 3.96142 3.96428 3.96795 3.97244 3.97777 3.98395 3.99103 3.999 4.00789 4.01772 4.0285 4.04022 4.0529 4.06651 4.08104 4.09646 4.11275 4.12984 4.14769 4.16623 4.18539 4.20508 4.22522 4.24571 4.26645 4.28732 4.30822 4.32904 4.34966 4.36996 4.38985 4.4092 4.42791 4.44588 4.46302 4.47924 4.49445 4.50858 4.52155 4.53331 4.5438 4.55296 4.56077 4.56718 4.57216 4.57569 4.57776 4.57835 4.57747 4.57511 4.57128 4.566 4.55929 4.55119 4.54172 4.53092 4.51886 4.50559 4.49118 4.4757 4.45923 4.44186 4.42368 4.40481 4.38533 4.36536 4.34502 4.32442 4.30368 4.2829 4.26221 4.24171 4.2215 4.2017 4.18239 4.16365 4.14556 4.1282 4.11161 4.09585 4.08096 4.06697 4.0539 4.04175 4.03055 4.02028 4.01094 4.00251 3.99498 3.98833 3.98255 3.9776 3.97348 3.97016 3.96763 3.96587 3.96489 
3.95897 3.95952 3.96088 3.96304 3.96602 3.96984 3.97451 3.98005 3.98649 3.99384 4.00213 4.01137 4.02159 4.03277 4.04494 4.05809 4.0722 4.08726 4.10323 4.12009 4.13777 4.15623 4.17539 4.19517 4.2155 4.23627 4.25739 4.27875 4.30023 4.32174 4.34314 4.36433 4.38518 4.40558 4.42543 4.44461 4.46302 4.48058 4.49717 4.51273 4.52717 4.54043 4.55245 4.56316 4.57252 4.58049 4.58703 4.59211 4.59572 4.59784 4.59845 4.59755 4.59515 4.59125 4.58587 4.57903 4.57075 4.56109 4.55007 4.53774 4.52418 4.50944 4.49359 4.47673 4.45893 4.4403 4.42093 4.40094 4.38044 4.35954 4.33835 4.31701 4.29561 4.2743 4.25316 4.23233 4.21189 4.19194 4.17258 4.15388 4.13592 4.11875 4.10243 4.087 4.0725 4.05894 4.04633 4.0347 4.02403 4.01432 4.00556 3.99773 3.99081 3.98479 3.97964 3.97534 3.97188 3.96924 3.96741 3.96637 
3.96039 3.96096 3.96237 3.96461 3.9677 3.97166 3.97651 3.98225 3.98893 3.99655 4.00514 4.01472 4.02529 4.03688 4.04947 4.06306 4.07765 4.09321 4.10971 4.12711 4.14535 4.16438 4.18412 4.2045 4.22542 4.24679 4.2685 4.29044 4.31251 4.33458 4.35653 4.37824 4.3996 4.4205 4.4408 4.46042 4.47924 4.49717 4.51412 4.53 4.54473 4.55826 4.5705 4.58142 4.59096 4.59908 4.60574 4.61092 4.6146 4.61676 4.61738 4.61648 4.61404 4.61007 4.6046 4.59764 4.58921 4.57937 4.56814 4.55557 4.54174 4.52669 4.51052 4.49329 4.4751 4.45604 4.43622 4.41575 4.39474 4.37331 4.35158 4.32967 4.30771 4.2858 4.26407 4.24264 4.2216 4.20105 4.1811 4.16182 4.14329 4.12557 4.10872 4.09278 4.07779 4.06376 4.05073 4.03868 4.02763 4.01757 4.00849 4.00037 3.99319 3.98694 3.98159 3.97713 3.97354 3.97079 3.96889 3.96781 
3.96175 3.96234 3.96379 3.96611 3.96931 3.9734 3.97841 3.98436 3.99126 3.99914 4.00801 4.0179 4.02882 4.04078 4.05377 4.06779 4.08283 4.09886 4.11585 4.13375 4.15252 4.17209 4.19238 4.21331 4.23479 4.25671 4.27898 4.30147 4.32407 4.34666 4.36912 4.39133 4.41316 4.4345 4.45524 4.47526 4.49445 4.51273 4.53 4.54617 4.56118 4.57494 4.5874 4.5985 4.6082 4.61646 4.62323 4.6285 4.63224 4.63444 4.63508 4.63417 4.63169 4.62767 4.62211 4.61504 4.60649 4.59648 4.58505 4.57227 4.55819 4.54287 4.52638 4.50882 4.49027 4.47082 4.45058 4.42967 4.4082 4.38628 4.36404 4.34161 4.3191 4.29665 4.27437 4.25237 4.23077 4.20967 4.18916 4.16934 4.15028 4.13204 4.11469 4.09826 4.08281 4.06835 4.0549 4.04247 4.03106 4.02067 4.01128 4.00289 3.99546 3.989 3.98346 3.97885 3.97512 3.97228 3.9703 3.96919 
3.96304 3.96365 3.96514 3.96753 3.97083 3.97505 3.98021 3.98634 3.99345 4.00157 4.01072 4.0209 4.03214 4.04444 4.05781 4.07223 4.08768 4.10416 4.1216 4.13999 4.15924 4.17931 4.20011 4.22155 4.24355 4.26599 4.28876 4.31176 4.33486 4.35793 4.38086 4.40352 4.42578 4.44753 4.46866 4.48904 4.50858 4.52717 4.54473 4.56118 4.57642 4.5904 4.60306 4.61433 4.62418 4.63255 4.63943 4.64478 4.64858 4.65081 4.65147 4.65054 4.64804 4.64397 4.63834 4.63117 4.62249 4.61233 4.60074 4.58776 4.57345 4.55788 4.54112 4.52325 4.50437 4.48456 4.46394 4.44263 4.42072 4.39836 4.37566 4.35274 4.32974 4.30678 4.28398 4.26147 4.23934 4.21773 4.19671 4.17638 4.15682 4.1381 4.12028 4.10341 4.08752 4.07265 4.05881 4.04602 4.03428 4.02358 4.01391 4.00526 3.99761 3.99094 3.98523 3.98046 3.97662 3.97369 3.97164 3.97049 
3.96424 3.96487 3.9664 3.96886 3.97225 3.97659 3.9819 3.98819 3.9955 4.00384 4.01323 4.02369 4.03523 4.04785 4.06156 4.07635 4.09219 4.10907 4.12694 4.14576 4.16547 4.18599 4.20726 4.22917 4.25164 4.27455 4.29779 4.32125 4.3448 4.36831 4.39167 4.41473 4.43739 4.45952 4.48099 4.50171 4.52155 4.54043 4.55826 4.57494 4.5904 4.60458 4.6174 4.62883 4.63881 4.6473 4.65426 4.65968 4.66353 4.6658 4.66647 4.66554 4.66301 4.65889 4.6532 4.64594 4.63715 4.62687 4.61512 4.60197 4.58746 4.57166 4.55465 4.53651 4.51732 4.4972 4.47623 4.45455 4.43226 4.40948 4.38635 4.363 4.33955 4.31612 4.29286 4.26987 4.24727 4.22517 4.20368 4.18289 4.16287 4.14371 4.12546 4.10817 4.09189 4.07665 4.06245 4.04933 4.03727 4.02629 4.01635 4.00747 3.9996 3.99275 3.98688 3.98197 3.97802 3.975 3.9729 3.97171 
3.96536 3.966 3.96757 3.97009 3.97356 3.97801 3.98345 3.9899 3.99739 4.00593 4.01555 4.02625 4.03806 4.05098 4.065 4.08012 4.09632 4.11356 4.13182 4.15103 4.17115 4.19209 4.21377 4.23611 4.25901 4.28235 4.30601 4.32988 4.35384 4.37775 4.40149 4.42492 4.44793 4.47039 4.49218 4.51319 4.53331 4.55245 4.5705 4.5874 4.60306 4.6174 4.63039 4.64195 4.65204 4.66062 4.66767 4.67315 4.67705 4.67934 4.68003 4.67909 4.67654 4.67239 4.66663 4.6593 4.65042 4.64002 4.62814 4.61483 4.60014 4.58414 4.56691 4.54852 4.52907 4.50866 4.48738 4.46537 4.44273 4.41959 4.39608 4.37233 4.34847 4.32463 4.30094 4.27752 4.25449 4.23197 4.21005 4.18883 4.1684 4.14884 4.1302 4.11253 4.09589 4.0803 4.06579 4.05236 4.04002 4.02877 4.0186 4.00949 4.00144 3.99441 3.98839 3.98337 3.97931 3.97621 3.97405 3.97283 
3.96637 3.96702 3.96863 3.9712 3.97475 3.97929 3.98485 3.99144 3.99909 4.00781 4.01763 4.02856 4.04062 4.0538 4.0681 4.08352 4.10003 4.1176 4.1362 4.15577 4.17624 4.19756 4.21962 4.24234 4.26561 4.28933 4.31337 4.33761 4.36192 4.38619 4.41026 4.43402 4.45734 4.48009 4.50216 4.52343 4.5438 4.56316 4.58142 4.5985 4.61433 4.62883 4.64195 4.65362 4.66382 4.67249 4.67961 4.68514 4.68908 4.6914 4.69209 4.69116 4.68859 4.6844 4.6786 4.6712 4.66223 4.65173 4.63973 4.62629 4.61144 4.59527 4.57784 4.55924 4.53955 4.51889 4.49734 4.47503 4.45209 4.42862 4.40478 4.38068 4.35645 4.33224 4.30818 4.28438 4.26096 4.23806 4.21576 4.19417 4.17337 4.15344 4.13445 4.11645 4.09949 4.08359 4.06879 4.05509 4.0425 4.03101 4.02063 4.01133 4.0031 3.99592 3.98976 3.98463 3.98048 3.97731 3.9751 3.97385 
3.96726 3.96793 3.96956 3.97218 3.9758 3.98043 3.98609 3.99281 4.0006 4.00948 4.01948 4.03061 4.04287 4.05628 4.07083 4.08651 4.1033 4.12116 4.14006 4.15993 4.18073 4.20236 4.22476 4.24781 4.27141 4.29545 4.31982 4.34438 4.36901 4.39358 4.41795 4.44199 4.46558 4.48858 4.51089 4.53239 4.55296 4.57252 4.59096 4.6082 4.62418 4.63881 4.65204 4.66382 4.6741 4.68284 4.69002 4.69561 4.69958 4.70192 4.70262 4.70168 4.6991 4.69488 4.68904 4.68158 4.67255 4.66196 4.64986 4.63629 4.62132 4.60499 4.5874 4.56861 4.54872 4.52783 4.50605 4.48349 4.46028 4.43654 4.41239 4.38799 4.36345 4.33892 4.31452 4.29039 4.26665 4.2434 4.22077 4.19885 4.17773 4.15749 4.1382 4.1199 4.10266 4.08649 4.07143 4.05749 4.04468 4.03299 4.02242 4.01295 4.00456 3.99725 3.99098 3.98574 3.98152 3.97828 3.97603 3.97476 
3.96804 3.96872 3.97038 3.97304 3.97671 3.98142 3.98717 3.99399 4.0019 4.01092 4.02107 4.03236 4.04481 4.05842 4.07318 4.08908 4.1061 4.12421 4.14336 4.1635 4.18457 4.20648 4.22915 4.25248 4.27636 4.30069 4.32533 4.35016 4.37506 4.39988 4.4245 4.44878 4.47259 4.49582 4.51833 4.54002 4.56077 4.58049 4.59908 4.61646 4.63255 4.6473 4.66062 4.67249 4.68284 4.69165 4.69888 4.70451 4.70851 4.71087 4.71158 4.71064 4.70804 4.7038 4.69792 4.69042 4.68132 4.67066 4.65848 4.64481 4.62972 4.61327 4.59553 4.57659 4.55653 4.53546 4.51347 4.4907 4.46726 4.44328 4.41889 4.39423 4.36942 4.34462 4.31994 4.29553 4.2715 4.24797 4.22506 4.20286 4.18147 4.16096 4.14141 4.12286 4.10538 4.08898 4.07371 4.05956 4.04656 4.03469 4.02396 4.01434 4.00583 3.9984 3.99203 3.98671 3.98241 3.97913 3.97684 3.97554 
3.96869 3.96938 3.97106 3.97375 3.97748 3.98224 3.98806 3.99497 4.00298 4.01211 4.02239 4.03382 4.04642 4.06019 4.07512 4.0912 4.10842 4.12673 4.14609 4.16644 4.18773 4.20986 4.23276 4.25632 4.28044 4.30499 4.32986 4.35491 4.38002 4.40506 4.42988 4.45436 4.47836 4.50176 4.52444 4.54628 4.56718 4.58703 4.60574 4.62323 4.63943 4.65426 4.66767 4.67961 4.69002 4.69888 4.70615 4.71181 4.71584 4.71821 4.71893 4.71799 4.71538 4.71112 4.70521 4.69767 4.68853 4.67781 4.66555 4.65181 4.63662 4.62007 4.60221 4.58314 4.56294 4.54171 4.51957 4.49662 4.473 4.44882 4.42423 4.39935 4.37433 4.3493 4.3244 4.29976 4.2755 4.25174 4.22859 4.20617 4.18455 4.16382 4.14405 4.1253 4.10762 4.09104 4.07559 4.06127 4.04812 4.03611 4.02524 4.0155 4.00688 3.99936 3.99291 3.98752 3.98316 3.97983 3.97752 3.9762 
3.96921 3.9699 3.9716 3.97432 3.97808 3.98289 3.98877 3.99575 4.00384 4.01306 4.02343 4.03497 4.04768 4.06158 4.07664 4.09287 4.11023 4.12869 4.14822 4.16874 4.1902 4.21251 4.23558 4.25932 4.28361 4.30834 4.33338 4.35861 4.38389 4.40908 4.43406 4.45869 4.48284 4.50638 4.52919 4.55115 4.57216 4.59211 4.61092 4.6285 4.64478 4.65968 4.67315 4.68514 4.69561 4.70451 4.71181 4.7175 4.72154 4.72393 4.72465 4.72371 4.72109 4.71681 4.71088 4.70331 4.69413 4.68336 4.67105 4.65724 4.64199 4.62535 4.6074 4.58823 4.56792 4.54658 4.52431 4.50123 4.47746 4.45313 4.42838 4.40334 4.37815 4.35295 4.32787 4.30305 4.27861 4.25467 4.23135 4.20874 4.18695 4.16605 4.14612 4.12721 4.10938 4.09265 4.07706 4.06262 4.04934 4.03722 4.02625 4.01642 4.00771 4.00011 3.9936 3.98815 3.98376 3.9804 3.97806 3.97673 
3.9696 3.97029 3.972 3.97474 3.97853 3.98337 3.98929 3.99631 4.00446 4.01374 4.02418 4.0358 4.04859 4.06257 4.07773 4.09406 4.11153 4.1301 4.14974 4.17038 4.19195 4.21438 4.23758 4.26144 4.28586 4.31072 4.33588 4.36123 4.38663 4.41194 4.43703 4.46177 4.48601 4.50965 4.53255 4.5546 4.57569 4.59572 4.6146 4.63224 4.64858 4.66353 4.67705 4.68908 4.69958 4.70851 4.71584 4.72154 4.7256 4.728 4.72873 4.72778 4.72516 4.72087 4.71492 4.70732 4.69811 4.68731 4.67496 4.6611 4.6458 4.6291 4.61109 4.59184 4.57146 4.55003 4.52766 4.50449 4.48061 4.45618 4.43132 4.40616 4.38085 4.35553 4.33033 4.30538 4.28081 4.25675 4.2333 4.21057 4.18866 4.16764 4.1476 4.12858 4.11063 4.0938 4.07811 4.06358 4.05022 4.03802 4.02697 4.01708 4.00831 4.00066 3.99411 3.98862 3.98419 3.98081 3.97845 3.97711 
3.96984 3.97053 3.97225 3.975 3.9788 3.98367 3.98961 3.99666 4.00484 4.01416 4.02464 4.0363 4.04914 4.06317 4.07839 4.09477 4.1123 4.13093 4.15063 4.17134 4.19298 4.21549 4.23876 4.26269 4.28718 4.3121 4.33734 4.36276 4.38822 4.4136 4.43876 4.46356 4.48787 4.51156 4.53452 4.55662 4.57776 4.59784 4.61676 4.63444 4.65081 4.6658 4.67934 4.6914 4.70192 4.71087 4.71821 4.72393 4.728 4.7304 4.73113 4.73018 4.72756 4.72326 4.7173 4.70969 4.70046 4.68964 4.67726 4.66337 4.64803 4.6313 4.61325 4.59396 4.57352 4.55204 4.52962 4.50639 4.48245 4.45796 4.43303 4.40781 4.38243 4.35703 4.33176 4.30674 4.2821 4.25796 4.23444 4.21165 4.18966 4.16858 4.14846 4.12938 4.11138 4.09449 4.07874 4.06416 4.05074 4.0385 4.02741 4.01748 4.00868 4.001 3.99442 3.98891 3.98447 3.98107 3.9787 3.97736 
