0.606143 0.606652 0.607135 0.607578 0.60797 0.608308 0.608589 0.608815 0.608993 0.609129 0.609229 0.609301 0.609352 0.609387 0.60941 0.609425 0.609434 0.60944 0.609443 0.609445 0.609447 0.609447 0.609448 0.609448 0.609448 0.609448 0.609448 0.609448 0.609448 0.609448 0.609448 0.609448 0.609448 0.609449 0.609449 0.609449 0.609449 0.609449 0.60945 0.60945 0.609451 0.609451 0.609452 0.609452 0.609453 0.609453 0.609453 0.609454 0.609454 0.609454 0.609454 0.609455 0.609455 0.609454 0.609454 0.609454 0.609454 0.609453 0.609453 0.609452 0.609452 0.609452 0.609451 0.609451 0.60945 0.60945 0.60945 0.609449 0.609449 0.609449 0.609449 0.609449 0.609448 0.609448 0.609448 0.609448 0.609448 0.609448 0.609448 0.609448 0.609449 0.609449 0.609451 0.609453 0.609458 0.609467 0.609482 0.609507 0.609547 0.609608 0.609696 0.609821 0.609991 0.610212 0.610491 0.61083 0.611225 0.611671 0.612157 0.612666 
0.606652 0.607162 0.607644 0.608086 0.608479 0.608816 0.609097 0.609324 0.609501 0.609637 0.609737 0.60981 0.60986 0.609895 0.609918 0.609933 0.609942 0.609948 0.609952 0.609954 0.609955 0.609956 0.609956 0.609956 0.609956 0.609956 0.609957 0.609957 0.609957 0.609957 0.609957 0.609957 0.609957 0.609957 0.609957 0.609957 0.609957 0.609957 0.609958 0.609958 0.609958 0.609958 0.609959 0.609959 0.609959 0.609959 0.60996 0.60996 0.60996 0.60996 0.609961 0.609961 0.609961 0.609961 0.60996 0.60996 0.60996 0.60996 0.60996 0.609959 0.609959 0.609959 0.609958 0.609958 0.609958 0.609958 0.609957 0.609957 0.609957 0.609957 0.609957 0.609957 0.609957 0.609957 0.609957 0.609957 0.609957 0.609957 0.609957 0.609957 0.609957 0.609958 0.609959 0.609962 0.609967 0.609976 0.609991 0.610016 0.610056 0.610116 0.610205 0.61033 0.610499 0.610721 0.611 0.611338 0.611734 0.612179 0.612664 0.613174 
0.607135 0.607644 0.608126 0.608568 0.60896 0.609297 0.609578 0.609805 0.609983 0.610119 0.610219 0.610291 0.610342 0.610377 0.6104 0.610415 0.610424 0.61043 0.610434 0.610436 0.610437 0.610438 0.610438 0.610438 0.610438 0.610438 0.610438 0.610438 0.610438 0.610438 0.610438 0.610438 0.610439 0.610439 0.610439 0.610439 0.610439 0.610439 0.610439 0.610439 0.61044 0.61044 0.61044 0.610441 0.610441 0.610441 0.610442 0.610442 0.610442 0.610442 0.610442 0.610443 0.610443 0.610442 0.610442 0.610442 0.610442 0.610442 0.610441 0.610441 0.610441 0.61044 0.61044 0.61044 0.61044 0.610439 0.610439 0.610439 0.610439 0.610439 0.610439 0.610439 0.610439 0.610438 0.610438 0.610438 0.610438 0.610438 0.610439 0.610439 0.610439 0.61044 0.610441 0.610444 0.610449 0.610458 0.610473 0.610498 0.610538 0.610598 0.610687 0.610812 0.610982 0.611203 0.611482 0.61182 0.612215 0.612661 0.613146 0.613654 
0.607578 0.608086 0.608568 0.60901 0.609402 0.609739 0.61002 0.610246 0.610424 0.61056 0.610661 0.610733 0.610784 0.610818 0.610841 0.610856 0.610866 0.610872 0.610875 0.610877 0.610879 0.610879 0.61088 0.61088 0.61088 0.61088 0.61088 0.61088 0.61088 0.61088 0.61088 0.61088 0.61088 0.61088 0.610881 0.610881 0.610881 0.610881 0.610882 0.610882 0.610883 0.610883 0.610884 0.610884 0.610885 0.610886 0.610886 0.610887 0.610887 0.610887 0.610888 0.610888 0.610888 0.610888 0.610887 0.610887 0.610887 0.610886 0.610885 0.610885 0.610884 0.610884 0.610883 0.610883 0.610882 0.610882 0.610881 0.610881 0.610881 0.610881 0.610881 0.61088 0.61088 0.61088 0.61088 0.61088 0.61088 0.61088 0.61088 0.61088 0.610881 0.610881 0.610883 0.610886 0.610891 0.6109 0.610915 0.61094 0.61098 0.61104 0.611129 0.611254 0.611424 0.611645 0.611924 0.612262 0.612657 0.613103 0.613587 0.614096 
0.60797 0.608479 0.60896 0.609402 0.609794 0.610131 0.610411 0.610638 0.610816 0.610952 0.611052 0.611125 0.611176 0.61121 0.611233 0.611249 0.611258 0.611264 0.611267 0.61127 0.611271 0.611272 0.611272 0.611272 0.611272 0.611272 0.611272 0.611272 0.611272 0.611272 0.611273 0.611273 0.611273 0.611273 0.611273 0.611274 0.611274 0.611275 0.611276 0.611277 0.611278 0.611279 0.61128 0.611282 0.611283 0.611284 0.611286 0.611287 0.611288 0.611288 0.611289 0.611289 0.611289 0.611289 0.611288 0.611287 0.611286 0.611285 0.611284 0.611283 0.611281 0.61128 0.611279 0.611278 0.611277 0.611276 0.611275 0.611274 0.611274 0.611273 0.611273 0.611273 0.611273 0.611273 0.611273 0.611272 0.611272 0.611272 0.611272 0.611273 0.611273 0.611274 0.611275 0.611278 0.611283 0.611292 0.611307 0.611332 0.611372 0.611433 0.611522 0.611647 0.611816 0.612038 0.612317 0.612655 0.61305 0.613495 0.613979 0.614487 
0.608308 0.608816 0.609297 0.609739 0.610131 0.610467 0.610748 0.610975 0.611153 0.611289 0.611389 0.611462 0.611513 0.611547 0.611571 0.611586 0.611595 0.611601 0.611605 0.611607 0.611608 0.611609 0.611609 0.611609 0.611609 0.61161 0.61161 0.61161 0.61161 0.61161 0.61161 0.61161 0.611611 0.611611 0.611612 0.611613 0.611614 0.611616 0.611618 0.61162 0.611623 0.611625 0.611629 0.611632 0.611635 0.611638 0.61164 0.611643 0.611645 0.611646 0.611647 0.611648 0.611647 0.611647 0.611645 0.611644 0.611641 0.611639 0.611636 0.611633 0.61163 0.611627 0.611624 0.611621 0.611619 0.611617 0.611615 0.611614 0.611613 0.611612 0.611611 0.611611 0.61161 0.61161 0.61161 0.61161 0.61161 0.61161 0.61161 0.61161 0.61161 0.611611 0.611612 0.611615 0.61162 0.611629 0.611644 0.61167 0.611709 0.61177 0.611859 0.611984 0.612154 0.612376 0.612654 0.612992 0.613387 0.613832 0.614316 0.614824 
0.608589 0.609097 0.609578 0.61002 0.610411 0.610748 0.611029 0.611256 0.611434 0.61157 0.61167 0.611743 0.611794 0.611828 0.611852 0.611867 0.611876 0.611882 0.611886 0.611888 0.611889 0.61189 0.61189 0.61189 0.611891 0.611891 0.611891 0.611891 0.611891 0.611891 0.611892 0.611892 0.611893 0.611895 0.611897 0.611899 0.611902 0.611906 0.61191 0.611915 0.611921 0.611927 0.611934 0.611941 0.611948 0.611954 0.61196 0.611965 0.611969 0.611973 0.611974 0.611975 0.611975 0.611973 0.61197 0.611966 0.611961 0.611955 0.611949 0.611942 0.611936 0.611929 0.611923 0.611917 0.611912 0.611908 0.611904 0.611901 0.611898 0.611896 0.611895 0.611893 0.611893 0.611892 0.611892 0.611891 0.611891 0.611891 0.611891 0.611891 0.611891 0.611892 0.611893 0.611896 0.611901 0.61191 0.611926 0.611951 0.611991 0.612051 0.61214 0.612266 0.612435 0.612657 0.612936 0.613274 0.613669 0.614114 0.614598 0.615106 
0.608815 0.609324 0.609805 0.610246 0.610638 0.610975 0.611256 0.611483 0.611661 0.611797 0.611897 0.61197 0.612021 0.612056 0.612079 0.612094 0.612104 0.61211 0.612113 0.612115 0.612116 0.612117 0.612118 0.612118 0.612118 0.612118 0.612118 0.612119 0.612119 0.61212 0.612121 0.612122 0.612125 0.612128 0.612132 0.612137 0.612144 0.612152 0.612162 0.612174 0.612186 0.6122 0.612214 0.612229 0.612243 0.612257 0.612269 0.61228 0.612288 0.612294 0.612298 0.612299 0.612298 0.612294 0.612287 0.612279 0.612268 0.612256 0.612243 0.612228 0.612214 0.6122 0.612187 0.612175 0.612164 0.612155 0.612147 0.61214 0.612135 0.61213 0.612127 0.612124 0.612122 0.612121 0.61212 0.612119 0.612119 0.612119 0.612118 0.612118 0.612119 0.612119 0.612121 0.612123 0.612129 0.612138 0.612153 0.612178 0.612218 0.612279 0.612368 0.612493 0.612663 0.612885 0.613164 0.613502 0.613897 0.614342 0.614825 0.615334 
0.608993 0.609501 0.609983 0.610424 0.610816 0.611153 0.611434 0.611661 0.611839 0.611975 0.612076 0.612148 0.612199 0.612234 0.612257 0.612272 0.612282 0.612288 0.612292 0.612294 0.612295 0.612296 0.612296 0.612296 0.612297 0.612297 0.612297 0.612298 0.612299 0.612301 0.612303 0.612307 0.612312 0.612319 0.612328 0.61234 0.612355 0.612373 0.612394 0.612417 0.612444 0.612472 0.612502 0.612532 0.612561 0.612588 0.612612 0.612633 0.61265 0.612662 0.612669 0.612671 0.612668 0.612659 0.612646 0.612628 0.612606 0.612581 0.612553 0.612525 0.612496 0.612467 0.61244 0.612416 0.612393 0.612374 0.612357 0.612343 0.612332 0.612322 0.612315 0.61231 0.612306 0.612303 0.612301 0.612299 0.612298 0.612298 0.612297 0.612297 0.612297 0.612298 0.612299 0.612302 0.612307 0.612316 0.612331 0.612357 0.612397 0.612458 0.612547 0.612672 0.612842 0.613064 0.613343 0.613681 0.614076 0.614521 0.615004 0.615513 
0.609129 0.609637 0.610119 0.61056 0.610952 0.611289 0.61157 0.611797 0.611975 0.612111 0.612212 0.612284 0.612335 0.61237 0.612393 0.612408 0.612418 0.612424 0.612428 0.61243 0.612431 0.612432 0.612432 0.612433 0.612433 0.612434 0.612435 0.612437 0.612439 0.612443 0.612449 0.612457 0.612468 0.612483 0.612502 0.612527 0.612558 0.612595 0.612638 0.612686 0.612739 0.612796 0.612855 0.612913 0.61297 0.613022 0.613069 0.613109 0.613141 0.613164 0.613176 0.613179 0.613172 0.613154 0.613127 0.613091 0.613048 0.612998 0.612944 0.612888 0.612831 0.612775 0.612722 0.612672 0.612628 0.612589 0.612556 0.612528 0.612505 0.612486 0.612472 0.612461 0.612452 0.612446 0.612442 0.612439 0.612437 0.612435 0.612434 0.612434 0.612434 0.612434 0.612436 0.612438 0.612443 0.612452 0.612468 0.612493 0.612533 0.612594 0.612683 0.612808 0.612978 0.6132 0.613479 0.613817 0.614212 0.614657 0.615141 0.615649 
0.609229 0.609737 0.610219 0.610661 0.611052 0.611389 0.61167 0.611897 0.612076 0.612212 0.612312 0.612385 0.612436 0.612471 0.612494 0.612509 0.612519 0.612525 0.612529 0.612531 0.612532 0.612533 0.612534 0.612534 0.612535 0.612537 0.612539 0.612543 0.612549 0.612557 0.612569 0.612586 0.61261 0.612641 0.612681 0.612732 0.612793 0.612866 0.61295 0.613045 0.613148 0.613256 0.613367 0.613478 0.613584 0.613682 0.61377 0.613843 0.613901 0.613941 0.613964 0.613967 0.613951 0.613916 0.613864 0.613796 0.613713 0.613619 0.613517 0.61341 0.613302 0.613195 0.613094 0.613 0.612915 0.61284 0.612776 0.612722 0.612677 0.612641 0.612612 0.612591 0.612574 0.612562 0.612553 0.612546 0.612542 0.612539 0.612537 0.612536 0.612535 0.612536 0.612537 0.612539 0.612544 0.612553 0.612569 0.612594 0.612634 0.612695 0.612784 0.612909 0.613079 0.613301 0.61358 0.613918 0.614313 0.614759 0.615243 0.615751 
0.609301 0.60981 0.610291 0.610733 0.611125 0.611462 0.611743 0.61197 0.612148 0.612284 0.612385 0.612458 0.612509 0.612544 0.612567 0.612582 0.612592 0.612598 0.612601 0.612604 0.612605 0.612606 0.612607 0.612608 0.612611 0.612614 0.612619 0.612627 0.612639 0.612657 0.612683 0.612718 0.612765 0.612827 0.612907 0.613005 0.613124 0.613263 0.613422 0.613599 0.61379 0.61399 0.614194 0.614395 0.614587 0.614763 0.614918 0.615049 0.61515 0.61522 0.615257 0.61526 0.615228 0.615163 0.615066 0.61494 0.614789 0.614617 0.614431 0.614235 0.614038 0.613843 0.613657 0.613485 0.613328 0.613189 0.613068 0.612967 0.612882 0.612814 0.61276 0.612718 0.612686 0.612662 0.612645 0.612632 0.612624 0.612618 0.612614 0.612611 0.61261 0.612609 0.61261 0.612612 0.612617 0.612626 0.612641 0.612667 0.612707 0.612768 0.612857 0.612982 0.613152 0.613374 0.613653 0.613992 0.614387 0.614832 0.615316 0.615824 
0.609352 0.60986 0.610342 0.610784 0.611176 0.611513 0.611794 0.612021 0.612199 0.612335 0.612436 0.612509 0.61256 0.612595 0.612618 0.612633 0.612643 0.612649 0.612653 0.612655 0.612657 0.612658 0.61266 0.612663 0.612667 0.612674 0.612685 0.612702 0.612727 0.612764 0.612814 0.612884 0.612976 0.613096 0.613246 0.61343 0.613651 0.613907 0.614196 0.614515 0.614857 0.615212 0.615571 0.615922 0.616255 0.61656 0.616827 0.617049 0.61722 0.617336 0.617395 0.617395 0.617336 0.617219 0.617046 0.616824 0.616557 0.616255 0.615927 0.615584 0.615235 0.614892 0.614563 0.614256 0.613976 0.613727 0.61351 0.613326 0.613172 0.613047 0.612947 0.612869 0.61281 0.612765 0.612732 0.612708 0.612691 0.61268 0.612672 0.612667 0.612663 0.612662 0.612662 0.612664 0.612669 0.612677 0.612693 0.612718 0.612758 0.612819 0.612908 0.613033 0.613204 0.613426 0.613705 0.614043 0.614438 0.614883 0.615367 0.615876 
0.609387 0.609895 0.610377 0.610818 0.61121 0.611547 0.611828 0.612056 0.612234 0.61237 0.612471 0.612544 0.612595 0.61263 0.612653 0.612668 0.612678 0.612684 0.612688 0.61269 0.612693 0.612695 0.612699 0.612704 0.612714 0.612728 0.612751 0.612785 0.612835 0.612905 0.613003 0.613135 0.613308 0.613529 0.613803 0.614136 0.61453 0.614983 0.61549 0.616043 0.616631 0.617237 0.617846 0.618437 0.618995 0.619501 0.619943 0.620307 0.620586 0.620773 0.620863 0.620855 0.620749 0.620546 0.620252 0.619874 0.619422 0.618911 0.618356 0.617773 0.617181 0.616596 0.616034 0.615507 0.615025 0.614593 0.614216 0.613893 0.613623 0.613401 0.613223 0.613083 0.612975 0.612893 0.612832 0.612788 0.612757 0.612735 0.61272 0.61271 0.612704 0.6127 0.612699 0.6127 0.612704 0.612713 0.612728 0.612753 0.612793 0.612854 0.612943 0.613068 0.613239 0.613461 0.61374 0.614078 0.614473 0.614918 0.615403 0.615911 
0.60941 0.609918 0.6104 0.610841 0.611233 0.611571 0.611852 0.612079 0.612257 0.612393 0.612494 0.612567 0.612618 0.612653 0.612676 0.612692 0.612701 0.612707 0.612712 0.612715 0.612718 0.612723 0.61273 0.612742 0.61276 0.612789 0.612833 0.612899 0.612994 0.613127 0.613309 0.61355 0.613862 0.614255 0.614738 0.615317 0.615994 0.616765 0.61762 0.618545 0.619519 0.620516 0.621509 0.622468 0.623367 0.624178 0.624881 0.625458 0.625896 0.626184 0.626318 0.626293 0.626111 0.625775 0.625292 0.624674 0.623938 0.623105 0.622198 0.621246 0.620276 0.619315 0.618388 0.617514 0.616711 0.615989 0.615354 0.614807 0.614347 0.613966 0.613658 0.613413 0.613223 0.613079 0.61297 0.612891 0.612835 0.612795 0.612767 0.612749 0.612737 0.61273 0.612726 0.612726 0.612729 0.612737 0.612751 0.612776 0.612816 0.612877 0.612966 0.613092 0.613262 0.613484 0.613763 0.614101 0.614497 0.614942 0.615426 0.615934 
0.609425 0.609933 0.610415 0.610856 0.611249 0.611586 0.611867 0.612094 0.612272 0.612408 0.612509 0.612582 0.612633 0.612668 0.612692 0.612707 0.612717 0.612723 0.612728 0.612733 0.612738 0.612747 0.612761 0.612784 0.61282 0.612876 0.61296 0.613083 0.613257 0.613498 0.613822 0.614247 0.614789 0.615464 0.616283 0.617253 0.618375 0.619639 0.621028 0.622517 0.624071 0.625651 0.627212 0.628712 0.630107 0.63136 0.632439 0.633319 0.63398 0.63441 0.6346 0.634546 0.634249 0.633714 0.632951 0.63198 0.630824 0.629515 0.628089 0.626589 0.625056 0.623531 0.622054 0.620656 0.619364 0.618195 0.617161 0.616264 0.615503 0.61487 0.614353 0.613941 0.613617 0.613369 0.613182 0.613044 0.612944 0.612873 0.612824 0.612791 0.612769 0.612756 0.612748 0.612745 0.612746 0.612753 0.612767 0.612792 0.612832 0.612892 0.612982 0.613107 0.613277 0.613499 0.613778 0.614117 0.614512 0.614957 0.615441 0.61595 
0.609434 0.609942 0.610424 0.610866 0.611258 0.611595 0.611876 0.612104 0.612282 0.612418 0.612519 0.612592 0.612643 0.612678 0.612701 0.612717 0.612727 0.612734 0.612741 0.612748 0.612758 0.612774 0.612801 0.612844 0.612912 0.613016 0.613169 0.61339 0.6137 0.614121 0.614679 0.6154 0.616308 0.617425 0.618764 0.620331 0.622123 0.624121 0.626296 0.628606 0.630997 0.633408 0.635776 0.638034 0.640122 0.641986 0.643583 0.644877 0.645842 0.64646 0.646721 0.646618 0.646154 0.645336 0.644179 0.642708 0.64096 0.638978 0.636817 0.634535 0.632197 0.629862 0.627588 0.625426 0.623415 0.621585 0.619955 0.618531 0.617314 0.616293 0.615454 0.614778 0.614244 0.61383 0.613516 0.613283 0.613112 0.612991 0.612906 0.612848 0.612809 0.612784 0.612769 0.612761 0.61276 0.612765 0.612778 0.612802 0.612842 0.612902 0.612991 0.613117 0.613287 0.613509 0.613788 0.614126 0.614522 0.614967 0.615451 0.61596 
0.60944 0.609948 0.61043 0.610872 0.611264 0.611601 0.611882 0.61211 0.612288 0.612424 0.612525 0.612598 0.612649 0.612684 0.612707 0.612723 0.612734 0.612743 0.612752 0.612764 0.612782 0.612813 0.612863 0.612942 0.613066 0.613251 0.613522 0.613905 0.614434 0.615144 0.616072 0.617253 0.618722 0.620504 0.622615 0.625057 0.627817 0.630864 0.634148 0.637603 0.64115 0.6447 0.64816 0.651439 0.654453 0.657129 0.659408 0.661244 0.662602 0.663461 0.663806 0.66363 0.662936 0.661734 0.660044 0.657901 0.655352 0.65246 0.649299 0.645953 0.642508 0.639054 0.635673 0.632438 0.629412 0.626639 0.62415 0.621961 0.620074 0.618478 0.617156 0.616081 0.615225 0.614556 0.614044 0.613659 0.613377 0.613174 0.613031 0.612932 0.612866 0.612822 0.612795 0.612779 0.612773 0.612775 0.612787 0.61281 0.612848 0.612909 0.612997 0.613123 0.613293 0.613515 0.613794 0.614132 0.614528 0.614973 0.615457 0.615966 
0.609443 0.609952 0.610434 0.610875 0.611267 0.611605 0.611886 0.612113 0.612292 0.612428 0.612529 0.612601 0.612653 0.612688 0.612712 0.612728 0.612741 0.612752 0.612766 0.612786 0.61282 0.612875 0.612965 0.613107 0.613323 0.613643 0.614104 0.614747 0.61562 0.616775 0.618264 0.620133 0.622426 0.625172 0.628384 0.632057 0.636162 0.640645 0.645429 0.650417 0.655494 0.660535 0.665414 0.670007 0.674204 0.67791 0.681048 0.683562 0.685408 0.686561 0.687002 0.686724 0.68573 0.684031 0.681655 0.678646 0.675066 0.670996 0.666535 0.661795 0.656895 0.651956 0.647095 0.642415 0.638006 0.633937 0.630257 0.626994 0.624156 0.621737 0.619714 0.618055 0.616722 0.615671 0.61486 0.614246 0.613791 0.61346 0.613226 0.613062 0.612952 0.612878 0.612831 0.612803 0.612789 0.612786 0.612794 0.612816 0.612853 0.612913 0.613001 0.613127 0.613297 0.613519 0.613798 0.614136 0.614531 0.614977 0.615461 0.615969 
0.609445 0.609954 0.610436 0.610877 0.61127 0.611607 0.611888 0.612115 0.612294 0.61243 0.612531 0.612604 0.612655 0.61269 0.612715 0.612733 0.612748 0.612764 0.612786 0.612822 0.612882 0.61298 0.613136 0.61338 0.613746 0.61428 0.615037 0.616079 0.617473 0.619289 0.621596 0.624455 0.627914 0.632002 0.636725 0.64206 0.647955 0.654325 0.661056 0.668007 0.675022 0.681934 0.688573 0.694784 0.700425 0.705379 0.709552 0.712876 0.715301 0.716797 0.717343 0.716932 0.715565 0.713257 0.71004 0.705968 0.701118 0.695591 0.689514 0.683029 0.676293 0.669467 0.662705 0.656152 0.649932 0.644147 0.638872 0.634154 0.630016 0.626455 0.62345 0.620963 0.618946 0.617341 0.616091 0.615136 0.614423 0.613901 0.613526 0.613264 0.613084 0.612964 0.612886 0.612838 0.612811 0.6128 0.612803 0.612822 0.612858 0.612916 0.613004 0.613129 0.613299 0.613521 0.6138 0.614138 0.614534 0.614979 0.615463 0.615971 
0.609447 0.609955 0.610437 0.610879 0.611271 0.611608 0.611889 0.612116 0.612295 0.612431 0.612532 0.612605 0.612657 0.612693 0.612718 0.612738 0.612758 0.612782 0.61282 0.612882 0.612985 0.613152 0.613416 0.61382 0.61442 0.615282 0.616485 0.618116 0.620268 0.623031 0.626491 0.630718 0.635764 0.641649 0.648363 0.655856 0.66404 0.672787 0.681936 0.691296 0.70066 0.709811 0.71854 0.72665 0.733973 0.740368 0.745728 0.749975 0.753055 0.754934 0.75559 0.755015 0.753211 0.750193 0.745997 0.740684 0.734344 0.7271 0.719103 0.71053 0.701578 0.69245 0.683347 0.674461 0.66596 0.657988 0.650653 0.644035 0.638175 0.633084 0.628747 0.625124 0.622155 0.619772 0.617898 0.616454 0.615366 0.614562 0.613981 0.613571 0.613287 0.613096 0.61297 0.61289 0.612843 0.61282 0.612815 0.612829 0.612862 0.61292 0.613007 0.613131 0.6133 0.613522 0.613801 0.61414 0.614535 0.61498 0.615464 0.615973 
0.609447 0.609956 0.610438 0.610879 0.611272 0.611609 0.61189 0.612117 0.612296 0.612432 0.612533 0.612606 0.612658 0.612695 0.612723 0.612747 0.612774 0.612813 0.612875 0.61298 0.613152 0.613429 0.61386 0.61451 0.61546 0.616807 0.618657 0.62113 0.624344 0.628413 0.633435 0.639487 0.646611 0.654812 0.664047 0.674228 0.685219 0.696837 0.708863 0.72105 0.733132 0.744845 0.755935 0.76617 0.775357 0.783336 0.78999 0.795236 0.799019 0.801304 0.802072 0.801311 0.799022 0.795221 0.789945 0.783257 0.775258 0.766087 0.755918 0.744962 0.733453 0.721639 0.709772 0.698096 0.686832 0.676173 0.666277 0.657261 0.649199 0.642127 0.636041 0.630905 0.626657 0.623213 0.620478 0.618353 0.616735 0.61553 0.614652 0.614026 0.613591 0.613294 0.613097 0.61297 0.612892 0.612849 0.612833 0.61284 0.612869 0.612923 0.613009 0.613133 0.613302 0.613523 0.613802 0.61414 0.614536 0.614981 0.615465 0.615973 
0.609448 0.609956 0.610438 0.61088 0.611272 0.611609 0.61189 0.612118 0.612296 0.612432 0.612534 0.612607 0.61266 0.612699 0.61273 0.612761 0.612801 0.612863 0.612965 0.613136 0.613416 0.61386 0.614541 0.615554 0.617013 0.619049 0.621807 0.625439 0.630091 0.635897 0.642962 0.651356 0.661102 0.672172 0.684477 0.697875 0.712167 0.727105 0.742405 0.757757 0.772841 0.787342 0.800969 0.813461 0.824605 0.834232 0.842221 0.84849 0.852988 0.855683 0.856557 0.855599 0.852808 0.848196 0.841795 0.833669 0.823923 0.812703 0.800202 0.786655 0.772332 0.757524 0.742534 0.727658 0.713178 0.699347 0.686379 0.674444 0.663663 0.654107 0.645798 0.638714 0.632794 0.627948 0.624062 0.621012 0.61867 0.61691 0.615616 0.614686 0.614033 0.613584 0.613284 0.613088 0.612965 0.612894 0.61286 0.612855 0.612878 0.612929 0.613012 0.613134 0.613303 0.613524 0.613803 0.614141 0.614536 0.614981 0.615465 0.615974 
0.609448 0.609956 0.610438 0.61088 0.611272 0.611609 0.61189 0.612118 0.612296 0.612433 0.612534 0.612608 0.612663 0.612704 0.612742 0.612784 0.612844 0.612942 0.613107 0.61338 0.61382 0.61451 0.615554 0.617084 0.619254 0.62224 0.626227 0.631401 0.637934 0.645969 0.655608 0.666901 0.679833 0.694323 0.710221 0.727312 0.745323 0.763933 0.78279 0.801521 0.819755 0.837135 0.853342 0.868097 0.881179 0.892419 0.901701 0.908953 0.914133 0.917215 0.918187 0.917038 0.913763 0.908366 0.900872 0.891338 0.879861 0.866589 0.851721 0.835508 0.818245 0.800257 0.781894 0.763505 0.745434 0.728 0.711484 0.696122 0.682096 0.669529 0.658485 0.648969 0.640933 0.634286 0.628904 0.624639 0.621332 0.618825 0.616966 0.615618 0.614663 0.614001 0.613554 0.61326 0.613072 0.612959 0.612899 0.612878 0.612891 0.612936 0.613016 0.613137 0.613304 0.613525 0.613803 0.614141 0.614536 0.614982 0.615466 0.615974 
0.609448 0.609956 0.610438 0.61088 0.611272 0.611609 0.611891 0.612118 0.612297 0.612433 0.612535 0.612611 0.612667 0.612714 0.61276 0.61282 0.612912 0.613066 0.613323 0.613746 0.61442 0.61546 0.617013 0.619254 0.622389 0.62664 0.632235 0.639391 0.648297 0.659096 0.671868 0.68662 0.70328 0.721693 0.741628 0.762785 0.784807 0.807296 0.829831 0.851986 0.873346 0.893531 0.912203 0.929083 0.943954 0.956662 0.967107 0.975234 0.981014 0.984437 0.985495 0.984178 0.980476 0.974384 0.965912 0.955101 0.942033 0.926843 0.909725 0.89093 0.870763 0.849573 0.827743 0.805672 0.783761 0.762396 0.741936 0.722695 0.704929 0.688833 0.67453 0.66207 0.651435 0.642547 0.635276 0.629457 0.624902 0.621416 0.618807 0.6169 0.615537 0.614585 0.613935 0.613504 0.613225 0.613053 0.612955 0.612912 0.61291 0.612947 0.613022 0.61314 0.613306 0.613526 0.613804 0.614142 0.614537 0.614982 0.615466 0.615974 
0.609448 0.609956 0.610438 0.61088 0.611272 0.61161 0.611891 0.612118 0.612297 0.612434 0.612537 0.612614 0.612674 0.612728 0.612789 0.612876 0.613016 0.613251 0.613643 0.61428 0.615282 0.616807 0.619049 0.62224 0.62664 0.632521 0.640152 0.649773 0.661577 0.675685 0.692135 0.710869 0.731731 0.754472 0.778762 0.804206 0.830358 0.856745 0.882887 0.908315 0.932591 0.955323 0.976181 0.9949 1.01129 1.02521 1.0366 1.04543 1.05168 1.05538 1.05651 1.05506 1.05103 1.04439 1.03513 1.02328 1.00888 0.992053 0.97296 0.95184 0.928989 0.904762 0.87956 0.853816 0.827982 0.802511 0.777838 0.754364 0.732438 0.712341 0.694278 0.678365 0.664634 0.653034 0.643446 0.635695 0.629568 0.624834 0.621259 0.618622 0.616721 0.615381 0.61446 0.613842 0.613439 0.613185 0.613036 0.612959 0.612938 0.612963 0.613031 0.613145 0.613309 0.613527 0.613805 0.614142 0.614537 0.614982 0.615466 0.615974 
0.609448 0.609957 0.610438 0.61088 0.611272 0.61161 0.611891 0.612118 0.612297 0.612435 0.612539 0.612619 0.612685 0.612751 0.612833 0.61296 0.613169 0.613522 0.614104 0.615037 0.616485 0.618657 0.621807 0.626227 0.632235 0.640152 0.650278 0.662866 0.678091 0.696031 0.716653 0.739807 0.765229 0.792558 0.821353 0.851116 0.881315 0.911412 0.940882 0.969234 0.996026 1.02088 1.04349 1.06363 1.08115 1.09594 1.10799 1.11729 1.12387 1.12774 1.12892 1.1274 1.12317 1.11618 1.1064 1.09382 1.07846 1.0604 1.03975 1.01673 0.991597 0.964692 0.936412 0.907207 0.877564 0.847991 0.819001 0.791085 0.764693 0.740214 0.717951 0.698111 0.680798 0.666013 0.653661 0.643572 0.635518 0.629234 0.624445 0.62088 0.618287 0.616445 0.615167 0.614302 0.613732 0.613368 0.613147 0.613026 0.612977 0.612985 0.613044 0.613152 0.613313 0.613529 0.613806 0.614143 0.614537 0.614982 0.615466 0.615974 
0.609448 0.609957 0.610438 0.61088 0.611272 0.61161 0.611891 0.612119 0.612298 0.612437 0.612543 0.612627 0.612702 0.612785 0.612899 0.613083 0.61339 0.613905 0.614747 0.616079 0.618116 0.62113 0.625439 0.631401 0.639391 0.649773 0.662866 0.678913 0.698049 0.720279 0.745472 0.773357 0.803544 0.835542 0.868793 0.902699 0.936651 0.970062 1.00239 1.03313 1.06188 1.08829 1.1121 1.13315 1.15132 1.16659 1.17896 1.18847 1.19518 1.19913 1.20034 1.19882 1.19452 1.18741 1.17741 1.16449 1.14861 1.12981 1.10815 1.08379 1.05693 1.02788 0.99701 0.964755 0.93162 0.898154 0.864934 0.832541 0.801534 0.772416 0.745613 0.721443 0.700108 0.681684 0.666125 0.653283 0.642926 0.634768 0.62849 0.623773 0.620312 0.617831 0.616096 0.614911 0.614123 0.613613 0.613298 0.613117 0.613031 0.613016 0.613061 0.613162 0.613318 0.613532 0.613807 0.614143 0.614537 0.614982 0.615466 0.615974 
0.609448 0.609957 0.610438 0.61088 0.611272 0.61161 0.611891 0.612119 0.612299 0.612439 0.612549 0.612639 0.612727 0.612835 0.612994 0.613257 0.6137 0.614434 0.61562 0.617473 0.620268 0.624344 0.630091 0.637934 0.648297 0.661577 0.678091 0.698049 0.721515 0.748393 0.778422 0.811191 0.846164 0.882714 0.920166 0.957831 0.995045 1.03119 1.06573 1.09819 1.12821 1.15552 1.17991 1.20129 1.21962 1.23492 1.24726 1.25672 1.26338 1.2673 1.26852 1.26705 1.26284 1.25583 1.24594 1.23307 1.21716 1.19817 1.17611 1.15105 1.12315 1.09263 1.0598 1.02509 0.988974 0.952021 0.914859 0.878148 0.842551 0.808696 0.777144 0.748347 0.722627 0.700162 0.680981 0.66498 0.651942 0.641569 0.63351 0.627398 0.622872 0.6196 0.617292 0.615702 0.614634 0.613937 0.613499 0.613238 0.613103 0.613058 0.613085 0.613175 0.613325 0.613536 0.613809 0.614144 0.614538 0.614983 0.615466 0.615975 
0.609448 0.609957 0.610438 0.61088 0.611272 0.61161 0.611891 0.61212 0.612301 0.612443 0.612557 0.612657 0.612764 0.612905 0.613127 0.613498 0.614121 0.615144 0.616775 0.619289 0.623031 0.628413 0.635897 0.645969 0.659096 0.675685 0.696031 0.720279 0.748393 0.780143 0.815116 0.852741 0.892326 0.933112 0.974314 1.01517 1.05499 1.09316 1.12915 1.16258 1.19314 1.22063 1.24496 1.2661 1.28409 1.29901 1.31098 1.32012 1.32654 1.33034 1.33155 1.33019 1.3262 1.31952 1.31003 1.2976 1.28212 1.26349 1.24165 1.21659 1.18837 1.15713 1.12312 1.08667 1.04824 1.00839 0.96776 0.927081 0.887108 0.848594 0.81224 0.778649 0.748286 0.721457 0.698292 0.678758 0.662674 0.649747 0.639606 0.631842 0.62604 0.621809 0.618797 0.616706 0.615289 0.614355 0.613759 0.613398 0.613198 0.613114 0.613118 0.613193 0.613335 0.613542 0.613812 0.614146 0.614539 0.614983 0.615467 0.615975 
0.609448 0.609957 0.610438 0.61088 0.611273 0.61161 0.611892 0.612121 0.612303 0.612449 0.612569 0.612683 0.612814 0.613003 0.613309 0.613822 0.614679 0.616072 0.618264 0.621596 0.626491 0.633435 0.642962 0.655608 0.671868 0.692135 0.716653 0.745472 0.778422 0.815116 0.854968 0.897236 0.941075 0.985598 1.02994 1.07329 1.11494 1.15432 1.19097 1.22458 1.25493 1.28195 1.3056 1.32597 1.34316 1.35732 1.36862 1.37722 1.38326 1.38684 1.38802 1.38681 1.38316 1.37698 1.36814 1.3565 1.34187 1.32411 1.30307 1.27866 1.25085 1.21967 1.18527 1.1479 1.10794 1.06591 1.02245 0.978333 0.934381 0.891463 0.850422 0.812019 0.776883 0.745467 0.718032 0.694643 0.675179 0.659375 0.646855 0.637177 0.629879 0.624509 0.620654 0.617954 0.61611 0.614883 0.614091 0.613602 0.613322 0.613187 0.61316 0.613217 0.613348 0.613549 0.613816 0.614148 0.61454 0.614983 0.615467 0.615975 
0.609448 0.609957 0.610438 0.61088 0.611273 0.61161 0.611892 0.612122 0.612307 0.612457 0.612586 0.612718 0.612884 0.613135 0.61355 0.614247 0.6154 0.617253 0.620133 0.624455 0.630718 0.639487 0.651356 0.666901 0.68662 0.710869 0.739807 0.773357 0.811191 0.852741 0.897236 0.943763 0.991332 1.03895 1.08569 1.13074 1.1734 1.21318 1.24969 1.28273 1.31221 1.33812 1.36058 1.37973 1.39575 1.40886 1.41925 1.42714 1.43266 1.43596 1.43708 1.43605 1.43281 1.42727 1.41929 1.40868 1.39524 1.37876 1.35903 1.33586 1.30912 1.27874 1.24475 1.20728 1.16662 1.12322 1.07769 1.03079 0.983413 0.936512 0.891063 0.847987 0.808082 0.771976 0.740079 0.712582 0.689455 0.670482 0.655301 0.643454 0.634438 0.627745 0.622898 0.619475 0.617118 0.615536 0.614505 0.613859 0.613477 0.613279 0.613213 0.613248 0.613365 0.613558 0.613821 0.614151 0.614541 0.614984 0.615467 0.615975 
0.609448 0.609957 0.610439 0.61088 0.611273 0.611611 0.611893 0.612125 0.612312 0.612468 0.61261 0.612765 0.612976 0.613308 0.613862 0.614789 0.616308 0.618722 0.622426 0.627914 0.635764 0.646611 0.661102 0.679833 0.70328 0.731731 0.765229 0.803544 0.846164 0.892326 0.941075 0.991332 1.04199 1.09196 1.14031 1.18622 1.22909 1.26847 1.30412 1.33594 1.36395 1.38828 1.40912 1.42671 1.44129 1.45313 1.46246 1.46951 1.47444 1.4774 1.47845 1.4776 1.47482 1.47001 1.463 1.4536 1.44159 1.42669 1.40864 1.38718 1.36207 1.33313 1.30026 1.26348 1.22295 1.17902 1.13223 1.08332 1.03319 0.98286 0.93343 0.885966 0.84144 0.800662 0.764217 0.732445 0.705434 0.683043 0.664949 0.650694 0.639745 0.631545 0.625556 0.621292 0.618331 0.616328 0.615011 0.614174 0.61367 0.613395 0.613281 0.613286 0.613387 0.61357 0.613827 0.614154 0.614543 0.614985 0.615468 0.615975 
0.609449 0.609957 0.610439 0.61088 0.611273 0.611611 0.611895 0.612128 0.612319 0.612483 0.612641 0.612827 0.613096 0.613529 0.614255 0.615464 0.617425 0.620504 0.625172 0.632002 0.641649 0.654812 0.672172 0.694323 0.721693 0.754472 0.792558 0.835542 0.882714 0.933112 0.985598 1.03895 1.09196 1.14352 1.19266 1.23865 1.28095 1.31925 1.35341 1.38348 1.40958 1.43197 1.45091 1.46671 1.47969 1.49014 1.49832 1.50447 1.50878 1.51137 1.51233 1.51167 1.50935 1.50528 1.4993 1.4912 1.48072 1.46759 1.45148 1.43206 1.409 1.38201 1.35087 1.31547 1.27582 1.23217 1.18495 1.13482 1.08269 1.0296 0.976733 0.925293 0.876422 0.831113 0.790142 0.754021 0.722979 0.69698 0.675761 0.658884 0.645803 0.635921 0.628643 0.623419 0.619762 0.617269 0.615616 0.614555 0.613904 0.613535 0.613363 0.613334 0.613414 0.613585 0.613836 0.614158 0.614545 0.614986 0.615468 0.615975 
0.609449 0.609957 0.610439 0.610881 0.611273 0.611612 0.611897 0.612132 0.612328 0.612502 0.612681 0.612907 0.613246 0.613803 0.614738 0.616283 0.618764 0.622615 0.628384 0.636725 0.648363 0.664047 0.684477 0.710221 0.741628 0.778762 0.821353 0.868793 0.920166 0.974314 1.02994 1.08569 1.14031 1.19266 1.24184 1.28718 1.32826 1.3649 1.3971 1.42502 1.44892 1.46914 1.48602 1.49995 1.51126 1.52028 1.5273 1.53255 1.53622 1.53844 1.5393 1.53881 1.53694 1.53359 1.52861 1.52181 1.5129 1.5016 1.48754 1.47034 1.4496 1.42492 1.39598 1.36251 1.32441 1.28176 1.23488 1.18434 1.13098 1.07584 1.02017 0.965267 0.912434 0.862848 0.817479 0.777028 0.74189 0.712157 0.68765 0.667975 0.652588 0.640863 0.632158 0.625859 0.621417 0.618365 0.616325 0.615003 0.614181 0.613703 0.613463 0.613392 0.613447 0.613603 0.613845 0.614164 0.614548 0.614988 0.615469 0.615976 
0.609449 0.609957 0.610439 0.610881 0.611274 0.611613 0.611899 0.612137 0.61234 0.612527 0.612732 0.613005 0.61343 0.614136 0.615317 0.617253 0.620331 0.625057 0.632057 0.64206 0.655856 0.674228 0.697875 0.727312 0.762785 0.804206 0.851116 0.902699 0.957831 1.01517 1.07329 1.13074 1.18622 1.23865 1.28718 1.33126 1.37059 1.40514 1.43504 1.46058 1.48212 1.50007 1.51487 1.52691 1.53659 1.54423 1.55012 1.55451 1.55757 1.55943 1.56018 1.55984 1.55837 1.55569 1.55166 1.54607 1.53868 1.52917 1.51716 1.50223 1.48392 1.46177 1.43533 1.40421 1.36818 1.32715 1.2813 1.23108 1.17724 1.12078 1.06297 1.00518 0.948857 0.895338 0.845794 0.801124 0.761906 0.728382 0.700483 0.677877 0.660042 0.646338 0.636082 0.628604 0.623292 0.619616 0.61714 0.615522 0.614504 0.613899 0.61358 0.61346 0.613486 0.613625 0.613857 0.61417 0.614551 0.614989 0.61547 0.615976 
0.609449 0.609957 0.610439 0.610881 0.611274 0.611614 0.611902 0.612144 0.612355 0.612558 0.612793 0.613124 0.613651 0.61453 0.615994 0.618375 0.622123 0.627817 0.636162 0.647955 0.66404 0.685219 0.712167 0.745323 0.784807 0.830358 0.881315 0.936651 0.995045 1.05499 1.11494 1.1734 1.22909 1.28095 1.32826 1.37059 1.4078 1.43998 1.46739 1.49044 1.50958 1.5253 1.53806 1.54831 1.55645 1.5628 1.56766 1.57125 1.57375 1.57528 1.57592 1.5757 1.57458 1.57248 1.5693 1.56482 1.55882 1.55097 1.54091 1.52819 1.51232 1.49276 1.46897 1.44047 1.40686 1.36793 1.32369 1.27443 1.22079 1.16372 1.10443 1.04437 0.985069 0.928031 0.874614 0.825917 0.782713 0.745414 0.714079 0.68846 0.668076 0.652286 0.640378 0.631631 0.625374 0.621013 0.618056 0.616109 0.614871 0.614124 0.613714 0.613539 0.613531 0.61365 0.613871 0.614178 0.614555 0.614991 0.615471 0.615977 
0.609449 0.609957 0.610439 0.610881 0.611275 0.611616 0.611906 0.612152 0.612373 0.612595 0.612866 0.613263 0.613907 0.614983 0.616765 0.619639 0.624121 0.630864 0.640645 0.654325 0.672787 0.696837 0.727105 0.763933 0.807296 0.856745 0.911412 0.970062 1.03119 1.09316 1.15432 1.21318 1.26847 1.31925 1.3649 1.40514 1.43998 1.46963 1.4945 1.51507 1.53189 1.54548 1.55635 1.56495 1.57168 1.57688 1.58082 1.5837 1.58571 1.58695 1.58748 1.58735 1.58652 1.58492 1.58246 1.57895 1.57417 1.56783 1.55955 1.5489 1.53534 1.51831 1.4972 1.47143 1.44047 1.40396 1.36175 1.31398 1.26114 1.20407 1.14395 1.08221 1.02048 0.960378 0.903446 0.850983 0.803961 0.76297 0.728218 0.69956 0.676569 0.658622 0.644987 0.634902 0.627638 0.622543 0.619065 0.616759 0.615281 0.614376 0.613866 0.613628 0.613582 0.613679 0.613887 0.614186 0.61456 0.614994 0.615472 0.615977 
0.60945 0.609958 0.610439 0.610882 0.611276 0.611618 0.61191 0.612162 0.612394 0.612638 0.61295 0.613422 0.614196 0.61549 0.61762 0.621028 0.626296 0.634148 0.645429 0.661056 0.681936 0.708863 0.742405 0.78279 0.829831 0.882887 0.940882 1.00239 1.06573 1.12915 1.19097 1.24969 1.30412 1.35341 1.3971 1.43504 1.46739 1.4945 1.51687 1.53508 1.54971 1.56135 1.5705 1.57764 1.58314 1.58734 1.59048 1.59276 1.59434 1.59532 1.59577 1.59569 1.59509 1.59391 1.59204 1.58935 1.58562 1.58057 1.57387 1.56507 1.55364 1.539 1.52048 1.49743 1.4692 1.4353 1.39541 1.34952 1.29796 1.24143 1.18103 1.11818 1.05454 0.991849 0.931801 0.875884 0.825269 0.780736 0.742648 0.710979 0.685374 0.665238 0.649833 0.638363 0.630049 0.624182 0.620153 0.617464 0.615727 0.614652 0.614033 0.613727 0.613639 0.613712 0.613905 0.614196 0.614565 0.614997 0.615473 0.615978 
0.60945 0.609958 0.610439 0.610882 0.611277 0.61162 0.611915 0.612174 0.612417 0.612686 0.613045 0.613599 0.614515 0.616043 0.618545 0.622517 0.628606 0.637603 0.650417 0.668007 0.691296 0.72105 0.757757 0.801521 0.851986 0.908315 0.969234 1.03313 1.09819 1.16258 1.22458 1.28273 1.33594 1.38348 1.42502 1.46058 1.49044 1.51507 1.53508 1.55109 1.56374 1.57363 1.58128 1.58715 1.5916 1.59495 1.59742 1.59921 1.60043 1.6012 1.60155 1.60153 1.6011 1.60024 1.59886 1.59682 1.59396 1.59001 1.58465 1.57747 1.56795 1.55548 1.53938 1.51892 1.49339 1.46215 1.42475 1.38099 1.33104 1.27547 1.21527 1.15182 1.08677 1.02196 0.959206 0.900183 0.846251 0.798378 0.757093 0.722497 0.694319 0.672006 0.654823 0.641949 0.632562 0.6259 0.621299 0.61821 0.616202 0.614947 0.614212 0.613833 0.613702 0.613747 0.613925 0.614207 0.614571 0.615 0.615475 0.615979 
0.609451 0.609958 0.61044 0.610883 0.611278 0.611623 0.611921 0.612186 0.612444 0.612739 0.613148 0.61379 0.614857 0.616631 0.619519 0.624071 0.630997 0.64115 0.655494 0.675022 0.70066 0.733132 0.772841 0.819755 0.873346 0.932591 0.996026 1.06188 1.12821 1.19314 1.25493 1.31221 1.36395 1.40958 1.44892 1.48212 1.50958 1.53189 1.54971 1.56374 1.57464 1.58301 1.58937 1.59417 1.59774 1.60039 1.60232 1.6037 1.60464 1.60522 1.60551 1.60551 1.60522 1.6046 1.60359 1.60208 1.59991 1.59686 1.59262 1.58682 1.57894 1.5684 1.5545 1.53645 1.51348 1.48485 1.44996 1.40846 1.36035 1.30605 1.24643 1.18278 1.11677 1.05027 0.985226 0.923463 0.866524 0.815561 0.771269 0.73388 0.70322 0.678784 0.65985 0.645583 0.635123 0.62766 0.62248 0.618983 0.616696 0.615256 0.614401 0.613946 0.613767 0.613785 0.613946 0.614218 0.614577 0.615003 0.615477 0.61598 
0.609451 0.609958 0.61044 0.610883 0.611279 0.611625 0.611927 0.6122 0.612472 0.612796 0.613256 0.61399 0.615212 0.617237 0.620516 0.625651 0.633408 0.6447 0.660535 0.681934 0.709811 0.744845 0.787342 0.837135 0.893531 0.955323 1.02088 1.08829 1.15552 1.22063 1.28195 1.33812 1.38828 1.43197 1.46914 1.50007 1.5253 1.54548 1.56135 1.57363 1.58301 1.59009 1.59537 1.59927 1.60214 1.60422 1.60571 1.60676 1.60748 1.60792 1.60815 1.60816 1.60797 1.60754 1.60681 1.6057 1.60408 1.60174 1.59842 1.59375 1.58728 1.5784 1.56643 1.55056 1.52995 1.50378 1.47133 1.4321 1.38594 1.3331 1.27431 1.21081 1.14421 1.07642 1.00948 0.945344 0.88573 0.831961 0.784893 0.744895 0.711886 0.685423 0.664804 0.649184 0.637674 0.629423 0.623668 0.619765 0.617198 0.615571 0.614594 0.614062 0.613836 0.613824 0.613968 0.614231 0.614584 0.615006 0.615479 0.615981 
0.609452 0.609959 0.61044 0.610884 0.61128 0.611629 0.611934 0.612214 0.612502 0.612855 0.613367 0.614194 0.615571 0.617846 0.621509 0.627212 0.635776 0.64816 0.665414 0.688573 0.71854 0.755935 0.800969 0.853342 0.912203 0.976181 1.04349 1.1121 1.17991 1.24496 1.3056 1.36058 1.40912 1.45091 1.48602 1.51487 1.53806 1.55635 1.5705 1.58128 1.58937 1.59537 1.59976 1.60294 1.60524 1.60687 1.60802 1.60883 1.60936 1.6097 1.60987 1.60989 1.60977 1.60947 1.60896 1.60815 1.60694 1.60516 1.60257 1.59883 1.59351 1.58604 1.57573 1.56177 1.54329 1.51937 1.48921 1.45217 1.40794 1.35664 1.29887 1.23575 1.16885 1.10012 1.03164 0.965497 0.903548 0.84728 0.797702 0.755313 0.720132 0.691775 0.669569 0.652666 0.640154 0.631145 0.624834 0.620536 0.617695 0.615885 0.614788 0.614178 0.613904 0.613863 0.613991 0.614243 0.61459 0.61501 0.61548 0.615982 
0.609452 0.609959 0.610441 0.610884 0.611282 0.611632 0.611941 0.612229 0.612532 0.612913 0.613478 0.614395 0.615922 0.618437 0.622468 0.628712 0.638034 0.651439 0.670007 0.694784 0.72665 0.76617 0.813461 0.868097 0.929083 0.9949 1.06363 1.13315 1.20129 1.2661 1.32597 1.37973 1.42671 1.46671 1.49995 1.52691 1.54831 1.56495 1.57764 1.58715 1.59417 1.59927 1.60294 1.60556 1.6074 1.60869 1.60958 1.61019 1.61059 1.61085 1.61098 1.611 1.61092 1.61072 1.61036 1.60978 1.60888 1.60753 1.6055 1.6025 1.59811 1.5918 1.5829 1.57058 1.55395 1.53204 1.50395 1.46894 1.42656 1.37679 1.3201 1.25751 1.19056 1.12116 1.05146 0.983649 0.919704 0.861258 0.80946 0.764931 0.727786 0.697703 0.674038 0.655948 0.642502 0.632783 0.625948 0.621276 0.618175 0.616189 0.614975 0.614292 0.613971 0.613902 0.614013 0.614255 0.614597 0.615014 0.615482 0.615983 
0.609453 0.609959 0.610441 0.610885 0.611283 0.611635 0.611948 0.612243 0.612561 0.61297 0.613584 0.614587 0.616255 0.618995 0.623367 0.630107 0.640122 0.654453 0.674204 0.700425 0.733973 0.775357 0.824605 0.881179 0.943954 1.01129 1.08115 1.15132 1.21962 1.28409 1.34316 1.39575 1.44129 1.47969 1.51126 1.53659 1.55645 1.57168 1.58314 1.5916 1.59774 1.60214 1.60524 1.6074 1.60889 1.60992 1.61061 1.61108 1.61138 1.61157 1.61167 1.61169 1.61164 1.61151 1.61125 1.61084 1.61017 1.60914 1.60754 1.60512 1.60148 1.59611 1.58836 1.57741 1.56235 1.54218 1.51591 1.48272 1.44203 1.3937 1.33808 1.2761 1.20924 1.1394 1.06877 0.999594 0.933981 0.87368 0.819965 0.77357 0.734695 0.70308 0.678112 0.658953 0.644663 0.634297 0.626983 0.621965 0.618624 0.616474 0.615153 0.6144 0.614036 0.61394 0.614034 0.614267 0.614604 0.615017 0.615484 0.615984 
