0.859627 0.860057 0.860471 0.86086 0.861217 0.861538 0.86182 0.862062 0.862265 0.862432 0.862566 0.862672 0.862753 0.862815 0.862861 0.862894 0.862918 0.862934 0.862946 0.862953 0.862959 0.862962 0.862964 0.862966 0.862967 0.862968 0.862969 0.86297 0.862971 0.862972 0.862973 0.862975 0.862977 0.86298 0.862983 0.862987 0.862991 0.862996 0.863001 0.863006 0.863012 0.863018 0.863024 0.86303 0.863036 0.863041 0.863046 0.86305 0.863054 0.863056 0.863058 0.863059 0.863058 0.863057 0.863054 0.863051 0.863047 0.863043 0.863037 0.863032 0.863026 0.86302 0.863014 0.863009 0.863003 0.862998 0.862993 0.862989 0.862985 0.862982 0.862979 0.862977 0.862975 0.862973 0.862972 0.862971 0.86297 0.86297 0.862971 0.862972 0.862974 0.862978 0.862985 0.862997 0.863014 0.86304 0.863078 0.863131 0.863204 0.863302 0.863429 0.863591 0.863791 0.864031 0.864314 0.864637 0.864997 0.865389 0.865804 0.866234 
0.860057 0.860486 0.8609 0.861289 0.861647 0.861967 0.862249 0.862491 0.862694 0.862861 0.862995 0.863101 0.863182 0.863244 0.86329 0.863323 0.863347 0.863363 0.863375 0.863383 0.863388 0.863391 0.863393 0.863395 0.863396 0.863397 0.863397 0.863398 0.863399 0.8634 0.863401 0.863402 0.863404 0.863406 0.863409 0.863412 0.863415 0.863419 0.863423 0.863428 0.863433 0.863438 0.863444 0.863449 0.863454 0.863459 0.863463 0.863467 0.86347 0.863472 0.863474 0.863474 0.863474 0.863473 0.863471 0.863468 0.863464 0.86346 0.863456 0.863451 0.863446 0.863441 0.863436 0.863431 0.863426 0.863422 0.863418 0.863414 0.863411 0.863408 0.863406 0.863404 0.863402 0.863401 0.8634 0.863399 0.863399 0.863399 0.863399 0.863401 0.863403 0.863407 0.863415 0.863426 0.863443 0.863469 0.863507 0.86356 0.863633 0.863731 0.863858 0.86402 0.86422 0.864461 0.864743 0.865066 0.865426 0.865818 0.866233 0.866663 
0.860471 0.8609 0.861314 0.861703 0.86206 0.862381 0.862662 0.862904 0.863107 0.863274 0.863408 0.863514 0.863595 0.863657 0.863703 0.863736 0.86376 0.863777 0.863788 0.863796 0.863801 0.863804 0.863807 0.863808 0.863809 0.86381 0.86381 0.863811 0.863812 0.863813 0.863814 0.863816 0.863818 0.86382 0.863823 0.863827 0.863831 0.863835 0.863841 0.863846 0.863853 0.863859 0.863866 0.863872 0.863878 0.863884 0.86389 0.863894 0.863898 0.863901 0.863903 0.863903 0.863903 0.863902 0.863899 0.863895 0.863891 0.863886 0.86388 0.863874 0.863868 0.863861 0.863855 0.863849 0.863843 0.863838 0.863833 0.863829 0.863826 0.863822 0.86382 0.863818 0.863816 0.863814 0.863813 0.863813 0.863812 0.863812 0.863813 0.863814 0.863816 0.863821 0.863828 0.863839 0.863857 0.863883 0.86392 0.863973 0.864047 0.864144 0.864272 0.864434 0.864634 0.864874 0.865156 0.865479 0.865839 0.866231 0.866646 0.867075 
0.86086 0.861289 0.861703 0.862091 0.862448 0.862769 0.863051 0.863292 0.863495 0.863662 0.863796 0.863902 0.863984 0.864046 0.864091 0.864125 0.864148 0.864165 0.864177 0.864184 0.86419 0.864193 0.864195 0.864197 0.864198 0.864199 0.8642 0.8642 0.864202 0.864203 0.864205 0.864207 0.864211 0.864214 0.864219 0.864225 0.864231 0.864239 0.864247 0.864256 0.864266 0.864276 0.864287 0.864297 0.864307 0.864316 0.864324 0.864331 0.864337 0.864342 0.864344 0.864345 0.864344 0.864342 0.864337 0.864332 0.864325 0.864316 0.864307 0.864298 0.864288 0.864278 0.864268 0.864258 0.86425 0.864241 0.864234 0.864228 0.864222 0.864217 0.864213 0.86421 0.864207 0.864205 0.864203 0.864202 0.864201 0.864201 0.864202 0.864203 0.864205 0.864209 0.864217 0.864228 0.864245 0.864271 0.864309 0.864362 0.864435 0.864533 0.864661 0.864823 0.865022 0.865263 0.865545 0.865868 0.866228 0.866619 0.867034 0.867463 
0.861217 0.861647 0.86206 0.862448 0.862805 0.863126 0.863407 0.863649 0.863852 0.864019 0.864153 0.864259 0.864341 0.864403 0.864448 0.864482 0.864506 0.864522 0.864534 0.864542 0.864547 0.86455 0.864553 0.864554 0.864556 0.864557 0.864558 0.86456 0.864562 0.864564 0.864568 0.864572 0.864578 0.864585 0.864593 0.864603 0.864615 0.864628 0.864643 0.864659 0.864676 0.864694 0.864712 0.86473 0.864747 0.864762 0.864777 0.864789 0.864799 0.864806 0.86481 0.864811 0.864809 0.864805 0.864797 0.864787 0.864775 0.86476 0.864744 0.864728 0.86471 0.864693 0.864676 0.864659 0.864644 0.86463 0.864617 0.864606 0.864596 0.864588 0.864581 0.864575 0.864571 0.864567 0.864564 0.864562 0.86456 0.86456 0.86456 0.864561 0.864563 0.864567 0.864574 0.864585 0.864603 0.864629 0.864666 0.86472 0.864793 0.864891 0.865018 0.86518 0.86538 0.86562 0.865903 0.866225 0.866585 0.866976 0.867391 0.86782 
0.861538 0.861967 0.862381 0.862769 0.863126 0.863447 0.863728 0.86397 0.864173 0.864339 0.864474 0.86458 0.864661 0.864723 0.864769 0.864802 0.864826 0.864843 0.864855 0.864862 0.864868 0.864871 0.864874 0.864876 0.864878 0.864879 0.864882 0.864885 0.864888 0.864893 0.8649 0.864908 0.864919 0.864932 0.864947 0.864966 0.864987 0.865011 0.865037 0.865066 0.865096 0.865128 0.865159 0.865191 0.86522 0.865248 0.865272 0.865293 0.86531 0.865322 0.865329 0.865331 0.865327 0.865318 0.865305 0.865287 0.865264 0.865239 0.865211 0.865182 0.865151 0.86512 0.86509 0.865061 0.865034 0.865009 0.864987 0.864967 0.864949 0.864935 0.864922 0.864912 0.864903 0.864897 0.864892 0.864888 0.864885 0.864883 0.864882 0.864883 0.864884 0.864888 0.864895 0.864906 0.864923 0.864949 0.864987 0.86504 0.865114 0.865212 0.865339 0.865501 0.865701 0.865941 0.866223 0.866546 0.866906 0.867297 0.867711 0.868141 
0.86182 0.862249 0.862662 0.863051 0.863407 0.863728 0.864009 0.864251 0.864454 0.864621 0.864755 0.864861 0.864943 0.865005 0.865051 0.865084 0.865108 0.865125 0.865136 0.865144 0.86515 0.865154 0.865157 0.865159 0.865162 0.865165 0.865169 0.865174 0.865182 0.865191 0.865203 0.865219 0.865238 0.865262 0.86529 0.865323 0.865362 0.865404 0.865451 0.865502 0.865555 0.86561 0.865665 0.865719 0.86577 0.865817 0.865859 0.865895 0.865923 0.865943 0.865954 0.865956 0.865949 0.865933 0.865909 0.865877 0.865838 0.865794 0.865746 0.865694 0.865641 0.865587 0.865535 0.865485 0.865437 0.865394 0.865354 0.865319 0.865288 0.865262 0.86524 0.865222 0.865207 0.865195 0.865186 0.865178 0.865173 0.865169 0.865167 0.865167 0.865168 0.865171 0.865177 0.865188 0.865205 0.865231 0.865269 0.865322 0.865395 0.865493 0.865621 0.865783 0.865983 0.866223 0.866505 0.866828 0.867188 0.867579 0.867993 0.868422 
0.862062 0.862491 0.862904 0.863292 0.863649 0.86397 0.864251 0.864493 0.864696 0.864863 0.864997 0.865103 0.865185 0.865246 0.865292 0.865326 0.86535 0.865367 0.865378 0.865387 0.865392 0.865397 0.865401 0.865404 0.865409 0.865414 0.865422 0.865432 0.865445 0.865462 0.865485 0.865513 0.865548 0.865591 0.865641 0.8657 0.865766 0.865841 0.865923 0.86601 0.866101 0.866195 0.866288 0.866379 0.866465 0.866545 0.866615 0.866673 0.86672 0.866752 0.866769 0.866772 0.866759 0.866731 0.866689 0.866634 0.866568 0.866493 0.86641 0.866323 0.866232 0.866141 0.866051 0.865965 0.865884 0.86581 0.865742 0.865681 0.865629 0.865583 0.865545 0.865513 0.865487 0.865466 0.865449 0.865437 0.865427 0.86542 0.865415 0.865413 0.865412 0.865415 0.865421 0.865431 0.865448 0.865474 0.865511 0.865564 0.865638 0.865736 0.865863 0.866025 0.866225 0.866465 0.866747 0.86707 0.86743 0.867821 0.868235 0.868664 
0.862265 0.862694 0.863107 0.863495 0.863852 0.864173 0.864454 0.864696 0.864899 0.865066 0.8652 0.865306 0.865388 0.86545 0.865496 0.865529 0.865553 0.86557 0.865582 0.865591 0.865597 0.865603 0.865608 0.865614 0.865621 0.865631 0.865645 0.865663 0.865687 0.865718 0.865758 0.865809 0.86587 0.865944 0.866031 0.866132 0.866247 0.866373 0.866511 0.866658 0.866811 0.866966 0.867121 0.867271 0.867413 0.867542 0.867656 0.867751 0.867825 0.867876 0.867903 0.867905 0.867882 0.867834 0.867764 0.867673 0.867563 0.867438 0.8673 0.867155 0.867004 0.866853 0.866704 0.866561 0.866426 0.8663 0.866187 0.866085 0.865996 0.865919 0.865854 0.865799 0.865755 0.865718 0.86569 0.865668 0.86565 0.865638 0.865629 0.865623 0.865621 0.865622 0.865626 0.865636 0.865652 0.865678 0.865715 0.865768 0.865841 0.865939 0.866067 0.866228 0.866428 0.866669 0.866951 0.867274 0.867633 0.868024 0.868439 0.868868 
0.862432 0.862861 0.863274 0.863662 0.864019 0.864339 0.864621 0.864863 0.865066 0.865233 0.865367 0.865473 0.865555 0.865617 0.865663 0.865696 0.865721 0.865738 0.86575 0.86576 0.865768 0.865775 0.865783 0.865793 0.865806 0.865824 0.865848 0.86588 0.865922 0.865977 0.866047 0.866133 0.866239 0.866364 0.866512 0.866681 0.866871 0.867081 0.867308 0.867549 0.867797 0.86805 0.868299 0.86854 0.868767 0.868973 0.869153 0.869303 0.869418 0.869497 0.869537 0.869537 0.869498 0.86942 0.869305 0.869156 0.868978 0.868776 0.868554 0.868318 0.868075 0.86783 0.867588 0.867355 0.867135 0.86693 0.866743 0.866576 0.866429 0.866302 0.866194 0.866103 0.866028 0.865967 0.865919 0.865881 0.865852 0.86583 0.865814 0.865803 0.865797 0.865795 0.865798 0.865806 0.865821 0.865846 0.865883 0.865936 0.866009 0.866106 0.866234 0.866396 0.866596 0.866836 0.867118 0.867441 0.867801 0.868191 0.868606 0.869035 
0.862566 0.862995 0.863408 0.863796 0.864153 0.864474 0.864755 0.864997 0.8652 0.865367 0.865501 0.865607 0.865689 0.865751 0.865798 0.865831 0.865856 0.865874 0.865887 0.865898 0.865908 0.865918 0.865931 0.865948 0.865971 0.866002 0.866044 0.8661 0.866173 0.866267 0.866385 0.86653 0.866706 0.866914 0.867156 0.867433 0.867742 0.86808 0.868444 0.868827 0.869222 0.86962 0.870013 0.87039 0.870742 0.871061 0.87134 0.87157 0.871746 0.871865 0.871923 0.871919 0.871853 0.871727 0.871545 0.87131 0.87103 0.87071 0.87036 0.869989 0.869605 0.869218 0.868836 0.868466 0.868116 0.86779 0.867491 0.867223 0.866986 0.866781 0.866605 0.866457 0.866334 0.866235 0.866155 0.866092 0.866043 0.866006 0.865978 0.865959 0.865946 0.86594 0.865939 0.865945 0.865959 0.865983 0.866019 0.866071 0.866144 0.866241 0.866369 0.866531 0.86673 0.866971 0.867253 0.867576 0.867935 0.868326 0.868741 0.86917 
0.862672 0.863101 0.863514 0.863902 0.864259 0.86458 0.864861 0.865103 0.865306 0.865473 0.865607 0.865713 0.865795 0.865858 0.865904 0.865938 0.865963 0.865982 0.865997 0.86601 0.866024 0.86604 0.866061 0.86609 0.866129 0.866182 0.866254 0.866349 0.866471 0.866627 0.866822 0.86706 0.867346 0.867682 0.86807 0.86851 0.868998 0.869531 0.870099 0.870694 0.871304 0.871916 0.872517 0.873092 0.873627 0.874109 0.874528 0.874872 0.875134 0.875308 0.87539 0.875378 0.875273 0.875077 0.874794 0.874433 0.874002 0.873512 0.872975 0.872405 0.871815 0.871218 0.870628 0.870057 0.869513 0.869005 0.868539 0.868119 0.867747 0.867422 0.867143 0.866907 0.866711 0.866551 0.866421 0.866319 0.866239 0.866178 0.866132 0.866099 0.866076 0.866062 0.866057 0.866059 0.86607 0.866092 0.866127 0.866179 0.866251 0.866348 0.866475 0.866637 0.866837 0.867077 0.86736 0.867682 0.868042 0.868433 0.868847 0.869276 
0.862753 0.863182 0.863595 0.863984 0.864341 0.864661 0.864943 0.865185 0.865388 0.865555 0.865689 0.865795 0.865877 0.86594 0.865987 0.866022 0.866048 0.866068 0.866086 0.866104 0.866124 0.866149 0.866184 0.866232 0.866298 0.866387 0.866506 0.866663 0.866864 0.867117 0.867431 0.867811 0.868263 0.868792 0.869398 0.87008 0.870832 0.871647 0.872512 0.873413 0.874332 0.875249 0.876145 0.876998 0.877789 0.8785 0.879113 0.879616 0.879996 0.880244 0.880357 0.880331 0.880168 0.87987 0.879446 0.878904 0.87826 0.877527 0.876724 0.875871 0.874986 0.87409 0.873202 0.872338 0.871515 0.870744 0.870033 0.86939 0.868818 0.868316 0.867884 0.867516 0.86721 0.866958 0.866753 0.86659 0.866463 0.866365 0.86629 0.866236 0.866197 0.866171 0.866157 0.866153 0.86616 0.866179 0.866213 0.866263 0.866334 0.866431 0.866558 0.866719 0.866919 0.86716 0.867442 0.867764 0.868124 0.868515 0.86893 0.869359 
0.862815 0.863244 0.863657 0.864046 0.864403 0.864723 0.865005 0.865246 0.86545 0.865617 0.865751 0.865858 0.86594 0.866003 0.86605 0.866086 0.866114 0.866138 0.86616 0.866185 0.866216 0.866257 0.866314 0.866393 0.866502 0.866648 0.866841 0.867093 0.867414 0.867815 0.868307 0.868899 0.869598 0.870409 0.871331 0.872361 0.873491 0.874707 0.87599 0.877319 0.878667 0.880007 0.88131 0.882545 0.883686 0.884706 0.885582 0.886297 0.886833 0.88718 0.887331 0.887283 0.887037 0.886598 0.885977 0.885188 0.884249 0.883181 0.882011 0.880765 0.879471 0.878158 0.876854 0.875582 0.874364 0.87322 0.872162 0.8712 0.87034 0.869584 0.868928 0.868369 0.867899 0.867511 0.867195 0.866942 0.866743 0.866588 0.86647 0.866383 0.866319 0.866275 0.866248 0.866235 0.866236 0.86625 0.86628 0.866329 0.866399 0.866495 0.866621 0.866782 0.866982 0.867222 0.867504 0.867827 0.868186 0.868577 0.868992 0.869421 
0.862861 0.86329 0.863703 0.864091 0.864448 0.864769 0.865051 0.865292 0.865496 0.865663 0.865798 0.865904 0.865987 0.86605 0.866099 0.866137 0.866168 0.866197 0.866227 0.866263 0.866311 0.866378 0.86647 0.866598 0.866772 0.867006 0.867313 0.867708 0.868208 0.868827 0.86958 0.870479 0.871532 0.872744 0.874113 0.875632 0.877286 0.879055 0.880911 0.882822 0.884752 0.88666 0.888505 0.890249 0.891851 0.893279 0.894501 0.895492 0.896231 0.896704 0.896901 0.896819 0.89646 0.895831 0.894947 0.893825 0.892492 0.890977 0.889314 0.88754 0.885695 0.883818 0.881947 0.880117 0.87836 0.876701 0.875162 0.873757 0.872494 0.871377 0.870405 0.869572 0.868869 0.868284 0.867806 0.867421 0.867116 0.866878 0.866695 0.866558 0.866457 0.866386 0.866339 0.866312 0.866302 0.86631 0.866335 0.86638 0.866448 0.866543 0.866669 0.866829 0.867028 0.867269 0.867551 0.867873 0.868233 0.868624 0.869038 0.869467 
0.862894 0.863323 0.863736 0.864125 0.864482 0.864802 0.865084 0.865326 0.865529 0.865696 0.865831 0.865938 0.866022 0.866086 0.866137 0.866178 0.866214 0.866251 0.866293 0.866349 0.866424 0.86653 0.866677 0.866879 0.867154 0.867518 0.867993 0.868599 0.869358 0.870291 0.871416 0.872748 0.874296 0.876063 0.878046 0.880229 0.882592 0.885102 0.887721 0.890402 0.893094 0.895743 0.898294 0.900693 0.902889 0.904838 0.906499 0.907839 0.908833 0.909462 0.909714 0.909584 0.909076 0.908199 0.906972 0.90542 0.903576 0.901479 0.899174 0.896712 0.894144 0.891525 0.888906 0.886336 0.883858 0.881509 0.87932 0.877312 0.875499 0.873888 0.872477 0.871262 0.870231 0.86937 0.868661 0.868087 0.86763 0.867271 0.866994 0.866785 0.86663 0.866518 0.866441 0.866392 0.866367 0.866364 0.866383 0.866423 0.866488 0.86658 0.866704 0.866864 0.867063 0.867303 0.867584 0.867907 0.868267 0.868657 0.869072 0.869501 
0.862918 0.863347 0.86376 0.864148 0.864506 0.864826 0.865108 0.86535 0.865553 0.865721 0.865856 0.865963 0.866048 0.866114 0.866168 0.866214 0.866259 0.866308 0.86637 0.866454 0.866572 0.866737 0.866966 0.86728 0.867702 0.868257 0.868974 0.869881 0.871007 0.872379 0.87402 0.875946 0.878167 0.880684 0.883485 0.886549 0.889842 0.893318 0.896922 0.900591 0.904256 0.907844 0.911283 0.914503 0.91744 0.920034 0.922237 0.924007 0.925311 0.926128 0.926441 0.926247 0.925549 0.924359 0.922702 0.920609 0.918122 0.915291 0.912176 0.908841 0.905355 0.901787 0.898207 0.89468 0.891265 0.888015 0.884971 0.882165 0.879618 0.877343 0.875341 0.873607 0.872127 0.870883 0.869855 0.869017 0.868345 0.867816 0.867405 0.867091 0.866857 0.866686 0.866566 0.866486 0.866439 0.86642 0.866427 0.86646 0.86652 0.86661 0.866732 0.86689 0.867088 0.867327 0.867609 0.867931 0.868291 0.868682 0.869096 0.869525 
0.862934 0.863363 0.863777 0.864165 0.864522 0.864843 0.865125 0.865367 0.86557 0.865738 0.865874 0.865982 0.866068 0.866138 0.866197 0.866251 0.866308 0.866378 0.86647 0.866597 0.866778 0.867031 0.867381 0.867856 0.868489 0.869316 0.870373 0.871699 0.873331 0.875302 0.877639 0.88036 0.883472 0.886971 0.890836 0.895033 0.899512 0.904211 0.909052 0.913953 0.918821 0.923564 0.928088 0.932306 0.936137 0.939508 0.942359 0.94464 0.946312 0.947347 0.947729 0.947452 0.94652 0.944949 0.942769 0.940017 0.936747 0.933022 0.928913 0.924504 0.919881 0.915135 0.910355 0.905626 0.901028 0.89663 0.89249 0.888654 0.885155 0.88201 0.879228 0.876804 0.874723 0.872964 0.871501 0.870303 0.869337 0.86857 0.867972 0.867512 0.867167 0.866912 0.866729 0.866604 0.866525 0.866483 0.866475 0.866497 0.86655 0.866634 0.866754 0.86691 0.867107 0.867345 0.867626 0.867948 0.868308 0.868699 0.869113 0.869542 
0.862946 0.863375 0.863788 0.864177 0.864534 0.864855 0.865136 0.865378 0.865582 0.86575 0.865887 0.865997 0.866086 0.86616 0.866227 0.866293 0.86637 0.86647 0.866606 0.866798 0.86707 0.867451 0.867973 0.868677 0.869606 0.870808 0.872332 0.874227 0.876539 0.879305 0.882558 0.886313 0.890574 0.895326 0.900535 0.906151 0.912102 0.918304 0.924654 0.931044 0.937358 0.943477 0.949287 0.95468 0.959557 0.963834 0.967437 0.970307 0.9724 0.973684 0.974139 0.973759 0.972549 0.97053 0.967734 0.964208 0.960015 0.95523 0.949942 0.944252 0.938267 0.932099 0.925861 0.919664 0.913609 0.907789 0.902281 0.89715 0.892442 0.888187 0.8844 0.881079 0.878213 0.875776 0.873737 0.872056 0.870693 0.869605 0.86875 0.868091 0.867591 0.86722 0.86695 0.866761 0.866636 0.866562 0.866531 0.866538 0.86658 0.866658 0.866773 0.866926 0.867121 0.867359 0.867639 0.867961 0.86832 0.86871 0.869125 0.869554 
0.862953 0.863383 0.863796 0.864184 0.864542 0.864862 0.865144 0.865387 0.865591 0.86576 0.865898 0.86601 0.866104 0.866185 0.866263 0.866349 0.866454 0.866597 0.866798 0.867084 0.867487 0.868046 0.868809 0.869828 0.871162 0.872872 0.87502 0.877667 0.880868 0.884665 0.889091 0.894158 0.899859 0.906167 0.913029 0.920371 0.928098 0.936094 0.944231 0.95237 0.960366 0.968076 0.975362 0.982095 0.988159 0.993456 0.997903 1.00143 1.00399 1.00555 1.00608 1.00558 1.00405 1.00152 0.998029 0.993622 0.988376 0.982378 0.975734 0.968562 0.960991 0.953159 0.945203 0.937262 0.929463 0.921926 0.914755 0.908034 0.901831 0.896192 0.891141 0.886685 0.882815 0.879504 0.876716 0.874404 0.872518 0.871003 0.869807 0.868878 0.86817 0.867639 0.86725 0.866973 0.866785 0.866665 0.866603 0.866588 0.866615 0.866683 0.866791 0.866941 0.867133 0.867369 0.867648 0.867969 0.868328 0.868719 0.869133 0.869562 
0.862959 0.863388 0.863801 0.86419 0.864547 0.864868 0.86515 0.865392 0.865597 0.865768 0.865908 0.866024 0.866124 0.866216 0.866311 0.866424 0.866572 0.866778 0.86707 0.867487 0.868071 0.868878 0.869968 0.871412 0.873284 0.875664 0.878627 0.882245 0.88658 0.891678 0.897569 0.904255 0.911717 0.919906 0.928744 0.93813 0.947935 0.958014 0.968203 0.978333 0.988228 0.997719 1.00664 1.01485 1.02222 1.02863 1.03399 1.03823 1.04129 1.04314 1.04374 1.04311 1.04124 1.03815 1.03389 1.02852 1.02211 1.01477 1.00662 0.997787 0.98843 0.978706 0.968784 0.958828 0.949 0.939447 0.930304 0.921684 0.913677 0.906352 0.899749 0.893887 0.888763 0.884351 0.880611 0.877492 0.874931 0.872862 0.871219 0.869934 0.868948 0.868205 0.867656 0.86726 0.866985 0.866803 0.866697 0.866652 0.866659 0.866713 0.866812 0.866956 0.867144 0.867378 0.867656 0.867976 0.868334 0.868724 0.869138 0.869567 
0.862962 0.863391 0.863804 0.864193 0.86455 0.864871 0.865154 0.865397 0.865603 0.865775 0.865918 0.86604 0.866149 0.866257 0.866378 0.86653 0.866737 0.867031 0.867451 0.868046 0.868878 0.870016 0.871541 0.873544 0.876118 0.879359 0.883358 0.888199 0.893946 0.900647 0.908321 0.916957 0.926513 0.936914 0.948051 0.959787 0.971959 0.984381 0.996857 1.00918 1.02115 1.03257 1.04326 1.05304 1.06178 1.06936 1.07568 1.08065 1.08423 1.08638 1.08706 1.08628 1.08404 1.08037 1.07531 1.06891 1.06128 1.05251 1.04273 1.03211 1.0208 1.00899 0.996888 0.984675 0.972549 0.960693 0.949274 0.938439 0.928311 0.918982 0.910518 0.902954 0.896297 0.890528 0.885607 0.881475 0.878062 0.875288 0.87307 0.871327 0.86998 0.868958 0.868197 0.867644 0.867253 0.866988 0.866823 0.866736 0.866715 0.866751 0.866837 0.866973 0.867156 0.867386 0.867662 0.867981 0.868339 0.868728 0.869142 0.869571 
0.862964 0.863393 0.863807 0.864195 0.864553 0.864874 0.865157 0.865401 0.865608 0.865783 0.865931 0.866061 0.866184 0.866314 0.86647 0.866677 0.866966 0.867381 0.867973 0.868809 0.869968 0.871541 0.873632 0.876353 0.879818 0.884142 0.88943 0.895773 0.903237 0.911861 0.921651 0.932574 0.944558 0.957492 0.97123 0.985594 1.00038 1.01536 1.0303 1.04497 1.05913 1.07257 1.08508 1.09648 1.10662 1.11538 1.12265 1.12837 1.13246 1.1349 1.13566 1.13473 1.13213 1.12787 1.12199 1.11457 1.10568 1.09544 1.08398 1.07148 1.05812 1.0441 1.02964 1.01498 1.00032 0.985906 0.97193 0.958581 0.946016 0.934364 0.923719 0.914141 0.905654 0.898249 0.89189 0.886517 0.882049 0.878395 0.875456 0.873131 0.871324 0.869943 0.868909 0.86815 0.867608 0.867233 0.86699 0.866849 0.86679 0.8668 0.866869 0.866993 0.86717 0.867395 0.867669 0.867986 0.868342 0.868731 0.869145 0.869573 
0.862966 0.863395 0.863808 0.864197 0.864554 0.864876 0.865159 0.865404 0.865614 0.865793 0.865948 0.86609 0.866232 0.866393 0.866598 0.866879 0.86728 0.867856 0.868677 0.869828 0.871412 0.873544 0.876353 0.879975 0.884547 0.890201 0.897054 0.905199 0.914698 0.925577 0.937817 0.951353 0.966077 0.981835 0.998434 1.01565 1.03324 1.05093 1.06845 1.08553 1.10193 1.11739 1.13171 1.14471 1.15621 1.16612 1.17431 1.18073 1.18531 1.18803 1.18886 1.18779 1.18484 1.18002 1.17336 1.16494 1.15483 1.14314 1.13003 1.11564 1.10019 1.08389 1.06699 1.04973 1.03238 1.0152 0.998429 0.982297 0.967005 0.952723 0.939583 0.927675 0.917049 0.907714 0.899644 0.892778 0.887032 0.882302 0.878473 0.875426 0.873043 0.871212 0.86983 0.868809 0.868071 0.867555 0.867209 0.866996 0.866888 0.866864 0.866911 0.86702 0.867187 0.867406 0.867676 0.867991 0.868346 0.868734 0.869147 0.869575 
0.862967 0.863396 0.863809 0.864198 0.864556 0.864878 0.865162 0.865409 0.865621 0.865806 0.865971 0.866129 0.866298 0.866502 0.866772 0.867154 0.867702 0.868489 0.869606 0.871162 0.873284 0.876118 0.879818 0.884547 0.890464 0.897714 0.906423 0.916681 0.928538 0.941995 0.957 0.973449 0.991185 1.01 1.02966 1.04989 1.07038 1.09084 1.11096 1.13045 1.14903 1.16646 1.18251 1.197 1.20978 1.22073 1.22976 1.23681 1.24184 1.24481 1.2457 1.24451 1.24125 1.23592 1.22856 1.21923 1.20799 1.19495 1.18025 1.16405 1.14656 1.12801 1.10865 1.08875 1.06862 1.04854 1.02879 1.00966 0.991393 0.974206 0.958275 0.943733 0.930663 0.9191 0.909033 0.90041 0.893145 0.887126 0.882223 0.878296 0.875205 0.872816 0.871001 0.869651 0.868667 0.86797 0.867494 0.867189 0.867016 0.866948 0.866965 0.867055 0.867209 0.86742 0.867684 0.867996 0.868349 0.868736 0.869149 0.869577 
0.862968 0.863397 0.86381 0.864199 0.864557 0.864879 0.865165 0.865414 0.865631 0.865824 0.866002 0.866182 0.866387 0.866648 0.867006 0.867518 0.868257 0.869316 0.870808 0.872872 0.875664 0.879359 0.884142 0.890201 0.897714 0.90684 0.917701 0.93038 0.944904 0.961239 0.979291 0.998903 1.01986 1.04191 1.06475 1.08804 1.11146 1.13466 1.15731 1.17909 1.19972 1.21895 1.23656 1.25239 1.26628 1.27813 1.28788 1.29547 1.30087 1.30405 1.305 1.30371 1.30019 1.29445 1.2865 1.27638 1.26417 1.24994 1.23382 1.21597 1.19658 1.17588 1.15415 1.13166 1.10874 1.0857 1.06289 1.04061 1.01918 0.99886 0.979883 0.96243 0.946627 0.932544 0.920196 0.909546 0.900511 0.892976 0.886798 0.88182 0.877877 0.874809 0.872466 0.870709 0.86942 0.868497 0.867857 0.867435 0.86718 0.867056 0.867035 0.8671 0.867237 0.867438 0.867695 0.868003 0.868353 0.868739 0.86915 0.869578 
0.862969 0.863397 0.86381 0.8642 0.864558 0.864882 0.865169 0.865422 0.865645 0.865848 0.866044 0.866254 0.866506 0.866841 0.867313 0.867993 0.868974 0.870373 0.872332 0.87502 0.878627 0.883358 0.88943 0.897054 0.906423 0.917701 0.931006 0.946397 0.963867 0.98334 1.00467 1.02763 1.05195 1.07731 1.10334 1.12968 1.15594 1.18174 1.20674 1.23061 1.25306 1.27386 1.2928 1.30972 1.32451 1.33709 1.34739 1.35539 1.36107 1.36441 1.36541 1.36406 1.36036 1.3543 1.34591 1.33519 1.3222 1.307 1.2897 1.27043 1.24937 1.22674 1.20281 1.17787 1.15226 1.12632 1.10043 1.07495 1.05024 1.02662 1.0044 0.983798 0.965005 0.948133 0.933232 0.920287 0.909232 0.899948 0.892287 0.886073 0.881121 0.877245 0.874265 0.872017 0.870356 0.869156 0.868313 0.867746 0.867389 0.867194 0.867125 0.867157 0.867273 0.86746 0.867709 0.868011 0.868358 0.868742 0.869152 0.869579 
0.86297 0.863398 0.863811 0.8642 0.86456 0.864885 0.865174 0.865432 0.865663 0.86588 0.8661 0.866349 0.866663 0.867093 0.867708 0.868599 0.869881 0.871699 0.874227 0.877667 0.882245 0.888199 0.895773 0.905199 0.916681 0.93038 0.946397 0.964758 0.985413 1.00823 1.03299 1.0594 1.08713 1.11578 1.14494 1.17419 1.20309 1.23127 1.25835 1.28401 1.30799 1.33005 1.35002 1.36776 1.3832 1.39626 1.40694 1.4152 1.42105 1.4245 1.42553 1.42416 1.42036 1.41413 1.40546 1.39435 1.38083 1.36494 1.34674 1.32635 1.30392 1.27965 1.2538 1.22665 1.19854 1.16985 1.14097 1.11232 1.08431 1.05732 1.03171 1.00778 0.98579 0.965893 0.94819 0.932701 0.919379 0.908116 0.89876 0.891122 0.884997 0.880172 0.87644 0.873608 0.8715 0.869965 0.868877 0.868132 0.867649 0.867366 0.867237 0.86723 0.867319 0.867489 0.867727 0.868022 0.868365 0.868746 0.869155 0.869581 
0.862971 0.863399 0.863812 0.864202 0.864562 0.864888 0.865182 0.865445 0.865687 0.865922 0.866173 0.866471 0.866864 0.867414 0.868208 0.869358 0.871007 0.873331 0.876539 0.880868 0.88658 0.893946 0.903237 0.914698 0.928538 0.944904 0.963867 0.985413 1.00943 1.03572 1.06399 1.09388 1.12497 1.1568 1.18891 1.22082 1.25209 1.28232 1.31113 1.33823 1.36336 1.38632 1.40698 1.42523 1.44102 1.45434 1.46518 1.47355 1.47947 1.48296 1.48402 1.48265 1.47885 1.47257 1.46382 1.45255 1.43877 1.42248 1.40373 1.38257 1.35914 1.3336 1.30617 1.27714 1.24683 1.21563 1.18395 1.15226 1.12101 1.09064 1.0616 1.03424 1.00889 0.985782 0.965065 0.946807 0.930991 0.917527 0.906267 0.897016 0.889549 0.883632 0.879027 0.87551 0.872876 0.870944 0.869562 0.868604 0.867969 0.867579 0.867377 0.86732 0.867376 0.867525 0.867749 0.868035 0.868373 0.868751 0.869158 0.869582 
0.862972 0.8634 0.863813 0.864203 0.864564 0.864893 0.865191 0.865462 0.865718 0.865977 0.866267 0.866627 0.867117 0.867815 0.868827 0.870291 0.872379 0.875302 0.879305 0.884665 0.891678 0.900647 0.911861 0.925577 0.941995 0.961239 0.98334 1.00823 1.03572 1.06554 1.09732 1.1306 1.1649 1.19971 1.23449 1.26875 1.30203 1.33391 1.36405 1.39217 1.41804 1.44152 1.4625 1.48092 1.49679 1.5101 1.5209 1.52921 1.53509 1.53856 1.53964 1.53832 1.53459 1.52842 1.51976 1.50857 1.4948 1.47844 1.45948 1.43795 1.41391 1.38751 1.35892 1.3284 1.29626 1.26288 1.22869 1.19418 1.15985 1.12621 1.09375 1.06293 1.03414 1.00769 0.98379 0.962574 0.944063 0.928196 0.914835 0.903786 0.894813 0.887656 0.882054 0.877749 0.874504 0.872109 0.870382 0.869171 0.868355 0.867838 0.867548 0.86743 0.867447 0.867569 0.867776 0.868052 0.868383 0.868757 0.869161 0.869584 
0.862973 0.863401 0.863814 0.864205 0.864568 0.8649 0.865203 0.865485 0.865758 0.866047 0.866385 0.866822 0.867431 0.868307 0.86958 0.871416 0.87402 0.877639 0.882558 0.889091 0.897569 0.908321 0.921651 0.937817 0.957 0.979291 1.00467 1.03299 1.06399 1.09732 1.1325 1.16902 1.2063 1.24378 1.28089 1.31711 1.35196 1.38506 1.41608 1.44478 1.47098 1.49457 1.5155 1.53378 1.54942 1.56249 1.57305 1.58116 1.58689 1.59029 1.59136 1.59013 1.58655 1.58061 1.57222 1.56133 1.54785 1.53173 1.51292 1.4914 1.46718 1.44036 1.41106 1.37949 1.34594 1.31078 1.27444 1.23742 1.20026 1.16352 1.12777 1.09353 1.06129 1.03142 1.00424 0.979918 0.958547 0.940099 0.92446 0.911442 0.900802 0.892264 0.88554 0.880342 0.876401 0.873474 0.871347 0.869843 0.868814 0.868147 0.867752 0.867563 0.867532 0.867623 0.86781 0.868073 0.868395 0.868764 0.869165 0.869587 
0.862975 0.863402 0.863816 0.864207 0.864572 0.864908 0.865219 0.865513 0.865809 0.866133 0.86653 0.86706 0.867811 0.868899 0.870479 0.872748 0.875946 0.88036 0.886313 0.894158 0.904255 0.916957 0.932574 0.951353 0.973449 0.998903 1.02763 1.0594 1.09388 1.1306 1.16902 1.20852 1.24848 1.28827 1.3273 1.36503 1.40101 1.43486 1.4663 1.49513 1.52124 1.54456 1.56511 1.58293 1.59809 1.61069 1.62083 1.62861 1.6341 1.63736 1.63842 1.6373 1.63395 1.62834 1.62038 1.60998 1.59704 1.58145 1.56312 1.54198 1.518 1.49119 1.46163 1.42949 1.39501 1.35852 1.32044 1.28128 1.24161 1.20204 1.16319 1.12566 1.09002 1.05675 1.02622 0.998704 0.974348 0.953176 0.935106 0.919966 0.907513 0.897459 0.889493 0.8833 0.878577 0.875047 0.872466 0.870624 0.869352 0.86851 0.867994 0.867721 0.867634 0.867687 0.86785 0.868097 0.86841 0.868773 0.869171 0.86959 
0.862977 0.863404 0.863818 0.864211 0.864578 0.864919 0.865238 0.865548 0.86587 0.866239 0.866706 0.867346 0.868263 0.869598 0.871532 0.874296 0.878167 0.883472 0.890574 0.899859 0.911717 0.926513 0.944558 0.966077 0.991185 1.01986 1.05195 1.08713 1.12497 1.1649 1.2063 1.24848 1.29075 1.33243 1.37293 1.41171 1.44834 1.48248 1.5139 1.54245 1.56808 1.59079 1.61064 1.62773 1.64219 1.65414 1.66372 1.67104 1.67621 1.67929 1.68033 1.67933 1.67627 1.67108 1.66367 1.65393 1.64173 1.62692 1.60937 1.58895 1.56557 1.53919 1.50983 1.47758 1.44263 1.40528 1.36593 1.32506 1.28326 1.24118 1.19949 1.15887 1.11997 1.08335 1.04949 1.01874 0.991327 0.967326 0.946704 0.929312 0.914917 0.903226 0.893907 0.886621 0.881033 0.876833 0.873741 0.871521 0.869971 0.868931 0.868274 0.867906 0.867753 0.867763 0.867897 0.868126 0.868428 0.868783 0.869177 0.869594 
0.86298 0.863406 0.86382 0.864214 0.864585 0.864932 0.865262 0.865591 0.865944 0.866364 0.866914 0.867682 0.868792 0.870409 0.872744 0.876063 0.880684 0.886971 0.895326 0.906167 0.919906 0.936914 0.957492 0.981835 1.01 1.04191 1.07731 1.11578 1.1568 1.19971 1.24378 1.28827 1.33243 1.37558 1.41709 1.45646 1.49328 1.52727 1.55826 1.58615 1.61096 1.63276 1.65165 1.66781 1.68137 1.69253 1.70143 1.70822 1.713 1.71587 1.71687 1.71601 1.71326 1.70856 1.70179 1.69283 1.68153 1.6677 1.65116 1.63175 1.60931 1.58374 1.55497 1.52306 1.48811 1.45037 1.4102 1.36807 1.32457 1.28035 1.23614 1.19269 1.15072 1.11089 1.07377 1.03981 1.0093 0.982412 0.959151 0.939408 0.922965 0.90953 0.898761 0.890293 0.883763 0.878827 0.875174 0.872532 0.870672 0.869409 0.868595 0.868117 0.86789 0.867851 0.867952 0.86816 0.868449 0.868796 0.869184 0.869598 
0.862983 0.863409 0.863823 0.864219 0.864593 0.864947 0.86529 0.865641 0.866031 0.866512 0.867156 0.86807 0.869398 0.871331 0.874113 0.878046 0.883485 0.890836 0.900535 0.913029 0.928744 0.948051 0.97123 0.998434 1.02966 1.06475 1.10334 1.14494 1.18891 1.23449 1.28089 1.3273 1.37293 1.41709 1.45917 1.49868 1.53528 1.56873 1.59891 1.62583 1.64955 1.67019 1.68794 1.70299 1.71554 1.7258 1.73394 1.74013 1.7445 1.74713 1.74808 1.74736 1.74494 1.74076 1.73469 1.72659 1.71629 1.70358 1.68825 1.67006 1.64883 1.62437 1.59656 1.56537 1.53085 1.49317 1.45265 1.40971 1.36493 1.31898 1.27262 1.22664 1.18185 1.13899 1.09874 1.06163 1.02806 0.998261 0.972314 0.950151 0.931582 0.91632 0.904018 0.894292 0.886751 0.881021 0.876757 0.873654 0.871454 0.869945 0.868956 0.868357 0.868046 0.867951 0.868015 0.868199 0.868472 0.86881 0.869193 0.869603 
0.862987 0.863412 0.863827 0.864225 0.864603 0.864966 0.865323 0.8657 0.866132 0.866681 0.867433 0.86851 0.87008 0.872361 0.875632 0.880229 0.886549 0.895033 0.906151 0.920371 0.93813 0.959787 0.985594 1.01565 1.04989 1.08804 1.12968 1.17419 1.22082 1.26875 1.31711 1.36503 1.41171 1.45646 1.49868 1.53794 1.57394 1.60651 1.63561 1.6613 1.68371 1.70303 1.7195 1.73334 1.74479 1.75409 1.76144 1.767 1.77093 1.7733 1.77419 1.77361 1.77153 1.76787 1.76252 1.75533 1.74609 1.73458 1.72056 1.70376 1.68393 1.66083 1.63427 1.60414 1.57041 1.5332 1.49275 1.44944 1.40382 1.35655 1.30841 1.26024 1.21291 1.16726 1.12405 1.08392 1.04735 1.01467 0.986031 0.961416 0.940669 0.923522 0.909624 0.898578 0.889971 0.883397 0.878479 0.874881 0.872313 0.870535 0.869356 0.868622 0.86822 0.868062 0.868086 0.868243 0.868499 0.868827 0.869203 0.869609 
0.862991 0.863415 0.863831 0.864231 0.864615 0.864987 0.865362 0.865766 0.866247 0.866871 0.867742 0.868998 0.870832 0.873491 0.877286 0.882592 0.889842 0.899512 0.912102 0.928098 0.947935 0.971959 1.00038 1.03324 1.07038 1.11146 1.15594 1.20309 1.25209 1.30203 1.35196 1.40101 1.44834 1.49328 1.53528 1.57394 1.60903 1.64045 1.66824 1.69252 1.71349 1.73139 1.74649 1.75907 1.7694 1.77773 1.78427 1.7892 1.79268 1.7948 1.79562 1.79517 1.7934 1.79026 1.78562 1.77932 1.77116 1.76089 1.74824 1.73292 1.71461 1.69303 1.66794 1.63913 1.60651 1.57011 1.53011 1.48683 1.44077 1.39258 1.34304 1.29304 1.24349 1.19531 1.14935 1.10635 1.0669 1.03142 1.00012 0.973053 0.950111 0.931045 0.915511 0.903102 0.893385 0.885928 0.880322 0.876199 0.873239 0.871176 0.86979 0.868912 0.86841 0.868185 0.868164 0.868292 0.868529 0.868845 0.869214 0.869616 
0.862996 0.863419 0.863835 0.864239 0.864628 0.865011 0.865404 0.865841 0.866373 0.867081 0.86808 0.869531 0.871647 0.874707 0.879055 0.885102 0.893318 0.904211 0.918304 0.936094 0.958014 0.984381 1.01536 1.05093 1.09084 1.13466 1.18174 1.23127 1.28232 1.33391 1.38506 1.43486 1.48248 1.52727 1.56873 1.60651 1.64045 1.67054 1.69686 1.71962 1.73907 1.7555 1.76922 1.78055 1.78976 1.79713 1.80289 1.80721 1.81025 1.81211 1.81287 1.81252 1.81106 1.8084 1.80444 1.799 1.79189 1.78284 1.77156 1.75773 1.74101 1.72106 1.69757 1.67027 1.63899 1.60369 1.56445 1.52154 1.47541 1.42668 1.37612 1.32463 1.27318 1.22276 1.17429 1.12863 1.08645 1.04826 1.01437 0.984895 0.959773 0.938784 0.921597 0.907802 0.896948 0.888581 0.882262 0.877593 0.874223 0.871858 0.870255 0.869224 0.868615 0.868318 0.868248 0.868345 0.868562 0.868865 0.869226 0.869623 
0.863001 0.863423 0.863841 0.864247 0.864643 0.865037 0.865451 0.865923 0.866511 0.867308 0.868444 0.870099 0.872512 0.87599 0.880911 0.887721 0.896922 0.909052 0.924654 0.944231 0.968203 0.996857 1.0303 1.06845 1.11096 1.15731 1.20674 1.25835 1.31113 1.36405 1.41608 1.4663 1.5139 1.55826 1.59891 1.63561 1.66824 1.69686 1.72164 1.74283 1.76074 1.77571 1.78808 1.79819 1.80634 1.8128 1.81781 1.82155 1.82418 1.82581 1.82648 1.82624 1.82504 1.82283 1.81949 1.81486 1.80873 1.80084 1.79089 1.77854 1.7634 1.74511 1.72328 1.69761 1.66783 1.63382 1.5956 1.55336 1.50747 1.45853 1.40729 1.35465 1.30162 1.24925 1.19854 1.15043 1.10569 1.06494 1.02857 0.996762 0.969506 0.94662 0.927789 0.912605 0.900607 0.891317 0.884271 0.879042 0.87525 0.872572 0.870744 0.869552 0.868832 0.868459 0.868339 0.868402 0.868597 0.868886 0.869239 0.869632 
0.863006 0.863428 0.863846 0.864256 0.864659 0.865066 0.865502 0.86601 0.866658 0.867549 0.868827 0.870694 0.873413 0.877319 0.882822 0.890402 0.900591 0.913953 0.931044 0.95237 0.978333 1.00918 1.04497 1.08553 1.13045 1.17909 1.23061 1.28401 1.33823 1.39217 1.44478 1.49513 1.54245 1.58615 1.62583 1.6613 1.69252 1.71962 1.74283 1.76246 1.77887 1.79244 1.80352 1.81248 1.81963 1.82525 1.82957 1.83279 1.83504 1.83644 1.83704 1.83687 1.83591 1.8341 1.83132 1.82742 1.8222 1.81539 1.80668 1.79573 1.78213 1.76546 1.74531 1.72131 1.69312 1.66054 1.62351 1.58215 1.53676 1.4879 1.43627 1.38279 1.32849 1.27445 1.22177 1.17144 1.12437 1.08123 1.04251 1.00847 0.979156 0.954427 0.933987 0.917434 0.904301 0.89409 0.886316 0.880522 0.876302 0.873307 0.871248 0.869893 0.869058 0.868606 0.868433 0.868461 0.868634 0.868909 0.869253 0.86964 
0.863012 0.863433 0.863853 0.864266 0.864676 0.865096 0.865555 0.866101 0.866811 0.867797 0.869222 0.871304 0.874332 0.878667 0.884752 0.893094 0.904256 0.918821 0.937358 0.960366 0.988228 1.02115 1.05913 1.10193 1.14903 1.19972 1.25306 1.30799 1.36336 1.41804 1.47098 1.52124 1.56808 1.61096 1.64955 1.68371 1.71349 1.73907 1.76074 1.77887 1.79386 1.8061 1.816 1.8239 1.83015 1.835 1.83871 1.84144 1.84336 1.84455 1.84508 1.84498 1.84422 1.84274 1.84046 1.8372 1.83279 1.82696 1.81939 1.80974 1.79758 1.78246 1.76395 1.74159 1.71501 1.68393 1.64821 1.60787 1.56319 1.51462 1.46286 1.40882 1.35351 1.29809 1.24369 1.19141 1.14221 1.09687 1.05597 1.01983 0.988566 0.962073 0.940084 0.922205 0.907964 0.896852 0.888359 0.882007 0.877362 0.87405 0.87176 0.870239 0.869288 0.868757 0.86853 0.868523 0.868673 0.868932 0.869267 0.869649 
0.863018 0.863438 0.863859 0.864276 0.864694 0.865128 0.86561 0.866195 0.866966 0.86805 0.86962 0.871916 0.875249 0.880007 0.88666 0.895743 0.907844 0.923564 0.943477 0.968076 0.997719 1.03257 1.07257 1.11739 1.16646 1.21895 1.27386 1.33005 1.38632 1.44152 1.49457 1.54456 1.59079 1.63276 1.67019 1.70303 1.73139 1.7555 1.77571 1.79244 1.8061 1.81714 1.82595 1.83291 1.83835 1.84253 1.84569 1.84801 1.84963 1.85064 1.85111 1.85105 1.85045 1.84927 1.8474 1.84471 1.841 1.83603 1.82948 1.821 1.81016 1.7965 1.77952 1.75875 1.73374 1.70416 1.66978 1.63057 1.5867 1.5386 1.48692 1.43253 1.37648 1.31993 1.26407 1.21007 1.15898 1.11165 1.06875 1.03067 0.99758 0.969429 0.945973 0.926831 0.91153 0.89955 0.890363 0.883468 0.878408 0.874786 0.872268 0.870584 0.869519 0.868908 0.868627 0.868585 0.868711 0.868956 0.869282 0.869658 
0.863024 0.863444 0.863866 0.864287 0.864712 0.865159 0.865665 0.866288 0.867121 0.868299 0.870013 0.872517 0.876145 0.88131 0.888505 0.898294 0.911283 0.928088 0.949287 0.975362 1.00664 1.04326 1.08508 1.13171 1.18251 1.23656 1.2928 1.35002 1.40698 1.4625 1.5155 1.56511 1.61064 1.65165 1.68794 1.7195 1.74649 1.76922 1.78808 1.80352 1.816 1.82595 1.83381 1.83994 1.84467 1.84827 1.85096 1.85292 1.85428 1.85513 1.85554 1.85552 1.85506 1.85411 1.8526 1.85038 1.84727 1.84305 1.83739 1.82995 1.8203 1.80794 1.79238 1.77308 1.74957 1.72143 1.68838 1.65031 1.60734 1.55982 1.50836 1.45381 1.39722 1.33976 1.28269 1.22721 1.17445 1.12536 1.08065 1.04081 1.00605 0.976369 0.95155 0.931229 0.914932 0.902133 0.892288 0.884876 0.87942 0.8755 0.872763 0.870921 0.869744 0.869056 0.868724 0.868646 0.86875 0.86898 0.869296 0.869667 
0.86303 0.863449 0.863872 0.864297 0.86473 0.865191 0.865719 0.866379 0.867271 0.86854 0.87039 0.873092 0.876998 0.882545 0.890249 0.900693 0.914503 0.932306 0.95468 0.982095 1.01485 1.05304 1.09648 1.14471 1.197 1.25239 1.30972 1.36776 1.42523 1.48092 1.53378 1.58293 1.62773 1.66781 1.70299 1.73334 1.75907 1.78055 1.79819 1.81248 1.8239 1.83291 1.83994 1.84536 1.84948 1.85258 1.85488 1.85654 1.85768 1.8584 1.85875 1.85875 1.8584 1.85765 1.85642 1.8546 1.852 1.8484 1.84352 1.83697 1.82835 1.81716 1.80286 1.7849 1.76276 1.73597 1.70418 1.66723 1.62516 1.57828 1.52714 1.47257 1.41561 1.35745 1.29938 1.24265 1.18846 1.13782 1.09151 1.0501 1.01384 0.982775 0.956718 0.935317 0.918106 0.90455 0.894096 0.886203 0.880376 0.876177 0.873234 0.871242 0.86996 0.869199 0.868816 0.868705 0.868787 0.869003 0.869311 0.869676 
0.863036 0.863454 0.863878 0.864307 0.864747 0.86522 0.86577 0.866465 0.867413 0.868767 0.870742 0.873627 0.877789 0.883686 0.891851 0.902889 0.91744 0.936137 0.959557 0.988159 1.02222 1.06178 1.10662 1.15621 1.20978 1.26628 1.32451 1.3832 1.44102 1.49679 1.54942 1.59809 1.64219 1.68137 1.71554 1.74479 1.7694 1.78976 1.80634 1.81963 1.83015 1.83835 1.84467 1.84948 1.8531 1.85579 1.85776 1.85917 1.86013 1.86074 1.86104 1.86106 1.86079 1.8602 1.8592 1.85769 1.85551 1.85244 1.84819 1.84241 1.83467 1.82448 1.81128 1.79451 1.77359 1.74802 1.71739 1.68148 1.64028 1.59404 1.54327 1.48878 1.43158 1.37289 1.314 1.25624 1.20084 1.14887 1.10119 1.0584 1.02083 0.988543 0.961386 0.939023 0.920992 0.906756 0.89575 0.887421 0.881257 0.876802 0.87367 0.871541 0.870162 0.869332 0.868903 0.868761 0.868822 0.869025 0.869324 0.869685 
0.863041 0.863459 0.863884 0.864316 0.864762 0.865248 0.865817 0.866545 0.867542 0.868973 0.871061 0.874109 0.8785 0.884706 0.893279 0.904838 0.920034 0.939508 0.963834 0.993456 1.02863 1.06936 1.11538 1.16612 1.22073 1.27813 1.33709 1.39626 1.45434 1.5101 1.56249 1.61069 1.65414 1.69253 1.7258 1.75409 1.77773 1.79713 1.8128 1.82525 1.835 1.84253 1.84827 1.85258 1.85579 1.85815 1.85985 1.86105 1.86187 1.86239 1.86265 1.86268 1.86248 1.862 1.86119 1.85994 1.85809 1.85544 1.85171 1.84656 1.83956 1.83021 1.81795 1.80218 1.78231 1.7578 1.72819 1.69322 1.65281 1.60717 1.55678 1.50241 1.44508 1.38599 1.32647 1.26787 1.21146 1.15839 1.10956 1.06561 1.02691 0.993579 0.965475 0.942279 0.923537 0.908707 0.897218 0.888505 0.882043 0.877362 0.874062 0.871811 0.870344 0.869453 0.868982 0.868811 0.868854 0.869045 0.869337 0.869693 
