1.81738 1.81768 1.81797 1.81826 1.81853 1.81879 1.81903 1.81926 1.81947 1.81966 1.81984 1.81999 1.82013 1.82026 1.82037 1.82047 1.82056 1.82064 1.82072 1.8208 1.82087 1.82095 1.82103 1.82112 1.82121 1.82131 1.82143 1.82156 1.8217 1.82185 1.82202 1.82221 1.82241 1.82262 1.82284 1.82307 1.82331 1.82355 1.8238 1.82404 1.82429 1.82452 1.82474 1.82495 1.82514 1.82531 1.82546 1.82558 1.82567 1.82573 1.82577 1.82577 1.82574 1.82567 1.82558 1.82547 1.82532 1.82516 1.82497 1.82477 1.82455 1.82432 1.82408 1.82384 1.8236 1.82337 1.82313 1.82291 1.82269 1.82248 1.82229 1.82211 1.82195 1.8218 1.82167 1.82155 1.82145 1.82136 1.8213 1.82124 1.82121 1.82119 1.82119 1.82121 1.82124 1.8213 1.82137 1.82147 1.82158 1.82172 1.82188 1.82206 1.82226 1.82249 1.82273 1.82299 1.82326 1.82354 1.82383 1.82413 
1.81768 1.81798 1.81827 1.81856 1.81883 1.81909 1.81933 1.81956 1.81977 1.81996 1.82013 1.82029 1.82043 1.82055 1.82066 1.82076 1.82085 1.82093 1.82101 1.82109 1.82116 1.82124 1.82132 1.8214 1.8215 1.8216 1.82172 1.82185 1.82199 1.82214 1.82232 1.8225 1.8227 1.82292 1.82314 1.82338 1.82362 1.82387 1.82412 1.82438 1.82462 1.82486 1.82509 1.8253 1.8255 1.82567 1.82582 1.82595 1.82604 1.82611 1.82614 1.82614 1.82611 1.82605 1.82595 1.82583 1.82569 1.82551 1.82532 1.82511 1.82489 1.82466 1.82441 1.82417 1.82392 1.82368 1.82344 1.82321 1.82299 1.82278 1.82259 1.82241 1.82224 1.82209 1.82196 1.82184 1.82174 1.82165 1.82158 1.82153 1.8215 1.82148 1.82148 1.8215 1.82153 1.82159 1.82166 1.82176 1.82188 1.82202 1.82218 1.82236 1.82256 1.82278 1.82302 1.82328 1.82355 1.82384 1.82413 1.82443 
1.81797 1.81827 1.81856 1.81885 1.81912 1.81938 1.81962 1.81985 1.82006 1.82025 1.82043 1.82058 1.82072 1.82085 1.82096 1.82106 1.82115 1.82123 1.82131 1.82139 1.82147 1.82155 1.82164 1.82173 1.82183 1.82195 1.82208 1.82222 1.82238 1.82255 1.82274 1.82295 1.82317 1.82341 1.82366 1.82392 1.8242 1.82447 1.82475 1.82503 1.82531 1.82558 1.82583 1.82607 1.82629 1.82648 1.82665 1.82678 1.82689 1.82696 1.82699 1.82699 1.82696 1.82689 1.82678 1.82665 1.82648 1.82629 1.82608 1.82584 1.82559 1.82533 1.82506 1.82479 1.82452 1.82424 1.82398 1.82372 1.82348 1.82325 1.82303 1.82283 1.82264 1.82248 1.82233 1.8222 1.82209 1.82199 1.82191 1.82186 1.82181 1.82179 1.82179 1.8218 1.82183 1.82189 1.82196 1.82206 1.82217 1.82231 1.82247 1.82265 1.82285 1.82308 1.82332 1.82357 1.82385 1.82413 1.82442 1.82472 
1.81826 1.81856 1.81885 1.81913 1.8194 1.81966 1.81991 1.82014 1.82035 1.82054 1.82071 1.82087 1.82101 1.82114 1.82125 1.82135 1.82145 1.82154 1.82162 1.82171 1.8218 1.82189 1.82199 1.8221 1.82222 1.82236 1.82251 1.82268 1.82287 1.82308 1.8233 1.82355 1.82382 1.82411 1.82441 1.82472 1.82505 1.82538 1.82571 1.82605 1.82637 1.82669 1.82699 1.82728 1.82753 1.82776 1.82796 1.82812 1.82824 1.82832 1.82836 1.82836 1.82832 1.82823 1.8281 1.82794 1.82774 1.82752 1.82726 1.82698 1.82668 1.82637 1.82605 1.82573 1.8254 1.82508 1.82476 1.82445 1.82416 1.82389 1.82363 1.82339 1.82317 1.82297 1.82279 1.82263 1.8225 1.82238 1.82229 1.82221 1.82216 1.82212 1.82211 1.82212 1.82214 1.82219 1.82226 1.82235 1.82246 1.8226 1.82276 1.82294 1.82314 1.82336 1.8236 1.82386 1.82413 1.82441 1.8247 1.825 
1.81853 1.81883 1.81912 1.8194 1.81968 1.81994 1.82018 1.82041 1.82062 1.82081 1.82099 1.82115 1.82129 1.82142 1.82154 1.82165 1.82175 1.82185 1.82194 1.82204 1.82214 1.82226 1.82238 1.82251 1.82266 1.82284 1.82303 1.82324 1.82348 1.82374 1.82403 1.82434 1.82468 1.82504 1.82542 1.82581 1.82622 1.82663 1.82705 1.82746 1.82787 1.82826 1.82863 1.82898 1.8293 1.82958 1.82982 1.83002 1.83016 1.83026 1.83031 1.83031 1.83025 1.83014 1.82998 1.82978 1.82953 1.82925 1.82893 1.82858 1.82821 1.82782 1.82742 1.82702 1.82661 1.82621 1.82581 1.82543 1.82507 1.82472 1.8244 1.8241 1.82382 1.82357 1.82335 1.82315 1.82297 1.82283 1.8227 1.8226 1.82253 1.82248 1.82245 1.82244 1.82246 1.8225 1.82256 1.82264 1.82275 1.82288 1.82304 1.82322 1.82342 1.82364 1.82388 1.82413 1.8244 1.82469 1.82498 1.82527 
1.81879 1.81909 1.81938 1.81966 1.81994 1.8202 1.82044 1.82067 1.82088 1.82108 1.82125 1.82142 1.82156 1.8217 1.82182 1.82194 1.82205 1.82216 1.82227 1.82239 1.82252 1.82266 1.82281 1.82298 1.82318 1.8234 1.82365 1.82392 1.82423 1.82457 1.82495 1.82535 1.82579 1.82625 1.82673 1.82724 1.82776 1.82828 1.82881 1.82934 1.82986 1.83035 1.83083 1.83126 1.83166 1.83202 1.83232 1.83256 1.83275 1.83287 1.83293 1.83292 1.83284 1.8327 1.8325 1.83224 1.83192 1.83156 1.83116 1.83071 1.83024 1.82975 1.82924 1.82872 1.8282 1.82769 1.82719 1.8267 1.82623 1.82579 1.82537 1.82499 1.82463 1.82431 1.82402 1.82376 1.82353 1.82334 1.82317 1.82304 1.82293 1.82285 1.8228 1.82278 1.82278 1.8228 1.82286 1.82293 1.82303 1.82316 1.82331 1.82349 1.82368 1.8239 1.82414 1.82439 1.82466 1.82495 1.82524 1.82553 
1.81903 1.81933 1.81962 1.81991 1.82018 1.82044 1.82069 1.82092 1.82113 1.82133 1.82151 1.82167 1.82183 1.82197 1.8221 1.82223 1.82236 1.82249 1.82262 1.82276 1.82292 1.8231 1.8233 1.82352 1.82378 1.82407 1.82439 1.82476 1.82516 1.82561 1.8261 1.82662 1.82719 1.82779 1.82841 1.82907 1.82974 1.83042 1.8311 1.83177 1.83243 1.83307 1.83367 1.83423 1.83474 1.83518 1.83556 1.83587 1.83611 1.83626 1.83632 1.83631 1.83621 1.83602 1.83576 1.83543 1.83502 1.83456 1.83404 1.83347 1.83287 1.83223 1.83158 1.83092 1.83025 1.82959 1.82894 1.82831 1.82771 1.82713 1.82659 1.82609 1.82563 1.82521 1.82483 1.82449 1.82419 1.82393 1.82371 1.82353 1.82338 1.82326 1.82318 1.82313 1.82311 1.82312 1.82315 1.82322 1.82331 1.82343 1.82357 1.82374 1.82394 1.82415 1.82439 1.82464 1.82491 1.82519 1.82548 1.82578 
1.81926 1.81956 1.81985 1.82014 1.82041 1.82067 1.82092 1.82115 1.82137 1.82157 1.82175 1.82192 1.82208 1.82223 1.82238 1.82252 1.82267 1.82282 1.82299 1.82317 1.82337 1.82359 1.82385 1.82415 1.82448 1.82487 1.82529 1.82577 1.82631 1.82689 1.82753 1.82822 1.82895 1.82973 1.83054 1.83138 1.83225 1.83312 1.834 1.83487 1.83571 1.83652 1.83729 1.838 1.83864 1.83921 1.83969 1.84008 1.84037 1.84056 1.84064 1.84061 1.84048 1.84024 1.83991 1.83948 1.83896 1.83836 1.83769 1.83697 1.83619 1.83538 1.83454 1.83369 1.83283 1.83198 1.83114 1.83033 1.82955 1.82881 1.82811 1.82746 1.82686 1.82631 1.82581 1.82536 1.82497 1.82463 1.82433 1.82408 1.82388 1.82371 1.82359 1.8235 1.82345 1.82344 1.82345 1.8235 1.82358 1.82369 1.82383 1.82399 1.82418 1.82439 1.82462 1.82487 1.82514 1.82542 1.82571 1.82601 
1.81947 1.81977 1.82006 1.82035 1.82062 1.82088 1.82113 1.82137 1.82158 1.82179 1.82198 1.82216 1.82233 1.82249 1.82266 1.82282 1.823 1.82318 1.82338 1.82361 1.82387 1.82417 1.8245 1.82489 1.82533 1.82583 1.82639 1.82702 1.82772 1.82848 1.82931 1.8302 1.83115 1.83216 1.8332 1.83429 1.8354 1.83652 1.83764 1.83874 1.83982 1.84085 1.84182 1.84272 1.84353 1.84425 1.84485 1.84534 1.8457 1.84593 1.84603 1.84599 1.84582 1.84552 1.84509 1.84454 1.84387 1.84311 1.84226 1.84134 1.84035 1.83931 1.83824 1.83715 1.83605 1.83496 1.83389 1.83284 1.83184 1.83088 1.82998 1.82914 1.82836 1.82765 1.827 1.82642 1.8259 1.82545 1.82505 1.82472 1.82444 1.82421 1.82404 1.82391 1.82382 1.82377 1.82376 1.82379 1.82385 1.82395 1.82407 1.82423 1.82441 1.82461 1.82484 1.82509 1.82536 1.82563 1.82592 1.82622 
1.81966 1.81996 1.82025 1.82054 1.82081 1.82108 1.82133 1.82157 1.82179 1.822 1.8222 1.82239 1.82257 1.82276 1.82294 1.82313 1.82334 1.82357 1.82382 1.82412 1.82445 1.82483 1.82527 1.82578 1.82635 1.827 1.82773 1.82855 1.82945 1.83044 1.83151 1.83266 1.83388 1.83517 1.83651 1.83789 1.8393 1.84073 1.84215 1.84354 1.8449 1.8462 1.84742 1.84855 1.84957 1.85046 1.85122 1.85183 1.85228 1.85256 1.85268 1.85263 1.8524 1.85201 1.85147 1.85077 1.84993 1.84897 1.8479 1.84673 1.84547 1.84416 1.8428 1.84142 1.84003 1.83864 1.83727 1.83594 1.83466 1.83344 1.83228 1.8312 1.8302 1.82928 1.82844 1.82769 1.82701 1.82642 1.82591 1.82546 1.82509 1.82478 1.82454 1.82435 1.82421 1.82412 1.82408 1.82408 1.82412 1.8242 1.82431 1.82445 1.82462 1.82482 1.82505 1.82529 1.82555 1.82583 1.82611 1.82641 
1.81984 1.82013 1.82043 1.82071 1.82099 1.82125 1.82151 1.82175 1.82198 1.8222 1.82241 1.82261 1.82282 1.82302 1.82323 1.82346 1.82372 1.824 1.82432 1.82469 1.82512 1.82562 1.82619 1.82684 1.82759 1.82843 1.82937 1.83043 1.83159 1.83285 1.83422 1.83569 1.83724 1.83888 1.84058 1.84233 1.84411 1.8459 1.84768 1.84943 1.85113 1.85275 1.85427 1.85568 1.85694 1.85805 1.85899 1.85974 1.86029 1.86064 1.86077 1.8607 1.86042 1.85993 1.85924 1.85837 1.85732 1.85611 1.85477 1.8533 1.85173 1.85009 1.84838 1.84664 1.84489 1.84314 1.84142 1.83974 1.83811 1.83656 1.8351 1.83372 1.83244 1.83126 1.83019 1.82922 1.82835 1.82759 1.82692 1.82634 1.82585 1.82544 1.82511 1.82484 1.82464 1.8245 1.82442 1.82438 1.82439 1.82445 1.82454 1.82467 1.82483 1.82502 1.82524 1.82548 1.82573 1.82601 1.82629 1.82658 
1.81999 1.82029 1.82058 1.82087 1.82115 1.82142 1.82167 1.82192 1.82216 1.82239 1.82261 1.82283 1.82306 1.8233 1.82355 1.82383 1.82414 1.82449 1.8249 1.82537 1.82592 1.82656 1.82729 1.82813 1.82909 1.83017 1.83138 1.83272 1.8342 1.8358 1.83754 1.83939 1.84135 1.84341 1.84554 1.84773 1.84995 1.85218 1.8544 1.85657 1.85867 1.86068 1.86256 1.86429 1.86584 1.8672 1.86835 1.86926 1.86994 1.87036 1.87052 1.87042 1.87006 1.86945 1.8686 1.86751 1.86622 1.86472 1.86305 1.86124 1.85929 1.85725 1.85513 1.85296 1.85078 1.8486 1.84644 1.84434 1.84231 1.84036 1.83851 1.83678 1.83516 1.83367 1.83231 1.83107 1.82997 1.82899 1.82813 1.82738 1.82675 1.82621 1.82577 1.82541 1.82513 1.82492 1.82478 1.8247 1.82468 1.8247 1.82477 1.82488 1.82503 1.82521 1.82541 1.82565 1.8259 1.82617 1.82645 1.82674 
1.82013 1.82043 1.82072 1.82101 1.82129 1.82156 1.82183 1.82208 1.82233 1.82257 1.82282 1.82306 1.82332 1.82359 1.82389 1.82423 1.82461 1.82506 1.82557 1.82617 1.82687 1.82768 1.82862 1.82969 1.83091 1.83228 1.83381 1.83551 1.83737 1.83939 1.84157 1.84389 1.84633 1.84889 1.85154 1.85425 1.85699 1.85975 1.86247 1.86514 1.86772 1.87017 1.87246 1.87457 1.87646 1.87811 1.8795 1.88061 1.88142 1.88192 1.88211 1.88198 1.88154 1.88078 1.87974 1.87841 1.87682 1.87499 1.87294 1.87071 1.86832 1.86581 1.8632 1.86054 1.85784 1.85515 1.85249 1.84988 1.84735 1.84493 1.84263 1.84046 1.83844 1.83657 1.83486 1.83331 1.83191 1.83067 1.82958 1.82862 1.82781 1.82711 1.82653 1.82606 1.82568 1.82539 1.82519 1.82505 1.82498 1.82497 1.82501 1.82509 1.82522 1.82538 1.82558 1.82581 1.82605 1.82632 1.82659 1.82688 
1.82026 1.82055 1.82085 1.82114 1.82142 1.8217 1.82197 1.82223 1.82249 1.82276 1.82302 1.8233 1.82359 1.82391 1.82428 1.82469 1.82516 1.82572 1.82637 1.82713 1.82801 1.82904 1.83022 1.83158 1.83311 1.83484 1.83676 1.83888 1.8412 1.84372 1.84642 1.84929 1.85231 1.85546 1.85871 1.86204 1.86539 1.86875 1.87207 1.87531 1.87843 1.8814 1.88417 1.88672 1.88899 1.89098 1.89265 1.89397 1.89494 1.89553 1.89575 1.89558 1.89504 1.89412 1.89285 1.89124 1.88931 1.88709 1.88461 1.8819 1.879 1.87595 1.87278 1.86953 1.86624 1.86294 1.85968 1.85648 1.85338 1.8504 1.84756 1.84488 1.84237 1.84005 1.83792 1.83598 1.83424 1.83268 1.8313 1.8301 1.82906 1.82818 1.82743 1.82682 1.82632 1.82593 1.82564 1.82543 1.82531 1.82525 1.82525 1.82531 1.82541 1.82556 1.82574 1.82595 1.82619 1.82645 1.82672 1.82701 
1.82037 1.82066 1.82096 1.82125 1.82154 1.82182 1.8221 1.82238 1.82266 1.82294 1.82323 1.82355 1.82389 1.82428 1.82471 1.82522 1.82581 1.8265 1.82732 1.82827 1.82938 1.83067 1.83215 1.83385 1.83576 1.83791 1.8403 1.84293 1.8458 1.8489 1.85221 1.85573 1.85942 1.86326 1.86721 1.87124 1.87531 1.87936 1.88336 1.88725 1.891 1.89455 1.89787 1.9009 1.90362 1.90598 1.90796 1.90952 1.91066 1.91136 1.91161 1.9114 1.91074 1.90964 1.90811 1.90618 1.90387 1.90121 1.89824 1.89498 1.8915 1.88782 1.884 1.88008 1.87611 1.87212 1.86817 1.86428 1.86051 1.85687 1.8534 1.85012 1.84704 1.84419 1.84156 1.83917 1.83701 1.83507 1.83336 1.83186 1.83055 1.82944 1.82849 1.82771 1.82706 1.82655 1.82616 1.82586 1.82567 1.82555 1.82551 1.82553 1.8256 1.82573 1.82589 1.82609 1.82632 1.82657 1.82684 1.82712 
1.82047 1.82076 1.82106 1.82135 1.82165 1.82194 1.82223 1.82252 1.82282 1.82313 1.82346 1.82383 1.82423 1.82469 1.82522 1.82584 1.82657 1.82743 1.82845 1.82963 1.83102 1.83262 1.83447 1.83656 1.83893 1.84158 1.84452 1.84774 1.85125 1.85503 1.85906 1.86333 1.86779 1.87243 1.87718 1.88202 1.88688 1.89172 1.89649 1.90112 1.90557 1.90978 1.9137 1.91729 1.92049 1.92326 1.92559 1.92743 1.92876 1.92957 1.92985 1.92959 1.9288 1.92749 1.92568 1.92339 1.92065 1.9175 1.91397 1.91011 1.90596 1.90159 1.89703 1.89235 1.8876 1.88282 1.87808 1.87341 1.86886 1.86447 1.86027 1.85629 1.85255 1.84908 1.84587 1.84294 1.84029 1.83791 1.8358 1.83394 1.83232 1.83092 1.82974 1.82875 1.82793 1.82727 1.82675 1.82636 1.82607 1.82589 1.82579 1.82577 1.82581 1.8259 1.82605 1.82623 1.82644 1.82669 1.82695 1.82723 
1.82056 1.82085 1.82115 1.82145 1.82175 1.82205 1.82236 1.82267 1.823 1.82334 1.82372 1.82414 1.82461 1.82516 1.82581 1.82657 1.82747 1.82853 1.82979 1.83126 1.83297 1.83495 1.83721 1.83979 1.84269 1.84593 1.8495 1.85342 1.85766 1.86223 1.86708 1.8722 1.87755 1.88308 1.88874 1.89449 1.90025 1.90598 1.9116 1.91706 1.92228 1.92722 1.93181 1.936 1.93973 1.94297 1.94567 1.9478 1.94934 1.95028 1.95059 1.95028 1.94935 1.94781 1.94568 1.943 1.93978 1.93608 1.93194 1.9274 1.92253 1.91737 1.912 1.90647 1.90084 1.89518 1.88954 1.88398 1.87855 1.8733 1.86827 1.86349 1.85899 1.8548 1.85092 1.84737 1.84415 1.84125 1.83867 1.83639 1.8344 1.83268 1.83121 1.82997 1.82894 1.82811 1.82744 1.82692 1.82654 1.82627 1.8261 1.82602 1.82602 1.82608 1.8262 1.82636 1.82656 1.82679 1.82705 1.82732 
1.82064 1.82093 1.82123 1.82154 1.82185 1.82216 1.82249 1.82282 1.82318 1.82357 1.824 1.82449 1.82506 1.82572 1.8265 1.82743 1.82853 1.82984 1.83138 1.83318 1.83528 1.8377 1.84046 1.84359 1.84711 1.85102 1.85534 1.86004 1.86513 1.87059 1.87638 1.88246 1.8888 1.89534 1.90202 1.90877 1.91554 1.92224 1.9288 1.93516 1.94124 1.94697 1.95229 1.95713 1.96144 1.96517 1.96828 1.97073 1.97249 1.97356 1.9739 1.97353 1.97244 1.97066 1.96819 1.96508 1.96135 1.95705 1.95224 1.94696 1.94129 1.93528 1.929 1.92253 1.91594 1.90929 1.90265 1.8961 1.88969 1.88347 1.8775 1.87181 1.86645 1.86144 1.8568 1.85253 1.84865 1.84515 1.84202 1.83926 1.83683 1.83473 1.83293 1.8314 1.83013 1.82908 1.82824 1.82757 1.82707 1.8267 1.82645 1.82631 1.82625 1.82628 1.82636 1.8265 1.82668 1.8269 1.82714 1.82741 
1.82072 1.82101 1.82131 1.82162 1.82194 1.82227 1.82262 1.82299 1.82338 1.82382 1.82432 1.8249 1.82557 1.82637 1.82732 1.82845 1.82979 1.83138 1.83325 1.83545 1.83799 1.84092 1.84426 1.84803 1.85226 1.85695 1.8621 1.8677 1.87375 1.88021 1.88704 1.8942 1.90164 1.9093 1.91709 1.92496 1.93281 1.94058 1.94817 1.9555 1.9625 1.96908 1.97518 1.98072 1.98565 1.9899 1.99344 1.99623 1.99824 1.99944 1.99982 1.99938 1.99813 1.99608 1.99325 1.98967 1.98539 1.98046 1.97493 1.96886 1.96231 1.95538 1.94812 1.94063 1.93297 1.92524 1.91751 1.90986 1.90235 1.89506 1.88804 1.88134 1.87501 1.86907 1.86356 1.85848 1.85385 1.84967 1.84592 1.84259 1.83966 1.83712 1.83493 1.83307 1.83151 1.83022 1.82916 1.82833 1.82768 1.82719 1.82685 1.82663 1.82651 1.82648 1.82653 1.82664 1.8268 1.827 1.82723 1.82749 
1.8208 1.82109 1.82139 1.82171 1.82204 1.82239 1.82276 1.82317 1.82361 1.82412 1.82469 1.82537 1.82617 1.82713 1.82827 1.82963 1.83126 1.83318 1.83545 1.83809 1.84115 1.84467 1.84867 1.85317 1.8582 1.86377 1.86986 1.87648 1.88359 1.89116 1.89915 1.9075 1.91615 1.92502 1.93403 1.9431 1.95214 1.96105 1.96973 1.97811 1.98608 1.99357 2.00049 2.00677 2.01234 2.01715 2.02115 2.02428 2.02654 2.02788 2.0283 2.02779 2.02636 2.02403 2.02082 2.01676 2.01191 2.0063 2 1.99309 1.98563 1.9777 1.96939 1.9608 1.952 1.9431 1.93418 1.92533 1.91663 1.90815 1.89997 1.89215 1.88474 1.87777 1.87128 1.8653 1.85982 1.85486 1.8504 1.84643 1.84294 1.83989 1.83725 1.835 1.83311 1.83153 1.83024 1.8292 1.82838 1.82775 1.8273 1.82699 1.8268 1.82671 1.82672 1.82679 1.82692 1.8271 1.82732 1.82757 
1.82087 1.82116 1.82147 1.8218 1.82214 1.82252 1.82292 1.82337 1.82387 1.82445 1.82512 1.82592 1.82687 1.82801 1.82938 1.83102 1.83297 1.83528 1.83799 1.84115 1.84481 1.84899 1.85373 1.85906 1.865 1.87154 1.87869 1.88642 1.8947 1.9035 1.91276 1.9224 1.93236 1.94255 1.95287 1.96323 1.97352 1.98364 1.99349 2.00296 2.01196 2.02039 2.02817 2.03521 2.04146 2.04683 2.0513 2.0548 2.0573 2.05879 2.05925 2.05867 2.05706 2.05444 2.05083 2.04628 2.04082 2.03451 2.02742 2.01962 2.0112 2.00223 1.99281 1.98305 1.97304 1.96289 1.95269 1.94254 1.93254 1.92278 1.91334 1.90429 1.89569 1.88758 1.88002 1.87302 1.8666 1.86076 1.85551 1.85082 1.84668 1.84306 1.83992 1.83723 1.83495 1.83304 1.83147 1.8302 1.82919 1.8284 1.82781 1.8274 1.82712 1.82697 1.82692 1.82695 1.82706 1.82721 1.82742 1.82765 
1.82095 1.82124 1.82155 1.82189 1.82226 1.82266 1.8231 1.82359 1.82417 1.82483 1.82562 1.82656 1.82768 1.82904 1.83067 1.83262 1.83495 1.8377 1.84092 1.84467 1.84899 1.85392 1.8595 1.86575 1.87269 1.88032 1.88862 1.89758 1.90714 1.91727 1.92789 1.93893 1.95029 1.96188 1.97359 1.98531 1.99692 2.00831 2.01937 2.02998 2.04003 2.04944 2.05809 2.06592 2.07285 2.07881 2.08374 2.08761 2.09037 2.09201 2.0925 2.09185 2.09006 2.08715 2.08314 2.07808 2.07201 2.06498 2.05708 2.04837 2.03895 2.0289 2.01833 2.00734 1.99606 1.98458 1.97302 1.9615 1.95012 1.93898 1.92818 1.91779 1.9079 1.89855 1.8898 1.88169 1.87423 1.86743 1.86129 1.8558 1.85093 1.84666 1.84295 1.83976 1.83705 1.83477 1.83289 1.83135 1.83011 1.82914 1.8284 1.82786 1.82749 1.82726 1.82715 1.82713 1.8272 1.82733 1.82751 1.82774 
1.82103 1.82132 1.82164 1.82199 1.82238 1.82281 1.8233 1.82385 1.8245 1.82527 1.82619 1.82729 1.82862 1.83022 1.83215 1.83447 1.83721 1.84046 1.84426 1.84867 1.85373 1.8595 1.86601 1.87328 1.88132 1.89013 1.89969 1.90997 1.92092 1.93248 1.94456 1.95708 1.96993 1.98299 1.99616 2.00929 2.02227 2.03497 2.04727 2.05904 2.07017 2.08056 2.09011 2.09872 2.10634 2.11287 2.11828 2.12251 2.12553 2.12731 2.12784 2.12712 2.12514 2.12194 2.11754 2.11197 2.10528 2.09754 2.08882 2.07919 2.06875 2.05759 2.04584 2.03359 2.02098 2.00813 1.99516 1.98219 1.96935 1.95674 1.94449 1.93267 1.92139 1.9107 1.90067 1.89134 1.88274 1.87488 1.86777 1.86139 1.85572 1.85073 1.84639 1.84264 1.83944 1.83674 1.83449 1.83265 1.83116 1.82998 1.82907 1.82839 1.82791 1.82759 1.8274 1.82733 1.82736 1.82746 1.82762 1.82783 
1.82112 1.8214 1.82173 1.8221 1.82251 1.82298 1.82352 1.82415 1.82489 1.82578 1.82684 1.82813 1.82969 1.83158 1.83385 1.83656 1.83979 1.84359 1.84803 1.85317 1.85906 1.86575 1.87328 1.88165 1.89089 1.90098 1.9119 1.92361 1.93603 1.94911 1.96273 1.9768 1.9912 2.0058 2.02047 2.03506 2.04944 2.06347 2.07703 2.08997 2.10218 2.11355 2.12398 2.13337 2.14166 2.14876 2.15463 2.15921 2.16248 2.16441 2.16497 2.16418 2.16204 2.15855 2.15376 2.14769 2.1404 2.13195 2.12241 2.11187 2.10041 2.08815 2.07519 2.06167 2.04771 2.03344 2.019 2.00453 1.99016 1.97602 1.96224 1.94891 1.93615 1.92403 1.91262 1.90199 1.89215 1.88315 1.87497 1.86762 1.86107 1.85529 1.85023 1.84586 1.84212 1.83896 1.83631 1.83413 1.83235 1.83094 1.82983 1.82899 1.82838 1.82795 1.82769 1.82756 1.82753 1.82759 1.82773 1.82792 
1.82121 1.8215 1.82183 1.82222 1.82266 1.82318 1.82378 1.82448 1.82533 1.82635 1.82759 1.82909 1.83091 1.83311 1.83576 1.83893 1.84269 1.84711 1.85226 1.8582 1.865 1.87269 1.88132 1.89089 1.90142 1.91288 1.92525 1.93846 1.95244 1.9671 1.98234 1.99802 2.01402 2.0302 2.04639 2.06247 2.07826 2.09363 2.10843 2.12253 2.1358 2.14814 2.15942 2.16958 2.17851 2.18616 2.19247 2.1974 2.2009 2.20297 2.20357 2.20272 2.2004 2.19665 2.19148 2.18494 2.17707 2.16794 2.15761 2.14616 2.13371 2.12035 2.1062 2.09139 2.07607 2.06037 2.04444 2.02843 2.01249 1.99676 1.98138 1.96647 1.95215 1.93852 1.92565 1.91362 1.90246 1.89222 1.8829 1.87449 1.86698 1.86033 1.85451 1.84946 1.84512 1.84144 1.83834 1.83578 1.83369 1.83201 1.83068 1.82966 1.82891 1.82837 1.82801 1.8278 1.82772 1.82775 1.82785 1.82803 
1.82131 1.8216 1.82195 1.82236 1.82284 1.8234 1.82407 1.82487 1.82583 1.827 1.82843 1.83017 1.83228 1.83484 1.83791 1.84158 1.84593 1.85102 1.85695 1.86377 1.87154 1.88032 1.89013 1.90098 1.91288 1.9258 1.93969 1.95448 1.97008 1.9864 2.00329 2.02063 2.03826 2.05603 2.07377 2.09132 2.10852 2.1252 2.14123 2.15646 2.17076 2.18402 2.19613 2.207 2.21655 2.22472 2.23144 2.23669 2.24042 2.24261 2.24325 2.24234 2.23987 2.23587 2.23036 2.22337 2.21496 2.20517 2.19409 2.18178 2.16836 2.15393 2.13862 2.12255 2.10587 2.08874 2.07131 2.05374 2.0362 2.01884 2.00182 1.98528 1.96934 1.95412 1.93972 1.92621 1.91366 1.9021 1.89155 1.88201 1.87346 1.86588 1.85922 1.85342 1.84843 1.84418 1.8406 1.83762 1.83518 1.8332 1.83164 1.83042 1.8295 1.82883 1.82837 1.82808 1.82794 1.82792 1.82799 1.82815 
1.82143 1.82172 1.82208 1.82251 1.82303 1.82365 1.82439 1.82529 1.82639 1.82773 1.82937 1.83138 1.83381 1.83676 1.8403 1.84452 1.8495 1.85534 1.8621 1.86986 1.87869 1.88862 1.89969 1.9119 1.92525 1.93969 1.95516 1.97159 1.98887 2.00688 2.02546 2.04448 2.06375 2.08311 2.10239 2.12139 2.13996 2.15793 2.17514 2.19145 2.20673 2.22086 2.23374 2.24528 2.2554 2.26404 2.27115 2.27668 2.28062 2.28293 2.2836 2.28264 2.28004 2.27582 2.26999 2.2626 2.25368 2.2433 2.23151 2.2184 2.20407 2.18862 2.17218 2.15488 2.13688 2.11834 2.09942 2.0803 2.06115 2.04215 2.02345 2.00523 1.98763 1.97077 1.95477 1.93972 1.9257 1.91275 1.9009 1.89016 1.88051 1.87193 1.86436 1.85777 1.85207 1.8472 1.84309 1.83966 1.83683 1.83453 1.83269 1.83125 1.83015 1.82934 1.82877 1.82839 1.82818 1.82811 1.82814 1.82827 
1.82156 1.82185 1.82222 1.82268 1.82324 1.82392 1.82476 1.82577 1.82702 1.82855 1.83043 1.83272 1.83551 1.83888 1.84293 1.84774 1.85342 1.86004 1.8677 1.87648 1.88642 1.89758 1.90997 1.92361 1.93846 1.95448 1.97159 1.98971 2.00869 2.02841 2.0487 2.06939 2.0903 2.11123 2.132 2.15243 2.17232 2.19151 2.20984 2.22717 2.24336 2.25829 2.27187 2.28402 2.29465 2.30371 2.31116 2.31696 2.32107 2.32349 2.3242 2.3232 2.32048 2.31607 2.30997 2.30222 2.29286 2.28193 2.26951 2.25566 2.24048 2.22407 2.20657 2.18811 2.16884 2.14893 2.12856 2.10791 2.08716 2.06651 2.04613 2.02621 2.00691 1.98837 1.97073 1.95409 1.93854 1.92414 1.91093 1.89892 1.8881 1.87845 1.86993 1.86248 1.85602 1.85049 1.84581 1.84188 1.83863 1.83598 1.83385 1.83217 1.83088 1.8299 1.8292 1.82873 1.82845 1.82831 1.82831 1.82842 
1.8217 1.82199 1.82238 1.82287 1.82348 1.82423 1.82516 1.82631 1.82772 1.82945 1.83159 1.8342 1.83737 1.8412 1.8458 1.85125 1.85766 1.86513 1.87375 1.88359 1.8947 1.90714 1.92092 1.93603 1.95244 1.97008 1.98887 2.00869 2.0294 2.05084 2.07283 2.09517 2.11768 2.14014 2.16236 2.18414 2.20529 2.22563 2.245 2.26326 2.28027 2.29593 2.31014 2.32281 2.33389 2.34332 2.35107 2.35708 2.36136 2.36387 2.36461 2.36357 2.36077 2.35619 2.34987 2.34182 2.33208 2.32068 2.3077 2.29319 2.27724 2.25997 2.24148 2.22193 2.20146 2.18025 2.15847 2.13633 2.11402 2.09174 2.0697 2.04808 2.02707 2.00683 1.98751 1.96924 1.95211 1.93621 1.92158 1.90825 1.89621 1.88544 1.87591 1.86754 1.86028 1.85405 1.84875 1.84429 1.8406 1.83757 1.83512 1.83318 1.83167 1.83052 1.82969 1.82911 1.82874 1.82854 1.8285 1.82857 
1.82185 1.82214 1.82255 1.82308 1.82374 1.82457 1.82561 1.82689 1.82848 1.83044 1.83285 1.8358 1.83939 1.84372 1.8489 1.85503 1.86223 1.87059 1.88021 1.89116 1.9035 1.91727 1.93248 1.94911 1.9671 1.9864 2.00688 2.02841 2.05084 2.07398 2.09764 2.1216 2.14566 2.16959 2.19319 2.21624 2.23855 2.25995 2.28027 2.29936 2.31711 2.3334 2.34815 2.36128 2.37273 2.38246 2.39044 2.39664 2.40105 2.40364 2.40441 2.40335 2.40048 2.39579 2.38929 2.38099 2.37094 2.35915 2.34569 2.33061 2.314 2.29595 2.27658 2.25602 2.23444 2.212 2.1889 2.16533 2.14151 2.11764 2.09396 2.07065 2.04794 2.02599 2.00498 1.98506 1.96633 1.94889 1.9328 1.9181 1.90479 1.89285 1.88226 1.87294 1.86484 1.85785 1.8519 1.84689 1.84271 1.83927 1.83649 1.83427 1.83253 1.8312 1.83021 1.82951 1.82905 1.82879 1.8287 1.82875 
1.82202 1.82232 1.82274 1.8233 1.82403 1.82495 1.8261 1.82753 1.82931 1.83151 1.83422 1.83754 1.84157 1.84642 1.85221 1.85906 1.86708 1.87638 1.88704 1.89915 1.91276 1.92789 1.94456 1.96273 1.98234 2.00329 2.02546 2.0487 2.07283 2.09764 2.12292 2.14844 2.17398 2.1993 2.22419 2.24842 2.2718 2.29415 2.31531 2.33513 2.35351 2.37033 2.38552 2.39902 2.41077 2.42074 2.4289 2.43524 2.43974 2.44239 2.44319 2.44214 2.43922 2.43444 2.42782 2.41935 2.40906 2.39697 2.38312 2.36757 2.35039 2.33167 2.31152 2.29007 2.26747 2.24391 2.21956 2.19465 2.16938 2.14399 2.11871 2.09376 2.06936 2.04572 2.02303 2.00144 1.98109 1.96209 1.94451 1.9284 1.91379 1.90065 1.88896 1.87865 1.86966 1.86189 1.85526 1.84965 1.84497 1.8411 1.83796 1.83544 1.83345 1.83192 1.83078 1.82995 1.8294 1.82906 1.82892 1.82893 
1.82221 1.8225 1.82295 1.82355 1.82434 1.82535 1.82662 1.82822 1.8302 1.83266 1.83569 1.83939 1.84389 1.84929 1.85573 1.86333 1.8722 1.88246 1.8942 1.9075 1.9224 1.93893 1.95708 1.9768 1.99802 2.02063 2.04448 2.06939 2.09517 2.1216 2.14844 2.17545 2.20239 2.22901 2.25508 2.28038 2.30471 2.3279 2.34978 2.37022 2.38912 2.40637 2.4219 2.43568 2.44765 2.45779 2.46608 2.47251 2.47708 2.47978 2.48061 2.47955 2.47662 2.4718 2.4651 2.45652 2.44607 2.43376 2.41963 2.40371 2.38607 2.36679 2.34598 2.32375 2.30025 2.27566 2.25018 2.22401 2.19739 2.17055 2.14374 2.1172 2.09116 2.06586 2.04149 2.01825 1.99628 1.9757 1.95662 1.9391 1.92315 1.90878 1.89596 1.88463 1.87472 1.86614 1.8588 1.85257 1.84736 1.84304 1.83952 1.83668 1.83444 1.8327 1.83138 1.83043 1.82977 1.82936 1.82916 1.82914 
1.82241 1.8227 1.82317 1.82382 1.82468 1.82579 1.82719 1.82895 1.83115 1.83388 1.83724 1.84135 1.84633 1.85231 1.85942 1.86779 1.87755 1.8888 1.90164 1.91615 1.93236 1.95029 1.96993 1.9912 2.01402 2.03826 2.06375 2.0903 2.11768 2.14566 2.17398 2.20239 2.23062 2.25843 2.28557 2.31183 2.33699 2.3609 2.38338 2.40433 2.42362 2.44119 2.45698 2.47094 2.48305 2.49329 2.50165 2.50814 2.51275 2.51547 2.51632 2.51529 2.51236 2.50754 2.50082 2.49219 2.48166 2.46922 2.45489 2.43871 2.42073 2.40101 2.37965 2.35676 2.33248 2.30699 2.28048 2.25317 2.22529 2.19709 2.16883 2.14076 2.11314 2.08622 2.06022 2.03535 2.01177 1.98963 1.96905 1.95009 1.9328 1.91717 1.9032 1.89083 1.87998 1.87057 1.86249 1.85563 1.84986 1.84508 1.84116 1.83799 1.83548 1.83352 1.83202 1.83093 1.83016 1.82967 1.82941 1.82935 
1.82262 1.82292 1.82341 1.82411 1.82504 1.82625 1.82779 1.82973 1.83216 1.83517 1.83888 1.84341 1.84889 1.85546 1.86326 1.87243 1.88308 1.89534 1.9093 1.92502 1.94255 1.96188 1.98299 2.0058 2.0302 2.05603 2.08311 2.11123 2.14014 2.16959 2.1993 2.22901 2.25843 2.28731 2.3154 2.34249 2.36837 2.39286 2.41583 2.43716 2.45674 2.47453 2.49047 2.50453 2.5167 2.52697 2.53535 2.54185 2.54646 2.5492 2.55007 2.54907 2.54617 2.54139 2.5347 2.52608 2.51553 2.50305 2.48863 2.47229 2.45407 2.43403 2.41224 2.38882 2.36389 2.33762 2.31021 2.28187 2.25284 2.22338 2.19375 2.16424 2.13512 2.10664 2.07905 2.05259 2.02743 2.00375 1.98167 1.96129 1.94265 1.92577 1.91064 1.89721 1.88541 1.87515 1.86631 1.85879 1.85246 1.8472 1.84287 1.83936 1.83657 1.83437 1.8327 1.83145 1.83057 1.83 1.82968 1.82958 
1.82284 1.82314 1.82366 1.82441 1.82542 1.82673 1.82841 1.83054 1.8332 1.83651 1.84058 1.84554 1.85154 1.85871 1.86721 1.87718 1.88874 1.90202 1.91709 1.93403 1.95287 1.97359 1.99616 2.02047 2.04639 2.07377 2.10239 2.132 2.16236 2.19319 2.22419 2.25508 2.28557 2.3154 2.34433 2.37212 2.39858 2.42354 2.44687 2.46847 2.48824 2.50614 2.52213 2.53621 2.54837 2.55861 2.56696 2.57343 2.57802 2.58076 2.58165 2.58068 2.57784 2.57312 2.56651 2.55796 2.54747 2.53502 2.5206 2.5042 2.48586 2.4656 2.44351 2.41967 2.39421 2.36729 2.3391 2.30985 2.27979 2.24918 2.2183 2.18744 2.15689 2.12693 2.09782 2.06982 2.04313 2.01794 1.99439 1.9726 1.95262 1.93449 1.9182 1.90371 1.89095 1.87983 1.87023 1.86205 1.85514 1.84938 1.84464 1.84078 1.83769 1.83527 1.8334 1.832 1.831 1.83034 1.82996 1.82983 
1.82307 1.82338 1.82392 1.82472 1.82581 1.82724 1.82907 1.83138 1.83429 1.83789 1.84233 1.84773 1.85425 1.86204 1.87124 1.88202 1.89449 1.90877 1.92496 1.9431 1.96323 1.98531 2.00929 2.03506 2.06247 2.09132 2.12139 2.15243 2.18414 2.21624 2.24842 2.28038 2.31183 2.34249 2.37212 2.40049 2.42741 2.45272 2.4763 2.49805 2.5179 2.53582 2.55179 2.56581 2.57789 2.58805 2.59631 2.60271 2.60727 2.60999 2.61089 2.60997 2.6072 2.60259 2.59608 2.58766 2.5773 2.56495 2.5506 2.53424 2.51587 2.49551 2.47323 2.4491 2.42323 2.39579 2.36694 2.3369 2.30593 2.27428 2.24226 2.21015 2.17827 2.14691 2.11635 2.08688 2.05871 2.03205 2.00708 1.98391 1.96262 1.94325 1.92581 1.91027 1.89655 1.88457 1.87421 1.86536 1.85787 1.85161 1.84645 1.84224 1.83885 1.83618 1.83412 1.83257 1.83145 1.8307 1.83025 1.83008 
1.82331 1.82362 1.8242 1.82505 1.82622 1.82776 1.82974 1.83225 1.8354 1.8393 1.84411 1.84995 1.85699 1.86539 1.87531 1.88688 1.90025 1.91554 1.93281 1.95214 1.97352 1.99692 2.02227 2.04944 2.07826 2.10852 2.13996 2.17232 2.20529 2.23855 2.2718 2.30471 2.33699 2.36837 2.39858 2.42741 2.45468 2.48023 2.50395 2.52575 2.54559 2.56345 2.57931 2.5932 2.60514 2.61516 2.62331 2.62962 2.63411 2.6368 2.63771 2.63684 2.63416 2.62967 2.62332 2.61507 2.60488 2.5927 2.5785 2.56226 2.54395 2.52359 2.50122 2.47691 2.45076 2.4229 2.39352 2.36282 2.33105 2.29849 2.26543 2.23218 2.19907 2.1664 2.13449 2.10361 2.07403 2.04598 2.01962 1.99511 1.97254 1.95197 1.93341 1.91682 1.90216 1.88933 1.87821 1.86869 1.86063 1.85387 1.84828 1.84371 1.84003 1.83712 1.83486 1.83315 1.83191 1.83106 1.83055 1.83034 
1.82355 1.82387 1.82447 1.82538 1.82663 1.82828 1.83042 1.83312 1.83652 1.84073 1.8459 1.85218 1.85975 1.86875 1.87936 1.89172 1.90598 1.92224 1.94058 1.96105 1.98364 2.00831 2.03497 2.06347 2.09363 2.1252 2.15793 2.19151 2.22563 2.25995 2.29415 2.3279 2.3609 2.39286 2.42354 2.45272 2.48023 2.50591 2.52967 2.55145 2.5712 2.58891 2.6046 2.61831 2.63006 2.63991 2.6479 2.65408 2.65849 2.66114 2.66206 2.66125 2.65867 2.65432 2.64815 2.6401 2.63014 2.61819 2.6042 2.58814 2.56998 2.54971 2.52735 2.50296 2.47662 2.44846 2.41866 2.38742 2.35497 2.32161 2.28763 2.25335 2.21911 2.18524 2.15206 2.11987 2.08896 2.05957 2.0319 2.0061 1.9823 1.96056 1.9409 1.92331 1.90772 1.89405 1.88219 1.87202 1.86338 1.85613 1.85011 1.84519 1.84121 1.83806 1.8356 1.83373 1.83237 1.83143 1.83086 1.8306 
1.8238 1.82412 1.82475 1.82571 1.82705 1.82881 1.8311 1.834 1.83764 1.84215 1.84768 1.8544 1.86247 1.87207 1.88336 1.89649 1.9116 1.9288 1.94817 1.96973 1.99349 2.01937 2.04727 2.07703 2.10843 2.14123 2.17514 2.20984 2.245 2.28027 2.31531 2.34978 2.38338 2.41583 2.44687 2.4763 2.50395 2.52967 2.5534 2.57506 2.59465 2.61216 2.62763 2.6411 2.65263 2.66227 2.67008 2.67612 2.68043 2.68303 2.68396 2.6832 2.68074 2.67654 2.67057 2.66276 2.65305 2.64137 2.62765 2.61184 2.59388 2.57377 2.5515 2.52712 2.50069 2.47234 2.44223 2.41054 2.37754 2.34349 2.3087 2.2735 2.23824 2.20327 2.16892 2.13551 2.10336 2.07271 2.04379 2.01677 1.9918 1.96894 1.94822 1.92965 1.91317 1.89869 1.88611 1.87529 1.86609 1.85836 1.85193 1.84665 1.84239 1.83899 1.83634 1.83432 1.83283 1.8318 1.83116 1.83087 
1.82404 1.82438 1.82503 1.82605 1.82746 1.82934 1.83177 1.83487 1.83874 1.84354 1.84943 1.85657 1.86514 1.87531 1.88725 1.90112 1.91706 1.93516 1.9555 1.97811 2.00296 2.02998 2.05904 2.08997 2.12253 2.15646 2.19145 2.22717 2.26326 2.29936 2.33513 2.37022 2.40433 2.43716 2.46847 2.49805 2.52575 2.55145 2.57506 2.59656 2.61593 2.63319 2.6484 2.6616 2.67287 2.68227 2.68989 2.69577 2.69997 2.70252 2.70345 2.70275 2.7004 2.69638 2.69062 2.68306 2.67363 2.66225 2.64883 2.63331 2.61562 2.59573 2.57362 2.54932 2.52289 2.49443 2.46409 2.43207 2.39861 2.36397 2.32849 2.29248 2.25631 2.22034 2.18492 2.1504 2.11708 2.08526 2.05517 2.02702 2.00093 1.977 1.95529 1.93579 1.91845 1.9032 1.88992 1.87848 1.86874 1.86053 1.8537 1.84809 1.84354 1.83991 1.83707 1.83489 1.83329 1.83217 1.83147 1.83114 
1.82429 1.82462 1.82531 1.82637 1.82787 1.82986 1.83243 1.83571 1.83982 1.8449 1.85113 1.85867 1.86772 1.87843 1.891 1.90557 1.92228 1.94124 1.9625 1.98608 2.01196 2.04003 2.07017 2.10218 2.1358 2.17076 2.20673 2.24336 2.28027 2.31711 2.35351 2.38912 2.42362 2.45674 2.48824 2.5179 2.54559 2.5712 2.59465 2.61593 2.63504 2.65202 2.66693 2.67984 2.69084 2.7 2.7074 2.71311 2.7172 2.71969 2.72062 2.71998 2.71775 2.7139 2.70836 2.70107 2.69194 2.68087 2.66778 2.65258 2.63519 2.61556 2.59367 2.56951 2.54314 2.51465 2.48417 2.4519 2.41807 2.38295 2.34687 2.31015 2.27318 2.23632 2.19993 2.16439 2.13002 2.09712 2.06595 2.03673 2.0096 1.98469 1.96203 1.94165 1.9235 1.90751 1.89357 1.88155 1.87129 1.86264 1.85542 1.84948 1.84466 1.8408 1.83777 1.83545 1.83373 1.83253 1.83177 1.8314 
1.82452 1.82486 1.82558 1.82669 1.82826 1.83035 1.83307 1.83652 1.84085 1.8462 1.85275 1.86068 1.87017 1.8814 1.89455 1.90978 1.92722 1.94697 1.96908 1.99357 2.02039 2.04944 2.08056 2.11355 2.14814 2.18402 2.22086 2.25829 2.29593 2.3334 2.37033 2.40637 2.44119 2.47453 2.50614 2.53582 2.56345 2.58891 2.61216 2.63319 2.65202 2.6687 2.6833 2.69592 2.70663 2.71553 2.72272 2.72826 2.73223 2.73466 2.73559 2.735 2.73289 2.72921 2.7239 2.71688 2.70804 2.6973 2.68455 2.66969 2.65262 2.63328 2.61163 2.58766 2.5614 2.53294 2.50239 2.46995 2.43583 2.40032 2.36373 2.32641 2.28874 2.25108 2.21384 2.17738 2.14205 2.10817 2.07602 2.04581 2.01773 1.9919 1.96837 1.94717 1.92827 1.91159 1.89703 1.88445 1.87371 1.86463 1.85706 1.85081 1.84573 1.84165 1.83845 1.83599 1.83416 1.83288 1.83206 1.83165 
1.82474 1.82509 1.82583 1.82699 1.82863 1.83083 1.83367 1.83729 1.84182 1.84742 1.85427 1.86256 1.87246 1.88417 1.89787 1.9137 1.93181 1.95229 1.97518 2.00049 2.02817 2.05809 2.09011 2.12398 2.15942 2.19613 2.23374 2.27187 2.31014 2.34815 2.38552 2.4219 2.45698 2.49047 2.52213 2.55179 2.57931 2.6046 2.62763 2.6484 2.66693 2.6833 2.6976 2.70991 2.72034 2.72899 2.73596 2.74134 2.74519 2.74757 2.74849 2.74796 2.74596 2.74245 2.73735 2.73058 2.72205 2.71163 2.69922 2.68469 2.66795 2.64892 2.62754 2.60378 2.57767 2.54928 2.51872 2.48616 2.45183 2.416 2.379 2.34116 2.30288 2.26453 2.22653 2.18926 2.15308 2.11832 2.08527 2.05418 2.02523 1.99856 1.97424 1.95229 1.9327 1.91539 1.90025 1.88717 1.87597 1.8665 1.85859 1.85205 1.84673 1.84246 1.83909 1.8365 1.83457 1.8332 1.83233 1.83189 
1.82495 1.8253 1.82607 1.82728 1.82898 1.83126 1.83423 1.838 1.84272 1.84855 1.85568 1.86429 1.87457 1.88672 1.9009 1.91729 1.936 1.95713 1.98072 2.00677 2.03521 2.06592 2.09872 2.13337 2.16958 2.207 2.24528 2.28402 2.32281 2.36128 2.39902 2.43568 2.47094 2.50453 2.53621 2.56581 2.5932 2.61831 2.6411 2.6616 2.67984 2.69592 2.70991 2.72193 2.73209 2.7405 2.74727 2.75249 2.75623 2.75855 2.75946 2.75899 2.75709 2.75373 2.74884 2.74232 2.73407 2.72396 2.71187 2.69767 2.68126 2.66253 2.64142 2.61789 2.59195 2.56365 2.53311 2.50049 2.46601 2.42993 2.39258 2.35431 2.31551 2.27658 2.23792 2.19994 2.16301 2.12747 2.09363 2.06176 2.03203 2.00461 1.97957 1.95696 1.93674 1.91885 1.9032 1.88965 1.87805 1.86822 1.86 1.8532 1.84765 1.8432 1.83968 1.83697 1.83494 1.83351 1.83258 1.83211 
1.82514 1.8255 1.82629 1.82753 1.8293 1.83166 1.83474 1.83864 1.84353 1.84957 1.85694 1.86584 1.87646 1.88899 1.90362 1.92049 1.93973 1.96144 1.98565 2.01234 2.04146 2.07285 2.10634 2.14166 2.17851 2.21655 2.2554 2.29465 2.33389 2.37273 2.41077 2.44765 2.48305 2.5167 2.54837 2.57789 2.60514 2.63006 2.65263 2.67287 2.69084 2.70663 2.72034 2.73209 2.742 2.75019 2.75678 2.76185 2.76549 2.76775 2.76866 2.76823 2.76643 2.76321 2.75851 2.75221 2.74422 2.73439 2.7226 2.70871 2.6926 2.67417 2.65331 2.63001 2.60424 2.57606 2.54557 2.51292 2.47832 2.44206 2.40443 2.36581 2.32658 2.28714 2.24792 2.20933 2.17175 2.13554 2.10102 2.06846 2.03806 2.00998 1.98431 1.9611 1.94033 1.92194 1.90583 1.89187 1.8799 1.86976 1.86126 1.85423 1.84849 1.84387 1.84022 1.8374 1.83529 1.83379 1.83282 1.83232 
1.82531 1.82567 1.82648 1.82776 1.82958 1.83202 1.83518 1.83921 1.84425 1.85046 1.85805 1.8672 1.87811 1.89098 1.90598 1.92326 1.94297 1.96517 1.9899 2.01715 2.04683 2.07881 2.11287 2.14876 2.18616 2.22472 2.26404 2.30371 2.34332 2.38246 2.42074 2.45779 2.49329 2.52697 2.55861 2.58805 2.61516 2.63991 2.66227 2.68227 2.7 2.71553 2.72899 2.7405 2.75019 2.75819 2.76461 2.76955 2.7731 2.77531 2.77622 2.77583 2.77411 2.77102 2.76648 2.76039 2.75262 2.74304 2.73152 2.71791 2.70207 2.68389 2.66328 2.64018 2.61458 2.58652 2.55608 2.52343 2.48876 2.45234 2.4145 2.37559 2.336 2.29616 2.25647 2.21737 2.17925 2.14247 2.10737 2.07422 2.04325 2.01461 1.98841 1.96469 1.94345 1.92463 1.90812 1.8938 1.88152 1.87111 1.86237 1.85513 1.84922 1.84446 1.84069 1.83777 1.83559 1.83403 1.83302 1.8325 
1.82546 1.82582 1.82665 1.82796 1.82982 1.83232 1.83556 1.83969 1.84485 1.85122 1.85899 1.86835 1.8795 1.89265 1.90796 1.92559 1.94567 1.96828 1.99344 2.02115 2.0513 2.08374 2.11828 2.15463 2.19247 2.23144 2.27115 2.31116 2.35107 2.39044 2.4289 2.46608 2.50165 2.53535 2.56696 2.59631 2.62331 2.6479 2.67008 2.68989 2.7074 2.72272 2.73596 2.74727 2.75678 2.76461 2.77089 2.77572 2.7792 2.78137 2.78227 2.78191 2.78027 2.77728 2.77288 2.76695 2.75938 2.75002 2.73872 2.72534 2.70974 2.69178 2.67138 2.64846 2.623 2.59504 2.56466 2.53201 2.49729 2.46077 2.42276 2.38362 2.34375 2.30357 2.26351 2.224 2.18543 2.1482 2.11263 2.079 2.04756 2.01846 1.99182 1.96768 1.94605 1.92687 1.91004 1.89543 1.88288 1.87224 1.8633 1.8559 1.84984 1.84495 1.84109 1.83809 1.83585 1.83424 1.8332 1.83266 
1.82558 1.82595 1.82678 1.82812 1.83002 1.83256 1.83587 1.84008 1.84534 1.85183 1.85974 1.86926 1.88061 1.89397 1.90952 1.92743 1.9478 1.97073 1.99623 2.02428 2.0548 2.08761 2.12251 2.15921 2.1974 2.23669 2.27668 2.31696 2.35708 2.39664 2.43524 2.47251 2.50814 2.54185 2.57343 2.60271 2.62962 2.65408 2.67612 2.69577 2.71311 2.72826 2.74134 2.75249 2.76185 2.76955 2.77572 2.78047 2.78389 2.78603 2.78693 2.7866 2.78501 2.7821 2.77781 2.77201 2.76459 2.7554 2.74428 2.73108 2.71566 2.69788 2.67764 2.65486 2.62952 2.60165 2.57132 2.53867 2.50392 2.46731 2.42917 2.38986 2.34978 2.30935 2.269 2.22917 2.19027 2.15267 2.11674 2.08275 2.05094 2.02148 1.9945 1.97004 1.94811 1.92864 1.91155 1.89671 1.88397 1.87314 1.86405 1.85651 1.85033 1.84536 1.84141 1.83835 1.83605 1.83441 1.83334 1.83278 
1.82567 1.82604 1.82689 1.82824 1.83016 1.83275 1.83611 1.84037 1.8457 1.85228 1.86029 1.86994 1.88142 1.89494 1.91066 1.92876 1.94934 1.97249 1.99824 2.02654 2.0573 2.09037 2.12553 2.16248 2.2009 2.24042 2.28062 2.32107 2.36136 2.40105 2.43974 2.47708 2.51275 2.54646 2.57802 2.60727 2.63411 2.65849 2.68043 2.69997 2.7172 2.73223 2.74519 2.75623 2.76549 2.7731 2.7792 2.78389 2.78726 2.78938 2.79028 2.78997 2.78841 2.78557 2.78135 2.77565 2.76833 2.75926 2.74826 2.73519 2.7199 2.70224 2.68211 2.65943 2.63417 2.60635 2.57605 2.54341 2.50862 2.47196 2.43373 2.39429 2.35406 2.31345 2.2729 2.23285 2.19371 2.15587 2.11967 2.08542 2.05336 2.02365 1.99643 1.97174 1.94959 1.92992 1.91265 1.89765 1.88476 1.8738 1.86459 1.85696 1.8507 1.84565 1.84165 1.83855 1.83621 1.83454 1.83345 1.83288 
1.82573 1.82611 1.82696 1.82832 1.83026 1.83287 1.83626 1.84056 1.84593 1.85256 1.86064 1.87036 1.88192 1.89553 1.91136 1.92957 1.95028 1.97356 1.99944 2.02788 2.05879 2.09201 2.12731 2.16441 2.20297 2.24261 2.28293 2.32349 2.36387 2.40364 2.44239 2.47978 2.51547 2.5492 2.58076 2.60999 2.6368 2.66114 2.68303 2.70252 2.71969 2.73466 2.74757 2.75855 2.76775 2.77531 2.78137 2.78603 2.78938 2.79149 2.79239 2.79208 2.79056 2.78775 2.78357 2.77792 2.77066 2.76165 2.75072 2.73772 2.72249 2.70489 2.68482 2.66218 2.63696 2.60916 2.57887 2.54622 2.51141 2.4747 2.43641 2.3969 2.35658 2.31586 2.27519 2.23501 2.19573 2.15774 2.1214 2.08701 2.05479 2.02494 1.99758 1.97276 1.95048 1.9307 1.91333 1.89823 1.88524 1.87421 1.86494 1.85724 1.85094 1.84584 1.84181 1.83867 1.83632 1.83463 1.83353 1.83295 
