3.05713 3.05735 3.05759 3.05783 3.05807 3.05832 3.05858 3.05884 3.0591 3.05937 3.05966 3.05995 3.06025 3.06058 3.06091 3.06127 3.06166 3.06207 3.06252 3.06299 3.06351 3.06406 3.06465 3.06529 3.06597 3.0667 3.06747 3.06828 3.06913 3.07001 3.07093 3.07188 3.07286 3.07385 3.07485 3.07585 3.07685 3.07783 3.07879 3.07972 3.0806 3.08144 3.08222 3.08293 3.08356 3.08412 3.08459 3.08497 3.08525 3.08543 3.0855 3.08548 3.08536 3.08513 3.08481 3.0844 3.08389 3.08331 3.08264 3.08191 3.08112 3.08027 3.07939 3.07846 3.07751 3.07655 3.07557 3.0746 3.07363 3.07268 3.07175 3.07086 3.06999 3.06917 3.06838 3.06765 3.06697 3.06633 3.06575 3.06523 3.06475 3.06434 3.06397 3.06366 3.0634 3.06319 3.06302 3.0629 3.06282 3.06278 3.06278 3.06281 3.06287 3.06296 3.06308 3.06322 3.06338 3.06356 3.06375 3.06396 
3.05735 3.05758 3.05781 3.05805 3.0583 3.05855 3.0588 3.05906 3.05933 3.0596 3.05988 3.06018 3.06048 3.0608 3.06114 3.06151 3.06189 3.06231 3.06276 3.06324 3.06376 3.06432 3.06492 3.06556 3.06625 3.06699 3.06777 3.06859 3.06945 3.07035 3.07129 3.07225 3.07324 3.07425 3.07527 3.07629 3.0773 3.0783 3.07928 3.08022 3.08112 3.08197 3.08276 3.08349 3.08413 3.0847 3.08518 3.08556 3.08584 3.08603 3.08611 3.08608 3.08596 3.08573 3.0854 3.08498 3.08446 3.08387 3.08319 3.08245 3.08164 3.08078 3.07988 3.07894 3.07797 3.07699 3.076 3.07501 3.07402 3.07306 3.07211 3.0712 3.07032 3.06949 3.06869 3.06795 3.06725 3.06661 3.06602 3.06549 3.06501 3.06459 3.06422 3.0639 3.06364 3.06342 3.06325 3.06313 3.06305 3.06301 3.06301 3.06304 3.0631 3.06319 3.06331 3.06345 3.06361 3.06378 3.06398 3.06418 
3.05759 3.05781 3.05805 3.05829 3.05853 3.05878 3.05904 3.0593 3.05957 3.05985 3.06014 3.06044 3.06075 3.06109 3.06144 3.06181 3.06222 3.06265 3.06311 3.06362 3.06416 3.06475 3.06538 3.06606 3.06678 3.06755 3.06837 3.06924 3.07015 3.07109 3.07208 3.0731 3.07414 3.07519 3.07626 3.07734 3.0784 3.07945 3.08048 3.08147 3.08242 3.08331 3.08414 3.0849 3.08558 3.08618 3.08668 3.08708 3.08737 3.08757 3.08765 3.08762 3.08749 3.08724 3.0869 3.08645 3.08591 3.08528 3.08457 3.08379 3.08294 3.08204 3.08108 3.0801 3.07908 3.07804 3.077 3.07596 3.07493 3.07391 3.07292 3.07196 3.07103 3.07015 3.06931 3.06853 3.06779 3.06712 3.0665 3.06593 3.06543 3.06498 3.06459 3.06425 3.06397 3.06374 3.06356 3.06342 3.06333 3.06328 3.06327 3.06329 3.06335 3.06344 3.06355 3.06369 3.06384 3.06402 3.06421 3.06442 
3.05783 3.05805 3.05829 3.05853 3.05878 3.05903 3.05929 3.05956 3.05984 3.06013 3.06043 3.06074 3.06107 3.06142 3.0618 3.0622 3.06263 3.06309 3.06359 3.06414 3.06473 3.06536 3.06604 3.06678 3.06757 3.0684 3.06929 3.07023 3.07122 3.07225 3.07332 3.07442 3.07555 3.0767 3.07786 3.07902 3.08017 3.08131 3.08242 3.08349 3.08451 3.08548 3.08637 3.08719 3.08793 3.08857 3.0891 3.08953 3.08985 3.09006 3.09014 3.09011 3.08997 3.0897 3.08933 3.08884 3.08826 3.08757 3.0868 3.08596 3.08504 3.08406 3.08302 3.08195 3.08085 3.07973 3.0786 3.07747 3.07635 3.07525 3.07417 3.07313 3.07212 3.07116 3.07025 3.0694 3.0686 3.06786 3.06718 3.06657 3.06602 3.06552 3.06509 3.06472 3.0644 3.06414 3.06393 3.06378 3.06366 3.0636 3.06357 3.06358 3.06363 3.06371 3.06381 3.06394 3.06409 3.06427 3.06445 3.06466 
3.05807 3.0583 3.05853 3.05878 3.05903 3.05929 3.05956 3.05984 3.06013 3.06043 3.06075 3.06108 3.06144 3.06182 3.06222 3.06266 3.06313 3.06365 3.0642 3.0648 3.06545 3.06616 3.06692 3.06774 3.06862 3.06955 3.07054 3.07159 3.07269 3.07383 3.07502 3.07625 3.0775 3.07878 3.08006 3.08135 3.08263 3.08389 3.08512 3.0863 3.08743 3.0885 3.08949 3.09039 3.0912 3.0919 3.09249 3.09296 3.09331 3.09354 3.09363 3.09359 3.09342 3.09313 3.09271 3.09217 3.09152 3.09077 3.08991 3.08897 3.08795 3.08687 3.08572 3.08454 3.08331 3.08207 3.08082 3.07956 3.07832 3.07709 3.07589 3.07473 3.07361 3.07254 3.07153 3.07057 3.06968 3.06885 3.06809 3.0674 3.06678 3.06622 3.06573 3.0653 3.06494 3.06463 3.06439 3.06419 3.06405 3.06396 3.06391 3.0639 3.06393 3.064 3.06409 3.06421 3.06435 3.06452 3.0647 3.0649 
3.05832 3.05855 3.05878 3.05903 3.05929 3.05956 3.05984 3.06014 3.06044 3.06076 3.06111 3.06147 3.06186 3.06227 3.06272 3.06321 3.06374 3.06431 3.06494 3.06562 3.06636 3.06716 3.06802 3.06895 3.06995 3.07101 3.07214 3.07332 3.07457 3.07587 3.07722 3.0786 3.08002 3.08146 3.08291 3.08437 3.08581 3.08723 3.08861 3.08994 3.09121 3.09241 3.09352 3.09453 3.09543 3.09622 3.09688 3.09741 3.09779 3.09804 3.09814 3.09809 3.0979 3.09757 3.0971 3.09649 3.09575 3.0949 3.09394 3.09288 3.09173 3.0905 3.08921 3.08787 3.0865 3.08509 3.08367 3.08226 3.08085 3.07946 3.0781 3.07679 3.07552 3.0743 3.07315 3.07206 3.07105 3.0701 3.06923 3.06844 3.06772 3.06707 3.0665 3.06601 3.06558 3.06522 3.06492 3.06468 3.0645 3.06437 3.06429 3.06426 3.06426 3.06431 3.06438 3.06449 3.06462 3.06478 3.06496 3.06516 
3.05858 3.0588 3.05904 3.05929 3.05956 3.05984 3.06014 3.06045 3.06078 3.06113 3.0615 3.0619 3.06233 3.06279 3.0633 3.06385 3.06445 3.06511 3.06583 3.06661 3.06745 3.06837 3.06937 3.07044 3.07158 3.0728 3.0741 3.07546 3.07689 3.07839 3.07993 3.08152 3.08314 3.08479 3.08645 3.08811 3.08975 3.09137 3.09294 3.09445 3.0959 3.09726 3.09851 3.09966 3.10068 3.10157 3.10232 3.10291 3.10335 3.10362 3.10373 3.10367 3.10345 3.10307 3.10252 3.10183 3.10099 3.10002 3.09892 3.09771 3.0964 3.09501 3.09354 3.09201 3.09043 3.08883 3.08721 3.08559 3.08398 3.08239 3.08084 3.07933 3.07787 3.07647 3.07515 3.07389 3.07272 3.07163 3.07062 3.06969 3.06886 3.0681 3.06743 3.06684 3.06633 3.0659 3.06553 3.06524 3.065 3.06483 3.06471 3.06464 3.06462 3.06464 3.0647 3.06479 3.06491 3.06505 3.06522 3.06541 
3.05884 3.05906 3.0593 3.05956 3.05984 3.06014 3.06045 3.06078 3.06114 3.06152 3.06193 3.06237 3.06286 3.06338 3.06396 3.06459 3.06528 3.06604 3.06687 3.06777 3.06875 3.06982 3.07097 3.07221 3.07354 3.07496 3.07646 3.07804 3.07969 3.08142 3.0832 3.08503 3.0869 3.0888 3.09071 3.09261 3.0945 3.09635 3.09815 3.09989 3.10154 3.10309 3.10453 3.10583 3.107 3.10801 3.10885 3.10953 3.11002 3.11033 3.11045 3.11038 3.11012 3.10967 3.10905 3.10825 3.10729 3.10618 3.10492 3.10353 3.10203 3.10042 3.09874 3.09698 3.09517 3.09333 3.09147 3.0896 3.08775 3.08592 3.08412 3.08238 3.08069 3.07908 3.07754 3.07608 3.07472 3.07345 3.07227 3.07119 3.0702 3.06932 3.06852 3.06782 3.06721 3.06668 3.06624 3.06587 3.06557 3.06534 3.06518 3.06507 3.06501 3.065 3.06503 3.0651 3.0652 3.06533 3.06549 3.06568 
3.0591 3.05933 3.05957 3.05984 3.06013 3.06044 3.06078 3.06114 3.06153 3.06195 3.06241 3.06291 3.06345 3.06406 3.06472 3.06544 3.06624 3.06712 3.06808 3.06913 3.07027 3.07152 3.07286 3.07431 3.07585 3.0775 3.07924 3.08108 3.083 3.085 3.08707 3.08919 3.09135 3.09354 3.09574 3.09794 3.10011 3.10224 3.10431 3.1063 3.10819 3.10997 3.11161 3.11311 3.11444 3.11559 3.11655 3.11732 3.11788 3.11822 3.11835 3.11827 3.11796 3.11745 3.11673 3.11581 3.11471 3.11342 3.11198 3.11038 3.10865 3.10681 3.10487 3.10285 3.10076 3.09864 3.09649 3.09434 3.09219 3.09007 3.088 3.08598 3.08402 3.08215 3.08036 3.07866 3.07707 3.07558 3.0742 3.07294 3.07178 3.07073 3.06979 3.06896 3.06822 3.06759 3.06704 3.06659 3.06622 3.06592 3.06569 3.06553 3.06543 3.06538 3.06538 3.06542 3.06551 3.06562 3.06577 3.06595 
3.05937 3.0596 3.05985 3.06013 3.06043 3.06076 3.06113 3.06152 3.06195 3.06242 3.06293 3.0635 3.06412 3.06481 3.06557 3.06641 3.06734 3.06836 3.06948 3.0707 3.07204 3.07349 3.07506 3.07674 3.07854 3.08046 3.08249 3.08462 3.08686 3.08917 3.09157 3.09402 3.09653 3.09906 3.1016 3.10413 3.10663 3.10908 3.11146 3.11374 3.11591 3.11795 3.11983 3.12154 3.12306 3.12437 3.12547 3.12634 3.12697 3.12736 3.12751 3.1274 3.12705 3.12646 3.12563 3.12457 3.1233 3.12182 3.12016 3.11832 3.11634 3.11421 3.11198 3.10965 3.10725 3.1048 3.10232 3.09983 3.09735 3.0949 3.0925 3.09016 3.08789 3.08571 3.08363 3.08166 3.0798 3.07806 3.07645 3.07496 3.0736 3.07236 3.07125 3.07026 3.06938 3.06862 3.06796 3.0674 3.06694 3.06656 3.06626 3.06604 3.06589 3.06579 3.06576 3.06577 3.06583 3.06593 3.06606 3.06623 
3.05966 3.05988 3.06014 3.06043 3.06075 3.06111 3.0615 3.06193 3.06241 3.06293 3.06351 3.06416 3.06487 3.06567 3.06655 3.06752 3.0686 3.06978 3.07109 3.07251 3.07407 3.07576 3.07759 3.07955 3.08165 3.08388 3.08623 3.08871 3.0913 3.09398 3.09675 3.09959 3.10248 3.1054 3.10832 3.11123 3.11411 3.11692 3.11965 3.12227 3.12475 3.12708 3.12923 3.13118 3.13292 3.13442 3.13567 3.13666 3.13737 3.13781 3.13797 3.13784 3.13744 3.13675 3.1358 3.13458 3.13312 3.13143 3.12952 3.12741 3.12513 3.12269 3.12012 3.11745 3.11469 3.11187 3.10901 3.10614 3.10328 3.10046 3.09768 3.09497 3.09234 3.08981 3.0874 3.0851 3.08294 3.08091 3.07902 3.07728 3.07568 3.07423 3.07292 3.07174 3.0707 3.06978 3.06899 3.06831 3.06774 3.06727 3.06689 3.0666 3.06638 3.06624 3.06616 3.06614 3.06617 3.06624 3.06636 3.06652 
3.05995 3.06018 3.06044 3.06074 3.06108 3.06147 3.0619 3.06237 3.06291 3.0635 3.06416 3.0649 3.06572 3.06663 3.06765 3.06877 3.07002 3.0714 3.07292 3.07458 3.07639 3.07835 3.08048 3.08276 3.08519 3.08778 3.09051 3.09338 3.09637 3.09947 3.10267 3.10594 3.10926 3.11261 3.11597 3.11932 3.12261 3.12583 3.12895 3.13194 3.13478 3.13743 3.13988 3.14211 3.14408 3.14578 3.1472 3.14832 3.14913 3.14962 3.1498 3.14965 3.14918 3.14839 3.1473 3.14591 3.14423 3.1423 3.14011 3.1377 3.13509 3.1323 3.12936 3.12629 3.12313 3.11989 3.11661 3.11331 3.11002 3.10677 3.10356 3.10044 3.0974 3.09448 3.09168 3.08902 3.08651 3.08415 3.08196 3.07992 3.07806 3.07635 3.07481 3.07342 3.07219 3.0711 3.07015 3.06934 3.06864 3.06806 3.06759 3.06722 3.06693 3.06672 3.06659 3.06653 3.06652 3.06657 3.06667 3.06682 
3.06025 3.06048 3.06075 3.06107 3.06144 3.06186 3.06233 3.06286 3.06345 3.06412 3.06487 3.06572 3.06666 3.06771 3.06888 3.07019 3.07164 3.07323 3.07499 3.07692 3.07902 3.0813 3.08376 3.0864 3.08922 3.09221 3.09536 3.09866 3.10211 3.10568 3.10935 3.1131 3.11691 3.12075 3.1246 3.12842 3.13218 3.13585 3.1394 3.14281 3.14603 3.14905 3.15183 3.15435 3.15658 3.15851 3.16012 3.16138 3.16229 3.16285 3.16304 3.16286 3.16232 3.16142 3.16017 3.15859 3.15668 3.15448 3.15199 3.14924 3.14627 3.14309 3.13973 3.13623 3.13261 3.12892 3.12516 3.12139 3.11762 3.11388 3.11021 3.10661 3.10312 3.09975 3.09653 3.09346 3.09055 3.08782 3.08528 3.08291 3.08074 3.07875 3.07694 3.07532 3.07387 3.07258 3.07146 3.07048 3.06965 3.06894 3.06836 3.06789 3.06752 3.06725 3.06706 3.06695 3.0669 3.06692 3.067 3.06713 
3.06058 3.0608 3.06109 3.06142 3.06182 3.06227 3.06279 3.06338 3.06406 3.06481 3.06567 3.06663 3.06771 3.06892 3.07027 3.07178 3.07345 3.0753 3.07734 3.07956 3.08199 3.08462 3.08746 3.0905 3.09375 3.09719 3.10081 3.10461 3.10856 3.11265 3.11685 3.12113 3.12548 3.12986 3.13424 3.13858 3.14286 3.14703 3.15106 3.15491 3.15856 3.16198 3.16512 3.16796 3.17048 3.17265 3.17446 3.17588 3.1769 3.17752 3.17773 3.17752 3.1769 3.17588 3.17447 3.17267 3.17051 3.16801 3.16519 3.16208 3.1587 3.15509 3.15128 3.1473 3.14319 3.13898 3.13471 3.13041 3.12611 3.12184 3.11764 3.11353 3.10953 3.10567 3.10196 3.09843 3.09509 3.09194 3.089 3.08627 3.08375 3.08144 3.07934 3.07744 3.07575 3.07424 3.07291 3.07176 3.07076 3.06992 3.06921 3.06864 3.06818 3.06782 3.06757 3.0674 3.06731 3.06729 3.06735 3.06746 
3.06091 3.06114 3.06144 3.0618 3.06222 3.06272 3.0633 3.06396 3.06472 3.06557 3.06655 3.06765 3.06888 3.07027 3.07183 3.07356 3.07549 3.07762 3.07996 3.08253 3.08532 3.08835 3.09161 3.0951 3.09882 3.10276 3.1069 3.11124 3.11575 3.12041 3.12519 3.13007 3.13501 3.13997 3.14494 3.14985 3.15468 3.15939 3.16394 3.16829 3.1724 3.17624 3.17978 3.18297 3.1858 3.18823 3.19026 3.19185 3.19299 3.19368 3.1939 3.19366 3.19296 3.19181 3.19021 3.18818 3.18575 3.18293 3.17975 3.17624 3.17243 3.16835 3.16404 3.15955 3.1549 3.15013 3.14529 3.14041 3.13553 3.13068 3.1259 3.12122 3.11666 3.11225 3.10802 3.10398 3.10015 3.09654 3.09316 3.09002 3.08711 3.08445 3.08202 3.07982 3.07784 3.07609 3.07453 3.07318 3.072 3.071 3.07015 3.06945 3.06889 3.06845 3.06811 3.06788 3.06775 3.06769 3.06771 3.06781 
3.06127 3.06151 3.06181 3.0622 3.06266 3.06321 3.06385 3.06459 3.06544 3.06641 3.06752 3.06877 3.07019 3.07178 3.07356 3.07555 3.07776 3.08021 3.08289 3.08583 3.08903 3.0925 3.09622 3.10021 3.10446 3.10895 3.11366 3.1186 3.12372 3.129 3.13442 3.13993 3.14551 3.15112 3.15672 3.16225 3.16769 3.17298 3.17809 3.18297 3.18757 3.19187 3.19582 3.19939 3.20255 3.20527 3.20753 3.2093 3.21057 3.21133 3.21157 3.2113 3.21051 3.20921 3.20742 3.20514 3.20241 3.19925 3.19568 3.19174 3.18746 3.18289 3.17805 3.17299 3.16776 3.16239 3.15693 3.15142 3.14591 3.14043 3.13502 3.12971 3.12454 3.11954 3.11472 3.11013 3.10576 3.10164 3.09778 3.09418 3.09085 3.08779 3.08499 3.08246 3.08018 3.07814 3.07633 3.07475 3.07337 3.07219 3.07119 3.07035 3.06967 3.06913 3.06871 3.06841 3.06821 3.06812 3.06811 3.06818 
3.06166 3.06189 3.06222 3.06263 3.06313 3.06374 3.06445 3.06528 3.06624 3.06734 3.0686 3.07002 3.07164 3.07345 3.07549 3.07776 3.08029 3.08308 3.08615 3.0895 3.09315 3.09709 3.10133 3.10587 3.11069 3.11577 3.12112 3.1267 3.13248 3.13844 3.14455 3.15076 3.15703 3.16333 3.1696 3.1758 3.18189 3.1878 3.19351 3.19895 3.20409 3.20887 3.21327 3.21724 3.22075 3.22377 3.22627 3.22823 3.22963 3.23047 3.23073 3.23042 3.22954 3.22809 3.22609 3.22355 3.22051 3.21698 3.213 3.2086 3.20383 3.19871 3.1933 3.18765 3.18179 3.17577 3.16965 3.16347 3.15727 3.1511 3.14501 3.13903 3.13319 3.12754 3.1221 3.11689 3.11194 3.10726 3.10287 3.09877 3.09498 3.09148 3.08828 3.08537 3.08275 3.0804 3.07832 3.07649 3.07489 3.07351 3.07233 3.07134 3.07053 3.06987 3.06936 3.06898 3.06872 3.06857 3.06853 3.06858 
3.06207 3.06231 3.06265 3.06309 3.06365 3.06431 3.06511 3.06604 3.06712 3.06836 3.06978 3.0714 3.07323 3.0753 3.07762 3.08021 3.08308 3.08625 3.08974 3.09355 3.09769 3.10216 3.10696 3.11208 3.11752 3.12327 3.12929 3.13556 3.14206 3.14875 3.1556 3.16255 3.16956 3.1766 3.1836 3.19051 3.19728 3.20386 3.2102 3.21624 3.22193 3.22723 3.2321 3.23649 3.24037 3.2437 3.24646 3.24862 3.25017 3.25109 3.25137 3.25102 3.25003 3.24842 3.2462 3.24339 3.24002 3.23611 3.23169 3.22681 3.22151 3.21582 3.20981 3.20351 3.19699 3.19028 3.18345 3.17655 3.16962 3.16272 3.1559 3.14919 3.14264 3.13629 3.13016 3.12429 3.11871 3.11342 3.10846 3.10382 3.09951 3.09553 3.09189 3.08858 3.08558 3.0829 3.08051 3.0784 3.07655 3.07495 3.07358 3.07242 3.07146 3.07068 3.07006 3.06959 3.06927 3.06906 3.06898 3.069 
3.06252 3.06276 3.06311 3.06359 3.0642 3.06494 3.06583 3.06687 3.06808 3.06948 3.07109 3.07292 3.07499 3.07734 3.07996 3.08289 3.08615 3.08974 3.09368 3.09799 3.10266 3.1077 3.1131 3.11887 3.12499 3.13143 3.13818 3.1452 3.15247 3.15994 3.16757 3.17531 3.18312 3.19093 3.1987 3.20636 3.21386 3.22114 3.22814 3.23481 3.24109 3.24693 3.25229 3.25712 3.26138 3.26504 3.26807 3.27044 3.27213 3.27313 3.27344 3.27305 3.27196 3.27018 3.26773 3.26463 3.26091 3.2566 3.25173 3.24634 3.24048 3.2342 3.22755 3.22058 3.21336 3.20592 3.19834 3.19067 3.18297 3.17529 3.16768 3.1602 3.15288 3.14578 3.13892 3.13234 3.12608 3.12014 3.11455 3.10932 3.10446 3.09997 3.09584 3.09209 3.08869 3.08563 3.0829 3.08049 3.07837 3.07653 3.07494 3.0736 3.07248 3.07156 3.07083 3.07026 3.06986 3.06959 3.06946 3.06946 
3.06299 3.06324 3.06362 3.06414 3.0648 3.06562 3.06661 3.06777 3.06913 3.0707 3.07251 3.07458 3.07692 3.07956 3.08253 3.08583 3.0895 3.09355 3.09799 3.10282 3.10807 3.11373 3.11979 3.12624 3.13308 3.14027 3.1478 3.15562 3.1637 3.172 3.18047 3.18905 3.19768 3.20632 3.21489 3.22334 3.2316 3.23961 3.2473 3.25462 3.26151 3.26792 3.27379 3.27907 3.28373 3.28773 3.29103 3.29362 3.29546 3.29655 3.29688 3.29644 3.29525 3.2933 3.29061 3.28722 3.28314 3.27841 3.27306 3.26715 3.26072 3.25381 3.2465 3.23883 3.23086 3.22267 3.2143 3.20582 3.1973 3.1888 3.18036 3.17206 3.16393 3.15602 3.14838 3.14105 3.13405 3.12741 3.12115 3.11529 3.10983 3.10478 3.10014 3.0959 3.09206 3.0886 3.08551 3.08276 3.08035 3.07825 3.07643 3.07488 3.07359 3.07252 3.07165 3.07099 3.07049 3.07016 3.06999 3.06996 
3.06351 3.06376 3.06416 3.06473 3.06545 3.06636 3.06745 3.06875 3.07027 3.07204 3.07407 3.07639 3.07902 3.08199 3.08532 3.08903 3.09315 3.09769 3.10266 3.10807 3.11394 3.12025 3.12701 3.1342 3.1418 3.1498 3.15814 3.16681 3.17576 3.18493 3.19427 3.20372 3.21323 3.22273 3.23214 3.24141 3.25046 3.25922 3.26763 3.27563 3.28315 3.29013 3.29652 3.30228 3.30735 3.31169 3.31528 3.31809 3.32009 3.32127 3.32162 3.32113 3.31982 3.3177 3.31477 3.31107 3.30662 3.30146 3.29563 3.28918 3.28215 3.2746 3.2666 3.2582 3.24947 3.24048 3.23129 3.22197 3.21259 3.20322 3.19392 3.18474 3.17576 3.16701 3.15854 3.1504 3.14263 3.13524 3.12827 3.12173 3.11564 3.10999 3.10479 3.10004 3.09572 3.09182 3.08833 3.08523 3.0825 3.08011 3.07804 3.07628 3.07479 3.07355 3.07255 3.07177 3.07118 3.07078 3.07055 3.07049 
3.06406 3.06432 3.06475 3.06536 3.06616 3.06716 3.06837 3.06982 3.07152 3.07349 3.07576 3.07835 3.0813 3.08462 3.08835 3.0925 3.09709 3.10216 3.1077 3.11373 3.12025 3.12727 3.13477 3.14274 3.15115 3.15998 3.1692 3.17875 3.1886 3.19868 3.20894 3.21931 3.22973 3.24011 3.2504 3.26051 3.27037 3.27992 3.28907 3.29775 3.30592 3.31349 3.32042 3.32665 3.33213 3.33683 3.34071 3.34374 3.3459 3.34717 3.34754 3.34701 3.34559 3.34328 3.34011 3.3361 3.33128 3.32568 3.31935 3.31234 3.30471 3.2965 3.28779 3.27864 3.26912 3.25931 3.24927 3.23907 3.22881 3.21853 3.20832 3.19824 3.18836 3.17872 3.16938 3.1604 3.1518 3.14363 3.1359 3.12864 3.12187 3.11558 3.10979 3.10449 3.09966 3.0953 3.09138 3.0879 3.08482 3.08212 3.07979 3.07778 3.07608 3.07467 3.07352 3.07261 3.07192 3.07144 3.07116 3.07106 
3.06465 3.06492 3.06538 3.06604 3.06692 3.06802 3.06937 3.07097 3.07286 3.07506 3.07759 3.08048 3.08376 3.08746 3.09161 3.09622 3.10133 3.10696 3.1131 3.11979 3.12701 3.13477 3.14305 3.15184 3.1611 3.17082 3.18094 3.19142 3.20221 3.21324 3.22445 3.23576 3.24711 3.25842 3.2696 3.28058 3.29127 3.30161 3.31151 3.3209 3.32972 3.33789 3.34536 3.35207 3.35798 3.36303 3.3672 3.37046 3.37277 3.37413 3.37453 3.37396 3.37242 3.36994 3.36652 3.36219 3.35699 3.35095 3.34412 3.33655 3.3283 3.31942 3.30999 3.30007 3.28975 3.27909 3.26817 3.25708 3.24589 3.23469 3.22354 3.21252 3.20169 3.19113 3.18089 3.17101 3.16156 3.15255 3.14403 3.13601 3.12852 3.12156 3.11514 3.10925 3.10388 3.09902 3.09466 3.09076 3.08731 3.08429 3.08166 3.0794 3.07748 3.07587 3.07456 3.07351 3.07272 3.07216 3.07181 3.07167 
3.06529 3.06556 3.06606 3.06678 3.06774 3.06895 3.07044 3.07221 3.07431 3.07674 3.07955 3.08276 3.0864 3.0905 3.0951 3.10021 3.10587 3.11208 3.11887 3.12624 3.1342 3.14274 3.15184 3.16148 3.17164 3.18227 3.19334 3.20478 3.21654 3.22854 3.24073 3.25302 3.26532 3.27757 3.28966 3.30152 3.31306 3.32421 3.33487 3.34497 3.35445 3.36322 3.37123 3.37843 3.38475 3.39017 3.39463 3.39811 3.40058 3.40203 3.40245 3.40183 3.40019 3.39752 3.39386 3.38922 3.38364 3.37716 3.36983 3.36169 3.35281 3.34326 3.3331 3.3224 3.31126 3.29974 3.28793 3.27592 3.26379 3.25163 3.23951 3.22752 3.21573 3.20421 3.19302 3.18222 3.17187 3.16199 3.15264 3.14383 3.13558 3.12792 3.12083 3.11432 3.10838 3.10299 3.09815 3.09382 3.08998 3.0866 3.08366 3.08113 3.07897 3.07716 3.07567 3.07448 3.07357 3.07292 3.07251 3.07233 
3.06597 3.06625 3.06678 3.06757 3.06862 3.06995 3.07158 3.07354 3.07585 3.07854 3.08165 3.08519 3.08922 3.09375 3.09882 3.10446 3.11069 3.11752 3.12499 3.13308 3.1418 3.15115 3.1611 3.17164 3.18272 3.1943 3.20634 3.21877 3.23153 3.24454 3.25772 3.271 3.28428 3.29748 3.3105 3.32325 3.33564 3.3476 3.35902 3.36984 3.37997 3.38934 3.39789 3.40557 3.41231 3.41808 3.42283 3.42653 3.42916 3.4307 3.43114 3.43048 3.42873 3.42589 3.42198 3.41703 3.41108 3.40416 3.39632 3.38762 3.37813 3.36789 3.357 3.34553 3.33356 3.32117 3.30846 3.29551 3.28243 3.26929 3.25618 3.24319 3.23041 3.2179 3.20574 3.19398 3.1827 3.17193 3.16171 3.15207 3.14304 3.13463 3.12684 3.11969 3.11314 3.10721 3.10186 3.09707 3.09281 3.08906 3.08579 3.08297 3.08056 3.07853 3.07686 3.07552 3.07448 3.07373 3.07325 3.07303 
3.0667 3.06699 3.06755 3.0684 3.06955 3.07101 3.0728 3.07496 3.0775 3.08046 3.08388 3.08778 3.09221 3.09719 3.10276 3.10895 3.11577 3.12327 3.13143 3.14027 3.1498 3.15998 3.17082 3.18227 3.1943 3.20686 3.2199 3.23334 3.24712 3.26115 3.27535 3.28963 3.30389 3.31805 3.332 3.34564 3.35889 3.37165 3.38383 3.39536 3.40614 3.4161 3.42519 3.43334 3.44049 3.44661 3.45164 3.45556 3.45835 3.45998 3.46044 3.45974 3.45788 3.45486 3.45072 3.44547 3.43915 3.4318 3.42347 3.41421 3.4041 3.3932 3.38158 3.36932 3.35652 3.34327 3.32965 3.31576 3.30171 3.28758 3.27347 3.25947 3.24567 3.23215 3.21899 3.20626 3.19401 3.18231 3.1712 3.16071 3.15086 3.14168 3.13317 3.12533 3.11817 3.11165 3.10577 3.1005 3.09581 3.09167 3.08805 3.08492 3.08224 3.07998 3.07812 3.07661 3.07545 3.07459 3.07404 3.07378 
3.06747 3.06777 3.06837 3.06929 3.07054 3.07214 3.0741 3.07646 3.07924 3.08249 3.08623 3.09051 3.09536 3.10081 3.1069 3.11366 3.12112 3.12929 3.13818 3.1478 3.15814 3.1692 3.18094 3.19334 3.20634 3.2199 3.23395 3.24842 3.26323 3.27829 3.29351 3.3088 3.32405 3.33917 3.35405 3.36858 3.38268 3.39624 3.40917 3.42138 3.43281 3.44335 3.45297 3.46157 3.46913 3.47558 3.48089 3.48502 3.48796 3.48968 3.49017 3.48943 3.48746 3.48428 3.4799 3.47436 3.46768 3.45991 3.4511 3.4413 3.43059 3.41902 3.40668 3.39366 3.38004 3.36592 3.35139 3.33657 3.32154 3.30641 3.29129 3.27626 3.26144 3.24689 3.23272 3.21899 3.20576 3.19311 3.18108 3.16971 3.15902 3.14904 3.13978 3.13125 3.12343 3.11631 3.10987 3.1041 3.09895 3.09441 3.09043 3.08697 3.08402 3.08152 3.07945 3.07777 3.07647 3.07551 3.07488 3.07457 
3.06828 3.06859 3.06924 3.07023 3.07159 3.07332 3.07546 3.07804 3.08108 3.08462 3.08871 3.09338 3.09866 3.10461 3.11124 3.1186 3.1267 3.13556 3.1452 3.15562 3.16681 3.17875 3.19142 3.20478 3.21877 3.23334 3.24842 3.26392 3.27977 3.29587 3.31212 3.32842 3.34465 3.36072 3.37652 3.39193 3.40686 3.4212 3.43487 3.44776 3.45981 3.47092 3.48104 3.4901 3.49804 3.50481 3.51039 3.51473 3.51781 3.51961 3.52013 3.51935 3.51729 3.51395 3.50935 3.50353 3.49651 3.48833 3.47905 3.46873 3.45742 3.44521 3.43217 3.41839 3.40396 3.38899 3.37357 3.3578 3.34181 3.32569 3.30955 3.2935 3.27764 3.26206 3.24685 3.23211 3.21789 3.20427 3.1913 3.17903 3.16748 3.15668 3.14665 3.13739 3.1289 3.12116 3.11416 3.10786 3.10225 3.09728 3.09292 3.08913 3.08588 3.08313 3.08084 3.07899 3.07754 3.07647 3.07576 3.0754 
3.06913 3.06945 3.07015 3.07122 3.07269 3.07457 3.07689 3.07969 3.083 3.08686 3.0913 3.09637 3.10211 3.10856 3.11575 3.12372 3.13248 3.14206 3.15247 3.1637 3.17576 3.1886 3.20221 3.21654 3.23153 3.24712 3.26323 3.27977 3.29666 3.3138 3.33106 3.34836 3.36557 3.38258 3.39927 3.41555 3.43129 3.4464 3.46078 3.47433 3.48698 3.49864 3.50924 3.51872 3.52704 3.53413 3.53996 3.54449 3.54771 3.5496 3.55014 3.54933 3.54717 3.54368 3.53888 3.53279 3.52544 3.51688 3.50715 3.49632 3.48445 3.47161 3.45789 3.44337 3.42816 3.41234 3.39604 3.37935 3.3624 3.34529 3.32815 3.31107 3.29417 3.27756 3.26132 3.24555 3.23033 3.21573 3.20181 3.18862 3.1762 3.16457 3.15375 3.14375 3.13457 3.12619 3.1186 3.11177 3.10566 3.10026 3.09551 3.09137 3.08782 3.08481 3.0823 3.08026 3.07866 3.07748 3.07669 3.07628 
3.07001 3.07035 3.07109 3.07225 3.07383 3.07587 3.07839 3.08142 3.085 3.08917 3.09398 3.09947 3.10568 3.11265 3.12041 3.129 3.13844 3.14875 3.15994 3.172 3.18493 3.19868 3.21324 3.22854 3.24454 3.26115 3.27829 3.29587 3.3138 3.33195 3.35023 3.3685 3.38667 3.4046 3.42217 3.43929 3.45582 3.47167 3.48673 3.50092 3.51414 3.52632 3.53739 3.54728 3.55594 3.56332 3.5694 3.57412 3.57747 3.57943 3.58 3.57916 3.57692 3.57329 3.56829 3.56195 3.55429 3.54537 3.53522 3.5239 3.51149 3.49805 3.48368 3.46845 3.45247 3.43584 3.41868 3.40109 3.3832 3.36512 3.34697 3.32888 3.31096 3.29331 3.27604 3.25925 3.24302 3.22743 3.21256 3.19844 3.18513 3.17265 3.16104 3.15029 3.1404 3.13137 3.12318 3.1158 3.10919 3.10334 3.09818 3.0937 3.08983 3.08655 3.08381 3.08158 3.07983 3.07853 3.07765 3.07719 
3.07093 3.07129 3.07208 3.07332 3.07502 3.07722 3.07993 3.0832 3.08707 3.09157 3.09675 3.10267 3.10935 3.11685 3.12519 3.13442 3.14455 3.1556 3.16757 3.18047 3.19427 3.20894 3.22445 3.24073 3.25772 3.27535 3.29351 3.31212 3.33106 3.35023 3.36949 3.38873 3.40782 3.42665 3.44508 3.463 3.48029 3.49684 3.51256 3.52735 3.54112 3.55379 3.5653 3.57557 3.58456 3.59223 3.59852 3.60342 3.6069 3.60893 3.60952 3.60865 3.60634 3.60258 3.59741 3.59083 3.58289 3.57362 3.56307 3.5513 3.53838 3.52437 3.50937 3.49346 3.47675 3.45933 3.44134 3.42287 3.40406 3.38503 3.36591 3.34682 3.32788 3.30921 3.29092 3.27311 3.25588 3.23931 3.22347 3.20842 3.19422 3.18089 3.16847 3.15696 3.14636 3.13667 3.12787 3.11993 3.11282 3.1065 3.10094 3.09609 3.0919 3.08835 3.08537 3.08295 3.08104 3.07961 3.07865 3.07814 
3.07188 3.07225 3.0731 3.07442 3.07625 3.0786 3.08152 3.08503 3.08919 3.09402 3.09959 3.10594 3.1131 3.12113 3.13007 3.13993 3.15076 3.16255 3.17531 3.18905 3.20372 3.21931 3.23576 3.25302 3.271 3.28963 3.3088 3.32842 3.34836 3.3685 3.38873 3.4089 3.4289 3.44859 3.46784 3.48653 3.50454 3.52177 3.53811 3.55347 3.56775 3.58089 3.5928 3.60343 3.61273 3.62065 3.62715 3.63221 3.6358 3.63791 3.63852 3.63764 3.63525 3.63138 3.62604 3.61925 3.61105 3.60146 3.59054 3.57835 3.56495 3.5504 3.53481 3.51825 3.50084 3.48267 3.46388 3.44456 3.42487 3.40492 3.38484 3.36477 3.34484 3.32516 3.30586 3.28705 3.26882 3.25127 3.23448 3.21851 3.20342 3.18924 3.176 3.16373 3.15242 3.14206 3.13264 3.12414 3.11651 3.10973 3.10375 3.09853 3.09403 3.09019 3.08697 3.08435 3.08228 3.08073 3.07968 3.07911 
3.07286 3.07324 3.07414 3.07555 3.0775 3.08002 3.08314 3.0869 3.09135 3.09653 3.10248 3.10926 3.11691 3.12548 3.13501 3.14551 3.15703 3.16956 3.18312 3.19768 3.21323 3.22973 3.24711 3.26532 3.28428 3.30389 3.32405 3.34465 3.36557 3.38667 3.40782 3.4289 3.44976 3.47027 3.4903 3.50973 3.52843 3.5463 3.56322 3.57911 3.59387 3.60743 3.61972 3.63068 3.64026 3.64842 3.65511 3.66032 3.66402 3.66619 3.66683 3.66592 3.66348 3.65951 3.65402 3.64704 3.63859 3.62872 3.61746 3.60488 3.59103 3.57599 3.55984 3.54267 3.5246 3.50572 3.48615 3.46603 3.44548 3.42464 3.40364 3.38263 3.36172 3.34107 3.32078 3.30098 3.28177 3.26326 3.24552 3.22864 3.21266 3.19763 3.18359 3.17056 3.15853 3.14751 3.13747 3.1284 3.12026 3.11301 3.10661 3.10102 3.09618 3.09206 3.08861 3.08578 3.08355 3.08187 3.08073 3.08011 
3.07385 3.07425 3.07519 3.0767 3.07878 3.08146 3.08479 3.0888 3.09354 3.09906 3.1054 3.11261 3.12075 3.12986 3.13997 3.15112 3.16333 3.1766 3.19093 3.20632 3.22273 3.24011 3.25842 3.27757 3.29748 3.31805 3.33917 3.36072 3.38258 3.4046 3.42665 3.44859 3.47027 3.49157 3.51234 3.53246 3.55181 3.57027 3.58773 3.60411 3.61931 3.63327 3.6459 3.65716 3.667 3.67537 3.68224 3.68759 3.69138 3.69361 3.69427 3.69335 3.69086 3.6868 3.68118 3.67403 3.66537 3.65523 3.64367 3.63072 3.61647 3.60096 3.5843 3.56657 3.54787 3.52832 3.50803 3.48714 3.46578 3.44408 3.4222 3.40027 3.37843 3.35682 3.33557 3.31481 3.29464 3.27519 3.25652 3.23873 3.22188 3.20602 3.19118 3.17739 3.16465 3.15297 3.14232 3.13268 3.12402 3.11631 3.10949 3.10352 3.09836 3.09395 3.09026 3.08723 3.08483 3.08303 3.0818 3.08112 
3.07485 3.07527 3.07626 3.07786 3.08006 3.08291 3.08645 3.09071 3.09574 3.1016 3.10832 3.11597 3.1246 3.13424 3.14494 3.15672 3.1696 3.1836 3.1987 3.21489 3.23214 3.2504 3.2696 3.28966 3.3105 3.332 3.35405 3.37652 3.39927 3.42217 3.44508 3.46784 3.4903 3.51234 3.53381 3.55458 3.57452 3.59353 3.6115 3.62833 3.64394 3.65825 3.6712 3.68273 3.6928 3.70136 3.70839 3.71385 3.71773 3.72002 3.7207 3.71977 3.71724 3.7131 3.70737 3.70007 3.69121 3.68085 3.66901 3.65574 3.64111 3.62519 3.60805 3.58979 3.57052 3.55033 3.52937 3.50775 3.48562 3.46312 3.44039 3.41758 3.39484 3.37231 3.35013 3.32844 3.30735 3.28697 3.2674 3.24873 3.23103 3.21435 3.19872 3.18419 3.17075 3.15841 3.14715 3.13696 3.12779 3.11961 3.11237 3.10604 3.10055 3.09586 3.09192 3.08869 3.08612 3.0842 3.08288 3.08214 
3.07585 3.07629 3.07734 3.07902 3.08135 3.08437 3.08811 3.09261 3.09794 3.10413 3.11123 3.11932 3.12842 3.13858 3.14985 3.16225 3.1758 3.19051 3.20636 3.22334 3.24141 3.26051 3.28058 3.30152 3.32325 3.34564 3.36858 3.39193 3.41555 3.43929 3.463 3.48653 3.50973 3.53246 3.55458 3.57595 3.59645 3.61596 3.63439 3.65163 3.6676 3.68223 3.69546 3.70724 3.71751 3.72624 3.73341 3.73898 3.74294 3.74528 3.74598 3.74505 3.74248 3.73827 3.73245 3.72501 3.716 3.70543 3.69334 3.67979 3.66482 3.64852 3.63095 3.61221 3.5924 3.57164 3.55004 3.52774 3.50488 3.48162 3.45808 3.43444 3.41085 3.38744 3.36438 3.34178 3.3198 3.29853 3.27809 3.25856 3.24003 3.22255 3.20616 3.1909 3.17677 3.16379 3.15194 3.14119 3.13152 3.12288 3.11524 3.10853 3.10272 3.09775 3.09357 3.09014 3.08742 3.08536 3.08395 3.08317 
3.07685 3.0773 3.0784 3.08017 3.08263 3.08581 3.08975 3.0945 3.10011 3.10663 3.11411 3.12261 3.13218 3.14286 3.15468 3.16769 3.18189 3.19728 3.21386 3.2316 3.25046 3.27037 3.29127 3.31306 3.33564 3.35889 3.38268 3.40686 3.43129 3.45582 3.48029 3.50454 3.52843 3.55181 3.57452 3.59645 3.61745 3.63743 3.65627 3.67388 3.69018 3.7051 3.71858 3.73056 3.74101 3.7499 3.75718 3.76285 3.76688 3.76926 3.76999 3.76905 3.76645 3.7622 3.75629 3.74875 3.73959 3.72885 3.71655 3.70274 3.68748 3.67083 3.65287 3.63369 3.6134 3.5921 3.56991 3.54699 3.52345 3.49947 3.47518 3.45076 3.42635 3.40211 3.3782 3.35475 3.3319 3.30979 3.2885 3.26815 3.24882 3.23056 3.21343 3.19747 3.18268 3.16907 3.15664 3.14535 3.13519 3.12611 3.11806 3.111 3.10487 3.09962 3.09521 3.09158 3.0887 3.08652 3.08503 3.08419 
3.07783 3.0783 3.07945 3.08131 3.08389 3.08723 3.09137 3.09635 3.10224 3.10908 3.11692 3.12583 3.13585 3.14703 3.15939 3.17298 3.1878 3.20386 3.22114 3.23961 3.25922 3.27992 3.30161 3.32421 3.3476 3.37165 3.39624 3.4212 3.4464 3.47167 3.49684 3.52177 3.5463 3.57027 3.59353 3.61596 3.63743 3.65782 3.67703 3.69497 3.71156 3.72673 3.74043 3.7526 3.76321 3.77222 3.77961 3.78536 3.78945 3.79187 3.79262 3.79168 3.78907 3.78477 3.7788 3.77117 3.76189 3.75099 3.73851 3.72448 3.70896 3.69201 3.6737 3.65413 3.63339 3.6116 3.58888 3.56537 3.54121 3.51656 3.49157 3.46641 3.44124 3.41622 3.3915 3.36724 3.34358 3.32065 3.29857 3.27743 3.25733 3.23833 3.22049 3.20385 3.18842 3.17421 3.16121 3.14941 3.13877 3.12925 3.12082 3.1134 3.10697 3.10146 3.09681 3.09299 3.08996 3.08766 3.08608 3.08519 
3.07879 3.07928 3.08048 3.08242 3.08512 3.08861 3.09294 3.09815 3.10431 3.11146 3.11965 3.12895 3.1394 3.15106 3.16394 3.17809 3.19351 3.2102 3.22814 3.2473 3.26763 3.28907 3.31151 3.33487 3.35902 3.38383 3.40917 3.43487 3.46078 3.48673 3.51256 3.53811 3.56322 3.58773 3.6115 3.63439 3.65627 3.67703 3.69657 3.7148 3.73165 3.74704 3.76092 3.77326 3.784 3.79312 3.8006 3.80641 3.81056 3.81302 3.81378 3.81285 3.81022 3.80589 3.79987 3.79217 3.78279 3.77177 3.75913 3.74491 3.72916 3.71194 3.69333 3.6734 3.65227 3.63004 3.60683 3.58279 3.55806 3.53279 3.50715 3.48131 3.45542 3.42967 3.4042 3.37918 3.35475 3.33106 3.30822 3.28633 3.2655 3.2458 3.22728 3.20999 3.19395 3.17916 3.16563 3.15333 3.14223 3.1323 3.12348 3.11574 3.10901 3.10324 3.09837 3.09437 3.09118 3.08877 3.08711 3.08617 
3.07972 3.08022 3.08147 3.08349 3.0863 3.08994 3.09445 3.09989 3.1063 3.11374 3.12227 3.13194 3.14281 3.15491 3.16829 3.18297 3.19895 3.21624 3.23481 3.25462 3.27563 3.29775 3.3209 3.34497 3.36984 3.39536 3.42138 3.44776 3.47433 3.50092 3.52735 3.55347 3.57911 3.60411 3.62833 3.65163 3.67388 3.69497 3.7148 3.73329 3.75036 3.76594 3.77998 3.79245 3.8033 3.81251 3.82007 3.82594 3.83013 3.83262 3.83341 3.83248 3.82985 3.8255 3.81944 3.81167 3.80222 3.79109 3.77832 3.76394 3.748 3.73055 3.71166 3.69143 3.66994 3.64731 3.62366 3.59914 3.57389 3.54806 3.52182 3.49535 3.46881 3.44237 3.41621 3.39048 3.36533 3.34092 3.31737 3.29478 3.27327 3.2529 3.23375 3.21584 3.19922 3.18389 3.16985 3.15707 3.14554 3.13522 3.12604 3.11798 3.11096 3.10495 3.09987 3.09569 3.09236 3.08984 3.0881 3.08712 
3.0806 3.08112 3.08242 3.08451 3.08743 3.09121 3.0959 3.10154 3.10819 3.11591 3.12475 3.13478 3.14603 3.15856 3.1724 3.18757 3.20409 3.22193 3.24109 3.26151 3.28315 3.30592 3.32972 3.35445 3.37997 3.40614 3.43281 3.45981 3.48698 3.51414 3.54112 3.56775 3.59387 3.61931 3.64394 3.6676 3.69018 3.71156 3.73165 3.75036 3.76761 3.78335 3.79753 3.81011 3.82106 3.83035 3.83796 3.84389 3.84812 3.85063 3.85144 3.85052 3.84788 3.84352 3.83743 3.82962 3.8201 3.8089 3.79602 3.7815 3.76539 3.74774 3.72862 3.70812 3.68632 3.66333 3.6393 3.61434 3.58861 3.56227 3.53549 3.50845 3.4813 3.45424 3.42744 3.40105 3.37525 3.35018 3.32596 3.30273 3.28057 3.25959 3.23983 3.22136 3.20419 3.18835 3.17383 3.16062 3.14868 3.13798 3.12847 3.1201 3.11282 3.10657 3.1013 3.09695 3.09349 3.09086 3.08905 3.08802 
3.08144 3.08197 3.08331 3.08548 3.0885 3.09241 3.09726 3.10309 3.10997 3.11795 3.12708 3.13743 3.14905 3.16198 3.17624 3.19187 3.20887 3.22723 3.24693 3.26792 3.29013 3.31349 3.33789 3.36322 3.38934 3.4161 3.44335 3.47092 3.49864 3.52632 3.55379 3.58089 3.60743 3.63327 3.65825 3.68223 3.7051 3.72673 3.74704 3.76594 3.78335 3.79923 3.81353 3.8262 3.83722 3.84657 3.85424 3.8602 3.86446 3.867 3.86782 3.86692 3.86428 3.8599 3.8538 3.84596 3.83639 3.82512 3.81215 3.79753 3.78128 3.76346 3.74414 3.72339 3.70132 3.67803 3.65365 3.6283 3.60215 3.57536 3.54809 3.52052 3.49284 3.46521 3.43782 3.41084 3.38443 3.35875 3.33393 3.3101 3.28736 3.2658 3.2455 3.2265 3.20883 3.19252 3.17755 3.16393 3.15161 3.14056 3.13074 3.12209 3.11456 3.1081 3.10264 3.09814 3.09455 3.09183 3.08994 3.08887 
3.08222 3.08276 3.08414 3.08637 3.08949 3.09352 3.09851 3.10453 3.11161 3.11983 3.12923 3.13988 3.15183 3.16512 3.17978 3.19582 3.21327 3.2321 3.25229 3.27379 3.29652 3.32042 3.34536 3.37123 3.39789 3.42519 3.45297 3.48104 3.50924 3.53739 3.5653 3.5928 3.61972 3.6459 3.6712 3.69546 3.71858 3.74043 3.76092 3.77998 3.79753 3.81353 3.82791 3.84066 3.85175 3.86115 3.86886 3.87485 3.87914 3.8817 3.88253 3.88164 3.879 3.87462 3.86851 3.86064 3.85105 3.83972 3.82668 3.81196 3.7956 3.77764 3.75815 3.7372 3.71489 3.69133 3.66664 3.64096 3.61444 3.58724 3.55954 3.53151 3.50333 3.4752 3.44728 3.41977 3.39281 3.36658 3.34122 3.31684 3.29357 3.2715 3.25069 3.23121 3.21309 3.19634 3.18097 3.16697 3.15431 3.14294 3.13284 3.12393 3.11617 3.10951 3.10388 3.09924 3.09553 3.09272 3.09077 3.08967 
3.08293 3.08349 3.0849 3.08719 3.09039 3.09453 3.09966 3.10583 3.11311 3.12154 3.13118 3.14211 3.15435 3.16796 3.18297 3.19939 3.21724 3.23649 3.25712 3.27907 3.30228 3.32665 3.35207 3.37843 3.40557 3.43334 3.46157 3.4901 3.51872 3.54728 3.57557 3.60343 3.63068 3.65716 3.68273 3.70724 3.73056 3.7526 3.77326 3.79245 3.81011 3.8262 3.84066 3.85347 3.86461 3.87405 3.88179 3.88781 3.89212 3.8947 3.89555 3.89466 3.89203 3.88765 3.88153 3.87365 3.86403 3.85266 3.83957 3.82478 3.80832 3.79024 3.7706 3.74948 3.72697 3.70318 3.67823 3.65225 3.62541 3.59786 3.56977 3.54133 3.51273 3.48415 3.45577 3.42777 3.40034 3.37362 3.34777 3.32291 3.29917 3.27663 3.25537 3.23546 3.21693 3.1998 3.18407 3.16973 3.15675 3.1451 3.13473 3.1256 3.11764 3.11079 3.10501 3.10024 3.09643 3.09354 3.09153 3.09039 
3.08356 3.08413 3.08558 3.08793 3.0912 3.09543 3.10068 3.107 3.11444 3.12306 3.13292 3.14408 3.15658 3.17048 3.1858 3.20255 3.22075 3.24037 3.26138 3.28373 3.30735 3.33213 3.35798 3.38475 3.41231 3.44049 3.46913 3.49804 3.52704 3.55594 3.58456 3.61273 3.64026 3.667 3.6928 3.71751 3.74101 3.76321 3.784 3.8033 3.82106 3.83722 3.85175 3.86461 3.87578 3.88526 3.89302 3.89907 3.90339 3.90598 3.90684 3.90597 3.90334 3.89897 3.89284 3.88495 3.87531 3.86391 3.85078 3.83593 3.81939 3.80122 3.78146 3.7602 3.73752 3.71353 3.68835 3.66212 3.635 3.60714 3.57873 3.54994 3.52097 3.492 3.46322 3.43481 3.40695 3.37981 3.35353 3.32825 3.30409 3.28115 3.25951 3.23922 3.22033 3.20285 3.1868 3.17217 3.15891 3.14702 3.13642 3.12708 3.11894 3.11194 3.10602 3.10113 3.09723 3.09426 3.09221 3.09104 
3.08412 3.0847 3.08618 3.08857 3.0919 3.09622 3.10157 3.10801 3.11559 3.12437 3.13442 3.14578 3.15851 3.17265 3.18823 3.20527 3.22377 3.2437 3.26504 3.28773 3.31169 3.33683 3.36303 3.39017 3.41808 3.44661 3.47558 3.50481 3.53413 3.56332 3.59223 3.62065 3.64842 3.67537 3.70136 3.72624 3.7499 3.77222 3.79312 3.81251 3.83035 3.84657 3.86115 3.87405 3.88526 3.89476 3.90254 3.90861 3.91294 3.91555 3.91642 3.91555 3.91293 3.90856 3.90243 3.89454 3.88488 3.87346 3.86029 3.8454 3.8288 3.81054 3.79069 3.7693 3.74648 3.72233 3.69697 3.67053 3.64317 3.61506 3.58637 3.55729 3.528 3.4987 3.46958 3.44082 3.41261 3.3851 3.35847 3.33283 3.30832 3.28503 3.26305 3.24244 3.22324 3.20548 3.18916 3.17427 3.16078 3.14867 3.13788 3.12836 3.12006 3.11293 3.10689 3.10191 3.09792 3.0949 3.0928 3.09161 
3.08459 3.08518 3.08668 3.0891 3.09249 3.09688 3.10232 3.10885 3.11655 3.12547 3.13567 3.1472 3.16012 3.17446 3.19026 3.20753 3.22627 3.24646 3.26807 3.29103 3.31528 3.34071 3.3672 3.39463 3.42283 3.45164 3.48089 3.51039 3.53996 3.5694 3.59852 3.62715 3.65511 3.68224 3.70839 3.73341 3.75718 3.77961 3.8006 3.82007 3.83796 3.85424 3.86886 3.88179 3.89302 3.90254 3.91034 3.91642 3.92077 3.92338 3.92426 3.9234 3.92079 3.91642 3.91029 3.9024 3.89273 3.88129 3.86809 3.85316 3.83651 3.81819 3.79825 3.77678 3.75384 3.72956 3.70404 3.67743 3.64989 3.62157 3.59265 3.56333 3.53378 3.50422 3.47482 3.44577 3.41727 3.38947 3.36254 3.33661 3.31181 3.28824 3.26599 3.24511 3.22566 3.20766 3.19111 3.17601 3.16233 3.15004 3.13909 3.12943 3.12101 3.11376 3.10762 3.10256 3.09851 3.09543 3.0933 3.09208 
3.08497 3.08556 3.08708 3.08953 3.09296 3.09741 3.10291 3.10953 3.11732 3.12634 3.13666 3.14832 3.16138 3.17588 3.19185 3.2093 3.22823 3.24862 3.27044 3.29362 3.31809 3.34374 3.37046 3.39811 3.42653 3.45556 3.48502 3.51473 3.54449 3.57412 3.60342 3.63221 3.66032 3.68759 3.71385 3.73898 3.76285 3.78536 3.80641 3.82594 3.84389 3.8602 3.87485 3.88781 3.89907 3.90861 3.91642 3.92251 3.92687 3.92949 3.93038 3.92952 3.92691 3.92255 3.91642 3.90851 3.89884 3.88739 3.87417 3.8592 3.84251 3.82414 3.80414 3.78259 3.75957 3.73518 3.70954 3.6828 3.65511 3.62663 3.59754 3.56803 3.53829 3.50851 3.4789 3.44963 3.4209 3.39288 3.36572 3.33956 3.31454 3.29075 3.26828 3.2472 3.22756 3.20937 3.19265 3.17739 3.16356 3.15113 3.14005 3.13028 3.12175 3.11441 3.10821 3.10308 3.09898 3.09586 3.0937 3.09247 
3.08525 3.08584 3.08737 3.08985 3.09331 3.09779 3.10335 3.11002 3.11788 3.12697 3.13737 3.14913 3.16229 3.1769 3.19299 3.21057 3.22963 3.25017 3.27213 3.29546 3.32009 3.3459 3.37277 3.40058 3.42916 3.45835 3.48796 3.51781 3.54771 3.57747 3.6069 3.6358 3.66402 3.69138 3.71773 3.74294 3.76688 3.78945 3.81056 3.83013 3.84812 3.86446 3.87914 3.89212 3.90339 3.91294 3.92077 3.92687 3.93123 3.93386 3.93475 3.9339 3.9313 3.92693 3.9208 3.91289 3.9032 3.89174 3.8785 3.86351 3.84679 3.82838 3.80834 3.78673 3.76364 3.73917 3.71345 3.68662 3.65882 3.63022 3.60101 3.57136 3.54148 3.51156 3.48179 3.45237 3.42348 3.3953 3.36798 3.34166 3.31648 3.29254 3.26992 3.2487 3.22892 3.2106 3.19376 3.17838 3.16444 3.15191 3.14075 3.13089 3.12229 3.11489 3.10863 3.10346 3.09932 3.09618 3.094 3.09275 
3.08543 3.08603 3.08757 3.09006 3.09354 3.09804 3.10362 3.11033 3.11822 3.12736 3.13781 3.14962 3.16285 3.17752 3.19368 3.21133 3.23047 3.25109 3.27313 3.29655 3.32127 3.34717 3.37413 3.40203 3.4307 3.45998 3.48968 3.51961 3.5496 3.57943 3.60893 3.63791 3.66619 3.69361 3.72002 3.74528 3.76926 3.79187 3.81302 3.83262 3.85063 3.867 3.8817 3.8947 3.90598 3.91555 3.92338 3.92949 3.93386 3.9365 3.93739 3.93654 3.93394 3.92957 3.92343 3.91552 3.90582 3.89435 3.88109 3.86608 3.84934 3.8309 3.81082 3.78917 3.76604 3.74153 3.71575 3.68885 3.66099 3.63232 3.60303 3.57331 3.54335 3.51334 3.48349 3.45398 3.42499 3.39672 3.3693 3.3429 3.31762 3.29359 3.27089 3.24959 3.22973 3.21133 3.19442 3.17897 3.16498 3.15239 3.14117 3.13127 3.12263 3.11519 3.1089 3.1037 3.09954 3.09638 3.09419 3.09293 
