2.54988 2.55013 2.55038 2.55063 2.55087 2.55111 2.55135 2.55158 2.5518 2.55202 2.55223 2.55244 2.55265 2.55286 2.55307 2.55328 2.5535 2.55373 2.55398 2.55424 2.55452 2.55483 2.55516 2.55551 2.5559 2.55631 2.55676 2.55724 2.55775 2.5583 2.55887 2.55947 2.56009 2.56073 2.56138 2.56205 2.56272 2.56338 2.56404 2.56468 2.56529 2.56588 2.56643 2.56693 2.56739 2.56779 2.56813 2.5684 2.56861 2.56874 2.5688 2.56879 2.56871 2.56855 2.56833 2.56804 2.56768 2.56727 2.5668 2.56629 2.56574 2.56516 2.56454 2.56391 2.56327 2.56262 2.56197 2.56132 2.56069 2.56008 2.55948 2.55892 2.55838 2.55787 2.5574 2.55697 2.55657 2.55622 2.5559 2.55562 2.55538 2.55518 2.55502 2.55489 2.5548 2.55475 2.55472 2.55473 2.55478 2.55484 2.55494 2.55506 2.55521 2.55537 2.55556 2.55576 2.55597 2.5562 2.55644 2.55668 
2.55013 2.55038 2.55063 2.55088 2.55112 2.55136 2.5516 2.55183 2.55205 2.55227 2.55248 2.55269 2.55289 2.5531 2.55331 2.55353 2.55375 2.55398 2.55423 2.55449 2.55477 2.55508 2.55541 2.55577 2.55616 2.55659 2.55704 2.55753 2.55805 2.5586 2.55918 2.55979 2.56042 2.56108 2.56174 2.56242 2.5631 2.56378 2.56445 2.5651 2.56573 2.56633 2.56689 2.56741 2.56787 2.56828 2.56863 2.56891 2.56912 2.56926 2.56932 2.56931 2.56922 2.56906 2.56883 2.56853 2.56817 2.56775 2.56727 2.56675 2.56619 2.56559 2.56497 2.56432 2.56366 2.563 2.56234 2.56168 2.56103 2.56041 2.5598 2.55923 2.55868 2.55817 2.55769 2.55725 2.55685 2.55648 2.55616 2.55588 2.55564 2.55543 2.55527 2.55514 2.55505 2.55499 2.55497 2.55498 2.55502 2.55509 2.55519 2.55531 2.55546 2.55562 2.55581 2.55601 2.55622 2.55645 2.55669 2.55693 
2.55038 2.55063 2.55088 2.55113 2.55137 2.55161 2.55185 2.55208 2.5523 2.55252 2.55274 2.55295 2.55316 2.55337 2.55359 2.55381 2.55404 2.55428 2.55454 2.55482 2.55512 2.55544 2.5558 2.55618 2.5566 2.55705 2.55753 2.55805 2.55861 2.5592 2.55982 2.56047 2.56115 2.56185 2.56256 2.56328 2.56401 2.56474 2.56545 2.56615 2.56682 2.56746 2.56806 2.56861 2.56911 2.56954 2.56991 2.57021 2.57043 2.57058 2.57064 2.57063 2.57054 2.57036 2.57012 2.5698 2.56941 2.56896 2.56845 2.56789 2.56729 2.56665 2.56598 2.56529 2.56459 2.56388 2.56317 2.56246 2.56178 2.56111 2.56046 2.55984 2.55926 2.55871 2.5582 2.55773 2.5573 2.55691 2.55656 2.55626 2.556 2.55578 2.5556 2.55546 2.55535 2.55529 2.55526 2.55526 2.55529 2.55536 2.55545 2.55557 2.55571 2.55588 2.55606 2.55626 2.55647 2.5567 2.55694 2.55718 
2.55063 2.55088 2.55113 2.55138 2.55162 2.55186 2.5521 2.55234 2.55256 2.55279 2.55301 2.55323 2.55345 2.55367 2.5539 2.55413 2.55438 2.55464 2.55493 2.55523 2.55556 2.55592 2.55631 2.55674 2.5572 2.5577 2.55824 2.55882 2.55944 2.5601 2.5608 2.56152 2.56228 2.56305 2.56385 2.56466 2.56547 2.56627 2.56707 2.56784 2.56858 2.56929 2.56995 2.57056 2.57111 2.57159 2.572 2.57233 2.57257 2.57273 2.5728 2.57278 2.57268 2.57248 2.57221 2.57185 2.57142 2.57092 2.57035 2.56973 2.56906 2.56835 2.5676 2.56684 2.56606 2.56527 2.56448 2.56369 2.56293 2.56218 2.56146 2.56077 2.56012 2.55951 2.55894 2.55841 2.55793 2.55749 2.5571 2.55676 2.55646 2.55621 2.556 2.55584 2.55571 2.55563 2.55558 2.55557 2.55559 2.55565 2.55573 2.55584 2.55598 2.55614 2.55632 2.55652 2.55673 2.55695 2.55719 2.55743 
2.55087 2.55112 2.55137 2.55162 2.55187 2.55212 2.55236 2.55259 2.55283 2.55306 2.55329 2.55352 2.55375 2.55399 2.55424 2.5545 2.55477 2.55507 2.55538 2.55573 2.55611 2.55652 2.55697 2.55746 2.55799 2.55857 2.55919 2.55986 2.56058 2.56133 2.56213 2.56297 2.56384 2.56473 2.56564 2.56656 2.56749 2.56841 2.56932 2.57021 2.57106 2.57186 2.57262 2.57331 2.57393 2.57448 2.57494 2.57531 2.57558 2.57576 2.57584 2.57582 2.57569 2.57547 2.57515 2.57474 2.57425 2.57367 2.57302 2.57231 2.57154 2.57073 2.56988 2.569 2.5681 2.5672 2.56629 2.5654 2.56452 2.56366 2.56283 2.56204 2.56129 2.56058 2.55992 2.55931 2.55875 2.55825 2.55779 2.55739 2.55704 2.55674 2.55649 2.55629 2.55613 2.55602 2.55594 2.55591 2.55592 2.55596 2.55603 2.55613 2.55625 2.55641 2.55658 2.55677 2.55698 2.5572 2.55743 2.55767 
2.55111 2.55136 2.55161 2.55186 2.55212 2.55236 2.55261 2.55285 2.5531 2.55334 2.55358 2.55383 2.55408 2.55434 2.55462 2.55491 2.55522 2.55556 2.55592 2.55632 2.55676 2.55724 2.55777 2.55835 2.55898 2.55966 2.5604 2.56119 2.56203 2.56292 2.56386 2.56484 2.56586 2.56691 2.56798 2.56906 2.57014 2.57122 2.57227 2.5733 2.57429 2.57523 2.5761 2.57691 2.57763 2.57826 2.57879 2.57921 2.57953 2.57973 2.57982 2.57979 2.57964 2.57938 2.579 2.57852 2.57794 2.57727 2.57652 2.57569 2.57479 2.57384 2.57285 2.57182 2.57077 2.56972 2.56866 2.56761 2.56658 2.56557 2.5646 2.56367 2.56279 2.56195 2.56118 2.56045 2.55979 2.55919 2.55865 2.55816 2.55774 2.55738 2.55707 2.55681 2.55661 2.55646 2.55635 2.55629 2.55627 2.55628 2.55634 2.55642 2.55654 2.55668 2.55684 2.55703 2.55723 2.55745 2.55768 2.55791 
2.55135 2.5516 2.55185 2.5521 2.55236 2.55261 2.55286 2.55312 2.55337 2.55363 2.55389 2.55415 2.55443 2.55472 2.55503 2.55537 2.55573 2.55612 2.55655 2.55702 2.55755 2.55812 2.55875 2.55944 2.56019 2.56101 2.56189 2.56283 2.56383 2.5649 2.56602 2.56719 2.56839 2.56964 2.5709 2.57218 2.57346 2.57473 2.57598 2.57719 2.57835 2.57946 2.58048 2.58142 2.58227 2.583 2.58362 2.58412 2.58448 2.58472 2.58481 2.58477 2.58459 2.58428 2.58384 2.58327 2.58259 2.58179 2.5809 2.57992 2.57886 2.57774 2.57657 2.57536 2.57412 2.57287 2.57161 2.57037 2.56915 2.56796 2.5668 2.5657 2.56464 2.56365 2.56272 2.56185 2.56106 2.56033 2.55968 2.55909 2.55858 2.55813 2.55774 2.55742 2.55716 2.55696 2.5568 2.5567 2.55665 2.55664 2.55667 2.55673 2.55683 2.55696 2.55711 2.55728 2.55748 2.55769 2.55791 2.55815 
2.55158 2.55183 2.55208 2.55234 2.55259 2.55285 2.55312 2.55338 2.55365 2.55392 2.55421 2.5545 2.55481 2.55514 2.5555 2.55588 2.5563 2.55677 2.55728 2.55785 2.55847 2.55916 2.55992 2.56075 2.56165 2.56264 2.56369 2.56483 2.56604 2.56731 2.56865 2.57005 2.57149 2.57298 2.57448 2.57601 2.57753 2.57903 2.58051 2.58195 2.58332 2.58462 2.58583 2.58694 2.58793 2.5888 2.58952 2.5901 2.59053 2.5908 2.59091 2.59085 2.59064 2.59026 2.58974 2.58906 2.58825 2.58731 2.58625 2.58509 2.58383 2.5825 2.58111 2.57967 2.5782 2.57671 2.57522 2.57374 2.57228 2.57086 2.56948 2.56816 2.5669 2.5657 2.56459 2.56354 2.56258 2.56171 2.56091 2.5602 2.55956 2.55901 2.55853 2.55813 2.55779 2.55752 2.55731 2.55716 2.55706 2.55702 2.55701 2.55705 2.55713 2.55724 2.55738 2.55754 2.55773 2.55793 2.55815 2.55838 
2.5518 2.55205 2.5523 2.55256 2.55283 2.5531 2.55337 2.55365 2.55394 2.55423 2.55454 2.55487 2.55522 2.5556 2.55601 2.55647 2.55696 2.55752 2.55813 2.55881 2.55956 2.56039 2.5613 2.56231 2.5634 2.56458 2.56586 2.56722 2.56868 2.57021 2.57182 2.57349 2.57522 2.57699 2.57878 2.5806 2.58241 2.5842 2.58595 2.58765 2.58927 2.59081 2.59224 2.59354 2.59471 2.59573 2.59658 2.59726 2.59776 2.59807 2.59819 2.59812 2.59786 2.59742 2.59679 2.59599 2.59502 2.59391 2.59265 2.59127 2.58978 2.58821 2.58655 2.58484 2.58309 2.58132 2.57955 2.57778 2.57604 2.57434 2.57269 2.57111 2.56959 2.56816 2.56681 2.56556 2.5644 2.56333 2.56237 2.5615 2.56072 2.56004 2.55944 2.55893 2.55851 2.55816 2.55788 2.55767 2.55752 2.55743 2.55739 2.55739 2.55744 2.55753 2.55765 2.5578 2.55797 2.55817 2.55838 2.55861 
2.55202 2.55227 2.55252 2.55279 2.55306 2.55334 2.55363 2.55392 2.55423 2.55456 2.5549 2.55527 2.55567 2.55611 2.55659 2.55713 2.55772 2.55838 2.55911 2.55993 2.56083 2.56183 2.56294 2.56415 2.56546 2.56689 2.56842 2.57006 2.57181 2.57364 2.57557 2.57757 2.57963 2.58174 2.58388 2.58603 2.58818 2.5903 2.59238 2.59439 2.59631 2.59812 2.5998 2.60134 2.60271 2.6039 2.6049 2.60569 2.60627 2.60663 2.60677 2.60668 2.60637 2.60584 2.60509 2.60414 2.603 2.60168 2.60019 2.59856 2.5968 2.59493 2.59297 2.59094 2.58887 2.58676 2.58465 2.58255 2.58048 2.57845 2.57648 2.57459 2.57278 2.57106 2.56944 2.56793 2.56653 2.56524 2.56407 2.56301 2.56207 2.56123 2.5605 2.55986 2.55933 2.55888 2.55852 2.55823 2.55802 2.55787 2.55779 2.55775 2.55777 2.55783 2.55793 2.55806 2.55822 2.5584 2.55861 2.55883 
2.55223 2.55248 2.55274 2.55301 2.55329 2.55358 2.55389 2.55421 2.55454 2.5549 2.55529 2.55571 2.55617 2.55668 2.55725 2.55788 2.55858 2.55937 2.56025 2.56123 2.56232 2.56352 2.56485 2.5663 2.56788 2.5696 2.57144 2.5734 2.57548 2.57768 2.57997 2.58235 2.5848 2.58731 2.58984 2.59239 2.59493 2.59744 2.59988 2.60225 2.60451 2.60663 2.60861 2.61041 2.61201 2.61341 2.61457 2.6155 2.61617 2.61659 2.61674 2.61663 2.61626 2.61563 2.61475 2.61363 2.61228 2.61072 2.60897 2.60705 2.60497 2.60277 2.60046 2.59806 2.59561 2.59312 2.59062 2.58813 2.58567 2.58326 2.58092 2.57866 2.5765 2.57445 2.57251 2.5707 2.56902 2.56747 2.56606 2.56478 2.56363 2.56261 2.56171 2.56093 2.56026 2.5597 2.55923 2.55886 2.55857 2.55836 2.55822 2.55814 2.55812 2.55814 2.55821 2.55832 2.55846 2.55864 2.55883 2.55904 
2.55244 2.55269 2.55295 2.55323 2.55352 2.55383 2.55415 2.5545 2.55487 2.55527 2.55571 2.55619 2.55673 2.55732 2.55799 2.55873 2.55957 2.56051 2.56156 2.56274 2.56404 2.56549 2.56708 2.56881 2.57071 2.57275 2.57495 2.57729 2.57977 2.58237 2.5851 2.58791 2.59081 2.59377 2.59676 2.59976 2.60275 2.60569 2.60856 2.61133 2.61397 2.61645 2.61876 2.62086 2.62273 2.62435 2.6257 2.62677 2.62755 2.62803 2.6282 2.62807 2.62763 2.62688 2.62585 2.62454 2.62296 2.62113 2.61908 2.61683 2.61439 2.6118 2.60909 2.60628 2.60339 2.60046 2.59752 2.59458 2.59167 2.58883 2.58606 2.58338 2.58082 2.57838 2.57608 2.57392 2.57191 2.57006 2.56836 2.56682 2.56544 2.5642 2.56311 2.56215 2.56133 2.56063 2.56005 2.55957 2.55919 2.5589 2.55869 2.55855 2.55848 2.55847 2.55851 2.55859 2.55871 2.55887 2.55905 2.55926 
2.55265 2.55289 2.55316 2.55345 2.55375 2.55408 2.55443 2.55481 2.55522 2.55567 2.55617 2.55673 2.55735 2.55804 2.55883 2.55971 2.5607 2.56182 2.56308 2.56448 2.56604 2.56776 2.56965 2.57172 2.57397 2.5764 2.57901 2.58178 2.58472 2.58779 2.591 2.59432 2.59773 2.6012 2.60471 2.60822 2.61171 2.61514 2.61849 2.62171 2.62478 2.62767 2.63034 2.63277 2.63494 2.63681 2.63838 2.63961 2.64051 2.64105 2.64125 2.64108 2.64056 2.6397 2.63849 2.63696 2.63512 2.633 2.63061 2.62798 2.62514 2.62213 2.61896 2.61567 2.6123 2.60887 2.60542 2.60198 2.59857 2.59522 2.59196 2.58881 2.58579 2.5829 2.58018 2.57762 2.57524 2.57303 2.57101 2.56917 2.56751 2.56602 2.56471 2.56355 2.56254 2.56169 2.56096 2.56036 2.55987 2.55949 2.55921 2.559 2.55888 2.55882 2.55882 2.55887 2.55897 2.5591 2.55927 2.55947 
2.55286 2.5531 2.55337 2.55367 2.55399 2.55434 2.55472 2.55514 2.5556 2.55611 2.55668 2.55732 2.55804 2.55886 2.55978 2.56082 2.562 2.56333 2.56482 2.56648 2.56833 2.57037 2.57262 2.57507 2.57773 2.5806 2.58367 2.58694 2.59039 2.594 2.59776 2.60164 2.60563 2.60967 2.61376 2.61784 2.6219 2.62588 2.62975 2.63348 2.63703 2.64036 2.64344 2.64624 2.64873 2.65089 2.65268 2.6541 2.65512 2.65574 2.65595 2.65576 2.65515 2.65415 2.65275 2.65098 2.64885 2.6464 2.64363 2.64059 2.63731 2.63381 2.63014 2.62633 2.62241 2.61843 2.61441 2.6104 2.60642 2.60251 2.5987 2.59501 2.59146 2.58808 2.58487 2.58186 2.57905 2.57644 2.57405 2.57186 2.56988 2.56811 2.56653 2.56514 2.56393 2.56288 2.56199 2.56125 2.56064 2.56015 2.55978 2.5595 2.55931 2.55919 2.55915 2.55916 2.55923 2.55935 2.5595 2.55969 
2.55307 2.55331 2.55359 2.5539 2.55424 2.55462 2.55503 2.5555 2.55601 2.55659 2.55725 2.55799 2.55883 2.55978 2.56086 2.56209 2.56348 2.56505 2.56681 2.56877 2.57096 2.57337 2.57601 2.5789 2.58203 2.58539 2.58899 2.59281 2.59684 2.60106 2.60543 2.60995 2.61457 2.61926 2.62398 2.6287 2.63338 2.63797 2.64243 2.64671 2.65078 2.6546 2.65813 2.66134 2.66418 2.66664 2.66868 2.67029 2.67146 2.67216 2.67239 2.67216 2.67146 2.6703 2.6687 2.66666 2.66422 2.6614 2.65823 2.65473 2.65096 2.64693 2.6427 2.63831 2.63379 2.62919 2.62454 2.6199 2.61529 2.61075 2.60632 2.60203 2.5979 2.59395 2.5902 2.58667 2.58338 2.58032 2.5775 2.57492 2.57258 2.57048 2.5686 2.56695 2.56549 2.56424 2.56316 2.56225 2.5615 2.56089 2.56041 2.56004 2.55977 2.55959 2.5595 2.55947 2.55951 2.55959 2.55973 2.5599 
2.55328 2.55353 2.55381 2.55413 2.5545 2.55491 2.55537 2.55588 2.55647 2.55713 2.55788 2.55873 2.55971 2.56082 2.56209 2.56353 2.56517 2.56701 2.56908 2.57138 2.57395 2.57677 2.57987 2.58325 2.5869 2.59083 2.59502 2.59946 2.60413 2.60901 2.61408 2.61929 2.62461 2.63001 2.63545 2.64086 2.64622 2.65147 2.65657 2.66146 2.6661 2.67045 2.67446 2.6781 2.68133 2.68411 2.68643 2.68825 2.68957 2.69035 2.69061 2.69034 2.68953 2.68821 2.68638 2.68406 2.68128 2.67806 2.67444 2.67045 2.66614 2.66154 2.6567 2.65167 2.64649 2.64121 2.63588 2.63054 2.62523 2.62 2.61489 2.60992 2.60514 2.60056 2.59621 2.59211 2.58827 2.5847 2.5814 2.57838 2.57564 2.57317 2.57095 2.56899 2.56726 2.56577 2.56448 2.56338 2.56246 2.56171 2.56111 2.56063 2.56028 2.56003 2.55987 2.5598 2.55979 2.55985 2.55996 2.56013 
2.5535 2.55375 2.55404 2.55438 2.55477 2.55522 2.55573 2.5563 2.55696 2.55772 2.55858 2.55957 2.5607 2.562 2.56348 2.56517 2.56708 2.56923 2.57165 2.57434 2.57733 2.58063 2.58423 2.58816 2.5924 2.59694 2.60179 2.60692 2.6123 2.61792 2.62374 2.62972 2.63582 2.64199 2.64819 2.65437 2.66046 2.66643 2.67221 2.67776 2.68302 2.68793 2.69247 2.69657 2.70021 2.70335 2.70595 2.708 2.70947 2.71035 2.71064 2.71032 2.7094 2.7079 2.70583 2.7032 2.70005 2.69641 2.69231 2.68779 2.6829 2.67768 2.67219 2.66646 2.66057 2.65455 2.64847 2.64237 2.6363 2.63031 2.62444 2.61874 2.61324 2.60796 2.60295 2.59821 2.59376 2.58962 2.58579 2.58228 2.57908 2.57619 2.5736 2.57129 2.56926 2.56748 2.56595 2.56464 2.56354 2.56263 2.56188 2.56129 2.56084 2.56051 2.56028 2.56015 2.5601 2.56012 2.56021 2.56036 
2.55373 2.55398 2.55428 2.55464 2.55507 2.55556 2.55612 2.55677 2.55752 2.55838 2.55937 2.56051 2.56182 2.56333 2.56505 2.56701 2.56923 2.57173 2.57454 2.57767 2.58114 2.58496 2.58913 2.59366 2.59855 2.60378 2.60935 2.61523 2.6214 2.62782 2.63446 2.64127 2.64821 2.65522 2.66225 2.66925 2.67614 2.68288 2.6894 2.69564 2.70155 2.70707 2.71216 2.71676 2.72084 2.72434 2.72725 2.72954 2.73118 2.73215 2.73246 2.7321 2.73106 2.72937 2.72704 2.72409 2.72056 2.71646 2.71185 2.70676 2.70126 2.69537 2.68917 2.68271 2.67605 2.66924 2.66234 2.65542 2.64852 2.64171 2.63502 2.62852 2.62223 2.61619 2.61044 2.605 2.59988 2.59511 2.5907 2.58664 2.58293 2.57957 2.57656 2.57387 2.57149 2.56941 2.56761 2.56606 2.56475 2.56365 2.56275 2.56202 2.56146 2.56103 2.56073 2.56053 2.56043 2.56041 2.56047 2.5606 
2.55398 2.55423 2.55454 2.55493 2.55538 2.55592 2.55655 2.55728 2.55813 2.55911 2.56025 2.56156 2.56308 2.56482 2.56681 2.56908 2.57165 2.57454 2.57779 2.5814 2.5854 2.58979 2.59458 2.59978 2.60538 2.61137 2.61773 2.62443 2.63145 2.63875 2.64627 2.65398 2.66182 2.66973 2.67765 2.68552 2.69326 2.70081 2.70811 2.71509 2.7217 2.72786 2.73353 2.73865 2.74318 2.74708 2.75031 2.75284 2.75465 2.75573 2.75606 2.75565 2.75449 2.75261 2.75 2.74671 2.74277 2.7382 2.73305 2.72736 2.7212 2.71462 2.70767 2.70042 2.69294 2.68528 2.67752 2.66971 2.66193 2.65422 2.64665 2.63928 2.63213 2.62527 2.61872 2.61251 2.60667 2.60121 2.59614 2.59148 2.58721 2.58334 2.57986 2.57674 2.57398 2.57156 2.56945 2.56763 2.56608 2.56478 2.56371 2.56283 2.56214 2.5616 2.56121 2.56094 2.56078 2.56072 2.56075 2.56086 
2.55424 2.55449 2.55482 2.55523 2.55573 2.55632 2.55702 2.55785 2.55881 2.55993 2.56123 2.56274 2.56448 2.56648 2.56877 2.57138 2.57434 2.57767 2.5814 2.58554 2.59012 2.59515 2.60063 2.60656 2.61293 2.61974 2.62695 2.63454 2.64247 2.65071 2.65919 2.66786 2.67666 2.68552 2.69439 2.70317 2.71181 2.72022 2.72834 2.7361 2.74342 2.75025 2.75653 2.76219 2.7672 2.7715 2.77506 2.77784 2.77984 2.78102 2.78138 2.78091 2.77963 2.77754 2.77466 2.77101 2.76664 2.76157 2.75586 2.74955 2.74271 2.73539 2.72766 2.71958 2.71123 2.70267 2.69399 2.68525 2.67652 2.66786 2.65935 2.65104 2.64298 2.63522 2.6278 2.62076 2.61413 2.60792 2.60215 2.59682 2.59195 2.58751 2.58351 2.57992 2.57674 2.57394 2.57149 2.56938 2.56757 2.56604 2.56477 2.56372 2.56289 2.56223 2.56174 2.56139 2.56117 2.56106 2.56105 2.56113 
2.55452 2.55477 2.55512 2.55556 2.55611 2.55676 2.55755 2.55847 2.55956 2.56083 2.56232 2.56404 2.56604 2.56833 2.57096 2.57395 2.57733 2.58114 2.5854 2.59012 2.59534 2.60106 2.60727 2.61399 2.62121 2.62889 2.63702 2.64557 2.65448 2.66371 2.6732 2.68289 2.69271 2.70258 2.71243 2.72218 2.73175 2.74107 2.75004 2.7586 2.76667 2.77419 2.78109 2.78731 2.7928 2.79752 2.80142 2.80447 2.80665 2.80793 2.80832 2.8078 2.80639 2.80408 2.80091 2.79691 2.79209 2.78652 2.78023 2.77328 2.76573 2.75764 2.74909 2.74015 2.73089 2.7214 2.71175 2.70202 2.69229 2.68263 2.67311 2.6638 2.65476 2.64605 2.6377 2.62977 2.62228 2.61526 2.60873 2.60269 2.59715 2.5921 2.58753 2.58343 2.57979 2.57657 2.57375 2.5713 2.56921 2.56743 2.56594 2.56471 2.56371 2.56292 2.56232 2.56188 2.56159 2.56142 2.56137 2.56143 
2.55483 2.55508 2.55544 2.55592 2.55652 2.55724 2.55812 2.55916 2.56039 2.56183 2.56352 2.56549 2.56776 2.57037 2.57337 2.57677 2.58063 2.58496 2.58979 2.59515 2.60106 2.60752 2.61453 2.6221 2.63021 2.63884 2.64795 2.6575 2.66745 2.67774 2.6883 2.69905 2.70994 2.72086 2.73175 2.7425 2.75304 2.76328 2.77313 2.78252 2.79136 2.79958 2.80712 2.81391 2.81989 2.82503 2.82927 2.83259 2.83496 2.83635 2.83676 2.83619 2.83464 2.83213 2.82867 2.82429 2.81903 2.81294 2.80606 2.79844 2.79017 2.7813 2.7719 2.76207 2.75188 2.74141 2.73075 2.71999 2.70921 2.69849 2.68792 2.67756 2.66748 2.65775 2.64842 2.63954 2.63114 2.62325 2.61589 2.60908 2.60282 2.59711 2.59193 2.58727 2.58312 2.57945 2.57622 2.57342 2.57101 2.56895 2.56722 2.56578 2.56461 2.56368 2.56295 2.56241 2.56204 2.56181 2.56172 2.56175 
2.55516 2.55541 2.5558 2.55631 2.55697 2.55777 2.55875 2.55992 2.5613 2.56294 2.56485 2.56708 2.56965 2.57262 2.57601 2.57987 2.58423 2.58913 2.59458 2.60063 2.60727 2.61453 2.6224 2.63088 2.63994 2.64957 2.65971 2.67033 2.68137 2.69277 2.70444 2.71631 2.7283 2.74031 2.75226 2.76405 2.77559 2.78677 2.79752 2.80775 2.81737 2.8263 2.83449 2.84185 2.84833 2.85389 2.85848 2.86206 2.86462 2.86612 2.86656 2.86594 2.86425 2.86153 2.85777 2.85303 2.84732 2.8407 2.83322 2.82494 2.81593 2.80626 2.79601 2.78526 2.7741 2.76263 2.75093 2.7391 2.72723 2.71542 2.70374 2.69228 2.68112 2.67032 2.65995 2.65006 2.64069 2.63187 2.62364 2.616 2.60897 2.60254 2.59671 2.59145 2.58676 2.58259 2.57893 2.57573 2.57297 2.57062 2.56863 2.56696 2.5656 2.5645 2.56364 2.56299 2.56253 2.56224 2.5621 2.5621 
2.55551 2.55577 2.55618 2.55674 2.55746 2.55835 2.55944 2.56075 2.56231 2.56415 2.5663 2.56881 2.57172 2.57507 2.5789 2.58325 2.58816 2.59366 2.59978 2.60656 2.61399 2.6221 2.63088 2.64032 2.65039 2.66106 2.67229 2.68403 2.6962 2.70875 2.72157 2.7346 2.74773 2.76086 2.7739 2.78674 2.79928 2.81143 2.82309 2.83416 2.84456 2.85421 2.86304 2.87097 2.87795 2.88393 2.88886 2.89271 2.89545 2.89706 2.89753 2.89685 2.89504 2.8921 2.88806 2.88294 2.87679 2.86965 2.86158 2.85263 2.84288 2.8324 2.82128 2.80961 2.79747 2.78497 2.77221 2.75929 2.7463 2.73335 2.72052 2.70792 2.69563 2.68371 2.67225 2.6613 2.65091 2.64112 2.63196 2.62345 2.6156 2.60841 2.60187 2.59597 2.59069 2.586 2.58186 2.57824 2.57511 2.57243 2.57015 2.56825 2.56667 2.5654 2.56439 2.56362 2.56307 2.5627 2.5625 2.56247 
2.5559 2.55616 2.5566 2.5572 2.55799 2.55898 2.56019 2.56165 2.5634 2.56546 2.56788 2.57071 2.57397 2.57773 2.58203 2.5869 2.5924 2.59855 2.60538 2.61293 2.62121 2.63021 2.63994 2.65039 2.66151 2.67328 2.68565 2.69854 2.71189 2.72562 2.73963 2.75384 2.76813 2.7824 2.79654 2.81045 2.82401 2.83712 2.84969 2.8616 2.87278 2.88314 2.8926 2.9011 2.90857 2.91496 2.92023 2.92434 2.92726 2.92897 2.92947 2.92875 2.9268 2.92366 2.91934 2.91386 2.90727 2.89962 2.89095 2.88134 2.87086 2.85958 2.84759 2.83498 2.82186 2.80833 2.79449 2.78045 2.76632 2.75221 2.73821 2.72443 2.71096 2.69789 2.6853 2.67324 2.66178 2.65097 2.64084 2.6314 2.62269 2.61469 2.60741 2.60083 2.59492 2.58966 2.58502 2.58095 2.57742 2.57439 2.5718 2.56963 2.56784 2.56637 2.5652 2.56431 2.56364 2.5632 2.56295 2.56287 
2.55631 2.55659 2.55705 2.5577 2.55857 2.55966 2.56101 2.56264 2.56458 2.56689 2.5696 2.57275 2.5764 2.5806 2.58539 2.59083 2.59694 2.60378 2.61137 2.61974 2.62889 2.63884 2.64957 2.66106 2.67328 2.68619 2.69972 2.7138 2.72836 2.7433 2.75853 2.77393 2.7894 2.80481 2.82007 2.83504 2.84962 2.86369 2.87715 2.8899 2.90184 2.9129 2.92298 2.93203 2.93997 2.94676 2.95236 2.95672 2.95982 2.96163 2.96216 2.96139 2.95932 2.95598 2.95139 2.94556 2.93855 2.9304 2.92116 2.9109 2.89969 2.88762 2.87477 2.86125 2.84714 2.83258 2.81765 2.80249 2.7872 2.77191 2.75671 2.74173 2.72706 2.7128 2.69903 2.68584 2.67327 2.66139 2.65024 2.63985 2.63023 2.62138 2.61332 2.60601 2.59945 2.59359 2.5884 2.58386 2.5799 2.57649 2.57358 2.57113 2.56909 2.56742 2.56608 2.56504 2.56427 2.56373 2.56342 2.56331 
2.55676 2.55704 2.55753 2.55824 2.55919 2.5604 2.56189 2.56369 2.56586 2.56842 2.57144 2.57495 2.57901 2.58367 2.58899 2.59502 2.60179 2.60935 2.61773 2.62695 2.63702 2.64795 2.65971 2.67229 2.68565 2.69972 2.71445 2.72975 2.74554 2.76171 2.77815 2.79476 2.81141 2.82797 2.84433 2.86036 2.87594 2.89096 2.9053 2.91886 2.93155 2.94327 2.95396 2.96353 2.97193 2.97911 2.98502 2.98962 2.99289 2.9948 2.99535 2.99454 2.99236 2.98884 2.98398 2.97783 2.97041 2.96178 2.95198 2.9411 2.92919 2.91635 2.90266 2.88823 2.87315 2.85756 2.84156 2.82527 2.80882 2.79234 2.77594 2.75973 2.74384 2.72837 2.7134 2.69903 2.68532 2.67235 2.66014 2.64875 2.63818 2.62846 2.61957 2.61151 2.60425 2.59776 2.59201 2.58695 2.58254 2.57873 2.57548 2.57272 2.57043 2.56854 2.56702 2.56583 2.56494 2.56431 2.56393 2.56378 
2.55724 2.55753 2.55805 2.55882 2.55986 2.56119 2.56283 2.56483 2.56722 2.57006 2.5734 2.57729 2.58178 2.58694 2.59281 2.59946 2.60692 2.61523 2.62443 2.63454 2.64557 2.6575 2.67033 2.68403 2.69854 2.7138 2.72975 2.74628 2.76331 2.78072 2.79839 2.81621 2.83403 2.85173 2.86917 2.88624 2.9028 2.91874 2.93393 2.94828 2.96168 2.97405 2.98531 2.99539 3.00422 3.01176 3.01796 3.02279 3.02622 3.02823 3.02881 3.02796 3.02568 3.02198 3.01688 3.01041 3.00262 2.99353 2.98321 2.97173 2.95915 2.94556 2.93106 2.91574 2.89972 2.88312 2.86605 2.84866 2.83106 2.81338 2.79577 2.77834 2.76121 2.74451 2.72832 2.71276 2.69788 2.68378 2.67049 2.65806 2.64652 2.63588 2.62614 2.61729 2.60931 2.60216 2.59582 2.59023 2.58534 2.58112 2.57749 2.57442 2.57185 2.56973 2.56802 2.56667 2.56565 2.56493 2.56448 2.56428 
2.55775 2.55805 2.55861 2.55944 2.56058 2.56203 2.56383 2.56604 2.56868 2.57181 2.57548 2.57977 2.58472 2.59039 2.59684 2.60413 2.6123 2.6214 2.63145 2.64247 2.65448 2.66745 2.68137 2.6962 2.71189 2.72836 2.74554 2.76331 2.78158 2.80023 2.81912 2.83812 2.8571 2.87592 2.89443 2.91251 2.93002 2.94684 2.96285 2.97794 2.99203 3.00501 3.01681 3.02736 3.03659 3.04447 3.05095 3.05599 3.05957 3.06167 3.06227 3.06139 3.05901 3.05515 3.04984 3.04308 3.03493 3.02542 3.01461 3.00256 2.98935 2.97505 2.95977 2.9436 2.92667 2.90908 2.89098 2.87249 2.85375 2.83491 2.81609 2.79743 2.77907 2.76113 2.74372 2.72694 2.71088 2.69563 2.68124 2.66775 2.65521 2.64363 2.63301 2.62334 2.61461 2.60678 2.59982 2.59367 2.58829 2.58363 2.57962 2.57621 2.57336 2.57099 2.56908 2.56756 2.56641 2.56558 2.56506 2.56482 
2.5583 2.5586 2.5592 2.5601 2.56133 2.56292 2.5649 2.56731 2.57021 2.57364 2.57768 2.58237 2.58779 2.594 2.60106 2.60901 2.61792 2.62782 2.63875 2.65071 2.66371 2.67774 2.69277 2.70875 2.72562 2.7433 2.76171 2.78072 2.80023 2.8201 2.84019 2.86036 2.88047 2.90037 2.91992 2.93897 2.95739 2.97505 2.99184 3.00764 3.02236 3.03591 3.04821 3.0592 3.06881 3.077 3.08372 3.08896 3.09267 3.09486 3.09549 3.09458 3.09212 3.08812 3.0826 3.07559 3.06712 3.05722 3.04595 3.03338 3.01957 3.00461 2.98859 2.97161 2.9538 2.93527 2.91617 2.89662 2.87677 2.85677 2.83676 2.81689 2.79731 2.77813 2.75949 2.74149 2.72424 2.70783 2.69232 2.67776 2.6642 2.65165 2.64013 2.62963 2.62013 2.61159 2.60399 2.59727 2.59137 2.58625 2.58185 2.5781 2.57494 2.57232 2.57019 2.5685 2.56721 2.56627 2.56567 2.56538 
2.55887 2.55918 2.55982 2.5608 2.56213 2.56386 2.56602 2.56865 2.57182 2.57557 2.57997 2.5851 2.591 2.59776 2.60543 2.61408 2.62374 2.63446 2.64627 2.65919 2.6732 2.6883 2.70444 2.72157 2.73963 2.75853 2.77815 2.79839 2.81912 2.84019 2.86146 2.88277 2.90397 2.92492 2.94545 2.96543 2.98471 3.00317 3.02068 3.03715 3.05246 3.06653 3.07929 3.09067 3.10062 3.10909 3.11605 3.12146 3.1253 3.12755 3.12822 3.12728 3.12475 3.12063 3.11494 3.1077 3.09893 3.08869 3.07701 3.06396 3.0496 3.03402 3.01731 2.99957 2.98093 2.96151 2.94143 2.92086 2.89994 2.87882 2.85765 2.83659 2.81579 2.79539 2.77553 2.75632 2.73788 2.7203 2.70366 2.68802 2.67343 2.6599 2.64747 2.63611 2.62583 2.61657 2.60831 2.601 2.59458 2.58899 2.58417 2.58006 2.57659 2.57371 2.57136 2.56948 2.56804 2.567 2.56632 2.56598 
2.55947 2.55979 2.56047 2.56152 2.56297 2.56484 2.56719 2.57005 2.57349 2.57757 2.58235 2.58791 2.59432 2.60164 2.60995 2.61929 2.62972 2.64127 2.65398 2.66786 2.68289 2.69905 2.71631 2.7346 2.75384 2.77393 2.79476 2.81621 2.83812 2.86036 2.88277 2.90518 2.92744 2.94938 2.97086 2.99171 3.0118 3.031 3.04918 3.06625 3.0821 3.09665 3.10982 3.12156 3.13181 3.14053 3.14769 3.15325 3.1572 3.15952 3.16021 3.15926 3.15667 3.15245 3.14661 3.13917 3.13015 3.1196 3.10755 3.09407 3.07922 3.06307 3.04572 3.02728 3.00786 2.98759 2.96661 2.94506 2.9231 2.90089 2.8786 2.85638 2.8344 2.8128 2.79173 2.77132 2.7517 2.73296 2.71519 2.69847 2.68284 2.66833 2.65497 2.64276 2.63167 2.62168 2.61275 2.60484 2.59788 2.59181 2.58656 2.58208 2.5783 2.57514 2.57256 2.5705 2.56891 2.56775 2.56699 2.5666 
2.56009 2.56042 2.56115 2.56228 2.56384 2.56586 2.56839 2.57149 2.57522 2.57963 2.5848 2.59081 2.59773 2.60563 2.61457 2.62461 2.63582 2.64821 2.66182 2.67666 2.69271 2.70994 2.7283 2.74773 2.76813 2.7894 2.81141 2.83403 2.8571 2.88047 2.90397 2.92744 2.9507 2.97359 2.99594 3.01761 3.03845 3.05833 3.07714 3.09475 3.11108 3.12606 3.1396 3.15165 3.16216 3.17109 3.17842 3.18412 3.18817 3.19055 3.19127 3.19031 3.18767 3.18337 3.1774 3.16979 3.16056 3.14975 3.13738 3.12351 3.10822 3.09156 3.07364 3.05455 3.0344 3.01334 2.9915 2.96903 2.94609 2.92285 2.89947 2.87613 2.853 2.83023 2.80798 2.7864 2.76561 2.74572 2.72684 2.70903 2.69237 2.67688 2.66259 2.64951 2.63762 2.62689 2.61729 2.60876 2.60125 2.5947 2.58902 2.58417 2.58006 2.57662 2.57381 2.57156 2.56981 2.56854 2.56769 2.56725 
2.56073 2.56108 2.56185 2.56305 2.56473 2.56691 2.56964 2.57298 2.57699 2.58174 2.58731 2.59377 2.6012 2.60967 2.61926 2.63001 2.64199 2.65522 2.66973 2.68552 2.70258 2.72086 2.74031 2.76086 2.7824 2.80481 2.82797 2.85173 2.87592 2.90037 2.92492 2.94938 2.97359 2.99736 3.02054 3.04296 3.06449 3.08499 3.10435 3.12245 3.13922 3.15456 3.16841 3.18073 3.19147 3.20059 3.20806 3.21387 3.218 3.22044 3.22118 3.22021 3.21755 3.21318 3.20712 3.19937 3.18997 3.17893 3.16629 3.15209 3.13641 3.1193 3.10086 3.08118 3.06038 3.03859 3.01595 2.99261 2.96875 2.94452 2.92011 2.8957 2.87146 2.84756 2.82416 2.80143 2.7795 2.75849 2.7385 2.71963 2.70194 2.68548 2.67027 2.65633 2.64363 2.63216 2.62189 2.61274 2.60468 2.59763 2.59153 2.58629 2.58185 2.57814 2.57509 2.57264 2.57074 2.56934 2.56841 2.56791 
2.56138 2.56174 2.56256 2.56385 2.56564 2.56798 2.5709 2.57448 2.57878 2.58388 2.58984 2.59676 2.60471 2.61376 2.62398 2.63545 2.64819 2.66225 2.67765 2.69439 2.71243 2.73175 2.75226 2.7739 2.79654 2.82007 2.84433 2.86917 2.89443 2.91992 2.94545 2.97086 2.99594 3.02054 3.04447 3.06759 3.08974 3.1108 3.13065 3.14918 3.16632 3.18197 3.1961 3.20864 3.21956 3.22883 3.23642 3.24232 3.24652 3.24901 3.24977 3.24881 3.24612 3.24171 3.23557 3.22773 3.21818 3.20696 3.1941 3.17963 3.16361 3.14611 3.12721 3.107 3.08561 3.06315 3.03978 3.01564 2.99091 2.96576 2.94038 2.91494 2.88964 2.86466 2.84016 2.81631 2.79327 2.77116 2.7501 2.73019 2.71149 2.69407 2.67795 2.66315 2.64966 2.63746 2.62651 2.61675 2.60814 2.6006 2.59405 2.58844 2.58366 2.57967 2.57638 2.57374 2.57168 2.57016 2.56914 2.56859 
2.56205 2.56242 2.56328 2.56466 2.56656 2.56906 2.57218 2.57601 2.5806 2.58603 2.59239 2.59976 2.60822 2.61784 2.6287 2.64086 2.65437 2.66925 2.68552 2.70317 2.72218 2.7425 2.76405 2.78674 2.81045 2.83504 2.86036 2.88624 2.91251 2.93897 2.96543 2.99171 3.01761 3.04296 3.06759 3.09133 3.11404 3.13559 3.15587 3.17478 3.19223 3.20815 3.2225 3.23522 3.24629 3.25567 3.26336 3.26933 3.27359 3.27611 3.27689 3.27594 3.27325 3.26881 3.26262 3.2547 3.24505 3.23369 3.22065 3.20595 3.18966 3.17182 3.15252 3.13186 3.10993 3.08688 3.06284 3.03796 3.01243 2.98642 2.96012 2.93372 2.90742 2.8814 2.85584 2.83093 2.80682 2.78365 2.76155 2.74062 2.72095 2.70258 2.68557 2.66993 2.65566 2.64273 2.63111 2.62075 2.61159 2.60356 2.59659 2.59059 2.58549 2.58121 2.57768 2.57484 2.57263 2.57099 2.56988 2.56928 
2.56272 2.5631 2.56401 2.56547 2.56749 2.57014 2.57346 2.57753 2.58241 2.58818 2.59493 2.60275 2.61171 2.6219 2.63338 2.64622 2.66046 2.67614 2.69326 2.71181 2.73175 2.75304 2.77559 2.79928 2.82401 2.84962 2.87594 2.9028 2.93002 2.95739 2.98471 3.0118 3.03845 3.06449 3.08974 3.11404 3.13725 3.15923 3.17988 3.1991 3.21681 3.23295 3.24747 3.26034 3.27152 3.28099 3.28875 3.29477 3.29907 3.30162 3.30243 3.30149 3.29879 3.29434 3.28814 3.28017 3.27045 3.25899 3.24581 3.23093 3.21441 3.1963 3.17666 3.15559 3.1332 3.10961 3.08497 3.05943 3.03316 3.00636 2.97921 2.9519 2.92466 2.89766 2.87111 2.84518 2.82004 2.79586 2.77276 2.75085 2.73022 2.71095 2.69307 2.67661 2.66158 2.64794 2.63567 2.62472 2.61502 2.60651 2.5991 2.59273 2.5873 2.58275 2.57899 2.57595 2.57358 2.57181 2.57062 2.56997 
2.56338 2.56378 2.56474 2.56627 2.56841 2.57122 2.57473 2.57903 2.5842 2.5903 2.59744 2.60569 2.61514 2.62588 2.63797 2.65147 2.66643 2.68288 2.70081 2.72022 2.74107 2.76328 2.78677 2.81143 2.83712 2.86369 2.89096 2.91874 2.94684 2.97505 3.00317 3.031 3.05833 3.08499 3.1108 3.13559 3.15923 3.18158 3.20254 3.22202 3.23995 3.25626 3.27092 3.28389 3.29514 3.30468 3.31248 3.31854 3.32287 3.32544 3.32627 3.32535 3.32267 3.31822 3.31201 3.30402 3.29426 3.28274 3.26946 3.25445 3.23775 3.21941 3.19949 3.17808 3.15529 3.13123 3.10605 3.07991 3.05297 3.02544 2.9975 2.96936 2.94124 2.91332 2.88583 2.85894 2.83284 2.80769 2.78363 2.76078 2.73925 2.7191 2.70039 2.68314 2.66736 2.65304 2.64013 2.6286 2.61838 2.6094 2.60158 2.59484 2.5891 2.58427 2.58027 2.57704 2.57452 2.57264 2.57136 2.57066 
2.56404 2.56445 2.56545 2.56707 2.56932 2.57227 2.57598 2.58051 2.58595 2.59238 2.59988 2.60856 2.61849 2.62975 2.64243 2.65657 2.67221 2.6894 2.70811 2.72834 2.75004 2.77313 2.79752 2.82309 2.84969 2.87715 2.9053 2.93393 2.96285 2.99184 3.02068 3.04918 3.07714 3.10435 3.13065 3.15587 3.17988 3.20254 3.22376 3.24345 3.26154 3.27799 3.29274 3.30578 3.31709 3.32666 3.33449 3.34057 3.34491 3.34751 3.34836 3.34745 3.34479 3.34036 3.33416 3.32618 3.31641 3.30485 3.29151 3.27641 3.25957 3.24105 3.2209 3.19921 3.17607 3.1516 3.12595 3.09927 3.07174 3.04354 3.01489 2.98598 2.95704 2.92828 2.8999 2.87212 2.84511 2.81904 2.79408 2.77034 2.74794 2.72696 2.70745 2.68945 2.67296 2.65798 2.64447 2.63238 2.62165 2.61222 2.604 2.5969 2.59085 2.58575 2.58153 2.57812 2.57544 2.57345 2.57209 2.57134 
2.56468 2.5651 2.56615 2.56784 2.57021 2.5733 2.57719 2.58195 2.58765 2.59439 2.60225 2.61133 2.62171 2.63348 2.64671 2.66146 2.67776 2.69564 2.71509 2.7361 2.7586 2.78252 2.80775 2.83416 2.8616 2.8899 2.91886 2.94828 2.97794 3.00764 3.03715 3.06625 3.09475 3.12245 3.14918 3.17478 3.1991 3.22202 3.24345 3.26331 3.28152 3.29806 3.31287 3.32595 3.33729 3.34688 3.35471 3.36081 3.36516 3.36776 3.36863 3.36775 3.36512 3.36072 3.35454 3.34658 3.33681 3.32525 3.31188 3.29672 3.27979 3.26113 3.24081 3.21888 3.19545 3.17063 3.14457 3.11741 3.08935 3.06056 3.03125 3.00165 2.97196 2.94242 2.91323 2.88461 2.85675 2.82983 2.80402 2.77945 2.75624 2.73447 2.71421 2.69549 2.67833 2.66272 2.64863 2.63601 2.6248 2.61493 2.60632 2.59889 2.59254 2.58719 2.58275 2.57916 2.57634 2.57423 2.5728 2.572 
2.56529 2.56573 2.56682 2.56858 2.57106 2.57429 2.57835 2.58332 2.58927 2.59631 2.60451 2.61397 2.62478 2.63703 2.65078 2.6661 2.68302 2.70155 2.7217 2.74342 2.76667 2.79136 2.81737 2.84456 2.87278 2.90184 2.93155 2.96168 2.99203 3.02236 3.05246 3.0821 3.11108 3.13922 3.16632 3.19223 3.21681 3.23995 3.26154 3.28152 3.29983 3.31642 3.33127 3.34437 3.35571 3.3653 3.37313 3.37922 3.38357 3.38619 3.38707 3.38621 3.38361 3.37925 3.37311 3.36518 3.35545 3.34389 3.33052 3.31533 3.29835 3.27959 3.25912 3.23701 3.21334 3.18823 3.16181 3.13424 3.1057 3.07638 3.0465 3.01626 2.9859 2.95564 2.92571 2.89632 2.86768 2.83998 2.81338 2.78804 2.76407 2.74156 2.7206 2.70121 2.68342 2.66722 2.65258 2.63946 2.6278 2.61752 2.60854 2.60078 2.59415 2.58856 2.58392 2.58016 2.5772 2.57499 2.57348 2.57264 
2.56588 2.56633 2.56746 2.56929 2.57186 2.57523 2.57946 2.58462 2.59081 2.59812 2.60663 2.61645 2.62767 2.64036 2.6546 2.67045 2.68793 2.70707 2.72786 2.75025 2.77419 2.79958 2.8263 2.85421 2.88314 2.9129 2.94327 2.97405 3.00501 3.03591 3.06653 3.09665 3.12606 3.15456 3.18197 3.20815 3.23295 3.25626 3.27799 3.29806 3.31642 3.33305 3.34791 3.36101 3.37234 3.3819 3.38972 3.3958 3.40015 3.40277 3.40367 3.40284 3.40027 3.39595 3.38985 3.38197 3.37228 3.36076 3.3474 3.33221 3.31519 3.29637 3.2758 3.25353 3.22967 3.20431 3.17759 3.14967 3.12071 3.09093 3.06053 3.02973 2.99876 2.96786 2.93725 2.90717 2.87782 2.8494 2.82208 2.79603 2.77136 2.74818 2.72656 2.70655 2.68817 2.67143 2.65628 2.6427 2.63061 2.61995 2.61063 2.60257 2.59568 2.58985 2.58502 2.5811 2.57801 2.57571 2.57413 2.57324 
2.56643 2.56689 2.56806 2.56995 2.57262 2.5761 2.58048 2.58583 2.59224 2.5998 2.60861 2.61876 2.63034 2.64344 2.65813 2.67446 2.69247 2.71216 2.73353 2.75653 2.78109 2.80712 2.83449 2.86304 2.8926 2.92298 2.95396 2.98531 3.01681 3.04821 3.07929 3.10982 3.1396 3.16841 3.1961 3.2225 3.24747 3.27092 3.29274 3.31287 3.33127 3.34791 3.36277 3.37585 3.38716 3.3967 3.40449 3.41056 3.41489 3.41752 3.41843 3.41762 3.41509 3.41081 3.40477 3.39694 3.3873 3.37582 3.3625 3.34732 3.33029 3.31143 3.29078 3.26841 3.24438 3.21882 3.19185 3.16362 3.13431 3.10412 3.07327 3.04197 3.01046 2.97899 2.94778 2.91708 2.88709 2.85802 2.83005 2.80335 2.77805 2.75425 2.73204 2.71147 2.69256 2.67531 2.6597 2.64569 2.63321 2.6222 2.61257 2.60423 2.59709 2.59106 2.58605 2.58198 2.57878 2.57638 2.57473 2.57381 
2.56693 2.56741 2.56861 2.57056 2.57331 2.57691 2.58142 2.58694 2.59354 2.60134 2.61041 2.62086 2.63277 2.64624 2.66134 2.6781 2.69657 2.71676 2.73865 2.76219 2.78731 2.81391 2.84185 2.87097 2.9011 2.93203 2.96353 2.99539 3.02736 3.0592 3.09067 3.12156 3.15165 3.18073 3.20864 3.23522 3.26034 3.28389 3.30578 3.32595 3.34437 3.36101 3.37585 3.3889 3.40018 3.40969 3.41746 3.4235 3.42783 3.43045 3.43138 3.43059 3.4281 3.42386 3.41787 3.4101 3.40051 3.38908 3.3758 3.36065 3.34362 3.32474 3.30405 3.28158 3.25744 3.2317 3.20452 3.17604 3.14643 3.11589 3.08464 3.05291 3.02094 2.98896 2.95723 2.92597 2.89541 2.86577 2.83723 2.80995 2.78408 2.75974 2.737 2.71592 2.69653 2.67883 2.6628 2.6484 2.63558 2.62425 2.61433 2.60574 2.59838 2.59216 2.58699 2.58278 2.57947 2.57699 2.57529 2.57433 
2.56739 2.56787 2.56911 2.57111 2.57393 2.57763 2.58227 2.58793 2.59471 2.60271 2.61201 2.62273 2.63494 2.64873 2.66418 2.68133 2.70021 2.72084 2.74318 2.7672 2.7928 2.81989 2.84833 2.87795 2.90857 2.93997 2.97193 3.00422 3.03659 3.06881 3.10062 3.13181 3.16216 3.19147 3.21956 3.24629 3.27152 3.29514 3.31709 3.33729 3.35571 3.37234 3.38716 3.40018 3.41142 3.4209 3.42864 3.43466 3.43897 3.4416 3.44253 3.44177 3.43931 3.43512 3.42918 3.42146 3.41192 3.40055 3.38731 3.37219 3.35518 3.33629 3.31556 3.29304 3.26879 3.24293 3.21557 3.18687 3.15701 3.12618 3.0946 3.0625 3.03012 2.99771 2.96552 2.93379 2.90274 2.87259 2.84355 2.81577 2.78941 2.76458 2.74138 2.71985 2.70004 2.68195 2.66555 2.65082 2.63768 2.62607 2.6159 2.60709 2.59953 2.59314 2.58783 2.58351 2.5801 2.57754 2.57579 2.5748 
2.56779 2.56828 2.56954 2.57159 2.57448 2.57826 2.583 2.5888 2.59573 2.6039 2.61341 2.62435 2.63681 2.65089 2.66664 2.68411 2.70335 2.72434 2.74708 2.7715 2.79752 2.82503 2.85389 2.88393 2.91496 2.94676 2.97911 3.01176 3.04447 3.077 3.10909 3.14053 3.17109 3.20059 3.22883 3.25567 3.28099 3.30468 3.32666 3.34688 3.3653 3.3819 3.3967 3.40969 3.4209 3.43035 3.43806 3.44406 3.44836 3.45098 3.45193 3.45119 3.44875 3.4446 3.43871 3.43104 3.42156 3.41023 3.39704 3.38195 3.36496 3.34607 3.32532 3.30275 3.27843 3.25246 3.22496 3.19609 3.16601 3.13494 3.10308 3.07067 3.03796 3.00518 2.97261 2.94047 2.90901 2.87844 2.84897 2.82077 2.79399 2.76875 2.74515 2.72324 2.70307 2.68464 2.66793 2.6529 2.6395 2.62765 2.61726 2.60826 2.60053 2.594 2.58856 2.58414 2.58065 2.57803 2.57623 2.57521 
2.56813 2.56863 2.56991 2.572 2.57494 2.57879 2.58362 2.58952 2.59658 2.6049 2.61457 2.6257 2.63838 2.65268 2.66868 2.68643 2.70595 2.72725 2.75031 2.77506 2.80142 2.82927 2.85848 2.88886 2.92023 2.95236 2.98502 3.01796 3.05095 3.08372 3.11605 3.14769 3.17842 3.20806 3.23642 3.26336 3.28875 3.31248 3.33449 3.35471 3.37313 3.38972 3.40449 3.41746 3.42864 3.43806 3.44575 3.45173 3.45602 3.45864 3.45959 3.45887 3.45646 3.45235 3.44649 3.43886 3.42943 3.41814 3.40499 3.38993 3.37296 3.35408 3.33331 3.3107 3.28632 3.26027 3.23266 3.20365 3.1734 3.14213 3.11005 3.07739 3.0444 3.01133 2.97844 2.94598 2.91418 2.88326 2.85344 2.82489 2.79777 2.7722 2.74827 2.72605 2.70559 2.68687 2.6699 2.65464 2.64101 2.62896 2.6184 2.60924 2.60137 2.59472 2.58918 2.58467 2.58111 2.57844 2.5766 2.57556 
2.5684 2.56891 2.57021 2.57233 2.57531 2.57921 2.58412 2.5901 2.59726 2.60569 2.6155 2.62677 2.63961 2.6541 2.67029 2.68825 2.708 2.72954 2.75284 2.77784 2.80447 2.83259 2.86206 2.89271 2.92434 2.95672 2.98962 3.02279 3.05599 3.08896 3.12146 3.15325 3.18412 3.21387 3.24232 3.26933 3.29477 3.31854 3.34057 3.36081 3.37922 3.3958 3.41056 3.4235 3.43466 3.44406 3.45173 3.4577 3.46198 3.4646 3.46556 3.46485 3.46246 3.45837 3.45255 3.44495 3.43555 3.4243 3.41117 3.39613 3.37918 3.3603 3.33952 3.31688 3.29246 3.26634 3.23864 3.20952 3.17915 3.14773 3.11547 3.08262 3.04942 3.01612 2.98299 2.95027 2.91821 2.88703 2.85694 2.82812 2.80073 2.7749 2.75072 2.72826 2.70756 2.68863 2.67146 2.65601 2.64221 2.63 2.6193 2.61001 2.60204 2.59529 2.58967 2.58509 2.58148 2.57877 2.5769 2.57584 
2.56861 2.56912 2.57043 2.57257 2.57558 2.57953 2.58448 2.59053 2.59776 2.60627 2.61617 2.62755 2.64051 2.65512 2.67146 2.68957 2.70947 2.73118 2.75465 2.77984 2.80665 2.83496 2.86462 2.89545 2.92726 2.95982 2.99289 3.02622 3.05957 3.09267 3.1253 3.1572 3.18817 3.218 3.24652 3.27359 3.29907 3.32287 3.34491 3.36516 3.38357 3.40015 3.41489 3.42783 3.43897 3.44836 3.45602 3.46198 3.46627 3.46889 3.46985 3.46915 3.46678 3.4627 3.4569 3.44932 3.43994 3.42871 3.4156 3.40057 3.38362 3.36474 3.34395 3.32129 3.29683 3.27066 3.2429 3.2137 3.18324 3.1517 3.11932 3.08633 3.05298 3.01952 2.98622 2.95333 2.92108 2.88971 2.85943 2.83042 2.80284 2.77683 2.75247 2.72984 2.70898 2.6899 2.67258 2.657 2.64308 2.63076 2.61996 2.61058 2.60253 2.59571 2.59003 2.58541 2.58175 2.57901 2.57712 2.57605 
2.56874 2.56926 2.57058 2.57273 2.57576 2.57973 2.58472 2.5908 2.59807 2.60663 2.61659 2.62803 2.64105 2.65574 2.67216 2.69035 2.71035 2.73215 2.75573 2.78102 2.80793 2.83635 2.86612 2.89706 2.92897 2.96163 2.9948 3.02823 3.06167 3.09486 3.12755 3.15952 3.19055 3.22044 3.24901 3.27611 3.30162 3.32544 3.34751 3.36776 3.38619 3.40277 3.41752 3.43045 3.4416 3.45098 3.45864 3.4646 3.46889 3.47151 3.47248 3.47178 3.46941 3.46535 3.45955 3.45198 3.44261 3.43138 3.41828 3.40325 3.38629 3.36741 3.3466 3.32392 3.29943 3.27322 3.24542 3.21617 3.18564 3.15404 3.12158 3.08851 3.05507 3.02152 2.98811 2.95511 2.92276 2.89128 2.86089 2.83178 2.80409 2.77797 2.75351 2.73078 2.70983 2.69066 2.67326 2.6576 2.64361 2.63122 2.62036 2.61093 2.60284 2.59598 2.59026 2.58561 2.58193 2.57917 2.57727 2.57619 
