1.45117 1.4515 1.45183 1.45214 1.45244 1.45272 1.45298 1.45321 1.45342 1.45361 1.45378 1.45392 1.45404 1.45415 1.45424 1.45431 1.45437 1.45442 1.45446 1.4545 1.45453 1.45455 1.45458 1.45461 1.45464 1.45467 1.4547 1.45474 1.45479 1.45484 1.45489 1.45496 1.45503 1.45511 1.45519 1.45528 1.45537 1.45547 1.45557 1.45567 1.45578 1.45588 1.45598 1.45607 1.45616 1.45623 1.4563 1.45636 1.4564 1.45643 1.45645 1.45645 1.45644 1.45641 1.45637 1.45632 1.45626 1.45619 1.4561 1.45602 1.45592 1.45582 1.45572 1.45562 1.45552 1.45543 1.45533 1.45524 1.45516 1.45508 1.45501 1.45495 1.45489 1.45484 1.45479 1.45476 1.45473 1.4547 1.45469 1.45468 1.45468 1.45469 1.45471 1.45474 1.45478 1.45484 1.45492 1.45501 1.45513 1.45527 1.45543 1.45562 1.45583 1.45606 1.45632 1.4566 1.4569 1.45722 1.45754 1.45788 
1.4515 1.45183 1.45216 1.45247 1.45277 1.45305 1.45331 1.45354 1.45376 1.45394 1.45411 1.45425 1.45438 1.45448 1.45457 1.45464 1.4547 1.45475 1.45479 1.45482 1.45485 1.45488 1.45491 1.45493 1.45496 1.45499 1.45503 1.45506 1.45511 1.45516 1.45521 1.45528 1.45535 1.45542 1.45551 1.4556 1.45569 1.45579 1.45589 1.456 1.4561 1.4562 1.4563 1.4564 1.45649 1.45656 1.45663 1.45669 1.45674 1.45677 1.45678 1.45679 1.45677 1.45675 1.45671 1.45666 1.45659 1.45652 1.45643 1.45634 1.45625 1.45615 1.45605 1.45594 1.45584 1.45575 1.45565 1.45556 1.45548 1.4554 1.45533 1.45527 1.45521 1.45516 1.45512 1.45508 1.45505 1.45503 1.45501 1.45501 1.45501 1.45502 1.45504 1.45507 1.45511 1.45517 1.45525 1.45535 1.45546 1.4556 1.45576 1.45595 1.45616 1.4564 1.45666 1.45694 1.45724 1.45755 1.45788 1.45821 
1.45183 1.45216 1.45248 1.4528 1.45309 1.45337 1.45363 1.45387 1.45408 1.45427 1.45443 1.45458 1.4547 1.4548 1.45489 1.45496 1.45502 1.45507 1.45512 1.45515 1.45518 1.45521 1.45524 1.45527 1.4553 1.45533 1.45537 1.45541 1.45546 1.45552 1.45558 1.45565 1.45573 1.45582 1.45592 1.45602 1.45613 1.45624 1.45636 1.45648 1.4566 1.45672 1.45684 1.45695 1.45705 1.45714 1.45722 1.45728 1.45734 1.45737 1.45739 1.45739 1.45738 1.45735 1.4573 1.45724 1.45716 1.45708 1.45698 1.45688 1.45676 1.45665 1.45653 1.45642 1.4563 1.45619 1.45608 1.45598 1.45588 1.45579 1.45571 1.45564 1.45557 1.45551 1.45547 1.45543 1.45539 1.45537 1.45535 1.45534 1.45534 1.45535 1.45537 1.4554 1.45544 1.4555 1.45558 1.45567 1.45579 1.45592 1.45609 1.45627 1.45649 1.45672 1.45698 1.45726 1.45756 1.45787 1.4582 1.45853 
1.45214 1.45247 1.4528 1.45311 1.45341 1.45369 1.45394 1.45418 1.45439 1.45458 1.45475 1.45489 1.45501 1.45512 1.45521 1.45528 1.45534 1.45539 1.45543 1.45547 1.4555 1.45554 1.45557 1.4556 1.45564 1.45568 1.45573 1.45578 1.45585 1.45592 1.456 1.45609 1.4562 1.45631 1.45643 1.45656 1.4567 1.45685 1.457 1.45715 1.45731 1.45746 1.4576 1.45774 1.45787 1.45798 1.45808 1.45817 1.45823 1.45827 1.4583 1.4583 1.45828 1.45824 1.45818 1.4581 1.458 1.45789 1.45777 1.45764 1.45749 1.45735 1.4572 1.45705 1.4569 1.45676 1.45662 1.45649 1.45637 1.45626 1.45615 1.45606 1.45598 1.45591 1.45584 1.45579 1.45575 1.45571 1.45569 1.45567 1.45567 1.45567 1.45569 1.45572 1.45576 1.45582 1.45589 1.45599 1.4561 1.45624 1.4564 1.45659 1.4568 1.45703 1.45729 1.45757 1.45787 1.45819 1.45851 1.45885 
1.45244 1.45277 1.45309 1.45341 1.4537 1.45398 1.45424 1.45448 1.45469 1.45488 1.45505 1.45519 1.45531 1.45542 1.45551 1.45558 1.45564 1.4557 1.45574 1.45578 1.45582 1.45586 1.4559 1.45594 1.45599 1.45605 1.45611 1.45619 1.45627 1.45637 1.45648 1.45661 1.45675 1.45691 1.45707 1.45725 1.45744 1.45764 1.45784 1.45805 1.45825 1.45846 1.45865 1.45883 1.459 1.45915 1.45929 1.45939 1.45948 1.45953 1.45956 1.45956 1.45954 1.45948 1.4594 1.45929 1.45916 1.45901 1.45885 1.45867 1.45848 1.45828 1.45808 1.45788 1.45768 1.45749 1.4573 1.45713 1.45696 1.45681 1.45667 1.45655 1.45644 1.45634 1.45625 1.45618 1.45612 1.45607 1.45603 1.45601 1.456 1.45599 1.456 1.45603 1.45607 1.45612 1.4562 1.45629 1.4564 1.45654 1.4567 1.45689 1.4571 1.45733 1.45759 1.45787 1.45817 1.45849 1.45881 1.45914 
1.45272 1.45305 1.45337 1.45369 1.45398 1.45426 1.45452 1.45476 1.45497 1.45516 1.45533 1.45547 1.45559 1.4557 1.45579 1.45587 1.45593 1.45599 1.45604 1.45609 1.45613 1.45618 1.45623 1.45629 1.45636 1.45643 1.45653 1.45663 1.45675 1.45689 1.45705 1.45723 1.45743 1.45764 1.45787 1.45812 1.45839 1.45866 1.45894 1.45922 1.4595 1.45978 1.46004 1.46029 1.46052 1.46073 1.46091 1.46105 1.46116 1.46124 1.46128 1.46127 1.46123 1.46116 1.46104 1.46089 1.46072 1.46051 1.46028 1.46004 1.45978 1.45951 1.45923 1.45896 1.45868 1.45842 1.45816 1.45792 1.45769 1.45748 1.45729 1.45712 1.45696 1.45682 1.4567 1.4566 1.45652 1.45645 1.45639 1.45635 1.45632 1.45631 1.45631 1.45633 1.45636 1.45641 1.45648 1.45657 1.45669 1.45682 1.45698 1.45717 1.45738 1.45761 1.45787 1.45815 1.45845 1.45876 1.45909 1.45942 
1.45298 1.45331 1.45363 1.45394 1.45424 1.45452 1.45478 1.45502 1.45523 1.45542 1.45558 1.45573 1.45586 1.45596 1.45605 1.45613 1.4562 1.45627 1.45632 1.45638 1.45644 1.4565 1.45657 1.45665 1.45674 1.45686 1.45698 1.45713 1.45731 1.45751 1.45773 1.45798 1.45826 1.45856 1.45889 1.45924 1.4596 1.45998 1.46037 1.46076 1.46115 1.46152 1.46189 1.46223 1.46254 1.46282 1.46306 1.46326 1.46341 1.46351 1.46355 1.46355 1.46349 1.46338 1.46322 1.46302 1.46277 1.46249 1.46218 1.46184 1.46148 1.46111 1.46073 1.46034 1.45997 1.4596 1.45925 1.45891 1.4586 1.4583 1.45804 1.45779 1.45757 1.45738 1.45721 1.45707 1.45694 1.45684 1.45676 1.4567 1.45665 1.45662 1.45661 1.45662 1.45665 1.45669 1.45676 1.45684 1.45695 1.45709 1.45724 1.45743 1.45764 1.45787 1.45813 1.45841 1.45871 1.45902 1.45935 1.45968 
1.45321 1.45354 1.45387 1.45418 1.45448 1.45476 1.45502 1.45525 1.45547 1.45566 1.45582 1.45597 1.4561 1.45621 1.4563 1.45638 1.45646 1.45653 1.4566 1.45667 1.45674 1.45683 1.45692 1.45704 1.45717 1.45733 1.45751 1.45772 1.45797 1.45825 1.45857 1.45892 1.45931 1.45973 1.46018 1.46067 1.46117 1.46169 1.46223 1.46276 1.46329 1.46381 1.4643 1.46477 1.46519 1.46557 1.46589 1.46616 1.46636 1.46649 1.46655 1.46654 1.46645 1.4663 1.46608 1.4658 1.46547 1.46508 1.46465 1.46418 1.46369 1.46318 1.46266 1.46214 1.46162 1.46112 1.46063 1.46017 1.45973 1.45932 1.45895 1.45861 1.45831 1.45804 1.4578 1.4576 1.45742 1.45727 1.45715 1.45706 1.45699 1.45694 1.45691 1.4569 1.45692 1.45696 1.45701 1.45709 1.4572 1.45733 1.45749 1.45767 1.45788 1.45811 1.45837 1.45865 1.45895 1.45926 1.45958 1.45992 
1.45342 1.45376 1.45408 1.45439 1.45469 1.45497 1.45523 1.45547 1.45568 1.45587 1.45604 1.45619 1.45632 1.45643 1.45653 1.45662 1.4567 1.45679 1.45687 1.45696 1.45706 1.45717 1.4573 1.45746 1.45765 1.45787 1.45813 1.45843 1.45877 1.45917 1.45961 1.4601 1.46064 1.46122 1.46185 1.46251 1.4632 1.46392 1.46464 1.46537 1.46609 1.46678 1.46745 1.46807 1.46864 1.46915 1.46958 1.46993 1.47019 1.47037 1.47044 1.47042 1.47031 1.4701 1.4698 1.46942 1.46896 1.46844 1.46786 1.46723 1.46656 1.46587 1.46516 1.46445 1.46375 1.46306 1.46239 1.46176 1.46116 1.4606 1.46009 1.45962 1.4592 1.45883 1.4585 1.45821 1.45797 1.45776 1.45759 1.45745 1.45734 1.45726 1.45721 1.45718 1.45718 1.45721 1.45726 1.45733 1.45743 1.45755 1.45771 1.45789 1.45809 1.45833 1.45858 1.45886 1.45916 1.45947 1.4598 1.46013 
1.45361 1.45394 1.45427 1.45458 1.45488 1.45516 1.45542 1.45566 1.45587 1.45606 1.45623 1.45638 1.45652 1.45663 1.45674 1.45684 1.45694 1.45704 1.45714 1.45726 1.45739 1.45754 1.45773 1.45795 1.45821 1.45852 1.45888 1.4593 1.45978 1.46032 1.46093 1.4616 1.46234 1.46314 1.46399 1.46489 1.46582 1.46679 1.46776 1.46874 1.4697 1.47063 1.47151 1.47234 1.47309 1.47376 1.47433 1.47479 1.47513 1.47536 1.47545 1.47542 1.47526 1.47498 1.47458 1.47407 1.47346 1.47276 1.47198 1.47114 1.47025 1.46932 1.46837 1.46742 1.46647 1.46554 1.46465 1.46379 1.46298 1.46222 1.46152 1.46089 1.46031 1.4598 1.45935 1.45895 1.45861 1.45832 1.45808 1.45788 1.45773 1.45761 1.45752 1.45747 1.45744 1.45745 1.45749 1.45755 1.45764 1.45776 1.45791 1.45808 1.45829 1.45852 1.45877 1.45905 1.45935 1.45966 1.45999 1.46032 
1.45378 1.45411 1.45443 1.45475 1.45505 1.45533 1.45558 1.45582 1.45604 1.45623 1.45641 1.45656 1.4567 1.45682 1.45694 1.45705 1.45717 1.45729 1.45742 1.45757 1.45775 1.45797 1.45822 1.45853 1.45889 1.45932 1.45981 1.46039 1.46104 1.46179 1.46261 1.46353 1.46453 1.4656 1.46674 1.46794 1.46919 1.47047 1.47176 1.47305 1.47432 1.47554 1.47671 1.47779 1.47877 1.47964 1.48038 1.48098 1.48142 1.48171 1.48183 1.48178 1.48156 1.48119 1.48066 1.47999 1.47918 1.47826 1.47723 1.47612 1.47494 1.47371 1.47246 1.4712 1.46994 1.46871 1.46751 1.46637 1.46528 1.46427 1.46333 1.46248 1.4617 1.461 1.46039 1.45985 1.45938 1.45899 1.45865 1.45838 1.45815 1.45798 1.45785 1.45776 1.45771 1.45769 1.45771 1.45776 1.45784 1.45795 1.45809 1.45826 1.45846 1.45869 1.45894 1.45922 1.45952 1.45983 1.46015 1.46048 
1.45392 1.45425 1.45458 1.45489 1.45519 1.45547 1.45573 1.45597 1.45619 1.45638 1.45656 1.45672 1.45687 1.457 1.45713 1.45726 1.4574 1.45755 1.45773 1.45793 1.45817 1.45846 1.45881 1.45923 1.45972 1.46031 1.46098 1.46176 1.46265 1.46365 1.46476 1.46598 1.46731 1.46874 1.47025 1.47184 1.47348 1.47515 1.47684 1.47853 1.48017 1.48176 1.48327 1.48467 1.48594 1.48705 1.488 1.48876 1.48933 1.48969 1.48983 1.48976 1.48948 1.48899 1.4883 1.48742 1.48637 1.48517 1.48384 1.48239 1.48086 1.47926 1.47762 1.47597 1.47432 1.47271 1.47114 1.46963 1.4682 1.46686 1.46562 1.46447 1.46344 1.46251 1.46169 1.46096 1.46033 1.45979 1.45934 1.45896 1.45865 1.4584 1.45821 1.45807 1.45798 1.45794 1.45793 1.45796 1.45802 1.45812 1.45826 1.45842 1.45862 1.45884 1.45909 1.45937 1.45966 1.45997 1.4603 1.46063 
1.45404 1.45438 1.4547 1.45501 1.45531 1.45559 1.45586 1.4561 1.45632 1.45652 1.4567 1.45687 1.45702 1.45717 1.45732 1.45748 1.45765 1.45784 1.45807 1.45834 1.45867 1.45906 1.45953 1.4601 1.46077 1.46155 1.46246 1.4635 1.46469 1.46602 1.46749 1.4691 1.47085 1.47272 1.47469 1.47675 1.47888 1.48105 1.48323 1.48539 1.48751 1.48954 1.49146 1.49324 1.49486 1.49627 1.49747 1.49843 1.49914 1.49959 1.49976 1.49966 1.49929 1.49866 1.49777 1.49665 1.49531 1.49377 1.49206 1.4902 1.48823 1.48618 1.48407 1.48194 1.47981 1.47772 1.47568 1.47372 1.47186 1.47011 1.46848 1.46698 1.46562 1.4644 1.4633 1.46234 1.4615 1.46078 1.46017 1.45966 1.45923 1.45889 1.45863 1.45842 1.45828 1.45819 1.45815 1.45816 1.4582 1.45829 1.45841 1.45857 1.45876 1.45898 1.45922 1.4595 1.45979 1.4601 1.46042 1.46075 
1.45415 1.45448 1.4548 1.45512 1.45542 1.4557 1.45596 1.45621 1.45643 1.45663 1.45682 1.457 1.45717 1.45734 1.45751 1.4577 1.45792 1.45817 1.45847 1.45883 1.45926 1.45979 1.46043 1.46118 1.46207 1.46312 1.46433 1.46571 1.46726 1.46901 1.47093 1.47303 1.47529 1.4777 1.48025 1.48289 1.48562 1.48838 1.49116 1.4939 1.49657 1.49914 1.50156 1.50379 1.50581 1.50758 1.50908 1.51027 1.51115 1.5117 1.51191 1.51177 1.5113 1.51049 1.50937 1.50795 1.50626 1.50431 1.50215 1.4998 1.49731 1.49471 1.49203 1.48932 1.48661 1.48393 1.48133 1.47881 1.47642 1.47416 1.47206 1.47012 1.46835 1.46675 1.46532 1.46406 1.46296 1.462 1.46119 1.46051 1.45994 1.45948 1.45911 1.45883 1.45862 1.45847 1.45839 1.45836 1.45838 1.45845 1.45855 1.4587 1.45888 1.45909 1.45934 1.45961 1.4599 1.46021 1.46053 1.46086 
1.45424 1.45457 1.45489 1.45521 1.45551 1.45579 1.45605 1.4563 1.45653 1.45674 1.45694 1.45713 1.45732 1.45751 1.45772 1.45796 1.45823 1.45855 1.45895 1.45942 1.46 1.4607 1.46154 1.46254 1.46372 1.46509 1.46667 1.46847 1.47049 1.47275 1.47522 1.47792 1.48081 1.48389 1.48712 1.49047 1.49391 1.49739 1.50086 1.5043 1.50763 1.51082 1.51383 1.5166 1.51909 1.52127 1.52311 1.52458 1.52565 1.52631 1.52656 1.52638 1.52578 1.52478 1.52338 1.52161 1.5195 1.51708 1.51438 1.51146 1.50834 1.50509 1.50173 1.49833 1.49492 1.49155 1.48826 1.48508 1.48204 1.47916 1.47648 1.47399 1.47172 1.46966 1.46782 1.46619 1.46475 1.46351 1.46245 1.46155 1.4608 1.46018 1.45969 1.4593 1.459 1.45879 1.45865 1.45858 1.45857 1.45861 1.45869 1.45883 1.459 1.4592 1.45944 1.4597 1.45999 1.4603 1.46062 1.46094 
1.45431 1.45464 1.45496 1.45528 1.45558 1.45587 1.45613 1.45638 1.45662 1.45684 1.45705 1.45726 1.45748 1.4577 1.45796 1.45825 1.4586 1.45902 1.45953 1.46015 1.46091 1.46183 1.46294 1.46424 1.46577 1.46755 1.46959 1.47191 1.4745 1.47738 1.48053 1.48394 1.4876 1.49147 1.49551 1.4997 1.50398 1.50829 1.5126 1.51683 1.52094 1.52485 1.52853 1.53192 1.53496 1.53761 1.53984 1.54161 1.54291 1.5437 1.54398 1.54375 1.54301 1.54177 1.54006 1.53789 1.53529 1.53232 1.52901 1.52541 1.52158 1.51756 1.51342 1.5092 1.50497 1.50078 1.49667 1.49269 1.48888 1.48527 1.48189 1.47875 1.47587 1.47325 1.4709 1.46881 1.46697 1.46537 1.464 1.46283 1.46185 1.46104 1.46039 1.45986 1.45946 1.45916 1.45895 1.45883 1.45877 1.45878 1.45884 1.45895 1.4591 1.4593 1.45953 1.45979 1.46007 1.46037 1.46069 1.46102 
1.45437 1.4547 1.45502 1.45534 1.45564 1.45593 1.4562 1.45646 1.4567 1.45694 1.45717 1.4574 1.45765 1.45792 1.45823 1.4586 1.45904 1.45958 1.46025 1.46106 1.46205 1.46324 1.46467 1.46635 1.46833 1.4706 1.47321 1.47615 1.47943 1.48306 1.48701 1.49128 1.49583 1.50063 1.50564 1.51079 1.51605 1.52133 1.52659 1.53174 1.53672 1.54147 1.54591 1.54998 1.55364 1.55683 1.5595 1.56161 1.56315 1.56409 1.56441 1.56412 1.56321 1.56171 1.55963 1.55701 1.55388 1.55028 1.54627 1.5419 1.53724 1.53235 1.5273 1.52215 1.51697 1.51182 1.50676 1.50185 1.49713 1.49265 1.48843 1.48451 1.4809 1.47762 1.47466 1.47201 1.46968 1.46765 1.46589 1.4644 1.46314 1.46209 1.46123 1.46055 1.46001 1.4596 1.4593 1.45911 1.45899 1.45896 1.45899 1.45907 1.45921 1.45939 1.45961 1.45986 1.46014 1.46044 1.46075 1.46108 
1.45442 1.45475 1.45507 1.45539 1.4557 1.45599 1.45627 1.45653 1.45679 1.45704 1.45729 1.45755 1.45784 1.45817 1.45855 1.45902 1.45958 1.46028 1.46114 1.46218 1.46346 1.46499 1.46681 1.46896 1.47146 1.47434 1.47762 1.48131 1.48541 1.48992 1.49482 1.50009 1.50569 1.51157 1.51768 1.52395 1.53032 1.53671 1.54304 1.54923 1.55519 1.56086 1.56615 1.571 1.57534 1.5791 1.58226 1.58475 1.58656 1.58765 1.58802 1.58766 1.58657 1.58477 1.58229 1.57916 1.57543 1.57113 1.56634 1.56112 1.55553 1.54966 1.54358 1.53736 1.5311 1.52485 1.5187 1.51272 1.50695 1.50145 1.49627 1.49143 1.48697 1.48289 1.4792 1.4759 1.47297 1.47042 1.4682 1.46631 1.4647 1.46336 1.46226 1.46137 1.46067 1.46012 1.45972 1.45943 1.45925 1.45916 1.45915 1.4592 1.45932 1.45948 1.45969 1.45993 1.4602 1.4605 1.46081 1.46113 
1.45446 1.45479 1.45512 1.45543 1.45574 1.45604 1.45632 1.4566 1.45687 1.45714 1.45742 1.45773 1.45807 1.45847 1.45895 1.45953 1.46025 1.46114 1.46223 1.46356 1.46518 1.46712 1.46943 1.47214 1.47527 1.47887 1.48295 1.48752 1.49258 1.49812 1.50412 1.51054 1.51734 1.52445 1.53181 1.53935 1.54697 1.55459 1.56211 1.56944 1.5765 1.58318 1.5894 1.59509 1.60016 1.60457 1.60824 1.61115 1.61324 1.6145 1.61491 1.61447 1.61319 1.61107 1.60815 1.60447 1.60008 1.59502 1.58937 1.5832 1.57659 1.56963 1.56241 1.55501 1.54752 1.54005 1.53267 1.52546 1.51849 1.51183 1.50553 1.49963 1.49417 1.48917 1.48462 1.48055 1.47693 1.47375 1.47098 1.46861 1.46659 1.4649 1.46351 1.46237 1.46146 1.46075 1.46021 1.45982 1.45955 1.4594 1.45933 1.45935 1.45943 1.45957 1.45976 1.45999 1.46026 1.46055 1.46085 1.46117 
1.4545 1.45482 1.45515 1.45547 1.45578 1.45609 1.45638 1.45667 1.45696 1.45726 1.45757 1.45793 1.45834 1.45883 1.45942 1.46015 1.46106 1.46218 1.46356 1.46525 1.46728 1.46972 1.4726 1.47597 1.47986 1.4843 1.48931 1.4949 1.50107 1.5078 1.51505 1.52277 1.53092 1.53942 1.54818 1.55711 1.56612 1.57509 1.58392 1.5925 1.60073 1.6085 1.61573 1.62231 1.62818 1.63325 1.63748 1.64082 1.64321 1.64465 1.64511 1.64458 1.64308 1.64063 1.63725 1.63298 1.62788 1.622 1.61543 1.60824 1.60053 1.59238 1.5839 1.5752 1.56638 1.55754 1.54878 1.5402 1.53189 1.52392 1.51635 1.50924 1.50264 1.49657 1.49104 1.48606 1.48163 1.47772 1.47431 1.47137 1.46886 1.46676 1.465 1.46357 1.46241 1.4615 1.4608 1.46027 1.45991 1.45967 1.45954 1.45951 1.45956 1.45967 1.45984 1.46006 1.46031 1.46059 1.4609 1.46121 
1.45453 1.45485 1.45518 1.4555 1.45582 1.45613 1.45644 1.45674 1.45706 1.45739 1.45775 1.45817 1.45867 1.45926 1.46 1.46091 1.46205 1.46346 1.46518 1.46728 1.46982 1.47284 1.47639 1.48054 1.4853 1.49072 1.49681 1.50357 1.511 1.51906 1.52772 1.53691 1.54656 1.55658 1.56688 1.57734 1.58785 1.59828 1.60851 1.61843 1.62791 1.63684 1.64512 1.65264 1.65933 1.66511 1.66992 1.6737 1.67641 1.67802 1.67853 1.67791 1.67619 1.67338 1.66951 1.66463 1.65879 1.65206 1.64452 1.63625 1.62735 1.61794 1.60812 1.59802 1.58774 1.57741 1.56715 1.55706 1.54726 1.53782 1.52884 1.52037 1.51248 1.50519 1.49854 1.49253 1.48715 1.4824 1.47824 1.47464 1.47156 1.46896 1.46679 1.465 1.46355 1.4624 1.4615 1.46082 1.46033 1.45999 1.45979 1.4597 1.4597 1.45978 1.45993 1.46013 1.46036 1.46064 1.46093 1.46125 
1.45455 1.45488 1.45521 1.45554 1.45586 1.45618 1.4565 1.45683 1.45717 1.45754 1.45797 1.45846 1.45906 1.45979 1.4607 1.46183 1.46324 1.46499 1.46712 1.46972 1.47284 1.47654 1.48088 1.48592 1.49169 1.49822 1.50553 1.51361 1.52245 1.532 1.54222 1.55302 1.56432 1.57601 1.58797 1.60007 1.61218 1.62416 1.63587 1.64719 1.65798 1.66811 1.67747 1.68597 1.6935 1.7 1.70539 1.70962 1.71264 1.71444 1.71499 1.71429 1.71234 1.70917 1.70481 1.6993 1.6927 1.68509 1.67654 1.66715 1.65702 1.64628 1.63505 1.62345 1.61163 1.5997 1.58782 1.5761 1.56466 1.55362 1.54307 1.5331 1.52377 1.51512 1.5072 1.50002 1.49358 1.48786 1.48284 1.47848 1.47473 1.47156 1.4689 1.4667 1.4649 1.46346 1.46233 1.46147 1.46083 1.46037 1.46008 1.45992 1.45987 1.45991 1.46002 1.4602 1.46042 1.46068 1.46097 1.46128 
1.45458 1.45491 1.45524 1.45557 1.4559 1.45623 1.45657 1.45692 1.4573 1.45773 1.45822 1.45881 1.45953 1.46043 1.46154 1.46294 1.46467 1.46681 1.46943 1.4726 1.47639 1.48088 1.48613 1.49218 1.49909 1.50687 1.51555 1.5251 1.5355 1.5467 1.55862 1.57117 1.58424 1.5977 1.61143 1.62526 1.63905 1.65265 1.6659 1.67866 1.69078 1.70213 1.7126 1.72207 1.73045 1.73766 1.74363 1.74831 1.75165 1.75363 1.75422 1.75343 1.75126 1.74773 1.74288 1.73674 1.72939 1.72088 1.71132 1.70079 1.68941 1.6773 1.6646 1.65145 1.638 1.6244 1.61079 1.59732 1.58414 1.57136 1.55911 1.54749 1.53657 1.52643 1.5171 1.50861 1.50096 1.49415 1.48815 1.48293 1.47842 1.47459 1.47136 1.46868 1.46649 1.46472 1.46332 1.46223 1.46141 1.46082 1.46042 1.46017 1.46006 1.46005 1.46013 1.46028 1.46048 1.46073 1.46101 1.46131 
1.45461 1.45493 1.45527 1.4556 1.45594 1.45629 1.45665 1.45704 1.45746 1.45795 1.45853 1.45923 1.4601 1.46118 1.46254 1.46424 1.46635 1.46896 1.47214 1.47597 1.48054 1.48592 1.49218 1.49938 1.50756 1.51674 1.52692 1.53809 1.55019 1.56316 1.57691 1.59133 1.60628 1.62162 1.63719 1.65282 1.66835 1.6836 1.69842 1.71262 1.72608 1.73865 1.75021 1.76064 1.76984 1.77775 1.78429 1.7894 1.79304 1.79519 1.79583 1.79496 1.79257 1.7887 1.78337 1.77663 1.76853 1.75915 1.74858 1.73692 1.72428 1.7108 1.69662 1.68188 1.66676 1.65141 1.636 1.6207 1.60566 1.59104 1.57697 1.56356 1.55093 1.53914 1.52827 1.51833 1.50936 1.50133 1.49424 1.48804 1.48267 1.47809 1.47422 1.47099 1.46834 1.46618 1.46447 1.46313 1.4621 1.46135 1.46082 1.46047 1.46028 1.46022 1.46025 1.46037 1.46055 1.46078 1.46105 1.46134 
1.45464 1.45496 1.4553 1.45564 1.45599 1.45636 1.45674 1.45717 1.45765 1.45821 1.45889 1.45972 1.46077 1.46207 1.46372 1.46577 1.46833 1.47146 1.47527 1.47986 1.4853 1.49169 1.49909 1.50756 1.51714 1.52785 1.53967 1.55258 1.56652 1.58138 1.59708 1.61346 1.63037 1.64766 1.66513 1.6826 1.69988 1.71679 1.73316 1.7488 1.76357 1.77732 1.78993 1.80128 1.81128 1.81985 1.82691 1.83243 1.83636 1.83868 1.83936 1.83841 1.83582 1.83163 1.82585 1.81854 1.80974 1.79953 1.78799 1.77523 1.76136 1.74652 1.73086 1.71453 1.69772 1.68059 1.66333 1.64614 1.62917 1.61261 1.59661 1.58131 1.56684 1.55329 1.54074 1.52923 1.51879 1.50943 1.50113 1.49384 1.48752 1.48209 1.47749 1.47365 1.47047 1.46788 1.4658 1.46416 1.4629 1.46196 1.46128 1.46082 1.46054 1.46041 1.46039 1.46047 1.46062 1.46084 1.46109 1.46138 
1.45467 1.45499 1.45533 1.45568 1.45605 1.45643 1.45686 1.45733 1.45787 1.45852 1.45932 1.46031 1.46155 1.46312 1.46509 1.46755 1.4706 1.47434 1.47887 1.4843 1.49072 1.49822 1.50687 1.51674 1.52785 1.54021 1.5538 1.56857 1.58445 1.60131 1.61903 1.63745 1.65638 1.67565 1.69504 1.71435 1.73338 1.75192 1.7698 1.78683 1.80286 1.81773 1.83133 1.84354 1.85427 1.86344 1.871 1.87689 1.88108 1.88354 1.88427 1.88325 1.88049 1.876 1.86982 1.86198 1.85254 1.84155 1.82911 1.81531 1.80027 1.78412 1.76702 1.74913 1.73064 1.71174 1.69262 1.67349 1.65454 1.63598 1.61797 1.60069 1.58428 1.56885 1.5545 1.5413 1.52929 1.51847 1.50884 1.50036 1.49297 1.48662 1.48121 1.47667 1.4729 1.46981 1.46733 1.46536 1.46383 1.46267 1.46182 1.46122 1.46084 1.46063 1.46055 1.46059 1.46071 1.4609 1.46114 1.46141 
1.4547 1.45503 1.45537 1.45573 1.45611 1.45653 1.45698 1.45751 1.45813 1.45888 1.45981 1.46098 1.46246 1.46433 1.46667 1.46959 1.47321 1.47762 1.48295 1.48931 1.49681 1.50553 1.51555 1.52692 1.53967 1.5538 1.56927 1.586 1.6039 1.62284 1.64264 1.66314 1.68412 1.70537 1.72666 1.74778 1.76851 1.78864 1.80796 1.8263 1.84349 1.8594 1.8739 1.88689 1.89827 1.90798 1.91597 1.92218 1.9266 1.9292 1.92996 1.92889 1.92598 1.92125 1.91472 1.90642 1.8964 1.88472 1.87146 1.85671 1.84058 1.8232 1.80474 1.78535 1.76523 1.74458 1.72362 1.70255 1.68161 1.66101 1.64094 1.62161 1.60317 1.58577 1.56953 1.55453 1.54083 1.52844 1.51738 1.5076 1.49905 1.49167 1.48538 1.48006 1.47564 1.472 1.46906 1.46671 1.46488 1.46347 1.46243 1.46168 1.46118 1.46088 1.46074 1.46072 1.46081 1.46097 1.46119 1.46145 
1.45474 1.45506 1.45541 1.45578 1.45619 1.45663 1.45713 1.45772 1.45843 1.4593 1.46039 1.46176 1.4635 1.46571 1.46847 1.47191 1.47615 1.48131 1.48752 1.4949 1.50357 1.51361 1.5251 1.53809 1.55258 1.56857 1.586 1.60478 1.62477 1.64582 1.66774 1.69032 1.71334 1.73654 1.7597 1.78257 1.80492 1.82652 1.84719 1.86673 1.88499 1.90182 1.91711 1.93077 1.94271 1.95288 1.96123 1.96772 1.97232 1.97503 1.97583 1.97472 1.97169 1.96677 1.95995 1.95128 1.94078 1.9285 1.91453 1.89893 1.88182 1.86333 1.8436 1.8228 1.80114 1.77881 1.75605 1.73309 1.71016 1.68751 1.66536 1.64393 1.62341 1.60397 1.58575 1.56886 1.55338 1.53933 1.52673 1.51556 1.50576 1.49727 1.49 1.48385 1.4787 1.47446 1.47101 1.46824 1.46606 1.46439 1.46312 1.46221 1.46158 1.46117 1.46095 1.46088 1.46092 1.46105 1.46125 1.4615 
1.45479 1.45511 1.45546 1.45585 1.45627 1.45675 1.45731 1.45797 1.45877 1.45978 1.46104 1.46265 1.46469 1.46726 1.47049 1.4745 1.47943 1.48541 1.49258 1.50107 1.511 1.52245 1.5355 1.55019 1.56652 1.58445 1.6039 1.62477 1.64689 1.67007 1.69411 1.71876 1.74377 1.76887 1.79381 1.81833 1.84218 1.86515 1.88703 1.90764 1.92682 1.94445 1.96041 1.97462 1.98702 1.99755 2.00618 2.01288 2.01764 2.02043 2.02127 2.02013 2.01702 2.01195 2.00493 1.99596 1.98508 1.97233 1.95776 1.94146 1.9235 1.90402 1.88316 1.86108 1.83798 1.81407 1.7896 1.7648 1.73993 1.71526 1.69103 1.66749 1.64486 1.62334 1.60308 1.58424 1.56689 1.55109 1.53687 1.52422 1.51309 1.50341 1.49508 1.48801 1.48209 1.47718 1.47317 1.46995 1.46739 1.46541 1.46391 1.4628 1.46202 1.4615 1.46119 1.46105 1.46105 1.46114 1.46132 1.46156 
1.45484 1.45516 1.45552 1.45592 1.45637 1.45689 1.45751 1.45825 1.45917 1.46032 1.46179 1.46365 1.46602 1.46901 1.47275 1.47738 1.48306 1.48992 1.49812 1.5078 1.51906 1.532 1.5467 1.56316 1.58138 1.60131 1.62284 1.64582 1.67007 1.69538 1.7215 1.74816 1.77509 1.802 1.8286 1.85465 1.87987 1.90406 1.927 1.94852 1.96848 1.98675 2.00324 2.01788 2.03062 2.04141 2.05024 2.05709 2.06195 2.06481 2.06567 2.06453 2.06138 2.05622 2.04906 2.0399 2.02875 2.01565 2.00063 1.98376 1.96511 1.94479 1.92295 1.89973 1.87534 1.84998 1.8239 1.79736 1.77063 1.744 1.71773 1.6921 1.66735 1.64372 1.6214 1.60054 1.58127 1.56366 1.54775 1.53354 1.521 1.51005 1.50061 1.49256 1.48579 1.48016 1.47555 1.47182 1.46886 1.46654 1.46477 1.46346 1.46251 1.46186 1.46146 1.46125 1.46119 1.46125 1.4614 1.46162 
1.45489 1.45521 1.45558 1.456 1.45648 1.45705 1.45773 1.45857 1.45961 1.46093 1.46261 1.46476 1.46749 1.47093 1.47522 1.48053 1.48701 1.49482 1.50412 1.51505 1.52772 1.54222 1.55862 1.57691 1.59708 1.61903 1.64264 1.66774 1.69411 1.7215 1.74964 1.77823 1.80697 1.83556 1.8637 1.89112 1.91756 1.94279 1.96663 1.9889 2.00946 2.02822 2.04509 2.06002 2.07297 2.08393 2.09287 2.0998 2.10472 2.10762 2.1085 2.10737 2.10422 2.09904 2.09182 2.08256 2.07126 2.05794 2.04261 2.02533 2.00615 1.98517 1.96251 1.93832 1.91279 1.88614 1.8586 1.83044 1.80196 1.77344 1.7452 1.71752 1.69069 1.66496 1.64055 1.61766 1.59643 1.57695 1.5593 1.54347 1.52945 1.51717 1.50655 1.49747 1.4898 1.4834 1.47814 1.47388 1.47047 1.46779 1.46573 1.46418 1.46305 1.46227 1.46176 1.46147 1.46135 1.46136 1.46148 1.46168 
1.45496 1.45528 1.45565 1.45609 1.45661 1.45723 1.45798 1.45892 1.4601 1.4616 1.46353 1.46598 1.4691 1.47303 1.47792 1.48394 1.49128 1.50009 1.51054 1.52277 1.53691 1.55302 1.57117 1.59133 1.61346 1.63745 1.66314 1.69032 1.71876 1.74816 1.77823 1.80864 1.83907 1.86919 1.89871 1.92733 1.95481 1.98091 2.00546 2.02829 2.0493 2.06838 2.08548 2.10056 2.11361 2.12462 2.13359 2.14054 2.14546 2.14838 2.14928 2.14818 2.14506 2.13991 2.13272 2.12346 2.11213 2.09871 2.08323 2.06569 2.04615 2.02468 2.00139 1.97642 1.94993 1.92214 1.8933 1.86368 1.83357 1.80329 1.77317 1.74352 1.71465 1.68685 1.66038 1.63545 1.61224 1.59087 1.57143 1.55394 1.53839 1.52473 1.51287 1.5027 1.49409 1.48688 1.48093 1.47609 1.47221 1.46914 1.46677 1.46497 1.46365 1.46271 1.46209 1.46171 1.46152 1.46149 1.46158 1.46176 
1.45503 1.45535 1.45573 1.4562 1.45675 1.45743 1.45826 1.45931 1.46064 1.46234 1.46453 1.46731 1.47085 1.47529 1.48081 1.4876 1.49583 1.50569 1.51734 1.53092 1.54656 1.56432 1.58424 1.60628 1.63037 1.65638 1.68412 1.71334 1.74377 1.77509 1.80697 1.83907 1.87103 1.90253 1.93325 1.96289 1.99122 2.018 2.04308 2.0663 2.08756 2.10681 2.12399 2.1391 2.15213 2.16309 2.172 2.1789 2.18379 2.18669 2.18762 2.18656 2.18351 2.17844 2.17135 2.16218 2.15093 2.13755 2.12205 2.10442 2.0847 2.06292 2.03918 2.01361 1.98635 1.95762 1.92765 1.89672 1.86514 1.83324 1.80135 1.76982 1.739 1.70919 1.68069 1.65374 1.62855 1.60528 1.58403 1.56486 1.54775 1.53267 1.51954 1.50824 1.49864 1.49058 1.48391 1.47846 1.47407 1.47059 1.46789 1.46582 1.46429 1.46319 1.46244 1.46197 1.46172 1.46163 1.46169 1.46184 
1.45511 1.45542 1.45582 1.45631 1.45691 1.45764 1.45856 1.45973 1.46122 1.46314 1.4656 1.46874 1.47272 1.4777 1.48389 1.49147 1.50063 1.51157 1.52445 1.53942 1.55658 1.57601 1.5977 1.62162 1.64766 1.67565 1.70537 1.73654 1.76887 1.802 1.83556 1.86919 1.90253 1.93523 1.96696 1.99744 2.02642 2.0537 2.07912 2.10255 2.12391 2.14317 2.16029 2.17529 2.18818 2.199 2.20779 2.21458 2.21939 2.22226 2.22319 2.22219 2.21924 2.21431 2.20738 2.1984 2.18732 2.17411 2.15873 2.14117 2.12141 2.09951 2.07551 2.04952 2.02169 1.9922 1.96129 1.92924 1.89635 1.86297 1.82945 1.79617 1.76348 1.73174 1.70127 1.67235 1.64522 1.62006 1.59701 1.57613 1.55744 1.54092 1.52648 1.51402 1.5034 1.49447 1.48704 1.48096 1.47605 1.47214 1.46908 1.46673 1.46498 1.46371 1.46282 1.46225 1.46192 1.46179 1.4618 1.46193 
1.45519 1.45551 1.45592 1.45643 1.45707 1.45787 1.45889 1.46018 1.46185 1.46399 1.46674 1.47025 1.47469 1.48025 1.48712 1.49551 1.50564 1.51768 1.53181 1.54818 1.56688 1.58797 1.61143 1.63719 1.66513 1.69504 1.72666 1.7597 1.79381 1.8286 1.8637 1.89871 1.93325 1.96696 1.99952 2.03064 2.0601 2.08769 2.11327 2.13674 2.15805 2.17717 2.1941 2.20888 2.22154 2.23214 2.24072 2.24735 2.25205 2.25486 2.2558 2.25487 2.25204 2.2473 2.24059 2.23186 2.22106 2.20812 2.19299 2.17562 2.156 2.13413 2.11004 2.08383 2.05561 2.02556 1.9939 1.9609 1.92688 1.89219 1.85719 1.82229 1.78786 1.75429 1.72194 1.69111 1.66208 1.63506 1.61022 1.58764 1.56737 1.5494 1.53364 1.52001 1.50835 1.49851 1.49031 1.48358 1.47812 1.47376 1.47033 1.4677 1.46571 1.46425 1.46323 1.46255 1.46214 1.46195 1.46192 1.46203 
1.45528 1.4556 1.45602 1.45656 1.45725 1.45812 1.45924 1.46067 1.46251 1.46489 1.46794 1.47184 1.47675 1.48289 1.49047 1.4997 1.51079 1.52395 1.53935 1.55711 1.57734 1.60007 1.62526 1.65282 1.6826 1.71435 1.74778 1.78257 1.81833 1.85465 1.89112 1.92733 1.96289 1.99744 2.03064 2.06223 2.09198 2.11971 2.14529 2.16865 2.18976 2.20862 2.22525 2.2397 2.25205 2.26235 2.27067 2.27709 2.28165 2.28439 2.28533 2.28447 2.28179 2.27726 2.27083 2.26242 2.25197 2.2394 2.22462 2.20758 2.18823 2.16654 2.14253 2.11626 2.08783 2.0574 2.02518 1.99142 1.95645 1.92061 1.8843 1.84792 1.81189 1.7766 1.74246 1.70981 1.67895 1.65012 1.62353 1.59928 1.57745 1.55802 1.54095 1.52613 1.51342 1.50267 1.49369 1.48628 1.48026 1.47544 1.47164 1.4687 1.46647 1.46483 1.46366 1.46287 1.46237 1.46212 1.46205 1.46213 
1.45537 1.45569 1.45613 1.4567 1.45744 1.45839 1.4596 1.46117 1.4632 1.46582 1.46919 1.47348 1.47888 1.48562 1.49391 1.50398 1.51605 1.53032 1.54697 1.56612 1.58785 1.61218 1.63905 1.66835 1.69988 1.73338 1.76851 1.80492 1.84218 1.87987 1.91756 1.95481 1.99122 2.02642 2.0601 2.09198 2.12185 2.14956 2.175 2.19812 2.21891 2.23739 2.25362 2.26767 2.27962 2.28957 2.29759 2.30376 2.30815 2.3108 2.31173 2.31095 2.30844 2.30415 2.29803 2.29 2.27996 2.26783 2.25351 2.2369 2.21793 2.19656 2.17278 2.14661 2.11814 2.0875 2.05488 2.02054 1.98479 1.94799 1.91052 1.87282 1.83532 1.79845 1.76264 1.72826 1.69565 1.66509 1.6368 1.61093 1.58755 1.5667 1.54832 1.53232 1.51857 1.5069 1.49713 1.48905 1.48246 1.47717 1.47298 1.46973 1.46726 1.46542 1.4641 1.46319 1.46262 1.4623 1.46219 1.46224 
1.45547 1.45579 1.45624 1.45685 1.45764 1.45866 1.45998 1.46169 1.46392 1.46679 1.47047 1.47515 1.48105 1.48838 1.49739 1.50829 1.52133 1.53671 1.55459 1.57509 1.59828 1.62416 1.65265 1.6836 1.71679 1.75192 1.78864 1.82652 1.86515 1.90406 1.94279 1.98091 2.018 2.0537 2.08769 2.11971 2.14956 2.17711 2.20229 2.22505 2.24541 2.26343 2.27918 2.29276 2.30427 2.31382 2.3215 2.3274 2.3316 2.33415 2.33507 2.33437 2.33203 2.328 2.32222 2.3146 2.30503 2.2934 2.27959 2.2635 2.24502 2.22408 2.20064 2.17471 2.14634 2.11565 2.0828 2.04805 2.01169 1.97408 1.93563 1.89676 1.85794 1.81963 1.78227 1.74627 1.71201 1.6798 1.64988 1.62244 1.59758 1.57533 1.55567 1.53852 1.52373 1.51115 1.50059 1.49184 1.48469 1.47892 1.47435 1.47079 1.46806 1.46603 1.46455 1.46353 1.46287 1.46249 1.46233 1.46236 
1.45557 1.45589 1.45636 1.457 1.45784 1.45894 1.46037 1.46223 1.46464 1.46776 1.47176 1.47684 1.48323 1.49116 1.50086 1.5126 1.52659 1.54304 1.56211 1.58392 1.60851 1.63587 1.6659 1.69842 1.73316 1.7698 1.80796 1.84719 1.88703 1.927 1.96663 2.00546 2.04308 2.07912 2.11327 2.14529 2.175 2.20229 2.22709 2.2494 2.26927 2.28676 2.30198 2.31504 2.32607 2.33518 2.34249 2.34811 2.35211 2.35454 2.35545 2.35483 2.35267 2.34892 2.34349 2.3363 2.32722 2.31614 2.3029 2.28738 2.26946 2.24904 2.22605 2.20047 2.17233 2.14171 2.10879 2.07377 2.03696 1.9987 1.95941 1.91954 1.87955 1.83993 1.80115 1.76366 1.72786 1.69409 1.66264 1.6337 1.60741 1.58382 1.56292 1.54464 1.52885 1.51538 1.50404 1.49463 1.48691 1.48068 1.47572 1.47185 1.46887 1.46664 1.46501 1.46387 1.46312 1.46268 1.46248 1.46247 
1.45567 1.456 1.45648 1.45715 1.45805 1.45922 1.46076 1.46276 1.46537 1.46874 1.47305 1.47853 1.48539 1.4939 1.5043 1.51683 1.53174 1.54923 1.56944 1.5925 1.61843 1.64719 1.67866 1.71262 1.7488 1.78683 1.8263 1.86673 1.90764 1.94852 1.9889 2.02829 2.0663 2.10255 2.13674 2.16865 2.19812 2.22505 2.2494 2.2712 2.29051 2.30743 2.32208 2.3346 2.34512 2.35379 2.36073 2.36605 2.36983 2.37215 2.37304 2.37251 2.37052 2.36704 2.36197 2.35522 2.34666 2.33613 2.3235 2.3086 2.29129 2.27145 2.24898 2.22383 2.19602 2.1656 2.13271 2.09756 2.06043 2.02168 1.9817 1.94096 1.89995 1.85917 1.81912 1.78026 1.74304 1.70782 1.67492 1.64458 1.61693 1.59206 1.56998 1.55061 1.53385 1.51952 1.50743 1.49737 1.48911 1.48242 1.47709 1.4729 1.46968 1.46725 1.46547 1.46422 1.46337 1.46287 1.46262 1.46259 
1.45578 1.4561 1.4566 1.45731 1.45825 1.4595 1.46115 1.46329 1.46609 1.4697 1.47432 1.48017 1.48751 1.49657 1.50763 1.52094 1.53672 1.55519 1.5765 1.60073 1.62791 1.65798 1.69078 1.72608 1.76357 1.80286 1.84349 1.88499 1.92682 1.96848 2.00946 2.0493 2.08756 2.12391 2.15805 2.18976 2.21891 2.24541 2.26927 2.29051 2.30924 2.32556 2.33963 2.35159 2.36161 2.36983 2.37639 2.38141 2.38498 2.38719 2.38805 2.38759 2.38578 2.38257 2.37786 2.37154 2.36349 2.35353 2.34151 2.32724 2.31057 2.29134 2.26944 2.2448 2.21738 2.18724 2.15449 2.11932 2.082 2.04287 2.00235 1.96089 1.919 1.87719 1.83599 1.7959 1.75738 1.72084 1.68661 1.65494 1.62603 1.59996 1.57676 1.55637 1.53868 1.52353 1.51072 1.50004 1.49124 1.48411 1.47841 1.47393 1.47047 1.46785 1.46593 1.46455 1.46363 1.46305 1.46277 1.46271 
1.45588 1.4562 1.45672 1.45746 1.45846 1.45978 1.46152 1.46381 1.46678 1.47063 1.47554 1.48176 1.48954 1.49914 1.51082 1.52485 1.54147 1.56086 1.58318 1.6085 1.63684 1.66811 1.70213 1.73865 1.77732 1.81773 1.8594 1.90182 1.94445 1.98675 2.02822 2.06838 2.10681 2.14317 2.17717 2.20862 2.23739 2.26343 2.28676 2.30743 2.32556 2.34129 2.35478 2.36619 2.37571 2.38349 2.38968 2.39441 2.39778 2.39987 2.40071 2.40032 2.39867 2.39571 2.39135 2.38546 2.3779 2.3685 2.35707 2.34344 2.32741 2.30881 2.28751 2.2634 2.23643 2.20664 2.1741 2.13899 2.10158 2.06219 2.02123 1.97918 1.93654 1.89384 1.85164 1.81045 1.77076 1.73301 1.69756 1.66469 1.6346 1.60742 1.58318 1.56183 1.54327 1.52734 1.51385 1.50258 1.49329 1.48574 1.47969 1.47493 1.47124 1.46844 1.46636 1.46488 1.46387 1.46324 1.46291 1.46283 
1.45598 1.4563 1.45684 1.4576 1.45865 1.46004 1.46189 1.4643 1.46745 1.47151 1.47671 1.48327 1.49146 1.50156 1.51383 1.52853 1.54591 1.56615 1.5894 1.61573 1.64512 1.67747 1.7126 1.75021 1.78993 1.83133 1.8739 1.91711 1.96041 2.00324 2.04509 2.08548 2.12399 2.16029 2.1941 2.22525 2.25362 2.27918 2.30198 2.32208 2.33963 2.35478 2.3677 2.37859 2.38763 2.39499 2.40083 2.40529 2.40846 2.41044 2.41126 2.41093 2.40944 2.40672 2.40267 2.39718 2.39009 2.38122 2.37038 2.35735 2.34195 2.32398 2.30327 2.2797 2.25321 2.22379 2.19151 2.15654 2.11911 2.07955 2.03827 1.99573 1.95246 1.90901 1.86593 1.82377 1.78304 1.74421 1.70766 1.6737 1.64255 1.61435 1.58915 1.56692 1.54756 1.53091 1.5168 1.50498 1.49522 1.48728 1.4809 1.47587 1.47196 1.46899 1.46678 1.46519 1.46411 1.46341 1.46304 1.46294 
1.45607 1.4564 1.45695 1.45774 1.45883 1.46029 1.46223 1.46477 1.46807 1.47234 1.47779 1.48467 1.49324 1.50379 1.5166 1.53192 1.54998 1.571 1.59509 1.62231 1.65264 1.68597 1.72207 1.76064 1.80128 1.84354 1.88689 1.93077 1.97462 2.01788 2.06002 2.10056 2.1391 2.17529 2.20888 2.2397 2.26767 2.29276 2.31504 2.3346 2.35159 2.36619 2.37859 2.38899 2.39759 2.40456 2.41008 2.41427 2.41727 2.41914 2.41994 2.41967 2.41831 2.41581 2.41206 2.40693 2.40028 2.3919 2.3816 2.36915 2.35434 2.33695 2.31682 2.29378 2.26776 2.23873 2.20674 2.17194 2.13455 2.0949 2.05337 2.01046 1.96667 1.92257 1.87874 1.83575 1.79412 1.75433 1.71681 1.68188 1.64978 1.62067 1.5946 1.57157 1.55149 1.5342 1.51951 1.50719 1.49701 1.4887 1.48202 1.47674 1.47264 1.4695 1.46717 1.46549 1.46433 1.46358 1.46317 1.46304 
1.45616 1.45649 1.45705 1.45787 1.459 1.46052 1.46254 1.46519 1.46864 1.47309 1.47877 1.48594 1.49486 1.50581 1.51909 1.53496 1.55364 1.57534 1.60016 1.62818 1.65933 1.6935 1.73045 1.76984 1.81128 1.85427 1.89827 1.94271 1.98702 2.03062 2.07297 2.11361 2.15213 2.18818 2.22154 2.25205 2.27962 2.30427 2.32607 2.34512 2.36161 2.37571 2.38763 2.39759 2.40578 2.4124 2.41763 2.4216 2.42443 2.4262 2.42698 2.42676 2.42552 2.42321 2.41973 2.41493 2.40867 2.40073 2.39092 2.37899 2.36472 2.34788 2.32828 2.30574 2.28017 2.25152 2.21983 2.18522 2.14791 2.10821 2.06651 2.02329 1.97909 1.93446 1.89 1.84629 1.80388 1.76328 1.72491 1.68913 1.6562 1.62629 1.59947 1.57574 1.55501 1.53714 1.52194 1.50918 1.49861 1.48998 1.48304 1.47754 1.47325 1.46997 1.46753 1.46576 1.46453 1.46373 1.46329 1.46314 
1.45623 1.45656 1.45714 1.45798 1.45915 1.46073 1.46282 1.46557 1.46915 1.47376 1.47964 1.48705 1.49627 1.50758 1.52127 1.53761 1.55683 1.5791 1.60457 1.63325 1.66511 1.7 1.73766 1.77775 1.81985 1.86344 1.90798 1.95288 1.99755 2.04141 2.08393 2.12462 2.16309 2.199 2.23214 2.26235 2.28957 2.31382 2.33518 2.35379 2.36983 2.38349 2.39499 2.40456 2.4124 2.41872 2.42369 2.42746 2.43015 2.43184 2.43259 2.43241 2.43128 2.42914 2.42588 2.42138 2.41545 2.4079 2.39851 2.38705 2.37325 2.3569 2.33777 2.31568 2.29052 2.26222 2.2308 2.19638 2.15917 2.11945 2.07764 2.03419 1.98965 1.94459 1.89962 1.85531 1.81226 1.77097 1.73189 1.69539 1.66176 1.63116 1.60369 1.57936 1.55808 1.53971 1.52407 1.51092 1.50002 1.49111 1.48393 1.47824 1.47379 1.47039 1.46784 1.46599 1.46471 1.46387 1.4634 1.46323 
1.4563 1.45663 1.45722 1.45808 1.45929 1.46091 1.46306 1.46589 1.46958 1.47433 1.48038 1.488 1.49747 1.50908 1.52311 1.53984 1.5595 1.58226 1.60824 1.63748 1.66992 1.70539 1.74363 1.78429 1.82691 1.871 1.91597 1.96123 2.00618 2.05024 2.09287 2.13359 2.172 2.20779 2.24072 2.27067 2.29759 2.3215 2.34249 2.36073 2.37639 2.38968 2.40083 2.41008 2.41763 2.42369 2.42844 2.43205 2.43461 2.43624 2.43697 2.43683 2.43579 2.43378 2.43071 2.42644 2.4208 2.41358 2.40455 2.39346 2.38007 2.36412 2.34539 2.32369 2.29888 2.27088 2.23971 2.20546 2.16834 2.12864 2.08674 2.04312 1.99832 1.95292 1.90753 1.86276 1.81918 1.77733 1.73767 1.70059 1.66637 1.63522 1.60722 1.58238 1.56065 1.54187 1.52586 1.51239 1.50122 1.49207 1.48469 1.47883 1.47425 1.47074 1.46811 1.4662 1.46486 1.46399 1.46349 1.4633 
1.45636 1.45669 1.45728 1.45817 1.45939 1.46105 1.46326 1.46616 1.46993 1.47479 1.48098 1.48876 1.49843 1.51027 1.52458 1.54161 1.56161 1.58475 1.61115 1.64082 1.6737 1.70962 1.74831 1.7894 1.83243 1.87689 1.92218 1.96772 2.01288 2.05709 2.0998 2.14054 2.1789 2.21458 2.24735 2.27709 2.30376 2.3274 2.34811 2.36605 2.38141 2.39441 2.40529 2.41427 2.4216 2.42746 2.43205 2.43551 2.43799 2.43956 2.44028 2.44016 2.43919 2.43729 2.43437 2.43029 2.42487 2.4179 2.40915 2.39837 2.38529 2.36967 2.35125 2.32985 2.30532 2.27756 2.24659 2.21248 2.17544 2.13575 2.0938 2.05006 2.00506 1.95941 1.9137 1.86856 1.82458 1.7823 1.7422 1.70467 1.67001 1.63841 1.61 1.58478 1.56268 1.54358 1.52728 1.51356 1.50217 1.49284 1.4853 1.47931 1.47463 1.47103 1.46833 1.46637 1.46499 1.46408 1.46357 1.46337 
1.4564 1.45674 1.45734 1.45823 1.45948 1.46116 1.46341 1.46636 1.47019 1.47513 1.48142 1.48933 1.49914 1.51115 1.52565 1.54291 1.56315 1.58656 1.61324 1.64321 1.67641 1.71264 1.75165 1.79304 1.83636 1.88108 1.9266 1.97232 2.01764 2.06195 2.10472 2.14546 2.18379 2.21939 2.25205 2.28165 2.30815 2.3316 2.35211 2.36983 2.38498 2.39778 2.40846 2.41727 2.42443 2.43015 2.43461 2.43799 2.4404 2.44193 2.44264 2.44254 2.44162 2.4398 2.43699 2.43304 2.42778 2.42099 2.41244 2.40187 2.38902 2.37362 2.35543 2.33425 2.3099 2.28232 2.25148 2.21747 2.18049 2.1408 2.09881 2.05498 2.00985 1.96401 1.91809 1.87269 1.82843 1.78585 1.74544 1.70759 1.67261 1.64071 1.612 1.58651 1.56416 1.54483 1.52832 1.51442 1.50287 1.4934 1.48575 1.47967 1.47491 1.47125 1.4685 1.46649 1.46508 1.46416 1.46362 1.46341 
1.45643 1.45677 1.45737 1.45827 1.45953 1.46124 1.46351 1.46649 1.47037 1.47536 1.48171 1.48969 1.49959 1.5117 1.52631 1.5437 1.56409 1.58765 1.6145 1.64465 1.67802 1.71444 1.75363 1.79519 1.83868 1.88354 1.9292 1.97503 2.02043 2.06481 2.10762 2.14838 2.18669 2.22226 2.25486 2.28439 2.3108 2.33415 2.35454 2.37215 2.38719 2.39987 2.41044 2.41914 2.4262 2.43184 2.43624 2.43956 2.44193 2.44344 2.44414 2.44406 2.44316 2.44139 2.43864 2.43477 2.42961 2.42293 2.41449 2.40405 2.39132 2.37605 2.35799 2.33691 2.31267 2.28517 2.2544 2.22044 2.18348 2.1438 2.10177 2.05788 2.01267 1.96672 1.92066 1.87512 1.8307 1.78795 1.74735 1.70932 1.67416 1.64209 1.61321 1.58755 1.56506 1.54559 1.52896 1.51496 1.50331 1.49376 1.48604 1.4799 1.47509 1.47139 1.46861 1.46658 1.46515 1.46421 1.46366 1.46345 
