4.99735 4.99753 4.99778 4.9981 4.99849 4.99894 4.99947 5.00006 5.00073 5.00147 5.00229 5.00318 5.00415 5.0052 5.00633 5.00754 5.00884 5.01021 5.01167 5.01321 5.01483 5.01653 5.0183 5.02015 5.02205 5.02402 5.02604 5.0281 5.0302 5.03232 5.03447 5.03661 5.03876 5.04088 5.04298 5.04503 5.04703 5.04897 5.05082 5.05258 5.05423 5.05577 5.05718 5.05845 5.05957 5.06054 5.06135 5.06199 5.06246 5.06275 5.06287 5.0628 5.06256 5.06214 5.06155 5.06079 5.05987 5.0588 5.05758 5.05623 5.05475 5.05315 5.05146 5.04967 5.0478 5.04587 5.04388 5.04186 5.03981 5.03774 5.03568 5.03362 5.03159 5.02958 5.02762 5.02571 5.02386 5.02207 5.02035 5.01871 5.01716 5.01569 5.01431 5.01302 5.01182 5.01071 5.0097 5.00878 5.00795 5.00721 5.00655 5.00599 5.0055 5.0051 5.00478 5.00454 5.00437 5.00427 5.00425 5.0043 
4.99753 4.99771 4.99797 4.99829 4.99868 4.99913 4.99966 5.00026 5.00093 5.00167 5.00249 5.00339 5.00437 5.00543 5.00656 5.00778 5.00909 5.01048 5.01195 5.0135 5.01514 5.01685 5.01863 5.02049 5.02241 5.0244 5.02643 5.02851 5.03063 5.03278 5.03494 5.03711 5.03927 5.04142 5.04353 5.0456 5.04762 5.04957 5.05144 5.05321 5.05488 5.05643 5.05786 5.05914 5.06028 5.06126 5.06207 5.06272 5.06319 5.06348 5.0636 5.06353 5.06329 5.06286 5.06227 5.0615 5.06057 5.05949 5.05826 5.05689 5.0554 5.05379 5.05208 5.05027 5.04839 5.04643 5.04443 5.04239 5.04032 5.03824 5.03615 5.03407 5.03202 5.03 5.02802 5.02609 5.02422 5.02242 5.02069 5.01903 5.01746 5.01598 5.01459 5.01328 5.01207 5.01096 5.00994 5.00901 5.00817 5.00742 5.00676 5.00619 5.00571 5.0053 5.00498 5.00473 5.00456 5.00446 5.00444 5.00448 
4.99778 4.99797 4.99822 4.99855 4.99894 4.9994 4.99994 5.00055 5.00123 5.00199 5.00283 5.00375 5.00474 5.00582 5.00699 5.00824 5.00957 5.01099 5.0125 5.01409 5.01576 5.01751 5.01934 5.02124 5.02321 5.02524 5.02732 5.02945 5.03162 5.03382 5.03603 5.03825 5.04046 5.04266 5.04482 5.04694 5.04901 5.051 5.05291 5.05473 5.05643 5.05802 5.05947 5.06079 5.06195 5.06295 5.06378 5.06444 5.06492 5.06522 5.06534 5.06527 5.06502 5.06458 5.06397 5.06319 5.06224 5.06113 5.05987 5.05847 5.05694 5.05529 5.05354 5.05169 5.04976 5.04776 5.04571 5.04362 5.0415 5.03937 5.03723 5.03511 5.033 5.03093 5.0289 5.02693 5.02501 5.02316 5.02139 5.0197 5.01809 5.01657 5.01514 5.0138 5.01256 5.01141 5.01036 5.00941 5.00855 5.00778 5.0071 5.00652 5.00601 5.0056 5.00526 5.005 5.00483 5.00472 5.00469 5.00473 
4.9981 4.99829 4.99855 4.99888 4.99928 4.99976 5.00031 5.00094 5.00165 5.00243 5.0033 5.00424 5.00528 5.0064 5.0076 5.0089 5.01028 5.01176 5.01332 5.01497 5.0167 5.01852 5.02042 5.02239 5.02444 5.02654 5.02871 5.03092 5.03316 5.03544 5.03774 5.04004 5.04233 5.04461 5.04685 5.04905 5.05119 5.05326 5.05524 5.05712 5.05888 5.06052 5.06203 5.06339 5.06459 5.06562 5.06649 5.06717 5.06766 5.06797 5.06809 5.06802 5.06776 5.0673 5.06667 5.06586 5.06487 5.06372 5.06241 5.06096 5.05937 5.05767 5.05585 5.05393 5.05193 5.04985 5.04773 5.04556 5.04336 5.04114 5.03893 5.03672 5.03454 5.03238 5.03028 5.02822 5.02623 5.02431 5.02247 5.0207 5.01903 5.01745 5.01596 5.01457 5.01327 5.01208 5.01099 5.00999 5.00909 5.00829 5.00758 5.00696 5.00643 5.00599 5.00564 5.00536 5.00517 5.00506 5.00502 5.00506 
4.99849 4.99868 4.99894 4.99928 4.9997 5.00019 5.00077 5.00143 5.00216 5.00298 5.00389 5.00488 5.00597 5.00714 5.00841 5.00977 5.01122 5.01277 5.01441 5.01615 5.01797 5.01988 5.02188 5.02395 5.0261 5.02831 5.03058 5.03291 5.03527 5.03766 5.04007 5.04248 5.04489 5.04728 5.04963 5.05193 5.05418 5.05634 5.05841 5.06038 5.06223 5.06395 5.06553 5.06695 5.0682 5.06929 5.07019 5.0709 5.07142 5.07174 5.07186 5.07178 5.0715 5.07103 5.07036 5.06951 5.06847 5.06726 5.06589 5.06437 5.0627 5.06091 5.059 5.05699 5.05489 5.05271 5.05048 5.0482 5.04589 5.04356 5.04123 5.03891 5.03662 5.03436 5.03214 5.02998 5.02788 5.02586 5.02392 5.02206 5.0203 5.01863 5.01706 5.01559 5.01422 5.01296 5.0118 5.01074 5.00979 5.00893 5.00818 5.00752 5.00696 5.00648 5.0061 5.0058 5.00559 5.00546 5.00542 5.00545 
4.99894 4.99913 4.9994 4.99976 5.00019 5.00071 5.00132 5.00201 5.00279 5.00366 5.00462 5.00567 5.00682 5.00806 5.00941 5.01085 5.0124 5.01404 5.01579 5.01763 5.01957 5.0216 5.02372 5.02592 5.0282 5.03055 5.03296 5.03543 5.03793 5.04047 5.04302 5.04558 5.04813 5.05066 5.05315 5.05559 5.05797 5.06026 5.06245 5.06453 5.06649 5.06831 5.06997 5.07147 5.0728 5.07394 5.07489 5.07564 5.07618 5.07652 5.07664 5.07656 5.07626 5.07575 5.07505 5.07414 5.07304 5.07176 5.07031 5.06869 5.06693 5.06503 5.063 5.06087 5.05864 5.05634 5.05397 5.05155 5.0491 5.04663 5.04416 5.04169 5.03926 5.03685 5.0345 5.0322 5.02997 5.02782 5.02575 5.02377 5.02189 5.0201 5.01843 5.01686 5.0154 5.01404 5.0128 5.01167 5.01065 5.00973 5.00891 5.0082 5.00759 5.00708 5.00666 5.00633 5.00609 5.00595 5.00588 5.00591 
4.99947 4.99966 4.99994 5.00031 5.00077 5.00132 5.00196 5.00269 5.00352 5.00445 5.00547 5.0066 5.00783 5.00916 5.0106 5.01215 5.01381 5.01557 5.01744 5.01942 5.02149 5.02367 5.02594 5.0283 5.03075 5.03326 5.03584 5.03848 5.04116 5.04387 5.04661 5.04934 5.05207 5.05477 5.05743 5.06004 5.06257 5.06501 5.06735 5.06957 5.07165 5.07359 5.07536 5.07696 5.07837 5.07958 5.08059 5.08138 5.08196 5.08231 5.08244 5.08235 5.08203 5.08149 5.08073 5.07976 5.07858 5.07722 5.07566 5.07394 5.07205 5.07002 5.06786 5.06558 5.0632 5.06073 5.0582 5.05561 5.05299 5.05035 5.0477 5.04506 5.04245 5.03988 5.03735 5.03488 5.03249 5.03018 5.02796 5.02583 5.0238 5.02189 5.02008 5.01839 5.01681 5.01535 5.014 5.01278 5.01167 5.01067 5.00978 5.009 5.00834 5.00777 5.00731 5.00694 5.00668 5.0065 5.00643 5.00644 
5.00006 5.00026 5.00055 5.00094 5.00143 5.00201 5.00269 5.00348 5.00437 5.00536 5.00647 5.00768 5.00901 5.01044 5.012 5.01367 5.01546 5.01736 5.01938 5.02151 5.02375 5.0261 5.02856 5.0311 5.03374 5.03645 5.03923 5.04207 5.04496 5.04788 5.05082 5.05377 5.0567 5.0596 5.06246 5.06526 5.06798 5.0706 5.07311 5.07549 5.07772 5.0798 5.0817 5.0834 5.08491 5.08621 5.08729 5.08814 5.08875 5.08913 5.08926 5.08916 5.08881 5.08823 5.08741 5.08636 5.0851 5.08363 5.08196 5.0801 5.07808 5.07589 5.07357 5.07111 5.06855 5.0659 5.06318 5.06039 5.05757 5.05472 5.05187 5.04903 5.04621 5.04343 5.0407 5.03804 5.03545 5.03295 5.03055 5.02825 5.02605 5.02397 5.02201 5.02017 5.01846 5.01687 5.0154 5.01406 5.01285 5.01176 5.01078 5.00993 5.00919 5.00857 5.00805 5.00764 5.00734 5.00714 5.00704 5.00704 
5.00073 5.00093 5.00123 5.00165 5.00216 5.00279 5.00352 5.00437 5.00533 5.0064 5.0076 5.00891 5.01035 5.01191 5.01359 5.01541 5.01735 5.01941 5.02161 5.02392 5.02635 5.0289 5.03156 5.03432 5.03718 5.04012 5.04313 5.04621 5.04934 5.0525 5.05568 5.05886 5.06203 5.06516 5.06825 5.07127 5.0742 5.07703 5.07974 5.0823 5.08471 5.08694 5.08898 5.09082 5.09244 5.09383 5.09499 5.0959 5.09656 5.09696 5.0971 5.09698 5.0966 5.09597 5.09508 5.09395 5.09259 5.091 5.0892 5.08719 5.085 5.08264 5.08013 5.07748 5.07471 5.07185 5.0689 5.06589 5.06283 5.05975 5.05667 5.05359 5.05053 5.04752 5.04456 5.04167 5.03886 5.03614 5.03353 5.03102 5.02863 5.02637 5.02423 5.02222 5.02035 5.01861 5.017 5.01553 5.0142 5.013 5.01193 5.01098 5.01016 5.00947 5.00889 5.00843 5.00809 5.00785 5.00773 5.00771 
5.00147 5.00167 5.00199 5.00243 5.00298 5.00366 5.00445 5.00536 5.0064 5.00757 5.00887 5.0103 5.01186 5.01356 5.0154 5.01737 5.01948 5.02174 5.02412 5.02665 5.0293 5.03207 5.03497 5.03797 5.04108 5.04427 5.04755 5.05089 5.05429 5.05772 5.06117 5.06462 5.06805 5.07145 5.0748 5.07807 5.08124 5.0843 5.08723 5.09 5.0926 5.09501 5.09721 5.09919 5.10094 5.10245 5.10369 5.10467 5.10538 5.1058 5.10595 5.10582 5.10541 5.10472 5.10375 5.10253 5.10105 5.09933 5.09737 5.0952 5.09283 5.09027 5.08755 5.08468 5.08168 5.07857 5.07537 5.0721 5.06879 5.06544 5.06209 5.05874 5.05542 5.05214 5.04892 5.04578 5.04272 5.03975 5.0369 5.03416 5.03155 5.02907 5.02673 5.02453 5.02248 5.02057 5.01881 5.01719 5.01572 5.01439 5.01321 5.01216 5.01125 5.01047 5.00983 5.00931 5.00891 5.00864 5.00849 5.00846 
5.00229 5.00249 5.00283 5.0033 5.00389 5.00462 5.00547 5.00647 5.0076 5.00887 5.01028 5.01184 5.01355 5.0154 5.01741 5.01956 5.02187 5.02433 5.02694 5.02969 5.03258 5.03561 5.03877 5.04205 5.04543 5.04892 5.05249 5.05613 5.05982 5.06355 5.0673 5.07105 5.07478 5.07847 5.0821 5.08565 5.08909 5.09241 5.09558 5.09858 5.10139 5.104 5.10638 5.10853 5.11042 5.11204 5.11338 5.11444 5.1152 5.11566 5.11581 5.11566 5.11521 5.11446 5.11341 5.11208 5.11048 5.10861 5.10649 5.10413 5.10155 5.09878 5.09582 5.0927 5.08945 5.08607 5.08259 5.07904 5.07543 5.07179 5.06814 5.0645 5.06088 5.05731 5.05379 5.05036 5.04702 5.04378 5.04066 5.03767 5.03481 5.03209 5.02953 5.02711 5.02486 5.02276 5.02082 5.01903 5.01741 5.01594 5.01463 5.01347 5.01245 5.01159 5.01086 5.01028 5.00983 5.00952 5.00934 5.00929 
5.00318 5.00339 5.00375 5.00424 5.00488 5.00567 5.0066 5.00768 5.00891 5.0103 5.01184 5.01354 5.01541 5.01743 5.01963 5.02199 5.02451 5.0272 5.03005 5.03306 5.03622 5.03953 5.04298 5.04656 5.05025 5.05405 5.05794 5.06191 5.06593 5.06999 5.07408 5.07816 5.08221 5.08622 5.09017 5.09402 5.09775 5.10135 5.10479 5.10804 5.11109 5.11391 5.11649 5.11881 5.12086 5.12261 5.12406 5.1252 5.12602 5.12651 5.12667 5.12651 5.12601 5.12519 5.12405 5.12261 5.12086 5.11883 5.11653 5.11397 5.11117 5.10815 5.10494 5.10155 5.09801 5.09434 5.09056 5.08669 5.08277 5.0788 5.07482 5.07085 5.06691 5.06301 5.05917 5.05542 5.05177 5.04823 5.04482 5.04154 5.03841 5.03543 5.03261 5.02996 5.02748 5.02517 5.02303 5.02107 5.01927 5.01765 5.01619 5.0149 5.01378 5.01281 5.012 5.01134 5.01083 5.01047 5.01026 5.01019 
5.00415 5.00437 5.00474 5.00528 5.00597 5.00682 5.00783 5.00901 5.01035 5.01186 5.01355 5.01541 5.01744 5.01966 5.02206 5.02464 5.0274 5.03034 5.03346 5.03675 5.04021 5.04382 5.04759 5.0515 5.05553 5.05967 5.06392 5.06824 5.07262 5.07705 5.08149 5.08593 5.09034 5.0947 5.09898 5.10316 5.10721 5.11112 5.11484 5.11837 5.12167 5.12473 5.12753 5.13004 5.13225 5.13414 5.13571 5.13694 5.13782 5.13835 5.13852 5.13833 5.13779 5.1369 5.13566 5.13409 5.13219 5.12999 5.12748 5.1247 5.12167 5.11839 5.1149 5.11122 5.10737 5.10337 5.09926 5.09506 5.09078 5.08647 5.08213 5.0778 5.0735 5.06925 5.06506 5.06097 5.05698 5.05311 5.04937 5.04578 5.04235 5.03909 5.036 5.03308 5.03035 5.02781 5.02546 5.02329 5.02131 5.01951 5.0179 5.01647 5.01522 5.01414 5.01324 5.0125 5.01192 5.01151 5.01126 5.01117 
5.0052 5.00543 5.00582 5.0064 5.00714 5.00806 5.00916 5.01044 5.01191 5.01356 5.0154 5.01743 5.01966 5.02209 5.02471 5.02753 5.03055 5.03377 5.03718 5.04077 5.04455 5.0485 5.05261 5.05687 5.06127 5.06579 5.07041 5.07512 5.07989 5.0847 5.08953 5.09436 5.09915 5.10389 5.10854 5.11307 5.11747 5.1217 5.12574 5.12956 5.13314 5.13645 5.13947 5.14218 5.14457 5.14662 5.14831 5.14964 5.15059 5.15115 5.15133 5.15113 5.15054 5.14957 5.14822 5.14651 5.14446 5.14206 5.13934 5.13633 5.13303 5.12947 5.12569 5.12169 5.1175 5.11316 5.1087 5.10412 5.09948 5.09478 5.09006 5.08535 5.08066 5.07602 5.07146 5.06699 5.06263 5.0584 5.05432 5.05039 5.04664 5.04306 5.03967 5.03648 5.03348 5.03068 5.02809 5.02571 5.02352 5.02154 5.01976 5.01818 5.01679 5.01559 5.01458 5.01375 5.01311 5.01264 5.01235 5.01223 
5.00633 5.00656 5.00699 5.0076 5.00841 5.00941 5.0106 5.012 5.01359 5.0154 5.01741 5.01963 5.02206 5.02471 5.02758 5.03066 5.03396 5.03747 5.04119 5.04512 5.04924 5.05354 5.05803 5.06267 5.06746 5.07238 5.07742 5.08254 5.08773 5.09296 5.09821 5.10344 5.10865 5.11378 5.11882 5.12374 5.1285 5.13309 5.13746 5.14159 5.14546 5.14904 5.1523 5.15524 5.15782 5.16003 5.16185 5.16328 5.1643 5.16491 5.1651 5.16487 5.16422 5.16317 5.16171 5.15986 5.15763 5.15503 5.15209 5.14882 5.14525 5.14139 5.13728 5.13295 5.12841 5.1237 5.11885 5.11389 5.10884 5.10373 5.0986 5.09348 5.08838 5.08333 5.07836 5.07348 5.06873 5.06412 5.05966 5.05537 5.05126 5.04735 5.04364 5.04014 5.03685 5.03379 5.03094 5.02832 5.02591 5.02373 5.02177 5.02002 5.01848 5.01715 5.01602 5.0151 5.01438 5.01385 5.01351 5.01337 
5.00754 5.00778 5.00824 5.0089 5.00977 5.01085 5.01215 5.01367 5.01541 5.01737 5.01956 5.02199 5.02464 5.02753 5.03066 5.03402 5.03762 5.04145 5.04551 5.04979 5.05428 5.05897 5.06385 5.0689 5.07411 5.07946 5.08493 5.09049 5.09612 5.1018 5.10749 5.11317 5.11881 5.12437 5.12983 5.13515 5.1403 5.14525 5.14997 5.15444 5.15862 5.16248 5.166 5.16917 5.17195 5.17433 5.17629 5.17783 5.17893 5.17958 5.17978 5.17953 5.17883 5.17768 5.1761 5.1741 5.17168 5.16888 5.16569 5.16216 5.15829 5.15412 5.14967 5.14498 5.14007 5.13496 5.12971 5.12433 5.11885 5.11332 5.10775 5.10218 5.09664 5.09115 5.08575 5.08045 5.07527 5.07025 5.06539 5.06071 5.05623 5.05196 5.0479 5.04407 5.04048 5.03712 5.034 5.03112 5.02848 5.02608 5.02392 5.02199 5.02029 5.01882 5.01758 5.01655 5.01574 5.01515 5.01477 5.0146 
5.00884 5.00909 5.00957 5.01028 5.01122 5.0124 5.01381 5.01546 5.01735 5.01948 5.02187 5.02451 5.0274 5.03055 5.03396 5.03762 5.04154 5.04571 5.05012 5.05478 5.05966 5.06476 5.07006 5.07555 5.0812 5.08701 5.09294 5.09897 5.10507 5.11122 5.11738 5.12352 5.12962 5.13563 5.14152 5.14727 5.15283 5.15817 5.16327 5.16808 5.17258 5.17674 5.18054 5.18394 5.18694 5.1895 5.19161 5.19326 5.19443 5.19513 5.19534 5.19507 5.19431 5.19307 5.19136 5.1892 5.18659 5.18356 5.18013 5.17631 5.17213 5.16763 5.16283 5.15776 5.15245 5.14693 5.14125 5.13543 5.1295 5.12351 5.11748 5.11145 5.10544 5.09949 5.09362 5.08787 5.08225 5.07678 5.0715 5.06641 5.06153 5.05687 5.05245 5.04827 5.04435 5.04068 5.03726 5.03411 5.03122 5.02859 5.02622 5.0241 5.02223 5.02061 5.01923 5.0181 5.0172 5.01654 5.01611 5.0159 
5.01021 5.01048 5.01099 5.01176 5.01277 5.01404 5.01557 5.01736 5.01941 5.02174 5.02433 5.0272 5.03034 5.03377 5.03747 5.04145 5.04571 5.05024 5.05503 5.06008 5.06538 5.07091 5.07666 5.0826 5.08873 5.09501 5.10143 5.10795 5.11455 5.12119 5.12784 5.13448 5.14105 5.14753 5.15389 5.16008 5.16607 5.17182 5.17731 5.18248 5.18732 5.1918 5.19588 5.19953 5.20275 5.20549 5.20776 5.20953 5.21079 5.21153 5.21175 5.21145 5.21063 5.2093 5.20746 5.20513 5.20232 5.19906 5.19536 5.19124 5.18675 5.1819 5.17672 5.17125 5.16553 5.15958 5.15345 5.14717 5.14077 5.1343 5.12778 5.12126 5.11476 5.10832 5.10197 5.09573 5.08964 5.08372 5.07798 5.07245 5.06715 5.06209 5.05728 5.05274 5.04846 5.04446 5.04074 5.0373 5.03414 5.03126 5.02866 5.02634 5.02429 5.02251 5.021 5.01975 5.01875 5.01801 5.01753 5.0173 
5.01167 5.01195 5.0125 5.01332 5.01441 5.01579 5.01744 5.01938 5.02161 5.02412 5.02694 5.03005 5.03346 5.03718 5.04119 5.04551 5.05012 5.05503 5.06022 5.06569 5.07143 5.07741 5.08363 5.09005 5.09667 5.10346 5.11039 5.11742 5.12454 5.1317 5.13886 5.14601 5.15309 5.16006 5.1669 5.17355 5.17999 5.18616 5.19205 5.19761 5.2028 5.2076 5.21197 5.21589 5.21933 5.22227 5.2247 5.22659 5.22793 5.22873 5.22896 5.22863 5.22775 5.22631 5.22434 5.22183 5.21882 5.21531 5.21134 5.20692 5.20209 5.19688 5.19131 5.18543 5.17928 5.17288 5.16628 5.15951 5.15262 5.14565 5.13862 5.13159 5.12458 5.11762 5.11076 5.10403 5.09744 5.09103 5.08482 5.07884 5.07309 5.06761 5.06239 5.05745 5.05281 5.04846 5.04441 5.04066 5.03722 5.03408 5.03125 5.02871 5.02647 5.02452 5.02286 5.02149 5.02039 5.01958 5.01904 5.01877 
5.01321 5.0135 5.01409 5.01497 5.01615 5.01763 5.01942 5.02151 5.02392 5.02665 5.02969 5.03306 5.03675 5.04077 5.04512 5.04979 5.05478 5.06008 5.06569 5.0716 5.07779 5.08425 5.09095 5.09789 5.10502 5.11233 5.11979 5.12736 5.13501 5.14271 5.15042 5.15809 5.16569 5.17317 5.1805 5.18764 5.19454 5.20116 5.20746 5.21341 5.21897 5.2241 5.22877 5.23296 5.23664 5.23979 5.24237 5.24439 5.24583 5.24667 5.24691 5.24656 5.24561 5.24407 5.24195 5.23927 5.23604 5.23228 5.22802 5.22329 5.21811 5.21253 5.20656 5.20026 5.19365 5.18679 5.1797 5.17244 5.16504 5.15754 5.14998 5.14242 5.13487 5.12738 5.11999 5.11273 5.10563 5.09872 5.09201 5.08555 5.07934 5.07341 5.06776 5.06242 5.05738 5.05267 5.04828 5.04421 5.04047 5.03706 5.03398 5.03121 5.02877 5.02665 5.02483 5.02333 5.02213 5.02123 5.02063 5.02033 
5.01483 5.01514 5.01576 5.0167 5.01797 5.01957 5.02149 5.02375 5.02635 5.0293 5.03258 5.03622 5.04021 5.04455 5.04924 5.05428 5.05966 5.06538 5.07143 5.07779 5.08446 5.09141 5.09862 5.10608 5.11375 5.1216 5.12961 5.13774 5.14595 5.15421 5.16246 5.17068 5.17882 5.18683 5.19468 5.20231 5.20968 5.21675 5.22349 5.22984 5.23577 5.24125 5.24623 5.2507 5.25462 5.25797 5.26073 5.26288 5.2644 5.2653 5.26555 5.26517 5.26415 5.26251 5.26024 5.25738 5.25393 5.24991 5.24536 5.24031 5.23477 5.2288 5.22242 5.21568 5.20861 5.20127 5.19368 5.1859 5.17797 5.16993 5.16183 5.15371 5.14561 5.13757 5.12963 5.12183 5.11419 5.10675 5.09953 5.09257 5.08588 5.07948 5.07339 5.06762 5.06218 5.05708 5.05233 5.04793 5.04388 5.04019 5.03684 5.03384 5.03119 5.02888 5.0269 5.02526 5.02395 5.02296 5.0223 5.02196 
5.01653 5.01685 5.01751 5.01852 5.01988 5.0216 5.02367 5.0261 5.0289 5.03207 5.03561 5.03953 5.04382 5.0485 5.05354 5.05897 5.06476 5.07091 5.07741 5.08425 5.09141 5.09887 5.10661 5.11461 5.12283 5.13125 5.13983 5.14853 5.15731 5.16614 5.17497 5.18375 5.19244 5.20099 5.20936 5.2175 5.22536 5.2329 5.24008 5.24684 5.25315 5.25898 5.26429 5.26904 5.27321 5.27677 5.2797 5.28198 5.2836 5.28454 5.28481 5.2844 5.28332 5.28156 5.27915 5.27609 5.27242 5.26814 5.2633 5.25791 5.25201 5.24564 5.23884 5.23165 5.22411 5.21627 5.20817 5.19986 5.19138 5.18279 5.17413 5.16544 5.15677 5.14816 5.13965 5.13128 5.12309 5.11511 5.10736 5.09988 5.09269 5.08581 5.07925 5.07304 5.06718 5.06169 5.05657 5.05182 5.04745 5.04345 5.03983 5.03659 5.03371 5.03121 5.02906 5.02728 5.02585 5.02478 5.02405 5.02368 
5.0183 5.01863 5.01934 5.02042 5.02188 5.02372 5.02594 5.02856 5.03156 5.03497 5.03877 5.04298 5.04759 5.05261 5.05803 5.06385 5.07006 5.07666 5.08363 5.09095 5.09862 5.10661 5.1149 5.12345 5.13224 5.14124 5.1504 5.15969 5.16906 5.17848 5.18789 5.19725 5.2065 5.21561 5.22452 5.23317 5.24153 5.24955 5.25717 5.26435 5.27106 5.27724 5.28287 5.28791 5.29233 5.29611 5.29921 5.30163 5.30334 5.30434 5.30462 5.30418 5.30303 5.30116 5.2986 5.29535 5.29145 5.2869 5.28175 5.27603 5.26976 5.26299 5.25576 5.24811 5.24009 5.23174 5.22311 5.21426 5.20523 5.19607 5.18683 5.17756 5.1683 5.15911 5.15002 5.14107 5.13231 5.12377 5.11547 5.10746 5.09975 5.09237 5.08534 5.07867 5.07238 5.06648 5.06097 5.05586 5.05115 5.04685 5.04295 5.03945 5.03634 5.03364 5.03132 5.02939 5.02784 5.02667 5.02588 5.02546 
5.02015 5.02049 5.02124 5.02239 5.02395 5.02592 5.0283 5.0311 5.03432 5.03797 5.04205 5.04656 5.0515 5.05687 5.06267 5.0689 5.07555 5.0826 5.09005 5.09789 5.10608 5.11461 5.12345 5.13258 5.14195 5.15154 5.1613 5.17119 5.18116 5.19118 5.20118 5.21113 5.22096 5.23063 5.24008 5.24926 5.25813 5.26662 5.2747 5.28231 5.2894 5.29595 5.30191 5.30724 5.31192 5.31591 5.31919 5.32174 5.32355 5.3246 5.3249 5.32443 5.3232 5.32123 5.31851 5.31507 5.31094 5.30613 5.30067 5.2946 5.28796 5.28078 5.27311 5.265 5.25648 5.24762 5.23846 5.22906 5.21946 5.20972 5.1999 5.19003 5.18018 5.17039 5.1607 5.15116 5.14182 5.1327 5.12385 5.11529 5.10705 5.09916 5.09163 5.0845 5.07776 5.07143 5.06552 5.06004 5.05499 5.05037 5.04617 5.04241 5.03907 5.03616 5.03366 5.03158 5.0299 5.02864 5.02778 5.02732 
5.02205 5.02241 5.02321 5.02444 5.0261 5.0282 5.03075 5.03374 5.03718 5.04108 5.04543 5.05025 5.05553 5.06127 5.06746 5.07411 5.0812 5.08873 5.09667 5.10502 5.11375 5.12283 5.13224 5.14195 5.15192 5.16211 5.17247 5.18297 5.19356 5.20418 5.21479 5.22533 5.23575 5.24598 5.25599 5.26571 5.27508 5.28406 5.29259 5.30063 5.30813 5.31504 5.32133 5.32696 5.33189 5.33609 5.33955 5.34224 5.34415 5.34526 5.34556 5.34507 5.34377 5.34168 5.33881 5.33518 5.33081 5.32573 5.31996 5.31355 5.30653 5.29894 5.29083 5.28225 5.27324 5.26386 5.25416 5.24419 5.23402 5.2237 5.21328 5.20281 5.19235 5.18195 5.17165 5.16152 5.15157 5.14187 5.13244 5.12333 5.11455 5.10613 5.09811 5.09049 5.08329 5.07653 5.07022 5.06435 5.05895 5.054 5.0495 5.04547 5.04189 5.03876 5.03608 5.03384 5.03204 5.03067 5.02974 5.02925 
5.02402 5.0244 5.02524 5.02654 5.02831 5.03055 5.03326 5.03645 5.04012 5.04427 5.04892 5.05405 5.05967 5.06579 5.07238 5.07946 5.08701 5.09501 5.10346 5.11233 5.1216 5.13125 5.14124 5.15154 5.16211 5.1729 5.18389 5.19501 5.20621 5.21745 5.22867 5.23981 5.25081 5.26162 5.27218 5.28243 5.29232 5.30179 5.31078 5.31925 5.32715 5.33443 5.34105 5.34697 5.35215 5.35658 5.36022 5.36304 5.36505 5.36621 5.36653 5.366 5.36464 5.36244 5.35941 5.35559 5.35099 5.34563 5.33956 5.3328 5.3254 5.3174 5.30884 5.29979 5.29028 5.28038 5.27013 5.25961 5.24886 5.23794 5.22691 5.21584 5.20476 5.19375 5.18284 5.17209 5.16155 5.15125 5.14124 5.13155 5.12222 5.11328 5.10474 5.09663 5.08897 5.08176 5.07503 5.06878 5.06301 5.05773 5.05293 5.04862 5.04479 5.04144 5.03856 5.03617 5.03423 5.03277 5.03177 5.03123 
5.02604 5.02643 5.02732 5.02871 5.03058 5.03296 5.03584 5.03923 5.04313 5.04755 5.05249 5.05794 5.06392 5.07041 5.07742 5.08493 5.09294 5.10143 5.11039 5.11979 5.12961 5.13983 5.1504 5.1613 5.17247 5.18389 5.19549 5.20723 5.21906 5.23092 5.24275 5.25449 5.26608 5.27747 5.28859 5.29937 5.30977 5.31973 5.32918 5.33808 5.34638 5.35402 5.36097 5.36719 5.37263 5.37728 5.38109 5.38405 5.38615 5.38737 5.3877 5.38715 5.38571 5.3834 5.38022 5.37621 5.37137 5.36575 5.35936 5.35226 5.34448 5.33607 5.32707 5.31754 5.30754 5.29711 5.28632 5.27523 5.2639 5.25239 5.24076 5.22906 5.21737 5.20573 5.19421 5.18284 5.17169 5.16079 5.15019 5.13993 5.13005 5.12056 5.1115 5.10289 5.09476 5.08711 5.07995 5.0733 5.06716 5.06154 5.05643 5.05183 5.04775 5.04418 5.04111 5.03855 5.03649 5.03492 5.03385 5.03326 
5.0281 5.02851 5.02945 5.03092 5.03291 5.03543 5.03848 5.04207 5.04621 5.05089 5.05613 5.06191 5.06824 5.07512 5.08254 5.09049 5.09897 5.10795 5.11742 5.12736 5.13774 5.14853 5.15969 5.17119 5.18297 5.19501 5.20723 5.2196 5.23205 5.24453 5.25697 5.26931 5.2815 5.29346 5.30513 5.31645 5.32736 5.33781 5.34772 5.35705 5.36574 5.37375 5.38102 5.38753 5.39323 5.39809 5.40208 5.40518 5.40737 5.40864 5.40899 5.40841 5.4069 5.40448 5.40115 5.39695 5.39188 5.38598 5.3793 5.37185 5.36369 5.35487 5.34543 5.33543 5.32493 5.31398 5.30265 5.291 5.27908 5.26698 5.25474 5.24243 5.23012 5.21786 5.20571 5.19373 5.18196 5.17046 5.15927 5.14843 5.13798 5.12795 5.11837 5.10926 5.10064 5.09254 5.08495 5.0779 5.07139 5.06542 5.06 5.05512 5.05078 5.04698 5.04372 5.04099 5.03879 5.03712 5.03597 5.03534 
5.0302 5.03063 5.03162 5.03316 5.03527 5.03793 5.04116 5.04496 5.04934 5.05429 5.05982 5.06593 5.07262 5.07989 5.08773 5.09612 5.10507 5.11455 5.12454 5.13501 5.14595 5.15731 5.16906 5.18116 5.19356 5.20621 5.21906 5.23205 5.24512 5.25822 5.27127 5.28421 5.29698 5.30951 5.32174 5.33359 5.34501 5.35593 5.3663 5.37605 5.38513 5.3935 5.4011 5.4079 5.41385 5.41892 5.42308 5.42632 5.42861 5.42993 5.43029 5.42968 5.42811 5.42558 5.4221 5.41771 5.41241 5.40625 5.39926 5.39148 5.38295 5.37372 5.36385 5.35338 5.34239 5.33092 5.31905 5.30683 5.29434 5.28164 5.2688 5.25588 5.24295 5.23007 5.2173 5.2047 5.19232 5.18021 5.16843 5.15701 5.14599 5.13541 5.12531 5.11569 5.1066 5.09803 5.09002 5.08256 5.07567 5.06936 5.06361 5.05844 5.05385 5.04982 5.04636 5.04346 5.04113 5.03935 5.03813 5.03746 
5.03232 5.03278 5.03382 5.03544 5.03766 5.04047 5.04387 5.04788 5.0525 5.05772 5.06355 5.06999 5.07705 5.0847 5.09296 5.1018 5.11122 5.12119 5.1317 5.14271 5.15421 5.16614 5.17848 5.19118 5.20418 5.21745 5.23092 5.24453 5.25822 5.27192 5.28558 5.29912 5.31247 5.32556 5.33833 5.35071 5.36263 5.37403 5.38484 5.39501 5.40448 5.4132 5.42112 5.4282 5.43439 5.43967 5.44401 5.44738 5.44976 5.45114 5.45151 5.45088 5.44923 5.4466 5.44298 5.43839 5.43288 5.42646 5.41917 5.41105 5.40216 5.39253 5.38222 5.3713 5.35982 5.34784 5.33543 5.32266 5.3096 5.29632 5.28287 5.26935 5.2558 5.2423 5.22891 5.2157 5.20271 5.19 5.17762 5.16562 5.15404 5.14292 5.13229 5.12217 5.11259 5.10357 5.09512 5.08726 5.07999 5.07333 5.06726 5.0618 5.05695 5.05269 5.04903 5.04597 5.04349 5.04161 5.04031 5.0396 
5.03447 5.03494 5.03603 5.03774 5.04007 5.04302 5.04661 5.05082 5.05568 5.06117 5.0673 5.07408 5.08149 5.08953 5.09821 5.10749 5.11738 5.12784 5.13886 5.15042 5.16246 5.17497 5.18789 5.20118 5.21479 5.22867 5.24275 5.25697 5.27127 5.28558 5.29983 5.31395 5.32788 5.34152 5.35483 5.36772 5.38013 5.392 5.40325 5.41383 5.42368 5.43274 5.44097 5.44833 5.45477 5.46025 5.46476 5.46826 5.47073 5.47216 5.47255 5.47188 5.47018 5.46744 5.46367 5.45891 5.45318 5.4465 5.43892 5.43048 5.42123 5.41121 5.40048 5.3891 5.37714 5.36466 5.35173 5.33842 5.32479 5.31093 5.29689 5.28277 5.26861 5.2545 5.2405 5.22668 5.21308 5.19977 5.18681 5.17424 5.1621 5.15043 5.13927 5.12865 5.11859 5.10911 5.10023 5.09197 5.08433 5.07731 5.07093 5.06518 5.06006 5.05558 5.05172 5.04849 5.04588 5.04389 5.04251 5.04176 
5.03661 5.03711 5.03825 5.04004 5.04248 5.04558 5.04934 5.05377 5.05886 5.06462 5.07105 5.07816 5.08593 5.09436 5.10344 5.11317 5.12352 5.13448 5.14601 5.15809 5.17068 5.18375 5.19725 5.21113 5.22533 5.23981 5.25449 5.26931 5.28421 5.29912 5.31395 5.32865 5.34313 5.35732 5.37115 5.38455 5.39744 5.40976 5.42144 5.43242 5.44264 5.45204 5.46057 5.4682 5.47487 5.48056 5.48523 5.48885 5.49141 5.4929 5.4933 5.49261 5.49084 5.488 5.4841 5.47916 5.47321 5.46629 5.45843 5.44967 5.44006 5.42966 5.41852 5.40671 5.39428 5.38131 5.36786 5.35401 5.33983 5.3254 5.31079 5.29607 5.28132 5.26661 5.25201 5.23758 5.22339 5.20949 5.19595 5.1828 5.17011 5.15791 5.14623 5.13511 5.12457 5.11464 5.10534 5.09667 5.08865 5.08129 5.07459 5.06855 5.06318 5.05846 5.05441 5.05101 5.04826 5.04617 5.04472 5.04392 
5.03876 5.03927 5.04046 5.04233 5.04489 5.04813 5.05207 5.0567 5.06203 5.06805 5.07478 5.08221 5.09034 5.09915 5.10865 5.11881 5.12962 5.14105 5.15309 5.16569 5.17882 5.19244 5.2065 5.22096 5.23575 5.25081 5.26608 5.2815 5.29698 5.31247 5.32788 5.34313 5.35816 5.37288 5.38722 5.40111 5.41447 5.42723 5.43932 5.45069 5.46126 5.47099 5.47983 5.48771 5.49461 5.50049 5.50532 5.50906 5.51171 5.51325 5.51366 5.51295 5.51112 5.50818 5.50414 5.49904 5.49289 5.48572 5.47759 5.46852 5.45858 5.44781 5.43627 5.42402 5.41114 5.39769 5.38374 5.36937 5.35465 5.33967 5.32449 5.3092 5.29386 5.27856 5.26337 5.24835 5.23357 5.2191 5.20498 5.19128 5.17804 5.16531 5.15312 5.14151 5.1305 5.12013 5.1104 5.10134 5.09295 5.08525 5.07823 5.07191 5.06628 5.06134 5.05709 5.05352 5.05064 5.04844 5.04692 5.04608 
5.04088 5.04142 5.04266 5.04461 5.04728 5.05066 5.05477 5.0596 5.06516 5.07145 5.07847 5.08622 5.0947 5.10389 5.11378 5.12437 5.13563 5.14753 5.16006 5.17317 5.18683 5.20099 5.21561 5.23063 5.24598 5.26162 5.27747 5.29346 5.30951 5.32556 5.34152 5.35732 5.37288 5.38812 5.40295 5.41731 5.43112 5.44431 5.45681 5.46855 5.47947 5.48951 5.49863 5.50677 5.51389 5.51996 5.52494 5.5288 5.53153 5.53311 5.53354 5.5328 5.53092 5.52788 5.52372 5.51845 5.51211 5.50471 5.49631 5.48695 5.47668 5.46555 5.45362 5.44096 5.42764 5.41373 5.39929 5.38442 5.36918 5.35366 5.33793 5.32207 5.30617 5.2903 5.27453 5.25893 5.24358 5.22854 5.21387 5.19962 5.18585 5.1726 5.15991 5.14782 5.13635 5.12554 5.1154 5.10595 5.0972 5.08916 5.08183 5.07523 5.06935 5.06418 5.05974 5.05601 5.053 5.0507 5.0491 5.04822 
5.04298 5.04353 5.04482 5.04685 5.04963 5.05315 5.05743 5.06246 5.06825 5.0748 5.0821 5.09017 5.09898 5.10854 5.11882 5.12983 5.14152 5.15389 5.1669 5.1805 5.19468 5.20936 5.22452 5.24008 5.25599 5.27218 5.28859 5.30513 5.32174 5.33833 5.35483 5.37115 5.38722 5.40295 5.41827 5.43308 5.44733 5.46093 5.47381 5.48591 5.49716 5.50751 5.5169 5.52528 5.53261 5.53886 5.54398 5.54796 5.55077 5.5524 5.55284 5.55208 5.55014 5.54702 5.54273 5.53731 5.53077 5.52316 5.5145 5.50486 5.49427 5.4828 5.4705 5.45745 5.4437 5.42934 5.41444 5.39908 5.38333 5.36729 5.35103 5.33463 5.31818 5.30175 5.28542 5.26927 5.25337 5.23778 5.22257 5.20779 5.1935 5.17974 5.16656 5.154 5.14209 5.13084 5.1203 5.11047 5.10136 5.09299 5.08537 5.07849 5.07236 5.06698 5.06235 5.05846 5.05532 5.05292 5.05126 5.05033 
5.04503 5.0456 5.04694 5.04905 5.05193 5.05559 5.06004 5.06526 5.07127 5.07807 5.08565 5.09402 5.10316 5.11307 5.12374 5.13515 5.14727 5.16008 5.17355 5.18764 5.20231 5.2175 5.23317 5.24926 5.26571 5.28243 5.29937 5.31645 5.33359 5.35071 5.36772 5.38455 5.40111 5.41731 5.43308 5.44834 5.463 5.47699 5.49024 5.50268 5.51425 5.52489 5.53454 5.54315 5.55069 5.5571 5.56236 5.56645 5.56934 5.57101 5.57146 5.57069 5.56869 5.56549 5.56109 5.55551 5.5488 5.54097 5.53208 5.52216 5.51127 5.49947 5.48682 5.47339 5.45924 5.44445 5.4291 5.41327 5.39704 5.3805 5.36373 5.34681 5.32983 5.31286 5.296 5.27931 5.26287 5.24675 5.23102 5.21572 5.20093 5.18669 5.17304 5.16002 5.14767 5.13602 5.12508 5.11488 5.10543 5.09674 5.08882 5.08168 5.07531 5.06972 5.06491 5.06086 5.05759 5.05509 5.05336 5.0524 
5.04703 5.04762 5.04901 5.05119 5.05418 5.05797 5.06257 5.06798 5.0742 5.08124 5.08909 5.09775 5.10721 5.11747 5.1285 5.1403 5.15283 5.16607 5.17999 5.19454 5.20968 5.22536 5.24153 5.25813 5.27508 5.29232 5.30977 5.32736 5.34501 5.36263 5.38013 5.39744 5.41447 5.43112 5.44733 5.463 5.47806 5.49242 5.50602 5.51879 5.53066 5.54157 5.55147 5.5603 5.56802 5.5746 5.58 5.58418 5.58714 5.58886 5.58932 5.58853 5.58648 5.5832 5.57869 5.57298 5.56609 5.55807 5.54894 5.53877 5.5276 5.51549 5.5025 5.4887 5.47417 5.45898 5.4432 5.42692 5.41023 5.39322 5.37595 5.35854 5.34105 5.32358 5.3062 5.28899 5.27204 5.25541 5.23918 5.22339 5.20812 5.1934 5.1793 5.16585 5.15308 5.14102 5.12971 5.11915 5.10937 5.10037 5.09217 5.08477 5.07817 5.07238 5.06739 5.0632 5.0598 5.05721 5.05541 5.05441 
5.04897 5.04957 5.051 5.05326 5.05634 5.06026 5.06501 5.0706 5.07703 5.0843 5.09241 5.10135 5.11112 5.1217 5.13309 5.14525 5.15817 5.17182 5.18616 5.20116 5.21675 5.2329 5.24955 5.26662 5.28406 5.30179 5.31973 5.33781 5.35593 5.37403 5.392 5.40976 5.42723 5.44431 5.46093 5.47699 5.49242 5.50714 5.52107 5.53415 5.5463 5.55747 5.5676 5.57664 5.58454 5.59127 5.59679 5.60107 5.6041 5.60585 5.60633 5.60552 5.60343 5.60007 5.59546 5.58961 5.58257 5.57436 5.56502 5.5546 5.54317 5.53076 5.51746 5.50332 5.48842 5.47284 5.45666 5.43997 5.42284 5.40537 5.38765 5.36976 5.35179 5.33383 5.31596 5.29827 5.28083 5.26371 5.247 5.23074 5.21501 5.19985 5.18531 5.17144 5.15827 5.14583 5.13416 5.12326 5.11316 5.10387 5.0954 5.08775 5.08093 5.07494 5.06978 5.06545 5.06194 5.05925 5.05739 5.05635 
5.05082 5.05144 5.05291 5.05524 5.05841 5.06245 5.06735 5.07311 5.07974 5.08723 5.09558 5.10479 5.11484 5.12574 5.13746 5.14997 5.16327 5.17731 5.19205 5.20746 5.22349 5.24008 5.25717 5.2747 5.29259 5.31078 5.32918 5.34772 5.3663 5.38484 5.40325 5.42144 5.43932 5.45681 5.47381 5.49024 5.50602 5.52107 5.53531 5.54868 5.56109 5.5725 5.58285 5.59208 5.60015 5.60702 5.61266 5.61704 5.62013 5.62192 5.6224 5.62158 5.61945 5.61602 5.61131 5.60534 5.59815 5.58976 5.58023 5.56959 5.5579 5.54522 5.53161 5.51716 5.50192 5.48598 5.46942 5.45233 5.43479 5.4169 5.39874 5.3804 5.36198 5.34356 5.32523 5.30708 5.28918 5.27161 5.25444 5.23774 5.22157 5.20598 5.19103 5.17677 5.16322 5.15042 5.1384 5.12718 5.11678 5.10721 5.09848 5.0906 5.08357 5.0774 5.07207 5.0676 5.06398 5.06121 5.05929 5.05822 
5.05258 5.05321 5.05473 5.05712 5.06038 5.06453 5.06957 5.07549 5.0823 5.09 5.09858 5.10804 5.11837 5.12956 5.14159 5.15444 5.16808 5.18248 5.19761 5.21341 5.22984 5.24684 5.26435 5.28231 5.30063 5.31925 5.33808 5.35705 5.37605 5.39501 5.41383 5.43242 5.45069 5.46855 5.48591 5.50268 5.51879 5.53415 5.54868 5.56231 5.57497 5.58661 5.59715 5.60656 5.61479 5.62179 5.62754 5.632 5.63515 5.63698 5.63747 5.63663 5.63446 5.63097 5.62617 5.62009 5.61276 5.60421 5.59449 5.58364 5.57172 5.55878 5.5449 5.53015 5.51459 5.49832 5.48141 5.46395 5.44603 5.42774 5.40917 5.39042 5.37157 5.35272 5.33396 5.31538 5.29704 5.27904 5.26145 5.24433 5.22775 5.21177 5.19644 5.1818 5.16789 5.15475 5.14241 5.13089 5.1202 5.11037 5.1014 5.0933 5.08607 5.07972 5.07424 5.06964 5.06592 5.06307 5.06109 5.05998 
5.05423 5.05488 5.05643 5.05888 5.06223 5.06649 5.07165 5.07772 5.08471 5.0926 5.10139 5.11109 5.12167 5.13314 5.14546 5.15862 5.17258 5.18732 5.2028 5.21897 5.23577 5.25315 5.27106 5.2894 5.30813 5.32715 5.34638 5.36574 5.38513 5.40448 5.42368 5.44264 5.46126 5.47947 5.49716 5.51425 5.53066 5.5463 5.56109 5.57497 5.58786 5.5997 5.61044 5.62001 5.62838 5.63551 5.64135 5.64589 5.64909 5.65095 5.65146 5.6506 5.6484 5.64485 5.63997 5.63378 5.62633 5.61763 5.60773 5.59669 5.58456 5.57139 5.55726 5.54223 5.52638 5.50979 5.49256 5.47476 5.45648 5.43783 5.41888 5.39974 5.38051 5.36126 5.3421 5.32311 5.30438 5.28598 5.268 5.25049 5.23353 5.21718 5.20149 5.1865 5.17226 5.15881 5.14617 5.13436 5.12341 5.11333 5.10413 5.09583 5.08842 5.0819 5.07628 5.07156 5.06774 5.06482 5.06278 5.06165 
5.05577 5.05643 5.05802 5.06052 5.06395 5.06831 5.07359 5.0798 5.08694 5.09501 5.104 5.11391 5.12473 5.13645 5.14904 5.16248 5.17674 5.1918 5.2076 5.2241 5.24125 5.25898 5.27724 5.29595 5.31504 5.33443 5.35402 5.37375 5.3935 5.4132 5.43274 5.45204 5.47099 5.48951 5.50751 5.52489 5.54157 5.55747 5.5725 5.58661 5.5997 5.61173 5.62264 5.63236 5.64086 5.6481 5.65403 5.65864 5.66189 5.66378 5.6643 5.66343 5.66119 5.65759 5.65264 5.64636 5.63879 5.62995 5.6199 5.60869 5.59636 5.58297 5.56861 5.55333 5.53722 5.52035 5.50281 5.4847 5.4661 5.44711 5.42782 5.40834 5.38874 5.36913 5.34961 5.33025 5.31115 5.29238 5.27404 5.25617 5.23887 5.22218 5.20615 5.19085 5.17631 5.16256 5.14964 5.13757 5.12638 5.11607 5.10667 5.09817 5.09059 5.08392 5.07818 5.07335 5.06943 5.06644 5.06436 5.06319 
5.05718 5.05786 5.05947 5.06203 5.06553 5.06997 5.07536 5.0817 5.08898 5.09721 5.10638 5.11649 5.12753 5.13947 5.1523 5.166 5.18054 5.19588 5.21197 5.22877 5.24623 5.26429 5.28287 5.30191 5.32133 5.34105 5.36097 5.38102 5.4011 5.42112 5.44097 5.46057 5.47983 5.49863 5.5169 5.53454 5.55147 5.5676 5.58285 5.59715 5.61044 5.62264 5.63369 5.64355 5.65217 5.6595 5.66552 5.67019 5.67349 5.67541 5.67593 5.67505 5.67279 5.66913 5.66412 5.65775 5.65008 5.64112 5.63093 5.61956 5.60705 5.59348 5.5789 5.5634 5.54705 5.52993 5.51212 5.49373 5.47484 5.45555 5.43595 5.41614 5.39622 5.37628 5.35643 5.33674 5.3173 5.29821 5.27953 5.26135 5.24373 5.22673 5.21041 5.19481 5.17999 5.16598 5.15281 5.1405 5.12909 5.11858 5.10898 5.10032 5.09258 5.08578 5.07991 5.07498 5.07098 5.06793 5.0658 5.06461 
5.05845 5.05914 5.06079 5.06339 5.06695 5.07147 5.07696 5.0834 5.09082 5.09919 5.10853 5.11881 5.13004 5.14218 5.15524 5.16917 5.18394 5.19953 5.21589 5.23296 5.2507 5.26904 5.28791 5.30724 5.32696 5.34697 5.36719 5.38753 5.4079 5.4282 5.44833 5.4682 5.48771 5.50677 5.52528 5.54315 5.5603 5.57664 5.59208 5.60656 5.62001 5.63236 5.64355 5.65353 5.66225 5.66968 5.67576 5.68049 5.68383 5.68577 5.6863 5.68542 5.68312 5.67943 5.67435 5.66791 5.66015 5.65109 5.64077 5.62926 5.6166 5.60285 5.58809 5.57239 5.55582 5.53848 5.52044 5.50179 5.48264 5.46308 5.44321 5.42312 5.40291 5.38268 5.36253 5.34254 5.32281 5.30342 5.28445 5.26598 5.24808 5.2308 5.21422 5.19836 5.1833 5.16905 5.15565 5.14314 5.13152 5.12083 5.11107 5.10224 5.09437 5.08744 5.08147 5.07645 5.07238 5.06927 5.0671 5.06589 
5.05957 5.06028 5.06195 5.06459 5.0682 5.0728 5.07837 5.08491 5.09244 5.10094 5.11042 5.12086 5.13225 5.14457 5.15782 5.17195 5.18694 5.20275 5.21933 5.23664 5.25462 5.27321 5.29233 5.31192 5.33189 5.35215 5.37263 5.39323 5.41385 5.43439 5.45477 5.47487 5.49461 5.51389 5.53261 5.55069 5.56802 5.58454 5.60015 5.61479 5.62838 5.64086 5.65217 5.66225 5.67107 5.67856 5.68472 5.68949 5.69287 5.69483 5.69536 5.69447 5.69216 5.68843 5.6833 5.67679 5.66895 5.65979 5.64937 5.63774 5.62494 5.61105 5.59613 5.58025 5.5635 5.54595 5.52771 5.50885 5.48947 5.46968 5.44956 5.42922 5.40876 5.38828 5.36787 5.34763 5.32764 5.30799 5.28877 5.27005 5.2519 5.23438 5.21756 5.20149 5.1862 5.17175 5.15815 5.14545 5.13367 5.12281 5.1129 5.10394 5.09595 5.08891 5.08285 5.07775 5.07362 5.07045 5.06825 5.06702 
5.06054 5.06126 5.06295 5.06562 5.06929 5.07394 5.07958 5.08621 5.09383 5.10245 5.11204 5.12261 5.13414 5.14662 5.16003 5.17433 5.1895 5.20549 5.22227 5.23979 5.25797 5.27677 5.29611 5.31591 5.33609 5.35658 5.37728 5.39809 5.41892 5.43967 5.46025 5.48056 5.50049 5.51996 5.53886 5.5571 5.5746 5.59127 5.60702 5.62179 5.63551 5.6481 5.6595 5.66968 5.67856 5.68613 5.69233 5.69715 5.70055 5.70253 5.70307 5.70218 5.69984 5.69608 5.69091 5.68435 5.67644 5.6672 5.65669 5.64495 5.63204 5.61802 5.60297 5.58694 5.57003 5.55232 5.5339 5.51486 5.49529 5.47529 5.45497 5.43443 5.41376 5.39306 5.37243 5.35196 5.33176 5.31189 5.29245 5.27352 5.25516 5.23744 5.22042 5.20415 5.18868 5.17405 5.1603 5.14744 5.1355 5.12451 5.11448 5.1054 5.0973 5.09018 5.08403 5.07887 5.07468 5.07147 5.06925 5.068 
5.06135 5.06207 5.06378 5.06649 5.07019 5.07489 5.08059 5.08729 5.09499 5.10369 5.11338 5.12406 5.13571 5.14831 5.16185 5.17629 5.19161 5.20776 5.2247 5.24237 5.26073 5.2797 5.29921 5.31919 5.33955 5.36022 5.38109 5.40208 5.42308 5.44401 5.46476 5.48523 5.50532 5.52494 5.54398 5.56236 5.58 5.59679 5.61266 5.62754 5.64135 5.65403 5.66552 5.67576 5.68472 5.69233 5.69858 5.70343 5.70686 5.70885 5.7094 5.7085 5.70615 5.70236 5.69715 5.69055 5.68258 5.67328 5.66269 5.65087 5.63787 5.62375 5.60858 5.59243 5.57539 5.55755 5.53898 5.51979 5.50006 5.47991 5.45942 5.4387 5.41786 5.39698 5.37617 5.35553 5.33514 5.3151 5.29548 5.27638 5.25784 5.23996 5.22278 5.20635 5.19073 5.17596 5.16206 5.14908 5.13702 5.12592 5.11578 5.10661 5.09843 5.09123 5.08502 5.0798 5.07557 5.07232 5.07007 5.06881 
5.06199 5.06272 5.06444 5.06717 5.0709 5.07564 5.08138 5.08814 5.0959 5.10467 5.11444 5.1252 5.13694 5.14964 5.16328 5.17783 5.19326 5.20953 5.22659 5.24439 5.26288 5.28198 5.30163 5.32174 5.34224 5.36304 5.38405 5.40518 5.42632 5.44738 5.46826 5.48885 5.50906 5.5288 5.54796 5.56645 5.58418 5.60107 5.61704 5.632 5.64589 5.65864 5.67019 5.68049 5.68949 5.69715 5.70343 5.70831 5.71176 5.71376 5.71431 5.7134 5.71104 5.70723 5.702 5.69536 5.68735 5.678 5.66735 5.65546 5.64239 5.62819 5.61293 5.59669 5.57955 5.5616 5.54292 5.52361 5.50377 5.48349 5.46287 5.44202 5.42104 5.40003 5.37908 5.3583 5.33777 5.31759 5.29784 5.2786 5.25994 5.24192 5.22461 5.20807 5.19233 5.17745 5.16345 5.15036 5.13821 5.12702 5.1168 5.10756 5.09931 5.09206 5.0858 5.08053 5.07627 5.073 5.07073 5.06945 
5.06246 5.06319 5.06492 5.06766 5.07142 5.07618 5.08196 5.08875 5.09656 5.10538 5.1152 5.12602 5.13782 5.15059 5.1643 5.17893 5.19443 5.21079 5.22793 5.24583 5.2644 5.2836 5.30334 5.32355 5.34415 5.36505 5.38615 5.40737 5.42861 5.44976 5.47073 5.49141 5.51171 5.53153 5.55077 5.56934 5.58714 5.6041 5.62013 5.63515 5.64909 5.66189 5.67349 5.68383 5.69287 5.70055 5.70686 5.71176 5.71522 5.71723 5.71778 5.71687 5.7145 5.71068 5.70543 5.69876 5.69072 5.68133 5.67065 5.65871 5.64558 5.63132 5.616 5.5997 5.58249 5.56446 5.54571 5.52631 5.50638 5.48601 5.46531 5.44436 5.42329 5.40218 5.38114 5.36026 5.33964 5.31936 5.29951 5.28018 5.26142 5.24332 5.22592 5.20929 5.19347 5.17851 5.16444 5.15128 5.13907 5.12781 5.11754 5.10825 5.09995 5.09265 5.08636 5.08107 5.07678 5.07349 5.0712 5.06992 
5.06275 5.06348 5.06522 5.06797 5.07174 5.07652 5.08231 5.08913 5.09696 5.1058 5.11566 5.12651 5.13835 5.15115 5.16491 5.17958 5.19513 5.21153 5.22873 5.24667 5.2653 5.28454 5.30434 5.3246 5.34526 5.36621 5.38737 5.40864 5.42993 5.45114 5.47216 5.4929 5.51325 5.53311 5.5524 5.57101 5.58886 5.60585 5.62192 5.63698 5.65095 5.66378 5.67541 5.68577 5.69483 5.70253 5.70885 5.71376 5.71723 5.71925 5.7198 5.71889 5.71651 5.71268 5.70741 5.70074 5.69267 5.68327 5.67255 5.66059 5.64743 5.63314 5.61779 5.60144 5.58419 5.56612 5.54732 5.52788 5.5079 5.48748 5.46672 5.44572 5.42459 5.40343 5.38233 5.3614 5.34072 5.32039 5.30049 5.2811 5.26229 5.24413 5.22669 5.21001 5.19415 5.17914 5.16502 5.15183 5.13958 5.12829 5.11798 5.10866 5.10034 5.09302 5.0867 5.08139 5.07709 5.07379 5.0715 5.07022 
