6.82337 6.82356 6.82388 6.82432 6.8249 6.82561 6.82644 6.82741 6.8285 6.82971 6.83105 6.83252 6.83411 6.83581 6.83764 6.83957 6.84162 6.84377 6.84602 6.84837 6.85081 6.85333 6.85592 6.85858 6.8613 6.86406 6.86686 6.86968 6.87252 6.87536 6.87819 6.881 6.88377 6.88649 6.88915 6.89172 6.89421 6.8966 6.89886 6.901 6.903 6.90485 6.90653 6.90804 6.90937 6.91051 6.91146 6.9122 6.91274 6.91308 6.9132 6.91311 6.91282 6.91232 6.91161 6.91071 6.90961 6.90833 6.90686 6.90524 6.90345 6.90151 6.89944 6.89724 6.89493 6.89252 6.89003 6.88747 6.88484 6.88218 6.87948 6.87676 6.87404 6.87133 6.86864 6.86598 6.86336 6.8608 6.8583 6.85587 6.85352 6.85126 6.84909 6.84703 6.84507 6.84322 6.84149 6.83987 6.83838 6.83701 6.83576 6.83465 6.83366 6.8328 6.83208 6.83148 6.83101 6.83068 6.83047 6.8304 
6.82356 6.82375 6.82407 6.82451 6.82509 6.8258 6.82664 6.82761 6.82871 6.82993 6.83128 6.83275 6.83435 6.83606 6.83789 6.83984 6.8419 6.84406 6.84633 6.84869 6.85114 6.85367 6.85628 6.85896 6.86169 6.86447 6.86728 6.87012 6.87298 6.87584 6.87868 6.88151 6.88429 6.88703 6.8897 6.89229 6.8948 6.89719 6.89948 6.90163 6.90364 6.90549 6.90718 6.9087 6.91004 6.91119 6.91214 6.91289 6.91343 6.91377 6.91389 6.91381 6.91351 6.913 6.91229 6.91138 6.91028 6.90899 6.90752 6.90588 6.90408 6.90213 6.90005 6.89784 6.89551 6.89309 6.89058 6.888 6.88536 6.88268 6.87997 6.87723 6.8745 6.87177 6.86906 6.86639 6.86375 6.86117 6.85866 6.85622 6.85385 6.85158 6.8494 6.84732 6.84535 6.84349 6.84175 6.84012 6.83862 6.83724 6.83599 6.83487 6.83387 6.83301 6.83228 6.83168 6.83121 6.83087 6.83066 6.83059 
6.82388 6.82407 6.82439 6.82484 6.82543 6.82615 6.827 6.82798 6.82909 6.83033 6.83169 6.83319 6.8348 6.83654 6.8384 6.84038 6.84246 6.84466 6.84696 6.84935 6.85184 6.85441 6.85705 6.85976 6.86253 6.86535 6.86821 6.87109 6.87399 6.87688 6.87977 6.88263 6.88546 6.88823 6.89094 6.89357 6.89611 6.89854 6.90085 6.90303 6.90507 6.90695 6.90867 6.91021 6.91156 6.91273 6.91369 6.91445 6.915 6.91534 6.91546 6.91537 6.91507 6.91456 6.91384 6.91291 6.91179 6.91048 6.90899 6.90733 6.9055 6.90353 6.90141 6.89917 6.89681 6.89436 6.89181 6.88919 6.88652 6.8838 6.88104 6.87827 6.87549 6.87273 6.86998 6.86726 6.86459 6.86197 6.85942 6.85694 6.85454 6.85223 6.85002 6.84791 6.84591 6.84402 6.84225 6.8406 6.83907 6.83768 6.8364 6.83526 6.83425 6.83338 6.83263 6.83202 6.83154 6.8312 6.83099 6.83091 
6.82432 6.82451 6.82484 6.8253 6.8259 6.82664 6.8275 6.8285 6.82964 6.8309 6.8323 6.83383 6.83548 6.83726 6.83916 6.84118 6.84331 6.84556 6.84791 6.85036 6.8529 6.85553 6.85823 6.861 6.86384 6.86672 6.86964 6.87258 6.87554 6.87851 6.88146 6.88438 6.88727 6.8901 6.89287 6.89556 6.89815 6.90063 6.903 6.90522 6.9073 6.90922 6.91098 6.91255 6.91393 6.91512 6.9161 6.91688 6.91744 6.91778 6.91791 6.91781 6.9175 6.91698 6.91624 6.9153 6.91415 6.91281 6.91129 6.90959 6.90772 6.9057 6.90354 6.90124 6.89883 6.89632 6.89372 6.89104 6.8883 6.88552 6.8827 6.87987 6.87703 6.8742 6.87139 6.86861 6.86587 6.8632 6.86058 6.85804 6.85559 6.85323 6.85096 6.8488 6.84675 6.84482 6.843 6.84131 6.83975 6.83831 6.83701 6.83584 6.8348 6.8339 6.83313 6.83251 6.83201 6.83166 6.83144 6.83136 
6.8249 6.82509 6.82543 6.8259 6.82652 6.82727 6.82816 6.82919 6.83036 6.83166 6.8331 6.83467 6.83638 6.83821 6.84017 6.84225 6.84445 6.84676 6.84918 6.8517 6.85432 6.85703 6.85982 6.86267 6.86559 6.86856 6.87156 6.8746 6.87765 6.8807 6.88373 6.88675 6.88972 6.89263 6.89548 6.89825 6.90091 6.90347 6.9059 6.90819 6.91033 6.9123 6.9141 6.91572 6.91714 6.91836 6.91937 6.92017 6.92074 6.92109 6.92122 6.92112 6.9208 6.92026 6.9195 6.91853 6.91735 6.91597 6.91439 6.91264 6.91072 6.90864 6.90641 6.90405 6.90157 6.89898 6.8963 6.89354 6.89072 6.88785 6.88495 6.88203 6.8791 6.87618 6.87329 6.87042 6.8676 6.86484 6.86214 6.85953 6.85699 6.85455 6.85221 6.84998 6.84787 6.84587 6.844 6.84225 6.84063 6.83915 6.8378 6.83659 6.83552 6.83458 6.83379 6.83314 6.83263 6.83226 6.83203 6.83194 
6.82561 6.8258 6.82615 6.82664 6.82727 6.82805 6.82897 6.83004 6.83125 6.8326 6.83409 6.83572 6.83749 6.83939 6.84142 6.84358 6.84586 6.84826 6.85077 6.85339 6.85611 6.85891 6.8618 6.86477 6.86779 6.87087 6.87399 6.87713 6.88029 6.88345 6.8866 6.88972 6.8928 6.89582 6.89877 6.90164 6.9044 6.90704 6.90956 6.91193 6.91414 6.91618 6.91805 6.91972 6.92119 6.92245 6.92349 6.92431 6.92491 6.92527 6.9254 6.9253 6.92496 6.9244 6.92361 6.9226 6.92137 6.91994 6.91831 6.9165 6.9145 6.91234 6.91003 6.90759 6.90501 6.90233 6.89955 6.89669 6.89376 6.89079 6.88778 6.88475 6.88171 6.87868 6.87567 6.8727 6.86977 6.8669 6.8641 6.86138 6.85875 6.85621 6.85378 6.85146 6.84926 6.84718 6.84523 6.84342 6.84173 6.84019 6.83878 6.83752 6.8364 6.83543 6.8346 6.83391 6.83338 6.83299 6.83274 6.83265 
6.82644 6.82664 6.827 6.8275 6.82816 6.82897 6.82993 6.83104 6.83231 6.83372 6.83527 6.83697 6.83882 6.8408 6.84292 6.84518 6.84756 6.85006 6.85268 6.85542 6.85825 6.86118 6.8642 6.86729 6.87044 6.87365 6.8769 6.88018 6.88348 6.88677 6.89005 6.89331 6.89651 6.89966 6.90274 6.90572 6.90859 6.91135 6.91396 6.91643 6.91873 6.92086 6.9228 6.92454 6.92606 6.92737 6.92846 6.92931 6.92992 6.9303 6.93043 6.93032 6.92997 6.92938 6.92856 6.9275 6.92622 6.92473 6.92303 6.92114 6.91906 6.91681 6.9144 6.91184 6.90916 6.90636 6.90346 6.90048 6.89743 6.89432 6.89118 6.88802 6.88485 6.88168 6.87854 6.87544 6.87238 6.86938 6.86646 6.86361 6.86086 6.85821 6.85566 6.85324 6.85093 6.84876 6.84672 6.84481 6.84304 6.84142 6.83995 6.83862 6.83745 6.83642 6.83555 6.83483 6.83427 6.83385 6.83359 6.83349 
6.82741 6.82761 6.82798 6.8285 6.82919 6.83004 6.83104 6.83221 6.83353 6.83501 6.83664 6.83843 6.84036 6.84244 6.84467 6.84703 6.84953 6.85216 6.85491 6.85778 6.86075 6.86382 6.86699 6.87023 6.87354 6.8769 6.88031 6.88375 6.8872 6.89065 6.89409 6.89749 6.90085 6.90415 6.90736 6.91048 6.91349 6.91637 6.91911 6.92169 6.9241 6.92632 6.92835 6.93016 6.93176 6.93312 6.93426 6.93514 6.93578 6.93617 6.93631 6.93619 6.93582 6.9352 6.93433 6.93323 6.93189 6.93032 6.92854 6.92655 6.92438 6.92202 6.91949 6.91682 6.914 6.91107 6.90803 6.9049 6.9017 6.89845 6.89515 6.89183 6.88851 6.88519 6.88189 6.87863 6.87542 6.87227 6.8692 6.86621 6.86332 6.86053 6.85786 6.8553 6.85288 6.85059 6.84844 6.84643 6.84457 6.84286 6.8413 6.8399 6.83866 6.83758 6.83666 6.83589 6.83529 6.83485 6.83457 6.83445 
6.8285 6.82871 6.82909 6.82964 6.83036 6.83125 6.83231 6.83353 6.83492 6.83648 6.8382 6.84008 6.84212 6.84431 6.84666 6.84915 6.85178 6.85455 6.85745 6.86047 6.8636 6.86684 6.87017 6.87359 6.87707 6.88061 6.8842 6.88782 6.89145 6.89508 6.89869 6.90227 6.90581 6.90927 6.91265 6.91593 6.91909 6.92211 6.92499 6.9277 6.93022 6.93256 6.93468 6.93658 6.93826 6.93969 6.94087 6.9418 6.94247 6.94288 6.94302 6.94289 6.9425 6.94184 6.94093 6.93976 6.93835 6.9367 6.93483 6.93274 6.93045 6.92797 6.92531 6.92249 6.91953 6.91645 6.91325 6.90996 6.90659 6.90316 6.89969 6.89619 6.89269 6.88919 6.88572 6.88228 6.87889 6.87557 6.87233 6.86917 6.86612 6.86318 6.86035 6.85766 6.85509 6.85267 6.85039 6.84827 6.8463 6.84449 6.84284 6.84136 6.84004 6.83889 6.83791 6.8371 6.83645 6.83598 6.83568 6.83555 
6.82971 6.82993 6.83033 6.8309 6.83166 6.8326 6.83372 6.83501 6.83648 6.83812 6.83994 6.84193 6.84408 6.8464 6.84888 6.85152 6.85431 6.85723 6.8603 6.86349 6.8668 6.87023 6.87375 6.87735 6.88103 6.88478 6.88856 6.89238 6.89622 6.90005 6.90386 6.90764 6.91136 6.91502 6.91858 6.92203 6.92537 6.92855 6.93158 6.93443 6.93709 6.93955 6.94178 6.94379 6.94555 6.94705 6.9483 6.94927 6.94997 6.9504 6.95054 6.9504 6.94999 6.94929 6.94833 6.94709 6.9456 6.94386 6.94189 6.93968 6.93726 6.93464 6.93184 6.92886 6.92574 6.92248 6.9191 6.91562 6.91207 6.90844 6.90478 6.90108 6.89738 6.89368 6.89001 6.88637 6.88279 6.87927 6.87584 6.8725 6.86927 6.86615 6.86315 6.86029 6.85757 6.855 6.85259 6.85033 6.84824 6.84632 6.84456 6.84299 6.84158 6.84036 6.83931 6.83844 6.83775 6.83724 6.83692 6.83677 
6.83105 6.83128 6.83169 6.8323 6.8331 6.83409 6.83527 6.83664 6.8382 6.83994 6.84187 6.84397 6.84626 6.84872 6.85135 6.85414 6.8571 6.8602 6.86345 6.86684 6.87035 6.87397 6.8777 6.88152 6.88542 6.88938 6.89339 6.89744 6.90149 6.90555 6.90958 6.91358 6.91752 6.92138 6.92514 6.92879 6.93231 6.93568 6.93888 6.94189 6.9447 6.94729 6.94964 6.95176 6.95361 6.9552 6.95651 6.95754 6.95827 6.95872 6.95886 6.95871 6.95827 6.95753 6.95651 6.9552 6.95363 6.95178 6.94969 6.94736 6.9448 6.94202 6.93906 6.93591 6.9326 6.92915 6.92558 6.9219 6.91813 6.91429 6.91041 6.9065 6.90257 6.89865 6.89475 6.8909 6.8871 6.88337 6.87973 6.87618 6.87275 6.86943 6.86625 6.86321 6.86032 6.85759 6.85502 6.85261 6.85039 6.84833 6.84647 6.84478 6.84328 6.84197 6.84085 6.83992 6.83918 6.83864 6.83828 6.83812 
6.83252 6.83275 6.83319 6.83383 6.83467 6.83572 6.83697 6.83843 6.84008 6.84193 6.84397 6.84621 6.84864 6.85126 6.85405 6.85702 6.86016 6.86345 6.86691 6.8705 6.87423 6.87808 6.88204 6.88609 6.89023 6.89443 6.89868 6.90297 6.90727 6.91157 6.91584 6.92008 6.92425 6.92834 6.93232 6.93619 6.93991 6.94347 6.94686 6.95004 6.95301 6.95575 6.95824 6.96047 6.96243 6.96411 6.96549 6.96657 6.96735 6.96781 6.96796 6.9678 6.96733 6.96654 6.96546 6.96407 6.9624 6.96044 6.95822 6.95575 6.95304 6.9501 6.94695 6.94362 6.94011 6.93645 6.93266 6.92876 6.92476 6.92069 6.91657 6.91242 6.90825 6.90409 6.89995 6.89585 6.89182 6.88785 6.88398 6.88021 6.87655 6.87303 6.86964 6.8664 6.86332 6.86041 6.85767 6.85511 6.85273 6.85054 6.84855 6.84674 6.84514 6.84374 6.84254 6.84154 6.84075 6.84016 6.83977 6.83959 
6.83411 6.83435 6.8348 6.83548 6.83638 6.83749 6.83882 6.84036 6.84212 6.84408 6.84626 6.84864 6.85123 6.85401 6.85698 6.86014 6.86347 6.86698 6.87065 6.87447 6.87844 6.88253 6.88674 6.89105 6.89544 6.8999 6.90442 6.90897 6.91353 6.9181 6.92263 6.92712 6.93154 6.93588 6.9401 6.9442 6.94815 6.95192 6.9555 6.95887 6.96201 6.96491 6.96755 6.96991 6.97198 6.97375 6.97521 6.97635 6.97717 6.97766 6.97781 6.97764 6.97713 6.9763 6.97514 6.97367 6.9719 6.96982 6.96747 6.96484 6.96196 6.95885 6.95551 6.95197 6.94825 6.94437 6.94034 6.9362 6.93195 6.92763 6.92325 6.91884 6.91441 6.90998 6.90558 6.90123 6.89693 6.89271 6.88859 6.88458 6.88068 6.87693 6.87332 6.86987 6.86658 6.86347 6.86055 6.85781 6.85527 6.85293 6.8508 6.84887 6.84716 6.84565 6.84436 6.84329 6.84244 6.8418 6.84138 6.84119 
6.83581 6.83606 6.83654 6.83726 6.83821 6.83939 6.8408 6.84244 6.84431 6.8464 6.84872 6.85126 6.85401 6.85697 6.86013 6.86349 6.86704 6.87078 6.87468 6.87875 6.88297 6.88732 6.89179 6.89637 6.90105 6.90579 6.91059 6.91542 6.92027 6.92511 6.92993 6.93469 6.93939 6.94399 6.94847 6.95281 6.95699 6.96099 6.96479 6.96836 6.97169 6.97476 6.97755 6.98005 6.98224 6.98411 6.98565 6.98686 6.98772 6.98823 6.98839 6.9882 6.98766 6.98678 6.98555 6.98398 6.9821 6.9799 6.9774 6.97461 6.97155 6.96824 6.9647 6.96094 6.95699 6.95286 6.94859 6.94419 6.93968 6.93508 6.93043 6.92574 6.92103 6.91632 6.91164 6.90701 6.90243 6.89794 6.89355 6.88927 6.88513 6.88112 6.87727 6.87359 6.87008 6.86677 6.86364 6.86072 6.85801 6.85551 6.85322 6.85116 6.84932 6.84771 6.84633 6.84518 6.84426 6.84357 6.84312 6.8429 
6.83764 6.83789 6.8384 6.83916 6.84017 6.84142 6.84292 6.84467 6.84666 6.84888 6.85135 6.85405 6.85698 6.86013 6.8635 6.86708 6.87086 6.87484 6.87899 6.88332 6.88781 6.89244 6.8972 6.90207 6.90703 6.91208 6.91718 6.92231 6.92746 6.9326 6.93772 6.94277 6.94776 6.95263 6.95739 6.962 6.96643 6.97067 6.97469 6.97848 6.982 6.98525 6.98821 6.99085 6.99317 6.99515 6.99678 6.99806 6.99897 6.99951 6.99967 6.99947 6.99889 6.99794 6.99664 6.99498 6.99297 6.99063 6.98798 6.98502 6.98177 6.97826 6.9745 6.97051 6.96631 6.96193 6.95739 6.95271 6.94792 6.94304 6.93809 6.9331 6.92809 6.92309 6.91811 6.91317 6.90831 6.90353 6.89885 6.89429 6.88987 6.8856 6.8815 6.87757 6.87383 6.87029 6.86695 6.86383 6.86093 6.85825 6.85581 6.8536 6.85164 6.84991 6.84843 6.84719 6.8462 6.84546 6.84497 6.84473 
6.83957 6.83984 6.84038 6.84118 6.84225 6.84358 6.84518 6.84703 6.84915 6.85152 6.85414 6.85702 6.86014 6.86349 6.86708 6.87089 6.87492 6.87915 6.88357 6.88817 6.89295 6.89787 6.90293 6.90811 6.91339 6.91875 6.92417 6.92962 6.93509 6.94055 6.94598 6.95134 6.95663 6.9618 6.96685 6.97173 6.97643 6.98092 6.98519 6.98919 6.99293 6.99637 6.9995 7.0023 7.00475 7.00684 7.00857 7.00992 7.01087 7.01144 7.01161 7.01139 7.01078 7.00977 7.00838 7.00662 7.00449 7.00201 6.99919 6.99605 6.9926 6.98888 6.98488 6.98065 6.97619 6.97154 6.96672 6.96175 6.95666 6.95147 6.94622 6.94091 6.93559 6.93026 6.92497 6.91972 6.91454 6.90945 6.90447 6.89961 6.8949 6.89036 6.88598 6.88179 6.8778 6.87402 6.87046 6.86713 6.86403 6.86117 6.85856 6.8562 6.85409 6.85225 6.85066 6.84933 6.84827 6.84747 6.84694 6.84668 
6.84162 6.8419 6.84246 6.84331 6.84445 6.84586 6.84756 6.84953 6.85178 6.85431 6.8571 6.86016 6.86347 6.86704 6.87086 6.87492 6.8792 6.8837 6.8884 6.8933 6.89837 6.90361 6.90898 6.91449 6.92009 6.92579 6.93154 6.93733 6.94313 6.94893 6.95468 6.96038 6.96598 6.97147 6.97681 6.98199 6.98696 6.99172 6.99624 7.00048 7.00444 7.00808 7.01139 7.01435 7.01694 7.01916 7.02098 7.0224 7.02341 7.02401 7.02418 7.02395 7.02329 7.02222 7.02075 7.01887 7.01661 7.01398 7.01099 7.00766 7.00401 7.00005 6.99582 6.99132 6.9866 6.98166 6.97655 6.97127 6.96587 6.96036 6.95478 6.94915 6.94349 6.93783 6.9322 6.92662 6.92111 6.9157 6.9104 6.90523 6.90022 6.89537 6.89071 6.88625 6.882 6.87797 6.87417 6.87061 6.86731 6.86425 6.86146 6.85894 6.85669 6.85471 6.85301 6.85159 6.85045 6.8496 6.84902 6.84873 
6.84377 6.84406 6.84466 6.84556 6.84676 6.84826 6.85006 6.85216 6.85455 6.85723 6.8602 6.86345 6.86698 6.87078 6.87484 6.87915 6.8837 6.88848 6.89348 6.89868 6.90407 6.90963 6.91534 6.92118 6.92713 6.93317 6.93927 6.94541 6.95157 6.95771 6.96381 6.96984 6.97578 6.98159 6.98725 6.99273 6.998 7.00304 7.00781 7.01231 7.01649 7.02034 7.02384 7.02696 7.02971 7.03204 7.03397 7.03547 7.03653 7.03716 7.03734 7.03709 7.03639 7.03525 7.03369 7.0317 7.02931 7.02652 7.02335 7.01982 7.01595 7.01176 7.00727 7.00251 6.9975 6.99227 6.98684 6.98125 6.97552 6.96968 6.96376 6.95778 6.95177 6.94577 6.93979 6.93386 6.92801 6.92225 6.91662 6.91113 6.9058 6.90064 6.89568 6.89093 6.8864 6.88211 6.87806 6.87427 6.87075 6.86749 6.86452 6.86182 6.85942 6.85731 6.85549 6.85397 6.85275 6.85183 6.85121 6.85089 
6.84602 6.84633 6.84696 6.84791 6.84918 6.85077 6.85268 6.85491 6.85745 6.8603 6.86345 6.86691 6.87065 6.87468 6.87899 6.88357 6.8884 6.89348 6.89878 6.9043 6.91002 6.91592 6.92198 6.92817 6.93448 6.94088 6.94735 6.95385 6.96037 6.96688 6.97334 6.97972 6.986 6.99215 6.99814 7.00393 7.00951 7.01483 7.01988 7.02463 7.02904 7.03311 7.03681 7.04011 7.043 7.04547 7.0475 7.04908 7.0502 7.05086 7.05105 7.05077 7.05003 7.04883 7.04717 7.04507 7.04254 7.03958 7.03623 7.03249 7.0284 7.02396 7.01921 7.01417 7.00886 7.00333 6.99758 6.99166 6.98559 6.9794 6.97312 6.96678 6.96042 6.95405 6.94771 6.94142 6.93521 6.9291 6.92312 6.91729 6.91162 6.90615 6.90087 6.89582 6.89101 6.88644 6.88214 6.8781 6.87435 6.87088 6.86771 6.86484 6.86227 6.86002 6.85808 6.85645 6.85515 6.85416 6.8535 6.85316 
6.84837 6.84869 6.84935 6.85036 6.8517 6.85339 6.85542 6.85778 6.86047 6.86349 6.86684 6.8705 6.87447 6.87875 6.88332 6.88817 6.8933 6.89868 6.9043 6.91016 6.91621 6.92246 6.92888 6.93544 6.94212 6.94889 6.95574 6.96262 6.96952 6.9764 6.98322 6.98998 6.99662 7.00311 7.00944 7.01556 7.02144 7.02707 7.03239 7.0374 7.04206 7.04636 7.05025 7.05374 7.05679 7.05939 7.06153 7.06319 7.06437 7.06506 7.06526 7.06496 7.06417 7.0629 7.06115 7.05892 7.05625 7.05313 7.04958 7.04563 7.0413 7.03661 7.03159 7.02626 7.02065 7.0148 7.00872 7.00246 6.99603 6.98948 6.98284 6.97613 6.96939 6.96265 6.95593 6.94927 6.94269 6.93622 6.92987 6.92369 6.91768 6.91187 6.90627 6.90091 6.8958 6.89095 6.88637 6.88208 6.87809 6.8744 6.87103 6.86798 6.86524 6.86284 6.86077 6.85904 6.85765 6.85659 6.85588 6.85551 
6.85081 6.85114 6.85184 6.8529 6.85432 6.85611 6.85825 6.86075 6.8636 6.8668 6.87035 6.87423 6.87844 6.88297 6.88781 6.89295 6.89837 6.90407 6.91002 6.91621 6.92262 6.92923 6.93602 6.94295 6.95002 6.95718 6.96441 6.97169 6.97897 6.98623 6.99345 7.00057 7.00758 7.01444 7.02111 7.02756 7.03377 7.0397 7.04531 7.05059 7.05551 7.06003 7.06413 7.0678 7.07101 7.07375 7.076 7.07775 7.07899 7.07971 7.07992 7.0796 7.07877 7.07742 7.07557 7.07322 7.07039 7.0671 7.06336 7.05919 7.05462 7.04967 7.04437 7.03875 7.03283 7.02664 7.02023 7.01361 7.00683 6.99991 6.99289 6.9858 6.97867 6.97154 6.96444 6.95739 6.95043 6.94358 6.93686 6.93031 6.92395 6.91779 6.91186 6.90618 6.90076 6.89561 6.89076 6.88621 6.88197 6.87806 6.87447 6.87123 6.86833 6.86577 6.86357 6.86173 6.86024 6.85912 6.85836 6.85796 
6.85333 6.85367 6.85441 6.85553 6.85703 6.85891 6.86118 6.86382 6.86684 6.87023 6.87397 6.87808 6.88253 6.88732 6.89244 6.89787 6.90361 6.90963 6.91592 6.92246 6.92923 6.93621 6.94338 6.9507 6.95816 6.96571 6.97335 6.98102 6.9887 6.99636 7.00396 7.01147 7.01886 7.02608 7.03311 7.03991 7.04644 7.05268 7.05859 7.06415 7.06932 7.07407 7.07839 7.08225 7.08562 7.0885 7.09087 7.0927 7.094 7.09476 7.09497 7.09464 7.09376 7.09233 7.09038 7.08791 7.08493 7.08146 7.07752 7.07313 7.06831 7.0631 7.05751 7.05158 7.04534 7.03883 7.03206 7.02508 7.01793 7.01063 7.00323 6.99574 6.98822 6.9807 6.9732 6.96575 6.9584 6.95116 6.94406 6.93714 6.93041 6.9239 6.91763 6.91161 6.90587 6.90043 6.89529 6.89047 6.88598 6.88183 6.87803 6.87459 6.87151 6.8688 6.86646 6.8645 6.86292 6.86173 6.86092 6.86049 
6.85592 6.85628 6.85705 6.85823 6.85982 6.8618 6.8642 6.86699 6.87017 6.87375 6.8777 6.88204 6.88674 6.89179 6.8972 6.90293 6.90898 6.91534 6.92198 6.92888 6.93602 6.94338 6.95093 6.95865 6.96651 6.97447 6.98251 6.99059 6.99868 7.00674 7.01474 7.02264 7.03041 7.03801 7.0454 7.05255 7.05942 7.06598 7.07219 7.07802 7.08345 7.08845 7.09298 7.09703 7.10058 7.10359 7.10607 7.108 7.10936 7.11016 7.11037 7.11002 7.10909 7.10759 7.10554 7.10294 7.0998 7.09615 7.09201 7.08739 7.08232 7.07684 7.07096 7.06473 7.05816 7.0513 7.04418 7.03683 7.0293 7.02162 7.01382 7.00594 6.99801 6.99008 6.98217 6.97433 6.96657 6.95893 6.95145 6.94414 6.93704 6.93017 6.92354 6.91719 6.91113 6.90537 6.89994 6.89484 6.89009 6.88571 6.88169 6.87804 6.87478 6.87191 6.86944 6.86736 6.86568 6.86441 6.86355 6.86309 
6.85858 6.85896 6.85976 6.861 6.86267 6.86477 6.86729 6.87023 6.87359 6.87735 6.88152 6.88609 6.89105 6.89637 6.90207 6.90811 6.91449 6.92118 6.92817 6.93544 6.94295 6.9507 6.95865 6.96677 6.97503 6.98341 6.99186 7.00036 7.00886 7.01733 7.02574 7.03404 7.0422 7.05017 7.05793 7.06543 7.07264 7.07952 7.08604 7.09216 7.09786 7.10309 7.10785 7.11209 7.11581 7.11897 7.12157 7.12358 7.12501 7.12584 7.12606 7.12568 7.12471 7.12313 7.12097 7.11824 7.11495 7.11112 7.10677 7.10192 7.0966 7.09084 7.08467 7.07812 7.07122 7.06402 7.05654 7.04882 7.0409 7.03283 7.02462 7.01634 7.008 6.99966 6.99134 6.98308 6.97492 6.96688 6.959 6.9513 6.94382 6.93657 6.92959 6.92289 6.9165 6.91043 6.9047 6.89932 6.89431 6.88967 6.88543 6.88158 6.87813 6.8751 6.87248 6.87029 6.86851 6.86717 6.86625 6.86576 
6.8613 6.86169 6.86253 6.86384 6.86559 6.86779 6.87044 6.87354 6.87707 6.88103 6.88542 6.89023 6.89544 6.90105 6.90703 6.91339 6.92009 6.92713 6.93448 6.94212 6.95002 6.95816 6.96651 6.97503 6.98371 6.9925 7.00137 7.01029 7.01921 7.0281 7.03691 7.04562 7.05417 7.06253 7.07066 7.07852 7.08607 7.09328 7.10011 7.10651 7.11248 7.11796 7.12293 7.12737 7.13126 7.13457 7.13728 7.13939 7.14088 7.14174 7.14197 7.14158 7.14055 7.1389 7.13663 7.13377 7.13032 7.12631 7.12175 7.11667 7.11109 7.10505 7.09859 7.09172 7.08449 7.07693 7.06909 7.06099 7.05269 7.04421 7.03561 7.02691 7.01816 7.0094 7.00066 6.99199 6.98341 6.97496 6.96667 6.95858 6.95071 6.94309 6.93575 6.9287 6.92197 6.91558 6.90955 6.90388 6.8986 6.89372 6.88924 6.88519 6.88155 6.87835 6.87559 6.87327 6.8714 6.86998 6.86901 6.86849 
6.86406 6.86447 6.86535 6.86672 6.86856 6.87087 6.87365 6.8769 6.88061 6.88478 6.88938 6.89443 6.8999 6.90579 6.91208 6.91875 6.92579 6.93317 6.94088 6.94889 6.95718 6.96571 6.97447 6.98341 6.9925 7.00171 7.01101 7.02035 7.02969 7.03899 7.04822 7.05733 7.06628 7.07503 7.08353 7.09176 7.09965 7.10719 7.11432 7.12102 7.12725 7.13298 7.13817 7.14281 7.14687 7.15032 7.15316 7.15536 7.15691 7.15781 7.15805 7.15763 7.15655 7.15483 7.15246 7.14946 7.14585 7.14165 7.13688 7.13157 7.12574 7.11942 7.11265 7.10547 7.0979 7.08999 7.08178 7.07331 7.06461 7.05573 7.04672 7.03761 7.02844 7.01926 7.0101 7.00101 6.99201 6.98315 6.97446 6.96597 6.95771 6.94971 6.942 6.93459 6.92753 6.92081 6.91447 6.90851 6.90296 6.89783 6.89312 6.88885 6.88503 6.88166 6.87875 6.87631 6.87434 6.87284 6.87181 6.87126 
6.86686 6.86728 6.86821 6.86964 6.87156 6.87399 6.8769 6.88031 6.8842 6.88856 6.89339 6.89868 6.90442 6.91059 6.91718 6.92417 6.93154 6.93927 6.94735 6.95574 6.96441 6.97335 6.98251 6.99186 7.00137 7.01101 7.02073 7.03049 7.04025 7.04998 7.05962 7.06914 7.07849 7.08762 7.0965 7.10508 7.11333 7.12119 7.12863 7.13562 7.14212 7.14809 7.15351 7.15835 7.16258 7.16618 7.16913 7.17143 7.17304 7.17398 7.17422 7.17378 7.17266 7.17085 7.16838 7.16525 7.16148 7.1571 7.15212 7.14657 7.14048 7.13388 7.12682 7.11931 7.11141 7.10315 7.09457 7.08571 7.07662 7.06735 7.05792 7.0484 7.03881 7.0292 7.01962 7.0101 7.00069 6.99141 6.98231 6.97342 6.96477 6.95639 6.94831 6.94055 6.93314 6.9261 6.91944 6.9132 6.90737 6.90198 6.89704 6.89256 6.88855 6.88501 6.88195 6.87939 6.87731 6.87573 6.87465 6.87407 
6.86968 6.87012 6.87109 6.87258 6.8746 6.87713 6.88018 6.88375 6.88782 6.89238 6.89744 6.90297 6.90897 6.91542 6.92231 6.92962 6.93733 6.94541 6.95385 6.96262 6.97169 6.98102 6.99059 7.00036 7.01029 7.02035 7.03049 7.04067 7.05086 7.06101 7.07106 7.08099 7.09073 7.10025 7.10951 7.11845 7.12704 7.13523 7.14298 7.15026 7.15703 7.16325 7.16889 7.17392 7.17832 7.18207 7.18514 7.18752 7.1892 7.19017 7.19043 7.18997 7.18879 7.18691 7.18433 7.18107 7.17714 7.17257 7.16738 7.1616 7.15526 7.14839 7.14102 7.1332 7.12496 7.11634 7.1074 7.09816 7.08868 7.079 7.06917 7.05922 7.04922 7.03919 7.02918 7.01924 7.00941 6.99972 6.9902 6.98091 6.97187 6.9631 6.95465 6.94654 6.93878 6.93141 6.92445 6.91791 6.91181 6.90617 6.901 6.8963 6.89209 6.88839 6.88518 6.88249 6.88031 6.87865 6.87752 6.8769 
6.87252 6.87298 6.87399 6.87554 6.87765 6.88029 6.88348 6.8872 6.89145 6.89622 6.90149 6.90727 6.91353 6.92027 6.92746 6.93509 6.94313 6.95157 6.96037 6.96952 6.97897 6.9887 6.99868 7.00886 7.01921 7.02969 7.04025 7.05086 7.06147 7.07203 7.0825 7.09283 7.10297 7.11288 7.1225 7.1318 7.14073 7.14925 7.15731 7.16488 7.17191 7.17837 7.18423 7.18946 7.19403 7.19792 7.20111 7.20359 7.20533 7.20634 7.2066 7.20611 7.20489 7.20293 7.20025 7.19686 7.19277 7.18802 7.18262 7.17661 7.17001 7.16286 7.1552 7.14706 7.13849 7.12952 7.12021 7.11059 7.10072 7.09065 7.0804 7.07005 7.05962 7.04917 7.03875 7.02839 7.01813 7.00803 6.99811 6.98841 6.97897 6.96983 6.96101 6.95254 6.94444 6.93675 6.92947 6.92264 6.91627 6.91037 6.90496 6.90005 6.89565 6.89177 6.88842 6.8856 6.88332 6.88159 6.8804 6.87975 
6.87536 6.87584 6.87688 6.87851 6.8807 6.88345 6.88677 6.89065 6.89508 6.90005 6.90555 6.91157 6.9181 6.92511 6.9326 6.94055 6.94893 6.95771 6.96688 6.9764 6.98623 6.99636 7.00674 7.01733 7.0281 7.03899 7.04998 7.06101 7.07203 7.08301 7.09388 7.10461 7.11514 7.12543 7.13543 7.14508 7.15435 7.16319 7.17156 7.1794 7.1867 7.1934 7.19948 7.2049 7.20964 7.21368 7.21698 7.21955 7.22135 7.22239 7.22266 7.22216 7.22088 7.21885 7.21607 7.21254 7.20831 7.20337 7.19777 7.19153 7.18468 7.17725 7.1693 7.16084 7.15194 7.14263 7.13295 7.12297 7.11271 7.10224 7.09159 7.08082 7.06998 7.05912 7.04827 7.03749 7.02682 7.0163 7.00598 6.99589 6.98606 6.97654 6.96735 6.95852 6.95009 6.94207 6.93448 6.92736 6.92072 6.91457 6.90892 6.9038 6.89921 6.89516 6.89166 6.88872 6.88634 6.88452 6.88328 6.8826 
6.87819 6.87868 6.87977 6.88146 6.88373 6.8866 6.89005 6.89409 6.89869 6.90386 6.90958 6.91584 6.92263 6.92993 6.93772 6.94598 6.95468 6.96381 6.97334 6.98322 6.99345 7.00396 7.01474 7.02574 7.03691 7.04822 7.05962 7.07106 7.0825 7.09388 7.10516 7.11628 7.1272 7.13787 7.14822 7.15823 7.16783 7.17699 7.18565 7.19378 7.20133 7.20827 7.21457 7.22018 7.22509 7.22926 7.23268 7.23533 7.2372 7.23827 7.23855 7.23803 7.23671 7.2346 7.23171 7.22806 7.22367 7.21856 7.21276 7.20629 7.19919 7.1915 7.18325 7.17449 7.16526 7.15561 7.14558 7.13522 7.12458 7.11372 7.10267 7.0915 7.08025 7.06897 7.05772 7.04652 7.03544 7.02452 7.01379 7.00331 6.9931 6.9832 6.97364 6.96447 6.95569 6.94735 6.93946 6.93205 6.92514 6.91874 6.91286 6.90753 6.90275 6.89853 6.89489 6.89182 6.88934 6.88745 6.88615 6.88544 
6.881 6.88151 6.88263 6.88438 6.88675 6.88972 6.89331 6.89749 6.90227 6.90764 6.91358 6.92008 6.92712 6.93469 6.94277 6.95134 6.96038 6.96984 6.97972 6.98998 7.00057 7.01147 7.02264 7.03404 7.04562 7.05733 7.06914 7.08099 7.09283 7.10461 7.11628 7.12779 7.13909 7.15012 7.16084 7.17119 7.18112 7.19059 7.19954 7.20794 7.21575 7.22292 7.22943 7.23523 7.2403 7.24461 7.24814 7.25088 7.2528 7.25391 7.2542 7.25365 7.25229 7.2501 7.24712 7.24335 7.2388 7.23352 7.22752 7.22083 7.21348 7.20553 7.197 7.18794 7.17839 7.1684 7.15802 7.1473 7.13629 7.12504 7.1136 7.10204 7.09038 7.0787 7.06704 7.05544 7.04395 7.03263 7.02151 7.01063 7.00004 6.98978 6.97987 6.97034 6.96124 6.95258 6.94439 6.9367 6.92952 6.92287 6.91676 6.91122 6.90626 6.90187 6.89808 6.8949 6.89231 6.89035 6.88899 6.88826 
6.88377 6.88429 6.88546 6.88727 6.88972 6.8928 6.89651 6.90085 6.90581 6.91136 6.91752 6.92425 6.93154 6.93939 6.94776 6.95663 6.96598 6.97578 6.986 6.99662 7.00758 7.01886 7.03041 7.0422 7.05417 7.06628 7.07849 7.09073 7.10297 7.11514 7.1272 7.13909 7.15076 7.16215 7.17322 7.1839 7.19415 7.20392 7.21316 7.22183 7.22989 7.23728 7.24399 7.24997 7.2552 7.25965 7.26329 7.26611 7.2681 7.26924 7.26953 7.26896 7.26755 7.2653 7.26222 7.25833 7.25364 7.24818 7.24199 7.23508 7.2275 7.21929 7.21048 7.20112 7.19126 7.18095 7.17023 7.15915 7.14778 7.13615 7.12434 7.11238 7.10033 7.08825 7.07619 7.06419 7.05232 7.0406 7.02909 7.01784 7.00688 6.99625 6.98599 6.97612 6.96669 6.95772 6.94924 6.94127 6.93383 6.92693 6.92061 6.91486 6.90971 6.90517 6.90124 6.89793 6.89525 6.89321 6.8918 6.89104 
6.88649 6.88703 6.88823 6.8901 6.89263 6.89582 6.89966 6.90415 6.90927 6.91502 6.92138 6.92834 6.93588 6.94399 6.95263 6.9618 6.97147 6.98159 6.99215 7.00311 7.01444 7.02608 7.03801 7.05017 7.06253 7.07503 7.08762 7.10025 7.11288 7.12543 7.13787 7.15012 7.16215 7.17389 7.1853 7.1963 7.20686 7.21693 7.22645 7.23538 7.24367 7.25129 7.2582 7.26436 7.26974 7.27431 7.27806 7.28097 7.28301 7.28418 7.28448 7.2839 7.28244 7.28012 7.27695 7.27293 7.2681 7.26248 7.2561 7.24898 7.24118 7.23271 7.22364 7.21399 7.20383 7.19319 7.18214 7.17072 7.15899 7.14701 7.13482 7.12248 7.11005 7.09759 7.08514 7.07275 7.06049 7.04839 7.03651 7.02489 7.01356 7.00258 6.99198 6.98178 6.97204 6.96276 6.95399 6.94575 6.93805 6.93092 6.92437 6.91843 6.9131 6.9084 6.90433 6.9009 6.89813 6.89601 6.89456 6.89376 
6.88915 6.8897 6.89094 6.89287 6.89548 6.89877 6.90274 6.90736 6.91265 6.91858 6.92514 6.93232 6.9401 6.94847 6.95739 6.96685 6.97681 6.98725 6.99814 7.00944 7.02111 7.03311 7.0454 7.05793 7.07066 7.08353 7.0965 7.10951 7.1225 7.13543 7.14822 7.16084 7.17322 7.1853 7.19702 7.20834 7.21921 7.22956 7.23934 7.24852 7.25705 7.26488 7.27198 7.27831 7.28384 7.28854 7.29239 7.29537 7.29747 7.29867 7.29898 7.29838 7.29688 7.29449 7.29123 7.2871 7.28214 7.27636 7.26979 7.26248 7.25444 7.24574 7.2364 7.22648 7.21603 7.20508 7.19371 7.18196 7.16989 7.15755 7.145 7.13229 7.1195 7.10666 7.09383 7.08108 7.06844 7.05597 7.04373 7.03174 7.02007 7.00874 6.99781 6.98729 6.97724 6.96767 6.95862 6.95011 6.94216 6.9348 6.92805 6.92191 6.91641 6.91155 6.90735 6.90381 6.90094 6.89875 6.89725 6.89643 
6.89172 6.89229 6.89357 6.89556 6.89825 6.90164 6.90572 6.91048 6.91593 6.92203 6.92879 6.93619 6.9442 6.95281 6.962 6.97173 6.98199 6.99273 7.00393 7.01556 7.02756 7.03991 7.05255 7.06543 7.07852 7.09176 7.10508 7.11845 7.1318 7.14508 7.15823 7.17119 7.1839 7.1963 7.20834 7.21997 7.23112 7.24174 7.25179 7.26121 7.26996 7.27799 7.28527 7.29177 7.29744 7.30226 7.30621 7.30927 7.31142 7.31265 7.31296 7.31235 7.31081 7.30836 7.30501 7.30077 7.29567 7.28974 7.283 7.27549 7.26725 7.25831 7.24872 7.23854 7.2278 7.21656 7.20488 7.19281 7.18041 7.16773 7.15483 7.14178 7.12862 7.11542 7.10224 7.08912 7.07612 7.0633 7.0507 7.03837 7.02636 7.0147 7.00345 6.99263 6.98227 6.97242 6.9631 6.95434 6.94615 6.93857 6.93161 6.92529 6.91961 6.91461 6.91027 6.90663 6.90367 6.90141 6.89986 6.89901 
6.89421 6.8948 6.89611 6.89815 6.90091 6.9044 6.90859 6.91349 6.91909 6.92537 6.93231 6.93991 6.94815 6.95699 6.96643 6.97643 6.98696 6.998 7.00951 7.02144 7.03377 7.04644 7.05942 7.07264 7.08607 7.09965 7.11333 7.12704 7.14073 7.15435 7.16783 7.18112 7.19415 7.20686 7.21921 7.23112 7.24254 7.25343 7.26372 7.27337 7.28233 7.29056 7.29802 7.30467 7.31048 7.31541 7.31946 7.32259 7.32479 7.32605 7.32637 7.32573 7.32416 7.32164 7.31821 7.31387 7.30865 7.30257 7.29567 7.28797 7.27952 7.27036 7.26054 7.2501 7.23909 7.22757 7.2156 7.20322 7.1905 7.1775 7.16427 7.15088 7.13738 7.12384 7.11031 7.09685 7.08351 7.07034 7.05741 7.04475 7.03241 7.02044 7.00887 6.99776 6.98712 6.97699 6.96741 6.95841 6.94999 6.9422 6.93504 6.92854 6.9227 6.91755 6.9131 6.90934 6.9063 6.90398 6.90238 6.90151 
6.8966 6.89719 6.89854 6.90063 6.90347 6.90704 6.91135 6.91637 6.92211 6.92855 6.93568 6.94347 6.95192 6.96099 6.97067 6.98092 6.99172 7.00304 7.01483 7.02707 7.0397 7.05268 7.06598 7.07952 7.09328 7.10719 7.12119 7.13523 7.14925 7.16319 7.17699 7.19059 7.20392 7.21693 7.22956 7.24174 7.25343 7.26456 7.27508 7.28495 7.29412 7.30253 7.31016 7.31695 7.32289 7.32794 7.33207 7.33527 7.33752 7.33881 7.33913 7.33848 7.33687 7.3343 7.33078 7.32635 7.32101 7.31479 7.30773 7.29986 7.29121 7.28185 7.2718 7.26111 7.24985 7.23807 7.22581 7.21314 7.20012 7.18681 7.17327 7.15956 7.14574 7.13187 7.11801 7.10422 7.09055 7.07706 7.06381 7.05083 7.03819 7.02591 7.01406 7.00266 6.99175 6.98136 6.97154 6.9623 6.95367 6.94567 6.93832 6.93165 6.92566 6.92037 6.9158 6.91195 6.90883 6.90644 6.9048 6.9039 
6.89886 6.89948 6.90085 6.903 6.9059 6.90956 6.91396 6.91911 6.92499 6.93158 6.93888 6.94686 6.9555 6.96479 6.97469 6.98519 6.99624 7.00781 7.01988 7.03239 7.04531 7.05859 7.07219 7.08604 7.10011 7.11432 7.12863 7.14298 7.15731 7.17156 7.18565 7.19954 7.21316 7.22645 7.23934 7.25179 7.26372 7.27508 7.28583 7.2959 7.30526 7.31385 7.32163 7.32856 7.33462 7.33977 7.34399 7.34725 7.34955 7.35086 7.35119 7.35052 7.34888 7.34625 7.34267 7.33814 7.33268 7.32634 7.31913 7.31109 7.30227 7.2927 7.28244 7.27153 7.26003 7.24799 7.23547 7.22253 7.20922 7.19562 7.18179 7.16777 7.15365 7.13947 7.1253 7.1112 7.09722 7.08343 7.06987 7.0566 7.04366 7.0311 7.01897 7.0073 6.99614 6.98551 6.97545 6.96599 6.95715 6.94896 6.94144 6.9346 6.92847 6.92306 6.91837 6.91442 6.91122 6.90878 6.90709 6.90617 
6.901 6.90163 6.90303 6.90522 6.90819 6.91193 6.91643 6.92169 6.9277 6.93443 6.94189 6.95004 6.95887 6.96836 6.97848 6.98919 7.00048 7.01231 7.02463 7.0374 7.05059 7.06415 7.07802 7.09216 7.10651 7.12102 7.13562 7.15026 7.16488 7.1794 7.19378 7.20794 7.22183 7.23538 7.24852 7.26121 7.27337 7.28495 7.2959 7.30617 7.3157 7.32445 7.33238 7.33944 7.34562 7.35086 7.35516 7.35848 7.36082 7.36215 7.36248 7.36181 7.36013 7.35746 7.3538 7.34918 7.34363 7.33716 7.32981 7.32162 7.31263 7.30288 7.29242 7.28129 7.26957 7.25729 7.24453 7.23133 7.21776 7.20389 7.18978 7.17548 7.16107 7.1466 7.13214 7.11775 7.10349 7.08941 7.07556 7.06201 7.0488 7.03598 7.02359 7.01167 7.00027 6.98941 6.97913 6.96946 6.96043 6.95206 6.94437 6.93739 6.93112 6.92558 6.92079 6.91675 6.91348 6.91098 6.90926 6.90832 
6.903 6.90364 6.90507 6.9073 6.91033 6.91414 6.91873 6.9241 6.93022 6.93709 6.9447 6.95301 6.96201 6.97169 6.982 6.99293 7.00444 7.01649 7.02904 7.04206 7.05551 7.06932 7.08345 7.09786 7.11248 7.12725 7.14212 7.15703 7.17191 7.1867 7.20133 7.21575 7.22989 7.24367 7.25705 7.26996 7.28233 7.29412 7.30526 7.3157 7.32539 7.33429 7.34236 7.34955 7.35582 7.36116 7.36552 7.3689 7.37128 7.37264 7.37297 7.37228 7.37058 7.36786 7.36414 7.35944 7.35379 7.34721 7.33973 7.3314 7.32225 7.31233 7.30168 7.29036 7.27843 7.26594 7.25294 7.23951 7.2257 7.21157 7.1972 7.18264 7.16797 7.15323 7.13851 7.12385 7.10931 7.09497 7.08086 7.06705 7.05359 7.04052 7.02789 7.01574 7.00411 6.99304 6.98256 6.9727 6.96349 6.95495 6.94711 6.93998 6.93359 6.92794 6.92305 6.91893 6.91559 6.91304 6.91128 6.91032 
6.90485 6.90549 6.90695 6.90922 6.9123 6.91618 6.92086 6.92632 6.93256 6.93955 6.94729 6.95575 6.96491 6.97476 6.98525 6.99637 7.00808 7.02034 7.03311 7.04636 7.06003 7.07407 7.08845 7.10309 7.11796 7.13298 7.14809 7.16325 7.17837 7.1934 7.20827 7.22292 7.23728 7.25129 7.26488 7.27799 7.29056 7.30253 7.31385 7.32445 7.33429 7.34333 7.35152 7.35882 7.36519 7.37061 7.37504 7.37847 7.38088 7.38226 7.3826 7.3819 7.38016 7.3774 7.37362 7.36885 7.36311 7.35643 7.34884 7.34037 7.33108 7.321 7.31019 7.29869 7.28657 7.27387 7.26067 7.24702 7.23298 7.21863 7.20402 7.18923 7.17431 7.15933 7.14435 7.12945 7.11467 7.10008 7.08574 7.07169 7.05799 7.0447 7.03185 7.01948 7.00765 6.99639 6.98572 6.97568 6.96631 6.95762 6.94963 6.94238 6.93586 6.93011 6.92514 6.92094 6.91754 6.91494 6.91315 6.91217 
6.90653 6.90718 6.90867 6.91098 6.9141 6.91805 6.9228 6.92835 6.93468 6.94178 6.94964 6.95824 6.96755 6.97755 6.98821 6.9995 7.01139 7.02384 7.03681 7.05025 7.06413 7.07839 7.09298 7.10785 7.12293 7.13817 7.15351 7.16889 7.18423 7.19948 7.21457 7.22943 7.24399 7.2582 7.27198 7.28527 7.29802 7.31016 7.32163 7.33238 7.34236 7.35152 7.35982 7.36722 7.37367 7.37916 7.38366 7.38713 7.38958 7.39097 7.39132 7.39061 7.38885 7.38604 7.38222 7.37738 7.37156 7.36478 7.35708 7.3485 7.33908 7.32886 7.31789 7.30624 7.29394 7.28107 7.26767 7.25383 7.23959 7.22503 7.21021 7.1952 7.18006 7.16486 7.14966 7.13453 7.11953 7.10472 7.09016 7.0759 7.06199 7.04849 7.03544 7.02289 7.01087 6.99943 6.98859 6.9784 6.96887 6.96004 6.95193 6.94456 6.93794 6.93209 6.92704 6.92277 6.91932 6.91668 6.91485 6.91386 
6.90804 6.9087 6.91021 6.91255 6.91572 6.91972 6.92454 6.93016 6.93658 6.94379 6.95176 6.96047 6.96991 6.98005 6.99085 7.0023 7.01435 7.02696 7.04011 7.05374 7.0678 7.08225 7.09703 7.11209 7.12737 7.14281 7.15835 7.17392 7.18946 7.2049 7.22018 7.23523 7.24997 7.26436 7.27831 7.29177 7.30467 7.31695 7.32856 7.33944 7.34955 7.35882 7.36722 7.3747 7.38124 7.38679 7.39134 7.39486 7.39733 7.39874 7.39909 7.39837 7.39658 7.39375 7.38987 7.38498 7.37909 7.37223 7.36444 7.35575 7.34621 7.33587 7.32477 7.31296 7.30051 7.28748 7.27392 7.2599 7.24548 7.23074 7.21573 7.20052 7.18519 7.16979 7.1544 7.13907 7.12387 7.10887 7.09411 7.07966 7.06556 7.05188 7.03865 7.02593 7.01375 7.00215 6.99116 6.98082 6.97117 6.96221 6.95399 6.94651 6.9398 6.93387 6.92874 6.92442 6.92091 6.91823 6.91638 6.91537 
6.90937 6.91004 6.91156 6.91393 6.91714 6.92119 6.92606 6.93176 6.93826 6.94555 6.95361 6.96243 6.97198 6.98224 6.99317 7.00475 7.01694 7.02971 7.043 7.05679 7.07101 7.08562 7.10058 7.11581 7.13126 7.14687 7.16258 7.17832 7.19403 7.20964 7.22509 7.2403 7.2552 7.26974 7.28384 7.29744 7.31048 7.32289 7.33462 7.34562 7.35582 7.36519 7.37367 7.38124 7.38784 7.39345 7.39804 7.4016 7.40409 7.40552 7.40587 7.40514 7.40334 7.40047 7.39656 7.39161 7.38566 7.37873 7.37086 7.36208 7.35244 7.34198 7.33077 7.31884 7.30626 7.29308 7.27938 7.2652 7.25063 7.23572 7.22055 7.20518 7.18967 7.1741 7.15854 7.14304 7.12767 7.11249 7.09757 7.08295 7.06869 7.05485 7.04147 7.02859 7.01627 7.00453 6.99341 6.98295 6.97318 6.96412 6.95579 6.94823 6.94143 6.93543 6.93024 6.92586 6.92231 6.9196 6.91773 6.9167 
6.91051 6.91119 6.91273 6.91512 6.91836 6.92245 6.92737 6.93312 6.93969 6.94705 6.9552 6.96411 6.97375 6.98411 6.99515 7.00684 7.01916 7.03204 7.04547 7.05939 7.07375 7.0885 7.10359 7.11897 7.13457 7.15032 7.16618 7.18207 7.19792 7.21368 7.22926 7.24461 7.25965 7.27431 7.28854 7.30226 7.31541 7.32794 7.33977 7.35086 7.36116 7.37061 7.37916 7.38679 7.39345 7.39911 7.40374 7.40733 7.40984 7.41128 7.41163 7.4109 7.40908 7.40619 7.40224 7.39725 7.39124 7.38425 7.37631 7.36746 7.35773 7.34719 7.33587 7.32383 7.31114 7.29785 7.28402 7.26972 7.25501 7.23997 7.22465 7.20914 7.19349 7.17778 7.16206 7.14642 7.1309 7.11558 7.10051 7.08575 7.07136 7.05738 7.04387 7.03087 7.01842 7.00656 6.99534 6.98477 6.9749 6.96575 6.95734 6.94969 6.94283 6.93677 6.93152 6.9271 6.92352 6.92077 6.91888 6.91785 
6.91146 6.91214 6.91369 6.9161 6.91937 6.92349 6.92846 6.93426 6.94087 6.9483 6.95651 6.96549 6.97521 6.98565 6.99678 7.00857 7.02098 7.03397 7.0475 7.06153 7.076 7.09087 7.10607 7.12157 7.13728 7.15316 7.16913 7.18514 7.20111 7.21698 7.23268 7.24814 7.26329 7.27806 7.29239 7.30621 7.31946 7.33207 7.34399 7.35516 7.36552 7.37504 7.38366 7.39134 7.39804 7.40374 7.40841 7.41201 7.41455 7.41599 7.41635 7.41561 7.41378 7.41087 7.40689 7.40186 7.39582 7.38878 7.38078 7.37186 7.36206 7.35144 7.34004 7.32792 7.31514 7.30175 7.28782 7.27341 7.2586 7.24344 7.22801 7.21238 7.19662 7.18078 7.16495 7.14919 7.13355 7.11812 7.10293 7.08806 7.07355 7.05946 7.04584 7.03274 7.02019 7.00824 6.99692 6.98627 6.97632 6.96709 6.95861 6.95091 6.94399 6.93788 6.93259 6.92813 6.92451 6.92175 6.91984 6.91879 
6.9122 6.91289 6.91445 6.91688 6.92017 6.92431 6.92931 6.93514 6.9418 6.94927 6.95754 6.96657 6.97635 6.98686 6.99806 7.00992 7.0224 7.03547 7.04908 7.06319 7.07775 7.0927 7.108 7.12358 7.13939 7.15536 7.17143 7.18752 7.20359 7.21955 7.23533 7.25088 7.26611 7.28097 7.29537 7.30927 7.32259 7.33527 7.34725 7.35848 7.3689 7.37847 7.38713 7.39486 7.4016 7.40733 7.41201 7.41564 7.41819 7.41964 7.42 7.41925 7.41741 7.41449 7.41049 7.40543 7.39935 7.39227 7.38423 7.37526 7.36542 7.35474 7.34327 7.33109 7.31823 7.30477 7.29076 7.27627 7.26137 7.24613 7.23062 7.2149 7.19904 7.18312 7.16719 7.15134 7.13561 7.12008 7.10481 7.08984 7.07525 7.06108 7.04738 7.03419 7.02157 7.00955 6.99816 6.98745 6.97743 6.96815 6.95961 6.95186 6.9449 6.93875 6.93342 6.92893 6.9253 6.92251 6.92059 6.91954 
6.91274 6.91343 6.915 6.91744 6.92074 6.92491 6.92992 6.93578 6.94247 6.94997 6.95827 6.96735 6.97717 6.98772 6.99897 7.01087 7.02341 7.03653 7.0502 7.06437 7.07899 7.094 7.10936 7.12501 7.14088 7.15691 7.17304 7.1892 7.20533 7.22135 7.2372 7.2528 7.2681 7.28301 7.29747 7.31142 7.32479 7.33752 7.34955 7.36082 7.37128 7.38088 7.38958 7.39733 7.40409 7.40984 7.41455 7.41819 7.42074 7.4222 7.42256 7.42181 7.41997 7.41703 7.41301 7.40794 7.40184 7.39473 7.38666 7.37766 7.36777 7.35705 7.34554 7.33331 7.3204 7.30689 7.29283 7.27828 7.26333 7.24803 7.23245 7.21667 7.20075 7.18476 7.16878 7.15286 7.13707 7.12147 7.10613 7.09111 7.07646 7.06223 7.04847 7.03523 7.02255 7.01048 6.99904 6.98828 6.97823 6.9689 6.96033 6.95254 6.94555 6.93937 6.93402 6.92952 6.92586 6.92307 6.92114 6.92008 
6.91308 6.91377 6.91534 6.91778 6.92109 6.92527 6.9303 6.93617 6.94288 6.9504 6.95872 6.96781 6.97766 6.98823 6.99951 7.01144 7.02401 7.03716 7.05086 7.06506 7.07971 7.09476 7.11016 7.12584 7.14174 7.15781 7.17398 7.19017 7.20634 7.22239 7.23827 7.25391 7.26924 7.28418 7.29867 7.31265 7.32605 7.33881 7.35086 7.36215 7.37264 7.38226 7.39097 7.39874 7.40552 7.41128 7.41599 7.41964 7.4222 7.42367 7.42402 7.42327 7.42142 7.41848 7.41445 7.40937 7.40325 7.39613 7.38804 7.37902 7.36912 7.35837 7.34684 7.33458 7.32165 7.3081 7.29401 7.27944 7.26445 7.24911 7.2335 7.21769 7.20173 7.18571 7.16969 7.15373 7.13791 7.12228 7.10691 7.09185 7.07716 7.0629 7.04911 7.03584 7.02313 7.01103 6.99957 6.98878 6.9787 6.96935 6.96076 6.95295 6.94594 6.93975 6.93439 6.92987 6.92621 6.92341 6.92148 6.92042 
