3.31083 3.31104 3.31127 3.31151 3.31176 3.31203 3.3123 3.31259 3.31289 3.3132 3.31353 3.31388 3.31425 3.31465 3.31507 3.31552 3.31601 3.31653 3.31709 3.3177 3.31835 3.31904 3.31979 3.32058 3.32142 3.32232 3.32326 3.32424 3.32527 3.32634 3.32744 3.32857 3.32972 3.33088 3.33205 3.33322 3.33437 3.33551 3.33661 3.33768 3.33869 3.33964 3.34053 3.34134 3.34206 3.34268 3.34321 3.34363 3.34395 3.34415 3.34423 3.3442 3.34406 3.3438 3.34344 3.34296 3.34239 3.34172 3.34097 3.34013 3.33923 3.33826 3.33724 3.33617 3.33508 3.33396 3.33283 3.33169 3.33056 3.32944 3.32834 3.32727 3.32624 3.32525 3.3243 3.3234 3.32256 3.32178 3.32105 3.32039 3.31978 3.31924 3.31875 3.31833 3.31796 3.31765 3.31739 3.31718 3.31703 3.31691 3.31685 3.31682 3.31683 3.31687 3.31694 3.31704 3.31717 3.31732 3.31749 3.31767 
3.31104 3.31126 3.31149 3.31173 3.31198 3.31224 3.31252 3.3128 3.3131 3.31342 3.31375 3.3141 3.31447 3.31487 3.3153 3.31575 3.31624 3.31677 3.31734 3.31795 3.3186 3.3193 3.32006 3.32086 3.32172 3.32262 3.32357 3.32457 3.32561 3.3267 3.32781 3.32896 3.33013 3.33131 3.3325 3.33368 3.33486 3.33601 3.33713 3.33821 3.33924 3.34021 3.34111 3.34193 3.34266 3.3433 3.34383 3.34426 3.34458 3.34478 3.34487 3.34484 3.3447 3.34443 3.34406 3.34358 3.343 3.34232 3.34155 3.3407 3.33978 3.3388 3.33776 3.33668 3.33556 3.33443 3.33328 3.33212 3.33097 3.32984 3.32872 3.32764 3.32659 3.32558 3.32462 3.32371 3.32286 3.32206 3.32133 3.32065 3.32004 3.31949 3.319 3.31857 3.31819 3.31788 3.31762 3.31741 3.31725 3.31714 3.31707 3.31704 3.31704 3.31709 3.31716 3.31726 3.31738 3.31753 3.3177 3.31789 
3.31127 3.31149 3.31172 3.31196 3.31221 3.31248 3.31276 3.31305 3.31335 3.31367 3.31401 3.31437 3.31476 3.31517 3.3156 3.31608 3.31658 3.31713 3.31772 3.31836 3.31904 3.31977 3.32056 3.3214 3.32229 3.32324 3.32423 3.32528 3.32637 3.3275 3.32867 3.32987 3.33109 3.33232 3.33357 3.33481 3.33604 3.33724 3.33841 3.33954 3.34062 3.34163 3.34257 3.34342 3.34418 3.34485 3.34541 3.34585 3.34619 3.3464 3.34649 3.34645 3.3463 3.34602 3.34563 3.34513 3.34452 3.34381 3.343 3.34212 3.34115 3.34012 3.33904 3.33791 3.33674 3.33555 3.33435 3.33314 3.33194 3.33075 3.32959 3.32845 3.32735 3.3263 3.32529 3.32434 3.32345 3.32262 3.32184 3.32113 3.32049 3.31991 3.31939 3.31894 3.31855 3.31821 3.31794 3.31771 3.31754 3.31742 3.31734 3.3173 3.3173 3.31733 3.3174 3.3175 3.31762 3.31777 3.31793 3.31812 
3.31151 3.31173 3.31196 3.3122 3.31246 3.31273 3.31302 3.31332 3.31363 3.31397 3.31432 3.3147 3.3151 3.31553 3.316 3.3165 3.31704 3.31762 3.31825 3.31893 3.31967 3.32045 3.3213 3.3222 3.32316 3.32418 3.32525 3.32637 3.32754 3.32876 3.33002 3.3313 3.33261 3.33394 3.33528 3.33661 3.33792 3.33921 3.34047 3.34168 3.34283 3.34391 3.34491 3.34583 3.34664 3.34735 3.34795 3.34842 3.34878 3.349 3.34909 3.34906 3.34889 3.34859 3.34817 3.34763 3.34698 3.34621 3.34535 3.3444 3.34336 3.34226 3.34109 3.33988 3.33863 3.33735 3.33606 3.33476 3.33347 3.3322 3.33094 3.32972 3.32854 3.32741 3.32632 3.3253 3.32434 3.32344 3.3226 3.32184 3.32114 3.32051 3.31995 3.31945 3.31902 3.31865 3.31835 3.31809 3.3179 3.31775 3.31766 3.3176 3.31759 3.31761 3.31767 3.31776 3.31787 3.31801 3.31818 3.31836 
3.31176 3.31198 3.31221 3.31246 3.31272 3.313 3.3133 3.31361 3.31394 3.31429 3.31467 3.31507 3.31551 3.31597 3.31647 3.31702 3.31761 3.31825 3.31894 3.31968 3.32049 3.32135 3.32228 3.32328 3.32433 3.32545 3.32663 3.32786 3.32915 3.33049 3.33187 3.33328 3.33472 3.33618 3.33764 3.3391 3.34054 3.34195 3.34332 3.34465 3.3459 3.34708 3.34818 3.34917 3.35006 3.35083 3.35148 3.352 3.35238 3.35262 3.35272 3.35268 3.35249 3.35216 3.3517 3.35111 3.35039 3.34955 3.34861 3.34756 3.34643 3.34522 3.34394 3.34261 3.34124 3.33984 3.33843 3.337 3.33558 3.33418 3.33281 3.33146 3.33016 3.32892 3.32772 3.32659 3.32553 3.32453 3.32361 3.32276 3.32199 3.32128 3.32066 3.3201 3.31962 3.3192 3.31885 3.31856 3.31833 3.31815 3.31802 3.31795 3.31791 3.31792 3.31796 3.31804 3.31815 3.31828 3.31844 3.31861 
3.31203 3.31224 3.31248 3.31273 3.313 3.31329 3.3136 3.31393 3.31428 3.31466 3.31507 3.3155 3.31598 3.31649 3.31704 3.31765 3.3183 3.31901 3.31978 3.32061 3.32151 3.32248 3.32352 3.32464 3.32582 3.32707 3.32839 3.32977 3.33121 3.33271 3.33425 3.33583 3.33743 3.33906 3.34068 3.34231 3.34391 3.34548 3.34701 3.34847 3.34987 3.35118 3.35239 3.35349 3.35447 3.35533 3.35604 3.35661 3.35703 3.35729 3.3574 3.35734 3.35713 3.35677 3.35625 3.35559 3.35479 3.35386 3.3528 3.35164 3.35038 3.34903 3.34762 3.34614 3.34461 3.34305 3.34147 3.33988 3.3383 3.33673 3.3352 3.33369 3.33224 3.33084 3.32951 3.32824 3.32704 3.32592 3.32488 3.32392 3.32304 3.32225 3.32153 3.3209 3.32034 3.31986 3.31945 3.3191 3.31883 3.31861 3.31845 3.31834 3.31828 3.31826 3.31828 3.31834 3.31843 3.31856 3.31871 3.31888 
3.3123 3.31252 3.31276 3.31302 3.3133 3.3136 3.31393 3.31428 3.31466 3.31507 3.31551 3.316 3.31652 3.31709 3.31771 3.31838 3.31912 3.31992 3.32079 3.32174 3.32276 3.32386 3.32504 3.3263 3.32764 3.32906 3.33055 3.33212 3.33375 3.33544 3.33718 3.33897 3.34078 3.34261 3.34444 3.34627 3.34807 3.34984 3.35155 3.35319 3.35476 3.35622 3.35758 3.35881 3.35991 3.36086 3.36166 3.36229 3.36276 3.36305 3.36316 3.3631 3.36286 3.36244 3.36186 3.36111 3.36021 3.35916 3.35798 3.35667 3.35525 3.35374 3.35214 3.35048 3.34876 3.347 3.34522 3.34343 3.34164 3.33987 3.33813 3.33644 3.33479 3.33321 3.33169 3.33025 3.32889 3.32761 3.32643 3.32533 3.32432 3.32341 3.32259 3.32185 3.3212 3.32064 3.32015 3.31974 3.3194 3.31913 3.31892 3.31877 3.31868 3.31863 3.31863 3.31867 3.31874 3.31885 3.31899 3.31916 
3.31259 3.3128 3.31305 3.31332 3.31361 3.31393 3.31428 3.31466 3.31507 3.31552 3.31601 3.31655 3.31714 3.31778 3.31848 3.31924 3.32008 3.32099 3.32199 3.32306 3.32423 3.32549 3.32684 3.32828 3.32981 3.33143 3.33314 3.33493 3.33679 3.33872 3.3407 3.34273 3.34479 3.34686 3.34894 3.35101 3.35306 3.35505 3.35699 3.35885 3.36061 3.36227 3.3638 3.36518 3.36642 3.36749 3.36838 3.36909 3.36961 3.36993 3.37005 3.36998 3.3697 3.36923 3.36857 3.36772 3.3667 3.36551 3.36417 3.36269 3.36108 3.35937 3.35756 3.35567 3.35372 3.35173 3.34971 3.34767 3.34564 3.34363 3.34165 3.33972 3.33784 3.33603 3.3343 3.33265 3.33109 3.32963 3.32826 3.327 3.32584 3.32478 3.32382 3.32296 3.3222 3.32154 3.32096 3.32047 3.32006 3.31972 3.31946 3.31926 3.31912 3.31903 3.319 3.31901 3.31907 3.31916 3.31929 3.31945 
3.31289 3.3131 3.31335 3.31363 3.31394 3.31428 3.31466 3.31507 3.31553 3.31603 3.31657 3.31717 3.31783 3.31856 3.31936 3.32023 3.32119 3.32223 3.32337 3.32461 3.32595 3.3274 3.32895 3.3306 3.33236 3.33422 3.33618 3.33823 3.34036 3.34257 3.34483 3.34715 3.34949 3.35186 3.35423 3.35659 3.35891 3.36118 3.36337 3.36548 3.36748 3.36935 3.37108 3.37265 3.37404 3.37525 3.37625 3.37705 3.37763 3.37799 3.37812 3.37803 3.37771 3.37717 3.37642 3.37545 3.37429 3.37294 3.37142 3.36974 3.36792 3.36597 3.36391 3.36176 3.35954 3.35727 3.35497 3.35265 3.35034 3.34804 3.34578 3.34357 3.34142 3.33935 3.33736 3.33546 3.33367 3.33198 3.33041 3.32895 3.3276 3.32637 3.32526 3.32425 3.32336 3.32257 3.32189 3.3213 3.3208 3.32039 3.32005 3.31979 3.3196 3.31948 3.31941 3.31939 3.31942 3.31949 3.3196 3.31975 
3.3132 3.31342 3.31367 3.31397 3.31429 3.31466 3.31507 3.31552 3.31603 3.31658 3.3172 3.31787 3.31862 3.31945 3.32036 3.32136 3.32246 3.32366 3.32497 3.3264 3.32794 3.3296 3.33139 3.33329 3.33532 3.33745 3.3397 3.34205 3.3445 3.34702 3.34961 3.35226 3.35494 3.35764 3.36034 3.36303 3.36567 3.36825 3.37074 3.37313 3.3754 3.37752 3.37947 3.38125 3.38282 3.38418 3.38532 3.38621 3.38687 3.38727 3.38741 3.3873 3.38694 3.38632 3.38546 3.38436 3.38304 3.38151 3.37978 3.37786 3.37579 3.37357 3.37123 3.36878 3.36626 3.36367 3.36105 3.3584 3.35576 3.35313 3.35055 3.34801 3.34555 3.34317 3.34089 3.33871 3.33665 3.3347 3.33288 3.33119 3.32963 3.3282 3.3269 3.32573 3.32468 3.32375 3.32294 3.32224 3.32164 3.32113 3.32072 3.32039 3.32014 3.31996 3.31984 3.31979 3.31979 3.31984 3.31994 3.32008 
3.31353 3.31375 3.31401 3.31432 3.31467 3.31507 3.31551 3.31601 3.31657 3.3172 3.31789 3.31866 3.31951 3.32045 3.32149 3.32264 3.3239 3.32529 3.3268 3.32844 3.33021 3.33213 3.33418 3.33637 3.3387 3.34115 3.34374 3.34643 3.34923 3.35212 3.35508 3.3581 3.36116 3.36424 3.36732 3.37037 3.37338 3.3763 3.37914 3.38185 3.38441 3.38681 3.38903 3.39103 3.39281 3.39434 3.39562 3.39663 3.39736 3.39781 3.39796 3.39783 3.39741 3.39671 3.39573 3.39448 3.39298 3.39124 3.38928 3.3871 3.38475 3.38223 3.37957 3.37679 3.37391 3.37097 3.36797 3.36496 3.36194 3.35894 3.35599 3.35309 3.35027 3.34755 3.34493 3.34242 3.34005 3.33781 3.33571 3.33376 3.33195 3.33029 3.32878 3.32741 3.32618 3.32509 3.32413 3.32329 3.32257 3.32196 3.32146 3.32105 3.32072 3.32048 3.32032 3.32022 3.32019 3.32021 3.32029 3.32041 
3.31388 3.3141 3.31437 3.3147 3.31507 3.3155 3.316 3.31655 3.31717 3.31787 3.31866 3.31953 3.3205 3.32158 3.32277 3.32409 3.32554 3.32713 3.32886 3.33075 3.33279 3.33499 3.33735 3.33987 3.34254 3.34535 3.34831 3.35139 3.35459 3.35789 3.36127 3.36472 3.3682 3.37171 3.3752 3.37867 3.38207 3.38539 3.3886 3.39167 3.39457 3.39728 3.39977 3.40203 3.40404 3.40576 3.4072 3.40833 3.40915 3.40965 3.40982 3.40967 3.40919 3.40839 3.40728 3.40586 3.40416 3.40219 3.39996 3.3975 3.39483 3.39197 3.38895 3.3858 3.38254 3.37919 3.37579 3.37236 3.36892 3.36551 3.36214 3.35883 3.35561 3.35249 3.34949 3.34662 3.3439 3.34132 3.33891 3.33665 3.33457 3.33265 3.33089 3.3293 3.32787 3.32659 3.32546 3.32447 3.32362 3.32289 3.32228 3.32177 3.32137 3.32106 3.32083 3.32069 3.32061 3.32061 3.32066 3.32077 
3.31425 3.31447 3.31476 3.3151 3.31551 3.31598 3.31652 3.31714 3.31783 3.31862 3.31951 3.3205 3.32161 3.32284 3.3242 3.32571 3.32738 3.3292 3.33119 3.33336 3.3357 3.33822 3.34092 3.3438 3.34686 3.35008 3.35345 3.35697 3.36062 3.36437 3.36822 3.37213 3.37609 3.38006 3.38402 3.38795 3.3918 3.39555 3.39917 3.40263 3.4059 3.40895 3.41176 3.4143 3.41655 3.41848 3.42009 3.42136 3.42228 3.42283 3.42302 3.42284 3.42229 3.42139 3.42013 3.41853 3.41661 3.41438 3.41187 3.40909 3.40608 3.40285 3.39943 3.39587 3.39217 3.38838 3.38453 3.38064 3.37674 3.37286 3.36903 3.36527 3.3616 3.35804 3.35462 3.35134 3.34822 3.34527 3.3425 3.33991 3.33751 3.33529 3.33327 3.33142 3.32976 3.32827 3.32695 3.32579 3.32478 3.32391 3.32318 3.32257 3.32207 3.32168 3.32139 3.32119 3.32107 3.32103 3.32106 3.32115 
3.31465 3.31487 3.31517 3.31553 3.31597 3.31649 3.31709 3.31778 3.31856 3.31945 3.32045 3.32158 3.32284 3.32424 3.3258 3.32753 3.32943 3.33152 3.3338 3.33627 3.33895 3.34184 3.34492 3.34821 3.35169 3.35535 3.35919 3.36319 3.36733 3.3716 3.37595 3.38038 3.38486 3.38935 3.39382 3.39824 3.40258 3.4068 3.41087 3.41476 3.41843 3.42185 3.425 3.42785 3.43036 3.43253 3.43433 3.43574 3.43676 3.43738 3.43758 3.43737 3.43675 3.43573 3.43432 3.43252 3.43036 3.42785 3.42503 3.4219 3.41851 3.41488 3.41103 3.40701 3.40285 3.39857 3.39422 3.38982 3.38542 3.38103 3.37669 3.37242 3.36826 3.36422 3.36032 3.35659 3.35303 3.34967 3.3465 3.34354 3.34079 3.33824 3.33591 3.33379 3.33187 3.33014 3.32861 3.32725 3.32607 3.32505 3.32418 3.32345 3.32285 3.32237 3.322 3.32174 3.32156 3.32148 3.32148 3.32156 
3.31507 3.3153 3.3156 3.316 3.31647 3.31704 3.31771 3.31848 3.31936 3.32036 3.32149 3.32277 3.3242 3.3258 3.32758 3.32955 3.33172 3.3341 3.3367 3.33952 3.34257 3.34585 3.34936 3.3531 3.35705 3.36121 3.36556 3.37009 3.37477 3.37958 3.3845 3.3895 3.39454 3.39959 3.40461 3.40958 3.41445 3.41918 3.42374 3.42808 3.43219 3.43601 3.43953 3.4427 3.44551 3.44792 3.44992 3.45149 3.45262 3.4533 3.45352 3.45328 3.45259 3.45144 3.44985 3.44784 3.44542 3.44262 3.43945 3.43596 3.43215 3.42808 3.42377 3.41926 3.41459 3.40978 3.40489 3.39995 3.39498 3.39004 3.38514 3.38032 3.37562 3.37105 3.36664 3.3624 3.35837 3.35454 3.35094 3.34756 3.34442 3.34152 3.33885 3.33641 3.3342 3.33221 3.33044 3.32887 3.32749 3.3263 3.32527 3.32441 3.32369 3.32311 3.32266 3.32232 3.3221 3.32197 3.32194 3.32199 
3.31552 3.31575 3.31608 3.3165 3.31702 3.31765 3.31838 3.31924 3.32023 3.32136 3.32264 3.32409 3.32571 3.32753 3.32955 3.33179 3.33425 3.33696 3.33991 3.34311 3.34658 3.3503 3.35427 3.3585 3.36297 3.36766 3.37257 3.37768 3.38295 3.38836 3.39389 3.3995 3.40515 3.4108 3.41643 3.42198 3.42741 3.43269 3.43777 3.44262 3.44718 3.45144 3.45534 3.45887 3.46198 3.46466 3.46687 3.46861 3.46986 3.47061 3.47085 3.47057 3.46979 3.46851 3.46675 3.4645 3.46181 3.45869 3.45516 3.45126 3.44702 3.44248 3.43767 3.43263 3.42741 3.42204 3.41656 3.41102 3.40546 3.39991 3.39441 3.38899 3.3837 3.37855 3.37358 3.3688 3.36424 3.35991 3.35583 3.352 3.34843 3.34513 3.34208 3.3393 3.33678 3.3345 3.33246 3.33065 3.32906 3.32767 3.32648 3.32546 3.32462 3.32393 3.32338 3.32296 3.32267 3.32249 3.32242 3.32246 
3.31601 3.31624 3.31658 3.31704 3.31761 3.3183 3.31912 3.32008 3.32119 3.32246 3.3239 3.32554 3.32738 3.32943 3.33172 3.33425 3.33705 3.34011 3.34345 3.34707 3.35098 3.35518 3.35966 3.36443 3.36945 3.37474 3.38025 3.38598 3.39189 3.39795 3.40413 3.41039 3.4167 3.423 3.42927 3.43544 3.44149 3.44735 3.45299 3.45836 3.46342 3.46813 3.47245 3.47634 3.47978 3.48273 3.48518 3.4871 3.48847 3.48929 3.48954 3.48923 3.48837 3.48695 3.48498 3.4825 3.47951 3.47605 3.47214 3.46781 3.46311 3.45807 3.45272 3.44712 3.44131 3.43533 3.42923 3.42306 3.41685 3.41065 3.4045 3.39845 3.39251 3.38674 3.38116 3.37579 3.37066 3.36579 3.36118 3.35686 3.35283 3.34908 3.34564 3.34248 3.3396 3.33701 3.33468 3.3326 3.33078 3.32918 3.3278 3.32662 3.32563 3.32481 3.32416 3.32365 3.32329 3.32306 3.32295 3.32296 
3.31653 3.31677 3.31713 3.31762 3.31825 3.31901 3.31992 3.32099 3.32223 3.32366 3.32529 3.32713 3.3292 3.33152 3.3341 3.33696 3.34011 3.34356 3.34732 3.3514 3.3558 3.36052 3.36555 3.37089 3.37653 3.38244 3.3886 3.395 3.40159 3.40835 3.41523 3.42219 3.4292 3.43619 3.44314 3.44998 3.45666 3.46314 3.46937 3.4753 3.48088 3.48606 3.49082 3.4951 3.49888 3.50213 3.50481 3.50692 3.50842 3.50931 3.50959 3.50924 3.50828 3.50671 3.50455 3.5018 3.49851 3.49469 3.49038 3.4856 3.48041 3.47483 3.46893 3.46273 3.4563 3.44968 3.44291 3.43606 3.42916 3.42227 3.41543 3.40869 3.40207 3.39563 3.3894 3.38339 3.37765 3.37218 3.36702 3.36216 3.35762 3.3534 3.34951 3.34594 3.34269 3.33975 3.3371 3.33474 3.33265 3.33082 3.32923 3.32787 3.32672 3.32577 3.325 3.3244 3.32396 3.32367 3.32351 3.32349 
3.31709 3.31734 3.31772 3.31825 3.31894 3.31978 3.32079 3.32199 3.32337 3.32497 3.3268 3.32886 3.33119 3.3338 3.3367 3.33991 3.34345 3.34732 3.35154 3.35611 3.36104 3.36632 3.37194 3.37791 3.38419 3.39078 3.39764 3.40474 3.41206 3.41956 3.42718 3.43489 3.44263 3.45036 3.45802 3.46556 3.47292 3.48005 3.4869 3.4934 3.49953 3.50521 3.51043 3.51512 3.51925 3.5228 3.52574 3.52803 3.52967 3.53064 3.53093 3.53055 3.52949 3.52777 3.52539 3.52238 3.51877 3.51457 3.50984 3.50459 3.49889 3.49276 3.48626 3.47944 3.47235 3.46505 3.45759 3.45002 3.4424 3.43477 3.4272 3.41972 3.41238 3.40522 3.39829 3.39161 3.3852 3.37911 3.37333 3.3679 3.36282 3.35809 3.35372 3.34971 3.34604 3.34272 3.33973 3.33706 3.33469 3.3326 3.33079 3.32923 3.32791 3.32681 3.32591 3.32521 3.32468 3.32432 3.32412 3.32407 
3.3177 3.31795 3.31836 3.31893 3.31968 3.32061 3.32174 3.32306 3.32461 3.3264 3.32844 3.33075 3.33336 3.33627 3.33952 3.34311 3.34707 3.3514 3.35611 3.36121 3.3667 3.37258 3.37884 3.38547 3.39245 3.39975 3.40735 3.41521 3.4233 3.43157 3.43998 3.44847 3.45699 3.46549 3.4739 3.48217 3.49024 3.49804 3.50553 3.51264 3.51933 3.52554 3.53122 3.53633 3.54084 3.5447 3.54789 3.55038 3.55216 3.55321 3.55352 3.5531 3.55194 3.55006 3.54746 3.54418 3.54023 3.53565 3.53048 3.52475 3.51851 3.5118 3.50469 3.49722 3.48945 3.48143 3.47324 3.46492 3.45653 3.44813 3.43978 3.43153 3.42343 3.41551 3.40784 3.40043 3.39333 3.38656 3.38014 3.37409 3.36843 3.36315 3.35827 3.35378 3.34967 3.34594 3.34258 3.33957 3.33689 3.33454 3.33248 3.33071 3.3292 3.32793 3.3269 3.32608 3.32546 3.32503 3.32478 3.32469 
3.31835 3.3186 3.31904 3.31967 3.32049 3.32151 3.32276 3.32423 3.32595 3.32794 3.33021 3.33279 3.3357 3.33895 3.34257 3.34658 3.35098 3.3558 3.36104 3.3667 3.3728 3.37932 3.38625 3.39358 3.40129 3.40935 3.41773 3.42639 3.43529 3.44438 3.45361 3.46292 3.47225 3.48154 3.49073 3.49976 3.50856 3.51707 3.52522 3.53296 3.54022 3.54697 3.55313 3.55868 3.56356 3.56774 3.57119 3.57389 3.57581 3.57695 3.57728 3.57681 3.57555 3.5735 3.57069 3.56712 3.56283 3.55786 3.55223 3.546 3.53921 3.53191 3.52416 3.51601 3.50753 3.49878 3.48982 3.48072 3.47154 3.46233 3.45317 3.44411 3.43519 3.42649 3.41803 3.40986 3.40202 3.39453 3.38743 3.38073 3.37444 3.36858 3.36315 3.35815 3.35357 3.34941 3.34565 3.34227 3.33927 3.33662 3.3343 3.33229 3.33058 3.32914 3.32796 3.32702 3.3263 3.32579 3.32548 3.32536 
3.31904 3.3193 3.31977 3.32045 3.32135 3.32248 3.32386 3.32549 3.3274 3.3296 3.33213 3.33499 3.33822 3.34184 3.34585 3.3503 3.35518 3.36052 3.36632 3.37258 3.37932 3.38651 3.39415 3.40223 3.41071 3.41956 3.42876 3.43826 3.448 3.45794 3.46802 3.47818 3.48835 3.49847 3.50847 3.51828 3.52784 3.53706 3.5459 3.55427 3.56214 3.56942 3.57608 3.58207 3.58734 3.59185 3.59557 3.59847 3.60054 3.60175 3.60211 3.6016 3.60023 3.59802 3.59498 3.59112 3.58649 3.58111 3.57502 3.56828 3.56093 3.55302 3.54461 3.53577 3.52656 3.51705 3.5073 3.49739 3.48738 3.47733 3.46733 3.45742 3.44766 3.43812 3.42885 3.41988 3.41126 3.40302 3.3952 3.38781 3.38087 3.37439 3.36838 3.36283 3.35775 3.35312 3.34893 3.34517 3.34182 3.33885 3.33625 3.334 3.33207 3.33044 3.3291 3.32802 3.32719 3.3266 3.32623 3.32608 
3.31979 3.32006 3.32056 3.3213 3.32228 3.32352 3.32504 3.32684 3.32895 3.33139 3.33418 3.33735 3.34092 3.34492 3.34936 3.35427 3.35966 3.36555 3.37194 3.37884 3.38625 3.39415 3.40254 3.41139 3.42068 3.43037 3.44042 3.45078 3.4614 3.47222 3.48319 3.49422 3.50526 3.51623 3.52706 3.53767 3.54799 3.55795 3.56748 3.57651 3.58498 3.59282 3.59998 3.60641 3.61207 3.61691 3.6209 3.62401 3.62622 3.62752 3.6279 3.62735 3.62588 3.6235 3.62022 3.61608 3.61109 3.60531 3.59876 3.59149 3.58357 3.57504 3.56597 3.55642 3.54646 3.53617 3.52561 3.51487 3.504 3.4931 3.48221 3.47143 3.4608 3.4504 3.44027 3.43046 3.42103 3.41201 3.40342 3.39531 3.38768 3.38055 3.37393 3.36781 3.3622 3.35708 3.35244 3.34826 3.34454 3.34123 3.33834 3.33582 3.33366 3.33183 3.33032 3.3291 3.32815 3.32747 3.32703 3.32684 
3.32058 3.32086 3.3214 3.3222 3.32328 3.32464 3.3263 3.32828 3.3306 3.33329 3.33637 3.33987 3.3438 3.34821 3.3531 3.3585 3.36443 3.37089 3.37791 3.38547 3.39358 3.40223 3.41139 3.42105 3.43118 3.44173 3.45266 3.46392 3.47544 3.48718 3.49905 3.51098 3.52291 3.53474 3.54641 3.55784 3.56895 3.57965 3.58988 3.59957 3.60864 3.61704 3.62471 3.63159 3.63763 3.6428 3.64706 3.65039 3.65275 3.65413 3.65453 3.65394 3.65236 3.64981 3.64631 3.64187 3.63654 3.63034 3.62332 3.61554 3.60703 3.59788 3.58813 3.57786 3.56715 3.55606 3.54468 3.53309 3.52135 3.50956 3.49778 3.48609 3.47457 3.46326 3.45225 3.44158 3.43131 3.42147 3.41209 3.40322 3.39488 3.38706 3.3798 3.37308 3.36691 3.36127 3.35615 3.35155 3.34742 3.34377 3.34055 3.33775 3.33534 3.3333 3.33161 3.33024 3.32917 3.32839 3.32789 3.32765 
3.32142 3.32172 3.32229 3.32316 3.32433 3.32582 3.32764 3.32981 3.33236 3.33532 3.3387 3.34254 3.34686 3.35169 3.35705 3.36297 3.36945 3.37653 3.38419 3.39245 3.40129 3.41071 3.42068 3.43118 3.44217 3.45361 3.46545 3.47762 3.49008 3.50274 3.51553 3.52838 3.54121 3.55393 3.56645 3.5787 3.5906 3.60205 3.61299 3.62333 3.63301 3.64197 3.65014 3.65746 3.6639 3.6694 3.67393 3.67746 3.67997 3.68143 3.68185 3.68122 3.67954 3.67683 3.6731 3.66837 3.66269 3.65608 3.6486 3.64029 3.63121 3.62143 3.611 3.60001 3.58854 3.57665 3.56443 3.55197 3.53935 3.52665 3.51396 3.50135 3.4889 3.47668 3.46476 3.4532 3.44206 3.43137 3.42118 3.41153 3.40243 3.39391 3.38597 3.37863 3.37187 3.36569 3.36007 3.35501 3.35048 3.34644 3.3429 3.3398 3.33713 3.33487 3.33298 3.33145 3.33025 3.32937 3.3288 3.32852 
3.32232 3.32262 3.32324 3.32418 3.32545 3.32707 3.32906 3.33143 3.33422 3.33745 3.34115 3.34535 3.35008 3.35535 3.36121 3.36766 3.37474 3.38244 3.39078 3.39975 3.40935 3.41956 3.43037 3.44173 3.45361 3.46596 3.47872 3.49184 3.50524 3.51884 3.53258 3.54635 3.56009 3.57369 3.58708 3.60015 3.61283 3.62504 3.63668 3.64768 3.65797 3.66748 3.67614 3.68391 3.69073 3.69655 3.70135 3.70508 3.70773 3.70929 3.70973 3.70906 3.70728 3.7044 3.70045 3.69544 3.68941 3.6824 3.67446 3.66563 3.65598 3.64557 3.63447 3.62276 3.61051 3.59782 3.58477 3.57144 3.55792 3.54431 3.53069 3.51714 3.50375 3.4906 3.47775 3.46528 3.45323 3.44168 3.43065 3.42018 3.41031 3.40106 3.39243 3.38443 3.37706 3.37032 3.36419 3.35865 3.35368 3.34926 3.34536 3.34196 3.33902 3.33652 3.33443 3.33273 3.33139 3.33041 3.32976 3.32943 
3.32326 3.32357 3.32423 3.32525 3.32663 3.32839 3.33055 3.33314 3.33618 3.3397 3.34374 3.34831 3.35345 3.35919 3.36556 3.37257 3.38025 3.3886 3.39764 3.40735 3.41773 3.42876 3.44042 3.45266 3.46545 3.47872 3.49243 3.5065 3.52085 3.53541 3.55009 3.5648 3.57945 3.59394 3.60818 3.62208 3.63554 3.64849 3.66083 3.67247 3.68336 3.69341 3.70257 3.71077 3.71796 3.72411 3.72916 3.7331 3.73589 3.73753 3.73799 3.73728 3.7354 3.73237 3.7282 3.72291 3.71655 3.70915 3.70075 3.69141 3.6812 3.67017 3.6584 3.64597 3.63297 3.61948 3.60558 3.59138 3.57697 3.56244 3.54788 3.53339 3.51905 3.50494 3.49115 3.47775 3.46479 3.45235 3.44046 3.42917 3.4185 3.40849 3.39915 3.39048 3.38248 3.37516 3.36848 3.36245 3.35703 3.35221 3.34794 3.34421 3.34099 3.33824 3.33594 3.33407 3.33259 3.3315 3.33077 3.33039 
3.32424 3.32457 3.32528 3.32637 3.32786 3.32977 3.33212 3.33493 3.33823 3.34205 3.34643 3.35139 3.35697 3.36319 3.37009 3.37768 3.38598 3.395 3.40474 3.41521 3.42639 3.43826 3.45078 3.46392 3.47762 3.49184 3.5065 3.52152 3.53684 3.55236 3.56798 3.58362 3.59918 3.61455 3.62964 3.64436 3.6586 3.67227 3.68529 3.69758 3.70905 3.71963 3.72927 3.73789 3.74545 3.7519 3.75721 3.76134 3.76427 3.76599 3.76647 3.76573 3.76376 3.76058 3.75619 3.75064 3.74395 3.73616 3.72732 3.71749 3.70672 3.69509 3.68267 3.66954 3.65578 3.64149 3.62677 3.6117 3.59639 3.58094 3.56545 3.55 3.53471 3.51965 3.50491 3.49056 3.47668 3.46333 3.45057 3.43843 3.42695 3.41617 3.40609 3.39673 3.38809 3.38017 3.37294 3.3664 3.36052 3.35527 3.35063 3.34657 3.34305 3.34005 3.33753 3.33547 3.33385 3.33264 3.33183 3.3314 
3.32527 3.32561 3.32637 3.32754 3.32915 3.33121 3.33375 3.33679 3.34036 3.3445 3.34923 3.35459 3.36062 3.36733 3.37477 3.38295 3.39189 3.40159 3.41206 3.4233 3.43529 3.448 3.4614 3.47544 3.49008 3.50524 3.52085 3.53684 3.55312 3.56959 3.58615 3.60272 3.61917 3.63542 3.65135 3.66686 3.68186 3.69625 3.70994 3.72285 3.73489 3.74598 3.75608 3.76511 3.77302 3.77978 3.78533 3.78965 3.79271 3.7945 3.79501 3.79424 3.79218 3.78885 3.78427 3.77846 3.77145 3.7633 3.75403 3.74372 3.73241 3.72019 3.70713 3.69331 3.67882 3.66375 3.6482 3.63228 3.61609 3.59973 3.5833 3.56691 3.55066 3.53464 3.51894 3.50365 3.48884 3.47458 3.46092 3.44793 3.43563 3.42406 3.41324 3.40318 3.39388 3.38534 3.37754 3.37048 3.36412 3.35844 3.35342 3.34901 3.34519 3.34192 3.33918 3.33693 3.33515 3.33383 3.33293 3.33245 
3.32634 3.3267 3.3275 3.32876 3.33049 3.33271 3.33544 3.33872 3.34257 3.34702 3.35212 3.35789 3.36437 3.3716 3.37958 3.38836 3.39795 3.40835 3.41956 3.43157 3.44438 3.45794 3.47222 3.48718 3.50274 3.51884 3.53541 3.55236 3.56959 3.587 3.6045 3.62197 3.63931 3.65641 3.67317 3.68946 3.7052 3.72029 3.73462 3.74813 3.76071 3.77231 3.78284 3.79227 3.80052 3.80756 3.81334 3.81784 3.82103 3.8229 3.82343 3.82262 3.82048 3.81702 3.81224 3.80619 3.79889 3.79038 3.78071 3.76993 3.75812 3.74533 3.73164 3.71715 3.70195 3.68612 3.66977 3.65301 3.63594 3.61868 3.60133 3.584 3.5668 3.54982 3.53317 3.51694 3.50119 3.48602 3.47147 3.45761 3.44449 3.43212 3.42054 3.40977 3.3998 3.39064 3.38226 3.37467 3.36782 3.36171 3.35628 3.35152 3.34739 3.34385 3.34088 3.33844 3.3365 3.33506 3.33407 3.33354 
3.32744 3.32781 3.32867 3.33002 3.33187 3.33425 3.33718 3.3407 3.34483 3.34961 3.35508 3.36127 3.36822 3.37595 3.3845 3.39389 3.40413 3.41523 3.42718 3.43998 3.45361 3.46802 3.48319 3.49905 3.51553 3.53258 3.55009 3.56798 3.58615 3.6045 3.62291 3.64128 3.65948 3.67742 3.69496 3.71202 3.72847 3.74423 3.75919 3.77326 3.78637 3.79844 3.8094 3.8192 3.82777 3.83508 3.84108 3.84575 3.84907 3.851 3.85156 3.85072 3.84851 3.84491 3.83996 3.83368 3.8261 3.81726 3.8072 3.79599 3.78368 3.77034 3.75607 3.74093 3.72503 3.70846 3.69133 3.67376 3.65584 3.63769 3.61944 3.60118 3.58304 3.56512 3.54753 3.53035 3.51368 3.49759 3.48215 3.46743 3.45347 3.44031 3.42797 3.41648 3.40583 3.39604 3.38708 3.37894 3.37161 3.36504 3.35922 3.35409 3.34964 3.34583 3.34262 3.33999 3.33789 3.33632 3.33525 3.33467 
3.32857 3.32896 3.32987 3.3313 3.33328 3.33583 3.33897 3.34273 3.34715 3.35226 3.3581 3.36472 3.37213 3.38038 3.3895 3.3995 3.41039 3.42219 3.43489 3.44847 3.46292 3.47818 3.49422 3.51098 3.52838 3.54635 3.5648 3.58362 3.60272 3.62197 3.64128 3.66051 3.67956 3.6983 3.71662 3.7344 3.75154 3.76794 3.78349 3.79811 3.81172 3.82423 3.83559 3.84574 3.85461 3.86217 3.86839 3.87322 3.87665 3.87865 3.87923 3.87837 3.87609 3.87238 3.86726 3.86077 3.85292 3.84377 3.83335 3.82172 3.80894 3.79509 3.78025 3.76449 3.74793 3.73065 3.71277 3.6944 3.67565 3.65665 3.63751 3.61835 3.59929 3.58044 3.56192 3.54381 3.52622 3.50922 3.4929 3.47732 3.46253 3.44857 3.43547 3.42326 3.41194 3.40151 3.39196 3.38328 3.37545 3.36843 3.3622 3.35671 3.35194 3.34785 3.3444 3.34157 3.33931 3.33762 3.33646 3.33582 
3.32972 3.33013 3.33109 3.33261 3.33472 3.33743 3.34078 3.34479 3.34949 3.35494 3.36116 3.3682 3.37609 3.38486 3.39454 3.40515 3.4167 3.4292 3.44263 3.45699 3.47225 3.48835 3.50526 3.52291 3.54121 3.56009 3.57945 3.59918 3.61917 3.63931 3.65948 3.67956 3.69941 3.71893 3.73798 3.75647 3.77426 3.79126 3.80738 3.82252 3.83659 3.84953 3.86126 3.87174 3.88089 3.88869 3.8951 3.90008 3.90362 3.90569 3.90629 3.90541 3.90306 3.89924 3.89398 3.88729 3.8792 3.86975 3.85899 3.84698 3.83376 3.81943 3.80404 3.78771 3.77051 3.75255 3.73395 3.71482 3.69527 3.67544 3.65544 3.6354 3.61545 3.59569 3.57625 3.55723 3.53873 3.52085 3.50365 3.48722 3.4716 3.45685 3.443 3.43007 3.41808 3.40701 3.39688 3.38766 3.37933 3.37186 3.36521 3.35937 3.35427 3.3499 3.34621 3.34317 3.34076 3.33893 3.33768 3.33699 
3.33088 3.33131 3.33232 3.33394 3.33618 3.33906 3.34261 3.34686 3.35186 3.35764 3.36424 3.37171 3.38006 3.38935 3.39959 3.4108 3.423 3.43619 3.45036 3.46549 3.48154 3.49847 3.51623 3.53474 3.55393 3.57369 3.59394 3.61455 3.63542 3.65641 3.67742 3.6983 3.71893 3.73918 3.75894 3.77809 3.7965 3.81408 3.83072 3.84634 3.86086 3.87419 3.88627 3.89704 3.90646 3.91448 3.92107 3.92619 3.92982 3.93196 3.93258 3.93168 3.92928 3.92536 3.91996 3.91309 3.90478 3.89507 3.88399 3.87162 3.858 3.8432 3.82732 3.81043 3.79263 3.77403 3.75474 3.73488 3.71457 3.69394 3.67312 3.65223 3.6314 3.61077 3.59044 3.57053 3.55115 3.53239 3.51434 3.49707 3.48064 3.46511 3.45051 3.43688 3.42421 3.41252 3.4018 3.39204 3.38322 3.37529 3.36824 3.36203 3.35662 3.35196 3.34803 3.34479 3.34221 3.34026 3.33892 3.33818 
3.33205 3.3325 3.33357 3.33528 3.33764 3.34068 3.34444 3.34894 3.35423 3.36034 3.36732 3.3752 3.38402 3.39382 3.40461 3.41643 3.42927 3.44314 3.45802 3.4739 3.49073 3.50847 3.52706 3.54641 3.56645 3.58708 3.60818 3.62964 3.65135 3.67317 3.69496 3.71662 3.73798 3.75894 3.77937 3.79913 3.81813 3.83624 3.85338 3.86945 3.88437 3.89806 3.91047 3.92152 3.93118 3.9394 3.94615 3.9514 3.95512 3.95731 3.95796 3.95705 3.95459 3.95059 3.94507 3.93804 3.92952 3.91957 3.90821 3.8955 3.88151 3.86629 3.84994 3.83253 3.81417 3.79497 3.77503 3.75448 3.73344 3.71205 3.69043 3.66872 3.64706 3.62558 3.60439 3.58362 3.56338 3.54377 3.52488 3.5068 3.48958 3.47328 3.45796 3.44362 3.4303 3.41799 3.4067 3.3964 3.38709 3.37872 3.37126 3.36469 3.35896 3.35402 3.34986 3.34642 3.34367 3.3416 3.34017 3.33937 
3.33322 3.33368 3.33481 3.33661 3.3391 3.34231 3.34627 3.35101 3.35659 3.36303 3.37037 3.37867 3.38795 3.39824 3.40958 3.42198 3.43544 3.44998 3.46556 3.48217 3.49976 3.51828 3.53767 3.55784 3.5787 3.60015 3.62208 3.64436 3.66686 3.68946 3.71202 3.7344 3.75647 3.77809 3.79913 3.81948 3.83902 3.85764 3.87523 3.89172 3.90701 3.92103 3.93373 3.94504 3.95491 3.96332 3.97021 3.97558 3.97939 3.98163 3.98229 3.98138 3.97888 3.97481 3.96917 3.96199 3.9533 3.94313 3.93151 3.9185 3.90416 3.88856 3.87177 3.85388 3.835 3.81523 3.79468 3.77348 3.75175 3.72964 3.70727 3.68479 3.66233 3.64002 3.61801 3.59641 3.57534 3.55491 3.53522 3.51634 3.49835 3.48132 3.46528 3.45026 3.4363 3.42338 3.41153 3.40071 3.39091 3.3821 3.37425 3.36733 3.36128 3.35607 3.35167 3.34803 3.34513 3.34293 3.34141 3.34056 
3.33437 3.33486 3.33604 3.33792 3.34054 3.34391 3.34807 3.35306 3.35891 3.36567 3.37338 3.38207 3.3918 3.40258 3.41445 3.42741 3.44149 3.45666 3.47292 3.49024 3.50856 3.52784 3.54799 3.56895 3.5906 3.61283 3.63554 3.6586 3.68186 3.7052 3.72847 3.75154 3.77426 3.7965 3.81813 3.83902 3.85906 3.87814 3.89615 3.91301 3.92865 3.94297 3.95593 3.96747 3.97755 3.98611 3.99314 3.99861 4.0025 4.00479 4.00548 4.00455 4.00202 3.99788 3.99215 3.98485 3.97599 3.96562 3.95377 3.94049 3.92584 3.90988 3.89269 3.87437 3.855 3.8347 3.81359 3.79178 3.76941 3.74661 3.72353 3.70031 3.67709 3.65402 3.63122 3.60883 3.58697 3.56575 3.54527 3.52563 3.50691 3.48915 3.47242 3.45675 3.44216 3.42866 3.41626 3.40493 3.39466 3.38543 3.37719 3.36992 3.36356 3.35809 3.35345 3.34962 3.34656 3.34424 3.34264 3.34174 
3.33551 3.33601 3.33724 3.33921 3.34195 3.34548 3.34984 3.35505 3.36118 3.36825 3.3763 3.38539 3.39555 3.4068 3.41918 3.43269 3.44735 3.46314 3.48005 3.49804 3.51707 3.53706 3.55795 3.57965 3.60205 3.62504 3.64849 3.67227 3.69625 3.72029 3.74423 3.76794 3.79126 3.81408 3.83624 3.85764 3.87814 3.89763 3.91603 3.93324 3.94918 3.96378 3.97698 3.98872 3.99897 4.00768 4.01483 4.0204 4.02435 4.02669 4.02739 4.02646 4.0239 4.01971 4.0139 4.00648 3.99749 3.98694 3.97489 3.96136 3.94643 3.93015 3.9126 3.89388 3.87407 3.85328 3.83164 3.80926 3.78629 3.76286 3.73912 3.71521 3.69127 3.66746 3.64392 3.62078 3.59816 3.5762 3.55498 3.53461 3.51517 3.49673 3.47934 3.46304 3.44785 3.43379 3.42085 3.40903 3.39832 3.38867 3.38006 3.37244 3.36579 3.36006 3.3552 3.35118 3.34797 3.34553 3.34384 3.34289 
3.33661 3.33713 3.33841 3.34047 3.34332 3.34701 3.35155 3.35699 3.36337 3.37074 3.37914 3.3886 3.39917 3.41087 3.42374 3.43777 3.45299 3.46937 3.4869 3.50553 3.52522 3.5459 3.56748 3.58988 3.61299 3.63668 3.66083 3.68529 3.70994 3.73462 3.75919 3.78349 3.80738 3.83072 3.85338 3.87523 3.89615 3.91603 3.93478 3.9523 3.96851 3.98335 3.99676 4.00869 4.01909 4.02794 4.03519 4.04084 4.04485 4.04723 4.04795 4.04702 4.04444 4.0402 4.03432 4.02681 4.01769 4.007 3.99476 3.98102 3.96583 3.94927 3.93139 3.9123 3.89209 3.87086 3.84873 3.82584 3.80231 3.77829 3.75393 3.72937 3.70477 3.68028 3.65604 3.63219 3.60886 3.58618 3.56427 3.54321 3.5231 3.504 3.48598 3.46908 3.45332 3.43872 3.42528 3.41299 3.40184 3.39179 3.38282 3.37489 3.36795 3.36196 3.35689 3.35269 3.34933 3.34678 3.34502 3.34402 
3.33768 3.33821 3.33954 3.34168 3.34465 3.34847 3.35319 3.35885 3.36548 3.37313 3.38185 3.39167 3.40263 3.41476 3.42808 3.44262 3.45836 3.4753 3.4934 3.51264 3.53296 3.55427 3.57651 3.59957 3.62333 3.64768 3.67247 3.69758 3.72285 3.74813 3.77326 3.79811 3.82252 3.84634 3.86945 3.89172 3.91301 3.93324 3.9523 3.97009 3.98655 4.00161 4.01521 4.02729 4.03783 4.04679 4.05414 4.05986 4.06393 4.06634 4.06708 4.06615 4.06354 4.05927 4.05333 4.04574 4.03652 4.02569 4.01329 3.99937 3.98396 3.96714 3.94897 3.92955 3.90898 3.88734 3.86478 3.84141 3.81737 3.79281 3.76788 3.74273 3.71751 3.69238 3.66748 3.64297 3.61899 3.59565 3.57307 3.55137 3.53062 3.51091 3.4923 3.47482 3.45852 3.44341 3.42949 3.41676 3.4052 3.39478 3.38546 3.37722 3.37001 3.36379 3.35851 3.35414 3.35064 3.34798 3.34614 3.3451 
3.33869 3.33924 3.34062 3.34283 3.3459 3.34987 3.35476 3.36061 3.36748 3.3754 3.38441 3.39457 3.4059 3.41843 3.43219 3.44718 3.46342 3.48088 3.49953 3.51933 3.54022 3.56214 3.58498 3.60864 3.63301 3.65797 3.68336 3.70905 3.73489 3.76071 3.78637 3.81172 3.83659 3.86086 3.88437 3.90701 3.92865 3.94918 3.96851 3.98655 4.00323 4.01847 4.03223 4.04446 4.05512 4.06418 4.0716 4.07738 4.0815 4.08394 4.0847 4.08378 4.08116 4.07685 4.07086 4.06321 4.0539 4.04296 4.03042 4.01633 4.00073 3.98368 3.96526 3.94555 3.92465 3.90265 3.87969 3.85589 3.83139 3.80634 3.78088 3.75518 3.7294 3.70368 3.67819 3.65307 3.62847 3.60451 3.58133 3.55902 3.53769 3.5174 3.49824 3.48023 3.46343 3.44784 3.43347 3.42032 3.40837 3.3976 3.38796 3.37944 3.37197 3.36552 3.36005 3.35552 3.35189 3.34913 3.34721 3.34613 
3.33964 3.34021 3.34163 3.34391 3.34708 3.35118 3.35622 3.36227 3.36935 3.37752 3.38681 3.39728 3.40895 3.42185 3.43601 3.45144 3.46813 3.48606 3.50521 3.52554 3.54697 3.56942 3.59282 3.61704 3.64197 3.66748 3.69341 3.71963 3.74598 3.77231 3.79844 3.82423 3.84953 3.87419 3.89806 3.92103 3.94297 3.96378 3.98335 4.00161 4.01847 4.03388 4.04779 4.06014 4.0709 4.08004 4.08753 4.09337 4.09753 4.1 4.10077 4.09985 4.09722 4.09289 4.08686 4.07915 4.06977 4.05873 4.04608 4.03185 4.01608 3.99883 3.98019 3.96022 3.93902 3.91671 3.89339 3.86921 3.84429 3.81879 3.79287 3.76667 3.74037 3.71412 3.68808 3.6624 3.63724 3.61272 3.58898 3.56612 3.54424 3.52343 3.50375 3.48526 3.46799 3.45196 3.43718 3.42364 3.41134 3.40023 3.3903 3.3815 3.3738 3.36714 3.36149 3.35681 3.35306 3.3502 3.34822 3.3471 
3.34053 3.34111 3.34257 3.34491 3.34818 3.35239 3.35758 3.3638 3.37108 3.37947 3.38903 3.39977 3.41176 3.425 3.43953 3.45534 3.47245 3.49082 3.51043 3.53122 3.55313 3.57608 3.59998 3.62471 3.65014 3.67614 3.70257 3.72927 3.75608 3.78284 3.8094 3.83559 3.86126 3.88627 3.91047 3.93373 3.95593 3.97698 3.99676 4.01521 4.03223 4.04779 4.06181 4.07426 4.08511 4.09432 4.10188 4.10776 4.11195 4.11445 4.11524 4.11432 4.11168 4.10733 4.10128 4.09352 4.08407 4.07296 4.06021 4.04585 4.02994 4.01252 3.99368 3.97349 3.95204 3.92944 3.90581 3.88128 3.856 3.8301 3.80376 3.77712 3.75035 3.72362 3.69709 3.67092 3.64524 3.62022 3.59597 3.57261 3.55024 3.52895 3.50881 3.48987 3.47217 3.45574 3.44058 3.42669 3.41406 3.40266 3.39245 3.38341 3.37549 3.36864 3.36282 3.358 3.35414 3.3512 3.34916 3.348 
3.34134 3.34193 3.34342 3.34583 3.34917 3.35349 3.35881 3.36518 3.37265 3.38125 3.39103 3.40203 3.4143 3.42785 3.4427 3.45887 3.47634 3.4951 3.51512 3.53633 3.55868 3.58207 3.60641 3.63159 3.65746 3.68391 3.71077 3.73789 3.76511 3.79227 3.8192 3.84574 3.87174 3.89704 3.92152 3.94504 3.96747 3.98872 4.00869 4.02729 4.04446 4.06014 4.07426 4.0868 4.09772 4.10699 4.1146 4.12052 4.12475 4.12726 4.12807 4.12715 4.12451 4.12015 4.11407 4.10627 4.09678 4.0856 4.07276 4.0583 4.04227 4.02471 4.00569 3.98531 3.96364 3.94079 3.91689 3.89206 3.86646 3.84021 3.81349 3.78646 3.75929 3.73214 3.70517 3.67855 3.65243 3.62695 3.60225 3.57844 3.55563 3.53392 3.51336 3.49402 3.47595 3.45915 3.44365 3.42945 3.41652 3.40485 3.3944 3.38514 3.37702 3.37 3.36404 3.35909 3.35512 3.3521 3.35001 3.34882 
3.34206 3.34266 3.34418 3.34664 3.35006 3.35447 3.35991 3.36642 3.37404 3.38282 3.39281 3.40404 3.41655 3.43036 3.44551 3.46198 3.47978 3.49888 3.51925 3.54084 3.56356 3.58734 3.61207 3.63763 3.6639 3.69073 3.71796 3.74545 3.77302 3.80052 3.82777 3.85461 3.88089 3.90646 3.93118 3.95491 3.97755 3.99897 4.01909 4.03783 4.05512 4.0709 4.08511 4.09772 4.1087 4.11803 4.12567 4.13163 4.13588 4.13841 4.13923 4.13832 4.13568 4.1313 4.1252 4.11738 4.10784 4.09661 4.0837 4.06916 4.05302 4.03533 4.01618 3.99562 3.97377 3.95071 3.92658 3.90149 3.8756 3.84906 3.82202 3.79465 3.76712 3.7396 3.71226 3.68525 3.65874 3.63286 3.60777 3.58357 3.56038 3.53829 3.51737 3.49769 3.47927 3.46217 3.44637 3.43189 3.4187 3.40679 3.39613 3.38667 3.37838 3.3712 3.36511 3.36006 3.356 3.35291 3.35077 3.34955 
3.34268 3.3433 3.34485 3.34735 3.35083 3.35533 3.36086 3.36749 3.37525 3.38418 3.39434 3.40576 3.41848 3.43253 3.44792 3.46466 3.48273 3.50213 3.5228 3.5447 3.56774 3.59185 3.61691 3.6428 3.6694 3.69655 3.72411 3.7519 3.77978 3.80756 3.83508 3.86217 3.88869 3.91448 3.9394 3.96332 3.98611 4.00768 4.02794 4.04679 4.06418 4.08004 4.09432 4.10699 4.11803 4.12739 4.13507 4.14106 4.14533 4.14788 4.1487 4.1478 4.14515 4.14077 4.13466 4.12681 4.11724 4.10596 4.093 4.07838 4.06215 4.04437 4.02509 4.0044 3.98239 3.95916 3.93483 3.90953 3.8834 3.8566 3.8293 3.80164 3.77381 3.74598 3.71831 3.69098 3.66413 3.63793 3.6125 3.58797 3.56445 3.54204 3.52081 3.50083 3.48213 3.46476 3.4487 3.43398 3.42058 3.40847 3.39762 3.38799 3.37955 3.37225 3.36604 3.3609 3.35676 3.35362 3.35143 3.35018 
3.34321 3.34383 3.34541 3.34795 3.35148 3.35604 3.36166 3.36838 3.37625 3.38532 3.39562 3.4072 3.42009 3.43433 3.44992 3.46687 3.48518 3.50481 3.52574 3.54789 3.57119 3.59557 3.6209 3.64706 3.67393 3.70135 3.72916 3.75721 3.78533 3.81334 3.84108 3.86839 3.8951 3.92107 3.94615 3.97021 3.99314 4.01483 4.03519 4.05414 4.0716 4.08753 4.10188 4.1146 4.12567 4.13507 4.14278 4.14879 4.15308 4.15564 4.15647 4.15557 4.15293 4.14854 4.14241 4.13454 4.12494 4.11363 4.10062 4.08595 4.06965 4.05179 4.03241 4.01161 3.98947 3.96609 3.9416 3.91612 3.88981 3.8628 3.83527 3.80739 3.77931 3.75123 3.7233 3.69569 3.66858 3.6421 3.61639 3.5916 3.56781 3.54514 3.52366 3.50343 3.4845 3.4669 3.45064 3.43572 3.42214 3.40986 3.39886 3.38909 3.38053 3.37312 3.36682 3.3616 3.3574 3.35421 3.35198 3.35072 
3.34363 3.34426 3.34585 3.34842 3.352 3.35661 3.36229 3.36909 3.37705 3.38621 3.39663 3.40833 3.42136 3.43574 3.45149 3.46861 3.4871 3.50692 3.52803 3.55038 3.57389 3.59847 3.62401 3.65039 3.67746 3.70508 3.7331 3.76134 3.78965 3.81784 3.84575 3.87322 3.90008 3.92619 3.9514 3.97558 3.99861 4.0204 4.04084 4.05986 4.07738 4.09337 4.10776 4.12052 4.13163 4.14106 4.14879 4.15481 4.15911 4.16169 4.16253 4.16163 4.15898 4.15459 4.14845 4.14057 4.13095 4.1196 4.10656 4.09184 4.07549 4.05756 4.03811 4.01721 3.99497 3.97148 3.94687 3.92125 3.89479 3.86763 3.83992 3.81186 3.78359 3.75531 3.72718 3.69937 3.67204 3.64535 3.61943 3.59443 3.57044 3.54756 3.52588 3.50547 3.48636 3.46858 3.45216 3.43709 3.42336 3.41096 3.39983 3.38997 3.38131 3.37381 3.36744 3.36216 3.35791 3.35468 3.35243 3.35115 
3.34395 3.34458 3.34619 3.34878 3.35238 3.35703 3.36276 3.36961 3.37763 3.38687 3.39736 3.40915 3.42228 3.43676 3.45262 3.46986 3.48847 3.50842 3.52967 3.55216 3.57581 3.60054 3.62622 3.65275 3.67997 3.70773 3.73589 3.76427 3.79271 3.82103 3.84907 3.87665 3.90362 3.92982 3.95512 3.97939 4.0025 4.02435 4.04485 4.06393 4.0815 4.09753 4.11195 4.12475 4.13588 4.14533 4.15308 4.15911 4.16343 4.16601 4.16686 4.16596 4.16331 4.15891 4.15276 4.14487 4.13523 4.12386 4.11079 4.09604 4.07965 4.06166 4.04216 4.0212 3.99888 3.97531 3.95061 3.9249 3.89832 3.87104 3.84322 3.81503 3.78663 3.75821 3.72993 3.70197 3.6745 3.64766 3.6216 3.59644 3.5723 3.54929 3.52747 3.50692 3.48768 3.46979 3.45325 3.43808 3.42425 3.41175 3.40054 3.3906 3.38187 3.37432 3.3679 3.36257 3.35829 3.35503 3.35276 3.35146 
3.34415 3.34478 3.3464 3.349 3.35262 3.35729 3.36305 3.36993 3.37799 3.38727 3.39781 3.40965 3.42283 3.43738 3.4533 3.47061 3.48929 3.50931 3.53064 3.55321 3.57695 3.60175 3.62752 3.65413 3.68143 3.70929 3.73753 3.76599 3.7945 3.8229 3.851 3.87865 3.90569 3.93196 3.95731 3.98163 4.00479 4.02669 4.04723 4.06634 4.08394 4.1 4.11445 4.12726 4.13841 4.14788 4.15564 4.16169 4.16601 4.1686 4.16945 4.16855 4.1659 4.1615 4.15534 4.14744 4.13778 4.1264 4.11331 4.09853 4.08211 4.06409 4.04455 4.02355 4.00119 3.97756 3.9528 3.92703 3.90039 3.87304 3.84515 3.81688 3.7884 3.7599 3.73154 3.7035 3.67594 3.64901 3.62286 3.59762 3.5734 3.55031 3.52841 3.50779 3.48847 3.47051 3.45391 3.43867 3.42478 3.41223 3.40098 3.39099 3.38222 3.37463 3.36818 3.36282 3.35852 3.35525 3.35297 3.35167 
