5.81766 5.81784 5.81813 5.8185 5.81898 5.81955 5.82023 5.821 5.82187 5.82284 5.82391 5.82508 5.82635 5.82772 5.82919 5.83076 5.83243 5.8342 5.83605 5.838 5.84003 5.84215 5.84434 5.8466 5.84892 5.8513 5.85372 5.85619 5.85867 5.86118 5.86368 5.86618 5.86866 5.8711 5.8735 5.87584 5.87811 5.88029 5.88237 5.88434 5.88618 5.88789 5.88945 5.89086 5.8921 5.89316 5.89405 5.89475 5.89526 5.89558 5.8957 5.89562 5.89535 5.89488 5.89423 5.89339 5.89237 5.89118 5.88982 5.88832 5.88666 5.88488 5.88298 5.88096 5.87885 5.87666 5.8744 5.87209 5.86973 5.86735 5.86495 5.86254 5.86015 5.85777 5.85543 5.85313 5.85089 5.8487 5.84659 5.84455 5.84259 5.84072 5.83895 5.83727 5.83569 5.83422 5.83285 5.83158 5.83043 5.82938 5.82844 5.8276 5.82687 5.82625 5.82573 5.82531 5.825 5.82478 5.82467 5.82465 
5.81784 5.81803 5.81831 5.81869 5.81917 5.81974 5.82042 5.8212 5.82207 5.82305 5.82412 5.8253 5.82658 5.82796 5.82944 5.83102 5.8327 5.83448 5.83635 5.83831 5.84035 5.84248 5.84469 5.84697 5.84931 5.8517 5.85414 5.85662 5.85913 5.86165 5.86417 5.86669 5.86919 5.87165 5.87406 5.87642 5.8787 5.8809 5.88299 5.88498 5.88683 5.88856 5.89013 5.89155 5.89279 5.89387 5.89476 5.89547 5.89598 5.8963 5.89642 5.89634 5.89607 5.8956 5.89494 5.89409 5.89306 5.89186 5.8905 5.88898 5.88732 5.88552 5.8836 5.88157 5.87945 5.87724 5.87496 5.87263 5.87026 5.86785 5.86543 5.86301 5.8606 5.85821 5.85585 5.85353 5.85127 5.84907 5.84694 5.84488 5.84291 5.84103 5.83924 5.83755 5.83596 5.83447 5.8331 5.83182 5.83066 5.8296 5.82865 5.82781 5.82707 5.82645 5.82592 5.8255 5.82518 5.82497 5.82485 5.82484 
5.81813 5.81831 5.81859 5.81898 5.81946 5.82005 5.82073 5.82152 5.82241 5.8234 5.8245 5.8257 5.827 5.8284 5.82991 5.83152 5.83323 5.83504 5.83694 5.83894 5.84102 5.84319 5.84544 5.84776 5.85014 5.85258 5.85507 5.85759 5.86014 5.86271 5.86528 5.86784 5.87039 5.87289 5.87535 5.87775 5.88007 5.88231 5.88444 5.88646 5.88835 5.8901 5.8917 5.89314 5.89442 5.89551 5.89642 5.89713 5.89766 5.89798 5.8981 5.89802 5.89774 5.89726 5.89659 5.89572 5.89468 5.89346 5.89207 5.89052 5.88882 5.88699 5.88504 5.88297 5.88081 5.87856 5.87624 5.87386 5.87145 5.869 5.86653 5.86406 5.86161 5.85917 5.85677 5.8544 5.8521 5.84985 5.84768 5.84559 5.84358 5.84166 5.83983 5.83811 5.83649 5.83497 5.83357 5.83227 5.83108 5.83 5.82903 5.82817 5.82742 5.82677 5.82624 5.82581 5.82548 5.82526 5.82514 5.82512 
5.8185 5.81869 5.81898 5.81937 5.81987 5.82047 5.82117 5.82198 5.82289 5.82391 5.82504 5.82627 5.82761 5.82905 5.8306 5.83226 5.83402 5.83588 5.83784 5.8399 5.84204 5.84428 5.84659 5.84898 5.85143 5.85394 5.8565 5.8591 5.86172 5.86436 5.86701 5.86964 5.87226 5.87484 5.87737 5.87983 5.88222 5.88452 5.88671 5.88879 5.89073 5.89253 5.89417 5.89565 5.89696 5.89808 5.89901 5.89975 5.90028 5.90061 5.90074 5.90065 5.90036 5.89987 5.89918 5.89829 5.89721 5.89595 5.89452 5.89293 5.89119 5.8893 5.88729 5.88516 5.88294 5.88062 5.87824 5.87579 5.8733 5.87078 5.86824 5.8657 5.86317 5.86066 5.85818 5.85575 5.85337 5.85106 5.84882 5.84666 5.84459 5.84261 5.84073 5.83895 5.83728 5.83571 5.83426 5.83292 5.83169 5.83057 5.82957 5.82868 5.8279 5.82723 5.82667 5.82623 5.82589 5.82565 5.82552 5.8255 
5.81898 5.81917 5.81946 5.81987 5.82038 5.821 5.82173 5.82256 5.82351 5.82457 5.82574 5.82702 5.82841 5.82991 5.83152 5.83324 5.83507 5.83701 5.83905 5.84118 5.84341 5.84574 5.84814 5.85062 5.85317 5.85578 5.85844 5.86114 5.86386 5.86661 5.86936 5.87209 5.87481 5.87749 5.88011 5.88267 5.88515 5.88753 5.8898 5.89196 5.89397 5.89584 5.89754 5.89907 5.90043 5.90159 5.90255 5.90331 5.90386 5.9042 5.90433 5.90424 5.90394 5.90342 5.9027 5.90178 5.90066 5.89935 5.89787 5.89621 5.8944 5.89244 5.89035 5.88815 5.88583 5.88343 5.88095 5.87841 5.87582 5.8732 5.87056 5.86792 5.86529 5.86267 5.8601 5.85757 5.8551 5.85269 5.85036 5.84811 5.84595 5.84388 5.84192 5.84007 5.83832 5.83669 5.83517 5.83377 5.83249 5.83132 5.83027 5.82934 5.82852 5.82782 5.82723 5.82676 5.8264 5.82615 5.82601 5.82598 
5.81955 5.81974 5.82005 5.82047 5.821 5.82164 5.8224 5.82328 5.82427 5.82538 5.8266 5.82794 5.8294 5.83097 5.83266 5.83447 5.83639 5.83842 5.84056 5.8428 5.84514 5.84757 5.85009 5.85269 5.85537 5.8581 5.86089 5.86371 5.86657 5.86945 5.87232 5.87519 5.87803 5.88083 5.88358 5.88625 5.88885 5.89134 5.89371 5.89596 5.89807 5.90002 5.9018 5.9034 5.90481 5.90602 5.90703 5.90782 5.90839 5.90875 5.90888 5.90878 5.90846 5.90792 5.90716 5.90619 5.90502 5.90365 5.9021 5.90036 5.89847 5.89642 5.89423 5.89192 5.88949 5.88697 5.88438 5.88171 5.879 5.87625 5.87349 5.87072 5.86796 5.86522 5.86252 5.85986 5.85726 5.85474 5.85229 5.84992 5.84765 5.84548 5.84342 5.84147 5.83963 5.83791 5.83631 5.83483 5.83347 5.83224 5.83113 5.83014 5.82928 5.82854 5.82791 5.82741 5.82702 5.82675 5.8266 5.82656 
5.82023 5.82042 5.82073 5.82117 5.82173 5.8224 5.8232 5.82412 5.82517 5.82633 5.82763 5.82904 5.83058 5.83224 5.83403 5.83594 5.83797 5.84011 5.84237 5.84474 5.84721 5.84978 5.85245 5.85519 5.85801 5.8609 5.86384 5.86683 5.86984 5.87287 5.87591 5.87893 5.88192 5.88487 5.88777 5.89059 5.89332 5.89594 5.89844 5.90081 5.90302 5.90507 5.90694 5.90862 5.91011 5.91138 5.91243 5.91327 5.91387 5.91423 5.91437 5.91426 5.91392 5.91335 5.91255 5.91153 5.91029 5.90885 5.90721 5.90538 5.90338 5.90122 5.89891 5.89647 5.89391 5.89126 5.88852 5.88571 5.88284 5.87995 5.87702 5.8741 5.87118 5.86829 5.86543 5.86262 5.85988 5.8572 5.85461 5.85211 5.8497 5.8474 5.84522 5.84315 5.8412 5.83937 5.83767 5.8361 5.83465 5.83334 5.83216 5.8311 5.83018 5.82938 5.82871 5.82817 5.82775 5.82746 5.82728 5.82723 
5.821 5.8212 5.82152 5.82198 5.82256 5.82328 5.82412 5.8251 5.82621 5.82744 5.82882 5.83032 5.83196 5.83372 5.83562 5.83765 5.83981 5.84209 5.84449 5.84701 5.84964 5.85237 5.8552 5.85812 5.86112 5.86418 5.86731 5.87047 5.87367 5.87689 5.8801 5.88331 5.88648 5.88961 5.89268 5.89566 5.89855 5.90133 5.90398 5.90648 5.90882 5.91099 5.91297 5.91475 5.91631 5.91766 5.91877 5.91964 5.92028 5.92066 5.9208 5.92069 5.92032 5.91972 5.91887 5.91778 5.91647 5.91493 5.91319 5.91126 5.90913 5.90684 5.90439 5.90181 5.8991 5.89628 5.89337 5.89039 5.88735 5.88427 5.88117 5.87806 5.87496 5.87188 5.86885 5.86586 5.86294 5.86009 5.85733 5.85466 5.8521 5.84965 5.84731 5.8451 5.84302 5.84107 5.83925 5.83757 5.83602 5.83461 5.83334 5.83221 5.83122 5.83036 5.82963 5.82904 5.82859 5.82827 5.82807 5.82801 
5.82187 5.82207 5.82241 5.82289 5.82351 5.82427 5.82517 5.82621 5.82739 5.82871 5.83017 5.83178 5.83352 5.83541 5.83744 5.83961 5.84191 5.84435 5.84692 5.84961 5.85241 5.85533 5.85836 5.86147 5.86467 5.86794 5.87127 5.87465 5.87806 5.88149 5.88492 5.88833 5.89171 5.89504 5.8983 5.90148 5.90455 5.90751 5.91032 5.91298 5.91547 5.91777 5.91987 5.92175 5.92342 5.92484 5.92602 5.92695 5.92762 5.92802 5.92816 5.92804 5.92765 5.927 5.92609 5.92493 5.92353 5.9219 5.92005 5.91798 5.91572 5.91328 5.91067 5.90792 5.90503 5.90203 5.89892 5.89574 5.8925 5.88922 5.88591 5.88259 5.87929 5.876 5.87276 5.86956 5.86644 5.86339 5.86044 5.85759 5.85484 5.85221 5.84971 5.84734 5.8451 5.84301 5.84105 5.83924 5.83758 5.83606 5.83469 5.83347 5.83239 5.83146 5.83068 5.83004 5.82954 5.82918 5.82896 5.82889 
5.82284 5.82305 5.8234 5.82391 5.82457 5.82538 5.82633 5.82744 5.82871 5.83012 5.83169 5.83341 5.83528 5.83731 5.83949 5.84181 5.84428 5.8469 5.84965 5.85253 5.85554 5.85867 5.86191 5.86525 5.86867 5.87218 5.87574 5.87936 5.88301 5.88667 5.89034 5.89398 5.8976 5.90115 5.90464 5.90803 5.91131 5.91446 5.91746 5.92029 5.92294 5.9254 5.92763 5.92964 5.93141 5.93293 5.93418 5.93516 5.93587 5.9363 5.93645 5.93631 5.93589 5.93519 5.93422 5.93298 5.93149 5.92974 5.92776 5.92555 5.92314 5.92053 5.91774 5.9148 5.91171 5.9085 5.90518 5.90178 5.89831 5.8948 5.89125 5.8877 5.88416 5.88064 5.87716 5.87374 5.87038 5.86712 5.86394 5.86088 5.85793 5.8551 5.85241 5.84986 5.84745 5.84519 5.84308 5.84113 5.83933 5.83769 5.83621 5.83488 5.83371 5.8327 5.83184 5.83114 5.8306 5.8302 5.82996 5.82987 
5.82391 5.82412 5.8245 5.82504 5.82574 5.8266 5.82763 5.82882 5.83017 5.83169 5.83337 5.83522 5.83724 5.83942 5.84176 5.84426 5.84692 5.84973 5.85268 5.85579 5.85902 5.86238 5.86586 5.86945 5.87312 5.87688 5.88071 5.88459 5.8885 5.89243 5.89636 5.90027 5.90413 5.90794 5.91167 5.9153 5.91881 5.92218 5.92538 5.92841 5.93125 5.93386 5.93625 5.9384 5.94028 5.9419 5.94323 5.94428 5.94503 5.94549 5.94564 5.94549 5.94504 5.94429 5.94324 5.94192 5.94031 5.93844 5.93632 5.93396 5.93137 5.92857 5.92559 5.92243 5.91912 5.91568 5.91213 5.90848 5.90476 5.90099 5.89719 5.89338 5.88957 5.88579 5.88205 5.87837 5.87477 5.87125 5.86783 5.86453 5.86135 5.85831 5.85541 5.85265 5.85005 5.84761 5.84533 5.84321 5.84127 5.83949 5.83788 5.83644 5.83517 5.83407 5.83313 5.83237 5.83176 5.83133 5.83105 5.83094 
5.82508 5.8253 5.8257 5.82627 5.82702 5.82794 5.82904 5.83032 5.83178 5.83341 5.83522 5.83722 5.83939 5.84173 5.84425 5.84695 5.84981 5.85284 5.85602 5.85936 5.86284 5.86646 5.87021 5.87406 5.87802 5.88206 5.88617 5.89034 5.89454 5.89876 5.90297 5.90717 5.91132 5.9154 5.9194 5.92328 5.92704 5.93065 5.93408 5.93732 5.94035 5.94315 5.94571 5.948 5.95001 5.95174 5.95316 5.95428 5.95508 5.95556 5.95572 5.95556 5.95507 5.95426 5.95314 5.95171 5.94999 5.94799 5.94571 5.94318 5.9404 5.9374 5.9342 5.93081 5.92726 5.92357 5.91975 5.91584 5.91184 5.90779 5.90371 5.89961 5.89552 5.89145 5.88743 5.88346 5.87958 5.87579 5.87211 5.86855 5.86512 5.86183 5.8587 5.85572 5.85291 5.85027 5.8478 5.84551 5.8434 5.84147 5.83972 5.83815 5.83677 5.83557 5.83455 5.83371 5.83304 5.83256 5.83225 5.83212 
5.82635 5.82658 5.827 5.82761 5.82841 5.8294 5.83058 5.83196 5.83352 5.83528 5.83724 5.83939 5.84172 5.84425 5.84697 5.84988 5.85297 5.85623 5.85966 5.86326 5.86701 5.87091 5.87494 5.87909 5.88335 5.8877 5.89212 5.8966 5.90112 5.90565 5.91018 5.91468 5.91913 5.92351 5.9278 5.93197 5.936 5.93986 5.94354 5.94701 5.95026 5.95325 5.95598 5.95843 5.96059 5.96243 5.96395 5.96514 5.966 5.96651 5.96667 5.96649 5.96596 5.9651 5.96389 5.96236 5.96051 5.95836 5.95591 5.95319 5.95022 5.947 5.94356 5.93993 5.93611 5.93215 5.92805 5.92384 5.91955 5.91519 5.9108 5.90639 5.90199 5.89761 5.89328 5.88901 5.88483 5.88074 5.87677 5.87293 5.86922 5.86567 5.86228 5.85906 5.85602 5.85316 5.85049 5.848 5.84571 5.84362 5.84172 5.84001 5.83851 5.8372 5.83608 5.83516 5.83443 5.8339 5.83356 5.8334 
5.82772 5.82796 5.8284 5.82905 5.82991 5.83097 5.83224 5.83372 5.83541 5.83731 5.83942 5.84173 5.84425 5.84698 5.84992 5.85305 5.85638 5.8599 5.8636 5.86748 5.87152 5.87572 5.88006 5.88453 5.88911 5.89379 5.89855 5.90336 5.90822 5.91309 5.91795 5.92278 5.92756 5.93227 5.93686 5.94134 5.94565 5.9498 5.95374 5.95745 5.96093 5.96414 5.96706 5.96968 5.97198 5.97395 5.97558 5.97685 5.97776 5.9783 5.97847 5.97827 5.9777 5.97677 5.97547 5.97383 5.97185 5.96953 5.96691 5.96399 5.9608 5.95734 5.95365 5.94975 5.94566 5.9414 5.93699 5.93247 5.92786 5.92318 5.91846 5.91371 5.90897 5.90426 5.8996 5.895 5.89049 5.88608 5.8818 5.87765 5.87366 5.86982 5.86616 5.86268 5.85938 5.85629 5.85339 5.8507 5.84821 5.84594 5.84388 5.84202 5.84038 5.83896 5.83774 5.83673 5.83593 5.83534 5.83496 5.83479 
5.82919 5.82944 5.82991 5.8306 5.83152 5.83266 5.83403 5.83562 5.83744 5.83949 5.84176 5.84425 5.84697 5.84992 5.85308 5.85646 5.86004 5.86384 5.86783 5.87201 5.87636 5.88088 5.88555 5.89036 5.89529 5.90033 5.90544 5.91062 5.91583 5.92106 5.92628 5.93147 5.9366 5.94164 5.94657 5.95137 5.95599 5.96043 5.96465 5.96863 5.97235 5.97578 5.97891 5.98171 5.98417 5.98627 5.98801 5.98937 5.99033 5.99091 5.99109 5.99087 5.99026 5.98925 5.98786 5.9861 5.98397 5.98149 5.97868 5.97555 5.97212 5.96841 5.96446 5.96027 5.95587 5.9513 5.94657 5.94172 5.93677 5.93174 5.92666 5.92156 5.91646 5.91139 5.90637 5.90142 5.89656 5.89182 5.8872 5.88273 5.87841 5.87427 5.87032 5.86656 5.863 5.85964 5.85651 5.85359 5.8509 5.84843 5.84619 5.84418 5.8424 5.84084 5.83952 5.83842 5.83754 5.83689 5.83647 5.83627 
5.83076 5.83102 5.83152 5.83226 5.83324 5.83447 5.83594 5.83765 5.83961 5.84181 5.84426 5.84695 5.84988 5.85305 5.85646 5.8601 5.86396 5.86805 5.87234 5.87684 5.88153 5.88639 5.89142 5.89659 5.90189 5.9073 5.91279 5.91835 5.92394 5.92956 5.93516 5.94072 5.94622 5.95162 5.95691 5.96204 5.96699 5.97174 5.97626 5.98051 5.98449 5.98816 5.9915 5.99449 5.99712 5.99937 6.00122 6.00266 6.0037 6.00431 6.00449 6.00425 6.00359 6.00251 6.00102 5.99913 5.99685 5.99419 5.99118 5.98783 5.98415 5.98018 5.97594 5.97145 5.96674 5.96184 5.95677 5.95156 5.94624 5.94085 5.93539 5.92992 5.92444 5.91899 5.91359 5.90827 5.90304 5.89793 5.89296 5.88814 5.88349 5.87902 5.87475 5.87069 5.86685 5.86323 5.85984 5.85668 5.85377 5.8511 5.84867 5.84649 5.84455 5.84286 5.84141 5.84021 5.83926 5.83854 5.83808 5.83785 
5.83243 5.8327 5.83323 5.83402 5.83507 5.83639 5.83797 5.83981 5.84191 5.84428 5.84692 5.84981 5.85297 5.85638 5.86004 5.86396 5.86812 5.87251 5.87713 5.88197 5.88701 5.89224 5.89764 5.90319 5.90888 5.91468 5.92058 5.92654 5.93254 5.93855 5.94456 5.95051 5.9564 5.96219 5.96784 5.97333 5.97862 5.9837 5.98853 5.99307 5.99732 6.00124 6.0048 6.008 6.0108 6.0132 6.01517 6.01671 6.01781 6.01845 6.01865 6.01839 6.01768 6.01652 6.01492 6.0129 6.01046 6.00761 6.00439 6.0008 5.99687 5.99262 5.98808 5.98328 5.97823 5.97298 5.96755 5.96197 5.95627 5.95049 5.94464 5.93876 5.93289 5.92704 5.92124 5.91552 5.9099 5.90441 5.89906 5.89387 5.88887 5.88406 5.87946 5.87508 5.87094 5.86703 5.86337 5.85996 5.85681 5.85392 5.85129 5.84893 5.84683 5.845 5.84343 5.84212 5.84108 5.8403 5.83978 5.83953 
5.8342 5.83448 5.83504 5.83588 5.83701 5.83842 5.84011 5.84209 5.84435 5.8469 5.84973 5.85284 5.85623 5.8599 5.86384 5.86805 5.87251 5.87723 5.8822 5.88739 5.8928 5.8984 5.9042 5.91015 5.91625 5.92247 5.92878 5.93517 5.94159 5.94803 5.95445 5.96082 5.96712 5.9733 5.97934 5.9852 5.99086 5.99627 6.00142 6.00628 6.0108 6.01498 6.01878 6.02218 6.02517 6.02772 6.02982 6.03146 6.03262 6.03331 6.03351 6.03323 6.03247 6.03123 6.02952 6.02736 6.02475 6.02171 6.01827 6.01443 6.01024 6.0057 6.00084 5.99571 5.99032 5.9847 5.97889 5.97293 5.96683 5.96063 5.95437 5.94808 5.94178 5.93551 5.9293 5.92316 5.91713 5.91124 5.90549 5.89992 5.89455 5.88938 5.88443 5.87972 5.87525 5.87104 5.8671 5.86343 5.86003 5.85691 5.85407 5.85151 5.84924 5.84726 5.84555 5.84414 5.84301 5.84216 5.84159 5.8413 
5.83605 5.83635 5.83694 5.83784 5.83905 5.84056 5.84237 5.84449 5.84692 5.84965 5.85268 5.85602 5.85966 5.8636 5.86783 5.87234 5.87713 5.8822 5.88752 5.89308 5.89887 5.90488 5.91108 5.91746 5.92399 5.93064 5.93739 5.94421 5.95108 5.95796 5.96482 5.97162 5.97834 5.98493 5.99137 5.99762 6.00365 6.00943 6.01491 6.02008 6.0249 6.02935 6.03339 6.03701 6.04019 6.0429 6.04513 6.04687 6.04811 6.04883 6.04904 6.04874 6.04793 6.0466 6.04478 6.04247 6.03969 6.03645 6.03278 6.02869 6.02421 6.01937 6.01419 6.00871 6.00296 5.99697 5.99077 5.98439 5.97788 5.97126 5.96457 5.95784 5.95111 5.9444 5.93774 5.93118 5.92472 5.9184 5.91225 5.90627 5.9005 5.89496 5.88964 5.88458 5.87979 5.87526 5.87102 5.86707 5.86341 5.86004 5.85699 5.85423 5.85178 5.84963 5.84779 5.84626 5.84503 5.84411 5.84349 5.84317 
5.838 5.83831 5.83894 5.8399 5.84118 5.8428 5.84474 5.84701 5.84961 5.85253 5.85579 5.85936 5.86326 5.86748 5.87201 5.87684 5.88197 5.88739 5.89308 5.89903 5.90523 5.91165 5.91828 5.92509 5.93206 5.93917 5.94637 5.95366 5.96098 5.96831 5.97562 5.98287 5.99003 5.99705 6.00391 6.01056 6.01698 6.02312 6.02895 6.03444 6.03957 6.04429 6.04859 6.05243 6.0558 6.05868 6.06105 6.06289 6.0642 6.06497 6.06519 6.06486 6.06399 6.06258 6.06064 6.05818 6.05522 6.05178 6.04787 6.04351 6.03875 6.03359 6.02808 6.02225 6.01612 6.00974 6.00313 5.99634 5.98939 5.98233 5.9752 5.96802 5.96083 5.95366 5.94656 5.93954 5.93264 5.92588 5.9193 5.91291 5.90673 5.90079 5.8951 5.88967 5.88453 5.87967 5.87512 5.87087 5.86694 5.86333 5.86004 5.85707 5.85443 5.85212 5.85014 5.84848 5.84716 5.84616 5.84548 5.84513 
5.84003 5.84035 5.84102 5.84204 5.84341 5.84514 5.84721 5.84964 5.85241 5.85554 5.85902 5.86284 5.86701 5.87152 5.87636 5.88153 5.88701 5.8928 5.89887 5.90523 5.91184 5.9187 5.92577 5.93303 5.94046 5.94803 5.95571 5.96346 5.97126 5.97906 5.98684 5.99455 6.00215 6.00962 6.0169 6.02397 6.03078 6.0373 6.04349 6.04932 6.05476 6.05976 6.06432 6.06839 6.07197 6.07501 6.07752 6.07947 6.08086 6.08167 6.0819 6.08155 6.08062 6.07912 6.07706 6.07445 6.0713 6.06764 6.06349 6.05887 6.0538 6.04833 6.04248 6.03627 6.02976 6.02297 6.01595 6.00872 6.00133 5.99382 5.98622 5.97858 5.97092 5.96329 5.95571 5.94823 5.94087 5.93366 5.92663 5.91981 5.91321 5.90686 5.90077 5.89497 5.88946 5.88427 5.87939 5.87484 5.87063 5.86675 5.86322 5.86004 5.85721 5.85472 5.85259 5.8508 5.84937 5.84829 5.84756 5.84718 
5.84215 5.84248 5.84319 5.84428 5.84574 5.84757 5.84978 5.85237 5.85533 5.85867 5.86238 5.86646 5.87091 5.87572 5.88088 5.88639 5.89224 5.8984 5.90488 5.91165 5.9187 5.92599 5.93352 5.94125 5.94915 5.9572 5.96536 5.9736 5.98188 5.99017 5.99842 6.00661 6.01468 6.02259 6.03032 6.03781 6.04503 6.05193 6.05849 6.06466 6.07041 6.07571 6.08053 6.08484 6.08862 6.09184 6.09449 6.09655 6.09801 6.09887 6.09911 6.09873 6.09775 6.09616 6.09397 6.0912 6.08787 6.08399 6.07959 6.07469 6.06933 6.06352 6.05732 6.05074 6.04383 6.03663 6.02918 6.02151 6.01366 6.00569 5.99762 5.98949 5.98135 5.97324 5.96518 5.95722 5.94938 5.94171 5.93422 5.92695 5.91991 5.91314 5.90665 5.90046 5.89458 5.88903 5.88382 5.87896 5.87445 5.87031 5.86653 5.86312 5.86008 5.85742 5.85513 5.85322 5.85168 5.85051 5.84972 5.84931 
5.84434 5.84469 5.84544 5.84659 5.84814 5.85009 5.85245 5.8552 5.85836 5.86191 5.86586 5.87021 5.87494 5.88006 5.88555 5.89142 5.89764 5.9042 5.91108 5.91828 5.92577 5.93352 5.94151 5.94972 5.95811 5.96664 5.9753 5.98404 5.99282 6.0016 6.01034 6.01901 6.02755 6.03593 6.0441 6.05202 6.05965 6.06695 6.07388 6.0804 6.08648 6.09208 6.09717 6.10172 6.1057 6.1091 6.1119 6.11407 6.11561 6.1165 6.11675 6.11636 6.11531 6.11363 6.11132 6.10839 6.10486 6.10076 6.09611 6.09093 6.08526 6.07912 6.07255 6.0656 6.05829 6.05066 6.04277 6.03465 6.02634 6.01789 6.00933 6.00072 5.99209 5.98348 5.97493 5.96647 5.95815 5.95 5.94204 5.93431 5.92683 5.91962 5.91272 5.90612 5.89986 5.89395 5.8884 5.88321 5.8784 5.87398 5.86994 5.8663 5.86306 5.86021 5.85776 5.85571 5.85406 5.85281 5.85196 5.85151 
5.8466 5.84697 5.84776 5.84898 5.85062 5.85269 5.85519 5.85812 5.86147 5.86525 5.86945 5.87406 5.87909 5.88453 5.89036 5.89659 5.90319 5.91015 5.91746 5.92509 5.93303 5.94125 5.94972 5.95841 5.96729 5.97633 5.98549 5.99474 6.00402 6.01331 6.02255 6.0317 6.04073 6.04957 6.0582 6.06656 6.07461 6.08232 6.08962 6.0965 6.1029 6.1088 6.11416 6.11895 6.12315 6.12673 6.12967 6.13196 6.13357 6.13452 6.13477 6.13435 6.13325 6.13147 6.12903 6.12594 6.12222 6.1179 6.11299 6.10753 6.10154 6.09506 6.08813 6.08079 6.07307 6.06502 6.05668 6.0481 6.03931 6.03038 6.02133 6.01222 6.00308 5.99397 5.98492 5.97596 5.96715 5.95851 5.95007 5.94187 5.93393 5.92628 5.91895 5.91194 5.90529 5.89901 5.8931 5.88759 5.88247 5.87776 5.87346 5.86958 5.86612 5.86309 5.86047 5.85828 5.85652 5.85518 5.85427 5.85379 
5.84892 5.84931 5.85014 5.85143 5.85317 5.85537 5.85801 5.86112 5.86467 5.86867 5.87312 5.87802 5.88335 5.88911 5.89529 5.90189 5.90888 5.91625 5.92399 5.93206 5.94046 5.94915 5.95811 5.96729 5.97668 5.98623 5.9959 6.00566 6.01546 6.02525 6.035 6.04465 6.05416 6.06348 6.07257 6.08137 6.08985 6.09795 6.10564 6.11287 6.11961 6.12581 6.13145 6.13648 6.1409 6.14466 6.14774 6.15014 6.15184 6.15283 6.1531 6.15265 6.15148 6.14961 6.14704 6.14379 6.13988 6.13533 6.13016 6.12441 6.11811 6.11129 6.10399 6.09625 6.08812 6.07964 6.07085 6.0618 6.05254 6.04311 6.03357 6.02395 6.01431 6.00468 5.99512 5.98566 5.97634 5.9672 5.95827 5.94959 5.94119 5.93309 5.92532 5.9179 5.91085 5.90419 5.89792 5.89207 5.88664 5.88163 5.87707 5.87295 5.86927 5.86604 5.86326 5.86093 5.85905 5.85762 5.85665 5.85612 
5.8513 5.8517 5.85258 5.85394 5.85578 5.8581 5.8609 5.86418 5.86794 5.87218 5.87688 5.88206 5.8877 5.89379 5.90033 5.9073 5.91468 5.92247 5.93064 5.93917 5.94803 5.9572 5.96664 5.97633 5.98623 5.99629 6.00648 6.01676 6.02707 6.03738 6.04764 6.05779 6.06779 6.07759 6.08714 6.09639 6.1053 6.11381 6.12188 6.12947 6.13654 6.14305 6.14896 6.15424 6.15886 6.16281 6.16604 6.16856 6.17033 6.17137 6.17164 6.17117 6.16995 6.16798 6.16528 6.16187 6.15776 6.15298 6.14755 6.14151 6.13489 6.12773 6.12006 6.11193 6.10338 6.09447 6.08522 6.07571 6.06596 6.05604 6.04599 6.03587 6.02571 6.01557 6.00549 5.99551 5.98568 5.97604 5.96662 5.95746 5.94859 5.94003 5.93182 5.92397 5.91652 5.90947 5.90284 5.89664 5.89089 5.88559 5.88075 5.87638 5.87248 5.86905 5.8661 5.86363 5.86163 5.86011 5.85907 5.85851 
5.85372 5.85414 5.85507 5.8565 5.85844 5.86089 5.86384 5.86731 5.87127 5.87574 5.88071 5.88617 5.89212 5.89855 5.90544 5.91279 5.92058 5.92878 5.93739 5.94637 5.95571 5.96536 5.9753 5.98549 5.9959 6.00648 6.01719 6.02799 6.03883 6.04965 6.06042 6.07107 6.08157 6.09185 6.10186 6.11156 6.12089 6.12981 6.13827 6.14622 6.15362 6.16043 6.16662 6.17215 6.17698 6.18111 6.18449 6.18712 6.18898 6.19005 6.19034 6.18984 6.18856 6.1865 6.18367 6.1801 6.17579 6.17078 6.1651 6.15877 6.15183 6.14432 6.13628 6.12776 6.1188 6.10944 6.09975 6.08976 6.07953 6.06911 6.05856 6.04792 6.03724 6.02658 6.01598 6.00549 5.99515 5.985 5.97508 5.96543 5.95608 5.94707 5.93841 5.93014 5.92227 5.91483 5.90783 5.90129 5.89521 5.88961 5.8845 5.87988 5.87575 5.87213 5.869 5.86638 5.86426 5.86265 5.86155 5.86095 
5.85619 5.85662 5.85759 5.8591 5.86114 5.86371 5.86683 5.87047 5.87465 5.87936 5.88459 5.89034 5.8966 5.90336 5.91062 5.91835 5.92654 5.93517 5.94421 5.95366 5.96346 5.9736 5.98404 5.99474 6.00566 6.01676 6.02799 6.03931 6.05067 6.06201 6.07329 6.08445 6.09543 6.10619 6.11667 6.12681 6.13657 6.14589 6.15473 6.16304 6.17077 6.17789 6.18435 6.19012 6.19518 6.19948 6.20301 6.20576 6.20769 6.20881 6.20911 6.20859 6.20725 6.20509 6.20214 6.1984 6.1939 6.18866 6.18272 6.1761 6.16885 6.161 6.15259 6.14367 6.13429 6.1245 6.11435 6.10389 6.09318 6.08227 6.07121 6.06006 6.04886 6.03768 6.02656 6.01555 6.00469 5.99404 5.98362 5.97348 5.96365 5.95417 5.94507 5.93636 5.92808 5.92025 5.91288 5.90599 5.89958 5.89368 5.88829 5.88342 5.87907 5.87524 5.87194 5.86917 5.86693 5.86523 5.86406 5.86343 
5.85867 5.85913 5.86014 5.86172 5.86386 5.86657 5.86984 5.87367 5.87806 5.88301 5.8885 5.89454 5.90112 5.90822 5.91583 5.92394 5.93254 5.94159 5.95108 5.96098 5.97126 5.98188 5.99282 6.00402 6.01546 6.02707 6.03883 6.05067 6.06254 6.0744 6.08619 6.09784 6.10932 6.12055 6.13149 6.14208 6.15226 6.16199 6.17121 6.17987 6.18793 6.19535 6.20208 6.2081 6.21336 6.21785 6.22152 6.22438 6.2264 6.22756 6.22787 6.22732 6.22592 6.22367 6.22059 6.21669 6.212 6.20654 6.20034 6.19344 6.18587 6.17768 6.1689 6.1596 6.14981 6.13958 6.12898 6.11805 6.10686 6.09545 6.08389 6.07223 6.06052 6.04882 6.03718 6.02565 6.01428 6.00311 5.99219 5.98156 5.97126 5.96132 5.95176 5.94263 5.93393 5.92571 5.91796 5.91072 5.90399 5.89779 5.89212 5.88699 5.88241 5.87838 5.8749 5.87199 5.86963 5.86783 5.8666 5.86593 
5.86118 5.86165 5.86271 5.86436 5.86661 5.86945 5.87287 5.87689 5.88149 5.88667 5.89243 5.89876 5.90565 5.91309 5.92106 5.92956 5.93855 5.94803 5.95796 5.96831 5.97906 5.99017 6.0016 6.01331 6.02525 6.03738 6.04965 6.06201 6.0744 6.08677 6.09906 6.11121 6.12317 6.13488 6.14627 6.1573 6.1679 6.17802 6.18762 6.19663 6.20502 6.21273 6.21974 6.22599 6.23146 6.23612 6.23995 6.24291 6.245 6.24621 6.24653 6.24596 6.2445 6.24216 6.23896 6.2349 6.23002 6.22434 6.21789 6.2107 6.20283 6.1943 6.18516 6.17547 6.16527 6.15461 6.14357 6.13218 6.1205 6.10861 6.09655 6.08438 6.07215 6.05994 6.04778 6.03574 6.02386 6.01219 6.00077 5.98965 5.97887 5.96847 5.95847 5.9489 5.9398 5.93118 5.92306 5.91547 5.90841 5.90191 5.89596 5.89057 5.88577 5.88153 5.87789 5.87482 5.87234 5.87045 5.86915 5.86844 
5.86368 5.86417 5.86528 5.86701 5.86936 5.87232 5.87591 5.8801 5.88492 5.89034 5.89636 5.90297 5.91018 5.91795 5.92628 5.93516 5.94456 5.95445 5.96482 5.97562 5.98684 5.99842 6.01034 6.02255 6.035 6.04764 6.06042 6.07329 6.08619 6.09906 6.11185 6.12449 6.13692 6.14909 6.16094 6.17239 6.18341 6.19392 6.20389 6.21325 6.22195 6.22996 6.23723 6.24372 6.24939 6.25423 6.25819 6.26127 6.26344 6.26469 6.26502 6.26442 6.26291 6.26048 6.25715 6.25294 6.24787 6.24197 6.23527 6.22781 6.21963 6.21077 6.20128 6.1912 6.1806 6.16953 6.15804 6.1462 6.13405 6.12167 6.10912 6.09645 6.08372 6.071 6.05833 6.04578 6.03339 6.02122 6.00931 5.99771 5.98646 5.97559 5.96515 5.95516 5.94564 5.93663 5.92815 5.92021 5.91283 5.90602 5.89979 5.89416 5.88912 5.88469 5.88087 5.87766 5.87506 5.87307 5.87171 5.87096 
5.86618 5.86669 5.86784 5.86964 5.87209 5.87519 5.87893 5.88331 5.88833 5.89398 5.90027 5.90717 5.91468 5.92278 5.93147 5.94072 5.95051 5.96082 5.97162 5.98287 5.99455 6.00661 6.01901 6.0317 6.04465 6.05779 6.07107 6.08445 6.09784 6.11121 6.12449 6.13761 6.15051 6.16314 6.17542 6.1873 6.19872 6.20962 6.21994 6.22964 6.23866 6.24695 6.25448 6.2612 6.26707 6.27208 6.27618 6.27936 6.28161 6.2829 6.28324 6.28263 6.28105 6.27854 6.27509 6.27073 6.26548 6.25936 6.25242 6.24469 6.23621 6.22703 6.21719 6.20674 6.19575 6.18426 6.17234 6.16005 6.14744 6.13459 6.12155 6.10839 6.09516 6.08194 6.06877 6.05571 6.04283 6.03016 6.01777 6.00569 5.99398 5.98266 5.97178 5.96136 5.95145 5.94205 5.9332 5.92492 5.91721 5.91011 5.90361 5.89772 5.89246 5.88783 5.88384 5.88048 5.87776 5.87569 5.87426 5.87347 
5.86866 5.86919 5.87039 5.87226 5.87481 5.87803 5.88192 5.88648 5.89171 5.8976 5.90413 5.91132 5.91913 5.92756 5.9366 5.94622 5.9564 5.96712 5.97834 5.99003 6.00215 6.01468 6.02755 6.04073 6.05416 6.06779 6.08157 6.09543 6.10932 6.12317 6.13692 6.15051 6.16387 6.17694 6.18965 6.20195 6.21376 6.22503 6.23571 6.24574 6.25506 6.26363 6.27141 6.27835 6.28442 6.28959 6.29383 6.29712 6.29943 6.30077 6.30112 6.30048 6.29886 6.29625 6.29269 6.28818 6.28275 6.27643 6.26926 6.26126 6.25249 6.24299 6.23281 6.22201 6.21063 6.19874 6.18639 6.17366 6.16061 6.14729 6.13378 6.12014 6.10642 6.09271 6.07905 6.0655 6.05213 6.03898 6.02611 6.01357 6.00139 5.98963 5.97832 5.96749 5.95718 5.9474 5.93819 5.92957 5.92155 5.91415 5.90738 5.90125 5.89577 5.89094 5.88678 5.88328 5.88044 5.87828 5.87678 5.87596 
5.8711 5.87165 5.87289 5.87484 5.87749 5.88083 5.88487 5.88961 5.89504 5.90115 5.90794 5.9154 5.92351 5.93227 5.94164 5.95162 5.96219 5.9733 5.98493 5.99705 6.00962 6.02259 6.03593 6.04957 6.06348 6.07759 6.09185 6.10619 6.12055 6.13488 6.14909 6.16314 6.17694 6.19044 6.20357 6.21627 6.22846 6.2401 6.25112 6.26146 6.27108 6.27992 6.28794 6.2951 6.30136 6.30669 6.31106 6.31444 6.31683 6.31821 6.31857 6.31791 6.31623 6.31355 6.30987 6.30522 6.29962 6.2931 6.2857 6.27745 6.2684 6.25859 6.24808 6.23692 6.22517 6.21289 6.20014 6.18698 6.17349 6.15972 6.14575 6.13164 6.11745 6.10326 6.08912 6.07509 6.06124 6.04763 6.03429 6.02129 6.00867 5.99648 5.98474 5.97351 5.9628 5.95266 5.9431 5.93415 5.92582 5.91813 5.91109 5.90472 5.89902 5.89401 5.88967 5.88603 5.88308 5.88083 5.87927 5.87842 
5.8735 5.87406 5.87535 5.87737 5.88011 5.88358 5.88777 5.89268 5.8983 5.90464 5.91167 5.9194 5.9278 5.93686 5.94657 5.95691 5.96784 5.97934 5.99137 6.00391 6.0169 6.03032 6.0441 6.0582 6.07257 6.08714 6.10186 6.11667 6.13149 6.14627 6.16094 6.17542 6.18965 6.20357 6.2171 6.23018 6.24275 6.25473 6.26608 6.27673 6.28664 6.29574 6.30399 6.31136 6.3178 6.32328 6.32778 6.33126 6.33372 6.33514 6.3355 6.33482 6.3331 6.33033 6.32655 6.32176 6.316 6.30929 6.30166 6.29317 6.28385 6.27375 6.26292 6.25142 6.23931 6.22665 6.2135 6.19994 6.18602 6.17182 6.1574 6.14284 6.12819 6.11353 6.09893 6.08444 6.07013 6.05605 6.04227 6.02883 6.01577 6.00315 5.99101 5.97938 5.9683 5.9578 5.9479 5.93862 5.92999 5.92202 5.91473 5.90812 5.90221 5.89701 5.89251 5.88873 5.88567 5.88333 5.88172 5.88083 
5.87584 5.87642 5.87775 5.87983 5.88267 5.88625 5.89059 5.89566 5.90148 5.90803 5.9153 5.92328 5.93197 5.94134 5.95137 5.96204 5.97333 5.9852 5.99762 6.01056 6.02397 6.03781 6.05202 6.06656 6.08137 6.09639 6.11156 6.12681 6.14208 6.1573 6.17239 6.1873 6.20195 6.21627 6.23018 6.24364 6.25655 6.26888 6.28054 6.29148 6.30166 6.31101 6.31949 6.32706 6.33367 6.3393 6.34392 6.3475 6.35002 6.35147 6.35185 6.35115 6.34938 6.34654 6.34265 6.33773 6.33181 6.32491 6.31708 6.30835 6.29877 6.28838 6.27725 6.26543 6.25297 6.23995 6.22643 6.21247 6.19814 6.18352 6.16867 6.15367 6.13859 6.12348 6.10843 6.0935 6.07874 6.06422 6.05 6.03613 6.02266 6.00963 5.9971 5.98509 5.97364 5.96279 5.95256 5.94297 5.93405 5.92581 5.91826 5.91143 5.90532 5.89993 5.89528 5.89137 5.8882 5.88577 5.8841 5.88317 
5.87811 5.8787 5.88007 5.88222 5.88515 5.88885 5.89332 5.89855 5.90455 5.91131 5.91881 5.92704 5.936 5.94565 5.95599 5.96699 5.97862 5.99086 6.00365 6.01698 6.03078 6.04503 6.05965 6.07461 6.08985 6.1053 6.12089 6.13657 6.15226 6.1679 6.18341 6.19872 6.21376 6.22846 6.24275 6.25655 6.26981 6.28245 6.29442 6.30564 6.31608 6.32566 6.33436 6.34212 6.3489 6.35467 6.3594 6.36307 6.36565 6.36714 6.36753 6.36681 6.36499 6.36208 6.35809 6.35305 6.34698 6.3399 6.33187 6.32292 6.31309 6.30244 6.29101 6.27888 6.2661 6.25273 6.23884 6.2245 6.20979 6.19477 6.17951 6.16409 6.14859 6.13306 6.11758 6.10221 6.08703 6.07209 6.05745 6.04317 6.0293 6.01588 6.00297 5.99059 5.97879 5.96761 5.95705 5.94717 5.93796 5.92946 5.92168 5.91463 5.90832 5.90276 5.89796 5.89391 5.89064 5.88814 5.88641 5.88545 
5.88029 5.8809 5.88231 5.88452 5.88753 5.89134 5.89594 5.90133 5.90751 5.91446 5.92218 5.93065 5.93986 5.9498 5.96043 5.97174 5.9837 5.99627 6.00943 6.02312 6.0373 6.05193 6.06695 6.08232 6.09795 6.11381 6.12981 6.14589 6.16199 6.17802 6.19392 6.20962 6.22503 6.2401 6.25473 6.26888 6.28245 6.2954 6.30764 6.31914 6.32982 6.33963 6.34853 6.35647 6.3634 6.36931 6.37415 6.3779 6.38054 6.38206 6.38246 6.38172 6.37986 6.37688 6.3728 6.36764 6.36143 6.35419 6.34597 6.3368 6.32674 6.31583 6.30414 6.29171 6.27861 6.26492 6.25068 6.23599 6.22091 6.20551 6.18986 6.17405 6.15814 6.1422 6.12632 6.11055 6.09496 6.07961 6.06458 6.04991 6.03565 6.02186 6.00858 5.99586 5.98373 5.97222 5.96137 5.95119 5.94172 5.93297 5.92496 5.9177 5.9112 5.90547 5.90053 5.89636 5.89299 5.89041 5.88863 5.88764 
5.88237 5.88299 5.88444 5.88671 5.8898 5.89371 5.89844 5.90398 5.91032 5.91746 5.92538 5.93408 5.94354 5.95374 5.96465 5.97626 5.98853 6.00142 6.01491 6.02895 6.04349 6.05849 6.07388 6.08962 6.10564 6.12188 6.13827 6.15473 6.17121 6.18762 6.20389 6.21994 6.23571 6.25112 6.26608 6.28054 6.29442 6.30764 6.32016 6.3319 6.34282 6.35284 6.36193 6.37004 6.37712 6.38315 6.38809 6.39192 6.39462 6.39617 6.39658 6.39582 6.39392 6.39088 6.38671 6.38144 6.3751 6.3677 6.3593 6.34994 6.33966 6.32851 6.31655 6.30385 6.29046 6.27645 6.2619 6.24687 6.23144 6.21568 6.19967 6.18348 6.16719 6.15088 6.1346 6.11845 6.10248 6.08675 6.07134 6.0563 6.04168 6.02754 6.01392 6.00087 5.98842 5.97661 5.96547 5.95502 5.9453 5.93631 5.92808 5.92062 5.91395 5.90806 5.90298 5.8987 5.89523 5.89258 5.89074 5.88973 
5.88434 5.88498 5.88646 5.88879 5.89196 5.89596 5.90081 5.90648 5.91298 5.92029 5.92841 5.93732 5.94701 5.95745 5.96863 5.98051 5.99307 6.00628 6.02008 6.03444 6.04932 6.06466 6.0804 6.0965 6.11287 6.12947 6.14622 6.16304 6.17987 6.19663 6.21325 6.22964 6.24574 6.26146 6.27673 6.29148 6.30564 6.31914 6.3319 6.34388 6.35501 6.36523 6.37449 6.38276 6.38998 6.39613 6.40116 6.40507 6.40782 6.4094 6.40981 6.40904 6.40711 6.40401 6.39976 6.39438 6.38791 6.38037 6.37181 6.36226 6.35177 6.3404 6.3282 6.31524 6.30158 6.28728 6.27243 6.25709 6.24133 6.22524 6.20888 6.19235 6.1757 6.15903 6.1424 6.12588 6.10955 6.09347 6.07771 6.06232 6.04736 6.03289 6.01895 6.00559 5.99284 5.98075 5.96933 5.95863 5.94867 5.93946 5.93103 5.92338 5.91654 5.91051 5.9053 5.90091 5.89735 5.89463 5.89275 5.8917 
5.88618 5.88683 5.88835 5.89073 5.89397 5.89807 5.90302 5.90882 5.91547 5.92294 5.93125 5.94035 5.95026 5.96093 5.97235 5.98449 5.99732 6.0108 6.0249 6.03957 6.05476 6.07041 6.08648 6.1029 6.11961 6.13654 6.15362 6.17077 6.18793 6.20502 6.22195 6.23866 6.25506 6.27108 6.28664 6.30166 6.31608 6.32982 6.34282 6.35501 6.36633 6.37673 6.38616 6.39457 6.40192 6.40818 6.4133 6.41727 6.42007 6.42168 6.4221 6.42132 6.41935 6.41619 6.41187 6.4064 6.39982 6.39214 6.38343 6.3737 6.36303 6.35145 6.33903 6.32583 6.31191 6.29735 6.28222 6.26658 6.25053 6.23412 6.21745 6.20059 6.18362 6.16662 6.14965 6.1328 6.11614 6.09973 6.08364 6.06793 6.05266 6.03788 6.02364 6.00999 5.99697 5.98461 5.97294 5.96201 5.95182 5.94241 5.93378 5.92597 5.91897 5.9128 5.90746 5.90298 5.89934 5.89655 5.89462 5.89355 
5.88789 5.88856 5.8901 5.89253 5.89584 5.90002 5.90507 5.91099 5.91777 5.9254 5.93386 5.94315 5.95325 5.96414 5.97578 5.98816 6.00124 6.01498 6.02935 6.04429 6.05976 6.07571 6.09208 6.1088 6.12581 6.14305 6.16043 6.17789 6.19535 6.21273 6.22996 6.24695 6.26363 6.27992 6.29574 6.31101 6.32566 6.33963 6.35284 6.36523 6.37673 6.3873 6.39688 6.40543 6.41289 6.41924 6.42445 6.42848 6.43132 6.43296 6.43338 6.43259 6.43059 6.42738 6.42299 6.41744 6.41075 6.40295 6.3941 6.38422 6.37337 6.3616 6.34898 6.33556 6.32141 6.30661 6.29122 6.27532 6.25899 6.2423 6.22534 6.20818 6.19091 6.1736 6.15633 6.13917 6.1222 6.10549 6.0891 6.0731 6.05754 6.04248 6.02796 6.01405 6.00077 5.98817 5.97628 5.96512 5.95473 5.94513 5.93633 5.92835 5.92121 5.91491 5.90947 5.90489 5.90117 5.89833 5.89636 5.89527 
5.88945 5.89013 5.8917 5.89417 5.89754 5.9018 5.90694 5.91297 5.91987 5.92763 5.93625 5.94571 5.95598 5.96706 5.97891 5.9915 6.0048 6.01878 6.03339 6.04859 6.06432 6.08053 6.09717 6.11416 6.13145 6.14896 6.16662 6.18435 6.20208 6.21974 6.23723 6.25448 6.27141 6.28794 6.30399 6.31949 6.33436 6.34853 6.36193 6.37449 6.38616 6.39688 6.4066 6.41526 6.42283 6.42927 6.43455 6.43864 6.44152 6.44318 6.44361 6.4428 6.44077 6.43752 6.43307 6.42744 6.42065 6.41275 6.40377 6.39375 6.38274 6.37081 6.358 6.34438 6.33003 6.315 6.29938 6.28324 6.26666 6.24972 6.23249 6.21507 6.19753 6.17994 6.16239 6.14496 6.12772 6.11073 6.09407 6.0778 6.06197 6.04666 6.0319 6.01774 6.00424 5.99141 5.97931 5.96796 5.95739 5.94761 5.93865 5.93053 5.92326 5.91685 5.9113 5.90664 5.90285 5.89996 5.89795 5.89684 
5.89086 5.89155 5.89314 5.89565 5.89907 5.9034 5.90862 5.91475 5.92175 5.92964 5.9384 5.948 5.95843 5.96968 5.98171 5.99449 6.008 6.02218 6.03701 6.05243 6.06839 6.08484 6.10172 6.11895 6.13648 6.15424 6.17215 6.19012 6.2081 6.22599 6.24372 6.2612 6.27835 6.2951 6.31136 6.32706 6.34212 6.35647 6.37004 6.38276 6.39457 6.40543 6.41526 6.42403 6.43169 6.43821 6.44355 6.44769 6.45061 6.45229 6.45272 6.45191 6.44985 6.44657 6.44206 6.43636 6.42949 6.42149 6.41239 6.40225 6.3911 6.37902 6.36605 6.35226 6.33771 6.32249 6.30667 6.29031 6.27351 6.25634 6.23888 6.22122 6.20344 6.18561 6.16781 6.15013 6.13264 6.11541 6.09851 6.082 6.06594 6.0504 6.03542 6.02105 6.00734 5.99432 5.98203 5.9705 5.95976 5.94984 5.94074 5.93249 5.9251 5.91858 5.91295 5.90821 5.90436 5.90142 5.89938 5.89825 
5.8921 5.89279 5.89442 5.89696 5.90043 5.90481 5.91011 5.91631 5.92342 5.93141 5.94028 5.95001 5.96059 5.97198 5.98417 5.99712 6.0108 6.02517 6.04019 6.0558 6.07197 6.08862 6.1057 6.12315 6.1409 6.15886 6.17698 6.19518 6.21336 6.23146 6.24939 6.26707 6.28442 6.30136 6.3178 6.33367 6.3489 6.3634 6.37712 6.38998 6.40192 6.41289 6.42283 6.43169 6.43944 6.44602 6.45142 6.4556 6.45855 6.46025 6.46069 6.45987 6.45779 6.45446 6.44991 6.44415 6.43721 6.42912 6.41993 6.40967 6.39841 6.38619 6.37308 6.35914 6.34443 6.32904 6.31304 6.2965 6.2795 6.26213 6.24447 6.2266 6.20861 6.19056 6.17256 6.15466 6.13696 6.11951 6.1024 6.08568 6.06942 6.05368 6.03851 6.02395 6.01006 5.99687 5.98442 5.97274 5.96186 5.95179 5.94257 5.93421 5.92672 5.92011 5.9144 5.90959 5.9057 5.90271 5.90064 5.89949 
5.89316 5.89387 5.89551 5.89808 5.90159 5.90602 5.91138 5.91766 5.92484 5.93293 5.9419 5.95174 5.96243 5.97395 5.98627 5.99937 6.0132 6.02772 6.0429 6.05868 6.07501 6.09184 6.1091 6.12673 6.14466 6.16281 6.18111 6.19948 6.21785 6.23612 6.25423 6.27208 6.28959 6.30669 6.32328 6.3393 6.35467 6.36931 6.38315 6.39613 6.40818 6.41924 6.42927 6.43821 6.44602 6.45267 6.45811 6.46233 6.46531 6.46702 6.46746 6.46663 6.46454 6.46118 6.45659 6.45078 6.44377 6.43561 6.42634 6.41599 6.40462 6.39229 6.37906 6.36499 6.35015 6.33461 6.31846 6.30176 6.2846 6.26707 6.24923 6.23119 6.21301 6.19479 6.1766 6.15852 6.14063 6.12301 6.10572 6.08882 6.07239 6.05648 6.04114 6.02643 6.01239 5.99905 5.98646 5.97465 5.96364 5.95347 5.94414 5.93568 5.92811 5.92142 5.91565 5.91078 5.90684 5.90382 5.90173 5.90056 
5.89405 5.89476 5.89642 5.89901 5.90255 5.90703 5.91243 5.91877 5.92602 5.93418 5.94323 5.95316 5.96395 5.97558 5.98801 6.00122 6.01517 6.02982 6.04513 6.06105 6.07752 6.09449 6.1119 6.12967 6.14774 6.16604 6.18449 6.20301 6.22152 6.23995 6.25819 6.27618 6.29383 6.31106 6.32778 6.34392 6.3594 6.37415 6.38809 6.40116 6.4133 6.42445 6.43455 6.44355 6.45142 6.45811 6.4636 6.46785 6.47084 6.47256 6.47301 6.47218 6.47007 6.46669 6.46206 6.45621 6.44915 6.44093 6.43159 6.42117 6.40972 6.3973 6.38397 6.36979 6.35484 6.33918 6.3229 6.30608 6.28879 6.27111 6.25314 6.23495 6.21662 6.19825 6.17992 6.16169 6.14365 6.12588 6.10844 6.0914 6.07483 6.05878 6.04331 6.02847 6.0143 6.00085 5.98815 5.97623 5.96512 5.95485 5.94544 5.9369 5.92926 5.92251 5.91668 5.91177 5.90779 5.90474 5.90263 5.90145 
5.89475 5.89547 5.89713 5.89975 5.90331 5.90782 5.91327 5.91964 5.92695 5.93516 5.94428 5.95428 5.96514 5.97685 5.98937 6.00266 6.01671 6.03146 6.04687 6.06289 6.07947 6.09655 6.11407 6.13196 6.15014 6.16856 6.18712 6.20576 6.22438 6.24291 6.26127 6.27936 6.29712 6.31444 6.33126 6.3475 6.36307 6.3779 6.39192 6.40507 6.41727 6.42848 6.43864 6.44769 6.4556 6.46233 6.46785 6.47212 6.47513 6.47686 6.47731 6.47647 6.47435 6.47095 6.4663 6.46041 6.45332 6.44506 6.43566 6.42518 6.41367 6.40117 6.38777 6.37351 6.35847 6.34272 6.32635 6.30942 6.29203 6.27425 6.25616 6.23786 6.21943 6.20094 6.18249 6.16415 6.146 6.12811 6.11056 6.09341 6.07673 6.06058 6.045 6.03006 6.0158 6.00225 5.98946 5.97746 5.96628 5.95594 5.94646 5.93786 5.93016 5.92337 5.91749 5.91255 5.90854 5.90547 5.90334 5.90216 
5.89526 5.89598 5.89766 5.90028 5.90386 5.90839 5.91387 5.92028 5.92762 5.93587 5.94503 5.95508 5.966 5.97776 5.99033 6.0037 6.01781 6.03262 6.04811 6.0642 6.08086 6.09801 6.11561 6.13357 6.15184 6.17033 6.18898 6.20769 6.2264 6.245 6.26344 6.28161 6.29943 6.31683 6.33372 6.35002 6.36565 6.38054 6.39462 6.40782 6.42007 6.43132 6.44152 6.45061 6.45855 6.46531 6.47084 6.47513 6.47815 6.47989 6.48034 6.4795 6.47737 6.47396 6.46929 6.46338 6.45626 6.44796 6.43853 6.42801 6.41645 6.4039 6.39044 6.37613 6.36103 6.34522 6.32878 6.31178 6.29431 6.27646 6.2583 6.23992 6.22141 6.20284 6.18431 6.16589 6.14766 6.12969 6.11206 6.09484 6.07808 6.06185 6.0462 6.03119 6.01686 6.00325 5.9904 5.97834 5.96711 5.95671 5.94719 5.93855 5.93081 5.92398 5.91808 5.91311 5.90908 5.90599 5.90386 5.90267 
5.89558 5.8963 5.89798 5.90061 5.9042 5.90875 5.91423 5.92066 5.92802 5.9363 5.94549 5.95556 5.96651 5.9783 5.99091 6.00431 6.01845 6.03331 6.04883 6.06497 6.08167 6.09887 6.1165 6.13452 6.15283 6.17137 6.19005 6.20881 6.22756 6.24621 6.26469 6.2829 6.30077 6.31821 6.33514 6.35147 6.36714 6.38206 6.39617 6.4094 6.42168 6.43296 6.44318 6.45229 6.46025 6.46702 6.47256 6.47686 6.47989 6.48163 6.48209 6.48124 6.47911 6.47569 6.47101 6.46508 6.45795 6.44963 6.44018 6.42963 6.41804 6.40547 6.39198 6.37763 6.3625 6.34665 6.33017 6.31314 6.29563 6.27773 6.25953 6.24111 6.22255 6.20394 6.18536 6.16689 6.14862 6.13061 6.11293 6.09566 6.07886 6.06259 6.04691 6.03186 6.01749 6.00384 5.99096 5.97887 5.9676 5.95718 5.94763 5.93897 5.9312 5.92436 5.91844 5.91346 5.90942 5.90632 5.90418 5.90298 
