4.51703 4.51722 4.51745 4.51774 4.51808 4.51847 4.51891 4.5194 4.51995 4.52055 4.52121 4.52194 4.52272 4.52357 4.52449 4.52548 4.52654 4.52767 4.52887 4.53015 4.5315 4.53293 4.53442 4.53598 4.5376 4.53929 4.54103 4.54281 4.54464 4.5465 4.54839 4.55028 4.55219 4.55408 4.55596 4.5578 4.5596 4.56135 4.56303 4.56463 4.56613 4.56754 4.56883 4.57 4.57104 4.57193 4.57268 4.57327 4.5737 4.57398 4.57409 4.57403 4.57381 4.57343 4.57289 4.57219 4.57135 4.57037 4.56926 4.56802 4.56667 4.56522 4.56368 4.56206 4.56037 4.55863 4.55685 4.55503 4.5532 4.55137 4.54954 4.54773 4.54595 4.5442 4.5425 4.54086 4.53927 4.53775 4.5363 4.53493 4.53363 4.53242 4.5313 4.53025 4.52929 4.52842 4.52763 4.52692 4.52629 4.52574 4.52527 4.52487 4.52454 4.52427 4.52407 4.52393 4.52385 4.52383 4.52387 4.52395 
4.51722 4.5174 4.51764 4.51793 4.51827 4.51866 4.5191 4.5196 4.52015 4.52075 4.52142 4.52215 4.52294 4.5238 4.52472 4.52572 4.52678 4.52792 4.52914 4.53043 4.53179 4.53323 4.53473 4.53631 4.53795 4.53965 4.54141 4.54321 4.54506 4.54694 4.54884 4.55076 4.55268 4.55459 4.55649 4.55835 4.56017 4.56194 4.56363 4.56525 4.56677 4.5682 4.5695 4.57068 4.57173 4.57263 4.57339 4.57399 4.57442 4.5747 4.57481 4.57475 4.57453 4.57414 4.5736 4.57289 4.57204 4.57105 4.56992 4.56867 4.56731 4.56584 4.56428 4.56265 4.56094 4.55918 4.55738 4.55555 4.5537 4.55185 4.55 4.54817 4.54637 4.5446 4.54289 4.54122 4.53962 4.53808 4.53662 4.53523 4.53393 4.5327 4.53156 4.53051 4.52954 4.52866 4.52786 4.52715 4.52651 4.52596 4.52548 4.52507 4.52474 4.52447 4.52427 4.52413 4.52405 4.52402 4.52405 4.52414 
4.51745 4.51764 4.51788 4.51818 4.51852 4.51892 4.51937 4.51987 4.52043 4.52105 4.52173 4.52248 4.52329 4.52417 4.52511 4.52614 4.52723 4.5284 4.52965 4.53097 4.53237 4.53385 4.5354 4.53702 4.5387 4.54045 4.54226 4.54411 4.54601 4.54794 4.5499 4.55187 4.55384 4.55581 4.55775 4.55967 4.56154 4.56335 4.56509 4.56675 4.56832 4.56978 4.57112 4.57233 4.5734 4.57433 4.5751 4.57572 4.57617 4.57645 4.57656 4.5765 4.57627 4.57587 4.57531 4.57459 4.57371 4.57269 4.57153 4.57025 4.56885 4.56734 4.56574 4.56405 4.5623 4.56049 4.55864 4.55676 4.55486 4.55295 4.55105 4.54917 4.54732 4.5455 4.54373 4.54202 4.54037 4.53879 4.53729 4.53586 4.53451 4.53325 4.53208 4.53099 4.53 4.52909 4.52826 4.52752 4.52687 4.52629 4.5258 4.52538 4.52503 4.52475 4.52453 4.52439 4.5243 4.52427 4.5243 4.52438 
4.51774 4.51793 4.51818 4.51847 4.51883 4.51923 4.5197 4.52022 4.5208 4.52144 4.52215 4.52292 4.52377 4.52468 4.52567 4.52674 4.52788 4.5291 4.5304 4.53179 4.53325 4.53479 4.53641 4.5381 4.53986 4.54169 4.54358 4.54551 4.5475 4.54951 4.55156 4.55361 4.55567 4.55773 4.55976 4.56175 4.5637 4.56559 4.56741 4.56914 4.57077 4.57229 4.57368 4.57495 4.57606 4.57703 4.57783 4.57847 4.57894 4.57923 4.57934 4.57928 4.57904 4.57862 4.57803 4.57728 4.57636 4.5753 4.57409 4.57275 4.57128 4.56971 4.56804 4.56628 4.56445 4.56256 4.56063 4.55866 4.55667 4.55468 4.5527 4.55073 4.5488 4.5469 4.54505 4.54326 4.54153 4.53988 4.5383 4.5368 4.53539 4.53407 4.53284 4.5317 4.53065 4.5297 4.52883 4.52805 4.52736 4.52675 4.52622 4.52578 4.5254 4.5251 4.52487 4.52471 4.52461 4.52457 4.52459 4.52467 
4.51808 4.51827 4.51852 4.51883 4.51919 4.51961 4.5201 4.52064 4.52125 4.52193 4.52267 4.52349 4.52438 4.52535 4.52639 4.52752 4.52873 4.53003 4.53141 4.53287 4.53443 4.53606 4.53778 4.53957 4.54144 4.54337 4.54537 4.54743 4.54953 4.55166 4.55382 4.556 4.55818 4.56035 4.5625 4.56461 4.56667 4.56867 4.57059 4.57242 4.57414 4.57574 4.57721 4.57854 4.57972 4.58073 4.58158 4.58225 4.58274 4.58305 4.58316 4.58309 4.58284 4.58239 4.58177 4.58097 4.58 4.57888 4.5776 4.57618 4.57463 4.57296 4.57119 4.56933 4.5674 4.5654 4.56335 4.56127 4.55916 4.55706 4.55495 4.55287 4.55081 4.5488 4.54684 4.54494 4.5431 4.54135 4.53967 4.53808 4.53658 4.53517 4.53385 4.53264 4.53152 4.53049 4.52956 4.52873 4.52799 4.52733 4.52676 4.52627 4.52587 4.52554 4.52528 4.5251 4.52498 4.52493 4.52494 4.52501 
4.51847 4.51866 4.51892 4.51923 4.51961 4.52006 4.52057 4.52115 4.52179 4.52251 4.52331 4.52418 4.52513 4.52617 4.52729 4.5285 4.52979 4.53118 4.53267 4.53424 4.53591 4.53766 4.5395 4.54143 4.54343 4.54551 4.54765 4.54985 4.55211 4.55439 4.55671 4.55904 4.56138 4.5637 4.566 4.56825 4.57046 4.57259 4.57464 4.57659 4.57842 4.58013 4.5817 4.58312 4.58437 4.58546 4.58636 4.58707 4.58759 4.58791 4.58803 4.58795 4.58768 4.5872 4.58653 4.58567 4.58464 4.58343 4.58206 4.58054 4.57889 4.5771 4.57521 4.57322 4.57115 4.56901 4.56681 4.56458 4.56233 4.56007 4.55781 4.55558 4.55337 4.55121 4.54911 4.54706 4.54509 4.5432 4.54139 4.53968 4.53806 4.53654 4.53512 4.5338 4.53259 4.53148 4.53047 4.52956 4.52875 4.52803 4.52741 4.52687 4.52642 4.52606 4.52577 4.52555 4.52541 4.52534 4.52534 4.5254 
4.51891 4.5191 4.51937 4.5197 4.5201 4.52057 4.52111 4.52173 4.52242 4.5232 4.52405 4.52499 4.52602 4.52714 4.52835 4.52966 4.53107 4.53258 4.53418 4.53589 4.53769 4.5396 4.54159 4.54368 4.54585 4.5481 4.55042 4.55281 4.55524 4.55772 4.56022 4.56274 4.56526 4.56777 4.57025 4.57268 4.57506 4.57736 4.57957 4.58166 4.58364 4.58548 4.58717 4.58869 4.59004 4.5912 4.59216 4.59293 4.59348 4.59383 4.59395 4.59386 4.59356 4.59305 4.59232 4.5914 4.59028 4.58897 4.5875 4.58586 4.58407 4.58214 4.5801 4.57795 4.57571 4.5734 4.57103 4.56862 4.56618 4.56373 4.56129 4.55887 4.55649 4.55414 4.55186 4.54964 4.5475 4.54544 4.54348 4.54161 4.53985 4.53819 4.53664 4.53521 4.53388 4.53266 4.53155 4.53055 4.52966 4.52886 4.52817 4.52757 4.52707 4.52665 4.52632 4.52607 4.52591 4.52581 4.5258 4.52585 
4.5194 4.5196 4.51987 4.52022 4.52064 4.52115 4.52173 4.5224 4.52315 4.52398 4.52491 4.52594 4.52705 4.52827 4.5296 4.53103 4.53256 4.53421 4.53596 4.53783 4.5398 4.54188 4.54406 4.54634 4.54871 4.55116 4.55369 4.55629 4.55894 4.56164 4.56437 4.56711 4.56985 4.57258 4.57527 4.57791 4.58049 4.58299 4.58538 4.58765 4.5898 4.59179 4.59361 4.59526 4.59672 4.59797 4.59901 4.59984 4.60043 4.6008 4.60094 4.60083 4.6005 4.59994 4.59915 4.59814 4.59693 4.59551 4.5939 4.59212 4.59018 4.58809 4.58586 4.58353 4.58109 4.57858 4.576 4.57337 4.57072 4.56806 4.5654 4.56276 4.56015 4.5576 4.5551 4.55268 4.55034 4.54809 4.54594 4.54389 4.54196 4.54013 4.53843 4.53685 4.53538 4.53404 4.53281 4.5317 4.53071 4.52983 4.52905 4.52838 4.52781 4.52734 4.52696 4.52667 4.52646 4.52634 4.52631 4.52635 
4.51995 4.52015 4.52043 4.5208 4.52125 4.52179 4.52242 4.52315 4.52396 4.52488 4.52589 4.52701 4.52823 4.52957 4.53102 4.53259 4.53428 4.53609 4.53801 4.54006 4.54223 4.54451 4.5469 4.5494 4.552 4.5547 4.55747 4.56032 4.56322 4.56617 4.56916 4.57215 4.57515 4.57813 4.58107 4.58395 4.58676 4.58948 4.59209 4.59457 4.5969 4.59906 4.60105 4.60284 4.60442 4.60578 4.60691 4.6078 4.60845 4.60884 4.60898 4.60887 4.6085 4.60789 4.60702 4.60592 4.60459 4.60305 4.60129 4.59935 4.59723 4.59494 4.59252 4.58996 4.5873 4.58456 4.58174 4.57887 4.57597 4.57305 4.57014 4.56725 4.56439 4.56159 4.55885 4.55618 4.55361 4.55114 4.54877 4.54651 4.54438 4.54237 4.54049 4.53873 4.53711 4.53562 4.53426 4.53302 4.53191 4.53092 4.53005 4.52929 4.52864 4.5281 4.52767 4.52733 4.52709 4.52694 4.52687 4.5269 
4.52055 4.52075 4.52105 4.52144 4.52193 4.52251 4.5232 4.52398 4.52488 4.52588 4.52699 4.52822 4.52957 4.53104 4.53264 4.53437 4.53623 4.53822 4.54034 4.5426 4.54499 4.5475 4.55014 4.55289 4.55575 4.55872 4.56177 4.56489 4.56809 4.57133 4.5746 4.57788 4.58117 4.58443 4.58765 4.59081 4.59388 4.59685 4.5997 4.60241 4.60495 4.60731 4.60948 4.61143 4.61315 4.61464 4.61586 4.61683 4.61753 4.61796 4.61811 4.61798 4.61757 4.61689 4.61595 4.61474 4.61328 4.61159 4.60967 4.60754 4.60522 4.60272 4.60006 4.59727 4.59435 4.59134 4.58825 4.5851 4.58192 4.57872 4.57552 4.57234 4.5692 4.56612 4.5631 4.56017 4.55733 4.5546 4.55198 4.54949 4.54713 4.5449 4.54282 4.54087 4.53907 4.53741 4.53589 4.5345 4.53326 4.53215 4.53117 4.53031 4.52958 4.52896 4.52846 4.52806 4.52777 4.52759 4.5275 4.52751 
4.52121 4.52142 4.52173 4.52215 4.52267 4.52331 4.52405 4.52491 4.52589 4.52699 4.52821 4.52957 4.53105 4.53268 4.53444 4.53635 4.53841 4.54061 4.54296 4.54545 4.54808 4.55086 4.55377 4.55681 4.55996 4.56323 4.56659 4.57003 4.57354 4.5771 4.5807 4.58431 4.58792 4.59149 4.59503 4.59849 4.60185 4.60511 4.60823 4.61118 4.61396 4.61655 4.61891 4.62104 4.62292 4.62453 4.62587 4.62693 4.62768 4.62814 4.6283 4.62815 4.62771 4.62696 4.62592 4.6246 4.623 4.62114 4.61904 4.61671 4.61416 4.61142 4.60851 4.60544 4.60224 4.59894 4.59554 4.59209 4.58859 4.58507 4.58155 4.57805 4.57459 4.57119 4.56787 4.56463 4.5615 4.55848 4.55559 4.55283 4.55021 4.54775 4.54543 4.54326 4.54126 4.5394 4.53771 4.53616 4.53477 4.53352 4.53241 4.53144 4.53061 4.52991 4.52933 4.52887 4.52853 4.52831 4.52819 4.52819 
4.52194 4.52215 4.52248 4.52292 4.52349 4.52418 4.52499 4.52594 4.52701 4.52822 4.52957 4.53106 4.5327 4.5345 4.53645 4.53856 4.54083 4.54326 4.54586 4.54861 4.55153 4.55459 4.55781 4.56116 4.56464 4.56824 4.57194 4.57573 4.5796 4.58352 4.58747 4.59144 4.5954 4.59932 4.6032 4.60699 4.61068 4.61425 4.61766 4.6209 4.62394 4.62676 4.62934 4.63167 4.63372 4.63548 4.63694 4.63808 4.63891 4.6394 4.63957 4.6394 4.63891 4.63809 4.63695 4.63549 4.63374 4.63171 4.6294 4.62684 4.62405 4.62105 4.61785 4.61449 4.61098 4.60735 4.60362 4.59982 4.59598 4.59211 4.58824 4.58438 4.58058 4.57683 4.57316 4.56959 4.56613 4.56279 4.55959 4.55654 4.55364 4.5509 4.54832 4.54592 4.54368 4.54162 4.53972 4.53799 4.53643 4.53503 4.53379 4.53269 4.53175 4.53095 4.53029 4.52976 4.52936 4.52909 4.52895 4.52892 
4.52272 4.52294 4.52329 4.52377 4.52438 4.52513 4.52602 4.52705 4.52823 4.52957 4.53105 4.5327 4.53452 4.5365 4.53866 4.54099 4.5435 4.54619 4.54906 4.5521 4.55532 4.55871 4.56225 4.56595 4.56979 4.57375 4.57783 4.582 4.58626 4.59057 4.59491 4.59927 4.60361 4.60792 4.61217 4.61633 4.62037 4.62427 4.628 4.63154 4.63487 4.63795 4.64077 4.64331 4.64554 4.64746 4.64905 4.6503 4.65119 4.65173 4.65191 4.65172 4.65117 4.65027 4.64902 4.64743 4.64551 4.64328 4.64075 4.63795 4.63489 4.6316 4.6281 4.62441 4.62056 4.61658 4.61249 4.60832 4.60409 4.59984 4.59558 4.59134 4.58715 4.58302 4.57898 4.57504 4.57122 4.56753 4.56399 4.56061 4.5574 4.55437 4.55151 4.54884 4.54635 4.54405 4.54194 4.54001 4.53826 4.53669 4.53529 4.53406 4.533 4.53209 4.53134 4.53073 4.53027 4.52995 4.52976 4.52972 
4.52357 4.5238 4.52417 4.52468 4.52535 4.52617 4.52714 4.52827 4.52957 4.53104 4.53268 4.5345 4.5365 4.53869 4.54107 4.54365 4.54642 4.54939 4.55256 4.55592 4.55947 4.5632 4.56711 4.57119 4.57541 4.57978 4.58426 4.58885 4.59353 4.59826 4.60303 4.60781 4.61257 4.61729 4.62194 4.62649 4.63091 4.63518 4.63925 4.64312 4.64675 4.65011 4.65319 4.65595 4.65839 4.66048 4.66221 4.66356 4.66453 4.66511 4.6653 4.66509 4.66449 4.6635 4.66213 4.66039 4.65829 4.65585 4.65308 4.65002 4.64667 4.64307 4.63924 4.6352 4.63098 4.62662 4.62214 4.61756 4.61293 4.60826 4.60358 4.59893 4.59432 4.58978 4.58532 4.58098 4.57677 4.57271 4.5688 4.56507 4.56152 4.55815 4.55499 4.55203 4.54927 4.54671 4.54436 4.54221 4.54026 4.5385 4.53693 4.53555 4.53435 4.53333 4.53247 4.53178 4.53125 4.53087 4.53065 4.53058 
4.52449 4.52472 4.52511 4.52567 4.52639 4.52729 4.52835 4.5296 4.53102 4.53264 4.53444 4.53645 4.53866 4.54107 4.5437 4.54654 4.5496 4.55288 4.55637 4.56007 4.56398 4.56809 4.57239 4.57687 4.58152 4.58632 4.59124 4.59628 4.6014 4.60659 4.61181 4.61705 4.62226 4.62742 4.6325 4.63747 4.6423 4.64695 4.6514 4.65562 4.65957 4.66323 4.66658 4.66959 4.67224 4.67451 4.67639 4.67786 4.67891 4.67953 4.67973 4.6795 4.67884 4.67776 4.67626 4.67435 4.67206 4.6694 4.66638 4.66304 4.65938 4.65545 4.65126 4.64685 4.64224 4.63747 4.63257 4.62756 4.62249 4.61737 4.61225 4.60714 4.60208 4.59709 4.5922 4.58743 4.58279 4.57832 4.57402 4.5699 4.56598 4.56227 4.55877 4.55549 4.55243 4.5496 4.54699 4.54459 4.54242 4.54046 4.53871 4.53717 4.53582 4.53467 4.5337 4.53292 4.53231 4.53187 4.53161 4.53151 
4.52548 4.52572 4.52614 4.52674 4.52752 4.5285 4.52966 4.53103 4.53259 4.53437 4.53635 4.53856 4.54099 4.54365 4.54654 4.54967 4.55304 4.55664 4.56048 4.56456 4.56885 4.57337 4.57809 4.58301 4.58811 4.59336 4.59876 4.60428 4.60988 4.61556 4.62127 4.62698 4.63267 4.63831 4.64385 4.64927 4.65452 4.65959 4.66443 4.66902 4.67331 4.67729 4.68093 4.68419 4.68707 4.68953 4.69157 4.69316 4.6943 4.69497 4.69518 4.69492 4.6942 4.69302 4.69138 4.68931 4.68682 4.68392 4.68063 4.67699 4.67301 4.66872 4.66416 4.65935 4.65432 4.64912 4.64376 4.6383 4.63275 4.62716 4.62156 4.61597 4.61043 4.60497 4.59961 4.59437 4.58928 4.58437 4.57964 4.57511 4.57079 4.5667 4.56285 4.55923 4.55585 4.55271 4.54982 4.54717 4.54476 4.54258 4.54063 4.53891 4.53741 4.53611 4.53503 4.53414 4.53345 4.53295 4.53264 4.53251 
4.52654 4.52678 4.52723 4.52788 4.52873 4.52979 4.53107 4.53256 4.53428 4.53623 4.53841 4.54083 4.5435 4.54642 4.5496 4.55304 4.55674 4.56069 4.56491 4.56938 4.57409 4.57904 4.58421 4.58959 4.59517 4.60092 4.60682 4.61284 4.61896 4.62515 4.63137 4.6376 4.6438 4.64993 4.65596 4.66185 4.66756 4.67306 4.67832 4.68329 4.68795 4.69227 4.69621 4.69974 4.70286 4.70552 4.70772 4.70944 4.71067 4.7114 4.71162 4.71133 4.71054 4.70926 4.70748 4.70523 4.70252 4.69937 4.6958 4.69184 4.68752 4.68286 4.6779 4.67267 4.66721 4.66154 4.65572 4.64976 4.64372 4.63763 4.63151 4.62541 4.61936 4.61339 4.60753 4.60181 4.59624 4.59085 4.58566 4.5807 4.57596 4.57146 4.56722 4.56324 4.55952 4.55606 4.55287 4.54994 4.54727 4.54486 4.5427 4.54078 4.5391 4.53766 4.53645 4.53545 4.53467 4.5341 4.53374 4.53358 
4.52767 4.52792 4.5284 4.5291 4.53003 4.53118 4.53258 4.53421 4.53609 4.53822 4.54061 4.54326 4.54619 4.54939 4.55288 4.55664 4.56069 4.56503 4.56964 4.57453 4.57968 4.58509 4.59074 4.59662 4.6027 4.60897 4.6154 4.62196 4.62862 4.63536 4.64212 4.64889 4.65562 4.66228 4.66882 4.6752 4.68139 4.68735 4.69304 4.69842 4.70346 4.70812 4.71238 4.7162 4.71956 4.72244 4.72481 4.72666 4.72798 4.72876 4.729 4.72869 4.72783 4.72643 4.72451 4.72207 4.71914 4.71573 4.71186 4.70758 4.70289 4.69785 4.69247 4.6868 4.68087 4.67472 4.6684 4.66193 4.65537 4.64874 4.64209 4.63546 4.62887 4.62236 4.61597 4.60972 4.60365 4.59776 4.59209 4.58666 4.58147 4.57655 4.57189 4.56752 4.56343 4.55963 4.55612 4.55289 4.54995 4.54729 4.5449 4.54278 4.54092 4.53932 4.53796 4.53685 4.53598 4.53534 4.53492 4.53473 
4.52887 4.52914 4.52965 4.5304 4.53141 4.53267 4.53418 4.53596 4.53801 4.54034 4.54296 4.54586 4.54906 4.55256 4.55637 4.56048 4.56491 4.56964 4.57468 4.58001 4.58563 4.59152 4.59768 4.60408 4.6107 4.61751 4.6245 4.63162 4.63886 4.64616 4.6535 4.66083 4.66812 4.67532 4.68239 4.68929 4.69598 4.70242 4.70856 4.71436 4.7198 4.72482 4.72941 4.73353 4.73714 4.74024 4.74279 4.74478 4.7462 4.74703 4.74728 4.74694 4.74601 4.7445 4.74243 4.73979 4.73663 4.73294 4.72877 4.72414 4.71909 4.71363 4.70782 4.70169 4.69528 4.68863 4.68179 4.67479 4.66768 4.66049 4.65328 4.64608 4.63893 4.63186 4.62491 4.61812 4.6115 4.60509 4.59891 4.59298 4.58732 4.58194 4.57686 4.57207 4.5676 4.56343 4.55958 4.55604 4.5528 4.54987 4.54724 4.54491 4.54285 4.54108 4.53958 4.53834 4.53737 4.53665 4.53617 4.53595 
4.53015 4.53043 4.53097 4.53179 4.53287 4.53424 4.53589 4.53783 4.54006 4.5426 4.54545 4.54861 4.5521 4.55592 4.56007 4.56456 4.56938 4.57453 4.58001 4.58581 4.59192 4.59832 4.60501 4.61196 4.61914 4.62653 4.63409 4.64181 4.64963 4.65753 4.66546 4.67338 4.68125 4.68902 4.69665 4.70409 4.71129 4.71822 4.72483 4.73107 4.73692 4.74232 4.74724 4.75166 4.75555 4.75887 4.7616 4.76374 4.76526 4.76615 4.76641 4.76604 4.76504 4.76341 4.76117 4.75834 4.75493 4.75097 4.74649 4.7415 4.73606 4.73018 4.72392 4.71732 4.71041 4.70324 4.69585 4.68829 4.68061 4.67285 4.66505 4.65726 4.64952 4.64186 4.63433 4.62696 4.61978 4.61282 4.60611 4.59966 4.59351 4.58765 4.58211 4.57689 4.57201 4.56746 4.56325 4.55937 4.55583 4.55262 4.54973 4.54716 4.5449 4.54295 4.54129 4.53992 4.53884 4.53804 4.5375 4.53724 
4.5315 4.53179 4.53237 4.53325 4.53443 4.53591 4.53769 4.5398 4.54223 4.54499 4.54808 4.55153 4.55532 4.55947 4.56398 4.56885 4.57409 4.57968 4.58563 4.59192 4.59854 4.60548 4.61272 4.62024 4.628 4.63599 4.64416 4.65249 4.66093 4.66945 4.67799 4.68652 4.69499 4.70335 4.71155 4.71954 4.72728 4.73471 4.7418 4.7485 4.75476 4.76055 4.76583 4.77056 4.77471 4.77827 4.78119 4.78347 4.78509 4.78604 4.78632 4.78592 4.78484 4.7831 4.7807 4.77766 4.774 4.76975 4.76494 4.75959 4.75375 4.74744 4.74072 4.73363 4.7262 4.71849 4.71054 4.70241 4.69414 4.68578 4.67737 4.66897 4.66061 4.65235 4.64421 4.63625 4.62848 4.62095 4.61368 4.60669 4.60001 4.59365 4.58763 4.58196 4.57665 4.5717 4.56711 4.56288 4.55902 4.55551 4.55235 4.54954 4.54706 4.54492 4.5431 4.54159 4.5404 4.5395 4.53891 4.53861 
4.53293 4.53323 4.53385 4.53479 4.53606 4.53766 4.5396 4.54188 4.54451 4.5475 4.55086 4.55459 4.55871 4.5632 4.56809 4.57337 4.57904 4.58509 4.59152 4.59832 4.60548 4.61298 4.62079 4.6289 4.63727 4.64587 4.65468 4.66364 4.67272 4.68187 4.69105 4.7002 4.70929 4.71825 4.72704 4.7356 4.74389 4.75184 4.75943 4.76659 4.77328 4.77946 4.78509 4.79014 4.79458 4.79837 4.80148 4.80392 4.80564 4.80665 4.80694 4.80651 4.80535 4.80349 4.80092 4.79767 4.79377 4.78922 4.78408 4.77836 4.77211 4.76536 4.75816 4.75056 4.74261 4.73434 4.72582 4.7171 4.70822 4.69924 4.69021 4.68117 4.67219 4.66329 4.65453 4.64594 4.63757 4.62944 4.62159 4.61404 4.60681 4.59994 4.59342 4.58728 4.58152 4.57614 4.57116 4.56657 4.56237 4.55855 4.55511 4.55204 4.54934 4.54699 4.545 4.54335 4.54203 4.54105 4.54039 4.54005 
4.53442 4.53473 4.5354 4.53641 4.53778 4.5395 4.54159 4.54406 4.5469 4.55014 4.55377 4.55781 4.56225 4.56711 4.57239 4.57809 4.58421 4.59074 4.59768 4.60501 4.61272 4.62079 4.6292 4.63792 4.64691 4.65616 4.66561 4.67522 4.68495 4.69476 4.70459 4.71439 4.7241 4.73368 4.74307 4.75222 4.76106 4.76955 4.77763 4.78526 4.79239 4.79898 4.80497 4.81035 4.81506 4.81909 4.82241 4.82499 4.82682 4.82789 4.82819 4.82773 4.8265 4.82451 4.82177 4.81831 4.81415 4.80931 4.80382 4.79773 4.79106 4.78386 4.77618 4.76807 4.75957 4.75074 4.74163 4.7323 4.7228 4.71319 4.70352 4.69383 4.6842 4.67465 4.66524 4.65602 4.64702 4.63827 4.62982 4.62169 4.61391 4.60649 4.59946 4.59282 4.5866 4.58079 4.5754 4.57042 4.56587 4.56172 4.55799 4.55466 4.55172 4.54917 4.54699 4.54519 4.54375 4.54267 4.54194 4.54156 
4.53598 4.53631 4.53702 4.5381 4.53957 4.54143 4.54368 4.54634 4.5494 4.55289 4.55681 4.56116 4.56595 4.57119 4.57687 4.58301 4.58959 4.59662 4.60408 4.61196 4.62024 4.6289 4.63792 4.64726 4.6569 4.6668 4.67691 4.68719 4.6976 4.70807 4.71856 4.72902 4.73938 4.74959 4.75959 4.76932 4.77873 4.78776 4.79635 4.80446 4.81203 4.81902 4.82538 4.83108 4.83608 4.84035 4.84387 4.8466 4.84854 4.84967 4.84999 4.8495 4.84819 4.84607 4.84317 4.83949 4.83507 4.82993 4.8241 4.81762 4.81053 4.80288 4.79471 4.78608 4.77703 4.76763 4.75792 4.74797 4.73784 4.72758 4.71725 4.70691 4.6966 4.68639 4.67632 4.66645 4.6568 4.64742 4.63836 4.62963 4.62126 4.61329 4.60573 4.59859 4.59188 4.58562 4.5798 4.57443 4.56951 4.56503 4.56099 4.55738 4.5542 4.55143 4.54907 4.54711 4.54554 4.54436 4.54356 4.54314 
4.5376 4.53795 4.5387 4.53986 4.54144 4.54343 4.54585 4.54871 4.552 4.55575 4.55996 4.56464 4.56979 4.57541 4.58152 4.58811 4.59517 4.6027 4.6107 4.61914 4.628 4.63727 4.64691 4.6569 4.6672 4.67776 4.68855 4.69951 4.7106 4.72175 4.73292 4.74404 4.75505 4.7659 4.77651 4.78684 4.79682 4.80639 4.8155 4.82409 4.83211 4.8395 4.84624 4.85227 4.85756 4.86207 4.86578 4.86867 4.87072 4.87191 4.87224 4.87172 4.87033 4.86809 4.86502 4.86113 4.85644 4.851 4.84483 4.83796 4.83045 4.82234 4.81368 4.80452 4.79492 4.78493 4.77462 4.76405 4.75327 4.74236 4.73136 4.72034 4.70936 4.69847 4.68773 4.67718 4.66688 4.65686 4.64716 4.63782 4.62886 4.62032 4.6122 4.60454 4.59734 4.59061 4.58436 4.57858 4.57329 4.56846 4.56411 4.56021 4.55677 4.55378 4.55123 4.54911 4.54741 4.54612 4.54525 4.54479 
4.53929 4.53965 4.54045 4.54169 4.54337 4.54551 4.5481 4.55116 4.5547 4.55872 4.56323 4.56824 4.57375 4.57978 4.58632 4.59336 4.60092 4.60897 4.61751 4.62653 4.63599 4.64587 4.65616 4.6668 4.67776 4.68901 4.70048 4.71213 4.7239 4.73574 4.74759 4.75938 4.77106 4.78254 4.79378 4.80471 4.81527 4.82538 4.83501 4.84408 4.85254 4.86035 4.86745 4.87381 4.87938 4.88414 4.88805 4.89109 4.89325 4.8945 4.89485 4.89429 4.89282 4.89046 4.88722 4.88311 4.87817 4.87243 4.86591 4.85866 4.85073 4.84215 4.833 4.82331 4.81315 4.80258 4.79166 4.78046 4.76903 4.75745 4.74578 4.73408 4.72242 4.71084 4.69941 4.68819 4.67721 4.66654 4.65619 4.64623 4.63667 4.62754 4.61887 4.61067 4.60297 4.59576 4.58906 4.58287 4.57718 4.572 4.56732 4.56314 4.55944 4.55621 4.55346 4.55117 4.54933 4.54794 4.547 4.54649 
4.54103 4.54141 4.54226 4.54358 4.54537 4.54765 4.55042 4.55369 4.55747 4.56177 4.56659 4.57194 4.57783 4.58426 4.59124 4.59876 4.60682 4.6154 4.6245 4.63409 4.64416 4.65468 4.66561 4.67691 4.68855 4.70048 4.71264 4.72499 4.73746 4.74999 4.76252 4.77499 4.78732 4.79945 4.81132 4.82285 4.83398 4.84464 4.85477 4.86432 4.87323 4.88145 4.88892 4.8956 4.90146 4.90646 4.91057 4.91376 4.91603 4.91734 4.91771 4.91712 4.91557 4.91309 4.90968 4.90536 4.90016 4.89411 4.88725 4.87962 4.87127 4.86223 4.85258 4.84237 4.83165 4.82049 4.80896 4.79713 4.78505 4.77281 4.76046 4.74807 4.73572 4.72345 4.71133 4.69942 4.68777 4.67642 4.66543 4.65483 4.64465 4.63493 4.62569 4.61696 4.60873 4.60104 4.59388 4.58726 4.58118 4.57564 4.57063 4.56614 4.56218 4.55872 4.55576 4.5533 4.55132 4.54982 4.5488 4.54825 
4.54281 4.54321 4.54411 4.54551 4.54743 4.54985 4.55281 4.55629 4.56032 4.56489 4.57003 4.57573 4.582 4.58885 4.59628 4.60428 4.61284 4.62196 4.63162 4.64181 4.65249 4.66364 4.67522 4.68719 4.69951 4.71213 4.72499 4.73803 4.7512 4.76443 4.77764 4.79079 4.80378 4.81655 4.82904 4.84116 4.85286 4.86407 4.87471 4.88474 4.89409 4.90271 4.91054 4.91755 4.92369 4.92893 4.93323 4.93658 4.93895 4.94033 4.94071 4.94009 4.93847 4.93586 4.93228 4.92775 4.9223 4.91596 4.90876 4.90075 4.89197 4.88249 4.87234 4.8616 4.85033 4.83859 4.82646 4.81399 4.80126 4.78835 4.77533 4.76225 4.7492 4.73624 4.72342 4.71082 4.69849 4.68647 4.67482 4.66358 4.65278 4.64246 4.63265 4.62336 4.61462 4.60643 4.59881 4.59176 4.58527 4.57936 4.57401 4.56922 4.56498 4.56128 4.55812 4.55548 4.55336 4.55175 4.55065 4.55005 
4.54464 4.54506 4.54601 4.5475 4.54953 4.55211 4.55524 4.55894 4.56322 4.56809 4.57354 4.5796 4.58626 4.59353 4.6014 4.60988 4.61896 4.62862 4.63886 4.64963 4.66093 4.67272 4.68495 4.6976 4.7106 4.7239 4.73746 4.7512 4.76506 4.77898 4.79288 4.80669 4.82034 4.83375 4.84685 4.85957 4.87184 4.88358 4.89473 4.90522 4.91501 4.92402 4.93222 4.93955 4.94596 4.95144 4.95593 4.95943 4.9619 4.96334 4.96374 4.96309 4.96139 4.95867 4.95493 4.95019 4.94449 4.93785 4.93032 4.92194 4.91275 4.90281 4.89219 4.88093 4.86911 4.85679 4.84405 4.83096 4.81759 4.80401 4.79031 4.77655 4.7628 4.74914 4.73564 4.72234 4.70932 4.69664 4.68432 4.67244 4.66102 4.6501 4.6397 4.62986 4.62059 4.6119 4.60381 4.59632 4.58943 4.58315 4.57746 4.57236 4.56784 4.5639 4.56053 4.55771 4.55545 4.55373 4.55254 4.5519 
4.5465 4.54694 4.54794 4.54951 4.55166 4.55439 4.55772 4.56164 4.56617 4.57133 4.5771 4.58352 4.59057 4.59826 4.60659 4.61556 4.62515 4.63536 4.64616 4.65753 4.66945 4.68187 4.69476 4.70807 4.72175 4.73574 4.74999 4.76443 4.77898 4.79358 4.80816 4.82264 4.83693 4.85097 4.86468 4.87798 4.89081 4.90307 4.91472 4.92568 4.93589 4.94529 4.95384 4.96148 4.96817 4.97387 4.97856 4.9822 4.98478 4.98628 4.98669 4.98601 4.98424 4.9814 4.9775 4.97257 4.96662 4.9597 4.95184 4.94309 4.9335 4.92312 4.91201 4.90025 4.88788 4.875 4.86166 4.84795 4.83394 4.81971 4.80534 4.7909 4.77646 4.76211 4.74791 4.73393 4.72023 4.70687 4.6939 4.68137 4.66932 4.6578 4.64682 4.63642 4.62662 4.61744 4.60888 4.60094 4.59365 4.58698 4.58095 4.57554 4.57074 4.56656 4.56297 4.55998 4.55757 4.55573 4.55447 4.55378 
4.54839 4.54884 4.5499 4.55156 4.55382 4.55671 4.56022 4.56437 4.56916 4.5746 4.5807 4.58747 4.59491 4.60303 4.61181 4.62127 4.63137 4.64212 4.6535 4.66546 4.67799 4.69105 4.70459 4.71856 4.73292 4.74759 4.76252 4.77764 4.79288 4.80816 4.8234 4.83853 4.85347 4.86813 4.88243 4.89631 4.90967 4.92246 4.93459 4.946 4.95663 4.96641 4.9753 4.98325 4.9902 4.99613 5.001 5.00478 5.00746 5.00902 5.00944 5.00874 5.0069 5.00395 4.9999 4.99476 4.98858 4.98138 4.9732 4.96409 4.95411 4.9433 4.93173 4.91946 4.90657 4.89312 4.8792 4.86488 4.85024 4.83537 4.82033 4.80522 4.79011 4.77507 4.76019 4.74552 4.73115 4.71712 4.70349 4.69032 4.67765 4.66553 4.65397 4.64302 4.63269 4.623 4.61397 4.6056 4.59789 4.59085 4.58447 4.57874 4.57367 4.56924 4.56544 4.56227 4.55971 4.55776 4.55642 4.55568 
4.55028 4.55076 4.55187 4.55361 4.556 4.55904 4.56274 4.56711 4.57215 4.57788 4.58431 4.59144 4.59927 4.60781 4.61705 4.62698 4.6376 4.64889 4.66083 4.67338 4.68652 4.7002 4.71439 4.72902 4.74404 4.75938 4.77499 4.79079 4.80669 4.82264 4.83853 4.8543 4.86986 4.88512 4.90001 4.91445 4.92834 4.94163 4.95423 4.96608 4.97712 4.98727 4.99649 5.00473 5.01194 5.01809 5.02314 5.02706 5.02983 5.03145 5.03189 5.03116 5.02926 5.0262 5.022 5.01667 5.01026 5.00279 4.9943 4.98485 4.97448 4.96325 4.95123 4.93848 4.92507 4.91108 4.89658 4.88167 4.86642 4.8509 4.83522 4.81945 4.80367 4.78796 4.7724 4.75706 4.74202 4.72733 4.71306 4.69925 4.68597 4.67324 4.66111 4.64961 4.63875 4.62857 4.61907 4.61026 4.60214 4.59472 4.588 4.58196 4.57661 4.57193 4.56792 4.56457 4.56186 4.5598 4.55838 4.55759 
4.55219 4.55268 4.55384 4.55567 4.55818 4.56138 4.56526 4.56985 4.57515 4.58117 4.58792 4.5954 4.60361 4.61257 4.62226 4.63267 4.6438 4.65562 4.66812 4.68125 4.69499 4.70929 4.7241 4.73938 4.75505 4.77106 4.78732 4.80378 4.82034 4.83693 4.85347 4.86986 4.88602 4.90188 4.91733 4.93231 4.94672 4.96049 4.97355 4.98583 4.99725 5.00776 5.01731 5.02583 5.03329 5.03965 5.04487 5.04892 5.05179 5.05346 5.05391 5.05316 5.0512 5.04803 5.04369 5.03818 5.03155 5.02382 5.01504 5.00525 4.99451 4.98288 4.97041 4.95719 4.94328 4.92876 4.91372 4.89822 4.88237 4.86624 4.84992 4.83351 4.81707 4.80071 4.78448 4.76849 4.75279 4.73745 4.72254 4.70811 4.69422 4.6809 4.66821 4.65616 4.64479 4.63411 4.62414 4.6149 4.60638 4.59858 4.59152 4.58517 4.57954 4.57462 4.5704 4.56687 4.56402 4.56185 4.56035 4.55951 
4.55408 4.55459 4.55581 4.55773 4.56035 4.5637 4.56777 4.57258 4.57813 4.58443 4.59149 4.59932 4.60792 4.61729 4.62742 4.63831 4.64993 4.66228 4.67532 4.68902 4.70335 4.71825 4.73368 4.74959 4.7659 4.78254 4.79945 4.81655 4.83375 4.85097 4.86813 4.88512 4.90188 4.9183 4.9343 4.9498 4.96471 4.97895 4.99245 5.00513 5.01693 5.02779 5.03764 5.04644 5.05413 5.06069 5.06608 5.07026 5.07322 5.07494 5.07541 5.07463 5.07261 5.06935 5.06487 5.05919 5.05234 5.04437 5.0353 5.02519 5.0141 5.00207 4.98919 4.97551 4.96112 4.94609 4.93051 4.91445 4.89802 4.88129 4.86436 4.84732 4.83025 4.81324 4.79637 4.77973 4.76339 4.74742 4.73189 4.71685 4.70236 4.68847 4.67522 4.66263 4.65075 4.63959 4.62917 4.61949 4.61057 4.60241 4.59501 4.58836 4.58246 4.5773 4.57287 4.56916 4.56617 4.56388 4.5623 4.56142 
4.55596 4.55649 4.55775 4.55976 4.5625 4.566 4.57025 4.57527 4.58107 4.58765 4.59503 4.6032 4.61217 4.62194 4.6325 4.64385 4.65596 4.66882 4.68239 4.69665 4.71155 4.72704 4.74307 4.75959 4.77651 4.79378 4.81132 4.82904 4.84685 4.86468 4.88243 4.90001 4.91733 4.9343 4.95083 4.96683 4.98222 4.99691 5.01083 5.0239 5.03606 5.04724 5.05739 5.06645 5.07437 5.08112 5.08666 5.09096 5.09401 5.09578 5.09627 5.09547 5.09339 5.09004 5.08543 5.07958 5.07254 5.06432 5.05499 5.04457 5.03314 5.02075 5.00746 4.99335 4.97849 4.96297 4.94687 4.93028 4.91328 4.89598 4.87846 4.86081 4.84312 4.82549 4.808 4.79074 4.77378 4.75719 4.74105 4.72542 4.71035 4.69589 4.6821 4.66899 4.65661 4.64498 4.63411 4.62401 4.61471 4.60619 4.59845 4.59151 4.58534 4.57994 4.5753 4.57142 4.56829 4.5659 4.56424 4.56331 
4.5578 4.55835 4.55967 4.56175 4.56461 4.56825 4.57268 4.57791 4.58395 4.59081 4.59849 4.60699 4.61633 4.62649 4.63747 4.64927 4.66185 4.6752 4.68929 4.70409 4.71954 4.7356 4.75222 4.76932 4.78684 4.80471 4.82285 4.84116 4.85957 4.87798 4.89631 4.91445 4.93231 4.9498 4.96683 4.98331 4.99915 5.01427 5.02859 5.04203 5.05453 5.06603 5.07645 5.08576 5.0939 5.10083 5.10652 5.11094 5.11406 5.11588 5.11639 5.11557 5.11343 5.10999 5.10526 5.09926 5.09203 5.08359 5.074 5.0633 5.05154 5.03879 5.02512 5.0106 4.9953 4.97931 4.96272 4.94561 4.92808 4.91022 4.89213 4.8739 4.85563 4.8374 4.81931 4.80144 4.78388 4.7667 4.74997 4.73377 4.71814 4.70314 4.68881 4.6752 4.66233 4.65024 4.63894 4.62844 4.61875 4.60988 4.60183 4.59459 4.58815 4.58253 4.57769 4.57364 4.57037 4.56787 4.56614 4.56517 
4.5596 4.56017 4.56154 4.5637 4.56667 4.57046 4.57506 4.58049 4.58676 4.59388 4.60185 4.61068 4.62037 4.63091 4.6423 4.65452 4.66756 4.68139 4.69598 4.71129 4.72728 4.74389 4.76106 4.77873 4.79682 4.81527 4.83398 4.85286 4.87184 4.89081 4.90967 4.92834 4.94672 4.96471 4.98222 4.99915 5.01542 5.03095 5.04564 5.05944 5.07226 5.08405 5.09474 5.10427 5.11262 5.11972 5.12555 5.13008 5.13328 5.13515 5.13567 5.13483 5.13265 5.12912 5.12428 5.11814 5.11072 5.10208 5.09224 5.08127 5.06921 5.05612 5.04209 5.02717 5.01146 4.99503 4.97797 4.96037 4.94233 4.92395 4.90531 4.88653 4.86769 4.84889 4.83022 4.81178 4.79364 4.77589 4.7586 4.74184 4.72567 4.71015 4.69532 4.68122 4.66789 4.65535 4.64363 4.63273 4.62268 4.61347 4.60511 4.59758 4.5909 4.58505 4.58002 4.57581 4.57241 4.5698 4.568 4.56699 
4.56135 4.56194 4.56335 4.56559 4.56867 4.57259 4.57736 4.58299 4.58948 4.59685 4.60511 4.61425 4.62427 4.63518 4.64695 4.65959 4.67306 4.68735 4.70242 4.71822 4.73471 4.75184 4.76955 4.78776 4.80639 4.82538 4.84464 4.86407 4.88358 4.90307 4.92246 4.94163 4.96049 4.97895 4.99691 5.01427 5.03095 5.04685 5.0619 5.07603 5.08915 5.10122 5.11215 5.12191 5.13044 5.1377 5.14367 5.1483 5.15157 5.15348 5.15401 5.15316 5.15093 5.14733 5.14238 5.1361 5.12852 5.11968 5.10962 5.09839 5.08605 5.07265 5.05828 5.04299 5.02688 5.01003 4.99253 4.97447 4.95595 4.93707 4.91792 4.89861 4.87924 4.8599 4.84068 4.82169 4.80301 4.78471 4.76689 4.7496 4.73292 4.71689 4.70157 4.68701 4.67323 4.66027 4.64814 4.63687 4.62647 4.61693 4.60827 4.60048 4.59355 4.58749 4.58227 4.5779 4.57437 4.57167 4.5698 4.56875 
4.56303 4.56363 4.56509 4.56741 4.57059 4.57464 4.57957 4.58538 4.59209 4.5997 4.60823 4.61766 4.628 4.63925 4.6514 4.66443 4.67832 4.69304 4.70856 4.72483 4.7418 4.75943 4.77763 4.79635 4.8155 4.83501 4.85477 4.87471 4.89473 4.91472 4.93459 4.95423 4.97355 4.99245 5.01083 5.02859 5.04564 5.0619 5.07729 5.09172 5.10513 5.11745 5.12861 5.13857 5.14728 5.15469 5.16078 5.1655 5.16885 5.1708 5.17134 5.17048 5.1682 5.16454 5.15949 5.15308 5.14535 5.13633 5.12606 5.11459 5.10198 5.08829 5.0736 5.05797 5.04149 5.02425 5.00634 4.98785 4.96888 4.94952 4.92989 4.91009 4.89021 4.87036 4.85063 4.83112 4.81192 4.79311 4.77478 4.75699 4.73982 4.72332 4.70754 4.69254 4.67833 4.66497 4.65246 4.64083 4.63009 4.62025 4.6113 4.60325 4.5961 4.58982 4.58443 4.57992 4.57626 4.57347 4.57153 4.57044 
4.56463 4.56525 4.56675 4.56914 4.57242 4.57659 4.58166 4.58765 4.59457 4.60241 4.61118 4.6209 4.63154 4.64312 4.65562 4.66902 4.68329 4.69842 4.71436 4.73107 4.7485 4.76659 4.78526 4.80446 4.82409 4.84408 4.86432 4.88474 4.90522 4.92568 4.946 4.96608 4.98583 5.00513 5.0239 5.04203 5.05944 5.07603 5.09172 5.10644 5.12011 5.13266 5.14404 5.15418 5.16306 5.17061 5.1768 5.18162 5.18503 5.18702 5.18757 5.18669 5.18438 5.18065 5.17551 5.16899 5.16112 5.15193 5.14146 5.12977 5.11692 5.10296 5.08798 5.07203 5.05521 5.03761 5.01931 5.00042 4.98103 4.96124 4.94116 4.92089 4.90054 4.88021 4.86 4.84001 4.82033 4.80104 4.78223 4.76398 4.74634 4.7294 4.71319 4.69776 4.68316 4.66942 4.65655 4.64459 4.63353 4.62339 4.61418 4.60589 4.59851 4.59205 4.58649 4.58183 4.57806 4.57518 4.57318 4.57205 
4.56613 4.56677 4.56832 4.57077 4.57414 4.57842 4.58364 4.5898 4.5969 4.60495 4.61396 4.62394 4.63487 4.64675 4.65957 4.67331 4.68795 4.70346 4.7198 4.73692 4.75476 4.77328 4.79239 4.81203 4.83211 4.85254 4.87323 4.89409 4.91501 4.93589 4.95663 4.97712 4.99725 5.01693 5.03606 5.05453 5.07226 5.08915 5.10513 5.12011 5.13401 5.14678 5.15835 5.16867 5.17769 5.18537 5.19167 5.19657 5.20003 5.20206 5.20262 5.20173 5.19939 5.1956 5.19038 5.18375 5.17575 5.16641 5.15576 5.14388 5.1308 5.1166 5.10134 5.0851 5.06797 5.05003 5.03138 5.01212 4.99234 4.97215 4.95166 4.93096 4.91018 4.88941 4.86875 4.84831 4.82817 4.80844 4.78919 4.7705 4.75244 4.73508 4.71847 4.70266 4.68769 4.67359 4.66039 4.6481 4.63675 4.62635 4.61688 4.60836 4.60078 4.59414 4.58842 4.58363 4.57976 4.57679 4.57473 4.57357 
4.56754 4.5682 4.56978 4.57229 4.57574 4.58013 4.58548 4.59179 4.59906 4.60731 4.61655 4.62676 4.63795 4.65011 4.66323 4.67729 4.69227 4.70812 4.72482 4.74232 4.76055 4.77946 4.79898 4.81902 4.8395 4.86035 4.88145 4.90271 4.92402 4.94529 4.96641 4.98727 5.00776 5.02779 5.04724 5.06603 5.08405 5.10122 5.11745 5.13266 5.14678 5.15975 5.1715 5.18197 5.19113 5.19892 5.20531 5.21028 5.2138 5.21586 5.21643 5.21553 5.21316 5.20931 5.20402 5.1973 5.18918 5.1797 5.1689 5.15683 5.14355 5.12912 5.11362 5.09712 5.0797 5.06146 5.04249 5.02289 5.00275 4.9822 4.96132 4.94024 4.91906 4.89788 4.87682 4.85596 4.83542 4.81527 4.79562 4.77653 4.75808 4.74034 4.72336 4.70719 4.69187 4.67745 4.66394 4.65137 4.63974 4.62908 4.61939 4.61066 4.60289 4.59608 4.59022 4.58531 4.58133 4.57829 4.57618 4.57499 
4.56883 4.5695 4.57112 4.57368 4.57721 4.5817 4.58717 4.59361 4.60105 4.60948 4.61891 4.62934 4.64077 4.65319 4.66658 4.68093 4.69621 4.71238 4.72941 4.74724 4.76583 4.78509 4.80497 4.82538 4.84624 4.86745 4.88892 4.91054 4.93222 4.95384 4.9753 4.99649 5.01731 5.03764 5.05739 5.07645 5.09474 5.11215 5.12861 5.14404 5.15835 5.1715 5.1834 5.19402 5.20329 5.21119 5.21767 5.2227 5.22627 5.22835 5.22894 5.22803 5.22563 5.22174 5.21638 5.20957 5.20135 5.19174 5.1808 5.16857 5.1551 5.14048 5.12475 5.10802 5.09034 5.07183 5.05257 5.03266 5.01221 4.99132 4.97011 4.94867 4.92713 4.90559 4.88415 4.86293 4.84201 4.8215 4.80147 4.78202 4.76322 4.74513 4.72781 4.71132 4.6957 4.68097 4.66718 4.65435 4.64248 4.63159 4.62168 4.61276 4.60482 4.59786 4.59187 4.58685 4.58278 4.57967 4.57751 4.57629 
4.57 4.57068 4.57233 4.57495 4.57854 4.58312 4.58869 4.59526 4.60284 4.61143 4.62104 4.63167 4.64331 4.65595 4.66959 4.68419 4.69974 4.7162 4.73353 4.75166 4.77056 4.79014 4.81035 4.83108 4.85227 4.87381 4.8956 4.91755 4.93955 4.96148 4.98325 5.00473 5.02583 5.04644 5.06645 5.08576 5.10427 5.12191 5.13857 5.15418 5.16867 5.18197 5.19402 5.20476 5.21414 5.22212 5.22868 5.23377 5.23738 5.23949 5.24008 5.23917 5.23674 5.23281 5.22739 5.22051 5.21219 5.20248 5.19141 5.17904 5.16541 5.15061 5.13469 5.11774 5.09984 5.08109 5.06157 5.04139 5.02066 4.99948 4.97796 4.95621 4.93435 4.91249 4.89072 4.86917 4.84792 4.82707 4.80672 4.78695 4.76783 4.74943 4.73181 4.71503 4.69913 4.68414 4.6701 4.65703 4.64494 4.63384 4.62375 4.61466 4.60656 4.59947 4.59336 4.58824 4.58409 4.58092 4.57871 4.57747 
4.57104 4.57173 4.5734 4.57606 4.57972 4.58437 4.59004 4.59672 4.60442 4.61315 4.62292 4.63372 4.64554 4.65839 4.67224 4.68707 4.70286 4.71956 4.73714 4.75555 4.77471 4.79458 4.81506 4.83608 4.85756 4.87938 4.90146 4.92369 4.94596 4.96817 4.9902 5.01194 5.03329 5.05413 5.07437 5.0939 5.11262 5.13044 5.14728 5.16306 5.17769 5.19113 5.20329 5.21414 5.22361 5.23168 5.2383 5.24344 5.24708 5.24921 5.24982 5.24889 5.24645 5.24248 5.23701 5.23007 5.22167 5.21186 5.20069 5.18819 5.17442 5.15947 5.14338 5.12625 5.10815 5.08919 5.06945 5.04904 5.02806 5.00662 4.98484 4.96282 4.94068 4.91853 4.89648 4.87463 4.8531 4.83196 4.81133 4.79127 4.77188 4.75321 4.73533 4.71829 4.70215 4.68693 4.67267 4.65939 4.64711 4.63583 4.62557 4.61633 4.6081 4.60089 4.59468 4.58947 4.58525 4.58202 4.57977 4.57851 
4.57193 4.57263 4.57433 4.57703 4.58073 4.58546 4.5912 4.59797 4.60578 4.61464 4.62453 4.63548 4.64746 4.66048 4.67451 4.68953 4.70552 4.72244 4.74024 4.75887 4.77827 4.79837 4.81909 4.84035 4.86207 4.88414 4.90646 4.92893 4.95144 4.97387 4.99613 5.01809 5.03965 5.06069 5.08112 5.10083 5.11972 5.1377 5.15469 5.17061 5.18537 5.19892 5.21119 5.22212 5.23168 5.23981 5.24648 5.25167 5.25534 5.25749 5.2581 5.25717 5.25471 5.25071 5.2452 5.2382 5.22974 5.21985 5.20858 5.19598 5.1821 5.16701 5.15078 5.13349 5.11523 5.09609 5.07616 5.05555 5.03436 5.01271 4.9907 4.96845 4.94607 4.92368 4.90139 4.8793 4.85752 4.83614 4.81526 4.79497 4.77533 4.75644 4.73834 4.72108 4.70473 4.68932 4.67487 4.66141 4.64897 4.63754 4.62714 4.61777 4.60943 4.60211 4.59581 4.59053 4.58625 4.58297 4.58069 4.57941 
4.57268 4.57339 4.5751 4.57783 4.58158 4.58636 4.59216 4.59901 4.60691 4.61586 4.62587 4.63694 4.64905 4.66221 4.67639 4.69157 4.70772 4.72481 4.74279 4.7616 4.78119 4.80148 4.82241 4.84387 4.86578 4.88805 4.91057 4.93323 4.95593 4.97856 5.001 5.02314 5.04487 5.06608 5.08666 5.10652 5.12555 5.14367 5.16078 5.1768 5.19167 5.20531 5.21767 5.22868 5.2383 5.24648 5.2532 5.25842 5.26212 5.26428 5.2649 5.26397 5.26149 5.25747 5.25192 5.24488 5.23636 5.22641 5.21506 5.20237 5.18839 5.1732 5.15685 5.13944 5.12104 5.10175 5.08167 5.06089 5.03953 5.0177 4.99551 4.97308 4.95051 4.92792 4.90543 4.88314 4.86115 4.83958 4.8185 4.79801 4.77818 4.7591 4.74081 4.72339 4.70687 4.69129 4.67669 4.66309 4.6505 4.63895 4.62844 4.61896 4.61053 4.60312 4.59675 4.59141 4.58708 4.58377 4.58146 4.58016 
4.57327 4.57399 4.57572 4.57847 4.58225 4.58707 4.59293 4.59984 4.6078 4.61683 4.62693 4.63808 4.6503 4.66356 4.67786 4.69316 4.70944 4.72666 4.74478 4.76374 4.78347 4.80392 4.82499 4.8466 4.86867 4.89109 4.91376 4.93658 4.95943 4.9822 5.00478 5.02706 5.04892 5.07026 5.09096 5.11094 5.13008 5.1483 5.1655 5.18162 5.19657 5.21028 5.2227 5.23377 5.24344 5.25167 5.25842 5.26367 5.26739 5.26956 5.27018 5.26925 5.26676 5.26272 5.25715 5.25007 5.2415 5.2315 5.22009 5.20733 5.19328 5.178 5.16157 5.14405 5.12555 5.10615 5.08594 5.06504 5.04355 5.02159 4.99925 4.97667 4.95395 4.93121 4.90857 4.88612 4.86398 4.84225 4.82102 4.80038 4.7804 4.76117 4.74275 4.72519 4.70853 4.69283 4.67811 4.6644 4.65171 4.64006 4.62946 4.6199 4.61139 4.60393 4.5975 4.59211 4.58774 4.5844 4.58207 4.58076 
4.5737 4.57442 4.57617 4.57894 4.58274 4.58759 4.59348 4.60043 4.60845 4.61753 4.62768 4.63891 4.65119 4.66453 4.67891 4.6943 4.71067 4.72798 4.7462 4.76526 4.78509 4.80564 4.82682 4.84854 4.87072 4.89325 4.91603 4.93895 4.9619 4.98478 5.00746 5.02983 5.05179 5.07322 5.09401 5.11406 5.13328 5.15157 5.16885 5.18503 5.20003 5.2138 5.22627 5.23738 5.24708 5.25534 5.26212 5.26739 5.27112 5.2733 5.27393 5.27299 5.27049 5.26644 5.26085 5.25374 5.24515 5.23511 5.22366 5.21085 5.19674 5.1814 5.1649 5.14732 5.12874 5.10926 5.08897 5.06798 5.0464 5.02433 5.0019 4.97921 4.95639 4.93354 4.91079 4.88823 4.86599 4.84415 4.82281 4.80206 4.78198 4.76265 4.74412 4.72647 4.70972 4.69393 4.67913 4.66534 4.65258 4.64086 4.63019 4.62058 4.61202 4.60451 4.59804 4.59261 4.58822 4.58486 4.58252 4.5812 
4.57398 4.5747 4.57645 4.57923 4.58305 4.58791 4.59383 4.6008 4.60884 4.61796 4.62814 4.6394 4.65173 4.66511 4.67953 4.69497 4.7114 4.72876 4.74703 4.76615 4.78604 4.80665 4.82789 4.84967 4.87191 4.8945 4.91734 4.94033 4.96334 4.98628 5.00902 5.03145 5.05346 5.07494 5.09578 5.11588 5.13515 5.15348 5.1708 5.18702 5.20206 5.21586 5.22835 5.23949 5.24921 5.25749 5.26428 5.26956 5.2733 5.27549 5.27612 5.27518 5.27267 5.26861 5.26301 5.25589 5.24728 5.23721 5.22574 5.2129 5.19876 5.18338 5.16684 5.14922 5.13059 5.11106 5.09072 5.06968 5.04805 5.02592 5.00343 4.98069 4.9578 4.9349 4.91208 4.88946 4.86715 4.84525 4.82385 4.80304 4.78291 4.76352 4.74493 4.72722 4.71043 4.69459 4.67974 4.6659 4.6531 4.64134 4.63064 4.62099 4.6124 4.60486 4.59838 4.59293 4.58852 4.58514 4.58279 4.58147 
