0.958212 0.958619 0.959013 0.959386 0.959732 0.960045 0.960324 0.960567 0.960775 0.960949 0.961092 0.961207 0.961298 0.961369 0.961423 0.961463 0.961493 0.961515 0.96153 0.961541 0.961548 0.961554 0.961557 0.96156 0.961562 0.961564 0.961566 0.961568 0.961571 0.961574 0.961578 0.961582 0.961587 0.961593 0.9616 0.961608 0.961617 0.961627 0.961638 0.961649 0.961661 0.961673 0.961685 0.961697 0.961708 0.961718 0.961727 0.961735 0.961742 0.961747 0.961749 0.96175 0.961749 0.961747 0.961742 0.961736 0.961728 0.961719 0.961709 0.961698 0.961686 0.961674 0.961663 0.961651 0.96164 0.96163 0.96162 0.961611 0.961604 0.961597 0.96159 0.961585 0.961581 0.961577 0.961574 0.961572 0.96157 0.961569 0.96157 0.961571 0.961575 0.961581 0.961592 0.961607 0.96163 0.961663 0.96171 0.961772 0.961856 0.961965 0.962102 0.962272 0.962478 0.962721 0.963001 0.963316 0.963664 0.964039 0.964435 0.964842 
0.958619 0.959027 0.959421 0.959794 0.960139 0.960452 0.960731 0.960974 0.961182 0.961356 0.961498 0.961614 0.961705 0.961776 0.96183 0.96187 0.9619 0.961922 0.961937 0.961948 0.961955 0.96196 0.961964 0.961967 0.961969 0.96197 0.961972 0.961974 0.961976 0.961978 0.961981 0.961985 0.961989 0.961995 0.962001 0.962008 0.962016 0.962025 0.962034 0.962045 0.962055 0.962067 0.962078 0.962089 0.962099 0.962109 0.962118 0.962125 0.962131 0.962136 0.962138 0.962139 0.962139 0.962136 0.962132 0.962126 0.962118 0.96211 0.962101 0.96209 0.96208 0.962069 0.962058 0.962048 0.962037 0.962028 0.962019 0.962011 0.962004 0.961998 0.961993 0.961988 0.961984 0.961981 0.961979 0.961977 0.961976 0.961975 0.961976 0.961978 0.961982 0.961988 0.961998 0.962014 0.962037 0.96207 0.962117 0.96218 0.962263 0.962372 0.96251 0.96268 0.962885 0.963128 0.963408 0.963723 0.964071 0.964446 0.964841 0.965249 
0.959013 0.959421 0.959815 0.960187 0.960532 0.960846 0.961124 0.961367 0.961575 0.961749 0.961892 0.962007 0.962098 0.962169 0.962223 0.962263 0.962293 0.962315 0.96233 0.962341 0.962349 0.962354 0.962357 0.96236 0.962362 0.962364 0.962366 0.962367 0.96237 0.962372 0.962376 0.96238 0.962385 0.962391 0.962399 0.962407 0.962417 0.962428 0.962439 0.962452 0.962465 0.962479 0.962492 0.962506 0.962519 0.962531 0.962541 0.962551 0.962558 0.962564 0.962567 0.962568 0.962567 0.962564 0.962558 0.962551 0.962542 0.962531 0.962519 0.962507 0.962494 0.96248 0.962467 0.962454 0.962442 0.962431 0.96242 0.962411 0.962402 0.962395 0.962389 0.962383 0.962379 0.962375 0.962373 0.962371 0.962369 0.962369 0.962369 0.962371 0.962375 0.962381 0.962392 0.962407 0.962431 0.962464 0.96251 0.962573 0.962657 0.962766 0.962903 0.963073 0.963279 0.963521 0.963801 0.964117 0.964464 0.964839 0.965234 0.965642 
0.959386 0.959794 0.960187 0.96056 0.960905 0.961218 0.961497 0.96174 0.961947 0.962121 0.962264 0.962379 0.96247 0.962541 0.962595 0.962636 0.962666 0.962687 0.962703 0.962713 0.962721 0.962726 0.96273 0.962733 0.962735 0.962737 0.96274 0.962742 0.962746 0.96275 0.962755 0.962761 0.962769 0.962778 0.962789 0.962802 0.962816 0.962833 0.96285 0.962869 0.962889 0.96291 0.96293 0.96295 0.962969 0.962987 0.963003 0.963017 0.963027 0.963035 0.96304 0.963041 0.963039 0.963034 0.963026 0.963014 0.963001 0.962985 0.962967 0.962948 0.962928 0.962908 0.962888 0.962869 0.962851 0.962834 0.962819 0.962805 0.962792 0.962782 0.962772 0.962765 0.962758 0.962753 0.962749 0.962746 0.962744 0.962743 0.962743 0.962744 0.962748 0.962754 0.962764 0.96278 0.962803 0.962836 0.962883 0.962946 0.96303 0.963138 0.963276 0.963446 0.963651 0.963894 0.964174 0.964489 0.964837 0.965211 0.965606 0.966013 
0.959732 0.960139 0.960532 0.960905 0.96125 0.961563 0.961842 0.962084 0.962292 0.962466 0.962609 0.962724 0.962815 0.962886 0.96294 0.962981 0.963011 0.963032 0.963048 0.963059 0.963067 0.963072 0.963076 0.963079 0.963082 0.963085 0.963089 0.963093 0.963099 0.963105 0.963114 0.963125 0.963138 0.963154 0.963172 0.963193 0.963218 0.963244 0.963274 0.963305 0.963337 0.963371 0.963404 0.963436 0.963467 0.963496 0.963521 0.963543 0.96356 0.963572 0.96358 0.963581 0.963578 0.963568 0.963554 0.963536 0.963513 0.963487 0.963458 0.963427 0.963395 0.963362 0.96333 0.963299 0.963269 0.963242 0.963216 0.963194 0.963174 0.963156 0.963141 0.963128 0.963118 0.963109 0.963103 0.963097 0.963094 0.963091 0.96309 0.963091 0.963094 0.9631 0.96311 0.963126 0.963149 0.963182 0.963228 0.963291 0.963375 0.963483 0.963621 0.963791 0.963997 0.964239 0.964519 0.964834 0.965182 0.965556 0.965951 0.966358 
0.960045 0.960452 0.960846 0.961218 0.961563 0.961876 0.962155 0.962398 0.962605 0.962779 0.962922 0.963037 0.963128 0.963199 0.963254 0.963294 0.963324 0.963346 0.963361 0.963373 0.963381 0.963387 0.963391 0.963395 0.9634 0.963404 0.96341 0.963418 0.963427 0.963439 0.963454 0.963473 0.963496 0.963523 0.963555 0.963591 0.963632 0.963677 0.963726 0.963778 0.963833 0.963888 0.963943 0.963997 0.964048 0.964094 0.964136 0.96417 0.964198 0.964217 0.964228 0.96423 0.964223 0.964208 0.964184 0.964153 0.964115 0.964071 0.964023 0.963972 0.963918 0.963864 0.963811 0.96376 0.96371 0.963665 0.963623 0.963585 0.963551 0.963522 0.963497 0.963475 0.963458 0.963443 0.963432 0.963423 0.963416 0.963411 0.963409 0.963408 0.96341 0.963415 0.963425 0.96344 0.963463 0.963495 0.963542 0.963605 0.963688 0.963797 0.963935 0.964105 0.96431 0.964553 0.964832 0.965148 0.965495 0.96587 0.966264 0.966671 
0.960324 0.960731 0.961124 0.961497 0.961842 0.962155 0.962433 0.962676 0.962884 0.963058 0.9632 0.963316 0.963407 0.963478 0.963532 0.963573 0.963603 0.963625 0.963641 0.963652 0.963661 0.963668 0.963673 0.963679 0.963686 0.963694 0.963704 0.963717 0.963733 0.963755 0.963781 0.963813 0.963852 0.963899 0.963953 0.964014 0.964083 0.964159 0.964241 0.964327 0.964417 0.964508 0.964598 0.964686 0.964768 0.964844 0.96491 0.964966 0.96501 0.96504 0.965057 0.965059 0.965046 0.96502 0.96498 0.964929 0.964866 0.964794 0.964715 0.964631 0.964543 0.964455 0.964367 0.964282 0.964201 0.964126 0.964056 0.963993 0.963937 0.963889 0.963847 0.963811 0.963781 0.963757 0.963737 0.963722 0.96371 0.963701 0.963696 0.963693 0.963693 0.963697 0.963706 0.96372 0.963742 0.963775 0.963821 0.963884 0.963967 0.964076 0.964214 0.964384 0.964589 0.964832 0.965111 0.965426 0.965774 0.966148 0.966543 0.96695 
0.960567 0.960974 0.961367 0.96174 0.962084 0.962398 0.962676 0.962919 0.963126 0.9633 0.963443 0.963559 0.96365 0.963721 0.963775 0.963816 0.963846 0.963869 0.963885 0.963897 0.963907 0.963915 0.963923 0.963931 0.963942 0.963955 0.963973 0.963995 0.964024 0.96406 0.964106 0.964161 0.964227 0.964305 0.964395 0.964497 0.964611 0.964736 0.964869 0.96501 0.965155 0.965302 0.965447 0.965587 0.965718 0.965838 0.965943 0.966031 0.966099 0.966146 0.966171 0.966173 0.966151 0.966108 0.966043 0.965959 0.965857 0.965741 0.965614 0.965478 0.965337 0.965195 0.965053 0.964916 0.964785 0.964662 0.964549 0.964446 0.964355 0.964275 0.964206 0.964148 0.964099 0.964058 0.964025 0.963999 0.963979 0.963963 0.963953 0.963946 0.963943 0.963945 0.963952 0.963965 0.963987 0.964019 0.964065 0.964127 0.964211 0.964319 0.964457 0.964627 0.964832 0.965075 0.965354 0.96567 0.966017 0.966391 0.966786 0.967193 
0.960775 0.961182 0.961575 0.961947 0.962292 0.962605 0.962884 0.963126 0.963334 0.963508 0.963651 0.963766 0.963858 0.963929 0.963983 0.964024 0.964055 0.964077 0.964095 0.964108 0.964119 0.96413 0.964142 0.964155 0.964173 0.964195 0.964225 0.964263 0.964312 0.964373 0.964449 0.964541 0.96465 0.964778 0.964925 0.965091 0.965275 0.965476 0.96569 0.965914 0.966144 0.966375 0.966603 0.966822 0.967027 0.967213 0.967376 0.967511 0.967615 0.967686 0.967722 0.967722 0.967686 0.967616 0.967513 0.967379 0.967219 0.967036 0.966835 0.966621 0.966399 0.966174 0.96595 0.965732 0.965524 0.965329 0.965149 0.964986 0.964839 0.964711 0.9646 0.964505 0.964425 0.964359 0.964305 0.964262 0.964228 0.964202 0.964183 0.96417 0.964163 0.964161 0.964166 0.964177 0.964198 0.964229 0.964274 0.964336 0.964419 0.964528 0.964665 0.964835 0.96504 0.965283 0.965562 0.965878 0.966225 0.966599 0.966994 0.967401 
0.960949 0.961356 0.961749 0.962121 0.962466 0.962779 0.963058 0.9633 0.963508 0.963682 0.963825 0.96394 0.964032 0.964103 0.964158 0.964199 0.96423 0.964254 0.964272 0.964288 0.964302 0.964317 0.964335 0.964357 0.964386 0.964424 0.964473 0.964537 0.964618 0.964719 0.964843 0.964992 0.965169 0.965375 0.965609 0.965873 0.966164 0.966478 0.966813 0.967161 0.967518 0.967875 0.968225 0.96856 0.968872 0.969154 0.9694 0.969603 0.969758 0.969863 0.969914 0.969911 0.969853 0.969743 0.969583 0.969376 0.969129 0.968847 0.968537 0.968207 0.967865 0.967517 0.967171 0.966834 0.966511 0.966207 0.965926 0.96567 0.965441 0.965239 0.965063 0.964912 0.964785 0.96468 0.964594 0.964524 0.964469 0.964427 0.964395 0.964372 0.964357 0.964349 0.96435 0.964358 0.964376 0.964406 0.96445 0.964512 0.964594 0.964702 0.96484 0.96501 0.965215 0.965457 0.965737 0.966052 0.966399 0.966774 0.967168 0.967575 
0.961092 0.961498 0.961892 0.962264 0.962609 0.962922 0.9632 0.963443 0.963651 0.963825 0.963968 0.964084 0.964175 0.964247 0.964302 0.964344 0.964376 0.964401 0.964422 0.964441 0.96446 0.964482 0.96451 0.964546 0.964593 0.964656 0.964737 0.964841 0.964973 0.965135 0.965334 0.965571 0.96585 0.966173 0.966539 0.966948 0.967397 0.96788 0.96839 0.96892 0.969459 0.969997 0.970522 0.971023 0.971488 0.971907 0.97227 0.972568 0.972795 0.972946 0.973017 0.973008 0.972917 0.972748 0.972505 0.972193 0.97182 0.971396 0.97093 0.970433 0.969916 0.969391 0.968868 0.968356 0.967866 0.967404 0.966974 0.966582 0.96623 0.965918 0.965646 0.965412 0.965214 0.965049 0.964914 0.964804 0.964716 0.964648 0.964596 0.964557 0.964531 0.964515 0.964508 0.964512 0.964527 0.964554 0.964597 0.964657 0.964739 0.964847 0.964984 0.965153 0.965359 0.965601 0.96588 0.966196 0.966543 0.966917 0.967312 0.967719 
0.961207 0.961614 0.962007 0.962379 0.962724 0.963037 0.963316 0.963559 0.963766 0.96394 0.964084 0.964199 0.964291 0.964363 0.964419 0.964462 0.964496 0.964523 0.964548 0.964572 0.9646 0.964634 0.964678 0.964736 0.964813 0.964914 0.965044 0.965211 0.965419 0.965675 0.965986 0.966354 0.966786 0.967281 0.967839 0.968459 0.969135 0.969859 0.970621 0.971408 0.972206 0.972998 0.973768 0.974499 0.975176 0.975783 0.976307 0.976735 0.97706 0.977273 0.97737 0.977349 0.97721 0.976958 0.976598 0.976139 0.97559 0.974966 0.97428 0.973548 0.972786 0.972011 0.971237 0.970479 0.96975 0.969061 0.968419 0.967832 0.967301 0.96683 0.966418 0.966062 0.96576 0.965506 0.965297 0.965127 0.964991 0.964884 0.964801 0.964739 0.964694 0.964664 0.964648 0.964645 0.964654 0.964678 0.964718 0.964776 0.964857 0.964964 0.9651 0.96527 0.965475 0.965717 0.965996 0.966311 0.966659 0.967033 0.967428 0.967835 
0.961298 0.961705 0.962098 0.96247 0.962815 0.963128 0.963407 0.96365 0.963858 0.964032 0.964175 0.964291 0.964383 0.964456 0.964513 0.964558 0.964594 0.964626 0.964657 0.964691 0.964731 0.964784 0.964853 0.964945 0.965068 0.965227 0.965433 0.965693 0.966016 0.966411 0.966886 0.967446 0.968097 0.968839 0.969672 0.970591 0.971587 0.972649 0.97376 0.974902 0.976054 0.977194 0.978298 0.979342 0.980305 0.981165 0.981904 0.982506 0.982959 0.983253 0.983381 0.983343 0.983137 0.982771 0.982251 0.981589 0.980801 0.979903 0.978917 0.977864 0.976766 0.975646 0.974526 0.973427 0.972367 0.971361 0.970422 0.969559 0.968777 0.96808 0.967467 0.966937 0.966484 0.966103 0.965786 0.965528 0.96532 0.965156 0.965028 0.96493 0.964859 0.964808 0.964777 0.964762 0.964764 0.964782 0.964817 0.964873 0.964952 0.965058 0.965193 0.965362 0.965567 0.965809 0.966088 0.966403 0.966751 0.967125 0.967519 0.967926 
0.961369 0.961776 0.962169 0.962541 0.962886 0.963199 0.963478 0.963721 0.963929 0.964103 0.964247 0.964363 0.964456 0.96453 0.964588 0.964636 0.964677 0.964716 0.964756 0.964805 0.964866 0.964947 0.965055 0.965199 0.96539 0.965637 0.965954 0.966351 0.966842 0.967437 0.968147 0.96898 0.96994 0.971029 0.972244 0.973575 0.97501 0.976531 0.978115 0.979736 0.981364 0.982967 0.984513 0.985971 0.98731 0.988501 0.989521 0.990349 0.990967 0.991363 0.99153 0.991465 0.991169 0.990649 0.989916 0.988985 0.987878 0.986618 0.985231 0.983749 0.982201 0.98062 0.979035 0.977475 0.975965 0.974528 0.973182 0.97194 0.970812 0.969801 0.968909 0.968133 0.967467 0.966905 0.966436 0.966052 0.965741 0.965493 0.965299 0.96515 0.965039 0.964958 0.964904 0.964873 0.964862 0.964872 0.964901 0.964953 0.965029 0.965132 0.965267 0.965435 0.965639 0.965881 0.96616 0.966475 0.966822 0.967196 0.967591 0.967998 
0.961423 0.96183 0.962223 0.962595 0.96294 0.963254 0.963532 0.963775 0.963983 0.964158 0.964302 0.964419 0.964513 0.964588 0.96465 0.964702 0.96475 0.964799 0.964855 0.964926 0.965018 0.965143 0.965309 0.965531 0.965822 0.966198 0.966674 0.967269 0.967997 0.968875 0.969914 0.971125 0.972512 0.974074 0.975805 0.977692 0.979714 0.981846 0.984055 0.986304 0.988552 0.990757 0.992876 0.994865 0.996685 0.998299 0.999676 1.00079 1.00161 1.00214 1.00235 1.00225 1.00183 1.00111 1.0001 0.998824 0.997304 0.995573 0.993668 0.991628 0.989495 0.987309 0.985113 0.982945 0.980841 0.978831 0.976941 0.97519 0.973593 0.972156 0.970883 0.96977 0.968812 0.967998 0.967317 0.966755 0.966298 0.965932 0.965644 0.965421 0.965252 0.965128 0.965041 0.964986 0.964957 0.964954 0.964975 0.96502 0.965092 0.965192 0.965325 0.965491 0.965695 0.965936 0.966215 0.966529 0.966877 0.967251 0.967645 0.968052 
0.961463 0.96187 0.962263 0.962636 0.962981 0.963294 0.963573 0.963816 0.964024 0.964199 0.964344 0.964462 0.964558 0.964636 0.964702 0.964761 0.96482 0.964885 0.964965 0.965069 0.965208 0.965396 0.965648 0.965982 0.966418 0.966976 0.967679 0.968549 0.969608 0.970875 0.972364 0.974087 0.976046 0.978239 0.980654 0.98327 0.986058 0.98898 0.991993 0.995045 0.998083 1.00105 1.00389 1.00654 1.00896 1.0111 1.01292 1.01438 1.01546 1.01614 1.0164 1.01625 1.01568 1.01471 1.01335 1.01164 1.0096 1.00727 1.00471 1.00197 0.999089 0.996133 0.993155 0.990205 0.987333 0.984579 0.981979 0.97956 0.977344 0.975342 0.973559 0.971994 0.97064 0.969484 0.968512 0.967707 0.967049 0.966519 0.966099 0.965772 0.965523 0.965336 0.965203 0.965112 0.965058 0.965036 0.965043 0.965079 0.965145 0.965241 0.965371 0.965535 0.965738 0.965978 0.966256 0.966571 0.966918 0.967292 0.967686 0.968093 
0.961493 0.9619 0.962293 0.962666 0.963011 0.963324 0.963603 0.963846 0.964055 0.96423 0.964376 0.964496 0.964594 0.964677 0.96475 0.96482 0.964895 0.964985 0.965099 0.965252 0.965459 0.965739 0.966114 0.966607 0.967245 0.968058 0.969074 0.970322 0.971829 0.973618 0.975707 0.978106 0.980816 0.98383 0.987126 0.990676 0.994437 0.998358 1.00238 1.00643 1.01045 1.01435 1.01807 1.02154 1.02469 1.02746 1.02981 1.03169 1.03307 1.03393 1.03425 1.03403 1.03327 1.03199 1.03021 1.02796 1.02528 1.02224 1.01887 1.01525 1.01145 1.00754 1.00359 0.999656 0.995814 0.992116 0.98861 0.985336 0.982321 0.979585 0.977136 0.974977 0.973099 0.971488 0.970127 0.968993 0.968062 0.967309 0.966708 0.966238 0.965876 0.965603 0.965404 0.965264 0.965174 0.965125 0.965114 0.965137 0.965193 0.965283 0.965408 0.96557 0.965771 0.96601 0.966288 0.966602 0.966948 0.967322 0.967717 0.968124 
0.961515 0.961922 0.962315 0.962687 0.963032 0.963346 0.963625 0.963869 0.964077 0.964254 0.964401 0.964523 0.964626 0.964716 0.964799 0.964885 0.964985 0.965109 0.965274 0.965498 0.965802 0.966211 0.966757 0.96747 0.968388 0.969547 0.970985 0.972738 0.974839 0.977315 0.980185 0.983457 0.987128 0.991183 0.99559 1.00031 1.00527 1.01042 1.01568 1.02094 1.02614 1.03117 1.03594 1.04036 1.04437 1.04789 1.05086 1.05323 1.05496 1.05603 1.05641 1.05611 1.05512 1.05347 1.05119 1.0483 1.04487 1.04096 1.03663 1.03197 1.02706 1.02199 1.01684 1.01171 1.00668 1.00181 0.997178 0.992829 0.988806 0.985137 0.981838 0.978914 0.976357 0.974153 0.972281 0.970714 0.96942 0.968368 0.967525 0.966861 0.966346 0.965955 0.965665 0.965457 0.965316 0.965231 0.965194 0.965198 0.965241 0.965322 0.965441 0.965599 0.965797 0.966035 0.966311 0.966624 0.966971 0.967344 0.967739 0.968146 
0.96153 0.961937 0.96233 0.962703 0.963048 0.963361 0.963641 0.963885 0.964095 0.964272 0.964422 0.964548 0.964657 0.964756 0.964855 0.964965 0.965099 0.965274 0.96551 0.965833 0.966272 0.966861 0.96764 0.968653 0.969945 0.971565 0.97356 0.975973 0.978844 0.982202 0.986065 0.990438 0.99531 1.00065 1.00643 1.01256 1.01899 1.02561 1.03233 1.03903 1.04561 1.05195 1.05794 1.06348 1.06847 1.07284 1.07652 1.07944 1.08156 1.08286 1.08331 1.08291 1.08166 1.07959 1.07672 1.0731 1.0688 1.06389 1.05844 1.05256 1.04634 1.0399 1.03335 1.02679 1.02032 1.01404 1.00803 1.00237 0.997101 0.992274 0.98791 0.984021 0.980603 0.977642 0.975113 0.972984 0.971218 0.969774 0.968611 0.96769 0.966971 0.966421 0.966009 0.965709 0.965499 0.965364 0.96529 0.965268 0.965293 0.965362 0.965473 0.965625 0.965819 0.966054 0.966329 0.966642 0.966987 0.967361 0.967755 0.968161 
0.961541 0.961948 0.962341 0.962713 0.963059 0.963373 0.963652 0.963897 0.964108 0.964288 0.964441 0.964572 0.964691 0.964805 0.964926 0.965069 0.965252 0.965498 0.965833 0.966292 0.966915 0.967746 0.968839 0.970248 0.972032 0.974253 0.976966 0.980223 0.984068 0.988532 0.993629 0.999358 1.0057 1.0126 1.02001 1.02783 1.03597 1.04432 1.05273 1.06109 1.06925 1.07707 1.08444 1.09122 1.09731 1.10263 1.10708 1.11061 1.11317 1.11471 1.11523 1.11472 1.11317 1.11063 1.10711 1.10268 1.0974 1.09136 1.08464 1.07738 1.06968 1.06167 1.05348 1.04525 1.03711 1.02916 1.02152 1.01428 1.00751 1.00127 0.995607 0.990528 0.986041 0.982131 0.978774 0.975933 0.973563 0.971615 0.970039 0.968782 0.967796 0.967037 0.966463 0.96604 0.965738 0.965535 0.965412 0.965355 0.965355 0.965407 0.965506 0.96565 0.965839 0.966071 0.966344 0.966655 0.966999 0.967372 0.967766 0.968172 
0.961548 0.961955 0.962349 0.962721 0.963067 0.963381 0.963661 0.963907 0.964119 0.964302 0.96446 0.9646 0.964731 0.964866 0.965018 0.965208 0.965459 0.965802 0.966272 0.966915 0.967783 0.968934 0.970437 0.97236 0.974779 0.977764 0.981383 0.985696 0.990747 0.996567 1.00316 1.01052 1.01861 1.02735 1.03667 1.04645 1.05656 1.06686 1.0772 1.0874 1.09731 1.10678 1.11565 1.12378 1.13107 1.1374 1.14269 1.14686 1.14987 1.15169 1.15227 1.15163 1.14977 1.14671 1.1425 1.13718 1.13084 1.12357 1.11547 1.10668 1.09732 1.08756 1.07754 1.06742 1.05736 1.04749 1.03796 1.02887 1.02033 1.01242 1.00519 0.998671 0.992881 0.987808 0.983428 0.979699 0.976573 0.973989 0.971887 0.970202 0.968873 0.967842 0.967058 0.966473 0.966051 0.965758 0.965569 0.965465 0.965432 0.96546 0.965544 0.965677 0.965859 0.966086 0.966356 0.966665 0.967009 0.967381 0.967774 0.96818 
0.961554 0.96196 0.962354 0.962726 0.963072 0.963387 0.963668 0.963915 0.96413 0.964317 0.964482 0.964634 0.964784 0.964947 0.965143 0.965396 0.965739 0.966211 0.966861 0.967746 0.968934 0.970501 0.97253 0.975108 0.978323 0.982262 0.987001 0.992604 0.999117 1.00656 1.01494 1.02422 1.03433 1.0452 1.0567 1.06868 1.081 1.09347 1.10591 1.11812 1.12993 1.14115 1.15161 1.16118 1.16971 1.1771 1.18325 1.18809 1.19157 1.19365 1.19431 1.19354 1.19134 1.18775 1.18281 1.17657 1.16911 1.16054 1.15097 1.14055 1.12941 1.11775 1.10572 1.09351 1.08131 1.06928 1.0576 1.0464 1.03582 1.02596 1.01689 1.00868 1.00133 0.99486 0.989239 0.984429 0.980372 0.977001 0.974243 0.97202 0.970257 0.968882 0.967828 0.967037 0.966457 0.966047 0.965773 0.965607 0.96553 0.965528 0.96559 0.965709 0.965881 0.966102 0.966368 0.966674 0.967016 0.967387 0.96778 0.968186 
0.961557 0.961964 0.962357 0.96273 0.963076 0.963391 0.963673 0.963923 0.964142 0.964335 0.96451 0.964678 0.964853 0.965055 0.965309 0.965648 0.966114 0.966757 0.96764 0.968839 0.970437 0.97253 0.975219 0.978612 0.98281 0.987914 0.994006 1.00115 1.0094 1.01875 1.0292 1.04067 1.0531 1.06635 1.08027 1.09469 1.10941 1.12422 1.1389 1.15324 1.16703 1.18006 1.19217 1.20319 1.21298 1.22143 1.22845 1.23395 1.2379 1.24024 1.24097 1.24006 1.23754 1.23342 1.22775 1.22058 1.21199 1.2021 1.19101 1.17889 1.1659 1.15223 1.13806 1.12361 1.10909 1.0947 1.08064 1.06709 1.0542 1.04212 1.03094 1.02075 1.01159 1.00347 0.996374 0.990266 0.985086 0.980758 0.977196 0.974311 0.97201 0.970204 0.968812 0.967759 0.96698 0.96642 0.966036 0.96579 0.965656 0.965614 0.965648 0.965748 0.965908 0.96612 0.96638 0.966683 0.967023 0.967393 0.967785 0.96819 
0.96156 0.961967 0.96236 0.962733 0.963079 0.963395 0.963679 0.963931 0.964155 0.964357 0.964546 0.964736 0.964945 0.965199 0.965531 0.965982 0.966607 0.96747 0.968653 0.970248 0.97236 0.975108 0.978612 0.982997 0.988383 0.99488 1.00257 1.01153 1.02178 1.03333 1.04612 1.06007 1.07506 1.09092 1.10748 1.12451 1.14177 1.15903 1.17604 1.19255 1.20834 1.2232 1.23693 1.24938 1.2604 1.26988 1.27773 1.28387 1.28826 1.29085 1.29164 1.29061 1.28777 1.28315 1.27677 1.2687 1.25902 1.24783 1.23525 1.22144 1.20657 1.19084 1.17447 1.15767 1.1407 1.12379 1.10716 1.09103 1.0756 1.06105 1.0475 1.03507 1.02382 1.0138 1.00498 0.99735 0.990839 0.985368 0.98084 0.977152 0.974194 0.97186 0.970049 0.968671 0.967643 0.966895 0.966371 0.966024 0.965817 0.965723 0.965722 0.965797 0.96594 0.966142 0.966395 0.966693 0.96703 0.967398 0.967789 0.968193 
0.961562 0.961969 0.962362 0.962735 0.963082 0.9634 0.963686 0.963942 0.964173 0.964386 0.964593 0.964813 0.965068 0.96539 0.965822 0.966418 0.967245 0.968388 0.969945 0.972032 0.974779 0.978323 0.98281 0.988383 0.995176 1.0033 1.01286 1.02389 1.03643 1.05043 1.06582 1.08248 1.10025 1.11892 1.13826 1.15801 1.1779 1.19765 1.21699 1.23566 1.25341 1.27003 1.28532 1.29911 1.31128 1.32171 1.33031 1.33703 1.34182 1.34465 1.3455 1.34436 1.34123 1.33615 1.32913 1.32024 1.30954 1.29713 1.28313 1.26769 1.25099 1.23323 1.21465 1.19548 1.176 1.15645 1.13712 1.11825 1.10009 1.08283 1.06668 1.05175 1.03817 1.02598 1.0152 1.0058 0.997744 0.990932 0.985263 0.980618 0.976873 0.973901 0.971583 0.969806 0.968471 0.967492 0.966794 0.96632 0.966021 0.965862 0.965815 0.96586 0.965981 0.966168 0.966412 0.966705 0.967038 0.967403 0.967792 0.968196 
0.961564 0.96197 0.962364 0.962737 0.963085 0.963404 0.963694 0.963955 0.964195 0.964424 0.964656 0.964914 0.965227 0.965637 0.966198 0.966976 0.968058 0.969547 0.971565 0.974253 0.977764 0.982262 0.987914 0.99488 1.0033 1.01331 1.02497 1.03835 1.05341 1.07011 1.08833 1.1079 1.12861 1.15021 1.17241 1.19493 1.21744 1.23965 1.26126 1.28198 1.30158 1.31983 1.33654 1.35154 1.36473 1.37599 1.38525 1.39247 1.3976 1.40062 1.40152 1.40029 1.39693 1.39146 1.3839 1.3743 1.3627 1.3492 1.33391 1.31698 1.29857 1.27888 1.25816 1.23667 1.21467 1.19248 1.17037 1.14865 1.1276 1.10748 1.0885 1.07086 1.0547 1.0401 1.02711 1.01573 1.0059 0.99754 0.990545 0.984781 0.980108 0.976379 0.973454 0.971199 0.969492 0.96823 0.96732 0.966689 0.966277 0.966037 0.965932 0.965938 0.966032 0.966202 0.966434 0.966718 0.967046 0.967409 0.967796 0.968199 
0.961566 0.961972 0.962366 0.96274 0.963089 0.96341 0.963704 0.963973 0.964225 0.964473 0.964737 0.965044 0.965433 0.965954 0.966674 0.967679 0.969074 0.970985 0.97356 0.976966 0.981383 0.987001 0.994006 1.00257 1.01286 1.02497 1.039 1.05494 1.07277 1.09237 1.11359 1.13621 1.15996 1.18453 1.20961 1.23485 1.25991 1.28446 1.30819 1.3308 1.35206 1.37174 1.38967 1.4057 1.41972 1.43166 1.44145 1.44906 1.45446 1.45764 1.45858 1.45729 1.45376 1.44799 1.44001 1.42984 1.41751 1.40311 1.38673 1.36849 1.34855 1.32712 1.30442 1.28071 1.2563 1.23149 1.20662 1.18201 1.158 1.13488 1.11293 1.09239 1.07345 1.05622 1.0408 1.02719 1.01537 1.00527 0.996755 0.989704 0.983954 0.979341 0.975702 0.97288 0.970731 0.969129 0.967964 0.967143 0.966593 0.966253 0.966078 0.966035 0.966096 0.966243 0.96646 0.966735 0.967057 0.967416 0.967801 0.968202 
0.961568 0.961974 0.962367 0.962742 0.963093 0.963418 0.963717 0.963995 0.964263 0.964537 0.964841 0.965211 0.965693 0.966351 0.967269 0.968549 0.970322 0.972738 0.975973 0.980223 0.985696 0.992604 1.00115 1.01153 1.02389 1.03835 1.05494 1.07366 1.09443 1.11709 1.14143 1.16717 1.19398 1.22151 1.24939 1.27724 1.30468 1.33138 1.357 1.38126 1.40393 1.4248 1.4437 1.46052 1.47518 1.48761 1.49777 1.50565 1.51124 1.51452 1.5155 1.51418 1.51054 1.50459 1.49633 1.48576 1.47291 1.45783 1.44059 1.4213 1.40008 1.37714 1.35268 1.32696 1.3003 1.27301 1.24545 1.218 1.19101 1.16485 1.13983 1.11626 1.09436 1.07432 1.05626 1.04023 1.02621 1.01416 1.00395 0.995435 0.988457 0.982828 0.978362 0.974879 0.972212 0.97021 0.968741 0.967694 0.966977 0.966517 0.966257 0.966155 0.966175 0.966294 0.966493 0.966756 0.96707 0.967424 0.967806 0.968205 
0.961571 0.961976 0.96237 0.962746 0.963099 0.963427 0.963733 0.964024 0.964312 0.964618 0.964973 0.965419 0.966016 0.966842 0.967997 0.969608 0.971829 0.974839 0.978844 0.984068 0.990747 0.999117 1.0094 1.02178 1.03643 1.05341 1.07277 1.09443 1.11828 1.14409 1.1716 1.20045 1.23027 1.26066 1.29118 1.32144 1.35103 1.37961 1.40684 1.43245 1.45623 1.47798 1.49758 1.51494 1.52999 1.54271 1.55307 1.56109 1.56677 1.57012 1.57113 1.56981 1.56614 1.56012 1.55173 1.54095 1.52781 1.5123 1.49448 1.47442 1.45223 1.42807 1.40213 1.37468 1.34601 1.31645 1.28637 1.25618 1.22629 1.19709 1.16898 1.14229 1.11733 1.09434 1.07347 1.05483 1.03843 1.02424 1.01215 1.00201 0.993651 0.986871 0.981463 0.977222 0.973956 0.971489 0.969665 0.968351 0.967437 0.966835 0.966474 0.9663 0.966271 0.966357 0.966533 0.966782 0.967086 0.967434 0.967812 0.968209 
0.961574 0.961978 0.962372 0.96275 0.963105 0.963439 0.963755 0.96406 0.964373 0.964719 0.965135 0.965675 0.966411 0.967437 0.968875 0.970875 0.973618 0.977315 0.982202 0.988532 0.996567 1.00656 1.01875 1.03333 1.05043 1.07011 1.09237 1.11709 1.14409 1.17309 1.20374 1.23563 1.26834 1.30139 1.33434 1.36673 1.39818 1.42831 1.45682 1.48344 1.50799 1.53031 1.55031 1.56792 1.58312 1.59591 1.60631 1.61434 1.62002 1.62337 1.6244 1.62311 1.61949 1.61351 1.60515 1.59437 1.58115 1.56549 1.54738 1.52687 1.50404 1.479 1.45194 1.42307 1.39269 1.36113 1.32877 1.29604 1.26338 1.23124 1.20006 1.17026 1.14218 1.11613 1.09234 1.07094 1.052 1.0355 1.02136 1.00944 0.999554 0.991491 0.985025 0.979928 0.97598 0.97298 0.970747 0.969124 0.967982 0.967213 0.966732 0.966473 0.966386 0.966432 0.966582 0.966812 0.967106 0.967446 0.967819 0.968214 
0.961578 0.961981 0.962376 0.962755 0.963114 0.963454 0.963781 0.964106 0.964449 0.964843 0.965334 0.965986 0.966886 0.968147 0.969914 0.972364 0.975707 0.980185 0.986065 0.993629 1.00316 1.01494 1.0292 1.04612 1.06582 1.08833 1.11359 1.14143 1.1716 1.20374 1.23744 1.27223 1.30762 1.34309 1.37817 1.41238 1.44533 1.47665 1.50606 1.53333 1.5583 1.58086 1.60094 1.61853 1.63364 1.6463 1.65656 1.66446 1.67005 1.67336 1.6744 1.67317 1.66966 1.66384 1.65566 1.64507 1.63202 1.61646 1.59836 1.57773 1.55461 1.52906 1.50124 1.47132 1.43959 1.40636 1.37202 1.337 1.30179 1.26686 1.23273 1.19985 1.16866 1.13951 1.11271 1.08845 1.06684 1.04789 1.03156 1.01771 1.00617 0.996695 0.989059 0.983007 0.978295 0.974693 0.971996 0.970021 0.968616 0.967654 0.967035 0.966678 0.966523 0.966522 0.96664 0.966849 0.967129 0.96746 0.967828 0.968219 
0.961582 0.961985 0.96238 0.962761 0.963125 0.963473 0.963813 0.964161 0.964541 0.964992 0.965571 0.966354 0.967446 0.96898 0.971125 0.974087 0.978106 0.983457 0.990438 0.999358 1.01052 1.02422 1.04067 1.06007 1.08248 1.1079 1.13621 1.16717 1.20045 1.23563 1.27223 1.30971 1.34752 1.38511 1.42197 1.45764 1.49171 1.52384 1.55378 1.58132 1.60636 1.62882 1.6487 1.666 1.68079 1.69313 1.70309 1.71075 1.71616 1.71937 1.72041 1.71928 1.71595 1.71038 1.70252 1.69229 1.67962 1.66442 1.64662 1.62619 1.60311 1.57743 1.54922 1.51866 1.48596 1.45143 1.41545 1.37846 1.34095 1.30347 1.26654 1.23071 1.19647 1.16425 1.13441 1.10722 1.08284 1.06135 1.0427 1.0268 1.01347 1.00247 0.99356 0.98646 0.980904 0.976634 0.973417 0.971046 0.969344 0.968163 0.967385 0.966916 0.966682 0.966626 0.966708 0.966893 0.967156 0.967477 0.967839 0.968226 
0.961587 0.961989 0.962385 0.962769 0.963138 0.963496 0.963852 0.964227 0.96465 0.965169 0.96585 0.966786 0.968097 0.96994 0.972512 0.976046 0.980816 0.987128 0.99531 1.0057 1.01861 1.03433 1.0531 1.07506 1.10025 1.12861 1.15996 1.19398 1.23027 1.26834 1.30762 1.34752 1.38744 1.42681 1.46509 1.50183 1.53662 1.56918 1.59926 1.62672 1.6515 1.67356 1.69295 1.70974 1.724 1.73585 1.74538 1.75269 1.75785 1.76093 1.76195 1.76092 1.75782 1.7526 1.74518 1.73546 1.72335 1.70873 1.6915 1.67156 1.64886 1.62339 1.59519 1.56435 1.53108 1.49565 1.4584 1.41979 1.38032 1.34055 1.30106 1.26245 1.22527 1.19004 1.15719 1.12706 1.09987 1.07575 1.0547 1.03664 1.02142 1.0088 0.998513 0.99028 0.983803 0.9788 0.97501 0.9722 0.970167 0.968741 0.967785 0.967188 0.966864 0.966747 0.966786 0.966943 0.967188 0.967497 0.967851 0.968234 
0.961593 0.961995 0.962391 0.962778 0.963154 0.963523 0.963899 0.964305 0.964778 0.965375 0.966173 0.967281 0.968839 0.971029 0.974074 0.978239 0.98383 0.991183 1.00065 1.0126 1.02735 1.0452 1.06635 1.09092 1.11892 1.15021 1.18453 1.22151 1.26066 1.30139 1.34309 1.38511 1.42681 1.46758 1.50691 1.54432 1.57946 1.61206 1.64193 1.66899 1.6932 1.7146 1.73328 1.74934 1.7629 1.77412 1.7831 1.78998 1.79484 1.79774 1.79874 1.79784 1.795 1.79018 1.78329 1.77421 1.76281 1.74896 1.73251 1.71333 1.69131 1.66638 1.63852 1.6078 1.57435 1.5384 1.50028 1.46042 1.41933 1.37758 1.3358 1.29463 1.25469 1.21658 1.18079 1.14775 1.11774 1.09095 1.06744 1.04715 1.02996 1.01562 1.00389 0.994443 0.986978 0.981184 0.976772 0.973481 0.971084 0.969388 0.968234 0.967495 0.967071 0.966884 0.966876 0.967001 0.967225 0.96752 0.967866 0.968243 
0.9616 0.962001 0.962399 0.962789 0.963172 0.963555 0.963953 0.964395 0.964925 0.965609 0.966539 0.967839 0.969672 0.972244 0.975805 0.980654 0.987126 0.99559 1.00643 1.02001 1.03667 1.0567 1.08027 1.10748 1.13826 1.17241 1.20961 1.24939 1.29118 1.33434 1.37817 1.42197 1.46509 1.50691 1.54689 1.58461 1.61974 1.65204 1.68139 1.70774 1.73113 1.75165 1.76942 1.78459 1.79733 1.80781 1.81617 1.82255 1.82705 1.82976 1.83072 1.82995 1.8274 1.82302 1.81672 1.80837 1.79781 1.78487 1.76938 1.75117 1.73007 1.70596 1.67877 1.6485 1.61523 1.57915 1.54055 1.49982 1.45746 1.41407 1.3703 1.32683 1.28435 1.24352 1.20491 1.16902 1.13623 1.10678 1.08078 1.05822 1.03899 1.02289 1.00963 0.998917 0.990406 0.983768 0.97869 0.974882 0.972091 0.9701 0.96873 0.967835 0.967301 0.967037 0.966976 0.967066 0.967266 0.967546 0.967882 0.968254 
0.961608 0.962008 0.962407 0.962802 0.963193 0.963591 0.964014 0.964497 0.965091 0.965873 0.966948 0.968459 0.970591 0.973575 0.977692 0.98327 0.990676 1.00031 1.01256 1.02783 1.04645 1.06868 1.09469 1.12451 1.15801 1.19493 1.23485 1.27724 1.32144 1.36673 1.41238 1.45764 1.50183 1.54432 1.58461 1.62229 1.65707 1.68878 1.71733 1.74275 1.76512 1.78458 1.8013 1.81548 1.8273 1.83696 1.84464 1.85048 1.85461 1.85711 1.85802 1.85737 1.85512 1.85121 1.84554 1.83796 1.82831 1.81638 1.80199 1.7849 1.76491 1.74186 1.7156 1.68609 1.65333 1.61747 1.57874 1.53751 1.49425 1.44957 1.40412 1.35863 1.31385 1.2705 1.22923 1.19062 1.15512 1.12304 1.09456 1.06972 1.04843 1.03051 1.0157 1.00366 0.994054 0.986531 0.980748 0.976391 0.97318 0.970874 0.969272 0.968208 0.967553 0.967206 0.967087 0.967137 0.967312 0.967575 0.967901 0.968266 
0.961617 0.962016 0.962417 0.962816 0.963218 0.963632 0.964083 0.964611 0.965275 0.966164 0.967397 0.969135 0.971587 0.97501 0.979714 0.986058 0.994437 1.00527 1.01899 1.03597 1.05656 1.081 1.10941 1.14177 1.1779 1.21744 1.25991 1.30468 1.35103 1.39818 1.44533 1.49171 1.53662 1.57946 1.61974 1.65707 1.69123 1.7221 1.74964 1.77395 1.79515 1.81343 1.82901 1.84211 1.85296 1.86178 1.86875 1.87404 1.87777 1.88004 1.88091 1.88038 1.87843 1.87499 1.86995 1.86316 1.85445 1.8436 1.83037 1.81451 1.79578 1.77396 1.74885 1.72033 1.68836 1.65302 1.61449 1.57309 1.52928 1.48364 1.43684 1.38964 1.34282 1.29718 1.25344 1.21225 1.17415 1.13952 1.10861 1.0815 1.05815 1.0384 1.022 1.00861 0.997879 0.98944 0.982924 0.977993 0.974341 0.971702 0.969852 0.968609 0.967826 0.967388 0.967207 0.967216 0.967362 0.967607 0.967921 0.968279 
0.961627 0.962025 0.962428 0.962833 0.963244 0.963677 0.964159 0.964736 0.965476 0.966478 0.96788 0.969859 0.972649 0.976531 0.981846 0.98898 0.998358 1.01042 1.02561 1.04432 1.06686 1.09347 1.12422 1.15903 1.19765 1.23965 1.28446 1.33138 1.37961 1.42831 1.47665 1.52384 1.56918 1.61206 1.65204 1.68878 1.7221 1.75193 1.77831 1.80138 1.82131 1.83835 1.85274 1.86474 1.87461 1.88257 1.88884 1.89357 1.89691 1.89895 1.89976 1.89934 1.89767 1.89469 1.89027 1.88428 1.87651 1.86674 1.85471 1.84014 1.82275 1.80226 1.77844 1.75111 1.72016 1.68559 1.64754 1.60628 1.56223 1.51595 1.46811 1.41949 1.37091 1.32322 1.27722 1.23364 1.19307 1.156 1.12273 1.0934 1.06802 1.04645 1.02845 1.0137 1.00183 0.992457 0.98519 0.979668 0.975558 0.972573 0.970465 0.969034 0.968116 0.967583 0.967336 0.9673 0.967416 0.967642 0.967943 0.968293 
0.961638 0.962034 0.962439 0.96285 0.963274 0.963726 0.964241 0.964869 0.96569 0.966813 0.96839 0.970621 0.97376 0.978115 0.984055 0.991993 1.00238 1.01568 1.03233 1.05273 1.0772 1.10591 1.1389 1.17604 1.21699 1.26126 1.30819 1.357 1.40684 1.45682 1.50606 1.55378 1.59926 1.64193 1.68139 1.71733 1.74964 1.77831 1.80343 1.82519 1.84381 1.85958 1.87278 1.8837 1.8926 1.89973 1.9053 1.9095 1.91246 1.91428 1.91503 1.91471 1.9133 1.91074 1.90692 1.90168 1.89482 1.88611 1.87527 1.862 1.84597 1.82689 1.80446 1.77843 1.74865 1.71506 1.67772 1.63685 1.59283 1.5462 1.49761 1.44785 1.39779 1.34831 1.30027 1.25449 1.21163 1.17225 1.13672 1.10525 1.07789 1.05454 1.03497 1.01886 1.00585 0.995539 0.987514 0.98139 0.976815 0.973475 0.971103 0.969477 0.968419 0.967788 0.967472 0.967389 0.967474 0.967678 0.967966 0.968308 
0.961649 0.962045 0.962452 0.962869 0.963305 0.963778 0.964327 0.96501 0.965914 0.967161 0.96892 0.971408 0.974902 0.979736 0.986304 0.995045 1.00643 1.02094 1.03903 1.06109 1.0874 1.11812 1.15324 1.19255 1.23566 1.28198 1.3308 1.38126 1.43245 1.48344 1.53333 1.58132 1.62672 1.66899 1.70774 1.74275 1.77395 1.80138 1.82519 1.84561 1.86293 1.87745 1.88949 1.89936 1.90734 1.91368 1.9186 1.9223 1.9249 1.9265 1.92718 1.92695 1.92578 1.92362 1.92034 1.91581 1.90981 1.9021 1.8924 1.88039 1.86572 1.84805 1.82704 1.80239 1.77388 1.7414 1.70494 1.66467 1.62091 1.57417 1.52509 1.47447 1.42318 1.37216 1.32232 1.27454 1.22957 1.18804 1.15038 1.11688 1.08762 1.06254 1.04144 1.02401 1.00988 0.998638 0.989858 0.983134 0.978092 0.974394 0.971754 0.969932 0.968731 0.967998 0.967612 0.967481 0.967533 0.967717 0.96799 0.968325 
0.961661 0.962055 0.962465 0.962889 0.963337 0.963833 0.964417 0.965155 0.966144 0.967518 0.969459 0.972206 0.976054 0.981364 0.988552 0.998083 1.01045 1.02614 1.04561 1.06925 1.09731 1.12993 1.16703 1.20834 1.25341 1.30158 1.35206 1.40393 1.45623 1.50799 1.5583 1.60636 1.6515 1.6932 1.73113 1.76512 1.79515 1.82131 1.84381 1.86293 1.87898 1.89231 1.90326 1.91214 1.91925 1.92486 1.92919 1.93241 1.93468 1.93609 1.93671 1.93655 1.93559 1.93377 1.93099 1.9271 1.92189 1.91511 1.90649 1.89568 1.88231 1.86601 1.8464 1.82314 1.79596 1.76466 1.7292 1.68967 1.64635 1.59971 1.55037 1.49911 1.44684 1.39451 1.3431 1.29355 1.24667 1.20316 1.16353 1.12812 1.09707 1.07034 1.04778 1.02907 1.01385 1.0017 0.992183 0.98487 0.979366 0.975315 0.972409 0.970389 0.969047 0.968212 0.967755 0.967575 0.967594 0.967756 0.968016 0.968341 
0.961673 0.962067 0.962479 0.96291 0.963371 0.963888 0.964508 0.965302 0.966375 0.967875 0.969997 0.972998 0.977194 0.982967 0.990757 1.00105 1.01435 1.03117 1.05195 1.07707 1.10678 1.14115 1.18006 1.2232 1.27003 1.31983 1.37174 1.4248 1.47798 1.53031 1.58086 1.62882 1.67356 1.7146 1.75165 1.78458 1.81343 1.83835 1.85958 1.87745 1.89231 1.90453 1.91446 1.92243 1.92876 1.93371 1.93749 1.9403 1.94227 1.9435 1.94405 1.94395 1.94317 1.94166 1.93932 1.93599 1.93149 1.92556 1.91792 1.90821 1.89606 1.88107 1.86281 1.84091 1.81504 1.78496 1.75055 1.71186 1.66911 1.62272 1.5733 1.52161 1.46857 1.41516 1.36241 1.31129 1.2627 1.2174 1.17597 1.13879 1.10607 1.07781 1.05386 1.03395 1.01769 1.00468 0.994447 0.986566 0.980615 0.97622 0.973054 0.970842 0.969359 0.968425 0.967897 0.967668 0.967655 0.967795 0.968041 0.968358 
0.961685 0.962078 0.962492 0.96293 0.963404 0.963943 0.964598 0.965447 0.966603 0.968225 0.970522 0.973768 0.978298 0.984513 0.992876 1.00389 1.01807 1.03594 1.05794 1.08444 1.11565 1.15161 1.19217 1.23693 1.28532 1.33654 1.38967 1.4437 1.49758 1.55031 1.60094 1.6487 1.69295 1.73328 1.76942 1.8013 1.82901 1.85274 1.87278 1.88949 1.90326 1.91446 1.92347 1.93063 1.93626 1.94062 1.94393 1.94636 1.94807 1.94914 1.94963 1.94957 1.94895 1.9477 1.94573 1.9429 1.93902 1.93385 1.92708 1.91837 1.90734 1.89354 1.87655 1.85594 1.83133 1.80244 1.7691 1.73129 1.68918 1.64316 1.59379 1.54184 1.48822 1.43394 1.38005 1.32758 1.27749 1.23059 1.18753 1.14876 1.11451 1.08483 1.0596 1.03856 1.02134 1.00751 0.996611 0.988191 0.981816 0.977092 0.973678 0.971281 0.969663 0.968632 0.968036 0.96776 0.967715 0.967834 0.968066 0.968375 
0.961697 0.962089 0.962506 0.96295 0.963436 0.963997 0.964686 0.965587 0.966822 0.96856 0.971023 0.974499 0.979342 0.985971 0.994865 1.00654 1.02154 1.04036 1.06348 1.09122 1.12378 1.16118 1.20319 1.24938 1.29911 1.35154 1.4057 1.46052 1.51494 1.56792 1.61853 1.666 1.70974 1.74934 1.78459 1.81548 1.84211 1.86474 1.8837 1.89936 1.91214 1.92243 1.93063 1.93709 1.9421 1.94595 1.94884 1.95096 1.95244 1.95337 1.95381 1.95378 1.95328 1.95225 1.9506 1.94819 1.94485 1.94033 1.93433 1.92651 1.91646 1.90374 1.8879 1.86848 1.84506 1.81729 1.78498 1.74804 1.70661 1.66101 1.61181 1.55972 1.50568 1.45069 1.39586 1.34224 1.29085 1.24256 1.19807 1.15787 1.12225 1.09129 1.06491 1.04284 1.02473 1.01015 0.998633 0.989714 0.982944 0.977915 0.974267 0.971697 0.969952 0.968829 0.968169 0.967848 0.967773 0.967871 0.96809 0.968391 
0.961708 0.962099 0.962519 0.962969 0.963467 0.964048 0.964768 0.965718 0.967027 0.968872 0.971488 0.975176 0.980305 0.98731 0.996685 1.00896 1.02469 1.04437 1.06847 1.09731 1.13107 1.16971 1.21298 1.2604 1.31128 1.36473 1.41972 1.47518 1.52999 1.58312 1.63364 1.68079 1.724 1.7629 1.79733 1.8273 1.85296 1.87461 1.8926 1.90734 1.91925 1.92876 1.93626 1.9421 1.9466 1.95001 1.95255 1.9544 1.95568 1.95649 1.95689 1.95689 1.95648 1.95563 1.95425 1.95219 1.9493 1.94533 1.93999 1.93293 1.92374 1.91198 1.89715 1.87879 1.85643 1.8297 1.79834 1.76223 1.72146 1.67632 1.62732 1.5752 1.52086 1.46533 1.40973 1.35516 1.30267 1.25318 1.20744 1.166 1.12918 1.0971 1.06968 1.0467 1.0278 1.01255 1.00048 0.991107 0.983979 0.97867 0.974811 0.972081 0.970219 0.969013 0.968293 0.967931 0.967827 0.967906 0.968113 0.968407 
0.961718 0.962109 0.962531 0.962987 0.963496 0.964094 0.964844 0.965838 0.967213 0.969154 0.971907 0.975783 0.981165 0.988501 0.998299 1.0111 1.02746 1.04789 1.07284 1.10263 1.1374 1.1771 1.22143 1.26988 1.32171 1.37599 1.43166 1.48761 1.54271 1.59591 1.6463 1.69313 1.73585 1.77412 1.80781 1.83696 1.86178 1.88257 1.89973 1.91368 1.92486 1.93371 1.94062 1.94595 1.95001 1.95306 1.95531 1.95694 1.95806 1.95877 1.95912 1.95914 1.95882 1.95811 1.95694 1.95517 1.95265 1.94913 1.94434 1.93792 1.92946 1.91851 1.90455 1.8871 1.86568 1.83986 1.80934 1.77398 1.73382 1.68912 1.64036 1.58826 1.53372 1.47777 1.42156 1.36621 1.31281 1.26232 1.21554 1.17304 1.1352 1.10215 1.07386 1.05008 1.0305 1.01466 1.00211 0.992341 0.984898 0.979345 0.975297 0.972426 0.97046 0.969178 0.968405 0.968006 0.967876 0.967938 0.968134 0.968421 
0.961727 0.962118 0.962541 0.963003 0.963521 0.964136 0.96491 0.965943 0.967376 0.9694 0.97227 0.976307 0.981904 0.989521 0.999676 1.01292 1.02981 1.05086 1.07652 1.10708 1.14269 1.18325 1.22845 1.27773 1.33031 1.38525 1.44145 1.49777 1.55307 1.60631 1.65656 1.70309 1.74538 1.7831 1.81617 1.84464 1.86875 1.88884 1.9053 1.9186 1.92919 1.93749 1.94393 1.94884 1.95255 1.95531 1.95733 1.95878 1.95977 1.9604 1.96072 1.96075 1.96049 1.95989 1.95889 1.95735 1.95513 1.95198 1.94763 1.94173 1.93386 1.92357 1.91033 1.89364 1.87299 1.84793 1.81814 1.78342 1.74379 1.69948 1.65095 1.5989 1.54422 1.48797 1.43128 1.37531 1.32119 1.2699 1.22226 1.17891 1.14023 1.10639 1.07736 1.05294 1.03278 1.01645 1.00349 0.993394 0.985685 0.979923 0.975715 0.972724 0.970669 0.969322 0.968503 0.968071 0.967919 0.967967 0.968153 0.968434 
