0.113709 0.114804 0.115623 0.116149 0.116447 0.116598 0.116667 0.116696 0.116708 0.116712 0.116714 0.116714 0.116715 0.116715 0.116715 0.116715 0.116715 0.116715 0.116715 0.116715 0.116715 0.116715 0.116715 0.116715 0.116715 0.116715 0.116715 0.116715 0.116715 0.116715 0.116715 0.116715 0.116715 0.116715 0.116715 0.116715 0.116715 0.116715 0.116715 0.116715 0.116715 0.116715 0.116715 0.116715 0.116715 0.116715 0.116715 0.116715 0.116715 0.116715 0.116715 0.116715 0.116715 0.116715 0.116715 0.116715 0.116715 0.116715 0.116715 0.116715 0.116715 0.116715 0.116715 0.116715 0.116715 0.116715 0.116715 0.116715 0.116715 0.116715 0.116715 0.116715 0.116715 0.116715 0.116715 0.116715 0.116715 0.116715 0.116715 0.116715 0.116715 0.116715 0.116715 0.116715 0.116715 0.116715 0.116715 0.116715 0.116715 0.116715 0.116715 0.116715 0.116717 0.116726 0.116759 0.116859 0.117109 0.117613 0.118438 0.119532 
0.114804 0.11589 0.116705 0.117231 0.11753 0.117681 0.117752 0.117782 0.117794 0.117798 0.1178 0.1178 0.1178 0.1178 0.1178 0.1178 0.1178 0.1178 0.1178 0.1178 0.1178 0.1178 0.1178 0.1178 0.1178 0.1178 0.1178 0.1178 0.1178 0.1178 0.1178 0.1178 0.1178 0.1178 0.1178 0.1178 0.1178 0.1178 0.1178 0.1178 0.1178 0.1178 0.1178 0.1178 0.1178 0.1178 0.1178 0.1178 0.1178 0.1178 0.1178 0.1178 0.1178 0.1178 0.1178 0.1178 0.1178 0.1178 0.1178 0.1178 0.1178 0.1178 0.1178 0.1178 0.1178 0.1178 0.1178 0.1178 0.1178 0.1178 0.1178 0.1178 0.1178 0.1178 0.1178 0.1178 0.1178 0.1178 0.1178 0.1178 0.1178 0.1178 0.1178 0.1178 0.1178 0.1178 0.1178 0.1178 0.1178 0.1178 0.1178 0.117801 0.117803 0.117812 0.117846 0.117948 0.1182 0.118704 0.119524 0.12061 
0.115623 0.116705 0.117519 0.118045 0.118345 0.118498 0.118569 0.118599 0.118611 0.118616 0.118618 0.118618 0.118618 0.118618 0.118618 0.118618 0.118618 0.118618 0.118618 0.118618 0.118618 0.118618 0.118618 0.118618 0.118618 0.118618 0.118618 0.118618 0.118618 0.118618 0.118618 0.118618 0.118618 0.118618 0.118618 0.118618 0.118618 0.118618 0.118618 0.118618 0.118618 0.118618 0.118618 0.118618 0.118618 0.118618 0.118618 0.118618 0.118618 0.118618 0.118618 0.118618 0.118618 0.118618 0.118618 0.118618 0.118618 0.118618 0.118618 0.118618 0.118618 0.118618 0.118618 0.118618 0.118618 0.118618 0.118618 0.118618 0.118618 0.118618 0.118618 0.118618 0.118618 0.118618 0.118618 0.118618 0.118618 0.118618 0.118618 0.118618 0.118618 0.118618 0.118618 0.118618 0.118618 0.118618 0.118618 0.118618 0.118618 0.118618 0.118618 0.118619 0.118621 0.11863 0.118665 0.118769 0.119022 0.119527 0.120346 0.121428 
0.116149 0.117231 0.118045 0.118573 0.118874 0.119028 0.119099 0.11913 0.119142 0.119147 0.119149 0.119149 0.119149 0.119149 0.119149 0.119149 0.119149 0.119149 0.119149 0.119149 0.119149 0.119149 0.119149 0.119149 0.119149 0.119149 0.119149 0.119149 0.119149 0.119149 0.119149 0.119149 0.119149 0.119149 0.119149 0.119149 0.119149 0.119149 0.119149 0.119149 0.119149 0.119149 0.119149 0.119149 0.119149 0.119149 0.119149 0.119149 0.119149 0.119149 0.119149 0.119149 0.119149 0.119149 0.119149 0.119149 0.119149 0.119149 0.119149 0.119149 0.119149 0.119149 0.119149 0.119149 0.119149 0.119149 0.119149 0.119149 0.119149 0.119149 0.119149 0.119149 0.119149 0.119149 0.119149 0.119149 0.119149 0.119149 0.119149 0.119149 0.119149 0.119149 0.119149 0.119149 0.119149 0.119149 0.119149 0.119149 0.119149 0.119149 0.11915 0.11915 0.119152 0.119162 0.119197 0.119302 0.119557 0.120063 0.120883 0.121965 
0.116447 0.11753 0.118345 0.118874 0.119176 0.11933 0.119403 0.119434 0.119446 0.119451 0.119452 0.119453 0.119453 0.119453 0.119453 0.119453 0.119453 0.119453 0.119453 0.119453 0.119453 0.119453 0.119453 0.119453 0.119453 0.119453 0.119453 0.119453 0.119453 0.119453 0.119453 0.119453 0.119453 0.119453 0.119453 0.119453 0.119453 0.119453 0.119453 0.119453 0.119453 0.119453 0.119453 0.119453 0.119453 0.119453 0.119453 0.119453 0.119453 0.119453 0.119453 0.119453 0.119453 0.119453 0.119453 0.119453 0.119453 0.119453 0.119453 0.119453 0.119453 0.119453 0.119453 0.119453 0.119453 0.119453 0.119453 0.119453 0.119453 0.119453 0.119453 0.119453 0.119453 0.119453 0.119453 0.119453 0.119453 0.119453 0.119453 0.119453 0.119453 0.119453 0.119453 0.119453 0.119453 0.119453 0.119453 0.119453 0.119453 0.119453 0.119453 0.119454 0.119456 0.119466 0.119501 0.119607 0.119863 0.120371 0.121192 0.122275 
0.116598 0.117681 0.118498 0.119028 0.11933 0.119486 0.119558 0.119589 0.119602 0.119607 0.119608 0.119609 0.119609 0.119609 0.119609 0.119609 0.119609 0.119609 0.119609 0.119609 0.119609 0.119609 0.119609 0.119609 0.119609 0.119609 0.119609 0.119609 0.119609 0.119609 0.119609 0.119609 0.119609 0.119609 0.119609 0.119609 0.119609 0.119609 0.119609 0.119609 0.119609 0.119609 0.119609 0.119609 0.119609 0.119609 0.119609 0.119609 0.119609 0.119609 0.119609 0.119609 0.119609 0.119609 0.119609 0.119609 0.119609 0.119609 0.119609 0.119609 0.119609 0.119609 0.119609 0.119609 0.119609 0.119609 0.119609 0.119609 0.119609 0.119609 0.119609 0.119609 0.119609 0.119609 0.119609 0.119609 0.119609 0.119609 0.119609 0.119609 0.119609 0.119609 0.119609 0.119609 0.119609 0.119609 0.119609 0.119609 0.119609 0.119609 0.119609 0.11961 0.119612 0.119622 0.119658 0.119764 0.120021 0.12053 0.121352 0.122436 
0.116667 0.117752 0.118569 0.119099 0.119403 0.119558 0.119631 0.119662 0.119675 0.11968 0.119681 0.119682 0.119682 0.119682 0.119682 0.119682 0.119682 0.119682 0.119682 0.119682 0.119682 0.119682 0.119682 0.119682 0.119682 0.119682 0.119682 0.119682 0.119682 0.119682 0.119682 0.119682 0.119682 0.119682 0.119682 0.119682 0.119682 0.119682 0.119682 0.119682 0.119682 0.119682 0.119682 0.119682 0.119682 0.119682 0.119682 0.119682 0.119682 0.119682 0.119682 0.119682 0.119682 0.119682 0.119682 0.119682 0.119682 0.119682 0.119682 0.119682 0.119682 0.119682 0.119682 0.119682 0.119682 0.119682 0.119682 0.119682 0.119682 0.119682 0.119682 0.119682 0.119682 0.119682 0.119682 0.119682 0.119682 0.119682 0.119682 0.119682 0.119682 0.119682 0.119682 0.119682 0.119682 0.119682 0.119682 0.119682 0.119682 0.119682 0.119682 0.119683 0.119685 0.119695 0.119731 0.119837 0.120095 0.120605 0.121428 0.122512 
0.116696 0.117782 0.118599 0.11913 0.119434 0.119589 0.119662 0.119694 0.119706 0.119711 0.119713 0.119713 0.119714 0.119714 0.119714 0.119714 0.119714 0.119714 0.119714 0.119714 0.119714 0.119714 0.119714 0.119714 0.119714 0.119714 0.119714 0.119714 0.119714 0.119714 0.119714 0.119714 0.119714 0.119714 0.119714 0.119714 0.119714 0.119714 0.119714 0.119714 0.119714 0.119714 0.119714 0.119714 0.119714 0.119714 0.119714 0.119714 0.119714 0.119714 0.119714 0.119714 0.119714 0.119714 0.119714 0.119714 0.119714 0.119714 0.119714 0.119714 0.119714 0.119714 0.119714 0.119714 0.119714 0.119714 0.119714 0.119714 0.119714 0.119714 0.119714 0.119714 0.119714 0.119714 0.119714 0.119714 0.119714 0.119714 0.119714 0.119714 0.119714 0.119714 0.119714 0.119714 0.119714 0.119714 0.119714 0.119714 0.119714 0.119714 0.119714 0.119714 0.119716 0.119726 0.119762 0.119869 0.120127 0.120637 0.12146 0.122546 
0.116708 0.117794 0.118611 0.119142 0.119446 0.119602 0.119675 0.119706 0.119719 0.119724 0.119725 0.119726 0.119726 0.119726 0.119726 0.119726 0.119726 0.119726 0.119726 0.119726 0.119726 0.119726 0.119726 0.119726 0.119726 0.119726 0.119726 0.119726 0.119726 0.119726 0.119726 0.119726 0.119726 0.119726 0.119726 0.119726 0.119726 0.119726 0.119726 0.119726 0.119726 0.119726 0.119726 0.119726 0.119726 0.119726 0.119726 0.119726 0.119726 0.119726 0.119726 0.119726 0.119726 0.119726 0.119726 0.119726 0.119726 0.119726 0.119726 0.119726 0.119726 0.119726 0.119726 0.119726 0.119726 0.119726 0.119726 0.119726 0.119726 0.119726 0.119726 0.119726 0.119726 0.119726 0.119726 0.119726 0.119726 0.119726 0.119726 0.119726 0.119726 0.119726 0.119726 0.119726 0.119726 0.119726 0.119726 0.119726 0.119726 0.119726 0.119726 0.119727 0.119729 0.119739 0.119775 0.119882 0.120139 0.12065 0.121473 0.122559 
0.116712 0.117798 0.118616 0.119147 0.119451 0.119607 0.11968 0.119711 0.119724 0.119729 0.11973 0.119731 0.119731 0.119731 0.119731 0.119731 0.119731 0.119731 0.119731 0.119731 0.119731 0.119731 0.119731 0.119731 0.119731 0.119731 0.119731 0.119731 0.119731 0.119731 0.119731 0.119731 0.119731 0.119731 0.119731 0.119731 0.119731 0.119731 0.119731 0.119731 0.119731 0.119731 0.119731 0.119731 0.119731 0.119731 0.119731 0.119731 0.119731 0.119731 0.119731 0.119731 0.119731 0.119731 0.119731 0.119731 0.119731 0.119731 0.119731 0.119731 0.119731 0.119731 0.119731 0.119731 0.119731 0.119731 0.119731 0.119731 0.119731 0.119731 0.119731 0.119731 0.119731 0.119731 0.119731 0.119731 0.119731 0.119731 0.119731 0.119731 0.119731 0.119731 0.119731 0.119731 0.119731 0.119731 0.119731 0.119731 0.119731 0.119731 0.119731 0.119732 0.119734 0.119744 0.11978 0.119886 0.120144 0.120655 0.121479 0.122564 
0.116714 0.1178 0.118618 0.119149 0.119452 0.119608 0.119681 0.119713 0.119725 0.11973 0.119732 0.119733 0.119733 0.119733 0.119733 0.119733 0.119733 0.119733 0.119733 0.119733 0.119733 0.119733 0.119733 0.119733 0.119733 0.119733 0.119733 0.119733 0.119733 0.119733 0.119733 0.119733 0.119733 0.119733 0.119733 0.119733 0.119733 0.119733 0.119733 0.119733 0.119733 0.119733 0.119733 0.119733 0.119733 0.119733 0.119733 0.119733 0.119733 0.119733 0.119733 0.119733 0.119733 0.119733 0.119733 0.119733 0.119733 0.119733 0.119733 0.119733 0.119733 0.119733 0.119733 0.119733 0.119733 0.119733 0.119733 0.119733 0.119733 0.119733 0.119733 0.119733 0.119733 0.119733 0.119733 0.119733 0.119733 0.119733 0.119733 0.119733 0.119733 0.119733 0.119733 0.119733 0.119733 0.119733 0.119733 0.119733 0.119733 0.119733 0.119733 0.119733 0.119736 0.119746 0.119782 0.119888 0.120146 0.120656 0.12148 0.122566 
0.116714 0.1178 0.118618 0.119149 0.119453 0.119609 0.119682 0.119713 0.119726 0.119731 0.119733 0.119733 0.119733 0.119733 0.119733 0.119733 0.119733 0.119733 0.119733 0.119733 0.119733 0.119733 0.119733 0.119733 0.119733 0.119733 0.119733 0.119733 0.119733 0.119733 0.119733 0.119733 0.119733 0.119733 0.119733 0.119733 0.119733 0.119733 0.119733 0.119733 0.119733 0.119733 0.119733 0.119733 0.119733 0.119733 0.119733 0.119733 0.119733 0.119733 0.119733 0.119733 0.119733 0.119733 0.119733 0.119733 0.119733 0.119733 0.119733 0.119733 0.119733 0.119733 0.119733 0.119733 0.119733 0.119733 0.119733 0.119733 0.119733 0.119733 0.119733 0.119733 0.119733 0.119733 0.119733 0.119733 0.119733 0.119733 0.119733 0.119733 0.119733 0.119733 0.119733 0.119733 0.119733 0.119733 0.119733 0.119733 0.119733 0.119733 0.119733 0.119734 0.119736 0.119746 0.119782 0.119889 0.120147 0.120657 0.121481 0.122567 
0.116715 0.1178 0.118618 0.119149 0.119453 0.119609 0.119682 0.119714 0.119726 0.119731 0.119733 0.119733 0.119734 0.119734 0.119734 0.119734 0.119734 0.119734 0.119734 0.119734 0.119734 0.119734 0.119734 0.119734 0.119734 0.119734 0.119734 0.119734 0.119734 0.119734 0.119734 0.119734 0.119734 0.119734 0.119734 0.119734 0.119734 0.119734 0.119734 0.119734 0.119734 0.119734 0.119734 0.119734 0.119734 0.119734 0.119734 0.119734 0.119734 0.119734 0.119734 0.119734 0.119734 0.119734 0.119734 0.119734 0.119734 0.119734 0.119734 0.119734 0.119734 0.119734 0.119734 0.119734 0.119734 0.119734 0.119734 0.119734 0.119734 0.119734 0.119734 0.119734 0.119734 0.119734 0.119734 0.119734 0.119734 0.119734 0.119734 0.119734 0.119734 0.119734 0.119734 0.119734 0.119734 0.119734 0.119734 0.119734 0.119734 0.119734 0.119734 0.119734 0.119736 0.119746 0.119782 0.119889 0.120147 0.120657 0.121481 0.122567 
0.116715 0.1178 0.118618 0.119149 0.119453 0.119609 0.119682 0.119714 0.119726 0.119731 0.119733 0.119733 0.119734 0.119734 0.119734 0.119734 0.119734 0.119734 0.119734 0.119734 0.119734 0.119734 0.119734 0.119734 0.119734 0.119734 0.119734 0.119734 0.119734 0.119734 0.119734 0.119734 0.119734 0.119734 0.119734 0.119734 0.119734 0.119734 0.119734 0.119734 0.119734 0.119734 0.119734 0.119734 0.119734 0.119734 0.119734 0.119734 0.119734 0.119734 0.119734 0.119734 0.119734 0.119734 0.119734 0.119734 0.119734 0.119734 0.119734 0.119734 0.119734 0.119734 0.119734 0.119734 0.119734 0.119734 0.119734 0.119734 0.119734 0.119734 0.119734 0.119734 0.119734 0.119734 0.119734 0.119734 0.119734 0.119734 0.119734 0.119734 0.119734 0.119734 0.119734 0.119734 0.119734 0.119734 0.119734 0.119734 0.119734 0.119734 0.119734 0.119734 0.119736 0.119746 0.119783 0.119889 0.120147 0.120657 0.121481 0.122567 
0.116715 0.1178 0.118618 0.119149 0.119453 0.119609 0.119682 0.119714 0.119726 0.119731 0.119733 0.119733 0.119734 0.119734 0.119734 0.119734 0.119734 0.119734 0.119734 0.119734 0.119734 0.119734 0.119734 0.119734 0.119734 0.119734 0.119734 0.119734 0.119734 0.119734 0.119734 0.119734 0.119734 0.119734 0.119734 0.119734 0.119734 0.119734 0.119734 0.119734 0.119734 0.119734 0.119734 0.119734 0.119734 0.119734 0.119734 0.119734 0.119734 0.119734 0.119734 0.119734 0.119734 0.119734 0.119734 0.119734 0.119734 0.119734 0.119734 0.119734 0.119734 0.119734 0.119734 0.119734 0.119734 0.119734 0.119734 0.119734 0.119734 0.119734 0.119734 0.119734 0.119734 0.119734 0.119734 0.119734 0.119734 0.119734 0.119734 0.119734 0.119734 0.119734 0.119734 0.119734 0.119734 0.119734 0.119734 0.119734 0.119734 0.119734 0.119734 0.119734 0.119736 0.119746 0.119783 0.119889 0.120147 0.120657 0.121481 0.122567 
0.116715 0.1178 0.118618 0.119149 0.119453 0.119609 0.119682 0.119714 0.119726 0.119731 0.119733 0.119733 0.119734 0.119734 0.119734 0.119734 0.119734 0.119734 0.119734 0.119734 0.119734 0.119734 0.119734 0.119734 0.119734 0.119734 0.119734 0.119734 0.119734 0.119734 0.119734 0.119734 0.119734 0.119734 0.119734 0.119734 0.119734 0.119734 0.119734 0.119734 0.119734 0.119734 0.119734 0.119734 0.119734 0.119735 0.119735 0.119735 0.119735 0.119735 0.119735 0.119735 0.119735 0.119735 0.119735 0.119735 0.119735 0.119735 0.119734 0.119734 0.119734 0.119734 0.119734 0.119734 0.119734 0.119734 0.119734 0.119734 0.119734 0.119734 0.119734 0.119734 0.119734 0.119734 0.119734 0.119734 0.119734 0.119734 0.119734 0.119734 0.119734 0.119734 0.119734 0.119734 0.119734 0.119734 0.119734 0.119734 0.119734 0.119734 0.119734 0.119734 0.119736 0.119746 0.119783 0.119889 0.120147 0.120657 0.121481 0.122567 
0.116715 0.1178 0.118618 0.119149 0.119453 0.119609 0.119682 0.119714 0.119726 0.119731 0.119733 0.119733 0.119734 0.119734 0.119734 0.119734 0.119734 0.119734 0.119734 0.119734 0.119734 0.119734 0.119734 0.119734 0.119734 0.119734 0.119734 0.119734 0.119734 0.119734 0.119734 0.119734 0.119734 0.119734 0.119734 0.119734 0.119734 0.119734 0.119734 0.119734 0.119734 0.119734 0.119735 0.119737 0.119739 0.119741 0.119743 0.119744 0.119745 0.119745 0.119746 0.119746 0.119746 0.119746 0.119745 0.119745 0.119744 0.119742 0.119739 0.119737 0.119736 0.119735 0.119734 0.119734 0.119734 0.119734 0.119734 0.119734 0.119734 0.119734 0.119734 0.119734 0.119734 0.119734 0.119734 0.119734 0.119734 0.119734 0.119734 0.119734 0.119734 0.119734 0.119734 0.119734 0.119734 0.119734 0.119734 0.119734 0.119734 0.119734 0.119734 0.119734 0.119736 0.119746 0.119783 0.119889 0.120147 0.120657 0.121481 0.122567 
0.116715 0.1178 0.118618 0.119149 0.119453 0.119609 0.119682 0.119714 0.119726 0.119731 0.119733 0.119733 0.119734 0.119734 0.119734 0.119734 0.119734 0.119734 0.119734 0.119734 0.119734 0.119734 0.119734 0.119734 0.119734 0.119734 0.119734 0.119734 0.119734 0.119734 0.119734 0.119734 0.119734 0.119734 0.119734 0.119734 0.119734 0.119734 0.119734 0.119735 0.119737 0.119741 0.119748 0.11976 0.119774 0.119788 0.1198 0.119807 0.119811 0.119813 0.119814 0.119815 0.119815 0.119814 0.119813 0.119808 0.119798 0.119785 0.119771 0.119758 0.119749 0.119743 0.119739 0.119736 0.119735 0.119734 0.119734 0.119734 0.119734 0.119734 0.119734 0.119734 0.119734 0.119734 0.119734 0.119734 0.119734 0.119734 0.119734 0.119734 0.119734 0.119734 0.119734 0.119734 0.119734 0.119734 0.119734 0.119734 0.119734 0.119734 0.119734 0.119734 0.119736 0.119746 0.119783 0.119889 0.120147 0.120657 0.121481 0.122567 
0.116715 0.1178 0.118618 0.119149 0.119453 0.119609 0.119682 0.119714 0.119726 0.119731 0.119733 0.119733 0.119734 0.119734 0.119734 0.119734 0.119734 0.119734 0.119734 0.119734 0.119734 0.119734 0.119734 0.119734 0.119734 0.119734 0.119734 0.119734 0.119734 0.119734 0.119734 0.119734 0.119734 0.119734 0.119734 0.119734 0.119734 0.119736 0.119739 0.119747 0.119762 0.119789 0.119834 0.1199 0.119978 0.120053 0.12011 0.120147 0.120167 0.120177 0.120181 0.120183 0.120183 0.120179 0.120167 0.120137 0.120083 0.12001 0.119935 0.119871 0.119821 0.119786 0.119763 0.119749 0.119742 0.119737 0.119735 0.119734 0.119734 0.119734 0.119734 0.119734 0.119734 0.119734 0.119734 0.119734 0.119734 0.119734 0.119734 0.119734 0.119734 0.119734 0.119734 0.119734 0.119734 0.119734 0.119734 0.119734 0.119734 0.119734 0.119734 0.119734 0.119736 0.119746 0.119783 0.119889 0.120147 0.120657 0.121481 0.122567 
0.116715 0.1178 0.118618 0.119149 0.119453 0.119609 0.119682 0.119714 0.119726 0.119731 0.119733 0.119733 0.119734 0.119734 0.119734 0.119734 0.119734 0.119734 0.119734 0.119734 0.119734 0.119734 0.119734 0.119734 0.119734 0.119734 0.119734 0.119734 0.119734 0.119734 0.119734 0.119734 0.119734 0.119734 0.119734 0.119735 0.119739 0.11975 0.119775 0.119826 0.119917 0.120067 0.120293 0.1206 0.120944 0.121259 0.121495 0.121644 0.121726 0.121765 0.121782 0.121788 0.121785 0.121764 0.121697 0.121548 0.121297 0.120978 0.120653 0.120372 0.120152 0.119992 0.119885 0.119817 0.119777 0.119755 0.119743 0.119738 0.119735 0.119734 0.119734 0.119734 0.119734 0.119734 0.119734 0.119734 0.119734 0.119734 0.119734 0.119734 0.119734 0.119734 0.119734 0.119734 0.119734 0.119734 0.119734 0.119734 0.119734 0.119734 0.119734 0.119734 0.119736 0.119746 0.119783 0.119889 0.120147 0.120657 0.121481 0.122567 
0.116715 0.1178 0.118618 0.119149 0.119453 0.119609 0.119682 0.119714 0.119726 0.119731 0.119733 0.119733 0.119734 0.119734 0.119734 0.119734 0.119734 0.119734 0.119734 0.119734 0.119734 0.119734 0.119734 0.119734 0.119734 0.119734 0.119734 0.119734 0.119734 0.119734 0.119734 0.119734 0.119734 0.119735 0.119738 0.119749 0.119779 0.119848 0.11999 0.120252 0.120684 0.121339 0.122261 0.123422 0.124661 0.125752 0.126552 0.12705 0.127321 0.127451 0.127508 0.127524 0.127503 0.127399 0.12711 0.126515 0.125579 0.124427 0.123267 0.122249 0.121431 0.120818 0.120388 0.120107 0.119935 0.119836 0.119783 0.119756 0.119743 0.119738 0.119735 0.119734 0.119734 0.119734 0.119734 0.119734 0.119734 0.119734 0.119734 0.119734 0.119734 0.119734 0.119734 0.119734 0.119734 0.119734 0.119734 0.119734 0.119734 0.119734 0.119734 0.119734 0.119736 0.119746 0.119783 0.119889 0.120147 0.120657 0.121481 0.122567 
0.116715 0.1178 0.118618 0.119149 0.119453 0.119609 0.119682 0.119714 0.119726 0.119731 0.119733 0.119733 0.119734 0.119734 0.119734 0.119734 0.119734 0.119734 0.119734 0.119734 0.119734 0.119734 0.119734 0.119734 0.119734 0.119734 0.119734 0.119734 0.119734 0.119734 0.119734 0.119734 0.119736 0.119744 0.11977 0.11984 0.120007 0.120354 0.121002 0.122086 0.123734 0.126051 0.129084 0.132667 0.136311 0.13942 0.141652 0.143027 0.14377 0.144127 0.144277 0.14431 0.144209 0.143816 0.142828 0.140929 0.138081 0.134664 0.131225 0.128146 0.125592 0.123607 0.12216 0.121173 0.120542 0.120162 0.119948 0.119835 0.119779 0.119753 0.119741 0.119737 0.119735 0.119734 0.119734 0.119734 0.119734 0.119734 0.119734 0.119734 0.119734 0.119734 0.119734 0.119734 0.119734 0.119734 0.119734 0.119734 0.119734 0.119734 0.119734 0.119734 0.119736 0.119746 0.119783 0.119889 0.120147 0.120657 0.121481 0.122567 
0.116715 0.1178 0.118618 0.119149 0.119453 0.119609 0.119682 0.119714 0.119726 0.119731 0.119733 0.119733 0.119734 0.119734 0.119734 0.119734 0.119734 0.119734 0.119734 0.119734 0.119734 0.119734 0.119734 0.119734 0.119734 0.119734 0.119734 0.119734 0.119734 0.119734 0.119735 0.119739 0.119756 0.119809 0.119957 0.120313 0.12106 0.122457 0.124816 0.128434 0.133514 0.140149 0.148256 0.157281 0.166062 0.173336 0.17847 0.181604 0.183289 0.184096 0.184429 0.184466 0.184119 0.182966 0.180278 0.175399 0.168348 0.160004 0.15153 0.143734 0.137026 0.131595 0.127465 0.124517 0.122536 0.121284 0.120542 0.120132 0.119919 0.119815 0.119768 0.119747 0.119739 0.119736 0.119734 0.119734 0.119734 0.119734 0.119734 0.119734 0.119734 0.119734 0.119734 0.119734 0.119734 0.119734 0.119734 0.119734 0.119734 0.119734 0.119734 0.119734 0.119736 0.119746 0.119783 0.119889 0.120147 0.120657 0.121481 0.122567 
0.116715 0.1178 0.118618 0.119149 0.119453 0.119609 0.119682 0.119714 0.119726 0.119731 0.119733 0.119733 0.119734 0.119734 0.119734 0.119734 0.119734 0.119734 0.119734 0.119734 0.119734 0.119734 0.119734 0.119734 0.119734 0.119734 0.119734 0.119734 0.119734 0.119736 0.119744 0.119775 0.119875 0.120152 0.120823 0.122251 0.124932 0.129454 0.136402 0.146179 0.158881 0.17432 0.191965 0.210535 0.227872 0.241861 0.25159 0.257488 0.260651 0.262165 0.26277 0.262753 0.261867 0.259218 0.253413 0.243326 0.229104 0.212324 0.194956 0.178417 0.16358 0.151017 0.141003 0.133486 0.128159 0.124609 0.122395 0.121106 0.120403 0.120043 0.119869 0.119789 0.119755 0.119742 0.119737 0.119735 0.119734 0.119734 0.119734 0.119734 0.119734 0.119734 0.119734 0.119734 0.119734 0.119734 0.119734 0.119734 0.119734 0.119734 0.119734 0.119734 0.119736 0.119746 0.119783 0.119889 0.120147 0.120657 0.121481 0.122567 
0.116715 0.1178 0.118618 0.119149 0.119453 0.119609 0.119682 0.119714 0.119726 0.119731 0.119733 0.119733 0.119734 0.119734 0.119734 0.119734 0.119734 0.119734 0.119734 0.119734 0.119734 0.119734 0.119734 0.119734 0.119734 0.119734 0.119734 0.119734 0.119737 0.11975 0.119803 0.119975 0.120449 0.121591 0.124022 0.128624 0.136393 0.148258 0.164879 0.186385 0.212262 0.241554 0.272926 0.304207 0.332296 0.35443 0.369637 0.378814 0.383737 0.386095 0.387002 0.386843 0.385125 0.380362 0.370404 0.353618 0.330241 0.302422 0.272794 0.243386 0.215741 0.191153 0.170503 0.154109 0.141804 0.133127 0.127415 0.123901 0.121872 0.120771 0.120208 0.119938 0.119817 0.119766 0.119745 0.119738 0.119735 0.119734 0.119734 0.119734 0.119734 0.119734 0.119734 0.119734 0.119734 0.119734 0.119734 0.119734 0.119734 0.119734 0.119734 0.119734 0.119736 0.119746 0.119783 0.119889 0.120147 0.120657 0.121481 0.122567 
0.116715 0.1178 0.118618 0.119149 0.119453 0.119609 0.119682 0.119714 0.119726 0.119731 0.119733 0.119733 0.119734 0.119734 0.119734 0.119734 0.119734 0.119734 0.119734 0.119734 0.119734 0.119734 0.119734 0.119734 0.119734 0.119734 0.119734 0.119737 0.119756 0.119835 0.120104 0.120856 0.122651 0.126426 0.133537 0.145569 0.163896 0.189311 0.221838 0.260579 0.303792 0.349396 0.395224 0.438583 0.476105 0.505035 0.524717 0.536572 0.542952 0.546014 0.547159 0.546815 0.544267 0.537551 0.523951 0.501416 0.470025 0.431916 0.389779 0.34592 0.302506 0.261733 0.225443 0.194808 0.170354 0.152052 0.139275 0.130925 0.125794 0.122827 0.121218 0.120402 0.120016 0.119846 0.119776 0.119749 0.119739 0.119735 0.119734 0.119734 0.119734 0.119734 0.119734 0.119734 0.119734 0.119734 0.119734 0.119734 0.119734 0.119734 0.119734 0.119734 0.119736 0.119746 0.119783 0.119889 0.120147 0.120657 0.121481 0.122567 
0.116715 0.1178 0.118618 0.119149 0.119453 0.119609 0.119682 0.119714 0.119726 0.119731 0.119733 0.119733 0.119734 0.119734 0.119734 0.119734 0.119734 0.119734 0.119734 0.119734 0.119734 0.119734 0.119734 0.119734 0.119734 0.119734 0.119738 0.11976 0.119862 0.120232 0.121314 0.123942 0.129429 0.139587 0.15657 0.182339 0.21786 0.262708 0.315261 0.372958 0.432702 0.491569 0.547163 0.597138 0.638864 0.670392 0.69167 0.704492 0.711431 0.714783 0.716022 0.715575 0.712651 0.705164 0.690262 0.665677 0.631016 0.587656 0.537526 0.482528 0.424938 0.367515 0.313027 0.263878 0.222008 0.188635 0.163798 0.146443 0.135018 0.127951 0.123868 0.121677 0.120588 0.120085 0.11987 0.119783 0.119751 0.119739 0.119735 0.119734 0.119734 0.119734 0.119734 0.119734 0.119734 0.119734 0.119734 0.119734 0.119734 0.119734 0.119734 0.119734 0.119736 0.119746 0.119783 0.119889 0.120147 0.120657 0.121481 0.122567 
0.116715 0.1178 0.118618 0.119149 0.119453 0.119609 0.119682 0.119714 0.119726 0.119731 0.119733 0.119733 0.119734 0.119734 0.119734 0.119734 0.119734 0.119734 0.119734 0.119734 0.119734 0.119734 0.119734 0.119734 0.119734 0.119737 0.11976 0.119873 0.120314 0.121691 0.125197 0.132669 0.146419 0.168933 0.202454 0.248185 0.305394 0.371375 0.442374 0.514402 0.583793 0.647789 0.704715 0.753401 0.792648 0.821729 0.84122 0.852989 0.859407 0.86254 0.863712 0.863315 0.860663 0.853943 0.84063 0.818522 0.786676 0.745329 0.695105 0.63682 0.571985 0.502993 0.432848 0.364995 0.30313 0.250388 0.208282 0.176605 0.154136 0.139213 0.130012 0.124777 0.122037 0.120715 0.120125 0.119881 0.119786 0.119751 0.119739 0.119735 0.119734 0.119734 0.119734 0.119734 0.119734 0.119734 0.119734 0.119734 0.119734 0.119734 0.119734 0.119734 0.119736 0.119746 0.119783 0.119889 0.120147 0.120657 0.121481 0.122567 
0.116715 0.1178 0.118618 0.119149 0.119453 0.119609 0.119682 0.119714 0.119726 0.119731 0.119733 0.119733 0.119734 0.119734 0.119734 0.119734 0.119734 0.119734 0.119734 0.119734 0.119734 0.119734 0.119734 0.119734 0.119737 0.119756 0.119862 0.120314 0.121839 0.125989 0.135284 0.15282 0.181455 0.22315 0.278611 0.346811 0.424474 0.506632 0.588162 0.664873 0.733859 0.793607 0.843813 0.884735 0.916596 0.939742 0.95515 0.964477 0.969607 0.972146 0.973125 0.972873 0.970914 0.965925 0.955997 0.939277 0.914526 0.881047 0.838229 0.785563 0.72313 0.651953 0.574166 0.493307 0.41419 0.341676 0.27914 0.228155 0.18902 0.161034 0.14258 0.131439 0.125292 0.122187 0.120744 0.120124 0.119876 0.119783 0.11975 0.119739 0.119735 0.119734 0.119734 0.119734 0.119734 0.119734 0.119734 0.119734 0.119734 0.119734 0.119734 0.119734 0.119736 0.119746 0.119783 0.119889 0.120147 0.120657 0.121481 0.122567 
0.116715 0.1178 0.118618 0.119149 0.119453 0.119609 0.119682 0.119714 0.119726 0.119731 0.119733 0.119733 0.119734 0.119734 0.119734 0.119734 0.119734 0.119734 0.119734 0.119734 0.119734 0.119734 0.119734 0.119736 0.11975 0.119835 0.120232 0.121691 0.125989 0.136299 0.1568 0.191284 0.241602 0.307138 0.385351 0.472285 0.562686 0.650796 0.731848 0.802916 0.862819 0.911719 0.950661 0.980965 1.00376 1.01998 1.03069 1.03719 1.0408 1.04261 1.04334 1.04323 1.04201 1.03886 1.03253 1.02166 1.00508 0.981699 0.950209 0.909136 0.85717 0.793594 0.71885 0.635289 0.54728 0.460049 0.378241 0.305586 0.245036 0.19831 0.165308 0.144124 0.131787 0.125252 0.122085 0.12067 0.120085 0.119858 0.119775 0.119747 0.119738 0.119735 0.119734 0.119734 0.119734 0.119734 0.119734 0.119734 0.119734 0.119734 0.119734 0.119734 0.119736 0.119746 0.119783 0.119889 0.120147 0.120657 0.121481 0.122567 
0.116715 0.1178 0.118618 0.119149 0.119453 0.119609 0.119682 0.119714 0.119726 0.119731 0.119733 0.119733 0.119734 0.119734 0.119734 0.119734 0.119734 0.119734 0.119734 0.119734 0.119734 0.119734 0.119735 0.119744 0.119803 0.120104 0.121314 0.125197 0.135284 0.1568 0.195055 0.252829 0.328688 0.417669 0.513463 0.610047 0.70203 0.784952 0.856021 0.914389 0.960703 0.996472 1.02355 1.0437 1.05835 1.06854 1.07522 1.07927 1.08154 1.08269 1.08318 1.08316 1.08251 1.08078 1.07724 1.07104 1.0613 1.04697 1.02669 0.998662 0.960832 0.911208 0.848519 0.773114 0.687322 0.59483 0.499981 0.407876 0.324325 0.25461 0.201765 0.165637 0.143384 0.130988 0.124703 0.12178 0.120524 0.120022 0.119833 0.119766 0.119744 0.119737 0.119735 0.119734 0.119734 0.119734 0.119734 0.119734 0.119734 0.119734 0.119734 0.119734 0.119736 0.119746 0.119783 0.119889 0.120147 0.120657 0.121481 0.122567 
0.116715 0.1178 0.118618 0.119149 0.119453 0.119609 0.119682 0.119714 0.119726 0.119731 0.119733 0.119733 0.119734 0.119734 0.119734 0.119734 0.119734 0.119734 0.119734 0.119734 0.119734 0.119734 0.119739 0.119775 0.119975 0.120856 0.123942 0.132669 0.15282 0.191284 0.252829 0.336828 0.436777 0.543135 0.647098 0.742597 0.826111 0.895931 0.951895 0.995137 1.02757 1.05135 1.06852 1.08076 1.08935 1.09519 1.09898 1.10127 1.10257 1.10323 1.10353 1.10354 1.10324 1.10239 1.10063 1.09747 1.09236 1.08455 1.07293 1.05597 1.0316 0.997406 0.951084 0.891098 0.817098 0.729886 0.631692 0.527146 0.423702 0.330205 0.254017 0.198426 0.162105 0.140754 0.129383 0.123854 0.121379 0.120351 0.119953 0.119808 0.119757 0.119741 0.119736 0.119734 0.119734 0.119734 0.119734 0.119734 0.119734 0.119734 0.119734 0.119734 0.119736 0.119746 0.119783 0.119889 0.120147 0.120657 0.121481 0.122567 
0.116715 0.1178 0.118618 0.119149 0.119453 0.119609 0.119682 0.119714 0.119726 0.119731 0.119733 0.119733 0.119734 0.119734 0.119734 0.119734 0.119734 0.119734 0.119734 0.119734 0.119734 0.119736 0.119756 0.119875 0.120449 0.122651 0.129429 0.146419 0.181455 0.241602 0.328688 0.436777 0.554127 0.668261 0.770275 0.85609 0.925178 0.978817 1.0191 1.04847 1.06936 1.08394 1.094 1.10088 1.10555 1.10865 1.11063 1.11183 1.1125 1.11286 1.11302 1.11304 1.11291 1.11254 1.11174 1.11029 1.10786 1.10401 1.09802 1.0888 1.07474 1.05372 1.02323 0.980671 0.923542 0.849636 0.757986 0.650776 0.534907 0.421349 0.321736 0.24396 0.189841 0.156111 0.137152 0.127466 0.122933 0.120975 0.120187 0.119891 0.119785 0.11975 0.119739 0.119735 0.119734 0.119734 0.119734 0.119734 0.119734 0.119734 0.119734 0.119734 0.119736 0.119746 0.119783 0.119889 0.120147 0.120657 0.121481 0.122567 
0.116715 0.1178 0.118618 0.119149 0.119453 0.119609 0.119682 0.119714 0.119726 0.119731 0.119733 0.119733 0.119734 0.119734 0.119734 0.119734 0.119734 0.119734 0.119734 0.119734 0.119735 0.119744 0.119809 0.120152 0.121591 0.126426 0.139587 0.168933 0.22315 0.307138 0.417669 0.543135 0.668261 0.780306 0.872546 0.944017 0.997148 1.03548 1.06246 1.08102 1.09356 1.10192 1.10744 1.11107 1.11344 1.11498 1.11595 1.11653 1.11686 1.11703 1.11711 1.11713 1.11708 1.11693 1.1166 1.11599 1.11493 1.11319 1.11038 1.10582 1.09848 1.08681 1.06872 1.04145 1.00146 0.944458 0.866412 0.766012 0.647494 0.521537 0.402412 0.302531 0.228147 0.178729 0.149267 0.133392 0.1256 0.122087 0.12062 0.120049 0.11984 0.119768 0.119744 0.119737 0.119735 0.119734 0.119734 0.119734 0.119734 0.119734 0.119734 0.119734 0.119736 0.119746 0.119783 0.119889 0.120147 0.120657 0.121481 0.122567 
0.116715 0.1178 0.118618 0.119149 0.119453 0.119609 0.119682 0.119714 0.119726 0.119731 0.119733 0.119733 0.119734 0.119734 0.119734 0.119734 0.119734 0.119734 0.119734 0.119734 0.119738 0.11977 0.119957 0.120823 0.124022 0.133537 0.15657 0.202454 0.278611 0.385351 0.513463 0.647098 0.770275 0.872546 0.950667 1.00678 1.04546 1.07141 1.0885 1.0996 1.10672 1.11124 1.11411 1.11592 1.11706 1.11778 1.11823 1.11849 1.11865 1.11873 1.11877 1.11878 1.11876 1.1187 1.11858 1.11833 1.11791 1.11719 1.11597 1.1139 1.11039 1.10448 1.09468 1.07868 1.05294 1.01236 0.950972 0.864218 0.752528 0.623813 0.492247 0.373264 0.27795 0.210135 0.167095 0.142568 0.129917 0.123959 0.121375 0.120334 0.119941 0.119802 0.119755 0.11974 0.119736 0.119734 0.119734 0.119734 0.119734 0.119734 0.119734 0.119734 0.119736 0.119746 0.119783 0.119889 0.120147 0.120657 0.121481 0.122567 
0.116715 0.1178 0.118618 0.119149 0.119453 0.119609 0.119682 0.119714 0.119726 0.119731 0.119733 0.119733 0.119734 0.119734 0.119734 0.119734 0.119734 0.119734 0.119734 0.119735 0.119749 0.11984 0.120313 0.122251 0.128624 0.145569 0.182339 0.248185 0.346811 0.472285 0.610047 0.742597 0.85609 0.944017 1.00678 1.04888 1.07592 1.09283 1.10325 1.10962 1.11349 1.11583 1.11725 1.11811 1.11864 1.11896 1.11916 1.11927 1.11934 1.11938 1.11939 1.1194 1.11939 1.11937 1.11933 1.11924 1.11908 1.1188 1.11831 1.11744 1.11589 1.11313 1.10822 1.09951 1.08405 1.05706 1.01202 0.942272 0.844497 0.722188 0.586628 0.453845 0.338992 0.251232 0.191816 0.155957 0.136506 0.126932 0.122616 0.120817 0.120118 0.119863 0.119775 0.119746 0.119737 0.119735 0.119734 0.119734 0.119734 0.119734 0.119734 0.119734 0.119736 0.119746 0.119783 0.119889 0.120147 0.120657 0.121481 0.122567 
0.116715 0.1178 0.118618 0.119149 0.119453 0.119609 0.119682 0.119714 0.119726 0.119731 0.119733 0.119733 0.119734 0.119734 0.119734 0.119734 0.119734 0.119734 0.119734 0.119739 0.119779 0.120007 0.12106 0.124932 0.136393 0.163896 0.21786 0.305394 0.424474 0.562686 0.70203 0.826111 0.925178 0.997148 1.04546 1.07592 1.09427 1.10502 1.11122 1.11477 1.11682 1.11799 1.11867 1.11907 1.1193 1.11944 1.11952 1.11957 1.1196 1.11961 1.11962 1.11962 1.11962 1.11961 1.1196 1.11957 1.11951 1.11941 1.11922 1.11888 1.11825 1.11704 1.11474 1.11028 1.10152 1.08461 1.05356 1.00102 0.920838 0.811725 0.680187 0.540267 0.409364 0.301817 0.224079 0.174361 0.145984 0.131383 0.124539 0.121589 0.120408 0.119966 0.11981 0.119757 0.119741 0.119736 0.119734 0.119734 0.119734 0.119734 0.119734 0.119734 0.119736 0.119746 0.119783 0.119889 0.120147 0.120657 0.121481 0.122567 
0.116715 0.1178 0.118618 0.119149 0.119453 0.119609 0.119682 0.119714 0.119726 0.119731 0.119733 0.119733 0.119734 0.119734 0.119734 0.119734 0.119734 0.119734 0.119736 0.11975 0.119848 0.120354 0.122457 0.129454 0.148258 0.189311 0.262708 0.371375 0.506632 0.650796 0.784952 0.895931 0.978817 1.03548 1.07141 1.09283 1.10502 1.11174 1.11537 1.11733 1.11839 1.11897 1.11929 1.11947 1.11957 1.11962 1.11966 1.11968 1.11969 1.11969 1.1197 1.1197 1.1197 1.1197 1.11969 1.11968 1.11966 1.11963 1.11956 1.11943 1.11919 1.11869 1.11768 1.11551 1.11079 1.10075 1.08051 1.04313 0.980943 0.888699 0.767542 0.627489 0.485742 0.360499 0.263805 0.198243 0.15886 0.137676 0.127357 0.122755 0.120858 0.120129 0.119866 0.119776 0.119747 0.119737 0.119735 0.119734 0.119734 0.119734 0.119734 0.119734 0.119736 0.119746 0.119783 0.119889 0.120147 0.120657 0.121481 0.122567 
0.116715 0.1178 0.118618 0.119149 0.119453 0.119609 0.119682 0.119714 0.119726 0.119731 0.119733 0.119733 0.119734 0.119734 0.119734 0.119734 0.119734 0.119734 0.119739 0.119775 0.11999 0.121002 0.124816 0.136402 0.164879 0.221838 0.315261 0.442374 0.588162 0.731848 0.856021 0.951895 1.0191 1.06246 1.0885 1.10325 1.11122 1.11537 1.1175 1.11857 1.11912 1.1194 1.11955 1.11963 1.11967 1.11969 1.11971 1.11971 1.11972 1.11972 1.11972 1.11972 1.11972 1.11972 1.11972 1.11972 1.11971 1.1197 1.11968 1.11963 1.11954 1.11935 1.11892 1.11791 1.11549 1.10979 1.09722 1.07187 1.02584 0.95131 0.84465 0.710731 0.564171 0.424927 0.310107 0.227577 0.175416 0.146097 0.13126 0.124421 0.121519 0.120375 0.119952 0.119804 0.119756 0.11974 0.119736 0.119734 0.119734 0.119734 0.119734 0.119734 0.119736 0.119746 0.119783 0.119889 0.120147 0.120657 0.121481 0.122567 
0.116715 0.1178 0.118618 0.119149 0.119453 0.119609 0.119682 0.119714 0.119726 0.119731 0.119733 0.119733 0.119734 0.119734 0.119734 0.119734 0.119734 0.119735 0.119747 0.119826 0.120252 0.122086 0.128434 0.146179 0.186385 0.260579 0.372958 0.514402 0.664873 0.802916 0.914389 0.995137 1.04847 1.08102 1.0996 1.10962 1.11477 1.11733 1.11857 1.11917 1.11945 1.11959 1.11966 1.11969 1.11971 1.11972 1.11972 1.11973 1.11973 1.11973 1.11973 1.11973 1.11973 1.11973 1.11973 1.11973 1.11973 1.11972 1.11972 1.1197 1.11967 1.1196 1.11942 1.11897 1.11777 1.11467 1.10717 1.09063 1.05781 0.999814 0.909436 0.786295 0.640698 0.492082 0.361307 0.261748 0.195599 0.156776 0.136384 0.126676 0.122438 0.120724 0.120077 0.119847 0.119769 0.119744 0.119737 0.119735 0.119734 0.119734 0.119734 0.119734 0.119736 0.119746 0.119783 0.119889 0.120147 0.120657 0.121481 0.122567 
0.116715 0.1178 0.118618 0.119149 0.119453 0.119609 0.119682 0.119714 0.119726 0.119731 0.119733 0.119733 0.119734 0.119734 0.119734 0.119734 0.119734 0.119737 0.119762 0.119917 0.120684 0.123734 0.133514 0.158881 0.212262 0.303792 0.432702 0.583793 0.733859 0.862819 0.960703 1.02757 1.06936 1.09356 1.10672 1.11349 1.11682 1.11839 1.11912 1.11945 1.1196 1.11967 1.1197 1.11972 1.11972 1.11973 1.11973 1.11973 1.11973 1.11973 1.11973 1.11973 1.11973 1.11973 1.11973 1.11973 1.11973 1.11973 1.11973 1.11972 1.11971 1.11969 1.11962 1.11942 1.11885 1.11721 1.11287 1.10239 1.07966 1.03583 0.961511 0.851783 0.71187 0.558741 0.415211 0.299644 0.219017 0.169662 0.142781 0.129575 0.123651 0.121197 0.12025 0.119907 0.119789 0.119751 0.119739 0.119735 0.119734 0.119734 0.119734 0.119734 0.119736 0.119746 0.119783 0.119889 0.120147 0.120657 0.121481 0.122567 
0.116715 0.1178 0.118618 0.119149 0.119453 0.119609 0.119682 0.119714 0.119726 0.119731 0.119733 0.119733 0.119734 0.119734 0.119734 0.119734 0.119734 0.119741 0.119789 0.120067 0.121339 0.126051 0.140149 0.17432 0.241554 0.349396 0.491569 0.647789 0.793607 0.911719 0.996472 1.05135 1.08394 1.10192 1.11124 1.11583 1.11799 1.11897 1.1194 1.11959 1.11967 1.11971 1.11972 1.11973 1.11973 1.11973 1.11973 1.11973 1.11973 1.11973 1.11973 1.11973 1.11973 1.11973 1.11973 1.11973 1.11973 1.11973 1.11973 1.11973 1.11973 1.11972 1.11969 1.11961 1.11934 1.1185 1.11604 1.10953 1.09407 1.06158 1.00174 0.906265 0.775378 0.622209 0.469614 0.339882 0.244988 0.184495 0.150384 0.133118 0.12517 0.121802 0.120476 0.119986 0.119816 0.119759 0.119741 0.119736 0.119734 0.119734 0.119734 0.119734 0.119736 0.119746 0.119783 0.119889 0.120147 0.120657 0.121481 0.122567 
0.116715 0.1178 0.118618 0.119149 0.119453 0.119609 0.119682 0.119714 0.119726 0.119731 0.119733 0.119733 0.119734 0.119734 0.119734 0.119734 0.119735 0.119748 0.119834 0.120293 0.122261 0.129084 0.148256 0.191965 0.272926 0.395224 0.547163 0.704715 0.843813 0.950661 1.02355 1.06852 1.094 1.10744 1.11411 1.11725 1.11867 1.11929 1.11955 1.11966 1.1197 1.11972 1.11973 1.11973 1.11973 1.11973 1.11973 1.11973 1.11973 1.11973 1.11973 1.11973 1.11973 1.11973 1.11973 1.11973 1.11973 1.11973 1.11973 1.11973 1.11973 1.11973 1.11972 1.11968 1.11956 1.11913 1.11775 1.11374 1.10331 1.07945 1.03192 0.950258 0.830292 0.680579 0.522402 0.380744 0.272394 0.200667 0.15891 0.137192 0.126955 0.122527 0.120751 0.120085 0.119849 0.11977 0.119745 0.119737 0.119735 0.119734 0.119734 0.119734 0.119736 0.119746 0.119783 0.119889 0.120147 0.120657 0.121481 0.122567 
0.116715 0.1178 0.118618 0.119149 0.119453 0.119609 0.119682 0.119714 0.119726 0.119731 0.119733 0.119733 0.119734 0.119734 0.119734 0.119734 0.119737 0.11976 0.1199 0.1206 0.123422 0.132667 0.157281 0.210535 0.304207 0.438583 0.597138 0.753401 0.884735 0.980965 1.0437 1.08076 1.10088 1.11107 1.11592 1.11811 1.11907 1.11947 1.11963 1.11969 1.11972 1.11973 1.11973 1.11973 1.11973 1.11973 1.11973 1.11973 1.11973 1.11973 1.11973 1.11973 1.11973 1.11973 1.11973 1.11973 1.11973 1.11973 1.11973 1.11973 1.11973 1.11973 1.11973 1.11971 1.11966 1.11944 1.11866 1.11618 1.10914 1.09168 1.05416 0.984959 0.876279 0.732034 0.570993 0.41975 0.299383 0.217031 0.167748 0.141507 0.128884 0.123326 0.12106 0.120197 0.119888 0.119783 0.119749 0.119738 0.119735 0.119734 0.119734 0.119734 0.119736 0.119746 0.119783 0.119889 0.120147 0.120657 0.121481 0.122567 
0.116715 0.1178 0.118618 0.119149 0.119453 0.119609 0.119682 0.119714 0.119726 0.119731 0.119733 0.119733 0.119734 0.119734 0.119734 0.119734 0.119739 0.119774 0.119978 0.120944 0.124661 0.136311 0.166062 0.227872 0.332296 0.476105 0.638864 0.792648 0.916596 1.00376 1.05835 1.08935 1.10555 1.11344 1.11706 1.11864 1.1193 1.11957 1.11967 1.11971 1.11972 1.11973 1.11973 1.11973 1.11973 1.11973 1.11973 1.11973 1.11973 1.11973 1.11973 1.11973 1.11973 1.11973 1.11973 1.11973 1.11973 1.11973 1.11973 1.11973 1.11973 1.11973 1.11973 1.11973 1.1197 1.11959 1.11914 1.11759 1.1128 1.09993 1.07014 1.01125 0.912718 0.774352 0.612241 0.453796 0.323538 0.23202 0.176022 0.145631 0.130765 0.124119 0.121372 0.120313 0.119928 0.119796 0.119753 0.119739 0.119735 0.119734 0.119734 0.119734 0.119736 0.119746 0.119783 0.119889 0.120147 0.120657 0.121481 0.122567 
