3.4659 3.46611 3.46633 3.46658 3.46684 3.46711 3.4674 3.46771 3.46803 3.46837 3.46874 3.46913 3.46955 3.46999 3.47047 3.47098 3.47154 3.47213 3.47277 3.47346 3.47419 3.47498 3.47582 3.47671 3.47766 3.47865 3.4797 3.48079 3.48193 3.4831 3.48431 3.48555 3.48681 3.48807 3.48935 3.49061 3.49186 3.49309 3.49428 3.49542 3.49651 3.49753 3.49847 3.49934 3.5001 3.50077 3.50133 3.50178 3.50212 3.50233 3.50242 3.50239 3.50223 3.50195 3.50156 3.50106 3.50044 3.49973 3.49892 3.49802 3.49705 3.49601 3.49491 3.49376 3.49258 3.49137 3.49015 3.48891 3.48768 3.48646 3.48526 3.48409 3.48295 3.48186 3.48081 3.47982 3.47888 3.478 3.47718 3.47642 3.47573 3.4751 3.47454 3.47404 3.47361 3.47323 3.47291 3.47265 3.47244 3.47228 3.47216 3.4721 3.47207 3.47208 3.47212 3.47219 3.4723 3.47243 3.47258 3.47275 
3.46611 3.46632 3.46655 3.46679 3.46705 3.46732 3.46761 3.46792 3.46824 3.46859 3.46896 3.46935 3.46976 3.47021 3.47069 3.47121 3.47177 3.47237 3.47301 3.47371 3.47445 3.47524 3.47609 3.477 3.47795 3.47896 3.48002 3.48113 3.48228 3.48348 3.4847 3.48596 3.48723 3.48852 3.48981 3.49109 3.49236 3.4936 3.49481 3.49597 3.49708 3.49811 3.49907 3.49995 3.50073 3.50141 3.50198 3.50243 3.50277 3.50298 3.50307 3.50304 3.50288 3.5026 3.5022 3.50169 3.50106 3.50034 3.49952 3.49861 3.49762 3.49656 3.49545 3.49428 3.49308 3.49186 3.49061 3.48936 3.48811 3.48687 3.48565 3.48447 3.48331 3.4822 3.48114 3.48013 3.47918 3.47829 3.47746 3.47669 3.47599 3.47536 3.47479 3.47428 3.47384 3.47346 3.47314 3.47287 3.47266 3.4725 3.47238 3.47231 3.47228 3.47229 3.47233 3.47241 3.47251 3.47264 3.47279 3.47296 
3.46633 3.46655 3.46677 3.46702 3.46728 3.46756 3.46785 3.46816 3.46849 3.46885 3.46922 3.46962 3.47005 3.47051 3.47101 3.47155 3.47212 3.47274 3.47341 3.47413 3.47491 3.47574 3.47662 3.47756 3.47856 3.47961 3.48071 3.48187 3.48307 3.48431 3.48559 3.4869 3.48823 3.48957 3.49092 3.49226 3.49358 3.49487 3.49613 3.49734 3.49849 3.49957 3.50057 3.50148 3.50229 3.50299 3.50359 3.50406 3.50441 3.50463 3.50472 3.50469 3.50452 3.50423 3.50381 3.50327 3.50262 3.50187 3.50101 3.50006 3.49903 3.49793 3.49677 3.49555 3.4943 3.49302 3.49172 3.49042 3.48911 3.48782 3.48655 3.48531 3.48411 3.48295 3.48184 3.48079 3.4798 3.47886 3.478 3.4772 3.47647 3.4758 3.4752 3.47467 3.47421 3.47381 3.47347 3.47318 3.47296 3.47278 3.47266 3.47258 3.47254 3.47254 3.47258 3.47264 3.47274 3.47287 3.47302 3.47319 
3.46658 3.46679 3.46702 3.46727 3.46753 3.46782 3.46812 3.46844 3.46878 3.46915 3.46954 3.46996 3.47041 3.4709 3.47142 3.47199 3.4726 3.47326 3.47398 3.47475 3.47557 3.47646 3.4774 3.47841 3.47947 3.4806 3.48178 3.48302 3.4843 3.48563 3.487 3.4884 3.48982 3.49125 3.49268 3.49411 3.49552 3.49691 3.49825 3.49953 3.50076 3.50191 3.50297 3.50394 3.5048 3.50555 3.50618 3.50668 3.50705 3.50729 3.50738 3.50734 3.50716 3.50685 3.5064 3.50583 3.50513 3.50432 3.50341 3.50239 3.5013 3.50012 3.49888 3.49758 3.49625 3.49488 3.49349 3.49209 3.4907 3.48932 3.48796 3.48664 3.48535 3.48411 3.48292 3.48179 3.48073 3.47973 3.4788 3.47794 3.47715 3.47643 3.47579 3.47521 3.47471 3.47427 3.4739 3.47358 3.47333 3.47313 3.47299 3.47289 3.47284 3.47282 3.47285 3.47291 3.473 3.47312 3.47327 3.47344 
3.46684 3.46705 3.46728 3.46753 3.4678 3.4681 3.46841 3.46875 3.46911 3.46949 3.46991 3.47036 3.47084 3.47137 3.47193 3.47255 3.47321 3.47393 3.47471 3.47555 3.47645 3.47741 3.47845 3.47955 3.48071 3.48194 3.48323 3.48459 3.48599 3.48744 3.48893 3.49046 3.492 3.49357 3.49513 3.49669 3.49822 3.49972 3.50118 3.50258 3.50391 3.50515 3.50631 3.50736 3.50829 3.5091 3.50978 3.51032 3.51072 3.51097 3.51108 3.51103 3.51083 3.51049 3.51 3.50937 3.50861 3.50773 3.50673 3.50563 3.50443 3.50315 3.5018 3.50039 3.49893 3.49744 3.49593 3.49441 3.49289 3.49139 3.4899 3.48845 3.48705 3.48569 3.48439 3.48315 3.48199 3.48089 3.47986 3.47892 3.47805 3.47726 3.47654 3.47591 3.47534 3.47485 3.47443 3.47408 3.47378 3.47355 3.47338 3.47325 3.47318 3.47315 3.47315 3.4732 3.47328 3.47339 3.47353 3.4737 
3.46711 3.46732 3.46756 3.46782 3.4681 3.4684 3.46873 3.46909 3.46947 3.46989 3.47034 3.47082 3.47135 3.47192 3.47255 3.47322 3.47396 3.47475 3.47561 3.47654 3.47755 3.47862 3.47977 3.48099 3.48229 3.48365 3.48509 3.48659 3.48815 3.48976 3.49141 3.4931 3.49481 3.49654 3.49827 3.49999 3.50169 3.50335 3.50495 3.5065 3.50796 3.50933 3.5106 3.51175 3.51278 3.51367 3.51442 3.51501 3.51544 3.51572 3.51583 3.51577 3.51555 3.51516 3.51462 3.51393 3.51309 3.51211 3.51101 3.50979 3.50847 3.50706 3.50556 3.504 3.50239 3.50074 3.49907 3.49738 3.4957 3.49403 3.49239 3.49078 3.48922 3.48771 3.48626 3.48488 3.48358 3.48235 3.48121 3.48015 3.47917 3.47828 3.47748 3.47676 3.47612 3.47556 3.47507 3.47466 3.47432 3.47404 3.47383 3.47367 3.47356 3.4735 3.47349 3.47352 3.47358 3.47368 3.47382 3.47397 
3.4674 3.46761 3.46785 3.46812 3.46841 3.46873 3.46908 3.46946 3.46988 3.47033 3.47082 3.47135 3.47194 3.47257 3.47327 3.47402 3.47484 3.47574 3.4767 3.47775 3.47887 3.48008 3.48138 3.48275 3.48421 3.48575 3.48736 3.48905 3.4908 3.4926 3.49446 3.49635 3.49827 3.50021 3.50214 3.50406 3.50596 3.50781 3.5096 3.51132 3.51295 3.51447 3.51588 3.51716 3.5183 3.51929 3.52011 3.52077 3.52125 3.52155 3.52166 3.5216 3.52135 3.52092 3.52031 3.51953 3.5186 3.51751 3.51627 3.51491 3.51344 3.51185 3.51018 3.50844 3.50664 3.5048 3.50292 3.50104 3.49915 3.49728 3.49543 3.49363 3.49187 3.49018 3.48855 3.487 3.48552 3.48414 3.48285 3.48164 3.48054 3.47952 3.4786 3.47778 3.47704 3.47639 3.47583 3.47534 3.47494 3.4746 3.47434 3.47413 3.47399 3.4739 3.47386 3.47386 3.47391 3.474 3.47412 3.47427 
3.46771 3.46792 3.46816 3.46844 3.46875 3.46909 3.46946 3.46987 3.47033 3.47082 3.47136 3.47196 3.47261 3.47332 3.4741 3.47495 3.47588 3.47689 3.47799 3.47917 3.48045 3.48182 3.48329 3.48485 3.4865 3.48825 3.49007 3.49198 3.49396 3.49601 3.4981 3.50024 3.50241 3.50459 3.50677 3.50893 3.51106 3.51314 3.51515 3.51707 3.5189 3.52061 3.52219 3.52362 3.52489 3.526 3.52691 3.52764 3.52818 3.52851 3.52863 3.52855 3.52826 3.52778 3.52709 3.52622 3.52516 3.52394 3.52255 3.52102 3.51936 3.51758 3.5157 3.51374 3.51171 3.50964 3.50752 3.5054 3.50327 3.50116 3.49907 3.49703 3.49504 3.49312 3.49127 3.48951 3.48784 3.48626 3.48479 3.48341 3.48214 3.48098 3.47992 3.47897 3.47812 3.47736 3.4767 3.47613 3.47565 3.47524 3.47492 3.47466 3.47447 3.47434 3.47426 3.47424 3.47426 3.47433 3.47444 3.47458 
3.46803 3.46824 3.46849 3.46878 3.46911 3.46947 3.46988 3.47033 3.47082 3.47137 3.47197 3.47264 3.47337 3.47418 3.47506 3.47602 3.47708 3.47823 3.47948 3.48083 3.48228 3.48385 3.48552 3.4873 3.48918 3.49117 3.49325 3.49542 3.49767 3.49999 3.50237 3.5048 3.50725 3.50972 3.51218 3.51462 3.51702 3.51937 3.52164 3.52381 3.52586 3.52778 3.52956 3.53116 3.53259 3.53383 3.53485 3.53567 3.53626 3.53663 3.53676 3.53667 3.53634 3.53579 3.53501 3.53402 3.53283 3.53145 3.52989 3.52816 3.52628 3.52427 3.52215 3.51994 3.51764 3.51529 3.51291 3.5105 3.50809 3.50569 3.50333 3.50101 3.49875 3.49656 3.49446 3.49245 3.49054 3.48874 3.48705 3.48547 3.48402 3.48268 3.48146 3.48035 3.47936 3.47848 3.4777 3.47703 3.47645 3.47597 3.47556 3.47524 3.475 3.47482 3.4747 3.47464 3.47464 3.47469 3.47478 3.47491 
3.46837 3.46859 3.46885 3.46915 3.46949 3.46989 3.47033 3.47082 3.47137 3.47198 3.47266 3.47341 3.47423 3.47514 3.47615 3.47725 3.47845 3.47976 3.48119 3.48273 3.4844 3.48619 3.4881 3.49013 3.49228 3.49455 3.49692 3.49939 3.50195 3.50459 3.5073 3.51005 3.51283 3.51563 3.51841 3.52118 3.52389 3.52654 3.5291 3.53155 3.53386 3.53603 3.53802 3.53983 3.54143 3.54282 3.54397 3.54488 3.54554 3.54595 3.54609 3.54598 3.54561 3.54498 3.5441 3.54298 3.54164 3.54007 3.53831 3.53636 3.53424 3.53197 3.52957 3.52706 3.52447 3.52181 3.5191 3.51637 3.51363 3.51091 3.50823 3.50559 3.50302 3.50053 3.49813 3.49584 3.49365 3.49159 3.48965 3.48784 3.48617 3.48462 3.48321 3.48193 3.48078 3.47975 3.47884 3.47804 3.47736 3.47678 3.47629 3.47589 3.47558 3.47534 3.47518 3.47508 3.47505 3.47507 3.47514 3.47526 
3.46874 3.46896 3.46922 3.46954 3.46991 3.47034 3.47082 3.47136 3.47197 3.47266 3.47342 3.47426 3.4752 3.47624 3.47738 3.47863 3.48001 3.48151 3.48314 3.4849 3.48681 3.48885 3.49104 3.49336 3.49581 3.4984 3.5011 3.50392 3.50684 3.50984 3.51291 3.51603 3.51918 3.52235 3.52551 3.52863 3.5317 3.53469 3.53758 3.54034 3.54295 3.54538 3.54763 3.54966 3.55145 3.55301 3.5543 3.55532 3.55606 3.55651 3.55666 3.55653 3.5561 3.55539 3.5544 3.55314 3.55162 3.54985 3.54786 3.54565 3.54326 3.54069 3.53798 3.53515 3.53221 3.5292 3.52614 3.52304 3.51994 3.51686 3.5138 3.51081 3.50788 3.50504 3.50231 3.49969 3.4972 3.49483 3.49261 3.49054 3.48861 3.48683 3.4852 3.48372 3.48238 3.48118 3.48012 3.47919 3.47837 3.47768 3.47709 3.47661 3.47622 3.47592 3.4757 3.47556 3.47548 3.47547 3.47553 3.47563 
3.46913 3.46935 3.46962 3.46996 3.47036 3.47082 3.47135 3.47196 3.47264 3.47341 3.47426 3.47522 3.47628 3.47746 3.47876 3.48019 3.48176 3.48348 3.48534 3.48736 3.48953 3.49187 3.49436 3.49701 3.49981 3.50275 3.50583 3.50903 3.51235 3.51575 3.51923 3.52277 3.52634 3.52993 3.53349 3.53702 3.54048 3.54385 3.5471 3.55021 3.55314 3.55588 3.5584 3.56067 3.56269 3.56443 3.56587 3.56701 3.56783 3.56833 3.56851 3.56835 3.56786 3.56706 3.56594 3.56451 3.5628 3.56081 3.55856 3.55608 3.55338 3.55049 3.54743 3.54423 3.54092 3.53752 3.53405 3.53055 3.52704 3.52354 3.52008 3.51668 3.51336 3.51013 3.50702 3.50404 3.50119 3.49849 3.49595 3.49358 3.49136 3.48932 3.48744 3.48573 3.48418 3.48279 3.48155 3.48046 3.47951 3.47869 3.47799 3.4774 3.47693 3.47655 3.47627 3.47607 3.47596 3.47591 3.47594 3.47603 
3.46955 3.46976 3.47005 3.47041 3.47084 3.47135 3.47194 3.47261 3.47337 3.47423 3.4752 3.47628 3.47749 3.47883 3.48031 3.48194 3.48373 3.48568 3.48781 3.49011 3.49259 3.49525 3.49809 3.5011 3.50429 3.50763 3.51113 3.51476 3.51851 3.52237 3.52631 3.53031 3.53434 3.53838 3.5424 3.54637 3.55027 3.55405 3.5577 3.56119 3.56448 3.56754 3.57036 3.57291 3.57517 3.57711 3.57872 3.57999 3.5809 3.58146 3.58164 3.58146 3.58091 3.58 3.57874 3.57714 3.57521 3.57298 3.57045 3.56766 3.56463 3.56138 3.55794 3.55434 3.55061 3.54678 3.54287 3.53892 3.53496 3.531 3.52709 3.52324 3.51948 3.51582 3.51229 3.5089 3.50566 3.50259 3.49969 3.49698 3.49445 3.4921 3.48995 3.48798 3.4862 3.48459 3.48315 3.48188 3.48077 3.4798 3.47897 3.47828 3.4777 3.47724 3.47689 3.47663 3.47647 3.47638 3.47638 3.47646 
3.46999 3.47021 3.47051 3.4709 3.47137 3.47192 3.47257 3.47332 3.47418 3.47514 3.47624 3.47746 3.47883 3.48035 3.48203 3.48389 3.48592 3.48815 3.49056 3.49318 3.496 3.49902 3.50225 3.50566 3.50927 3.51306 3.51702 3.52112 3.52536 3.52972 3.53416 3.53866 3.5432 3.54774 3.55225 3.55671 3.56108 3.56532 3.56941 3.5733 3.57698 3.5804 3.58355 3.58639 3.58891 3.59107 3.59286 3.59427 3.59528 3.59589 3.5961 3.59589 3.59527 3.59425 3.59284 3.59104 3.58888 3.58638 3.58355 3.58043 3.57703 3.57339 3.56953 3.5655 3.56131 3.55701 3.55262 3.54818 3.54372 3.53927 3.53486 3.53051 3.52626 3.52213 3.51813 3.51429 3.51062 3.50714 3.50384 3.50075 3.49787 3.4952 3.49274 3.49048 3.48843 3.48658 3.48492 3.48345 3.48216 3.48103 3.48006 3.47924 3.47855 3.478 3.47756 3.47724 3.47702 3.47689 3.47686 3.47691 
3.47047 3.47069 3.47101 3.47142 3.47193 3.47255 3.47327 3.4741 3.47506 3.47615 3.47738 3.47876 3.48031 3.48203 3.48394 3.48604 3.48835 3.49087 3.49362 3.49658 3.49978 3.5032 3.50685 3.51071 3.51479 3.51906 3.52352 3.52815 3.53292 3.53781 3.5428 3.54785 3.55294 3.55802 3.56308 3.56806 3.57294 3.57767 3.58223 3.58657 3.59066 3.59447 3.59797 3.60113 3.60392 3.60632 3.6083 3.60986 3.61098 3.61166 3.61187 3.61163 3.61094 3.6098 3.60822 3.60622 3.60382 3.60103 3.59788 3.59439 3.5906 3.58653 3.58223 3.57772 3.57304 3.56822 3.56331 3.55834 3.55334 3.54835 3.54339 3.53851 3.53373 3.52908 3.52457 3.52024 3.5161 3.51216 3.50843 3.50493 3.50166 3.49862 3.49581 3.49324 3.4909 3.48878 3.48688 3.48519 3.48369 3.48238 3.48125 3.48029 3.47948 3.47882 3.47829 3.47789 3.47761 3.47744 3.47737 3.47741 
3.47098 3.47121 3.47155 3.47199 3.47255 3.47322 3.47402 3.47495 3.47602 3.47725 3.47863 3.48019 3.48194 3.48389 3.48604 3.48842 3.49103 3.49388 3.49698 3.50033 3.50394 3.5078 3.51191 3.51626 3.52085 3.52565 3.53066 3.53585 3.54119 3.54667 3.55225 3.5579 3.56357 3.56925 3.57488 3.58043 3.58585 3.59111 3.59617 3.60099 3.60553 3.60975 3.61363 3.61712 3.6202 3.62285 3.62505 3.62677 3.628 3.62874 3.62897 3.6287 3.62793 3.62666 3.62491 3.62269 3.62002 3.61692 3.61342 3.60955 3.60534 3.60082 3.59604 3.59102 3.58581 3.58044 3.57497 3.56942 3.56384 3.55826 3.55272 3.54726 3.54191 3.53669 3.53163 3.52676 3.5221 3.51766 3.51346 3.50951 3.50581 3.50237 3.4992 3.49628 3.49361 3.4912 3.48903 3.48709 3.48537 3.48386 3.48256 3.48144 3.48049 3.47971 3.47909 3.4786 3.47825 3.47803 3.47792 3.47793 
3.47154 3.47177 3.47212 3.4726 3.47321 3.47396 3.47484 3.47588 3.47708 3.47845 3.48001 3.48176 3.48373 3.48592 3.48835 3.49103 3.49397 3.49719 3.50067 3.50444 3.5085 3.51283 3.51744 3.52232 3.52746 3.53284 3.53844 3.54424 3.5502 3.55631 3.56252 3.56881 3.57512 3.58142 3.58767 3.59382 3.59983 3.60565 3.61125 3.61657 3.62158 3.62624 3.63051 3.63436 3.63775 3.64067 3.64308 3.64497 3.64632 3.64713 3.64738 3.64707 3.64622 3.64481 3.64288 3.64042 3.63747 3.63405 3.63018 3.6259 3.62124 3.61625 3.61095 3.60539 3.59962 3.59367 3.58759 3.58143 3.57522 3.56902 3.56285 3.55676 3.55079 3.54496 3.53931 3.53386 3.52864 3.52367 3.51895 3.51451 3.51035 3.50648 3.50289 3.49959 3.49658 3.49384 3.49137 3.48917 3.48721 3.48548 3.48398 3.48269 3.4816 3.48069 3.47995 3.47937 3.47895 3.47866 3.47852 3.4785 
3.47213 3.47237 3.47274 3.47326 3.47393 3.47475 3.47574 3.47689 3.47823 3.47976 3.48151 3.48348 3.48568 3.48815 3.49087 3.49388 3.49719 3.50079 3.5047 3.50892 3.51346 3.51831 3.52347 3.52892 3.53465 3.54064 3.54688 3.55332 3.55995 3.56673 3.57362 3.58058 3.58757 3.59454 3.60144 3.60822 3.61485 3.62127 3.62743 3.63328 3.63879 3.64391 3.6486 3.65282 3.65654 3.65973 3.66238 3.66444 3.66592 3.6668 3.66706 3.66672 3.66578 3.66423 3.6621 3.6594 3.65616 3.65239 3.64814 3.64343 3.6383 3.6328 3.62696 3.62083 3.61446 3.60789 3.60117 3.59436 3.58749 3.58062 3.57378 3.56703 3.56039 3.55391 3.54763 3.54156 3.53574 3.53018 3.52491 3.51994 3.51528 3.51094 3.50691 3.5032 3.49981 3.49672 3.49393 3.49143 3.4892 3.48724 3.48553 3.48405 3.48279 3.48174 3.48088 3.4802 3.4797 3.47935 3.47916 3.47911 
3.47277 3.47301 3.47341 3.47398 3.47471 3.47561 3.4767 3.47799 3.47948 3.48119 3.48314 3.48534 3.48781 3.49056 3.49362 3.49698 3.50067 3.5047 3.50907 3.51378 3.51884 3.52424 3.52998 3.53604 3.54241 3.54906 3.55597 3.56311 3.57044 3.57793 3.58554 3.59322 3.60091 3.60858 3.61617 3.62363 3.63091 3.63794 3.64469 3.65111 3.65713 3.66273 3.66785 3.67246 3.67653 3.68001 3.68289 3.68514 3.68675 3.6877 3.68798 3.6876 3.68656 3.68487 3.68254 3.67958 3.67603 3.67191 3.66725 3.6621 3.65648 3.65044 3.64404 3.63731 3.63031 3.62309 3.6157 3.6082 3.60063 3.59305 3.58551 3.57805 3.57071 3.56354 3.55657 3.54984 3.54338 3.5372 3.53134 3.52581 3.52061 3.51576 3.51126 3.50711 3.5033 3.49983 3.49669 3.49388 3.49136 3.48914 3.4872 3.48552 3.48408 3.48288 3.48189 3.4811 3.4805 3.48009 3.47984 3.47976 
3.47346 3.47371 3.47413 3.47475 3.47555 3.47654 3.47775 3.47917 3.48083 3.48273 3.4849 3.48736 3.49011 3.49318 3.49658 3.50033 3.50444 3.50892 3.51378 3.51902 3.52463 3.53063 3.53698 3.54369 3.55073 3.55808 3.56571 3.57358 3.58166 3.5899 3.59826 3.60669 3.61513 3.62354 3.63185 3.64001 3.64796 3.65564 3.66301 3.67 3.67657 3.68266 3.68823 3.69324 3.69766 3.70144 3.70456 3.70701 3.70875 3.70977 3.71008 3.70966 3.70852 3.70668 3.70414 3.70092 3.69705 3.69256 3.68748 3.68186 3.67573 3.66915 3.66215 3.6548 3.64715 3.63925 3.63116 3.62293 3.61463 3.60631 3.59802 3.58981 3.58173 3.57383 3.56615 3.55871 3.55157 3.54474 3.53825 3.53211 3.52634 3.52095 3.51594 3.51131 3.50706 3.50319 3.49968 3.49652 3.4937 3.4912 3.48901 3.4871 3.48547 3.4841 3.48297 3.48206 3.48137 3.48088 3.48058 3.48047 
3.47419 3.47445 3.47491 3.47557 3.47645 3.47755 3.47887 3.48045 3.48228 3.4844 3.48681 3.48953 3.49259 3.496 3.49978 3.50394 3.5085 3.51346 3.51884 3.52463 3.53084 3.53746 3.54448 3.55187 3.55962 3.56771 3.57609 3.58473 3.59359 3.60262 3.61177 3.62098 3.6302 3.63937 3.64843 3.65731 3.66596 3.67432 3.68232 3.68991 3.69703 3.70363 3.70967 3.71509 3.71987 3.72396 3.72733 3.72997 3.73184 3.73295 3.73327 3.73282 3.73158 3.72958 3.72682 3.72333 3.71914 3.71427 3.70877 3.70266 3.69601 3.68885 3.68125 3.67325 3.66492 3.65631 3.64749 3.63852 3.62946 3.62036 3.61129 3.6023 3.59344 3.58477 3.57633 3.56816 3.5603 3.55278 3.54562 3.53884 3.53246 3.52649 3.52094 3.51581 3.5111 3.50679 3.50288 3.49935 3.4962 3.4934 3.49095 3.48881 3.48697 3.48542 3.48413 3.48309 3.4823 3.48173 3.48137 3.48122 
3.47498 3.47524 3.47574 3.47646 3.47741 3.47862 3.48008 3.48182 3.48385 3.48619 3.48885 3.49187 3.49525 3.49902 3.5032 3.5078 3.51283 3.51831 3.52424 3.53063 3.53746 3.54474 3.55244 3.56056 3.56906 3.57791 3.58708 3.59653 3.6062 3.61605 3.62602 3.63604 3.64607 3.65603 3.66586 3.67549 3.68486 3.69391 3.70256 3.71076 3.71845 3.72557 3.73208 3.73792 3.74307 3.74747 3.7511 3.75393 3.75595 3.75713 3.75748 3.75698 3.75565 3.75348 3.75051 3.74675 3.74222 3.73697 3.73102 3.72443 3.71724 3.7095 3.70127 3.69261 3.68358 3.67425 3.66467 3.65492 3.64507 3.63517 3.62529 3.61548 3.60582 3.59635 3.58712 3.57818 3.56956 3.56131 3.55344 3.54599 3.53897 3.5324 3.52628 3.52061 3.5154 3.51063 3.50629 3.50238 3.49888 3.49576 3.49302 3.49063 3.48857 3.48682 3.48537 3.4842 3.48329 3.48263 3.48221 3.48203 
3.47582 3.47609 3.47662 3.4774 3.47845 3.47977 3.48138 3.48329 3.48552 3.4881 3.49104 3.49436 3.49809 3.50225 3.50685 3.51191 3.51744 3.52347 3.52998 3.53698 3.54448 3.55244 3.56088 3.56974 3.57902 3.58868 3.59867 3.60895 3.61946 3.63016 3.64097 3.65184 3.66269 3.67347 3.68409 3.69449 3.70459 3.71433 3.72365 3.73247 3.74073 3.74839 3.75537 3.76165 3.76716 3.77188 3.77577 3.7788 3.78096 3.78222 3.78259 3.78205 3.78061 3.77829 3.7751 3.77106 3.7662 3.76055 3.75416 3.74707 3.73933 3.731 3.72214 3.7128 3.70306 3.69298 3.68263 3.67209 3.66142 3.65069 3.63997 3.62933 3.61883 3.60852 3.59847 3.58872 3.57932 3.57031 3.56171 3.55356 3.54587 3.53866 3.53193 3.5257 3.51996 3.51471 3.50992 3.5056 3.50172 3.49827 3.49522 3.49256 3.49027 3.48832 3.48669 3.48538 3.48435 3.4836 3.48311 3.48289 
3.47671 3.477 3.47756 3.47841 3.47955 3.48099 3.48275 3.48485 3.4873 3.49013 3.49336 3.49701 3.5011 3.50566 3.51071 3.51626 3.52232 3.52892 3.53604 3.54369 3.55187 3.56056 3.56974 3.5794 3.58949 3.59997 3.61081 3.62195 3.63333 3.64489 3.65657 3.6683 3.68 3.6916 3.70303 3.71421 3.72506 3.73551 3.7455 3.75495 3.7638 3.77198 3.77945 3.78615 3.79204 3.79707 3.80122 3.80446 3.80675 3.8081 3.80848 3.80791 3.80637 3.80389 3.80048 3.79616 3.79096 3.78492 3.77808 3.77049 3.7622 3.75327 3.74376 3.73374 3.72327 3.71244 3.7013 3.68994 3.67844 3.66686 3.65529 3.64378 3.63242 3.62126 3.61036 3.59978 3.58956 3.57976 3.5704 3.56151 3.55312 3.54524 3.53789 3.53107 3.52478 3.51901 3.51376 3.50901 3.50473 3.50093 3.49756 3.49462 3.49207 3.48991 3.4881 3.48662 3.48547 3.48462 3.48407 3.4838 
3.47766 3.47795 3.47856 3.47947 3.48071 3.48229 3.48421 3.4865 3.48918 3.49228 3.49581 3.49981 3.50429 3.50927 3.51479 3.52085 3.52746 3.53465 3.54241 3.55073 3.55962 3.56906 3.57902 3.58949 3.60041 3.61175 3.62345 3.63547 3.64774 3.6602 3.67276 3.68536 3.69793 3.71037 3.72261 3.73458 3.74618 3.75735 3.76801 3.77809 3.78752 3.79624 3.80419 3.81132 3.81758 3.82293 3.82734 3.83077 3.83321 3.83463 3.83504 3.83442 3.83279 3.83015 3.82651 3.82192 3.81639 3.80996 3.80267 3.79458 3.78574 3.77621 3.76605 3.75534 3.74414 3.73254 3.7206 3.70842 3.69607 3.68363 3.67118 3.65879 3.64655 3.63451 3.62274 3.6113 3.60025 3.58962 3.57947 3.56983 3.56071 3.55215 3.54414 3.53671 3.52984 3.52354 3.5178 3.51259 3.50791 3.50373 3.50003 3.49678 3.49398 3.49158 3.48958 3.48794 3.48666 3.48571 3.48508 3.48477 
3.47865 3.47896 3.47961 3.4806 3.48194 3.48365 3.48575 3.48825 3.49117 3.49455 3.4984 3.50275 3.50763 3.51306 3.51906 3.52565 3.53284 3.54064 3.54906 3.55808 3.56771 3.57791 3.58868 3.59997 3.61175 3.62396 3.63656 3.64948 3.66265 3.676 3.68947 3.70295 3.71638 3.72967 3.74274 3.75549 3.76785 3.77973 3.79107 3.80177 3.81179 3.82103 3.82946 3.83702 3.84364 3.84931 3.85397 3.8576 3.86018 3.86168 3.86211 3.86146 3.85972 3.85693 3.85308 3.84821 3.84235 3.83553 3.8278 3.81921 3.80982 3.79969 3.78889 3.77748 3.76556 3.75318 3.74045 3.72744 3.71423 3.70092 3.68758 3.6743 3.66115 3.64821 3.63556 3.62324 3.61133 3.59987 3.58891 3.57848 3.56862 3.55934 3.55066 3.54259 3.53513 3.52828 3.52202 3.51634 3.51123 3.50666 3.50261 3.49906 3.49598 3.49335 3.49114 3.48933 3.48791 3.48685 3.48615 3.48578 
3.4797 3.48002 3.48071 3.48178 3.48323 3.48509 3.48736 3.49007 3.49325 3.49692 3.5011 3.50583 3.51113 3.51702 3.52352 3.53066 3.53844 3.54688 3.55597 3.56571 3.57609 3.58708 3.59867 3.61081 3.62345 3.63656 3.65006 3.66389 3.67797 3.69224 3.7066 3.72098 3.73528 3.74942 3.7633 3.77684 3.78995 3.80255 3.81455 3.82588 3.83646 3.84623 3.85513 3.8631 3.87009 3.87606 3.88098 3.8848 3.88751 3.8891 3.88955 3.88886 3.88703 3.88408 3.88002 3.87489 3.8687 3.8615 3.85334 3.84426 3.83433 3.8236 3.81216 3.80007 3.78741 3.77427 3.76074 3.74689 3.73283 3.71864 3.7044 3.69022 3.67616 3.66232 3.64876 3.63555 3.62277 3.61046 3.59867 3.58744 3.57681 3.5668 3.55742 3.5487 3.54063 3.5332 3.52641 3.52025 3.51469 3.50972 3.50531 3.50143 3.49807 3.49519 3.49277 3.49078 3.48921 3.48805 3.48726 3.48685 
3.48079 3.48113 3.48187 3.48302 3.48459 3.48659 3.48905 3.49198 3.49542 3.49939 3.50392 3.50903 3.51476 3.52112 3.52815 3.53585 3.54424 3.55332 3.56311 3.57358 3.58473 3.59653 3.60895 3.62195 3.63547 3.64948 3.66389 3.67863 3.69364 3.70882 3.72408 3.73935 3.75452 3.7695 3.7842 3.79852 3.81237 3.82567 3.83833 3.85027 3.86141 3.8717 3.88106 3.88944 3.89678 3.90305 3.90821 3.91222 3.91507 3.91673 3.9172 3.91647 3.91456 3.91146 3.9072 3.9018 3.8953 3.88773 3.87914 3.86958 3.85912 3.84781 3.83574 3.82297 3.8096 3.7957 3.78136 3.76669 3.75177 3.7367 3.72158 3.70648 3.69151 3.67675 3.66228 3.64818 3.63451 3.62133 3.6087 3.59665 3.58524 3.57448 3.5644 3.55501 3.5463 3.53829 3.53096 3.5243 3.51828 3.51289 3.50811 3.5039 3.50024 3.4971 3.49446 3.4923 3.49058 3.48929 3.48843 3.48797 
3.48193 3.48228 3.48307 3.4843 3.48599 3.48815 3.4908 3.49396 3.49767 3.50195 3.50684 3.51235 3.51851 3.52536 3.53292 3.54119 3.5502 3.55995 3.57044 3.58166 3.59359 3.6062 3.61946 3.63333 3.64774 3.66265 3.67797 3.69364 3.70956 3.72565 3.74182 3.75796 3.77399 3.78981 3.80531 3.8204 3.83498 3.84896 3.86227 3.8748 3.8865 3.89728 3.90709 3.91586 3.92355 3.93011 3.9355 3.9397 3.94267 3.94441 3.9449 3.94415 3.94214 3.9389 3.93445 3.9288 3.92199 3.91406 3.90506 3.89504 3.88406 3.87219 3.85949 3.84606 3.83198 3.81733 3.80222 3.78672 3.77096 3.75502 3.739 3.723 3.70712 3.69144 3.67606 3.66105 3.64649 3.63243 3.61895 3.60609 3.59388 3.58236 3.57156 3.56148 3.55214 3.54353 3.53564 3.52847 3.52198 3.51617 3.511 3.50645 3.50249 3.49909 3.49622 3.49386 3.49199 3.49059 3.48964 3.48913 
3.4831 3.48348 3.48431 3.48563 3.48744 3.48976 3.4926 3.49601 3.49999 3.50459 3.50984 3.51575 3.52237 3.52972 3.53781 3.54667 3.55631 3.56673 3.57793 3.5899 3.60262 3.61605 3.63016 3.64489 3.6602 3.676 3.69224 3.70882 3.72565 3.74264 3.7597 3.77672 3.7936 3.81023 3.82652 3.84235 3.85765 3.8723 3.88623 3.89934 3.91157 3.92283 3.93307 3.94223 3.95025 3.95708 3.9627 3.96708 3.97018 3.97199 3.9725 3.97171 3.96963 3.96626 3.96161 3.95573 3.94863 3.94036 3.93096 3.92049 3.90901 3.89658 3.88329 3.86922 3.85444 3.83906 3.82318 3.80688 3.79028 3.77348 3.75658 3.73968 3.7229 3.70631 3.69001 3.6741 3.65864 3.64371 3.62938 3.61568 3.60268 3.5904 3.57886 3.5681 3.5581 3.54889 3.54044 3.53274 3.52578 3.51953 3.51397 3.50907 3.5048 3.50113 3.49803 3.49548 3.49345 3.49193 3.49089 3.49033 
3.48431 3.4847 3.48559 3.487 3.48893 3.49141 3.49446 3.4981 3.50237 3.5073 3.51291 3.51923 3.52631 3.53416 3.5428 3.55225 3.56252 3.57362 3.58554 3.59826 3.61177 3.62602 3.64097 3.65657 3.67276 3.68947 3.7066 3.72408 3.74182 3.7597 3.77763 3.7955 3.81321 3.83064 3.84769 3.86426 3.88025 3.89555 3.91008 3.92375 3.93649 3.94821 3.95886 3.96838 3.97671 3.98382 3.98965 3.99419 3.99741 3.9993 3.99983 3.99902 3.99685 3.99336 3.98854 3.98243 3.97505 3.96645 3.95667 3.94577 3.93381 3.92086 3.90699 3.8923 3.87685 3.86076 3.84413 3.82705 3.80963 3.79198 3.77422 3.75644 3.73875 3.72126 3.70407 3.68725 3.67091 3.65511 3.63991 3.62539 3.61159 3.59854 3.58627 3.57481 3.56416 3.55433 3.54531 3.53709 3.52965 3.52296 3.517 3.51174 3.50716 3.50322 3.49988 3.49714 3.49495 3.4933 3.49217 3.49156 
3.48555 3.48596 3.4869 3.4884 3.49046 3.4931 3.49635 3.50024 3.5048 3.51005 3.51603 3.52277 3.53031 3.53866 3.54785 3.5579 3.56881 3.58058 3.59322 3.60669 3.62098 3.63604 3.65184 3.6683 3.68536 3.70295 3.72098 3.73935 3.75796 3.77672 3.7955 3.81421 3.83272 3.85093 3.86872 3.88599 3.90264 3.91856 3.93367 3.94788 3.9611 3.97326 3.98431 3.99417 4.0028 4.01016 4.0162 4.0209 4.02423 4.02618 4.02674 4.0259 4.02367 4.02005 4.01507 4.00874 4.00111 3.9922 3.98206 3.97076 3.95834 3.94488 3.93046 3.91517 3.89908 3.88231 3.86494 3.8471 3.82889 3.81042 3.79181 3.77316 3.7546 3.73622 3.71813 3.70043 3.68321 3.66654 3.6505 3.63516 3.62055 3.60674 3.59374 3.58159 3.57029 3.55984 3.55025 3.54149 3.53356 3.52643 3.52008 3.51446 3.50956 3.50534 3.50177 3.49882 3.49647 3.4947 3.49349 3.49282 
3.48681 3.48723 3.48823 3.48982 3.492 3.49481 3.49827 3.50241 3.50725 3.51283 3.51918 3.52634 3.53434 3.5432 3.55294 3.56357 3.57512 3.58757 3.60091 3.61513 3.6302 3.64607 3.66269 3.68 3.69793 3.71638 3.73528 3.75452 3.77399 3.7936 3.81321 3.83272 3.85201 3.87097 3.88947 3.90742 3.9247 3.94122 3.95688 3.97158 3.98527 3.99785 4.00926 4.01945 4.02836 4.03595 4.04219 4.04704 4.05048 4.05249 4.05307 4.05221 4.04991 4.04619 4.04105 4.03453 4.02665 4.01745 4.00698 3.99529 3.98245 3.96851 3.95357 3.9377 3.921 3.90356 3.8855 3.86693 3.84795 3.82868 3.80924 3.78976 3.77034 3.75109 3.73213 3.71356 3.69547 3.67795 3.66108 3.64492 3.62953 3.61495 3.60123 3.58838 3.57643 3.56537 3.55521 3.54593 3.53751 3.52994 3.52318 3.51721 3.51199 3.50749 3.50368 3.50053 3.49802 3.49612 3.49482 3.4941 
3.48807 3.48852 3.48957 3.49125 3.49357 3.49654 3.50021 3.50459 3.50972 3.51563 3.52235 3.52993 3.53838 3.54774 3.55802 3.56925 3.58142 3.59454 3.60858 3.62354 3.63937 3.65603 3.67347 3.6916 3.71037 3.72967 3.74942 3.7695 3.78981 3.81023 3.83064 3.85093 3.87097 3.89064 3.90982 3.92841 3.9463 3.96338 3.97955 3.99474 4.00885 4.02182 4.03358 4.04407 4.05325 4.06106 4.06747 4.07246 4.076 4.07808 4.07868 4.0778 4.07544 4.07162 4.06635 4.05964 4.05154 4.04207 4.03129 4.01924 4.00599 3.99161 3.97617 3.95976 3.94247 3.92441 3.90569 3.88641 3.86669 3.84665 3.82643 3.80612 3.78587 3.76579 3.74598 3.72656 3.70762 3.68927 3.67157 3.65461 3.63845 3.62313 3.60869 3.59516 3.58256 3.57089 3.56017 3.55036 3.54146 3.53345 3.52629 3.51996 3.51442 3.50964 3.5056 3.50225 3.49958 3.49756 3.49616 3.49539 
3.48935 3.48981 3.49092 3.49268 3.49513 3.49827 3.50214 3.50677 3.51218 3.51841 3.52551 3.53349 3.5424 3.55225 3.56308 3.57488 3.58767 3.60144 3.61617 3.63185 3.64843 3.66586 3.68409 3.70303 3.72261 3.74274 3.7633 3.7842 3.80531 3.82652 3.84769 3.86872 3.88947 3.90982 3.92966 3.94885 3.96731 3.98491 4.00158 4.01721 4.03173 4.04506 4.05714 4.06791 4.07733 4.08534 4.09193 4.09704 4.10068 4.10281 4.10343 4.10253 4.10013 4.09622 4.09081 4.08394 4.07564 4.06592 4.05485 4.04247 4.02884 4.01404 3.99813 3.98122 3.96338 3.94473 3.92537 3.90542 3.885 3.86424 3.84325 3.82216 3.80111 3.78021 3.75958 3.73934 3.71958 3.70042 3.68192 3.66418 3.64726 3.6312 3.61606 3.60186 3.58863 3.57637 3.56508 3.55476 3.54538 3.53693 3.52938 3.5227 3.51685 3.5118 3.50752 3.50397 3.50114 3.49899 3.49751 3.49668 
3.49061 3.49109 3.49226 3.49411 3.49669 3.49999 3.50406 3.50893 3.51462 3.52118 3.52863 3.53702 3.54637 3.55671 3.56806 3.58043 3.59382 3.60822 3.62363 3.64001 3.65731 3.67549 3.69449 3.71421 3.73458 3.75549 3.77684 3.79852 3.8204 3.84235 3.86426 3.88599 3.90742 3.92841 3.94885 3.96862 3.98761 4.00571 4.02283 4.03887 4.05376 4.06743 4.07981 4.09084 4.10048 4.10868 4.11542 4.12065 4.12437 4.12656 4.1272 4.12629 4.12384 4.11985 4.11433 4.10731 4.09881 4.08888 4.07754 4.06485 4.05088 4.03569 4.01935 4.00196 3.98361 3.9644 3.94445 3.92387 3.90278 3.88132 3.8596 3.83777 3.81595 3.79427 3.77285 3.75182 3.73127 3.71132 3.69206 3.67356 3.6559 3.63913 3.62331 3.60846 3.5946 3.58176 3.56993 3.5591 3.54926 3.54038 3.53244 3.52541 3.51925 3.51393 3.50942 3.50568 3.50268 3.50041 3.49885 3.49797 
3.49186 3.49236 3.49358 3.49552 3.49822 3.50169 3.50596 3.51106 3.51702 3.52389 3.5317 3.54048 3.55027 3.56108 3.57294 3.58585 3.59983 3.61485 3.63091 3.64796 3.66596 3.68486 3.70459 3.72506 3.74618 3.76785 3.78995 3.81237 3.83498 3.85765 3.88025 3.90264 3.9247 3.9463 3.96731 3.98761 4.00709 4.02565 4.04319 4.05961 4.07485 4.08882 4.10147 4.11274 4.12258 4.13095 4.13783 4.14317 4.14697 4.1492 4.14986 4.14895 4.14646 4.1424 4.13678 4.12962 4.12096 4.11082 4.09924 4.08628 4.07199 4.05643 4.0397 4.02187 4.00304 3.98332 3.96281 3.94163 3.91992 3.89779 3.87539 3.85285 3.83031 3.80788 3.78571 3.76392 3.74262 3.72191 3.7019 3.68268 3.66431 3.64686 3.63037 3.61489 3.60044 3.58703 3.57467 3.56335 3.55305 3.54376 3.53544 3.52807 3.52161 3.51603 3.51129 3.50736 3.50421 3.50182 3.50017 3.49924 
3.49309 3.4936 3.49487 3.49691 3.49972 3.50335 3.50781 3.51314 3.51937 3.52654 3.53469 3.54385 3.55405 3.56532 3.57767 3.59111 3.60565 3.62127 3.63794 3.65564 3.67432 3.69391 3.71433 3.73551 3.75735 3.77973 3.80255 3.82567 3.84896 3.8723 3.89555 3.91856 3.94122 3.96338 3.98491 4.00571 4.02565 4.04463 4.06255 4.07933 4.09488 4.10913 4.12202 4.13351 4.14353 4.15206 4.15906 4.1645 4.16837 4.17065 4.17133 4.17041 4.16788 4.16376 4.15805 4.15078 4.14196 4.13164 4.11984 4.10663 4.09205 4.07617 4.05907 4.04084 4.02157 4.00136 3.98034 3.95861 3.93631 3.91357 3.89053 3.86732 3.84408 3.82096 3.79807 3.77556 3.75354 3.73212 3.7114 3.69148 3.67243 3.65432 3.6372 3.62112 3.60609 3.59214 3.57927 3.56747 3.55674 3.54704 3.53836 3.53066 3.52391 3.51807 3.51311 3.509 3.5057 3.50319 3.50146 3.50048 
3.49428 3.49481 3.49613 3.49825 3.50118 3.50495 3.5096 3.51515 3.52164 3.5291 3.53758 3.5471 3.5577 3.56941 3.58223 3.59617 3.61125 3.62743 3.64469 3.66301 3.68232 3.70256 3.72365 3.7455 3.76801 3.79107 3.81455 3.83833 3.86227 3.88623 3.91008 3.93367 3.95688 3.97955 4.00158 4.02283 4.04319 4.06255 4.08082 4.09792 4.11375 4.12826 4.14137 4.15305 4.16323 4.1719 4.17901 4.18454 4.18848 4.1908 4.19149 4.19057 4.18801 4.18384 4.17805 4.17068 4.16173 4.15124 4.13925 4.12581 4.11097 4.0948 4.07737 4.05877 4.03909 4.01845 3.99694 3.97471 3.95186 3.92855 3.90491 3.88108 3.8572 3.83341 3.80986 3.78667 3.76397 3.74187 3.72049 3.6999 3.68021 3.66148 3.64376 3.62709 3.61152 3.59705 3.58369 3.57144 3.56028 3.5502 3.54117 3.53316 3.52613 3.52005 3.51487 3.51058 3.50714 3.50453 3.50271 3.50169 
3.49542 3.49597 3.49734 3.49953 3.50258 3.5065 3.51132 3.51707 3.52381 3.53155 3.54034 3.55021 3.56119 3.5733 3.58657 3.60099 3.61657 3.63328 3.65111 3.67 3.68991 3.71076 3.73247 3.75495 3.77809 3.80177 3.82588 3.85027 3.8748 3.89934 3.92375 3.94788 3.97158 3.99474 4.01721 4.03887 4.05961 4.07933 4.09792 4.11529 4.13138 4.14611 4.15943 4.17127 4.18161 4.1904 4.19761 4.20322 4.20721 4.20957 4.21028 4.20935 4.20677 4.20255 4.1967 4.18924 4.18017 4.16954 4.15738 4.14374 4.12867 4.11223 4.0945 4.07557 4.05553 4.03448 4.01254 3.98983 3.96649 3.94265 3.91845 3.89404 3.86957 3.84517 3.82099 3.79717 3.77383 3.7511 3.72909 3.70789 3.68759 3.66827 3.64998 3.63277 3.61668 3.60172 3.5879 3.57522 3.56367 3.55322 3.54386 3.53555 3.52825 3.52194 3.51657 3.51211 3.50853 3.50581 3.50392 3.50285 
3.49651 3.49708 3.49849 3.50076 3.50391 3.50796 3.51295 3.5189 3.52586 3.53386 3.54295 3.55314 3.56448 3.57698 3.59066 3.60553 3.62158 3.63879 3.65713 3.67657 3.69703 3.71845 3.74073 3.7638 3.78752 3.81179 3.83646 3.86141 3.8865 3.91157 3.93649 3.9611 3.98527 4.00885 4.03173 4.05376 4.07485 4.09488 4.11375 4.13138 4.1477 4.16263 4.17612 4.18812 4.19858 4.20747 4.21477 4.22045 4.22449 4.22689 4.22762 4.22669 4.22409 4.21984 4.21393 4.20638 4.19722 4.18646 4.17415 4.16033 4.14506 4.12838 4.11039 4.09116 4.07078 4.04937 4.02703 4.0039 3.9801 3.95578 3.93107 3.90614 3.88111 3.85615 3.8314 3.80699 3.78307 3.75975 3.73715 3.71538 3.69452 3.67465 3.65583 3.63811 3.62154 3.60612 3.59187 3.57878 3.56686 3.55607 3.5464 3.53781 3.53026 3.52373 3.51817 3.51355 3.50984 3.50702 3.50506 3.50395 
3.49753 3.49811 3.49957 3.50191 3.50515 3.50933 3.51447 3.52061 3.52778 3.53603 3.54538 3.55588 3.56754 3.5804 3.59447 3.60975 3.62624 3.64391 3.66273 3.68266 3.70363 3.72557 3.74839 3.77198 3.79624 3.82103 3.84623 3.8717 3.89728 3.92283 3.94821 3.97326 3.99785 4.02182 4.04506 4.06743 4.08882 4.10913 4.12826 4.14611 4.16263 4.17774 4.19138 4.20351 4.21409 4.22307 4.23045 4.23619 4.24028 4.2427 4.24345 4.24252 4.23991 4.23562 4.22966 4.22205 4.2128 4.20194 4.1895 4.17552 4.16007 4.14318 4.12495 4.10545 4.08478 4.06304 4.04036 4.01684 3.99263 3.96787 3.94271 3.91729 3.89176 3.86629 3.84101 3.81607 3.79161 3.76775 3.74462 3.72232 3.70094 3.68057 3.66126 3.64308 3.62605 3.61021 3.59556 3.58211 3.56984 3.55873 3.54877 3.53992 3.53214 3.5254 3.51967 3.5149 3.51108 3.50816 3.50614 3.50499 
3.49847 3.49907 3.50057 3.50297 3.50631 3.5106 3.51588 3.52219 3.52956 3.53802 3.54763 3.5584 3.57036 3.58355 3.59797 3.61363 3.63051 3.6486 3.66785 3.68823 3.70967 3.73208 3.75537 3.77945 3.80419 3.82946 3.85513 3.88106 3.90709 3.93307 3.95886 3.98431 4.00926 4.03358 4.05714 4.07981 4.10147 4.12202 4.14137 4.15943 4.17612 4.19138 4.20516 4.2174 4.22807 4.23714 4.24459 4.25038 4.25451 4.25696 4.25772 4.25679 4.25417 4.24985 4.24386 4.23619 4.22686 4.21591 4.20336 4.18925 4.17363 4.15657 4.13813 4.1184 4.09747 4.07544 4.05244 4.02858 4.00401 3.97886 3.95328 3.92743 3.90146 3.87552 3.84977 3.82435 3.7994 3.77506 3.75144 3.72866 3.70681 3.68598 3.66623 3.64762 3.63019 3.61396 3.59895 3.58515 3.57257 3.56118 3.55095 3.54186 3.53387 3.52695 3.52105 3.51615 3.51222 3.50922 3.50713 3.50595 
3.49934 3.49995 3.50148 3.50394 3.50736 3.51175 3.51716 3.52362 3.53116 3.53983 3.54966 3.56067 3.57291 3.58639 3.60113 3.61712 3.63436 3.65282 3.67246 3.69324 3.71509 3.73792 3.76165 3.78615 3.81132 3.83702 3.8631 3.88944 3.91586 3.94223 3.96838 3.99417 4.01945 4.04407 4.06791 4.09084 4.11274 4.13351 4.15305 4.17127 4.18812 4.20351 4.2174 4.22974 4.2405 4.24964 4.25714 4.26298 4.26714 4.26961 4.27039 4.26946 4.26683 4.2625 4.25646 4.24875 4.23936 4.22833 4.21568 4.20146 4.18571 4.16849 4.14987 4.12993 4.10878 4.0865 4.06322 4.03906 4.01417 3.98868 3.96274 3.9365 3.91014 3.88379 3.85762 3.83177 3.80639 3.78161 3.75757 3.73436 3.71209 3.69085 3.67071 3.65171 3.63392 3.61734 3.602 3.58791 3.57504 3.56339 3.55292 3.54362 3.53544 3.52835 3.52231 3.51729 3.51325 3.51017 3.50804 3.50682 
3.5001 3.50073 3.50229 3.5048 3.50829 3.51278 3.5183 3.52489 3.53259 3.54143 3.55145 3.56269 3.57517 3.58891 3.60392 3.6202 3.63775 3.65654 3.67653 3.69766 3.71987 3.74307 3.76716 3.79204 3.81758 3.84364 3.87009 3.89678 3.92355 3.95025 3.97671 4.0028 4.02836 4.05325 4.07733 4.10048 4.12258 4.14353 4.16323 4.18161 4.19858 4.21409 4.22807 4.2405 4.25133 4.26053 4.26808 4.27395 4.27814 4.28064 4.28142 4.2805 4.27786 4.27351 4.26745 4.2597 4.25026 4.23916 4.22643 4.21211 4.19625 4.17889 4.16012 4.14001 4.11866 4.09616 4.07265 4.04823 4.02306 3.99727 3.97102 3.94446 3.91774 3.89104 3.8645 3.83828 3.81253 3.78737 3.76295 3.73937 3.71674 3.69514 3.67465 3.65532 3.63721 3.62033 3.6047 3.59034 3.57722 3.56534 3.55467 3.54518 3.53683 3.52959 3.52342 3.51829 3.51417 3.51103 3.50884 3.5076 
3.50077 3.50141 3.50299 3.50555 3.5091 3.51367 3.51929 3.526 3.53383 3.54282 3.55301 3.56443 3.57711 3.59107 3.60632 3.62285 3.64067 3.65973 3.68001 3.70144 3.72396 3.74747 3.77188 3.79707 3.82293 3.84931 3.87606 3.90305 3.93011 3.95708 3.98382 4.01016 4.03595 4.06106 4.08534 4.10868 4.13095 4.15206 4.1719 4.1904 4.20747 4.22307 4.23714 4.24964 4.26053 4.26978 4.27737 4.28328 4.28749 4.29 4.2908 4.28987 4.28723 4.28287 4.27679 4.269 4.25952 4.24837 4.23557 4.22117 4.20521 4.18774 4.16884 4.14859 4.12707 4.1044 4.08068 4.05605 4.03064 4.0046 3.97808 3.95124 3.92424 3.89723 3.87038 3.84385 3.81778 3.7923 3.76756 3.74366 3.72072 3.69881 3.67803 3.65842 3.64003 3.62289 3.60703 3.59243 3.5791 3.56703 3.55618 3.54652 3.53803 3.53066 3.52439 3.51917 3.51497 3.51177 3.50954 3.50828 
3.50133 3.50198 3.50359 3.50618 3.50978 3.51442 3.52011 3.52691 3.53485 3.54397 3.5543 3.56587 3.57872 3.59286 3.6083 3.62505 3.64308 3.66238 3.68289 3.70456 3.72733 3.7511 3.77577 3.80122 3.82734 3.85397 3.88098 3.90821 3.9355 3.9627 3.98965 4.0162 4.04219 4.06747 4.09193 4.11542 4.13783 4.15906 4.17901 4.19761 4.21477 4.23045 4.24459 4.25714 4.26808 4.27737 4.28499 4.29092 4.29516 4.29768 4.29849 4.29757 4.29492 4.29054 4.28445 4.27663 4.26712 4.25592 4.24307 4.2286 4.21256 4.19501 4.176 4.15563 4.13398 4.11115 4.08727 4.06247 4.03687 4.01062 3.98389 3.95682 3.92958 3.90232 3.87522 3.84843 3.8221 3.79636 3.77136 3.7472 3.724 3.70185 3.68082 3.66098 3.64237 3.62502 3.60895 3.59417 3.58066 3.56843 3.55743 3.54764 3.53903 3.53156 3.52519 3.5199 3.51564 3.51239 3.51013 3.50885 
3.50178 3.50243 3.50406 3.50668 3.51032 3.51501 3.52077 3.52764 3.53567 3.54488 3.55532 3.56701 3.57999 3.59427 3.60986 3.62677 3.64497 3.66444 3.68514 3.70701 3.72997 3.75393 3.7788 3.80446 3.83077 3.8576 3.8848 3.91222 3.9397 3.96708 3.99419 4.0209 4.04704 4.07246 4.09704 4.12065 4.14317 4.1645 4.18454 4.20322 4.22045 4.23619 4.25038 4.26298 4.27395 4.28328 4.29092 4.29688 4.30113 4.30367 4.30448 4.30356 4.30091 4.29652 4.29041 4.28258 4.27303 4.2618 4.24891 4.23439 4.21829 4.20066 4.18157 4.1611 4.13935 4.11641 4.0924 4.06746 4.04171 4.01531 3.9884 3.96116 3.93373 3.90629 3.87899 3.852 3.82546 3.79953 3.77432 3.74996 3.72656 3.70422 3.683 3.66298 3.64419 3.62668 3.61046 3.59553 3.58189 3.56953 3.55842 3.54853 3.53982 3.53227 3.52584 3.52048 3.51617 3.51289 3.5106 3.5093 
3.50212 3.50277 3.50441 3.50705 3.51072 3.51544 3.52125 3.52818 3.53626 3.54554 3.55606 3.56783 3.5809 3.59528 3.61098 3.628 3.64632 3.66592 3.68675 3.70875 3.73184 3.75595 3.78096 3.80675 3.83321 3.86018 3.88751 3.91507 3.94267 3.97018 3.99741 4.02423 4.05048 4.076 4.10068 4.12437 4.14697 4.16837 4.18848 4.20721 4.22449 4.24028 4.25451 4.26714 4.27814 4.28749 4.29516 4.30113 4.3054 4.30794 4.30875 4.30784 4.30518 4.30079 4.29467 4.28682 4.27725 4.26599 4.25307 4.23851 4.22236 4.20468 4.18553 4.16499 4.14316 4.12014 4.09604 4.071 4.04514 4.01863 3.9916 3.96423 3.93668 3.9091 3.88167 3.85453 3.82785 3.80177 3.77642 3.75193 3.72839 3.70591 3.68456 3.66441 3.6455 3.62787 3.61154 3.59651 3.58278 3.57032 3.55913 3.54917 3.5404 3.53279 3.5263 3.52091 3.51657 3.51325 3.51095 3.50964 
3.50233 3.50298 3.50463 3.50729 3.51097 3.51572 3.52155 3.52851 3.53663 3.54595 3.55651 3.56833 3.58146 3.59589 3.61166 3.62874 3.64713 3.6668 3.6877 3.70977 3.73295 3.75713 3.78222 3.8081 3.83463 3.86168 3.8891 3.91673 3.94441 3.97199 3.9993 4.02618 4.05249 4.07808 4.10281 4.12656 4.1492 4.17065 4.1908 4.20957 4.22689 4.2427 4.25696 4.26961 4.28064 4.29 4.29768 4.30367 4.30794 4.31049 4.31131 4.31039 4.30773 4.30333 4.2972 4.28934 4.27976 4.26848 4.25553 4.24094 4.22477 4.20705 4.18786 4.16728 4.1454 4.12233 4.09818 4.07307 4.04715 4.02057 3.99347 3.96603 3.93839 3.91074 3.88323 3.85601 3.82925 3.80309 3.77766 3.75308 3.72946 3.70691 3.68548 3.66526 3.64628 3.62859 3.61219 3.5971 3.58331 3.57081 3.55957 3.54956 3.54075 3.53311 3.5266 3.52117 3.51681 3.51349 3.51117 3.50985 
