3.89602 3.89622 3.89645 3.89671 3.89699 3.89731 3.89765 3.89802 3.89843 3.89887 3.89934 3.89986 3.90041 3.90101 3.90166 3.90236 3.90311 3.90392 3.90479 3.90571 3.9067 3.90775 3.90886 3.91003 3.91125 3.91254 3.91388 3.91527 3.9167 3.91817 3.91967 3.92119 3.92273 3.92428 3.92581 3.92734 3.92883 3.93029 3.9317 3.93305 3.93432 3.93552 3.93662 3.93762 3.93851 3.93928 3.93993 3.94045 3.94083 3.94107 3.94116 3.94112 3.94094 3.94061 3.94015 3.93956 3.93885 3.93801 3.93706 3.93601 3.93487 3.93364 3.93235 3.93099 3.92958 3.92814 3.92666 3.92518 3.92368 3.9222 3.92072 3.91928 3.91786 3.91649 3.91516 3.91389 3.91268 3.91154 3.91046 3.90945 3.90851 3.90765 3.90686 3.90614 3.9055 3.90492 3.90442 3.90398 3.90361 3.9033 3.90305 3.90286 3.90271 3.90262 3.90257 3.90256 3.90259 3.90266 3.90277 3.90291 
3.89622 3.89642 3.89665 3.89691 3.89719 3.89751 3.89785 3.89822 3.89863 3.89907 3.89955 3.90007 3.90063 3.90123 3.90189 3.90259 3.90335 3.90417 3.90504 3.90597 3.90697 3.90803 3.90915 3.91033 3.91157 3.91287 3.91423 3.91563 3.91708 3.91857 3.92009 3.92163 3.92319 3.92475 3.92631 3.92785 3.92937 3.93084 3.93227 3.93364 3.93493 3.93614 3.93726 3.93827 3.93917 3.93995 3.94061 3.94113 3.94152 3.94176 3.94186 3.94181 3.94163 3.9413 3.94083 3.94023 3.93951 3.93866 3.9377 3.93663 3.93548 3.93424 3.93292 3.93155 3.93012 3.92866 3.92716 3.92566 3.92414 3.92264 3.92115 3.91968 3.91825 3.91686 3.91552 3.91423 3.91301 3.91185 3.91075 3.90973 3.90878 3.90791 3.90711 3.90639 3.90574 3.90516 3.90465 3.90421 3.90383 3.90352 3.90326 3.90306 3.90292 3.90282 3.90277 3.90276 3.9028 3.90286 3.90297 3.90311 
3.89645 3.89665 3.89688 3.89714 3.89743 3.89775 3.89809 3.89848 3.89889 3.89934 3.89983 3.90036 3.90094 3.90156 3.90224 3.90296 3.90374 3.90458 3.90549 3.90645 3.90748 3.90858 3.90974 3.91096 3.91225 3.91359 3.915 3.91645 3.91795 3.91949 3.92107 3.92266 3.92428 3.92589 3.9275 3.9291 3.93067 3.93219 3.93367 3.93508 3.93642 3.93767 3.93883 3.93987 3.94081 3.94161 3.94229 3.94283 3.94322 3.94347 3.94358 3.94353 3.94333 3.94299 3.94251 3.94189 3.94114 3.94026 3.93926 3.93816 3.93696 3.93568 3.93432 3.93289 3.93142 3.9299 3.92836 3.92679 3.92523 3.92367 3.92212 3.92061 3.91912 3.91768 3.91629 3.91496 3.91369 3.91248 3.91135 3.91029 3.90931 3.9084 3.90757 3.90682 3.90614 3.90554 3.90501 3.90455 3.90415 3.90382 3.90355 3.90334 3.90319 3.90308 3.90302 3.90301 3.90303 3.9031 3.9032 3.90334 
3.89671 3.89691 3.89714 3.8974 3.8977 3.89802 3.89838 3.89878 3.89921 3.89968 3.90019 3.90074 3.90135 3.902 3.90271 3.90347 3.9043 3.90518 3.90614 3.90716 3.90824 3.9094 3.91063 3.91192 3.91328 3.91471 3.91619 3.91773 3.91931 3.92094 3.9226 3.92429 3.92599 3.9277 3.9294 3.93109 3.93274 3.93435 3.93591 3.9374 3.9388 3.94012 3.94134 3.94244 3.94342 3.94427 3.94498 3.94555 3.94596 3.94622 3.94633 3.94628 3.94607 3.94571 3.9452 3.94454 3.94374 3.94282 3.94177 3.9406 3.93934 3.93798 3.93654 3.93504 3.93348 3.93188 3.93025 3.9286 3.92694 3.92529 3.92366 3.92205 3.92048 3.91896 3.91749 3.91608 3.91473 3.91345 3.91225 3.91113 3.91008 3.90912 3.90823 3.90743 3.90671 3.90606 3.90549 3.905 3.90457 3.90422 3.90392 3.90369 3.90351 3.90339 3.90332 3.90329 3.90331 3.90337 3.90346 3.90359 
3.89699 3.89719 3.89743 3.8977 3.898 3.89834 3.89871 3.89913 3.89958 3.90008 3.90062 3.90121 3.90185 3.90255 3.90331 3.90413 3.90501 3.90597 3.90699 3.90809 3.90926 3.9105 3.91182 3.91322 3.91468 3.91622 3.91781 3.91947 3.92118 3.92293 3.92471 3.92653 3.92836 3.93019 3.93202 3.93382 3.9356 3.93732 3.93899 3.94059 3.9421 3.94351 3.94481 3.94599 3.94703 3.94794 3.9487 3.9493 3.94974 3.95002 3.95013 3.95007 3.94984 3.94946 3.9489 3.9482 3.94734 3.94635 3.94522 3.94397 3.94261 3.94116 3.93961 3.938 3.93632 3.9346 3.93285 3.93108 3.9293 3.92752 3.92576 3.92404 3.92235 3.9207 3.91912 3.91759 3.91614 3.91476 3.91346 3.91225 3.91111 3.91007 3.90911 3.90823 3.90744 3.90674 3.90611 3.90557 3.9051 3.9047 3.90437 3.90411 3.9039 3.90375 3.90366 3.90362 3.90362 3.90367 3.90376 3.90388 
3.89731 3.89751 3.89775 3.89802 3.89834 3.89869 3.89909 3.89953 3.90001 3.90055 3.90113 3.90177 3.90246 3.90322 3.90404 3.90493 3.9059 3.90694 3.90806 3.90925 3.91053 3.91189 3.91334 3.91486 3.91646 3.91814 3.91988 3.92169 3.92355 3.92546 3.92741 3.92939 3.93138 3.93338 3.93536 3.93733 3.93926 3.94113 3.94294 3.94467 3.94631 3.94784 3.94925 3.95052 3.95166 3.95264 3.95346 3.95411 3.95458 3.95488 3.95499 3.95493 3.95468 3.95425 3.95365 3.95288 3.95195 3.95087 3.94964 3.94828 3.9468 3.94522 3.94354 3.94178 3.93996 3.93808 3.93617 3.93424 3.9323 3.93037 3.92845 3.92656 3.92472 3.92292 3.92119 3.91952 3.91793 3.91642 3.91499 3.91365 3.91241 3.91125 3.91019 3.90923 3.90835 3.90757 3.90687 3.90626 3.90573 3.90528 3.9049 3.90459 3.90435 3.90417 3.90405 3.90399 3.90397 3.904 3.90408 3.9042 
3.89765 3.89785 3.89809 3.89838 3.89871 3.89909 3.89951 3.89999 3.90051 3.90108 3.90172 3.90241 3.90318 3.90401 3.90491 3.90589 3.90696 3.9081 3.90934 3.91066 3.91208 3.91358 3.91518 3.91686 3.91863 3.92048 3.92241 3.9244 3.92646 3.92856 3.93071 3.93289 3.93508 3.93727 3.93946 3.94162 3.94373 3.94579 3.94778 3.94967 3.95147 3.95314 3.95468 3.95608 3.95732 3.95839 3.95928 3.95999 3.9605 3.96082 3.96094 3.96087 3.96059 3.96012 3.95946 3.95861 3.95759 3.9564 3.95505 3.95356 3.95193 3.95019 3.94834 3.94641 3.94441 3.94235 3.94024 3.93812 3.93598 3.93385 3.93173 3.92965 3.92761 3.92563 3.92371 3.92187 3.9201 3.91843 3.91684 3.91536 3.91397 3.91268 3.9115 3.91042 3.90944 3.90855 3.90777 3.90707 3.90647 3.90595 3.90552 3.90515 3.90487 3.90465 3.90449 3.9044 3.90436 3.90437 3.90444 3.90455 
3.89802 3.89822 3.89848 3.89878 3.89913 3.89953 3.89999 3.9005 3.90106 3.9017 3.90239 3.90316 3.904 3.90492 3.90592 3.90702 3.9082 3.90948 3.91085 3.91233 3.9139 3.91558 3.91736 3.91923 3.9212 3.92326 3.9254 3.92762 3.92991 3.93224 3.93463 3.93704 3.93947 3.94191 3.94432 3.94671 3.94905 3.95133 3.95352 3.95561 3.95759 3.95943 3.96113 3.96267 3.96403 3.9652 3.96618 3.96696 3.96752 3.96787 3.968 3.96791 3.9676 3.96708 3.96634 3.9654 3.96427 3.96295 3.96146 3.95981 3.95801 3.95609 3.95404 3.95191 3.94969 3.9474 3.94507 3.94271 3.94034 3.93798 3.93563 3.93332 3.93105 3.92884 3.9267 3.92465 3.92268 3.92081 3.91903 3.91737 3.91581 3.91437 3.91304 3.91182 3.91071 3.90971 3.90881 3.90802 3.90733 3.90673 3.90622 3.90579 3.90545 3.90518 3.90498 3.90485 3.90479 3.90478 3.90482 3.90493 
3.89843 3.89863 3.89889 3.89921 3.89958 3.90001 3.90051 3.90106 3.90169 3.90238 3.90315 3.904 3.90494 3.90597 3.90709 3.90831 3.90963 3.91106 3.9126 3.91425 3.91602 3.9179 3.91989 3.92199 3.92419 3.9265 3.92889 3.93137 3.93392 3.93653 3.93919 3.94188 3.94458 3.94729 3.94998 3.95263 3.95523 3.95775 3.96019 3.96251 3.96469 3.96674 3.96861 3.97031 3.97182 3.97311 3.97419 3.97505 3.97567 3.97605 3.97618 3.97608 3.97573 3.97515 3.97433 3.97329 3.97203 3.97056 3.96891 3.96707 3.96507 3.96293 3.96066 3.95829 3.95582 3.95328 3.95068 3.94806 3.94541 3.94278 3.94016 3.93757 3.93504 3.93257 3.93018 3.92788 3.92567 3.92357 3.92158 3.9197 3.91795 3.91632 3.91481 3.91343 3.91217 3.91103 3.91001 3.9091 3.9083 3.90761 3.90701 3.90651 3.9061 3.90578 3.90553 3.90536 3.90526 3.90522 3.90525 3.90534 
3.89887 3.89907 3.89934 3.89968 3.90008 3.90055 3.90108 3.9017 3.90238 3.90315 3.90401 3.90496 3.906 3.90715 3.90841 3.90978 3.91126 3.91287 3.9146 3.91646 3.91844 3.92055 3.92279 3.92515 3.92762 3.9302 3.93289 3.93566 3.93852 3.94144 3.94441 3.94741 3.95043 3.95345 3.95645 3.9594 3.96229 3.9651 3.9678 3.97038 3.97281 3.97508 3.97716 3.97904 3.9807 3.98214 3.98333 3.98427 3.98495 3.98537 3.98552 3.9854 3.98501 3.98435 3.98344 3.98228 3.98087 3.97924 3.9774 3.97536 3.97313 3.97075 3.96822 3.96557 3.96282 3.95999 3.95709 3.95416 3.95121 3.94826 3.94533 3.94244 3.93961 3.93684 3.93416 3.93157 3.92909 3.92672 3.92448 3.92237 3.92039 3.91854 3.91684 3.91527 3.91383 3.91253 3.91136 3.91032 3.9094 3.90859 3.9079 3.90731 3.90683 3.90643 3.90613 3.90591 3.90577 3.9057 3.90571 3.90578 
3.89934 3.89955 3.89983 3.90019 3.90062 3.90113 3.90172 3.90239 3.90315 3.90401 3.90496 3.90602 3.9072 3.90848 3.90989 3.91143 3.9131 3.91491 3.91686 3.91895 3.92118 3.92356 3.92607 3.92872 3.9315 3.9344 3.93741 3.94052 3.94372 3.94698 3.95031 3.95366 3.95704 3.96041 3.96375 3.96704 3.97026 3.97339 3.97639 3.97926 3.98196 3.98447 3.98678 3.98886 3.99071 3.9923 3.99361 3.99465 3.9954 3.99586 3.99602 3.99588 3.99544 3.99471 3.99369 3.99239 3.99083 3.98901 3.98696 3.98469 3.98221 3.97955 3.97674 3.97378 3.97072 3.96755 3.96433 3.96105 3.95776 3.95446 3.95118 3.94794 3.94476 3.94166 3.93865 3.93574 3.93295 3.93029 3.92776 3.92538 3.92314 3.92105 3.91912 3.91734 3.91571 3.91422 3.91289 3.91169 3.91063 3.9097 3.90889 3.90821 3.90763 3.90716 3.90679 3.90652 3.90633 3.90623 3.90621 3.90627 
3.89986 3.90007 3.90036 3.90074 3.90121 3.90177 3.90241 3.90316 3.904 3.90496 3.90602 3.90721 3.90852 3.90997 3.91155 3.91328 3.91516 3.9172 3.91939 3.92174 3.92425 3.92692 3.92975 3.93272 3.93584 3.9391 3.94247 3.94596 3.94954 3.95319 3.95691 3.96066 3.96442 3.96818 3.97191 3.97557 3.97916 3.98263 3.98597 3.98915 3.99215 3.99494 3.99749 3.9998 4.00185 4.0036 4.00506 4.00621 4.00703 4.00753 4.0077 4.00754 4.00705 4.00623 4.0051 4.00365 4.00191 3.99989 3.99761 3.99508 3.99232 3.98937 3.98623 3.98294 3.97952 3.976 3.9724 3.96874 3.96506 3.96138 3.95771 3.95409 3.95053 3.94705 3.94367 3.94041 3.93728 3.93428 3.93143 3.92875 3.92622 3.92386 3.92167 3.91965 3.9178 3.91611 3.91458 3.91321 3.91199 3.91092 3.90999 3.90919 3.90852 3.90796 3.90752 3.90718 3.90694 3.9068 3.90675 3.90679 
3.90041 3.90063 3.90094 3.90135 3.90185 3.90246 3.90318 3.904 3.90494 3.906 3.9072 3.90852 3.91 3.91162 3.9134 3.91534 3.91746 3.91974 3.92221 3.92485 3.92767 3.93067 3.93384 3.93718 3.94067 3.94432 3.94809 3.95199 3.95599 3.96008 3.96422 3.9684 3.9726 3.97678 3.98093 3.98501 3.98899 3.99285 3.99655 4.00008 4.0034 4.00649 4.00932 4.01187 4.01413 4.01607 4.01768 4.01894 4.01985 4.0204 4.02058 4.0204 4.01985 4.01893 4.01767 4.01607 4.01414 4.01189 4.00936 4.00655 4.00349 4.0002 3.99671 3.99306 3.98925 3.98533 3.98132 3.97725 3.97315 3.96904 3.96495 3.9609 3.95692 3.95303 3.94925 3.94559 3.94207 3.93871 3.93551 3.93248 3.92964 3.92698 3.9245 3.92222 3.92011 3.9182 3.91646 3.9149 3.9135 3.91227 3.9112 3.91027 3.90949 3.90883 3.90831 3.9079 3.90761 3.90742 3.90734 3.90736 
3.90101 3.90123 3.90156 3.902 3.90255 3.90322 3.90401 3.90492 3.90597 3.90715 3.90848 3.90997 3.91162 3.91344 3.91544 3.91762 3.91999 3.92256 3.92532 3.92828 3.93145 3.93481 3.93836 3.94209 3.946 3.95007 3.95429 3.95864 3.9631 3.96765 3.97227 3.97692 3.98159 3.98623 3.99083 3.99536 3.99977 4.00404 4.00814 4.01205 4.01572 4.01913 4.02225 4.02507 4.02756 4.0297 4.03147 4.03286 4.03386 4.03446 4.03465 4.03444 4.03383 4.03282 4.03142 4.02964 4.0275 4.02502 4.02221 4.01909 4.0157 4.01206 4.0082 4.00414 3.99992 3.99557 3.99111 3.98659 3.98202 3.97745 3.97289 3.96838 3.96395 3.9596 3.95538 3.95129 3.94735 3.94359 3.94 3.9366 3.9334 3.93041 3.92762 3.92504 3.92267 3.9205 3.91853 3.91675 3.91516 3.91376 3.91252 3.91146 3.91055 3.90979 3.90917 3.90868 3.90833 3.90809 3.90798 3.90798 
3.90166 3.90189 3.90224 3.90271 3.90331 3.90404 3.90491 3.90592 3.90709 3.90841 3.90989 3.91155 3.9134 3.91544 3.91767 3.92012 3.92277 3.92564 3.92874 3.93205 3.93559 3.93934 3.94331 3.94748 3.95184 3.95638 3.96107 3.96592 3.97088 3.97593 3.98105 3.98622 3.99139 3.99654 4.00163 4.00663 4.01151 4.01623 4.02075 4.02506 4.0291 4.03286 4.0363 4.03941 4.04214 4.04449 4.04644 4.04796 4.04905 4.04971 4.04992 4.04968 4.049 4.04788 4.04633 4.04437 4.042 4.03926 4.03616 4.03272 4.02898 4.02495 4.02068 4.01619 4.01152 4.00671 4.00177 3.99676 3.9917 3.98662 3.98156 3.97655 3.97162 3.96679 3.96208 3.95752 3.95313 3.94892 3.94491 3.94111 3.93753 3.93417 3.93104 3.92814 3.92546 3.92302 3.92079 3.91878 3.91698 3.91538 3.91397 3.91275 3.9117 3.91082 3.9101 3.90953 3.90911 3.90882 3.90866 3.90864 
3.90236 3.90259 3.90296 3.90347 3.90413 3.90493 3.90589 3.90702 3.90831 3.90978 3.91143 3.91328 3.91534 3.91762 3.92012 3.92284 3.92581 3.92902 3.93247 3.93617 3.94011 3.94429 3.94871 3.95335 3.95819 3.96324 3.96845 3.97382 3.97932 3.98492 3.99059 3.99629 4.00201 4.00769 4.01331 4.01882 4.0242 4.02939 4.03438 4.03911 4.04355 4.04768 4.05146 4.05486 4.05786 4.06043 4.06256 4.06423 4.06542 4.06613 4.06636 4.06609 4.06534 4.0641 4.0624 4.06024 4.05764 4.05462 4.05121 4.04742 4.0433 4.03887 4.03416 4.02922 4.02407 4.01875 4.01331 4.00777 4.00218 3.99656 3.99096 3.98541 3.97994 3.97458 3.96936 3.96429 3.95941 3.95473 3.95026 3.94602 3.94202 3.93827 3.93476 3.93151 3.92851 3.92576 3.92325 3.92099 3.91895 3.91714 3.91554 3.91415 3.91296 3.91195 3.91111 3.91045 3.90995 3.9096 3.9094 3.90935 
3.90311 3.90335 3.90374 3.9043 3.90501 3.9059 3.90696 3.9082 3.90963 3.91126 3.9131 3.91516 3.91746 3.91999 3.92277 3.92581 3.92911 3.93268 3.93652 3.94063 3.94502 3.94966 3.95456 3.9597 3.96507 3.97065 3.97643 3.98236 3.98843 3.99461 4.00086 4.00716 4.01345 4.0197 4.02588 4.03193 4.03783 4.04353 4.049 4.05418 4.05905 4.06356 4.0677 4.07142 4.07469 4.0775 4.07983 4.08164 4.08294 4.08371 4.08395 4.08366 4.08283 4.08147 4.0796 4.07723 4.07438 4.07107 4.06733 4.06318 4.05866 4.0538 4.04863 4.0432 4.03754 4.0317 4.02571 4.01961 4.01345 4.00726 4.00109 3.99496 3.98892 3.983 3.97722 3.97161 3.96619 3.961 3.95604 3.95133 3.94688 3.9427 3.93879 3.93516 3.93181 3.92873 3.92593 3.92338 3.92109 3.91905 3.91725 3.91567 3.91431 3.91316 3.91221 3.91144 3.91086 3.91044 3.9102 3.91012 
3.90392 3.90417 3.90458 3.90518 3.90597 3.90694 3.9081 3.90948 3.91106 3.91287 3.91491 3.9172 3.91974 3.92256 3.92564 3.92902 3.93268 3.93664 3.9409 3.94546 3.95031 3.95545 3.96086 3.96655 3.97248 3.97864 3.985 3.99154 3.99822 4.00501 4.01188 4.01879 4.02569 4.03255 4.03931 4.04594 4.0524 4.05863 4.06459 4.07025 4.07556 4.08049 4.08499 4.08904 4.09261 4.09567 4.09819 4.10017 4.10158 4.10241 4.10267 4.10234 4.10143 4.09995 4.0979 4.09532 4.0922 4.08859 4.0845 4.07997 4.07503 4.06971 4.06407 4.05812 4.05193 4.04553 4.03896 4.03228 4.02552 4.01872 4.01194 4.0052 3.99855 3.99202 3.98565 3.97947 3.97349 3.96775 3.96226 3.95705 3.95212 3.94748 3.94314 3.9391 3.93537 3.93194 3.92881 3.92596 3.9234 3.92111 3.91908 3.91731 3.91577 3.91447 3.91338 3.91251 3.91183 3.91135 3.91105 3.91094 
3.90479 3.90504 3.90549 3.90614 3.90699 3.90806 3.90934 3.91085 3.9126 3.9146 3.91686 3.91939 3.92221 3.92532 3.92874 3.93247 3.93652 3.9409 3.9456 3.95064 3.95599 3.96165 3.96762 3.97388 3.9804 3.98717 3.99416 4.00133 4.00866 4.01611 4.02363 4.03118 4.03873 4.04621 4.0536 4.06083 4.06786 4.07465 4.08114 4.08729 4.09307 4.09842 4.10331 4.1077 4.11157 4.11489 4.11762 4.11976 4.12129 4.12219 4.12245 4.12209 4.1211 4.11949 4.11726 4.11445 4.11107 4.10713 4.10269 4.09776 4.09238 4.08659 4.08044 4.07396 4.0672 4.06022 4.05305 4.04575 4.03836 4.03092 4.02349 4.01611 4.00882 4.00166 3.99466 3.98786 3.98129 3.97497 3.96892 3.96317 3.95773 3.9526 3.9478 3.94333 3.93919 3.93538 3.9319 3.92873 3.92588 3.92332 3.92105 3.91907 3.91734 3.91587 3.91464 3.91365 3.91288 3.91232 3.91197 3.91182 
3.90571 3.90597 3.90645 3.90716 3.90809 3.90925 3.91066 3.91233 3.91425 3.91646 3.91895 3.92174 3.92485 3.92828 3.93205 3.93617 3.94063 3.94546 3.95064 3.95617 3.96205 3.96828 3.97483 3.98169 3.98884 3.99626 4.0039 4.01175 4.01975 4.02788 4.03608 4.04431 4.05253 4.06067 4.0687 4.07656 4.08419 4.09155 4.09859 4.10526 4.11151 4.1173 4.12259 4.12735 4.13153 4.13511 4.13806 4.14036 4.14201 4.14297 4.14326 4.14286 4.14178 4.14003 4.13763 4.13458 4.13091 4.12665 4.12183 4.11649 4.11066 4.10438 4.0977 4.09067 4.08333 4.07574 4.06794 4.05999 4.05194 4.04384 4.03574 4.02768 4.01972 4.01189 4.00423 3.99679 3.98958 3.98265 3.97601 3.96969 3.9637 3.95806 3.95277 3.94784 3.94327 3.93906 3.93521 3.9317 3.92853 3.92569 3.92316 3.92094 3.91902 3.91737 3.91599 3.91487 3.91399 3.91336 3.91295 3.91276 
3.9067 3.90697 3.90748 3.90824 3.90926 3.91053 3.91208 3.9139 3.91602 3.91844 3.92118 3.92425 3.92767 3.93145 3.93559 3.94011 3.94502 3.95031 3.95599 3.96205 3.9685 3.97531 3.98248 3.98998 3.99779 4.00587 4.01421 4.02275 4.03146 4.0403 4.04921 4.05814 4.06705 4.07588 4.08458 4.09308 4.10134 4.10929 4.1169 4.1241 4.13084 4.13708 4.14278 4.1479 4.1524 4.15625 4.15943 4.16191 4.16367 4.16471 4.16501 4.16458 4.16341 4.16152 4.15893 4.15564 4.15168 4.14709 4.14188 4.13611 4.12982 4.12303 4.11581 4.10821 4.10027 4.09204 4.0836 4.07498 4.06624 4.05745 4.04864 4.03988 4.03122 4.02269 4.01435 4.00622 3.99836 3.99078 3.98352 3.97661 3.97005 3.96386 3.95805 3.95264 3.94761 3.94297 3.93872 3.93485 3.93135 3.92821 3.92541 3.92295 3.9208 3.91897 3.91743 3.91617 3.91518 3.91446 3.91399 3.91377 
3.90775 3.90803 3.90858 3.9094 3.9105 3.91189 3.91358 3.91558 3.9179 3.92055 3.92356 3.92692 3.93067 3.93481 3.93934 3.94429 3.94966 3.95545 3.96165 3.96828 3.97531 3.98274 3.99055 3.99871 4.00721 4.016 4.02505 4.03432 4.04376 4.05333 4.06298 4.07264 4.08227 4.09181 4.10119 4.11035 4.11925 4.12782 4.136 4.14374 4.15099 4.15769 4.16381 4.1693 4.17413 4.17826 4.18166 4.18431 4.1862 4.18731 4.18763 4.18716 4.1859 4.18387 4.18108 4.17755 4.1733 4.16836 4.16277 4.15656 4.14979 4.14249 4.13471 4.12652 4.11796 4.10909 4.09997 4.09066 4.08122 4.07171 4.06218 4.05269 4.04329 4.03404 4.02498 4.01615 4.0076 3.99935 3.99144 3.9839 3.97674 3.96998 3.96363 3.95771 3.9522 3.94711 3.94245 3.93819 3.93434 3.93088 3.92779 3.92507 3.9227 3.92066 3.91895 3.91755 3.91645 3.91563 3.9151 3.91483 
3.90886 3.90915 3.90974 3.91063 3.91182 3.91334 3.91518 3.91736 3.91989 3.92279 3.92607 3.92975 3.93384 3.93836 3.94331 3.94871 3.95456 3.96086 3.96762 3.97483 3.98248 3.99055 3.99903 4.00788 4.01708 4.0266 4.03639 4.04641 4.05662 4.06694 4.07734 4.08776 4.09812 4.10838 4.11846 4.12831 4.13786 4.14705 4.15582 4.16411 4.17187 4.17905 4.18559 4.19146 4.19662 4.20103 4.20466 4.20749 4.2095 4.21068 4.21102 4.21051 4.20917 4.207 4.20401 4.20023 4.19568 4.19039 4.1844 4.17776 4.1705 4.16267 4.15433 4.14553 4.13634 4.12681 4.117 4.10699 4.09682 4.08657 4.07629 4.06605 4.0559 4.0459 4.0361 4.02654 4.01728 4.00833 3.99975 3.99156 3.98377 3.97641 3.9695 3.96304 3.95703 3.95148 3.94637 3.94171 3.93749 3.93369 3.9303 3.92731 3.9247 3.92245 3.92056 3.91901 3.91778 3.91687 3.91627 3.91596 
3.91003 3.91033 3.91096 3.91192 3.91322 3.91486 3.91686 3.91923 3.92199 3.92515 3.92872 3.93272 3.93718 3.94209 3.94748 3.95335 3.9597 3.96655 3.97388 3.98169 3.98998 3.99871 4.00788 4.01745 4.02739 4.03765 4.04821 4.059 4.06998 4.08109 4.09226 4.10344 4.11456 4.12555 4.13635 4.14688 4.1571 4.16692 4.17628 4.18513 4.19341 4.20106 4.20803 4.21428 4.21977 4.22447 4.22833 4.23134 4.23348 4.23473 4.23508 4.23454 4.23311 4.23079 4.2276 4.22357 4.21872 4.21309 4.2067 4.19961 4.19186 4.1835 4.17458 4.16518 4.15534 4.14514 4.13464 4.1239 4.11299 4.10198 4.09094 4.07993 4.06901 4.05824 4.04768 4.03737 4.02736 4.0177 4.00842 3.99955 3.99112 3.98314 3.97564 3.96862 3.96209 3.95605 3.95049 3.94541 3.9408 3.93665 3.93294 3.92967 3.9268 3.92434 3.92226 3.92054 3.91919 3.91817 3.9175 3.91715 
3.91125 3.91157 3.91225 3.91328 3.91468 3.91646 3.91863 3.9212 3.92419 3.92762 3.9315 3.93584 3.94067 3.946 3.95184 3.95819 3.96507 3.97248 3.9804 3.98884 3.99779 4.00721 4.01708 4.02739 4.03808 4.04911 4.06045 4.07203 4.0838 4.0957 4.10766 4.11961 4.1315 4.14323 4.15476 4.16599 4.17687 4.18733 4.19729 4.2067 4.2155 4.22363 4.23103 4.23767 4.24349 4.24846 4.25256 4.25575 4.25801 4.25933 4.2597 4.25913 4.2576 4.25514 4.25176 4.24748 4.24233 4.23634 4.22956 4.22202 4.21377 4.20488 4.19539 4.18537 4.17489 4.164 4.15279 4.14132 4.12966 4.11789 4.10607 4.09427 4.08257 4.07101 4.05967 4.04859 4.03782 4.02742 4.01742 4.00786 3.99876 3.99015 3.98204 3.97444 3.96737 3.96082 3.95479 3.94927 3.94426 3.93975 3.93571 3.93213 3.92901 3.92631 3.92403 3.92215 3.92066 3.91954 3.91879 3.9184 
3.91254 3.91287 3.91359 3.91471 3.91622 3.91814 3.92048 3.92326 3.9265 3.9302 3.9344 3.9391 3.94432 3.95007 3.95638 3.96324 3.97065 3.97864 3.98717 3.99626 4.00587 4.016 4.0266 4.03765 4.04911 4.06094 4.07307 4.08545 4.09802 4.11072 4.12348 4.13622 4.14887 4.16136 4.17361 4.18555 4.1971 4.20819 4.21876 4.22873 4.23805 4.24665 4.25448 4.2615 4.26765 4.27291 4.27723 4.2806 4.28298 4.28438 4.28477 4.28416 4.28255 4.27994 4.27637 4.27184 4.26639 4.26005 4.25287 4.24489 4.23615 4.22672 4.21665 4.20602 4.19488 4.18332 4.17139 4.15918 4.14677 4.13422 4.12161 4.10902 4.09651 4.08416 4.07202 4.06015 4.04862 4.03746 4.02673 4.01645 4.00667 3.9974 3.98866 3.98047 3.97284 3.96577 3.95925 3.95328 3.94786 3.94296 3.93858 3.9347 3.9313 3.92837 3.92588 3.92383 3.9222 3.92097 3.92015 3.91971 
3.91388 3.91423 3.915 3.91619 3.91781 3.91988 3.92241 3.9254 3.92889 3.93289 3.93741 3.94247 3.94809 3.95429 3.96107 3.96845 3.97643 3.985 3.99416 4.0039 4.01421 4.02505 4.03639 4.04821 4.06045 4.07307 4.086 4.0992 4.11258 4.12609 4.13965 4.15318 4.1666 4.17985 4.19282 4.20546 4.21768 4.22941 4.24057 4.2511 4.26093 4.27 4.27826 4.28565 4.29213 4.29767 4.30222 4.30576 4.30827 4.30974 4.31015 4.3095 4.3078 4.30506 4.3013 4.29652 4.29078 4.2841 4.27652 4.26809 4.25887 4.24891 4.23827 4.22702 4.21524 4.20299 4.19035 4.1774 4.16423 4.1509 4.1375 4.1241 4.11079 4.09762 4.08468 4.07202 4.0597 4.04778 4.03629 4.02529 4.01481 4.00487 3.99549 3.9867 3.97849 3.97088 3.96387 3.95744 3.95158 3.9463 3.94156 3.93737 3.93369 3.93051 3.92781 3.92558 3.9238 3.92246 3.92155 3.92107 
3.91527 3.91563 3.91645 3.91773 3.91947 3.92169 3.9244 3.92762 3.93137 3.93566 3.94052 3.94596 3.95199 3.95864 3.96592 3.97382 3.98236 3.99154 4.00133 4.01175 4.02275 4.03432 4.04641 4.059 4.07203 4.08545 4.0992 4.1132 4.12741 4.14172 4.15608 4.1704 4.1846 4.19859 4.2123 4.22563 4.23851 4.25087 4.26262 4.2737 4.28404 4.29357 4.30225 4.31001 4.31682 4.32263 4.3274 4.33112 4.33375 4.33528 4.33571 4.33503 4.33325 4.33037 4.32642 4.32141 4.31538 4.30836 4.30039 4.29153 4.28182 4.27134 4.26013 4.24828 4.23585 4.22292 4.20957 4.19589 4.18195 4.16785 4.15365 4.13945 4.12532 4.11135 4.09759 4.08413 4.07102 4.05832 4.04608 4.03434 4.02315 4.01252 4.0025 3.99309 3.9843 3.97614 3.96861 3.96171 3.95542 3.94973 3.94464 3.94011 3.93614 3.93271 3.9298 3.92738 3.92546 3.924 3.92301 3.92248 
3.9167 3.91708 3.91795 3.91931 3.92118 3.92355 3.92646 3.92991 3.93392 3.93852 3.94372 3.94954 3.95599 3.9631 3.97088 3.97932 3.98843 3.99822 4.00866 4.01975 4.03146 4.04376 4.05662 4.06998 4.0838 4.09802 4.11258 4.12741 4.14242 4.15755 4.17271 4.18781 4.20277 4.21751 4.23193 4.24595 4.25949 4.27246 4.28479 4.29641 4.30725 4.31724 4.32632 4.33445 4.34157 4.34764 4.35264 4.35652 4.35927 4.36088 4.36133 4.36062 4.35875 4.35574 4.3516 4.34636 4.34005 4.3327 4.32435 4.31507 4.30489 4.29389 4.28213 4.26967 4.25661 4.24301 4.22896 4.21455 4.19986 4.18498 4.16999 4.15499 4.14005 4.12526 4.1107 4.09643 4.08252 4.06904 4.05603 4.04355 4.03164 4.02033 4.00965 3.99961 3.99023 3.98151 3.97347 3.96608 3.95935 3.95325 3.94779 3.94293 3.93867 3.93498 3.93184 3.92924 3.92716 3.92559 3.92452 3.92393 
3.91817 3.91857 3.91949 3.92094 3.92293 3.92546 3.92856 3.93224 3.93653 3.94144 3.94698 3.95319 3.96008 3.96765 3.97593 3.98492 3.99461 4.00501 4.01611 4.02788 4.0403 4.05333 4.06694 4.08109 4.0957 4.11072 4.12609 4.14172 4.15755 4.17348 4.18943 4.2053 4.22102 4.23649 4.25161 4.26631 4.28049 4.29407 4.30697 4.31912 4.33044 4.34087 4.35035 4.35883 4.36626 4.37259 4.3778 4.38184 4.38471 4.38638 4.38685 4.38611 4.38417 4.38103 4.37672 4.37125 4.36467 4.357 4.34829 4.33858 4.32795 4.31644 4.30414 4.2911 4.27741 4.26315 4.24842 4.23328 4.21785 4.2022 4.18643 4.17063 4.15489 4.13929 4.12392 4.10884 4.09414 4.07988 4.06611 4.05289 4.04026 4.02825 4.01691 4.00624 3.99626 3.98698 3.97841 3.97053 3.96335 3.95685 3.95101 3.94581 3.94125 3.9373 3.93393 3.93114 3.92891 3.92722 3.92606 3.92542 
3.91967 3.92009 3.92107 3.9226 3.92471 3.92741 3.93071 3.93463 3.93919 3.94441 3.95031 3.95691 3.96422 3.97227 3.98105 3.99059 4.00086 4.01188 4.02363 4.03608 4.04921 4.06298 4.07734 4.09226 4.10766 4.12348 4.13965 4.15608 4.17271 4.18943 4.20615 4.22279 4.23925 4.25543 4.27125 4.2866 4.30141 4.31558 4.32903 4.34169 4.35348 4.36434 4.37421 4.38303 4.39075 4.39733 4.40274 4.40695 4.40993 4.41166 4.41215 4.41138 4.40937 4.40611 4.40163 4.39595 4.3891 4.38112 4.37205 4.36195 4.35087 4.33888 4.32604 4.31244 4.29814 4.28324 4.26783 4.25199 4.23583 4.21943 4.20289 4.1863 4.16977 4.15337 4.13719 4.12132 4.10583 4.09079 4.07625 4.06229 4.04894 4.03624 4.02423 4.01293 4.00235 3.99251 3.98341 3.97504 3.96741 3.96049 3.95427 3.94874 3.94387 3.93965 3.93606 3.93308 3.93069 3.92888 3.92763 3.92694 
3.92119 3.92163 3.92266 3.92429 3.92653 3.92939 3.93289 3.93704 3.94188 3.94741 3.95366 3.96066 3.9684 3.97692 3.98622 3.99629 4.00716 4.01879 4.03118 4.04431 4.05814 4.07264 4.08776 4.10344 4.11961 4.13622 4.15318 4.1704 4.18781 4.2053 4.22279 4.24017 4.25735 4.27424 4.29072 4.30671 4.32213 4.33687 4.35085 4.36401 4.37625 4.38752 4.39776 4.4069 4.41491 4.42173 4.42734 4.4317 4.43478 4.43658 4.43709 4.4363 4.43421 4.43084 4.42619 4.42031 4.41321 4.40494 4.39553 4.38505 4.37354 4.36108 4.34773 4.33358 4.31869 4.30317 4.2871 4.27058 4.2537 4.23656 4.21926 4.20191 4.18459 4.1674 4.15044 4.13378 4.11751 4.1017 4.08641 4.07171 4.05765 4.04426 4.03159 4.01965 4.00848 3.99808 3.98844 3.97959 3.9715 3.96416 3.95756 3.95169 3.94652 3.94204 3.93822 3.93504 3.93249 3.93056 3.92923 3.92849 
3.92273 3.92319 3.92428 3.92599 3.92836 3.93138 3.93508 3.93947 3.94458 3.95043 3.95704 3.96442 3.9726 3.98159 3.99139 4.00201 4.01345 4.02569 4.03873 4.05253 4.06705 4.08227 4.09812 4.11456 4.1315 4.14887 4.1666 4.1846 4.20277 4.22102 4.23925 4.25735 4.27524 4.29279 4.30993 4.32654 4.34253 4.35782 4.37232 4.38595 4.39863 4.41029 4.42088 4.43034 4.43861 4.44566 4.45146 4.45596 4.45915 4.46101 4.46154 4.46072 4.45857 4.45508 4.45029 4.44421 4.43688 4.42832 4.4186 4.40775 4.39583 4.38292 4.36908 4.35439 4.33894 4.32282 4.30612 4.28893 4.27136 4.2535 4.23547 4.21737 4.19929 4.18133 4.16359 4.14616 4.12912 4.11255 4.09652 4.08109 4.06632 4.05225 4.03893 4.02637 4.0146 4.00364 3.99348 3.98414 3.97559 3.96784 3.96087 3.95466 3.94918 3.94443 3.94038 3.93701 3.93431 3.93225 3.93084 3.93005 
3.92428 3.92475 3.92589 3.9277 3.93019 3.93338 3.93727 3.94191 3.94729 3.95345 3.96041 3.96818 3.97678 3.98623 3.99654 4.00769 4.0197 4.03255 4.04621 4.06067 4.07588 4.09181 4.10838 4.12555 4.14323 4.16136 4.17985 4.19859 4.21751 4.23649 4.25543 4.27424 4.29279 4.311 4.32876 4.34596 4.36251 4.37833 4.39331 4.40739 4.42048 4.43252 4.44345 4.4532 4.46173 4.469 4.47497 4.47961 4.4829 4.48482 4.48536 4.48452 4.48231 4.47873 4.47379 4.46753 4.45997 4.45115 4.44112 4.42992 4.41762 4.40428 4.38997 4.37478 4.35879 4.34209 4.32477 4.30694 4.28871 4.27016 4.25142 4.23258 4.21376 4.19506 4.17656 4.15838 4.14059 4.12328 4.10652 4.09038 4.07492 4.06018 4.04621 4.03304 4.02069 4.00917 3.9985 3.98867 3.97968 3.97151 3.96417 3.95762 3.95184 3.94683 3.94255 3.93899 3.93613 3.93395 3.93245 3.93161 
3.92581 3.92631 3.9275 3.9294 3.93202 3.93536 3.93946 3.94432 3.94998 3.95645 3.96375 3.97191 3.98093 3.99083 4.00163 4.01331 4.02588 4.03931 4.0536 4.0687 4.08458 4.10119 4.11846 4.13635 4.15476 4.17361 4.19282 4.2123 4.23193 4.25161 4.27125 4.29072 4.30993 4.32876 4.34711 4.36487 4.38196 4.39827 4.41372 4.42823 4.44171 4.4541 4.46534 4.47537 4.48414 4.49162 4.49775 4.50252 4.5059 4.50788 4.50844 4.50758 4.50531 4.50164 4.49657 4.49014 4.48237 4.4733 4.46298 4.45146 4.43879 4.42505 4.4103 4.39463 4.37812 4.36087 4.34297 4.32453 4.30565 4.28644 4.26701 4.24748 4.22794 4.20851 4.18928 4.17037 4.15185 4.13382 4.11635 4.09952 4.08338 4.06799 4.05339 4.03961 4.02669 4.01463 4.00345 3.99314 3.98371 3.97515 3.96743 3.96055 3.95448 3.94921 3.9447 3.94095 3.93794 3.93564 3.93406 3.93317 
3.92734 3.92785 3.9291 3.93109 3.93382 3.93733 3.94162 3.94671 3.95263 3.9594 3.96704 3.97557 3.98501 3.99536 4.00663 4.01882 4.03193 4.04594 4.06083 4.07656 4.09308 4.11035 4.12831 4.14688 4.16599 4.18555 4.20546 4.22563 4.24595 4.26631 4.2866 4.30671 4.32654 4.34596 4.36487 4.38318 4.40077 4.41755 4.43343 4.44834 4.46219 4.47491 4.48645 4.49674 4.50574 4.5134 4.51969 4.52458 4.52805 4.53008 4.53066 4.52979 4.52746 4.5237 4.51851 4.51192 4.50396 4.49466 4.48407 4.47225 4.45923 4.44511 4.42994 4.41382 4.39682 4.37905 4.3606 4.34157 4.32208 4.30224 4.28216 4.26195 4.24173 4.2216 4.20168 4.18206 4.16284 4.14411 4.12596 4.10845 4.09166 4.07563 4.06042 4.04606 4.03257 4.01999 4.00831 3.99754 3.98768 3.97872 3.97065 3.96344 3.95708 3.95155 3.94683 3.94289 3.93973 3.93732 3.93565 3.93471 
3.92883 3.92937 3.93067 3.93274 3.9356 3.93926 3.94373 3.94905 3.95523 3.96229 3.97026 3.97916 3.98899 3.99977 4.01151 4.0242 4.03783 4.0524 4.06786 4.08419 4.10134 4.11925 4.13786 4.1571 4.17687 4.1971 4.21768 4.23851 4.25949 4.28049 4.30141 4.32213 4.34253 4.36251 4.38196 4.40077 4.41883 4.43605 4.45235 4.46763 4.48182 4.49485 4.50666 4.5172 4.52641 4.53424 4.54068 4.54568 4.54923 4.55131 4.55191 4.55102 4.54865 4.54481 4.53951 4.53278 4.52464 4.51512 4.50429 4.49217 4.47884 4.46436 4.44881 4.43226 4.4148 4.39654 4.37756 4.35799 4.33792 4.31748 4.29678 4.27593 4.25505 4.23426 4.21366 4.19337 4.17348 4.15408 4.13527 4.11712 4.09969 4.08306 4.06725 4.05233 4.0383 4.02521 4.01305 4.00183 3.99156 3.98221 3.97379 3.96626 3.95962 3.95384 3.94891 3.94479 3.94148 3.93896 3.93721 3.93622 
3.93029 3.93084 3.93219 3.93435 3.93732 3.94113 3.94579 3.95133 3.95775 3.9651 3.97339 3.98263 3.99285 4.00404 4.01623 4.02939 4.04353 4.05863 4.07465 4.09155 4.10929 4.12782 4.14705 4.16692 4.18733 4.20819 4.22941 4.25087 4.27246 4.29407 4.31558 4.33687 4.35782 4.37833 4.39827 4.41755 4.43605 4.45369 4.47036 4.48599 4.5005 4.51382 4.52589 4.53664 4.54604 4.55405 4.56062 4.56572 4.56935 4.57147 4.57209 4.57119 4.56878 4.56486 4.55946 4.5526 4.54429 4.53458 4.52351 4.51114 4.49751 4.4827 4.46678 4.44984 4.43196 4.41323 4.39377 4.37368 4.35307 4.33207 4.31078 4.28932 4.26783 4.2464 4.22517 4.20424 4.18371 4.16368 4.14424 4.12547 4.10744 4.09021 4.07385 4.05838 4.04384 4.03025 4.01763 4.00598 3.9953 3.98559 3.97683 3.969 3.96209 3.95607 3.95093 3.94664 3.94319 3.94055 3.93873 3.9377 
3.9317 3.93227 3.93367 3.93591 3.93899 3.94294 3.94778 3.95352 3.96019 3.9678 3.97639 3.98597 3.99655 4.00814 4.02075 4.03438 4.049 4.06459 4.08114 4.09859 4.1169 4.136 4.15582 4.17628 4.19729 4.21876 4.24057 4.26262 4.28479 4.30697 4.32903 4.35085 4.37232 4.39331 4.41372 4.43343 4.45235 4.47036 4.48738 4.50334 4.51814 4.53172 4.54402 4.55498 4.56456 4.57272 4.57941 4.58461 4.5883 4.59047 4.5911 4.59019 4.58774 4.58377 4.57827 4.57129 4.56283 4.55294 4.54167 4.52905 4.51515 4.50004 4.48379 4.46648 4.4482 4.42905 4.40914 4.38856 4.36745 4.34591 4.32407 4.30205 4.27998 4.25796 4.23613 4.21459 4.19346 4.17283 4.15279 4.13344 4.11484 4.09706 4.08015 4.06417 4.04914 4.03508 4.02202 4.00996 3.9989 3.98884 3.97975 3.97164 3.96446 3.95822 3.95288 3.94842 3.94483 3.94209 3.94019 3.93912 
3.93305 3.93364 3.93508 3.9374 3.94059 3.94467 3.94967 3.95561 3.96251 3.97038 3.97926 3.98915 4.00008 4.01205 4.02506 4.03911 4.05418 4.07025 4.08729 4.10526 4.1241 4.14374 4.16411 4.18513 4.2067 4.22873 4.2511 4.2737 4.29641 4.31912 4.34169 4.36401 4.38595 4.40739 4.42823 4.44834 4.46763 4.48599 4.50334 4.51958 4.53465 4.54847 4.56099 4.57214 4.58188 4.59017 4.59697 4.60226 4.60602 4.60822 4.60887 4.60795 4.60547 4.60144 4.59586 4.58876 4.58017 4.57013 4.55866 4.54582 4.53168 4.51629 4.49973 4.48209 4.46345 4.4439 4.42357 4.40255 4.38097 4.35894 4.33659 4.31405 4.29143 4.26886 4.24647 4.22437 4.20267 4.18148 4.16088 4.14098 4.12184 4.10354 4.08613 4.06966 4.05417 4.03967 4.0262 4.01375 4.00233 3.99193 3.98254 3.97415 3.96673 3.96026 3.95474 3.95012 3.94641 3.94357 3.9416 3.94048 
3.93432 3.93493 3.93642 3.9388 3.9421 3.94631 3.95147 3.95759 3.96469 3.97281 3.98196 3.99215 4.0034 4.01572 4.0291 4.04355 4.05905 4.07556 4.09307 4.11151 4.13084 4.15099 4.17187 4.19341 4.2155 4.23805 4.26093 4.28404 4.30725 4.33044 4.35348 4.37625 4.39863 4.42048 4.44171 4.46219 4.48182 4.5005 4.51814 4.53465 4.54996 4.564 4.57671 4.58803 4.59791 4.60632 4.61323 4.6186 4.62241 4.62465 4.62531 4.62439 4.62188 4.6178 4.61215 4.60495 4.59624 4.58605 4.57441 4.56138 4.54701 4.53137 4.51454 4.49659 4.47761 4.45771 4.437 4.41557 4.39356 4.37108 4.34826 4.32523 4.30212 4.27904 4.25613 4.23351 4.21128 4.18957 4.16846 4.14804 4.12841 4.10962 4.09174 4.07482 4.05889 4.04398 4.03012 4.01731 4.00555 3.99484 3.98516 3.97651 3.96886 3.9622 3.95649 3.95173 3.9479 3.94496 3.94293 3.94177 
3.93552 3.93614 3.93767 3.94012 3.94351 3.94784 3.95314 3.95943 3.96674 3.97508 3.98447 3.99494 4.00649 4.01913 4.03286 4.04768 4.06356 4.08049 4.09842 4.1173 4.13708 4.15769 4.17905 4.20106 4.22363 4.24665 4.27 4.29357 4.31724 4.34087 4.36434 4.38752 4.41029 4.43252 4.4541 4.47491 4.49485 4.51382 4.53172 4.54847 4.564 4.57824 4.59111 4.60258 4.6126 4.62112 4.62812 4.63356 4.63742 4.6397 4.64037 4.63944 4.63691 4.63278 4.62706 4.61978 4.61097 4.60064 4.58885 4.57565 4.56108 4.54521 4.52813 4.5099 4.49063 4.47041 4.44935 4.42755 4.40515 4.38226 4.35902 4.33554 4.31197 4.28843 4.26505 4.24195 4.21924 4.19705 4.17546 4.15458 4.13449 4.11525 4.09694 4.0796 4.06327 4.04798 4.03376 4.02061 4.00854 3.99754 3.98761 3.97871 3.97085 3.964 3.95813 3.95324 3.94929 3.94627 3.94417 3.94298 
3.93662 3.93726 3.93883 3.94134 3.94481 3.94925 3.95468 3.96113 3.96861 3.97716 3.98678 3.99749 4.00932 4.02225 4.0363 4.05146 4.0677 4.08499 4.10331 4.12259 4.14278 4.16381 4.18559 4.20803 4.23103 4.25448 4.27826 4.30225 4.32632 4.35035 4.37421 4.39776 4.42088 4.44345 4.46534 4.48645 4.50666 4.52589 4.54402 4.56099 4.57671 4.59111 4.60415 4.61575 4.62588 4.6345 4.64157 4.64708 4.65099 4.65329 4.65398 4.65304 4.65049 4.64632 4.64055 4.6332 4.62428 4.61385 4.60192 4.58856 4.57381 4.55775 4.54044 4.52198 4.50244 4.48193 4.46055 4.43843 4.41568 4.39242 4.36879 4.34492 4.32094 4.29698 4.27317 4.24964 4.2265 4.20387 4.18185 4.16055 4.14004 4.12039 4.10169 4.08397 4.06728 4.05165 4.0371 4.02365 4.01129 4.00003 3.98985 3.98074 3.97268 3.96566 3.95964 3.95462 3.95057 3.94747 3.94532 3.9441 
3.93762 3.93827 3.93987 3.94244 3.94599 3.95052 3.95608 3.96267 3.97031 3.97904 3.98886 3.9998 4.01187 4.02507 4.03941 4.05486 4.07142 4.08904 4.1077 4.12735 4.1479 4.1693 4.19146 4.21428 4.23767 4.2615 4.28565 4.31001 4.33445 4.35883 4.38303 4.4069 4.43034 4.4532 4.47537 4.49674 4.5172 4.53664 4.55498 4.57214 4.58803 4.60258 4.61575 4.62747 4.6377 4.64641 4.65355 4.65911 4.66306 4.66539 4.66609 4.66515 4.66258 4.65837 4.65255 4.64514 4.63614 4.62561 4.61356 4.60007 4.58517 4.56893 4.55143 4.53274 4.51297 4.4922 4.47056 4.44814 4.42508 4.4015 4.37753 4.35331 4.32896 4.30463 4.28044 4.25653 4.233 4.20999 4.18759 4.1659 4.14502 4.12502 4.10596 4.0879 4.07088 4.05494 4.0401 4.02638 4.01376 4.00227 3.99187 3.98257 3.97433 3.96715 3.96101 3.95587 3.95173 3.94856 3.94636 3.94511 
3.93851 3.93917 3.94081 3.94342 3.94703 3.95166 3.95732 3.96403 3.97182 3.9807 3.99071 4.00185 4.01413 4.02756 4.04214 4.05786 4.07469 4.09261 4.11157 4.13153 4.1524 4.17413 4.19662 4.21977 4.24349 4.26765 4.29213 4.31682 4.34157 4.36626 4.39075 4.41491 4.43861 4.46173 4.48414 4.50574 4.52641 4.54604 4.56456 4.58188 4.59791 4.6126 4.62588 4.6377 4.64802 4.6568 4.664 4.66961 4.67359 4.67594 4.67665 4.67571 4.67312 4.66889 4.66303 4.65556 4.6465 4.63587 4.62373 4.61012 4.59508 4.57869 4.56102 4.54216 4.52218 4.50119 4.47931 4.45664 4.43331 4.40945 4.38519 4.36066 4.336 4.31134 4.28682 4.26257 4.23871 4.21536 4.19262 4.17061 4.1494 4.12908 4.10971 4.09136 4.07406 4.05785 4.04275 4.02879 4.01595 4.00424 3.99366 3.98418 3.9758 3.96848 3.96222 3.95698 3.95276 3.94953 3.94728 3.94601 
3.93928 3.93995 3.94161 3.94427 3.94794 3.95264 3.95839 3.9652 3.97311 3.98214 3.9923 4.0036 4.01607 4.0297 4.04449 4.06043 4.0775 4.09567 4.11489 4.13511 4.15625 4.17826 4.20103 4.22447 4.24846 4.27291 4.29767 4.32263 4.34764 4.37259 4.39733 4.42173 4.44566 4.469 4.49162 4.5134 4.53424 4.55405 4.57272 4.59017 4.60632 4.62112 4.6345 4.64641 4.6568 4.66564 4.67289 4.67854 4.68255 4.68492 4.68564 4.6847 4.6821 4.67784 4.67195 4.66443 4.6553 4.64461 4.63238 4.61867 4.60352 4.58701 4.5692 4.55017 4.53002 4.50885 4.48677 4.46389 4.44033 4.41623 4.39172 4.36693 4.342 4.31707 4.29227 4.26773 4.24359 4.21995 4.19693 4.17463 4.15315 4.13256 4.11293 4.09432 4.07678 4.06034 4.04503 4.03086 4.01783 4.00595 3.9952 3.98558 3.97706 3.96963 3.96326 3.95794 3.95365 3.95037 3.94808 3.94679 
3.93993 3.94061 3.94229 3.94498 3.9487 3.95346 3.95928 3.96618 3.97419 3.98333 3.99361 4.00506 4.01768 4.03147 4.04644 4.06256 4.07983 4.09819 4.11762 4.13806 4.15943 4.18166 4.20466 4.22833 4.25256 4.27723 4.30222 4.3274 4.35264 4.3778 4.40274 4.42734 4.45146 4.47497 4.49775 4.51969 4.54068 4.56062 4.57941 4.59697 4.61323 4.62812 4.64157 4.65355 4.664 4.67289 4.68019 4.68586 4.6899 4.69229 4.69301 4.69207 4.68946 4.68519 4.67926 4.6717 4.66253 4.65178 4.63948 4.62569 4.61045 4.59383 4.5759 4.55675 4.53646 4.51514 4.49289 4.46984 4.4461 4.4218 4.39708 4.37208 4.34693 4.32178 4.29675 4.27198 4.2476 4.22373 4.20048 4.17795 4.15624 4.13543 4.11559 4.09677 4.07903 4.0624 4.04691 4.03257 4.01939 4.00736 3.99648 3.98673 3.97811 3.97058 3.96413 3.95875 3.9544 3.95107 3.94875 3.94744 
3.94045 3.94113 3.94283 3.94555 3.9493 3.95411 3.95999 3.96696 3.97505 3.98427 3.99465 4.00621 4.01894 4.03286 4.04796 4.06423 4.08164 4.10017 4.11976 4.14036 4.16191 4.18431 4.20749 4.23134 4.25575 4.2806 4.30576 4.33112 4.35652 4.38184 4.40695 4.4317 4.45596 4.47961 4.50252 4.52458 4.54568 4.56572 4.58461 4.60226 4.6186 4.63356 4.64708 4.65911 4.66961 4.67854 4.68586 4.69157 4.69563 4.69802 4.69875 4.69781 4.69519 4.6909 4.68495 4.67737 4.66816 4.65736 4.64501 4.63115 4.61584 4.59914 4.58112 4.56187 4.54147 4.52003 4.49765 4.47446 4.45058 4.42613 4.40125 4.37609 4.35077 4.32544 4.30023 4.27529 4.25073 4.22667 4.20324 4.18054 4.15865 4.13767 4.11766 4.09869 4.08079 4.06402 4.04839 4.03391 4.02061 4.00847 3.99748 3.98765 3.97894 3.97134 3.96482 3.95938 3.95499 3.95163 3.94929 3.94796 
3.94083 3.94152 3.94322 3.94596 3.94974 3.95458 3.9605 3.96752 3.97567 3.98495 3.9954 4.00703 4.01985 4.03386 4.04905 4.06542 4.08294 4.10158 4.12129 4.14201 4.16367 4.1862 4.2095 4.23348 4.25801 4.28298 4.30827 4.33375 4.35927 4.38471 4.40993 4.43478 4.45915 4.4829 4.5059 4.52805 4.54923 4.56935 4.5883 4.60602 4.62241 4.63742 4.65099 4.66306 4.67359 4.68255 4.6899 4.69563 4.6997 4.70211 4.70284 4.70189 4.69927 4.69497 4.689 4.68139 4.67216 4.66132 4.64893 4.63503 4.61966 4.6029 4.58482 4.56549 4.54502 4.52349 4.50103 4.47774 4.45375 4.4292 4.40421 4.37892 4.35349 4.32803 4.3027 4.27763 4.25294 4.22876 4.20521 4.18238 4.16037 4.13927 4.11914 4.10005 4.08205 4.06517 4.04944 4.03488 4.02149 4.00927 3.99821 3.98831 3.97954 3.97189 3.96533 3.95985 3.95542 3.95204 3.94968 3.94834 
3.94107 3.94176 3.94347 3.94622 3.95002 3.95488 3.96082 3.96787 3.97605 3.98537 3.99586 4.00753 4.0204 4.03446 4.04971 4.06613 4.08371 4.10241 4.12219 4.14297 4.16471 4.18731 4.21068 4.23473 4.25933 4.28438 4.30974 4.33528 4.36088 4.38638 4.41166 4.43658 4.46101 4.48482 4.50788 4.53008 4.55131 4.57147 4.59047 4.60822 4.62465 4.6397 4.65329 4.66539 4.67594 4.68492 4.69229 4.69802 4.70211 4.70452 4.70526 4.70431 4.70168 4.69737 4.69139 4.68377 4.67451 4.66366 4.65124 4.63731 4.62191 4.60511 4.58699 4.56762 4.54709 4.52552 4.503 4.47965 4.4556 4.43098 4.40593 4.38058 4.35507 4.32955 4.30414 4.279 4.25424 4.22998 4.20636 4.18345 4.16138 4.14021 4.12001 4.10086 4.0828 4.06586 4.05007 4.03546 4.02202 4.00975 3.99865 3.98871 3.97991 3.97222 3.96564 3.96014 3.95569 3.95229 3.94993 3.94858 
