1.52159 1.52192 1.52224 1.52254 1.52284 1.52311 1.52337 1.5236 1.52381 1.524 1.52417 1.52432 1.52444 1.52455 1.52464 1.52472 1.52478 1.52484 1.52488 1.52493 1.52496 1.525 1.52503 1.52507 1.5251 1.52515 1.52519 1.52524 1.5253 1.52537 1.52544 1.52552 1.52561 1.52571 1.52581 1.52592 1.52604 1.52616 1.52628 1.52641 1.52654 1.52666 1.52678 1.52689 1.52699 1.52709 1.52717 1.52723 1.52729 1.52732 1.52734 1.52734 1.52733 1.5273 1.52725 1.52719 1.52711 1.52702 1.52692 1.52682 1.5267 1.52658 1.52646 1.52634 1.52622 1.5261 1.52598 1.52587 1.52577 1.52567 1.52558 1.5255 1.52543 1.52536 1.52531 1.52526 1.52522 1.52519 1.52516 1.52515 1.52515 1.52515 1.52517 1.5252 1.52525 1.52531 1.52539 1.52548 1.5256 1.52574 1.5259 1.52609 1.5263 1.52653 1.52679 1.52707 1.52736 1.52767 1.52799 1.52831 
1.52192 1.52224 1.52256 1.52287 1.52316 1.52344 1.52369 1.52392 1.52414 1.52433 1.52449 1.52464 1.52476 1.52487 1.52496 1.52504 1.52511 1.52516 1.52521 1.52525 1.52528 1.52532 1.52535 1.52538 1.52542 1.52546 1.52551 1.52556 1.52561 1.52568 1.52575 1.52583 1.52592 1.52602 1.52612 1.52624 1.52635 1.52648 1.5266 1.52673 1.52686 1.52698 1.5271 1.52722 1.52732 1.52742 1.5275 1.52757 1.52762 1.52766 1.52768 1.52768 1.52767 1.52764 1.52759 1.52752 1.52745 1.52735 1.52725 1.52714 1.52703 1.52691 1.52678 1.52666 1.52653 1.52641 1.5263 1.52619 1.52608 1.52598 1.52589 1.52581 1.52574 1.52567 1.52562 1.52557 1.52553 1.5255 1.52548 1.52547 1.52547 1.52547 1.52549 1.52552 1.52557 1.52563 1.52571 1.5258 1.52592 1.52606 1.52623 1.52641 1.52662 1.52686 1.52711 1.52739 1.52768 1.52799 1.52831 1.52863 
1.52224 1.52256 1.52288 1.52319 1.52348 1.52375 1.52401 1.52424 1.52445 1.52464 1.52481 1.52496 1.52508 1.52519 1.52528 1.52536 1.52542 1.52548 1.52553 1.52557 1.5256 1.52564 1.52568 1.52571 1.52575 1.5258 1.52585 1.5259 1.52597 1.52604 1.52612 1.52622 1.52632 1.52643 1.52655 1.52668 1.52681 1.52695 1.5271 1.52725 1.52739 1.52753 1.52767 1.5278 1.52792 1.52803 1.52813 1.52821 1.52827 1.52831 1.52833 1.52833 1.52831 1.52828 1.52822 1.52815 1.52806 1.52795 1.52784 1.52771 1.52758 1.52744 1.52729 1.52715 1.52701 1.52687 1.52674 1.52661 1.52649 1.52638 1.52628 1.52619 1.52611 1.52603 1.52597 1.52592 1.52587 1.52584 1.52581 1.5258 1.52579 1.5258 1.52581 1.52584 1.52589 1.52595 1.52603 1.52612 1.52624 1.52638 1.52654 1.52673 1.52694 1.52717 1.52743 1.52771 1.528 1.52831 1.52863 1.52895 
1.52254 1.52287 1.52319 1.52349 1.52378 1.52406 1.52431 1.52455 1.52476 1.52495 1.52512 1.52526 1.52539 1.5255 1.52559 1.52567 1.52573 1.52579 1.52584 1.52588 1.52593 1.52597 1.52601 1.52605 1.5261 1.52615 1.52622 1.52629 1.52637 1.52646 1.52657 1.52668 1.52681 1.52695 1.5271 1.52726 1.52743 1.52761 1.52779 1.52798 1.52816 1.52834 1.52851 1.52867 1.52882 1.52896 1.52908 1.52917 1.52925 1.5293 1.52932 1.52932 1.5293 1.52925 1.52918 1.52909 1.52897 1.52884 1.5287 1.52854 1.52837 1.5282 1.52802 1.52784 1.52766 1.52749 1.52732 1.52716 1.52701 1.52688 1.52675 1.52663 1.52653 1.52644 1.52636 1.52629 1.52623 1.52619 1.52615 1.52613 1.52612 1.52612 1.52613 1.52616 1.5262 1.52626 1.52634 1.52643 1.52655 1.52669 1.52685 1.52704 1.52725 1.52748 1.52774 1.52801 1.52831 1.52861 1.52893 1.52926 
1.52284 1.52316 1.52348 1.52378 1.52408 1.52435 1.52461 1.52484 1.52505 1.52524 1.52541 1.52556 1.52568 1.52579 1.52589 1.52597 1.52603 1.52609 1.52615 1.5262 1.52624 1.52629 1.52634 1.5264 1.52646 1.52653 1.52662 1.52671 1.52682 1.52695 1.52709 1.52724 1.52742 1.5276 1.52781 1.52802 1.52825 1.52848 1.52872 1.52896 1.52921 1.52944 1.52967 1.52988 1.53008 1.53025 1.5304 1.53053 1.53062 1.53069 1.53072 1.53072 1.53069 1.53062 1.53053 1.5304 1.53025 1.53008 1.52989 1.52968 1.52945 1.52922 1.52899 1.52875 1.52852 1.52829 1.52807 1.52786 1.52766 1.52748 1.52731 1.52716 1.52702 1.5269 1.52679 1.5267 1.52662 1.52656 1.52651 1.52647 1.52645 1.52644 1.52645 1.52647 1.52651 1.52656 1.52664 1.52673 1.52685 1.52698 1.52715 1.52733 1.52754 1.52777 1.52803 1.52831 1.5286 1.52891 1.52923 1.52955 
1.52311 1.52344 1.52375 1.52406 1.52435 1.52463 1.52488 1.52512 1.52533 1.52552 1.52569 1.52583 1.52596 1.52607 1.52617 1.52625 1.52632 1.52639 1.52645 1.5265 1.52656 1.52662 1.52669 1.52676 1.52685 1.52695 1.52706 1.5272 1.52735 1.52752 1.52771 1.52793 1.52816 1.52842 1.5287 1.52899 1.5293 1.52962 1.52994 1.53027 1.53059 1.53091 1.53121 1.5315 1.53176 1.53199 1.5322 1.53236 1.53249 1.53257 1.53261 1.53261 1.53256 1.53247 1.53234 1.53217 1.53197 1.53174 1.53147 1.53119 1.53089 1.53058 1.53026 1.52995 1.52963 1.52932 1.52902 1.52874 1.52847 1.52822 1.52799 1.52778 1.52759 1.52742 1.52728 1.52715 1.52704 1.52695 1.52688 1.52683 1.52679 1.52677 1.52676 1.52678 1.52681 1.52686 1.52693 1.52702 1.52713 1.52726 1.52742 1.52761 1.52782 1.52805 1.52831 1.52858 1.52887 1.52918 1.5295 1.52982 
1.52337 1.52369 1.52401 1.52431 1.52461 1.52488 1.52514 1.52537 1.52559 1.52578 1.52594 1.52609 1.52622 1.52634 1.52643 1.52652 1.5266 1.52667 1.52674 1.52681 1.52688 1.52696 1.52705 1.52715 1.52727 1.52741 1.52757 1.52775 1.52796 1.5282 1.52847 1.52877 1.5291 1.52945 1.52983 1.53024 1.53066 1.53109 1.53153 1.53198 1.53242 1.53285 1.53325 1.53364 1.53399 1.5343 1.53457 1.53479 1.53495 1.53506 1.53511 1.53511 1.53504 1.53492 1.53474 1.53451 1.53423 1.53392 1.53356 1.53318 1.53277 1.53235 1.53192 1.53149 1.53106 1.53064 1.53023 1.52984 1.52947 1.52913 1.52882 1.52853 1.52827 1.52804 1.52783 1.52766 1.52751 1.52738 1.52728 1.52719 1.52713 1.5271 1.52708 1.52708 1.5271 1.52714 1.5272 1.52729 1.5274 1.52753 1.52769 1.52787 1.52808 1.52831 1.52856 1.52884 1.52913 1.52944 1.52976 1.53008 
1.5236 1.52392 1.52424 1.52455 1.52484 1.52512 1.52537 1.52561 1.52582 1.52601 1.52618 1.52633 1.52646 1.52658 1.52668 1.52678 1.52686 1.52694 1.52703 1.52711 1.5272 1.52731 1.52743 1.52757 1.52774 1.52793 1.52815 1.52841 1.52871 1.52904 1.52941 1.52983 1.53028 1.53076 1.53129 1.53184 1.53241 1.533 1.5336 1.5342 1.53479 1.53536 1.53591 1.53642 1.53689 1.53731 1.53766 1.53795 1.53817 1.53831 1.53838 1.53837 1.53827 1.5381 1.53786 1.53755 1.53718 1.53675 1.53627 1.53576 1.53521 1.53464 1.53406 1.53347 1.53289 1.53232 1.53177 1.53124 1.53074 1.53027 1.52984 1.52945 1.52909 1.52877 1.52849 1.52824 1.52803 1.52785 1.52771 1.52759 1.5275 1.52743 1.52739 1.52737 1.52738 1.52741 1.52746 1.52754 1.52764 1.52777 1.52793 1.52811 1.52832 1.52855 1.5288 1.52907 1.52937 1.52967 1.52999 1.53031 
1.52381 1.52414 1.52445 1.52476 1.52505 1.52533 1.52559 1.52582 1.52603 1.52623 1.5264 1.52655 1.52669 1.52681 1.52692 1.52702 1.52712 1.52721 1.52731 1.52742 1.52755 1.52769 1.52785 1.52805 1.52828 1.52855 1.52886 1.52921 1.52962 1.53008 1.53059 1.53116 1.53177 1.53244 1.53314 1.53389 1.53466 1.53545 1.53626 1.53706 1.53785 1.53862 1.53934 1.54002 1.54064 1.54119 1.54166 1.54204 1.54232 1.54251 1.54259 1.54257 1.54244 1.54221 1.54189 1.54147 1.54097 1.5404 1.53976 1.53907 1.53834 1.53758 1.5368 1.53601 1.53523 1.53447 1.53372 1.53301 1.53233 1.5317 1.53112 1.53058 1.5301 1.52966 1.52927 1.52894 1.52864 1.5284 1.52819 1.52802 1.52788 1.52778 1.52771 1.52767 1.52766 1.52767 1.52771 1.52778 1.52788 1.528 1.52815 1.52833 1.52853 1.52876 1.52901 1.52929 1.52958 1.52989 1.5302 1.53053 
1.524 1.52433 1.52464 1.52495 1.52524 1.52552 1.52578 1.52601 1.52623 1.52642 1.5266 1.52675 1.52689 1.52702 1.52714 1.52725 1.52737 1.52748 1.52761 1.52775 1.52792 1.52811 1.52834 1.5286 1.52892 1.52929 1.52971 1.5302 1.53076 1.53138 1.53208 1.53284 1.53368 1.53457 1.53552 1.53651 1.53754 1.5386 1.53966 1.54072 1.54177 1.54277 1.54373 1.54462 1.54543 1.54615 1.54676 1.54725 1.54762 1.54785 1.54795 1.54792 1.54774 1.54744 1.54701 1.54646 1.5458 1.54505 1.5442 1.54329 1.54233 1.54132 1.54029 1.53925 1.53821 1.53719 1.5362 1.53525 1.53435 1.5335 1.53272 1.532 1.53134 1.53075 1.53023 1.52977 1.52937 1.52903 1.52874 1.5285 1.52831 1.52816 1.52805 1.52798 1.52794 1.52793 1.52796 1.52801 1.5281 1.52821 1.52836 1.52853 1.52873 1.52896 1.52921 1.52948 1.52977 1.53008 1.53039 1.53072 
1.52417 1.52449 1.52481 1.52512 1.52541 1.52569 1.52594 1.52618 1.5264 1.5266 1.52677 1.52694 1.52708 1.52722 1.52735 1.52748 1.52762 1.52776 1.52793 1.52811 1.52833 1.52859 1.5289 1.52927 1.52969 1.5302 1.53077 1.53144 1.53219 1.53303 1.53396 1.53499 1.53609 1.53728 1.53853 1.53985 1.5412 1.54259 1.54399 1.54537 1.54673 1.54804 1.54928 1.55044 1.55148 1.5524 1.55319 1.55382 1.55428 1.55458 1.55471 1.55465 1.55442 1.55402 1.55346 1.55274 1.55189 1.5509 1.5498 1.54862 1.54736 1.54604 1.54469 1.54333 1.54197 1.54063 1.53933 1.53807 1.53688 1.53576 1.53472 1.53376 1.53289 1.5321 1.5314 1.53078 1.53025 1.52978 1.52939 1.52906 1.5288 1.52858 1.52842 1.5283 1.52823 1.52819 1.5282 1.52823 1.52831 1.52841 1.52855 1.52871 1.52891 1.52913 1.52938 1.52965 1.52994 1.53024 1.53056 1.53088 
1.52432 1.52464 1.52496 1.52526 1.52556 1.52583 1.52609 1.52633 1.52655 1.52675 1.52694 1.5271 1.52726 1.52741 1.52756 1.52771 1.52788 1.52806 1.52827 1.52852 1.52881 1.52916 1.52958 1.53007 1.53065 1.53132 1.5321 1.53299 1.53399 1.53511 1.53634 1.53769 1.53915 1.5407 1.54235 1.54406 1.54582 1.54762 1.54942 1.55121 1.55296 1.55464 1.55623 1.5577 1.55903 1.56021 1.5612 1.562 1.56258 1.56296 1.56311 1.56303 1.56273 1.56221 1.56149 1.56056 1.55946 1.55819 1.55678 1.55526 1.55363 1.55194 1.5502 1.54843 1.54667 1.54494 1.54324 1.54161 1.54006 1.5386 1.53723 1.53597 1.53482 1.53378 1.53286 1.53203 1.53132 1.5307 1.53017 1.52973 1.52936 1.52906 1.52883 1.52866 1.52854 1.52847 1.52844 1.52845 1.52851 1.5286 1.52872 1.52888 1.52907 1.52929 1.52953 1.5298 1.53009 1.53039 1.53071 1.53103 
1.52444 1.52476 1.52508 1.52539 1.52568 1.52596 1.52622 1.52646 1.52669 1.52689 1.52708 1.52726 1.52743 1.5276 1.52777 1.52796 1.52816 1.5284 1.52867 1.529 1.52939 1.52985 1.53041 1.53107 1.53184 1.53273 1.53376 1.53493 1.53625 1.53772 1.53934 1.54109 1.54299 1.545 1.54712 1.54932 1.55158 1.55388 1.55618 1.55846 1.56068 1.5628 1.56481 1.56667 1.56834 1.56982 1.57106 1.57205 1.57279 1.57325 1.57342 1.57332 1.57293 1.57227 1.57135 1.57018 1.56878 1.56717 1.56538 1.56344 1.56138 1.55922 1.557 1.55476 1.55251 1.55028 1.54811 1.54601 1.54401 1.54212 1.54035 1.53872 1.53722 1.53587 1.53465 1.53358 1.53263 1.53182 1.53111 1.53052 1.53003 1.52963 1.52931 1.52906 1.52888 1.52876 1.52869 1.52868 1.52871 1.52878 1.52889 1.52904 1.52922 1.52943 1.52967 1.52993 1.53022 1.53052 1.53084 1.53116 
1.52455 1.52487 1.52519 1.5255 1.52579 1.52607 1.52634 1.52658 1.52681 1.52702 1.52722 1.52741 1.5276 1.52779 1.528 1.52822 1.52848 1.52878 1.52914 1.52957 1.53008 1.5307 1.53143 1.5323 1.53332 1.53449 1.53584 1.53737 1.53908 1.54098 1.54307 1.54533 1.54776 1.55033 1.55303 1.55582 1.55869 1.56159 1.56449 1.56734 1.57012 1.57278 1.57529 1.5776 1.57968 1.5815 1.58304 1.58426 1.58516 1.58572 1.58593 1.58579 1.5853 1.58447 1.58331 1.58185 1.58009 1.57809 1.57585 1.57342 1.57083 1.56812 1.56533 1.5625 1.55966 1.55685 1.55409 1.55143 1.54888 1.54647 1.54421 1.54212 1.54019 1.53845 1.53688 1.53548 1.53425 1.53319 1.53227 1.53149 1.53083 1.5303 1.52986 1.52952 1.52926 1.52908 1.52897 1.52891 1.52891 1.52896 1.52905 1.52918 1.52935 1.52956 1.52979 1.53005 1.53033 1.53063 1.53095 1.53127 
1.52464 1.52496 1.52528 1.52559 1.52589 1.52617 1.52643 1.52668 1.52692 1.52714 1.52735 1.52756 1.52777 1.528 1.52824 1.52852 1.52885 1.52923 1.5297 1.53026 1.53093 1.53174 1.5327 1.53384 1.53516 1.53668 1.53843 1.5404 1.5426 1.54503 1.54768 1.55056 1.55363 1.55687 1.56027 1.56377 1.56735 1.57096 1.57457 1.57811 1.58154 1.58482 1.5879 1.59074 1.59329 1.59552 1.59739 1.59889 1.59998 1.60065 1.60089 1.60071 1.6001 1.59907 1.59764 1.59583 1.59367 1.59118 1.58842 1.58542 1.58221 1.57886 1.57539 1.57187 1.56833 1.56482 1.56138 1.55804 1.55483 1.55179 1.54894 1.54628 1.54384 1.54162 1.53961 1.53782 1.53625 1.53487 1.53368 1.53266 1.53181 1.5311 1.53053 1.53007 1.52971 1.52945 1.52927 1.52917 1.52912 1.52914 1.52921 1.52932 1.52948 1.52967 1.5299 1.53015 1.53043 1.53073 1.53104 1.53136 
1.52472 1.52504 1.52536 1.52567 1.52597 1.52625 1.52652 1.52678 1.52702 1.52725 1.52748 1.52771 1.52796 1.52822 1.52852 1.52887 1.52928 1.52978 1.53038 1.5311 1.53198 1.53303 1.53427 1.53574 1.53744 1.53939 1.54162 1.54412 1.54691 1.54998 1.55333 1.55693 1.56077 1.56481 1.56902 1.57336 1.57778 1.58222 1.58664 1.59097 1.59517 1.59916 1.6029 1.60634 1.60942 1.61211 1.61437 1.61616 1.61747 1.61827 1.61855 1.61831 1.61756 1.6163 1.61456 1.61236 1.60972 1.6067 1.60334 1.59967 1.59576 1.59165 1.5874 1.58308 1.57872 1.57439 1.57013 1.566 1.56202 1.55823 1.55466 1.55134 1.54828 1.54548 1.54294 1.54068 1.53868 1.53692 1.5354 1.5341 1.533 1.53208 1.53132 1.53072 1.53024 1.52988 1.52962 1.52945 1.52936 1.52933 1.52937 1.52946 1.5296 1.52978 1.53 1.53025 1.53052 1.53081 1.53112 1.53144 
1.52478 1.52511 1.52542 1.52573 1.52603 1.52632 1.5266 1.52686 1.52712 1.52737 1.52762 1.52788 1.52816 1.52848 1.52885 1.52928 1.5298 1.53044 1.53121 1.53214 1.53327 1.53462 1.53621 1.53807 1.54023 1.54271 1.54552 1.54867 1.55216 1.556 1.56015 1.56462 1.56935 1.57433 1.57949 1.58479 1.59017 1.59557 1.60092 1.60615 1.6112 1.616 1.62049 1.6246 1.62828 1.63149 1.63417 1.6363 1.63784 1.63878 1.6391 1.63881 1.63789 1.63638 1.63428 1.63164 1.62848 1.62485 1.6208 1.61638 1.61166 1.6067 1.60156 1.59632 1.59102 1.58575 1.58055 1.57548 1.5706 1.56594 1.56154 1.55743 1.55362 1.55014 1.54698 1.54414 1.54162 1.53941 1.53749 1.53584 1.53444 1.53326 1.53229 1.5315 1.53087 1.53039 1.53003 1.52978 1.52962 1.52955 1.52955 1.52961 1.52972 1.52989 1.53009 1.53033 1.5306 1.53088 1.53119 1.5315 
1.52484 1.52516 1.52548 1.52579 1.52609 1.52639 1.52667 1.52694 1.52721 1.52748 1.52776 1.52806 1.5284 1.52878 1.52923 1.52978 1.53044 1.53125 1.53223 1.53342 1.53485 1.53656 1.53857 1.54092 1.54364 1.54674 1.55024 1.55415 1.55848 1.5632 1.56831 1.57377 1.57954 1.58558 1.59184 1.59824 1.60471 1.61118 1.61758 1.62382 1.62983 1.63553 1.64084 1.6457 1.65004 1.65381 1.65696 1.65945 1.66125 1.66234 1.6627 1.66234 1.66125 1.65945 1.65697 1.65383 1.65009 1.64578 1.64097 1.63573 1.63011 1.62419 1.61805 1.61176 1.6054 1.59906 1.59278 1.58665 1.58073 1.57506 1.56969 1.56466 1.55999 1.5557 1.55181 1.5483 1.54517 1.54241 1.54001 1.53794 1.53617 1.53468 1.53345 1.53244 1.53163 1.53099 1.53051 1.53016 1.52992 1.52979 1.52974 1.52976 1.52985 1.52999 1.53018 1.53041 1.53067 1.53095 1.53125 1.53156 
1.52488 1.52521 1.52553 1.52584 1.52615 1.52645 1.52674 1.52703 1.52731 1.52761 1.52793 1.52827 1.52867 1.52914 1.5297 1.53038 1.53121 1.53223 1.53347 1.53497 1.53677 1.53892 1.54143 1.54436 1.54774 1.55157 1.55589 1.56069 1.56598 1.57173 1.57793 1.58453 1.59149 1.59874 1.60622 1.61385 1.62154 1.62921 1.63677 1.64412 1.65118 1.65786 1.66407 1.66973 1.67479 1.67917 1.68282 1.6857 1.68778 1.68903 1.68944 1.689 1.68772 1.68561 1.68271 1.67904 1.67466 1.66962 1.66398 1.65782 1.65121 1.64424 1.63699 1.62955 1.62201 1.61446 1.60698 1.59965 1.59255 1.58573 1.57926 1.57317 1.56751 1.56229 1.55753 1.55323 1.54939 1.546 1.54302 1.54045 1.53825 1.53639 1.53484 1.53356 1.53253 1.53171 1.53108 1.53061 1.53028 1.53007 1.52996 1.52994 1.52999 1.53011 1.53027 1.53049 1.53073 1.53101 1.5313 1.53161 
1.52493 1.52525 1.52557 1.52588 1.5262 1.5265 1.52681 1.52711 1.52742 1.52775 1.52811 1.52852 1.529 1.52957 1.53026 1.5311 1.53214 1.53342 1.53497 1.53685 1.53909 1.54175 1.54487 1.54848 1.55262 1.55731 1.56257 1.56839 1.57478 1.58171 1.58915 1.59704 1.60532 1.61392 1.62276 1.63175 1.64078 1.64976 1.65858 1.66714 1.67533 1.68305 1.69022 1.69675 1.70256 1.70759 1.71177 1.71507 1.71744 1.71886 1.71931 1.71878 1.7173 1.71487 1.71152 1.70729 1.70223 1.6964 1.68988 1.68274 1.67506 1.66695 1.65849 1.64979 1.64096 1.63208 1.62326 1.6146 1.60618 1.59807 1.59035 1.58307 1.57627 1.56999 1.56424 1.55903 1.55437 1.55023 1.54659 1.54344 1.54073 1.53843 1.5365 1.5349 1.5336 1.53257 1.53176 1.53114 1.53069 1.53039 1.53021 1.53013 1.53014 1.53023 1.53037 1.53056 1.5308 1.53106 1.53135 1.53165 
1.52496 1.52528 1.5256 1.52593 1.52624 1.52656 1.52688 1.5272 1.52755 1.52792 1.52833 1.52881 1.52939 1.53008 1.53093 1.53198 1.53327 1.53485 1.53677 1.53909 1.54186 1.54512 1.54893 1.55333 1.55836 1.56403 1.57037 1.57736 1.585 1.59325 1.60206 1.61138 1.62113 1.63121 1.64154 1.65201 1.66249 1.67287 1.68304 1.69288 1.70227 1.7111 1.71928 1.72672 1.73332 1.73902 1.74375 1.74747 1.75014 1.75173 1.75223 1.75162 1.74992 1.74715 1.74333 1.73852 1.73275 1.7261 1.71865 1.71047 1.70166 1.69233 1.68258 1.67253 1.66229 1.65198 1.64171 1.63158 1.62171 1.61218 1.60307 1.59445 1.58638 1.57889 1.57202 1.56578 1.56017 1.55518 1.55078 1.54694 1.54364 1.54083 1.53846 1.53649 1.53488 1.53358 1.53256 1.53177 1.53118 1.53077 1.5305 1.53036 1.53032 1.53036 1.53047 1.53064 1.53086 1.53111 1.5314 1.53169 
1.525 1.52532 1.52564 1.52597 1.52629 1.52662 1.52696 1.52731 1.52769 1.52811 1.52859 1.52916 1.52985 1.5307 1.53174 1.53303 1.53462 1.53656 1.53892 1.54175 1.54512 1.54909 1.5537 1.55901 1.56504 1.57183 1.57938 1.58768 1.5967 1.60641 1.61675 1.62763 1.63897 1.65067 1.6626 1.67464 1.68666 1.69854 1.71013 1.7213 1.73194 1.74192 1.75115 1.7595 1.76691 1.7733 1.77859 1.78275 1.78572 1.78748 1.78802 1.78733 1.78541 1.7823 1.77801 1.77259 1.7661 1.75861 1.75019 1.74094 1.73096 1.72035 1.70925 1.69777 1.68604 1.67419 1.66235 1.65065 1.6392 1.62811 1.61748 1.60738 1.5979 1.58908 1.58096 1.57355 1.56687 1.5609 1.55563 1.55103 1.54704 1.54363 1.54076 1.53835 1.53638 1.53478 1.5335 1.53251 1.53176 1.53121 1.53084 1.53062 1.53051 1.53051 1.53059 1.53073 1.53093 1.53117 1.53144 1.53173 
1.52503 1.52535 1.52568 1.52601 1.52634 1.52669 1.52705 1.52743 1.52785 1.52834 1.5289 1.52958 1.53041 1.53143 1.5327 1.53427 1.53621 1.53857 1.54143 1.54487 1.54893 1.5537 1.55923 1.56556 1.57273 1.58076 1.58966 1.5994 1.60995 1.62126 1.63325 1.64582 1.65888 1.67228 1.68591 1.69961 1.71325 1.72667 1.73973 1.75228 1.76419 1.77534 1.78562 1.79491 1.80313 1.81019 1.81604 1.82063 1.8239 1.82583 1.82642 1.82564 1.82351 1.82005 1.81529 1.80928 1.80206 1.79372 1.78433 1.77399 1.76281 1.7509 1.73839 1.72543 1.71214 1.69868 1.68518 1.6718 1.65866 1.6459 1.63362 1.62192 1.61089 1.6006 1.59109 1.58239 1.57452 1.56747 1.56121 1.55573 1.55097 1.54689 1.54342 1.54052 1.53812 1.53617 1.5346 1.53337 1.53243 1.53173 1.53124 1.53092 1.53074 1.53068 1.53072 1.53083 1.53101 1.53123 1.53149 1.53177 
1.52507 1.52538 1.52571 1.52605 1.5264 1.52676 1.52715 1.52757 1.52805 1.5286 1.52927 1.53007 1.53107 1.5323 1.53384 1.53574 1.53807 1.54092 1.54436 1.54848 1.55333 1.55901 1.56556 1.57304 1.58147 1.59088 1.60125 1.61257 1.62478 1.63781 1.65156 1.66594 1.6808 1.696 1.7114 1.72682 1.74212 1.75712 1.77167 1.78561 1.7988 1.81111 1.82243 1.83264 1.84165 1.84938 1.85577 1.86077 1.86433 1.86644 1.86706 1.8662 1.86387 1.86008 1.85486 1.84827 1.84034 1.83117 1.82082 1.80939 1.79701 1.78378 1.76986 1.75537 1.74049 1.72535 1.71014 1.69499 1.68008 1.66553 1.65149 1.63807 1.62538 1.61349 1.60246 1.59235 1.58316 1.5749 1.56755 1.56109 1.55546 1.55061 1.54649 1.54302 1.54014 1.53778 1.53588 1.53438 1.53321 1.53234 1.5317 1.53127 1.53101 1.53088 1.53087 1.53094 1.53109 1.53129 1.53154 1.53181 
1.5251 1.52542 1.52575 1.5261 1.52646 1.52685 1.52727 1.52774 1.52828 1.52892 1.52969 1.53065 1.53184 1.53332 1.53516 1.53744 1.54023 1.54364 1.54774 1.55262 1.55836 1.56504 1.57273 1.58147 1.59129 1.60219 1.61417 1.62718 1.64117 1.65602 1.67165 1.68791 1.70465 1.72172 1.73893 1.75611 1.77308 1.78967 1.8057 1.82101 1.83546 1.84891 1.86123 1.87232 1.88209 1.89045 1.89736 1.90275 1.90659 1.90885 1.90951 1.90858 1.90606 1.90196 1.89631 1.88916 1.88057 1.87059 1.85931 1.84683 1.83327 1.81875 1.80341 1.78741 1.77091 1.75408 1.73709 1.72013 1.70337 1.68696 1.67107 1.65582 1.64135 1.62775 1.61509 1.60343 1.59281 1.58323 1.57468 1.56713 1.56054 1.55484 1.54998 1.54587 1.54245 1.53964 1.53735 1.53554 1.53412 1.53303 1.53224 1.53168 1.53131 1.53111 1.53104 1.53107 1.53118 1.53136 1.53159 1.53186 
1.52515 1.52546 1.5258 1.52615 1.52653 1.52695 1.52741 1.52793 1.52855 1.52929 1.5302 1.53132 1.53273 1.53449 1.53668 1.53939 1.54271 1.54674 1.55157 1.55731 1.56403 1.57183 1.58076 1.59088 1.60219 1.61471 1.62841 1.64322 1.65908 1.67585 1.69342 1.71163 1.73031 1.74927 1.76831 1.78725 1.80589 1.82404 1.84152 1.85816 1.87381 1.88833 1.9016 1.91352 1.92399 1.93295 1.94032 1.94607 1.95016 1.95257 1.95327 1.95228 1.94958 1.9452 1.93917 1.93151 1.92229 1.91157 1.89942 1.88595 1.87126 1.85548 1.83877 1.82127 1.80317 1.78464 1.76588 1.74707 1.72841 1.71009 1.69227 1.67511 1.65877 1.64335 1.62896 1.61565 1.60349 1.59248 1.58262 1.57388 1.56623 1.55959 1.55391 1.54909 1.54507 1.54174 1.53903 1.53686 1.53515 1.53383 1.53285 1.53214 1.53166 1.53137 1.53123 1.53121 1.53129 1.53144 1.53165 1.53191 
1.52519 1.52551 1.52585 1.52622 1.52662 1.52706 1.52757 1.52815 1.52886 1.52971 1.53077 1.5321 1.53376 1.53584 1.53843 1.54162 1.54552 1.55024 1.55589 1.56257 1.57037 1.57938 1.58966 1.60125 1.61417 1.62841 1.64392 1.66062 1.67843 1.69719 1.71676 1.73695 1.75758 1.77843 1.7993 1.81997 1.84023 1.85988 1.87875 1.89665 1.91342 1.92894 1.94309 1.95576 1.96687 1.97634 1.98414 1.99021 1.99452 1.99706 1.9978 1.99675 1.99391 1.98929 1.98291 1.97481 1.96503 1.95364 1.9407 1.9263 1.91056 1.89361 1.87558 1.85665 1.83699 1.8168 1.79627 1.77562 1.75505 1.73477 1.71498 1.69586 1.67757 1.66025 1.64403 1.62898 1.61517 1.60263 1.59136 1.58134 1.57254 1.56488 1.55829 1.5527 1.548 1.5441 1.54092 1.53835 1.53632 1.53474 1.53355 1.53267 1.53206 1.53167 1.53145 1.53138 1.53141 1.53153 1.53172 1.53196 
1.52524 1.52556 1.5259 1.52629 1.52671 1.5272 1.52775 1.52841 1.52921 1.5302 1.53144 1.53299 1.53493 1.53737 1.5404 1.54412 1.54867 1.55415 1.56069 1.56839 1.57736 1.58768 1.5994 1.61257 1.62718 1.64322 1.66062 1.67929 1.6991 1.71989 1.74148 1.76367 1.78624 1.80896 1.8316 1.85394 1.87575 1.89683 1.91699 1.93605 1.95385 1.97027 1.98519 1.99852 2.01018 2.0201 2.02826 2.0346 2.0391 2.04174 2.04252 2.04143 2.03847 2.03366 2.027 2.01852 2.00827 1.99629 1.98265 1.96744 1.95075 1.93271 1.91347 1.89318 1.87204 1.85024 1.82799 1.80553 1.78306 1.76083 1.73905 1.71792 1.69763 1.67836 1.66023 1.64336 1.62782 1.61366 1.60089 1.5895 1.57945 1.57069 1.56313 1.55668 1.55125 1.54673 1.54302 1.54002 1.53763 1.53576 1.53433 1.53327 1.53251 1.53201 1.5317 1.53156 1.53155 1.53163 1.5318 1.53202 
1.5253 1.52561 1.52597 1.52637 1.52682 1.52735 1.52796 1.52871 1.52962 1.53076 1.53219 1.53399 1.53625 1.53908 1.5426 1.54691 1.55216 1.55848 1.56598 1.57478 1.585 1.5967 1.60995 1.62478 1.64117 1.65908 1.67843 1.6991 1.72094 1.74377 1.76738 1.79154 1.81601 1.84055 1.86489 1.88882 1.91208 1.93447 1.9558 1.9759 1.99461 2.01181 2.02739 2.04127 2.05338 2.06367 2.07211 2.07867 2.08332 2.08606 2.08687 2.08575 2.08271 2.07775 2.07087 2.0621 2.05147 2.03901 2.02479 2.00887 1.99135 1.97235 1.95201 1.93048 1.90796 1.88464 1.86075 1.83653 1.81221 1.78805 1.76428 1.74114 1.71883 1.69756 1.67748 1.65871 1.64137 1.62552 1.61117 1.59833 1.58697 1.57702 1.56842 1.56105 1.55483 1.54963 1.54535 1.54187 1.53908 1.53689 1.5352 1.53394 1.53302 1.53239 1.53199 1.53177 1.5317 1.53175 1.53188 1.53209 
1.52537 1.52568 1.52604 1.52646 1.52695 1.52752 1.5282 1.52904 1.53008 1.53138 1.53303 1.53511 1.53772 1.54098 1.54503 1.54998 1.556 1.5632 1.57173 1.58171 1.59325 1.60641 1.62126 1.63781 1.65602 1.67585 1.69719 1.71989 1.74377 1.76863 1.79423 1.82031 1.84661 1.87287 1.89882 1.92421 1.9488 1.97238 1.99475 2.01574 2.03522 2.05306 2.06917 2.08349 2.09595 2.10652 2.11517 2.12188 2.12664 2.12945 2.13029 2.12917 2.12607 2.12102 2.11399 2.10502 2.0941 2.08128 2.0666 2.05011 2.0319 2.01208 1.99077 1.96814 1.94436 1.91964 1.89421 1.86832 1.84222 1.81618 1.79047 1.76533 1.741 1.71771 1.69564 1.67495 1.65575 1.63814 1.62215 1.60779 1.59505 1.58385 1.57413 1.56579 1.55872 1.55279 1.54789 1.5439 1.54068 1.53814 1.53617 1.53468 1.53358 1.53281 1.5323 1.532 1.53187 1.53187 1.53198 1.53217 
1.52544 1.52575 1.52612 1.52657 1.52709 1.52771 1.52847 1.52941 1.53059 1.53208 1.53396 1.53634 1.53934 1.54307 1.54768 1.55333 1.56015 1.56831 1.57793 1.58915 1.60206 1.61675 1.63325 1.65156 1.67165 1.69342 1.71676 1.74148 1.76738 1.79423 1.82175 1.84968 1.87772 1.9056 1.93302 1.95974 1.98551 2.01012 2.03337 2.05511 2.0752 2.09355 2.11006 2.12469 2.13739 2.14814 2.15692 2.16372 2.16855 2.1714 2.17227 2.17116 2.16805 2.16295 2.15586 2.14676 2.13567 2.12261 2.1076 2.09068 2.07193 2.05144 2.02933 2.00573 1.98085 1.95487 1.92802 1.90058 1.8728 1.84496 1.81736 1.79026 1.76394 1.73864 1.71458 1.69194 1.67086 1.65144 1.63376 1.61783 1.60364 1.59114 1.58025 1.57088 1.56291 1.55621 1.55065 1.5461 1.54242 1.5395 1.53722 1.53549 1.53419 1.53327 1.53264 1.53226 1.53206 1.53201 1.53209 1.53225 
1.52552 1.52583 1.52622 1.52668 1.52724 1.52793 1.52877 1.52983 1.53116 1.53284 1.53499 1.53769 1.54109 1.54533 1.55056 1.55693 1.56462 1.57377 1.58453 1.59704 1.61138 1.62763 1.64582 1.66594 1.68791 1.71163 1.73695 1.76367 1.79154 1.82031 1.84968 1.87935 1.90901 1.93837 1.96713 1.99503 2.02182 2.04729 2.07126 2.09358 2.11413 2.13283 2.1496 2.16441 2.17724 2.18807 2.19691 2.20375 2.2086 2.21148 2.21237 2.21127 2.20819 2.20311 2.19601 2.18689 2.17573 2.16255 2.14734 2.13014 2.11101 2.09001 2.06725 2.04287 2.01703 1.98994 1.96184 1.93297 1.90362 1.8741 1.84469 1.81571 1.78745 1.76017 1.73413 1.70954 1.68656 1.66532 1.64592 1.62837 1.6127 1.59884 1.58674 1.57629 1.56738 1.55986 1.5536 1.54846 1.5443 1.54097 1.53837 1.53636 1.53486 1.53378 1.53302 1.53254 1.53227 1.53217 1.5322 1.53235 
1.52561 1.52592 1.52632 1.52681 1.52742 1.52816 1.5291 1.53028 1.53177 1.53368 1.53609 1.53915 1.54299 1.54776 1.55363 1.56077 1.56935 1.57954 1.59149 1.60532 1.62113 1.63897 1.65888 1.6808 1.70465 1.73031 1.75758 1.78624 1.81601 1.84661 1.87772 1.90901 1.94016 1.97085 2.00078 2.02969 2.05733 2.08349 2.10801 2.13075 2.15161 2.1705 2.1874 2.20228 2.21512 2.22594 2.23475 2.24157 2.24641 2.24928 2.25019 2.24913 2.2461 2.24108 2.23406 2.22499 2.21388 2.20069 2.18542 2.16809 2.14873 2.12738 2.10415 2.07915 2.05254 2.02451 1.9953 1.96516 1.93439 1.9033 1.8722 1.84142 1.81129 1.78209 1.75412 1.72759 1.70272 1.67966 1.65851 1.63934 1.62214 1.6069 1.59355 1.58199 1.57209 1.56372 1.55674 1.55098 1.54629 1.54254 1.53959 1.53731 1.53558 1.53432 1.53343 1.53284 1.53249 1.53234 1.53233 1.53245 
1.52571 1.52602 1.52643 1.52695 1.5276 1.52842 1.52945 1.53076 1.53244 1.53457 1.53728 1.5407 1.545 1.55033 1.55687 1.56481 1.57433 1.58558 1.59874 1.61392 1.63121 1.65067 1.67228 1.696 1.72172 1.74927 1.77843 1.80896 1.84055 1.87287 1.9056 1.93837 1.97085 2.00271 2.03365 2.06339 2.09171 2.11839 2.14329 2.16628 2.18729 2.20624 2.22313 2.23795 2.25071 2.26143 2.27015 2.27689 2.28167 2.28452 2.28544 2.28443 2.28149 2.27658 2.26969 2.26076 2.24978 2.2367 2.22151 2.20418 2.18474 2.16322 2.13968 2.11424 2.08703 2.05823 2.02809 1.99684 1.9648 1.93227 1.89961 1.86715 1.83523 1.8042 1.77434 1.74593 1.7192 1.69432 1.67144 1.65062 1.63189 1.61525 1.60062 1.58792 1.57701 1.56777 1.56002 1.55362 1.5484 1.54421 1.54089 1.53831 1.53635 1.5349 1.53386 1.53317 1.53273 1.53252 1.53247 1.53256 
1.52581 1.52612 1.52655 1.5271 1.52781 1.5287 1.52983 1.53129 1.53314 1.53552 1.53853 1.54235 1.54712 1.55303 1.56027 1.56902 1.57949 1.59184 1.60622 1.62276 1.64154 1.6626 1.68591 1.7114 1.73893 1.76831 1.7993 1.8316 1.86489 1.89882 1.93302 1.96713 2.00078 2.03365 2.06542 2.09583 2.12465 2.15168 2.1768 2.19989 2.22089 2.23977 2.25654 2.27119 2.28377 2.29431 2.30287 2.30948 2.31417 2.31697 2.3179 2.31696 2.31412 2.30937 2.30266 2.29396 2.2832 2.27033 2.25532 2.23814 2.21876 2.19721 2.17353 2.14781 2.12018 2.09079 2.05988 2.0277 1.99455 1.96074 1.92665 1.89263 1.85905 1.82626 1.7946 1.76437 1.73582 1.70916 1.68456 1.66211 1.64186 1.6238 1.60789 1.59403 1.5821 1.57196 1.56344 1.55638 1.5506 1.54595 1.54225 1.53936 1.53716 1.53551 1.53433 1.53351 1.53299 1.53271 1.53262 1.53268 
1.52592 1.52624 1.52668 1.52726 1.52802 1.52899 1.53024 1.53184 1.53389 1.53651 1.53985 1.54406 1.54932 1.55582 1.56377 1.57336 1.58479 1.59824 1.61385 1.63175 1.65201 1.67464 1.69961 1.72682 1.75611 1.78725 1.81997 1.85394 1.88882 1.92421 1.95974 1.99503 2.02969 2.06339 2.09583 2.12673 2.15589 2.18311 2.20829 2.23134 2.25221 2.2709 2.28742 2.30182 2.31413 2.32443 2.33277 2.3392 2.34377 2.34652 2.34745 2.34657 2.34387 2.33931 2.33284 2.32441 2.31394 2.30139 2.28667 2.26974 2.25056 2.22912 2.20546 2.17962 2.15173 2.12192 2.09042 2.05747 2.02336 1.98844 1.95307 1.91763 1.8825 1.84807 1.8147 1.78272 1.75242 1.72404 1.69776 1.6737 1.65194 1.63248 1.61528 1.60026 1.5873 1.57625 1.56695 1.55922 1.55288 1.54774 1.54366 1.54046 1.538 1.53615 1.53481 1.53387 1.53326 1.53291 1.53278 1.53281 
1.52604 1.52635 1.52681 1.52743 1.52825 1.5293 1.53066 1.53241 1.53466 1.53754 1.5412 1.54582 1.55158 1.55869 1.56735 1.57778 1.59017 1.60471 1.62154 1.64078 1.66249 1.68666 1.71325 1.74212 1.77308 1.80589 1.84023 1.87575 1.91208 1.9488 1.98551 2.02182 2.05733 2.09171 2.12465 2.15589 2.18522 2.21249 2.2376 2.26047 2.2811 2.29949 2.31568 2.32973 2.34172 2.35171 2.35978 2.36601 2.37043 2.3731 2.37403 2.37323 2.37067 2.36632 2.36013 2.35203 2.34193 2.32975 2.31541 2.29884 2.27997 2.25878 2.23526 2.20945 2.18145 2.15139 2.11946 2.0859 2.05101 2.01513 1.97862 1.9419 1.90536 1.86941 1.83444 1.80081 1.76884 1.7388 1.71089 1.68527 1.66203 1.64119 1.62272 1.60655 1.59256 1.58061 1.57052 1.56211 1.55519 1.54959 1.5451 1.54158 1.53886 1.53681 1.5353 1.53424 1.53354 1.53312 1.53294 1.53294 
1.52616 1.52648 1.52695 1.52761 1.52848 1.52962 1.53109 1.533 1.53545 1.5386 1.54259 1.54762 1.55388 1.56159 1.57096 1.58222 1.59557 1.61118 1.62921 1.64976 1.67287 1.69854 1.72667 1.75712 1.78967 1.82404 1.85988 1.89683 1.93447 1.97238 2.01012 2.04729 2.08349 2.11839 2.15168 2.18311 2.21249 2.23968 2.26459 2.28719 2.30747 2.32547 2.34126 2.3549 2.3665 2.37615 2.38392 2.38991 2.39417 2.39675 2.39767 2.39694 2.39455 2.39044 2.38455 2.37681 2.36712 2.35538 2.34149 2.32535 2.30689 2.28605 2.26279 2.23715 2.20918 2.179 2.14679 2.11278 2.07726 2.04058 2.00309 1.96523 1.92742 1.89007 1.85362 1.81845 1.7849 1.75328 1.72382 1.69669 1.67202 1.64983 1.63012 1.61283 1.59782 1.58498 1.5741 1.56502 1.55754 1.55145 1.54657 1.54272 1.53974 1.53748 1.53581 1.53463 1.53383 1.53334 1.53311 1.53308 
1.52628 1.5266 1.5271 1.52779 1.52872 1.52994 1.53153 1.5336 1.53626 1.53966 1.54399 1.54942 1.55618 1.56449 1.57457 1.58664 1.60092 1.61758 1.63677 1.65858 1.68304 1.71013 1.73973 1.77167 1.8057 1.84152 1.87875 1.91699 1.9558 1.99475 2.03337 2.07126 2.10801 2.14329 2.1768 2.20829 2.2376 2.26459 2.28921 2.31144 2.3313 2.34885 2.36417 2.37736 2.38854 2.3978 2.40525 2.41098 2.41506 2.41754 2.41846 2.41781 2.41557 2.41171 2.40615 2.39879 2.38955 2.37829 2.3649 2.34927 2.33128 2.31087 2.28798 2.26261 2.23478 2.20462 2.17227 2.13795 2.10195 2.0646 2.02629 1.98743 1.94848 1.90988 1.87207 1.83546 1.80044 1.76733 1.7364 1.70784 1.68179 1.65831 1.63741 1.61901 1.60303 1.5893 1.57766 1.56792 1.55987 1.55331 1.54803 1.54386 1.54062 1.53816 1.53633 1.53501 1.53412 1.53356 1.53328 1.53322 
1.52641 1.52673 1.52725 1.52798 1.52896 1.53027 1.53198 1.5342 1.53706 1.54072 1.54537 1.55121 1.55846 1.56734 1.57811 1.59097 1.60615 1.62382 1.64412 1.66714 1.69288 1.7213 1.75228 1.78561 1.82101 1.85816 1.89665 1.93605 1.9759 2.01574 2.05511 2.09358 2.13075 2.16628 2.19989 2.23134 2.26047 2.28719 2.31144 2.33323 2.35262 2.36967 2.38449 2.3972 2.40792 2.41678 2.42389 2.42936 2.43325 2.43563 2.43653 2.43596 2.43389 2.43028 2.42504 2.41809 2.40931 2.39855 2.3857 2.37061 2.35316 2.33324 2.31079 2.28576 2.25819 2.22814 2.19577 2.16126 2.12491 2.08704 2.04803 2.00833 1.96838 1.92865 1.8896 1.85169 1.81531 1.78081 1.7485 1.71859 1.69124 1.66654 1.64448 1.62504 1.6081 1.59353 1.58115 1.57077 1.56217 1.55514 1.54948 1.545 1.5415 1.53883 1.53684 1.5354 1.53441 1.53378 1.53345 1.53336 
1.52654 1.52686 1.52739 1.52816 1.52921 1.53059 1.53242 1.53479 1.53785 1.54177 1.54673 1.55296 1.56068 1.57012 1.58154 1.59517 1.6112 1.62983 1.65118 1.67533 1.70227 1.73194 1.76419 1.7988 1.83546 1.87381 1.91342 1.95385 1.99461 2.03522 2.0752 2.11413 2.15161 2.18729 2.22089 2.25221 2.2811 2.30747 2.3313 2.35262 2.37149 2.38801 2.40231 2.41453 2.42479 2.43324 2.44001 2.4452 2.4489 2.45118 2.45207 2.45157 2.44966 2.4463 2.44139 2.43484 2.42652 2.41629 2.40398 2.38946 2.37257 2.35319 2.33122 2.30661 2.27936 2.24952 2.21721 2.18263 2.14603 2.10776 2.06819 2.02776 1.98694 1.94622 1.90608 1.86698 1.82935 1.79359 1.76 1.72883 1.70027 1.6744 1.65127 1.63083 1.61299 1.59762 1.58453 1.57352 1.5644 1.55693 1.5509 1.5461 1.54236 1.53949 1.53734 1.53578 1.5347 1.534 1.53362 1.5335 
1.52666 1.52698 1.52753 1.52834 1.52944 1.53091 1.53285 1.53536 1.53862 1.54277 1.54804 1.55464 1.5628 1.57278 1.58482 1.59916 1.616 1.63553 1.65786 1.68305 1.7111 1.74192 1.77534 1.81111 1.84891 1.88833 1.92894 1.97027 2.01181 2.05306 2.09355 2.13283 2.1705 2.20624 2.23977 2.2709 2.29949 2.32547 2.34885 2.36967 2.38801 2.404 2.41778 2.4295 2.43931 2.44736 2.45379 2.45872 2.46223 2.4644 2.46527 2.46484 2.46309 2.45997 2.45538 2.44922 2.44136 2.43163 2.41988 2.40592 2.3896 2.37077 2.34932 2.32517 2.29828 2.26871 2.23654 2.20197 2.16523 2.12666 2.08664 2.04561 2.00405 1.96246 1.92134 1.88118 1.84244 1.80552 1.77076 1.73844 1.70876 1.68182 1.65768 1.63632 1.61763 1.6015 1.58774 1.57616 1.56653 1.55864 1.55225 1.54717 1.54319 1.54012 1.53782 1.53615 1.53498 1.53422 1.53379 1.53364 
1.52678 1.5271 1.52767 1.52851 1.52967 1.53121 1.53325 1.53591 1.53934 1.54373 1.54928 1.55623 1.56481 1.57529 1.5879 1.6029 1.62049 1.64084 1.66407 1.69022 1.71928 1.75115 1.78562 1.82243 1.86123 1.9016 1.94309 1.98519 2.02739 2.06917 2.11006 2.1496 2.1874 2.22313 2.25654 2.28742 2.31568 2.34126 2.36417 2.38449 2.40231 2.41778 2.43105 2.44229 2.45167 2.45933 2.46544 2.47011 2.47344 2.47551 2.47636 2.47599 2.47439 2.47149 2.46721 2.46143 2.454 2.44476 2.43353 2.42013 2.40437 2.3861 2.36516 2.34148 2.31499 2.28572 2.25375 2.21924 2.18244 2.14367 2.10329 2.06177 2.01959 1.97725 1.93528 1.89419 1.85445 1.8165 1.78069 1.74732 1.71662 1.68871 1.66365 1.64142 1.62196 1.60513 1.59075 1.57863 1.56854 1.56025 1.55353 1.54817 1.54397 1.54073 1.53828 1.5365 1.53524 1.53442 1.53395 1.53378 
1.52689 1.52722 1.5278 1.52867 1.52988 1.5315 1.53364 1.53642 1.54002 1.54462 1.55044 1.5577 1.56667 1.5776 1.59074 1.60634 1.6246 1.6457 1.66973 1.69675 1.72672 1.7595 1.79491 1.83264 1.87232 1.91352 1.95576 1.99852 2.04127 2.08349 2.12469 2.16441 2.20228 2.23795 2.27119 2.30182 2.32973 2.3549 2.37736 2.3972 2.41453 2.4295 2.44229 2.45308 2.46204 2.46935 2.47516 2.47959 2.48276 2.48473 2.48556 2.48525 2.48378 2.48109 2.47709 2.47165 2.46462 2.45584 2.44511 2.43223 2.41701 2.39926 2.37883 2.35561 2.32953 2.30057 2.26883 2.23444 2.19763 2.15872 2.11808 2.07616 2.03345 1.99049 1.94779 1.90589 1.86528 1.82641 1.78967 1.75538 1.72376 1.69497 1.66909 1.64609 1.62593 1.60846 1.59352 1.5809 1.57038 1.56173 1.55471 1.54911 1.54469 1.54129 1.53871 1.53682 1.53549 1.53461 1.5341 1.5339 
1.52699 1.52732 1.52792 1.52882 1.53008 1.53176 1.53399 1.53689 1.54064 1.54543 1.55148 1.55903 1.56834 1.57968 1.59329 1.60942 1.62828 1.65004 1.67479 1.70256 1.73332 1.76691 1.80313 1.84165 1.88209 1.92399 1.96687 2.01018 2.05338 2.09595 2.13739 2.17724 2.21512 2.25071 2.28377 2.31413 2.34172 2.3665 2.38854 2.40792 2.42479 2.43931 2.45167 2.46204 2.47064 2.47762 2.48315 2.48737 2.49039 2.49227 2.49308 2.49282 2.49147 2.48896 2.48521 2.48008 2.47343 2.46506 2.45478 2.44238 2.42764 2.41039 2.39043 2.36765 2.34195 2.31332 2.28181 2.24755 2.21078 2.17178 2.13094 2.08871 2.04558 2.00208 1.95877 1.91618 1.87482 1.83517 1.79763 1.76252 1.73011 1.70055 1.67394 1.65027 1.62948 1.61145 1.59601 1.58295 1.57205 1.56308 1.55579 1.54995 1.54535 1.5418 1.5391 1.53712 1.53572 1.53478 1.53424 1.53402 
1.52709 1.52742 1.52803 1.52896 1.53025 1.53199 1.5343 1.53731 1.54119 1.54615 1.5524 1.56021 1.56982 1.5815 1.59552 1.61211 1.63149 1.65381 1.67917 1.70759 1.73902 1.7733 1.81019 1.84938 1.89045 1.93295 1.97634 2.0201 2.06367 2.10652 2.14814 2.18807 2.22594 2.26143 2.29431 2.32443 2.35171 2.37615 2.3978 2.41678 2.43324 2.44736 2.45933 2.46935 2.47762 2.48432 2.48961 2.49364 2.49652 2.49834 2.49913 2.49891 2.49766 2.49532 2.49178 2.48692 2.48059 2.47258 2.46269 2.45071 2.43642 2.4196 2.40007 2.37767 2.35233 2.32399 2.2927 2.25859 2.22187 2.18283 2.14185 2.09937 2.0559 2.01198 1.96816 1.92499 1.88301 1.8427 1.80447 1.76868 1.73559 1.70538 1.67814 1.65389 1.63256 1.61405 1.59817 1.58474 1.57351 1.56425 1.55673 1.55069 1.54593 1.54225 1.53945 1.53739 1.53592 1.53494 1.53436 1.53412 
1.52717 1.5275 1.52813 1.52908 1.5304 1.5322 1.53457 1.53766 1.54166 1.54676 1.55319 1.5612 1.57106 1.58304 1.59739 1.61437 1.63417 1.65696 1.68282 1.71177 1.74375 1.77859 1.81604 1.85577 1.89736 1.94032 1.98414 2.02826 2.07211 2.11517 2.15692 2.19691 2.23475 2.27015 2.30287 2.33277 2.35978 2.38392 2.40525 2.42389 2.44001 2.45379 2.46544 2.47516 2.48315 2.48961 2.49471 2.49858 2.50135 2.5031 2.50388 2.50369 2.50253 2.50032 2.49696 2.49233 2.48626 2.47856 2.46901 2.45738 2.44345 2.427 2.40782 2.38577 2.36073 2.33265 2.30156 2.26758 2.23092 2.19186 2.15077 2.10811 2.06437 2.02011 1.97588 1.93226 1.88977 1.84892 1.81014 1.77379 1.74015 1.7094 1.68164 1.65691 1.63515 1.61623 1.6 1.58624 1.57474 1.56525 1.55752 1.55132 1.54643 1.54263 1.53975 1.53761 1.53609 1.53507 1.53447 1.53421 
1.52723 1.52757 1.52821 1.52917 1.53053 1.53236 1.53479 1.53795 1.54204 1.54725 1.55382 1.562 1.57205 1.58426 1.59889 1.61616 1.6363 1.65945 1.6857 1.71507 1.74747 1.78275 1.82063 1.86077 1.90275 1.94607 1.99021 2.0346 2.07867 2.12188 2.16372 2.20375 2.24157 2.27689 2.30948 2.3392 2.36601 2.38991 2.41098 2.42936 2.4452 2.45872 2.47011 2.47959 2.48737 2.49364 2.49858 2.50233 2.50501 2.50671 2.50748 2.50732 2.50622 2.50412 2.50091 2.49645 2.49059 2.48313 2.47384 2.46249 2.44885 2.43269 2.4138 2.39201 2.36721 2.33933 2.30841 2.27454 2.23793 2.19886 2.1577 2.1149 2.07096 2.02644 1.9819 1.93792 1.89505 1.85379 1.81458 1.7778 1.74373 1.71256 1.68441 1.6593 1.63719 1.61796 1.60144 1.58744 1.57572 1.56605 1.55816 1.55183 1.54683 1.54294 1.53999 1.5378 1.53623 1.53518 1.53456 1.53428 
1.52729 1.52762 1.52827 1.52925 1.53062 1.53249 1.53495 1.53817 1.54232 1.54762 1.55428 1.56258 1.57279 1.58516 1.59998 1.61747 1.63784 1.66125 1.68778 1.71744 1.75014 1.78572 1.8239 1.86433 1.90659 1.95016 1.99452 2.0391 2.08332 2.12664 2.16855 2.2086 2.24641 2.28167 2.31417 2.34377 2.37043 2.39417 2.41506 2.43325 2.4489 2.46223 2.47344 2.48276 2.49039 2.49652 2.50135 2.50501 2.50763 2.50929 2.51005 2.50992 2.50887 2.50684 2.50373 2.4994 2.49369 2.4864 2.47729 2.46614 2.45271 2.43675 2.41806 2.39646 2.37182 2.34409 2.31328 2.27949 2.24291 2.20383 2.16262 2.11972 2.07564 2.03093 1.98618 1.94196 1.89881 1.85726 1.81776 1.78067 1.74629 1.71483 1.6864 1.66103 1.63867 1.61922 1.6025 1.58832 1.57645 1.56663 1.55864 1.55221 1.54713 1.54318 1.54017 1.53794 1.53634 1.53527 1.53462 1.53434 
1.52732 1.52766 1.52831 1.5293 1.53069 1.53257 1.53506 1.53831 1.54251 1.54785 1.55458 1.56296 1.57325 1.58572 1.60065 1.61827 1.63878 1.66234 1.68903 1.71886 1.75173 1.78748 1.82583 1.86644 1.90885 1.95257 1.99706 2.04174 2.08606 2.12945 2.1714 2.21148 2.24928 2.28452 2.31697 2.34652 2.3731 2.39675 2.41754 2.43563 2.45118 2.4644 2.47551 2.48473 2.49227 2.49834 2.5031 2.50671 2.50929 2.51094 2.51169 2.51157 2.51055 2.50856 2.50551 2.50126 2.49564 2.48844 2.47945 2.46841 2.45509 2.43924 2.42066 2.39916 2.37461 2.34695 2.31619 2.28243 2.24587 2.20677 2.16552 2.12255 2.07839 2.03358 1.9887 1.94433 1.90103 1.85931 1.81963 1.78237 1.74782 1.71619 1.6876 1.66207 1.63957 1.61999 1.60315 1.58886 1.5769 1.567 1.55894 1.55245 1.54732 1.54333 1.54029 1.53803 1.53642 1.53533 1.53467 1.53438 
