2.33857 2.33883 2.33909 2.33935 2.3396 2.33984 2.34007 2.3403 2.34051 2.34072 2.34091 2.3411 2.34128 2.34145 2.34162 2.34179 2.34197 2.34214 2.34232 2.34252 2.34272 2.34294 2.34318 2.34344 2.34372 2.34403 2.34436 2.34472 2.3451 2.34551 2.34595 2.34641 2.3469 2.3474 2.34791 2.34844 2.34898 2.34951 2.35004 2.35056 2.35106 2.35154 2.35199 2.35241 2.35278 2.35312 2.3534 2.35363 2.3538 2.35391 2.35397 2.35396 2.35389 2.35377 2.35358 2.35334 2.35305 2.35271 2.35233 2.35192 2.35147 2.35099 2.35049 2.34998 2.34946 2.34894 2.34842 2.34791 2.34741 2.34693 2.34647 2.34603 2.34562 2.34523 2.34488 2.34455 2.34426 2.344 2.34377 2.34358 2.34342 2.34329 2.34319 2.34312 2.34308 2.34307 2.34309 2.34314 2.34321 2.34331 2.34344 2.34359 2.34375 2.34394 2.34415 2.34437 2.3446 2.34484 2.3451 2.34535 
2.33883 2.33909 2.33935 2.33961 2.33986 2.3401 2.34033 2.34056 2.34077 2.34097 2.34117 2.34136 2.34154 2.34171 2.34188 2.34205 2.34222 2.3424 2.34258 2.34277 2.34298 2.3432 2.34344 2.3437 2.34399 2.3443 2.34463 2.345 2.34539 2.34581 2.34625 2.34672 2.34721 2.34773 2.34825 2.34879 2.34934 2.34988 2.35042 2.35095 2.35147 2.35196 2.35242 2.35284 2.35323 2.35357 2.35386 2.35409 2.35427 2.35439 2.35444 2.35444 2.35437 2.35424 2.35405 2.3538 2.3535 2.35316 2.35277 2.35234 2.35188 2.35139 2.35088 2.35036 2.34983 2.3493 2.34877 2.34825 2.34774 2.34725 2.34678 2.34633 2.34591 2.34552 2.34516 2.34483 2.34453 2.34427 2.34404 2.34384 2.34368 2.34354 2.34344 2.34338 2.34334 2.34333 2.34335 2.3434 2.34347 2.34357 2.3437 2.34384 2.34401 2.3442 2.34441 2.34463 2.34486 2.34511 2.34536 2.34561 
2.33909 2.33935 2.33961 2.33987 2.34012 2.34036 2.34059 2.34082 2.34103 2.34124 2.34143 2.34162 2.34181 2.34198 2.34216 2.34233 2.34251 2.34269 2.34288 2.34309 2.3433 2.34354 2.3438 2.34408 2.34438 2.34471 2.34508 2.34547 2.34589 2.34634 2.34682 2.34733 2.34786 2.34841 2.34898 2.34956 2.35015 2.35074 2.35132 2.35189 2.35245 2.35298 2.35347 2.35393 2.35435 2.35471 2.35502 2.35527 2.35546 2.35559 2.35565 2.35564 2.35556 2.35542 2.35521 2.35495 2.35463 2.35425 2.35383 2.35337 2.35287 2.35235 2.3518 2.35123 2.35066 2.35009 2.34952 2.34895 2.3484 2.34787 2.34737 2.34688 2.34643 2.34601 2.34562 2.34526 2.34494 2.34466 2.34441 2.3442 2.34402 2.34387 2.34376 2.34368 2.34363 2.34362 2.34363 2.34368 2.34375 2.34384 2.34397 2.34411 2.34428 2.34446 2.34467 2.34489 2.34512 2.34537 2.34562 2.34587 
2.33935 2.33961 2.33987 2.34012 2.34037 2.34062 2.34085 2.34108 2.34129 2.3415 2.3417 2.3419 2.34209 2.34227 2.34245 2.34264 2.34283 2.34303 2.34324 2.34346 2.3437 2.34396 2.34425 2.34457 2.34491 2.34529 2.3457 2.34614 2.34662 2.34713 2.34768 2.34825 2.34885 2.34948 2.35012 2.35078 2.35144 2.35211 2.35276 2.35341 2.35403 2.35462 2.35518 2.3557 2.35616 2.35657 2.35692 2.3572 2.35741 2.35755 2.35761 2.3576 2.35751 2.35735 2.35712 2.35682 2.35645 2.35603 2.35555 2.35503 2.35447 2.35388 2.35326 2.35262 2.35198 2.35133 2.35068 2.35005 2.34943 2.34883 2.34825 2.34771 2.34719 2.34671 2.34627 2.34587 2.3455 2.34518 2.34489 2.34465 2.34444 2.34427 2.34413 2.34403 2.34397 2.34394 2.34394 2.34397 2.34404 2.34413 2.34424 2.34438 2.34455 2.34473 2.34493 2.34515 2.34538 2.34562 2.34587 2.34613 
2.3396 2.33986 2.34012 2.34037 2.34062 2.34087 2.34111 2.34134 2.34156 2.34177 2.34198 2.34218 2.34238 2.34257 2.34277 2.34297 2.34318 2.3434 2.34364 2.3439 2.34418 2.34448 2.34482 2.34519 2.34559 2.34603 2.34651 2.34704 2.3476 2.3482 2.34884 2.34951 2.35022 2.35095 2.3517 2.35247 2.35324 2.35402 2.35478 2.35553 2.35626 2.35695 2.35759 2.35819 2.35873 2.3592 2.3596 2.35992 2.36016 2.36032 2.36039 2.36037 2.36027 2.36008 2.3598 2.35945 2.35903 2.35853 2.35798 2.35737 2.35672 2.35602 2.3553 2.35456 2.35381 2.35305 2.3523 2.35155 2.35083 2.35013 2.34945 2.34881 2.34821 2.34765 2.34713 2.34665 2.34622 2.34584 2.34549 2.3452 2.34494 2.34473 2.34457 2.34444 2.34435 2.34429 2.34428 2.34429 2.34434 2.34442 2.34453 2.34466 2.34481 2.34499 2.34519 2.34541 2.34563 2.34587 2.34612 2.34638 
2.33984 2.3401 2.34036 2.34062 2.34087 2.34112 2.34136 2.34159 2.34182 2.34204 2.34225 2.34247 2.34268 2.34289 2.34311 2.34333 2.34357 2.34383 2.3441 2.3444 2.34474 2.3451 2.3455 2.34594 2.34643 2.34696 2.34754 2.34817 2.34885 2.34957 2.35034 2.35115 2.352 2.35287 2.35377 2.35468 2.35561 2.35653 2.35744 2.35833 2.35919 2.36 2.36077 2.36147 2.36211 2.36266 2.36313 2.36351 2.36379 2.36397 2.36405 2.36403 2.3639 2.36367 2.36334 2.36292 2.36242 2.36183 2.36117 2.36044 2.35967 2.35884 2.35799 2.3571 2.3562 2.3553 2.3544 2.35352 2.35265 2.35181 2.351 2.35024 2.34951 2.34884 2.34821 2.34764 2.34711 2.34664 2.34623 2.34586 2.34555 2.34528 2.34507 2.3449 2.34477 2.34469 2.34464 2.34463 2.34466 2.34472 2.34482 2.34494 2.34509 2.34526 2.34545 2.34566 2.34588 2.34612 2.34637 2.34662 
2.34007 2.34033 2.34059 2.34085 2.34111 2.34136 2.3416 2.34184 2.34208 2.34231 2.34253 2.34276 2.34299 2.34323 2.34347 2.34373 2.34401 2.34431 2.34463 2.34499 2.34539 2.34583 2.34632 2.34686 2.34746 2.34811 2.34882 2.34958 2.35041 2.35129 2.35222 2.35321 2.35423 2.35529 2.35638 2.35748 2.35859 2.3597 2.3608 2.36187 2.36289 2.36387 2.36479 2.36563 2.36638 2.36704 2.3676 2.36805 2.36838 2.36859 2.36868 2.36865 2.36849 2.36821 2.36782 2.36731 2.3667 2.36599 2.3652 2.36433 2.36339 2.3624 2.36137 2.36031 2.35923 2.35814 2.35705 2.35598 2.35493 2.35392 2.35294 2.35201 2.35113 2.35031 2.34954 2.34884 2.3482 2.34762 2.34711 2.34665 2.34626 2.34592 2.34564 2.34542 2.34524 2.34512 2.34504 2.345 2.345 2.34504 2.34512 2.34522 2.34536 2.34552 2.3457 2.34591 2.34613 2.34636 2.3466 2.34686 
2.3403 2.34056 2.34082 2.34108 2.34134 2.34159 2.34184 2.34209 2.34233 2.34258 2.34282 2.34307 2.34332 2.34358 2.34386 2.34416 2.34449 2.34485 2.34524 2.34568 2.34617 2.34671 2.3473 2.34797 2.3487 2.3495 2.35037 2.35131 2.35232 2.3534 2.35454 2.35574 2.35698 2.35827 2.35959 2.36093 2.36228 2.36362 2.36494 2.36623 2.36747 2.36864 2.36974 2.37075 2.37165 2.37244 2.37311 2.37364 2.37403 2.37428 2.37438 2.37434 2.37414 2.3738 2.37332 2.37271 2.37197 2.37112 2.37016 2.36911 2.36798 2.36678 2.36554 2.36425 2.36294 2.36162 2.36031 2.35901 2.35774 2.3565 2.35531 2.35418 2.35311 2.3521 2.35116 2.3503 2.34951 2.34879 2.34815 2.34759 2.34709 2.34667 2.34631 2.34601 2.34578 2.3456 2.34547 2.34539 2.34536 2.34538 2.34543 2.34552 2.34563 2.34578 2.34596 2.34615 2.34636 2.34659 2.34683 2.34708 
2.34051 2.34077 2.34103 2.34129 2.34156 2.34182 2.34208 2.34233 2.34259 2.34285 2.34311 2.34339 2.34367 2.34397 2.3443 2.34465 2.34504 2.34546 2.34594 2.34648 2.34707 2.34773 2.34847 2.34928 2.35018 2.35116 2.35223 2.35339 2.35463 2.35595 2.35734 2.3588 2.36032 2.36189 2.36349 2.36511 2.36674 2.36836 2.36996 2.37151 2.373 2.37441 2.37573 2.37693 2.37802 2.37896 2.37975 2.38039 2.38085 2.38115 2.38126 2.3812 2.38096 2.38055 2.37997 2.37923 2.37834 2.37731 2.37615 2.37489 2.37352 2.37208 2.37057 2.36902 2.36744 2.36584 2.36425 2.36267 2.36112 2.35962 2.35818 2.35679 2.35548 2.35425 2.3531 2.35204 2.35107 2.35019 2.34939 2.34869 2.34807 2.34753 2.34707 2.34669 2.34638 2.34613 2.34595 2.34582 2.34575 2.34573 2.34575 2.34581 2.34591 2.34604 2.3462 2.34639 2.34659 2.34682 2.34705 2.3473 
2.34072 2.34097 2.34124 2.3415 2.34177 2.34204 2.34231 2.34258 2.34285 2.34313 2.34342 2.34372 2.34405 2.34439 2.34477 2.34519 2.34565 2.34617 2.34675 2.3474 2.34813 2.34894 2.34985 2.35085 2.35195 2.35316 2.35447 2.35588 2.35739 2.359 2.3607 2.36247 2.36432 2.36622 2.36816 2.37012 2.37208 2.37403 2.37595 2.37781 2.3796 2.38129 2.38286 2.3843 2.38559 2.38672 2.38766 2.38841 2.38896 2.38931 2.38944 2.38936 2.38907 2.38857 2.38787 2.38698 2.38591 2.38467 2.38329 2.38176 2.38012 2.37839 2.37657 2.3747 2.37279 2.37087 2.36894 2.36704 2.36517 2.36335 2.36159 2.35991 2.35832 2.35682 2.35541 2.35411 2.35292 2.35184 2.35086 2.34998 2.34921 2.34854 2.34796 2.34747 2.34706 2.34673 2.34648 2.3463 2.34617 2.34611 2.34609 2.34612 2.3462 2.34631 2.34645 2.34662 2.34682 2.34703 2.34726 2.34751 
2.34091 2.34117 2.34143 2.3417 2.34198 2.34225 2.34253 2.34282 2.34311 2.34342 2.34374 2.34408 2.34445 2.34486 2.3453 2.3458 2.34636 2.34699 2.34769 2.34849 2.34938 2.35037 2.35148 2.3527 2.35405 2.35552 2.35711 2.35883 2.36067 2.36263 2.36468 2.36683 2.36906 2.37135 2.37368 2.37604 2.37839 2.38073 2.38302 2.38525 2.38738 2.38939 2.39126 2.39298 2.39451 2.39584 2.39695 2.39784 2.39849 2.39889 2.39904 2.39894 2.39859 2.39799 2.39715 2.39609 2.39481 2.39333 2.39167 2.38985 2.38789 2.38581 2.38364 2.3814 2.37911 2.3768 2.37449 2.37219 2.36994 2.36775 2.36563 2.36359 2.36166 2.35984 2.35814 2.35656 2.3551 2.35377 2.35257 2.35149 2.35054 2.3497 2.34898 2.34836 2.34784 2.34741 2.34707 2.34682 2.34663 2.34651 2.34645 2.34645 2.34649 2.34658 2.3467 2.34686 2.34704 2.34724 2.34747 2.34771 
2.3411 2.34136 2.34162 2.3419 2.34218 2.34247 2.34276 2.34307 2.34339 2.34372 2.34408 2.34447 2.3449 2.34537 2.3459 2.3465 2.34717 2.34793 2.34878 2.34975 2.35083 2.35204 2.35339 2.35488 2.35651 2.3583 2.36023 2.36232 2.36454 2.36689 2.36937 2.37195 2.37462 2.37737 2.38016 2.38297 2.38578 2.38856 2.39129 2.39392 2.39645 2.39883 2.40104 2.40307 2.40487 2.40644 2.40775 2.40879 2.40955 2.41002 2.41019 2.41006 2.40964 2.40892 2.40793 2.40666 2.40514 2.40339 2.40142 2.39925 2.39693 2.39446 2.39188 2.38921 2.38648 2.38372 2.38096 2.37822 2.37553 2.3729 2.37035 2.36791 2.36558 2.36339 2.36133 2.35942 2.35765 2.35604 2.35457 2.35326 2.35208 2.35105 2.35015 2.34938 2.34873 2.34818 2.34774 2.3474 2.34714 2.34695 2.34684 2.34679 2.3468 2.34686 2.34695 2.34709 2.34726 2.34745 2.34766 2.3479 
2.34128 2.34154 2.34181 2.34209 2.34238 2.34268 2.34299 2.34332 2.34367 2.34405 2.34445 2.3449 2.3454 2.34596 2.34658 2.34729 2.3481 2.34901 2.35005 2.35122 2.35253 2.354 2.35563 2.35743 2.3594 2.36156 2.36389 2.36639 2.36905 2.37188 2.37484 2.37792 2.3811 2.38436 2.38768 2.39101 2.39434 2.39763 2.40084 2.40395 2.40692 2.40972 2.41232 2.41469 2.4168 2.41863 2.42017 2.42138 2.42226 2.4228 2.42299 2.42283 2.42233 2.42149 2.42031 2.41882 2.41703 2.41496 2.41264 2.41009 2.40735 2.40443 2.40138 2.39823 2.395 2.39174 2.38846 2.38521 2.382 2.37887 2.37584 2.37292 2.37014 2.36751 2.36504 2.36274 2.36062 2.35867 2.3569 2.3553 2.35387 2.35261 2.35151 2.35056 2.34974 2.34906 2.3485 2.34805 2.3477 2.34744 2.34726 2.34716 2.34712 2.34714 2.34721 2.34732 2.34747 2.34765 2.34786 2.34808 
2.34145 2.34171 2.34198 2.34227 2.34257 2.34289 2.34323 2.34358 2.34397 2.34439 2.34486 2.34537 2.34596 2.34661 2.34736 2.34821 2.34917 2.35027 2.35152 2.35292 2.3545 2.35627 2.35823 2.36039 2.36276 2.36534 2.36813 2.37111 2.37429 2.37765 2.38116 2.38481 2.38858 2.39243 2.39634 2.40026 2.40417 2.40803 2.41179 2.41543 2.4189 2.42217 2.42519 2.42795 2.43041 2.43253 2.43431 2.43571 2.43673 2.43735 2.43756 2.43737 2.43678 2.43579 2.43441 2.43267 2.43058 2.42816 2.42545 2.42247 2.41925 2.41584 2.41226 2.40856 2.40477 2.40093 2.39708 2.39324 2.38946 2.38576 2.38217 2.37871 2.37541 2.37228 2.36934 2.36659 2.36405 2.36171 2.35959 2.35766 2.35594 2.35441 2.35307 2.35191 2.35091 2.35006 2.34935 2.34878 2.34833 2.34798 2.34773 2.34756 2.34747 2.34745 2.34748 2.34756 2.34769 2.34785 2.34804 2.34826 
2.34162 2.34188 2.34216 2.34245 2.34277 2.34311 2.34347 2.34386 2.3443 2.34477 2.3453 2.3459 2.34658 2.34736 2.34824 2.34925 2.35041 2.35172 2.35321 2.3549 2.35679 2.3589 2.36124 2.36383 2.36665 2.36972 2.37302 2.37656 2.38032 2.38428 2.38842 2.39272 2.39714 2.40165 2.40622 2.41081 2.41537 2.41986 2.42423 2.42846 2.43248 2.43626 2.43976 2.44295 2.44578 2.44823 2.45027 2.45188 2.45305 2.45375 2.45399 2.45376 2.45307 2.45192 2.45032 2.4483 2.44587 2.44307 2.43992 2.43646 2.43273 2.42876 2.4246 2.42029 2.41587 2.41139 2.40688 2.4024 2.39796 2.39362 2.3894 2.38533 2.38144 2.37774 2.37426 2.37101 2.36799 2.36522 2.36268 2.36038 2.35832 2.35648 2.35487 2.35345 2.35223 2.3512 2.35033 2.34961 2.34903 2.34858 2.34824 2.348 2.34784 2.34777 2.34776 2.34781 2.34791 2.34805 2.34823 2.34844 
2.34179 2.34205 2.34233 2.34264 2.34297 2.34333 2.34373 2.34416 2.34465 2.34519 2.3458 2.3465 2.34729 2.34821 2.34925 2.35045 2.35183 2.35339 2.35517 2.35717 2.35942 2.36193 2.36471 2.36777 2.37111 2.37473 2.37863 2.38279 2.3872 2.39184 2.39669 2.4017 2.40685 2.41211 2.41741 2.42273 2.428 2.43319 2.43824 2.44311 2.44773 2.45208 2.4561 2.45975 2.46299 2.46579 2.46812 2.46996 2.47129 2.47208 2.47235 2.47208 2.47127 2.46994 2.4681 2.46578 2.46299 2.45976 2.45614 2.45216 2.44786 2.44328 2.43848 2.4335 2.42838 2.42319 2.41796 2.41275 2.40759 2.40253 2.39761 2.39285 2.3883 2.38397 2.37988 2.37605 2.3725 2.36922 2.36621 2.36349 2.36104 2.35885 2.35691 2.35522 2.35375 2.35249 2.35143 2.35054 2.34982 2.34925 2.3488 2.34848 2.34825 2.34812 2.34806 2.34807 2.34814 2.34826 2.34842 2.34861 
2.34197 2.34222 2.34251 2.34283 2.34318 2.34357 2.34401 2.34449 2.34504 2.34565 2.34636 2.34717 2.3481 2.34917 2.35041 2.35183 2.35345 2.3553 2.35741 2.35978 2.36244 2.3654 2.36868 2.37227 2.37619 2.38044 2.385 2.38986 2.395 2.4004 2.40602 2.41183 2.41779 2.42386 2.42997 2.43609 2.44215 2.4481 2.45388 2.45944 2.46472 2.46968 2.47425 2.4784 2.48209 2.48527 2.48791 2.48999 2.49148 2.49238 2.49267 2.49235 2.49143 2.48991 2.48781 2.48516 2.48197 2.47829 2.47416 2.46961 2.46469 2.45945 2.45395 2.44823 2.44236 2.43639 2.43037 2.42436 2.41841 2.41255 2.40685 2.40134 2.39604 2.391 2.38624 2.38176 2.3776 2.37376 2.37023 2.36702 2.36413 2.36154 2.35924 2.35723 2.35547 2.35396 2.35268 2.3516 2.35071 2.35 2.34943 2.34901 2.3487 2.34849 2.34838 2.34835 2.34838 2.34847 2.34861 2.34879 
2.34214 2.3424 2.34269 2.34303 2.3434 2.34383 2.34431 2.34485 2.34546 2.34617 2.34699 2.34793 2.34901 2.35027 2.35172 2.35339 2.3553 2.35749 2.35996 2.36275 2.36587 2.36934 2.37317 2.37738 2.38195 2.38689 2.39218 2.39782 2.40377 2.41 2.41648 2.42317 2.43001 2.43696 2.44395 2.45093 2.45784 2.46461 2.47118 2.47749 2.48348 2.48909 2.49426 2.49894 2.50309 2.50667 2.50965 2.51198 2.51366 2.51466 2.51498 2.51461 2.51356 2.51184 2.50946 2.50646 2.50285 2.49869 2.494 2.48884 2.48326 2.47731 2.47106 2.46455 2.45786 2.45104 2.44417 2.43728 2.43046 2.42374 2.41718 2.41083 2.40472 2.39889 2.39338 2.38819 2.38335 2.37888 2.37476 2.37102 2.36763 2.36459 2.36188 2.3595 2.35742 2.35562 2.35409 2.35279 2.35172 2.35084 2.35014 2.3496 2.34919 2.34891 2.34873 2.34864 2.34863 2.34869 2.34881 2.34898 
2.34232 2.34258 2.34288 2.34324 2.34364 2.3441 2.34463 2.34524 2.34594 2.34675 2.34769 2.34878 2.35005 2.35152 2.35321 2.35517 2.35741 2.35996 2.36285 2.36611 2.36975 2.37379 2.37824 2.38312 2.38841 2.39412 2.40023 2.40671 2.41354 2.42069 2.4281 2.43574 2.44354 2.45144 2.45938 2.4673 2.47511 2.48276 2.49017 2.49728 2.50401 2.51031 2.51611 2.52135 2.526 2.53 2.53332 2.53592 2.53779 2.5389 2.53925 2.53883 2.53764 2.53571 2.53304 2.52966 2.52562 2.52094 2.51567 2.50987 2.50358 2.49688 2.48982 2.48247 2.4749 2.46718 2.45937 2.45155 2.44378 2.43612 2.42863 2.42137 2.41437 2.40768 2.40134 2.39537 2.38979 2.38461 2.37985 2.3755 2.37155 2.36801 2.36485 2.36206 2.35961 2.35749 2.35568 2.35413 2.35285 2.35178 2.35093 2.35025 2.34974 2.34936 2.34911 2.34896 2.3489 2.34893 2.34902 2.34917 
2.34252 2.34277 2.34309 2.34346 2.3439 2.3444 2.34499 2.34568 2.34648 2.3474 2.34849 2.34975 2.35122 2.35292 2.3549 2.35717 2.35978 2.36275 2.36611 2.36988 2.3741 2.37877 2.38392 2.38953 2.39562 2.40217 2.40916 2.41657 2.42436 2.4325 2.44092 2.44957 2.4584 2.46732 2.47627 2.48518 2.49396 2.50254 2.51084 2.51878 2.52629 2.53331 2.53977 2.5456 2.55076 2.5552 2.55888 2.56176 2.56382 2.56505 2.56542 2.56494 2.56362 2.56146 2.55849 2.55473 2.55023 2.54501 2.53913 2.53265 2.52563 2.51813 2.51022 2.50198 2.49348 2.48479 2.476 2.46718 2.45839 2.44973 2.44123 2.43298 2.42502 2.4174 2.41016 2.40332 2.39693 2.39099 2.38551 2.38049 2.37594 2.37183 2.36817 2.36492 2.36207 2.35959 2.35745 2.35564 2.35411 2.35284 2.35181 2.35098 2.35034 2.34986 2.34952 2.34931 2.3492 2.34918 2.34924 2.34937 
2.34272 2.34298 2.3433 2.3437 2.34418 2.34474 2.34539 2.34617 2.34707 2.34813 2.34938 2.35083 2.35253 2.3545 2.35679 2.35942 2.36244 2.36587 2.36975 2.3741 2.37895 2.38432 2.39021 2.39664 2.40359 2.41105 2.41901 2.42742 2.43624 2.44543 2.45493 2.46468 2.47459 2.4846 2.49462 2.50457 2.51436 2.52391 2.53313 2.54194 2.55027 2.55803 2.56517 2.57161 2.5773 2.58218 2.58623 2.5894 2.59166 2.593 2.5934 2.59287 2.5914 2.58902 2.58573 2.58158 2.5766 2.57083 2.56433 2.55715 2.54936 2.54103 2.53223 2.52306 2.51357 2.50387 2.49404 2.48416 2.4743 2.46456 2.455 2.44569 2.43669 2.42806 2.41985 2.41208 2.4048 2.39803 2.39176 2.38602 2.3808 2.37608 2.37186 2.36811 2.3648 2.36192 2.35944 2.35731 2.35551 2.35401 2.35278 2.35179 2.35101 2.35041 2.34998 2.34969 2.34952 2.34945 2.34948 2.34959 
2.34294 2.3432 2.34354 2.34396 2.34448 2.3451 2.34583 2.34671 2.34773 2.34894 2.35037 2.35204 2.354 2.35627 2.3589 2.36193 2.3654 2.36934 2.37379 2.37877 2.38432 2.39044 2.39716 2.40446 2.41234 2.42079 2.42977 2.43925 2.44918 2.4595 2.47014 2.48103 2.49209 2.50324 2.51437 2.52541 2.53625 2.5468 2.55698 2.56669 2.57585 2.58438 2.59221 2.59926 2.60549 2.61084 2.61525 2.61871 2.62118 2.62263 2.62307 2.62247 2.62086 2.61825 2.61465 2.61009 2.60463 2.59829 2.59115 2.58325 2.57468 2.56549 2.55579 2.54564 2.53514 2.52438 2.51346 2.50246 2.49148 2.4806 2.46991 2.45947 2.44937 2.43967 2.43042 2.42165 2.41342 2.40574 2.39863 2.3921 2.38615 2.38076 2.37593 2.37163 2.36783 2.36451 2.36163 2.35916 2.35707 2.35531 2.35386 2.35269 2.35175 2.35102 2.35048 2.3501 2.34987 2.34975 2.34974 2.34983 
2.34318 2.34344 2.3438 2.34425 2.34482 2.3455 2.34632 2.3473 2.34847 2.34985 2.35148 2.35339 2.35563 2.35823 2.36124 2.36471 2.36868 2.37317 2.37824 2.38392 2.39021 2.39716 2.40475 2.413 2.42188 2.43138 2.44146 2.45207 2.46316 2.47467 2.48651 2.4986 2.51086 2.52318 2.53547 2.54763 2.55955 2.57113 2.58229 2.59291 2.60292 2.61222 2.62075 2.62842 2.63519 2.641 2.64579 2.64953 2.6522 2.65378 2.65424 2.65359 2.65184 2.64899 2.64507 2.64012 2.63417 2.62727 2.61947 2.61085 2.60147 2.59142 2.58078 2.56964 2.5581 2.54625 2.5342 2.52205 2.50989 2.49782 2.48594 2.47433 2.46306 2.45222 2.44186 2.43204 2.42278 2.41414 2.40612 2.39874 2.392 2.38589 2.38039 2.37549 2.37116 2.36735 2.36405 2.36121 2.35879 2.35675 2.35506 2.35368 2.35257 2.3517 2.35104 2.35056 2.35025 2.35007 2.35002 2.35008 
2.34344 2.3437 2.34408 2.34457 2.34519 2.34594 2.34686 2.34797 2.34928 2.35085 2.3527 2.35488 2.35743 2.36039 2.36383 2.36777 2.37227 2.37738 2.38312 2.38953 2.39664 2.40446 2.413 2.42225 2.43219 2.4428 2.45404 2.46584 2.47816 2.4909 2.50399 2.51733 2.53082 2.54435 2.55783 2.57113 2.58415 2.59678 2.60892 2.62046 2.63132 2.6414 2.65062 2.65892 2.66622 2.67248 2.67764 2.68167 2.68454 2.68623 2.68672 2.68602 2.68412 2.68105 2.67682 2.67147 2.66504 2.65757 2.64913 2.63978 2.62961 2.61868 2.6071 2.59495 2.58234 2.56938 2.55618 2.54283 2.52946 2.51617 2.50305 2.4902 2.47772 2.46569 2.45416 2.44321 2.43288 2.42321 2.41423 2.40594 2.39835 2.39147 2.38526 2.37971 2.37479 2.37047 2.3667 2.36345 2.36067 2.35833 2.35637 2.35476 2.35346 2.35243 2.35164 2.35106 2.35066 2.35042 2.35032 2.35035 
2.34372 2.34399 2.34438 2.34491 2.34559 2.34643 2.34746 2.3487 2.35018 2.35195 2.35405 2.35651 2.3594 2.36276 2.36665 2.37111 2.37619 2.38195 2.38841 2.39562 2.40359 2.41234 2.42188 2.43219 2.44325 2.45503 2.46748 2.48053 2.49411 2.50813 2.5225 2.53712 2.55188 2.56665 2.58133 2.59579 2.60991 2.62359 2.63671 2.64917 2.66087 2.67172 2.68163 2.69053 2.69836 2.70506 2.71058 2.71489 2.71796 2.71976 2.72028 2.71953 2.71749 2.7142 2.70967 2.70393 2.69703 2.68901 2.67994 2.66987 2.6589 2.64711 2.63458 2.62142 2.60775 2.59366 2.57929 2.56473 2.55012 2.53556 2.52117 2.50705 2.49331 2.48003 2.46729 2.45516 2.4437 2.43295 2.42294 2.41369 2.4052 2.39748 2.39052 2.38427 2.37873 2.37384 2.36958 2.36589 2.36272 2.36004 2.3578 2.35595 2.35444 2.35323 2.3523 2.3516 2.35111 2.3508 2.35066 2.35065 
2.34403 2.3443 2.34471 2.34529 2.34603 2.34696 2.34811 2.3495 2.35116 2.35316 2.35552 2.3583 2.36156 2.36534 2.36972 2.37473 2.38044 2.38689 2.39412 2.40217 2.41105 2.42079 2.43138 2.4428 2.45503 2.46803 2.48173 2.49606 2.51095 2.52628 2.54197 2.55789 2.57392 2.58995 2.60583 2.62145 2.63668 2.6514 2.66549 2.67885 2.69137 2.70296 2.71354 2.72304 2.73137 2.7385 2.74437 2.74895 2.75221 2.75411 2.75467 2.75386 2.7517 2.7482 2.74338 2.73727 2.72991 2.72136 2.71167 2.70091 2.68916 2.67651 2.66306 2.6489 2.63416 2.61895 2.60339 2.58762 2.57175 2.5559 2.54022 2.52479 2.50975 2.49519 2.48119 2.46783 2.45519 2.44331 2.43222 2.42196 2.41253 2.40394 2.39616 2.38918 2.38297 2.37749 2.37269 2.36852 2.36495 2.36191 2.35935 2.35723 2.3555 2.35411 2.35302 2.35219 2.3516 2.35122 2.35102 2.35098 
2.34436 2.34463 2.34508 2.3457 2.34651 2.34754 2.34882 2.35037 2.35223 2.35447 2.35711 2.36023 2.36389 2.36813 2.37302 2.37863 2.385 2.39218 2.40023 2.40916 2.41901 2.42977 2.44146 2.45404 2.46748 2.48173 2.49672 2.51237 2.52858 2.54526 2.56228 2.57951 2.59683 2.61409 2.63118 2.64795 2.66426 2.68 2.69504 2.70928 2.7226 2.73491 2.74613 2.75618 2.76501 2.77254 2.77874 2.78357 2.78701 2.78902 2.7896 2.78875 2.78647 2.78277 2.77768 2.77122 2.76344 2.75438 2.7441 2.73267 2.72017 2.70669 2.69233 2.67719 2.6614 2.64508 2.62835 2.61136 2.59422 2.57709 2.56009 2.54334 2.52697 2.51109 2.4958 2.48118 2.46732 2.45426 2.44206 2.43074 2.42032 2.41081 2.40218 2.39443 2.38751 2.38139 2.37602 2.37135 2.36734 2.36391 2.36102 2.35862 2.35664 2.35505 2.35379 2.35283 2.35213 2.35167 2.3514 2.35133 
2.34472 2.345 2.34547 2.34614 2.34704 2.34817 2.34958 2.35131 2.35339 2.35588 2.35883 2.36232 2.36639 2.37111 2.37656 2.38279 2.38986 2.39782 2.40671 2.41657 2.42742 2.43925 2.45207 2.46584 2.48053 2.49606 2.51237 2.52936 2.54692 2.56494 2.58329 2.60184 2.62043 2.63893 2.6572 2.67509 2.69246 2.70919 2.72515 2.74022 2.7543 2.7673 2.77913 2.78971 2.79899 2.8069 2.81341 2.81848 2.82208 2.82419 2.8248 2.82391 2.82152 2.81765 2.8123 2.80552 2.79734 2.7878 2.77697 2.7649 2.75169 2.73742 2.72218 2.7061 2.68929 2.67188 2.654 2.63579 2.61741 2.59898 2.58066 2.56258 2.54487 2.52766 2.51105 2.49514 2.48002 2.46576 2.4524 2.43999 2.42854 2.41807 2.40855 2.39998 2.39233 2.38554 2.37957 2.37437 2.36989 2.36605 2.36281 2.3601 2.35787 2.35606 2.35462 2.35352 2.3527 2.35215 2.35182 2.35171 
2.3451 2.34539 2.34589 2.34662 2.3476 2.34885 2.35041 2.35232 2.35463 2.35739 2.36067 2.36454 2.36905 2.37429 2.38032 2.3872 2.395 2.40377 2.41354 2.42436 2.43624 2.44918 2.46316 2.47816 2.49411 2.51095 2.52858 2.54692 2.56584 2.5852 2.60488 2.62472 2.64457 2.66428 2.6837 2.70268 2.72107 2.73875 2.75558 2.77144 2.78624 2.79988 2.81227 2.82334 2.83304 2.8413 2.84809 2.85338 2.85713 2.85933 2.85997 2.85905 2.85656 2.85253 2.84696 2.83988 2.83134 2.82136 2.81002 2.79736 2.78348 2.76846 2.7524 2.73541 2.71761 2.69915 2.68015 2.66076 2.64114 2.62144 2.60181 2.5824 2.56334 2.54479 2.52684 2.50963 2.49323 2.47773 2.46319 2.44966 2.43715 2.42568 2.41525 2.40583 2.3974 2.38992 2.38333 2.37757 2.37259 2.36833 2.36471 2.36168 2.35918 2.35714 2.35551 2.35425 2.35332 2.35267 2.35227 2.35212 
2.34551 2.34581 2.34634 2.34713 2.3482 2.34957 2.35129 2.3534 2.35595 2.359 2.36263 2.36689 2.37188 2.37765 2.38428 2.39184 2.4004 2.41 2.42069 2.4325 2.44543 2.4595 2.47467 2.4909 2.50813 2.52628 2.54526 2.56494 2.5852 2.6059 2.62688 2.64799 2.66907 2.68995 2.71048 2.7305 2.74987 2.76844 2.78609 2.80269 2.81816 2.83238 2.84529 2.85681 2.86688 2.87546 2.8825 2.88798 2.89187 2.89416 2.89483 2.89388 2.89131 2.88714 2.88137 2.87404 2.86517 2.8548 2.84299 2.82979 2.81529 2.79958 2.78274 2.76489 2.74616 2.72669 2.70661 2.68608 2.66525 2.6443 2.62338 2.60265 2.58226 2.56236 2.54309 2.52455 2.50687 2.49012 2.47437 2.45969 2.4461 2.43361 2.42223 2.41195 2.40272 2.39451 2.38727 2.38093 2.37544 2.37073 2.36672 2.36335 2.36056 2.35828 2.35646 2.35503 2.35396 2.35321 2.35275 2.35255 
2.34595 2.34625 2.34682 2.34768 2.34884 2.35034 2.35222 2.35454 2.35734 2.3607 2.36468 2.36937 2.37484 2.38116 2.38842 2.39669 2.40602 2.41648 2.4281 2.44092 2.45493 2.47014 2.48651 2.50399 2.5225 2.54197 2.56228 2.58329 2.60488 2.62688 2.64914 2.67149 2.69375 2.71576 2.73734 2.75835 2.77863 2.79804 2.81644 2.83373 2.8498 2.86456 2.87793 2.88984 2.90025 2.90911 2.91637 2.92202 2.92604 2.9284 2.92909 2.92813 2.92549 2.9212 2.91527 2.90771 2.89856 2.88784 2.87562 2.86194 2.84688 2.83052 2.81297 2.79433 2.77472 2.75429 2.73318 2.71155 2.68957 2.66741 2.64523 2.6232 2.6015 2.58027 2.55966 2.53981 2.52084 2.50283 2.48587 2.47002 2.45533 2.44181 2.42947 2.41828 2.40824 2.39928 2.39137 2.38444 2.37841 2.37323 2.36882 2.3651 2.36201 2.35948 2.35745 2.35585 2.35465 2.3538 2.35326 2.35301 
2.34641 2.34672 2.34733 2.34825 2.34951 2.35115 2.35321 2.35574 2.3588 2.36247 2.36683 2.37195 2.37792 2.38481 2.39272 2.4017 2.41183 2.42317 2.43574 2.44957 2.46468 2.48103 2.4986 2.51733 2.53712 2.55789 2.57951 2.60184 2.62472 2.64799 2.67149 2.69502 2.71841 2.74149 2.76407 2.78601 2.80713 2.82731 2.84641 2.86431 2.88092 2.89615 2.90993 2.92219 2.93289 2.94198 2.94944 2.95523 2.95935 2.96178 2.9625 2.96152 2.95884 2.95446 2.94838 2.94064 2.93125 2.92024 2.90766 2.89355 2.878 2.86107 2.84286 2.82349 2.80307 2.78175 2.75967 2.737 2.71391 2.69058 2.66718 2.6439 2.62091 2.59837 2.57646 2.55531 2.53504 2.51578 2.49761 2.48059 2.46479 2.45022 2.4369 2.42481 2.41393 2.40422 2.39562 2.38807 2.3815 2.37584 2.37101 2.36693 2.36353 2.36074 2.35848 2.35671 2.35537 2.35441 2.35379 2.3535 
2.3469 2.34721 2.34786 2.34885 2.35022 2.352 2.35423 2.35698 2.36032 2.36432 2.36906 2.37462 2.3811 2.38858 2.39714 2.40685 2.41779 2.43001 2.44354 2.4584 2.47459 2.49209 2.51086 2.53082 2.55188 2.57392 2.59683 2.62043 2.64457 2.66907 2.69375 2.71841 2.74288 2.76696 2.79047 2.81326 2.83516 2.85604 2.87576 2.89421 2.9113 2.92694 2.94106 2.95362 2.96456 2.97385 2.98146 2.98738 2.99158 2.99406 2.99481 2.99383 2.99111 2.98666 2.98048 2.97259 2.96301 2.95176 2.93887 2.92441 2.90842 2.89099 2.8722 2.85216 2.83101 2.80886 2.78588 2.76223 2.7381 2.71365 2.68909 2.66459 2.64035 2.61655 2.59335 2.57091 2.54938 2.52888 2.50949 2.49132 2.4744 2.45879 2.44448 2.43148 2.41975 2.40927 2.39997 2.3918 2.38467 2.37852 2.37326 2.36881 2.3651 2.36203 2.35956 2.3576 2.35611 2.35504 2.35435 2.35401 
2.3474 2.34773 2.34841 2.34948 2.35095 2.35287 2.35529 2.35827 2.36189 2.36622 2.37135 2.37737 2.38436 2.39243 2.40165 2.41211 2.42386 2.43696 2.45144 2.46732 2.4846 2.50324 2.52318 2.54435 2.56665 2.58995 2.61409 2.63893 2.66428 2.68995 2.71576 2.74149 2.76696 2.79197 2.81634 2.83991 2.86252 2.88402 2.90428 2.92321 2.94071 2.9567 2.97111 2.9839 2.99504 3.00448 3.01222 3.01823 3.0225 3.02503 3.02581 3.02483 3.02209 3.01759 3.01134 3.00334 2.99361 2.98217 2.96904 2.95428 2.93793 2.92006 2.90076 2.88014 2.85831 2.83542 2.81161 2.78706 2.76194 2.73644 2.71077 2.68512 2.65968 2.63465 2.6102 2.58652 2.56375 2.54202 2.52145 2.50212 2.4841 2.46744 2.45215 2.43823 2.42566 2.41441 2.40441 2.3956 2.38791 2.38127 2.37557 2.37074 2.3667 2.36337 2.36067 2.35852 2.35689 2.3557 2.35492 2.35453 
2.34791 2.34825 2.34898 2.35012 2.3517 2.35377 2.35638 2.35959 2.36349 2.36816 2.37368 2.38016 2.38768 2.39634 2.40622 2.41741 2.42997 2.44395 2.45938 2.47627 2.49462 2.51437 2.53547 2.55783 2.58133 2.60583 2.63118 2.6572 2.6837 2.71048 2.73734 2.76407 2.79047 2.81634 2.8415 2.86577 2.889 2.91105 2.93179 2.95113 2.96896 2.98523 2.99988 3.01286 3.02414 3.03371 3.04153 3.04761 3.05194 3.0545 3.0553 3.05433 3.05159 3.04707 3.04078 3.03271 3.02288 3.01129 2.99798 2.98297 2.96632 2.94809 2.92836 2.90723 2.88481 2.86124 2.83668 2.81129 2.78527 2.75879 2.73207 2.70532 2.67874 2.65253 2.62689 2.602 2.57802 2.5551 2.53337 2.51291 2.49381 2.47611 2.45985 2.44502 2.43161 2.41959 2.40888 2.39945 2.3912 2.38405 2.37791 2.37271 2.36834 2.36473 2.36179 2.35946 2.35767 2.35637 2.35552 2.35507 
2.34844 2.34879 2.34956 2.35078 2.35247 2.35468 2.35748 2.36093 2.36511 2.37012 2.37604 2.38297 2.39101 2.40026 2.41081 2.42273 2.43609 2.45093 2.4673 2.48518 2.50457 2.52541 2.54763 2.57113 2.59579 2.62145 2.64795 2.67509 2.70268 2.7305 2.75835 2.78601 2.81326 2.83991 2.86577 2.89067 2.91445 2.93697 2.95811 2.97778 2.99589 3.01239 3.02721 3.04033 3.05171 3.06136 3.06924 3.07537 3.07973 3.08232 3.08314 3.08219 3.07946 3.07494 3.06863 3.06052 3.05063 3.03895 3.02551 3.01032 2.99344 2.97491 2.95482 2.93325 2.91032 2.88615 2.86092 2.83477 2.80791 2.78053 2.75284 2.72506 2.6974 2.67007 2.64329 2.61724 2.5921 2.56803 2.54516 2.5236 2.50344 2.48473 2.46752 2.45179 2.43756 2.42476 2.41337 2.4033 2.39449 2.38684 2.38027 2.37469 2.36999 2.3661 2.36294 2.36042 2.35848 2.35706 2.35612 2.35563 
2.34898 2.34934 2.35015 2.35144 2.35324 2.35561 2.35859 2.36228 2.36674 2.37208 2.37839 2.38578 2.39434 2.40417 2.41537 2.428 2.44215 2.45784 2.47511 2.49396 2.51436 2.53625 2.55955 2.58415 2.60991 2.63668 2.66426 2.69246 2.72107 2.74987 2.77863 2.80713 2.83516 2.86252 2.889 2.91445 2.9387 2.96162 2.9831 3.00303 3.02136 3.03801 3.05296 3.06617 3.07762 3.08731 3.09522 3.10137 3.10576 3.10837 3.10921 3.10828 3.10556 3.10106 3.09476 3.08666 3.07674 3.06502 3.05149 3.03618 3.01913 3.00037 2.97998 2.95805 2.93467 2.90999 2.88416 2.85733 2.82972 2.80151 2.77292 2.74417 2.7155 2.68713 2.65926 2.63211 2.60586 2.58068 2.55672 2.5341 2.51292 2.49323 2.47508 2.45849 2.44344 2.4299 2.41782 2.40714 2.39777 2.38963 2.38263 2.37666 2.37165 2.36748 2.36408 2.36137 2.35928 2.35775 2.35673 2.35618 
2.34951 2.34988 2.35074 2.35211 2.35402 2.35653 2.3597 2.36362 2.36836 2.37403 2.38073 2.38856 2.39763 2.40803 2.41986 2.43319 2.4481 2.46461 2.48276 2.50254 2.52391 2.5468 2.57113 2.59678 2.62359 2.6514 2.68 2.70919 2.73875 2.76844 2.79804 2.82731 2.85604 2.88402 2.91105 2.93697 2.96162 2.98487 3.00661 3.02675 3.04523 3.062 3.07702 3.09028 3.10176 3.11146 3.11938 3.12554 3.12993 3.13255 3.13341 3.1325 3.12982 3.12535 3.11909 3.11101 3.10111 3.08938 3.07581 3.06043 3.04326 3.02433 3.00372 2.98148 2.95774 2.93262 2.90626 2.87884 2.85054 2.82157 2.79216 2.76254 2.73293 2.70357 2.67468 2.64649 2.61919 2.59297 2.56797 2.54433 2.52216 2.50153 2.48248 2.46504 2.44921 2.43494 2.42219 2.41091 2.401 2.39238 2.38495 2.37862 2.37328 2.36885 2.36522 2.36232 2.36008 2.35844 2.35733 2.35674 
2.35004 2.35042 2.35132 2.35276 2.35478 2.35744 2.3608 2.36494 2.36996 2.37595 2.38302 2.39129 2.40084 2.41179 2.42423 2.43824 2.45388 2.47118 2.49017 2.51084 2.53313 2.55698 2.58229 2.60892 2.63671 2.66549 2.69504 2.72515 2.75558 2.78609 2.81644 2.84641 2.87576 2.90428 2.93179 2.95811 2.9831 3.00661 3.02856 3.04885 3.06743 3.08427 3.09932 3.11259 3.12406 3.13375 3.14166 3.1478 3.15218 3.15481 3.15569 3.15481 3.15217 3.14775 3.14154 3.13351 3.12365 3.11194 3.09839 3.08298 3.06574 3.0467 3.02591 3.00345 2.9794 2.9539 2.9271 2.89915 2.87025 2.84061 2.81045 2.78002 2.74954 2.71927 2.68944 2.66028 2.63199 2.60478 2.5788 2.5542 2.53109 2.50955 2.48965 2.4714 2.45481 2.43984 2.42645 2.41459 2.40415 2.39507 2.38723 2.38053 2.37489 2.37019 2.36634 2.36326 2.36087 2.35912 2.35793 2.35729 
2.35056 2.35095 2.35189 2.35341 2.35553 2.35833 2.36187 2.36623 2.37151 2.37781 2.38525 2.39392 2.40395 2.41543 2.42846 2.44311 2.45944 2.47749 2.49728 2.51878 2.54194 2.56669 2.59291 2.62046 2.64917 2.67885 2.70928 2.74022 2.77144 2.80269 2.83373 2.86431 2.89421 2.92321 2.95113 2.97778 3.00303 3.02675 3.04885 3.06925 3.08789 3.10474 3.11979 3.13304 3.14448 3.15413 3.16201 3.16812 3.17249 3.17512 3.17602 3.17517 3.17258 3.16821 3.16207 3.15411 3.14432 3.13267 3.11915 3.10375 3.08649 3.06738 3.04648 3.02383 2.99955 2.97374 2.94655 2.91815 2.88872 2.85848 2.82766 2.79649 2.76523 2.73413 2.70342 2.67336 2.64416 2.61602 2.58912 2.56361 2.53962 2.51724 2.49652 2.4775 2.46019 2.44455 2.43056 2.41813 2.4072 2.39766 2.38943 2.38239 2.37644 2.37149 2.36743 2.36417 2.36165 2.35978 2.35852 2.35783 
2.35106 2.35147 2.35245 2.35403 2.35626 2.35919 2.36289 2.36747 2.373 2.3796 2.38738 2.39645 2.40692 2.4189 2.43248 2.44773 2.46472 2.48348 2.50401 2.52629 2.55027 2.57585 2.60292 2.63132 2.66087 2.69137 2.7226 2.7543 2.78624 2.81816 2.8498 2.88092 2.9113 2.94071 2.96896 2.99589 3.02136 3.04523 3.06743 3.08789 3.10655 3.1234 3.13842 3.15161 3.163 3.1726 3.18043 3.1865 3.19085 3.19348 3.19438 3.19357 3.19103 3.18674 3.18067 3.17279 3.16309 3.15152 3.13806 3.12271 3.10546 3.08632 3.06534 3.04258 3.01811 2.99205 2.96454 2.93575 2.90586 2.87509 2.84367 2.81185 2.77988 2.74802 2.71652 2.68564 2.65559 2.6266 2.59884 2.5725 2.54768 2.5245 2.50302 2.48329 2.4653 2.44904 2.43446 2.42151 2.4101 2.40014 2.39153 2.38417 2.37794 2.37274 2.36847 2.36505 2.36239 2.36042 2.35909 2.35835 
2.35154 2.35196 2.35298 2.35462 2.35695 2.36 2.36387 2.36864 2.37441 2.38129 2.38939 2.39883 2.40972 2.42217 2.43626 2.45208 2.46968 2.48909 2.51031 2.53331 2.55803 2.58438 2.61222 2.6414 2.67172 2.70296 2.73491 2.7673 2.79988 2.83238 2.86456 2.89615 2.92694 2.9567 2.98523 3.01239 3.03801 3.062 3.08427 3.10474 3.1234 3.14021 3.15517 3.1683 3.17962 3.18915 3.19692 3.20296 3.20728 3.20989 3.21081 3.21004 3.20755 3.20332 3.19734 3.18956 3.17995 3.16848 3.15511 3.13982 3.12261 3.10348 3.08246 3.05961 3.03501 3.00875 2.98098 2.95186 2.92158 2.89035 2.85841 2.82601 2.7934 2.76086 2.72865 2.69701 2.6662 2.63642 2.60789 2.58077 2.5552 2.53129 2.50911 2.4887 2.47009 2.45324 2.43813 2.42469 2.41284 2.40248 2.39352 2.38584 2.37935 2.37392 2.36946 2.36588 2.36309 2.36103 2.35963 2.35885 
2.35199 2.35242 2.35347 2.35518 2.35759 2.36077 2.36479 2.36974 2.37573 2.38286 2.39126 2.40104 2.41232 2.42519 2.43976 2.4561 2.47425 2.49426 2.51611 2.53977 2.56517 2.59221 2.62075 2.65062 2.68163 2.71354 2.74613 2.77913 2.81227 2.84529 2.87793 2.90993 2.94106 2.97111 2.99988 3.02721 3.05296 3.07702 3.09932 3.11979 3.13842 3.15517 3.17007 3.18312 3.19436 3.20382 3.21153 3.21751 3.2218 3.2244 3.22534 3.22459 3.22216 3.21801 3.21211 3.20443 3.19493 3.18356 3.17028 3.15508 3.13793 3.11883 3.0978 3.0749 3.0502 3.02379 2.9958 2.96641 2.93579 2.90417 2.87178 2.83887 2.8057 2.77256 2.73971 2.7074 2.6759 2.64543 2.61619 2.58837 2.56211 2.53753 2.51471 2.4937 2.47451 2.45713 2.44152 2.42763 2.41537 2.40465 2.39536 2.3874 2.38066 2.37502 2.37039 2.36666 2.36376 2.3616 2.36014 2.35932 
2.35241 2.35284 2.35393 2.3557 2.35819 2.36147 2.36563 2.37075 2.37693 2.3843 2.39298 2.40307 2.41469 2.42795 2.44295 2.45975 2.4784 2.49894 2.52135 2.5456 2.57161 2.59926 2.62842 2.65892 2.69053 2.72304 2.75618 2.78971 2.82334 2.85681 2.88984 2.92219 2.95362 2.9839 3.01286 3.04033 3.06617 3.09028 3.11259 3.13304 3.15161 3.1683 3.18312 3.1961 3.20725 3.21663 3.22427 3.23021 3.23446 3.23706 3.238 3.23729 3.2349 3.23083 3.22502 3.21744 3.20804 3.19677 3.1836 3.16849 3.15141 3.13235 3.11134 3.08842 3.06364 3.03711 3.00896 2.97934 2.94845 2.91649 2.88371 2.85036 2.81671 2.78304 2.74962 2.71673 2.68462 2.65353 2.62366 2.59522 2.56835 2.54317 2.51978 2.49822 2.47851 2.46066 2.44461 2.43031 2.41768 2.40663 2.39705 2.38883 2.38186 2.37603 2.37124 2.36738 2.36436 2.36213 2.3606 2.35975 
2.35278 2.35323 2.35435 2.35616 2.35873 2.36211 2.36638 2.37165 2.37802 2.38559 2.39451 2.40487 2.4168 2.43041 2.44578 2.46299 2.48209 2.50309 2.526 2.55076 2.5773 2.60549 2.63519 2.66622 2.69836 2.73137 2.76501 2.79899 2.83304 2.86688 2.90025 2.93289 2.96456 2.99504 3.02414 3.05171 3.07762 3.10176 3.12406 3.14448 3.163 3.17962 3.19436 3.20725 3.21833 3.22764 3.23521 3.2411 3.24532 3.2479 3.24886 3.24817 3.24584 3.24183 3.2361 3.22861 3.21931 3.20815 3.19508 3.18006 3.16305 3.14405 3.12307 3.10014 3.07532 3.0487 3.02041 2.99061 2.95949 2.92725 2.89414 2.86042 2.82636 2.79224 2.75834 2.72494 2.6923 2.66066 2.63026 2.60127 2.57386 2.54817 2.52427 2.50223 2.48207 2.46379 2.44735 2.43269 2.41973 2.40839 2.39855 2.3901 2.38294 2.37694 2.372 2.36802 2.36491 2.3626 2.36102 2.36014 
2.35312 2.35357 2.35471 2.35657 2.3592 2.36266 2.36704 2.37244 2.37896 2.38672 2.39584 2.40644 2.41863 2.43253 2.44823 2.46579 2.48527 2.50667 2.53 2.5552 2.58218 2.61084 2.641 2.67248 2.70506 2.7385 2.77254 2.8069 2.8413 2.87546 2.90911 2.94198 2.97385 3.00448 3.03371 3.06136 3.08731 3.11146 3.13375 3.15413 3.1726 3.18915 3.20382 3.21663 3.22764 3.23688 3.24439 3.25024 3.25443 3.257 3.25796 3.2573 3.25501 3.25106 3.24541 3.238 3.2288 3.21773 3.20475 3.18981 3.17288 3.15394 3.13298 3.11005 3.0852 3.05852 3.03013 3.00019 2.96888 2.93641 2.90303 2.869 2.83459 2.80009 2.76578 2.73195 2.69887 2.66678 2.63591 2.60646 2.5786 2.55246 2.52813 2.50568 2.48514 2.46649 2.44972 2.43475 2.42152 2.40992 2.39986 2.39121 2.38387 2.37773 2.37266 2.36858 2.36539 2.36301 2.3614 2.36049 
2.3534 2.35386 2.35502 2.35692 2.3596 2.36313 2.3676 2.37311 2.37975 2.38766 2.39695 2.40775 2.42017 2.43431 2.45027 2.46812 2.48791 2.50965 2.53332 2.55888 2.58623 2.61525 2.64579 2.67764 2.71058 2.74437 2.77874 2.81341 2.84809 2.8825 2.91637 2.94944 2.98146 3.01222 3.04153 3.06924 3.09522 3.11938 3.14166 3.16201 3.18043 3.19692 3.21153 3.22427 3.23521 3.24439 3.25187 3.25767 3.26184 3.2644 3.26536 3.26473 3.26247 3.25857 3.25298 3.24565 3.23653 3.22554 3.21264 3.19777 3.1809 3.16201 3.14109 3.11817 3.0933 3.06657 3.0381 3.00804 2.97657 2.94392 2.91033 2.87604 2.84136 2.80655 2.77191 2.73774 2.70429 2.67183 2.64058 2.61076 2.58252 2.55602 2.53134 2.50855 2.48769 2.46875 2.45169 2.43647 2.423 2.4112 2.40095 2.39214 2.38466 2.37839 2.37322 2.36905 2.36579 2.36337 2.36171 2.36078 
2.35363 2.35409 2.35527 2.3572 2.35992 2.36351 2.36805 2.37364 2.38039 2.38841 2.39784 2.40879 2.42138 2.43571 2.45188 2.46996 2.48999 2.51198 2.53592 2.56176 2.5894 2.61871 2.64953 2.68167 2.71489 2.74895 2.78357 2.81848 2.85338 2.88798 2.92202 2.95523 2.98738 3.01823 3.04761 3.07537 3.10137 3.12554 3.1478 3.16812 3.1865 3.20296 3.21751 3.23021 3.2411 3.25024 3.25767 3.26344 3.26759 3.27015 3.27112 3.2705 3.26828 3.26441 3.25887 3.2516 3.24253 3.23161 3.21877 3.20396 3.18714 3.16828 3.14738 3.12447 3.09958 3.07282 3.04428 3.01414 2.98256 2.94977 2.916 2.88153 2.84662 2.81158 2.77669 2.74225 2.70852 2.67577 2.64423 2.61412 2.5856 2.55881 2.53386 2.51081 2.4897 2.47052 2.45325 2.43783 2.42418 2.41221 2.40182 2.39288 2.38529 2.37892 2.37367 2.36943 2.36612 2.36365 2.36197 2.36102 
2.3538 2.35427 2.35546 2.35741 2.36016 2.36379 2.36838 2.37403 2.38085 2.38896 2.39849 2.40955 2.42226 2.43673 2.45305 2.47129 2.49148 2.51366 2.53779 2.56382 2.59166 2.62118 2.6522 2.68454 2.71796 2.75221 2.78701 2.82208 2.85713 2.89187 2.92604 2.95935 2.99158 3.0225 3.05194 3.07973 3.10576 3.12993 3.15218 3.17249 3.19085 3.20728 3.2218 3.23446 3.24532 3.25443 3.26184 3.26759 3.27173 3.27429 3.27526 3.27465 3.27245 3.26861 3.26311 3.25587 3.24684 3.23596 3.22316 3.20839 3.1916 3.17277 3.15188 3.12896 3.10407 3.07727 3.04869 3.01848 2.98682 2.95392 2.92003 2.88542 2.85037 2.81516 2.78009 2.74545 2.71153 2.67858 2.64684 2.61651 2.58779 2.5608 2.53566 2.51243 2.49114 2.4718 2.45437 2.43881 2.42504 2.41295 2.40245 2.39342 2.38575 2.37931 2.374 2.36972 2.36636 2.36387 2.36216 2.3612 
2.35391 2.35439 2.35559 2.35755 2.36032 2.36397 2.36859 2.37428 2.38115 2.38931 2.39889 2.41002 2.4228 2.43735 2.45375 2.47208 2.49238 2.51466 2.5389 2.56505 2.593 2.62263 2.65378 2.68623 2.71976 2.75411 2.78902 2.82419 2.85933 2.89416 2.9284 2.96178 2.99406 3.02503 3.0545 3.08232 3.10837 3.13255 3.15481 3.17512 3.19348 3.20989 3.2244 3.23706 3.2479 3.257 3.2644 3.27015 3.27429 3.27684 3.27781 3.27721 3.27502 3.2712 3.26571 3.25849 3.24948 3.23861 3.22583 3.21107 3.19429 3.17546 3.15458 3.13165 3.10674 3.07991 3.0513 3.02104 2.98932 2.95636 2.9224 2.88771 2.85256 2.81725 2.78208 2.74733 2.71329 2.68023 2.64837 2.61793 2.58909 2.56198 2.53673 2.51339 2.492 2.47257 2.45505 2.43941 2.42556 2.4134 2.40284 2.39376 2.38604 2.37956 2.37421 2.3699 2.36652 2.364 2.36228 2.36131 
