3.64215 3.64235 3.64258 3.64283 3.6431 3.64338 3.64369 3.64403 3.64438 3.64476 3.64517 3.64561 3.64608 3.64659 3.64713 3.64772 3.64835 3.64903 3.64976 3.65054 3.65138 3.65227 3.65322 3.65423 3.65529 3.65641 3.65757 3.65879 3.66005 3.66135 3.66268 3.66403 3.66541 3.66679 3.66817 3.66955 3.6709 3.67223 3.67351 3.67474 3.67591 3.677 3.67801 3.67894 3.67976 3.68047 3.68107 3.68154 3.6819 3.68212 3.68222 3.68218 3.68201 3.68172 3.68129 3.68075 3.68009 3.67933 3.67846 3.6775 3.67645 3.67533 3.67415 3.67292 3.67164 3.67033 3.669 3.66766 3.66632 3.66498 3.66367 3.66239 3.66113 3.65992 3.65876 3.65765 3.6566 3.65561 3.65469 3.65383 3.65304 3.65232 3.65166 3.65107 3.65055 3.6501 3.64971 3.64938 3.6491 3.64888 3.64872 3.6486 3.64852 3.64849 3.6485 3.64854 3.64862 3.64872 3.64886 3.64902 
3.64235 3.64256 3.64279 3.64303 3.6433 3.64359 3.6439 3.64423 3.64459 3.64497 3.64538 3.64582 3.6463 3.64681 3.64736 3.64795 3.64858 3.64927 3.65001 3.6508 3.65164 3.65255 3.65351 3.65452 3.6556 3.65673 3.65791 3.65914 3.66041 3.66173 3.66308 3.66445 3.66585 3.66725 3.66865 3.67004 3.67142 3.67276 3.67406 3.67531 3.67649 3.6776 3.67863 3.67956 3.6804 3.68112 3.68173 3.68221 3.68257 3.68279 3.68289 3.68285 3.68268 3.68238 3.68195 3.6814 3.68073 3.67996 3.67907 3.6781 3.67704 3.6759 3.67471 3.67345 3.67216 3.67083 3.66948 3.66812 3.66676 3.66541 3.66408 3.66277 3.66151 3.66028 3.6591 3.65798 3.65691 3.65591 3.65497 3.65411 3.6533 3.65257 3.65191 3.65132 3.65079 3.65033 3.64994 3.6496 3.64932 3.6491 3.64893 3.64881 3.64873 3.6487 3.64871 3.64875 3.64882 3.64893 3.64906 3.64922 
3.64258 3.64279 3.64301 3.64326 3.64354 3.64383 3.64414 3.64448 3.64484 3.64523 3.64565 3.64611 3.64659 3.64712 3.64769 3.6483 3.64896 3.64967 3.65043 3.65125 3.65213 3.65306 3.65406 3.65512 3.65623 3.65741 3.65863 3.65991 3.66124 3.66261 3.66401 3.66544 3.66688 3.66834 3.6698 3.67125 3.67267 3.67407 3.67542 3.67671 3.67794 3.6791 3.68016 3.68113 3.68199 3.68274 3.68337 3.68387 3.68424 3.68448 3.68457 3.68453 3.68435 3.68404 3.68359 3.68302 3.68233 3.68152 3.6806 3.67959 3.67849 3.67731 3.67606 3.67476 3.67341 3.67203 3.67063 3.66921 3.6678 3.6664 3.66501 3.66366 3.66234 3.66106 3.65983 3.65867 3.65756 3.65651 3.65554 3.65463 3.6538 3.65304 3.65234 3.65172 3.65117 3.65069 3.65028 3.64992 3.64963 3.64939 3.64921 3.64908 3.64899 3.64895 3.64895 3.64899 3.64906 3.64916 3.64929 3.64945 
3.64283 3.64303 3.64326 3.64352 3.64379 3.64409 3.64442 3.64477 3.64514 3.64555 3.64599 3.64646 3.64697 3.64752 3.64812 3.64877 3.64947 3.65022 3.65103 3.6519 3.65283 3.65383 3.65489 3.65601 3.6572 3.65845 3.65976 3.66112 3.66253 3.66398 3.66547 3.66699 3.66853 3.67008 3.67163 3.67317 3.67468 3.67616 3.67759 3.67896 3.68027 3.68149 3.68262 3.68364 3.68456 3.68535 3.68601 3.68654 3.68693 3.68718 3.68728 3.68723 3.68704 3.68671 3.68623 3.68562 3.68489 3.68402 3.68305 3.68197 3.6808 3.67955 3.67823 3.67684 3.67541 3.67394 3.67245 3.67095 3.66945 3.66795 3.66648 3.66504 3.66363 3.66227 3.66097 3.65972 3.65854 3.65742 3.65638 3.65541 3.65452 3.6537 3.65296 3.65229 3.6517 3.65118 3.65073 3.65034 3.65002 3.64976 3.64956 3.64941 3.6493 3.64925 3.64923 3.64926 3.64932 3.64942 3.64954 3.6497 
3.6431 3.6433 3.64354 3.64379 3.64408 3.64439 3.64472 3.64509 3.64549 3.64592 3.64638 3.64689 3.64743 3.64803 3.64867 3.64937 3.65012 3.65093 3.65181 3.65276 3.65377 3.65485 3.656 3.65722 3.65851 3.65987 3.66128 3.66276 3.66429 3.66587 3.66749 3.66913 3.6708 3.67248 3.67415 3.67581 3.67745 3.67905 3.6806 3.68208 3.68349 3.6848 3.68602 3.68712 3.68811 3.68896 3.68967 3.69024 3.69066 3.69092 3.69103 3.69097 3.69076 3.6904 3.68989 3.68923 3.68843 3.68749 3.68644 3.68528 3.68401 3.68265 3.68122 3.67972 3.67817 3.67658 3.67497 3.67334 3.67171 3.67009 3.66849 3.66693 3.6654 3.66392 3.66251 3.66115 3.65986 3.65865 3.65751 3.65645 3.65548 3.65458 3.65377 3.65303 3.65238 3.6518 3.6513 3.65087 3.6505 3.65021 3.64997 3.64979 3.64966 3.64959 3.64955 3.64957 3.64962 3.6497 3.64982 3.64997 
3.64338 3.64359 3.64383 3.64409 3.64439 3.64471 3.64507 3.64545 3.64588 3.64634 3.64684 3.64739 3.64798 3.64863 3.64933 3.6501 3.65092 3.65182 3.65278 3.65382 3.65494 3.65613 3.6574 3.65875 3.66017 3.66167 3.66323 3.66486 3.66655 3.66829 3.67006 3.67188 3.67371 3.67555 3.67739 3.67921 3.68101 3.68276 3.68446 3.68608 3.68762 3.68906 3.69039 3.69159 3.69267 3.6936 3.69437 3.69499 3.69544 3.69573 3.69584 3.69578 3.69554 3.69514 3.69457 3.69385 3.69297 3.69195 3.69079 3.68951 3.68812 3.68663 3.68506 3.68342 3.68171 3.67997 3.67819 3.6764 3.67461 3.67283 3.67107 3.66934 3.66766 3.66603 3.66446 3.66296 3.66154 3.6602 3.65893 3.65776 3.65667 3.65568 3.65477 3.65394 3.65321 3.65256 3.65199 3.6515 3.65108 3.65073 3.65045 3.65023 3.65007 3.64997 3.64991 3.6499 3.64994 3.65001 3.65012 3.65026 
3.64369 3.6439 3.64414 3.64442 3.64472 3.64507 3.64544 3.64586 3.64632 3.64682 3.64737 3.64797 3.64862 3.64934 3.65011 3.65096 3.65188 3.65288 3.65396 3.65512 3.65636 3.65769 3.65911 3.66062 3.6622 3.66387 3.66562 3.66743 3.66931 3.67125 3.67323 3.67524 3.67728 3.67932 3.68137 3.68339 3.68538 3.68732 3.68919 3.69099 3.69269 3.69428 3.69575 3.69708 3.69826 3.69928 3.70014 3.70082 3.70131 3.70162 3.70174 3.70167 3.70141 3.70096 3.70033 3.69952 3.69854 3.69741 3.69613 3.69471 3.69317 3.69152 3.68977 3.68795 3.68606 3.68412 3.68215 3.68016 3.67817 3.67618 3.67422 3.6723 3.67043 3.66861 3.66686 3.66518 3.66359 3.66208 3.66067 3.65935 3.65812 3.657 3.65597 3.65504 3.6542 3.65346 3.6528 3.65223 3.65175 3.65134 3.651 3.65074 3.65054 3.6504 3.65031 3.65027 3.65029 3.65034 3.65044 3.65058 
3.64403 3.64423 3.64448 3.64477 3.64509 3.64545 3.64586 3.64631 3.64681 3.64736 3.64796 3.64863 3.64936 3.65015 3.65102 3.65197 3.65301 3.65413 3.65534 3.65664 3.65804 3.65954 3.66114 3.66283 3.66462 3.6665 3.66846 3.6705 3.67261 3.67478 3.677 3.67925 3.68153 3.68382 3.6861 3.68836 3.69058 3.69275 3.69484 3.69684 3.69873 3.7005 3.70213 3.70361 3.70492 3.70605 3.707 3.70775 3.70829 3.70863 3.70876 3.70867 3.70838 3.70788 3.70717 3.70627 3.70518 3.70391 3.70248 3.7009 3.69918 3.69733 3.69538 3.69334 3.69123 3.68906 3.68686 3.68463 3.6824 3.68018 3.67798 3.67582 3.67372 3.67167 3.6697 3.66781 3.66602 3.66432 3.66272 3.66122 3.65983 3.65855 3.65738 3.65632 3.65536 3.6545 3.65375 3.65309 3.65252 3.65203 3.65163 3.65131 3.65106 3.65087 3.65075 3.65068 3.65067 3.6507 3.65079 3.65091 
3.64438 3.64459 3.64484 3.64514 3.64549 3.64588 3.64632 3.64681 3.64736 3.64796 3.64864 3.64938 3.65019 3.65109 3.65207 3.65314 3.6543 3.65557 3.65694 3.65842 3.66 3.6617 3.6635 3.66542 3.66744 3.66956 3.67177 3.67408 3.67646 3.6789 3.6814 3.68394 3.6865 3.68907 3.69163 3.69417 3.69666 3.69908 3.70142 3.70365 3.70577 3.70774 3.70956 3.71121 3.71267 3.71393 3.71499 3.71582 3.71642 3.71679 3.71693 3.71683 3.7165 3.71593 3.71513 3.71412 3.7129 3.71148 3.70988 3.7081 3.70617 3.70411 3.70192 3.69963 3.69726 3.69483 3.69235 3.68985 3.68734 3.68484 3.68236 3.67993 3.67755 3.67525 3.67302 3.67088 3.66885 3.66692 3.6651 3.6634 3.66182 3.66036 3.65902 3.6578 3.6567 3.65571 3.65483 3.65406 3.65339 3.65282 3.65234 3.65195 3.65163 3.6514 3.65123 3.65112 3.65108 3.65109 3.65116 3.65127 
3.64476 3.64497 3.64523 3.64555 3.64592 3.64634 3.64682 3.64736 3.64796 3.64864 3.64939 3.65022 3.65114 3.65214 3.65325 3.65446 3.65578 3.65722 3.65877 3.66045 3.66225 3.66417 3.66622 3.66839 3.67068 3.67308 3.67559 3.67819 3.68088 3.68364 3.68646 3.68932 3.69221 3.6951 3.69798 3.70083 3.70362 3.70634 3.70897 3.71147 3.71384 3.71605 3.71808 3.71992 3.72155 3.72296 3.72413 3.72505 3.72573 3.72614 3.72628 3.72617 3.72578 3.72514 3.72425 3.72311 3.72174 3.72015 3.71835 3.71635 3.71419 3.71187 3.70941 3.70684 3.70418 3.70144 3.69865 3.69583 3.693 3.69018 3.68739 3.68464 3.68196 3.67935 3.67683 3.67441 3.6721 3.6699 3.66784 3.6659 3.6641 3.66242 3.66089 3.65949 3.65822 3.65708 3.65606 3.65516 3.65438 3.65371 3.65313 3.65266 3.65228 3.65198 3.65176 3.65161 3.65153 3.65151 3.65156 3.65166 
3.64517 3.64538 3.64565 3.64599 3.64638 3.64684 3.64737 3.64796 3.64864 3.64939 3.65023 3.65116 3.6522 3.65334 3.65459 3.65596 3.65746 3.65909 3.66086 3.66276 3.6648 3.66699 3.66931 3.67177 3.67437 3.67709 3.67993 3.68287 3.68591 3.68903 3.69221 3.69543 3.69869 3.70194 3.70518 3.70838 3.71152 3.71457 3.71751 3.72031 3.72296 3.72544 3.72771 3.72977 3.73159 3.73315 3.73446 3.73549 3.73623 3.73669 3.73684 3.73671 3.73628 3.73555 3.73455 3.73327 3.73173 3.72994 3.72792 3.72568 3.72325 3.72065 3.71789 3.715 3.712 3.70893 3.70579 3.70261 3.69943 3.69625 3.69309 3.68999 3.68696 3.684 3.68115 3.6784 3.67578 3.67329 3.67094 3.66873 3.66667 3.66476 3.66301 3.6614 3.65994 3.65862 3.65744 3.6564 3.65548 3.65469 3.65402 3.65345 3.65298 3.65261 3.65233 3.65214 3.65202 3.65197 3.65199 3.65208 
3.64561 3.64582 3.64611 3.64646 3.64689 3.64739 3.64797 3.64863 3.64938 3.65022 3.65116 3.65222 3.65338 3.65467 3.65609 3.65765 3.65935 3.6612 3.6632 3.66536 3.66768 3.67016 3.67279 3.67558 3.67852 3.6816 3.68481 3.68813 3.69156 3.69508 3.69866 3.7023 3.70596 3.70962 3.71326 3.71685 3.72036 3.72378 3.72707 3.73021 3.73318 3.73594 3.73848 3.74077 3.7428 3.74455 3.746 3.74714 3.74797 3.74847 3.74864 3.74848 3.74799 3.74718 3.74605 3.74462 3.74289 3.74089 3.73862 3.73611 3.73339 3.73047 3.72737 3.72413 3.72077 3.71731 3.71378 3.71021 3.70663 3.70305 3.69949 3.69599 3.69257 3.68923 3.686 3.6829 3.67993 3.6771 3.67443 3.67192 3.66957 3.66739 3.66538 3.66354 3.66186 3.66035 3.65899 3.65778 3.65672 3.65579 3.65499 3.65432 3.65376 3.65331 3.65296 3.65271 3.65254 3.65246 3.65246 3.65253 
3.64608 3.6463 3.64659 3.64697 3.64743 3.64798 3.64862 3.64936 3.65019 3.65114 3.6522 3.65338 3.6547 3.65616 3.65777 3.65953 3.66146 3.66355 3.66582 3.66827 3.6709 3.6737 3.67668 3.67984 3.68316 3.68663 3.69025 3.694 3.69787 3.70183 3.70586 3.70994 3.71404 3.71815 3.72223 3.72625 3.73019 3.73401 3.73769 3.74119 3.7445 3.74757 3.7504 3.75296 3.75521 3.75716 3.75877 3.76004 3.76095 3.7615 3.76168 3.7615 3.76095 3.76004 3.75878 3.75717 3.75524 3.753 3.75047 3.74767 3.74462 3.74135 3.73789 3.73426 3.73049 3.72662 3.72266 3.71866 3.71463 3.71061 3.70661 3.70267 3.69881 3.69505 3.69141 3.6879 3.68454 3.68134 3.67832 3.67547 3.6728 3.67032 3.66803 3.66593 3.66401 3.66227 3.6607 3.65931 3.65808 3.657 3.65607 3.65528 3.65462 3.65408 3.65365 3.65333 3.65311 3.65299 3.65296 3.65301 
3.64659 3.64681 3.64712 3.64752 3.64803 3.64863 3.64934 3.65015 3.65109 3.65214 3.65334 3.65467 3.65616 3.6578 3.65962 3.66161 3.66379 3.66616 3.66873 3.6715 3.67447 3.67764 3.681 3.68456 3.6883 3.69221 3.69629 3.7005 3.70484 3.70928 3.7138 3.71838 3.72297 3.72756 3.73212 3.73661 3.741 3.74526 3.74936 3.75326 3.75694 3.76036 3.7635 3.76634 3.76884 3.77099 3.77278 3.77418 3.77519 3.77579 3.77599 3.77578 3.77517 3.77415 3.77274 3.77095 3.7688 3.7663 3.76348 3.76036 3.75696 3.75332 3.74945 3.7454 3.7412 3.73687 3.73245 3.72796 3.72346 3.71895 3.71447 3.71005 3.70572 3.70149 3.69739 3.69344 3.68965 3.68604 3.68262 3.6794 3.67638 3.67356 3.67096 3.66857 3.66638 3.66439 3.6626 3.661 3.65958 3.65834 3.65726 3.65633 3.65555 3.65491 3.6544 3.65401 3.65373 3.65356 3.6535 3.65353 
3.64713 3.64736 3.64769 3.64812 3.64867 3.64933 3.65011 3.65102 3.65207 3.65325 3.65459 3.65609 3.65777 3.65962 3.66167 3.66392 3.66638 3.66905 3.67194 3.67506 3.67841 3.68197 3.68576 3.68976 3.69396 3.69835 3.70292 3.70765 3.7125 3.71747 3.72252 3.72763 3.73276 3.73787 3.74295 3.74794 3.75283 3.75756 3.76211 3.76644 3.77051 3.7743 3.77778 3.78092 3.78369 3.78606 3.78804 3.78958 3.79069 3.79136 3.79157 3.79133 3.79064 3.78951 3.78794 3.78596 3.78357 3.7808 3.77766 3.77419 3.77042 3.76637 3.76208 3.75757 3.75289 3.74807 3.74314 3.73815 3.73312 3.72808 3.72308 3.71814 3.71329 3.70855 3.70395 3.69952 3.69526 3.6912 3.68735 3.68372 3.68031 3.67713 3.67419 3.67147 3.66899 3.66673 3.66469 3.66286 3.66123 3.6598 3.65856 3.65748 3.65658 3.65582 3.65521 3.65474 3.6544 3.65418 3.65408 3.65408 
3.64772 3.64795 3.6483 3.64877 3.64937 3.6501 3.65096 3.65197 3.65314 3.65446 3.65596 3.65765 3.65953 3.66161 3.66392 3.66645 3.66921 3.67222 3.67547 3.67897 3.68273 3.68673 3.69097 3.69545 3.70016 3.70507 3.71017 3.71545 3.72086 3.7264 3.73202 3.7377 3.7434 3.74909 3.75472 3.76026 3.76566 3.7709 3.77593 3.78072 3.78522 3.7894 3.79324 3.7967 3.79975 3.80236 3.80453 3.80623 3.80745 3.80817 3.8084 3.80813 3.80737 3.80611 3.80438 3.80219 3.79954 3.79648 3.79301 3.78918 3.785 3.78052 3.77576 3.77077 3.76558 3.76023 3.75476 3.74921 3.74362 3.73802 3.73245 3.72695 3.72154 3.71625 3.71112 3.70616 3.7014 3.69685 3.69253 3.68845 3.68462 3.68104 3.67772 3.67466 3.67185 3.66929 3.66697 3.66489 3.66304 3.6614 3.65997 3.65874 3.65769 3.65681 3.6561 3.65554 3.65512 3.65485 3.6547 3.65469 
3.64835 3.64858 3.64896 3.64947 3.65012 3.65092 3.65188 3.65301 3.6543 3.65578 3.65746 3.65935 3.66146 3.66379 3.66638 3.66921 3.67231 3.67568 3.67932 3.68324 3.68744 3.69191 3.69665 3.70165 3.7069 3.71237 3.71805 3.72392 3.72993 3.73608 3.74232 3.74861 3.75492 3.7612 3.76743 3.77354 3.77951 3.78528 3.79083 3.79609 3.80105 3.80565 3.80986 3.81366 3.817 3.81988 3.82225 3.82411 3.82544 3.82623 3.82648 3.82618 3.82533 3.82395 3.82204 3.81962 3.81671 3.81333 3.80952 3.80529 3.80069 3.79574 3.7905 3.78499 3.77926 3.77335 3.76731 3.76117 3.75498 3.74877 3.7426 3.73649 3.73048 3.7246 3.71889 3.71336 3.70805 3.70298 3.69815 3.69359 3.6893 3.68529 3.68156 3.67812 3.67496 3.67207 3.66946 3.66711 3.665 3.66314 3.66151 3.6601 3.65889 3.65788 3.65705 3.6564 3.6559 3.65557 3.65538 3.65533 
3.64903 3.64927 3.64967 3.65022 3.65093 3.65182 3.65288 3.65413 3.65557 3.65722 3.65909 3.6612 3.66355 3.66616 3.66905 3.67222 3.67568 3.67944 3.6835 3.68788 3.69255 3.69753 3.70281 3.70837 3.71419 3.72026 3.72656 3.73305 3.73971 3.74651 3.75339 3.76034 3.76729 3.77422 3.78107 3.78779 3.79435 3.80069 3.80677 3.81255 3.81798 3.82301 3.82763 3.83178 3.83543 3.83857 3.84116 3.84319 3.84464 3.8455 3.84576 3.84542 3.84449 3.84297 3.84088 3.83823 3.83504 3.83134 3.82715 3.82251 3.81746 3.81204 3.80628 3.80022 3.79392 3.78742 3.78077 3.774 3.76717 3.76033 3.75351 3.74675 3.7401 3.7336 3.72726 3.72114 3.71524 3.7096 3.70423 3.69915 3.69437 3.68989 3.68573 3.68188 3.67833 3.67509 3.67215 3.6695 3.66713 3.66503 3.66318 3.66158 3.6602 3.65904 3.65809 3.65732 3.65674 3.65634 3.6561 3.65603 
3.64976 3.65001 3.65043 3.65103 3.65181 3.65278 3.65396 3.65534 3.65694 3.65877 3.66086 3.6632 3.66582 3.66873 3.67194 3.67547 3.67932 3.6835 3.68802 3.69288 3.69807 3.70359 3.70944 3.71559 3.72203 3.72874 3.73569 3.74286 3.7502 3.75768 3.76525 3.77288 3.78052 3.78812 3.79563 3.80299 3.81017 3.8171 3.82375 3.83005 3.83597 3.84147 3.84649 3.85101 3.85499 3.85841 3.86122 3.86343 3.865 3.86593 3.86621 3.86584 3.86482 3.86316 3.86087 3.85797 3.85449 3.85045 3.84588 3.84082 3.8353 3.82937 3.82307 3.81644 3.80954 3.80242 3.79512 3.7877 3.7802 3.77268 3.76517 3.75774 3.75041 3.74324 3.73625 3.72948 3.72296 3.71672 3.71077 3.70514 3.69983 3.69485 3.69022 3.68592 3.68197 3.67835 3.67506 3.67209 3.66943 3.66707 3.66498 3.66317 3.66161 3.66029 3.6592 3.65832 3.65765 3.65717 3.65688 3.65677 
3.65054 3.6508 3.65125 3.6519 3.65276 3.65382 3.65512 3.65664 3.65842 3.66045 3.66276 3.66536 3.66827 3.6715 3.67506 3.67897 3.68324 3.68788 3.69288 3.69825 3.70399 3.71009 3.71654 3.72332 3.73042 3.7378 3.74545 3.75332 3.76137 3.76957 3.77787 3.78622 3.79458 3.80287 3.81107 3.8191 3.82692 3.83447 3.8417 3.84856 3.85499 3.86096 3.86641 3.87131 3.87563 3.87933 3.88238 3.88476 3.88646 3.88746 3.88776 3.88735 3.88624 3.88443 3.88195 3.8788 3.87502 3.87063 3.86566 3.86015 3.85415 3.84769 3.84083 3.83361 3.82609 3.81831 3.81034 3.80223 3.79403 3.7858 3.77758 3.76943 3.7614 3.75352 3.74584 3.73839 3.73121 3.72433 3.71776 3.71154 3.70567 3.70016 3.69503 3.69026 3.68587 3.68185 3.67819 3.67487 3.6719 3.66925 3.66692 3.66488 3.66312 3.66163 3.66039 3.65939 3.65862 3.65806 3.65772 3.65757 
3.65138 3.65164 3.65213 3.65283 3.65377 3.65494 3.65636 3.65804 3.66 3.66225 3.6648 3.66768 3.6709 3.67447 3.67841 3.68273 3.68744 3.69255 3.69807 3.70399 3.71031 3.71702 3.72411 3.73156 3.73934 3.74744 3.75581 3.76442 3.77322 3.78217 3.79123 3.80033 3.80942 3.81845 3.82736 3.83609 3.84457 3.85276 3.86059 3.86802 3.87498 3.88143 3.88732 3.89262 3.89728 3.90126 3.90455 3.90712 3.90895 3.91003 3.91034 3.90989 3.90869 3.90674 3.90405 3.90064 3.89655 3.8918 3.88642 3.88046 3.87395 3.86696 3.85951 3.85168 3.84351 3.83507 3.8264 3.81758 3.80865 3.79967 3.79071 3.78181 3.77303 3.76441 3.756 3.74785 3.73997 3.73242 3.72521 3.71836 3.7119 3.70583 3.70016 3.6949 3.69004 3.68559 3.68153 3.67785 3.67454 3.67159 3.66899 3.66671 3.66474 3.66306 3.66166 3.66053 3.65965 3.65901 3.65861 3.65843 
3.65227 3.65255 3.65306 3.65383 3.65485 3.65613 3.65769 3.65954 3.6617 3.66417 3.66699 3.67016 3.6737 3.67764 3.68197 3.68673 3.69191 3.69753 3.70359 3.71009 3.71702 3.72437 3.73213 3.74028 3.74879 3.75762 3.76675 3.77613 3.78571 3.79545 3.80528 3.81516 3.82502 3.83481 3.84445 3.85389 3.86306 3.8719 3.88035 3.88836 3.89586 3.9028 3.90915 3.91484 3.91985 3.92414 3.92767 3.93043 3.93239 3.93354 3.93387 3.93339 3.93209 3.92998 3.92708 3.92342 3.91901 3.91389 3.9081 3.90167 3.89465 3.8871 3.87906 3.8706 3.86177 3.85263 3.84325 3.83368 3.824 3.81426 3.80452 3.79484 3.78529 3.7759 3.76674 3.75783 3.74924 3.74097 3.73308 3.72558 3.7185 3.71183 3.70561 3.69982 3.69447 3.68956 3.68508 3.68101 3.67735 3.67408 3.67119 3.66865 3.66646 3.66459 3.66302 3.66175 3.66076 3.66003 3.65956 3.65934 
3.65322 3.65351 3.65406 3.65489 3.656 3.6574 3.65911 3.66114 3.6635 3.66622 3.66931 3.67279 3.67668 3.681 3.68576 3.69097 3.69665 3.70281 3.70944 3.71654 3.72411 3.73213 3.74059 3.74947 3.75872 3.76833 3.77824 3.78842 3.79881 3.80935 3.82 3.83068 3.84133 3.85188 3.86228 3.87244 3.88231 3.89182 3.9009 3.9095 3.91755 3.925 3.9318 3.9379 3.94326 3.94785 3.95163 3.95457 3.95667 3.9579 3.95825 3.95773 3.95633 3.95407 3.95097 3.94703 3.94231 3.93681 3.9306 3.92369 3.91616 3.90804 3.8994 3.89029 3.88078 3.87094 3.86082 3.85049 3.84003 3.8295 3.81897 3.80849 3.79814 3.78795 3.778 3.76833 3.75897 3.74998 3.74138 3.7332 3.72546 3.71817 3.71136 3.70502 3.69916 3.69376 3.68884 3.68436 3.68033 3.67672 3.67353 3.67072 3.66829 3.66621 3.66446 3.66304 3.66193 3.66111 3.66057 3.66031 
3.65423 3.65452 3.65512 3.65601 3.65722 3.65875 3.66062 3.66283 3.66542 3.66839 3.67177 3.67558 3.67984 3.68456 3.68976 3.69545 3.70165 3.70837 3.71559 3.72332 3.73156 3.74028 3.74947 3.75909 3.76913 3.77953 3.79026 3.80125 3.81247 3.82384 3.83531 3.84681 3.85827 3.86961 3.88077 3.89168 3.90226 3.91244 3.92217 3.93136 3.93996 3.94792 3.95518 3.96169 3.96741 3.97229 3.97632 3.97946 3.98169 3.98299 3.98336 3.9828 3.98131 3.9789 3.97558 3.97139 3.96634 3.96047 3.95382 3.94645 3.93839 3.9297 3.92044 3.91069 3.90049 3.88992 3.87905 3.86795 3.8567 3.84536 3.83401 3.82271 3.81153 3.80053 3.78977 3.77929 3.76916 3.7594 3.75007 3.74118 3.73276 3.72483 3.7174 3.71049 3.70408 3.69819 3.6928 3.6879 3.68347 3.67951 3.67599 3.6729 3.67022 3.66792 3.66599 3.66441 3.66317 3.66225 3.66164 3.66134 
3.65529 3.6556 3.65623 3.6572 3.65851 3.66017 3.6622 3.66462 3.66744 3.67068 3.67437 3.67852 3.68316 3.6883 3.69396 3.70016 3.7069 3.71419 3.72203 3.73042 3.73934 3.74879 3.75872 3.76913 3.77996 3.79118 3.80274 3.81458 3.82664 3.83886 3.85117 3.8635 3.87578 3.88792 3.89986 3.91151 3.92281 3.93367 3.94404 3.95383 3.96299 3.97146 3.97917 3.98609 3.99216 3.99735 4.00163 4.00496 4.00732 4.0087 4.00909 4.00849 4.00691 4.00434 4.00082 3.99636 3.99099 3.98475 3.97767 3.96982 3.96123 3.95197 3.9421 3.93168 3.92079 3.90949 3.89787 3.88599 3.87393 3.86177 3.84958 3.83745 3.82542 3.81358 3.80199 3.79069 3.77976 3.76922 3.75912 3.7495 3.74038 3.73178 3.72372 3.71621 3.70924 3.70283 3.69695 3.6916 3.68677 3.68244 3.67859 3.6752 3.67225 3.66972 3.66759 3.66585 3.66447 3.66345 3.66277 3.66242 
3.65641 3.65673 3.65741 3.65845 3.65987 3.66167 3.66387 3.6665 3.66956 3.67308 3.67709 3.6816 3.68663 3.69221 3.69835 3.70507 3.71237 3.72026 3.72874 3.7378 3.74744 3.75762 3.76833 3.77953 3.79118 3.80324 3.81564 3.82834 3.84126 3.85434 3.8675 3.88068 3.89378 3.90673 3.91944 3.93185 3.94386 3.95541 3.96641 3.97681 3.98652 3.99549 4.00367 4.01099 4.01742 4.0229 4.02742 4.03094 4.03343 4.03489 4.03531 4.03467 4.03299 4.03027 4.02654 4.02182 4.01613 4.00952 4.00203 3.9937 3.98459 3.97475 3.96427 3.95319 3.9416 3.92957 3.91718 3.90451 3.89164 3.87865 3.86562 3.85263 3.83975 3.82706 3.81461 3.80249 3.79073 3.77939 3.76851 3.75814 3.7483 3.73901 3.7303 3.72216 3.71462 3.70766 3.70128 3.69547 3.69021 3.6855 3.6813 3.6776 3.67437 3.67161 3.66927 3.66736 3.66584 3.66471 3.66395 3.66356 
3.65757 3.65791 3.65863 3.65976 3.66128 3.66323 3.66562 3.66846 3.67177 3.67559 3.67993 3.68481 3.69025 3.69629 3.70292 3.71017 3.71805 3.72656 3.73569 3.74545 3.75581 3.76675 3.77824 3.79026 3.80274 3.81564 3.82891 3.84247 3.85626 3.87021 3.88423 3.89825 3.91218 3.92593 3.93943 3.95258 3.96531 3.97754 3.98918 4.00017 4.01043 4.0199 4.02853 4.03625 4.04302 4.04881 4.05357 4.05727 4.0599 4.06143 4.06186 4.06119 4.05942 4.05656 4.05263 4.04764 4.04165 4.03467 4.02676 4.01796 4.00833 3.99793 3.98683 3.9751 3.96282 3.95006 3.9369 3.92344 3.90976 3.89593 3.88205 3.8682 3.85446 3.8409 3.82759 3.81462 3.80202 3.78986 3.77819 3.76705 3.75647 3.74648 3.7371 3.72833 3.72019 3.71267 3.70577 3.69948 3.69379 3.68868 3.68412 3.6801 3.67659 3.67357 3.67103 3.66893 3.66727 3.66603 3.66519 3.66474 
3.65879 3.65914 3.65991 3.66112 3.66276 3.66486 3.66743 3.6705 3.67408 3.67819 3.68287 3.68813 3.694 3.7005 3.70765 3.71545 3.72392 3.73305 3.74286 3.75332 3.76442 3.77613 3.78842 3.80125 3.81458 3.82834 3.84247 3.85691 3.87157 3.88639 3.90127 3.91613 3.93089 3.94545 3.95972 3.97362 3.98705 3.99995 4.01222 4.02379 4.03459 4.04456 4.05362 4.06174 4.06885 4.07493 4.07992 4.08381 4.08656 4.08817 4.08862 4.08792 4.08606 4.08305 4.07892 4.07369 4.06739 4.06005 4.05173 4.04247 4.03233 4.02138 4.00967 3.9973 3.98433 3.97084 3.95693 3.94268 3.92818 3.91352 3.89879 3.88408 3.86946 3.85503 3.84086 3.82703 3.81359 3.8006 3.78813 3.77621 3.76488 3.75416 3.74409 3.73468 3.72593 3.71784 3.71041 3.70363 3.69749 3.69196 3.68704 3.68268 3.67888 3.67561 3.67285 3.67057 3.66876 3.6674 3.66648 3.66598 
3.66005 3.66041 3.66124 3.66253 3.66429 3.66655 3.66931 3.67261 3.67646 3.68088 3.68591 3.69156 3.69787 3.70484 3.7125 3.72086 3.72993 3.73971 3.7502 3.76137 3.77322 3.78571 3.79881 3.81247 3.82664 3.84126 3.85626 3.87157 3.88711 3.90279 3.91853 3.93423 3.94981 3.96516 3.9802 3.99483 4.00896 4.02252 4.0354 4.04755 4.05888 4.06932 4.07882 4.08731 4.09476 4.10111 4.10634 4.1104 4.11328 4.11496 4.11543 4.1147 4.11275 4.10961 4.10529 4.09982 4.09322 4.08554 4.07682 4.06711 4.05647 4.04497 4.03268 4.01966 4.00602 3.99182 3.97716 3.96213 3.94682 3.93133 3.91575 3.90018 3.8847 3.8694 3.85436 3.83966 3.82537 3.81155 3.79826 3.78555 3.77346 3.76202 3.75126 3.74118 3.73181 3.72314 3.71517 3.70789 3.70129 3.69535 3.69004 3.68535 3.68125 3.67772 3.67473 3.67226 3.67029 3.66881 3.66781 3.66726 
3.66135 3.66173 3.66261 3.66398 3.66587 3.66829 3.67125 3.67478 3.6789 3.68364 3.68903 3.69508 3.70183 3.70928 3.71747 3.7264 3.73608 3.74651 3.75768 3.76957 3.78217 3.79545 3.80935 3.82384 3.83886 3.85434 3.87021 3.88639 3.90279 3.91933 3.93592 3.95245 3.96883 3.98496 4.00075 4.0161 4.03092 4.04511 4.0586 4.0713 4.08314 4.09405 4.10397 4.11283 4.1206 4.12722 4.13267 4.1369 4.1399 4.14166 4.14215 4.14138 4.13936 4.13608 4.13158 4.12587 4.11899 4.11098 4.10187 4.09173 4.08061 4.06858 4.05571 4.04208 4.02777 4.01287 3.99747 3.98168 3.96557 3.94927 3.93285 3.91642 3.90008 3.88391 3.868 3.85244 3.8373 3.82265 3.80855 3.79504 3.78219 3.77001 3.75855 3.74781 3.73781 3.72855 3.72003 3.71225 3.70518 3.69881 3.69312 3.68808 3.68367 3.67987 3.67666 3.674 3.67187 3.67027 3.66918 3.66858 
3.66268 3.66308 3.66401 3.66547 3.66749 3.67006 3.67323 3.677 3.6814 3.68646 3.69221 3.69866 3.70586 3.7138 3.72252 3.73202 3.74232 3.75339 3.76525 3.77787 3.79123 3.80528 3.82 3.83531 3.85117 3.8675 3.88423 3.90127 3.91853 3.93592 3.95333 3.97068 3.98785 4.00475 4.02127 4.03732 4.0528 4.06761 4.08168 4.09492 4.10726 4.11861 4.12893 4.13815 4.14623 4.15311 4.15876 4.16316 4.16628 4.1681 4.16862 4.16782 4.16572 4.16232 4.15765 4.15172 4.14457 4.13623 4.12676 4.1162 4.10461 4.09207 4.07864 4.06441 4.04946 4.03388 4.01777 4.00122 3.98434 3.96722 3.94998 3.93271 3.91552 3.89849 3.88173 3.86531 3.84932 3.83384 3.81892 3.80463 3.79101 3.7781 3.76593 3.75452 3.74389 3.73404 3.72497 3.71667 3.70913 3.70233 3.69625 3.69086 3.68615 3.68208 3.67863 3.67577 3.67349 3.67177 3.67058 3.66994 
3.66403 3.66445 3.66544 3.66699 3.66913 3.67188 3.67524 3.67925 3.68394 3.68932 3.69543 3.7023 3.70994 3.71838 3.72763 3.7377 3.74861 3.76034 3.77288 3.78622 3.80033 3.81516 3.83068 3.84681 3.8635 3.88068 3.89825 3.91613 3.93423 3.95245 3.97068 3.98882 4.00676 4.0244 4.04163 4.05836 4.07448 4.08989 4.10452 4.11828 4.13108 4.14287 4.15357 4.16313 4.1715 4.17863 4.18448 4.18904 4.19227 4.19416 4.19469 4.19387 4.1917 4.18818 4.18335 4.17721 4.1698 4.16116 4.15133 4.14038 4.12835 4.11531 4.10135 4.08654 4.07097 4.05473 4.03792 4.02064 4.003 3.9851 3.96705 3.94896 3.93093 3.91306 3.89545 3.87819 3.86137 3.84506 3.82933 3.81425 3.79987 3.78623 3.77336 3.76128 3.75002 3.73958 3.72995 3.72114 3.71313 3.7059 3.69942 3.69368 3.68866 3.68431 3.68063 3.67757 3.67513 3.67328 3.67202 3.67131 
3.66541 3.66585 3.66688 3.66853 3.6708 3.67371 3.67728 3.68153 3.6865 3.69221 3.69869 3.70596 3.71404 3.72297 3.73276 3.7434 3.75492 3.76729 3.78052 3.79458 3.80942 3.82502 3.84133 3.85827 3.87578 3.89378 3.91218 3.93089 3.94981 3.96883 3.98785 4.00676 4.02545 4.0438 4.06172 4.0791 4.09583 4.11182 4.12698 4.14123 4.15449 4.16668 4.17775 4.18763 4.19627 4.20363 4.20968 4.21438 4.21772 4.21967 4.22023 4.21938 4.21715 4.21352 4.20853 4.2022 4.19455 4.18562 4.17546 4.16413 4.15168 4.13818 4.1237 4.10834 4.09217 4.0753 4.05782 4.03984 4.02146 4.0028 3.98396 3.96507 3.94622 3.92753 3.90909 3.891 3.87335 3.85623 3.83971 3.82386 3.80872 3.79435 3.78079 3.76805 3.75616 3.74513 3.73495 3.72563 3.71714 3.70948 3.70261 3.69652 3.69118 3.68657 3.68264 3.67939 3.67679 3.67482 3.67346 3.67271 
3.66679 3.66725 3.66834 3.67008 3.67248 3.67555 3.67932 3.68382 3.68907 3.6951 3.70194 3.70962 3.71815 3.72756 3.73787 3.74909 3.7612 3.77422 3.78812 3.80287 3.81845 3.83481 3.85188 3.86961 3.88792 3.90673 3.92593 3.94545 3.96516 3.98496 4.00475 4.0244 4.0438 4.06285 4.08142 4.09942 4.11674 4.13328 4.14895 4.16366 4.17734 4.18992 4.20133 4.21151 4.22041 4.22799 4.23422 4.23907 4.2425 4.24451 4.24509 4.24422 4.24193 4.2382 4.23307 4.22655 4.21868 4.20948 4.19902 4.18733 4.17448 4.16054 4.14558 4.12969 4.11295 4.09547 4.07735 4.05869 4.03961 4.02021 4.00062 3.98094 3.9613 3.94181 3.92256 3.90366 3.88522 3.8673 3.85 3.83338 3.81751 3.80242 3.78817 3.77478 3.76228 3.75066 3.73994 3.73011 3.72115 3.71306 3.70581 3.69937 3.69372 3.68883 3.68467 3.68122 3.67846 3.67637 3.67492 3.67411 
3.66817 3.66865 3.6698 3.67163 3.67415 3.67739 3.68137 3.6861 3.69163 3.69798 3.70518 3.71326 3.72223 3.73212 3.74295 3.75472 3.76743 3.78107 3.79563 3.81107 3.82736 3.84445 3.86228 3.88077 3.89986 3.91944 3.93943 3.95972 3.9802 4.00075 4.02127 4.04163 4.06172 4.08142 4.10062 4.11921 4.13708 4.15414 4.17028 4.18544 4.19952 4.21246 4.22418 4.23465 4.24379 4.25158 4.25798 4.26295 4.26648 4.26854 4.26914 4.26826 4.26591 4.2621 4.25683 4.25015 4.24206 4.23262 4.22186 4.20984 4.19662 4.18226 4.16685 4.15046 4.13319 4.11513 4.0964 4.07709 4.05733 4.03723 4.01691 3.99649 3.97609 3.95581 3.93579 3.91611 3.89688 3.87819 3.86013 3.84277 3.82617 3.81039 3.79547 3.78144 3.76832 3.75613 3.74488 3.73454 3.72513 3.71661 3.70898 3.70219 3.69623 3.69107 3.68669 3.68305 3.68013 3.67791 3.67638 3.67552 
3.66955 3.67004 3.67125 3.67317 3.67581 3.67921 3.68339 3.68836 3.69417 3.70083 3.70838 3.71685 3.72625 3.73661 3.74794 3.76026 3.77354 3.78779 3.80299 3.8191 3.83609 3.85389 3.87244 3.89168 3.91151 3.93185 3.95258 3.97362 3.99483 4.0161 4.03732 4.05836 4.0791 4.09942 4.11921 4.13835 4.15675 4.17429 4.19088 4.20645 4.2209 4.23417 4.2462 4.25692 4.26629 4.27427 4.28082 4.28592 4.28953 4.29165 4.29227 4.29137 4.28897 4.28508 4.27969 4.27285 4.26458 4.25491 4.24388 4.23155 4.21798 4.20324 4.1874 4.17054 4.15277 4.13417 4.11486 4.09494 4.07454 4.05377 4.03275 4.01162 3.99048 3.96946 3.94868 3.92825 3.90827 3.88884 3.87004 3.85196 3.83466 3.8182 3.80263 3.78797 3.77426 3.76152 3.74973 3.73891 3.72905 3.72012 3.7121 3.70498 3.69872 3.6933 3.68868 3.68485 3.68178 3.67944 3.67782 3.67691 
3.6709 3.67142 3.67267 3.67468 3.67745 3.68101 3.68538 3.69058 3.69666 3.70362 3.71152 3.72036 3.73019 3.741 3.75283 3.76566 3.77951 3.79435 3.81017 3.82692 3.84457 3.86306 3.88231 3.90226 3.92281 3.94386 3.96531 3.98705 4.00896 4.03092 4.0528 4.07448 4.09583 4.11674 4.13708 4.15675 4.17563 4.19362 4.21063 4.22658 4.24138 4.25496 4.26726 4.27822 4.2878 4.29595 4.30265 4.30785 4.31155 4.31372 4.31435 4.31344 4.311 4.30703 4.30154 4.29456 4.28611 4.27623 4.26496 4.25235 4.23846 4.22336 4.20712 4.18983 4.17158 4.15248 4.13262 4.11213 4.09112 4.06972 4.04804 4.02623 4.00439 3.98267 3.96117 3.94002 3.91932 3.89917 3.87967 3.86089 3.84292 3.8258 3.8096 3.79434 3.78006 3.76677 3.75448 3.74318 3.73288 3.72355 3.71517 3.70771 3.70116 3.69548 3.69064 3.68662 3.6834 3.68094 3.67924 3.67829 
3.67223 3.67276 3.67407 3.67616 3.67905 3.68276 3.68732 3.69275 3.69908 3.70634 3.71457 3.72378 3.73401 3.74526 3.75756 3.7709 3.78528 3.80069 3.8171 3.83447 3.85276 3.8719 3.89182 3.91244 3.93367 3.95541 3.97754 3.99995 4.02252 4.04511 4.06761 4.08989 4.11182 4.13328 4.15414 4.17429 4.19362 4.21203 4.22943 4.24573 4.26084 4.27471 4.28726 4.29844 4.30821 4.31652 4.32335 4.32865 4.33242 4.33464 4.33529 4.33437 4.33189 4.32786 4.32227 4.31516 4.30656 4.29649 4.28499 4.27212 4.25794 4.24251 4.2259 4.20821 4.18953 4.16995 4.14959 4.12856 4.10698 4.08498 4.06269 4.04023 4.01774 3.99534 3.97317 3.95133 3.92994 3.90911 3.88894 3.8695 3.85088 3.83314 3.81633 3.8005 3.78566 3.77185 3.75907 3.74732 3.73659 3.72687 3.71814 3.71037 3.70353 3.6976 3.69255 3.68835 3.68498 3.68241 3.68063 3.67963 
3.67351 3.67406 3.67542 3.67759 3.6806 3.68446 3.68919 3.69484 3.70142 3.70897 3.71751 3.72707 3.73769 3.74936 3.76211 3.77593 3.79083 3.80677 3.82375 3.8417 3.86059 3.88035 3.9009 3.92217 3.94404 3.96641 3.98918 4.01222 4.0354 4.0586 4.08168 4.10452 4.12698 4.14895 4.17028 4.19088 4.21063 4.22943 4.24718 4.2638 4.2792 4.29333 4.30611 4.31749 4.32743 4.33589 4.34283 4.34823 4.35206 4.35432 4.35499 4.35407 4.35156 4.34746 4.34179 4.33457 4.32582 4.31558 4.30388 4.29078 4.27633 4.2606 4.24366 4.2256 4.20651 4.1865 4.16567 4.14414 4.12203 4.09948 4.07661 4.05355 4.03044 4.00742 3.9846 3.96212 3.94008 3.91861 3.8978 3.87774 3.8585 3.84017 3.82278 3.8064 3.79104 3.77673 3.76348 3.7513 3.74017 3.73008 3.721 3.71293 3.70582 3.69965 3.6944 3.69002 3.68651 3.68383 3.68198 3.68093 
3.67474 3.67531 3.67671 3.67896 3.68208 3.68608 3.69099 3.69684 3.70365 3.71147 3.72031 3.73021 3.74119 3.75326 3.76644 3.78072 3.79609 3.81255 3.83005 3.84856 3.86802 3.88836 3.9095 3.93136 3.95383 3.97681 4.00017 4.02379 4.04755 4.0713 4.09492 4.11828 4.14123 4.16366 4.18544 4.20645 4.22658 4.24573 4.2638 4.2807 4.29637 4.31073 4.32372 4.33528 4.34537 4.35396 4.36101 4.36649 4.37039 4.37268 4.37337 4.37244 4.3699 4.36576 4.36001 4.35269 4.34382 4.33342 4.32154 4.30823 4.29354 4.27754 4.26029 4.2419 4.22244 4.20203 4.18077 4.15878 4.13619 4.11312 4.08971 4.0661 4.04242 4.01881 3.99539 3.97231 3.94967 3.92759 3.90618 3.88553 3.86573 3.84683 3.82891 3.812 3.79615 3.78137 3.76768 3.75508 3.74357 3.73313 3.72374 3.71537 3.70801 3.70161 3.69616 3.69162 3.68798 3.6852 3.68327 3.68217 
3.67591 3.67649 3.67794 3.68027 3.68349 3.68762 3.69269 3.69873 3.70577 3.71384 3.72296 3.73318 3.7445 3.75694 3.77051 3.78522 3.80105 3.81798 3.83597 3.85499 3.87498 3.89586 3.91755 3.93996 3.96299 3.98652 4.01043 4.03459 4.05888 4.08314 4.10726 4.13108 4.15449 4.17734 4.19952 4.2209 4.24138 4.26084 4.2792 4.29637 4.31228 4.32684 4.34001 4.35174 4.36197 4.37067 4.37781 4.38337 4.38732 4.38965 4.39036 4.38943 4.38686 4.38267 4.37686 4.36945 4.36047 4.34994 4.3379 4.3244 4.30949 4.29324 4.27573 4.25703 4.23724 4.21647 4.19481 4.1724 4.14937 4.12583 4.10193 4.07781 4.0536 4.02944 4.00548 3.98184 3.95864 3.936 3.91404 3.89284 3.8725 3.85308 3.83466 3.81727 3.80095 3.78574 3.77163 3.75865 3.74678 3.73601 3.72631 3.71768 3.71007 3.70346 3.69783 3.69314 3.68937 3.68649 3.68449 3.68336 
3.677 3.6776 3.6791 3.68149 3.6848 3.68906 3.69428 3.7005 3.70774 3.71605 3.72544 3.73594 3.74757 3.76036 3.7743 3.7894 3.80565 3.82301 3.84147 3.86096 3.88143 3.9028 3.925 3.94792 3.97146 3.99549 4.0199 4.04456 4.06932 4.09405 4.11861 4.14287 4.16668 4.18992 4.21246 4.23417 4.25496 4.27471 4.29333 4.31073 4.32684 4.3416 4.35493 4.3668 4.37715 4.38596 4.39318 4.3988 4.4028 4.40517 4.40588 4.40495 4.40237 4.39814 4.39227 4.38479 4.37571 4.36506 4.35288 4.33921 4.32411 4.30765 4.28989 4.27092 4.25083 4.22973 4.20772 4.18494 4.1615 4.13753 4.11319 4.0886 4.06391 4.03926 4.0148 3.99064 3.96693 3.94379 3.92131 3.89961 3.87878 3.85888 3.83999 3.82215 3.80541 3.78979 3.77531 3.76197 3.74977 3.73869 3.72872 3.71983 3.712 3.70519 3.69939 3.69456 3.69067 3.6877 3.68564 3.68447 
3.67801 3.67863 3.68016 3.68262 3.68602 3.69039 3.69575 3.70213 3.70956 3.71808 3.72771 3.73848 3.7504 3.7635 3.77778 3.79324 3.80986 3.82763 3.84649 3.86641 3.88732 3.90915 3.9318 3.95518 3.97917 4.00367 4.02853 4.05362 4.07882 4.10397 4.12893 4.15357 4.17775 4.20133 4.22418 4.2462 4.26726 4.28726 4.30611 4.32372 4.34001 4.35493 4.36841 4.3804 4.39086 4.39976 4.40705 4.41273 4.41678 4.41917 4.4199 4.41897 4.41637 4.4121 4.40619 4.39864 4.38948 4.37872 4.36642 4.35261 4.33734 4.32069 4.30271 4.2835 4.26315 4.24176 4.21944 4.19631 4.17251 4.14817 4.12342 4.09841 4.07329 4.0482 4.02328 3.99867 3.9745 3.95088 3.92795 3.90579 3.88451 3.86418 3.84487 3.82663 3.8095 3.79351 3.77868 3.76501 3.75251 3.74115 3.73093 3.72181 3.71377 3.70679 3.70083 3.69586 3.69187 3.68882 3.68669 3.68549 
3.67894 3.67956 3.68113 3.68364 3.68712 3.69159 3.69708 3.70361 3.71121 3.71992 3.72977 3.74077 3.75296 3.76634 3.78092 3.7967 3.81366 3.83178 3.85101 3.87131 3.89262 3.91484 3.9379 3.96169 3.98609 4.01099 4.03625 4.06174 4.08731 4.11283 4.13815 4.16313 4.18763 4.21151 4.23465 4.25692 4.27822 4.29844 4.31749 4.33528 4.35174 4.3668 4.3804 4.3925 4.40305 4.41202 4.41939 4.42512 4.4292 4.43161 4.43236 4.43142 4.42881 4.42452 4.41857 4.41096 4.40172 4.39088 4.37847 4.36453 4.34912 4.3323 4.31414 4.29472 4.27413 4.25249 4.22989 4.20647 4.18235 4.15767 4.13257 4.1072 4.08169 4.05621 4.03088 4.00586 3.98128 3.95725 3.93391 3.91135 3.88967 3.86895 3.84926 3.83065 3.81317 3.79686 3.78171 3.76776 3.75498 3.74337 3.73292 3.7236 3.71538 3.70823 3.70213 3.69705 3.69295 3.68983 3.68766 3.68642 
3.67976 3.6804 3.68199 3.68456 3.68811 3.69267 3.69826 3.70492 3.71267 3.72155 3.73159 3.7428 3.75521 3.76884 3.78369 3.79975 3.817 3.83543 3.85499 3.87563 3.89728 3.91985 3.94326 3.96741 3.99216 4.01742 4.04302 4.06885 4.09476 4.1206 4.14623 4.1715 4.19627 4.22041 4.24379 4.26629 4.2878 4.30821 4.32743 4.34537 4.36197 4.37715 4.39086 4.40305 4.41368 4.42272 4.43014 4.43591 4.44003 4.44246 4.44322 4.44228 4.43966 4.43535 4.42936 4.42171 4.41241 4.40149 4.38899 4.37495 4.35941 4.34245 4.32412 4.30452 4.28374 4.26187 4.23904 4.21536 4.19097 4.16599 4.14059 4.11489 4.08905 4.06323 4.03755 4.01218 3.98723 3.96285 3.93914 3.91623 3.8942 3.87314 3.85312 3.8342 3.81642 3.79981 3.7844 3.77018 3.75717 3.74534 3.73469 3.72518 3.7168 3.70951 3.70329 3.6981 3.69392 3.69073 3.68852 3.68725 
3.68047 3.68112 3.68274 3.68535 3.68896 3.6936 3.69928 3.70605 3.71393 3.72296 3.73315 3.74455 3.75716 3.77099 3.78606 3.80236 3.81988 3.83857 3.85841 3.87933 3.90126 3.92414 3.94785 3.97229 3.99735 4.0229 4.04881 4.07493 4.10111 4.12722 4.15311 4.17863 4.20363 4.22799 4.25158 4.27427 4.29595 4.31652 4.33589 4.35396 4.37067 4.38596 4.39976 4.41202 4.42272 4.43182 4.43928 4.44509 4.44923 4.45169 4.45245 4.45151 4.44888 4.44455 4.43854 4.43084 4.42149 4.41051 4.39794 4.3838 4.36816 4.35108 4.33262 4.31287 4.29191 4.26986 4.24683 4.22293 4.19831 4.17309 4.14742 4.12146 4.09534 4.06922 4.04325 4.01757 3.99232 3.96763 3.94362 3.92041 3.89808 3.87673 3.85643 3.83724 3.8192 3.80235 3.7867 3.77227 3.75905 3.74703 3.73621 3.72655 3.71803 3.71062 3.70429 3.69901 3.69476 3.69152 3.68926 3.68797 
3.68107 3.68173 3.68337 3.68601 3.68967 3.69437 3.70014 3.707 3.71499 3.72413 3.73446 3.746 3.75877 3.77278 3.78804 3.80453 3.82225 3.84116 3.86122 3.88238 3.90455 3.92767 3.95163 3.97632 4.00163 4.02742 4.05357 4.07992 4.10634 4.13267 4.15876 4.18448 4.20968 4.23422 4.25798 4.28082 4.30265 4.32335 4.34283 4.36101 4.37781 4.39318 4.40705 4.41939 4.43014 4.43928 4.44678 4.45262 4.45678 4.45925 4.46002 4.45909 4.45645 4.45211 4.44607 4.43834 4.42895 4.41792 4.40528 4.39107 4.37535 4.35816 4.33959 4.31972 4.29863 4.27643 4.25323 4.22915 4.20434 4.17892 4.15304 4.12685 4.1005 4.07415 4.04793 4.02201 3.99651 3.97157 3.94731 3.92385 3.90128 3.8797 3.85917 3.83975 3.8215 3.80444 3.7886 3.77399 3.76061 3.74844 3.73747 3.72769 3.71905 3.71154 3.70512 3.69977 3.69546 3.69217 3.68988 3.68858 
3.68154 3.68221 3.68387 3.68654 3.69024 3.69499 3.70082 3.70775 3.71582 3.72505 3.73549 3.74714 3.76004 3.77418 3.78958 3.80623 3.82411 3.84319 3.86343 3.88476 3.90712 3.93043 3.95457 3.97946 4.00496 4.03094 4.05727 4.08381 4.1104 4.1369 4.16316 4.18904 4.21438 4.23907 4.26295 4.28592 4.30785 4.32865 4.34823 4.36649 4.38337 4.3988 4.41273 4.42512 4.43591 4.44509 4.45262 4.45848 4.46266 4.46515 4.46592 4.46499 4.46234 4.45799 4.45193 4.44418 4.43475 4.42368 4.41099 4.39673 4.38094 4.36368 4.34502 4.32504 4.30385 4.28153 4.2582 4.23399 4.20903 4.18345 4.15741 4.13105 4.10452 4.07798 4.05158 4.02547 3.99977 3.97464 3.95019 3.92654 3.90378 3.88201 3.86131 3.84172 3.8233 3.80609 3.7901 3.77535 3.76183 3.74955 3.73847 3.72858 3.71986 3.71227 3.70579 3.70038 3.69602 3.6927 3.69038 3.68906 
3.6819 3.68257 3.68424 3.68693 3.69066 3.69544 3.70131 3.70829 3.71642 3.72573 3.73623 3.74797 3.76095 3.77519 3.79069 3.80745 3.82544 3.84464 3.865 3.88646 3.90895 3.93239 3.95667 3.98169 4.00732 4.03343 4.0599 4.08656 4.11328 4.1399 4.16628 4.19227 4.21772 4.2425 4.26648 4.28953 4.31155 4.33242 4.35206 4.37039 4.38732 4.4028 4.41678 4.4292 4.44003 4.44923 4.45678 4.46266 4.46686 4.46935 4.47013 4.46919 4.46654 4.46218 4.4561 4.44834 4.43889 4.42778 4.41506 4.40075 4.38491 4.36759 4.34887 4.32883 4.30755 4.28515 4.26173 4.23742 4.21235 4.18667 4.16051 4.13402 4.10737 4.0807 4.05417 4.02792 4.00209 3.97682 3.95224 3.92845 3.90556 3.88366 3.86283 3.84312 3.82459 3.80727 3.79117 3.77632 3.76272 3.75034 3.73919 3.72923 3.72045 3.7128 3.70627 3.70082 3.69643 3.69308 3.69075 3.68942 
3.68212 3.68279 3.68448 3.68718 3.69092 3.69573 3.70162 3.70863 3.71679 3.72614 3.73669 3.74847 3.7615 3.77579 3.79136 3.80817 3.82623 3.8455 3.86593 3.88746 3.91003 3.93354 3.9579 3.98299 4.0087 4.03489 4.06143 4.08817 4.11496 4.14166 4.1681 4.19416 4.21967 4.24451 4.26854 4.29165 4.31372 4.33464 4.35432 4.37268 4.38965 4.40517 4.41917 4.43161 4.44246 4.45169 4.45925 4.46515 4.46935 4.47184 4.47263 4.47169 4.46904 4.46467 4.45858 4.4508 4.44133 4.43021 4.41746 4.40312 4.38725 4.3699 4.35114 4.33105 4.30972 4.28727 4.26379 4.23942 4.21429 4.18854 4.16231 4.13576 4.10903 4.08229 4.05568 4.02935 4.00344 3.9781 3.95343 3.92957 3.90661 3.88464 3.86373 3.84395 3.82535 3.80797 3.79181 3.77691 3.76325 3.75083 3.73963 3.72963 3.72081 3.71313 3.70657 3.7011 3.69669 3.69332 3.69098 3.68964 
