5.23766 5.23784 5.2381 5.23844 5.23885 5.23934 5.23991 5.24056 5.24129 5.2421 5.24299 5.24396 5.24502 5.24617 5.2474 5.24873 5.25013 5.25163 5.25321 5.25488 5.25663 5.25846 5.26036 5.26233 5.26437 5.26646 5.26861 5.2708 5.27302 5.27527 5.27753 5.27979 5.28204 5.28427 5.28646 5.28861 5.2907 5.29271 5.29464 5.29646 5.29818 5.29978 5.30124 5.30255 5.30372 5.30472 5.30555 5.30621 5.3067 5.307 5.30711 5.30704 5.30679 5.30636 5.30574 5.30496 5.30401 5.3029 5.30163 5.30023 5.29869 5.29703 5.29527 5.2934 5.29146 5.28944 5.28737 5.28525 5.2831 5.28093 5.27876 5.27659 5.27444 5.27232 5.27024 5.2682 5.26623 5.26432 5.26248 5.26071 5.25903 5.25744 5.25594 5.25453 5.25321 5.25199 5.25087 5.24984 5.24892 5.24808 5.24734 5.24669 5.24614 5.24567 5.24529 5.24499 5.24478 5.24465 5.2446 5.24462 
5.23784 5.23803 5.23829 5.23862 5.23904 5.23953 5.2401 5.24075 5.24149 5.2423 5.2432 5.24418 5.24525 5.2464 5.24764 5.24897 5.25039 5.2519 5.25349 5.25517 5.25694 5.25878 5.2607 5.26268 5.26474 5.26685 5.26902 5.27122 5.27346 5.27573 5.27801 5.28029 5.28256 5.28481 5.28702 5.28919 5.29129 5.29332 5.29526 5.29711 5.29884 5.30044 5.30192 5.30325 5.30442 5.30543 5.30627 5.30694 5.30742 5.30773 5.30784 5.30777 5.30752 5.30708 5.30646 5.30567 5.30471 5.30359 5.30231 5.30089 5.29934 5.29767 5.29589 5.29401 5.29205 5.29001 5.28792 5.28579 5.28362 5.28143 5.27924 5.27705 5.27488 5.27274 5.27064 5.26859 5.2666 5.26467 5.26281 5.26104 5.25934 5.25774 5.25622 5.2548 5.25347 5.25224 5.25111 5.25008 5.24914 5.2483 5.24755 5.2469 5.24634 5.24587 5.24548 5.24518 5.24497 5.24483 5.24478 5.24481 
5.2381 5.23829 5.23855 5.23889 5.23931 5.23981 5.24039 5.24106 5.2418 5.24263 5.24354 5.24455 5.24564 5.24681 5.24808 5.24944 5.25089 5.25243 5.25406 5.25577 5.25757 5.25946 5.26142 5.26345 5.26555 5.26771 5.26992 5.27217 5.27446 5.27678 5.27911 5.28144 5.28376 5.28605 5.28831 5.29053 5.29268 5.29475 5.29673 5.29861 5.30038 5.30202 5.30353 5.30488 5.30608 5.30711 5.30797 5.30865 5.30914 5.30945 5.30957 5.3095 5.30924 5.30879 5.30816 5.30735 5.30636 5.30522 5.30391 5.30246 5.30088 5.29917 5.29735 5.29543 5.29342 5.29134 5.28921 5.28702 5.28481 5.28257 5.28033 5.27809 5.27588 5.27369 5.27154 5.26944 5.26741 5.26543 5.26353 5.26171 5.25998 5.25834 5.25679 5.25533 5.25397 5.25271 5.25155 5.2505 5.24953 5.24867 5.24791 5.24724 5.24666 5.24617 5.24577 5.24547 5.24524 5.2451 5.24504 5.24507 
5.23844 5.23862 5.23889 5.23924 5.23967 5.24018 5.24078 5.24146 5.24223 5.24309 5.24403 5.24507 5.24619 5.24741 5.24872 5.25013 5.25163 5.25322 5.25491 5.25668 5.25855 5.26049 5.26252 5.26463 5.2668 5.26903 5.27132 5.27366 5.27603 5.27842 5.28083 5.28324 5.28564 5.28801 5.29035 5.29263 5.29486 5.297 5.29905 5.30099 5.30282 5.30451 5.30606 5.30746 5.3087 5.30976 5.31065 5.31135 5.31186 5.31217 5.31229 5.31222 5.31195 5.31148 5.31083 5.30999 5.30897 5.30779 5.30644 5.30494 5.3033 5.30153 5.29965 5.29766 5.29559 5.29343 5.29122 5.28896 5.28667 5.28435 5.28203 5.27972 5.27742 5.27516 5.27293 5.27076 5.26865 5.2666 5.26463 5.26275 5.26095 5.25924 5.25763 5.25612 5.25471 5.2534 5.2522 5.2511 5.2501 5.2492 5.2484 5.2477 5.24709 5.24658 5.24617 5.24584 5.2456 5.24545 5.24539 5.24541 
5.23885 5.23904 5.23931 5.23967 5.24012 5.24065 5.24127 5.24198 5.24278 5.24367 5.24466 5.24574 5.24692 5.24819 5.24957 5.25104 5.25261 5.25428 5.25604 5.2579 5.25985 5.26189 5.26402 5.26622 5.26849 5.27083 5.27323 5.27567 5.27815 5.28065 5.28317 5.28569 5.2882 5.29068 5.29313 5.29551 5.29783 5.30007 5.30221 5.30424 5.30615 5.30791 5.30953 5.31099 5.31228 5.31339 5.31431 5.31504 5.31557 5.3159 5.31602 5.31594 5.31565 5.31516 5.31448 5.3136 5.31254 5.31129 5.30989 5.30832 5.3066 5.30475 5.30278 5.30071 5.29854 5.29629 5.29397 5.29161 5.2892 5.28678 5.28435 5.28193 5.27953 5.27715 5.27482 5.27254 5.27033 5.26818 5.26612 5.26414 5.26225 5.26046 5.25876 5.25717 5.25569 5.25431 5.25304 5.25188 5.25083 5.24988 5.24903 5.24829 5.24765 5.24711 5.24666 5.24631 5.24605 5.24589 5.24581 5.24582 
5.23934 5.23953 5.23981 5.24018 5.24065 5.24121 5.24186 5.2426 5.24345 5.24439 5.24543 5.24657 5.24781 5.24916 5.25061 5.25217 5.25383 5.25559 5.25746 5.25943 5.26149 5.26365 5.2659 5.26823 5.27063 5.27311 5.27564 5.27822 5.28084 5.28348 5.28614 5.2888 5.29145 5.29407 5.29664 5.29916 5.30161 5.30397 5.30622 5.30836 5.31037 5.31223 5.31393 5.31547 5.31682 5.31799 5.31896 5.31972 5.32027 5.32062 5.32074 5.32065 5.32035 5.31983 5.31911 5.31818 5.31706 5.31574 5.31426 5.3126 5.31079 5.30884 5.30676 5.30457 5.30228 5.2999 5.29745 5.29496 5.29242 5.28986 5.28729 5.28473 5.28218 5.27967 5.27721 5.27479 5.27245 5.27017 5.26798 5.26588 5.26388 5.26198 5.26018 5.25849 5.25691 5.25545 5.25409 5.25285 5.25173 5.25071 5.24981 5.24901 5.24832 5.24774 5.24725 5.24687 5.24659 5.24641 5.24631 5.24632 
5.23991 5.2401 5.24039 5.24078 5.24127 5.24186 5.24255 5.24334 5.24423 5.24523 5.24634 5.24756 5.24888 5.25032 5.25186 5.25352 5.2553 5.25718 5.25917 5.26127 5.26347 5.26578 5.26817 5.27066 5.27322 5.27586 5.27855 5.2813 5.28409 5.28691 5.28974 5.29257 5.29539 5.29817 5.30091 5.30359 5.30618 5.30869 5.31108 5.31335 5.31548 5.31745 5.31926 5.32089 5.32232 5.32356 5.32458 5.32539 5.32597 5.32633 5.32646 5.32637 5.32604 5.32549 5.32471 5.32373 5.32253 5.32114 5.31955 5.31779 5.31587 5.31379 5.31158 5.30924 5.3068 5.30428 5.30167 5.29901 5.29631 5.29358 5.29085 5.28811 5.2854 5.28272 5.28009 5.27751 5.27501 5.27258 5.27024 5.26799 5.26585 5.26381 5.26188 5.26007 5.25838 5.2568 5.25535 5.25401 5.2528 5.2517 5.25072 5.24986 5.24911 5.24848 5.24795 5.24753 5.24722 5.24701 5.2469 5.24689 
5.24056 5.24075 5.24106 5.24146 5.24198 5.2426 5.24334 5.24418 5.24514 5.24621 5.2474 5.2487 5.25012 5.25166 5.25332 5.25511 5.25701 5.25903 5.26117 5.26343 5.2658 5.26827 5.27084 5.27351 5.27626 5.27909 5.28198 5.28493 5.28792 5.29094 5.29397 5.297 5.30001 5.30299 5.30592 5.30878 5.31156 5.31423 5.31679 5.31921 5.32149 5.32359 5.32552 5.32725 5.32878 5.3301 5.33119 5.33204 5.33267 5.33305 5.33318 5.33307 5.33272 5.33213 5.3313 5.33024 5.32896 5.32746 5.32577 5.32389 5.32182 5.3196 5.31723 5.31474 5.31212 5.30941 5.30663 5.30378 5.30088 5.29796 5.29502 5.29209 5.28918 5.2863 5.28348 5.28071 5.27801 5.2754 5.27288 5.27046 5.26815 5.26595 5.26387 5.26192 5.26009 5.25838 5.25681 5.25536 5.25404 5.25285 5.25179 5.25085 5.25003 5.24933 5.24875 5.24828 5.24793 5.24769 5.24757 5.24755 
5.24129 5.24149 5.2418 5.24223 5.24278 5.24345 5.24423 5.24514 5.24617 5.24732 5.2486 5.25 5.25154 5.2532 5.25499 5.25692 5.25898 5.26116 5.26347 5.26591 5.26846 5.27113 5.27391 5.27678 5.27975 5.2828 5.28592 5.28909 5.29231 5.29556 5.29883 5.30209 5.30533 5.30853 5.31168 5.31475 5.31773 5.3206 5.32335 5.32595 5.32838 5.33064 5.3327 5.33456 5.3362 5.3376 5.33877 5.33968 5.34035 5.34075 5.34089 5.34077 5.34039 5.33975 5.33885 5.33771 5.33634 5.33473 5.33291 5.33088 5.32867 5.32628 5.32373 5.32104 5.31823 5.31532 5.31232 5.30925 5.30613 5.30298 5.29982 5.29666 5.29352 5.29042 5.28736 5.28437 5.28146 5.27864 5.27591 5.27329 5.27079 5.26841 5.26615 5.26403 5.26204 5.26019 5.25847 5.2569 5.25546 5.25416 5.25299 5.25196 5.25106 5.25029 5.24965 5.24913 5.24874 5.24847 5.24831 5.24828 
5.2421 5.2423 5.24263 5.24309 5.24367 5.24439 5.24523 5.24621 5.24732 5.24856 5.24995 5.25147 5.25313 5.25493 5.25688 5.25896 5.26119 5.26356 5.26607 5.2687 5.27147 5.27436 5.27737 5.28048 5.2837 5.28699 5.29037 5.2938 5.29728 5.30079 5.30431 5.30783 5.31133 5.31478 5.31818 5.32149 5.3247 5.3278 5.33075 5.33354 5.33616 5.33859 5.34081 5.3428 5.34456 5.34607 5.34732 5.3483 5.34901 5.34944 5.34959 5.34945 5.34904 5.34834 5.34738 5.34615 5.34466 5.34293 5.34096 5.33877 5.33639 5.33381 5.33106 5.32816 5.32513 5.32198 5.31874 5.31543 5.31206 5.30865 5.30523 5.30182 5.29842 5.29506 5.29175 5.28852 5.28536 5.2823 5.27934 5.27649 5.27377 5.27118 5.26873 5.26642 5.26425 5.26223 5.26035 5.25863 5.25705 5.25563 5.25435 5.25321 5.25222 5.25137 5.25066 5.25008 5.24964 5.24933 5.24915 5.2491 
5.24299 5.2432 5.24354 5.24403 5.24466 5.24543 5.24634 5.2474 5.2486 5.24995 5.25145 5.2531 5.2549 5.25686 5.25897 5.26124 5.26366 5.26624 5.26896 5.27183 5.27483 5.27797 5.28123 5.28461 5.2881 5.29167 5.29533 5.29905 5.30282 5.30662 5.31043 5.31424 5.31802 5.32175 5.32542 5.329 5.33247 5.3358 5.33899 5.342 5.34483 5.34744 5.34983 5.35198 5.35387 5.35549 5.35684 5.35789 5.35865 5.35911 5.35926 5.35911 5.35866 5.35791 5.35686 5.35553 5.35392 5.35205 5.34992 5.34756 5.34498 5.34219 5.33922 5.33609 5.33281 5.3294 5.3259 5.32231 5.31866 5.31498 5.31127 5.30757 5.30388 5.30024 5.29665 5.29313 5.2897 5.28637 5.28315 5.28006 5.2771 5.27427 5.2716 5.26907 5.2667 5.26449 5.26244 5.26055 5.25882 5.25726 5.25585 5.2546 5.2535 5.25256 5.25177 5.25113 5.25063 5.25028 5.25007 5.25 
5.24396 5.24418 5.24455 5.24507 5.24574 5.24657 5.24756 5.2487 5.25 5.25147 5.2531 5.25489 5.25686 5.25899 5.26129 5.26376 5.26639 5.26919 5.27215 5.27527 5.27854 5.28195 5.2855 5.28917 5.29296 5.29684 5.30081 5.30484 5.30893 5.31305 5.31718 5.3213 5.32539 5.32943 5.3334 5.33727 5.34102 5.34462 5.34806 5.35132 5.35436 5.35718 5.35976 5.36207 5.36411 5.36586 5.3673 5.36843 5.36925 5.36974 5.3699 5.36973 5.36924 5.36842 5.36729 5.36585 5.36411 5.36208 5.35978 5.35723 5.35443 5.35142 5.3482 5.34481 5.34126 5.33757 5.33378 5.32989 5.32594 5.32194 5.31792 5.3139 5.3099 5.30595 5.30205 5.29822 5.29449 5.29087 5.28736 5.28399 5.28076 5.27768 5.27476 5.272 5.26941 5.26699 5.26474 5.26267 5.26077 5.25905 5.2575 5.25612 5.25491 5.25387 5.25299 5.25227 5.25172 5.25132 5.25107 5.25098 
5.24502 5.24525 5.24564 5.24619 5.24692 5.24781 5.24888 5.25012 5.25154 5.25313 5.2549 5.25686 5.25899 5.26131 5.26382 5.26651 5.26937 5.27242 5.27565 5.27904 5.2826 5.28631 5.29017 5.29416 5.29827 5.30249 5.30679 5.31117 5.3156 5.32007 5.32455 5.32901 5.33344 5.33782 5.34211 5.34629 5.35034 5.35424 5.35795 5.36147 5.36476 5.3678 5.37058 5.37307 5.37527 5.37715 5.3787 5.37992 5.38079 5.38132 5.38149 5.3813 5.38076 5.37988 5.37865 5.37709 5.37521 5.37301 5.37052 5.36776 5.36474 5.36148 5.358 5.35432 5.35048 5.34649 5.34238 5.33816 5.33388 5.32954 5.32518 5.32082 5.31648 5.31218 5.30794 5.30379 5.29973 5.29578 5.29196 5.28829 5.28477 5.2814 5.27821 5.2752 5.27236 5.26972 5.26726 5.26498 5.2629 5.26101 5.2593 5.25779 5.25645 5.2553 5.25432 5.25352 5.2529 5.25245 5.25217 5.25205 
5.24617 5.2464 5.24681 5.24741 5.24819 5.24916 5.25032 5.25166 5.2532 5.25493 5.25686 5.25899 5.26131 5.26384 5.26657 5.26949 5.27262 5.27594 5.27944 5.28314 5.287 5.29104 5.29523 5.29957 5.30403 5.30861 5.31328 5.31803 5.32284 5.32768 5.33253 5.33737 5.34216 5.34689 5.35153 5.35606 5.36043 5.36464 5.36865 5.37245 5.37599 5.37928 5.38227 5.38496 5.38732 5.38935 5.39102 5.39233 5.39327 5.39383 5.39401 5.3938 5.39322 5.39226 5.39093 5.38924 5.3872 5.38483 5.38214 5.37915 5.37588 5.37235 5.36859 5.36461 5.36045 5.35613 5.35168 5.34712 5.34247 5.33778 5.33305 5.32832 5.32361 5.31894 5.31433 5.30982 5.3054 5.30111 5.29695 5.29295 5.28911 5.28545 5.28196 5.27867 5.27557 5.27268 5.26998 5.26749 5.26521 5.26313 5.26126 5.25959 5.25811 5.25684 5.25576 5.25487 5.25418 5.25367 5.25335 5.25321 
5.2474 5.24764 5.24808 5.24872 5.24957 5.25061 5.25186 5.25332 5.25499 5.25688 5.25897 5.26129 5.26382 5.26657 5.26953 5.27272 5.27612 5.27972 5.28354 5.28755 5.29176 5.29614 5.30069 5.3054 5.31024 5.31521 5.32028 5.32542 5.33063 5.33587 5.34112 5.34635 5.35154 5.35665 5.36166 5.36655 5.37127 5.37581 5.38014 5.38423 5.38806 5.39159 5.39482 5.39771 5.40026 5.40244 5.40423 5.40564 5.40665 5.40724 5.40743 5.4072 5.40657 5.40553 5.40409 5.40227 5.40006 5.3975 5.3946 5.39137 5.38784 5.38403 5.37996 5.37566 5.37117 5.3665 5.36168 5.35674 5.35171 5.34663 5.34151 5.33638 5.33127 5.32621 5.32121 5.31631 5.31151 5.30685 5.30233 5.29797 5.29379 5.2898 5.286 5.28241 5.27903 5.27587 5.27292 5.2702 5.2677 5.26542 5.26336 5.26153 5.25991 5.2585 5.25731 5.25633 5.25555 5.25499 5.25462 5.25446 
5.24873 5.24897 5.24944 5.25013 5.25104 5.25217 5.25352 5.25511 5.25692 5.25896 5.26124 5.26376 5.26651 5.26949 5.27272 5.27618 5.27987 5.28379 5.28793 5.29229 5.29685 5.30161 5.30654 5.31164 5.31689 5.32227 5.32776 5.33333 5.33896 5.34462 5.3503 5.35595 5.36155 5.36707 5.37248 5.37774 5.38284 5.38773 5.3924 5.3968 5.40092 5.40472 5.40819 5.4113 5.41404 5.41638 5.41831 5.41982 5.4209 5.42153 5.42173 5.42148 5.4208 5.41967 5.41812 5.41615 5.41377 5.41101 5.40788 5.40439 5.40058 5.39647 5.39209 5.38745 5.3826 5.37755 5.37235 5.36702 5.36158 5.35608 5.35054 5.345 5.33947 5.33398 5.32857 5.32325 5.31805 5.31299 5.30808 5.30335 5.29881 5.29446 5.29033 5.28642 5.28274 5.27929 5.27607 5.2731 5.27037 5.26787 5.26562 5.2636 5.26183 5.26028 5.25897 5.25789 5.25703 5.25639 5.25598 5.25579 
5.25013 5.25039 5.25089 5.25163 5.25261 5.25383 5.2553 5.25701 5.25898 5.26119 5.26366 5.26639 5.26937 5.27262 5.27612 5.27987 5.28387 5.28812 5.29261 5.29734 5.30228 5.30743 5.31277 5.31829 5.32397 5.32979 5.33572 5.34173 5.34781 5.35393 5.36005 5.36614 5.37218 5.37813 5.38395 5.38962 5.39511 5.40037 5.40539 5.41012 5.41455 5.41864 5.42236 5.4257 5.42864 5.43115 5.43322 5.43483 5.43599 5.43667 5.43687 5.4366 5.43586 5.43465 5.43297 5.43085 5.42829 5.42532 5.42195 5.4182 5.4141 5.40967 5.40494 5.39995 5.39472 5.38928 5.38367 5.37792 5.37206 5.36612 5.36014 5.35415 5.34817 5.34225 5.33639 5.33064 5.32501 5.31952 5.31421 5.30908 5.30415 5.29943 5.29494 5.29069 5.28669 5.28293 5.27943 5.27619 5.27321 5.27049 5.26802 5.26582 5.26387 5.26218 5.26074 5.25955 5.2586 5.2579 5.25743 5.25721 
5.25163 5.2519 5.25243 5.25322 5.25428 5.25559 5.25718 5.25903 5.26116 5.26356 5.26624 5.26919 5.27242 5.27594 5.27972 5.28379 5.28812 5.29273 5.29758 5.30269 5.30804 5.3136 5.31938 5.32534 5.33147 5.33774 5.34414 5.35063 5.35718 5.36377 5.37036 5.37692 5.38341 5.38981 5.39607 5.40216 5.40805 5.4137 5.41909 5.42417 5.42891 5.4333 5.43729 5.44087 5.44401 5.4467 5.44892 5.45064 5.45187 5.4526 5.45281 5.45252 5.45172 5.45041 5.44861 5.44633 5.44359 5.44039 5.43677 5.43274 5.42834 5.42358 5.4185 5.41313 5.40751 5.40166 5.39562 5.38943 5.38312 5.37673 5.37028 5.36382 5.35738 5.35098 5.34467 5.33845 5.33237 5.32644 5.32069 5.31514 5.3098 5.30469 5.29983 5.29522 5.29087 5.28679 5.28299 5.27947 5.27622 5.27326 5.27058 5.26817 5.26605 5.26419 5.26262 5.26131 5.26027 5.25949 5.25898 5.25872 
5.25321 5.25349 5.25406 5.25491 5.25604 5.25746 5.25917 5.26117 5.26347 5.26607 5.26896 5.27215 5.27565 5.27944 5.28354 5.28793 5.29261 5.29758 5.30283 5.30834 5.31411 5.32011 5.32634 5.33276 5.33937 5.34612 5.35301 5.35999 5.36703 5.37411 5.38119 5.38824 5.39521 5.40207 5.40879 5.41532 5.42163 5.42769 5.43346 5.43889 5.44397 5.44866 5.45293 5.45676 5.46012 5.46299 5.46536 5.4672 5.46851 5.46929 5.46951 5.46919 5.46833 5.46693 5.465 5.46256 5.45961 5.45619 5.45231 5.44799 5.44327 5.43817 5.43272 5.42696 5.42093 5.41465 5.40817 5.40152 5.39474 5.38787 5.38094 5.374 5.36706 5.36018 5.35337 5.34668 5.34012 5.33373 5.32752 5.32153 5.31576 5.31024 5.30498 5.3 5.29529 5.29087 5.28675 5.28293 5.27941 5.27619 5.27327 5.27066 5.26834 5.26632 5.2646 5.26317 5.26203 5.26117 5.2606 5.26032 
5.25488 5.25517 5.25577 5.25668 5.2579 5.25943 5.26127 5.26343 5.26591 5.2687 5.27183 5.27527 5.27904 5.28314 5.28755 5.29229 5.29734 5.30269 5.30834 5.31428 5.32049 5.32695 5.33364 5.34055 5.34765 5.35491 5.3623 5.36979 5.37735 5.38494 5.39253 5.40008 5.40754 5.41489 5.42208 5.42907 5.43582 5.44229 5.44845 5.45426 5.45968 5.46469 5.46925 5.47333 5.47692 5.47998 5.4825 5.48446 5.48586 5.48668 5.48691 5.48657 5.48564 5.48414 5.48208 5.47947 5.47632 5.47266 5.46851 5.46389 5.45884 5.45339 5.44756 5.4414 5.43494 5.42822 5.42128 5.41416 5.40689 5.39952 5.39209 5.38464 5.3772 5.3698 5.36249 5.35529 5.34824 5.34137 5.33469 5.32823 5.32202 5.31607 5.3104 5.30501 5.29993 5.29516 5.2907 5.28657 5.28275 5.27927 5.27611 5.27327 5.27076 5.26856 5.26669 5.26513 5.26388 5.26295 5.26232 5.262 
5.25663 5.25694 5.25757 5.25855 5.25985 5.26149 5.26347 5.2658 5.26846 5.27147 5.27483 5.27854 5.2826 5.287 5.29176 5.29685 5.30228 5.30804 5.31411 5.32049 5.32715 5.33409 5.34127 5.34868 5.35629 5.36407 5.37198 5.38 5.38809 5.39622 5.40433 5.4124 5.42038 5.42822 5.4359 5.44335 5.45056 5.45746 5.46403 5.47022 5.47599 5.48133 5.48618 5.49053 5.49434 5.49759 5.50027 5.50236 5.50384 5.50471 5.50496 5.50459 5.5036 5.502 5.49979 5.49701 5.49365 5.48975 5.48532 5.4804 5.47501 5.46919 5.46297 5.4564 5.4495 5.44232 5.43491 5.4273 5.41953 5.41165 5.4037 5.39572 5.38775 5.37983 5.37199 5.36428 5.35671 5.34933 5.34216 5.33523 5.32855 5.32215 5.31605 5.31026 5.30478 5.29964 5.29483 5.29037 5.28626 5.28249 5.27907 5.27601 5.27328 5.27091 5.26887 5.26718 5.26583 5.26481 5.26412 5.26376 
5.25846 5.25878 5.25946 5.26049 5.26189 5.26365 5.26578 5.26827 5.27113 5.27436 5.27797 5.28195 5.28631 5.29104 5.29614 5.30161 5.30743 5.3136 5.32011 5.32695 5.33409 5.34151 5.3492 5.35713 5.36526 5.37358 5.38204 5.3906 5.39924 5.40791 5.41656 5.42516 5.43367 5.44203 5.4502 5.45814 5.4658 5.47315 5.48013 5.48671 5.49285 5.49851 5.50367 5.50828 5.51233 5.51578 5.51863 5.52084 5.52241 5.52332 5.52358 5.52318 5.52213 5.52043 5.51808 5.51512 5.51155 5.5074 5.50269 5.49745 5.49172 5.48553 5.47891 5.47191 5.46456 5.45692 5.44902 5.4409 5.43262 5.42421 5.41573 5.40721 5.3987 5.39023 5.38186 5.3736 5.36551 5.35761 5.34993 5.3425 5.33535 5.32848 5.32193 5.31571 5.30983 5.3043 5.29914 5.29434 5.28991 5.28585 5.28217 5.27886 5.27592 5.27336 5.27116 5.26933 5.26786 5.26675 5.266 5.26561 
5.26036 5.2607 5.26142 5.26252 5.26402 5.2659 5.26817 5.27084 5.27391 5.27737 5.28123 5.2855 5.29017 5.29523 5.30069 5.30654 5.31277 5.31938 5.32634 5.33364 5.34127 5.3492 5.35741 5.36587 5.37455 5.38341 5.39243 5.40155 5.41075 5.41998 5.42918 5.43833 5.44737 5.45625 5.46493 5.47336 5.4815 5.48929 5.4967 5.50368 5.51018 5.51619 5.52165 5.52654 5.53082 5.53448 5.53749 5.53983 5.54148 5.54245 5.54272 5.5423 5.54117 5.53937 5.53688 5.53374 5.52995 5.52554 5.52055 5.51499 5.50891 5.50234 5.49531 5.48788 5.48007 5.47195 5.46355 5.45492 5.44611 5.43717 5.42814 5.41906 5.41 5.40097 5.39204 5.38324 5.37461 5.36617 5.35797 5.35003 5.34238 5.33504 5.32803 5.32137 5.31507 5.30914 5.3036 5.29845 5.2937 5.28934 5.28538 5.28183 5.27867 5.2759 5.27353 5.27156 5.26997 5.26877 5.26795 5.26752 
5.26233 5.26268 5.26345 5.26463 5.26622 5.26823 5.27066 5.27351 5.27678 5.28048 5.28461 5.28917 5.29416 5.29957 5.3054 5.31164 5.31829 5.32534 5.33276 5.34055 5.34868 5.35713 5.36587 5.37487 5.38411 5.39353 5.40312 5.41281 5.42258 5.43238 5.44215 5.45185 5.46144 5.47085 5.48005 5.48898 5.49759 5.50584 5.51367 5.52105 5.52794 5.53428 5.54005 5.54522 5.54974 5.55361 5.55678 5.55925 5.561 5.56202 5.5623 5.56185 5.56066 5.55874 5.55611 5.55279 5.54878 5.54412 5.53883 5.53295 5.52651 5.51955 5.51212 5.50424 5.49597 5.48736 5.47846 5.46931 5.45996 5.45047 5.44088 5.43124 5.42161 5.41202 5.40252 5.39316 5.38397 5.37498 5.36625 5.35778 5.34962 5.34179 5.33431 5.3272 5.32047 5.31414 5.30821 5.3027 5.29761 5.29295 5.28871 5.28489 5.2815 5.27854 5.27599 5.27387 5.27216 5.27086 5.26998 5.26951 
5.26437 5.26474 5.26555 5.2668 5.26849 5.27063 5.27322 5.27626 5.27975 5.2837 5.2881 5.29296 5.29827 5.30403 5.31024 5.31689 5.32397 5.33147 5.33937 5.34765 5.35629 5.36526 5.37455 5.38411 5.3939 5.4039 5.41406 5.42434 5.43469 5.44506 5.45541 5.46567 5.47581 5.48576 5.49548 5.50492 5.51401 5.52272 5.53099 5.53878 5.54604 5.55273 5.55881 5.56425 5.56902 5.57309 5.57643 5.57903 5.58087 5.58194 5.58224 5.58175 5.5805 5.57848 5.5757 5.57219 5.56796 5.56305 5.55747 5.55126 5.54446 5.53712 5.52926 5.52094 5.5122 5.5031 5.49368 5.484 5.47411 5.46407 5.45391 5.4437 5.43349 5.42333 5.41325 5.40332 5.39356 5.38402 5.37473 5.36574 5.35706 5.34873 5.34077 5.33319 5.32602 5.31927 5.31296 5.30708 5.30165 5.29666 5.29213 5.28805 5.28443 5.28125 5.27853 5.27625 5.27441 5.27302 5.27208 5.27157 
5.26646 5.26685 5.26771 5.26903 5.27083 5.27311 5.27586 5.27909 5.2828 5.28699 5.29167 5.29684 5.30249 5.30861 5.31521 5.32227 5.32979 5.33774 5.34612 5.35491 5.36407 5.37358 5.38341 5.39353 5.4039 5.41448 5.42523 5.43609 5.44703 5.45798 5.4689 5.47974 5.49043 5.50093 5.51117 5.52112 5.5307 5.53987 5.54857 5.55677 5.5644 5.57144 5.57784 5.58356 5.58857 5.59285 5.59636 5.59909 5.60102 5.60214 5.60245 5.60194 5.60062 5.59849 5.59557 5.59187 5.58742 5.58225 5.57638 5.56984 5.56269 5.55495 5.54667 5.5379 5.52869 5.5191 5.50917 5.49895 5.48851 5.4779 5.46718 5.45639 5.4456 5.43485 5.42419 5.41368 5.40334 5.39324 5.3834 5.37386 5.36466 5.35582 5.34737 5.33932 5.33171 5.32453 5.31781 5.31156 5.30578 5.30047 5.29564 5.29129 5.28743 5.28404 5.28113 5.2787 5.27673 5.27525 5.27423 5.27368 
5.26861 5.26902 5.26992 5.27132 5.27323 5.27564 5.27855 5.28198 5.28592 5.29037 5.29533 5.30081 5.30679 5.31328 5.32028 5.32776 5.33572 5.34414 5.35301 5.3623 5.37198 5.38204 5.39243 5.40312 5.41406 5.42523 5.43656 5.44802 5.45954 5.47108 5.48258 5.49399 5.50524 5.51628 5.52706 5.53751 5.54757 5.5572 5.56635 5.57495 5.58297 5.59035 5.59706 5.60306 5.60832 5.6128 5.61648 5.61934 5.62136 5.62253 5.62285 5.62231 5.62092 5.61869 5.61562 5.61175 5.60708 5.60164 5.59548 5.58862 5.5811 5.57297 5.56427 5.55506 5.54538 5.53528 5.52484 5.51409 5.5031 5.49193 5.48063 5.46926 5.45788 5.44654 5.4353 5.4242 5.41329 5.40261 5.39221 5.38213 5.37239 5.36304 5.35409 5.34557 5.3375 5.32989 5.32276 5.31613 5.30999 5.30435 5.29923 5.29461 5.29049 5.28689 5.28379 5.2812 5.27911 5.27752 5.27643 5.27584 
5.2708 5.27122 5.27217 5.27366 5.27567 5.27822 5.2813 5.28493 5.28909 5.2938 5.29905 5.30484 5.31117 5.31803 5.32542 5.33333 5.34173 5.35063 5.35999 5.36979 5.38 5.3906 5.40155 5.41281 5.42434 5.43609 5.44802 5.46006 5.47218 5.48431 5.49639 5.50836 5.52017 5.53176 5.54306 5.55402 5.56457 5.57466 5.58424 5.59325 5.60164 5.60937 5.61639 5.62267 5.62816 5.63285 5.63669 5.63968 5.6418 5.64302 5.64335 5.64279 5.64133 5.63899 5.63578 5.63172 5.62683 5.62115 5.61469 5.6075 5.59963 5.59111 5.58199 5.57233 5.56218 5.55159 5.54063 5.52935 5.51781 5.50607 5.4942 5.48225 5.47028 5.45836 5.44652 5.43483 5.42334 5.41209 5.40113 5.3905 5.38022 5.37035 5.3609 5.3519 5.34337 5.33533 5.32779 5.32077 5.31427 5.3083 5.30287 5.29797 5.29361 5.28979 5.2865 5.28375 5.28153 5.27984 5.27868 5.27804 
5.27302 5.27346 5.27446 5.27603 5.27815 5.28084 5.28409 5.28792 5.29231 5.29728 5.30282 5.30893 5.3156 5.32284 5.33063 5.33896 5.34781 5.35718 5.36703 5.37735 5.38809 5.39924 5.41075 5.42258 5.43469 5.44703 5.45954 5.47218 5.48488 5.4976 5.51025 5.5228 5.53516 5.54729 5.55911 5.57057 5.5816 5.59215 5.60216 5.61157 5.62034 5.62841 5.63574 5.64229 5.64802 5.65291 5.65692 5.66004 5.66224 5.66352 5.66386 5.66327 5.66175 5.65931 5.65595 5.65171 5.64661 5.64067 5.63392 5.62642 5.61819 5.60928 5.59975 5.58965 5.57903 5.56795 5.55648 5.54466 5.53258 5.52028 5.50784 5.49531 5.48275 5.47024 5.45781 5.44554 5.43346 5.42164 5.41011 5.39893 5.38812 5.37772 5.36777 5.35829 5.3493 5.34082 5.33287 5.32546 5.3186 5.3123 5.30656 5.30138 5.29677 5.29273 5.28925 5.28633 5.28398 5.28219 5.28096 5.28028 
5.27527 5.27573 5.27678 5.27842 5.28065 5.28348 5.28691 5.29094 5.29556 5.30079 5.30662 5.31305 5.32007 5.32768 5.33587 5.34462 5.35393 5.36377 5.37411 5.38494 5.39622 5.40791 5.41998 5.43238 5.44506 5.45798 5.47108 5.48431 5.4976 5.51089 5.52412 5.53722 5.55014 5.5628 5.57514 5.5871 5.5986 5.6096 5.62004 5.62984 5.63897 5.64738 5.65501 5.66183 5.66781 5.67289 5.67707 5.68031 5.6826 5.68393 5.68428 5.68367 5.68208 5.67954 5.67605 5.67163 5.66631 5.66012 5.65309 5.64527 5.63669 5.62741 5.61747 5.60693 5.59585 5.58428 5.5723 5.55996 5.54734 5.53448 5.52147 5.50837 5.49523 5.48213 5.46912 5.45626 5.44361 5.43121 5.41912 5.40739 5.39604 5.38513 5.37467 5.36471 5.35526 5.34634 5.33798 5.33018 5.32296 5.31632 5.31027 5.30482 5.29996 5.29569 5.29202 5.28894 5.28646 5.28456 5.28326 5.28254 
5.27753 5.27801 5.27911 5.28083 5.28317 5.28614 5.28974 5.29397 5.29883 5.30431 5.31043 5.31718 5.32455 5.33253 5.34112 5.3503 5.36005 5.37036 5.38119 5.39253 5.40433 5.41656 5.42918 5.44215 5.45541 5.4689 5.48258 5.49639 5.51025 5.52412 5.53791 5.55158 5.56503 5.57822 5.59107 5.60351 5.61549 5.62693 5.63778 5.64798 5.65747 5.6662 5.67413 5.68122 5.68742 5.6927 5.69704 5.7004 5.70278 5.70416 5.70453 5.70388 5.70224 5.69959 5.69596 5.69137 5.68585 5.67941 5.67211 5.66397 5.65505 5.6454 5.63505 5.62409 5.61255 5.60051 5.58803 5.57517 5.56201 5.54861 5.53504 5.52137 5.50766 5.49397 5.48039 5.46695 5.45372 5.44076 5.42812 5.41583 5.40396 5.39253 5.38157 5.37113 5.36122 5.35187 5.34309 5.33491 5.32732 5.32035 5.314 5.30826 5.30315 5.29867 5.29481 5.29157 5.28895 5.28695 5.28557 5.28482 
5.27979 5.28029 5.28144 5.28324 5.28569 5.2888 5.29257 5.297 5.30209 5.30783 5.31424 5.3213 5.32901 5.33737 5.34635 5.35595 5.36614 5.37692 5.38824 5.40008 5.4124 5.42516 5.43833 5.45185 5.46567 5.47974 5.49399 5.50836 5.5228 5.53722 5.55158 5.56578 5.57977 5.59347 5.60682 5.61974 5.63217 5.64405 5.6553 5.66588 5.67572 5.68478 5.693 5.70034 5.70677 5.71224 5.71673 5.72022 5.72268 5.72411 5.72449 5.72382 5.72211 5.71937 5.71561 5.71085 5.70512 5.69845 5.69088 5.68244 5.67319 5.66316 5.65243 5.64104 5.62906 5.61656 5.60359 5.59023 5.57654 5.5626 5.54848 5.53425 5.51997 5.50572 5.49156 5.47755 5.46376 5.45024 5.43705 5.42423 5.41182 5.39988 5.38843 5.37752 5.36715 5.35737 5.34819 5.33962 5.33168 5.32437 5.31771 5.3117 5.30635 5.30164 5.29759 5.29419 5.29144 5.28934 5.28789 5.28709 
5.28204 5.28256 5.28376 5.28564 5.2882 5.29145 5.29539 5.30001 5.30533 5.31133 5.31802 5.32539 5.33344 5.34216 5.35154 5.36155 5.37218 5.38341 5.39521 5.40754 5.42038 5.43367 5.44737 5.46144 5.47581 5.49043 5.50524 5.52017 5.53516 5.55014 5.56503 5.57977 5.59428 5.60848 5.62231 5.6357 5.64858 5.66087 5.67253 5.68347 5.69366 5.70303 5.71153 5.71912 5.72577 5.73142 5.73607 5.73967 5.74221 5.74369 5.74408 5.74339 5.74162 5.73879 5.7349 5.72998 5.72405 5.71715 5.70931 5.70058 5.691 5.68063 5.66951 5.65772 5.64531 5.63234 5.6189 5.60504 5.59084 5.57638 5.56172 5.54694 5.53211 5.5173 5.50259 5.48802 5.47368 5.45961 5.44587 5.43252 5.4196 5.40716 5.39522 5.38384 5.37303 5.36282 5.35323 5.34429 5.33599 5.32836 5.3214 5.31512 5.30952 5.30459 5.30035 5.29679 5.29391 5.29172 5.2902 5.28936 
5.28427 5.28481 5.28605 5.28801 5.29068 5.29407 5.29817 5.30299 5.30853 5.31478 5.32175 5.32943 5.33782 5.34689 5.35665 5.36707 5.37813 5.38981 5.40207 5.41489 5.42822 5.44203 5.45625 5.47085 5.48576 5.50093 5.51628 5.53176 5.54729 5.5628 5.57822 5.59347 5.60848 5.62317 5.63748 5.65132 5.66462 5.67733 5.68936 5.70067 5.71118 5.72085 5.72963 5.73746 5.74432 5.75015 5.75494 5.75866 5.76128 5.7628 5.76321 5.76249 5.76067 5.75775 5.75373 5.74866 5.74254 5.73542 5.72733 5.71831 5.70842 5.6977 5.68622 5.67403 5.6612 5.64779 5.63389 5.61955 5.60485 5.58988 5.5747 5.55939 5.54402 5.52867 5.51341 5.4983 5.48341 5.46881 5.45454 5.44068 5.42725 5.41431 5.40191 5.39006 5.37882 5.36819 5.35821 5.34889 5.34025 5.3323 5.32504 5.31849 5.31265 5.30751 5.30309 5.29937 5.29636 5.29407 5.29248 5.2916 
5.28646 5.28702 5.28831 5.29035 5.29313 5.29664 5.30091 5.30592 5.31168 5.31818 5.32542 5.3334 5.34211 5.35153 5.36166 5.37248 5.38395 5.39607 5.40879 5.42208 5.4359 5.4502 5.46493 5.48005 5.49548 5.51117 5.52706 5.54306 5.55911 5.57514 5.59107 5.60682 5.62231 5.63748 5.65223 5.66651 5.68023 5.69333 5.70573 5.71738 5.72821 5.73817 5.74721 5.75528 5.76233 5.76834 5.77327 5.7771 5.7798 5.78136 5.78177 5.78104 5.77917 5.77615 5.77202 5.76679 5.7605 5.75316 5.74483 5.73554 5.72534 5.7143 5.70246 5.68989 5.67666 5.66283 5.64847 5.63367 5.6185 5.60303 5.58735 5.57152 5.55563 5.53976 5.52397 5.50833 5.49292 5.47779 5.46302 5.44865 5.43473 5.42131 5.40844 5.39616 5.38448 5.37345 5.36308 5.3534 5.34442 5.33616 5.32862 5.3218 5.31572 5.31038 5.30577 5.3019 5.29877 5.29638 5.29473 5.29381 
5.28861 5.28919 5.29053 5.29263 5.29551 5.29916 5.30359 5.30878 5.31475 5.32149 5.329 5.33727 5.34629 5.35606 5.36655 5.37774 5.38962 5.40216 5.41532 5.42907 5.44335 5.45814 5.47336 5.48898 5.50492 5.52112 5.53751 5.55402 5.57057 5.5871 5.60351 5.61974 5.6357 5.65132 5.66651 5.6812 5.69532 5.70879 5.72155 5.73353 5.74466 5.7549 5.76419 5.77248 5.77973 5.7859 5.79096 5.79489 5.79766 5.79927 5.7997 5.79894 5.79702 5.79392 5.78968 5.78431 5.77784 5.7703 5.76173 5.75218 5.7417 5.73034 5.71816 5.70523 5.69161 5.67737 5.66259 5.64735 5.63171 5.61577 5.5996 5.58328 5.56689 5.55051 5.53421 5.51806 5.50215 5.48652 5.47125 5.45639 5.442 5.42812 5.4148 5.40208 5.39 5.37857 5.36783 5.3578 5.34849 5.33992 5.3321 5.32503 5.31872 5.31318 5.3084 5.30438 5.30113 5.29864 5.29692 5.29597 
5.2907 5.29129 5.29268 5.29486 5.29783 5.30161 5.30618 5.31156 5.31773 5.3247 5.33247 5.34102 5.35034 5.36043 5.37127 5.38284 5.39511 5.40805 5.42163 5.43582 5.45056 5.4658 5.4815 5.49759 5.51401 5.5307 5.54757 5.56457 5.5816 5.5986 5.61549 5.63217 5.64858 5.66462 5.68023 5.69532 5.70982 5.72364 5.73674 5.74903 5.76045 5.77095 5.78048 5.78898 5.79641 5.80274 5.80793 5.81196 5.8148 5.81644 5.81688 5.81611 5.81414 5.81097 5.80662 5.80111 5.79447 5.78674 5.77796 5.76816 5.7574 5.74574 5.73324 5.71996 5.70597 5.69135 5.67616 5.66049 5.64442 5.62803 5.61139 5.5946 5.57773 5.56086 5.54408 5.52745 5.51104 5.49493 5.47919 5.46386 5.44901 5.43469 5.42094 5.40781 5.39533 5.38352 5.37242 5.36206 5.35243 5.34357 5.33548 5.32816 5.32164 5.31589 5.31094 5.30678 5.30342 5.30084 5.29906 5.29806 
5.29271 5.29332 5.29475 5.297 5.30007 5.30397 5.30869 5.31423 5.3206 5.3278 5.3358 5.34462 5.35424 5.36464 5.37581 5.38773 5.40037 5.4137 5.42769 5.44229 5.45746 5.47315 5.48929 5.50584 5.52272 5.53987 5.5572 5.57466 5.59215 5.6096 5.62693 5.64405 5.66087 5.67733 5.69333 5.70879 5.72364 5.73781 5.75122 5.76381 5.7755 5.78625 5.796 5.8047 5.81231 5.81878 5.82409 5.82821 5.83112 5.83281 5.83326 5.83247 5.83045 5.8272 5.82275 5.81712 5.81033 5.80241 5.79342 5.78339 5.77238 5.76044 5.74763 5.73402 5.71968 5.70469 5.68912 5.67305 5.65656 5.63974 5.62266 5.60542 5.5881 5.57077 5.55352 5.53642 5.51956 5.50299 5.48679 5.47102 5.45574 5.441 5.42684 5.41331 5.40044 5.38828 5.37684 5.36614 5.35622 5.34707 5.33872 5.33118 5.32444 5.31851 5.3134 5.3091 5.30562 5.30296 5.30112 5.30009 
5.29464 5.29526 5.29673 5.29905 5.30221 5.30622 5.31108 5.31679 5.32335 5.33075 5.33899 5.34806 5.35795 5.36865 5.38014 5.3924 5.40539 5.41909 5.43346 5.44845 5.46403 5.48013 5.4967 5.51367 5.53099 5.54857 5.56635 5.58424 5.60216 5.62004 5.63778 5.6553 5.67253 5.68936 5.70573 5.72155 5.73674 5.75122 5.76493 5.77779 5.78974 5.80073 5.81069 5.81957 5.82734 5.83395 5.83938 5.84358 5.84655 5.84827 5.84873 5.84793 5.84587 5.84255 5.83801 5.83226 5.82532 5.81724 5.80805 5.7978 5.78655 5.77434 5.76125 5.74733 5.73267 5.71733 5.7014 5.68495 5.66807 5.65084 5.63335 5.61569 5.59793 5.58017 5.56249 5.54495 5.52765 5.51065 5.49402 5.47783 5.46214 5.44699 5.43244 5.41854 5.40532 5.39281 5.38104 5.37004 5.35983 5.35042 5.34182 5.33405 5.32711 5.32101 5.31574 5.31132 5.30773 5.30499 5.30309 5.30202 
5.29646 5.29711 5.29861 5.30099 5.30424 5.30836 5.31335 5.31921 5.32595 5.33354 5.342 5.35132 5.36147 5.37245 5.38423 5.3968 5.41012 5.42417 5.43889 5.45426 5.47022 5.48671 5.50368 5.52105 5.53878 5.55677 5.57495 5.59325 5.61157 5.62984 5.64798 5.66588 5.68347 5.70067 5.71738 5.73353 5.74903 5.76381 5.77779 5.79091 5.8031 5.8143 5.82446 5.83352 5.84144 5.84818 5.8537 5.85799 5.86102 5.86277 5.86324 5.86242 5.86032 5.85695 5.85231 5.84645 5.83938 5.83114 5.82177 5.81132 5.79984 5.78739 5.77403 5.75983 5.74486 5.7292 5.71293 5.69613 5.67888 5.66128 5.6434 5.62534 5.60719 5.58902 5.57092 5.55298 5.53527 5.51786 5.50084 5.48425 5.46817 5.45265 5.43773 5.42348 5.40991 5.39708 5.38501 5.37372 5.36324 5.35358 5.34475 5.33677 5.32965 5.32337 5.31796 5.31341 5.30973 5.30691 5.30495 5.30386 
5.29818 5.29884 5.30038 5.30282 5.30615 5.31037 5.31548 5.32149 5.32838 5.33616 5.34483 5.35436 5.36476 5.37599 5.38806 5.40092 5.41455 5.42891 5.44397 5.45968 5.47599 5.49285 5.51018 5.52794 5.54604 5.5644 5.58297 5.60164 5.62034 5.63897 5.65747 5.67572 5.69366 5.71118 5.72821 5.74466 5.76045 5.7755 5.78974 5.8031 5.81551 5.82691 5.83725 5.84646 5.85452 5.86138 5.867 5.87137 5.87445 5.87623 5.87671 5.87588 5.87374 5.87031 5.8656 5.85963 5.85244 5.84405 5.83452 5.82388 5.81219 5.79951 5.78591 5.77144 5.75619 5.74024 5.72365 5.70653 5.68895 5.67099 5.65276 5.63433 5.61581 5.59726 5.57879 5.56046 5.54237 5.52459 5.50719 5.49024 5.4738 5.45793 5.44267 5.42809 5.41421 5.40108 5.38872 5.37717 5.36643 5.35654 5.3475 5.33932 5.33202 5.32559 5.32005 5.31538 5.31161 5.30871 5.30671 5.30559 
5.29978 5.30044 5.30202 5.30451 5.30791 5.31223 5.31745 5.32359 5.33064 5.33859 5.34744 5.35718 5.3678 5.37928 5.39159 5.40472 5.41864 5.4333 5.44866 5.46469 5.48133 5.49851 5.51619 5.53428 5.55273 5.57144 5.59035 5.60937 5.62841 5.64738 5.6662 5.68478 5.70303 5.72085 5.73817 5.7549 5.77095 5.78625 5.80073 5.8143 5.82691 5.83849 5.84899 5.85836 5.86654 5.87351 5.87922 5.88365 5.88678 5.88859 5.88908 5.88823 5.88606 5.88258 5.87779 5.87174 5.86443 5.85591 5.84622 5.83542 5.82354 5.81065 5.79682 5.78212 5.76662 5.75039 5.73352 5.7161 5.6982 5.67993 5.66137 5.64261 5.62374 5.60485 5.58603 5.56736 5.54892 5.53079 5.51305 5.49576 5.47899 5.4628 5.44723 5.43235 5.41818 5.40477 5.39216 5.38035 5.36939 5.35928 5.35004 5.34168 5.33422 5.32765 5.32198 5.31721 5.31335 5.31039 5.30834 5.30719 
5.30124 5.30192 5.30353 5.30606 5.30953 5.31393 5.31926 5.32552 5.3327 5.34081 5.34983 5.35976 5.37058 5.38227 5.39482 5.40819 5.42236 5.43729 5.45293 5.46925 5.48618 5.50367 5.52165 5.54005 5.55881 5.57784 5.59706 5.61639 5.63574 5.65501 5.67413 5.693 5.71153 5.72963 5.74721 5.76419 5.78048 5.796 5.81069 5.82446 5.83725 5.84899 5.85964 5.86913 5.87743 5.8845 5.89029 5.89478 5.89795 5.89979 5.90028 5.89943 5.89723 5.8937 5.88885 5.88271 5.8753 5.86666 5.85684 5.84588 5.83383 5.82076 5.80673 5.79181 5.77607 5.7596 5.74247 5.72478 5.70661 5.68805 5.66919 5.65013 5.63095 5.61175 5.59261 5.57363 5.55487 5.53643 5.51838 5.50079 5.48372 5.46724 5.45139 5.43623 5.4218 5.40814 5.39529 5.38326 5.37208 5.36178 5.35236 5.34384 5.33623 5.32953 5.32375 5.31888 5.31494 5.31192 5.30983 5.30866 
5.30255 5.30325 5.30488 5.30746 5.31099 5.31547 5.32089 5.32725 5.33456 5.3428 5.35198 5.36207 5.37307 5.38496 5.39771 5.4113 5.4257 5.44087 5.45676 5.47333 5.49053 5.50828 5.52654 5.54522 5.56425 5.58356 5.60306 5.62267 5.64229 5.66183 5.68122 5.70034 5.71912 5.73746 5.75528 5.77248 5.78898 5.8047 5.81957 5.83352 5.84646 5.85836 5.86913 5.87875 5.88715 5.89429 5.90016 5.9047 5.90792 5.90978 5.91027 5.90941 5.90719 5.90361 5.89871 5.89249 5.88499 5.87625 5.86631 5.85521 5.84301 5.82977 5.81556 5.80045 5.78451 5.76782 5.75046 5.73253 5.71411 5.6953 5.67618 5.65685 5.63739 5.61792 5.5985 5.57923 5.5602 5.54148 5.52315 5.50529 5.48795 5.47121 5.45511 5.43971 5.42505 5.41116 5.39809 5.38587 5.3745 5.36403 5.35445 5.34578 5.33804 5.33122 5.32534 5.32039 5.31638 5.3133 5.31117 5.30998 
5.30372 5.30442 5.30608 5.3087 5.31228 5.31682 5.32232 5.32878 5.3362 5.34456 5.35387 5.36411 5.37527 5.38732 5.40026 5.41404 5.42864 5.44401 5.46012 5.47692 5.49434 5.51233 5.53082 5.54974 5.56902 5.58857 5.60832 5.62816 5.64802 5.66781 5.68742 5.70677 5.72577 5.74432 5.76233 5.77973 5.79641 5.81231 5.82734 5.84144 5.85452 5.86654 5.87743 5.88715 5.89563 5.90286 5.90878 5.91338 5.91662 5.9185 5.91901 5.91813 5.91589 5.91228 5.90732 5.90104 5.89346 5.88463 5.87458 5.86336 5.85104 5.83765 5.82329 5.80801 5.79189 5.77501 5.75746 5.73932 5.72068 5.70164 5.68229 5.66273 5.64304 5.62332 5.60366 5.58414 5.56487 5.54591 5.52734 5.50924 5.49167 5.4747 5.45838 5.44276 5.42789 5.41382 5.40056 5.38816 5.37663 5.366 5.35628 5.34749 5.33963 5.33271 5.32674 5.32172 5.31764 5.31452 5.31236 5.31115 
5.30472 5.30543 5.30711 5.30976 5.31339 5.31799 5.32356 5.3301 5.3376 5.34607 5.35549 5.36586 5.37715 5.38935 5.40244 5.41638 5.43115 5.4467 5.46299 5.47998 5.49759 5.51578 5.53448 5.55361 5.57309 5.59285 5.6128 5.63285 5.65291 5.67289 5.6927 5.71224 5.73142 5.75015 5.76834 5.7859 5.80274 5.81878 5.83395 5.84818 5.86138 5.87351 5.8845 5.89429 5.90286 5.91014 5.91612 5.92075 5.92403 5.92592 5.92643 5.92555 5.92329 5.91965 5.91465 5.90831 5.90067 5.89176 5.88162 5.87031 5.85787 5.84436 5.82986 5.81444 5.79817 5.78113 5.76341 5.74509 5.72627 5.70705 5.6875 5.66774 5.64784 5.62792 5.60805 5.58833 5.56885 5.54968 5.53091 5.5126 5.49484 5.47767 5.46117 5.44537 5.43033 5.41609 5.40267 5.39012 5.37846 5.3677 5.35786 5.34896 5.341 5.33399 5.32795 5.32286 5.31874 5.31558 5.31338 5.31216 
5.30555 5.30627 5.30797 5.31065 5.31431 5.31896 5.32458 5.33119 5.33877 5.34732 5.35684 5.3673 5.3787 5.39102 5.40423 5.41831 5.43322 5.44892 5.46536 5.4825 5.50027 5.51863 5.53749 5.55678 5.57643 5.59636 5.61648 5.63669 5.65692 5.67707 5.69704 5.71673 5.73607 5.75494 5.77327 5.79096 5.80793 5.82409 5.83938 5.8537 5.867 5.87922 5.89029 5.90016 5.90878 5.91612 5.92214 5.9268 5.9301 5.93201 5.93253 5.93164 5.92936 5.92569 5.92066 5.91428 5.90658 5.89761 5.8874 5.876 5.86347 5.84986 5.83526 5.81972 5.80332 5.78615 5.76829 5.74983 5.73086 5.71148 5.69178 5.67185 5.65179 5.6317 5.61166 5.59177 5.57212 5.55278 5.53384 5.51537 5.49745 5.48013 5.46347 5.44752 5.43234 5.41796 5.40442 5.39174 5.37996 5.3691 5.35916 5.35017 5.34213 5.33506 5.32895 5.32381 5.31964 5.31645 5.31423 5.313 
5.30621 5.30694 5.30865 5.31135 5.31504 5.31972 5.32539 5.33204 5.33968 5.3483 5.35789 5.36843 5.37992 5.39233 5.40564 5.41982 5.43483 5.45064 5.4672 5.48446 5.50236 5.52084 5.53983 5.55925 5.57903 5.59909 5.61934 5.63968 5.66004 5.68031 5.7004 5.72022 5.73967 5.75866 5.7771 5.79489 5.81196 5.82821 5.84358 5.85799 5.87137 5.88365 5.89478 5.9047 5.91338 5.92075 5.9268 5.9315 5.93481 5.93673 5.93725 5.93636 5.93407 5.93038 5.92532 5.91891 5.91117 5.90214 5.89188 5.88041 5.86781 5.85413 5.83944 5.82381 5.80732 5.79004 5.77208 5.75351 5.73442 5.71492 5.6951 5.67504 5.65486 5.63463 5.61447 5.59445 5.57466 5.55519 5.53613 5.51753 5.49948 5.48204 5.46526 5.4492 5.43391 5.41942 5.40578 5.39301 5.38114 5.3702 5.36019 5.35113 5.34303 5.33589 5.32974 5.32456 5.32036 5.31714 5.31491 5.31366 
5.3067 5.30742 5.30914 5.31186 5.31557 5.32027 5.32597 5.33267 5.34035 5.34901 5.35865 5.36925 5.38079 5.39327 5.40665 5.4209 5.43599 5.45187 5.46851 5.48586 5.50384 5.52241 5.54148 5.561 5.58087 5.60102 5.62136 5.6418 5.66224 5.6826 5.70278 5.72268 5.74221 5.76128 5.7798 5.79766 5.8148 5.83112 5.84655 5.86102 5.87445 5.88678 5.89795 5.90792 5.91662 5.92403 5.9301 5.93481 5.93814 5.94007 5.94059 5.9397 5.93739 5.93369 5.92861 5.92217 5.91441 5.90535 5.89504 5.88353 5.87088 5.85714 5.84239 5.8267 5.81014 5.79279 5.77475 5.7561 5.73694 5.71735 5.69744 5.6773 5.65702 5.63671 5.61645 5.59634 5.57646 5.5569 5.53774 5.51906 5.50092 5.48339 5.46653 5.45039 5.43502 5.42047 5.40675 5.39392 5.38199 5.37098 5.36092 5.35181 5.34367 5.3365 5.33031 5.3251 5.32088 5.31764 5.3154 5.31414 
5.307 5.30773 5.30945 5.31217 5.3159 5.32062 5.32633 5.33305 5.34075 5.34944 5.35911 5.36974 5.38132 5.39383 5.40724 5.42153 5.43667 5.4526 5.46929 5.48668 5.50471 5.52332 5.54245 5.56202 5.58194 5.60214 5.62253 5.64302 5.66352 5.68393 5.70416 5.72411 5.74369 5.7628 5.78136 5.79927 5.81644 5.83281 5.84827 5.86277 5.87623 5.88859 5.89979 5.90978 5.9185 5.92592 5.93201 5.93673 5.94007 5.942 5.94252 5.94163 5.93932 5.93561 5.93052 5.92407 5.91628 5.9072 5.89687 5.88533 5.87265 5.85888 5.8441 5.82836 5.81177 5.79438 5.7763 5.7576 5.73839 5.71875 5.69879 5.6786 5.65827 5.63791 5.6176 5.59743 5.5775 5.55789 5.53869 5.51995 5.50176 5.48419 5.46728 5.4511 5.43568 5.42108 5.40733 5.39446 5.3825 5.37146 5.36136 5.35223 5.34406 5.33687 5.33066 5.32544 5.3212 5.31796 5.3157 5.31444 
