4.023 4.02319 4.02342 4.02368 4.02398 4.02431 4.02467 4.02506 4.02549 4.02597 4.02648 4.02703 4.02764 4.02829 4.02899 4.02975 4.03056 4.03143 4.03237 4.03336 4.03442 4.03555 4.03674 4.03799 4.0393 4.04067 4.0421 4.04357 4.04508 4.04664 4.04822 4.04983 4.05144 4.05306 4.05467 4.05627 4.05783 4.05935 4.06082 4.06222 4.06355 4.06479 4.06594 4.06698 4.0679 4.0687 4.06937 4.0699 4.07029 4.07054 4.07064 4.0706 4.0704 4.07007 4.06959 4.06898 4.06823 4.06736 4.06638 4.06529 4.0641 4.06282 4.06147 4.06006 4.05859 4.05708 4.05554 4.05398 4.05241 4.05085 4.0493 4.04777 4.04628 4.04483 4.04342 4.04207 4.04078 4.03956 4.0384 4.03732 4.03631 4.03537 4.03451 4.03373 4.03302 4.03239 4.03183 4.03134 4.03092 4.03056 4.03026 4.03003 4.02985 4.02972 4.02964 4.02961 4.02962 4.02967 4.02976 4.02989 
4.02319 4.02339 4.02362 4.02388 4.02418 4.0245 4.02487 4.02526 4.0257 4.02617 4.02669 4.02724 4.02785 4.02851 4.02921 4.02998 4.0308 4.03168 4.03262 4.03363 4.0347 4.03583 4.03704 4.0383 4.03963 4.04101 4.04245 4.04394 4.04548 4.04705 4.04865 4.05027 4.05191 4.05355 4.05518 4.05679 4.05837 4.05992 4.0614 4.06282 4.06417 4.06542 4.06658 4.06764 4.06857 4.06938 4.07006 4.0706 4.07099 4.07124 4.07134 4.0713 4.0711 4.07076 4.07028 4.06965 4.0689 4.06802 4.06702 4.06592 4.06471 4.06342 4.06205 4.06062 4.05913 4.0576 4.05604 4.05447 4.05288 4.0513 4.04973 4.04819 4.04668 4.04521 4.04379 4.04242 4.04111 4.03987 4.03871 4.03761 4.03659 4.03564 4.03477 4.03398 4.03327 4.03263 4.03206 4.03156 4.03114 4.03077 4.03048 4.03024 4.03005 4.02992 4.02984 4.02981 4.02982 4.02987 4.02996 4.03009 
4.02342 4.02362 4.02385 4.02411 4.02441 4.02475 4.02511 4.02552 4.02596 4.02645 4.02697 4.02755 4.02817 4.02884 4.02957 4.03036 4.0312 4.03211 4.03308 4.03412 4.03523 4.0364 4.03764 4.03895 4.04032 4.04175 4.04324 4.04478 4.04636 4.04799 4.04965 4.05132 4.05302 4.05471 4.05639 4.05806 4.05969 4.06128 4.06282 4.06429 4.06567 4.06697 4.06817 4.06925 4.07022 4.07105 4.07175 4.07231 4.07271 4.07297 4.07307 4.07303 4.07282 4.07247 4.07197 4.07132 4.07054 4.06963 4.0686 4.06746 4.06622 4.06488 4.06347 4.06198 4.06045 4.05887 4.05725 4.05562 4.05398 4.05235 4.05073 4.04913 4.04757 4.04605 4.04458 4.04316 4.04181 4.04053 4.03932 4.03818 4.03712 4.03614 4.03524 4.03442 4.03368 4.03301 4.03243 4.03191 4.03146 4.03108 4.03077 4.03052 4.03032 4.03018 4.03009 4.03005 4.03006 4.0301 4.03019 4.03032 
4.02368 4.02388 4.02411 4.02438 4.02469 4.02503 4.02541 4.02583 4.02629 4.02679 4.02734 4.02794 4.02859 4.0293 4.03006 4.03089 4.03177 4.03273 4.03375 4.03485 4.03601 4.03725 4.03856 4.03994 4.04138 4.04289 4.04446 4.04609 4.04776 4.04947 4.05121 4.05298 4.05476 4.05655 4.05832 4.06007 4.06179 4.06347 4.06508 4.06662 4.06808 4.06944 4.0707 4.07184 4.07285 4.07373 4.07446 4.07504 4.07547 4.07573 4.07584 4.07579 4.07557 4.0752 4.07467 4.07399 4.07317 4.07221 4.07112 4.06992 4.06861 4.06721 4.06572 4.06416 4.06254 4.06087 4.05917 4.05745 4.05572 4.054 4.05229 4.05061 4.04896 4.04735 4.0458 4.04431 4.04288 4.04153 4.04025 4.03904 4.03792 4.03688 4.03593 4.03506 4.03427 4.03356 4.03293 4.03238 4.0319 4.03149 4.03115 4.03088 4.03066 4.0305 4.0304 4.03035 4.03034 4.03038 4.03046 4.03058 
4.02398 4.02418 4.02441 4.02469 4.025 4.02536 4.02576 4.02619 4.02668 4.02721 4.02779 4.02843 4.02912 4.02987 4.03069 4.03157 4.03252 4.03354 4.03464 4.03582 4.03707 4.03839 4.0398 4.04128 4.04283 4.04445 4.04613 4.04787 4.04966 4.0515 4.05337 4.05526 4.05717 4.05907 4.06097 4.06285 4.06468 4.06647 4.06819 4.06984 4.0714 4.07285 4.07419 4.0754 4.07648 4.07741 4.07819 4.07881 4.07926 4.07955 4.07966 4.0796 4.07936 4.07896 4.07839 4.07767 4.07679 4.07576 4.0746 4.07331 4.07191 4.07041 4.06881 4.06714 4.06541 4.06363 4.06181 4.05997 4.05812 4.05627 4.05444 4.05263 4.05086 4.04914 4.04747 4.04587 4.04433 4.04287 4.04149 4.0402 4.03899 4.03787 4.03683 4.03589 4.03503 4.03426 4.03358 4.03297 4.03245 4.032 4.03162 4.03131 4.03106 4.03088 4.03076 4.03068 4.03066 4.03069 4.03076 4.03088 
4.02431 4.0245 4.02475 4.02503 4.02536 4.02573 4.02615 4.02662 4.02713 4.0277 4.02833 4.02901 4.02976 4.03057 4.03145 4.03241 4.03344 4.03456 4.03575 4.03703 4.03839 4.03983 4.04136 4.04297 4.04466 4.04642 4.04825 4.05014 4.05209 4.05408 4.05611 4.05817 4.06024 4.0623 4.06436 4.06639 4.06838 4.07031 4.07218 4.07396 4.07564 4.07721 4.07866 4.07996 4.08113 4.08213 4.08297 4.08363 4.08412 4.08442 4.08454 4.08447 4.08421 4.08377 4.08316 4.08237 4.08141 4.0803 4.07904 4.07765 4.07613 4.0745 4.07277 4.07096 4.06908 4.06715 4.06517 4.06318 4.06117 4.05916 4.05717 4.0552 4.05328 4.0514 4.04959 4.04784 4.04617 4.04457 4.04307 4.04165 4.04032 4.03909 4.03796 4.03692 4.03598 4.03512 4.03436 4.03369 4.03311 4.0326 4.03217 4.03182 4.03154 4.03132 4.03116 4.03107 4.03103 4.03104 4.0311 4.03121 
4.02467 4.02487 4.02511 4.02541 4.02576 4.02615 4.0266 4.0271 4.02765 4.02827 4.02895 4.02969 4.03051 4.0314 4.03237 4.03342 4.03455 4.03577 4.03709 4.03849 4.03999 4.04158 4.04326 4.04503 4.04689 4.04882 4.05083 4.05291 4.05505 4.05724 4.05947 4.06172 4.06399 4.06625 4.0685 4.07072 4.0729 4.07501 4.07705 4.07899 4.08082 4.08254 4.08411 4.08554 4.0868 4.08789 4.0888 4.08952 4.09005 4.09037 4.0905 4.09042 4.09013 4.08965 4.08898 4.08811 4.08706 4.08585 4.08447 4.08294 4.08128 4.0795 4.07761 4.07562 4.07357 4.07145 4.06929 4.0671 4.06489 4.06269 4.0605 4.05835 4.05623 4.05417 4.05217 4.05024 4.0484 4.04664 4.04498 4.04341 4.04194 4.04058 4.03932 4.03816 4.03711 4.03615 4.0353 4.03455 4.03388 4.03331 4.03282 4.03241 4.03208 4.03182 4.03163 4.0315 4.03144 4.03143 4.03147 4.03157 
4.02506 4.02526 4.02552 4.02583 4.02619 4.02662 4.0271 4.02764 4.02824 4.02892 4.02966 4.03048 4.03138 4.03236 4.03343 4.03459 4.03585 4.0372 4.03866 4.04022 4.04188 4.04364 4.04551 4.04747 4.04953 4.05167 4.0539 4.0562 4.05857 4.06099 4.06345 4.06593 4.06844 4.07093 4.07342 4.07586 4.07826 4.08058 4.08282 4.08495 4.08697 4.08885 4.09058 4.09214 4.09352 4.09472 4.09571 4.0965 4.09707 4.09742 4.09755 4.09746 4.09715 4.09661 4.09587 4.09491 4.09376 4.09242 4.0909 4.08922 4.08739 4.08542 4.08334 4.08115 4.07888 4.07655 4.07416 4.07174 4.06931 4.06687 4.06446 4.06207 4.05973 4.05744 4.05523 4.05309 4.05104 4.04908 4.04723 4.04548 4.04385 4.04232 4.04091 4.03961 4.03843 4.03736 4.03639 4.03553 4.03478 4.03412 4.03356 4.03308 4.03269 4.03238 4.03215 4.03198 4.03189 4.03186 4.03189 4.03198 
4.02549 4.0257 4.02596 4.02629 4.02668 4.02713 4.02765 4.02824 4.02891 4.02965 4.03047 4.03137 4.03237 4.03346 4.03465 4.03594 4.03734 4.03885 4.04048 4.04222 4.04407 4.04603 4.04811 4.0503 4.05259 4.05498 4.05746 4.06002 4.06265 4.06534 4.06807 4.07083 4.0736 4.07637 4.07912 4.08182 4.08447 4.08704 4.08951 4.09187 4.09409 4.09616 4.09807 4.09979 4.10131 4.10262 4.10372 4.10458 4.1052 4.10559 4.10573 4.10562 4.10527 4.10468 4.10385 4.10279 4.10151 4.10003 4.09835 4.09649 4.09446 4.09229 4.08998 4.08756 4.08505 4.08246 4.07981 4.07713 4.07443 4.07173 4.06904 4.06639 4.06378 4.06124 4.05877 4.05639 4.0541 4.05191 4.04984 4.04789 4.04605 4.04434 4.04275 4.04129 4.03995 4.03874 4.03764 4.03667 4.0358 4.03505 4.03439 4.03384 4.03338 4.03301 4.03273 4.03252 4.03239 4.03233 4.03234 4.03242 
4.02597 4.02617 4.02645 4.02679 4.02721 4.0277 4.02827 4.02892 4.02965 4.03046 4.03137 4.03238 4.03349 4.03471 4.03603 4.03748 4.03905 4.04074 4.04255 4.0445 4.04657 4.04877 4.05109 4.05354 4.0561 4.05877 4.06153 4.06439 4.06732 4.07031 4.07335 4.07642 4.0795 4.08258 4.08563 4.08863 4.09157 4.09441 4.09715 4.09976 4.10222 4.1045 4.10661 4.1085 4.11018 4.11163 4.11283 4.11378 4.11447 4.11489 4.11503 4.11491 4.11452 4.11386 4.11294 4.11176 4.11035 4.1087 4.10684 4.10477 4.10253 4.10011 4.09755 4.09487 4.09208 4.0892 4.08626 4.08328 4.08028 4.07727 4.07428 4.07132 4.06842 4.06558 4.06282 4.06015 4.05759 4.05515 4.05282 4.05063 4.04856 4.04663 4.04485 4.04319 4.04168 4.0403 4.03906 4.03794 4.03695 4.03609 4.03533 4.03469 4.03415 4.03371 4.03336 4.03311 4.03294 4.03285 4.03283 4.03289 
4.02648 4.02669 4.02697 4.02734 4.02779 4.02833 4.02895 4.02966 4.03047 4.03137 4.03238 4.03351 4.03475 4.0361 4.03759 4.03921 4.04096 4.04286 4.04489 4.04707 4.04939 4.05186 4.05446 4.0572 4.06006 4.06304 4.06613 4.06932 4.07259 4.07592 4.07931 4.08273 4.08616 4.08958 4.09296 4.0963 4.09955 4.10271 4.10574 4.10863 4.11135 4.11388 4.11621 4.1183 4.12016 4.12175 4.12308 4.12412 4.12487 4.12533 4.12549 4.12535 4.12491 4.12417 4.12315 4.12184 4.12027 4.11844 4.11638 4.11409 4.11159 4.10892 4.10607 4.10309 4.09999 4.09679 4.09353 4.09021 4.08686 4.08351 4.08018 4.07688 4.07364 4.07047 4.06738 4.0644 4.06153 4.05879 4.05618 4.05371 4.05139 4.04922 4.0472 4.04534 4.04362 4.04206 4.04065 4.03938 4.03824 4.03725 4.03638 4.03563 4.035 4.03448 4.03407 4.03376 4.03354 4.03341 4.03337 4.03342 
4.02703 4.02724 4.02755 4.02794 4.02843 4.02901 4.02969 4.03048 4.03137 4.03238 4.03351 4.03476 4.03614 4.03766 4.03933 4.04114 4.04311 4.04523 4.04751 4.04995 4.05255 4.05531 4.05823 4.06129 4.06449 4.06782 4.07127 4.07483 4.07847 4.08219 4.08596 4.08977 4.09358 4.09738 4.10114 4.10484 4.10845 4.11195 4.11531 4.11851 4.12151 4.12431 4.12688 4.1292 4.13124 4.133 4.13446 4.13561 4.13643 4.13693 4.1371 4.13694 4.13645 4.13563 4.13449 4.13304 4.1313 4.12927 4.12698 4.12444 4.12168 4.11871 4.11555 4.11224 4.1088 4.10525 4.10162 4.09793 4.0942 4.09047 4.08676 4.08308 4.07946 4.07592 4.07248 4.06914 4.06593 4.06286 4.05993 4.05716 4.05455 4.05211 4.04984 4.04773 4.04579 4.04402 4.04241 4.04097 4.03968 4.03853 4.03753 4.03667 4.03594 4.03533 4.03484 4.03446 4.03419 4.03402 4.03396 4.03398 
4.02764 4.02785 4.02817 4.02859 4.02912 4.02976 4.03051 4.03138 4.03237 4.03349 4.03475 4.03614 4.03769 4.03939 4.04125 4.04328 4.04549 4.04786 4.05042 4.05315 4.05606 4.05915 4.0624 4.06582 4.0694 4.07312 4.07697 4.08093 4.08499 4.08913 4.09332 4.09755 4.10178 4.106 4.11017 4.11427 4.11827 4.12214 4.12586 4.12939 4.13272 4.1358 4.13864 4.14119 4.14344 4.14538 4.14699 4.14825 4.14916 4.1497 4.14988 4.1497 4.14915 4.14824 4.14698 4.14537 4.14344 4.1412 4.13866 4.13585 4.13279 4.1295 4.126 4.12234 4.11852 4.11458 4.11055 4.10645 4.10231 4.09817 4.09403 4.08994 4.08591 4.08196 4.07812 4.07439 4.0708 4.06737 4.06409 4.06098 4.05806 4.05531 4.05275 4.05038 4.04819 4.04619 4.04437 4.04273 4.04125 4.03995 4.03881 4.03781 4.03697 4.03626 4.03568 4.03523 4.03491 4.03469 4.03459 4.03459 
4.02829 4.02851 4.02884 4.0293 4.02987 4.03057 4.0314 4.03236 4.03346 4.03471 4.0361 4.03766 4.03939 4.04129 4.04338 4.04565 4.04811 4.05077 4.05362 4.05668 4.05993 4.06337 4.06701 4.07082 4.07481 4.07895 4.08323 4.08764 4.09215 4.09675 4.1014 4.10609 4.11078 4.11545 4.12007 4.1246 4.12902 4.1333 4.1374 4.14129 4.14496 4.14836 4.15148 4.15429 4.15677 4.1589 4.16066 4.16204 4.16304 4.16363 4.16383 4.16361 4.163 4.162 4.1606 4.15883 4.1567 4.15422 4.15142 4.14831 4.14493 4.14129 4.13743 4.13337 4.12915 4.12479 4.12032 4.11578 4.1112 4.1066 4.10201 4.09746 4.09298 4.08859 4.08431 4.08016 4.07616 4.07232 4.06866 4.06519 4.06191 4.05883 4.05595 4.05329 4.05083 4.04857 4.04651 4.04466 4.04299 4.0415 4.0402 4.03906 4.03809 4.03727 4.0366 4.03607 4.03568 4.03541 4.03527 4.03526 
4.02899 4.02921 4.02957 4.03006 4.03069 4.03145 4.03237 4.03343 4.03465 4.03603 4.03759 4.03933 4.04125 4.04338 4.0457 4.04823 4.05098 4.05395 4.05713 4.06054 4.06416 4.068 4.07204 4.07629 4.08071 4.08532 4.09007 4.09496 4.09996 4.10505 4.11021 4.11539 4.12058 4.12573 4.13083 4.13583 4.1407 4.14541 4.14992 4.15421 4.15824 4.16198 4.1654 4.16849 4.17121 4.17354 4.17547 4.17699 4.17807 4.17872 4.17893 4.17869 4.17801 4.1769 4.17536 4.17341 4.17106 4.16833 4.16525 4.16183 4.1581 4.15409 4.14983 4.14536 4.1407 4.13589 4.13095 4.12594 4.12087 4.11578 4.1107 4.10566 4.10069 4.09582 4.09106 4.08645 4.082 4.07773 4.07365 4.06977 4.06611 4.06267 4.05946 4.05647 4.05371 4.05117 4.04886 4.04676 4.04488 4.0432 4.04172 4.04042 4.03931 4.03837 4.0376 4.03698 4.03651 4.03619 4.03601 4.03597 
4.02975 4.02998 4.03036 4.03089 4.03157 4.03241 4.03342 4.03459 4.03594 4.03748 4.03921 4.04114 4.04328 4.04565 4.04823 4.05105 4.05411 4.05741 4.06095 4.06474 4.06877 4.07303 4.07752 4.08222 4.08713 4.09223 4.09749 4.1029 4.10843 4.11405 4.11974 4.12546 4.13117 4.13685 4.14246 4.14795 4.15331 4.15848 4.16343 4.16813 4.17255 4.17665 4.1804 4.18377 4.18675 4.1893 4.19141 4.19306 4.19424 4.19495 4.19517 4.1949 4.19415 4.19293 4.19124 4.1891 4.18652 4.18352 4.18014 4.17638 4.17229 4.16788 4.1632 4.15829 4.15316 4.14786 4.14243 4.1369 4.13131 4.1257 4.12009 4.11453 4.10904 4.10365 4.09838 4.09327 4.08834 4.0836 4.07907 4.07476 4.07068 4.06685 4.06326 4.05993 4.05684 4.054 4.05141 4.04905 4.04693 4.04504 4.04336 4.0419 4.04063 4.03956 4.03867 4.03796 4.03742 4.03704 4.03681 4.03674 
4.03056 4.0308 4.0312 4.03177 4.03252 4.03344 4.03455 4.03585 4.03734 4.03905 4.04096 4.04311 4.04549 4.04811 4.05098 4.05411 4.05751 4.06117 4.0651 4.06929 4.07375 4.07847 4.08344 4.08864 4.09407 4.09969 4.1055 4.11146 4.11755 4.12374 4.13 4.13628 4.14256 4.14879 4.15494 4.16097 4.16683 4.17249 4.17791 4.18305 4.18788 4.19235 4.19644 4.20012 4.20337 4.20615 4.20844 4.21024 4.21153 4.21229 4.21252 4.21223 4.21141 4.21006 4.20822 4.20587 4.20305 4.19977 4.19607 4.19196 4.18748 4.18266 4.17753 4.17214 4.16652 4.16071 4.15475 4.14868 4.14254 4.13637 4.1302 4.12407 4.11802 4.11208 4.10627 4.10063 4.09518 4.08993 4.08492 4.08014 4.07562 4.07137 4.06738 4.06367 4.06023 4.05706 4.05416 4.05153 4.04916 4.04703 4.04515 4.04349 4.04206 4.04085 4.03983 4.03902 4.03839 4.03794 4.03767 4.03757 
4.03143 4.03168 4.03211 4.03273 4.03354 4.03456 4.03577 4.0372 4.03885 4.04074 4.04286 4.04523 4.04786 4.05077 4.05395 4.05741 4.06117 4.06522 4.06956 4.0742 4.07912 4.08433 4.08981 4.09554 4.10151 4.10771 4.11409 4.12064 4.12733 4.13412 4.14097 4.14785 4.15473 4.16154 4.16826 4.17485 4.18125 4.18742 4.19333 4.19893 4.20419 4.20906 4.21351 4.21751 4.22103 4.22405 4.22655 4.22849 4.22988 4.23071 4.23096 4.23063 4.22973 4.22827 4.22625 4.2237 4.22062 4.21705 4.21301 4.20853 4.20364 4.19838 4.19279 4.1869 4.18076 4.17441 4.1679 4.16125 4.15453 4.14777 4.141 4.13428 4.12764 4.12111 4.11472 4.10852 4.10251 4.09673 4.09119 4.08592 4.08093 4.07622 4.0718 4.06769 4.06387 4.06035 4.05713 4.0542 4.05155 4.04917 4.04706 4.04521 4.0436 4.04223 4.04108 4.04015 4.03943 4.03891 4.03859 4.03846 
4.03237 4.03262 4.03308 4.03375 4.03464 4.03575 4.03709 4.03866 4.04048 4.04255 4.04489 4.04751 4.05042 4.05362 4.05713 4.06095 4.0651 4.06956 4.07435 4.07945 4.08487 4.0906 4.09662 4.10292 4.10947 4.11626 4.12325 4.13043 4.13774 4.14516 4.15265 4.16016 4.16766 4.17509 4.18241 4.18957 4.19653 4.20325 4.20966 4.21574 4.22145 4.22673 4.23155 4.23589 4.2397 4.24297 4.24567 4.24777 4.24927 4.25016 4.25042 4.25007 4.24909 4.2475 4.24531 4.24253 4.23919 4.23531 4.23093 4.22606 4.22075 4.21503 4.20895 4.20255 4.19586 4.18895 4.18185 4.1746 4.16727 4.15988 4.15249 4.14515 4.13788 4.13073 4.12373 4.11692 4.11033 4.10398 4.0979 4.0921 4.0866 4.08141 4.07654 4.07199 4.06777 4.06388 4.06031 4.05705 4.05411 4.05147 4.04912 4.04705 4.04525 4.04371 4.04242 4.04137 4.04055 4.03995 4.03958 4.03941 
4.03336 4.03363 4.03412 4.03485 4.03582 4.03703 4.03849 4.04022 4.04222 4.0445 4.04707 4.04995 4.05315 4.05668 4.06054 4.06474 4.06929 4.0742 4.07945 4.08505 4.091 4.09727 4.10387 4.11076 4.11792 4.12534 4.13298 4.1408 4.14878 4.15686 4.16501 4.17318 4.18132 4.18939 4.19734 4.20511 4.21265 4.21992 4.22687 4.23345 4.23961 4.24532 4.25053 4.25521 4.25933 4.26285 4.26575 4.26802 4.26964 4.27059 4.27087 4.27048 4.26942 4.26769 4.26532 4.26232 4.25871 4.25452 4.24977 4.2445 4.23875 4.23256 4.22597 4.21903 4.21178 4.20428 4.19657 4.1887 4.18072 4.17269 4.16465 4.15664 4.14872 4.14092 4.13328 4.12585 4.11864 4.11169 4.10503 4.09867 4.09263 4.08694 4.08158 4.07658 4.07193 4.06764 4.0637 4.0601 4.05684 4.05392 4.05131 4.04901 4.047 4.04529 4.04384 4.04266 4.04174 4.04106 4.04063 4.04043 
4.03442 4.0347 4.03523 4.03601 4.03707 4.03839 4.03999 4.04188 4.04407 4.04657 4.04939 4.05255 4.05606 4.05993 4.06416 4.06877 4.07375 4.07912 4.08487 4.091 4.09749 4.10435 4.11154 4.11905 4.12686 4.13494 4.14324 4.15175 4.16041 4.16918 4.17802 4.18687 4.19569 4.20442 4.21301 4.22141 4.22955 4.2374 4.24489 4.25198 4.25862 4.26477 4.27038 4.27541 4.27983 4.28362 4.28674 4.28918 4.29091 4.29193 4.29222 4.2918 4.29065 4.28879 4.28624 4.283 4.27911 4.27459 4.26948 4.2638 4.2576 4.25092 4.24381 4.23631 4.22848 4.22036 4.21202 4.20351 4.19487 4.18616 4.17744 4.16875 4.16015 4.15167 4.14336 4.13526 4.12741 4.11983 4.11256 4.10562 4.09902 4.09279 4.08693 4.08144 4.07634 4.07163 4.0673 4.06334 4.05975 4.05652 4.05364 4.05109 4.04887 4.04696 4.04536 4.04404 4.04301 4.04224 4.04174 4.0415 
4.03555 4.03583 4.0364 4.03725 4.03839 4.03983 4.04158 4.04364 4.04603 4.04877 4.05186 4.05531 4.05915 4.06337 4.068 4.07303 4.07847 4.08433 4.0906 4.09727 4.10435 4.1118 4.11962 4.12778 4.13626 4.14502 4.15403 4.16324 4.17261 4.18209 4.19164 4.2012 4.21072 4.22013 4.22938 4.23842 4.24719 4.25562 4.26367 4.27129 4.27842 4.28501 4.29102 4.29642 4.30116 4.30521 4.30855 4.31116 4.31301 4.31409 4.31441 4.31395 4.31271 4.31072 4.30798 4.30451 4.30033 4.29548 4.28998 4.28388 4.27722 4.27004 4.26239 4.25433 4.2459 4.23716 4.22817 4.21898 4.20966 4.20026 4.19083 4.18143 4.17212 4.16294 4.15394 4.14515 4.13663 4.1284 4.12049 4.11294 4.10575 4.09896 4.09256 4.08657 4.081 4.07584 4.0711 4.06676 4.06282 4.05927 4.0561 4.0533 4.05085 4.04874 4.04696 4.0455 4.04435 4.04349 4.04293 4.04265 
4.03674 4.03704 4.03764 4.03856 4.0398 4.04136 4.04326 4.04551 4.04811 4.05109 4.05446 4.05823 4.0624 4.06701 4.07204 4.07752 4.08344 4.08981 4.09662 4.10387 4.11154 4.11962 4.12809 4.13693 4.1461 4.15557 4.16529 4.17523 4.18534 4.19556 4.20584 4.21612 4.22635 4.23646 4.2464 4.25609 4.26549 4.27453 4.28315 4.29129 4.29892 4.30596 4.31239 4.31815 4.32321 4.32754 4.3311 4.33387 4.33585 4.337 4.33733 4.33683 4.33552 4.33338 4.33045 4.32674 4.32227 4.31709 4.31121 4.30468 4.29755 4.28986 4.28166 4.27302 4.26397 4.25459 4.24494 4.23507 4.22505 4.21493 4.20478 4.19466 4.18461 4.1747 4.16498 4.15549 4.14627 4.13736 4.12879 4.1206 4.11281 4.10543 4.09847 4.09196 4.08589 4.08027 4.0751 4.07036 4.06605 4.06217 4.0587 4.05562 4.05293 4.05061 4.04865 4.04704 4.04576 4.04481 4.04418 4.04386 
4.03799 4.0383 4.03895 4.03994 4.04128 4.04297 4.04503 4.04747 4.0503 4.05354 4.0572 4.06129 4.06582 4.07082 4.07629 4.08222 4.08864 4.09554 4.10292 4.11076 4.11905 4.12778 4.13693 4.14646 4.15634 4.16654 4.17701 4.1877 4.19855 4.20953 4.22056 4.23158 4.24254 4.25336 4.26399 4.27435 4.28439 4.29403 4.30323 4.31192 4.32004 4.32755 4.33439 4.34052 4.3459 4.3505 4.35428 4.35723 4.35933 4.36055 4.3609 4.36037 4.35896 4.35669 4.35357 4.34961 4.34486 4.33933 4.33306 4.32611 4.3185 4.31029 4.30155 4.29231 4.28264 4.27261 4.26228 4.25171 4.24097 4.23013 4.21924 4.20837 4.19758 4.18692 4.17646 4.16624 4.1563 4.14669 4.13744 4.12859 4.12017 4.11218 4.10465 4.09759 4.09101 4.08491 4.07928 4.07413 4.06944 4.06521 4.06142 4.05806 4.05512 4.05258 4.05043 4.04866 4.04725 4.0462 4.04549 4.04513 
4.0393 4.03963 4.04032 4.04138 4.04283 4.04466 4.04689 4.04953 4.05259 4.0561 4.06006 4.06449 4.0694 4.07481 4.08071 4.08713 4.09407 4.10151 4.10947 4.11792 4.12686 4.13626 4.1461 4.15634 4.16696 4.1779 4.18913 4.20058 4.2122 4.22394 4.23573 4.24751 4.25921 4.27075 4.28208 4.29311 4.3038 4.31406 4.32384 4.33307 4.34169 4.34966 4.35692 4.36342 4.36912 4.374 4.37801 4.38113 4.38334 4.38464 4.385 4.38444 4.38294 4.38053 4.37722 4.37302 4.36798 4.36211 4.35546 4.34806 4.33998 4.33126 4.32195 4.31212 4.30183 4.29114 4.28012 4.26885 4.25738 4.24579 4.23415 4.22252 4.21097 4.19955 4.18833 4.17736 4.16669 4.15636 4.14641 4.13689 4.12781 4.1192 4.11107 4.10345 4.09634 4.08973 4.08364 4.07806 4.07297 4.06838 4.06426 4.06061 4.0574 4.05463 4.05229 4.05035 4.04881 4.04765 4.04687 4.04646 
4.04067 4.04101 4.04175 4.04289 4.04445 4.04642 4.04882 4.05167 4.05498 4.05877 4.06304 4.06782 4.07312 4.07895 4.08532 4.09223 4.09969 4.10771 4.11626 4.12534 4.13494 4.14502 4.15557 4.16654 4.1779 4.18961 4.2016 4.21383 4.22623 4.23875 4.25131 4.26385 4.27628 4.28856 4.30059 4.3123 4.32364 4.33451 4.34487 4.35465 4.36377 4.3722 4.37987 4.38674 4.39277 4.39792 4.40215 4.40545 4.40778 4.40915 4.40953 4.40893 4.40735 4.4048 4.40129 4.39686 4.39152 4.38532 4.37828 4.37045 4.36189 4.35265 4.34279 4.33236 4.32144 4.31009 4.29838 4.2864 4.2742 4.26186 4.24945 4.23705 4.22472 4.21253 4.20054 4.18881 4.17739 4.16633 4.15567 4.14545 4.1357 4.12645 4.11772 4.10951 4.10185 4.09474 4.08816 4.08214 4.07664 4.07167 4.06721 4.06325 4.05978 4.05677 4.05422 4.05211 4.05043 4.04916 4.0483 4.04785 
4.0421 4.04245 4.04324 4.04446 4.04613 4.04825 4.05083 4.0539 4.05746 4.06153 4.06613 4.07127 4.07697 4.08323 4.09007 4.09749 4.1055 4.11409 4.12325 4.13298 4.14324 4.15403 4.16529 4.17701 4.18913 4.2016 4.21437 4.22739 4.24058 4.25388 4.26721 4.28051 4.2937 4.3067 4.31943 4.33183 4.34381 4.3553 4.36624 4.37655 4.38618 4.39506 4.40314 4.41038 4.41673 4.42214 4.4266 4.43006 4.43252 4.43395 4.43435 4.43372 4.43205 4.42937 4.42568 4.42101 4.41538 4.40884 4.40142 4.39317 4.38414 4.37438 4.36396 4.35294 4.34139 4.32938 4.31698 4.30428 4.29134 4.27825 4.26508 4.2519 4.23879 4.22582 4.21305 4.20054 4.18836 4.17656 4.16517 4.15425 4.14382 4.13391 4.12455 4.11576 4.10754 4.09989 4.09283 4.08635 4.08043 4.07508 4.07027 4.066 4.06224 4.05899 4.05623 4.05394 4.05211 4.05073 4.0498 4.04929 
4.04357 4.04394 4.04478 4.04609 4.04787 4.05014 4.05291 4.0562 4.06002 4.06439 4.06932 4.07483 4.08093 4.08764 4.09496 4.1029 4.11146 4.12064 4.13043 4.1408 4.15175 4.16324 4.17523 4.1877 4.20058 4.21383 4.22739 4.24119 4.25517 4.26925 4.28336 4.29742 4.31136 4.32508 4.33852 4.35159 4.36421 4.37631 4.38782 4.39867 4.40879 4.41812 4.42661 4.43421 4.44087 4.44655 4.45123 4.45486 4.45743 4.45894 4.45935 4.45869 4.45694 4.45412 4.45025 4.44535 4.43944 4.43257 4.42477 4.4161 4.4066 4.39633 4.38536 4.37375 4.36157 4.34891 4.33583 4.32241 4.30874 4.29489 4.28095 4.267 4.2531 4.23934 4.22579 4.21251 4.19956 4.187 4.17488 4.16324 4.15212 4.14155 4.13156 4.12216 4.11337 4.10519 4.09762 4.09067 4.08433 4.07858 4.07341 4.06882 4.06478 4.06128 4.0583 4.05583 4.05385 4.05236 4.05134 4.05079 
4.04508 4.04548 4.04636 4.04776 4.04966 4.05209 4.05505 4.05857 4.06265 4.06732 4.07259 4.07847 4.08499 4.09215 4.09996 4.10843 4.11755 4.12733 4.13774 4.14878 4.16041 4.17261 4.18534 4.19855 4.2122 4.22623 4.24058 4.25517 4.26993 4.2848 4.29968 4.3145 4.32918 4.34362 4.35775 4.37148 4.38474 4.39745 4.40952 4.42089 4.4315 4.44127 4.45016 4.45811 4.46508 4.47102 4.47591 4.47971 4.4824 4.48396 4.4844 4.4837 4.48188 4.47893 4.47488 4.46975 4.46357 4.45637 4.44821 4.43912 4.42916 4.41839 4.40688 4.39469 4.3819 4.36858 4.35482 4.3407 4.3263 4.3117 4.297 4.28226 4.26759 4.25304 4.2387 4.22464 4.21092 4.1976 4.18474 4.17238 4.16057 4.14933 4.13869 4.12868 4.11931 4.11059 4.10252 4.09509 4.08831 4.08216 4.07663 4.07171 4.06738 4.06362 4.06042 4.05776 4.05564 4.05403 4.05292 4.05232 
4.04664 4.04705 4.04799 4.04947 4.0515 4.05408 4.05724 4.06099 4.06534 4.07031 4.07592 4.08219 4.08913 4.09675 4.10505 4.11405 4.12374 4.13412 4.14516 4.15686 4.16918 4.18209 4.19556 4.20953 4.22394 4.23875 4.25388 4.26925 4.2848 4.30044 4.31609 4.33166 4.34706 4.36221 4.37703 4.39142 4.4053 4.41859 4.43121 4.4431 4.45418 4.46439 4.47366 4.48196 4.48922 4.49542 4.50051 4.50447 4.50727 4.50891 4.50936 4.50864 4.50673 4.50366 4.49944 4.49409 4.48764 4.48013 4.47161 4.46212 4.45171 4.44045 4.42841 4.41565 4.40225 4.3883 4.37387 4.35905 4.34393 4.32859 4.31313 4.29763 4.28217 4.26684 4.25172 4.23688 4.22239 4.20832 4.19472 4.18164 4.16912 4.15721 4.14593 4.1353 4.12535 4.11608 4.10749 4.09959 4.09236 4.08581 4.07991 4.07466 4.07003 4.06601 4.06259 4.05975 4.05746 4.05574 4.05455 4.0539 
4.04822 4.04865 4.04965 4.05121 4.05337 4.05611 4.05947 4.06345 4.06807 4.07335 4.07931 4.08596 4.09332 4.1014 4.11021 4.11974 4.13 4.14097 4.15265 4.16501 4.17802 4.19164 4.20584 4.22056 4.23573 4.25131 4.26721 4.28336 4.29968 4.31609 4.33249 4.34879 4.36492 4.38076 4.39625 4.41128 4.42576 4.43963 4.45279 4.46518 4.47672 4.48734 4.49699 4.50562 4.51318 4.51962 4.52491 4.52902 4.53194 4.53364 4.53411 4.53336 4.53138 4.52819 4.5238 4.51824 4.51153 4.50372 4.49485 4.48497 4.47413 4.46239 4.44983 4.43652 4.42254 4.40796 4.39287 4.37737 4.36154 4.34547 4.32926 4.313 4.29678 4.28067 4.26478 4.24917 4.23391 4.21909 4.20475 4.19095 4.17773 4.16515 4.15322 4.14198 4.13145 4.12162 4.11252 4.10413 4.09647 4.0895 4.08323 4.07765 4.07272 4.06844 4.06479 4.06176 4.05932 4.05748 4.0562 4.0555 
4.04983 4.05027 4.05132 4.05298 4.05526 4.05817 4.06172 4.06593 4.07083 4.07642 4.08273 4.08977 4.09755 4.10609 4.11539 4.12546 4.13628 4.14785 4.16016 4.17318 4.18687 4.2012 4.21612 4.23158 4.24751 4.26385 4.28051 4.29742 4.3145 4.33166 4.34879 4.36582 4.38265 4.39917 4.4153 4.43096 4.44603 4.46046 4.47414 4.48701 4.49899 4.51002 4.52003 4.52898 4.53681 4.54349 4.54897 4.55324 4.55626 4.55802 4.55851 4.55773 4.55568 4.55238 4.54783 4.54207 4.53512 4.52702 4.51781 4.50755 4.49629 4.4841 4.47104 4.45719 4.44263 4.42745 4.41173 4.39556 4.37903 4.36225 4.34531 4.32831 4.31133 4.29446 4.2778 4.26143 4.24542 4.22985 4.21478 4.20026 4.18636 4.17311 4.16054 4.14868 4.13756 4.12719 4.11757 4.10871 4.1006 4.09322 4.08658 4.08066 4.07544 4.0709 4.06702 4.06379 4.0612 4.05924 4.05788 4.05713 
4.05144 4.05191 4.05302 4.05476 4.05717 4.06024 4.06399 4.06844 4.0736 4.0795 4.08616 4.09358 4.10178 4.11078 4.12058 4.13117 4.14256 4.15473 4.16766 4.18132 4.19569 4.21072 4.22635 4.24254 4.25921 4.27628 4.2937 4.31136 4.32918 4.34706 4.36492 4.38265 4.40015 4.41733 4.4341 4.45035 4.466 4.48095 4.49514 4.50847 4.52087 4.53229 4.54265 4.55191 4.56 4.56691 4.57257 4.57698 4.5801 4.58192 4.58243 4.58163 4.57952 4.5761 4.57141 4.56545 4.55827 4.54989 4.54037 4.52975 4.51809 4.50546 4.49192 4.47755 4.46244 4.44667 4.43033 4.41351 4.39632 4.37884 4.36119 4.34346 4.32574 4.30813 4.29072 4.2736 4.25685 4.24054 4.22475 4.20954 4.19495 4.18103 4.16783 4.15537 4.14367 4.13276 4.12263 4.11328 4.10473 4.09695 4.08994 4.08368 4.07816 4.07336 4.06926 4.06584 4.0631 4.06101 4.05957 4.05876 
4.05306 4.05355 4.05471 4.05655 4.05907 4.0623 4.06625 4.07093 4.07637 4.08258 4.08958 4.09738 4.106 4.11545 4.12573 4.13685 4.14879 4.16154 4.17509 4.18939 4.20442 4.22013 4.23646 4.25336 4.27075 4.28856 4.3067 4.32508 4.34362 4.36221 4.38076 4.39917 4.41733 4.43515 4.45252 4.46935 4.48554 4.50101 4.51567 4.52945 4.54226 4.55404 4.56473 4.57428 4.58263 4.58975 4.59559 4.60013 4.60335 4.60523 4.60576 4.60493 4.60276 4.59924 4.59441 4.58827 4.58086 4.57223 4.5624 4.55144 4.5394 4.52634 4.51235 4.49749 4.48184 4.46551 4.44857 4.43114 4.41329 4.39515 4.37681 4.35837 4.33993 4.32159 4.30346 4.28561 4.26813 4.25111 4.23462 4.21871 4.20345 4.18889 4.17506 4.162 4.14974 4.13828 4.12764 4.11783 4.10884 4.10066 4.09328 4.08669 4.08088 4.07581 4.07149 4.06789 4.06499 4.06278 4.06125 4.0604 
4.05467 4.05518 4.05639 4.05832 4.06097 4.06436 4.0685 4.07342 4.07912 4.08563 4.09296 4.10114 4.11017 4.12007 4.13083 4.14246 4.15494 4.16826 4.18241 4.19734 4.21301 4.22938 4.2464 4.26399 4.28208 4.30059 4.31943 4.33852 4.35775 4.37703 4.39625 4.4153 4.4341 4.45252 4.47047 4.48785 4.50456 4.52052 4.53564 4.54983 4.56303 4.57516 4.58617 4.59599 4.60458 4.6119 4.61791 4.62258 4.62589 4.62782 4.62836 4.62752 4.62529 4.62168 4.61671 4.6104 4.60279 4.59391 4.58379 4.57251 4.56011 4.54665 4.53222 4.51689 4.50074 4.48387 4.46637 4.44833 4.42987 4.41108 4.39207 4.37295 4.35382 4.33478 4.31594 4.29738 4.27921 4.26149 4.2443 4.22773 4.21181 4.19662 4.18218 4.16854 4.15571 4.14373 4.1326 4.12232 4.1129 4.10433 4.09659 4.08968 4.08357 4.07825 4.07371 4.06992 4.06686 4.06454 4.06293 4.06203 
4.05627 4.05679 4.05806 4.06007 4.06285 4.06639 4.07072 4.07586 4.08182 4.08863 4.0963 4.10484 4.11427 4.1246 4.13583 4.14795 4.16097 4.17485 4.18957 4.20511 4.22141 4.23842 4.25609 4.27435 4.29311 4.3123 4.33183 4.35159 4.37148 4.39142 4.41128 4.43096 4.45035 4.46935 4.48785 4.50575 4.52296 4.53938 4.55493 4.56952 4.58308 4.59554 4.60684 4.61692 4.62573 4.63324 4.63941 4.6442 4.64759 4.64958 4.65014 4.64928 4.64699 4.6433 4.63821 4.63174 4.62393 4.61482 4.60444 4.59285 4.58011 4.56628 4.55144 4.53566 4.51903 4.50165 4.48361 4.465 4.44594 4.42654 4.40689 4.38712 4.36733 4.34762 4.32809 4.30886 4.29 4.27161 4.25376 4.23653 4.21999 4.20417 4.18914 4.17493 4.16157 4.14907 4.13746 4.12673 4.11689 4.10793 4.09984 4.09261 4.08622 4.08065 4.07589 4.07192 4.06872 4.06628 4.06459 4.06364 
4.05783 4.05837 4.05969 4.06179 4.06468 4.06838 4.0729 4.07826 4.08447 4.09157 4.09955 4.10845 4.11827 4.12902 4.1407 4.15331 4.16683 4.18125 4.19653 4.21265 4.22955 4.24719 4.26549 4.28439 4.3038 4.32364 4.34381 4.36421 4.38474 4.4053 4.42576 4.44603 4.466 4.48554 4.50456 4.52296 4.54063 4.55749 4.57344 4.5884 4.6023 4.61507 4.62664 4.63696 4.64599 4.65367 4.65998 4.66489 4.66836 4.6704 4.67098 4.6701 4.66777 4.66399 4.65879 4.65217 4.64419 4.63486 4.62423 4.61236 4.5993 4.58512 4.56989 4.55369 4.53662 4.51875 4.5002 4.48105 4.46143 4.44144 4.42119 4.4008 4.38037 4.36002 4.33985 4.31996 4.30045 4.28141 4.26293 4.24507 4.22792 4.21151 4.19591 4.18115 4.16726 4.15427 4.14219 4.13103 4.12078 4.11145 4.10302 4.09547 4.08881 4.083 4.07803 4.07388 4.07053 4.06798 4.06622 4.06522 
4.05935 4.05992 4.06128 4.06347 4.06647 4.07031 4.07501 4.08058 4.08704 4.09441 4.10271 4.11195 4.12214 4.1333 4.14541 4.15848 4.17249 4.18742 4.20325 4.21992 4.2374 4.25562 4.27453 4.29403 4.31406 4.33451 4.3553 4.37631 4.39745 4.41859 4.43963 4.46046 4.48095 4.50101 4.52052 4.53938 4.55749 4.57475 4.59108 4.60638 4.6206 4.63365 4.64548 4.65603 4.66525 4.6731 4.67954 4.68455 4.6881 4.69018 4.69077 4.68988 4.68751 4.68366 4.67835 4.67161 4.66345 4.65392 4.64307 4.63093 4.61758 4.60307 4.58748 4.5709 4.5534 4.53508 4.51605 4.4964 4.47625 4.45571 4.43489 4.41391 4.39288 4.37191 4.35112 4.33062 4.31049 4.29084 4.27175 4.25329 4.23555 4.21858 4.20243 4.18715 4.17276 4.15929 4.14676 4.13518 4.12454 4.11485 4.10609 4.09825 4.09132 4.08527 4.0801 4.07578 4.0723 4.06964 4.0678 4.06676 
4.06082 4.0614 4.06282 4.06508 4.06819 4.07218 4.07705 4.08282 4.08951 4.09715 4.10574 4.11531 4.12586 4.1374 4.14992 4.16343 4.17791 4.19333 4.20966 4.22687 4.24489 4.26367 4.28315 4.30323 4.32384 4.34487 4.36624 4.38782 4.40952 4.43121 4.45279 4.47414 4.49514 4.51567 4.53564 4.55493 4.57344 4.59108 4.60775 4.62338 4.63789 4.6512 4.66326 4.67402 4.68342 4.69142 4.69798 4.70309 4.70671 4.70883 4.70944 4.70854 4.70613 4.70221 4.69681 4.68994 4.68163 4.67192 4.66086 4.64848 4.63486 4.62005 4.60413 4.58718 4.56929 4.55055 4.53107 4.51095 4.49031 4.46925 4.44789 4.42636 4.40477 4.38323 4.36186 4.34077 4.32006 4.29982 4.28016 4.26114 4.24285 4.22534 4.20867 4.19289 4.17802 4.1641 4.15114 4.13916 4.12815 4.11811 4.10904 4.10092 4.09373 4.08746 4.0821 4.07761 4.074 4.07124 4.06932 4.06824 
4.06222 4.06282 4.06429 4.06662 4.06984 4.07396 4.07899 4.08495 4.09187 4.09976 4.10863 4.11851 4.12939 4.14129 4.15421 4.16813 4.18305 4.19893 4.21574 4.23345 4.25198 4.27129 4.29129 4.31192 4.33307 4.35465 4.37655 4.39867 4.42089 4.4431 4.46518 4.48701 4.50847 4.52945 4.54983 4.56952 4.5884 4.60638 4.62338 4.6393 4.65408 4.66763 4.67991 4.69085 4.70041 4.70855 4.71523 4.72042 4.72411 4.72627 4.7269 4.72599 4.72354 4.71956 4.71407 4.70709 4.69865 4.68878 4.67752 4.66492 4.65105 4.63596 4.61973 4.60245 4.5842 4.56508 4.54519 4.52463 4.50353 4.48199 4.46014 4.43809 4.41598 4.3939 4.37199 4.35035 4.32909 4.30831 4.28811 4.26856 4.24975 4.23173 4.21458 4.19832 4.18301 4.16866 4.1553 4.14294 4.13158 4.12122 4.11185 4.10346 4.09603 4.08955 4.084 4.07936 4.07562 4.07277 4.07078 4.06966 
4.06355 4.06417 4.06567 4.06808 4.0714 4.07564 4.08082 4.08697 4.09409 4.10222 4.11135 4.12151 4.13272 4.14496 4.15824 4.17255 4.18788 4.20419 4.22145 4.23961 4.25862 4.27842 4.29892 4.32004 4.34169 4.36377 4.38618 4.40879 4.4315 4.45418 4.47672 4.49899 4.52087 4.54226 4.56303 4.58308 4.6023 4.6206 4.63789 4.65408 4.66909 4.68287 4.69534 4.70646 4.71616 4.72443 4.73121 4.73648 4.74022 4.74242 4.74306 4.74214 4.73966 4.73564 4.73007 4.72299 4.71442 4.7044 4.69297 4.68017 4.66607 4.65073 4.63423 4.61665 4.59807 4.57859 4.55832 4.53736 4.51584 4.49386 4.47155 4.44903 4.42643 4.40386 4.38145 4.3593 4.33754 4.31626 4.29555 4.27551 4.25621 4.23773 4.22012 4.20342 4.18769 4.17295 4.15921 4.14649 4.13481 4.12414 4.11449 4.10585 4.0982 4.09152 4.0858 4.08102 4.07716 4.07421 4.07216 4.071 
4.06479 4.06542 4.06697 4.06944 4.07285 4.07721 4.08254 4.08885 4.09616 4.1045 4.11388 4.12431 4.1358 4.14836 4.16198 4.17665 4.19235 4.20906 4.22673 4.24532 4.26477 4.28501 4.30596 4.32755 4.34966 4.3722 4.39506 4.41812 4.44127 4.46439 4.48734 4.51002 4.53229 4.55404 4.57516 4.59554 4.61507 4.63365 4.6512 4.66763 4.68287 4.69684 4.70949 4.72076 4.7306 4.73897 4.74585 4.75119 4.75499 4.75722 4.75787 4.75694 4.75444 4.75036 4.74473 4.73756 4.72888 4.71873 4.70714 4.69416 4.67986 4.6643 4.64755 4.62969 4.61081 4.59101 4.5704 4.54908 4.52717 4.50479 4.48207 4.45912 4.43607 4.41305 4.39018 4.36757 4.34534 4.32359 4.30243 4.28194 4.2622 4.24328 4.22525 4.20815 4.19203 4.17692 4.16284 4.14979 4.1378 4.12686 4.11695 4.10808 4.10022 4.09335 4.08747 4.08256 4.07859 4.07556 4.07345 4.07226 
4.06594 4.06658 4.06817 4.0707 4.07419 4.07866 4.08411 4.09058 4.09807 4.10661 4.11621 4.12688 4.13864 4.15148 4.1654 4.1804 4.19644 4.21351 4.23155 4.25053 4.27038 4.29102 4.31239 4.33439 4.35692 4.37987 4.40314 4.42661 4.45016 4.47366 4.49699 4.52003 4.54265 4.56473 4.58617 4.60684 4.62664 4.64548 4.66326 4.67991 4.69534 4.70949 4.72229 4.7337 4.74366 4.75213 4.75908 4.76449 4.76834 4.77059 4.77126 4.77033 4.7678 4.76368 4.75799 4.75075 4.74197 4.7317 4.71997 4.70684 4.69235 4.67659 4.65961 4.64151 4.62236 4.60228 4.58136 4.55972 4.53747 4.51473 4.49163 4.46829 4.44484 4.42141 4.39813 4.3751 4.35245 4.33028 4.3087 4.2878 4.26766 4.24835 4.22994 4.21247 4.196 4.18055 4.16615 4.15282 4.14055 4.12935 4.11921 4.11012 4.10207 4.09504 4.08901 4.08398 4.07991 4.0768 4.07464 4.07341 
4.06698 4.06764 4.06925 4.07184 4.0754 4.07996 4.08554 4.09214 4.09979 4.1085 4.1183 4.1292 4.14119 4.15429 4.16849 4.18377 4.20012 4.21751 4.23589 4.25521 4.27541 4.29642 4.31815 4.34052 4.36342 4.38674 4.41038 4.43421 4.45811 4.48196 4.50562 4.52898 4.55191 4.57428 4.59599 4.61692 4.63696 4.65603 4.67402 4.69085 4.70646 4.72076 4.7337 4.74522 4.75528 4.76384 4.77087 4.77634 4.78022 4.7825 4.78318 4.78224 4.7797 4.77555 4.7698 4.76249 4.75362 4.74325 4.7314 4.71813 4.70349 4.68755 4.67037 4.65205 4.63268 4.61234 4.59115 4.56922 4.54666 4.5236 4.50017 4.47649 4.45269 4.4289 4.40524 4.38185 4.35882 4.33628 4.31433 4.29306 4.27256 4.2529 4.23415 4.21636 4.19957 4.18382 4.16914 4.15554 4.14302 4.13159 4.12124 4.11196 4.10374 4.09656 4.09041 4.08526 4.0811 4.07793 4.07571 4.07446 
4.0679 4.06857 4.07022 4.07285 4.07648 4.08113 4.0868 4.09352 4.10131 4.11018 4.12016 4.13124 4.14344 4.15677 4.17121 4.18675 4.20337 4.22103 4.2397 4.25933 4.27983 4.30116 4.32321 4.3459 4.36912 4.39277 4.41673 4.44087 4.46508 4.48922 4.51318 4.53681 4.56 4.58263 4.60458 4.62573 4.64599 4.66525 4.68342 4.70041 4.71616 4.7306 4.74366 4.75528 4.76543 4.77407 4.78116 4.78667 4.79059 4.7929 4.79359 4.79265 4.79008 4.7859 4.78011 4.77274 4.7638 4.75334 4.74139 4.728 4.71322 4.69712 4.67978 4.66128 4.6417 4.62114 4.59972 4.57753 4.55471 4.53138 4.50766 4.48368 4.45957 4.43546 4.41149 4.38776 4.36441 4.34155 4.31927 4.29768 4.27687 4.2569 4.23785 4.21977 4.20271 4.18671 4.17178 4.15794 4.1452 4.13357 4.12304 4.11359 4.10522 4.09791 4.09164 4.0864 4.08216 4.07892 4.07667 4.07539 
4.0687 4.06938 4.07105 4.07373 4.07741 4.08213 4.08789 4.09472 4.10262 4.11163 4.12175 4.133 4.14538 4.1589 4.17354 4.1893 4.20615 4.22405 4.24297 4.26285 4.28362 4.30521 4.32754 4.3505 4.374 4.39792 4.42214 4.44655 4.47102 4.49542 4.51962 4.54349 4.56691 4.58975 4.6119 4.63324 4.65367 4.6731 4.69142 4.70855 4.72443 4.73897 4.75213 4.76384 4.77407 4.78277 4.78991 4.79547 4.79942 4.80174 4.80244 4.8015 4.79892 4.79471 4.78888 4.78146 4.77246 4.76193 4.74989 4.73639 4.7215 4.70528 4.68779 4.66913 4.64938 4.62864 4.60701 4.58462 4.56158 4.53801 4.51404 4.48981 4.46544 4.44106 4.41682 4.39282 4.36919 4.34605 4.3235 4.30164 4.28055 4.26033 4.24103 4.2227 4.20541 4.18918 4.17404 4.16 4.14708 4.13528 4.12459 4.115 4.1065 4.09908 4.09271 4.08738 4.08308 4.07979 4.0775 4.0762 
4.06937 4.07006 4.07175 4.07446 4.07819 4.08297 4.0888 4.09571 4.10372 4.11283 4.12308 4.13446 4.14699 4.16066 4.17547 4.19141 4.20844 4.22655 4.24567 4.26575 4.28674 4.30855 4.3311 4.35428 4.37801 4.40215 4.4266 4.45123 4.47591 4.50051 4.52491 4.54897 4.57257 4.59559 4.61791 4.63941 4.65998 4.67954 4.69798 4.71523 4.73121 4.74585 4.75908 4.77087 4.78116 4.78991 4.7971 4.80269 4.80666 4.809 4.8097 4.80876 4.80617 4.80194 4.79608 4.78862 4.77957 4.76897 4.75686 4.74329 4.7283 4.71197 4.69437 4.67558 4.65568 4.63479 4.61301 4.59044 4.56721 4.54345 4.51929 4.49484 4.47026 4.44567 4.4212 4.39698 4.37312 4.34975 4.32698 4.3049 4.28359 4.26315 4.24364 4.22512 4.20763 4.19122 4.17591 4.16171 4.14864 4.13669 4.12587 4.11617 4.10756 4.10004 4.0936 4.0882 4.08384 4.08051 4.07819 4.07687 
4.0699 4.0706 4.07231 4.07504 4.07881 4.08363 4.08952 4.0965 4.10458 4.11378 4.12412 4.13561 4.14825 4.16204 4.17699 4.19306 4.21024 4.22849 4.24777 4.26802 4.28918 4.31116 4.33387 4.35723 4.38113 4.40545 4.43006 4.45486 4.47971 4.50447 4.52902 4.55324 4.57698 4.60013 4.62258 4.6442 4.66489 4.68455 4.70309 4.72042 4.73648 4.75119 4.76449 4.77634 4.78667 4.79547 4.80269 4.8083 4.8123 4.81465 4.81536 4.81441 4.81181 4.80757 4.80169 4.79419 4.7851 4.77446 4.76229 4.74865 4.73359 4.71717 4.69948 4.68059 4.66059 4.63958 4.61766 4.59496 4.57159 4.54768 4.52336 4.49876 4.47401 4.44925 4.42461 4.40021 4.37618 4.35264 4.32969 4.30743 4.28596 4.26536 4.24569 4.22701 4.20938 4.19282 4.17737 4.16305 4.14986 4.1378 4.12688 4.11709 4.1084 4.10081 4.0943 4.08885 4.08445 4.08109 4.07874 4.07741 
4.07029 4.07099 4.07271 4.07547 4.07926 4.08412 4.09005 4.09707 4.1052 4.11447 4.12487 4.13643 4.14916 4.16304 4.17807 4.19424 4.21153 4.22988 4.24927 4.26964 4.29091 4.31301 4.33585 4.35933 4.38334 4.40778 4.43252 4.45743 4.4824 4.50727 4.53194 4.55626 4.5801 4.60335 4.62589 4.64759 4.66836 4.6881 4.70671 4.72411 4.74022 4.75499 4.76834 4.78022 4.79059 4.79942 4.80666 4.8123 4.8163 4.81867 4.81938 4.81843 4.81582 4.81156 4.80567 4.79815 4.78903 4.77835 4.76614 4.75245 4.73734 4.72086 4.7031 4.68414 4.66406 4.64296 4.62096 4.59817 4.5747 4.55068 4.52625 4.50153 4.47667 4.45179 4.42702 4.4025 4.37835 4.35469 4.33161 4.30924 4.28765 4.26693 4.24714 4.22836 4.21062 4.19396 4.17842 4.16401 4.15073 4.1386 4.12761 4.11775 4.10901 4.10137 4.09481 4.08933 4.0849 4.08151 4.07915 4.07781 
4.07054 4.07124 4.07297 4.07573 4.07955 4.08442 4.09037 4.09742 4.10559 4.11489 4.12533 4.13693 4.1497 4.16363 4.17872 4.19495 4.21229 4.23071 4.25016 4.27059 4.29193 4.31409 4.337 4.36055 4.38464 4.40915 4.43395 4.45894 4.48396 4.50891 4.53364 4.55802 4.58192 4.60523 4.62782 4.64958 4.6704 4.69018 4.70883 4.72627 4.74242 4.75722 4.77059 4.7825 4.7929 4.80174 4.809 4.81465 4.81867 4.82103 4.82175 4.8208 4.81819 4.81392 4.80801 4.80048 4.79134 4.78064 4.7684 4.75468 4.73953 4.72302 4.70522 4.68621 4.66609 4.64494 4.62288 4.60003 4.5765 4.55242 4.52793 4.50315 4.47821 4.45326 4.42843 4.40384 4.37962 4.35588 4.33274 4.3103 4.28864 4.26785 4.248 4.22916 4.21136 4.19464 4.17905 4.16458 4.15126 4.13909 4.12805 4.11816 4.10938 4.10171 4.09513 4.08962 4.08517 4.08177 4.0794 4.07806 
