3.95245 3.95265 3.95288 3.95314 3.95343 3.95375 3.9541 3.95448 3.9549 3.95535 3.95584 3.95638 3.95695 3.95758 3.95825 3.95897 3.95975 3.96059 3.96148 3.96244 3.96346 3.96454 3.96569 3.96689 3.96816 3.96948 3.97086 3.97229 3.97376 3.97526 3.9768 3.97836 3.97993 3.98151 3.98308 3.98464 3.98616 3.98765 3.98908 3.99046 3.99176 3.99297 3.99409 3.99511 3.99602 3.9968 3.99746 3.99798 3.99837 3.99861 3.99871 3.99867 3.99848 3.99815 3.99768 3.99708 3.99635 3.9955 3.99454 3.99347 3.9923 3.99106 3.98973 3.98835 3.98692 3.98544 3.98394 3.98242 3.98089 3.97937 3.97786 3.97638 3.97493 3.97352 3.97216 3.97086 3.96961 3.96843 3.96732 3.96627 3.9653 3.96441 3.96359 3.96284 3.96217 3.96157 3.96104 3.96058 3.96019 3.95986 3.95959 3.95937 3.95921 3.9591 3.95904 3.95902 3.95905 3.95911 3.95921 3.95934 
3.95265 3.95285 3.95308 3.95334 3.95363 3.95395 3.9543 3.95468 3.9551 3.95556 3.95605 3.95659 3.95717 3.95779 3.95847 3.9592 3.95999 3.96083 3.96174 3.9627 3.96373 3.96482 3.96598 3.9672 3.96848 3.96982 3.97121 3.97265 3.97414 3.97567 3.97722 3.9788 3.9804 3.98199 3.98358 3.98516 3.9867 3.98821 3.98966 3.99105 3.99237 3.9936 3.99473 3.99577 3.99668 3.99748 3.99814 3.99867 3.99906 3.99931 3.99941 3.99936 3.99917 3.99884 3.99836 3.99775 3.99701 3.99615 3.99518 3.99409 3.99292 3.99165 3.99031 3.98891 3.98746 3.98596 3.98444 3.9829 3.98136 3.97982 3.97829 3.97679 3.97532 3.9739 3.97252 3.9712 3.96994 3.96874 3.96762 3.96656 3.96558 3.96468 3.96385 3.96309 3.96241 3.96181 3.96127 3.96081 3.96041 3.96007 3.9598 3.95958 3.95942 3.95931 3.95924 3.95922 3.95925 3.95931 3.95941 3.95954 
3.95288 3.95308 3.95331 3.95357 3.95386 3.95419 3.95454 3.95494 3.95536 3.95583 3.95634 3.95689 3.95748 3.95813 3.95882 3.95958 3.96039 3.96126 3.96219 3.96319 3.96425 3.96538 3.96658 3.96784 3.96916 3.97055 3.97199 3.97348 3.97502 3.9766 3.97821 3.97984 3.98149 3.98314 3.98479 3.98641 3.98801 3.98957 3.99107 3.99251 3.99387 3.99514 3.99631 3.99738 3.99832 3.99914 3.99983 4.00037 4.00078 4.00103 4.00113 4.00108 4.00089 4.00054 4.00005 3.99942 3.99865 3.99776 3.99675 3.99563 3.99441 3.9931 3.99172 3.99027 3.98876 3.98722 3.98564 3.98405 3.98245 3.98086 3.97928 3.97772 3.9762 3.97473 3.9733 3.97193 3.97063 3.96939 3.96822 3.96713 3.96611 3.96517 3.96431 3.96353 3.96282 3.96219 3.96163 3.96115 3.96073 3.96038 3.96009 3.95986 3.95969 3.95957 3.95949 3.95947 3.95949 3.95954 3.95964 3.95977 
3.95314 3.95334 3.95357 3.95383 3.95413 3.95447 3.95484 3.95524 3.95568 3.95617 3.9567 3.95727 3.9579 3.95857 3.9593 3.9601 3.96095 3.96187 3.96285 3.9639 3.96503 3.96622 3.96748 3.96881 3.97021 3.97167 3.97319 3.97477 3.9764 3.97806 3.97976 3.98148 3.98322 3.98496 3.9867 3.98841 3.9901 3.99173 3.99332 3.99483 3.99626 3.9976 3.99883 3.99995 4.00095 4.00181 4.00253 4.0031 4.00352 4.00378 4.00389 4.00384 4.00363 4.00326 4.00274 4.00207 4.00127 4.00033 3.99926 3.99808 3.99679 3.99541 3.99395 3.99242 3.99084 3.98921 3.98754 3.98586 3.98418 3.98249 3.98083 3.97919 3.97758 3.97602 3.97451 3.97306 3.97168 3.97037 3.96913 3.96797 3.9669 3.9659 3.96498 3.96415 3.9634 3.96272 3.96213 3.96161 3.96116 3.96078 3.96046 3.96021 3.96002 3.95988 3.95979 3.95976 3.95976 3.95981 3.9599 3.96003 
3.95343 3.95363 3.95386 3.95413 3.95444 3.95479 3.95517 3.9556 3.95607 3.95658 3.95714 3.95775 3.95841 3.95913 3.95992 3.96076 3.96168 3.96266 3.96372 3.96485 3.96606 3.96734 3.9687 3.97013 3.97163 3.9732 3.97484 3.97653 3.97828 3.98007 3.98189 3.98374 3.9856 3.98747 3.98933 3.99117 3.99297 3.99472 3.99642 3.99803 3.99956 4.00099 4.00231 4.00351 4.00457 4.00549 4.00625 4.00686 4.00731 4.00759 4.0077 4.00764 4.00741 4.00702 4.00646 4.00574 4.00488 4.00387 4.00272 4.00146 4.00008 3.9986 3.99704 3.9954 3.99369 3.99195 3.99016 3.98836 3.98655 3.98474 3.98295 3.98119 3.97946 3.97778 3.97616 3.9746 3.97311 3.9717 3.97036 3.96911 3.96794 3.96686 3.96587 3.96496 3.96414 3.96341 3.96276 3.96219 3.96169 3.96127 3.96092 3.96064 3.96041 3.96025 3.96014 3.96009 3.96008 3.96012 3.9602 3.96032 
3.95375 3.95395 3.95419 3.95447 3.95479 3.95515 3.95556 3.95601 3.95651 3.95706 3.95766 3.95832 3.95903 3.95982 3.96066 3.96159 3.96258 3.96365 3.9648 3.96604 3.96735 3.96875 3.97023 3.97179 3.97343 3.97515 3.97693 3.97878 3.98068 3.98262 3.98461 3.98662 3.98865 3.99068 3.9927 3.99469 3.99664 3.99855 4.00038 4.00213 4.00379 4.00534 4.00676 4.00806 4.0092 4.01019 4.01102 4.01168 4.01216 4.01246 4.01257 4.0125 4.01225 4.01182 4.01121 4.01043 4.00949 4.0084 4.00716 4.00578 4.00428 4.00268 4.00098 3.9992 3.99735 3.99545 3.99351 3.99155 3.98957 3.98761 3.98566 3.98374 3.98185 3.98002 3.97825 3.97655 3.97492 3.97337 3.97191 3.97054 3.96925 3.96807 3.96697 3.96597 3.96507 3.96426 3.96353 3.96289 3.96234 3.96186 3.96146 3.96113 3.96087 3.96068 3.96054 3.96046 3.96044 3.96046 3.96053 3.96064 
3.9541 3.9543 3.95454 3.95484 3.95517 3.95556 3.95599 3.95648 3.95701 3.95761 3.95826 3.95898 3.95976 3.96062 3.96155 3.96257 3.96366 3.96484 3.96611 3.96747 3.96892 3.97047 3.9721 3.97382 3.97563 3.97752 3.97948 3.98152 3.98361 3.98575 3.98793 3.99014 3.99237 3.9946 3.99681 3.999 4.00114 4.00322 4.00523 4.00715 4.00896 4.01065 4.01221 4.01362 4.01487 4.01595 4.01685 4.01756 4.01808 4.0184 4.01853 4.01845 4.01817 4.01769 4.01702 4.01617 4.01514 4.01393 4.01257 4.01106 4.00942 4.00766 4.0058 4.00384 4.00181 3.99973 3.9976 3.99544 3.99327 3.99111 3.98896 3.98685 3.98478 3.98276 3.9808 3.97892 3.97712 3.97541 3.97379 3.97226 3.97084 3.96952 3.9683 3.96719 3.96618 3.96526 3.96445 3.96372 3.96309 3.96255 3.96209 3.96171 3.9614 3.96116 3.96099 3.96088 3.96083 3.96084 3.96089 3.961 
3.95448 3.95468 3.95494 3.95524 3.9556 3.95601 3.95648 3.957 3.95758 3.95823 3.95895 3.95974 3.96061 3.96156 3.96259 3.96371 3.96493 3.96624 3.96765 3.96916 3.97078 3.97249 3.97431 3.97622 3.97823 3.98033 3.98251 3.98477 3.98709 3.98946 3.99188 3.99433 3.99679 3.99925 4.0017 4.00411 4.00648 4.00878 4.01099 4.0131 4.01509 4.01695 4.01867 4.02021 4.02159 4.02277 4.02376 4.02454 4.0251 4.02545 4.02558 4.02549 4.02518 4.02465 4.02391 4.02297 4.02183 4.0205 4.01899 4.01733 4.01552 4.01357 4.01151 4.00935 4.00711 4.0048 4.00245 4.00006 3.99766 3.99527 3.99289 3.99054 3.98824 3.986 3.98382 3.98173 3.97973 3.97782 3.97601 3.97431 3.97271 3.97123 3.96987 3.96861 3.96747 3.96644 3.96551 3.96469 3.96397 3.96334 3.96281 3.96236 3.962 3.96171 3.9615 3.96135 3.96127 3.96125 3.96129 3.96139 
3.9549 3.9551 3.95536 3.95568 3.95607 3.95651 3.95701 3.95758 3.95823 3.95894 3.95973 3.96061 3.96157 3.96263 3.96378 3.96503 3.96639 3.96785 3.96943 3.97112 3.97293 3.97485 3.97688 3.97901 3.98126 3.9836 3.98603 3.98855 3.99113 3.99378 3.99647 3.99919 4.00193 4.00466 4.00738 4.01006 4.01268 4.01522 4.01767 4.02001 4.02221 4.02427 4.02616 4.02786 4.02938 4.03068 4.03177 4.03262 4.03325 4.03363 4.03377 4.03366 4.03331 4.03272 4.0319 4.03085 4.02958 4.02811 4.02644 4.0246 4.02259 4.02043 4.01814 4.01575 4.01326 4.01069 4.00808 4.00543 4.00276 4.00009 3.99744 3.99483 3.99226 3.98976 3.98733 3.98499 3.98275 3.98061 3.97858 3.97667 3.97488 3.97321 3.97167 3.97025 3.96896 3.96779 3.96673 3.96579 3.96496 3.96424 3.96362 3.9631 3.96267 3.96232 3.96206 3.96187 3.96176 3.96171 3.96173 3.96181 
3.95535 3.95556 3.95583 3.95617 3.95658 3.95706 3.95761 3.95823 3.95894 3.95973 3.96061 3.96159 3.96266 3.96384 3.96513 3.96653 3.96805 3.9697 3.97146 3.97336 3.97538 3.97754 3.97981 3.98221 3.98472 3.98734 3.99006 3.99287 3.99576 3.99872 4.00172 4.00475 4.0078 4.01085 4.01387 4.01684 4.01975 4.02258 4.0253 4.02789 4.03033 4.03261 4.0347 4.03659 4.03826 4.0397 4.0409 4.04184 4.04252 4.04294 4.04309 4.04297 4.04257 4.04192 4.041 4.03983 4.03842 4.03679 4.03493 4.03288 4.03065 4.02825 4.02571 4.02304 4.02027 4.01742 4.01451 4.01155 4.00858 4.0056 4.00265 3.99972 3.99686 3.99406 3.99134 3.98872 3.9862 3.9838 3.98152 3.97937 3.97735 3.97547 3.97373 3.97212 3.97065 3.96932 3.96811 3.96704 3.96609 3.96525 3.96453 3.96392 3.96341 3.963 3.96268 3.96244 3.96228 3.96221 3.96221 3.96227 
3.95584 3.95605 3.95634 3.9567 3.95714 3.95766 3.95826 3.95895 3.95973 3.96061 3.96159 3.96268 3.96388 3.9652 3.96664 3.96822 3.96993 3.97177 3.97376 3.97589 3.97816 3.98058 3.98313 3.98582 3.98864 3.99157 3.99462 3.99776 4.00099 4.00429 4.00765 4.01103 4.01443 4.01782 4.02119 4.0245 4.02773 4.03087 4.03389 4.03676 4.03947 4.04199 4.04431 4.0464 4.04825 4.04984 4.05116 4.0522 4.05296 4.05341 4.05357 4.05343 4.05299 4.05226 4.05124 4.04994 4.04837 4.04655 4.04449 4.04221 4.03972 4.03706 4.03423 4.03126 4.02818 4.025 4.02175 4.01846 4.01514 4.01182 4.00852 4.00525 4.00204 3.99891 3.99587 3.99292 3.9901 3.9874 3.98484 3.98242 3.98014 3.97802 3.97604 3.97422 3.97256 3.97104 3.96967 3.96844 3.96734 3.96638 3.96555 3.96483 3.96424 3.96374 3.96336 3.96306 3.96286 3.96275 3.96272 3.96277 
3.95638 3.95659 3.95689 3.95727 3.95775 3.95832 3.95898 3.95974 3.96061 3.96159 3.96268 3.9639 3.96524 3.96672 3.96834 3.97011 3.97203 3.9741 3.97633 3.97872 3.98128 3.98399 3.98685 3.98986 3.99302 3.99631 3.99972 4.00324 4.00685 4.01053 4.01427 4.01804 4.02183 4.02561 4.02935 4.03303 4.03663 4.04011 4.04346 4.04665 4.04965 4.05245 4.05501 4.05732 4.05936 4.06112 4.06258 4.06373 4.06456 4.06506 4.06523 4.06506 4.06457 4.06375 4.06262 4.06117 4.05943 4.05741 4.05512 4.05258 4.04982 4.04686 4.04372 4.04042 4.03699 4.03345 4.02983 4.02616 4.02246 4.01876 4.01507 4.01142 4.00784 4.00433 4.00092 3.99763 3.99446 3.99143 3.98855 3.98582 3.98326 3.98086 3.97863 3.97657 3.97468 3.97296 3.97139 3.96999 3.96874 3.96763 3.96667 3.96584 3.96514 3.96456 3.9641 3.96375 3.96349 3.96334 3.96328 3.96332 
3.95695 3.95717 3.95748 3.9579 3.95841 3.95903 3.95976 3.96061 3.96157 3.96266 3.96388 3.96524 3.96675 3.9684 3.97022 3.9722 3.97436 3.97668 3.97919 3.98187 3.98473 3.98777 3.99098 3.99436 3.99789 4.00157 4.00538 4.0093 4.01333 4.01744 4.02161 4.02581 4.03002 4.03422 4.03838 4.04247 4.04646 4.05032 4.05403 4.05756 4.06088 4.06397 4.0668 4.06936 4.07161 4.07355 4.07516 4.07642 4.07733 4.07788 4.07806 4.07787 4.07732 4.07641 4.07515 4.07355 4.07162 4.06937 4.06684 4.06403 4.06096 4.05768 4.05419 4.05052 4.04671 4.04278 4.03876 4.03468 4.03056 4.02643 4.02232 4.01826 4.01425 4.01034 4.00653 4.00284 3.99929 3.99589 3.99266 3.9896 3.98671 3.98401 3.9815 3.97917 3.97704 3.97508 3.97331 3.97171 3.97028 3.96902 3.96791 3.96695 3.96614 3.96546 3.96491 3.96449 3.96418 3.96398 3.96389 3.96391 
3.95758 3.95779 3.95813 3.95857 3.95913 3.95982 3.96062 3.96156 3.96263 3.96384 3.9652 3.96672 3.9684 3.97026 3.9723 3.97452 3.97693 3.97954 3.98234 3.98535 3.98855 3.99195 3.99554 3.99931 4.00325 4.00735 4.0116 4.01598 4.02046 4.02504 4.02967 4.03434 4.03902 4.04367 4.04828 4.05281 4.05723 4.0615 4.0656 4.0695 4.07317 4.07658 4.0797 4.08251 4.085 4.08713 4.0889 4.09029 4.09128 4.09188 4.09207 4.09186 4.09125 4.09024 4.08884 4.08707 4.08493 4.08245 4.07964 4.07654 4.07315 4.06951 4.06565 4.06159 4.05737 4.05301 4.04855 4.04402 4.03944 4.03486 4.03029 4.02576 4.0213 4.01694 4.01269 4.00857 4.0046 4.0008 3.99718 3.99375 3.99052 3.98749 3.98466 3.98204 3.97963 3.97742 3.97541 3.9736 3.97197 3.97053 3.96927 3.96817 3.96723 3.96644 3.9658 3.9653 3.96492 3.96468 3.96455 3.96454 
3.95825 3.95847 3.95882 3.9593 3.95992 3.96066 3.96155 3.96259 3.96378 3.96513 3.96664 3.96834 3.97022 3.9723 3.97457 3.97705 3.97975 3.98267 3.9858 3.98916 3.99273 3.99653 4.00053 4.00473 4.00912 4.01369 4.01841 4.02328 4.02826 4.03333 4.03846 4.04364 4.04881 4.05397 4.05906 4.06406 4.06894 4.07365 4.07817 4.08247 4.08651 4.09026 4.09369 4.09679 4.09952 4.10186 4.1038 4.10532 4.10641 4.10706 4.10727 4.10703 4.10635 4.10523 4.10369 4.10173 4.09938 4.09664 4.09354 4.09011 4.08638 4.08236 4.07809 4.07361 4.06895 4.06413 4.0592 4.05418 4.04912 4.04403 4.03897 4.03394 4.02899 4.02414 4.01941 4.01483 4.01041 4.00617 4.00213 3.9983 3.99468 3.99128 3.98812 3.98517 3.98246 3.97997 3.97771 3.97566 3.97382 3.97218 3.97074 3.96949 3.96841 3.96751 3.96676 3.96617 3.96573 3.96543 3.96526 3.96523 
3.95897 3.9592 3.95958 3.9601 3.96076 3.96159 3.96257 3.96371 3.96503 3.96653 3.96822 3.97011 3.9722 3.97452 3.97705 3.97982 3.98283 3.98608 3.98958 3.99331 3.99729 4.00151 4.00596 4.01063 4.01551 4.02057 4.02581 4.0312 4.03671 4.04232 4.048 4.05371 4.05942 4.06511 4.07072 4.07623 4.08159 4.08678 4.09175 4.09646 4.1009 4.10501 4.10878 4.11217 4.11516 4.11772 4.11984 4.1215 4.12269 4.1234 4.12362 4.12335 4.1226 4.12137 4.11968 4.11752 4.11493 4.11192 4.10852 4.10475 4.10064 4.09622 4.09153 4.08659 4.08145 4.07615 4.07071 4.06517 4.05958 4.05397 4.04836 4.04281 4.03733 4.03195 4.02671 4.02162 4.01672 4.01201 4.00751 4.00324 3.99921 3.99542 3.99188 3.98859 3.98555 3.98276 3.98021 3.9779 3.97583 3.97398 3.97235 3.97093 3.9697 3.96866 3.9678 3.96712 3.9666 3.96623 3.96602 3.96596 
3.95975 3.95999 3.96039 3.96095 3.96168 3.96258 3.96366 3.96493 3.96639 3.96805 3.96993 3.97203 3.97436 3.97693 3.97975 3.98283 3.98618 3.98979 3.99367 3.99782 4.00224 4.00691 4.01184 4.01702 4.02241 4.02801 4.0338 4.03975 4.04583 4.05201 4.05827 4.06456 4.07084 4.07709 4.08325 4.08929 4.09518 4.10086 4.1063 4.11147 4.11632 4.12082 4.12493 4.12863 4.13189 4.13469 4.137 4.13881 4.1401 4.14087 4.14111 4.14081 4.13999 4.13864 4.13678 4.13442 4.13158 4.12829 4.12456 4.12043 4.11592 4.11108 4.10593 4.10052 4.09488 4.08905 4.08307 4.07699 4.07084 4.06465 4.05848 4.05236 4.04631 4.04038 4.03458 4.02896 4.02353 4.01831 4.01332 4.00858 4.0041 3.99989 3.99595 3.99228 3.98889 3.98577 3.98292 3.98034 3.97801 3.97593 3.97409 3.97248 3.97109 3.96991 3.96893 3.96814 3.96753 3.96711 3.96685 3.96676 
3.96059 3.96083 3.96126 3.96187 3.96266 3.96365 3.96484 3.96624 3.96785 3.9697 3.97177 3.9741 3.97668 3.97954 3.98267 3.98608 3.98979 3.99379 3.99808 4.00268 4.00756 4.01273 4.01818 4.02389 4.02984 4.03601 4.04238 4.04893 4.05561 4.0624 4.06927 4.07616 4.08305 4.08989 4.09664 4.10325 4.10968 4.11588 4.12182 4.12746 4.13274 4.13764 4.14212 4.14615 4.1497 4.15274 4.15525 4.15722 4.15862 4.15945 4.1597 4.15937 4.15846 4.15699 4.15496 4.15239 4.14929 4.1457 4.14163 4.13712 4.1322 4.12691 4.12129 4.11537 4.1092 4.10282 4.09628 4.08961 4.08287 4.07609 4.06931 4.06258 4.05593 4.04941 4.04303 4.03683 4.03084 4.02508 4.01957 4.01433 4.00937 4.0047 4.00033 3.99626 3.99249 3.98901 3.98584 3.98296 3.98035 3.97802 3.97596 3.97415 3.97258 3.97125 3.97013 3.96923 3.96854 3.96804 3.96773 3.96761 
3.96148 3.96174 3.96219 3.96285 3.96372 3.9648 3.96611 3.96765 3.96943 3.97146 3.97376 3.97633 3.97919 3.98234 3.9858 3.98958 3.99367 3.99808 4.00283 4.00789 4.01328 4.01897 4.02496 4.03124 4.03778 4.04455 4.05155 4.05872 4.06604 4.07348 4.08098 4.08852 4.09604 4.1035 4.11086 4.11806 4.12506 4.13182 4.13827 4.1444 4.15014 4.15546 4.16032 4.16469 4.16853 4.17183 4.17454 4.17667 4.17818 4.17907 4.17934 4.17898 4.178 4.17639 4.17418 4.17139 4.16802 4.16412 4.15969 4.15479 4.14944 4.14369 4.13757 4.13112 4.1244 4.11745 4.11031 4.10303 4.09566 4.08825 4.08084 4.07347 4.06619 4.05903 4.05204 4.04523 4.03865 4.03232 4.02625 4.02048 4.01501 4.00985 4.00502 4.00052 3.99634 3.9925 3.98897 3.98577 3.98287 3.98027 3.97797 3.97594 3.97419 3.97268 3.97143 3.97041 3.96962 3.96904 3.96868 3.96852 
3.96244 3.9627 3.96319 3.9639 3.96485 3.96604 3.96747 3.96916 3.97112 3.97336 3.97589 3.97872 3.98187 3.98535 3.98916 3.99331 3.99782 4.00268 4.00789 4.01346 4.01937 4.02562 4.03219 4.03906 4.04622 4.05364 4.06128 4.06912 4.07711 4.08522 4.09339 4.1016 4.10978 4.11789 4.12588 4.1337 4.1413 4.14862 4.15562 4.16224 4.16846 4.17421 4.17947 4.18419 4.18834 4.19189 4.19482 4.19711 4.19874 4.1997 4.19999 4.19959 4.19852 4.19678 4.19439 4.19136 4.18772 4.18349 4.17871 4.1734 4.1676 4.16136 4.15472 4.14773 4.14043 4.13288 4.12512 4.11721 4.10919 4.10112 4.09305 4.08501 4.07707 4.06925 4.0616 4.05416 4.04695 4.04001 4.03336 4.02702 4.02101 4.01535 4.01003 4.00506 4.00046 3.99621 3.99232 3.98877 3.98556 3.98268 3.98012 3.97786 3.9759 3.97422 3.97281 3.97166 3.97076 3.97011 3.96969 3.9695 
3.96346 3.96373 3.96425 3.96503 3.96606 3.96735 3.96892 3.97078 3.97293 3.97538 3.97816 3.98128 3.98473 3.98855 3.99273 3.99729 4.00224 4.00756 4.01328 4.01937 4.02584 4.03267 4.03985 4.04735 4.05516 4.06325 4.07157 4.0801 4.08878 4.09759 4.10647 4.11537 4.12424 4.13303 4.14167 4.15013 4.15834 4.16624 4.1738 4.18095 4.18764 4.19384 4.1995 4.20458 4.20905 4.21287 4.21602 4.21848 4.22023 4.22126 4.22156 4.22113 4.21997 4.2181 4.21552 4.21225 4.20833 4.20377 4.1986 4.19287 4.18662 4.17988 4.17271 4.16515 4.15726 4.14909 4.14069 4.13211 4.12342 4.11467 4.1059 4.09717 4.08853 4.08003 4.0717 4.06359 4.05573 4.04815 4.04088 4.03395 4.02738 4.02117 4.01534 4.00989 4.00483 4.00016 3.99587 3.99196 3.98842 3.98523 3.9824 3.9799 3.97772 3.97585 3.97428 3.973 3.97199 3.97125 3.97076 3.97053 
3.96454 3.96482 3.96538 3.96622 3.96734 3.96875 3.97047 3.97249 3.97485 3.97754 3.98058 3.98399 3.98777 3.99195 3.99653 4.00151 4.00691 4.01273 4.01897 4.02562 4.03267 4.04011 4.04793 4.05609 4.06458 4.07335 4.08238 4.09163 4.10104 4.11057 4.12018 4.12979 4.13937 4.14885 4.15818 4.16729 4.17612 4.18463 4.19275 4.20044 4.20763 4.21429 4.22036 4.22581 4.2306 4.23469 4.23806 4.2407 4.24257 4.24366 4.24398 4.24351 4.24227 4.24026 4.23749 4.23398 4.22976 4.22487 4.21932 4.21316 4.20643 4.19919 4.19147 4.18333 4.17483 4.16602 4.15696 4.1477 4.13832 4.12885 4.11937 4.10992 4.10056 4.09134 4.08231 4.0735 4.06496 4.05672 4.04881 4.04126 4.03409 4.02731 4.02094 4.01499 4.00945 4.00433 3.99963 3.99534 3.99144 3.98794 3.98482 3.98206 3.97965 3.97758 3.97584 3.97441 3.97329 3.97245 3.9719 3.97164 
3.96569 3.96598 3.96658 3.96748 3.9687 3.97023 3.9721 3.97431 3.97688 3.97981 3.98313 3.98685 3.99098 3.99554 4.00053 4.00596 4.01184 4.01818 4.02496 4.03219 4.03985 4.04793 4.0564 4.06525 4.07444 4.08393 4.0937 4.10368 4.11384 4.12412 4.13447 4.14482 4.15513 4.16532 4.17534 4.18512 4.1946 4.20372 4.21242 4.22065 4.22834 4.23546 4.24195 4.24778 4.25289 4.25726 4.26086 4.26367 4.26566 4.26683 4.26716 4.26666 4.26533 4.26317 4.26021 4.25646 4.25195 4.24671 4.24077 4.23418 4.22697 4.21921 4.21093 4.2022 4.19308 4.18361 4.17388 4.16392 4.15382 4.14363 4.13341 4.12322 4.11312 4.10316 4.09339 4.08387 4.07462 4.06569 4.05711 4.04892 4.04113 4.03376 4.02683 4.02034 4.01431 4.00872 4.00359 3.99889 3.99463 3.99079 3.98737 3.98434 3.98169 3.97941 3.97749 3.97591 3.97466 3.97373 3.97311 3.9728 
3.96689 3.9672 3.96784 3.96881 3.97013 3.97179 3.97382 3.97622 3.97901 3.98221 3.98582 3.98986 3.99436 3.99931 4.00473 4.01063 4.01702 4.02389 4.03124 4.03906 4.04735 4.05609 4.06525 4.0748 4.08471 4.09495 4.10547 4.11621 4.12714 4.13818 4.14929 4.1604 4.17145 4.18237 4.19309 4.20355 4.21368 4.22342 4.23271 4.24149 4.2497 4.25728 4.26419 4.27039 4.27583 4.28048 4.28431 4.2873 4.28941 4.29065 4.291 4.29047 4.28904 4.28675 4.28359 4.27959 4.27479 4.2692 4.26287 4.25584 4.24815 4.23986 4.23102 4.22169 4.21193 4.20181 4.19138 4.18072 4.16988 4.15895 4.14798 4.13703 4.12617 4.11545 4.10493 4.09466 4.08468 4.07504 4.06578 4.05691 4.04848 4.0405 4.03299 4.02595 4.01939 4.01332 4.00773 4.00262 3.99798 3.99379 3.99004 3.98673 3.98383 3.98133 3.97922 3.97748 3.9761 3.97507 3.97438 3.97402 
3.96816 3.96848 3.96916 3.97021 3.97163 3.97343 3.97563 3.97823 3.98126 3.98472 3.98864 3.99302 3.99789 4.00325 4.00912 4.01551 4.02241 4.02984 4.03778 4.04622 4.05516 4.06458 4.07444 4.08471 4.09537 4.10637 4.11765 4.12918 4.14088 4.15271 4.16459 4.17647 4.18827 4.19992 4.21135 4.2225 4.23329 4.24366 4.25354 4.26287 4.27159 4.27965 4.28698 4.29356 4.29933 4.30426 4.30831 4.31147 4.31371 4.31502 4.31539 4.31482 4.31331 4.31087 4.30752 4.30328 4.29818 4.29224 4.28552 4.27804 4.26987 4.26105 4.25165 4.24171 4.23131 4.22052 4.20939 4.19801 4.18644 4.17475 4.16301 4.15129 4.13965 4.12815 4.11686 4.10583 4.09511 4.08474 4.07477 4.06522 4.05613 4.04751 4.03939 4.03179 4.02469 4.01812 4.01206 4.00651 4.00147 3.99692 3.99284 3.98923 3.98607 3.98334 3.98103 3.97912 3.97761 3.97647 3.97571 3.97531 
3.96948 3.96982 3.97055 3.97167 3.9732 3.97515 3.97752 3.98033 3.9836 3.98734 3.99157 3.99631 4.00157 4.00735 4.01369 4.02057 4.02801 4.03601 4.04455 4.05364 4.06325 4.07335 4.08393 4.09495 4.10637 4.11814 4.13021 4.14252 4.15502 4.16764 4.18031 4.19295 4.20551 4.2179 4.23005 4.24189 4.25335 4.26434 4.27481 4.2847 4.29393 4.30245 4.31021 4.31716 4.32326 4.32847 4.33275 4.33608 4.33845 4.33983 4.34022 4.33961 4.33801 4.33543 4.33189 4.3274 4.32201 4.31573 4.30861 4.3007 4.29204 4.28269 4.27272 4.26218 4.25114 4.23967 4.22784 4.21573 4.20341 4.19096 4.17844 4.16594 4.15351 4.14123 4.12915 4.11735 4.10586 4.09475 4.08405 4.0738 4.06403 4.05476 4.04603 4.03783 4.03019 4.02309 4.01655 4.01056 4.0051 4.00017 3.99575 3.99184 3.9884 3.98544 3.98292 3.98084 3.97919 3.97794 3.9771 3.97665 
3.97086 3.97121 3.97199 3.97319 3.97484 3.97693 3.97948 3.98251 3.98603 3.99006 3.99462 3.99972 4.00538 4.0116 4.01841 4.02581 4.0338 4.04238 4.05155 4.06128 4.07157 4.08238 4.0937 4.10547 4.11765 4.13021 4.14307 4.15618 4.16948 4.1829 4.19635 4.20978 4.2231 4.23623 4.2491 4.26163 4.27374 4.28536 4.29642 4.30686 4.3166 4.32558 4.33376 4.34108 4.34751 4.35299 4.3575 4.361 4.36349 4.36494 4.36535 4.36471 4.36302 4.36031 4.35657 4.35185 4.34616 4.33954 4.33203 4.32368 4.31454 4.30467 4.29413 4.28299 4.27131 4.25917 4.24664 4.2338 4.22073 4.20751 4.19421 4.18091 4.16769 4.15461 4.14175 4.12916 4.1169 4.10503 4.09359 4.08262 4.07216 4.06223 4.05286 4.04407 4.03585 4.02823 4.02119 4.01473 4.00885 4.00354 3.99877 3.99454 3.99082 3.98761 3.98488 3.98262 3.98082 3.97947 3.97855 3.97805 
3.97229 3.97265 3.97348 3.97477 3.97653 3.97878 3.98152 3.98477 3.98855 3.99287 3.99776 4.00324 4.0093 4.01598 4.02328 4.0312 4.03975 4.04893 4.05872 4.06912 4.0801 4.09163 4.10368 4.11621 4.12918 4.14252 4.15618 4.1701 4.1842 4.19841 4.21266 4.22687 4.24094 4.25482 4.2684 4.28161 4.29438 4.30662 4.31827 4.32924 4.33948 4.34893 4.35752 4.36521 4.37195 4.3777 4.38243 4.38611 4.38871 4.39023 4.39066 4.38998 4.38822 4.38537 4.38145 4.37649 4.37051 4.36356 4.35567 4.34689 4.33728 4.32689 4.31579 4.30404 4.29173 4.27892 4.26569 4.25213 4.23831 4.22432 4.21024 4.19615 4.18213 4.16825 4.15458 4.1412 4.12816 4.11552 4.10334 4.09164 4.08048 4.06988 4.05987 4.05046 4.04167 4.0335 4.02596 4.01903 4.01271 4.007 4.00187 3.99732 3.99331 3.98985 3.98691 3.98447 3.98252 3.98105 3.98004 3.9795 
3.97376 3.97414 3.97502 3.9764 3.97828 3.98068 3.98361 3.98709 3.99113 3.99576 4.00099 4.00685 4.01333 4.02046 4.02826 4.03671 4.04583 4.05561 4.06604 4.07711 4.08878 4.10104 4.11384 4.12714 4.14088 4.15502 4.16948 4.1842 4.1991 4.21411 4.22915 4.24412 4.25896 4.27356 4.28785 4.30174 4.31516 4.32801 4.34023 4.35173 4.36247 4.37236 4.38136 4.3894 4.39645 4.40247 4.40741 4.41126 4.41398 4.41557 4.41602 4.41531 4.41346 4.41048 4.40638 4.40119 4.39494 4.38766 4.37939 4.3702 4.36012 4.34922 4.33757 4.32523 4.31229 4.29882 4.2849 4.27062 4.25606 4.24131 4.22645 4.21156 4.19674 4.18206 4.1676 4.15342 4.1396 4.12619 4.11325 4.10083 4.08896 4.07768 4.06701 4.05699 4.04761 4.03889 4.03083 4.02342 4.01667 4.01055 4.00506 4.00017 3.99587 3.99215 3.98899 3.98636 3.98426 3.98267 3.98158 3.98099 
3.97526 3.97567 3.9766 3.97806 3.98007 3.98262 3.98575 3.98946 3.99378 3.99872 4.00429 4.01053 4.01744 4.02504 4.03333 4.04232 4.05201 4.0624 4.07348 4.08522 4.09759 4.11057 4.12412 4.13818 4.15271 4.16764 4.1829 4.19841 4.21411 4.22991 4.24573 4.26147 4.27704 4.29237 4.30735 4.32191 4.33596 4.34941 4.36219 4.37422 4.38543 4.39576 4.40515 4.41354 4.4209 4.42717 4.43232 4.43633 4.43917 4.44083 4.44129 4.44055 4.43863 4.43552 4.43125 4.42584 4.41931 4.41171 4.40309 4.39348 4.38295 4.37155 4.35936 4.34645 4.33289 4.31877 4.30417 4.28918 4.27389 4.25838 4.24275 4.22708 4.21147 4.19599 4.18073 4.16576 4.15116 4.13698 4.12328 4.11012 4.09754 4.08558 4.07426 4.06361 4.05364 4.04437 4.03579 4.0279 4.02069 4.01417 4.0083 4.00308 3.99849 3.9945 3.99111 3.9883 3.98604 3.98433 3.98316 3.98252 
3.9768 3.97722 3.97821 3.97976 3.98189 3.98461 3.98793 3.99188 3.99647 4.00172 4.00765 4.01427 4.02161 4.02967 4.03846 4.048 4.05827 4.06927 4.08098 4.09339 4.10647 4.12018 4.13447 4.14929 4.16459 4.18031 4.19635 4.21266 4.22915 4.24573 4.26231 4.2788 4.2951 4.31114 4.3268 4.34201 4.35667 4.37071 4.38403 4.39656 4.40824 4.419 4.42877 4.4375 4.44515 4.45167 4.45702 4.46119 4.46414 4.46586 4.46634 4.46558 4.46358 4.46035 4.45591 4.45028 4.4435 4.4356 4.42662 4.41662 4.40564 4.39377 4.38106 4.36758 4.35342 4.33867 4.3234 4.30772 4.2917 4.27545 4.25906 4.24262 4.22622 4.20996 4.19391 4.17815 4.16277 4.14782 4.13338 4.11948 4.1062 4.09355 4.08157 4.0703 4.05974 4.0499 4.0408 4.03243 4.02477 4.01783 4.01159 4.00603 4.00114 3.99689 3.99328 3.99027 3.98786 3.98603 3.98477 3.98408 
3.97836 3.9788 3.97984 3.98148 3.98374 3.98662 3.99014 3.99433 3.99919 4.00475 4.01103 4.01804 4.02581 4.03434 4.04364 4.05371 4.06456 4.07616 4.08852 4.1016 4.11537 4.12979 4.14482 4.1604 4.17647 4.19295 4.20978 4.22687 4.24412 4.26147 4.2788 4.29602 4.31304 4.32976 4.34609 4.36193 4.37719 4.39179 4.40564 4.41866 4.43079 4.44195 4.45209 4.46115 4.46907 4.47583 4.48138 4.4857 4.48875 4.49054 4.49104 4.49025 4.48818 4.48484 4.48024 4.47441 4.46738 4.45918 4.44987 4.43948 4.42809 4.41575 4.40253 4.38851 4.37377 4.3584 4.34249 4.32612 4.3094 4.29243 4.27529 4.25809 4.24093 4.22388 4.20705 4.19052 4.17437 4.15867 4.14348 4.12886 4.11486 4.10154 4.08891 4.07701 4.06586 4.05547 4.04584 4.03698 4.02888 4.02153 4.01491 4.00901 4.00382 3.99931 3.99546 3.99226 3.9897 3.98775 3.9864 3.98566 
3.97993 3.9804 3.98149 3.98322 3.9856 3.98865 3.99237 3.99679 4.00193 4.0078 4.01443 4.02183 4.03002 4.03902 4.04881 4.05942 4.07084 4.08305 4.09604 4.10978 4.12424 4.13937 4.15513 4.17145 4.18827 4.20551 4.2231 4.24094 4.25896 4.27704 4.2951 4.31304 4.33075 4.34814 4.36511 4.38156 4.3974 4.41254 4.42689 4.44039 4.45294 4.4645 4.47498 4.48435 4.49255 4.49953 4.50527 4.50973 4.51289 4.51473 4.51525 4.51444 4.5123 4.50885 4.5041 4.49808 4.49081 4.48234 4.4727 4.46195 4.45015 4.43737 4.42366 4.40912 4.39382 4.37786 4.36132 4.34429 4.32689 4.30921 4.29135 4.27341 4.25549 4.23769 4.2201 4.20281 4.1859 4.16945 4.15352 4.13819 4.1235 4.1095 4.09623 4.08372 4.07198 4.06103 4.05089 4.04154 4.03299 4.02523 4.01824 4.012 4.00651 4.00173 3.99766 3.99427 3.99155 3.98948 3.98805 3.98725 
3.98151 3.98199 3.98314 3.98496 3.98747 3.99068 3.9946 3.99925 4.00466 4.01085 4.01782 4.02561 4.03422 4.04367 4.05397 4.06511 4.07709 4.08989 4.1035 4.11789 4.13303 4.14885 4.16532 4.18237 4.19992 4.2179 4.23623 4.25482 4.27356 4.29237 4.31114 4.32976 4.34814 4.36617 4.38375 4.40079 4.41718 4.43284 4.44768 4.46162 4.47459 4.48651 4.49733 4.507 4.51545 4.52265 4.52856 4.53316 4.53641 4.53831 4.53885 4.53802 4.53582 4.53227 4.52738 4.52117 4.51368 4.50494 4.495 4.48391 4.47173 4.45852 4.44435 4.42931 4.41347 4.39693 4.37979 4.36214 4.34407 4.32571 4.30715 4.28849 4.26984 4.2513 4.23297 4.21493 4.19729 4.18011 4.16346 4.14743 4.13206 4.1174 4.10349 4.09037 4.07805 4.06656 4.05591 4.04608 4.03709 4.02892 4.02156 4.01499 4.00919 4.00416 3.99986 3.99628 3.9934 3.99121 3.98969 3.98885 
3.98308 3.98358 3.98479 3.9867 3.98933 3.9927 3.99681 4.0017 4.00738 4.01387 4.02119 4.02935 4.03838 4.04828 4.05906 4.07072 4.08325 4.09664 4.11086 4.12588 4.14167 4.15818 4.17534 4.19309 4.21135 4.23005 4.2491 4.2684 4.28785 4.30735 4.3268 4.34609 4.36511 4.38375 4.40193 4.41952 4.43644 4.45259 4.46789 4.48226 4.49561 4.50789 4.51902 4.52896 4.53765 4.54505 4.55113 4.55586 4.55921 4.56116 4.56172 4.56087 4.55861 4.55497 4.54995 4.54357 4.53587 4.52688 4.51666 4.50524 4.49269 4.47908 4.46447 4.44895 4.43261 4.41552 4.3978 4.37954 4.36085 4.34183 4.32259 4.30324 4.28389 4.26463 4.24558 4.22683 4.20846 4.19057 4.17323 4.15651 4.14048 4.12517 4.11064 4.09693 4.08405 4.07202 4.06086 4.05057 4.04114 4.03257 4.02484 4.01794 4.01186 4.00656 4.00204 3.99827 3.99524 3.99293 3.99133 3.99044 
3.98464 3.98516 3.98641 3.98841 3.99117 3.99469 3.999 4.00411 4.01006 4.01684 4.0245 4.03303 4.04247 4.05281 4.06406 4.07623 4.08929 4.10325 4.11806 4.1337 4.15013 4.16729 4.18512 4.20355 4.2225 4.24189 4.26163 4.28161 4.30174 4.32191 4.34201 4.36193 4.38156 4.40079 4.41952 4.43764 4.45506 4.47168 4.48741 4.50218 4.5159 4.5285 4.53993 4.55013 4.55905 4.56664 4.57288 4.57772 4.58116 4.58317 4.58374 4.58287 4.58057 4.57683 4.57169 4.56515 4.55726 4.54804 4.53755 4.52583 4.51294 4.49894 4.48392 4.46795 4.45112 4.43352 4.41526 4.39642 4.37713 4.35748 4.3376 4.31758 4.29755 4.27761 4.25787 4.23842 4.21936 4.20079 4.18277 4.16539 4.1487 4.13277 4.11764 4.10335 4.08992 4.07737 4.06572 4.05497 4.04512 4.03616 4.02807 4.02085 4.01448 4.00893 4.00419 4.00024 3.99706 3.99463 3.99295 3.99201 
3.98616 3.9867 3.98801 3.9901 3.99297 3.99664 4.00114 4.00648 4.01268 4.01975 4.02773 4.03663 4.04646 4.05723 4.06894 4.08159 4.09518 4.10968 4.12506 4.1413 4.15834 4.17612 4.1946 4.21368 4.23329 4.25335 4.27374 4.29438 4.31516 4.33596 4.35667 4.37719 4.3974 4.41718 4.43644 4.45506 4.47295 4.49001 4.50615 4.52128 4.53535 4.54826 4.55997 4.57041 4.57953 4.5873 4.59368 4.59864 4.60216 4.60422 4.6048 4.60392 4.60157 4.59776 4.5925 4.58582 4.57775 4.56832 4.55757 4.54557 4.53236 4.51801 4.5026 4.48621 4.46892 4.45084 4.43205 4.41267 4.39281 4.37257 4.35207 4.33143 4.31075 4.29015 4.26975 4.24964 4.22992 4.21068 4.19202 4.174 4.15669 4.14016 4.12445 4.10959 4.09563 4.08258 4.07046 4.05926 4.049 4.03966 4.03123 4.02369 4.01704 4.01125 4.00629 4.00216 3.99884 3.9963 3.99454 3.99355 
3.98765 3.98821 3.98957 3.99173 3.99472 3.99855 4.00322 4.00878 4.01522 4.02258 4.03087 4.04011 4.05032 4.0615 4.07365 4.08678 4.10086 4.11588 4.13182 4.14862 4.16624 4.18463 4.20372 4.22342 4.24366 4.26434 4.28536 4.30662 4.32801 4.34941 4.37071 4.39179 4.41254 4.43284 4.45259 4.47168 4.49001 4.50747 4.52399 4.53948 4.55386 4.56706 4.57902 4.58968 4.599 4.60693 4.61345 4.61851 4.6221 4.62421 4.62481 4.62392 4.62152 4.61764 4.61228 4.60547 4.59723 4.5876 4.57663 4.56436 4.55085 4.53618 4.52041 4.50362 4.48591 4.46737 4.4481 4.42821 4.40781 4.38701 4.36593 4.34469 4.3234 4.30219 4.28115 4.26041 4.24006 4.2202 4.20092 4.18229 4.16439 4.14728 4.13101 4.11562 4.10115 4.08762 4.07503 4.06341 4.05275 4.04305 4.03428 4.02645 4.01953 4.0135 4.00834 4.00404 4.00057 3.99792 3.99609 3.99505 
3.98908 3.98966 3.99107 3.99332 3.99642 4.00038 4.00523 4.01099 4.01767 4.0253 4.03389 4.04346 4.05403 4.0656 4.07817 4.09175 4.1063 4.12182 4.13827 4.15562 4.1738 4.19275 4.21242 4.23271 4.25354 4.27481 4.29642 4.31827 4.34023 4.36219 4.38403 4.40564 4.42689 4.44768 4.46789 4.48741 4.50615 4.52399 4.54086 4.55667 4.57134 4.5848 4.597 4.60787 4.61736 4.62545 4.63208 4.63724 4.64091 4.64305 4.64367 4.64277 4.64034 4.63639 4.63093 4.624 4.61561 4.6058 4.59462 4.58211 4.56833 4.55335 4.53725 4.5201 4.502 4.48303 4.46331 4.44295 4.42204 4.40072 4.3791 4.3573 4.33544 4.31364 4.29201 4.27068 4.24973 4.22928 4.20941 4.19021 4.17174 4.15408 4.13729 4.12139 4.10643 4.09244 4.07942 4.0674 4.05636 4.0463 4.03722 4.0291 4.02192 4.01566 4.01031 4.00584 4.00224 3.99949 3.99758 3.99651 
3.99046 3.99105 3.99251 3.99483 3.99803 4.00213 4.00715 4.0131 4.02001 4.02789 4.03676 4.04665 4.05756 4.0695 4.08247 4.09646 4.11147 4.12746 4.1444 4.16224 4.18095 4.20044 4.22065 4.24149 4.26287 4.2847 4.30686 4.32924 4.35173 4.37422 4.39656 4.41866 4.44039 4.46162 4.48226 4.50218 4.52128 4.53948 4.55667 4.57277 4.58771 4.60141 4.61382 4.62488 4.63454 4.64276 4.64951 4.65476 4.65848 4.66067 4.6613 4.66039 4.65792 4.65391 4.64838 4.64133 4.63281 4.62284 4.61146 4.59873 4.58471 4.56945 4.55304 4.53556 4.51709 4.49774 4.4776 4.4568 4.43543 4.41362 4.39149 4.36917 4.34678 4.32444 4.30226 4.28037 4.25886 4.23786 4.21744 4.19769 4.1787 4.16053 4.14323 4.12686 4.11144 4.09701 4.08359 4.07118 4.05978 4.0494 4.04002 4.03162 4.0242 4.01773 4.01219 4.00757 4.00384 4.00099 3.99901 3.99789 
3.99176 3.99237 3.99387 3.99626 3.99956 4.00379 4.00896 4.01509 4.02221 4.03033 4.03947 4.04965 4.06088 4.07317 4.08651 4.1009 4.11632 4.13274 4.15014 4.16846 4.18764 4.20763 4.22834 4.2497 4.27159 4.29393 4.3166 4.33948 4.36247 4.38543 4.40824 4.43079 4.45294 4.47459 4.49561 4.5159 4.53535 4.55386 4.57134 4.58771 4.60289 4.61681 4.62941 4.64064 4.65045 4.65879 4.66564 4.67097 4.67475 4.67697 4.67762 4.6767 4.67421 4.67015 4.66453 4.65739 4.64874 4.63863 4.62708 4.61415 4.5999 4.5844 4.56771 4.54992 4.53113 4.51142 4.4909 4.46969 4.44789 4.42564 4.40305 4.38025 4.35736 4.33452 4.31183 4.28942 4.2674 4.24588 4.22495 4.20471 4.18522 4.16657 4.14881 4.13199 4.11615 4.10131 4.0875 4.07474 4.06301 4.05231 4.04265 4.034 4.02635 4.01968 4.01397 4.00919 4.00535 4.00241 4.00036 3.99921 
3.99297 3.9936 3.99514 3.9976 4.00099 4.00534 4.01065 4.01695 4.02427 4.03261 4.04199 4.05245 4.06397 4.07658 4.09026 4.10501 4.12082 4.13764 4.15546 4.17421 4.19384 4.21429 4.23546 4.25728 4.27965 4.30245 4.32558 4.34893 4.37236 4.39576 4.419 4.44195 4.4645 4.48651 4.50789 4.5285 4.54826 4.56706 4.5848 4.60141 4.61681 4.63093 4.6437 4.65508 4.66502 4.67348 4.68042 4.68582 4.68965 4.69191 4.69257 4.69164 4.68912 4.68502 4.67934 4.67211 4.66335 4.6531 4.6414 4.6283 4.61385 4.59812 4.58118 4.56312 4.54402 4.52399 4.50313 4.48155 4.45937 4.43671 4.4137 4.39046 4.36712 4.34382 4.32066 4.29778 4.27529 4.2533 4.2319 4.21119 4.19126 4.17216 4.15398 4.13675 4.12051 4.1053 4.09114 4.07804 4.066 4.05502 4.0451 4.03621 4.02835 4.02149 4.01562 4.01071 4.00676 4.00373 4.00163 4.00044 
3.99409 3.99473 3.99631 3.99883 4.00231 4.00676 4.01221 4.01867 4.02616 4.0347 4.04431 4.05501 4.0668 4.0797 4.09369 4.10878 4.12493 4.14212 4.16032 4.17947 4.1995 4.22036 4.24195 4.26419 4.28698 4.31021 4.33376 4.35752 4.38136 4.40515 4.42877 4.45209 4.47498 4.49733 4.51902 4.53993 4.55997 4.57902 4.597 4.61382 4.62941 4.6437 4.65663 4.66815 4.6782 4.68676 4.69378 4.69924 4.70312 4.70541 4.70608 4.70515 4.70261 4.69846 4.69272 4.68542 4.67657 4.6662 4.65436 4.6411 4.62647 4.61054 4.59338 4.57508 4.55572 4.5354 4.51423 4.49232 4.46979 4.44677 4.42337 4.39974 4.376 4.35228 4.32871 4.3054 4.28248 4.26006 4.23824 4.21711 4.19677 4.17727 4.1587 4.14109 4.1245 4.10895 4.09447 4.08107 4.06875 4.05751 4.04735 4.03825 4.03019 4.02316 4.01714 4.01211 4.00805 4.00495 4.00279 4.00157 
3.99511 3.99577 3.99738 3.99995 4.00351 4.00806 4.01362 4.02021 4.02786 4.03659 4.0464 4.05732 4.06936 4.08251 4.09679 4.11217 4.12863 4.14615 4.16469 4.18419 4.20458 4.22581 4.24778 4.27039 4.29356 4.31716 4.34108 4.36521 4.3894 4.41354 4.4375 4.46115 4.48435 4.507 4.52896 4.55013 4.57041 4.58968 4.60787 4.62488 4.64064 4.65508 4.66815 4.67978 4.68994 4.69858 4.70567 4.71119 4.71511 4.71742 4.71811 4.71717 4.71461 4.71043 4.70464 4.69727 4.68833 4.67787 4.66591 4.65251 4.63773 4.62162 4.60427 4.58575 4.56615 4.54558 4.52413 4.50194 4.4791 4.45575 4.43203 4.40805 4.38395 4.35986 4.33591 4.31222 4.28893 4.26612 4.24393 4.22243 4.20171 4.18186 4.16294 4.145 4.12809 4.11224 4.09747 4.08379 4.07122 4.05975 4.04938 4.04008 4.03185 4.02467 4.01852 4.01338 4.00923 4.00606 4.00385 4.0026 
3.99602 3.99668 3.99832 4.00095 4.00457 4.0092 4.01487 4.02159 4.02938 4.03826 4.04825 4.05936 4.07161 4.085 4.09952 4.11516 4.13189 4.1497 4.16853 4.18834 4.20905 4.2306 4.25289 4.27583 4.29933 4.32326 4.34751 4.37195 4.39645 4.4209 4.44515 4.46907 4.49255 4.51545 4.53765 4.55905 4.57953 4.599 4.61736 4.63454 4.65045 4.66502 4.6782 4.68994 4.70018 4.7089 4.71605 4.72162 4.72557 4.72791 4.7286 4.72766 4.72509 4.72088 4.71505 4.70762 4.69861 4.68806 4.676 4.66248 4.64756 4.6313 4.61378 4.59507 4.57527 4.55448 4.5328 4.51035 4.48725 4.46363 4.43961 4.41532 4.39091 4.3665 4.34223 4.31821 4.29458 4.27145 4.24892 4.2271 4.20606 4.1859 4.16668 4.14845 4.13125 4.11513 4.10011 4.0862 4.07341 4.06173 4.05117 4.04171 4.03333 4.02601 4.01974 4.0145 4.01027 4.00704 4.00479 4.00351 
3.9968 3.99748 3.99914 4.00181 4.00549 4.01019 4.01595 4.02277 4.03068 4.0397 4.04984 4.06112 4.07355 4.08713 4.10186 4.11772 4.13469 4.15274 4.17183 4.19189 4.21287 4.23469 4.25726 4.28048 4.30426 4.32847 4.35299 4.3777 4.40247 4.42717 4.45167 4.47583 4.49953 4.52265 4.54505 4.56664 4.5873 4.60693 4.62545 4.64276 4.65879 4.67348 4.68676 4.69858 4.7089 4.71768 4.72488 4.73049 4.73447 4.73682 4.73753 4.73659 4.734 4.72976 4.7239 4.71642 4.70735 4.69673 4.68458 4.67097 4.65593 4.63955 4.62188 4.60302 4.58305 4.56207 4.54019 4.51753 4.4942 4.47034 4.44607 4.42153 4.39685 4.37217 4.34762 4.32333 4.29941 4.276 4.25319 4.23109 4.20978 4.18936 4.16987 4.15139 4.13396 4.11762 4.10238 4.08826 4.07528 4.06344 4.05271 4.04311 4.03459 4.02717 4.0208 4.01547 4.01118 4.00789 4.0056 4.0043 
3.99746 3.99814 3.99983 4.00253 4.00625 4.01102 4.01685 4.02376 4.03177 4.0409 4.05116 4.06258 4.07516 4.0889 4.1038 4.11984 4.137 4.15525 4.17454 4.19482 4.21602 4.23806 4.26086 4.28431 4.30831 4.33275 4.3575 4.38243 4.40741 4.43232 4.45702 4.48138 4.50527 4.52856 4.55113 4.57288 4.59368 4.61345 4.63208 4.64951 4.66564 4.68042 4.69378 4.70567 4.71605 4.72488 4.73213 4.73777 4.74178 4.74415 4.74486 4.74391 4.74131 4.73706 4.73116 4.72365 4.71453 4.70384 4.69163 4.67793 4.6628 4.64631 4.62853 4.60954 4.58943 4.5683 4.54625 4.52342 4.49991 4.47585 4.45138 4.42663 4.40174 4.37683 4.35206 4.32753 4.30339 4.27974 4.25671 4.23438 4.21285 4.19221 4.17251 4.15383 4.1362 4.11967 4.10425 4.08998 4.07684 4.06485 4.05399 4.04427 4.03565 4.02813 4.02168 4.01628 4.01193 4.0086 4.00628 4.00497 
3.99798 3.99867 4.00037 4.0031 4.00686 4.01168 4.01756 4.02454 4.03262 4.04184 4.0522 4.06373 4.07642 4.09029 4.10532 4.1215 4.13881 4.15722 4.17667 4.19711 4.21848 4.2407 4.26367 4.2873 4.31147 4.33608 4.361 4.38611 4.41126 4.43633 4.46119 4.4857 4.50973 4.53316 4.55586 4.57772 4.59864 4.61851 4.63724 4.65476 4.67097 4.68582 4.69924 4.71119 4.72162 4.73049 4.73777 4.74343 4.74746 4.74984 4.75056 4.74961 4.747 4.74273 4.73682 4.72927 4.72011 4.70938 4.69711 4.68335 4.66815 4.65157 4.6337 4.61461 4.59439 4.57314 4.55097 4.528 4.50434 4.48014 4.45551 4.4306 4.40553 4.38046 4.35551 4.33081 4.30649 4.28266 4.25945 4.23694 4.21525 4.19443 4.17458 4.15573 4.13795 4.12128 4.10572 4.09132 4.07806 4.06596 4.055 4.04518 4.03648 4.02889 4.02237 4.01693 4.01253 4.00917 4.00682 4.00549 
3.99837 3.99906 4.00078 4.00352 4.00731 4.01216 4.01808 4.0251 4.03325 4.04252 4.05296 4.06456 4.07733 4.09128 4.10641 4.12269 4.1401 4.15862 4.17818 4.19874 4.22023 4.24257 4.26566 4.28941 4.31371 4.33845 4.36349 4.38871 4.41398 4.43917 4.46414 4.48875 4.51289 4.53641 4.55921 4.58116 4.60216 4.6221 4.64091 4.65848 4.67475 4.68965 4.70312 4.71511 4.72557 4.73447 4.74178 4.74746 4.75151 4.75389 4.75462 4.75367 4.75105 4.74677 4.74084 4.73326 4.72408 4.71331 4.701 4.68719 4.67194 4.65531 4.63737 4.6182 4.5979 4.57657 4.55431 4.53124 4.50749 4.48317 4.45843 4.4334 4.40822 4.38303 4.35795 4.33313 4.30868 4.28473 4.26139 4.23877 4.21695 4.19602 4.17604 4.15709 4.13921 4.12243 4.10678 4.09228 4.07894 4.06676 4.05573 4.04585 4.03709 4.02944 4.02288 4.0174 4.01297 4.00958 4.00722 4.00588 
3.99861 3.99931 4.00103 4.00378 4.00759 4.01246 4.0184 4.02545 4.03363 4.04294 4.05341 4.06506 4.07788 4.09188 4.10706 4.1234 4.14087 4.15945 4.17907 4.1997 4.22126 4.24366 4.26683 4.29065 4.31502 4.33983 4.36494 4.39023 4.41557 4.44083 4.46586 4.49054 4.51473 4.53831 4.56116 4.58317 4.60422 4.62421 4.64305 4.66067 4.67697 4.69191 4.70541 4.71742 4.72791 4.73682 4.74415 4.74984 4.75389 4.75629 4.75701 4.75606 4.75344 4.74915 4.74321 4.73562 4.72642 4.71563 4.70329 4.68945 4.67416 4.65749 4.63951 4.6203 4.59996 4.57857 4.55626 4.53313 4.50932 4.48494 4.46014 4.43504 4.40979 4.38452 4.35938 4.33448 4.30996 4.28594 4.26253 4.23984 4.21795 4.19695 4.17691 4.15789 4.13995 4.12311 4.10741 4.09286 4.07947 4.06724 4.05617 4.04625 4.03746 4.02978 4.02319 4.01769 4.01324 4.00984 4.00747 4.00613 
