5.36493 5.36511 5.36537 5.36572 5.36615 5.36666 5.36725 5.36792 5.36868 5.36953 5.37046 5.37148 5.37259 5.37378 5.37507 5.37645 5.37792 5.37947 5.38112 5.38285 5.38467 5.38656 5.38853 5.39057 5.39267 5.39483 5.39704 5.3993 5.40158 5.40389 5.40621 5.40852 5.41083 5.41311 5.41535 5.41755 5.41967 5.42173 5.42369 5.42555 5.4273 5.42892 5.43041 5.43174 5.43293 5.43395 5.43479 5.43546 5.43595 5.43626 5.43637 5.4363 5.43604 5.4356 5.43498 5.43418 5.43321 5.43208 5.4308 5.42937 5.4278 5.42612 5.42432 5.42242 5.42043 5.41837 5.41626 5.41409 5.41189 5.40967 5.40745 5.40522 5.40302 5.40084 5.39869 5.3966 5.39456 5.39258 5.39068 5.38885 5.38711 5.38545 5.38388 5.38241 5.38104 5.37976 5.37858 5.3775 5.37652 5.37564 5.37486 5.37417 5.37357 5.37307 5.37265 5.37233 5.37209 5.37194 5.37188 5.3719 
5.36511 5.36529 5.36556 5.3659 5.36633 5.36684 5.36744 5.36812 5.36888 5.36973 5.37067 5.37169 5.37281 5.37402 5.37531 5.3767 5.37818 5.37975 5.3814 5.38315 5.38498 5.38688 5.38887 5.39092 5.39304 5.39522 5.39745 5.39972 5.40203 5.40435 5.40669 5.40902 5.41135 5.41365 5.41591 5.41812 5.42027 5.42234 5.42432 5.42619 5.42796 5.42959 5.43109 5.43244 5.43363 5.43466 5.43551 5.43619 5.43668 5.43698 5.4371 5.43703 5.43677 5.43633 5.4357 5.43489 5.43391 5.43277 5.43148 5.43004 5.42846 5.42676 5.42494 5.42303 5.42102 5.41895 5.41681 5.41463 5.41241 5.41017 5.40793 5.40569 5.40346 5.40126 5.3991 5.39699 5.39493 5.39294 5.39102 5.38918 5.38742 5.38575 5.38417 5.38269 5.3813 5.38002 5.37883 5.37774 5.37675 5.37586 5.37507 5.37437 5.37377 5.37326 5.37285 5.37252 5.37228 5.37213 5.37206 5.37208 
5.36537 5.36556 5.36582 5.36618 5.36661 5.36713 5.36773 5.36842 5.3692 5.37007 5.37102 5.37207 5.37321 5.37444 5.37576 5.37717 5.37868 5.38028 5.38198 5.38376 5.38562 5.38757 5.3896 5.3917 5.39386 5.39609 5.39836 5.40068 5.40303 5.40541 5.40779 5.41018 5.41255 5.4149 5.4172 5.41946 5.42165 5.42376 5.42578 5.4277 5.4295 5.43116 5.43269 5.43407 5.43528 5.43633 5.4372 5.43789 5.43839 5.4387 5.43882 5.43875 5.43848 5.43802 5.43738 5.43656 5.43556 5.4344 5.43307 5.4316 5.42999 5.42825 5.4264 5.42444 5.4224 5.42028 5.4181 5.41587 5.4136 5.41132 5.40902 5.40673 5.40446 5.40221 5.4 5.39785 5.39574 5.39371 5.39175 5.38986 5.38807 5.38636 5.38474 5.38323 5.38181 5.38049 5.37928 5.37816 5.37715 5.37624 5.37543 5.37471 5.3741 5.37357 5.37315 5.37281 5.37256 5.3724 5.37233 5.37235 
5.36572 5.3659 5.36618 5.36653 5.36698 5.36751 5.36813 5.36884 5.36964 5.37054 5.37152 5.3726 5.37378 5.37505 5.37641 5.37788 5.37943 5.38109 5.38284 5.38468 5.38661 5.38862 5.39072 5.39288 5.39512 5.39742 5.39977 5.40217 5.4046 5.40705 5.40952 5.41198 5.41443 5.41685 5.41924 5.42157 5.42383 5.42601 5.42809 5.43007 5.43192 5.43364 5.43522 5.43664 5.43789 5.43897 5.43986 5.44057 5.44109 5.44141 5.44153 5.44145 5.44118 5.4407 5.44004 5.43919 5.43816 5.43695 5.43558 5.43406 5.4324 5.4306 5.42869 5.42667 5.42456 5.42236 5.42011 5.41781 5.41546 5.4131 5.41073 5.40836 5.40601 5.40369 5.4014 5.39917 5.397 5.39489 5.39286 5.39091 5.38905 5.38728 5.3856 5.38403 5.38256 5.38119 5.37993 5.37878 5.37772 5.37677 5.37593 5.37519 5.37454 5.374 5.37355 5.37319 5.37293 5.37276 5.37268 5.37269 
5.36615 5.36633 5.36661 5.36698 5.36744 5.36799 5.36864 5.36938 5.37021 5.37114 5.37217 5.37329 5.37452 5.37585 5.37727 5.3788 5.38043 5.38216 5.38399 5.38591 5.38793 5.39003 5.39222 5.39449 5.39683 5.39923 5.40169 5.40419 5.40673 5.40929 5.41187 5.41444 5.417 5.41952 5.42201 5.42444 5.4268 5.42907 5.43124 5.4333 5.43523 5.43703 5.43867 5.44014 5.44145 5.44257 5.4435 5.44424 5.44477 5.4451 5.44523 5.44514 5.44485 5.44436 5.44367 5.44278 5.4417 5.44044 5.43901 5.43742 5.43569 5.43381 5.43181 5.4297 5.4275 5.42521 5.42285 5.42045 5.418 5.41553 5.41305 5.41058 5.40812 5.40569 5.4033 5.40096 5.39869 5.39648 5.39435 5.39231 5.39036 5.38851 5.38675 5.3851 5.38356 5.38212 5.38079 5.37958 5.37847 5.37747 5.37658 5.37579 5.37511 5.37453 5.37406 5.37368 5.3734 5.37321 5.37312 5.37312 
5.36666 5.36684 5.36713 5.36751 5.36799 5.36857 5.36924 5.37002 5.3709 5.37188 5.37296 5.37414 5.37544 5.37684 5.37834 5.37996 5.38168 5.3835 5.38543 5.38746 5.38959 5.39181 5.39413 5.39652 5.39899 5.40152 5.40411 5.40675 5.40943 5.41213 5.41484 5.41755 5.42024 5.42291 5.42552 5.42808 5.43056 5.43295 5.43524 5.4374 5.43943 5.44131 5.44304 5.44459 5.44596 5.44714 5.44811 5.44888 5.44944 5.44979 5.44992 5.44982 5.44952 5.44899 5.44826 5.44732 5.44619 5.44486 5.44336 5.44168 5.43985 5.43788 5.43577 5.43355 5.43122 5.42881 5.42633 5.42379 5.42121 5.41861 5.41599 5.41338 5.41079 5.40822 5.4057 5.40323 5.40082 5.39849 5.39624 5.39408 5.39201 5.39005 5.38819 5.38644 5.3848 5.38327 5.38186 5.38057 5.37939 5.37833 5.37737 5.37653 5.3758 5.37518 5.37467 5.37426 5.37395 5.37375 5.37364 5.37364 
5.36725 5.36744 5.36773 5.36813 5.36864 5.36924 5.36996 5.37078 5.37171 5.37275 5.3739 5.37516 5.37653 5.37802 5.37962 5.38134 5.38317 5.38511 5.38717 5.38933 5.3916 5.39396 5.39642 5.39897 5.40159 5.40429 5.40704 5.40985 5.41269 5.41556 5.41844 5.42132 5.42417 5.427 5.42978 5.43249 5.43512 5.43765 5.44007 5.44236 5.44451 5.44651 5.44833 5.44997 5.45142 5.45266 5.45369 5.45451 5.4551 5.45546 5.45559 5.45549 5.45516 5.4546 5.45382 5.45283 5.45162 5.45021 5.44862 5.44684 5.44489 5.4428 5.44056 5.4382 5.43573 5.43317 5.43054 5.42784 5.4251 5.42233 5.41955 5.41677 5.41401 5.41128 5.40859 5.40596 5.4034 5.40091 5.39851 5.39621 5.394 5.3919 5.38991 5.38804 5.38629 5.38466 5.38314 5.38175 5.38049 5.37934 5.37832 5.37741 5.37662 5.37595 5.37539 5.37494 5.3746 5.37437 5.37425 5.37423 
5.36792 5.36812 5.36842 5.36884 5.36938 5.37002 5.37078 5.37165 5.37264 5.37375 5.37498 5.37633 5.3778 5.3794 5.38111 5.38295 5.38492 5.387 5.3892 5.39152 5.39395 5.39648 5.39911 5.40184 5.40465 5.40754 5.41048 5.41348 5.41652 5.41959 5.42267 5.42574 5.42879 5.43181 5.43477 5.43766 5.44047 5.44317 5.44575 5.44819 5.45048 5.4526 5.45454 5.45629 5.45783 5.45915 5.46024 5.46111 5.46173 5.46211 5.46225 5.46214 5.46178 5.46119 5.46035 5.45929 5.458 5.45649 5.45479 5.45289 5.45081 5.44857 5.44619 5.44366 5.44103 5.43829 5.43547 5.43259 5.42966 5.4267 5.42372 5.42075 5.41779 5.41487 5.41199 5.40917 5.40642 5.40375 5.40118 5.3987 5.39633 5.39407 5.39193 5.38992 5.38803 5.38626 5.38463 5.38313 5.38176 5.38052 5.37941 5.37842 5.37756 5.37683 5.37621 5.37572 5.37535 5.37509 5.37494 5.37491 
5.36868 5.36888 5.3692 5.36964 5.37021 5.3709 5.37171 5.37264 5.37371 5.3749 5.37622 5.37767 5.37925 5.38097 5.38282 5.3848 5.38692 5.38916 5.39153 5.39403 5.39664 5.39937 5.4022 5.40514 5.40816 5.41126 5.41443 5.41766 5.42092 5.42422 5.42752 5.43082 5.43409 5.43733 5.4405 5.4436 5.44661 5.4495 5.45226 5.45488 5.45733 5.4596 5.46167 5.46353 5.46518 5.46659 5.46776 5.46868 5.46934 5.46975 5.46989 5.46977 5.46938 5.46874 5.46784 5.4667 5.46531 5.4637 5.46187 5.45983 5.4576 5.4552 5.45264 5.44993 5.4471 5.44417 5.44114 5.43804 5.43489 5.43171 5.42851 5.42532 5.42214 5.41899 5.41589 5.41285 5.40989 5.40701 5.40423 5.40156 5.399 5.39656 5.39424 5.39206 5.39001 5.3881 5.38633 5.3847 5.38321 5.38186 5.38065 5.37957 5.37863 5.37782 5.37715 5.3766 5.37619 5.37589 5.37573 5.37568 
5.36953 5.36973 5.37007 5.37054 5.37114 5.37188 5.37275 5.37375 5.3749 5.37618 5.37761 5.37918 5.38089 5.38274 5.38474 5.38689 5.38917 5.3916 5.39416 5.39686 5.39968 5.40263 5.40569 5.40886 5.41213 5.41547 5.41889 5.42237 5.42589 5.42944 5.433 5.43655 5.44008 5.44356 5.44697 5.45031 5.45354 5.45665 5.45961 5.46242 5.46505 5.46748 5.46971 5.4717 5.47347 5.47498 5.47623 5.47721 5.47792 5.47835 5.4785 5.47836 5.47794 5.47725 5.47628 5.47505 5.47356 5.47182 5.46985 5.46766 5.46526 5.46267 5.45992 5.457 5.45396 5.45079 5.44753 5.4442 5.4408 5.43737 5.43392 5.43047 5.42704 5.42364 5.42029 5.41701 5.4138 5.41069 5.40768 5.40478 5.40201 5.39936 5.39685 5.39448 5.39225 5.39018 5.38825 5.38647 5.38484 5.38337 5.38204 5.38086 5.37983 5.37894 5.37819 5.37759 5.37712 5.37679 5.3766 5.37653 
5.37046 5.37067 5.37102 5.37152 5.37217 5.37296 5.3739 5.37498 5.37622 5.37761 5.37915 5.38085 5.3827 5.38471 5.38688 5.38921 5.39168 5.39431 5.39709 5.40001 5.40308 5.40627 5.40958 5.41301 5.41655 5.42017 5.42387 5.42763 5.43143 5.43526 5.4391 5.44294 5.44674 5.45049 5.45418 5.45777 5.46125 5.4646 5.46779 5.47081 5.47364 5.47625 5.47864 5.48079 5.48268 5.4843 5.48564 5.4867 5.48746 5.48791 5.48807 5.48792 5.48746 5.48671 5.48567 5.48433 5.48273 5.48085 5.47873 5.47636 5.47378 5.47099 5.46801 5.46487 5.46158 5.45817 5.45465 5.45104 5.44738 5.44367 5.43994 5.43621 5.43249 5.42882 5.42519 5.42163 5.41816 5.41478 5.41152 5.40837 5.40536 5.40248 5.39975 5.39717 5.39475 5.39248 5.39038 5.38843 5.38665 5.38504 5.38358 5.38229 5.38115 5.38017 5.37935 5.37867 5.37815 5.37778 5.37755 5.37747 
5.37148 5.37169 5.37207 5.3726 5.37329 5.37414 5.37516 5.37633 5.37767 5.37918 5.38085 5.38269 5.3847 5.38689 5.38924 5.39176 5.39445 5.39731 5.40032 5.4035 5.40682 5.41028 5.41387 5.41759 5.42142 5.42534 5.42935 5.43341 5.43753 5.44168 5.44583 5.44997 5.45408 5.45813 5.46211 5.46598 5.46973 5.47334 5.47678 5.48004 5.48308 5.4859 5.48847 5.49078 5.49281 5.49456 5.496 5.49713 5.49794 5.49842 5.49859 5.49842 5.49793 5.49711 5.49598 5.49454 5.4928 5.49078 5.48849 5.48593 5.48314 5.48013 5.47692 5.47352 5.46997 5.46628 5.46248 5.45858 5.45462 5.45061 5.44657 5.44253 5.43851 5.43452 5.43059 5.42673 5.42296 5.4193 5.41575 5.41233 5.40905 5.40592 5.40295 5.40013 5.39749 5.39502 5.39272 5.39059 5.38865 5.38687 5.38528 5.38386 5.3826 5.38152 5.38061 5.37986 5.37928 5.37886 5.3786 5.3785 
5.37259 5.37281 5.37321 5.37378 5.37452 5.37544 5.37653 5.3778 5.37925 5.38089 5.3827 5.3847 5.38689 5.38926 5.39182 5.39456 5.39748 5.40058 5.40386 5.4073 5.41091 5.41466 5.41856 5.42259 5.42674 5.43099 5.43533 5.43974 5.44419 5.44868 5.45317 5.45764 5.46208 5.46646 5.47075 5.47494 5.47898 5.48287 5.48658 5.49009 5.49337 5.4964 5.49917 5.50166 5.50384 5.50572 5.50727 5.50848 5.50935 5.50987 5.51004 5.50985 5.50932 5.50843 5.50721 5.50565 5.50378 5.50159 5.49911 5.49636 5.49334 5.49009 5.48662 5.48295 5.47912 5.47513 5.47101 5.4668 5.46251 5.45817 5.4538 5.44942 5.44507 5.44074 5.43648 5.4323 5.4282 5.42422 5.42037 5.41665 5.41308 5.40968 5.40644 5.40337 5.40049 5.39779 5.39528 5.39295 5.39082 5.38888 5.38713 5.38556 5.38419 5.383 5.38199 5.38116 5.38051 5.38004 5.37974 5.37962 
5.37378 5.37402 5.37444 5.37505 5.37585 5.37684 5.37802 5.3794 5.38097 5.38274 5.38471 5.38689 5.38926 5.39184 5.39461 5.39759 5.40077 5.40413 5.40769 5.41143 5.41534 5.41942 5.42365 5.42802 5.43251 5.43712 5.44182 5.44658 5.4514 5.45625 5.46111 5.46595 5.47074 5.47547 5.4801 5.48462 5.48898 5.49318 5.49718 5.50095 5.50449 5.50775 5.51073 5.51341 5.51576 5.51777 5.51943 5.52073 5.52166 5.52222 5.5224 5.52219 5.52161 5.52066 5.51933 5.51765 5.51563 5.51327 5.51059 5.50762 5.50437 5.50085 5.49711 5.49315 5.489 5.48469 5.48025 5.47569 5.47105 5.46635 5.46163 5.45689 5.45217 5.44748 5.44286 5.43832 5.43388 5.42956 5.42537 5.42133 5.41746 5.41375 5.41022 5.40688 5.40374 5.40079 5.39805 5.39551 5.39318 5.39105 5.38913 5.38741 5.3859 5.38459 5.38348 5.38256 5.38184 5.38131 5.38098 5.38083 
5.37507 5.37531 5.37576 5.37641 5.37727 5.37834 5.37962 5.38111 5.38282 5.38474 5.38688 5.38924 5.39182 5.39461 5.39763 5.40086 5.40431 5.40796 5.41182 5.41588 5.42012 5.42454 5.42912 5.43386 5.43873 5.44371 5.44879 5.45395 5.45916 5.4644 5.46965 5.47487 5.48005 5.48515 5.49015 5.49501 5.49972 5.50423 5.50854 5.51261 5.51641 5.51992 5.52313 5.526 5.52853 5.53069 5.53247 5.53387 5.53486 5.53546 5.53564 5.53542 5.53479 5.53376 5.53233 5.53052 5.52833 5.52579 5.5229 5.51969 5.51618 5.5124 5.50835 5.50408 5.49961 5.49495 5.49016 5.48524 5.48022 5.47515 5.47003 5.46491 5.4598 5.45473 5.44973 5.44481 5.43999 5.43531 5.43076 5.42638 5.42216 5.41813 5.41429 5.41066 5.40723 5.40402 5.40103 5.39826 5.39571 5.39339 5.39129 5.38941 5.38775 5.3863 5.38508 5.38407 5.38327 5.38268 5.3823 5.38213 
5.37645 5.3767 5.37717 5.37788 5.3788 5.37996 5.38134 5.38295 5.3848 5.38689 5.38921 5.39176 5.39456 5.39759 5.40086 5.40437 5.4081 5.41206 5.41625 5.42064 5.42524 5.43002 5.43498 5.4401 5.44537 5.45076 5.45625 5.46182 5.46745 5.47311 5.47877 5.4844 5.48998 5.49547 5.50086 5.5061 5.51116 5.51602 5.52065 5.52502 5.52911 5.53289 5.53633 5.53941 5.54212 5.54444 5.54636 5.54785 5.54892 5.54955 5.54974 5.5495 5.54882 5.5477 5.54616 5.54421 5.54186 5.53912 5.53601 5.53256 5.52878 5.5247 5.52034 5.51574 5.51091 5.5059 5.50073 5.49542 5.49001 5.48453 5.47901 5.47347 5.46795 5.46247 5.45706 5.45174 5.44653 5.44145 5.43652 5.43177 5.42719 5.42282 5.41865 5.4147 5.41098 5.40748 5.40422 5.40121 5.39843 5.39589 5.39359 5.39154 5.38972 5.38814 5.38679 5.38568 5.3848 5.38415 5.38372 5.38352 
5.37792 5.37818 5.37868 5.37943 5.38043 5.38168 5.38317 5.38492 5.38692 5.38917 5.39168 5.39445 5.39748 5.40077 5.40431 5.4081 5.41215 5.41644 5.42096 5.42571 5.43068 5.43586 5.44122 5.44675 5.45244 5.45825 5.46418 5.47019 5.47625 5.48235 5.48844 5.49451 5.50052 5.50643 5.51222 5.51785 5.52329 5.52851 5.53349 5.53818 5.54256 5.54661 5.5503 5.55361 5.55652 5.559 5.56105 5.56265 5.56379 5.56446 5.56466 5.5644 5.56366 5.56246 5.5608 5.5587 5.55617 5.55323 5.54989 5.54617 5.54211 5.53772 5.53304 5.52809 5.5229 5.5175 5.51193 5.50622 5.50039 5.49449 5.48853 5.48256 5.47661 5.47069 5.46485 5.4591 5.45347 5.44798 5.44265 5.4375 5.43255 5.42781 5.42329 5.419 5.41496 5.41117 5.40763 5.40434 5.40132 5.39855 5.39605 5.39381 5.39182 5.39009 5.38862 5.3874 5.38643 5.38571 5.38523 5.385 
5.37947 5.37975 5.38028 5.38109 5.38216 5.3835 5.38511 5.387 5.38916 5.3916 5.39431 5.39731 5.40058 5.40413 5.40796 5.41206 5.41644 5.42107 5.42596 5.43109 5.43645 5.44203 5.44782 5.45378 5.45991 5.46618 5.47256 5.47903 5.48555 5.49211 5.49866 5.50518 5.51163 5.51798 5.5242 5.53024 5.53608 5.54168 5.54701 5.55204 5.55673 5.56107 5.56502 5.56856 5.57167 5.57432 5.57651 5.57822 5.57943 5.58015 5.58036 5.58007 5.57928 5.57799 5.57621 5.57396 5.57124 5.56808 5.5645 5.56052 5.55616 5.55145 5.54642 5.54111 5.53553 5.52974 5.52375 5.51761 5.51134 5.50499 5.49859 5.49216 5.48575 5.47938 5.47308 5.46688 5.46081 5.45488 5.44913 5.44357 5.43822 5.43309 5.4282 5.42356 5.41918 5.41507 5.41123 5.40767 5.40438 5.40138 5.39866 5.39621 5.39405 5.39216 5.39055 5.38922 5.38815 5.38736 5.38683 5.38657 
5.38112 5.3814 5.38198 5.38284 5.38399 5.38543 5.38717 5.3892 5.39153 5.39416 5.39709 5.40032 5.40386 5.40769 5.41182 5.41625 5.42096 5.42596 5.43123 5.43676 5.44253 5.44854 5.45477 5.46119 5.46778 5.47452 5.48137 5.48832 5.49533 5.50237 5.5094 5.51639 5.52331 5.53011 5.53676 5.54324 5.54948 5.55548 5.56118 5.56656 5.57158 5.57621 5.58043 5.58421 5.58753 5.59036 5.5927 5.59452 5.59581 5.59657 5.5968 5.59648 5.59563 5.59425 5.59234 5.58993 5.58702 5.58364 5.5798 5.57554 5.57087 5.56583 5.56045 5.55475 5.54878 5.54257 5.53615 5.52956 5.52284 5.51602 5.50915 5.50225 5.49536 5.48851 5.48173 5.47506 5.46853 5.46215 5.45595 5.44995 5.44418 5.43865 5.43337 5.42836 5.42363 5.41918 5.41503 5.41117 5.40761 5.40436 5.4014 5.39875 5.3964 5.39435 5.3926 5.39114 5.38998 5.3891 5.38852 5.38823 
5.38285 5.38315 5.38376 5.38468 5.38591 5.38746 5.38933 5.39152 5.39403 5.39686 5.40001 5.4035 5.4073 5.41143 5.41588 5.42064 5.42571 5.43109 5.43676 5.4427 5.44891 5.45537 5.46206 5.46895 5.47602 5.48325 5.4906 5.49805 5.50556 5.51309 5.52062 5.5281 5.5355 5.54277 5.54989 5.5568 5.56347 5.56987 5.57596 5.5817 5.58705 5.59199 5.59649 5.60052 5.60406 5.60708 5.60956 5.6115 5.61287 5.61368 5.61391 5.61357 5.61266 5.61118 5.60914 5.60657 5.60346 5.59985 5.59575 5.5912 5.58621 5.58083 5.57507 5.56899 5.5626 5.55596 5.54909 5.54204 5.53485 5.52755 5.52018 5.51279 5.5054 5.49806 5.49079 5.48363 5.47661 5.46975 5.46309 5.45665 5.45044 5.44448 5.4388 5.4334 5.4283 5.4235 5.41902 5.41485 5.41101 5.40749 5.40429 5.40142 5.39887 5.39665 5.39475 5.39316 5.39189 5.39094 5.3903 5.38998 
5.38467 5.38498 5.38562 5.38661 5.38793 5.38959 5.3916 5.39395 5.39664 5.39968 5.40308 5.40682 5.41091 5.41534 5.42012 5.42524 5.43068 5.43645 5.44253 5.44891 5.45557 5.46249 5.46966 5.47704 5.48461 5.49234 5.50021 5.50817 5.5162 5.52425 5.53229 5.54028 5.54817 5.55594 5.56352 5.57089 5.578 5.58482 5.5913 5.59741 5.60311 5.60837 5.61315 5.61744 5.62119 5.6244 5.62704 5.6291 5.63055 5.63141 5.63165 5.63129 5.63031 5.62873 5.62656 5.62382 5.62051 5.61666 5.6123 5.60744 5.60213 5.59639 5.59026 5.58376 5.57696 5.56987 5.56254 5.55501 5.54733 5.53954 5.53166 5.52376 5.51586 5.508 5.50022 5.49255 5.48503 5.47769 5.47054 5.46363 5.45696 5.45057 5.44446 5.43866 5.43318 5.42801 5.42319 5.4187 5.41456 5.41076 5.40731 5.40421 5.40146 5.39905 5.39699 5.39528 5.3939 5.39286 5.39217 5.3918 
5.38656 5.38688 5.38757 5.38862 5.39003 5.39181 5.39396 5.39648 5.39937 5.40263 5.40627 5.41028 5.41466 5.41942 5.42454 5.43002 5.43586 5.44203 5.44854 5.45537 5.46249 5.4699 5.47755 5.48544 5.49353 5.50178 5.51018 5.51867 5.52723 5.53582 5.54438 5.55289 5.56129 5.56955 5.57762 5.58546 5.59302 5.60027 5.60715 5.61364 5.61969 5.62527 5.63035 5.63489 5.63888 5.64228 5.64508 5.64725 5.6488 5.6497 5.64996 5.64956 5.64852 5.64685 5.64454 5.64162 5.6381 5.63402 5.62938 5.62422 5.61857 5.61247 5.60594 5.59904 5.59179 5.58425 5.57645 5.56843 5.56025 5.55194 5.54355 5.53512 5.52669 5.5183 5.51 5.50181 5.49377 5.48592 5.47828 5.47088 5.46374 5.45689 5.45035 5.44413 5.43825 5.43271 5.42752 5.4227 5.41825 5.41417 5.41046 5.40712 5.40415 5.40156 5.39934 5.39748 5.39599 5.39487 5.39411 5.39371 
5.38853 5.38887 5.3896 5.39072 5.39222 5.39413 5.39642 5.39911 5.4022 5.40569 5.40958 5.41387 5.41856 5.42365 5.42912 5.43498 5.44122 5.44782 5.45477 5.46206 5.46966 5.47755 5.48572 5.49412 5.50274 5.51153 5.52047 5.52951 5.53862 5.54774 5.55685 5.56588 5.57481 5.58358 5.59214 5.60046 5.60848 5.61616 5.62345 5.63033 5.63674 5.64265 5.64802 5.65283 5.65705 5.66065 5.6636 5.6659 5.66754 5.66849 5.66875 5.66833 5.66723 5.66545 5.663 5.65991 5.65618 5.65185 5.64693 5.64146 5.63547 5.629 5.62208 5.61475 5.60706 5.59905 5.59077 5.58226 5.57356 5.56473 5.5558 5.54683 5.53786 5.52893 5.52009 5.51136 5.50279 5.49442 5.48627 5.47837 5.47075 5.46344 5.45644 5.44979 5.4435 5.43757 5.43202 5.42685 5.42208 5.4177 5.41372 5.41014 5.40695 5.40416 5.40177 5.39977 5.39817 5.39696 5.39613 5.3957 
5.39057 5.39092 5.3917 5.39288 5.39449 5.39652 5.39897 5.40184 5.40514 5.40886 5.41301 5.41759 5.42259 5.42802 5.43386 5.4401 5.44675 5.45378 5.46119 5.46895 5.47704 5.48544 5.49412 5.50306 5.51222 5.52156 5.53105 5.54065 5.55031 5.55999 5.56964 5.57922 5.58867 5.59796 5.60703 5.61583 5.62431 5.63243 5.64015 5.64741 5.65418 5.66043 5.6661 5.67118 5.67563 5.67943 5.68255 5.68498 5.68669 5.6877 5.68797 5.68753 5.68636 5.68447 5.68189 5.67862 5.67468 5.67009 5.66489 5.65911 5.65277 5.64593 5.6386 5.63085 5.62271 5.61423 5.60545 5.59643 5.58721 5.57785 5.56838 5.55886 5.54934 5.53986 5.53046 5.52119 5.51208 5.50317 5.49449 5.48609 5.47797 5.47018 5.46272 5.45563 5.44891 5.44258 5.43665 5.43114 5.42603 5.42135 5.41709 5.41326 5.40984 5.40686 5.40429 5.40215 5.40042 5.39912 5.39823 5.39775 
5.39267 5.39304 5.39386 5.39512 5.39683 5.39899 5.40159 5.40465 5.40816 5.41213 5.41655 5.42142 5.42674 5.43251 5.43873 5.44537 5.45244 5.45991 5.46778 5.47602 5.48461 5.49353 5.50274 5.51222 5.52193 5.53183 5.54188 5.55204 5.56226 5.5725 5.58271 5.59284 5.60283 5.61264 5.62222 5.63151 5.64046 5.64903 5.65717 5.66483 5.67196 5.67854 5.68452 5.68987 5.69456 5.69855 5.70184 5.70439 5.7062 5.70725 5.70754 5.70706 5.70583 5.70384 5.70112 5.69766 5.69351 5.68868 5.68319 5.67709 5.67041 5.66318 5.65545 5.64727 5.63867 5.62971 5.62044 5.6109 5.60116 5.59125 5.58123 5.57116 5.56108 5.55103 5.54107 5.53124 5.52158 5.51213 5.50292 5.49399 5.48537 5.47709 5.46916 5.46162 5.45447 5.44773 5.44142 5.43554 5.4301 5.4251 5.42056 5.41646 5.41282 5.40963 5.40688 5.40459 5.40274 5.40134 5.40038 5.39987 
5.39483 5.39522 5.39609 5.39742 5.39923 5.40152 5.40429 5.40754 5.41126 5.41547 5.42017 5.42534 5.43099 5.43712 5.44371 5.45076 5.45825 5.46618 5.47452 5.48325 5.49234 5.50178 5.51153 5.52156 5.53183 5.54229 5.55291 5.56364 5.57444 5.58525 5.59602 5.6067 5.61723 5.62757 5.63765 5.64744 5.65686 5.66588 5.67444 5.6825 5.69 5.69692 5.7032 5.70882 5.71375 5.71794 5.72139 5.72407 5.72597 5.72707 5.72737 5.72687 5.72557 5.72348 5.72061 5.71698 5.71261 5.70752 5.70175 5.69533 5.6883 5.68069 5.67256 5.66393 5.65488 5.64544 5.63567 5.62561 5.61533 5.60488 5.59431 5.58367 5.57302 5.56241 5.55188 5.54149 5.53127 5.52127 5.51152 5.50206 5.49293 5.48415 5.47574 5.46774 5.46015 5.453 5.44629 5.44004 5.43426 5.42895 5.42411 5.41975 5.41587 5.41247 5.40954 5.4071 5.40512 5.40363 5.4026 5.40205 
5.39704 5.39745 5.39836 5.39977 5.40169 5.40411 5.40704 5.41048 5.41443 5.41889 5.42387 5.42935 5.43533 5.44182 5.44879 5.45625 5.46418 5.47256 5.48137 5.4906 5.50021 5.51018 5.52047 5.53105 5.54188 5.55291 5.56411 5.57541 5.58678 5.59816 5.60949 5.62073 5.6318 5.64267 5.65327 5.66355 5.67344 5.68291 5.6919 5.70035 5.70822 5.71548 5.72207 5.72796 5.73312 5.73751 5.74112 5.74393 5.74591 5.74707 5.74738 5.74685 5.74548 5.74329 5.74028 5.73647 5.73189 5.72655 5.7205 5.71376 5.70637 5.69839 5.68984 5.68079 5.67127 5.66135 5.65107 5.6405 5.62969 5.61869 5.60756 5.59636 5.58514 5.57395 5.56285 5.55189 5.5411 5.53055 5.52025 5.51026 5.50061 5.49133 5.48244 5.47397 5.46594 5.45836 5.45126 5.44463 5.4385 5.43287 5.42774 5.42311 5.41899 5.41537 5.41226 5.40966 5.40756 5.40596 5.40487 5.40427 
5.3993 5.39972 5.40068 5.40217 5.40419 5.40675 5.40985 5.41348 5.41766 5.42237 5.42763 5.43341 5.43974 5.44658 5.45395 5.46182 5.47019 5.47903 5.48832 5.49805 5.50817 5.51867 5.52951 5.54065 5.55204 5.56364 5.57541 5.58729 5.59924 5.61119 5.62308 5.63487 5.64649 5.65789 5.669 5.67977 5.69014 5.70005 5.70946 5.71831 5.72655 5.73413 5.74103 5.74719 5.75258 5.75718 5.76095 5.76388 5.76596 5.76716 5.76748 5.76693 5.7655 5.7632 5.76005 5.75606 5.75126 5.74568 5.73934 5.73229 5.72456 5.71619 5.70724 5.69775 5.68777 5.67737 5.6666 5.6555 5.64415 5.63261 5.62092 5.60915 5.59736 5.5856 5.57393 5.56239 5.55104 5.53993 5.52909 5.51856 5.50839 5.4986 5.48922 5.48028 5.4718 5.4638 5.45629 5.44929 5.44281 5.43685 5.43142 5.42652 5.42215 5.41832 5.41503 5.41227 5.41004 5.40834 5.40718 5.40654 
5.40158 5.40203 5.40303 5.4046 5.40673 5.40943 5.41269 5.41652 5.42092 5.42589 5.43143 5.43753 5.44419 5.4514 5.45916 5.46745 5.47625 5.48555 5.49533 5.50556 5.5162 5.52723 5.53862 5.55031 5.56226 5.57444 5.58678 5.59924 5.61175 5.62427 5.63673 5.64907 5.66123 5.67315 5.68477 5.69603 5.70686 5.71722 5.72705 5.73629 5.74489 5.75281 5.76 5.76643 5.77205 5.77685 5.78079 5.78384 5.786 5.78725 5.78759 5.78701 5.78551 5.78311 5.77982 5.77566 5.77065 5.76482 5.7582 5.75084 5.74276 5.73402 5.72466 5.71474 5.70432 5.69344 5.68216 5.67055 5.65867 5.64658 5.63434 5.62201 5.60965 5.59731 5.58507 5.57296 5.56105 5.54937 5.53798 5.52692 5.51622 5.50592 5.49605 5.48664 5.47771 5.46929 5.46138 5.454 5.44716 5.44087 5.43514 5.42997 5.42536 5.42131 5.41783 5.41491 5.41255 5.41075 5.40952 5.40884 
5.40389 5.40435 5.40541 5.40705 5.40929 5.41213 5.41556 5.41959 5.42422 5.42944 5.43526 5.44168 5.44868 5.45625 5.4644 5.47311 5.48235 5.49211 5.50237 5.51309 5.52425 5.53582 5.54774 5.55999 5.5725 5.58525 5.59816 5.61119 5.62427 5.63735 5.65037 5.66325 5.67595 5.68839 5.70051 5.71225 5.72355 5.73435 5.74459 5.75421 5.76317 5.77142 5.77891 5.7856 5.79145 5.79644 5.80053 5.80371 5.80596 5.80726 5.8076 5.807 5.80544 5.80294 5.79952 5.79518 5.78997 5.78389 5.777 5.76932 5.76091 5.7518 5.74204 5.7317 5.72082 5.70947 5.6977 5.68558 5.67317 5.66054 5.64775 5.63486 5.62193 5.60903 5.59621 5.58354 5.57106 5.55883 5.54689 5.53529 5.52407 5.51327 5.50291 5.49303 5.48365 5.4748 5.46648 5.45873 5.45153 5.44492 5.43889 5.43344 5.42858 5.42432 5.42065 5.41757 5.41508 5.41318 5.41188 5.41116 
5.40621 5.40669 5.40779 5.40952 5.41187 5.41484 5.41844 5.42267 5.42752 5.433 5.4391 5.44583 5.45317 5.46111 5.46965 5.47877 5.48844 5.49866 5.5094 5.52062 5.53229 5.54438 5.55685 5.56964 5.58271 5.59602 5.60949 5.62308 5.63673 5.65037 5.66393 5.67736 5.69058 5.70353 5.71615 5.72836 5.74012 5.75134 5.76199 5.77199 5.7813 5.78987 5.79765 5.8046 5.81068 5.81586 5.82011 5.8234 5.82573 5.82708 5.82744 5.82681 5.82519 5.8226 5.81904 5.81454 5.80911 5.8028 5.79564 5.78766 5.77891 5.76944 5.75929 5.74853 5.73721 5.72539 5.71314 5.70052 5.68759 5.67443 5.66109 5.64764 5.63416 5.6207 5.60732 5.59408 5.58105 5.56826 5.55578 5.54365 5.53192 5.52061 5.50977 5.49942 5.48959 5.48031 5.4716 5.46346 5.45591 5.44897 5.44264 5.43692 5.43182 5.42734 5.42348 5.42024 5.41762 5.41563 5.41425 5.41349 
5.40852 5.40902 5.41018 5.41198 5.41444 5.41755 5.42132 5.42574 5.43082 5.43655 5.44294 5.44997 5.45764 5.46595 5.47487 5.4844 5.49451 5.50518 5.51639 5.5281 5.54028 5.55289 5.56588 5.57922 5.59284 5.6067 5.62073 5.63487 5.64907 5.66325 5.67736 5.69131 5.70505 5.7185 5.7316 5.74429 5.75648 5.76813 5.77918 5.78955 5.7992 5.80808 5.81615 5.82335 5.82964 5.83501 5.83941 5.84283 5.84524 5.84663 5.84701 5.84635 5.84467 5.84198 5.83829 5.83363 5.82801 5.82147 5.81404 5.80576 5.79669 5.78686 5.77633 5.76516 5.75341 5.74113 5.72841 5.71529 5.70186 5.68817 5.6743 5.66031 5.64627 5.63226 5.61832 5.60454 5.59095 5.57762 5.56461 5.55195 5.5397 5.5279 5.51658 5.50577 5.4955 5.4858 5.47668 5.46817 5.46028 5.45301 5.44638 5.44039 5.43505 5.43035 5.42631 5.42291 5.42016 5.41807 5.41662 5.41582 
5.41083 5.41135 5.41255 5.41443 5.417 5.42024 5.42417 5.42879 5.43409 5.44008 5.44674 5.45408 5.46208 5.47074 5.48005 5.48998 5.50052 5.51163 5.52331 5.5355 5.54817 5.56129 5.57481 5.58867 5.60283 5.61723 5.6318 5.64649 5.66123 5.67595 5.69058 5.70505 5.71929 5.73324 5.74681 5.75995 5.77258 5.78464 5.79606 5.8068 5.81678 5.82597 5.83431 5.84175 5.84826 5.85381 5.85836 5.86189 5.86438 5.86582 5.8662 5.86553 5.86379 5.86101 5.85719 5.85237 5.84656 5.83979 5.8321 5.82354 5.81415 5.80398 5.79308 5.78151 5.76933 5.75662 5.74343 5.72983 5.7159 5.7017 5.6873 5.67279 5.65821 5.64366 5.62918 5.61485 5.60072 5.58686 5.57332 5.56015 5.5474 5.53511 5.52331 5.51205 5.50134 5.49123 5.48172 5.47284 5.4646 5.45701 5.45009 5.44383 5.43825 5.43334 5.42911 5.42556 5.42269 5.4205 5.41898 5.41814 
5.41311 5.41365 5.4149 5.41685 5.41952 5.42291 5.427 5.43181 5.43733 5.44356 5.45049 5.45813 5.46646 5.47547 5.48515 5.49547 5.50643 5.51798 5.53011 5.54277 5.55594 5.56955 5.58358 5.59796 5.61264 5.62757 5.64267 5.65789 5.67315 5.68839 5.70353 5.7185 5.73324 5.74765 5.76169 5.77526 5.78831 5.80077 5.81257 5.82365 5.83396 5.84344 5.85205 5.85973 5.86644 5.87216 5.87685 5.88049 5.88306 5.88455 5.88494 5.88424 5.88245 5.87958 5.87565 5.87067 5.86467 5.85769 5.84975 5.84091 5.83122 5.82071 5.80945 5.7975 5.78491 5.77177 5.75813 5.74406 5.72965 5.71495 5.70005 5.68501 5.66992 5.65483 5.63983 5.62497 5.61032 5.59594 5.58189 5.56821 5.55497 5.5422 5.52994 5.51823 5.5071 5.49657 5.48668 5.47744 5.46886 5.46096 5.45375 5.44723 5.44141 5.4363 5.43189 5.42818 5.42519 5.4229 5.42131 5.42044 
5.41535 5.41591 5.4172 5.41924 5.42201 5.42552 5.42978 5.43477 5.4405 5.44697 5.45418 5.46211 5.47075 5.4801 5.49015 5.50086 5.51222 5.5242 5.53676 5.54989 5.56352 5.57762 5.59214 5.60703 5.62222 5.63765 5.65327 5.669 5.68477 5.70051 5.71615 5.7316 5.74681 5.76169 5.77616 5.79016 5.80361 5.81646 5.82862 5.84004 5.85065 5.86042 5.86928 5.87718 5.8841 5.88998 5.89481 5.89856 5.90121 5.90273 5.90314 5.90242 5.90058 5.89762 5.89357 5.88844 5.88227 5.87507 5.8669 5.8578 5.8478 5.83697 5.82537 5.81304 5.80007 5.78651 5.77244 5.75792 5.74304 5.72786 5.71247 5.69693 5.68133 5.66573 5.65022 5.63484 5.61968 5.6048 5.59025 5.57608 5.56236 5.54912 5.53642 5.52427 5.51273 5.50181 5.49154 5.48195 5.47304 5.46483 5.45734 5.45057 5.44452 5.4392 5.43461 5.43076 5.42764 5.42525 5.42361 5.42269 
5.41755 5.41812 5.41946 5.42157 5.42444 5.42808 5.43249 5.43766 5.4436 5.45031 5.45777 5.46598 5.47494 5.48462 5.49501 5.5061 5.51785 5.53024 5.54324 5.5568 5.57089 5.58546 5.60046 5.61583 5.63151 5.64744 5.66355 5.67977 5.69603 5.71225 5.72836 5.74429 5.75995 5.77526 5.79016 5.80457 5.81841 5.83162 5.84412 5.85586 5.86678 5.87681 5.88591 5.89404 5.90114 5.90719 5.91215 5.916 5.91871 5.92028 5.9207 5.91996 5.91807 5.91503 5.91087 5.9056 5.89925 5.89186 5.88346 5.8741 5.86383 5.85269 5.84075 5.82808 5.81472 5.80077 5.78628 5.77133 5.756 5.74036 5.72449 5.70848 5.69239 5.6763 5.66029 5.64442 5.62877 5.6134 5.59836 5.58373 5.56954 5.55586 5.54271 5.53015 5.5182 5.5069 5.49627 5.48633 5.47711 5.4686 5.46084 5.45382 5.44754 5.44203 5.43727 5.43327 5.43003 5.42756 5.42585 5.4249 
5.41967 5.42027 5.42165 5.42383 5.4268 5.43056 5.43512 5.44047 5.44661 5.45354 5.46125 5.46973 5.47898 5.48898 5.49972 5.51116 5.52329 5.53608 5.54948 5.56347 5.578 5.59302 5.60848 5.62431 5.64046 5.65686 5.67344 5.69014 5.70686 5.72355 5.74012 5.75648 5.77258 5.78831 5.80361 5.81841 5.83262 5.84618 5.85901 5.87105 5.88225 5.89254 5.90188 5.91021 5.91749 5.92369 5.92878 5.93272 5.93551 5.93712 5.93754 5.93678 5.93484 5.93173 5.92746 5.92206 5.91556 5.90797 5.89936 5.88976 5.87921 5.86779 5.85553 5.84252 5.8288 5.81447 5.79958 5.78422 5.76846 5.75238 5.73607 5.71959 5.70304 5.68648 5.66999 5.65365 5.63753 5.62168 5.60619 5.5911 5.57647 5.56236 5.54879 5.53583 5.52349 5.51182 5.50084 5.49058 5.48104 5.47225 5.46423 5.45696 5.45048 5.44477 5.43985 5.43571 5.43236 5.4298 5.42802 5.42704 
5.42173 5.42234 5.42376 5.42601 5.42907 5.43295 5.43765 5.44317 5.4495 5.45665 5.4646 5.47334 5.48287 5.49318 5.50423 5.51602 5.52851 5.54168 5.55548 5.56987 5.58482 5.60027 5.61616 5.63243 5.64903 5.66588 5.68291 5.70005 5.71722 5.73435 5.75134 5.76813 5.78464 5.80077 5.81646 5.83162 5.84618 5.86006 5.87321 5.88554 5.897 5.90754 5.91709 5.92562 5.93307 5.93942 5.94462 5.94866 5.9515 5.95315 5.95359 5.95281 5.95083 5.94764 5.94328 5.93775 5.93109 5.92333 5.91451 5.90468 5.89388 5.88218 5.86963 5.85629 5.84224 5.82754 5.81228 5.79653 5.78036 5.76387 5.74713 5.73021 5.71321 5.69621 5.67927 5.66248 5.64591 5.62962 5.61369 5.59817 5.58312 5.56859 5.55462 5.54127 5.52857 5.51655 5.50523 5.49465 5.48482 5.47576 5.46748 5.45999 5.4533 5.44741 5.44233 5.43806 5.4346 5.43195 5.43012 5.4291 
5.42369 5.42432 5.42578 5.42809 5.43124 5.43524 5.44007 5.44575 5.45226 5.45961 5.46779 5.47678 5.48658 5.49718 5.50854 5.52065 5.53349 5.54701 5.56118 5.57596 5.5913 5.60715 5.62345 5.64015 5.65717 5.67444 5.6919 5.70946 5.72705 5.74459 5.76199 5.77918 5.79606 5.81257 5.82862 5.84412 5.85901 5.87321 5.88664 5.89925 5.91096 5.92172 5.93149 5.94019 5.94781 5.95429 5.9596 5.96372 5.96663 5.96831 5.96875 5.96796 5.96594 5.96269 5.95823 5.95258 5.94578 5.93785 5.92884 5.9188 5.90777 5.8958 5.88297 5.86933 5.85496 5.83993 5.82431 5.80819 5.79165 5.77476 5.75761 5.74029 5.72287 5.70544 5.68808 5.67086 5.65387 5.63716 5.62081 5.60488 5.58943 5.57451 5.56017 5.54646 5.5334 5.52105 5.50942 5.49854 5.48843 5.47911 5.47059 5.46288 5.45599 5.44993 5.4447 5.4403 5.43674 5.43401 5.43212 5.43107 
5.42555 5.42619 5.4277 5.43007 5.4333 5.4374 5.44236 5.44819 5.45488 5.46242 5.47081 5.48004 5.49009 5.50095 5.51261 5.52502 5.53818 5.55204 5.56656 5.5817 5.59741 5.61364 5.63033 5.64741 5.66483 5.6825 5.70035 5.71831 5.73629 5.75421 5.77199 5.78955 5.8068 5.82365 5.84004 5.85586 5.87105 5.88554 5.89925 5.9121 5.92405 5.93503 5.94498 5.95386 5.96162 5.96822 5.97364 5.97784 5.98081 5.98252 5.98297 5.98217 5.9801 5.97679 5.97224 5.96649 5.95956 5.95147 5.94229 5.93204 5.92079 5.90858 5.89549 5.88157 5.86691 5.85156 5.83561 5.81915 5.80225 5.78499 5.76747 5.74976 5.73195 5.71413 5.69637 5.67875 5.66136 5.64426 5.62752 5.61121 5.59538 5.5801 5.5654 5.55134 5.53796 5.52529 5.51336 5.5022 5.49183 5.48227 5.47352 5.46561 5.45854 5.45232 5.44695 5.44243 5.43877 5.43597 5.43402 5.43294 
5.4273 5.42796 5.4295 5.43192 5.43523 5.43943 5.44451 5.45048 5.45733 5.46505 5.47364 5.48308 5.49337 5.50449 5.51641 5.52911 5.54256 5.55673 5.57158 5.58705 5.60311 5.61969 5.63674 5.65418 5.67196 5.69 5.70822 5.72655 5.74489 5.76317 5.7813 5.7992 5.81678 5.83396 5.85065 5.86678 5.88225 5.897 5.91096 5.92405 5.93621 5.94739 5.95752 5.96655 5.97445 5.98117 5.98668 5.99095 5.99397 5.99571 5.99618 5.99536 5.99326 5.98988 5.98526 5.97941 5.97235 5.96413 5.95478 5.94435 5.93289 5.92046 5.90713 5.89295 5.87801 5.86238 5.84613 5.82934 5.81211 5.79452 5.77664 5.75858 5.74041 5.72222 5.70409 5.68611 5.66834 5.65088 5.63378 5.61711 5.60093 5.58531 5.57028 5.55591 5.54222 5.52926 5.51706 5.50563 5.49502 5.48523 5.47627 5.46817 5.46093 5.45455 5.44905 5.44442 5.44067 5.4378 5.43581 5.4347 
5.42892 5.42959 5.43116 5.43364 5.43703 5.44131 5.44651 5.4526 5.4596 5.46748 5.47625 5.4859 5.4964 5.50775 5.51992 5.53289 5.54661 5.56107 5.57621 5.59199 5.60837 5.62527 5.64265 5.66043 5.67854 5.69692 5.71548 5.73413 5.75281 5.77142 5.78987 5.80808 5.82597 5.84344 5.86042 5.87681 5.89254 5.90754 5.92172 5.93503 5.94739 5.95874 5.96903 5.97821 5.98623 5.99305 5.99865 6.00299 6.00606 6.00783 6.0083 6.00747 6.00533 6.00191 5.99722 5.99127 5.9841 5.97575 5.96625 5.95565 5.94401 5.93138 5.91782 5.90341 5.88822 5.87232 5.85579 5.83872 5.82118 5.80328 5.78509 5.7667 5.74819 5.72967 5.7112 5.69288 5.67478 5.65698 5.63955 5.62255 5.60606 5.59012 5.57479 5.56012 5.54616 5.53293 5.52047 5.5088 5.49796 5.48796 5.47882 5.47054 5.46314 5.45663 5.451 5.44627 5.44244 5.4395 5.43746 5.43633 
5.43041 5.43109 5.43269 5.43522 5.43867 5.44304 5.44833 5.45454 5.46167 5.46971 5.47864 5.48847 5.49917 5.51073 5.52313 5.53633 5.5503 5.56502 5.58043 5.59649 5.61315 5.63035 5.64802 5.6661 5.68452 5.7032 5.72207 5.74103 5.76 5.77891 5.79765 5.81615 5.83431 5.85205 5.86928 5.88591 5.90188 5.91709 5.93149 5.94498 5.95752 5.96903 5.97946 5.98877 5.9969 6.00382 6.0095 6.0139 6.01701 6.0188 6.01928 6.01844 6.01628 6.01281 6.00805 6.00202 5.99475 5.98628 5.97665 5.9659 5.95409 5.94128 5.92752 5.9129 5.89748 5.88134 5.86456 5.84723 5.82942 5.81123 5.79275 5.77407 5.75527 5.73644 5.71767 5.69904 5.68063 5.66253 5.64479 5.6275 5.61072 5.5945 5.5789 5.56396 5.54974 5.53627 5.52358 5.5117 5.50065 5.49046 5.48114 5.4727 5.46516 5.45852 5.45279 5.44796 5.44405 5.44106 5.43898 5.43782 
5.43174 5.43244 5.43407 5.43664 5.44014 5.44459 5.44997 5.45629 5.46353 5.4717 5.48079 5.49078 5.50166 5.51341 5.526 5.53941 5.55361 5.56856 5.58421 5.60052 5.61744 5.63489 5.65283 5.67118 5.68987 5.70882 5.72796 5.74719 5.76643 5.7856 5.8046 5.82335 5.84175 5.85973 5.87718 5.89404 5.91021 5.92562 5.94019 5.95386 5.96655 5.97821 5.98877 5.99819 6.00642 6.01343 6.01917 6.02363 6.02677 6.02859 6.02908 6.02822 6.02604 6.02253 6.01771 6.01161 6.00425 5.99568 5.98592 5.97504 5.96308 5.95011 5.93618 5.92137 5.90575 5.88939 5.87239 5.85482 5.83678 5.81834 5.7996 5.78065 5.76159 5.74249 5.72345 5.70455 5.68587 5.66749 5.64949 5.63193 5.61489 5.59842 5.58257 5.5674 5.55295 5.53926 5.52636 5.51429 5.50306 5.4927 5.48323 5.47465 5.46698 5.46022 5.45439 5.44948 5.4455 5.44246 5.44034 5.43917 
5.43293 5.43363 5.43528 5.43789 5.44145 5.44596 5.45142 5.45783 5.46518 5.47347 5.48268 5.49281 5.50384 5.51576 5.52853 5.54212 5.55652 5.57167 5.58753 5.60406 5.62119 5.63888 5.65705 5.67563 5.69456 5.71375 5.73312 5.75258 5.77205 5.79145 5.81068 5.82964 5.84826 5.86644 5.8841 5.90114 5.91749 5.93307 5.94781 5.96162 5.97445 5.98623 5.9969 6.00642 6.01474 6.02182 6.02763 6.03213 6.03531 6.03715 6.03763 6.03677 6.03456 6.03102 6.02615 6.01999 6.01255 6.00389 5.99403 5.98303 5.97094 5.95783 5.94375 5.92877 5.91297 5.89644 5.87924 5.86147 5.84321 5.82456 5.80559 5.78642 5.76712 5.74779 5.72851 5.70937 5.69045 5.67184 5.6536 5.63582 5.61855 5.60186 5.5858 5.57042 5.55577 5.54189 5.52881 5.51657 5.50518 5.49468 5.48506 5.47636 5.46858 5.46172 5.45581 5.45083 5.44679 5.4437 5.44155 5.44035 
5.43395 5.43466 5.43633 5.43897 5.44257 5.44714 5.45266 5.45915 5.46659 5.47498 5.4843 5.49456 5.50572 5.51777 5.53069 5.54444 5.559 5.57432 5.59036 5.60708 5.6244 5.64228 5.66065 5.67943 5.69855 5.71794 5.73751 5.75718 5.77685 5.79644 5.81586 5.83501 5.85381 5.87216 5.88998 5.90719 5.92369 5.93942 5.95429 5.96822 5.98117 5.99305 6.00382 6.01343 6.02182 6.02896 6.03482 6.03936 6.04257 6.04442 6.04492 6.04405 6.04182 6.03824 6.03333 6.02711 6.01962 6.01087 6.00093 5.98983 5.97763 5.9644 5.95019 5.93507 5.91913 5.90243 5.88507 5.86713 5.84869 5.82985 5.8107 5.79133 5.77183 5.7523 5.73282 5.71348 5.69436 5.67555 5.65712 5.63914 5.62167 5.60479 5.58855 5.573 5.55818 5.54414 5.53091 5.51852 5.507 5.49637 5.48664 5.47783 5.46995 5.46301 5.45702 5.45198 5.44789 5.44476 5.44259 5.44138 
5.43479 5.43551 5.4372 5.43986 5.4435 5.44811 5.45369 5.46024 5.46776 5.47623 5.48564 5.496 5.50727 5.51943 5.53247 5.54636 5.56105 5.57651 5.5927 5.60956 5.62704 5.64508 5.6636 5.68255 5.70184 5.72139 5.74112 5.76095 5.78079 5.80053 5.82011 5.83941 5.85836 5.87685 5.89481 5.91215 5.92878 5.94462 5.9596 5.97364 5.98668 5.99865 6.0095 6.01917 6.02763 6.03482 6.04072 6.04529 6.04852 6.05039 6.05089 6.05001 6.04777 6.04417 6.03922 6.03296 6.02541 6.0166 6.00659 5.99541 5.98312 5.96979 5.95547 5.94024 5.92417 5.90735 5.88985 5.87177 5.85318 5.83419 5.81489 5.79536 5.7757 5.75601 5.73636 5.71686 5.69758 5.6786 5.66 5.64186 5.62424 5.60721 5.59082 5.57513 5.56017 5.546 5.53264 5.52013 5.5085 5.49776 5.48794 5.47905 5.47109 5.46408 5.45803 5.45294 5.44881 5.44565 5.44345 5.44223 
5.43546 5.43619 5.43789 5.44057 5.44424 5.44888 5.45451 5.46111 5.46868 5.47721 5.4867 5.49713 5.50848 5.52073 5.53387 5.54785 5.56265 5.57822 5.59452 5.6115 5.6291 5.64725 5.6659 5.68498 5.70439 5.72407 5.74393 5.76388 5.78384 5.80371 5.8234 5.84283 5.86189 5.88049 5.89856 5.916 5.93272 5.94866 5.96372 5.97784 5.99095 6.00299 6.0139 6.02363 6.03213 6.03936 6.04529 6.04989 6.05314 6.05501 6.05552 6.05464 6.05238 6.04876 6.04379 6.03749 6.0299 6.02104 6.01097 5.99973 5.98737 5.97396 5.95956 5.94424 5.92808 5.91116 5.89356 5.87537 5.85667 5.83757 5.81814 5.79849 5.77871 5.75889 5.73911 5.71948 5.70007 5.68097 5.66225 5.64398 5.62625 5.6091 5.59259 5.57678 5.56172 5.54745 5.53399 5.5214 5.50968 5.49886 5.48896 5.48 5.47199 5.46493 5.45883 5.4537 5.44953 5.44635 5.44413 5.4429 
5.43595 5.43668 5.43839 5.44109 5.44477 5.44944 5.4551 5.46173 5.46934 5.47792 5.48746 5.49794 5.50935 5.52166 5.53486 5.54892 5.56379 5.57943 5.59581 5.61287 5.63055 5.6488 5.66754 5.68669 5.7062 5.72597 5.74591 5.76596 5.786 5.80596 5.82573 5.84524 5.86438 5.88306 5.90121 5.91871 5.93551 5.9515 5.96663 5.98081 5.99397 6.00606 6.01701 6.02677 6.03531 6.04257 6.04852 6.05314 6.05639 6.05828 6.05878 6.0579 6.05564 6.052 6.04701 6.04069 6.03307 6.02418 6.01407 6.00278 5.99037 5.97691 5.96245 5.94707 5.93084 5.91385 5.89618 5.87791 5.85913 5.83994 5.82043 5.8007 5.78083 5.76092 5.74106 5.72134 5.70184 5.68265 5.66384 5.64549 5.62767 5.61043 5.59385 5.57796 5.56283 5.54848 5.53496 5.5223 5.51052 5.49965 5.4897 5.48069 5.47263 5.46553 5.4594 5.45424 5.45006 5.44686 5.44463 5.44339 
5.43626 5.43698 5.4387 5.44141 5.4451 5.44979 5.45546 5.46211 5.46975 5.47835 5.48791 5.49842 5.50987 5.52222 5.53546 5.54955 5.56446 5.58015 5.59657 5.61368 5.63141 5.6497 5.66849 5.6877 5.70725 5.72707 5.74707 5.76716 5.78725 5.80726 5.82708 5.84663 5.86582 5.88455 5.90273 5.92028 5.93712 5.95315 5.96831 5.98252 5.99571 6.00783 6.0188 6.02859 6.03715 6.04442 6.05039 6.05501 6.05828 6.06017 6.06067 6.05979 6.05752 6.05388 6.04887 6.04254 6.0349 6.02599 6.01585 6.00454 5.99211 5.97861 5.96412 5.9487 5.93244 5.9154 5.89769 5.87937 5.86055 5.84132 5.82176 5.80198 5.78206 5.7621 5.74218 5.72241 5.70286 5.68362 5.66476 5.64637 5.6285 5.61122 5.59459 5.57866 5.56348 5.54909 5.53553 5.52283 5.51102 5.50012 5.49014 5.48111 5.47302 5.46591 5.45976 5.45458 5.45039 5.44717 5.44494 5.44369 
