0.47942 0.479991 0.480524 0.481001 0.481412 0.481751 0.482021 0.482228 0.482381 0.48249 0.482566 0.482616 0.482649 0.482669 0.482682 0.482689 0.482693 0.482695 0.482697 0.482697 0.482698 0.482698 0.482698 0.482698 0.482698 0.482698 0.482698 0.482698 0.482698 0.482698 0.482698 0.482698 0.482698 0.482698 0.482698 0.482698 0.482698 0.482698 0.482698 0.482698 0.482698 0.482698 0.482699 0.482699 0.482699 0.482699 0.482699 0.482699 0.482699 0.482699 0.482699 0.482699 0.482699 0.482699 0.482699 0.482699 0.482699 0.482699 0.482699 0.482699 0.482699 0.482699 0.482699 0.482698 0.482698 0.482698 0.482698 0.482698 0.482698 0.482698 0.482698 0.482698 0.482698 0.482698 0.482698 0.482698 0.482698 0.482698 0.482698 0.482698 0.482698 0.482698 0.482699 0.482699 0.482701 0.482704 0.48271 0.482722 0.482744 0.482781 0.482842 0.482937 0.483076 0.483273 0.483538 0.483877 0.48429 0.484772 0.485308 0.485879 
0.479991 0.480561 0.481093 0.48157 0.48198 0.48232 0.48259 0.482797 0.48295 0.483059 0.483135 0.483185 0.483217 0.483238 0.48325 0.483258 0.483262 0.483264 0.483266 0.483266 0.483267 0.483267 0.483267 0.483267 0.483267 0.483267 0.483267 0.483267 0.483267 0.483267 0.483267 0.483267 0.483267 0.483267 0.483267 0.483267 0.483267 0.483267 0.483267 0.483267 0.483267 0.483267 0.483267 0.483267 0.483267 0.483267 0.483267 0.483267 0.483268 0.483268 0.483268 0.483268 0.483268 0.483268 0.483268 0.483268 0.483267 0.483267 0.483267 0.483267 0.483267 0.483267 0.483267 0.483267 0.483267 0.483267 0.483267 0.483267 0.483267 0.483267 0.483267 0.483267 0.483267 0.483267 0.483267 0.483267 0.483267 0.483267 0.483267 0.483267 0.483267 0.483267 0.483268 0.483268 0.48327 0.483273 0.483279 0.483291 0.483313 0.483351 0.483411 0.483506 0.483646 0.483843 0.484107 0.484446 0.484859 0.48534 0.485876 0.486446 
0.480524 0.481093 0.481625 0.482102 0.482512 0.482851 0.483121 0.483328 0.483481 0.48359 0.483666 0.483716 0.483749 0.48377 0.483782 0.483789 0.483794 0.483796 0.483797 0.483798 0.483798 0.483799 0.483799 0.483799 0.483799 0.483799 0.483799 0.483799 0.483799 0.483799 0.483799 0.483799 0.483799 0.483799 0.483799 0.483799 0.483799 0.483799 0.483799 0.483799 0.483799 0.483799 0.483799 0.483799 0.483799 0.483799 0.483799 0.483799 0.483799 0.483799 0.483799 0.483799 0.483799 0.483799 0.483799 0.483799 0.483799 0.483799 0.483799 0.483799 0.483799 0.483799 0.483799 0.483799 0.483799 0.483799 0.483799 0.483799 0.483799 0.483799 0.483799 0.483799 0.483799 0.483799 0.483799 0.483799 0.483799 0.483799 0.483799 0.483799 0.483799 0.483799 0.483799 0.4838 0.483802 0.483805 0.483811 0.483823 0.483845 0.483882 0.483943 0.484038 0.484178 0.484375 0.48464 0.484978 0.485391 0.485872 0.486407 0.486976 
0.481001 0.48157 0.482102 0.482578 0.482988 0.483327 0.483597 0.483804 0.483957 0.484067 0.484142 0.484193 0.484225 0.484246 0.484259 0.484266 0.48427 0.484273 0.484274 0.484275 0.484275 0.484275 0.484275 0.484275 0.484275 0.484275 0.484275 0.484275 0.484275 0.484275 0.484275 0.484275 0.484275 0.484275 0.484275 0.484275 0.484275 0.484275 0.484275 0.484275 0.484275 0.484276 0.484276 0.484276 0.484276 0.484276 0.484276 0.484276 0.484276 0.484276 0.484276 0.484276 0.484276 0.484276 0.484276 0.484276 0.484276 0.484276 0.484276 0.484276 0.484276 0.484276 0.484276 0.484276 0.484275 0.484275 0.484275 0.484275 0.484275 0.484275 0.484275 0.484275 0.484275 0.484275 0.484275 0.484275 0.484275 0.484275 0.484275 0.484275 0.484275 0.484276 0.484276 0.484277 0.484278 0.484281 0.484288 0.4843 0.484322 0.484359 0.48442 0.484515 0.484655 0.484852 0.485117 0.485455 0.485868 0.486348 0.486883 0.487452 
0.481412 0.48198 0.482512 0.482988 0.483398 0.483737 0.484007 0.484214 0.484367 0.484477 0.484552 0.484603 0.484636 0.484656 0.484669 0.484676 0.48468 0.484683 0.484684 0.484685 0.484685 0.484685 0.484686 0.484686 0.484686 0.484686 0.484686 0.484686 0.484686 0.484686 0.484686 0.484686 0.484686 0.484686 0.484686 0.484686 0.484686 0.484686 0.484686 0.484686 0.484686 0.484686 0.484686 0.484686 0.484686 0.484687 0.484687 0.484687 0.484687 0.484687 0.484687 0.484687 0.484687 0.484687 0.484687 0.484687 0.484687 0.484687 0.484687 0.484687 0.484686 0.484686 0.484686 0.484686 0.484686 0.484686 0.484686 0.484686 0.484686 0.484686 0.484686 0.484686 0.484686 0.484686 0.484686 0.484686 0.484686 0.484686 0.484686 0.484686 0.484686 0.484686 0.484686 0.484687 0.484688 0.484692 0.484698 0.48471 0.484732 0.48477 0.484831 0.484926 0.485066 0.485263 0.485528 0.485866 0.486278 0.486759 0.487293 0.487862 
0.481751 0.48232 0.482851 0.483327 0.483737 0.484076 0.484346 0.484553 0.484706 0.484816 0.484892 0.484942 0.484975 0.484996 0.485008 0.485016 0.48502 0.485022 0.485024 0.485024 0.485025 0.485025 0.485025 0.485025 0.485025 0.485025 0.485025 0.485025 0.485025 0.485025 0.485025 0.485025 0.485025 0.485025 0.485025 0.485025 0.485025 0.485026 0.485026 0.485026 0.485026 0.485027 0.485027 0.485027 0.485028 0.485028 0.485028 0.485029 0.485029 0.485029 0.485029 0.485029 0.485029 0.485029 0.485029 0.485029 0.485029 0.485028 0.485028 0.485028 0.485027 0.485027 0.485027 0.485026 0.485026 0.485026 0.485026 0.485026 0.485025 0.485025 0.485025 0.485025 0.485025 0.485025 0.485025 0.485025 0.485025 0.485025 0.485025 0.485025 0.485025 0.485025 0.485026 0.485026 0.485028 0.485031 0.485038 0.48505 0.485072 0.48511 0.485171 0.485266 0.485406 0.485603 0.485868 0.486206 0.486619 0.487099 0.487633 0.488202 
0.482021 0.48259 0.483121 0.483597 0.484007 0.484346 0.484616 0.484823 0.484976 0.485086 0.485162 0.485213 0.485246 0.485266 0.485279 0.485286 0.485291 0.485293 0.485294 0.485295 0.485295 0.485296 0.485296 0.485296 0.485296 0.485296 0.485296 0.485296 0.485296 0.485296 0.485296 0.485296 0.485296 0.485296 0.485296 0.485296 0.485297 0.485297 0.485297 0.485298 0.485299 0.4853 0.485301 0.485302 0.485303 0.485304 0.485305 0.485305 0.485306 0.485307 0.485307 0.485307 0.485307 0.485307 0.485306 0.485306 0.485305 0.485304 0.485303 0.485302 0.485301 0.4853 0.485299 0.485299 0.485298 0.485297 0.485297 0.485297 0.485296 0.485296 0.485296 0.485296 0.485296 0.485296 0.485296 0.485296 0.485296 0.485296 0.485296 0.485296 0.485296 0.485296 0.485296 0.485297 0.485299 0.485302 0.485308 0.485321 0.485343 0.48538 0.485442 0.485537 0.485677 0.485874 0.486139 0.486477 0.48689 0.48737 0.487904 0.488473 
0.482228 0.482797 0.483328 0.483804 0.484214 0.484553 0.484823 0.48503 0.485184 0.485294 0.485369 0.48542 0.485453 0.485474 0.485486 0.485494 0.485498 0.485501 0.485502 0.485503 0.485503 0.485503 0.485503 0.485503 0.485503 0.485503 0.485503 0.485503 0.485503 0.485504 0.485504 0.485504 0.485504 0.485504 0.485504 0.485505 0.485506 0.485507 0.485508 0.48551 0.485512 0.485514 0.485517 0.485519 0.485522 0.485524 0.485527 0.485529 0.485531 0.485532 0.485533 0.485533 0.485533 0.485532 0.485531 0.48553 0.485528 0.485525 0.485523 0.48552 0.485518 0.485515 0.485513 0.485511 0.485509 0.485508 0.485507 0.485506 0.485505 0.485505 0.485504 0.485504 0.485504 0.485504 0.485504 0.485504 0.485504 0.485503 0.485503 0.485504 0.485504 0.485504 0.485504 0.485505 0.485506 0.48551 0.485516 0.485528 0.48555 0.485588 0.485649 0.485745 0.485885 0.486083 0.486347 0.486686 0.487098 0.487579 0.488113 0.488681 
0.482381 0.48295 0.483481 0.483957 0.484367 0.484706 0.484976 0.485184 0.485337 0.485447 0.485523 0.485574 0.485607 0.485628 0.48564 0.485648 0.485652 0.485654 0.485656 0.485657 0.485657 0.485657 0.485657 0.485657 0.485657 0.485657 0.485657 0.485657 0.485657 0.485657 0.485658 0.485658 0.485658 0.485659 0.48566 0.485662 0.485664 0.485666 0.48567 0.485674 0.485679 0.485685 0.485691 0.485698 0.485704 0.485711 0.485716 0.485721 0.485725 0.485728 0.48573 0.485731 0.485731 0.485729 0.485726 0.485722 0.485717 0.485712 0.485706 0.485699 0.485693 0.485687 0.485681 0.485676 0.485672 0.485668 0.485665 0.485663 0.485661 0.48566 0.485659 0.485659 0.485658 0.485658 0.485658 0.485657 0.485657 0.485657 0.485657 0.485657 0.485657 0.485657 0.485658 0.485659 0.48566 0.485663 0.48567 0.485682 0.485704 0.485742 0.485803 0.485899 0.486039 0.486237 0.486502 0.48684 0.487253 0.487733 0.488268 0.488836 
0.48249 0.483059 0.48359 0.484067 0.484477 0.484816 0.485086 0.485294 0.485447 0.485557 0.485633 0.485684 0.485717 0.485738 0.48575 0.485758 0.485762 0.485764 0.485766 0.485767 0.485767 0.485767 0.485767 0.485767 0.485767 0.485767 0.485767 0.485767 0.485768 0.485768 0.485768 0.485769 0.48577 0.485772 0.485775 0.485779 0.485784 0.485791 0.4858 0.485811 0.485823 0.485837 0.485852 0.485867 0.485882 0.485897 0.48591 0.485921 0.48593 0.485937 0.485941 0.485942 0.485941 0.485937 0.48593 0.485921 0.485909 0.485896 0.485882 0.485867 0.485852 0.485838 0.485824 0.485813 0.485803 0.485794 0.485787 0.485782 0.485778 0.485774 0.485772 0.485771 0.485769 0.485769 0.485768 0.485768 0.485768 0.485767 0.485767 0.485767 0.485767 0.485768 0.485768 0.485769 0.48577 0.485773 0.48578 0.485792 0.485814 0.485852 0.485914 0.486009 0.486149 0.486347 0.486612 0.486951 0.487363 0.487844 0.488378 0.488947 
0.482566 0.483135 0.483666 0.484142 0.484552 0.484892 0.485162 0.485369 0.485523 0.485633 0.485709 0.48576 0.485793 0.485814 0.485826 0.485834 0.485838 0.485841 0.485842 0.485843 0.485843 0.485843 0.485843 0.485843 0.485843 0.485843 0.485844 0.485844 0.485844 0.485845 0.485847 0.485849 0.485852 0.485857 0.485864 0.485874 0.485887 0.485903 0.485924 0.485949 0.485977 0.486009 0.486043 0.486077 0.486111 0.486143 0.486172 0.486197 0.486216 0.48623 0.486238 0.486241 0.486237 0.486227 0.486211 0.48619 0.486164 0.486134 0.486102 0.486068 0.486035 0.486003 0.485974 0.485947 0.485925 0.485905 0.48589 0.485877 0.485868 0.48586 0.485855 0.485851 0.485848 0.485847 0.485845 0.485845 0.485844 0.485844 0.485844 0.485844 0.485844 0.485844 0.485844 0.485845 0.485846 0.485849 0.485856 0.485868 0.48589 0.485928 0.48599 0.486085 0.486226 0.486423 0.486688 0.487027 0.48744 0.48792 0.488455 0.489024 
0.482616 0.483185 0.483716 0.484193 0.484603 0.484942 0.485213 0.48542 0.485574 0.485684 0.48576 0.485811 0.485844 0.485864 0.485877 0.485885 0.485889 0.485891 0.485893 0.485894 0.485894 0.485894 0.485894 0.485894 0.485894 0.485895 0.485895 0.485896 0.485897 0.485899 0.485903 0.485908 0.485916 0.485928 0.485945 0.485968 0.485999 0.486037 0.486084 0.486139 0.486202 0.48627 0.486343 0.486417 0.486489 0.486556 0.486616 0.486666 0.486706 0.486734 0.48675 0.486754 0.486744 0.486722 0.486688 0.486642 0.486586 0.486522 0.486454 0.486382 0.486311 0.486243 0.48618 0.486123 0.486074 0.486032 0.485998 0.48597 0.485949 0.485933 0.485921 0.485912 0.485906 0.485902 0.485899 0.485897 0.485896 0.485895 0.485895 0.485895 0.485895 0.485895 0.485895 0.485896 0.485897 0.4859 0.485907 0.485919 0.485941 0.485979 0.486041 0.486136 0.486277 0.486475 0.48674 0.487078 0.487491 0.487972 0.488506 0.489075 
0.482649 0.483217 0.483749 0.484225 0.484636 0.484975 0.485246 0.485453 0.485607 0.485717 0.485793 0.485844 0.485877 0.485898 0.48591 0.485918 0.485922 0.485924 0.485926 0.485927 0.485927 0.485927 0.485927 0.485928 0.485928 0.485928 0.48593 0.485931 0.485935 0.48594 0.485949 0.485962 0.485981 0.486009 0.486048 0.4861 0.486166 0.48625 0.48635 0.486467 0.486598 0.486741 0.48689 0.48704 0.487184 0.487318 0.487437 0.487536 0.487614 0.487668 0.487697 0.487702 0.48768 0.487633 0.487562 0.487468 0.487354 0.487224 0.487084 0.486939 0.486794 0.486655 0.486526 0.486409 0.486307 0.486221 0.486149 0.486091 0.486046 0.486012 0.485986 0.485967 0.485954 0.485945 0.485938 0.485934 0.485931 0.48593 0.485929 0.485928 0.485928 0.485928 0.485928 0.485929 0.48593 0.485933 0.48594 0.485952 0.485974 0.486012 0.486074 0.486169 0.48631 0.486508 0.486773 0.487111 0.487524 0.488005 0.48854 0.489109 
0.482669 0.483238 0.48377 0.484246 0.484656 0.484996 0.485266 0.485474 0.485628 0.485738 0.485814 0.485864 0.485898 0.485918 0.485931 0.485938 0.485943 0.485945 0.485947 0.485947 0.485948 0.485948 0.485948 0.485949 0.48595 0.485951 0.485954 0.485959 0.485967 0.485979 0.486 0.48603 0.486074 0.486136 0.486219 0.48633 0.48647 0.486642 0.486847 0.487083 0.487345 0.487626 0.487917 0.488206 0.488484 0.488739 0.488963 0.489149 0.489293 0.489392 0.489443 0.489446 0.489401 0.489307 0.489166 0.488982 0.488761 0.48851 0.488238 0.487957 0.487675 0.487404 0.487151 0.486922 0.48672 0.486548 0.486404 0.486288 0.486196 0.486125 0.486072 0.486033 0.486005 0.485986 0.485972 0.485963 0.485957 0.485954 0.485951 0.48595 0.485949 0.485949 0.485949 0.485949 0.485951 0.485954 0.485961 0.485973 0.485995 0.486033 0.486095 0.48619 0.486331 0.486529 0.486794 0.487132 0.487545 0.488026 0.488561 0.48913 
0.482682 0.48325 0.483782 0.484259 0.484669 0.485008 0.485279 0.485486 0.48564 0.48575 0.485826 0.485877 0.48591 0.485931 0.485944 0.485951 0.485956 0.485958 0.485959 0.48596 0.485961 0.485961 0.485962 0.485963 0.485965 0.485968 0.485975 0.485986 0.486005 0.486034 0.486079 0.486145 0.486239 0.486369 0.486542 0.486766 0.487046 0.487386 0.487785 0.488237 0.488735 0.489262 0.489803 0.490336 0.490843 0.491305 0.491708 0.492041 0.492296 0.492467 0.492553 0.492551 0.49246 0.492281 0.492018 0.491677 0.491267 0.490803 0.490301 0.489779 0.489257 0.488752 0.488278 0.487847 0.487465 0.487137 0.486862 0.486638 0.486459 0.48632 0.486214 0.486136 0.486079 0.486039 0.486012 0.485993 0.485981 0.485973 0.485968 0.485965 0.485963 0.485962 0.485962 0.485962 0.485964 0.485967 0.485973 0.485986 0.486008 0.486046 0.486107 0.486203 0.486343 0.486541 0.486806 0.487145 0.487558 0.488039 0.488574 0.489143 
0.482689 0.483258 0.483789 0.484266 0.484676 0.485016 0.485286 0.485494 0.485648 0.485758 0.485834 0.485885 0.485918 0.485938 0.485951 0.485959 0.485963 0.485966 0.485967 0.485968 0.485968 0.485969 0.485971 0.485973 0.485978 0.485987 0.486002 0.486028 0.486069 0.486132 0.486227 0.486364 0.486556 0.486815 0.487156 0.487589 0.488123 0.488761 0.489499 0.490327 0.491226 0.49217 0.493126 0.494063 0.494945 0.495744 0.496436 0.497003 0.497432 0.497717 0.497852 0.497835 0.497665 0.497344 0.496877 0.496273 0.495551 0.494732 0.493847 0.492925 0.491999 0.4911 0.490252 0.489476 0.488786 0.488187 0.487681 0.487264 0.48693 0.486667 0.486466 0.486315 0.486205 0.486126 0.486072 0.486034 0.48601 0.485994 0.485983 0.485977 0.485973 0.485971 0.48597 0.48597 0.485972 0.485975 0.485981 0.485993 0.486015 0.486053 0.486115 0.48621 0.486351 0.486549 0.486814 0.487153 0.487566 0.488047 0.488581 0.48915 
0.482693 0.483262 0.483794 0.48427 0.48468 0.48502 0.485291 0.485498 0.485652 0.485762 0.485838 0.485889 0.485922 0.485943 0.485956 0.485963 0.485967 0.48597 0.485971 0.485972 0.485974 0.485975 0.485979 0.485985 0.485996 0.486016 0.486049 0.486104 0.48619 0.486321 0.486512 0.486784 0.487156 0.487651 0.48829 0.489088 0.490057 0.491199 0.492502 0.493945 0.495493 0.497101 0.498716 0.500283 0.501748 0.503065 0.504198 0.505118 0.505808 0.506259 0.506462 0.506415 0.506116 0.505567 0.504777 0.503762 0.502548 0.501173 0.499683 0.498127 0.496559 0.495028 0.493577 0.492241 0.491042 0.489995 0.489103 0.488361 0.487759 0.487283 0.486914 0.486635 0.486429 0.48628 0.486176 0.486104 0.486055 0.486024 0.486003 0.485991 0.485983 0.485979 0.485976 0.485976 0.485976 0.485979 0.485986 0.485998 0.48602 0.486058 0.486119 0.486215 0.486355 0.486553 0.486818 0.487157 0.48757 0.488051 0.488586 0.489155 
0.482695 0.483264 0.483796 0.484273 0.484683 0.485022 0.485293 0.485501 0.485654 0.485764 0.485841 0.485891 0.485924 0.485945 0.485958 0.485966 0.48597 0.485973 0.485974 0.485976 0.485978 0.485982 0.485989 0.486003 0.486027 0.486069 0.48614 0.486252 0.486425 0.486682 0.48705 0.487563 0.488252 0.489153 0.490295 0.491699 0.493377 0.495324 0.497517 0.499916 0.502459 0.505073 0.507673 0.510173 0.512494 0.514565 0.516333 0.517759 0.51882 0.5195 0.519792 0.519691 0.519194 0.518304 0.517033 0.515406 0.513463 0.511259 0.508865 0.506357 0.503818 0.501325 0.498948 0.496742 0.494748 0.492991 0.491481 0.490213 0.489174 0.488342 0.487691 0.487194 0.486823 0.486552 0.486359 0.486225 0.486134 0.486074 0.486035 0.486011 0.485996 0.485987 0.485982 0.48598 0.48598 0.485982 0.485988 0.486 0.486022 0.48606 0.486122 0.486217 0.486358 0.486556 0.486821 0.48716 0.487573 0.488054 0.488588 0.489157 
0.482697 0.483266 0.483797 0.484274 0.484684 0.485024 0.485294 0.485502 0.485656 0.485766 0.485842 0.485893 0.485926 0.485947 0.485959 0.485967 0.485971 0.485974 0.485976 0.485979 0.485983 0.485992 0.486008 0.486037 0.486088 0.486174 0.486314 0.486534 0.486865 0.487346 0.488024 0.488947 0.490167 0.491731 0.493679 0.496036 0.498809 0.501979 0.505502 0.509306 0.513293 0.517348 0.521342 0.525151 0.528659 0.531767 0.534402 0.536514 0.53807 0.539054 0.539455 0.539265 0.538483 0.537112 0.535167 0.532682 0.529715 0.526345 0.522671 0.518808 0.514875 0.510991 0.50726 0.503771 0.50059 0.497762 0.495306 0.493223 0.491498 0.490101 0.488996 0.488141 0.487496 0.487021 0.486679 0.486438 0.486273 0.486163 0.486091 0.486045 0.486017 0.486 0.48599 0.485985 0.485983 0.485985 0.48599 0.486002 0.486024 0.486062 0.486123 0.486218 0.486359 0.486557 0.486822 0.487161 0.487574 0.488055 0.48859 0.489159 
0.482697 0.483266 0.483798 0.484275 0.484685 0.485024 0.485295 0.485503 0.485657 0.485767 0.485843 0.485894 0.485927 0.485947 0.48596 0.485968 0.485972 0.485976 0.485979 0.485984 0.485993 0.486011 0.486043 0.486102 0.486204 0.486372 0.48664 0.48705 0.487655 0.488518 0.489708 0.491298 0.493359 0.495955 0.499131 0.502911 0.507288 0.512219 0.517624 0.523386 0.529356 0.535362 0.541224 0.546764 0.551827 0.556283 0.560036 0.563023 0.565207 0.566568 0.567094 0.566776 0.565611 0.563601 0.560766 0.55715 0.552827 0.547904 0.542517 0.536826 0.530998 0.525202 0.519591 0.514299 0.509429 0.505056 0.501218 0.497928 0.495171 0.492912 0.491104 0.48969 0.48861 0.487804 0.487217 0.4868 0.48651 0.486315 0.486186 0.486104 0.486052 0.48602 0.486002 0.485992 0.485987 0.485987 0.485992 0.486003 0.486025 0.486062 0.486124 0.486219 0.48636 0.486558 0.486823 0.487162 0.487575 0.488056 0.488591 0.489159 
0.482698 0.483267 0.483798 0.484275 0.484685 0.485025 0.485295 0.485503 0.485657 0.485767 0.485843 0.485894 0.485927 0.485948 0.485961 0.485968 0.485974 0.485978 0.485983 0.485993 0.486012 0.486047 0.486112 0.486226 0.48642 0.486733 0.487221 0.487953 0.489012 0.49049 0.492489 0.495109 0.498442 0.502561 0.507515 0.513313 0.51992 0.527255 0.535183 0.543527 0.55207 0.560574 0.568793 0.576497 0.583482 0.589587 0.594697 0.598738 0.60167 0.603473 0.604135 0.603647 0.602001 0.599199 0.595262 0.59024 0.584226 0.577356 0.569805 0.561782 0.553512 0.545223 0.537132 0.529429 0.52227 0.515771 0.510004 0.505002 0.500759 0.49724 0.494389 0.492131 0.490384 0.489065 0.488093 0.487394 0.486905 0.48657 0.486348 0.486203 0.486112 0.486056 0.486022 0.486003 0.485994 0.485991 0.485994 0.486004 0.486026 0.486063 0.486124 0.48622 0.48636 0.486558 0.486823 0.487162 0.487575 0.488056 0.488591 0.48916 
0.482698 0.483267 0.483799 0.484275 0.484685 0.485025 0.485296 0.485503 0.485657 0.485767 0.485843 0.485894 0.485927 0.485948 0.485961 0.485969 0.485975 0.485982 0.485992 0.486011 0.486047 0.486115 0.486238 0.486451 0.486803 0.487361 0.488213 0.489465 0.491237 0.493664 0.496881 0.501015 0.506176 0.512439 0.519838 0.528352 0.537902 0.548343 0.559473 0.571034 0.582731 0.59425 0.605275 0.61552 0.624738 0.63274 0.639396 0.644628 0.648397 0.650688 0.65149 0.650794 0.648588 0.644869 0.639653 0.632996 0.625005 0.615838 0.605711 0.594882 0.583637 0.572272 0.561075 0.550308 0.540192 0.530904 0.522563 0.515237 0.508944 0.503658 0.499319 0.495837 0.49311 0.491025 0.48947 0.488339 0.487538 0.486984 0.486612 0.486368 0.486212 0.486115 0.486057 0.486023 0.486005 0.485997 0.485997 0.486006 0.486027 0.486064 0.486125 0.48622 0.486361 0.486558 0.486824 0.487162 0.487575 0.488056 0.488591 0.48916 
0.482698 0.483267 0.483799 0.484275 0.484686 0.485025 0.485296 0.485503 0.485657 0.485767 0.485843 0.485894 0.485927 0.485948 0.485962 0.485971 0.485979 0.485989 0.486008 0.486043 0.486112 0.486238 0.486462 0.48684 0.487453 0.488407 0.489831 0.491882 0.494729 0.498549 0.503513 0.509771 0.517435 0.526566 0.537162 0.54915 0.562379 0.576624 0.591593 0.606938 0.622278 0.637218 0.65138 0.664423 0.676069 0.686111 0.694412 0.700901 0.705546 0.70834 0.709278 0.708351 0.705541 0.700834 0.694242 0.685814 0.675661 0.66396 0.650956 0.636951 0.622288 0.607335 0.592453 0.577988 0.564241 0.551462 0.53984 0.529498 0.520495 0.512831 0.506453 0.501268 0.497153 0.493966 0.49156 0.489789 0.488519 0.487632 0.487029 0.48663 0.486373 0.486212 0.486113 0.486055 0.486023 0.486006 0.486002 0.486009 0.486028 0.486064 0.486125 0.48622 0.486361 0.486559 0.486824 0.487162 0.487575 0.488056 0.488591 0.48916 
0.482698 0.483267 0.483799 0.484275 0.484686 0.485025 0.485296 0.485503 0.485657 0.485767 0.485843 0.485894 0.485928 0.485949 0.485963 0.485973 0.485985 0.486003 0.486037 0.486102 0.486226 0.486451 0.48684 0.487485 0.48851 0.490071 0.492358 0.495583 0.499973 0.505748 0.513106 0.522203 0.533134 0.545918 0.56049 0.576693 0.594282 0.61293 0.632244 0.651779 0.671067 0.689644 0.707078 0.722993 0.737094 0.749169 0.759093 0.766806 0.772298 0.775574 0.776637 0.775478 0.772072 0.766392 0.758433 0.748233 0.735893 0.721592 0.705591 0.688222 0.669875 0.650977 0.631967 0.613272 0.595285 0.578346 0.562733 0.548646 0.53621 0.525473 0.516413 0.508946 0.502939 0.498226 0.494622 0.491938 0.48999 0.488615 0.487669 0.487037 0.486625 0.486364 0.486203 0.486107 0.486052 0.486022 0.486011 0.486013 0.48603 0.486066 0.486126 0.48622 0.486361 0.486559 0.486824 0.487163 0.487576 0.488056 0.488591 0.48916 
0.482698 0.483267 0.483799 0.484275 0.484686 0.485025 0.485296 0.485503 0.485657 0.485767 0.485843 0.485894 0.485928 0.48595 0.485965 0.485978 0.485996 0.486027 0.486088 0.486204 0.48642 0.486803 0.487453 0.48851 0.490154 0.492611 0.496138 0.501016 0.507524 0.51592 0.52641 0.53913 0.554127 0.571341 0.59061 0.611665 0.634143 0.657602 0.681539 0.70542 0.728705 0.750876 0.771471 0.790103 0.80648 0.820409 0.831789 0.84059 0.846825 0.85052 0.85169 0.850326 0.846395 0.839851 0.830667 0.818855 0.804493 0.787744 0.768862 0.748188 0.726137 0.70318 0.679816 0.656551 0.63387 0.612215 0.591969 0.573436 0.556834 0.54229 0.529838 0.51943 0.510941 0.504192 0.498963 0.495019 0.492124 0.490055 0.488617 0.487645 0.487006 0.486596 0.486341 0.486187 0.486097 0.486048 0.486025 0.486021 0.486034 0.486067 0.486127 0.486221 0.486361 0.486559 0.486824 0.487163 0.487576 0.488056 0.488591 0.48916 
0.482698 0.483267 0.483799 0.484275 0.484686 0.485025 0.485296 0.485503 0.485657 0.485767 0.485843 0.485895 0.485928 0.485951 0.485968 0.485987 0.486016 0.486069 0.486174 0.486372 0.486733 0.487361 0.488407 0.490071 0.492611 0.496331 0.501569 0.508671 0.517965 0.529721 0.544128 0.561264 0.581084 0.603413 0.627955 0.6543 0.681953 0.71035 0.738891 0.766968 0.793991 0.819421 0.842796 0.863747 0.882015 0.897445 0.909978 0.919624 0.926429 0.930443 0.931697 0.930182 0.925855 0.918651 0.908511 0.895412 0.879393 0.860579 0.839191 0.815552 0.790071 0.763235 0.73558 0.707673 0.680082 0.653354 0.627987 0.604411 0.582968 0.563897 0.547325 0.533269 0.521642 0.512271 0.504916 0.499297 0.495121 0.492102 0.48998 0.488529 0.487565 0.486941 0.486548 0.486309 0.486167 0.486086 0.486046 0.486032 0.48604 0.48607 0.486128 0.486222 0.486362 0.486559 0.486824 0.487163 0.487576 0.488056 0.488591 0.48916 
0.482698 0.483267 0.483799 0.484275 0.484686 0.485025 0.485296 0.485503 0.485657 0.485767 0.485844 0.485895 0.48593 0.485954 0.485975 0.486002 0.486049 0.48614 0.486314 0.48664 0.487221 0.488213 0.489831 0.492358 0.496138 0.501569 0.509068 0.519042 0.531843 0.547727 0.566819 0.589096 0.614375 0.642323 0.672477 0.704273 0.737075 0.77021 0.803 0.834791 0.864985 0.893056 0.91858 0.94124 0.960833 0.977267 0.990537 1.0007 1.00785 1.01206 1.01337 1.01177 1.00723 0.999642 0.988922 0.974998 0.957858 0.937567 0.914291 0.888298 0.85996 0.82974 0.79818 0.765876 0.73346 0.701571 0.670826 0.641795 0.614969 0.590735 0.569352 0.550943 0.535495 0.522868 0.512824 0.505051 0.499202 0.494922 0.491879 0.489775 0.488361 0.487437 0.48685 0.486487 0.48627 0.486145 0.486078 0.486049 0.486049 0.486075 0.48613 0.486223 0.486362 0.486559 0.486824 0.487163 0.487576 0.488056 0.488591 0.48916 
0.482698 0.483267 0.483799 0.484275 0.484686 0.485025 0.485296 0.485503 0.485657 0.485767 0.485844 0.485896 0.485931 0.485959 0.485986 0.486028 0.486104 0.486252 0.486534 0.48705 0.487953 0.489465 0.491882 0.495583 0.501016 0.508671 0.519042 0.532575 0.549613 0.570354 0.594811 0.622806 0.653973 0.687786 0.723596 0.760674 0.798258 0.835589 0.871947 0.906675 0.939206 0.969074 0.995926 1.01953 1.03976 1.05661 1.07014 1.08045 1.08768 1.09193 1.09327 1.09169 1.08712 1.07947 1.06861 1.05441 1.0368 1.01577 0.991401 0.963887 0.93352 0.900703 0.865935 0.829807 0.792978 0.756154 0.720063 0.685417 0.652873 0.622995 0.596215 0.572806 0.55287 0.536342 0.523013 0.512561 0.504595 0.498696 0.494451 0.491482 0.489465 0.488132 0.487277 0.486742 0.486419 0.486229 0.486125 0.486075 0.486062 0.486082 0.486134 0.486225 0.486363 0.48656 0.486824 0.487163 0.487576 0.488056 0.488591 0.48916 
0.482698 0.483267 0.483799 0.484275 0.484686 0.485025 0.485296 0.485503 0.485657 0.485768 0.485844 0.485897 0.485935 0.485967 0.486005 0.486069 0.48619 0.486425 0.486865 0.487655 0.489012 0.491237 0.494729 0.499973 0.507524 0.517965 0.531843 0.549613 0.571568 0.59779 0.628128 0.6622 0.699415 0.739031 0.780207 0.822064 0.863738 0.904423 0.943402 0.980064 1.01392 1.0446 1.07186 1.09557 1.11572 1.13236 1.14565 1.15574 1.16279 1.16695 1.16827 1.16678 1.1624 1.15501 1.14444 1.13053 1.11313 1.09216 1.0676 1.03953 1.00814 0.97373 0.936711 0.897621 0.857103 0.815895 0.774807 0.734681 0.696346 0.660564 0.627971 0.599034 0.574015 0.552971 0.535761 0.522083 0.511523 0.503604 0.497836 0.493756 0.490952 0.489079 0.487864 0.487097 0.486628 0.486349 0.486192 0.486111 0.486082 0.486092 0.486139 0.486227 0.486364 0.48656 0.486825 0.487163 0.487576 0.488056 0.488591 0.48916 
0.482698 0.483267 0.483799 0.484275 0.484686 0.485025 0.485296 0.485504 0.485657 0.485768 0.485845 0.485899 0.48594 0.485979 0.486034 0.486132 0.486321 0.486682 0.487346 0.488518 0.49049 0.493664 0.498549 0.505748 0.51592 0.529721 0.547727 0.570354 0.59779 0.629949 0.66646 0.706694 0.749813 0.794849 0.840783 0.886613 0.931418 0.974394 1.01488 1.05235 1.08644 1.11692 1.14366 1.16668 1.18605 1.20193 1.21452 1.22404 1.23068 1.23461 1.2359 1.23457 1.23054 1.22368 1.2138 1.2007 1.18416 1.16402 1.14016 1.11252 1.08118 1.04629 1.00814 0.96716 0.923934 0.879181 0.833751 0.78859 0.744687 0.703004 0.664404 0.629584 0.599014 0.572918 0.55127 0.533828 0.520182 0.509818 0.502177 0.496706 0.492904 0.490336 0.488652 0.487579 0.486914 0.486516 0.486286 0.486163 0.48611 0.486107 0.486147 0.486231 0.486366 0.486561 0.486825 0.487163 0.487576 0.488057 0.488591 0.48916 
0.482698 0.483267 0.483799 0.484275 0.484686 0.485025 0.485296 0.485504 0.485658 0.485768 0.485847 0.485903 0.485949 0.486 0.486079 0.486227 0.486512 0.48705 0.488024 0.489708 0.492489 0.496881 0.503513 0.513106 0.52641 0.544128 0.566819 0.594811 0.628128 0.66646 0.709173 0.755361 0.803932 0.853708 0.903521 0.952293 0.999097 1.04319 1.084 1.12116 1.15444 1.18377 1.20918 1.23079 1.2488 1.26345 1.27498 1.28366 1.28971 1.2933 1.29452 1.29339 1.28984 1.28373 1.27485 1.26297 1.24782 1.22917 1.20678 1.18049 1.15022 1.11596 1.07785 1.03617 0.991388 0.944147 0.895292 0.845828 0.79687 0.749571 0.705028 0.664187 0.627767 0.596205 0.56964 0.547936 0.530727 0.517486 0.5076 0.500438 0.495402 0.491964 0.489684 0.488215 0.487297 0.48674 0.486414 0.486234 0.486149 0.486127 0.486157 0.486236 0.486369 0.486562 0.486826 0.487163 0.487576 0.488057 0.488591 0.48916 
0.482698 0.483267 0.483799 0.484275 0.484686 0.485025 0.485296 0.485504 0.485658 0.485769 0.485849 0.485908 0.485962 0.48603 0.486145 0.486364 0.486784 0.487563 0.488947 0.491298 0.495109 0.501015 0.509771 0.522203 0.53913 0.561264 0.589096 0.622806 0.6622 0.706694 0.755361 0.807012 0.860313 0.913909 0.966532 1.01708 1.06469 1.10871 1.14874 1.18456 1.21613 1.24353 1.26695 1.28662 1.30284 1.31592 1.32614 1.3338 1.33913 1.34231 1.34344 1.34253 1.33953 1.33429 1.32661 1.31622 1.30284 1.28615 1.26585 1.24165 1.21332 1.1807 1.14374 1.10254 1.0574 1.00886 0.95768 0.904872 0.851634 0.799276 0.749114 0.702353 0.659985 0.622701 0.590855 0.564465 0.543252 0.526716 0.514214 0.505045 0.498523 0.494019 0.491001 0.489037 0.487795 0.487034 0.486584 0.48633 0.486201 0.486155 0.486172 0.486244 0.486372 0.486564 0.486826 0.487164 0.487576 0.488057 0.488591 0.48916 
0.482698 0.483267 0.483799 0.484275 0.484686 0.485025 0.485296 0.485504 0.485658 0.48577 0.485852 0.485916 0.485981 0.486074 0.486239 0.486556 0.487156 0.488252 0.490167 0.493359 0.498442 0.506176 0.517435 0.533134 0.554127 0.581084 0.614375 0.653973 0.699415 0.749813 0.803932 0.860313 0.917415 0.973754 1.02802 1.07917 1.12642 1.1693 1.20757 1.24121 1.27036 1.29527 1.31625 1.33365 1.34783 1.35915 1.36793 1.37448 1.37903 1.38176 1.38277 1.38208 1.37965 1.37532 1.36891 1.36015 1.34872 1.33429 1.31647 1.29488 1.26916 1.23898 1.20412 1.16447 1.12014 1.0715 1.01918 0.96414 0.907596 0.850966 0.795752 0.743409 0.695207 0.652126 0.614774 0.583373 0.557782 0.537567 0.522089 0.510599 0.502329 0.496555 0.492643 0.490071 0.48843 0.487413 0.486804 0.486454 0.48627 0.486192 0.486191 0.486254 0.486377 0.486567 0.486828 0.487164 0.487576 0.488057 0.488591 0.48916 
0.482698 0.483267 0.483799 0.484275 0.484686 0.485025 0.485296 0.485504 0.485659 0.485772 0.485857 0.485928 0.486009 0.486136 0.486369 0.486815 0.487651 0.489153 0.491731 0.495955 0.502561 0.512439 0.526566 0.545918 0.571341 0.603413 0.642323 0.687786 0.739031 0.794849 0.853708 0.913909 0.973754 1.0317 1.08646 1.13708 1.18295 1.22378 1.25954 1.2904 1.31667 1.33874 1.35705 1.37202 1.38408 1.3936 1.40093 1.40636 1.41013 1.41241 1.41329 1.4128 1.41089 1.40745 1.40229 1.39514 1.38571 1.37361 1.35844 1.33975 1.31705 1.28988 1.25784 1.22062 1.17813 1.13051 1.07823 1.02213 0.963371 0.903423 0.843923 0.786543 0.73283 0.684059 0.641131 0.604515 0.574259 0.550038 0.531256 0.517143 0.506866 0.499611 0.494644 0.491344 0.489217 0.487887 0.487082 0.486613 0.486358 0.48624 0.486217 0.486267 0.486384 0.48657 0.486829 0.487165 0.487577 0.488057 0.488592 0.48916 
0.482698 0.483267 0.483799 0.484275 0.484686 0.485025 0.485296 0.485504 0.48566 0.485775 0.485864 0.485945 0.486048 0.486219 0.486542 0.487156 0.48829 0.490295 0.493679 0.499131 0.507515 0.519838 0.537162 0.56049 0.59061 0.627955 0.672477 0.723596 0.780207 0.840783 0.903521 0.966532 1.02802 1.08646 1.14063 1.18976 1.23342 1.27153 1.30426 1.33197 1.35513 1.37426 1.38985 1.40242 1.4124 1.4202 1.42615 1.43053 1.43357 1.43541 1.43616 1.43583 1.4344 1.43175 1.42773 1.42209 1.41454 1.40472 1.39218 1.37643 1.35691 1.33306 1.30431 1.27018 1.23034 1.18471 1.13355 1.07752 1.01768 0.955456 0.892573 0.830871 0.772144 0.717967 0.669549 0.627647 0.592538 0.564058 0.541691 0.524681 0.512152 0.50321 0.497024 0.492874 0.490173 0.488468 0.487425 0.486811 0.486469 0.486301 0.486249 0.486284 0.486393 0.486574 0.486831 0.487166 0.487577 0.488057 0.488592 0.48916 
0.482698 0.483267 0.483799 0.484275 0.484686 0.485025 0.485296 0.485505 0.485662 0.485779 0.485874 0.485968 0.4861 0.48633 0.486766 0.487589 0.489088 0.491699 0.496036 0.502911 0.513313 0.528352 0.54915 0.576693 0.611665 0.6543 0.704273 0.760674 0.822064 0.886613 0.952293 1.01708 1.07917 1.13708 1.18976 1.23662 1.27746 1.3124 1.34183 1.36626 1.38628 1.40251 1.41552 1.42583 1.43391 1.44014 1.44485 1.44829 1.45067 1.45212 1.45273 1.45253 1.4515 1.44953 1.4465 1.44219 1.43632 1.42856 1.41848 1.40554 1.38918 1.36872 1.34348 1.31282 1.2762 1.23333 1.18421 1.12927 1.06942 1.00598 0.940687 0.875486 0.812383 0.753231 0.699558 0.652428 0.612389 0.579482 0.553313 0.533176 0.518175 0.507354 0.499792 0.494669 0.491305 0.489161 0.487839 0.487051 0.486605 0.486376 0.486289 0.486305 0.486403 0.48658 0.486834 0.487167 0.487578 0.488057 0.488592 0.48916 
0.482698 0.483267 0.483799 0.484275 0.484686 0.485025 0.485297 0.485506 0.485664 0.485784 0.485887 0.485999 0.486166 0.48647 0.487046 0.488123 0.490057 0.493377 0.498809 0.507288 0.51992 0.537902 0.562379 0.594282 0.634143 0.681953 0.737075 0.798258 0.863738 0.931418 0.999097 1.06469 1.12642 1.18295 1.23342 1.27746 1.31509 1.34665 1.3727 1.39389 1.41092 1.42446 1.43511 1.44341 1.4498 1.45467 1.4583 1.46094 1.46276 1.46387 1.46436 1.46426 1.46353 1.46212 1.4599 1.4567 1.45227 1.44631 1.4384 1.42803 1.4146 1.39741 1.37569 1.34866 1.3156 1.276 1.22962 1.17664 1.11773 1.05408 0.987343 0.919516 0.852761 0.789181 0.730609 0.678434 0.633502 0.596093 0.56598 0.542538 0.524884 0.512017 0.502936 0.496728 0.492613 0.48997 0.488325 0.487335 0.486767 0.486466 0.486338 0.486331 0.486417 0.486586 0.486837 0.487169 0.487579 0.488058 0.488592 0.489161 
0.482698 0.483267 0.483799 0.484275 0.484686 0.485026 0.485297 0.485507 0.485666 0.485791 0.485903 0.486037 0.48625 0.486642 0.487386 0.488761 0.491199 0.495324 0.501979 0.512219 0.527255 0.548343 0.576624 0.61293 0.657602 0.71035 0.77021 0.835589 0.904423 0.974394 1.04319 1.10871 1.1693 1.22378 1.27153 1.3124 1.34665 1.37481 1.39758 1.41573 1.43001 1.44113 1.44971 1.45628 1.46125 1.46498 1.46773 1.4697 1.47106 1.47189 1.47228 1.47223 1.47174 1.47076 1.46918 1.46687 1.46362 1.45914 1.45308 1.44494 1.43414 1.41996 1.40158 1.37814 1.34876 1.31273 1.26957 1.2192 1.16203 1.09903 1.03175 0.962158 0.892513 0.825124 0.762108 0.705178 0.655494 0.613607 0.579488 0.55263 0.53219 0.517143 0.506425 0.499031 0.49409 0.49089 0.488881 0.487663 0.486955 0.486571 0.486395 0.486361 0.486432 0.486594 0.486841 0.487171 0.487579 0.488058 0.488592 0.489161 
0.482698 0.483267 0.483799 0.484275 0.484686 0.485026 0.485297 0.485508 0.48567 0.4858 0.485924 0.486084 0.48635 0.486847 0.487785 0.489499 0.492502 0.497517 0.505502 0.517624 0.535183 0.559473 0.591593 0.632244 0.681539 0.738891 0.803 0.871947 0.943402 1.01488 1.084 1.14874 1.20757 1.25954 1.30426 1.34183 1.3727 1.39758 1.41729 1.43267 1.44452 1.45356 1.46038 1.4655 1.46931 1.47212 1.47416 1.47561 1.4766 1.47721 1.4775 1.47749 1.47717 1.47651 1.47542 1.47379 1.47146 1.46818 1.46362 1.45736 1.44882 1.4373 1.42198 1.40192 1.37615 1.34377 1.30409 1.25676 1.20193 1.14031 1.07328 1.00271 0.930925 0.860377 0.793438 0.732128 0.677929 0.63168 0.593579 0.563265 0.539963 0.522648 0.510203 0.501547 0.495716 0.49191 0.489503 0.488032 0.487168 0.48669 0.486461 0.486396 0.486451 0.486604 0.486846 0.487173 0.487581 0.488059 0.488592 0.489161 
0.482698 0.483267 0.483799 0.484275 0.484686 0.485026 0.485298 0.48551 0.485674 0.485811 0.485949 0.486139 0.486467 0.487083 0.488237 0.490327 0.493945 0.499916 0.509306 0.523386 0.543527 0.571034 0.606938 0.651779 0.70542 0.766968 0.834791 0.906675 0.980064 1.05235 1.12116 1.18456 1.24121 1.2904 1.33197 1.36626 1.39389 1.41573 1.43267 1.44561 1.45537 1.46265 1.46804 1.47199 1.47487 1.47695 1.47845 1.47949 1.4802 1.48064 1.48086 1.48087 1.48067 1.48023 1.4795 1.47838 1.47674 1.47438 1.47102 1.46627 1.45961 1.45038 1.43775 1.42077 1.39839 1.36958 1.33345 1.28939 1.23729 1.17759 1.11144 1.0406 0.967362 0.894295 0.823983 0.75873 0.700332 0.649924 0.607949 0.574216 0.54804 0.528417 0.514195 0.504225 0.497459 0.493012 0.49018 0.488436 0.487402 0.486823 0.486534 0.486435 0.486471 0.486614 0.486851 0.487176 0.487582 0.488059 0.488593 0.489161 
0.482698 0.483267 0.483799 0.484275 0.484686 0.485026 0.485299 0.485512 0.485679 0.485823 0.485977 0.486202 0.486598 0.487345 0.488735 0.491226 0.495493 0.502459 0.513293 0.529356 0.55207 0.582731 0.622278 0.671067 0.728705 0.793991 0.864985 0.939206 1.01392 1.08644 1.15444 1.21613 1.27036 1.31667 1.35513 1.38628 1.41092 1.43001 1.44452 1.45537 1.46338 1.46922 1.47344 1.47647 1.47863 1.48016 1.48124 1.48199 1.48248 1.48279 1.48295 1.48297 1.48285 1.48257 1.48209 1.48133 1.48021 1.47854 1.47609 1.47254 1.4674 1.46007 1.44975 1.43549 1.41619 1.39073 1.35804 1.31731 1.26813 1.2107 1.14591 1.07536 1.00128 0.926295 0.853161 0.784438 0.722217 0.667928 0.622265 0.585223 0.556228 0.534312 0.518307 0.507004 0.499281 0.494171 0.490896 0.488866 0.487654 0.486966 0.486613 0.486478 0.486494 0.486626 0.486857 0.487179 0.487583 0.48806 0.488593 0.489161 
0.482698 0.483267 0.483799 0.484276 0.484686 0.485027 0.4853 0.485514 0.485685 0.485837 0.486009 0.48627 0.486741 0.487626 0.489262 0.49217 0.497101 0.505073 0.517348 0.535362 0.560574 0.59425 0.637218 0.689644 0.750876 0.819421 0.893056 0.969074 1.0446 1.11692 1.18377 1.24353 1.29527 1.33874 1.37426 1.40251 1.42446 1.44113 1.45356 1.46265 1.46922 1.4739 1.47721 1.47952 1.48114 1.48226 1.48303 1.48355 1.4839 1.48411 1.48423 1.48425 1.48417 1.484 1.48369 1.48319 1.48243 1.48127 1.47951 1.47687 1.47293 1.46714 1.45875 1.44682 1.43024 1.40782 1.37836 1.34084 1.29463 1.23964 1.17651 1.10667 1.03224 0.955875 0.880446 0.808737 0.743112 0.685279 0.636184 0.596015 0.564319 0.540181 0.522429 0.50981 0.501132 0.495356 0.491633 0.489312 0.487915 0.487116 0.486697 0.486523 0.486518 0.486638 0.486863 0.487182 0.487585 0.488061 0.488593 0.489161 
0.482699 0.483267 0.483799 0.484276 0.484686 0.485027 0.485301 0.485517 0.485691 0.485852 0.486043 0.486343 0.48689 0.487917 0.489803 0.493126 0.498716 0.507673 0.521342 0.541224 0.568793 0.605275 0.65138 0.707078 0.771471 0.842796 0.91858 0.995926 1.07186 1.14366 1.20918 1.26695 1.31625 1.35705 1.38985 1.41552 1.43511 1.44971 1.46038 1.46804 1.47344 1.47721 1.4798 1.48158 1.48278 1.4836 1.48415 1.48452 1.48476 1.48491 1.48498 1.485 1.48496 1.48485 1.48466 1.48434 1.48382 1.48302 1.48176 1.47981 1.47681 1.47224 1.46542 1.45543 1.44119 1.42145 1.3949 1.36038 1.31701 1.26448 1.20318 1.13433 1.05994 0.982636 0.905394 0.831175 0.762583 0.701588 0.649374 0.606321 0.572102 0.545867 0.52645 0.512564 0.502961 0.496534 0.49237 0.489759 0.48818 0.487268 0.486782 0.48657 0.486543 0.486651 0.48687 0.487185 0.487586 0.488061 0.488594 0.489161 
0.482699 0.483267 0.483799 0.484276 0.484686 0.485027 0.485302 0.485519 0.485698 0.485867 0.486077 0.486417 0.48704 0.488206 0.490336 0.494063 0.500283 0.510173 0.525151 0.546764 0.576497 0.61552 0.664423 0.722993 0.790103 0.863747 0.94124 1.01953 1.09557 1.16668 1.23079 1.28662 1.33365 1.37202 1.40242 1.42583 1.44341 1.45628 1.4655 1.47199 1.47647 1.47952 1.48158 1.48295 1.48385 1.48445 1.48485 1.4851 1.48527 1.48537 1.48542 1.48544 1.48542 1.48535 1.48523 1.48502 1.48468 1.48413 1.48323 1.48179 1.47949 1.47587 1.4703 1.46191 1.44963 1.43218 1.40819 1.37635 1.33561 1.28543 1.22598 1.15826 1.08417 1.00629 0.927658 0.851378 0.780263 0.716513 0.661535 0.61589 0.579378 0.551217 0.530257 0.515187 0.504713 0.49767 0.493084 0.490196 0.48844 0.487418 0.486867 0.486617 0.486568 0.486664 0.486876 0.487188 0.487588 0.488062 0.488594 0.489161 
0.482699 0.483267 0.483799 0.484276 0.484686 0.485028 0.485303 0.485522 0.485704 0.485882 0.486111 0.486489 0.487184 0.488484 0.490843 0.494945 0.501748 0.512494 0.528659 0.551827 0.583482 0.624738 0.676069 0.737094 0.80648 0.882015 0.960833 1.03976 1.11572 1.18605 1.2488 1.30284 1.34783 1.38408 1.4124 1.43391 1.4498 1.46125 1.46931 1.47487 1.47863 1.48114 1.48278 1.48385 1.48455 1.48499 1.48527 1.48545 1.48557 1.48564 1.48567 1.48568 1.48567 1.48564 1.48556 1.48543 1.4852 1.48482 1.48418 1.4831 1.48132 1.47844 1.47384 1.46673 1.45604 1.4405 1.41869 1.38918 1.35078 1.30274 1.24503 1.17849 1.10485 1.02667 0.947003 0.869072 0.795863 0.729777 0.672416 0.624507 0.585971 0.556095 0.533748 0.517607 0.506339 0.498729 0.493754 0.490608 0.488686 0.487561 0.486948 0.486661 0.486592 0.486677 0.486883 0.487191 0.487589 0.488063 0.488594 0.489162 
