1.22581 1.22617 1.22652 1.22686 1.22718 1.22747 1.22774 1.22798 1.22819 1.22838 1.22854 1.22867 1.22878 1.22887 1.22895 1.22901 1.22905 1.22909 1.22912 1.22914 1.22915 1.22917 1.22918 1.22919 1.2292 1.22921 1.22922 1.22924 1.22925 1.22927 1.22929 1.22932 1.22934 1.22937 1.22941 1.22945 1.22949 1.22953 1.22957 1.22962 1.22967 1.22971 1.22976 1.2298 1.22984 1.22988 1.22992 1.22994 1.22997 1.22998 1.22999 1.22999 1.22999 1.22998 1.22996 1.22993 1.2299 1.22987 1.22983 1.22979 1.22975 1.2297 1.22965 1.22961 1.22956 1.22952 1.22948 1.22944 1.22941 1.22937 1.22935 1.22932 1.2293 1.22928 1.22926 1.22925 1.22924 1.22923 1.22923 1.22923 1.22923 1.22924 1.22926 1.22929 1.22933 1.22938 1.22944 1.22953 1.22963 1.22976 1.22992 1.2301 1.23031 1.23055 1.23082 1.23112 1.23144 1.23178 1.23213 1.23249 
1.22617 1.22653 1.22689 1.22722 1.22754 1.22783 1.2281 1.22834 1.22856 1.22874 1.2289 1.22903 1.22914 1.22923 1.22931 1.22937 1.22941 1.22945 1.22948 1.2295 1.22951 1.22953 1.22954 1.22955 1.22956 1.22957 1.22958 1.22959 1.22961 1.22962 1.22964 1.22967 1.22969 1.22972 1.22975 1.22979 1.22983 1.22987 1.22992 1.22996 1.23001 1.23006 1.2301 1.23015 1.23019 1.23022 1.23026 1.23029 1.23031 1.23032 1.23033 1.23034 1.23033 1.23032 1.2303 1.23028 1.23025 1.23021 1.23017 1.23013 1.23009 1.23004 1.23 1.22995 1.22991 1.22987 1.22983 1.22979 1.22975 1.22972 1.2297 1.22967 1.22965 1.22963 1.22962 1.2296 1.22959 1.22959 1.22959 1.22959 1.22959 1.2296 1.22962 1.22965 1.22969 1.22974 1.2298 1.22989 1.22999 1.23012 1.23028 1.23046 1.23067 1.23091 1.23118 1.23148 1.2318 1.23214 1.23249 1.23285 
1.22652 1.22689 1.22724 1.22757 1.22789 1.22819 1.22845 1.22869 1.22891 1.22909 1.22925 1.22938 1.22949 1.22959 1.22966 1.22972 1.22976 1.2298 1.22983 1.22985 1.22987 1.22988 1.22989 1.2299 1.22991 1.22992 1.22993 1.22995 1.22997 1.22999 1.23001 1.23003 1.23007 1.2301 1.23014 1.23018 1.23023 1.23028 1.23033 1.23039 1.23044 1.2305 1.23055 1.2306 1.23065 1.2307 1.23074 1.23077 1.2308 1.23081 1.23082 1.23083 1.23082 1.23081 1.23078 1.23076 1.23072 1.23068 1.23063 1.23058 1.23053 1.23048 1.23042 1.23037 1.23032 1.23027 1.23022 1.23018 1.23014 1.2301 1.23007 1.23004 1.23001 1.22999 1.22997 1.22996 1.22995 1.22994 1.22994 1.22994 1.22994 1.22996 1.22997 1.23 1.23004 1.23009 1.23015 1.23024 1.23034 1.23047 1.23063 1.23081 1.23102 1.23127 1.23153 1.23183 1.23215 1.23249 1.23284 1.2332 
1.22686 1.22722 1.22757 1.22791 1.22823 1.22852 1.22879 1.22903 1.22924 1.22943 1.22959 1.22972 1.22983 1.22992 1.23 1.23005 1.2301 1.23014 1.23016 1.23019 1.2302 1.23022 1.23023 1.23024 1.23026 1.23027 1.23029 1.23031 1.23033 1.23035 1.23039 1.23042 1.23046 1.23051 1.23056 1.23062 1.23069 1.23075 1.23082 1.2309 1.23097 1.23105 1.23112 1.23119 1.23126 1.23132 1.23137 1.23141 1.23145 1.23147 1.23149 1.23149 1.23148 1.23146 1.23143 1.23139 1.23134 1.23128 1.23122 1.23115 1.23108 1.23101 1.23094 1.23087 1.2308 1.23073 1.23067 1.23061 1.23055 1.2305 1.23046 1.23042 1.23039 1.23036 1.23034 1.23032 1.2303 1.23029 1.23028 1.23028 1.23029 1.2303 1.23031 1.23034 1.23038 1.23043 1.23049 1.23058 1.23068 1.23081 1.23097 1.23115 1.23136 1.2316 1.23187 1.23217 1.23249 1.23282 1.23318 1.23354 
1.22718 1.22754 1.22789 1.22823 1.22854 1.22884 1.22911 1.22935 1.22956 1.22974 1.2299 1.23004 1.23015 1.23024 1.23031 1.23037 1.23042 1.23045 1.23048 1.23051 1.23053 1.23054 1.23056 1.23057 1.23059 1.23061 1.23063 1.23066 1.23069 1.23073 1.23078 1.23083 1.2309 1.23096 1.23104 1.23113 1.23122 1.23132 1.23142 1.23153 1.23164 1.23174 1.23185 1.23195 1.23204 1.23213 1.2322 1.23226 1.23231 1.23234 1.23236 1.23236 1.23235 1.23232 1.23228 1.23222 1.23215 1.23207 1.23198 1.23188 1.23178 1.23167 1.23157 1.23147 1.23136 1.23127 1.23118 1.23109 1.23101 1.23094 1.23088 1.23082 1.23077 1.23073 1.2307 1.23067 1.23065 1.23063 1.23062 1.23061 1.23061 1.23062 1.23064 1.23066 1.2307 1.23075 1.23081 1.23089 1.231 1.23113 1.23128 1.23147 1.23168 1.23192 1.23219 1.23248 1.2328 1.23314 1.23349 1.23385 
1.22747 1.22783 1.22819 1.22852 1.22884 1.22913 1.2294 1.22964 1.22985 1.23004 1.2302 1.23033 1.23044 1.23053 1.23061 1.23067 1.23071 1.23075 1.23078 1.23081 1.23083 1.23085 1.23087 1.23089 1.23092 1.23094 1.23098 1.23102 1.23107 1.23113 1.2312 1.23128 1.23138 1.23148 1.2316 1.23173 1.23186 1.23201 1.23216 1.23232 1.23248 1.23263 1.23279 1.23293 1.23307 1.23319 1.2333 1.23339 1.23346 1.23351 1.23353 1.23353 1.23351 1.23346 1.2334 1.23331 1.23321 1.23309 1.23296 1.23281 1.23266 1.23251 1.23236 1.2322 1.23205 1.23191 1.23178 1.23165 1.23153 1.23143 1.23134 1.23125 1.23118 1.23112 1.23107 1.23102 1.23099 1.23096 1.23094 1.23093 1.23092 1.23093 1.23094 1.23096 1.231 1.23104 1.23111 1.23119 1.23129 1.23142 1.23158 1.23176 1.23197 1.23221 1.23248 1.23278 1.2331 1.23344 1.23379 1.23415 
1.22774 1.2281 1.22845 1.22879 1.22911 1.2294 1.22967 1.22991 1.23012 1.23031 1.23047 1.2306 1.23071 1.2308 1.23088 1.23094 1.23099 1.23102 1.23106 1.23109 1.23111 1.23114 1.23116 1.2312 1.23123 1.23128 1.23133 1.23139 1.23147 1.23156 1.23167 1.23179 1.23193 1.23209 1.23227 1.23246 1.23266 1.23288 1.23311 1.23334 1.23357 1.2338 1.23403 1.23424 1.23444 1.23461 1.23477 1.2349 1.23499 1.23506 1.23509 1.23509 1.23506 1.23499 1.23489 1.23477 1.23461 1.23444 1.23424 1.23403 1.23381 1.23359 1.23336 1.23314 1.23292 1.23271 1.23251 1.23232 1.23215 1.23199 1.23185 1.23173 1.23162 1.23153 1.23145 1.23138 1.23133 1.23129 1.23125 1.23123 1.23122 1.23121 1.23122 1.23124 1.23127 1.23132 1.23138 1.23146 1.23156 1.23169 1.23185 1.23203 1.23224 1.23248 1.23275 1.23305 1.23337 1.2337 1.23406 1.23442 
1.22798 1.22834 1.22869 1.22903 1.22935 1.22964 1.22991 1.23015 1.23036 1.23055 1.23071 1.23084 1.23095 1.23104 1.23112 1.23118 1.23123 1.23127 1.23131 1.23134 1.23137 1.23141 1.23145 1.23149 1.23155 1.23162 1.2317 1.23179 1.23191 1.23205 1.23221 1.2324 1.23261 1.23284 1.2331 1.23339 1.23369 1.23401 1.23434 1.23468 1.23501 1.23535 1.23567 1.23598 1.23626 1.23652 1.23674 1.23692 1.23706 1.23715 1.23719 1.23719 1.23714 1.23704 1.2369 1.23671 1.23649 1.23623 1.23595 1.23565 1.23533 1.235 1.23467 1.23434 1.23402 1.23371 1.23342 1.23315 1.2329 1.23267 1.23246 1.23228 1.23212 1.23198 1.23186 1.23176 1.23168 1.23161 1.23156 1.23152 1.2315 1.23149 1.23149 1.2315 1.23152 1.23157 1.23163 1.23171 1.23181 1.23194 1.23209 1.23227 1.23248 1.23272 1.23299 1.23329 1.23361 1.23394 1.2343 1.23466 
1.22819 1.22856 1.22891 1.22924 1.22956 1.22985 1.23012 1.23036 1.23057 1.23076 1.23092 1.23105 1.23117 1.23126 1.23134 1.2314 1.23145 1.2315 1.23154 1.23158 1.23162 1.23167 1.23173 1.23179 1.23188 1.23198 1.2321 1.23225 1.23242 1.23263 1.23287 1.23315 1.23346 1.2338 1.23418 1.2346 1.23503 1.2355 1.23597 1.23646 1.23694 1.23742 1.23788 1.23832 1.23872 1.23908 1.23939 1.23964 1.23983 1.23996 1.24002 1.24001 1.23993 1.23979 1.23958 1.23932 1.239 1.23863 1.23823 1.2378 1.23734 1.23687 1.2364 1.23592 1.23546 1.23502 1.2346 1.2342 1.23384 1.2335 1.2332 1.23294 1.2327 1.2325 1.23232 1.23218 1.23205 1.23195 1.23187 1.23181 1.23177 1.23174 1.23173 1.23174 1.23176 1.23179 1.23185 1.23193 1.23203 1.23215 1.2323 1.23249 1.2327 1.23294 1.23321 1.2335 1.23382 1.23416 1.23451 1.23487 
1.22838 1.22874 1.22909 1.22943 1.22974 1.23004 1.23031 1.23055 1.23076 1.23095 1.23111 1.23124 1.23135 1.23145 1.23153 1.23159 1.23165 1.2317 1.23175 1.23181 1.23186 1.23193 1.23201 1.23211 1.23223 1.23238 1.23257 1.23279 1.23305 1.23335 1.2337 1.2341 1.23456 1.23506 1.2356 1.23619 1.23682 1.23748 1.23815 1.23884 1.23952 1.24019 1.24084 1.24144 1.242 1.2425 1.24293 1.24328 1.24354 1.24371 1.24379 1.24378 1.24366 1.24346 1.24317 1.24279 1.24234 1.24183 1.24126 1.24065 1.24001 1.23935 1.23868 1.23801 1.23736 1.23673 1.23613 1.23557 1.23505 1.23457 1.23414 1.23375 1.23341 1.23312 1.23286 1.23265 1.23247 1.23232 1.2322 1.23211 1.23204 1.23199 1.23197 1.23196 1.23197 1.232 1.23205 1.23212 1.23222 1.23234 1.23249 1.23267 1.23288 1.23312 1.23339 1.23369 1.234 1.23434 1.23469 1.23505 
1.22854 1.2289 1.22925 1.22959 1.2299 1.2302 1.23047 1.23071 1.23092 1.23111 1.23127 1.2314 1.23152 1.23161 1.2317 1.23177 1.23183 1.23189 1.23195 1.23202 1.2321 1.2322 1.23232 1.23246 1.23264 1.23286 1.23313 1.23345 1.23383 1.23427 1.23478 1.23535 1.236 1.23671 1.23748 1.23832 1.2392 1.24011 1.24105 1.24201 1.24295 1.24388 1.24477 1.2456 1.24637 1.24705 1.24763 1.2481 1.24846 1.24869 1.24879 1.24876 1.2486 1.24831 1.2479 1.24739 1.24676 1.24606 1.24527 1.24443 1.24354 1.24262 1.24169 1.24077 1.23986 1.23898 1.23814 1.23735 1.23662 1.23595 1.23534 1.23479 1.23431 1.23389 1.23352 1.23322 1.23296 1.23274 1.23257 1.23243 1.23232 1.23225 1.2322 1.23217 1.23217 1.23218 1.23223 1.23229 1.23239 1.23251 1.23266 1.23283 1.23304 1.23328 1.23355 1.23385 1.23416 1.2345 1.23485 1.23521 
1.22867 1.22903 1.22938 1.22972 1.23004 1.23033 1.2306 1.23084 1.23105 1.23124 1.2314 1.23154 1.23166 1.23176 1.23184 1.23192 1.232 1.23207 1.23215 1.23224 1.23236 1.23249 1.23266 1.23288 1.23314 1.23346 1.23384 1.2343 1.23484 1.23547 1.23619 1.237 1.23791 1.2389 1.23998 1.24113 1.24234 1.2436 1.24489 1.2462 1.24748 1.24874 1.24994 1.25107 1.2521 1.25301 1.25379 1.25442 1.25489 1.25519 1.25532 1.25527 1.25505 1.25465 1.2541 1.25339 1.25255 1.25158 1.25052 1.24937 1.24816 1.24691 1.24565 1.24438 1.24314 1.24193 1.24077 1.23969 1.23867 1.23774 1.23689 1.23613 1.23545 1.23486 1.23435 1.23391 1.23355 1.23324 1.23299 1.23279 1.23263 1.23251 1.23243 1.23238 1.23236 1.23236 1.23239 1.23245 1.23254 1.23265 1.2328 1.23297 1.23318 1.23342 1.23369 1.23398 1.2343 1.23464 1.23499 1.23535 
1.22878 1.22914 1.22949 1.22983 1.23015 1.23044 1.23071 1.23095 1.23117 1.23135 1.23152 1.23166 1.23178 1.23188 1.23198 1.23207 1.23215 1.23225 1.23236 1.23248 1.23264 1.23284 1.23308 1.23338 1.23376 1.23421 1.23476 1.23541 1.23617 1.23705 1.23805 1.23918 1.24042 1.24179 1.24326 1.24483 1.24648 1.24818 1.24992 1.25167 1.25339 1.25507 1.25667 1.25816 1.25952 1.26072 1.26174 1.26257 1.26318 1.26357 1.26373 1.26366 1.26335 1.26282 1.26208 1.26114 1.26001 1.25873 1.2573 1.25577 1.25415 1.25248 1.25078 1.24908 1.2474 1.24577 1.24421 1.24273 1.24134 1.24007 1.23891 1.23786 1.23693 1.23611 1.23541 1.2348 1.23428 1.23385 1.2335 1.23321 1.23299 1.23281 1.23268 1.2326 1.23254 1.23253 1.23254 1.23259 1.23267 1.23278 1.23292 1.23309 1.2333 1.23353 1.2338 1.23409 1.23441 1.23475 1.2351 1.23546 
1.22887 1.22923 1.22959 1.22992 1.23024 1.23053 1.2308 1.23104 1.23126 1.23145 1.23161 1.23176 1.23188 1.232 1.2321 1.2322 1.23231 1.23243 1.23258 1.23276 1.23298 1.23325 1.2336 1.23403 1.23455 1.23519 1.23596 1.23686 1.23791 1.23912 1.24049 1.24203 1.24372 1.24557 1.24755 1.24965 1.25185 1.25411 1.25641 1.25872 1.26099 1.26318 1.26527 1.26722 1.26898 1.27054 1.27186 1.27293 1.27371 1.27421 1.2744 1.2743 1.27389 1.27319 1.27221 1.27098 1.2695 1.26781 1.26595 1.26393 1.2618 1.2596 1.25735 1.2551 1.25288 1.25071 1.24863 1.24665 1.2448 1.24309 1.24152 1.24011 1.23884 1.23773 1.23676 1.23592 1.23521 1.23462 1.23413 1.23373 1.23341 1.23316 1.23297 1.23283 1.23274 1.2327 1.23269 1.23272 1.23279 1.23289 1.23303 1.23319 1.2334 1.23363 1.23389 1.23419 1.2345 1.23484 1.23519 1.23555 
1.22895 1.22931 1.22966 1.23 1.23031 1.23061 1.23088 1.23112 1.23134 1.23153 1.2317 1.23184 1.23198 1.2321 1.23222 1.23234 1.23248 1.23264 1.23284 1.23308 1.23339 1.23378 1.23426 1.23486 1.23559 1.23647 1.23752 1.23876 1.24019 1.24183 1.24367 1.24573 1.24799 1.25044 1.25307 1.25584 1.25872 1.26168 1.26467 1.26766 1.27059 1.27343 1.27611 1.27861 1.28086 1.28285 1.28453 1.28588 1.28687 1.28748 1.28772 1.28757 1.28704 1.28613 1.28487 1.28328 1.28137 1.2792 1.27679 1.27419 1.27144 1.26858 1.26567 1.26274 1.25983 1.257 1.25427 1.25167 1.24922 1.24695 1.24487 1.24299 1.2413 1.2398 1.2385 1.23737 1.23641 1.23559 1.23492 1.23437 1.23392 1.23357 1.2333 1.2331 1.23297 1.23288 1.23285 1.23286 1.23291 1.23299 1.23312 1.23328 1.23348 1.23371 1.23397 1.23426 1.23458 1.23491 1.23526 1.23562 
1.22901 1.22937 1.22972 1.23005 1.23037 1.23067 1.23094 1.23118 1.2314 1.23159 1.23177 1.23192 1.23207 1.2322 1.23234 1.2325 1.23267 1.23289 1.23315 1.23349 1.23392 1.23445 1.23511 1.23593 1.23693 1.23813 1.23955 1.24122 1.24313 1.24532 1.24777 1.25048 1.25345 1.25666 1.26007 1.26366 1.26738 1.27118 1.27502 1.27883 1.28256 1.28615 1.28954 1.29269 1.29552 1.29801 1.30011 1.30179 1.30302 1.30378 1.30406 1.30386 1.30317 1.30202 1.30042 1.2984 1.29599 1.29324 1.29018 1.28688 1.28338 1.27974 1.27601 1.27226 1.26854 1.26489 1.26136 1.25799 1.25481 1.25185 1.24913 1.24665 1.24443 1.24245 1.24072 1.23921 1.23793 1.23684 1.23593 1.23518 1.23457 1.23409 1.23371 1.23343 1.23322 1.23309 1.23301 1.23299 1.23302 1.23309 1.23321 1.23336 1.23355 1.23378 1.23404 1.23432 1.23464 1.23497 1.23532 1.23568 
1.22905 1.22941 1.22976 1.2301 1.23042 1.23071 1.23099 1.23123 1.23145 1.23165 1.23183 1.232 1.23215 1.23231 1.23248 1.23267 1.23291 1.23319 1.23355 1.23401 1.23459 1.23532 1.23622 1.23733 1.23867 1.24028 1.24217 1.24438 1.2469 1.24977 1.25296 1.25649 1.26033 1.26445 1.26882 1.27339 1.27812 1.28293 1.28776 1.29254 1.29721 1.30169 1.30591 1.3098 1.31331 1.31638 1.31896 1.32102 1.32252 1.32344 1.32377 1.3235 1.32264 1.3212 1.31921 1.31669 1.3137 1.31026 1.30645 1.30233 1.29794 1.29338 1.2887 1.28397 1.27926 1.27463 1.27015 1.26585 1.26178 1.25798 1.25447 1.25126 1.24837 1.2458 1.24353 1.24155 1.23985 1.23841 1.2372 1.2362 1.23539 1.23473 1.23422 1.23383 1.23354 1.23333 1.23321 1.23314 1.23314 1.23319 1.23329 1.23343 1.23361 1.23383 1.23409 1.23438 1.23469 1.23502 1.23537 1.23573 
1.22909 1.22945 1.2298 1.23014 1.23045 1.23075 1.23102 1.23127 1.2315 1.2317 1.23189 1.23207 1.23225 1.23243 1.23264 1.23289 1.23319 1.23357 1.23406 1.23467 1.23545 1.23643 1.23764 1.23912 1.2409 1.24302 1.2455 1.24838 1.25166 1.25536 1.25947 1.26397 1.26886 1.27407 1.27958 1.28532 1.29122 1.29721 1.3032 1.30911 1.31485 1.32035 1.32551 1.33026 1.33452 1.33825 1.34137 1.34385 1.34566 1.34675 1.34713 1.34679 1.34572 1.34396 1.34152 1.33844 1.33477 1.33057 1.3259 1.32082 1.31543 1.30979 1.304 1.29814 1.29228 1.2865 1.28088 1.27548 1.27035 1.26554 1.26107 1.25699 1.25328 1.24997 1.24704 1.24449 1.24228 1.2404 1.23881 1.23749 1.23641 1.23554 1.23485 1.23432 1.23392 1.23363 1.23343 1.23332 1.23328 1.2333 1.23338 1.2335 1.23367 1.23389 1.23414 1.23442 1.23473 1.23506 1.23541 1.23577 
1.22912 1.22948 1.22983 1.23016 1.23048 1.23078 1.23106 1.23131 1.23154 1.23175 1.23195 1.23215 1.23236 1.23258 1.23284 1.23315 1.23355 1.23406 1.2347 1.23552 1.23656 1.23786 1.23945 1.24139 1.24372 1.24647 1.24968 1.25338 1.25757 1.26228 1.26747 1.27315 1.27927 1.28577 1.29261 1.2997 1.30695 1.31428 1.32159 1.32878 1.33574 1.34237 1.34858 1.35428 1.35939 1.36383 1.36755 1.3705 1.37263 1.37392 1.37435 1.37392 1.37263 1.3705 1.36757 1.36386 1.35945 1.35439 1.34875 1.34261 1.33608 1.32923 1.32218 1.31501 1.30783 1.30073 1.29379 1.2871 1.28073 1.27472 1.26913 1.26399 1.25932 1.25512 1.25139 1.24813 1.24529 1.24287 1.24082 1.23911 1.2377 1.23656 1.23565 1.23493 1.23439 1.23399 1.23371 1.23353 1.23344 1.23342 1.23347 1.23358 1.23373 1.23394 1.23418 1.23446 1.23476 1.23509 1.23544 1.2358 
1.22914 1.2295 1.22985 1.23019 1.23051 1.23081 1.23109 1.23134 1.23158 1.23181 1.23202 1.23224 1.23248 1.23276 1.23308 1.23349 1.23401 1.23467 1.23552 1.23661 1.23797 1.23966 1.24173 1.24424 1.24724 1.25076 1.25485 1.25953 1.26482 1.27071 1.27719 1.28423 1.29177 1.29976 1.30812 1.31674 1.32553 1.33437 1.34315 1.35175 1.36004 1.36793 1.37528 1.38201 1.38803 1.39325 1.39761 1.40106 1.40354 1.40503 1.40552 1.40499 1.40345 1.40094 1.39746 1.39309 1.38786 1.38186 1.37517 1.36787 1.36007 1.35189 1.34342 1.3348 1.32613 1.31753 1.30909 1.30093 1.29311 1.28573 1.27882 1.27245 1.26663 1.26138 1.2567 1.25258 1.249 1.24592 1.2433 1.24111 1.2393 1.23782 1.23663 1.2357 1.23497 1.23443 1.23404 1.23378 1.23362 1.23356 1.23358 1.23366 1.2338 1.23398 1.23422 1.23449 1.23479 1.23512 1.23546 1.23582 
1.22915 1.22951 1.22987 1.2302 1.23053 1.23083 1.23111 1.23137 1.23162 1.23186 1.2321 1.23236 1.23264 1.23298 1.23339 1.23392 1.23459 1.23545 1.23656 1.23797 1.23973 1.24191 1.24457 1.24777 1.25157 1.25601 1.26115 1.26699 1.27355 1.28083 1.28879 1.29739 1.30657 1.31623 1.32629 1.33662 1.34711 1.35761 1.368 1.37813 1.38787 1.39709 1.40567 1.41349 1.42047 1.42651 1.43154 1.43551 1.43836 1.44006 1.4406 1.43997 1.43818 1.43524 1.43121 1.42612 1.42003 1.41303 1.40521 1.39666 1.38751 1.37787 1.36787 1.35765 1.34733 1.33706 1.32695 1.31712 1.30768 1.29872 1.29031 1.28251 1.27537 1.26889 1.2631 1.25797 1.25349 1.24963 1.24633 1.24356 1.24126 1.23937 1.23785 1.23664 1.2357 1.23498 1.23446 1.23409 1.23385 1.23373 1.2337 1.23375 1.23386 1.23404 1.23426 1.23452 1.23482 1.23514 1.23548 1.23584 
1.22917 1.22953 1.22988 1.23022 1.23054 1.23085 1.23114 1.23141 1.23167 1.23193 1.2322 1.23249 1.23284 1.23325 1.23378 1.23445 1.23532 1.23643 1.23786 1.23966 1.24191 1.24468 1.24804 1.25207 1.25682 1.26235 1.26871 1.2759 1.28393 1.29279 1.30243 1.31279 1.32379 1.33531 1.34725 1.35945 1.37177 1.38406 1.39617 1.40792 1.41919 1.42981 1.43966 1.44863 1.45659 1.46348 1.46919 1.47369 1.47691 1.47882 1.47942 1.47868 1.47663 1.47327 1.46865 1.46283 1.45586 1.44782 1.43882 1.42897 1.41838 1.4072 1.39556 1.38362 1.37153 1.35943 1.34749 1.33582 1.32457 1.31385 1.30374 1.29433 1.28566 1.27778 1.27069 1.2644 1.25887 1.25409 1.24999 1.24653 1.24364 1.24126 1.23933 1.23779 1.23658 1.23566 1.23496 1.23447 1.23413 1.23394 1.23385 1.23386 1.23394 1.2341 1.2343 1.23455 1.23484 1.23516 1.2355 1.23585 
1.22918 1.22954 1.22989 1.23023 1.23056 1.23087 1.23116 1.23145 1.23173 1.23201 1.23232 1.23266 1.23308 1.2336 1.23426 1.23511 1.23622 1.23764 1.23945 1.24173 1.24457 1.24804 1.25224 1.25724 1.2631 1.26989 1.27765 1.28637 1.29607 1.30671 1.31822 1.33053 1.34353 1.35708 1.37103 1.38524 1.39952 1.41369 1.42759 1.44104 1.45387 1.46593 1.47708 1.48719 1.49615 1.50387 1.51027 1.51528 1.51887 1.521 1.52165 1.52081 1.51849 1.51471 1.50952 1.50296 1.4951 1.48602 1.47583 1.46463 1.45257 1.43979 1.42644 1.41269 1.39871 1.38467 1.37075 1.3571 1.34387 1.3312 1.31921 1.30799 1.29762 1.28815 1.27959 1.27196 1.26523 1.25938 1.25435 1.25007 1.24649 1.24354 1.24112 1.23919 1.23766 1.23648 1.23558 1.23493 1.23448 1.23419 1.23403 1.23399 1.23404 1.23416 1.23435 1.23459 1.23487 1.23518 1.23552 1.23587 
1.22919 1.22955 1.2299 1.23024 1.23057 1.23089 1.2312 1.23149 1.23179 1.23211 1.23246 1.23288 1.23338 1.23403 1.23486 1.23593 1.23733 1.23912 1.24139 1.24424 1.24777 1.25207 1.25724 1.26336 1.2705 1.27872 1.28806 1.29852 1.31007 1.32267 1.33624 1.35066 1.36581 1.38152 1.39762 1.41392 1.43023 1.44636 1.46209 1.47725 1.49165 1.50514 1.51757 1.52881 1.53874 1.54727 1.55433 1.55985 1.56379 1.56612 1.56682 1.56588 1.56331 1.55914 1.55339 1.54612 1.53739 1.52729 1.51591 1.50339 1.48985 1.47545 1.46035 1.44474 1.4288 1.41273 1.39672 1.38095 1.3656 1.35083 1.33679 1.32359 1.31134 1.30008 1.28988 1.28074 1.27265 1.26557 1.25947 1.25426 1.24988 1.24624 1.24326 1.24086 1.23895 1.23746 1.23633 1.23549 1.23489 1.23449 1.23425 1.23415 1.23415 1.23424 1.23441 1.23463 1.2349 1.2352 1.23553 1.23588 
1.2292 1.22956 1.22991 1.23026 1.23059 1.23092 1.23123 1.23155 1.23188 1.23223 1.23264 1.23314 1.23376 1.23455 1.23559 1.23693 1.23867 1.2409 1.24372 1.24724 1.25157 1.25682 1.2631 1.2705 1.27909 1.28892 1.30002 1.31239 1.32597 1.3407 1.35648 1.37316 1.39058 1.40856 1.42688 1.44535 1.46373 1.48181 1.49937 1.51622 1.53217 1.54704 1.5607 1.57301 1.58385 1.59315 1.60082 1.60681 1.61108 1.6136 1.61434 1.61332 1.61052 1.60597 1.59971 1.59177 1.58223 1.57116 1.55866 1.54485 1.52987 1.51387 1.49703 1.47955 1.46163 1.44347 1.4253 1.40731 1.38973 1.37273 1.35649 1.34115 1.32684 1.31364 1.30162 1.2908 1.28118 1.27273 1.26541 1.25914 1.25384 1.24942 1.24578 1.24284 1.24048 1.23864 1.23722 1.23615 1.23538 1.23485 1.23451 1.23433 1.23428 1.23434 1.23447 1.23468 1.23493 1.23523 1.23555 1.23589 
1.22921 1.22957 1.22992 1.23027 1.23061 1.23094 1.23128 1.23162 1.23198 1.23238 1.23286 1.23346 1.23421 1.23519 1.23647 1.23813 1.24028 1.24302 1.24647 1.25076 1.25601 1.26235 1.26989 1.27872 1.28892 1.30053 1.31357 1.328 1.34377 1.36078 1.3789 1.39794 1.41773 1.43803 1.45862 1.47925 1.49969 1.51969 1.53904 1.55751 1.57493 1.5911 1.6059 1.61919 1.63087 1.64086 1.64908 1.65549 1.66005 1.66273 1.66352 1.66242 1.65942 1.65455 1.64783 1.63931 1.62903 1.61707 1.60353 1.58852 1.57217 1.55465 1.53613 1.51681 1.49691 1.47666 1.4563 1.43605 1.41615 1.39682 1.37826 1.36065 1.34414 1.32885 1.31484 1.30218 1.29087 1.2809 1.27221 1.26475 1.25841 1.2531 1.24872 1.24515 1.24228 1.24002 1.23827 1.23694 1.23597 1.23528 1.23483 1.23456 1.23444 1.23445 1.23455 1.23473 1.23497 1.23525 1.23557 1.23591 
1.22922 1.22958 1.22993 1.23029 1.23063 1.23098 1.23133 1.2317 1.2321 1.23257 1.23313 1.23384 1.23476 1.23596 1.23752 1.23955 1.24217 1.2455 1.24968 1.25485 1.26115 1.26871 1.27765 1.28806 1.30002 1.31357 1.32869 1.34534 1.36343 1.38283 1.40337 1.42485 1.44704 1.46969 1.49253 1.5153 1.53774 1.55959 1.58061 1.6006 1.61936 1.63672 1.65254 1.66669 1.6791 1.68967 1.69836 1.70512 1.70993 1.71275 1.71358 1.71242 1.70927 1.70413 1.69704 1.68801 1.6771 1.66437 1.64991 1.63382 1.61622 1.59729 1.57718 1.55611 1.53431 1.51201 1.48946 1.46694 1.44469 1.42297 1.40201 1.38203 1.3632 1.34566 1.32954 1.31489 1.30175 1.2901 1.27992 1.27112 1.26363 1.25732 1.25209 1.24781 1.24436 1.24163 1.2395 1.23787 1.23666 1.23579 1.23519 1.23482 1.23463 1.23458 1.23464 1.23479 1.23501 1.23528 1.23559 1.23592 
1.22924 1.22959 1.22995 1.23031 1.23066 1.23102 1.23139 1.23179 1.23225 1.23279 1.23345 1.2343 1.23541 1.23686 1.23876 1.24122 1.24438 1.24838 1.25338 1.25953 1.26699 1.2759 1.28637 1.29852 1.31239 1.328 1.34534 1.36432 1.38483 1.4067 1.42973 1.45367 1.47826 1.50322 1.52825 1.55307 1.5774 1.60097 1.62354 1.64489 1.66484 1.68322 1.6999 1.71478 1.72778 1.73883 1.74789 1.75493 1.75992 1.76286 1.76373 1.76253 1.75926 1.75393 1.74654 1.73713 1.72572 1.71236 1.69712 1.68011 1.66142 1.64122 1.61967 1.59698 1.57338 1.54912 1.52446 1.4997 1.47511 1.45099 1.42758 1.40515 1.38391 1.36404 1.34567 1.3289 1.31379 1.30034 1.28853 1.27828 1.26951 1.2621 1.25593 1.25085 1.24675 1.24347 1.24091 1.23894 1.23746 1.23638 1.23562 1.23513 1.23485 1.23474 1.23475 1.23487 1.23506 1.23532 1.23561 1.23594 
1.22925 1.22961 1.22997 1.23033 1.23069 1.23107 1.23147 1.23191 1.23242 1.23305 1.23383 1.23484 1.23617 1.23791 1.24019 1.24313 1.2469 1.25166 1.25757 1.26482 1.27355 1.28393 1.29607 1.31007 1.32597 1.34377 1.36343 1.38483 1.40782 1.4322 1.45772 1.4841 1.51105 1.53824 1.56536 1.5921 1.61817 1.64329 1.66722 1.68975 1.71069 1.72991 1.74729 1.76273 1.77617 1.78756 1.79688 1.80411 1.80924 1.81226 1.81316 1.81195 1.80861 1.80316 1.79559 1.7859 1.77413 1.7603 1.74447 1.72671 1.70712 1.68584 1.66303 1.63889 1.61365 1.58755 1.5609 1.53398 1.50712 1.48061 1.45476 1.42985 1.40615 1.38386 1.36315 1.34416 1.32697 1.3116 1.29803 1.28621 1.27605 1.26744 1.26023 1.25428 1.24944 1.24557 1.24252 1.24016 1.23837 1.23706 1.23612 1.23549 1.23511 1.23492 1.23488 1.23496 1.23512 1.23536 1.23564 1.23596 
1.22927 1.22962 1.22999 1.23035 1.23073 1.23113 1.23156 1.23205 1.23263 1.23335 1.23427 1.23547 1.23705 1.23912 1.24183 1.24532 1.24977 1.25536 1.26228 1.27071 1.28083 1.29279 1.30671 1.32267 1.3407 1.36078 1.38283 1.4067 1.4322 1.45908 1.48706 1.51582 1.54503 1.57433 1.60338 1.63187 1.65949 1.68595 1.71103 1.73453 1.75626 1.77611 1.79398 1.8098 1.82353 1.83513 1.8446 1.85194 1.85713 1.8602 1.86113 1.85992 1.85657 1.85107 1.84342 1.8336 1.82162 1.80749 1.79125 1.77295 1.75267 1.73053 1.70667 1.68128 1.65459 1.62684 1.59834 1.5694 1.54035 1.51153 1.48328 1.45591 1.42973 1.40498 1.38187 1.36058 1.34121 1.32382 1.30839 1.2949 1.28325 1.27333 1.265 1.25809 1.25246 1.24792 1.24433 1.24154 1.23941 1.23783 1.23669 1.2359 1.2354 1.23513 1.23503 1.23506 1.23519 1.23541 1.23568 1.23598 
1.22929 1.22964 1.23001 1.23039 1.23078 1.2312 1.23167 1.23221 1.23287 1.2337 1.23478 1.23619 1.23805 1.24049 1.24367 1.24777 1.25296 1.25947 1.26747 1.27719 1.28879 1.30243 1.31822 1.33624 1.35648 1.3789 1.40337 1.42973 1.45772 1.48706 1.51743 1.54846 1.57978 1.61103 1.64184 1.67186 1.7008 1.72839 1.75438 1.7786 1.8009 1.82117 1.83933 1.85535 1.86919 1.88086 1.89037 1.89771 1.90292 1.906 1.90695 1.90577 1.90246 1.897 1.88936 1.87953 1.8675 1.85326 1.8368 1.81818 1.79743 1.77466 1.74999 1.72359 1.69567 1.66648 1.63633 1.60553 1.57444 1.54342 1.51285 1.48307 1.45442 1.42721 1.40168 1.37804 1.35643 1.33693 1.31956 1.3043 1.29108 1.27977 1.27022 1.26229 1.25578 1.25052 1.24634 1.24307 1.24057 1.23869 1.23732 1.23637 1.23574 1.23536 1.23519 1.23517 1.23527 1.23546 1.23571 1.23601 
1.22932 1.22967 1.23003 1.23042 1.23083 1.23128 1.23179 1.2324 1.23315 1.2341 1.23535 1.237 1.23918 1.24203 1.24573 1.25048 1.25649 1.26397 1.27315 1.28423 1.29739 1.31279 1.33053 1.35066 1.37316 1.39794 1.42485 1.45367 1.4841 1.51582 1.54846 1.58162 1.61489 1.64788 1.68022 1.71155 1.74158 1.77003 1.79669 1.8214 1.84402 1.86449 1.88274 1.89877 1.91258 1.92418 1.9336 1.94088 1.94603 1.94909 1.95005 1.94893 1.9457 1.94034 1.93283 1.92312 1.91119 1.897 1.88054 1.8618 1.84082 1.81766 1.79243 1.76526 1.73636 1.70597 1.67438 1.64193 1.60898 1.57591 1.54313 1.51103 1.47999 1.45034 1.42239 1.39638 1.37249 1.35083 1.33146 1.31436 1.29948 1.2867 1.27588 1.26685 1.25941 1.25337 1.24855 1.24477 1.24185 1.23965 1.23803 1.23688 1.23611 1.23563 1.23538 1.2353 1.23536 1.23552 1.23576 1.23604 
1.22934 1.22969 1.23007 1.23046 1.2309 1.23138 1.23193 1.23261 1.23346 1.23456 1.236 1.23791 1.24042 1.24372 1.24799 1.25345 1.26033 1.26886 1.27927 1.29177 1.30657 1.32379 1.34353 1.36581 1.39058 1.41773 1.44704 1.47826 1.51105 1.54503 1.57978 1.61489 1.64991 1.68443 1.71806 1.75045 1.7813 1.81037 1.83745 1.8624 1.88512 1.90557 1.92372 1.93959 1.9532 1.96461 1.97385 1.98097 1.98602 1.98902 1.98999 1.98893 1.98582 1.98065 1.97335 1.96388 1.95219 1.93823 1.92194 1.9033 1.88231 1.85901 1.83346 1.80578 1.77616 1.74482 1.71204 1.67816 1.64355 1.60862 1.57379 1.53949 1.50615 1.47413 1.4438 1.41543 1.38924 1.3654 1.34398 1.325 1.30841 1.2941 1.28194 1.27174 1.26331 1.25645 1.25095 1.24662 1.24325 1.2407 1.23881 1.23745 1.23652 1.23592 1.23559 1.23545 1.23546 1.23559 1.2358 1.23608 
1.22937 1.22972 1.2301 1.23051 1.23096 1.23148 1.23209 1.23284 1.2338 1.23506 1.23671 1.2389 1.24179 1.24557 1.25044 1.25666 1.26445 1.27407 1.28577 1.29976 1.31623 1.33531 1.35708 1.38152 1.40856 1.43803 1.46969 1.50322 1.53824 1.57433 1.61103 1.64788 1.68443 1.72024 1.75491 1.7881 1.81953 1.84895 1.8762 1.90117 1.92377 1.94401 1.96188 1.97743 1.99071 2.0018 2.01076 2.01766 2.02255 2.02547 2.02644 2.02546 2.02252 2.01757 2.01057 2.00145 1.99013 1.97654 1.9606 1.94225 1.92147 1.89825 1.87263 1.8447 1.81462 1.78258 1.74887 1.7138 1.67775 1.64116 1.60446 1.56813 1.5326 1.49832 1.46567 1.43498 1.40653 1.3805 1.35701 1.33611 1.31777 1.30189 1.28834 1.27693 1.26748 1.25975 1.25353 1.2486 1.24477 1.24184 1.23966 1.23807 1.23697 1.23624 1.23581 1.23561 1.23557 1.23567 1.23586 1.23612 
1.22941 1.22975 1.23014 1.23056 1.23104 1.2316 1.23227 1.2331 1.23418 1.2356 1.23748 1.23998 1.24326 1.24755 1.25307 1.26007 1.26882 1.27958 1.29261 1.30812 1.32629 1.34725 1.37103 1.39762 1.42688 1.45862 1.49253 1.52825 1.56536 1.60338 1.64184 1.68022 1.71806 1.75491 1.79038 1.82412 1.85587 1.88541 1.91261 1.93737 1.95966 1.9795 1.99694 2.01203 2.02487 2.03555 2.04415 2.05076 2.05545 2.05826 2.05922 2.05834 2.05558 2.05092 2.04428 2.03559 2.02475 2.01166 1.99621 1.97833 1.95795 1.93503 1.90957 1.88163 1.85133 1.81886 1.78446 1.74845 1.71121 1.67317 1.63481 1.59661 1.55905 1.52262 1.48775 1.45482 1.42415 1.39596 1.37042 1.34759 1.32747 1.31 1.29502 1.28238 1.27186 1.26322 1.25625 1.25071 1.24638 1.24305 1.24056 1.23874 1.23745 1.23659 1.23606 1.23578 1.23569 1.23575 1.23592 1.23616 
1.22945 1.22979 1.23018 1.23062 1.23113 1.23173 1.23246 1.23339 1.2346 1.23619 1.23832 1.24113 1.24483 1.24965 1.25584 1.26366 1.27339 1.28532 1.2997 1.31674 1.33662 1.35945 1.38524 1.41392 1.44535 1.47925 1.5153 1.55307 1.5921 1.63187 1.67186 1.71155 1.75045 1.7881 1.82412 1.85818 1.89002 1.91946 1.9464 1.97077 1.99258 2.01187 2.02873 2.04326 2.05555 2.06574 2.07392 2.0802 2.08466 2.08734 2.08828 2.08749 2.08495 2.0806 2.07438 2.06619 2.05591 2.04342 2.0286 2.01133 1.99151 1.96907 1.94398 1.91625 1.88597 1.8533 1.81846 1.78176 1.74356 1.70432 1.6645 1.62462 1.58521 1.54678 1.50981 1.47473 1.44191 1.41161 1.38404 1.3593 1.33742 1.31834 1.30193 1.28802 1.27641 1.26685 1.2591 1.25292 1.24807 1.24434 1.24152 1.23945 1.23797 1.23696 1.23632 1.23597 1.23582 1.23584 1.23598 1.23621 
1.22949 1.22983 1.23023 1.23069 1.23122 1.23186 1.23266 1.23369 1.23503 1.23682 1.2392 1.24234 1.24648 1.25185 1.25872 1.26738 1.27812 1.29122 1.30695 1.32553 1.34711 1.37177 1.39952 1.43023 1.46373 1.49969 1.53774 1.5774 1.61817 1.65949 1.7008 1.74158 1.7813 1.81953 1.85587 1.89002 1.92174 1.9509 1.97739 2.00121 2.0224 2.04103 2.05721 2.07108 2.08276 2.0924 2.10012 2.10603 2.11022 2.11276 2.11368 2.11299 2.11067 2.10666 2.10088 2.09323 2.08358 2.07178 2.05768 2.04114 2.02202 2.00022 1.97566 1.94834 1.91829 1.88564 1.85059 1.81343 1.77451 1.73427 1.69321 1.65187 1.61078 1.57052 1.53159 1.49449 1.4596 1.42727 1.39773 1.37112 1.34749 1.32681 1.30897 1.29379 1.28108 1.27058 1.26205 1.25522 1.24984 1.24567 1.24252 1.24019 1.23851 1.23735 1.2366 1.23616 1.23596 1.23594 1.23605 1.23626 
1.22953 1.22987 1.23028 1.23075 1.23132 1.23201 1.23288 1.23401 1.2355 1.23748 1.24011 1.2436 1.24818 1.25411 1.26168 1.27118 1.28293 1.29721 1.31428 1.33437 1.35761 1.38406 1.41369 1.44636 1.48181 1.51969 1.55959 1.60097 1.64329 1.68595 1.72839 1.77003 1.81037 1.84895 1.88541 1.91946 1.9509 1.97959 2.0055 2.02865 2.04911 2.06698 2.08241 2.09556 2.10658 2.11563 2.12285 2.12837 2.13229 2.13467 2.13557 2.13498 2.13288 2.12922 2.12391 2.11683 2.10783 2.09677 2.08346 2.06773 2.04942 2.02837 2.0045 1.97774 1.9481 1.91567 1.88061 1.8432 1.80378 1.76278 1.72069 1.67807 1.63551 1.59358 1.55285 1.51385 1.47703 1.44276 1.41132 1.3829 1.35757 1.33532 1.31606 1.29963 1.28582 1.27438 1.26505 1.25756 1.25164 1.24705 1.24355 1.24095 1.23907 1.23776 1.23689 1.23637 1.2361 1.23604 1.23612 1.23631 
1.22957 1.22992 1.23033 1.23082 1.23142 1.23216 1.23311 1.23434 1.23597 1.23815 1.24105 1.24489 1.24992 1.25641 1.26467 1.27502 1.28776 1.3032 1.32159 1.34315 1.368 1.39617 1.42759 1.46209 1.49937 1.53904 1.58061 1.62354 1.66722 1.71103 1.75438 1.79669 1.83745 1.8762 1.91261 1.9464 1.97739 2.0055 2.03072 2.05311 2.07275 2.08981 2.10445 2.11684 2.12717 2.13562 2.14233 2.14745 2.15109 2.15331 2.15417 2.15367 2.1518 2.14849 2.14364 2.13714 2.12883 2.11853 2.10604 2.09118 2.07374 2.05354 2.03046 2.00438 1.97529 1.94324 1.90836 1.87089 1.83116 1.78959 1.74668 1.70299 1.65914 1.61573 1.57336 1.53262 1.49398 1.45789 1.42465 1.39449 1.36752 1.34375 1.32311 1.30544 1.29055 1.27819 1.26807 1.25993 1.25347 1.24844 1.2446 1.24173 1.23964 1.23817 1.23719 1.23658 1.23625 1.23614 1.23619 1.23637 
1.22962 1.22996 1.23039 1.2309 1.23153 1.23232 1.23334 1.23468 1.23646 1.23884 1.24201 1.2462 1.25167 1.25872 1.26766 1.27883 1.29254 1.30911 1.32878 1.35175 1.37813 1.40792 1.44104 1.47725 1.51622 1.55751 1.6006 1.64489 1.68975 1.73453 1.7786 1.8214 1.8624 1.90117 1.93737 1.97077 2.00121 2.02865 2.05311 2.07466 2.09346 2.10967 2.12349 2.13512 2.14476 2.1526 2.15881 2.16354 2.16689 2.16895 2.16977 2.16936 2.1677 2.16473 2.16034 2.15441 2.14677 2.13724 2.12559 2.11161 2.09508 2.07579 2.05356 2.02826 1.99983 1.96829 1.93373 1.89636 1.85649 1.81453 1.77098 1.72642 1.68145 1.63674 1.59291 1.55057 1.51027 1.47248 1.43755 1.40575 1.37721 1.35199 1.33002 1.31117 1.29523 1.28196 1.27107 1.26228 1.25529 1.24984 1.24566 1.24252 1.24022 1.23859 1.23749 1.23679 1.2364 1.23625 1.23627 1.23642 
1.22967 1.23001 1.23044 1.23097 1.23164 1.23248 1.23357 1.23501 1.23694 1.23952 1.24295 1.24748 1.25339 1.26099 1.27059 1.28256 1.29721 1.31485 1.33574 1.36004 1.38787 1.41919 1.45387 1.49165 1.53217 1.57493 1.61936 1.66484 1.71069 1.75626 1.8009 1.84402 1.88512 1.92377 1.95966 1.99258 2.0224 2.04911 2.07275 2.09346 2.1114 2.12676 2.13977 2.15065 2.15961 2.16686 2.17258 2.17692 2.18 2.1819 2.18268 2.18236 2.1809 2.17824 2.17429 2.16891 2.16193 2.15313 2.14231 2.12921 2.1136 2.09523 2.07389 2.04943 2.02173 1.99078 1.95665 1.91951 1.87964 1.83746 1.79344 1.74816 1.70227 1.65642 1.61129 1.56753 1.52572 1.48636 1.44987 1.41653 1.38653 1.35993 1.3367 1.31671 1.29977 1.28563 1.274 1.26458 1.25708 1.25121 1.24669 1.24329 1.24079 1.23901 1.23779 1.237 1.23655 1.23635 1.23635 1.23648 
1.22971 1.23006 1.2305 1.23105 1.23174 1.23263 1.2338 1.23535 1.23742 1.24019 1.24388 1.24874 1.25507 1.26318 1.27343 1.28615 1.30169 1.32035 1.34237 1.36793 1.39709 1.42981 1.46593 1.50514 1.54704 1.5911 1.63672 1.68322 1.72991 1.77611 1.82117 1.86449 1.90557 1.94401 1.9795 2.01187 2.04103 2.06698 2.08981 2.10967 2.12676 2.1413 2.15353 2.16368 2.172 2.1787 2.18395 2.18792 2.19074 2.19249 2.19323 2.19298 2.1917 2.18934 2.1858 2.18093 2.17457 2.16648 2.15645 2.1442 2.12948 2.11202 2.09158 2.06797 2.04104 2.01074 1.97711 1.94029 1.90055 1.85827 1.81392 1.76809 1.72142 1.67461 1.62835 1.58332 1.54015 1.49938 1.46145 1.42671 1.39535 1.36747 1.34306 1.32201 1.30412 1.28915 1.27681 1.26681 1.25881 1.25254 1.2477 1.24405 1.24135 1.23941 1.23808 1.23721 1.2367 1.23646 1.23642 1.23654 
1.22976 1.2301 1.23055 1.23112 1.23185 1.23279 1.23403 1.23567 1.23788 1.24084 1.24477 1.24994 1.25667 1.26527 1.27611 1.28954 1.30591 1.32551 1.34858 1.37528 1.40567 1.43966 1.47708 1.51757 1.5607 1.6059 1.65254 1.6999 1.74729 1.79398 1.83933 1.88274 1.92372 1.96188 1.99694 2.02873 2.05721 2.08241 2.10445 2.12349 2.13977 2.15353 2.16502 2.1745 2.18222 2.18839 2.19322 2.19685 2.19943 2.20104 2.20174 2.20154 2.20043 2.19834 2.19517 2.19078 2.18498 2.17756 2.16826 2.15682 2.14295 2.12636 2.10679 2.08401 2.05786 2.02823 1.99514 1.95871 1.91917 1.87689 1.83233 1.78608 1.73878 1.69116 1.64393 1.59779 1.55342 1.51139 1.47217 1.43615 1.40356 1.37451 1.34901 1.32698 1.30821 1.29247 1.27948 1.26891 1.26046 1.2538 1.24866 1.24477 1.24188 1.2398 1.23836 1.23741 1.23684 1.23656 1.23649 1.23659 
1.2298 1.23015 1.2306 1.23119 1.23195 1.23293 1.23424 1.23598 1.23832 1.24144 1.2456 1.25107 1.25816 1.26722 1.27861 1.29269 1.3098 1.33026 1.35428 1.38201 1.41349 1.44863 1.48719 1.52881 1.57301 1.61919 1.66669 1.71478 1.76273 1.8098 1.85535 1.89877 1.93959 1.97743 2.01203 2.04326 2.07108 2.09556 2.11684 2.13512 2.15065 2.16368 2.1745 2.18337 2.19054 2.19625 2.20068 2.20401 2.20637 2.20785 2.20851 2.20837 2.2074 2.20555 2.20271 2.19874 2.19345 2.18663 2.178 2.1673 2.15421 2.13844 2.11969 2.09771 2.0723 2.04334 2.0108 1.97478 1.9355 1.89328 1.84861 1.80204 1.75425 1.70596 1.6579 1.61082 1.5654 1.52225 1.4819 1.44474 1.41104 1.38095 1.35447 1.33154 1.31198 1.29554 1.28194 1.27086 1.26198 1.25498 1.24956 1.24544 1.24238 1.24017 1.23863 1.2376 1.23698 1.23666 1.23656 1.23665 
1.22984 1.23019 1.23065 1.23126 1.23204 1.23307 1.23444 1.23626 1.23872 1.242 1.24637 1.2521 1.25952 1.26898 1.28086 1.29552 1.31331 1.33452 1.35939 1.38803 1.42047 1.45659 1.49615 1.53874 1.58385 1.63087 1.6791 1.72778 1.77617 1.82353 1.86919 1.91258 1.9532 1.99071 2.02487 2.05555 2.08276 2.10658 2.12717 2.14476 2.15961 2.172 2.18222 2.19054 2.19723 2.20252 2.20661 2.20967 2.21183 2.2132 2.21382 2.21372 2.21288 2.21124 2.20869 2.20509 2.20025 2.19395 2.18593 2.17588 2.1635 2.14846 2.13045 2.10921 2.08449 2.05615 2.02415 1.98855 1.94954 1.90744 1.86271 1.81593 1.76775 1.71891 1.67017 1.62228 1.57597 1.53187 1.49054 1.45239 1.41772 1.3867 1.35936 1.33564 1.31537 1.2983 1.28417 1.27263 1.26337 1.25605 1.25038 1.24606 1.24284 1.24051 1.23887 1.23778 1.2371 1.23675 1.23663 1.2367 
1.22988 1.23022 1.2307 1.23132 1.23213 1.23319 1.23461 1.23652 1.23908 1.2425 1.24705 1.25301 1.26072 1.27054 1.28285 1.29801 1.31638 1.33825 1.36383 1.39325 1.42651 1.46348 1.50387 1.54727 1.59315 1.64086 1.68967 1.73883 1.78756 1.83513 1.88086 1.92418 1.96461 2.0018 2.03555 2.06574 2.0924 2.11563 2.13562 2.1526 2.16686 2.1787 2.18839 2.19625 2.20252 2.20745 2.21124 2.21407 2.21607 2.21734 2.21793 2.21786 2.21713 2.21566 2.21335 2.21007 2.20562 2.19977 2.19226 2.18278 2.17101 2.15661 2.13926 2.11866 2.09456 2.06679 2.03528 2.00006 1.96132 1.91936 1.87463 1.8277 1.77922 1.72994 1.68064 1.6321 1.58504 1.54015 1.49798 1.45899 1.4235 1.39169 1.36361 1.33921 1.31833 1.30073 1.28612 1.27418 1.26459 1.257 1.2511 1.2466 1.24325 1.24081 1.23909 1.23794 1.23722 1.23683 1.23669 1.23674 
1.22992 1.23026 1.23074 1.23137 1.2322 1.2333 1.23477 1.23674 1.23939 1.24293 1.24763 1.25379 1.26174 1.27186 1.28453 1.30011 1.31896 1.34137 1.36755 1.39761 1.43154 1.46919 1.51027 1.55433 1.60082 1.64908 1.69836 1.74789 1.79688 1.8446 1.89037 1.9336 1.97385 2.01076 2.04415 2.07392 2.10012 2.12285 2.14233 2.15881 2.17258 2.18395 2.19322 2.20068 2.20661 2.21124 2.21479 2.21743 2.21929 2.22047 2.22104 2.221 2.22035 2.21902 2.21692 2.2139 2.20976 2.20429 2.19721 2.1882 2.17694 2.16308 2.14628 2.12622 2.10264 2.07535 2.04426 2.00938 1.97089 1.92907 1.88435 1.83732 1.78862 1.739 1.68926 1.64019 1.59254 1.547 1.50416 1.46448 1.42832 1.39586 1.36717 1.34221 1.32082 1.30277 1.28777 1.2755 1.26563 1.25781 1.25172 1.24707 1.2436 1.24107 1.23928 1.23807 1.23731 1.2369 1.23674 1.23678 
1.22994 1.23029 1.23077 1.23141 1.23226 1.23339 1.2349 1.23692 1.23964 1.24328 1.2481 1.25442 1.26257 1.27293 1.28588 1.30179 1.32102 1.34385 1.3705 1.40106 1.43551 1.47369 1.51528 1.55985 1.60681 1.65549 1.70512 1.75493 1.80411 1.85194 1.89771 1.94088 1.98097 2.01766 2.05076 2.0802 2.10603 2.12837 2.14745 2.16354 2.17692 2.18792 2.19685 2.20401 2.20967 2.21407 2.21743 2.21992 2.22167 2.22279 2.22333 2.22332 2.22273 2.22151 2.21957 2.21675 2.21286 2.20768 2.20093 2.1923 2.18144 2.168 2.15163 2.132 2.10884 2.08193 2.05117 2.01657 1.97828 1.93657 1.89188 1.84478 1.79591 1.74605 1.69598 1.6465 1.5984 1.55236 1.509 1.4688 1.43211 1.39915 1.36999 1.34458 1.32279 1.30439 1.28909 1.27656 1.26646 1.25846 1.25222 1.24745 1.24388 1.24128 1.23943 1.23819 1.2374 1.23695 1.23678 1.23681 
1.22997 1.23031 1.2308 1.23145 1.23231 1.23346 1.23499 1.23706 1.23983 1.24354 1.24846 1.25489 1.26318 1.27371 1.28687 1.30302 1.32252 1.34566 1.37263 1.40354 1.43836 1.47691 1.51887 1.56379 1.61108 1.66005 1.70993 1.75992 1.80924 1.85713 1.90292 1.94603 1.98602 2.02255 2.05545 2.08466 2.11022 2.13229 2.15109 2.16689 2.18 2.19074 2.19943 2.20637 2.21183 2.21607 2.21929 2.22167 2.22335 2.22442 2.22494 2.22495 2.22441 2.22327 2.22144 2.21876 2.21506 2.21009 2.20358 2.19521 2.18463 2.17149 2.15543 2.13611 2.11324 2.0866 2.05608 2.02167 1.98352 1.94189 1.89722 1.85007 1.80109 1.75106 1.70075 1.651 1.60257 1.55619 1.51246 1.47189 1.43484 1.40152 1.37202 1.34631 1.32424 1.30558 1.29006 1.27734 1.26708 1.25894 1.25259 1.24774 1.2441 1.24144 1.23955 1.23827 1.23746 1.237 1.23681 1.23684 
1.22998 1.23032 1.23081 1.23147 1.23234 1.23351 1.23506 1.23715 1.23996 1.24371 1.24869 1.25519 1.26357 1.27421 1.28748 1.30378 1.32344 1.34675 1.37392 1.40503 1.44006 1.47882 1.521 1.56612 1.6136 1.66273 1.71275 1.76286 1.81226 1.8602 1.906 1.94909 1.98902 2.02547 2.05826 2.08734 2.11276 2.13467 2.15331 2.16895 2.1819 2.19249 2.20104 2.20785 2.2132 2.21734 2.22047 2.22279 2.22442 2.22546 2.22598 2.22599 2.22548 2.22439 2.22263 2.22004 2.21645 2.2116 2.20524 2.19702 2.18662 2.17365 2.15776 2.13861 2.11591 2.08942 2.05902 2.02472 1.98663 1.94505 1.90038 1.85319 1.80414 1.754 1.70356 1.65364 1.60503 1.55845 1.51452 1.47374 1.43647 1.40294 1.37325 1.34736 1.32512 1.30631 1.29066 1.27782 1.26747 1.25925 1.25283 1.24792 1.24424 1.24154 1.23963 1.23833 1.2375 1.23703 1.23684 1.23686 
