1.18356 1.18393 1.18428 1.18463 1.18495 1.18524 1.18551 1.18576 1.18597 1.18615 1.18631 1.18644 1.18655 1.18664 1.18671 1.18676 1.18681 1.18684 1.18686 1.18688 1.1869 1.18691 1.18692 1.18693 1.18694 1.18695 1.18696 1.18697 1.18698 1.18699 1.18701 1.18703 1.18705 1.18708 1.1871 1.18714 1.18717 1.1872 1.18724 1.18728 1.18732 1.18736 1.1874 1.18743 1.18747 1.1875 1.18753 1.18755 1.18757 1.18758 1.18759 1.18759 1.18759 1.18758 1.18757 1.18755 1.18752 1.18749 1.18746 1.18742 1.18739 1.18735 1.18731 1.18727 1.18724 1.1872 1.18717 1.18713 1.18711 1.18708 1.18706 1.18703 1.18702 1.187 1.18699 1.18698 1.18697 1.18696 1.18696 1.18696 1.18697 1.18698 1.187 1.18702 1.18706 1.1871 1.18717 1.18725 1.18735 1.18748 1.18763 1.18781 1.18803 1.18827 1.18854 1.18884 1.18916 1.1895 1.18986 1.19023 
1.18393 1.18429 1.18465 1.18499 1.18531 1.18561 1.18588 1.18612 1.18633 1.18652 1.18667 1.18681 1.18691 1.187 1.18707 1.18713 1.18717 1.18721 1.18723 1.18725 1.18727 1.18728 1.18729 1.1873 1.1873 1.18731 1.18732 1.18733 1.18734 1.18735 1.18737 1.18739 1.18741 1.18743 1.18746 1.18749 1.18752 1.18755 1.18759 1.18763 1.18767 1.18771 1.18774 1.18778 1.18782 1.18785 1.18788 1.1879 1.18792 1.18793 1.18794 1.18794 1.18794 1.18793 1.18791 1.18789 1.18787 1.18784 1.18781 1.18777 1.18774 1.1877 1.18766 1.18762 1.18759 1.18755 1.18752 1.18749 1.18746 1.18743 1.18741 1.18739 1.18738 1.18736 1.18735 1.18734 1.18733 1.18733 1.18733 1.18733 1.18733 1.18734 1.18736 1.18739 1.18742 1.18747 1.18753 1.18762 1.18772 1.18785 1.188 1.18818 1.18839 1.18863 1.18891 1.1892 1.18953 1.18987 1.19023 1.1906 
1.18428 1.18465 1.18501 1.18535 1.18567 1.18597 1.18624 1.18648 1.18669 1.18688 1.18703 1.18716 1.18727 1.18736 1.18743 1.18749 1.18753 1.18756 1.18759 1.18761 1.18762 1.18763 1.18764 1.18765 1.18766 1.18767 1.18768 1.18769 1.1877 1.18772 1.18774 1.18776 1.18778 1.18781 1.18784 1.18788 1.18791 1.18796 1.188 1.18804 1.18809 1.18814 1.18818 1.18823 1.18827 1.18831 1.18834 1.18837 1.18839 1.18841 1.18842 1.18842 1.18841 1.1884 1.18838 1.18836 1.18833 1.18829 1.18825 1.18821 1.18817 1.18812 1.18808 1.18803 1.18799 1.18795 1.18791 1.18787 1.18784 1.18781 1.18779 1.18776 1.18774 1.18773 1.18771 1.1877 1.18769 1.18769 1.18768 1.18769 1.18769 1.1877 1.18772 1.18774 1.18778 1.18783 1.18789 1.18797 1.18808 1.1882 1.18836 1.18854 1.18875 1.18899 1.18926 1.18956 1.18988 1.19023 1.19059 1.19095 
1.18463 1.18499 1.18535 1.18569 1.18601 1.18631 1.18658 1.18682 1.18703 1.18722 1.18737 1.1875 1.18761 1.1877 1.18777 1.18783 1.18787 1.1879 1.18793 1.18795 1.18797 1.18798 1.18799 1.188 1.18801 1.18802 1.18803 1.18805 1.18807 1.18809 1.18811 1.18814 1.18817 1.18821 1.18826 1.1883 1.18836 1.18841 1.18847 1.18854 1.1886 1.18866 1.18872 1.18878 1.18884 1.18889 1.18894 1.18898 1.18901 1.18903 1.18904 1.18904 1.18903 1.18902 1.18899 1.18896 1.18891 1.18887 1.18881 1.18876 1.1887 1.18863 1.18857 1.18851 1.18845 1.1884 1.18834 1.18829 1.18825 1.18821 1.18817 1.18814 1.18811 1.18809 1.18807 1.18806 1.18805 1.18804 1.18803 1.18803 1.18804 1.18805 1.18806 1.18809 1.18812 1.18817 1.18823 1.18832 1.18842 1.18854 1.1887 1.18888 1.18909 1.18933 1.1896 1.1899 1.19023 1.19057 1.19093 1.19129 
1.18495 1.18531 1.18567 1.18601 1.18633 1.18663 1.1869 1.18714 1.18735 1.18754 1.18769 1.18783 1.18793 1.18802 1.18809 1.18815 1.18819 1.18823 1.18825 1.18827 1.18829 1.1883 1.18832 1.18833 1.18834 1.18836 1.18838 1.1884 1.18843 1.18846 1.18849 1.18854 1.18859 1.18865 1.18871 1.18878 1.18886 1.18895 1.18903 1.18912 1.18922 1.18931 1.1894 1.18949 1.18957 1.18964 1.18971 1.18976 1.18981 1.18983 1.18985 1.18985 1.18984 1.18982 1.18978 1.18973 1.18967 1.18959 1.18952 1.18943 1.18935 1.18926 1.18916 1.18908 1.18899 1.18891 1.18883 1.18876 1.18869 1.18863 1.18858 1.18853 1.18849 1.18846 1.18843 1.18841 1.18839 1.18838 1.18837 1.18836 1.18837 1.18837 1.18839 1.18841 1.18845 1.18849 1.18856 1.18864 1.18874 1.18887 1.18902 1.1892 1.18941 1.18965 1.18993 1.19022 1.19055 1.19089 1.19125 1.19162 
1.18524 1.18561 1.18597 1.18631 1.18663 1.18693 1.1872 1.18744 1.18765 1.18783 1.18799 1.18812 1.18823 1.18832 1.18839 1.18845 1.18849 1.18853 1.18855 1.18858 1.18859 1.18861 1.18863 1.18864 1.18866 1.18869 1.18872 1.18875 1.18879 1.18884 1.1889 1.18896 1.18904 1.18913 1.18923 1.18934 1.18946 1.18958 1.18972 1.18985 1.18999 1.19013 1.19027 1.19039 1.19051 1.19062 1.19072 1.1908 1.19086 1.1909 1.19092 1.19092 1.19091 1.19087 1.19081 1.19073 1.19064 1.19054 1.19042 1.19029 1.19016 1.19003 1.18989 1.18976 1.18963 1.18951 1.18939 1.18928 1.18918 1.18909 1.18901 1.18894 1.18888 1.18883 1.18879 1.18875 1.18872 1.1887 1.18869 1.18868 1.18868 1.18868 1.18869 1.18871 1.18875 1.18879 1.18886 1.18894 1.18904 1.18916 1.18932 1.1895 1.18971 1.18995 1.19022 1.19052 1.19084 1.19119 1.19155 1.19191 
1.18551 1.18588 1.18624 1.18658 1.1869 1.1872 1.18747 1.18771 1.18792 1.1881 1.18826 1.18839 1.1885 1.18859 1.18866 1.18872 1.18876 1.1888 1.18883 1.18885 1.18887 1.1889 1.18892 1.18894 1.18897 1.18901 1.18905 1.1891 1.18917 1.18924 1.18933 1.18944 1.18956 1.18969 1.18985 1.19001 1.19019 1.19038 1.19058 1.19078 1.19099 1.1912 1.1914 1.19159 1.19176 1.19192 1.19206 1.19218 1.19227 1.19233 1.19236 1.19236 1.19233 1.19227 1.19218 1.19207 1.19193 1.19177 1.1916 1.19141 1.19122 1.19102 1.19082 1.19062 1.19042 1.19024 1.19006 1.1899 1.18975 1.18962 1.1895 1.18939 1.1893 1.18922 1.18915 1.1891 1.18905 1.18902 1.18899 1.18898 1.18897 1.18897 1.18897 1.18899 1.18902 1.18907 1.18913 1.18921 1.18931 1.18943 1.18959 1.18977 1.18998 1.19022 1.19049 1.19079 1.19111 1.19146 1.19181 1.19218 
1.18576 1.18612 1.18648 1.18682 1.18714 1.18744 1.18771 1.18795 1.18816 1.18835 1.1885 1.18863 1.18874 1.18883 1.1889 1.18896 1.18901 1.18905 1.18908 1.18911 1.18913 1.18916 1.18919 1.18923 1.18928 1.18933 1.1894 1.18948 1.18958 1.18969 1.18983 1.18999 1.19017 1.19038 1.19061 1.19086 1.19112 1.19141 1.1917 1.19201 1.19231 1.19261 1.19291 1.19318 1.19344 1.19367 1.19387 1.19404 1.19417 1.19425 1.19429 1.19429 1.19424 1.19416 1.19403 1.19386 1.19366 1.19342 1.19317 1.19289 1.19261 1.19231 1.19201 1.19172 1.19143 1.19116 1.1909 1.19066 1.19044 1.19024 1.19006 1.1899 1.18976 1.18964 1.18954 1.18946 1.18939 1.18933 1.18929 1.18926 1.18924 1.18923 1.18923 1.18925 1.18927 1.18932 1.18937 1.18945 1.18955 1.18968 1.18983 1.19001 1.19022 1.19046 1.19073 1.19103 1.19136 1.1917 1.19206 1.19242 
1.18597 1.18633 1.18669 1.18703 1.18735 1.18765 1.18792 1.18816 1.18837 1.18856 1.18871 1.18885 1.18896 1.18905 1.18912 1.18918 1.18923 1.18927 1.1893 1.18934 1.18937 1.18941 1.18946 1.18951 1.18958 1.18967 1.18977 1.18989 1.19004 1.19022 1.19043 1.19067 1.19094 1.19125 1.19159 1.19196 1.19235 1.19276 1.1932 1.19364 1.19408 1.19452 1.19494 1.19534 1.19571 1.19604 1.19632 1.19656 1.19674 1.19686 1.19691 1.1969 1.19683 1.1967 1.19651 1.19627 1.19598 1.19564 1.19527 1.19487 1.19446 1.19403 1.1936 1.19317 1.19275 1.19235 1.19197 1.19162 1.19129 1.191 1.19073 1.1905 1.19029 1.19012 1.18997 1.18984 1.18974 1.18965 1.18959 1.18954 1.1895 1.18948 1.18947 1.18948 1.1895 1.18954 1.18959 1.18967 1.18977 1.18989 1.19004 1.19022 1.19043 1.19068 1.19095 1.19125 1.19157 1.19191 1.19227 1.19264 
1.18615 1.18652 1.18688 1.18722 1.18754 1.18783 1.1881 1.18835 1.18856 1.18874 1.1889 1.18903 1.18914 1.18923 1.18931 1.18937 1.18942 1.18947 1.18951 1.18955 1.1896 1.18966 1.18972 1.18981 1.18991 1.19004 1.19019 1.19038 1.1906 1.19087 1.19118 1.19153 1.19194 1.19239 1.19288 1.19341 1.19398 1.19458 1.1952 1.19583 1.19646 1.19708 1.19768 1.19824 1.19876 1.19923 1.19963 1.19996 1.2002 1.20037 1.20044 1.20042 1.20032 1.20013 1.19986 1.19951 1.19909 1.19862 1.19809 1.19753 1.19693 1.19632 1.19571 1.19509 1.1945 1.19392 1.19338 1.19287 1.1924 1.19197 1.19158 1.19124 1.19094 1.19068 1.19046 1.19027 1.19012 1.18999 1.18989 1.18981 1.18976 1.18972 1.1897 1.18969 1.18971 1.18974 1.18979 1.18986 1.18996 1.19008 1.19023 1.19041 1.19062 1.19086 1.19113 1.19143 1.19175 1.19209 1.19245 1.19282 
1.18631 1.18667 1.18703 1.18737 1.18769 1.18799 1.18826 1.1885 1.18871 1.1889 1.18906 1.18919 1.1893 1.18939 1.18947 1.18954 1.18959 1.18965 1.1897 1.18976 1.18982 1.1899 1.19 1.19013 1.19028 1.19047 1.1907 1.19098 1.19131 1.1917 1.19215 1.19267 1.19325 1.19389 1.1946 1.19536 1.19617 1.19702 1.19789 1.19878 1.19966 1.20053 1.20136 1.20214 1.20286 1.2035 1.20405 1.2045 1.20483 1.20505 1.20515 1.20512 1.20497 1.20471 1.20432 1.20384 1.20325 1.20259 1.20185 1.20106 1.20023 1.19937 1.19851 1.19765 1.19681 1.196 1.19523 1.1945 1.19383 1.19322 1.19267 1.19218 1.19175 1.19138 1.19105 1.19078 1.19056 1.19037 1.19022 1.19011 1.19002 1.18995 1.18991 1.18989 1.18989 1.18992 1.18996 1.19003 1.19012 1.19024 1.19039 1.19057 1.19078 1.19102 1.19129 1.19159 1.19191 1.19225 1.19261 1.19298 
1.18644 1.18681 1.18716 1.1875 1.18783 1.18812 1.18839 1.18863 1.18885 1.18903 1.18919 1.18932 1.18944 1.18953 1.18961 1.18968 1.18975 1.18981 1.18988 1.18996 1.19005 1.19017 1.19031 1.19049 1.19072 1.191 1.19133 1.19174 1.19222 1.19278 1.19343 1.19417 1.19499 1.1959 1.1969 1.19797 1.19909 1.20027 1.20148 1.2027 1.20392 1.20511 1.20625 1.20731 1.20829 1.20916 1.2099 1.2105 1.21095 1.21124 1.21136 1.21132 1.21111 1.21074 1.21021 1.20954 1.20874 1.20783 1.20682 1.20573 1.20459 1.20341 1.20222 1.20103 1.19987 1.19874 1.19767 1.19666 1.19572 1.19487 1.19409 1.1934 1.19279 1.19226 1.1918 1.19141 1.19109 1.19082 1.1906 1.19043 1.1903 1.1902 1.19013 1.19009 1.19007 1.19008 1.19012 1.19018 1.19027 1.19038 1.19053 1.1907 1.19091 1.19115 1.19142 1.19172 1.19204 1.19238 1.19274 1.19311 
1.18655 1.18691 1.18727 1.18761 1.18793 1.18823 1.1885 1.18874 1.18896 1.18914 1.1893 1.18944 1.18955 1.18965 1.18974 1.18982 1.1899 1.18998 1.19007 1.19017 1.19031 1.19047 1.19068 1.19094 1.19127 1.19167 1.19215 1.19273 1.19342 1.19422 1.19513 1.19616 1.19731 1.19858 1.19996 1.20142 1.20297 1.20458 1.20623 1.20788 1.20953 1.21113 1.21265 1.21408 1.21539 1.21654 1.21753 1.21832 1.21891 1.21929 1.21944 1.21938 1.21909 1.21858 1.21787 1.21696 1.21589 1.21466 1.21329 1.21183 1.21029 1.20869 1.20708 1.20547 1.20388 1.20234 1.20088 1.19949 1.19821 1.19702 1.19595 1.19499 1.19414 1.1934 1.19276 1.19221 1.19175 1.19137 1.19106 1.19081 1.19061 1.19046 1.19036 1.19028 1.19025 1.19024 1.19026 1.19031 1.19039 1.1905 1.19065 1.19082 1.19103 1.19126 1.19153 1.19183 1.19215 1.19249 1.19285 1.19322 
1.18664 1.187 1.18736 1.1877 1.18802 1.18832 1.18859 1.18883 1.18905 1.18923 1.18939 1.18953 1.18965 1.18976 1.18985 1.18994 1.19004 1.19014 1.19026 1.19041 1.1906 1.19084 1.19114 1.19151 1.19198 1.19255 1.19323 1.19405 1.19501 1.19612 1.19738 1.1988 1.20038 1.20211 1.20398 1.20597 1.20805 1.21021 1.21241 1.21462 1.2168 1.21891 1.22093 1.22281 1.22452 1.22603 1.22731 1.22834 1.2291 1.22959 1.22978 1.22968 1.22929 1.22861 1.22767 1.22647 1.22505 1.22342 1.22162 1.21967 1.21763 1.21551 1.21336 1.21121 1.20909 1.20703 1.20505 1.20319 1.20144 1.19984 1.19838 1.19706 1.1959 1.19488 1.19399 1.19323 1.19259 1.19206 1.19162 1.19127 1.19099 1.19077 1.19061 1.1905 1.19043 1.19039 1.1904 1.19043 1.1905 1.19061 1.19075 1.19092 1.19112 1.19136 1.19162 1.19192 1.19224 1.19258 1.19294 1.19331 
1.18671 1.18707 1.18743 1.18777 1.18809 1.18839 1.18866 1.1889 1.18912 1.18931 1.18947 1.18961 1.18974 1.18985 1.18996 1.19007 1.19019 1.19032 1.19049 1.1907 1.19097 1.1913 1.19172 1.19225 1.19291 1.1937 1.19465 1.19578 1.1971 1.19862 1.20034 1.20227 1.2044 1.20672 1.20921 1.21186 1.21462 1.21746 1.22035 1.22324 1.22608 1.22883 1.23144 1.23387 1.23607 1.23801 1.23965 1.24097 1.24194 1.24254 1.24278 1.24263 1.24212 1.24124 1.24001 1.23845 1.2366 1.23448 1.23214 1.22961 1.22694 1.22418 1.22136 1.21854 1.21575 1.21303 1.21042 1.20794 1.20562 1.20348 1.20152 1.19975 1.19818 1.19679 1.19559 1.19455 1.19367 1.19294 1.19233 1.19184 1.19145 1.19114 1.19091 1.19074 1.19062 1.19056 1.19053 1.19055 1.19061 1.1907 1.19083 1.191 1.1912 1.19143 1.1917 1.19199 1.19231 1.19265 1.19301 1.19338 
1.18676 1.18713 1.18749 1.18783 1.18815 1.18845 1.18872 1.18896 1.18918 1.18937 1.18954 1.18968 1.18982 1.18994 1.19007 1.1902 1.19035 1.19054 1.19077 1.19106 1.19143 1.1919 1.19249 1.19322 1.19412 1.19521 1.19652 1.19805 1.19984 1.20188 1.20419 1.20675 1.20958 1.21264 1.21591 1.21937 1.22296 1.22665 1.23037 1.23409 1.23773 1.24124 1.24457 1.24765 1.25043 1.25288 1.25495 1.2566 1.25781 1.25856 1.25884 1.25864 1.25797 1.25685 1.25528 1.25329 1.25093 1.24823 1.24524 1.242 1.23858 1.23503 1.2314 1.22776 1.22415 1.22062 1.21722 1.21398 1.21094 1.20812 1.20554 1.2032 1.2011 1.19925 1.19764 1.19625 1.19506 1.19407 1.19324 1.19257 1.19203 1.1916 1.19127 1.19102 1.19085 1.19074 1.19068 1.19067 1.19071 1.19079 1.19091 1.19107 1.19126 1.19149 1.19176 1.19205 1.19237 1.19271 1.19307 1.19343 
1.18681 1.18717 1.18753 1.18787 1.18819 1.18849 1.18876 1.18901 1.18923 1.18942 1.18959 1.18975 1.1899 1.19004 1.19019 1.19035 1.19055 1.1908 1.19111 1.19151 1.19202 1.19267 1.19348 1.19448 1.19571 1.19719 1.19894 1.201 1.20337 1.20607 1.20911 1.21248 1.21616 1.22013 1.22435 1.22879 1.23339 1.23808 1.24282 1.24751 1.2521 1.25651 1.26067 1.26451 1.26798 1.27102 1.27358 1.27561 1.2771 1.27802 1.27834 1.27808 1.27723 1.27581 1.27384 1.27136 1.2684 1.26501 1.26125 1.25718 1.25287 1.24839 1.2438 1.23917 1.23458 1.23007 1.22571 1.22155 1.21763 1.21398 1.21062 1.20757 1.20483 1.20239 1.20026 1.19842 1.19684 1.19551 1.19441 1.1935 1.19276 1.19218 1.19172 1.19137 1.19112 1.19095 1.19085 1.19081 1.19082 1.19088 1.19099 1.19113 1.19132 1.19155 1.19181 1.1921 1.19242 1.19276 1.19311 1.19348 
1.18684 1.18721 1.18756 1.1879 1.18823 1.18853 1.1888 1.18905 1.18927 1.18947 1.18965 1.18981 1.18998 1.19014 1.19032 1.19054 1.1908 1.19113 1.19155 1.1921 1.19279 1.19367 1.19477 1.19612 1.19776 1.19973 1.20205 1.20476 1.20787 1.21139 1.21533 1.21967 1.22438 1.22945 1.23482 1.24042 1.24621 1.25209 1.258 1.26383 1.26952 1.27496 1.28008 1.28479 1.28904 1.29274 1.29585 1.29833 1.30012 1.30122 1.3016 1.30126 1.3002 1.29845 1.29602 1.29297 1.28932 1.28515 1.28051 1.27548 1.27014 1.26457 1.25886 1.25308 1.24732 1.24166 1.23616 1.2309 1.22592 1.22126 1.21696 1.21303 1.2095 1.20635 1.20357 1.20117 1.1991 1.19735 1.19588 1.19467 1.19369 1.1929 1.19229 1.19181 1.19146 1.19121 1.19105 1.19096 1.19094 1.19097 1.19106 1.1912 1.19137 1.19159 1.19185 1.19214 1.19245 1.19279 1.19315 1.19351 
1.18686 1.18723 1.18759 1.18793 1.18825 1.18855 1.18883 1.18908 1.1893 1.18951 1.1897 1.18988 1.19007 1.19026 1.19049 1.19077 1.19111 1.19155 1.19212 1.19286 1.19379 1.19496 1.19642 1.19822 1.20038 1.20296 1.20599 1.2095 1.21351 1.21803 1.22305 1.22855 1.2345 1.24086 1.24757 1.25454 1.2617 1.26895 1.2762 1.28334 1.29026 1.29686 1.30306 1.30875 1.31385 1.3183 1.32202 1.32497 1.32711 1.3284 1.32883 1.3284 1.32712 1.32499 1.32206 1.31836 1.31395 1.3089 1.30327 1.29716 1.29065 1.28385 1.27685 1.26975 1.26265 1.25564 1.24882 1.24226 1.23602 1.23017 1.22474 1.21977 1.21528 1.21125 1.2077 1.2046 1.20193 1.19965 1.19774 1.19616 1.19487 1.19382 1.193 1.19236 1.19188 1.19153 1.19129 1.19114 1.19107 1.19108 1.19114 1.19126 1.19143 1.19164 1.19189 1.19217 1.19248 1.19282 1.19317 1.19354 
1.18688 1.18725 1.18761 1.18795 1.18827 1.18858 1.18885 1.18911 1.18934 1.18955 1.18976 1.18996 1.19017 1.19041 1.1907 1.19106 1.19151 1.1921 1.19286 1.19383 1.19506 1.19662 1.19853 1.20087 1.20368 1.20702 1.21091 1.21539 1.22048 1.22618 1.23248 1.23935 1.24675 1.25461 1.26285 1.27139 1.28011 1.2889 1.29765 1.30624 1.31453 1.32242 1.32979 1.33654 1.34258 1.34783 1.35221 1.35567 1.35817 1.35967 1.36016 1.35963 1.35809 1.35557 1.35208 1.34769 1.34245 1.33643 1.32972 1.32241 1.31461 1.30643 1.29799 1.2894 1.28078 1.27225 1.26391 1.25585 1.24816 1.24092 1.23417 1.22797 1.22233 1.21726 1.21277 1.20884 1.20543 1.20252 1.20006 1.19802 1.19634 1.19498 1.19389 1.19305 1.1924 1.19192 1.19158 1.19136 1.19124 1.1912 1.19123 1.19133 1.19148 1.19168 1.19192 1.1922 1.19251 1.19284 1.1932 1.19356 
1.1869 1.18727 1.18762 1.18797 1.18829 1.18859 1.18887 1.18913 1.18937 1.1896 1.18982 1.19005 1.19031 1.1906 1.19097 1.19143 1.19202 1.19279 1.19379 1.19506 1.19668 1.1987 1.20118 1.20419 1.20778 1.21202 1.21694 1.22258 1.22894 1.23603 1.24382 1.25227 1.26132 1.27088 1.28086 1.29115 1.3016 1.3121 1.3225 1.33266 1.34244 1.35171 1.36034 1.36822 1.37526 1.38134 1.38642 1.39042 1.39329 1.39501 1.39556 1.39493 1.39312 1.39017 1.3861 1.38097 1.37484 1.36779 1.35992 1.35133 1.34213 1.33246 1.32244 1.31221 1.30191 1.29167 1.28161 1.27186 1.26253 1.25369 1.24542 1.23778 1.23081 1.22452 1.21892 1.21399 1.20971 1.20603 1.20291 1.20031 1.19815 1.19641 1.195 1.1939 1.19305 1.19241 1.19195 1.19163 1.19144 1.19134 1.19134 1.19141 1.19154 1.19172 1.19195 1.19223 1.19253 1.19286 1.19321 1.19358 
1.18691 1.18728 1.18763 1.18798 1.1883 1.18861 1.1889 1.18916 1.18941 1.18966 1.1899 1.19017 1.19047 1.19084 1.1913 1.1919 1.19267 1.19367 1.19496 1.19662 1.1987 1.20128 1.20444 1.20826 1.21279 1.2181 1.22424 1.23122 1.23906 1.24774 1.25724 1.26748 1.27838 1.28984 1.30174 1.31394 1.32629 1.33863 1.3508 1.36264 1.37399 1.38471 1.39466 1.40371 1.41177 1.41872 1.42451 1.42905 1.43231 1.43425 1.43486 1.43411 1.43204 1.42864 1.42398 1.41809 1.41104 1.40293 1.39384 1.38389 1.37322 1.36195 1.35024 1.33825 1.32612 1.31401 1.30207 1.29045 1.27926 1.26863 1.25864 1.24937 1.24087 1.23317 1.22628 1.22018 1.21486 1.21028 1.20638 1.2031 1.20038 1.19816 1.19637 1.19495 1.19385 1.19302 1.1924 1.19196 1.19168 1.19152 1.19147 1.1915 1.1916 1.19177 1.19199 1.19225 1.19255 1.19288 1.19323 1.19359 
1.18692 1.18729 1.18764 1.18799 1.18832 1.18863 1.18892 1.18919 1.18946 1.18972 1.19 1.19031 1.19068 1.19114 1.19172 1.19249 1.19348 1.19477 1.19642 1.19853 1.20118 1.20444 1.20842 1.21319 1.21882 1.22539 1.23292 1.24145 1.25098 1.26146 1.27286 1.28509 1.29803 1.31157 1.32555 1.33981 1.35418 1.36846 1.38248 1.39607 1.40904 1.42125 1.43253 1.44277 1.45186 1.45968 1.46617 1.47126 1.4749 1.47706 1.47771 1.47686 1.47452 1.47069 1.46543 1.45878 1.45081 1.44162 1.43129 1.41996 1.40777 1.39485 1.38137 1.36751 1.35343 1.33932 1.32535 1.31169 1.29848 1.28586 1.27395 1.26285 1.25262 1.24331 1.23494 1.22751 1.22099 1.21535 1.21053 1.20646 1.20307 1.20029 1.19803 1.19624 1.19484 1.19376 1.19295 1.19238 1.19198 1.19174 1.19162 1.19161 1.19168 1.19183 1.19203 1.19228 1.19258 1.1929 1.19324 1.1936 
1.18693 1.1873 1.18765 1.188 1.18833 1.18864 1.18894 1.18923 1.18951 1.18981 1.19013 1.19049 1.19094 1.19151 1.19225 1.19322 1.19448 1.19612 1.19822 1.20087 1.20419 1.20826 1.21319 1.21907 1.22598 1.23398 1.24311 1.25338 1.26479 1.27727 1.29077 1.30516 1.32032 1.33608 1.35228 1.3687 1.38517 1.40146 1.41738 1.43274 1.44734 1.46102 1.47364 1.48504 1.49513 1.50379 1.51096 1.51657 1.52057 1.52294 1.52365 1.5227 1.52009 1.51585 1.51001 1.50263 1.49377 1.48351 1.47197 1.45927 1.44554 1.43094 1.41566 1.39987 1.38378 1.36757 1.35145 1.3356 1.32021 1.30544 1.29143 1.27831 1.26616 1.25506 1.24502 1.23607 1.22818 1.22133 1.21544 1.21045 1.20627 1.20283 1.20003 1.19779 1.19602 1.19466 1.19363 1.19287 1.19235 1.19201 1.19181 1.19175 1.19178 1.1919 1.19208 1.19232 1.1926 1.19291 1.19326 1.19361 
1.18694 1.1873 1.18766 1.18801 1.18834 1.18866 1.18897 1.18928 1.18958 1.18991 1.19028 1.19072 1.19127 1.19198 1.19291 1.19412 1.19571 1.19776 1.20038 1.20368 1.20778 1.21279 1.21882 1.22598 1.23433 1.24395 1.25487 1.26708 1.28055 1.29522 1.31098 1.3277 1.3452 1.3633 1.38179 1.40045 1.41905 1.43737 1.45519 1.47229 1.48849 1.50361 1.51749 1.53 1.54103 1.55049 1.55829 1.56438 1.56872 1.57128 1.57204 1.57099 1.56815 1.56353 1.55716 1.5491 1.53939 1.52814 1.51543 1.50139 1.48617 1.46993 1.45285 1.43513 1.41698 1.39861 1.38025 1.36212 1.34443 1.32737 1.3111 1.29579 1.28155 1.26846 1.25658 1.24593 1.2365 1.22827 1.22117 1.21512 1.21005 1.20584 1.2024 1.19963 1.19744 1.19574 1.19444 1.19348 1.19279 1.19233 1.19205 1.19191 1.1919 1.19198 1.19214 1.19236 1.19263 1.19293 1.19327 1.19362 
1.18695 1.18731 1.18767 1.18802 1.18836 1.18869 1.18901 1.18933 1.18967 1.19004 1.19047 1.191 1.19167 1.19255 1.1937 1.19521 1.19719 1.19973 1.20296 1.20702 1.21202 1.2181 1.22539 1.23398 1.24395 1.25537 1.26825 1.28258 1.29829 1.3153 1.33346 1.35261 1.37255 1.39306 1.41389 1.4348 1.45553 1.47584 1.4955 1.51429 1.532 1.54846 1.56352 1.57704 1.58893 1.59909 1.60745 1.61397 1.61861 1.62134 1.62215 1.62102 1.61798 1.61303 1.60619 1.59752 1.58706 1.57489 1.56111 1.54584 1.52921 1.51139 1.49256 1.47294 1.45275 1.43222 1.4116 1.39113 1.37104 1.35158 1.33293 1.31528 1.29878 1.28354 1.26965 1.25713 1.246 1.23624 1.22777 1.22053 1.21443 1.20935 1.20518 1.2018 1.19912 1.19702 1.1954 1.19419 1.19332 1.19271 1.19232 1.19211 1.19203 1.19207 1.1922 1.1924 1.19266 1.19296 1.19328 1.19363 
1.18696 1.18732 1.18768 1.18803 1.18838 1.18872 1.18905 1.1894 1.18977 1.19019 1.1907 1.19133 1.19215 1.19323 1.19465 1.19652 1.19894 1.20205 1.20599 1.21091 1.21694 1.22424 1.23292 1.24311 1.25487 1.26825 1.28326 1.29985 1.31795 1.33741 1.35809 1.37975 1.40218 1.42511 1.44827 1.47139 1.49419 1.51642 1.53781 1.55816 1.57725 1.59493 1.61103 1.62544 1.63807 1.64883 1.65767 1.66455 1.66944 1.67231 1.67316 1.67198 1.66877 1.66355 1.65633 1.64715 1.63604 1.62309 1.60837 1.59198 1.57407 1.55479 1.53433 1.5129 1.49074 1.46809 1.44521 1.42238 1.39987 1.37794 1.35681 1.33672 1.31783 1.3003 1.28424 1.2697 1.25671 1.24525 1.23528 1.22671 1.21945 1.21339 1.20838 1.20432 1.20107 1.19851 1.19653 1.19504 1.19394 1.19317 1.19265 1.19234 1.1922 1.19219 1.19228 1.19246 1.19269 1.19298 1.1933 1.19364 
1.18697 1.18733 1.18769 1.18805 1.1884 1.18875 1.1891 1.18948 1.18989 1.19038 1.19098 1.19174 1.19273 1.19405 1.19578 1.19805 1.201 1.20476 1.2095 1.21539 1.22258 1.23122 1.24145 1.25338 1.26708 1.28258 1.29985 1.31884 1.33943 1.36144 1.38468 1.40889 1.43381 1.45913 1.48457 1.50981 1.53456 1.55855 1.58154 1.60328 1.6236 1.64232 1.6593 1.67445 1.68767 1.69891 1.70812 1.71528 1.72036 1.72334 1.72423 1.72301 1.71969 1.71427 1.70677 1.69719 1.68558 1.67199 1.65648 1.63915 1.62013 1.59955 1.57761 1.55451 1.53049 1.50581 1.48075 1.45561 1.43068 1.40625 1.3826 1.35998 1.33861 1.31868 1.30031 1.28361 1.26861 1.25533 1.24371 1.23368 1.22515 1.21798 1.21205 1.20721 1.20332 1.20024 1.19784 1.19602 1.19467 1.1937 1.19303 1.19262 1.19239 1.19232 1.19237 1.19252 1.19274 1.19301 1.19332 1.19366 
1.18698 1.18734 1.1877 1.18807 1.18843 1.18879 1.18917 1.18958 1.19004 1.1906 1.19131 1.19222 1.19342 1.19501 1.1971 1.19984 1.20337 1.20787 1.21351 1.22048 1.22894 1.23906 1.25098 1.26479 1.28055 1.29829 1.31795 1.33943 1.36257 1.38718 1.413 1.43974 1.46709 1.49473 1.52232 1.54954 1.57609 1.60167 1.62605 1.649 1.67033 1.6899 1.70757 1.72328 1.73694 1.74852 1.75799 1.76533 1.77053 1.7736 1.77452 1.77329 1.76991 1.76437 1.75668 1.74685 1.73488 1.72082 1.70472 1.68664 1.6667 1.64503 1.6218 1.59721 1.5715 1.54493 1.51781 1.49044 1.46315 1.43625 1.41007 1.3849 1.36099 1.33856 1.3178 1.29882 1.28169 1.26644 1.25305 1.24144 1.23151 1.22314 1.21618 1.21048 1.20587 1.20221 1.19935 1.19715 1.19551 1.19431 1.19348 1.19294 1.19262 1.19248 1.19248 1.19259 1.19279 1.19304 1.19334 1.19368 
1.18699 1.18735 1.18772 1.18809 1.18846 1.18884 1.18924 1.18969 1.19022 1.19087 1.1917 1.19278 1.19422 1.19612 1.19862 1.20188 1.20607 1.21139 1.21803 1.22618 1.23603 1.24774 1.26146 1.27727 1.29522 1.3153 1.33741 1.36144 1.38718 1.41438 1.44275 1.47195 1.50164 1.53146 1.56104 1.59006 1.6182 1.64516 1.67071 1.69462 1.71675 1.73694 1.7551 1.77117 1.7851 1.79688 1.80648 1.81391 1.81918 1.82229 1.82323 1.82201 1.81862 1.81305 1.8053 1.79534 1.78318 1.76884 1.75234 1.73373 1.71311 1.69057 1.66627 1.64041 1.61322 1.58496 1.55593 1.52647 1.49692 1.46764 1.43897 1.41125 1.38477 1.35981 1.33657 1.31523 1.29587 1.27856 1.26328 1.24997 1.23855 1.22887 1.22078 1.21413 1.20874 1.20443 1.20104 1.19843 1.19646 1.19502 1.19399 1.1933 1.19288 1.19266 1.19261 1.19268 1.19285 1.19308 1.19337 1.19369 
1.18701 1.18737 1.18774 1.18811 1.18849 1.1889 1.18933 1.18983 1.19043 1.19118 1.19215 1.19343 1.19513 1.19738 1.20034 1.20419 1.20911 1.21533 1.22305 1.23248 1.24382 1.25724 1.27286 1.29077 1.31098 1.33346 1.35809 1.38468 1.413 1.44275 1.47358 1.50514 1.53702 1.56884 1.60022 1.63082 1.6603 1.6884 1.71486 1.7395 1.76217 1.78276 1.80119 1.81743 1.83146 1.84328 1.85289 1.86032 1.86559 1.8687 1.86966 1.86848 1.86514 1.85962 1.8519 1.84196 1.82978 1.81534 1.79865 1.77975 1.75867 1.73551 1.71041 1.68353 1.65509 1.62535 1.59463 1.56326 1.53161 1.50005 1.46898 1.43876 1.40974 1.38223 1.35649 1.33273 1.31107 1.2916 1.27434 1.25924 1.24622 1.23514 1.22585 1.21817 1.21192 1.2069 1.20294 1.19987 1.19754 1.19581 1.19457 1.19372 1.19318 1.19287 1.19275 1.19278 1.19291 1.19313 1.1934 1.19372 
1.18703 1.18739 1.18776 1.18814 1.18854 1.18896 1.18944 1.18999 1.19067 1.19153 1.19267 1.19417 1.19616 1.1988 1.20227 1.20675 1.21248 1.21967 1.22855 1.23935 1.25227 1.26748 1.28509 1.30516 1.3277 1.35261 1.37975 1.40889 1.43974 1.47195 1.50514 1.53888 1.57277 1.60639 1.63934 1.67127 1.70184 1.7308 1.75792 1.78302 1.80599 1.82674 1.84523 1.86145 1.8754 1.88712 1.89663 1.90397 1.90916 1.91225 1.91322 1.91209 1.90884 1.90345 1.89588 1.88609 1.87404 1.8597 1.84304 1.82405 1.80277 1.77926 1.75361 1.72597 1.69655 1.6656 1.63341 1.60035 1.56677 1.53311 1.49976 1.46714 1.43564 1.40561 1.37737 1.35116 1.32716 1.30548 1.28616 1.26919 1.25449 1.24193 1.23135 1.22258 1.2154 1.20962 1.20503 1.20146 1.19874 1.1967 1.19522 1.19419 1.19351 1.19311 1.19292 1.19289 1.19299 1.19318 1.19344 1.19374 
1.18705 1.18741 1.18778 1.18817 1.18859 1.18904 1.18956 1.19017 1.19094 1.19194 1.19325 1.19499 1.19731 1.20038 1.2044 1.20958 1.21616 1.22438 1.2345 1.24675 1.26132 1.27838 1.29803 1.32032 1.3452 1.37255 1.40218 1.43381 1.46709 1.50164 1.53702 1.57277 1.60846 1.64364 1.6779 1.71089 1.74228 1.77183 1.79933 1.82464 1.84767 1.86836 1.8867 1.90272 1.91644 1.92792 1.93721 1.94437 1.94945 1.95246 1.95344 1.95239 1.94928 1.94408 1.93675 1.92724 1.91547 1.9014 1.88496 1.86612 1.84488 1.82126 1.79533 1.76721 1.73708 1.70518 1.67179 1.63727 1.602 1.56641 1.53094 1.49605 1.46217 1.4297 1.39899 1.37034 1.34398 1.32005 1.29864 1.27974 1.2633 1.24919 1.23727 1.22733 1.21917 1.21257 1.20731 1.2032 1.20005 1.19767 1.19594 1.19471 1.19388 1.19337 1.1931 1.19302 1.19308 1.19324 1.19348 1.19377 
1.18708 1.18743 1.18781 1.18821 1.18865 1.18913 1.18969 1.19038 1.19125 1.19239 1.19389 1.1959 1.19858 1.20211 1.20672 1.21264 1.22013 1.22945 1.24086 1.25461 1.27088 1.28984 1.31157 1.33608 1.3633 1.39306 1.42511 1.45913 1.49473 1.53146 1.56884 1.60639 1.64364 1.68012 1.71543 1.74921 1.78115 1.81102 1.83865 1.86393 1.88678 1.9072 1.92521 1.94085 1.9542 1.96533 1.97431 1.98122 1.98611 1.98904 1.99001 1.98904 1.98611 1.98117 1.97417 1.96504 1.95368 1.94003 1.92399 1.9055 1.88452 1.86104 1.83509 1.80677 1.77621 1.74363 1.70931 1.67358 1.63686 1.59956 1.56218 1.52518 1.48904 1.45422 1.42112 1.39007 1.36137 1.33519 1.31166 1.2908 1.27257 1.25687 1.24354 1.23238 1.22319 1.21573 1.20977 1.20508 1.20147 1.19873 1.19672 1.19527 1.19429 1.19366 1.1933 1.19316 1.19317 1.19331 1.19352 1.1938 
1.1871 1.18746 1.18784 1.18826 1.18871 1.18923 1.18985 1.19061 1.19159 1.19288 1.1946 1.1969 1.19996 1.20398 1.20921 1.21591 1.22435 1.23482 1.24757 1.26285 1.28086 1.30174 1.32555 1.35228 1.38179 1.41389 1.44827 1.48457 1.52232 1.56104 1.60022 1.63934 1.6779 1.71543 1.75152 1.78582 1.81805 1.84799 1.87551 1.90052 1.923 1.94297 1.96048 1.97561 1.98846 1.99914 2.00773 2.01432 2.019 2.0218 2.02276 2.02189 2.01916 2.01452 2.00792 1.99925 1.98842 1.97532 1.95985 1.94189 1.92137 1.89825 1.87252 1.84423 1.81351 1.78052 1.74554 1.70888 1.67095 1.63218 1.59309 1.55417 1.51594 1.4789 1.4435 1.41014 1.37913 1.35073 1.32508 1.30224 1.2822 1.26487 1.25011 1.2377 1.22744 1.21908 1.21238 1.20709 1.20299 1.19987 1.19756 1.19589 1.19473 1.19397 1.19352 1.19331 1.19328 1.19338 1.19357 1.19384 
1.18714 1.18749 1.18788 1.1883 1.18878 1.18934 1.19001 1.19086 1.19196 1.19341 1.19536 1.19797 1.20142 1.20597 1.21186 1.21937 1.22879 1.24042 1.25454 1.27139 1.29115 1.31394 1.33981 1.3687 1.40045 1.4348 1.47139 1.50981 1.54954 1.59006 1.63082 1.67127 1.71089 1.74921 1.78582 1.82039 1.85266 1.88245 1.90964 1.9342 1.95612 1.97548 1.99235 2.00686 2.01912 2.02926 2.03739 2.04363 2.04804 2.05071 2.05165 2.05088 2.04837 2.04408 2.03791 2.02978 2.01956 2.00713 1.99233 1.97505 1.95517 1.9326 1.90731 1.8793 1.84865 1.81551 1.78012 1.74279 1.7039 1.66392 1.62333 1.5827 1.54255 1.50345 1.46588 1.4303 1.39707 1.36649 1.33875 1.31395 1.2921 1.27313 1.25691 1.24323 1.23187 1.22259 1.21512 1.2092 1.20459 1.20107 1.19845 1.19654 1.1952 1.19431 1.19376 1.19348 1.19339 1.19346 1.19363 1.19388 
1.18717 1.18752 1.18791 1.18836 1.18886 1.18946 1.19019 1.19112 1.19235 1.19398 1.19617 1.19909 1.20297 1.20805 1.21462 1.22296 1.23339 1.24621 1.2617 1.28011 1.3016 1.32629 1.35418 1.38517 1.41905 1.45553 1.49419 1.53456 1.57609 1.6182 1.6603 1.70184 1.74228 1.78115 1.81805 1.85266 1.88476 1.91419 1.94087 1.9648 1.98603 2.00466 2.02079 2.03459 2.04618 2.05573 2.06336 2.0692 2.07334 2.07585 2.07676 2.0761 2.07382 2.06988 2.06419 2.05664 2.0471 2.0354 2.02138 2.0049 1.98579 1.96394 1.93926 1.91172 1.88137 1.84832 1.81277 1.775 1.73541 1.69443 1.6526 1.61045 1.56859 1.52759 1.488 1.45032 1.41497 1.38229 1.35251 1.32579 1.30215 1.28155 1.26386 1.2489 1.23644 1.22621 1.21795 1.21139 1.20626 1.20233 1.19938 1.19722 1.19569 1.19466 1.19401 1.19365 1.19351 1.19354 1.19369 1.19392 
1.1872 1.18755 1.18796 1.18841 1.18895 1.18958 1.19038 1.19141 1.19276 1.19458 1.19702 1.20027 1.20458 1.21021 1.21746 1.22665 1.23808 1.25209 1.26895 1.2889 1.3121 1.33863 1.36846 1.40146 1.43737 1.47584 1.51642 1.55855 1.60167 1.64516 1.6884 1.7308 1.77183 1.81102 1.84799 1.88245 1.91419 1.94308 1.96911 1.9923 2.01273 2.03053 2.04585 2.05887 2.06976 2.07868 2.08579 2.09121 2.09505 2.0974 2.09828 2.09771 2.09567 2.0921 2.0869 2.07996 2.07111 2.0602 2.04703 2.03142 2.01319 1.99218 1.96826 1.94136 1.91149 1.87872 1.84323 1.80526 1.76519 1.72346 1.68058 1.63715 1.59377 1.55106 1.50961 1.46997 1.43261 1.39793 1.3662 1.3376 1.31221 1.29001 1.27088 1.25464 1.24107 1.2299 1.22085 1.21364 1.20798 1.20363 1.20035 1.19793 1.19621 1.19503 1.19427 1.19383 1.19364 1.19363 1.19375 1.19397 
1.18724 1.18759 1.188 1.18847 1.18903 1.18972 1.19058 1.1917 1.1932 1.1952 1.19789 1.20148 1.20623 1.21241 1.22035 1.23037 1.24282 1.258 1.2762 1.29765 1.3225 1.3508 1.38248 1.41738 1.45519 1.4955 1.53781 1.58154 1.62605 1.67071 1.71486 1.75792 1.79933 1.83865 1.87551 1.90964 1.94087 1.96911 1.99437 2.01672 2.03627 2.05319 2.06766 2.07988 2.09004 2.09832 2.10489 2.10989 2.11344 2.11561 2.11645 2.11598 2.11418 2.11097 2.10626 2.09992 2.09179 2.08169 2.0694 2.05471 2.03742 2.01733 1.99428 1.96815 1.93891 1.90659 1.87133 1.83336 1.79302 1.75074 1.70705 1.66254 1.61784 1.57361 1.53047 1.48902 1.4498 1.41322 1.37963 1.34924 1.32217 1.29841 1.27787 1.26038 1.24572 1.23362 1.22378 1.21591 1.20973 1.20495 1.20133 1.19866 1.19674 1.19541 1.19454 1.19402 1.19377 1.19372 1.19381 1.19401 
1.18728 1.18763 1.18804 1.18854 1.18912 1.18985 1.19078 1.19201 1.19364 1.19583 1.19878 1.2027 1.20788 1.21462 1.22324 1.23409 1.24751 1.26383 1.28334 1.30624 1.33266 1.36264 1.39607 1.43274 1.47229 1.51429 1.55816 1.60328 1.649 1.69462 1.7395 1.78302 1.82464 1.86393 1.90052 1.9342 1.9648 1.9923 2.01672 2.03817 2.05681 2.07283 2.08643 2.09784 2.10727 2.11491 2.12095 2.12554 2.12879 2.13079 2.1316 2.13122 2.12963 2.12676 2.12253 2.11679 2.10937 2.10006 2.08866 2.07492 2.0586 2.03948 2.01736 1.99209 1.96359 1.93186 1.89698 1.85917 1.81874 1.77611 1.73179 1.6864 1.64057 1.595 1.55035 1.50727 1.46632 1.42799 1.39265 1.36057 1.33189 1.30663 1.28473 1.26604 1.25031 1.2373 1.22669 1.21818 1.21147 1.20627 1.20232 1.19939 1.19727 1.19579 1.19481 1.19421 1.1939 1.19381 1.19388 1.19406 
1.18732 1.18767 1.18809 1.1886 1.18922 1.18999 1.19099 1.19231 1.19408 1.19646 1.19966 1.20392 1.20953 1.2168 1.22608 1.23773 1.2521 1.26952 1.29026 1.31453 1.34244 1.37399 1.40904 1.44734 1.48849 1.532 1.57725 1.6236 1.67033 1.71675 1.76217 1.80599 1.84767 1.88678 1.923 1.95612 1.98603 2.01273 2.03627 2.05681 2.07453 2.08965 2.1024 2.11302 2.12173 2.12877 2.13429 2.13848 2.14144 2.14328 2.14404 2.14374 2.14235 2.13982 2.13604 2.13086 2.12412 2.1156 2.10506 2.09225 2.0769 2.05877 2.03761 2.01325 1.98556 1.95449 1.92012 1.8826 1.84222 1.7994 1.75464 1.70854 1.66177 1.61505 1.56907 1.52451 1.48199 1.44205 1.40509 1.37143 1.34124 1.31457 1.29138 1.27153 1.25479 1.24089 1.22954 1.22041 1.21319 1.20758 1.2033 1.20012 1.1978 1.19617 1.19508 1.1944 1.19404 1.1939 1.19394 1.19411 
1.18736 1.18771 1.18814 1.18866 1.18931 1.19013 1.1912 1.19261 1.19452 1.19708 1.20053 1.20511 1.21113 1.21891 1.22883 1.24124 1.25651 1.27496 1.29686 1.32242 1.35171 1.38471 1.42125 1.46102 1.50361 1.54846 1.59493 1.64232 1.6899 1.73694 1.78276 1.82674 1.86836 1.9072 1.94297 1.97548 2.00466 2.03053 2.05319 2.07283 2.08965 2.10389 2.11582 2.12569 2.13374 2.14019 2.14523 2.14904 2.15174 2.15342 2.15413 2.1539 2.1527 2.15047 2.1471 2.14246 2.13635 2.12856 2.11885 2.10694 2.09254 2.07537 2.05518 2.03173 2.00488 1.97454 1.94074 1.9036 1.8634 1.82052 1.77545 1.72881 1.68128 1.63357 1.58643 1.54057 1.49665 1.45524 1.41681 1.38169 1.3501 1.32212 1.29772 1.27678 1.25907 1.24434 1.23228 1.22256 1.21485 1.20885 1.20426 1.20082 1.19832 1.19655 1.19535 1.19459 1.19417 1.194 1.19401 1.19416 
1.1874 1.18774 1.18818 1.18872 1.1894 1.19027 1.1914 1.19291 1.19494 1.19768 1.20136 1.20625 1.21265 1.22093 1.23144 1.24457 1.26067 1.28008 1.30306 1.32979 1.36034 1.39466 1.43253 1.47364 1.51749 1.56352 1.61103 1.6593 1.70757 1.7551 1.80119 1.84523 1.8867 1.92521 1.96048 1.99235 2.02079 2.04585 2.06766 2.08643 2.1024 2.11582 2.12698 2.13615 2.14357 2.14949 2.15409 2.15755 2.16 2.16153 2.16221 2.16203 2.161 2.15904 2.15605 2.15189 2.14637 2.13926 2.13031 2.11924 2.10573 2.08949 2.07022 2.04768 2.02167 1.99207 1.95887 1.92219 1.88224 1.8394 1.79416 1.74711 1.69895 1.65042 1.60229 1.55529 1.51013 1.46742 1.42765 1.39121 1.35835 1.32916 1.30366 1.2817 1.26311 1.2476 1.23487 1.22459 1.21643 1.21005 1.20517 1.2015 1.19882 1.19691 1.19561 1.19478 1.1943 1.19408 1.19407 1.19421 
1.18743 1.18778 1.18823 1.18878 1.18949 1.19039 1.19159 1.19318 1.19534 1.19824 1.20214 1.20731 1.21408 1.22281 1.23387 1.24765 1.26451 1.28479 1.30875 1.33654 1.36822 1.40371 1.44277 1.48504 1.53 1.57704 1.62544 1.67445 1.72328 1.77117 1.81743 1.86145 1.90272 1.94085 1.97561 2.00686 2.03459 2.05887 2.07988 2.09784 2.11302 2.12569 2.13615 2.14468 2.15154 2.15697 2.16118 2.16433 2.16655 2.16795 2.16858 2.16846 2.16757 2.16585 2.1632 2.15946 2.15446 2.14797 2.13972 2.12941 2.11672 2.10134 2.08294 2.06125 2.03605 2.00717 1.97459 1.93838 1.89873 1.85601 1.81068 1.76334 1.71469 1.66549 1.61651 1.56854 1.5223 1.47844 1.4375 1.39989 1.36588 1.33562 1.3091 1.28624 1.26683 1.25062 1.23728 1.22649 1.2179 1.21118 1.20602 1.20214 1.19928 1.19725 1.19585 1.19495 1.19442 1.19417 1.19413 1.19425 
1.18747 1.18782 1.18827 1.18884 1.18957 1.19051 1.19176 1.19344 1.19571 1.19876 1.20286 1.20829 1.21539 1.22452 1.23607 1.25043 1.26798 1.28904 1.31385 1.34258 1.37526 1.41177 1.45186 1.49513 1.54103 1.58893 1.63807 1.68767 1.73694 1.7851 1.83146 1.8754 1.91644 1.9542 1.98846 2.01912 2.04618 2.06976 2.09004 2.10727 2.12173 2.13374 2.14357 2.15154 2.15791 2.16292 2.16677 2.16965 2.17168 2.17296 2.17355 2.17347 2.1727 2.17119 2.16882 2.16546 2.16092 2.15497 2.14733 2.1377 2.12575 2.11114 2.09353 2.07262 2.04816 2.01997 1.98797 1.95223 1.9129 1.87034 1.82499 1.77745 1.72842 1.67867 1.629 1.5802 1.53305 1.4882 1.44624 1.40761 1.3726 1.34139 1.31399 1.29031 1.27018 1.25334 1.23946 1.22821 1.21924 1.21221 1.2068 1.20272 1.19971 1.19756 1.19608 1.19511 1.19453 1.19425 1.19419 1.19429 
1.1875 1.18785 1.18831 1.18889 1.18964 1.19062 1.19192 1.19367 1.19604 1.19923 1.2035 1.20916 1.21654 1.22603 1.23801 1.25288 1.27102 1.29274 1.3183 1.34783 1.38134 1.41872 1.45968 1.50379 1.55049 1.59909 1.64883 1.69891 1.74852 1.79688 1.84328 1.88712 1.92792 1.96533 1.99914 2.02926 2.05573 2.07868 2.09832 2.11491 2.12877 2.14019 2.14949 2.15697 2.16292 2.16756 2.17112 2.17376 2.17562 2.1768 2.17735 2.17731 2.17664 2.1753 2.17318 2.17014 2.16599 2.16049 2.15338 2.14434 2.13302 2.11908 2.10217 2.08194 2.05815 2.03057 1.99911 1.96379 1.92479 1.88239 1.83707 1.7894 1.74008 1.6899 1.63966 1.59019 1.54227 1.4966 1.45378 1.41428 1.37843 1.3464 1.31824 1.29387 1.27312 1.25572 1.24137 1.22972 1.22042 1.21311 1.20748 1.20323 1.20009 1.19784 1.19628 1.19525 1.19463 1.19432 1.19424 1.19433 
1.18753 1.18788 1.18834 1.18894 1.18971 1.19072 1.19206 1.19387 1.19632 1.19963 1.20405 1.2099 1.21753 1.22731 1.23965 1.25495 1.27358 1.29585 1.32202 1.35221 1.38642 1.42451 1.46617 1.51096 1.55829 1.60745 1.65767 1.70812 1.75799 1.80648 1.85289 1.89663 1.93721 1.97431 2.00773 2.03739 2.06336 2.08579 2.10489 2.12095 2.13429 2.14523 2.15409 2.16118 2.16677 2.17112 2.17443 2.17688 2.1786 2.17969 2.18022 2.1802 2.17962 2.17841 2.17649 2.17371 2.16988 2.16477 2.15809 2.14953 2.13874 2.12536 2.10902 2.08938 2.06614 2.03908 2.00809 1.97315 1.93443 1.8922 1.84692 1.79917 1.74964 1.69911 1.64843 1.59842 1.54989 1.50355 1.46004 1.41983 1.38328 1.35058 1.32179 1.29685 1.27558 1.25773 1.24299 1.231 1.22142 1.21389 1.20807 1.20367 1.20042 1.19808 1.19645 1.19537 1.19472 1.19438 1.19428 1.19437 
1.18755 1.1879 1.18837 1.18898 1.18976 1.1908 1.19218 1.19404 1.19656 1.19996 1.2045 1.2105 1.21832 1.22834 1.24097 1.2566 1.27561 1.29833 1.32497 1.35567 1.39042 1.42905 1.47126 1.51657 1.56438 1.61397 1.66455 1.71528 1.76533 1.81391 1.86032 1.90397 1.94437 1.98122 2.01432 2.04363 2.0692 2.09121 2.10989 2.12554 2.13848 2.14904 2.15755 2.16433 2.16965 2.17376 2.17688 2.17917 2.18079 2.18182 2.18232 2.18232 2.1818 2.18071 2.17894 2.17636 2.17278 2.16796 2.16162 2.15345 2.14307 2.13013 2.11425 2.09506 2.07226 2.04562 2.01499 1.98036 1.94186 1.89978 1.85454 1.80674 1.75705 1.70628 1.65526 1.60484 1.55584 1.509 1.46495 1.42419 1.3871 1.35389 1.32461 1.29922 1.27755 1.25934 1.24428 1.23203 1.22222 1.21451 1.20855 1.20403 1.20069 1.19827 1.19659 1.19548 1.19479 1.19443 1.19432 1.1944 
1.18757 1.18792 1.18839 1.18901 1.18981 1.19086 1.19227 1.19417 1.19674 1.2002 1.20483 1.21095 1.21891 1.2291 1.24194 1.25781 1.2771 1.30012 1.32711 1.35817 1.39329 1.43231 1.4749 1.52057 1.56872 1.61861 1.66944 1.72036 1.77053 1.81918 1.86559 1.90916 1.94945 1.98611 2.019 2.04804 2.07334 2.09505 2.11344 2.12879 2.14144 2.15174 2.16 2.16655 2.17168 2.17562 2.1786 2.18079 2.18232 2.1833 2.18379 2.1838 2.18333 2.18231 2.18066 2.17823 2.17483 2.17022 2.16413 2.15622 2.14615 2.13352 2.11796 2.0991 2.07661 2.05026 2.01989 1.98547 1.94714 1.90515 1.85995 1.8121 1.76231 1.71137 1.66012 1.60942 1.56009 1.51288 1.46846 1.42732 1.38985 1.35627 1.32665 1.30094 1.27898 1.26051 1.24523 1.23279 1.22282 1.21498 1.20891 1.2043 1.20089 1.19842 1.1967 1.19555 1.19485 1.19447 1.19435 1.19442 
1.18758 1.18793 1.18841 1.18903 1.18983 1.1909 1.19233 1.19425 1.19686 1.20037 1.20505 1.21124 1.21929 1.22959 1.24254 1.25856 1.27802 1.30122 1.3284 1.35967 1.39501 1.43425 1.47706 1.52294 1.57128 1.62134 1.67231 1.72334 1.7736 1.82229 1.8687 1.91225 1.95246 1.98904 2.0218 2.05071 2.07585 2.0974 2.11561 2.13079 2.14328 2.15342 2.16153 2.16795 2.17296 2.1768 2.17969 2.18182 2.1833 2.18425 2.18473 2.18475 2.18431 2.18334 2.18176 2.17942 2.17612 2.17165 2.1657 2.15796 2.14806 2.13561 2.12024 2.10156 2.07925 2.05306 2.02283 1.98853 1.95028 1.90834 1.86315 1.81527 1.76541 1.71436 1.66298 1.61211 1.56259 1.51518 1.47054 1.42919 1.3915 1.3577 1.32788 1.30199 1.27985 1.26123 1.24582 1.23326 1.2232 1.21527 1.20914 1.20448 1.20102 1.19852 1.19677 1.19561 1.19489 1.1945 1.19437 1.19443 
