4.16411 4.1643 4.16453 4.1648 4.16511 4.16545 4.16583 4.16625 4.16672 4.16723 4.16778 4.16838 4.16903 4.16974 4.1705 4.17133 4.17221 4.17316 4.17417 4.17525 4.17639 4.1776 4.17888 4.18022 4.18162 4.18308 4.1846 4.18617 4.18777 4.18942 4.19109 4.19278 4.19449 4.19619 4.19788 4.19955 4.20118 4.20277 4.2043 4.20576 4.20715 4.20844 4.20963 4.21071 4.21166 4.21249 4.21319 4.21374 4.21414 4.2144 4.2145 4.21445 4.21425 4.2139 4.21341 4.21277 4.21199 4.21109 4.21007 4.20893 4.20769 4.20636 4.20495 4.20348 4.20194 4.20036 4.19875 4.19711 4.19547 4.19383 4.1922 4.19059 4.18901 4.18747 4.18598 4.18454 4.18316 4.18185 4.18061 4.17944 4.17835 4.17734 4.1764 4.17554 4.17476 4.17406 4.17344 4.17289 4.17241 4.17199 4.17165 4.17137 4.17114 4.17098 4.17086 4.1708 4.17079 4.17082 4.17089 4.17101 
4.1643 4.1645 4.16473 4.165 4.1653 4.16565 4.16603 4.16645 4.16692 4.16743 4.16799 4.16859 4.16925 4.16996 4.17073 4.17156 4.17245 4.1734 4.17442 4.17551 4.17667 4.17789 4.17918 4.18054 4.18195 4.18343 4.18496 4.18655 4.18817 4.18984 4.19153 4.19324 4.19496 4.19668 4.19839 4.20008 4.20173 4.20334 4.20489 4.20637 4.20777 4.20908 4.21028 4.21137 4.21234 4.21318 4.21388 4.21444 4.21485 4.21511 4.21521 4.21516 4.21496 4.2146 4.2141 4.21345 4.21267 4.21176 4.21072 4.20957 4.20832 4.20697 4.20555 4.20405 4.2025 4.2009 4.19927 4.19761 4.19595 4.19429 4.19263 4.19101 4.18941 4.18785 4.18634 4.18489 4.1835 4.18217 4.18092 4.17974 4.17863 4.17761 4.17666 4.17579 4.17501 4.1743 4.17367 4.17311 4.17262 4.17221 4.17186 4.17157 4.17135 4.17118 4.17106 4.171 4.17098 4.17101 4.17109 4.1712 
4.16453 4.16473 4.16496 4.16523 4.16554 4.16589 4.16628 4.16671 4.16719 4.16771 4.16828 4.1689 4.16958 4.17031 4.1711 4.17195 4.17287 4.17385 4.1749 4.17602 4.17721 4.17847 4.1798 4.1812 4.18267 4.18419 4.18577 4.1874 4.18908 4.1908 4.19254 4.19431 4.19609 4.19786 4.19962 4.20137 4.20307 4.20473 4.20633 4.20785 4.20929 4.21064 4.21188 4.213 4.214 4.21486 4.21559 4.21616 4.21658 4.21685 4.21695 4.2169 4.21669 4.21632 4.2158 4.21513 4.21432 4.21338 4.21231 4.21112 4.20983 4.20844 4.20697 4.20543 4.20383 4.20218 4.20049 4.19879 4.19707 4.19535 4.19365 4.19197 4.19032 4.18871 4.18715 4.18565 4.18421 4.18284 4.18155 4.18033 4.17918 4.17812 4.17715 4.17625 4.17543 4.1747 4.17404 4.17346 4.17296 4.17253 4.17216 4.17186 4.17162 4.17144 4.17132 4.17125 4.17123 4.17125 4.17132 4.17144 
4.1648 4.165 4.16523 4.16551 4.16583 4.16618 4.16659 4.16703 4.16753 4.16807 4.16866 4.16931 4.17002 4.17078 4.17161 4.1725 4.17346 4.17449 4.1756 4.17678 4.17803 4.17935 4.18075 4.18222 4.18376 4.18536 4.18703 4.18874 4.19051 4.19231 4.19414 4.196 4.19786 4.19973 4.20158 4.2034 4.20519 4.20693 4.20861 4.21021 4.21172 4.21313 4.21443 4.21561 4.21665 4.21755 4.21831 4.21891 4.21934 4.21962 4.21973 4.21967 4.21945 4.21906 4.21851 4.21781 4.21696 4.21597 4.21485 4.2136 4.21225 4.21079 4.20924 4.20762 4.20594 4.20421 4.20244 4.20064 4.19884 4.19703 4.19524 4.19347 4.19174 4.19005 4.18841 4.18683 4.18531 4.18387 4.1825 4.18121 4.18001 4.17889 4.17785 4.17691 4.17604 4.17526 4.17457 4.17395 4.17341 4.17295 4.17255 4.17223 4.17197 4.17177 4.17163 4.17155 4.17152 4.17153 4.1716 4.17171 
4.16511 4.1653 4.16554 4.16583 4.16615 4.16653 4.16695 4.16742 4.16794 4.16851 4.16913 4.16982 4.17057 4.17138 4.17226 4.17322 4.17424 4.17534 4.17652 4.17778 4.17912 4.18054 4.18203 4.1836 4.18525 4.18696 4.18873 4.19057 4.19245 4.19438 4.19633 4.19831 4.2003 4.20229 4.20426 4.20621 4.20812 4.20997 4.21175 4.21345 4.21506 4.21656 4.21794 4.21919 4.2203 4.22125 4.22205 4.22269 4.22315 4.22344 4.22355 4.22349 4.22325 4.22284 4.22225 4.2215 4.2206 4.21954 4.21834 4.21701 4.21557 4.21401 4.21236 4.21064 4.20884 4.20699 4.2051 4.20319 4.20126 4.19934 4.19742 4.19553 4.19368 4.19187 4.19012 4.18842 4.1868 4.18525 4.18379 4.1824 4.18111 4.17991 4.17879 4.17777 4.17684 4.17599 4.17524 4.17457 4.17398 4.17347 4.17304 4.17268 4.17239 4.17217 4.172 4.1719 4.17185 4.17186 4.17191 4.17201 
4.16545 4.16565 4.16589 4.16618 4.16653 4.16692 4.16736 4.16786 4.16841 4.16902 4.1697 4.17043 4.17124 4.17212 4.17307 4.1741 4.17521 4.1764 4.17768 4.17904 4.18049 4.18202 4.18365 4.18535 4.18713 4.18898 4.19091 4.19289 4.19493 4.19701 4.19913 4.20127 4.20342 4.20556 4.20769 4.20979 4.21185 4.21384 4.21576 4.21759 4.21932 4.22094 4.22242 4.22376 4.22495 4.22598 4.22684 4.22752 4.22801 4.22832 4.22844 4.22837 4.22811 4.22766 4.22702 4.22621 4.22523 4.22409 4.2228 4.22137 4.2198 4.21813 4.21635 4.21448 4.21254 4.21055 4.20851 4.20644 4.20435 4.20227 4.2002 4.19815 4.19615 4.19419 4.19228 4.19045 4.18868 4.187 4.18541 4.1839 4.18249 4.18118 4.17996 4.17884 4.17782 4.17689 4.17606 4.17532 4.17467 4.17411 4.17362 4.17322 4.17289 4.17263 4.17243 4.1723 4.17224 4.17222 4.17227 4.17236 
4.16583 4.16603 4.16628 4.16659 4.16695 4.16736 4.16784 4.16837 4.16897 4.16963 4.17035 4.17116 4.17203 4.17299 4.17403 4.17515 4.17636 4.17767 4.17907 4.18056 4.18215 4.18383 4.18561 4.18747 4.18942 4.19145 4.19355 4.19573 4.19795 4.20023 4.20254 4.20487 4.20722 4.20956 4.21188 4.21416 4.2164 4.21857 4.22066 4.22265 4.22453 4.22628 4.22789 4.22935 4.23063 4.23175 4.23268 4.23341 4.23394 4.23428 4.2344 4.23432 4.23403 4.23354 4.23284 4.23196 4.23089 4.22965 4.22824 4.22668 4.22498 4.22315 4.22121 4.21918 4.21706 4.21488 4.21266 4.2104 4.20813 4.20585 4.20359 4.20135 4.19915 4.19701 4.19492 4.19291 4.19097 4.18913 4.18737 4.18572 4.18416 4.18271 4.18137 4.18013 4.179 4.17797 4.17704 4.17622 4.17549 4.17485 4.1743 4.17384 4.17346 4.17315 4.17292 4.17276 4.17267 4.17264 4.17266 4.17275 
4.16625 4.16645 4.16671 4.16703 4.16742 4.16786 4.16837 4.16895 4.16959 4.17031 4.17111 4.17199 4.17295 4.174 4.17514 4.17638 4.17772 4.17916 4.1807 4.18235 4.18411 4.18596 4.18792 4.18998 4.19213 4.19437 4.19669 4.19908 4.20153 4.20404 4.20658 4.20914 4.21172 4.21429 4.21683 4.21934 4.22179 4.22417 4.22645 4.22863 4.23069 4.2326 4.23436 4.23595 4.23736 4.23857 4.23958 4.24038 4.24096 4.24132 4.24145 4.24135 4.24103 4.24049 4.23973 4.23876 4.23759 4.23622 4.23467 4.23296 4.2311 4.22909 4.22696 4.22473 4.22241 4.22002 4.21757 4.21509 4.21259 4.21008 4.20759 4.20513 4.20271 4.20034 4.19804 4.19582 4.19368 4.19164 4.18969 4.18786 4.18613 4.18452 4.18302 4.18164 4.18038 4.17922 4.17818 4.17725 4.17643 4.17571 4.17508 4.17455 4.17411 4.17375 4.17347 4.17328 4.17315 4.17309 4.1731 4.17318 
4.16672 4.16692 4.16719 4.16753 4.16794 4.16841 4.16897 4.16959 4.1703 4.17109 4.17197 4.17293 4.174 4.17516 4.17642 4.1778 4.17928 4.18088 4.1826 4.18443 4.18637 4.18843 4.19061 4.19289 4.19527 4.19775 4.20032 4.20297 4.20568 4.20845 4.21126 4.21409 4.21693 4.21977 4.22257 4.22534 4.22804 4.23065 4.23317 4.23556 4.23782 4.23992 4.24185 4.24359 4.24513 4.24646 4.24757 4.24844 4.24907 4.24946 4.2496 4.24949 4.24913 4.24853 4.24769 4.24662 4.24533 4.24382 4.24212 4.24023 4.23818 4.23597 4.23362 4.23116 4.2286 4.22596 4.22326 4.22052 4.21776 4.21499 4.21223 4.20951 4.20683 4.2042 4.20165 4.19918 4.19681 4.19454 4.19238 4.19033 4.18841 4.18661 4.18493 4.18338 4.18196 4.18067 4.17949 4.17844 4.1775 4.17668 4.17596 4.17535 4.17484 4.17442 4.17409 4.17385 4.17368 4.1736 4.17359 4.17365 
4.16723 4.16743 4.16771 4.16807 4.16851 4.16902 4.16963 4.17031 4.17109 4.17196 4.17293 4.174 4.17518 4.17647 4.17788 4.17941 4.18106 4.18284 4.18475 4.18679 4.18895 4.19125 4.19367 4.19621 4.19886 4.20161 4.20447 4.20741 4.21042 4.21349 4.2166 4.21974 4.22288 4.22602 4.22912 4.23217 4.23515 4.23804 4.24081 4.24345 4.24594 4.24825 4.25037 4.25229 4.25398 4.25544 4.25665 4.2576 4.2583 4.25872 4.25886 4.25874 4.25834 4.25767 4.25675 4.25556 4.25413 4.25247 4.25059 4.2485 4.24623 4.24379 4.2412 4.23848 4.23565 4.23273 4.22974 4.22671 4.22365 4.22058 4.21752 4.2145 4.21152 4.20861 4.20577 4.20302 4.20038 4.19784 4.19543 4.19315 4.19099 4.18898 4.1871 4.18536 4.18376 4.1823 4.18097 4.17978 4.17872 4.17778 4.17696 4.17625 4.17565 4.17516 4.17477 4.17448 4.17427 4.17415 4.17412 4.17416 
4.16778 4.16799 4.16828 4.16866 4.16913 4.1697 4.17035 4.17111 4.17197 4.17293 4.174 4.17519 4.1765 4.17794 4.17951 4.18122 4.18306 4.18505 4.18717 4.18945 4.19187 4.19442 4.19712 4.19995 4.2029 4.20597 4.20914 4.21241 4.21575 4.21916 4.22261 4.22609 4.22958 4.23305 4.23648 4.23986 4.24315 4.24634 4.2494 4.25231 4.25505 4.2576 4.25993 4.26204 4.26391 4.26551 4.26684 4.26789 4.26864 4.2691 4.26926 4.26911 4.26867 4.26793 4.2669 4.26559 4.26401 4.26217 4.26009 4.25779 4.25528 4.25258 4.24971 4.2467 4.24357 4.24034 4.23703 4.23367 4.23027 4.22687 4.22348 4.22012 4.2168 4.21356 4.2104 4.20734 4.20439 4.20157 4.19887 4.19632 4.19391 4.19164 4.18954 4.18758 4.18578 4.18413 4.18263 4.18128 4.18007 4.179 4.17806 4.17725 4.17656 4.17599 4.17552 4.17517 4.17492 4.17476 4.1747 4.17473 
4.16838 4.16859 4.1689 4.16931 4.16982 4.17043 4.17116 4.17199 4.17293 4.174 4.17519 4.17652 4.17798 4.17958 4.18133 4.18323 4.18529 4.18751 4.18988 4.19242 4.19512 4.19797 4.20097 4.20412 4.20741 4.21083 4.21436 4.21799 4.2217 4.22548 4.22931 4.23317 4.23703 4.24087 4.24467 4.2484 4.25204 4.25556 4.25894 4.26215 4.26517 4.26798 4.27055 4.27287 4.27492 4.27668 4.27814 4.27929 4.28012 4.28062 4.28078 4.28062 4.28013 4.2793 4.27817 4.27672 4.27497 4.27294 4.27064 4.26809 4.26532 4.26233 4.25917 4.25584 4.25237 4.24879 4.24513 4.2414 4.23764 4.23387 4.2301 4.22637 4.22269 4.21908 4.21557 4.21216 4.20887 4.20572 4.20271 4.19985 4.19715 4.19462 4.19225 4.19005 4.18803 4.18617 4.18447 4.18294 4.18157 4.18035 4.17928 4.17835 4.17756 4.17689 4.17635 4.17593 4.17562 4.17542 4.17533 4.17534 
4.16903 4.16925 4.16958 4.17002 4.17057 4.17124 4.17203 4.17295 4.174 4.17518 4.1765 4.17798 4.1796 4.18139 4.18334 4.18546 4.18776 4.19023 4.19288 4.19571 4.19871 4.20189 4.20524 4.20875 4.2124 4.2162 4.22012 4.22415 4.22827 4.23247 4.23671 4.24098 4.24525 4.2495 4.2537 4.25782 4.26183 4.26572 4.26944 4.27298 4.2763 4.27939 4.28222 4.28477 4.28703 4.28896 4.29056 4.29182 4.29272 4.29327 4.29344 4.29326 4.29271 4.2918 4.29054 4.28894 4.28701 4.28477 4.28224 4.27943 4.27636 4.27307 4.26957 4.26589 4.26206 4.25811 4.25405 4.24993 4.24576 4.24158 4.23741 4.23327 4.22918 4.22518 4.22127 4.21748 4.21382 4.2103 4.20694 4.20375 4.20074 4.1979 4.19525 4.19279 4.19051 4.18842 4.18651 4.18478 4.18323 4.18184 4.18062 4.17956 4.17865 4.17788 4.17725 4.17676 4.17639 4.17614 4.17601 4.176 
4.16974 4.16996 4.17031 4.17078 4.17138 4.17212 4.17299 4.174 4.17516 4.17647 4.17794 4.17958 4.18139 4.18338 4.18555 4.18792 4.19047 4.19323 4.19618 4.19933 4.20267 4.20621 4.20993 4.21382 4.21788 4.2221 4.22645 4.23091 4.23548 4.24012 4.24481 4.24953 4.25425 4.25894 4.26357 4.26811 4.27254 4.27681 4.28091 4.2848 4.28845 4.29185 4.29495 4.29775 4.30022 4.30234 4.30409 4.30547 4.30645 4.30705 4.30724 4.30703 4.30642 4.30542 4.30403 4.30226 4.30014 4.29767 4.29488 4.29178 4.28841 4.28478 4.28092 4.27687 4.27265 4.26828 4.26381 4.25925 4.25465 4.25002 4.24541 4.24082 4.2363 4.23185 4.22752 4.22331 4.21924 4.21533 4.21159 4.20804 4.20467 4.20151 4.19854 4.19578 4.19323 4.19088 4.18874 4.18679 4.18504 4.18347 4.18209 4.18088 4.17984 4.17896 4.17823 4.17765 4.17722 4.17692 4.17676 4.17672 
4.1705 4.17073 4.1711 4.17161 4.17226 4.17307 4.17403 4.17514 4.17642 4.17788 4.17951 4.18133 4.18334 4.18555 4.18797 4.1906 4.19344 4.1965 4.19978 4.20328 4.20699 4.21092 4.21505 4.21936 4.22386 4.22853 4.23334 4.23828 4.24332 4.24845 4.25363 4.25883 4.26403 4.26919 4.27429 4.27928 4.28414 4.28884 4.29334 4.2976 4.30161 4.30533 4.30873 4.3118 4.3145 4.31681 4.31873 4.32023 4.32131 4.32195 4.32215 4.32192 4.32124 4.32014 4.31861 4.31667 4.31434 4.31163 4.30856 4.30516 4.30146 4.29747 4.29323 4.28877 4.28412 4.27932 4.27439 4.26937 4.2643 4.25919 4.2541 4.24903 4.24403 4.23912 4.23432 4.22966 4.22515 4.22081 4.21666 4.21271 4.20896 4.20544 4.20213 4.19905 4.1962 4.19357 4.19117 4.18898 4.18701 4.18525 4.18368 4.18231 4.18113 4.18013 4.17929 4.17863 4.17812 4.17776 4.17756 4.1775 
4.17133 4.17156 4.17195 4.1725 4.17322 4.1741 4.17515 4.17638 4.1778 4.17941 4.18122 4.18323 4.18546 4.18792 4.1906 4.19351 4.19667 4.20006 4.2037 4.20758 4.21169 4.21603 4.2206 4.22537 4.23034 4.23549 4.2408 4.24625 4.25181 4.25745 4.26315 4.26887 4.27458 4.28025 4.28584 4.29132 4.29665 4.30179 4.30671 4.31138 4.31577 4.31983 4.32355 4.32689 4.32984 4.33236 4.33445 4.33609 4.33725 4.33795 4.33817 4.3379 4.33716 4.33595 4.33428 4.33216 4.3296 4.32663 4.32327 4.31955 4.31549 4.31112 4.30647 4.30158 4.29648 4.29121 4.2858 4.28028 4.2747 4.26909 4.26348 4.2579 4.25239 4.24697 4.24168 4.23653 4.23154 4.22674 4.22214 4.21776 4.21361 4.2097 4.20603 4.2026 4.19942 4.19649 4.19381 4.19136 4.18915 4.18717 4.18541 4.18387 4.18253 4.18139 4.18044 4.17968 4.17909 4.17867 4.17842 4.17833 
4.17221 4.17245 4.17287 4.17346 4.17424 4.17521 4.17636 4.17772 4.17928 4.18106 4.18306 4.18529 4.18776 4.19047 4.19344 4.19667 4.20016 4.20391 4.20793 4.21222 4.21676 4.22155 4.22659 4.23185 4.23733 4.243 4.24884 4.25482 4.26093 4.26712 4.27337 4.27964 4.2859 4.29211 4.29823 4.30421 4.31004 4.31565 4.32103 4.32612 4.3309 4.33533 4.33937 4.34301 4.34622 4.34896 4.35123 4.35301 4.35428 4.35503 4.35526 4.35497 4.35415 4.35283 4.351 4.34868 4.34589 4.34266 4.33899 4.33492 4.33049 4.32571 4.32063 4.31529 4.30971 4.30394 4.29802 4.29198 4.28586 4.27971 4.27355 4.26743 4.26137 4.25542 4.24959 4.24391 4.23842 4.23313 4.22805 4.22322 4.21863 4.21429 4.21023 4.20643 4.2029 4.19964 4.19665 4.19393 4.19146 4.18925 4.18728 4.18554 4.18404 4.18275 4.18168 4.18081 4.18013 4.17965 4.17935 4.17923 
4.17316 4.1734 4.17385 4.17449 4.17534 4.1764 4.17767 4.17916 4.18088 4.18284 4.18505 4.18751 4.19023 4.19323 4.1965 4.20006 4.20391 4.20805 4.21248 4.2172 4.2222 4.22748 4.23301 4.2388 4.24481 4.25103 4.25744 4.264 4.27068 4.27746 4.28429 4.29115 4.29798 4.30475 4.31142 4.31795 4.32429 4.3304 4.33625 4.34179 4.34698 4.35179 4.35618 4.36013 4.36361 4.36658 4.36904 4.37096 4.37233 4.37314 4.37339 4.37306 4.37218 4.37073 4.36875 4.36622 4.36319 4.35967 4.35568 4.35125 4.34642 4.34123 4.3357 4.32987 4.32379 4.3175 4.31104 4.30444 4.29776 4.29104 4.2843 4.2776 4.27097 4.26444 4.25805 4.25182 4.24579 4.23997 4.23439 4.22906 4.224 4.21922 4.21473 4.21053 4.20663 4.20302 4.19971 4.19668 4.19394 4.19148 4.18928 4.18734 4.18566 4.18422 4.18301 4.18202 4.18125 4.1807 4.18034 4.18019 
4.17417 4.17442 4.1749 4.1756 4.17652 4.17768 4.17907 4.1807 4.1826 4.18475 4.18717 4.18988 4.19288 4.19618 4.19978 4.2037 4.20793 4.21248 4.21735 4.22253 4.22802 4.2338 4.23987 4.24621 4.25279 4.25959 4.26659 4.27375 4.28105 4.28844 4.29589 4.30335 4.31079 4.31816 4.32541 4.33249 4.33938 4.34601 4.35235 4.35835 4.36397 4.36918 4.37393 4.3782 4.38196 4.38517 4.38783 4.3899 4.39138 4.39225 4.39251 4.39215 4.39119 4.38962 4.38747 4.38473 4.38145 4.37763 4.3733 4.3685 4.36327 4.35763 4.35163 4.3453 4.3387 4.33186 4.32483 4.31766 4.31038 4.30305 4.29571 4.2884 4.28116 4.27403 4.26705 4.26024 4.25363 4.24726 4.24114 4.23529 4.22974 4.22448 4.21954 4.21492 4.21062 4.20664 4.20297 4.19963 4.19659 4.19386 4.19142 4.18927 4.18739 4.18578 4.18442 4.18331 4.18245 4.18181 4.18141 4.18122 
4.17525 4.17551 4.17602 4.17678 4.17778 4.17904 4.18056 4.18235 4.18443 4.18679 4.18945 4.19242 4.19571 4.19933 4.20328 4.20758 4.21222 4.2172 4.22253 4.2282 4.2342 4.24052 4.24715 4.25407 4.26125 4.26866 4.27629 4.28408 4.29202 4.30005 4.30814 4.31624 4.32431 4.33229 4.34014 4.34782 4.35526 4.36243 4.36928 4.37576 4.38183 4.38744 4.39257 4.39718 4.40122 4.40468 4.40754 4.40977 4.41136 4.41229 4.41256 4.41218 4.41113 4.40944 4.40711 4.40416 4.40061 4.39648 4.39181 4.38663 4.38097 4.37487 4.36838 4.36154 4.35439 4.34698 4.33936 4.33158 4.32369 4.31574 4.30776 4.29982 4.29194 4.28418 4.27657 4.26914 4.26194 4.25498 4.24829 4.2419 4.23582 4.23007 4.22465 4.21958 4.21486 4.21048 4.20645 4.20276 4.19942 4.1964 4.1937 4.19132 4.18923 4.18744 4.18593 4.18469 4.18372 4.183 4.18254 4.18232 
4.17639 4.17667 4.17721 4.17803 4.17912 4.18049 4.18215 4.18411 4.18637 4.18895 4.19187 4.19512 4.19871 4.20267 4.20699 4.21169 4.21676 4.2222 4.22802 4.2342 4.24074 4.24763 4.25485 4.26237 4.27017 4.27823 4.2865 4.29496 4.30356 4.31226 4.32102 4.32978 4.3385 4.34712 4.35559 4.36387 4.3719 4.37962 4.387 4.39397 4.4005 4.40654 4.41205 4.41699 4.42133 4.42505 4.42811 4.4305 4.4322 4.4332 4.43349 4.43307 4.43194 4.43012 4.42761 4.42444 4.42062 4.41618 4.41115 4.40557 4.39947 4.39291 4.38591 4.37853 4.37082 4.36282 4.3546 4.34619 4.33766 4.32905 4.32042 4.31181 4.30328 4.29486 4.2866 4.27853 4.2707 4.26313 4.25585 4.24888 4.24225 4.23597 4.23006 4.22451 4.21934 4.21455 4.21013 4.20609 4.20241 4.19909 4.19612 4.19349 4.19119 4.18921 4.18753 4.18616 4.18507 4.18427 4.18374 4.18348 
4.1776 4.17789 4.17847 4.17935 4.18054 4.18202 4.18383 4.18596 4.18843 4.19125 4.19442 4.19797 4.20189 4.20621 4.21092 4.21603 4.22155 4.22748 4.2338 4.24052 4.24763 4.25511 4.26293 4.27109 4.27954 4.28826 4.29721 4.30636 4.31565 4.32504 4.33448 4.34392 4.35331 4.36259 4.37171 4.38061 4.38923 4.39752 4.40544 4.41291 4.41991 4.42638 4.43228 4.43757 4.44222 4.4462 4.44947 4.45202 4.45384 4.4549 4.45521 4.45475 4.45354 4.45159 4.4489 4.4455 4.4414 4.43664 4.43125 4.42526 4.41872 4.41167 4.40416 4.39623 4.38794 4.37934 4.37049 4.36144 4.35225 4.34297 4.33366 4.32436 4.31514 4.30604 4.2971 4.28837 4.27989 4.27168 4.26378 4.25622 4.24901 4.24219 4.23575 4.2297 4.22407 4.21884 4.21401 4.20959 4.20557 4.20193 4.19867 4.19578 4.19325 4.19107 4.18922 4.1877 4.1865 4.1856 4.18501 4.18471 
4.17888 4.17918 4.1798 4.18075 4.18203 4.18365 4.18561 4.18792 4.19061 4.19367 4.19712 4.20097 4.20524 4.20993 4.21505 4.2206 4.22659 4.23301 4.23987 4.24715 4.25485 4.26293 4.2714 4.28021 4.28933 4.29874 4.30839 4.31824 4.32824 4.33834 4.34849 4.35863 4.36871 4.37866 4.38843 4.39797 4.4072 4.41607 4.42453 4.43252 4.44 4.44691 4.4532 4.45885 4.46381 4.46804 4.47153 4.47425 4.47618 4.47731 4.47763 4.47714 4.47585 4.47376 4.47089 4.46725 4.46288 4.45779 4.45203 4.44564 4.43864 4.4311 4.42306 4.41457 4.40569 4.39647 4.38698 4.37727 4.3674 4.35743 4.34742 4.33742 4.3275 4.31769 4.30806 4.29864 4.28948 4.28061 4.27207 4.26389 4.25609 4.24869 4.2417 4.23515 4.22902 4.22334 4.21809 4.21327 4.20888 4.20491 4.20135 4.1982 4.19543 4.19303 4.191 4.18933 4.188 4.18701 4.18634 4.186 
4.18022 4.18054 4.1812 4.18222 4.1836 4.18535 4.18747 4.18998 4.19289 4.19621 4.19995 4.20412 4.20875 4.21382 4.21936 4.22537 4.23185 4.2388 4.24621 4.25407 4.26237 4.27109 4.28021 4.28969 4.29951 4.30962 4.31999 4.33056 4.34129 4.35212 4.36299 4.37384 4.38462 4.39527 4.40571 4.41588 4.42573 4.43519 4.44421 4.45272 4.46068 4.46803 4.47473 4.48073 4.486 4.4905 4.4942 4.49709 4.49913 4.50033 4.50067 4.50015 4.49877 4.49655 4.49349 4.48962 4.48496 4.47955 4.47342 4.4666 4.45915 4.45111 4.44254 4.43348 4.424 4.41416 4.40401 4.39363 4.38307 4.37239 4.36167 4.35095 4.3403 4.32978 4.31942 4.3093 4.29944 4.2899 4.28069 4.27187 4.26346 4.25546 4.24792 4.24082 4.23419 4.22803 4.22234 4.21712 4.21235 4.20803 4.20416 4.20072 4.1977 4.19509 4.19287 4.19104 4.18958 4.18848 4.18775 4.18736 
4.18162 4.18195 4.18267 4.18376 4.18525 4.18713 4.18942 4.19213 4.19527 4.19886 4.2029 4.20741 4.2124 4.21788 4.22386 4.23034 4.23733 4.24481 4.25279 4.26125 4.27017 4.27954 4.28933 4.29951 4.31003 4.32087 4.33197 4.34328 4.35475 4.36632 4.37792 4.38951 4.401 4.41233 4.42345 4.43428 4.44475 4.4548 4.46438 4.47342 4.48186 4.48966 4.49676 4.50312 4.5087 4.51346 4.51738 4.52043 4.5226 4.52386 4.52422 4.52366 4.5222 4.51984 4.5166 4.5125 4.50756 4.50182 4.49531 4.48808 4.48017 4.47163 4.46251 4.45288 4.4428 4.43232 4.42151 4.41045 4.39919 4.3878 4.37634 4.36489 4.35351 4.34224 4.33116 4.32031 4.30974 4.2995 4.28962 4.28014 4.27109 4.26249 4.25436 4.24672 4.23957 4.23292 4.22677 4.22112 4.21596 4.21129 4.20709 4.20335 4.20007 4.19723 4.19482 4.19282 4.19122 4.19003 4.18921 4.18879 
4.18308 4.18343 4.18419 4.18536 4.18696 4.18898 4.19145 4.19437 4.19775 4.20161 4.20597 4.21083 4.2162 4.2221 4.22853 4.23549 4.243 4.25103 4.25959 4.26866 4.27823 4.28826 4.29874 4.30962 4.32087 4.33244 4.34429 4.35635 4.36857 4.38088 4.39323 4.40555 4.41776 4.4298 4.44159 4.45307 4.46417 4.47482 4.48496 4.49452 4.50345 4.51169 4.51919 4.52591 4.5318 4.53683 4.54096 4.54418 4.54646 4.54779 4.54817 4.54758 4.54603 4.54354 4.54011 4.53578 4.53056 4.52449 4.51761 4.50996 4.50159 4.49255 4.48289 4.47269 4.462 4.45088 4.43941 4.42766 4.41569 4.40357 4.39139 4.37919 4.36706 4.35505 4.34322 4.33164 4.32034 4.30939 4.29882 4.28867 4.27897 4.26974 4.26102 4.25281 4.24512 4.23797 4.23135 4.22526 4.2197 4.21466 4.21012 4.20609 4.20254 4.19946 4.19684 4.19467 4.19294 4.19163 4.19074 4.19027 
4.1846 4.18496 4.18577 4.18703 4.18873 4.19091 4.19355 4.19669 4.20032 4.20447 4.20914 4.21436 4.22012 4.22645 4.23334 4.2408 4.24884 4.25744 4.26659 4.27629 4.2865 4.29721 4.30839 4.31999 4.33197 4.34429 4.35688 4.3697 4.38268 4.39575 4.40885 4.4219 4.43483 4.44757 4.46004 4.47218 4.4839 4.49515 4.50584 4.51593 4.52534 4.53402 4.54192 4.54899 4.55519 4.56048 4.56483 4.56822 4.57061 4.57201 4.5724 4.57178 4.57015 4.56753 4.56392 4.55936 4.55386 4.54747 4.54021 4.53215 4.52332 4.51378 4.50359 4.49281 4.48151 4.46976 4.45762 4.44518 4.4325 4.41966 4.40673 4.39379 4.3809 4.36814 4.35556 4.34323 4.3312 4.31952 4.30825 4.29741 4.28705 4.27719 4.26786 4.25907 4.25084 4.24317 4.23606 4.22953 4.22355 4.21813 4.21325 4.20891 4.20508 4.20176 4.19893 4.19659 4.19471 4.19329 4.19233 4.19181 
4.18617 4.18655 4.1874 4.18874 4.19057 4.19289 4.19573 4.19908 4.20297 4.20741 4.21241 4.21799 4.22415 4.23091 4.23828 4.24625 4.25482 4.264 4.27375 4.28408 4.29496 4.30636 4.31824 4.33056 4.34328 4.35635 4.3697 4.38328 4.39702 4.41085 4.42469 4.43848 4.45213 4.46557 4.47872 4.4915 4.50385 4.51568 4.52693 4.53753 4.54742 4.55654 4.56483 4.57226 4.57876 4.58431 4.58887 4.59242 4.59493 4.5964 4.5968 4.59615 4.59444 4.59169 4.5879 4.58311 4.57734 4.57063 4.56301 4.55453 4.54525 4.53522 4.5245 4.51315 4.50124 4.48886 4.47606 4.46293 4.44954 4.43597 4.42231 4.40861 4.39497 4.38144 4.36811 4.35503 4.34226 4.32985 4.31787 4.30634 4.29531 4.2848 4.27485 4.26548 4.25669 4.24849 4.2409 4.23391 4.22751 4.2217 4.21647 4.21181 4.2077 4.20413 4.20109 4.19856 4.19654 4.19501 4.19396 4.19339 
4.18777 4.18817 4.18908 4.19051 4.19245 4.19493 4.19795 4.20153 4.20568 4.21042 4.21575 4.2217 4.22827 4.23548 4.24332 4.25181 4.26093 4.27068 4.28105 4.29202 4.30356 4.31565 4.32824 4.34129 4.35475 4.36857 4.38268 4.39702 4.41152 4.4261 4.44069 4.4552 4.46957 4.48371 4.49753 4.51096 4.52391 4.53633 4.54812 4.55923 4.56959 4.57914 4.58782 4.59558 4.60239 4.60819 4.61296 4.61666 4.61929 4.62082 4.62124 4.62056 4.61877 4.61589 4.61194 4.60692 4.60089 4.59386 4.58588 4.57701 4.56728 4.55676 4.54551 4.5336 4.5211 4.50809 4.49463 4.48082 4.46673 4.45244 4.43803 4.42359 4.40919 4.39491 4.38082 4.36698 4.35347 4.34033 4.32763 4.3154 4.3037 4.29254 4.28197 4.272 4.26265 4.25392 4.24583 4.23838 4.23155 4.22535 4.21976 4.21478 4.21038 4.20656 4.2033 4.20059 4.19841 4.19677 4.19564 4.19502 
4.18942 4.18984 4.1908 4.19231 4.19438 4.19701 4.20023 4.20404 4.20845 4.21349 4.21916 4.22548 4.23247 4.24012 4.24845 4.25745 4.26712 4.27746 4.28844 4.30005 4.31226 4.32504 4.33834 4.35212 4.36632 4.38088 4.39575 4.41085 4.4261 4.44143 4.45675 4.472 4.48707 4.50189 4.51637 4.53043 4.54399 4.55698 4.56931 4.58092 4.59173 4.6017 4.61076 4.61886 4.62595 4.632 4.63697 4.64083 4.64357 4.64516 4.6456 4.64489 4.64303 4.64003 4.6359 4.63067 4.62438 4.61704 4.60872 4.59945 4.58929 4.57829 4.56653 4.55407 4.54099 4.52735 4.51325 4.49876 4.48398 4.46897 4.45384 4.43865 4.4235 4.40846 4.39362 4.37903 4.36477 4.35091 4.33749 4.32456 4.31218 4.30037 4.28918 4.27861 4.26869 4.25943 4.25084 4.24291 4.23566 4.22906 4.22311 4.21779 4.21311 4.20903 4.20555 4.20265 4.20033 4.19856 4.19735 4.19668 
4.19109 4.19153 4.19254 4.19414 4.19633 4.19913 4.20254 4.20658 4.21126 4.2166 4.22261 4.22931 4.23671 4.24481 4.25363 4.26315 4.27337 4.28429 4.29589 4.30814 4.32102 4.33448 4.34849 4.36299 4.37792 4.39323 4.40885 4.42469 4.44069 4.45675 4.47281 4.48876 4.50453 4.52002 4.53515 4.54983 4.56398 4.57752 4.59037 4.60247 4.61373 4.6241 4.63353 4.64195 4.64933 4.65562 4.66078 4.6648 4.66764 4.6693 4.66976 4.66902 4.66708 4.66396 4.65967 4.65424 4.64769 4.64006 4.6314 4.62175 4.61116 4.59971 4.58744 4.57444 4.56079 4.54655 4.53181 4.51667 4.50119 4.48549 4.46963 4.45371 4.43782 4.42204 4.40644 4.39111 4.37612 4.36152 4.34739 4.33377 4.32071 4.30826 4.29643 4.28527 4.27478 4.26499 4.25589 4.2475 4.2398 4.23281 4.22649 4.22085 4.21587 4.21154 4.20783 4.20475 4.20227 4.20039 4.19909 4.19838 
4.19278 4.19324 4.19431 4.196 4.19831 4.20127 4.20487 4.20914 4.21409 4.21974 4.22609 4.23317 4.24098 4.24953 4.25883 4.26887 4.27964 4.29115 4.30335 4.31624 4.32978 4.34392 4.35863 4.37384 4.38951 4.40555 4.4219 4.43848 4.4552 4.472 4.48876 4.50541 4.52185 4.538 4.55376 4.56904 4.58377 4.59785 4.61121 4.62377 4.63547 4.64624 4.65601 4.66475 4.6724 4.67892 4.68427 4.68843 4.69138 4.6931 4.69357 4.69281 4.6908 4.68757 4.68313 4.6775 4.6707 4.66279 4.6538 4.64378 4.63279 4.62089 4.60814 4.59462 4.5804 4.56558 4.55022 4.53443 4.51829 4.50189 4.48533 4.46869 4.45207 4.43555 4.41922 4.40316 4.38744 4.37212 4.35729 4.34298 4.32925 4.31615 4.3037 4.29194 4.28089 4.27056 4.26096 4.2521 4.24397 4.23658 4.2299 4.22393 4.21866 4.21406 4.21014 4.20687 4.20423 4.20223 4.20085 4.20009 
4.19449 4.19496 4.19609 4.19786 4.2003 4.20342 4.20722 4.21172 4.21693 4.22288 4.22958 4.23703 4.24525 4.25425 4.26403 4.27458 4.2859 4.29798 4.31079 4.32431 4.3385 4.35331 4.36871 4.38462 4.401 4.41776 4.43483 4.45213 4.46957 4.48707 4.50453 4.52185 4.53896 4.55574 4.57211 4.58798 4.60325 4.61786 4.6317 4.64472 4.65683 4.66798 4.6781 4.68713 4.69504 4.70178 4.70732 4.71162 4.71467 4.71644 4.71694 4.71615 4.71408 4.71074 4.70614 4.70032 4.6933 4.68512 4.67581 4.66544 4.65406 4.64172 4.62851 4.61448 4.59973 4.58434 4.56838 4.55197 4.53518 4.51811 4.50086 4.48352 4.46618 4.44895 4.43189 4.41511 4.39867 4.38265 4.36712 4.35213 4.33774 4.324 4.31094 4.29859 4.28698 4.27612 4.26603 4.2567 4.24814 4.24035 4.23331 4.22701 4.22144 4.2166 4.21245 4.20899 4.20621 4.20409 4.20262 4.20181 
4.19619 4.19668 4.19786 4.19973 4.20229 4.20556 4.20956 4.21429 4.21977 4.22602 4.23305 4.24087 4.2495 4.25894 4.26919 4.28025 4.29211 4.30475 4.31816 4.33229 4.34712 4.36259 4.37866 4.39527 4.41233 4.4298 4.44757 4.46557 4.48371 4.50189 4.52002 4.538 4.55574 4.57313 4.59009 4.60652 4.62233 4.63744 4.65175 4.6652 4.67771 4.68922 4.69966 4.70898 4.71714 4.72409 4.7298 4.73424 4.73738 4.73921 4.73972 4.73891 4.73678 4.73334 4.72861 4.7226 4.71536 4.70692 4.69732 4.68661 4.67485 4.66211 4.64844 4.63393 4.61867 4.60272 4.58619 4.56917 4.55175 4.53404 4.51612 4.4981 4.48007 4.46213 4.44438 4.42689 4.40975 4.39304 4.37683 4.36118 4.34614 4.33177 4.3181 4.30518 4.29301 4.28164 4.27105 4.26127 4.25228 4.24409 4.2367 4.23008 4.22422 4.21912 4.21475 4.21111 4.20817 4.20594 4.20439 4.20353 
4.19788 4.19839 4.19962 4.20158 4.20426 4.20769 4.21188 4.21683 4.22257 4.22912 4.23648 4.24467 4.2537 4.26357 4.27429 4.28584 4.29823 4.31142 4.32541 4.34014 4.35559 4.37171 4.38843 4.40571 4.42345 4.44159 4.46004 4.47872 4.49753 4.51637 4.53515 4.55376 4.57211 4.59009 4.60762 4.62458 4.6409 4.65648 4.67124 4.6851 4.69799 4.70984 4.72059 4.73019 4.73858 4.74573 4.7516 4.75617 4.7594 4.76128 4.76181 4.76098 4.75879 4.75526 4.75039 4.74422 4.73678 4.72809 4.71821 4.70718 4.69507 4.68193 4.66784 4.65287 4.63711 4.62064 4.60356 4.58596 4.56793 4.54959 4.53103 4.51235 4.49366 4.47504 4.4566 4.43843 4.42062 4.40324 4.38636 4.37006 4.35439 4.33941 4.32516 4.31166 4.29896 4.28707 4.27601 4.26577 4.25637 4.2478 4.24005 4.23311 4.22697 4.22162 4.21703 4.21321 4.21013 4.20777 4.20615 4.20524 
4.19955 4.20008 4.20137 4.2034 4.20621 4.20979 4.21416 4.21934 4.22534 4.23217 4.23986 4.2484 4.25782 4.26811 4.27928 4.29132 4.30421 4.31795 4.33249 4.34782 4.36387 4.38061 4.39797 4.41588 4.43428 4.45307 4.47218 4.4915 4.51096 4.53043 4.54983 4.56904 4.58798 4.60652 4.62458 4.64206 4.65886 4.67489 4.69007 4.70433 4.71757 4.72975 4.74079 4.75064 4.75926 4.7666 4.77262 4.7773 4.78062 4.78256 4.7831 4.78225 4.78001 4.77639 4.7714 4.76507 4.75743 4.74852 4.73837 4.72704 4.71459 4.70108 4.68659 4.67118 4.65495 4.63799 4.62038 4.60222 4.58363 4.56469 4.54551 4.5262 4.50686 4.4876 4.4685 4.44968 4.43121 4.41317 4.39566 4.37873 4.36245 4.34688 4.33205 4.31801 4.30478 4.29239 4.28086 4.27019 4.26038 4.25143 4.24334 4.23609 4.22967 4.22408 4.21928 4.21528 4.21205 4.20959 4.20788 4.20692 
4.20118 4.20173 4.20307 4.20519 4.20812 4.21185 4.2164 4.22179 4.22804 4.23515 4.24315 4.25204 4.26183 4.27254 4.28414 4.29665 4.31004 4.32429 4.33938 4.35526 4.3719 4.38923 4.4072 4.42573 4.44475 4.46417 4.4839 4.50385 4.52391 4.54399 4.56398 4.58377 4.60325 4.62233 4.6409 4.65886 4.67612 4.69258 4.70815 4.72277 4.73635 4.74883 4.76014 4.77024 4.77906 4.78658 4.79275 4.79754 4.80094 4.80292 4.80348 4.80262 4.80033 4.79663 4.79153 4.78505 4.77723 4.7681 4.7577 4.74609 4.73333 4.71947 4.7046 4.68878 4.67211 4.65467 4.63657 4.61789 4.59874 4.57923 4.55947 4.53956 4.51961 4.49972 4.48 4.46055 4.44145 4.4228 4.40467 4.38714 4.37027 4.35412 4.33874 4.32417 4.31044 4.29757 4.28558 4.27449 4.26428 4.25497 4.24655 4.239 4.23231 4.22648 4.22148 4.2173 4.21393 4.21136 4.20957 4.20857 
4.20277 4.20334 4.20473 4.20693 4.20997 4.21384 4.21857 4.22417 4.23065 4.23804 4.24634 4.25556 4.26572 4.27681 4.28884 4.30179 4.31565 4.3304 4.34601 4.36243 4.37962 4.39752 4.41607 4.43519 4.4548 4.47482 4.49515 4.51568 4.53633 4.55698 4.57752 4.59785 4.61786 4.63744 4.65648 4.67489 4.69258 4.70943 4.72538 4.74034 4.75424 4.767 4.77857 4.78888 4.7979 4.80558 4.81189 4.81679 4.82026 4.82229 4.82286 4.82198 4.81965 4.81587 4.81067 4.80405 4.79607 4.78674 4.77611 4.76424 4.75118 4.737 4.72177 4.70557 4.68849 4.67061 4.65203 4.63286 4.6132 4.59316 4.57284 4.55236 4.53183 4.51135 4.49104 4.47098 4.45129 4.43204 4.41333 4.39522 4.37779 4.36109 4.34519 4.33011 4.31589 4.30256 4.29014 4.27864 4.26806 4.25839 4.24965 4.24181 4.23487 4.2288 4.22361 4.21926 4.21576 4.21308 4.21122 4.21018 
4.2043 4.20489 4.20633 4.20861 4.21175 4.21576 4.22066 4.22645 4.23317 4.24081 4.2494 4.25894 4.26944 4.28091 4.29334 4.30671 4.32103 4.33625 4.35235 4.36928 4.387 4.40544 4.42453 4.44421 4.46438 4.48496 4.50584 4.52693 4.54812 4.56931 4.59037 4.61121 4.6317 4.65175 4.67124 4.69007 4.70815 4.72538 4.74168 4.75696 4.77114 4.78416 4.79597 4.80649 4.81569 4.82352 4.82995 4.83494 4.83848 4.84055 4.84115 4.84025 4.83788 4.83403 4.82873 4.822 4.81385 4.80434 4.79351 4.78139 4.76807 4.75359 4.73803 4.72147 4.704 4.68571 4.66669 4.64706 4.62692 4.60637 4.58553 4.56452 4.54344 4.52241 4.50154 4.48092 4.46066 4.44085 4.42158 4.40293 4.38497 4.36775 4.35134 4.33578 4.32111 4.30734 4.29451 4.28261 4.27167 4.26168 4.25263 4.24451 4.23732 4.23104 4.22565 4.22115 4.21752 4.21474 4.21281 4.21172 
4.20576 4.20637 4.20785 4.21021 4.21345 4.21759 4.22265 4.22863 4.23556 4.24345 4.25231 4.26215 4.27298 4.2848 4.2976 4.31138 4.32612 4.34179 4.35835 4.37576 4.39397 4.41291 4.43252 4.45272 4.47342 4.49452 4.51593 4.53753 4.55923 4.58092 4.60247 4.62377 4.64472 4.6652 4.6851 4.70433 4.72277 4.74034 4.75696 4.77253 4.78698 4.80024 4.81226 4.82297 4.83233 4.8403 4.84684 4.85193 4.85553 4.85764 4.85825 4.85735 4.85494 4.85103 4.84564 4.83879 4.83051 4.82083 4.8098 4.79747 4.78389 4.76913 4.75327 4.73639 4.71856 4.69989 4.68047 4.66041 4.63982 4.61881 4.59749 4.57598 4.55439 4.53284 4.51144 4.49029 4.46951 4.44917 4.42939 4.41022 4.39176 4.37406 4.35718 4.34116 4.32605 4.31187 4.29865 4.28639 4.27511 4.2648 4.25546 4.24708 4.23966 4.23317 4.2276 4.22295 4.21919 4.21632 4.21433 4.2132 
4.20715 4.20777 4.20929 4.21172 4.21506 4.21932 4.22453 4.23069 4.23782 4.24594 4.25505 4.26517 4.2763 4.28845 4.30161 4.31577 4.3309 4.34698 4.36397 4.38183 4.4005 4.41991 4.44 4.46068 4.48186 4.50345 4.52534 4.54742 4.56959 4.59173 4.61373 4.63547 4.65683 4.67771 4.69799 4.71757 4.73635 4.75424 4.77114 4.78698 4.80167 4.81516 4.82737 4.83825 4.84777 4.85586 4.86251 4.86767 4.87133 4.87348 4.8741 4.87319 4.87075 4.86678 4.86132 4.85436 4.84595 4.83613 4.82492 4.81239 4.79858 4.78357 4.76744 4.75025 4.7321 4.71307 4.69329 4.67283 4.65183 4.63039 4.60862 4.58665 4.5646 4.54257 4.52068 4.49905 4.47777 4.45695 4.43668 4.41704 4.39811 4.37996 4.36264 4.3462 4.33069 4.31612 4.30253 4.28993 4.27833 4.26773 4.25812 4.2495 4.24186 4.23517 4.22944 4.22465 4.22078 4.21782 4.21576 4.2146 
4.20844 4.20908 4.21064 4.21313 4.21656 4.22094 4.22628 4.2326 4.23992 4.24825 4.2576 4.26798 4.27939 4.29185 4.30533 4.31983 4.33533 4.35179 4.36918 4.38744 4.40654 4.42638 4.44691 4.46803 4.48966 4.51169 4.53402 4.55654 4.57914 4.6017 4.6241 4.64624 4.66798 4.68922 4.70984 4.72975 4.74883 4.767 4.78416 4.80024 4.81516 4.82884 4.84123 4.85227 4.86191 4.87012 4.87686 4.8821 4.88582 4.888 4.88863 4.88771 4.88524 4.88122 4.87569 4.86864 4.86012 4.85016 4.83879 4.82608 4.81207 4.79684 4.78045 4.76299 4.74454 4.7252 4.70508 4.68427 4.66289 4.64106 4.61888 4.5965 4.57401 4.55154 4.52921 4.50713 4.48541 4.46414 4.44343 4.42335 4.40399 4.38542 4.3677 4.35087 4.33498 4.32006 4.30614 4.29322 4.28133 4.27045 4.2606 4.25175 4.2439 4.23704 4.23116 4.22623 4.22225 4.21921 4.21709 4.2159 
4.20963 4.21028 4.21188 4.21443 4.21794 4.22242 4.22789 4.23436 4.24185 4.25037 4.25993 4.27055 4.28222 4.29495 4.30873 4.32355 4.33937 4.35618 4.37393 4.39257 4.41205 4.43228 4.4532 4.47473 4.49676 4.51919 4.54192 4.56483 4.58782 4.61076 4.63353 4.65601 4.6781 4.69966 4.72059 4.74079 4.76014 4.77857 4.79597 4.81226 4.82737 4.84123 4.85377 4.86495 4.87472 4.88303 4.88985 4.89515 4.89892 4.90113 4.90177 4.90084 4.89835 4.89429 4.88869 4.88157 4.87294 4.86286 4.85135 4.83848 4.82429 4.80885 4.79224 4.77454 4.75582 4.7362 4.71578 4.69465 4.67293 4.65075 4.62821 4.60545 4.58257 4.55971 4.53698 4.51449 4.49236 4.47069 4.44958 4.42911 4.40936 4.39041 4.37232 4.35514 4.33891 4.32367 4.30944 4.29624 4.28407 4.27295 4.26286 4.25381 4.24578 4.23876 4.23273 4.22769 4.22361 4.22049 4.21833 4.2171 
4.21071 4.21137 4.213 4.21561 4.21919 4.22376 4.22935 4.23595 4.24359 4.25229 4.26204 4.27287 4.28477 4.29775 4.3118 4.32689 4.34301 4.36013 4.3782 4.39718 4.41699 4.43757 4.45885 4.48073 4.50312 4.52591 4.54899 4.57226 4.59558 4.61886 4.64195 4.66475 4.68713 4.70898 4.73019 4.75064 4.77024 4.78888 4.80649 4.82297 4.83825 4.85227 4.86495 4.87626 4.88613 4.89453 4.90142 4.90678 4.91059 4.91282 4.91347 4.91254 4.91002 4.90593 4.90028 4.89308 4.88437 4.87418 4.86255 4.84954 4.83519 4.81957 4.80276 4.78484 4.7659 4.74603 4.72533 4.70392 4.68191 4.65941 4.63655 4.61345 4.59023 4.56702 4.54393 4.52109 4.49859 4.47656 4.45509 4.43427 4.41417 4.39489 4.37647 4.35897 4.34244 4.32691 4.31241 4.29895 4.28654 4.2752 4.26491 4.25567 4.24748 4.24031 4.23415 4.229 4.22484 4.22166 4.21944 4.21819 
4.21166 4.21234 4.214 4.21665 4.2203 4.22495 4.23063 4.23736 4.24513 4.25398 4.26391 4.27492 4.28703 4.30022 4.3145 4.32984 4.34622 4.36361 4.38196 4.40122 4.42133 4.44222 4.46381 4.486 4.5087 4.5318 4.55519 4.57876 4.60239 4.62595 4.64933 4.6724 4.69504 4.71714 4.73858 4.75926 4.77906 4.7979 4.81569 4.83233 4.84777 4.86191 4.87472 4.88613 4.89609 4.90457 4.91152 4.91693 4.92077 4.92303 4.92369 4.92276 4.92022 4.9161 4.9104 4.90314 4.89435 4.88407 4.87234 4.8592 4.84471 4.82894 4.81196 4.79385 4.77471 4.75462 4.73369 4.71204 4.68976 4.66699 4.64385 4.62046 4.59694 4.57343 4.55003 4.52687 4.50406 4.48172 4.45993 4.4388 4.41841 4.39882 4.38012 4.36234 4.34555 4.32976 4.31502 4.30134 4.28872 4.27718 4.26672 4.25732 4.24898 4.24168 4.23542 4.23017 4.22593 4.22269 4.22043 4.21915 
4.21249 4.21318 4.21486 4.21755 4.22125 4.22598 4.23175 4.23857 4.24646 4.25544 4.26551 4.27668 4.28896 4.30234 4.31681 4.33236 4.34896 4.36658 4.38517 4.40468 4.42505 4.4462 4.46804 4.4905 4.51346 4.53683 4.56048 4.58431 4.60819 4.632 4.65562 4.67892 4.70178 4.72409 4.74573 4.7666 4.78658 4.80558 4.82352 4.8403 4.85586 4.87012 4.88303 4.89453 4.90457 4.91311 4.92012 4.92557 4.92944 4.93172 4.93239 4.93145 4.9289 4.92475 4.91901 4.9117 4.90285 4.89249 4.88066 4.86742 4.85282 4.83692 4.81979 4.80153 4.78221 4.76194 4.74082 4.71895 4.69646 4.67346 4.65008 4.62644 4.60267 4.57889 4.55523 4.53181 4.50873 4.48612 4.46407 4.44268 4.42202 4.40219 4.38324 4.36523 4.34821 4.33221 4.31726 4.30339 4.2906 4.27889 4.26827 4.25873 4.25027 4.24286 4.2365 4.23118 4.22687 4.22358 4.22129 4.21999 
4.21319 4.21388 4.21559 4.21831 4.22205 4.22684 4.23268 4.23958 4.24757 4.25665 4.26684 4.27814 4.29056 4.30409 4.31873 4.33445 4.35123 4.36904 4.38783 4.40754 4.42811 4.44947 4.47153 4.4942 4.51738 4.54096 4.56483 4.58887 4.61296 4.63697 4.66078 4.68427 4.70732 4.7298 4.7516 4.77262 4.79275 4.81189 4.82995 4.84684 4.86251 4.87686 4.88985 4.90142 4.91152 4.92012 4.92717 4.93266 4.93656 4.93885 4.93953 4.93858 4.93602 4.93184 4.92607 4.91872 4.90982 4.8994 4.8875 4.87417 4.85947 4.84346 4.82622 4.80783 4.78837 4.76795 4.74667 4.72463 4.70196 4.67877 4.6552 4.63135 4.60738 4.58339 4.55951 4.53587 4.51258 4.48974 4.46748 4.44587 4.42501 4.40497 4.38582 4.36762 4.35041 4.33423 4.31912 4.30509 4.29215 4.2803 4.26956 4.25991 4.25134 4.24385 4.23741 4.23202 4.22766 4.22432 4.222 4.22069 
4.21374 4.21444 4.21616 4.21891 4.22269 4.22752 4.23341 4.24038 4.24844 4.2576 4.26789 4.27929 4.29182 4.30547 4.32023 4.33609 4.35301 4.37096 4.3899 4.40977 4.4305 4.45202 4.47425 4.49709 4.52043 4.54418 4.56822 4.59242 4.61666 4.64083 4.6648 4.68843 4.71162 4.73424 4.75617 4.7773 4.79754 4.81679 4.83494 4.85193 4.86767 4.8821 4.89515 4.90678 4.91693 4.92557 4.93266 4.93817 4.94209 4.9444 4.94508 4.94413 4.94156 4.93737 4.93157 4.92418 4.91524 4.90477 4.89281 4.87942 4.86464 4.84855 4.83122 4.81273 4.79316 4.77262 4.75121 4.72904 4.70623 4.6829 4.65917 4.63517 4.61104 4.58688 4.56284 4.53903 4.51557 4.49257 4.47013 4.44836 4.42733 4.40713 4.38783 4.36948 4.35213 4.33582 4.32057 4.30642 4.29336 4.28142 4.27058 4.26084 4.25219 4.24462 4.23812 4.23268 4.22828 4.22491 4.22257 4.22124 
4.21414 4.21485 4.21658 4.21934 4.22315 4.22801 4.23394 4.24096 4.24907 4.2583 4.26864 4.28012 4.29272 4.30645 4.32131 4.33725 4.35428 4.37233 4.39138 4.41136 4.4322 4.45384 4.47618 4.49913 4.5226 4.54646 4.57061 4.59493 4.61929 4.64357 4.66764 4.69138 4.71467 4.73738 4.7594 4.78062 4.80094 4.82026 4.83848 4.85553 4.87133 4.88582 4.89892 4.91059 4.92077 4.92944 4.93656 4.94209 4.94602 4.94834 4.94902 4.94807 4.94549 4.94129 4.93547 4.92806 4.91909 4.90858 4.89658 4.88314 4.86831 4.85216 4.83476 4.81619 4.79655 4.77593 4.75443 4.73217 4.70926 4.68582 4.66199 4.63788 4.61363 4.58936 4.5652 4.54127 4.51769 4.49457 4.47201 4.45012 4.42899 4.40867 4.38926 4.37081 4.35336 4.33695 4.32161 4.30737 4.29424 4.28222 4.27131 4.2615 4.2528 4.24519 4.23865 4.23317 4.22874 4.22535 4.22299 4.22165 
4.2144 4.21511 4.21685 4.21962 4.22344 4.22832 4.23428 4.24132 4.24946 4.25872 4.2691 4.28062 4.29327 4.30705 4.32195 4.33795 4.35503 4.37314 4.39225 4.41229 4.4332 4.4549 4.47731 4.50033 4.52386 4.54779 4.57201 4.5964 4.62082 4.64516 4.6693 4.6931 4.71644 4.73921 4.76128 4.78256 4.80292 4.82229 4.84055 4.85764 4.87348 4.888 4.90113 4.91282 4.92303 4.93172 4.93885 4.9444 4.94834 4.95065 4.95134 4.95039 4.9478 4.94359 4.93776 4.93034 4.92135 4.91082 4.89879 4.88532 4.87046 4.85427 4.83683 4.81822 4.79853 4.77785 4.7563 4.73398 4.71102 4.68752 4.66362 4.63945 4.61513 4.5908 4.56657 4.54257 4.51892 4.49574 4.47312 4.45116 4.42995 4.40958 4.39011 4.37159 4.35408 4.33762 4.32223 4.30794 4.29476 4.2827 4.27175 4.26191 4.25318 4.24553 4.23897 4.23347 4.22902 4.22562 4.22325 4.22191 
