3.75497 3.75517 3.7554 3.75565 3.75593 3.75623 3.75655 3.7569 3.75728 3.75768 3.75812 3.75859 3.7591 3.75965 3.76024 3.76087 3.76156 3.7623 3.76308 3.76393 3.76483 3.76579 3.76681 3.76789 3.76903 3.77022 3.77146 3.77276 3.77409 3.77547 3.77688 3.77831 3.77976 3.78121 3.78266 3.78411 3.78552 3.78691 3.78825 3.78953 3.79075 3.79189 3.79294 3.7939 3.79475 3.79549 3.79611 3.79661 3.79697 3.7972 3.7973 3.79726 3.79709 3.79678 3.79634 3.79577 3.79509 3.79429 3.79339 3.79239 3.7913 3.79013 3.78889 3.7876 3.78627 3.7849 3.7835 3.78209 3.78068 3.77928 3.7779 3.77654 3.77522 3.77393 3.7727 3.77152 3.77039 3.76933 3.76834 3.76742 3.76656 3.76577 3.76506 3.76442 3.76384 3.76334 3.7629 3.76252 3.7622 3.76194 3.76174 3.76159 3.76148 3.76142 3.76141 3.76143 3.76148 3.76157 3.7617 3.76185 
3.75517 3.75538 3.7556 3.75585 3.75613 3.75643 3.75675 3.7571 3.75748 3.75789 3.75833 3.7588 3.75931 3.75987 3.76046 3.7611 3.76179 3.76254 3.76333 3.76419 3.7651 3.76607 3.7671 3.76819 3.76934 3.77055 3.77181 3.77311 3.77447 3.77586 3.77729 3.77874 3.7802 3.78168 3.78315 3.78461 3.78605 3.78745 3.78881 3.79011 3.79134 3.7925 3.79357 3.79454 3.7954 3.79615 3.79678 3.79728 3.79765 3.79789 3.79798 3.79794 3.79777 3.79745 3.79701 3.79643 3.79574 3.79493 3.79401 3.793 3.79189 3.79071 3.78946 3.78815 3.78679 3.7854 3.78399 3.78256 3.78114 3.77972 3.77831 3.77694 3.77559 3.77429 3.77304 3.77185 3.77071 3.76964 3.76863 3.7677 3.76683 3.76604 3.76531 3.76466 3.76408 3.76357 3.76312 3.76274 3.76242 3.76216 3.76195 3.7618 3.76169 3.76163 3.76161 3.76163 3.76169 3.76178 3.7619 3.76205 
3.7554 3.7556 3.75583 3.75609 3.75636 3.75667 3.757 3.75735 3.75774 3.75816 3.75861 3.75909 3.75962 3.76019 3.7608 3.76146 3.76217 3.76294 3.76377 3.76465 3.76559 3.7666 3.76767 3.7688 3.76999 3.77124 3.77255 3.77391 3.77531 3.77676 3.77824 3.77974 3.78126 3.78279 3.78432 3.78584 3.78733 3.78878 3.79019 3.79154 3.79281 3.79401 3.79512 3.79612 3.79702 3.79779 3.79844 3.79896 3.79934 3.79958 3.79968 3.79964 3.79946 3.79913 3.79867 3.79807 3.79735 3.79651 3.79556 3.7945 3.79336 3.79213 3.79083 3.78947 3.78807 3.78663 3.78516 3.78368 3.7822 3.78072 3.77927 3.77784 3.77644 3.77509 3.7738 3.77255 3.77137 3.77026 3.76921 3.76824 3.76734 3.76651 3.76576 3.76508 3.76447 3.76394 3.76347 3.76307 3.76273 3.76246 3.76224 3.76207 3.76195 3.76188 3.76186 3.76187 3.76192 3.76201 3.76213 3.76228 
3.75565 3.75585 3.75609 3.75634 3.75663 3.75694 3.75728 3.75764 3.75804 3.75848 3.75895 3.75946 3.76001 3.76061 3.76125 3.76195 3.7627 3.76351 3.76439 3.76532 3.76633 3.76739 3.76853 3.76973 3.77099 3.77232 3.77371 3.77515 3.77664 3.77817 3.77974 3.78133 3.78294 3.78457 3.78618 3.78779 3.78936 3.7909 3.79239 3.79382 3.79517 3.79643 3.7976 3.79866 3.79961 3.80043 3.80111 3.80166 3.80206 3.80231 3.80241 3.80237 3.80217 3.80182 3.80133 3.8007 3.79993 3.79904 3.79803 3.79692 3.7957 3.7944 3.79303 3.79159 3.7901 3.78857 3.78702 3.78545 3.78387 3.78231 3.78077 3.77925 3.77777 3.77634 3.77496 3.77364 3.77238 3.77119 3.77008 3.76904 3.76808 3.7672 3.7664 3.76567 3.76502 3.76444 3.76394 3.76351 3.76314 3.76284 3.76259 3.76241 3.76227 3.76219 3.76215 3.76215 3.76219 3.76227 3.76238 3.76253 
3.75593 3.75613 3.75636 3.75663 3.75692 3.75724 3.75759 3.75798 3.7584 3.75886 3.75936 3.7599 3.76049 3.76113 3.76182 3.76257 3.76339 3.76426 3.7652 3.76621 3.7673 3.76845 3.76968 3.77098 3.77234 3.77378 3.77528 3.77684 3.77845 3.7801 3.7818 3.78352 3.78526 3.78701 3.78875 3.79048 3.79218 3.79383 3.79544 3.79697 3.79842 3.79978 3.80104 3.80218 3.80319 3.80407 3.8048 3.80538 3.80581 3.80608 3.80619 3.80613 3.80592 3.80554 3.80501 3.80433 3.8035 3.80254 3.80146 3.80025 3.79894 3.79754 3.79606 3.79451 3.7929 3.79125 3.78957 3.78788 3.78618 3.78449 3.78282 3.78118 3.77958 3.77803 3.77654 3.77511 3.77374 3.77246 3.77125 3.77012 3.76907 3.76811 3.76723 3.76644 3.76572 3.76509 3.76453 3.76405 3.76364 3.7633 3.76302 3.7628 3.76264 3.76254 3.76248 3.76246 3.76249 3.76256 3.76267 3.76281 
3.75623 3.75643 3.75667 3.75694 3.75724 3.75758 3.75795 3.75836 3.75881 3.7593 3.75984 3.76043 3.76107 3.76176 3.76252 3.76334 3.76422 3.76518 3.76622 3.76733 3.76852 3.76978 3.77113 3.77256 3.77406 3.77564 3.77728 3.77899 3.78076 3.78257 3.78443 3.78632 3.78822 3.79013 3.79204 3.79393 3.79578 3.79759 3.79934 3.80101 3.8026 3.80408 3.80544 3.80668 3.80778 3.80873 3.80953 3.81016 3.81063 3.81091 3.81103 3.81096 3.81072 3.81031 3.80973 3.80898 3.80808 3.80703 3.80584 3.80453 3.8031 3.80156 3.79994 3.79825 3.79649 3.79468 3.79285 3.79099 3.78913 3.78728 3.78545 3.78365 3.7819 3.78019 3.77855 3.77697 3.77547 3.77405 3.77272 3.77147 3.77031 3.76925 3.76827 3.76738 3.76659 3.76588 3.76525 3.76471 3.76424 3.76385 3.76352 3.76327 3.76307 3.76293 3.76285 3.76281 3.76283 3.76288 3.76298 3.76311 
3.75655 3.75675 3.757 3.75728 3.75759 3.75795 3.75835 3.75879 3.75927 3.75981 3.76039 3.76104 3.76174 3.7625 3.76334 3.76425 3.76523 3.76629 3.76744 3.76867 3.76999 3.7714 3.7729 3.77449 3.77616 3.77791 3.77973 3.78163 3.78359 3.7856 3.78766 3.78974 3.79185 3.79397 3.79607 3.79816 3.80021 3.8022 3.80413 3.80597 3.80771 3.80934 3.81084 3.8122 3.81341 3.81445 3.81533 3.81602 3.81652 3.81684 3.81696 3.81688 3.81661 3.81616 3.81551 3.81468 3.81369 3.81253 3.81122 3.80976 3.80818 3.80649 3.8047 3.80283 3.80088 3.79889 3.79686 3.79481 3.79275 3.7907 3.78867 3.78667 3.78472 3.78283 3.781 3.77925 3.77758 3.776 3.77451 3.77311 3.77182 3.77062 3.76952 3.76852 3.76762 3.76682 3.7661 3.76548 3.76494 3.76448 3.7641 3.7638 3.76356 3.76338 3.76326 3.7632 3.76319 3.76323 3.76331 3.76344 
3.7569 3.7571 3.75735 3.75764 3.75798 3.75836 3.75879 3.75927 3.75979 3.76038 3.76102 3.76173 3.76251 3.76336 3.76429 3.76531 3.76641 3.7676 3.76888 3.77026 3.77174 3.77332 3.775 3.77677 3.77864 3.7806 3.78265 3.78477 3.78696 3.7892 3.7915 3.79383 3.79617 3.79853 3.80087 3.80319 3.80547 3.80768 3.80982 3.81186 3.81379 3.8156 3.81726 3.81876 3.8201 3.82125 3.82221 3.82297 3.82353 3.82387 3.824 3.82391 3.82361 3.8231 3.82238 3.82146 3.82035 3.81906 3.8176 3.81599 3.81423 3.81235 3.81036 3.80827 3.80611 3.80389 3.80163 3.79934 3.79704 3.79476 3.79249 3.79026 3.78808 3.78596 3.78392 3.78195 3.78008 3.7783 3.77662 3.77505 3.77359 3.77223 3.77099 3.76986 3.76883 3.76791 3.76709 3.76637 3.76575 3.76522 3.76477 3.7644 3.7641 3.76388 3.76373 3.76363 3.76359 3.76361 3.76368 3.76379 
3.75728 3.75748 3.75774 3.75804 3.7584 3.75881 3.75927 3.75979 3.76038 3.76102 3.76174 3.76253 3.76339 3.76435 3.76539 3.76653 3.76776 3.7691 3.77055 3.77211 3.77377 3.77555 3.77744 3.77944 3.78154 3.78375 3.78604 3.78843 3.79088 3.7934 3.79597 3.79858 3.80121 3.80385 3.80647 3.80905 3.81159 3.81406 3.81644 3.81872 3.82087 3.82287 3.82472 3.82639 3.82787 3.82915 3.83022 3.83106 3.83167 3.83205 3.83218 3.83208 3.83174 3.83116 3.83036 3.82933 3.82809 3.82665 3.82502 3.82322 3.82126 3.81916 3.81693 3.8146 3.81219 3.80971 3.80718 3.80462 3.80205 3.79948 3.79694 3.79444 3.79199 3.78961 3.78731 3.7851 3.78298 3.78098 3.77908 3.7773 3.77564 3.77411 3.77269 3.7714 3.77022 3.76917 3.76823 3.7674 3.76667 3.76604 3.76551 3.76507 3.76472 3.76444 3.76424 3.7641 3.76403 3.76402 3.76407 3.76418 
3.75768 3.75789 3.75816 3.75848 3.75886 3.7593 3.75981 3.76038 3.76102 3.76174 3.76254 3.76342 3.76439 3.76546 3.76664 3.76792 3.76931 3.77083 3.77246 3.77422 3.7761 3.77811 3.78024 3.7825 3.78487 3.78736 3.78994 3.79263 3.79539 3.79822 3.80111 3.80404 3.80699 3.80994 3.81287 3.81577 3.81861 3.82137 3.82403 3.82657 3.82896 3.8312 3.83326 3.83511 3.83676 3.83818 3.83936 3.8403 3.84097 3.84139 3.84153 3.84141 3.84103 3.84038 3.83948 3.83833 3.83694 3.83533 3.83351 3.83149 3.8293 3.82695 3.82446 3.82185 3.81915 3.81637 3.81353 3.81066 3.80778 3.8049 3.80204 3.79923 3.79647 3.79379 3.7912 3.7887 3.78631 3.78404 3.78189 3.77988 3.77799 3.77624 3.77463 3.77315 3.77181 3.7706 3.76951 3.76855 3.76771 3.76697 3.76635 3.76582 3.76539 3.76505 3.7648 3.76462 3.76451 3.76447 3.7645 3.76459 
3.75812 3.75833 3.75861 3.75895 3.75936 3.75984 3.76039 3.76102 3.76174 3.76254 3.76343 3.76442 3.76551 3.76672 3.76804 3.76949 3.77107 3.77278 3.77462 3.77661 3.77874 3.78101 3.78342 3.78597 3.78865 3.79145 3.79437 3.79739 3.8005 3.80369 3.80693 3.81022 3.81353 3.81684 3.82012 3.82337 3.82654 3.82963 3.8326 3.83543 3.83811 3.8406 3.84289 3.84496 3.84679 3.84837 3.84968 3.85071 3.85146 3.85191 3.85207 3.85193 3.8515 3.85077 3.84976 3.84847 3.84692 3.84512 3.84308 3.84083 3.83838 3.83575 3.83296 3.83004 3.82701 3.8239 3.82072 3.8175 3.81426 3.81102 3.80781 3.80465 3.80155 3.79853 3.7956 3.79278 3.79008 3.78751 3.78508 3.78279 3.78065 3.77866 3.77682 3.77514 3.7736 3.77221 3.77096 3.76985 3.76887 3.76801 3.76728 3.76666 3.76614 3.76573 3.76541 3.76518 3.76503 3.76496 3.76496 3.76504 
3.75859 3.7588 3.75909 3.75946 3.7599 3.76043 3.76104 3.76173 3.76253 3.76342 3.76442 3.76553 3.76676 3.76812 3.76962 3.77125 3.77303 3.77497 3.77705 3.7793 3.78171 3.78427 3.787 3.78987 3.79289 3.79605 3.79933 3.80273 3.80623 3.80981 3.81346 3.81715 3.82086 3.82456 3.82824 3.83187 3.83542 3.83886 3.84218 3.84534 3.84831 3.85109 3.85364 3.85594 3.85797 3.85973 3.86118 3.86233 3.86315 3.86365 3.86382 3.86366 3.86317 3.86236 3.86123 3.85979 3.85806 3.85604 3.85377 3.85125 3.84851 3.84557 3.84246 3.83919 3.8358 3.83231 3.82875 3.82514 3.82151 3.81788 3.81428 3.81072 3.80723 3.80383 3.80053 3.79735 3.79431 3.7914 3.78865 3.78606 3.78363 3.78137 3.77928 3.77736 3.7756 3.77401 3.77257 3.77129 3.77016 3.76917 3.76831 3.76758 3.76697 3.76647 3.76608 3.76579 3.76559 3.76548 3.76546 3.76552 
3.7591 3.75931 3.75962 3.76001 3.76049 3.76107 3.76174 3.76251 3.76339 3.76439 3.76551 3.76676 3.76815 3.76968 3.77137 3.77321 3.77522 3.77741 3.77977 3.7823 3.78502 3.78791 3.79098 3.79422 3.79762 3.80117 3.80487 3.80868 3.81261 3.81663 3.82071 3.82484 3.82899 3.83313 3.83724 3.84129 3.84525 3.84909 3.85278 3.8563 3.85961 3.86269 3.86552 3.86808 3.87034 3.87228 3.87389 3.87515 3.87607 3.87662 3.8768 3.87661 3.87606 3.87515 3.87389 3.87229 3.87035 3.86811 3.86558 3.86277 3.85972 3.85644 3.85296 3.84932 3.84554 3.84164 3.83766 3.83362 3.82956 3.82549 3.82145 3.81746 3.81355 3.80973 3.80602 3.80244 3.79901 3.79573 3.79263 3.7897 3.78695 3.78439 3.78201 3.77983 3.77782 3.776 3.77436 3.77289 3.77159 3.77044 3.76945 3.76859 3.76788 3.76729 3.76682 3.76646 3.7662 3.76605 3.766 3.76604 
3.75965 3.75987 3.76019 3.76061 3.76113 3.76176 3.7625 3.76336 3.76435 3.76546 3.76672 3.76812 3.76968 3.77141 3.7733 3.77538 3.77765 3.78011 3.78277 3.78563 3.78868 3.79194 3.79539 3.79903 3.80285 3.80684 3.81098 3.81526 3.81965 3.82414 3.82871 3.83332 3.83795 3.84257 3.84715 3.85165 3.85606 3.86032 3.86442 3.86833 3.872 3.87542 3.87856 3.88138 3.88388 3.88603 3.88781 3.8892 3.89021 3.89081 3.89101 3.8908 3.89018 3.88917 3.88776 3.88598 3.88383 3.88134 3.87852 3.8754 3.87201 3.86836 3.8645 3.86044 3.85623 3.85189 3.84745 3.84295 3.83841 3.83387 3.82936 3.82489 3.82051 3.81623 3.81207 3.80806 3.8042 3.80052 3.79702 3.79372 3.79062 3.78772 3.78503 3.78255 3.78028 3.77821 3.77634 3.77466 3.77316 3.77184 3.7707 3.76971 3.76887 3.76817 3.76761 3.76718 3.76687 3.76667 3.76658 3.7666 
3.76024 3.76046 3.7608 3.76125 3.76182 3.76252 3.76334 3.76429 3.76539 3.76664 3.76804 3.76962 3.77137 3.7733 3.77544 3.77778 3.78032 3.78309 3.78608 3.78928 3.79272 3.79637 3.80024 3.80432 3.80859 3.81305 3.81768 3.82246 3.82737 3.83238 3.83746 3.8426 3.84775 3.85288 3.85796 3.86296 3.86785 3.87257 3.87711 3.88143 3.8855 3.88927 3.89274 3.89586 3.89861 3.90098 3.90294 3.90447 3.90558 3.90624 3.90645 3.90621 3.90552 3.9044 3.90284 3.90086 3.89849 3.89572 3.8926 3.88915 3.88539 3.88135 3.87706 3.87257 3.86789 3.86307 3.85814 3.85313 3.84808 3.84303 3.838 3.83302 3.82813 3.82335 3.8187 3.81421 3.80989 3.80576 3.80184 3.79813 3.79464 3.79138 3.78835 3.78555 3.78298 3.78063 3.7785 3.77659 3.77489 3.77338 3.77206 3.77092 3.76995 3.76914 3.76848 3.76797 3.76759 3.76733 3.76721 3.7672 
3.76087 3.7611 3.76146 3.76195 3.76257 3.76334 3.76425 3.76531 3.76653 3.76792 3.76949 3.77125 3.77321 3.77538 3.77778 3.7804 3.78325 3.78635 3.7897 3.79329 3.79713 3.80122 3.80554 3.81009 3.81487 3.81984 3.825 3.83032 3.83577 3.84134 3.84698 3.85268 3.85839 3.86407 3.8697 3.87523 3.88062 3.88584 3.89085 3.89561 3.90009 3.90425 3.90806 3.91149 3.91452 3.91712 3.91927 3.92096 3.92216 3.92288 3.92311 3.92284 3.92208 3.92083 3.91911 3.91693 3.91431 3.91126 3.90782 3.90401 3.89986 3.8954 3.89066 3.88569 3.88052 3.87518 3.86972 3.86418 3.85858 3.85297 3.84739 3.84186 3.83642 3.8311 3.82592 3.82091 3.81609 3.81148 3.80709 3.80294 3.79903 3.79537 3.79197 3.78882 3.78592 3.78327 3.78087 3.77871 3.77677 3.77505 3.77355 3.77224 3.77113 3.77019 3.76942 3.76882 3.76836 3.76805 3.76788 3.76785 
3.76156 3.76179 3.76217 3.7627 3.76339 3.76422 3.76523 3.76641 3.76776 3.76931 3.77107 3.77303 3.77522 3.77765 3.78032 3.78325 3.78645 3.78991 3.79364 3.79765 3.80193 3.80649 3.8113 3.81637 3.82167 3.8272 3.83292 3.83882 3.84487 3.85103 3.85728 3.86357 3.86987 3.87615 3.88235 3.88844 3.89438 3.90012 3.90563 3.91086 3.91577 3.92034 3.92452 3.92828 3.93159 3.93444 3.93679 3.93863 3.93995 3.94073 3.94097 3.94067 3.93983 3.93846 3.93657 3.93417 3.93129 3.92794 3.92416 3.91997 3.9154 3.91049 3.90528 3.89981 3.89411 3.88823 3.88221 3.87609 3.86991 3.86371 3.85753 3.85141 3.84538 3.83948 3.83374 3.82817 3.82281 3.81768 3.81279 3.80816 3.8038 3.79971 3.7959 3.79237 3.78912 3.78615 3.78344 3.781 3.77881 3.77687 3.77516 3.77367 3.7724 3.77132 3.77044 3.76973 3.7692 3.76883 3.76861 3.76855 
3.7623 3.76254 3.76294 3.76351 3.76426 3.76518 3.76629 3.7676 3.7691 3.77083 3.77278 3.77497 3.77741 3.78011 3.78309 3.78635 3.78991 3.79376 3.79791 3.80237 3.80713 3.81219 3.81753 3.82314 3.82902 3.83513 3.84146 3.84798 3.85465 3.86145 3.86833 3.87526 3.88219 3.88909 3.8959 3.90259 3.9091 3.91539 3.92142 3.92714 3.93252 3.93751 3.94207 3.94618 3.94979 3.95289 3.95546 3.95746 3.95889 3.95974 3.96 3.95966 3.95874 3.95724 3.95517 3.95255 3.94939 3.94573 3.94159 3.937 3.932 3.92662 3.92091 3.9149 3.90865 3.90219 3.89558 3.88885 3.88205 3.87522 3.86842 3.86167 3.85502 3.8485 3.84215 3.83599 3.83005 3.82437 3.81894 3.8138 3.80894 3.80439 3.80015 3.79621 3.79258 3.78925 3.78622 3.78348 3.78102 3.77884 3.77691 3.77522 3.77377 3.77255 3.77153 3.77072 3.7701 3.76966 3.76939 3.7693 
3.76308 3.76333 3.76377 3.76439 3.7652 3.76622 3.76744 3.76888 3.77055 3.77246 3.77462 3.77705 3.77977 3.78277 3.78608 3.7897 3.79364 3.79791 3.80252 3.80746 3.81272 3.81832 3.82422 3.83042 3.8369 3.84364 3.85062 3.85779 3.86512 3.87259 3.88014 3.88774 3.89534 3.90289 3.91034 3.91765 3.92476 3.93163 3.9382 3.94444 3.9503 3.95573 3.96069 3.96515 3.96908 3.97245 3.97523 3.97741 3.97896 3.97987 3.98015 3.97978 3.97877 3.97713 3.97488 3.97202 3.96858 3.96459 3.96007 3.95507 3.94961 3.94375 3.93751 3.93095 3.92412 3.91706 3.90982 3.90244 3.89499 3.88751 3.88004 3.87263 3.86531 3.85814 3.85115 3.84436 3.83781 3.83153 3.82554 3.81985 3.81447 3.80943 3.80472 3.80034 3.7963 3.79259 3.78922 3.78616 3.7834 3.78095 3.77878 3.77689 3.77525 3.77387 3.77271 3.77178 3.77106 3.77055 3.77023 3.77011 
3.76393 3.76419 3.76465 3.76532 3.76621 3.76733 3.76867 3.77026 3.77211 3.77422 3.77661 3.7793 3.7823 3.78563 3.78928 3.79329 3.79765 3.80237 3.80746 3.81291 3.81871 3.82487 3.83137 3.8382 3.84532 3.85272 3.86037 3.86823 3.87626 3.88443 3.89269 3.90099 3.90928 3.91751 3.92563 3.93359 3.94132 3.94879 3.95593 3.96271 3.96906 3.97494 3.98032 3.98516 3.98941 3.99306 3.99606 3.99841 4.00008 4.00107 4.00136 4.00096 3.99986 3.99808 3.99563 3.99253 3.9888 3.98447 3.97957 3.97413 3.96821 3.96183 3.95505 3.94792 3.94048 3.93278 3.92489 3.91685 3.90872 3.90054 3.89238 3.88427 3.87626 3.8684 3.86073 3.85328 3.84609 3.83918 3.83258 3.82631 3.82038 3.81481 3.8096 3.80476 3.80029 3.79618 3.79242 3.78902 3.78596 3.78322 3.7808 3.77867 3.77684 3.77528 3.77397 3.77292 3.7721 3.77151 3.77113 3.77097 
3.76483 3.7651 3.76559 3.76633 3.7673 3.76852 3.76999 3.77174 3.77377 3.7761 3.77874 3.78171 3.78502 3.78868 3.79272 3.79713 3.80193 3.80713 3.81272 3.81871 3.82509 3.83185 3.83898 3.84646 3.85426 3.86235 3.87071 3.87929 3.88805 3.89696 3.90595 3.91498 3.92399 3.93293 3.94174 3.95037 3.95875 3.96683 3.97456 3.98188 3.98875 3.9951 4.00091 4.00612 4.01071 4.01464 4.01788 4.0204 4.0222 4.02326 4.02357 4.02313 4.02194 4.02002 4.01737 4.01402 4.00999 4.00531 4.00001 3.99413 3.98772 3.98082 3.97348 3.96575 3.95768 3.94934 3.94077 3.93204 3.92319 3.9143 3.90541 3.89657 3.88784 3.87926 3.87088 3.86273 3.85486 3.84729 3.84006 3.83317 3.82666 3.82054 3.8148 3.80947 3.80453 3.79999 3.79584 3.79208 3.78868 3.78564 3.78295 3.78058 3.77853 3.77678 3.77532 3.77413 3.7732 3.77252 3.77209 3.77189 
3.76579 3.76607 3.7666 3.76739 3.76845 3.76978 3.7714 3.77332 3.77555 3.77811 3.78101 3.78427 3.78791 3.79194 3.79637 3.80122 3.80649 3.81219 3.81832 3.82487 3.83185 3.83925 3.84703 3.85519 3.86369 3.87251 3.88161 3.89094 3.90046 3.91012 3.91988 3.92966 3.93942 3.94909 3.95861 3.96793 3.97698 3.98569 3.99402 4.00191 4.00929 4.01613 4.02237 4.02798 4.0329 4.03712 4.04059 4.0433 4.04523 4.04636 4.04669 4.04621 4.04493 4.04286 4.04001 4.0364 4.03207 4.02703 4.02133 4.015 4.00809 4.00065 3.99274 3.98439 3.97568 3.96667 3.9574 3.94795 3.93838 3.92874 3.91909 3.9095 3.90002 3.89069 3.88157 3.8727 3.86411 3.85586 3.84796 3.84043 3.83331 3.8266 3.82031 3.81446 3.80904 3.80404 3.79948 3.79532 3.79157 3.78821 3.78523 3.78261 3.78033 3.77839 3.77675 3.77542 3.77438 3.77361 3.77311 3.77287 
3.76681 3.7671 3.76767 3.76853 3.76968 3.77113 3.7729 3.775 3.77744 3.78024 3.78342 3.787 3.79098 3.79539 3.80024 3.80554 3.8113 3.81753 3.82422 3.83137 3.83898 3.84703 3.8555 3.86437 3.87361 3.88318 3.89304 3.90315 3.91345 3.9239 3.93444 3.945 3.95552 3.96594 3.97619 3.98622 3.99594 4.0053 4.01425 4.0227 4.03062 4.03795 4.04463 4.05063 4.0559 4.0604 4.06411 4.06701 4.06906 4.07027 4.07062 4.0701 4.06873 4.06651 4.06346 4.05959 4.05495 4.04955 4.04343 4.03665 4.02924 4.02125 4.01275 4.00378 3.99441 3.98471 3.97473 3.96455 3.95422 3.94381 3.9334 3.92302 3.91276 3.90266 3.89277 3.88315 3.87383 3.86486 3.85626 3.84807 3.8403 3.83298 3.82612 3.81972 3.81379 3.80832 3.80331 3.79875 3.79463 3.79093 3.78765 3.78475 3.78224 3.78008 3.77827 3.77679 3.77562 3.77476 3.77419 3.77391 
3.76789 3.76819 3.7688 3.76973 3.77098 3.77256 3.77449 3.77677 3.77944 3.7825 3.78597 3.78987 3.79422 3.79903 3.80432 3.81009 3.81637 3.82314 3.83042 3.8382 3.84646 3.85519 3.86437 3.87397 3.88397 3.89431 3.90496 3.91587 3.92698 3.93824 3.94957 3.96093 3.97223 3.98342 3.99441 4.00515 4.01557 4.02558 4.03514 4.04418 4.05264 4.06046 4.06758 4.07398 4.07959 4.08439 4.08834 4.09142 4.09361 4.09489 4.09525 4.0947 4.09323 4.09087 4.08761 4.08349 4.07853 4.07277 4.06624 4.05899 4.05107 4.04253 4.03343 4.02384 4.0138 4.0034 3.99269 3.98176 3.97066 3.95947 3.94826 3.93709 3.92603 3.91513 3.90445 3.89405 3.88397 3.87426 3.86494 3.85606 3.84763 3.83968 3.83221 3.82525 3.81878 3.81282 3.80734 3.80236 3.79785 3.7938 3.79019 3.78702 3.78425 3.78187 3.77987 3.77823 3.77693 3.77597 3.77533 3.77501 
3.76903 3.76934 3.76999 3.77099 3.77234 3.77406 3.77616 3.77864 3.78154 3.78487 3.78865 3.79289 3.79762 3.80285 3.80859 3.81487 3.82167 3.82902 3.8369 3.84532 3.85426 3.86369 3.87361 3.88397 3.89474 3.90588 3.91734 3.92906 3.941 3.95307 3.96523 3.97739 3.98948 4.00144 4.01319 4.02466 4.03576 4.04644 4.05663 4.06625 4.07524 4.08355 4.09113 4.09792 4.10388 4.10897 4.11316 4.11642 4.11874 4.12009 4.12048 4.11989 4.11833 4.11581 4.11236 4.10798 4.10271 4.09658 4.08964 4.08193 4.0735 4.0644 4.0547 4.04447 4.03376 4.02265 4.01121 3.99952 3.98764 3.97566 3.96364 3.95165 3.93977 3.92806 3.91657 3.90537 3.89451 3.88403 3.87398 3.86438 3.85526 3.84666 3.83857 3.83101 3.824 3.81751 3.81156 3.80614 3.80122 3.7968 3.79286 3.78939 3.78636 3.78375 3.78155 3.77975 3.77832 3.77725 3.77653 3.77617 
3.77022 3.77055 3.77124 3.77232 3.77378 3.77564 3.77791 3.7806 3.78375 3.78736 3.79145 3.79605 3.80117 3.80684 3.81305 3.81984 3.8272 3.83513 3.84364 3.85272 3.86235 3.87251 3.88318 3.89431 3.90588 3.91783 3.93011 3.94267 3.95544 3.96835 3.98133 3.9943 4.0072 4.01994 4.03245 4.04464 4.05644 4.06778 4.07859 4.08879 4.09832 4.10713 4.11514 4.12233 4.12863 4.13401 4.13844 4.14189 4.14434 4.14577 4.14617 4.14554 4.14389 4.14123 4.13757 4.13294 4.12736 4.12087 4.11352 4.10534 4.0964 4.08676 4.07646 4.06558 4.0542 4.04238 4.0302 4.01774 4.00508 3.99229 3.97945 3.96664 3.95393 3.94138 3.92908 3.91707 3.90541 3.89415 3.88333 3.873 3.86318 3.8539 3.84517 3.83701 3.82942 3.8224 3.81596 3.81007 3.80474 3.79994 3.79565 3.79187 3.78856 3.78571 3.78331 3.78133 3.77976 3.77859 3.77779 3.77738 
3.77146 3.77181 3.77255 3.77371 3.77528 3.77728 3.77973 3.78265 3.78604 3.78994 3.79437 3.79933 3.80487 3.81098 3.81768 3.825 3.83292 3.84146 3.85062 3.86037 3.87071 3.88161 3.89304 3.90496 3.91734 3.93011 3.94323 3.95663 3.97024 3.98399 3.9978 4.0116 4.0253 4.03882 4.05208 4.065 4.0775 4.0895 4.10092 4.1117 4.12177 4.13106 4.13951 4.14709 4.15373 4.1594 4.16406 4.16769 4.17027 4.17177 4.17219 4.17153 4.16979 4.16699 4.16313 4.15824 4.15236 4.14552 4.13776 4.12913 4.11968 4.10948 4.09859 4.08708 4.07502 4.0625 4.04958 4.03635 4.0229 4.0093 3.99563 3.98199 3.96844 3.95506 3.94191 3.92908 3.91661 3.90455 3.89296 3.88188 3.87134 3.86137 3.85198 3.8432 3.83503 3.82746 3.82051 3.81415 3.80838 3.80319 3.79854 3.79444 3.79085 3.78776 3.78514 3.78298 3.78127 3.77998 3.77911 3.77864 
3.77276 3.77311 3.77391 3.77515 3.77684 3.77899 3.78163 3.78477 3.78843 3.79263 3.79739 3.80273 3.80868 3.81526 3.82246 3.83032 3.83882 3.84798 3.85779 3.86823 3.87929 3.89094 3.90315 3.91587 3.92906 3.94267 3.95663 3.97087 3.98533 3.99992 4.01457 4.02918 4.04368 4.05798 4.072 4.08564 4.09883 4.11148 4.12351 4.13486 4.14545 4.15522 4.16411 4.17206 4.17904 4.18499 4.18988 4.19369 4.19639 4.19797 4.19841 4.19771 4.19589 4.19294 4.18889 4.18376 4.17758 4.17039 4.16223 4.15315 4.14321 4.13247 4.12099 4.10885 4.09613 4.08289 4.06924 4.05525 4.041 4.02659 4.01211 3.99763 3.98323 3.96901 3.95502 3.94135 3.92806 3.9152 3.90283 3.89099 3.87972 3.86904 3.85899 3.84957 3.8408 3.83267 3.8252 3.81836 3.81214 3.80654 3.80153 3.7971 3.79322 3.78987 3.78704 3.7847 3.78283 3.78143 3.78047 3.77996 
3.77409 3.77447 3.77531 3.77664 3.77845 3.78076 3.78359 3.78696 3.79088 3.79539 3.8005 3.80623 3.81261 3.81965 3.82737 3.83577 3.84487 3.85465 3.86512 3.87626 3.88805 3.90046 3.91345 3.92698 3.941 3.95544 3.97024 3.98533 4.00063 4.01606 4.03154 4.04697 4.06226 4.07733 4.09209 4.10644 4.12031 4.1336 4.14623 4.15814 4.16924 4.17948 4.18879 4.19712 4.20442 4.21064 4.21576 4.21974 4.22257 4.22421 4.22467 4.22395 4.22204 4.21896 4.21472 4.20935 4.20289 4.19535 4.1868 4.17729 4.16686 4.15559 4.14353 4.13078 4.11739 4.10347 4.08909 4.07434 4.05931 4.0441 4.02879 4.01347 3.99824 3.98317 3.96834 3.95384 3.93972 3.92605 3.91289 3.90028 3.88827 3.87688 3.86615 3.85609 3.84671 3.83801 3.83 3.82267 3.816 3.80999 3.80461 3.79984 3.79566 3.79205 3.78899 3.78646 3.78444 3.78292 3.78188 3.78132 
3.77547 3.77586 3.77676 3.77817 3.7801 3.78257 3.7856 3.7892 3.7934 3.79822 3.80369 3.80981 3.81663 3.82414 3.83238 3.84134 3.85103 3.86145 3.87259 3.88443 3.89696 3.91012 3.9239 3.93824 3.95307 3.96835 3.98399 3.99992 4.01606 4.03232 4.04862 4.06485 4.08093 4.09676 4.11225 4.1273 4.14183 4.15574 4.16897 4.18142 4.19302 4.20371 4.21343 4.22212 4.22973 4.23622 4.24156 4.24571 4.24865 4.25037 4.25085 4.25009 4.24811 4.24489 4.24048 4.23488 4.22813 4.22027 4.21135 4.20141 4.19051 4.17872 4.1661 4.15274 4.13871 4.12411 4.10901 4.09351 4.07772 4.06171 4.04559 4.02944 4.01337 3.99746 3.9818 3.96646 3.95151 3.93703 3.92308 3.9097 3.89694 3.88484 3.87343 3.86271 3.85272 3.84345 3.8349 3.82707 3.81995 3.81351 3.80775 3.80264 3.79816 3.79428 3.79099 3.78827 3.7861 3.78445 3.78333 3.78271 
3.77688 3.77729 3.77824 3.77974 3.7818 3.78443 3.78766 3.7915 3.79597 3.80111 3.80693 3.81346 3.82071 3.82871 3.83746 3.84698 3.85728 3.86833 3.88014 3.89269 3.90595 3.91988 3.93444 3.94957 3.96523 3.98133 3.9978 4.01457 4.03154 4.04862 4.06572 4.08275 4.09959 4.11617 4.13237 4.1481 4.16327 4.17779 4.19158 4.20456 4.21665 4.22778 4.23789 4.24693 4.25484 4.26159 4.26714 4.27145 4.2745 4.27629 4.27679 4.27601 4.27394 4.27061 4.26602 4.2602 4.25319 4.24502 4.23573 4.22538 4.21402 4.20173 4.18857 4.17462 4.15997 4.1447 4.1289 4.11268 4.09612 4.07933 4.06241 4.04545 4.02856 4.01181 3.99532 3.97915 3.96338 3.9481 3.93335 3.91921 3.9057 3.89289 3.88078 3.86942 3.85881 3.84896 3.83987 3.83154 3.82395 3.81709 3.81094 3.80548 3.8007 3.79655 3.79304 3.79012 3.78779 3.78602 3.78481 3.78414 
3.77831 3.77874 3.77974 3.78133 3.78352 3.78632 3.78974 3.79383 3.79858 3.80404 3.81022 3.81715 3.82484 3.83332 3.8426 3.85268 3.86357 3.87526 3.88774 3.90099 3.91498 3.92966 3.945 3.96093 3.97739 3.9943 4.0116 4.02918 4.04697 4.06485 4.08275 4.10054 4.11814 4.13543 4.15232 4.16872 4.18451 4.19962 4.21396 4.22744 4.23999 4.25155 4.26204 4.27141 4.27961 4.2866 4.29235 4.29681 4.29998 4.30183 4.30235 4.30154 4.29941 4.29596 4.29121 4.28518 4.27791 4.26944 4.25981 4.24906 4.23727 4.2245 4.21081 4.1963 4.18104 4.16513 4.14865 4.13172 4.11442 4.09687 4.07917 4.06141 4.0437 4.02614 4.00882 3.99184 3.97526 3.95918 3.94365 3.92874 3.9145 3.90097 3.88818 3.87617 3.86494 3.85451 3.84488 3.83604 3.82799 3.8207 3.81417 3.80837 3.80327 3.79886 3.79511 3.79199 3.7895 3.78761 3.78631 3.7856 
3.77976 3.7802 3.78126 3.78294 3.78526 3.78822 3.79185 3.79617 3.80121 3.80699 3.81353 3.82086 3.82899 3.83795 3.84775 3.85839 3.86987 3.88219 3.89534 3.90928 3.92399 3.93942 3.95552 3.97223 3.98948 4.0072 4.0253 4.04368 4.06226 4.08093 4.09959 4.11814 4.13646 4.15445 4.17201 4.18904 4.20544 4.22111 4.23597 4.24994 4.26293 4.27489 4.28574 4.29542 4.3039 4.31112 4.31706 4.32167 4.32494 4.32685 4.32739 4.32656 4.32436 4.3208 4.3159 4.30968 4.30217 4.29341 4.28345 4.27234 4.26013 4.24689 4.23271 4.21765 4.20181 4.18528 4.16815 4.15053 4.13252 4.11423 4.09576 4.07722 4.05872 4.04036 4.02224 4.00445 3.98708 3.97021 3.95391 3.93824 3.92327 3.90904 3.89557 3.88291 3.87108 3.86007 3.8499 3.84056 3.83204 3.82433 3.81741 3.81126 3.80586 3.80118 3.79719 3.79389 3.79123 3.78922 3.78784 3.78706 
3.78121 3.78168 3.78279 3.78457 3.78701 3.79013 3.79397 3.79853 3.80385 3.80994 3.81684 3.82456 3.83313 3.84257 3.85288 3.86407 3.87615 3.88909 3.90289 3.91751 3.93293 3.94909 3.96594 3.98342 4.00144 4.01994 4.03882 4.05798 4.07733 4.09676 4.11617 4.13543 4.15445 4.17311 4.19132 4.20895 4.22592 4.24213 4.25749 4.27192 4.28533 4.29767 4.30886 4.31884 4.32758 4.33502 4.34113 4.34589 4.34925 4.35122 4.35179 4.35093 4.34867 4.34501 4.33997 4.33357 4.32584 4.31681 4.30654 4.29507 4.28247 4.2688 4.25414 4.23856 4.22217 4.20504 4.18728 4.169 4.1503 4.1313 4.11209 4.0928 4.07353 4.05439 4.03549 4.01691 3.99876 3.98112 3.96407 3.94766 3.93197 3.91704 3.90292 3.88962 3.87718 3.8656 3.8549 3.84506 3.83608 3.82795 3.82065 3.81416 3.80845 3.8035 3.79928 3.79578 3.79297 3.79084 3.78936 3.78854 
3.78266 3.78315 3.78432 3.78618 3.78875 3.79204 3.79607 3.80087 3.80647 3.81287 3.82012 3.82824 3.83724 3.84715 3.85796 3.8697 3.88235 3.8959 3.91034 3.92563 3.94174 3.95861 3.97619 3.99441 4.01319 4.03245 4.05208 4.072 4.09209 4.11225 4.13237 4.15232 4.17201 4.19132 4.21013 4.22834 4.24586 4.26258 4.27841 4.29327 4.30708 4.31977 4.33128 4.34155 4.35053 4.35817 4.36445 4.36933 4.3728 4.37482 4.3754 4.37453 4.37222 4.36846 4.36329 4.35672 4.34878 4.3395 4.32894 4.31714 4.30417 4.29009 4.27498 4.25891 4.24199 4.2243 4.20594 4.18703 4.16767 4.14798 4.12807 4.10805 4.08804 4.06815 4.04848 4.02915 4.01025 3.99186 3.97406 3.95694 3.94055 3.92494 3.91016 3.89624 3.88321 3.87107 3.85984 3.84952 3.84009 3.83155 3.82387 3.81703 3.81102 3.8058 3.80136 3.79767 3.7947 3.79245 3.79089 3.79001 
3.78411 3.78461 3.78584 3.78779 3.79048 3.79393 3.79816 3.80319 3.80905 3.81577 3.82337 3.83187 3.84129 3.85165 3.86296 3.87523 3.88844 3.90259 3.91765 3.93359 3.95037 3.96793 3.98622 4.00515 4.02466 4.04464 4.065 4.08564 4.10644 4.1273 4.1481 4.16872 4.18904 4.20895 4.22834 4.24711 4.26514 4.28233 4.29861 4.31387 4.32806 4.34108 4.35289 4.36342 4.37262 4.38046 4.38689 4.39189 4.39544 4.39752 4.39812 4.39724 4.39487 4.39103 4.38574 4.37901 4.37088 4.36137 4.35054 4.33844 4.32512 4.31066 4.29512 4.27859 4.26117 4.24295 4.22403 4.20452 4.18453 4.16418 4.14359 4.12288 4.10216 4.08154 4.06115 4.04109 4.02145 4.00234 3.98384 3.96601 3.94894 3.93268 3.91726 3.90274 3.88912 3.87644 3.8647 3.8539 3.84403 3.83508 3.82704 3.81987 3.81356 3.80808 3.80342 3.79953 3.79641 3.79404 3.7924 3.79147 
3.78552 3.78605 3.78733 3.78936 3.79218 3.79578 3.80021 3.80547 3.81159 3.81861 3.82654 3.83542 3.84525 3.85606 3.86785 3.88062 3.89438 3.9091 3.92476 3.94132 3.95875 3.97698 3.99594 4.01557 4.03576 4.05644 4.0775 4.09883 4.12031 4.14183 4.16327 4.18451 4.20544 4.22592 4.24586 4.26514 4.28364 4.30129 4.31798 4.33362 4.34815 4.36149 4.37357 4.38434 4.39375 4.40176 4.40834 4.41346 4.41709 4.41922 4.41983 4.41894 4.41653 4.41261 4.40721 4.40034 4.39202 4.38231 4.37123 4.35884 4.3452 4.33038 4.31445 4.2975 4.27961 4.26088 4.24143 4.22135 4.20077 4.17981 4.15857 4.1372 4.1158 4.0945 4.07341 4.05265 4.03232 4.01251 3.99332 3.97483 3.9571 3.9402 3.92417 3.90906 3.89489 3.88168 3.86945 3.85818 3.84788 3.83854 3.83013 3.82264 3.81605 3.81032 3.80543 3.80136 3.7981 3.79561 3.79388 3.79291 
3.78691 3.78745 3.78878 3.7909 3.79383 3.79759 3.8022 3.80768 3.81406 3.82137 3.82963 3.83886 3.84909 3.86032 3.87257 3.88584 3.90012 3.91539 3.93163 3.94879 3.96683 3.98569 4.0053 4.02558 4.04644 4.06778 4.0895 4.11148 4.1336 4.15574 4.17779 4.19962 4.22111 4.24213 4.26258 4.28233 4.30129 4.31935 4.33642 4.35242 4.36726 4.38088 4.39322 4.40421 4.41382 4.42199 4.4287 4.43392 4.43762 4.4398 4.44043 4.43953 4.43708 4.43309 4.42759 4.42059 4.41212 4.40221 4.3909 4.37825 4.36432 4.34917 4.33287 4.31552 4.2972 4.27801 4.25805 4.23745 4.21631 4.19476 4.17293 4.15093 4.12889 4.10693 4.08519 4.06376 4.04276 4.0223 4.00245 3.98332 3.96496 3.94745 3.93084 3.91517 3.90046 3.88675 3.87404 3.86233 3.85162 3.84189 3.83314 3.82534 3.81846 3.81249 3.80739 3.80315 3.79973 3.79713 3.79533 3.79431 
3.78825 3.78881 3.79019 3.79239 3.79544 3.79934 3.80413 3.80982 3.81644 3.82403 3.8326 3.84218 3.85278 3.86442 3.87711 3.89085 3.90563 3.92142 3.9382 3.95593 3.97456 3.99402 4.01425 4.03514 4.05663 4.07859 4.10092 4.12351 4.14623 4.16897 4.19158 4.21396 4.23597 4.25749 4.27841 4.29861 4.31798 4.33642 4.35385 4.37017 4.3853 4.39918 4.41175 4.42295 4.43272 4.44105 4.44788 4.45319 4.45696 4.45918 4.45983 4.45892 4.45643 4.45239 4.4468 4.43968 4.43106 4.42097 4.40946 4.39658 4.38237 4.36692 4.35029 4.33257 4.31385 4.29422 4.27381 4.25271 4.23106 4.20896 4.18656 4.16398 4.14134 4.11877 4.0964 4.07435 4.05273 4.03163 4.01117 3.99143 3.97248 3.9544 3.93723 3.92102 3.90581 3.89161 3.87844 3.86631 3.8552 3.84512 3.83603 3.82793 3.82079 3.81458 3.80928 3.80487 3.80132 3.79861 3.79673 3.79567 
3.78953 3.79011 3.79154 3.79382 3.79697 3.80101 3.80597 3.81186 3.81872 3.82657 3.83543 3.84534 3.8563 3.86833 3.88143 3.89561 3.91086 3.92714 3.94444 3.96271 3.98188 4.00191 4.0227 4.04418 4.06625 4.08879 4.1117 4.13486 4.15814 4.18142 4.20456 4.22744 4.24994 4.27192 4.29327 4.31387 4.33362 4.35242 4.37017 4.38678 4.40218 4.4163 4.42907 4.44045 4.45039 4.45885 4.46579 4.47118 4.47502 4.47727 4.47794 4.47702 4.47451 4.47041 4.46474 4.45751 4.44876 4.43852 4.42683 4.41373 4.39928 4.38355 4.36661 4.34856 4.32947 4.30945 4.28861 4.26706 4.24492 4.22233 4.1994 4.17627 4.15308 4.12994 4.10699 4.08435 4.06214 4.04047 4.01943 3.99911 3.97961 3.96098 3.94329 3.92658 3.91088 3.89623 3.88263 3.87009 3.85862 3.84819 3.83879 3.83041 3.82301 3.81658 3.81109 3.80652 3.80283 3.80002 3.79807 3.79697 
3.79075 3.79134 3.79281 3.79517 3.79842 3.8026 3.80771 3.81379 3.82087 3.82896 3.83811 3.84831 3.85961 3.872 3.8855 3.90009 3.91577 3.93252 3.9503 3.96906 3.98875 4.00929 4.03062 4.05264 4.07524 4.09832 4.12177 4.14545 4.16924 4.19302 4.21665 4.23999 4.26293 4.28533 4.30708 4.32806 4.34815 4.36726 4.3853 4.40218 4.41782 4.43215 4.44511 4.45666 4.46674 4.47531 4.48235 4.48783 4.49172 4.49401 4.49469 4.49376 4.49122 4.48708 4.48134 4.47402 4.46516 4.45477 4.44291 4.42962 4.41495 4.39898 4.38177 4.3634 4.34398 4.3236 4.30237 4.28041 4.25783 4.23478 4.21137 4.18774 4.16403 4.14037 4.11689 4.09371 4.07095 4.04873 4.02716 4.00631 3.98629 3.96716 3.94897 3.93179 3.91565 3.90057 3.88657 3.87366 3.86183 3.85108 3.84139 3.83274 3.82511 3.81847 3.8128 3.80807 3.80427 3.80136 3.79934 3.7982 
3.79189 3.7925 3.79401 3.79643 3.79978 3.80408 3.80934 3.8156 3.82287 3.8312 3.8406 3.85109 3.86269 3.87542 3.88927 3.90425 3.92034 3.93751 3.95573 3.97494 3.9951 4.01613 4.03795 4.06046 4.08355 4.10713 4.13106 4.15522 4.17948 4.20371 4.22778 4.25155 4.27489 4.29767 4.31977 4.34108 4.36149 4.38088 4.39918 4.4163 4.43215 4.44667 4.45981 4.4715 4.4817 4.49038 4.49751 4.50305 4.50699 4.50932 4.51002 4.50908 4.50652 4.50233 4.49653 4.48914 4.48017 4.46966 4.45765 4.44419 4.42933 4.41313 4.39567 4.37704 4.35731 4.33661 4.31503 4.29269 4.26972 4.24624 4.2224 4.19832 4.17414 4.14999 4.12602 4.10235 4.07909 4.05638 4.03431 4.01298 3.99248 3.97288 3.95425 3.93663 3.92007 3.9046 3.89023 3.87697 3.86482 3.85377 3.84381 3.83492 3.82707 3.82023 3.8144 3.80953 3.80561 3.80261 3.80053 3.79935 
3.79294 3.79357 3.79512 3.7976 3.80104 3.80544 3.81084 3.81726 3.82472 3.83326 3.84289 3.85364 3.86552 3.87856 3.89274 3.90806 3.92452 3.94207 3.96069 3.98032 4.00091 4.02237 4.04463 4.06758 4.09113 4.11514 4.13951 4.16411 4.18879 4.21343 4.23789 4.26204 4.28574 4.30886 4.33128 4.35289 4.37357 4.39322 4.41175 4.42907 4.44511 4.45981 4.47309 4.48491 4.49523 4.504 4.5112 4.51681 4.52079 4.52314 4.52386 4.52292 4.52034 4.51612 4.51026 4.5028 4.49374 4.48313 4.47099 4.45737 4.44234 4.42594 4.40827 4.38939 4.3694 4.3484 4.32651 4.30384 4.28051 4.25666 4.23242 4.20793 4.18333 4.15875 4.13434 4.11022 4.08651 4.06335 4.04083 4.01906 3.99813 3.97811 3.95907 3.94106 3.92412 3.90829 3.89359 3.88001 3.86757 3.85625 3.84604 3.83692 3.82886 3.82186 3.81587 3.81087 3.80684 3.80377 3.80163 3.80042 
3.7939 3.79454 3.79612 3.79866 3.80218 3.80668 3.8122 3.81876 3.82639 3.83511 3.84496 3.85594 3.86808 3.88138 3.89586 3.91149 3.92828 3.94618 3.96515 3.98516 4.00612 4.02798 4.05063 4.07398 4.09792 4.12233 4.14709 4.17206 4.19712 4.22212 4.24693 4.27141 4.29542 4.31884 4.34155 4.36342 4.38434 4.40421 4.42295 4.44045 4.45666 4.4715 4.48491 4.49684 4.50726 4.51611 4.52338 4.52904 4.53306 4.53544 4.53616 4.53523 4.53263 4.52838 4.52248 4.51495 4.50582 4.49511 4.48286 4.46911 4.45393 4.43736 4.4195 4.4004 4.38018 4.35893 4.33676 4.3138 4.29016 4.26597 4.24139 4.21654 4.19156 4.1666 4.14179 4.11727 4.09317 4.0696 4.04669 4.02452 4.0032 3.98281 3.9634 3.94504 3.92777 3.91162 3.89661 3.88275 3.87004 3.85848 3.84804 3.83872 3.83049 3.82333 3.8172 3.81209 3.80797 3.80482 3.80263 3.80139 
3.79475 3.7954 3.79702 3.79961 3.80319 3.80778 3.81341 3.8201 3.82787 3.83676 3.84679 3.85797 3.87034 3.88388 3.89861 3.91452 3.93159 3.94979 3.96908 3.98941 4.01071 4.0329 4.0559 4.07959 4.10388 4.12863 4.15373 4.17904 4.20442 4.22973 4.25484 4.27961 4.3039 4.32758 4.35053 4.37262 4.39375 4.41382 4.43272 4.45039 4.46674 4.4817 4.49523 4.50726 4.51775 4.52668 4.534 4.53971 4.54376 4.54616 4.5469 4.54596 4.54335 4.53907 4.53314 4.52556 4.51636 4.50557 4.49322 4.47937 4.46405 4.44734 4.42931 4.41003 4.38961 4.36814 4.34573 4.32251 4.2986 4.27413 4.24924 4.22407 4.19877 4.17348 4.14833 4.12346 4.09901 4.0751 4.05183 4.02933 4.00767 3.98694 3.96722 3.94855 3.93098 3.91455 3.89928 3.88517 3.87223 3.86045 3.84982 3.84032 3.83193 3.82463 3.81838 3.81317 3.80896 3.80575 3.80352 3.80225 
3.79549 3.79615 3.79779 3.80043 3.80407 3.80873 3.81445 3.82125 3.82915 3.83818 3.84837 3.85973 3.87228 3.88603 3.90098 3.91712 3.93444 3.95289 3.97245 3.99306 4.01464 4.03712 4.0604 4.08439 4.10897 4.13401 4.1594 4.18499 4.21064 4.23622 4.26159 4.2866 4.31112 4.33502 4.35817 4.38046 4.40176 4.42199 4.44105 4.45885 4.47531 4.49038 4.504 4.51611 4.52668 4.53566 4.54304 4.54878 4.55286 4.55528 4.55602 4.55509 4.55246 4.54817 4.5422 4.53458 4.52533 4.51447 4.50204 4.48809 4.47267 4.45583 4.43766 4.41823 4.39764 4.37598 4.35337 4.32994 4.30579 4.28108 4.25594 4.2305 4.20493 4.17935 4.15391 4.12875 4.104 4.07979 4.05624 4.03344 4.01149 3.99049 3.97049 3.95156 3.93374 3.91707 3.90157 3.88725 3.87411 3.86215 3.85135 3.8417 3.83318 3.82575 3.8194 3.8141 3.80983 3.80656 3.80429 3.803 
3.79611 3.79678 3.79844 3.80111 3.8048 3.80953 3.81533 3.82221 3.83022 3.83936 3.84968 3.86118 3.87389 3.88781 3.90294 3.91927 3.93679 3.95546 3.97523 3.99606 4.01788 4.04059 4.06411 4.08834 4.11316 4.13844 4.16406 4.18988 4.21576 4.24156 4.26714 4.29235 4.31706 4.34113 4.36445 4.38689 4.40834 4.4287 4.44788 4.46579 4.48235 4.49751 4.5112 4.52338 4.534 4.54304 4.55045 4.55622 4.56033 4.56276 4.56351 4.56258 4.55995 4.55563 4.54964 4.54198 4.53268 4.52177 4.50928 4.49525 4.47974 4.4628 4.44452 4.42496 4.40423 4.38242 4.35965 4.33603 4.3117 4.28679 4.26144 4.23579 4.20999 4.18418 4.1585 4.1331 4.10811 4.08366 4.05986 4.03682 4.01464 3.99341 3.97319 3.95404 3.93602 3.91915 3.90346 3.88897 3.87567 3.86356 3.85262 3.84285 3.83421 3.82669 3.82025 3.81488 3.81055 3.80724 3.80493 3.80362 
3.79661 3.79728 3.79896 3.80166 3.80538 3.81016 3.81602 3.82297 3.83106 3.8403 3.85071 3.86233 3.87515 3.8892 3.90447 3.92096 3.93863 3.95746 3.97741 3.99841 4.0204 4.0433 4.06701 4.09142 4.11642 4.14189 4.16769 4.19369 4.21974 4.24571 4.27145 4.29681 4.32167 4.34589 4.36933 4.39189 4.41346 4.43392 4.45319 4.47118 4.48783 4.50305 4.51681 4.52904 4.53971 4.54878 4.55622 4.56202 4.56614 4.56859 4.56935 4.56841 4.56577 4.56144 4.55543 4.54774 4.53841 4.52745 4.51491 4.50082 4.48524 4.46822 4.44985 4.43019 4.40935 4.38743 4.36453 4.34078 4.3163 4.29123 4.26572 4.2399 4.21392 4.18793 4.16208 4.13649 4.11132 4.08667 4.06269 4.03946 4.0171 3.99569 3.9753 3.95598 3.9378 3.92078 3.90495 3.89032 3.87689 3.86467 3.85363 3.84375 3.83503 3.82743 3.82093 3.8155 3.81112 3.80778 3.80545 3.80412 
3.79697 3.79765 3.79934 3.80206 3.80581 3.81063 3.81652 3.82353 3.83167 3.84097 3.85146 3.86315 3.87607 3.89021 3.90558 3.92216 3.93995 3.95889 3.97896 4.00008 4.0222 4.04523 4.06906 4.09361 4.11874 4.14434 4.17027 4.19639 4.22257 4.24865 4.2745 4.29998 4.32494 4.34925 4.3728 4.39544 4.41709 4.43762 4.45696 4.47502 4.49172 4.50699 4.52079 4.53306 4.54376 4.55286 4.56033 4.56614 4.57029 4.57274 4.5735 4.57256 4.56992 4.56558 4.55955 4.55184 4.54248 4.5315 4.51891 4.50478 4.48915 4.47207 4.45363 4.43391 4.41299 4.39098 4.36799 4.34414 4.31956 4.29438 4.26875 4.24281 4.21671 4.1906 4.16461 4.13889 4.11359 4.08881 4.0647 4.04134 4.01885 3.99731 3.9768 3.95737 3.93907 3.92195 3.90602 3.89129 3.87777 3.86546 3.85435 3.84441 3.83562 3.82797 3.82142 3.81595 3.81154 3.80817 3.80583 3.80449 
3.7972 3.79789 3.79958 3.80231 3.80608 3.81091 3.81684 3.82387 3.83205 3.84139 3.85191 3.86365 3.87662 3.89081 3.90624 3.92288 3.94073 3.95974 3.97987 4.00107 4.02326 4.04636 4.07027 4.09489 4.12009 4.14577 4.17177 4.19797 4.22421 4.25037 4.27629 4.30183 4.32685 4.35122 4.37482 4.39752 4.41922 4.4398 4.45918 4.47727 4.49401 4.50932 4.52314 4.53544 4.54616 4.55528 4.56276 4.56859 4.57274 4.5752 4.57596 4.57502 4.57238 4.56803 4.56199 4.55427 4.54489 4.53388 4.52127 4.50711 4.49144 4.47433 4.45585 4.43608 4.41512 4.39305 4.37001 4.3461 4.32146 4.29622 4.27052 4.24451 4.21834 4.19215 4.16609 4.1403 4.11491 4.09006 4.06587 4.04244 4.01988 3.99827 3.97769 3.95819 3.93983 3.92264 3.90665 3.89187 3.8783 3.86595 3.85479 3.84481 3.83599 3.8283 3.82173 3.81624 3.81181 3.80842 3.80607 3.80473 
