6.25658 6.25676 6.25706 6.25747 6.25799 6.25863 6.25937 6.26023 6.26121 6.26229 6.26349 6.26479 6.26621 6.26774 6.26937 6.27111 6.27296 6.27491 6.27695 6.27909 6.28131 6.28362 6.286 6.28845 6.29096 6.29352 6.29612 6.29876 6.30142 6.30408 6.30675 6.30939 6.31201 6.31459 6.31712 6.31957 6.32195 6.32423 6.3264 6.32846 6.33038 6.33216 6.33378 6.33524 6.33652 6.33763 6.33854 6.33927 6.33979 6.34012 6.34024 6.34016 6.33987 6.33939 6.33871 6.33784 6.33678 6.33554 6.33413 6.33257 6.33085 6.32899 6.327 6.32489 6.32269 6.32039 6.31801 6.31558 6.31309 6.31057 6.30802 6.30547 6.30292 6.30038 6.29787 6.2954 6.29298 6.29061 6.28831 6.28609 6.28395 6.28189 6.27993 6.27808 6.27632 6.27467 6.27313 6.2717 6.27039 6.26919 6.26811 6.26714 6.26629 6.26556 6.26494 6.26444 6.26406 6.26379 6.26363 6.26359 
6.25676 6.25695 6.25725 6.25766 6.25818 6.25882 6.25957 6.26043 6.26141 6.2625 6.2637 6.26502 6.26644 6.26798 6.26963 6.27138 6.27323 6.27519 6.27725 6.2794 6.28164 6.28396 6.28635 6.28882 6.29135 6.29392 6.29654 6.2992 6.30187 6.30456 6.30724 6.3099 6.31254 6.31514 6.31768 6.32015 6.32254 6.32484 6.32703 6.32909 6.33103 6.33281 6.33445 6.33592 6.33721 6.33832 6.33924 6.33997 6.3405 6.34083 6.34095 6.34087 6.34058 6.34009 6.33941 6.33853 6.33746 6.33622 6.3348 6.33322 6.33149 6.32962 6.32762 6.3255 6.32327 6.32096 6.31857 6.31612 6.31361 6.31107 6.30851 6.30594 6.30337 6.30082 6.29829 6.2958 6.29336 6.29098 6.28867 6.28643 6.28427 6.28221 6.28023 6.27836 6.27659 6.27493 6.27338 6.27195 6.27062 6.26942 6.26833 6.26736 6.2665 6.26576 6.26514 6.26464 6.26425 6.26398 6.26382 6.26378 
6.25706 6.25725 6.25755 6.25796 6.2585 6.25914 6.2599 6.26078 6.26177 6.26288 6.2641 6.26543 6.26688 6.26844 6.27012 6.2719 6.27378 6.27577 6.27786 6.28005 6.28232 6.28468 6.28712 6.28962 6.29219 6.29481 6.29747 6.30017 6.30289 6.30562 6.30834 6.31105 6.31373 6.31637 6.31895 6.32146 6.32389 6.32623 6.32845 6.33055 6.33251 6.33433 6.33599 6.33748 6.33879 6.33992 6.34086 6.3416 6.34213 6.34246 6.34259 6.3425 6.34221 6.34171 6.34102 6.34012 6.33904 6.33777 6.33633 6.33473 6.33297 6.33106 6.32903 6.32687 6.32461 6.32226 6.31983 6.31734 6.31479 6.31221 6.3096 6.30699 6.30438 6.30178 6.29921 6.29668 6.2942 6.29178 6.28943 6.28715 6.28495 6.28285 6.28084 6.27894 6.27714 6.27545 6.27387 6.27241 6.27106 6.26983 6.26872 6.26773 6.26686 6.26611 6.26547 6.26496 6.26456 6.26428 6.26412 6.26407 
6.25747 6.25766 6.25796 6.25839 6.25893 6.25959 6.26037 6.26127 6.26228 6.26342 6.26467 6.26604 6.26753 6.26913 6.27084 6.27267 6.2746 6.27665 6.27879 6.28103 6.28336 6.28578 6.28828 6.29086 6.29349 6.29618 6.29891 6.30168 6.30447 6.30726 6.31006 6.31283 6.31558 6.31829 6.32094 6.32351 6.326 6.32839 6.33067 6.33282 6.33483 6.33669 6.33839 6.33992 6.34126 6.34242 6.34338 6.34413 6.34468 6.34502 6.34514 6.34506 6.34476 6.34425 6.34353 6.34261 6.3415 6.3402 6.33872 6.33707 6.33527 6.33332 6.33123 6.32902 6.3267 6.32429 6.32179 6.31924 6.31662 6.31397 6.3113 6.30862 6.30593 6.30327 6.30063 6.29803 6.29549 6.293 6.29058 6.28824 6.28599 6.28383 6.28176 6.2798 6.27795 6.27622 6.27459 6.27309 6.2717 6.27044 6.26929 6.26827 6.26737 6.2666 6.26594 6.26541 6.265 6.26471 6.26454 6.26449 
6.25799 6.25818 6.2585 6.25893 6.25949 6.26017 6.26097 6.2619 6.26295 6.26412 6.26542 6.26683 6.26837 6.27003 6.2718 6.27369 6.2757 6.27781 6.28003 6.28235 6.28477 6.28727 6.28986 6.29252 6.29525 6.29803 6.30086 6.30372 6.3066 6.30949 6.31238 6.31526 6.3181 6.32089 6.32363 6.32629 6.32886 6.33133 6.33368 6.33591 6.33798 6.33991 6.34166 6.34324 6.34462 6.34582 6.3468 6.34758 6.34815 6.34849 6.34862 6.34853 6.34821 6.34769 6.34694 6.34599 6.34484 6.3435 6.34197 6.34027 6.3384 6.33638 6.33422 6.33193 6.32953 6.32704 6.32446 6.32181 6.31911 6.31636 6.3136 6.31082 6.30804 6.30528 6.30255 6.29986 6.29722 6.29464 6.29214 6.28971 6.28737 6.28513 6.28299 6.28096 6.27904 6.27723 6.27555 6.27398 6.27254 6.27123 6.27004 6.26898 6.26804 6.26723 6.26655 6.26599 6.26556 6.26525 6.26507 6.26501 
6.25863 6.25882 6.25914 6.25959 6.26017 6.26088 6.26171 6.26268 6.26377 6.26499 6.26634 6.26782 6.26942 6.27115 6.273 6.27497 6.27707 6.27927 6.28159 6.28401 6.28653 6.28914 6.29184 6.29461 6.29746 6.30036 6.3033 6.30629 6.30929 6.31231 6.31532 6.31831 6.32127 6.32418 6.32703 6.3298 6.33248 6.33505 6.33749 6.3398 6.34197 6.34396 6.34579 6.34742 6.34887 6.3501 6.35113 6.35194 6.35252 6.35288 6.35301 6.35291 6.35258 6.35203 6.35126 6.35027 6.34907 6.34766 6.34607 6.34429 6.34235 6.34024 6.33799 6.33561 6.33311 6.33051 6.32782 6.32506 6.32224 6.31938 6.31649 6.31359 6.3107 6.30782 6.30496 6.30215 6.2994 6.29671 6.29409 6.29155 6.28911 6.28677 6.28453 6.2824 6.28039 6.2785 6.27674 6.2751 6.27359 6.27221 6.27096 6.26984 6.26886 6.268 6.26728 6.2667 6.26624 6.26591 6.26572 6.26565 
6.25937 6.25957 6.2599 6.26037 6.26097 6.26171 6.26259 6.2636 6.26475 6.26603 6.26744 6.26899 6.27068 6.27249 6.27444 6.27651 6.27871 6.28102 6.28345 6.286 6.28864 6.29139 6.29422 6.29714 6.30012 6.30316 6.30626 6.30939 6.31254 6.3157 6.31886 6.32199 6.3251 6.32815 6.33113 6.33403 6.33684 6.33953 6.34209 6.34451 6.34677 6.34886 6.35077 6.35248 6.35399 6.35528 6.35635 6.35719 6.3578 6.35817 6.35831 6.3582 6.35785 6.35727 6.35646 6.35542 6.35416 6.35269 6.35102 6.34915 6.34711 6.3449 6.34254 6.34004 6.33742 6.33469 6.33187 6.32897 6.32601 6.32301 6.31998 6.31694 6.3139 6.31087 6.30787 6.30492 6.30202 6.29919 6.29644 6.29377 6.2912 6.28873 6.28637 6.28413 6.28201 6.28002 6.27816 6.27643 6.27483 6.27337 6.27205 6.27087 6.26983 6.26892 6.26816 6.26753 6.26704 6.26669 6.26648 6.2664 
6.26023 6.26043 6.26078 6.26127 6.2619 6.26268 6.2636 6.26466 6.26587 6.26722 6.26872 6.27036 6.27213 6.27405 6.27611 6.2783 6.28062 6.28306 6.28563 6.28832 6.29112 6.29401 6.29701 6.30008 6.30323 6.30645 6.30971 6.31301 6.31634 6.31967 6.323 6.3263 6.32957 6.33279 6.33593 6.33899 6.34194 6.34477 6.34747 6.35001 6.35239 6.35459 6.35659 6.35839 6.35997 6.36133 6.36246 6.36334 6.36398 6.36437 6.3645 6.36439 6.36402 6.3634 6.36254 6.36145 6.36012 6.35857 6.3568 6.35484 6.35268 6.35036 6.34787 6.34523 6.34247 6.33959 6.33661 6.33355 6.33043 6.32726 6.32406 6.32085 6.31764 6.31444 6.31127 6.30815 6.30509 6.30209 6.29918 6.29636 6.29363 6.29102 6.28852 6.28615 6.2839 6.28179 6.27981 6.27797 6.27628 6.27473 6.27332 6.27206 6.27095 6.26998 6.26916 6.26849 6.26797 6.26759 6.26735 6.26727 
6.26121 6.26141 6.26177 6.26228 6.26295 6.26377 6.26475 6.26587 6.26715 6.26859 6.27017 6.27191 6.2738 6.27583 6.27801 6.28034 6.2828 6.2854 6.28812 6.29098 6.29394 6.29702 6.30019 6.30345 6.30679 6.3102 6.31366 6.31716 6.32068 6.32421 6.32773 6.33123 6.33469 6.33809 6.34142 6.34465 6.34777 6.35077 6.35361 6.3563 6.35881 6.36114 6.36325 6.36515 6.36682 6.36825 6.36944 6.37037 6.37104 6.37144 6.37158 6.37146 6.37107 6.37041 6.3695 6.36834 6.36693 6.36528 6.36342 6.36134 6.35906 6.35659 6.35395 6.35116 6.34823 6.34518 6.34203 6.33879 6.33548 6.33212 6.32873 6.32532 6.32191 6.31852 6.31516 6.31185 6.30859 6.30541 6.30232 6.29931 6.29642 6.29364 6.29098 6.28845 6.28606 6.2838 6.28169 6.27973 6.27792 6.27626 6.27476 6.27341 6.27222 6.27119 6.27031 6.26958 6.26901 6.2686 6.26835 6.26824 
6.26229 6.2625 6.26288 6.26342 6.26412 6.26499 6.26603 6.26722 6.26859 6.27011 6.2718 6.27365 6.27566 6.27783 6.28015 6.28263 6.28525 6.28802 6.29092 6.29396 6.29712 6.30039 6.30377 6.30724 6.3108 6.31442 6.3181 6.32182 6.32556 6.32932 6.33306 6.33678 6.34045 6.34406 6.34759 6.35102 6.35433 6.3575 6.36052 6.36337 6.36604 6.36849 6.37073 6.37275 6.37451 6.37603 6.37728 6.37826 6.37897 6.3794 6.37954 6.3794 6.37898 6.37829 6.37731 6.37608 6.37458 6.37283 6.37085 6.36864 6.36621 6.36359 6.36079 6.35783 6.35472 6.35147 6.34812 6.34468 6.34116 6.33759 6.33398 6.33035 6.32672 6.32311 6.31953 6.316 6.31253 6.30914 6.30584 6.30264 6.29955 6.29658 6.29374 6.29103 6.28847 6.28606 6.28381 6.2817 6.27976 6.27799 6.27637 6.27493 6.27364 6.27253 6.27158 6.2708 6.27018 6.26973 6.26945 6.26933 
6.26349 6.2637 6.2641 6.26467 6.26542 6.26634 6.26744 6.26872 6.27017 6.2718 6.2736 6.27558 6.27772 6.28004 6.28252 6.28517 6.28797 6.29093 6.29403 6.29727 6.30064 6.30414 6.30774 6.31145 6.31524 6.3191 6.32303 6.32699 6.33098 6.33498 6.33897 6.34292 6.34683 6.35068 6.35443 6.35808 6.3616 6.36497 6.36818 6.37121 6.37404 6.37665 6.37903 6.38116 6.38303 6.38464 6.38597 6.38701 6.38775 6.3882 6.38835 6.3882 6.38775 6.38701 6.38597 6.38465 6.38306 6.3812 6.37908 6.37673 6.37415 6.37136 6.36837 6.36522 6.3619 6.35845 6.35487 6.3512 6.34745 6.34364 6.33979 6.33593 6.33205 6.3282 6.32438 6.32061 6.3169 6.31328 6.30974 6.30632 6.30301 6.29983 6.29679 6.2939 6.29115 6.28857 6.28615 6.28389 6.28181 6.27989 6.27816 6.2766 6.27522 6.27402 6.27299 6.27214 6.27148 6.27098 6.27067 6.27054 
6.26479 6.26502 6.26543 6.26604 6.26683 6.26782 6.26899 6.27036 6.27191 6.27365 6.27558 6.27769 6.27999 6.28247 6.28512 6.28795 6.29095 6.29412 6.29744 6.3009 6.30451 6.30825 6.3121 6.31606 6.32011 6.32424 6.32843 6.33266 6.33692 6.34119 6.34544 6.34966 6.35383 6.35793 6.36193 6.36581 6.36956 6.37316 6.37657 6.3798 6.3828 6.38558 6.38811 6.39038 6.39237 6.39407 6.39548 6.39658 6.39738 6.39785 6.398 6.39784 6.39736 6.39656 6.39545 6.39404 6.39234 6.39036 6.3881 6.38559 6.38284 6.37986 6.37668 6.37331 6.36977 6.36609 6.36228 6.35836 6.35435 6.35028 6.34617 6.34204 6.3379 6.33378 6.32969 6.32566 6.32169 6.31781 6.31403 6.31036 6.30682 6.30341 6.30015 6.29704 6.29409 6.29131 6.28871 6.28628 6.28404 6.28198 6.28011 6.27843 6.27694 6.27564 6.27453 6.27361 6.27289 6.27235 6.27201 6.27185 
6.26621 6.26644 6.26688 6.26753 6.26837 6.26942 6.27068 6.27213 6.2738 6.27566 6.27772 6.27999 6.28245 6.2851 6.28795 6.29098 6.2942 6.29759 6.30114 6.30486 6.30872 6.31272 6.31684 6.32108 6.32541 6.32983 6.33431 6.33883 6.34338 6.34794 6.35248 6.35698 6.36143 6.3658 6.37007 6.37421 6.37821 6.38204 6.38568 6.38911 6.39232 6.39527 6.39796 6.40038 6.40249 6.40431 6.4058 6.40697 6.40781 6.40831 6.40847 6.40829 6.40777 6.40692 6.40574 6.40423 6.40241 6.40029 6.39789 6.39521 6.39227 6.38909 6.38569 6.3821 6.37832 6.37438 6.37031 6.36612 6.36184 6.3575 6.3531 6.34868 6.34425 6.33984 6.33547 6.33115 6.3269 6.32274 6.31869 6.31475 6.31095 6.30729 6.30379 6.30045 6.29728 6.2943 6.2915 6.28889 6.28647 6.28425 6.28224 6.28042 6.27881 6.27741 6.2762 6.27521 6.27442 6.27383 6.27345 6.27328 
6.26774 6.26798 6.26844 6.26913 6.27003 6.27115 6.27249 6.27405 6.27583 6.27783 6.28004 6.28247 6.2851 6.28795 6.291 6.29425 6.2977 6.30133 6.30514 6.30912 6.31326 6.31754 6.32195 6.32649 6.33113 6.33585 6.34064 6.34547 6.35034 6.35521 6.36006 6.36487 6.36962 6.37428 6.37884 6.38326 6.38752 6.3916 6.39548 6.39914 6.40255 6.4057 6.40857 6.41113 6.41339 6.41531 6.4169 6.41815 6.41904 6.41956 6.41973 6.41954 6.41898 6.41806 6.4168 6.41519 6.41325 6.41098 6.40841 6.40555 6.40241 6.39902 6.39539 6.39155 6.38752 6.38331 6.37896 6.37448 6.36991 6.36526 6.36056 6.35583 6.35109 6.34637 6.34169 6.33706 6.33251 6.32805 6.3237 6.31948 6.31541 6.31148 6.30772 6.30413 6.30073 6.29751 6.2945 6.29169 6.28909 6.2867 6.28453 6.28257 6.28083 6.27931 6.27801 6.27693 6.27607 6.27543 6.27501 6.27481 
6.26937 6.26963 6.27012 6.27084 6.2718 6.273 6.27444 6.27611 6.27801 6.28015 6.28252 6.28512 6.28795 6.291 6.29427 6.29776 6.30145 6.30534 6.30942 6.31368 6.31812 6.3227 6.32743 6.33228 6.33724 6.34229 6.34741 6.35258 6.35778 6.36298 6.36816 6.3733 6.37837 6.38335 6.38821 6.39292 6.39747 6.40182 6.40596 6.40985 6.41348 6.41684 6.41989 6.42262 6.42502 6.42707 6.42876 6.43008 6.43102 6.43158 6.43175 6.43154 6.43094 6.42996 6.42861 6.42689 6.42482 6.4224 6.41966 6.4166 6.41325 6.40963 6.40576 6.40165 6.39735 6.39285 6.38821 6.38342 6.37854 6.37356 6.36854 6.36348 6.35841 6.35336 6.34834 6.34339 6.33851 6.33374 6.32908 6.32455 6.32018 6.31596 6.31192 6.30807 6.30441 6.30096 6.29772 6.2947 6.29189 6.28932 6.28698 6.28486 6.28299 6.28134 6.27994 6.27877 6.27783 6.27714 6.27668 6.27646 
6.27111 6.27138 6.2719 6.27267 6.27369 6.27497 6.27651 6.2783 6.28034 6.28263 6.28517 6.28795 6.29098 6.29425 6.29776 6.30149 6.30545 6.30961 6.31398 6.31855 6.32329 6.3282 6.33325 6.33844 6.34375 6.34915 6.35462 6.36014 6.36569 6.37125 6.37678 6.38226 6.38767 6.39298 6.39816 6.40319 6.40803 6.41267 6.41707 6.42122 6.42509 6.42866 6.4319 6.43481 6.43736 6.43954 6.44133 6.44273 6.44373 6.44432 6.4445 6.44427 6.44363 6.44258 6.44114 6.4393 6.43709 6.43451 6.43159 6.42833 6.42475 6.42089 6.41676 6.41238 6.40778 6.40299 6.39802 6.39292 6.3877 6.38239 6.37701 6.37161 6.36619 6.36078 6.35542 6.35012 6.3449 6.33978 6.33479 6.32994 6.32525 6.32073 6.3164 6.31226 6.30834 6.30463 6.30114 6.29789 6.29488 6.29211 6.28958 6.28731 6.28528 6.28351 6.28199 6.28073 6.27971 6.27896 6.27846 6.27821 
6.27296 6.27323 6.27378 6.2746 6.2757 6.27707 6.27871 6.28062 6.2828 6.28525 6.28797 6.29095 6.2942 6.2977 6.30145 6.30545 6.30968 6.31414 6.31881 6.32369 6.32877 6.33401 6.33942 6.34496 6.35063 6.3564 6.36224 6.36814 6.37406 6.37998 6.38588 6.39173 6.39749 6.40315 6.40867 6.41402 6.41918 6.42411 6.4288 6.43321 6.43733 6.44112 6.44457 6.44766 6.45037 6.45269 6.45459 6.45608 6.45713 6.45776 6.45795 6.4577 6.45701 6.45589 6.45435 6.45239 6.45003 6.44729 6.44417 6.44069 6.43689 6.43277 6.42836 6.4237 6.41879 6.41368 6.40839 6.40294 6.39737 6.3917 6.38597 6.38019 6.37441 6.36863 6.3629 6.35723 6.35165 6.34618 6.34084 6.33565 6.33062 6.32578 6.32113 6.3167 6.31249 6.30851 6.30477 6.30128 6.29804 6.29506 6.29235 6.2899 6.28772 6.28581 6.28417 6.2828 6.28171 6.28089 6.28034 6.28007 
6.27491 6.27519 6.27577 6.27665 6.27781 6.27927 6.28102 6.28306 6.2854 6.28802 6.29093 6.29412 6.29759 6.30133 6.30534 6.30961 6.31414 6.3189 6.3239 6.32911 6.33453 6.34013 6.34591 6.35182 6.35787 6.36402 6.37025 6.37654 6.38285 6.38916 6.39545 6.40167 6.40781 6.41383 6.4197 6.4254 6.43088 6.43613 6.44111 6.4458 6.45017 6.4542 6.45787 6.46114 6.46402 6.46647 6.46849 6.47007 6.47119 6.47185 6.47204 6.47177 6.47104 6.46985 6.46821 6.46612 6.46361 6.46069 6.45736 6.45367 6.44962 6.44523 6.44054 6.43558 6.43035 6.42491 6.41927 6.41347 6.40753 6.40149 6.39538 6.38922 6.38304 6.37688 6.37076 6.36471 6.35875 6.3529 6.3472 6.34164 6.33627 6.33109 6.32612 6.32137 6.31686 6.3126 6.30859 6.30485 6.30137 6.29818 6.29526 6.29263 6.29028 6.28823 6.28646 6.28499 6.28381 6.28292 6.28232 6.28202 
6.27695 6.27725 6.27786 6.27879 6.28003 6.28159 6.28345 6.28563 6.28812 6.29092 6.29403 6.29744 6.30114 6.30514 6.30942 6.31398 6.31881 6.3239 6.32923 6.3348 6.34057 6.34655 6.3527 6.35901 6.36545 6.372 6.37864 6.38533 6.39205 6.39876 6.40545 6.41207 6.41859 6.42499 6.43123 6.43728 6.4431 6.44867 6.45396 6.45894 6.46358 6.46785 6.47174 6.47521 6.47826 6.48086 6.483 6.48467 6.48585 6.48655 6.48675 6.48646 6.48567 6.48441 6.48266 6.48044 6.47777 6.47467 6.47114 6.46721 6.4629 6.45825 6.45326 6.44798 6.44243 6.43664 6.43064 6.42447 6.41815 6.41172 6.40521 6.39865 6.39208 6.38551 6.37899 6.37254 6.36618 6.35994 6.35385 6.34793 6.34219 6.33665 6.33134 6.32627 6.32144 6.31688 6.31259 6.30858 6.30486 6.30144 6.29831 6.29549 6.29297 6.29076 6.28887 6.28728 6.28601 6.28505 6.28441 6.28408 
6.27909 6.2794 6.28005 6.28103 6.28235 6.28401 6.286 6.28832 6.29098 6.29396 6.29727 6.3009 6.30486 6.30912 6.31368 6.31855 6.32369 6.32911 6.3348 6.34072 6.34687 6.35323 6.35978 6.36649 6.37335 6.38031 6.38737 6.39448 6.40162 6.40875 6.41585 6.42288 6.42981 6.4366 6.44321 6.44963 6.4558 6.46171 6.46731 6.47259 6.4775 6.48203 6.48614 6.48982 6.49305 6.4958 6.49806 6.49982 6.50107 6.5018 6.50201 6.5017 6.50087 6.49952 6.49767 6.49531 6.49248 6.48918 6.48544 6.48127 6.4767 6.47176 6.46647 6.46087 6.45497 6.44883 6.44246 6.4359 6.42919 6.42236 6.41544 6.40847 6.40148 6.39449 6.38755 6.38069 6.37392 6.36728 6.36079 6.35447 6.34835 6.34245 6.33679 6.33137 6.32622 6.32135 6.31677 6.31249 6.30851 6.30484 6.3015 6.29848 6.29578 6.29342 6.29138 6.28968 6.28831 6.28728 6.28658 6.28622 
6.28131 6.28164 6.28232 6.28336 6.28477 6.28653 6.28864 6.29112 6.29394 6.29712 6.30064 6.30451 6.30872 6.31326 6.31812 6.32329 6.32877 6.33453 6.34057 6.34687 6.35341 6.36017 6.36713 6.37426 6.38153 6.38893 6.39642 6.40396 6.41154 6.4191 6.42663 6.43408 6.44142 6.44861 6.45562 6.46241 6.46894 6.47519 6.48112 6.4867 6.4919 6.49668 6.50103 6.50492 6.50833 6.51123 6.51362 6.51548 6.5168 6.51757 6.51779 6.51745 6.51657 6.51514 6.51317 6.51068 6.50768 6.50419 6.50023 6.49581 6.49098 6.48574 6.48014 6.4742 6.46796 6.46144 6.45469 6.44774 6.44062 6.43338 6.42603 6.41864 6.41121 6.4038 6.39643 6.38913 6.38194 6.37488 6.36798 6.36126 6.35475 6.34847 6.34244 6.33667 6.33119 6.326 6.32111 6.31654 6.3123 6.30839 6.30481 6.30158 6.2987 6.29617 6.294 6.29217 6.29071 6.2896 6.28885 6.28846 
6.28362 6.28396 6.28468 6.28578 6.28727 6.28914 6.29139 6.29401 6.29702 6.30039 6.30414 6.30825 6.31272 6.31754 6.3227 6.3282 6.33401 6.34013 6.34655 6.35323 6.36017 6.36734 6.37472 6.38228 6.38999 6.39783 6.40576 6.41375 6.42177 6.42978 6.43774 6.44562 6.45338 6.46098 6.46839 6.47557 6.48248 6.48908 6.49534 6.50123 6.50672 6.51177 6.51636 6.52046 6.52405 6.52712 6.52963 6.53159 6.53298 6.53379 6.53401 6.53366 6.53272 6.53121 6.52913 6.5265 6.52333 6.51963 6.51544 6.51078 6.50567 6.50013 6.49421 6.48793 6.48132 6.47443 6.46729 6.45994 6.4524 6.44473 6.43696 6.42912 6.42126 6.4134 6.40559 6.39785 6.39022 6.38273 6.37541 6.36828 6.36137 6.35469 6.34828 6.34215 6.33632 6.3308 6.3256 6.32073 6.31622 6.31205 6.30824 6.3048 6.30173 6.29903 6.29671 6.29476 6.29319 6.29201 6.2912 6.29078 
6.286 6.28635 6.28712 6.28828 6.28986 6.29184 6.29422 6.29701 6.30019 6.30377 6.30774 6.3121 6.31684 6.32195 6.32743 6.33325 6.33942 6.34591 6.3527 6.35978 6.36713 6.37472 6.38253 6.39052 6.39868 6.40697 6.41536 6.4238 6.43228 6.44074 6.44915 6.45747 6.46566 6.47369 6.4815 6.48907 6.49636 6.50332 6.50992 6.51613 6.5219 6.52723 6.53206 6.53638 6.54016 6.54339 6.54604 6.54809 6.54955 6.5504 6.55064 6.55026 6.54926 6.54767 6.54547 6.5427 6.53935 6.53546 6.53104 6.52612 6.52072 6.51488 6.50863 6.502 6.49503 6.48776 6.48022 6.47245 6.46449 6.45639 6.44817 6.43989 6.43157 6.42326 6.415 6.40681 6.39873 6.3908 6.38305 6.37549 6.36817 6.36109 6.3543 6.34779 6.3416 6.33574 6.33022 6.32506 6.32026 6.31583 6.31178 6.30812 6.30485 6.30198 6.2995 6.29743 6.29576 6.29449 6.29363 6.29317 
6.28845 6.28882 6.28962 6.29086 6.29252 6.29461 6.29714 6.30008 6.30345 6.30724 6.31145 6.31606 6.32108 6.32649 6.33228 6.33844 6.34496 6.35182 6.35901 6.36649 6.37426 6.38228 6.39052 6.39897 6.40758 6.41633 6.42518 6.43409 6.44302 6.45194 6.46081 6.46958 6.47821 6.48666 6.49489 6.50286 6.51053 6.51785 6.5248 6.53133 6.5374 6.543 6.54808 6.55262 6.55659 6.55998 6.56276 6.56493 6.56645 6.56734 6.56759 6.56718 6.56614 6.56445 6.56214 6.55922 6.5557 6.5516 6.54695 6.54177 6.53609 6.52994 6.52336 6.51638 6.50903 6.50137 6.49342 6.48524 6.47685 6.4683 6.45964 6.4509 6.44212 6.43335 6.42462 6.41598 6.40745 6.39907 6.39087 6.38288 6.37514 6.36765 6.36046 6.35358 6.34702 6.34081 6.33497 6.32949 6.3244 6.31971 6.31541 6.31153 6.30806 6.30501 6.30238 6.30017 6.29839 6.29704 6.29612 6.29563 
6.29096 6.29135 6.29219 6.29349 6.29525 6.29746 6.30012 6.30323 6.30679 6.3108 6.31524 6.32011 6.32541 6.33113 6.33724 6.34375 6.35063 6.35787 6.36545 6.37335 6.38153 6.38999 6.39868 6.40758 6.41666 6.42587 6.43519 6.44457 6.45397 6.46336 6.47268 6.4819 6.49098 6.49986 6.50851 6.51689 6.52494 6.53263 6.53992 6.54678 6.55316 6.55903 6.56436 6.56912 6.57329 6.57684 6.57976 6.58202 6.58362 6.58455 6.5848 6.58438 6.58328 6.58151 6.57908 6.57601 6.57231 6.568 6.56311 6.55767 6.5517 6.54524 6.53833 6.53099 6.52327 6.51521 6.50686 6.49824 6.48942 6.48043 6.47131 6.46211 6.45287 6.44363 6.43443 6.42532 6.41633 6.40749 6.39885 6.39042 6.38225 6.37435 6.36675 6.35948 6.35256 6.34599 6.33981 6.33402 6.32864 6.32367 6.31913 6.31501 6.31134 6.30811 6.30532 6.30298 6.30109 6.29966 6.29868 6.29815 
6.29352 6.29392 6.29481 6.29618 6.29803 6.30036 6.30316 6.30645 6.3102 6.31442 6.3191 6.32424 6.32983 6.33585 6.34229 6.34915 6.3564 6.36402 6.372 6.38031 6.38893 6.39783 6.40697 6.41633 6.42587 6.43556 6.44535 6.4552 6.46508 6.47493 6.48472 6.4944 6.50392 6.51324 6.52231 6.53109 6.53953 6.54759 6.55523 6.56241 6.5691 6.57524 6.58083 6.58581 6.59017 6.59389 6.59694 6.59931 6.60098 6.60195 6.60221 6.60177 6.60061 6.59875 6.59621 6.59299 6.58911 6.58459 6.57947 6.57377 6.56751 6.56074 6.55348 6.54579 6.53769 6.52924 6.52047 6.51143 6.50216 6.49272 6.48314 6.47347 6.46376 6.45405 6.44439 6.43481 6.42535 6.41605 6.40695 6.39808 6.38947 6.38115 6.37315 6.36548 6.35818 6.35126 6.34474 6.33864 6.33295 6.32771 6.32291 6.31857 6.31468 6.31126 6.30832 6.30584 6.30385 6.30233 6.30129 6.30073 
6.29612 6.29654 6.29747 6.29891 6.30086 6.3033 6.30626 6.30971 6.31366 6.3181 6.32303 6.32843 6.33431 6.34064 6.34741 6.35462 6.36224 6.37025 6.37864 6.38737 6.39642 6.40576 6.41536 6.42518 6.43519 6.44535 6.45561 6.46594 6.47629 6.48662 6.49687 6.50701 6.51698 6.52674 6.53623 6.54542 6.55425 6.56268 6.57067 6.57818 6.58516 6.59159 6.59742 6.60263 6.60719 6.61107 6.61425 6.61673 6.61847 6.61948 6.61975 6.61928 6.61807 6.61613 6.61346 6.61009 6.60604 6.60131 6.59595 6.58998 6.58344 6.57635 6.56876 6.56071 6.55223 6.54338 6.53419 6.52473 6.51502 6.50512 6.49508 6.48495 6.47477 6.46459 6.45445 6.44439 6.43446 6.4247 6.41514 6.40582 6.39678 6.38803 6.37962 6.37156 6.36388 6.3566 6.34974 6.34331 6.33733 6.3318 6.32675 6.32217 6.31808 6.31447 6.31136 6.30875 6.30664 6.30504 6.30394 6.30334 
6.29876 6.2992 6.30017 6.30168 6.30372 6.30629 6.30939 6.31301 6.31716 6.32182 6.32699 6.33266 6.33883 6.34547 6.35258 6.36014 6.36814 6.37654 6.38533 6.39448 6.40396 6.41375 6.4238 6.43409 6.44457 6.4552 6.46594 6.47675 6.48758 6.49837 6.50909 6.51969 6.5301 6.5403 6.55021 6.5598 6.56902 6.57783 6.58616 6.594 6.60128 6.60799 6.61407 6.6195 6.62425 6.6283 6.63162 6.63419 6.63601 6.63706 6.63734 6.63685 6.63558 6.63355 6.63077 6.62725 6.62302 6.61809 6.61249 6.60626 6.59943 6.59203 6.5841 6.57569 6.56683 6.55758 6.54799 6.53809 6.52794 6.51759 6.50709 6.49649 6.48584 6.47518 6.46457 6.45404 6.44364 6.43341 6.4234 6.41363 6.40414 6.39497 6.38615 6.37769 6.36963 6.36199 6.35478 6.34803 6.34174 6.33594 6.33062 6.32581 6.32151 6.31771 6.31444 6.31169 6.30947 6.30778 6.30662 6.30599 
6.30142 6.30187 6.30289 6.30447 6.3066 6.30929 6.31254 6.31634 6.32068 6.32556 6.33098 6.33692 6.34338 6.35034 6.35778 6.36569 6.37406 6.38285 6.39205 6.40162 6.41154 6.42177 6.43228 6.44302 6.45397 6.46508 6.47629 6.48758 6.49888 6.51014 6.52133 6.53237 6.54324 6.55386 6.5642 6.57419 6.5838 6.59297 6.60165 6.60981 6.61739 6.62437 6.6307 6.63635 6.6413 6.64551 6.64896 6.65164 6.65353 6.65462 6.65491 6.65439 6.65307 6.65095 6.64806 6.64439 6.63998 6.63485 6.62902 6.62253 6.6154 6.60769 6.59943 6.59066 6.58143 6.57179 6.56178 6.55146 6.54087 6.53007 6.51912 6.50805 6.49693 6.4858 6.47471 6.4637 6.45284 6.44214 6.43167 6.42146 6.41153 6.40194 6.3927 6.38385 6.37541 6.3674 6.35985 6.35277 6.34618 6.3401 6.33452 6.32947 6.32496 6.32098 6.31754 6.31466 6.31232 6.31054 6.30932 6.30866 
6.30408 6.30456 6.30562 6.30726 6.30949 6.31231 6.3157 6.31967 6.32421 6.32932 6.33498 6.34119 6.34794 6.35521 6.36298 6.37125 6.37998 6.38916 6.39876 6.40875 6.4191 6.42978 6.44074 6.45194 6.46336 6.47493 6.48662 6.49837 6.51014 6.52187 6.53352 6.54502 6.55632 6.56737 6.57812 6.58852 6.59851 6.60804 6.61706 6.62554 6.63342 6.64067 6.64725 6.65312 6.65825 6.66262 6.66621 6.66899 6.67095 6.67208 6.67237 6.67183 6.67046 6.66826 6.66525 6.66144 6.65685 6.65152 6.64546 6.63871 6.6313 6.62328 6.61469 6.60557 6.59597 6.58594 6.57552 6.56478 6.55376 6.54251 6.5311 6.51957 6.50798 6.49638 6.48482 6.47335 6.46202 6.45086 6.43994 6.42927 6.41891 6.4089 6.39925 6.39 6.38118 6.37281 6.36492 6.35752 6.35063 6.34426 6.33843 6.33314 6.32842 6.32425 6.32065 6.31763 6.31518 6.31332 6.31203 6.31134 
6.30675 6.30724 6.30834 6.31006 6.31238 6.31532 6.31886 6.323 6.32773 6.33306 6.33897 6.34544 6.35248 6.36006 6.36816 6.37678 6.38588 6.39545 6.40545 6.41585 6.42663 6.43774 6.44915 6.46081 6.47268 6.48472 6.49687 6.50909 6.52133 6.53352 6.54561 6.55756 6.56929 6.58077 6.59193 6.60272 6.61308 6.62297 6.63233 6.64113 6.6493 6.65681 6.66363 6.66972 6.67504 6.67957 6.68328 6.68616 6.68819 6.68936 6.68966 6.6891 6.68767 6.68539 6.68227 6.67831 6.67356 6.66802 6.66174 6.65473 6.64705 6.63873 6.62981 6.62035 6.61038 6.59996 6.58914 6.57798 6.56653 6.55485 6.54299 6.53101 6.51896 6.50689 6.49487 6.48293 6.47113 6.45953 6.44815 6.43705 6.42626 6.41582 6.40576 6.39612 6.38693 6.3782 6.36997 6.36225 6.35506 6.34841 6.34232 6.3368 6.33187 6.32751 6.32375 6.32059 6.31804 6.31609 6.31474 6.31401 
6.30939 6.3099 6.31105 6.31283 6.31526 6.31831 6.32199 6.3263 6.33123 6.33678 6.34292 6.34966 6.35698 6.36487 6.3733 6.38226 6.39173 6.40167 6.41207 6.42288 6.43408 6.44562 6.45747 6.46958 6.4819 6.4944 6.50701 6.51969 6.53237 6.54502 6.55756 6.56994 6.5821 6.59399 6.60555 6.61673 6.62746 6.6377 6.64739 6.65649 6.66495 6.67273 6.67978 6.68607 6.69158 6.69626 6.7001 6.70308 6.70518 6.70638 6.7067 6.70611 6.70464 6.70227 6.69904 6.69495 6.69002 6.68429 6.67779 6.67054 6.66258 6.65396 6.64473 6.63492 6.62459 6.6138 6.60259 6.59102 6.57915 6.56703 6.55473 6.5423 6.5298 6.51728 6.50479 6.4924 6.48015 6.46809 6.45627 6.44474 6.43352 6.42267 6.41221 6.40219 6.39262 6.38354 6.37497 6.36694 6.35945 6.35253 6.34619 6.34044 6.33529 6.33075 6.32684 6.32354 6.32087 6.31884 6.31744 6.31667 
6.31201 6.31254 6.31373 6.31558 6.3181 6.32127 6.3251 6.32957 6.33469 6.34045 6.34683 6.35383 6.36143 6.36962 6.37837 6.38767 6.39749 6.40781 6.41859 6.42981 6.44142 6.45338 6.46566 6.47821 6.49098 6.50392 6.51698 6.5301 6.54324 6.55632 6.56929 6.5821 6.59468 6.60698 6.61893 6.63048 6.64157 6.65215 6.66217 6.67157 6.68031 6.68834 6.69562 6.70212 6.7078 6.71264 6.7166 6.71967 6.72184 6.72308 6.7234 6.7228 6.72127 6.71883 6.71549 6.71126 6.70617 6.70025 6.69353 6.68604 6.67782 6.66891 6.65936 6.64923 6.63855 6.62738 6.61579 6.60382 6.59154 6.57901 6.56627 6.5534 6.54046 6.52749 6.51456 6.50172 6.48903 6.47653 6.46427 6.45231 6.44068 6.42942 6.41857 6.40816 6.39823 6.38881 6.37991 6.37156 6.36378 6.35659 6.35 6.34403 6.33867 6.33396 6.32988 6.32646 6.32368 6.32156 6.3201 6.3193 
6.31459 6.31514 6.31637 6.31829 6.32089 6.32418 6.32815 6.33279 6.33809 6.34406 6.35068 6.35793 6.3658 6.37428 6.38335 6.39298 6.40315 6.41383 6.42499 6.4366 6.44861 6.46098 6.47369 6.48666 6.49986 6.51324 6.52674 6.5403 6.55386 6.56737 6.58077 6.59399 6.60698 6.61967 6.632 6.64392 6.65536 6.66627 6.6766 6.68629 6.6953 6.70357 6.71108 6.71778 6.72363 6.72861 6.7327 6.73586 6.73809 6.73937 6.7397 6.73908 6.7375 6.73498 6.73154 6.72718 6.72193 6.71583 6.7089 6.70117 6.69269 6.6835 6.67366 6.6632 6.65218 6.64066 6.62869 6.61634 6.60366 6.59071 6.57756 6.56426 6.55088 6.53748 6.52412 6.51084 6.49771 6.48479 6.47211 6.45973 6.44769 6.43603 6.4248 6.41402 6.40374 6.39397 6.38475 6.3761 6.36804 6.36058 6.35375 6.34755 6.342 6.33711 6.33288 6.32932 6.32644 6.32424 6.32272 6.32189 
6.31712 6.31768 6.31895 6.32094 6.32363 6.32703 6.33113 6.33593 6.34142 6.34759 6.35443 6.36193 6.37007 6.37884 6.38821 6.39816 6.40867 6.4197 6.43123 6.44321 6.45562 6.46839 6.4815 6.49489 6.50851 6.52231 6.53623 6.55021 6.5642 6.57812 6.59193 6.60555 6.61893 6.632 6.6447 6.65697 6.66875 6.67998 6.69061 6.70058 6.70985 6.71837 6.72609 6.73298 6.739 6.74412 6.74832 6.75157 6.75386 6.75518 6.75552 6.75487 6.75325 6.75066 6.74711 6.74263 6.73723 6.73095 6.72381 6.71586 6.70714 6.69768 6.68754 6.67677 6.66542 6.65355 6.64123 6.6285 6.61543 6.60209 6.58853 6.57482 6.56103 6.5472 6.53342 6.51972 6.50617 6.49283 6.47974 6.46695 6.45452 6.44248 6.43087 6.41974 6.40911 6.39901 6.38948 6.38053 6.37219 6.36448 6.35741 6.351 6.34525 6.34019 6.33581 6.33212 6.32914 6.32686 6.32529 6.32442 
6.31957 6.32015 6.32146 6.32351 6.32629 6.3298 6.33403 6.33899 6.34465 6.35102 6.35808 6.36581 6.37421 6.38326 6.39292 6.40319 6.41402 6.4254 6.43728 6.44963 6.46241 6.47557 6.48907 6.50286 6.51689 6.53109 6.54542 6.5598 6.57419 6.58852 6.60272 6.61673 6.63048 6.64392 6.65697 6.66958 6.68168 6.69322 6.70414 6.71438 6.7239 6.73264 6.74057 6.74764 6.75382 6.75908 6.76339 6.76673 6.76908 6.77043 6.77078 6.77011 6.76845 6.76579 6.76214 6.75754 6.752 6.74554 6.73821 6.73005 6.72108 6.71136 6.70094 6.68987 6.67821 6.66601 6.65334 6.64025 6.62681 6.61309 6.59914 6.58503 6.57084 6.55661 6.54241 6.52831 6.51436 6.50061 6.48713 6.47395 6.46114 6.44873 6.43676 6.42528 6.41431 6.4039 6.39406 6.38483 6.37622 6.36826 6.36096 6.35434 6.34841 6.34318 6.33866 6.33485 6.33177 6.32941 6.32778 6.32689 
6.32195 6.32254 6.32389 6.326 6.32886 6.33248 6.33684 6.34194 6.34777 6.35433 6.3616 6.36956 6.37821 6.38752 6.39747 6.40803 6.41918 6.43088 6.4431 6.4558 6.46894 6.48248 6.49636 6.51053 6.52494 6.53953 6.55425 6.56902 6.5838 6.59851 6.61308 6.62746 6.64157 6.65536 6.66875 6.68168 6.69409 6.70593 6.71712 6.72762 6.73738 6.74634 6.75446 6.76171 6.76804 6.77343 6.77785 6.78127 6.78367 6.78506 6.78541 6.78473 6.78302 6.78029 6.77656 6.77184 6.76616 6.75954 6.75203 6.74365 6.73446 6.72449 6.71381 6.70245 6.69049 6.67797 6.66497 6.65154 6.63774 6.62365 6.60933 6.59485 6.58027 6.56565 6.55106 6.53657 6.52223 6.5081 6.49424 6.48069 6.46751 6.45474 6.44243 6.43062 6.41933 6.40861 6.39848 6.38898 6.38011 6.37191 6.36439 6.35757 6.35146 6.34607 6.34141 6.33748 6.3343 6.33187 6.33019 6.32927 
6.32423 6.32484 6.32623 6.32839 6.33133 6.33505 6.33953 6.34477 6.35077 6.3575 6.36497 6.37316 6.38204 6.3916 6.40182 6.41267 6.42411 6.43613 6.44867 6.46171 6.47519 6.48908 6.50332 6.51785 6.53263 6.54759 6.56268 6.57783 6.59297 6.60804 6.62297 6.6377 6.65215 6.66627 6.67998 6.69322 6.70593 6.71804 6.72949 6.74024 6.75022 6.75939 6.7677 6.77511 6.78159 6.7871 6.79161 6.79511 6.79757 6.79898 6.79934 6.79865 6.7969 6.79411 6.79029 6.78546 6.77964 6.77287 6.76519 6.75662 6.74721 6.73701 6.72607 6.71445 6.7022 6.68938 6.67606 6.6623 6.64817 6.63373 6.61906 6.60421 6.58927 6.57428 6.55933 6.54446 6.52975 6.51526 6.50103 6.48713 6.4736 6.46049 6.44785 6.43572 6.42413 6.41312 6.40272 6.39295 6.38384 6.37541 6.36768 6.36067 6.35438 6.34884 6.34405 6.34001 6.33674 6.33424 6.33251 6.33156 
6.3264 6.32703 6.32845 6.33067 6.33368 6.33749 6.34209 6.34747 6.35361 6.36052 6.36818 6.37657 6.38568 6.39548 6.40596 6.41707 6.4288 6.44111 6.45396 6.46731 6.48112 6.49534 6.50992 6.5248 6.53992 6.55523 6.57067 6.58616 6.60165 6.61706 6.63233 6.64739 6.66217 6.6766 6.69061 6.70414 6.71712 6.72949 6.74119 6.75217 6.76236 6.77172 6.78021 6.78778 6.79439 6.80002 6.80463 6.8082 6.81071 6.81215 6.81252 6.81181 6.81002 6.80717 6.80327 6.79833 6.7924 6.78548 6.77763 6.76888 6.75926 6.74884 6.73767 6.72579 6.71327 6.70017 6.68656 6.67249 6.65804 6.64328 6.62827 6.61308 6.59779 6.58246 6.56715 6.55194 6.53688 6.52204 6.50747 6.49324 6.47938 6.46595 6.453 6.44057 6.42869 6.4174 6.40673 6.39672 6.38738 6.37873 6.37081 6.36361 6.35717 6.35148 6.34656 6.34242 6.33906 6.33649 6.33472 6.33374 
6.32846 6.32909 6.33055 6.33282 6.33591 6.3398 6.34451 6.35001 6.3563 6.36337 6.37121 6.3798 6.38911 6.39914 6.40985 6.42122 6.43321 6.4458 6.45894 6.47259 6.4867 6.50123 6.51613 6.53133 6.54678 6.56241 6.57818 6.594 6.60981 6.62554 6.64113 6.65649 6.67157 6.68629 6.70058 6.71438 6.72762 6.74024 6.75217 6.76336 6.77375 6.78329 6.79194 6.79966 6.8064 6.81213 6.81683 6.82046 6.82302 6.82449 6.82486 6.82414 6.82232 6.81941 6.81543 6.81041 6.80435 6.79731 6.7893 6.78037 6.77057 6.75994 6.74855 6.73643 6.72366 6.7103 6.69641 6.68205 6.66731 6.65224 6.63692 6.62141 6.6058 6.59014 6.57451 6.55897 6.54358 6.52842 6.51353 6.49898 6.48481 6.47109 6.45784 6.44513 6.43298 6.42143 6.41052 6.40027 6.39071 6.38187 6.37375 6.36639 6.35979 6.35397 6.34893 6.34469 6.34125 6.33862 6.3368 6.3358 
6.33038 6.33103 6.33251 6.33483 6.33798 6.34197 6.34677 6.35239 6.35881 6.36604 6.37404 6.3828 6.39232 6.40255 6.41348 6.42509 6.43733 6.45017 6.46358 6.4775 6.4919 6.50672 6.5219 6.5374 6.55316 6.5691 6.58516 6.60128 6.61739 6.63342 6.6493 6.66495 6.68031 6.6953 6.70985 6.7239 6.73738 6.75022 6.76236 6.77375 6.78432 6.79404 6.80284 6.81069 6.81755 6.82338 6.82815 6.83185 6.83446 6.83595 6.83633 6.83559 6.83374 6.83078 6.82673 6.82162 6.81546 6.80828 6.80013 6.79105 6.78107 6.77026 6.75865 6.74632 6.73332 6.71971 6.70556 6.69094 6.67592 6.66057 6.64496 6.62916 6.61325 6.59729 6.58135 6.56551 6.54982 6.53436 6.51917 6.50433 6.48988 6.47587 6.46236 6.44938 6.43698 6.42519 6.41405 6.40359 6.39383 6.38479 6.37651 6.36898 6.36224 6.35629 6.35115 6.34681 6.3433 6.34061 6.33875 6.33773 
6.33216 6.33281 6.33433 6.33669 6.33991 6.34396 6.34886 6.35459 6.36114 6.36849 6.37665 6.38558 6.39527 6.4057 6.41684 6.42866 6.44112 6.4542 6.46785 6.48203 6.49668 6.51177 6.52723 6.543 6.55903 6.57524 6.59159 6.60799 6.62437 6.64067 6.65681 6.67273 6.68834 6.70357 6.71837 6.73264 6.74634 6.75939 6.77172 6.78329 6.79404 6.8039 6.81284 6.82082 6.82778 6.8337 6.83855 6.84231 6.84495 6.84647 6.84685 6.8461 6.84422 6.84122 6.8371 6.83191 6.82565 6.81836 6.81008 6.80085 6.79072 6.77973 6.76794 6.7554 6.74219 6.72835 6.71397 6.69911 6.68384 6.66823 6.65235 6.63628 6.6201 6.60386 6.58765 6.57152 6.55556 6.53982 6.52436 6.50925 6.49454 6.48028 6.46651 6.4533 6.44067 6.42866 6.41731 6.40665 6.3967 6.38749 6.37905 6.37138 6.36451 6.35844 6.35319 6.34878 6.34519 6.34245 6.34056 6.33951 
6.33378 6.33445 6.33599 6.33839 6.34166 6.34579 6.35077 6.35659 6.36325 6.37073 6.37903 6.38811 6.39796 6.40857 6.41989 6.4319 6.44457 6.45787 6.47174 6.48614 6.50103 6.51636 6.53206 6.54808 6.56436 6.58083 6.59742 6.61407 6.6307 6.64725 6.66363 6.67978 6.69562 6.71108 6.72609 6.74057 6.75446 6.7677 6.78021 6.79194 6.80284 6.81284 6.82191 6.82999 6.83705 6.84306 6.84798 6.85178 6.85446 6.856 6.85639 6.85563 6.85372 6.85067 6.8465 6.84123 6.83489 6.8275 6.8191 6.80974 6.79946 6.78831 6.77635 6.76364 6.75023 6.73619 6.7216 6.70652 6.69102 6.67517 6.65906 6.64275 6.62631 6.60983 6.59336 6.57699 6.56077 6.54478 6.52908 6.51373 6.49878 6.48428 6.47029 6.45686 6.44402 6.43181 6.42027 6.40943 6.39932 6.38995 6.38136 6.37356 6.36657 6.3604 6.35506 6.35057 6.34692 6.34413 6.3422 6.34114 
6.33524 6.33592 6.33748 6.33992 6.34324 6.34742 6.35248 6.35839 6.36515 6.37275 6.38116 6.39038 6.40038 6.41113 6.42262 6.43481 6.44766 6.46114 6.47521 6.48982 6.50492 6.52046 6.53638 6.55262 6.56912 6.58581 6.60263 6.6195 6.63635 6.65312 6.66972 6.68607 6.70212 6.71778 6.73298 6.74764 6.76171 6.77511 6.78778 6.79966 6.81069 6.82082 6.82999 6.83817 6.84532 6.8514 6.85637 6.86023 6.86294 6.8645 6.86489 6.86412 6.86218 6.8591 6.85488 6.84955 6.84312 6.83564 6.82714 6.81766 6.80726 6.79597 6.78386 6.77098 6.7574 6.74319 6.72841 6.71313 6.69743 6.68137 6.66505 6.64852 6.63186 6.61515 6.59846 6.58187 6.56543 6.54922 6.5333 6.51773 6.50256 6.48786 6.47368 6.46005 6.44702 6.43464 6.42293 6.41193 6.40166 6.39216 6.38344 6.37552 6.36842 6.36216 6.35674 6.35218 6.34847 6.34564 6.34368 6.3426 
6.33652 6.33721 6.33879 6.34126 6.34462 6.34887 6.35399 6.35997 6.36682 6.37451 6.38303 6.39237 6.40249 6.41339 6.42502 6.43736 6.45037 6.46402 6.47826 6.49305 6.50833 6.52405 6.54016 6.55659 6.57329 6.59017 6.60719 6.62425 6.6413 6.65825 6.67504 6.69158 6.7078 6.72363 6.739 6.75382 6.76804 6.78159 6.79439 6.8064 6.81755 6.82778 6.83705 6.84532 6.85254 6.85868 6.86371 6.8676 6.87034 6.87192 6.87231 6.87153 6.86958 6.86646 6.8622 6.85681 6.85032 6.84276 6.83417 6.82459 6.81407 6.80266 6.79041 6.7774 6.76367 6.7493 6.73435 6.71891 6.70303 6.68679 6.67028 6.65356 6.63671 6.61981 6.60293 6.58614 6.5695 6.5531 6.53699 6.52123 6.50588 6.491 6.47664 6.46284 6.44965 6.43711 6.42526 6.41411 6.40372 6.39409 6.38526 6.37724 6.37005 6.36371 6.35822 6.35359 6.34984 6.34697 6.34499 6.34389 
6.33763 6.33832 6.33992 6.34242 6.34582 6.3501 6.35528 6.36133 6.36825 6.37603 6.38464 6.39407 6.40431 6.41531 6.42707 6.43954 6.45269 6.46647 6.48086 6.4958 6.51123 6.52712 6.54339 6.55998 6.57684 6.59389 6.61107 6.6283 6.64551 6.66262 6.67957 6.69626 6.71264 6.72861 6.74412 6.75908 6.77343 6.7871 6.80002 6.81213 6.82338 6.8337 6.84306 6.8514 6.85868 6.86488 6.86995 6.87388 6.87664 6.87822 6.87862 6.87784 6.87587 6.87272 6.86842 6.86298 6.85643 6.8488 6.84014 6.83047 6.81986 6.80835 6.79599 6.78285 6.769 6.7545 6.73941 6.72382 6.70779 6.69141 6.67473 6.65786 6.64085 6.62378 6.60673 6.58977 6.57298 6.55641 6.54013 6.52421 6.50871 6.49368 6.47917 6.46523 6.4519 6.43923 6.42725 6.41599 6.40548 6.39575 6.38682 6.37872 6.37145 6.36503 6.35948 6.35481 6.35102 6.34811 6.34611 6.345 
6.33854 6.33924 6.34086 6.34338 6.3468 6.35113 6.35635 6.36246 6.36944 6.37728 6.38597 6.39548 6.4058 6.4169 6.42876 6.44133 6.45459 6.46849 6.483 6.49806 6.51362 6.52963 6.54604 6.56276 6.57976 6.59694 6.61425 6.63162 6.64896 6.66621 6.68328 6.7001 6.7166 6.7327 6.74832 6.76339 6.77785 6.79161 6.80463 6.81683 6.82815 6.83855 6.84798 6.85637 6.86371 6.86995 6.87506 6.87901 6.88179 6.88339 6.88379 6.883 6.88102 6.87785 6.87352 6.86804 6.86144 6.85376 6.84503 6.83529 6.8246 6.813 6.80056 6.78733 6.77337 6.75876 6.74356 6.72785 6.7117 6.69519 6.67839 6.66138 6.64424 6.62703 6.60985 6.59276 6.57583 6.55912 6.54272 6.52667 6.51104 6.49588 6.48125 6.46719 6.45375 6.44097 6.42889 6.41753 6.40693 6.39712 6.38811 6.37994 6.37261 6.36613 6.36053 6.35582 6.35199 6.34906 6.34704 6.34592 
6.33927 6.33997 6.3416 6.34413 6.34758 6.35194 6.35719 6.36334 6.37037 6.37826 6.38701 6.39658 6.40697 6.41815 6.43008 6.44273 6.45608 6.47007 6.48467 6.49982 6.51548 6.53159 6.54809 6.56493 6.58202 6.59931 6.61673 6.63419 6.65164 6.66899 6.68616 6.70308 6.71967 6.73586 6.75157 6.76673 6.78127 6.79511 6.8082 6.82046 6.83185 6.84231 6.85178 6.86023 6.8676 6.87388 6.87901 6.88299 6.88579 6.88739 6.8878 6.887 6.885 6.88182 6.87746 6.87195 6.86532 6.85759 6.84882 6.83903 6.82827 6.81661 6.8041 6.79079 6.77675 6.76206 6.74677 6.73097 6.71473 6.69812 6.68122 6.66411 6.64686 6.62956 6.61227 6.59507 6.57804 6.56123 6.54472 6.52858 6.51285 6.49759 6.48287 6.46872 6.45519 6.44233 6.43017 6.41874 6.40807 6.39819 6.38913 6.38089 6.37351 6.367 6.36136 6.35661 6.35276 6.34981 6.34777 6.34664 
6.33979 6.3405 6.34213 6.34468 6.34815 6.35252 6.3578 6.36398 6.37104 6.37897 6.38775 6.39738 6.40781 6.41904 6.43102 6.44373 6.45713 6.47119 6.48585 6.50107 6.5168 6.53298 6.54955 6.56645 6.58362 6.60098 6.61847 6.63601 6.65353 6.67095 6.68819 6.70518 6.72184 6.73809 6.75386 6.76908 6.78367 6.79757 6.81071 6.82302 6.83446 6.84495 6.85446 6.86294 6.87034 6.87664 6.88179 6.88579 6.88859 6.8902 6.89061 6.88981 6.88781 6.88461 6.88023 6.8747 6.86805 6.86029 6.85148 6.84165 6.83086 6.81915 6.80658 6.79322 6.77913 6.76438 6.74903 6.73317 6.71686 6.70018 6.68321 6.66603 6.64872 6.63134 6.61398 6.59671 6.5796 6.56272 6.54614 6.52993 6.51413 6.49881 6.48402 6.46981 6.45622 6.4433 6.43108 6.4196 6.40888 6.39896 6.38985 6.38158 6.37417 6.36762 6.36195 6.35718 6.35331 6.35035 6.3483 6.34717 
6.34012 6.34083 6.34246 6.34502 6.34849 6.35288 6.35817 6.36437 6.37144 6.3794 6.3882 6.39785 6.40831 6.41956 6.43158 6.44432 6.45776 6.47185 6.48655 6.5018 6.51757 6.53379 6.5504 6.56734 6.58455 6.60195 6.61948 6.63706 6.65462 6.67208 6.68936 6.70638 6.72308 6.73937 6.75518 6.77043 6.78506 6.79898 6.81215 6.82449 6.83595 6.84647 6.856 6.8645 6.87192 6.87822 6.88339 6.88739 6.8902 6.89182 6.89222 6.89142 6.88941 6.88621 6.88183 6.87628 6.86961 6.86184 6.85301 6.84316 6.83234 6.82061 6.80801 6.79462 6.7805 6.76571 6.75033 6.73443 6.71808 6.70137 6.68436 6.66714 6.64978 6.63237 6.61497 6.59766 6.58051 6.56359 6.54697 6.53071 6.51488 6.49952 6.48469 6.47045 6.45683 6.44387 6.43162 6.42011 6.40937 6.39942 6.39029 6.382 6.37456 6.368 6.36232 6.35753 6.35365 6.35068 6.34863 6.3475 
