2.56397 2.56422 2.56447 2.56472 2.56496 2.5652 2.56544 2.56566 2.56589 2.56611 2.56632 2.56653 2.56674 2.56695 2.56716 2.56738 2.56761 2.56784 2.56809 2.56836 2.56865 2.56896 2.56929 2.56966 2.57005 2.57048 2.57093 2.57142 2.57194 2.57249 2.57307 2.57368 2.57431 2.57496 2.57563 2.5763 2.57698 2.57765 2.57831 2.57896 2.57959 2.58018 2.58073 2.58125 2.58171 2.58211 2.58245 2.58273 2.58294 2.58308 2.58314 2.58313 2.58304 2.58288 2.58266 2.58236 2.582 2.58158 2.58111 2.5806 2.58004 2.57945 2.57883 2.57819 2.57753 2.57687 2.57621 2.57556 2.57492 2.5743 2.57369 2.57312 2.57257 2.57206 2.57158 2.57114 2.57074 2.57037 2.57005 2.56976 2.56952 2.56931 2.56914 2.56901 2.56892 2.56886 2.56884 2.56884 2.56888 2.56895 2.56904 2.56916 2.56931 2.56947 2.56965 2.56985 2.57007 2.57029 2.57053 2.57077 
2.56422 2.56447 2.56472 2.56496 2.56521 2.56545 2.56568 2.56591 2.56614 2.56635 2.56657 2.56678 2.56699 2.5672 2.56741 2.56763 2.56785 2.56809 2.56834 2.56861 2.5689 2.56921 2.56955 2.56992 2.57032 2.57075 2.57121 2.57171 2.57224 2.5728 2.57339 2.57401 2.57465 2.57531 2.57599 2.57668 2.57737 2.57805 2.57873 2.57939 2.58003 2.58064 2.5812 2.58172 2.5822 2.58261 2.58296 2.58324 2.58345 2.58359 2.58366 2.58365 2.58356 2.5834 2.58316 2.58286 2.58249 2.58207 2.58159 2.58106 2.58049 2.57988 2.57925 2.5786 2.57793 2.57726 2.57658 2.57592 2.57526 2.57463 2.57402 2.57343 2.57287 2.57235 2.57187 2.57142 2.57101 2.57064 2.57031 2.57002 2.56977 2.56956 2.56939 2.56926 2.56917 2.56911 2.56908 2.56909 2.56913 2.5692 2.56929 2.56941 2.56955 2.56972 2.5699 2.5701 2.57032 2.57054 2.57078 2.57102 
2.56447 2.56472 2.56497 2.56521 2.56546 2.5657 2.56593 2.56616 2.56639 2.56661 2.56683 2.56704 2.56725 2.56747 2.56769 2.56791 2.56815 2.56839 2.56866 2.56894 2.56925 2.56958 2.56994 2.57033 2.57075 2.57121 2.5717 2.57223 2.5728 2.5734 2.57403 2.57469 2.57538 2.57609 2.57681 2.57754 2.57828 2.57902 2.57974 2.58045 2.58113 2.58177 2.58238 2.58293 2.58343 2.58387 2.58425 2.58455 2.58477 2.58492 2.58499 2.58497 2.58488 2.5847 2.58445 2.58413 2.58374 2.58328 2.58277 2.5822 2.58159 2.58094 2.58027 2.57957 2.57886 2.57814 2.57742 2.57671 2.57601 2.57533 2.57468 2.57405 2.57346 2.5729 2.57238 2.5719 2.57146 2.57106 2.57071 2.5704 2.57013 2.56991 2.56972 2.56958 2.56947 2.5694 2.56937 2.56937 2.5694 2.56946 2.56955 2.56967 2.56981 2.56997 2.57015 2.57035 2.57057 2.57079 2.57102 2.57127 
2.56472 2.56496 2.56521 2.56546 2.56571 2.56595 2.56619 2.56642 2.56665 2.56687 2.5671 2.56732 2.56754 2.56777 2.568 2.56824 2.56849 2.56876 2.56904 2.56935 2.56969 2.57006 2.57046 2.57089 2.57136 2.57187 2.57242 2.57301 2.57364 2.57431 2.57501 2.57575 2.57652 2.5773 2.57811 2.57892 2.57974 2.58056 2.58136 2.58214 2.5829 2.58361 2.58428 2.5849 2.58545 2.58594 2.58635 2.58668 2.58692 2.58709 2.58716 2.58714 2.58703 2.58684 2.58656 2.5862 2.58576 2.58525 2.58468 2.58405 2.58337 2.58266 2.5819 2.58113 2.58034 2.57954 2.57874 2.57795 2.57717 2.57642 2.57569 2.57499 2.57433 2.5737 2.57312 2.57259 2.5721 2.57165 2.57126 2.57091 2.5706 2.57034 2.57013 2.56996 2.56983 2.56974 2.56969 2.56968 2.5697 2.56975 2.56983 2.56994 2.57008 2.57023 2.57041 2.57061 2.57082 2.57104 2.57127 2.57151 
2.56496 2.56521 2.56546 2.56571 2.56595 2.5662 2.56644 2.56668 2.56691 2.56715 2.56738 2.56761 2.56785 2.56809 2.56834 2.5686 2.56888 2.56918 2.56951 2.56986 2.57024 2.57066 2.57112 2.57161 2.57216 2.57274 2.57338 2.57406 2.57478 2.57555 2.57636 2.57721 2.57809 2.57899 2.57991 2.58085 2.58179 2.58272 2.58363 2.58453 2.58538 2.5862 2.58696 2.58766 2.58829 2.58884 2.5893 2.58968 2.58995 2.59013 2.59021 2.59019 2.59006 2.58984 2.58952 2.5891 2.5886 2.58802 2.58737 2.58665 2.58587 2.58505 2.58419 2.5833 2.5824 2.58148 2.58057 2.57966 2.57877 2.57791 2.57707 2.57627 2.5755 2.57479 2.57412 2.5735 2.57293 2.57242 2.57195 2.57154 2.57119 2.57088 2.57062 2.57041 2.57025 2.57013 2.57006 2.57002 2.57002 2.57006 2.57013 2.57023 2.57035 2.5705 2.57067 2.57086 2.57107 2.57129 2.57152 2.57176 
2.5652 2.56545 2.5657 2.56595 2.5662 2.56645 2.5667 2.56694 2.56718 2.56743 2.56767 2.56792 2.56818 2.56844 2.56872 2.56902 2.56933 2.56968 2.57005 2.57046 2.5709 2.57139 2.57193 2.57252 2.57316 2.57385 2.57459 2.5754 2.57625 2.57715 2.5781 2.5791 2.58013 2.58118 2.58226 2.58336 2.58445 2.58554 2.5866 2.58764 2.58864 2.58958 2.59047 2.59127 2.592 2.59264 2.59317 2.5936 2.59392 2.59412 2.59421 2.59418 2.59403 2.59376 2.59339 2.5929 2.59232 2.59164 2.59088 2.59004 2.58914 2.58818 2.58718 2.58614 2.58509 2.58402 2.58295 2.58189 2.58085 2.57983 2.57885 2.57791 2.57701 2.57617 2.57538 2.57465 2.57398 2.57337 2.57281 2.57232 2.57189 2.57152 2.57121 2.57095 2.57074 2.57058 2.57047 2.5704 2.57038 2.57039 2.57044 2.57052 2.57064 2.57077 2.57094 2.57112 2.57132 2.57154 2.57176 2.572 
2.56544 2.56568 2.56593 2.56619 2.56644 2.5667 2.56695 2.5672 2.56746 2.56772 2.56798 2.56825 2.56853 2.56883 2.56914 2.56948 2.56985 2.57025 2.57068 2.57117 2.5717 2.57228 2.57292 2.57362 2.57438 2.57521 2.5761 2.57705 2.57807 2.57915 2.58028 2.58146 2.58268 2.58393 2.58521 2.5865 2.58779 2.58907 2.59033 2.59155 2.59272 2.59383 2.59487 2.59581 2.59666 2.5974 2.59803 2.59853 2.59889 2.59913 2.59923 2.59918 2.599 2.59869 2.59824 2.59767 2.59698 2.59618 2.59528 2.5943 2.59323 2.5921 2.59092 2.5897 2.58845 2.58719 2.58593 2.58467 2.58344 2.58223 2.58107 2.57995 2.57889 2.57788 2.57694 2.57606 2.57526 2.57452 2.57386 2.57326 2.57274 2.57228 2.57189 2.57156 2.57129 2.57108 2.57093 2.57082 2.57076 2.57075 2.57077 2.57083 2.57093 2.57105 2.5712 2.57138 2.57157 2.57178 2.572 2.57224 
2.56566 2.56591 2.56616 2.56642 2.56668 2.56694 2.5672 2.56747 2.56774 2.56802 2.5683 2.5686 2.56891 2.56925 2.56961 2.57 2.57043 2.5709 2.57142 2.572 2.57263 2.57333 2.5741 2.57494 2.57586 2.57685 2.57792 2.57907 2.58029 2.58158 2.58293 2.58434 2.5858 2.58729 2.58881 2.59035 2.59188 2.5934 2.59489 2.59633 2.59771 2.59902 2.60024 2.60135 2.60235 2.60322 2.60395 2.60453 2.60496 2.60523 2.60534 2.60529 2.60507 2.60469 2.60416 2.60349 2.60267 2.60172 2.60066 2.59949 2.59823 2.59689 2.59549 2.59404 2.59256 2.59106 2.58956 2.58806 2.58659 2.58516 2.58377 2.58243 2.58116 2.57995 2.57882 2.57777 2.5768 2.57591 2.5751 2.57438 2.57373 2.57317 2.57268 2.57227 2.57193 2.57165 2.57144 2.57128 2.57118 2.57113 2.57112 2.57116 2.57123 2.57134 2.57147 2.57164 2.57182 2.57202 2.57224 2.57247 
2.56589 2.56614 2.56639 2.56665 2.56691 2.56718 2.56746 2.56774 2.56803 2.56833 2.56864 2.56897 2.56933 2.56971 2.57013 2.57059 2.5711 2.57166 2.57228 2.57297 2.57373 2.57457 2.5755 2.57652 2.57762 2.57882 2.58011 2.58149 2.58295 2.5845 2.58612 2.58781 2.58955 2.59133 2.59314 2.59496 2.59679 2.59859 2.60035 2.60206 2.60369 2.60524 2.60667 2.60798 2.60916 2.61018 2.61103 2.61172 2.61222 2.61253 2.61265 2.61258 2.61232 2.61187 2.61124 2.61044 2.60947 2.60834 2.60708 2.6057 2.6042 2.60261 2.60095 2.59923 2.59747 2.59569 2.5939 2.59212 2.59037 2.58866 2.587 2.5854 2.58387 2.58243 2.58107 2.5798 2.57863 2.57755 2.57657 2.57569 2.5749 2.57421 2.57361 2.57309 2.57265 2.5723 2.57201 2.57179 2.57164 2.57154 2.5715 2.5715 2.57155 2.57163 2.57175 2.57189 2.57207 2.57226 2.57247 2.5727 
2.56611 2.56635 2.56661 2.56687 2.56715 2.56743 2.56772 2.56802 2.56833 2.56866 2.56901 2.56938 2.56979 2.57023 2.57072 2.57126 2.57186 2.57253 2.57327 2.5741 2.57502 2.57603 2.57715 2.57837 2.5797 2.58114 2.58269 2.58435 2.58611 2.58796 2.5899 2.59191 2.59399 2.59611 2.59826 2.60043 2.60259 2.60472 2.6068 2.60882 2.61075 2.61257 2.61426 2.6158 2.61718 2.61837 2.61937 2.62017 2.62075 2.62112 2.62125 2.62116 2.62085 2.62032 2.61957 2.61862 2.61747 2.61614 2.61465 2.61301 2.61124 2.60936 2.6074 2.60536 2.60327 2.60116 2.59903 2.59692 2.59483 2.59279 2.59081 2.5889 2.58708 2.58535 2.58371 2.58219 2.58078 2.57948 2.57829 2.57722 2.57626 2.57542 2.57467 2.57403 2.57348 2.57303 2.57266 2.57237 2.57215 2.57199 2.5719 2.57186 2.57188 2.57193 2.57203 2.57216 2.57231 2.5725 2.5727 2.57292 
2.56632 2.56657 2.56683 2.5671 2.56738 2.56767 2.56798 2.5683 2.56864 2.56901 2.5694 2.56982 2.57029 2.57081 2.57138 2.57202 2.57274 2.57353 2.57443 2.57542 2.57652 2.57774 2.57908 2.58055 2.58215 2.58387 2.58573 2.58771 2.58981 2.59202 2.59433 2.59672 2.59919 2.6017 2.60425 2.60681 2.60936 2.61188 2.61434 2.61671 2.61897 2.62111 2.62309 2.62489 2.6265 2.6279 2.62907 2.63 2.63067 2.63109 2.63124 2.63113 2.63076 2.63013 2.62924 2.62812 2.62677 2.62521 2.62345 2.62152 2.61944 2.61723 2.6149 2.6125 2.61004 2.60754 2.60502 2.60252 2.60005 2.59763 2.59527 2.593 2.59082 2.58876 2.58681 2.58498 2.58329 2.58173 2.5803 2.57901 2.57784 2.57681 2.5759 2.57511 2.57443 2.57386 2.57338 2.573 2.57271 2.57249 2.57234 2.57225 2.57223 2.57225 2.57232 2.57242 2.57256 2.57273 2.57292 2.57314 
2.56653 2.56678 2.56704 2.56732 2.56761 2.56792 2.56825 2.5686 2.56897 2.56938 2.56982 2.57031 2.57085 2.57146 2.57213 2.57289 2.57374 2.57469 2.57575 2.57694 2.57826 2.57972 2.58133 2.58308 2.58499 2.58705 2.58926 2.59162 2.59412 2.59674 2.59948 2.60231 2.60522 2.60819 2.6112 2.61421 2.6172 2.62016 2.62303 2.62581 2.62846 2.63095 2.63326 2.63536 2.63724 2.63886 2.64022 2.64129 2.64207 2.64255 2.64272 2.64259 2.64214 2.6414 2.64036 2.63905 2.63747 2.63564 2.63358 2.63132 2.62888 2.62628 2.62356 2.62074 2.61784 2.6149 2.61195 2.609 2.60608 2.60322 2.60044 2.59775 2.59517 2.59271 2.59039 2.58822 2.5862 2.58433 2.58262 2.58107 2.57967 2.57841 2.57731 2.57634 2.57551 2.5748 2.5742 2.57372 2.57333 2.57303 2.57282 2.57267 2.5726 2.57258 2.57262 2.5727 2.57281 2.57297 2.57315 2.57335 
2.56674 2.56699 2.56725 2.56754 2.56785 2.56818 2.56853 2.56891 2.56933 2.56979 2.57029 2.57085 2.57148 2.57219 2.57298 2.57388 2.57488 2.57602 2.57729 2.5787 2.58028 2.58201 2.58393 2.58602 2.58828 2.59073 2.59335 2.59614 2.59909 2.60219 2.60541 2.60874 2.61217 2.61565 2.61917 2.62269 2.62619 2.62963 2.63298 2.63622 2.63929 2.64218 2.64486 2.6473 2.64946 2.65134 2.6529 2.65414 2.65504 2.65559 2.65578 2.65561 2.65509 2.65422 2.65302 2.65148 2.64964 2.64752 2.64512 2.64249 2.63965 2.63663 2.63345 2.63016 2.62678 2.62334 2.61988 2.61642 2.613 2.60964 2.60637 2.6032 2.60016 2.59726 2.59452 2.59195 2.58955 2.58733 2.58529 2.58344 2.58176 2.58026 2.57892 2.57775 2.57674 2.57587 2.57513 2.57452 2.57402 2.57363 2.57334 2.57313 2.573 2.57293 2.57293 2.57298 2.57307 2.5732 2.57337 2.57357 
2.56695 2.5672 2.56747 2.56777 2.56809 2.56844 2.56883 2.56925 2.56971 2.57023 2.57081 2.57146 2.57219 2.57301 2.57395 2.575 2.5762 2.57754 2.57904 2.58072 2.58259 2.58465 2.58692 2.58939 2.59207 2.59495 2.59804 2.60133 2.60479 2.60842 2.6122 2.61609 2.62009 2.62415 2.62824 2.63234 2.6364 2.64039 2.64427 2.648 2.65155 2.65489 2.65797 2.66078 2.66327 2.66542 2.66722 2.66863 2.66966 2.67028 2.67049 2.67029 2.66969 2.66868 2.66728 2.66551 2.66338 2.66093 2.65816 2.65512 2.65183 2.64833 2.64465 2.64083 2.6369 2.63291 2.62889 2.62486 2.62088 2.61696 2.61313 2.60942 2.60586 2.60246 2.59924 2.59621 2.59338 2.59076 2.58835 2.58614 2.58415 2.58236 2.58077 2.57936 2.57813 2.57708 2.57618 2.57542 2.5748 2.5743 2.57392 2.57363 2.57343 2.57331 2.57326 2.57327 2.57334 2.57345 2.5736 2.57378 
2.56716 2.56741 2.56769 2.568 2.56834 2.56872 2.56914 2.56961 2.57013 2.57072 2.57138 2.57213 2.57298 2.57395 2.57505 2.57629 2.57769 2.57928 2.58105 2.58304 2.58524 2.58767 2.59033 2.59324 2.59639 2.59977 2.60339 2.60723 2.61127 2.6155 2.61989 2.62442 2.62905 2.63375 2.63849 2.64321 2.6479 2.65249 2.65695 2.66124 2.66532 2.66914 2.67267 2.67587 2.67872 2.68117 2.68322 2.68483 2.68599 2.68669 2.68693 2.68669 2.68599 2.68483 2.68323 2.6812 2.67875 2.67593 2.67276 2.66926 2.66548 2.66146 2.65722 2.65282 2.6483 2.64369 2.63904 2.63439 2.62977 2.62522 2.62078 2.61647 2.61232 2.60836 2.60459 2.60105 2.59774 2.59466 2.59182 2.58923 2.58687 2.58475 2.58286 2.58118 2.57972 2.57845 2.57736 2.57644 2.57567 2.57505 2.57456 2.57418 2.5739 2.57372 2.57362 2.57359 2.57362 2.5737 2.57383 2.574 
2.56738 2.56763 2.56791 2.56824 2.5686 2.56902 2.56948 2.57 2.57059 2.57126 2.57202 2.57289 2.57388 2.575 2.57629 2.57775 2.5794 2.58126 2.58334 2.58567 2.58825 2.5911 2.59422 2.59761 2.60129 2.60523 2.60944 2.6139 2.61858 2.62348 2.62856 2.63378 2.63912 2.64452 2.64996 2.65539 2.66075 2.666 2.6711 2.67599 2.68063 2.68498 2.68899 2.69263 2.69586 2.69864 2.70096 2.70278 2.70409 2.70488 2.70514 2.70486 2.70406 2.70273 2.7009 2.69859 2.6958 2.69259 2.68897 2.68498 2.68067 2.67607 2.67123 2.66619 2.66101 2.65573 2.65039 2.64504 2.63973 2.63449 2.62936 2.62439 2.61959 2.61499 2.61063 2.60651 2.60265 2.59906 2.59575 2.59271 2.58995 2.58746 2.58523 2.58325 2.5815 2.57999 2.57868 2.57758 2.57665 2.57588 2.57527 2.57478 2.57442 2.57416 2.574 2.57392 2.57391 2.57396 2.57407 2.57423 
2.56761 2.56785 2.56815 2.56849 2.56888 2.56933 2.56985 2.57043 2.5711 2.57186 2.57274 2.57374 2.57488 2.5762 2.57769 2.5794 2.58132 2.5835 2.58593 2.58865 2.59166 2.59497 2.5986 2.60255 2.6068 2.61137 2.61623 2.62138 2.62678 2.63241 2.63824 2.64423 2.65033 2.65651 2.66272 2.66889 2.67499 2.68096 2.68674 2.69229 2.69754 2.70246 2.70699 2.71109 2.71473 2.71786 2.72046 2.72251 2.72397 2.72485 2.72514 2.72482 2.7239 2.7224 2.72033 2.71771 2.71456 2.71092 2.70683 2.70231 2.69742 2.6922 2.68671 2.68099 2.67509 2.66907 2.66299 2.65688 2.65081 2.64481 2.63894 2.63322 2.62771 2.62242 2.61738 2.61263 2.60817 2.60401 2.60016 2.59663 2.59341 2.5905 2.58789 2.58556 2.58351 2.58172 2.58018 2.57885 2.57774 2.57681 2.57605 2.57545 2.57499 2.57465 2.57441 2.57427 2.57422 2.57424 2.57432 2.57447 
2.56784 2.56809 2.56839 2.56876 2.56918 2.56968 2.57025 2.5709 2.57166 2.57253 2.57353 2.57469 2.57602 2.57754 2.57928 2.58126 2.5835 2.58602 2.58885 2.592 2.59549 2.59933 2.60352 2.60807 2.61298 2.61823 2.62382 2.62971 2.63589 2.64233 2.64898 2.65579 2.66274 2.66975 2.67678 2.68377 2.69067 2.6974 2.70391 2.71015 2.71606 2.72158 2.72666 2.73125 2.73532 2.73883 2.74173 2.74401 2.74565 2.74662 2.74693 2.74657 2.74553 2.74385 2.74152 2.73857 2.73504 2.73095 2.72634 2.72126 2.71576 2.70988 2.70369 2.69723 2.69057 2.68376 2.67686 2.66994 2.66304 2.65622 2.64953 2.64301 2.63671 2.63066 2.6249 2.61944 2.61431 2.60952 2.60509 2.60101 2.59728 2.59391 2.59087 2.58816 2.58577 2.58367 2.58184 2.58028 2.57895 2.57784 2.57693 2.57619 2.57561 2.57518 2.57486 2.57466 2.57455 2.57453 2.57459 2.57471 
2.56809 2.56834 2.56866 2.56904 2.56951 2.57005 2.57068 2.57142 2.57228 2.57327 2.57443 2.57575 2.57729 2.57904 2.58105 2.58334 2.58593 2.58885 2.59212 2.59575 2.59977 2.60419 2.609 2.61422 2.61984 2.62584 2.63222 2.63893 2.64596 2.65326 2.6608 2.66851 2.67635 2.68426 2.69218 2.70004 2.70777 2.71532 2.72261 2.72959 2.73618 2.74233 2.74799 2.75311 2.75763 2.76152 2.76474 2.76727 2.76908 2.77015 2.77049 2.77007 2.76892 2.76704 2.76444 2.76115 2.75721 2.75265 2.74751 2.74183 2.73568 2.7291 2.72216 2.71492 2.70744 2.69979 2.69203 2.68423 2.67644 2.66874 2.66117 2.65378 2.64663 2.63976 2.63319 2.62697 2.62111 2.61564 2.61056 2.60587 2.60159 2.5977 2.59419 2.59106 2.58828 2.58583 2.5837 2.58187 2.58031 2.57899 2.5779 2.57701 2.5763 2.57576 2.57535 2.57508 2.57491 2.57485 2.57487 2.57497 
2.56836 2.56861 2.56894 2.56935 2.56986 2.57046 2.57117 2.572 2.57297 2.5741 2.57542 2.57694 2.5787 2.58072 2.58304 2.58567 2.58865 2.592 2.59575 2.59992 2.60452 2.60957 2.61507 2.62102 2.62741 2.63423 2.64145 2.64905 2.65699 2.66523 2.67371 2.68238 2.69118 2.70004 2.7089 2.71767 2.7263 2.7347 2.74281 2.75056 2.75787 2.76469 2.77095 2.7766 2.7816 2.78589 2.78944 2.79222 2.79421 2.79539 2.79575 2.79528 2.794 2.79191 2.78904 2.7854 2.78104 2.77598 2.77028 2.76398 2.75715 2.74984 2.74212 2.73406 2.72572 2.71717 2.7085 2.69976 2.69103 2.68238 2.67387 2.66555 2.65749 2.64972 2.6423 2.63524 2.6286 2.62237 2.61658 2.61124 2.60634 2.60189 2.59786 2.59426 2.59106 2.58823 2.58576 2.58363 2.5818 2.58026 2.57897 2.57791 2.57706 2.57639 2.57589 2.57553 2.5753 2.57519 2.57518 2.57526 
2.56865 2.5689 2.56925 2.56969 2.57024 2.5709 2.5717 2.57263 2.57373 2.57502 2.57652 2.57826 2.58028 2.58259 2.58524 2.58825 2.59166 2.59549 2.59977 2.60452 2.60976 2.6155 2.62173 2.62847 2.6357 2.6434 2.65154 2.66009 2.669 2.67823 2.68772 2.69741 2.70722 2.71708 2.72692 2.73666 2.74622 2.75551 2.76447 2.77301 2.78107 2.78857 2.79546 2.80166 2.80714 2.81185 2.81574 2.81878 2.82095 2.82224 2.82262 2.82211 2.82069 2.8184 2.81523 2.81124 2.80643 2.80087 2.79459 2.78766 2.78012 2.77205 2.76352 2.75459 2.74535 2.73587 2.72623 2.71651 2.70679 2.69714 2.68762 2.67832 2.66928 2.66056 2.65221 2.64427 2.63677 2.62973 2.62318 2.61713 2.61156 2.60649 2.60191 2.59779 2.59412 2.59088 2.58804 2.58557 2.58346 2.58166 2.58015 2.57891 2.5779 2.57709 2.57648 2.57603 2.57573 2.57556 2.5755 2.57556 
2.56896 2.56921 2.56958 2.57006 2.57066 2.57139 2.57228 2.57333 2.57457 2.57603 2.57774 2.57972 2.58201 2.58465 2.58767 2.5911 2.59497 2.59933 2.60419 2.60957 2.6155 2.62198 2.62901 2.6366 2.64472 2.65335 2.66247 2.67203 2.68198 2.69226 2.70281 2.71356 2.72443 2.73534 2.74621 2.75694 2.76746 2.77768 2.78751 2.79688 2.8057 2.8139 2.82142 2.82819 2.83416 2.83929 2.84352 2.84683 2.84919 2.85058 2.85099 2.85042 2.84887 2.84637 2.84291 2.83855 2.8333 2.82722 2.82036 2.81276 2.80451 2.79566 2.78628 2.77647 2.76629 2.75584 2.7452 2.73446 2.72369 2.71299 2.70242 2.69207 2.682 2.67227 2.66294 2.65405 2.64564 2.63774 2.63036 2.62354 2.61726 2.61152 2.60632 2.60165 2.59747 2.59378 2.59053 2.58771 2.58527 2.5832 2.58145 2.58 2.57881 2.57786 2.57712 2.57657 2.57619 2.57596 2.57586 2.57588 
2.56929 2.56955 2.56994 2.57046 2.57112 2.57193 2.57292 2.5741 2.5755 2.57715 2.57908 2.58133 2.58393 2.58692 2.59033 2.59422 2.5986 2.60352 2.609 2.61507 2.62173 2.62901 2.6369 2.64539 2.65446 2.66409 2.67424 2.68486 2.69589 2.70728 2.71894 2.7308 2.74277 2.75476 2.76669 2.77845 2.78996 2.80112 2.81185 2.82205 2.83164 2.84055 2.84871 2.85606 2.86252 2.86807 2.87264 2.87622 2.87876 2.88026 2.8807 2.88008 2.8784 2.87568 2.87194 2.8672 2.86151 2.85491 2.84745 2.83919 2.8302 2.82056 2.81033 2.7996 2.78847 2.77702 2.76535 2.75354 2.74169 2.72989 2.71823 2.70678 2.69563 2.68483 2.67446 2.66457 2.65519 2.64637 2.63813 2.63048 2.62343 2.61698 2.61112 2.60585 2.60113 2.59694 2.59325 2.59004 2.58726 2.58488 2.58287 2.58119 2.57981 2.5787 2.57782 2.57716 2.57669 2.57639 2.57624 2.57624 
2.56966 2.56992 2.57033 2.57089 2.57161 2.57252 2.57362 2.57494 2.57652 2.57837 2.58055 2.58308 2.58602 2.58939 2.59324 2.59761 2.60255 2.60807 2.61422 2.62102 2.62847 2.6366 2.64539 2.65483 2.66491 2.67559 2.68682 2.69855 2.71071 2.72324 2.73605 2.74905 2.76216 2.77526 2.78827 2.80109 2.8136 2.82572 2.83734 2.84839 2.85876 2.86838 2.87718 2.88509 2.89206 2.89802 2.90293 2.90677 2.9095 2.91111 2.91157 2.9109 2.90909 2.90616 2.90213 2.89703 2.8909 2.88378 2.87572 2.8668 2.85708 2.84663 2.83554 2.82389 2.81179 2.79932 2.78659 2.77369 2.76072 2.7478 2.73499 2.72241 2.71013 2.69822 2.68677 2.67582 2.66542 2.65563 2.64646 2.63794 2.63007 2.62286 2.61631 2.61039 2.60508 2.60036 2.5962 2.59256 2.58941 2.58671 2.58441 2.58248 2.58089 2.5796 2.57858 2.5778 2.57723 2.57686 2.57666 2.57662 
2.57005 2.57032 2.57075 2.57136 2.57216 2.57316 2.57438 2.57586 2.57762 2.5797 2.58215 2.58499 2.58828 2.59207 2.59639 2.60129 2.6068 2.61298 2.61984 2.62741 2.6357 2.64472 2.65446 2.66491 2.67604 2.68781 2.70016 2.71304 2.72638 2.74009 2.75408 2.76826 2.78252 2.79675 2.81086 2.82473 2.83826 2.85134 2.86387 2.87575 2.8869 2.89722 2.90666 2.91513 2.92258 2.92895 2.9342 2.93829 2.94121 2.94292 2.94341 2.94269 2.94075 2.93762 2.93331 2.92785 2.92128 2.91365 2.90501 2.89543 2.88497 2.87372 2.86177 2.8492 2.83612 2.82262 2.80881 2.79481 2.78071 2.76662 2.75265 2.73889 2.72545 2.71239 2.6998 2.68775 2.6763 2.66548 2.65534 2.6459 2.63717 2.62916 2.62186 2.61526 2.60933 2.60405 2.59938 2.59529 2.59174 2.58868 2.58607 2.58388 2.58207 2.58059 2.5794 2.57849 2.57782 2.57736 2.57711 2.57703 
2.57048 2.57075 2.57121 2.57187 2.57274 2.57385 2.57521 2.57685 2.57882 2.58114 2.58387 2.58705 2.59073 2.59495 2.59977 2.60523 2.61137 2.61823 2.62584 2.63423 2.6434 2.65335 2.66409 2.67559 2.68781 2.7007 2.71422 2.72829 2.74283 2.75774 2.77294 2.7883 2.80373 2.81911 2.83433 2.84926 2.86379 2.87783 2.89125 2.90396 2.91587 2.92689 2.93694 2.94596 2.95388 2.96065 2.96622 2.97057 2.97366 2.97547 2.97599 2.97522 2.97317 2.96984 2.96526 2.95945 2.95246 2.94433 2.93512 2.92489 2.91372 2.90168 2.88887 2.87539 2.86133 2.8468 2.83191 2.81679 2.80154 2.78628 2.77112 2.75616 2.74152 2.72728 2.71353 2.70034 2.68778 2.67591 2.66476 2.65435 2.64472 2.63587 2.62778 2.62046 2.61387 2.60799 2.60278 2.59821 2.59423 2.5908 2.58786 2.58539 2.58333 2.58164 2.58029 2.57924 2.57845 2.57791 2.57759 2.57747 
2.57093 2.57121 2.5717 2.57242 2.57338 2.57459 2.5761 2.57792 2.58011 2.58269 2.58573 2.58926 2.59335 2.59804 2.60339 2.60944 2.61623 2.62382 2.63222 2.64145 2.65154 2.66247 2.67424 2.68682 2.70016 2.71422 2.72893 2.74421 2.75997 2.77611 2.79252 2.80909 2.82569 2.84221 2.85852 2.8745 2.89004 2.90501 2.91931 2.93283 2.94547 2.95716 2.96782 2.97736 2.98574 2.99289 2.99878 3.00336 3.00662 3.00853 3.00908 3.00827 3.0061 3.00258 2.99774 2.99161 2.98421 2.97561 2.96585 2.95499 2.94312 2.93032 2.91667 2.90228 2.88726 2.87171 2.85575 2.83951 2.82311 2.80666 2.7903 2.77413 2.75827 2.74282 2.72788 2.71352 2.69983 2.68686 2.67466 2.66326 2.65269 2.64295 2.63405 2.62597 2.61869 2.61218 2.6064 2.60132 2.59689 2.59306 2.58978 2.587 2.58468 2.58278 2.58124 2.58004 2.57913 2.5785 2.57811 2.57795 
2.57142 2.57171 2.57223 2.57301 2.57406 2.5754 2.57705 2.57907 2.58149 2.58435 2.58771 2.59162 2.59614 2.60133 2.60723 2.6139 2.62138 2.62971 2.63893 2.64905 2.66009 2.67203 2.68486 2.69855 2.71304 2.72829 2.74421 2.76072 2.77771 2.79508 2.81271 2.83047 2.84825 2.8659 2.88329 2.90031 2.91682 2.9327 2.94785 2.96215 2.97551 2.98784 2.99907 3.00911 3.01792 3.02543 3.03162 3.03643 3.03985 3.04185 3.04243 3.04158 3.0393 3.03562 3.03053 3.02409 3.01631 3.00726 2.99697 2.98552 2.97298 2.95944 2.94498 2.92971 2.91374 2.89719 2.88018 2.86283 2.84528 2.82765 2.81009 2.7927 2.77561 2.75894 2.74278 2.72724 2.71238 2.69829 2.68501 2.67258 2.66104 2.65039 2.64063 2.63177 2.62376 2.6166 2.61023 2.60461 2.59971 2.59545 2.59181 2.58871 2.58612 2.58398 2.58225 2.58089 2.57985 2.57912 2.57866 2.57846 
2.57194 2.57224 2.5728 2.57364 2.57478 2.57625 2.57807 2.58029 2.58295 2.58611 2.58981 2.59412 2.59909 2.60479 2.61127 2.61858 2.62678 2.63589 2.64596 2.65699 2.669 2.68198 2.69589 2.71071 2.72638 2.74283 2.75997 2.77771 2.79594 2.81454 2.83338 2.85233 2.87125 2.89001 2.90847 2.92649 2.94394 2.96071 2.97667 2.99172 3.00576 3.0187 3.03046 3.04097 3.05018 3.05804 3.06449 3.06952 3.07309 3.07518 3.07578 3.0749 3.07253 3.06869 3.06338 3.05665 3.04852 3.03904 3.02827 3.01625 3.00308 2.98883 2.9736 2.95748 2.9406 2.92307 2.90503 2.88659 2.86791 2.84912 2.83035 2.81174 2.79343 2.77552 2.75815 2.7414 2.72537 2.71013 2.69575 2.68227 2.66973 2.65814 2.64751 2.63783 2.62908 2.62123 2.61424 2.60807 2.60267 2.59798 2.59395 2.59052 2.58764 2.58526 2.58332 2.58179 2.58062 2.57978 2.57925 2.57901 
2.57249 2.5728 2.5734 2.57431 2.57555 2.57715 2.57915 2.58158 2.5845 2.58796 2.59202 2.59674 2.60219 2.60842 2.6155 2.62348 2.63241 2.64233 2.65326 2.66523 2.67823 2.69226 2.70728 2.72324 2.74009 2.75774 2.77611 2.79508 2.81454 2.83435 2.85439 2.8745 2.89455 2.91439 2.93387 2.95286 2.97122 2.98883 3.00556 3.02132 3.03599 3.0495 3.06176 3.07271 3.08229 3.09046 3.09717 3.10238 3.10609 3.10826 3.1089 3.10799 3.10553 3.10155 3.09605 3.08905 3.0806 3.07074 3.05951 3.04697 3.03321 3.01829 3.00232 2.9854 2.96765 2.94918 2.93013 2.91064 2.89086 2.87092 2.85097 2.83115 2.81162 2.79249 2.77388 2.75593 2.73871 2.72231 2.70682 2.69227 2.67871 2.66617 2.65464 2.64413 2.63461 2.62606 2.61843 2.61168 2.60577 2.60062 2.59619 2.59241 2.58923 2.5866 2.58445 2.58274 2.58143 2.58049 2.57988 2.57958 
2.57307 2.57339 2.57403 2.57501 2.57636 2.5781 2.58028 2.58293 2.58612 2.5899 2.59433 2.59948 2.60541 2.6122 2.61989 2.62856 2.63824 2.64898 2.6608 2.67371 2.68772 2.70281 2.71894 2.73605 2.75408 2.77294 2.79252 2.81271 2.83338 2.85439 2.87559 2.89684 2.91798 2.93886 2.95933 2.97924 2.99846 3.01686 3.03432 3.05073 3.06599 3.08002 3.09274 3.10409 3.11401 3.12246 3.12939 3.13478 3.13861 3.14086 3.14152 3.14059 3.13807 3.13396 3.12828 3.12106 3.11232 3.10211 3.09046 3.07745 3.06314 3.0476 3.03095 3.01327 2.99469 2.97532 2.95532 2.93481 2.91395 2.8929 2.87179 2.8508 2.83005 2.80971 2.78989 2.77073 2.75232 2.73477 2.71815 2.70253 2.68794 2.67442 2.66198 2.65062 2.64032 2.63104 2.62276 2.61543 2.60898 2.60337 2.59852 2.59439 2.5909 2.58799 2.58562 2.58373 2.58228 2.58122 2.58053 2.58019 
2.57368 2.57401 2.57469 2.57575 2.57721 2.5791 2.58146 2.58434 2.58781 2.59191 2.59672 2.60231 2.60874 2.61609 2.62442 2.63378 2.64423 2.65579 2.66851 2.68238 2.69741 2.71356 2.7308 2.74905 2.76826 2.7883 2.80909 2.83047 2.85233 2.8745 2.89684 2.91919 2.94137 2.96325 2.98465 3.00543 3.02546 3.0446 3.06273 3.07974 3.09554 3.11005 3.12318 3.13489 3.14511 3.1538 3.16094 3.16649 3.17043 3.17275 3.17343 3.17248 3.1699 3.16569 3.15986 3.15244 3.14345 3.13292 3.12091 3.10747 3.09266 3.07656 3.05927 3.04089 3.02153 3.00132 2.98041 2.95893 2.93704 2.91491 2.89268 2.87053 2.84861 2.82707 2.80606 2.7857 2.76611 2.74741 2.72967 2.71297 2.69735 2.68285 2.66949 2.65727 2.64617 2.63616 2.62722 2.61928 2.6123 2.6062 2.60093 2.59643 2.59262 2.58944 2.58684 2.58476 2.58316 2.58199 2.58121 2.58082 
2.57431 2.57465 2.57538 2.57652 2.57809 2.58013 2.58268 2.5858 2.58955 2.59399 2.59919 2.60522 2.61217 2.62009 2.62905 2.63912 2.65033 2.66274 2.67635 2.69118 2.70722 2.72443 2.74277 2.76216 2.78252 2.80373 2.82569 2.84825 2.87125 2.89455 2.91798 2.94137 2.96456 2.98737 3.00965 3.03125 3.05203 3.07185 3.09059 3.10815 3.12444 3.13937 3.15287 3.16488 3.17537 3.18428 3.19159 3.19728 3.20131 3.20369 3.2044 3.20345 3.20082 3.19652 3.19057 3.18298 3.17377 3.16298 3.15065 3.13682 3.12157 3.10496 3.08709 3.06806 3.04799 3.02699 3.00522 2.98282 2.95996 2.93679 2.91349 2.89022 2.86716 2.84446 2.82227 2.80074 2.77999 2.76015 2.7413 2.72352 2.70687 2.69139 2.67711 2.66402 2.65212 2.64138 2.63177 2.62322 2.61568 2.6091 2.60341 2.59852 2.59439 2.59094 2.5881 2.58583 2.58407 2.58278 2.58192 2.58148 
2.57496 2.57531 2.57609 2.5773 2.57899 2.58118 2.58393 2.58729 2.59133 2.59611 2.6017 2.60819 2.61565 2.62415 2.63375 2.64452 2.65651 2.66975 2.68426 2.70004 2.71708 2.73534 2.75476 2.77526 2.79675 2.81911 2.84221 2.8659 2.89001 2.91439 2.93886 2.96325 2.98737 3.01106 3.03417 3.05652 3.07798 3.09842 3.11772 3.13577 3.15249 3.16779 3.18161 3.19389 3.2046 3.2137 3.22116 3.22695 3.23107 3.23351 3.23424 3.23328 3.23062 3.22626 3.22021 3.21248 3.2031 3.19208 3.17947 3.16532 3.14968 3.13262 3.11423 3.09461 3.07387 3.05215 3.02959 3.00633 2.98254 2.9584 2.93407 2.90973 2.88556 2.86173 2.83841 2.81573 2.79385 2.77289 2.75294 2.7341 2.71644 2.69999 2.68479 2.67084 2.65814 2.64666 2.63637 2.62721 2.61913 2.61205 2.60592 2.60066 2.59619 2.59246 2.58939 2.58692 2.585 2.58359 2.58265 2.58215 
2.57563 2.57599 2.57681 2.57811 2.57991 2.58226 2.58521 2.58881 2.59314 2.59826 2.60425 2.6112 2.61917 2.62824 2.63849 2.64996 2.66272 2.67678 2.69218 2.7089 2.72692 2.74621 2.76669 2.78827 2.81086 2.83433 2.85852 2.88329 2.90847 2.93387 2.95933 2.98465 3.00965 3.03417 3.05802 3.08107 3.10315 3.12415 3.14394 3.16242 3.17951 3.19513 3.20922 3.22174 3.23263 3.24188 3.24946 3.25535 3.25954 3.26201 3.26278 3.26182 3.25913 3.25473 3.2486 3.24077 3.23124 3.22005 3.20721 3.19278 3.1768 3.15935 3.1405 3.12035 3.09902 3.07664 3.05334 3.02928 3.00463 2.97957 2.95427 2.92891 2.90369 2.87878 2.85436 2.83058 2.8076 2.78554 2.76452 2.74465 2.72598 2.70857 2.69247 2.67767 2.66418 2.65197 2.641 2.63123 2.62259 2.61503 2.60846 2.60282 2.59802 2.594 2.59069 2.58803 2.58595 2.58442 2.58339 2.58284 
2.5763 2.57668 2.57754 2.57892 2.58085 2.58336 2.5865 2.59035 2.59496 2.60043 2.60681 2.61421 2.62269 2.63234 2.64321 2.65539 2.66889 2.68377 2.70004 2.71767 2.73666 2.75694 2.77845 2.80109 2.82473 2.84926 2.8745 2.90031 2.92649 2.95286 2.97924 3.00543 3.03125 3.05652 3.08107 3.10474 3.12738 3.14887 3.16909 3.18795 3.20536 3.22124 3.23556 3.24826 3.2593 3.26867 3.27634 3.28231 3.28655 3.28907 3.28985 3.2889 3.28621 3.28177 3.2756 3.26769 3.25806 3.24672 3.2337 3.21904 3.20278 3.18499 3.16574 3.14513 3.12327 3.10029 3.07632 3.05153 3.02608 3.00016 2.97394 2.94763 2.92141 2.89547 2.87 2.84516 2.82111 2.798 2.77595 2.75506 2.73542 2.71708 2.70008 2.68445 2.67018 2.65724 2.64561 2.63524 2.62606 2.61801 2.611 2.60498 2.59986 2.59556 2.59201 2.58914 2.58691 2.58526 2.58414 2.58354 
2.57698 2.57737 2.57828 2.57974 2.58179 2.58445 2.58779 2.59188 2.59679 2.60259 2.60936 2.6172 2.62619 2.6364 2.6479 2.66075 2.67499 2.69067 2.70777 2.7263 2.74622 2.76746 2.78996 2.8136 2.83826 2.86379 2.89004 2.91682 2.94394 2.97122 2.99846 3.02546 3.05203 3.07798 3.10315 3.12738 3.15052 3.17244 3.19304 3.21221 3.22988 3.24599 3.26048 3.27332 3.28448 3.29394 3.30169 3.3077 3.31199 3.31454 3.31535 3.31441 3.31171 3.30727 3.30107 3.29311 3.28341 3.27196 3.25881 3.24396 3.22747 3.2094 3.18981 3.1688 3.14647 3.12296 3.09839 3.07293 3.04675 3.02003 2.99297 2.96576 2.9386 2.91169 2.88521 2.85936 2.8343 2.81018 2.78713 2.76527 2.74468 2.72543 2.70758 2.69113 2.6761 2.66246 2.65018 2.63921 2.62949 2.62096 2.61353 2.60713 2.60168 2.5971 2.59332 2.59026 2.58787 2.5861 2.58489 2.58424 
2.57765 2.57805 2.57902 2.58056 2.58272 2.58554 2.58907 2.5934 2.59859 2.60472 2.61188 2.62016 2.62963 2.64039 2.65249 2.666 2.68096 2.6974 2.71532 2.7347 2.75551 2.77768 2.80112 2.82572 2.85134 2.87783 2.90501 2.9327 2.96071 2.98883 3.01686 3.0446 3.07185 3.09842 3.12415 3.14887 3.17244 3.19474 3.21565 3.23508 3.25297 3.26925 3.28388 3.29683 3.30807 3.3176 3.32539 3.33144 3.33576 3.33834 3.33916 3.33824 3.33556 3.33112 3.32491 3.31693 3.30718 3.29567 3.28241 3.26743 3.25076 3.23246 3.21258 3.19123 3.1685 3.14451 3.1194 3.09334 3.06649 3.03905 3.0112 2.98316 2.95512 2.9273 2.89989 2.87309 2.84706 2.82198 2.79798 2.77518 2.75369 2.73357 2.71488 2.69765 2.68188 2.66756 2.65464 2.6431 2.63286 2.62386 2.61602 2.60925 2.60348 2.59863 2.59461 2.59136 2.58882 2.58693 2.58564 2.58493 
2.57831 2.57873 2.57974 2.58136 2.58363 2.5866 2.59033 2.59489 2.60035 2.6068 2.61434 2.62303 2.63298 2.64427 2.65695 2.6711 2.68674 2.70391 2.72261 2.74281 2.76447 2.78751 2.81185 2.83734 2.86387 2.89125 2.91931 2.94785 2.97667 3.00556 3.03432 3.06273 3.09059 3.11772 3.14394 3.16909 3.19304 3.21565 3.23682 3.25647 3.27453 3.29094 3.30567 3.31869 3.32999 3.33955 3.34737 3.35345 3.35779 3.36038 3.36123 3.36032 3.35766 3.35324 3.34704 3.33906 3.32929 3.31774 3.30442 3.28934 3.27254 3.25405 3.23395 3.2123 3.18922 3.16482 3.13924 3.11264 3.0852 3.05709 3.02853 2.99972 2.97088 2.94221 2.91393 2.88623 2.85929 2.8333 2.8084 2.78472 2.76237 2.74143 2.72194 2.70396 2.68748 2.6725 2.65898 2.64688 2.63614 2.62669 2.61844 2.61132 2.60524 2.60012 2.59588 2.59245 2.58975 2.58775 2.58638 2.58562 
2.57896 2.57939 2.58045 2.58214 2.58453 2.58764 2.59155 2.59633 2.60206 2.60882 2.61671 2.62581 2.63622 2.648 2.66124 2.67599 2.69229 2.71015 2.72959 2.75056 2.77301 2.79688 2.82205 2.84839 2.87575 2.90396 2.93283 2.96215 2.99172 3.02132 3.05073 3.07974 3.10815 3.13577 3.16242 3.18795 3.21221 3.23508 3.25647 3.27629 3.29447 3.31098 3.32578 3.33885 3.35017 3.35975 3.36759 3.37368 3.37802 3.38063 3.38149 3.38061 3.37797 3.37357 3.3674 3.35944 3.34968 3.33812 3.32476 3.30962 3.29272 3.27409 3.2538 3.23192 3.20855 3.1838 3.15781 3.13073 3.10275 3.07406 3.04485 3.01534 2.98575 2.9563 2.92721 2.89868 2.87091 2.84407 2.81833 2.79382 2.77065 2.74892 2.72869 2.71 2.69285 2.67724 2.66315 2.65052 2.6393 2.62941 2.62078 2.61332 2.60694 2.60157 2.59711 2.5935 2.59066 2.58854 2.58709 2.58629 
2.57959 2.58003 2.58113 2.5829 2.58538 2.58864 2.59272 2.59771 2.60369 2.61075 2.61897 2.62846 2.63929 2.65155 2.66532 2.68063 2.69754 2.71606 2.73618 2.75787 2.78107 2.8057 2.83164 2.85876 2.8869 2.91587 2.94547 2.97551 3.00576 3.03599 3.06599 3.09554 3.12444 3.15249 3.17951 3.20536 3.22988 3.25297 3.27453 3.29447 3.31275 3.32933 3.34416 3.35725 3.36859 3.37817 3.386 3.39208 3.39644 3.39905 3.39993 3.39907 3.39647 3.3921 3.38596 3.37803 3.3683 3.35675 3.34339 3.32821 3.31125 3.29252 3.27209 3.25001 3.2264 3.20135 3.175 3.14751 3.11906 3.08983 3.06004 3.0299 2.99964 2.96949 2.93965 2.91036 2.88181 2.85419 2.82766 2.80238 2.77846 2.756 2.73507 2.71571 2.69793 2.68174 2.6671 2.65397 2.6423 2.632 2.623 2.61522 2.60857 2.60295 2.59829 2.5945 2.59153 2.5893 2.58778 2.58693 
2.58018 2.58064 2.58177 2.58361 2.5862 2.58958 2.59383 2.59902 2.60524 2.61257 2.62111 2.63095 2.64218 2.65489 2.66914 2.68498 2.70246 2.72158 2.74233 2.76469 2.78857 2.8139 2.84055 2.86838 2.89722 2.92689 2.95716 2.98784 3.0187 3.0495 3.08002 3.11005 3.13937 3.16779 3.19513 3.22124 3.24599 3.26925 3.29094 3.31098 3.32933 3.34594 3.36079 3.37388 3.3852 3.39477 3.40259 3.40867 3.41302 3.41564 3.41653 3.4157 3.41313 3.4088 3.4027 3.39482 3.38512 3.3736 3.36025 3.34507 3.32807 3.30927 3.28873 3.26651 3.24269 3.21739 3.19074 3.16289 3.13403 3.10433 3.07403 3.04333 3.01246 2.98166 2.95116 2.92117 2.89192 2.86358 2.83634 2.81035 2.78574 2.76261 2.74103 2.72105 2.70269 2.68595 2.6708 2.65721 2.64511 2.63444 2.6251 2.61702 2.6101 2.60425 2.5994 2.59545 2.59235 2.59003 2.58844 2.58755 
2.58073 2.5812 2.58238 2.58428 2.58696 2.59047 2.59487 2.60024 2.60667 2.61426 2.62309 2.63326 2.64486 2.65797 2.67267 2.68899 2.70699 2.72666 2.74799 2.77095 2.79546 2.82142 2.84871 2.87718 2.90666 2.93694 2.96782 2.99907 3.03046 3.06176 3.09274 3.12318 3.15287 3.18161 3.20922 3.23556 3.26048 3.28388 3.30567 3.32578 3.34416 3.36079 3.37564 3.38872 3.40002 3.40957 3.41737 3.42343 3.42777 3.4304 3.43131 3.4305 3.42796 3.42367 3.41762 3.40979 3.40014 3.38866 3.37534 3.36016 3.34315 3.32431 3.30369 3.28135 3.25737 3.23186 3.20496 3.1768 3.14758 3.11749 3.08673 3.05553 3.02413 2.99276 2.96166 2.93105 2.90115 2.87217 2.84429 2.81766 2.79242 2.76867 2.7465 2.72596 2.70707 2.68983 2.67422 2.66021 2.64772 2.63669 2.62704 2.61868 2.61152 2.60546 2.60043 2.59634 2.59312 2.5907 2.58905 2.58812 
2.58125 2.58172 2.58293 2.5849 2.58766 2.59127 2.59581 2.60135 2.60798 2.6158 2.62489 2.63536 2.6473 2.66078 2.67587 2.69263 2.71109 2.73125 2.75311 2.7766 2.80166 2.82819 2.85606 2.88509 2.91513 2.94596 2.97736 3.00911 3.04097 3.07271 3.10409 3.13489 3.16488 3.19389 3.22174 3.24826 3.27332 3.29683 3.31869 3.33885 3.35725 3.37388 3.38872 3.40177 3.41305 3.42257 3.43034 3.43639 3.44072 3.44334 3.44426 3.44348 3.44097 3.43673 3.43073 3.42295 3.41335 3.40192 3.38864 3.37348 3.35647 3.33761 3.31693 3.2945 3.2704 3.24472 3.2176 3.18919 3.15966 3.12922 3.09807 3.06644 3.03457 3.0027 2.97107 2.93991 2.90946 2.8799 2.85144 2.82424 2.79844 2.77415 2.75145 2.7304 2.71103 2.69335 2.67732 2.66292 2.65009 2.63874 2.62881 2.62019 2.61281 2.60657 2.60137 2.59715 2.59382 2.59132 2.58961 2.58864 
2.58171 2.5822 2.58343 2.58545 2.58829 2.592 2.59666 2.60235 2.60916 2.61718 2.6265 2.63724 2.64946 2.66327 2.67872 2.69586 2.71473 2.73532 2.75763 2.7816 2.80714 2.83416 2.86252 2.89206 2.92258 2.95388 2.98574 3.01792 3.05018 3.08229 3.11401 3.14511 3.17537 3.2046 3.23263 3.2593 3.28448 3.30807 3.32999 3.35017 3.36859 3.3852 3.40002 3.41305 3.4243 3.43378 3.44153 3.44756 3.45188 3.4545 3.45543 3.45467 3.4522 3.448 3.44205 3.43432 3.42477 3.41339 3.40014 3.38502 3.36802 3.34914 3.32843 3.30594 3.28173 3.25592 3.22862 3.2 3.17022 3.13948 3.10799 3.076 3.04372 3.01142 2.97934 2.94771 2.91676 2.88671 2.85775 2.83005 2.80375 2.77898 2.75582 2.73433 2.71454 2.69647 2.68008 2.66534 2.65219 2.64057 2.63038 2.62155 2.61397 2.60756 2.60222 2.59788 2.59445 2.59188 2.59012 2.58912 
2.58211 2.58261 2.58387 2.58594 2.58884 2.59264 2.5974 2.60322 2.61018 2.61837 2.6279 2.63886 2.65134 2.66542 2.68117 2.69864 2.71786 2.73883 2.76152 2.78589 2.81185 2.83929 2.86807 2.89802 2.92895 2.96065 2.99289 3.02543 3.05804 3.09046 3.12246 3.1538 3.18428 3.2137 3.24188 3.26867 3.29394 3.3176 3.33955 3.35975 3.37817 3.39477 3.40957 3.42257 3.43378 3.44324 3.45096 3.45697 3.46128 3.4639 3.46484 3.4641 3.46166 3.4575 3.45159 3.4439 3.43441 3.42307 3.40987 3.39478 3.37779 3.35891 3.33818 3.31563 3.29135 3.26543 3.23799 3.20919 3.1792 3.14821 3.11645 3.08414 3.05153 3.01887 2.9864 2.95437 2.92301 2.89254 2.86315 2.83503 2.80832 2.78314 2.75959 2.73772 2.71757 2.69916 2.68245 2.66742 2.65401 2.64215 2.63175 2.62272 2.61497 2.60842 2.60296 2.59851 2.595 2.59237 2.59056 2.58953 
2.58245 2.58296 2.58425 2.58635 2.5893 2.59317 2.59803 2.60395 2.61103 2.61937 2.62907 2.64022 2.6529 2.66722 2.68322 2.70096 2.72046 2.74173 2.76474 2.78944 2.81574 2.84352 2.87264 2.90293 2.9342 2.96622 2.99878 3.03162 3.06449 3.09717 3.12939 3.16094 3.19159 3.22116 3.24946 3.27634 3.30169 3.32539 3.34737 3.36759 3.386 3.40259 3.41737 3.43034 3.44153 3.45096 3.45866 3.46465 3.46895 3.47157 3.47252 3.4718 3.46938 3.46525 3.45938 3.45174 3.44229 3.43099 3.41782 3.40275 3.38578 3.36691 3.34616 3.32357 3.29923 3.27322 3.24567 3.21673 3.18657 3.15538 3.1234 3.09084 3.05796 3.025 2.99222 2.95986 2.92816 2.89735 2.86762 2.83915 2.81209 2.78658 2.7627 2.74052 2.72008 2.70139 2.68443 2.66916 2.65553 2.64347 2.63289 2.6237 2.61582 2.60914 2.60358 2.59905 2.59547 2.59278 2.59093 2.58989 
2.58273 2.58324 2.58455 2.58668 2.58968 2.5936 2.59853 2.60453 2.61172 2.62017 2.63 2.64129 2.65414 2.66863 2.68483 2.70278 2.72251 2.74401 2.76727 2.79222 2.81878 2.84683 2.87622 2.90677 2.93829 2.97057 3.00336 3.03643 3.06952 3.10238 3.13478 3.16649 3.19728 3.22695 3.25535 3.28231 3.3077 3.33144 3.35345 3.37368 3.39208 3.40867 3.42343 3.43639 3.44756 3.45697 3.46465 3.47063 3.47492 3.47754 3.4785 3.47779 3.47539 3.47128 3.46544 3.45783 3.44841 3.43715 3.42401 3.40896 3.392 3.37313 3.35236 3.32975 3.30536 3.27928 3.25164 3.22259 3.1923 3.16096 3.1288 3.09605 3.06296 3.02977 2.99675 2.96414 2.93218 2.9011 2.8711 2.84237 2.81505 2.78928 2.76515 2.74273 2.72206 2.70315 2.68598 2.67053 2.65673 2.64451 2.63379 2.62448 2.61649 2.60972 2.60407 2.59947 2.59584 2.59311 2.59124 2.59017 
2.58294 2.58345 2.58477 2.58692 2.58995 2.59392 2.59889 2.60496 2.61222 2.62075 2.63067 2.64207 2.65504 2.66966 2.68599 2.70409 2.72397 2.74565 2.76908 2.79421 2.82095 2.84919 2.87876 2.9095 2.94121 2.97366 3.00662 3.03985 3.07309 3.10609 3.13861 3.17043 3.20131 3.23107 3.25954 3.28655 3.31199 3.33576 3.35779 3.37802 3.39644 3.41302 3.42777 3.44072 3.45188 3.46128 3.46895 3.47492 3.47921 3.48184 3.4828 3.48209 3.47971 3.47562 3.4698 3.46221 3.45281 3.44156 3.42843 3.4134 3.39644 3.37757 3.35679 3.33415 3.30972 3.2836 3.25589 3.22676 3.19637 3.16493 3.13264 3.09976 3.06651 3.03316 2.99997 2.96718 2.93504 2.90377 2.87359 2.84466 2.81716 2.7912 2.7669 2.74431 2.72348 2.70441 2.68711 2.67152 2.6576 2.64527 2.63445 2.62505 2.61698 2.61014 2.60444 2.59979 2.59612 2.59336 2.59146 2.59038 
2.58308 2.58359 2.58492 2.58709 2.59013 2.59412 2.59913 2.60523 2.61253 2.62112 2.63109 2.64255 2.65559 2.67028 2.68669 2.70488 2.72485 2.74662 2.77015 2.79539 2.82224 2.85058 2.88026 2.91111 2.94292 2.97547 3.00853 3.04185 3.07518 3.10826 3.14086 3.17275 3.20369 3.23351 3.26201 3.28907 3.31454 3.33834 3.36038 3.38063 3.39905 3.41564 3.4304 3.44334 3.4545 3.4639 3.47157 3.47754 3.48184 3.48446 3.48543 3.48473 3.48235 3.47827 3.47245 3.46487 3.45548 3.44423 3.43111 3.41607 3.39911 3.38023 3.35943 3.33677 3.31232 3.28615 3.2584 3.22922 3.19877 3.16726 3.1349 3.10193 3.06859 3.03515 3.00186 2.96897 2.93672 2.90534 2.87505 2.84601 2.8184 2.79234 2.76793 2.74525 2.72432 2.70517 2.68778 2.67212 2.65813 2.64573 2.63485 2.6254 2.61729 2.6104 2.60467 2.59999 2.5963 2.59352 2.59161 2.59052 
