2.22588 2.22615 2.22641 2.22667 2.22692 2.22717 2.2274 2.22763 2.22784 2.22804 2.22823 2.22841 2.22857 2.22873 2.22889 2.22904 2.22919 2.22934 2.22949 2.22965 2.22982 2.23 2.2302 2.23041 2.23064 2.2309 2.23117 2.23147 2.2318 2.23214 2.23251 2.23291 2.23332 2.23375 2.2342 2.23466 2.23512 2.23559 2.23605 2.23651 2.23695 2.23737 2.23777 2.23814 2.23848 2.23877 2.23902 2.23923 2.23938 2.23949 2.23954 2.23953 2.23947 2.23936 2.2392 2.23899 2.23873 2.23843 2.23809 2.23772 2.23733 2.23691 2.23647 2.23602 2.23557 2.23512 2.23466 2.23422 2.23379 2.23337 2.23298 2.2326 2.23225 2.23193 2.23163 2.23136 2.23111 2.2309 2.23072 2.23056 2.23043 2.23033 2.23026 2.23022 2.23021 2.23022 2.23025 2.23032 2.23041 2.23052 2.23065 2.23081 2.23099 2.23119 2.2314 2.23163 2.23187 2.23213 2.23239 2.23265 
2.22615 2.22641 2.22668 2.22694 2.22719 2.22744 2.22767 2.22789 2.22811 2.2283 2.22849 2.22867 2.22884 2.229 2.22915 2.2293 2.22945 2.2296 2.22975 2.22991 2.23008 2.23026 2.23046 2.23068 2.23091 2.23117 2.23145 2.23175 2.23208 2.23243 2.23281 2.23321 2.23363 2.23407 2.23453 2.23499 2.23547 2.23594 2.23642 2.23688 2.23734 2.23777 2.23818 2.23856 2.2389 2.2392 2.23946 2.23967 2.23983 2.23994 2.23999 2.23998 2.23992 2.23981 2.23964 2.23942 2.23916 2.23885 2.23851 2.23813 2.23772 2.23729 2.23685 2.23639 2.23593 2.23546 2.235 2.23455 2.23411 2.23368 2.23328 2.2329 2.23254 2.23221 2.23191 2.23163 2.23139 2.23117 2.23098 2.23083 2.2307 2.2306 2.23053 2.23048 2.23047 2.23048 2.23052 2.23058 2.23067 2.23078 2.23092 2.23108 2.23126 2.23145 2.23167 2.2319 2.23214 2.23239 2.23265 2.23292 
2.22641 2.22668 2.22694 2.2272 2.22746 2.2277 2.22794 2.22816 2.22837 2.22857 2.22876 2.22894 2.22911 2.22927 2.22943 2.22958 2.22974 2.22989 2.23005 2.23022 2.2304 2.2306 2.23081 2.23104 2.23129 2.23157 2.23187 2.2322 2.23255 2.23294 2.23335 2.23378 2.23424 2.23471 2.23521 2.23572 2.23623 2.23675 2.23726 2.23777 2.23826 2.23873 2.23917 2.23958 2.23995 2.24028 2.24056 2.24078 2.24095 2.24107 2.24112 2.24111 2.24105 2.24092 2.24074 2.2405 2.24022 2.23988 2.23951 2.2391 2.23866 2.23819 2.23771 2.23721 2.2367 2.2362 2.2357 2.23521 2.23473 2.23427 2.23384 2.23342 2.23303 2.23268 2.23235 2.23205 2.23178 2.23155 2.23134 2.23117 2.23103 2.23092 2.23084 2.23079 2.23076 2.23077 2.2308 2.23086 2.23095 2.23106 2.23119 2.23135 2.23153 2.23172 2.23194 2.23217 2.23241 2.23266 2.23292 2.23319 
2.22667 2.22694 2.2272 2.22746 2.22772 2.22796 2.2282 2.22842 2.22864 2.22884 2.22903 2.22922 2.22939 2.22956 2.22972 2.22988 2.23005 2.23022 2.23039 2.23058 2.23078 2.231 2.23123 2.2315 2.23178 2.2321 2.23244 2.23282 2.23323 2.23367 2.23414 2.23463 2.23516 2.2357 2.23626 2.23684 2.23743 2.23802 2.2386 2.23918 2.23974 2.24027 2.24077 2.24123 2.24165 2.24202 2.24234 2.24259 2.24279 2.24291 2.24297 2.24296 2.24288 2.24274 2.24253 2.24226 2.24193 2.24155 2.24112 2.24065 2.24015 2.23962 2.23907 2.2385 2.23793 2.23735 2.23678 2.23622 2.23568 2.23516 2.23466 2.23418 2.23374 2.23333 2.23295 2.23261 2.2323 2.23203 2.2318 2.23159 2.23143 2.23129 2.23119 2.23113 2.23109 2.23108 2.23111 2.23116 2.23123 2.23134 2.23147 2.23162 2.2318 2.23199 2.2322 2.23243 2.23267 2.23292 2.23318 2.23345 
2.22692 2.22719 2.22746 2.22772 2.22797 2.22822 2.22846 2.22868 2.2289 2.22911 2.2293 2.22949 2.22967 2.22985 2.23003 2.2302 2.23038 2.23057 2.23077 2.23099 2.23122 2.23147 2.23175 2.23206 2.2324 2.23278 2.23319 2.23364 2.23412 2.23464 2.2352 2.23579 2.23641 2.23706 2.23773 2.23841 2.2391 2.2398 2.24049 2.24116 2.24182 2.24244 2.24303 2.24357 2.24407 2.2445 2.24486 2.24516 2.24538 2.24553 2.24559 2.24558 2.24548 2.24531 2.24506 2.24474 2.24435 2.24391 2.2434 2.24285 2.24226 2.24163 2.24098 2.24031 2.23964 2.23896 2.23828 2.23762 2.23698 2.23636 2.23577 2.2352 2.23468 2.23419 2.23374 2.23333 2.23296 2.23264 2.23235 2.23211 2.2319 2.23173 2.2316 2.23151 2.23145 2.23142 2.23143 2.23147 2.23153 2.23163 2.23175 2.2319 2.23206 2.23225 2.23246 2.23269 2.23293 2.23318 2.23344 2.2337 
2.22717 2.22744 2.2277 2.22796 2.22822 2.22847 2.22871 2.22894 2.22916 2.22937 2.22957 2.22977 2.22996 2.23016 2.23035 2.23054 2.23075 2.23097 2.2312 2.23145 2.23173 2.23204 2.23238 2.23275 2.23317 2.23363 2.23413 2.23467 2.23526 2.2359 2.23658 2.23729 2.23805 2.23883 2.23964 2.24046 2.2413 2.24214 2.24297 2.24378 2.24457 2.24532 2.24602 2.24667 2.24725 2.24777 2.2482 2.24855 2.24882 2.24899 2.24906 2.24904 2.24892 2.24871 2.24841 2.24802 2.24756 2.24702 2.24641 2.24574 2.24503 2.24428 2.24349 2.24269 2.24187 2.24105 2.24024 2.23944 2.23866 2.23791 2.23719 2.23651 2.23587 2.23528 2.23473 2.23423 2.23378 2.23338 2.23302 2.23271 2.23245 2.23224 2.23206 2.23193 2.23184 2.23179 2.23177 2.23179 2.23184 2.23192 2.23203 2.23217 2.23233 2.23252 2.23272 2.23294 2.23318 2.23342 2.23368 2.23394 
2.2274 2.22767 2.22794 2.2282 2.22846 2.22871 2.22895 2.22918 2.22941 2.22963 2.22984 2.23005 2.23026 2.23047 2.23069 2.23091 2.23115 2.2314 2.23168 2.23199 2.23233 2.2327 2.23312 2.23358 2.2341 2.23466 2.23528 2.23596 2.23669 2.23747 2.2383 2.23919 2.24011 2.24107 2.24206 2.24307 2.24409 2.24511 2.24612 2.2471 2.24806 2.24897 2.24982 2.2506 2.25131 2.25192 2.25245 2.25287 2.25318 2.25338 2.25347 2.25343 2.25329 2.25303 2.25266 2.25219 2.25162 2.25096 2.25023 2.24942 2.24855 2.24763 2.24668 2.2457 2.2447 2.2437 2.24271 2.24173 2.24078 2.23986 2.23898 2.23815 2.23736 2.23663 2.23595 2.23533 2.23477 2.23427 2.23382 2.23343 2.2331 2.23282 2.23259 2.23241 2.23228 2.23219 2.23214 2.23213 2.23216 2.23223 2.23232 2.23245 2.2326 2.23277 2.23297 2.23319 2.23342 2.23366 2.23392 2.23418 
2.22763 2.22789 2.22816 2.22842 2.22868 2.22894 2.22918 2.22943 2.22966 2.22989 2.23012 2.23034 2.23057 2.2308 2.23105 2.23131 2.23159 2.23189 2.23223 2.2326 2.23302 2.23348 2.234 2.23458 2.23522 2.23592 2.23669 2.23753 2.23843 2.2394 2.24044 2.24152 2.24266 2.24385 2.24506 2.2463 2.24755 2.24879 2.25002 2.25123 2.25239 2.25349 2.25452 2.25547 2.25633 2.25707 2.2577 2.25821 2.25858 2.25882 2.25892 2.25887 2.25869 2.25837 2.25792 2.25735 2.25665 2.25585 2.25495 2.25396 2.2529 2.25178 2.25062 2.24942 2.2482 2.24698 2.24576 2.24456 2.24339 2.24226 2.24118 2.24015 2.23918 2.23827 2.23743 2.23666 2.23596 2.23533 2.23477 2.23428 2.23386 2.23349 2.23319 2.23295 2.23276 2.23263 2.23254 2.2325 2.2325 2.23254 2.23261 2.23272 2.23286 2.23303 2.23322 2.23343 2.23365 2.23389 2.23414 2.2344 
2.22784 2.22811 2.22837 2.22864 2.2289 2.22916 2.22941 2.22966 2.2299 2.23015 2.23039 2.23064 2.23089 2.23116 2.23144 2.23174 2.23208 2.23244 2.23285 2.23331 2.23383 2.2344 2.23505 2.23577 2.23656 2.23744 2.23839 2.23943 2.24055 2.24176 2.24303 2.24437 2.24578 2.24723 2.24872 2.25024 2.25176 2.25328 2.25479 2.25625 2.25766 2.259 2.26025 2.2614 2.26243 2.26333 2.26409 2.26469 2.26514 2.26542 2.26554 2.26548 2.26525 2.26486 2.26431 2.26361 2.26276 2.26178 2.26068 2.25948 2.25819 2.25683 2.2554 2.25394 2.25245 2.25096 2.24947 2.248 2.24657 2.24518 2.24384 2.24257 2.24137 2.24025 2.23921 2.23826 2.23739 2.2366 2.2359 2.23528 2.23474 2.23427 2.23388 2.23356 2.23331 2.23311 2.23298 2.23289 2.23286 2.23287 2.23292 2.233 2.23313 2.23328 2.23346 2.23366 2.23388 2.23411 2.23436 2.23462 
2.22804 2.2283 2.22857 2.22884 2.22911 2.22937 2.22963 2.22989 2.23015 2.23041 2.23067 2.23094 2.23123 2.23154 2.23187 2.23223 2.23263 2.23307 2.23358 2.23414 2.23478 2.23549 2.23629 2.23718 2.23817 2.23925 2.24044 2.24172 2.24311 2.24459 2.24616 2.24781 2.24953 2.25131 2.25313 2.25498 2.25684 2.25869 2.26051 2.26228 2.26399 2.26561 2.26712 2.2685 2.26974 2.27082 2.27173 2.27246 2.27299 2.27332 2.27346 2.27338 2.2731 2.27262 2.27195 2.2711 2.27007 2.26888 2.26755 2.26609 2.26453 2.26287 2.26114 2.25937 2.25756 2.25573 2.25392 2.25213 2.25037 2.24867 2.24704 2.24548 2.24401 2.24263 2.24134 2.24016 2.23908 2.2381 2.23722 2.23645 2.23577 2.23518 2.23468 2.23426 2.23392 2.23365 2.23345 2.23332 2.23324 2.23321 2.23323 2.23329 2.23339 2.23353 2.23369 2.23388 2.23409 2.23432 2.23457 2.23482 
2.22823 2.22849 2.22876 2.22903 2.2293 2.22957 2.22984 2.23012 2.23039 2.23067 2.23096 2.23127 2.23159 2.23195 2.23234 2.23277 2.23325 2.2338 2.23441 2.23511 2.23589 2.23678 2.23776 2.23886 2.24008 2.24142 2.24288 2.24446 2.24616 2.24798 2.2499 2.25191 2.25401 2.25617 2.25838 2.26063 2.26288 2.26511 2.26731 2.26945 2.2715 2.27344 2.27525 2.27691 2.27839 2.27969 2.28077 2.28163 2.28227 2.28266 2.28281 2.28271 2.28237 2.28179 2.28098 2.27995 2.27871 2.27728 2.27568 2.27392 2.27203 2.27003 2.26795 2.2658 2.26361 2.2614 2.2592 2.25703 2.2549 2.25283 2.25084 2.24893 2.24713 2.24544 2.24387 2.24241 2.24108 2.23987 2.23879 2.23782 2.23697 2.23623 2.23559 2.23506 2.23462 2.23426 2.23399 2.23378 2.23365 2.23357 2.23356 2.23359 2.23366 2.23378 2.23392 2.2341 2.2343 2.23452 2.23476 2.23501 
2.22841 2.22867 2.22894 2.22922 2.22949 2.22977 2.23005 2.23034 2.23064 2.23094 2.23127 2.23161 2.23199 2.23241 2.23287 2.23338 2.23397 2.23463 2.23539 2.23624 2.2372 2.23829 2.2395 2.24085 2.24235 2.24399 2.24577 2.24771 2.24978 2.25199 2.25432 2.25677 2.2593 2.26192 2.26459 2.26728 2.26999 2.27267 2.27531 2.27786 2.28031 2.28263 2.28479 2.28676 2.28852 2.29005 2.29134 2.29236 2.2931 2.29356 2.29373 2.29361 2.2932 2.2925 2.29153 2.29029 2.28881 2.2871 2.28518 2.28308 2.28082 2.27843 2.27593 2.27335 2.27072 2.26807 2.26542 2.2628 2.26022 2.25772 2.25531 2.25301 2.25082 2.24876 2.24684 2.24507 2.24344 2.24196 2.24062 2.23943 2.23837 2.23745 2.23666 2.23598 2.23541 2.23495 2.23458 2.2343 2.2341 2.23397 2.2339 2.2339 2.23394 2.23403 2.23416 2.23432 2.2345 2.23472 2.23495 2.23519 
2.22857 2.22884 2.22911 2.22939 2.22967 2.22996 2.23026 2.23057 2.23089 2.23123 2.23159 2.23199 2.23243 2.23292 2.23346 2.23409 2.23479 2.2356 2.23652 2.23756 2.23874 2.24007 2.24155 2.2432 2.24502 2.24702 2.24919 2.25153 2.25404 2.25671 2.25952 2.26246 2.26551 2.26864 2.27184 2.27506 2.27829 2.28148 2.28461 2.28765 2.29055 2.2933 2.29585 2.29817 2.30025 2.30206 2.30357 2.30476 2.30563 2.30617 2.30636 2.30621 2.30571 2.30488 2.30373 2.30226 2.3005 2.29848 2.2962 2.2937 2.29102 2.28817 2.2852 2.28213 2.27899 2.27583 2.27266 2.26953 2.26644 2.26344 2.26055 2.25777 2.25514 2.25265 2.25033 2.24818 2.2462 2.2444 2.24277 2.2413 2.24001 2.23887 2.23788 2.23704 2.23632 2.23573 2.23525 2.23488 2.2346 2.2344 2.23428 2.23423 2.23423 2.23429 2.23439 2.23453 2.2347 2.2349 2.23512 2.23536 
2.22873 2.229 2.22927 2.22956 2.22985 2.23016 2.23047 2.2308 2.23116 2.23154 2.23195 2.23241 2.23292 2.23349 2.23415 2.23489 2.23575 2.23673 2.23784 2.23911 2.24054 2.24215 2.24395 2.24595 2.24815 2.25056 2.25318 2.256 2.25902 2.26221 2.26558 2.26909 2.27272 2.27645 2.28025 2.28407 2.28788 2.29166 2.29535 2.29893 2.30234 2.30556 2.30855 2.31128 2.31371 2.31582 2.31758 2.31897 2.31998 2.3206 2.32081 2.32062 2.32004 2.31906 2.3177 2.31597 2.3139 2.31152 2.30884 2.3059 2.30274 2.29938 2.29587 2.29224 2.28854 2.28479 2.28103 2.27731 2.27365 2.27007 2.26662 2.2633 2.26015 2.25717 2.25439 2.2518 2.24941 2.24723 2.24526 2.24348 2.24191 2.24051 2.2393 2.23826 2.23737 2.23663 2.23602 2.23553 2.23515 2.23488 2.23469 2.23458 2.23454 2.23456 2.23463 2.23475 2.2349 2.23509 2.2353 2.23553 
2.22889 2.22915 2.22943 2.22972 2.23003 2.23035 2.23069 2.23105 2.23144 2.23187 2.23234 2.23287 2.23346 2.23415 2.23493 2.23582 2.23685 2.23803 2.23937 2.2409 2.24263 2.24458 2.24675 2.24915 2.2518 2.25469 2.25782 2.26119 2.26478 2.26859 2.27258 2.27674 2.28104 2.28544 2.2899 2.2944 2.29888 2.3033 2.30762 2.3118 2.31578 2.31953 2.32301 2.32618 2.32899 2.33144 2.33347 2.33508 2.33625 2.33695 2.33719 2.33697 2.33628 2.33513 2.33354 2.33153 2.32912 2.32633 2.32321 2.31978 2.31608 2.31215 2.30804 2.30379 2.29944 2.29504 2.29063 2.28624 2.28192 2.2777 2.27361 2.26968 2.26593 2.26239 2.25907 2.25598 2.25313 2.25052 2.24814 2.24601 2.2441 2.24241 2.24094 2.23966 2.23857 2.23765 2.23689 2.23627 2.23578 2.23541 2.23514 2.23496 2.23487 2.23484 2.23488 2.23496 2.2351 2.23527 2.23546 2.23569 
2.22904 2.2293 2.22958 2.22988 2.2302 2.23054 2.23091 2.23131 2.23174 2.23223 2.23277 2.23338 2.23409 2.23489 2.23582 2.23689 2.23813 2.23954 2.24115 2.24299 2.24506 2.24739 2.24998 2.25286 2.25601 2.25945 2.26317 2.26716 2.27141 2.2759 2.2806 2.28549 2.29053 2.29568 2.3009 2.30615 2.31136 2.3165 2.32152 2.32635 2.33096 2.3353 2.33931 2.34296 2.3462 2.34901 2.35134 2.35319 2.35452 2.35532 2.35559 2.35532 2.35451 2.35318 2.35135 2.34902 2.34623 2.34301 2.33939 2.33542 2.33113 2.32658 2.32181 2.31687 2.31181 2.30668 2.30152 2.29639 2.29134 2.28639 2.28159 2.27697 2.27255 2.26838 2.26445 2.26079 2.2574 2.25429 2.25146 2.24891 2.24663 2.2446 2.24282 2.24127 2.23994 2.23882 2.23787 2.2371 2.23648 2.236 2.23564 2.23538 2.23522 2.23515 2.23514 2.23519 2.2353 2.23545 2.23563 2.23585 
2.22919 2.22945 2.22974 2.23005 2.23038 2.23075 2.23115 2.23159 2.23208 2.23263 2.23325 2.23397 2.23479 2.23575 2.23685 2.23813 2.23959 2.24128 2.24321 2.2454 2.24786 2.25063 2.25371 2.25712 2.26085 2.26491 2.26929 2.27398 2.27897 2.28422 2.28972 2.29542 2.30129 2.30727 2.31332 2.31939 2.32541 2.33134 2.33711 2.34267 2.34796 2.35292 2.35751 2.36168 2.36539 2.36858 2.37124 2.37334 2.37485 2.37576 2.37605 2.37573 2.3748 2.37328 2.37117 2.3685 2.3653 2.36161 2.35746 2.3529 2.34797 2.34273 2.33724 2.33154 2.3257 2.31976 2.3138 2.30785 2.30197 2.29622 2.29062 2.28523 2.28007 2.27518 2.27057 2.26627 2.26228 2.25861 2.25526 2.25223 2.24952 2.2471 2.24497 2.24312 2.24152 2.24015 2.239 2.23805 2.23728 2.23666 2.23619 2.23585 2.23561 2.23547 2.23542 2.23543 2.23551 2.23563 2.2358 2.236 
2.22934 2.2296 2.22989 2.23022 2.23057 2.23097 2.2314 2.23189 2.23244 2.23307 2.2338 2.23463 2.2356 2.23673 2.23803 2.23954 2.24128 2.24328 2.24556 2.24816 2.25108 2.25434 2.25798 2.26198 2.26636 2.27112 2.27624 2.28171 2.28752 2.29363 2.3 2.30659 2.31336 2.32026 2.32722 2.33418 2.34108 2.34786 2.35445 2.36079 2.36681 2.37245 2.37766 2.38239 2.38658 2.3902 2.3932 2.39557 2.39726 2.39828 2.3986 2.39823 2.39717 2.39543 2.39304 2.39 2.38637 2.38217 2.37744 2.37225 2.36664 2.36066 2.35438 2.34786 2.34117 2.33436 2.32751 2.32067 2.3139 2.30725 2.30078 2.29453 2.28855 2.28286 2.27749 2.27247 2.2678 2.2635 2.25957 2.25601 2.2528 2.24995 2.24743 2.24522 2.2433 2.24167 2.24028 2.23912 2.23817 2.23741 2.23681 2.23636 2.23604 2.23583 2.23572 2.23569 2.23572 2.23582 2.23597 2.23616 
2.22949 2.22975 2.23005 2.23039 2.23077 2.2312 2.23168 2.23223 2.23285 2.23358 2.23441 2.23539 2.23652 2.23784 2.23937 2.24115 2.24321 2.24556 2.24825 2.2513 2.25473 2.25856 2.26281 2.26749 2.27259 2.27812 2.28406 2.2904 2.29711 2.30415 2.31148 2.31905 2.32681 2.33469 2.34263 2.35056 2.35841 2.3661 2.37357 2.38073 2.38753 2.39389 2.39976 2.40508 2.40978 2.41384 2.41721 2.41985 2.42175 2.42288 2.42323 2.42281 2.42161 2.41964 2.41694 2.41352 2.40942 2.40469 2.39936 2.39349 2.38714 2.38038 2.37326 2.36587 2.35826 2.35051 2.3427 2.33489 2.32714 2.31953 2.3121 2.30492 2.29802 2.29146 2.28525 2.27943 2.27401 2.26901 2.26443 2.26027 2.25652 2.25317 2.2502 2.2476 2.24533 2.24338 2.24173 2.24034 2.23919 2.23825 2.23751 2.23694 2.23652 2.23623 2.23605 2.23596 2.23596 2.23602 2.23615 2.23632 
2.22965 2.22991 2.23022 2.23058 2.23099 2.23145 2.23199 2.2326 2.23331 2.23414 2.23511 2.23624 2.23756 2.23911 2.2409 2.24299 2.2454 2.24816 2.2513 2.25486 2.25886 2.26332 2.26825 2.27367 2.27958 2.28596 2.29281 2.30009 2.30778 2.31584 2.32421 2.33284 2.34166 2.3506 2.35959 2.36855 2.3774 2.38606 2.39445 2.40249 2.4101 2.41722 2.42378 2.42971 2.43495 2.43947 2.44321 2.44615 2.44825 2.4495 2.44988 2.4494 2.44805 2.44586 2.44284 2.43902 2.43443 2.42914 2.42317 2.4166 2.40948 2.40188 2.39388 2.38555 2.37697 2.36823 2.35938 2.35053 2.34174 2.33308 2.32462 2.31642 2.30853 2.30101 2.29389 2.28719 2.28095 2.27518 2.26988 2.26506 2.2607 2.25679 2.25333 2.25027 2.24761 2.24532 2.24336 2.2417 2.24033 2.2392 2.2383 2.23759 2.23705 2.23666 2.23641 2.23626 2.23621 2.23624 2.23633 2.23649 
2.22982 2.23008 2.2304 2.23078 2.23122 2.23173 2.23233 2.23302 2.23383 2.23478 2.23589 2.2372 2.23874 2.24054 2.24263 2.24506 2.24786 2.25108 2.25473 2.25886 2.26349 2.26864 2.27434 2.28057 2.28735 2.29467 2.3025 2.31081 2.31956 2.32871 2.3382 2.34795 2.3579 2.36797 2.37807 2.38812 2.39803 2.4077 2.41706 2.42601 2.43448 2.44238 2.44965 2.45621 2.46201 2.467 2.47113 2.47436 2.47667 2.47804 2.47845 2.47791 2.47642 2.47398 2.47064 2.4664 2.46132 2.45545 2.44882 2.44152 2.43359 2.42513 2.4162 2.4069 2.3973 2.38749 2.37756 2.3676 2.35769 2.34792 2.33835 2.32906 2.32011 2.31155 2.30343 2.29578 2.28864 2.28202 2.27594 2.27038 2.26535 2.26084 2.25682 2.25327 2.25017 2.24749 2.24518 2.24323 2.2416 2.24026 2.23917 2.23831 2.23764 2.23715 2.2368 2.23659 2.23648 2.23647 2.23653 2.23667 
2.23 2.23026 2.2306 2.231 2.23147 2.23204 2.2327 2.23348 2.2344 2.23549 2.23678 2.23829 2.24007 2.24215 2.24458 2.24739 2.25063 2.25434 2.25856 2.26332 2.26864 2.27456 2.28108 2.2882 2.29594 2.30426 2.31315 2.32256 2.33245 2.34277 2.35344 2.36439 2.37553 2.38679 2.39805 2.40924 2.42025 2.43098 2.44133 2.45123 2.46057 2.46927 2.47726 2.48447 2.49083 2.4963 2.50082 2.50436 2.50688 2.50837 2.50882 2.50821 2.50657 2.50389 2.50021 2.49556 2.48997 2.48351 2.47621 2.46815 2.4594 2.45005 2.44016 2.42984 2.41918 2.40827 2.3972 2.38608 2.37499 2.36404 2.35329 2.34284 2.33274 2.32308 2.31389 2.30522 2.2971 2.28957 2.28262 2.27627 2.27051 2.26532 2.2607 2.2566 2.25302 2.2499 2.24722 2.24494 2.24303 2.24144 2.24014 2.23911 2.23829 2.23768 2.23724 2.23694 2.23677 2.23671 2.23675 2.23687 
2.2302 2.23046 2.23081 2.23123 2.23175 2.23238 2.23312 2.234 2.23505 2.23629 2.23776 2.2395 2.24155 2.24395 2.24675 2.24998 2.25371 2.25798 2.26281 2.26825 2.27434 2.28108 2.28849 2.29658 2.30534 2.31474 2.32475 2.33534 2.34644 2.35799 2.36991 2.38211 2.39451 2.40699 2.41947 2.43183 2.44397 2.45578 2.46716 2.47801 2.48824 2.49775 2.50648 2.51434 2.52127 2.52721 2.53212 2.53596 2.5387 2.54031 2.54079 2.54012 2.53833 2.53541 2.5314 2.52633 2.52023 2.51317 2.5052 2.49638 2.48679 2.47653 2.46566 2.4543 2.44254 2.43049 2.41824 2.40591 2.3936 2.3814 2.36942 2.35774 2.34644 2.33559 2.32526 2.3155 2.30634 2.29781 2.28994 2.28273 2.27617 2.27026 2.26497 2.26028 2.25616 2.25257 2.24948 2.24684 2.24461 2.24275 2.24122 2.23999 2.23902 2.23827 2.23772 2.23734 2.2371 2.23699 2.23698 2.23708 
2.23041 2.23068 2.23104 2.2315 2.23206 2.23275 2.23358 2.23458 2.23577 2.23718 2.23886 2.24085 2.2432 2.24595 2.24915 2.25286 2.25712 2.26198 2.26749 2.27367 2.28057 2.2882 2.29658 2.3057 2.31554 2.32609 2.33731 2.34913 2.3615 2.37434 2.38756 2.40106 2.41475 2.42851 2.44223 2.45579 2.46908 2.48199 2.4944 2.50622 2.51733 2.52766 2.53711 2.54562 2.55311 2.55953 2.56483 2.56897 2.57191 2.57364 2.57415 2.57343 2.57149 2.56834 2.564 2.55851 2.55191 2.54426 2.53561 2.52603 2.51561 2.50442 2.49257 2.48016 2.46728 2.45406 2.44061 2.42703 2.41345 2.39997 2.38669 2.37373 2.36116 2.34907 2.33754 2.32661 2.31634 2.30676 2.2979 2.28976 2.28235 2.27565 2.26965 2.26431 2.25961 2.25551 2.25196 2.24892 2.24635 2.24419 2.24242 2.24097 2.23982 2.23892 2.23825 2.23777 2.23745 2.23728 2.23724 2.23731 
2.23064 2.23091 2.23129 2.23178 2.2324 2.23317 2.2341 2.23522 2.23656 2.23817 2.24008 2.24235 2.24502 2.24815 2.2518 2.25601 2.26085 2.26636 2.27259 2.27958 2.28735 2.29594 2.30534 2.31554 2.32654 2.3383 2.35077 2.36389 2.37758 2.39176 2.40632 2.42117 2.43618 2.45123 2.46621 2.48099 2.49544 2.50945 2.52289 2.53566 2.54766 2.55879 2.56896 2.5781 2.58614 2.59302 2.5987 2.60312 2.60627 2.60812 2.60866 2.60789 2.6058 2.60242 2.59777 2.59188 2.58479 2.57656 2.56725 2.55692 2.54567 2.53357 2.52074 2.50726 2.49327 2.47887 2.46418 2.44933 2.43445 2.41965 2.40504 2.39075 2.37686 2.36348 2.35068 2.33853 2.32709 2.3164 2.30649 2.29737 2.28904 2.2815 2.27473 2.2687 2.26338 2.25872 2.25468 2.25121 2.24826 2.24578 2.24372 2.24204 2.2407 2.23964 2.23883 2.23824 2.23784 2.23761 2.23752 2.23755 
2.2309 2.23117 2.23157 2.2321 2.23278 2.23363 2.23466 2.23592 2.23744 2.23925 2.24142 2.24399 2.24702 2.25056 2.25469 2.25945 2.26491 2.27112 2.27812 2.28596 2.29467 2.30426 2.31474 2.32609 2.3383 2.35132 2.3651 2.37955 2.39461 2.41016 2.4261 2.44231 2.45867 2.47503 2.49128 2.50727 2.52288 2.53797 2.55243 2.56615 2.57901 2.59091 2.60178 2.61153 2.6201 2.62743 2.63346 2.63816 2.64151 2.64347 2.64404 2.64322 2.641 2.6374 2.63245 2.62617 2.61862 2.60983 2.59988 2.58883 2.57676 2.56377 2.54996 2.53544 2.52033 2.50475 2.48883 2.4727 2.4565 2.44035 2.42439 2.40873 2.39348 2.37876 2.36465 2.35123 2.33857 2.32671 2.31569 2.30553 2.29623 2.2878 2.28021 2.27344 2.26745 2.26219 2.25762 2.25369 2.25033 2.2475 2.24515 2.24322 2.24165 2.24042 2.23947 2.23876 2.23827 2.23796 2.23782 2.23783 
2.23117 2.23145 2.23187 2.23244 2.23319 2.23413 2.23528 2.23669 2.23839 2.24044 2.24288 2.24577 2.24919 2.25318 2.25782 2.26317 2.26929 2.27624 2.28406 2.29281 2.3025 2.31315 2.32475 2.33731 2.35077 2.3651 2.38022 2.39605 2.4125 2.42945 2.44679 2.46437 2.48208 2.49975 2.51726 2.53445 2.55119 2.56736 2.58281 2.59743 2.61112 2.62378 2.63531 2.64565 2.65471 2.66246 2.66883 2.6738 2.67732 2.67939 2.67999 2.67912 2.67678 2.67298 2.66775 2.66112 2.65312 2.64381 2.63324 2.6215 2.60865 2.5948 2.58005 2.5645 2.54829 2.53155 2.5144 2.49699 2.47947 2.46196 2.44462 2.42757 2.41094 2.39484 2.37938 2.36465 2.35071 2.33764 2.32546 2.31422 2.30391 2.29454 2.28609 2.27853 2.27182 2.26593 2.26079 2.25636 2.25257 2.24937 2.24669 2.24449 2.24269 2.24127 2.24016 2.23932 2.23873 2.23835 2.23815 2.23812 
2.23147 2.23175 2.2322 2.23282 2.23364 2.23467 2.23596 2.23753 2.23943 2.24172 2.24446 2.24771 2.25153 2.256 2.26119 2.26716 2.27398 2.28171 2.2904 2.30009 2.31081 2.32256 2.33534 2.34913 2.36389 2.37955 2.39605 2.41328 2.43114 2.44951 2.46824 2.48721 2.50625 2.52522 2.54396 2.56233 2.58018 2.59737 2.61378 2.62927 2.64375 2.65711 2.66927 2.68015 2.68968 2.69782 2.70451 2.70971 2.71341 2.71558 2.71621 2.7153 2.71285 2.70887 2.70338 2.69642 2.68801 2.67821 2.66707 2.65467 2.64109 2.62642 2.61076 2.59422 2.57695 2.55906 2.54071 2.52204 2.5032 2.48434 2.46562 2.44717 2.42913 2.41164 2.3948 2.37872 2.36348 2.34915 2.33578 2.3234 2.31203 2.30168 2.29232 2.28394 2.27649 2.26992 2.26419 2.25923 2.25498 2.25138 2.24835 2.24585 2.24381 2.24218 2.2409 2.23993 2.23923 2.23876 2.23851 2.23844 
2.2318 2.23208 2.23255 2.23323 2.23412 2.23526 2.23669 2.23843 2.24055 2.24311 2.24616 2.24978 2.25404 2.25902 2.26478 2.27141 2.27897 2.28752 2.29711 2.30778 2.31956 2.33245 2.34644 2.3615 2.37758 2.39461 2.4125 2.43114 2.45042 2.4702 2.49033 2.51065 2.53101 2.55124 2.57119 2.5907 2.60961 2.62778 2.64509 2.66141 2.67662 2.69064 2.70338 2.71476 2.72472 2.7332 2.74018 2.7456 2.74946 2.75172 2.75238 2.75143 2.74889 2.74475 2.73903 2.73177 2.723 2.71275 2.70109 2.68809 2.67382 2.65837 2.64185 2.62438 2.60608 2.5871 2.56757 2.54766 2.52753 2.50734 2.48724 2.46739 2.44795 2.42904 2.41081 2.39336 2.37679 2.36117 2.34658 2.33303 2.32057 2.3092 2.2989 2.28966 2.28142 2.27416 2.26779 2.26228 2.25754 2.25351 2.25013 2.24732 2.24501 2.24316 2.2417 2.24058 2.23976 2.23921 2.23889 2.23878 
2.23214 2.23243 2.23294 2.23367 2.23464 2.2359 2.23747 2.2394 2.24176 2.24459 2.24798 2.25199 2.25671 2.26221 2.26859 2.2759 2.28422 2.29363 2.30415 2.31584 2.32871 2.34277 2.35799 2.37434 2.39176 2.41016 2.42945 2.44951 2.4702 2.49137 2.51287 2.53453 2.55617 2.57763 2.59873 2.61932 2.63924 2.65834 2.67649 2.69357 2.70947 2.72409 2.73734 2.74917 2.75951 2.76831 2.77554 2.78116 2.78515 2.78749 2.78818 2.78721 2.78459 2.78031 2.7744 2.76688 2.75778 2.74714 2.73501 2.72146 2.70656 2.6904 2.67308 2.65473 2.63546 2.61543 2.59478 2.57368 2.55229 2.53078 2.50933 2.4881 2.46725 2.44695 2.42731 2.40848 2.39057 2.37365 2.35779 2.34306 2.32948 2.31706 2.30579 2.29565 2.28661 2.27861 2.27159 2.2655 2.26025 2.25578 2.25201 2.24887 2.24629 2.2442 2.24255 2.24127 2.24033 2.23969 2.2393 2.23915 
2.23251 2.23281 2.23335 2.23414 2.2352 2.23658 2.2383 2.24044 2.24303 2.24616 2.2499 2.25432 2.25952 2.26558 2.27258 2.2806 2.28972 2.3 2.31148 2.32421 2.3382 2.35344 2.36991 2.38756 2.40632 2.4261 2.44679 2.46824 2.49033 2.51287 2.53571 2.55865 2.58153 2.60416 2.62637 2.64798 2.66884 2.68881 2.70773 2.7255 2.74201 2.75716 2.77089 2.78311 2.79378 2.80285 2.8103 2.81608 2.82019 2.82261 2.82333 2.82234 2.81965 2.81527 2.8092 2.80146 2.79208 2.7811 2.76856 2.75452 2.73906 2.72225 2.7042 2.68503 2.66486 2.64384 2.62212 2.59988 2.57728 2.5545 2.53173 2.50915 2.48692 2.46522 2.44419 2.42398 2.40471 2.38648 2.36936 2.35342 2.3387 2.32521 2.31295 2.30189 2.29201 2.28326 2.27556 2.26887 2.26309 2.25815 2.25398 2.2505 2.24763 2.2453 2.24345 2.24201 2.24094 2.2402 2.23974 2.23955 
2.23291 2.23321 2.23378 2.23463 2.23579 2.23729 2.23919 2.24152 2.24437 2.24781 2.25191 2.25677 2.26246 2.26909 2.27674 2.28549 2.29542 2.30659 2.31905 2.33284 2.34795 2.36439 2.38211 2.40106 2.42117 2.44231 2.46437 2.48721 2.51065 2.53453 2.55865 2.58284 2.6069 2.63064 2.65388 2.67645 2.69818 2.71892 2.73855 2.75694 2.77399 2.78962 2.80374 2.8163 2.82725 2.83655 2.84418 2.8501 2.85431 2.85679 2.85753 2.85654 2.85381 2.84933 2.84313 2.83522 2.82562 2.81435 2.80146 2.787 2.77105 2.75366 2.73496 2.71504 2.69404 2.67211 2.64939 2.62606 2.60231 2.57831 2.55427 2.53037 2.50679 2.48372 2.46132 2.43975 2.41913 2.39958 2.3812 2.36404 2.34817 2.33359 2.32032 2.30834 2.2976 2.28807 2.27969 2.27237 2.26604 2.26063 2.25605 2.25221 2.24903 2.24645 2.24439 2.24278 2.24158 2.24073 2.2402 2.23996 
2.23332 2.23363 2.23424 2.23516 2.23641 2.23805 2.24011 2.24266 2.24578 2.24953 2.25401 2.2593 2.26551 2.27272 2.28104 2.29053 2.30129 2.31336 2.32681 2.34166 2.3579 2.37553 2.39451 2.41475 2.43618 2.45867 2.48208 2.50625 2.53101 2.55617 2.58153 2.6069 2.63207 2.65685 2.68105 2.70449 2.72701 2.74846 2.76871 2.78765 2.80517 2.82119 2.83564 2.84848 2.85966 2.86915 2.87692 2.88295 2.88724 2.88977 2.89054 2.88955 2.88678 2.88226 2.87596 2.86792 2.85814 2.84664 2.83347 2.81866 2.80228 2.78441 2.76512 2.74454 2.72279 2.70001 2.67637 2.65203 2.62719 2.60204 2.57678 2.5516 2.52672 2.50232 2.47858 2.45566 2.43371 2.41286 2.39321 2.37485 2.35782 2.34215 2.32786 2.31493 2.30334 2.29302 2.28393 2.27598 2.2691 2.26319 2.25818 2.25398 2.25049 2.24765 2.24537 2.24359 2.24225 2.24129 2.24069 2.2404 
2.23375 2.23407 2.23471 2.2357 2.23706 2.23883 2.24107 2.24385 2.24723 2.25131 2.25617 2.26192 2.26864 2.27645 2.28544 2.29568 2.30727 2.32026 2.33469 2.3506 2.36797 2.38679 2.40699 2.42851 2.45123 2.47503 2.49975 2.52522 2.55124 2.57763 2.60416 2.63064 2.65685 2.68259 2.70767 2.7319 2.75513 2.77721 2.798 2.8174 2.83531 2.85166 2.86638 2.87944 2.89079 2.90042 2.90829 2.91441 2.91876 2.92133 2.92213 2.92114 2.91837 2.9138 2.90745 2.89932 2.88941 2.87775 2.86436 2.84927 2.83254 2.81424 2.79446 2.7733 2.75087 2.72734 2.70285 2.67758 2.65173 2.62549 2.59907 2.57269 2.54655 2.52086 2.49582 2.47159 2.44834 2.42621 2.40532 2.38575 2.36757 2.35082 2.33551 2.32164 2.30918 2.29807 2.28826 2.27967 2.27222 2.26582 2.26038 2.2558 2.252 2.24889 2.24638 2.24442 2.24294 2.24187 2.24119 2.24086 
2.2342 2.23453 2.23521 2.23626 2.23773 2.23964 2.24206 2.24506 2.24872 2.25313 2.25838 2.26459 2.27184 2.28025 2.2899 2.3009 2.31332 2.32722 2.34263 2.35959 2.37807 2.39805 2.41947 2.44223 2.46621 2.49128 2.51726 2.54396 2.57119 2.59873 2.62637 2.65388 2.68105 2.70767 2.73354 2.75848 2.78233 2.80495 2.8262 2.84598 2.86421 2.88082 2.89575 2.90897 2.92045 2.93017 2.93812 2.94429 2.94868 2.95128 2.9521 2.95113 2.94836 2.94379 2.93741 2.92923 2.91925 2.90747 2.89392 2.87862 2.86162 2.84298 2.82278 2.80111 2.7781 2.75389 2.72864 2.70252 2.67573 2.64848 2.62098 2.59346 2.56613 2.53921 2.51291 2.48741 2.4629 2.43952 2.41741 2.39666 2.37735 2.35952 2.34321 2.3284 2.31507 2.30317 2.29264 2.28341 2.27539 2.26849 2.26261 2.25766 2.25353 2.25015 2.24742 2.24528 2.24364 2.24247 2.24171 2.24133 
2.23466 2.23499 2.23572 2.23684 2.23841 2.24046 2.24307 2.2463 2.25024 2.25498 2.26063 2.26728 2.27506 2.28407 2.2944 2.30615 2.31939 2.33418 2.35056 2.36855 2.38812 2.40924 2.43183 2.45579 2.48099 2.50727 2.53445 2.56233 2.5907 2.61932 2.64798 2.67645 2.70449 2.7319 2.75848 2.78405 2.80844 2.83151 2.85314 2.87323 2.89171 2.90851 2.92359 2.93691 2.94846 2.95823 2.96622 2.97242 2.97683 2.97946 2.9803 2.97935 2.9766 2.97204 2.96567 2.95748 2.94747 2.93563 2.92198 2.90653 2.88933 2.87042 2.84988 2.8278 2.80429 2.77949 2.75356 2.72668 2.69904 2.67085 2.64235 2.61376 2.5853 2.55721 2.52971 2.503 2.47727 2.45269 2.42939 2.40749 2.38707 2.3682 2.35089 2.33515 2.32096 2.30828 2.29705 2.28718 2.27859 2.27118 2.26487 2.25953 2.25509 2.25143 2.24848 2.24615 2.24437 2.24308 2.24224 2.24181 
2.23512 2.23547 2.23623 2.23743 2.2391 2.2413 2.24409 2.24755 2.25176 2.25684 2.26288 2.26999 2.27829 2.28788 2.29888 2.31136 2.32541 2.34108 2.35841 2.3774 2.39803 2.42025 2.44397 2.46908 2.49544 2.52288 2.55119 2.58018 2.60961 2.63924 2.66884 2.69818 2.72701 2.75513 2.78233 2.80844 2.83328 2.85673 2.87867 2.899 2.91765 2.93458 2.94974 2.96312 2.97471 2.98449 2.99249 2.99869 3.00311 3.00575 3.00661 3.00568 3.00297 2.99845 2.99211 2.98395 2.97394 2.96209 2.94839 2.93286 2.91553 2.89642 2.87562 2.8532 2.82927 2.80396 2.77744 2.74988 2.72147 2.69244 2.66301 2.63342 2.60392 2.57473 2.5461 2.51823 2.49134 2.4656 2.44116 2.41815 2.39666 2.37676 2.35848 2.34184 2.32681 2.31336 2.30142 2.29093 2.28177 2.27387 2.26712 2.26141 2.25665 2.25272 2.24954 2.24702 2.2451 2.2437 2.24278 2.2423 
2.23559 2.23594 2.23675 2.23802 2.2398 2.24214 2.24511 2.24879 2.25328 2.25869 2.26511 2.27267 2.28148 2.29166 2.3033 2.3165 2.33134 2.34786 2.3661 2.38606 2.4077 2.43098 2.45578 2.48199 2.50945 2.53797 2.56736 2.59737 2.62778 2.65834 2.68881 2.71892 2.74846 2.77721 2.80495 2.83151 2.85673 2.88048 2.90265 2.92315 2.94192 2.95892 2.97412 2.98751 2.99908 3.00885 3.01683 3.02301 3.02743 3.03007 3.03095 3.03005 3.02738 3.02291 3.01663 3.00853 2.99857 2.98675 2.97306 2.9575 2.94008 2.92085 2.89985 2.87717 2.85289 2.82717 2.80013 2.77197 2.74288 2.71308 2.68281 2.65231 2.62183 2.59162 2.56193 2.53298 2.50499 2.47814 2.45261 2.42854 2.40602 2.38513 2.36592 2.3484 2.33256 2.31836 2.30574 2.29462 2.28492 2.27654 2.26936 2.26328 2.25819 2.254 2.25059 2.24789 2.24582 2.24431 2.24331 2.24278 
2.23605 2.23642 2.23726 2.2386 2.24049 2.24297 2.24612 2.25002 2.25479 2.26051 2.26731 2.27531 2.28461 2.29535 2.30762 2.32152 2.33711 2.35445 2.37357 2.39445 2.41706 2.44133 2.46716 2.4944 2.52289 2.55243 2.58281 2.61378 2.64509 2.67649 2.70773 2.73855 2.76871 2.798 2.8262 2.85314 2.87867 2.90265 2.92498 2.94559 2.96442 2.98144 2.99664 3.00999 3.02153 3.03125 3.03918 3.04534 3.04973 3.05237 3.05326 3.0524 3.04978 3.04538 3.03918 3.03116 3.02128 3.00953 2.99588 2.98034 2.9629 2.94359 2.92247 2.89959 2.87505 2.84897 2.8215 2.79283 2.76314 2.73266 2.70162 2.67029 2.63892 2.60777 2.57709 2.54712 2.51809 2.49021 2.46365 2.43857 2.41507 2.39324 2.37313 2.35477 2.33815 2.32323 2.30995 2.29824 2.288 2.27914 2.27155 2.26511 2.25971 2.25526 2.25163 2.24876 2.24654 2.24492 2.24385 2.24327 
2.23651 2.23688 2.23777 2.23918 2.24116 2.24378 2.2471 2.25123 2.25625 2.26228 2.26945 2.27786 2.28765 2.29893 2.3118 2.32635 2.34267 2.36079 2.38073 2.40249 2.42601 2.45123 2.47801 2.50622 2.53566 2.56615 2.59743 2.62927 2.66141 2.69357 2.7255 2.75694 2.78765 2.8174 2.84598 2.87323 2.899 2.92315 2.94559 2.96626 2.98511 3.00211 3.01725 3.03055 3.04201 3.05167 3.05953 3.06564 3.07 3.07263 3.07354 3.07272 3.07016 3.06584 3.05973 3.0518 3.04203 3.03037 3.01681 3.00132 2.98391 2.96459 2.94338 2.92037 2.89562 2.86926 2.84144 2.81232 2.78211 2.75103 2.71932 2.68724 2.65506 2.62304 2.59145 2.56054 2.53056 2.50171 2.47419 2.44815 2.42373 2.40101 2.38006 2.3609 2.34353 2.32791 2.31401 2.30172 2.29098 2.28166 2.27367 2.26689 2.26119 2.25648 2.25265 2.2496 2.24725 2.24552 2.24437 2.24375 
2.23695 2.23734 2.23826 2.23974 2.24182 2.24457 2.24806 2.25239 2.25766 2.26399 2.2715 2.28031 2.29055 2.30234 2.31578 2.33096 2.34796 2.36681 2.38753 2.4101 2.43448 2.46057 2.48824 2.51733 2.54766 2.57901 2.61112 2.64375 2.67662 2.70947 2.74201 2.77399 2.80517 2.83531 2.86421 2.89171 2.91765 2.94192 2.96442 2.98511 3.00393 3.02087 3.03594 3.04915 3.06052 3.07009 3.07788 3.08393 3.08825 3.09087 3.09179 3.09101 3.08851 3.08427 3.07827 3.07046 3.06081 3.04927 3.03582 3.02042 3.00307 2.98376 2.96253 2.93943 2.91454 2.88797 2.85985 2.83036 2.7997 2.76809 2.73579 2.70304 2.67013 2.63733 2.60491 2.57315 2.54228 2.51254 2.48412 2.4572 2.43192 2.40837 2.38662 2.36671 2.34864 2.33238 2.31788 2.30505 2.29382 2.28408 2.27571 2.26859 2.26261 2.25766 2.25362 2.25041 2.24792 2.2461 2.24488 2.24421 
2.23737 2.23777 2.23873 2.24027 2.24244 2.24532 2.24897 2.25349 2.259 2.26561 2.27344 2.28263 2.2933 2.30556 2.31953 2.3353 2.35292 2.37245 2.39389 2.41722 2.44238 2.46927 2.49775 2.52766 2.55879 2.59091 2.62378 2.65711 2.69064 2.72409 2.75716 2.78962 2.82119 2.85166 2.88082 2.90851 2.93458 2.95892 2.98144 3.00211 3.02087 3.03774 3.05271 3.06581 3.07708 3.08655 3.09425 3.10023 3.10451 3.10711 3.10804 3.1073 3.10487 3.10072 3.09483 3.08715 3.07763 3.06623 3.0529 3.03762 3.02035 3.0011 2.97988 2.95673 2.93174 2.905 2.87665 2.84686 2.81582 2.78376 2.75093 2.71759 2.68403 2.65053 2.61737 2.58483 2.55316 2.5226 2.49337 2.46564 2.43956 2.41525 2.39277 2.37216 2.35344 2.33657 2.32152 2.30819 2.29651 2.28636 2.27763 2.2702 2.26396 2.25878 2.25455 2.25118 2.24857 2.24665 2.24536 2.24465 
2.23777 2.23818 2.23917 2.24077 2.24303 2.24602 2.24982 2.25452 2.26025 2.26712 2.27525 2.28479 2.29585 2.30855 2.32301 2.33931 2.35751 2.37766 2.39976 2.42378 2.44965 2.47726 2.50648 2.53711 2.56896 2.60178 2.63531 2.66927 2.70338 2.73734 2.77089 2.80374 2.83564 2.86638 2.89575 2.92359 2.94974 2.97412 2.99664 3.01725 3.03594 3.05271 3.06757 3.08056 3.09171 3.10107 3.10869 3.1146 3.11883 3.12141 3.12235 3.12165 3.11928 3.11523 3.10945 3.10189 3.09251 3.08125 3.06806 3.0529 3.03574 3.01657 2.99538 2.97223 2.94718 2.92032 2.89179 2.86174 2.83039 2.79794 2.76466 2.73081 2.69668 2.66256 2.62874 2.5955 2.56311 2.53182 2.50185 2.47339 2.4466 2.42158 2.39843 2.37719 2.35787 2.34045 2.32489 2.3111 2.299 2.28848 2.27942 2.2717 2.26521 2.25982 2.25542 2.2519 2.24918 2.24717 2.24581 2.24507 
2.23814 2.23856 2.23958 2.24123 2.24357 2.24667 2.2506 2.25547 2.2614 2.2685 2.27691 2.28676 2.29817 2.31128 2.32618 2.34296 2.36168 2.38239 2.40508 2.42971 2.45621 2.48447 2.51434 2.54562 2.5781 2.61153 2.64565 2.68015 2.71476 2.74917 2.78311 2.8163 2.84848 2.87944 2.90897 2.93691 2.96312 2.98751 3.00999 3.03055 3.04915 3.06581 3.08056 3.09342 3.10446 3.11372 3.12125 3.12709 3.13127 3.13384 3.13478 3.13411 3.13181 3.12784 3.12217 3.11474 3.1055 3.09438 3.08134 3.06631 3.04926 3.03017 3.00905 2.98591 2.96083 2.93388 2.90521 2.87496 2.84335 2.81058 2.77691 2.74262 2.708 2.67334 2.63894 2.60509 2.57206 2.54013 2.5095 2.48039 2.45295 2.42731 2.40356 2.38175 2.3619 2.34398 2.32795 2.31375 2.30127 2.29041 2.28105 2.27308 2.26636 2.26078 2.25621 2.25256 2.24974 2.24765 2.24624 2.24546 
2.23848 2.2389 2.23995 2.24165 2.24407 2.24725 2.25131 2.25633 2.26243 2.26974 2.27839 2.28852 2.30025 2.31371 2.32899 2.3462 2.36539 2.38658 2.40978 2.43495 2.46201 2.49083 2.52127 2.55311 2.58614 2.6201 2.65471 2.68968 2.72472 2.75951 2.79378 2.82725 2.85966 2.89079 2.92045 2.94846 2.97471 2.99908 3.02153 3.04201 3.06052 3.07708 3.09171 3.10446 3.11539 3.12455 3.13199 3.13776 3.14191 3.14445 3.1454 3.14476 3.14252 3.13863 3.13306 3.12575 3.11664 3.10566 3.09275 3.07785 3.06091 3.04192 3.02086 2.99775 2.97266 2.94566 2.91688 2.88648 2.85464 2.82161 2.78762 2.75296 2.71792 2.68279 2.64789 2.61352 2.57994 2.54744 2.51625 2.48657 2.45857 2.43238 2.40811 2.3858 2.36547 2.34711 2.33068 2.31611 2.30329 2.29213 2.28251 2.27431 2.26739 2.26164 2.25693 2.25316 2.25024 2.24808 2.24662 2.2458 
2.23877 2.2392 2.24028 2.24202 2.2445 2.24777 2.25192 2.25707 2.26333 2.27082 2.27969 2.29005 2.30206 2.31582 2.33144 2.34901 2.36858 2.3902 2.41384 2.43947 2.467 2.4963 2.52721 2.55953 2.59302 2.62743 2.66246 2.69782 2.7332 2.76831 2.80285 2.83655 2.86915 2.90042 2.93017 2.95823 2.98449 3.00885 3.03125 3.05167 3.07009 3.08655 3.10107 3.11372 3.12455 3.13361 3.14098 3.14669 3.1508 3.15332 3.15428 3.15367 3.15148 3.14766 3.14219 3.13498 3.12599 3.11513 3.10234 3.08756 3.07073 3.05183 3.03083 3.00776 2.98267 2.95564 2.92678 2.89625 2.86424 2.83099 2.79674 2.76177 2.72637 2.69087 2.65555 2.62073 2.58669 2.55372 2.52204 2.49187 2.4634 2.43675 2.41202 2.38929 2.36856 2.34982 2.33304 2.31815 2.30505 2.29363 2.28378 2.27538 2.26829 2.26239 2.25755 2.25369 2.25068 2.24846 2.24695 2.24611 
2.23902 2.23946 2.24056 2.24234 2.24486 2.2482 2.25245 2.2577 2.26409 2.27173 2.28077 2.29134 2.30357 2.31758 2.33347 2.35134 2.37124 2.3932 2.41721 2.44321 2.47113 2.50082 2.53212 2.56483 2.5987 2.63346 2.66883 2.70451 2.74018 2.77554 2.8103 2.84418 2.87692 2.90829 2.93812 2.96622 2.99249 3.01683 3.03918 3.05953 3.07788 3.09425 3.10869 3.12125 3.13199 3.14098 3.14828 3.15394 3.15801 3.16052 3.16148 3.1609 3.15875 3.155 3.1496 3.14248 3.13359 3.12283 3.11015 3.09547 3.07874 3.05991 3.03897 3.01594 2.99086 2.9638 2.93488 2.90425 2.87212 2.83869 2.80422 2.76901 2.73333 2.69751 2.66185 2.62667 2.59226 2.55889 2.52682 2.49626 2.4674 2.44037 2.41527 2.39219 2.37112 2.35208 2.33501 2.31986 2.30652 2.29489 2.28485 2.27628 2.26904 2.26302 2.25808 2.25413 2.25105 2.24878 2.24723 2.24637 
2.23923 2.23967 2.24078 2.24259 2.24516 2.24855 2.25287 2.25821 2.26469 2.27246 2.28163 2.29236 2.30476 2.31897 2.33508 2.35319 2.37334 2.39557 2.41985 2.44615 2.47436 2.50436 2.53596 2.56897 2.60312 2.63816 2.6738 2.70971 2.7456 2.78116 2.81608 2.8501 2.88295 2.91441 2.94429 2.97242 2.99869 3.02301 3.04534 3.06564 3.08393 3.10023 3.1146 3.12709 3.13776 3.14669 3.15394 3.15956 3.16361 3.16611 3.16708 3.16651 3.1644 3.16069 3.15535 3.14831 3.13949 3.12882 3.11622 3.10161 3.08495 3.06619 3.0453 3.02229 2.99722 2.97014 2.94117 2.91048 2.87823 2.84467 2.81005 2.77464 2.73874 2.70268 2.66677 2.63131 2.5966 2.56294 2.53056 2.4997 2.47053 2.4432 2.41783 2.39446 2.37314 2.35386 2.33657 2.3212 2.30768 2.29588 2.2857 2.27699 2.26965 2.26352 2.25851 2.25448 2.25136 2.24904 2.24747 2.24659 
2.23938 2.23983 2.24095 2.24279 2.24538 2.24882 2.25318 2.25858 2.26514 2.27299 2.28227 2.2931 2.30563 2.31998 2.33625 2.35452 2.37485 2.39726 2.42175 2.44825 2.47667 2.50688 2.5387 2.57191 2.60627 2.64151 2.67732 2.71341 2.74946 2.78515 2.82019 2.85431 2.88724 2.91876 2.94868 2.97683 3.00311 3.02743 3.04973 3.07 3.08825 3.10451 3.11883 3.13127 3.14191 3.1508 3.15801 3.16361 3.16764 3.17013 3.1711 3.17055 3.16846 3.16479 3.15949 3.15249 3.14373 3.13311 3.12056 3.10601 3.0894 3.07067 3.04981 3.02683 3.00175 2.97465 2.94565 2.9149 2.88258 2.84892 2.81418 2.77864 2.74259 2.70636 2.67026 2.6346 2.5997 2.56582 2.53323 2.50215 2.47277 2.44523 2.41966 2.3961 2.3746 2.35514 2.33769 2.32218 2.30852 2.29661 2.28632 2.27752 2.27009 2.2639 2.25882 2.25475 2.25158 2.24923 2.24764 2.24675 
2.23949 2.23994 2.24107 2.24291 2.24553 2.24899 2.25338 2.25882 2.26542 2.27332 2.28266 2.29356 2.30617 2.3206 2.33695 2.35532 2.37576 2.39828 2.42288 2.4495 2.47804 2.50837 2.54031 2.57364 2.60812 2.64347 2.67939 2.71558 2.75172 2.78749 2.82261 2.85679 2.88977 2.92133 2.95128 2.97946 3.00575 3.03007 3.05237 3.07263 3.09087 3.10711 3.12141 3.13384 3.14445 3.15332 3.16052 3.16611 3.17013 3.17262 3.1736 3.17305 3.17097 3.16732 3.16204 3.15507 3.14633 3.13573 3.12321 3.10869 3.09209 3.07338 3.05253 3.02954 3.00445 2.97734 2.94831 2.91752 2.88515 2.85143 2.81661 2.78099 2.74485 2.70851 2.6723 2.63654 2.60151 2.56751 2.5348 2.5036 2.47409 2.44644 2.42074 2.39708 2.37547 2.35591 2.33837 2.32278 2.30904 2.29705 2.2867 2.27785 2.27037 2.26413 2.25902 2.25492 2.25173 2.24936 2.24775 2.24685 
