6.27074 6.27093 6.27123 6.27164 6.27216 6.2728 6.27355 6.27441 6.27538 6.27647 6.27767 6.27898 6.2804 6.28194 6.28358 6.28532 6.28717 6.28913 6.29117 6.29332 6.29555 6.29786 6.30024 6.3027 6.30522 6.30778 6.31039 6.31303 6.3157 6.31837 6.32104 6.32369 6.32631 6.3289 6.33142 6.33388 6.33626 6.33855 6.34072 6.34278 6.3447 6.34648 6.3481 6.34956 6.35085 6.35196 6.35287 6.3536 6.35412 6.35445 6.35457 6.35449 6.35421 6.35372 6.35304 6.35217 6.35111 6.34987 6.34846 6.34689 6.34517 6.34331 6.34132 6.33921 6.337 6.3347 6.33232 6.32988 6.32739 6.32486 6.32231 6.31975 6.3172 6.31466 6.31214 6.30967 6.30724 6.30487 6.30256 6.30033 6.29819 6.29613 6.29416 6.2923 6.29053 6.28888 6.28734 6.2859 6.28458 6.28338 6.2823 6.28133 6.28047 6.27974 6.27912 6.27861 6.27823 6.27795 6.2778 6.27775 
6.27093 6.27111 6.27141 6.27182 6.27235 6.27299 6.27374 6.27461 6.27559 6.27668 6.27789 6.27921 6.28064 6.28218 6.28383 6.28559 6.28745 6.28941 6.29147 6.29363 6.29587 6.2982 6.3006 6.30307 6.3056 6.30819 6.31082 6.31347 6.31615 6.31884 6.32153 6.3242 6.32684 6.32944 6.33198 6.33446 6.33686 6.33915 6.34134 6.34341 6.34535 6.34714 6.34877 6.35024 6.35154 6.35265 6.35358 6.3543 6.35483 6.35516 6.35528 6.3552 6.35491 6.35443 6.35374 6.35286 6.35179 6.35055 6.34913 6.34755 6.34581 6.34394 6.34193 6.33981 6.33759 6.33527 6.33288 6.33042 6.32791 6.32537 6.3228 6.32023 6.31765 6.31509 6.31256 6.31007 6.30763 6.30524 6.30292 6.30067 6.29851 6.29644 6.29446 6.29258 6.29081 6.28914 6.28759 6.28615 6.28482 6.28361 6.28252 6.28154 6.28068 6.27994 6.27931 6.27881 6.27842 6.27814 6.27798 6.27794 
6.27123 6.27141 6.27171 6.27213 6.27266 6.27331 6.27408 6.27495 6.27595 6.27706 6.27828 6.27962 6.28108 6.28264 6.28432 6.2861 6.288 6.28999 6.29209 6.29428 6.29656 6.29892 6.30136 6.30388 6.30645 6.30908 6.31174 6.31445 6.31717 6.3199 6.32263 6.32534 6.32803 6.33067 6.33326 6.33577 6.3382 6.34054 6.34276 6.34487 6.34683 6.34865 6.35031 6.3518 6.35312 6.35425 6.35519 6.35593 6.35646 6.35679 6.35692 6.35683 6.35654 6.35604 6.35535 6.35445 6.35337 6.3521 6.35066 6.34905 6.34729 6.34538 6.34334 6.34119 6.33893 6.33657 6.33414 6.33164 6.32909 6.3265 6.32389 6.32128 6.31866 6.31606 6.31348 6.31095 6.30846 6.30603 6.30368 6.30139 6.29919 6.29708 6.29507 6.29316 6.29136 6.28966 6.28808 6.28661 6.28526 6.28403 6.28291 6.28192 6.28104 6.28028 6.27965 6.27913 6.27873 6.27845 6.27829 6.27824 
6.27164 6.27182 6.27213 6.27256 6.2731 6.27376 6.27454 6.27544 6.27646 6.2776 6.27886 6.28023 6.28172 6.28333 6.28505 6.28688 6.28882 6.29087 6.29302 6.29526 6.2976 6.30003 6.30253 6.30511 6.30775 6.31044 6.31318 6.31595 6.31875 6.32155 6.32435 6.32713 6.32988 6.33259 6.33524 6.33782 6.34031 6.3427 6.34498 6.34714 6.34915 6.35101 6.35271 6.35424 6.35559 6.35675 6.3577 6.35846 6.35901 6.35935 6.35947 6.35938 6.35908 6.35857 6.35786 6.35694 6.35582 6.35452 6.35304 6.3514 6.34959 6.34763 6.34554 6.34333 6.34101 6.33859 6.3361 6.33354 6.33092 6.32827 6.32559 6.3229 6.32022 6.31755 6.3149 6.3123 6.30975 6.30725 6.30483 6.30249 6.30023 6.29806 6.29599 6.29403 6.29217 6.29043 6.2888 6.28729 6.2859 6.28463 6.28348 6.28246 6.28155 6.28077 6.28012 6.27958 6.27917 6.27888 6.2787 6.27865 
6.27216 6.27235 6.27266 6.2731 6.27366 6.27434 6.27515 6.27608 6.27713 6.27831 6.27961 6.28103 6.28257 6.28423 6.28601 6.2879 6.28991 6.29203 6.29426 6.29658 6.29901 6.30152 6.30411 6.30677 6.30951 6.31229 6.31513 6.31799 6.32088 6.32378 6.32667 6.32955 6.33239 6.33519 6.33793 6.3406 6.34317 6.34564 6.348 6.35022 6.3523 6.35422 6.35598 6.35756 6.35895 6.36014 6.36113 6.36191 6.36247 6.36282 6.36294 6.36285 6.36254 6.36201 6.36127 6.36032 6.35916 6.35782 6.35629 6.35458 6.35271 6.35069 6.34853 6.34624 6.34384 6.34134 6.33876 6.33611 6.3334 6.33066 6.32788 6.3251 6.32232 6.31956 6.31682 6.31412 6.31148 6.3089 6.30639 6.30396 6.30161 6.29937 6.29722 6.29518 6.29326 6.29145 6.28976 6.28819 6.28674 6.28542 6.28423 6.28316 6.28222 6.28141 6.28072 6.28016 6.27973 6.27942 6.27924 6.27918 
6.2728 6.27299 6.27331 6.27376 6.27434 6.27505 6.27589 6.27686 6.27795 6.27918 6.28053 6.28201 6.28362 6.28535 6.28721 6.28919 6.29128 6.29349 6.29581 6.29824 6.30077 6.30338 6.30609 6.30887 6.31172 6.31462 6.31757 6.32056 6.32357 6.32659 6.3296 6.3326 6.33556 6.33848 6.34133 6.3441 6.34678 6.34935 6.3518 6.35412 6.35628 6.35828 6.3601 6.36174 6.36318 6.36442 6.36545 6.36626 6.36684 6.3672 6.36733 6.36723 6.3669 6.36635 6.36557 6.36458 6.36338 6.36198 6.36038 6.35861 6.35666 6.35455 6.3523 6.34991 6.34741 6.34481 6.34212 6.33935 6.33653 6.33367 6.33078 6.32788 6.32498 6.32209 6.31923 6.31642 6.31366 6.31096 6.30834 6.3058 6.30335 6.301 6.29876 6.29663 6.29461 6.29272 6.29095 6.2893 6.28779 6.2864 6.28515 6.28403 6.28304 6.28218 6.28146 6.28087 6.28041 6.28008 6.27989 6.27982 
6.27355 6.27374 6.27408 6.27454 6.27515 6.27589 6.27677 6.27778 6.27893 6.28021 6.28163 6.28319 6.28488 6.2867 6.28865 6.29072 6.29292 6.29525 6.29768 6.30023 6.30288 6.30563 6.30847 6.31139 6.31438 6.31743 6.32053 6.32366 6.32682 6.32998 6.33314 6.33628 6.33939 6.34244 6.34543 6.34833 6.35114 6.35383 6.35639 6.35881 6.36108 6.36317 6.36508 6.36679 6.3683 6.36959 6.37066 6.37151 6.37211 6.37249 6.37262 6.37251 6.37217 6.37158 6.37077 6.36973 6.36847 6.367 6.36533 6.36346 6.36142 6.35921 6.35685 6.35435 6.35172 6.34899 6.34617 6.34327 6.34031 6.3373 6.33427 6.33122 6.32817 6.32514 6.32214 6.31919 6.31628 6.31345 6.31069 6.30802 6.30544 6.30297 6.3006 6.29836 6.29623 6.29424 6.29237 6.29063 6.28903 6.28757 6.28625 6.28506 6.28401 6.2831 6.28234 6.28171 6.28122 6.28086 6.28065 6.28057 
6.27441 6.27461 6.27495 6.27544 6.27608 6.27686 6.27778 6.27885 6.28006 6.28141 6.28291 6.28455 6.28634 6.28826 6.29032 6.29251 6.29484 6.29729 6.29987 6.30256 6.30536 6.30826 6.31126 6.31434 6.31749 6.32071 6.32398 6.32728 6.33061 6.33395 6.33728 6.34059 6.34386 6.34708 6.35022 6.35328 6.35623 6.35907 6.36177 6.36431 6.36669 6.36889 6.37089 6.37269 6.37428 6.37564 6.37676 6.37764 6.37828 6.37867 6.37881 6.37869 6.37832 6.37771 6.37685 6.37575 6.37442 6.37287 6.3711 6.36914 6.36698 6.36466 6.36216 6.35953 6.35676 6.35388 6.3509 6.34784 6.34472 6.34155 6.33835 6.33513 6.33191 6.32871 6.32554 6.32242 6.31935 6.31635 6.31343 6.3106 6.30788 6.30526 6.30276 6.30038 6.29812 6.29601 6.29402 6.29218 6.29048 6.28893 6.28752 6.28625 6.28514 6.28417 6.28335 6.28267 6.28214 6.28176 6.28153 6.28144 
6.27538 6.27559 6.27595 6.27646 6.27713 6.27795 6.27893 6.28006 6.28134 6.28278 6.28437 6.28611 6.288 6.29004 6.29223 6.29455 6.29702 6.29963 6.30236 6.30521 6.30818 6.31126 6.31444 6.31771 6.32105 6.32446 6.32793 6.33143 6.33495 6.33849 6.34201 6.34552 6.34898 6.35238 6.35571 6.35894 6.36206 6.36506 6.36791 6.3706 6.37311 6.37543 6.37755 6.37945 6.38112 6.38255 6.38373 6.38466 6.38533 6.38574 6.38588 6.38575 6.38536 6.38471 6.3838 6.38263 6.38122 6.37958 6.37771 6.37563 6.37335 6.37088 6.36825 6.36545 6.36252 6.35947 6.35632 6.35308 6.34977 6.34641 6.34301 6.3396 6.33619 6.33279 6.32943 6.32611 6.32285 6.31967 6.31657 6.31356 6.31066 6.30788 6.30521 6.30268 6.30028 6.29802 6.29591 6.29394 6.29213 6.29047 6.28896 6.28761 6.28641 6.28537 6.28449 6.28377 6.2832 6.28278 6.28252 6.28242 
6.27647 6.27668 6.27706 6.2776 6.27831 6.27918 6.28021 6.28141 6.28278 6.28431 6.286 6.28785 6.28987 6.29204 6.29437 6.29685 6.29948 6.30225 6.30516 6.3082 6.31136 6.31464 6.31802 6.3215 6.32506 6.32868 6.33237 6.33609 6.33984 6.34359 6.34734 6.35105 6.35473 6.35834 6.36187 6.3653 6.36861 6.37179 6.37481 6.37766 6.38032 6.38278 6.38502 6.38703 6.3888 6.39031 6.39156 6.39255 6.39325 6.39368 6.39382 6.39369 6.39327 6.39257 6.3916 6.39036 6.38886 6.38712 6.38513 6.38292 6.3805 6.37788 6.37508 6.37211 6.369 6.36576 6.3624 6.35896 6.35544 6.35186 6.34825 6.34462 6.34099 6.33738 6.3338 6.33026 6.32679 6.3234 6.32009 6.31689 6.31379 6.31082 6.30797 6.30527 6.3027 6.30029 6.29802 6.29592 6.29397 6.29219 6.29058 6.28912 6.28784 6.28672 6.28577 6.28499 6.28437 6.28392 6.28363 6.28351 
6.27767 6.27789 6.27828 6.27886 6.27961 6.28053 6.28163 6.28291 6.28437 6.286 6.28781 6.28978 6.29193 6.29425 6.29674 6.29939 6.3022 6.30516 6.30827 6.31151 6.31489 6.31839 6.322 6.3257 6.3295 6.33337 6.33729 6.34126 6.34525 6.34925 6.35324 6.3572 6.36111 6.36495 6.36871 6.37235 6.37587 6.37925 6.38246 6.38549 6.38831 6.39092 6.3933 6.39543 6.39731 6.39891 6.40024 6.40128 6.40203 6.40248 6.40263 6.40248 6.40203 6.40128 6.40025 6.39893 6.39733 6.39547 6.39336 6.391 6.38842 6.38563 6.38265 6.37949 6.37618 6.37272 6.36915 6.36548 6.36173 6.35792 6.35407 6.3502 6.34632 6.34247 6.33864 6.33487 6.33116 6.32753 6.324 6.32057 6.31726 6.31408 6.31103 6.30813 6.30538 6.30279 6.30037 6.29811 6.29602 6.2941 6.29236 6.2908 6.28942 6.28821 6.28718 6.28633 6.28566 6.28517 6.28486 6.28472 
6.27898 6.27921 6.27962 6.28023 6.28103 6.28201 6.28319 6.28455 6.28611 6.28785 6.28978 6.2919 6.2942 6.29668 6.29935 6.30218 6.30518 6.30835 6.31167 6.31515 6.31876 6.3225 6.32636 6.33032 6.33437 6.3385 6.34269 6.34693 6.35119 6.35545 6.35971 6.36393 6.3681 6.3722 6.3762 6.38008 6.38383 6.38742 6.39084 6.39406 6.39707 6.39984 6.40237 6.40464 6.40663 6.40833 6.40974 6.41084 6.41163 6.41211 6.41226 6.4121 6.41162 6.41082 6.40971 6.4083 6.4066 6.40462 6.40236 6.39985 6.3971 6.39413 6.39095 6.38758 6.38404 6.38036 6.37654 6.37262 6.36862 6.36455 6.36044 6.3563 6.35217 6.34804 6.34395 6.33992 6.33595 6.33207 6.32828 6.32461 6.32106 6.31765 6.31438 6.31127 6.30832 6.30554 6.30293 6.3005 6.29826 6.2962 6.29432 6.29264 6.29114 6.28984 6.28873 6.28781 6.28708 6.28654 6.2862 6.28604 
6.2804 6.28064 6.28108 6.28172 6.28257 6.28362 6.28488 6.28634 6.288 6.28987 6.29193 6.2942 6.29667 6.29933 6.30218 6.30521 6.30843 6.31182 6.31538 6.3191 6.32296 6.32697 6.33109 6.33533 6.33967 6.34408 6.34856 6.35309 6.35764 6.3622 6.36674 6.37125 6.37569 6.38006 6.38433 6.38847 6.39247 6.3963 6.39994 6.40337 6.40657 6.40952 6.41221 6.41462 6.41674 6.41855 6.42005 6.42122 6.42205 6.42255 6.42272 6.42254 6.42202 6.42116 6.41998 6.41848 6.41666 6.41454 6.41214 6.40946 6.40652 6.40334 6.39995 6.39635 6.39258 6.38864 6.38457 6.38038 6.3761 6.37176 6.36736 6.36294 6.35851 6.3541 6.34972 6.3454 6.34115 6.33699 6.33294 6.329 6.3252 6.32154 6.31803 6.31469 6.31152 6.30853 6.30572 6.30311 6.30069 6.29847 6.29645 6.29463 6.29302 6.29161 6.29041 6.28941 6.28861 6.28803 6.28765 6.28747 
6.28194 6.28218 6.28264 6.28333 6.28423 6.28535 6.2867 6.28826 6.29004 6.29204 6.29425 6.29668 6.29933 6.30218 6.30523 6.30849 6.31193 6.31557 6.31938 6.32336 6.3275 6.33179 6.33621 6.34074 6.34538 6.3501 6.35489 6.35973 6.36459 6.36946 6.37431 6.37912 6.38387 6.38853 6.39309 6.3975 6.40177 6.40585 6.40972 6.41338 6.41679 6.41993 6.4228 6.42536 6.42762 6.42954 6.43113 6.43237 6.43326 6.43379 6.43396 6.43376 6.43321 6.43229 6.43103 6.42942 6.42748 6.42522 6.42265 6.41979 6.41665 6.41326 6.40964 6.4058 6.40176 6.39756 6.39321 6.38874 6.38416 6.37951 6.37481 6.37008 6.36535 6.36063 6.35594 6.35131 6.34676 6.3423 6.33796 6.33373 6.32965 6.32572 6.32196 6.31837 6.31496 6.31175 6.30873 6.30592 6.30331 6.30092 6.29874 6.29678 6.29504 6.29351 6.29221 6.29113 6.29027 6.28963 6.28921 6.28901 
6.28358 6.28383 6.28432 6.28505 6.28601 6.28721 6.28865 6.29032 6.29223 6.29437 6.29674 6.29935 6.30218 6.30523 6.30851 6.31199 6.31569 6.31958 6.32367 6.32793 6.33236 6.33695 6.34168 6.34653 6.35149 6.35654 6.36166 6.36683 6.37203 6.37723 6.38241 6.38755 6.39262 6.39759 6.40245 6.40716 6.4117 6.41605 6.42018 6.42408 6.42771 6.43106 6.43411 6.43684 6.43923 6.44128 6.44297 6.44429 6.44523 6.44579 6.44596 6.44575 6.44515 6.44417 6.44282 6.4411 6.43903 6.43662 6.43387 6.43082 6.42747 6.42386 6.41999 6.41589 6.41158 6.40709 6.40244 6.39766 6.39278 6.38781 6.38278 6.37773 6.37266 6.36761 6.36259 6.35764 6.35276 6.34799 6.34333 6.3388 6.33442 6.33021 6.32617 6.32231 6.31865 6.3152 6.31195 6.30892 6.30612 6.30354 6.3012 6.29908 6.2972 6.29555 6.29415 6.29297 6.29204 6.29134 6.29088 6.29066 
6.28532 6.28559 6.2861 6.28688 6.2879 6.28919 6.29072 6.29251 6.29455 6.29685 6.29939 6.30218 6.30521 6.30849 6.31199 6.31573 6.31969 6.32386 6.32823 6.33279 6.33754 6.34244 6.3475 6.35269 6.358 6.36339 6.36887 6.37439 6.37994 6.38549 6.39102 6.3965 6.40191 6.40721 6.41239 6.41741 6.42225 6.42688 6.43128 6.43543 6.43929 6.44286 6.4461 6.449 6.45155 6.45373 6.45552 6.45692 6.45792 6.45851 6.45869 6.45846 6.45782 6.45677 6.45533 6.4535 6.45128 6.44871 6.44578 6.44253 6.43896 6.4351 6.43097 6.4266 6.422 6.41721 6.41225 6.40715 6.40193 6.39662 6.39125 6.38585 6.38043 6.37503 6.36967 6.36436 6.35915 6.35403 6.34904 6.34419 6.3395 6.33498 6.33064 6.3265 6.32258 6.31886 6.31538 6.31213 6.30911 6.30634 6.30381 6.30153 6.2995 6.29773 6.29621 6.29494 6.29393 6.29317 6.29267 6.29242 
6.28717 6.28745 6.288 6.28882 6.28991 6.29128 6.29292 6.29484 6.29702 6.29948 6.3022 6.30518 6.30843 6.31193 6.31569 6.31969 6.32392 6.32838 6.33306 6.33794 6.34301 6.34826 6.35366 6.35921 6.36487 6.37064 6.37648 6.38237 6.38829 6.39422 6.40011 6.40595 6.41172 6.41737 6.42288 6.42823 6.43338 6.43831 6.443 6.4474 6.45152 6.45531 6.45875 6.46184 6.46454 6.46686 6.46876 6.47024 6.4713 6.47192 6.47211 6.47186 6.47117 6.47006 6.46852 6.46656 6.46421 6.46146 6.45835 6.45488 6.45107 6.44696 6.44256 6.4379 6.433 6.42789 6.4226 6.41716 6.41159 6.40593 6.4002 6.39443 6.38864 6.38287 6.37714 6.37147 6.36589 6.36042 6.35508 6.34989 6.34487 6.34002 6.33538 6.33094 6.32673 6.32275 6.31901 6.31551 6.31227 6.30929 6.30658 6.30412 6.30194 6.30003 6.29839 6.29702 6.29592 6.2951 6.29455 6.29428 
6.28913 6.28941 6.28999 6.29087 6.29203 6.29349 6.29525 6.29729 6.29963 6.30225 6.30516 6.30835 6.31182 6.31557 6.31958 6.32386 6.32838 6.33315 6.33815 6.34336 6.34878 6.35438 6.36015 6.36607 6.37211 6.37826 6.38449 6.39077 6.39708 6.40339 6.40967 6.41589 6.42202 6.42803 6.4339 6.43959 6.44507 6.45031 6.45529 6.45997 6.46434 6.46836 6.47202 6.4753 6.47817 6.48062 6.48264 6.48421 6.48533 6.48599 6.48618 6.48591 6.48518 6.48399 6.48235 6.48027 6.47776 6.47484 6.47152 6.46783 6.46378 6.4594 6.45472 6.44976 6.44454 6.4391 6.43347 6.42767 6.42174 6.4157 6.40959 6.40344 6.39727 6.39111 6.385 6.37895 6.37299 6.36714 6.36144 6.35589 6.35051 6.34534 6.34036 6.33562 6.3311 6.32684 6.32283 6.31908 6.31561 6.31241 6.30949 6.30686 6.30451 6.30245 6.30068 6.29921 6.29803 6.29714 6.29654 6.29624 
6.29117 6.29147 6.29209 6.29302 6.29426 6.29581 6.29768 6.29987 6.30236 6.30516 6.30827 6.31167 6.31538 6.31938 6.32367 6.32823 6.33306 6.33815 6.34348 6.34904 6.35482 6.36079 6.36694 6.37324 6.37968 6.38623 6.39286 6.39955 6.40626 6.41297 6.41965 6.42627 6.43279 6.43918 6.44541 6.45145 6.45727 6.46283 6.46812 6.47309 6.47772 6.48199 6.48587 6.48934 6.49239 6.49498 6.49712 6.49878 6.49997 6.50066 6.50086 6.50057 6.49979 6.49852 6.49678 6.49457 6.4919 6.4888 6.48527 6.48135 6.47705 6.4724 6.46742 6.46214 6.4566 6.45081 6.44482 6.43865 6.43234 6.42592 6.41942 6.41286 6.40629 6.39973 6.39322 6.38677 6.38041 6.37418 6.36809 6.36217 6.35643 6.3509 6.34559 6.34051 6.33569 6.33113 6.32684 6.32283 6.3191 6.31568 6.31255 6.30972 6.3072 6.30499 6.3031 6.30151 6.30024 6.29928 6.29863 6.2983 
6.29332 6.29363 6.29428 6.29526 6.29658 6.29824 6.30023 6.30256 6.30521 6.3082 6.31151 6.31515 6.3191 6.32336 6.32793 6.33279 6.33794 6.34336 6.34904 6.35496 6.36111 6.36747 6.37402 6.38072 6.38757 6.39454 6.40158 6.40869 6.41582 6.42295 6.43004 6.43707 6.44399 6.45077 6.45738 6.46378 6.46995 6.47585 6.48145 6.48671 6.49162 6.49614 6.50025 6.50393 6.50715 6.50989 6.51215 6.51391 6.51516 6.51589 6.5161 6.51579 6.51496 6.51361 6.51176 6.50941 6.50658 6.50329 6.49955 6.49539 6.49083 6.48589 6.48061 6.47501 6.46912 6.46298 6.45662 6.45007 6.44337 6.43655 6.42963 6.42267 6.41568 6.40871 6.40177 6.39491 6.38814 6.38151 6.37502 6.36871 6.36259 6.3567 6.35103 6.34562 6.34047 6.3356 6.33101 6.32673 6.32275 6.31909 6.31574 6.31272 6.31002 6.30765 6.30562 6.30391 6.30255 6.30151 6.30082 6.30046 
6.29555 6.29587 6.29656 6.2976 6.29901 6.30077 6.30288 6.30536 6.30818 6.31136 6.31489 6.31876 6.32296 6.3275 6.33236 6.33754 6.34301 6.34878 6.35482 6.36111 6.36765 6.37441 6.38136 6.38848 6.39575 6.40315 6.41063 6.41816 6.42573 6.43329 6.44081 6.44825 6.45558 6.46276 6.46976 6.47654 6.48307 6.48931 6.49523 6.5008 6.50599 6.51077 6.51512 6.519 6.5224 6.5253 6.52769 6.52954 6.53086 6.53163 6.53185 6.53151 6.53063 6.5292 6.52724 6.52475 6.52176 6.51827 6.51431 6.5099 6.50507 6.49984 6.49425 6.48832 6.48208 6.47558 6.46884 6.46189 6.45478 6.44755 6.44021 6.43282 6.42541 6.418 6.41064 6.40335 6.39616 6.38911 6.38221 6.3755 6.36899 6.36271 6.35668 6.35092 6.34543 6.34024 6.33536 6.33079 6.32654 6.32263 6.31906 6.31583 6.31294 6.31041 6.30824 6.30641 6.30495 6.30384 6.30309 6.3027 
6.29786 6.2982 6.29892 6.30003 6.30152 6.30338 6.30563 6.30826 6.31126 6.31464 6.31839 6.3225 6.32697 6.33179 6.33695 6.34244 6.34826 6.35438 6.36079 6.36747 6.37441 6.38157 6.38894 6.3965 6.4042 6.41203 6.41996 6.42794 6.43595 6.44395 6.4519 6.45977 6.46753 6.47512 6.48252 6.48968 6.49658 6.50318 6.50943 6.51531 6.52079 6.52583 6.53041 6.53451 6.5381 6.54115 6.54367 6.54562 6.54701 6.54782 6.54804 6.54769 6.54675 6.54524 6.54316 6.54053 6.53737 6.53368 6.5295 6.52484 6.51974 6.51421 6.5083 6.50202 6.49543 6.48855 6.48142 6.47407 6.46655 6.45889 6.45112 6.44329 6.43544 6.42759 6.41979 6.41206 6.40443 6.39695 6.38963 6.38251 6.3756 6.36893 6.36252 6.3564 6.35056 6.34504 6.33985 6.33498 6.33046 6.3263 6.32249 6.31905 6.31598 6.31328 6.31095 6.309 6.30744 6.30625 6.30544 6.30502 
6.30024 6.3006 6.30136 6.30253 6.30411 6.30609 6.30847 6.31126 6.31444 6.31802 6.322 6.32636 6.33109 6.33621 6.34168 6.3475 6.35366 6.36015 6.36694 6.37402 6.38136 6.38894 6.39674 6.40474 6.41289 6.42117 6.42954 6.43798 6.44644 6.45489 6.46329 6.4716 6.47979 6.4878 6.49561 6.50316 6.51044 6.51739 6.52398 6.53018 6.53595 6.54126 6.54608 6.5504 6.55417 6.55739 6.56004 6.56209 6.56355 6.5644 6.56463 6.56425 6.56326 6.56167 6.55948 6.5567 6.55336 6.54948 6.54506 6.54015 6.53476 6.52894 6.52269 6.51608 6.50912 6.50185 6.49432 6.48657 6.47862 6.47052 6.46232 6.45405 6.44574 6.43744 6.42919 6.42101 6.41294 6.40502 6.39727 6.38972 6.3824 6.37533 6.36854 6.36204 6.35585 6.34999 6.34447 6.33931 6.33451 6.33008 6.32603 6.32237 6.3191 6.31623 6.31375 6.31168 6.31001 6.30874 6.30788 6.30742 
6.3027 6.30307 6.30388 6.30511 6.30677 6.30887 6.31139 6.31434 6.31771 6.3215 6.3257 6.33032 6.33533 6.34074 6.34653 6.35269 6.35921 6.36607 6.37324 6.38072 6.38848 6.3965 6.40474 6.41317 6.42178 6.43052 6.43936 6.44825 6.45718 6.46609 6.47494 6.4837 6.49232 6.50075 6.50897 6.51693 6.52459 6.5319 6.53883 6.54535 6.55142 6.557 6.56208 6.56661 6.57058 6.57396 6.57673 6.57889 6.58042 6.58131 6.58155 6.58115 6.5801 6.57842 6.57612 6.5732 6.56968 6.56559 6.56094 6.55577 6.5501 6.54396 6.53739 6.53042 6.52309 6.51544 6.50751 6.49933 6.49095 6.48242 6.47377 6.46504 6.45628 6.44752 6.4388 6.43016 6.42164 6.41327 6.40508 6.3971 6.38936 6.38188 6.3747 6.36782 6.36127 6.35506 6.34921 6.34374 6.33865 6.33396 6.32967 6.32578 6.32231 6.31926 6.31663 6.31443 6.31265 6.3113 6.31038 6.30989 
6.30522 6.3056 6.30645 6.30775 6.30951 6.31172 6.31438 6.31749 6.32105 6.32506 6.3295 6.33437 6.33967 6.34538 6.35149 6.358 6.36487 6.37211 6.37968 6.38757 6.39575 6.4042 6.41289 6.42178 6.43084 6.44005 6.44935 6.45872 6.46811 6.47748 6.4868 6.496 6.50506 6.51394 6.52257 6.53093 6.53897 6.54665 6.55393 6.56077 6.56714 6.573 6.57832 6.58308 6.58724 6.59078 6.59369 6.59595 6.59755 6.59848 6.59873 6.5983 6.59721 6.59544 6.59302 6.58995 6.58626 6.58196 6.57708 6.57165 6.56569 6.55924 6.55234 6.54501 6.53731 6.52926 6.52092 6.51232 6.50351 6.49453 6.48542 6.47623 6.46701 6.45778 6.4486 6.4395 6.43052 6.42169 6.41305 6.40463 6.39646 6.38857 6.38098 6.37372 6.3668 6.36024 6.35406 6.34827 6.34289 6.33793 6.33338 6.32927 6.3256 6.32236 6.31958 6.31724 6.31535 6.31392 6.31294 6.31241 
6.30778 6.30819 6.30908 6.31044 6.31229 6.31462 6.31743 6.32071 6.32446 6.32868 6.33337 6.3385 6.34408 6.3501 6.35654 6.36339 6.37064 6.37826 6.38623 6.39454 6.40315 6.41203 6.42117 6.43052 6.44005 6.44972 6.4595 6.46934 6.4792 6.48904 6.49881 6.50848 6.51798 6.52729 6.53635 6.54511 6.55354 6.56159 6.56921 6.57638 6.58305 6.58919 6.59476 6.59973 6.60409 6.6078 6.61084 6.61321 6.61488 6.61585 6.61611 6.61566 6.6145 6.61265 6.61011 6.6069 6.60302 6.59852 6.5934 6.58771 6.58146 6.5747 6.56746 6.55978 6.5517 6.54326 6.5345 6.52548 6.51623 6.5068 6.49723 6.48758 6.47789 6.46819 6.45854 6.44897 6.43952 6.43024 6.42114 6.41228 6.40368 6.39537 6.38738 6.37972 6.37242 6.36551 6.35899 6.35289 6.34721 6.34197 6.33717 6.33283 6.32894 6.32553 6.32258 6.32011 6.31811 6.31659 6.31555 6.31499 
6.31039 6.31082 6.31174 6.31318 6.31513 6.31757 6.32053 6.32398 6.32793 6.33237 6.33729 6.34269 6.34856 6.35489 6.36166 6.36887 6.37648 6.38449 6.39286 6.40158 6.41063 6.41996 6.42954 6.43936 6.44935 6.4595 6.46975 6.48006 6.4904 6.50071 6.51095 6.52107 6.53102 6.54076 6.55024 6.55941 6.56823 6.57664 6.58462 6.59211 6.59908 6.6055 6.61132 6.61652 6.62107 6.62494 6.62812 6.63059 6.63233 6.63334 6.63361 6.63314 6.63193 6.62999 6.62733 6.62397 6.61992 6.6152 6.60985 6.6039 6.59736 6.59029 6.58271 6.57467 6.56621 6.55737 6.54821 6.53875 6.52906 6.51918 6.50916 6.49904 6.48888 6.47871 6.46858 6.45854 6.44863 6.43888 6.42933 6.42002 6.41099 6.40225 6.39385 6.3858 6.37812 6.37085 6.36399 6.35756 6.35158 6.34606 6.34101 6.33643 6.33234 6.32874 6.32563 6.32302 6.32091 6.31931 6.31821 6.31761 
6.31303 6.31347 6.31445 6.31595 6.31799 6.32056 6.32366 6.32728 6.33143 6.33609 6.34126 6.34693 6.35309 6.35973 6.36683 6.37439 6.38237 6.39077 6.39955 6.40869 6.41816 6.42794 6.43798 6.44825 6.45872 6.46934 6.48006 6.49086 6.50166 6.51244 6.52315 6.53372 6.54412 6.5543 6.5642 6.57377 6.58297 6.59176 6.60008 6.6079 6.61517 6.62186 6.62793 6.63336 6.6381 6.64214 6.64545 6.64802 6.64983 6.65088 6.65116 6.65067 6.6494 6.64738 6.6446 6.64109 6.63686 6.63195 6.62636 6.62014 6.61332 6.60593 6.59802 6.58962 6.58078 6.57155 6.56197 6.55209 6.54196 6.53163 6.52115 6.51057 6.49993 6.48929 6.47869 6.46817 6.45779 6.44758 6.43757 6.42782 6.41835 6.40919 6.40037 6.39192 6.38387 6.37623 6.36903 6.36228 6.356 6.3502 6.34489 6.34008 6.33577 6.33198 6.32871 6.32597 6.32375 6.32205 6.32089 6.32027 
6.3157 6.31615 6.31717 6.31875 6.32088 6.32357 6.32682 6.33061 6.33495 6.33984 6.34525 6.35119 6.35764 6.36459 6.37203 6.37994 6.38829 6.39708 6.40626 6.41582 6.42573 6.43595 6.44644 6.45718 6.46811 6.4792 6.4904 6.50166 6.51295 6.52419 6.53536 6.54639 6.55723 6.56784 6.57815 6.58813 6.59772 6.60687 6.61554 6.62368 6.63125 6.63822 6.64453 6.65018 6.65511 6.65931 6.66276 6.66543 6.66731 6.6684 6.66869 6.66817 6.66685 6.66474 6.66185 6.65819 6.65379 6.64867 6.64285 6.63637 6.62926 6.62157 6.61332 6.60457 6.59536 6.58573 6.57574 6.56544 6.55487 6.54409 6.53315 6.52211 6.511 6.49989 6.48881 6.47783 6.46698 6.4563 6.44584 6.43564 6.42573 6.41614 6.40692 6.39807 6.38964 6.38164 6.3741 6.36703 6.36044 6.35436 6.34879 6.34374 6.33923 6.33525 6.33182 6.32893 6.3266 6.32482 6.3236 6.32294 
6.31837 6.31884 6.3199 6.32155 6.32378 6.32659 6.32998 6.33395 6.33849 6.34359 6.34925 6.35545 6.3622 6.36946 6.37723 6.38549 6.39422 6.40339 6.41297 6.42295 6.43329 6.44395 6.45489 6.46609 6.47748 6.48904 6.50071 6.51244 6.52419 6.53591 6.54753 6.55901 6.57029 6.58132 6.59205 6.60243 6.6124 6.62191 6.63092 6.63938 6.64725 6.65448 6.66105 6.6669 6.67203 6.67639 6.67997 6.68274 6.6847 6.68582 6.68612 6.68558 6.68421 6.68201 6.67901 6.67521 6.67063 6.6653 6.65926 6.65252 6.64513 6.63713 6.62855 6.61945 6.60987 6.59985 6.58946 6.57873 6.56773 6.55651 6.54512 6.53361 6.52204 6.51046 6.49891 6.48746 6.47614 6.46501 6.45409 6.44345 6.4331 6.42309 6.41346 6.40422 6.39541 6.38705 6.37917 6.37177 6.36489 6.35852 6.3527 6.34742 6.34269 6.33853 6.33493 6.33191 6.32946 6.3276 6.32632 6.32562 
6.32104 6.32153 6.32263 6.32435 6.32667 6.3296 6.33314 6.33728 6.34201 6.34734 6.35324 6.35971 6.36674 6.37431 6.38241 6.39102 6.40011 6.40967 6.41965 6.43004 6.44081 6.4519 6.46329 6.47494 6.4868 6.49881 6.51095 6.52315 6.53536 6.54753 6.5596 6.57152 6.58324 6.5947 6.60583 6.6166 6.62695 6.63682 6.64616 6.65493 6.66309 6.67059 6.67739 6.68347 6.68878 6.6933 6.697 6.69987 6.7019 6.70307 6.70337 6.70281 6.70139 6.69911 6.69599 6.69205 6.6873 6.68178 6.6755 6.66851 6.66085 6.65254 6.64364 6.63419 6.62425 6.61385 6.60305 6.59191 6.58048 6.56882 6.55698 6.54502 6.53299 6.52095 6.50894 6.49703 6.48525 6.47366 6.4623 6.45121 6.44043 6.43001 6.41997 6.41034 6.40115 6.39244 6.38421 6.3765 6.36932 6.36268 6.35659 6.35108 6.34614 6.34179 6.33804 6.33488 6.33232 6.33037 6.32903 6.3283 
6.32369 6.3242 6.32534 6.32713 6.32955 6.3326 6.33628 6.34059 6.34552 6.35105 6.3572 6.36393 6.37125 6.37912 6.38755 6.3965 6.40595 6.41589 6.42627 6.43707 6.44825 6.45977 6.4716 6.4837 6.496 6.50848 6.52107 6.53372 6.54639 6.55901 6.57152 6.58388 6.59603 6.60789 6.61943 6.63058 6.6413 6.65151 6.66119 6.67027 6.67871 6.68647 6.69351 6.69979 6.70528 6.70996 6.71379 6.71676 6.71885 6.72006 6.72037 6.71979 6.71831 6.71596 6.71273 6.70864 6.70373 6.69801 6.69152 6.68428 6.67634 6.66774 6.65852 6.64874 6.63843 6.62766 6.61647 6.60492 6.59308 6.58098 6.56871 6.5563 6.54381 6.53132 6.51885 6.50648 6.49425 6.48221 6.47041 6.45889 6.44769 6.43685 6.42641 6.4164 6.40684 6.39778 6.38922 6.38119 6.37371 6.36679 6.36046 6.35471 6.34957 6.34504 6.34112 6.33783 6.33516 6.33313 6.33173 6.33096 
6.32631 6.32684 6.32803 6.32988 6.33239 6.33556 6.33939 6.34386 6.34898 6.35473 6.36111 6.3681 6.37569 6.38387 6.39262 6.40191 6.41172 6.42202 6.43279 6.44399 6.45558 6.46753 6.47979 6.49232 6.50506 6.51798 6.53102 6.54412 6.55723 6.57029 6.58324 6.59603 6.60858 6.62085 6.63278 6.64431 6.65538 6.66594 6.67593 6.68532 6.69403 6.70205 6.70932 6.7158 6.72147 6.7263 6.73025 6.73332 6.73548 6.73672 6.73704 6.73644 6.73491 6.73248 6.72914 6.72492 6.71985 6.71394 6.70723 6.69975 6.69155 6.68266 6.67313 6.66301 6.65236 6.64122 6.62965 6.6177 6.60545 6.59293 6.58022 6.56738 6.55446 6.54151 6.5286 6.51579 6.50311 6.49064 6.4784 6.46645 6.45484 6.4436 6.43276 6.42237 6.41245 6.40304 6.39415 6.38581 6.37804 6.37086 6.36427 6.3583 6.35296 6.34824 6.34417 6.34075 6.33797 6.33586 6.3344 6.3336 
6.3289 6.32944 6.33067 6.33259 6.33519 6.33848 6.34244 6.34708 6.35238 6.35834 6.36495 6.3722 6.38006 6.38853 6.39759 6.40721 6.41737 6.42803 6.43918 6.45077 6.46276 6.47512 6.4878 6.50075 6.51394 6.52729 6.54076 6.5543 6.56784 6.58132 6.5947 6.60789 6.62085 6.63352 6.64583 6.65772 6.66914 6.68003 6.69033 6.7 6.70899 6.71725 6.72474 6.73143 6.73727 6.74224 6.74631 6.74947 6.75169 6.75297 6.7533 6.75268 6.75111 6.74859 6.74515 6.74081 6.73557 6.72948 6.72256 6.71485 6.70639 6.69722 6.68739 6.67696 6.66596 6.65446 6.64252 6.63019 6.61753 6.60461 6.59149 6.57822 6.56486 6.55149 6.53814 6.52489 6.51179 6.49888 6.48622 6.47386 6.46184 6.4502 6.43899 6.42823 6.41795 6.4082 6.39899 6.39035 6.3823 6.37485 6.36802 6.36183 6.35628 6.3514 6.34717 6.34362 6.34074 6.33854 6.33702 6.33619 
6.33142 6.33198 6.33326 6.33524 6.33793 6.34133 6.34543 6.35022 6.35571 6.36187 6.36871 6.3762 6.38433 6.39309 6.40245 6.41239 6.42288 6.4339 6.44541 6.45738 6.46976 6.48252 6.49561 6.50897 6.52257 6.53635 6.55024 6.5642 6.57815 6.59205 6.60583 6.61943 6.63278 6.64583 6.6585 6.67075 6.6825 6.69371 6.70432 6.71427 6.72352 6.73201 6.73972 6.74659 6.7526 6.75771 6.7619 6.76515 6.76743 6.76875 6.76908 6.76844 6.76682 6.76424 6.7607 6.75622 6.75084 6.74457 6.73745 6.72951 6.7208 6.71137 6.70125 6.6905 6.67918 6.66733 6.65503 6.64233 6.62929 6.61597 6.60244 6.58876 6.57499 6.56119 6.54743 6.53376 6.52023 6.50691 6.49384 6.48108 6.46867 6.45664 6.44506 6.43394 6.42332 6.41324 6.40372 6.39478 6.38645 6.37874 6.37168 6.36528 6.35954 6.35448 6.3501 6.34642 6.34344 6.34116 6.33959 6.33873 
6.33388 6.33446 6.33577 6.33782 6.3406 6.3441 6.34833 6.35328 6.35894 6.3653 6.37235 6.38008 6.38847 6.3975 6.40716 6.41741 6.42823 6.43959 6.45145 6.46378 6.47654 6.48968 6.50316 6.51693 6.53093 6.54511 6.55941 6.57377 6.58813 6.60243 6.6166 6.63058 6.64431 6.65772 6.67075 6.68333 6.69541 6.70692 6.71782 6.72804 6.73753 6.74626 6.75417 6.76123 6.7674 6.77264 6.77694 6.78027 6.78262 6.78397 6.78431 6.78365 6.78198 6.77933 6.77569 6.7711 6.76557 6.75913 6.75181 6.74366 6.73472 6.72502 6.71462 6.70358 6.69194 6.67977 6.66712 6.65406 6.64065 6.62695 6.61303 6.59895 6.58478 6.57058 6.55641 6.54233 6.52841 6.51468 6.50122 6.48807 6.47528 6.46288 6.45094 6.43947 6.42852 6.41812 6.4083 6.39908 6.39048 6.38253 6.37524 6.36862 6.3627 6.35747 6.35295 6.34915 6.34607 6.34371 6.34209 6.3412 
6.33626 6.33686 6.3382 6.34031 6.34317 6.34678 6.35114 6.35623 6.36206 6.36861 6.37587 6.38383 6.39247 6.40177 6.4117 6.42225 6.43338 6.44507 6.45727 6.46995 6.48307 6.49658 6.51044 6.52459 6.53897 6.55354 6.56823 6.58297 6.59772 6.6124 6.62695 6.6413 6.65538 6.66914 6.6825 6.69541 6.70779 6.7196 6.73077 6.74125 6.75098 6.75993 6.76803 6.77526 6.78158 6.78696 6.79136 6.79478 6.79718 6.79856 6.79891 6.79823 6.79653 6.7938 6.79008 6.78537 6.7797 6.7731 6.7656 6.75724 6.74807 6.73812 6.72746 6.71613 6.70419 6.6917 6.67872 6.66532 6.65155 6.63749 6.6232 6.60875 6.59419 6.5796 6.56505 6.55058 6.53627 6.52216 6.50832 6.4948 6.48164 6.46889 6.4566 6.4448 6.43353 6.42283 6.41272 6.40322 6.39437 6.38618 6.37867 6.37185 6.36575 6.36036 6.35571 6.35179 6.34861 6.34618 6.34451 6.34358 
6.33855 6.33915 6.34054 6.3427 6.34564 6.34935 6.35383 6.35907 6.36506 6.37179 6.37925 6.38742 6.3963 6.40585 6.41605 6.42688 6.43831 6.45031 6.46283 6.47585 6.48931 6.50318 6.51739 6.5319 6.54665 6.56159 6.57664 6.59176 6.60687 6.62191 6.63682 6.65151 6.66594 6.68003 6.69371 6.70692 6.7196 6.73168 6.74311 6.75384 6.7638 6.77295 6.78124 6.78864 6.7951 6.8006 6.8051 6.80859 6.81104 6.81246 6.81281 6.81212 6.81037 6.80759 6.80378 6.79896 6.79315 6.7864 6.77873 6.77018 6.76079 6.75061 6.73969 6.7281 6.71587 6.70308 6.68979 6.67606 6.66196 6.64755 6.63291 6.61809 6.60317 6.58822 6.57329 6.55846 6.54378 6.52931 6.5151 6.50123 6.48772 6.47464 6.46202 6.4499 6.43833 6.42733 6.41694 6.40719 6.39809 6.38967 6.38196 6.37495 6.36867 6.36314 6.35835 6.35432 6.35105 6.34855 6.34682 6.34588 
6.34072 6.34134 6.34276 6.34498 6.348 6.3518 6.35639 6.36177 6.36791 6.37481 6.38246 6.39084 6.39994 6.40972 6.42018 6.43128 6.443 6.45529 6.46812 6.48145 6.49523 6.50943 6.52398 6.53883 6.55393 6.56921 6.58462 6.60008 6.61554 6.63092 6.64616 6.66119 6.67593 6.69033 6.70432 6.71782 6.73077 6.74311 6.75479 6.76574 6.77591 6.78526 6.79372 6.80128 6.80788 6.81349 6.81809 6.82165 6.82415 6.82559 6.82596 6.82525 6.82346 6.82062 6.81673 6.8118 6.80588 6.79898 6.79114 6.78241 6.77282 6.76242 6.75127 6.73942 6.72692 6.71385 6.70027 6.68623 6.67181 6.65708 6.6421 6.62695 6.61168 6.59638 6.58111 6.56592 6.55089 6.53608 6.52154 6.50732 6.49349 6.48009 6.46716 6.45474 6.44288 6.43161 6.42096 6.41096 6.40163 6.393 6.38508 6.3779 6.37146 6.36577 6.36086 6.35672 6.35337 6.35081 6.34903 6.34806 
6.34278 6.34341 6.34487 6.34714 6.35022 6.35412 6.35881 6.36431 6.3706 6.37766 6.38549 6.39406 6.40337 6.41338 6.42408 6.43543 6.4474 6.45997 6.47309 6.48671 6.5008 6.51531 6.53018 6.54535 6.56077 6.57638 6.59211 6.6079 6.62368 6.63938 6.65493 6.67027 6.68532 6.7 6.71427 6.72804 6.74125 6.75384 6.76574 6.77691 6.78728 6.7968 6.80543 6.81313 6.81985 6.82557 6.83026 6.83389 6.83644 6.83791 6.83828 6.83755 6.83574 6.83284 6.82887 6.82385 6.81781 6.81078 6.80279 6.79388 6.7841 6.7735 6.76212 6.75004 6.73729 6.72396 6.7101 6.69577 6.68106 6.66602 6.65073 6.63526 6.61968 6.60405 6.58845 6.57294 6.55758 6.54245 6.52759 6.51306 6.49892 6.48522 6.47199 6.4593 6.44717 6.43564 6.42474 6.41451 6.40497 6.39613 6.38803 6.38067 6.37408 6.36826 6.36323 6.359 6.35556 6.35294 6.35112 6.35012 
6.3447 6.34535 6.34683 6.34915 6.3523 6.35628 6.36108 6.36669 6.37311 6.38032 6.38831 6.39707 6.40657 6.41679 6.42771 6.43929 6.45152 6.46434 6.47772 6.49162 6.50599 6.52079 6.53595 6.55142 6.56714 6.58305 6.59908 6.61517 6.63125 6.64725 6.66309 6.67871 6.69403 6.70899 6.72352 6.73753 6.75098 6.7638 6.77591 6.78728 6.79783 6.80752 6.8163 6.82413 6.83098 6.83679 6.84156 6.84525 6.84785 6.84934 6.84972 6.84898 6.84713 6.84418 6.84014 6.83503 6.82889 6.82173 6.8136 6.80453 6.79458 6.78379 6.77221 6.7599 6.74693 6.73335 6.71923 6.70464 6.68965 6.67433 6.65876 6.64299 6.62711 6.61118 6.59528 6.57947 6.56381 6.54837 6.53322 6.5184 6.50397 6.48999 6.4765 6.46355 6.45117 6.4394 6.42827 6.41783 6.40808 6.39906 6.39078 6.38327 6.37653 6.37059 6.36545 6.36112 6.35761 6.35493 6.35307 6.35205 
6.34648 6.34714 6.34865 6.35101 6.35422 6.35828 6.36317 6.36889 6.37543 6.38278 6.39092 6.39984 6.40952 6.41993 6.43106 6.44286 6.45531 6.46836 6.48199 6.49614 6.51077 6.52583 6.54126 6.557 6.573 6.58919 6.6055 6.62186 6.63822 6.65448 6.67059 6.68647 6.70205 6.71725 6.73201 6.74626 6.75993 6.77295 6.78526 6.7968 6.80752 6.81736 6.82628 6.83424 6.84119 6.8471 6.85194 6.85568 6.85832 6.85983 6.86022 6.85947 6.85759 6.85459 6.85049 6.8453 6.83906 6.83179 6.82353 6.81432 6.8042 6.79324 6.78147 6.76896 6.75578 6.74197 6.72762 6.71279 6.69755 6.68198 6.66613 6.6501 6.63395 6.61774 6.60156 6.58547 6.56954 6.55383 6.5384 6.52332 6.50863 6.49439 6.48065 6.46746 6.45485 6.44286 6.43153 6.42088 6.41095 6.40176 6.39332 6.38566 6.3788 6.37274 6.3675 6.36309 6.35951 6.35677 6.35488 6.35383 
6.3481 6.34877 6.35031 6.35271 6.35598 6.3601 6.36508 6.37089 6.37755 6.38502 6.3933 6.40237 6.41221 6.4228 6.43411 6.4461 6.45875 6.47202 6.48587 6.50025 6.51512 6.53041 6.54608 6.56208 6.57832 6.59476 6.61132 6.62793 6.64453 6.66105 6.67739 6.69351 6.70932 6.72474 6.73972 6.75417 6.76803 6.78124 6.79372 6.80543 6.8163 6.82628 6.83533 6.8434 6.85044 6.85643 6.86134 6.86514 6.86781 6.86934 6.86973 6.86897 6.86707 6.86403 6.85987 6.85461 6.84827 6.8409 6.83252 6.82318 6.81293 6.8018 6.78987 6.77718 6.7638 6.7498 6.73524 6.72019 6.70472 6.68891 6.67283 6.65655 6.64015 6.6237 6.60727 6.59092 6.57474 6.55878 6.54311 6.52778 6.51286 6.49839 6.48443 6.47102 6.4582 6.44601 6.43449 6.42366 6.41356 6.40421 6.39564 6.38785 6.38086 6.3747 6.36937 6.36488 6.36124 6.35845 6.35653 6.35546 
6.34956 6.35024 6.3518 6.35424 6.35756 6.36174 6.36679 6.37269 6.37945 6.38703 6.39543 6.40464 6.41462 6.42536 6.43684 6.449 6.46184 6.4753 6.48934 6.50393 6.519 6.53451 6.5504 6.56661 6.58308 6.59973 6.61652 6.63336 6.65018 6.6669 6.68347 6.69979 6.7158 6.73143 6.74659 6.76123 6.77526 6.78864 6.80128 6.81313 6.82413 6.83424 6.8434 6.85156 6.85869 6.86475 6.86972 6.87356 6.87627 6.87782 6.87821 6.87744 6.87551 6.87244 6.86822 6.8629 6.85649 6.84903 6.84055 6.83109 6.8207 6.80944 6.79736 6.78451 6.77096 6.75678 6.74203 6.72678 6.71111 6.6951 6.6788 6.66231 6.64569 6.62901 6.61236 6.59579 6.57939 6.56321 6.54732 6.53178 6.51664 6.50197 6.48781 6.4742 6.4612 6.44883 6.43714 6.42616 6.41591 6.40642 6.39771 6.38981 6.38272 6.37646 6.37105 6.36649 6.36279 6.35996 6.35801 6.35693 
6.35085 6.35154 6.35312 6.35559 6.35895 6.36318 6.3683 6.37428 6.38112 6.3888 6.39731 6.40663 6.41674 6.42762 6.43923 6.45155 6.46454 6.47817 6.49239 6.50715 6.5224 6.5381 6.55417 6.57058 6.58724 6.60409 6.62107 6.6381 6.65511 6.67203 6.68878 6.70528 6.72147 6.73727 6.7526 6.7674 6.78158 6.7951 6.80788 6.81985 6.83098 6.84119 6.85044 6.85869 6.86589 6.87202 6.87704 6.88092 6.88366 6.88522 6.88562 6.88484 6.88289 6.87978 6.87553 6.87015 6.86367 6.85613 6.84755 6.838 6.8275 6.81611 6.8039 6.79091 6.77721 6.76287 6.74796 6.73255 6.7167 6.7005 6.68403 6.66734 6.65053 6.63366 6.61681 6.60006 6.58346 6.56708 6.551 6.53527 6.51996 6.5051 6.49077 6.47699 6.46383 6.45131 6.43947 6.42834 6.41796 6.40835 6.39954 6.39153 6.38435 6.37801 6.37253 6.36791 6.36416 6.3613 6.35931 6.35822 
6.35196 6.35265 6.35425 6.35675 6.36014 6.36442 6.36959 6.37564 6.38255 6.39031 6.39891 6.40833 6.41855 6.42954 6.44128 6.45373 6.46686 6.48062 6.49498 6.50989 6.5253 6.54115 6.55739 6.57396 6.59078 6.6078 6.62494 6.64214 6.65931 6.67639 6.6933 6.70996 6.7263 6.74224 6.75771 6.77264 6.78696 6.8006 6.81349 6.82557 6.83679 6.8471 6.85643 6.86475 6.87202 6.8782 6.88326 6.88718 6.88994 6.89152 6.89192 6.89113 6.88916 6.88603 6.88173 6.87631 6.86977 6.86216 6.85351 6.84387 6.83328 6.82179 6.80946 6.79636 6.78253 6.76806 6.75301 6.73745 6.72146 6.70511 6.68847 6.67163 6.65465 6.63762 6.62061 6.60369 6.58692 6.57039 6.55414 6.53826 6.52278 6.50778 6.49329 6.47938 6.46607 6.45342 6.44146 6.43021 6.41972 6.41001 6.4011 6.393 6.38574 6.37934 6.37379 6.36912 6.36534 6.36244 6.36043 6.35933 
6.35287 6.35358 6.35519 6.3577 6.36113 6.36545 6.37066 6.37676 6.38373 6.39156 6.40024 6.40974 6.42005 6.43113 6.44297 6.45552 6.46876 6.48264 6.49712 6.51215 6.52769 6.54367 6.56004 6.57673 6.59369 6.61084 6.62812 6.64545 6.66276 6.67997 6.697 6.71379 6.73025 6.74631 6.7619 6.77694 6.79136 6.8051 6.81809 6.83026 6.84156 6.85194 6.86134 6.86972 6.87704 6.88326 6.88836 6.8923 6.89508 6.89667 6.89707 6.89628 6.8943 6.89114 6.88682 6.88135 6.87477 6.8671 6.85839 6.84868 6.83801 6.82644 6.81402 6.80082 6.78689 6.77231 6.75715 6.74147 6.72536 6.70888 6.69212 6.67514 6.65804 6.64087 6.62372 6.60667 6.58977 6.5731 6.55672 6.54071 6.5251 6.50997 6.49537 6.48134 6.46792 6.45516 6.4431 6.43176 6.42118 6.41138 6.40239 6.39422 6.3869 6.38044 6.37484 6.37013 6.36631 6.36339 6.36137 6.36025 
6.3536 6.3543 6.35593 6.35846 6.36191 6.36626 6.37151 6.37764 6.38466 6.39255 6.40128 6.41084 6.42122 6.43237 6.44429 6.45692 6.47024 6.48421 6.49878 6.51391 6.52954 6.54562 6.56209 6.57889 6.59595 6.61321 6.63059 6.64802 6.66543 6.68274 6.69987 6.71676 6.73332 6.74947 6.76515 6.78027 6.79478 6.80859 6.82165 6.83389 6.84525 6.85568 6.86514 6.87356 6.88092 6.88718 6.8923 6.89627 6.89906 6.90066 6.90107 6.90027 6.89828 6.8951 6.89075 6.88526 6.87864 6.87093 6.86217 6.8524 6.84167 6.83004 6.81755 6.80427 6.79027 6.7756 6.76035 6.74458 6.72838 6.7118 6.69494 6.67787 6.66066 6.64339 6.62614 6.60898 6.59198 6.5752 6.55873 6.54261 6.52691 6.51169 6.49699 6.48286 6.46936 6.45652 6.44437 6.43296 6.42231 6.41245 6.4034 6.39518 6.38781 6.3813 6.37567 6.37093 6.36708 6.36413 6.3621 6.36097 
6.35412 6.35483 6.35646 6.35901 6.36247 6.36684 6.37211 6.37828 6.38533 6.39325 6.40203 6.41163 6.42205 6.43326 6.44523 6.45792 6.4713 6.48533 6.49997 6.51516 6.53086 6.54701 6.56355 6.58042 6.59755 6.61488 6.63233 6.64983 6.66731 6.6847 6.7019 6.71885 6.73548 6.75169 6.76743 6.78262 6.79718 6.81104 6.82415 6.83644 6.84785 6.85832 6.86781 6.87627 6.88366 6.88994 6.89508 6.89906 6.90186 6.90347 6.90387 6.90307 6.90108 6.89789 6.89352 6.888 6.88136 6.87362 6.86483 6.85502 6.84425 6.83257 6.82003 6.8067 6.79264 6.77792 6.76261 6.74678 6.7305 6.71386 6.69693 6.67979 6.66251 6.64517 6.62784 6.61061 6.59354 6.57669 6.56015 6.54396 6.52819 6.5129 6.49814 6.48395 6.47039 6.45749 6.44529 6.43382 6.42312 6.41322 6.40412 6.39586 6.38846 6.38192 6.37627 6.3715 6.36764 6.36468 6.36263 6.3615 
6.35445 6.35516 6.35679 6.35935 6.36282 6.3672 6.37249 6.37867 6.38574 6.39368 6.40248 6.41211 6.42255 6.43379 6.44579 6.45851 6.47192 6.48599 6.50066 6.51589 6.53163 6.54782 6.5644 6.58131 6.59848 6.61585 6.63334 6.65088 6.6684 6.68582 6.70307 6.72006 6.73672 6.75297 6.76875 6.78397 6.79856 6.81246 6.82559 6.83791 6.84934 6.85983 6.86934 6.87782 6.88522 6.89152 6.89667 6.90066 6.90347 6.90508 6.90549 6.90468 6.90268 6.89948 6.89511 6.88958 6.88292 6.87516 6.86635 6.85652 6.84573 6.83402 6.82146 6.8081 6.794 6.77925 6.7639 6.74804 6.73173 6.71505 6.69808 6.68089 6.66357 6.64619 6.62883 6.61155 6.59444 6.57756 6.56097 6.54474 6.52894 6.51361 6.49881 6.48459 6.47099 6.45806 6.44583 6.43434 6.42361 6.41368 6.40456 6.39628 6.38886 6.3823 6.37663 6.37185 6.36798 6.36501 6.36296 6.36183 
