4.85603 4.85622 4.85647 4.85678 4.85715 4.85758 4.85808 4.85865 4.85928 4.85998 4.86075 4.86159 4.86251 4.8635 4.86457 4.86571 4.86694 4.86824 4.86963 4.8711 4.87264 4.87426 4.87595 4.87771 4.87954 4.88142 4.88336 4.88535 4.88737 4.88942 4.89149 4.89357 4.89565 4.89771 4.89974 4.90174 4.90368 4.90556 4.90737 4.90908 4.9107 4.9122 4.91357 4.91482 4.91592 4.91687 4.91766 4.91829 4.91875 4.91903 4.91915 4.91908 4.91885 4.91844 4.91786 4.91712 4.91622 4.91518 4.91399 4.91266 4.91122 4.90966 4.90801 4.90627 4.90445 4.90257 4.90064 4.89868 4.89669 4.89469 4.89269 4.8907 4.88874 4.88681 4.88492 4.88308 4.8813 4.87959 4.87795 4.87639 4.87491 4.87352 4.87221 4.87099 4.86986 4.86882 4.86787 4.86701 4.86624 4.86556 4.86496 4.86444 4.864 4.86364 4.86336 4.86314 4.863 4.86293 4.86292 4.86298 
4.85622 4.8564 4.85665 4.85696 4.85734 4.85777 4.85827 4.85884 4.85948 4.86018 4.86096 4.8618 4.86273 4.86372 4.8648 4.86595 4.86719 4.86851 4.8699 4.87138 4.87294 4.87457 4.87628 4.87805 4.8799 4.8818 4.88376 4.88576 4.8878 4.88987 4.89196 4.89406 4.89615 4.89823 4.90029 4.9023 4.90427 4.90617 4.90799 4.90972 4.91135 4.91286 4.91425 4.91551 4.91662 4.91758 4.91838 4.91901 4.91947 4.91976 4.91987 4.91981 4.91957 4.91916 4.91858 4.91783 4.91692 4.91586 4.91466 4.91333 4.91187 4.9103 4.90863 4.90687 4.90503 4.90313 4.90119 4.8992 4.8972 4.89518 4.89316 4.89115 4.88917 4.88722 4.88531 4.88346 4.88167 4.87994 4.87828 4.87671 4.87521 4.8738 4.87248 4.87125 4.87011 4.86907 4.86811 4.86724 4.86646 4.86577 4.86517 4.86464 4.8642 4.86384 4.86355 4.86333 4.86319 4.86311 4.8631 4.86316 
4.85647 4.85665 4.8569 4.85722 4.85759 4.85804 4.85855 4.85913 4.85978 4.86049 4.86128 4.86215 4.86309 4.86411 4.86521 4.8664 4.86766 4.86901 4.87044 4.87195 4.87355 4.87522 4.87697 4.87879 4.88068 4.88263 4.88463 4.88669 4.88878 4.8909 4.89304 4.89519 4.89734 4.89947 4.90157 4.90364 4.90565 4.90759 4.90946 4.91123 4.9129 4.91445 4.91587 4.91716 4.91829 4.91927 4.92009 4.92074 4.92121 4.92151 4.92162 4.92155 4.92131 4.92088 4.92029 4.91952 4.91859 4.91751 4.91627 4.91491 4.91341 4.9118 4.91009 4.90829 4.9064 4.90446 4.90246 4.90043 4.89837 4.8963 4.89423 4.89218 4.89014 4.88814 4.88619 4.88429 4.88245 4.88067 4.87898 4.87736 4.87583 4.87438 4.87302 4.87176 4.87059 4.86951 4.86853 4.86764 4.86684 4.86613 4.8655 4.86496 4.86451 4.86413 4.86383 4.8636 4.86345 4.86337 4.86336 4.86341 
4.85678 4.85696 4.85722 4.85754 4.85793 4.85838 4.85891 4.8595 4.86017 4.86092 4.86174 4.86263 4.86361 4.86467 4.86581 4.86704 4.86836 4.86976 4.87124 4.87282 4.87447 4.87621 4.87803 4.87993 4.88189 4.88392 4.886 4.88814 4.89031 4.89251 4.89474 4.89697 4.8992 4.90142 4.9036 4.90574 4.90783 4.90985 4.91178 4.91362 4.91535 4.91696 4.91843 4.91977 4.92094 4.92196 4.92281 4.92348 4.92397 4.92427 4.92439 4.92432 4.92406 4.92362 4.923 4.9222 4.92123 4.9201 4.91882 4.9174 4.91585 4.91418 4.9124 4.91052 4.90857 4.90655 4.90447 4.90236 4.90022 4.89807 4.89592 4.89378 4.89166 4.88958 4.88755 4.88557 4.88365 4.88181 4.88004 4.87835 4.87675 4.87525 4.87383 4.87251 4.87129 4.87016 4.86914 4.8682 4.86736 4.86662 4.86596 4.86539 4.86491 4.86451 4.86419 4.86395 4.86379 4.86369 4.86367 4.86372 
4.85715 4.85734 4.85759 4.85793 4.85833 4.8588 4.85935 4.85997 4.86067 4.86145 4.86231 4.86325 4.86428 4.86539 4.8666 4.86789 4.86927 4.87075 4.87232 4.87397 4.87572 4.87755 4.87947 4.88146 4.88353 4.88567 4.88786 4.89011 4.89239 4.89471 4.89705 4.8994 4.90175 4.90408 4.90637 4.90862 4.91082 4.91294 4.91497 4.9169 4.91871 4.9204 4.92195 4.92334 4.92458 4.92564 4.92653 4.92723 4.92774 4.92805 4.92817 4.9281 4.92783 4.92736 4.9267 4.92586 4.92485 4.92366 4.92232 4.92082 4.91919 4.91743 4.91556 4.91359 4.91153 4.9094 4.90722 4.905 4.90274 4.90048 4.89821 4.89596 4.89373 4.89154 4.88939 4.88731 4.88528 4.88334 4.88147 4.87969 4.878 4.8764 4.87491 4.87351 4.87221 4.87102 4.86993 4.86893 4.86804 4.86724 4.86654 4.86594 4.86542 4.86499 4.86464 4.86438 4.86419 4.86409 4.86406 4.8641 
4.85758 4.85777 4.85804 4.85838 4.8588 4.8593 4.85988 4.86053 4.86127 4.8621 4.86301 4.86401 4.8651 4.86629 4.86757 4.86894 4.87042 4.87199 4.87366 4.87542 4.87728 4.87924 4.88128 4.8834 4.8856 4.88788 4.89021 4.89261 4.89504 4.89751 4.9 4.90249 4.90498 4.90746 4.90989 4.91228 4.91461 4.91686 4.91901 4.92106 4.92298 4.92477 4.92641 4.92789 4.92919 4.93032 4.93125 4.93199 4.93253 4.93286 4.93299 4.9329 4.93261 4.93212 4.93142 4.93052 4.92944 4.92818 4.92675 4.92516 4.92343 4.92156 4.91957 4.91748 4.91529 4.91303 4.91071 4.90834 4.90595 4.90354 4.90112 4.89872 4.89635 4.89401 4.89173 4.8895 4.88734 4.88526 4.88327 4.88137 4.87956 4.87785 4.87625 4.87475 4.87336 4.87208 4.8709 4.86984 4.86887 4.86801 4.86725 4.86659 4.86603 4.86556 4.86518 4.86488 4.86467 4.86455 4.8645 4.86454 
4.85808 4.85827 4.85855 4.85891 4.85935 4.85988 4.86049 4.86119 4.86198 4.86286 4.86384 4.86491 4.86608 4.86735 4.86873 4.87021 4.87179 4.87348 4.87528 4.87717 4.87917 4.88127 4.88347 4.88575 4.88812 4.89056 4.89307 4.89564 4.89825 4.9009 4.90356 4.90624 4.90891 4.91156 4.91417 4.91673 4.91922 4.92162 4.92393 4.92611 4.92817 4.93008 4.93183 4.9334 4.9348 4.936 4.93699 4.93778 4.93835 4.9387 4.93883 4.93874 4.93842 4.93789 4.93714 4.93618 4.93502 4.93367 4.93214 4.93043 4.92858 4.92657 4.92444 4.9222 4.91985 4.91743 4.91494 4.9124 4.90983 4.90725 4.90465 4.90208 4.89953 4.89702 4.89456 4.89216 4.88984 4.8876 4.88545 4.88339 4.88144 4.8796 4.87787 4.87625 4.87474 4.87335 4.87207 4.87091 4.86986 4.86892 4.86809 4.86737 4.86675 4.86622 4.8658 4.86547 4.86523 4.86508 4.86502 4.86504 
4.85865 4.85884 4.85913 4.8595 4.85997 4.86053 4.86119 4.86194 4.86279 4.86374 4.86479 4.86595 4.86721 4.86859 4.87008 4.87168 4.8734 4.87523 4.87717 4.87923 4.8814 4.88367 4.88604 4.88852 4.89108 4.89372 4.89643 4.89921 4.90203 4.90489 4.90777 4.91066 4.91354 4.91639 4.91921 4.92196 4.92464 4.92723 4.92971 4.93206 4.93427 4.93632 4.9382 4.9399 4.94139 4.94268 4.94375 4.94459 4.9452 4.94557 4.94571 4.9456 4.94526 4.94468 4.94387 4.94283 4.94158 4.94013 4.93847 4.93664 4.93463 4.93247 4.93017 4.92775 4.92523 4.92261 4.91992 4.91718 4.91441 4.91161 4.90881 4.90602 4.90327 4.90055 4.89788 4.89529 4.89277 4.89034 4.88801 4.88578 4.88365 4.88165 4.87976 4.87799 4.87635 4.87483 4.87343 4.87216 4.87101 4.86998 4.86906 4.86826 4.86757 4.86699 4.86651 4.86614 4.86586 4.86568 4.8656 4.86561 
4.85928 4.85948 4.85978 4.86017 4.86067 4.86127 4.86198 4.86279 4.86371 4.86474 4.86588 4.86714 4.86851 4.87001 4.87163 4.87337 4.87524 4.87723 4.87935 4.88159 4.88395 4.88642 4.88901 4.8917 4.89448 4.89736 4.9003 4.90332 4.90638 4.90949 4.91261 4.91574 4.91886 4.92196 4.92501 4.92799 4.93089 4.93369 4.93637 4.93891 4.9413 4.94351 4.94554 4.94736 4.94898 4.95036 4.95151 4.95242 4.95307 4.95347 4.95361 4.95349 4.95312 4.95249 4.95161 4.95049 4.94913 4.94755 4.94576 4.94377 4.9416 4.93926 4.93677 4.93415 4.93141 4.92857 4.92566 4.92269 4.91968 4.91664 4.9136 4.91057 4.90757 4.90461 4.90172 4.89889 4.89615 4.8935 4.89095 4.88851 4.8862 4.884 4.88193 4.88 4.8782 4.87653 4.87499 4.87359 4.87232 4.87117 4.87016 4.86927 4.8685 4.86785 4.86731 4.86689 4.86657 4.86636 4.86626 4.86625 
4.85998 4.86018 4.86049 4.86092 4.86145 4.8621 4.86286 4.86374 4.86474 4.86586 4.8671 4.86847 4.86997 4.87161 4.87338 4.87528 4.87733 4.8795 4.88182 4.88427 4.88684 4.88955 4.89237 4.89531 4.89835 4.90148 4.90469 4.90798 4.91132 4.9147 4.9181 4.9215 4.9249 4.92826 4.93157 4.93481 4.93796 4.941 4.9439 4.94666 4.94924 4.95164 4.95384 4.95581 4.95755 4.95905 4.96029 4.96127 4.96197 4.9624 4.96255 4.96242 4.96201 4.96132 4.96036 4.95914 4.95767 4.95595 4.95401 4.95185 4.94949 4.94694 4.94424 4.94139 4.93841 4.93532 4.93215 4.92892 4.92564 4.92233 4.91902 4.91572 4.91244 4.90922 4.90605 4.90297 4.89997 4.89707 4.89428 4.89161 4.88907 4.88666 4.88439 4.88226 4.88028 4.87844 4.87675 4.8752 4.87379 4.87252 4.87139 4.8704 4.86954 4.86881 4.86821 4.86772 4.86736 4.86711 4.86698 4.86696 
4.86075 4.86096 4.86128 4.86174 4.86231 4.86301 4.86384 4.86479 4.86588 4.8671 4.86846 4.86996 4.8716 4.87339 4.87533 4.87742 4.87966 4.88204 4.88458 4.88726 4.89008 4.89304 4.89613 4.89934 4.90267 4.90609 4.9096 4.91319 4.91683 4.92052 4.92423 4.92794 4.93164 4.9353 4.93891 4.94243 4.94586 4.94916 4.95231 4.9553 4.95811 4.96071 4.96309 4.96523 4.96712 4.96874 4.97009 4.97114 4.9719 4.97236 4.97251 4.97237 4.97191 4.97116 4.97012 4.96879 4.96719 4.96532 4.9632 4.96085 4.95828 4.95551 4.95257 4.94946 4.94622 4.94286 4.9394 4.93588 4.9323 4.92869 4.92507 4.92147 4.91789 4.91437 4.9109 4.90752 4.90424 4.90106 4.898 4.89508 4.89228 4.88964 4.88714 4.88479 4.88261 4.88058 4.8787 4.87699 4.87543 4.87402 4.87277 4.87166 4.8707 4.86988 4.86919 4.86865 4.86823 4.86794 4.86778 4.86774 
4.86159 4.8618 4.86215 4.86263 4.86325 4.86401 4.86491 4.86595 4.86714 4.86847 4.86996 4.8716 4.87341 4.87537 4.87749 4.87978 4.88224 4.88486 4.88764 4.89058 4.89367 4.89691 4.9003 4.90381 4.90745 4.9112 4.91504 4.91896 4.92294 4.92696 4.93101 4.93506 4.9391 4.94309 4.94701 4.95085 4.95457 4.95816 4.9616 4.96485 4.96789 4.97072 4.9733 4.97562 4.97767 4.97943 4.98088 4.98202 4.98284 4.98334 4.9835 4.98333 4.98284 4.98202 4.98088 4.97943 4.97768 4.97565 4.97334 4.97078 4.96798 4.96497 4.96176 4.95838 4.95484 4.95118 4.94741 4.94356 4.93966 4.93572 4.93177 4.92782 4.92391 4.92006 4.91627 4.91256 4.90896 4.90548 4.90212 4.89891 4.89584 4.89293 4.89018 4.88759 4.88518 4.88294 4.88086 4.87897 4.87724 4.87567 4.87428 4.87304 4.87197 4.87105 4.87028 4.86966 4.86918 4.86885 4.86865 4.86859 
4.86251 4.86273 4.86309 4.86361 4.86428 4.8651 4.86608 4.86721 4.86851 4.86997 4.8716 4.87341 4.87538 4.87753 4.87987 4.88238 4.88507 4.88794 4.89099 4.89422 4.89761 4.90116 4.90487 4.90872 4.9127 4.9168 4.921 4.92528 4.92963 4.93402 4.93844 4.94286 4.94726 4.9516 4.95588 4.96006 4.96411 4.96801 4.97174 4.97528 4.97859 4.98165 4.98446 4.98698 4.9892 4.9911 4.99267 4.99391 4.99479 4.99532 4.99549 4.99531 4.99477 4.99387 4.99263 4.99105 4.98915 4.98693 4.98442 4.98163 4.97859 4.97531 4.97181 4.96812 4.96427 4.96028 4.95617 4.95197 4.94771 4.94341 4.93909 4.93479 4.93051 4.92629 4.92214 4.91809 4.91414 4.91032 4.90664 4.90311 4.89974 4.89653 4.89351 4.89066 4.888 4.88552 4.88323 4.88113 4.87922 4.87748 4.87593 4.87456 4.87336 4.87233 4.87146 4.87076 4.87022 4.86983 4.8696 4.86952 
4.8635 4.86372 4.86411 4.86467 4.86539 4.86629 4.86735 4.86859 4.87001 4.87161 4.87339 4.87537 4.87753 4.8799 4.88245 4.88521 4.88816 4.89131 4.89465 4.89818 4.9019 4.90579 4.90985 4.91406 4.91841 4.92289 4.92748 4.93216 4.93691 4.9417 4.94652 4.95133 4.95612 4.96085 4.96551 4.97005 4.97446 4.9787 4.98275 4.98658 4.99018 4.9935 4.99654 4.99927 5.00168 5.00374 5.00544 5.00677 5.00773 5.0083 5.00848 5.00828 5.00768 5.0067 5.00535 5.00363 5.00156 4.99915 4.99642 4.99339 4.99008 4.98651 4.98271 4.97869 4.9745 4.97015 4.96568 4.9611 4.95645 4.95176 4.94705 4.94235 4.93768 4.93307 4.92853 4.9241 4.91978 4.91559 4.91155 4.90768 4.90398 4.90046 4.89713 4.894 4.89107 4.88834 4.88581 4.88349 4.88137 4.87945 4.87773 4.8762 4.87486 4.87371 4.87274 4.87196 4.87134 4.8709 4.87063 4.87052 
4.86457 4.8648 4.86521 4.86581 4.8666 4.86757 4.86873 4.87008 4.87163 4.87338 4.87533 4.87749 4.87987 4.88245 4.88525 4.88827 4.89151 4.89496 4.89861 4.90248 4.90655 4.9108 4.91524 4.91984 4.92459 4.92948 4.93449 4.93959 4.94476 4.94999 4.95523 4.96047 4.96568 4.97083 4.97588 4.98082 4.9856 4.9902 4.9946 4.99876 5.00265 5.00625 5.00954 5.0125 5.0151 5.01733 5.01917 5.02061 5.02164 5.02225 5.02244 5.02221 5.02157 5.0205 5.01903 5.01716 5.01492 5.0123 5.00933 5.00604 5.00244 4.99857 4.99443 4.99007 4.98551 4.98079 4.97592 4.97094 4.96588 4.96077 4.95564 4.95051 4.94542 4.94039 4.93543 4.93059 4.92586 4.92128 4.91687 4.91262 4.90856 4.9047 4.90105 4.89761 4.89438 4.89138 4.8886 4.88604 4.8837 4.88158 4.87967 4.87798 4.87649 4.87521 4.87413 4.87324 4.87255 4.87205 4.87173 4.8716 
4.86571 4.86595 4.8664 4.86704 4.86789 4.86894 4.87021 4.87168 4.87337 4.87528 4.87742 4.87978 4.88238 4.88521 4.88827 4.89157 4.89511 4.89888 4.90288 4.9071 4.91154 4.91619 4.92103 4.92605 4.93123 4.93656 4.94201 4.94756 4.95319 4.95887 4.96457 4.97027 4.97592 4.98151 4.98699 4.99234 4.99752 5.00251 5.00727 5.01177 5.01598 5.01988 5.02344 5.02663 5.02944 5.03184 5.03383 5.03538 5.03649 5.03715 5.03735 5.0371 5.03639 5.03523 5.03364 5.03162 5.02918 5.02634 5.02313 5.01956 5.01566 5.01146 5.00697 5.00225 4.9973 4.99217 4.98688 4.98147 4.97598 4.97042 4.96484 4.95926 4.95372 4.94823 4.94284 4.93755 4.9324 4.9274 4.92257 4.91793 4.91349 4.90927 4.90526 4.90149 4.89795 4.89465 4.8916 4.88878 4.8862 4.88386 4.88176 4.87988 4.87824 4.87682 4.87562 4.87463 4.87385 4.87328 4.87292 4.87276 
4.86694 4.86719 4.86766 4.86836 4.86927 4.87042 4.87179 4.8734 4.87524 4.87733 4.87966 4.88224 4.88507 4.88816 4.89151 4.89511 4.89897 4.90308 4.90745 4.91205 4.91689 4.92195 4.92722 4.93268 4.93832 4.94412 4.95004 4.95607 4.96219 4.96835 4.97453 4.9807 4.98683 4.99288 4.99881 5.0046 5.01021 5.0156 5.02074 5.0256 5.03015 5.03435 5.03819 5.04163 5.04466 5.04725 5.04939 5.05106 5.05225 5.05295 5.05317 5.05289 5.05212 5.05087 5.04914 5.04696 5.04432 5.04125 5.03778 5.03392 5.0297 5.02515 5.02031 5.01519 5.00983 5.00427 4.99855 4.99268 4.98672 4.9807 4.97464 4.96859 4.96256 4.9566 4.95073 4.94498 4.93937 4.93393 4.92866 4.9236 4.91876 4.91414 4.90977 4.90564 4.90177 4.89816 4.8948 4.89171 4.88888 4.88631 4.88399 4.88192 4.88011 4.87854 4.87721 4.87611 4.87524 4.87461 4.87419 4.874 
4.86824 4.86851 4.86901 4.86976 4.87075 4.87199 4.87348 4.87523 4.87723 4.8795 4.88204 4.88486 4.88794 4.89131 4.89496 4.89888 4.90308 4.90756 4.91231 4.91732 4.92258 4.92808 4.93381 4.93974 4.94586 4.95214 4.95857 4.9651 4.97172 4.9784 4.98509 4.99176 4.99838 5.00492 5.01133 5.01757 5.02362 5.02944 5.03498 5.04021 5.04511 5.04964 5.05377 5.05747 5.06073 5.06351 5.06581 5.0676 5.06888 5.06963 5.06986 5.06955 5.06872 5.06737 5.06551 5.06315 5.0603 5.057 5.05325 5.04909 5.04454 5.03963 5.0344 5.02887 5.02308 5.01708 5.01089 5.00455 4.99811 4.99159 4.98503 4.97847 4.97194 4.96548 4.95911 4.95287 4.94678 4.94086 4.93514 4.92963 4.92436 4.91933 4.91456 4.91006 4.90583 4.90188 4.89822 4.89483 4.89173 4.88891 4.88637 4.8841 4.8821 4.88037 4.8789 4.87768 4.87672 4.87601 4.87554 4.87532 
4.86963 4.8699 4.87044 4.87124 4.87232 4.87366 4.87528 4.87717 4.87935 4.88182 4.88458 4.88764 4.89099 4.89465 4.89861 4.90288 4.90745 4.91231 4.91746 4.9229 4.92861 4.93457 4.94078 4.9472 4.95383 4.96063 4.96757 4.97464 4.98179 4.98899 4.99621 5.00341 5.01055 5.0176 5.0245 5.03123 5.03773 5.04399 5.04995 5.05557 5.06084 5.0657 5.07013 5.07411 5.0776 5.08059 5.08305 5.08497 5.08633 5.08714 5.08737 5.08704 5.08615 5.08469 5.08269 5.08015 5.07709 5.07353 5.0695 5.06502 5.06013 5.05484 5.04921 5.04326 5.03703 5.03056 5.02388 5.01705 5.0101 5.00306 4.99598 4.98889 4.98184 4.97485 4.96796 4.9612 4.9546 4.94819 4.94198 4.93601 4.93028 4.92482 4.91963 4.91474 4.91013 4.90583 4.90183 4.89814 4.89475 4.89167 4.88889 4.8864 4.88421 4.88231 4.88069 4.87935 4.87829 4.8775 4.87698 4.87672 
4.8711 4.87138 4.87195 4.87282 4.87397 4.87542 4.87717 4.87923 4.88159 4.88427 4.88726 4.89058 4.89422 4.89818 4.90248 4.9071 4.91205 4.91732 4.9229 4.92878 4.93496 4.94141 4.94811 4.95505 4.96221 4.96954 4.97704 4.98466 4.99236 5.00012 5.00789 5.01563 5.02331 5.03088 5.0383 5.04552 5.05251 5.05922 5.06561 5.07164 5.07728 5.08249 5.08723 5.09149 5.09523 5.09842 5.10105 5.1031 5.10456 5.10541 5.10566 5.1053 5.10434 5.10278 5.10063 5.0979 5.09462 5.0908 5.08648 5.08168 5.07642 5.07075 5.0647 5.05831 5.05162 5.04467 5.03749 5.03015 5.02266 5.01509 5.00746 4.99983 4.99222 4.98468 4.97725 4.96995 4.96282 4.95589 4.94918 4.94272 4.93652 4.9306 4.92498 4.91966 4.91467 4.90999 4.90565 4.90163 4.89794 4.89458 4.89155 4.88884 4.88644 4.88436 4.88259 4.88112 4.87995 4.87908 4.8785 4.8782 
4.87264 4.87294 4.87355 4.87447 4.87572 4.87728 4.87917 4.8814 4.88395 4.88684 4.89008 4.89367 4.89761 4.9019 4.90655 4.91154 4.91689 4.92258 4.92861 4.93496 4.94162 4.94857 4.9558 4.96328 4.97098 4.97888 4.98694 4.99513 5.00341 5.01174 5.02008 5.02839 5.03662 5.04473 5.05268 5.06041 5.06789 5.07507 5.0819 5.08835 5.09438 5.09995 5.10501 5.10956 5.11354 5.11695 5.11976 5.12194 5.12349 5.1244 5.12467 5.12428 5.12324 5.12157 5.11927 5.11635 5.11284 5.10876 5.10414 5.099 5.09338 5.08731 5.08083 5.07399 5.06682 5.05937 5.05168 5.0438 5.03577 5.02764 5.01945 5.01125 5.00307 4.99496 4.98696 4.97911 4.97143 4.96396 4.95672 4.94974 4.94305 4.93666 4.93058 4.92483 4.91942 4.91436 4.90965 4.90529 4.90129 4.89764 4.89434 4.89139 4.88879 4.88652 4.88458 4.88298 4.8817 4.88073 4.88009 4.87976 
4.87426 4.87457 4.87522 4.87621 4.87755 4.87924 4.88127 4.88367 4.88642 4.88955 4.89304 4.89691 4.90116 4.90579 4.9108 4.91619 4.92195 4.92808 4.93457 4.94141 4.94857 4.95605 4.96382 4.97185 4.98012 4.9886 4.99724 5.00602 5.01489 5.02382 5.03275 5.04164 5.05044 5.05911 5.0676 5.07586 5.08384 5.0915 5.09879 5.10566 5.11209 5.11802 5.12341 5.12825 5.13249 5.13612 5.1391 5.14142 5.14307 5.14404 5.14431 5.14389 5.14279 5.141 5.13855 5.13544 5.1317 5.12735 5.12241 5.11693 5.11093 5.10446 5.09755 5.09024 5.08258 5.07462 5.0664 5.05797 5.04938 5.04067 5.0319 5.02311 5.01435 5.00566 4.99707 4.98864 4.98039 4.97236 4.96458 4.95707 4.94987 4.94298 4.93643 4.93023 4.92439 4.91893 4.91384 4.90913 4.9048 4.90085 4.89727 4.89407 4.89124 4.88878 4.88667 4.88492 4.88352 4.88247 4.88177 4.8814 
4.87595 4.87628 4.87697 4.87803 4.87947 4.88128 4.88347 4.88604 4.88901 4.89237 4.89613 4.9003 4.90487 4.90985 4.91524 4.92103 4.92722 4.93381 4.94078 4.94811 4.9558 4.96382 4.97215 4.98075 4.98961 4.99868 5.00792 5.01731 5.02679 5.03632 5.04585 5.05533 5.06472 5.07396 5.08301 5.0918 5.1003 5.10845 5.1162 5.12351 5.13033 5.13663 5.14236 5.1475 5.152 5.15585 5.15901 5.16147 5.16322 5.16424 5.16453 5.16408 5.1629 5.161 5.15839 5.15509 5.15111 5.14648 5.14124 5.13541 5.12903 5.12214 5.11478 5.107 5.09884 5.09035 5.08159 5.0726 5.06344 5.05415 5.04478 5.03539 5.02603 5.01673 5.00755 4.99852 4.98968 4.98108 4.97273 4.96468 4.95694 4.94955 4.94251 4.93584 4.92956 4.92368 4.9182 4.91312 4.90845 4.90418 4.90032 4.89686 4.8938 4.89113 4.88885 4.88695 4.88543 4.88429 4.88351 4.88311 
4.87771 4.87805 4.87879 4.87993 4.88146 4.8834 4.88575 4.88852 4.8917 4.89531 4.89934 4.90381 4.90872 4.91406 4.91984 4.92605 4.93268 4.93974 4.9472 4.95505 4.96328 4.97185 4.98075 4.98994 4.9994 5.00908 5.01894 5.02894 5.03904 5.04919 5.05934 5.06943 5.07941 5.08923 5.09884 5.10818 5.1172 5.12584 5.13406 5.14181 5.14905 5.15572 5.16179 5.16723 5.17199 5.17606 5.17941 5.18201 5.18386 5.18494 5.18524 5.18476 5.18351 5.18149 5.17873 5.17522 5.17101 5.1661 5.16054 5.15435 5.14759 5.14027 5.13246 5.1242 5.11554 5.10652 5.09721 5.08765 5.0779 5.06801 5.05804 5.04804 5.03806 5.02814 5.01834 5.00871 4.99927 4.99008 4.98115 4.97254 4.96426 4.95634 4.9488 4.94165 4.93492 4.9286 4.92271 4.91725 4.91223 4.90764 4.90349 4.89976 4.89646 4.89358 4.89112 4.88907 4.88742 4.88618 4.88533 4.88489 
4.87954 4.8799 4.88068 4.88189 4.88353 4.8856 4.88812 4.89108 4.89448 4.89835 4.90267 4.90745 4.9127 4.91841 4.92459 4.93123 4.93832 4.94586 4.95383 4.96221 4.97098 4.98012 4.98961 4.9994 5.00946 5.01976 5.03025 5.04089 5.05162 5.06239 5.07316 5.08387 5.09445 5.10486 5.11504 5.12493 5.13447 5.14362 5.15232 5.16051 5.16815 5.1752 5.18162 5.18736 5.19239 5.19668 5.20021 5.20296 5.2049 5.20604 5.20635 5.20584 5.20452 5.20239 5.19946 5.19576 5.1913 5.18612 5.18024 5.1737 5.16654 5.1588 5.15054 5.14179 5.13261 5.12306 5.11319 5.10305 5.09271 5.08222 5.07163 5.061 5.0504 5.03985 5.02943 5.01917 5.00912 4.99933 4.98982 4.98063 4.97179 4.96334 4.95528 4.94764 4.94044 4.93368 4.92737 4.92153 4.91614 4.91122 4.90676 4.90276 4.89921 4.89612 4.89346 4.89125 4.88948 4.88813 4.88722 4.88673 
4.88142 4.8818 4.88263 4.88392 4.88567 4.88788 4.89056 4.89372 4.89736 4.90148 4.90609 4.9112 4.9168 4.92289 4.92948 4.93656 4.94412 4.95214 4.96063 4.96954 4.97888 4.9886 4.99868 5.00908 5.01976 5.03069 5.04181 5.05309 5.06446 5.07587 5.08726 5.09859 5.10978 5.12078 5.13154 5.14198 5.15205 5.16171 5.17088 5.17952 5.18757 5.195 5.20175 5.2078 5.2131 5.21761 5.22133 5.22422 5.22626 5.22745 5.22778 5.22724 5.22585 5.2236 5.22052 5.21661 5.21192 5.20645 5.20025 5.19335 5.1858 5.17764 5.16892 5.15968 5.14999 5.1399 5.12947 5.11875 5.10781 5.0967 5.08549 5.07424 5.06299 5.05182 5.04076 5.02987 5.0192 5.00879 4.99868 4.98891 4.97951 4.97051 4.96192 4.95378 4.9461 4.93889 4.93216 4.92591 4.92016 4.9149 4.91013 4.90584 4.90204 4.89872 4.89588 4.89351 4.8916 4.89015 4.88916 4.88863 
4.88336 4.88376 4.88463 4.886 4.88786 4.89021 4.89307 4.89643 4.9003 4.90469 4.9096 4.91504 4.921 4.92748 4.93449 4.94201 4.95004 4.95857 4.96757 4.97704 4.98694 4.99724 5.00792 5.01894 5.03025 5.04181 5.05358 5.0655 5.07751 5.08956 5.10159 5.11353 5.12534 5.13693 5.14826 5.15926 5.16986 5.18002 5.18966 5.19875 5.20722 5.21502 5.22212 5.22846 5.23402 5.23877 5.24267 5.24569 5.24784 5.24909 5.24943 5.24886 5.2474 5.24503 5.24179 5.23769 5.23275 5.22701 5.22049 5.21324 5.2053 5.19671 5.18753 5.17781 5.1676 5.15697 5.14597 5.13467 5.12313 5.11141 5.09957 5.08768 5.0758 5.06398 5.05229 5.04076 5.02947 5.01844 5.00772 4.99736 4.98738 4.97783 4.96871 4.96006 4.95189 4.94422 4.93705 4.9304 4.92427 4.91866 4.91358 4.909 4.90495 4.9014 4.89836 4.89582 4.89378 4.89223 4.89116 4.89059 
4.88535 4.88576 4.88669 4.88814 4.89011 4.89261 4.89564 4.89921 4.90332 4.90798 4.91319 4.91896 4.92528 4.93216 4.93959 4.94756 4.95607 4.9651 4.97464 4.98466 4.99513 5.00602 5.01731 5.02894 5.04089 5.05309 5.0655 5.07806 5.09071 5.1034 5.11606 5.12863 5.14105 5.15323 5.16514 5.17669 5.18782 5.19848 5.20859 5.21812 5.227 5.23518 5.24261 5.24926 5.25508 5.26005 5.26413 5.2673 5.26954 5.27084 5.2712 5.2706 5.26907 5.26659 5.26319 5.2589 5.25372 5.2477 5.24087 5.23326 5.22493 5.21592 5.20629 5.19608 5.18536 5.17419 5.16263 5.15074 5.1386 5.12627 5.11381 5.10128 5.08876 5.0763 5.06396 5.0518 5.03987 5.02822 5.01689 5.00593 4.99538 4.98526 4.9756 4.96644 4.95778 4.94964 4.94204 4.93498 4.92847 4.9225 4.91709 4.91223 4.90791 4.90414 4.9009 4.89819 4.89601 4.89435 4.89321 4.89259 
4.88737 4.8878 4.88878 4.89031 4.89239 4.89504 4.89825 4.90203 4.90638 4.91132 4.91683 4.92294 4.92963 4.93691 4.94476 4.95319 4.96219 4.97172 4.98179 4.99236 5.00341 5.01489 5.02679 5.03904 5.05162 5.06446 5.07751 5.09071 5.10401 5.11734 5.13063 5.14382 5.15684 5.16961 5.18209 5.19418 5.20584 5.21699 5.22758 5.23754 5.24682 5.25537 5.26314 5.27008 5.27617 5.28135 5.28561 5.28892 5.29126 5.29262 5.29299 5.29237 5.29076 5.28817 5.28462 5.28013 5.27472 5.26843 5.26128 5.25333 5.24462 5.23519 5.2251 5.21441 5.20319 5.19148 5.17936 5.1669 5.15416 5.14122 5.12813 5.11497 5.10181 5.08871 5.07573 5.06293 5.05036 5.03809 5.02615 5.01459 5.00346 4.99278 4.98258 4.97289 4.96374 4.95513 4.94709 4.93962 4.93272 4.9264 4.92066 4.91551 4.91092 4.90691 4.90347 4.90059 4.89827 4.89651 4.89529 4.89463 
4.88942 4.88987 4.8909 4.89251 4.89471 4.89751 4.9009 4.90489 4.90949 4.9147 4.92052 4.92696 4.93402 4.9417 4.94999 4.95887 4.96835 4.9784 4.98899 5.00012 5.01174 5.02382 5.03632 5.04919 5.06239 5.07587 5.08956 5.1034 5.11734 5.1313 5.14521 5.15902 5.17263 5.18599 5.19903 5.21167 5.22384 5.23548 5.24653 5.25692 5.2666 5.27551 5.28361 5.29085 5.29718 5.30258 5.30702 5.31046 5.3129 5.31431 5.3147 5.31405 5.31237 5.30967 5.30598 5.30129 5.29566 5.28909 5.28164 5.27335 5.26426 5.25442 5.24389 5.23273 5.221 5.20876 5.19609 5.18306 5.16973 5.15618 5.14247 5.12869 5.11489 5.10115 5.08753 5.0741 5.0609 5.048 5.03546 5.0233 5.01159 5.00034 4.9896 4.9794 4.96975 4.96067 4.95218 4.94429 4.93701 4.93033 4.92427 4.91882 4.91397 4.90973 4.90608 4.90303 4.90057 4.8987 4.89741 4.8967 
4.89149 4.89196 4.89304 4.89474 4.89705 4.9 4.90356 4.90777 4.91261 4.9181 4.92423 4.93101 4.93844 4.94652 4.95523 4.96457 4.97453 4.98509 4.99621 5.00789 5.02008 5.03275 5.04585 5.05934 5.07316 5.08726 5.10159 5.11606 5.13063 5.14521 5.15974 5.17415 5.18836 5.20229 5.21588 5.22905 5.24173 5.25385 5.26535 5.27616 5.28623 5.2955 5.30392 5.31144 5.31802 5.32364 5.32824 5.33182 5.33435 5.33582 5.33622 5.33554 5.3338 5.331 5.32715 5.32229 5.31642 5.3096 5.30185 5.29322 5.28376 5.27352 5.26255 5.25093 5.2387 5.22595 5.21274 5.19914 5.18523 5.17108 5.15677 5.14236 5.12794 5.11357 5.09932 5.08525 5.07143 5.05792 5.04476 5.03202 5.01972 5.00792 4.99664 4.98591 4.97577 4.96623 4.9573 4.94899 4.94132 4.93429 4.9279 4.92215 4.91703 4.91256 4.90871 4.90549 4.90289 4.9009 4.89954 4.89878 
4.89357 4.89406 4.89519 4.89697 4.8994 4.90249 4.90624 4.91066 4.91574 4.9215 4.92794 4.93506 4.94286 4.95133 4.96047 4.97027 4.9807 4.99176 5.00341 5.01563 5.02839 5.04164 5.05533 5.06943 5.08387 5.09859 5.11353 5.12863 5.14382 5.15902 5.17415 5.18915 5.20393 5.21843 5.23256 5.24625 5.25942 5.27201 5.28395 5.29517 5.30562 5.31524 5.32397 5.33177 5.33859 5.34441 5.34918 5.35289 5.35551 5.35703 5.35745 5.35675 5.35494 5.35203 5.34805 5.343 5.33692 5.32985 5.32181 5.31285 5.30303 5.2924 5.28101 5.26893 5.25622 5.24297 5.22922 5.21507 5.20059 5.18586 5.17094 5.15593 5.14089 5.1259 5.11102 5.09633 5.0819 5.06778 5.05402 5.04069 5.02782 5.01546 5.00365 4.99241 4.98178 4.97177 4.9624 4.95368 4.94563 4.93824 4.93153 4.92548 4.9201 4.91539 4.91134 4.90795 4.90521 4.90312 4.90168 4.90088 
4.89565 4.89615 4.89734 4.8992 4.90175 4.90498 4.90891 4.91354 4.91886 4.9249 4.93164 4.9391 4.94726 4.95612 4.96568 4.97592 4.98683 4.99838 5.01055 5.02331 5.03662 5.05044 5.06472 5.07941 5.09445 5.10978 5.12534 5.14105 5.15684 5.17263 5.18836 5.20393 5.21928 5.23432 5.24898 5.26317 5.27683 5.28987 5.30224 5.31386 5.32468 5.33463 5.34366 5.35173 5.35879 5.3648 5.36974 5.37357 5.37628 5.37786 5.37828 5.37756 5.37569 5.37269 5.36856 5.36334 5.35706 5.34973 5.34141 5.33214 5.32197 5.31096 5.29916 5.28664 5.27347 5.25972 5.24546 5.23077 5.21573 5.20043 5.18493 5.16932 5.15367 5.13807 5.12259 5.10729 5.09225 5.07753 5.06319 5.04928 5.03585 5.02294 5.0106 4.99886 4.98774 4.97727 4.96747 4.95835 4.94991 4.94217 4.93514 4.9288 4.92316 4.91821 4.91396 4.9104 4.90753 4.90533 4.90381 4.90297 
4.89771 4.89823 4.89947 4.90142 4.90408 4.90746 4.91156 4.91639 4.92196 4.92826 4.9353 4.94309 4.9516 4.96085 4.97083 4.98151 4.99288 5.00492 5.0176 5.03088 5.04473 5.05911 5.07396 5.08923 5.10486 5.12078 5.13693 5.15323 5.16961 5.18599 5.20229 5.21843 5.23432 5.24989 5.26506 5.27974 5.29386 5.30734 5.32012 5.33213 5.3433 5.35357 5.3629 5.37123 5.37851 5.38472 5.38981 5.39376 5.39656 5.39818 5.39862 5.39787 5.39595 5.39285 5.3886 5.38321 5.37672 5.36916 5.36057 5.351 5.34049 5.32911 5.31691 5.30397 5.29035 5.27612 5.26136 5.24615 5.23058 5.21471 5.19865 5.18246 5.16622 5.15003 5.13395 5.11806 5.10243 5.08713 5.07221 5.05773 5.04375 5.03031 5.01746 5.00522 4.99363 4.98271 4.97248 4.96295 4.95414 4.94606 4.93871 4.93208 4.92618 4.92101 4.91657 4.91284 4.90982 4.90752 4.90593 4.90505 
4.89974 4.90029 4.90157 4.9036 4.90637 4.90989 4.91417 4.91921 4.92501 4.93157 4.93891 4.94701 4.95588 4.96551 4.97588 4.98699 4.99881 5.01133 5.0245 5.0383 5.05268 5.0676 5.08301 5.09884 5.11504 5.13154 5.14826 5.16514 5.18209 5.19903 5.21588 5.23256 5.24898 5.26506 5.28071 5.29586 5.31043 5.32434 5.33751 5.34989 5.3614 5.37198 5.38159 5.39016 5.39766 5.40405 5.40929 5.41336 5.41624 5.41791 5.41836 5.4176 5.41561 5.41243 5.40805 5.4025 5.39582 5.38804 5.37919 5.36932 5.3585 5.34676 5.33419 5.32083 5.30677 5.29209 5.27685 5.26114 5.24504 5.22864 5.21203 5.19528 5.17848 5.16171 5.14506 5.12859 5.11239 5.09651 5.08103 5.06601 5.05149 5.03754 5.02418 5.01145 4.9994 4.98804 4.97739 4.96748 4.9583 4.94988 4.94222 4.93531 4.92916 4.92377 4.91913 4.91524 4.91209 4.90969 4.90802 4.90709 
4.90174 4.9023 4.90364 4.90574 4.90862 4.91228 4.91673 4.92196 4.92799 4.93481 4.94243 4.95085 4.96006 4.97005 4.98082 4.99234 5.0046 5.01757 5.03123 5.04552 5.06041 5.07586 5.0918 5.10818 5.12493 5.14198 5.15926 5.17669 5.19418 5.21167 5.22905 5.24625 5.26317 5.27974 5.29586 5.31146 5.32646 5.34077 5.35432 5.36705 5.37888 5.38976 5.39963 5.40844 5.41615 5.42271 5.4281 5.43228 5.43523 5.43695 5.43741 5.43663 5.43459 5.43132 5.42682 5.42113 5.41426 5.40626 5.39717 5.38703 5.3759 5.36383 5.35089 5.33714 5.32267 5.30754 5.29184 5.27565 5.25906 5.24215 5.225 5.20771 5.19037 5.17305 5.15584 5.13882 5.12206 5.10564 5.08962 5.07406 5.05903 5.04457 5.03072 5.01753 5.00503 4.99324 4.98219 4.97189 4.96237 4.95362 4.94565 4.93847 4.93208 4.92647 4.92164 4.91759 4.91431 4.91181 4.91007 4.9091 
4.90368 4.90427 4.90565 4.90783 4.91082 4.91461 4.91922 4.92464 4.93089 4.93796 4.94586 4.95457 4.96411 4.97446 4.9856 4.99752 5.01021 5.02362 5.03773 5.05251 5.06789 5.08384 5.1003 5.1172 5.13447 5.15205 5.16986 5.18782 5.20584 5.22384 5.24173 5.25942 5.27683 5.29386 5.31043 5.32646 5.34186 5.35655 5.37047 5.38353 5.39567 5.40683 5.41695 5.42598 5.43388 5.44061 5.44613 5.45042 5.45345 5.4552 5.45568 5.45488 5.45279 5.44944 5.44483 5.43899 5.43196 5.42375 5.41443 5.40403 5.3926 5.38022 5.36693 5.35282 5.33795 5.3224 5.30627 5.28962 5.27255 5.25514 5.2375 5.21969 5.20183 5.18398 5.16624 5.14868 5.1314 5.11445 5.09791 5.08185 5.06632 5.05137 5.03705 5.02341 5.01047 4.99827 4.98683 4.97617 4.96631 4.95724 4.94898 4.94154 4.93491 4.92909 4.92408 4.91987 4.91647 4.91387 4.91207 4.91106 
4.90556 4.90617 4.90759 4.90985 4.91294 4.91686 4.92162 4.92723 4.93369 4.941 4.94916 4.95816 4.96801 4.9787 4.9902 5.00251 5.0156 5.02944 5.04399 5.05922 5.07507 5.0915 5.10845 5.12584 5.14362 5.16171 5.18002 5.19848 5.21699 5.23548 5.25385 5.27201 5.28987 5.30734 5.32434 5.34077 5.35655 5.37161 5.38586 5.39923 5.41166 5.42309 5.43345 5.44269 5.45077 5.45766 5.4633 5.46769 5.47079 5.47259 5.47307 5.47225 5.47012 5.46669 5.46198 5.45601 5.44881 5.44042 5.43088 5.42023 5.40853 5.39585 5.38224 5.36777 5.35253 5.33659 5.32004 5.30296 5.28544 5.26757 5.24945 5.23116 5.21279 5.19444 5.1762 5.15814 5.14034 5.1229 5.10587 5.08932 5.07331 5.0579 5.04314 5.02906 5.01571 5.00312 4.99131 4.98029 4.9701 4.96073 4.9522 4.9445 4.93764 4.93162 4.92643 4.92208 4.91856 4.91587 4.914 4.91296 
4.90737 4.90799 4.90946 4.91178 4.91497 4.91901 4.92393 4.92971 4.93637 4.9439 4.95231 4.9616 4.97174 4.98275 4.9946 5.00727 5.02074 5.03498 5.04995 5.06561 5.0819 5.09879 5.1162 5.13406 5.15232 5.17088 5.18966 5.20859 5.22758 5.24653 5.26535 5.28395 5.30224 5.32012 5.33751 5.35432 5.37047 5.38586 5.40043 5.41409 5.42679 5.43846 5.44905 5.45849 5.46674 5.47377 5.47953 5.48401 5.48717 5.48901 5.48951 5.48867 5.4865 5.483 5.4782 5.4721 5.46475 5.45618 5.44643 5.43556 5.4236 5.41064 5.39672 5.38193 5.36634 5.35004 5.33309 5.31561 5.29767 5.27936 5.26079 5.24204 5.2232 5.20438 5.18566 5.16712 5.14885 5.13093 5.11343 5.09642 5.07997 5.06412 5.04893 5.03445 5.02071 5.00774 4.99557 4.98423 4.97372 4.96406 4.95526 4.94733 4.94025 4.93404 4.92869 4.9242 4.92056 4.91778 4.91585 4.91477 
4.90908 4.90972 4.91123 4.91362 4.9169 4.92106 4.92611 4.93206 4.93891 4.94666 4.9553 4.96485 4.97528 4.98658 4.99876 5.01177 5.0256 5.04021 5.05557 5.07164 5.08835 5.10566 5.12351 5.14181 5.16051 5.17952 5.19875 5.21812 5.23754 5.25692 5.27616 5.29517 5.31386 5.33213 5.34989 5.36705 5.38353 5.39923 5.41409 5.42803 5.44099 5.45288 5.46367 5.47329 5.48171 5.48887 5.49474 5.4993 5.50253 5.5044 5.50492 5.50406 5.50185 5.49829 5.49339 5.48718 5.4797 5.47096 5.46102 5.44993 5.43774 5.42452 5.41032 5.39523 5.37932 5.36266 5.34536 5.32749 5.30916 5.29045 5.27145 5.25227 5.233 5.21374 5.19457 5.17559 5.15687 5.13851 5.12057 5.10313 5.08625 5.06999 5.0544 5.03954 5.02543 5.01211 4.99961 4.98795 4.97715 4.96722 4.95817 4.95001 4.94273 4.93634 4.93083 4.92621 4.92246 4.9196 4.91761 4.9165 
4.9107 4.91135 4.9129 4.91535 4.91871 4.92298 4.92817 4.93427 4.9413 4.94924 4.95811 4.96789 4.97859 4.99018 5.00265 5.01598 5.03015 5.04511 5.06084 5.07728 5.09438 5.11209 5.13033 5.14905 5.16815 5.18757 5.20722 5.227 5.24682 5.2666 5.28623 5.30562 5.32468 5.3433 5.3614 5.37888 5.39567 5.41166 5.42679 5.44099 5.45417 5.46628 5.47725 5.48704 5.4956 5.50289 5.50886 5.5135 5.51678 5.51869 5.51921 5.51835 5.5161 5.51248 5.5075 5.50119 5.49357 5.48469 5.47457 5.46329 5.45088 5.43742 5.42296 5.40759 5.39138 5.37441 5.35677 5.33856 5.31986 5.30077 5.28139 5.26181 5.24214 5.22246 5.20288 5.18348 5.16435 5.14558 5.12723 5.10939 5.09212 5.07548 5.05952 5.04429 5.02984 5.0162 5.00339 4.99144 4.98036 4.97018 4.9609 4.95252 4.94505 4.93849 4.93284 4.92809 4.92425 4.92131 4.91927 4.91812 
4.9122 4.91286 4.91445 4.91696 4.9204 4.92477 4.93008 4.93632 4.94351 4.95164 4.96071 4.97072 4.98165 4.9935 5.00625 5.01988 5.03435 5.04964 5.0657 5.08249 5.09995 5.11802 5.13663 5.15572 5.1752 5.195 5.21502 5.23518 5.25537 5.27551 5.2955 5.31524 5.33463 5.35357 5.37198 5.38976 5.40683 5.42309 5.43846 5.45288 5.46628 5.47858 5.48972 5.49967 5.50836 5.51575 5.52182 5.52653 5.52986 5.5318 5.53233 5.53146 5.52918 5.5255 5.52045 5.51404 5.50631 5.49729 5.48702 5.47556 5.46295 5.44927 5.43458 5.41895 5.40247 5.38521 5.36727 5.34873 5.3297 5.31027 5.29053 5.27059 5.25055 5.2305 5.21054 5.19076 5.17125 5.1521 5.13338 5.11517 5.09754 5.08055 5.06425 5.04869 5.03393 5.01998 5.00688 4.99466 4.98334 4.97292 4.96343 4.95485 4.94721 4.94049 4.93471 4.92985 4.92591 4.9229 4.9208 4.91963 
4.91357 4.91425 4.91587 4.91843 4.92195 4.92641 4.93183 4.9382 4.94554 4.95384 4.96309 4.9733 4.98446 4.99654 5.00954 5.02344 5.03819 5.05377 5.07013 5.08723 5.10501 5.12341 5.14236 5.16179 5.18162 5.20175 5.22212 5.24261 5.26314 5.28361 5.30392 5.32397 5.34366 5.3629 5.38159 5.39963 5.41695 5.43345 5.44905 5.46367 5.47725 5.48972 5.50103 5.51111 5.51991 5.52741 5.53356 5.53834 5.54172 5.54368 5.54422 5.54334 5.54103 5.5373 5.53218 5.52569 5.51786 5.50871 5.4983 5.48668 5.4739 5.46002 5.44512 5.42926 5.41253 5.39501 5.37679 5.35797 5.33864 5.3189 5.29884 5.27858 5.2582 5.23781 5.21751 5.19739 5.17753 5.15804 5.13898 5.12044 5.10248 5.08517 5.06856 5.05271 5.03765 5.02343 5.01008 4.99761 4.98606 4.97543 4.96574 4.95699 4.94918 4.94233 4.93642 4.93145 4.92743 4.92435 4.92222 4.92102 
4.91482 4.91551 4.91716 4.91977 4.92334 4.92789 4.9334 4.9399 4.94736 4.95581 4.96523 4.97562 4.98698 4.99927 5.0125 5.02663 5.04163 5.05747 5.07411 5.09149 5.10956 5.12825 5.1475 5.16723 5.18736 5.2078 5.22846 5.24926 5.27008 5.29085 5.31144 5.33177 5.35173 5.37123 5.39016 5.40844 5.42598 5.44269 5.45849 5.47329 5.48704 5.49967 5.51111 5.52131 5.53022 5.53781 5.54403 5.54886 5.55228 5.55427 5.55482 5.55392 5.55159 5.54783 5.54265 5.53608 5.52815 5.5189 5.50836 5.4966 5.48366 5.46961 5.45452 5.43846 5.42151 5.40376 5.3853 5.36622 5.34663 5.32661 5.30627 5.28571 5.26504 5.24435 5.22374 5.20331 5.18315 5.16335 5.14399 5.12515 5.1069 5.08931 5.07242 5.0563 5.04099 5.02653 5.01294 5.00026 4.9885 4.97768 4.96782 4.95891 4.95096 4.94398 4.93796 4.9329 4.92881 4.92567 4.92349 4.92227 
4.91592 4.91662 4.91829 4.92094 4.92458 4.92919 4.9348 4.94139 4.94898 4.95755 4.96712 4.97767 4.9892 5.00168 5.0151 5.02944 5.04466 5.06073 5.0776 5.09523 5.11354 5.13249 5.152 5.17199 5.19239 5.2131 5.23402 5.25508 5.27617 5.29718 5.31802 5.33859 5.35879 5.37851 5.39766 5.41615 5.43388 5.45077 5.46674 5.48171 5.4956 5.50836 5.51991 5.53022 5.53923 5.54689 5.55318 5.55806 5.56151 5.56352 5.56408 5.56318 5.56082 5.55702 5.55179 5.54516 5.53715 5.5278 5.51716 5.50527 5.4922 5.478 5.46274 5.4465 5.42937 5.41142 5.39275 5.37345 5.35362 5.33336 5.31277 5.29196 5.27103 5.25007 5.2292 5.2085 5.18808 5.16801 5.14839 5.12929 5.11079 5.09294 5.07582 5.05946 5.04393 5.02925 5.01546 5.00259 4.99065 4.97967 4.96965 4.9606 4.95253 4.94544 4.93932 4.93418 4.93002 4.92683 4.92462 4.92337 
4.91687 4.91758 4.91927 4.92196 4.92564 4.93032 4.936 4.94268 4.95036 4.95905 4.96874 4.97943 4.9911 5.00374 5.01733 5.03184 5.04725 5.06351 5.08059 5.09842 5.11695 5.13612 5.15585 5.17606 5.19668 5.21761 5.23877 5.26005 5.28135 5.30258 5.32364 5.34441 5.3648 5.38472 5.40405 5.42271 5.44061 5.45766 5.47377 5.48887 5.50289 5.51575 5.52741 5.53781 5.54689 5.55462 5.56096 5.56589 5.56937 5.5714 5.57196 5.57105 5.56867 5.56484 5.55957 5.55288 5.54481 5.53538 5.52465 5.51265 5.49946 5.48513 5.46974 5.45335 5.43606 5.41794 5.39908 5.3796 5.35957 5.33911 5.31831 5.29728 5.27613 5.25496 5.23386 5.21293 5.19228 5.17199 5.15215 5.13283 5.1141 5.09605 5.07872 5.06217 5.04644 5.03158 5.01762 5.00459 4.9925 4.98137 4.97122 4.96206 4.95388 4.94669 4.94049 4.93529 4.93107 4.92784 4.92559 4.92433 
4.91766 4.91838 4.92009 4.92281 4.92653 4.93125 4.93699 4.94375 4.95151 4.96029 4.97009 4.98088 4.99267 5.00544 5.01917 5.03383 5.04939 5.06581 5.08305 5.10105 5.11976 5.1391 5.15901 5.17941 5.20021 5.22133 5.24267 5.26413 5.28561 5.30702 5.32824 5.34918 5.36974 5.38981 5.40929 5.4281 5.44613 5.4633 5.47953 5.49474 5.50886 5.52182 5.53356 5.54403 5.55318 5.56096 5.56735 5.57231 5.57581 5.57786 5.57842 5.57751 5.57512 5.57126 5.56596 5.55922 5.55109 5.5416 5.53079 5.51871 5.50542 5.49099 5.47548 5.45897 5.44155 5.42329 5.40429 5.38464 5.36446 5.34383 5.32286 5.30166 5.28032 5.25897 5.23768 5.21658 5.19574 5.17526 5.15523 5.13573 5.11684 5.09861 5.08111 5.0644 5.04852 5.03351 5.0194 5.00624 4.99402 4.98278 4.97252 4.96326 4.955 4.94773 4.94147 4.9362 4.93194 4.92867 4.9264 4.92513 
4.91829 4.91901 4.92074 4.92348 4.92723 4.93199 4.93778 4.94459 4.95242 4.96127 4.97114 4.98202 4.99391 5.00677 5.02061 5.03538 5.05106 5.0676 5.08497 5.1031 5.12194 5.14142 5.16147 5.18201 5.20296 5.22422 5.24569 5.2673 5.28892 5.31046 5.33182 5.35289 5.37357 5.39376 5.41336 5.43228 5.45042 5.46769 5.48401 5.4993 5.5135 5.52653 5.53834 5.54886 5.55806 5.56589 5.57231 5.57729 5.58082 5.58287 5.58344 5.58252 5.58012 5.57625 5.57091 5.56414 5.55597 5.54642 5.53555 5.52341 5.51005 5.49554 5.47994 5.46334 5.44581 5.42744 5.40833 5.38856 5.36825 5.34749 5.32639 5.30505 5.28358 5.26208 5.24066 5.21941 5.19843 5.17781 5.15764 5.138 5.11896 5.1006 5.08297 5.06614 5.05014 5.03501 5.0208 5.00753 4.99522 4.98389 4.97355 4.96421 4.95588 4.94855 4.94224 4.93693 4.93263 4.92933 4.92704 4.92576 
4.91875 4.91947 4.92121 4.92397 4.92774 4.93253 4.93835 4.9452 4.95307 4.96197 4.9719 4.98284 4.99479 5.00773 5.02164 5.03649 5.05225 5.06888 5.08633 5.10456 5.12349 5.14307 5.16322 5.18386 5.2049 5.22626 5.24784 5.26954 5.29126 5.3129 5.33435 5.35551 5.37628 5.39656 5.41624 5.43523 5.45345 5.47079 5.48717 5.50253 5.51678 5.52986 5.54172 5.55228 5.56151 5.56937 5.57581 5.58082 5.58436 5.58642 5.58699 5.58607 5.58366 5.57977 5.57442 5.56762 5.55942 5.54984 5.53893 5.52673 5.51332 5.49875 5.48309 5.46642 5.44882 5.43037 5.41118 5.39133 5.37093 5.35008 5.32889 5.30745 5.28588 5.26429 5.24276 5.22141 5.20033 5.17961 5.15934 5.1396 5.12047 5.10202 5.0843 5.06738 5.05129 5.03609 5.0218 5.00845 4.99607 4.98468 4.97428 4.96489 4.95651 4.94914 4.94279 4.93745 4.93313 4.92982 4.92751 4.92622 
4.91903 4.91976 4.92151 4.92427 4.92805 4.93286 4.9387 4.94557 4.95347 4.9624 4.97236 4.98334 4.99532 5.0083 5.02225 5.03715 5.05295 5.06963 5.08714 5.10541 5.1244 5.14404 5.16424 5.18494 5.20604 5.22745 5.24909 5.27084 5.29262 5.31431 5.33582 5.35703 5.37786 5.39818 5.41791 5.43695 5.4552 5.47259 5.48901 5.5044 5.51869 5.5318 5.54368 5.55427 5.56352 5.5714 5.57786 5.58287 5.58642 5.58849 5.58906 5.58814 5.58572 5.58182 5.57646 5.56965 5.56142 5.55182 5.54088 5.52866 5.51522 5.50061 5.48492 5.4682 5.45056 5.43207 5.41283 5.39293 5.37248 5.35158 5.33033 5.30884 5.28722 5.26556 5.24398 5.22257 5.20144 5.18066 5.16034 5.14054 5.12136 5.10285 5.08508 5.06811 5.05197 5.03672 5.02239 5.009 4.99659 4.98516 4.97473 4.96531 4.9569 4.94951 4.94314 4.93778 4.93344 4.93011 4.9278 4.92651 
