2.40901 2.40926 2.40952 2.40977 2.41002 2.41026 2.41049 2.41072 2.41094 2.41115 2.41135 2.41154 2.41173 2.41191 2.4121 2.41228 2.41247 2.41266 2.41286 2.41307 2.4133 2.41355 2.41382 2.41411 2.41442 2.41476 2.41513 2.41553 2.41596 2.41641 2.41689 2.4174 2.41793 2.41847 2.41904 2.41961 2.42019 2.42076 2.42133 2.42189 2.42243 2.42295 2.42343 2.42388 2.42428 2.42464 2.42494 2.42518 2.42537 2.42549 2.42554 2.42554 2.42546 2.42533 2.42513 2.42487 2.42456 2.4242 2.42379 2.42334 2.42285 2.42234 2.42181 2.42126 2.4207 2.42013 2.41957 2.41902 2.41847 2.41795 2.41744 2.41696 2.41651 2.41609 2.41569 2.41533 2.41501 2.41472 2.41446 2.41424 2.41405 2.4139 2.41378 2.4137 2.41364 2.41362 2.41363 2.41366 2.41373 2.41382 2.41393 2.41407 2.41424 2.41442 2.41462 2.41483 2.41506 2.4153 2.41554 2.41579 
2.40926 2.40952 2.40978 2.41003 2.41028 2.41052 2.41075 2.41098 2.41119 2.4114 2.4116 2.41179 2.41198 2.41217 2.41235 2.41253 2.41272 2.41291 2.41311 2.41333 2.41356 2.41381 2.41408 2.41437 2.41469 2.41503 2.41541 2.41581 2.41624 2.41671 2.4172 2.41771 2.41825 2.41881 2.41938 2.41997 2.42055 2.42114 2.42173 2.4223 2.42285 2.42338 2.42387 2.42433 2.42474 2.4251 2.42541 2.42566 2.42585 2.42597 2.42603 2.42602 2.42595 2.42581 2.4256 2.42534 2.42502 2.42465 2.42423 2.42377 2.42328 2.42275 2.42221 2.42165 2.42107 2.4205 2.41992 2.41936 2.4188 2.41827 2.41775 2.41727 2.4168 2.41637 2.41597 2.41561 2.41528 2.41498 2.41472 2.4145 2.41431 2.41416 2.41404 2.41395 2.4139 2.41387 2.41388 2.41392 2.41398 2.41407 2.41419 2.41433 2.41449 2.41467 2.41487 2.41509 2.41531 2.41555 2.4158 2.41605 
2.40952 2.40978 2.41003 2.41028 2.41053 2.41077 2.41101 2.41123 2.41145 2.41166 2.41186 2.41206 2.41225 2.41244 2.41262 2.41281 2.41301 2.41321 2.41342 2.41365 2.41389 2.41415 2.41444 2.41475 2.41509 2.41547 2.41587 2.4163 2.41677 2.41726 2.41779 2.41834 2.41892 2.41952 2.42014 2.42077 2.4214 2.42204 2.42266 2.42328 2.42387 2.42444 2.42497 2.42546 2.4259 2.42629 2.42662 2.42688 2.42708 2.42722 2.42728 2.42727 2.42718 2.42703 2.42681 2.42653 2.42618 2.42578 2.42533 2.42484 2.42431 2.42374 2.42316 2.42255 2.42194 2.42132 2.4207 2.42009 2.4195 2.41892 2.41837 2.41784 2.41734 2.41688 2.41645 2.41606 2.4157 2.41539 2.4151 2.41486 2.41466 2.41449 2.41436 2.41426 2.41419 2.41416 2.41416 2.41419 2.41425 2.41434 2.41446 2.41459 2.41475 2.41493 2.41513 2.41534 2.41557 2.41581 2.41605 2.41631 
2.40977 2.41003 2.41028 2.41054 2.41079 2.41103 2.41126 2.41149 2.41171 2.41193 2.41213 2.41233 2.41253 2.41273 2.41292 2.41313 2.41333 2.41355 2.41378 2.41403 2.4143 2.4146 2.41492 2.41527 2.41565 2.41607 2.41652 2.41701 2.41753 2.41809 2.41869 2.41931 2.41996 2.42064 2.42133 2.42204 2.42275 2.42346 2.42416 2.42485 2.42551 2.42615 2.42674 2.42729 2.42778 2.42821 2.42858 2.42888 2.4291 2.42924 2.42931 2.4293 2.4292 2.42903 2.42878 2.42846 2.42807 2.42763 2.42712 2.42656 2.42597 2.42533 2.42467 2.42399 2.4233 2.42261 2.42191 2.42123 2.42056 2.41991 2.41929 2.4187 2.41814 2.41762 2.41713 2.41669 2.41629 2.41593 2.41561 2.41533 2.41509 2.4149 2.41474 2.41462 2.41454 2.41449 2.41448 2.4145 2.41455 2.41463 2.41473 2.41486 2.41502 2.41519 2.41539 2.4156 2.41583 2.41606 2.41631 2.41656 
2.41002 2.41028 2.41053 2.41079 2.41104 2.41128 2.41152 2.41175 2.41197 2.41219 2.41241 2.41262 2.41283 2.41303 2.41325 2.41347 2.4137 2.41394 2.4142 2.41449 2.4148 2.41514 2.41551 2.41592 2.41636 2.41685 2.41738 2.41795 2.41856 2.41922 2.41991 2.42063 2.42139 2.42218 2.42298 2.4238 2.42463 2.42545 2.42627 2.42706 2.42783 2.42856 2.42924 2.42987 2.43043 2.43093 2.43135 2.43169 2.43194 2.43211 2.43218 2.43216 2.43205 2.43185 2.43156 2.43119 2.43074 2.43022 2.42963 2.42899 2.4283 2.42756 2.4268 2.42601 2.42521 2.4244 2.4236 2.4228 2.42203 2.42127 2.42055 2.41986 2.41921 2.4186 2.41803 2.41751 2.41704 2.41662 2.41624 2.41591 2.41562 2.41538 2.41519 2.41504 2.41493 2.41486 2.41482 2.41482 2.41486 2.41492 2.41502 2.41514 2.41529 2.41546 2.41565 2.41586 2.41608 2.41631 2.41656 2.41681 
2.41026 2.41052 2.41077 2.41103 2.41128 2.41153 2.41177 2.41201 2.41224 2.41246 2.41269 2.41291 2.41313 2.41336 2.4136 2.41384 2.41411 2.41439 2.41469 2.41502 2.41539 2.41579 2.41624 2.41672 2.41725 2.41784 2.41847 2.41915 2.41988 2.42066 2.42149 2.42235 2.42325 2.42419 2.42514 2.42611 2.42709 2.42806 2.42902 2.42996 2.43086 2.43172 2.43252 2.43326 2.43392 2.43451 2.435 2.43539 2.43569 2.43587 2.43596 2.43593 2.43579 2.43555 2.43521 2.43477 2.43424 2.43362 2.43293 2.43217 2.43135 2.43048 2.42958 2.42865 2.4277 2.42675 2.42579 2.42485 2.42393 2.42304 2.42217 2.42135 2.42058 2.41985 2.41917 2.41855 2.41798 2.41747 2.41701 2.41661 2.41626 2.41596 2.41572 2.41552 2.41537 2.41526 2.4152 2.41517 2.41519 2.41524 2.41532 2.41543 2.41556 2.41573 2.41591 2.41611 2.41633 2.41656 2.4168 2.41705 
2.41049 2.41075 2.41101 2.41126 2.41152 2.41177 2.41202 2.41226 2.4125 2.41274 2.41298 2.41321 2.41346 2.41371 2.41398 2.41426 2.41456 2.41489 2.41525 2.41565 2.41609 2.41657 2.41711 2.4177 2.41834 2.41905 2.41981 2.42064 2.42152 2.42247 2.42346 2.42451 2.42559 2.42671 2.42786 2.42902 2.43019 2.43136 2.43251 2.43362 2.4347 2.43572 2.43667 2.43754 2.43833 2.43902 2.4396 2.44006 2.4404 2.44062 2.44072 2.44068 2.44051 2.44022 2.43981 2.43928 2.43865 2.43791 2.43708 2.43618 2.4352 2.43416 2.43308 2.43197 2.43084 2.42969 2.42855 2.42742 2.42631 2.42524 2.4242 2.42321 2.42228 2.4214 2.42058 2.41982 2.41913 2.4185 2.41794 2.41744 2.41701 2.41664 2.41632 2.41607 2.41587 2.41572 2.41561 2.41556 2.41554 2.41556 2.41563 2.41572 2.41584 2.41599 2.41617 2.41636 2.41657 2.4168 2.41704 2.41728 
2.41072 2.41098 2.41123 2.41149 2.41175 2.41201 2.41226 2.41251 2.41276 2.41302 2.41327 2.41353 2.4138 2.41409 2.41439 2.41472 2.41508 2.41547 2.4159 2.41638 2.41691 2.4175 2.41815 2.41887 2.41966 2.42052 2.42145 2.42246 2.42353 2.42468 2.42589 2.42715 2.42846 2.42982 2.4312 2.43261 2.43401 2.43541 2.43678 2.43812 2.43941 2.44063 2.44176 2.4428 2.44374 2.44455 2.44524 2.44579 2.4462 2.44645 2.44656 2.44651 2.44631 2.44595 2.44546 2.44482 2.44406 2.44318 2.44218 2.4411 2.43992 2.43868 2.43738 2.43605 2.43468 2.4333 2.43193 2.43057 2.42923 2.42793 2.42668 2.42548 2.42435 2.42328 2.42228 2.42136 2.42051 2.41974 2.41905 2.41844 2.41789 2.41743 2.41703 2.4167 2.41643 2.41622 2.41607 2.41597 2.41592 2.41591 2.41595 2.41602 2.41613 2.41626 2.41642 2.41661 2.41681 2.41703 2.41727 2.41751 
2.41094 2.41119 2.41145 2.41171 2.41197 2.41224 2.4125 2.41276 2.41303 2.4133 2.41358 2.41387 2.41417 2.4145 2.41485 2.41524 2.41566 2.41613 2.41665 2.41723 2.41788 2.4186 2.41939 2.42027 2.42123 2.42228 2.42342 2.42464 2.42595 2.42735 2.42881 2.43035 2.43194 2.43357 2.43524 2.43693 2.43862 2.4403 2.44195 2.44355 2.44509 2.44654 2.4479 2.44914 2.45025 2.45122 2.45204 2.45269 2.45316 2.45346 2.45358 2.45352 2.45327 2.45285 2.45225 2.45149 2.45057 2.44951 2.44832 2.44702 2.44561 2.44412 2.44256 2.44095 2.43931 2.43766 2.436 2.43436 2.43275 2.43118 2.42966 2.42821 2.42683 2.42553 2.42432 2.42319 2.42216 2.42121 2.42036 2.4196 2.41893 2.41835 2.41784 2.41742 2.41707 2.41679 2.41658 2.41642 2.41633 2.41628 2.41629 2.41633 2.41642 2.41653 2.41668 2.41685 2.41705 2.41726 2.41749 2.41773 
2.41115 2.4114 2.41166 2.41193 2.41219 2.41246 2.41274 2.41302 2.4133 2.41359 2.4139 2.41423 2.41457 2.41495 2.41536 2.41582 2.41632 2.41689 2.41752 2.41822 2.41901 2.41988 2.42086 2.42193 2.4231 2.42438 2.42576 2.42725 2.42885 2.43053 2.43231 2.43416 2.43608 2.43805 2.44006 2.44209 2.44412 2.44613 2.4481 2.45001 2.45184 2.45358 2.45519 2.45666 2.45798 2.45913 2.46009 2.46086 2.46142 2.46177 2.46191 2.46182 2.46153 2.46102 2.4603 2.45939 2.45829 2.45703 2.4556 2.45404 2.45236 2.45058 2.44871 2.44679 2.44482 2.44283 2.44084 2.43887 2.43693 2.43504 2.43321 2.43146 2.42979 2.42821 2.42674 2.42537 2.4241 2.42295 2.42191 2.42097 2.42014 2.41941 2.41878 2.41825 2.4178 2.41743 2.41714 2.41693 2.41677 2.41668 2.41665 2.41666 2.41671 2.41681 2.41694 2.4171 2.41728 2.41748 2.41771 2.41794 
2.41135 2.4116 2.41186 2.41213 2.41241 2.41269 2.41298 2.41327 2.41358 2.4139 2.41424 2.41461 2.41501 2.41545 2.41593 2.41647 2.41708 2.41776 2.41852 2.41938 2.42033 2.4214 2.42258 2.42388 2.42531 2.42686 2.42854 2.43034 2.43226 2.4343 2.43644 2.43867 2.44097 2.44334 2.44574 2.44816 2.45058 2.45298 2.45533 2.4576 2.45977 2.46183 2.46374 2.46548 2.46704 2.46839 2.46953 2.47043 2.47108 2.47149 2.47164 2.47154 2.47118 2.47057 2.46972 2.46863 2.46733 2.46582 2.46413 2.46227 2.46027 2.45815 2.45593 2.45363 2.45129 2.44891 2.44653 2.44417 2.44185 2.43958 2.43738 2.43527 2.43326 2.43136 2.42958 2.42792 2.42639 2.42499 2.42371 2.42257 2.42155 2.42065 2.41987 2.4192 2.41863 2.41816 2.41778 2.41748 2.41726 2.41711 2.41703 2.417 2.41702 2.41709 2.4172 2.41734 2.41751 2.4177 2.41792 2.41815 
2.41154 2.41179 2.41206 2.41233 2.41262 2.41291 2.41321 2.41353 2.41387 2.41423 2.41461 2.41503 2.41549 2.41601 2.41658 2.41722 2.41795 2.41877 2.41969 2.42072 2.42188 2.42317 2.4246 2.42617 2.42789 2.42977 2.43179 2.43396 2.43627 2.43872 2.44128 2.44394 2.44669 2.44951 2.45237 2.45525 2.45812 2.46096 2.46374 2.46642 2.46899 2.47141 2.47365 2.4757 2.47753 2.47912 2.48044 2.4815 2.48226 2.48274 2.48291 2.48278 2.48235 2.48162 2.48061 2.47933 2.47779 2.47601 2.47401 2.47182 2.46945 2.46694 2.46431 2.46159 2.45881 2.45599 2.45316 2.45035 2.44758 2.44488 2.44225 2.43973 2.43732 2.43504 2.4329 2.4309 2.42906 2.42736 2.42582 2.42443 2.42318 2.42208 2.42112 2.42028 2.41957 2.41898 2.41849 2.4181 2.4178 2.41759 2.41744 2.41737 2.41735 2.41738 2.41746 2.41758 2.41773 2.41792 2.41812 2.41834 
2.41173 2.41198 2.41225 2.41253 2.41283 2.41313 2.41346 2.4138 2.41417 2.41457 2.41501 2.41549 2.41603 2.41663 2.41731 2.41808 2.41895 2.41993 2.42104 2.42228 2.42368 2.42523 2.42695 2.42884 2.43091 2.43316 2.43559 2.43818 2.44094 2.44385 2.4469 2.45007 2.45333 2.45666 2.46005 2.46344 2.46683 2.47017 2.47343 2.47658 2.47959 2.48242 2.48505 2.48744 2.48957 2.49142 2.49296 2.49418 2.49507 2.49561 2.4958 2.49564 2.49513 2.49428 2.49309 2.49159 2.48978 2.48769 2.48535 2.48277 2.47999 2.47704 2.47395 2.47075 2.46747 2.46415 2.46081 2.45749 2.45421 2.451 2.44789 2.44489 2.44203 2.43931 2.43675 2.43436 2.43215 2.43011 2.42825 2.42657 2.42507 2.42373 2.42256 2.42153 2.42066 2.41992 2.4193 2.4188 2.41841 2.41811 2.4179 2.41776 2.4177 2.41769 2.41774 2.41783 2.41796 2.41813 2.41832 2.41854 
2.41191 2.41217 2.41244 2.41273 2.41303 2.41336 2.41371 2.41409 2.4145 2.41495 2.41545 2.41601 2.41663 2.41734 2.41814 2.41906 2.42009 2.42127 2.4226 2.42409 2.42576 2.42762 2.42968 2.43194 2.43441 2.43709 2.43998 2.44306 2.44633 2.44978 2.45338 2.45711 2.46096 2.46488 2.46885 2.47283 2.47679 2.48069 2.4845 2.48817 2.49167 2.49496 2.49801 2.50078 2.50325 2.50539 2.50717 2.50858 2.5096 2.51022 2.51043 2.51024 2.50964 2.50864 2.50726 2.50551 2.5034 2.50097 2.49824 2.49524 2.492 2.48855 2.48494 2.4812 2.47736 2.47347 2.46956 2.46566 2.46181 2.45803 2.45436 2.45082 2.44743 2.44422 2.44118 2.43834 2.43571 2.43328 2.43106 2.42905 2.42724 2.42563 2.42421 2.42297 2.42189 2.42098 2.42022 2.41959 2.41908 2.41869 2.41839 2.41819 2.41807 2.41802 2.41803 2.41809 2.41819 2.41834 2.41852 2.41873 
2.4121 2.41235 2.41262 2.41292 2.41325 2.4136 2.41398 2.41439 2.41485 2.41536 2.41593 2.41658 2.41731 2.41814 2.41909 2.42018 2.42141 2.42281 2.42439 2.42617 2.42816 2.43038 2.43282 2.43551 2.43844 2.44161 2.44502 2.44866 2.45251 2.45656 2.46079 2.46516 2.46965 2.47423 2.47886 2.48349 2.48809 2.49262 2.49703 2.50128 2.50532 2.50912 2.51263 2.51582 2.51866 2.52111 2.52316 2.52477 2.52593 2.52664 2.52688 2.52665 2.52595 2.52479 2.52319 2.52116 2.51873 2.51592 2.51276 2.50929 2.50554 2.50155 2.49737 2.49302 2.48857 2.48404 2.47948 2.47494 2.47044 2.46603 2.46173 2.45759 2.45361 2.44982 2.44625 2.4429 2.43979 2.43691 2.43428 2.43188 2.42973 2.4278 2.42609 2.4246 2.4233 2.42219 2.42125 2.42047 2.41984 2.41933 2.41894 2.41866 2.41847 2.41836 2.41833 2.41835 2.41843 2.41856 2.41872 2.41892 
2.41228 2.41253 2.41281 2.41313 2.41347 2.41384 2.41426 2.41472 2.41524 2.41582 2.41647 2.41722 2.41808 2.41906 2.42018 2.42146 2.42292 2.42458 2.42645 2.42856 2.43092 2.43354 2.43643 2.4396 2.44305 2.44677 2.45077 2.45503 2.45954 2.46426 2.46919 2.47427 2.47949 2.4848 2.49015 2.4955 2.50081 2.50602 2.51109 2.51597 2.5206 2.52495 2.52897 2.53262 2.53586 2.53865 2.54098 2.54282 2.54414 2.54493 2.54519 2.54492 2.54412 2.54279 2.54095 2.53863 2.53584 2.53261 2.52899 2.525 2.5207 2.51611 2.51129 2.50629 2.50115 2.49593 2.49066 2.4854 2.48019 2.47507 2.47007 2.46524 2.46061 2.45619 2.45201 2.44808 2.44443 2.44104 2.43794 2.43511 2.43256 2.43028 2.42825 2.42646 2.4249 2.42356 2.42243 2.42147 2.42069 2.42005 2.41955 2.41918 2.41891 2.41874 2.41865 2.41863 2.41868 2.41878 2.41892 2.41911 
2.41247 2.41272 2.41301 2.41333 2.4137 2.41411 2.41456 2.41508 2.41566 2.41632 2.41708 2.41795 2.41895 2.42009 2.42141 2.42292 2.42464 2.4266 2.42881 2.43129 2.43406 2.43714 2.44053 2.44424 2.44827 2.45263 2.45729 2.46224 2.46747 2.47295 2.47864 2.48452 2.49053 2.49663 2.50278 2.50892 2.515 2.52096 2.52674 2.5323 2.53758 2.54252 2.54708 2.55122 2.55489 2.55806 2.56069 2.56276 2.56424 2.56514 2.56542 2.56511 2.56418 2.56267 2.56058 2.55793 2.55476 2.55109 2.54697 2.54243 2.53751 2.53228 2.52678 2.52106 2.51518 2.50918 2.50314 2.49709 2.4911 2.48519 2.47943 2.47385 2.46848 2.46335 2.4585 2.45393 2.44967 2.44572 2.44209 2.43877 2.43577 2.43308 2.43068 2.42857 2.42672 2.42512 2.42375 2.4226 2.42164 2.42086 2.42023 2.41975 2.4194 2.41915 2.419 2.41893 2.41894 2.41901 2.41913 2.4193 
2.41266 2.41291 2.41321 2.41355 2.41394 2.41439 2.41489 2.41547 2.41613 2.41689 2.41776 2.41877 2.41993 2.42127 2.42281 2.42458 2.4266 2.42889 2.43148 2.43438 2.43762 2.44121 2.44517 2.44948 2.45417 2.45921 2.46461 2.47033 2.47636 2.48266 2.4892 2.49593 2.50281 2.50979 2.5168 2.52379 2.53069 2.53746 2.54401 2.5503 2.55627 2.56185 2.56699 2.57165 2.57577 2.57933 2.58228 2.5846 2.58626 2.58726 2.58757 2.58721 2.58616 2.58445 2.58209 2.5791 2.57552 2.57138 2.56671 2.56158 2.55602 2.55009 2.54385 2.53736 2.53067 2.52386 2.51697 2.51007 2.50321 2.49646 2.48985 2.48344 2.47727 2.47136 2.46576 2.46049 2.45555 2.45097 2.44675 2.44289 2.43939 2.43624 2.43343 2.43094 2.42876 2.42687 2.42524 2.42386 2.42271 2.42176 2.42099 2.42039 2.41993 2.4196 2.41938 2.41926 2.41922 2.41925 2.41935 2.41951 
2.41286 2.41311 2.41342 2.41378 2.4142 2.41469 2.41525 2.4159 2.41665 2.41752 2.41852 2.41969 2.42104 2.4226 2.42439 2.42645 2.42881 2.43148 2.43449 2.43787 2.44163 2.4458 2.45037 2.45536 2.46077 2.46657 2.47277 2.47934 2.48624 2.49344 2.5009 2.50856 2.51638 2.52429 2.53223 2.54013 2.54792 2.55554 2.56292 2.56998 2.57667 2.58292 2.58868 2.59388 2.59849 2.60246 2.60575 2.60833 2.61018 2.61128 2.61162 2.6112 2.61002 2.6081 2.60546 2.60211 2.5981 2.59346 2.58823 2.58246 2.57622 2.56955 2.56253 2.55521 2.54767 2.53996 2.53217 2.52435 2.51657 2.50889 2.50137 2.49406 2.48701 2.48026 2.47384 2.46778 2.46211 2.45683 2.45196 2.4475 2.44344 2.43979 2.43651 2.43361 2.43106 2.42883 2.42692 2.42528 2.42391 2.42277 2.42184 2.42109 2.42052 2.42009 2.41979 2.41961 2.41952 2.41951 2.41958 2.41972 
2.41307 2.41333 2.41365 2.41403 2.41449 2.41502 2.41565 2.41638 2.41723 2.41822 2.41938 2.42072 2.42228 2.42409 2.42617 2.42856 2.43129 2.43438 2.43787 2.44177 2.44612 2.45092 2.45618 2.4619 2.4681 2.47474 2.48181 2.48929 2.49713 2.50531 2.51375 2.52242 2.53124 2.54015 2.54907 2.55794 2.56667 2.5752 2.58344 2.59132 2.59877 2.60572 2.61212 2.61789 2.623 2.62739 2.63103 2.63388 2.63592 2.63713 2.6375 2.63703 2.63572 2.63358 2.63064 2.62692 2.62246 2.61729 2.61147 2.60505 2.59809 2.59065 2.5828 2.57461 2.56616 2.55751 2.54875 2.53995 2.53119 2.52252 2.51402 2.50574 2.49774 2.49006 2.48276 2.47585 2.46937 2.46333 2.45774 2.45262 2.44795 2.44373 2.43995 2.43658 2.43362 2.43103 2.42879 2.42687 2.42524 2.42389 2.42277 2.42188 2.42117 2.42063 2.42025 2.41999 2.41984 2.41979 2.41983 2.41994 
2.4133 2.41356 2.41389 2.4143 2.4148 2.41539 2.41609 2.41691 2.41788 2.41901 2.42033 2.42188 2.42368 2.42576 2.42816 2.43092 2.43406 2.43762 2.44163 2.44612 2.4511 2.45659 2.4626 2.46913 2.47618 2.48372 2.49174 2.5002 2.50906 2.51827 2.52778 2.5375 2.54739 2.55735 2.56732 2.5772 2.58692 2.59639 2.60553 2.61426 2.6225 2.63018 2.63723 2.6436 2.64922 2.65405 2.65804 2.66117 2.66341 2.66473 2.66513 2.6646 2.66315 2.66079 2.65755 2.65344 2.64852 2.64282 2.63638 2.62928 2.62157 2.61333 2.60462 2.59552 2.58611 2.57648 2.5667 2.55687 2.54705 2.53733 2.52778 2.51847 2.50945 2.50079 2.49253 2.4847 2.47734 2.47048 2.46412 2.45827 2.45293 2.4481 2.44375 2.43988 2.43646 2.43346 2.43086 2.42863 2.42673 2.42513 2.42382 2.42274 2.42189 2.42123 2.42074 2.4204 2.42019 2.42009 2.42009 2.42019 
2.41355 2.41381 2.41415 2.4146 2.41514 2.41579 2.41657 2.4175 2.4186 2.41988 2.4214 2.42317 2.42523 2.42762 2.43038 2.43354 2.43714 2.44121 2.4458 2.45092 2.45659 2.46283 2.46966 2.47706 2.48502 2.49354 2.50257 2.51208 2.52202 2.53233 2.54295 2.5538 2.5648 2.57588 2.58693 2.59787 2.60861 2.61906 2.62912 2.63872 2.64777 2.6562 2.66393 2.67089 2.67704 2.68231 2.68667 2.69008 2.69251 2.69394 2.69437 2.69378 2.6922 2.68961 2.68606 2.68157 2.67617 2.66992 2.66287 2.65507 2.64659 2.63752 2.62792 2.61788 2.60748 2.59682 2.58599 2.57507 2.56415 2.55332 2.54266 2.53225 2.52216 2.51244 2.50315 2.49434 2.48605 2.47829 2.47109 2.46446 2.4584 2.45289 2.44794 2.44351 2.43959 2.43615 2.43315 2.43057 2.42837 2.42651 2.42497 2.4237 2.42269 2.42189 2.42129 2.42086 2.42057 2.42042 2.42038 2.42045 
2.41382 2.41408 2.41444 2.41492 2.41551 2.41624 2.41711 2.41815 2.41939 2.42086 2.42258 2.4246 2.42695 2.42968 2.43282 2.43643 2.44053 2.44517 2.45037 2.45618 2.4626 2.46966 2.47735 2.48568 2.49463 2.50418 2.51429 2.52491 2.53599 2.54746 2.55925 2.57127 2.58344 2.59566 2.60783 2.61986 2.63165 2.6431 2.65412 2.6646 2.67448 2.68366 2.69206 2.69963 2.7063 2.71202 2.71674 2.72043 2.72306 2.72461 2.72507 2.72443 2.7227 2.71989 2.71603 2.71115 2.70528 2.69848 2.69079 2.68229 2.67304 2.66311 2.65261 2.6416 2.63019 2.61847 2.60654 2.59449 2.58243 2.57045 2.55863 2.54707 2.53583 2.525 2.51463 2.50478 2.49548 2.48677 2.47868 2.4712 2.46436 2.45813 2.45252 2.44749 2.44303 2.4391 2.43567 2.43271 2.43017 2.42802 2.42623 2.42475 2.42356 2.42261 2.42189 2.42135 2.42099 2.42077 2.42069 2.42073 
2.41411 2.41437 2.41475 2.41527 2.41592 2.41672 2.4177 2.41887 2.42027 2.42193 2.42388 2.42617 2.42884 2.43194 2.43551 2.4396 2.44424 2.44948 2.45536 2.4619 2.46913 2.47706 2.48568 2.495 2.505 2.51564 2.52688 2.53866 2.55093 2.56361 2.57661 2.58985 2.60322 2.61662 2.62994 2.64309 2.65595 2.66841 2.68038 2.69176 2.70246 2.71239 2.72148 2.72965 2.73684 2.74301 2.74809 2.75206 2.75488 2.75654 2.75703 2.75633 2.75446 2.75144 2.74727 2.742 2.73567 2.72831 2.72 2.71079 2.70076 2.68999 2.67856 2.66658 2.65414 2.64133 2.62828 2.61508 2.60184 2.58865 2.57563 2.56287 2.55045 2.53845 2.52694 2.51598 2.50563 2.49591 2.48686 2.47849 2.47081 2.46381 2.45749 2.45181 2.44677 2.44231 2.43842 2.43504 2.43214 2.42968 2.42761 2.4259 2.42451 2.4234 2.42254 2.42189 2.42144 2.42116 2.42103 2.42104 
2.41442 2.41469 2.41509 2.41565 2.41636 2.41725 2.41834 2.41966 2.42123 2.4231 2.42531 2.42789 2.43091 2.43441 2.43844 2.44305 2.44827 2.45417 2.46077 2.4681 2.47618 2.48502 2.49463 2.505 2.51609 2.52787 2.54029 2.55329 2.5668 2.58073 2.59498 2.60946 2.62405 2.63866 2.65315 2.66742 2.68135 2.69484 2.70777 2.72004 2.73156 2.74223 2.75199 2.76075 2.76846 2.77505 2.78049 2.78473 2.78774 2.78951 2.79003 2.78928 2.78728 2.78404 2.77958 2.77393 2.76714 2.75924 2.75031 2.7404 2.7296 2.71798 2.70564 2.69268 2.67919 2.6653 2.6511 2.63673 2.62228 2.60787 2.59361 2.57961 2.56595 2.55274 2.54005 2.52794 2.51647 2.50569 2.49563 2.48631 2.47774 2.46993 2.46284 2.45648 2.45081 2.44579 2.44139 2.43757 2.43428 2.43148 2.42912 2.42716 2.42555 2.42426 2.42325 2.42248 2.42193 2.42158 2.4214 2.42137 
2.41476 2.41503 2.41547 2.41607 2.41685 2.41784 2.41905 2.42052 2.42228 2.42438 2.42686 2.42977 2.43316 2.43709 2.44161 2.44677 2.45263 2.45921 2.46657 2.47474 2.48372 2.49354 2.50418 2.51564 2.52787 2.54084 2.55449 2.56874 2.58352 2.59872 2.61425 2.63 2.64584 2.66165 2.67732 2.69271 2.70772 2.72221 2.73609 2.74924 2.76156 2.77296 2.78337 2.79271 2.80091 2.80792 2.8137 2.8182 2.8214 2.82328 2.82382 2.82303 2.8209 2.81745 2.81271 2.8067 2.79946 2.79105 2.78152 2.77093 2.75937 2.74692 2.73367 2.71973 2.70521 2.69023 2.67489 2.65932 2.64365 2.62799 2.61247 2.5972 2.58228 2.56782 2.55389 2.54059 2.52797 2.51608 2.50497 2.49465 2.48515 2.47646 2.46858 2.46149 2.45515 2.44953 2.4446 2.4403 2.43659 2.43342 2.43075 2.42851 2.42668 2.42519 2.42402 2.42312 2.42247 2.42203 2.42179 2.42173 
2.41513 2.41541 2.41587 2.41652 2.41738 2.41847 2.41981 2.42145 2.42342 2.42576 2.42854 2.43179 2.43559 2.43998 2.44502 2.45077 2.45729 2.46461 2.47277 2.48181 2.49174 2.50257 2.51429 2.52688 2.54029 2.55449 2.56939 2.58493 2.601 2.6175 2.63433 2.65134 2.66843 2.68546 2.70229 2.7188 2.73486 2.75035 2.76515 2.77915 2.79225 2.80436 2.8154 2.82529 2.83396 2.84138 2.84747 2.85223 2.8556 2.85758 2.85815 2.85732 2.85507 2.85143 2.84642 2.84007 2.83241 2.8235 2.81339 2.80215 2.78985 2.77659 2.76246 2.74757 2.73203 2.71596 2.69948 2.68273 2.66583 2.64892 2.63212 2.61556 2.59936 2.58361 2.56843 2.55389 2.54007 2.52704 2.51483 2.50348 2.493 2.48341 2.47469 2.46682 2.45978 2.45353 2.44803 2.44322 2.43907 2.43551 2.4325 2.42997 2.42789 2.42619 2.42485 2.42381 2.42304 2.42252 2.42222 2.42212 
2.41553 2.41581 2.4163 2.41701 2.41795 2.41915 2.42064 2.42246 2.42464 2.42725 2.43034 2.43396 2.43818 2.44306 2.44866 2.45503 2.46224 2.47033 2.47934 2.48929 2.5002 2.51208 2.52491 2.53866 2.55329 2.56874 2.58493 2.60176 2.61915 2.63696 2.65508 2.67337 2.6917 2.70992 2.72791 2.74551 2.7626 2.77906 2.79475 2.80957 2.82342 2.8362 2.84783 2.85823 2.86736 2.87514 2.88155 2.88653 2.89007 2.89215 2.89275 2.89187 2.88952 2.8857 2.88045 2.87377 2.86572 2.85634 2.84569 2.83382 2.82083 2.8068 2.79181 2.776 2.75946 2.74233 2.72473 2.70681 2.68869 2.67052 2.65245 2.63459 2.61708 2.60004 2.58357 2.56777 2.55273 2.53852 2.52518 2.51275 2.50127 2.49073 2.48113 2.47246 2.46468 2.45777 2.45167 2.44633 2.44171 2.43774 2.43436 2.43153 2.42918 2.42726 2.42573 2.42455 2.42366 2.42305 2.42268 2.42254 
2.41596 2.41624 2.41677 2.41753 2.41856 2.41988 2.42152 2.42353 2.42595 2.42885 2.43226 2.43627 2.44094 2.44633 2.45251 2.45954 2.46747 2.47636 2.48624 2.49713 2.50906 2.52202 2.53599 2.55093 2.5668 2.58352 2.601 2.61915 2.63784 2.65696 2.67637 2.69592 2.71547 2.73487 2.75397 2.77264 2.79073 2.80811 2.82465 2.84025 2.8548 2.86821 2.8804 2.89129 2.90083 2.90896 2.91564 2.92084 2.92453 2.9267 2.92733 2.92642 2.92397 2.92 2.91452 2.90755 2.89914 2.88933 2.87817 2.86572 2.85207 2.8373 2.82151 2.8048 2.78731 2.76915 2.75046 2.73138 2.71207 2.69266 2.67331 2.65416 2.63534 2.61699 2.59923 2.58216 2.56588 2.55045 2.53596 2.52243 2.50991 2.49839 2.48789 2.47838 2.46984 2.46223 2.45551 2.44962 2.4445 2.44009 2.43634 2.43318 2.43055 2.4284 2.42668 2.42533 2.42432 2.42361 2.42317 2.42299 
2.41641 2.41671 2.41726 2.41809 2.41922 2.42066 2.42247 2.42468 2.42735 2.43053 2.4343 2.43872 2.44385 2.44978 2.45656 2.46426 2.47295 2.48266 2.49344 2.50531 2.51827 2.53233 2.54746 2.56361 2.58073 2.59872 2.6175 2.63696 2.65696 2.67737 2.69805 2.71884 2.73958 2.76012 2.78031 2.79999 2.81903 2.83728 2.85463 2.87096 2.88617 2.90016 2.91286 2.92419 2.93411 2.94255 2.94949 2.95488 2.95871 2.96096 2.96162 2.96068 2.95815 2.95404 2.94836 2.94114 2.9324 2.9222 2.91057 2.89759 2.88333 2.86788 2.85132 2.83378 2.81536 2.79622 2.77648 2.75628 2.7358 2.71518 2.69457 2.67414 2.65402 2.63437 2.61531 2.59696 2.57942 2.56278 2.54711 2.53246 2.51887 2.50636 2.49493 2.48456 2.47523 2.4669 2.45953 2.45306 2.44743 2.44257 2.43842 2.43492 2.43201 2.42961 2.42768 2.42616 2.42502 2.42421 2.4237 2.42347 
2.41689 2.4172 2.41779 2.41869 2.41991 2.42149 2.42346 2.42589 2.42881 2.43231 2.43644 2.44128 2.4469 2.45338 2.46079 2.46919 2.47864 2.4892 2.5009 2.51375 2.52778 2.54295 2.55925 2.57661 2.59498 2.61425 2.63433 2.65508 2.67637 2.69805 2.71996 2.74195 2.76385 2.78549 2.80671 2.82736 2.84729 2.86637 2.88447 2.90147 2.91728 2.9318 2.94496 2.95669 2.96694 2.97567 2.98282 2.98839 2.99235 2.99467 2.99536 2.9944 2.9918 2.98757 2.98172 2.97427 2.96525 2.95469 2.94266 2.9292 2.91438 2.89829 2.88103 2.8627 2.84343 2.82335 2.8026 2.78134 2.75972 2.73792 2.71609 2.69439 2.673 2.65206 2.63171 2.61207 2.59328 2.57541 2.55856 2.54278 2.52811 2.51458 2.5022 2.49095 2.48082 2.47175 2.46371 2.45664 2.45048 2.44516 2.4406 2.43675 2.43353 2.43087 2.42873 2.42704 2.42575 2.42484 2.42425 2.42397 
2.4174 2.41771 2.41834 2.41931 2.42063 2.42235 2.42451 2.42715 2.43035 2.43416 2.43867 2.44394 2.45007 2.45711 2.46516 2.47427 2.48452 2.49593 2.50856 2.52242 2.5375 2.5538 2.57127 2.58985 2.60946 2.63 2.65134 2.67337 2.69592 2.71884 2.74195 2.7651 2.7881 2.81078 2.83298 2.85454 2.8753 2.89514 2.91392 2.93154 2.94789 2.96288 2.97646 2.98854 2.99908 3.00805 3.0154 3.02112 3.02518 3.02757 3.02828 3.02731 3.02466 3.02033 3.01434 3.0067 2.99744 2.98658 2.97418 2.96029 2.94498 2.92832 2.91041 2.89136 2.87129 2.85033 2.82863 2.80635 2.78365 2.76071 2.73769 2.71478 2.69214 2.66992 2.6483 2.6274 2.60735 2.58827 2.57023 2.55331 2.53756 2.523 2.50966 2.49752 2.48656 2.47675 2.46803 2.46035 2.45364 2.44783 2.44286 2.43864 2.43511 2.43219 2.42982 2.42795 2.42652 2.42549 2.42483 2.4245 
2.41793 2.41825 2.41892 2.41996 2.42139 2.42325 2.42559 2.42846 2.43194 2.43608 2.44097 2.44669 2.45333 2.46096 2.46965 2.47949 2.49053 2.50281 2.51638 2.53124 2.54739 2.5648 2.58344 2.60322 2.62405 2.64584 2.66843 2.6917 2.71547 2.73958 2.76385 2.7881 2.81214 2.83581 2.85892 2.88132 2.90286 2.92339 2.94279 2.96096 2.97778 2.9932 3.00712 3.0195 3.0303 3.03947 3.04698 3.05283 3.05698 3.05943 3.06016 3.05919 3.0565 3.0521 3.04599 3.0382 3.02873 3.01763 3.00492 2.99066 2.97491 2.95774 2.93925 2.91955 2.89874 2.87697 2.85438 2.83114 2.80742 2.78339 2.75924 2.73515 2.71129 2.68784 2.66497 2.64283 2.62155 2.60125 2.58204 2.56398 2.54715 2.53157 2.51726 2.50422 2.49243 2.48186 2.47245 2.46415 2.45689 2.45059 2.44518 2.44059 2.43674 2.43355 2.43096 2.4289 2.42732 2.42618 2.42543 2.42505 
2.41847 2.41881 2.41952 2.42064 2.42218 2.42419 2.42671 2.42982 2.43357 2.43805 2.44334 2.44951 2.45666 2.46488 2.47423 2.4848 2.49663 2.50979 2.52429 2.54015 2.55735 2.57588 2.59566 2.61662 2.63866 2.66165 2.68546 2.70992 2.73487 2.76012 2.78549 2.81078 2.83581 2.86039 2.88435 2.90752 2.92976 2.95091 2.97087 2.98951 3.00676 3.02252 3.03675 3.04938 3.06038 3.06972 3.07737 3.08331 3.08753 3.09003 3.09079 3.08982 3.08711 3.08265 3.07646 3.06855 3.05893 3.04762 3.03466 3.02009 3.00396 2.98636 2.96735 2.94706 2.92559 2.90307 2.87967 2.85554 2.83085 2.8058 2.78056 2.75534 2.73031 2.70567 2.68159 2.65824 2.63575 2.61427 2.59389 2.57472 2.55681 2.54021 2.52494 2.511 2.49838 2.48704 2.47694 2.46802 2.46019 2.4534 2.44756 2.44259 2.43841 2.43494 2.43212 2.42987 2.42814 2.42688 2.42605 2.42563 
2.41904 2.41938 2.42014 2.42133 2.42298 2.42514 2.42786 2.4312 2.43524 2.44006 2.44574 2.45237 2.46005 2.46885 2.47886 2.49015 2.50278 2.5168 2.53223 2.54907 2.56732 2.58693 2.60783 2.62994 2.65315 2.67732 2.70229 2.72791 2.75397 2.78031 2.80671 2.83298 2.85892 2.88435 2.90908 2.93296 2.95582 2.97752 2.99796 3.01702 3.03462 3.05068 3.06515 3.07799 3.08915 3.09861 3.10636 3.11238 3.11667 3.1192 3.11999 3.11902 3.1163 3.11181 3.10557 3.09758 3.08784 3.07638 3.06321 3.04839 3.03195 3.01397 2.99452 2.97371 2.95164 2.92846 2.90431 2.87936 2.85378 2.82776 2.80151 2.77521 2.74907 2.72329 2.69804 2.67351 2.64986 2.62721 2.6057 2.58543 2.56646 2.54885 2.53263 2.51781 2.50436 2.49227 2.48147 2.47192 2.46354 2.45625 2.44997 2.44462 2.44011 2.43636 2.4333 2.43086 2.42898 2.4276 2.42669 2.42621 
2.41961 2.41997 2.42077 2.42204 2.4238 2.42611 2.42902 2.43261 2.43693 2.44209 2.44816 2.45525 2.46344 2.47283 2.48349 2.4955 2.50892 2.52379 2.54013 2.55794 2.5772 2.59787 2.61986 2.64309 2.66742 2.69271 2.7188 2.74551 2.77264 2.79999 2.82736 2.85454 2.88132 2.90752 2.93296 2.95746 2.98087 3.00306 3.02391 3.04332 3.0612 3.0775 3.09217 3.10516 3.11644 3.126 3.13382 3.13989 3.14422 3.14679 3.1476 3.14665 3.14392 3.13943 3.13316 3.12511 3.1153 3.10373 3.09042 3.07539 3.05871 3.04042 3.02059 2.99933 2.97674 2.95296 2.92814 2.90243 2.87603 2.84913 2.82192 2.79461 2.76742 2.74055 2.71419 2.68854 2.66375 2.63999 2.61738 2.59603 2.57604 2.55744 2.54029 2.52459 2.51033 2.49748 2.486 2.47583 2.46689 2.4591 2.45239 2.44666 2.44182 2.43779 2.4345 2.43187 2.42983 2.42834 2.42734 2.42681 
2.42019 2.42055 2.4214 2.42275 2.42463 2.42709 2.43019 2.43401 2.43862 2.44412 2.45058 2.45812 2.46683 2.47679 2.48809 2.50081 2.515 2.53069 2.54792 2.56667 2.58692 2.60861 2.63165 2.65595 2.68135 2.70772 2.73486 2.7626 2.79073 2.81903 2.84729 2.8753 2.90286 2.92976 2.95582 2.98087 3.00476 3.02736 3.04856 3.06825 3.08637 3.10286 3.11766 3.13076 3.14212 3.15174 3.15961 3.16572 3.17007 3.17267 3.1735 3.17256 3.16985 3.16537 3.15909 3.15103 3.14118 3.12954 3.11613 3.10096 3.08408 3.06554 3.0454 3.02376 3.00073 2.97642 2.951 2.92462 2.89747 2.86974 2.84165 2.81341 2.78523 2.75733 2.72992 2.70319 2.67733 2.65249 2.62882 2.60645 2.58545 2.5659 2.54783 2.53128 2.51622 2.50264 2.49049 2.47971 2.47022 2.46195 2.4548 2.44869 2.44353 2.43923 2.4357 2.43288 2.43069 2.42907 2.42799 2.42741 
2.42076 2.42114 2.42204 2.42346 2.42545 2.42806 2.43136 2.43541 2.4403 2.44613 2.45298 2.46096 2.47017 2.48069 2.49262 2.50602 2.52096 2.53746 2.55554 2.5752 2.59639 2.61906 2.6431 2.66841 2.69484 2.72221 2.75035 2.77906 2.80811 2.83728 2.86637 2.89514 2.92339 2.95091 2.97752 3.00306 3.02736 3.05031 3.07178 3.09171 3.11 3.12662 3.14152 3.15469 3.1661 3.17575 3.18364 3.18976 3.19413 3.19674 3.19759 3.19668 3.194 3.18953 3.18328 3.17523 3.16537 3.1537 3.14023 3.12497 3.10795 3.08922 3.06883 3.04688 3.02346 2.9987 2.97275 2.94576 2.91794 2.88947 2.86057 2.83146 2.80236 2.7735 2.7451 2.71736 2.69047 2.66462 2.63994 2.61657 2.59462 2.57415 2.55521 2.53783 2.522 2.50771 2.4949 2.48352 2.4735 2.46475 2.45718 2.4507 2.44522 2.44064 2.43689 2.43388 2.43153 2.42981 2.42864 2.42801 
2.42133 2.42173 2.42266 2.42416 2.42627 2.42902 2.43251 2.43678 2.44195 2.4481 2.45533 2.46374 2.47343 2.4845 2.49703 2.51109 2.52674 2.54401 2.56292 2.58344 2.60553 2.62912 2.65412 2.68038 2.70777 2.73609 2.76515 2.79475 2.82465 2.85463 2.88447 2.91392 2.94279 2.97087 2.99796 3.02391 3.04856 3.07178 3.09349 3.11358 3.132 3.14871 3.16367 3.17687 3.18829 3.19795 3.20583 3.21196 3.21633 3.21895 3.21982 3.21894 3.21629 3.21186 3.20564 3.19762 3.18779 3.17612 3.16263 3.14732 3.13021 3.11134 3.09076 3.06856 3.04482 3.01967 2.99326 2.96575 2.93732 2.90818 2.87854 2.84864 2.8187 2.78895 2.75962 2.73094 2.70309 2.67627 2.65064 2.62634 2.60347 2.58212 2.56234 2.54417 2.52761 2.51262 2.49919 2.48724 2.47669 2.46748 2.4595 2.45267 2.44687 2.44203 2.43806 2.43486 2.43237 2.43053 2.42929 2.4286 
2.42189 2.4223 2.42328 2.42485 2.42706 2.42996 2.43362 2.43812 2.44355 2.45001 2.4576 2.46642 2.47658 2.48817 2.50128 2.51597 2.5323 2.5503 2.56998 2.59132 2.61426 2.63872 2.6646 2.69176 2.72004 2.74924 2.77915 2.80957 2.84025 2.87096 2.90147 2.93154 2.96096 2.98951 3.01702 3.04332 3.06825 3.09171 3.11358 3.1338 3.15231 3.16906 3.18404 3.19724 3.20865 3.21829 3.22616 3.23227 3.23664 3.23927 3.24015 3.23929 3.23668 3.2323 3.22614 3.21817 3.20838 3.19675 3.18327 3.16795 3.15079 3.13183 3.11111 3.08871 3.06471 3.03924 3.01243 2.98446 2.9555 2.92576 2.89546 2.86483 2.83412 2.80356 2.77338 2.74381 2.71508 2.68736 2.66083 2.63565 2.61192 2.58974 2.56918 2.55025 2.53299 2.51735 2.50331 2.49081 2.47978 2.47012 2.46175 2.45457 2.44848 2.44338 2.43919 2.43581 2.43318 2.43123 2.42991 2.42919 
2.42243 2.42285 2.42387 2.42551 2.42783 2.43086 2.4347 2.43941 2.44509 2.45184 2.45977 2.46899 2.47959 2.49167 2.50532 2.5206 2.53758 2.55627 2.57667 2.59877 2.6225 2.64777 2.67448 2.70246 2.73156 2.76156 2.79225 2.82342 2.8548 2.88617 2.91728 2.94789 2.97778 3.00676 3.03462 3.0612 3.08637 3.11 3.132 3.15231 3.17086 3.18763 3.2026 3.21577 3.22716 3.23676 3.2446 3.25069 3.25504 3.25766 3.25856 3.25774 3.25517 3.25085 3.24475 3.23685 3.22712 3.21555 3.20211 3.1868 3.16963 3.15061 3.1298 3.10724 3.08304 3.0573 3.03017 3.00179 2.97237 2.9421 2.91121 2.87994 2.84852 2.81722 2.78626 2.7559 2.72634 2.69779 2.67043 2.64443 2.6199 2.59695 2.57564 2.55602 2.53809 2.52184 2.50724 2.49422 2.48271 2.47264 2.46389 2.45639 2.45001 2.44467 2.44028 2.43673 2.43397 2.43191 2.43052 2.42975 
2.42295 2.42338 2.42444 2.42615 2.42856 2.43172 2.43572 2.44063 2.44654 2.45358 2.46183 2.47141 2.48242 2.49496 2.50912 2.52495 2.54252 2.56185 2.58292 2.60572 2.63018 2.6562 2.68366 2.71239 2.74223 2.77296 2.80436 2.8362 2.86821 2.90016 2.9318 2.96288 2.9932 3.02252 3.05068 3.0775 3.10286 3.12662 3.14871 3.16906 3.18763 3.20439 3.21933 3.23246 3.2438 3.25335 3.26115 3.2672 3.27154 3.27416 3.27507 3.27427 3.27175 3.26749 3.26146 3.25364 3.24399 3.23249 3.21911 3.20384 3.18668 3.16765 3.14677 3.12411 3.09975 3.07379 3.04638 3.01767 2.98784 2.95711 2.9257 2.89385 2.86182 2.82984 2.79819 2.76709 2.73678 2.70748 2.67936 2.65261 2.62734 2.60368 2.58169 2.56141 2.54287 2.52605 2.51092 2.49742 2.48548 2.47501 2.46592 2.4581 2.45146 2.44589 2.4413 2.4376 2.43471 2.43256 2.43109 2.43028 
2.42343 2.42387 2.42497 2.42674 2.42924 2.43252 2.43667 2.44176 2.4479 2.45519 2.46374 2.47365 2.48505 2.49801 2.51263 2.52897 2.54708 2.56699 2.58868 2.61212 2.63723 2.66393 2.69206 2.72148 2.75199 2.78337 2.8154 2.84783 2.8804 2.91286 2.94496 2.97646 3.00712 3.03675 3.06515 3.09217 3.11766 3.14152 3.16367 3.18404 3.2026 3.21933 3.23423 3.2473 3.25858 3.26808 3.27582 3.28184 3.28615 3.28877 3.2897 3.28893 3.28646 3.28226 3.2763 3.26856 3.259 3.24758 3.23427 3.21906 3.20194 3.18291 3.162 3.13927 3.11478 3.08865 3.06101 3.03201 3.00185 2.97072 2.93885 2.9065 2.87391 2.84135 2.80906 2.77731 2.74633 2.71634 2.68755 2.66011 2.63418 2.60987 2.58725 2.56638 2.54728 2.52994 2.51432 2.50038 2.48803 2.47721 2.46779 2.4597 2.45281 2.44703 2.44226 2.43842 2.4354 2.43316 2.43163 2.43078 
2.42388 2.42433 2.42546 2.42729 2.42987 2.43326 2.43754 2.4428 2.44914 2.45666 2.46548 2.4757 2.48744 2.50078 2.51582 2.53262 2.55122 2.57165 2.59388 2.61789 2.6436 2.67089 2.69963 2.72965 2.76075 2.79271 2.82529 2.85823 2.89129 2.92419 2.95669 2.98854 3.0195 3.04938 3.07799 3.10516 3.13076 3.15469 3.17687 3.19724 3.21577 3.23246 3.2473 3.26032 3.27153 3.28097 3.28866 3.29464 3.29893 3.30154 3.30247 3.30174 3.29931 3.29517 3.28929 3.28164 3.27216 3.26083 3.2476 3.23246 3.21538 3.19637 3.17545 3.15267 3.1281 3.10183 3.07401 3.04477 3.01432 2.98285 2.95059 2.9178 2.88473 2.85165 2.81882 2.78649 2.75492 2.72433 2.69492 2.66688 2.64035 2.61546 2.59228 2.57088 2.55127 2.53346 2.51741 2.50307 2.49036 2.47921 2.4695 2.46115 2.45404 2.44807 2.44314 2.43916 2.43604 2.43372 2.43213 2.43124 
2.42428 2.42474 2.4259 2.42778 2.43043 2.43392 2.43833 2.44374 2.45025 2.45798 2.46704 2.47753 2.48957 2.50325 2.51866 2.53586 2.55489 2.57577 2.59849 2.623 2.64922 2.67704 2.7063 2.73684 2.76846 2.80091 2.83396 2.86736 2.90083 2.93411 2.96694 2.99908 3.0303 3.06038 3.08915 3.11644 3.14212 3.1661 3.18829 3.20865 3.22716 3.2438 3.25858 3.27153 3.28268 3.29206 3.2997 3.30564 3.3099 3.3125 3.31345 3.31274 3.31036 3.30628 3.30047 3.29289 3.2835 3.27225 3.25911 3.24403 3.22701 3.20803 3.18712 3.16431 3.13967 3.1133 3.08533 3.0559 3.0252 2.99344 2.96086 2.9277 2.89422 2.86069 2.82738 2.79456 2.76247 2.73135 2.70142 2.67285 2.6458 2.6204 2.59673 2.57486 2.55482 2.53659 2.52016 2.50546 2.49244 2.48099 2.47103 2.46245 2.45514 2.44901 2.44393 2.43983 2.43662 2.43422 2.43258 2.43166 
2.42464 2.4251 2.42629 2.42821 2.43093 2.43451 2.43902 2.44455 2.45122 2.45913 2.46839 2.47912 2.49142 2.50539 2.52111 2.53865 2.55806 2.57933 2.60246 2.62739 2.65405 2.68231 2.71202 2.74301 2.77505 2.80792 2.84138 2.87514 2.90896 2.94255 2.97567 3.00805 3.03947 3.06972 3.09861 3.126 3.15174 3.17575 3.19795 3.21829 3.23676 3.25335 3.26808 3.28097 3.29206 3.30138 3.30898 3.31488 3.31912 3.32171 3.32267 3.32198 3.31964 3.31561 3.30987 3.30236 3.29305 3.28188 3.26881 3.2538 3.23683 3.21789 3.19698 3.17416 3.14948 3.12303 3.09493 3.06535 3.03446 3.00247 2.96961 2.93614 2.90231 2.86841 2.83471 2.80146 2.76894 2.73738 2.70699 2.67797 2.65048 2.62465 2.60057 2.5783 2.55787 2.53929 2.52253 2.50753 2.49423 2.48254 2.47236 2.46358 2.4561 2.44982 2.44462 2.44041 2.43712 2.43466 2.43297 2.43203 
2.42494 2.42541 2.42662 2.42858 2.43135 2.435 2.4396 2.44524 2.45204 2.46009 2.46953 2.48044 2.49296 2.50717 2.52316 2.54098 2.56069 2.58228 2.60575 2.63103 2.65804 2.68667 2.71674 2.74809 2.78049 2.8137 2.84747 2.88155 2.91564 2.94949 2.98282 3.0154 3.04698 3.07737 3.10636 3.13382 3.15961 3.18364 3.20583 3.22616 3.2446 3.26115 3.27582 3.28866 3.2997 3.30898 3.31654 3.32241 3.32663 3.32922 3.33018 3.32951 3.3272 3.32322 3.31753 3.31008 3.30083 3.28973 3.27672 3.26177 3.24485 3.22594 3.20505 3.18222 3.15751 3.13099 3.10281 3.0731 3.04205 3.00987 2.97679 2.94307 2.90897 2.87477 2.84073 2.80715 2.77427 2.74235 2.7116 2.68221 2.65436 2.62817 2.60374 2.58115 2.56041 2.54154 2.52451 2.50926 2.49573 2.48383 2.47347 2.46453 2.45691 2.4505 2.4452 2.44091 2.43754 2.43503 2.43331 2.43234 
2.42518 2.42566 2.42688 2.42888 2.43169 2.43539 2.44006 2.44579 2.45269 2.46086 2.47043 2.4815 2.49418 2.50858 2.52477 2.54282 2.56276 2.5846 2.60833 2.63388 2.66117 2.69008 2.72043 2.75206 2.78473 2.8182 2.85223 2.88653 2.92084 2.95488 2.98839 3.02112 3.05283 3.08331 3.11238 3.13989 3.16572 3.18976 3.21196 3.23227 3.25069 3.2672 3.28184 3.29464 3.30564 3.31488 3.32241 3.32826 3.33247 3.33505 3.33601 3.33536 3.33308 3.32913 3.32348 3.31609 3.30689 3.29584 3.28288 3.26798 3.25109 3.2322 3.21133 3.18849 3.16375 3.13719 3.10893 3.07913 3.04796 3.01563 2.98238 2.94847 2.91415 2.87971 2.84543 2.81159 2.77844 2.74623 2.71519 2.68552 2.65739 2.63093 2.60624 2.58339 2.56241 2.54331 2.52606 2.51062 2.49692 2.48486 2.47435 2.46528 2.45755 2.45105 2.44566 2.4413 2.43788 2.43533 2.43358 2.43259 
2.42537 2.42585 2.42708 2.4291 2.43194 2.43569 2.4404 2.4462 2.45316 2.46142 2.47108 2.48226 2.49507 2.5096 2.52593 2.54414 2.56424 2.58626 2.61018 2.63592 2.66341 2.69251 2.72306 2.75488 2.78774 2.8214 2.8556 2.89007 2.92453 2.95871 2.99235 3.02518 3.05698 3.08753 3.11667 3.14422 3.17007 3.19413 3.21633 3.23664 3.25504 3.27154 3.28615 3.29893 3.3099 3.31912 3.32663 3.33247 3.33666 3.33924 3.34021 3.33957 3.33731 3.33338 3.32776 3.3204 3.31123 3.30022 3.28729 3.27241 3.25555 3.23668 3.2158 3.19296 3.16819 3.1416 3.11329 3.08341 3.05215 3.01972 2.98635 2.9523 2.91783 2.88323 2.84877 2.81474 2.7814 2.74899 2.71776 2.68789 2.65956 2.6329 2.60802 2.58499 2.56384 2.54458 2.52719 2.51161 2.49777 2.4856 2.47499 2.46583 2.45802 2.45145 2.44601 2.4416 2.43814 2.43555 2.43378 2.43278 
2.42549 2.42597 2.42722 2.42924 2.43211 2.43587 2.44062 2.44645 2.45346 2.46177 2.47149 2.48274 2.49561 2.51022 2.52664 2.54493 2.56514 2.58726 2.61128 2.63713 2.66473 2.69394 2.72461 2.75654 2.78951 2.82328 2.85758 2.89215 2.9267 2.96096 2.99467 3.02757 3.05943 3.09003 3.1192 3.14679 3.17267 3.19674 3.21895 3.23927 3.25766 3.27416 3.28877 3.30154 3.3125 3.32171 3.32922 3.33505 3.33924 3.34182 3.3428 3.34216 3.33991 3.33599 3.33039 3.32303 3.31389 3.30288 3.28997 3.2751 3.25824 3.23937 3.21849 3.19563 3.17084 3.14421 3.11586 3.08594 3.05463 3.02213 2.98869 2.95455 2.91999 2.88529 2.85073 2.81659 2.78313 2.75062 2.71927 2.68928 2.66084 2.63407 2.60908 2.58595 2.5647 2.54535 2.52787 2.51221 2.4983 2.48606 2.47538 2.46617 2.45832 2.4517 2.44622 2.44179 2.4383 2.4357 2.43391 2.4329 
