3.25444 3.25466 3.25489 3.25513 3.25538 3.25564 3.25591 3.25619 3.25648 3.25679 3.25711 3.25744 3.2578 3.25817 3.25858 3.25901 3.25947 3.25997 3.2605 3.26108 3.2617 3.26236 3.26307 3.26383 3.26464 3.26549 3.26639 3.26734 3.26833 3.26935 3.27041 3.2715 3.27261 3.27374 3.27487 3.276 3.27713 3.27823 3.2793 3.28033 3.28132 3.28225 3.28311 3.28389 3.2846 3.28521 3.28572 3.28614 3.28644 3.28664 3.28672 3.2867 3.28656 3.28631 3.28595 3.28549 3.28493 3.28428 3.28355 3.28273 3.28185 3.28091 3.27992 3.27889 3.27782 3.27674 3.27564 3.27454 3.27344 3.27236 3.2713 3.27027 3.26927 3.26832 3.26741 3.26655 3.26574 3.26499 3.2643 3.26366 3.26309 3.26257 3.26212 3.26172 3.26137 3.26109 3.26085 3.26066 3.26052 3.26043 3.26038 3.26036 3.26038 3.26044 3.26052 3.26063 3.26076 3.26092 3.26109 3.26128 
3.25466 3.25488 3.25511 3.25535 3.2556 3.25586 3.25613 3.25641 3.2567 3.25701 3.25733 3.25766 3.25802 3.2584 3.2588 3.25924 3.2597 3.2602 3.26074 3.26132 3.26195 3.26262 3.26334 3.26411 3.26492 3.26579 3.2667 3.26766 3.26867 3.26971 3.27079 3.27189 3.27302 3.27416 3.27531 3.27646 3.2776 3.27872 3.27981 3.28086 3.28186 3.28281 3.28368 3.28448 3.28519 3.28582 3.28634 3.28676 3.28707 3.28727 3.28735 3.28733 3.28718 3.28693 3.28657 3.2861 3.28553 3.28487 3.28412 3.28329 3.2824 3.28144 3.28043 3.27938 3.2783 3.2772 3.27608 3.27496 3.27385 3.27275 3.27168 3.27063 3.26962 3.26865 3.26773 3.26686 3.26604 3.26528 3.26457 3.26393 3.26335 3.26282 3.26236 3.26196 3.26161 3.26132 3.26108 3.26089 3.26075 3.26065 3.2606 3.26058 3.2606 3.26066 3.26074 3.26085 3.26098 3.26114 3.26131 3.2615 
3.25489 3.25511 3.25534 3.25558 3.25583 3.25609 3.25637 3.25665 3.25695 3.25726 3.25759 3.25793 3.2583 3.25869 3.25911 3.25956 3.26004 3.26056 3.26112 3.26173 3.26238 3.26308 3.26383 3.26464 3.26549 3.2664 3.26735 3.26836 3.26941 3.2705 3.27163 3.27279 3.27397 3.27516 3.27637 3.27757 3.27876 3.27994 3.28108 3.28218 3.28322 3.28421 3.28512 3.28596 3.2867 3.28735 3.2879 3.28834 3.28866 3.28887 3.28895 3.28892 3.28877 3.28851 3.28812 3.28763 3.28704 3.28634 3.28556 3.2847 3.28376 3.28275 3.2817 3.2806 3.27947 3.27831 3.27714 3.27597 3.27481 3.27365 3.27253 3.27143 3.27037 3.26936 3.26839 3.26747 3.26662 3.26582 3.26508 3.2644 3.26379 3.26324 3.26275 3.26233 3.26196 3.26165 3.26139 3.26119 3.26104 3.26093 3.26087 3.26084 3.26086 3.2609 3.26098 3.26109 3.26122 3.26137 3.26154 3.26173 
3.25513 3.25535 3.25558 3.25582 3.25608 3.25635 3.25663 3.25692 3.25722 3.25755 3.25789 3.25825 3.25864 3.25905 3.25949 3.25997 3.26049 3.26104 3.26164 3.26229 3.26299 3.26375 3.26456 3.26542 3.26634 3.26732 3.26835 3.26943 3.27056 3.27174 3.27295 3.2742 3.27547 3.27676 3.27805 3.27935 3.28063 3.28188 3.28311 3.28429 3.28541 3.28647 3.28745 3.28834 3.28914 3.28983 3.29042 3.29088 3.29123 3.29145 3.29154 3.2915 3.29134 3.29105 3.29064 3.29011 3.28947 3.28873 3.28788 3.28695 3.28594 3.28487 3.28373 3.28255 3.28133 3.28009 3.27883 3.27757 3.27632 3.27508 3.27386 3.27268 3.27154 3.27044 3.2694 3.26841 3.26749 3.26662 3.26582 3.26509 3.26443 3.26383 3.26329 3.26283 3.26242 3.26208 3.2618 3.26157 3.26139 3.26126 3.26118 3.26114 3.26114 3.26118 3.26125 3.26135 3.26147 3.26162 3.26179 3.26197 
3.25538 3.2556 3.25583 3.25608 3.25634 3.25661 3.2569 3.25721 3.25753 3.25787 3.25823 3.25862 3.25903 3.25948 3.25996 3.26048 3.26104 3.26165 3.26231 3.26302 3.2638 3.26463 3.26552 3.26647 3.26749 3.26856 3.2697 3.27089 3.27214 3.27344 3.27477 3.27615 3.27754 3.27896 3.28038 3.2818 3.28321 3.28459 3.28593 3.28722 3.28845 3.28961 3.29068 3.29166 3.29253 3.29329 3.29392 3.29443 3.2948 3.29504 3.29514 3.2951 3.29491 3.29459 3.29414 3.29356 3.29286 3.29204 3.29111 3.29009 3.28898 3.2878 3.28655 3.28525 3.28391 3.28255 3.28116 3.27978 3.2784 3.27703 3.2757 3.27439 3.27313 3.27192 3.27077 3.26968 3.26865 3.2677 3.26681 3.266 3.26525 3.26459 3.26399 3.26346 3.26301 3.26261 3.26229 3.26202 3.26181 3.26165 3.26154 3.26148 3.26146 3.26148 3.26154 3.26163 3.26174 3.26188 3.26204 3.26223 
3.25564 3.25586 3.25609 3.25635 3.25661 3.2569 3.2572 3.25752 3.25786 3.25823 3.25862 3.25904 3.25949 3.25998 3.26051 3.26109 3.26171 3.26239 3.26313 3.26393 3.26479 3.26573 3.26673 3.2678 3.26894 3.27015 3.27143 3.27277 3.27416 3.27562 3.27712 3.27865 3.28022 3.2818 3.28339 3.28498 3.28654 3.28808 3.28958 3.29101 3.29238 3.29367 3.29486 3.29594 3.29691 3.29774 3.29845 3.29901 3.29942 3.29968 3.29978 3.29973 3.29953 3.29917 3.29866 3.29801 3.29722 3.29631 3.29527 3.29413 3.2929 3.29158 3.29019 3.28874 3.28724 3.28571 3.28417 3.28262 3.28107 3.27955 3.27805 3.27659 3.27518 3.27382 3.27252 3.27129 3.27014 3.26905 3.26805 3.26713 3.26629 3.26553 3.26484 3.26424 3.26371 3.26326 3.26287 3.26255 3.2623 3.2621 3.26196 3.26186 3.26182 3.26182 3.26185 3.26192 3.26202 3.26216 3.26231 3.26249 
3.25591 3.25613 3.25637 3.25663 3.2569 3.2572 3.25752 3.25786 3.25823 3.25863 3.25905 3.25952 3.26002 3.26056 3.26116 3.2618 3.26251 3.26328 3.26412 3.26502 3.26601 3.26706 3.2682 3.26942 3.27072 3.2721 3.27355 3.27507 3.27666 3.27831 3.28 3.28174 3.28351 3.28531 3.2871 3.28889 3.29066 3.29239 3.29408 3.2957 3.29723 3.29868 3.30001 3.30123 3.30231 3.30325 3.30403 3.30466 3.30511 3.3054 3.30551 3.30545 3.30522 3.30481 3.30423 3.3035 3.30261 3.30158 3.30041 3.29913 3.29773 3.29624 3.29467 3.29303 3.29135 3.28962 3.28788 3.28612 3.28437 3.28264 3.28095 3.27929 3.27768 3.27614 3.27467 3.27327 3.27195 3.27071 3.26956 3.26851 3.26754 3.26666 3.26587 3.26517 3.26455 3.26401 3.26355 3.26317 3.26286 3.26261 3.26242 3.26229 3.26221 3.26218 3.26219 3.26224 3.26233 3.26244 3.26259 3.26276 
3.25619 3.25641 3.25665 3.25692 3.25721 3.25752 3.25786 3.25823 3.25863 3.25907 3.25954 3.26005 3.26061 3.26123 3.2619 3.26264 3.26344 3.26432 3.26528 3.26632 3.26744 3.26866 3.26996 3.27136 3.27285 3.27442 3.27609 3.27783 3.27965 3.28153 3.28347 3.28545 3.28747 3.28951 3.29156 3.29359 3.2956 3.29757 3.29947 3.30131 3.30305 3.30468 3.30619 3.30756 3.30878 3.30984 3.31072 3.31142 3.31193 3.31225 3.31238 3.3123 3.31203 3.31156 3.31091 3.31007 3.30906 3.30789 3.30657 3.30511 3.30352 3.30183 3.30005 3.29819 3.29627 3.29431 3.29232 3.29032 3.28833 3.28635 3.28442 3.28252 3.28069 3.27892 3.27723 3.27562 3.27411 3.27268 3.27136 3.27014 3.26902 3.26799 3.26707 3.26625 3.26552 3.26489 3.26434 3.26388 3.26349 3.26318 3.26294 3.26276 3.26264 3.26257 3.26255 3.26258 3.26265 3.26275 3.26288 3.26305 
3.25648 3.2567 3.25695 3.25722 3.25753 3.25786 3.25823 3.25863 3.25907 3.25955 3.26008 3.26066 3.26129 3.26199 3.26275 3.2636 3.26452 3.26553 3.26663 3.26782 3.26912 3.27052 3.27202 3.27363 3.27535 3.27716 3.27907 3.28108 3.28316 3.28532 3.28755 3.28982 3.29213 3.29446 3.29679 3.29911 3.3014 3.30364 3.30581 3.3079 3.30987 3.31172 3.31343 3.31499 3.31637 3.31756 3.31856 3.31935 3.31993 3.32028 3.32041 3.32032 3.32001 3.31948 3.31873 3.31777 3.31662 3.31529 3.31378 3.31212 3.31031 3.30839 3.30635 3.30423 3.30204 3.2998 3.29753 3.29525 3.29297 3.29071 3.28849 3.28632 3.28421 3.28218 3.28024 3.27839 3.27664 3.27499 3.27346 3.27204 3.27074 3.26955 3.26847 3.26751 3.26665 3.2659 3.26524 3.26468 3.26421 3.26383 3.26352 3.26328 3.26311 3.263 3.26295 3.26294 3.26298 3.26307 3.26319 3.26334 
3.25679 3.25701 3.25726 3.25755 3.25787 3.25823 3.25863 3.25907 3.25955 3.26009 3.26068 3.26133 3.26205 3.26285 3.26372 3.26469 3.26575 3.26691 3.26818 3.26956 3.27106 3.27268 3.27441 3.27627 3.27825 3.28034 3.28254 3.28484 3.28724 3.28972 3.29227 3.29488 3.29752 3.30019 3.30285 3.3055 3.30812 3.31067 3.31314 3.31551 3.31775 3.31986 3.3218 3.32356 3.32512 3.32647 3.3276 3.32849 3.32914 3.32954 3.32968 3.32957 3.32921 3.3286 3.32774 3.32665 3.32534 3.32382 3.3221 3.32021 3.31815 3.31595 3.31363 3.31121 3.30871 3.30616 3.30356 3.30095 3.29834 3.29575 3.2932 3.29071 3.28829 3.28596 3.28372 3.28158 3.27956 3.27766 3.27589 3.27424 3.27272 3.27134 3.27008 3.26895 3.26794 3.26704 3.26626 3.26559 3.26502 3.26455 3.26416 3.26386 3.26363 3.26347 3.26337 3.26333 3.26334 3.2634 3.26351 3.26366 
3.25711 3.25733 3.25759 3.25789 3.25823 3.25862 3.25905 3.25954 3.26008 3.26068 3.26135 3.26209 3.26291 3.26382 3.26482 3.26593 3.26715 3.26849 3.26996 3.27155 3.27328 3.27515 3.27715 3.27929 3.28157 3.28398 3.28651 3.28916 3.29191 3.29476 3.29768 3.30067 3.30369 3.30674 3.30978 3.3128 3.31578 3.31869 3.3215 3.32419 3.32674 3.32912 3.33132 3.33332 3.33508 3.33661 3.33788 3.33889 3.33962 3.34006 3.34022 3.34009 3.33967 3.33898 3.338 3.33676 3.33527 3.33353 3.33158 3.32942 3.32708 3.32458 3.32193 3.31918 3.31632 3.31341 3.31044 3.30746 3.30447 3.30151 3.29859 3.29573 3.29296 3.29027 3.2877 3.28524 3.28291 3.28071 3.27866 3.27675 3.27499 3.27338 3.27191 3.27058 3.26939 3.26834 3.26742 3.26662 3.26593 3.26535 3.26487 3.26449 3.26419 3.26397 3.26383 3.26375 3.26373 3.26376 3.26385 3.26398 
3.25744 3.25766 3.25793 3.25825 3.25862 3.25904 3.25952 3.26005 3.26066 3.26133 3.26209 3.26293 3.26387 3.26491 3.26606 3.26734 3.26874 3.27029 3.27197 3.27381 3.27581 3.27795 3.28026 3.28273 3.28535 3.28811 3.29102 3.29406 3.29722 3.30047 3.30382 3.30723 3.31068 3.31415 3.31762 3.32106 3.32444 3.32774 3.33093 3.33398 3.33687 3.33957 3.34206 3.34431 3.34631 3.34803 3.34946 3.35059 3.35141 3.35191 3.35208 3.35193 3.35145 3.35065 3.34954 3.34813 3.34644 3.34447 3.34225 3.3398 3.33714 3.3343 3.3313 3.32816 3.32492 3.32159 3.31822 3.31481 3.31141 3.30803 3.30469 3.30142 3.29824 3.29516 3.2922 3.28938 3.2867 3.28417 3.2818 3.2796 3.27756 3.27568 3.27397 3.27243 3.27104 3.2698 3.26871 3.26776 3.26694 3.26625 3.26567 3.26519 3.26481 3.26453 3.26432 3.2642 3.26414 3.26414 3.26421 3.26433 
3.2578 3.25802 3.2583 3.25864 3.25903 3.25949 3.26002 3.26061 3.26129 3.26205 3.26291 3.26387 3.26494 3.26613 3.26745 3.26892 3.27053 3.27231 3.27425 3.27636 3.27865 3.28112 3.28377 3.2866 3.28961 3.29278 3.29611 3.29958 3.30318 3.3069 3.31071 3.31459 3.31852 3.32247 3.3264 3.3303 3.33414 3.33787 3.34148 3.34493 3.34819 3.35123 3.35404 3.35657 3.35882 3.36076 3.36237 3.36364 3.36455 3.3651 3.36529 3.36511 3.36457 3.36366 3.36241 3.36081 3.35889 3.35667 3.35416 3.35139 3.34838 3.34516 3.34176 3.3382 3.33452 3.33075 3.32692 3.32305 3.31918 3.31533 3.31153 3.3078 3.30417 3.30065 3.29727 3.29404 3.29096 3.28806 3.28533 3.28279 3.28044 3.27828 3.2763 3.2745 3.27288 3.27144 3.27016 3.26904 3.26807 3.26724 3.26654 3.26596 3.26549 3.26513 3.26486 3.26468 3.26458 3.26455 3.26459 3.26469 
3.25817 3.2584 3.25869 3.25905 3.25948 3.25998 3.26056 3.26123 3.26199 3.26285 3.26382 3.26491 3.26613 3.26749 3.26901 3.27068 3.27254 3.27457 3.2768 3.27922 3.28185 3.28468 3.28771 3.29094 3.29437 3.29799 3.30179 3.30575 3.30985 3.31407 3.3184 3.3228 3.32725 3.33172 3.33617 3.34058 3.3449 3.34911 3.35318 3.35706 3.36073 3.36415 3.3673 3.37014 3.37266 3.37483 3.37663 3.37805 3.37907 3.37968 3.37989 3.37968 3.37906 3.37804 3.37662 3.37483 3.37267 3.37016 3.36733 3.36421 3.36082 3.35719 3.35335 3.34934 3.34519 3.34092 3.33659 3.33221 3.32782 3.32346 3.31914 3.31491 3.31078 3.30678 3.30292 3.29923 3.29572 3.2924 3.28928 3.28637 3.28366 3.28117 3.27889 3.27681 3.27494 3.27326 3.27178 3.27046 3.26932 3.26834 3.26751 3.26681 3.26624 3.26579 3.26545 3.2652 3.26505 3.26498 3.26499 3.26508 
3.25858 3.2588 3.25911 3.25949 3.25996 3.26051 3.26116 3.2619 3.26275 3.26372 3.26482 3.26606 3.26745 3.26901 3.27074 3.27265 3.27477 3.2771 3.27964 3.28241 3.28541 3.28863 3.29209 3.29577 3.29968 3.30379 3.3081 3.31259 3.31724 3.32202 3.32691 3.33188 3.3369 3.34194 3.34695 3.35191 3.35677 3.36149 3.36605 3.3704 3.37451 3.37834 3.38186 3.38504 3.38785 3.39027 3.39227 3.39385 3.39498 3.39566 3.39588 3.39564 3.39495 3.3938 3.39221 3.39019 3.38777 3.38496 3.38179 3.37829 3.37449 3.37041 3.3661 3.36159 3.35692 3.35213 3.34724 3.34231 3.33736 3.33243 3.32756 3.32277 3.3181 3.31356 3.30918 3.30499 3.301 3.29722 3.29366 3.29033 3.28724 3.28439 3.28177 3.27938 3.27723 3.27529 3.27356 3.27204 3.27071 3.26955 3.26857 3.26774 3.26706 3.26651 3.26608 3.26577 3.26556 3.26545 3.26543 3.26549 
3.25901 3.25924 3.25956 3.25997 3.26048 3.26109 3.2618 3.26264 3.2636 3.26469 3.26593 3.26734 3.26892 3.27068 3.27265 3.27484 3.27725 3.2799 3.28279 3.28594 3.28935 3.29301 3.29694 3.30112 3.30554 3.31019 3.31506 3.32013 3.32537 3.33076 3.33627 3.34186 3.34749 3.35314 3.35876 3.36431 3.36975 3.37503 3.38012 3.38497 3.38955 3.39381 3.39773 3.40126 3.40439 3.40707 3.4093 3.41105 3.4123 3.41305 3.41329 3.41301 3.41223 3.41095 3.40917 3.40693 3.40422 3.40109 3.39755 3.39365 3.3894 3.38484 3.38003 3.37498 3.36976 3.36438 3.35891 3.35338 3.34782 3.34228 3.3368 3.33141 3.32614 3.32102 3.31608 3.31134 3.30682 3.30253 3.29849 3.29471 3.2912 3.28794 3.28495 3.28222 3.27975 3.27752 3.27554 3.27377 3.27223 3.27089 3.26974 3.26876 3.26795 3.26729 3.26677 3.26638 3.26611 3.26595 3.26589 3.26594 
3.25947 3.2597 3.26004 3.26049 3.26104 3.26171 3.26251 3.26344 3.26452 3.26575 3.26715 3.26874 3.27053 3.27254 3.27477 3.27725 3.27998 3.28299 3.28627 3.28984 3.29369 3.29784 3.30227 3.30699 3.31197 3.31722 3.3227 3.32839 3.33428 3.34032 3.34649 3.35274 3.35904 3.36535 3.37162 3.3778 3.38385 3.38973 3.39538 3.40077 3.40585 3.41057 3.41491 3.41882 3.42228 3.42525 3.4277 3.42963 3.43101 3.43183 3.43209 3.43178 3.43091 3.42948 3.42751 3.42502 3.42202 3.41854 3.41461 3.41027 3.40555 3.40049 3.39513 3.38952 3.38369 3.37771 3.3716 3.36542 3.35921 3.35302 3.34688 3.34084 3.33492 3.32918 3.32362 3.31828 3.31319 3.30836 3.3038 3.29952 3.29553 3.29184 3.28845 3.28534 3.28252 3.27998 3.2777 3.27568 3.2739 3.27235 3.27101 3.26988 3.26892 3.26814 3.26752 3.26704 3.2667 3.26649 3.2664 3.26641 
3.25997 3.2602 3.26056 3.26104 3.26165 3.26239 3.26328 3.26432 3.26553 3.26691 3.26849 3.27029 3.27231 3.27457 3.2771 3.2799 3.28299 3.28638 3.29008 3.29411 3.29845 3.30312 3.30811 3.3134 3.319 3.32488 3.33101 3.33738 3.34396 3.3507 3.35758 3.36454 3.37155 3.37856 3.38552 3.39237 3.39908 3.40558 3.41184 3.41779 3.42339 3.42861 3.43339 3.43769 3.4415 3.44476 3.44746 3.44958 3.45109 3.45199 3.45226 3.45192 3.45095 3.44937 3.4472 3.44444 3.44113 3.43729 3.43295 3.42815 3.42293 3.41734 3.4114 3.40519 3.39873 3.39209 3.38531 3.37844 3.37154 3.36464 3.35781 3.35106 3.34446 3.33804 3.33182 3.32585 3.32013 3.31471 3.30958 3.30477 3.30027 3.29611 3.29227 3.28875 3.28556 3.28267 3.28007 3.27777 3.27573 3.27395 3.27241 3.27109 3.26998 3.26907 3.26833 3.26776 3.26735 3.26707 3.26693 3.26692 
3.2605 3.26074 3.26112 3.26164 3.26231 3.26313 3.26412 3.26528 3.26663 3.26818 3.26996 3.27197 3.27425 3.2768 3.27964 3.28279 3.28627 3.29008 3.29425 3.29876 3.30364 3.30887 3.31445 3.32037 3.32662 3.33318 3.34002 3.34711 3.35442 3.36192 3.36954 3.37726 3.38502 3.39277 3.40045 3.40802 3.41541 3.42258 3.42945 3.436 3.44216 3.44788 3.45312 3.45784 3.46201 3.46558 3.46853 3.47084 3.4725 3.47347 3.47377 3.47338 3.47232 3.47058 3.46819 3.46516 3.46152 3.45731 3.45254 3.44726 3.44152 3.43536 3.42883 3.42198 3.41486 3.40753 3.40004 3.39244 3.3848 3.37716 3.36958 3.3621 3.35476 3.34761 3.34069 3.33403 3.32765 3.32159 3.31585 3.31046 3.30542 3.30074 3.29643 3.29247 3.28886 3.28559 3.28265 3.28004 3.27772 3.27569 3.27393 3.27241 3.27114 3.27007 3.26921 3.26854 3.26804 3.2677 3.26751 3.26747 
3.26108 3.26132 3.26173 3.26229 3.26302 3.26393 3.26502 3.26632 3.26782 3.26956 3.27155 3.27381 3.27636 3.27922 3.28241 3.28594 3.28984 3.29411 3.29876 3.30381 3.30925 3.31508 3.3213 3.3279 3.33485 3.34213 3.34972 3.35758 3.36567 3.37395 3.38237 3.39088 3.39943 3.40796 3.4164 3.42471 3.43282 3.44067 3.44821 3.45536 3.46209 3.46835 3.47407 3.47922 3.48376 3.48765 3.49086 3.49338 3.49517 3.49623 3.49654 3.49612 3.49495 3.49305 3.49044 3.48713 3.48315 3.47854 3.47333 3.46756 3.46128 3.45453 3.44737 3.43986 3.43204 3.42399 3.41575 3.4074 3.39898 3.39056 3.38219 3.37392 3.36581 3.3579 3.35022 3.34283 3.33575 3.329 3.32262 3.31661 3.31098 3.30575 3.30092 3.29648 3.29243 3.28876 3.28545 3.2825 3.27988 3.27757 3.27557 3.27385 3.27238 3.27116 3.27016 3.26938 3.26878 3.26838 3.26814 3.26807 
3.2617 3.26195 3.26238 3.26299 3.2638 3.26479 3.26601 3.26744 3.26912 3.27106 3.27328 3.27581 3.27865 3.28185 3.28541 3.28935 3.29369 3.29845 3.30364 3.30925 3.3153 3.32178 3.32867 3.33598 3.34367 3.35172 3.36009 3.36876 3.37767 3.38678 3.39603 3.40538 3.41475 3.42409 3.43333 3.44241 3.45126 3.45983 3.46803 3.47583 3.48315 3.48994 3.49616 3.50175 3.50667 3.51089 3.51437 3.51709 3.51903 3.52017 3.52051 3.52004 3.51877 3.51671 3.51386 3.51027 3.50595 3.50093 3.49526 3.48898 3.48214 3.47479 3.46698 3.45878 3.45025 3.44144 3.43243 3.42328 3.41405 3.40481 3.39562 3.38653 3.3776 3.36888 3.36041 3.35225 3.34442 3.33695 3.32987 3.3232 3.31696 3.31114 3.30576 3.30081 3.29628 3.29217 3.28847 3.28515 3.2822 3.27961 3.27734 3.27539 3.27373 3.27233 3.27119 3.27028 3.26959 3.2691 3.26881 3.2687 
3.26236 3.26262 3.26308 3.26375 3.26463 3.26573 3.26706 3.26866 3.27052 3.27268 3.27515 3.27795 3.28112 3.28468 3.28863 3.29301 3.29784 3.30312 3.30887 3.31508 3.32178 3.32894 3.33655 3.34461 3.35308 3.36193 3.37113 3.38065 3.39041 3.40039 3.41051 3.42072 3.43094 3.44112 3.45118 3.46106 3.47068 3.47997 3.48888 3.49732 3.50525 3.5126 3.51932 3.52535 3.53067 3.53522 3.53897 3.5419 3.54399 3.54522 3.54558 3.54506 3.54369 3.54145 3.53838 3.53449 3.52982 3.52439 3.51825 3.51145 3.50404 3.49606 3.48759 3.47869 3.46941 3.45983 3.45002 3.44004 3.42998 3.41988 3.40983 3.39988 3.3901 3.38053 3.37124 3.36226 3.35365 3.34542 3.33761 3.33025 3.32334 3.3169 3.31093 3.30544 3.30041 3.29584 3.2917 3.288 3.2847 3.2818 3.27925 3.27705 3.27517 3.27359 3.27229 3.27125 3.27045 3.26988 3.26953 3.26939 
3.26307 3.26334 3.26383 3.26456 3.26552 3.26673 3.2682 3.26996 3.27202 3.27441 3.27715 3.28026 3.28377 3.28771 3.29209 3.29694 3.30227 3.30811 3.31445 3.3213 3.32867 3.33655 3.34492 3.35376 3.36305 3.37274 3.38281 3.3932 3.40386 3.41473 3.42575 3.43685 3.44796 3.459 3.4699 3.48059 3.491 3.50104 3.51065 3.51975 3.5283 3.53621 3.54344 3.54993 3.55564 3.56052 3.56455 3.5677 3.56993 3.57124 3.57162 3.57107 3.56958 3.56718 3.56388 3.55969 3.55466 3.54882 3.54221 3.53488 3.52688 3.51828 3.50913 3.4995 3.48947 3.47909 3.46846 3.45764 3.4467 3.43573 3.42479 3.41395 3.40328 3.39284 3.38268 3.37286 3.36342 3.3544 3.34582 3.33773 3.33012 3.32303 3.31644 3.31037 3.30481 3.29974 3.29516 3.29104 3.28738 3.28413 3.28129 3.27883 3.27672 3.27494 3.27347 3.27228 3.27137 3.27071 3.2703 3.27012 
3.26383 3.26411 3.26464 3.26542 3.26647 3.2678 3.26942 3.27136 3.27363 3.27627 3.27929 3.28273 3.2866 3.29094 3.29577 3.30112 3.30699 3.3134 3.32037 3.3279 3.33598 3.34461 3.35376 3.36342 3.37356 3.38413 3.39509 3.40639 3.41797 3.42976 3.4417 3.45372 3.46572 3.47765 3.48941 3.50093 3.51213 3.52293 3.53325 3.54303 3.55219 3.56067 3.56841 3.57535 3.58146 3.58668 3.59099 3.59434 3.59673 3.59813 3.59853 3.59793 3.59634 3.59377 3.59023 3.58575 3.58036 3.5741 3.56702 3.55916 3.55057 3.54133 3.5315 3.52114 3.51033 3.49915 3.48768 3.47599 3.46417 3.4523 3.44045 3.42869 3.41711 3.40576 3.3947 3.384 3.37371 3.36385 3.35448 3.34562 3.33729 3.32951 3.32228 3.3156 3.30947 3.30389 3.29883 3.29428 3.29022 3.28662 3.28346 3.28072 3.27836 3.27637 3.27472 3.27339 3.27235 3.2716 3.27112 3.27089 
3.26464 3.26492 3.26549 3.26634 3.26749 3.26894 3.27072 3.27285 3.27535 3.27825 3.28157 3.28535 3.28961 3.29437 3.29968 3.30554 3.31197 3.319 3.32662 3.33485 3.34367 3.35308 3.36305 3.37356 3.38457 3.39604 3.40793 3.42016 3.43268 3.44542 3.4583 3.47125 3.48417 3.49699 3.50962 3.52198 3.53398 3.54554 3.55658 3.56703 3.57681 3.58585 3.5941 3.6015 3.608 3.61356 3.61814 3.6217 3.62424 3.62572 3.62615 3.62551 3.62381 3.62107 3.6173 3.61253 3.60679 3.60012 3.59256 3.58416 3.575 3.56511 3.55459 3.5435 3.53191 3.51992 3.5076 3.49503 3.48231 3.46952 3.45673 3.44404 3.43152 3.41924 3.40726 3.39566 3.38448 3.37377 3.36357 3.35391 3.34483 3.33633 3.32842 3.32111 3.3144 3.30827 3.30271 3.2977 3.29322 3.28925 3.28576 3.28272 3.28011 3.27789 3.27605 3.27456 3.2734 3.27254 3.27199 3.27172 
3.26549 3.26579 3.2664 3.26732 3.26856 3.27015 3.2721 3.27442 3.27716 3.28034 3.28398 3.28811 3.29278 3.29799 3.30379 3.31019 3.31722 3.32488 3.33318 3.34213 3.35172 3.36193 3.37274 3.38413 3.39604 3.40844 3.42127 3.43446 3.44794 3.46164 3.47547 3.48936 3.50321 3.51693 3.53043 3.54363 3.55644 3.56876 3.58051 3.59162 3.60202 3.61163 3.62038 3.62823 3.63512 3.64101 3.64585 3.64963 3.65231 3.65388 3.65432 3.65365 3.65185 3.64894 3.64495 3.63989 3.6338 3.62672 3.61869 3.60977 3.60002 3.5895 3.57829 3.56647 3.5541 3.54129 3.52812 3.51467 3.50103 3.48731 3.47358 3.45994 3.44646 3.43322 3.42031 3.40778 3.39569 3.3841 3.37305 3.36257 3.3527 3.34346 3.33485 3.32689 3.31956 3.31286 3.30678 3.30129 3.29638 3.29202 3.28818 3.28483 3.28195 3.2795 3.27745 3.2758 3.2745 3.27354 3.27291 3.2726 
3.26639 3.2667 3.26735 3.26835 3.2697 3.27143 3.27355 3.27609 3.27907 3.28254 3.28651 3.29102 3.29611 3.30179 3.3081 3.31506 3.3227 3.33101 3.34002 3.34972 3.36009 3.37113 3.38281 3.39509 3.40793 3.42127 3.43505 3.44921 3.46366 3.47833 3.49312 3.50796 3.52274 3.53736 3.55174 3.56577 3.57937 3.59245 3.60491 3.61668 3.62768 3.63784 3.6471 3.65538 3.66265 3.66886 3.67397 3.67795 3.68078 3.68243 3.6829 3.68218 3.68029 3.67722 3.67301 3.66767 3.66123 3.65375 3.64527 3.63583 3.62551 3.61437 3.60248 3.58992 3.57679 3.56316 3.54913 3.5348 3.52025 3.50559 3.49091 3.4763 3.46186 3.44766 3.43378 3.42031 3.40729 3.3948 3.38287 3.37156 3.36089 3.35088 3.34155 3.3329 3.32494 3.31766 3.31103 3.30505 3.29969 3.29492 3.29072 3.28705 3.28388 3.28118 3.27893 3.2771 3.27566 3.27459 3.27388 3.27352 
3.26734 3.26766 3.26836 3.26943 3.27089 3.27277 3.27507 3.27783 3.28108 3.28484 3.28916 3.29406 3.29958 3.30575 3.31259 3.32013 3.32839 3.33738 3.34711 3.35758 3.36876 3.38065 3.3932 3.40639 3.42016 3.43446 3.44921 3.46434 3.47977 3.49541 3.51117 3.52695 3.54265 3.55818 3.57342 3.58828 3.60267 3.61649 3.62965 3.64206 3.65365 3.66435 3.67409 3.6828 3.69045 3.69697 3.70233 3.70651 3.70947 3.71121 3.7117 3.71095 3.70896 3.70574 3.70131 3.6957 3.68894 3.68107 3.67214 3.6622 3.65132 3.63956 3.627 3.61373 3.59984 3.5854 3.57053 3.55531 3.53986 3.52426 3.50863 3.49305 3.47764 3.46246 3.44762 3.43319 3.41923 3.40582 3.39301 3.38084 3.36934 3.35855 3.34848 3.33914 3.33053 3.32264 3.31546 3.30896 3.30314 3.29795 3.29336 3.28936 3.28589 3.28294 3.28047 3.27846 3.27687 3.27569 3.2749 3.27449 
3.26833 3.26867 3.26941 3.27056 3.27214 3.27416 3.27666 3.27965 3.28316 3.28724 3.29191 3.29722 3.30318 3.30985 3.31724 3.32537 3.33428 3.34396 3.35442 3.36567 3.37767 3.39041 3.40386 3.41797 3.43268 3.44794 3.46366 3.47977 3.49618 3.51279 3.52951 3.54623 3.56284 3.57925 3.59535 3.61102 3.62618 3.64073 3.65456 3.66761 3.67977 3.69099 3.7012 3.71032 3.71832 3.72515 3.73076 3.73512 3.73822 3.74003 3.74055 3.73977 3.73769 3.73432 3.72969 3.72382 3.71675 3.7085 3.69914 3.68872 3.67729 3.66494 3.65173 3.63776 3.62312 3.60789 3.59218 3.5761 3.55974 3.54322 3.52664 3.5101 3.49371 3.47756 3.46175 3.44635 3.43145 3.41712 3.4034 3.39036 3.37803 3.36645 3.35562 3.34557 3.33629 3.32778 3.32003 3.31301 3.3067 3.30108 3.29611 3.29175 3.28799 3.28477 3.28208 3.27988 3.27814 3.27684 3.27597 3.2755 
3.26935 3.26971 3.2705 3.27174 3.27344 3.27562 3.27831 3.28153 3.28532 3.28972 3.29476 3.30047 3.3069 3.31407 3.32202 3.33076 3.34032 3.3507 3.36192 3.37395 3.38678 3.40039 3.41473 3.42976 3.44542 3.46164 3.47833 3.49541 3.51279 3.53036 3.54803 3.56567 3.58319 3.60047 3.6174 3.63387 3.64978 3.66502 3.67951 3.69316 3.70588 3.71761 3.72826 3.73778 3.74612 3.75323 3.75908 3.76362 3.76685 3.76874 3.76928 3.76846 3.7663 3.7628 3.75798 3.75186 3.74449 3.73589 3.72611 3.71522 3.70328 3.69035 3.67652 3.66187 3.6465 3.6305 3.61398 3.59704 3.5798 3.56236 3.54484 3.52735 3.50999 3.49287 3.47609 3.45973 3.44388 3.42861 3.41399 3.40008 3.38691 3.37451 3.36292 3.35215 3.3422 3.33306 3.32472 3.31716 3.31037 3.3043 3.29893 3.29423 3.29015 3.28666 3.28374 3.28134 3.27945 3.27803 3.27707 3.27655 
3.27041 3.27079 3.27163 3.27295 3.27477 3.27712 3.28 3.28347 3.28755 3.29227 3.29768 3.30382 3.31071 3.3184 3.32691 3.33627 3.34649 3.35758 3.36954 3.38237 3.39603 3.41051 3.42575 3.4417 3.4583 3.47547 3.49312 3.51117 3.52951 3.54803 3.56662 3.58518 3.60357 3.62169 3.63943 3.65667 3.6733 3.68923 3.70435 3.71858 3.73183 3.74403 3.7551 3.765 3.77366 3.78105 3.78712 3.79184 3.79518 3.79714 3.79771 3.79687 3.79463 3.791 3.786 3.77965 3.77199 3.76306 3.7529 3.74156 3.72912 3.71565 3.70121 3.68591 3.66984 3.65309 3.63578 3.61801 3.5999 3.58157 3.56313 3.54469 3.52638 3.5083 3.49055 3.47324 3.45645 3.44025 3.42473 3.40993 3.39592 3.38271 3.37035 3.35885 3.34821 3.33844 3.32951 3.32141 3.31412 3.3076 3.30183 3.29676 3.29237 3.28861 3.28545 3.28285 3.2808 3.27926 3.27821 3.27764 
3.2715 3.27189 3.27279 3.2742 3.27615 3.27865 3.28174 3.28545 3.28982 3.29488 3.30067 3.30723 3.31459 3.3228 3.33188 3.34186 3.35274 3.36454 3.37726 3.39088 3.40538 3.42072 3.43685 3.45372 3.47125 3.48936 3.50796 3.52695 3.54623 3.56567 3.58518 3.60461 3.62386 3.6428 3.66132 3.67929 3.69662 3.7132 3.72892 3.7437 3.75745 3.7701 3.78158 3.79183 3.80079 3.80843 3.81471 3.81959 3.82305 3.82508 3.82567 3.8248 3.82249 3.81875 3.81358 3.80703 3.7991 3.78985 3.77933 3.76758 3.75467 3.74067 3.72566 3.70974 3.69299 3.67552 3.65745 3.63888 3.61993 3.60072 3.58138 3.56203 3.54278 3.52376 3.50506 3.4868 3.46907 3.45196 3.43553 3.41987 3.40501 3.391 3.37787 3.36563 3.35431 3.34389 3.33437 3.32572 3.31793 3.31096 3.30478 3.29935 3.29463 3.29059 3.28719 3.28439 3.28218 3.28051 3.27937 3.27875 
3.27261 3.27302 3.27397 3.27547 3.27754 3.28022 3.28351 3.28747 3.29213 3.29752 3.30369 3.31068 3.31852 3.32725 3.3369 3.34749 3.35904 3.37155 3.38502 3.39943 3.41475 3.43094 3.44796 3.46572 3.48417 3.50321 3.52274 3.54265 3.56284 3.58319 3.60357 3.62386 3.64393 3.66366 3.68292 3.7016 3.71959 3.73678 3.75307 3.76837 3.78259 3.79566 3.80752 3.81809 3.82734 3.83522 3.84169 3.84672 3.85029 3.85239 3.85299 3.85211 3.84974 3.84589 3.84057 3.83382 3.82565 3.81611 3.80525 3.79311 3.77976 3.76527 3.74972 3.73321 3.71582 3.69767 3.67886 3.65952 3.63976 3.61971 3.5995 3.57925 3.55909 3.53914 3.51952 3.50033 3.48168 3.46366 3.44635 3.42982 3.41412 3.39931 3.38541 3.37245 3.36045 3.34939 3.33927 3.33008 3.32178 3.31435 3.30776 3.30196 3.29692 3.2926 3.28896 3.28596 3.28358 3.28179 3.28056 3.27989 
3.27374 3.27416 3.27516 3.27676 3.27896 3.2818 3.28531 3.28951 3.29446 3.30019 3.30674 3.31415 3.32247 3.33172 3.34194 3.35314 3.36535 3.37856 3.39277 3.40796 3.42409 3.44112 3.459 3.47765 3.49699 3.51693 3.53736 3.55818 3.57925 3.60047 3.62169 3.6428 3.66366 3.68413 3.70411 3.72346 3.74207 3.75984 3.77666 3.79245 3.80711 3.82057 3.83278 3.84366 3.85317 3.86126 3.86791 3.87308 3.87675 3.8789 3.87953 3.87863 3.87621 3.87226 3.86681 3.85988 3.85149 3.84169 3.83051 3.81801 3.80425 3.78931 3.77325 3.75618 3.73819 3.71939 3.69989 3.67981 3.65927 3.63841 3.61736 3.59625 3.57521 3.55437 3.53384 3.51375 3.4942 3.47529 3.4571 3.43972 3.4232 3.40759 3.39294 3.37927 3.36658 3.35489 3.34418 3.33444 3.32564 3.31776 3.31076 3.30459 3.29923 3.29463 3.29074 3.28755 3.285 3.28308 3.28176 3.28103 
3.27487 3.27531 3.27637 3.27805 3.28038 3.28339 3.2871 3.29156 3.29679 3.30285 3.30978 3.31762 3.3264 3.33617 3.34695 3.35876 3.37162 3.38552 3.40045 3.4164 3.43333 3.45118 3.4699 3.48941 3.50962 3.53043 3.55174 3.57342 3.59535 3.6174 3.63943 3.66132 3.68292 3.70411 3.72476 3.74474 3.76394 3.78224 3.79956 3.8158 3.83086 3.84469 3.85721 3.86837 3.87812 3.88641 3.89322 3.89852 3.90228 3.90449 3.90514 3.90423 3.90176 3.89773 3.89216 3.88507 3.87648 3.86643 3.85497 3.84214 3.82801 3.81264 3.79611 3.77852 3.75997 3.74055 3.7204 3.69962 3.67835 3.65672 3.63486 3.61292 3.59103 3.56932 3.54792 3.52695 3.50653 3.48676 3.46772 3.44951 3.43218 3.4158 3.40041 3.38602 3.37267 3.36035 3.34906 3.33878 3.32949 3.32116 3.31375 3.30722 3.30154 3.29665 3.29253 3.28913 3.28643 3.28438 3.28297 3.28219 
3.276 3.27646 3.27757 3.27935 3.2818 3.28498 3.28889 3.29359 3.29911 3.3055 3.3128 3.32106 3.3303 3.34058 3.35191 3.36431 3.3778 3.39237 3.40802 3.42471 3.44241 3.46106 3.48059 3.50093 3.52198 3.54363 3.56577 3.58828 3.61102 3.63387 3.65667 3.67929 3.7016 3.72346 3.74474 3.76531 3.78505 3.80386 3.82163 3.83828 3.85372 3.86788 3.88069 3.8921 3.90207 3.91054 3.9175 3.92291 3.92676 3.92902 3.92969 3.92877 3.92626 3.92215 3.91648 3.90924 3.90048 3.89021 3.87849 3.86537 3.85089 3.83513 3.81818 3.80011 3.78103 3.76104 3.74027 3.71883 3.69686 3.6745 3.65188 3.62916 3.60645 3.58392 3.56168 3.53987 3.5186 3.49799 3.47813 3.45911 3.44101 3.42387 3.40775 3.39268 3.37868 3.36575 3.35388 3.34308 3.3333 3.32452 3.31671 3.30983 3.30383 3.29867 3.29431 3.29071 3.28784 3.28567 3.28418 3.28334 
3.27713 3.2776 3.27876 3.28063 3.28321 3.28654 3.29066 3.2956 3.3014 3.30812 3.31578 3.32444 3.33414 3.3449 3.35677 3.36975 3.38385 3.39908 3.41541 3.43282 3.45126 3.47068 3.491 3.51213 3.53398 3.55644 3.57937 3.60267 3.62618 3.64978 3.6733 3.69662 3.71959 3.74207 3.76394 3.78505 3.8053 3.82457 3.84276 3.85979 3.87557 3.89002 3.9031 3.91474 3.92489 3.93353 3.94062 3.94613 3.95005 3.95236 3.95306 3.95213 3.94958 3.94542 3.93965 3.93229 3.92337 3.91291 3.90096 3.88757 3.87278 3.85667 3.83932 3.82081 3.80124 3.78073 3.75938 3.73733 3.71471 3.69166 3.66833 3.64485 3.62138 3.59805 3.57502 3.5524 3.53033 3.50891 3.48827 3.46847 3.44961 3.43175 3.41493 3.39919 3.38455 3.37103 3.35861 3.34729 3.33704 3.32783 3.31963 3.31239 3.30608 3.30065 3.29606 3.29227 3.28925 3.28695 3.28537 3.28449 
3.27823 3.27872 3.27994 3.28188 3.28459 3.28808 3.29239 3.29757 3.30364 3.31067 3.31869 3.32774 3.33787 3.34911 3.36149 3.37503 3.38973 3.40558 3.42258 3.44067 3.45983 3.47997 3.50104 3.52293 3.54554 3.56876 3.59245 3.61649 3.64073 3.66502 3.68923 3.7132 3.73678 3.75984 3.78224 3.80386 3.82457 3.84426 3.86284 3.8802 3.89629 3.91101 3.92432 3.93616 3.94649 3.95527 3.96248 3.96808 3.97207 3.97442 3.97514 3.97421 3.97163 3.96741 3.96157 3.9541 3.94504 3.93442 3.92227 3.90863 3.89357 3.87714 3.85943 3.84052 3.8205 3.7995 3.77763 3.75501 3.73178 3.70809 3.68408 3.65991 3.63571 3.61164 3.58785 3.56447 3.54163 3.51945 3.49805 3.47752 3.45793 3.43937 3.42188 3.4055 3.39025 3.37615 3.3632 3.35138 3.34067 3.33105 3.32247 3.31489 3.30828 3.30259 3.29778 3.2938 3.29062 3.28821 3.28655 3.28561 
3.2793 3.27981 3.28108 3.28311 3.28593 3.28958 3.29408 3.29947 3.30581 3.31314 3.3215 3.33093 3.34148 3.35318 3.36605 3.38012 3.39538 3.41184 3.42945 3.44821 3.46803 3.48888 3.51065 3.53325 3.55658 3.58051 3.60491 3.62965 3.65456 3.67951 3.70435 3.72892 3.75307 3.77666 3.79956 3.82163 3.84276 3.86284 3.88175 3.89943 3.91579 3.93075 3.94427 3.95628 3.96676 3.97567 3.98298 3.98866 3.99271 3.9951 3.99584 3.99491 3.99231 3.98805 3.98213 3.97458 3.9654 3.95463 3.9423 3.92846 3.91315 3.89643 3.8784 3.85913 3.83871 3.81727 3.79491 3.77177 3.74798 3.7237 3.69906 3.67423 3.64935 3.62459 3.60009 3.57599 3.55243 3.52953 3.50742 3.48618 3.46591 3.44668 3.42855 3.41156 3.39573 3.38109 3.36762 3.35533 3.34418 3.33416 3.32521 3.31731 3.31041 3.30447 3.29944 3.29528 3.29195 3.28943 3.28769 3.2867 
3.28033 3.28086 3.28218 3.28429 3.28722 3.29101 3.2957 3.30131 3.3079 3.31551 3.32419 3.33398 3.34493 3.35706 3.3704 3.38497 3.40077 3.41779 3.436 3.45536 3.47583 3.49732 3.51975 3.54303 3.56703 3.59162 3.61668 3.64206 3.66761 3.69316 3.71858 3.7437 3.76837 3.79245 3.8158 3.83828 3.85979 3.8802 3.89943 3.91738 3.93398 3.94915 3.96285 3.97502 3.98563 3.99465 4.00205 4.0078 4.0119 4.01433 4.01508 4.01415 4.01154 4.00724 4.00128 3.99364 3.98437 3.97347 3.96099 3.94696 3.93143 3.91447 3.89615 3.87655 3.85577 3.83392 3.81112 3.78751 3.76321 3.73838 3.71316 3.68773 3.66223 3.63682 3.61165 3.58688 3.56265 3.53908 3.51629 3.4944 3.47349 3.45363 3.4349 3.41733 3.40096 3.38579 3.37184 3.3591 3.34753 3.33713 3.32784 3.31963 3.31246 3.30627 3.30104 3.2967 3.29324 3.2906 3.28878 3.28775 
3.28132 3.28186 3.28322 3.28541 3.28845 3.29238 3.29723 3.30305 3.30987 3.31775 3.32674 3.33687 3.34819 3.36073 3.37451 3.38955 3.40585 3.42339 3.44216 3.46209 3.48315 3.50525 3.5283 3.55219 3.57681 3.60202 3.62768 3.65365 3.67977 3.70588 3.73183 3.75745 3.78259 3.80711 3.83086 3.85372 3.87557 3.89629 3.91579 3.93398 3.95078 3.96614 3.98 3.99231 4.00303 4.01214 4.01962 4.02543 4.02957 4.03203 4.0328 4.03188 4.02925 4.02493 4.01892 4.01122 4.00187 3.99086 3.97825 3.96406 3.94834 3.93116 3.91258 3.8927 3.87159 3.84939 3.82619 3.80214 3.77738 3.75205 3.72631 3.70032 3.67425 3.64824 3.62247 3.59708 3.57222 3.54803 3.52462 3.50212 3.48061 3.46017 3.44087 3.42276 3.40588 3.39023 3.37582 3.36265 3.3507 3.33994 3.33033 3.32182 3.31439 3.30798 3.30255 3.29805 3.29446 3.29172 3.28983 3.28875 
3.28225 3.28281 3.28421 3.28647 3.28961 3.29367 3.29868 3.30468 3.31172 3.31986 3.32912 3.33957 3.35123 3.36415 3.37834 3.39381 3.41057 3.42861 3.44788 3.46835 3.48994 3.5126 3.53621 3.56067 3.58585 3.61163 3.63784 3.66435 3.69099 3.71761 3.74403 3.7701 3.79566 3.82057 3.84469 3.86788 3.89002 3.91101 3.93075 3.94915 3.96614 3.98166 3.99565 4.00808 4.0189 4.02809 4.03563 4.04149 4.04568 4.04816 4.04895 4.04803 4.0454 4.04105 4.03501 4.02726 4.01783 4.00674 3.99401 3.97969 3.96381 3.94643 3.92764 3.9075 3.88611 3.86358 3.84003 3.8156 3.79042 3.76464 3.73842 3.71194 3.68534 3.65879 3.63247 3.60651 3.58108 3.55632 3.53234 3.50927 3.48721 3.46624 3.44642 3.42782 3.41046 3.39436 3.37953 3.36597 3.35366 3.34256 3.33265 3.32388 3.3162 3.30958 3.30397 3.29932 3.2956 3.29277 3.29081 3.2897 
3.28311 3.28368 3.28512 3.28745 3.29068 3.29486 3.30001 3.30619 3.31343 3.3218 3.33132 3.34206 3.35404 3.3673 3.38186 3.39773 3.41491 3.43339 3.45312 3.47407 3.49616 3.51932 3.54344 3.56841 3.5941 3.62038 3.6471 3.67409 3.7012 3.72826 3.7551 3.78158 3.80752 3.83278 3.85721 3.88069 3.9031 3.92432 3.94427 3.96285 3.98 3.99565 4.00976 4.02228 4.03319 4.04245 4.05004 4.05595 4.06017 4.06268 4.06348 4.06256 4.05993 4.05557 4.04949 4.04171 4.03222 4.02106 4.00823 3.99379 3.97777 3.96024 3.94125 3.92088 3.89925 3.87644 3.85258 3.8278 3.80225 3.77607 3.74943 3.7225 3.69543 3.6684 3.64158 3.61511 3.58917 3.56389 3.5394 3.51582 3.49326 3.47179 3.45151 3.43245 3.41466 3.39815 3.38294 3.36902 3.35638 3.34498 3.33479 3.32577 3.31788 3.31106 3.30528 3.3005 3.29666 3.29375 3.29172 3.29057 
3.28389 3.28448 3.28596 3.28834 3.29166 3.29594 3.30123 3.30756 3.31499 3.32356 3.33332 3.34431 3.35657 3.37014 3.38504 3.40126 3.41882 3.43769 3.45784 3.47922 3.50175 3.52535 3.54993 3.57535 3.6015 3.62823 3.65538 3.6828 3.71032 3.73778 3.765 3.79183 3.81809 3.84366 3.86837 3.8921 3.91474 3.93616 3.95628 3.97502 3.99231 4.00808 4.02228 4.03489 4.04586 4.05518 4.06282 4.06877 4.07301 4.07554 4.07636 4.07545 4.07281 4.06844 4.06234 4.05452 4.04499 4.03377 4.02087 4.00633 3.99019 3.97251 3.95336 3.93281 3.91095 3.8879 3.86377 3.83869 3.81281 3.78629 3.75928 3.73195 3.70447 3.67701 3.64974 3.62283 3.59642 3.57068 3.54573 3.5217 3.49869 3.4768 3.45609 3.43662 3.41844 3.40157 3.38602 3.37178 3.35884 3.34716 3.33673 3.32748 3.31939 3.31241 3.30648 3.30156 3.29763 3.29463 3.29255 3.29137 
3.2846 3.28519 3.2867 3.28914 3.29253 3.29691 3.30231 3.30878 3.31637 3.32512 3.33508 3.34631 3.35882 3.37266 3.38785 3.40439 3.42228 3.4415 3.46201 3.48376 3.50667 3.53067 3.55564 3.58146 3.608 3.63512 3.66265 3.69045 3.71832 3.74612 3.77366 3.80079 3.82734 3.85317 3.87812 3.90207 3.92489 3.94649 3.96676 3.98563 4.00303 4.0189 4.03319 4.04586 4.05689 4.06626 4.07394 4.07991 4.08418 4.08673 4.08756 4.08665 4.08401 4.07964 4.07352 4.06568 4.05611 4.04483 4.03187 4.01725 4.00102 3.98322 3.96393 3.94321 3.92117 3.89791 3.87355 3.84822 3.82206 3.79523 3.7679 3.74023 3.71239 3.68456 3.6569 3.6296 3.6028 3.57666 3.55131 3.52688 3.50348 3.4812 3.46013 3.44031 3.42179 3.4046 3.38874 3.37422 3.36101 3.3491 3.33844 3.32901 3.32074 3.3136 3.30754 3.30252 3.29849 3.29543 3.2933 3.29209 
3.28521 3.28582 3.28735 3.28983 3.29329 3.29774 3.30325 3.30984 3.31756 3.32647 3.33661 3.34803 3.36076 3.37483 3.39027 3.40707 3.42525 3.44476 3.46558 3.48765 3.51089 3.53522 3.56052 3.58668 3.61356 3.64101 3.66886 3.69697 3.72515 3.75323 3.78105 3.80843 3.83522 3.86126 3.88641 3.91054 3.93353 3.95527 3.97567 3.99465 4.01214 4.02809 4.04245 4.05518 4.06626 4.07566 4.08337 4.08937 4.09366 4.09623 4.09706 4.09616 4.09352 4.08914 4.08302 4.07515 4.06555 4.05424 4.04122 4.02653 4.01022 3.99232 3.97291 3.95207 3.92987 3.90644 3.88188 3.85633 3.82994 3.80286 3.77525 3.74729 3.71915 3.691 3.66303 3.63539 3.60825 3.58177 3.55608 3.53131 3.50758 3.48498 3.46359 3.44347 3.42466 3.4072 3.39108 3.37632 3.36289 3.35077 3.33993 3.33032 3.3219 3.31463 3.30846 3.30334 3.29924 3.29611 3.29394 3.29271 
3.28572 3.28634 3.2879 3.29042 3.29392 3.29845 3.30403 3.31072 3.31856 3.3276 3.33788 3.34946 3.36237 3.37663 3.39227 3.4093 3.4277 3.44746 3.46853 3.49086 3.51437 3.53897 3.56455 3.59099 3.61814 3.64585 3.67397 3.70233 3.73076 3.75908 3.78712 3.81471 3.84169 3.86791 3.89322 3.9175 3.94062 3.96248 3.98298 4.00205 4.01962 4.03563 4.05004 4.06282 4.07394 4.08337 4.09111 4.09713 4.10144 4.10401 4.10486 4.10396 4.10132 4.09694 4.0908 4.08292 4.0733 4.06195 4.04889 4.03415 4.01777 3.99979 3.98029 3.95933 3.93701 3.91343 3.88872 3.86299 3.83641 3.80912 3.78129 3.7531 3.72471 3.69631 3.66806 3.64015 3.61274 3.58598 3.56001 3.53497 3.51097 3.4881 3.46646 3.44609 3.42704 3.40935 3.39302 3.37806 3.36445 3.35216 3.34116 3.33142 3.32288 3.3155 3.30923 3.30403 3.29986 3.29669 3.29449 3.29323 
3.28614 3.28676 3.28834 3.29088 3.29443 3.29901 3.30466 3.31142 3.31935 3.32849 3.33889 3.35059 3.36364 3.37805 3.39385 3.41105 3.42963 3.44958 3.47084 3.49338 3.51709 3.5419 3.5677 3.59434 3.6217 3.64963 3.67795 3.70651 3.73512 3.76362 3.79184 3.81959 3.84672 3.87308 3.89852 3.92291 3.94613 3.96808 3.98866 4.0078 4.02543 4.04149 4.05595 4.06877 4.07991 4.08937 4.09713 4.10317 4.10749 4.11008 4.11093 4.11004 4.1074 4.10301 4.09686 4.08897 4.07933 4.06795 4.05486 4.04008 4.02364 4.00561 3.98603 3.96498 3.94257 3.91888 3.89404 3.86818 3.84144 3.814 3.786 3.75762 3.72904 3.70044 3.67199 3.64387 3.61624 3.58926 3.56308 3.53783 3.51362 3.49054 3.4687 3.44813 3.4289 3.41104 3.39455 3.37943 3.36567 3.35325 3.34214 3.33228 3.32365 3.31618 3.30984 3.30458 3.30036 3.29715 3.29492 3.29365 
3.28644 3.28707 3.28866 3.29123 3.2948 3.29942 3.30511 3.31193 3.31993 3.32914 3.33962 3.35141 3.36455 3.37907 3.39498 3.4123 3.43101 3.45109 3.4725 3.49517 3.51903 3.54399 3.56993 3.59673 3.62424 3.65231 3.68078 3.70947 3.73822 3.76685 3.79518 3.82305 3.85029 3.87675 3.90228 3.92676 3.95005 3.97207 3.99271 4.0119 4.02957 4.04568 4.06017 4.07301 4.08418 4.09366 4.10144 4.10749 4.11182 4.11442 4.11527 4.11438 4.11174 4.10735 4.1012 4.09329 4.08363 4.07223 4.05912 4.0443 4.02783 4.00974 3.99011 3.969 3.94651 3.92274 3.89781 3.87186 3.84502 3.81745 3.78933 3.76082 3.73211 3.70336 3.67477 3.6465 3.61873 3.5916 3.56527 3.53986 3.5155 3.49228 3.4703 3.4496 3.43024 3.41225 3.39564 3.38042 3.36656 3.35404 3.34284 3.33291 3.32421 3.31668 3.31029 3.30499 3.30073 3.29749 3.29524 3.29396 
3.28664 3.28727 3.28887 3.29145 3.29504 3.29968 3.3054 3.31225 3.32028 3.32954 3.34006 3.35191 3.3651 3.37968 3.39566 3.41305 3.43183 3.45199 3.47347 3.49623 3.52017 3.54522 3.57124 3.59813 3.62572 3.65388 3.68243 3.71121 3.74003 3.76874 3.79714 3.82508 3.85239 3.8789 3.90449 3.92902 3.95236 3.97442 3.9951 4.01433 4.03203 4.04816 4.06268 4.07554 4.08673 4.09623 4.10401 4.11008 4.11442 4.11702 4.11788 4.11699 4.11435 4.10995 4.10379 4.09587 4.0862 4.07479 4.06165 4.04681 4.03031 4.01219 3.99252 3.97137 3.94884 3.92502 3.90003 3.87401 3.84711 3.81948 3.79128 3.7627 3.7339 3.70508 3.6764 3.64804 3.62018 3.59296 3.56655 3.54105 3.51661 3.49331 3.47124 3.45047 3.43103 3.41297 3.3963 3.38101 3.36709 3.35453 3.34327 3.3333 3.32455 3.31699 3.31057 3.30524 3.30097 3.29771 3.29545 3.29416 
