1.43708 1.43742 1.43774 1.43806 1.43836 1.43864 1.4389 1.43913 1.43935 1.43953 1.4397 1.43984 1.43996 1.44007 1.44015 1.44023 1.44029 1.44033 1.44038 1.44041 1.44044 1.44047 1.44049 1.44052 1.44055 1.44057 1.44061 1.44064 1.44069 1.44073 1.44079 1.44085 1.44092 1.44099 1.44107 1.44115 1.44124 1.44134 1.44143 1.44153 1.44163 1.44173 1.44182 1.44191 1.44199 1.44207 1.44213 1.44219 1.44223 1.44226 1.44228 1.44228 1.44227 1.44224 1.44221 1.44216 1.4421 1.44203 1.44195 1.44186 1.44177 1.44168 1.44158 1.44148 1.44139 1.4413 1.44121 1.44112 1.44104 1.44097 1.4409 1.44084 1.44078 1.44074 1.44069 1.44066 1.44063 1.44061 1.44059 1.44059 1.44059 1.4406 1.44062 1.44065 1.44069 1.44075 1.44083 1.44092 1.44104 1.44117 1.44134 1.44152 1.44173 1.44197 1.44223 1.44251 1.44281 1.44313 1.44346 1.44379 
1.43742 1.43775 1.43808 1.43839 1.43869 1.43897 1.43923 1.43947 1.43968 1.43987 1.44003 1.44018 1.4403 1.4404 1.44049 1.44056 1.44062 1.44067 1.44071 1.44074 1.44077 1.4408 1.44082 1.44085 1.44087 1.4409 1.44093 1.44097 1.44101 1.44106 1.44111 1.44117 1.44123 1.44131 1.44139 1.44147 1.44156 1.44166 1.44176 1.44186 1.44196 1.44205 1.44215 1.44224 1.44232 1.4424 1.44247 1.44252 1.44257 1.4426 1.44261 1.44261 1.4426 1.44258 1.44254 1.44249 1.44243 1.44236 1.44228 1.44219 1.4421 1.442 1.4419 1.44181 1.44171 1.44162 1.44153 1.44144 1.44136 1.44129 1.44122 1.44116 1.44111 1.44106 1.44102 1.44098 1.44096 1.44094 1.44092 1.44092 1.44092 1.44093 1.44095 1.44098 1.44102 1.44108 1.44116 1.44125 1.44137 1.44151 1.44167 1.44186 1.44207 1.4423 1.44256 1.44285 1.44315 1.44346 1.44379 1.44412 
1.43774 1.43808 1.4384 1.43872 1.43902 1.4393 1.43956 1.43979 1.44001 1.44019 1.44036 1.4405 1.44062 1.44073 1.44081 1.44089 1.44094 1.44099 1.44103 1.44107 1.4411 1.44113 1.44115 1.44118 1.44121 1.44124 1.44127 1.44131 1.44136 1.44141 1.44148 1.44154 1.44162 1.4417 1.4418 1.44189 1.442 1.44211 1.44222 1.44234 1.44245 1.44257 1.44268 1.44278 1.44288 1.44297 1.44304 1.44311 1.44316 1.44319 1.44321 1.44321 1.4432 1.44317 1.44312 1.44306 1.44299 1.44291 1.44282 1.44272 1.44261 1.4425 1.44239 1.44227 1.44216 1.44205 1.44195 1.44185 1.44176 1.44168 1.4416 1.44153 1.44147 1.44141 1.44137 1.44133 1.4413 1.44127 1.44126 1.44125 1.44125 1.44126 1.44128 1.44131 1.44135 1.44141 1.44149 1.44158 1.4417 1.44183 1.442 1.44218 1.44239 1.44263 1.44289 1.44317 1.44347 1.44379 1.44412 1.44445 
1.43806 1.43839 1.43872 1.43903 1.43933 1.43961 1.43987 1.44011 1.44032 1.44051 1.44067 1.44082 1.44094 1.44104 1.44113 1.4412 1.44126 1.44131 1.44135 1.44139 1.44142 1.44145 1.44148 1.44151 1.44155 1.44159 1.44163 1.44169 1.44175 1.44181 1.44189 1.44198 1.44208 1.44219 1.4423 1.44243 1.44256 1.4427 1.44285 1.443 1.44314 1.44329 1.44343 1.44356 1.44369 1.4438 1.44389 1.44397 1.44404 1.44408 1.4441 1.4441 1.44408 1.44404 1.44399 1.44391 1.44382 1.44371 1.44359 1.44346 1.44333 1.44319 1.44304 1.4429 1.44276 1.44262 1.44249 1.44236 1.44224 1.44214 1.44204 1.44195 1.44187 1.4418 1.44174 1.44169 1.44165 1.44162 1.4416 1.44158 1.44158 1.44158 1.4416 1.44163 1.44167 1.44173 1.4418 1.4419 1.44201 1.44215 1.44231 1.4425 1.44271 1.44295 1.44321 1.44349 1.44379 1.4441 1.44443 1.44476 
1.43836 1.43869 1.43902 1.43933 1.43963 1.43991 1.44017 1.44041 1.44062 1.44081 1.44097 1.44112 1.44124 1.44134 1.44143 1.4415 1.44156 1.44162 1.44166 1.4417 1.44174 1.44177 1.44181 1.44185 1.4419 1.44195 1.44201 1.44208 1.44217 1.44226 1.44237 1.44249 1.44262 1.44277 1.44293 1.4431 1.44329 1.44348 1.44367 1.44387 1.44407 1.44427 1.44445 1.44463 1.4448 1.44494 1.44507 1.44518 1.44526 1.44531 1.44534 1.44534 1.44531 1.44526 1.44518 1.44508 1.44495 1.44481 1.44465 1.44447 1.44429 1.4441 1.44391 1.44371 1.44352 1.44334 1.44316 1.44299 1.44283 1.44268 1.44255 1.44243 1.44232 1.44223 1.44215 1.44208 1.44202 1.44198 1.44194 1.44192 1.44191 1.4419 1.44192 1.44194 1.44198 1.44203 1.44211 1.4422 1.44231 1.44245 1.44261 1.4428 1.44301 1.44324 1.4435 1.44379 1.44409 1.4444 1.44473 1.44506 
1.43864 1.43897 1.4393 1.43961 1.43991 1.44019 1.44045 1.44069 1.4409 1.44109 1.44125 1.4414 1.44152 1.44163 1.44171 1.44179 1.44185 1.44191 1.44196 1.442 1.44205 1.44209 1.44214 1.4422 1.44226 1.44234 1.44242 1.44252 1.44264 1.44277 1.44292 1.44309 1.44328 1.44349 1.44372 1.44396 1.44421 1.44447 1.44475 1.44502 1.44529 1.44556 1.44582 1.44606 1.44629 1.44649 1.44666 1.4468 1.44691 1.44698 1.44702 1.44702 1.44698 1.4469 1.44679 1.44665 1.44647 1.44628 1.44605 1.44581 1.44556 1.4453 1.44503 1.44476 1.4445 1.44424 1.444 1.44376 1.44354 1.44334 1.44316 1.44299 1.44284 1.44271 1.44259 1.4425 1.44241 1.44235 1.44229 1.44226 1.44223 1.44222 1.44222 1.44224 1.44228 1.44233 1.4424 1.44249 1.4426 1.44273 1.44289 1.44308 1.44329 1.44353 1.44378 1.44407 1.44437 1.44468 1.44501 1.44534 
1.4389 1.43923 1.43956 1.43987 1.44017 1.44045 1.44071 1.44095 1.44116 1.44135 1.44151 1.44166 1.44178 1.44189 1.44198 1.44206 1.44213 1.44219 1.44224 1.4423 1.44235 1.44241 1.44248 1.44255 1.44264 1.44275 1.44287 1.44302 1.44318 1.44337 1.44359 1.44383 1.4441 1.44439 1.44471 1.44504 1.4454 1.44576 1.44614 1.44652 1.4469 1.44727 1.44762 1.44796 1.44826 1.44853 1.44877 1.44896 1.44911 1.4492 1.44925 1.44925 1.44919 1.44908 1.44893 1.44873 1.44849 1.44821 1.44791 1.44758 1.44723 1.44686 1.44649 1.44612 1.44576 1.4454 1.44506 1.44473 1.44443 1.44414 1.44389 1.44365 1.44344 1.44325 1.44309 1.44295 1.44284 1.44274 1.44266 1.4426 1.44256 1.44253 1.44252 1.44253 1.44256 1.4426 1.44267 1.44276 1.44286 1.443 1.44316 1.44334 1.44355 1.44379 1.44404 1.44433 1.44463 1.44494 1.44527 1.4456 
1.43913 1.43947 1.43979 1.44011 1.44041 1.44069 1.44095 1.44118 1.4414 1.44158 1.44175 1.4419 1.44202 1.44213 1.44223 1.44231 1.44238 1.44245 1.44251 1.44258 1.44265 1.44273 1.44282 1.44293 1.44306 1.44321 1.44338 1.44359 1.44383 1.4441 1.4444 1.44474 1.44512 1.44553 1.44597 1.44644 1.44693 1.44744 1.44796 1.44848 1.449 1.44951 1.44999 1.45044 1.45086 1.45123 1.45155 1.45181 1.452 1.45213 1.45219 1.45218 1.4521 1.45195 1.45174 1.45146 1.45113 1.45075 1.45033 1.44988 1.4494 1.4489 1.44839 1.44788 1.44738 1.44688 1.44641 1.44596 1.44553 1.44514 1.44478 1.44445 1.44416 1.4439 1.44367 1.44347 1.4433 1.44316 1.44305 1.44296 1.44289 1.44284 1.44282 1.44281 1.44283 1.44287 1.44292 1.44301 1.44311 1.44324 1.4434 1.44358 1.44379 1.44402 1.44428 1.44456 1.44486 1.44518 1.4455 1.44584 
1.43935 1.43968 1.44001 1.44032 1.44062 1.4409 1.44116 1.4414 1.44161 1.4418 1.44197 1.44211 1.44224 1.44235 1.44245 1.44254 1.44262 1.4427 1.44278 1.44287 1.44296 1.44307 1.4432 1.44335 1.44353 1.44374 1.44399 1.44428 1.44461 1.44499 1.44542 1.4459 1.44642 1.44699 1.4476 1.44824 1.44892 1.44962 1.45033 1.45104 1.45174 1.45243 1.45308 1.45369 1.45425 1.45475 1.45517 1.45552 1.45577 1.45594 1.45602 1.456 1.45589 1.45568 1.45539 1.45502 1.45457 1.45405 1.45348 1.45287 1.45221 1.45153 1.45084 1.45015 1.44946 1.44878 1.44814 1.44752 1.44693 1.44639 1.44589 1.44544 1.44503 1.44467 1.44435 1.44407 1.44384 1.44364 1.44347 1.44334 1.44324 1.44316 1.44311 1.44309 1.44309 1.44312 1.44316 1.44324 1.44334 1.44347 1.44362 1.4438 1.44401 1.44424 1.4445 1.44478 1.44508 1.44539 1.44572 1.44605 
1.43953 1.43987 1.44019 1.44051 1.44081 1.44109 1.44135 1.44158 1.4418 1.44199 1.44216 1.44231 1.44244 1.44256 1.44266 1.44276 1.44285 1.44295 1.44305 1.44316 1.44329 1.44343 1.44361 1.44382 1.44407 1.44437 1.44472 1.44513 1.44559 1.44612 1.44671 1.44736 1.44808 1.44886 1.44969 1.45057 1.45149 1.45243 1.45339 1.45434 1.45529 1.4562 1.45708 1.45789 1.45863 1.45929 1.45985 1.4603 1.46064 1.46086 1.46096 1.46093 1.46077 1.46049 1.4601 1.4596 1.459 1.45831 1.45754 1.45671 1.45584 1.45492 1.45399 1.45306 1.45213 1.45122 1.45034 1.4495 1.44871 1.44797 1.44729 1.44667 1.44611 1.44562 1.44518 1.44479 1.44446 1.44418 1.44395 1.44376 1.44361 1.4435 1.44342 1.44337 1.44335 1.44336 1.44339 1.44346 1.44355 1.44367 1.44382 1.444 1.4442 1.44443 1.44469 1.44497 1.44526 1.44558 1.44591 1.44624 
1.4397 1.44003 1.44036 1.44067 1.44097 1.44125 1.44151 1.44175 1.44197 1.44216 1.44233 1.44249 1.44262 1.44275 1.44286 1.44297 1.44308 1.4432 1.44332 1.44347 1.44364 1.44385 1.44409 1.44438 1.44473 1.44515 1.44563 1.44619 1.44682 1.44755 1.44835 1.44925 1.45022 1.45127 1.45239 1.45357 1.45479 1.45605 1.45732 1.45859 1.45984 1.46105 1.4622 1.46326 1.46424 1.46509 1.46582 1.46641 1.46685 1.46713 1.46725 1.4672 1.46699 1.46662 1.4661 1.46544 1.46464 1.46373 1.46272 1.46162 1.46046 1.45925 1.45802 1.45677 1.45554 1.45433 1.45315 1.45203 1.45097 1.44998 1.44906 1.44823 1.44747 1.44679 1.44619 1.44567 1.44522 1.44483 1.44451 1.44424 1.44403 1.44386 1.44374 1.44365 1.44361 1.44359 1.44361 1.44366 1.44374 1.44386 1.444 1.44417 1.44437 1.4446 1.44486 1.44513 1.44543 1.44575 1.44607 1.4464 
1.43984 1.44018 1.4405 1.44082 1.44112 1.4414 1.44166 1.4419 1.44211 1.44231 1.44249 1.44264 1.44279 1.44292 1.44305 1.44317 1.44331 1.44345 1.44362 1.44381 1.44405 1.44433 1.44466 1.44507 1.44554 1.44611 1.44677 1.44753 1.44839 1.44937 1.45045 1.45165 1.45295 1.45435 1.45584 1.4574 1.45901 1.46067 1.46233 1.46399 1.46562 1.46719 1.46868 1.47006 1.47132 1.47242 1.47336 1.47412 1.47468 1.47503 1.47518 1.47511 1.47483 1.47434 1.47366 1.47279 1.47176 1.47057 1.46925 1.46782 1.4663 1.46473 1.46311 1.46148 1.45986 1.45826 1.45672 1.45524 1.45383 1.45252 1.4513 1.45018 1.44917 1.44826 1.44746 1.44675 1.44614 1.44562 1.44518 1.44481 1.44451 1.44427 1.44409 1.44396 1.44388 1.44383 1.44383 1.44386 1.44393 1.44403 1.44416 1.44433 1.44453 1.44475 1.445 1.44528 1.44558 1.44589 1.44621 1.44655 
1.43996 1.4403 1.44062 1.44094 1.44124 1.44152 1.44178 1.44202 1.44224 1.44244 1.44262 1.44279 1.44294 1.44309 1.44323 1.44338 1.44355 1.44373 1.44395 1.44421 1.44453 1.44491 1.44536 1.44591 1.44656 1.44732 1.44821 1.44923 1.45038 1.45168 1.45313 1.45471 1.45643 1.45826 1.46021 1.46224 1.46434 1.46649 1.46864 1.47078 1.47287 1.47489 1.47679 1.47856 1.48015 1.48156 1.48275 1.4837 1.48441 1.48485 1.48502 1.48492 1.48456 1.48393 1.48305 1.48194 1.48061 1.47908 1.47739 1.47555 1.4736 1.47157 1.46948 1.46738 1.46528 1.46321 1.4612 1.45927 1.45744 1.45571 1.45411 1.45264 1.45131 1.45011 1.44904 1.4481 1.44728 1.44658 1.44599 1.44549 1.44508 1.44475 1.44449 1.4443 1.44417 1.44408 1.44405 1.44405 1.4441 1.44419 1.44431 1.44447 1.44466 1.44489 1.44513 1.44541 1.4457 1.44601 1.44634 1.44667 
1.44007 1.4404 1.44073 1.44104 1.44134 1.44163 1.44189 1.44213 1.44235 1.44256 1.44275 1.44292 1.44309 1.44325 1.44342 1.4436 1.44381 1.44405 1.44434 1.44469 1.44511 1.44562 1.44623 1.44696 1.44783 1.44885 1.45003 1.45138 1.45291 1.45462 1.45651 1.45857 1.4608 1.46318 1.46569 1.46831 1.471 1.47374 1.47649 1.47921 1.48186 1.4844 1.48681 1.48903 1.49103 1.49279 1.49428 1.49547 1.49634 1.49688 1.49709 1.49696 1.49649 1.49569 1.49457 1.49316 1.49148 1.48955 1.4874 1.48507 1.4826 1.48002 1.47737 1.47468 1.472 1.46935 1.46677 1.46429 1.46193 1.4597 1.45763 1.45572 1.45398 1.45241 1.45101 1.44978 1.4487 1.44777 1.44698 1.44632 1.44577 1.44532 1.44496 1.44469 1.44449 1.44436 1.44428 1.44425 1.44428 1.44435 1.44446 1.4446 1.44479 1.445 1.44525 1.44552 1.44581 1.44612 1.44644 1.44677 
1.44015 1.44049 1.44081 1.44113 1.44143 1.44171 1.44198 1.44223 1.44245 1.44266 1.44286 1.44305 1.44323 1.44342 1.44362 1.44385 1.44411 1.44442 1.4448 1.44526 1.44582 1.4465 1.44732 1.44829 1.44944 1.45078 1.45233 1.45409 1.45608 1.4583 1.46074 1.46339 1.46625 1.46929 1.47249 1.47581 1.47921 1.48266 1.48612 1.48952 1.49284 1.49601 1.499 1.50176 1.50424 1.50641 1.50824 1.5097 1.51077 1.51143 1.51167 1.5115 1.5109 1.5099 1.50851 1.50675 1.50465 1.50224 1.49956 1.49665 1.49356 1.49032 1.487 1.48362 1.48024 1.4769 1.47363 1.47048 1.46748 1.46464 1.46199 1.45954 1.4573 1.45528 1.45347 1.45186 1.45046 1.44925 1.44821 1.44733 1.4466 1.44601 1.44553 1.44515 1.44487 1.44466 1.44453 1.44447 1.44446 1.4445 1.44459 1.44473 1.4449 1.44511 1.44535 1.44561 1.4459 1.44621 1.44653 1.44686 
1.44023 1.44056 1.44089 1.4412 1.4415 1.44179 1.44206 1.44231 1.44254 1.44276 1.44297 1.44317 1.44338 1.4436 1.44385 1.44413 1.44447 1.44487 1.44537 1.44597 1.44671 1.4476 1.44867 1.44995 1.45145 1.45319 1.4552 1.45747 1.46003 1.46286 1.46597 1.46935 1.47296 1.47679 1.48081 1.48496 1.48921 1.4935 1.49778 1.50199 1.50607 1.50998 1.51364 1.51701 1.52004 1.52269 1.52491 1.52668 1.52797 1.52876 1.52905 1.52882 1.52808 1.52685 1.52513 1.52297 1.52039 1.51743 1.51413 1.51055 1.50673 1.50273 1.49861 1.49442 1.49022 1.48605 1.48198 1.47803 1.47425 1.47068 1.46733 1.46423 1.46139 1.45881 1.45649 1.45444 1.45264 1.45107 1.44972 1.44858 1.44763 1.44684 1.4462 1.4457 1.44531 1.44502 1.44482 1.4447 1.44465 1.44467 1.44473 1.44485 1.445 1.4452 1.44543 1.44569 1.44598 1.44629 1.44661 1.44693 
1.44029 1.44062 1.44094 1.44126 1.44156 1.44185 1.44213 1.44238 1.44262 1.44285 1.44308 1.44331 1.44355 1.44381 1.44411 1.44447 1.4449 1.44542 1.44606 1.44685 1.44781 1.44898 1.45037 1.45202 1.45395 1.45619 1.45875 1.46165 1.46489 1.46847 1.47238 1.47661 1.48112 1.48588 1.49086 1.49598 1.50121 1.50647 1.51171 1.51684 1.52181 1.52654 1.53097 1.53504 1.53869 1.54187 1.54453 1.54665 1.54819 1.54912 1.54945 1.54915 1.54825 1.54675 1.54468 1.54206 1.53893 1.53534 1.53134 1.52699 1.52234 1.51746 1.51243 1.5073 1.50214 1.49702 1.49199 1.48711 1.48243 1.47799 1.47381 1.46993 1.46636 1.46312 1.4602 1.45759 1.4553 1.4533 1.45158 1.45012 1.44888 1.44786 1.44703 1.44636 1.44584 1.44545 1.44516 1.44497 1.44487 1.44484 1.44488 1.44497 1.44511 1.44529 1.44551 1.44577 1.44605 1.44635 1.44667 1.447 
1.44033 1.44067 1.44099 1.44131 1.44162 1.44191 1.44219 1.44245 1.4427 1.44295 1.4432 1.44345 1.44373 1.44405 1.44442 1.44487 1.44542 1.44609 1.44692 1.44794 1.44918 1.45068 1.45247 1.45457 1.45703 1.45987 1.4631 1.46674 1.4708 1.47526 1.48012 1.48535 1.49091 1.49675 1.50283 1.50908 1.51542 1.52179 1.52811 1.53428 1.54024 1.5459 1.55119 1.55603 1.56037 1.56413 1.56729 1.56978 1.57159 1.57268 1.57305 1.57269 1.5716 1.56981 1.56733 1.5642 1.56047 1.55617 1.55139 1.54617 1.54059 1.53473 1.52866 1.52246 1.51622 1.51 1.50388 1.49792 1.49218 1.48672 1.48158 1.47678 1.47236 1.46832 1.46468 1.46142 1.45854 1.45602 1.45385 1.45198 1.45041 1.44911 1.44803 1.44716 1.44648 1.44595 1.44556 1.44529 1.44512 1.44504 1.44503 1.44509 1.44521 1.44538 1.44559 1.44583 1.44611 1.44641 1.44672 1.44705 
1.44038 1.44071 1.44103 1.44135 1.44166 1.44196 1.44224 1.44251 1.44278 1.44305 1.44332 1.44362 1.44395 1.44434 1.4448 1.44537 1.44606 1.44692 1.44799 1.44929 1.45087 1.45277 1.45504 1.4577 1.46079 1.46434 1.46837 1.47289 1.4779 1.48339 1.48935 1.49573 1.50249 1.50957 1.51691 1.52442 1.53203 1.53963 1.54715 1.55448 1.56153 1.56821 1.57444 1.58013 1.58521 1.58962 1.59329 1.5962 1.5983 1.59956 1.59997 1.59953 1.59825 1.59613 1.59321 1.58953 1.58513 1.58007 1.57442 1.56825 1.56164 1.55468 1.54746 1.54007 1.5326 1.52515 1.51779 1.5106 1.50366 1.49704 1.49078 1.48492 1.4795 1.47454 1.47004 1.46601 1.46244 1.4593 1.45658 1.45425 1.45227 1.45061 1.44925 1.44814 1.44725 1.44656 1.44604 1.44566 1.44541 1.44526 1.44521 1.44523 1.44532 1.44547 1.44566 1.4459 1.44616 1.44645 1.44677 1.44709 
1.44041 1.44074 1.44107 1.44139 1.4417 1.442 1.4423 1.44258 1.44287 1.44316 1.44347 1.44381 1.44421 1.44469 1.44526 1.44597 1.44685 1.44794 1.44929 1.45094 1.45293 1.45532 1.45815 1.46147 1.46531 1.4697 1.47466 1.4802 1.48632 1.493 1.50021 1.50791 1.51602 1.5245 1.53324 1.54216 1.55116 1.56012 1.56896 1.57754 1.58578 1.59356 1.60079 1.60739 1.61327 1.61835 1.62259 1.62593 1.62833 1.62977 1.63023 1.62971 1.62821 1.62575 1.62236 1.61808 1.61297 1.60709 1.60051 1.59331 1.58559 1.57744 1.56896 1.56025 1.55144 1.54261 1.53386 1.5253 1.51701 1.50907 1.50154 1.49447 1.48791 1.48188 1.4764 1.47147 1.46708 1.46322 1.45986 1.45696 1.4545 1.45243 1.45071 1.44931 1.44818 1.44729 1.44661 1.44611 1.44575 1.44553 1.44541 1.44539 1.44544 1.44556 1.44574 1.44596 1.44621 1.4465 1.44681 1.44712 
1.44044 1.44077 1.4411 1.44142 1.44174 1.44205 1.44235 1.44265 1.44296 1.44329 1.44364 1.44405 1.44453 1.44511 1.44582 1.44671 1.44781 1.44918 1.45087 1.45293 1.45542 1.45839 1.46189 1.46598 1.47069 1.47605 1.48209 1.4888 1.49618 1.50421 1.51283 1.52199 1.53162 1.54163 1.55192 1.56238 1.57289 1.58333 1.59358 1.60351 1.613 1.62195 1.63025 1.6378 1.6445 1.6503 1.65512 1.65891 1.66163 1.66325 1.66375 1.66314 1.66141 1.6586 1.65472 1.64982 1.64397 1.63722 1.62966 1.62137 1.61246 1.60303 1.5932 1.58308 1.5728 1.56247 1.55221 1.54213 1.53234 1.52293 1.51397 1.50554 1.49768 1.49044 1.48384 1.47787 1.47255 1.46784 1.46373 1.46018 1.45715 1.45459 1.45246 1.45071 1.44929 1.44817 1.44729 1.44664 1.44616 1.44584 1.44565 1.44557 1.44558 1.44567 1.44582 1.44602 1.44627 1.44654 1.44684 1.44716 
1.44047 1.4408 1.44113 1.44145 1.44177 1.44209 1.44241 1.44273 1.44307 1.44343 1.44385 1.44433 1.44491 1.44562 1.4465 1.4476 1.44898 1.45068 1.45277 1.45532 1.45839 1.46203 1.46632 1.4713 1.47701 1.48349 1.49075 1.49878 1.50758 1.5171 1.52729 1.53808 1.54936 1.56105 1.57301 1.58512 1.59725 1.60925 1.62099 1.63233 1.64315 1.65331 1.6627 1.67123 1.67879 1.68531 1.69072 1.69496 1.698 1.6998 1.70036 1.69965 1.6977 1.69452 1.69014 1.68461 1.67799 1.67035 1.66177 1.65236 1.64221 1.63144 1.62018 1.60856 1.59671 1.58477 1.57288 1.56116 1.54973 1.5387 1.52817 1.51822 1.50892 1.50032 1.49244 1.48531 1.47891 1.47325 1.46828 1.46397 1.46027 1.45715 1.45453 1.45237 1.45061 1.44921 1.44811 1.44726 1.44664 1.44621 1.44593 1.44578 1.44574 1.44579 1.44591 1.44609 1.44632 1.44658 1.44688 1.44719 
1.44049 1.44082 1.44115 1.44148 1.44181 1.44214 1.44248 1.44282 1.4432 1.44361 1.44409 1.44466 1.44536 1.44623 1.44732 1.44867 1.45037 1.45247 1.45504 1.45815 1.46189 1.46632 1.4715 1.4775 1.48435 1.49208 1.50071 1.51022 1.52059 1.53176 1.54366 1.55621 1.56928 1.58275 1.5965 1.61036 1.62418 1.63781 1.6511 1.6639 1.67606 1.68746 1.69796 1.70747 1.71588 1.72312 1.72912 1.73382 1.73717 1.73916 1.73976 1.73896 1.73679 1.73324 1.72837 1.72221 1.71482 1.70629 1.69668 1.68611 1.6747 1.66255 1.64981 1.63663 1.62314 1.60951 1.59588 1.58239 1.5692 1.55643 1.54419 1.53258 1.52169 1.51157 1.50228 1.49384 1.48624 1.47949 1.47354 1.46837 1.46392 1.46013 1.45696 1.45432 1.45217 1.45044 1.44907 1.44801 1.44722 1.44664 1.44626 1.44603 1.44592 1.44593 1.44601 1.44617 1.44638 1.44663 1.44691 1.44722 
1.44052 1.44085 1.44118 1.44151 1.44185 1.4422 1.44255 1.44293 1.44335 1.44382 1.44438 1.44507 1.44591 1.44696 1.44829 1.44995 1.45202 1.45457 1.4577 1.46147 1.46598 1.4713 1.4775 1.48464 1.49277 1.5019 1.51204 1.52317 1.53525 1.5482 1.56195 1.57638 1.59134 1.60671 1.62231 1.63799 1.65357 1.66887 1.68373 1.698 1.71151 1.72413 1.73574 1.74621 1.75546 1.7634 1.76997 1.7751 1.77877 1.78093 1.78157 1.78069 1.7783 1.77441 1.76905 1.76228 1.75415 1.74473 1.73411 1.7224 1.70971 1.69618 1.68194 1.66715 1.65198 1.63658 1.62114 1.60581 1.59075 1.57611 1.56203 1.54864 1.53602 1.52426 1.51341 1.50352 1.49459 1.48661 1.47957 1.47342 1.46812 1.46359 1.45977 1.45659 1.45398 1.45187 1.45019 1.44888 1.44789 1.44715 1.44664 1.44632 1.44614 1.44609 1.44613 1.44625 1.44644 1.44668 1.44695 1.44725 
1.44055 1.44087 1.44121 1.44155 1.4419 1.44226 1.44264 1.44306 1.44353 1.44407 1.44473 1.44554 1.44656 1.44783 1.44944 1.45145 1.45395 1.45703 1.46079 1.46531 1.47069 1.47701 1.48435 1.49277 1.5023 1.51296 1.52475 1.53764 1.55156 1.56643 1.58213 1.59853 1.61548 1.63281 1.65033 1.66786 1.68521 1.70219 1.71862 1.73434 1.74917 1.76299 1.77565 1.78706 1.79711 1.80571 1.81281 1.81836 1.82231 1.82464 1.82532 1.82436 1.82177 1.81756 1.81175 1.8044 1.79556 1.7853 1.77371 1.76088 1.74695 1.73205 1.71632 1.69993 1.68305 1.66586 1.64855 1.6313 1.6143 1.59771 1.58169 1.56638 1.55191 1.53838 1.52585 1.51437 1.50398 1.49466 1.48641 1.47918 1.47291 1.46754 1.463 1.45921 1.45608 1.45353 1.45149 1.44989 1.44867 1.44775 1.44709 1.44665 1.44639 1.44627 1.44627 1.44635 1.44651 1.44673 1.44699 1.44728 
1.44057 1.4409 1.44124 1.44159 1.44195 1.44234 1.44275 1.44321 1.44374 1.44437 1.44515 1.44611 1.44732 1.44885 1.45078 1.45319 1.45619 1.45987 1.46434 1.4697 1.47605 1.48349 1.49208 1.5019 1.51296 1.52529 1.53885 1.55362 1.56949 1.58637 1.60412 1.62257 1.64156 1.66089 1.68035 1.69974 1.71885 1.73748 1.75544 1.77255 1.78866 1.8036 1.81727 1.82954 1.84032 1.84954 1.85713 1.86305 1.86726 1.86974 1.87047 1.86944 1.86667 1.86216 1.85595 1.84807 1.83858 1.82754 1.81504 1.80117 1.78605 1.76983 1.75265 1.73468 1.71611 1.69713 1.67794 1.65874 1.63974 1.62112 1.60308 1.58578 1.56935 1.55392 1.53959 1.52641 1.51443 1.50366 1.49407 1.48564 1.47832 1.47202 1.46667 1.46218 1.45847 1.45543 1.45299 1.45106 1.44957 1.44844 1.44761 1.44704 1.44668 1.44648 1.44642 1.44647 1.4466 1.44679 1.44704 1.44732 
1.44061 1.44093 1.44127 1.44163 1.44201 1.44242 1.44287 1.44338 1.44399 1.44472 1.44563 1.44677 1.44821 1.45003 1.45233 1.4552 1.45875 1.4631 1.46837 1.47466 1.48209 1.49075 1.50071 1.51204 1.52475 1.53885 1.55431 1.57105 1.58897 1.60793 1.62779 1.64834 1.66939 1.69072 1.71211 1.73332 1.75415 1.77437 1.79379 1.81222 1.8295 1.84549 1.86007 1.87312 1.88456 1.89432 1.90234 1.90859 1.91303 1.91564 1.9164 1.91532 1.9124 1.90765 1.90109 1.89275 1.88268 1.87095 1.85761 1.84279 1.82657 1.80911 1.79055 1.77107 1.75086 1.73012 1.70906 1.68791 1.6669 1.64622 1.6261 1.60672 1.58826 1.57084 1.5546 1.53962 1.52594 1.51359 1.50257 1.49284 1.48435 1.47703 1.47079 1.46554 1.46117 1.45759 1.45469 1.45239 1.4506 1.44923 1.44821 1.44749 1.44701 1.44673 1.4466 1.4466 1.44669 1.44686 1.44709 1.44736 
1.44064 1.44097 1.44131 1.44169 1.44208 1.44252 1.44302 1.44359 1.44428 1.44513 1.44619 1.44753 1.44923 1.45138 1.45409 1.45747 1.46165 1.46674 1.47289 1.4802 1.4888 1.49878 1.51022 1.52317 1.53764 1.55362 1.57105 1.58984 1.60987 1.63097 1.65296 1.67562 1.69873 1.72204 1.7453 1.76828 1.79074 1.81245 1.83322 1.85287 1.87122 1.88814 1.90351 1.91723 1.92924 1.93945 1.94784 1.95436 1.95899 1.96171 1.96252 1.9614 1.95836 1.95341 1.94656 1.93784 1.92729 1.91496 1.90091 1.88524 1.86804 1.84945 1.82962 1.80872 1.78694 1.76451 1.74164 1.71857 1.69555 1.67281 1.65059 1.6291 1.60853 1.58906 1.57083 1.55394 1.53847 1.52445 1.51189 1.50076 1.49102 1.48259 1.47537 1.46928 1.46419 1.46001 1.45661 1.45389 1.45176 1.45012 1.44889 1.448 1.44739 1.44701 1.44681 1.44675 1.4468 1.44694 1.44714 1.4474 
1.44069 1.44101 1.44136 1.44175 1.44217 1.44264 1.44318 1.44383 1.44461 1.44559 1.44682 1.44839 1.45038 1.45291 1.45608 1.46003 1.46489 1.4708 1.4779 1.48632 1.49618 1.50758 1.52059 1.53525 1.55156 1.56949 1.58897 1.60987 1.63204 1.6553 1.67943 1.70418 1.72929 1.75451 1.77957 1.80422 1.8282 1.85129 1.87328 1.894 1.91328 1.93099 1.94703 1.96132 1.97377 1.98435 1.99302 1.99975 2.00453 2.00734 2.00817 2.00703 2.00391 1.99882 1.99176 1.98276 1.97183 1.95902 1.94438 1.92799 1.90994 1.89036 1.86939 1.84719 1.82398 1.79995 1.77535 1.75043 1.72545 1.70067 1.67635 1.65273 1.63003 1.60846 1.58818 1.56931 1.55196 1.53618 1.522 1.50938 1.4983 1.48867 1.48041 1.47341 1.46754 1.46269 1.45874 1.45557 1.45306 1.45112 1.44965 1.44858 1.44782 1.44733 1.44704 1.44691 1.44692 1.44703 1.44721 1.44745 
1.44073 1.44106 1.44141 1.44181 1.44226 1.44277 1.44337 1.4441 1.44499 1.44612 1.44755 1.44937 1.45168 1.45462 1.4583 1.46286 1.46847 1.47526 1.48339 1.493 1.50421 1.5171 1.53176 1.5482 1.56643 1.58637 1.60793 1.63097 1.6553 1.68071 1.70693 1.73371 1.76077 1.78781 1.81455 1.84073 1.86609 1.8904 1.91347 1.9351 1.95515 1.97351 1.99008 2.00479 2.01758 2.02842 2.03729 2.04417 2.04904 2.05192 2.05278 2.05164 2.04848 2.0433 2.03611 2.02691 2.01572 2.00256 1.98747 1.97051 1.95177 1.93135 1.90939 1.88606 1.86153 1.83604 1.80983 1.78316 1.7563 1.72954 1.70316 1.67742 1.65259 1.62889 1.60652 1.58563 1.56635 1.54874 1.53285 1.51867 1.50617 1.49528 1.48589 1.47791 1.4712 1.46564 1.46109 1.45742 1.4545 1.45223 1.4505 1.44922 1.4483 1.44768 1.4473 1.4471 1.44706 1.44713 1.44728 1.44751 
1.44079 1.44111 1.44148 1.44189 1.44237 1.44292 1.44359 1.4444 1.44542 1.44671 1.44835 1.45045 1.45313 1.45651 1.46074 1.46597 1.47238 1.48012 1.48935 1.50021 1.51283 1.52729 1.54366 1.56195 1.58213 1.60412 1.62779 1.65296 1.67943 1.70693 1.7352 1.76393 1.79281 1.82155 1.84984 1.8774 1.90398 1.92935 1.9533 1.97568 1.99634 2.01519 2.03213 2.04712 2.06013 2.07112 2.0801 2.08705 2.09199 2.0949 2.09579 2.09466 2.09149 2.08629 2.07905 2.06976 2.05842 2.04504 2.02965 2.01229 1.99302 1.97194 1.94917 1.92486 1.89919 1.87239 1.84471 1.81641 1.78778 1.75912 1.73075 1.70295 1.67601 1.65019 1.62572 1.60278 1.58151 1.56203 1.54438 1.52858 1.51459 1.50237 1.4918 1.48278 1.47517 1.46884 1.46364 1.45944 1.45608 1.45345 1.45144 1.44993 1.44883 1.44807 1.44759 1.44731 1.44721 1.44724 1.44737 1.44757 
1.44085 1.44117 1.44154 1.44198 1.44249 1.44309 1.44383 1.44474 1.4459 1.44736 1.44925 1.45165 1.45471 1.45857 1.46339 1.46935 1.47661 1.48535 1.49573 1.50791 1.52199 1.53808 1.55621 1.57638 1.59853 1.62257 1.64834 1.67562 1.70418 1.73371 1.76393 1.79449 1.82508 1.85536 1.88503 1.91381 1.94142 1.96766 1.99233 2.01527 2.03636 2.05553 2.0727 2.08784 2.10093 2.11197 2.12097 2.12794 2.13288 2.1358 2.13671 2.13561 2.13248 2.12732 2.1201 2.11082 2.09945 2.08599 2.07044 2.05284 2.03322 2.01165 1.98825 1.96315 1.93653 1.9086 1.8796 1.84982 1.81955 1.78912 1.75885 1.72906 1.70006 1.67216 1.6456 1.6206 1.59734 1.57595 1.5565 1.53903 1.52351 1.50989 1.49809 1.48798 1.47943 1.47229 1.4664 1.46162 1.45779 1.45478 1.45245 1.4507 1.44941 1.4485 1.4479 1.44755 1.44738 1.44736 1.44746 1.44764 
1.44092 1.44123 1.44162 1.44208 1.44262 1.44328 1.4441 1.44512 1.44642 1.44808 1.45022 1.45295 1.45643 1.4608 1.46625 1.47296 1.48112 1.49091 1.50249 1.51602 1.53162 1.54936 1.56928 1.59134 1.61548 1.64156 1.66939 1.69873 1.72929 1.76077 1.79281 1.82508 1.85721 1.88888 1.91975 1.94955 1.97802 2.00494 2.03012 2.05344 2.0748 2.09411 2.11135 2.12651 2.13957 2.15056 2.1595 2.16641 2.17131 2.17422 2.17514 2.17408 2.17103 2.16596 2.15885 2.14966 2.13838 2.12497 2.10942 2.09173 2.07193 2.05007 2.02622 2.00053 1.97314 1.94426 1.91414 1.88304 1.85129 1.81922 1.78717 1.75548 1.72451 1.69458 1.66597 1.63894 1.61369 1.59038 1.56911 1.54993 1.53285 1.5178 1.50472 1.49348 1.48394 1.47595 1.46934 1.46396 1.45963 1.45621 1.45355 1.45153 1.45004 1.44897 1.44825 1.4478 1.44756 1.4475 1.44756 1.44772 
1.44099 1.44131 1.4417 1.44219 1.44277 1.44349 1.44439 1.44553 1.44699 1.44886 1.45127 1.45435 1.45826 1.46318 1.46929 1.47679 1.48588 1.49675 1.50957 1.5245 1.54163 1.56105 1.58275 1.60671 1.63281 1.66089 1.69072 1.72204 1.75451 1.78781 1.82155 1.85536 1.88888 1.92174 1.95364 1.98427 2.01339 2.0408 2.06632 2.08984 2.11128 2.13059 2.14776 2.1628 2.17572 2.18656 2.19536 2.20215 2.20698 2.20985 2.21078 2.20978 2.20683 2.2019 2.19496 2.18597 2.17487 2.16164 2.14622 2.12861 2.10879 2.08681 2.06271 2.03661 2.00865 1.97902 1.94795 1.91573 1.88267 1.84911 1.81541 1.78196 1.74911 1.71723 1.68663 1.65761 1.6304 1.60518 1.58209 1.5612 1.54252 1.52603 1.51164 1.49923 1.48867 1.4798 1.47245 1.46643 1.46158 1.45773 1.45472 1.45243 1.45071 1.44948 1.44862 1.44807 1.44776 1.44764 1.44767 1.44781 
1.44107 1.44139 1.4418 1.4423 1.44293 1.44372 1.44471 1.44597 1.4476 1.44969 1.45239 1.45584 1.46021 1.46569 1.47249 1.48081 1.49086 1.50283 1.51691 1.53324 1.55192 1.57301 1.5965 1.62231 1.65033 1.68035 1.71211 1.7453 1.77957 1.81455 1.84984 1.88503 1.91975 1.95364 1.98636 2.01764 2.04722 2.07493 2.1006 2.12416 2.14553 2.16469 2.18166 2.19646 2.20914 2.21974 2.22833 2.23496 2.23966 2.24248 2.24342 2.24249 2.23966 2.23492 2.22821 2.21949 2.20868 2.19572 2.18057 2.16317 2.14349 2.12156 2.09739 2.07107 2.04273 2.01254 1.98073 1.94756 1.91336 1.87848 1.8433 1.80821 1.77361 1.73988 1.70738 1.67643 1.6473 1.62021 1.59532 1.57272 1.55245 1.53449 1.51877 1.50519 1.49359 1.48382 1.47569 1.46902 1.46362 1.45932 1.45596 1.45337 1.45143 1.45001 1.44902 1.44836 1.44798 1.4478 1.44779 1.4479 
1.44115 1.44147 1.44189 1.44243 1.4431 1.44396 1.44504 1.44644 1.44824 1.45057 1.45357 1.4574 1.46224 1.46831 1.47581 1.48496 1.49598 1.50908 1.52442 1.54216 1.56238 1.58512 1.61036 1.63799 1.66786 1.69974 1.73332 1.76828 1.80422 1.84073 1.8774 1.91381 1.94955 1.98427 2.01764 2.04937 2.07924 2.10707 2.13273 2.15616 2.17732 2.1962 2.21285 2.22732 2.23966 2.24996 2.25829 2.2647 2.26926 2.27199 2.27293 2.27207 2.2694 2.26488 2.25846 2.25006 2.23961 2.22704 2.21225 2.19519 2.17581 2.15407 2.12999 2.10364 2.0751 2.04453 2.01216 1.97824 1.94308 1.90706 1.87055 1.83397 1.79775 1.76229 1.72799 1.6952 1.66422 1.63531 1.60865 1.58437 1.56252 1.5431 1.52606 1.51128 1.49864 1.48795 1.47903 1.47169 1.46574 1.46098 1.45724 1.45435 1.45217 1.45057 1.44943 1.44867 1.4482 1.44797 1.44791 1.448 
1.44124 1.44156 1.442 1.44256 1.44329 1.44421 1.4454 1.44693 1.44892 1.45149 1.45479 1.45901 1.46434 1.471 1.47921 1.48921 1.50121 1.51542 1.53203 1.55116 1.57289 1.59725 1.62418 1.65357 1.68521 1.71885 1.75415 1.79074 1.8282 1.86609 1.90398 1.94142 1.97802 2.01339 2.04722 2.07924 2.10922 2.13702 2.16253 2.18569 2.20651 2.22501 2.24124 2.25529 2.26723 2.27717 2.28518 2.29134 2.29572 2.29836 2.2993 2.29852 2.29602 2.29174 2.28564 2.27762 2.2676 2.25548 2.24116 2.22455 2.20557 2.18416 2.16033 2.13409 2.10552 2.07476 2.042 2.0075 1.97158 1.93458 1.89691 1.85901 1.82131 1.78425 1.74826 1.71372 1.68098 1.65032 1.62195 1.59603 1.57263 1.55178 1.53342 1.51746 1.50376 1.49215 1.48244 1.47443 1.46791 1.46269 1.45856 1.45537 1.45294 1.45115 1.44987 1.44899 1.44844 1.44814 1.44804 1.44811 
1.44134 1.44166 1.44211 1.4427 1.44348 1.44447 1.44576 1.44744 1.44962 1.45243 1.45605 1.46067 1.46649 1.47374 1.48266 1.4935 1.50647 1.52179 1.53963 1.56012 1.58333 1.60925 1.63781 1.66887 1.70219 1.73748 1.77437 1.81245 1.85129 1.8904 1.92935 1.96766 2.00494 2.0408 2.07493 2.10707 2.13702 2.16464 2.18987 2.21266 2.23304 2.25106 2.2668 2.28036 2.29185 2.30137 2.30903 2.31492 2.3191 2.32164 2.32256 2.32187 2.31954 2.31554 2.30978 2.30218 2.29264 2.28103 2.26725 2.25116 2.23268 2.21173 2.18826 2.16227 2.13382 2.10302 2.07005 2.03514 1.99861 1.96081 1.92215 1.88307 1.84405 1.80553 1.76798 1.73181 1.69741 1.66507 1.63507 1.60756 1.58266 1.56041 1.54076 1.52364 1.5089 1.49638 1.48588 1.4772 1.47012 1.46442 1.45991 1.45641 1.45373 1.45174 1.45031 1.44932 1.44868 1.44832 1.44818 1.44822 
1.44143 1.44176 1.44222 1.44285 1.44367 1.44475 1.44614 1.44796 1.45033 1.45339 1.45732 1.46233 1.46864 1.47649 1.48612 1.49778 1.51171 1.52811 1.54715 1.56896 1.59358 1.62099 1.6511 1.68373 1.71862 1.75544 1.79379 1.83322 1.87328 1.91347 1.9533 1.99233 2.03012 2.06632 2.1006 2.13273 2.16253 2.18987 2.2147 2.23703 2.25689 2.27437 2.28956 2.3026 2.31359 2.32267 2.32996 2.33555 2.33953 2.34195 2.34286 2.34225 2.3401 2.33637 2.33097 2.32382 2.31478 2.30373 2.29053 2.27504 2.25713 2.23671 2.21371 2.18809 2.15988 2.12918 2.09613 2.06097 2.02399 1.98555 1.94606 1.90597 1.86576 1.82593 1.78696 1.74928 1.71332 1.67942 1.64786 1.61884 1.5925 1.56889 1.548 1.52974 1.51399 1.50058 1.48931 1.47996 1.47232 1.46616 1.46127 1.45745 1.45453 1.45234 1.45076 1.44965 1.44893 1.4485 1.44832 1.44833 
1.44153 1.44186 1.44234 1.443 1.44387 1.44502 1.44652 1.44848 1.45104 1.45434 1.45859 1.46399 1.47078 1.47921 1.48952 1.50199 1.51684 1.53428 1.55448 1.57754 1.60351 1.63233 1.6639 1.698 1.73434 1.77255 1.81222 1.85287 1.894 1.9351 1.97568 2.01527 2.05344 2.08984 2.12416 2.15616 2.18569 2.21266 2.23703 2.25883 2.27812 2.29501 2.30962 2.3221 2.33258 2.3412 2.3481 2.35339 2.35715 2.35946 2.36035 2.35982 2.35785 2.35439 2.34937 2.34266 2.33414 2.32367 2.31108 2.29622 2.27894 2.25912 2.23665 2.21149 2.18363 2.15313 2.12014 2.08486 2.04757 2.00864 1.96846 1.92751 1.88628 1.84528 1.80501 1.76596 1.72856 1.6932 1.66018 1.62974 1.60204 1.57714 1.55505 1.53571 1.51898 1.5047 1.49268 1.48269 1.47449 1.46788 1.46261 1.45849 1.45532 1.45294 1.45121 1.44999 1.44917 1.44869 1.44846 1.44844 
1.44163 1.44196 1.44245 1.44314 1.44407 1.44529 1.4469 1.449 1.45174 1.45529 1.45984 1.46562 1.47287 1.48186 1.49284 1.50607 1.52181 1.54024 1.56153 1.58578 1.613 1.64315 1.67606 1.71151 1.74917 1.78866 1.8295 1.87122 1.91328 1.95515 1.99634 2.03636 2.0748 2.11128 2.14553 2.17732 2.20651 2.23304 2.25689 2.27812 2.29681 2.31309 2.32711 2.33901 2.34898 2.35714 2.36366 2.36864 2.37219 2.37438 2.37524 2.37479 2.373 2.36981 2.36515 2.35888 2.35088 2.34099 2.32902 2.31482 2.29819 2.279 2.25712 2.23248 2.20503 2.17483 2.14199 2.1067 2.06923 2.02993 1.98921 1.94753 1.90542 1.86339 1.82197 1.78168 1.74297 1.70626 1.6719 1.64013 1.61115 1.58505 1.56183 1.54145 1.52379 1.50869 1.49595 1.48533 1.47661 1.46955 1.46392 1.4595 1.4561 1.45353 1.45165 1.45031 1.44942 1.44887 1.4486 1.44856 
1.44173 1.44205 1.44257 1.44329 1.44427 1.44556 1.44727 1.44951 1.45243 1.4562 1.46105 1.46719 1.47489 1.4844 1.49601 1.50998 1.52654 1.5459 1.56821 1.59356 1.62195 1.65331 1.68746 1.72413 1.76299 1.8036 1.84549 1.88814 1.93099 1.97351 2.01519 2.05553 2.09411 2.13059 2.16469 2.1962 2.22501 2.25106 2.27437 2.29501 2.31309 2.32876 2.34218 2.35353 2.36299 2.37071 2.37685 2.38154 2.38488 2.38695 2.38779 2.3874 2.38578 2.38285 2.37853 2.3727 2.3652 2.35587 2.34452 2.33096 2.31499 2.29645 2.27518 2.25108 2.22411 2.19427 2.16165 2.12644 2.08889 2.04933 2.00818 1.96592 1.92305 1.88013 1.8377 1.79629 1.75641 1.71848 1.68289 1.6499 1.61974 1.59251 1.56825 1.5469 1.52837 1.51249 1.49907 1.48786 1.47864 1.47116 1.46518 1.46048 1.45685 1.4541 1.45208 1.45064 1.44966 1.44905 1.44874 1.44867 
1.44182 1.44215 1.44268 1.44343 1.44445 1.44582 1.44762 1.44999 1.45308 1.45708 1.4622 1.46868 1.47679 1.48681 1.499 1.51364 1.53097 1.55119 1.57444 1.60079 1.63025 1.6627 1.69796 1.73574 1.77565 1.81727 1.86007 1.90351 1.94703 1.99008 2.03213 2.0727 2.11135 2.14776 2.18166 2.21285 2.24124 2.2668 2.28956 2.30962 2.32711 2.34218 2.35504 2.36585 2.37482 2.38211 2.3879 2.39231 2.39545 2.39741 2.39822 2.3979 2.39643 2.39374 2.38975 2.38432 2.3773 2.36851 2.35775 2.34481 2.32948 2.31157 2.29091 2.26738 2.24089 2.21144 2.17911 2.14404 2.10648 2.06676 2.02529 1.98255 1.93905 1.89537 1.85206 1.80968 1.76875 1.72973 1.69303 1.65894 1.62771 1.59945 1.57422 1.55199 1.53265 1.51605 1.50199 1.49024 1.48056 1.47268 1.46638 1.46141 1.45757 1.45465 1.45249 1.45094 1.44989 1.44922 1.44887 1.44877 
1.44191 1.44224 1.44278 1.44356 1.44463 1.44606 1.44796 1.45044 1.45369 1.45789 1.46326 1.47006 1.47856 1.48903 1.50176 1.51701 1.53504 1.55603 1.58013 1.60739 1.6378 1.67123 1.70747 1.74621 1.78706 1.82954 1.87312 1.91723 1.96132 2.00479 2.04712 2.08784 2.12651 2.1628 2.19646 2.22732 2.25529 2.28036 2.3026 2.3221 2.33901 2.35353 2.36585 2.37617 2.38468 2.39159 2.39704 2.40119 2.40415 2.406 2.40679 2.40653 2.40519 2.40273 2.39903 2.39398 2.3874 2.3791 2.36889 2.35653 2.34181 2.32451 2.30444 2.28145 2.25545 2.2264 2.19437 2.15949 2.12198 2.08218 2.04047 1.99734 1.95333 1.909 1.86494 1.82171 1.77987 1.7399 1.70221 1.66715 1.63495 1.60577 1.57968 1.55664 1.53658 1.51933 1.50469 1.49244 1.48232 1.47409 1.46749 1.46227 1.45823 1.45515 1.45287 1.45123 1.4501 1.44938 1.44899 1.44888 
1.44199 1.44232 1.44288 1.44369 1.4448 1.44629 1.44826 1.45086 1.45425 1.45863 1.46424 1.47132 1.48015 1.49103 1.50424 1.52004 1.53869 1.56037 1.58521 1.61327 1.6445 1.67879 1.71588 1.75546 1.79711 1.84032 1.88456 1.92924 1.97377 2.01758 2.06013 2.10093 2.13957 2.17572 2.20914 2.23966 2.26723 2.29185 2.31359 2.33258 2.34898 2.36299 2.37482 2.38468 2.39279 2.39934 2.4045 2.40842 2.41121 2.41296 2.41373 2.41352 2.41231 2.41004 2.4066 2.40188 2.3957 2.38785 2.37814 2.36631 2.35214 2.33539 2.31587 2.29339 2.26785 2.2392 2.20748 2.1728 2.13538 2.09553 2.05366 2.01024 1.96581 1.92095 1.87625 1.83231 1.78968 1.74888 1.71034 1.67443 1.64139 1.61141 1.58455 1.56081 1.5401 1.52226 1.50712 1.49442 1.48392 1.47536 1.46849 1.46306 1.45883 1.45561 1.45322 1.45149 1.4503 1.44953 1.44911 1.44897 
1.44207 1.4424 1.44297 1.4438 1.44494 1.44649 1.44853 1.45123 1.45475 1.45929 1.46509 1.47242 1.48156 1.49279 1.50641 1.52269 1.54187 1.56413 1.58962 1.61835 1.6503 1.68531 1.72312 1.7634 1.80571 1.84954 1.89432 1.93945 1.98435 2.02842 2.07112 2.11197 2.15056 2.18656 2.21974 2.24996 2.27717 2.30137 2.32267 2.3412 2.35714 2.37071 2.38211 2.39159 2.39934 2.40558 2.41048 2.41419 2.41684 2.41851 2.41926 2.41909 2.41798 2.41588 2.41268 2.40824 2.4024 2.39495 2.38567 2.37431 2.36062 2.34436 2.32532 2.30331 2.27819 2.2499 2.21846 2.18398 2.14667 2.10682 2.06484 2.02119 1.97643 1.93113 1.88591 1.84138 1.7981 1.7566 1.71735 1.68071 1.64696 1.61629 1.58878 1.56443 1.54316 1.52483 1.50923 1.49615 1.48532 1.47648 1.46938 1.46375 1.45937 1.45602 1.45353 1.45172 1.45047 1.44966 1.44921 1.44905 
1.44213 1.44247 1.44304 1.44389 1.44507 1.44666 1.44877 1.45155 1.45517 1.45985 1.46582 1.47336 1.48275 1.49428 1.50824 1.52491 1.54453 1.56729 1.59329 1.62259 1.65512 1.69072 1.72912 1.76997 1.81281 1.85713 1.90234 1.94784 1.99302 2.03729 2.0801 2.12097 2.1595 2.19536 2.22833 2.25829 2.28518 2.30903 2.32996 2.3481 2.36366 2.37685 2.3879 2.39704 2.4045 2.41048 2.41517 2.41871 2.42124 2.42284 2.42356 2.42343 2.42241 2.42044 2.41743 2.41324 2.40768 2.40056 2.39164 2.38067 2.36739 2.35155 2.33292 2.3113 2.28653 2.25856 2.22738 2.19308 2.15587 2.11604 2.07397 2.03016 1.98514 1.9395 1.89387 1.84885 1.80505 1.76299 1.72315 1.68592 1.65159 1.62035 1.5923 1.56745 1.54572 1.52698 1.51102 1.49761 1.4865 1.47743 1.47013 1.46434 1.45982 1.45637 1.45379 1.45192 1.45062 1.44978 1.4493 1.44913 
1.44219 1.44252 1.44311 1.44397 1.44518 1.4468 1.44896 1.45181 1.45552 1.4603 1.46641 1.47412 1.4837 1.49547 1.5097 1.52668 1.54665 1.56978 1.5962 1.62593 1.65891 1.69496 1.73382 1.7751 1.81836 1.86305 1.90859 1.95436 1.99975 2.04417 2.08705 2.12794 2.16641 2.20215 2.23496 2.2647 2.29134 2.31492 2.33555 2.35339 2.36864 2.38154 2.39231 2.40119 2.40842 2.41419 2.41871 2.42212 2.42455 2.4261 2.42681 2.4267 2.42575 2.42389 2.42103 2.41703 2.4117 2.40483 2.3962 2.38553 2.37258 2.35707 2.33876 2.31744 2.29297 2.26524 2.23426 2.20011 2.16299 2.12318 2.08106 2.03713 1.99191 1.94602 1.90007 1.85469 1.81048 1.76799 1.7277 1.69001 1.65523 1.62355 1.59509 1.56984 1.54776 1.52868 1.51244 1.49878 1.48745 1.47819 1.47073 1.46481 1.46019 1.45666 1.45401 1.45209 1.45075 1.44987 1.44937 1.44919 
1.44223 1.44257 1.44316 1.44404 1.44526 1.44691 1.44911 1.452 1.45577 1.46064 1.46685 1.47468 1.48441 1.49634 1.51077 1.52797 1.54819 1.57159 1.5983 1.62833 1.66163 1.698 1.73717 1.77877 1.82231 1.86726 1.91303 1.95899 2.00453 2.04904 2.09199 2.13288 2.17131 2.20698 2.23966 2.26926 2.29572 2.3191 2.33953 2.35715 2.37219 2.38488 2.39545 2.40415 2.41121 2.41684 2.42124 2.42455 2.42692 2.42842 2.42912 2.42903 2.42813 2.42636 2.4236 2.41973 2.41456 2.40788 2.39945 2.38901 2.37628 2.361 2.34292 2.32182 2.29754 2.26999 2.23916 2.20511 2.16805 2.12824 2.08609 2.04207 1.99672 1.95065 1.90448 1.85884 1.81435 1.77155 1.73095 1.69294 1.65784 1.62585 1.59709 1.57157 1.54923 1.52993 1.51347 1.49963 1.48815 1.47875 1.47118 1.46516 1.46047 1.45687 1.45417 1.45221 1.45084 1.44994 1.44943 1.44924 
1.44226 1.4426 1.44319 1.44408 1.44531 1.44698 1.4492 1.45213 1.45594 1.46086 1.46713 1.47503 1.48485 1.49688 1.51143 1.52876 1.54912 1.57268 1.59956 1.62977 1.66325 1.6998 1.73916 1.78093 1.82464 1.86974 1.91564 1.96171 2.00734 2.05192 2.0949 2.1358 2.17422 2.20985 2.24248 2.27199 2.29836 2.32164 2.34195 2.35946 2.37438 2.38695 2.39741 2.406 2.41296 2.41851 2.42284 2.4261 2.42842 2.4299 2.4306 2.43052 2.42965 2.42792 2.42523 2.42144 2.41637 2.4098 2.40148 2.39116 2.37856 2.36341 2.34546 2.32448 2.30031 2.27285 2.24209 2.20809 2.17105 2.13124 2.08906 2.04498 1.99955 1.95337 1.90707 1.86128 1.81663 1.77366 1.73287 1.69468 1.6594 1.62723 1.5983 1.57262 1.55013 1.53069 1.51411 1.50016 1.48858 1.47911 1.47146 1.46539 1.46065 1.45701 1.45428 1.45229 1.4509 1.44999 1.44947 1.44927 
