0.676551 0.677034 0.677495 0.67792 0.678303 0.678636 0.678919 0.679153 0.67934 0.679487 0.679599 0.679682 0.679742 0.679784 0.679814 0.679833 0.679846 0.679855 0.67986 0.679863 0.679865 0.679867 0.679867 0.679868 0.679868 0.679868 0.679868 0.679868 0.679868 0.679869 0.679869 0.679869 0.679869 0.67987 0.67987 0.679871 0.679871 0.679872 0.679873 0.679874 0.679875 0.679876 0.679877 0.679878 0.679879 0.67988 0.679881 0.679882 0.679883 0.679883 0.679884 0.679884 0.679884 0.679883 0.679883 0.679882 0.679882 0.679881 0.67988 0.679879 0.679878 0.679877 0.679876 0.679875 0.679874 0.679873 0.679872 0.679871 0.679871 0.67987 0.67987 0.679869 0.679869 0.679869 0.679869 0.679869 0.679868 0.679868 0.679869 0.679869 0.67987 0.679871 0.679873 0.679878 0.679886 0.679899 0.67992 0.679953 0.680002 0.680075 0.680176 0.680314 0.680495 0.680725 0.681007 0.681343 0.681728 0.682157 0.682619 0.683103 
0.677034 0.677517 0.677977 0.678403 0.678785 0.679118 0.679401 0.679635 0.679822 0.679969 0.680081 0.680164 0.680224 0.680266 0.680296 0.680315 0.680329 0.680337 0.680342 0.680346 0.680348 0.680349 0.680349 0.68035 0.68035 0.68035 0.68035 0.68035 0.68035 0.680351 0.680351 0.680351 0.680351 0.680351 0.680351 0.680352 0.680352 0.680353 0.680353 0.680354 0.680355 0.680355 0.680356 0.680357 0.680358 0.680359 0.680359 0.68036 0.68036 0.680361 0.680361 0.680361 0.680361 0.680361 0.680361 0.68036 0.68036 0.680359 0.680358 0.680358 0.680357 0.680356 0.680355 0.680355 0.680354 0.680353 0.680353 0.680352 0.680352 0.680352 0.680351 0.680351 0.680351 0.680351 0.680351 0.680351 0.680351 0.680351 0.680351 0.680351 0.680352 0.680353 0.680356 0.68036 0.680368 0.680381 0.680402 0.680435 0.680485 0.680557 0.680659 0.680797 0.680978 0.681208 0.68149 0.681825 0.68221 0.682639 0.683101 0.683584 
0.677495 0.677977 0.678437 0.678862 0.679244 0.679578 0.67986 0.680094 0.680281 0.680428 0.68054 0.680623 0.680683 0.680726 0.680755 0.680775 0.680788 0.680796 0.680802 0.680805 0.680807 0.680808 0.680809 0.680809 0.68081 0.68081 0.68081 0.68081 0.68081 0.68081 0.68081 0.68081 0.68081 0.680811 0.680811 0.680811 0.680812 0.680812 0.680813 0.680813 0.680814 0.680815 0.680816 0.680817 0.680818 0.680819 0.68082 0.68082 0.680821 0.680822 0.680822 0.680822 0.680822 0.680822 0.680822 0.680821 0.68082 0.68082 0.680819 0.680818 0.680817 0.680816 0.680815 0.680814 0.680814 0.680813 0.680812 0.680812 0.680811 0.680811 0.680811 0.68081 0.68081 0.68081 0.68081 0.68081 0.68081 0.68081 0.68081 0.680811 0.680811 0.680813 0.680815 0.68082 0.680827 0.680841 0.680862 0.680895 0.680945 0.681017 0.681118 0.681256 0.681438 0.681667 0.681949 0.682284 0.682669 0.683098 0.68356 0.684042 
0.67792 0.678403 0.678862 0.679287 0.679669 0.680002 0.680285 0.680519 0.680706 0.680853 0.680965 0.681048 0.681108 0.681151 0.68118 0.6812 0.681213 0.681221 0.681227 0.68123 0.681232 0.681233 0.681234 0.681234 0.681235 0.681235 0.681235 0.681235 0.681235 0.681235 0.681235 0.681235 0.681236 0.681236 0.681237 0.681237 0.681238 0.681239 0.68124 0.681241 0.681243 0.681244 0.681246 0.681248 0.681249 0.681251 0.681252 0.681254 0.681255 0.681255 0.681256 0.681256 0.681256 0.681256 0.681255 0.681254 0.681253 0.681252 0.68125 0.681249 0.681247 0.681245 0.681244 0.681242 0.681241 0.68124 0.681239 0.681238 0.681237 0.681237 0.681236 0.681236 0.681236 0.681235 0.681235 0.681235 0.681235 0.681235 0.681235 0.681236 0.681236 0.681238 0.68124 0.681245 0.681253 0.681266 0.681287 0.68132 0.68137 0.681442 0.681544 0.681682 0.681863 0.682093 0.682375 0.68271 0.683094 0.683523 0.683984 0.684467 
0.678303 0.678785 0.679244 0.679669 0.680051 0.680384 0.680667 0.6809 0.681088 0.681234 0.681346 0.681429 0.68149 0.681532 0.681562 0.681582 0.681595 0.681603 0.681609 0.681612 0.681614 0.681615 0.681616 0.681616 0.681617 0.681617 0.681617 0.681617 0.681617 0.681617 0.681618 0.681618 0.681619 0.681619 0.68162 0.681622 0.681623 0.681625 0.681628 0.68163 0.681633 0.681636 0.68164 0.681643 0.681647 0.68165 0.681653 0.681655 0.681657 0.681659 0.68166 0.681661 0.68166 0.68166 0.681658 0.681656 0.681654 0.681651 0.681648 0.681645 0.681641 0.681638 0.681635 0.681632 0.681629 0.681627 0.681625 0.681623 0.681622 0.68162 0.681619 0.681619 0.681618 0.681618 0.681617 0.681617 0.681617 0.681617 0.681617 0.681618 0.681618 0.68162 0.681622 0.681627 0.681635 0.681648 0.681669 0.681702 0.681752 0.681824 0.681926 0.682064 0.682245 0.682475 0.682757 0.683092 0.683477 0.683905 0.684366 0.684848 
0.678636 0.679118 0.679578 0.680002 0.680384 0.680717 0.681 0.681233 0.681421 0.681568 0.68168 0.681763 0.681823 0.681866 0.681895 0.681915 0.681928 0.681937 0.681942 0.681946 0.681948 0.681949 0.681949 0.68195 0.68195 0.68195 0.681951 0.681951 0.681951 0.681952 0.681952 0.681953 0.681954 0.681956 0.681958 0.681961 0.681965 0.681969 0.681974 0.68198 0.681986 0.681993 0.682 0.682007 0.682014 0.68202 0.682026 0.682032 0.682036 0.682039 0.682041 0.682042 0.682041 0.682039 0.682036 0.682032 0.682027 0.682021 0.682015 0.682008 0.682001 0.681994 0.681988 0.681982 0.681976 0.681971 0.681967 0.681963 0.68196 0.681958 0.681956 0.681954 0.681953 0.681952 0.681952 0.681951 0.681951 0.681951 0.681951 0.681951 0.681952 0.681953 0.681956 0.68196 0.681968 0.681981 0.682003 0.682036 0.682086 0.682158 0.68226 0.682398 0.682579 0.682809 0.683091 0.683426 0.68381 0.684238 0.6847 0.685182 
0.678919 0.679401 0.67986 0.680285 0.680667 0.681 0.681283 0.681516 0.681704 0.681851 0.681962 0.682046 0.682106 0.682149 0.682178 0.682198 0.682211 0.68222 0.682225 0.682229 0.682231 0.682232 0.682233 0.682233 0.682233 0.682234 0.682234 0.682234 0.682235 0.682236 0.682238 0.68224 0.682243 0.682246 0.682251 0.682257 0.682265 0.682274 0.682284 0.682296 0.682309 0.682323 0.682337 0.682351 0.682366 0.682379 0.682391 0.682401 0.682409 0.682415 0.682419 0.68242 0.682419 0.682415 0.682409 0.6824 0.68239 0.682378 0.682365 0.682351 0.682337 0.682323 0.68231 0.682297 0.682286 0.682276 0.682267 0.68226 0.682254 0.682249 0.682245 0.682242 0.682239 0.682238 0.682236 0.682235 0.682235 0.682234 0.682234 0.682234 0.682235 0.682236 0.682239 0.682243 0.682251 0.682264 0.682286 0.682319 0.682369 0.682441 0.682543 0.682681 0.682862 0.683092 0.683374 0.683709 0.684094 0.684522 0.684983 0.685465 
0.679153 0.679635 0.680094 0.680519 0.6809 0.681233 0.681516 0.68175 0.681937 0.682084 0.682196 0.682279 0.68234 0.682382 0.682412 0.682432 0.682445 0.682454 0.682459 0.682462 0.682464 0.682466 0.682466 0.682467 0.682467 0.682468 0.682469 0.68247 0.682471 0.682474 0.682477 0.682481 0.682487 0.682495 0.682506 0.682518 0.682534 0.682552 0.682573 0.682597 0.682623 0.68265 0.682679 0.682707 0.682734 0.68276 0.682782 0.682802 0.682818 0.682829 0.682836 0.682838 0.682834 0.682826 0.682814 0.682797 0.682776 0.682753 0.682727 0.6827 0.682673 0.682645 0.682619 0.682595 0.682573 0.682553 0.682536 0.682521 0.682509 0.682499 0.682491 0.682484 0.68248 0.682476 0.682473 0.682471 0.68247 0.682469 0.682469 0.682469 0.682469 0.68247 0.682473 0.682477 0.682485 0.682498 0.68252 0.682553 0.682603 0.682675 0.682777 0.682915 0.683097 0.683326 0.683608 0.683943 0.684328 0.684756 0.685217 0.685699 
0.67934 0.679822 0.680281 0.680706 0.681088 0.681421 0.681704 0.681937 0.682125 0.682272 0.682384 0.682467 0.682527 0.68257 0.6826 0.68262 0.682633 0.682642 0.682647 0.68265 0.682652 0.682654 0.682655 0.682655 0.682656 0.682657 0.682659 0.682661 0.682665 0.682669 0.682676 0.682686 0.682698 0.682715 0.682735 0.682761 0.682792 0.682828 0.68287 0.682916 0.682966 0.683018 0.683072 0.683125 0.683176 0.683224 0.683267 0.683303 0.683332 0.683352 0.683364 0.683366 0.683359 0.683344 0.683319 0.683287 0.683248 0.683203 0.683154 0.683103 0.68305 0.682999 0.682949 0.682903 0.68286 0.682822 0.682789 0.682761 0.682737 0.682718 0.682702 0.68269 0.68268 0.682673 0.682668 0.682664 0.682661 0.682659 0.682658 0.682657 0.682658 0.682658 0.682661 0.682665 0.682673 0.682686 0.682708 0.682741 0.682791 0.682863 0.682965 0.683103 0.683285 0.683515 0.683797 0.684132 0.684516 0.684944 0.685405 0.685887 
0.679487 0.679969 0.680428 0.680853 0.681234 0.681568 0.681851 0.682084 0.682272 0.682419 0.682531 0.682614 0.682675 0.682717 0.682747 0.682767 0.68278 0.682789 0.682794 0.682797 0.6828 0.682801 0.682802 0.682804 0.682805 0.682807 0.682811 0.682815 0.682823 0.682833 0.682847 0.682866 0.682891 0.682924 0.682964 0.683014 0.683074 0.683143 0.683221 0.683308 0.6834 0.683498 0.683596 0.683694 0.683787 0.683874 0.68395 0.684015 0.684066 0.684101 0.684121 0.684124 0.68411 0.68408 0.684034 0.683974 0.683902 0.683819 0.68373 0.683636 0.68354 0.683445 0.683353 0.683268 0.683189 0.683118 0.683057 0.683003 0.682959 0.682922 0.682893 0.682869 0.682851 0.682837 0.682827 0.682819 0.682814 0.68281 0.682808 0.682806 0.682806 0.682806 0.682808 0.682813 0.68282 0.682833 0.682855 0.682888 0.682938 0.683011 0.683113 0.683251 0.683432 0.683662 0.683944 0.684279 0.684664 0.685092 0.685553 0.686035 
0.679599 0.680081 0.68054 0.680965 0.681346 0.68168 0.681962 0.682196 0.682384 0.682531 0.682643 0.682726 0.682787 0.682829 0.682859 0.682879 0.682892 0.682901 0.682906 0.68291 0.682912 0.682914 0.682916 0.682918 0.682921 0.682926 0.682932 0.682942 0.682957 0.682977 0.683005 0.683042 0.683091 0.683153 0.683231 0.683324 0.683435 0.683562 0.683705 0.683862 0.684029 0.684203 0.684379 0.684551 0.684715 0.684865 0.684998 0.68511 0.685197 0.685257 0.685289 0.685291 0.685264 0.685209 0.685127 0.68502 0.684891 0.684745 0.684586 0.684418 0.684248 0.684079 0.683916 0.683763 0.683621 0.683495 0.683383 0.683287 0.683206 0.683139 0.683084 0.683041 0.683007 0.682981 0.682962 0.682947 0.682937 0.68293 0.682925 0.682922 0.68292 0.68292 0.682921 0.682925 0.682933 0.682946 0.682967 0.683 0.68305 0.683123 0.683225 0.683363 0.683545 0.683775 0.684057 0.684392 0.684776 0.685204 0.685666 0.686148 
0.679682 0.680164 0.680623 0.681048 0.681429 0.681763 0.682046 0.682279 0.682467 0.682614 0.682726 0.68281 0.68287 0.682913 0.682942 0.682963 0.682976 0.682984 0.68299 0.682994 0.682997 0.682999 0.683002 0.683006 0.683012 0.683021 0.683035 0.683055 0.683083 0.683122 0.683176 0.683246 0.683338 0.683453 0.683594 0.683763 0.683962 0.684189 0.684442 0.684716 0.685007 0.685308 0.685609 0.685903 0.686182 0.686436 0.686659 0.686845 0.686989 0.687087 0.687136 0.687137 0.687088 0.68699 0.686847 0.686662 0.686441 0.68619 0.685917 0.68563 0.685336 0.685045 0.684764 0.684498 0.684253 0.684032 0.683837 0.683667 0.683524 0.683405 0.683308 0.68323 0.683169 0.683122 0.683086 0.68306 0.683041 0.683027 0.683017 0.683011 0.683007 0.683006 0.683006 0.68301 0.683017 0.68303 0.683051 0.683084 0.683134 0.683207 0.683308 0.683447 0.683628 0.683858 0.68414 0.684475 0.68486 0.685288 0.68575 0.686232 
0.679742 0.680224 0.680683 0.681108 0.68149 0.681823 0.682106 0.68234 0.682527 0.682675 0.682787 0.68287 0.682931 0.682973 0.683003 0.683023 0.683036 0.683045 0.683051 0.683055 0.683059 0.683063 0.683068 0.683076 0.683088 0.683106 0.683132 0.68317 0.683224 0.683297 0.683396 0.683525 0.68369 0.683896 0.684146 0.684443 0.684787 0.685178 0.685609 0.686075 0.686564 0.687066 0.687566 0.688051 0.688508 0.688923 0.689285 0.689585 0.689815 0.689969 0.690044 0.690039 0.689953 0.689788 0.689548 0.68924 0.688873 0.688456 0.688002 0.687525 0.687037 0.686552 0.686081 0.685635 0.685222 0.684848 0.684517 0.684228 0.683982 0.683776 0.683608 0.683472 0.683365 0.683282 0.683218 0.683171 0.683137 0.683112 0.683094 0.683083 0.683075 0.683071 0.68307 0.683072 0.683079 0.683091 0.683112 0.683145 0.683195 0.683267 0.683369 0.683508 0.683689 0.683919 0.684201 0.684536 0.684921 0.685349 0.685811 0.686293 
0.679784 0.680266 0.680726 0.681151 0.681532 0.681866 0.682149 0.682382 0.68257 0.682717 0.682829 0.682913 0.682973 0.683016 0.683046 0.683066 0.68308 0.683089 0.683095 0.6831 0.683106 0.683112 0.683122 0.683137 0.68316 0.683193 0.683243 0.683314 0.683412 0.683545 0.683722 0.68395 0.684238 0.684593 0.685021 0.685524 0.686103 0.686752 0.687464 0.688226 0.689022 0.689832 0.690635 0.69141 0.692134 0.692789 0.693358 0.693825 0.694181 0.694416 0.694526 0.694509 0.694364 0.694094 0.693707 0.693211 0.692621 0.691953 0.691224 0.690456 0.68967 0.688886 0.688124 0.687399 0.686725 0.686112 0.685565 0.685087 0.684678 0.684333 0.684049 0.683819 0.683636 0.683493 0.683384 0.683302 0.683241 0.683197 0.683166 0.683145 0.68313 0.683122 0.683118 0.683118 0.683123 0.683135 0.683155 0.683188 0.683238 0.68331 0.683412 0.683551 0.683732 0.683962 0.684244 0.684579 0.684964 0.685392 0.685854 0.686336 
0.679814 0.680296 0.680755 0.68118 0.681562 0.681895 0.682178 0.682412 0.6826 0.682747 0.682859 0.682942 0.683003 0.683046 0.683076 0.683096 0.68311 0.68312 0.683127 0.683134 0.683143 0.683154 0.683173 0.6832 0.683242 0.683305 0.683395 0.683521 0.683696 0.683929 0.684235 0.684625 0.685112 0.685706 0.686414 0.687238 0.688178 0.689223 0.690359 0.691566 0.692817 0.694083 0.695329 0.696525 0.697637 0.698637 0.6995 0.700206 0.700739 0.701086 0.701242 0.701202 0.700968 0.700543 0.699939 0.699169 0.698253 0.697215 0.696083 0.694888 0.693662 0.692436 0.691239 0.690097 0.68903 0.688054 0.68718 0.686411 0.685748 0.685188 0.684722 0.684343 0.684039 0.6838 0.683616 0.683477 0.683374 0.683298 0.683245 0.683207 0.683182 0.683165 0.683156 0.683153 0.683156 0.683167 0.683186 0.683218 0.683268 0.68334 0.683442 0.68358 0.683762 0.683992 0.684274 0.684609 0.684994 0.685422 0.685884 0.686366 
0.679833 0.680315 0.680775 0.6812 0.681582 0.681915 0.682198 0.682432 0.68262 0.682767 0.682879 0.682963 0.683023 0.683066 0.683096 0.683117 0.683131 0.683142 0.683151 0.683162 0.683176 0.683198 0.683231 0.683281 0.683357 0.683468 0.683626 0.683847 0.684146 0.684541 0.685053 0.685699 0.686496 0.687457 0.688591 0.689899 0.691374 0.693002 0.694757 0.696607 0.69851 0.700422 0.702295 0.70408 0.705732 0.70721 0.708479 0.70951 0.710282 0.710779 0.710992 0.710916 0.710552 0.709908 0.708997 0.70784 0.706465 0.704906 0.703204 0.701404 0.699551 0.697692 0.695871 0.694125 0.692487 0.690981 0.689623 0.688422 0.687381 0.686494 0.685752 0.685143 0.684653 0.684265 0.683964 0.683734 0.683562 0.683436 0.683346 0.683282 0.683238 0.683209 0.683191 0.683183 0.683182 0.68319 0.683208 0.68324 0.683289 0.683361 0.683462 0.683601 0.683782 0.684012 0.684294 0.684629 0.685014 0.685442 0.685904 0.686386 
0.679846 0.680329 0.680788 0.681213 0.681595 0.681928 0.682211 0.682445 0.682633 0.68278 0.682892 0.682976 0.683036 0.68308 0.68311 0.683131 0.683147 0.68316 0.683173 0.68319 0.683214 0.683252 0.683311 0.6834 0.683533 0.683724 0.683994 0.684365 0.684862 0.685512 0.686341 0.687376 0.688639 0.690146 0.691904 0.693913 0.696157 0.698611 0.701235 0.703979 0.706782 0.70958 0.712302 0.714882 0.717257 0.719371 0.721177 0.722636 0.723721 0.72441 0.724692 0.724561 0.724018 0.723075 0.721748 0.720067 0.718071 0.715805 0.713328 0.7107 0.707988 0.705257 0.702569 0.69998 0.697539 0.695281 0.693233 0.691411 0.68982 0.688455 0.687306 0.686357 0.685586 0.684971 0.684491 0.684122 0.683844 0.683639 0.68349 0.683384 0.683311 0.683261 0.68323 0.683212 0.683205 0.683209 0.683225 0.683255 0.683303 0.683375 0.683476 0.683614 0.683795 0.684025 0.684308 0.684643 0.685028 0.685456 0.685917 0.686399 
0.679855 0.680337 0.680796 0.681221 0.681603 0.681937 0.68222 0.682454 0.682642 0.682789 0.682901 0.682984 0.683045 0.683089 0.68312 0.683142 0.68316 0.683176 0.683196 0.683224 0.683266 0.683332 0.683434 0.683587 0.683811 0.684132 0.684578 0.685183 0.685983 0.687017 0.68832 0.689928 0.691867 0.694155 0.696798 0.699786 0.703094 0.706677 0.710477 0.714418 0.718417 0.722379 0.726212 0.729823 0.73313 0.736058 0.738547 0.740548 0.742024 0.742951 0.743313 0.743103 0.742324 0.74099 0.739123 0.736762 0.733956 0.73077 0.727277 0.723561 0.719713 0.715821 0.711974 0.708249 0.704716 0.701428 0.698428 0.69574 0.693375 0.691333 0.689601 0.688158 0.686978 0.686031 0.685284 0.684707 0.684268 0.683942 0.683703 0.683533 0.683413 0.683332 0.683279 0.683246 0.68323 0.683228 0.68324 0.683267 0.683314 0.683384 0.683485 0.683623 0.683804 0.684034 0.684316 0.684651 0.685036 0.685464 0.685926 0.686408 
0.67986 0.680342 0.680802 0.681227 0.681609 0.681942 0.682225 0.682459 0.682647 0.682794 0.682906 0.68299 0.683051 0.683095 0.683127 0.683151 0.683173 0.683196 0.683227 0.683273 0.683345 0.683457 0.683628 0.683883 0.684252 0.684772 0.685487 0.686444 0.687694 0.689288 0.691275 0.693697 0.696584 0.699953 0.703803 0.708113 0.712836 0.717908 0.723239 0.728726 0.734251 0.739689 0.744917 0.749814 0.754274 0.758204 0.761528 0.764186 0.766135 0.767344 0.767795 0.76748 0.766404 0.764581 0.762041 0.758832 0.755017 0.750675 0.745904 0.740812 0.735517 0.730139 0.724793 0.719589 0.714622 0.709972 0.705698 0.701841 0.698423 0.695448 0.692905 0.690771 0.689011 0.687587 0.686456 0.685575 0.6849 0.684394 0.684022 0.683754 0.683565 0.683434 0.683347 0.683292 0.683261 0.683249 0.683255 0.683278 0.683322 0.683392 0.683492 0.683629 0.68381 0.68404 0.684322 0.684657 0.685042 0.68547 0.685931 0.686414 
0.679863 0.680346 0.680805 0.68123 0.681612 0.681946 0.682229 0.682462 0.68265 0.682797 0.68291 0.682994 0.683055 0.6831 0.683134 0.683162 0.68319 0.683224 0.683273 0.683349 0.683469 0.683655 0.683934 0.684346 0.684934 0.685753 0.686864 0.688333 0.690227 0.692614 0.695554 0.699093 0.703264 0.708078 0.71352 0.719548 0.726091 0.733051 0.740305 0.747711 0.755111 0.762346 0.769255 0.775692 0.781523 0.786635 0.790939 0.794364 0.796859 0.798391 0.798937 0.798491 0.797055 0.794649 0.791308 0.787087 0.782062 0.776332 0.770015 0.763249 0.756182 0.748967 0.741756 0.734694 0.72791 0.721513 0.71559 0.710206 0.705396 0.701177 0.697541 0.694463 0.691906 0.689819 0.688149 0.686836 0.685825 0.68506 0.684493 0.684081 0.683789 0.683585 0.683447 0.683357 0.683303 0.683277 0.683273 0.68329 0.683331 0.683398 0.683497 0.683633 0.683814 0.684043 0.684325 0.68466 0.685045 0.685473 0.685935 0.686417 
0.679865 0.680348 0.680807 0.681232 0.681614 0.681948 0.682231 0.682464 0.682652 0.6828 0.682912 0.682997 0.683059 0.683106 0.683143 0.683176 0.683214 0.683266 0.683345 0.683469 0.683663 0.683961 0.684405 0.68505 0.685961 0.687214 0.688891 0.691081 0.69387 0.697341 0.701563 0.706586 0.712438 0.719115 0.726582 0.734767 0.743563 0.752833 0.762409 0.772104 0.78172 0.791054 0.799912 0.808115 0.815507 0.821956 0.82736 0.831641 0.834742 0.836627 0.837273 0.83667 0.834824 0.831754 0.8275 0.822123 0.815713 0.808383 0.800275 0.791553 0.782399 0.773002 0.763554 0.754239 0.745228 0.736669 0.728684 0.721364 0.714773 0.708942 0.703874 0.699549 0.695924 0.692942 0.690534 0.688627 0.687146 0.686017 0.685175 0.684558 0.684116 0.683806 0.683594 0.683453 0.683365 0.683316 0.683298 0.683306 0.683341 0.683405 0.683501 0.683637 0.683817 0.684046 0.684328 0.684662 0.685047 0.685475 0.685937 0.686419 
0.679867 0.680349 0.680808 0.681233 0.681615 0.681949 0.682232 0.682466 0.682654 0.682801 0.682914 0.682999 0.683063 0.683112 0.683154 0.683198 0.683252 0.683332 0.683457 0.683655 0.683961 0.684426 0.685111 0.686094 0.687465 0.689326 0.691787 0.69496 0.698951 0.703857 0.709751 0.71668 0.724658 0.733658 0.743612 0.754407 0.765893 0.77788 0.790153 0.802475 0.814601 0.826287 0.837306 0.84745 0.856541 0.864436 0.871021 0.876214 0.879956 0.882211 0.882956 0.88218 0.879888 0.8761 0.870856 0.864223 0.856296 0.847205 0.837108 0.826197 0.814683 0.802793 0.790761 0.778816 0.767173 0.756027 0.745542 0.735851 0.727048 0.719192 0.712305 0.706374 0.70136 0.6972 0.693813 0.691108 0.688989 0.687363 0.686139 0.685236 0.684584 0.684124 0.683805 0.683592 0.683454 0.683372 0.683333 0.683328 0.683355 0.683413 0.683507 0.68364 0.683819 0.684048 0.684329 0.684664 0.685049 0.685477 0.685938 0.68642 
0.679867 0.680349 0.680809 0.681234 0.681616 0.681949 0.682233 0.682466 0.682655 0.682802 0.682916 0.683002 0.683068 0.683122 0.683173 0.683231 0.683311 0.683434 0.683628 0.683934 0.684405 0.685111 0.68614 0.687597 0.689604 0.692294 0.695806 0.700277 0.705833 0.712577 0.720582 0.72988 0.740458 0.752255 0.765156 0.778998 0.793574 0.808639 0.823922 0.839134 0.853985 0.868194 0.881502 0.89368 0.904535 0.913916 0.921706 0.927823 0.932212 0.934837 0.935676 0.93472 0.931971 0.927447 0.921187 0.913256 0.903753 0.892813 0.880611 0.867356 0.853287 0.838665 0.823764 0.80886 0.794217 0.780081 0.766669 0.754162 0.742698 0.732374 0.723239 0.715302 0.708532 0.702864 0.69821 0.694461 0.691501 0.68921 0.687473 0.686181 0.685242 0.684572 0.684106 0.683789 0.683582 0.683453 0.683383 0.683359 0.683373 0.683425 0.683514 0.683645 0.683822 0.68405 0.684331 0.684665 0.685049 0.685478 0.685939 0.686421 
0.679868 0.68035 0.680809 0.681234 0.681616 0.68195 0.682233 0.682467 0.682655 0.682804 0.682918 0.683006 0.683076 0.683137 0.6832 0.683281 0.6834 0.683587 0.683883 0.684346 0.68505 0.686094 0.687597 0.689699 0.692558 0.696343 0.701223 0.707359 0.714888 0.723915 0.734499 0.746644 0.760298 0.775348 0.791621 0.80889 0.826885 0.845298 0.863802 0.882059 0.899738 0.916526 0.932142 0.946344 0.958935 0.969762 0.978714 0.985716 0.990719 0.993693 0.99462 0.99349 0.990304 0.985073 0.977831 0.968636 0.957583 0.944807 0.930487 0.914842 0.898131 0.880643 0.862688 0.844583 0.826645 0.809175 0.792449 0.776705 0.762138 0.748894 0.737066 0.726691 0.71776 0.710215 0.703964 0.698886 0.694842 0.691687 0.689274 0.687468 0.686143 0.685192 0.684523 0.684066 0.683761 0.683568 0.683455 0.683403 0.6834 0.68344 0.683523 0.68365 0.683825 0.684052 0.684332 0.684666 0.68505 0.685478 0.685939 0.686422 
0.679868 0.68035 0.68081 0.681235 0.681617 0.68195 0.682233 0.682467 0.682656 0.682805 0.682921 0.683012 0.683088 0.68316 0.683242 0.683357 0.683533 0.683811 0.684252 0.684934 0.685961 0.687465 0.689604 0.692558 0.696527 0.701715 0.708323 0.716528 0.726472 0.738247 0.751884 0.767343 0.784515 0.80322 0.823212 0.844194 0.865824 0.887732 0.909535 0.930853 0.951323 0.970611 0.988428 1.00453 1.01872 1.03087 1.04087 1.04866 1.05421 1.05749 1.05849 1.05721 1.05364 1.04778 1.03966 1.02932 1.01684 1.00235 0.986018 0.968068 0.948763 0.928409 0.907342 0.885918 0.864501 0.843447 0.823096 0.803752 0.785679 0.769085 0.75412 0.740867 0.729349 0.719528 0.711318 0.704589 0.699184 0.694932 0.691654 0.68918 0.687351 0.686028 0.685092 0.684444 0.684009 0.683726 0.683555 0.683465 0.683438 0.683463 0.683536 0.683658 0.683829 0.684054 0.684333 0.684667 0.685051 0.685478 0.68594 0.686422 
0.679868 0.68035 0.68081 0.681235 0.681617 0.68195 0.682234 0.682468 0.682657 0.682807 0.682926 0.683021 0.683106 0.683193 0.683305 0.683468 0.683724 0.684132 0.684772 0.685753 0.687214 0.689326 0.692294 0.696343 0.701715 0.708653 0.717379 0.728081 0.740892 0.755876 0.773015 0.792208 0.81327 0.83594 0.859889 0.884738 0.910076 0.935471 0.960495 0.984734 1.00781 1.02938 1.04915 1.06691 1.08248 1.09573 1.10659 1.11503 1.12101 1.12454 1.12561 1.12422 1.12034 1.11398 1.10514 1.09385 1.08017 1.0642 1.04609 1.02606 1.00436 0.981286 0.957203 0.932488 0.907545 0.882785 0.858609 0.835396 0.813486 0.793163 0.774649 0.758091 0.74356 0.731053 0.720499 0.711771 0.704699 0.699087 0.694726 0.691408 0.688936 0.687134 0.685848 0.684952 0.684343 0.683942 0.683692 0.68355 0.683489 0.683494 0.683555 0.683668 0.683836 0.684057 0.684335 0.684668 0.685051 0.685479 0.68594 0.686422 
0.679868 0.68035 0.68081 0.681235 0.681617 0.681951 0.682234 0.682469 0.682659 0.682811 0.682932 0.683035 0.683132 0.683243 0.683395 0.683626 0.683994 0.684578 0.685487 0.686864 0.688891 0.691787 0.695806 0.701223 0.708323 0.717379 0.728631 0.742261 0.758377 0.776993 0.798026 0.821292 0.846514 0.873334 0.901333 0.93005 0.959005 0.987715 1.01572 1.04258 1.06792 1.09141 1.11279 1.13186 1.14847 1.16254 1.17403 1.18292 1.18921 1.19292 1.19404 1.19257 1.1885 1.1818 1.17246 1.16049 1.14591 1.1288 1.10927 1.08751 1.06374 1.03826 1.01142 0.983602 0.955247 0.926808 0.898747 0.871518 0.845543 0.821196 0.798785 0.778537 0.76059 0.744992 0.731705 0.720616 0.711551 0.704295 0.698609 0.694246 0.690971 0.688564 0.686834 0.685618 0.684785 0.684229 0.683875 0.683664 0.68356 0.683536 0.68358 0.683683 0.683844 0.684062 0.684338 0.684669 0.685052 0.685479 0.68594 0.686422 
0.679868 0.68035 0.68081 0.681235 0.681617 0.681951 0.682234 0.68247 0.682661 0.682815 0.682942 0.683055 0.68317 0.683314 0.683521 0.683847 0.684365 0.685183 0.686444 0.688333 0.691081 0.69496 0.700277 0.707359 0.716528 0.728081 0.742261 0.759229 0.779044 0.801654 0.826885 0.854451 0.883969 0.914976 0.946958 0.979377 1.01169 1.04338 1.07396 1.103 1.13014 1.15509 1.17762 1.19757 1.21484 1.22939 1.24122 1.25034 1.25679 1.26058 1.26174 1.26026 1.25611 1.24926 1.23969 1.22735 1.21225 1.19441 1.1739 1.15087 1.1255 1.09806 1.06886 1.03829 1.0068 0.974872 0.943022 0.911774 0.881638 0.853083 0.826517 0.802263 0.780545 0.761483 0.745087 0.731276 0.719883 0.710683 0.703411 0.697787 0.69353 0.690378 0.688094 0.686476 0.685357 0.684604 0.684115 0.683816 0.683653 0.683593 0.683613 0.683703 0.683855 0.684069 0.684341 0.684671 0.685053 0.68548 0.685941 0.686422 
0.679868 0.68035 0.68081 0.681235 0.681617 0.681951 0.682235 0.682471 0.682665 0.682823 0.682957 0.683083 0.683224 0.683412 0.683696 0.684146 0.684862 0.685983 0.687694 0.690227 0.69387 0.698951 0.705833 0.714888 0.726472 0.740892 0.758377 0.779044 0.802887 0.829758 0.859375 0.891334 0.925134 0.960204 0.995939 1.03173 1.06698 1.10116 1.13379 1.16446 1.19285 1.2187 1.24186 1.26221 1.27972 1.29439 1.30627 1.31539 1.32183 1.32563 1.3268 1.32535 1.32126 1.31446 1.30492 1.29255 1.27732 1.25921 1.23824 1.21448 1.18807 1.15921 1.12819 1.09537 1.06117 1.0261 0.990721 0.955608 0.921359 0.888544 0.857678 0.829196 0.803426 0.780578 0.760733 0.743856 0.729805 0.718358 0.709233 0.702115 0.696684 0.69263 0.68967 0.687557 0.686084 0.685083 0.684425 0.684012 0.683775 0.683667 0.683658 0.683729 0.68387 0.684077 0.684346 0.684674 0.685055 0.685481 0.685941 0.686423 
0.679869 0.680351 0.68081 0.681235 0.681617 0.681952 0.682236 0.682474 0.682669 0.682833 0.682977 0.683122 0.683297 0.683545 0.683929 0.684541 0.685512 0.687017 0.689288 0.692614 0.697341 0.703857 0.712577 0.723915 0.738247 0.755876 0.776993 0.801654 0.829758 0.861044 0.895103 0.931401 0.969314 1.00817 1.04727 1.08595 1.1236 1.15968 1.19373 1.2254 1.25441 1.28059 1.30383 1.3241 1.34143 1.35586 1.36748 1.37639 1.38267 1.38637 1.38754 1.38618 1.38226 1.37571 1.36645 1.35439 1.33944 1.32153 1.30061 1.2767 1.24985 1.22021 1.188 1.15351 1.11717 1.07945 1.04095 1.00228 0.964115 0.927129 0.891949 0.85913 0.82912 0.802237 0.778654 0.758404 0.741388 0.7274 0.71615 0.707302 0.700495 0.695374 0.691606 0.688895 0.68699 0.685684 0.684816 0.684261 0.683931 0.683763 0.683715 0.683763 0.68389 0.684088 0.684352 0.684677 0.685056 0.685482 0.685942 0.686423 
0.679869 0.680351 0.68081 0.681235 0.681618 0.681952 0.682238 0.682477 0.682676 0.682847 0.683005 0.683176 0.683396 0.683722 0.684235 0.685053 0.686341 0.68832 0.691275 0.695554 0.701563 0.709751 0.720582 0.734499 0.751884 0.773015 0.798026 0.826885 0.859375 0.895103 0.93352 0.973956 1.01566 1.05787 1.09982 1.14081 1.18021 1.21752 1.25233 1.28434 1.31336 1.33928 1.36209 1.38182 1.39856 1.41242 1.42353 1.43202 1.43799 1.44153 1.44268 1.44145 1.4378 1.43166 1.42292 1.41147 1.39716 1.37989 1.35953 1.33602 1.30936 1.27958 1.24684 1.21138 1.17353 1.13377 1.09267 1.05089 1.00917 0.968244 0.928871 0.891729 0.857398 0.82632 0.798782 0.774904 0.754649 0.737846 0.724214 0.7134 0.705013 0.698652 0.693936 0.690518 0.688097 0.686424 0.6853 0.684572 0.684127 0.683884 0.683788 0.683806 0.683915 0.684103 0.68436 0.684682 0.685059 0.685483 0.685942 0.686423 
0.679869 0.680351 0.68081 0.681235 0.681618 0.681953 0.68224 0.682481 0.682686 0.682866 0.683042 0.683246 0.683525 0.68395 0.684625 0.685699 0.687376 0.689928 0.693697 0.699093 0.706586 0.71668 0.72988 0.746644 0.767343 0.792208 0.821292 0.854451 0.891334 0.931401 0.973956 1.01819 1.06325 1.10828 1.15246 1.19509 1.23557 1.27342 1.30831 1.34002 1.36846 1.3936 1.41551 1.43429 1.45011 1.46312 1.4735 1.4814 1.48695 1.49026 1.49137 1.49029 1.487 1.48139 1.47336 1.46276 1.44941 1.43314 1.41379 1.39121 1.3653 1.33602 1.30343 1.26767 1.22902 1.1879 1.14483 1.1005 1.05567 1.01118 0.967867 0.926542 0.887923 0.852592 0.820963 0.793267 0.769549 0.749692 0.73344 0.720438 0.71027 0.702498 0.696691 0.69245 0.689424 0.687318 0.685889 0.684953 0.684368 0.684033 0.683879 0.68386 0.683947 0.684121 0.684371 0.684687 0.685062 0.685485 0.685943 0.686424 
0.679869 0.680351 0.68081 0.681236 0.681619 0.681954 0.682243 0.682487 0.682698 0.682891 0.683091 0.683338 0.68369 0.684238 0.685112 0.686496 0.688639 0.691867 0.696584 0.703264 0.712438 0.724658 0.740458 0.760298 0.784515 0.81327 0.846514 0.883969 0.925134 0.969314 1.01566 1.06325 1.11112 1.15834 1.2041 1.24768 1.28854 1.32626 1.3606 1.39145 1.41878 1.44269 1.46331 1.48083 1.49546 1.50742 1.5169 1.52409 1.52914 1.53216 1.53322 1.53231 1.52941 1.52443 1.51724 1.50766 1.4955 1.48054 1.46255 1.44132 1.41667 1.38846 1.35664 1.32126 1.28251 1.24071 1.19637 1.15012 1.10276 1.05517 1.00828 0.96303 0.92027 0.88073 0.844965 0.813335 0.78599 0.762884 0.743805 0.728412 0.716275 0.706925 0.699886 0.694708 0.690987 0.688376 0.686592 0.685409 0.684658 0.684214 0.68399 0.683927 0.683986 0.684144 0.684384 0.684694 0.685066 0.685487 0.685944 0.686424 
0.67987 0.680351 0.680811 0.681236 0.681619 0.681956 0.682246 0.682495 0.682715 0.682924 0.683153 0.683453 0.683896 0.684593 0.685706 0.687457 0.690146 0.694155 0.699953 0.708078 0.719115 0.733658 0.752255 0.775348 0.80322 0.83594 0.873334 0.914976 0.960204 1.00817 1.05787 1.10828 1.15834 1.20712 1.25377 1.29762 1.3382 1.3752 1.40844 1.43793 1.46375 1.48607 1.50512 1.52115 1.53441 1.54517 1.55365 1.56006 1.56456 1.56726 1.56824 1.56751 1.56504 1.56072 1.55443 1.54599 1.53516 1.5217 1.50533 1.48578 1.46278 1.43611 1.40561 1.37122 1.33302 1.29124 1.2463 1.19881 1.14954 1.0994 1.04941 1.00059 0.953944 0.910336 0.870483 0.834884 0.803812 0.777316 0.755246 0.737287 0.723014 0.711932 0.703527 0.697299 0.692792 0.689607 0.687414 0.685947 0.685003 0.684431 0.684123 0.684007 0.684034 0.684171 0.684399 0.684703 0.685071 0.685489 0.685946 0.686425 
0.67987 0.680351 0.680811 0.681237 0.68162 0.681958 0.682251 0.682506 0.682735 0.682964 0.683231 0.683594 0.684146 0.685021 0.686414 0.688591 0.691904 0.696798 0.703803 0.71352 0.726582 0.743612 0.765156 0.791621 0.823212 0.859889 0.901333 0.946958 0.995939 1.04727 1.09982 1.15246 1.2041 1.25377 1.30066 1.34417 1.3839 1.41964 1.45134 1.4791 1.5031 1.52359 1.54089 1.55529 1.56709 1.57659 1.58403 1.58962 1.59355 1.59592 1.59682 1.59625 1.59419 1.59054 1.58518 1.57789 1.56846 1.55661 1.54201 1.52435 1.50329 1.47852 1.44977 1.41688 1.3798 1.33867 1.29381 1.24574 1.19521 1.14313 1.09056 1.03861 0.988404 0.940962 0.897153 0.85763 0.822803 0.792835 0.767654 0.746994 0.730442 0.717494 0.7076 0.700218 0.694839 0.691012 0.688358 0.686568 0.685403 0.684683 0.68428 0.684102 0.68409 0.684204 0.684418 0.684714 0.685077 0.685492 0.685947 0.686426 
0.679871 0.680352 0.680811 0.681237 0.681622 0.681961 0.682257 0.682518 0.682761 0.683014 0.683324 0.683763 0.684443 0.685524 0.687238 0.689899 0.693913 0.699786 0.708113 0.719548 0.734767 0.754407 0.778998 0.80889 0.844194 0.884738 0.93005 0.979377 1.03173 1.08595 1.14081 1.19509 1.24768 1.29762 1.34417 1.38679 1.4252 1.45928 1.48911 1.51487 1.53686 1.5554 1.57086 1.58358 1.59391 1.60214 1.60855 1.61334 1.6167 1.61875 1.61955 1.61913 1.61746 1.61445 1.60997 1.60383 1.59578 1.58554 1.57278 1.55711 1.53815 1.5155 1.48882 1.45782 1.42236 1.38242 1.33823 1.29021 1.23905 1.18563 1.13104 1.07645 1.02309 0.972123 0.924567 0.881239 0.8427 0.809239 0.780881 0.757425 0.738487 0.723561 0.712075 0.703447 0.697117 0.692585 0.689421 0.687271 0.685859 0.684973 0.684459 0.684212 0.684155 0.684242 0.68444 0.684726 0.685083 0.685496 0.685949 0.686427 
0.679871 0.680352 0.680812 0.681238 0.681623 0.681965 0.682265 0.682534 0.682792 0.683074 0.683435 0.683962 0.684787 0.686103 0.688178 0.691374 0.696157 0.703094 0.712836 0.726091 0.743563 0.765893 0.793574 0.826885 0.865824 0.910076 0.959005 1.01169 1.06698 1.1236 1.18021 1.23557 1.28854 1.3382 1.3839 1.4252 1.46191 1.49404 1.52178 1.54541 1.5653 1.58186 1.59548 1.60656 1.61545 1.62248 1.6279 1.63193 1.63476 1.63649 1.63719 1.6369 1.63558 1.63315 1.62949 1.62441 1.61769 1.60901 1.59803 1.58435 1.56754 1.54715 1.52272 1.4939 1.4604 1.42209 1.37907 1.33166 1.28045 1.22629 1.17024 1.11352 1.05746 1.00332 0.952292 0.905345 0.8632 0.826286 0.794741 0.76844 0.747045 0.730061 0.716902 0.706952 0.699606 0.694315 0.690597 0.688053 0.686368 0.685297 0.684663 0.684336 0.68423 0.684286 0.684466 0.684741 0.685091 0.685501 0.685952 0.686428 
0.679872 0.680353 0.680812 0.681239 0.681625 0.681969 0.682274 0.682552 0.682828 0.683143 0.683562 0.684189 0.685178 0.686752 0.689223 0.693002 0.698611 0.706677 0.717908 0.733051 0.752833 0.77788 0.808639 0.845298 0.887732 0.935471 0.987715 1.04338 1.10116 1.15968 1.21752 1.27342 1.32626 1.3752 1.41964 1.45928 1.49404 1.52405 1.5496 1.57105 1.58886 1.60347 1.61534 1.62486 1.63242 1.63833 1.64284 1.64619 1.64852 1.64996 1.65057 1.65037 1.64935 1.64744 1.64451 1.64039 1.63487 1.62763 1.61834 1.60658 1.59188 1.57374 1.55166 1.52516 1.49385 1.4575 1.41606 1.36972 1.31898 1.2646 1.20762 1.14929 1.09097 1.03406 0.979881 0.929557 0.883972 0.843704 0.809014 0.77987 0.755988 0.7369 0.722014 0.710687 0.702275 0.696179 0.691871 0.688906 0.686926 0.685655 0.684887 0.684474 0.684313 0.684336 0.684494 0.684757 0.685101 0.685506 0.685954 0.68643 
0.679873 0.680353 0.680813 0.68124 0.681628 0.681974 0.682284 0.682573 0.68287 0.683221 0.683705 0.684442 0.685609 0.687464 0.690359 0.694757 0.701235 0.710477 0.723239 0.740305 0.762409 0.790153 0.823922 0.863802 0.909535 0.960495 1.01572 1.07396 1.13379 1.19373 1.25233 1.30831 1.3606 1.40844 1.45134 1.48911 1.52178 1.5496 1.57294 1.59226 1.60807 1.62085 1.63109 1.63919 1.64554 1.65044 1.65415 1.65688 1.65878 1.65996 1.66047 1.66036 1.65959 1.65811 1.65581 1.65253 1.64806 1.64212 1.63437 1.62438 1.61168 1.59572 1.57595 1.55182 1.52284 1.48865 1.44906 1.40416 1.3543 1.30017 1.24275 1.18327 1.12316 1.06389 1.0069 0.953478 0.904669 0.861197 0.823457 0.791518 0.765166 0.743963 0.727326 0.714591 0.70508 0.698149 0.693224 0.689816 0.687525 0.686041 0.68513 0.684624 0.684404 0.68439 0.684526 0.684775 0.685111 0.685511 0.685957 0.686431 
0.679874 0.680354 0.680813 0.681241 0.68163 0.68198 0.682296 0.682597 0.682916 0.683308 0.683862 0.684716 0.686075 0.688226 0.691566 0.696607 0.703979 0.714418 0.728726 0.747711 0.772104 0.802475 0.839134 0.882059 0.930853 0.984734 1.04258 1.103 1.16446 1.2254 1.28434 1.34002 1.39145 1.43793 1.4791 1.51487 1.54541 1.57105 1.59226 1.60957 1.62351 1.63462 1.64338 1.65022 1.6555 1.65952 1.66254 1.66474 1.66627 1.66722 1.66765 1.66759 1.66702 1.6659 1.66412 1.66155 1.65799 1.65318 1.64679 1.63839 1.62752 1.61361 1.59605 1.57424 1.5476 1.51566 1.4781 1.43488 1.38623 1.33272 1.27527 1.21508 1.15359 1.09236 1.03292 0.976721 0.924939 0.87846 0.837813 0.803175 0.774408 0.751121 0.732741 0.718593 0.70797 0.70019 0.694634 0.690768 0.688154 0.686448 0.685388 0.684784 0.684502 0.684448 0.68456 0.684794 0.685122 0.685517 0.685961 0.686433 
0.679875 0.680355 0.680814 0.681243 0.681633 0.681986 0.682309 0.682623 0.682966 0.6834 0.684029 0.685007 0.686564 0.689022 0.692817 0.69851 0.706782 0.718417 0.734251 0.755111 0.78172 0.814601 0.853985 0.899738 0.951323 1.00781 1.06792 1.13014 1.19285 1.25441 1.31336 1.36846 1.41878 1.46375 1.5031 1.53686 1.5653 1.58886 1.60807 1.62351 1.63576 1.64538 1.65284 1.65858 1.66294 1.66623 1.66866 1.67041 1.67163 1.67238 1.67274 1.67272 1.67231 1.67147 1.67012 1.66813 1.66533 1.66147 1.65625 1.64925 1.64001 1.62795 1.61245 1.59284 1.56847 1.53877 1.50331 1.46192 1.41469 1.36208 1.30494 1.2444 1.18192 1.1191 1.05758 0.998919 0.944446 0.895191 0.85182 0.814621 0.783539 0.758233 0.738151 0.722612 0.710889 0.702261 0.696071 0.691742 0.688801 0.686868 0.685656 0.684951 0.684604 0.684509 0.684595 0.684815 0.685133 0.685524 0.685964 0.686435 
0.679876 0.680355 0.680815 0.681244 0.681636 0.681993 0.682323 0.68265 0.683018 0.683498 0.684203 0.685308 0.687066 0.689832 0.694083 0.700422 0.70958 0.722379 0.739689 0.762346 0.791054 0.826287 0.868194 0.916526 0.970611 1.02938 1.09141 1.15509 1.2187 1.28059 1.33928 1.3936 1.44269 1.48607 1.52359 1.5554 1.58186 1.60347 1.62085 1.63462 1.64538 1.65368 1.66003 1.66483 1.66843 1.67109 1.67304 1.67443 1.67538 1.67598 1.67627 1.67627 1.67598 1.67537 1.67435 1.67283 1.67065 1.66758 1.66334 1.65754 1.64972 1.63931 1.62566 1.60807 1.58584 1.5583 1.52492 1.48539 1.4397 1.38819 1.33159 1.27101 1.20787 1.1438 1.08054 1.01974 0.962872 0.911101 0.865223 0.825639 0.792379 0.765156 0.743444 0.726565 0.713772 0.704317 0.697503 0.692719 0.689452 0.687293 0.685927 0.685121 0.684708 0.684571 0.684632 0.684836 0.685145 0.68553 0.685968 0.686437 
0.679877 0.680356 0.680816 0.681246 0.68164 0.682 0.682337 0.682679 0.683072 0.683596 0.684379 0.685609 0.687566 0.690635 0.695329 0.702295 0.712302 0.726212 0.744917 0.769255 0.799912 0.837306 0.881502 0.932142 0.988428 1.04915 1.11279 1.17762 1.24186 1.30383 1.36209 1.41551 1.46331 1.50512 1.54089 1.57086 1.59548 1.61534 1.63109 1.64338 1.65284 1.66003 1.66543 1.66945 1.67242 1.67458 1.67613 1.67723 1.67797 1.67844 1.67867 1.67869 1.67849 1.67804 1.67729 1.67614 1.67445 1.67202 1.66858 1.66378 1.65717 1.64818 1.63617 1.6204 1.60011 1.57458 1.54318 1.50548 1.46136 1.41104 1.35515 1.29474 1.23121 1.16621 1.10152 1.0389 0.979936 0.925926 0.877785 0.836023 0.800754 0.771748 0.748509 0.730365 0.716557 0.706311 0.698899 0.693674 0.690092 0.687712 0.686196 0.68529 0.684812 0.684634 0.684669 0.684858 0.685158 0.685537 0.685972 0.686439 
0.679878 0.680357 0.680817 0.681248 0.681643 0.682007 0.682351 0.682707 0.683125 0.683694 0.684551 0.685903 0.688051 0.69141 0.696525 0.70408 0.714882 0.729823 0.749814 0.775692 0.808115 0.84745 0.89368 0.946344 1.00453 1.06691 1.13186 1.19757 1.26221 1.3241 1.38182 1.43429 1.48083 1.52115 1.55529 1.58358 1.60656 1.62486 1.63919 1.65022 1.65858 1.66483 1.66945 1.67284 1.67528 1.67704 1.67828 1.67915 1.67973 1.68009 1.68028 1.68031 1.68017 1.67985 1.67929 1.67842 1.67711 1.67519 1.67241 1.66843 1.66282 1.65504 1.64442 1.63024 1.61169 1.58798 1.5584 1.52243 1.47982 1.43071 1.37562 1.31554 1.25182 1.18613 1.1203 1.05616 0.9954 0.939436 0.889294 0.845585 0.808504 0.777877 0.753239 0.73393 0.719181 0.708198 0.700225 0.694585 0.690704 0.688115 0.686455 0.685453 0.684913 0.684695 0.684706 0.684879 0.68517 0.685544 0.685975 0.686441 
0.679879 0.680358 0.680818 0.681249 0.681647 0.682014 0.682366 0.682734 0.683176 0.683787 0.684715 0.686182 0.688508 0.692134 0.697637 0.705732 0.717257 0.73313 0.754274 0.781523 0.815507 0.856541 0.904535 0.958935 1.01872 1.08248 1.14847 1.21484 1.27972 1.34143 1.39856 1.45011 1.49546 1.53441 1.56709 1.59391 1.61545 1.63242 1.64554 1.6555 1.66294 1.66843 1.67242 1.67528 1.67732 1.67876 1.67976 1.68045 1.6809 1.68119 1.68133 1.68136 1.68127 1.68104 1.68063 1.67997 1.67896 1.67743 1.67516 1.67184 1.66705 1.66027 1.65084 1.63801 1.62095 1.59883 1.57087 1.53647 1.49527 1.44732 1.39305 1.33337 1.26962 1.20344 1.13671 1.07133 1.00907 0.951438 0.899568 0.854162 0.815487 0.783423 0.757539 0.737184 0.721585 0.709934 0.70145 0.695431 0.691274 0.688492 0.686699 0.685607 0.685008 0.684753 0.68474 0.684899 0.685181 0.685551 0.685979 0.686443 
