1.50751 1.50783 1.50815 1.50846 1.50876 1.50903 1.50929 1.50952 1.50973 1.50992 1.51009 1.51024 1.51036 1.51047 1.51056 1.51064 1.5107 1.51075 1.5108 1.51084 1.51088 1.51091 1.51094 1.51097 1.51101 1.51105 1.51109 1.51114 1.5112 1.51126 1.51133 1.51141 1.51149 1.51158 1.51168 1.51179 1.5119 1.51202 1.51214 1.51226 1.51238 1.5125 1.51261 1.51272 1.51282 1.51291 1.51299 1.51305 1.5131 1.51314 1.51316 1.51316 1.51315 1.51312 1.51307 1.51301 1.51294 1.51285 1.51276 1.51265 1.51254 1.51243 1.51231 1.51219 1.51207 1.51196 1.51185 1.51174 1.51164 1.51155 1.51146 1.51139 1.51132 1.51126 1.5112 1.51116 1.51112 1.51109 1.51107 1.51106 1.51105 1.51106 1.51108 1.51111 1.51115 1.51121 1.51129 1.51139 1.51151 1.51164 1.51181 1.51199 1.51221 1.51244 1.5127 1.51297 1.51327 1.51358 1.5139 1.51422 
1.50783 1.50816 1.50848 1.50879 1.50908 1.50936 1.50961 1.50985 1.51006 1.51025 1.51042 1.51056 1.51069 1.51079 1.51088 1.51096 1.51102 1.51108 1.51112 1.51116 1.5112 1.51123 1.51126 1.51129 1.51133 1.51137 1.51141 1.51146 1.51151 1.51157 1.51164 1.51172 1.5118 1.5119 1.512 1.5121 1.51222 1.51234 1.51246 1.51258 1.5127 1.51282 1.51294 1.51305 1.51315 1.51324 1.51332 1.51339 1.51344 1.51348 1.5135 1.5135 1.51348 1.51345 1.51341 1.51334 1.51327 1.51318 1.51309 1.51298 1.51287 1.51275 1.51263 1.51251 1.51239 1.51228 1.51216 1.51206 1.51196 1.51186 1.51178 1.5117 1.51163 1.51157 1.51152 1.51147 1.51144 1.51141 1.51139 1.51138 1.51137 1.51138 1.5114 1.51143 1.51148 1.51154 1.51162 1.51171 1.51183 1.51197 1.51213 1.51232 1.51253 1.51277 1.51302 1.5133 1.51359 1.5139 1.51422 1.51455 
1.50815 1.50848 1.5088 1.50911 1.5094 1.50968 1.50993 1.51017 1.51038 1.51057 1.51073 1.51088 1.51101 1.51111 1.5112 1.51128 1.51134 1.5114 1.51144 1.51148 1.51152 1.51155 1.51159 1.51162 1.51166 1.5117 1.51175 1.5118 1.51186 1.51193 1.51201 1.5121 1.5122 1.5123 1.51242 1.51254 1.51267 1.51281 1.51295 1.51309 1.51323 1.51337 1.5135 1.51363 1.51374 1.51385 1.51394 1.51402 1.51407 1.51412 1.51414 1.51414 1.51412 1.51409 1.51403 1.51396 1.51387 1.51377 1.51366 1.51354 1.51341 1.51328 1.51314 1.513 1.51286 1.51273 1.5126 1.51248 1.51237 1.51226 1.51216 1.51208 1.512 1.51193 1.51187 1.51182 1.51177 1.51174 1.51172 1.5117 1.5117 1.51171 1.51172 1.51175 1.5118 1.51186 1.51194 1.51203 1.51215 1.51229 1.51245 1.51264 1.51285 1.51308 1.51334 1.51362 1.51391 1.51422 1.51454 1.51487 
1.50846 1.50879 1.50911 1.50942 1.50971 1.50998 1.51024 1.51047 1.51069 1.51088 1.51104 1.51119 1.51131 1.51142 1.51151 1.51159 1.51165 1.51171 1.51176 1.5118 1.51184 1.51188 1.51192 1.51196 1.51201 1.51206 1.51212 1.51218 1.51226 1.51235 1.51245 1.51256 1.51268 1.51282 1.51297 1.51312 1.51328 1.51346 1.51363 1.51381 1.51398 1.51416 1.51432 1.51448 1.51463 1.51476 1.51487 1.51497 1.51504 1.51509 1.51511 1.51511 1.51509 1.51504 1.51498 1.51488 1.51478 1.51465 1.51451 1.51435 1.51419 1.51402 1.51385 1.51368 1.51351 1.51334 1.51318 1.51303 1.51288 1.51275 1.51263 1.51252 1.51242 1.51233 1.51225 1.51219 1.51213 1.51209 1.51206 1.51204 1.51203 1.51203 1.51204 1.51207 1.51211 1.51217 1.51225 1.51234 1.51246 1.5126 1.51276 1.51295 1.51316 1.51339 1.51365 1.51393 1.51422 1.51453 1.51485 1.51517 
1.50876 1.50908 1.5094 1.50971 1.51 1.51028 1.51053 1.51077 1.51098 1.51117 1.51134 1.51148 1.51161 1.51172 1.51181 1.51189 1.51196 1.51201 1.51207 1.51211 1.51216 1.5122 1.51225 1.51231 1.51237 1.51244 1.51251 1.51261 1.51271 1.51283 1.51296 1.51311 1.51328 1.51346 1.51366 1.51386 1.51408 1.51431 1.51454 1.51478 1.51501 1.51524 1.51546 1.51567 1.51586 1.51603 1.51617 1.5163 1.51639 1.51645 1.51648 1.51648 1.51645 1.51639 1.5163 1.51617 1.51603 1.51586 1.51567 1.51547 1.51525 1.51503 1.5148 1.51457 1.51435 1.51413 1.51391 1.51371 1.51352 1.51334 1.51318 1.51303 1.5129 1.51278 1.51268 1.51259 1.51252 1.51246 1.51241 1.51238 1.51236 1.51235 1.51236 1.51238 1.51242 1.51248 1.51255 1.51264 1.51276 1.5129 1.51306 1.51324 1.51345 1.51369 1.51394 1.51422 1.51451 1.51482 1.51514 1.51547 
1.50903 1.50936 1.50968 1.50998 1.51028 1.51055 1.51081 1.51104 1.51126 1.51145 1.51161 1.51176 1.51189 1.512 1.51209 1.51217 1.51224 1.51231 1.51236 1.51242 1.51247 1.51253 1.5126 1.51267 1.51275 1.51284 1.51295 1.51308 1.51323 1.51339 1.51358 1.51378 1.51401 1.51426 1.51453 1.51481 1.51511 1.51542 1.51574 1.51606 1.51637 1.51668 1.51698 1.51725 1.51751 1.51774 1.51793 1.51809 1.51822 1.5183 1.51834 1.51833 1.51829 1.5182 1.51808 1.51791 1.51771 1.51748 1.51723 1.51696 1.51666 1.51636 1.51605 1.51574 1.51544 1.51513 1.51485 1.51457 1.51431 1.51407 1.51384 1.51364 1.51346 1.5133 1.51316 1.51304 1.51293 1.51285 1.51278 1.51273 1.51269 1.51268 1.51267 1.51269 1.51272 1.51277 1.51284 1.51293 1.51304 1.51318 1.51334 1.51352 1.51373 1.51396 1.51422 1.5145 1.51479 1.5151 1.51542 1.51574 
1.50929 1.50961 1.50993 1.51024 1.51053 1.51081 1.51107 1.5113 1.51151 1.5117 1.51187 1.51202 1.51215 1.51226 1.51236 1.51244 1.51252 1.51259 1.51265 1.51272 1.51279 1.51287 1.51295 1.51305 1.51316 1.51329 1.51345 1.51363 1.51383 1.51406 1.51432 1.51461 1.51493 1.51527 1.51564 1.51603 1.51644 1.51686 1.5173 1.51773 1.51816 1.51858 1.51898 1.51935 1.51969 1.52 1.52026 1.52048 1.52064 1.52075 1.5208 1.52079 1.52072 1.5206 1.52043 1.52021 1.51994 1.51963 1.51928 1.51891 1.51851 1.5181 1.51768 1.51725 1.51684 1.51643 1.51603 1.51565 1.51529 1.51496 1.51466 1.51438 1.51413 1.5139 1.51371 1.51354 1.51339 1.51327 1.51317 1.51309 1.51304 1.513 1.51298 1.51298 1.51301 1.51305 1.51311 1.5132 1.51331 1.51344 1.5136 1.51378 1.51399 1.51422 1.51448 1.51475 1.51505 1.51535 1.51567 1.516 
1.50952 1.50985 1.51017 1.51047 1.51077 1.51104 1.5113 1.51154 1.51175 1.51194 1.51211 1.51226 1.51239 1.51251 1.51261 1.5127 1.51278 1.51286 1.51294 1.51302 1.51311 1.51321 1.51333 1.51346 1.51362 1.51381 1.51402 1.51427 1.51456 1.51488 1.51524 1.51564 1.51608 1.51655 1.51706 1.5176 1.51816 1.51873 1.51932 1.5199 1.52048 1.52105 1.52159 1.52209 1.52255 1.52296 1.5233 1.52359 1.5238 1.52394 1.52401 1.52399 1.5239 1.52374 1.5235 1.5232 1.52283 1.52241 1.52194 1.52144 1.5209 1.52034 1.51977 1.5192 1.51863 1.51807 1.51754 1.51702 1.51653 1.51608 1.51566 1.51528 1.51493 1.51462 1.51435 1.51411 1.51391 1.51374 1.51359 1.51348 1.51339 1.51333 1.51329 1.51328 1.51329 1.51332 1.51337 1.51345 1.51356 1.51368 1.51384 1.51402 1.51423 1.51446 1.51471 1.51499 1.51528 1.51559 1.51591 1.51623 
1.50973 1.51006 1.51038 1.51069 1.51098 1.51126 1.51151 1.51175 1.51196 1.51216 1.51233 1.51248 1.51261 1.51273 1.51284 1.51294 1.51303 1.51313 1.51322 1.51333 1.51345 1.51358 1.51374 1.51393 1.51415 1.51441 1.51471 1.51505 1.51545 1.51589 1.51639 1.51694 1.51754 1.51819 1.51888 1.51961 1.52036 1.52114 1.52193 1.52272 1.52349 1.52424 1.52496 1.52563 1.52624 1.52678 1.52724 1.52761 1.52789 1.52807 1.52815 1.52813 1.52801 1.52778 1.52746 1.52706 1.52657 1.526 1.52538 1.5247 1.52398 1.52323 1.52247 1.5217 1.52093 1.52018 1.51945 1.51875 1.5181 1.51748 1.51691 1.51639 1.51591 1.51549 1.51512 1.51479 1.51451 1.51427 1.51407 1.5139 1.51377 1.51368 1.51361 1.51357 1.51356 1.51358 1.51362 1.51369 1.51379 1.51391 1.51406 1.51424 1.51444 1.51467 1.51493 1.5152 1.51549 1.5158 1.51612 1.51645 
1.50992 1.51025 1.51057 1.51088 1.51117 1.51145 1.5117 1.51194 1.51216 1.51235 1.51252 1.51268 1.51282 1.51294 1.51306 1.51317 1.51328 1.51339 1.51351 1.51365 1.51381 1.51399 1.51421 1.51447 1.51477 1.51513 1.51554 1.51602 1.51656 1.51717 1.51785 1.51859 1.5194 1.52028 1.52121 1.52218 1.52319 1.52423 1.52528 1.52632 1.52735 1.52834 1.52928 1.53016 1.53096 1.53167 1.53227 1.53275 1.53312 1.53335 1.53345 1.53341 1.53325 1.53295 1.53252 1.53198 1.53133 1.53058 1.52976 1.52886 1.52791 1.52692 1.5259 1.52488 1.52386 1.52286 1.52188 1.52095 1.52007 1.51924 1.51847 1.51777 1.51713 1.51656 1.51605 1.5156 1.51521 1.51488 1.51461 1.51438 1.51419 1.51405 1.51394 1.51387 1.51384 1.51383 1.51386 1.51392 1.51401 1.51412 1.51427 1.51444 1.51464 1.51487 1.51512 1.51539 1.51569 1.51599 1.51631 1.51664 
1.51009 1.51042 1.51073 1.51104 1.51134 1.51161 1.51187 1.51211 1.51233 1.51252 1.5127 1.51286 1.51301 1.51314 1.51327 1.5134 1.51353 1.51367 1.51382 1.514 1.51421 1.51446 1.51476 1.51511 1.51553 1.51601 1.51658 1.51722 1.51795 1.51878 1.51969 1.52069 1.52177 1.52294 1.52417 1.52546 1.5268 1.52816 1.52954 1.53091 1.53225 1.53354 1.53477 1.5359 1.53694 1.53785 1.53862 1.53925 1.53971 1.54001 1.54013 1.54008 1.53985 1.53946 1.5389 1.53819 1.53734 1.53637 1.53529 1.53411 1.53287 1.53157 1.53024 1.5289 1.52756 1.52624 1.52496 1.52373 1.52256 1.52146 1.52044 1.5195 1.51865 1.51788 1.5172 1.51659 1.51607 1.51562 1.51524 1.51492 1.51466 1.51446 1.5143 1.51419 1.51412 1.51409 1.5141 1.51414 1.51421 1.51432 1.51446 1.51462 1.51482 1.51504 1.51529 1.51556 1.51585 1.51616 1.51648 1.5168 
1.51024 1.51056 1.51088 1.51119 1.51148 1.51176 1.51202 1.51226 1.51248 1.51268 1.51286 1.51303 1.51318 1.51333 1.51347 1.51362 1.51378 1.51396 1.51416 1.5144 1.51468 1.51502 1.51542 1.5159 1.51646 1.51712 1.51787 1.51874 1.51972 1.52081 1.52202 1.52335 1.52478 1.52631 1.52792 1.52961 1.53135 1.53312 1.5349 1.53667 1.5384 1.54006 1.54164 1.54309 1.54441 1.54558 1.54656 1.54735 1.54794 1.5483 1.54845 1.54838 1.54808 1.54757 1.54685 1.54594 1.54484 1.54359 1.54219 1.54068 1.53908 1.5374 1.53568 1.53394 1.5322 1.53049 1.52882 1.52721 1.52568 1.52424 1.5229 1.52167 1.52054 1.51952 1.51862 1.51782 1.51712 1.51651 1.516 1.51557 1.51521 1.51493 1.51471 1.51454 1.51442 1.51436 1.51434 1.51435 1.51441 1.5145 1.51463 1.51479 1.51498 1.5152 1.51545 1.51571 1.516 1.51631 1.51663 1.51695 
1.51036 1.51069 1.51101 1.51131 1.51161 1.51189 1.51215 1.51239 1.51261 1.51282 1.51301 1.51318 1.51335 1.51351 1.51368 1.51386 1.51406 1.51428 1.51455 1.51486 1.51524 1.51569 1.51623 1.51687 1.51762 1.51849 1.5195 1.52064 1.52193 1.52337 1.52496 1.52669 1.52855 1.53054 1.53263 1.5348 1.53704 1.53931 1.54159 1.54384 1.54604 1.54815 1.55014 1.55199 1.55365 1.55511 1.55635 1.55733 1.55806 1.55852 1.5587 1.55859 1.55821 1.55755 1.55664 1.55548 1.55409 1.55249 1.55072 1.5488 1.54675 1.54461 1.54242 1.54019 1.53797 1.53577 1.53362 1.53155 1.52958 1.52771 1.52597 1.52437 1.5229 1.52157 1.52038 1.51933 1.5184 1.5176 1.51692 1.51635 1.51587 1.51548 1.51517 1.51493 1.51476 1.51464 1.51458 1.51457 1.5146 1.51468 1.51479 1.51494 1.51513 1.51534 1.51558 1.51585 1.51613 1.51644 1.51675 1.51708 
1.51047 1.51079 1.51111 1.51142 1.51172 1.512 1.51226 1.51251 1.51273 1.51294 1.51314 1.51333 1.51351 1.5137 1.5139 1.51412 1.51436 1.51465 1.515 1.51541 1.51591 1.51651 1.51723 1.51807 1.51906 1.52021 1.52153 1.52303 1.52471 1.52658 1.52864 1.53087 1.53326 1.5358 1.53847 1.54124 1.54408 1.54695 1.54982 1.55266 1.55542 1.55806 1.56055 1.56284 1.56491 1.56672 1.56825 1.56947 1.57037 1.57092 1.57113 1.57099 1.57051 1.56968 1.56853 1.56707 1.56533 1.56334 1.56111 1.5587 1.55613 1.55344 1.55067 1.54786 1.54505 1.54226 1.53954 1.53691 1.53439 1.53201 1.52978 1.52771 1.52582 1.5241 1.52256 1.52119 1.51999 1.51895 1.51805 1.51729 1.51665 1.51613 1.51571 1.51538 1.51513 1.51496 1.51485 1.5148 1.5148 1.51485 1.51495 1.51509 1.51526 1.51546 1.5157 1.51596 1.51625 1.51655 1.51686 1.51718 
1.51056 1.51088 1.5112 1.51151 1.51181 1.51209 1.51236 1.51261 1.51284 1.51306 1.51327 1.51347 1.51368 1.5139 1.51414 1.51441 1.51472 1.51509 1.51554 1.51609 1.51674 1.51753 1.51847 1.51957 1.52086 1.52236 1.52407 1.52601 1.52817 1.53057 1.53319 1.53603 1.53906 1.54228 1.54564 1.54911 1.55267 1.55625 1.55983 1.56335 1.56677 1.57003 1.5731 1.57592 1.57846 1.58068 1.58255 1.58404 1.58512 1.58579 1.58604 1.58585 1.58524 1.58422 1.5828 1.58099 1.57884 1.57637 1.57362 1.57063 1.56745 1.56411 1.56067 1.55717 1.55365 1.55017 1.54675 1.54344 1.54027 1.53726 1.53444 1.53182 1.52941 1.52722 1.52525 1.52349 1.52194 1.52059 1.51943 1.51844 1.5176 1.51692 1.51636 1.51591 1.51557 1.51532 1.51515 1.51505 1.51501 1.51503 1.5151 1.51522 1.51538 1.51558 1.51581 1.51606 1.51634 1.51664 1.51695 1.51728 
1.51064 1.51096 1.51128 1.51159 1.51189 1.51217 1.51244 1.5127 1.51294 1.51317 1.5134 1.51362 1.51386 1.51412 1.51441 1.51474 1.51514 1.51562 1.5162 1.51691 1.51776 1.51879 1.52 1.52143 1.5231 1.52502 1.52721 1.52968 1.53243 1.53546 1.53877 1.54233 1.54614 1.55015 1.55433 1.55863 1.56302 1.56745 1.57184 1.57615 1.58033 1.58431 1.58804 1.59147 1.59454 1.59723 1.59948 1.60127 1.60257 1.60337 1.60365 1.60341 1.60266 1.60141 1.59967 1.59747 1.59485 1.59184 1.58848 1.58483 1.58093 1.57684 1.57262 1.56831 1.56398 1.55967 1.55545 1.55134 1.54739 1.54364 1.54011 1.53682 1.53379 1.53103 1.52853 1.5263 1.52433 1.52261 1.52112 1.51984 1.51876 1.51787 1.51713 1.51654 1.51608 1.51573 1.51549 1.51532 1.51524 1.51522 1.51526 1.51536 1.5155 1.51569 1.5159 1.51615 1.51643 1.51672 1.51703 1.51735 
1.5107 1.51102 1.51134 1.51165 1.51196 1.51224 1.51252 1.51278 1.51303 1.51328 1.51353 1.51378 1.51406 1.51436 1.51472 1.51514 1.51565 1.51626 1.51701 1.51792 1.51902 1.52034 1.5219 1.52372 1.52585 1.52829 1.53105 1.53416 1.53762 1.54141 1.54553 1.54995 1.55465 1.55959 1.56472 1.57 1.57536 1.58073 1.58606 1.59128 1.59632 1.60111 1.60559 1.60969 1.61337 1.61657 1.61925 1.62138 1.62292 1.62386 1.62418 1.62389 1.62297 1.62146 1.61937 1.61673 1.61357 1.60995 1.60591 1.6015 1.59679 1.59184 1.58672 1.58149 1.57622 1.57097 1.5658 1.56076 1.55591 1.55128 1.54692 1.54284 1.53908 1.53563 1.53251 1.52971 1.52723 1.52506 1.52317 1.52155 1.52017 1.51902 1.51807 1.5173 1.5167 1.51623 1.51588 1.51564 1.51549 1.51543 1.51543 1.5155 1.51562 1.51579 1.51599 1.51624 1.5165 1.51679 1.5171 1.51742 
1.51075 1.51108 1.5114 1.51171 1.51201 1.51231 1.51259 1.51286 1.51313 1.51339 1.51367 1.51396 1.51428 1.51465 1.51509 1.51562 1.51626 1.51705 1.51801 1.51917 1.52057 1.52224 1.52421 1.52653 1.5292 1.53226 1.53572 1.53958 1.54386 1.54855 1.55361 1.55904 1.56478 1.57079 1.57701 1.58339 1.58984 1.5963 1.60269 1.60892 1.61492 1.62061 1.62592 1.63077 1.63512 1.63889 1.64204 1.64453 1.64633 1.64742 1.64779 1.64742 1.64633 1.64454 1.64205 1.63892 1.63518 1.63087 1.62607 1.62082 1.61521 1.6093 1.60317 1.59689 1.59055 1.58423 1.57798 1.57187 1.56598 1.56034 1.55501 1.55002 1.54539 1.54114 1.53728 1.53381 1.53073 1.52801 1.52565 1.52361 1.52187 1.52041 1.51921 1.51822 1.51743 1.51681 1.51635 1.51601 1.51579 1.51566 1.51562 1.51565 1.51574 1.51589 1.51608 1.51631 1.51657 1.51686 1.51716 1.51747 
1.5108 1.51112 1.51144 1.51176 1.51207 1.51236 1.51265 1.51294 1.51322 1.51351 1.51382 1.51416 1.51455 1.515 1.51554 1.5162 1.51701 1.51801 1.51922 1.52068 1.52245 1.52455 1.52703 1.52992 1.53324 1.53703 1.5413 1.54606 1.5513 1.55702 1.56317 1.56974 1.57667 1.58389 1.59135 1.59896 1.60664 1.6143 1.62186 1.62921 1.63626 1.64294 1.64915 1.65482 1.65988 1.66427 1.66793 1.67081 1.6729 1.67415 1.67455 1.67411 1.67283 1.67072 1.66782 1.66415 1.65976 1.65472 1.64908 1.64292 1.63631 1.62934 1.62209 1.61466 1.60713 1.59959 1.59213 1.58483 1.57775 1.57096 1.56452 1.55847 1.55284 1.54767 1.54295 1.53869 1.5349 1.53154 1.52861 1.52608 1.52392 1.52209 1.52057 1.51932 1.51831 1.51751 1.5169 1.51645 1.51613 1.51593 1.51583 1.51582 1.51588 1.516 1.51617 1.51639 1.51664 1.51691 1.51721 1.51752 
1.51084 1.51116 1.51148 1.5118 1.51211 1.51242 1.51272 1.51302 1.51333 1.51365 1.514 1.5144 1.51486 1.51541 1.51609 1.51691 1.51792 1.51917 1.52068 1.52252 1.52472 1.52734 1.53041 1.53397 1.53806 1.54271 1.54792 1.5537 1.56005 1.56694 1.57434 1.58219 1.59045 1.59903 1.60786 1.61684 1.62587 1.63485 1.64367 1.65223 1.66043 1.66816 1.67534 1.68188 1.68771 1.69275 1.69694 1.70024 1.70262 1.70404 1.70449 1.70397 1.70248 1.70004 1.69668 1.69245 1.68738 1.68154 1.67501 1.66786 1.66018 1.65205 1.64359 1.63489 1.62606 1.61719 1.60838 1.59974 1.59133 1.58325 1.57556 1.56831 1.56155 1.55531 1.5496 1.54444 1.53982 1.53572 1.53213 1.52902 1.52635 1.52409 1.52219 1.52063 1.51936 1.51835 1.51756 1.51696 1.51653 1.51624 1.51607 1.51601 1.51602 1.51611 1.51626 1.51646 1.5167 1.51697 1.51726 1.51757 
1.51088 1.5112 1.51152 1.51184 1.51216 1.51247 1.51279 1.51311 1.51345 1.51381 1.51421 1.51468 1.51524 1.51591 1.51674 1.51776 1.51902 1.52057 1.52245 1.52472 1.52744 1.53066 1.53442 1.53877 1.54375 1.54937 1.55566 1.56261 1.57021 1.57842 1.5872 1.5965 1.60623 1.61631 1.62663 1.63709 1.64758 1.65798 1.66816 1.67801 1.68742 1.69627 1.70447 1.71192 1.71854 1.72426 1.72901 1.73274 1.73542 1.73701 1.73751 1.7369 1.7352 1.73242 1.72859 1.72376 1.71798 1.71132 1.70384 1.69565 1.68682 1.67748 1.66771 1.65765 1.6474 1.63709 1.62681 1.6167 1.60683 1.59732 1.58823 1.57964 1.57161 1.56416 1.55733 1.55114 1.54557 1.54062 1.53627 1.53248 1.52922 1.52645 1.52412 1.52219 1.52061 1.51934 1.51834 1.51758 1.51701 1.51661 1.51636 1.51622 1.51619 1.51624 1.51636 1.51654 1.51676 1.51702 1.5173 1.5176 
1.51091 1.51123 1.51155 1.51188 1.5122 1.51253 1.51287 1.51321 1.51358 1.51399 1.51446 1.51502 1.51569 1.51651 1.51753 1.51879 1.52034 1.52224 1.52455 1.52734 1.53066 1.53457 1.53914 1.54439 1.55038 1.55711 1.56461 1.57287 1.58186 1.59154 1.60186 1.61273 1.62406 1.63576 1.64769 1.65975 1.67179 1.68368 1.6953 1.7065 1.71717 1.72718 1.73643 1.74482 1.75225 1.75866 1.76397 1.76814 1.77112 1.77289 1.77343 1.77274 1.77082 1.76769 1.76339 1.75795 1.75144 1.74392 1.73548 1.7262 1.71619 1.70556 1.69443 1.68293 1.67118 1.65931 1.64747 1.63576 1.62431 1.61323 1.60261 1.59254 1.58308 1.5743 1.56621 1.55885 1.55221 1.5463 1.54107 1.53651 1.53258 1.52922 1.52638 1.52402 1.52208 1.52051 1.51926 1.5183 1.51757 1.51704 1.51669 1.51648 1.51638 1.51639 1.51647 1.51662 1.51683 1.51707 1.51735 1.51764 
1.51094 1.51126 1.51159 1.51192 1.51225 1.5126 1.51295 1.51333 1.51374 1.51421 1.51476 1.51542 1.51623 1.51723 1.51847 1.52 1.5219 1.52421 1.52703 1.53041 1.53442 1.53914 1.54461 1.55089 1.55801 1.56599 1.57485 1.58455 1.59508 1.60636 1.61834 1.63091 1.64397 1.65739 1.67103 1.68476 1.69843 1.71189 1.72498 1.73758 1.74953 1.76072 1.77103 1.78036 1.78861 1.7957 1.80158 1.80618 1.80946 1.81141 1.81199 1.81121 1.80908 1.8056 1.80083 1.79479 1.78755 1.77917 1.76975 1.75937 1.74815 1.7362 1.72366 1.71065 1.69733 1.68384 1.67033 1.65693 1.64378 1.63101 1.61873 1.60705 1.59604 1.58578 1.5763 1.56764 1.55981 1.55281 1.5466 1.54117 1.53646 1.53242 1.52901 1.52615 1.52379 1.52188 1.52034 1.51914 1.51822 1.51755 1.51707 1.51677 1.5166 1.51655 1.5166 1.51672 1.5169 1.51713 1.51739 1.51768 
1.51097 1.51129 1.51162 1.51196 1.51231 1.51267 1.51305 1.51346 1.51393 1.51447 1.51511 1.5159 1.51687 1.51807 1.51957 1.52143 1.52372 1.52653 1.52992 1.53397 1.53877 1.54439 1.55089 1.55831 1.56669 1.57606 1.5864 1.59769 1.60987 1.62289 1.63665 1.65104 1.66591 1.68115 1.69658 1.71205 1.72739 1.74244 1.75704 1.77103 1.78427 1.79664 1.808 1.81825 1.8273 1.83507 1.84149 1.84651 1.85009 1.8522 1.85283 1.85196 1.84962 1.84581 1.84058 1.83395 1.82599 1.81678 1.80638 1.79491 1.78248 1.7692 1.75523 1.74069 1.72576 1.71059 1.69533 1.68016 1.66521 1.65065 1.6366 1.62319 1.6105 1.59863 1.58763 1.57755 1.5684 1.56019 1.55289 1.54648 1.5409 1.53611 1.53203 1.52861 1.52578 1.52346 1.5216 1.52012 1.51899 1.51814 1.51752 1.51711 1.51686 1.51675 1.51674 1.51683 1.51698 1.51719 1.51744 1.51772 
1.51101 1.51133 1.51166 1.51201 1.51237 1.51275 1.51316 1.51362 1.51415 1.51477 1.51553 1.51646 1.51762 1.51906 1.52086 1.5231 1.52585 1.5292 1.53324 1.53806 1.54375 1.55038 1.55801 1.56669 1.57647 1.58734 1.59929 1.61228 1.62625 1.64112 1.65676 1.67304 1.68982 1.70693 1.72419 1.74143 1.75846 1.77511 1.79121 1.80659 1.8211 1.8346 1.84698 1.85812 1.86793 1.87634 1.88328 1.88869 1.89255 1.89482 1.89549 1.89455 1.89202 1.8879 1.88223 1.87505 1.86641 1.85638 1.84506 1.83252 1.8189 1.80432 1.78892 1.77285 1.75629 1.7394 1.72236 1.70535 1.68855 1.67211 1.65619 1.64094 1.62646 1.61287 1.60023 1.58861 1.57802 1.56848 1.55998 1.55248 1.54594 1.54029 1.53548 1.53142 1.52805 1.52528 1.52304 1.52126 1.51987 1.51882 1.51804 1.5175 1.51716 1.51697 1.51691 1.51695 1.51707 1.51726 1.51749 1.51776 
1.51105 1.51137 1.5117 1.51206 1.51244 1.51284 1.51329 1.51381 1.51441 1.51513 1.51601 1.51712 1.51849 1.52021 1.52236 1.52502 1.52829 1.53226 1.53703 1.54271 1.54937 1.55711 1.56599 1.57606 1.58734 1.59983 1.6135 1.62831 1.64417 1.66097 1.67857 1.69682 1.71555 1.73456 1.75368 1.77269 1.7914 1.80963 1.82719 1.8439 1.85963 1.87422 1.88755 1.89953 1.91005 1.91905 1.92646 1.93224 1.93635 1.93876 1.93947 1.93847 1.93576 1.93136 1.9253 1.91761 1.90834 1.89757 1.88536 1.87182 1.85707 1.84122 1.82443 1.80686 1.78868 1.77008 1.75125 1.73237 1.71366 1.69529 1.67743 1.66025 1.64389 1.62847 1.61408 1.6008 1.58866 1.57769 1.56787 1.55918 1.55158 1.545 1.53937 1.53461 1.53063 1.52735 1.52468 1.52255 1.52088 1.5196 1.51864 1.51796 1.5175 1.51722 1.51709 1.51709 1.51717 1.51733 1.51755 1.51781 
1.51109 1.51141 1.51175 1.51212 1.51251 1.51295 1.51345 1.51402 1.51471 1.51554 1.51658 1.51787 1.5195 1.52153 1.52407 1.52721 1.53105 1.53572 1.5413 1.54792 1.55566 1.56461 1.57485 1.5864 1.59929 1.6135 1.62901 1.64572 1.66354 1.68234 1.70196 1.72221 1.74291 1.76384 1.78479 1.80555 1.8259 1.84565 1.8646 1.88258 1.89944 1.91504 1.92925 1.94198 1.95314 1.96267 1.9705 1.9766 1.98093 1.98348 1.98423 1.98317 1.98032 1.97567 1.96927 1.96113 1.9513 1.93985 1.92685 1.91238 1.89657 1.87953 1.86142 1.8424 1.82265 1.80237 1.78175 1.76102 1.74038 1.72004 1.70019 1.68103 1.66271 1.64537 1.62914 1.6141 1.60031 1.5878 1.57657 1.5666 1.55784 1.55024 1.54371 1.53817 1.53352 1.52968 1.52654 1.52402 1.52202 1.52048 1.51932 1.51847 1.51788 1.51751 1.51731 1.51724 1.51729 1.51742 1.51761 1.51786 
1.51114 1.51146 1.5118 1.51218 1.51261 1.51308 1.51363 1.51427 1.51505 1.51602 1.51722 1.51874 1.52064 1.52303 1.52601 1.52968 1.53416 1.53958 1.54606 1.5537 1.56261 1.57287 1.58455 1.59769 1.61228 1.62831 1.64572 1.66441 1.68425 1.7051 1.72675 1.74902 1.77168 1.79449 1.81724 1.83968 1.86159 1.88278 1.90303 1.92218 1.94008 1.95657 1.97157 1.98496 1.99667 2.00665 2.01484 2.02121 2.02573 2.02839 2.02917 2.02808 2.02511 2.02027 2.01358 2.00506 1.99476 1.98273 1.96902 1.95373 1.93696 1.91884 1.8995 1.87911 1.85787 1.83597 1.81362 1.79105 1.7685 1.74618 1.72433 1.70314 1.68281 1.6635 1.64535 1.62848 1.61295 1.5988 1.58607 1.57472 1.56472 1.55601 1.54851 1.54212 1.53674 1.53228 1.52862 1.52566 1.52331 1.52148 1.52008 1.51905 1.51832 1.51784 1.51755 1.51742 1.51742 1.51751 1.51769 1.51792 
1.5112 1.51151 1.51186 1.51226 1.51271 1.51323 1.51383 1.51456 1.51545 1.51656 1.51795 1.51972 1.52193 1.52471 1.52817 1.53243 1.53762 1.54386 1.5513 1.56005 1.57021 1.58186 1.59508 1.60987 1.62625 1.64417 1.66354 1.68425 1.70615 1.72905 1.75275 1.777 1.80158 1.82622 1.85069 1.87472 1.8981 1.92061 1.94205 1.96224 1.98104 1.99832 2.01398 2.02792 2.04009 2.05043 2.05891 2.06549 2.07017 2.07291 2.07373 2.07261 2.06956 2.06457 2.05766 2.04886 2.03818 2.02566 2.01137 1.99538 1.97778 1.95868 1.93824 1.9166 1.89397 1.87053 1.84653 1.8222 1.79777 1.77351 1.74965 1.72643 1.70406 1.68274 1.66262 1.64384 1.62649 1.61065 1.59632 1.58352 1.5722 1.5623 1.55375 1.54645 1.54028 1.53514 1.53091 1.52748 1.52474 1.52259 1.52094 1.51971 1.51882 1.51821 1.51782 1.51762 1.51757 1.51762 1.51777 1.51798 
1.51126 1.51157 1.51193 1.51235 1.51283 1.51339 1.51406 1.51488 1.51589 1.51717 1.51878 1.52081 1.52337 1.52658 1.53057 1.53546 1.54141 1.54855 1.55702 1.56694 1.57842 1.59154 1.60636 1.62289 1.64112 1.66097 1.68234 1.7051 1.72905 1.754 1.7797 1.8059 1.83232 1.85871 1.88478 1.9103 1.93501 1.95871 1.98119 2.00229 2.02185 2.03978 2.05597 2.07035 2.08286 2.09348 2.10216 2.1089 2.11368 2.1165 2.11734 2.11622 2.11311 2.10804 2.10098 2.09197 2.08101 2.06814 2.05339 2.03682 2.01853 1.99861 1.9772 1.95445 1.93055 1.90571 1.88016 1.85414 1.82792 1.80176 1.77594 1.7507 1.72629 1.70293 1.68081 1.66009 1.64088 1.62326 1.60729 1.59296 1.58025 1.5691 1.55943 1.55115 1.54413 1.53827 1.53342 1.52948 1.52631 1.52382 1.52189 1.52043 1.51936 1.51862 1.51813 1.51785 1.51773 1.51775 1.51786 1.51805 
1.51133 1.51164 1.51201 1.51245 1.51296 1.51358 1.51432 1.51524 1.51639 1.51785 1.51969 1.52202 1.52496 1.52864 1.53319 1.53877 1.54553 1.55361 1.56317 1.57434 1.5872 1.60186 1.61834 1.63665 1.65676 1.67857 1.70196 1.72675 1.75275 1.7797 1.80734 1.8354 1.86358 1.89159 1.91916 1.94601 1.97192 1.99664 2.02001 2.04185 2.06204 2.08046 2.09704 2.11173 2.12448 2.13527 2.14408 2.15091 2.15576 2.15862 2.15949 2.15837 2.15526 2.15014 2.14302 2.1339 2.12277 2.10965 2.09458 2.07759 2.05876 2.03817 2.01595 1.99224 1.96723 1.94112 1.91414 1.88655 1.85864 1.83067 1.80294 1.77573 1.74931 1.72393 1.6998 1.6771 1.65599 1.63656 1.61888 1.60297 1.58881 1.57636 1.56552 1.5562 1.54829 1.54165 1.53615 1.53165 1.52803 1.52516 1.52292 1.52122 1.51996 1.51907 1.51846 1.5181 1.51792 1.51788 1.51796 1.51814 
1.51141 1.51172 1.5121 1.51256 1.51311 1.51378 1.51461 1.51564 1.51694 1.51859 1.52069 1.52335 1.52669 1.53087 1.53603 1.54233 1.54995 1.55904 1.56974 1.58219 1.5965 1.61273 1.63091 1.65104 1.67304 1.69682 1.72221 1.74902 1.777 1.8059 1.8354 1.86522 1.89503 1.92453 1.95344 1.98148 2.0084 2.034 2.05808 2.0805 2.10114 2.11991 2.13675 2.15162 2.16449 2.17536 2.18422 2.19108 2.19595 2.19883 2.19972 2.19863 2.19554 2.19044 2.18332 2.17417 2.16298 2.14975 2.13449 2.11723 2.09801 2.07692 2.05406 2.02956 2.0036 1.97638 1.94813 1.91911 1.88962 1.85994 1.8304 1.80129 1.7729 1.74553 1.7194 1.69474 1.67171 1.65045 1.63104 1.6135 1.59785 1.58403 1.57198 1.56158 1.55272 1.54527 1.53907 1.53399 1.52988 1.5266 1.52404 1.52208 1.52062 1.51956 1.51883 1.51837 1.51812 1.51803 1.51808 1.51823 
1.51149 1.5118 1.5122 1.51268 1.51328 1.51401 1.51493 1.51608 1.51754 1.5194 1.52177 1.52478 1.52855 1.53326 1.53906 1.54614 1.55465 1.56478 1.57667 1.59045 1.60623 1.62406 1.64397 1.66591 1.68982 1.71555 1.74291 1.77168 1.80158 1.83232 1.86358 1.89503 1.92633 1.95718 1.98727 2.01632 2.04409 2.07038 2.095 2.11784 2.13877 2.15774 2.17469 2.18961 2.20249 2.21334 2.22218 2.22901 2.23386 2.23674 2.23765 2.23659 2.23356 2.22853 2.22149 2.2124 2.20126 2.18803 2.17272 2.15533 2.1359 2.11447 2.09114 2.06602 2.03929 2.01112 1.98176 1.95147 1.92054 1.88929 1.85804 1.82712 1.79685 1.76753 1.73945 1.71284 1.68791 1.6648 1.64364 1.62446 1.60728 1.59207 1.57876 1.56724 1.5574 1.5491 1.54217 1.53647 1.53185 1.52815 1.52525 1.52301 1.52132 1.52009 1.51923 1.51866 1.51833 1.51819 1.5182 1.51833 
1.51158 1.5119 1.5123 1.51282 1.51346 1.51426 1.51527 1.51655 1.51819 1.52028 1.52294 1.52631 1.53054 1.5358 1.54228 1.55015 1.55959 1.57079 1.58389 1.59903 1.61631 1.63576 1.65739 1.68115 1.70693 1.73456 1.76384 1.79449 1.82622 1.85871 1.89159 1.92453 1.95718 1.9892 2.0203 2.05018 2.07863 2.10543 2.13043 2.15351 2.17458 2.1936 2.21054 2.22539 2.23818 2.24892 2.25765 2.2644 2.26919 2.27204 2.27296 2.27196 2.26901 2.2641 2.2572 2.24826 2.23726 2.22416 2.20893 2.19155 2.17205 2.15045 2.12682 2.10127 2.07394 2.04501 2.01471 1.98331 1.9511 1.91841 1.88558 1.85296 1.8209 1.78972 1.75974 1.73123 1.70442 1.67949 1.65657 1.63574 1.61702 1.6004 1.5858 1.57315 1.5623 1.55311 1.54543 1.53909 1.53393 1.52979 1.52652 1.52399 1.52207 1.52066 1.51965 1.51898 1.51857 1.51837 1.51833 1.51843 
1.51168 1.512 1.51242 1.51297 1.51366 1.51453 1.51564 1.51706 1.51888 1.52121 1.52417 1.52792 1.53263 1.53847 1.54564 1.55433 1.56472 1.57701 1.59135 1.60786 1.62663 1.64769 1.67103 1.69658 1.72419 1.75368 1.78479 1.81724 1.85069 1.88478 1.91916 1.95344 1.98727 2.0203 2.05222 2.08277 2.11171 2.13886 2.16406 2.18723 2.20829 2.22723 2.24402 2.2587 2.2713 2.28185 2.29042 2.29703 2.30172 2.30453 2.30546 2.30452 2.30168 2.29693 2.29022 2.28151 2.27074 2.25786 2.24283 2.22561 2.20618 2.18457 2.16081 2.13499 2.10724 2.07773 2.04667 2.01433 1.981 1.94703 1.91276 1.87857 1.84482 1.81188 1.78008 1.74973 1.72109 1.69436 1.66971 1.64724 1.62698 1.60894 1.59305 1.57923 1.56736 1.55727 1.54882 1.54182 1.5361 1.5315 1.52786 1.52502 1.52286 1.52126 1.5201 1.51931 1.51882 1.51855 1.51848 1.51855 
1.51179 1.5121 1.51254 1.51312 1.51386 1.51481 1.51603 1.5176 1.51961 1.52218 1.52546 1.52961 1.5348 1.54124 1.54911 1.55863 1.57 1.58339 1.59896 1.61684 1.63709 1.65975 1.68476 1.71205 1.74143 1.77269 1.80555 1.83968 1.87472 1.9103 1.94601 1.98148 2.01632 2.05018 2.08277 2.11381 2.14308 2.1704 2.19566 2.21877 2.23969 2.25842 2.27496 2.28937 2.30169 2.31199 2.32033 2.32676 2.33133 2.33407 2.33501 2.33413 2.33143 2.32688 2.32041 2.31199 2.30153 2.28896 2.27423 2.25728 2.23806 2.21658 2.19284 2.16692 2.13892 2.10899 2.07735 2.04424 2.00997 1.97487 1.93931 1.90369 1.86838 1.83379 1.80027 1.76816 1.73775 1.70928 1.68293 1.65884 1.63706 1.6176 1.60043 1.58545 1.57253 1.56154 1.5523 1.54463 1.53835 1.53328 1.52925 1.5261 1.52369 1.52188 1.52057 1.51967 1.51908 1.51875 1.51863 1.51867 
1.5119 1.51222 1.51267 1.51328 1.51408 1.51511 1.51644 1.51816 1.52036 1.52319 1.5268 1.53135 1.53704 1.54408 1.55267 1.56302 1.57536 1.58984 1.60664 1.62587 1.64758 1.67179 1.69843 1.72739 1.75846 1.7914 1.8259 1.86159 1.8981 1.93501 1.97192 2.0084 2.04409 2.07863 2.11171 2.14308 2.17252 2.19988 2.22505 2.24797 2.26863 2.28704 2.30324 2.3173 2.32928 2.33926 2.34733 2.35354 2.35796 2.36062 2.36156 2.36076 2.35821 2.35387 2.34769 2.3396 2.32951 2.31734 2.303 2.28642 2.26753 2.2463 2.22273 2.19685 2.16876 2.13858 2.10652 2.07281 2.03775 2.00169 1.965 1.92808 1.89135 1.85523 1.82009 1.78631 1.75422 1.72407 1.69609 1.67042 1.64715 1.62631 1.60785 1.59172 1.57777 1.56587 1.55584 1.5475 1.54065 1.5351 1.53068 1.52721 1.52454 1.52253 1.52106 1.52003 1.51935 1.51896 1.51879 1.5188 
1.51202 1.51234 1.51281 1.51346 1.51431 1.51542 1.51686 1.51873 1.52114 1.52423 1.52816 1.53312 1.53931 1.54695 1.55625 1.56745 1.58073 1.5963 1.6143 1.63485 1.65798 1.68368 1.71189 1.74244 1.77511 1.80963 1.84565 1.88278 1.92061 1.95871 1.99664 2.034 2.07038 2.10543 2.13886 2.1704 2.19988 2.22714 2.2521 2.27473 2.29503 2.31304 2.32882 2.34246 2.35404 2.36367 2.37142 2.37739 2.38164 2.38422 2.38514 2.38442 2.38203 2.37794 2.37207 2.36435 2.35468 2.34296 2.32909 2.31296 2.29449 2.27362 2.25033 2.22463 2.19658 2.1663 2.13397 2.09981 2.06413 2.02726 1.98959 1.95153 1.91352 1.87599 1.83936 1.80403 1.77034 1.7386 1.70905 1.68186 1.65715 1.63495 1.61525 1.59798 1.58302 1.57022 1.55941 1.55039 1.54297 1.53694 1.53212 1.52833 1.5254 1.52319 1.52156 1.5204 1.51963 1.51917 1.51895 1.51893 
1.51214 1.51246 1.51295 1.51363 1.51454 1.51574 1.5173 1.51932 1.52193 1.52528 1.52954 1.5349 1.54159 1.54982 1.55983 1.57184 1.58606 1.60269 1.62186 1.64367 1.66816 1.6953 1.72498 1.75704 1.79121 1.82719 1.8646 1.90303 1.94205 1.98119 2.02001 2.05808 2.095 2.13043 2.16406 2.19566 2.22505 2.2521 2.27676 2.29901 2.31887 2.33641 2.35171 2.36488 2.37603 2.38527 2.39269 2.3984 2.40246 2.40494 2.40585 2.40521 2.40299 2.39914 2.39361 2.38628 2.37707 2.36584 2.35248 2.33687 2.3189 2.29848 2.27557 2.25015 2.22226 2.19201 2.15954 2.12509 2.08893 2.0514 2.0129 1.97385 1.93469 1.89589 1.85789 1.82111 1.78594 1.7527 1.72167 1.69303 1.66694 1.64343 1.62253 1.60415 1.5882 1.57452 1.56294 1.55326 1.54528 1.53878 1.53357 1.52946 1.52627 1.52385 1.52206 1.52078 1.51992 1.51938 1.51911 1.51907 
1.51226 1.51258 1.51309 1.51381 1.51478 1.51606 1.51773 1.5199 1.52272 1.52632 1.53091 1.53667 1.54384 1.55266 1.56335 1.57615 1.59128 1.60892 1.62921 1.65223 1.67801 1.7065 1.73758 1.77103 1.80659 1.8439 1.88258 1.92218 1.96224 2.00229 2.04185 2.0805 2.11784 2.15351 2.18723 2.21877 2.24797 2.27473 2.29901 2.32081 2.34018 2.3572 2.37199 2.38467 2.39535 2.40418 2.41126 2.41669 2.42056 2.42293 2.42383 2.42327 2.42121 2.41763 2.41243 2.40551 2.39677 2.38606 2.37325 2.35819 2.34076 2.32086 2.2984 2.27335 2.24573 2.21561 2.18313 2.1485 2.11199 2.07394 2.03475 1.99484 1.95469 1.91475 1.87551 1.83741 1.80087 1.76623 1.73381 1.70381 1.6764 1.65166 1.6296 1.61017 1.59326 1.57874 1.56641 1.55609 1.54756 1.5406 1.535 1.53058 1.52713 1.52451 1.52256 1.52116 1.5202 1.5196 1.51928 1.51921 
1.51238 1.5127 1.51323 1.51398 1.51501 1.51637 1.51816 1.52048 1.52349 1.52735 1.53225 1.5384 1.54604 1.55542 1.56677 1.58033 1.59632 1.61492 1.63626 1.66043 1.68742 1.71717 1.74953 1.78427 1.8211 1.85963 1.89944 1.94008 1.98104 2.02185 2.06204 2.10114 2.13877 2.17458 2.20829 2.23969 2.26863 2.29503 2.31887 2.34018 2.35902 2.37551 2.38977 2.40193 2.41215 2.42056 2.42729 2.43245 2.43612 2.43838 2.43927 2.43878 2.43689 2.43355 2.42869 2.42218 2.41391 2.40373 2.39148 2.377 2.36015 2.3408 2.31884 2.29422 2.26693 2.23703 2.20463 2.16994 2.1332 2.09476 2.055 2.01437 1.97335 1.93241 1.89206 1.85277 1.81497 1.77905 1.74534 1.71407 1.68544 1.65953 1.63639 1.61595 1.59814 1.58281 1.56977 1.55883 1.54977 1.54236 1.5364 1.53167 1.52798 1.52516 1.52305 1.52153 1.52048 1.51981 1.51945 1.51934 
1.5125 1.51282 1.51337 1.51416 1.51524 1.51668 1.51858 1.52105 1.52424 1.52834 1.53354 1.54006 1.54815 1.55806 1.57003 1.58431 1.60111 1.62061 1.64294 1.66816 1.69627 1.72718 1.76072 1.79664 1.8346 1.87422 1.91504 1.95657 1.99832 2.03978 2.08046 2.11991 2.15774 2.1936 2.22723 2.25842 2.28704 2.31304 2.33641 2.3572 2.37551 2.39145 2.40517 2.41684 2.42659 2.43459 2.44097 2.44586 2.44935 2.4515 2.45237 2.45194 2.45021 2.44712 2.44258 2.43647 2.42867 2.419 2.40731 2.39341 2.37715 2.35837 2.33694 2.31279 2.28589 2.25626 2.22402 2.18934 2.15247 2.11374 2.07354 2.03231 1.99054 1.94873 1.9074 1.86705 1.82812 1.79103 1.75614 1.72371 1.69395 1.66696 1.6428 1.62143 1.60277 1.58668 1.57297 1.56145 1.55189 1.54406 1.53774 1.53272 1.52879 1.52578 1.52353 1.52189 1.52075 1.52002 1.51961 1.51948 
1.51261 1.51294 1.5135 1.51432 1.51546 1.51698 1.51898 1.52159 1.52496 1.52928 1.53477 1.54164 1.55014 1.56055 1.5731 1.58804 1.60559 1.62592 1.64915 1.67534 1.70447 1.73643 1.77103 1.808 1.84698 1.88755 1.92925 1.97157 2.01398 2.05597 2.09704 2.13675 2.17469 2.21054 2.24402 2.27496 2.30324 2.32882 2.35171 2.37199 2.38977 2.40517 2.41838 2.42955 2.43886 2.44647 2.45253 2.45715 2.46046 2.46251 2.46335 2.46299 2.46141 2.45855 2.45431 2.44858 2.44122 2.43205 2.4209 2.40757 2.39188 2.37366 2.35277 2.3291 2.30261 2.2733 2.24127 2.20667 2.16975 2.13082 2.09027 2.04855 2.00615 1.9636 1.92141 1.88011 1.84018 1.80206 1.7661 1.73262 1.70182 1.67385 1.64877 1.62654 1.6071 1.5903 1.57597 1.5639 1.55388 1.54565 1.539 1.53371 1.52956 1.52637 1.52398 1.52223 1.52101 1.52021 1.51976 1.5196 
1.51272 1.51305 1.51363 1.51448 1.51567 1.51725 1.51935 1.52209 1.52563 1.53016 1.5359 1.54309 1.55199 1.56284 1.57592 1.59147 1.60969 1.63077 1.65482 1.68188 1.71192 1.74482 1.78036 1.81825 1.85812 1.89953 1.94198 1.98496 2.02792 2.07035 2.11173 2.15162 2.18961 2.22539 2.2587 2.28937 2.3173 2.34246 2.36488 2.38467 2.40193 2.41684 2.42955 2.44027 2.44916 2.4564 2.46215 2.46654 2.46967 2.47163 2.47245 2.47215 2.4707 2.46805 2.46409 2.45872 2.45176 2.44306 2.43241 2.41961 2.40447 2.38679 2.36642 2.34323 2.31715 2.28818 2.25638 2.22191 2.18499 2.14593 2.10511 2.063 2.02008 1.9769 1.93398 1.89186 1.85106 1.81201 1.77512 1.7407 1.70899 1.68013 1.65421 1.63121 1.61106 1.59362 1.57873 1.56617 1.55571 1.54713 1.54018 1.53463 1.53028 1.52693 1.5244 1.52255 1.52125 1.5204 1.51991 1.51972 
1.51282 1.51315 1.51374 1.51463 1.51586 1.51751 1.51969 1.52255 1.52624 1.53096 1.53694 1.54441 1.55365 1.56491 1.57846 1.59454 1.61337 1.63512 1.65988 1.68771 1.71854 1.75225 1.78861 1.8273 1.86793 1.91005 1.95314 1.99667 2.04009 2.08286 2.12448 2.16449 2.20249 2.23818 2.2713 2.30169 2.32928 2.35404 2.37603 2.39535 2.41215 2.42659 2.43886 2.44916 2.45768 2.46459 2.47006 2.47423 2.47721 2.47908 2.47988 2.47963 2.4783 2.47583 2.47213 2.46707 2.46049 2.4522 2.44201 2.4297 2.41506 2.39788 2.37799 2.35525 2.32957 2.30093 2.26938 2.23506 2.19817 2.15904 2.11803 2.07561 2.03227 1.98855 1.94501 1.90221 1.86065 1.82081 1.7831 1.74786 1.71535 1.68572 1.65906 1.63538 1.6146 1.5966 1.5812 1.5682 1.55737 1.54846 1.54124 1.53547 1.53093 1.52743 1.52478 1.52284 1.52147 1.52057 1.52004 1.51984 
1.51291 1.51324 1.51385 1.51476 1.51603 1.51774 1.52 1.52296 1.52678 1.53167 1.53785 1.54558 1.55511 1.56672 1.58068 1.59723 1.61657 1.63889 1.66427 1.69275 1.72426 1.75866 1.7957 1.83507 1.87634 1.91905 1.96267 2.00665 2.05043 2.09348 2.13527 2.17536 2.21334 2.24892 2.28185 2.31199 2.33926 2.36367 2.38527 2.40418 2.42056 2.43459 2.44647 2.4564 2.46459 2.47121 2.47644 2.48042 2.48327 2.48506 2.48584 2.48563 2.4844 2.4821 2.47862 2.47383 2.46757 2.45965 2.44987 2.43798 2.42378 2.40705 2.38759 2.36526 2.33994 2.31161 2.2803 2.24612 2.2093 2.17013 2.12898 2.08631 2.04263 1.99849 1.95444 1.91106 1.86887 1.82836 1.78997 1.75404 1.72084 1.69056 1.66327 1.639 1.61768 1.59919 1.58336 1.56998 1.55882 1.54963 1.54217 1.5362 1.5315 1.52787 1.52513 1.5231 1.52167 1.52072 1.52016 1.51994 
1.51299 1.51332 1.51394 1.51487 1.51617 1.51793 1.52026 1.5233 1.52724 1.53227 1.53862 1.54656 1.55635 1.56825 1.58255 1.59948 1.61925 1.64204 1.66793 1.69694 1.72901 1.76397 1.80158 1.84149 1.88328 1.92646 1.9705 2.01484 2.05891 2.10216 2.14408 2.18422 2.22218 2.25765 2.29042 2.32033 2.34733 2.37142 2.39269 2.41126 2.42729 2.44097 2.45253 2.46215 2.47006 2.47644 2.48147 2.48529 2.48802 2.48975 2.49052 2.49034 2.4892 2.48703 2.48373 2.47917 2.47319 2.46557 2.45612 2.4446 2.43078 2.41442 2.39533 2.37334 2.34834 2.32027 2.28916 2.25513 2.21837 2.17919 2.13794 2.09509 2.05114 2.00666 1.96221 1.91836 1.87566 1.83462 1.79566 1.75917 1.72541 1.69458 1.66678 1.64202 1.62026 1.60137 1.58518 1.57148 1.56004 1.55061 1.54296 1.53682 1.53199 1.52825 1.52542 1.52333 1.52184 1.52085 1.52027 1.52002 
1.51305 1.51339 1.51402 1.51497 1.5163 1.51809 1.52048 1.52359 1.52761 1.53275 1.53925 1.54735 1.55733 1.56947 1.58404 1.60127 1.62138 1.64453 1.67081 1.70024 1.73274 1.76814 1.80618 1.84651 1.88869 1.93224 1.9766 2.02121 2.06549 2.1089 2.15091 2.19108 2.22901 2.2644 2.29703 2.32676 2.35354 2.37739 2.3984 2.41669 2.43245 2.44586 2.45715 2.46654 2.47423 2.48042 2.48529 2.48899 2.49163 2.4933 2.49406 2.49391 2.49284 2.49077 2.48762 2.48324 2.47747 2.4701 2.46091 2.44967 2.43614 2.42008 2.40128 2.37957 2.35481 2.32696 2.29602 2.2621 2.2254 2.18621 2.14489 2.10191 2.05776 2.01302 1.96826 1.92405 1.88097 1.83951 1.80012 1.76319 1.729 1.69775 1.66955 1.64442 1.6223 1.6031 1.58662 1.57267 1.56102 1.55141 1.54359 1.53733 1.53239 1.52856 1.52565 1.52351 1.52198 1.52096 1.52035 1.52009 
1.5131 1.51344 1.51407 1.51504 1.51639 1.51822 1.52064 1.5238 1.52789 1.53312 1.53971 1.54794 1.55806 1.57037 1.58512 1.60257 1.62292 1.64633 1.6729 1.70262 1.73542 1.77112 1.80946 1.85009 1.89255 1.93635 1.98093 2.02573 2.07017 2.11368 2.15576 2.19595 2.23386 2.26919 2.30172 2.33133 2.35796 2.38164 2.40246 2.42056 2.43612 2.44935 2.46046 2.46967 2.47721 2.48327 2.48802 2.49163 2.49421 2.49584 2.49659 2.49646 2.49544 2.49345 2.4904 2.48615 2.48053 2.47333 2.46434 2.4533 2.43998 2.42412 2.40553 2.38401 2.35942 2.33171 2.30089 2.26706 2.2304 2.1912 2.14983 2.10675 2.06246 2.01754 1.97256 1.92811 1.88474 1.84299 1.80331 1.76607 1.73158 1.70003 1.67154 1.64614 1.62379 1.60435 1.58768 1.57355 1.56174 1.55199 1.54406 1.5377 1.53268 1.52879 1.52583 1.52364 1.52209 1.52104 1.52042 1.52015 
1.51314 1.51348 1.51412 1.51509 1.51645 1.5183 1.52075 1.52394 1.52807 1.53335 1.54001 1.5483 1.55852 1.57092 1.58579 1.60337 1.62386 1.64742 1.67415 1.70404 1.73701 1.77289 1.81141 1.8522 1.89482 1.93876 1.98348 2.02839 2.07291 2.1165 2.15862 2.19883 2.23674 2.27204 2.30453 2.33407 2.36062 2.38422 2.40494 2.42293 2.43838 2.4515 2.46251 2.47163 2.47908 2.48506 2.48975 2.4933 2.49584 2.49746 2.4982 2.49809 2.49709 2.49515 2.49216 2.48799 2.48245 2.47536 2.46647 2.45555 2.44234 2.4266 2.40812 2.3867 2.36221 2.33457 2.30381 2.27001 2.23336 2.19415 2.15274 2.1096 2.06523 2.02019 1.97509 1.93049 1.88697 1.84505 1.80519 1.76778 1.73311 1.70139 1.67274 1.64719 1.62468 1.60512 1.58832 1.57409 1.56218 1.55236 1.54436 1.53794 1.53287 1.52894 1.52595 1.52374 1.52216 1.5211 1.52046 1.52019 
