6.6958 6.69599 6.6963 6.69674 6.69731 6.698 6.69881 6.69975 6.70082 6.70201 6.70332 6.70475 6.7063 6.70797 6.70975 6.71165 6.71365 6.71576 6.71797 6.72027 6.72267 6.72514 6.72769 6.7303 6.73298 6.7357 6.73846 6.74124 6.74404 6.74685 6.74965 6.75242 6.75516 6.75785 6.76048 6.76303 6.7655 6.76786 6.77011 6.77223 6.77421 6.77605 6.77772 6.77922 6.78054 6.78167 6.78261 6.78335 6.78389 6.78422 6.78435 6.78426 6.78397 6.78347 6.78277 6.78187 6.78078 6.77951 6.77806 6.77644 6.77467 6.77274 6.77069 6.76851 6.76622 6.76384 6.76137 6.75883 6.75623 6.7536 6.75093 6.74825 6.74556 6.74289 6.74023 6.73761 6.73504 6.73251 6.73005 6.72767 6.72536 6.72315 6.72102 6.719 6.71708 6.71528 6.71359 6.71201 6.71055 6.70922 6.70801 6.70693 6.70597 6.70514 6.70443 6.70386 6.70341 6.70309 6.70289 6.70283 
6.69599 6.69618 6.69649 6.69693 6.6975 6.69819 6.69901 6.69996 6.70103 6.70222 6.70354 6.70498 6.70654 6.70822 6.71001 6.71192 6.71393 6.71605 6.71827 6.72059 6.723 6.72548 6.72805 6.73068 6.73337 6.73611 6.73888 6.74168 6.7445 6.74732 6.75014 6.75293 6.75568 6.75839 6.76104 6.7636 6.76608 6.76846 6.77072 6.77286 6.77485 6.7767 6.77838 6.77989 6.78121 6.78236 6.7833 6.78405 6.78459 6.78492 6.78504 6.78496 6.78466 6.78416 6.78346 6.78255 6.78146 6.78017 6.77871 6.77709 6.7753 6.77337 6.7713 6.76911 6.7668 6.7644 6.76192 6.75937 6.75675 6.7541 6.75142 6.74872 6.74602 6.74333 6.74066 6.73802 6.73543 6.73289 6.73041 6.72801 6.72569 6.72346 6.72133 6.71929 6.71736 6.71555 6.71384 6.71226 6.71079 6.70945 6.70824 6.70714 6.70618 6.70534 6.70464 6.70405 6.7036 6.70328 6.70308 6.70301 
6.6963 6.69649 6.69681 6.69725 6.69783 6.69853 6.69936 6.70032 6.70141 6.70262 6.70395 6.70541 6.70699 6.7087 6.71051 6.71245 6.71449 6.71664 6.7189 6.72125 6.72369 6.72622 6.72882 6.73149 6.73422 6.73699 6.73981 6.74265 6.74551 6.74837 6.75123 6.75406 6.75686 6.7596 6.76229 6.76489 6.76741 6.76982 6.77211 6.77428 6.7763 6.77817 6.77987 6.7814 6.78275 6.78391 6.78486 6.78562 6.78617 6.7865 6.78663 6.78654 6.78624 6.78573 6.78502 6.7841 6.78298 6.78168 6.7802 6.77855 6.77674 6.77478 6.77268 6.77045 6.76811 6.76568 6.76316 6.76056 6.75791 6.75522 6.7525 6.74976 6.74702 6.74428 6.74157 6.7389 6.73626 6.73369 6.73117 6.72874 6.72638 6.72412 6.72195 6.71988 6.71792 6.71608 6.71435 6.71273 6.71125 6.70988 6.70865 6.70754 6.70656 6.70571 6.70498 6.70439 6.70393 6.7036 6.7034 6.70333 
6.69674 6.69693 6.69725 6.69771 6.69829 6.69901 6.69986 6.70084 6.70195 6.70319 6.70455 6.70605 6.70766 6.7094 6.71127 6.71324 6.71534 6.71754 6.71985 6.72225 6.72475 6.72733 6.72999 6.73273 6.73552 6.73836 6.74124 6.74415 6.74707 6.75 6.75292 6.75582 6.75868 6.76148 6.76423 6.76689 6.76946 6.77193 6.77427 6.77649 6.77855 6.78046 6.7822 6.78377 6.78514 6.78632 6.7873 6.78807 6.78863 6.78897 6.7891 6.78901 6.7887 6.78818 6.78744 6.7865 6.78537 6.78403 6.78252 6.78083 6.77897 6.77697 6.77482 6.77254 6.77015 6.76766 6.76508 6.76242 6.75971 6.75696 6.75417 6.75136 6.74856 6.74576 6.74298 6.74024 6.73755 6.73491 6.73234 6.72984 6.72743 6.72511 6.72288 6.72076 6.71876 6.71686 6.71509 6.71344 6.71191 6.71051 6.70924 6.7081 6.7071 6.70622 6.70548 6.70487 6.7044 6.70406 6.70385 6.70377 
6.69731 6.6975 6.69783 6.69829 6.6989 6.69963 6.70051 6.70151 6.70266 6.70393 6.70534 6.70688 6.70855 6.71034 6.71226 6.7143 6.71646 6.71873 6.72111 6.72359 6.72617 6.72883 6.73158 6.7344 6.73727 6.7402 6.74317 6.74617 6.74919 6.7522 6.75521 6.75819 6.76114 6.76403 6.76686 6.7696 6.77225 6.77479 6.7772 6.77948 6.78161 6.78357 6.78536 6.78697 6.78839 6.7896 6.79061 6.7914 6.79197 6.79232 6.79245 6.79236 6.79204 6.7915 6.79074 6.78977 6.78859 6.78722 6.78566 6.78392 6.782 6.77993 6.77772 6.77537 6.77291 6.77034 6.76768 6.76494 6.76215 6.7593 6.75643 6.75354 6.75064 6.74775 6.74489 6.74206 6.73928 6.73655 6.7339 6.73132 6.72883 6.72643 6.72413 6.72194 6.71987 6.71791 6.71608 6.71437 6.71279 6.71134 6.71003 6.70885 6.7078 6.7069 6.70613 6.70549 6.705 6.70464 6.70442 6.70434 
6.698 6.69819 6.69853 6.69901 6.69963 6.7004 6.7013 6.70235 6.70353 6.70486 6.70632 6.70792 6.70965 6.71151 6.71351 6.71563 6.71787 6.72023 6.7227 6.72527 6.72795 6.73072 6.73357 6.73649 6.73948 6.74252 6.7456 6.74872 6.75184 6.75498 6.7581 6.76119 6.76425 6.76725 6.77018 6.77302 6.77576 6.7784 6.7809 6.78326 6.78546 6.78749 6.78935 6.79101 6.79248 6.79374 6.79478 6.79559 6.79619 6.79655 6.79668 6.79658 6.79624 6.79568 6.79489 6.79389 6.79267 6.79124 6.78962 6.78781 6.78582 6.78368 6.78138 6.77894 6.77638 6.77372 6.77095 6.76811 6.76521 6.76226 6.75927 6.75627 6.75326 6.75026 6.74728 6.74434 6.74145 6.73862 6.73586 6.73318 6.73058 6.72809 6.7257 6.72342 6.72126 6.71922 6.71731 6.71552 6.71388 6.71237 6.71099 6.70976 6.70867 6.70772 6.70692 6.70625 6.70573 6.70536 6.70512 6.70503 
6.69881 6.69901 6.69936 6.69986 6.70051 6.7013 6.70224 6.70334 6.70457 6.70596 6.70748 6.70915 6.71096 6.71291 6.71499 6.71721 6.71955 6.72202 6.7246 6.72729 6.73009 6.73298 6.73596 6.73902 6.74214 6.74531 6.74853 6.75178 6.75505 6.75831 6.76157 6.7648 6.76799 6.77112 6.77417 6.77714 6.78 6.78274 6.78535 6.78781 6.7901 6.79222 6.79415 6.79589 6.79741 6.79872 6.7998 6.80065 6.80126 6.80164 6.80177 6.80166 6.80131 6.80072 6.7999 6.79885 6.79757 6.79608 6.79439 6.7925 6.79043 6.78819 6.78579 6.78324 6.78057 6.77778 6.7749 6.77193 6.7689 6.76582 6.7627 6.75956 6.75641 6.75328 6.75017 6.74709 6.74407 6.7411 6.73821 6.7354 6.73269 6.73008 6.72757 6.72518 6.72292 6.72078 6.71877 6.71691 6.71518 6.71359 6.71215 6.71085 6.7097 6.7087 6.70785 6.70715 6.7066 6.7062 6.70595 6.70585 
6.69975 6.69996 6.70032 6.70084 6.70151 6.70235 6.70334 6.70448 6.70578 6.70723 6.70883 6.71059 6.71249 6.71454 6.71673 6.71905 6.72152 6.72411 6.72682 6.72965 6.73259 6.73562 6.73875 6.74196 6.74524 6.74857 6.75195 6.75536 6.75879 6.76222 6.76563 6.76902 6.77236 6.77564 6.77884 6.78195 6.78495 6.78782 6.79055 6.79312 6.79552 6.79774 6.79976 6.80158 6.80317 6.80454 6.80567 6.80655 6.80719 6.80758 6.80772 6.8076 6.80723 6.80661 6.80575 6.80464 6.8033 6.80174 6.79996 6.79798 6.79581 6.79345 6.79093 6.78827 6.78546 6.78254 6.77951 6.7764 6.77321 6.76997 6.7667 6.7634 6.7601 6.7568 6.75353 6.7503 6.74712 6.744 6.74096 6.738 6.73515 6.73239 6.72976 6.72724 6.72485 6.7226 6.72048 6.71851 6.71668 6.71501 6.71348 6.71211 6.7109 6.70984 6.70894 6.70819 6.70761 6.70718 6.70691 6.7068 
6.70082 6.70103 6.70141 6.70195 6.70266 6.70353 6.70457 6.70578 6.70715 6.70868 6.71037 6.71222 6.71423 6.71639 6.7187 6.72116 6.72375 6.72649 6.72935 6.73234 6.73544 6.73864 6.74194 6.74532 6.74878 6.75229 6.75586 6.75945 6.76306 6.76667 6.77027 6.77383 6.77735 6.7808 6.78417 6.78744 6.7906 6.79362 6.79649 6.79919 6.80172 6.80405 6.80617 6.80808 6.80975 6.81118 6.81237 6.8133 6.81397 6.81437 6.81451 6.81439 6.81399 6.81334 6.81242 6.81126 6.80985 6.8082 6.80633 6.80424 6.80195 6.79947 6.79681 6.794 6.79105 6.78797 6.78478 6.78149 6.77814 6.77472 6.77126 6.76779 6.7643 6.76082 6.75737 6.75396 6.7506 6.74731 6.74409 6.74097 6.73795 6.73504 6.73225 6.72958 6.72706 6.72467 6.72243 6.72034 6.7184 6.71662 6.715 6.71355 6.71225 6.71113 6.71017 6.70937 6.70875 6.70829 6.70799 6.70787 
6.70201 6.70222 6.70262 6.70319 6.70393 6.70486 6.70596 6.70723 6.70868 6.7103 6.71209 6.71405 6.71617 6.71846 6.72091 6.72351 6.72626 6.72916 6.73219 6.73535 6.73864 6.74203 6.74552 6.7491 6.75276 6.75647 6.76024 6.76404 6.76786 6.77167 6.77547 6.77924 6.78296 6.7866 6.79016 6.79361 6.79694 6.80013 6.80315 6.80601 6.80867 6.81113 6.81336 6.81537 6.81713 6.81864 6.81989 6.82086 6.82157 6.82199 6.82213 6.822 6.82158 6.82088 6.81992 6.81868 6.81719 6.81545 6.81347 6.81126 6.80884 6.80622 6.80341 6.80044 6.79732 6.79406 6.79068 6.78721 6.78366 6.78005 6.77639 6.77271 6.76902 6.76534 6.76168 6.75807 6.75451 6.75102 6.74761 6.7443 6.74109 6.738 6.73504 6.73221 6.72953 6.72699 6.7246 6.72238 6.72032 6.71843 6.7167 6.71515 6.71377 6.71257 6.71154 6.71069 6.71002 6.70952 6.7092 6.70906 
6.70332 6.70354 6.70395 6.70455 6.70534 6.70632 6.70748 6.70883 6.71037 6.71209 6.71399 6.71607 6.71833 6.72076 6.72336 6.72612 6.72904 6.73212 6.73534 6.7387 6.74218 6.74578 6.74948 6.75328 6.75716 6.7611 6.7651 6.76912 6.77317 6.77721 6.78124 6.78523 6.78916 6.79302 6.79679 6.80044 6.80396 6.80733 6.81053 6.81355 6.81636 6.81896 6.82132 6.82344 6.8253 6.82689 6.8282 6.82923 6.82997 6.83042 6.83057 6.83042 6.82997 6.82923 6.8282 6.8269 6.82531 6.82347 6.82137 6.81903 6.81646 6.81369 6.81071 6.80756 6.80425 6.8008 6.79722 6.79354 6.78978 6.78595 6.78207 6.77816 6.77425 6.77034 6.76646 6.76262 6.75883 6.75512 6.7515 6.74798 6.74457 6.74128 6.73813 6.73512 6.73226 6.72955 6.72701 6.72464 6.72244 6.72042 6.71858 6.71692 6.71545 6.71416 6.71306 6.71214 6.71142 6.71088 6.71054 6.71038 
6.70475 6.70498 6.70541 6.70605 6.70688 6.70792 6.70915 6.71059 6.71222 6.71405 6.71607 6.71828 6.72068 6.72327 6.72604 6.72898 6.73209 6.73536 6.73879 6.74236 6.74606 6.74989 6.75383 6.75786 6.76198 6.76617 6.77042 6.77469 6.77899 6.78328 6.78755 6.79178 6.79596 6.80005 6.80404 6.80791 6.81164 6.81521 6.8186 6.8218 6.82478 6.82752 6.83003 6.83227 6.83423 6.83591 6.8373 6.83839 6.83917 6.83964 6.83979 6.83963 6.83915 6.83836 6.83727 6.83588 6.8342 6.83224 6.83001 6.82753 6.82481 6.82186 6.8187 6.81536 6.81185 6.80818 6.80438 6.80047 6.79647 6.7924 6.78828 6.78413 6.77997 6.77581 6.77168 6.7676 6.76357 6.75962 6.75577 6.75202 6.74838 6.74488 6.74152 6.7383 6.73525 6.73236 6.72965 6.72712 6.72477 6.7226 6.72063 6.71886 6.71728 6.71589 6.71471 6.71373 6.71295 6.71237 6.71199 6.71182 
6.7063 6.70654 6.70699 6.70766 6.70855 6.70965 6.71096 6.71249 6.71423 6.71617 6.71833 6.72068 6.72324 6.726 6.72895 6.73208 6.73539 6.73888 6.74253 6.74633 6.75027 6.75435 6.75854 6.76284 6.76722 6.77168 6.77619 6.78073 6.7853 6.78986 6.7944 6.79889 6.80332 6.80767 6.81191 6.81601 6.81997 6.82376 6.82735 6.83074 6.8339 6.83681 6.83946 6.84183 6.84391 6.84569 6.84716 6.84831 6.84913 6.84962 6.84978 6.8496 6.84909 6.84825 6.84709 6.84561 6.84383 6.84174 6.83938 6.83674 6.83385 6.83071 6.82736 6.82381 6.82007 6.81618 6.81214 6.80799 6.80373 6.7994 6.79502 6.7906 6.78617 6.78175 6.77735 6.773 6.76871 6.7645 6.76039 6.75639 6.75252 6.74878 6.74519 6.74176 6.7385 6.73541 6.73251 6.7298 6.72729 6.72497 6.72286 6.72096 6.71926 6.71778 6.71651 6.71545 6.71461 6.71398 6.71357 6.71338 
6.70797 6.70822 6.7087 6.7094 6.71034 6.71151 6.71291 6.71454 6.71639 6.71846 6.72076 6.72327 6.726 6.72894 6.73208 6.73542 6.73895 6.74267 6.74655 6.75061 6.75481 6.75915 6.76361 6.76819 6.77285 6.7776 6.78239 6.78723 6.79209 6.79694 6.80176 6.80654 6.81125 6.81586 6.82036 6.82472 6.82892 6.83294 6.83676 6.84035 6.8437 6.84678 6.84959 6.8521 6.85431 6.85619 6.85775 6.85896 6.85983 6.86035 6.86051 6.86032 6.85977 6.85888 6.85764 6.85607 6.85417 6.85195 6.84944 6.84663 6.84356 6.84023 6.83667 6.83289 6.82892 6.82478 6.82048 6.81606 6.81154 6.80693 6.80226 6.79756 6.79284 6.78813 6.78345 6.77881 6.77424 6.76975 6.76537 6.7611 6.75696 6.75297 6.74914 6.74548 6.74199 6.73869 6.73559 6.73269 6.73 6.72752 6.72526 6.72321 6.7214 6.7198 6.71844 6.7173 6.71639 6.71572 6.71527 6.71505 
6.70975 6.71001 6.71051 6.71127 6.71226 6.71351 6.71499 6.71673 6.7187 6.72091 6.72336 6.72604 6.72895 6.73208 6.73543 6.73899 6.74276 6.74672 6.75086 6.75518 6.75966 6.76428 6.76904 6.77391 6.77887 6.78392 6.78903 6.79417 6.79934 6.80449 6.80962 6.8147 6.8197 6.82461 6.82938 6.83401 6.83847 6.84274 6.84679 6.8506 6.85415 6.85742 6.8604 6.86306 6.8654 6.86739 6.86904 6.87032 6.87124 6.87178 6.87195 6.87174 6.87116 6.87021 6.86889 6.86722 6.8652 6.86284 6.86017 6.85719 6.85392 6.85038 6.84659 6.84258 6.83836 6.83395 6.82938 6.82468 6.81987 6.81496 6.81 6.80499 6.79997 6.79495 6.78996 6.78502 6.78015 6.77536 6.77069 6.76613 6.76172 6.75746 6.75336 6.74945 6.74573 6.7422 6.73888 6.73578 6.7329 6.73024 6.72782 6.72563 6.72368 6.72197 6.7205 6.71928 6.7183 6.71757 6.71708 6.71685 
6.71165 6.71192 6.71245 6.71324 6.7143 6.71563 6.71721 6.71905 6.72116 6.72351 6.72612 6.72898 6.73208 6.73542 6.73899 6.74279 6.7468 6.75102 6.75544 6.76004 6.76481 6.76973 6.77479 6.77998 6.78527 6.79064 6.79607 6.80154 6.80703 6.81251 6.81796 6.82336 6.82867 6.83388 6.83895 6.84387 6.8486 6.85313 6.85742 6.86146 6.86523 6.86869 6.87185 6.87467 6.87715 6.87926 6.881 6.88236 6.88332 6.8839 6.88407 6.88385 6.88323 6.88221 6.88081 6.87903 6.87688 6.87438 6.87154 6.86837 6.8649 6.86114 6.85711 6.85285 6.84836 6.84368 6.83882 6.83382 6.8287 6.82349 6.8182 6.81287 6.80753 6.80218 6.79687 6.79161 6.78642 6.78132 6.77633 6.77148 6.76677 6.76222 6.75785 6.75367 6.74969 6.74592 6.74238 6.73906 6.73598 6.73313 6.73054 6.72819 6.7261 6.72427 6.72269 6.72138 6.72033 6.71954 6.71901 6.71875 
6.71365 6.71393 6.71449 6.71534 6.71646 6.71787 6.71955 6.72152 6.72375 6.72626 6.72904 6.73209 6.73539 6.73895 6.74276 6.7468 6.75108 6.75557 6.76027 6.76517 6.77025 6.77549 6.78088 6.78639 6.79201 6.79772 6.8035 6.80932 6.81515 6.82097 6.82676 6.83249 6.83813 6.84365 6.84904 6.85425 6.85927 6.86407 6.86862 6.8729 6.87689 6.88057 6.88391 6.8869 6.88952 6.89175 6.89359 6.89503 6.89605 6.89665 6.89683 6.89659 6.89593 6.89485 6.89336 6.89147 6.88919 6.88653 6.88351 6.88015 6.87646 6.87247 6.8682 6.86367 6.8589 6.85393 6.84877 6.84346 6.83802 6.83247 6.82685 6.82119 6.8155 6.80982 6.80416 6.79856 6.79303 6.7876 6.78229 6.77712 6.7721 6.76725 6.76259 6.75813 6.75388 6.74986 6.74607 6.74252 6.73923 6.73619 6.73341 6.7309 6.72867 6.7267 6.72501 6.7236 6.72247 6.72162 6.72105 6.72076 
6.71576 6.71605 6.71664 6.71754 6.71873 6.72023 6.72202 6.72411 6.72649 6.72916 6.73212 6.73536 6.73888 6.74267 6.74672 6.75102 6.75557 6.76035 6.76536 6.77057 6.77596 6.78154 6.78726 6.79312 6.7991 6.80517 6.8113 6.81747 6.82367 6.82985 6.83599 6.84207 6.84805 6.85391 6.85961 6.86514 6.87046 6.87554 6.88036 6.8849 6.88912 6.89301 6.89654 6.89971 6.90248 6.90484 6.90679 6.9083 6.90938 6.91001 6.9102 6.90994 6.90923 6.90809 6.9065 6.9045 6.90208 6.89926 6.89606 6.89249 6.88858 6.88435 6.87981 6.87501 6.86995 6.86467 6.8592 6.85356 6.84778 6.8419 6.83593 6.82991 6.82387 6.81782 6.81181 6.80586 6.79998 6.7942 6.78855 6.78304 6.77769 6.77253 6.76756 6.76281 6.75828 6.75399 6.74995 6.74617 6.74265 6.7394 6.73644 6.73375 6.73136 6.72926 6.72745 6.72594 6.72472 6.72381 6.72319 6.72288 
6.71797 6.71827 6.7189 6.71985 6.72111 6.7227 6.7246 6.72682 6.72935 6.73219 6.73534 6.73879 6.74253 6.74655 6.75086 6.75544 6.76027 6.76536 6.77067 6.77621 6.78194 6.78786 6.79394 6.80016 6.8065 6.81294 6.81944 6.82599 6.83256 6.83911 6.84562 6.85206 6.85839 6.8646 6.87064 6.87649 6.88212 6.8875 6.8926 6.8974 6.90186 6.90598 6.90971 6.91305 6.91598 6.91848 6.92053 6.92213 6.92326 6.92393 6.92412 6.92384 6.92309 6.92188 6.9202 6.91807 6.91551 6.91252 6.90913 6.90535 6.90121 6.89673 6.89192 6.88683 6.88147 6.87588 6.87007 6.8641 6.85797 6.85173 6.8454 6.83901 6.8326 6.82619 6.8198 6.81348 6.80723 6.80109 6.79508 6.78923 6.78354 6.77805 6.77277 6.76771 6.76289 6.75832 6.75401 6.74998 6.74623 6.74277 6.7396 6.73674 6.73418 6.73193 6.73 6.72838 6.72708 6.7261 6.72544 6.7251 
6.72027 6.72059 6.72125 6.72225 6.72359 6.72527 6.72729 6.72965 6.73234 6.73535 6.7387 6.74236 6.74633 6.75061 6.75518 6.76004 6.76517 6.77057 6.77621 6.78208 6.78816 6.79443 6.80088 6.80748 6.8142 6.82102 6.82791 6.83485 6.8418 6.84873 6.85562 6.86244 6.86914 6.8757 6.88209 6.88828 6.89423 6.89991 6.9053 6.91037 6.91508 6.91942 6.92337 6.92689 6.92998 6.93262 6.93478 6.93647 6.93766 6.93836 6.93856 6.93826 6.93747 6.93617 6.9344 6.93215 6.92944 6.92628 6.92269 6.91869 6.91431 6.90957 6.90449 6.8991 6.89343 6.88751 6.88136 6.87504 6.86855 6.86194 6.85523 6.84847 6.84167 6.83487 6.8281 6.82139 6.81477 6.80826 6.80188 6.79566 6.78963 6.78379 6.77818 6.7728 6.76768 6.76282 6.75824 6.75395 6.74995 6.74627 6.7429 6.73985 6.73712 6.73472 6.73266 6.73093 6.72954 6.72849 6.72778 6.72741 
6.72267 6.723 6.72369 6.72475 6.72617 6.72795 6.73009 6.73259 6.73544 6.73864 6.74218 6.74606 6.75027 6.75481 6.75966 6.76481 6.77025 6.77596 6.78194 6.78816 6.7946 6.80125 6.80807 6.81505 6.82217 6.82938 6.83667 6.84401 6.85136 6.85869 6.86597 6.87317 6.88025 6.88718 6.89392 6.90045 6.90673 6.91273 6.91841 6.92376 6.92873 6.93331 6.93747 6.94118 6.94444 6.94721 6.94949 6.95126 6.95252 6.95326 6.95346 6.95314 6.9523 6.95093 6.94906 6.94668 6.94381 6.94048 6.93669 6.93247 6.92784 6.92283 6.91746 6.91177 6.90578 6.89952 6.89303 6.88634 6.87948 6.87249 6.8654 6.85824 6.85105 6.84386 6.83669 6.82959 6.82257 6.81567 6.80892 6.80233 6.79593 6.78974 6.78379 6.77808 6.77264 6.76748 6.76262 6.75806 6.75382 6.7499 6.74631 6.74307 6.74017 6.73762 6.73542 6.73358 6.7321 6.73097 6.73021 6.72982 
6.72514 6.72548 6.72622 6.72733 6.72883 6.73072 6.73298 6.73562 6.73864 6.74203 6.74578 6.74989 6.75435 6.75915 6.76428 6.76973 6.77549 6.78154 6.78786 6.79443 6.80125 6.80827 6.81549 6.82286 6.83038 6.838 6.8457 6.85344 6.8612 6.86893 6.87662 6.88421 6.89168 6.89898 6.90609 6.91298 6.91959 6.92591 6.9319 6.93753 6.94276 6.94758 6.95196 6.95587 6.95929 6.96221 6.96461 6.96647 6.96779 6.96856 6.96877 6.96843 6.96754 6.9661 6.96412 6.96161 6.95859 6.95507 6.95108 6.94663 6.94175 6.93647 6.93081 6.9248 6.91848 6.91188 6.90503 6.89797 6.89074 6.88336 6.87587 6.86831 6.86071 6.85311 6.84554 6.83803 6.83061 6.82332 6.81617 6.8092 6.80243 6.79588 6.78957 6.78353 6.77776 6.7723 6.76714 6.76231 6.75781 6.75365 6.74985 6.7464 6.74332 6.74061 6.73827 6.73631 6.73474 6.73354 6.73273 6.7323 
6.72769 6.72805 6.72882 6.72999 6.73158 6.73357 6.73596 6.73875 6.74194 6.74552 6.74948 6.75383 6.75854 6.76361 6.76904 6.77479 6.78088 6.78726 6.79394 6.80088 6.80807 6.81549 6.8231 6.83088 6.8388 6.84684 6.85496 6.86312 6.87129 6.87944 6.88753 6.89553 6.90339 6.91108 6.91856 6.9258 6.93276 6.93941 6.94571 6.95162 6.95713 6.96219 6.96679 6.9709 6.9745 6.97756 6.98008 6.98203 6.98341 6.98422 6.98444 6.98408 6.98314 6.98162 6.97953 6.97689 6.97371 6.97001 6.96581 6.96112 6.95599 6.95043 6.94447 6.93815 6.93149 6.92454 6.91733 6.90989 6.90227 6.89449 6.8866 6.87863 6.87062 6.8626 6.85462 6.84669 6.83886 6.83116 6.82361 6.81625 6.8091 6.80218 6.79551 6.78912 6.78303 6.77724 6.77179 6.76667 6.76191 6.75751 6.75348 6.74983 6.74656 6.74369 6.74121 6.73913 6.73745 6.73618 6.73532 6.73486 
6.7303 6.73068 6.73149 6.73273 6.7344 6.73649 6.73902 6.74196 6.74532 6.7491 6.75328 6.75786 6.76284 6.76819 6.77391 6.77998 6.78639 6.79312 6.80016 6.80748 6.81505 6.82286 6.83088 6.83907 6.84742 6.85587 6.86441 6.873 6.8816 6.89017 6.89868 6.90708 6.91534 6.92342 6.93128 6.93889 6.9462 6.95317 6.95978 6.96599 6.97177 6.97708 6.98191 6.98622 6.98999 6.9932 6.99584 6.99788 6.99933 7.00017 7.0004 7.00002 6.99903 6.99743 6.99524 6.99246 6.98912 6.98523 6.98082 6.9759 6.9705 6.96466 6.9584 6.95175 6.94476 6.93745 6.92987 6.92205 6.91403 6.90585 6.89755 6.88916 6.88073 6.8723 6.86389 6.85554 6.84729 6.83918 6.83122 6.82346 6.81592 6.80862 6.80159 6.79484 6.78841 6.78231 6.77655 6.77114 6.76611 6.76146 6.7572 6.75334 6.74988 6.74684 6.74422 6.74202 6.74024 6.73889 6.73797 6.73749 
6.73298 6.73337 6.73422 6.73552 6.73727 6.73948 6.74214 6.74524 6.74878 6.75276 6.75716 6.76198 6.76722 6.77285 6.77887 6.78527 6.79201 6.7991 6.8065 6.8142 6.82217 6.83038 6.8388 6.84742 6.85618 6.86507 6.87404 6.88305 6.89208 6.90108 6.91 6.91882 6.92749 6.93596 6.94421 6.95218 6.95984 6.96715 6.97408 6.98058 6.98663 6.9922 6.99725 7.00176 7.00571 7.00907 7.01183 7.01397 7.01548 7.01636 7.0166 7.01619 7.01515 7.01347 7.01117 7.00826 7.00476 7.00068 6.99605 6.99089 6.98524 6.97911 6.97254 6.96557 6.95824 6.95057 6.94262 6.93441 6.92599 6.9174 6.90868 6.89988 6.89102 6.88215 6.87332 6.86454 6.85587 6.84734 6.83897 6.8308 6.82286 6.81518 6.80778 6.80068 6.7939 6.78747 6.7814 6.7757 6.77039 6.76549 6.761 6.75692 6.75328 6.75007 6.7473 6.74497 6.74309 6.74166 6.74069 6.74017 
6.7357 6.73611 6.73699 6.73836 6.7402 6.74252 6.74531 6.74857 6.75229 6.75647 6.7611 6.76617 6.77168 6.7776 6.78392 6.79064 6.79772 6.80517 6.81294 6.82102 6.82938 6.838 6.84684 6.85587 6.86507 6.87438 6.88379 6.89324 6.9027 6.91212 6.92147 6.93071 6.93978 6.94865 6.95728 6.96562 6.97364 6.98129 6.98853 6.99533 7.00166 7.00748 7.01276 7.01747 7.0216 7.02511 7.02799 7.03022 7.0318 7.03272 7.03296 7.03253 7.03144 7.02969 7.02728 7.02423 7.02057 7.0163 7.01145 7.00605 7.00013 6.99372 6.98684 6.97955 6.97187 6.96384 6.95551 6.94691 6.93809 6.92909 6.91995 6.91072 6.90144 6.89214 6.88287 6.87367 6.86457 6.85561 6.84682 6.83825 6.82991 6.82184 6.81406 6.8066 6.79947 6.79271 6.78632 6.78033 6.77475 6.76959 6.76485 6.76057 6.75673 6.75334 6.75042 6.74797 6.74599 6.74448 6.74345 6.7429 
6.73846 6.73888 6.73981 6.74124 6.74317 6.7456 6.74853 6.75195 6.75586 6.76024 6.7651 6.77042 6.77619 6.78239 6.78903 6.79607 6.8035 6.8113 6.81944 6.82791 6.83667 6.8457 6.85496 6.86441 6.87404 6.88379 6.89363 6.90351 6.91341 6.92326 6.93304 6.94269 6.95217 6.96144 6.97046 6.97917 6.98754 6.99553 7.00309 7.01019 7.01679 7.02286 7.02837 7.03329 7.03759 7.04125 7.04425 7.04658 7.04823 7.04918 7.04943 7.04898 7.04784 7.046 7.04349 7.04031 7.03648 7.03202 7.02696 7.02132 7.01513 7.00843 7.00125 6.99363 6.9856 6.97721 6.9685 6.95951 6.95029 6.94088 6.93132 6.92166 6.91194 6.90221 6.89251 6.88287 6.87334 6.86396 6.85475 6.84577 6.83703 6.82856 6.82041 6.81258 6.80511 6.79801 6.79131 6.78502 6.77915 6.77373 6.76876 6.76425 6.76022 6.75666 6.75359 6.75101 6.74893 6.74734 6.74625 6.74567 
6.74124 6.74168 6.74265 6.74415 6.74617 6.74872 6.75178 6.75536 6.75945 6.76404 6.76912 6.77469 6.78073 6.78723 6.79417 6.80154 6.80932 6.81747 6.82599 6.83485 6.84401 6.85344 6.86312 6.873 6.88305 6.89324 6.90351 6.91384 6.92416 6.93445 6.94465 6.95472 6.96461 6.97428 6.98368 6.99276 7.00148 7.00981 7.01769 7.02508 7.03196 7.03828 7.04402 7.04914 7.05362 7.05743 7.06055 7.06298 7.06469 7.06567 7.06593 7.06546 7.06427 7.06235 7.05973 7.05642 7.05242 7.04778 7.0425 7.03662 7.03017 7.02318 7.0157 7.00775 6.99937 6.99062 6.98154 6.97216 6.96253 6.95271 6.94273 6.93264 6.9225 6.91233 6.90219 6.89212 6.88216 6.87235 6.86273 6.85333 6.84419 6.83533 6.82679 6.8186 6.81078 6.80335 6.79632 6.78973 6.78359 6.77791 6.7727 6.76797 6.76374 6.76001 6.75679 6.75408 6.75189 6.75022 6.74908 6.74847 
6.74404 6.7445 6.74551 6.74707 6.74919 6.75184 6.75505 6.75879 6.76306 6.76786 6.77317 6.77899 6.7853 6.79209 6.79934 6.80703 6.81515 6.82367 6.83256 6.8418 6.85136 6.8612 6.87129 6.8816 6.89208 6.9027 6.91341 6.92416 6.93492 6.94564 6.95626 6.96674 6.97704 6.9871 6.99688 7.00633 7.01541 7.02407 7.03226 7.03996 7.04711 7.05368 7.05964 7.06496 7.06962 7.07357 7.07682 7.07934 7.08111 7.08214 7.0824 7.08191 7.08067 7.07868 7.07595 7.0725 7.06834 7.06351 7.05802 7.0519 7.04519 7.03792 7.03013 7.02185 7.01314 7.00402 6.99456 6.98479 6.97477 6.96454 6.95414 6.94363 6.93305 6.92245 6.91188 6.90138 6.89099 6.88075 6.87071 6.8609 6.85136 6.84211 6.8332 6.82464 6.81646 6.8087 6.80136 6.79447 6.78804 6.7821 6.77665 6.77171 6.76728 6.76338 6.76 6.75717 6.75487 6.75312 6.75193 6.75128 
6.74685 6.74732 6.74837 6.75 6.7522 6.75498 6.75831 6.76222 6.76667 6.77167 6.77721 6.78328 6.78986 6.79694 6.80449 6.81251 6.82097 6.82985 6.83911 6.84873 6.85869 6.86893 6.87944 6.89017 6.90108 6.91212 6.92326 6.93445 6.94564 6.95677 6.96782 6.97871 6.98941 6.99987 7.01002 7.01984 7.02926 7.03825 7.04676 7.05474 7.06216 7.06898 7.07517 7.08069 7.08552 7.08962 7.09299 7.0956 7.09744 7.0985 7.09877 7.09826 7.09696 7.09489 7.09206 7.08848 7.08416 7.07914 7.07344 7.06709 7.06012 7.05257 7.04447 7.03588 7.02682 7.01736 7.00752 6.99737 6.98695 6.97631 6.9655 6.95457 6.94356 6.93254 6.92153 6.9106 6.89979 6.88913 6.87867 6.86845 6.85851 6.84888 6.83958 6.83066 6.82214 6.81404 6.80638 6.7992 6.79249 6.78629 6.7806 6.77544 6.77082 6.76674 6.76322 6.76025 6.75785 6.75603 6.75477 6.75409 
6.74965 6.75014 6.75123 6.75292 6.75521 6.7581 6.76157 6.76563 6.77027 6.77547 6.78124 6.78755 6.7944 6.80176 6.80962 6.81796 6.82676 6.83599 6.84562 6.85562 6.86597 6.87662 6.88753 6.89868 6.91 6.92147 6.93304 6.94465 6.95626 6.96782 6.97927 6.99057 7.00167 7.01251 7.02304 7.03321 7.04298 7.0523 7.06111 7.06938 7.07707 7.08413 7.09054 7.09625 7.10125 7.1055 7.10898 7.11168 7.11358 7.11468 7.11496 7.11443 7.11309 7.11094 7.108 7.10429 7.09982 7.09462 7.08871 7.08212 7.0749 7.06707 7.05868 7.04977 7.04038 7.03056 7.02036 7.00983 6.99902 6.98798 6.97676 6.96541 6.95398 6.94254 6.93111 6.91975 6.90852 6.89744 6.88657 6.87595 6.86561 6.85559 6.84593 6.83665 6.82778 6.81935 6.81138 6.8039 6.79692 6.79046 6.78454 6.77916 6.77434 6.77009 6.76642 6.76333 6.76083 6.75892 6.75761 6.7569 
6.75242 6.75293 6.75406 6.75582 6.75819 6.76119 6.7648 6.76902 6.77383 6.77924 6.78523 6.79178 6.79889 6.80654 6.8147 6.82336 6.83249 6.84207 6.85206 6.86244 6.87317 6.88421 6.89553 6.90708 6.91882 6.93071 6.94269 6.95472 6.96674 6.97871 6.99057 7.00227 7.01376 7.02498 7.03587 7.0464 7.0565 7.06614 7.07525 7.0838 7.09175 7.09905 7.10568 7.11158 7.11674 7.12114 7.12474 7.12752 7.12949 7.13062 7.13091 7.13035 7.12896 7.12674 7.1237 7.11986 7.11524 7.10986 7.10375 7.09693 7.08946 7.08136 7.07268 7.06346 7.05374 7.04358 7.03302 7.02212 7.01092 6.99948 6.98786 6.97611 6.96427 6.9524 6.94056 6.92879 6.91714 6.90565 6.89438 6.88336 6.87263 6.86223 6.8522 6.84256 6.83336 6.8246 6.81633 6.80855 6.8013 6.79459 6.78843 6.78284 6.77783 6.77341 6.76959 6.76638 6.76377 6.76179 6.76042 6.75968 
6.75516 6.75568 6.75686 6.75868 6.76114 6.76425 6.76799 6.77236 6.77735 6.78296 6.78916 6.79596 6.80332 6.81125 6.8197 6.82867 6.83813 6.84805 6.85839 6.86914 6.88025 6.89168 6.90339 6.91534 6.92749 6.93978 6.95217 6.96461 6.97704 6.98941 7.00167 7.01376 7.02562 7.03721 7.04847 7.05933 7.06977 7.07971 7.08912 7.09795 7.10615 7.11368 7.12052 7.12661 7.13193 7.13646 7.14018 7.14305 7.14508 7.14624 7.14653 7.14596 7.14453 7.14223 7.1391 7.13513 7.13036 7.1248 7.11849 7.11146 7.10374 7.09538 7.08641 7.07689 7.06685 7.05635 7.04544 7.03417 7.0226 7.01078 6.99877 6.98661 6.97437 6.9621 6.94985 6.93767 6.92561 6.91373 6.90206 6.89065 6.87954 6.86877 6.85837 6.84839 6.83885 6.82978 6.8212 6.81314 6.80562 6.79866 6.79227 6.78647 6.78127 6.77669 6.77272 6.76938 6.76668 6.76462 6.7632 6.76243 
6.75785 6.75839 6.7596 6.76148 6.76403 6.76725 6.77112 6.77564 6.7808 6.7866 6.79302 6.80005 6.80767 6.81586 6.82461 6.83388 6.84365 6.85391 6.8646 6.8757 6.88718 6.89898 6.91108 6.92342 6.93596 6.94865 6.96144 6.97428 6.9871 6.99987 7.01251 7.02498 7.03721 7.04916 7.06076 7.07196 7.08271 7.09296 7.10265 7.11175 7.1202 7.12796 7.13499 7.14127 7.14675 7.15141 7.15523 7.15819 7.16028 7.16147 7.16178 7.16118 7.1597 7.15734 7.15411 7.15002 7.1451 7.13938 7.13287 7.12563 7.11767 7.10905 7.09981 7.08999 7.07964 7.06882 7.05757 7.04595 7.03401 7.02182 7.00942 6.99688 6.98424 6.97158 6.95893 6.94635 6.9339 6.92162 6.90956 6.89777 6.88629 6.87516 6.86442 6.85409 6.84423 6.83484 6.82597 6.81763 6.80985 6.80265 6.79603 6.79003 6.78465 6.7799 6.77579 6.77234 6.76954 6.7674 6.76593 6.76513 
6.76048 6.76104 6.76229 6.76423 6.76686 6.77018 6.77417 6.77884 6.78417 6.79016 6.79679 6.80404 6.81191 6.82036 6.82938 6.83895 6.84904 6.85961 6.87064 6.88209 6.89392 6.90609 6.91856 6.93128 6.94421 6.95728 6.97046 6.98368 6.99688 7.01002 7.02304 7.03587 7.04847 7.06076 7.0727 7.08422 7.09528 7.10582 7.11579 7.12514 7.13383 7.14181 7.14904 7.15549 7.16112 7.16592 7.16984 7.17288 7.17502 7.17625 7.17656 7.17595 7.17443 7.17199 7.16867 7.16447 7.15941 7.15352 7.14683 7.13938 7.1312 7.12233 7.11282 7.10272 7.09207 7.08093 7.06935 7.05739 7.0451 7.03254 7.01977 7.00685 6.99384 6.98079 6.96775 6.95479 6.94196 6.9293 6.91687 6.90471 6.89287 6.88139 6.8703 6.85965 6.84947 6.83978 6.83062 6.82201 6.81398 6.80654 6.79971 6.79351 6.78795 6.78304 6.7788 6.77522 6.77233 6.77012 6.7686 6.76777 
6.76303 6.7636 6.76489 6.76689 6.7696 6.77302 6.77714 6.78195 6.78744 6.79361 6.80044 6.80791 6.81601 6.82472 6.83401 6.84387 6.85425 6.86514 6.87649 6.88828 6.90045 6.91298 6.9258 6.93889 6.95218 6.96562 6.97917 6.99276 7.00633 7.01984 7.03321 7.0464 7.05933 7.07196 7.08422 7.09606 7.10741 7.11823 7.12847 7.13806 7.14698 7.15517 7.16259 7.16921 7.17499 7.17991 7.18393 7.18705 7.18924 7.1905 7.19082 7.19019 7.18863 7.18613 7.18272 7.1784 7.17321 7.16716 7.1603 7.15264 7.14424 7.13514 7.12537 7.115 7.10406 7.09262 7.08072 7.06843 7.0558 7.0429 7.02977 7.01649 7.00311 6.98969 6.97629 6.96296 6.94975 6.93673 6.92394 6.91142 6.89923 6.88741 6.876 6.86503 6.85454 6.84456 6.83513 6.82626 6.81798 6.81031 6.80327 6.79688 6.79114 6.78608 6.78171 6.77802 6.77504 6.77276 6.77119 6.77033 
6.7655 6.76608 6.76741 6.76946 6.77225 6.77576 6.78 6.78495 6.7906 6.79694 6.80396 6.81164 6.81997 6.82892 6.83847 6.8486 6.85927 6.87046 6.88212 6.89423 6.90673 6.91959 6.93276 6.9462 6.95984 6.97364 6.98754 7.00148 7.01541 7.02926 7.04298 7.0565 7.06977 7.08271 7.09528 7.10741 7.11905 7.13014 7.14063 7.15046 7.15959 7.16798 7.17558 7.18236 7.18828 7.19332 7.19744 7.20063 7.20288 7.20416 7.20449 7.20384 7.20224 7.19968 7.19618 7.19176 7.18644 7.18024 7.17321 7.16537 7.15676 7.14743 7.13742 7.12678 7.11557 7.10383 7.09163 7.07903 7.06608 7.05284 7.03938 7.02575 7.01202 6.99824 6.98448 6.9708 6.95724 6.94387 6.93073 6.91787 6.90535 6.89321 6.88148 6.8702 6.85942 6.84917 6.83946 6.83034 6.82183 6.81394 6.8067 6.80012 6.79423 6.78902 6.78452 6.78072 6.77765 6.7753 6.77368 6.7728 
6.76786 6.76846 6.76982 6.77193 6.77479 6.7784 6.78274 6.78782 6.79362 6.80013 6.80733 6.81521 6.82376 6.83294 6.84274 6.85313 6.86407 6.87554 6.8875 6.89991 6.91273 6.92591 6.93941 6.95317 6.96715 6.98129 6.99553 7.00981 7.02407 7.03825 7.0523 7.06614 7.07971 7.09296 7.10582 7.11823 7.13014 7.14148 7.15221 7.16227 7.17161 7.18018 7.18796 7.19489 7.20094 7.20609 7.2103 7.21356 7.21586 7.21717 7.2175 7.21684 7.2152 7.21258 7.20901 7.20448 7.19904 7.1927 7.18551 7.17748 7.16868 7.15913 7.14889 7.138 7.12653 7.11452 7.10203 7.08913 7.07587 7.06232 7.04853 7.03458 7.02051 7.0064 6.99231 6.97828 6.96439 6.95068 6.93721 6.92404 6.9112 6.89874 6.88671 6.87515 6.86409 6.85357 6.84361 6.83425 6.82551 6.81742 6.80999 6.80323 6.79718 6.79183 6.78721 6.78331 6.78016 6.77774 6.77608 6.77517 
6.77011 6.77072 6.77211 6.77427 6.7772 6.7809 6.78535 6.79055 6.79649 6.80315 6.81053 6.8186 6.82735 6.83676 6.84679 6.85742 6.86862 6.88036 6.8926 6.9053 6.91841 6.9319 6.94571 6.95978 6.97408 6.98853 7.00309 7.01769 7.03226 7.04676 7.06111 7.07525 7.08912 7.10265 7.11579 7.12847 7.14063 7.15221 7.16316 7.17343 7.18296 7.19172 7.19965 7.20672 7.2129 7.21816 7.22246 7.22579 7.22813 7.22947 7.2298 7.22913 7.22745 7.22478 7.22112 7.21651 7.21095 7.20448 7.19713 7.18894 7.17995 7.1702 7.15974 7.14862 7.1369 7.12463 7.11187 7.09869 7.08514 7.07129 7.0572 7.04293 7.02855 7.01413 6.99971 6.98537 6.97116 6.95714 6.94336 6.92988 6.91674 6.90399 6.89168 6.87984 6.86852 6.85774 6.84755 6.83796 6.82901 6.82072 6.81311 6.80619 6.79998 6.79451 6.78977 6.78577 6.78254 6.78006 6.77836 6.77742 
6.77223 6.77286 6.77428 6.77649 6.77948 6.78326 6.78781 6.79312 6.79919 6.80601 6.81355 6.8218 6.83074 6.84035 6.8506 6.86146 6.8729 6.8849 6.8974 6.91037 6.92376 6.93753 6.95162 6.96599 6.98058 6.99533 7.01019 7.02508 7.03996 7.05474 7.06938 7.0838 7.09795 7.11175 7.12514 7.13806 7.15046 7.16227 7.17343 7.18389 7.19361 7.20253 7.21061 7.21782 7.22412 7.22947 7.23385 7.23724 7.23962 7.24099 7.24133 7.24064 7.23893 7.23621 7.23248 7.22778 7.22211 7.21552 7.20803 7.19968 7.19051 7.18057 7.16991 7.15857 7.14662 7.13411 7.1211 7.10766 7.09384 7.07971 7.06533 7.05077 7.0361 7.02138 7.00667 6.99203 6.97752 6.9632 6.94913 6.93536 6.92194 6.90892 6.89635 6.88425 6.87268 6.86167 6.85125 6.84146 6.83231 6.82383 6.81604 6.80897 6.80263 6.79702 6.79218 6.78809 6.78478 6.78225 6.78051 6.77955 
6.77421 6.77485 6.7763 6.77855 6.78161 6.78546 6.7901 6.79552 6.80172 6.80867 6.81636 6.82478 6.8339 6.8437 6.85415 6.86523 6.87689 6.88912 6.90186 6.91508 6.92873 6.94276 6.95713 6.97177 6.98663 7.00166 7.01679 7.03196 7.04711 7.06216 7.07707 7.09175 7.10615 7.1202 7.13383 7.14698 7.15959 7.17161 7.18296 7.19361 7.20349 7.21257 7.22079 7.22812 7.23452 7.23997 7.24442 7.24787 7.2503 7.25168 7.25203 7.25133 7.24959 7.24682 7.24303 7.23824 7.23247 7.22577 7.21814 7.20965 7.20032 7.19021 7.17935 7.16782 7.15565 7.14292 7.12968 7.11599 7.10192 7.08753 7.07289 7.05806 7.04312 7.02812 7.01313 6.99822 6.98343 6.96884 6.95451 6.94047 6.92679 6.91352 6.90069 6.88836 6.87656 6.86533 6.85471 6.84471 6.83538 6.82673 6.81878 6.81157 6.80509 6.79938 6.79443 6.79026 6.78688 6.7843 6.78252 6.78154 
6.77605 6.7767 6.77817 6.78046 6.78357 6.78749 6.79222 6.79774 6.80405 6.81113 6.81896 6.82752 6.83681 6.84678 6.85742 6.86869 6.88057 6.89301 6.90598 6.91942 6.93331 6.94758 6.96219 6.97708 6.9922 7.00748 7.02286 7.03828 7.05368 7.06898 7.08413 7.09905 7.11368 7.12796 7.14181 7.15517 7.16798 7.18018 7.19172 7.20253 7.21257 7.22179 7.23014 7.23758 7.24408 7.24961 7.25413 7.25763 7.26009 7.2615 7.26185 7.26114 7.25937 7.25655 7.2527 7.24784 7.24199 7.23517 7.22743 7.2188 7.20933 7.19905 7.18803 7.17631 7.16395 7.15101 7.13755 7.12364 7.10934 7.09471 7.07983 7.06476 7.04957 7.03432 7.01908 7.00391 6.98887 6.97403 6.95945 6.94517 6.93125 6.91774 6.90469 6.89214 6.88013 6.8687 6.85789 6.84771 6.83821 6.8294 6.82131 6.81396 6.80737 6.80155 6.79651 6.79226 6.78882 6.78619 6.78437 6.78338 
6.77772 6.77838 6.77987 6.7822 6.78536 6.78935 6.79415 6.79976 6.80617 6.81336 6.82132 6.83003 6.83946 6.84959 6.8604 6.87185 6.88391 6.89654 6.90971 6.92337 6.93747 6.95196 6.96679 6.98191 6.99725 7.01276 7.02837 7.04402 7.05964 7.07517 7.09054 7.10568 7.12052 7.13499 7.14904 7.16259 7.17558 7.18796 7.19965 7.21061 7.22079 7.23014 7.2386 7.24615 7.25274 7.25834 7.26292 7.26647 7.26896 7.27039 7.27074 7.27002 7.26823 7.26537 7.26147 7.25654 7.25061 7.2437 7.23585 7.2271 7.21749 7.20707 7.19589 7.184 7.17147 7.15834 7.14469 7.13058 7.11607 7.10123 7.08613 7.07084 7.05542 7.03994 7.02447 7.00907 6.99381 6.97875 6.96393 6.94944 6.9353 6.92158 6.90833 6.89558 6.88338 6.87177 6.86078 6.85044 6.84078 6.83183 6.82361 6.81615 6.80944 6.80352 6.7984 6.79409 6.79059 6.78791 6.78606 6.78505 
6.77922 6.77989 6.7814 6.78377 6.78697 6.79101 6.79589 6.80158 6.80808 6.81537 6.82344 6.83227 6.84183 6.8521 6.86306 6.87467 6.8869 6.89971 6.91305 6.92689 6.94118 6.95587 6.9709 6.98622 7.00176 7.01747 7.03329 7.04914 7.06496 7.08069 7.09625 7.11158 7.12661 7.14127 7.15549 7.16921 7.18236 7.19489 7.20672 7.21782 7.22812 7.23758 7.24615 7.25378 7.26045 7.26612 7.27076 7.27435 7.27687 7.27831 7.27867 7.27794 7.27612 7.27323 7.26928 7.26429 7.25829 7.25129 7.24335 7.23449 7.22476 7.21421 7.2029 7.19086 7.17817 7.16488 7.15106 7.13677 7.12207 7.10704 7.09175 7.07626 7.06064 7.04496 7.02929 7.01368 6.99822 6.98295 6.96794 6.95325 6.93892 6.92502 6.91158 6.89865 6.88629 6.87451 6.86337 6.85288 6.84309 6.83401 6.82568 6.8181 6.8113 6.8053 6.8001 6.79572 6.79217 6.78946 6.78758 6.78656 
6.78054 6.78121 6.78275 6.78514 6.78839 6.79248 6.79741 6.80317 6.80975 6.81713 6.8253 6.83423 6.84391 6.85431 6.8654 6.87715 6.88952 6.90248 6.91598 6.92998 6.94444 6.95929 6.9745 6.98999 7.00571 7.0216 7.03759 7.05362 7.06962 7.08552 7.10125 7.11674 7.13193 7.14675 7.16112 7.17499 7.18828 7.20094 7.2129 7.22412 7.23452 7.24408 7.25274 7.26045 7.26719 7.27291 7.2776 7.28123 7.28377 7.28523 7.28559 7.28485 7.28302 7.2801 7.27611 7.27106 7.26499 7.25793 7.2499 7.24095 7.23112 7.22046 7.20902 7.19685 7.18402 7.17059 7.15662 7.14217 7.12732 7.11212 7.09666 7.081 7.0652 7.04935 7.0335 7.01772 7.00208 6.98663 6.97145 6.95658 6.94209 6.92802 6.91443 6.90135 6.88883 6.87692 6.86564 6.85503 6.84511 6.83593 6.82749 6.81982 6.81294 6.80686 6.8016 6.79716 6.79357 6.79082 6.78892 6.78788 
6.78167 6.78236 6.78391 6.78632 6.7896 6.79374 6.79872 6.80454 6.81118 6.81864 6.82689 6.83591 6.84569 6.85619 6.86739 6.87926 6.89175 6.90484 6.91848 6.93262 6.94721 6.96221 6.97756 6.9932 7.00907 7.02511 7.04125 7.05743 7.07357 7.08962 7.1055 7.12114 7.13646 7.15141 7.16592 7.17991 7.19332 7.20609 7.21816 7.22947 7.23997 7.24961 7.25834 7.26612 7.27291 7.27869 7.28341 7.28707 7.28964 7.29111 7.29147 7.29073 7.28888 7.28593 7.2819 7.27682 7.27069 7.26356 7.25546 7.24643 7.23652 7.22576 7.21422 7.20195 7.189 7.17545 7.16135 7.14677 7.13178 7.11645 7.10084 7.08503 7.06909 7.05308 7.03708 7.02115 7.00536 6.98977 6.97444 6.95943 6.94479 6.93058 6.91685 6.90365 6.89101 6.87897 6.86758 6.85686 6.84684 6.83756 6.82904 6.82129 6.81434 6.80819 6.80288 6.7984 6.79477 6.79199 6.79007 6.78902 
6.78261 6.7833 6.78486 6.7873 6.79061 6.79478 6.7998 6.80567 6.81237 6.81989 6.8282 6.8373 6.84716 6.85775 6.86904 6.881 6.89359 6.90679 6.92053 6.93478 6.94949 6.96461 6.98008 6.99584 7.01183 7.02799 7.04425 7.06055 7.07682 7.09299 7.10898 7.12474 7.14018 7.15523 7.16984 7.18393 7.19744 7.2103 7.22246 7.23385 7.24442 7.25413 7.26292 7.27076 7.2776 7.28341 7.28817 7.29186 7.29444 7.29592 7.29629 7.29554 7.29367 7.29071 7.28665 7.28153 7.27536 7.26818 7.26002 7.25093 7.24094 7.23011 7.21848 7.20612 7.19308 7.17943 7.16522 7.15054 7.13543 7.11999 7.10426 7.08834 7.07227 7.05614 7.04002 7.02397 7.00806 6.99234 6.97689 6.96176 6.94701 6.93269 6.91885 6.90554 6.89279 6.88066 6.86917 6.85837 6.84827 6.83891 6.83032 6.8225 6.81549 6.8093 6.80394 6.79942 6.79576 6.79296 6.79102 6.78996 
6.78335 6.78405 6.78562 6.78807 6.7914 6.79559 6.80065 6.80655 6.8133 6.82086 6.82923 6.83839 6.84831 6.85896 6.87032 6.88236 6.89503 6.9083 6.92213 6.93647 6.95126 6.96647 6.98203 6.99788 7.01397 7.03022 7.04658 7.06298 7.07934 7.0956 7.11168 7.12752 7.14305 7.15819 7.17288 7.18705 7.20063 7.21356 7.22579 7.23724 7.24787 7.25763 7.26647 7.27435 7.28123 7.28707 7.29186 7.29556 7.29816 7.29965 7.30001 7.29926 7.29738 7.2944 7.29032 7.28517 7.27897 7.27175 7.26355 7.2544 7.24436 7.23347 7.22178 7.20935 7.19624 7.18251 7.16822 7.15345 7.13827 7.12273 7.10692 7.0909 7.07474 7.05852 7.0423 7.02616 7.01015 6.99434 6.9788 6.96358 6.94874 6.93433 6.9204 6.90701 6.89419 6.88198 6.87042 6.85955 6.84939 6.83997 6.83132 6.82346 6.8164 6.81017 6.80477 6.80022 6.79654 6.79372 6.79177 6.7907 
6.78389 6.78459 6.78617 6.78863 6.79197 6.79619 6.80126 6.80719 6.81397 6.82157 6.82997 6.83917 6.84913 6.85983 6.87124 6.88332 6.89605 6.90938 6.92326 6.93766 6.95252 6.96779 6.98341 6.99933 7.01548 7.0318 7.04823 7.06469 7.08111 7.09744 7.11358 7.12949 7.14508 7.16028 7.17502 7.18924 7.20288 7.21586 7.22813 7.23962 7.2503 7.26009 7.26896 7.27687 7.28377 7.28964 7.29444 7.29816 7.30077 7.30226 7.30263 7.30187 7.29999 7.29699 7.2929 7.28773 7.2815 7.27426 7.26602 7.25684 7.24676 7.23583 7.22409 7.21162 7.19845 7.18467 7.17033 7.1555 7.14026 7.12466 7.10878 7.0927 7.07648 7.06019 7.04391 7.0277 7.01162 6.99575 6.98015 6.96486 6.94996 6.93549 6.92151 6.90806 6.89518 6.88292 6.87131 6.86039 6.85019 6.84073 6.83204 6.82414 6.81705 6.81079 6.80537 6.80081 6.7971 6.79427 6.79231 6.79124 
6.78422 6.78492 6.7865 6.78897 6.79232 6.79655 6.80164 6.80758 6.81437 6.82199 6.83042 6.83964 6.84962 6.86035 6.87178 6.8839 6.89665 6.91001 6.92393 6.93836 6.95326 6.96856 6.98422 7.00017 7.01636 7.03272 7.04918 7.06567 7.08214 7.0985 7.11468 7.13062 7.14624 7.16147 7.17625 7.1905 7.20416 7.21717 7.22947 7.24099 7.25168 7.2615 7.27039 7.27831 7.28523 7.29111 7.29592 7.29965 7.30226 7.30376 7.30413 7.30336 7.30148 7.29848 7.29437 7.28919 7.28295 7.27569 7.26744 7.25824 7.24814 7.23718 7.22542 7.21291 7.19972 7.18591 7.17154 7.15668 7.1414 7.12577 7.10986 7.09374 7.07748 7.06116 7.04484 7.02859 7.01248 6.99657 6.98093 6.96561 6.95067 6.93617 6.92215 6.90867 6.89576 6.88347 6.87184 6.86089 6.85066 6.84118 6.83247 6.82455 6.81745 6.81117 6.80574 6.80116 6.79745 6.79461 6.79265 6.79157 
