1.94416 1.94444 1.94473 1.945 1.94527 1.94552 1.94576 1.94599 1.9462 1.94639 1.94657 1.94673 1.94687 1.94701 1.94713 1.94724 1.94735 1.94745 1.94754 1.94764 1.94774 1.94784 1.94795 1.94807 1.9482 1.94835 1.9485 1.94868 1.94887 1.94907 1.9493 1.94954 1.9498 1.95007 1.95035 1.95065 1.95095 1.95126 1.95157 1.95188 1.95218 1.95247 1.95274 1.953 1.95323 1.95344 1.95362 1.95376 1.95387 1.95395 1.95398 1.95398 1.95395 1.95387 1.95376 1.95361 1.95344 1.95323 1.953 1.95275 1.95248 1.95219 1.9519 1.9516 1.9513 1.951 1.9507 1.95041 1.95014 1.94987 1.94962 1.94939 1.94918 1.94898 1.9488 1.94865 1.94851 1.94839 1.94829 1.94821 1.94816 1.94812 1.9481 1.94811 1.94813 1.94818 1.94824 1.94833 1.94844 1.94858 1.94873 1.94891 1.94911 1.94932 1.94956 1.94981 1.95007 1.95034 1.95062 1.95091 
1.94444 1.94473 1.94501 1.94529 1.94555 1.94581 1.94605 1.94627 1.94648 1.94668 1.94685 1.94701 1.94716 1.94729 1.94741 1.94753 1.94763 1.94773 1.94783 1.94792 1.94802 1.94812 1.94823 1.94835 1.94848 1.94862 1.94878 1.94896 1.94915 1.94936 1.94959 1.94983 1.95009 1.95037 1.95066 1.95096 1.95127 1.95159 1.9519 1.95222 1.95253 1.95282 1.9531 1.95337 1.95361 1.95382 1.954 1.95415 1.95426 1.95434 1.95438 1.95438 1.95434 1.95426 1.95415 1.954 1.95382 1.95361 1.95337 1.95311 1.95283 1.95254 1.95224 1.95193 1.95163 1.95132 1.95102 1.95072 1.95044 1.95017 1.94992 1.94968 1.94946 1.94927 1.94909 1.94893 1.94879 1.94867 1.94857 1.94849 1.94844 1.9484 1.94838 1.94839 1.94841 1.94846 1.94853 1.94862 1.94873 1.94886 1.94902 1.9492 1.94939 1.94961 1.94984 1.95009 1.95036 1.95063 1.95091 1.9512 
1.94473 1.94501 1.9453 1.94557 1.94584 1.94609 1.94633 1.94656 1.94677 1.94696 1.94714 1.9473 1.94744 1.94758 1.9477 1.94782 1.94792 1.94802 1.94812 1.94822 1.94833 1.94844 1.94856 1.94868 1.94883 1.94898 1.94916 1.94935 1.94956 1.94979 1.95004 1.95031 1.9506 1.95091 1.95123 1.95156 1.9519 1.95225 1.9526 1.95295 1.95329 1.95361 1.95392 1.95421 1.95448 1.95471 1.95491 1.95507 1.9552 1.95528 1.95532 1.95532 1.95528 1.95519 1.95506 1.9549 1.95469 1.95446 1.9542 1.95391 1.95361 1.95329 1.95295 1.95262 1.95227 1.95194 1.9516 1.95128 1.95097 1.95067 1.95039 1.95013 1.94989 1.94967 1.94948 1.9493 1.94915 1.94902 1.94891 1.94882 1.94875 1.94871 1.94869 1.94869 1.94871 1.94875 1.94882 1.94891 1.94902 1.94915 1.9493 1.94948 1.94968 1.94989 1.95013 1.95038 1.95064 1.95091 1.95119 1.95148 
1.945 1.94529 1.94557 1.94585 1.94611 1.94637 1.94661 1.94683 1.94704 1.94724 1.94742 1.94758 1.94773 1.94786 1.94799 1.94811 1.94822 1.94833 1.94844 1.94855 1.94867 1.94879 1.94893 1.94908 1.94924 1.94942 1.94963 1.94986 1.9501 1.95038 1.95067 1.95099 1.95133 1.95169 1.95207 1.95246 1.95286 1.95327 1.95368 1.95409 1.95448 1.95486 1.95523 1.95556 1.95587 1.95614 1.95638 1.95656 1.95671 1.9568 1.95685 1.95685 1.95679 1.95669 1.95654 1.95634 1.95611 1.95583 1.95552 1.95519 1.95483 1.95445 1.95406 1.95366 1.95326 1.95287 1.95248 1.9521 1.95173 1.95138 1.95106 1.95075 1.95047 1.95021 1.94998 1.94977 1.94959 1.94943 1.9493 1.94919 1.94911 1.94905 1.94902 1.94901 1.94902 1.94906 1.94911 1.9492 1.9493 1.94943 1.94959 1.94976 1.94996 1.95017 1.9504 1.95065 1.95091 1.95119 1.95147 1.95175 
1.94527 1.94555 1.94584 1.94611 1.94638 1.94663 1.94687 1.9471 1.94731 1.94751 1.94769 1.94785 1.94801 1.94815 1.94828 1.94841 1.94853 1.94865 1.94877 1.9489 1.94904 1.94919 1.94935 1.94953 1.94973 1.94996 1.95021 1.95049 1.9508 1.95114 1.9515 1.95189 1.95231 1.95276 1.95322 1.9537 1.95419 1.95469 1.95519 1.95568 1.95617 1.95663 1.95707 1.95748 1.95785 1.95818 1.95846 1.95869 1.95886 1.95897 1.95902 1.95902 1.95895 1.95882 1.95863 1.95839 1.9581 1.95777 1.95739 1.95698 1.95654 1.95608 1.95561 1.95512 1.95463 1.95415 1.95367 1.95321 1.95276 1.95233 1.95193 1.95155 1.95121 1.95089 1.9506 1.95034 1.95012 1.94992 1.94975 1.94962 1.94951 1.94943 1.94937 1.94934 1.94934 1.94937 1.94942 1.94949 1.94959 1.94972 1.94987 1.95004 1.95023 1.95044 1.95067 1.95092 1.95118 1.95145 1.95173 1.95202 
1.94552 1.94581 1.94609 1.94637 1.94663 1.94689 1.94713 1.94736 1.94757 1.94777 1.94795 1.94812 1.94828 1.94843 1.94857 1.94871 1.94884 1.94898 1.94913 1.94928 1.94945 1.94963 1.94983 1.95006 1.95032 1.9506 1.95092 1.95128 1.95167 1.95209 1.95256 1.95305 1.95358 1.95414 1.95472 1.95533 1.95594 1.95657 1.95719 1.9578 1.9584 1.95898 1.95953 1.96003 1.96049 1.96089 1.96124 1.96152 1.96173 1.96186 1.96193 1.96191 1.96182 1.96166 1.96143 1.96113 1.96077 1.96035 1.95988 1.95937 1.95882 1.95825 1.95765 1.95705 1.95644 1.95583 1.95523 1.95465 1.95409 1.95355 1.95305 1.95257 1.95213 1.95173 1.95137 1.95104 1.95075 1.9505 1.95028 1.9501 1.94995 1.94984 1.94975 1.9497 1.94968 1.94969 1.94973 1.94979 1.94988 1.95 1.95014 1.9503 1.95049 1.9507 1.95093 1.95118 1.95144 1.95171 1.95199 1.95227 
1.94576 1.94605 1.94633 1.94661 1.94687 1.94713 1.94737 1.9476 1.94782 1.94802 1.94821 1.94839 1.94855 1.94871 1.94887 1.94902 1.94917 1.94933 1.94951 1.94969 1.9499 1.95013 1.95039 1.95068 1.95101 1.95138 1.95179 1.95225 1.95275 1.95329 1.95388 1.95452 1.95519 1.9559 1.95664 1.95741 1.95819 1.95897 1.95976 1.96053 1.96129 1.96201 1.96269 1.96332 1.96389 1.9644 1.96482 1.96517 1.96543 1.96559 1.96567 1.96565 1.96553 1.96533 1.96503 1.96465 1.96419 1.96367 1.96308 1.96243 1.96174 1.96102 1.96027 1.95951 1.95874 1.95797 1.95721 1.95648 1.95577 1.95509 1.95444 1.95384 1.95328 1.95277 1.9523 1.95188 1.95151 1.95118 1.95089 1.95065 1.95045 1.95029 1.95017 1.95009 1.95004 1.95002 1.95004 1.95009 1.95017 1.95027 1.95041 1.95057 1.95075 1.95095 1.95118 1.95142 1.95168 1.95195 1.95223 1.95252 
1.94599 1.94627 1.94656 1.94683 1.9471 1.94736 1.9476 1.94784 1.94806 1.94826 1.94846 1.94864 1.94882 1.94899 1.94916 1.94934 1.94952 1.94971 1.94992 1.95015 1.95041 1.95071 1.95104 1.95142 1.95184 1.95232 1.95285 1.95343 1.95408 1.95478 1.95554 1.95635 1.95721 1.95811 1.95905 1.96002 1.96101 1.962 1.963 1.96397 1.96492 1.96583 1.96668 1.96747 1.96818 1.96881 1.96934 1.96977 1.97009 1.97029 1.97038 1.97035 1.9702 1.96993 1.96956 1.96908 1.9685 1.96784 1.9671 1.96628 1.96542 1.9645 1.96356 1.96259 1.96162 1.96065 1.95969 1.95876 1.95786 1.95699 1.95618 1.95541 1.95469 1.95403 1.95343 1.95289 1.95241 1.95198 1.95161 1.95129 1.95102 1.95081 1.95063 1.95051 1.95042 1.95037 1.95037 1.95039 1.95045 1.95055 1.95067 1.95082 1.95099 1.95119 1.95142 1.95166 1.95191 1.95218 1.95246 1.95274 
1.9462 1.94648 1.94677 1.94704 1.94731 1.94757 1.94782 1.94806 1.94828 1.94849 1.9487 1.94889 1.94908 1.94927 1.94947 1.94967 1.94989 1.95012 1.95038 1.95067 1.951 1.95138 1.95181 1.95229 1.95284 1.95345 1.95413 1.95488 1.95571 1.95661 1.95758 1.95861 1.95971 1.96085 1.96205 1.96327 1.96452 1.96577 1.96701 1.96824 1.96942 1.97056 1.97162 1.97261 1.97349 1.97427 1.97493 1.97546 1.97585 1.9761 1.9762 1.97616 1.97597 1.97563 1.97516 1.97456 1.97383 1.973 1.97207 1.97105 1.96996 1.96881 1.96763 1.96641 1.96519 1.96396 1.96276 1.96158 1.96044 1.95934 1.9583 1.95733 1.95641 1.95557 1.95481 1.95411 1.95349 1.95293 1.95245 1.95203 1.95168 1.95139 1.95115 1.95097 1.95083 1.95075 1.95071 1.95071 1.95074 1.95082 1.95093 1.95106 1.95123 1.95142 1.95164 1.95188 1.95213 1.95239 1.95267 1.95295 
1.94639 1.94668 1.94696 1.94724 1.94751 1.94777 1.94802 1.94826 1.94849 1.94871 1.94893 1.94914 1.94935 1.94957 1.94979 1.95003 1.95029 1.95058 1.9509 1.95127 1.95169 1.95217 1.95272 1.95333 1.95403 1.95482 1.95569 1.95665 1.95771 1.95885 1.96008 1.96139 1.96277 1.96422 1.96572 1.96726 1.96882 1.97039 1.97194 1.97347 1.97494 1.97635 1.97767 1.97889 1.97998 1.98094 1.98175 1.9824 1.98288 1.98318 1.9833 1.98324 1.983 1.98258 1.98199 1.98124 1.98034 1.9793 1.97813 1.97687 1.97551 1.97408 1.9726 1.97108 1.96955 1.96801 1.9665 1.96502 1.96358 1.9622 1.96089 1.95966 1.95851 1.95744 1.95646 1.95558 1.95478 1.95407 1.95345 1.95291 1.95244 1.95206 1.95174 1.95148 1.95129 1.95115 1.95107 1.95103 1.95104 1.95109 1.95118 1.95131 1.95146 1.95164 1.95185 1.95208 1.95233 1.95259 1.95286 1.95315 
1.94657 1.94685 1.94714 1.94742 1.94769 1.94795 1.94821 1.94846 1.9487 1.94893 1.94916 1.94939 1.94962 1.94987 1.95013 1.95042 1.95073 1.95109 1.9515 1.95196 1.95249 1.9531 1.9538 1.95459 1.95548 1.95648 1.95758 1.9588 1.96014 1.96158 1.96313 1.96478 1.96651 1.96832 1.97019 1.97211 1.97405 1.97599 1.97792 1.9798 1.98162 1.98336 1.98498 1.98647 1.98782 1.98899 1.98998 1.99077 1.99135 1.99171 1.99185 1.99177 1.99147 1.99095 1.99022 1.98929 1.98817 1.98689 1.98545 1.98389 1.98221 1.98044 1.9786 1.97672 1.97482 1.97292 1.97103 1.96919 1.9674 1.96567 1.96403 1.96248 1.96104 1.95969 1.95846 1.95734 1.95633 1.95543 1.95463 1.95393 1.95334 1.95283 1.95241 1.95207 1.9518 1.9516 1.95146 1.95138 1.95135 1.95137 1.95144 1.95154 1.95168 1.95185 1.95205 1.95227 1.95252 1.95277 1.95305 1.95332 
1.94673 1.94701 1.9473 1.94758 1.94785 1.94812 1.94839 1.94864 1.94889 1.94914 1.94939 1.94964 1.94991 1.95019 1.9505 1.95085 1.95124 1.95168 1.95219 1.95277 1.95345 1.95422 1.9551 1.9561 1.95722 1.95848 1.95987 1.96141 1.96308 1.96488 1.96682 1.96887 1.97102 1.97327 1.97558 1.97795 1.98034 1.98273 1.98509 1.9874 1.98962 1.99174 1.99372 1.99553 1.99717 1.99859 1.99978 2.00074 2.00144 2.00187 2.00204 2.00193 2.00155 2.00091 2.00002 1.99888 1.99751 1.99594 1.99418 1.99226 1.99021 1.98804 1.98579 1.98348 1.98114 1.97879 1.97647 1.97419 1.97197 1.96984 1.9678 1.96588 1.96408 1.9624 1.96086 1.95945 1.95818 1.95704 1.95603 1.95515 1.95439 1.95373 1.95319 1.95273 1.95237 1.95209 1.95189 1.95176 1.95168 1.95167 1.9517 1.95178 1.9519 1.95206 1.95224 1.95246 1.95269 1.95294 1.95321 1.95349 
1.94687 1.94716 1.94744 1.94773 1.94801 1.94828 1.94855 1.94882 1.94908 1.94935 1.94962 1.94991 1.95022 1.95055 1.95092 1.95134 1.95181 1.95236 1.953 1.95373 1.95458 1.95555 1.95665 1.95791 1.95932 1.96089 1.96263 1.96454 1.96661 1.96885 1.97124 1.97377 1.97643 1.97918 1.98202 1.98491 1.98783 1.99074 1.99361 1.99641 1.99911 2.00166 2.00405 2.00624 2.0082 2.00991 2.01135 2.01249 2.01332 2.01384 2.01403 2.01389 2.01343 2.01265 2.01156 2.01018 2.00853 2.00662 2.00449 2.00216 1.99967 1.99703 1.9943 1.99149 1.98863 1.98577 1.98294 1.98014 1.97743 1.97481 1.9723 1.96993 1.9677 1.96563 1.96372 1.96197 1.96038 1.95896 1.9577 1.95659 1.95562 1.95479 1.95409 1.95351 1.95303 1.95266 1.95237 1.95217 1.95204 1.95198 1.95197 1.95202 1.95212 1.95226 1.95243 1.95263 1.95286 1.9531 1.95336 1.95364 
1.94701 1.94729 1.94758 1.94786 1.94815 1.94843 1.94871 1.94899 1.94927 1.94957 1.94987 1.95019 1.95055 1.95094 1.95139 1.9519 1.95248 1.95316 1.95395 1.95487 1.95592 1.95713 1.95851 1.96007 1.96182 1.96377 1.96592 1.96828 1.97083 1.97358 1.97651 1.9796 1.98284 1.98619 1.98964 1.99314 1.99666 2.00017 2.00363 2.00699 2.01023 2.01329 2.01615 2.01876 2.0211 2.02313 2.02483 2.02619 2.02717 2.02777 2.02799 2.02782 2.02726 2.02632 2.02501 2.02336 2.02137 2.01909 2.01653 2.01374 2.01074 2.00757 2.00428 2.00089 1.99745 1.99399 1.99055 1.98717 1.98387 1.98068 1.97762 1.97473 1.972 1.96946 1.96711 1.96496 1.963 1.96124 1.95967 1.95829 1.95708 1.95604 1.95515 1.9544 1.95379 1.9533 1.95291 1.95263 1.95243 1.95231 1.95226 1.95228 1.95234 1.95245 1.95261 1.95279 1.95301 1.95325 1.9535 1.95377 
1.94713 1.94741 1.9477 1.94799 1.94828 1.94857 1.94887 1.94916 1.94947 1.94979 1.95013 1.9505 1.95092 1.95139 1.95192 1.95254 1.95326 1.9541 1.95508 1.95621 1.95752 1.95901 1.96072 1.96264 1.9648 1.96719 1.96983 1.97271 1.97583 1.97917 1.98273 1.98647 1.99038 1.99442 1.99856 2.00276 2.00698 2.01117 2.01529 2.0193 2.02314 2.02677 2.03015 2.03324 2.036 2.03839 2.0404 2.04199 2.04314 2.04384 2.04408 2.04387 2.0432 2.04208 2.04053 2.03856 2.03621 2.0335 2.03046 2.02714 2.02357 2.0198 2.01587 2.01182 2.0077 2.00356 1.99944 1.99538 1.9914 1.98756 1.98387 1.98036 1.97706 1.97397 1.97111 1.96848 1.96608 1.96393 1.962 1.96029 1.95879 1.9575 1.95639 1.95545 1.95467 1.95404 1.95353 1.95315 1.95287 1.95268 1.95258 1.95254 1.95257 1.95266 1.95279 1.95296 1.95316 1.95339 1.95363 1.9539 
1.94724 1.94753 1.94782 1.94811 1.94841 1.94871 1.94902 1.94934 1.94967 1.95003 1.95042 1.95085 1.95134 1.9519 1.95254 1.9533 1.95418 1.95521 1.95641 1.9578 1.95941 1.96125 1.96333 1.96569 1.96832 1.97123 1.97444 1.97793 1.98169 1.98572 1.99 1.99449 1.99916 2.00399 2.00892 2.01391 2.01891 2.02387 2.02873 2.03345 2.03797 2.04223 2.0462 2.04981 2.05304 2.05583 2.05817 2.06001 2.06135 2.06216 2.06244 2.06217 2.06138 2.06006 2.05823 2.05592 2.05316 2.04997 2.0464 2.04249 2.03828 2.03383 2.02919 2.02441 2.01953 2.01462 2.00972 2.00488 2.00014 1.99555 1.99114 1.98693 1.98295 1.97923 1.97578 1.9726 1.9697 1.96708 1.96472 1.96264 1.9608 1.95921 1.95783 1.95667 1.95569 1.95489 1.95425 1.95374 1.95336 1.95309 1.95292 1.95283 1.95282 1.95286 1.95297 1.95312 1.9533 1.95352 1.95376 1.95401 
1.94735 1.94763 1.94792 1.94822 1.94853 1.94884 1.94917 1.94952 1.94989 1.95029 1.95073 1.95124 1.95181 1.95248 1.95326 1.95418 1.95525 1.95651 1.95798 1.95968 1.96163 1.96387 1.96641 1.96926 1.97244 1.97596 1.97982 1.98401 1.98852 1.99333 1.99842 2.00375 2.00929 2.015 2.02081 2.02668 2.03256 2.03837 2.04406 2.04957 2.05483 2.05979 2.06439 2.06858 2.07232 2.07555 2.07824 2.08037 2.0819 2.08283 2.08314 2.08282 2.08189 2.08035 2.07823 2.07554 2.07232 2.06861 2.06446 2.0599 2.05499 2.04979 2.04436 2.03876 2.03304 2.02727 2.0215 2.01579 2.01019 2.00475 1.99951 1.99451 1.98978 1.98534 1.9812 1.97739 1.9739 1.97074 1.9679 1.96537 1.96315 1.9612 1.95952 1.95809 1.95688 1.95588 1.95507 1.95442 1.95392 1.95355 1.9533 1.95315 1.95308 1.95309 1.95316 1.95328 1.95344 1.95364 1.95387 1.95412 
1.94745 1.94773 1.94802 1.94833 1.94865 1.94898 1.94933 1.94971 1.95012 1.95058 1.95109 1.95168 1.95236 1.95316 1.9541 1.95521 1.95651 1.95804 1.95981 1.96187 1.96424 1.96694 1.96999 1.97342 1.97724 1.98145 1.98604 1.99103 1.99638 2.00207 2.00808 2.01436 2.02087 2.02755 2.03434 2.04119 2.04802 2.05477 2.06136 2.06773 2.0738 2.07952 2.08481 2.08962 2.0939 2.0976 2.10068 2.10311 2.10486 2.10591 2.10625 2.10587 2.10479 2.10302 2.10057 2.09748 2.09377 2.0895 2.0847 2.07944 2.07377 2.06776 2.06147 2.05496 2.04831 2.04159 2.03486 2.02819 2.02163 2.01525 2.00909 2.00319 1.9976 1.99235 1.98744 1.98291 1.97876 1.97498 1.97158 1.96855 1.96586 1.96351 1.96148 1.95973 1.95826 1.95702 1.95601 1.9552 1.95456 1.95408 1.95373 1.9535 1.95337 1.95332 1.95335 1.95345 1.95359 1.95377 1.95399 1.95423 
1.94754 1.94783 1.94812 1.94844 1.94877 1.94913 1.94951 1.94992 1.95038 1.9509 1.9515 1.95219 1.953 1.95395 1.95508 1.95641 1.95798 1.95981 1.96195 1.96443 1.96726 1.9705 1.97415 1.97823 1.98277 1.98775 1.99319 1.99906 2.00536 2.01203 2.01906 2.02639 2.03396 2.04171 2.04958 2.05749 2.06537 2.07313 2.08069 2.08799 2.09493 2.10145 2.10748 2.11296 2.11782 2.12202 2.1255 2.12825 2.13022 2.1314 2.13177 2.13133 2.1301 2.12807 2.12528 2.12175 2.11753 2.11265 2.10718 2.10116 2.09467 2.08778 2.08056 2.07308 2.06542 2.05766 2.04988 2.04215 2.03454 2.02711 2.01993 2.01305 2.0065 2.00033 1.99457 1.98922 1.98431 1.97984 1.97581 1.97219 1.96899 1.96618 1.96373 1.96163 1.95984 1.95834 1.9571 1.95609 1.95529 1.95467 1.95421 1.95389 1.95369 1.95359 1.95357 1.95362 1.95374 1.9539 1.9541 1.95433 
1.94764 1.94792 1.94822 1.94855 1.9489 1.94928 1.94969 1.95015 1.95067 1.95127 1.95196 1.95277 1.95373 1.95487 1.95621 1.9578 1.95968 1.96187 1.96443 1.96737 1.97075 1.97459 1.97891 1.98374 1.98908 1.99494 2.00131 2.00818 2.01551 2.02328 2.03142 2.03989 2.04863 2.05755 2.06658 2.07563 2.08463 2.09347 2.10207 2.11035 2.11822 2.12559 2.1324 2.13857 2.14404 2.14875 2.15267 2.15574 2.15795 2.15926 2.15967 2.15917 2.15776 2.15548 2.15232 2.14834 2.14357 2.13806 2.13187 2.12506 2.1177 2.10987 2.10165 2.09313 2.08439 2.07552 2.0666 2.05772 2.04897 2.0404 2.0321 2.02413 2.01653 2.00935 2.00262 1.99638 1.99063 1.98537 1.98062 1.97636 1.97257 1.96923 1.96632 1.96381 1.96166 1.95985 1.95835 1.95712 1.95613 1.95535 1.95476 1.95433 1.95405 1.95387 1.9538 1.95381 1.95389 1.95403 1.95421 1.95444 
1.94774 1.94802 1.94833 1.94867 1.94904 1.94945 1.9499 1.95041 1.951 1.95169 1.95249 1.95345 1.95458 1.95592 1.95752 1.95941 1.96163 1.96424 1.96726 1.97075 1.97474 1.97926 1.98434 1.98999 1.99623 2.00306 2.01046 2.01842 2.02689 2.03584 2.0452 2.05491 2.0649 2.07507 2.08534 2.09562 2.1058 2.11579 2.12548 2.13479 2.14362 2.15188 2.1595 2.16639 2.17249 2.17774 2.18209 2.1855 2.18794 2.18939 2.18984 2.18927 2.1877 2.18514 2.18162 2.17717 2.17183 2.16566 2.15872 2.15108 2.14281 2.134 2.12474 2.11512 2.10523 2.09517 2.08504 2.07493 2.06494 2.05515 2.04564 2.03647 2.02772 2.01944 2.01166 2.00442 1.99773 1.99161 1.98606 1.98107 1.97662 1.97269 1.96926 1.96628 1.96373 1.96158 1.95977 1.95828 1.95708 1.95612 1.95539 1.95484 1.95445 1.9542 1.95406 1.95402 1.95406 1.95417 1.95434 1.95454 
1.94784 1.94812 1.94844 1.94879 1.94919 1.94963 1.95013 1.95071 1.95138 1.95217 1.9531 1.95422 1.95555 1.95713 1.95901 1.96125 1.96387 1.96694 1.9705 1.97459 1.97926 1.98454 1.99045 1.99702 2.00426 2.01214 2.02068 2.02982 2.03953 2.04975 2.06042 2.07146 2.08277 2.09427 2.10586 2.11741 2.12884 2.14002 2.15085 2.16123 2.17105 2.18023 2.18867 2.19629 2.20303 2.20883 2.21362 2.21738 2.22006 2.22165 2.22213 2.22149 2.21975 2.21691 2.21302 2.20809 2.20218 2.19534 2.18764 2.17914 2.16994 2.16011 2.14976 2.13899 2.1279 2.11659 2.10518 2.09377 2.08247 2.07136 2.06055 2.05011 2.04012 2.03064 2.02171 2.01338 2.00567 1.9986 1.99217 1.98637 1.98119 1.9766 1.97258 1.96908 1.96608 1.96353 1.96139 1.95961 1.95816 1.957 1.95609 1.9554 1.9549 1.95455 1.95435 1.95425 1.95425 1.95432 1.95446 1.95466 
1.94795 1.94823 1.94856 1.94893 1.94935 1.94983 1.95039 1.95104 1.95181 1.95272 1.9538 1.9551 1.95665 1.95851 1.96072 1.96333 1.96641 1.96999 1.97415 1.97891 1.98434 1.99045 1.99729 2.00486 2.01317 2.02222 2.03197 2.04238 2.05342 2.06501 2.07706 2.0895 2.10222 2.11512 2.12807 2.14096 2.15367 2.16608 2.17807 2.18954 2.20037 2.21047 2.21974 2.22811 2.23549 2.24183 2.24707 2.25117 2.25409 2.25581 2.25633 2.25562 2.25371 2.25061 2.24633 2.24093 2.23444 2.22693 2.21845 2.2091 2.19894 2.18808 2.17662 2.16466 2.15233 2.13973 2.12698 2.11421 2.10152 2.08903 2.07684 2.06504 2.05372 2.04295 2.03278 2.02327 2.01446 2.00635 1.99895 1.99227 1.98628 1.98097 1.9763 1.97223 1.96872 1.96573 1.9632 1.9611 1.95938 1.95799 1.95689 1.95604 1.95541 1.95496 1.95467 1.9545 1.95445 1.95449 1.9546 1.95478 
1.94807 1.94835 1.94868 1.94908 1.94953 1.95006 1.95068 1.95142 1.95229 1.95333 1.95459 1.9561 1.95791 1.96007 1.96264 1.96569 1.96926 1.97342 1.97823 1.98374 1.98999 1.99702 2.00486 2.01352 2.023 2.03328 2.04433 2.05611 2.06855 2.08158 2.0951 2.10901 2.12319 2.13752 2.15188 2.16614 2.18016 2.19382 2.207 2.21956 2.2314 2.24242 2.25252 2.26162 2.26963 2.27651 2.28218 2.28662 2.28977 2.29163 2.29218 2.29141 2.28934 2.28596 2.28132 2.27545 2.2684 2.26022 2.25098 2.24076 2.22965 2.21775 2.20516 2.19201 2.1784 2.16448 2.15036 2.13617 2.12205 2.10811 2.09447 2.08124 2.06851 2.05636 2.04488 2.03411 2.0241 2.01487 2.00643 1.99879 1.99193 1.98582 1.98043 1.97573 1.97166 1.96818 1.96524 1.96278 1.96074 1.95909 1.95778 1.95675 1.95597 1.95541 1.95502 1.95479 1.95468 1.95467 1.95475 1.95491 
1.9482 1.94848 1.94883 1.94924 1.94973 1.95032 1.95101 1.95184 1.95284 1.95403 1.95548 1.95722 1.95932 1.96182 1.9648 1.96832 1.97244 1.97724 1.98277 1.98908 1.99623 2.00426 2.01317 2.023 2.03372 2.04532 2.05776 2.07097 2.08489 2.09942 2.11446 2.12988 2.14557 2.16138 2.17718 2.19282 2.20816 2.22308 2.23742 2.25107 2.26391 2.27584 2.28675 2.29656 2.30519 2.31258 2.31867 2.32343 2.32681 2.3288 2.32938 2.32856 2.32632 2.32269 2.3177 2.31138 2.30378 2.29495 2.28496 2.2739 2.26185 2.24892 2.23521 2.22085 2.20597 2.1907 2.17518 2.15956 2.14395 2.12852 2.11338 2.09865 2.08445 2.07086 2.05799 2.04588 2.03459 2.02417 2.01461 2.00593 1.99812 1.99115 1.98499 1.9796 1.97492 1.97091 1.9675 1.96464 1.96227 1.96033 1.95877 1.95755 1.95661 1.95591 1.95542 1.9551 1.95492 1.95487 1.95492 1.95505 
1.94835 1.94862 1.94898 1.94942 1.94996 1.9506 1.95138 1.95232 1.95345 1.95482 1.95648 1.95848 1.96089 1.96377 1.96719 1.97123 1.97596 1.98145 1.98775 1.99494 2.00306 2.01214 2.02222 2.03328 2.04532 2.05831 2.0722 2.08691 2.10236 2.11845 2.13504 2.15202 2.16923 2.18654 2.20378 2.22081 2.23747 2.25362 2.26912 2.28383 2.29764 2.31044 2.32213 2.33262 2.34183 2.34971 2.3562 2.36126 2.36486 2.36698 2.36759 2.36671 2.36433 2.36047 2.35514 2.3484 2.34028 2.33083 2.32013 2.30825 2.2953 2.28136 2.26655 2.25101 2.23486 2.21825 2.20132 2.18423 2.16713 2.15016 2.13348 2.11721 2.10148 2.08639 2.07206 2.05854 2.04592 2.03422 2.02347 2.01369 2.00487 1.99697 1.98998 1.98383 1.9785 1.9739 1.96998 1.96669 1.96395 1.96169 1.95987 1.95843 1.95731 1.95647 1.95586 1.95544 1.9552 1.95509 1.9551 1.95521 
1.9485 1.94878 1.94916 1.94963 1.95021 1.95092 1.95179 1.95285 1.95413 1.95569 1.95758 1.95987 1.96263 1.96592 1.96983 1.97444 1.97982 1.98604 1.99319 2.00131 2.01046 2.02068 2.03197 2.04433 2.05776 2.0722 2.08759 2.10385 2.12088 2.13855 2.15674 2.17528 2.19404 2.21283 2.23151 2.2499 2.26786 2.28521 2.30182 2.31756 2.33229 2.34592 2.35834 2.36947 2.37923 2.38757 2.39442 2.39977 2.40356 2.40579 2.40644 2.40551 2.403 2.39892 2.3933 2.38616 2.37756 2.36754 2.35617 2.34352 2.3297 2.31479 2.29893 2.28223 2.26484 2.2469 2.22858 2.21003 2.19142 2.17292 2.15466 2.13682 2.11951 2.10288 2.08704 2.07206 2.05803 2.045 2.033 2.02205 2.01215 2.00327 1.99538 1.98844 1.98239 1.97716 1.9727 1.96893 1.96579 1.96319 1.96109 1.9594 1.95808 1.95708 1.95634 1.95583 1.9555 1.95533 1.9553 1.95538 
1.94868 1.94896 1.94935 1.94986 1.95049 1.95128 1.95225 1.95343 1.95488 1.95665 1.9588 1.96141 1.96454 1.96828 1.97271 1.97793 1.98401 1.99103 1.99906 2.00818 2.01842 2.02982 2.04238 2.05611 2.07097 2.08691 2.10385 2.1217 2.14033 2.15961 2.17939 2.19951 2.21979 2.24006 2.26014 2.27987 2.29906 2.31757 2.33525 2.35195 2.36755 2.38195 2.39505 2.40676 2.41702 2.42577 2.43296 2.43855 2.44253 2.44486 2.44555 2.44457 2.44195 2.43768 2.43179 2.42431 2.41527 2.40473 2.39274 2.37938 2.36475 2.34894 2.33206 2.31426 2.29567 2.27645 2.25676 2.23678 2.21667 2.19662 2.17679 2.15735 2.13846 2.12025 2.10285 2.08636 2.07088 2.05646 2.04316 2.03098 2.01995 2.01003 2.00119 1.9934 1.98659 1.9807 1.97565 1.97137 1.96779 1.96483 1.96241 1.96046 1.95893 1.95775 1.95687 1.95624 1.95583 1.9556 1.95552 1.95557 
1.94887 1.94915 1.94956 1.9501 1.9508 1.95167 1.95275 1.95408 1.95571 1.95771 1.96014 1.96308 1.96661 1.97083 1.97583 1.98169 1.98852 1.99638 2.00536 2.01551 2.02689 2.03953 2.05342 2.06855 2.08489 2.10236 2.12088 2.14033 2.16057 2.18147 2.20283 2.2245 2.24628 2.26799 2.28944 2.31044 2.33082 2.35042 2.36909 2.38668 2.40308 2.41818 2.43189 2.44413 2.45483 2.46394 2.47142 2.47724 2.48137 2.4838 2.48451 2.48351 2.48079 2.47636 2.47025 2.46246 2.45304 2.44204 2.4295 2.41551 2.40013 2.38348 2.36567 2.34683 2.3271 2.30665 2.28564 2.26425 2.24268 2.2211 2.19971 2.17868 2.15818 2.13837 2.11939 2.10137 2.08439 2.06855 2.05389 2.04045 2.02822 2.01722 2.00739 1.9987 1.99109 1.98449 1.97882 1.974 1.96995 1.96659 1.96384 1.96161 1.95985 1.95848 1.95745 1.9567 1.95619 1.95589 1.95576 1.95578 
1.94907 1.94936 1.94979 1.95038 1.95114 1.95209 1.95329 1.95478 1.95661 1.95885 1.96158 1.96488 1.96885 1.97358 1.97917 1.98572 1.99333 2.00207 2.01203 2.02328 2.03584 2.04975 2.06501 2.08158 2.09942 2.11845 2.13855 2.15961 2.18147 2.20395 2.22688 2.25007 2.2733 2.29639 2.31914 2.34135 2.36284 2.38346 2.40303 2.42144 2.43856 2.45428 2.46852 2.48121 2.49229 2.50172 2.50944 2.51545 2.51971 2.52222 2.52297 2.52194 2.51915 2.5146 2.50829 2.50026 2.49052 2.47912 2.46611 2.45155 2.43552 2.41811 2.39944 2.37964 2.35885 2.33723 2.31497 2.29224 2.26924 2.24618 2.22324 2.20064 2.17854 2.15713 2.13656 2.11698 2.09849 2.08119 2.06514 2.05038 2.03694 2.02481 2.01395 2.00432 1.99587 1.98852 1.9822 1.97681 1.97227 1.96848 1.96537 1.96285 1.96084 1.95927 1.95807 1.95719 1.95658 1.9562 1.95602 1.956 
1.9493 1.94959 1.95004 1.95067 1.9515 1.95256 1.95388 1.95554 1.95758 1.96008 1.96313 1.96682 1.97124 1.97651 1.98273 1.99 1.99842 2.00808 2.01906 2.03142 2.0452 2.06042 2.07706 2.0951 2.11446 2.13504 2.15674 2.17939 2.20283 2.22688 2.25134 2.27598 2.30062 2.32502 2.34899 2.37232 2.39484 2.41638 2.43677 2.4559 2.47364 2.4899 2.5046 2.51767 2.52906 2.53874 2.54666 2.55282 2.55719 2.55977 2.56054 2.55951 2.55666 2.55202 2.54557 2.53734 2.52736 2.51564 2.50223 2.48719 2.47058 2.45251 2.43308 2.4124 2.39063 2.36794 2.34449 2.32049 2.29613 2.27163 2.2472 2.22305 2.19938 2.17638 2.15423 2.13308 2.11307 2.09429 2.07683 2.06074 2.04604 2.03275 2.02082 2.01023 2.0009 1.99278 1.98577 1.97978 1.97472 1.97049 1.96701 1.96417 1.9619 1.96011 1.95874 1.95772 1.957 1.95654 1.9563 1.95625 
1.94954 1.94983 1.95031 1.95099 1.95189 1.95305 1.95452 1.95635 1.95861 1.96139 1.96478 1.96887 1.97377 1.9796 1.98647 1.99449 2.00375 2.01436 2.02639 2.03989 2.05491 2.07146 2.0895 2.10901 2.12988 2.15202 2.17528 2.19951 2.2245 2.25007 2.27598 2.30203 2.32798 2.35362 2.37872 2.40309 2.42653 2.44889 2.47001 2.48976 2.50803 2.52474 2.5398 2.55317 2.56481 2.57468 2.58275 2.58902 2.59347 2.5961 2.5969 2.59587 2.593 2.58829 2.58175 2.57339 2.56321 2.55125 2.53752 2.52209 2.50502 2.48638 2.46627 2.44483 2.42218 2.3985 2.37396 2.34877 2.32313 2.29726 2.27139 2.24574 2.22053 2.19598 2.17226 2.14956 2.12802 2.10776 2.08888 2.07143 2.05547 2.04099 2.02797 2.01638 2.00616 1.99723 1.98951 1.9829 1.9773 1.97261 1.96873 1.96556 1.96301 1.961 1.95945 1.95828 1.95745 1.9569 1.9566 1.95651 
1.9498 1.95009 1.9506 1.95133 1.95231 1.95358 1.95519 1.95721 1.95971 1.96277 1.96651 1.97102 1.97643 1.98284 1.99038 1.99916 2.00929 2.02087 2.03396 2.04863 2.0649 2.08277 2.10222 2.12319 2.14557 2.16923 2.19404 2.21979 2.24628 2.2733 2.30062 2.32798 2.35517 2.38194 2.40808 2.43337 2.45764 2.48071 2.50245 2.52272 2.54142 2.55848 2.57383 2.58742 2.59923 2.60923 2.61741 2.62375 2.62826 2.63092 2.63175 2.63072 2.62785 2.62312 2.61653 2.60809 2.59779 2.58566 2.57171 2.55598 2.53853 2.51942 2.49876 2.47665 2.45323 2.42866 2.40313 2.37684 2.34999 2.32284 2.2956 2.26852 2.24183 2.21575 2.1905 2.16627 2.14322 2.12149 2.10119 2.08239 2.06514 2.04946 2.03534 2.02274 2.0116 2.00185 1.9934 1.98615 1.98 1.97483 1.97054 1.96702 1.96419 1.96194 1.96019 1.95888 1.95792 1.95729 1.95692 1.95679 
1.95007 1.95037 1.95091 1.95169 1.95276 1.95414 1.9559 1.95811 1.96085 1.96422 1.96832 1.97327 1.97918 1.98619 1.99442 2.00399 2.015 2.02755 2.04171 2.05755 2.07507 2.09427 2.11512 2.13752 2.16138 2.18654 2.21283 2.24006 2.26799 2.29639 2.32502 2.35362 2.38194 2.40975 2.43681 2.46293 2.48791 2.51159 2.53383 2.55452 2.57355 2.59087 2.60642 2.62016 2.63207 2.64215 2.65037 2.65676 2.66129 2.66398 2.66483 2.66382 2.66097 2.65625 2.64965 2.64119 2.63084 2.61861 2.60451 2.58858 2.57085 2.55138 2.53026 2.50759 2.48351 2.45816 2.43175 2.40445 2.37651 2.34815 2.31963 2.29118 2.26307 2.23554 2.20881 2.18308 2.15855 2.13537 2.11366 2.09351 2.07498 2.0581 2.04287 2.02925 2.01718 2.0066 1.99741 1.9895 1.98278 1.97712 1.97241 1.96854 1.96541 1.96292 1.96097 1.9595 1.95842 1.95769 1.95725 1.95708 
1.95035 1.95066 1.95123 1.95207 1.95322 1.95472 1.95664 1.95905 1.96205 1.96572 1.97019 1.97558 1.98202 1.98964 1.99856 2.00892 2.02081 2.03434 2.04958 2.06658 2.08534 2.10586 2.12807 2.15188 2.17718 2.20378 2.23151 2.26014 2.28944 2.31914 2.34899 2.37872 2.40808 2.43681 2.4647 2.49153 2.51711 2.54129 2.56393 2.58493 2.6042 2.62169 2.63736 2.65117 2.66312 2.67321 2.68144 2.68783 2.69237 2.69507 2.69593 2.69496 2.69214 2.68746 2.6809 2.67246 2.66212 2.64987 2.63571 2.61966 2.60174 2.58201 2.56054 2.53742 2.51279 2.48678 2.45958 2.4314 2.40246 2.37299 2.34327 2.31355 2.2841 2.25517 2.22701 2.19985 2.17388 2.14928 2.12618 2.10471 2.08491 2.06684 2.0505 2.03585 2.02286 2.01144 2.0015 1.99293 1.98563 1.97947 1.97434 1.97011 1.96667 1.96393 1.96178 1.96014 1.95894 1.95811 1.9576 1.95739 
1.95065 1.95096 1.95156 1.95246 1.9537 1.95533 1.95741 1.96002 1.96327 1.96726 1.97211 1.97795 1.98491 1.99314 2.00276 2.01391 2.02668 2.04119 2.05749 2.07563 2.09562 2.11741 2.14096 2.16614 2.19282 2.22081 2.2499 2.27987 2.31044 2.34135 2.37232 2.40309 2.43337 2.46293 2.49153 2.51895 2.54503 2.5696 2.59254 2.61376 2.63318 2.65075 2.66645 2.68027 2.6922 2.70226 2.71045 2.71681 2.72133 2.72403 2.72491 2.72397 2.7212 2.71659 2.71011 2.70175 2.69147 2.67926 2.66512 2.64903 2.63102 2.61112 2.5894 2.56594 2.54086 2.5143 2.48643 2.45747 2.42763 2.39716 2.36634 2.33544 2.30473 2.27448 2.24496 2.21642 2.18906 2.16309 2.13865 2.11587 2.09484 2.07559 2.05815 2.0425 2.02858 2.01632 2.00563 1.99641 1.98852 1.98186 1.9763 1.9717 1.96796 1.96496 1.9626 1.9608 1.95946 1.95854 1.95796 1.95771 
1.95095 1.95127 1.9519 1.95286 1.95419 1.95594 1.95819 1.96101 1.96452 1.96882 1.97405 1.98034 1.98783 1.99666 2.00698 2.01891 2.03256 2.04802 2.06537 2.08463 2.1058 2.12884 2.15367 2.18016 2.20816 2.23747 2.26786 2.29906 2.33082 2.36284 2.39484 2.42653 2.45764 2.48791 2.51711 2.54503 2.5715 2.59636 2.61951 2.64085 2.66033 2.67791 2.69357 2.70733 2.71919 2.72917 2.73729 2.74358 2.74807 2.75075 2.75165 2.75075 2.74806 2.74353 2.73716 2.72891 2.71875 2.70665 2.69258 2.67653 2.65851 2.63854 2.61667 2.59296 2.56754 2.54053 2.5121 2.48246 2.45183 2.42047 2.38866 2.35666 2.32478 2.2933 2.2625 2.23265 2.20397 2.17668 2.15095 2.12691 2.10467 2.08428 2.06577 2.04912 2.03429 2.0212 2.00977 1.99989 1.99143 1.98427 1.97827 1.97331 1.96926 1.96601 1.96344 1.96147 1.96 1.95898 1.95833 1.95803 
1.95126 1.95159 1.95225 1.95327 1.95469 1.95657 1.95897 1.962 1.96577 1.97039 1.97599 1.98273 1.99074 2.00017 2.01117 2.02387 2.03837 2.05477 2.07313 2.09347 2.11579 2.14002 2.16608 2.19382 2.22308 2.25362 2.28521 2.31757 2.35042 2.38346 2.41638 2.44889 2.48071 2.51159 2.54129 2.5696 2.59636 2.62142 2.64468 2.66607 2.68554 2.70306 2.71863 2.73227 2.74401 2.75387 2.76188 2.76809 2.77252 2.77519 2.77609 2.77525 2.77263 2.76822 2.76198 2.75389 2.74388 2.73193 2.718 2.70206 2.6841 2.66413 2.64219 2.61834 2.59267 2.56531 2.53642 2.50621 2.4749 2.44275 2.41004 2.37705 2.3441 2.31148 2.27948 2.2484 2.21847 2.18992 2.16296 2.13771 2.11431 2.09282 2.07326 2.05565 2.03992 2.02603 2.01388 2.00335 1.99432 1.98666 1.98024 1.97492 1.97057 1.96706 1.96428 1.96214 1.96055 1.95942 1.95871 1.95836 
1.95157 1.9519 1.9526 1.95368 1.95519 1.95719 1.95976 1.963 1.96701 1.97194 1.97792 1.98509 1.99361 2.00363 2.01529 2.02873 2.04406 2.06136 2.08069 2.10207 2.12548 2.15085 2.17807 2.207 2.23742 2.26912 2.30182 2.33525 2.36909 2.40303 2.43677 2.47001 2.50245 2.53383 2.56393 2.59254 2.61951 2.64468 2.66799 2.68935 2.70873 2.72613 2.74156 2.75504 2.76662 2.77633 2.78422 2.79032 2.79468 2.79731 2.79823 2.79743 2.79491 2.79062 2.78455 2.77663 2.76682 2.75506 2.74132 2.72554 2.7077 2.68781 2.66587 2.64195 2.61612 2.5885 2.55926 2.52858 2.49669 2.46385 2.43034 2.39646 2.36253 2.32886 2.29576 2.26353 2.23243 2.20271 2.17457 2.14818 2.12367 2.10112 2.08057 2.06202 2.04544 2.03076 2.0179 2.00675 1.99717 1.98903 1.98219 1.97651 1.97185 1.9681 1.96512 1.96281 1.96109 1.95986 1.95908 1.95869 
1.95188 1.95222 1.95295 1.95409 1.95568 1.9578 1.96053 1.96397 1.96824 1.97347 1.9798 1.9874 1.99641 2.00699 2.0193 2.03345 2.04957 2.06773 2.08799 2.11035 2.13479 2.16123 2.18954 2.21956 2.25107 2.28383 2.31756 2.35195 2.38668 2.42144 2.4559 2.48976 2.52272 2.55452 2.58493 2.61376 2.64085 2.66607 2.68935 2.71062 2.72987 2.74711 2.76235 2.77564 2.78703 2.79656 2.8043 2.81029 2.81457 2.81716 2.81808 2.81734 2.81491 2.81077 2.80486 2.79714 2.78755 2.77602 2.7625 2.74692 2.72926 2.7095 2.68763 2.66371 2.6378 2.61001 2.58049 2.54943 2.51705 2.48362 2.44941 2.41475 2.37994 2.34532 2.31121 2.27792 2.24573 2.21491 2.18568 2.15821 2.13265 2.1091 2.0876 2.06817 2.05077 2.03535 2.02181 2.01005 1.99993 1.99133 1.98408 1.97806 1.97312 1.96912 1.96594 1.96347 1.96162 1.9603 1.95945 1.95902 
1.95218 1.95253 1.95329 1.95448 1.95617 1.9584 1.96129 1.96492 1.96942 1.97494 1.98162 1.98962 1.99911 2.01023 2.02314 2.03797 2.05483 2.0738 2.09493 2.11822 2.14362 2.17105 2.20037 2.2314 2.26391 2.29764 2.33229 2.36755 2.40308 2.43856 2.47364 2.50803 2.54142 2.57355 2.6042 2.63318 2.66033 2.68554 2.70873 2.72987 2.74896 2.76599 2.78102 2.79409 2.80527 2.81461 2.82219 2.82804 2.83223 2.83479 2.83572 2.83502 2.83269 2.82869 2.82297 2.81546 2.8061 2.79482 2.78155 2.76621 2.74876 2.72917 2.70743 2.68357 2.65764 2.62974 2.60003 2.56867 2.53589 2.50195 2.46715 2.43178 2.3962 2.36072 2.3257 2.29144 2.25826 2.22643 2.19618 2.16771 2.14118 2.11669 2.0943 2.07403 2.05586 2.03973 2.02555 2.01321 2.00259 1.99354 1.98591 1.97956 1.97433 1.9701 1.96673 1.96411 1.96214 1.96073 1.95981 1.95934 
1.95247 1.95282 1.95361 1.95486 1.95663 1.95898 1.96201 1.96583 1.97056 1.97635 1.98336 1.99174 2.00166 2.01329 2.02677 2.04223 2.05979 2.07952 2.10145 2.12559 2.15188 2.18023 2.21047 2.24242 2.27584 2.31044 2.34592 2.38195 2.41818 2.45428 2.4899 2.52474 2.55848 2.59087 2.62169 2.65075 2.67791 2.70306 2.72613 2.74711 2.76599 2.78281 2.7976 2.81044 2.8214 2.83054 2.83794 2.84367 2.84777 2.85027 2.85121 2.85057 2.84834 2.84448 2.83894 2.83165 2.82254 2.81152 2.7985 2.78342 2.76621 2.74683 2.72524 2.70148 2.67558 2.64764 2.61779 2.58621 2.55311 2.51875 2.48343 2.44746 2.41119 2.37496 2.33911 2.30399 2.2699 2.23715 2.20597 2.17658 2.14915 2.1238 2.10058 2.07954 2.06065 2.04386 2.02908 2.01621 2.00511 1.99564 1.98765 1.98098 1.9755 1.97104 1.96749 1.96472 1.96263 1.96113 1.96016 1.95965 
1.95274 1.9531 1.95392 1.95523 1.95707 1.95953 1.96269 1.96668 1.97162 1.97767 1.98498 1.99372 2.00405 2.01615 2.03015 2.0462 2.06439 2.08481 2.10748 2.1324 2.1595 2.18867 2.21974 2.25252 2.28675 2.32213 2.35834 2.39505 2.43189 2.46852 2.5046 2.5398 2.57383 2.60642 2.63736 2.66645 2.69357 2.71863 2.74156 2.76235 2.78102 2.7976 2.81216 2.82476 2.83549 2.84444 2.85167 2.85726 2.86127 2.86373 2.86467 2.86408 2.86194 2.85823 2.85287 2.84579 2.83692 2.82616 2.81341 2.7986 2.78163 2.76247 2.74107 2.71744 2.69161 2.66367 2.63374 2.60199 2.56863 2.53393 2.49818 2.46169 2.42482 2.38792 2.35135 2.31546 2.28057 2.24698 2.21497 2.18475 2.15651 2.13036 2.10639 2.08464 2.06509 2.04769 2.03236 2.01899 2.00745 1.9976 1.98927 1.98232 1.97658 1.97192 1.9682 1.9653 1.9631 1.96152 1.96048 1.95994 
1.953 1.95337 1.95421 1.95556 1.95748 1.96003 1.96332 1.96747 1.97261 1.97889 1.98647 1.99553 2.00624 2.01876 2.03324 2.04981 2.06858 2.08962 2.11296 2.13857 2.16639 2.19629 2.22811 2.26162 2.29656 2.33262 2.36947 2.40676 2.44413 2.48121 2.51767 2.55317 2.58742 2.62016 2.65117 2.68027 2.70733 2.73227 2.75504 2.77564 2.79409 2.81044 2.82476 2.83713 2.84765 2.8564 2.86347 2.86894 2.87286 2.87527 2.87621 2.87567 2.87362 2.87004 2.86485 2.85798 2.84934 2.83883 2.82634 2.81179 2.79507 2.77614 2.75493 2.73145 2.70571 2.6778 2.64783 2.61596 2.58241 2.54743 2.51131 2.47439 2.43701 2.39954 2.36233 2.32576 2.29016 2.25585 2.22309 2.19214 2.16316 2.13631 2.11167 2.08928 2.06913 2.05119 2.03536 2.02154 2.0096 1.99939 1.99076 1.98354 1.97758 1.97274 1.96886 1.96583 1.96353 1.96188 1.96079 1.96021 
1.95323 1.95361 1.95448 1.95587 1.95785 1.96049 1.96389 1.96818 1.97349 1.97998 1.98782 1.99717 2.0082 2.0211 2.036 2.05304 2.07232 2.0939 2.11782 2.14404 2.17249 2.20303 2.23549 2.26963 2.30519 2.34183 2.37923 2.41702 2.45483 2.49229 2.52906 2.56481 2.59923 2.63207 2.66312 2.6922 2.71919 2.74401 2.76662 2.78703 2.80527 2.8214 2.83549 2.84765 2.85797 2.86654 2.87346 2.8788 2.88264 2.88501 2.88595 2.88545 2.88349 2.88003 2.875 2.86832 2.8599 2.84962 2.83737 2.82306 2.80659 2.78787 2.76685 2.74352 2.71789 2.69003 2.66004 2.6281 2.5944 2.55919 2.52278 2.4855 2.44769 2.40972 2.37198 2.33483 2.29862 2.26367 2.23027 2.19866 2.16905 2.14159 2.11635 2.0934 2.07273 2.0543 2.03803 2.02382 2.01152 2.001 1.99209 1.98464 1.97848 1.97347 1.96945 1.96631 1.96393 1.9622 1.96107 1.96046 
1.95344 1.95382 1.95471 1.95614 1.95818 1.96089 1.9644 1.96881 1.97427 1.98094 1.98899 1.99859 2.00991 2.02313 2.03839 2.05583 2.07555 2.0976 2.12202 2.14875 2.17774 2.20883 2.24183 2.27651 2.31258 2.34971 2.38757 2.42577 2.46394 2.50172 2.53874 2.57468 2.60923 2.64215 2.67321 2.70226 2.72917 2.75387 2.77633 2.79656 2.81461 2.83054 2.84444 2.8564 2.86654 2.87495 2.88174 2.88697 2.89074 2.89308 2.89401 2.89355 2.89166 2.88831 2.88342 2.87691 2.86867 2.8586 2.84658 2.83249 2.81622 2.7977 2.77686 2.75368 2.72816 2.70035 2.67037 2.63838 2.60456 2.56918 2.53253 2.49495 2.45679 2.41842 2.38023 2.34259 2.30586 2.27037 2.23643 2.20428 2.17413 2.14613 2.12039 2.09696 2.07585 2.057 2.04035 2.02579 2.01319 2.0024 1.99326 1.9856 1.97927 1.97411 1.96998 1.96673 1.96427 1.96249 1.96131 1.96068 
1.95362 1.954 1.95491 1.95638 1.95846 1.96124 1.96482 1.96934 1.97493 1.98175 1.98998 1.99978 2.01135 2.02483 2.0404 2.05817 2.07824 2.10068 2.1255 2.15267 2.18209 2.21362 2.24707 2.28218 2.31867 2.3562 2.39442 2.43296 2.47142 2.50944 2.54666 2.58275 2.61741 2.65037 2.68144 2.71045 2.73729 2.76188 2.78422 2.8043 2.82219 2.83794 2.85167 2.86347 2.87346 2.88174 2.8884 2.89356 2.89726 2.89956 2.9005 2.90007 2.89824 2.89498 2.89021 2.88384 2.87577 2.86587 2.85403 2.84013 2.82405 2.8057 2.78501 2.76195 2.73652 2.70878 2.67881 2.64678 2.61288 2.57737 2.54053 2.50271 2.46426 2.42557 2.38702 2.34898 2.31184 2.27592 2.24153 2.20893 2.17834 2.14991 2.12375 2.09993 2.07844 2.05925 2.04229 2.02745 2.01459 2.00357 1.99424 1.98641 1.97994 1.97465 1.97042 1.96709 1.96457 1.96273 1.96152 1.96087 
1.95376 1.95415 1.95507 1.95656 1.95869 1.96152 1.96517 1.96977 1.97546 1.9824 1.99077 2.00074 2.01249 2.02619 2.04199 2.06001 2.08037 2.10311 2.12825 2.15574 2.1855 2.21738 2.25117 2.28662 2.32343 2.36126 2.39977 2.43855 2.47724 2.51545 2.55282 2.58902 2.62375 2.65676 2.68783 2.71681 2.74358 2.76809 2.79032 2.81029 2.82804 2.84367 2.85726 2.86894 2.8788 2.88697 2.89356 2.89864 2.90229 2.90457 2.90551 2.9051 2.90332 2.90013 2.89546 2.8892 2.88125 2.87149 2.8598 2.84604 2.83011 2.81189 2.79132 2.76837 2.74301 2.71531 2.68536 2.65331 2.61934 2.58373 2.54675 2.50875 2.47009 2.43114 2.39231 2.35397 2.3165 2.28025 2.24551 2.21257 2.18164 2.15287 2.1264 2.10226 2.08049 2.06103 2.04383 2.02876 2.0157 2.00451 1.99502 1.98706 1.98047 1.97509 1.97077 1.96738 1.9648 1.96293 1.96169 1.96102 
1.95387 1.95426 1.9552 1.95671 1.95886 1.96173 1.96543 1.97009 1.97585 1.98288 1.99135 2.00144 2.01332 2.02717 2.04314 2.06135 2.0819 2.10486 2.13022 2.15795 2.18794 2.22006 2.25409 2.28977 2.32681 2.36486 2.40356 2.44253 2.48137 2.51971 2.55719 2.59347 2.62826 2.66129 2.69237 2.72133 2.74807 2.77252 2.79468 2.81457 2.83223 2.84777 2.86127 2.87286 2.88264 2.89074 2.89726 2.90229 2.90592 2.90818 2.90912 2.90872 2.90698 2.90384 2.89923 2.89305 2.88519 2.87553 2.86394 2.85028 2.83444 2.81632 2.79583 2.77294 2.74764 2.71997 2.69002 2.65795 2.62394 2.58825 2.55117 2.51304 2.47422 2.4351 2.39607 2.35752 2.31982 2.28333 2.24836 2.21517 2.184 2.155 2.12829 2.10394 2.08196 2.06232 2.04494 2.02971 2.01652 2.0052 1.99559 1.98753 1.98086 1.97541 1.97104 1.9676 1.96498 1.96308 1.96182 1.96114 
1.95395 1.95434 1.95528 1.9568 1.95897 1.96186 1.96559 1.97029 1.9761 1.98318 1.99171 2.00187 2.01384 2.02777 2.04384 2.06216 2.08283 2.10591 2.1314 2.15926 2.18939 2.22165 2.25581 2.29163 2.3288 2.36698 2.40579 2.44486 2.4838 2.52222 2.55977 2.5961 2.63092 2.66398 2.69507 2.72403 2.75075 2.77519 2.79731 2.81716 2.83479 2.85027 2.86373 2.87527 2.88501 2.89308 2.89956 2.90457 2.90818 2.91044 2.91137 2.91099 2.90927 2.90616 2.90158 2.89544 2.88763 2.87802 2.86648 2.85287 2.83708 2.81901 2.79856 2.7757 2.75041 2.72275 2.6928 2.6607 2.62666 2.59091 2.55377 2.51556 2.47665 2.43742 2.39828 2.3596 2.32178 2.28515 2.25004 2.21671 2.1854 2.15626 2.12943 2.10495 2.08285 2.0631 2.04561 2.0303 2.01702 2.00562 1.99595 1.98783 1.98111 1.97562 1.97121 1.96774 1.9651 1.96318 1.96191 1.96122 
