5.3225 5.32268 5.32295 5.32329 5.32371 5.32421 5.3248 5.32546 5.32621 5.32705 5.32796 5.32897 5.33006 5.33124 5.33251 5.33387 5.33532 5.33686 5.33848 5.34019 5.34198 5.34386 5.3458 5.34782 5.3499 5.35204 5.35423 5.35646 5.35873 5.36102 5.36331 5.36561 5.3679 5.37016 5.37239 5.37457 5.37668 5.37872 5.38068 5.38253 5.38426 5.38588 5.38735 5.38868 5.38986 5.39087 5.39172 5.39238 5.39287 5.39317 5.39329 5.39322 5.39296 5.39252 5.39191 5.39111 5.39015 5.38902 5.38775 5.38632 5.38477 5.38309 5.3813 5.37942 5.37744 5.3754 5.3733 5.37115 5.36896 5.36676 5.36455 5.36235 5.36016 5.358 5.35587 5.3538 5.35178 5.34983 5.34794 5.34614 5.34441 5.34278 5.34123 5.33978 5.33843 5.33717 5.33601 5.33495 5.33398 5.33312 5.33235 5.33167 5.33109 5.3306 5.3302 5.32988 5.32965 5.32951 5.32945 5.32947 
5.32268 5.32287 5.32313 5.32347 5.3239 5.3244 5.32499 5.32566 5.32641 5.32725 5.32817 5.32919 5.33029 5.33147 5.33275 5.33412 5.33558 5.33713 5.33877 5.34049 5.34229 5.34418 5.34614 5.34818 5.35027 5.35243 5.35464 5.35689 5.35917 5.36148 5.3638 5.36611 5.36842 5.3707 5.37295 5.37514 5.37728 5.37933 5.3813 5.38317 5.38492 5.38654 5.38803 5.38938 5.39056 5.39158 5.39243 5.39311 5.3936 5.3939 5.39402 5.39395 5.39369 5.39325 5.39262 5.39182 5.39085 5.38971 5.38843 5.38699 5.38542 5.38373 5.38193 5.38002 5.37803 5.37597 5.37385 5.37168 5.36948 5.36726 5.36503 5.36281 5.3606 5.35842 5.35628 5.35419 5.35215 5.35018 5.34828 5.34646 5.34473 5.34308 5.34152 5.34006 5.33869 5.33742 5.33625 5.33518 5.33421 5.33334 5.33256 5.33188 5.33129 5.3308 5.33039 5.33007 5.32984 5.32969 5.32963 5.32965 
5.32295 5.32313 5.3234 5.32374 5.32417 5.32469 5.32528 5.32596 5.32673 5.32759 5.32853 5.32956 5.33068 5.33189 5.3332 5.33459 5.33608 5.33766 5.33933 5.34109 5.34294 5.34486 5.34687 5.34895 5.35109 5.35329 5.35555 5.35785 5.36018 5.36253 5.3649 5.36726 5.36962 5.37195 5.37424 5.37648 5.37866 5.38076 5.38277 5.38467 5.38646 5.38812 5.38964 5.39101 5.39222 5.39326 5.39413 5.39481 5.39531 5.39562 5.39574 5.39567 5.3954 5.39495 5.39431 5.39349 5.3925 5.39134 5.39002 5.38856 5.38696 5.38523 5.38338 5.38144 5.37941 5.3773 5.37513 5.37292 5.37067 5.3684 5.36612 5.36385 5.3616 5.35937 5.35718 5.35504 5.35296 5.35095 5.34901 5.34715 5.34537 5.34368 5.34209 5.34059 5.33919 5.3379 5.3367 5.3356 5.33461 5.33371 5.33292 5.33222 5.33161 5.3311 5.33069 5.33036 5.33012 5.32997 5.3299 5.32992 
5.32329 5.32347 5.32374 5.3241 5.32454 5.32507 5.32568 5.32638 5.32717 5.32805 5.32902 5.33009 5.33124 5.3325 5.33385 5.33529 5.33683 5.33846 5.34019 5.34201 5.34392 5.34591 5.34798 5.35013 5.35235 5.35463 5.35696 5.35933 5.36174 5.36418 5.36662 5.36907 5.3715 5.37391 5.37628 5.37859 5.38084 5.38301 5.38508 5.38705 5.38889 5.3906 5.39217 5.39358 5.39483 5.3959 5.3968 5.3975 5.39802 5.39833 5.39846 5.39838 5.3981 5.39763 5.39697 5.39613 5.3951 5.3939 5.39254 5.39102 5.38937 5.38758 5.38568 5.38367 5.38157 5.37939 5.37715 5.37486 5.37253 5.37019 5.36783 5.36548 5.36315 5.36084 5.35858 5.35637 5.35421 5.35213 5.35011 5.34819 5.34635 5.3446 5.34294 5.34139 5.33994 5.3386 5.33735 5.33621 5.33518 5.33425 5.33342 5.33269 5.33206 5.33152 5.33109 5.33074 5.33049 5.33032 5.33025 5.33026 
5.32371 5.3239 5.32417 5.32454 5.325 5.32554 5.32618 5.32691 5.32773 5.32865 5.32966 5.33077 5.33198 5.33329 5.3347 5.33621 5.33782 5.33953 5.34134 5.34324 5.34524 5.34732 5.34949 5.35173 5.35405 5.35643 5.35887 5.36135 5.36387 5.36641 5.36897 5.37152 5.37407 5.37658 5.37905 5.38147 5.38381 5.38607 5.38824 5.39029 5.39221 5.39399 5.39563 5.3971 5.3984 5.39951 5.40044 5.40118 5.40171 5.40204 5.40216 5.40208 5.40179 5.4013 5.40061 5.39972 5.39865 5.3974 5.39597 5.39439 5.39266 5.3908 5.38881 5.38671 5.38451 5.38224 5.3799 5.3775 5.37507 5.37262 5.37015 5.3677 5.36526 5.36284 5.36047 5.35816 5.3559 5.35371 5.35161 5.34959 5.34765 5.34582 5.34409 5.34246 5.34093 5.33952 5.33821 5.33701 5.33592 5.33494 5.33406 5.33329 5.33262 5.33205 5.33159 5.33122 5.33095 5.33077 5.33068 5.33069 
5.32421 5.3244 5.32469 5.32507 5.32554 5.32611 5.32678 5.32755 5.32841 5.32938 5.33044 5.33162 5.33289 5.33427 5.33576 5.33736 5.33906 5.34086 5.34277 5.34478 5.34689 5.34909 5.35138 5.35375 5.3562 5.35872 5.36129 5.36391 5.36657 5.36925 5.37194 5.37464 5.37731 5.37996 5.38257 5.38511 5.38758 5.38996 5.39224 5.39439 5.39641 5.39829 5.40001 5.40155 5.40292 5.40409 5.40506 5.40583 5.40639 5.40674 5.40686 5.40677 5.40647 5.40594 5.40521 5.40428 5.40315 5.40183 5.40033 5.39866 5.39684 5.39487 5.39277 5.39056 5.38824 5.38584 5.38337 5.38085 5.37828 5.37569 5.37309 5.3705 5.36792 5.36537 5.36287 5.36042 5.35803 5.35572 5.35349 5.35135 5.3493 5.34736 5.34552 5.34379 5.34217 5.34066 5.33927 5.338 5.33683 5.33578 5.33485 5.33402 5.33331 5.3327 5.33219 5.33179 5.3315 5.3313 5.3312 5.33119 
5.3248 5.32499 5.32528 5.32568 5.32618 5.32678 5.32748 5.3283 5.32921 5.33024 5.33137 5.33262 5.33398 5.33545 5.33703 5.33873 5.34054 5.34247 5.3445 5.34664 5.34889 5.35123 5.35367 5.3562 5.3588 5.36148 5.36421 5.367 5.36983 5.37268 5.37554 5.3784 5.38125 5.38406 5.38682 5.38952 5.39214 5.39467 5.39708 5.39936 5.40151 5.40349 5.40531 5.40695 5.40839 5.40963 5.41066 5.41147 5.41206 5.41242 5.41255 5.41245 5.41213 5.41157 5.41079 5.4098 5.4086 5.40719 5.4056 5.40383 5.40189 5.3998 5.39757 5.39522 5.39276 5.39021 5.38758 5.3849 5.38217 5.37942 5.37665 5.37389 5.37114 5.36843 5.36576 5.36315 5.3606 5.35813 5.35575 5.35347 5.35128 5.3492 5.34724 5.34538 5.34365 5.34204 5.34054 5.33917 5.33792 5.33679 5.33578 5.33489 5.33412 5.33346 5.33291 5.33247 5.33214 5.33191 5.3318 5.33178 
5.32546 5.32566 5.32596 5.32638 5.32691 5.32755 5.3283 5.32916 5.33014 5.33124 5.33245 5.33378 5.33524 5.33682 5.33852 5.34034 5.34228 5.34434 5.34652 5.34882 5.35123 5.35374 5.35636 5.35906 5.36185 5.36472 5.36765 5.37063 5.37366 5.37671 5.37977 5.38283 5.38587 5.38887 5.39182 5.39471 5.3975 5.40019 5.40277 5.4052 5.40749 5.4096 5.41154 5.41328 5.41482 5.41614 5.41723 5.41809 5.41872 5.4191 5.41923 5.41912 5.41877 5.41817 5.41734 5.41628 5.41499 5.41349 5.41179 5.40989 5.40782 5.40559 5.40321 5.40069 5.39806 5.39534 5.39253 5.38965 5.38674 5.38379 5.38082 5.37786 5.37492 5.37201 5.36915 5.36635 5.36362 5.36097 5.35841 5.35595 5.3536 5.35136 5.34924 5.34725 5.34538 5.34364 5.34202 5.34054 5.33919 5.33796 5.33686 5.33589 5.33505 5.33433 5.33372 5.33324 5.33287 5.33262 5.33248 5.33246 
5.32621 5.32641 5.32673 5.32717 5.32773 5.32841 5.32921 5.33014 5.33119 5.33237 5.33368 5.33511 5.33668 5.33838 5.34021 5.34217 5.34427 5.34649 5.34884 5.35132 5.35391 5.35662 5.35944 5.36235 5.36536 5.36844 5.3716 5.37481 5.37806 5.38133 5.38462 5.38791 5.39117 5.3944 5.39757 5.40066 5.40365 5.40654 5.4093 5.4119 5.41435 5.41661 5.41869 5.42055 5.42219 5.4236 5.42477 5.42569 5.42635 5.42675 5.42689 5.42677 5.42639 5.42575 5.42485 5.42371 5.42232 5.42071 5.41889 5.41685 5.41463 5.41223 5.40967 5.40697 5.40415 5.40122 5.3982 5.39511 5.39198 5.3888 5.38562 5.38243 5.37927 5.37613 5.37305 5.37003 5.36708 5.36422 5.36146 5.3588 5.35626 5.35384 5.35155 5.34938 5.34736 5.34546 5.34371 5.3421 5.34063 5.33929 5.33809 5.33703 5.33611 5.33531 5.33465 5.33411 5.3337 5.33341 5.33325 5.33321 
5.32705 5.32725 5.32759 5.32805 5.32865 5.32938 5.33024 5.33124 5.33237 5.33364 5.33505 5.3366 5.3383 5.34014 5.34212 5.34424 5.34651 5.34892 5.35146 5.35414 5.35695 5.35988 5.36292 5.36607 5.36932 5.37265 5.37605 5.37952 5.38303 5.38656 5.39011 5.39365 5.39717 5.40064 5.40405 5.40737 5.4106 5.4137 5.41666 5.41947 5.42209 5.42452 5.42675 5.42874 5.4305 5.43201 5.43326 5.43425 5.43496 5.43538 5.43553 5.4354 5.43498 5.43429 5.43332 5.43209 5.4306 5.42886 5.42689 5.4247 5.42231 5.41972 5.41697 5.41406 5.41102 5.40786 5.40461 5.40128 5.39789 5.39447 5.39103 5.38759 5.38417 5.38078 5.37745 5.37418 5.37099 5.36789 5.3649 5.36202 5.35926 5.35663 5.35414 5.35179 5.34958 5.34752 5.34561 5.34385 5.34224 5.34078 5.33947 5.33831 5.33729 5.33641 5.33568 5.33508 5.33462 5.3343 5.33411 5.33405 
5.32796 5.32817 5.32853 5.32902 5.32966 5.33044 5.33137 5.33245 5.33368 5.33505 5.33658 5.33826 5.3401 5.34209 5.34424 5.34655 5.34901 5.35162 5.35438 5.35728 5.36033 5.3635 5.3668 5.37022 5.37373 5.37734 5.38102 5.38477 5.38856 5.39239 5.39622 5.40004 5.40384 5.40759 5.41126 5.41485 5.41833 5.42167 5.42486 5.42788 5.4307 5.43332 5.43571 5.43786 5.43975 5.44137 5.44271 5.44377 5.44453 5.44498 5.44514 5.44499 5.44453 5.44378 5.44274 5.4414 5.4398 5.43792 5.4358 5.43343 5.43085 5.42806 5.42509 5.42195 5.41866 5.41525 5.41174 5.40814 5.40448 5.40078 5.39705 5.39333 5.38963 5.38596 5.38235 5.3788 5.37534 5.37198 5.36873 5.3656 5.3626 5.35975 5.35703 5.35447 5.35206 5.34982 5.34773 5.34581 5.34404 5.34244 5.341 5.33972 5.3386 5.33763 5.33682 5.33616 5.33564 5.33528 5.33506 5.33498 
5.32897 5.32919 5.32956 5.33009 5.33077 5.33162 5.33262 5.33378 5.33511 5.3366 5.33826 5.34009 5.34209 5.34425 5.34659 5.34909 5.35176 5.3546 5.3576 5.36075 5.36406 5.3675 5.37108 5.37479 5.3786 5.38251 5.3865 5.39056 5.39467 5.3988 5.40295 5.40709 5.41119 5.41524 5.41921 5.42308 5.42683 5.43044 5.43388 5.43713 5.44018 5.443 5.44557 5.44788 5.44992 5.45166 5.4531 5.45423 5.45505 5.45553 5.4557 5.45553 5.45504 5.45422 5.45309 5.45165 5.44991 5.44789 5.44559 5.44304 5.44024 5.43723 5.43402 5.43062 5.42707 5.42338 5.41958 5.41569 5.41173 5.40772 5.40369 5.39966 5.39564 5.39166 5.38774 5.3839 5.38014 5.37649 5.37296 5.36955 5.36629 5.36317 5.36022 5.35742 5.3548 5.35234 5.35006 5.34795 5.34602 5.34427 5.34268 5.34128 5.34004 5.33897 5.33807 5.33733 5.33676 5.33634 5.33609 5.33599 
5.33006 5.33029 5.33068 5.33124 5.33198 5.33289 5.33398 5.33524 5.33668 5.3383 5.3401 5.34209 5.34426 5.34661 5.34915 5.35187 5.35478 5.35786 5.36112 5.36455 5.36814 5.37188 5.37577 5.37978 5.38392 5.38816 5.39249 5.39689 5.40133 5.40581 5.4103 5.41477 5.41921 5.42358 5.42788 5.43206 5.43611 5.44 5.44371 5.44722 5.4505 5.45354 5.45631 5.4588 5.46099 5.46287 5.46442 5.46563 5.4665 5.46702 5.46719 5.46701 5.46647 5.46559 5.46436 5.46281 5.46093 5.45874 5.45626 5.4535 5.45048 5.44723 5.44375 5.44008 5.43624 5.43225 5.42814 5.42393 5.41964 5.4153 5.41093 5.40656 5.40221 5.39789 5.39364 5.38946 5.38538 5.38141 5.37757 5.37387 5.37031 5.36692 5.3637 5.36065 5.35778 5.3551 5.3526 5.3503 5.34818 5.34625 5.34452 5.34297 5.34161 5.34043 5.33943 5.33861 5.33797 5.33751 5.33722 5.3371 
5.33124 5.33147 5.33189 5.3325 5.33329 5.33427 5.33545 5.33682 5.33838 5.34014 5.34209 5.34425 5.34661 5.34917 5.35193 5.35489 5.35805 5.3614 5.36494 5.36867 5.37256 5.37663 5.38084 5.3852 5.38969 5.39429 5.39898 5.40374 5.40855 5.4134 5.41826 5.42309 5.42789 5.43262 5.43725 5.44177 5.44614 5.45034 5.45434 5.45812 5.46166 5.46493 5.46792 5.4706 5.47295 5.47497 5.47663 5.47794 5.47887 5.47943 5.47961 5.4794 5.47882 5.47786 5.47654 5.47485 5.47282 5.47046 5.46778 5.4648 5.46154 5.45803 5.45427 5.45031 5.44616 5.44184 5.4374 5.43284 5.4282 5.4235 5.41877 5.41404 5.40932 5.40464 5.40002 5.39549 5.39106 5.38675 5.38257 5.37854 5.37468 5.37098 5.36747 5.36414 5.36102 5.35809 5.35536 5.35284 5.35052 5.34841 5.3465 5.3448 5.3433 5.342 5.3409 5.34 5.33928 5.33876 5.33843 5.33829 
5.33251 5.33275 5.3332 5.33385 5.3347 5.33576 5.33703 5.33852 5.34021 5.34212 5.34424 5.34659 5.34915 5.35193 5.35493 5.35815 5.36158 5.36522 5.36906 5.3731 5.37733 5.38174 5.38632 5.39104 5.3959 5.40088 5.40596 5.41111 5.41632 5.42156 5.42681 5.43204 5.43722 5.44232 5.44732 5.45219 5.45691 5.46143 5.46575 5.46982 5.47363 5.47715 5.48036 5.48324 5.48578 5.48794 5.48973 5.49113 5.49213 5.49272 5.49291 5.49269 5.49205 5.49102 5.48959 5.48777 5.48558 5.48303 5.48014 5.47692 5.47341 5.46961 5.46556 5.46128 5.4568 5.45214 5.44733 5.44241 5.43739 5.43231 5.4272 5.42207 5.41696 5.41189 5.40689 5.40198 5.39717 5.39249 5.38795 5.38358 5.37937 5.37535 5.37153 5.36791 5.3645 5.3613 5.35833 5.35557 5.35304 5.35073 5.34864 5.34678 5.34513 5.3437 5.34249 5.34149 5.3407 5.34011 5.33974 5.33957 
5.33387 5.33412 5.33459 5.33529 5.33621 5.33736 5.33873 5.34034 5.34217 5.34424 5.34655 5.34909 5.35187 5.35489 5.35815 5.36164 5.36536 5.36931 5.37348 5.37786 5.38244 5.38722 5.39217 5.39729 5.40255 5.40793 5.41342 5.419 5.42462 5.43028 5.43595 5.44159 5.44717 5.45268 5.45807 5.46332 5.46839 5.47327 5.47791 5.48229 5.48639 5.49017 5.49362 5.49672 5.49944 5.50176 5.50368 5.50518 5.50625 5.50688 5.50708 5.50683 5.50615 5.50503 5.50349 5.50153 5.49917 5.49642 5.4933 5.48984 5.48605 5.48196 5.4776 5.47298 5.46815 5.46312 5.45794 5.45262 5.44721 5.44172 5.43619 5.43065 5.42513 5.41965 5.41423 5.40891 5.4037 5.39863 5.39371 5.38896 5.3844 5.38004 5.37588 5.37194 5.36823 5.36475 5.36151 5.3585 5.35574 5.35322 5.35093 5.34889 5.34709 5.34552 5.34418 5.34308 5.34221 5.34156 5.34114 5.34094 
5.33532 5.33558 5.33608 5.33683 5.33782 5.33906 5.34054 5.34228 5.34427 5.34651 5.34901 5.35176 5.35478 5.35805 5.36158 5.36536 5.36939 5.37367 5.37818 5.38292 5.38789 5.39305 5.39841 5.40394 5.40962 5.41544 5.42136 5.42737 5.43345 5.43955 5.44565 5.45173 5.45774 5.46367 5.46947 5.47511 5.48057 5.48581 5.49079 5.4955 5.4999 5.50396 5.50766 5.51098 5.5139 5.51639 5.51844 5.52005 5.52119 5.52187 5.52207 5.5218 5.52106 5.51986 5.5182 5.51609 5.51355 5.5106 5.50725 5.50352 5.49945 5.49505 5.49035 5.48538 5.48018 5.47477 5.46919 5.46346 5.45762 5.4517 5.44574 5.43977 5.4338 5.42788 5.42203 5.41628 5.41065 5.40516 5.39984 5.3947 5.38975 5.38502 5.38051 5.37624 5.3722 5.36842 5.3649 5.36163 5.35861 5.35586 5.35337 5.35114 5.34917 5.34745 5.34599 5.34478 5.34382 5.3431 5.34263 5.3424 
5.33686 5.33713 5.33766 5.33846 5.33953 5.34086 5.34247 5.34434 5.34649 5.34892 5.35162 5.3546 5.35786 5.3614 5.36522 5.36931 5.37367 5.37829 5.38317 5.38829 5.39365 5.39923 5.40501 5.41097 5.4171 5.42337 5.42976 5.43623 5.44277 5.44933 5.4559 5.46243 5.4689 5.47526 5.48149 5.48755 5.49341 5.49903 5.50437 5.50942 5.51413 5.51848 5.52245 5.526 5.52912 5.53179 5.53398 5.5357 5.53692 5.53764 5.53785 5.53756 5.53676 5.53547 5.53368 5.53142 5.5287 5.52552 5.52193 5.51793 5.51356 5.50883 5.50379 5.49845 5.49286 5.48705 5.48105 5.47489 5.46861 5.46224 5.45583 5.44939 5.44297 5.43659 5.43028 5.42408 5.418 5.41207 5.40632 5.40076 5.39541 5.39029 5.38541 5.38078 5.37641 5.37231 5.36849 5.36493 5.36166 5.35867 5.35596 5.35353 5.35138 5.34951 5.34791 5.34658 5.34552 5.34473 5.34421 5.34395 
5.33848 5.33877 5.33933 5.34019 5.34134 5.34277 5.3445 5.34652 5.34884 5.35146 5.35438 5.3576 5.36112 5.36494 5.36906 5.37348 5.37818 5.38317 5.38843 5.39396 5.39973 5.40574 5.41196 5.41838 5.42498 5.43172 5.43859 5.44555 5.45257 5.45962 5.46667 5.47368 5.48061 5.48744 5.49411 5.5006 5.50687 5.51289 5.51861 5.52401 5.52905 5.5337 5.53794 5.54173 5.54507 5.54791 5.55026 5.55209 5.55339 5.55415 5.55437 5.55406 5.5532 5.55181 5.5499 5.54748 5.54456 5.54116 5.53731 5.53303 5.52834 5.52328 5.51788 5.51216 5.50617 5.49993 5.4935 5.48689 5.48015 5.47331 5.46642 5.4595 5.4526 5.44574 5.43895 5.43227 5.42573 5.41935 5.41315 5.40715 5.40138 5.39585 5.39058 5.38558 5.38085 5.37642 5.37227 5.36842 5.36488 5.36163 5.35869 5.35605 5.35371 5.35167 5.34993 5.34848 5.34732 5.34646 5.34588 5.34559 
5.34019 5.34049 5.34109 5.34201 5.34324 5.34478 5.34664 5.34882 5.35132 5.35414 5.35728 5.36075 5.36455 5.36867 5.3731 5.37786 5.38292 5.38829 5.39396 5.3999 5.40611 5.41257 5.41926 5.42615 5.43323 5.44047 5.44784 5.4553 5.46283 5.47038 5.47793 5.48543 5.49285 5.50015 5.50729 5.51423 5.52093 5.52735 5.53346 5.53922 5.5446 5.54956 5.55408 5.55813 5.56168 5.56471 5.56721 5.56916 5.57054 5.57135 5.57158 5.57124 5.57032 5.56884 5.56679 5.5642 5.56109 5.55746 5.55334 5.54877 5.54376 5.53835 5.53257 5.52646 5.52005 5.51338 5.50649 5.49942 5.4922 5.48488 5.47749 5.47008 5.46267 5.45531 5.44803 5.44086 5.43383 5.42696 5.4203 5.41385 5.40764 5.40168 5.396 5.39061 5.38551 5.38072 5.37625 5.37209 5.36826 5.36475 5.36156 5.3587 5.35617 5.35395 5.35206 5.35048 5.34922 5.34827 5.34764 5.34732 
5.34198 5.34229 5.34294 5.34392 5.34524 5.34689 5.34889 5.35123 5.35391 5.35695 5.36033 5.36406 5.36814 5.37256 5.37733 5.38244 5.38789 5.39365 5.39973 5.40611 5.41277 5.4197 5.42687 5.43426 5.44184 5.44959 5.45747 5.46546 5.4735 5.48158 5.48965 5.49766 5.50558 5.51337 5.52099 5.52838 5.53553 5.54237 5.54888 5.55502 5.56074 5.56602 5.57083 5.57514 5.57891 5.58214 5.58479 5.58685 5.58832 5.58918 5.58942 5.58906 5.58808 5.58649 5.58431 5.58155 5.57823 5.57436 5.56998 5.5651 5.55976 5.55399 5.54783 5.54131 5.53448 5.52736 5.52 5.51245 5.50474 5.49691 5.48902 5.48109 5.47316 5.46528 5.45748 5.4498 5.44226 5.43491 5.42775 5.42083 5.41416 5.40777 5.40166 5.39586 5.39038 5.38522 5.3804 5.37593 5.37179 5.368 5.36457 5.36148 5.35873 5.35634 5.35429 5.35258 5.35121 5.35018 5.34948 5.34912 
5.34386 5.34418 5.34486 5.34591 5.34732 5.34909 5.35123 5.35374 5.35662 5.35988 5.3635 5.3675 5.37188 5.37663 5.38174 5.38722 5.39305 5.39923 5.40574 5.41257 5.4197 5.42711 5.43478 5.44268 5.45078 5.45906 5.46747 5.47599 5.48458 5.49319 5.50178 5.51032 5.51876 5.52705 5.53515 5.54303 5.55062 5.5579 5.56481 5.57133 5.57741 5.58302 5.58812 5.59269 5.5967 5.60012 5.60293 5.60512 5.60667 5.60758 5.60783 5.60744 5.60639 5.60471 5.60239 5.59946 5.59592 5.59181 5.58715 5.58197 5.57629 5.57016 5.5636 5.55667 5.54939 5.54181 5.53398 5.52593 5.51771 5.50937 5.50095 5.49249 5.48403 5.47562 5.46729 5.45908 5.45102 5.44315 5.4355 5.42809 5.42095 5.41409 5.40755 5.40133 5.39544 5.38991 5.38473 5.37992 5.37547 5.3714 5.36769 5.36437 5.36141 5.35883 5.35661 5.35476 5.35328 5.35216 5.3514 5.35101 
5.3458 5.34614 5.34687 5.34798 5.34949 5.35138 5.35367 5.35636 5.35944 5.36292 5.3668 5.37108 5.37577 5.38084 5.38632 5.39217 5.39841 5.40501 5.41196 5.41926 5.42687 5.43478 5.44295 5.45138 5.46002 5.46883 5.4778 5.48687 5.496 5.50516 5.5143 5.52337 5.53234 5.54114 5.54975 5.5581 5.56616 5.57387 5.58121 5.58811 5.59456 5.6005 5.6059 5.61074 5.61497 5.61859 5.62157 5.62388 5.62552 5.62648 5.62674 5.62632 5.62521 5.62342 5.62097 5.61785 5.61411 5.60975 5.60481 5.59931 5.59329 5.58678 5.57983 5.57246 5.56474 5.55669 5.54837 5.53982 5.53108 5.52221 5.51325 5.50425 5.49525 5.48629 5.47741 5.46866 5.46007 5.45168 5.44351 5.4356 5.42797 5.42064 5.41364 5.40699 5.40069 5.39476 5.38922 5.38406 5.37929 5.37492 5.37094 5.36737 5.36419 5.36141 5.35903 5.35703 5.35544 5.35423 5.3534 5.35297 
5.34782 5.34818 5.34895 5.35013 5.35173 5.35375 5.3562 5.35906 5.36235 5.36607 5.37022 5.37479 5.37978 5.3852 5.39104 5.39729 5.40394 5.41097 5.41838 5.42615 5.43426 5.44268 5.45138 5.46034 5.46952 5.47889 5.48841 5.49804 5.50774 5.51746 5.52715 5.53677 5.54627 5.5556 5.56471 5.57355 5.58207 5.59024 5.59799 5.6053 5.6121 5.61838 5.62409 5.6292 5.63367 5.63749 5.64063 5.64307 5.6448 5.6458 5.64608 5.64563 5.64446 5.64256 5.63996 5.63667 5.63271 5.6281 5.62287 5.61706 5.61069 5.6038 5.59644 5.58865 5.58047 5.57194 5.56313 5.55406 5.5448 5.53539 5.52589 5.51633 5.50677 5.49725 5.48782 5.47852 5.46938 5.46045 5.45175 5.44332 5.43519 5.42739 5.41992 5.41282 5.4061 5.39977 5.39384 5.38833 5.38323 5.37855 5.3743 5.37047 5.36706 5.36408 5.36152 5.35939 5.35767 5.35636 5.35548 5.355 
5.3499 5.35027 5.35109 5.35235 5.35405 5.3562 5.3588 5.36185 5.36536 5.36932 5.37373 5.3786 5.38392 5.38969 5.3959 5.40255 5.40962 5.4171 5.42498 5.43323 5.44184 5.45078 5.46002 5.46952 5.47926 5.48919 5.49928 5.50948 5.51975 5.53003 5.54028 5.55046 5.5605 5.57035 5.57998 5.58931 5.59831 5.60693 5.61511 5.62281 5.62999 5.63661 5.64262 5.648 5.65271 5.65673 5.66004 5.6626 5.66442 5.66548 5.66577 5.66529 5.66405 5.66205 5.65931 5.65584 5.65166 5.6468 5.64128 5.63515 5.62843 5.62116 5.61339 5.60516 5.59652 5.58751 5.57819 5.56861 5.55881 5.54886 5.5388 5.52868 5.51855 5.50847 5.49847 5.4886 5.47891 5.46943 5.4602 5.45125 5.44261 5.43431 5.42637 5.41881 5.41166 5.40492 5.3986 5.39272 5.38728 5.38229 5.37775 5.37366 5.37002 5.36684 5.3641 5.36181 5.35997 5.35857 5.35761 5.3571 
5.35204 5.35243 5.35329 5.35463 5.35643 5.35872 5.36148 5.36472 5.36844 5.37265 5.37734 5.38251 5.38816 5.39429 5.40088 5.40793 5.41544 5.42337 5.43172 5.44047 5.44959 5.45906 5.46883 5.47889 5.48919 5.4997 5.51036 5.52113 5.53197 5.54283 5.55365 5.56438 5.57497 5.58536 5.5955 5.60533 5.61481 5.62388 5.63249 5.64059 5.64814 5.65509 5.66142 5.66707 5.67202 5.67624 5.67971 5.68241 5.68432 5.68542 5.68573 5.68522 5.68392 5.68181 5.67893 5.67527 5.67088 5.66576 5.65996 5.6535 5.64643 5.63878 5.63059 5.62193 5.61282 5.60333 5.5935 5.5834 5.57306 5.56256 5.55194 5.54125 5.53056 5.5199 5.50933 5.49889 5.48863 5.4786 5.46882 5.45934 5.45018 5.44138 5.43296 5.42494 5.41734 5.41018 5.40347 5.39722 5.39144 5.38612 5.38129 5.37693 5.37306 5.36966 5.36674 5.3643 5.36233 5.36083 5.35981 5.35926 
5.35423 5.35464 5.35555 5.35696 5.35887 5.36129 5.36421 5.36765 5.3716 5.37605 5.38102 5.3865 5.39249 5.39898 5.40596 5.41342 5.42136 5.42976 5.43859 5.44784 5.45747 5.46747 5.4778 5.48841 5.49928 5.51036 5.5216 5.53295 5.54437 5.5558 5.56719 5.57848 5.58962 5.60055 5.6112 5.62154 5.63149 5.64101 5.65005 5.65855 5.66647 5.67377 5.6804 5.68632 5.69151 5.69594 5.69957 5.7024 5.70439 5.70555 5.70587 5.70534 5.70396 5.70175 5.69873 5.69489 5.69028 5.68491 5.67882 5.67204 5.66462 5.65658 5.64799 5.63888 5.62931 5.61933 5.609 5.59837 5.58749 5.57644 5.56525 5.554 5.54272 5.53149 5.52034 5.50933 5.4985 5.48791 5.47758 5.46756 5.45788 5.44857 5.43966 5.43117 5.42313 5.41554 5.40843 5.4018 5.39567 5.39003 5.3849 5.38028 5.37616 5.37255 5.36944 5.36684 5.36474 5.36315 5.36205 5.36146 
5.35646 5.35689 5.35785 5.35933 5.36135 5.36391 5.367 5.37063 5.37481 5.37952 5.38477 5.39056 5.39689 5.40374 5.41111 5.419 5.42737 5.43623 5.44555 5.4553 5.46546 5.47599 5.48687 5.49804 5.50948 5.52113 5.53295 5.54489 5.55689 5.5689 5.58086 5.59271 5.60439 5.61585 5.62702 5.63785 5.64828 5.65825 5.66772 5.67662 5.68491 5.69254 5.69948 5.70568 5.7111 5.71573 5.71953 5.72248 5.72457 5.72577 5.7261 5.72554 5.7241 5.72179 5.71862 5.71461 5.70978 5.70416 5.69779 5.69069 5.68291 5.6745 5.66549 5.65594 5.64591 5.63545 5.62461 5.61345 5.60204 5.59043 5.57869 5.56686 5.55501 5.54319 5.53147 5.51988 5.50848 5.49732 5.48644 5.47588 5.46567 5.45585 5.44645 5.43749 5.42899 5.42098 5.41346 5.40645 5.39997 5.394 5.38857 5.38367 5.37931 5.37548 5.37219 5.36943 5.3672 5.36551 5.36434 5.36371 
5.35873 5.35917 5.36018 5.36174 5.36387 5.36657 5.36983 5.37366 5.37806 5.38303 5.38856 5.39467 5.40133 5.40855 5.41632 5.42462 5.43345 5.44277 5.45257 5.46283 5.4735 5.48458 5.496 5.50774 5.51975 5.53197 5.54437 5.55689 5.56947 5.58205 5.59457 5.60698 5.61921 5.6312 5.64289 5.65421 5.66511 5.67553 5.68542 5.69471 5.70337 5.71134 5.71858 5.72504 5.73071 5.73553 5.73949 5.74257 5.74474 5.746 5.74634 5.74576 5.74425 5.74184 5.73853 5.73434 5.7293 5.72343 5.71677 5.70936 5.70123 5.69244 5.68303 5.67305 5.66255 5.65161 5.64027 5.62859 5.61664 5.60448 5.59217 5.57978 5.56735 5.55496 5.54265 5.53049 5.51852 5.5068 5.49536 5.48426 5.47353 5.46319 5.4533 5.44386 5.43491 5.42647 5.41854 5.41115 5.40431 5.39802 5.39228 5.38711 5.3825 5.37845 5.37497 5.37205 5.36969 5.3679 5.36666 5.36599 
5.36102 5.36148 5.36253 5.36418 5.36641 5.36925 5.37268 5.37671 5.38133 5.38656 5.39239 5.3988 5.40581 5.4134 5.42156 5.43028 5.43955 5.44933 5.45962 5.47038 5.48158 5.49319 5.50516 5.51746 5.53003 5.54283 5.5558 5.5689 5.58205 5.5952 5.60829 5.62125 5.63401 5.64653 5.65872 5.67053 5.6819 5.69276 5.70307 5.71275 5.72177 5.73007 5.7376 5.74434 5.75023 5.75525 5.75937 5.76257 5.76483 5.76614 5.76649 5.76588 5.76432 5.7618 5.75835 5.75399 5.74874 5.74263 5.73569 5.72797 5.7195 5.71033 5.70051 5.69011 5.67916 5.66774 5.6559 5.64371 5.63123 5.61852 5.60566 5.5927 5.5797 5.56673 5.55385 5.54112 5.52858 5.5163 5.50431 5.49267 5.4814 5.47056 5.46017 5.45026 5.44086 5.43199 5.42365 5.41588 5.40868 5.40206 5.39602 5.39057 5.38571 5.38145 5.37777 5.3747 5.37221 5.37031 5.369 5.36829 
5.36331 5.3638 5.3649 5.36662 5.36897 5.37194 5.37554 5.37977 5.38462 5.39011 5.39622 5.40295 5.4103 5.41826 5.42681 5.43595 5.44565 5.4559 5.46667 5.47793 5.48965 5.50178 5.5143 5.52715 5.54028 5.55365 5.56719 5.58086 5.59457 5.60829 5.62193 5.63543 5.64873 5.66176 5.67445 5.68675 5.69857 5.70987 5.72058 5.73065 5.74002 5.74864 5.75647 5.76346 5.76958 5.7748 5.77908 5.7824 5.78474 5.7861 5.78646 5.78583 5.7842 5.78159 5.77801 5.77347 5.76802 5.76167 5.75446 5.74643 5.73762 5.72808 5.71788 5.70705 5.69565 5.68376 5.67144 5.65874 5.64573 5.63249 5.61907 5.60555 5.592 5.57846 5.56501 5.55171 5.53861 5.52577 5.51323 5.50105 5.48927 5.47792 5.46704 5.45666 5.44681 5.4375 5.42877 5.42061 5.41306 5.4061 5.39976 5.39404 5.38893 5.38445 5.38059 5.37735 5.37473 5.37274 5.37136 5.3706 
5.36561 5.36611 5.36726 5.36907 5.37152 5.37464 5.3784 5.38283 5.38791 5.39365 5.40004 5.40709 5.41477 5.42309 5.43204 5.44159 5.45173 5.46243 5.47368 5.48543 5.49766 5.51032 5.52337 5.53677 5.55046 5.56438 5.57848 5.59271 5.60698 5.62125 5.63543 5.64947 5.66329 5.67683 5.69001 5.70277 5.71504 5.72677 5.73788 5.74832 5.75804 5.76698 5.77509 5.78234 5.78868 5.79408 5.79851 5.80195 5.80438 5.80578 5.80616 5.8055 5.80381 5.8011 5.79739 5.79269 5.78704 5.78045 5.77298 5.76465 5.75551 5.74562 5.73503 5.72378 5.71196 5.69961 5.6868 5.6736 5.66008 5.64631 5.63236 5.61829 5.60418 5.59008 5.57607 5.56221 5.54856 5.53517 5.52209 5.50938 5.49708 5.48523 5.47387 5.46302 5.45272 5.44299 5.43386 5.42533 5.41741 5.41014 5.4035 5.3975 5.39215 5.38745 5.3834 5.38 5.37726 5.37516 5.37371 5.37291 
5.3679 5.36842 5.36962 5.3715 5.37407 5.37731 5.38125 5.38587 5.39117 5.39717 5.40384 5.41119 5.41921 5.42789 5.43722 5.44717 5.45774 5.4689 5.48061 5.49285 5.50558 5.51876 5.53234 5.54627 5.5605 5.57497 5.58962 5.60439 5.61921 5.63401 5.64873 5.66329 5.67762 5.69165 5.70531 5.71853 5.73124 5.74338 5.75488 5.76568 5.77574 5.78498 5.79337 5.80087 5.80742 5.813 5.81758 5.82114 5.82365 5.8251 5.82549 5.8248 5.82306 5.82026 5.81642 5.81156 5.80571 5.7989 5.79117 5.78255 5.77309 5.76285 5.75188 5.74024 5.72799 5.71519 5.70192 5.68823 5.67421 5.65992 5.64544 5.63084 5.61618 5.60154 5.58699 5.57258 5.55838 5.54445 5.53085 5.51762 5.50481 5.49246 5.48062 5.46932 5.45858 5.44843 5.4389 5.42999 5.42174 5.41413 5.4072 5.40093 5.39534 5.39043 5.3862 5.38264 5.37977 5.37757 5.37605 5.37521 
5.37016 5.3707 5.37195 5.37391 5.37658 5.37996 5.38406 5.38887 5.3944 5.40064 5.40759 5.41524 5.42358 5.43262 5.44232 5.45268 5.46367 5.47526 5.48744 5.50015 5.51337 5.52705 5.54114 5.5556 5.57035 5.58536 5.60055 5.61585 5.6312 5.64653 5.66176 5.67683 5.69165 5.70616 5.72028 5.73394 5.74708 5.75962 5.77149 5.78265 5.79303 5.80257 5.81123 5.81896 5.82572 5.83148 5.83621 5.83987 5.84246 5.84396 5.84435 5.84365 5.84185 5.83896 5.835 5.82999 5.82395 5.81692 5.80894 5.80004 5.79027 5.7797 5.76836 5.75633 5.74367 5.73044 5.71671 5.70256 5.68805 5.67326 5.65827 5.64314 5.62796 5.61278 5.59769 5.58275 5.56802 5.55357 5.53944 5.52571 5.5124 5.49957 5.48727 5.47551 5.46434 5.45379 5.44386 5.4346 5.426 5.41808 5.41085 5.40432 5.39849 5.39337 5.38896 5.38525 5.38225 5.37995 5.37837 5.37749 
5.37239 5.37295 5.37424 5.37628 5.37905 5.38257 5.38682 5.39182 5.39757 5.40405 5.41126 5.41921 5.42788 5.43725 5.44732 5.45807 5.46947 5.48149 5.49411 5.50729 5.52099 5.53515 5.54975 5.56471 5.57998 5.5955 5.6112 5.62702 5.64289 5.65872 5.67445 5.69001 5.70531 5.72028 5.73485 5.74894 5.76248 5.77541 5.78765 5.79914 5.80983 5.81966 5.82858 5.83654 5.8435 5.84943 5.85429 5.85806 5.86072 5.86226 5.86267 5.86195 5.86009 5.85712 5.85304 5.84788 5.84166 5.83442 5.8262 5.81703 5.80697 5.79607 5.78439 5.77199 5.75892 5.74528 5.73111 5.7165 5.70152 5.68625 5.67076 5.65513 5.63943 5.62374 5.60814 5.59268 5.57743 5.56247 5.54784 5.53361 5.51982 5.50653 5.49376 5.48157 5.46998 5.45903 5.44873 5.4391 5.43017 5.42195 5.41444 5.40765 5.40159 5.39626 5.39167 5.38781 5.38469 5.3823 5.38065 5.37973 
5.37457 5.37514 5.37648 5.37859 5.38147 5.38511 5.38952 5.39471 5.40066 5.40737 5.41485 5.42308 5.43206 5.44177 5.45219 5.46332 5.47511 5.48755 5.5006 5.51423 5.52838 5.54303 5.5581 5.57355 5.58931 5.60533 5.62154 5.63785 5.65421 5.67053 5.68675 5.70277 5.71853 5.73394 5.74894 5.76344 5.77737 5.79067 5.80325 5.81507 5.82606 5.83616 5.84533 5.85351 5.86066 5.86675 5.87174 5.87562 5.87835 5.87993 5.88035 5.87961 5.8777 5.87465 5.87046 5.86516 5.85877 5.85133 5.84288 5.83345 5.82311 5.8119 5.79988 5.78712 5.77368 5.75963 5.74504 5.73 5.71456 5.69883 5.68286 5.66675 5.65056 5.63437 5.61826 5.6023 5.58656 5.57111 5.556 5.54129 5.52703 5.51328 5.50008 5.48747 5.47547 5.46413 5.45346 5.44349 5.43424 5.42572 5.41793 5.41089 5.40461 5.39908 5.39432 5.39031 5.38707 5.38459 5.38287 5.38192 
5.37668 5.37728 5.37866 5.38084 5.38381 5.38758 5.39214 5.3975 5.40365 5.4106 5.41833 5.42683 5.43611 5.44614 5.45691 5.46839 5.48057 5.49341 5.50687 5.52093 5.53553 5.55062 5.56616 5.58207 5.59831 5.61481 5.63149 5.64828 5.66511 5.6819 5.69857 5.71504 5.73124 5.74708 5.76248 5.77737 5.79168 5.80532 5.81824 5.83037 5.84164 5.852 5.8614 5.86979 5.87712 5.88336 5.88848 5.89245 5.89526 5.89688 5.89731 5.89655 5.89459 5.89146 5.88717 5.88173 5.87518 5.86755 5.85888 5.84921 5.8386 5.82709 5.81476 5.80166 5.78785 5.77342 5.75844 5.74297 5.72711 5.71093 5.69451 5.67793 5.66127 5.64461 5.62802 5.61158 5.59537 5.57944 5.56386 5.54869 5.53399 5.51981 5.50618 5.49316 5.48078 5.46906 5.45804 5.44774 5.43818 5.42936 5.42131 5.41403 5.40753 5.40182 5.39688 5.39274 5.38938 5.38681 5.38504 5.38405 
5.37872 5.37933 5.38076 5.38301 5.38607 5.38996 5.39467 5.40019 5.40654 5.4137 5.42167 5.43044 5.44 5.45034 5.46143 5.47327 5.48581 5.49903 5.51289 5.52735 5.54237 5.5579 5.57387 5.59024 5.60693 5.62388 5.64101 5.65825 5.67553 5.69276 5.70987 5.72677 5.74338 5.75962 5.77541 5.79067 5.80532 5.8193 5.83253 5.84495 5.85649 5.8671 5.87672 5.8853 5.89281 5.89919 5.90443 5.90849 5.91136 5.91302 5.91346 5.91268 5.91068 5.90748 5.90309 5.89752 5.89082 5.88301 5.87413 5.86424 5.85337 5.84159 5.82895 5.81552 5.80138 5.78659 5.77122 5.75536 5.73909 5.72249 5.70564 5.68861 5.67151 5.6544 5.63736 5.62046 5.60379 5.58742 5.57139 5.55579 5.54066 5.52606 5.51203 5.49862 5.48587 5.4738 5.46244 5.45182 5.44196 5.43287 5.42457 5.41706 5.41035 5.40445 5.39936 5.39508 5.39161 5.38896 5.38712 5.3861 
5.38068 5.3813 5.38277 5.38508 5.38824 5.39224 5.39708 5.40277 5.4093 5.41666 5.42486 5.43388 5.44371 5.45434 5.46575 5.47791 5.49079 5.50437 5.51861 5.53346 5.54888 5.56481 5.58121 5.59799 5.61511 5.63249 5.65005 5.66772 5.68542 5.70307 5.72058 5.73788 5.75488 5.77149 5.78765 5.80325 5.81824 5.83253 5.84606 5.85875 5.87054 5.88138 5.89121 5.89997 5.90764 5.91416 5.91951 5.92366 5.92659 5.92828 5.92873 5.92794 5.9259 5.92263 5.91814 5.91246 5.90561 5.89763 5.88857 5.87845 5.86735 5.8553 5.84238 5.82865 5.81419 5.79905 5.78333 5.7671 5.75045 5.73345 5.71619 5.69875 5.68122 5.66368 5.64622 5.62889 5.6118 5.59499 5.57855 5.56254 5.547 5.53201 5.5176 5.50382 5.49071 5.47831 5.46663 5.45571 5.44557 5.43622 5.42767 5.41994 5.41304 5.40696 5.40172 5.39731 5.39374 5.39101 5.38911 5.38806 
5.38253 5.38317 5.38467 5.38705 5.39029 5.39439 5.39936 5.4052 5.4119 5.41947 5.42788 5.43713 5.44722 5.45812 5.46982 5.48229 5.4955 5.50942 5.52401 5.53922 5.55502 5.57133 5.58811 5.6053 5.62281 5.64059 5.65855 5.67662 5.69471 5.71275 5.73065 5.74832 5.76568 5.78265 5.79914 5.81507 5.83037 5.84495 5.85875 5.87169 5.88372 5.89477 5.90479 5.91373 5.92154 5.92819 5.93365 5.93788 5.94086 5.94259 5.94305 5.94224 5.94016 5.93683 5.93225 5.92646 5.91948 5.91135 5.9021 5.89179 5.88046 5.86817 5.85499 5.84098 5.82621 5.81076 5.79471 5.77813 5.76112 5.74375 5.72611 5.70828 5.69036 5.67242 5.65455 5.63683 5.61933 5.60213 5.5853 5.56889 5.55298 5.53762 5.52285 5.50873 5.49529 5.48256 5.47059 5.45938 5.44897 5.43938 5.43061 5.42267 5.41558 5.40934 5.40396 5.39943 5.39576 5.39295 5.391 5.38992 
5.38426 5.38492 5.38646 5.38889 5.39221 5.39641 5.40151 5.40749 5.41435 5.42209 5.4307 5.44018 5.4505 5.46166 5.47363 5.48639 5.4999 5.51413 5.52905 5.5446 5.56074 5.57741 5.59456 5.6121 5.62999 5.64814 5.66647 5.68491 5.70337 5.72177 5.74002 5.75804 5.77574 5.79303 5.80983 5.82606 5.84164 5.85649 5.87054 5.88372 5.89597 5.90721 5.91741 5.92651 5.93446 5.94122 5.94677 5.95108 5.95411 5.95587 5.95634 5.95551 5.9534 5.95001 5.94536 5.93947 5.93236 5.92409 5.91467 5.90418 5.89264 5.88013 5.86671 5.85244 5.83739 5.82165 5.80529 5.7884 5.77105 5.75333 5.73534 5.71716 5.69887 5.68056 5.66232 5.64423 5.62636 5.60878 5.59159 5.57482 5.55856 5.54285 5.52775 5.51331 5.49956 5.48654 5.47428 5.46282 5.45216 5.44234 5.43335 5.42523 5.41796 5.41157 5.40605 5.40141 5.39765 5.39477 5.39278 5.39166 
5.38588 5.38654 5.38812 5.3906 5.39399 5.39829 5.40349 5.4096 5.41661 5.42452 5.43332 5.443 5.45354 5.46493 5.47715 5.49017 5.50396 5.51848 5.5337 5.54956 5.56602 5.58302 5.6005 5.61838 5.63661 5.65509 5.67377 5.69254 5.71134 5.73007 5.74864 5.76698 5.78498 5.80257 5.81966 5.83616 5.852 5.8671 5.88138 5.89477 5.90721 5.91864 5.929 5.93824 5.94632 5.95319 5.95882 5.9632 5.96628 5.96807 5.96854 5.9677 5.96556 5.96212 5.95739 5.95141 5.94419 5.93579 5.92623 5.91556 5.90384 5.89112 5.87748 5.86297 5.84767 5.83166 5.81502 5.79783 5.78018 5.76216 5.74384 5.72533 5.70671 5.68806 5.66948 5.65104 5.63283 5.61492 5.59738 5.58029 5.56371 5.54768 5.53228 5.51754 5.5035 5.49021 5.4777 5.46599 5.45511 5.44507 5.4359 5.42759 5.42017 5.41364 5.408 5.40325 5.39941 5.39647 5.39442 5.39329 
5.38735 5.38803 5.38964 5.39217 5.39563 5.40001 5.40531 5.41154 5.41869 5.42675 5.43571 5.44557 5.45631 5.46792 5.48036 5.49362 5.50766 5.52245 5.53794 5.55408 5.57083 5.58812 5.6059 5.62409 5.64262 5.66142 5.6804 5.69948 5.71858 5.7376 5.75647 5.77509 5.79337 5.81123 5.82858 5.84533 5.8614 5.87672 5.89121 5.90479 5.91741 5.929 5.93951 5.94888 5.95706 5.96403 5.96975 5.97418 5.97731 5.97912 5.9796 5.97875 5.97658 5.97309 5.9683 5.96223 5.95492 5.94639 5.9367 5.92588 5.91399 5.90109 5.88724 5.87252 5.857 5.84075 5.82385 5.8064 5.78848 5.77016 5.75156 5.73275 5.71382 5.69487 5.67598 5.65724 5.63871 5.6205 5.60266 5.58527 5.56839 5.55208 5.5364 5.52139 5.5071 5.49356 5.48082 5.46889 5.4578 5.44757 5.43822 5.42976 5.42219 5.41553 5.40978 5.40494 5.40102 5.39801 5.39593 5.39477 
5.38868 5.38938 5.39101 5.39358 5.3971 5.40155 5.40695 5.41328 5.42055 5.42874 5.43786 5.44788 5.4588 5.4706 5.48324 5.49672 5.51098 5.526 5.54173 5.55813 5.57514 5.59269 5.61074 5.6292 5.648 5.66707 5.68632 5.70568 5.72504 5.74434 5.76346 5.78234 5.80087 5.81896 5.83654 5.85351 5.86979 5.8853 5.89997 5.91373 5.92651 5.93824 5.94888 5.95836 5.96665 5.9737 5.97948 5.98397 5.98714 5.98897 5.98946 5.9886 5.9864 5.98287 5.97802 5.97188 5.96448 5.95585 5.94604 5.93508 5.92304 5.90998 5.89596 5.88105 5.86532 5.84886 5.83174 5.81405 5.79588 5.77732 5.75845 5.73938 5.72019 5.70096 5.6818 5.66277 5.64398 5.62549 5.60738 5.58972 5.57258 5.55602 5.54009 5.52484 5.51032 5.49657 5.48361 5.47149 5.46021 5.44982 5.44031 5.4317 5.424 5.41723 5.41138 5.40645 5.40247 5.39941 5.39729 5.39611 
5.38986 5.39056 5.39222 5.39483 5.3984 5.40292 5.40839 5.41482 5.42219 5.4305 5.43975 5.44992 5.46099 5.47295 5.48578 5.49944 5.5139 5.52912 5.54507 5.56168 5.57891 5.5967 5.61497 5.63367 5.65271 5.67202 5.69151 5.7111 5.73071 5.75023 5.76958 5.78868 5.80742 5.82572 5.8435 5.86066 5.87712 5.89281 5.90764 5.92154 5.93446 5.94632 5.95706 5.96665 5.97502 5.98215 5.98799 5.99253 5.99573 5.99758 5.99807 5.99721 5.99499 5.99142 5.98652 5.98032 5.97284 5.96412 5.9542 5.94313 5.93096 5.91775 5.90358 5.8885 5.8726 5.85595 5.83863 5.82074 5.80236 5.78358 5.76449 5.74518 5.72575 5.70629 5.68689 5.66763 5.64859 5.62986 5.61152 5.59363 5.57626 5.55947 5.54333 5.52787 5.51315 5.49921 5.48607 5.47377 5.46234 5.45179 5.44214 5.43341 5.4256 5.41872 5.41279 5.40779 5.40374 5.40064 5.39849 5.39729 
5.39087 5.39158 5.39326 5.3959 5.39951 5.40409 5.40963 5.41614 5.4236 5.43201 5.44137 5.45166 5.46287 5.47497 5.48794 5.50176 5.51639 5.53179 5.54791 5.56471 5.58214 5.60012 5.61859 5.63749 5.65673 5.67624 5.69594 5.71573 5.73553 5.75525 5.7748 5.79408 5.813 5.83148 5.84943 5.86675 5.88336 5.89919 5.91416 5.92819 5.94122 5.95319 5.96403 5.9737 5.98215 5.98934 5.99524 5.99981 6.00304 6.0049 6.0054 6.00453 6.00229 5.99869 5.99375 5.9875 5.97995 5.97115 5.96114 5.94997 5.9377 5.92437 5.91006 5.89485 5.87879 5.86198 5.8445 5.82644 5.80788 5.78891 5.76963 5.75013 5.7305 5.71084 5.69123 5.67176 5.65252 5.63359 5.61505 5.59696 5.5794 5.56243 5.5461 5.53046 5.51557 5.50146 5.48817 5.47573 5.46416 5.45348 5.44372 5.43488 5.42697 5.42001 5.414 5.40894 5.40484 5.4017 5.39952 5.39831 
5.39172 5.39243 5.39413 5.3968 5.40044 5.40506 5.41066 5.41723 5.42477 5.43326 5.44271 5.4531 5.46442 5.47663 5.48973 5.50368 5.51844 5.53398 5.55026 5.56721 5.58479 5.60293 5.62157 5.64063 5.66004 5.67971 5.69957 5.71953 5.73949 5.75937 5.77908 5.79851 5.81758 5.83621 5.85429 5.87174 5.88848 5.90443 5.91951 5.93365 5.94677 5.95882 5.96975 5.97948 5.98799 5.99524 6.00117 6.00578 6.00903 6.01091 6.01141 6.01054 6.00828 6.00466 5.99968 5.99338 5.98578 5.97692 5.96684 5.95559 5.94322 5.9298 5.91538 5.90005 5.88387 5.86694 5.84932 5.83111 5.8124 5.79328 5.77384 5.75418 5.7344 5.71457 5.69479 5.67516 5.65576 5.63666 5.61795 5.5997 5.58198 5.56485 5.54837 5.5326 5.51757 5.50332 5.48991 5.47734 5.46566 5.45488 5.44502 5.43609 5.42811 5.42108 5.41501 5.4099 5.40576 5.40258 5.40038 5.39915 
5.39238 5.39311 5.39481 5.3975 5.40118 5.40583 5.41147 5.41809 5.42569 5.43425 5.44377 5.45423 5.46563 5.47794 5.49113 5.50518 5.52005 5.5357 5.55209 5.56916 5.58685 5.60512 5.62388 5.64307 5.6626 5.68241 5.7024 5.72248 5.74257 5.76257 5.7824 5.80195 5.82114 5.83987 5.85806 5.87562 5.89245 5.90849 5.92366 5.93788 5.95108 5.9632 5.97418 5.98397 5.99253 5.99981 6.00578 6.01041 6.01368 6.01557 6.01608 6.01519 6.01293 6.00928 6.00428 5.99794 5.9903 5.98139 5.97126 5.95994 5.9475 5.934 5.91951 5.90408 5.88781 5.87078 5.85305 5.83474 5.81591 5.79668 5.77712 5.75733 5.73742 5.71746 5.69756 5.6778 5.65827 5.63904 5.62021 5.60184 5.58399 5.56675 5.55015 5.53426 5.51912 5.50478 5.49126 5.47861 5.46684 5.45598 5.44604 5.43705 5.429 5.42192 5.4158 5.41065 5.40648 5.40328 5.40106 5.39982 
5.39287 5.3936 5.39531 5.39802 5.40171 5.40639 5.41206 5.41872 5.42635 5.43496 5.44453 5.45505 5.4665 5.47887 5.49213 5.50625 5.52119 5.53692 5.55339 5.57054 5.58832 5.60667 5.62552 5.6448 5.66442 5.68432 5.70439 5.72457 5.74474 5.76483 5.78474 5.80438 5.82365 5.84246 5.86072 5.87835 5.89526 5.91136 5.92659 5.94086 5.95411 5.96628 5.97731 5.98714 5.99573 6.00304 6.00903 6.01368 6.01696 6.01886 6.01937 6.01848 6.0162 6.01255 6.00753 6.00117 5.99349 5.98455 5.97437 5.96301 5.95052 5.93697 5.92242 5.90693 5.89059 5.87349 5.85569 5.83729 5.81839 5.79907 5.77943 5.75956 5.73955 5.71951 5.69952 5.67967 5.66004 5.64073 5.62181 5.60335 5.58542 5.56809 5.55141 5.53544 5.52023 5.50581 5.49223 5.47951 5.46768 5.45676 5.44678 5.43774 5.42965 5.42253 5.41638 5.4112 5.407 5.40379 5.40156 5.40031 
5.39317 5.3939 5.39562 5.39833 5.40204 5.40674 5.41242 5.4191 5.42675 5.43538 5.44498 5.45553 5.46702 5.47943 5.49272 5.50688 5.52187 5.53764 5.55415 5.57135 5.58918 5.60758 5.62648 5.6458 5.66548 5.68542 5.70555 5.72577 5.746 5.76614 5.7861 5.80578 5.8251 5.84396 5.86226 5.87993 5.89688 5.91302 5.92828 5.94259 5.95587 5.96807 5.97912 5.98897 5.99758 6.0049 6.01091 6.01557 6.01886 6.02076 6.02127 6.02038 6.0181 6.01444 6.0094 6.00303 5.99534 5.98637 5.97617 5.96479 5.95227 5.93868 5.9241 5.90857 5.8922 5.87505 5.85721 5.83877 5.81982 5.80045 5.78076 5.76084 5.74079 5.7207 5.70065 5.68075 5.66108 5.64171 5.62274 5.60423 5.58625 5.56888 5.55215 5.53614 5.52089 5.50643 5.49281 5.48005 5.46819 5.45724 5.44722 5.43815 5.43004 5.4229 5.41673 5.41154 5.40733 5.4041 5.40186 5.40061 
