3.35311 3.35333 3.35356 3.3538 3.35405 3.35432 3.3546 3.35489 3.3552 3.35552 3.35586 3.35622 3.3566 3.35701 3.35745 3.35792 3.35842 3.35896 3.35954 3.36017 3.36084 3.36156 3.36233 3.36315 3.36402 3.36494 3.36591 3.36693 3.36799 3.36908 3.37021 3.37137 3.37255 3.37374 3.37494 3.37614 3.37732 3.37848 3.37961 3.38069 3.38173 3.3827 3.3836 3.38442 3.38516 3.38579 3.38633 3.38676 3.38708 3.38728 3.38737 3.38734 3.38719 3.38693 3.38656 3.38608 3.38549 3.38481 3.38404 3.38319 3.38226 3.38127 3.38023 3.37915 3.37803 3.37688 3.37572 3.37456 3.3734 3.37225 3.37113 3.37003 3.36897 3.36795 3.36698 3.36605 3.36519 3.36438 3.36362 3.36293 3.3623 3.36174 3.36123 3.36079 3.3604 3.36007 3.3598 3.35958 3.35941 3.35928 3.3592 3.35916 3.35916 3.35919 3.35926 3.35935 3.35947 3.35962 3.35978 3.35996 
3.35333 3.35354 3.35377 3.35401 3.35427 3.35453 3.35481 3.3551 3.35541 3.35573 3.35607 3.35644 3.35682 3.35723 3.35767 3.35814 3.35865 3.3592 3.35979 3.36042 3.3611 3.36183 3.3626 3.36344 3.36432 3.36525 3.36623 3.36726 3.36833 3.36945 3.37059 3.37177 3.37296 3.37418 3.37539 3.37661 3.37781 3.37898 3.38013 3.38123 3.38228 3.38327 3.38418 3.38502 3.38576 3.38641 3.38696 3.3874 3.38772 3.38793 3.38801 3.38798 3.38783 3.38757 3.38719 3.3867 3.3861 3.38541 3.38463 3.38376 3.38282 3.38182 3.38076 3.37965 3.37852 3.37735 3.37618 3.375 3.37382 3.37266 3.37151 3.3704 3.36932 3.36829 3.3673 3.36637 3.36548 3.36466 3.3639 3.3632 3.36256 3.36199 3.36148 3.36103 3.36064 3.3603 3.36003 3.3598 3.35963 3.3595 3.35942 3.35938 3.35938 3.35941 3.35948 3.35957 3.35969 3.35983 3.36 3.36018 
3.35356 3.35377 3.354 3.35424 3.3545 3.35477 3.35505 3.35535 3.35566 3.35599 3.35634 3.35671 3.3571 3.35753 3.35798 3.35847 3.359 3.35956 3.36017 3.36083 3.36154 3.3623 3.36311 3.36398 3.3649 3.36588 3.3669 3.36798 3.3691 3.37026 3.37146 3.37269 3.37394 3.3752 3.37647 3.37774 3.37899 3.38022 3.38142 3.38257 3.38367 3.3847 3.38565 3.38652 3.3873 3.38798 3.38854 3.389 3.38933 3.38955 3.38964 3.3896 3.38945 3.38917 3.38877 3.38826 3.38763 3.38691 3.38609 3.38519 3.38421 3.38316 3.38205 3.3809 3.37971 3.37849 3.37726 3.37603 3.3748 3.37358 3.37239 3.37122 3.3701 3.36902 3.36798 3.367 3.36608 3.36522 3.36442 3.36369 3.36302 3.36242 3.36188 3.36141 3.36099 3.36064 3.36035 3.36011 3.35992 3.35978 3.35969 3.35964 3.35963 3.35966 3.35972 3.35981 3.35992 3.36006 3.36023 3.36041 
3.3538 3.35401 3.35424 3.35449 3.35475 3.35502 3.35531 3.35562 3.35594 3.35628 3.35665 3.35704 3.35745 3.3579 3.35838 3.3589 3.35946 3.36006 3.36072 3.36142 3.36218 3.36299 3.36386 3.36479 3.36578 3.36683 3.36793 3.36909 3.37029 3.37154 3.37282 3.37414 3.37548 3.37684 3.3782 3.37956 3.3809 3.38222 3.38349 3.38473 3.3859 3.387 3.38802 3.38895 3.38977 3.3905 3.3911 3.39158 3.39194 3.39217 3.39226 3.39222 3.39205 3.39175 3.39132 3.39077 3.39011 3.38933 3.38845 3.38748 3.38643 3.38531 3.38412 3.38289 3.38161 3.38031 3.37899 3.37767 3.37635 3.37504 3.37376 3.37251 3.3713 3.37014 3.36903 3.36797 3.36698 3.36605 3.36519 3.3644 3.36368 3.36303 3.36244 3.36193 3.36147 3.36109 3.36076 3.3605 3.36028 3.36012 3.36001 3.35995 3.35992 3.35994 3.35999 3.36007 3.36018 3.36031 3.36047 3.36065 
3.35405 3.35427 3.3545 3.35475 3.35502 3.3553 3.3556 3.35592 3.35626 3.35662 3.357 3.35742 3.35786 3.35835 3.35887 3.35943 3.36004 3.3607 3.36141 3.36218 3.36302 3.36391 3.36487 3.36589 3.36697 3.36812 3.36933 3.3706 3.37192 3.37329 3.3747 3.37614 3.37761 3.3791 3.38059 3.38207 3.38354 3.38498 3.38637 3.38772 3.38899 3.39019 3.3913 3.39231 3.39321 3.394 3.39465 3.39518 3.39556 3.39581 3.39591 3.39586 3.39567 3.39534 3.39487 3.39427 3.39354 3.39269 3.39173 3.39067 3.38952 3.38829 3.38699 3.38564 3.38425 3.38282 3.38138 3.37993 3.37848 3.37705 3.37564 3.37427 3.37294 3.37167 3.37044 3.36928 3.36819 3.36717 3.36622 3.36534 3.36454 3.36382 3.36316 3.36259 3.36208 3.36164 3.36127 3.36097 3.36072 3.36053 3.36039 3.3603 3.36025 3.36025 3.36028 3.36035 3.36045 3.36058 3.36073 3.36091 
3.35432 3.35453 3.35477 3.35502 3.3553 3.35559 3.35591 3.35624 3.3566 3.35699 3.35741 3.35786 3.35835 3.35887 3.35945 3.36007 3.36074 3.36148 3.36227 3.36313 3.36406 3.36506 3.36613 3.36727 3.36848 3.36977 3.37112 3.37253 3.37401 3.37553 3.37711 3.37872 3.38035 3.382 3.38366 3.38531 3.38694 3.38853 3.39008 3.39157 3.39298 3.39431 3.39554 3.39665 3.39765 3.39851 3.39923 3.39981 3.40023 3.4005 3.40061 3.40055 3.40034 3.39997 3.39944 3.39877 3.39796 3.39702 3.39595 3.39477 3.3935 3.39213 3.39069 3.38919 3.38764 3.38605 3.38445 3.38283 3.38122 3.37963 3.37806 3.37653 3.37505 3.37362 3.37225 3.37095 3.36973 3.36858 3.36751 3.36652 3.36562 3.3648 3.36406 3.3634 3.36282 3.36232 3.36188 3.36152 3.36123 3.36099 3.36082 3.36069 3.36062 3.36059 3.36061 3.36066 3.36074 3.36086 3.36101 3.36118 
3.3546 3.35481 3.35505 3.35531 3.3556 3.35591 3.35624 3.3566 3.35699 3.35741 3.35786 3.35836 3.3589 3.35949 3.36013 3.36082 3.36158 3.36241 3.36331 3.36428 3.36533 3.36646 3.36767 3.36896 3.37033 3.37178 3.37331 3.37491 3.37658 3.3783 3.38007 3.38189 3.38373 3.38559 3.38745 3.3893 3.39113 3.39292 3.39465 3.39632 3.3979 3.39938 3.40076 3.402 3.40311 3.40407 3.40488 3.40552 3.40598 3.40628 3.40639 3.40633 3.40608 3.40567 3.40508 3.40432 3.40341 3.40235 3.40115 3.39983 3.3984 3.39686 3.39524 3.39356 3.39181 3.39003 3.38823 3.38641 3.38459 3.3828 3.38103 3.3793 3.37763 3.37601 3.37446 3.37299 3.3716 3.3703 3.36908 3.36795 3.36692 3.36598 3.36513 3.36437 3.3637 3.36311 3.3626 3.36217 3.36181 3.36153 3.3613 3.36114 3.36103 3.36097 3.36096 3.36099 3.36106 3.36116 3.36129 3.36146 
3.35489 3.3551 3.35535 3.35562 3.35592 3.35624 3.3566 3.35699 3.35741 3.35787 3.35838 3.35893 3.35953 3.36019 3.36091 3.3617 3.36256 3.3635 3.36453 3.36563 3.36683 3.36812 3.3695 3.37097 3.37254 3.3742 3.37594 3.37776 3.37965 3.38161 3.38363 3.38568 3.38777 3.38988 3.39199 3.39408 3.39615 3.39817 3.40013 3.402 3.40379 3.40546 3.407 3.4084 3.40964 3.41072 3.41162 3.41234 3.41286 3.41318 3.41331 3.41323 3.41295 3.41247 3.41181 3.41095 3.40992 3.40872 3.40737 3.40588 3.40425 3.40252 3.40069 3.39878 3.39681 3.39479 3.39275 3.39069 3.38863 3.38659 3.38458 3.38262 3.38071 3.37887 3.37711 3.37543 3.37384 3.37234 3.37095 3.36965 3.36846 3.36737 3.36639 3.36551 3.36472 3.36403 3.36343 3.36292 3.36248 3.36213 3.36185 3.36163 3.36148 3.36139 3.36134 3.36134 3.36139 3.36148 3.3616 3.36175 
3.3552 3.35541 3.35566 3.35594 3.35626 3.3566 3.35699 3.35741 3.35788 3.35839 3.35895 3.35957 3.36025 3.36099 3.36181 3.36271 3.3637 3.36477 3.36594 3.36721 3.36858 3.37006 3.37164 3.37333 3.37513 3.37702 3.37902 3.3811 3.38326 3.3855 3.3878 3.39014 3.39252 3.39491 3.39731 3.39969 3.40203 3.40432 3.40654 3.40867 3.41068 3.41257 3.41431 3.41589 3.41729 3.4185 3.41951 3.42032 3.4209 3.42126 3.4214 3.4213 3.42098 3.42044 3.41968 3.41871 3.41754 3.41618 3.41465 3.41295 3.41111 3.40915 3.40707 3.4049 3.40266 3.40037 3.39804 3.3957 3.39336 3.39104 3.38875 3.3865 3.38433 3.38222 3.3802 3.37827 3.37645 3.37473 3.37312 3.37163 3.37026 3.369 3.36785 3.36682 3.3659 3.36509 3.36438 3.36376 3.36324 3.36281 3.36246 3.36218 3.36198 3.36184 3.36176 3.36173 3.36175 3.36181 3.36192 3.36207 
3.35552 3.35573 3.35599 3.35628 3.35662 3.35699 3.35741 3.35787 3.35839 3.35896 3.35959 3.36029 3.36106 3.36191 3.36284 3.36387 3.365 3.36623 3.36757 3.36903 3.37061 3.3723 3.37412 3.37606 3.37812 3.3803 3.38258 3.38496 3.38744 3.39 3.39262 3.39529 3.398 3.40073 3.40346 3.40616 3.40883 3.41142 3.41394 3.41634 3.41862 3.42076 3.42272 3.42451 3.42609 3.42746 3.4286 3.4295 3.43015 3.43055 3.4307 3.43059 3.43022 3.4296 3.42874 3.42763 3.4263 3.42476 3.42302 3.4211 3.41901 3.41678 3.41442 3.41196 3.40941 3.4068 3.40416 3.40149 3.39882 3.39617 3.39355 3.39099 3.3885 3.38609 3.38377 3.38156 3.37946 3.37749 3.37564 3.37391 3.37232 3.37086 3.36953 3.36833 3.36725 3.36629 3.36545 3.36472 3.3641 3.36357 3.36314 3.36279 3.36253 3.36233 3.3622 3.36214 3.36213 3.36217 3.36226 3.36239 
3.35586 3.35607 3.35634 3.35665 3.357 3.35741 3.35786 3.35838 3.35895 3.35959 3.3603 3.36109 3.36196 3.36293 3.364 3.36518 3.36647 3.36789 3.36943 3.37111 3.37292 3.37487 3.37696 3.37918 3.38155 3.38404 3.38665 3.38938 3.39221 3.39513 3.39813 3.40118 3.40427 3.40737 3.41047 3.41354 3.41656 3.41951 3.42236 3.42508 3.42766 3.43007 3.43229 3.4343 3.43609 3.43763 3.43891 3.43992 3.44065 3.4411 3.44126 3.44113 3.44071 3.44 3.43902 3.43777 3.43626 3.43451 3.43254 3.43036 3.42799 3.42546 3.42278 3.41998 3.41709 3.41413 3.41112 3.40808 3.40504 3.40201 3.39903 3.39611 3.39326 3.3905 3.38785 3.38531 3.38291 3.38063 3.3785 3.37651 3.37467 3.37298 3.37143 3.37003 3.36878 3.36766 3.36667 3.3658 3.36506 3.36443 3.3639 3.36347 3.36313 3.36287 3.36269 3.36258 3.36254 3.36255 3.36262 3.36274 
3.35622 3.35644 3.35671 3.35704 3.35742 3.35786 3.35836 3.35893 3.35957 3.36029 3.36109 3.36198 3.36298 3.36409 3.36531 3.36666 3.36814 3.36976 3.37153 3.37346 3.37554 3.37777 3.38017 3.38272 3.38543 3.38828 3.39127 3.39439 3.39762 3.40095 3.40436 3.40783 3.41134 3.41487 3.41838 3.42187 3.42529 3.42862 3.43184 3.43492 3.43783 3.44055 3.44305 3.44531 3.44732 3.44905 3.45049 3.45163 3.45245 3.45294 3.45312 3.45296 3.45248 3.45168 3.45056 3.44915 3.44744 3.44546 3.44323 3.44076 3.43808 3.43522 3.43219 3.42902 3.42574 3.42238 3.41896 3.41551 3.41205 3.40862 3.40522 3.40189 3.39864 3.39549 3.39246 3.38955 3.38679 3.38419 3.38174 3.37945 3.37733 3.37537 3.37358 3.37196 3.3705 3.36919 3.36803 3.36701 3.36613 3.36537 3.36474 3.36421 3.36379 3.36346 3.36322 3.36306 3.36297 3.36296 3.363 3.36311 
3.3566 3.35682 3.3571 3.35745 3.35786 3.35835 3.3589 3.35953 3.36025 3.36106 3.36196 3.36298 3.36411 3.36538 3.36677 3.36832 3.37001 3.37187 3.3739 3.37611 3.37849 3.38105 3.38379 3.3867 3.38979 3.39305 3.39646 3.40001 3.40369 3.40747 3.41134 3.41528 3.41926 3.42325 3.42723 3.43117 3.43503 3.43879 3.44242 3.44589 3.44916 3.45222 3.45503 3.45757 3.45982 3.46176 3.46337 3.46464 3.46556 3.46611 3.4663 3.46612 3.46557 3.46466 3.46341 3.46181 3.45988 3.45765 3.45514 3.45235 3.44933 3.4461 3.44268 3.4391 3.4354 3.43159 3.42772 3.42382 3.4199 3.416 3.41214 3.40836 3.40466 3.40108 3.39762 3.39431 3.39116 3.38817 3.38537 3.38274 3.38031 3.37806 3.376 3.37412 3.37242 3.3709 3.36955 3.36836 3.36732 3.36642 3.36566 3.36503 3.36451 3.3641 3.3638 3.36358 3.36345 3.36339 3.36341 3.3635 
3.35701 3.35723 3.35753 3.3579 3.35835 3.35887 3.35949 3.36019 3.36099 3.36191 3.36293 3.36409 3.36538 3.36681 3.36841 3.37017 3.37211 3.37423 3.37655 3.37907 3.38178 3.3847 3.38783 3.39115 3.39467 3.39837 3.40224 3.40627 3.41044 3.41473 3.41911 3.42356 3.42805 3.43256 3.43704 3.44148 3.44582 3.45005 3.45413 3.45802 3.46169 3.46511 3.46826 3.4711 3.47362 3.47579 3.47759 3.479 3.48002 3.48063 3.48083 3.48062 3.48 3.47898 3.47757 3.47577 3.47361 3.47111 3.46828 3.46516 3.46176 3.45812 3.45428 3.45025 3.44608 3.4418 3.43743 3.43302 3.4286 3.42419 3.41983 3.41555 3.41136 3.40729 3.40337 3.3996 3.39602 3.39262 3.38941 3.38642 3.38363 3.38105 3.37868 3.37652 3.37456 3.3728 3.37124 3.36985 3.36863 3.36758 3.36669 3.36593 3.36531 3.36481 3.36442 3.36414 3.36396 3.36386 3.36385 3.36392 
3.35745 3.35767 3.35798 3.35838 3.35887 3.35945 3.36013 3.36091 3.36181 3.36284 3.364 3.36531 3.36677 3.36841 3.37022 3.37223 3.37444 3.37685 3.37949 3.38236 3.38545 3.38877 3.39232 3.39609 3.40007 3.40427 3.40865 3.4132 3.41791 3.42275 3.42769 3.4327 3.43775 3.44281 3.44785 3.45282 3.45769 3.46242 3.46698 3.47133 3.47543 3.47925 3.48276 3.48593 3.48873 3.49114 3.49314 3.49471 3.49583 3.49651 3.49673 3.49649 3.49579 3.49465 3.49307 3.49106 3.48864 3.48584 3.48268 3.47919 3.47539 3.47132 3.46701 3.4625 3.45782 3.45301 3.44811 3.44316 3.43818 3.43322 3.42831 3.42348 3.41875 3.41416 3.40972 3.40546 3.40139 3.39753 3.39389 3.39048 3.3873 3.38436 3.38166 3.37918 3.37694 3.37491 3.3731 3.3715 3.37009 3.36886 3.36781 3.36692 3.36618 3.36557 3.3651 3.36475 3.3645 3.36436 3.36432 3.36437 
3.35792 3.35814 3.35847 3.3589 3.35943 3.36007 3.36082 3.3617 3.36271 3.36387 3.36518 3.36666 3.36832 3.37017 3.37223 3.3745 3.37701 3.37976 3.38275 3.38599 3.3895 3.39326 3.39727 3.40153 3.40603 3.41076 3.4157 3.42083 3.42612 3.43155 3.43709 3.44271 3.44837 3.45403 3.45966 3.46521 3.47064 3.47592 3.48099 3.48583 3.49039 3.49464 3.49853 3.50205 3.50515 3.50782 3.51004 3.51177 3.51301 3.51376 3.51399 3.51372 3.51294 3.51167 3.5099 3.50767 3.50498 3.50186 3.49834 3.49445 3.49022 3.48568 3.48088 3.47585 3.47063 3.46526 3.45978 3.45424 3.44867 3.44311 3.4376 3.43217 3.42686 3.42169 3.41669 3.41189 3.4073 3.40294 3.39882 3.39496 3.39136 3.38801 3.38493 3.38211 3.37955 3.37723 3.37516 3.37331 3.37169 3.37027 3.36904 3.368 3.36712 3.36641 3.36584 3.3654 3.3651 3.36491 3.36483 3.36485 
3.35842 3.35865 3.359 3.35946 3.36004 3.36074 3.36158 3.36256 3.3637 3.365 3.36647 3.36814 3.37001 3.37211 3.37444 3.37701 3.37984 3.38295 3.38633 3.38999 3.39394 3.39818 3.4027 3.4075 3.41256 3.41787 3.42341 3.42915 3.43508 3.44115 3.44734 3.45361 3.45992 3.46623 3.47249 3.47866 3.48469 3.49054 3.49617 3.50153 3.50658 3.51127 3.51558 3.51946 3.52289 3.52583 3.52827 3.53018 3.53154 3.53236 3.53261 3.5323 3.53144 3.53002 3.52807 3.52559 3.52261 3.51916 3.51526 3.51095 3.50626 3.50123 3.4959 3.49031 3.48451 3.47854 3.47244 3.46627 3.46006 3.45386 3.44771 3.44164 3.4357 3.42991 3.4243 3.41891 3.41376 3.40885 3.40422 3.39986 3.39579 3.39201 3.38853 3.38533 3.38241 3.37978 3.37741 3.3753 3.37344 3.3718 3.37039 3.36918 3.36816 3.36732 3.36664 3.36612 3.36574 3.36549 3.36537 3.36537 
3.35896 3.3592 3.35956 3.36006 3.3607 3.36148 3.36241 3.3635 3.36477 3.36623 3.36789 3.36976 3.37187 3.37423 3.37685 3.37976 3.38295 3.38644 3.39024 3.39436 3.3988 3.40356 3.40863 3.414 3.41966 3.4256 3.43178 3.43819 3.4448 3.45156 3.45844 3.46541 3.47241 3.4794 3.48633 3.49316 3.49983 3.50629 3.5125 3.51841 3.52397 3.52913 3.53387 3.53814 3.5419 3.54514 3.54781 3.5499 3.5514 3.55228 3.55256 3.55221 3.55125 3.54969 3.54754 3.54481 3.54153 3.53772 3.53342 3.52867 3.52349 3.51794 3.51205 3.50587 3.49946 3.49285 3.4861 3.47925 3.47236 3.46548 3.45864 3.45189 3.44527 3.43882 3.43256 3.42654 3.42077 3.41528 3.41009 3.4052 3.40062 3.39637 3.39244 3.38883 3.38554 3.38256 3.37987 3.37747 3.37534 3.37348 3.37185 3.37046 3.36928 3.3683 3.36751 3.36689 3.36643 3.36612 3.36595 3.36593 
3.35954 3.35979 3.36017 3.36072 3.36141 3.36227 3.36331 3.36453 3.36594 3.36757 3.36943 3.37153 3.3739 3.37655 3.37949 3.38275 3.38633 3.39024 3.39451 3.39912 3.40408 3.4094 3.41505 3.42104 3.42735 3.43396 3.44083 3.44795 3.45528 3.46277 3.47039 3.47809 3.48582 3.49354 3.50118 3.50869 3.51603 3.52314 3.52995 3.53644 3.54253 3.5482 3.55338 3.55805 3.56217 3.5657 3.56862 3.5709 3.57253 3.57349 3.57379 3.5734 3.57235 3.57063 3.56827 3.56528 3.56168 3.55751 3.55279 3.54757 3.54189 3.53579 3.52931 3.52252 3.51546 3.50818 3.50073 3.49318 3.48557 3.47796 3.47039 3.46292 3.45558 3.44842 3.44147 3.43478 3.42836 3.42224 3.41644 3.41098 3.40586 3.4011 3.39669 3.39264 3.38893 3.38557 3.38254 3.37983 3.37742 3.37529 3.37345 3.37185 3.3705 3.36937 3.36845 3.36772 3.36717 3.3668 3.36658 3.36653 
3.36017 3.36042 3.36083 3.36142 3.36218 3.36313 3.36428 3.36563 3.36721 3.36903 3.37111 3.37346 3.37611 3.37907 3.38236 3.38599 3.38999 3.39436 3.39912 3.40426 3.40978 3.4157 3.42198 3.42863 3.43563 3.44295 3.45056 3.45842 3.46651 3.47478 3.48317 3.49165 3.50015 3.50862 3.517 3.52524 3.53327 3.54105 3.5485 3.55558 3.56223 3.56841 3.57406 3.57915 3.58363 3.58747 3.59064 3.59312 3.59488 3.59593 3.59624 3.59582 3.59466 3.59279 3.59021 3.58695 3.58302 3.57847 3.57332 3.56762 3.56141 3.55474 3.54766 3.54022 3.53248 3.5245 3.51633 3.50803 3.49967 3.49129 3.48296 3.47472 3.46662 3.45871 3.45103 3.44361 3.4365 3.42971 3.42327 3.4172 3.4115 3.40619 3.40128 3.39675 3.3926 3.38883 3.38542 3.38237 3.37966 3.37726 3.37517 3.37336 3.37181 3.37052 3.36946 3.36861 3.36797 3.36753 3.36726 3.36717 
3.36084 3.3611 3.36154 3.36218 3.36302 3.36406 3.36533 3.36683 3.36858 3.37061 3.37292 3.37554 3.37849 3.38178 3.38545 3.3895 3.39394 3.3988 3.40408 3.40978 3.41591 3.42246 3.42942 3.43677 3.44449 3.45256 3.46094 3.4696 3.47848 3.48756 3.49676 3.50605 3.51535 3.52461 3.53376 3.54275 3.55151 3.55998 3.56809 3.57578 3.58301 3.58971 3.59584 3.60135 3.60621 3.61036 3.6138 3.61648 3.61838 3.61951 3.61984 3.61938 3.61812 3.61609 3.61329 3.60974 3.60548 3.60054 3.59494 3.58875 3.58199 3.57473 3.56702 3.55892 3.55048 3.54177 3.53285 3.52378 3.51463 3.50545 3.49632 3.48727 3.47837 3.46968 3.46122 3.45305 3.4452 3.4377 3.43058 3.42386 3.41755 3.41166 3.4062 3.40116 3.39654 3.39233 3.38853 3.38511 3.38207 3.37938 3.37702 3.37498 3.37323 3.37176 3.37055 3.36958 3.36884 3.36831 3.36799 3.36786 
3.36156 3.36183 3.3623 3.36299 3.36391 3.36506 3.36646 3.36812 3.37006 3.3723 3.37487 3.37777 3.38105 3.3847 3.38877 3.39326 3.39818 3.40356 3.4094 3.4157 3.42246 3.42968 3.43734 3.44543 3.45391 3.46277 3.47196 3.48144 3.49117 3.50109 3.51114 3.52126 3.53139 3.54147 3.55142 3.56118 3.57068 3.57986 3.58864 3.59697 3.60478 3.61203 3.61865 3.62459 3.62982 3.6343 3.638 3.64088 3.64294 3.64414 3.6445 3.64399 3.64263 3.64043 3.63741 3.63358 3.62898 3.62363 3.61759 3.61088 3.60357 3.59571 3.58736 3.57857 3.56941 3.55994 3.55024 3.54038 3.53041 3.5204 3.51043 3.50055 3.49082 3.4813 3.47203 3.46307 3.45445 3.44621 3.43837 3.43096 3.424 3.41749 3.41145 3.40587 3.40075 3.39608 3.39185 3.38805 3.38465 3.38164 3.379 3.37671 3.37475 3.37309 3.37171 3.37061 3.36976 3.36915 3.36876 3.3686 
3.36233 3.3626 3.36311 3.36386 3.36487 3.36613 3.36767 3.3695 3.37164 3.37412 3.37696 3.38017 3.38379 3.38783 3.39232 3.39727 3.4027 3.40863 3.41505 3.42198 3.42942 3.43734 3.44574 3.4546 3.46388 3.47357 3.4836 3.49394 3.50453 3.51532 3.52624 3.53723 3.54822 3.55914 3.56991 3.58046 3.59072 3.60062 3.61009 3.61906 3.62747 3.63526 3.64237 3.64876 3.65438 3.65918 3.66315 3.66624 3.66843 3.66972 3.6701 3.66955 3.66809 3.66573 3.66247 3.65836 3.65341 3.64766 3.64115 3.63394 3.62606 3.61759 3.60858 3.59909 3.58919 3.57896 3.56846 3.55777 3.54696 3.5361 3.52526 3.51451 3.50392 3.49354 3.48343 3.47365 3.46422 3.4552 3.44661 3.43848 3.43084 3.42368 3.41703 3.41088 3.40523 3.40007 3.39539 3.39118 3.38741 3.38406 3.38112 3.37856 3.37636 3.3745 3.37296 3.37171 3.37074 3.37004 3.36959 3.36939 
3.36315 3.36344 3.36398 3.36479 3.36589 3.36727 3.36896 3.37097 3.37333 3.37606 3.37918 3.38272 3.3867 3.39115 3.39609 3.40153 3.4075 3.414 3.42104 3.42863 3.43677 3.44543 3.4546 3.46426 3.47437 3.48491 3.49581 3.50704 3.51853 3.53021 3.54203 3.55391 3.56577 3.57754 3.58915 3.60051 3.61154 3.62218 3.63234 3.64196 3.65097 3.65931 3.66692 3.67375 3.67975 3.68488 3.68911 3.69241 3.69475 3.69613 3.69652 3.69593 3.69437 3.69184 3.68836 3.68396 3.67866 3.67251 3.66554 3.65781 3.64937 3.64027 3.63059 3.62039 3.60975 3.59873 3.58742 3.57589 3.56422 3.55248 3.54076 3.52912 3.51764 3.50638 3.49539 3.48475 3.47449 3.46466 3.45529 3.44641 3.43805 3.43022 3.42293 3.41618 3.40997 3.4043 3.39914 3.39449 3.39033 3.38663 3.38337 3.38053 3.37809 3.37601 3.37428 3.37288 3.37179 3.37099 3.37048 3.37023 
3.36402 3.36432 3.3649 3.36578 3.36697 3.36848 3.37033 3.37254 3.37513 3.37812 3.38155 3.38543 3.38979 3.39467 3.40007 3.40603 3.41256 3.41966 3.42735 3.43563 3.44449 3.45391 3.46388 3.47437 3.48535 3.49676 3.50856 3.5207 3.5331 3.54571 3.55844 3.57122 3.58397 3.59661 3.60906 3.62123 3.63304 3.64442 3.65528 3.66555 3.67516 3.68405 3.69216 3.69943 3.70582 3.71127 3.71577 3.71927 3.72176 3.72322 3.72363 3.72301 3.72134 3.71865 3.71494 3.71025 3.70461 3.69805 3.69063 3.68238 3.67336 3.66365 3.6533 3.64239 3.63099 3.61918 3.60704 3.59466 3.58211 3.56949 3.55686 3.54431 3.53192 3.51975 3.50787 3.49634 3.48522 3.47455 3.46437 3.45472 3.44561 3.43708 3.42912 3.42175 3.41496 3.40875 3.4031 3.39799 3.39341 3.38934 3.38575 3.38261 3.37991 3.3776 3.37568 3.37412 3.3729 3.372 3.37141 3.37112 
3.36494 3.36525 3.36588 3.36683 3.36812 3.36977 3.37178 3.3742 3.37702 3.3803 3.38404 3.38828 3.39305 3.39837 3.40427 3.41076 3.41787 3.4256 3.43396 3.44295 3.45256 3.46277 3.47357 3.48491 3.49676 3.50907 3.52179 3.53485 3.54819 3.56173 3.57539 3.58908 3.60273 3.61625 3.62954 3.64253 3.65512 3.66724 3.67879 3.68971 3.69992 3.70936 3.71796 3.72567 3.73243 3.73821 3.74297 3.74668 3.74931 3.75085 3.75128 3.75062 3.74885 3.746 3.74207 3.7371 3.73112 3.72416 3.71628 3.70752 3.69794 3.68761 3.67659 3.66497 3.65281 3.64021 3.62724 3.614 3.60057 3.58704 3.5735 3.56002 3.5467 3.53361 3.52081 3.50838 3.49637 3.48484 3.47383 3.46338 3.45351 3.44424 3.4356 3.42758 3.42018 3.41341 3.40724 3.40166 3.39665 3.39219 3.38825 3.3848 3.38182 3.37928 3.37716 3.37543 3.37407 3.37307 3.3724 3.37206 
3.36591 3.36623 3.3669 3.36793 3.36933 3.37112 3.37331 3.37594 3.37902 3.38258 3.38665 3.39127 3.39646 3.40224 3.40865 3.4157 3.42341 3.43178 3.44083 3.45056 3.46094 3.47196 3.4836 3.49581 3.50856 3.52179 3.53544 3.54944 3.56372 3.5782 3.59279 3.60741 3.62196 3.63636 3.6505 3.6643 3.67766 3.69051 3.70275 3.71431 3.72512 3.73509 3.74418 3.75231 3.75945 3.76554 3.77056 3.77447 3.77724 3.77886 3.77932 3.77861 3.77675 3.77374 3.7696 3.76436 3.75804 3.75069 3.74236 3.7331 3.72296 3.71202 3.70034 3.68801 3.6751 3.6617 3.64791 3.63381 3.61949 3.60505 3.59059 3.57618 3.56192 3.54789 3.53416 3.52081 3.5079 3.49549 3.48363 3.47235 3.4617 3.45168 3.44233 3.43364 3.42562 3.41827 3.41156 3.40549 3.40004 3.39517 3.39086 3.38709 3.38383 3.38104 3.37871 3.3768 3.3753 3.37419 3.37344 3.37306 
3.36693 3.36726 3.36798 3.36909 3.3706 3.37253 3.37491 3.37776 3.3811 3.38496 3.38938 3.39439 3.40001 3.40627 3.4132 3.42083 3.42915 3.43819 3.44795 3.45842 3.4696 3.48144 3.49394 3.50704 3.5207 3.53485 3.54944 3.56439 3.57962 3.59505 3.61057 3.62611 3.64156 3.65682 3.6718 3.68641 3.70054 3.71411 3.72703 3.73922 3.7506 3.7611 3.77066 3.77921 3.78671 3.79312 3.79838 3.80248 3.80539 3.80709 3.80757 3.80683 3.80487 3.80171 3.79737 3.79186 3.78522 3.77749 3.76872 3.75897 3.74828 3.73674 3.72442 3.71139 3.69774 3.68356 3.66894 3.65398 3.63878 3.62344 3.60805 3.5927 3.57749 3.56252 3.54785 3.53357 3.51975 3.50645 3.49372 3.4816 3.47014 3.45936 3.44929 3.43991 3.43126 3.4233 3.41605 3.40947 3.40355 3.39826 3.39358 3.38948 3.38592 3.38288 3.38033 3.37824 3.37659 3.37536 3.37453 3.37409 
3.36799 3.36833 3.3691 3.37029 3.37192 3.37401 3.37658 3.37965 3.38326 3.38744 3.39221 3.39762 3.40369 3.41044 3.41791 3.42612 3.43508 3.4448 3.45528 3.46651 3.47848 3.49117 3.50453 3.51853 3.5331 3.54819 3.56372 3.57962 3.5958 3.61217 3.62862 3.64507 3.66141 3.67753 3.69334 3.70874 3.72362 3.7379 3.75148 3.76428 3.77623 3.78724 3.79725 3.80621 3.81406 3.82076 3.82627 3.83055 3.83359 3.83537 3.83587 3.8351 3.83306 3.82976 3.82521 3.81944 3.8125 3.8044 3.79521 3.78498 3.77376 3.76164 3.74868 3.73497 3.72059 3.70564 3.69021 3.67441 3.65834 3.64209 3.62578 3.6095 3.59335 3.57742 3.56181 3.5466 3.53186 3.51765 3.50404 3.49108 3.47881 3.46725 3.45644 3.44637 3.43705 3.42849 3.42067 3.41357 3.40718 3.40146 3.3964 3.39195 3.38808 3.38478 3.382 3.37972 3.37792 3.37657 3.37566 3.37518 
3.36908 3.36945 3.37026 3.37154 3.37329 3.37553 3.3783 3.38161 3.3855 3.39 3.39513 3.40095 3.40747 3.41473 3.42275 3.43155 3.44115 3.45156 3.46277 3.47478 3.48756 3.50109 3.51532 3.53021 3.54571 3.56173 3.5782 3.59505 3.61217 3.62946 3.64684 3.66419 3.6814 3.69837 3.71499 3.73116 3.74677 3.76174 3.77596 3.78936 3.80184 3.81335 3.8238 3.83315 3.84133 3.84832 3.85405 3.85852 3.86169 3.86354 3.86406 3.86326 3.86114 3.8577 3.85296 3.84695 3.83971 3.83127 3.82167 3.81098 3.79926 3.78657 3.773 3.75862 3.74353 3.72783 3.71161 3.69498 3.67804 3.66091 3.64368 3.62648 3.60939 3.59252 3.57597 3.55982 3.54416 3.52905 3.51456 3.50075 3.48765 3.47531 3.46374 3.45297 3.44299 3.43381 3.42541 3.41779 3.41091 3.40475 3.39929 3.39449 3.39032 3.38674 3.38373 3.38126 3.3793 3.37783 3.37683 3.37629 
3.37021 3.37059 3.37146 3.37282 3.3747 3.37711 3.38007 3.38363 3.3878 3.39262 3.39813 3.40436 3.41134 3.41911 3.42769 3.43709 3.44734 3.45844 3.47039 3.48317 3.49676 3.51114 3.52624 3.54203 3.55844 3.57539 3.59279 3.61057 3.62862 3.64684 3.66512 3.68335 3.70141 3.71921 3.73662 3.75354 3.76986 3.78549 3.80033 3.81429 3.8273 3.83927 3.85014 3.85986 3.86837 3.87562 3.88158 3.88621 3.8895 3.89142 3.89197 3.89114 3.88894 3.88537 3.88046 3.87423 3.8667 3.85792 3.84795 3.83682 3.82461 3.81138 3.79722 3.7822 3.76643 3.74999 3.733 3.71556 3.69778 3.67978 3.66166 3.64354 3.62552 3.60773 3.59024 3.57316 3.55658 3.54057 3.5252 3.51053 3.49661 3.48348 3.47116 3.45968 3.44903 3.43922 3.43025 3.42209 3.41472 3.40812 3.40225 3.39709 3.3926 3.38875 3.38551 3.38284 3.38072 3.37913 3.37804 3.37745 
3.37137 3.37177 3.37269 3.37414 3.37614 3.37872 3.38189 3.38568 3.39014 3.39529 3.40118 3.40783 3.41528 3.42356 3.4327 3.44271 3.45361 3.46541 3.47809 3.49165 3.50605 3.52126 3.53723 3.55391 3.57122 3.58908 3.60741 3.62611 3.64507 3.66419 3.68335 3.70243 3.72133 3.73992 3.75809 3.77573 3.79274 3.809 3.82443 3.83894 3.85244 3.86486 3.87613 3.88619 3.895 3.90251 3.90867 3.91347 3.91687 3.91886 3.91943 3.91858 3.91631 3.91262 3.90754 3.9011 3.89331 3.88422 3.87388 3.86234 3.84967 3.83593 3.8212 3.80557 3.78914 3.772 3.75427 3.73604 3.71745 3.69859 3.6796 3.66058 3.64166 3.62294 3.60454 3.58654 3.56905 3.55215 3.53591 3.52039 3.50565 3.49173 3.47866 3.46646 3.45514 3.44471 3.43514 3.42644 3.41858 3.41153 3.40526 3.39974 3.39493 3.3908 3.38732 3.38445 3.38217 3.38045 3.37927 3.37863 
3.37255 3.37296 3.37394 3.37548 3.37761 3.38035 3.38373 3.38777 3.39252 3.398 3.40427 3.41134 3.41926 3.42805 3.43775 3.44837 3.45992 3.47241 3.48582 3.50015 3.51535 3.53139 3.54822 3.56577 3.58397 3.60273 3.62196 3.64156 3.66141 3.6814 3.70141 3.72133 3.74103 3.76039 3.77929 3.79762 3.81527 3.83214 3.84813 3.86315 3.87712 3.88995 3.9016 3.91199 3.92108 3.92883 3.93518 3.94013 3.94364 3.94569 3.94629 3.94541 3.94308 3.93929 3.93406 3.92741 3.91938 3.91001 3.89933 3.8874 3.87429 3.86006 3.8448 3.8286 3.81154 3.79373 3.77527 3.7563 3.73691 3.71723 3.69739 3.67751 3.6577 3.63809 3.61878 3.59988 3.5815 3.56372 3.54661 3.53025 3.5147 3.49999 3.48618 3.47327 3.46128 3.45022 3.44008 3.43084 3.42248 3.41498 3.4083 3.40242 3.39729 3.39288 3.38916 3.38609 3.38364 3.3818 3.38053 3.37983 
3.37374 3.37418 3.3752 3.37684 3.3791 3.382 3.38559 3.38988 3.39491 3.40073 3.40737 3.41487 3.42325 3.43256 3.44281 3.45403 3.46623 3.4794 3.49354 3.50862 3.52461 3.54147 3.55914 3.57754 3.59661 3.61625 3.63636 3.65682 3.67753 3.69837 3.71921 3.73992 3.76039 3.78048 3.80008 3.81907 3.83734 3.85478 3.87129 3.88679 3.90119 3.91442 3.92642 3.93711 3.94646 3.95443 3.96096 3.96605 3.96966 3.97177 3.97239 3.9715 3.96911 3.96522 3.95985 3.95303 3.94477 3.93513 3.92414 3.91185 3.89833 3.88365 3.86789 3.85113 3.83348 3.81503 3.7959 3.7762 3.75605 3.73559 3.71493 3.69421 3.67354 3.65306 3.63287 3.6131 3.59384 3.57519 3.55724 3.54006 3.5237 3.50823 3.49367 3.48006 3.46742 3.45573 3.44501 3.43523 3.42638 3.41843 3.41135 3.40511 3.39966 3.39497 3.391 3.38773 3.38513 3.38315 3.3818 3.38105 
3.37494 3.37539 3.37647 3.3782 3.38059 3.38366 3.38745 3.39199 3.39731 3.40346 3.41047 3.41838 3.42723 3.43704 3.44785 3.45966 3.47249 3.48633 3.50118 3.517 3.53376 3.55142 3.56991 3.58915 3.60906 3.62954 3.6505 3.6718 3.69334 3.71499 3.73662 3.75809 3.77929 3.80008 3.82034 3.83995 3.85879 3.87677 3.89377 3.90972 3.92453 3.93812 3.95044 3.96141 3.971 3.97917 3.98587 3.99108 3.99479 3.99696 3.9976 3.99669 3.99425 3.99027 3.98478 3.9778 3.96934 3.95945 3.94817 3.93555 3.92166 3.90656 3.89033 3.87306 3.85484 3.83579 3.81602 3.79563 3.77477 3.75355 3.73211 3.71057 3.68908 3.66776 3.64673 3.6261 3.606 3.58651 3.56773 3.54974 3.5326 3.51638 3.5011 3.4868 3.4735 3.4612 3.44991 3.43961 3.43027 3.42188 3.41439 3.40779 3.40202 3.39705 3.39285 3.38938 3.38661 3.38452 3.38307 3.38227 
3.37614 3.37661 3.37774 3.37956 3.38207 3.38531 3.3893 3.39408 3.39969 3.40616 3.41354 3.42187 3.43117 3.44148 3.45282 3.46521 3.47866 3.49316 3.50869 3.52524 3.54275 3.56118 3.58046 3.60051 3.62123 3.64253 3.6643 3.68641 3.70874 3.73116 3.75354 3.77573 3.79762 3.81907 3.83995 3.86013 3.87952 3.89799 3.91546 3.93182 3.947 3.96093 3.97353 3.98477 3.99458 4.00293 4.00978 4.01511 4.01889 4.02112 4.02178 4.02086 4.01838 4.01433 4.00873 4.00159 3.99295 3.98284 3.9713 3.95838 3.94414 3.92865 3.91199 3.89424 3.87551 3.85589 3.83551 3.81448 3.79293 3.771 3.74881 3.72651 3.70423 3.6821 3.66025 3.63881 3.61789 3.59759 3.57801 3.55924 3.54134 3.52438 3.5084 3.49343 3.47949 3.4666 3.45475 3.44392 3.43411 3.42528 3.4174 3.41044 3.40436 3.39912 3.39469 3.39102 3.38809 3.38587 3.38434 3.38348 
3.37732 3.37781 3.37899 3.3809 3.38354 3.38694 3.39113 3.39615 3.40203 3.40883 3.41656 3.42529 3.43503 3.44582 3.45769 3.47064 3.48469 3.49983 3.51603 3.53327 3.55151 3.57068 3.59072 3.61154 3.63304 3.65512 3.67766 3.70054 3.72362 3.74677 3.76986 3.79274 3.81527 3.83734 3.85879 3.87952 3.8994 3.91834 3.93622 3.95296 3.96849 3.98272 3.99559 4.00706 4.01707 4.02558 4.03257 4.038 4.04187 4.04414 4.04482 4.0439 4.04137 4.03726 4.03156 4.0243 4.01549 4.00518 3.99341 3.98021 3.96566 3.94982 3.93275 3.91457 3.89535 3.87521 3.85426 3.83263 3.81044 3.78783 3.76494 3.74191 3.71888 3.69599 3.67336 3.65114 3.62943 3.60836 3.58801 3.56849 3.54986 3.53218 3.51552 3.4999 3.48535 3.47187 3.45948 3.44815 3.43787 3.42862 3.42036 3.41305 3.40667 3.40116 3.3965 3.39264 3.38955 3.38721 3.3856 3.38469 
3.37848 3.37898 3.38022 3.38222 3.38498 3.38853 3.39292 3.39817 3.40432 3.41142 3.41951 3.42862 3.43879 3.45005 3.46242 3.47592 3.49054 3.50629 3.52314 3.54105 3.55998 3.57986 3.60062 3.62218 3.64442 3.66724 3.69051 3.71411 3.7379 3.76174 3.78549 3.809 3.83214 3.85478 3.87677 3.89799 3.91834 3.93769 3.95596 3.97305 3.98888 4.00339 4.0165 4.02817 4.03836 4.04703 4.05413 4.05966 4.0636 4.06592 4.06661 4.06569 4.06313 4.05896 4.05318 4.0458 4.03685 4.02637 4.01438 4.00094 3.98611 3.96994 3.95252 3.93393 3.91426 3.89364 3.87217 3.84997 3.82719 3.80395 3.7804 3.75669 3.73295 3.70933 3.68597 3.663 3.64055 3.61874 3.59766 3.57742 3.55808 3.53973 3.52242 3.50617 3.49103 3.47699 3.46407 3.45226 3.44153 3.43187 3.42324 3.4156 3.40892 3.40315 3.39826 3.39422 3.39098 3.38852 3.38682 3.38587 
3.37961 3.38013 3.38142 3.38349 3.38637 3.39008 3.39465 3.40013 3.40654 3.41394 3.42236 3.43184 3.44242 3.45413 3.46698 3.48099 3.49617 3.5125 3.52995 3.5485 3.56809 3.58864 3.61009 3.63234 3.65528 3.67879 3.70275 3.72703 3.75148 3.77596 3.80033 3.82443 3.84813 3.87129 3.89377 3.91546 3.93622 3.95596 3.97457 3.99198 4.00809 4.02284 4.03617 4.04803 4.05837 4.06717 4.07438 4.08 4.08399 4.08635 4.08707 4.08614 4.08356 4.07934 4.07348 4.06601 4.05694 4.0463 4.03413 4.02047 4.00538 3.98892 3.97117 3.95221 3.93215 3.91108 3.88913 3.86642 3.84308 3.81926 3.79509 3.77074 3.74634 3.72204 3.69799 3.67433 3.65118 3.62866 3.60689 3.58597 3.56597 3.54697 3.52903 3.51219 3.49648 3.48192 3.4685 3.45622 3.44506 3.43501 3.42602 3.41806 3.41109 3.40508 3.39998 3.39575 3.39237 3.3898 3.38802 3.38701 
3.38069 3.38123 3.38257 3.38473 3.38772 3.39157 3.39632 3.402 3.40867 3.41634 3.42508 3.43492 3.44589 3.45802 3.47133 3.48583 3.50153 3.51841 3.53644 3.55558 3.57578 3.59697 3.61906 3.64196 3.66555 3.68971 3.71431 3.73922 3.76428 3.78936 3.81429 3.83894 3.86315 3.88679 3.90972 3.93182 3.95296 3.97305 3.99198 4.00966 4.02602 4.04098 4.05451 4.06653 4.07701 4.08592 4.09324 4.09892 4.10297 4.10537 4.1061 4.10517 4.10258 4.09832 4.0924 4.08484 4.07566 4.06489 4.05256 4.0387 4.02339 4.00667 3.98863 3.96934 3.94891 3.92744 3.90505 3.88186 3.85802 3.83366 3.80893 3.78398 3.75897 3.73405 3.70935 3.68503 3.66123 3.63806 3.61564 3.59407 3.57345 3.55385 3.53532 3.51792 3.50168 3.48661 3.47271 3.45999 3.44843 3.438 3.42867 3.42041 3.41317 3.40692 3.40162 3.39722 3.3937 3.39102 3.38917 3.38812 
3.38173 3.38228 3.38367 3.3859 3.38899 3.39298 3.3979 3.40379 3.41068 3.41862 3.42766 3.43783 3.44916 3.46169 3.47543 3.49039 3.50658 3.52397 3.54253 3.56223 3.58301 3.60478 3.62747 3.65097 3.67516 3.69992 3.72512 3.7506 3.77623 3.80184 3.8273 3.85244 3.87712 3.90119 3.92453 3.947 3.96849 3.98888 4.00809 4.02602 4.04259 4.05776 4.07144 4.08361 4.09421 4.10323 4.11062 4.11637 4.12047 4.1229 4.12365 4.12272 4.12011 4.11582 4.10985 4.10222 4.09295 4.08206 4.06959 4.05557 4.04006 4.02311 4.00481 3.98523 3.96447 3.94263 3.91985 3.89623 3.87193 3.84708 3.82183 3.79634 3.77077 3.74526 3.71997 3.69505 3.67064 3.64686 3.62384 3.60168 3.58048 3.56031 3.54124 3.52331 3.50657 3.49103 3.47669 3.46356 3.45161 3.44083 3.43119 3.42264 3.41514 3.40867 3.40317 3.39862 3.39496 3.39219 3.39026 3.38917 
3.3827 3.38327 3.3847 3.387 3.39019 3.39431 3.39938 3.40546 3.41257 3.42076 3.43007 3.44055 3.45222 3.46511 3.47925 3.49464 3.51127 3.52913 3.5482 3.56841 3.58971 3.61203 3.63526 3.65931 3.68405 3.70936 3.73509 3.7611 3.78724 3.81335 3.83927 3.86486 3.88995 3.91442 3.93812 3.96093 3.98272 4.00339 4.02284 4.04098 4.05776 4.07308 4.08692 4.09921 4.10992 4.11902 4.12648 4.13229 4.13643 4.13889 4.13966 4.13873 4.13611 4.13179 4.12578 4.11809 4.10875 4.09776 4.08516 4.071 4.05531 4.03816 4.01963 3.99979 3.97874 3.95658 3.93344 3.90944 3.88472 3.85943 3.83371 3.80773 3.78165 3.75561 3.72979 3.70432 3.67935 3.65502 3.63144 3.60874 3.587 3.56631 3.54673 3.52832 3.51112 3.49514 3.48039 3.46688 3.45458 3.44347 3.43353 3.42472 3.41699 3.41031 3.40463 3.39993 3.39615 3.39328 3.39129 3.39015 
3.3836 3.38418 3.38565 3.38802 3.3913 3.39554 3.40076 3.407 3.41431 3.42272 3.43229 3.44305 3.45503 3.46826 3.48276 3.49853 3.51558 3.53387 3.55338 3.57406 3.59584 3.61865 3.64237 3.66692 3.69216 3.71796 3.74418 3.77066 3.79725 3.8238 3.85014 3.87613 3.9016 3.92642 3.95044 3.97353 3.99559 4.0165 4.03617 4.05451 4.07144 4.08692 4.10087 4.11327 4.12407 4.13325 4.14077 4.14663 4.15081 4.15329 4.15407 4.15315 4.15052 4.14618 4.14014 4.1324 4.12299 4.11192 4.09922 4.08493 4.06909 4.05177 4.03304 4.01297 3.99166 3.96922 3.94577 3.92143 3.89634 3.87065 3.84452 3.8181 3.79155 3.76504 3.73873 3.71276 3.68729 3.66246 3.63838 3.61519 3.59296 3.5718 3.55176 3.53292 3.51529 3.49891 3.48379 3.46993 3.45731 3.4459 3.43569 3.42663 3.41869 3.41182 3.40598 3.40113 3.39725 3.39429 3.39224 3.39107 
3.38442 3.38502 3.38652 3.38895 3.39231 3.39665 3.402 3.4084 3.41589 3.42451 3.4343 3.44531 3.45757 3.4711 3.48593 3.50205 3.51946 3.53814 3.55805 3.57915 3.60135 3.62459 3.64876 3.67375 3.69943 3.72567 3.75231 3.77921 3.80621 3.83315 3.85986 3.88619 3.91199 3.93711 3.96141 3.98477 4.00706 4.02817 4.04803 4.06653 4.08361 4.09921 4.11327 4.12576 4.13664 4.14588 4.15345 4.15935 4.16356 4.16607 4.16686 4.16594 4.1633 4.15895 4.15288 4.1451 4.13564 4.1245 4.11171 4.09731 4.08135 4.06388 4.04498 4.02471 4.00318 3.98049 3.95676 3.93212 3.90671 3.88068 3.85418 3.82737 3.80042 3.77349 3.74674 3.72034 3.69442 3.66914 3.64462 3.62098 3.59832 3.57674 3.55629 3.53705 3.51905 3.50232 3.48686 3.47268 3.45977 3.4481 3.43765 3.42837 3.42023 3.41319 3.4072 3.40223 3.39825 3.39521 3.3931 3.3919 
3.38516 3.38576 3.3873 3.38977 3.39321 3.39765 3.40311 3.40964 3.41729 3.42609 3.43609 3.44732 3.45982 3.47362 3.48873 3.50515 3.52289 3.5419 3.56217 3.58363 3.60621 3.62982 3.65438 3.67975 3.70582 3.73243 3.75945 3.78671 3.81406 3.84133 3.86837 3.895 3.92108 3.94646 3.971 3.99458 4.01707 4.03836 4.05837 4.07701 4.09421 4.10992 4.12407 4.13664 4.14758 4.15687 4.16449 4.17043 4.17466 4.17719 4.17799 4.17708 4.17444 4.17007 4.16398 4.15617 4.14666 4.13546 4.1226 4.10811 4.09205 4.07445 4.0554 4.03497 4.01325 3.99034 3.96638 3.94148 3.91579 3.88946 3.86264 3.83549 3.80819 3.7809 3.75377 3.72699 3.70068 3.67501 3.6501 3.62608 3.60304 3.58109 3.56029 3.5407 3.52237 3.50532 3.48957 3.47512 3.46195 3.45005 3.43938 3.42991 3.4216 3.4144 3.40829 3.40321 3.39914 3.39603 3.39388 3.39265 
3.38579 3.38641 3.38798 3.3905 3.394 3.39851 3.40407 3.41072 3.4185 3.42746 3.43763 3.44905 3.46176 3.47579 3.49114 3.50782 3.52583 3.54514 3.5657 3.58747 3.61036 3.6343 3.65918 3.68488 3.71127 3.73821 3.76554 3.79312 3.82076 3.84832 3.87562 3.90251 3.92883 3.95443 3.97917 4.00293 4.02558 4.04703 4.06717 4.08592 4.10323 4.11902 4.13325 4.14588 4.15687 4.16621 4.17386 4.17983 4.18409 4.18663 4.18744 4.18653 4.18389 4.17951 4.1734 4.16557 4.15602 4.14477 4.13185 4.11729 4.10114 4.08344 4.06426 4.04369 4.02181 3.99873 3.97457 3.94945 3.92353 3.89694 3.86985 3.84242 3.81482 3.78722 3.75978 3.73267 3.70604 3.68004 3.6548 3.63045 3.60709 3.58482 3.56371 3.54383 3.52522 3.50791 3.4919 3.47722 3.46383 3.45172 3.44087 3.43124 3.42278 3.41546 3.40923 3.40406 3.39991 3.39675 3.39455 3.39329 
3.38633 3.38696 3.38854 3.3911 3.39465 3.39923 3.40488 3.41162 3.41951 3.4286 3.43891 3.45049 3.46337 3.47759 3.49314 3.51004 3.52827 3.54781 3.56862 3.59064 3.6138 3.638 3.66315 3.68911 3.71577 3.74297 3.77056 3.79838 3.82627 3.85405 3.88158 3.90867 3.93518 3.96096 3.98587 4.00978 4.03257 4.05413 4.07438 4.09324 4.11062 4.12648 4.14077 4.15345 4.16449 4.17386 4.18155 4.18754 4.19182 4.19437 4.19519 4.19429 4.19164 4.18725 4.18113 4.17328 4.1637 4.15241 4.13944 4.12483 4.1086 4.09081 4.07154 4.05085 4.02884 4.00562 3.98129 3.956 3.92988 3.90309 3.87578 3.84812 3.82028 3.79242 3.76473 3.73735 3.71045 3.68418 3.65867 3.63405 3.61043 3.5879 3.56654 3.54642 3.52758 3.51004 3.49384 3.47895 3.46539 3.45312 3.44212 3.43234 3.42377 3.41634 3.41002 3.40477 3.40056 3.39735 3.39511 3.39384 
3.38676 3.3874 3.389 3.39158 3.39518 3.39981 3.40552 3.41234 3.42032 3.4295 3.43992 3.45163 3.46464 3.479 3.49471 3.51177 3.53018 3.5499 3.5709 3.59312 3.61648 3.64088 3.66624 3.69241 3.71927 3.74668 3.77447 3.80248 3.83055 3.85852 3.88621 3.91347 3.94013 3.96605 3.99108 4.01511 4.038 4.05966 4.08 4.09892 4.11637 4.13229 4.14663 4.15935 4.17043 4.17983 4.18754 4.19355 4.19784 4.2004 4.20123 4.20033 4.19768 4.19329 4.18715 4.17928 4.16968 4.15836 4.14536 4.13069 4.1144 4.09655 4.0772 4.05642 4.03431 4.01097 3.98652 3.96109 3.93483 3.90787 3.88039 3.85255 3.82452 3.79647 3.76858 3.74099 3.71389 3.6874 3.66169 3.63686 3.61303 3.59031 3.56876 3.54845 3.52943 3.51172 3.49535 3.48032 3.46662 3.45422 3.4431 3.43322 3.42455 3.41703 3.41064 3.40534 3.40107 3.39782 3.39556 3.39428 
3.38708 3.38772 3.38933 3.39194 3.39556 3.40023 3.40598 3.41286 3.4209 3.43015 3.44065 3.45245 3.46556 3.48002 3.49583 3.51301 3.53154 3.5514 3.57253 3.59488 3.61838 3.64294 3.66843 3.69475 3.72176 3.74931 3.77724 3.80539 3.83359 3.86169 3.8895 3.91687 3.94364 3.96966 3.99479 4.01889 4.04187 4.0636 4.08399 4.10297 4.12047 4.13643 4.15081 4.16356 4.17466 4.18409 4.19182 4.19784 4.20214 4.20471 4.20555 4.20464 4.20199 4.1976 4.19145 4.18356 4.17394 4.1626 4.14957 4.13486 4.11854 4.10063 4.08122 4.06038 4.0382 4.01477 3.99024 3.96471 3.93833 3.91127 3.88366 3.8557 3.82753 3.79935 3.77131 3.74358 3.71633 3.6897 3.66383 3.63886 3.61489 3.59202 3.57034 3.5499 3.53075 3.51293 3.49644 3.4813 3.4675 3.45501 3.44381 3.43385 3.42511 3.41754 3.4111 3.40575 3.40145 3.39818 3.3959 3.3946 
3.38728 3.38793 3.38955 3.39217 3.39581 3.4005 3.40628 3.41318 3.42126 3.43055 3.4411 3.45294 3.46611 3.48063 3.49651 3.51376 3.53236 3.55228 3.57349 3.59593 3.61951 3.64414 3.66972 3.69613 3.72322 3.75085 3.77886 3.80709 3.83537 3.86354 3.89142 3.91886 3.94569 3.97177 3.99696 4.02112 4.04414 4.06592 4.08635 4.10537 4.1229 4.13889 4.15329 4.16607 4.17719 4.18663 4.19437 4.2004 4.20471 4.20729 4.20813 4.20722 4.20457 4.20017 4.19402 4.18612 4.17649 4.16513 4.15207 4.13734 4.12098 4.10305 4.0836 4.06271 4.04048 4.01701 3.99241 3.96682 3.94039 3.91325 3.88558 3.85753 3.82929 3.80102 3.7729 3.74509 3.71775 3.69104 3.66509 3.64003 3.61598 3.59303 3.57127 3.55075 3.53153 3.51364 3.4971 3.4819 3.46803 3.45549 3.44424 3.43424 3.42546 3.41786 3.41139 3.40601 3.40169 3.3984 3.39611 3.3948 
