2.1977 2.19797 2.19824 2.1985 2.19876 2.199 2.19924 2.19946 2.19967 2.19987 2.20006 2.20023 2.2004 2.20056 2.20071 2.20085 2.201 2.20114 2.20129 2.20144 2.2016 2.20177 2.20196 2.20216 2.20238 2.20262 2.20289 2.20317 2.20348 2.20381 2.20417 2.20455 2.20494 2.20536 2.20579 2.20623 2.20667 2.20712 2.20757 2.20801 2.20844 2.20885 2.20923 2.20959 2.20992 2.2102 2.21045 2.21065 2.2108 2.2109 2.21095 2.21094 2.21088 2.21078 2.21062 2.21041 2.21016 2.20988 2.20955 2.20919 2.20881 2.2084 2.20798 2.20755 2.20711 2.20668 2.20624 2.20581 2.2054 2.205 2.20462 2.20426 2.20392 2.20361 2.20333 2.20307 2.20284 2.20263 2.20246 2.20231 2.20219 2.2021 2.20204 2.202 2.20199 2.20201 2.20205 2.20212 2.20221 2.20232 2.20246 2.20262 2.2028 2.203 2.20322 2.20345 2.20369 2.20395 2.20421 2.20448 
2.19797 2.19824 2.19851 2.19877 2.19903 2.19927 2.19951 2.19973 2.19994 2.20014 2.20033 2.2005 2.20067 2.20082 2.20097 2.20112 2.20126 2.2014 2.20155 2.2017 2.20187 2.20204 2.20223 2.20243 2.20265 2.2029 2.20316 2.20345 2.20376 2.2041 2.20446 2.20485 2.20525 2.20567 2.20611 2.20656 2.20702 2.20748 2.20793 2.20838 2.20882 2.20924 2.20964 2.21 2.21034 2.21063 2.21088 2.21108 2.21124 2.21134 2.21139 2.21139 2.21133 2.21122 2.21105 2.21084 2.21059 2.21029 2.20996 2.20959 2.2092 2.20879 2.20835 2.20791 2.20747 2.20702 2.20657 2.20614 2.20571 2.20531 2.20492 2.20455 2.20421 2.20389 2.2036 2.20334 2.20311 2.2029 2.20273 2.20258 2.20246 2.20237 2.2023 2.20227 2.20226 2.20227 2.20231 2.20238 2.20247 2.20259 2.20273 2.20289 2.20307 2.20327 2.20349 2.20372 2.20396 2.20422 2.20448 2.20475 
2.19824 2.19851 2.19878 2.19904 2.19929 2.19954 2.19977 2.2 2.20021 2.20041 2.2006 2.20077 2.20094 2.2011 2.20125 2.2014 2.20155 2.2017 2.20185 2.20201 2.20218 2.20237 2.20257 2.20279 2.20303 2.20329 2.20358 2.20389 2.20423 2.2046 2.20499 2.20541 2.20585 2.20631 2.20678 2.20727 2.20777 2.20827 2.20876 2.20925 2.20973 2.21018 2.21061 2.21101 2.21137 2.21169 2.21196 2.21218 2.21234 2.21245 2.21251 2.2125 2.21244 2.21231 2.21214 2.21191 2.21163 2.21131 2.21094 2.21055 2.21012 2.20967 2.2092 2.20872 2.20823 2.20774 2.20726 2.20679 2.20633 2.20589 2.20547 2.20507 2.2047 2.20435 2.20404 2.20375 2.2035 2.20328 2.20308 2.20292 2.20279 2.20269 2.20261 2.20257 2.20255 2.20256 2.2026 2.20266 2.20275 2.20286 2.203 2.20316 2.20334 2.20354 2.20375 2.20399 2.20423 2.20448 2.20475 2.20501 
2.1985 2.19877 2.19904 2.1993 2.19956 2.1998 2.20004 2.20026 2.20047 2.20068 2.20087 2.20105 2.20122 2.20138 2.20154 2.2017 2.20186 2.20202 2.20219 2.20236 2.20255 2.20276 2.20299 2.20324 2.20351 2.20381 2.20414 2.2045 2.20489 2.20531 2.20576 2.20624 2.20674 2.20727 2.20782 2.20837 2.20894 2.20951 2.21008 2.21064 2.21118 2.2117 2.21218 2.21263 2.21304 2.2134 2.21371 2.21396 2.21415 2.21427 2.21433 2.21432 2.21424 2.2141 2.2139 2.21363 2.21332 2.21295 2.21253 2.21208 2.21159 2.21107 2.21054 2.20999 2.20943 2.20888 2.20832 2.20778 2.20726 2.20675 2.20627 2.20582 2.20539 2.205 2.20463 2.20431 2.20401 2.20375 2.20353 2.20334 2.20318 2.20306 2.20297 2.2029 2.20287 2.20287 2.2029 2.20296 2.20304 2.20314 2.20328 2.20343 2.20361 2.20381 2.20402 2.20425 2.20449 2.20475 2.20501 2.20528 
2.19876 2.19903 2.19929 2.19956 2.19981 2.20006 2.2003 2.20052 2.20074 2.20094 2.20114 2.20132 2.2015 2.20168 2.20185 2.20202 2.20219 2.20237 2.20256 2.20277 2.20299 2.20323 2.2035 2.20379 2.20412 2.20448 2.20487 2.2053 2.20577 2.20627 2.20681 2.20738 2.20797 2.2086 2.20925 2.20991 2.21058 2.21126 2.21193 2.21258 2.21322 2.21383 2.21441 2.21494 2.21541 2.21584 2.21619 2.21648 2.2167 2.21684 2.21691 2.21689 2.2168 2.21663 2.21639 2.21608 2.2157 2.21526 2.21477 2.21423 2.21366 2.21305 2.21241 2.21176 2.21111 2.21045 2.20979 2.20915 2.20853 2.20793 2.20736 2.20682 2.20631 2.20584 2.20541 2.20501 2.20466 2.20435 2.20408 2.20384 2.20365 2.20349 2.20337 2.20328 2.20323 2.20321 2.20322 2.20326 2.20333 2.20343 2.20356 2.20371 2.20388 2.20407 2.20428 2.20451 2.20475 2.205 2.20526 2.20553 
2.199 2.19927 2.19954 2.1998 2.20006 2.20031 2.20055 2.20078 2.201 2.20121 2.20141 2.2016 2.20179 2.20198 2.20216 2.20235 2.20255 2.20276 2.20298 2.20322 2.20349 2.20378 2.20411 2.20447 2.20486 2.2053 2.20578 2.20631 2.20688 2.20749 2.20815 2.20884 2.20957 2.21033 2.21112 2.21192 2.21274 2.21355 2.21436 2.21515 2.21592 2.21666 2.21734 2.21798 2.21855 2.21905 2.21948 2.21983 2.22008 2.22025 2.22032 2.2203 2.22019 2.21998 2.21969 2.21931 2.21885 2.21832 2.21773 2.21708 2.21638 2.21565 2.21488 2.2141 2.2133 2.2125 2.21171 2.21094 2.21018 2.20945 2.20875 2.20809 2.20748 2.2069 2.20637 2.20589 2.20546 2.20507 2.20473 2.20444 2.20419 2.20398 2.20382 2.2037 2.20362 2.20357 2.20356 2.20358 2.20364 2.20373 2.20384 2.20398 2.20415 2.20433 2.20454 2.20476 2.205 2.20525 2.20551 2.20578 
2.19924 2.19951 2.19977 2.20004 2.2003 2.20055 2.20079 2.20102 2.20125 2.20146 2.20168 2.20188 2.20208 2.20229 2.2025 2.20271 2.20294 2.20318 2.20345 2.20374 2.20407 2.20443 2.20483 2.20527 2.20577 2.20631 2.20691 2.20756 2.20827 2.20903 2.20984 2.21069 2.21159 2.21253 2.21349 2.21448 2.21547 2.21647 2.21746 2.21842 2.21936 2.22025 2.22108 2.22185 2.22254 2.22315 2.22367 2.22408 2.22439 2.22458 2.22467 2.22464 2.2245 2.22424 2.22388 2.22342 2.22286 2.22221 2.22149 2.2207 2.21985 2.21895 2.21801 2.21706 2.21608 2.21511 2.21414 2.21318 2.21226 2.21136 2.2105 2.20969 2.20893 2.20822 2.20756 2.20696 2.20642 2.20594 2.20551 2.20514 2.20482 2.20455 2.20434 2.20417 2.20404 2.20396 2.20392 2.20392 2.20396 2.20402 2.20412 2.20425 2.20441 2.20459 2.20479 2.20501 2.20524 2.20549 2.20575 2.20601 
2.19946 2.19973 2.2 2.20026 2.20052 2.20078 2.20102 2.20126 2.20149 2.20172 2.20194 2.20217 2.20239 2.20261 2.20285 2.2031 2.20337 2.20366 2.20398 2.20434 2.20474 2.20519 2.20569 2.20624 2.20686 2.20754 2.20828 2.20909 2.20997 2.21092 2.21192 2.21298 2.2141 2.21525 2.21644 2.21765 2.21887 2.2201 2.2213 2.22248 2.22362 2.22471 2.22572 2.22666 2.2275 2.22823 2.22885 2.22935 2.22972 2.22996 2.23005 2.23001 2.22983 2.22952 2.22908 2.22851 2.22782 2.22703 2.22615 2.22518 2.22414 2.22304 2.22189 2.22072 2.21952 2.21832 2.21713 2.21596 2.21482 2.21371 2.21266 2.21165 2.21071 2.20982 2.20901 2.20826 2.20758 2.20698 2.20644 2.20596 2.20556 2.20521 2.20492 2.20469 2.20452 2.20439 2.20431 2.20428 2.20429 2.20433 2.20441 2.20453 2.20467 2.20484 2.20503 2.20525 2.20548 2.20572 2.20597 2.20624 
2.19967 2.19994 2.20021 2.20047 2.20074 2.201 2.20125 2.20149 2.20174 2.20198 2.20221 2.20246 2.2027 2.20296 2.20323 2.20352 2.20384 2.2042 2.20459 2.20503 2.20553 2.20608 2.2067 2.2074 2.20817 2.20901 2.20994 2.21095 2.21205 2.21322 2.21446 2.21578 2.21715 2.21857 2.22004 2.22152 2.22302 2.22452 2.226 2.22744 2.22883 2.23015 2.23138 2.23251 2.23353 2.23442 2.23517 2.23577 2.23621 2.23649 2.2366 2.23655 2.23632 2.23594 2.23539 2.2347 2.23386 2.2329 2.23182 2.23063 2.22936 2.22801 2.22661 2.22518 2.22371 2.22224 2.22078 2.21934 2.21793 2.21657 2.21527 2.21403 2.21286 2.21176 2.21075 2.20982 2.20897 2.20821 2.20753 2.20693 2.20641 2.20597 2.20559 2.20529 2.20505 2.20486 2.20474 2.20466 2.20464 2.20465 2.20471 2.2048 2.20493 2.20509 2.20527 2.20548 2.2057 2.20594 2.20619 2.20645 
2.19987 2.20014 2.20041 2.20068 2.20094 2.20121 2.20146 2.20172 2.20198 2.20223 2.20249 2.20276 2.20303 2.20333 2.20365 2.20399 2.20438 2.20481 2.20529 2.20584 2.20645 2.20714 2.20791 2.20878 2.20973 2.21079 2.21194 2.2132 2.21455 2.216 2.21753 2.21915 2.22084 2.22259 2.22438 2.2262 2.22803 2.22985 2.23165 2.2334 2.23508 2.23668 2.23818 2.23954 2.24077 2.24184 2.24274 2.24346 2.24399 2.24432 2.24445 2.24438 2.2441 2.24363 2.24297 2.24212 2.2411 2.23993 2.23861 2.23717 2.23563 2.23399 2.23229 2.23053 2.22875 2.22695 2.22517 2.2234 2.22168 2.22001 2.21841 2.21688 2.21544 2.21409 2.21283 2.21168 2.21063 2.20968 2.20883 2.20807 2.20742 2.20685 2.20637 2.20597 2.20564 2.20539 2.2052 2.20508 2.20501 2.20499 2.20502 2.20509 2.20519 2.20533 2.2055 2.2057 2.20591 2.20615 2.20639 2.20665 
2.20006 2.20033 2.2006 2.20087 2.20114 2.20141 2.20168 2.20194 2.20221 2.20249 2.20277 2.20307 2.20339 2.20373 2.2041 2.20452 2.20498 2.20551 2.2061 2.20677 2.20753 2.20839 2.20935 2.21041 2.2116 2.2129 2.21433 2.21588 2.21754 2.21932 2.22121 2.22319 2.22525 2.22738 2.22956 2.23177 2.23399 2.2362 2.23838 2.24049 2.24252 2.24445 2.24624 2.24788 2.24935 2.25064 2.25171 2.25257 2.2532 2.25359 2.25374 2.25364 2.2533 2.25273 2.25193 2.2509 2.24968 2.24826 2.24667 2.24493 2.24306 2.24108 2.23902 2.23689 2.23473 2.23255 2.23038 2.22824 2.22614 2.2241 2.22214 2.22027 2.21851 2.21685 2.21531 2.21389 2.21259 2.21141 2.21035 2.20941 2.20859 2.20787 2.20726 2.20674 2.20632 2.20598 2.20572 2.20553 2.20541 2.20535 2.20534 2.20538 2.20546 2.20558 2.20573 2.20591 2.20612 2.20635 2.20659 2.20684 
2.20023 2.2005 2.20077 2.20105 2.20132 2.2016 2.20188 2.20217 2.20246 2.20276 2.20307 2.20341 2.20377 2.20417 2.20462 2.20511 2.20568 2.20632 2.20705 2.20787 2.20881 2.20986 2.21104 2.21236 2.21382 2.21542 2.21717 2.21906 2.2211 2.22327 2.22556 2.22797 2.23047 2.23305 2.23569 2.23836 2.24103 2.24369 2.2463 2.24883 2.25127 2.25356 2.25571 2.25766 2.25942 2.26094 2.26222 2.26323 2.26397 2.26443 2.2646 2.26448 2.26407 2.26338 2.26241 2.26119 2.25971 2.25802 2.25611 2.25403 2.25178 2.24941 2.24693 2.24437 2.24177 2.23915 2.23653 2.23394 2.2314 2.22893 2.22655 2.22428 2.22213 2.22011 2.21823 2.21649 2.2149 2.21345 2.21214 2.21098 2.20996 2.20906 2.20829 2.20764 2.20709 2.20665 2.2063 2.20603 2.20585 2.20573 2.20568 2.20568 2.20573 2.20583 2.20596 2.20613 2.20632 2.20654 2.20677 2.20702 
2.2004 2.20067 2.20094 2.20122 2.2015 2.20179 2.20208 2.20239 2.2027 2.20303 2.20339 2.20377 2.20419 2.20466 2.20519 2.20579 2.20648 2.20726 2.20815 2.20916 2.2103 2.21159 2.21304 2.21465 2.21643 2.21839 2.22052 2.22282 2.22529 2.22792 2.23069 2.23359 2.23661 2.23971 2.24287 2.24606 2.24926 2.25243 2.25554 2.25856 2.26144 2.26417 2.26671 2.26902 2.27109 2.27289 2.27439 2.27558 2.27645 2.27698 2.27718 2.27702 2.27653 2.27571 2.27456 2.2731 2.27135 2.26933 2.26707 2.26459 2.26192 2.25909 2.25614 2.25309 2.24998 2.24684 2.2437 2.2406 2.23755 2.23458 2.23172 2.22898 2.22639 2.22394 2.22166 2.21954 2.2176 2.21584 2.21424 2.21281 2.21155 2.21044 2.20948 2.20867 2.20798 2.20741 2.20695 2.20659 2.20633 2.20615 2.20604 2.206 2.20601 2.20608 2.20619 2.20634 2.20651 2.20672 2.20694 2.20719 
2.20056 2.20082 2.2011 2.20138 2.20168 2.20198 2.20229 2.20261 2.20296 2.20333 2.20373 2.20417 2.20466 2.20522 2.20585 2.20658 2.2074 2.20835 2.20943 2.21066 2.21206 2.21363 2.21539 2.21734 2.2195 2.22187 2.22444 2.22722 2.2302 2.23335 2.23668 2.24015 2.24375 2.24745 2.25121 2.255 2.25879 2.26255 2.26622 2.26978 2.27318 2.27638 2.27936 2.28208 2.2845 2.2866 2.28836 2.28975 2.29076 2.29138 2.29159 2.29141 2.29082 2.28984 2.28849 2.28677 2.28471 2.28233 2.27966 2.27673 2.27358 2.27024 2.26675 2.26314 2.25946 2.25574 2.25201 2.24831 2.24468 2.24114 2.23773 2.23445 2.23134 2.2284 2.22565 2.2231 2.22076 2.21862 2.21668 2.21495 2.2134 2.21205 2.21087 2.20985 2.20899 2.20828 2.20769 2.20723 2.20687 2.20661 2.20643 2.20634 2.20631 2.20634 2.20642 2.20654 2.20671 2.2069 2.20711 2.20735 
2.20071 2.20097 2.20125 2.20154 2.20185 2.20216 2.2025 2.20285 2.20323 2.20365 2.2041 2.20462 2.20519 2.20585 2.20661 2.20748 2.20847 2.20962 2.21092 2.21241 2.2141 2.216 2.21813 2.22049 2.22309 2.22593 2.22902 2.23234 2.23589 2.23965 2.24361 2.24773 2.252 2.25637 2.2608 2.26527 2.26973 2.27414 2.27844 2.2826 2.28658 2.29032 2.29379 2.29695 2.29976 2.3022 2.30424 2.30585 2.30701 2.30772 2.30796 2.30773 2.30704 2.3059 2.30431 2.3023 2.29989 2.29711 2.294 2.29057 2.28689 2.28297 2.27888 2.27464 2.27031 2.26593 2.26154 2.25718 2.25289 2.2487 2.24465 2.24076 2.23705 2.23355 2.23028 2.22723 2.22442 2.22185 2.21952 2.21742 2.21555 2.2139 2.21246 2.21122 2.21016 2.20927 2.20853 2.20794 2.20747 2.20712 2.20687 2.20671 2.20663 2.20661 2.20666 2.20676 2.2069 2.20707 2.20728 2.2075 
2.20085 2.20112 2.2014 2.2017 2.20202 2.20235 2.20271 2.2031 2.20352 2.20399 2.20452 2.20511 2.20579 2.20658 2.20748 2.20851 2.20971 2.21109 2.21266 2.21445 2.21648 2.21876 2.22131 2.22413 2.22724 2.23063 2.2343 2.23824 2.24245 2.2469 2.25157 2.25642 2.26143 2.26656 2.27175 2.27697 2.28217 2.2873 2.2923 2.29713 2.30173 2.30606 2.31007 2.31372 2.31696 2.31977 2.32211 2.32395 2.32528 2.32609 2.32636 2.32609 2.32528 2.32395 2.32212 2.31979 2.317 2.31378 2.31017 2.3062 2.30192 2.29737 2.29261 2.28768 2.28263 2.27752 2.27239 2.26728 2.26225 2.25733 2.25257 2.24798 2.24361 2.23947 2.23559 2.23197 2.22863 2.22556 2.22278 2.22027 2.21803 2.21604 2.2143 2.21279 2.2115 2.21041 2.20949 2.20875 2.20815 2.20769 2.20735 2.20712 2.20697 2.20691 2.20691 2.20698 2.20709 2.20725 2.20744 2.20766 
2.201 2.20126 2.20155 2.20186 2.20219 2.20255 2.20294 2.20337 2.20384 2.20438 2.20498 2.20568 2.20648 2.2074 2.20847 2.20971 2.21114 2.21278 2.21467 2.21681 2.21923 2.22195 2.22498 2.22833 2.23201 2.23602 2.24035 2.245 2.24995 2.25516 2.26063 2.2663 2.27214 2.2781 2.28413 2.29018 2.29619 2.30211 2.30788 2.31344 2.31872 2.32369 2.32829 2.33246 2.33617 2.33937 2.34203 2.34413 2.34565 2.34655 2.34685 2.34653 2.3456 2.34407 2.34196 2.33929 2.33609 2.33239 2.32824 2.32368 2.31875 2.31352 2.30802 2.30233 2.2965 2.29058 2.28462 2.2787 2.27284 2.26711 2.26155 2.25619 2.25107 2.24621 2.24165 2.23739 2.23344 2.22982 2.22652 2.22354 2.22087 2.2185 2.21641 2.2146 2.21303 2.21171 2.21059 2.20967 2.20892 2.20834 2.20789 2.20756 2.20735 2.20722 2.20718 2.20721 2.20729 2.20742 2.2076 2.20781 
2.20114 2.2014 2.2017 2.20202 2.20237 2.20276 2.20318 2.20366 2.2042 2.20481 2.20551 2.20632 2.20726 2.20835 2.20962 2.21109 2.21278 2.21474 2.21697 2.21951 2.22238 2.2256 2.22917 2.23313 2.23746 2.24216 2.24724 2.25267 2.25844 2.26451 2.27085 2.27742 2.28417 2.29105 2.298 2.30495 2.31185 2.31863 2.32523 2.33157 2.3376 2.34325 2.34847 2.3532 2.35741 2.36103 2.36405 2.36642 2.36812 2.36914 2.36946 2.36909 2.36803 2.36629 2.36388 2.36084 2.3572 2.35299 2.34826 2.34306 2.33744 2.33145 2.32517 2.31865 2.31196 2.30516 2.29831 2.29148 2.28473 2.2781 2.27166 2.26544 2.25949 2.25383 2.2485 2.24352 2.2389 2.23465 2.23077 2.22726 2.2241 2.22129 2.21882 2.21665 2.21478 2.21318 2.21183 2.21071 2.2098 2.20906 2.20849 2.20806 2.20776 2.20757 2.20747 2.20745 2.2075 2.20761 2.20776 2.20796 
2.20129 2.20155 2.20185 2.20219 2.20256 2.20298 2.20345 2.20398 2.20459 2.20529 2.2061 2.20705 2.20815 2.20943 2.21092 2.21266 2.21467 2.21697 2.21961 2.2226 2.22598 2.22975 2.23395 2.23857 2.24362 2.24911 2.25501 2.26131 2.26798 2.27499 2.2823 2.28985 2.2976 2.30547 2.31341 2.32134 2.32919 2.33689 2.34437 2.35155 2.35836 2.36474 2.37063 2.37596 2.38068 2.38475 2.38813 2.39079 2.39269 2.39383 2.39418 2.39375 2.39255 2.39058 2.38787 2.38444 2.38033 2.37558 2.37023 2.36435 2.35799 2.35121 2.34408 2.33667 2.32906 2.32131 2.31349 2.30568 2.29795 2.29035 2.28294 2.27578 2.26891 2.26238 2.25621 2.25043 2.24506 2.24011 2.23558 2.23147 2.22777 2.22446 2.22154 2.21899 2.21677 2.21486 2.21325 2.21189 2.21078 2.20988 2.20917 2.20862 2.20822 2.20795 2.20779 2.20772 2.20772 2.2078 2.20793 2.20811 
2.20144 2.2017 2.20201 2.20236 2.20277 2.20322 2.20374 2.20434 2.20503 2.20584 2.20677 2.20787 2.20916 2.21066 2.21241 2.21445 2.21681 2.21951 2.2226 2.2261 2.23005 2.23445 2.23933 2.2447 2.25055 2.25689 2.2637 2.27095 2.27861 2.28664 2.295 2.30361 2.31243 2.32137 2.33037 2.33934 2.34821 2.35689 2.3653 2.37337 2.38101 2.38816 2.39474 2.40069 2.40596 2.41049 2.41425 2.4172 2.41931 2.42056 2.42095 2.42047 2.41911 2.41691 2.41388 2.41004 2.40544 2.40012 2.39413 2.38754 2.38039 2.37277 2.36475 2.3564 2.3478 2.33904 2.33019 2.32133 2.31254 2.30388 2.29543 2.28725 2.27939 2.27189 2.2648 2.25814 2.25194 2.24622 2.24097 2.23619 2.23188 2.22803 2.22462 2.22162 2.219 2.21676 2.21484 2.21323 2.21189 2.2108 2.20993 2.20925 2.20874 2.20837 2.20813 2.208 2.20796 2.208 2.20811 2.20828 
2.2016 2.20187 2.20218 2.20255 2.20299 2.20349 2.20407 2.20474 2.20553 2.20645 2.20753 2.20881 2.2103 2.21206 2.2141 2.21648 2.21923 2.22238 2.22598 2.23005 2.23462 2.23972 2.24535 2.25154 2.25828 2.26555 2.27334 2.28163 2.29036 2.29949 2.30897 2.31873 2.32869 2.33877 2.34889 2.35896 2.3689 2.37861 2.388 2.39699 2.40549 2.41342 2.42072 2.42732 2.43315 2.43816 2.44231 2.44556 2.44788 2.44926 2.44968 2.44913 2.44763 2.44518 2.44182 2.43757 2.43246 2.42656 2.4199 2.41256 2.40461 2.39611 2.38715 2.37781 2.36818 2.35835 2.3484 2.33842 2.3285 2.31872 2.30915 2.29987 2.29093 2.28239 2.2743 2.26669 2.25959 2.25301 2.24697 2.24146 2.23649 2.23202 2.22806 2.22456 2.22152 2.21888 2.21663 2.21472 2.21313 2.21183 2.21077 2.20994 2.20931 2.20884 2.20851 2.20832 2.20823 2.20822 2.2083 2.20845 
2.20177 2.20204 2.20237 2.20276 2.20323 2.20378 2.20443 2.20519 2.20608 2.20714 2.20839 2.20986 2.21159 2.21363 2.216 2.21876 2.22195 2.2256 2.22975 2.23445 2.23972 2.24557 2.25204 2.25912 2.26681 2.2751 2.28396 2.29335 2.30323 2.31354 2.32422 2.33518 2.34635 2.35763 2.36893 2.38015 2.3912 2.40197 2.41238 2.42232 2.4317 2.44045 2.44848 2.45573 2.46213 2.46763 2.47218 2.47573 2.47827 2.47977 2.48022 2.47961 2.47796 2.47527 2.47157 2.46689 2.46127 2.45477 2.44743 2.43934 2.43054 2.42114 2.41121 2.40085 2.39014 2.37919 2.36809 2.35694 2.34583 2.33485 2.3241 2.31364 2.30355 2.2939 2.28472 2.27608 2.268 2.2605 2.2536 2.2473 2.24159 2.23646 2.23188 2.22785 2.22431 2.22125 2.21862 2.21639 2.21452 2.21298 2.21172 2.21072 2.20994 2.20935 2.20894 2.20866 2.20851 2.20846 2.20851 2.20863 
2.20196 2.20223 2.20257 2.20299 2.2035 2.20411 2.20483 2.20569 2.2067 2.20791 2.20935 2.21104 2.21304 2.21539 2.21813 2.22131 2.22498 2.22917 2.23395 2.23933 2.24535 2.25204 2.25941 2.26745 2.27617 2.28555 2.29554 2.30612 2.31722 2.32878 2.34071 2.35294 2.36537 2.3779 2.39042 2.40284 2.41503 2.4269 2.43834 2.44924 2.45953 2.4691 2.47787 2.48578 2.49275 2.49874 2.50368 2.50754 2.51029 2.51192 2.5124 2.51173 2.50992 2.50699 2.50296 2.49785 2.49172 2.48461 2.47659 2.46772 2.45809 2.44776 2.43684 2.42543 2.41361 2.4015 2.38921 2.37683 2.36448 2.35226 2.34025 2.32855 2.31724 2.3064 2.29608 2.28633 2.2772 2.26871 2.26087 2.25371 2.2472 2.24134 2.23611 2.23148 2.22741 2.22388 2.22084 2.21825 2.21607 2.21426 2.21277 2.21158 2.21064 2.20992 2.2094 2.20904 2.20882 2.20872 2.20873 2.20883 
2.20216 2.20243 2.20279 2.20324 2.20379 2.20447 2.20527 2.20624 2.2074 2.20878 2.21041 2.21236 2.21465 2.21734 2.22049 2.22413 2.22833 2.23313 2.23857 2.2447 2.25154 2.25912 2.26745 2.27653 2.28635 2.29688 2.30808 2.31991 2.33229 2.34515 2.35841 2.37195 2.38569 2.39951 2.41329 2.42691 2.44027 2.45325 2.46574 2.47762 2.4888 2.4992 2.50871 2.51727 2.52481 2.53127 2.53661 2.54077 2.54374 2.54548 2.54599 2.54527 2.54331 2.54014 2.53577 2.53025 2.52361 2.51591 2.5072 2.49757 2.48708 2.47583 2.46391 2.45142 2.43848 2.42519 2.41167 2.39804 2.3844 2.37087 2.35756 2.34456 2.33198 2.31988 2.30834 2.29742 2.28717 2.27762 2.26879 2.2607 2.25333 2.24669 2.24074 2.23546 2.23082 2.22677 2.22328 2.2203 2.21777 2.21567 2.21394 2.21253 2.21142 2.21056 2.20991 2.20946 2.20916 2.20901 2.20898 2.20905 
2.20238 2.20265 2.20303 2.20351 2.20412 2.20486 2.20577 2.20686 2.20817 2.20973 2.2116 2.21382 2.21643 2.2195 2.22309 2.22724 2.23201 2.23746 2.24362 2.25055 2.25828 2.26681 2.27617 2.28635 2.29733 2.30908 2.32155 2.33468 2.3484 2.36262 2.37723 2.39213 2.40721 2.42234 2.43739 2.45225 2.46679 2.48088 2.49441 2.50726 2.51934 2.53054 2.54078 2.54998 2.55808 2.565 2.57072 2.57517 2.57834 2.58021 2.58075 2.57997 2.57787 2.57447 2.56978 2.56385 2.55672 2.54843 2.53906 2.52867 2.51734 2.50516 2.49225 2.47869 2.46461 2.45013 2.43536 2.42044 2.40549 2.39063 2.37597 2.36163 2.34771 2.3343 2.32149 2.30934 2.29791 2.28724 2.27735 2.26826 2.25998 2.25249 2.24577 2.2398 2.23453 2.22993 2.22595 2.22254 2.21964 2.21722 2.21521 2.21358 2.21227 2.21125 2.21047 2.20991 2.20954 2.20932 2.20924 2.20929 
2.20262 2.2029 2.20329 2.20381 2.20448 2.2053 2.20631 2.20754 2.20901 2.21079 2.2129 2.21542 2.21839 2.22187 2.22593 2.23063 2.23602 2.24216 2.24911 2.25689 2.26555 2.2751 2.28555 2.29688 2.30908 2.3221 2.33589 2.35038 2.36548 2.38108 2.39709 2.41337 2.42981 2.44626 2.4626 2.47869 2.4944 2.50959 2.52415 2.53795 2.5509 2.56289 2.57383 2.58365 2.59228 2.59966 2.60573 2.61047 2.61384 2.61582 2.61639 2.61556 2.61332 2.6097 2.60472 2.5984 2.59079 2.58194 2.57192 2.56079 2.54865 2.53557 2.52167 2.50705 2.49185 2.47617 2.46015 2.44394 2.42765 2.41142 2.39539 2.37967 2.36437 2.34961 2.33548 2.32204 2.30937 2.29752 2.28652 2.27639 2.26714 2.25875 2.25121 2.2445 2.23856 2.23336 2.22885 2.22498 2.22168 2.21891 2.21661 2.21472 2.2132 2.21201 2.21109 2.21041 2.20994 2.20966 2.20953 2.20955 
2.20289 2.20316 2.20358 2.20414 2.20487 2.20578 2.20691 2.20828 2.20994 2.21194 2.21433 2.21717 2.22052 2.22444 2.22902 2.2343 2.24035 2.24724 2.25501 2.2637 2.27334 2.28396 2.29554 2.30808 2.32155 2.33589 2.35105 2.36692 2.38343 2.40045 2.41787 2.43555 2.45335 2.47113 2.48874 2.50605 2.52291 2.53918 2.55474 2.56946 2.58325 2.59599 2.60761 2.61802 2.62715 2.63495 2.64137 2.64637 2.64992 2.652 2.65261 2.65173 2.64937 2.64555 2.64028 2.6336 2.62555 2.61617 2.60553 2.5937 2.58077 2.56682 2.55196 2.53631 2.51999 2.50314 2.48588 2.46837 2.45074 2.43314 2.41571 2.39858 2.38189 2.36574 2.35024 2.33547 2.32152 2.30845 2.29628 2.28506 2.27478 2.26545 2.25704 2.24954 2.24289 2.23706 2.23199 2.22762 2.22389 2.22074 2.21812 2.21596 2.21422 2.21283 2.21176 2.21095 2.21039 2.21003 2.20985 2.20983 
2.20317 2.20345 2.20389 2.2045 2.2053 2.20631 2.20756 2.20909 2.21095 2.2132 2.21588 2.21906 2.22282 2.22722 2.23234 2.23824 2.245 2.25267 2.26131 2.27095 2.28163 2.29335 2.30612 2.31991 2.33468 2.35038 2.36692 2.38422 2.40215 2.42061 2.43944 2.45851 2.47767 2.49676 2.51563 2.53412 2.5521 2.56941 2.58593 2.60154 2.61612 2.62958 2.64182 2.65278 2.66238 2.67057 2.6773 2.68255 2.68627 2.68845 2.68909 2.68817 2.68571 2.6817 2.67618 2.66916 2.6607 2.65083 2.63961 2.62713 2.61345 2.59867 2.58289 2.56625 2.54885 2.53084 2.51237 2.49357 2.47461 2.45564 2.43681 2.41827 2.40015 2.38259 2.3657 2.34957 2.3343 2.31996 2.30659 2.29422 2.28288 2.27256 2.26325 2.25491 2.24752 2.24101 2.23534 2.23044 2.22625 2.22271 2.21975 2.2173 2.21531 2.21372 2.21248 2.21154 2.21087 2.21043 2.21019 2.21013 
2.20348 2.20376 2.20423 2.20489 2.20577 2.20688 2.20827 2.20997 2.21205 2.21455 2.21754 2.2211 2.22529 2.2302 2.23589 2.24245 2.24995 2.25844 2.26798 2.27861 2.29036 2.30323 2.31722 2.33229 2.3484 2.36548 2.38343 2.40215 2.42153 2.44141 2.46165 2.4821 2.50259 2.52296 2.54305 2.56269 2.58174 2.60004 2.61748 2.63391 2.64924 2.66336 2.67618 2.68764 2.69767 2.70621 2.71323 2.71869 2.72257 2.72485 2.72552 2.72457 2.722 2.71784 2.71209 2.70477 2.69594 2.68562 2.67388 2.66079 2.64642 2.63086 2.61422 2.59662 2.57819 2.55907 2.53941 2.51937 2.4991 2.47878 2.45856 2.4386 2.41906 2.40007 2.38176 2.36425 2.34764 2.33199 2.31738 2.30384 2.2914 2.28005 2.2698 2.2606 2.25242 2.2452 2.23891 2.23345 2.22878 2.22481 2.22149 2.21873 2.21648 2.21467 2.21325 2.21217 2.21139 2.21086 2.21056 2.21046 
2.20381 2.2041 2.2046 2.20531 2.20627 2.20749 2.20903 2.21092 2.21322 2.216 2.21932 2.22327 2.22792 2.23335 2.23965 2.2469 2.25516 2.26451 2.27499 2.28664 2.29949 2.31354 2.32878 2.34515 2.36262 2.38108 2.40045 2.42061 2.44141 2.46271 2.48434 2.50613 2.52792 2.54953 2.57079 2.59153 2.61159 2.63083 2.64911 2.66631 2.68232 2.69704 2.71039 2.7223 2.73271 2.74157 2.74884 2.7545 2.75851 2.76087 2.76157 2.76059 2.75795 2.75365 2.7477 2.74013 2.73097 2.72026 2.70805 2.69441 2.6794 2.66313 2.64569 2.6272 2.60779 2.58761 2.56681 2.54556 2.52402 2.50237 2.48078 2.45943 2.43846 2.41805 2.39833 2.37942 2.36145 2.34448 2.32861 2.31387 2.30029 2.28789 2.27666 2.26656 2.25757 2.24962 2.24267 2.23663 2.23145 2.22704 2.22333 2.22025 2.21772 2.21569 2.21408 2.21285 2.21194 2.21132 2.21095 2.21082 
2.20417 2.20446 2.20499 2.20576 2.20681 2.20815 2.20984 2.21192 2.21446 2.21753 2.22121 2.22556 2.23069 2.23668 2.24361 2.25157 2.26063 2.27085 2.2823 2.295 2.30897 2.32422 2.34071 2.35841 2.37723 2.39709 2.41787 2.43944 2.46165 2.48434 2.50732 2.53043 2.55347 2.57626 2.59863 2.6204 2.64141 2.66152 2.68058 2.69848 2.7151 2.73036 2.74417 2.75647 2.76721 2.77634 2.78383 2.78965 2.79379 2.79622 2.79694 2.79595 2.79325 2.78884 2.78273 2.77494 2.76551 2.75446 2.74184 2.72771 2.71213 2.69521 2.67704 2.65772 2.63741 2.61623 2.59436 2.57195 2.54919 2.52625 2.50333 2.4806 2.45824 2.43642 2.41528 2.39498 2.37564 2.35735 2.34019 2.32423 2.30951 2.29603 2.28379 2.27277 2.26294 2.25424 2.2466 2.23997 2.23425 2.22938 2.22528 2.22185 2.21904 2.21676 2.21495 2.21356 2.21253 2.21181 2.21137 2.21119 
2.20455 2.20485 2.20541 2.20624 2.20738 2.20884 2.21069 2.21298 2.21578 2.21915 2.22319 2.22797 2.23359 2.24015 2.24773 2.25642 2.2663 2.27742 2.28985 2.30361 2.31873 2.33518 2.35294 2.37195 2.39213 2.41337 2.43555 2.45851 2.4821 2.50613 2.53043 2.55478 2.57902 2.60293 2.62634 2.64907 2.67096 2.69186 2.71162 2.73014 2.7473 2.76303 2.77724 2.78988 2.80089 2.81025 2.81792 2.82387 2.82811 2.8306 2.83135 2.83035 2.8276 2.82311 2.81688 2.80892 2.79926 2.78793 2.77496 2.76041 2.74435 2.72685 2.70802 2.68796 2.66681 2.64471 2.62183 2.59833 2.5744 2.55024 2.52602 2.50196 2.47823 2.45502 2.4325 2.41082 2.39011 2.37049 2.35205 2.33487 2.31897 2.3044 2.29115 2.27919 2.2685 2.25902 2.25069 2.24344 2.23718 2.23183 2.22731 2.22353 2.22042 2.21789 2.21587 2.21431 2.21314 2.21232 2.21182 2.21159 
2.20494 2.20525 2.20585 2.20674 2.20797 2.20957 2.21159 2.2141 2.21715 2.22084 2.22525 2.23047 2.23661 2.24375 2.252 2.26143 2.27214 2.28417 2.2976 2.31243 2.32869 2.34635 2.36537 2.38569 2.40721 2.42981 2.45335 2.47767 2.50259 2.52792 2.55347 2.57902 2.60437 2.62933 2.65371 2.67732 2.70001 2.72161 2.742 2.76106 2.77869 2.7948 2.80935 2.82226 2.8335 2.84303 2.85084 2.85691 2.86122 2.86376 2.86454 2.86354 2.86077 2.85622 2.8499 2.84181 2.83198 2.82042 2.80718 2.79228 2.7758 2.75781 2.73839 2.71767 2.69576 2.67282 2.649 2.62449 2.59946 2.57413 2.54869 2.52334 2.49829 2.47373 2.44985 2.4268 2.40475 2.38382 2.3641 2.34569 2.32863 2.31296 2.29867 2.28577 2.27421 2.26394 2.2549 2.24701 2.24019 2.23436 2.22941 2.22527 2.22185 2.21906 2.21683 2.2151 2.21379 2.21287 2.21228 2.21201 
2.20536 2.20567 2.20631 2.20727 2.2086 2.21033 2.21253 2.21525 2.21857 2.22259 2.22738 2.23305 2.23971 2.24745 2.25637 2.26656 2.2781 2.29105 2.30547 2.32137 2.33877 2.35763 2.3779 2.39951 2.42234 2.44626 2.47113 2.49676 2.52296 2.54953 2.57626 2.60293 2.62933 2.65526 2.68052 2.70493 2.72832 2.75055 2.77148 2.791 2.80901 2.82546 2.84026 2.85339 2.86479 2.87446 2.88237 2.88852 2.89289 2.89547 2.89627 2.89528 2.8925 2.88792 2.88155 2.87338 2.86343 2.85171 2.83825 2.82308 2.80625 2.78785 2.76794 2.74663 2.72405 2.70035 2.67568 2.65023 2.62418 2.59775 2.57114 2.54457 2.51825 2.49239 2.46719 2.44282 2.41945 2.39722 2.37624 2.35661 2.33839 2.32162 2.30632 2.29246 2.28003 2.26896 2.2592 2.25068 2.24329 2.23696 2.23158 2.22707 2.22333 2.22027 2.21782 2.21591 2.21446 2.21343 2.21277 2.21245 
2.20579 2.20611 2.20678 2.20782 2.20925 2.21112 2.21349 2.21644 2.22004 2.22438 2.22956 2.23569 2.24287 2.25121 2.2608 2.27175 2.28413 2.298 2.31341 2.33037 2.34889 2.36893 2.39042 2.41329 2.43739 2.4626 2.48874 2.51563 2.54305 2.57079 2.59863 2.62634 2.65371 2.68052 2.70658 2.7317 2.75571 2.77847 2.79986 2.81976 2.83809 2.85478 2.86979 2.88306 2.89459 2.90434 2.91232 2.91852 2.92292 2.92554 2.92636 2.92539 2.92261 2.91803 2.91163 2.90343 2.8934 2.88158 2.86796 2.85259 2.8355 2.81676 2.79644 2.77463 2.75147 2.7271 2.70166 2.67536 2.64837 2.62092 2.59321 2.56549 2.53796 2.51086 2.48438 2.45873 2.43408 2.41059 2.38838 2.36755 2.34819 2.33034 2.31401 2.29921 2.2859 2.27404 2.26356 2.25439 2.24643 2.2396 2.23378 2.2289 2.22484 2.22151 2.21884 2.21674 2.21515 2.21401 2.21327 2.2129 
2.20623 2.20656 2.20727 2.20837 2.20991 2.21192 2.21448 2.21765 2.22152 2.2262 2.23177 2.23836 2.24606 2.255 2.26527 2.27697 2.29018 2.30495 2.32134 2.33934 2.35896 2.38015 2.40284 2.42691 2.45225 2.47869 2.50605 2.53412 2.56269 2.59153 2.6204 2.64907 2.67732 2.70493 2.7317 2.75744 2.78199 2.8052 2.82696 2.84716 2.86573 2.8826 2.89774 2.91112 2.92271 2.93251 2.94052 2.94674 2.95117 2.9538 2.95465 2.95369 2.95094 2.94638 2.94 2.93179 2.92174 2.90986 2.89616 2.88065 2.86337 2.84436 2.82371 2.80149 2.77784 2.75287 2.72676 2.69969 2.67184 2.64345 2.61474 2.58593 2.55727 2.52898 2.50129 2.47441 2.44853 2.42381 2.40041 2.37842 2.35794 2.33902 2.32169 2.30595 2.29178 2.27914 2.26794 2.25813 2.2496 2.24226 2.23601 2.23075 2.22636 2.22277 2.21987 2.21759 2.21585 2.2146 2.21378 2.21337 
2.20667 2.20702 2.20777 2.20894 2.21058 2.21274 2.21547 2.21887 2.22302 2.22803 2.23399 2.24103 2.24926 2.25879 2.26973 2.28217 2.29619 2.31185 2.32919 2.34821 2.3689 2.3912 2.41503 2.44027 2.46679 2.4944 2.52291 2.5521 2.58174 2.61159 2.64141 2.67096 2.70001 2.72832 2.75571 2.78199 2.80698 2.83057 2.85262 2.87305 2.89179 2.90878 2.924 2.93742 2.94904 2.95885 2.96686 2.97307 2.9775 2.98015 2.98101 2.98009 2.97737 2.97285 2.96651 2.95833 2.9483 2.93642 2.92268 2.9071 2.88969 2.8705 2.84959 2.82705 2.80298 2.77751 2.75081 2.72305 2.69444 2.66519 2.63555 2.60574 2.57601 2.54662 2.51778 2.48974 2.46268 2.43679 2.41222 2.38911 2.36755 2.34759 2.32929 2.31264 2.29762 2.2842 2.2723 2.26185 2.25276 2.24493 2.23824 2.2326 2.2279 2.22403 2.22091 2.21844 2.21656 2.2152 2.2143 2.21384 
2.20712 2.20748 2.20827 2.20951 2.21126 2.21355 2.21647 2.2201 2.22452 2.22985 2.2362 2.24369 2.25243 2.26255 2.27414 2.2873 2.30211 2.31863 2.33689 2.35689 2.37861 2.40197 2.4269 2.45325 2.48088 2.50959 2.53918 2.56941 2.60004 2.63083 2.66152 2.69186 2.72161 2.75055 2.77847 2.8052 2.83057 2.85444 2.87672 2.89731 2.91615 2.93321 2.94845 2.96187 2.97347 2.98325 2.99124 2.99743 3.00185 3.00449 3.00537 3.00448 3.00181 2.99735 2.99107 2.98296 2.97299 2.96115 2.94743 2.93182 2.91435 2.89504 2.87395 2.85115 2.82674 2.80086 2.77365 2.7453 2.71601 2.68599 2.65549 2.62477 2.59406 2.56363 2.53372 2.50457 2.4764 2.4494 2.42373 2.39954 2.37693 2.35598 2.33674 2.3192 2.30336 2.28918 2.2766 2.26553 2.25589 2.24757 2.24045 2.23444 2.22942 2.22529 2.22194 2.2193 2.21727 2.2158 2.21482 2.21431 
2.20757 2.20793 2.20876 2.21008 2.21193 2.21436 2.21746 2.2213 2.226 2.23165 2.23838 2.2463 2.25554 2.26622 2.27844 2.2923 2.30788 2.32523 2.34437 2.3653 2.388 2.41238 2.43834 2.46574 2.49441 2.52415 2.55474 2.58593 2.61748 2.64911 2.68058 2.71162 2.742 2.77148 2.79986 2.82696 2.85262 2.87672 2.89915 2.91984 2.93873 2.9558 2.97102 2.9844 2.99594 3.00567 3.01361 3.01976 3.02415 3.0268 3.02769 3.02684 3.02422 3.01983 3.01364 3.00562 2.99574 2.98397 2.97031 2.95474 2.93725 2.91788 2.89667 2.87369 2.84902 2.8228 2.79516 2.7663 2.7364 2.7057 2.67444 2.64288 2.61127 2.57989 2.54898 2.51881 2.48959 2.46154 2.43483 2.40962 2.38602 2.36411 2.34396 2.32558 2.30895 2.29404 2.28079 2.26913 2.25895 2.25015 2.24262 2.23625 2.23092 2.22653 2.22296 2.22014 2.21797 2.21639 2.21534 2.21478 
2.20801 2.20838 2.20925 2.21064 2.21258 2.21515 2.21842 2.22248 2.22744 2.2334 2.24049 2.24883 2.25856 2.26978 2.2826 2.29713 2.31344 2.33157 2.35155 2.37337 2.39699 2.42232 2.44924 2.47762 2.50726 2.53795 2.56946 2.60154 2.63391 2.66631 2.69848 2.73014 2.76106 2.791 2.81976 2.84716 2.87305 2.89731 2.91984 2.94057 2.95947 2.9765 2.99166 3.00497 3.01644 3.02609 3.03395 3.04005 3.04441 3.04704 3.04795 3.04713 3.04458 3.04027 3.03418 3.02627 3.0165 3.00485 2.99128 2.97577 2.95833 2.93895 2.91768 2.89457 2.8697 2.84321 2.81522 2.78592 2.75551 2.72421 2.69227 2.65995 2.62752 2.59527 2.56345 2.53232 2.50213 2.4731 2.44542 2.41924 2.39471 2.37191 2.3509 2.3317 2.31432 2.29872 2.28484 2.2726 2.26191 2.25265 2.24473 2.23801 2.23238 2.22773 2.22396 2.22096 2.21866 2.21697 2.21585 2.21524 
2.20844 2.20882 2.20973 2.21118 2.21322 2.21592 2.21936 2.22362 2.22883 2.23508 2.24252 2.25127 2.26144 2.27318 2.28658 2.30173 2.31872 2.3376 2.35836 2.38101 2.40549 2.4317 2.45953 2.4888 2.51934 2.5509 2.58325 2.61612 2.64924 2.68232 2.7151 2.7473 2.77869 2.80901 2.83809 2.86573 2.89179 2.91615 2.93873 2.95947 2.97832 2.99529 3.01037 3.02357 3.03494 3.04449 3.05227 3.0583 3.06262 3.06523 3.06616 3.06538 3.0629 3.05868 3.0527 3.04491 3.03528 3.02375 3.01031 2.9949 2.97753 2.95818 2.9369 2.91371 2.88871 2.86201 2.83374 2.80407 2.77321 2.74139 2.70885 2.67586 2.6427 2.60966 2.577 2.54501 2.51393 2.48399 2.4554 2.42834 2.40293 2.37929 2.35748 2.33753 2.31944 2.30318 2.2887 2.27592 2.26474 2.25505 2.24674 2.23969 2.23378 2.22889 2.22492 2.22176 2.21932 2.21753 2.21634 2.21569 
2.20885 2.20924 2.21018 2.2117 2.21383 2.21666 2.22025 2.22471 2.23015 2.23668 2.24445 2.25356 2.26417 2.27638 2.29032 2.30606 2.32369 2.34325 2.36474 2.38816 2.41342 2.44045 2.4691 2.4992 2.53054 2.56289 2.59599 2.62958 2.66336 2.69704 2.73036 2.76303 2.7948 2.82546 2.85478 2.8826 2.90878 2.93321 2.9558 2.9765 2.99529 3.01216 3.02713 3.04022 3.05147 3.06091 3.0686 3.07456 3.07883 3.08142 3.08236 3.08162 3.07921 3.07508 3.06922 3.06156 3.05207 3.0407 3.02739 3.01211 2.99483 2.97556 2.95429 2.93108 2.90599 2.87913 2.85063 2.82067 2.78943 2.75716 2.7241 2.69052 2.65671 2.62296 2.58955 2.55677 2.52488 2.49412 2.4647 2.43682 2.41061 2.38619 2.36364 2.34298 2.32424 2.30737 2.29233 2.27904 2.2674 2.25731 2.24865 2.24129 2.23511 2.22999 2.22583 2.22251 2.21995 2.21807 2.21681 2.21612 
2.20923 2.20964 2.21061 2.21218 2.21441 2.21734 2.22108 2.22572 2.23138 2.23818 2.24624 2.25571 2.26671 2.27936 2.29379 2.31007 2.32829 2.34847 2.37063 2.39474 2.42072 2.44848 2.47787 2.50871 2.54078 2.57383 2.60761 2.64182 2.67618 2.71039 2.74417 2.77724 2.80935 2.84026 2.86979 2.89774 2.924 2.94845 2.97102 2.99166 3.01037 3.02713 3.04197 3.05494 3.06606 3.0754 3.08298 3.08887 3.09309 3.09566 3.0966 3.09591 3.09356 3.08953 3.08379 3.07627 3.06693 3.0557 3.04254 3.0274 3.01024 2.99105 2.96984 2.94663 2.92149 2.89452 2.86585 2.83564 2.80409 2.77144 2.73793 2.70383 2.66945 2.63507 2.601 2.56752 2.5349 2.5034 2.47324 2.44461 2.41767 2.39255 2.36932 2.34802 2.32867 2.31125 2.2957 2.28194 2.26988 2.25942 2.25042 2.24277 2.23635 2.23102 2.22668 2.22322 2.22054 2.21858 2.21725 2.21652 
2.20959 2.21 2.21101 2.21263 2.21494 2.21798 2.22185 2.22666 2.23251 2.23954 2.24788 2.25766 2.26902 2.28208 2.29695 2.31372 2.33246 2.3532 2.37596 2.40069 2.42732 2.45573 2.48578 2.51727 2.54998 2.58365 2.61802 2.65278 2.68764 2.7223 2.75647 2.78988 2.82226 2.85339 2.88306 2.91112 2.93742 2.96187 2.9844 3.00497 3.02357 3.04022 3.05494 3.06777 3.07877 3.08799 3.09549 3.1013 3.10547 3.10802 3.10896 3.10831 3.10602 3.10209 3.09646 3.08907 3.07987 3.0688 3.05579 3.0408 3.02376 3.00467 2.98353 2.96034 2.93519 2.90814 2.87934 2.84893 2.81713 2.78415 2.75026 2.71573 2.68085 2.64593 2.61127 2.57717 2.54391 2.51175 2.48093 2.45164 2.42406 2.3983 2.37446 2.35259 2.3327 2.31477 2.29876 2.28458 2.27214 2.26134 2.25204 2.24413 2.23748 2.23197 2.22746 2.22387 2.22109 2.21904 2.21766 2.2169 
2.20992 2.21034 2.21137 2.21304 2.21541 2.21855 2.22254 2.2275 2.23353 2.24077 2.24935 2.25942 2.27109 2.2845 2.29976 2.31696 2.33617 2.35741 2.38068 2.40596 2.43315 2.46213 2.49275 2.52481 2.55808 2.59228 2.62715 2.66238 2.69767 2.73271 2.76721 2.80089 2.8335 2.86479 2.89459 2.92271 2.94904 2.97347 2.99594 3.01644 3.03494 3.05147 3.06606 3.07877 3.08965 3.09877 3.10617 3.11191 3.11603 3.11856 3.11951 3.11889 3.11667 3.11282 3.10729 3.10003 3.09097 3.08005 3.06718 3.05232 3.03542 3.01643 2.99536 2.97222 2.94706 2.91997 2.89106 2.86051 2.82849 2.79525 2.76104 2.72613 2.69083 2.65545 2.62029 2.58566 2.55184 2.51912 2.48772 2.45785 2.4297 2.40339 2.37902 2.35665 2.33628 2.31791 2.30148 2.28693 2.27416 2.26305 2.25349 2.24535 2.2385 2.23281 2.22817 2.22446 2.22158 2.21946 2.21803 2.21724 
2.2102 2.21063 2.21169 2.2134 2.21584 2.21905 2.22315 2.22823 2.23442 2.24184 2.25064 2.26094 2.27289 2.2866 2.3022 2.31977 2.33937 2.36103 2.38475 2.41049 2.43816 2.46763 2.49874 2.53127 2.565 2.59966 2.63495 2.67057 2.70621 2.74157 2.77634 2.81025 2.84303 2.87446 2.90434 2.93251 2.95885 2.98325 3.00567 3.02609 3.04449 3.06091 3.0754 3.08799 3.09877 3.10778 3.1151 3.12078 3.12486 3.12737 3.12833 3.12773 3.12557 3.12179 3.11636 3.10921 3.10028 3.08948 3.07675 3.06202 3.04523 3.02634 3.00534 2.98225 2.9571 2.92998 2.901 2.87033 2.83815 2.80469 2.77022 2.735 2.69935 2.66358 2.628 2.59292 2.55864 2.52543 2.49354 2.46319 2.43456 2.40778 2.38295 2.36014 2.33937 2.32062 2.30384 2.28897 2.27591 2.26454 2.25475 2.24641 2.23939 2.23355 2.22878 2.22497 2.22201 2.21983 2.21835 2.21753 
2.21045 2.21088 2.21196 2.21371 2.21619 2.21948 2.22367 2.22885 2.23517 2.24274 2.25171 2.26222 2.27439 2.28836 2.30424 2.32211 2.34203 2.36405 2.38813 2.41425 2.44231 2.47218 2.50368 2.53661 2.57072 2.60573 2.64137 2.6773 2.71323 2.74884 2.78383 2.81792 2.85084 2.88237 2.91232 2.94052 2.96686 2.99124 3.01361 3.03395 3.05227 3.0686 3.08298 3.09549 3.10617 3.1151 3.12235 3.12797 3.13202 3.13451 3.13548 3.13491 3.13278 3.12907 3.12372 3.11667 3.10784 3.09715 3.08454 3.06991 3.05322 3.03442 3.01349 2.99044 2.96531 2.93817 2.90914 2.87837 2.84606 2.81244 2.77775 2.74229 2.70636 2.67027 2.63435 2.5989 2.56424 2.53064 2.49835 2.4676 2.43858 2.41141 2.38621 2.36305 2.34194 2.32287 2.30581 2.29067 2.27737 2.26579 2.25581 2.2473 2.24013 2.23418 2.2293 2.22541 2.22238 2.22015 2.21863 2.21779 
2.21065 2.21108 2.21218 2.21396 2.21648 2.21983 2.22408 2.22935 2.23577 2.24346 2.25257 2.26323 2.27558 2.28975 2.30585 2.32395 2.34413 2.36642 2.39079 2.4172 2.44556 2.47573 2.50754 2.54077 2.57517 2.61047 2.64637 2.68255 2.71869 2.7545 2.78965 2.82387 2.85691 2.88852 2.91852 2.94674 2.97307 2.99743 3.01976 3.04005 3.0583 3.07456 3.08887 3.1013 3.11191 3.12078 3.12797 3.13356 3.13757 3.14005 3.14102 3.14047 3.13838 3.13472 3.12944 3.12246 3.11371 3.10311 3.09058 3.07604 3.05943 3.0407 3.01982 2.9968 2.97168 2.94453 2.91546 2.88463 2.85222 2.81846 2.78361 2.74796 2.71181 2.67548 2.6393 2.60357 2.56862 2.53471 2.50212 2.47106 2.44172 2.41426 2.38877 2.36533 2.34396 2.32465 2.30736 2.29202 2.27853 2.26678 2.25665 2.24801 2.24073 2.23467 2.22972 2.22575 2.22268 2.2204 2.21886 2.218 
2.2108 2.21124 2.21234 2.21415 2.2167 2.22008 2.22439 2.22972 2.23621 2.24399 2.2532 2.26397 2.27645 2.29076 2.30701 2.32528 2.34565 2.36812 2.39269 2.41931 2.44788 2.47827 2.51029 2.54374 2.57834 2.61384 2.64992 2.68627 2.72257 2.75851 2.79379 2.82811 2.86122 2.89289 2.92292 2.95117 2.9775 3.00185 3.02415 3.04441 3.06262 3.07883 3.09309 3.10547 3.11603 3.12486 3.13202 3.13757 3.14157 3.14404 3.14501 3.14448 3.14242 3.13879 3.13355 3.12662 3.11793 3.10739 3.09491 3.08043 3.06387 3.04518 3.02434 3.00134 2.97622 2.94906 2.91996 2.88907 2.85659 2.82273 2.78777 2.75198 2.71568 2.67918 2.64281 2.60689 2.57173 2.53761 2.5048 2.47352 2.44397 2.4163 2.39061 2.36697 2.34542 2.32594 2.30849 2.29299 2.27937 2.2675 2.25727 2.24853 2.24117 2.23504 2.23003 2.22602 2.2229 2.22059 2.21903 2.21815 
2.2109 2.21134 2.21245 2.21427 2.21684 2.22025 2.22458 2.22996 2.23649 2.24432 2.25359 2.26443 2.27698 2.29138 2.30772 2.32609 2.34655 2.36914 2.39383 2.42056 2.44926 2.47977 2.51192 2.54548 2.58021 2.61582 2.652 2.68845 2.72485 2.76087 2.79622 2.8306 2.86376 2.89547 2.92554 2.9538 2.98015 3.00449 3.0268 3.04704 3.06523 3.08142 3.09566 3.10802 3.11856 3.12737 3.13451 3.14005 3.14404 3.14652 3.14749 3.14696 3.14491 3.14131 3.13608 3.12918 3.12051 3.11 3.09756 3.0831 3.06656 3.04789 3.02706 3.00406 2.97894 2.95176 2.92263 2.8917 2.85917 2.82526 2.79022 2.75435 2.71795 2.68135 2.64487 2.60884 2.57356 2.53932 2.50638 2.47498 2.44531 2.41751 2.3917 2.36796 2.34629 2.32671 2.30917 2.29359 2.27989 2.26795 2.25765 2.24886 2.24145 2.23528 2.23023 2.22618 2.22304 2.22072 2.21914 2.21826 
