5.83182 5.832 5.83228 5.83266 5.83314 5.83371 5.83439 5.83516 5.83604 5.83701 5.83808 5.83926 5.84053 5.84191 5.84339 5.84497 5.84664 5.84841 5.85027 5.85223 5.85427 5.85639 5.85859 5.86085 5.86318 5.86557 5.868 5.87046 5.87296 5.87546 5.87798 5.88048 5.88296 5.88541 5.88782 5.89016 5.89243 5.89461 5.8967 5.89867 5.90051 5.90223 5.90379 5.9052 5.90644 5.90751 5.9084 5.9091 5.90961 5.90992 5.91004 5.90997 5.90969 5.90923 5.90857 5.90773 5.90671 5.90552 5.90416 5.90265 5.901 5.89921 5.8973 5.89529 5.89318 5.89098 5.88872 5.8864 5.88404 5.88165 5.87924 5.87683 5.87443 5.87205 5.86971 5.8674 5.86515 5.86296 5.86083 5.85879 5.85683 5.85495 5.85317 5.85148 5.8499 5.84842 5.84705 5.84578 5.84462 5.84356 5.84261 5.84177 5.84104 5.84041 5.83989 5.83947 5.83915 5.83894 5.83882 5.83881 
5.832 5.83218 5.83246 5.83284 5.83332 5.8339 5.83458 5.83536 5.83624 5.83722 5.8383 5.83948 5.84076 5.84215 5.84364 5.84522 5.84691 5.84869 5.85057 5.85253 5.85459 5.85672 5.85894 5.86122 5.86356 5.86597 5.86841 5.8709 5.87341 5.87594 5.87847 5.88099 5.88349 5.88596 5.88838 5.89074 5.89302 5.89522 5.89732 5.89931 5.90117 5.90289 5.90447 5.90589 5.90714 5.90821 5.90911 5.90981 5.91033 5.91064 5.91076 5.91069 5.91041 5.90994 5.90928 5.90843 5.90741 5.9062 5.90484 5.90332 5.90165 5.89985 5.89793 5.8959 5.89377 5.89156 5.88928 5.88694 5.88456 5.88215 5.87973 5.8773 5.87488 5.87249 5.87012 5.8678 5.86553 5.86332 5.86118 5.85912 5.85715 5.85526 5.85346 5.85177 5.85017 5.84868 5.8473 5.84602 5.84485 5.84378 5.84283 5.84198 5.84125 5.84061 5.84009 5.83966 5.83934 5.83912 5.83901 5.83899 
5.83228 5.83246 5.83275 5.83313 5.83362 5.83421 5.8349 5.83569 5.83658 5.83758 5.83867 5.83988 5.84118 5.84259 5.84411 5.84572 5.84744 5.84925 5.85116 5.85317 5.85526 5.85743 5.85969 5.86201 5.8644 5.86685 5.86934 5.87187 5.87443 5.877 5.87957 5.88214 5.88469 5.8872 5.88967 5.89207 5.8944 5.89663 5.89877 5.90079 5.90268 5.90444 5.90604 5.90748 5.90876 5.90985 5.91076 5.91148 5.912 5.91232 5.91244 5.91236 5.91208 5.9116 5.91093 5.91007 5.90902 5.9078 5.9064 5.90485 5.90316 5.90132 5.89937 5.8973 5.89513 5.89288 5.89055 5.88817 5.88575 5.8833 5.88083 5.87835 5.87589 5.87345 5.87104 5.86867 5.86636 5.86411 5.86193 5.85983 5.85781 5.85589 5.85406 5.85233 5.8507 5.84918 5.84777 5.84646 5.84527 5.84418 5.84321 5.84234 5.84159 5.84094 5.8404 5.83997 5.83964 5.83941 5.83929 5.83927 
5.83266 5.83284 5.83313 5.83353 5.83402 5.83463 5.83533 5.83614 5.83706 5.83808 5.83921 5.84045 5.84179 5.84325 5.8448 5.84646 5.84823 5.8501 5.85206 5.85413 5.85628 5.85852 5.86084 5.86323 5.86569 5.86821 5.87077 5.87337 5.87601 5.87865 5.8813 5.88394 5.88656 5.88915 5.89168 5.89415 5.89654 5.89884 5.90104 5.90312 5.90506 5.90686 5.90851 5.90999 5.9113 5.91242 5.91336 5.91409 5.91463 5.91496 5.91508 5.915 5.91471 5.91421 5.91352 5.91263 5.91155 5.91029 5.90886 5.90726 5.90552 5.90363 5.90162 5.89949 5.89726 5.89494 5.89255 5.8901 5.8876 5.88508 5.88254 5.87999 5.87745 5.87494 5.87246 5.87002 5.86764 5.86532 5.86307 5.86091 5.85883 5.85684 5.85495 5.85317 5.85149 5.84992 5.84846 5.84711 5.84588 5.84476 5.84375 5.84285 5.84207 5.8414 5.84084 5.84039 5.84005 5.83981 5.83968 5.83966 
5.83314 5.83332 5.83362 5.83402 5.83454 5.83516 5.83589 5.83673 5.83768 5.83874 5.83992 5.8412 5.8426 5.8441 5.84572 5.84745 5.84928 5.85123 5.85327 5.85541 5.85765 5.85998 5.86239 5.86488 5.86743 5.87005 5.87271 5.87542 5.87815 5.8809 5.88365 5.88639 5.88911 5.89179 5.89442 5.89698 5.89947 5.90185 5.90413 5.90628 5.9083 5.91017 5.91187 5.91341 5.91476 5.91592 5.91689 5.91765 5.9182 5.91854 5.91867 5.91858 5.91828 5.91776 5.91704 5.91612 5.915 5.91369 5.9122 5.91054 5.90873 5.90677 5.90468 5.90247 5.90015 5.89774 5.89526 5.89271 5.89012 5.8875 5.88485 5.88221 5.87957 5.87695 5.87437 5.87184 5.86936 5.86694 5.86461 5.86235 5.86019 5.85812 5.85615 5.85429 5.85254 5.8509 5.84938 5.84797 5.84668 5.84551 5.84445 5.84351 5.84269 5.84199 5.8414 5.84092 5.84056 5.84031 5.84017 5.84014 
5.83371 5.8339 5.83421 5.83463 5.83516 5.83581 5.83657 5.83745 5.83844 5.83955 5.84078 5.84213 5.84359 5.84517 5.84687 5.84868 5.8506 5.85264 5.85478 5.85703 5.85937 5.86181 5.86434 5.86695 5.86963 5.87237 5.87516 5.87799 5.88086 5.88373 5.88662 5.88949 5.89233 5.89514 5.89789 5.90057 5.90316 5.90566 5.90804 5.91029 5.91239 5.91434 5.91613 5.91773 5.91914 5.92035 5.92136 5.92215 5.92273 5.92308 5.92321 5.92311 5.92279 5.92225 5.9215 5.92053 5.91935 5.91798 5.91642 5.91469 5.91279 5.91074 5.90855 5.90623 5.90381 5.90129 5.89868 5.89602 5.8933 5.89055 5.88778 5.88501 5.88224 5.8795 5.87679 5.87413 5.87153 5.86899 5.86654 5.86417 5.86189 5.85972 5.85765 5.85569 5.85385 5.85212 5.85051 5.84903 5.84767 5.84643 5.84532 5.84432 5.84346 5.84271 5.84208 5.84157 5.84118 5.84091 5.84076 5.84072 
5.83439 5.83458 5.8349 5.83533 5.83589 5.83657 5.83737 5.83829 5.83934 5.84051 5.84181 5.84323 5.84477 5.84644 5.84823 5.85015 5.85218 5.85433 5.8566 5.85897 5.86145 5.86403 5.8667 5.86945 5.87228 5.87517 5.87812 5.88111 5.88412 5.88716 5.8902 5.89322 5.89622 5.89918 5.90207 5.9049 5.90763 5.91025 5.91276 5.91513 5.91734 5.91939 5.92127 5.92295 5.92443 5.92571 5.92676 5.92759 5.92819 5.92856 5.9287 5.92859 5.92825 5.92768 5.92688 5.92586 5.92462 5.92317 5.92153 5.9197 5.9177 5.91554 5.91323 5.91079 5.90823 5.90557 5.90282 5.90001 5.89714 5.89424 5.89132 5.88839 5.88547 5.88257 5.87971 5.87689 5.87414 5.87146 5.86886 5.86635 5.86394 5.86164 5.85945 5.85737 5.85541 5.85358 5.85188 5.8503 5.84885 5.84753 5.84634 5.84528 5.84436 5.84356 5.84288 5.84234 5.84192 5.84162 5.84145 5.8414 
5.83516 5.83536 5.83569 5.83614 5.83673 5.83745 5.83829 5.83927 5.84038 5.84163 5.843 5.84451 5.84615 5.84793 5.84983 5.85186 5.85403 5.85631 5.85872 5.86124 5.86388 5.86662 5.86945 5.87238 5.87538 5.87845 5.88158 5.88475 5.88795 5.89117 5.8944 5.8976 5.90078 5.90391 5.90698 5.90997 5.91286 5.91564 5.91829 5.92079 5.92314 5.92531 5.92729 5.92906 5.93063 5.93197 5.93309 5.93396 5.9346 5.93498 5.93512 5.93501 5.93464 5.93404 5.93319 5.9321 5.93079 5.92925 5.92751 5.92557 5.92345 5.92116 5.91871 5.91612 5.9134 5.91058 5.90767 5.90469 5.90164 5.89856 5.89546 5.89235 5.88924 5.88616 5.88312 5.88013 5.8772 5.87435 5.87158 5.86891 5.86634 5.86389 5.86155 5.85933 5.85724 5.85528 5.85346 5.85177 5.85022 5.84881 5.84753 5.8464 5.8454 5.84453 5.84381 5.84322 5.84276 5.84243 5.84224 5.84218 
5.83604 5.83624 5.83658 5.83706 5.83768 5.83844 5.83934 5.84038 5.84157 5.84289 5.84436 5.84597 5.84772 5.84962 5.85165 5.85382 5.85613 5.85858 5.86115 5.86384 5.86666 5.86958 5.87261 5.87573 5.87893 5.88221 5.88555 5.88893 5.89234 5.89577 5.89921 5.90262 5.906 5.90934 5.9126 5.91578 5.91886 5.92181 5.92463 5.92729 5.92977 5.93208 5.93418 5.93607 5.93773 5.93915 5.94033 5.94126 5.94193 5.94233 5.94248 5.94235 5.94196 5.94131 5.9404 5.93925 5.93785 5.93621 5.93436 5.93229 5.93003 5.92759 5.92498 5.92222 5.91933 5.91633 5.91322 5.91004 5.9068 5.90351 5.9002 5.89688 5.89357 5.89028 5.88703 5.88383 5.8807 5.87765 5.87469 5.87184 5.86909 5.86645 5.86395 5.86157 5.85933 5.85723 5.85527 5.85345 5.85178 5.85026 5.84889 5.84766 5.84658 5.84564 5.84486 5.84421 5.84371 5.84335 5.84313 5.84306 
5.83701 5.83722 5.83758 5.83808 5.83874 5.83955 5.84051 5.84163 5.84289 5.84431 5.84588 5.84761 5.84949 5.85152 5.8537 5.85603 5.85851 5.86113 5.86388 5.86677 5.86979 5.87292 5.87616 5.87951 5.88294 5.88645 5.89002 5.89363 5.89729 5.90095 5.90462 5.90827 5.91189 5.91545 5.91893 5.92232 5.92561 5.92876 5.93176 5.93459 5.93725 5.9397 5.94193 5.94394 5.94571 5.94723 5.94848 5.94947 5.95017 5.9506 5.95075 5.95061 5.95019 5.9495 5.94852 5.94729 5.94579 5.94404 5.94206 5.93985 5.93744 5.93483 5.93204 5.92909 5.926 5.92279 5.91947 5.91607 5.9126 5.90909 5.90554 5.90199 5.89844 5.89491 5.89143 5.88801 5.88465 5.88138 5.8782 5.87513 5.87217 5.86934 5.86665 5.86409 5.86167 5.85941 5.8573 5.85534 5.85353 5.85189 5.8504 5.84907 5.8479 5.84689 5.84603 5.84532 5.84477 5.84438 5.84413 5.84404 
5.83808 5.8383 5.83867 5.83921 5.83992 5.84078 5.84181 5.843 5.84436 5.84588 5.84757 5.84943 5.85145 5.85363 5.85597 5.85848 5.86114 5.86396 5.86692 5.87003 5.87327 5.87663 5.88012 5.88371 5.88739 5.89115 5.89498 5.89886 5.90278 5.90671 5.91064 5.91455 5.91842 5.92223 5.92596 5.92959 5.9331 5.93647 5.93967 5.9427 5.94554 5.94815 5.95054 5.95269 5.95457 5.95619 5.95752 5.95857 5.95932 5.95978 5.95993 5.95978 5.95933 5.95858 5.95753 5.95621 5.9546 5.95273 5.95061 5.94825 5.94566 5.94286 5.93988 5.93672 5.93341 5.92997 5.92641 5.92277 5.91905 5.91528 5.91147 5.90766 5.90385 5.90006 5.89632 5.89264 5.88903 5.88551 5.88209 5.87879 5.8756 5.87255 5.86964 5.86688 5.86428 5.86183 5.85955 5.85743 5.85548 5.85369 5.85208 5.85064 5.84936 5.84826 5.84732 5.84655 5.84595 5.84551 5.84523 5.84512 
5.83926 5.83948 5.83988 5.84045 5.8412 5.84213 5.84323 5.84451 5.84597 5.84761 5.84943 5.85142 5.8536 5.85595 5.85847 5.86117 5.86404 5.86707 5.87026 5.87361 5.87709 5.88072 5.88446 5.88832 5.89228 5.89633 5.90044 5.90461 5.90882 5.91304 5.91725 5.92145 5.9256 5.92968 5.93368 5.93757 5.94132 5.94493 5.94836 5.95161 5.95463 5.95743 5.95999 5.96228 5.96429 5.96602 5.96744 5.96856 5.96936 5.96984 5.97 5.96983 5.96934 5.96854 5.96742 5.96599 5.96427 5.96227 5.95999 5.95745 5.95468 5.95168 5.94848 5.94509 5.94154 5.93785 5.93403 5.93012 5.92612 5.92207 5.91799 5.91389 5.90979 5.90572 5.9017 5.89773 5.89385 5.89005 5.88637 5.8828 5.87937 5.87608 5.87294 5.86996 5.86714 5.86449 5.86202 5.85972 5.85761 5.85567 5.85392 5.85235 5.85097 5.84976 5.84874 5.84789 5.84723 5.84674 5.84643 5.8463 
5.84053 5.84076 5.84118 5.84179 5.8426 5.84359 5.84477 5.84615 5.84772 5.84949 5.85145 5.8536 5.85594 5.85847 5.8612 5.86411 5.8672 5.87047 5.87391 5.87751 5.88126 5.88517 5.8892 5.89335 5.89761 5.90197 5.90639 5.91087 5.91539 5.91992 5.92445 5.92895 5.93341 5.93779 5.94207 5.94624 5.95027 5.95413 5.95781 5.96128 5.96452 5.96752 5.97025 5.9727 5.97485 5.97669 5.97821 5.97941 5.98026 5.98077 5.98093 5.98075 5.98022 5.97936 5.97815 5.97662 5.97477 5.97262 5.97018 5.96746 5.96448 5.96127 5.95783 5.9542 5.95038 5.94642 5.94232 5.93811 5.93382 5.92947 5.92507 5.92066 5.91626 5.91188 5.90755 5.90328 5.89909 5.895 5.89103 5.88718 5.88348 5.87992 5.87653 5.8733 5.87026 5.86739 5.86471 5.86222 5.85993 5.85783 5.85593 5.85422 5.85271 5.85139 5.85028 5.84935 5.84862 5.84809 5.84774 5.84759 
5.84191 5.84215 5.84259 5.84325 5.8441 5.84517 5.84644 5.84793 5.84962 5.85152 5.85363 5.85595 5.85847 5.86121 5.86414 5.86728 5.87062 5.87414 5.87784 5.88173 5.88577 5.88997 5.89432 5.89879 5.90337 5.90806 5.91281 5.91763 5.92248 5.92736 5.93222 5.93705 5.94183 5.94653 5.95113 5.9556 5.95992 5.96406 5.96799 5.97171 5.97518 5.97839 5.98131 5.98393 5.98623 5.9882 5.98982 5.99109 5.992 5.99254 5.99271 5.99251 5.99195 5.99101 5.98972 5.98808 5.98609 5.98378 5.98116 5.97824 5.97505 5.9716 5.96791 5.96401 5.95992 5.95566 5.95126 5.94674 5.94213 5.93745 5.93272 5.92798 5.92324 5.91853 5.91386 5.90926 5.90475 5.90035 5.89606 5.89191 5.88791 5.88407 5.8804 5.87692 5.87362 5.87052 5.86762 5.86492 5.86244 5.86016 5.85809 5.85623 5.85459 5.85316 5.85194 5.85093 5.85013 5.84954 5.84915 5.84898 
5.84339 5.84364 5.84411 5.8448 5.84572 5.84687 5.84823 5.84983 5.85165 5.8537 5.85597 5.85847 5.8612 5.86414 5.86731 5.87069 5.87429 5.87808 5.88208 5.88626 5.89061 5.89514 5.89981 5.90462 5.90956 5.91459 5.9197 5.92488 5.93009 5.93532 5.94055 5.94573 5.95086 5.9559 5.96083 5.96562 5.97024 5.97468 5.97889 5.98287 5.98659 5.99002 5.99314 5.99594 5.9984 6.0005 6.00223 6.00359 6.00456 6.00513 6.00531 6.00509 6.00448 6.00348 6.00209 6.00032 5.9982 5.99572 5.99291 5.98978 5.98636 5.98265 5.9787 5.97451 5.97012 5.96555 5.96083 5.95598 5.95102 5.946 5.94092 5.93582 5.93073 5.92566 5.92063 5.91568 5.91083 5.90608 5.90146 5.89698 5.89267 5.88853 5.88457 5.8808 5.87724 5.87388 5.87074 5.86782 5.86513 5.86266 5.86041 5.8584 5.85661 5.85505 5.85372 5.85262 5.85174 5.85109 5.85066 5.85046 
5.84497 5.84522 5.84572 5.84646 5.84745 5.84868 5.85015 5.85186 5.85382 5.85603 5.85848 5.86117 5.86411 5.86728 5.87069 5.87434 5.8782 5.88229 5.88659 5.89109 5.89578 5.90065 5.90567 5.91085 5.91615 5.92155 5.92705 5.9326 5.9382 5.94381 5.94941 5.95497 5.96047 5.96587 5.97115 5.97628 5.98123 5.98597 5.99048 5.99474 5.99871 6.00238 6.00571 6.0087 6.01133 6.01357 6.01542 6.01687 6.0179 6.01851 6.01869 6.01846 6.0178 6.01672 6.01523 6.01334 6.01106 6.00841 6.00539 6.00204 5.99837 5.99441 5.99017 5.98568 5.98098 5.97608 5.97101 5.96581 5.96049 5.9551 5.94965 5.94417 5.9387 5.93325 5.92785 5.92253 5.9173 5.91219 5.90721 5.90239 5.89774 5.89328 5.889 5.88494 5.88109 5.87747 5.87407 5.87092 5.868 5.86532 5.86289 5.8607 5.85876 5.85707 5.85562 5.85442 5.85346 5.85275 5.85228 5.85205 
5.84664 5.84691 5.84744 5.84823 5.84928 5.8506 5.85218 5.85403 5.85613 5.85851 5.86114 5.86404 5.8672 5.87062 5.87429 5.8782 5.88237 5.88676 5.89139 5.89622 5.90126 5.90649 5.91189 5.91745 5.92313 5.92894 5.93483 5.94079 5.94679 5.9528 5.9588 5.96475 5.97064 5.97642 5.98207 5.98755 5.99284 5.99791 6.00274 6.00728 6.01152 6.01543 6.019 6.02219 6.02499 6.02738 6.02935 6.03089 6.03198 6.03263 6.03283 6.03257 6.03186 6.0307 6.02911 6.02708 6.02464 6.02181 6.01858 6.015 6.01107 6.00683 6.00229 5.99749 5.99245 5.98721 5.98178 5.9762 5.97051 5.96473 5.95888 5.95301 5.94714 5.94129 5.93549 5.92977 5.92416 5.91866 5.91332 5.90813 5.90312 5.89831 5.89371 5.88933 5.88518 5.88127 5.87761 5.8742 5.87105 5.86815 5.86552 5.86315 5.86105 5.85921 5.85764 5.85633 5.85529 5.85451 5.85399 5.85374 
5.84841 5.84869 5.84925 5.8501 5.85123 5.85264 5.85433 5.85631 5.85858 5.86113 5.86396 5.86707 5.87047 5.87414 5.87808 5.88229 5.88676 5.89149 5.89645 5.90164 5.90705 5.91266 5.91845 5.92441 5.9305 5.93672 5.94303 5.94941 5.95583 5.96227 5.96868 5.97505 5.98134 5.98752 5.99355 5.99941 6.00506 6.01047 6.01561 6.02046 6.02498 6.02916 6.03295 6.03635 6.03933 6.04188 6.04398 6.04561 6.04678 6.04746 6.04767 6.04739 6.04662 6.04539 6.04368 6.04152 6.03891 6.03588 6.03244 6.02861 6.02442 6.01988 6.01504 6.00991 6.00452 5.99891 5.99311 5.98714 5.98105 5.97486 5.96861 5.96232 5.95602 5.94976 5.94354 5.93741 5.93139 5.92549 5.91975 5.91418 5.9088 5.90363 5.89868 5.89397 5.8895 5.88529 5.88134 5.87767 5.87426 5.87114 5.8683 5.86574 5.86347 5.86148 5.85978 5.85836 5.85722 5.85637 5.8558 5.85552 
5.85027 5.85057 5.85116 5.85206 5.85327 5.85478 5.8566 5.85872 5.86115 5.86388 5.86692 5.87026 5.87391 5.87784 5.88208 5.88659 5.89139 5.89645 5.90177 5.90733 5.91313 5.91914 5.92534 5.93171 5.93823 5.94488 5.95163 5.95845 5.96531 5.97219 5.97904 5.98583 5.99255 5.99913 6.00557 6.01181 6.01784 6.0236 6.02908 6.03424 6.03906 6.0435 6.04754 6.05115 6.05432 6.05703 6.05926 6.061 6.06223 6.06296 6.06317 6.06287 6.06205 6.06073 6.05891 6.05661 6.05383 6.05059 6.04692 6.04284 6.03837 6.03353 6.02836 6.02289 6.01714 6.01116 6.00496 5.99859 5.99209 5.98547 5.97879 5.97207 5.96534 5.95863 5.95199 5.94542 5.93897 5.93265 5.9265 5.92053 5.91476 5.90921 5.9039 5.89884 5.89404 5.88951 5.88527 5.88131 5.87765 5.87428 5.87122 5.86846 5.86601 5.86386 5.86202 5.86049 5.85926 5.85833 5.85771 5.85739 
5.85223 5.85253 5.85317 5.85413 5.85541 5.85703 5.85897 5.86124 5.86384 5.86677 5.87003 5.87361 5.87751 5.88173 5.88626 5.89109 5.89622 5.90164 5.90733 5.91329 5.91948 5.9259 5.93253 5.93934 5.94631 5.9534 5.96061 5.96788 5.9752 5.98253 5.98983 5.99707 6.00422 6.01124 6.01809 6.02473 6.03114 6.03727 6.0431 6.04858 6.0537 6.05842 6.06271 6.06655 6.06991 6.07279 6.07515 6.07699 6.0783 6.07907 6.07929 6.07896 6.07809 6.07668 6.07475 6.07229 6.06933 6.06589 6.06199 6.05764 6.05288 6.04774 6.04223 6.03641 6.03029 6.02391 6.01731 6.01052 6.00359 5.99653 5.98941 5.98223 5.97505 5.96789 5.96079 5.95378 5.94688 5.94013 5.93355 5.92716 5.92098 5.91504 5.90935 5.90393 5.89878 5.89392 5.88937 5.88512 5.88119 5.87757 5.87428 5.87131 5.86867 5.86636 5.86437 5.86272 5.86139 5.86038 5.85971 5.85936 
5.85427 5.85459 5.85526 5.85628 5.85765 5.85937 5.86145 5.86388 5.86666 5.86979 5.87327 5.87709 5.88126 5.88577 5.89061 5.89578 5.90126 5.90705 5.91313 5.91948 5.92609 5.93294 5.94001 5.94727 5.9547 5.96226 5.96993 5.97768 5.98547 5.99326 6.00103 6.00873 6.01633 6.02379 6.03106 6.03812 6.04492 6.05143 6.05762 6.06344 6.06886 6.07386 6.07841 6.08248 6.08605 6.08909 6.09159 6.09354 6.09492 6.09573 6.09596 6.09561 6.09469 6.09319 6.09113 6.08852 6.08538 6.08173 6.07758 6.07297 6.06791 6.06245 6.0566 6.05041 6.0439 6.03712 6.03011 6.02289 6.01551 6.00801 6.00042 5.99278 5.98513 5.97751 5.96994 5.96246 5.95511 5.9479 5.94088 5.93405 5.92746 5.92111 5.91502 5.90922 5.90372 5.89852 5.89364 5.88909 5.88488 5.881 5.87747 5.87428 5.87145 5.86896 5.86683 5.86504 5.86361 5.86253 5.86179 5.86141 
5.85639 5.85672 5.85743 5.85852 5.85998 5.86181 5.86403 5.86662 5.86958 5.87292 5.87663 5.88072 5.88517 5.88997 5.89514 5.90065 5.90649 5.91266 5.91914 5.9259 5.93294 5.94024 5.94776 5.95548 5.96338 5.97142 5.97957 5.98781 5.99608 6.00436 6.0126 6.02078 6.02884 6.03674 6.04446 6.05194 6.05914 6.06604 6.07259 6.07875 6.08449 6.08978 6.09459 6.0989 6.10267 6.10589 6.10853 6.11059 6.11205 6.1129 6.11314 6.11276 6.11178 6.11019 6.10801 6.10525 6.10192 6.09805 6.09365 6.08876 6.08341 6.07761 6.07141 6.06485 6.05795 6.05076 6.04332 6.03566 6.02782 6.01986 6.01179 6.00368 5.99555 5.98744 5.97939 5.97144 5.96361 5.95594 5.94846 5.94119 5.93416 5.92739 5.9209 5.91471 5.90884 5.90329 5.89808 5.89321 5.8887 5.88456 5.88078 5.87737 5.87433 5.87166 5.86937 5.86746 5.86592 5.86475 5.86396 5.86355 
5.85859 5.85894 5.85969 5.86084 5.86239 5.86434 5.8667 5.86945 5.87261 5.87616 5.88012 5.88446 5.8892 5.89432 5.89981 5.90567 5.91189 5.91845 5.92534 5.93253 5.94001 5.94776 5.95574 5.96394 5.97233 5.98086 5.9895 5.99823 6.007 6.01577 6.0245 6.03316 6.04169 6.05006 6.05822 6.06613 6.07375 6.08104 6.08795 6.09446 6.10053 6.10612 6.1112 6.11574 6.11972 6.12311 6.1259 6.12807 6.12961 6.1305 6.13075 6.13035 6.12931 6.12763 6.12532 6.1224 6.11888 6.11479 6.11014 6.10497 6.09931 6.09318 6.08662 6.07968 6.07238 6.06477 6.05689 6.04878 6.04048 6.03204 6.0235 6.01489 6.00627 5.99767 5.98913 5.98069 5.97237 5.96423 5.95628 5.94855 5.94107 5.93387 5.92697 5.92038 5.91412 5.90821 5.90265 5.89747 5.89266 5.88823 5.8842 5.88056 5.87731 5.87446 5.87201 5.86996 5.86831 5.86706 5.86621 5.86576 
5.86085 5.86122 5.86201 5.86323 5.86488 5.86695 5.86945 5.87238 5.87573 5.87951 5.88371 5.88832 5.89335 5.89879 5.90462 5.91085 5.91745 5.92441 5.93171 5.93934 5.94727 5.95548 5.96394 5.97263 5.9815 5.99053 5.99969 6.00892 6.01819 6.02746 6.03669 6.04583 6.05485 6.06368 6.07229 6.08064 6.08868 6.09637 6.10366 6.11053 6.11692 6.12281 6.12816 6.13294 6.13713 6.14071 6.14364 6.14592 6.14754 6.14848 6.14874 6.14831 6.14721 6.14544 6.143 6.13992 6.13621 6.13189 6.12699 6.12154 6.11556 6.10909 6.10217 6.09484 6.08713 6.0791 6.07077 6.0622 6.05343 6.04451 6.03548 6.02638 6.01725 6.00815 5.99911 5.99017 5.98136 5.97273 5.9643 5.9561 5.94817 5.94053 5.9332 5.9262 5.91955 5.91326 5.90736 5.90184 5.89673 5.89202 5.88772 5.88384 5.88038 5.87734 5.87473 5.87254 5.87078 5.86944 5.86852 5.86804 
5.86318 5.86356 5.8644 5.86569 5.86743 5.86963 5.87228 5.87538 5.87893 5.88294 5.88739 5.89228 5.89761 5.90337 5.90956 5.91615 5.92313 5.9305 5.93823 5.94631 5.9547 5.96338 5.97233 5.9815 5.99088 6.00042 6.01008 6.01982 6.02961 6.03939 6.04912 6.05876 6.06826 6.07756 6.08663 6.09542 6.10389 6.11198 6.11965 6.12687 6.1336 6.13979 6.14541 6.15044 6.15484 6.1586 6.16168 6.16407 6.16577 6.16675 6.16702 6.16657 6.16541 6.16354 6.16098 6.15774 6.15383 6.14928 6.14413 6.13839 6.13209 6.12529 6.118 6.11028 6.10216 6.09369 6.08492 6.07588 6.06664 6.05723 6.04769 6.03809 6.02846 6.01885 6.0093 5.99985 5.99054 5.98141 5.97249 5.96382 5.95543 5.94733 5.93957 5.93215 5.92511 5.91844 5.91218 5.90633 5.9009 5.8959 5.89133 5.88721 5.88353 5.8803 5.87752 5.87519 5.87331 5.87188 5.8709 5.87038 
5.86557 5.86597 5.86685 5.86821 5.87005 5.87237 5.87517 5.87845 5.88221 5.88645 5.89115 5.89633 5.90197 5.90806 5.91459 5.92155 5.92894 5.93672 5.94488 5.9534 5.96226 5.97142 5.98086 5.99053 6.00042 6.01047 6.02065 6.03091 6.04121 6.0515 6.06174 6.07188 6.08186 6.09165 6.10118 6.11042 6.11931 6.1278 6.13586 6.14344 6.15049 6.15699 6.16289 6.16816 6.17278 6.17671 6.17994 6.18245 6.18422 6.18525 6.18553 6.18506 6.18384 6.18187 6.17918 6.17578 6.17167 6.1669 6.16149 6.15546 6.14885 6.1417 6.13404 6.12593 6.1174 6.10849 6.09927 6.08977 6.08004 6.07013 6.0601 6.04999 6.03985 6.02972 6.01965 6.00969 5.99987 5.99024 5.98083 5.97168 5.96282 5.95427 5.94606 5.93822 5.93077 5.92372 5.9171 5.9109 5.90515 5.89986 5.89502 5.89065 5.88675 5.88332 5.88037 5.87789 5.8759 5.87438 5.87334 5.87278 
5.868 5.86841 5.86934 5.87077 5.87271 5.87516 5.87812 5.88158 5.88555 5.89002 5.89498 5.90044 5.90639 5.91281 5.9197 5.92705 5.93483 5.94303 5.95163 5.96061 5.96993 5.97957 5.9895 5.99969 6.01008 6.02065 6.03134 6.04213 6.05295 6.06375 6.0745 6.08514 6.09562 6.10588 6.11588 6.12556 6.13487 6.14377 6.15221 6.16015 6.16754 6.17434 6.18051 6.18603 6.19086 6.19497 6.19835 6.20098 6.20283 6.2039 6.20419 6.20369 6.20241 6.20035 6.19753 6.19397 6.18967 6.18467 6.179 6.17268 6.16575 6.15826 6.15023 6.14173 6.13278 6.12344 6.11376 6.10379 6.09358 6.08318 6.07264 6.06202 6.05136 6.04072 6.03013 6.01965 6.00933 5.99919 5.98928 5.97965 5.97031 5.9613 5.95265 5.94438 5.93652 5.92909 5.92209 5.91555 5.90948 5.90388 5.89877 5.89415 5.89002 5.8864 5.88327 5.88065 5.87854 5.87692 5.87582 5.87522 
5.87046 5.8709 5.87187 5.87337 5.87542 5.87799 5.88111 5.88475 5.88893 5.89363 5.89886 5.90461 5.91087 5.91763 5.92488 5.9326 5.94079 5.94941 5.95845 5.96788 5.97768 5.98781 5.99823 6.00892 6.01982 6.03091 6.04213 6.05343 6.06477 6.07609 6.08735 6.09849 6.10945 6.12019 6.13065 6.14078 6.15052 6.15983 6.16865 6.17694 6.18466 6.19176 6.19821 6.20397 6.20901 6.21331 6.21683 6.21957 6.2215 6.22262 6.22292 6.2224 6.22106 6.21891 6.21596 6.21223 6.20774 6.20251 6.19658 6.18998 6.18274 6.1749 6.16651 6.15761 6.14825 6.13847 6.12834 6.1179 6.10721 6.09631 6.08527 6.07414 6.06296 6.0518 6.0407 6.0297 6.01886 6.00822 5.99781 5.98768 5.97787 5.9684 5.9593 5.95061 5.94233 5.93451 5.92714 5.92025 5.91385 5.90796 5.90257 5.89769 5.89334 5.88951 5.88622 5.88345 5.88121 5.87951 5.87834 5.8777 
5.87296 5.87341 5.87443 5.87601 5.87815 5.88086 5.88412 5.88795 5.89234 5.89729 5.90278 5.90882 5.91539 5.92248 5.93009 5.9382 5.94679 5.95583 5.96531 5.9752 5.98547 5.99608 6.007 6.01819 6.02961 6.04121 6.05295 6.06477 6.07662 6.08846 6.10023 6.11186 6.12332 6.13453 6.14545 6.15602 6.16618 6.17589 6.18509 6.19374 6.20178 6.20918 6.21591 6.22191 6.22716 6.23163 6.23531 6.23815 6.24017 6.24133 6.24164 6.24109 6.23969 6.23745 6.23437 6.23048 6.2258 6.22035 6.21417 6.20728 6.19972 6.19155 6.18279 6.1735 6.16373 6.15352 6.14294 6.13204 6.12086 6.10948 6.09793 6.08629 6.0746 6.06292 6.0513 6.03978 6.02843 6.01728 6.00638 5.99576 5.98547 5.97554 5.96599 5.95687 5.94818 5.93996 5.93223 5.92499 5.91826 5.91206 5.90639 5.90127 5.89669 5.89266 5.88919 5.88627 5.88391 5.88212 5.88088 5.88021 
5.87546 5.87594 5.877 5.87865 5.8809 5.88373 5.88716 5.89117 5.89577 5.90095 5.90671 5.91304 5.91992 5.92736 5.93532 5.94381 5.9528 5.96227 5.97219 5.98253 5.99326 6.00436 6.01577 6.02746 6.03939 6.0515 6.06375 6.07609 6.08846 6.10081 6.11308 6.12521 6.13714 6.14883 6.1602 6.1712 6.18179 6.19189 6.20147 6.21046 6.21883 6.22653 6.23352 6.23976 6.24522 6.24987 6.25369 6.25665 6.25874 6.25994 6.26026 6.25969 6.25823 6.2559 6.2527 6.24865 6.24378 6.23811 6.23167 6.2245 6.21664 6.20813 6.19901 6.18934 6.17916 6.16853 6.1575 6.14613 6.13448 6.12261 6.11057 6.09842 6.08622 6.07402 6.06189 6.04986 6.038 6.02634 6.01494 6.00384 5.99308 5.98268 5.97269 5.96314 5.95404 5.94543 5.93732 5.92974 5.92268 5.91618 5.91024 5.90486 5.90005 5.89582 5.89217 5.88911 5.88663 5.88474 5.88344 5.88273 
5.87798 5.87847 5.87957 5.8813 5.88365 5.88662 5.8902 5.8944 5.89921 5.90462 5.91064 5.91725 5.92445 5.93222 5.94055 5.94941 5.9588 5.96868 5.97904 5.98983 6.00103 6.0126 6.0245 6.03669 6.04912 6.06174 6.0745 6.08735 6.10023 6.11308 6.12584 6.13846 6.15087 6.16302 6.17484 6.18627 6.19726 6.20776 6.2177 6.22704 6.23573 6.24372 6.25097 6.25745 6.26311 6.26794 6.27189 6.27496 6.27713 6.27838 6.27871 6.27811 6.2766 6.27418 6.27085 6.26665 6.26159 6.25571 6.24902 6.24158 6.23341 6.22457 6.2151 6.20504 6.19446 6.18341 6.17195 6.16012 6.148 6.13565 6.12312 6.11047 6.09776 6.08506 6.07242 6.05988 6.04752 6.03536 6.02347 6.01189 6.00065 5.9898 5.97937 5.96939 5.95989 5.95089 5.94241 5.93448 5.9271 5.9203 5.91407 5.90844 5.90341 5.89898 5.89516 5.89195 5.88935 5.88737 5.886 5.88525 
5.88048 5.88099 5.88214 5.88394 5.88639 5.88949 5.89322 5.8976 5.90262 5.90827 5.91455 5.92145 5.92895 5.93705 5.94573 5.95497 5.96475 5.97505 5.98583 5.99707 6.00873 6.02078 6.03316 6.04583 6.05876 6.07188 6.08514 6.09849 6.11186 6.12521 6.13846 6.15155 6.16443 6.17703 6.18929 6.20115 6.21255 6.22342 6.23373 6.2434 6.2524 6.26068 6.26819 6.27489 6.28076 6.28575 6.28984 6.29302 6.29526 6.29655 6.29689 6.29627 6.29471 6.29219 6.28875 6.2844 6.27916 6.27306 6.26614 6.25842 6.24996 6.24079 6.23097 6.22055 6.20958 6.19811 6.18622 6.17395 6.16137 6.14854 6.13552 6.12239 6.10919 6.09598 6.08284 6.06981 6.05694 6.0443 6.03192 6.01986 6.00816 5.99686 5.98599 5.97559 5.96568 5.9563 5.94746 5.93918 5.93149 5.92438 5.91789 5.91201 5.90675 5.90212 5.89813 5.89477 5.89206 5.88998 5.88855 5.88777 
5.88296 5.88349 5.88469 5.88656 5.88911 5.89233 5.89622 5.90078 5.906 5.91189 5.91842 5.9256 5.93341 5.94183 5.95086 5.96047 5.97064 5.98134 5.99255 6.00422 6.01633 6.02884 6.04169 6.05485 6.06826 6.08186 6.09562 6.10945 6.12332 6.13714 6.15087 6.16443 6.17777 6.19081 6.2035 6.21577 6.22756 6.23881 6.24946 6.25946 6.26877 6.27732 6.28508 6.29201 6.29807 6.30322 6.30745 6.31073 6.31305 6.31438 6.31473 6.31409 6.31247 6.30987 6.30631 6.30181 6.2964 6.29009 6.28293 6.27496 6.2662 6.25672 6.24656 6.23578 6.22442 6.21256 6.20024 6.18754 6.17451 6.16122 6.14773 6.13411 6.12043 6.10674 6.0931 6.07958 6.06623 6.0531 6.04025 6.02773 6.01557 6.00383 5.99253 5.98171 5.97141 5.96165 5.95245 5.94384 5.93582 5.92843 5.92166 5.91554 5.91006 5.90524 5.90107 5.89757 5.89474 5.89258 5.89109 5.89026 
5.88541 5.88596 5.8872 5.88915 5.89179 5.89514 5.89918 5.90391 5.90934 5.91545 5.92223 5.92968 5.93779 5.94653 5.9559 5.96587 5.97642 5.98752 5.99913 6.01124 6.02379 6.03674 6.05006 6.06368 6.07756 6.09165 6.10588 6.12019 6.13453 6.14883 6.16302 6.17703 6.19081 6.20428 6.21739 6.23005 6.24222 6.25384 6.26483 6.27515 6.28475 6.29357 6.30158 6.30872 6.31497 6.32028 6.32464 6.32802 6.33041 6.33178 6.33214 6.33148 6.3298 6.32713 6.32346 6.31882 6.31323 6.30672 6.29934 6.2911 6.28207 6.27229 6.2618 6.25066 6.23894 6.22668 6.21396 6.20083 6.18736 6.17362 6.15968 6.14559 6.13144 6.11727 6.10315 6.08915 6.07533 6.06173 6.04842 6.03544 6.02284 6.01066 5.99895 5.98773 5.97704 5.9669 5.95736 5.94841 5.94009 5.93241 5.92538 5.91901 5.91332 5.90831 5.90398 5.90034 5.89739 5.89514 5.89358 5.89273 
5.88782 5.88838 5.88967 5.89168 5.89442 5.89789 5.90207 5.90698 5.9126 5.91893 5.92596 5.93368 5.94207 5.95113 5.96083 5.97115 5.98207 5.99355 6.00557 6.01809 6.03106 6.04446 6.05822 6.07229 6.08663 6.10118 6.11588 6.13065 6.14545 6.1602 6.17484 6.18929 6.2035 6.21739 6.23089 6.24394 6.25648 6.26844 6.27977 6.29039 6.30027 6.30936 6.31759 6.32495 6.33137 6.33684 6.34133 6.3448 6.34726 6.34867 6.34904 6.34836 6.34663 6.34388 6.3401 6.33532 6.32957 6.32287 6.31527 6.30679 6.29749 6.28741 6.2766 6.26513 6.25305 6.24041 6.22729 6.21376 6.19987 6.18569 6.17131 6.15677 6.14215 6.12753 6.11295 6.09849 6.0842 6.07015 6.05639 6.04297 6.02993 6.01733 6.00521 5.9936 5.98253 5.97204 5.96215 5.95288 5.94426 5.9363 5.92901 5.92241 5.91651 5.91131 5.90682 5.90304 5.89998 5.89764 5.89603 5.89514 
5.89016 5.89074 5.89207 5.89415 5.89698 5.90057 5.9049 5.90997 5.91578 5.92232 5.92959 5.93757 5.94624 5.9556 5.96562 5.97628 5.98755 5.99941 6.01181 6.02473 6.03812 6.05194 6.06613 6.08064 6.09542 6.11042 6.12556 6.14078 6.15602 6.1712 6.18627 6.20115 6.21577 6.23005 6.24394 6.25737 6.27026 6.28255 6.29419 6.30511 6.31527 6.3246 6.33306 6.34061 6.34721 6.35283 6.35743 6.361 6.36352 6.36497 6.36534 6.36465 6.36288 6.36004 6.35616 6.35125 6.34534 6.33846 6.33065 6.32194 6.31238 6.30202 6.29091 6.27911 6.26668 6.25369 6.24019 6.22626 6.21196 6.19737 6.18256 6.16759 6.15253 6.13746 6.12243 6.10753 6.0928 6.07831 6.06411 6.05026 6.03681 6.02381 6.01129 5.9993 5.98787 5.97703 5.96681 5.95723 5.94832 5.94009 5.93255 5.92572 5.91962 5.91423 5.90959 5.90568 5.90251 5.90009 5.89842 5.89749 
5.89243 5.89302 5.8944 5.89654 5.89947 5.90316 5.90763 5.91286 5.91886 5.92561 5.9331 5.94132 5.95027 5.95992 5.97024 5.98123 5.99284 6.00506 6.01784 6.03114 6.04492 6.05914 6.07375 6.08868 6.10389 6.11931 6.13487 6.15052 6.16618 6.18179 6.19726 6.21255 6.22756 6.24222 6.25648 6.27026 6.28349 6.2961 6.30804 6.31924 6.32965 6.33922 6.34789 6.35564 6.3624 6.36816 6.37288 6.37654 6.37912 6.3806 6.38099 6.38027 6.37845 6.37555 6.37157 6.36654 6.36048 6.35342 6.34541 6.33647 6.32667 6.31604 6.30464 6.29253 6.27977 6.26643 6.25258 6.23827 6.22359 6.2086 6.19337 6.17799 6.16251 6.14701 6.13156 6.11623 6.10107 6.08616 6.07155 6.05729 6.04344 6.03005 6.01715 6.00479 5.99301 5.98184 5.9713 5.96143 5.95223 5.94374 5.93597 5.92892 5.92262 5.91706 5.91227 5.90823 5.90496 5.90246 5.90073 5.89977 
5.89461 5.89522 5.89663 5.89884 5.90185 5.90566 5.91025 5.91564 5.92181 5.92876 5.93647 5.94493 5.95413 5.96406 5.97468 5.98597 5.99791 6.01047 6.0236 6.03727 6.05143 6.06604 6.08104 6.09637 6.11198 6.1278 6.14377 6.15983 6.17589 6.19189 6.20776 6.22342 6.23881 6.25384 6.26844 6.28255 6.2961 6.30902 6.32124 6.33271 6.34336 6.35315 6.36203 6.36995 6.37687 6.38276 6.38759 6.39134 6.39397 6.39549 6.39588 6.39515 6.39329 6.39032 6.38625 6.3811 6.3749 6.36768 6.35947 6.35033 6.34029 6.3294 6.31773 6.30533 6.29226 6.2786 6.2644 6.24973 6.23468 6.21931 6.2037 6.18792 6.17204 6.15614 6.14029 6.12455 6.10899 6.09367 6.07866 6.06402 6.04978 6.03602 6.02276 6.01006 5.99794 5.98645 5.97561 5.96545 5.95599 5.94725 5.93925 5.93199 5.9255 5.91978 5.91484 5.91068 5.90731 5.90473 5.90295 5.90196 
5.8967 5.89732 5.89877 5.90104 5.90413 5.90804 5.91276 5.91829 5.92463 5.93176 5.93967 5.94836 5.95781 5.96799 5.97889 5.99048 6.00274 6.01561 6.02908 6.0431 6.05762 6.07259 6.08795 6.10366 6.11965 6.13586 6.15221 6.16865 6.18509 6.20147 6.2177 6.23373 6.24946 6.26483 6.27977 6.29419 6.30804 6.32124 6.33373 6.34545 6.35633 6.36633 6.3754 6.38349 6.39056 6.39658 6.40151 6.40533 6.40802 6.40957 6.40997 6.40922 6.40732 6.40429 6.40013 6.39487 6.38854 6.38116 6.37278 6.36343 6.35317 6.34205 6.33012 6.31744 6.30409 6.29011 6.27559 6.26059 6.24519 6.22947 6.21349 6.19734 6.18108 6.1648 6.14856 6.13243 6.11649 6.1008 6.08542 6.0704 6.05581 6.04169 6.02809 6.01506 6.00263 5.99084 5.97971 5.96928 5.95956 5.95059 5.94237 5.93492 5.92825 5.92237 5.91729 5.91302 5.90955 5.9069 5.90507 5.90405 
5.89867 5.89931 5.90079 5.90312 5.90628 5.91029 5.91513 5.92079 5.92729 5.93459 5.9427 5.95161 5.96128 5.97171 5.98287 5.99474 6.00728 6.02046 6.03424 6.04858 6.06344 6.07875 6.09446 6.11053 6.12687 6.14344 6.16015 6.17694 6.19374 6.21046 6.22704 6.2434 6.25946 6.27515 6.29039 6.30511 6.31924 6.33271 6.34545 6.35739 6.3685 6.37869 6.38794 6.39619 6.40339 6.40952 6.41455 6.41844 6.42119 6.42277 6.42318 6.42241 6.42048 6.41738 6.41314 6.40778 6.40132 6.3938 6.38526 6.37573 6.36526 6.35392 6.34175 6.32881 6.31518 6.30092 6.28609 6.27078 6.25506 6.239 6.22268 6.20618 6.18957 6.17293 6.15634 6.13985 6.12355 6.1075 6.09177 6.07641 6.06148 6.04703 6.03312 6.01977 6.00705 5.99497 5.98357 5.97289 5.96294 5.95374 5.94532 5.93768 5.93085 5.92482 5.91961 5.91523 5.91168 5.90896 5.90708 5.90603 
5.90051 5.90117 5.90268 5.90506 5.9083 5.91239 5.91734 5.92314 5.92977 5.93725 5.94554 5.95463 5.96452 5.97518 5.98659 5.99871 6.01152 6.02498 6.03906 6.0537 6.06886 6.08449 6.10053 6.11692 6.1336 6.15049 6.16754 6.18466 6.20178 6.21883 6.23573 6.2524 6.26877 6.28475 6.30027 6.31527 6.32965 6.34336 6.35633 6.3685 6.3798 6.39018 6.39958 6.40798 6.41531 6.42155 6.42666 6.43062 6.43341 6.43502 6.43544 6.43466 6.43269 6.42954 6.42523 6.41977 6.4132 6.40555 6.39685 6.38715 6.37649 6.36494 6.35255 6.33938 6.32549 6.31096 6.29586 6.28026 6.26424 6.24787 6.23124 6.21441 6.19748 6.18051 6.16358 6.14676 6.13013 6.11375 6.09769 6.08201 6.06677 6.05201 6.0378 6.02417 6.01117 5.99883 5.98718 5.97626 5.96609 5.95669 5.94807 5.94026 5.93327 5.92711 5.92178 5.9173 5.91366 5.91088 5.90896 5.90789 
5.90223 5.90289 5.90444 5.90686 5.91017 5.91434 5.91939 5.92531 5.93208 5.9397 5.94815 5.95743 5.96752 5.97839 5.99002 6.00238 6.01543 6.02916 6.0435 6.05842 6.07386 6.08978 6.10612 6.12281 6.13979 6.15699 6.17434 6.19176 6.20918 6.22653 6.24372 6.26068 6.27732 6.29357 6.30936 6.3246 6.33922 6.35315 6.36633 6.37869 6.39018 6.40072 6.41028 6.4188 6.42625 6.43259 6.43778 6.44181 6.44464 6.44627 6.4467 6.44591 6.44391 6.44071 6.43633 6.43078 6.42411 6.41633 6.40749 6.39764 6.38681 6.37507 6.36247 6.34909 6.33497 6.3202 6.30484 6.28898 6.27268 6.25603 6.23911 6.22199 6.20475 6.18748 6.17024 6.15312 6.13618 6.1195 6.10315 6.08717 6.07164 6.0566 6.04212 6.02823 6.01497 6.00239 5.99051 5.97937 5.969 5.95941 5.95062 5.94265 5.93552 5.92923 5.92379 5.91921 5.9155 5.91266 5.9107 5.90961 
5.90379 5.90447 5.90604 5.90851 5.91187 5.91613 5.92127 5.92729 5.93418 5.94193 5.95054 5.95999 5.97025 5.98131 5.99314 6.00571 6.019 6.03295 6.04754 6.06271 6.07841 6.09459 6.1112 6.12816 6.14541 6.16289 6.18051 6.19821 6.21591 6.23352 6.25097 6.26819 6.28508 6.30158 6.31759 6.33306 6.34789 6.36203 6.3754 6.38794 6.39958 6.41028 6.41997 6.42862 6.43617 6.44259 6.44786 6.45194 6.45481 6.45647 6.4569 6.4561 6.45407 6.45083 6.44638 6.44076 6.43399 6.42611 6.41714 6.40714 6.39616 6.38425 6.37147 6.35789 6.34357 6.32857 6.31299 6.29688 6.28034 6.26343 6.24625 6.22886 6.21135 6.19381 6.17629 6.1589 6.14169 6.12473 6.1081 6.09186 6.07607 6.06078 6.04605 6.03192 6.01843 6.00563 5.99354 5.98221 5.97165 5.96189 5.95294 5.94483 5.93757 5.93116 5.92563 5.92096 5.91718 5.91429 5.91229 5.91118 
5.9052 5.90589 5.90748 5.90999 5.91341 5.91773 5.92295 5.92906 5.93607 5.94394 5.95269 5.96228 5.9727 5.98393 5.99594 6.0087 6.02219 6.03635 6.05115 6.06655 6.08248 6.0989 6.11574 6.13294 6.15044 6.16816 6.18603 6.20397 6.22191 6.23976 6.25745 6.27489 6.29201 6.30872 6.32495 6.34061 6.35564 6.36995 6.38349 6.39619 6.40798 6.4188 6.42862 6.43737 6.44501 6.45152 6.45684 6.46097 6.46388 6.46556 6.46599 6.46518 6.46313 6.45985 6.45535 6.44966 6.44281 6.43482 6.42575 6.41562 6.4045 6.39244 6.3795 6.36574 6.35124 6.33605 6.32026 6.30394 6.28717 6.27004 6.25262 6.235 6.21725 6.19946 6.1817 6.16406 6.1466 6.12941 6.11254 6.09606 6.08003 6.06452 6.04956 6.03522 6.02153 6.00853 5.99626 5.98475 5.97403 5.96411 5.95503 5.94679 5.93941 5.9329 5.92727 5.92254 5.9187 5.91576 5.91372 5.91259 
5.90644 5.90714 5.90876 5.9113 5.91476 5.91914 5.92443 5.93063 5.93773 5.94571 5.95457 5.96429 5.97485 5.98623 5.9984 6.01133 6.02499 6.03933 6.05432 6.06991 6.08605 6.10267 6.11972 6.13713 6.15484 6.17278 6.19086 6.20901 6.22716 6.24522 6.26311 6.28076 6.29807 6.31497 6.33137 6.34721 6.3624 6.37687 6.39056 6.40339 6.41531 6.42625 6.43617 6.44501 6.45274 6.45931 6.46469 6.46887 6.47181 6.4735 6.47394 6.47312 6.47105 6.46773 6.46318 6.45743 6.45051 6.44244 6.43326 6.42303 6.41179 6.3996 6.38652 6.37261 6.35794 6.34258 6.32661 6.31011 6.29315 6.27582 6.2582 6.24037 6.22241 6.20441 6.18644 6.16858 6.15091 6.1335 6.11642 6.09973 6.08351 6.06779 6.05265 6.03812 6.02425 6.01108 5.99865 5.98699 5.97612 5.96607 5.95686 5.94851 5.94103 5.93443 5.92873 5.92392 5.92003 5.91705 5.91498 5.91384 
5.90751 5.90821 5.90985 5.91242 5.91592 5.92035 5.92571 5.93197 5.93915 5.94723 5.95619 5.96602 5.97669 5.9882 6.0005 6.01357 6.02738 6.04188 6.05703 6.07279 6.08909 6.10589 6.12311 6.14071 6.1586 6.17671 6.19497 6.21331 6.23163 6.24987 6.26794 6.28575 6.30322 6.32028 6.33684 6.35283 6.36816 6.38276 6.39658 6.40952 6.42155 6.43259 6.44259 6.45152 6.45931 6.46594 6.47137 6.47558 6.47855 6.48025 6.4807 6.47987 6.47778 6.47443 6.46985 6.46405 6.45706 6.44892 6.43966 6.42934 6.418 6.40569 6.39249 6.37845 6.36364 6.34814 6.33202 6.31536 6.29824 6.28074 6.26295 6.24494 6.22681 6.20862 6.19047 6.17243 6.15458 6.13699 6.11973 6.10287 6.08647 6.07059 6.05528 6.04059 6.02657 6.01326 6.00069 5.9889 5.97791 5.96774 5.95843 5.94998 5.94242 5.93574 5.92997 5.92511 5.92117 5.91816 5.91607 5.91491 
5.9084 5.90911 5.91076 5.91336 5.91689 5.92136 5.92676 5.93309 5.94033 5.94848 5.95752 5.96744 5.97821 5.98982 6.00223 6.01542 6.02935 6.04398 6.05926 6.07515 6.09159 6.10853 6.1259 6.14364 6.16168 6.17994 6.19835 6.21683 6.23531 6.25369 6.27189 6.28984 6.30745 6.32464 6.34133 6.35743 6.37288 6.38759 6.40151 6.41455 6.42666 6.43778 6.44786 6.45684 6.46469 6.47137 6.47684 6.48108 6.48407 6.48579 6.48623 6.4854 6.48329 6.47992 6.47531 6.46946 6.46243 6.45422 6.4449 6.4345 6.42308 6.41068 6.39738 6.38324 6.36832 6.3527 6.33646 6.31967 6.30241 6.28478 6.26684 6.24869 6.23041 6.21208 6.19378 6.17559 6.15759 6.13986 6.12245 6.10545 6.08891 6.07289 6.05745 6.04263 6.02849 6.01505 6.00237 5.99047 5.97938 5.96913 5.95973 5.9512 5.94356 5.93683 5.93101 5.9261 5.92212 5.91908 5.91697 5.9158 
5.9091 5.90981 5.91148 5.91409 5.91765 5.92215 5.92759 5.93396 5.94126 5.94947 5.95857 5.96856 5.97941 5.99109 6.00359 6.01687 6.03089 6.04561 6.061 6.07699 6.09354 6.11059 6.12807 6.14592 6.16407 6.18245 6.20098 6.21957 6.23815 6.25665 6.27496 6.29302 6.31073 6.32802 6.3448 6.361 6.37654 6.39134 6.40533 6.41844 6.43062 6.44181 6.45194 6.46097 6.46887 6.47558 6.48108 6.48534 6.48835 6.49008 6.49052 6.48969 6.48757 6.48418 6.47954 6.47366 6.46658 6.45834 6.44896 6.4385 6.42702 6.41455 6.40117 6.38695 6.37194 6.35623 6.33989 6.323 6.30565 6.28791 6.26986 6.2516 6.23321 6.21476 6.19635 6.17805 6.15993 6.14208 6.12457 6.10745 6.0908 6.07468 6.05913 6.04422 6.02998 6.01646 6.00369 5.9917 5.98054 5.97021 5.96074 5.95216 5.94447 5.93768 5.93182 5.92688 5.92287 5.91981 5.91768 5.9165 
5.90961 5.91033 5.912 5.91463 5.9182 5.92273 5.92819 5.9346 5.94193 5.95017 5.95932 5.96936 5.98026 5.992 6.00456 6.0179 6.03198 6.04678 6.06223 6.0783 6.09492 6.11205 6.12961 6.14754 6.16577 6.18422 6.20283 6.2215 6.24017 6.25874 6.27713 6.29526 6.31305 6.33041 6.34726 6.36352 6.37912 6.39397 6.40802 6.42119 6.43341 6.44464 6.45481 6.46388 6.47181 6.47855 6.48407 6.48835 6.49136 6.4931 6.49355 6.49271 6.49058 6.48718 6.48252 6.47662 6.46951 6.46123 6.45182 6.44132 6.42979 6.41727 6.40384 6.38956 6.37449 6.35872 6.34231 6.32536 6.30793 6.29011 6.27199 6.25366 6.23518 6.21666 6.19816 6.17978 6.16159 6.14366 6.12607 6.10887 6.09215 6.07595 6.06033 6.04535 6.03104 6.01745 6.00462 5.99258 5.98136 5.97099 5.96148 5.95285 5.94512 5.9383 5.93241 5.92744 5.92342 5.92034 5.9182 5.91701 
5.90992 5.91064 5.91232 5.91496 5.91854 5.92308 5.92856 5.93498 5.94233 5.9506 5.95978 5.96984 5.98077 5.99254 6.00513 6.01851 6.03263 6.04746 6.06296 6.07907 6.09573 6.1129 6.1305 6.14848 6.16675 6.18525 6.2039 6.22262 6.24133 6.25994 6.27838 6.29655 6.31438 6.33178 6.34867 6.36497 6.3806 6.39549 6.40957 6.42277 6.43502 6.44627 6.45647 6.46556 6.4735 6.48025 6.48579 6.49008 6.4931 6.49484 6.49529 6.49444 6.49231 6.4889 6.48423 6.47832 6.4712 6.4629 6.45347 6.44294 6.43138 6.41884 6.40538 6.39106 6.37596 6.36015 6.34371 6.32671 6.30924 6.29138 6.27322 6.25484 6.23632 6.21775 6.19921 6.18079 6.16255 6.14457 6.12694 6.1097 6.09293 6.07669 6.06104 6.04601 6.03167 6.01805 6.00518 5.99311 5.98186 5.97145 5.96192 5.95326 5.94551 5.93868 5.93277 5.92779 5.92375 5.92066 5.91852 5.91733 
