2.0005 2.00078 2.00106 2.00133 2.0016 2.00185 2.00209 2.00231 2.00252 2.00271 2.00289 2.00306 2.00321 2.00335 2.00347 2.00359 2.00371 2.00381 2.00392 2.00403 2.00414 2.00425 2.00438 2.00452 2.00466 2.00483 2.005 2.0052 2.00541 2.00565 2.0059 2.00617 2.00645 2.00676 2.00707 2.0074 2.00773 2.00807 2.00841 2.00874 2.00907 2.00938 2.00968 2.00996 2.01021 2.01044 2.01063 2.01079 2.01091 2.01099 2.01103 2.01103 2.01098 2.0109 2.01078 2.01062 2.01043 2.01021 2.00996 2.00968 2.00939 2.00908 2.00876 2.00843 2.0081 2.00777 2.00744 2.00713 2.00682 2.00653 2.00625 2.00599 2.00575 2.00553 2.00533 2.00516 2.005 2.00487 2.00475 2.00466 2.00459 2.00454 2.00452 2.00452 2.00453 2.00457 2.00464 2.00472 2.00483 2.00496 2.00511 2.00529 2.00548 2.00569 2.00592 2.00617 2.00643 2.0067 2.00698 2.00726 
2.00078 2.00106 2.00134 2.00162 2.00188 2.00213 2.00237 2.00259 2.0028 2.003 2.00317 2.00334 2.00349 2.00363 2.00375 2.00387 2.00398 2.00409 2.0042 2.0043 2.00441 2.00453 2.00465 2.00479 2.00494 2.0051 2.00528 2.00548 2.0057 2.00593 2.00619 2.00646 2.00675 2.00706 2.00738 2.00771 2.00806 2.0084 2.00875 2.00909 2.00943 2.00975 2.01005 2.01034 2.0106 2.01083 2.01103 2.01119 2.01131 2.01139 2.01143 2.01143 2.01139 2.0113 2.01118 2.01102 2.01082 2.01059 2.01033 2.01005 2.00975 2.00943 2.0091 2.00877 2.00843 2.00809 2.00776 2.00744 2.00713 2.00683 2.00655 2.00628 2.00604 2.00582 2.00562 2.00544 2.00528 2.00514 2.00503 2.00494 2.00487 2.00482 2.0048 2.00479 2.00481 2.00485 2.00492 2.005 2.00511 2.00524 2.00539 2.00557 2.00576 2.00598 2.00621 2.00645 2.00671 2.00698 2.00726 2.00754 
2.00106 2.00134 2.00162 2.0019 2.00216 2.00241 2.00265 2.00287 2.00308 2.00328 2.00346 2.00362 2.00377 2.00391 2.00404 2.00416 2.00427 2.00438 2.00449 2.00461 2.00472 2.00485 2.00498 2.00513 2.00529 2.00547 2.00566 2.00588 2.00612 2.00638 2.00666 2.00696 2.00728 2.00762 2.00797 2.00834 2.00871 2.00909 2.00947 2.00985 2.01022 2.01057 2.01091 2.01122 2.01151 2.01176 2.01197 2.01215 2.01228 2.01237 2.01242 2.01241 2.01237 2.01227 2.01213 2.01195 2.01174 2.01148 2.0112 2.01089 2.01056 2.01021 2.00985 2.00948 2.0091 2.00873 2.00837 2.00801 2.00767 2.00735 2.00704 2.00675 2.00648 2.00624 2.00601 2.00582 2.00564 2.00549 2.00537 2.00527 2.00519 2.00513 2.0051 2.00509 2.00511 2.00514 2.00521 2.00529 2.0054 2.00553 2.00568 2.00585 2.00604 2.00626 2.00649 2.00673 2.00699 2.00726 2.00754 2.00782 
2.00133 2.00162 2.0019 2.00217 2.00243 2.00268 2.00292 2.00315 2.00336 2.00355 2.00373 2.0039 2.00405 2.00419 2.00433 2.00445 2.00457 2.00469 2.00481 2.00494 2.00507 2.00521 2.00536 2.00553 2.00572 2.00593 2.00616 2.00641 2.00669 2.00699 2.00732 2.00767 2.00805 2.00844 2.00885 2.00928 2.00972 2.01016 2.01061 2.01104 2.01147 2.01188 2.01227 2.01264 2.01297 2.01326 2.01351 2.01371 2.01386 2.01396 2.01401 2.01401 2.01395 2.01384 2.01367 2.01346 2.01321 2.01291 2.01258 2.01222 2.01183 2.01143 2.01101 2.01058 2.01014 2.00971 2.00929 2.00887 2.00847 2.00809 2.00773 2.00739 2.00708 2.00679 2.00654 2.0063 2.0061 2.00592 2.00577 2.00565 2.00555 2.00548 2.00543 2.00541 2.00542 2.00545 2.0055 2.00558 2.00568 2.00581 2.00596 2.00613 2.00632 2.00653 2.00676 2.00701 2.00726 2.00753 2.00781 2.00809 
2.0016 2.00188 2.00216 2.00243 2.00269 2.00295 2.00319 2.00341 2.00362 2.00382 2.004 2.00417 2.00433 2.00448 2.00462 2.00475 2.00489 2.00502 2.00515 2.0053 2.00545 2.00562 2.0058 2.00601 2.00623 2.00649 2.00677 2.00708 2.00742 2.00779 2.00819 2.00862 2.00908 2.00956 2.01007 2.01059 2.01112 2.01166 2.01219 2.01272 2.01324 2.01374 2.01421 2.01464 2.01504 2.01538 2.01568 2.01592 2.01611 2.01623 2.01628 2.01627 2.0162 2.01606 2.01586 2.01561 2.0153 2.01494 2.01454 2.0141 2.01363 2.01314 2.01263 2.01211 2.01158 2.01106 2.01054 2.01004 2.00955 2.00909 2.00865 2.00824 2.00786 2.00751 2.00719 2.00691 2.00665 2.00643 2.00624 2.00609 2.00596 2.00586 2.0058 2.00576 2.00575 2.00576 2.00581 2.00588 2.00597 2.00609 2.00624 2.0064 2.00659 2.0068 2.00703 2.00727 2.00753 2.0078 2.00807 2.00835 
2.00185 2.00213 2.00241 2.00268 2.00295 2.0032 2.00344 2.00367 2.00388 2.00408 2.00427 2.00444 2.00461 2.00476 2.00491 2.00506 2.00521 2.00536 2.00552 2.00569 2.00588 2.00608 2.00631 2.00657 2.00685 2.00717 2.00752 2.00791 2.00834 2.00881 2.00931 2.00985 2.01043 2.01103 2.01165 2.0123 2.01296 2.01363 2.01429 2.01495 2.01559 2.0162 2.01677 2.01731 2.01779 2.01822 2.01858 2.01888 2.0191 2.01924 2.01931 2.01929 2.0192 2.01902 2.01878 2.01846 2.01808 2.01763 2.01714 2.01659 2.01601 2.0154 2.01477 2.01412 2.01347 2.01282 2.01218 2.01156 2.01095 2.01038 2.00983 2.00932 2.00884 2.0084 2.008 2.00764 2.00732 2.00704 2.0068 2.00659 2.00643 2.00629 2.00619 2.00613 2.0061 2.00609 2.00612 2.00618 2.00626 2.00637 2.00651 2.00667 2.00686 2.00706 2.00729 2.00753 2.00778 2.00805 2.00833 2.00861 
2.00209 2.00237 2.00265 2.00292 2.00319 2.00344 2.00368 2.00391 2.00413 2.00433 2.00453 2.00471 2.00488 2.00505 2.00521 2.00538 2.00555 2.00573 2.00592 2.00613 2.00636 2.00661 2.0069 2.00723 2.00759 2.008 2.00845 2.00894 2.00949 2.01008 2.01072 2.01141 2.01213 2.01289 2.01368 2.01449 2.01532 2.01615 2.01698 2.0178 2.0186 2.01936 2.02007 2.02074 2.02134 2.02186 2.02231 2.02267 2.02294 2.02312 2.02319 2.02317 2.02305 2.02283 2.02252 2.02212 2.02164 2.02109 2.02047 2.01979 2.01906 2.0183 2.01751 2.0167 2.01588 2.01507 2.01427 2.01348 2.01272 2.012 2.01131 2.01066 2.01005 2.0095 2.00899 2.00853 2.00812 2.00776 2.00745 2.00718 2.00695 2.00677 2.00663 2.00653 2.00647 2.00644 2.00645 2.00648 2.00655 2.00665 2.00678 2.00693 2.00711 2.00731 2.00753 2.00777 2.00803 2.00829 2.00857 2.00885 
2.00231 2.00259 2.00287 2.00315 2.00341 2.00367 2.00391 2.00415 2.00437 2.00458 2.00478 2.00497 2.00516 2.00534 2.00552 2.00571 2.00591 2.00612 2.00636 2.00662 2.00691 2.00723 2.0076 2.00801 2.00848 2.009 2.00957 2.01021 2.0109 2.01166 2.01247 2.01334 2.01426 2.01522 2.01621 2.01724 2.01828 2.01932 2.02036 2.02139 2.02238 2.02333 2.02422 2.02504 2.02578 2.02644 2.02699 2.02743 2.02776 2.02797 2.02806 2.02803 2.02787 2.0276 2.02721 2.02671 2.02611 2.02541 2.02464 2.02379 2.02288 2.02193 2.02094 2.01992 2.0189 2.01788 2.01687 2.01588 2.01492 2.01401 2.01313 2.01231 2.01155 2.01084 2.01019 2.00961 2.00908 2.00861 2.00821 2.00786 2.00756 2.00732 2.00712 2.00697 2.00687 2.00681 2.00678 2.0068 2.00685 2.00693 2.00705 2.00719 2.00736 2.00756 2.00777 2.00801 2.00826 2.00852 2.00879 2.00907 
2.00252 2.0028 2.00308 2.00336 2.00362 2.00388 2.00413 2.00437 2.0046 2.00481 2.00502 2.00523 2.00543 2.00563 2.00584 2.00606 2.0063 2.00656 2.00685 2.00717 2.00754 2.00795 2.00842 2.00895 2.00954 2.0102 2.01094 2.01175 2.01263 2.01359 2.01463 2.01572 2.01688 2.01809 2.01935 2.02063 2.02193 2.02324 2.02454 2.02582 2.02705 2.02823 2.02933 2.03035 2.03127 2.03207 2.03275 2.0333 2.0337 2.03396 2.03406 2.03402 2.03382 2.03347 2.03298 2.03236 2.03161 2.03075 2.02978 2.02872 2.02759 2.0264 2.02516 2.02389 2.02261 2.02133 2.02007 2.01883 2.01762 2.01647 2.01537 2.01433 2.01337 2.01247 2.01165 2.0109 2.01023 2.00963 2.0091 2.00865 2.00826 2.00793 2.00767 2.00746 2.00731 2.0072 2.00714 2.00713 2.00715 2.00722 2.00731 2.00744 2.0076 2.00779 2.008 2.00823 2.00847 2.00873 2.009 2.00928 
2.00271 2.003 2.00328 2.00355 2.00382 2.00408 2.00433 2.00458 2.00481 2.00504 2.00526 2.00549 2.00571 2.00594 2.00618 2.00644 2.00673 2.00705 2.00741 2.00781 2.00827 2.0088 2.00939 2.01006 2.01082 2.01166 2.0126 2.01363 2.01475 2.01596 2.01726 2.01864 2.02009 2.02161 2.02318 2.02478 2.0264 2.02803 2.02964 2.03122 2.03275 2.0342 2.03556 2.03682 2.03794 2.03893 2.03976 2.04043 2.04092 2.04123 2.04135 2.04129 2.04104 2.0406 2.04 2.03922 2.03829 2.03722 2.03602 2.03471 2.03331 2.03183 2.0303 2.02872 2.02713 2.02554 2.02396 2.02241 2.02091 2.01947 2.01809 2.01679 2.01557 2.01444 2.0134 2.01245 2.0116 2.01084 2.01017 2.00958 2.00907 2.00865 2.00829 2.00801 2.00779 2.00763 2.00753 2.00747 2.00747 2.0075 2.00758 2.00769 2.00784 2.00801 2.00821 2.00844 2.00868 2.00893 2.0092 2.00948 
2.00289 2.00317 2.00346 2.00373 2.004 2.00427 2.00453 2.00478 2.00502 2.00526 2.00551 2.00575 2.006 2.00626 2.00655 2.00686 2.00721 2.0076 2.00805 2.00856 2.00914 2.0098 2.01055 2.0114 2.01236 2.01342 2.0146 2.0159 2.01731 2.01883 2.02045 2.02218 2.02399 2.02587 2.02782 2.0298 2.03181 2.03382 2.0358 2.03774 2.03961 2.04139 2.04306 2.04459 2.04596 2.04716 2.04817 2.04898 2.04957 2.04994 2.05008 2.05 2.04969 2.04915 2.04841 2.04745 2.04631 2.045 2.04352 2.04191 2.04019 2.03837 2.03648 2.03454 2.03258 2.03061 2.02866 2.02674 2.02488 2.02308 2.02137 2.01974 2.01822 2.01681 2.01551 2.01432 2.01324 2.01228 2.01142 2.01068 2.01003 2.00948 2.00901 2.00863 2.00833 2.00811 2.00794 2.00784 2.00779 2.0078 2.00785 2.00794 2.00807 2.00823 2.00842 2.00863 2.00887 2.00912 2.00938 2.00966 
2.00306 2.00334 2.00362 2.0039 2.00417 2.00444 2.00471 2.00497 2.00523 2.00549 2.00575 2.00602 2.0063 2.00661 2.00695 2.00733 2.00775 2.00824 2.00879 2.00943 2.01016 2.01099 2.01194 2.01301 2.01421 2.01554 2.01702 2.01863 2.02039 2.02228 2.0243 2.02643 2.02867 2.03099 2.03339 2.03582 2.03828 2.04074 2.04316 2.04552 2.0478 2.04996 2.05198 2.05383 2.05549 2.05694 2.05815 2.05912 2.05983 2.06027 2.06044 2.06033 2.05994 2.05929 2.05838 2.05722 2.05583 2.05422 2.05243 2.05047 2.04837 2.04615 2.04384 2.04147 2.03907 2.03666 2.03426 2.03191 2.02962 2.0274 2.02529 2.02328 2.0214 2.01964 2.01802 2.01654 2.0152 2.01399 2.01291 2.01197 2.01115 2.01044 2.00985 2.00935 2.00895 2.00864 2.0084 2.00824 2.00815 2.00811 2.00813 2.00819 2.0083 2.00844 2.00862 2.00882 2.00905 2.00929 2.00955 2.00982 
2.00321 2.00349 2.00377 2.00405 2.00433 2.00461 2.00488 2.00516 2.00543 2.00571 2.006 2.0063 2.00663 2.00699 2.0074 2.00785 2.00838 2.00897 2.00966 2.01046 2.01137 2.01241 2.01359 2.01493 2.01642 2.01808 2.01991 2.02191 2.02408 2.02641 2.02889 2.03151 2.03425 2.03709 2.04001 2.04297 2.04595 2.04893 2.05186 2.05471 2.05746 2.06006 2.06248 2.0647 2.06669 2.06842 2.06988 2.07103 2.07187 2.07239 2.07258 2.07244 2.07197 2.07118 2.07008 2.06868 2.067 2.06507 2.0629 2.06054 2.058 2.05532 2.05252 2.04966 2.04674 2.04381 2.0409 2.03804 2.03524 2.03254 2.02995 2.02749 2.02517 2.02301 2.02101 2.01918 2.01752 2.01602 2.01468 2.0135 2.01246 2.01157 2.01081 2.01018 2.00966 2.00924 2.00892 2.00869 2.00853 2.00844 2.00842 2.00845 2.00853 2.00865 2.00881 2.009 2.00922 2.00945 2.00971 2.00998 
2.00335 2.00363 2.00391 2.00419 2.00448 2.00476 2.00505 2.00534 2.00563 2.00594 2.00626 2.00661 2.00699 2.00742 2.00791 2.00846 2.0091 2.00984 2.01069 2.01168 2.01281 2.0141 2.01556 2.01721 2.01906 2.0211 2.02335 2.02581 2.02846 2.03131 2.03433 2.03752 2.04084 2.04428 2.0478 2.05137 2.05496 2.05853 2.06204 2.06546 2.06873 2.07183 2.07472 2.07736 2.07972 2.08177 2.08349 2.08485 2.08585 2.08645 2.08667 2.08649 2.08592 2.08498 2.08366 2.08198 2.07998 2.07767 2.07509 2.07226 2.06922 2.06601 2.06266 2.05922 2.05572 2.0522 2.04869 2.04523 2.04185 2.03857 2.03543 2.03244 2.02963 2.02699 2.02455 2.0223 2.02026 2.01841 2.01676 2.01529 2.01401 2.0129 2.01194 2.01114 2.01047 2.00993 2.00951 2.00918 2.00895 2.0088 2.00873 2.00872 2.00877 2.00886 2.009 2.00917 2.00938 2.00961 2.00985 2.01012 
2.00347 2.00375 2.00404 2.00433 2.00462 2.00491 2.00521 2.00552 2.00584 2.00618 2.00655 2.00695 2.0074 2.00791 2.00849 2.00916 2.00994 2.01085 2.0119 2.01311 2.0145 2.01609 2.01789 2.01992 2.02218 2.02468 2.02742 2.03041 2.03363 2.03707 2.04072 2.04456 2.04855 2.05268 2.05689 2.06116 2.06544 2.06968 2.07385 2.0779 2.08177 2.08544 2.08884 2.09195 2.09472 2.09713 2.09915 2.10074 2.1019 2.1026 2.10284 2.10263 2.10195 2.10082 2.09926 2.09728 2.09491 2.09218 2.08913 2.08578 2.08218 2.07837 2.07439 2.0703 2.06613 2.06193 2.05774 2.0536 2.04955 2.04562 2.04184 2.03824 2.03484 2.03165 2.02869 2.02596 2.02347 2.02122 2.0192 2.0174 2.01582 2.01445 2.01326 2.01226 2.01142 2.01073 2.01017 2.00974 2.00942 2.0092 2.00907 2.00901 2.00901 2.00908 2.00919 2.00935 2.00954 2.00975 2.00999 2.01025 
2.00359 2.00387 2.00416 2.00445 2.00475 2.00506 2.00538 2.00571 2.00606 2.00644 2.00686 2.00733 2.00785 2.00846 2.00916 2.00998 2.01093 2.01204 2.01332 2.0148 2.0165 2.01844 2.02064 2.0231 2.02584 2.02887 2.03219 2.03579 2.03966 2.04379 2.04816 2.05274 2.0575 2.0624 2.0674 2.07245 2.0775 2.0825 2.08741 2.09216 2.0967 2.10098 2.10496 2.10859 2.11182 2.11462 2.11696 2.1188 2.12014 2.12095 2.12122 2.12096 2.12016 2.11884 2.11701 2.11469 2.11192 2.10872 2.10514 2.10121 2.09698 2.09251 2.08783 2.08301 2.07809 2.07312 2.06816 2.06326 2.05845 2.05377 2.04927 2.04497 2.0409 2.03708 2.03352 2.03023 2.02723 2.0245 2.02205 2.01987 2.01794 2.01625 2.0148 2.01356 2.01251 2.01164 2.01094 2.01038 2.00996 2.00965 2.00944 2.00932 2.00928 2.0093 2.00939 2.00952 2.00969 2.00989 2.01012 2.01037 
2.00371 2.00398 2.00427 2.00457 2.00489 2.00521 2.00555 2.00591 2.0063 2.00673 2.00721 2.00775 2.00838 2.0091 2.00994 2.01093 2.01208 2.01343 2.01499 2.01679 2.01885 2.0212 2.02385 2.02682 2.03012 2.03376 2.03773 2.04203 2.04665 2.05156 2.05674 2.06216 2.06778 2.07355 2.07942 2.08534 2.09125 2.09709 2.10281 2.10833 2.11361 2.11857 2.12318 2.12737 2.1311 2.13432 2.13701 2.13913 2.14066 2.14159 2.14189 2.14157 2.14064 2.13911 2.13698 2.1343 2.13108 2.12737 2.12321 2.11865 2.11374 2.10852 2.10307 2.09744 2.09169 2.08588 2.08006 2.07429 2.06863 2.06312 2.0578 2.05271 2.04788 2.04333 2.03909 2.03517 2.03158 2.02831 2.02536 2.02273 2.0204 2.01835 2.01658 2.01506 2.01377 2.0127 2.01182 2.01111 2.01056 2.01015 2.00985 2.00966 2.00957 2.00955 2.00959 2.00969 2.00984 2.01003 2.01025 2.01049 
2.00381 2.00409 2.00438 2.00469 2.00502 2.00536 2.00573 2.00612 2.00656 2.00705 2.0076 2.00824 2.00897 2.00984 2.01085 2.01204 2.01343 2.01505 2.01693 2.0191 2.02158 2.0244 2.02758 2.03114 2.03507 2.0394 2.04412 2.04921 2.05466 2.06045 2.06655 2.0729 2.07947 2.08621 2.09304 2.09992 2.10678 2.11354 2.12014 2.1265 2.13257 2.13827 2.14355 2.14835 2.15262 2.1563 2.15937 2.16178 2.16352 2.16456 2.1649 2.16452 2.16345 2.16168 2.15924 2.15616 2.15247 2.1482 2.14342 2.13817 2.13251 2.1265 2.1202 2.11369 2.10702 2.10028 2.09351 2.0868 2.08019 2.07374 2.06751 2.06153 2.05585 2.05049 2.04549 2.04084 2.03658 2.03269 2.02917 2.02603 2.02323 2.02078 2.01864 2.0168 2.01523 2.01392 2.01283 2.01195 2.01125 2.01071 2.01032 2.01005 2.00988 2.00981 2.00981 2.00988 2.01 2.01017 2.01037 2.0106 
2.00392 2.0042 2.00449 2.00481 2.00515 2.00552 2.00592 2.00636 2.00685 2.00741 2.00805 2.00879 2.00966 2.01069 2.0119 2.01332 2.01499 2.01693 2.01918 2.02178 2.02474 2.0281 2.03188 2.0361 2.04076 2.04587 2.05142 2.0574 2.06378 2.07055 2.07765 2.08504 2.09266 2.10045 2.10834 2.11626 2.12414 2.13189 2.13944 2.14671 2.15363 2.16012 2.16612 2.17156 2.17639 2.18056 2.18403 2.18675 2.18871 2.18987 2.19024 2.18981 2.18858 2.18657 2.18379 2.18029 2.17609 2.17124 2.16579 2.1598 2.15334 2.14647 2.13926 2.13179 2.12414 2.11638 2.10858 2.10083 2.09318 2.08571 2.07847 2.07151 2.06488 2.05862 2.05275 2.0473 2.04228 2.03769 2.03354 2.02981 2.02649 2.02356 2.021 2.0188 2.01691 2.01532 2.01399 2.01291 2.01204 2.01136 2.01084 2.01048 2.01023 2.01009 2.01004 2.01007 2.01016 2.01031 2.01049 2.01072 
2.00403 2.0043 2.00461 2.00494 2.0053 2.00569 2.00613 2.00662 2.00717 2.00781 2.00856 2.00943 2.01046 2.01168 2.01311 2.0148 2.01679 2.0191 2.02178 2.02486 2.02837 2.03234 2.0368 2.04176 2.04722 2.0532 2.05968 2.06665 2.07406 2.0819 2.0901 2.09862 2.10738 2.11631 2.12534 2.13438 2.14335 2.15216 2.16073 2.16896 2.17678 2.1841 2.19086 2.19698 2.2024 2.20708 2.21096 2.214 2.21618 2.21748 2.21788 2.21739 2.216 2.21373 2.2106 2.20666 2.20192 2.19646 2.19031 2.18354 2.17623 2.16845 2.16027 2.15179 2.14307 2.13422 2.12531 2.11643 2.10766 2.09907 2.09072 2.08269 2.07502 2.06776 2.06094 2.05459 2.04873 2.04336 2.03849 2.0341 2.03019 2.02673 2.0237 2.02108 2.01882 2.01692 2.01532 2.014 2.01294 2.01209 2.01144 2.01096 2.01062 2.01041 2.0103 2.01028 2.01034 2.01046 2.01062 2.01083 
2.00414 2.00441 2.00472 2.00507 2.00545 2.00588 2.00636 2.00691 2.00754 2.00827 2.00914 2.01016 2.01137 2.01281 2.0145 2.0165 2.01885 2.02158 2.02474 2.02837 2.03249 2.03715 2.04237 2.04815 2.05452 2.06146 2.06896 2.077 2.08554 2.09454 2.10394 2.11367 2.12366 2.13382 2.14406 2.15429 2.16442 2.17435 2.18398 2.19322 2.20197 2.21016 2.2177 2.22452 2.23056 2.23576 2.24006 2.24344 2.24585 2.24728 2.24772 2.24716 2.2456 2.24307 2.23958 2.23518 2.2299 2.22379 2.21692 2.20934 2.20115 2.19241 2.18321 2.17365 2.16382 2.1538 2.14371 2.13363 2.12365 2.11385 2.10431 2.09512 2.08631 2.07796 2.0701 2.06276 2.05597 2.04974 2.04407 2.03895 2.03438 2.03032 2.02676 2.02366 2.021 2.01873 2.01682 2.01524 2.01395 2.01292 2.01211 2.0115 2.01106 2.01076 2.01058 2.01051 2.01053 2.01061 2.01076 2.01095 
2.00425 2.00453 2.00485 2.00521 2.00562 2.00608 2.00661 2.00723 2.00795 2.0088 2.0098 2.01099 2.01241 2.0141 2.01609 2.01844 2.0212 2.0244 2.0281 2.03234 2.03715 2.04257 2.04862 2.05532 2.06267 2.07066 2.07928 2.08849 2.09825 2.1085 2.11918 2.13021 2.1415 2.15295 2.16447 2.17596 2.1873 2.19839 2.20912 2.2194 2.22912 2.2382 2.24654 2.25408 2.26074 2.26647 2.27121 2.27492 2.27757 2.27913 2.2796 2.27897 2.27725 2.27445 2.2706 2.26573 2.25989 2.25313 2.24551 2.23711 2.228 2.21827 2.20802 2.19734 2.18633 2.1751 2.16376 2.15241 2.14114 2.13006 2.11925 2.1088 2.09877 2.08924 2.08025 2.07183 2.06403 2.05685 2.0503 2.04438 2.03907 2.03435 2.0302 2.02658 2.02345 2.02078 2.01853 2.01665 2.0151 2.01386 2.01287 2.01211 2.01155 2.01115 2.0109 2.01077 2.01073 2.01078 2.0109 2.01108 
2.00438 2.00465 2.00498 2.00536 2.0058 2.00631 2.0069 2.0076 2.00842 2.00939 2.01055 2.01194 2.01359 2.01556 2.01789 2.02064 2.02385 2.02758 2.03188 2.0368 2.04237 2.04862 2.05559 2.06328 2.0717 2.08083 2.09065 2.10111 2.11217 2.12376 2.1358 2.1482 2.16086 2.17367 2.18653 2.19931 2.2119 2.22419 2.23606 2.24739 2.2581 2.26807 2.27723 2.28549 2.29277 2.29903 2.3042 2.30824 2.31112 2.31282 2.31333 2.31263 2.31075 2.30768 2.30346 2.29813 2.29173 2.28431 2.27594 2.2667 2.25666 2.24592 2.23459 2.22276 2.21054 2.19805 2.18541 2.17272 2.16011 2.14767 2.13552 2.12373 2.11241 2.10161 2.0914 2.08182 2.07292 2.06471 2.05721 2.05041 2.04429 2.03885 2.03404 2.02984 2.0262 2.02308 2.02043 2.01822 2.01639 2.01491 2.01372 2.0128 2.0121 2.01159 2.01125 2.01104 2.01096 2.01097 2.01106 2.01121 
2.00452 2.00479 2.00513 2.00553 2.00601 2.00657 2.00723 2.00801 2.00895 2.01006 2.0114 2.01301 2.01493 2.01721 2.01992 2.0231 2.02682 2.03114 2.0361 2.04176 2.04815 2.05532 2.06328 2.07205 2.08162 2.09197 2.10307 2.11487 2.12731 2.1403 2.15377 2.1676 2.18168 2.1959 2.21013 2.22424 2.23811 2.25161 2.26462 2.27703 2.28872 2.29959 2.30955 2.31852 2.32642 2.3332 2.33879 2.34316 2.34628 2.34811 2.34865 2.34789 2.34584 2.34252 2.33794 2.33215 2.3252 2.31713 2.30801 2.29793 2.28697 2.27522 2.26279 2.24979 2.23634 2.22256 2.20858 2.19452 2.1805 2.16665 2.15308 2.1399 2.12719 2.11505 2.10355 2.09273 2.08265 2.07334 2.0648 2.05704 2.05005 2.04381 2.03829 2.03345 2.02925 2.02564 2.02256 2.01998 2.01784 2.01608 2.01467 2.01356 2.01271 2.01208 2.01164 2.01135 2.0112 2.01117 2.01122 2.01136 
2.00466 2.00494 2.00529 2.00572 2.00623 2.00685 2.00759 2.00848 2.00954 2.01082 2.01236 2.01421 2.01642 2.01906 2.02218 2.02584 2.03012 2.03507 2.04076 2.04722 2.05452 2.06267 2.0717 2.08162 2.09241 2.10406 2.11651 2.12972 2.1436 2.15806 2.17301 2.18832 2.20386 2.21952 2.23515 2.25061 2.26576 2.28048 2.29463 2.3081 2.32076 2.33251 2.34326 2.35293 2.36143 2.36871 2.37472 2.3794 2.38274 2.3847 2.38527 2.38445 2.38225 2.37868 2.37376 2.36753 2.36004 2.35134 2.3415 2.33059 2.31871 2.30596 2.29244 2.27827 2.26357 2.24849 2.23314 2.21768 2.20222 2.18692 2.17188 2.15724 2.14309 2.12954 2.11667 2.10454 2.09321 2.08272 2.07307 2.06429 2.05636 2.04926 2.04297 2.03743 2.03261 2.02846 2.02492 2.02193 2.01944 2.01739 2.01573 2.01441 2.01339 2.01262 2.01207 2.0117 2.01148 2.01139 2.01141 2.01152 
2.00483 2.0051 2.00547 2.00593 2.00649 2.00717 2.008 2.009 2.0102 2.01166 2.01342 2.01554 2.01808 2.0211 2.02468 2.02887 2.03376 2.0394 2.04587 2.0532 2.06146 2.07066 2.08083 2.09197 2.10406 2.11707 2.13094 2.14561 2.16099 2.17697 2.19343 2.21025 2.22729 2.24439 2.26143 2.27823 2.29467 2.31059 2.32587 2.34037 2.35397 2.36658 2.37809 2.38842 2.3975 2.40526 2.41165 2.41664 2.42018 2.42226 2.42287 2.422 2.41965 2.41585 2.4106 2.40396 2.39596 2.38666 2.37612 2.36442 2.35165 2.33791 2.32332 2.308 2.29207 2.27568 2.25897 2.24208 2.22517 2.20837 2.19183 2.17568 2.16005 2.14503 2.13073 2.11723 2.10458 2.09284 2.08202 2.07215 2.06321 2.05519 2.04806 2.04178 2.0363 2.03156 2.0275 2.02407 2.0212 2.01883 2.0169 2.01536 2.01415 2.01322 2.01255 2.01208 2.01178 2.01163 2.01161 2.0117 
2.005 2.00528 2.00566 2.00616 2.00677 2.00752 2.00845 2.00957 2.01094 2.0126 2.0146 2.01702 2.01991 2.02335 2.02742 2.03219 2.03773 2.04412 2.05142 2.05968 2.06896 2.07928 2.09065 2.10307 2.11651 2.13094 2.14629 2.16247 2.17938 2.19691 2.21492 2.23326 2.25179 2.27035 2.28878 2.30692 2.32461 2.34171 2.35807 2.37357 2.38808 2.4015 2.41373 2.42468 2.4343 2.4425 2.44926 2.45452 2.45826 2.46045 2.46109 2.46017 2.4577 2.45368 2.44814 2.44111 2.43264 2.42277 2.41158 2.39912 2.38551 2.37083 2.3552 2.33875 2.32162 2.30394 2.28587 2.26756 2.24918 2.23088 2.21282 2.19514 2.17797 2.16145 2.14567 2.13073 2.11671 2.10366 2.09161 2.08059 2.07058 2.06159 2.05357 2.04649 2.0403 2.03493 2.03032 2.02641 2.02313 2.0204 2.01818 2.01639 2.01497 2.01388 2.01307 2.01249 2.01211 2.0119 2.01184 2.0119 
2.0052 2.00548 2.00588 2.00641 2.00708 2.00791 2.00894 2.01021 2.01175 2.01363 2.0159 2.01863 2.02191 2.02581 2.03041 2.03579 2.04203 2.04921 2.0574 2.06665 2.077 2.08849 2.10111 2.11487 2.12972 2.14561 2.16247 2.18019 2.19867 2.21776 2.23732 2.25719 2.27721 2.2972 2.317 2.33643 2.35534 2.37357 2.39097 2.40741 2.42277 2.43694 2.44984 2.46137 2.47148 2.48009 2.48717 2.49269 2.4966 2.4989 2.49958 2.49861 2.49603 2.49182 2.48602 2.47865 2.46974 2.45936 2.44756 2.43441 2.42 2.40443 2.38782 2.37029 2.35198 2.33305 2.31365 2.29394 2.27411 2.25431 2.23471 2.21548 2.19676 2.1787 2.16141 2.145 2.12955 2.11514 2.10181 2.08958 2.07846 2.06844 2.05948 2.05155 2.0446 2.03856 2.03336 2.02894 2.02521 2.02211 2.01957 2.01751 2.01587 2.0146 2.01364 2.01295 2.01248 2.0122 2.01208 2.01211 
2.00541 2.0057 2.00612 2.00669 2.00742 2.00834 2.00949 2.0109 2.01263 2.01475 2.01731 2.02039 2.02408 2.02846 2.03363 2.03966 2.04665 2.05466 2.06378 2.07406 2.08554 2.09825 2.11217 2.12731 2.1436 2.16099 2.17938 2.19867 2.21871 2.23937 2.26048 2.28186 2.30334 2.32473 2.34585 2.36653 2.3866 2.40589 2.42426 2.44158 2.45773 2.4726 2.48609 2.49815 2.50869 2.51767 2.52504 2.53077 2.53485 2.53724 2.53794 2.53695 2.53427 2.5299 2.52387 2.5162 2.50692 2.49608 2.48373 2.46994 2.45481 2.43842 2.42088 2.40233 2.38292 2.36278 2.34209 2.32102 2.29976 2.27848 2.25736 2.23658 2.2163 2.19667 2.17785 2.15993 2.14304 2.12723 2.11257 2.09909 2.0868 2.07571 2.06577 2.05695 2.0492 2.04245 2.03663 2.03166 2.02746 2.02396 2.02107 2.01872 2.01685 2.01538 2.01426 2.01344 2.01287 2.01252 2.01235 2.01234 
2.00565 2.00593 2.00638 2.00699 2.00779 2.00881 2.01008 2.01166 2.01359 2.01596 2.01883 2.02228 2.02641 2.03131 2.03707 2.04379 2.05156 2.06045 2.07055 2.0819 2.09454 2.1085 2.12376 2.1403 2.15806 2.17697 2.19691 2.21776 2.23937 2.26158 2.28421 2.30706 2.32996 2.3527 2.37509 2.39695 2.4181 2.43839 2.45766 2.47578 2.49263 2.50812 2.52215 2.53466 2.54558 2.55487 2.56249 2.56842 2.57262 2.5751 2.57583 2.57482 2.57206 2.56756 2.56134 2.55342 2.54382 2.53258 2.51976 2.50541 2.48962 2.47248 2.45411 2.43461 2.41415 2.39288 2.37096 2.34858 2.32593 2.3032 2.28058 2.25827 2.23644 2.21526 2.19488 2.17545 2.15707 2.13984 2.12382 2.10906 2.09557 2.08336 2.0724 2.06266 2.05407 2.04658 2.0401 2.03455 2.02986 2.02593 2.02268 2.02003 2.0179 2.01622 2.01493 2.01397 2.0133 2.01286 2.01264 2.01259 
2.0059 2.00619 2.00666 2.00732 2.00819 2.00931 2.01072 2.01247 2.01463 2.01726 2.02045 2.0243 2.02889 2.03433 2.04072 2.04816 2.05674 2.06655 2.07765 2.0901 2.10394 2.11918 2.1358 2.15377 2.17301 2.19343 2.21492 2.23732 2.26048 2.28421 2.30831 2.3326 2.35685 2.38087 2.40446 2.42742 2.44958 2.47078 2.49086 2.5097 2.52718 2.5432 2.55769 2.57058 2.58182 2.59137 2.59919 2.60527 2.60959 2.61213 2.61289 2.61187 2.60906 2.60446 2.5981 2.58997 2.58011 2.56855 2.55532 2.5405 2.52414 2.50634 2.4872 2.46685 2.44542 2.42309 2.40002 2.37639 2.35241 2.32829 2.30421 2.28039 2.25703 2.23431 2.21239 2.19143 2.17157 2.15289 2.13549 2.11942 2.10471 2.09135 2.07934 2.06864 2.05919 2.05092 2.04376 2.03761 2.0324 2.02802 2.02438 2.02141 2.01901 2.01711 2.01564 2.01454 2.01375 2.01323 2.01295 2.01287 
2.00617 2.00646 2.00696 2.00767 2.00862 2.00985 2.01141 2.01334 2.01572 2.01864 2.02218 2.02643 2.03151 2.03752 2.04456 2.05274 2.06216 2.0729 2.08504 2.09862 2.11367 2.13021 2.1482 2.1676 2.18832 2.21025 2.23326 2.25719 2.28186 2.30706 2.3326 2.35824 2.38379 2.40901 2.43371 2.45769 2.48077 2.50278 2.52357 2.54303 2.56105 2.57752 2.59239 2.60559 2.61708 2.62683 2.63481 2.64101 2.64541 2.64801 2.6488 2.64777 2.64493 2.64027 2.6338 2.62553 2.61548 2.60366 2.59011 2.57489 2.55805 2.53968 2.51987 2.49876 2.47646 2.45316 2.42901 2.40422 2.37899 2.35352 2.32804 2.30277 2.27791 2.25367 2.23023 2.20776 2.18641 2.16629 2.1475 2.13011 2.11415 2.09963 2.08655 2.07486 2.06452 2.05545 2.04758 2.04082 2.03506 2.03021 2.02618 2.02287 2.02019 2.01806 2.0164 2.01514 2.01424 2.01363 2.01328 2.01316 
2.00645 2.00675 2.00728 2.00805 2.00908 2.01043 2.01213 2.01426 2.01688 2.02009 2.02399 2.02867 2.03425 2.04084 2.04855 2.0575 2.06778 2.07947 2.09266 2.10738 2.12366 2.1415 2.16086 2.18168 2.20386 2.22729 2.25179 2.27721 2.30334 2.32996 2.35685 2.38379 2.41054 2.43688 2.46259 2.48749 2.51138 2.53411 2.55553 2.57551 2.59397 2.61081 2.62597 2.63941 2.65109 2.66098 2.66907 2.67535 2.67982 2.68246 2.68327 2.68225 2.6794 2.67471 2.66818 2.65982 2.64963 2.63762 2.62384 2.6083 2.59108 2.57223 2.55186 2.53007 2.50701 2.48283 2.45771 2.43183 2.40542 2.3787 2.35189 2.32522 2.29891 2.2732 2.24827 2.22431 2.20149 2.17994 2.15976 2.14104 2.12383 2.10813 2.09396 2.08128 2.07003 2.06015 2.05155 2.04414 2.03783 2.0325 2.02806 2.0244 2.02142 2.01905 2.01719 2.01578 2.01475 2.01404 2.01363 2.01346 
2.00676 2.00706 2.00762 2.00844 2.00956 2.01103 2.01289 2.01522 2.01809 2.02161 2.02587 2.03099 2.03709 2.04428 2.05268 2.0624 2.07355 2.08621 2.10045 2.11631 2.13382 2.15295 2.17367 2.1959 2.21952 2.24439 2.27035 2.2972 2.32473 2.3527 2.38087 2.40901 2.43688 2.46424 2.49087 2.51659 2.54119 2.56453 2.58647 2.60688 2.62568 2.6428 2.65818 2.67178 2.68358 2.69356 2.70172 2.70805 2.71255 2.71521 2.71605 2.71505 2.71221 2.70752 2.70097 2.69257 2.68231 2.67019 2.65624 2.64048 2.62296 2.60374 2.5829 2.56055 2.53682 2.51187 2.48586 2.45901 2.43151 2.40361 2.37554 2.34754 2.31986 2.29272 2.26634 2.24094 2.21667 2.19371 2.17216 2.15212 2.13366 2.11679 2.10153 2.08784 2.07567 2.06497 2.05563 2.04757 2.04069 2.03486 2.03 2.02598 2.0227 2.02008 2.01802 2.01644 2.01528 2.01448 2.01399 2.01379 
2.00707 2.00738 2.00797 2.00885 2.01007 2.01165 2.01368 2.01621 2.01935 2.02318 2.02782 2.03339 2.04001 2.0478 2.05689 2.0674 2.07942 2.09304 2.10834 2.12534 2.14406 2.16447 2.18653 2.21013 2.23515 2.26143 2.28878 2.317 2.34585 2.37509 2.40446 2.43371 2.46259 2.49087 2.51833 2.54475 2.56997 2.59381 2.61616 2.63691 2.65597 2.67328 2.68879 2.70249 2.71434 2.72436 2.73254 2.73889 2.7434 2.74608 2.74694 2.74596 2.74315 2.73849 2.73197 2.72357 2.7133 2.70114 2.6871 2.6712 2.65348 2.63397 2.61277 2.58996 2.56566 2.54004 2.51326 2.48552 2.45704 2.42806 2.39881 2.36957 2.34057 2.31208 2.28431 2.2575 2.23184 2.20749 2.1846 2.16326 2.14356 2.12553 2.10918 2.09448 2.0814 2.06986 2.05979 2.05107 2.04361 2.03729 2.03199 2.0276 2.02402 2.02114 2.01887 2.01713 2.01583 2.01493 2.01438 2.01413 
2.0074 2.00771 2.00834 2.00928 2.01059 2.0123 2.01449 2.01724 2.02063 2.02478 2.0298 2.03582 2.04297 2.05137 2.06116 2.07245 2.08534 2.09992 2.11626 2.13438 2.15429 2.17596 2.19931 2.22424 2.25061 2.27823 2.30692 2.33643 2.36653 2.39695 2.42742 2.45769 2.48749 2.51659 2.54475 2.57178 2.5975 2.62176 2.64443 2.66541 2.68464 2.70206 2.71764 2.73136 2.74322 2.75322 2.76138 2.76771 2.77221 2.7749 2.77577 2.77483 2.77207 2.76746 2.761 2.75266 2.74243 2.73029 2.71624 2.70028 2.68243 2.66274 2.64126 2.61809 2.59333 2.56715 2.53969 2.51118 2.48181 2.45184 2.42152 2.39111 2.36089 2.3311 2.30202 2.27386 2.24685 2.22117 2.19697 2.17437 2.15345 2.13427 2.11684 2.10116 2.08716 2.0748 2.06398 2.05461 2.04657 2.03974 2.03401 2.02926 2.02536 2.02223 2.01974 2.01783 2.0164 2.0154 2.01477 2.01447 
2.00773 2.00806 2.00871 2.00972 2.01112 2.01296 2.01532 2.01828 2.02193 2.0264 2.03181 2.03828 2.04595 2.05496 2.06544 2.0775 2.09125 2.10678 2.12414 2.14335 2.16442 2.1873 2.2119 2.23811 2.26576 2.29467 2.32461 2.35534 2.3866 2.4181 2.44958 2.48077 2.51138 2.54119 2.56997 2.5975 2.62363 2.6482 2.67109 2.69223 2.71155 2.729 2.74457 2.75826 2.77007 2.78002 2.78813 2.79441 2.79888 2.80156 2.80245 2.80155 2.79884 2.79432 2.78795 2.77971 2.76957 2.7575 2.7435 2.72755 2.70966 2.68986 2.66821 2.64477 2.61965 2.593 2.56498 2.53578 2.50563 2.47478 2.44347 2.412 2.38063 2.34964 2.31931 2.28988 2.26158 2.23462 2.20915 2.18533 2.16323 2.14294 2.12446 2.1078 2.09291 2.07973 2.06818 2.05815 2.04954 2.04221 2.03605 2.03092 2.02672 2.02332 2.02063 2.01854 2.01698 2.01587 2.01517 2.01483 
2.00807 2.0084 2.00909 2.01016 2.01166 2.01363 2.01615 2.01932 2.02324 2.02803 2.03382 2.04074 2.04893 2.05853 2.06968 2.0825 2.09709 2.11354 2.13189 2.15216 2.17435 2.19839 2.22419 2.25161 2.28048 2.31059 2.34171 2.37357 2.40589 2.43839 2.47078 2.50278 2.53411 2.56453 2.59381 2.62176 2.6482 2.67299 2.69603 2.71724 2.73657 2.754 2.76951 2.78311 2.79482 2.80468 2.8127 2.81891 2.82334 2.826 2.82691 2.82605 2.82342 2.81899 2.81274 2.80462 2.79462 2.78268 2.76878 2.75291 2.73505 2.71522 2.69347 2.66985 2.64447 2.61745 2.58896 2.55918 2.52835 2.4967 2.46452 2.43207 2.39965 2.36755 2.33605 2.30542 2.2759 2.24772 2.22105 2.19605 2.17282 2.15144 2.13195 2.11434 2.09858 2.0846 2.07233 2.06167 2.05249 2.04467 2.03808 2.03259 2.02807 2.02442 2.02151 2.01925 2.01756 2.01635 2.01557 2.01519 
2.00841 2.00875 2.00947 2.01061 2.01219 2.01429 2.01698 2.02036 2.02454 2.02964 2.0358 2.04316 2.05186 2.06204 2.07385 2.08741 2.10281 2.12014 2.13944 2.16073 2.18398 2.20912 2.23606 2.26462 2.29463 2.32587 2.35807 2.39097 2.42426 2.45766 2.49086 2.52357 2.55553 2.58647 2.61616 2.64443 2.67109 2.69603 2.71914 2.74036 2.75964 2.77698 2.79237 2.80585 2.81743 2.82716 2.83507 2.84119 2.84556 2.8482 2.84912 2.8483 2.84575 2.84144 2.83533 2.82737 2.81753 2.80576 2.79202 2.77627 2.7585 2.73872 2.71694 2.69322 2.66765 2.64036 2.61148 2.58123 2.54981 2.51747 2.48449 2.45117 2.41779 2.38466 2.35209 2.32034 2.28968 2.26035 2.23254 2.20643 2.18212 2.15971 2.13924 2.12071 2.10411 2.08937 2.0764 2.06512 2.05538 2.04708 2.04007 2.03423 2.02941 2.0255 2.02239 2.01996 2.01813 2.01682 2.01598 2.01555 
2.00874 2.00909 2.00985 2.01104 2.01272 2.01495 2.0178 2.02139 2.02582 2.03122 2.03774 2.04552 2.05471 2.06546 2.0779 2.09216 2.10833 2.1265 2.14671 2.16896 2.19322 2.2194 2.24739 2.27703 2.3081 2.34037 2.37357 2.40741 2.44158 2.47578 2.5097 2.54303 2.57551 2.60688 2.63691 2.66541 2.69223 2.71724 2.74036 2.76152 2.78071 2.79791 2.81316 2.82647 2.83788 2.84746 2.85524 2.86126 2.86556 2.86817 2.86909 2.86833 2.86587 2.86168 2.85572 2.84795 2.8383 2.82673 2.81317 2.7976 2.77997 2.76028 2.73854 2.71479 2.68911 2.66161 2.63244 2.60179 2.56988 2.53694 2.50327 2.46916 2.43492 2.40087 2.3673 2.33452 2.30281 2.2724 2.24353 2.21636 2.19104 2.16765 2.14625 2.12686 2.10946 2.09398 2.08035 2.06846 2.0582 2.04943 2.04202 2.03583 2.03072 2.02657 2.02325 2.02066 2.0187 2.01729 2.01638 2.01591 
2.00907 2.00943 2.01022 2.01147 2.01324 2.01559 2.0186 2.02238 2.02705 2.03275 2.03961 2.0478 2.05746 2.06873 2.08177 2.0967 2.11361 2.13257 2.15363 2.17678 2.20197 2.22912 2.2581 2.28872 2.32076 2.35397 2.38808 2.42277 2.45773 2.49263 2.52718 2.56105 2.59397 2.62568 2.65597 2.68464 2.71155 2.73657 2.75964 2.78071 2.79976 2.81679 2.83185 2.84497 2.85621 2.86562 2.87325 2.87916 2.88339 2.88596 2.88689 2.88618 2.88381 2.87975 2.87395 2.86637 2.85693 2.84558 2.83224 2.81687 2.79942 2.77987 2.75821 2.73449 2.70876 2.68113 2.65175 2.62078 2.58845 2.55501 2.52074 2.48594 2.45092 2.41603 2.38156 2.34784 2.31516 2.28377 2.25391 2.22577 2.1995 2.17519 2.15293 2.13272 2.11455 2.09838 2.08412 2.07166 2.0609 2.05169 2.04389 2.03737 2.03198 2.02759 2.02408 2.02133 2.01925 2.01775 2.01677 2.01625 
2.00938 2.00975 2.01057 2.01188 2.01374 2.0162 2.01936 2.02333 2.02823 2.0342 2.04139 2.04996 2.06006 2.07183 2.08544 2.10098 2.11857 2.13827 2.16012 2.1841 2.21016 2.2382 2.26807 2.29959 2.33251 2.36658 2.4015 2.43694 2.4726 2.50812 2.5432 2.57752 2.61081 2.6428 2.67328 2.70206 2.729 2.754 2.77698 2.79791 2.81679 2.83364 2.8485 2.86142 2.87246 2.88169 2.88917 2.89496 2.89911 2.90164 2.90258 2.90192 2.89964 2.89571 2.89008 2.8827 2.87348 2.86236 2.84925 2.8341 2.81686 2.79747 2.77594 2.75229 2.72656 2.69886 2.66931 2.6381 2.60543 2.57156 2.53677 2.50137 2.46568 2.43004 2.39477 2.36021 2.32664 2.29436 2.26359 2.23455 2.2074 2.18226 2.15919 2.13822 2.11935 2.10253 2.08768 2.07469 2.06345 2.05383 2.04567 2.03884 2.03318 2.02857 2.02487 2.02197 2.01977 2.01818 2.01714 2.01659 
2.00968 2.01005 2.01091 2.01227 2.01421 2.01677 2.02007 2.02422 2.02933 2.03556 2.04306 2.05198 2.06248 2.07472 2.08884 2.10496 2.12318 2.14355 2.16612 2.19086 2.2177 2.24654 2.27723 2.30955 2.34326 2.37809 2.41373 2.44984 2.48609 2.52215 2.55769 2.59239 2.62597 2.65818 2.68879 2.71764 2.74457 2.76951 2.79237 2.81316 2.83185 2.8485 2.86314 2.87585 2.8867 2.89575 2.90308 2.90875 2.91282 2.91531 2.91625 2.91563 2.91345 2.90965 2.90419 2.897 2.888 2.87711 2.86424 2.84933 2.8323 2.8131 2.79172 2.76816 2.74248 2.71474 2.68509 2.65369 2.62076 2.58653 2.55131 2.51539 2.47911 2.44281 2.40683 2.3715 2.33715 2.30406 2.27248 2.24264 2.21469 2.18878 2.16497 2.14331 2.12379 2.10638 2.09098 2.07751 2.06583 2.05582 2.04733 2.04021 2.0343 2.02949 2.02562 2.02258 2.02027 2.0186 2.01749 2.0169 
2.00996 2.01034 2.01122 2.01264 2.01464 2.01731 2.02074 2.02504 2.03035 2.03682 2.04459 2.05383 2.0647 2.07736 2.09195 2.10859 2.12737 2.14835 2.17156 2.19698 2.22452 2.25408 2.28549 2.31852 2.35293 2.38842 2.42468 2.46137 2.49815 2.53466 2.57058 2.60559 2.63941 2.67178 2.70249 2.73136 2.75826 2.78311 2.80585 2.82647 2.84497 2.86142 2.87585 2.88836 2.89901 2.90788 2.91507 2.92062 2.92461 2.92706 2.928 2.92743 2.92533 2.92166 2.91636 2.90935 2.90057 2.8899 2.87727 2.86259 2.84577 2.82677 2.80555 2.78212 2.75649 2.72877 2.69905 2.66751 2.63436 2.59985 2.56425 2.5279 2.49111 2.45424 2.41764 2.38166 2.34661 2.31281 2.28051 2.24994 2.22128 2.19468 2.17022 2.14794 2.12784 2.10988 2.09399 2.08008 2.06801 2.05765 2.04885 2.04146 2.03534 2.03033 2.0263 2.02314 2.02073 2.01898 2.01782 2.0172 
2.01021 2.0106 2.01151 2.01297 2.01504 2.01779 2.02134 2.02578 2.03127 2.03794 2.04596 2.05549 2.06669 2.07972 2.09472 2.11182 2.1311 2.15262 2.17639 2.2024 2.23056 2.26074 2.29277 2.32642 2.36143 2.3975 2.4343 2.47148 2.50869 2.54558 2.58182 2.61708 2.65109 2.68358 2.71434 2.74322 2.77007 2.79482 2.81743 2.83788 2.85621 2.87246 2.8867 2.89901 2.90947 2.91819 2.92524 2.93069 2.9346 2.93701 2.93796 2.93743 2.9354 2.93184 2.92669 2.91986 2.91127 2.90082 2.88841 2.87394 2.85734 2.83852 2.81747 2.79415 2.76861 2.74091 2.71116 2.67952 2.64621 2.61146 2.57556 2.53883 2.50162 2.46427 2.42714 2.39059 2.35494 2.32052 2.28759 2.25639 2.22712 2.19992 2.17487 2.15205 2.13143 2.113 2.09668 2.08237 2.06995 2.05928 2.05021 2.04259 2.03626 2.03109 2.02692 2.02364 2.02114 2.01932 2.01812 2.01747 
2.01044 2.01083 2.01176 2.01326 2.01538 2.01822 2.02186 2.02644 2.03207 2.03893 2.04716 2.05694 2.06842 2.08177 2.09713 2.11462 2.13432 2.1563 2.18056 2.20708 2.23576 2.26647 2.29903 2.3332 2.36871 2.40526 2.4425 2.48009 2.51767 2.55487 2.59137 2.62683 2.66098 2.69356 2.72436 2.75322 2.78002 2.80468 2.82716 2.84746 2.86562 2.88169 2.89575 2.90788 2.91819 2.92676 2.93368 2.93904 2.94289 2.94527 2.94621 2.94572 2.94376 2.9403 2.93528 2.9286 2.92019 2.90993 2.89771 2.88344 2.86703 2.84839 2.82749 2.80429 2.77883 2.75117 2.7214 2.6897 2.65626 2.62132 2.58518 2.54815 2.51058 2.47283 2.43526 2.39823 2.36208 2.32713 2.29367 2.26194 2.23215 2.20443 2.17889 2.1556 2.13454 2.11571 2.09901 2.08437 2.07164 2.0607 2.0514 2.04358 2.03708 2.03175 2.02746 2.02409 2.02151 2.01963 2.01838 2.0177 
2.01063 2.01103 2.01197 2.01351 2.01568 2.01858 2.02231 2.02699 2.03275 2.03976 2.04817 2.05815 2.06988 2.08349 2.09915 2.11696 2.13701 2.15937 2.18403 2.21096 2.24006 2.27121 2.3042 2.33879 2.37472 2.41165 2.44926 2.48717 2.52504 2.56249 2.59919 2.63481 2.66907 2.70172 2.73254 2.76138 2.78813 2.8127 2.83507 2.85524 2.87325 2.88917 2.90308 2.91507 2.92524 2.93368 2.94051 2.94578 2.94957 2.95193 2.95287 2.95241 2.95051 2.94714 2.94222 2.93568 2.92741 2.91731 2.90526 2.89116 2.87491 2.85642 2.83565 2.81256 2.78717 2.75954 2.72978 2.69802 2.66448 2.6294 2.59307 2.5558 2.51795 2.47987 2.44194 2.40452 2.36797 2.3326 2.2987 2.26654 2.23631 2.20817 2.18223 2.15855 2.13714 2.11796 2.10096 2.08603 2.07306 2.0619 2.0524 2.0444 2.03776 2.03231 2.02792 2.02446 2.02182 2.01989 2.0186 2.01791 
2.01079 2.01119 2.01215 2.01371 2.01592 2.01888 2.02267 2.02743 2.0333 2.04043 2.04898 2.05912 2.07103 2.08485 2.10074 2.1188 2.13913 2.16178 2.18675 2.214 2.24344 2.27492 2.30824 2.34316 2.3794 2.41664 2.45452 2.49269 2.53077 2.56842 2.60527 2.64101 2.67535 2.70805 2.73889 2.76771 2.79441 2.81891 2.84119 2.86126 2.87916 2.89496 2.90875 2.92062 2.93069 2.93904 2.94578 2.95099 2.95474 2.95707 2.95802 2.95758 2.95573 2.95242 2.94759 2.94115 2.933 2.92302 2.9111 2.89714 2.88101 2.86264 2.84197 2.81897 2.79364 2.76605 2.73628 2.70449 2.67088 2.63569 2.59921 2.56175 2.52368 2.48536 2.44715 2.40944 2.37256 2.33687 2.30264 2.27014 2.23957 2.21111 2.18486 2.16087 2.13918 2.11974 2.1025 2.08736 2.07418 2.06285 2.05319 2.04507 2.03831 2.03276 2.02829 2.02477 2.02207 2.0201 2.01879 2.01807 
2.01091 2.01131 2.01228 2.01386 2.01611 2.0191 2.02294 2.02776 2.0337 2.04092 2.04957 2.05983 2.07187 2.08585 2.1019 2.12014 2.14066 2.16352 2.18871 2.21618 2.24585 2.27757 2.31112 2.34628 2.38274 2.42018 2.45826 2.4966 2.53485 2.57262 2.60959 2.64541 2.67982 2.71255 2.7434 2.77221 2.79888 2.82334 2.84556 2.86556 2.88339 2.89911 2.91282 2.92461 2.9346 2.94289 2.94957 2.95474 2.95846 2.96078 2.96173 2.9613 2.95948 2.95622 2.95145 2.94508 2.93701 2.92712 2.9153 2.90142 2.88538 2.86709 2.84649 2.82354 2.79826 2.77068 2.7409 2.70909 2.67542 2.64015 2.60356 2.56598 2.52776 2.48926 2.45086 2.41293 2.37584 2.33991 2.30544 2.27271 2.24191 2.21321 2.18674 2.16255 2.14065 2.12103 2.10362 2.08831 2.075 2.06354 2.05378 2.04555 2.03871 2.0331 2.02857 2.02499 2.02226 2.02026 2.01892 2.0182 
2.01099 2.01139 2.01237 2.01396 2.01623 2.01924 2.02312 2.02797 2.03396 2.04123 2.04994 2.06027 2.07239 2.08645 2.1026 2.12095 2.14159 2.16456 2.18987 2.21748 2.24728 2.27913 2.31282 2.34811 2.3847 2.42226 2.46045 2.4989 2.53724 2.5751 2.61213 2.64801 2.68246 2.71521 2.74608 2.7749 2.80156 2.826 2.8482 2.86817 2.88596 2.90164 2.91531 2.92706 2.93701 2.94527 2.95193 2.95707 2.96078 2.96309 2.96404 2.96363 2.96183 2.95859 2.95385 2.94752 2.93949 2.92965 2.91787 2.90404 2.88804 2.86979 2.84922 2.82629 2.80102 2.77344 2.74365 2.71181 2.67811 2.64278 2.60613 2.56847 2.53015 2.49154 2.45303 2.41498 2.37776 2.3417 2.3071 2.27423 2.24329 2.21447 2.18786 2.16355 2.14154 2.12181 2.10429 2.0889 2.07551 2.06397 2.05414 2.04586 2.03897 2.03331 2.02875 2.02514 2.02238 2.02036 2.01902 2.01828 
