5.6054 5.60558 5.60585 5.60622 5.60667 5.60721 5.60785 5.60857 5.60939 5.61031 5.61131 5.61241 5.61361 5.6149 5.61629 5.61777 5.61935 5.62102 5.62278 5.62462 5.62656 5.62857 5.63066 5.63282 5.63505 5.63733 5.63965 5.64202 5.64442 5.64683 5.64925 5.65167 5.65407 5.65644 5.65877 5.66104 5.66325 5.66537 5.6674 5.66932 5.67112 5.67279 5.67432 5.6757 5.67691 5.67796 5.67883 5.67951 5.68001 5.68032 5.68044 5.68037 5.6801 5.67965 5.67901 5.67819 5.67719 5.67602 5.6747 5.67323 5.67162 5.66987 5.66802 5.66605 5.664 5.66187 5.65967 5.65743 5.65514 5.65283 5.65051 5.64818 5.64587 5.64359 5.64134 5.63913 5.63698 5.63489 5.63287 5.63092 5.62906 5.62729 5.62561 5.62403 5.62255 5.62116 5.61988 5.6187 5.61762 5.61665 5.61578 5.61501 5.61435 5.61378 5.61331 5.61293 5.61266 5.61247 5.61238 5.61238 
5.60558 5.60576 5.60604 5.6064 5.60686 5.6074 5.60804 5.60877 5.60959 5.61051 5.61152 5.61263 5.61384 5.61514 5.61653 5.61802 5.61961 5.62129 5.62306 5.62493 5.62687 5.6289 5.63101 5.63318 5.63542 5.63772 5.64007 5.64245 5.64487 5.6473 5.64974 5.65217 5.65459 5.65698 5.65933 5.66162 5.66384 5.66598 5.66803 5.66996 5.67178 5.67346 5.675 5.67639 5.67761 5.67867 5.67954 5.68023 5.68074 5.68105 5.68117 5.68109 5.68083 5.68037 5.67972 5.67889 5.67789 5.67671 5.67538 5.6739 5.67227 5.67051 5.66864 5.66666 5.66459 5.66245 5.66023 5.65797 5.65566 5.65333 5.65099 5.64865 5.64632 5.64402 5.64175 5.63952 5.63735 5.63525 5.63321 5.63126 5.62938 5.6276 5.6259 5.62431 5.62281 5.62142 5.62013 5.61894 5.61785 5.61687 5.616 5.61522 5.61455 5.61398 5.6135 5.61312 5.61284 5.61266 5.61256 5.61256 
5.60585 5.60604 5.60631 5.60668 5.60714 5.6077 5.60835 5.60909 5.60993 5.61086 5.61189 5.61302 5.61424 5.61557 5.61699 5.61851 5.62013 5.62184 5.62365 5.62555 5.62753 5.6296 5.63175 5.63397 5.63625 5.63859 5.64099 5.64342 5.64588 5.64836 5.65085 5.65333 5.6558 5.65823 5.66062 5.66296 5.66522 5.6674 5.66949 5.67146 5.67331 5.67502 5.67659 5.678 5.67925 5.68032 5.68121 5.68192 5.68243 5.68275 5.68287 5.68279 5.68252 5.68205 5.68139 5.68054 5.67952 5.67832 5.67696 5.67545 5.67379 5.672 5.67009 5.66807 5.66596 5.66377 5.66151 5.6592 5.65685 5.65448 5.65209 5.6497 5.64733 5.64498 5.64266 5.64039 5.63818 5.63603 5.63395 5.63195 5.63004 5.62822 5.62649 5.62486 5.62333 5.62191 5.62059 5.61937 5.61827 5.61726 5.61637 5.61557 5.61488 5.6143 5.61381 5.61342 5.61313 5.61294 5.61284 5.61284 
5.60622 5.6064 5.60668 5.60706 5.60753 5.6081 5.60876 5.60953 5.61039 5.61135 5.61241 5.61357 5.61484 5.6162 5.61767 5.61924 5.6209 5.62267 5.62453 5.62649 5.62854 5.63067 5.63289 5.63517 5.63753 5.63994 5.64241 5.64492 5.64745 5.65001 5.65258 5.65513 5.65768 5.66018 5.66265 5.66505 5.66739 5.66963 5.67178 5.67381 5.67571 5.67748 5.67909 5.68054 5.68182 5.68293 5.68384 5.68457 5.68509 5.68542 5.68554 5.68546 5.68518 5.68469 5.68401 5.68314 5.68208 5.68085 5.67945 5.67788 5.67618 5.67433 5.67236 5.67028 5.66811 5.66585 5.66352 5.66114 5.65871 5.65626 5.6538 5.65134 5.64889 5.64646 5.64407 5.64173 5.63944 5.63722 5.63508 5.63301 5.63104 5.62915 5.62737 5.62568 5.6241 5.62263 5.62126 5.62001 5.61886 5.61782 5.61689 5.61607 5.61535 5.61474 5.61423 5.61383 5.61352 5.61332 5.61321 5.6132 
5.60667 5.60686 5.60714 5.60753 5.60802 5.60861 5.6093 5.61009 5.61098 5.61198 5.61309 5.6143 5.61561 5.61703 5.61856 5.62019 5.62193 5.62377 5.62572 5.62776 5.62989 5.63211 5.63442 5.6368 5.63926 5.64177 5.64434 5.64695 5.6496 5.65226 5.65493 5.65759 5.66023 5.66285 5.66541 5.66791 5.67034 5.67267 5.6749 5.67701 5.67899 5.68082 5.6825 5.684 5.68534 5.68648 5.68743 5.68818 5.68873 5.68906 5.68919 5.6891 5.6888 5.6883 5.68759 5.68668 5.68558 5.68429 5.68283 5.68121 5.67943 5.67751 5.67546 5.67329 5.67103 5.66867 5.66625 5.66377 5.66124 5.65869 5.65612 5.65356 5.651 5.64847 5.64598 5.64354 5.64115 5.63884 5.6366 5.63444 5.63238 5.63041 5.62854 5.62678 5.62513 5.62358 5.62215 5.62084 5.61963 5.61854 5.61757 5.6167 5.61595 5.6153 5.61477 5.61434 5.61401 5.61379 5.61367 5.61366 
5.60721 5.6074 5.6077 5.6081 5.60861 5.60922 5.60994 5.61077 5.61171 5.61276 5.61392 5.61519 5.61657 5.61806 5.61967 5.62139 5.62322 5.62515 5.6272 5.62934 5.63159 5.63392 5.63635 5.63886 5.64144 5.64408 5.64678 5.64953 5.6523 5.6551 5.6579 5.6607 5.66347 5.66621 5.6689 5.67152 5.67407 5.67651 5.67885 5.68106 5.68313 5.68505 5.68681 5.68839 5.68978 5.69098 5.69197 5.69276 5.69332 5.69367 5.6938 5.69371 5.69339 5.69286 5.69211 5.69116 5.69 5.68865 5.68712 5.68541 5.68354 5.68153 5.67937 5.6771 5.67472 5.67225 5.6697 5.6671 5.66444 5.66176 5.65906 5.65636 5.65367 5.65101 5.64839 5.64582 5.64331 5.64087 5.63851 5.63624 5.63406 5.63198 5.63001 5.62815 5.62641 5.62477 5.62326 5.62187 5.62059 5.61944 5.6184 5.61748 5.61668 5.61599 5.61541 5.61495 5.6146 5.61436 5.61423 5.61421 
5.60785 5.60804 5.60835 5.60876 5.6093 5.60994 5.6107 5.61158 5.61257 5.61368 5.6149 5.61625 5.61771 5.6193 5.621 5.62282 5.62476 5.62681 5.62898 5.63125 5.63363 5.63611 5.63868 5.64134 5.64407 5.64687 5.64973 5.65263 5.65557 5.65853 5.6615 5.66445 5.66739 5.67028 5.67312 5.6759 5.67858 5.68117 5.68363 5.68597 5.68815 5.69018 5.69203 5.69369 5.69516 5.69642 5.69746 5.69829 5.69888 5.69925 5.69938 5.69928 5.69894 5.69838 5.69759 5.69658 5.69535 5.69392 5.6923 5.6905 5.68852 5.68639 5.68411 5.68171 5.67919 5.67657 5.67388 5.67112 5.66831 5.66547 5.66261 5.65975 5.6569 5.65408 5.6513 5.64857 5.64591 5.64332 5.64081 5.6384 5.63608 5.63388 5.63178 5.6298 5.62794 5.6262 5.62459 5.6231 5.62173 5.6205 5.61939 5.6184 5.61754 5.6168 5.61618 5.61568 5.6153 5.61503 5.61488 5.61485 
5.60857 5.60877 5.60909 5.60953 5.61009 5.61077 5.61158 5.61251 5.61356 5.61474 5.61605 5.61748 5.61904 5.62073 5.62255 5.62449 5.62656 5.62875 5.63106 5.63349 5.63603 5.63867 5.64141 5.64424 5.64716 5.65014 5.65319 5.65628 5.65941 5.66256 5.66571 5.66886 5.67198 5.67506 5.67808 5.68102 5.68388 5.68662 5.68924 5.69171 5.69403 5.69618 5.69814 5.69991 5.70146 5.7028 5.7039 5.70477 5.7054 5.70579 5.70592 5.70581 5.70545 5.70485 5.704 5.70293 5.70162 5.7001 5.69838 5.69646 5.69435 5.69209 5.68966 5.68711 5.68443 5.68164 5.67877 5.67584 5.67284 5.66982 5.66677 5.66372 5.66069 5.65768 5.65471 5.6518 5.64896 5.64619 5.64351 5.64093 5.63845 5.63609 5.63384 5.63172 5.62973 5.62786 5.62613 5.62453 5.62306 5.62173 5.62053 5.61946 5.61853 5.61773 5.61706 5.61651 5.61609 5.6158 5.61563 5.61558 
5.60939 5.60959 5.60993 5.61039 5.61098 5.61171 5.61257 5.61356 5.61469 5.61595 5.61735 5.61888 5.62056 5.62237 5.62431 5.6264 5.62862 5.63097 5.63345 5.63605 5.63877 5.6416 5.64454 5.64757 5.6507 5.65389 5.65715 5.66046 5.66381 5.66718 5.67055 5.67391 5.67725 5.68053 5.68376 5.6869 5.68995 5.69287 5.69567 5.69831 5.70078 5.70306 5.70515 5.70703 5.70869 5.71011 5.71128 5.7122 5.71287 5.71328 5.71342 5.71329 5.71291 5.71226 5.71136 5.7102 5.70881 5.70719 5.70534 5.70329 5.70104 5.69862 5.69603 5.69329 5.69043 5.68746 5.68439 5.68124 5.67804 5.6748 5.67154 5.66828 5.66503 5.6618 5.65862 5.6555 5.65245 5.64948 5.6466 5.64383 5.64116 5.63862 5.6362 5.63392 5.63177 5.62976 5.62788 5.62616 5.62457 5.62313 5.62183 5.62067 5.61966 5.61878 5.61805 5.61745 5.61699 5.61666 5.61647 5.6164 
5.61031 5.61051 5.61086 5.61135 5.61198 5.61276 5.61368 5.61474 5.61595 5.6173 5.61881 5.62046 5.62226 5.62421 5.62631 5.62855 5.63094 5.63347 5.63613 5.63893 5.64186 5.64491 5.64807 5.65133 5.65469 5.65812 5.66162 5.66518 5.66877 5.67238 5.676 5.67961 5.68318 5.68671 5.69016 5.69353 5.69679 5.69992 5.70291 5.70573 5.70837 5.71082 5.71305 5.71506 5.71682 5.71834 5.71959 5.72057 5.72128 5.72171 5.72186 5.72172 5.7213 5.72061 5.71964 5.7184 5.7169 5.71516 5.71318 5.71098 5.70857 5.70597 5.7032 5.70027 5.6972 5.694 5.69071 5.68734 5.6839 5.68042 5.67692 5.67341 5.66992 5.66645 5.66303 5.65967 5.65638 5.65318 5.65008 5.64709 5.64422 5.64147 5.63886 5.63639 5.63407 5.63189 5.62986 5.62799 5.62627 5.6247 5.62329 5.62203 5.62092 5.61997 5.61916 5.6185 5.61799 5.61762 5.6174 5.61732 
5.61131 5.61152 5.61189 5.61241 5.61309 5.61392 5.6149 5.61605 5.61735 5.61881 5.62043 5.62221 5.62415 5.62626 5.62852 5.63094 5.63352 5.63625 5.63912 5.64215 5.6453 5.64859 5.652 5.65551 5.65913 5.66283 5.6666 5.67042 5.67429 5.67818 5.68207 5.68594 5.68978 5.69357 5.69728 5.70089 5.70439 5.70775 5.71095 5.71398 5.71681 5.71943 5.72182 5.72397 5.72586 5.72748 5.72881 5.72987 5.73062 5.73108 5.73123 5.73108 5.73063 5.72987 5.72883 5.7275 5.72589 5.72402 5.72189 5.71953 5.71694 5.71415 5.71117 5.70801 5.70471 5.70128 5.69774 5.69411 5.69042 5.68667 5.6829 5.67912 5.67536 5.67162 5.66793 5.6643 5.66076 5.6573 5.65395 5.65072 5.64762 5.64465 5.64182 5.63914 5.63662 5.63426 5.63206 5.63002 5.62815 5.62644 5.6249 5.62353 5.62232 5.62127 5.62039 5.61966 5.6191 5.61869 5.61844 5.61834 
5.61241 5.61263 5.61302 5.61357 5.6143 5.61519 5.61625 5.61748 5.61888 5.62046 5.62221 5.62413 5.62623 5.62851 5.63095 5.63357 5.63636 5.63931 5.64242 5.64568 5.6491 5.65264 5.65632 5.66012 5.66402 5.66801 5.67207 5.6762 5.68036 5.68455 5.68874 5.69291 5.69704 5.70112 5.70511 5.70899 5.71275 5.71636 5.71979 5.72304 5.72608 5.72889 5.73145 5.73375 5.73578 5.73751 5.73894 5.74007 5.74087 5.74136 5.74152 5.74135 5.74086 5.74005 5.73892 5.73749 5.73576 5.73375 5.73146 5.72892 5.72613 5.72313 5.71992 5.71653 5.71297 5.70928 5.70547 5.70156 5.69758 5.69354 5.68948 5.6854 5.68134 5.67731 5.67332 5.66941 5.66557 5.66184 5.65821 5.65472 5.65135 5.64814 5.64507 5.64217 5.63943 5.63686 5.63447 5.63225 5.63022 5.62836 5.62668 5.62517 5.62385 5.6227 5.62173 5.62093 5.62031 5.61985 5.61957 5.61945 
5.61361 5.61384 5.61424 5.61484 5.61561 5.61657 5.61771 5.61904 5.62056 5.62226 5.62415 5.62623 5.62851 5.63096 5.63361 5.63644 5.63946 5.64265 5.64601 5.64954 5.65323 5.65707 5.66104 5.66514 5.66935 5.67366 5.67805 5.68249 5.68698 5.6915 5.69601 5.7005 5.70495 5.70934 5.71363 5.7178 5.72184 5.72572 5.72942 5.7329 5.73617 5.73918 5.74193 5.7444 5.74657 5.74842 5.74996 5.75116 5.75202 5.75254 5.7527 5.75252 5.75199 5.75111 5.7499 5.74836 5.7465 5.74433 5.74187 5.73913 5.73613 5.7329 5.72944 5.72579 5.72197 5.71799 5.71388 5.70967 5.70537 5.70102 5.69664 5.69224 5.68786 5.6835 5.6792 5.67497 5.67082 5.66678 5.66286 5.65907 5.65543 5.65194 5.64862 5.64547 5.64249 5.6397 5.6371 5.63469 5.63247 5.63044 5.62861 5.62697 5.62552 5.62426 5.62319 5.62231 5.62162 5.62112 5.62079 5.62066 
5.6149 5.61514 5.61557 5.6162 5.61703 5.61806 5.6193 5.62073 5.62237 5.62421 5.62626 5.62851 5.63096 5.63363 5.63649 5.63955 5.64282 5.64627 5.64991 5.65372 5.65771 5.66186 5.66615 5.67058 5.67512 5.67977 5.6845 5.6893 5.69414 5.69901 5.70387 5.70871 5.7135 5.71821 5.72283 5.72732 5.73166 5.73583 5.7398 5.74355 5.74705 5.75028 5.75323 5.75588 5.7582 5.76019 5.76184 5.76312 5.76404 5.76459 5.76476 5.76456 5.76399 5.76304 5.76174 5.76008 5.75807 5.75574 5.75309 5.75014 5.74692 5.74344 5.73972 5.73579 5.73167 5.72739 5.72296 5.71843 5.7138 5.70911 5.70438 5.69964 5.6949 5.6902 5.68555 5.68098 5.6765 5.67213 5.66789 5.66379 5.65984 5.65606 5.65245 5.64904 5.64581 5.64278 5.63995 5.63732 5.63491 5.6327 5.6307 5.62891 5.62732 5.62595 5.62477 5.62381 5.62304 5.62248 5.62212 5.62196 
5.61629 5.61653 5.61699 5.61767 5.61856 5.61967 5.621 5.62255 5.62431 5.62631 5.62852 5.63095 5.63361 5.63649 5.63959 5.6429 5.64643 5.65016 5.6541 5.65822 5.66253 5.66701 5.67164 5.67642 5.68133 5.68634 5.69144 5.69661 5.70183 5.70707 5.7123 5.71751 5.72266 5.72773 5.7327 5.73753 5.74219 5.74667 5.75093 5.75495 5.7587 5.76217 5.76534 5.76817 5.77066 5.7728 5.77455 5.77593 5.77691 5.77749 5.77768 5.77745 5.77683 5.77581 5.77441 5.77262 5.77047 5.76796 5.76511 5.76194 5.75848 5.75473 5.75073 5.74651 5.74207 5.73746 5.7327 5.72782 5.72283 5.71778 5.71268 5.70757 5.70246 5.69739 5.69237 5.68744 5.6826 5.67787 5.67329 5.66885 5.66458 5.66048 5.65658 5.65287 5.64937 5.64608 5.64301 5.64016 5.63753 5.63512 5.63294 5.63099 5.62926 5.62775 5.62647 5.62541 5.62457 5.62395 5.62354 5.62336 
5.61777 5.61802 5.61851 5.61924 5.62019 5.62139 5.62282 5.62449 5.6264 5.62855 5.63094 5.63357 5.63644 5.63955 5.6429 5.64648 5.65029 5.65433 5.65857 5.66303 5.66768 5.67251 5.67751 5.68266 5.68795 5.69335 5.69885 5.70441 5.71003 5.71567 5.7213 5.72689 5.73243 5.73788 5.74321 5.74839 5.7534 5.7582 5.76277 5.76708 5.77111 5.77483 5.77821 5.78125 5.78392 5.7862 5.78808 5.78955 5.79059 5.79121 5.7914 5.79116 5.79049 5.7894 5.78788 5.78596 5.78365 5.78095 5.77789 5.77449 5.77077 5.76675 5.76246 5.75791 5.75315 5.74819 5.74307 5.73782 5.73246 5.72702 5.72153 5.71603 5.71053 5.70506 5.69965 5.69432 5.6891 5.684 5.67905 5.67426 5.66964 5.66521 5.66098 5.65697 5.65318 5.64961 5.64628 5.64318 5.64033 5.63771 5.63534 5.63321 5.63133 5.62969 5.62829 5.62712 5.6262 5.62551 5.62506 5.62485 
5.61935 5.61961 5.62013 5.6209 5.62193 5.62322 5.62476 5.62656 5.62862 5.63094 5.63352 5.63636 5.63946 5.64282 5.64643 5.65029 5.6544 5.65875 5.66334 5.66814 5.67315 5.67835 5.68374 5.68929 5.69498 5.70079 5.7067 5.71269 5.71873 5.72478 5.73083 5.73684 5.74278 5.74863 5.75434 5.7599 5.76526 5.77041 5.7753 5.77992 5.78423 5.78821 5.79183 5.79508 5.79793 5.80036 5.80237 5.80394 5.80506 5.80571 5.80591 5.80565 5.80493 5.80375 5.80213 5.80007 5.79758 5.79469 5.79142 5.78777 5.78378 5.77946 5.77486 5.76998 5.76487 5.75955 5.75406 5.74841 5.74265 5.73681 5.73091 5.72499 5.71908 5.71319 5.70737 5.70163 5.69601 5.69051 5.68517 5.68 5.67501 5.67023 5.66566 5.66132 5.65722 5.65336 5.64975 5.6464 5.6433 5.64047 5.63789 5.63558 5.63353 5.63174 5.63021 5.62894 5.62793 5.62718 5.62668 5.62644 
5.62102 5.62129 5.62184 5.62267 5.62377 5.62515 5.62681 5.62875 5.63097 5.63347 5.63625 5.63931 5.64265 5.64627 5.65016 5.65433 5.65875 5.66344 5.66837 5.67354 5.67893 5.68453 5.69033 5.69629 5.70241 5.70865 5.715 5.72142 5.7279 5.73439 5.74088 5.74732 5.75369 5.75995 5.76607 5.77201 5.77775 5.78326 5.78849 5.79342 5.79803 5.80228 5.80615 5.80962 5.81266 5.81526 5.8174 5.81907 5.82026 5.82096 5.82117 5.82088 5.8201 5.81884 5.8171 5.8149 5.81224 5.80914 5.80563 5.80173 5.79746 5.79284 5.78791 5.78269 5.77721 5.77151 5.76562 5.75957 5.7534 5.74713 5.7408 5.73444 5.72809 5.72177 5.71551 5.70935 5.70329 5.69738 5.69163 5.68606 5.68069 5.67553 5.67061 5.66593 5.6615 5.65733 5.65343 5.6498 5.64645 5.64338 5.64059 5.63808 5.63586 5.63392 5.63225 5.63087 5.62977 5.62894 5.62839 5.62812 
5.62278 5.62306 5.62365 5.62453 5.62572 5.6272 5.62898 5.63106 5.63345 5.63613 5.63912 5.64242 5.64601 5.64991 5.6541 5.65857 5.66334 5.66837 5.67367 5.67923 5.68502 5.69103 5.69725 5.70365 5.71021 5.7169 5.72371 5.73059 5.73752 5.74448 5.75142 5.75831 5.76512 5.77181 5.77835 5.78471 5.79084 5.79671 5.8023 5.80756 5.81247 5.81701 5.82113 5.82483 5.82807 5.83084 5.83311 5.83489 5.83615 5.8369 5.83711 5.8368 5.83597 5.83462 5.83276 5.8304 5.82756 5.82426 5.82051 5.81634 5.81178 5.80684 5.80157 5.79599 5.79014 5.78404 5.77774 5.77127 5.76466 5.75795 5.75117 5.74436 5.73755 5.73077 5.72406 5.71744 5.71095 5.7046 5.69842 5.69243 5.68666 5.68111 5.67581 5.67077 5.666 5.6615 5.6573 5.65338 5.64976 5.64645 5.64343 5.64072 5.63831 5.63621 5.6344 5.6329 5.6317 5.6308 5.6302 5.62989 
5.62462 5.62493 5.62555 5.62649 5.62776 5.62934 5.63125 5.63349 5.63605 5.63893 5.64215 5.64568 5.64954 5.65372 5.65822 5.66303 5.66814 5.67354 5.67923 5.68518 5.69139 5.69783 5.70449 5.71134 5.71836 5.72553 5.73281 5.74017 5.74758 5.75501 5.76242 5.76978 5.77704 5.78418 5.79116 5.79793 5.80447 5.81073 5.81668 5.82228 5.82751 5.83234 5.83673 5.84066 5.8441 5.84705 5.84947 5.85135 5.85269 5.85348 5.8537 5.85337 5.85248 5.85104 5.84906 5.84654 5.84352 5.83999 5.836 5.83155 5.82669 5.82142 5.8158 5.80985 5.80361 5.7971 5.79037 5.78346 5.7764 5.76923 5.76199 5.75471 5.74742 5.74018 5.73299 5.72591 5.71895 5.71214 5.70552 5.6991 5.6929 5.68695 5.68126 5.67584 5.67071 5.66588 5.66135 5.65713 5.65324 5.64966 5.64641 5.64349 5.64089 5.63861 5.63666 5.63503 5.63373 5.63275 5.63209 5.63175 
5.62656 5.62687 5.62753 5.62854 5.62989 5.63159 5.63363 5.63603 5.63877 5.64186 5.6453 5.6491 5.65323 5.65771 5.66253 5.66768 5.67315 5.67893 5.68502 5.69139 5.69803 5.70492 5.71204 5.71936 5.72686 5.7345 5.74227 5.75012 5.75803 5.76595 5.77385 5.78169 5.78943 5.79703 5.80445 5.81166 5.81861 5.82527 5.83159 5.83755 5.8431 5.84823 5.85289 5.85706 5.86071 5.86383 5.8664 5.8684 5.86982 5.87065 5.87089 5.87053 5.86958 5.86804 5.86593 5.86326 5.86004 5.85629 5.85204 5.84732 5.84214 5.83654 5.83056 5.82422 5.81758 5.81065 5.80348 5.79612 5.7886 5.78095 5.77323 5.76546 5.75769 5.74995 5.74228 5.73471 5.72727 5.71999 5.71291 5.70604 5.6994 5.69303 5.68693 5.68112 5.67562 5.67044 5.66558 5.66105 5.65686 5.65302 5.64952 5.64637 5.64357 5.64112 5.63902 5.63726 5.63585 5.63479 5.63407 5.6337 
5.62857 5.6289 5.6296 5.63067 5.63211 5.63392 5.63611 5.63867 5.6416 5.64491 5.64859 5.65264 5.65707 5.66186 5.66701 5.67251 5.67835 5.68453 5.69103 5.69783 5.70492 5.71227 5.71986 5.72766 5.73565 5.7438 5.75207 5.76043 5.76884 5.77727 5.78567 5.794 5.80223 5.8103 5.81818 5.82584 5.83321 5.84027 5.84698 5.8533 5.85918 5.86461 5.86955 5.87397 5.87784 5.88115 5.88386 5.88598 5.88748 5.88835 5.8886 5.88821 5.8872 5.88557 5.88333 5.8805 5.87708 5.8731 5.86859 5.86358 5.85808 5.85214 5.84579 5.83906 5.832 5.82464 5.81703 5.8092 5.8012 5.79307 5.78485 5.77658 5.76831 5.76006 5.75189 5.74382 5.73589 5.72813 5.72057 5.71323 5.70615 5.69934 5.69282 5.68661 5.68072 5.67517 5.66997 5.66512 5.66063 5.65651 5.65276 5.64938 5.64637 5.64373 5.64147 5.63958 5.63806 5.63691 5.63614 5.63573 
5.63066 5.63101 5.63175 5.63289 5.63442 5.63635 5.63868 5.64141 5.64454 5.64807 5.652 5.65632 5.66104 5.66615 5.67164 5.67751 5.68374 5.69033 5.69725 5.70449 5.71204 5.71986 5.72793 5.73624 5.74473 5.75339 5.76218 5.77106 5.77999 5.78893 5.79784 5.80668 5.8154 5.82396 5.83231 5.84041 5.84822 5.85569 5.86279 5.86947 5.8757 5.88144 5.88666 5.89133 5.89542 5.89891 5.90178 5.90401 5.90559 5.90652 5.90677 5.90636 5.90529 5.90356 5.90119 5.89819 5.89457 5.89036 5.88559 5.88028 5.87446 5.86817 5.86144 5.85431 5.84683 5.83903 5.83096 5.82265 5.81417 5.80554 5.79681 5.78804 5.77925 5.77049 5.7618 5.75322 5.74478 5.73652 5.72847 5.72066 5.71311 5.70585 5.6989 5.69227 5.68599 5.68007 5.67451 5.66933 5.66453 5.66012 5.65611 5.65249 5.64926 5.64644 5.64401 5.64198 5.64035 5.63912 5.63828 5.63783 
5.63282 5.63318 5.63397 5.63517 5.6368 5.63886 5.64134 5.64424 5.64757 5.65133 5.65551 5.66012 5.66514 5.67058 5.67642 5.68266 5.68929 5.69629 5.70365 5.71134 5.71936 5.72766 5.73624 5.74504 5.75406 5.76324 5.77255 5.78196 5.79142 5.80089 5.81032 5.81967 5.82889 5.83794 5.84677 5.85533 5.86358 5.87148 5.87897 5.88602 5.89259 5.89865 5.90416 5.90908 5.91339 5.91707 5.92009 5.92244 5.92411 5.92507 5.92534 5.92491 5.92377 5.92195 5.91944 5.91627 5.91245 5.90801 5.90297 5.89735 5.89121 5.88456 5.87745 5.86992 5.86201 5.85376 5.84522 5.83644 5.82746 5.81832 5.80908 5.79978 5.79047 5.78118 5.77197 5.76287 5.75391 5.74514 5.73659 5.72829 5.72027 5.71255 5.70516 5.69811 5.69142 5.68511 5.67919 5.67366 5.66855 5.66384 5.65956 5.65569 5.65225 5.64923 5.64664 5.64447 5.64272 5.64139 5.64049 5.64001 
5.63505 5.63542 5.63625 5.63753 5.63926 5.64144 5.64407 5.64716 5.6507 5.65469 5.65913 5.66402 5.66935 5.67512 5.68133 5.68795 5.69498 5.70241 5.71021 5.71836 5.72686 5.73565 5.74473 5.75406 5.76359 5.77331 5.78316 5.7931 5.8031 5.8131 5.82306 5.83293 5.84266 5.8522 5.86151 5.87054 5.87924 5.88755 5.89545 5.90287 5.90979 5.91617 5.92196 5.92714 5.93168 5.93554 5.93872 5.94119 5.94294 5.94395 5.94423 5.94377 5.94258 5.94065 5.93801 5.93467 5.93065 5.92596 5.92065 5.91474 5.90826 5.90126 5.89376 5.88582 5.87748 5.86878 5.85977 5.85049 5.84101 5.83136 5.8216 5.81177 5.80193 5.79211 5.78236 5.77273 5.76325 5.75396 5.7449 5.73611 5.7276 5.71941 5.71156 5.70408 5.69698 5.69028 5.68398 5.67811 5.67267 5.66767 5.6631 5.65899 5.65532 5.6521 5.64934 5.64702 5.64515 5.64373 5.64276 5.64225 
5.63733 5.63772 5.63859 5.63994 5.64177 5.64408 5.64687 5.65014 5.65389 5.65812 5.66283 5.66801 5.67366 5.67977 5.68634 5.69335 5.70079 5.70865 5.7169 5.72553 5.7345 5.7438 5.75339 5.76324 5.77331 5.78356 5.79395 5.80443 5.81497 5.82551 5.836 5.8464 5.85664 5.86669 5.87648 5.88598 5.89512 5.90386 5.91216 5.91996 5.92723 5.93392 5.94001 5.94544 5.9502 5.95426 5.95759 5.96018 5.96202 5.96308 5.96337 5.96288 5.96162 5.9596 5.95682 5.95331 5.94908 5.94416 5.93858 5.93237 5.92556 5.91819 5.91031 5.90195 5.89317 5.88402 5.87453 5.86477 5.85478 5.84462 5.83433 5.82397 5.81358 5.80322 5.79294 5.78277 5.77275 5.76294 5.75337 5.74407 5.73507 5.72641 5.7181 5.71018 5.70266 5.69555 5.68888 5.68266 5.67688 5.67157 5.66673 5.66236 5.65846 5.65504 5.6521 5.64963 5.64764 5.64613 5.6451 5.64454 
5.63965 5.64007 5.64099 5.64241 5.64434 5.64678 5.64973 5.65319 5.65715 5.66162 5.6666 5.67207 5.67805 5.6845 5.69144 5.69885 5.7067 5.715 5.72371 5.73281 5.74227 5.75207 5.76218 5.77255 5.78316 5.79395 5.80488 5.81592 5.827 5.83808 5.8491 5.86002 5.87078 5.88133 5.89161 5.90158 5.91117 5.92034 5.92903 5.93721 5.94483 5.95184 5.95822 5.96391 5.96889 5.97314 5.97663 5.97934 5.98126 5.98237 5.98267 5.98215 5.98083 5.97871 5.9758 5.97212 5.96768 5.96253 5.95667 5.95016 5.94302 5.93529 5.92702 5.91825 5.90904 5.89942 5.88946 5.87921 5.86871 5.85802 5.84721 5.83631 5.82538 5.81448 5.80365 5.79294 5.78239 5.77205 5.76196 5.75215 5.74266 5.73351 5.72474 5.71638 5.70843 5.70092 5.69387 5.68728 5.68117 5.67555 5.67042 5.66579 5.66166 5.65804 5.65492 5.6523 5.65019 5.64858 5.64748 5.64688 
5.64202 5.64245 5.64342 5.64492 5.64695 5.64953 5.65263 5.65628 5.66046 5.66518 5.67042 5.6762 5.68249 5.6893 5.69661 5.70441 5.71269 5.72142 5.73059 5.74017 5.75012 5.76043 5.77106 5.78196 5.7931 5.80443 5.81592 5.82749 5.83912 5.85074 5.8623 5.87375 5.88503 5.89607 5.90684 5.91727 5.92731 5.9369 5.946 5.95456 5.96252 5.96985 5.97651 5.98246 5.98767 5.99211 5.99575 5.99858 6.00058 6.00173 6.00204 6.00151 6.00012 5.9979 5.99486 5.99101 5.98637 5.98098 5.97485 5.96804 5.96056 5.95248 5.94382 5.93464 5.92499 5.91492 5.90449 5.89374 5.88273 5.87153 5.86018 5.84875 5.83728 5.82584 5.81446 5.80321 5.79212 5.78125 5.77063 5.76031 5.75032 5.7407 5.73146 5.72264 5.71427 5.70635 5.69891 5.69196 5.68552 5.67958 5.67417 5.66928 5.66491 5.66108 5.65778 5.65501 5.65277 5.65107 5.6499 5.64926 
5.64442 5.64487 5.64588 5.64745 5.6496 5.6523 5.65557 5.65941 5.66381 5.66877 5.67429 5.68036 5.68698 5.69414 5.70183 5.71003 5.71873 5.7279 5.73752 5.74758 5.75803 5.76884 5.77999 5.79142 5.8031 5.81497 5.827 5.83912 5.85129 5.86345 5.87554 5.88751 5.8993 5.91085 5.9221 5.93299 5.94348 5.95349 5.96299 5.97191 5.98022 5.98787 5.99481 6.00101 6.00644 6.01107 6.01486 6.01781 6.01989 6.0211 6.02142 6.02085 6.01941 6.01709 6.01392 6.0099 6.00506 5.99943 5.99304 5.98593 5.97813 5.96968 5.96065 5.95106 5.94098 5.93045 5.91954 5.90831 5.8968 5.88508 5.8732 5.86123 5.84923 5.83724 5.82532 5.81352 5.8019 5.7905 5.77936 5.76853 5.75804 5.74793 5.73822 5.72896 5.72015 5.71182 5.704 5.69669 5.6899 5.68365 5.67795 5.67279 5.66819 5.66415 5.66067 5.65775 5.65538 5.65358 5.65235 5.65167 
5.64683 5.6473 5.64836 5.65001 5.65226 5.6551 5.65853 5.66256 5.66718 5.67238 5.67818 5.68455 5.6915 5.69901 5.70707 5.71567 5.72478 5.73439 5.74448 5.75501 5.76595 5.77727 5.78893 5.80089 5.8131 5.82551 5.83808 5.85074 5.86345 5.87615 5.88877 5.90126 5.91355 5.92559 5.93732 5.94867 5.95959 5.97002 5.97991 5.9892 5.99785 6.00581 6.01303 6.01949 6.02513 6.02994 6.03389 6.03695 6.03912 6.04037 6.0407 6.04011 6.03861 6.0362 6.03289 6.02871 6.02367 6.01781 6.01116 6.00375 5.99563 5.98683 5.97741 5.96742 5.95691 5.94594 5.93456 5.92284 5.91083 5.8986 5.8862 5.8737 5.86116 5.84863 5.83617 5.82384 5.81168 5.79975 5.78809 5.77675 5.76577 5.75517 5.745 5.73529 5.72605 5.71732 5.7091 5.70143 5.6943 5.68774 5.68175 5.67633 5.67149 5.66724 5.66358 5.6605 5.65802 5.65612 5.65481 5.6541 
5.64925 5.64974 5.65085 5.65258 5.65493 5.6579 5.6615 5.66571 5.67055 5.676 5.68207 5.68874 5.69601 5.70387 5.7123 5.7213 5.73083 5.74088 5.75142 5.76242 5.77385 5.78567 5.79784 5.81032 5.82306 5.836 5.8491 5.8623 5.87554 5.88877 5.90191 5.91491 5.9277 5.94023 5.95243 5.96423 5.97558 5.98642 5.9967 6.00635 6.01533 6.0236 6.0311 6.0378 6.04366 6.04865 6.05274 6.05592 6.05816 6.05946 6.0598 6.05919 6.05763 6.05512 6.05169 6.04735 6.04212 6.03603 6.02912 6.02142 6.01298 6.00384 5.99405 5.98366 5.97273 5.96132 5.94948 5.93728 5.92478 5.91204 5.89913 5.8861 5.87303 5.85997 5.84697 5.83411 5.82142 5.80897 5.79679 5.78495 5.77347 5.7624 5.75176 5.7416 5.73194 5.7228 5.71421 5.70617 5.69871 5.69183 5.68555 5.67987 5.6748 5.67034 5.66649 5.66326 5.66065 5.65866 5.65729 5.65653 
5.65167 5.65217 5.65333 5.65513 5.65759 5.6607 5.66445 5.66886 5.67391 5.67961 5.68594 5.69291 5.7005 5.70871 5.71751 5.72689 5.73684 5.74732 5.75831 5.76978 5.78169 5.794 5.80668 5.81967 5.83293 5.8464 5.86002 5.87375 5.88751 5.90126 5.91491 5.92841 5.9417 5.9547 5.96736 5.9796 5.99138 6.00262 6.01327 6.02328 6.03259 6.04115 6.04892 6.05586 6.06193 6.06709 6.07133 6.07462 6.07694 6.07829 6.07864 6.078 6.07638 6.07379 6.07023 6.06573 6.06031 6.054 6.04684 6.03886 6.03011 6.02063 6.01047 5.9997 5.98836 5.97651 5.96422 5.95155 5.93857 5.92533 5.91191 5.89838 5.88478 5.87119 5.85767 5.84428 5.83107 5.8181 5.80542 5.79308 5.78111 5.76957 5.75848 5.74788 5.73779 5.72825 5.71928 5.71088 5.70308 5.6959 5.68933 5.68339 5.67809 5.67342 5.6694 5.66602 5.66328 5.6612 5.65976 5.65896 
5.65407 5.65459 5.6558 5.65768 5.66023 5.66347 5.66739 5.67198 5.67725 5.68318 5.68978 5.69704 5.70495 5.7135 5.72266 5.73243 5.74278 5.75369 5.76512 5.77704 5.78943 5.80223 5.8154 5.82889 5.84266 5.85664 5.87078 5.88503 5.8993 5.91355 5.9277 5.9417 5.95546 5.96893 5.98203 5.99471 6.0069 6.01853 6.02955 6.0399 6.04953 6.05838 6.06641 6.07358 6.07986 6.0852 6.08958 6.09297 6.09537 6.09676 6.09712 6.09646 6.09479 6.0921 6.08842 6.08377 6.07817 6.07164 6.06424 6.05598 6.04693 6.03712 6.02661 6.01546 6.00371 5.99145 5.97872 5.96559 5.95214 5.93842 5.9245 5.91046 5.89635 5.88225 5.86822 5.85431 5.84059 5.82712 5.81394 5.8011 5.78866 5.77665 5.76511 5.75408 5.74358 5.73364 5.72429 5.71554 5.70742 5.69992 5.69308 5.68688 5.68135 5.67648 5.67228 5.66875 5.66589 5.66371 5.66221 5.66138 
5.65644 5.65698 5.65823 5.66018 5.66285 5.66621 5.67028 5.67506 5.68053 5.68671 5.69357 5.70112 5.70934 5.71821 5.72773 5.73788 5.74863 5.75995 5.77181 5.78418 5.79703 5.8103 5.82396 5.83794 5.8522 5.86669 5.88133 5.89607 5.91085 5.92559 5.94023 5.9547 5.96893 5.98285 5.99639 6.00949 6.02207 6.03408 6.04546 6.05614 6.06607 6.07521 6.08349 6.09089 6.09736 6.10287 6.10738 6.11089 6.11336 6.11479 6.11516 6.11448 6.11275 6.10998 6.10619 6.10139 6.0956 6.08887 6.08123 6.07271 6.06336 6.05323 6.04238 6.03086 6.01873 6.00605 5.9929 5.97933 5.96541 5.95122 5.93682 5.92229 5.90769 5.89309 5.87855 5.86414 5.84993 5.83596 5.82229 5.80898 5.79607 5.78361 5.77163 5.76017 5.74927 5.73894 5.72923 5.72013 5.71168 5.70389 5.69677 5.69032 5.68456 5.67949 5.67512 5.67145 5.66847 5.6662 5.66463 5.66376 
5.65877 5.65933 5.66062 5.66265 5.66541 5.6689 5.67312 5.67808 5.68376 5.69016 5.69728 5.70511 5.71363 5.72283 5.7327 5.74321 5.75434 5.76607 5.77835 5.79116 5.80445 5.81818 5.83231 5.84677 5.86151 5.87648 5.89161 5.90684 5.9221 5.93732 5.95243 5.96736 5.98203 5.99639 6.01035 6.02385 6.03682 6.0492 6.06092 6.07192 6.08215 6.09156 6.10009 6.1077 6.11436 6.12003 6.12467 6.12828 6.13082 6.13229 6.13267 6.13197 6.13019 6.12734 6.12344 6.11849 6.11254 6.10561 6.09773 6.08896 6.07933 6.0689 6.05771 6.04584 6.03333 6.02026 6.00669 5.99269 5.97834 5.96369 5.94883 5.93382 5.91874 5.90365 5.88863 5.87373 5.85903 5.84458 5.83045 5.81667 5.80331 5.7904 5.778 5.76613 5.75483 5.74413 5.73405 5.72462 5.71586 5.70777 5.70038 5.69369 5.68771 5.68245 5.67791 5.67409 5.671 5.66864 5.667 5.6661 
5.66104 5.66162 5.66296 5.66505 5.66791 5.67152 5.6759 5.68102 5.6869 5.69353 5.70089 5.70899 5.7178 5.72732 5.73753 5.74839 5.7599 5.77201 5.78471 5.79793 5.81166 5.82584 5.84041 5.85533 5.87054 5.88598 5.90158 5.91727 5.93299 5.94867 5.96423 5.9796 5.99471 6.00949 6.02385 6.03774 6.05108 6.06381 6.07585 6.08716 6.09768 6.10734 6.11611 6.12393 6.13077 6.13659 6.14136 6.14506 6.14768 6.14918 6.14958 6.14886 6.14703 6.1441 6.14008 6.13501 6.12889 6.12177 6.11367 6.10466 6.09476 6.08403 6.07253 6.06031 6.04745 6.034 6.02003 6.00562 5.99084 5.97575 5.96044 5.94498 5.92943 5.91388 5.89839 5.88303 5.86786 5.85295 5.83836 5.82413 5.81033 5.797 5.78418 5.77191 5.76023 5.74917 5.73875 5.72899 5.71992 5.71155 5.7039 5.69698 5.69078 5.68533 5.68063 5.67667 5.67347 5.67102 5.66932 5.66838 
5.66325 5.66384 5.66522 5.66739 5.67034 5.67407 5.67858 5.68388 5.68995 5.69679 5.70439 5.71275 5.72184 5.73166 5.74219 5.7534 5.76526 5.77775 5.79084 5.80447 5.81861 5.83321 5.84822 5.86358 5.87924 5.89512 5.91117 5.92731 5.94348 5.95959 5.97558 5.99138 6.0069 6.02207 6.03682 6.05108 6.06477 6.07783 6.09019 6.1018 6.11258 6.12249 6.13148 6.1395 6.14651 6.15248 6.15737 6.16116 6.16384 6.16538 6.16579 6.16505 6.16318 6.16017 6.15606 6.15085 6.14458 6.13727 6.12897 6.11972 6.10957 6.09856 6.08675 6.07422 6.06101 6.0472 6.03286 6.01805 6.00286 5.98736 5.97162 5.95572 5.93973 5.92373 5.90779 5.89198 5.87636 5.86101 5.84598 5.83133 5.8171 5.80336 5.79015 5.7775 5.76545 5.75403 5.74328 5.73321 5.72385 5.71521 5.70731 5.70015 5.69376 5.68812 5.68326 5.67917 5.67586 5.67332 5.67157 5.6706 
5.66537 5.66598 5.6674 5.66963 5.67267 5.67651 5.68117 5.68662 5.69287 5.69992 5.70775 5.71636 5.72572 5.73583 5.74667 5.7582 5.77041 5.78326 5.79671 5.81073 5.82527 5.84027 5.85569 5.87148 5.88755 5.90386 5.92034 5.9369 5.95349 5.97002 5.98642 6.00262 6.01853 6.03408 6.0492 6.06381 6.07783 6.09121 6.10387 6.11574 6.12678 6.13693 6.14613 6.15433 6.16151 6.16761 6.17262 6.1765 6.17924 6.18082 6.18123 6.18048 6.17856 6.17548 6.17127 6.16594 6.15953 6.15205 6.14355 6.13408 6.12368 6.11241 6.10032 6.08748 6.07395 6.05979 6.04509 6.02991 6.01434 5.99844 5.98229 5.96597 5.94957 5.93314 5.91678 5.90054 5.8845 5.86872 5.85327 5.83821 5.82359 5.80946 5.79586 5.78285 5.77045 5.7587 5.74763 5.73726 5.72762 5.71872 5.71058 5.70321 5.69661 5.69081 5.68579 5.68158 5.67816 5.67555 5.67374 5.67273 
5.6674 5.66803 5.66949 5.67178 5.6749 5.67885 5.68363 5.68924 5.69567 5.70291 5.71095 5.71979 5.72942 5.7398 5.75093 5.76277 5.7753 5.78849 5.8023 5.81668 5.83159 5.84698 5.86279 5.87897 5.89545 5.91216 5.92903 5.946 5.96299 5.97991 5.9967 6.01327 6.02955 6.04546 6.06092 6.07585 6.09019 6.10387 6.1168 6.12894 6.14022 6.15058 6.15998 6.16836 6.17569 6.18193 6.18704 6.191 6.1938 6.19541 6.19583 6.19506 6.1931 6.18996 6.18566 6.18022 6.17366 6.16602 6.15734 6.14767 6.13704 6.12552 6.11316 6.10003 6.08619 6.07172 6.05668 6.04115 6.02521 6.00894 5.99241 5.9757 5.9589 5.94207 5.9253 5.90866 5.89222 5.87605 5.8602 5.84475 5.82975 5.81525 5.8013 5.78794 5.77521 5.76314 5.75177 5.74112 5.73121 5.72206 5.7137 5.70612 5.69934 5.69337 5.68821 5.68387 5.68036 5.67767 5.6758 5.67477 
5.66932 5.66996 5.67146 5.67381 5.67701 5.68106 5.68597 5.69171 5.69831 5.70573 5.71398 5.72304 5.7329 5.74355 5.75495 5.76708 5.77992 5.79342 5.80756 5.82228 5.83755 5.8533 5.86947 5.88602 5.90287 5.91996 5.93721 5.95456 5.97191 5.9892 6.00635 6.02328 6.0399 6.05614 6.07192 6.08716 6.1018 6.11574 6.12894 6.14132 6.15282 6.16339 6.17297 6.18152 6.18899 6.19535 6.20056 6.2046 6.20745 6.20909 6.20952 6.20873 6.20674 6.20354 6.19915 6.1936 6.18692 6.17913 6.17028 6.16041 6.14957 6.13782 6.12521 6.11181 6.09769 6.08291 6.06756 6.0517 6.03542 6.0188 6.00191 5.98484 5.96767 5.95047 5.93332 5.9163 5.89948 5.88294 5.86673 5.85091 5.83556 5.82071 5.80642 5.79273 5.77969 5.76733 5.75567 5.74476 5.7346 5.72522 5.71664 5.70887 5.70191 5.69579 5.69049 5.68604 5.68244 5.67967 5.67776 5.6767 
5.67112 5.67178 5.67331 5.67571 5.67899 5.68313 5.68815 5.69403 5.70078 5.70837 5.71681 5.72608 5.73617 5.74705 5.7587 5.77111 5.78423 5.79803 5.81247 5.82751 5.8431 5.85918 5.8757 5.89259 5.90979 5.92723 5.94483 5.96252 5.98022 5.99785 6.01533 6.03259 6.04953 6.06607 6.08215 6.09768 6.11258 6.12678 6.14022 6.15282 6.16453 6.17529 6.18504 6.19374 6.20134 6.20781 6.21311 6.21722 6.22012 6.22179 6.22223 6.22143 6.2194 6.21614 6.21168 6.20604 6.19923 6.19131 6.1823 6.17225 6.16122 6.14925 6.13641 6.12276 6.10838 6.09332 6.07768 6.06152 6.04493 6.02798 6.01076 5.99335 5.97583 5.95828 5.94079 5.92342 5.90625 5.88936 5.87281 5.85666 5.84097 5.8258 5.8112 5.79721 5.78388 5.77124 5.75932 5.74816 5.73777 5.72817 5.71939 5.71144 5.70432 5.69805 5.69264 5.68808 5.68438 5.68156 5.6796 5.67851 
5.67279 5.67346 5.67502 5.67748 5.68082 5.68505 5.69018 5.69618 5.70306 5.71082 5.71943 5.72889 5.73918 5.75028 5.76217 5.77483 5.78821 5.80228 5.81701 5.83234 5.84823 5.86461 5.88144 5.89865 5.91617 5.93392 5.95184 5.96985 5.98787 6.00581 6.0236 6.04115 6.05838 6.07521 6.09156 6.10734 6.12249 6.13693 6.15058 6.16339 6.17529 6.18622 6.19612 6.20496 6.21268 6.21925 6.22464 6.22881 6.23175 6.23345 6.2339 6.23309 6.23102 6.22772 6.22319 6.21745 6.21054 6.20249 6.19334 6.18313 6.17191 6.15975 6.1467 6.13283 6.1182 6.10289 6.08698 6.07055 6.05367 6.03642 6.0189 6.00118 5.98335 5.96548 5.94766 5.92998 5.91249 5.89528 5.87841 5.86195 5.84596 5.83049 5.81561 5.80134 5.78774 5.77485 5.76269 5.7513 5.7407 5.7309 5.72194 5.71382 5.70655 5.70015 5.69462 5.68996 5.68619 5.6833 5.6813 5.68019 
5.67432 5.675 5.67659 5.67909 5.6825 5.68681 5.69203 5.69814 5.70515 5.71305 5.72182 5.73145 5.74193 5.75323 5.76534 5.77821 5.79183 5.80615 5.82113 5.83673 5.85289 5.86955 5.88666 5.90416 5.92196 5.94001 5.95822 5.97651 5.99481 6.01303 6.0311 6.04892 6.06641 6.08349 6.10009 6.11611 6.13148 6.14613 6.15998 6.17297 6.18504 6.19612 6.20617 6.21513 6.22296 6.22962 6.23508 6.23931 6.2423 6.24402 6.24447 6.24365 6.24156 6.23821 6.23361 6.2278 6.22079 6.21262 6.20334 6.19299 6.18161 6.16927 6.15603 6.14195 6.12711 6.11158 6.09542 6.07874 6.0616 6.04409 6.02629 6.00829 5.99017 5.97202 5.95391 5.93593 5.91816 5.90066 5.8835 5.86676 5.8505 5.83477 5.81962 5.8051 5.79126 5.77814 5.76576 5.75416 5.74336 5.73339 5.72426 5.71599 5.70859 5.70207 5.69643 5.69169 5.68784 5.6849 5.68286 5.68172 
5.6757 5.67639 5.678 5.68054 5.684 5.68839 5.69369 5.69991 5.70703 5.71506 5.72397 5.73375 5.7444 5.75588 5.76817 5.78125 5.79508 5.80962 5.82483 5.84066 5.85706 5.87397 5.89133 5.90908 5.92714 5.94544 5.96391 5.98246 6.00101 6.01949 6.0378 6.05586 6.07358 6.09089 6.1077 6.12393 6.1395 6.15433 6.16836 6.18152 6.19374 6.20496 6.21513 6.2242 6.23213 6.23887 6.2444 6.24868 6.2517 6.25345 6.2539 6.25307 6.25095 6.24756 6.24291 6.23702 6.22993 6.22166 6.21227 6.20178 6.19026 6.17777 6.16436 6.1501 6.13506 6.11932 6.10296 6.08605 6.06868 6.05093 6.03289 6.01464 5.99627 5.97786 5.95949 5.94126 5.92322 5.90547 5.88806 5.87107 5.85456 5.83859 5.82321 5.80847 5.79442 5.78109 5.76851 5.75673 5.74576 5.73563 5.72635 5.71794 5.71042 5.70379 5.69806 5.69324 5.68933 5.68633 5.68426 5.6831 
5.67691 5.67761 5.67925 5.68182 5.68534 5.68978 5.69516 5.70146 5.70869 5.71682 5.72586 5.73578 5.74657 5.7582 5.77066 5.78392 5.79793 5.81266 5.82807 5.8441 5.86071 5.87784 5.89542 5.91339 5.93168 5.9502 5.96889 5.98767 6.00644 6.02513 6.04366 6.06193 6.07986 6.09736 6.11436 6.13077 6.14651 6.16151 6.17569 6.18899 6.20134 6.21268 6.22296 6.23213 6.24014 6.24695 6.25253 6.25686 6.25992 6.26168 6.26214 6.2613 6.25916 6.25573 6.25103 6.24509 6.23792 6.22956 6.22006 6.20947 6.19782 6.18519 6.17163 6.15722 6.14201 6.1261 6.10955 6.09244 6.07487 6.05692 6.03866 6.02019 6.0016 5.98297 5.96438 5.94592 5.92766 5.90968 5.89205 5.87485 5.85812 5.84194 5.82636 5.81143 5.79718 5.78367 5.77093 5.75899 5.74786 5.73759 5.72818 5.71966 5.71203 5.70531 5.69949 5.6946 5.69064 5.6876 5.68549 5.68432 
5.67796 5.67867 5.68032 5.68293 5.68648 5.69098 5.69642 5.7028 5.71011 5.71834 5.72748 5.73751 5.74842 5.76019 5.7728 5.7862 5.80036 5.81526 5.83084 5.84705 5.86383 5.88115 5.89891 5.91707 5.93554 5.95426 5.97314 5.99211 6.01107 6.02994 6.04865 6.06709 6.0852 6.10287 6.12003 6.13659 6.15248 6.16761 6.18193 6.19535 6.20781 6.21925 6.22962 6.23887 6.24695 6.25382 6.25946 6.26382 6.2669 6.26868 6.26915 6.2683 6.26614 6.26269 6.25795 6.25194 6.24471 6.23628 6.2267 6.21601 6.20426 6.19151 6.17783 6.16328 6.14793 6.13186 6.11515 6.09789 6.08014 6.06201 6.04358 6.02493 6.00615 5.98733 5.96855 5.94989 5.93144 5.91327 5.89546 5.87807 5.86116 5.84481 5.82905 5.81395 5.79955 5.78589 5.773 5.76092 5.74967 5.73927 5.72976 5.72113 5.71341 5.70661 5.70073 5.69578 5.69176 5.68869 5.68656 5.68537 
5.67883 5.67954 5.68121 5.68384 5.68743 5.69197 5.69746 5.7039 5.71128 5.71959 5.72881 5.73894 5.74996 5.76184 5.77455 5.78808 5.80237 5.8174 5.83311 5.84947 5.8664 5.88386 5.90178 5.92009 5.93872 5.95759 5.97663 5.99575 6.01486 6.03389 6.05274 6.07133 6.08958 6.10738 6.12467 6.14136 6.15737 6.17262 6.18704 6.20056 6.21311 6.22464 6.23508 6.2444 6.25253 6.25946 6.26513 6.26953 6.27263 6.27442 6.27489 6.27404 6.27187 6.26838 6.26361 6.25757 6.25028 6.24179 6.23214 6.22137 6.20953 6.19669 6.1829 6.16824 6.15278 6.13659 6.11975 6.10235 6.08447 6.06619 6.04761 6.02881 6.00988 5.9909 5.97197 5.95316 5.93455 5.91623 5.89826 5.88072 5.86366 5.84716 5.83127 5.81603 5.8015 5.78771 5.7747 5.76251 5.75116 5.74067 5.73106 5.72235 5.71456 5.70769 5.70175 5.69675 5.6927 5.68959 5.68744 5.68624 
5.67951 5.68023 5.68192 5.68457 5.68818 5.69276 5.69829 5.70477 5.7122 5.72057 5.72987 5.74007 5.75116 5.76312 5.77593 5.78955 5.80394 5.81907 5.83489 5.85135 5.8684 5.88598 5.90401 5.92244 5.94119 5.96018 5.97934 5.99858 6.01781 6.03695 6.05592 6.07462 6.09297 6.11089 6.12828 6.14506 6.16116 6.1765 6.191 6.2046 6.21722 6.22881 6.23931 6.24868 6.25686 6.26382 6.26953 6.27395 6.27707 6.27887 6.27934 6.27849 6.2763 6.2728 6.268 6.26192 6.2546 6.24606 6.23635 6.22552 6.21362 6.2007 6.18684 6.17209 6.15654 6.14026 6.12332 6.10581 6.08782 6.06944 6.05074 6.03182 6.01277 5.99368 5.97462 5.95569 5.93697 5.91852 5.90044 5.88278 5.86561 5.849 5.83299 5.81765 5.80302 5.78913 5.77604 5.76376 5.75232 5.74176 5.73208 5.72331 5.71546 5.70854 5.70256 5.69752 5.69344 5.69031 5.68814 5.68693 
5.68001 5.68074 5.68243 5.68509 5.68873 5.69332 5.69888 5.7054 5.71287 5.72128 5.73062 5.74087 5.75202 5.76404 5.77691 5.79059 5.80506 5.82026 5.83615 5.85269 5.86982 5.88748 5.90559 5.92411 5.94294 5.96202 5.98126 6.00058 6.01989 6.03912 6.05816 6.07694 6.09537 6.11336 6.13082 6.14768 6.16384 6.17924 6.1938 6.20745 6.22012 6.23175 6.2423 6.2517 6.25992 6.2669 6.27263 6.27707 6.2802 6.28201 6.28248 6.28162 6.27943 6.27591 6.2711 6.26499 6.25764 6.24907 6.23932 6.22845 6.2165 6.20353 6.18961 6.17481 6.15919 6.14284 6.12583 6.10825 6.09019 6.07172 6.05295 6.03395 6.01482 5.99564 5.9765 5.95748 5.93867 5.92015 5.90198 5.88424 5.86699 5.8503 5.83422 5.81881 5.8041 5.79015 5.77699 5.76465 5.75316 5.74254 5.73281 5.724 5.71611 5.70915 5.70314 5.69808 5.69397 5.69083 5.68865 5.68744 
5.68032 5.68105 5.68275 5.68542 5.68906 5.69367 5.69925 5.70579 5.71328 5.72171 5.73108 5.74136 5.75254 5.76459 5.77749 5.79121 5.80571 5.82096 5.8369 5.85348 5.87065 5.88835 5.90652 5.92507 5.94395 5.96308 5.98237 6.00173 6.0211 6.04037 6.05946 6.07829 6.09676 6.11479 6.13229 6.14918 6.16538 6.18082 6.19541 6.20909 6.22179 6.23345 6.24402 6.25345 6.26168 6.26868 6.27442 6.27887 6.28201 6.28382 6.2843 6.28343 6.28123 6.27771 6.27288 6.26677 6.2594 6.2508 6.24104 6.23014 6.21816 6.20516 6.19121 6.17637 6.16072 6.14433 6.12728 6.10966 6.09155 6.07304 6.05422 6.03518 6.016 5.99677 5.97758 5.95852 5.93966 5.92109 5.90287 5.88509 5.8678 5.85106 5.83494 5.81948 5.80474 5.79075 5.77755 5.76518 5.75365 5.74301 5.73325 5.72441 5.7165 5.70952 5.7035 5.69842 5.6943 5.69115 5.68896 5.68775 
