6.76667 6.76686 6.76717 6.76762 6.76819 6.76889 6.76972 6.77067 6.77175 6.77295 6.77428 6.77573 6.7773 6.77899 6.7808 6.78272 6.78474 6.78688 6.78911 6.79144 6.79386 6.79636 6.79893 6.80157 6.80427 6.80701 6.80979 6.8126 6.81542 6.81825 6.82106 6.82386 6.82661 6.82932 6.83196 6.83453 6.83701 6.83938 6.84164 6.84378 6.84577 6.84761 6.84928 6.85079 6.85212 6.85325 6.8542 6.85494 6.85548 6.85581 6.85594 6.85585 6.85556 6.85505 6.85435 6.85345 6.85236 6.85108 6.84962 6.848 6.84621 6.84428 6.84222 6.84003 6.83773 6.83533 6.83285 6.8303 6.82769 6.82503 6.82235 6.81965 6.81694 6.81425 6.81157 6.80893 6.80633 6.80378 6.8013 6.79889 6.79656 6.79432 6.79217 6.79013 6.78819 6.78636 6.78464 6.78304 6.78157 6.78021 6.77898 6.77788 6.77691 6.77606 6.77534 6.77476 6.7743 6.77397 6.77377 6.7737 
6.76686 6.76705 6.76736 6.76781 6.76838 6.76909 6.76992 6.77087 6.77196 6.77317 6.7745 6.77596 6.77754 6.77924 6.78106 6.78298 6.78502 6.78717 6.78941 6.79176 6.79419 6.7967 6.79929 6.80194 6.80466 6.80742 6.81022 6.81304 6.81588 6.81872 6.82155 6.82436 6.82714 6.82986 6.83252 6.8351 6.83759 6.83998 6.84226 6.8444 6.8464 6.84825 6.84994 6.85146 6.85279 6.85393 6.85488 6.85563 6.85617 6.85651 6.85663 6.85654 6.85625 6.85574 6.85504 6.85413 6.85303 6.85174 6.85028 6.84864 6.84685 6.84491 6.84283 6.84063 6.83831 6.8359 6.8334 6.83083 6.82821 6.82554 6.82284 6.82012 6.8174 6.81469 6.81199 6.80934 6.80672 6.80416 6.80166 6.79924 6.79689 6.79464 6.79248 6.79042 6.78847 6.78662 6.7849 6.78329 6.78181 6.78044 6.77921 6.7781 6.77712 6.77627 6.77555 6.77495 6.77449 6.77416 6.77396 6.77389 
6.76717 6.76736 6.76768 6.76813 6.76871 6.76943 6.77027 6.77124 6.77234 6.77356 6.77492 6.7764 6.778 6.77972 6.78156 6.78352 6.78559 6.78776 6.79004 6.79242 6.79488 6.79743 6.80006 6.80275 6.8055 6.80831 6.81114 6.81401 6.81689 6.81977 6.82264 6.82549 6.82831 6.83107 6.83376 6.83638 6.83891 6.84133 6.84364 6.84581 6.84784 6.84972 6.85143 6.85297 6.85432 6.85548 6.85644 6.8572 6.85775 6.85808 6.85821 6.85812 6.85782 6.85731 6.85659 6.85567 6.85455 6.85324 6.85176 6.8501 6.84828 6.84631 6.8442 6.84197 6.83962 6.83717 6.83464 6.83203 6.82936 6.82665 6.82391 6.82116 6.81839 6.81564 6.81291 6.81021 6.80756 6.80496 6.80242 6.79996 6.79758 6.79529 6.7931 6.79101 6.78903 6.78716 6.7854 6.78377 6.78226 6.78088 6.77962 6.77849 6.7775 6.77663 6.7759 6.77529 6.77482 6.77448 6.77428 6.7742 
6.76762 6.76781 6.76813 6.76859 6.76918 6.76991 6.77077 6.77176 6.77288 6.77414 6.77552 6.77703 6.77867 6.78043 6.78232 6.78432 6.78643 6.78866 6.79099 6.79342 6.79594 6.79855 6.80124 6.80399 6.80681 6.80967 6.81257 6.8155 6.81845 6.82139 6.82433 6.82724 6.83012 6.83294 6.8357 6.83838 6.84096 6.84343 6.84579 6.84801 6.85008 6.852 6.85375 6.85532 6.8567 6.85788 6.85886 6.85963 6.86019 6.86054 6.86066 6.86057 6.86026 6.85974 6.859 6.85806 6.85692 6.85558 6.85406 6.85236 6.8505 6.84849 6.84633 6.84405 6.84164 6.83914 6.83655 6.83388 6.83116 6.82838 6.82558 6.82276 6.81993 6.81712 6.81432 6.81156 6.80884 6.80618 6.80358 6.80106 6.79863 6.79628 6.79404 6.79189 6.78986 6.78795 6.78615 6.78448 6.78293 6.78151 6.78022 6.77907 6.77804 6.77715 6.7764 6.77578 6.77529 6.77494 6.77473 6.77465 
6.76819 6.76838 6.76871 6.76918 6.76979 6.77054 6.77142 6.77244 6.7736 6.77489 6.77632 6.77787 6.77956 6.78138 6.78332 6.78538 6.78756 6.78986 6.79226 6.79477 6.79737 6.80005 6.80282 6.80566 6.80856 6.81151 6.8145 6.81752 6.82055 6.82359 6.82661 6.82961 6.83257 6.83548 6.83832 6.84108 6.84373 6.84628 6.8487 6.85099 6.85312 6.85509 6.85689 6.8585 6.85992 6.86114 6.86215 6.86294 6.86352 6.86387 6.864 6.8639 6.86358 6.86304 6.86228 6.86131 6.86013 6.85875 6.85718 6.85544 6.85352 6.85144 6.84922 6.84686 6.84439 6.84181 6.83914 6.83639 6.83358 6.83072 6.82783 6.82492 6.82201 6.8191 6.81622 6.81337 6.81057 6.80782 6.80515 6.80255 6.80003 6.79761 6.79529 6.79308 6.79098 6.789 6.78714 6.78541 6.78381 6.78234 6.78101 6.77981 6.77875 6.77783 6.77705 6.7764 6.7759 6.77554 6.77531 6.77522 
6.76889 6.76909 6.76943 6.76991 6.77054 6.77131 6.77223 6.77328 6.77448 6.77582 6.7773 6.77892 6.78067 6.78255 6.78457 6.78671 6.78897 6.79136 6.79385 6.79645 6.79915 6.80194 6.80481 6.80776 6.81077 6.81383 6.81693 6.82006 6.82321 6.82635 6.82949 6.8326 6.83567 6.83868 6.84162 6.84448 6.84723 6.84987 6.85238 6.85474 6.85695 6.85899 6.86085 6.86252 6.86399 6.86525 6.86629 6.86711 6.8677 6.86806 6.86819 6.86809 6.86776 6.86719 6.86641 6.8654 6.86417 6.86275 6.86112 6.85931 6.85732 6.85516 6.85286 6.85041 6.84785 6.84517 6.8424 6.83955 6.83663 6.83367 6.83067 6.82765 6.82462 6.82161 6.81861 6.81565 6.81274 6.80989 6.80711 6.8044 6.80179 6.79927 6.79686 6.79455 6.79237 6.79031 6.78838 6.78657 6.78491 6.78338 6.78199 6.78074 6.77963 6.77867 6.77785 6.77717 6.77664 6.77626 6.77602 6.77593 
6.76972 6.76992 6.77027 6.77077 6.77142 6.77223 6.77318 6.77428 6.77553 6.77693 6.77847 6.78016 6.78199 6.78396 6.78606 6.7883 6.79067 6.79315 6.79576 6.79847 6.80129 6.8042 6.8072 6.81028 6.81342 6.81661 6.81985 6.82312 6.8264 6.82968 6.83295 6.8362 6.83939 6.84253 6.8456 6.84857 6.85144 6.85419 6.85681 6.85927 6.86157 6.86369 6.86563 6.86736 6.86889 6.8702 6.87128 6.87213 6.87275 6.87312 6.87325 6.87314 6.87279 6.8722 6.87138 6.87033 6.86905 6.86756 6.86586 6.86397 6.86189 6.85965 6.85724 6.85469 6.85201 6.84922 6.84633 6.84335 6.84031 6.83721 6.83408 6.83093 6.82777 6.82462 6.82149 6.8184 6.81535 6.81237 6.80946 6.80663 6.8039 6.80126 6.79873 6.79632 6.79404 6.79188 6.78985 6.78796 6.78621 6.78461 6.78315 6.78183 6.78067 6.77966 6.7788 6.77808 6.77752 6.77712 6.77686 6.77676 
6.77067 6.77087 6.77124 6.77176 6.77244 6.77328 6.77428 6.77544 6.77675 6.77822 6.77984 6.78161 6.78353 6.78559 6.7878 6.79015 6.79263 6.79525 6.79798 6.80083 6.80379 6.80685 6.80999 6.81322 6.81652 6.81987 6.82326 6.82669 6.83013 6.83357 6.837 6.8404 6.84375 6.84704 6.85025 6.85336 6.85636 6.85924 6.86198 6.86455 6.86696 6.86918 6.8712 6.87302 6.87461 6.87598 6.87711 6.878 6.87864 6.87903 6.87916 6.87905 6.87867 6.87805 6.87719 6.87608 6.87474 6.87318 6.8714 6.86941 6.86724 6.86488 6.86236 6.85969 6.85688 6.85395 6.85091 6.84779 6.8446 6.84135 6.83806 6.83475 6.83144 6.82813 6.82484 6.8216 6.8184 6.81526 6.8122 6.80923 6.80635 6.80358 6.80092 6.79839 6.79598 6.7937 6.79157 6.78957 6.78773 6.78604 6.78449 6.78311 6.78188 6.7808 6.77989 6.77914 6.77854 6.77811 6.77783 6.77772 
6.77175 6.77196 6.77234 6.77288 6.7736 6.77448 6.77553 6.77675 6.77813 6.77968 6.78138 6.78325 6.78528 6.78745 6.78978 6.79226 6.79488 6.79763 6.80052 6.80352 6.80664 6.80986 6.81318 6.81658 6.82005 6.82358 6.82716 6.83077 6.83439 6.83801 6.84162 6.84519 6.84872 6.85218 6.85555 6.85883 6.86198 6.86501 6.86788 6.87059 6.87311 6.87545 6.87757 6.87947 6.88115 6.88258 6.88376 6.88469 6.88536 6.88577 6.88591 6.88578 6.88539 6.88473 6.88382 6.88265 6.88124 6.8796 6.87772 6.87563 6.87334 6.87086 6.86821 6.86539 6.86243 6.85935 6.85615 6.85286 6.8495 6.84608 6.84261 6.83913 6.83563 6.83214 6.82868 6.82525 6.82187 6.81857 6.81534 6.8122 6.80916 6.80623 6.80342 6.80073 6.79819 6.79578 6.79352 6.79141 6.78945 6.78766 6.78602 6.78455 6.78325 6.78211 6.78113 6.78033 6.77969 6.77923 6.77893 6.7788 
6.77295 6.77317 6.77356 6.77414 6.77489 6.77582 6.77693 6.77822 6.77968 6.78131 6.78312 6.78509 6.78723 6.78954 6.79201 6.79463 6.7974 6.80031 6.80336 6.80654 6.80984 6.81325 6.81676 6.82035 6.82402 6.82775 6.83153 6.83534 6.83917 6.843 6.8468 6.85058 6.8543 6.85795 6.86151 6.86496 6.86829 6.87148 6.87451 6.87736 6.88002 6.88248 6.88471 6.88672 6.88848 6.88999 6.89123 6.89221 6.89291 6.89333 6.89348 6.89334 6.89292 6.89223 6.89126 6.89003 6.88854 6.88679 6.88481 6.88261 6.88019 6.87757 6.87476 6.87179 6.86867 6.86541 6.86203 6.85856 6.855 6.85138 6.84772 6.84403 6.84033 6.83664 6.83298 6.82935 6.82578 6.82227 6.81885 6.81552 6.8123 6.80919 6.80621 6.80337 6.80066 6.79811 6.79571 6.79346 6.79139 6.78948 6.78774 6.78617 6.78478 6.78356 6.78252 6.78166 6.78098 6.78048 6.78015 6.78001 
6.77428 6.7745 6.77492 6.77552 6.77632 6.7773 6.77847 6.77984 6.78138 6.78312 6.78503 6.78713 6.7894 6.79185 6.79446 6.79725 6.80019 6.80328 6.80651 6.80989 6.81338 6.817 6.82072 6.82453 6.82842 6.83237 6.83638 6.84041 6.84446 6.84851 6.85254 6.85654 6.86047 6.86433 6.8681 6.87175 6.87527 6.87864 6.88184 6.88485 6.88766 6.89026 6.89262 6.89473 6.89659 6.89818 6.89949 6.90052 6.90126 6.9017 6.90185 6.9017 6.90125 6.90051 6.89949 6.89818 6.8966 6.89476 6.89266 6.89033 6.88776 6.88499 6.88202 6.87887 6.87556 6.87211 6.86854 6.86485 6.86109 6.85725 6.85337 6.84946 6.84554 6.84162 6.83773 6.83389 6.83009 6.82637 6.82274 6.8192 6.81578 6.81248 6.80931 6.80628 6.8034 6.80068 6.79813 6.79574 6.79352 6.79148 6.78963 6.78795 6.78646 6.78516 6.78405 6.78313 6.7824 6.78185 6.7815 6.78135 
6.77573 6.77596 6.7764 6.77703 6.77787 6.77892 6.78016 6.78161 6.78325 6.78509 6.78713 6.78935 6.79177 6.79437 6.79716 6.80011 6.80324 6.80652 6.80996 6.81355 6.81727 6.82111 6.82506 6.8291 6.83323 6.83743 6.84168 6.84596 6.85026 6.85455 6.85883 6.86306 6.86723 6.87132 6.87531 6.87918 6.88291 6.88647 6.88986 6.89305 6.89602 6.89876 6.90126 6.9035 6.90546 6.90714 6.90852 6.90961 6.91038 6.91085 6.911 6.91084 6.91036 6.90958 6.90849 6.9071 6.90543 6.90347 6.90125 6.89877 6.89605 6.89311 6.88996 6.88662 6.88311 6.87945 6.87565 6.87175 6.86775 6.86368 6.85956 6.8554 6.85124 6.84708 6.84294 6.83885 6.83482 6.83086 6.827 6.82324 6.81959 6.81607 6.8127 6.80947 6.8064 6.8035 6.80077 6.79822 6.79586 6.79368 6.79169 6.7899 6.78831 6.78692 6.78572 6.78473 6.78395 6.78336 6.78298 6.7828 
6.7773 6.77754 6.778 6.77867 6.77956 6.78067 6.78199 6.78353 6.78528 6.78723 6.7894 6.79177 6.79434 6.79711 6.80008 6.80322 6.80655 6.81005 6.81371 6.81752 6.82148 6.82556 6.82976 6.83407 6.83846 6.84292 6.84743 6.85198 6.85654 6.8611 6.86564 6.87013 6.87456 6.8789 6.88313 6.88723 6.89118 6.89496 6.89855 6.90193 6.90508 6.90798 6.91062 6.91299 6.91507 6.91684 6.9183 6.91945 6.92027 6.92076 6.92091 6.92074 6.92023 6.91939 6.91824 6.91676 6.91498 6.9129 6.91054 6.90791 6.90503 6.9019 6.89856 6.89501 6.89129 6.8874 6.88337 6.87922 6.87497 6.87064 6.86626 6.86185 6.85742 6.85299 6.84859 6.84424 6.83995 6.83573 6.83162 6.82761 6.82372 6.81997 6.81637 6.81293 6.80966 6.80656 6.80364 6.80092 6.79839 6.79606 6.79394 6.79202 6.79031 6.78882 6.78754 6.78647 6.78562 6.78499 6.78458 6.78438 
6.77899 6.77924 6.77972 6.78043 6.78138 6.78255 6.78396 6.78559 6.78745 6.78954 6.79185 6.79437 6.79711 6.80006 6.80322 6.80657 6.81012 6.81384 6.81774 6.8218 6.82601 6.83036 6.83483 6.8394 6.84407 6.84882 6.85362 6.85845 6.8633 6.86815 6.87297 6.87774 6.88244 6.88704 6.89153 6.89589 6.90008 6.90408 6.90789 6.91147 6.91481 6.91788 6.92068 6.92319 6.92538 6.92726 6.92881 6.93002 6.93088 6.9314 6.93156 6.93137 6.93083 6.92994 6.9287 6.92714 6.92524 6.92304 6.92053 6.91773 6.91467 6.91135 6.9078 6.90403 6.90007 6.89594 6.89166 6.88725 6.88273 6.87813 6.87347 6.86877 6.86406 6.85935 6.85467 6.85003 6.84546 6.84097 6.83658 6.83231 6.82817 6.82417 6.82033 6.81665 6.81316 6.80985 6.80673 6.80382 6.80111 6.79862 6.79635 6.79429 6.79246 6.79086 6.78949 6.78834 6.78743 6.78675 6.7863 6.78608 
6.7808 6.78106 6.78156 6.78232 6.78332 6.78457 6.78606 6.7878 6.78978 6.79201 6.79446 6.79716 6.80008 6.80322 6.80658 6.81015 6.81393 6.8179 6.82205 6.82637 6.83085 6.83548 6.84024 6.84511 6.85008 6.85512 6.86022 6.86536 6.87052 6.87567 6.88079 6.88586 6.89085 6.89574 6.9005 6.90512 6.90956 6.91382 6.91785 6.92165 6.92518 6.92844 6.93141 6.93406 6.93639 6.93837 6.94001 6.94129 6.9422 6.94274 6.94291 6.9427 6.94213 6.94118 6.93987 6.9382 6.93619 6.93384 6.93118 6.92821 6.92495 6.92143 6.91766 6.91365 6.90945 6.90505 6.9005 6.89581 6.89101 6.88612 6.88117 6.87617 6.87115 6.86614 6.86116 6.85622 6.85135 6.84657 6.84189 6.83733 6.83292 6.82865 6.82455 6.82063 6.81689 6.81336 6.81003 6.80692 6.80402 6.80136 6.79892 6.79673 6.79476 6.79305 6.79157 6.79034 6.78936 6.78862 6.78813 6.78789 
6.78272 6.78298 6.78352 6.78432 6.78538 6.78671 6.7883 6.79015 6.79226 6.79463 6.79725 6.80011 6.80322 6.80657 6.81015 6.81396 6.81798 6.8222 6.82662 6.83123 6.836 6.84092 6.84598 6.85117 6.85645 6.86181 6.86724 6.8727 6.87818 6.88365 6.88909 6.89447 6.89976 6.90495 6.91001 6.91491 6.91962 6.92413 6.9284 6.93243 6.93618 6.93963 6.94277 6.94558 6.94804 6.95014 6.95188 6.95323 6.95419 6.95476 6.95493 6.95471 6.95409 6.95308 6.95169 6.94992 6.94778 6.94529 6.94246 6.93931 6.93585 6.93211 6.9281 6.92385 6.91938 6.91472 6.90988 6.9049 6.89979 6.89459 6.88932 6.88401 6.87868 6.87334 6.86804 6.86278 6.8576 6.8525 6.84752 6.84267 6.83796 6.83341 6.82904 6.82485 6.82087 6.81709 6.81354 6.81021 6.80712 6.80427 6.80166 6.79931 6.79721 6.79537 6.79378 6.79246 6.7914 6.79061 6.79008 6.78982 
6.78474 6.78502 6.78559 6.78643 6.78756 6.78897 6.79067 6.79263 6.79488 6.7974 6.80019 6.80324 6.80655 6.81012 6.81393 6.81798 6.82226 6.82676 6.83146 6.83636 6.84143 6.84667 6.85205 6.85756 6.86317 6.86887 6.87464 6.88044 6.88625 6.89206 6.89783 6.90354 6.90916 6.91467 6.92003 6.92522 6.93022 6.93499 6.93952 6.94379 6.94775 6.95141 6.95473 6.95771 6.96031 6.96254 6.96437 6.96579 6.96681 6.96741 6.96759 6.96735 6.96669 6.96561 6.96413 6.96225 6.95998 6.95734 6.95434 6.95099 6.94733 6.94335 6.9391 6.93459 6.92985 6.92489 6.91976 6.91447 6.90905 6.90353 6.89793 6.89228 6.88661 6.88094 6.8753 6.86971 6.86419 6.85877 6.85346 6.84829 6.84328 6.83843 6.83377 6.82931 6.82506 6.82103 6.81724 6.81369 6.81038 6.80734 6.80455 6.80204 6.79979 6.79782 6.79612 6.79471 6.79357 6.79272 6.79214 6.79186 
6.78688 6.78717 6.78776 6.78866 6.78986 6.79136 6.79315 6.79525 6.79763 6.80031 6.80328 6.80652 6.81005 6.81384 6.8179 6.8222 6.82676 6.83154 6.83654 6.84174 6.84714 6.8527 6.85842 6.86427 6.87023 6.87628 6.8824 6.88856 6.89473 6.90089 6.90701 6.91306 6.91901 6.92485 6.93053 6.93603 6.94132 6.94638 6.95117 6.95568 6.95988 6.96375 6.96727 6.97041 6.97316 6.97551 6.97745 6.97895 6.98002 6.98065 6.98084 6.98058 6.97988 6.97874 6.97717 6.97517 6.97277 6.96996 6.96678 6.96323 6.95935 6.95514 6.95063 6.94584 6.94081 6.93556 6.93012 6.9245 6.91875 6.91289 6.90695 6.90095 6.89493 6.88891 6.88291 6.87697 6.87111 6.86534 6.8597 6.8542 6.84886 6.84371 6.83874 6.83399 6.82946 6.82517 6.82113 6.81734 6.81382 6.81056 6.80759 6.8049 6.8025 6.80039 6.79858 6.79706 6.79585 6.79493 6.79431 6.794 
6.78911 6.78941 6.79004 6.79099 6.79226 6.79385 6.79576 6.79798 6.80052 6.80336 6.80651 6.80996 6.81371 6.81774 6.82205 6.82662 6.83146 6.83654 6.84185 6.84737 6.8531 6.85901 6.86507 6.87128 6.8776 6.88402 6.8905 6.89703 6.90357 6.9101 6.91658 6.92299 6.92929 6.93547 6.94148 6.9473 6.9529 6.95824 6.96331 6.96808 6.97252 6.97661 6.98032 6.98364 6.98655 6.98903 6.99107 6.99266 6.99379 6.99445 6.99464 6.99436 6.99362 6.99241 6.99074 6.98863 6.98608 6.98311 6.97974 6.97599 6.97187 6.96742 6.96264 6.95758 6.95225 6.94668 6.94091 6.93497 6.92887 6.92266 6.91636 6.91 6.90361 6.89722 6.89086 6.88456 6.87833 6.87221 6.86622 6.86037 6.8547 6.84922 6.84394 6.83888 6.83407 6.8295 6.82519 6.82116 6.81741 6.81394 6.81077 6.8079 6.80534 6.80309 6.80115 6.79953 6.79823 6.79725 6.79658 6.79624 
6.79144 6.79176 6.79242 6.79342 6.79477 6.79645 6.79847 6.80083 6.80352 6.80654 6.80989 6.81355 6.81752 6.8218 6.82637 6.83123 6.83636 6.84174 6.84737 6.85323 6.8593 6.86556 6.87199 6.87857 6.88527 6.89206 6.89893 6.90584 6.91276 6.91966 6.92652 6.9333 6.93996 6.94649 6.95284 6.95899 6.96491 6.97056 6.97591 6.98094 6.98563 6.98994 6.99386 6.99736 7.00043 7.00305 7.0052 7.00687 7.00806 7.00875 7.00895 7.00865 7.00786 7.00658 7.00482 7.00258 6.99989 6.99675 6.99319 6.98922 6.98487 6.98015 6.9751 6.96975 6.96411 6.95823 6.95212 6.94583 6.93938 6.9328 6.92613 6.9194 6.91263 6.90586 6.89912 6.89244 6.88584 6.87935 6.87299 6.86679 6.86077 6.85495 6.84934 6.84398 6.83886 6.834 6.82942 6.82513 6.82114 6.81746 6.81408 6.81103 6.8083 6.8059 6.80383 6.8021 6.80071 6.79966 6.79895 6.79858 
6.79386 6.79419 6.79488 6.79594 6.79737 6.79915 6.80129 6.80379 6.80664 6.80984 6.81338 6.81727 6.82148 6.82601 6.83085 6.836 6.84143 6.84714 6.8531 6.8593 6.86573 6.87235 6.87916 6.88611 6.8932 6.90038 6.90764 6.91494 6.92226 6.92955 6.93679 6.94395 6.95099 6.95788 6.96458 6.97107 6.97731 6.98327 6.98892 6.99422 6.99916 7.00371 7.00784 7.01153 7.01476 7.01751 7.01977 7.02153 7.02278 7.02351 7.02372 7.0234 7.02256 7.02121 7.01934 7.01698 7.01414 7.01083 7.00706 7.00287 6.99828 6.9933 6.98797 6.98232 6.97636 6.97015 6.9637 6.95705 6.95023 6.94328 6.93623 6.92911 6.92196 6.9148 6.90767 6.90059 6.89361 6.88673 6.88 6.87343 6.86705 6.86088 6.85494 6.84925 6.84382 6.83867 6.83381 6.82926 6.82502 6.8211 6.81752 6.81427 6.81137 6.80882 6.80662 6.80477 6.80329 6.80217 6.8014 6.80101 
6.79636 6.7967 6.79743 6.79855 6.80005 6.80194 6.8042 6.80685 6.80986 6.81325 6.817 6.82111 6.82556 6.83036 6.83548 6.84092 6.84667 6.8527 6.85901 6.86556 6.87235 6.87935 6.88654 6.89389 6.90137 6.90896 6.91662 6.92432 6.93204 6.93973 6.94737 6.95491 6.96234 6.9696 6.97666 6.9835 6.99007 6.99634 7.00229 7.00787 7.01307 7.01786 7.0222 7.02608 7.02948 7.03237 7.03475 7.0366 7.03791 7.03867 7.03889 7.03855 7.03766 7.03623 7.03427 7.03178 7.02878 7.02529 7.02133 7.01691 7.01207 7.00682 7.0012 6.99524 6.98896 6.98241 6.97561 6.96859 6.9614 6.95407 6.94663 6.93911 6.93156 6.924 6.91646 6.90899 6.90161 6.89434 6.88723 6.88028 6.87353 6.867 6.86071 6.85469 6.84894 6.84348 6.83833 6.83351 6.82901 6.82486 6.82106 6.81762 6.81454 6.81183 6.80949 6.80753 6.80595 6.80476 6.80394 6.80352 
6.79893 6.79929 6.80006 6.80124 6.80282 6.80481 6.8072 6.80999 6.81318 6.81676 6.82072 6.82506 6.82976 6.83483 6.84024 6.84598 6.85205 6.85842 6.86507 6.87199 6.87916 6.88654 6.89412 6.90187 6.90975 6.91775 6.92582 6.93394 6.94206 6.95017 6.95821 6.96615 6.97396 6.9816 6.98903 6.99622 7.00313 7.00973 7.01598 7.02185 7.02731 7.03234 7.0369 7.04097 7.04454 7.04758 7.05008 7.05201 7.05339 7.05418 7.0544 7.05405 7.05311 7.0516 7.04954 7.04692 7.04376 7.04009 7.03592 7.03127 7.02618 7.02066 7.01474 7.00847 7.00186 6.99496 6.9878 6.98042 6.97285 6.96512 6.95728 6.94936 6.9414 6.93343 6.92549 6.9176 6.90982 6.90215 6.89464 6.88731 6.88018 6.87328 6.86664 6.86027 6.8542 6.84843 6.84298 6.83788 6.83312 6.82873 6.82471 6.82106 6.8178 6.81492 6.81245 6.81037 6.80869 6.80742 6.80656 6.8061 
6.80157 6.80194 6.80275 6.80399 6.80566 6.80776 6.81028 6.81322 6.81658 6.82035 6.82453 6.8291 6.83407 6.8394 6.84511 6.85117 6.85756 6.86427 6.87128 6.87857 6.88611 6.89389 6.90187 6.91002 6.91832 6.92673 6.93522 6.94376 6.9523 6.96082 6.96927 6.97761 6.98582 6.99384 7.00165 7.00919 7.01645 7.02337 7.02993 7.03609 7.04182 7.04709 7.05188 7.05615 7.05989 7.06307 7.06569 7.06772 7.06915 7.06999 7.07021 7.06983 7.06885 7.06726 7.06509 7.06234 7.05903 7.05517 7.05079 7.04591 7.04056 7.03476 7.02855 7.02196 7.01502 7.00777 7.00024 6.99248 6.98452 6.9764 6.96815 6.95982 6.95144 6.94306 6.9347 6.9264 6.9182 6.91013 6.90221 6.89449 6.88698 6.87971 6.8727 6.86599 6.85957 6.85349 6.84774 6.84235 6.83733 6.83269 6.82844 6.82458 6.82114 6.8181 6.81548 6.81328 6.8115 6.81016 6.80924 6.80875 
6.80427 6.80466 6.8055 6.80681 6.80856 6.81077 6.81342 6.81652 6.82005 6.82402 6.82842 6.83323 6.83846 6.84407 6.85008 6.85645 6.86317 6.87023 6.8776 6.88527 6.8932 6.90137 6.90975 6.91832 6.92704 6.93587 6.94478 6.95374 6.96271 6.97165 6.98051 6.98927 6.99787 7.00628 7.01446 7.02237 7.02997 7.03722 7.04409 7.05055 7.05655 7.06206 7.06707 7.07154 7.07546 7.07879 7.08152 7.08365 7.08515 7.08602 7.08625 7.08585 7.08481 7.08315 7.08087 7.07799 7.07452 7.07047 7.06588 7.06077 7.05516 7.04908 7.04257 7.03565 7.02838 7.02077 7.01288 7.00474 6.99638 6.98785 6.9792 6.97045 6.96166 6.95285 6.94407 6.93535 6.92673 6.91824 6.90992 6.9018 6.8939 6.88625 6.87888 6.87181 6.86506 6.85865 6.85259 6.84692 6.84162 6.83673 6.83225 6.82818 6.82454 6.82134 6.81857 6.81625 6.81437 6.81295 6.81198 6.81146 
6.80701 6.80742 6.80831 6.80967 6.81151 6.81383 6.81661 6.81987 6.82358 6.82775 6.83237 6.83743 6.84292 6.84882 6.85512 6.86181 6.86887 6.87628 6.88402 6.89206 6.90038 6.90896 6.91775 6.92673 6.93587 6.94513 6.95447 6.96386 6.97325 6.98261 6.99189 7.00106 7.01006 7.01886 7.02742 7.0357 7.04365 7.05123 7.05842 7.06516 7.07143 7.0772 7.08243 7.0871 7.09119 7.09467 7.09753 7.09974 7.10131 7.10221 7.10245 7.10203 7.10095 7.09921 7.09682 7.0938 7.09017 7.08594 7.08113 7.07578 7.06991 7.06355 7.05674 7.0495 7.04189 7.03393 7.02566 7.01713 7.00838 6.99945 6.99038 6.98122 6.972 6.96276 6.95356 6.94441 6.93537 6.92647 6.91774 6.90921 6.90091 6.89288 6.88514 6.87771 6.87062 6.86388 6.85752 6.85155 6.84598 6.84083 6.83612 6.83184 6.82801 6.82463 6.82172 6.81927 6.81729 6.81579 6.81476 6.81421 
6.80979 6.81022 6.81114 6.81257 6.8145 6.81693 6.81985 6.82326 6.82716 6.83153 6.83638 6.84168 6.84743 6.85362 6.86022 6.86724 6.87464 6.8824 6.8905 6.89893 6.90764 6.91662 6.92582 6.93522 6.94478 6.95447 6.96424 6.97406 6.98388 6.99366 7.00336 7.01294 7.02235 7.03154 7.04048 7.04912 7.05742 7.06534 7.07284 7.07987 7.08642 7.09243 7.09789 7.10276 7.10703 7.11065 7.11363 7.11594 7.11757 7.11851 7.11876 7.11831 7.11718 7.11536 7.11287 7.10972 7.10592 7.1015 7.09649 7.0909 7.08477 7.07813 7.07101 7.06345 7.05549 7.04718 7.03854 7.02962 7.02048 7.01114 7.00166 6.99207 6.98243 6.97277 6.96313 6.95356 6.94409 6.93477 6.92562 6.91669 6.908 6.89958 6.89146 6.88368 6.87624 6.86917 6.8625 6.85623 6.85039 6.84499 6.84003 6.83554 6.83152 6.82797 6.82491 6.82233 6.82025 6.81867 6.81759 6.817 
6.8126 6.81304 6.81401 6.8155 6.81752 6.82006 6.82312 6.82669 6.83077 6.83534 6.84041 6.84596 6.85198 6.85845 6.86536 6.8727 6.88044 6.88856 6.89703 6.90584 6.91494 6.92432 6.93394 6.94376 6.95374 6.96386 6.97406 6.9843 6.99455 7.00476 7.01488 7.02487 7.03468 7.04427 7.05358 7.06259 7.07124 7.07949 7.0873 7.09463 7.10144 7.10771 7.11339 7.11846 7.12289 7.12667 7.12977 7.13217 7.13386 7.13484 7.13509 7.13463 7.13344 7.13155 7.12895 7.12566 7.12171 7.11711 7.11188 7.10605 7.09966 7.09274 7.08532 7.07744 7.06914 7.06047 7.05146 7.04216 7.03262 7.02287 7.01297 7.00297 6.9929 6.98281 6.97275 6.96275 6.95286 6.94311 6.93355 6.92421 6.91512 6.90632 6.89783 6.88968 6.8819 6.8745 6.86751 6.86095 6.85483 6.84917 6.84398 6.83927 6.83505 6.83133 6.82812 6.82542 6.82324 6.82157 6.82044 6.81982 
6.81542 6.81588 6.81689 6.81845 6.82055 6.82321 6.8264 6.83013 6.83439 6.83917 6.84446 6.85026 6.85654 6.8633 6.87052 6.87818 6.88625 6.89473 6.90357 6.91276 6.92226 6.93204 6.94206 6.9523 6.96271 6.97325 6.98388 6.99455 7.00523 7.01586 7.02639 7.03679 7.047 7.05698 7.06667 7.07604 7.08503 7.09361 7.10173 7.10935 7.11644 7.12295 7.12886 7.13413 7.13873 7.14265 7.14587 7.14836 7.15012 7.15113 7.1514 7.15091 7.14968 7.1477 7.145 7.14158 7.13747 7.13268 7.12724 7.12118 7.11453 7.10733 7.09961 7.09141 7.08277 7.07374 7.06437 7.05468 7.04475 7.0346 7.02429 7.01386 7.00337 6.99286 6.98237 6.97194 6.96163 6.95146 6.94149 6.93174 6.92226 6.91307 6.90421 6.8957 6.88757 6.87984 6.87254 6.86568 6.85928 6.85337 6.84794 6.84301 6.8386 6.83471 6.83135 6.82852 6.82624 6.82449 6.8233 6.82265 
6.81825 6.81872 6.81977 6.82139 6.82359 6.82635 6.82968 6.83357 6.83801 6.843 6.84851 6.85455 6.8611 6.86815 6.87567 6.88365 6.89206 6.90089 6.9101 6.91966 6.92955 6.93973 6.95017 6.96082 6.97165 6.98261 6.99366 7.00476 7.01586 7.0269 7.03785 7.04866 7.05926 7.06962 7.07969 7.08942 7.09876 7.10766 7.11609 7.124 7.13135 7.1381 7.14423 7.14969 7.15447 7.15854 7.16187 7.16445 7.16627 7.16732 7.16759 7.16709 7.1658 7.16375 7.16095 7.1574 7.15313 7.14815 7.14251 7.13622 7.12931 7.12183 7.11382 7.1053 7.09633 7.08695 7.07721 7.06715 7.05682 7.04627 7.03555 7.02471 7.0138 7.00286 6.99195 6.9811 6.97037 6.95979 6.9494 6.93925 6.92938 6.9198 6.91057 6.9017 6.89322 6.88517 6.87755 6.8704 6.86373 6.85756 6.85189 6.84675 6.84215 6.83809 6.83458 6.83163 6.82924 6.82742 6.82617 6.82549 
6.82106 6.82155 6.82264 6.82433 6.82661 6.82949 6.83295 6.837 6.84162 6.8468 6.85254 6.85883 6.86564 6.87297 6.88079 6.88909 6.89783 6.90701 6.91658 6.92652 6.93679 6.94737 6.95821 6.96927 6.98051 6.99189 7.00336 7.01488 7.02639 7.03785 7.04921 7.06041 7.07141 7.08215 7.09259 7.10267 7.11234 7.12157 7.1303 7.13849 7.1461 7.1531 7.15944 7.1651 7.17004 7.17425 7.1777 7.18037 7.18225 7.18334 7.18362 7.18309 7.18176 7.17963 7.17672 7.17305 7.16862 7.16347 7.15762 7.1511 7.14394 7.13619 7.12788 7.11905 7.10975 7.10003 7.08992 7.07949 7.06878 7.05783 7.04671 7.03546 7.02413 7.01278 7.00145 6.99018 6.97903 6.96804 6.95726 6.94671 6.93644 6.92649 6.91688 6.90766 6.89885 6.89047 6.88254 6.8751 6.86816 6.86173 6.85583 6.85048 6.84568 6.84145 6.83779 6.83472 6.83222 6.83033 6.82902 6.82831 
6.82386 6.82436 6.82549 6.82724 6.82961 6.8326 6.8362 6.8404 6.84519 6.85058 6.85654 6.86306 6.87013 6.87774 6.88586 6.89447 6.90354 6.91306 6.92299 6.9333 6.94395 6.95491 6.96615 6.97761 6.98927 7.00106 7.01294 7.02487 7.03679 7.04866 7.06041 7.07201 7.08339 7.0945 7.1053 7.11572 7.12573 7.13527 7.1443 7.15277 7.16064 7.16787 7.17442 7.18027 7.18538 7.18972 7.19329 7.19605 7.19799 7.19911 7.19939 7.19885 7.19747 7.19527 7.19226 7.18846 7.18388 7.17855 7.1725 7.16576 7.15836 7.15034 7.14174 7.13261 7.12299 7.11292 7.10246 7.09166 7.08057 7.06924 7.05772 7.04607 7.03433 7.02257 7.01083 6.99915 6.98759 6.9762 6.96501 6.95407 6.94342 6.93309 6.92313 6.91356 6.90441 6.8957 6.88748 6.87975 6.87254 6.86586 6.85973 6.85417 6.84918 6.84478 6.84098 6.83778 6.83519 6.83321 6.83185 6.83111 
6.82661 6.82714 6.82831 6.83012 6.83257 6.83567 6.83939 6.84375 6.84872 6.8543 6.86047 6.86723 6.87456 6.88244 6.89085 6.89976 6.90916 6.91901 6.92929 6.93996 6.95099 6.96234 6.97396 6.98582 6.99787 7.01006 7.02235 7.03468 7.047 7.05926 7.07141 7.08339 7.09514 7.10662 7.11777 7.12853 7.13886 7.14871 7.15803 7.16677 7.17489 7.18234 7.18911 7.19514 7.20041 7.20489 7.20857 7.21141 7.21341 7.21456 7.21486 7.21429 7.21287 7.2106 7.20749 7.20356 7.19884 7.19334 7.18709 7.18013 7.17249 7.16421 7.15533 7.1459 7.13596 7.12557 7.11476 7.1036 7.09214 7.08043 7.06853 7.05648 7.04435 7.03219 7.02004 7.00796 6.99601 6.98421 6.97264 6.96131 6.95029 6.93959 6.92927 6.91936 6.90988 6.90086 6.89234 6.88433 6.87685 6.86992 6.86357 6.8578 6.85263 6.84807 6.84412 6.8408 6.83811 6.83606 6.83465 6.83388 
6.82932 6.82986 6.83107 6.83294 6.83548 6.83868 6.84253 6.84704 6.85218 6.85795 6.86433 6.87132 6.8789 6.88704 6.89574 6.90495 6.91467 6.92485 6.93547 6.94649 6.95788 6.9696 6.9816 6.99384 7.00628 7.01886 7.03154 7.04427 7.05698 7.06962 7.08215 7.0945 7.10662 7.11845 7.12994 7.14104 7.15168 7.16183 7.17142 7.18043 7.18879 7.19647 7.20343 7.20964 7.21507 7.21968 7.22346 7.22639 7.22845 7.22963 7.22993 7.22935 7.22788 7.22554 7.22234 7.2183 7.21343 7.20776 7.20132 7.19415 7.18628 7.17775 7.1686 7.15888 7.14863 7.13791 7.12677 7.11527 7.10344 7.09137 7.07908 7.06666 7.05414 7.04158 7.02904 7.01658 7.00423 6.99205 6.98009 6.9684 6.957 6.94595 6.93529 6.92504 6.91524 6.90591 6.8971 6.88881 6.88108 6.87391 6.86734 6.86137 6.85602 6.85129 6.84721 6.84377 6.84098 6.83886 6.83739 6.8366 
6.83196 6.83252 6.83376 6.8357 6.83832 6.84162 6.8456 6.85025 6.85555 6.86151 6.8681 6.87531 6.88313 6.89153 6.9005 6.91001 6.92003 6.93053 6.94148 6.95284 6.96458 6.97666 6.98903 7.00165 7.01446 7.02742 7.04048 7.05358 7.06667 7.07969 7.09259 7.1053 7.11777 7.12994 7.14176 7.15317 7.16412 7.17456 7.18443 7.19368 7.20228 7.21017 7.21733 7.22371 7.22929 7.23403 7.23792 7.24092 7.24304 7.24425 7.24456 7.24396 7.24245 7.24004 7.23675 7.23259 7.22758 7.22175 7.21513 7.20776 7.19966 7.19088 7.18147 7.17147 7.16093 7.1499 7.13843 7.12659 7.11442 7.10199 7.08934 7.07654 7.06365 7.05072 7.0378 7.02495 7.01223 6.99968 6.98735 6.97529 6.96354 6.95214 6.94114 6.93057 6.92045 6.91083 6.90173 6.89318 6.8852 6.8778 6.87101 6.86485 6.85932 6.85444 6.85022 6.84666 6.84378 6.84159 6.84007 6.83925 
6.83453 6.8351 6.83638 6.83838 6.84108 6.84448 6.84857 6.85336 6.85883 6.86496 6.87175 6.87918 6.88723 6.89589 6.90512 6.91491 6.92522 6.93603 6.9473 6.95899 6.97107 6.9835 6.99622 7.00919 7.02237 7.0357 7.04912 7.06259 7.07604 7.08942 7.10267 7.11572 7.12853 7.14104 7.15317 7.16489 7.17613 7.18684 7.19697 7.20647 7.21529 7.22339 7.23074 7.23729 7.24301 7.24787 7.25186 7.25494 7.25711 7.25835 7.25867 7.25804 7.25649 7.25402 7.25064 7.24637 7.24123 7.23525 7.22846 7.22088 7.21257 7.20356 7.1939 7.18362 7.1728 7.16147 7.14969 7.13753 7.12502 7.11224 7.09925 7.08609 7.07284 7.05954 7.04626 7.03305 7.01996 7.00705 6.99436 6.98195 6.96986 6.95813 6.94681 6.93592 6.92551 6.9156 6.90623 6.89742 6.88919 6.88157 6.87457 6.86822 6.86252 6.85749 6.85314 6.84947 6.8465 6.84424 6.84268 6.84182 
6.83701 6.83759 6.83891 6.84096 6.84373 6.84723 6.85144 6.85636 6.86198 6.86829 6.87527 6.88291 6.89118 6.90008 6.90956 6.91962 6.93022 6.94132 6.9529 6.96491 6.97731 6.99007 7.00313 7.01645 7.02997 7.04365 7.05742 7.07124 7.08503 7.09876 7.11234 7.12573 7.13886 7.15168 7.16412 7.17613 7.18765 7.19863 7.209 7.21873 7.22777 7.23607 7.24359 7.2503 7.25616 7.26114 7.26522 7.26838 7.2706 7.27187 7.27219 7.27155 7.26996 7.26743 7.26396 7.25959 7.25432 7.24819 7.24123 7.23347 7.22495 7.21572 7.20581 7.19528 7.18419 7.17257 7.1605 7.14802 7.1352 7.12209 7.10876 7.09526 7.08166 7.06802 7.05439 7.04083 7.02739 7.01413 7.00111 6.98836 6.97594 6.96389 6.95226 6.94107 6.93037 6.92019 6.91055 6.90149 6.89304 6.8852 6.878 6.87147 6.86561 6.86043 6.85595 6.85218 6.84913 6.84679 6.84519 6.84431 
6.83938 6.83998 6.84133 6.84343 6.84628 6.84987 6.85419 6.85924 6.86501 6.87148 6.87864 6.88647 6.89496 6.90408 6.91382 6.92413 6.93499 6.94638 6.95824 6.97056 6.98327 6.99634 7.00973 7.02337 7.03722 7.05123 7.06534 7.07949 7.09361 7.10766 7.12157 7.13527 7.14871 7.16183 7.17456 7.18684 7.19863 7.20985 7.22046 7.23042 7.23966 7.24814 7.25583 7.26269 7.26868 7.27377 7.27794 7.28117 7.28344 7.28474 7.28506 7.28441 7.28278 7.28019 7.27665 7.27217 7.26679 7.26052 7.2534 7.24546 7.23674 7.2273 7.21716 7.20639 7.19504 7.18315 7.17079 7.15802 7.1449 7.13148 7.11783 7.10401 7.09008 7.07611 7.06214 7.04825 7.03448 7.0209 7.00755 6.99448 6.98175 6.9694 6.95746 6.94599 6.93501 6.92457 6.91469 6.90539 6.89671 6.88867 6.88129 6.87458 6.86856 6.86325 6.85865 6.85478 6.85164 6.84924 6.84759 6.84669 
6.84164 6.84226 6.84364 6.84579 6.8487 6.85238 6.85681 6.86198 6.86788 6.87451 6.88184 6.88986 6.89855 6.90789 6.91785 6.9284 6.93952 6.95117 6.96331 6.97591 6.98892 7.00229 7.01598 7.02993 7.04409 7.05842 7.07284 7.0873 7.10173 7.11609 7.1303 7.1443 7.15803 7.17142 7.18443 7.19697 7.209 7.22046 7.2313 7.24146 7.25089 7.25956 7.2674 7.2744 7.28051 7.28571 7.28996 7.29326 7.29557 7.29689 7.29722 7.29656 7.2949 7.29225 7.28864 7.28407 7.27857 7.27217 7.2649 7.25679 7.24789 7.23824 7.2279 7.21689 7.2053 7.19316 7.18053 7.16748 7.15407 7.14036 7.12641 7.11229 7.09805 7.08376 7.06948 7.05527 7.0412 7.0273 7.01364 7.00028 6.98725 6.97461 6.9624 6.95066 6.93942 6.92873 6.91861 6.90909 6.9002 6.89197 6.88441 6.87753 6.87137 6.86593 6.86122 6.85725 6.85403 6.85158 6.84988 6.84895 
6.84378 6.8444 6.84581 6.84801 6.85099 6.85474 6.85927 6.86455 6.87059 6.87736 6.88485 6.89305 6.90193 6.91147 6.92165 6.93243 6.94379 6.95568 6.96808 6.98094 6.99422 7.00787 7.02185 7.03609 7.05055 7.06516 7.07987 7.09463 7.10935 7.124 7.13849 7.15277 7.16677 7.18043 7.19368 7.20647 7.21873 7.23042 7.24146 7.25181 7.26143 7.27025 7.27825 7.28538 7.2916 7.2969 7.30123 7.30458 7.30694 7.30829 7.30862 7.30794 7.30625 7.30355 7.29987 7.29521 7.28961 7.28308 7.27567 7.26741 7.25834 7.24851 7.23796 7.22674 7.21492 7.20254 7.18966 7.17636 7.16268 7.14869 7.13446 7.12005 7.10553 7.09095 7.07637 7.06187 7.0475 7.03332 7.01937 7.00573 6.99242 6.97951 6.96704 6.95504 6.94357 6.93264 6.9223 6.91258 6.90349 6.89507 6.88734 6.88032 6.87401 6.86845 6.86363 6.85958 6.85629 6.85377 6.85204 6.85109 
6.84577 6.8464 6.84784 6.85008 6.85312 6.85695 6.86157 6.86696 6.87311 6.88002 6.88766 6.89602 6.90508 6.91481 6.92518 6.93618 6.94775 6.95988 6.97252 6.98563 6.99916 7.01307 7.02731 7.04182 7.05655 7.07143 7.08642 7.10144 7.11644 7.13135 7.1461 7.16064 7.17489 7.18879 7.20228 7.21529 7.22777 7.23966 7.25089 7.26143 7.27121 7.28018 7.28832 7.29557 7.3019 7.30728 7.31169 7.3151 7.31749 7.31887 7.31921 7.31851 7.31679 7.31405 7.3103 7.30556 7.29986 7.29322 7.28568 7.27728 7.26805 7.25804 7.2473 7.23589 7.22385 7.21125 7.19815 7.1846 7.17068 7.15644 7.14195 7.12727 7.11248 7.09763 7.08278 7.06801 7.05337 7.03891 7.02471 7.0108 6.99724 6.98408 6.97136 6.95913 6.94743 6.93628 6.92574 6.91582 6.90655 6.89797 6.89008 6.88291 6.87648 6.8708 6.86589 6.86175 6.85839 6.85583 6.85406 6.85309 
6.84761 6.84825 6.84972 6.852 6.85509 6.85899 6.86369 6.86918 6.87545 6.88248 6.89026 6.89876 6.90798 6.91788 6.92844 6.93963 6.95141 6.96375 6.97661 6.98994 7.00371 7.01786 7.03234 7.04709 7.06206 7.0772 7.09243 7.10771 7.12295 7.1381 7.1531 7.16787 7.18234 7.19647 7.21017 7.22339 7.23607 7.24814 7.25956 7.27025 7.28018 7.2893 7.29756 7.30492 7.31135 7.31681 7.32129 7.32475 7.32718 7.32857 7.32892 7.32821 7.32646 7.32368 7.31987 7.31506 7.30927 7.30252 7.29487 7.28633 7.27696 7.26679 7.25588 7.24429 7.23206 7.21926 7.20594 7.19218 7.17802 7.16355 7.14882 7.13391 7.11886 7.10377 7.08867 7.07365 7.05876 7.04406 7.02961 7.01546 7.00167 6.98828 6.97534 6.96289 6.95098 6.93964 6.92891 6.91881 6.90938 6.90064 6.89261 6.88531 6.87876 6.87298 6.86797 6.86375 6.86034 6.85772 6.85592 6.85493 
6.84928 6.84994 6.85143 6.85375 6.85689 6.86085 6.86563 6.8712 6.87757 6.88471 6.89262 6.90126 6.91062 6.92068 6.93141 6.94277 6.95473 6.96727 6.98032 6.99386 7.00784 7.0222 7.0369 7.05188 7.06707 7.08243 7.09789 7.11339 7.12886 7.14423 7.15944 7.17442 7.18911 7.20343 7.21733 7.23074 7.24359 7.25583 7.2674 7.27825 7.28832 7.29756 7.30593 7.31339 7.31991 7.32545 7.32998 7.33349 7.33596 7.33737 7.33771 7.337 7.33522 7.3324 7.32854 7.32366 7.31779 7.31095 7.30319 7.29453 7.28503 7.27472 7.26366 7.2519 7.2395 7.22651 7.21301 7.19904 7.18469 7.17 7.15506 7.13992 7.12466 7.10934 7.09402 7.07877 7.06366 7.04873 7.03406 7.01969 7.00569 6.99209 6.97895 6.96631 6.95421 6.94269 6.93179 6.92153 6.91195 6.90307 6.89491 6.88749 6.88083 6.87496 6.86987 6.86558 6.86211 6.85945 6.85762 6.85661 
6.85079 6.85146 6.85297 6.85532 6.8585 6.86252 6.86736 6.87302 6.87947 6.88672 6.89473 6.9035 6.91299 6.92319 6.93406 6.94558 6.95771 6.97041 6.98364 6.99736 7.01153 7.02608 7.04097 7.05615 7.07154 7.0871 7.10276 7.11846 7.13413 7.14969 7.1651 7.18027 7.19514 7.20964 7.22371 7.23729 7.2503 7.26269 7.2744 7.28538 7.29557 7.30492 7.31339 7.32095 7.32754 7.33314 7.33773 7.34128 7.34377 7.3452 7.34555 7.34483 7.34303 7.34017 7.33626 7.33133 7.32538 7.31846 7.31061 7.30184 7.29222 7.28179 7.27059 7.25868 7.24613 7.23298 7.21931 7.20517 7.19063 7.17576 7.16062 7.14529 7.12983 7.11431 7.09879 7.08334 7.06803 7.0529 7.03804 7.02348 7.00928 6.9955 6.98218 6.96937 6.9571 6.94542 6.93437 6.92397 6.91425 6.90524 6.89696 6.88944 6.88269 6.87673 6.87157 6.86722 6.8637 6.861 6.85914 6.85812 
6.85212 6.85279 6.85432 6.8567 6.85992 6.86399 6.86889 6.87461 6.88115 6.88848 6.89659 6.90546 6.91507 6.92538 6.93639 6.94804 6.96031 6.97316 6.98655 7.00043 7.01476 7.02948 7.04454 7.05989 7.07546 7.09119 7.10703 7.12289 7.13873 7.15447 7.17004 7.18538 7.20041 7.21507 7.22929 7.24301 7.25616 7.26868 7.28051 7.2916 7.3019 7.31135 7.31991 7.32754 7.3342 7.33986 7.3445 7.34808 7.3506 7.35204 7.3524 7.35166 7.34985 7.34696 7.34301 7.33802 7.33201 7.32502 7.31708 7.30823 7.2985 7.28796 7.27664 7.26461 7.25192 7.23863 7.22481 7.21052 7.19582 7.18078 7.16548 7.14998 7.13435 7.11865 7.10296 7.08734 7.07185 7.05656 7.04152 7.02679 7.01243 6.99848 6.98501 6.97204 6.95963 6.94782 6.93663 6.9261 6.91627 6.90715 6.89877 6.89116 6.88433 6.87829 6.87307 6.86867 6.8651 6.86237 6.86049 6.85945 
6.85325 6.85393 6.85548 6.85788 6.86114 6.86525 6.8702 6.87598 6.88258 6.88999 6.89818 6.90714 6.91684 6.92726 6.93837 6.95014 6.96254 6.97551 6.98903 7.00305 7.01751 7.03237 7.04758 7.06307 7.07879 7.09467 7.11065 7.12667 7.14265 7.15854 7.17425 7.18972 7.20489 7.21968 7.23403 7.24787 7.26114 7.27377 7.28571 7.2969 7.30728 7.31681 7.32545 7.33314 7.33986 7.34557 7.35025 7.35386 7.3564 7.35786 7.35821 7.35747 7.35564 7.35273 7.34874 7.34371 7.33765 7.3306 7.32259 7.31365 7.30385 7.29321 7.28179 7.26965 7.25685 7.24344 7.22949 7.21507 7.20023 7.18506 7.16962 7.15397 7.1382 7.12235 7.10651 7.09074 7.07511 7.05966 7.04448 7.02961 7.01511 7.00103 6.98742 6.97433 6.96179 6.94986 6.93856 6.92793 6.91799 6.90878 6.90032 6.89263 6.88573 6.87963 6.87435 6.8699 6.8663 6.86354 6.86164 6.86059 
6.8542 6.85488 6.85644 6.85886 6.86215 6.86629 6.87128 6.87711 6.88376 6.89123 6.89949 6.90852 6.9183 6.92881 6.94001 6.95188 6.96437 6.97745 6.99107 7.0052 7.01977 7.03475 7.05008 7.06569 7.08152 7.09753 7.11363 7.12977 7.14587 7.16187 7.1777 7.19329 7.20857 7.22346 7.23792 7.25186 7.26522 7.27794 7.28996 7.30123 7.31169 7.32129 7.32998 7.33773 7.3445 7.35025 7.35495 7.35859 7.36115 7.36261 7.36297 7.36223 7.36038 7.35745 7.35343 7.34837 7.34226 7.33516 7.32709 7.3181 7.30822 7.2975 7.286 7.27378 7.26088 7.24737 7.23332 7.21879 7.20385 7.18857 7.17301 7.15725 7.14135 7.12539 7.10943 7.09353 7.07778 7.06222 7.04691 7.03193 7.01731 7.00312 6.9894 6.97621 6.96357 6.95154 6.94015 6.92943 6.91941 6.91013 6.9016 6.89384 6.88688 6.88074 6.87541 6.87093 6.86729 6.86451 6.86259 6.86154 
6.85494 6.85563 6.8572 6.85963 6.86294 6.86711 6.87213 6.878 6.88469 6.89221 6.90052 6.90961 6.91945 6.93002 6.94129 6.95323 6.96579 6.97895 6.99266 7.00687 7.02153 7.0366 7.05201 7.06772 7.08365 7.09974 7.11594 7.13217 7.14836 7.16445 7.18037 7.19605 7.21141 7.22639 7.24092 7.25494 7.26838 7.28117 7.29326 7.30458 7.3151 7.32475 7.33349 7.34128 7.34808 7.35386 7.35859 7.36225 7.36483 7.36629 7.36665 7.36591 7.36405 7.3611 7.35706 7.35197 7.34583 7.33869 7.33058 7.32153 7.3116 7.30083 7.28926 7.27697 7.264 7.25042 7.23629 7.22168 7.20665 7.19128 7.17563 7.15978 7.14379 7.12774 7.11168 7.0957 7.07985 7.0642 7.0488 7.03373 7.01902 7.00475 6.99095 6.97767 6.96496 6.95285 6.94139 6.93061 6.92053 6.91118 6.9026 6.89479 6.88779 6.8816 6.87625 6.87173 6.86807 6.86528 6.86334 6.86228 
6.85548 6.85617 6.85775 6.86019 6.86352 6.8677 6.87275 6.87864 6.88536 6.89291 6.90126 6.91038 6.92027 6.93088 6.9422 6.95419 6.96681 6.98002 6.99379 7.00806 7.02278 7.03791 7.05339 7.06915 7.08515 7.10131 7.11757 7.13386 7.15012 7.16627 7.18225 7.19799 7.21341 7.22845 7.24304 7.25711 7.2706 7.28344 7.29557 7.30694 7.31749 7.32718 7.33596 7.34377 7.3506 7.3564 7.36115 7.36483 7.3674 7.36888 7.36924 7.36849 7.36663 7.36366 7.35961 7.3545 7.34834 7.34117 7.33303 7.32395 7.31398 7.30316 7.29155 7.27921 7.26619 7.25256 7.23837 7.22371 7.20862 7.19319 7.17748 7.16157 7.14551 7.12939 7.11328 7.09723 7.08131 7.0656 7.05014 7.035 7.02024 7.0059 6.99204 6.97871 6.96595 6.95379 6.94228 6.93145 6.92132 6.91194 6.90332 6.89548 6.88844 6.88223 6.87685 6.87232 6.86864 6.86583 6.86389 6.86282 
6.85581 6.85651 6.85808 6.86054 6.86387 6.86806 6.87312 6.87903 6.88577 6.89333 6.9017 6.91085 6.92076 6.9314 6.94274 6.95476 6.96741 6.98065 6.99445 7.00875 7.02351 7.03867 7.05418 7.06999 7.08602 7.10221 7.11851 7.13484 7.15113 7.16732 7.18334 7.19911 7.21456 7.22963 7.24425 7.25835 7.27187 7.28474 7.29689 7.30829 7.31887 7.32857 7.33737 7.3452 7.35204 7.35786 7.36261 7.36629 7.36888 7.37036 7.37072 7.36996 7.3681 7.36513 7.36107 7.35594 7.34977 7.34259 7.33443 7.32533 7.31533 7.3045 7.29286 7.28049 7.26745 7.25378 7.23957 7.22487 7.20975 7.19429 7.17854 7.16259 7.14651 7.13035 7.1142 7.09811 7.08216 7.06641 7.05092 7.03574 7.02095 7.00658 6.99269 6.97932 6.96653 6.95434 6.9428 6.93194 6.9218 6.91239 6.90375 6.89589 6.88884 6.88261 6.87722 6.87267 6.86899 6.86617 6.86422 6.86316 
