3.36721 3.36743 3.36765 3.3679 3.36815 3.36842 3.3687 3.36899 3.3693 3.36962 3.36997 3.37033 3.37072 3.37113 3.37157 3.37205 3.37256 3.3731 3.37369 3.37433 3.37501 3.37574 3.37652 3.37735 3.37823 3.37916 3.38013 3.38116 3.38223 3.38333 3.38447 3.38564 3.38683 3.38803 3.38924 3.39044 3.39163 3.3928 3.39394 3.39503 3.39607 3.39705 3.39796 3.39878 3.39952 3.40016 3.4007 3.40114 3.40146 3.40166 3.40175 3.40172 3.40157 3.40131 3.40093 3.40045 3.39986 3.39917 3.3984 3.39754 3.39661 3.39561 3.39457 3.39347 3.39234 3.39119 3.39002 3.38885 3.38768 3.38653 3.38539 3.38429 3.38322 3.38219 3.3812 3.38027 3.37939 3.37858 3.37782 3.37712 3.37648 3.37591 3.37539 3.37494 3.37455 3.37422 3.37394 3.37371 3.37353 3.3734 3.37332 3.37328 3.37327 3.3733 3.37337 3.37346 3.37358 3.37372 3.37388 3.37406 
3.36743 3.36764 3.36787 3.36811 3.36836 3.36863 3.36891 3.36921 3.36951 3.36984 3.37018 3.37055 3.37094 3.37135 3.3718 3.37227 3.37279 3.37334 3.37394 3.37458 3.37526 3.376 3.37679 3.37763 3.37852 3.37946 3.38045 3.38149 3.38257 3.3837 3.38485 3.38604 3.38725 3.38847 3.38969 3.39091 3.39212 3.39331 3.39446 3.39557 3.39663 3.39762 3.39854 3.39938 3.40013 3.40079 3.40133 3.40177 3.4021 3.40231 3.40239 3.40236 3.40221 3.40194 3.40156 3.40107 3.40047 3.39977 3.39899 3.39811 3.39717 3.39616 3.39509 3.39398 3.39284 3.39167 3.39048 3.38929 3.3881 3.38693 3.38578 3.38466 3.38357 3.38253 3.38153 3.38058 3.37969 3.37886 3.37809 3.37739 3.37674 3.37616 3.37564 3.37518 3.37479 3.37445 3.37416 3.37393 3.37376 3.37363 3.37354 3.3735 3.37349 3.37352 3.37358 3.37367 3.37379 3.37393 3.37409 3.37428 
3.36765 3.36787 3.3681 3.36834 3.3686 3.36887 3.36915 3.36945 3.36976 3.3701 3.37045 3.37082 3.37122 3.37165 3.37211 3.3726 3.37314 3.37371 3.37433 3.37499 3.37571 3.37648 3.3773 3.37818 3.37911 3.38009 3.38113 3.38221 3.38334 3.38451 3.38572 3.38696 3.38822 3.3895 3.39078 3.39205 3.39332 3.39455 3.39576 3.39692 3.39802 3.39905 3.40002 3.40089 3.40167 3.40235 3.40292 3.40338 3.40372 3.40393 3.40402 3.40399 3.40383 3.40355 3.40315 3.40263 3.40201 3.40128 3.40046 3.39954 3.39856 3.3975 3.39639 3.39523 3.39403 3.39281 3.39157 3.39032 3.38909 3.38786 3.38666 3.38548 3.38435 3.38325 3.38221 3.38122 3.38029 3.37942 3.37862 3.37788 3.3772 3.37659 3.37604 3.37556 3.37514 3.37479 3.37449 3.37424 3.37405 3.37391 3.37381 3.37376 3.37374 3.37377 3.37382 3.37391 3.37403 3.37416 3.37432 3.3745 
3.3679 3.36811 3.36834 3.36859 3.36885 3.36912 3.36941 3.36972 3.37004 3.37039 3.37076 3.37115 3.37157 3.37202 3.37251 3.37303 3.3736 3.37421 3.37487 3.37558 3.37635 3.37717 3.37805 3.37899 3.37999 3.38105 3.38216 3.38332 3.38454 3.3858 3.38709 3.38842 3.38977 3.39114 3.39251 3.39387 3.39523 3.39655 3.39784 3.39908 3.40025 3.40136 3.40239 3.40332 3.40415 3.40488 3.40548 3.40597 3.40633 3.40656 3.40665 3.40661 3.40644 3.40614 3.40571 3.40515 3.40448 3.4037 3.40282 3.40185 3.40079 3.39966 3.39846 3.39722 3.39594 3.39463 3.3933 3.39197 3.39064 3.38932 3.38803 3.38677 3.38555 3.38438 3.38326 3.3822 3.3812 3.38026 3.37939 3.37859 3.37786 3.3772 3.37661 3.37608 3.37563 3.37523 3.3749 3.37463 3.37441 3.37425 3.37413 3.37406 3.37404 3.37405 3.37409 3.37417 3.37428 3.37441 3.37457 3.37475 
3.36815 3.36836 3.3686 3.36885 3.36911 3.3694 3.3697 3.37002 3.37036 3.37072 3.37112 3.37153 3.37198 3.37247 3.373 3.37357 3.37418 3.37485 3.37557 3.37635 3.37719 3.37809 3.37906 3.38009 3.38119 3.38235 3.38357 3.38484 3.38618 3.38756 3.38898 3.39043 3.39191 3.3934 3.3949 3.3964 3.39787 3.39932 3.40072 3.40207 3.40336 3.40456 3.40568 3.40669 3.4076 3.40838 3.40904 3.40957 3.40996 3.4102 3.4103 3.41026 3.41007 3.40973 3.40926 3.40866 3.40792 3.40707 3.4061 3.40504 3.40388 3.40265 3.40134 3.39998 3.39858 3.39715 3.3957 3.39424 3.39278 3.39134 3.38992 3.38854 3.38721 3.38592 3.38469 3.38352 3.38241 3.38138 3.38042 3.37954 3.37873 3.37799 3.37734 3.37675 3.37624 3.37579 3.37542 3.3751 3.37485 3.37465 3.37451 3.37442 3.37437 3.37436 3.37439 3.37446 3.37455 3.37468 3.37483 3.375 
3.36842 3.36863 3.36887 3.36912 3.3694 3.36969 3.37001 3.37035 3.37071 3.3711 3.37152 3.37198 3.37247 3.373 3.37358 3.37421 3.37489 3.37564 3.37644 3.37731 3.37824 3.37925 3.38033 3.38148 3.38271 3.384 3.38536 3.38679 3.38827 3.38981 3.39139 3.39301 3.39466 3.39632 3.39799 3.39964 3.40128 3.40288 3.40444 3.40593 3.40735 3.40869 3.40992 3.41104 3.41204 3.41291 3.41363 3.41421 3.41463 3.4149 3.41501 3.41495 3.41474 3.41437 3.41384 3.41317 3.41235 3.4114 3.41033 3.40915 3.40787 3.4065 3.40505 3.40354 3.40198 3.40039 3.39877 3.39715 3.39553 3.39393 3.39235 3.39081 3.38932 3.38788 3.3865 3.38519 3.38396 3.3828 3.38172 3.38072 3.37981 3.37898 3.37823 3.37757 3.37698 3.37647 3.37603 3.37566 3.37536 3.37512 3.37494 3.37481 3.37474 3.37471 3.37472 3.37477 3.37485 3.37496 3.37511 3.37527 
3.3687 3.36891 3.36915 3.36941 3.3697 3.37001 3.37034 3.37071 3.3711 3.37152 3.37198 3.37248 3.37303 3.37362 3.37427 3.37497 3.37574 3.37657 3.37748 3.37846 3.37952 3.38066 3.38188 3.38318 3.38457 3.38603 3.38757 3.38918 3.39085 3.39259 3.39437 3.39619 3.39804 3.39991 3.40178 3.40365 3.40548 3.40728 3.40902 3.41069 3.41228 3.41377 3.41515 3.4164 3.41751 3.41848 3.41928 3.41992 3.42039 3.42069 3.4208 3.42074 3.42049 3.42007 3.41948 3.41872 3.41781 3.41674 3.41554 3.41422 3.41278 3.41124 3.40961 3.40792 3.40617 3.40438 3.40256 3.40074 3.39891 3.39711 3.39533 3.39359 3.39191 3.39028 3.38872 3.38724 3.38584 3.38453 3.3833 3.38216 3.38112 3.38017 3.37931 3.37854 3.37786 3.37727 3.37675 3.37632 3.37595 3.37566 3.37543 3.37526 3.37515 3.37509 3.37507 3.3751 3.37516 3.37526 3.3754 3.37556 
3.36899 3.36921 3.36945 3.36972 3.37002 3.37035 3.37071 3.3711 3.37152 3.37199 3.3725 3.37306 3.37366 3.37433 3.37506 3.37586 3.37673 3.37768 3.37871 3.37982 3.38103 3.38233 3.38372 3.38521 3.38678 3.38845 3.3902 3.39203 3.39394 3.39591 3.39793 3.4 3.4021 3.40422 3.40633 3.40844 3.41051 3.41254 3.4145 3.41639 3.41818 3.41985 3.4214 3.4228 3.42405 3.42513 3.42604 3.42675 3.42728 3.4276 3.42773 3.42765 3.42737 3.42689 3.42622 3.42536 3.42433 3.42313 3.42177 3.42027 3.41864 3.4169 3.41507 3.41315 3.41117 3.40915 3.40709 3.40503 3.40296 3.40091 3.39889 3.39692 3.395 3.39315 3.39138 3.38969 3.38809 3.38658 3.38517 3.38387 3.38267 3.38157 3.38058 3.37969 3.37889 3.37819 3.37759 3.37707 3.37663 3.37627 3.37598 3.37576 3.3756 3.3755 3.37545 3.37545 3.3755 3.37558 3.3757 3.37586 
3.3693 3.36951 3.36976 3.37004 3.37036 3.37071 3.3711 3.37152 3.37199 3.37251 3.37308 3.3737 3.37439 3.37514 3.37597 3.37688 3.37787 3.37895 3.38013 3.38141 3.38279 3.38428 3.38588 3.38758 3.38938 3.39129 3.39329 3.39539 3.39756 3.39981 3.40212 3.40447 3.40686 3.40927 3.41167 3.41406 3.41641 3.41871 3.42093 3.42306 3.42508 3.42697 3.42872 3.4303 3.4317 3.43292 3.43393 3.43474 3.43532 3.43568 3.43582 3.43573 3.4354 3.43486 3.4341 3.43312 3.43195 3.43059 3.42905 3.42735 3.42551 3.42354 3.42146 3.41928 3.41704 3.41474 3.4124 3.41005 3.4077 3.40537 3.40307 3.40082 3.39863 3.39651 3.39448 3.39255 3.39071 3.38898 3.38736 3.38586 3.38447 3.3832 3.38205 3.38101 3.38008 3.37926 3.37854 3.37792 3.37739 3.37695 3.3766 3.37632 3.3761 3.37596 3.37587 3.37584 3.37586 3.37592 3.37603 3.37617 
3.36962 3.36984 3.3701 3.37039 3.37072 3.3711 3.37152 3.37199 3.37251 3.37308 3.37372 3.37442 3.3752 3.37606 3.377 3.37804 3.37918 3.38042 3.38177 3.38324 3.38483 3.38654 3.38837 3.39032 3.39239 3.39458 3.39687 3.39927 3.40175 3.40432 3.40695 3.40964 3.41236 3.4151 3.41783 3.42054 3.42321 3.42582 3.42833 3.43075 3.43303 3.43517 3.43714 3.43893 3.44051 3.44188 3.44302 3.44392 3.44458 3.44498 3.44513 3.44502 3.44465 3.44403 3.44316 3.44205 3.44072 3.43918 3.43743 3.43551 3.43342 3.43118 3.42882 3.42635 3.4238 3.42118 3.41852 3.41585 3.41317 3.41051 3.40789 3.40532 3.40281 3.40039 3.39807 3.39585 3.39374 3.39175 3.38989 3.38815 3.38655 3.38508 3.38374 3.38252 3.38144 3.38047 3.37962 3.37889 3.37826 3.37772 3.37728 3.37693 3.37666 3.37646 3.37632 3.37625 3.37624 3.37628 3.37637 3.3765 
3.36997 3.37018 3.37045 3.37076 3.37112 3.37152 3.37198 3.3725 3.37308 3.37372 3.37444 3.37523 3.37612 3.37709 3.37817 3.37936 3.38066 3.38209 3.38364 3.38533 3.38715 3.38911 3.39122 3.39346 3.39583 3.39833 3.40096 3.4037 3.40654 3.40947 3.41248 3.41554 3.41863 3.42175 3.42485 3.42793 3.43096 3.43391 3.43676 3.43949 3.44207 3.44449 3.44671 3.44873 3.45051 3.45205 3.45334 3.45435 3.45508 3.45553 3.45569 3.45556 3.45514 3.45443 3.45344 3.45219 3.45068 3.44893 3.44695 3.44477 3.4424 3.43986 3.43718 3.43438 3.43148 3.42851 3.4255 3.42245 3.4194 3.41637 3.41338 3.41045 3.40759 3.40482 3.40216 3.39961 3.39719 3.39491 3.39276 3.39076 3.38891 3.38721 3.38565 3.38424 3.38298 3.38184 3.38085 3.37997 3.37922 3.37858 3.37805 3.37761 3.37726 3.377 3.37682 3.3767 3.37665 3.37667 3.37673 3.37685 
3.37033 3.37055 3.37082 3.37115 3.37153 3.37198 3.37248 3.37306 3.3737 3.37442 3.37523 3.37614 3.37714 3.37826 3.37949 3.38085 3.38234 3.38398 3.38576 3.38769 3.38979 3.39204 3.39444 3.39701 3.39973 3.40259 3.40559 3.40872 3.41196 3.4153 3.41872 3.4222 3.42572 3.42925 3.43277 3.43626 3.43969 3.44303 3.44625 3.44933 3.45225 3.45497 3.45747 3.45974 3.46175 3.46348 3.46492 3.46605 3.46687 3.46737 3.46754 3.46739 3.46691 3.46611 3.46499 3.46357 3.46187 3.45989 3.45765 3.45518 3.4525 3.44963 3.4466 3.44343 3.44014 3.43677 3.43335 3.42989 3.42643 3.42298 3.41958 3.41624 3.41298 3.40982 3.40678 3.40387 3.40109 3.39847 3.39601 3.39371 3.39158 3.38962 3.38782 3.38618 3.38471 3.38339 3.38222 3.38119 3.3803 3.37954 3.37889 3.37836 3.37793 3.3776 3.37735 3.37719 3.3771 3.37708 3.37712 3.37722 
3.37072 3.37094 3.37122 3.37157 3.37198 3.37247 3.37303 3.37366 3.37439 3.3752 3.37612 3.37714 3.37828 3.37956 3.38096 3.38252 3.38423 3.3861 3.38814 3.39036 3.39275 3.39532 3.39808 3.401 3.40411 3.40737 3.41079 3.41435 3.41804 3.42183 3.42572 3.42966 3.43365 3.43765 3.44163 3.44557 3.44944 3.4532 3.45683 3.4603 3.46358 3.46664 3.46945 3.47199 3.47425 3.47619 3.4778 3.47907 3.47998 3.48053 3.48072 3.48054 3.47999 3.47909 3.47783 3.47623 3.47431 3.47207 3.46956 3.46677 3.46375 3.46051 3.45709 3.45351 3.4498 3.44599 3.44212 3.43821 3.43428 3.43038 3.42651 3.42272 3.41901 3.41542 3.41196 3.40863 3.40547 3.40248 3.39966 3.39702 3.39457 3.39231 3.39024 3.38835 3.38664 3.38511 3.38375 3.38255 3.3815 3.38059 3.37983 3.37918 3.37866 3.37825 3.37793 3.37771 3.37757 3.37752 3.37753 3.37762 
3.37113 3.37135 3.37165 3.37202 3.37247 3.373 3.37362 3.37433 3.37514 3.37606 3.37709 3.37826 3.37956 3.381 3.38261 3.38438 3.38633 3.38847 3.3908 3.39333 3.39606 3.39899 3.40213 3.40547 3.409 3.41271 3.41659 3.42063 3.42481 3.4291 3.43349 3.43795 3.44245 3.44696 3.45145 3.45588 3.46023 3.46446 3.46854 3.47243 3.4761 3.47953 3.48268 3.48552 3.48804 3.4902 3.492 3.49341 3.49443 3.49504 3.49525 3.49504 3.49442 3.4934 3.49198 3.49019 3.48803 3.48552 3.4827 3.47957 3.47617 3.47254 3.46869 3.46466 3.46049 3.4562 3.45184 3.44742 3.44299 3.43858 3.43421 3.42992 3.42572 3.42165 3.41771 3.41394 3.41034 3.40693 3.40372 3.40071 3.39791 3.39532 3.39294 3.39076 3.3888 3.38703 3.38545 3.38405 3.38282 3.38176 3.38086 3.38009 3.37946 3.37895 3.37856 3.37828 3.37809 3.37799 3.37798 3.37804 
3.37157 3.3718 3.37211 3.37251 3.373 3.37358 3.37427 3.37506 3.37597 3.377 3.37817 3.37949 3.38096 3.38261 3.38443 3.38645 3.38867 3.39111 3.39376 3.39663 3.39974 3.40307 3.40663 3.41042 3.41442 3.41862 3.42301 3.42757 3.43229 3.43714 3.44208 3.4471 3.45215 3.45722 3.46226 3.46723 3.4721 3.47683 3.48139 3.48574 3.48984 3.49366 3.49717 3.50033 3.50313 3.50554 3.50754 3.50911 3.51023 3.51091 3.51113 3.51089 3.51019 3.50905 3.50747 3.50546 3.50305 3.50025 3.49709 3.49359 3.48979 3.48572 3.48141 3.4769 3.47223 3.46742 3.46252 3.45756 3.45258 3.44762 3.4427 3.43786 3.43313 3.42852 3.42408 3.41981 3.41573 3.41186 3.40821 3.40479 3.4016 3.39864 3.39592 3.39344 3.39118 3.38914 3.38732 3.38571 3.38429 3.38305 3.38199 3.38109 3.38034 3.37973 3.37925 3.37889 3.37864 3.3785 3.37845 3.3785 
3.37205 3.37227 3.3726 3.37303 3.37357 3.37421 3.37497 3.37586 3.37688 3.37804 3.37936 3.38085 3.38252 3.38438 3.38645 3.38874 3.39126 3.39402 3.39703 3.40029 3.4038 3.40757 3.4116 3.41587 3.42039 3.42512 3.43007 3.43521 3.44051 3.44595 3.45149 3.45712 3.46278 3.46844 3.47407 3.47962 3.48505 3.49032 3.4954 3.50023 3.50479 3.50903 3.51293 3.51644 3.51954 3.52221 3.52442 3.52615 3.52739 3.52814 3.52837 3.5281 3.52732 3.52605 3.52428 3.52205 3.51937 3.51625 3.51273 3.50884 3.50462 3.50008 3.49528 3.49025 3.48503 3.47966 3.47418 3.46864 3.46307 3.45751 3.45199 3.44656 3.44124 3.43607 3.43106 3.42625 3.42165 3.41728 3.41315 3.40928 3.40566 3.40231 3.39922 3.39638 3.39381 3.39148 3.38939 3.38753 3.3859 3.38446 3.38323 3.38218 3.38129 3.38057 3.37999 3.37955 3.37924 3.37904 3.37896 3.37899 
3.37256 3.37279 3.37314 3.3736 3.37418 3.37489 3.37574 3.37673 3.37787 3.37918 3.38066 3.38234 3.38423 3.38633 3.38867 3.39126 3.39411 3.39723 3.40062 3.4043 3.40826 3.41251 3.41705 3.42185 3.42692 3.43224 3.43779 3.44354 3.44947 3.45555 3.46175 3.46802 3.47433 3.48063 3.48689 3.49306 3.49909 3.50494 3.51056 3.51592 3.52096 3.52565 3.52995 3.53383 3.53725 3.54019 3.54263 3.54453 3.5459 3.54671 3.54696 3.54666 3.54579 3.54438 3.54243 3.53995 3.53698 3.53353 3.52963 3.52533 3.52064 3.51561 3.51028 3.5047 3.4989 3.49293 3.48684 3.48067 3.47446 3.46826 3.4621 3.45603 3.45009 3.44429 3.43868 3.43329 3.42812 3.42321 3.41856 3.41419 3.41011 3.40632 3.40282 3.39961 3.39668 3.39404 3.39166 3.38953 3.38766 3.38601 3.38459 3.38336 3.38234 3.38149 3.3808 3.38027 3.37989 3.37963 3.37951 3.37951 
3.3731 3.37334 3.37371 3.37421 3.37485 3.37564 3.37657 3.37768 3.37895 3.38042 3.38209 3.38398 3.3861 3.38847 3.39111 3.39402 3.39723 3.40073 3.40455 3.40869 3.41314 3.4179 3.42298 3.42837 3.43404 3.43998 3.44617 3.45259 3.4592 3.46596 3.47285 3.47981 3.48681 3.4938 3.50073 3.50755 3.51421 3.52067 3.52687 3.53277 3.53833 3.54349 3.54822 3.55248 3.55624 3.55947 3.56214 3.56422 3.56572 3.5666 3.56688 3.56653 3.56558 3.56402 3.56186 3.55914 3.55586 3.55206 3.54777 3.54302 3.53785 3.5323 3.52642 3.52025 3.51384 3.50723 3.50049 3.49365 3.48676 3.47988 3.47304 3.46629 3.45966 3.45321 3.44695 3.44092 3.43515 3.42965 3.42444 3.41954 3.41496 3.41069 3.40675 3.40313 3.39982 3.39683 3.39413 3.39171 3.38957 3.3877 3.38606 3.38466 3.38347 3.38248 3.38168 3.38105 3.38058 3.38027 3.3801 3.38007 
3.37369 3.37394 3.37433 3.37487 3.37557 3.37644 3.37748 3.37871 3.38013 3.38177 3.38364 3.38576 3.38814 3.3908 3.39376 3.39703 3.40062 3.40455 3.40883 3.41345 3.41843 3.42375 3.42942 3.43542 3.44174 3.44835 3.45523 3.46235 3.46968 3.47717 3.48479 3.49249 3.50022 3.50792 3.51556 3.52307 3.5304 3.53749 3.5443 3.55078 3.55687 3.56252 3.5677 3.57236 3.57647 3.57999 3.58291 3.58519 3.58681 3.58778 3.58807 3.58768 3.58663 3.58492 3.58256 3.57957 3.57598 3.57181 3.56711 3.56189 3.55622 3.55013 3.54366 3.53688 3.52982 3.52255 3.51511 3.50757 3.49996 3.49235 3.48479 3.47731 3.46998 3.46281 3.45586 3.44916 3.44274 3.43661 3.4308 3.42533 3.42021 3.41543 3.41101 3.40695 3.40323 3.39985 3.39681 3.39408 3.39166 3.38952 3.38766 3.38606 3.3847 3.38356 3.38262 3.38189 3.38134 3.38096 3.38074 3.38068 
3.37433 3.37458 3.37499 3.37558 3.37635 3.37731 3.37846 3.37982 3.38141 3.38324 3.38533 3.38769 3.39036 3.39333 3.39663 3.40029 3.4043 3.40869 3.41345 3.4186 3.42414 3.43007 3.43636 3.44302 3.45002 3.45734 3.46496 3.47282 3.48091 3.48917 3.49756 3.50603 3.51453 3.52299 3.53136 3.53959 3.54762 3.55538 3.56282 3.56989 3.57653 3.5827 3.58834 3.59341 3.59789 3.60172 3.60488 3.60736 3.60912 3.61016 3.61047 3.61005 3.6089 3.60703 3.60446 3.6012 3.59728 3.59273 3.5876 3.5819 3.5757 3.56904 3.56197 3.55455 3.54682 3.53885 3.53069 3.5224 3.51405 3.50568 3.49735 3.48911 3.48101 3.4731 3.46542 3.45801 3.45089 3.44409 3.43765 3.43156 3.42586 3.42054 3.41561 3.41107 3.40691 3.40312 3.39971 3.39664 3.39391 3.3915 3.38939 3.38757 3.38602 3.38472 3.38365 3.38279 3.38215 3.38169 3.38142 3.38133 
3.37501 3.37526 3.37571 3.37635 3.37719 3.37824 3.37952 3.38103 3.38279 3.38483 3.38715 3.38979 3.39275 3.39606 3.39974 3.4038 3.40826 3.41314 3.41843 3.42414 3.43028 3.43684 3.4438 3.45116 3.45889 3.46696 3.47534 3.48399 3.49288 3.50195 3.51115 3.52042 3.52971 3.53896 3.5481 3.55708 3.56582 3.57427 3.58237 3.59005 3.59727 3.60396 3.61008 3.61558 3.62042 3.62457 3.62799 3.63067 3.63257 3.63369 3.63402 3.63356 3.63231 3.63028 3.62748 3.62395 3.61969 3.61476 3.60918 3.60299 3.59625 3.58901 3.58131 3.57322 3.56479 3.55609 3.54719 3.53813 3.52899 3.51982 3.51069 3.50166 3.49276 3.48407 3.47562 3.46745 3.45959 3.45209 3.44497 3.43824 3.43192 3.42602 3.42054 3.41549 3.41086 3.40664 3.40282 3.39939 3.39633 3.39363 3.39126 3.3892 3.38744 3.38596 3.38474 3.38377 3.38302 3.38248 3.38216 3.38203 
3.37574 3.376 3.37648 3.37717 3.37809 3.37925 3.38066 3.38233 3.38428 3.38654 3.38911 3.39204 3.39532 3.39899 3.40307 3.40757 3.41251 3.4179 3.42375 3.43007 3.43684 3.44406 3.45173 3.45982 3.46831 3.47717 3.48636 3.49584 3.50555 3.51546 3.5255 3.53561 3.54573 3.5558 3.56573 3.57548 3.58496 3.59412 3.60289 3.6112 3.619 3.62622 3.63283 3.63876 3.64398 3.64845 3.65214 3.65502 3.65707 3.65827 3.65862 3.65812 3.65676 3.65457 3.65155 3.64773 3.64314 3.6378 3.63177 3.62508 3.61779 3.60994 3.6016 3.59283 3.58368 3.57424 3.56455 3.5547 3.54475 3.53475 3.52479 3.51492 3.5052 3.49569 3.48642 3.47746 3.46884 3.4606 3.45276 3.44534 3.43837 3.43186 3.42581 3.42022 3.41508 3.4104 3.40616 3.40234 3.39893 3.39591 3.39325 3.39095 3.38897 3.3873 3.38592 3.38481 3.38395 3.38333 3.38294 3.38278 
3.37652 3.37679 3.3773 3.37805 3.37906 3.38033 3.38188 3.38372 3.38588 3.38837 3.39122 3.39444 3.39808 3.40213 3.40663 3.4116 3.41705 3.42298 3.42942 3.43636 3.4438 3.45173 3.46014 3.469 3.47828 3.48796 3.49799 3.50832 3.5189 3.52968 3.54059 3.55156 3.56254 3.57343 3.58419 3.59472 3.60496 3.61484 3.62429 3.63324 3.64163 3.64941 3.6565 3.66288 3.66848 3.67327 3.67723 3.68031 3.6825 3.68379 3.68416 3.68362 3.68216 3.6798 3.67655 3.67245 3.66751 3.66177 3.65528 3.64808 3.64023 3.63177 3.62278 3.61331 3.60343 3.59321 3.58274 3.57206 3.56127 3.55043 3.53961 3.52887 3.51829 3.50792 3.49782 3.48804 3.47861 3.46959 3.461 3.45287 3.44522 3.43806 3.4314 3.42524 3.41957 3.4144 3.40971 3.40548 3.4017 3.39834 3.39538 3.39281 3.3906 3.38873 3.38717 3.38592 3.38494 3.38423 3.38378 3.38357 
3.37735 3.37763 3.37818 3.37899 3.38009 3.38148 3.38318 3.38521 3.38758 3.39032 3.39346 3.39701 3.401 3.40547 3.41042 3.41587 3.42185 3.42837 3.43542 3.44302 3.45116 3.45982 3.469 3.47866 3.48877 3.4993 3.51019 3.52141 3.53288 3.54456 3.55636 3.56821 3.58006 3.59181 3.60339 3.61472 3.62574 3.63635 3.64649 3.65609 3.66508 3.6734 3.68099 3.6878 3.69379 3.69891 3.70313 3.70642 3.70876 3.71013 3.71052 3.70993 3.70837 3.70585 3.70238 3.69799 3.6927 3.68656 3.67961 3.6719 3.66347 3.6544 3.64474 3.63457 3.62394 3.61295 3.60166 3.59015 3.5785 3.56679 3.55508 3.54346 3.53199 3.52074 3.50977 3.49913 3.48888 3.47905 3.46968 3.4608 3.45244 3.4446 3.4373 3.43054 3.42433 3.41864 3.41347 3.40881 3.40463 3.40092 3.39764 3.39479 3.39233 3.39025 3.38851 3.3871 3.386 3.3852 3.38467 3.38442 
3.37823 3.37852 3.37911 3.37999 3.38119 3.38271 3.38457 3.38678 3.38938 3.39239 3.39583 3.39973 3.40411 3.409 3.41442 3.42039 3.42692 3.43404 3.44174 3.45002 3.45889 3.46831 3.47828 3.48877 3.49974 3.51114 3.52293 3.53505 3.54744 3.56002 3.57273 3.58549 3.59822 3.61084 3.62326 3.6354 3.64719 3.65854 3.66937 3.67962 3.68921 3.69808 3.70617 3.71342 3.71979 3.72523 3.72972 3.73321 3.73569 3.73714 3.73756 3.73693 3.73527 3.73258 3.72889 3.72421 3.71859 3.71204 3.70463 3.6964 3.68741 3.67772 3.6674 3.65651 3.64514 3.63335 3.62124 3.60889 3.59636 3.58376 3.57116 3.55863 3.54625 3.5341 3.52224 3.51072 3.4996 3.48894 3.47876 3.46911 3.46001 3.45147 3.4435 3.43612 3.42932 3.4231 3.41743 3.41232 3.40773 3.40364 3.40003 3.39688 3.39416 3.39185 3.38992 3.38835 3.38712 3.38621 3.38562 3.38533 
3.37916 3.37946 3.38009 3.38105 3.38235 3.384 3.38603 3.38845 3.39129 3.39458 3.39833 3.40259 3.40737 3.41271 3.41862 3.42512 3.43224 3.43998 3.44835 3.45734 3.46696 3.47717 3.48796 3.4993 3.51114 3.52344 3.53614 3.54919 3.5625 3.57602 3.58965 3.60332 3.61694 3.63043 3.6437 3.65665 3.66922 3.6813 3.69283 3.70372 3.71391 3.72332 3.7319 3.73959 3.74633 3.7521 3.75684 3.76054 3.76316 3.7647 3.76514 3.76447 3.76271 3.75986 3.75595 3.75099 3.74502 3.73809 3.73022 3.72148 3.71193 3.70162 3.69063 3.67903 3.66691 3.65433 3.6414 3.62818 3.61478 3.60128 3.58776 3.57431 3.56101 3.54794 3.53516 3.52274 3.51075 3.49923 3.48822 3.47777 3.4679 3.45863 3.44999 3.44196 3.43456 3.42777 3.42159 3.416 3.41098 3.4065 3.40254 3.39908 3.39609 3.39354 3.39141 3.38967 3.3883 3.38729 3.38662 3.38628 
3.38013 3.38045 3.38113 3.38216 3.38357 3.38536 3.38757 3.3902 3.39329 3.39687 3.40096 3.40559 3.41079 3.41659 3.42301 3.43007 3.43779 3.44617 3.45523 3.46496 3.47534 3.48636 3.49799 3.51019 3.52293 3.53614 3.54978 3.56376 3.57801 3.59246 3.60703 3.62161 3.63613 3.65049 3.6646 3.67837 3.6917 3.70452 3.71673 3.72826 3.73903 3.74898 3.75804 3.76616 3.77328 3.77936 3.78436 3.78826 3.79102 3.79263 3.79309 3.79239 3.79053 3.78753 3.7834 3.77817 3.77187 3.76454 3.75623 3.74699 3.73688 3.72597 3.71432 3.70202 3.68914 3.67578 3.66202 3.64795 3.63366 3.61926 3.60482 3.59044 3.5762 3.5622 3.54849 3.53516 3.52227 3.50987 3.49801 3.48674 3.47609 3.46608 3.45672 3.44803 3.44 3.43264 3.42592 3.41984 3.41437 3.40949 3.40517 3.40138 3.39811 3.39531 3.39297 3.39105 3.38954 3.38842 3.38767 3.38728 
3.38116 3.38149 3.38221 3.38332 3.38484 3.38679 3.38918 3.39203 3.39539 3.39927 3.4037 3.40872 3.41435 3.42063 3.42757 3.43521 3.44354 3.45259 3.46235 3.47282 3.48399 3.49584 3.50832 3.52141 3.53505 3.54919 3.56376 3.57868 3.59388 3.60927 3.62477 3.64027 3.65568 3.67091 3.68586 3.70042 3.71452 3.72806 3.74094 3.7531 3.76445 3.77492 3.78446 3.79299 3.80047 3.80685 3.81211 3.81619 3.81909 3.82079 3.82127 3.82053 3.81858 3.81543 3.81109 3.8056 3.79898 3.79127 3.78252 3.77279 3.76214 3.75063 3.73833 3.72533 3.71172 3.69758 3.683 3.66808 3.65291 3.6376 3.62224 3.60693 3.59175 3.5768 3.56216 3.5479 3.5341 3.52081 3.50809 3.49599 3.48454 3.47376 3.46368 3.45431 3.44564 3.43768 3.43041 3.42383 3.41789 3.41259 3.4079 3.40378 3.40021 3.39715 3.39459 3.39249 3.39083 3.3896 3.38876 3.38833 
3.38223 3.38257 3.38334 3.38454 3.38618 3.38827 3.39085 3.39394 3.39756 3.40175 3.40654 3.41196 3.41804 3.42481 3.43229 3.44051 3.44947 3.4592 3.46968 3.48091 3.49288 3.50555 3.5189 3.53288 3.54744 3.5625 3.57801 3.59388 3.61003 3.62636 3.64278 3.65919 3.67548 3.69157 3.70734 3.7227 3.73754 3.75178 3.76533 3.7781 3.79001 3.80099 3.81098 3.81991 3.82774 3.83442 3.83992 3.84419 3.84722 3.849 3.8495 3.84873 3.84669 3.84339 3.83886 3.83311 3.82618 3.81811 3.80894 3.79873 3.78755 3.77546 3.76253 3.74885 3.73451 3.7196 3.70422 3.68845 3.67242 3.65621 3.63993 3.62369 3.60757 3.59168 3.5761 3.56091 3.54619 3.53201 3.51841 3.50547 3.4932 3.48165 3.47083 3.46076 3.45144 3.44288 3.43505 3.42794 3.42153 3.4158 3.41072 3.40626 3.40238 3.39907 3.39628 3.39399 3.39218 3.39082 3.38991 3.38942 
3.38333 3.3837 3.38451 3.3858 3.38756 3.38981 3.39259 3.39591 3.39981 3.40432 3.40947 3.4153 3.42183 3.4291 3.43714 3.44595 3.45555 3.46596 3.47717 3.48917 3.50195 3.51546 3.52968 3.54456 3.56002 3.57602 3.59246 3.60927 3.62636 3.64362 3.66095 3.67826 3.69543 3.71235 3.72893 3.74506 3.76063 3.77556 3.78974 3.8031 3.81555 3.82703 3.83746 3.84678 3.85494 3.86191 3.86763 3.87208 3.87524 3.87709 3.87761 3.87681 3.87469 3.87126 3.86654 3.86055 3.85332 3.8449 3.83533 3.82466 3.81297 3.80032 3.78678 3.77244 3.7574 3.74173 3.72556 3.70897 3.69207 3.67498 3.6578 3.64063 3.62358 3.60675 3.59023 3.57411 3.55847 3.54339 3.52892 3.51512 3.50204 3.4897 3.47814 3.46736 3.45738 3.4482 3.43979 3.43216 3.42527 3.4191 3.41363 3.40881 3.40463 3.40104 3.39802 3.39554 3.39357 3.39209 3.39109 3.39055 
3.38447 3.38485 3.38572 3.38709 3.38898 3.39139 3.39437 3.39793 3.40212 3.40695 3.41248 3.41872 3.42572 3.43349 3.44208 3.45149 3.46175 3.47285 3.48479 3.49756 3.51115 3.5255 3.54059 3.55636 3.57273 3.58965 3.60703 3.62477 3.64278 3.66095 3.67919 3.69737 3.71539 3.73314 3.7505 3.76738 3.78366 3.79924 3.81404 3.82797 3.84094 3.85288 3.86373 3.87342 3.8819 3.88914 3.89508 3.8997 3.90298 3.9049 3.90545 3.90462 3.90242 3.89886 3.89396 3.88774 3.88024 3.87148 3.86153 3.85043 3.83825 3.82506 3.81093 3.79596 3.78023 3.76384 3.74689 3.7295 3.71177 3.69381 3.67573 3.65765 3.63968 3.62192 3.60447 3.58743 3.57088 3.55489 3.53955 3.5249 3.51099 3.49787 3.48556 3.47407 3.46343 3.45362 3.44463 3.43646 3.42909 3.42247 3.4166 3.41142 3.40692 3.40306 3.3998 3.39713 3.395 3.3934 3.3923 3.39171 
3.38564 3.38604 3.38696 3.38842 3.39043 3.39301 3.39619 3.4 3.40447 3.40964 3.41554 3.4222 3.42966 3.43795 3.4471 3.45712 3.46802 3.47981 3.49249 3.50603 3.52042 3.53561 3.55156 3.56821 3.58549 3.60332 3.62161 3.64027 3.65919 3.67826 3.69737 3.71641 3.73525 3.7538 3.77192 3.78951 3.80647 3.82269 3.83808 3.85255 3.86601 3.8784 3.88964 3.89968 3.90847 3.91596 3.9221 3.92689 3.93028 3.93227 3.93284 3.93199 3.92972 3.92604 3.92098 3.91454 3.90678 3.89771 3.8874 3.87589 3.86324 3.84954 3.83485 3.81927 3.80288 3.78579 3.7681 3.74993 3.73138 3.71257 3.69363 3.67466 3.65578 3.63711 3.61874 3.60079 3.58333 3.56646 3.55024 3.53474 3.52002 3.50611 3.49305 3.48086 3.46954 3.4591 3.44954 3.44083 3.43296 3.4259 3.41961 3.41408 3.40926 3.40512 3.40162 3.39875 3.39646 3.39473 3.39355 3.3929 
3.38683 3.38725 3.38822 3.38977 3.39191 3.39466 3.39804 3.4021 3.40686 3.41236 3.41863 3.42572 3.43365 3.44245 3.45215 3.46278 3.47433 3.48681 3.50022 3.51453 3.52971 3.54573 3.56254 3.58006 3.59822 3.61694 3.63613 3.65568 3.67548 3.69543 3.71539 3.73525 3.7549 3.77421 3.79306 3.81134 3.82895 3.84577 3.86172 3.8767 3.89063 3.90343 3.91505 3.92542 3.93448 3.94221 3.94855 3.95348 3.95698 3.95903 3.95963 3.95875 3.95642 3.95264 3.94742 3.94079 3.93278 3.92343 3.91278 3.90088 3.8878 3.87361 3.85839 3.84223 3.82521 3.80745 3.78905 3.77012 3.75079 3.73116 3.71138 3.69154 3.67178 3.65222 3.63295 3.6141 3.59575 3.578 3.56092 3.54459 3.52906 3.51437 3.50056 3.48766 3.47568 3.46462 3.45447 3.44523 3.43686 3.42935 3.42266 3.41677 3.41162 3.4072 3.40347 3.40039 3.39794 3.39608 3.39481 3.39411 
3.38803 3.38847 3.3895 3.39114 3.3934 3.39632 3.39991 3.40422 3.40927 3.4151 3.42175 3.42925 3.43765 3.44696 3.45722 3.46844 3.48063 3.4938 3.50792 3.52299 3.53896 3.5558 3.57343 3.59181 3.61084 3.63043 3.65049 3.67091 3.69157 3.71235 3.73314 3.7538 3.77421 3.79425 3.81379 3.83273 3.85095 3.86834 3.88482 3.90028 3.91464 3.92784 3.9398 3.95047 3.9598 3.96775 3.97427 3.97934 3.98294 3.98505 3.98567 3.98478 3.98239 3.97851 3.97315 3.96634 3.95811 3.94849 3.93752 3.92526 3.91178 3.89714 3.88142 3.86471 3.8471 3.8287 3.80962 3.78997 3.76988 3.74947 3.72887 3.7082 3.68758 3.66715 3.64701 3.62729 3.60807 3.58946 3.57154 3.55438 3.53805 3.5226 3.50806 3.49446 3.48181 3.47013 3.45941 3.44963 3.44077 3.43281 3.42572 3.41946 3.414 3.4093 3.40533 3.40205 3.39943 3.39745 3.39609 3.39534 
3.38924 3.38969 3.39078 3.39251 3.3949 3.39799 3.40178 3.40633 3.41167 3.41783 3.42485 3.43277 3.44163 3.45145 3.46226 3.47407 3.48689 3.50073 3.51556 3.53136 3.5481 3.56573 3.58419 3.60339 3.62326 3.6437 3.6646 3.68586 3.70734 3.72893 3.7505 3.77192 3.79306 3.81379 3.834 3.85355 3.87235 3.89028 3.90724 3.92315 3.93792 3.95148 3.96376 3.97472 3.98429 3.99243 3.99912 4.00432 4.00801 4.01018 4.01082 4.00991 4.00747 4.00351 3.99803 3.99105 3.98262 3.97275 3.9615 3.94891 3.93505 3.91998 3.9038 3.88657 3.86841 3.8494 3.82968 3.80935 3.78854 3.76738 3.746 3.72452 3.70309 3.68182 3.66084 3.64026 3.6202 3.60075 3.58201 3.56405 3.54694 3.53074 3.51547 3.50119 3.4879 3.47561 3.46431 3.454 3.44466 3.43626 3.42877 3.42215 3.41637 3.4114 3.40719 3.40371 3.40093 3.39882 3.39738 3.39657 
3.39044 3.39091 3.39205 3.39387 3.3964 3.39964 3.40365 3.40844 3.41406 3.42054 3.42793 3.43626 3.44557 3.45588 3.46723 3.47962 3.49306 3.50755 3.52307 3.53959 3.55708 3.57548 3.59472 3.61472 3.6354 3.65665 3.67837 3.70042 3.7227 3.74506 3.76738 3.78951 3.81134 3.83273 3.85355 3.87369 3.89302 3.91145 3.92887 3.94519 3.96034 3.97423 3.98681 3.99802 4.00781 4.01614 4.02297 4.02829 4.03207 4.03429 4.03495 4.03403 4.03155 4.02751 4.02192 4.0148 4.00617 3.99609 3.98457 3.97168 3.95747 3.94202 3.9254 3.9077 3.88901 3.86945 3.84912 3.82815 3.80666 3.78478 3.76266 3.74042 3.71819 3.69612 3.67433 3.65294 3.63206 3.61181 3.59227 3.57354 3.55567 3.53873 3.52277 3.50781 3.49389 3.481 3.46915 3.45832 3.44851 3.43967 3.43179 3.42482 3.41872 3.41347 3.40903 3.40535 3.40241 3.40019 3.39865 3.39779 
3.39163 3.39212 3.39332 3.39523 3.39787 3.40128 3.40548 3.41051 3.41641 3.42321 3.43096 3.43969 3.44944 3.46023 3.4721 3.48505 3.49909 3.51421 3.5304 3.54762 3.56582 3.58496 3.60496 3.62574 3.64719 3.66922 3.6917 3.71452 3.73754 3.76063 3.78366 3.80647 3.82895 3.85095 3.87235 3.89302 3.91286 3.93174 3.94958 3.96629 3.98177 3.99597 4.00882 4.02026 4.03025 4.03874 4.04572 4.05114 4.05499 4.05726 4.05794 4.05702 4.0545 4.05039 4.0447 4.03745 4.02867 4.01838 4.00663 3.99346 3.97894 3.96313 3.94611 3.92797 3.9088 3.88872 3.86782 3.84625 3.82412 3.80157 3.77875 3.75578 3.73281 3.70997 3.68741 3.66524 3.64358 3.62256 3.60225 3.58277 3.56417 3.54652 3.52988 3.51428 3.49974 3.48627 3.47388 3.46256 3.45227 3.44302 3.43475 3.42743 3.42104 3.41552 3.41085 3.40698 3.40388 3.40154 3.39991 3.399 
3.3928 3.39331 3.39455 3.39655 3.39932 3.40288 3.40728 3.41254 3.41871 3.42582 3.43391 3.44303 3.4532 3.46446 3.47683 3.49032 3.50494 3.52067 3.53749 3.55538 3.57427 3.59412 3.61484 3.63635 3.65854 3.6813 3.70452 3.72806 3.75178 3.77556 3.79924 3.82269 3.84577 3.86834 3.89028 3.91145 3.93174 3.95105 3.96927 3.98632 4.00212 4.01659 4.02968 4.04133 4.0515 4.06014 4.06724 4.07276 4.07668 4.079 4.07969 4.07877 4.07622 4.07205 4.06628 4.05891 4.04998 4.03952 4.02756 4.01414 3.99934 3.98321 3.96583 3.94728 3.92767 3.9071 3.88568 3.86355 3.84082 3.81765 3.79416 3.77051 3.74684 3.72328 3.69999 3.67708 3.65468 3.63291 3.61188 3.59168 3.57238 3.55406 3.53677 3.52055 3.50542 3.49139 3.47848 3.46667 3.45594 3.44627 3.43763 3.42998 3.42329 3.41752 3.41262 3.40857 3.40532 3.40286 3.40115 3.40019 
3.39394 3.39446 3.39576 3.39784 3.40072 3.40444 3.40902 3.4145 3.42093 3.42833 3.43676 3.44625 3.45683 3.46854 3.48139 3.4954 3.51056 3.52687 3.5443 3.56282 3.58237 3.60289 3.62429 3.64649 3.66937 3.69283 3.71673 3.74094 3.76533 3.78974 3.81404 3.83808 3.86172 3.88482 3.90724 3.92887 3.94958 3.96927 3.98785 4.00521 4.02128 4.036 4.04931 4.06114 4.07147 4.08025 4.08745 4.09306 4.09704 4.0994 4.10011 4.09918 4.09661 4.09239 4.08655 4.07908 4.07003 4.05941 4.04726 4.03363 4.01857 4.00215 3.98444 3.96552 3.94551 3.92449 3.9026 3.87995 3.85667 3.83291 3.80882 3.78453 3.7602 3.73597 3.71198 3.68837 3.66528 3.64282 3.6211 3.60021 3.58026 3.56129 3.54338 3.52656 3.51087 3.49631 3.4829 3.47063 3.45947 3.44941 3.44041 3.43245 3.42547 3.41945 3.41434 3.4101 3.40671 3.40414 3.40235 3.40135 
3.39503 3.39557 3.39692 3.39908 3.40207 3.40593 3.41069 3.41639 3.42306 3.43075 3.43949 3.44933 3.4603 3.47243 3.48574 3.50023 3.51592 3.53277 3.55078 3.56989 3.59005 3.6112 3.63324 3.65609 3.67962 3.70372 3.72826 3.7531 3.7781 3.8031 3.82797 3.85255 3.8767 3.90028 3.92315 3.94519 3.96629 3.98632 4.00521 4.02285 4.03918 4.05412 4.06761 4.07961 4.09008 4.09897 4.10627 4.11195 4.11599 4.11839 4.11912 4.11819 4.11559 4.11134 4.10543 4.09788 4.08872 4.07796 4.06565 4.05182 4.03654 4.01986 4.00185 3.98261 3.96223 3.94081 3.91848 3.89535 3.87157 3.84728 3.82262 3.79774 3.7728 3.74794 3.72331 3.69905 3.67531 3.65219 3.62983 3.60831 3.58773 3.56816 3.54966 3.53229 3.51606 3.501 3.48712 3.4744 3.46284 3.45241 3.44307 3.4348 3.42756 3.4213 3.41599 3.41158 3.40805 3.40537 3.40351 3.40246 
3.39607 3.39663 3.39802 3.40025 3.40336 3.40735 3.41228 3.41818 3.42508 3.43303 3.44207 3.45225 3.46358 3.4761 3.48984 3.50479 3.52096 3.53833 3.55687 3.57653 3.59727 3.619 3.64163 3.66508 3.68921 3.71391 3.73903 3.76445 3.79001 3.81555 3.84094 3.86601 3.89063 3.91464 3.93792 3.96034 3.98177 4.00212 4.02128 4.03918 4.05572 4.07085 4.08452 4.09666 4.10725 4.11625 4.12363 4.12938 4.13347 4.13589 4.13664 4.13571 4.1331 4.12881 4.12285 4.11523 4.10598 4.0951 4.08265 4.06865 4.05317 4.03626 4.01799 3.99846 3.97775 3.95597 3.93324 3.90968 3.88544 3.86066 3.83548 3.81006 3.78456 3.75912 3.7339 3.70905 3.6847 3.66098 3.63801 3.6159 3.59474 3.57461 3.55557 3.53767 3.52095 3.50542 3.49109 3.47797 3.46602 3.45524 3.44559 3.43703 3.42954 3.42305 3.41755 3.41298 3.40932 3.40654 3.40461 3.40351 
3.39705 3.39762 3.39905 3.40136 3.40456 3.40869 3.41377 3.41985 3.42697 3.43517 3.44449 3.45497 3.46664 3.47953 3.49366 3.50903 3.52565 3.54349 3.56252 3.5827 3.60396 3.62622 3.64941 3.6734 3.69808 3.72332 3.74898 3.77492 3.80099 3.82703 3.85288 3.8784 3.90343 3.92784 3.95148 3.97423 3.99597 4.01659 4.036 4.05412 4.07085 4.08616 4.09997 4.11224 4.12293 4.13202 4.13947 4.14527 4.14941 4.15186 4.15263 4.1517 4.14908 4.14476 4.13876 4.13108 4.12174 4.11077 4.09819 4.08405 4.06839 4.05128 4.03279 4.01299 3.99198 3.96988 3.9468 3.92286 3.8982 3.87298 3.84733 3.82142 3.79541 3.76945 3.74369 3.71829 3.69338 3.66911 3.64559 3.62294 3.60125 3.5806 3.56106 3.54267 3.52549 3.50953 3.49479 3.48129 3.46899 3.45788 3.44794 3.43912 3.43138 3.42469 3.41901 3.4143 3.41052 3.40764 3.40564 3.40451 
3.39796 3.39854 3.40002 3.40239 3.40568 3.40992 3.41515 3.4214 3.42872 3.43714 3.44671 3.45747 3.46945 3.48268 3.49717 3.51293 3.52995 3.54822 3.5677 3.58834 3.61008 3.63283 3.6565 3.68099 3.70617 3.7319 3.75804 3.78446 3.81098 3.83746 3.86373 3.88964 3.91505 3.9398 3.96376 3.98681 4.00882 4.02968 4.04931 4.06761 4.08452 4.09997 4.1139 4.12628 4.13706 4.14623 4.15374 4.15959 4.16376 4.16624 4.16702 4.1661 4.16347 4.15913 4.15309 4.14537 4.13596 4.12491 4.11223 4.09796 4.08215 4.06486 4.04617 4.02614 4.00488 3.98249 3.95909 3.93481 3.90979 3.88417 3.85811 3.83176 3.80529 3.77885 3.75261 3.72671 3.70131 3.67654 3.65252 3.62938 3.6072 3.58608 3.56608 3.54726 3.52966 3.5133 3.49819 3.48434 3.47172 3.46032 3.4501 3.44104 3.43309 3.42621 3.42036 3.41551 3.41162 3.40866 3.4066 3.40543 
3.39878 3.39938 3.40089 3.40332 3.40669 3.41104 3.4164 3.4228 3.4303 3.43893 3.44873 3.45974 3.47199 3.48552 3.50033 3.51644 3.53383 3.55248 3.57236 3.59341 3.61558 3.63876 3.66288 3.6878 3.71342 3.73959 3.76616 3.79299 3.81991 3.84678 3.87342 3.89968 3.92542 3.95047 3.97472 3.99802 4.02026 4.04133 4.06114 4.07961 4.09666 4.11224 4.12628 4.13875 4.14961 4.15884 4.16641 4.1723 4.1765 4.179 4.1798 4.17888 4.17624 4.17189 4.16582 4.15805 4.14859 4.13747 4.1247 4.11032 4.09439 4.07695 4.05808 4.03785 4.01637 3.99373 3.97006 3.94548 3.92014 3.89417 3.86774 3.841 3.81413 3.78727 3.7606 3.73427 3.70842 3.6832 3.65874 3.63516 3.61255 3.59101 3.5706 3.55139 3.53342 3.5167 3.50126 3.48709 3.47418 3.46252 3.45206 3.44278 3.43463 3.42758 3.42159 3.41662 3.41262 3.40958 3.40747 3.40627 
3.39952 3.40013 3.40167 3.40415 3.4076 3.41204 3.41751 3.42405 3.4317 3.44051 3.45051 3.46175 3.47425 3.48804 3.50313 3.51954 3.53725 3.55624 3.57647 3.59789 3.62042 3.64398 3.66848 3.69379 3.71979 3.74633 3.77328 3.80047 3.82774 3.85494 3.8819 3.90847 3.93448 3.9598 3.98429 4.00781 4.03025 4.0515 4.07147 4.09008 4.10725 4.12293 4.13706 4.14961 4.16054 4.16982 4.17743 4.18336 4.18759 4.19011 4.19092 4.19 4.18736 4.18299 4.1769 4.1691 4.1596 4.14841 4.13557 4.1211 4.10506 4.0875 4.06848 4.04809 4.02641 4.00356 3.97965 3.95482 3.92919 3.90293 3.87618 3.84911 3.82188 3.79466 3.76761 3.7409 3.71467 3.68906 3.66421 3.64025 3.61726 3.59535 3.57459 3.55503 3.53673 3.5197 3.50397 3.48953 3.47636 3.46446 3.45379 3.44432 3.436 3.4288 3.42268 3.4176 3.41352 3.41041 3.40825 3.40701 
3.40016 3.40079 3.40235 3.40488 3.40838 3.41291 3.41848 3.42513 3.43292 3.44188 3.45205 3.46348 3.47619 3.4902 3.50554 3.52221 3.54019 3.55947 3.57999 3.60172 3.62457 3.64845 3.67327 3.69891 3.72523 3.7521 3.77936 3.80685 3.83442 3.86191 3.88914 3.91596 3.94221 3.96775 3.99243 4.01614 4.03874 4.06014 4.08025 4.09897 4.11625 4.13202 4.14623 4.15884 4.16982 4.17915 4.1868 4.19276 4.19701 4.19954 4.20036 4.19945 4.1968 4.19242 4.18632 4.17849 4.16895 4.15771 4.14481 4.13027 4.11414 4.09647 4.07732 4.05679 4.03496 4.01193 3.98782 3.96277 3.93691 3.91039 3.88337 3.85602 3.8285 3.80097 3.77361 3.74657 3.72001 3.69407 3.6689 3.6446 3.6213 3.59907 3.57801 3.55816 3.53958 3.52229 3.5063 3.49162 3.47824 3.46614 3.45529 3.44565 3.43719 3.42986 3.42363 3.41845 3.41429 3.41112 3.40892 3.40767 
3.4007 3.40133 3.40292 3.40548 3.40904 3.41363 3.41928 3.42604 3.43393 3.44302 3.45334 3.46492 3.4778 3.492 3.50754 3.52442 3.54263 3.56214 3.58291 3.60488 3.62799 3.65214 3.67723 3.70313 3.72972 3.75684 3.78436 3.81211 3.83992 3.86763 3.89508 3.9221 3.94855 3.97427 3.99912 4.02297 4.04572 4.06724 4.08745 4.10627 4.12363 4.13947 4.15374 4.16641 4.17743 4.1868 4.19448 4.20046 4.20473 4.20728 4.2081 4.20719 4.20455 4.20016 4.19404 4.18619 4.17662 4.16534 4.15239 4.13779 4.12158 4.10383 4.08459 4.06394 4.04197 4.0188 3.99453 3.9693 3.94325 3.91652 3.88929 3.8617 3.83394 3.80616 3.77854 3.75123 3.72441 3.6982 3.67276 3.6482 3.62463 3.60215 3.58083 3.56075 3.54193 3.52442 3.50823 3.49336 3.4798 3.46754 3.45653 3.44676 3.43818 3.43074 3.42442 3.41916 3.41494 3.41173 3.40949 3.40821 
3.40114 3.40177 3.40338 3.40597 3.40957 3.41421 3.41992 3.42675 3.43474 3.44392 3.45435 3.46605 3.47907 3.49341 3.50911 3.52615 3.54453 3.56422 3.58519 3.60736 3.63067 3.65502 3.68031 3.70642 3.73321 3.76054 3.78826 3.81619 3.84419 3.87208 3.8997 3.92689 3.95348 3.97934 4.00432 4.02829 4.05114 4.07276 4.09306 4.11195 4.12938 4.14527 4.15959 4.1723 4.18336 4.19276 4.20046 4.20646 4.21075 4.21331 4.21414 4.21323 4.21058 4.20619 4.20006 4.19219 4.18259 4.17129 4.15829 4.14364 4.12738 4.10955 4.09023 4.0695 4.04743 4.02414 3.99975 3.97438 3.94818 3.92129 3.89389 3.86612 3.83817 3.8102 3.78238 3.75487 3.72783 3.70142 3.67577 3.651 3.62723 3.60455 3.58304 3.56277 3.54378 3.5261 3.50975 3.49473 3.48103 3.46864 3.45752 3.44764 3.43896 3.43144 3.42504 3.41973 3.41546 3.41221 3.40994 3.40865 
3.40146 3.4021 3.40372 3.40633 3.40996 3.41463 3.42039 3.42728 3.43532 3.44458 3.45508 3.46687 3.47998 3.49443 3.51023 3.52739 3.5459 3.56572 3.58681 3.60912 3.63257 3.65707 3.6825 3.70876 3.73569 3.76316 3.79102 3.81909 3.84722 3.87524 3.90298 3.93028 3.95698 3.98294 4.00801 4.03207 4.05499 4.07668 4.09704 4.11599 4.13347 4.14941 4.16376 4.1765 4.18759 4.19701 4.20473 4.21075 4.21504 4.21761 4.21845 4.21754 4.21489 4.21049 4.20435 4.19647 4.18685 4.17552 4.1625 4.14781 4.13151 4.11363 4.09425 4.07345 4.05131 4.02793 4.00345 3.97798 3.95168 3.92468 3.89715 3.86926 3.84117 3.81306 3.7851 3.75745 3.73027 3.70371 3.67791 3.653 3.62908 3.60626 3.58462 3.56422 3.5451 3.5273 3.51084 3.49571 3.48192 3.46943 3.45823 3.44827 3.43953 3.43195 3.4255 3.42015 3.41584 3.41256 3.41028 3.40898 
3.40166 3.40231 3.40393 3.40656 3.4102 3.4149 3.42069 3.4276 3.43568 3.44498 3.45553 3.46737 3.48053 3.49504 3.51091 3.52814 3.54671 3.5666 3.58778 3.61016 3.63369 3.65827 3.68379 3.71013 3.73714 3.7647 3.79263 3.82079 3.849 3.87709 3.9049 3.93227 3.95903 3.98505 4.01018 4.03429 4.05726 4.079 4.0994 4.11839 4.13589 4.15186 4.16624 4.179 4.19011 4.19954 4.20728 4.21331 4.21761 4.22019 4.22102 4.22012 4.21746 4.21306 4.20691 4.19902 4.18939 4.17804 4.165 4.15028 4.13395 4.11604 4.09662 4.07577 4.05359 4.03016 4.00562 3.98009 3.95372 3.92666 3.89906 3.87109 3.84292 3.81474 3.78669 3.75896 3.73169 3.70505 3.67916 3.65417 3.63017 3.60727 3.58555 3.56507 3.54588 3.52802 3.51149 3.4963 3.48245 3.46991 3.45866 3.44866 3.43988 3.43227 3.42579 3.42041 3.41608 3.41279 3.41049 3.40918 
