1.16947 1.16984 1.1702 1.17055 1.17087 1.17117 1.17144 1.17168 1.17189 1.17208 1.17223 1.17236 1.17247 1.17256 1.17263 1.17268 1.17272 1.17276 1.17278 1.1728 1.17282 1.17283 1.17284 1.17284 1.17285 1.17286 1.17287 1.17288 1.17289 1.1729 1.17292 1.17294 1.17296 1.17298 1.17301 1.17303 1.17307 1.1731 1.17313 1.17317 1.17321 1.17324 1.17328 1.17331 1.17335 1.17338 1.1734 1.17343 1.17344 1.17346 1.17346 1.17347 1.17346 1.17345 1.17344 1.17342 1.1734 1.17337 1.17334 1.17331 1.17327 1.17324 1.1732 1.17316 1.17313 1.17309 1.17306 1.17303 1.17301 1.17298 1.17296 1.17294 1.17292 1.17291 1.1729 1.17289 1.17288 1.17288 1.17287 1.17288 1.17288 1.17289 1.17291 1.17293 1.17297 1.17301 1.17308 1.17316 1.17326 1.17338 1.17354 1.17372 1.17393 1.17417 1.17444 1.17474 1.17507 1.17541 1.17577 1.17614 
1.16984 1.17021 1.17057 1.17092 1.17124 1.17154 1.17181 1.17205 1.17226 1.17244 1.1726 1.17273 1.17284 1.17293 1.17299 1.17305 1.17309 1.17313 1.17315 1.17317 1.17318 1.17319 1.1732 1.17321 1.17322 1.17323 1.17323 1.17324 1.17325 1.17326 1.17328 1.1733 1.17332 1.17334 1.17336 1.17339 1.17342 1.17345 1.17349 1.17352 1.17356 1.17359 1.17363 1.17366 1.1737 1.17373 1.17375 1.17378 1.17379 1.17381 1.17381 1.17382 1.17381 1.1738 1.17379 1.17377 1.17375 1.17372 1.17369 1.17366 1.17362 1.17359 1.17355 1.17352 1.17348 1.17345 1.17342 1.17339 1.17336 1.17334 1.17332 1.1733 1.17328 1.17327 1.17326 1.17325 1.17325 1.17324 1.17324 1.17324 1.17325 1.17326 1.17328 1.1733 1.17334 1.17338 1.17345 1.17353 1.17363 1.17375 1.17391 1.17409 1.1743 1.17454 1.17481 1.17511 1.17544 1.17578 1.17614 1.17651 
1.1702 1.17057 1.17093 1.17128 1.1716 1.1719 1.17217 1.17241 1.17262 1.1728 1.17296 1.17309 1.1732 1.17328 1.17335 1.17341 1.17345 1.17348 1.17351 1.17353 1.17354 1.17355 1.17356 1.17357 1.17358 1.17359 1.1736 1.17361 1.17362 1.17363 1.17365 1.17367 1.17369 1.17372 1.17374 1.17378 1.17381 1.17385 1.17389 1.17393 1.17398 1.17402 1.17406 1.17411 1.17415 1.17418 1.17421 1.17424 1.17426 1.17428 1.17428 1.17429 1.17428 1.17427 1.17425 1.17423 1.1742 1.17417 1.17413 1.17409 1.17405 1.17401 1.17397 1.17393 1.17388 1.17385 1.17381 1.17378 1.17375 1.17372 1.17369 1.17367 1.17365 1.17364 1.17362 1.17361 1.17361 1.1736 1.1736 1.1736 1.17361 1.17362 1.17363 1.17366 1.17369 1.17374 1.1738 1.17389 1.17399 1.17411 1.17426 1.17445 1.17466 1.1749 1.17517 1.17547 1.1758 1.17614 1.1765 1.17687 
1.17055 1.17092 1.17128 1.17162 1.17194 1.17224 1.17251 1.17275 1.17296 1.17315 1.1733 1.17343 1.17354 1.17363 1.1737 1.17375 1.17379 1.17383 1.17385 1.17387 1.17389 1.1739 1.17391 1.17392 1.17393 1.17394 1.17395 1.17396 1.17398 1.174 1.17402 1.17405 1.17408 1.17412 1.17416 1.1742 1.17425 1.1743 1.17436 1.17442 1.17448 1.17454 1.1746 1.17465 1.17471 1.17476 1.1748 1.17483 1.17486 1.17488 1.17489 1.1749 1.17489 1.17487 1.17485 1.17482 1.17478 1.17473 1.17468 1.17463 1.17457 1.17451 1.17445 1.1744 1.17434 1.17429 1.17424 1.17419 1.17415 1.17411 1.17408 1.17405 1.17402 1.174 1.17399 1.17397 1.17396 1.17395 1.17395 1.17395 1.17395 1.17396 1.17398 1.174 1.17404 1.17409 1.17415 1.17423 1.17433 1.17446 1.17461 1.17479 1.175 1.17524 1.17551 1.17581 1.17614 1.17648 1.17684 1.17721 
1.17087 1.17124 1.1716 1.17194 1.17226 1.17256 1.17283 1.17307 1.17329 1.17347 1.17362 1.17375 1.17386 1.17395 1.17402 1.17407 1.17412 1.17415 1.17418 1.1742 1.17421 1.17423 1.17424 1.17425 1.17426 1.17428 1.17429 1.17431 1.17434 1.17437 1.1744 1.17444 1.17449 1.17454 1.17461 1.17467 1.17475 1.17482 1.17491 1.17499 1.17508 1.17517 1.17526 1.17534 1.17542 1.17549 1.17555 1.1756 1.17564 1.17567 1.17569 1.17569 1.17568 1.17565 1.17562 1.17557 1.17551 1.17544 1.17537 1.17529 1.17521 1.17512 1.17503 1.17495 1.17487 1.17479 1.17472 1.17465 1.17459 1.17453 1.17448 1.17444 1.1744 1.17437 1.17434 1.17432 1.1743 1.17429 1.17428 1.17428 1.17428 1.17429 1.17431 1.17433 1.17436 1.17441 1.17447 1.17455 1.17465 1.17478 1.17493 1.17511 1.17532 1.17557 1.17584 1.17614 1.17646 1.17681 1.17717 1.17754 
1.17117 1.17154 1.1719 1.17224 1.17256 1.17286 1.17313 1.17337 1.17358 1.17377 1.17392 1.17405 1.17416 1.17425 1.17432 1.17437 1.17442 1.17445 1.17448 1.1745 1.17452 1.17453 1.17455 1.17456 1.17458 1.1746 1.17463 1.17466 1.1747 1.17474 1.1748 1.17486 1.17494 1.17502 1.17511 1.17522 1.17533 1.17545 1.17557 1.1757 1.17584 1.17597 1.1761 1.17622 1.17634 1.17644 1.17653 1.17661 1.17667 1.17671 1.17673 1.17673 1.17671 1.17667 1.17662 1.17655 1.17646 1.17636 1.17625 1.17613 1.176 1.17587 1.17574 1.17562 1.17549 1.17538 1.17526 1.17516 1.17507 1.17498 1.17491 1.17484 1.17479 1.17474 1.1747 1.17466 1.17464 1.17462 1.1746 1.1746 1.17459 1.1746 1.17461 1.17463 1.17466 1.17471 1.17477 1.17485 1.17495 1.17508 1.17523 1.17541 1.17562 1.17586 1.17614 1.17643 1.17676 1.1771 1.17746 1.17783 
1.17144 1.17181 1.17217 1.17251 1.17283 1.17313 1.1734 1.17364 1.17385 1.17404 1.17419 1.17432 1.17443 1.17452 1.17459 1.17464 1.17469 1.17472 1.17475 1.17478 1.1748 1.17482 1.17484 1.17486 1.17489 1.17492 1.17496 1.17501 1.17507 1.17514 1.17523 1.17532 1.17544 1.17557 1.17571 1.17587 1.17604 1.17622 1.17641 1.17661 1.1768 1.177 1.17719 1.17738 1.17755 1.1777 1.17784 1.17795 1.17803 1.17809 1.17812 1.17812 1.17809 1.17803 1.17795 1.17784 1.17771 1.17756 1.17739 1.17721 1.17702 1.17683 1.17664 1.17645 1.17626 1.17609 1.17592 1.17576 1.17562 1.17549 1.17538 1.17528 1.17519 1.17512 1.17506 1.17501 1.17496 1.17493 1.17491 1.17489 1.17488 1.17488 1.17489 1.17491 1.17494 1.17498 1.17504 1.17512 1.17522 1.17535 1.1755 1.17568 1.17589 1.17613 1.17641 1.17671 1.17703 1.17737 1.17773 1.1781 
1.17168 1.17205 1.17241 1.17275 1.17307 1.17337 1.17364 1.17388 1.17409 1.17428 1.17443 1.17457 1.17467 1.17476 1.17483 1.17489 1.17493 1.17497 1.175 1.17503 1.17505 1.17508 1.17511 1.17514 1.17519 1.17524 1.1753 1.17538 1.17547 1.17558 1.17571 1.17586 1.17604 1.17623 1.17645 1.17669 1.17694 1.17721 1.1775 1.17779 1.17808 1.17838 1.17866 1.17893 1.17918 1.1794 1.17959 1.17976 1.17988 1.17996 1.18 1.18 1.17995 1.17987 1.17974 1.17958 1.17939 1.17916 1.17892 1.17865 1.17837 1.17809 1.1778 1.17752 1.17724 1.17698 1.17673 1.1765 1.17629 1.1761 1.17592 1.17577 1.17564 1.17553 1.17544 1.17536 1.17529 1.17524 1.1752 1.17517 1.17515 1.17515 1.17515 1.17516 1.17519 1.17523 1.17529 1.17537 1.17547 1.17559 1.17574 1.17592 1.17613 1.17638 1.17665 1.17695 1.17727 1.17762 1.17798 1.17835 
1.17189 1.17226 1.17262 1.17296 1.17329 1.17358 1.17385 1.17409 1.17431 1.17449 1.17465 1.17478 1.17489 1.17497 1.17505 1.1751 1.17515 1.17519 1.17523 1.17526 1.17529 1.17533 1.17537 1.17542 1.17549 1.17556 1.17566 1.17578 1.17592 1.17609 1.17629 1.17652 1.17678 1.17707 1.1774 1.17775 1.17813 1.17853 1.17895 1.17937 1.1798 1.18022 1.18063 1.18102 1.18138 1.1817 1.18198 1.18221 1.18238 1.1825 1.18255 1.18254 1.18248 1.18235 1.18217 1.18193 1.18164 1.18132 1.18096 1.18058 1.18017 1.17976 1.17934 1.17893 1.17852 1.17814 1.17777 1.17743 1.17712 1.17683 1.17658 1.17636 1.17616 1.17599 1.17585 1.17573 1.17563 1.17555 1.17549 1.17544 1.17541 1.17539 1.17539 1.17539 1.17542 1.17545 1.17551 1.17559 1.17568 1.17581 1.17596 1.17614 1.17635 1.17659 1.17686 1.17716 1.17748 1.17783 1.17819 1.17856 
1.17208 1.17244 1.1728 1.17315 1.17347 1.17377 1.17404 1.17428 1.17449 1.17467 1.17483 1.17496 1.17507 1.17516 1.17523 1.17529 1.17535 1.17539 1.17543 1.17547 1.17552 1.17557 1.17563 1.17571 1.1758 1.17592 1.17607 1.17625 1.17646 1.17672 1.17701 1.17735 1.17774 1.17817 1.17864 1.17916 1.17971 1.18029 1.18089 1.1815 1.18212 1.18272 1.1833 1.18385 1.18436 1.18481 1.1852 1.18552 1.18576 1.18592 1.186 1.18598 1.18588 1.1857 1.18543 1.18509 1.18469 1.18422 1.18371 1.18316 1.18258 1.18199 1.18139 1.18079 1.18022 1.17966 1.17913 1.17864 1.17818 1.17777 1.1774 1.17707 1.17679 1.17654 1.17633 1.17615 1.176 1.17588 1.17579 1.17572 1.17566 1.17563 1.17561 1.17561 1.17562 1.17565 1.1757 1.17578 1.17587 1.17599 1.17614 1.17632 1.17653 1.17677 1.17704 1.17734 1.17767 1.17801 1.17837 1.17874 
1.17223 1.1726 1.17296 1.1733 1.17362 1.17392 1.17419 1.17443 1.17465 1.17483 1.17499 1.17512 1.17523 1.17532 1.1754 1.17546 1.17552 1.17557 1.17562 1.17567 1.17573 1.17581 1.1759 1.17602 1.17616 1.17634 1.17656 1.17682 1.17714 1.17751 1.17795 1.17844 1.179 1.17963 1.18031 1.18105 1.18184 1.18266 1.18351 1.18437 1.18524 1.18608 1.1869 1.18766 1.18837 1.18899 1.18953 1.18997 1.1903 1.19052 1.19061 1.19059 1.19044 1.19018 1.1898 1.18933 1.18876 1.18811 1.18739 1.18661 1.1858 1.18497 1.18412 1.18329 1.18247 1.18168 1.18093 1.18023 1.17958 1.17899 1.17846 1.17798 1.17757 1.17721 1.1769 1.17664 1.17643 1.17625 1.17611 1.176 1.17592 1.17586 1.17582 1.1758 1.17581 1.17583 1.17587 1.17594 1.17604 1.17615 1.1763 1.17648 1.17669 1.17693 1.1772 1.1775 1.17782 1.17817 1.17853 1.1789 
1.17236 1.17273 1.17309 1.17343 1.17375 1.17405 1.17432 1.17457 1.17478 1.17496 1.17512 1.17525 1.17536 1.17546 1.17554 1.17561 1.17567 1.17573 1.17579 1.17587 1.17596 1.17606 1.1762 1.17637 1.17658 1.17685 1.17717 1.17756 1.17802 1.17856 1.17918 1.1799 1.18069 1.18158 1.18255 1.18359 1.18469 1.18584 1.18702 1.18821 1.1894 1.19057 1.19169 1.19273 1.19369 1.19455 1.19528 1.19587 1.19631 1.1966 1.19672 1.19668 1.19647 1.1961 1.19559 1.19493 1.19414 1.19325 1.19226 1.19119 1.19007 1.18892 1.18775 1.18659 1.18545 1.18435 1.18331 1.18233 1.18142 1.18058 1.17983 1.17916 1.17858 1.17806 1.17762 1.17725 1.17694 1.17668 1.17648 1.17631 1.17619 1.17609 1.17603 1.17599 1.17598 1.17599 1.17603 1.17609 1.17618 1.17629 1.17644 1.17662 1.17682 1.17706 1.17733 1.17763 1.17796 1.1783 1.17866 1.17903 
1.17247 1.17284 1.1732 1.17354 1.17386 1.17416 1.17443 1.17467 1.17489 1.17507 1.17523 1.17536 1.17548 1.17558 1.17566 1.17574 1.17581 1.17589 1.17597 1.17607 1.1762 1.17636 1.17655 1.1768 1.17711 1.17749 1.17796 1.17852 1.17918 1.17995 1.18083 1.18183 1.18295 1.18419 1.18553 1.18696 1.18848 1.19005 1.19167 1.19329 1.19491 1.19648 1.19799 1.19939 1.20068 1.20182 1.20279 1.20357 1.20415 1.20453 1.20468 1.20462 1.20433 1.20383 1.20313 1.20224 1.20118 1.19997 1.19863 1.19719 1.19567 1.1941 1.19252 1.19093 1.18938 1.18788 1.18644 1.18509 1.18383 1.18268 1.18164 1.18071 1.17988 1.17916 1.17855 1.17802 1.17758 1.17721 1.17692 1.17668 1.17649 1.17635 1.17625 1.17618 1.17615 1.17614 1.17617 1.17622 1.1763 1.17641 1.17655 1.17673 1.17693 1.17717 1.17744 1.17774 1.17806 1.17841 1.17877 1.17914 
1.17256 1.17293 1.17328 1.17363 1.17395 1.17425 1.17452 1.17476 1.17497 1.17516 1.17532 1.17546 1.17558 1.17568 1.17577 1.17586 1.17595 1.17605 1.17616 1.1763 1.17648 1.17671 1.17699 1.17735 1.17779 1.17834 1.179 1.17979 1.18071 1.18179 1.18302 1.1844 1.18595 1.18764 1.18947 1.19141 1.19346 1.19558 1.19775 1.19992 1.20207 1.20416 1.20615 1.208 1.20969 1.21118 1.21245 1.21347 1.21423 1.21471 1.2149 1.2148 1.21441 1.21375 1.21282 1.21163 1.21023 1.20862 1.20684 1.20492 1.2029 1.20081 1.1987 1.19658 1.19449 1.19247 1.19053 1.1887 1.187 1.18543 1.184 1.18272 1.18159 1.1806 1.17974 1.17901 1.17839 1.17788 1.17746 1.17712 1.17685 1.17665 1.17649 1.17639 1.17632 1.17629 1.1763 1.17634 1.17641 1.17651 1.17665 1.17682 1.17703 1.17726 1.17753 1.17783 1.17815 1.1785 1.17886 1.17922 
1.17263 1.17299 1.17335 1.1737 1.17402 1.17432 1.17459 1.17483 1.17505 1.17523 1.1754 1.17554 1.17566 1.17577 1.17587 1.17598 1.17609 1.17622 1.17638 1.17658 1.17683 1.17715 1.17755 1.17806 1.17869 1.17945 1.18037 1.18147 1.18275 1.18422 1.1859 1.18779 1.18987 1.19215 1.1946 1.1972 1.19992 1.20272 1.20557 1.20843 1.21124 1.21396 1.21654 1.21895 1.22113 1.22305 1.22468 1.22599 1.22695 1.22755 1.22779 1.22764 1.22713 1.22626 1.22504 1.2235 1.22167 1.21957 1.21725 1.21475 1.21211 1.20937 1.20659 1.2038 1.20105 1.19837 1.1958 1.19337 1.19109 1.18899 1.18707 1.18534 1.18381 1.18246 1.18129 1.18029 1.17944 1.17873 1.17814 1.17767 1.17729 1.177 1.17678 1.17662 1.17651 1.17645 1.17643 1.17645 1.17651 1.17661 1.17674 1.1769 1.1771 1.17734 1.1776 1.1779 1.17822 1.17857 1.17893 1.17929 
1.17268 1.17305 1.17341 1.17375 1.17407 1.17437 1.17464 1.17489 1.1751 1.17529 1.17546 1.17561 1.17574 1.17586 1.17598 1.17611 1.17625 1.17642 1.17664 1.17692 1.17727 1.17772 1.17828 1.17899 1.17986 1.18092 1.18218 1.18367 1.18541 1.18741 1.18966 1.19218 1.19496 1.19797 1.20119 1.2046 1.20815 1.2118 1.21549 1.21917 1.22278 1.22626 1.22956 1.23262 1.23539 1.23782 1.23988 1.24152 1.24273 1.24347 1.24375 1.24356 1.24289 1.24177 1.24021 1.23824 1.23589 1.23321 1.23024 1.22703 1.22364 1.22012 1.21653 1.21292 1.20935 1.20586 1.20251 1.19932 1.19632 1.19355 1.19101 1.18872 1.18667 1.18486 1.18329 1.18193 1.18078 1.17982 1.17902 1.17837 1.17785 1.17744 1.17713 1.17689 1.17673 1.17662 1.17657 1.17657 1.17661 1.17669 1.17681 1.17697 1.17717 1.1774 1.17766 1.17796 1.17828 1.17862 1.17898 1.17935 
1.17272 1.17309 1.17345 1.17379 1.17412 1.17442 1.17469 1.17493 1.17515 1.17535 1.17552 1.17567 1.17581 1.17595 1.17609 1.17625 1.17644 1.17667 1.17697 1.17735 1.17784 1.17846 1.17924 1.18021 1.1814 1.18283 1.18454 1.18654 1.18887 1.19152 1.1945 1.19781 1.20144 1.20535 1.20953 1.21392 1.21847 1.22313 1.22782 1.23249 1.23705 1.24143 1.24557 1.2494 1.25285 1.25588 1.25843 1.26046 1.26194 1.26285 1.26318 1.26292 1.26207 1.26066 1.2587 1.25622 1.25328 1.24991 1.24617 1.24212 1.23784 1.23338 1.22882 1.22423 1.21967 1.21521 1.2109 1.20679 1.20292 1.19932 1.19601 1.19301 1.19031 1.18793 1.18585 1.18405 1.18251 1.18122 1.18015 1.17927 1.17856 1.17799 1.17756 1.17723 1.17699 1.17683 1.17673 1.1767 1.17671 1.17678 1.17688 1.17703 1.17722 1.17745 1.17771 1.17801 1.17833 1.17867 1.17903 1.17939 
1.17276 1.17313 1.17348 1.17383 1.17415 1.17445 1.17472 1.17497 1.17519 1.17539 1.17557 1.17573 1.17589 1.17605 1.17622 1.17642 1.17667 1.17699 1.17739 1.17791 1.17858 1.17942 1.18048 1.18179 1.18339 1.18531 1.18758 1.19023 1.19328 1.19674 1.20062 1.2049 1.20956 1.21457 1.21989 1.22545 1.23119 1.23704 1.24291 1.24872 1.25438 1.25981 1.26491 1.26962 1.27385 1.27755 1.28065 1.28312 1.28492 1.28601 1.28639 1.28605 1.285 1.28325 1.28083 1.27778 1.27414 1.26998 1.26536 1.26035 1.25503 1.24948 1.24379 1.23804 1.23232 1.2267 1.22125 1.21603 1.2111 1.2065 1.20225 1.19838 1.1949 1.19181 1.18909 1.18673 1.18471 1.18301 1.18158 1.18041 1.17946 1.1787 1.1781 1.17765 1.17731 1.17707 1.17692 1.17684 1.17682 1.17686 1.17696 1.17709 1.17727 1.1775 1.17775 1.17804 1.17836 1.1787 1.17906 1.17943 
1.17278 1.17315 1.17351 1.17385 1.17418 1.17448 1.17475 1.175 1.17523 1.17543 1.17562 1.17579 1.17597 1.17616 1.17638 1.17664 1.17697 1.17739 1.17794 1.17864 1.17954 1.18067 1.18209 1.18383 1.18594 1.18847 1.19144 1.19488 1.19883 1.20328 1.20823 1.21368 1.21958 1.22588 1.23254 1.23948 1.2466 1.25382 1.26105 1.26816 1.27507 1.28167 1.28786 1.29354 1.29864 1.30309 1.30681 1.30976 1.3119 1.31319 1.31363 1.3132 1.31191 1.30979 1.30686 1.30316 1.29876 1.2937 1.28809 1.28198 1.27549 1.2687 1.26171 1.25464 1.24757 1.2406 1.23382 1.2273 1.22111 1.21531 1.20995 1.20503 1.2006 1.19663 1.19314 1.1901 1.18748 1.18526 1.18339 1.18185 1.18059 1.17959 1.17879 1.17817 1.17771 1.17738 1.17715 1.17701 1.17695 1.17696 1.17703 1.17715 1.17732 1.17754 1.17779 1.17808 1.17839 1.17873 1.17909 1.17945 
1.1728 1.17317 1.17353 1.17387 1.1742 1.1745 1.17478 1.17503 1.17526 1.17547 1.17567 1.17587 1.17607 1.1763 1.17658 1.17692 1.17735 1.17791 1.17864 1.17958 1.18077 1.18228 1.18414 1.18642 1.18917 1.19244 1.19626 1.20067 1.2057 1.21133 1.21757 1.22438 1.23173 1.23954 1.24774 1.25625 1.26494 1.27372 1.28246 1.29103 1.29933 1.30722 1.31459 1.32135 1.3274 1.33265 1.33704 1.34051 1.34301 1.34452 1.34501 1.34448 1.34294 1.34041 1.33692 1.33252 1.32727 1.32125 1.31454 1.30723 1.29943 1.29125 1.28282 1.27424 1.26565 1.25714 1.24883 1.24081 1.23317 1.22597 1.21928 1.21314 1.20756 1.20256 1.19813 1.19426 1.19091 1.18806 1.18565 1.18366 1.18202 1.1807 1.17965 1.17884 1.17821 1.17775 1.17743 1.17722 1.17711 1.17708 1.17712 1.17722 1.17737 1.17758 1.17782 1.1781 1.17842 1.17875 1.17911 1.17947 
1.17282 1.17318 1.17354 1.17389 1.17421 1.17452 1.1748 1.17505 1.17529 1.17552 1.17573 1.17596 1.1762 1.17648 1.17683 1.17727 1.17784 1.17858 1.17954 1.18077 1.18234 1.1843 1.18672 1.18966 1.19319 1.19736 1.20221 1.20777 1.21406 1.22109 1.22882 1.23721 1.24622 1.25575 1.2657 1.27596 1.28641 1.2969 1.3073 1.31747 1.32727 1.33655 1.3452 1.3531 1.36015 1.36625 1.37134 1.37535 1.37824 1.37996 1.38051 1.37988 1.37807 1.37511 1.37103 1.36589 1.35974 1.35268 1.34479 1.33618 1.32697 1.31729 1.30726 1.29703 1.28674 1.27651 1.26648 1.25676 1.24745 1.23866 1.23045 1.22287 1.21596 1.20973 1.2042 1.19933 1.19511 1.1915 1.18844 1.18589 1.18379 1.18209 1.18073 1.17966 1.17884 1.17822 1.17778 1.17748 1.1773 1.17722 1.17722 1.17729 1.17743 1.17762 1.17785 1.17813 1.17844 1.17877 1.17912 1.17949 
1.17283 1.17319 1.17355 1.1739 1.17423 1.17453 1.17482 1.17508 1.17533 1.17557 1.17581 1.17606 1.17636 1.17671 1.17715 1.17772 1.17846 1.17942 1.18067 1.18228 1.1843 1.18682 1.18992 1.19366 1.19812 1.20335 1.20941 1.21632 1.22409 1.23272 1.24215 1.25235 1.26322 1.27466 1.28655 1.29874 1.3111 1.32345 1.33564 1.34751 1.35889 1.36964 1.37962 1.38871 1.39679 1.40377 1.40958 1.41414 1.41741 1.41936 1.41997 1.41923 1.41714 1.41374 1.40905 1.40314 1.39607 1.38793 1.37881 1.36883 1.35813 1.34684 1.33511 1.32309 1.31095 1.29884 1.28691 1.2753 1.26414 1.25354 1.24359 1.23437 1.22593 1.21829 1.21147 1.20544 1.20019 1.19568 1.19184 1.18863 1.18597 1.1838 1.18206 1.18068 1.17962 1.17881 1.17822 1.1778 1.17753 1.17739 1.17734 1.17738 1.17749 1.17766 1.17789 1.17815 1.17846 1.17879 1.17914 1.1795 
1.17284 1.1732 1.17356 1.17391 1.17424 1.17455 1.17484 1.17511 1.17537 1.17563 1.1759 1.1762 1.17655 1.17699 1.17755 1.17828 1.17924 1.18048 1.18209 1.18414 1.18672 1.18992 1.19382 1.19851 1.20406 1.21055 1.21801 1.22647 1.23593 1.24636 1.25772 1.26991 1.28284 1.29637 1.31036 1.32464 1.33903 1.35335 1.36741 1.38104 1.39407 1.40632 1.41765 1.42794 1.43706 1.44492 1.45144 1.45656 1.46021 1.46238 1.46304 1.46219 1.45983 1.45599 1.4507 1.44402 1.43602 1.42678 1.41642 1.40504 1.3928 1.37983 1.36631 1.35241 1.33831 1.32417 1.31019 1.29652 1.28332 1.27072 1.25885 1.24779 1.23761 1.22836 1.22005 1.21269 1.20625 1.20068 1.19592 1.19192 1.1886 1.18588 1.18368 1.18193 1.18057 1.17953 1.17875 1.1782 1.17782 1.1776 1.17749 1.17749 1.17757 1.17772 1.17793 1.17818 1.17848 1.1788 1.17915 1.17951 
1.17284 1.17321 1.17357 1.17392 1.17425 1.17456 1.17486 1.17514 1.17542 1.17571 1.17602 1.17637 1.1768 1.17735 1.17806 1.17899 1.18021 1.18179 1.18383 1.18642 1.18966 1.19366 1.19851 1.20431 1.21113 1.21905 1.22811 1.23832 1.24967 1.26212 1.27559 1.28997 1.30513 1.32091 1.33713 1.3536 1.37011 1.38646 1.40244 1.41787 1.43254 1.44629 1.45896 1.47043 1.48056 1.48928 1.49648 1.50212 1.50615 1.50853 1.50924 1.50828 1.50566 1.5014 1.49553 1.48811 1.4792 1.4689 1.4573 1.44453 1.43074 1.41608 1.40073 1.38489 1.36873 1.35248 1.33632 1.32045 1.30505 1.29028 1.27629 1.2632 1.25109 1.24003 1.23006 1.22117 1.21336 1.20658 1.20076 1.19585 1.19174 1.18837 1.18563 1.18344 1.18172 1.1804 1.1794 1.17868 1.17817 1.17785 1.17767 1.17762 1.17766 1.17778 1.17797 1.17821 1.1785 1.17882 1.17916 1.17952 
1.17285 1.17322 1.17358 1.17393 1.17426 1.17458 1.17489 1.17519 1.17549 1.1758 1.17616 1.17658 1.17711 1.17779 1.17869 1.17986 1.1814 1.18339 1.18594 1.18917 1.19319 1.19812 1.20406 1.21113 1.21941 1.22895 1.2398 1.25196 1.26539 1.28004 1.29579 1.31251 1.33004 1.34818 1.36672 1.38545 1.40413 1.42253 1.44043 1.45763 1.47391 1.48911 1.50307 1.51565 1.52674 1.53625 1.5441 1.55022 1.55459 1.55716 1.55793 1.55688 1.55402 1.54937 1.54297 1.53486 1.5251 1.51378 1.501 1.48689 1.47159 1.45526 1.43809 1.42029 1.40206 1.38362 1.36521 1.34703 1.3293 1.31221 1.29595 1.28064 1.26643 1.25337 1.24155 1.23096 1.22161 1.21345 1.20642 1.20045 1.19545 1.19132 1.18795 1.18524 1.1831 1.18144 1.18019 1.17926 1.1786 1.17816 1.17789 1.17777 1.17777 1.17786 1.17802 1.17825 1.17853 1.17884 1.17918 1.17953 
1.17286 1.17323 1.17359 1.17394 1.17428 1.1746 1.17492 1.17524 1.17556 1.17592 1.17634 1.17685 1.17749 1.17834 1.17945 1.18092 1.18283 1.18531 1.18847 1.19244 1.19736 1.20335 1.21055 1.21905 1.22895 1.2403 1.25312 1.26741 1.2831 1.3001 1.31828 1.33747 1.35746 1.37803 1.39895 1.41995 1.44078 1.4612 1.48097 1.49986 1.51767 1.53423 1.54938 1.56298 1.57494 1.58516 1.59357 1.60013 1.6048 1.60754 1.60835 1.60723 1.60416 1.59918 1.59231 1.58358 1.57306 1.56082 1.54696 1.5316 1.51487 1.49695 1.47802 1.4583 1.438 1.41738 1.39667 1.37612 1.35598 1.33646 1.31779 1.30013 1.28363 1.26842 1.25456 1.2421 1.23104 1.22134 1.21295 1.2058 1.19977 1.19476 1.19067 1.18736 1.18474 1.18269 1.18112 1.17995 1.17911 1.17853 1.17816 1.17796 1.1779 1.17795 1.17809 1.17829 1.17855 1.17886 1.17919 1.17954 
1.17287 1.17323 1.1736 1.17395 1.17429 1.17463 1.17496 1.1753 1.17566 1.17607 1.17656 1.17717 1.17796 1.179 1.18037 1.18218 1.18454 1.18758 1.19144 1.19626 1.20221 1.20941 1.21801 1.22811 1.2398 1.25312 1.26809 1.28466 1.30275 1.32224 1.34296 1.36469 1.38719 1.41022 1.43349 1.45673 1.47966 1.50201 1.52353 1.544 1.56321 1.58099 1.5972 1.6117 1.6244 1.63522 1.64412 1.65104 1.65595 1.65884 1.65969 1.65851 1.65528 1.65003 1.64277 1.63353 1.62236 1.60933 1.59452 1.57803 1.56001 1.54062 1.52004 1.49848 1.47619 1.45342 1.43043 1.4075 1.3849 1.36289 1.34171 1.32158 1.30268 1.28516 1.26912 1.25462 1.24168 1.23029 1.22039 1.21191 1.20473 1.19874 1.19382 1.18983 1.18664 1.18414 1.18222 1.18077 1.17971 1.17896 1.17847 1.17818 1.17806 1.17806 1.17816 1.17834 1.17859 1.17888 1.17921 1.17955 
1.17288 1.17324 1.17361 1.17396 1.17431 1.17466 1.17501 1.17538 1.17578 1.17625 1.17682 1.17756 1.17852 1.17979 1.18147 1.18367 1.18654 1.19023 1.19488 1.20067 1.20777 1.21632 1.22647 1.23832 1.25196 1.26741 1.28466 1.30365 1.32426 1.34632 1.36963 1.39394 1.41896 1.44441 1.46998 1.49536 1.52026 1.54441 1.56753 1.58942 1.60986 1.62869 1.64578 1.66102 1.67432 1.68562 1.69489 1.70208 1.70719 1.71019 1.71108 1.70986 1.70652 1.70107 1.69352 1.6839 1.67222 1.65854 1.64294 1.62551 1.60637 1.58566 1.56358 1.54034 1.51618 1.49135 1.46616 1.44088 1.41584 1.39131 1.36757 1.34489 1.32348 1.30353 1.28517 1.26849 1.25354 1.24031 1.22876 1.21881 1.21036 1.20328 1.19743 1.19266 1.18884 1.18583 1.1835 1.18172 1.18041 1.17948 1.17884 1.17845 1.17824 1.17819 1.17825 1.1784 1.17863 1.17891 1.17922 1.17957 
1.17289 1.17325 1.17362 1.17398 1.17434 1.1747 1.17507 1.17547 1.17592 1.17646 1.17714 1.17802 1.17918 1.18071 1.18275 1.18541 1.18887 1.19328 1.19883 1.2057 1.21406 1.22409 1.23593 1.24967 1.26539 1.2831 1.30275 1.32426 1.34746 1.37214 1.39806 1.42492 1.45242 1.4802 1.50795 1.53534 1.56205 1.5878 1.61233 1.63543 1.65689 1.67657 1.69436 1.71015 1.72389 1.73553 1.74505 1.75243 1.75766 1.76074 1.76167 1.76043 1.75703 1.75147 1.74374 1.73385 1.72183 1.70769 1.69149 1.6733 1.65324 1.63144 1.60806 1.58331 1.55744 1.53071 1.50343 1.4759 1.44846 1.42144 1.39515 1.36988 1.3459 1.32343 1.30265 1.28367 1.26658 1.25138 1.23804 1.22651 1.21666 1.20838 1.2015 1.19588 1.19135 1.18776 1.18496 1.18282 1.18123 1.18007 1.17927 1.17875 1.17846 1.17834 1.17835 1.17848 1.17868 1.17894 1.17925 1.17958 
1.1729 1.17326 1.17363 1.174 1.17437 1.17474 1.17514 1.17558 1.17609 1.17672 1.17751 1.17856 1.17995 1.18179 1.18422 1.18741 1.19152 1.19674 1.20328 1.21133 1.22109 1.23272 1.24636 1.26212 1.28004 1.3001 1.32224 1.34632 1.37214 1.39945 1.42795 1.4573 1.48716 1.51715 1.54692 1.57612 1.60444 1.63157 1.65728 1.68134 1.7036 1.7239 1.74217 1.75832 1.77233 1.78416 1.79381 1.80128 1.80657 1.80969 1.81064 1.80941 1.80601 1.80042 1.79262 1.78262 1.7704 1.75599 1.7394 1.72069 1.69994 1.67727 1.65282 1.6268 1.59943 1.57099 1.54178 1.51215 1.48243 1.45298 1.42417 1.39633 1.36975 1.34472 1.32144 1.30008 1.28074 1.26345 1.24822 1.23498 1.22364 1.21404 1.20605 1.19948 1.19417 1.18993 1.18662 1.18407 1.18216 1.18076 1.17977 1.17911 1.17871 1.17851 1.17847 1.17856 1.17873 1.17898 1.17927 1.1796 
1.17292 1.17328 1.17365 1.17402 1.1744 1.1748 1.17523 1.17571 1.17629 1.17701 1.17795 1.17918 1.18083 1.18302 1.1859 1.18966 1.1945 1.20062 1.20823 1.21757 1.22882 1.24215 1.25772 1.27559 1.29579 1.31828 1.34296 1.36963 1.39806 1.42795 1.45894 1.49067 1.52275 1.55477 1.58635 1.61714 1.64682 1.67508 1.70171 1.72649 1.74929 1.76999 1.78851 1.80483 1.81892 1.83079 1.84044 1.8479 1.85319 1.85631 1.85728 1.85609 1.85274 1.8472 1.83945 1.82947 1.81724 1.80274 1.78597 1.76697 1.74578 1.72249 1.69724 1.67019 1.64157 1.61165 1.58073 1.54916 1.51731 1.48557 1.45433 1.42396 1.39482 1.36721 1.3414 1.31759 1.29592 1.27647 1.25925 1.24421 1.23125 1.22026 1.21106 1.20346 1.1973 1.19236 1.18848 1.18548 1.1832 1.18153 1.18033 1.17951 1.17899 1.17871 1.17861 1.17865 1.1788 1.17902 1.1793 1.17962 
1.17294 1.1733 1.17367 1.17405 1.17444 1.17486 1.17532 1.17586 1.17652 1.17735 1.17844 1.1799 1.18183 1.1844 1.18779 1.19218 1.19781 1.2049 1.21368 1.22438 1.23721 1.25235 1.26991 1.28997 1.31251 1.33747 1.36469 1.39394 1.42492 1.4573 1.49067 1.52463 1.55873 1.59256 1.62573 1.65785 1.68862 1.71775 1.74502 1.77026 1.79334 1.81419 1.83276 1.84905 1.86305 1.87481 1.88435 1.89171 1.89692 1.90001 1.90099 1.89986 1.8966 1.8912 1.88361 1.87379 1.8617 1.84731 1.83058 1.81151 1.79013 1.76649 1.7407 1.7129 1.6833 1.65215 1.61976 1.58648 1.5527 1.51882 1.48528 1.45248 1.42082 1.39067 1.36233 1.33605 1.31202 1.29033 1.27104 1.25412 1.23948 1.227 1.21651 1.20782 1.20073 1.19503 1.19053 1.18703 1.18437 1.18239 1.18096 1.17996 1.17931 1.17894 1.17877 1.17876 1.17887 1.17907 1.17933 1.17964 
1.17296 1.17332 1.17369 1.17408 1.17449 1.17494 1.17544 1.17604 1.17678 1.17774 1.179 1.18069 1.18295 1.18595 1.18987 1.19496 1.20144 1.20956 1.21958 1.23173 1.24622 1.26322 1.28284 1.30513 1.33004 1.35746 1.38719 1.41896 1.45242 1.48716 1.52275 1.55873 1.59464 1.63005 1.66453 1.69772 1.7293 1.75902 1.78666 1.8121 1.83522 1.856 1.8744 1.89047 1.90423 1.91573 1.92504 1.93222 1.9373 1.94032 1.9413 1.94024 1.93713 1.93193 1.9246 1.91507 1.90328 1.88916 1.87267 1.85377 1.83244 1.80871 1.78265 1.75438 1.72408 1.69199 1.65839 1.62364 1.58815 1.55233 1.51665 1.48155 1.44749 1.41486 1.38402 1.35528 1.32886 1.30491 1.2835 1.26463 1.24825 1.23421 1.22237 1.21252 1.20445 1.19794 1.19277 1.18874 1.18565 1.18334 1.18165 1.18046 1.17967 1.17919 1.17894 1.17888 1.17895 1.17913 1.17937 1.17967 
1.17298 1.17334 1.17372 1.17412 1.17454 1.17502 1.17557 1.17623 1.17707 1.17817 1.17963 1.18158 1.18419 1.18764 1.19215 1.19797 1.20535 1.21457 1.22588 1.23954 1.25575 1.27466 1.29637 1.32091 1.34818 1.37803 1.41022 1.44441 1.4802 1.51715 1.55477 1.59256 1.63005 1.66676 1.70229 1.73627 1.76839 1.79842 1.82618 1.85156 1.87449 1.89498 1.91303 1.92871 1.94207 1.95321 1.9622 1.96911 1.97401 1.97693 1.97791 1.97694 1.97401 1.96907 1.96208 1.95294 1.94158 1.9279 1.91184 1.8933 1.87225 1.84868 1.82262 1.79416 1.76344 1.73067 1.69614 1.66019 1.62323 1.5857 1.54807 1.51084 1.4745 1.43949 1.40624 1.37507 1.34628 1.32006 1.29651 1.27567 1.25748 1.24184 1.22859 1.21753 1.20843 1.20106 1.19519 1.19058 1.18704 1.18437 1.18241 1.18101 1.18007 1.17947 1.17914 1.17901 1.17904 1.17919 1.17942 1.1797 
1.17301 1.17336 1.17374 1.17416 1.17461 1.17511 1.17571 1.17645 1.1774 1.17864 1.18031 1.18255 1.18553 1.18947 1.1946 1.20119 1.20953 1.21989 1.23254 1.24774 1.2657 1.28655 1.31036 1.33713 1.36672 1.39895 1.43349 1.46998 1.50795 1.54692 1.58635 1.62573 1.66453 1.70229 1.7386 1.77309 1.80548 1.83556 1.86319 1.88829 1.91083 1.93083 1.94837 1.96351 1.97637 1.98704 1.99562 2.00221 2.00687 2.00967 2.01064 2.00977 2.00705 2.00242 1.99583 1.98717 1.97635 1.96325 1.94776 1.92978 1.90922 1.88603 1.86021 1.83181 1.80094 1.76778 1.73259 1.69571 1.65754 1.61853 1.57918 1.54001 1.50155 1.4643 1.42872 1.39521 1.3641 1.33562 1.30994 1.2871 1.26709 1.24982 1.23512 1.2228 1.21264 1.20437 1.19775 1.19255 1.18853 1.18548 1.18323 1.18161 1.18049 1.17977 1.17935 1.17916 1.17914 1.17926 1.17946 1.17973 
1.17303 1.17339 1.17378 1.1742 1.17467 1.17522 1.17587 1.17669 1.17775 1.17916 1.18105 1.18359 1.18696 1.19141 1.1972 1.2046 1.21392 1.22545 1.23948 1.25625 1.27596 1.29874 1.32464 1.3536 1.38545 1.41995 1.45673 1.49536 1.53534 1.57612 1.61714 1.65785 1.69772 1.73627 1.77309 1.80784 1.84025 1.87016 1.89743 1.92205 1.94401 1.96339 1.98026 1.99476 2.00701 2.01713 2.02524 2.03146 2.03586 2.03852 2.03946 2.0387 2.0362 2.03192 2.02578 2.01768 2.00748 1.99506 1.98028 1.963 1.9431 1.92049 1.89513 1.86702 1.83625 1.80296 1.76738 1.72983 1.69071 1.65046 1.60962 1.56872 1.52832 1.48898 1.45121 1.41545 1.38209 1.35142 1.32362 1.29881 1.27697 1.25805 1.24189 1.22829 1.21703 1.20783 1.20045 1.19462 1.1901 1.18666 1.1841 1.18224 1.18095 1.18009 1.17958 1.17932 1.17925 1.17933 1.17951 1.17977 
1.17307 1.17342 1.17381 1.17425 1.17475 1.17533 1.17604 1.17694 1.17813 1.17971 1.18184 1.18469 1.18848 1.19346 1.19992 1.20815 1.21847 1.23119 1.2466 1.26494 1.28641 1.3111 1.33903 1.37011 1.40413 1.44078 1.47966 1.52026 1.56205 1.60444 1.64682 1.68862 1.7293 1.76839 1.80548 1.84025 1.87247 1.90199 1.92874 1.9527 1.97395 1.99257 2.00868 2.02245 2.03401 2.04353 2.05113 2.05694 2.06106 2.06356 2.06447 2.06381 2.06155 2.05764 2.05198 2.04447 2.03496 2.0233 2.00932 1.99285 1.97375 1.95188 1.92717 1.89956 1.86911 1.83592 1.8002 1.76223 1.7224 1.68117 1.63907 1.59665 1.55452 1.51327 1.47345 1.43557 1.40006 1.36726 1.33741 1.31064 1.28701 1.26644 1.24881 1.23392 1.22155 1.21142 1.20325 1.19678 1.19174 1.18789 1.18501 1.18291 1.18143 1.18043 1.17982 1.17948 1.17937 1.17941 1.17957 1.17981 
1.1731 1.17345 1.17385 1.1743 1.17482 1.17545 1.17622 1.17721 1.17853 1.18029 1.18266 1.18584 1.19005 1.19558 1.20272 1.2118 1.22313 1.23704 1.25382 1.27372 1.2969 1.32345 1.35335 1.38646 1.42253 1.4612 1.50201 1.54441 1.5878 1.63157 1.67508 1.71775 1.75902 1.79842 1.83556 1.87016 1.90199 1.93096 1.95702 1.98021 2.00063 2.0184 2.03369 2.04666 2.0575 2.06638 2.07344 2.07883 2.08265 2.08498 2.08586 2.0853 2.08328 2.07974 2.07458 2.06768 2.05889 2.04803 2.03492 2.01935 2.00115 1.98015 1.95622 1.92928 1.89934 1.86645 1.8308 1.79265 1.75236 1.71037 1.66723 1.62352 1.57986 1.53688 1.49518 1.45531 1.41777 1.38295 1.35112 1.32247 1.29707 1.27488 1.2558 1.23963 1.22615 1.21507 1.20612 1.199 1.19343 1.18916 1.18595 1.1836 1.18193 1.18079 1.18007 1.17966 1.17949 1.17949 1.17963 1.17985 
1.17313 1.17349 1.17389 1.17436 1.17491 1.17557 1.17641 1.1775 1.17895 1.18089 1.18351 1.18702 1.19167 1.19775 1.20557 1.21549 1.22782 1.24291 1.26105 1.28246 1.3073 1.33564 1.36741 1.40244 1.44043 1.48097 1.52353 1.56753 1.61233 1.65728 1.70171 1.74502 1.78666 1.82618 1.86319 1.89743 1.92874 1.95702 1.98229 2.00462 2.02414 2.04101 2.05542 2.06758 2.07767 2.08589 2.09241 2.09737 2.10089 2.10304 2.10388 2.10342 2.10163 2.09846 2.0938 2.08752 2.07945 2.06942 2.0572 2.04258 2.02535 2.00529 1.98226 1.95612 1.92683 1.89442 1.85903 1.82089 1.78034 1.73782 1.69387 1.64907 1.60408 1.55956 1.51615 1.47447 1.43504 1.3983 1.36459 1.33413 1.30702 1.28327 1.26277 1.24534 1.23076 1.21875 1.20901 1.20124 1.19515 1.19046 1.18692 1.18431 1.18244 1.18116 1.18033 1.17984 1.17961 1.17958 1.17969 1.1799 
1.17317 1.17352 1.17393 1.17442 1.17499 1.1757 1.17661 1.17779 1.17937 1.1815 1.18437 1.18821 1.19329 1.19992 1.20843 1.21917 1.23249 1.24872 1.26816 1.29103 1.31747 1.34751 1.38104 1.41787 1.45763 1.49986 1.544 1.58942 1.63543 1.68134 1.72649 1.77026 1.8121 1.85156 1.88829 1.92205 1.9527 1.98021 2.00462 2.02603 2.04462 2.06056 2.07409 2.08542 2.09478 2.10235 2.10833 2.11287 2.11609 2.11807 2.11886 2.11849 2.11693 2.1141 2.10992 2.10425 2.0969 2.08768 2.07636 2.06271 2.04647 2.02741 2.00533 1.98008 1.95155 1.91976 1.88478 1.84682 1.80619 1.76333 1.71876 1.67308 1.62696 1.58109 1.53616 1.49282 1.45164 1.41313 1.37765 1.34548 1.31675 1.29149 1.26962 1.25097 1.23533 1.2224 1.21189 1.20348 1.19687 1.19176 1.18789 1.18502 1.18296 1.18153 1.18059 1.18002 1.17974 1.17967 1.17975 1.17994 
1.17321 1.17356 1.17398 1.17448 1.17508 1.17584 1.1768 1.17808 1.1798 1.18212 1.18524 1.1894 1.19491 1.20207 1.21124 1.22278 1.23705 1.25438 1.27507 1.29933 1.32727 1.35889 1.39407 1.43254 1.47391 1.51767 1.56321 1.60986 1.65689 1.7036 1.74929 1.79334 1.83522 1.87449 1.91083 1.94401 1.97395 2.00063 2.02414 2.04462 2.06226 2.07728 2.08994 2.10047 2.10911 2.11606 2.12152 2.12565 2.12858 2.13039 2.13115 2.13085 2.12949 2.127 2.12327 2.11817 2.11151 2.10308 2.09265 2.07994 2.06469 2.04664 2.02555 2.00123 1.97354 1.94244 1.90799 1.87034 1.82979 1.78675 1.74173 1.69535 1.64829 1.60126 1.55498 1.51015 1.4674 1.42725 1.39014 1.35637 1.32611 1.29942 1.27625 1.25645 1.23978 1.22597 1.21471 1.20568 1.19856 1.19304 1.18885 1.18573 1.18348 1.1819 1.18085 1.18021 1.17987 1.17976 1.17981 1.17999 
1.17324 1.17359 1.17402 1.17454 1.17517 1.17597 1.177 1.17838 1.18022 1.18272 1.18608 1.19057 1.19648 1.20416 1.21396 1.22626 1.24143 1.25981 1.28167 1.30722 1.33655 1.36964 1.40632 1.44629 1.48911 1.53423 1.58099 1.62869 1.67657 1.7239 1.76999 1.81419 1.856 1.89498 1.93083 1.96339 1.99257 2.0184 2.04101 2.06056 2.07728 2.09143 2.10325 2.11302 2.12097 2.12734 2.13231 2.13606 2.13872 2.14037 2.14108 2.14086 2.13968 2.13749 2.13419 2.12962 2.1236 2.11592 2.10632 2.09452 2.08023 2.06317 2.04307 2.01969 1.99287 1.96252 1.92866 1.89142 1.85106 1.80797 1.76267 1.71575 1.66791 1.6199 1.57245 1.52631 1.48213 1.4405 1.40189 1.36665 1.33498 1.30697 1.28258 1.26168 1.24404 1.2294 1.21743 1.2078 1.2002 1.19428 1.18978 1.18642 1.18398 1.18227 1.18111 1.18039 1.18 1.17984 1.17987 1.18004 
1.17328 1.17363 1.17406 1.1746 1.17526 1.1761 1.17719 1.17866 1.18063 1.1833 1.1869 1.19169 1.19799 1.20615 1.21654 1.22956 1.24557 1.26491 1.28786 1.31459 1.3452 1.37962 1.41765 1.45896 1.50307 1.54938 1.5972 1.64578 1.69436 1.74217 1.78851 1.83276 1.8744 1.91303 1.94837 1.98026 2.00868 2.03369 2.05542 2.07409 2.08994 2.10325 2.1143 2.12335 2.13068 2.13651 2.14104 2.14444 2.14684 2.14835 2.14901 2.14884 2.14784 2.14592 2.14299 2.13891 2.13348 2.12648 2.11766 2.10671 2.09333 2.07721 2.05805 2.0356 2.00964 1.98006 1.94683 1.91006 1.86997 1.82695 1.78147 1.73415 1.68569 1.63685 1.5884 1.54111 1.49568 1.45273 1.41278 1.3762 1.34325 1.31402 1.28851 1.26659 1.24806 1.23263 1.22 1.20982 1.20175 1.19547 1.19067 1.18708 1.18447 1.18262 1.18136 1.18057 1.18012 1.17993 1.17993 1.18008 
1.17331 1.17366 1.17411 1.17465 1.17534 1.17622 1.17738 1.17893 1.18102 1.18385 1.18766 1.19273 1.19939 1.208 1.21895 1.23262 1.2494 1.26962 1.29354 1.32135 1.3531 1.38871 1.42794 1.47043 1.51565 1.56298 1.6117 1.66102 1.71015 1.75832 1.80483 1.84905 1.89047 1.92871 1.96351 1.99476 2.02245 2.04666 2.06758 2.08542 2.10047 2.11302 2.12335 2.13177 2.13853 2.14387 2.14799 2.15108 2.15326 2.15463 2.15525 2.15514 2.15427 2.15259 2.15 2.14635 2.14145 2.13507 2.12694 2.11677 2.10422 2.08898 2.07071 2.04913 2.02399 1.99516 1.96257 1.92629 1.88653 1.84363 1.79808 1.75047 1.70153 1.65201 1.60272 1.55444 1.50792 1.46381 1.42267 1.38491 1.3508 1.32048 1.29395 1.27112 1.25177 1.23563 1.22239 1.21169 1.2032 1.19658 1.19151 1.18771 1.18492 1.18295 1.1816 1.18073 1.18024 1.18001 1.17999 1.18012 
1.17335 1.1737 1.17415 1.17471 1.17542 1.17634 1.17755 1.17918 1.18138 1.18436 1.18837 1.19369 1.20068 1.20969 1.22113 1.23539 1.25285 1.27385 1.29864 1.3274 1.36015 1.39679 1.43706 1.48056 1.52674 1.57494 1.6244 1.67432 1.72389 1.77233 1.81892 1.86305 1.90423 1.94207 1.97637 2.00701 2.03401 2.0575 2.07767 2.09478 2.10911 2.12097 2.13068 2.13853 2.14479 2.1497 2.15347 2.15629 2.15827 2.15952 2.1601 2.16003 2.15928 2.15781 2.15551 2.15223 2.14779 2.14195 2.13445 2.12496 2.11316 2.0987 2.08123 2.06044 2.03608 2.00794 1.97596 1.94016 1.90074 1.85801 1.81245 1.76466 1.71534 1.66527 1.61528 1.56617 1.51872 1.47362 1.43145 1.39265 1.35753 1.32625 1.29883 1.27518 1.25511 1.23833 1.22455 1.21339 1.20452 1.19759 1.19227 1.18828 1.18534 1.18325 1.18182 1.18089 1.18034 1.18009 1.18005 1.18016 
1.17338 1.17373 1.17418 1.17476 1.17549 1.17644 1.1777 1.1794 1.1817 1.18481 1.18899 1.19455 1.20182 1.21118 1.22305 1.23782 1.25588 1.27755 1.30309 1.33265 1.36625 1.40377 1.44492 1.48928 1.53625 1.58516 1.63522 1.68562 1.73553 1.78416 1.83079 1.87481 1.91573 1.95321 1.98704 2.01713 2.04353 2.06638 2.08589 2.10235 2.11606 2.12734 2.13651 2.14387 2.1497 2.15425 2.15772 2.1603 2.16211 2.16326 2.16381 2.16377 2.16312 2.16182 2.15977 2.15681 2.15276 2.14738 2.1404 2.13151 2.12035 2.10657 2.08981 2.06972 2.04603 2.01852 1.98709 1.95175 1.91265 1.87012 1.82459 1.77667 1.72707 1.67656 1.626 1.57621 1.52799 1.48206 1.43902 1.39935 1.36337 1.33127 1.30308 1.27873 1.25803 1.2407 1.22644 1.21489 1.20569 1.19849 1.19295 1.18878 1.18571 1.18352 1.18201 1.18103 1.18044 1.18016 1.18009 1.1802 
1.1734 1.17375 1.17421 1.1748 1.17555 1.17653 1.17784 1.17959 1.18198 1.1852 1.18953 1.19528 1.20279 1.21245 1.22468 1.23988 1.25843 1.28065 1.30681 1.33704 1.37134 1.40958 1.45144 1.49648 1.5441 1.59357 1.64412 1.69489 1.74505 1.79381 1.84044 1.88435 1.92504 1.9622 1.99562 2.02524 2.05113 2.07344 2.09241 2.10833 2.12152 2.13231 2.14104 2.14799 2.15347 2.15772 2.16095 2.16334 2.16501 2.16608 2.16659 2.16657 2.16601 2.16485 2.16299 2.16029 2.15656 2.15157 2.14503 2.13662 2.126 2.11279 2.09661 2.07711 2.054 2.02702 1.99606 1.96112 1.92232 1.87996 1.83448 1.78649 1.73667 1.68584 1.63483 1.58449 1.53565 1.48905 1.4453 1.40492 1.36823 1.33546 1.30664 1.28171 1.26048 1.2427 1.22805 1.21616 1.20668 1.19925 1.19353 1.18921 1.18603 1.18375 1.18218 1.18115 1.18053 1.18022 1.18014 1.18023 
1.17343 1.17378 1.17424 1.17483 1.1756 1.17661 1.17795 1.17976 1.18221 1.18552 1.18997 1.19587 1.20357 1.21347 1.22599 1.24152 1.26046 1.28312 1.30976 1.34051 1.37535 1.41414 1.45656 1.50212 1.55022 1.60013 1.65104 1.70208 1.75243 1.80128 1.8479 1.89171 1.93222 1.96911 2.00221 2.03146 2.05694 2.07883 2.09737 2.11287 2.12565 2.13606 2.14444 2.15108 2.15629 2.1603 2.16334 2.16557 2.16714 2.16813 2.16862 2.16863 2.16813 2.16708 2.16537 2.16287 2.15939 2.1547 2.1485 2.14048 2.13027 2.11751 2.10179 2.08276 2.06009 2.03354 2.00296 1.96833 1.92977 1.88756 1.84214 1.79409 1.74413 1.69304 1.6417 1.59095 1.54164 1.49452 1.45023 1.40929 1.37207 1.33877 1.30946 1.28407 1.26244 1.2443 1.22933 1.21718 1.20748 1.19986 1.194 1.18957 1.1863 1.18395 1.18232 1.18124 1.1806 1.18027 1.18017 1.18026 
1.17344 1.17379 1.17426 1.17486 1.17564 1.17667 1.17803 1.17988 1.18238 1.18576 1.1903 1.19631 1.20415 1.21423 1.22695 1.24273 1.26194 1.28492 1.3119 1.34301 1.37824 1.41741 1.46021 1.50615 1.55459 1.6048 1.65595 1.70719 1.75766 1.80657 1.85319 1.89692 1.9373 1.97401 2.00687 2.03586 2.06106 2.08265 2.10089 2.11609 2.12858 2.13872 2.14684 2.15326 2.15827 2.16211 2.16501 2.16714 2.16862 2.16957 2.17005 2.17006 2.16961 2.16864 2.16704 2.16469 2.16139 2.15691 2.15096 2.14321 2.13331 2.12086 2.10547 2.08677 2.06442 2.03817 2.00786 1.97345 1.93505 1.89295 1.84757 1.79949 1.74942 1.69816 1.64658 1.59555 1.54591 1.49843 1.45376 1.41244 1.37483 1.34116 1.3115 1.28579 1.26387 1.24547 1.23028 1.21793 1.20807 1.20032 1.19435 1.18983 1.18649 1.18409 1.18242 1.18132 1.18065 1.1803 1.1802 1.18028 
1.17346 1.17381 1.17428 1.17488 1.17567 1.17671 1.17809 1.17996 1.1825 1.18592 1.19052 1.1966 1.20453 1.21471 1.22755 1.24347 1.26285 1.28601 1.31319 1.34452 1.37996 1.41936 1.46238 1.50853 1.55716 1.60754 1.65884 1.71019 1.76074 1.80969 1.85631 1.90001 1.94032 1.97693 2.00967 2.03852 2.06356 2.08498 2.10304 2.11807 2.13039 2.14037 2.14835 2.15463 2.15952 2.16326 2.16608 2.16813 2.16957 2.17049 2.17096 2.17098 2.17056 2.16963 2.16811 2.16585 2.16266 2.1583 2.1525 2.14492 2.13519 2.12293 2.10773 2.08922 2.06705 2.04097 2.0108 1.97651 1.9382 1.89615 1.85078 1.80267 1.75253 1.70117 1.64946 1.59826 1.54843 1.50074 1.45585 1.41431 1.37648 1.34259 1.31273 1.28684 1.26474 1.24619 1.23086 1.21841 1.20845 1.20062 1.19458 1.19 1.18662 1.18419 1.18249 1.18137 1.18069 1.18033 1.18022 1.1803 
