4.03711 4.0373 4.03753 4.03779 4.03809 4.03842 4.03878 4.03918 4.03962 4.04009 4.04061 4.04117 4.04177 4.04243 4.04314 4.0439 4.04472 4.0456 4.04654 4.04755 4.04862 4.04975 4.05095 4.05221 4.05353 4.05491 4.05634 4.05783 4.05935 4.06092 4.06251 4.06412 4.06575 4.06737 4.06899 4.07059 4.07216 4.07369 4.07517 4.07658 4.07791 4.07916 4.08031 4.08135 4.08228 4.08308 4.08375 4.08429 4.08468 4.08493 4.08503 4.08498 4.08479 4.08445 4.08397 4.08336 4.08261 4.08174 4.08075 4.07965 4.07846 4.07718 4.07582 4.0744 4.07292 4.0714 4.06986 4.06829 4.06672 4.06515 4.06359 4.06205 4.06055 4.05909 4.05768 4.05632 4.05502 4.05379 4.05262 4.05153 4.05051 4.04957 4.0487 4.04791 4.0472 4.04656 4.04599 4.04549 4.04506 4.0447 4.0444 4.04416 4.04398 4.04384 4.04376 4.04373 4.04373 4.04378 4.04387 4.044 
4.0373 4.0375 4.03773 4.03799 4.03829 4.03862 4.03898 4.03938 4.03982 4.04029 4.04081 4.04138 4.04199 4.04265 4.04336 4.04413 4.04496 4.04585 4.0468 4.04781 4.04889 4.05004 4.05125 4.05252 4.05386 4.05525 4.0567 4.0582 4.05974 4.06133 4.06294 4.06457 4.06621 4.06786 4.0695 4.07112 4.07271 4.07426 4.07575 4.07718 4.07853 4.07979 4.08095 4.08201 4.08295 4.08376 4.08444 4.08498 4.08538 4.08563 4.08573 4.08568 4.08549 4.08515 4.08466 4.08404 4.08328 4.08239 4.08139 4.08028 4.07907 4.07778 4.0764 4.07496 4.07347 4.07193 4.07037 4.06878 4.06719 4.0656 4.06402 4.06247 4.06095 4.05947 4.05804 4.05666 4.05535 4.0541 4.05292 4.05182 4.05079 4.04984 4.04896 4.04816 4.04744 4.04679 4.04622 4.04572 4.04528 4.04492 4.04461 4.04437 4.04418 4.04405 4.04396 4.04393 4.04393 4.04398 4.04407 4.0442 
4.03753 4.03773 4.03796 4.03822 4.03852 4.03886 4.03923 4.03964 4.04008 4.04057 4.0411 4.04168 4.04231 4.04299 4.04372 4.04451 4.04536 4.04628 4.04726 4.04831 4.04942 4.05061 4.05186 4.05317 4.05455 4.05599 4.05749 4.05904 4.06063 4.06227 4.06393 4.06562 4.06732 4.06902 4.07072 4.07239 4.07403 4.07563 4.07717 4.07864 4.08004 4.08134 4.08254 4.08363 4.0846 4.08543 4.08613 4.08669 4.0871 4.08736 4.08746 4.08741 4.08721 4.08685 4.08635 4.08571 4.08492 4.08401 4.08297 4.08183 4.08058 4.07924 4.07782 4.07633 4.07478 4.0732 4.07158 4.06994 4.06829 4.06665 4.06502 4.06341 4.06184 4.06031 4.05883 4.05741 4.05605 4.05476 4.05354 4.05239 4.05133 4.05034 4.04943 4.0486 4.04785 4.04718 4.04659 4.04606 4.04561 4.04523 4.04491 4.04465 4.04445 4.04431 4.04422 4.04417 4.04417 4.04422 4.0443 4.04443 
4.03779 4.03799 4.03822 4.03849 4.0388 4.03914 4.03953 4.03995 4.04041 4.04092 4.04147 4.04208 4.04273 4.04344 4.04421 4.04504 4.04594 4.0469 4.04794 4.04904 4.05021 4.05146 4.05278 4.05416 4.05562 4.05714 4.05872 4.06035 4.06203 4.06375 4.06551 4.06728 4.06907 4.07086 4.07265 4.07441 4.07613 4.07781 4.07943 4.08098 4.08244 4.08381 4.08507 4.08622 4.08723 4.08811 4.08884 4.08943 4.08985 4.09012 4.09023 4.09018 4.08996 4.08959 4.08905 4.08837 4.08755 4.08659 4.0855 4.08429 4.08297 4.08156 4.08007 4.0785 4.07688 4.0752 4.0735 4.07177 4.07004 4.0683 4.06659 4.06489 4.06324 4.06162 4.06006 4.05856 4.05712 4.05576 4.05447 4.05326 4.05213 4.05108 4.05012 4.04924 4.04844 4.04773 4.04709 4.04653 4.04605 4.04564 4.04529 4.04501 4.04479 4.04463 4.04452 4.04446 4.04446 4.04449 4.04457 4.04469 
4.03809 4.03829 4.03852 4.0388 4.03912 4.03947 4.03987 4.04031 4.0408 4.04134 4.04192 4.04257 4.04326 4.04402 4.04484 4.04573 4.04669 4.04772 4.04883 4.05001 4.05127 4.05261 4.05402 4.05551 4.05707 4.0587 4.06039 4.06214 4.06394 4.06578 4.06766 4.06956 4.07148 4.0734 4.0753 4.07718 4.07903 4.08082 4.08255 4.0842 4.08576 4.08722 4.08857 4.08978 4.09086 4.0918 4.09258 4.0932 4.09365 4.09394 4.09405 4.09399 4.09375 4.09335 4.09278 4.09205 4.09117 4.09014 4.08897 4.08768 4.08628 4.08477 4.08317 4.08149 4.07975 4.07796 4.07614 4.07429 4.07243 4.07057 4.06873 4.06692 4.06514 4.06341 4.06173 4.06012 4.05858 4.05711 4.05572 4.05442 4.0532 4.05207 4.05103 4.05007 4.04921 4.04843 4.04774 4.04713 4.0466 4.04614 4.04576 4.04544 4.0452 4.04501 4.04488 4.0448 4.04478 4.0448 4.04488 4.04499 
4.03842 4.03862 4.03886 4.03914 4.03947 4.03985 4.04027 4.04074 4.04126 4.04183 4.04246 4.04315 4.0439 4.04472 4.04561 4.04658 4.04762 4.04874 4.04994 4.05123 4.0526 4.05405 4.05559 4.05721 4.0589 4.06067 4.06251 4.06442 4.06637 4.06837 4.07041 4.07248 4.07455 4.07663 4.07869 4.08073 4.08273 4.08467 4.08654 4.08832 4.09001 4.09158 4.09303 4.09435 4.09551 4.09652 4.09736 4.09802 4.09851 4.09881 4.09893 4.09886 4.0986 4.09816 4.09755 4.09675 4.0958 4.09468 4.09342 4.09202 4.0905 4.08886 4.08713 4.08531 4.08343 4.08149 4.07951 4.0775 4.07548 4.07347 4.07147 4.0695 4.06757 4.06568 4.06386 4.0621 4.06042 4.05882 4.0573 4.05587 4.05454 4.0533 4.05216 4.05111 4.05016 4.0493 4.04853 4.04785 4.04726 4.04675 4.04632 4.04596 4.04567 4.04545 4.04529 4.04519 4.04515 4.04516 4.04521 4.04532 
4.03878 4.03898 4.03923 4.03953 4.03987 4.04027 4.04072 4.04122 4.04178 4.0424 4.04309 4.04384 4.04466 4.04556 4.04653 4.04759 4.04873 4.04996 4.05128 4.0527 4.0542 4.0558 4.05749 4.05927 4.06114 4.06308 4.06511 4.06719 4.06934 4.07154 4.07377 4.07603 4.07831 4.08058 4.08284 4.08507 4.08725 4.08937 4.09141 4.09336 4.0952 4.09691 4.09849 4.09992 4.10119 4.10228 4.10319 4.10391 4.10444 4.10476 4.10489 4.10481 4.10452 4.10404 4.10336 4.1025 4.10145 4.10023 4.09885 4.09732 4.09565 4.09386 4.09197 4.08998 4.08792 4.08579 4.08362 4.08143 4.07922 4.07701 4.07481 4.07265 4.07052 4.06845 4.06644 4.06451 4.06265 4.06089 4.05921 4.05764 4.05616 4.05479 4.05352 4.05236 4.05129 4.05033 4.04947 4.04871 4.04804 4.04746 4.04696 4.04655 4.04621 4.04595 4.04576 4.04563 4.04556 4.04555 4.04559 4.04569 
4.03918 4.03938 4.03964 4.03995 4.04031 4.04074 4.04122 4.04177 4.04238 4.04305 4.0438 4.04463 4.04553 4.04652 4.0476 4.04877 4.05003 4.0514 4.05286 4.05443 4.0561 4.05787 4.05975 4.06172 4.06379 4.06594 4.06818 4.07049 4.07286 4.07529 4.07776 4.08026 4.08276 4.08527 4.08776 4.09021 4.09261 4.09494 4.09718 4.09932 4.10134 4.10323 4.10496 4.10652 4.10791 4.1091 4.1101 4.11089 4.11146 4.11181 4.11194 4.11185 4.11154 4.111 4.11025 4.1093 4.10814 4.1068 4.10528 4.10359 4.10176 4.09979 4.0977 4.09551 4.09324 4.09089 4.0885 4.08608 4.08364 4.0812 4.07877 4.07638 4.07403 4.07173 4.06951 4.06736 4.0653 4.06334 4.06148 4.05972 4.05807 4.05654 4.05512 4.05382 4.05262 4.05154 4.05057 4.0497 4.04894 4.04828 4.04771 4.04723 4.04683 4.04652 4.04628 4.04611 4.04601 4.04598 4.04601 4.04609 
4.03962 4.03982 4.04008 4.04041 4.0408 4.04126 4.04178 4.04238 4.04304 4.04379 4.04461 4.04553 4.04653 4.04763 4.04883 4.05013 4.05154 4.05306 4.05469 4.05644 4.0583 4.06027 4.06236 4.06456 4.06686 4.06926 4.07175 4.07432 4.07695 4.07965 4.08239 4.08516 4.08794 4.09071 4.09347 4.09618 4.09883 4.1014 4.10388 4.10624 4.10847 4.11054 4.11245 4.11417 4.1157 4.11701 4.1181 4.11897 4.11959 4.11998 4.12012 4.12001 4.11966 4.11906 4.11823 4.11718 4.1159 4.11441 4.11273 4.11087 4.10884 4.10666 4.10435 4.10192 4.0994 4.09681 4.09416 4.09147 4.08876 4.08606 4.08336 4.0807 4.07809 4.07554 4.07306 4.07067 4.06837 4.06618 4.06409 4.06213 4.06028 4.05856 4.05697 4.0555 4.05415 4.05293 4.05183 4.05084 4.04997 4.04921 4.04855 4.04799 4.04753 4.04715 4.04686 4.04665 4.04652 4.04645 4.04646 4.04654 
4.04009 4.04029 4.04057 4.04092 4.04134 4.04183 4.0424 4.04305 4.04379 4.04461 4.04553 4.04654 4.04766 4.04888 4.05022 4.05167 4.05325 4.05494 4.05677 4.05872 4.06081 4.06302 4.06535 4.0678 4.07037 4.07305 4.07583 4.07869 4.08163 4.08463 4.08768 4.09075 4.09384 4.09693 4.09998 4.10299 4.10593 4.10878 4.11152 4.11413 4.11659 4.11888 4.12099 4.12289 4.12457 4.12601 4.12722 4.12817 4.12885 4.12927 4.12942 4.1293 4.1289 4.12824 4.12732 4.12614 4.12473 4.12308 4.12121 4.11915 4.1169 4.11448 4.11192 4.10923 4.10644 4.10356 4.10061 4.09763 4.09462 4.0916 4.0886 4.08564 4.08273 4.07988 4.07711 4.07444 4.07187 4.06942 4.06708 4.06488 4.0628 4.06087 4.05907 4.05741 4.05589 4.0545 4.05325 4.05213 4.05113 4.05025 4.04949 4.04884 4.0483 4.04785 4.0475 4.04724 4.04707 4.04698 4.04696 4.04702 
4.04061 4.04081 4.0411 4.04147 4.04192 4.04246 4.04309 4.0438 4.04461 4.04553 4.04654 4.04767 4.04892 4.05029 4.05178 4.05341 4.05517 4.05708 4.05912 4.06131 4.06364 4.06611 4.06873 4.07147 4.07434 4.07733 4.08043 4.08363 4.08691 4.09025 4.09364 4.09707 4.1005 4.10393 4.10732 4.11066 4.11392 4.11708 4.12011 4.123 4.12572 4.12826 4.13058 4.13268 4.13454 4.13613 4.13746 4.1385 4.13925 4.13971 4.13987 4.13973 4.13929 4.13855 4.13753 4.13622 4.13465 4.13282 4.13075 4.12846 4.12596 4.12328 4.12044 4.11746 4.11435 4.11115 4.10788 4.10456 4.10121 4.09785 4.09451 4.09121 4.08796 4.08478 4.08169 4.0787 4.07582 4.07307 4.07045 4.06797 4.06564 4.06346 4.06144 4.05956 4.05784 4.05627 4.05484 4.05356 4.05242 4.05142 4.05054 4.04979 4.04915 4.04863 4.04821 4.0479 4.04767 4.04754 4.0475 4.04754 
4.04117 4.04138 4.04168 4.04208 4.04257 4.04315 4.04384 4.04463 4.04553 4.04654 4.04767 4.04893 4.05032 4.05185 4.05353 4.05535 4.05732 4.05946 4.06175 4.0642 4.06681 4.06958 4.0725 4.07557 4.07878 4.08212 4.08558 4.08915 4.0928 4.09652 4.1003 4.10411 4.10793 4.11173 4.1155 4.1192 4.12281 4.12632 4.12968 4.13287 4.13588 4.13868 4.14125 4.14357 4.14561 4.14737 4.14883 4.14998 4.15081 4.15131 4.15148 4.15131 4.15082 4.15 4.14886 4.14742 4.14567 4.14364 4.14135 4.13881 4.13605 4.13307 4.12992 4.12661 4.12316 4.11961 4.11597 4.11228 4.10855 4.10482 4.1011 4.09741 4.09379 4.09024 4.08679 4.08345 4.08023 4.07715 4.07421 4.07143 4.06881 4.06636 4.06408 4.06196 4.06001 4.05823 4.05662 4.05516 4.05386 4.05271 4.05171 4.05084 4.0501 4.04948 4.04899 4.04861 4.04833 4.04816 4.04809 4.04811 
4.04177 4.04199 4.04231 4.04273 4.04326 4.0439 4.04466 4.04553 4.04653 4.04766 4.04892 4.05032 4.05188 4.05359 4.05546 4.0575 4.05971 4.0621 4.06466 4.06741 4.07033 4.07342 4.07669 4.08012 4.0837 4.08743 4.09128 4.09526 4.09932 4.10347 4.10767 4.1119 4.11614 4.12035 4.12453 4.12863 4.13263 4.1365 4.14022 4.14375 4.14708 4.15017 4.153 4.15555 4.15781 4.15974 4.16135 4.16261 4.16352 4.16406 4.16424 4.16406 4.16351 4.1626 4.16134 4.15973 4.1578 4.15556 4.15302 4.15021 4.14715 4.14386 4.14037 4.1367 4.13288 4.12894 4.1249 4.1208 4.11666 4.11251 4.10837 4.10428 4.10024 4.09629 4.09243 4.0887 4.08511 4.08166 4.07838 4.07526 4.07232 4.06957 4.067 4.06462 4.06242 4.06041 4.05858 4.05693 4.05545 4.05414 4.05299 4.05199 4.05113 4.05042 4.04984 4.04938 4.04905 4.04883 4.04873 4.04873 
4.04243 4.04265 4.04299 4.04344 4.04402 4.04472 4.04556 4.04652 4.04763 4.04888 4.05029 4.05185 4.05359 4.0555 4.05759 4.05987 4.06234 4.06501 4.06788 4.07094 4.0742 4.07766 4.0813 4.08512 4.08912 4.09326 4.09755 4.10197 4.10649 4.11109 4.11575 4.12044 4.12513 4.1298 4.13442 4.13896 4.14338 4.14765 4.15175 4.15565 4.15931 4.16272 4.16583 4.16864 4.17112 4.17325 4.17501 4.17639 4.17738 4.17798 4.17817 4.17796 4.17735 4.17634 4.17495 4.17318 4.17105 4.16857 4.16577 4.16266 4.15928 4.15565 4.15179 4.14773 4.1435 4.13914 4.13468 4.13013 4.12555 4.12094 4.11635 4.1118 4.10732 4.10292 4.09863 4.09448 4.09047 4.08662 4.08295 4.07947 4.07618 4.0731 4.07021 4.06754 4.06507 4.0628 4.06074 4.05887 4.05719 4.0557 4.05439 4.05324 4.05226 4.05144 4.05076 4.05023 4.04983 4.04956 4.04942 4.0494 
4.04314 4.04336 4.04372 4.04421 4.04484 4.04561 4.04653 4.0476 4.04883 4.05022 4.05178 4.05353 4.05546 4.05759 4.05993 4.06247 4.06523 4.0682 4.0714 4.07481 4.07844 4.08229 4.08634 4.0906 4.09503 4.09964 4.1044 4.1093 4.1143 4.1194 4.12455 4.12974 4.13493 4.14008 4.14518 4.15018 4.15505 4.15976 4.16427 4.16856 4.17258 4.17632 4.17974 4.18282 4.18554 4.18787 4.1898 4.19132 4.1924 4.19305 4.19325 4.19302 4.19234 4.19123 4.18969 4.18774 4.18539 4.18267 4.17958 4.17616 4.17244 4.16843 4.16418 4.1597 4.15505 4.15023 4.1453 4.14028 4.13521 4.13012 4.12504 4.12 4.11503 4.11015 4.10539 4.10077 4.09632 4.09204 4.08795 4.08407 4.0804 4.07695 4.07373 4.07073 4.06796 4.06541 4.06309 4.06098 4.05909 4.0574 4.05591 4.05461 4.05349 4.05255 4.05176 4.05114 4.05067 4.05035 4.05017 4.05012 
4.0439 4.04413 4.04451 4.04504 4.04573 4.04658 4.04759 4.04877 4.05013 4.05167 4.05341 4.05535 4.0575 4.05987 4.06247 4.0653 4.06837 4.07168 4.07523 4.07902 4.08306 4.08733 4.09183 4.09654 4.10146 4.10656 4.11183 4.11724 4.12277 4.1284 4.13408 4.1398 4.14552 4.15119 4.1568 4.1623 4.16765 4.17282 4.17777 4.18247 4.18688 4.19097 4.19472 4.19809 4.20106 4.20361 4.20572 4.20737 4.20855 4.20925 4.20947 4.20921 4.20846 4.20724 4.20555 4.20341 4.20083 4.19784 4.19445 4.1907 4.18661 4.18221 4.17754 4.17262 4.1675 4.1622 4.15677 4.15125 4.14566 4.14004 4.13444 4.12887 4.12338 4.11798 4.11272 4.1076 4.10266 4.09792 4.09338 4.08906 4.08498 4.08114 4.07754 4.0742 4.0711 4.06825 4.06565 4.06328 4.06116 4.05925 4.05757 4.0561 4.05482 4.05374 4.05285 4.05213 4.05158 4.0512 4.05097 4.0509 
4.04472 4.04496 4.04536 4.04594 4.04669 4.04762 4.04873 4.05003 4.05154 4.05325 4.05517 4.05732 4.05971 4.06234 4.06523 4.06837 4.07177 4.07544 4.07938 4.08359 4.08806 4.09278 4.09776 4.10297 4.1084 4.11403 4.11984 4.1258 4.1319 4.13809 4.14434 4.15062 4.1569 4.16313 4.16927 4.1753 4.18115 4.18681 4.19223 4.19736 4.20218 4.20665 4.21074 4.21442 4.21766 4.22043 4.22273 4.22452 4.22581 4.22657 4.2268 4.22651 4.22569 4.22435 4.2225 4.22016 4.21734 4.21407 4.21036 4.20626 4.20178 4.19697 4.19185 4.18646 4.18084 4.17504 4.16908 4.16302 4.15688 4.15071 4.14454 4.13841 4.13236 4.12642 4.12061 4.11496 4.1095 4.10425 4.09923 4.09445 4.08992 4.08566 4.08167 4.07794 4.07449 4.07132 4.06841 4.06577 4.06339 4.06125 4.05936 4.0577 4.05626 4.05504 4.05402 4.05319 4.05256 4.05211 4.05184 4.05174 
4.0456 4.04585 4.04628 4.0469 4.04772 4.04874 4.04996 4.0514 4.05306 4.05494 4.05708 4.05946 4.0621 4.06501 4.0682 4.07168 4.07544 4.0795 4.08385 4.0885 4.09343 4.09865 4.10413 4.10987 4.11585 4.12204 4.12843 4.13498 4.14167 4.14846 4.15531 4.16219 4.16906 4.17587 4.18259 4.18916 4.19556 4.20173 4.20763 4.21322 4.21847 4.22333 4.22778 4.23178 4.2353 4.23831 4.2408 4.24275 4.24413 4.24496 4.2452 4.24488 4.24398 4.24252 4.24051 4.23795 4.23488 4.23132 4.22728 4.22281 4.21793 4.21267 4.20709 4.20121 4.19507 4.18873 4.18222 4.17558 4.16886 4.1621 4.15534 4.14862 4.14198 4.13545 4.12906 4.12285 4.11684 4.11106 4.10552 4.10024 4.09524 4.09052 4.0861 4.08197 4.07815 4.07462 4.07139 4.06845 4.06579 4.0634 4.06128 4.05942 4.0578 4.05643 4.05527 4.05434 4.05361 4.05309 4.05276 4.05263 
4.04654 4.0468 4.04726 4.04794 4.04883 4.04994 4.05128 4.05286 4.05469 4.05677 4.05912 4.06175 4.06466 4.06788 4.0714 4.07523 4.07938 4.08385 4.08865 4.09376 4.09919 4.10492 4.11095 4.11725 4.12381 4.1306 4.13759 4.14476 4.15208 4.1595 4.16698 4.17449 4.18198 4.1894 4.19671 4.20387 4.21082 4.21753 4.22394 4.23001 4.2357 4.24098 4.2458 4.25013 4.25393 4.2572 4.25989 4.26199 4.26349 4.26437 4.26464 4.26428 4.2633 4.26171 4.25953 4.25676 4.25342 4.24955 4.24517 4.24031 4.23501 4.2293 4.22322 4.21683 4.21015 4.20324 4.19615 4.18891 4.18158 4.17421 4.16682 4.15948 4.15221 4.14506 4.13807 4.13126 4.12467 4.11831 4.11223 4.10642 4.10092 4.09572 4.09084 4.08629 4.08206 4.07816 4.07458 4.07131 4.06836 4.06571 4.06335 4.06127 4.05946 4.05791 4.05662 4.05556 4.05474 4.05414 4.05376 4.05359 
4.04755 4.04781 4.04831 4.04904 4.05001 4.05123 4.0527 4.05443 4.05644 4.05872 4.06131 4.0642 4.06741 4.07094 4.07481 4.07902 4.08359 4.0885 4.09376 4.09937 4.10532 4.1116 4.1182 4.12509 4.13226 4.13968 4.14731 4.15514 4.16311 4.17118 4.17933 4.18749 4.19563 4.20369 4.21162 4.21938 4.22692 4.23418 4.24111 4.24768 4.25384 4.25953 4.26474 4.26941 4.27352 4.27704 4.27994 4.2822 4.28381 4.28476 4.28504 4.28465 4.28359 4.28187 4.27951 4.27651 4.27291 4.26872 4.26398 4.25872 4.25298 4.2468 4.24022 4.23329 4.22605 4.21855 4.21085 4.20299 4.19503 4.187 4.17897 4.17097 4.16305 4.15525 4.14762 4.14018 4.13297 4.12602 4.11936 4.113 4.10696 4.10125 4.09589 4.09088 4.08623 4.08193 4.07797 4.07437 4.0711 4.06816 4.06555 4.06324 4.06123 4.0595 4.05805 4.05686 4.05594 4.05525 4.05481 4.05461 
4.04862 4.04889 4.04942 4.05021 4.05127 4.0526 4.0542 4.0561 4.0583 4.06081 4.06364 4.06681 4.07033 4.0742 4.07844 4.08306 4.08806 4.09343 4.09919 4.10532 4.11182 4.11868 4.12587 4.13339 4.1412 4.14927 4.15757 4.16608 4.17473 4.1835 4.19232 4.20117 4.20998 4.2187 4.22728 4.23566 4.24379 4.25163 4.25911 4.26619 4.27281 4.27895 4.28455 4.28957 4.29399 4.29777 4.30088 4.30331 4.30504 4.30606 4.30635 4.30593 4.30478 4.30293 4.30038 4.29715 4.29327 4.28876 4.28365 4.27798 4.27179 4.26512 4.25802 4.25054 4.24272 4.23462 4.22629 4.21778 4.20915 4.20046 4.19174 4.18306 4.17446 4.16599 4.15769 4.14959 4.14174 4.13417 4.1269 4.11995 4.11335 4.10711 4.10124 4.09575 4.09065 4.08592 4.08158 4.07761 4.07402 4.07078 4.06788 4.06533 4.0631 4.06119 4.05957 4.05825 4.05721 4.05644 4.05594 4.0557 
4.04975 4.05004 4.05061 4.05146 4.05261 4.05405 4.0558 4.05787 4.06027 4.06302 4.06611 4.06958 4.07342 4.07766 4.08229 4.08733 4.09278 4.09865 4.10492 4.1116 4.11868 4.12614 4.13396 4.14212 4.15059 4.15935 4.16835 4.17755 4.18692 4.1964 4.20593 4.21548 4.22498 4.23438 4.24362 4.25265 4.2614 4.26982 4.27786 4.28546 4.29257 4.29915 4.30515 4.31054 4.31527 4.31931 4.32265 4.32525 4.32709 4.32818 4.32849 4.32803 4.3268 4.32481 4.32207 4.31861 4.31444 4.3096 4.30411 4.29803 4.29138 4.28421 4.27657 4.26852 4.2601 4.25138 4.2424 4.23323 4.22392 4.21453 4.20512 4.19573 4.18643 4.17725 4.16826 4.15948 4.15096 4.14273 4.13483 4.12727 4.12008 4.11328 4.10688 4.10089 4.09531 4.09014 4.08539 4.08104 4.0771 4.07354 4.07036 4.06754 4.06509 4.06297 4.06119 4.05972 4.05856 4.0577 4.05713 4.05685 
4.05095 4.05125 4.05186 4.05278 4.05402 4.05559 4.05749 4.05975 4.06236 4.06535 4.06873 4.0725 4.07669 4.0813 4.08634 4.09183 4.09776 4.10413 4.11095 4.1182 4.12587 4.13396 4.14243 4.15126 4.16043 4.16989 4.17961 4.18954 4.19963 4.20984 4.22011 4.23038 4.24059 4.25069 4.26061 4.27029 4.27966 4.28869 4.29729 4.30542 4.31303 4.32006 4.32647 4.33222 4.33727 4.34159 4.34514 4.34791 4.34988 4.35103 4.35136 4.35087 4.34955 4.34742 4.3445 4.34079 4.33634 4.33116 4.32529 4.31878 4.31166 4.30399 4.29581 4.28718 4.27815 4.26879 4.25915 4.24929 4.23929 4.22918 4.21905 4.20894 4.19891 4.18901 4.17929 4.16981 4.16059 4.15169 4.14313 4.13494 4.12714 4.11976 4.1128 4.10628 4.10021 4.09458 4.0894 4.08465 4.08034 4.07644 4.07296 4.06988 4.06718 4.06485 4.06289 4.06127 4.05998 4.05903 4.05839 4.05807 
4.05221 4.05252 4.05317 4.05416 4.05551 4.05721 4.05927 4.06172 4.06456 4.0678 4.07147 4.07557 4.08012 4.08512 4.0906 4.09654 4.10297 4.10987 4.11725 4.12509 4.13339 4.14212 4.15126 4.16079 4.17067 4.18085 4.19131 4.20199 4.21283 4.22379 4.23481 4.24581 4.25675 4.26756 4.27816 4.28851 4.29852 4.30815 4.31733 4.326 4.33411 4.3416 4.34842 4.35454 4.35991 4.3645 4.36828 4.37122 4.37331 4.37453 4.37488 4.37435 4.37294 4.37068 4.36756 4.36361 4.35887 4.35335 4.3471 4.34016 4.33257 4.32438 4.31565 4.30643 4.29678 4.28677 4.27646 4.26591 4.25519 4.24436 4.23349 4.22263 4.21185 4.20121 4.19076 4.18055 4.17062 4.16102 4.15177 4.14293 4.1345 4.12651 4.11898 4.11192 4.10533 4.09922 4.09359 4.08843 4.08373 4.07949 4.07569 4.07233 4.06938 4.06683 4.06467 4.06289 4.06148 4.06042 4.05971 4.05935 
4.05353 4.05386 4.05455 4.05562 4.05707 4.0589 4.06114 4.06379 4.06686 4.07037 4.07434 4.07878 4.0837 4.08912 4.09503 4.10146 4.1084 4.11585 4.12381 4.13226 4.1412 4.15059 4.16043 4.17067 4.18127 4.1922 4.20342 4.21485 4.22646 4.23819 4.24996 4.26172 4.27339 4.28491 4.29622 4.30723 4.3179 4.32814 4.33789 4.3471 4.35571 4.36366 4.3709 4.37739 4.38308 4.38794 4.39194 4.39506 4.39727 4.39856 4.39892 4.39836 4.39687 4.39446 4.39116 4.38697 4.38193 4.37608 4.36944 4.36207 4.354 4.3453 4.33601 4.3262 4.31593 4.30526 4.29427 4.28301 4.27157 4.26 4.24837 4.23676 4.22522 4.21382 4.20262 4.19166 4.181 4.17068 4.16074 4.15122 4.14214 4.13353 4.12541 4.11778 4.11066 4.10405 4.09796 4.09237 4.08727 4.08267 4.07854 4.07488 4.07167 4.06889 4.06654 4.06459 4.06305 4.06188 4.0611 4.06069 
4.05491 4.05525 4.05599 4.05714 4.0587 4.06067 4.06308 4.06594 4.06926 4.07305 4.07733 4.08212 4.08743 4.09326 4.09964 4.10656 4.11403 4.12204 4.1306 4.13968 4.14927 4.15935 4.16989 4.18085 4.1922 4.20389 4.21587 4.22809 4.24047 4.25297 4.26551 4.27802 4.29044 4.30268 4.31469 4.32638 4.33769 4.34855 4.35888 4.36863 4.37774 4.38615 4.3938 4.40066 4.40667 4.41181 4.41603 4.41932 4.42165 4.42301 4.42339 4.42279 4.42121 4.41867 4.41518 4.41075 4.40543 4.39923 4.39221 4.38441 4.37586 4.36664 4.3568 4.3464 4.3355 4.32417 4.31249 4.30053 4.28835 4.27603 4.26365 4.25127 4.23896 4.22679 4.21482 4.2031 4.19169 4.18064 4.16999 4.15978 4.15003 4.14078 4.13205 4.12385 4.11618 4.10906 4.10249 4.09645 4.09095 4.08597 4.08151 4.07754 4.07406 4.07104 4.06848 4.06637 4.06468 4.06341 4.06255 4.06209 
4.05634 4.0567 4.05749 4.05872 4.06039 4.06251 4.06511 4.06818 4.07175 4.07583 4.08043 4.08558 4.09128 4.09755 4.1044 4.11183 4.11984 4.12843 4.13759 4.14731 4.15757 4.16835 4.17961 4.19131 4.20342 4.21587 4.22863 4.24162 4.25479 4.26807 4.28138 4.29465 4.30781 4.32079 4.33349 4.34586 4.35782 4.36929 4.3802 4.39049 4.40009 4.40896 4.41702 4.42424 4.43057 4.43598 4.44042 4.44388 4.44633 4.44776 4.44816 4.44752 4.44586 4.44318 4.4395 4.43484 4.42923 4.4227 4.4153 4.40707 4.39805 4.38832 4.37792 4.36693 4.3554 4.34342 4.33105 4.31837 4.30546 4.29239 4.27925 4.26609 4.25301 4.24006 4.22731 4.21482 4.20265 4.19086 4.17948 4.16857 4.15815 4.14825 4.13889 4.13009 4.12187 4.11422 4.10716 4.10067 4.09474 4.08938 4.08457 4.08029 4.07653 4.07327 4.0705 4.0682 4.06637 4.06499 4.06405 4.06354 
4.05783 4.0582 4.05904 4.06035 4.06214 4.06442 4.06719 4.07049 4.07432 4.07869 4.08363 4.08915 4.09526 4.10197 4.1093 4.11724 4.1258 4.13498 4.14476 4.15514 4.16608 4.17755 4.18954 4.20199 4.21485 4.22809 4.24162 4.2554 4.26936 4.28341 4.2975 4.31153 4.32544 4.33913 4.35254 4.36558 4.37817 4.39025 4.40173 4.41256 4.42265 4.43196 4.44043 4.44801 4.45466 4.46033 4.46499 4.46861 4.47118 4.47268 4.4731 4.47243 4.47069 4.46788 4.46401 4.45912 4.45323 4.44637 4.43859 4.42994 4.42046 4.41022 4.39927 4.38769 4.37554 4.3629 4.34985 4.33646 4.32282 4.309 4.29509 4.28116 4.26729 4.25356 4.24003 4.22676 4.21383 4.20129 4.18918 4.17755 4.16644 4.15588 4.14589 4.13649 4.1277 4.11952 4.11195 4.105 4.09865 4.09289 4.08772 4.08312 4.07907 4.07556 4.07258 4.0701 4.06812 4.06662 4.0656 4.06504 
4.05935 4.05974 4.06063 4.06203 4.06394 4.06637 4.06934 4.07286 4.07695 4.08163 4.08691 4.0928 4.09932 4.10649 4.1143 4.12277 4.1319 4.14167 4.15208 4.16311 4.17473 4.18692 4.19963 4.21283 4.22646 4.24047 4.25479 4.26936 4.2841 4.29893 4.31379 4.32857 4.34322 4.35763 4.37173 4.38543 4.39866 4.41133 4.42338 4.43472 4.4453 4.45506 4.46392 4.47186 4.47881 4.48473 4.48961 4.4934 4.49608 4.49765 4.49808 4.49739 4.49556 4.49262 4.48858 4.48346 4.4773 4.47012 4.46197 4.45291 4.44297 4.43223 4.42074 4.40858 4.39582 4.38253 4.3688 4.35471 4.34034 4.32578 4.3111 4.2964 4.28175 4.26723 4.25292 4.23888 4.22518 4.21188 4.19904 4.18669 4.17489 4.16366 4.15303 4.14302 4.13365 4.12493 4.11685 4.10942 4.10264 4.09648 4.09095 4.08602 4.08168 4.07791 4.07471 4.07205 4.06991 4.0683 4.06719 4.06659 
4.06092 4.06133 4.06227 4.06375 4.06578 4.06837 4.07154 4.07529 4.07965 4.08463 4.09025 4.09652 4.10347 4.11109 4.1194 4.1284 4.13809 4.14846 4.1595 4.17118 4.1835 4.1964 4.20984 4.22379 4.23819 4.25297 4.26807 4.28341 4.29893 4.31454 4.33016 4.34569 4.36106 4.37618 4.39096 4.40532 4.41917 4.43243 4.44502 4.45688 4.46793 4.47811 4.48737 4.49564 4.50289 4.50907 4.51415 4.5181 4.5209 4.52253 4.52298 4.52226 4.52036 4.51729 4.51308 4.50774 4.50131 4.49382 4.48532 4.47585 4.46546 4.45423 4.44222 4.42949 4.41613 4.4022 4.38781 4.37302 4.35793 4.34263 4.3272 4.31173 4.29631 4.28101 4.26591 4.2511 4.23664 4.22258 4.209 4.19593 4.18343 4.17153 4.16026 4.14964 4.13969 4.13042 4.12183 4.11392 4.10669 4.10014 4.09423 4.08897 4.08434 4.08031 4.07689 4.07404 4.07175 4.07002 4.06883 4.06817 
4.06251 4.06294 4.06393 4.06551 4.06766 4.07041 4.07377 4.07776 4.08239 4.08768 4.09364 4.1003 4.10767 4.11575 4.12455 4.13408 4.14434 4.15531 4.16698 4.17933 4.19232 4.20593 4.22011 4.23481 4.24996 4.26551 4.28138 4.2975 4.31379 4.33016 4.34652 4.36279 4.37888 4.39469 4.41014 4.42513 4.43958 4.45342 4.46655 4.4789 4.49041 4.50101 4.51064 4.51925 4.52679 4.53321 4.53849 4.54259 4.5455 4.5472 4.54767 4.54692 4.54494 4.54176 4.53738 4.53183 4.52514 4.51735 4.5085 4.49864 4.48783 4.47612 4.46359 4.45031 4.43636 4.42182 4.40677 4.3913 4.37551 4.35948 4.3433 4.32708 4.31088 4.29481 4.27895 4.26337 4.24814 4.23334 4.21902 4.20523 4.19204 4.17947 4.16755 4.15632 4.14578 4.13596 4.12686 4.11847 4.1108 4.10384 4.09756 4.09197 4.08704 4.08275 4.0791 4.07606 4.07362 4.07177 4.07049 4.06979 
4.06412 4.06457 4.06562 4.06728 4.06956 4.07248 4.07603 4.08026 4.08516 4.09075 4.09707 4.10411 4.1119 4.12044 4.12974 4.1398 4.15062 4.16219 4.17449 4.18749 4.20117 4.21548 4.23038 4.24581 4.26172 4.27802 4.29465 4.31153 4.32857 4.34569 4.36279 4.37978 4.39657 4.41305 4.42915 4.44476 4.4598 4.47419 4.48784 4.50068 4.51263 4.52363 4.53362 4.54255 4.55036 4.55702 4.5625 4.56675 4.56976 4.57152 4.57201 4.57123 4.56919 4.56589 4.56135 4.5556 4.54867 4.54059 4.5314 4.52117 4.50994 4.49777 4.48475 4.47093 4.45641 4.44126 4.42557 4.40944 4.39296 4.37622 4.35932 4.34235 4.3254 4.30857 4.29195 4.27561 4.25963 4.24408 4.22903 4.21454 4.20065 4.18742 4.17486 4.16302 4.1519 4.14153 4.13192 4.12305 4.11494 4.10756 4.10092 4.09499 4.08976 4.08521 4.08133 4.0781 4.07551 4.07353 4.07217 4.07142 
4.06575 4.06621 4.06732 4.06907 4.07148 4.07455 4.07831 4.08276 4.08794 4.09384 4.1005 4.10793 4.11614 4.12513 4.13493 4.14552 4.1569 4.16906 4.18198 4.19563 4.20998 4.22498 4.24059 4.25675 4.27339 4.29044 4.30781 4.32544 4.34322 4.36106 4.37888 4.39657 4.41403 4.43117 4.4479 4.46411 4.47972 4.49464 4.50879 4.52209 4.53446 4.54585 4.55619 4.56542 4.5735 4.58039 4.58604 4.59044 4.59355 4.59537 4.59588 4.59507 4.59296 4.58956 4.58487 4.57893 4.57176 4.56341 4.55391 4.54331 4.53168 4.51908 4.50557 4.49124 4.47616 4.46043 4.44413 4.42736 4.4102 4.39277 4.37516 4.35746 4.33978 4.32221 4.30484 4.28776 4.27104 4.25476 4.23899 4.2238 4.20923 4.19534 4.18215 4.1697 4.15801 4.1471 4.13697 4.12763 4.11907 4.11129 4.10428 4.09802 4.09249 4.08768 4.08358 4.08016 4.07741 4.07531 4.07387 4.07307 
4.06737 4.06786 4.06902 4.07086 4.0734 4.07663 4.08058 4.08527 4.09071 4.09693 4.10393 4.11173 4.12035 4.1298 4.14008 4.15119 4.16313 4.17587 4.1894 4.20369 4.2187 4.23438 4.25069 4.26756 4.28491 4.30268 4.32079 4.33913 4.35763 4.37618 4.39469 4.41305 4.43117 4.44894 4.46627 4.48306 4.49922 4.51465 4.52927 4.54301 4.5558 4.56755 4.57822 4.58774 4.59608 4.60317 4.609 4.61354 4.61675 4.61862 4.61915 4.61832 4.61615 4.61264 4.60782 4.60169 4.59431 4.58569 4.57588 4.56495 4.55294 4.53991 4.52595 4.51113 4.49552 4.47923 4.46233 4.44494 4.42714 4.40904 4.39074 4.37234 4.35395 4.33565 4.31755 4.29974 4.2823 4.26531 4.24884 4.23296 4.21772 4.20318 4.18937 4.17632 4.16407 4.15262 4.14199 4.13218 4.12319 4.11501 4.10763 4.10103 4.09521 4.09015 4.08582 4.08221 4.0793 4.07709 4.07557 4.07471 
4.06899 4.0695 4.07072 4.07265 4.0753 4.07869 4.08284 4.08776 4.09347 4.09998 4.10732 4.1155 4.12453 4.13442 4.14518 4.1568 4.16927 4.18259 4.19671 4.21162 4.22728 4.24362 4.26061 4.27816 4.29622 4.31469 4.33349 4.35254 4.37173 4.39096 4.41014 4.42915 4.4479 4.46627 4.48418 4.50152 4.51819 4.53411 4.54919 4.56335 4.57652 4.58862 4.5996 4.6094 4.61797 4.62527 4.63127 4.63593 4.63923 4.64116 4.6417 4.64086 4.63863 4.63503 4.63007 4.62378 4.61618 4.60732 4.59723 4.58597 4.5736 4.56017 4.54578 4.53048 4.51437 4.49754 4.48008 4.46209 4.44367 4.42493 4.40597 4.38689 4.3678 4.34881 4.33001 4.31149 4.29335 4.27567 4.25852 4.24197 4.22608 4.2109 4.19648 4.18285 4.17004 4.15807 4.14695 4.13667 4.12725 4.11868 4.11094 4.10402 4.09791 4.09259 4.08804 4.08424 4.08119 4.07886 4.07725 4.07635 
4.07059 4.07112 4.07239 4.07441 4.07718 4.08073 4.08507 4.09021 4.09618 4.10299 4.11066 4.1192 4.12863 4.13896 4.15018 4.1623 4.1753 4.18916 4.20387 4.21938 4.23566 4.25265 4.27029 4.28851 4.30723 4.32638 4.34586 4.36558 4.38543 4.40532 4.42513 4.44476 4.46411 4.48306 4.50152 4.51938 4.53654 4.55293 4.56843 4.58299 4.59652 4.60895 4.62022 4.63028 4.63908 4.64657 4.65272 4.6575 4.66089 4.66287 4.66343 4.66257 4.66029 4.6566 4.65152 4.64507 4.63727 4.62818 4.61782 4.60626 4.59355 4.57975 4.56494 4.54921 4.53262 4.51528 4.49728 4.47872 4.45971 4.44035 4.42075 4.40103 4.38128 4.36162 4.34214 4.32294 4.30412 4.28577 4.26796 4.25076 4.23424 4.21845 4.20344 4.18925 4.1759 4.16341 4.1518 4.14108 4.13124 4.12229 4.11419 4.10696 4.10057 4.09499 4.09023 4.08625 4.08305 4.08061 4.07892 4.07797 
4.07216 4.07271 4.07403 4.07613 4.07903 4.08273 4.08725 4.09261 4.09883 4.10593 4.11392 4.12281 4.13263 4.14338 4.15505 4.16765 4.18115 4.19556 4.21082 4.22692 4.24379 4.2614 4.27966 4.29852 4.3179 4.33769 4.35782 4.37817 4.39866 4.41917 4.43958 4.4598 4.47972 4.49922 4.51819 4.53654 4.55417 4.57099 4.5869 4.60183 4.6157 4.62843 4.63998 4.65028 4.65929 4.66695 4.67325 4.67814 4.68161 4.68364 4.68422 4.68334 4.68101 4.67725 4.67205 4.66545 4.65748 4.64817 4.63757 4.62572 4.61269 4.59854 4.58335 4.56719 4.55016 4.53234 4.51383 4.49473 4.47516 4.45522 4.43502 4.41468 4.3943 4.37399 4.35386 4.33402 4.31455 4.29555 4.27711 4.25929 4.24216 4.22578 4.2102 4.19546 4.18159 4.16861 4.15654 4.14538 4.13514 4.1258 4.11737 4.10983 4.10316 4.09735 4.09237 4.08822 4.08487 4.08232 4.08055 4.07956 
4.07369 4.07426 4.07563 4.07781 4.08082 4.08467 4.08937 4.09494 4.1014 4.10878 4.11708 4.12632 4.1365 4.14765 4.15976 4.17282 4.18681 4.20173 4.21753 4.23418 4.25163 4.26982 4.28869 4.30815 4.32814 4.34855 4.36929 4.39025 4.41133 4.43243 4.45342 4.47419 4.49464 4.51465 4.53411 4.55293 4.57099 4.58821 4.6045 4.61977 4.63395 4.64698 4.65878 4.6693 4.6785 4.68633 4.69276 4.69776 4.7013 4.70338 4.70397 4.70308 4.70071 4.69687 4.69157 4.68484 4.6767 4.66719 4.65636 4.64425 4.63093 4.61645 4.6009 4.58436 4.5669 4.54863 4.52964 4.51004 4.48994 4.46945 4.44868 4.42775 4.40677 4.38586 4.36512 4.34466 4.32457 4.30496 4.28591 4.26749 4.24978 4.23284 4.21671 4.20145 4.18708 4.17363 4.16111 4.14953 4.1389 4.12921 4.12045 4.11261 4.10567 4.09963 4.09445 4.09013 4.08665 4.08399 4.08214 4.0811 
4.07517 4.07575 4.07717 4.07943 4.08255 4.08654 4.09141 4.09718 4.10388 4.11152 4.12011 4.12968 4.14022 4.15175 4.16427 4.17777 4.19223 4.20763 4.22394 4.24111 4.25911 4.27786 4.29729 4.31733 4.33789 4.35888 4.3802 4.40173 4.42338 4.44502 4.46655 4.48784 4.50879 4.52927 4.54919 4.56843 4.5869 4.6045 4.62113 4.63673 4.6512 4.66449 4.67653 4.68726 4.69663 4.70462 4.71117 4.71626 4.71988 4.72199 4.7226 4.7217 4.71929 4.71538 4.70999 4.70314 4.69484 4.68516 4.67411 4.66176 4.64817 4.63339 4.61751 4.6006 4.58275 4.56406 4.54463 4.52456 4.50396 4.48296 4.46166 4.44018 4.41864 4.39715 4.37583 4.35479 4.33412 4.31393 4.2943 4.27532 4.25706 4.23959 4.22294 4.20718 4.19233 4.17843 4.16549 4.15351 4.14251 4.13247 4.1234 4.11528 4.10809 4.10182 4.09645 4.09197 4.08835 4.08559 4.08367 4.08259 
4.07658 4.07718 4.07864 4.08098 4.0842 4.08832 4.09336 4.09932 4.10624 4.11413 4.123 4.13287 4.14375 4.15565 4.16856 4.18247 4.19736 4.21322 4.23001 4.24768 4.26619 4.28546 4.30542 4.326 4.3471 4.36863 4.39049 4.41256 4.43472 4.45688 4.4789 4.50068 4.52209 4.54301 4.56335 4.58299 4.60183 4.61977 4.63673 4.65262 4.66736 4.68088 4.69314 4.70406 4.7136 4.72172 4.72838 4.73356 4.73724 4.7394 4.74002 4.73911 4.73667 4.7327 4.72722 4.72025 4.71183 4.70197 4.69073 4.67817 4.66432 4.64927 4.63308 4.61584 4.59763 4.57855 4.55871 4.5382 4.51715 4.49567 4.47387 4.45188 4.42982 4.4078 4.38594 4.36435 4.34314 4.3224 4.30224 4.28273 4.26395 4.24597 4.22884 4.21261 4.19732 4.18299 4.16964 4.15729 4.14594 4.13558 4.12621 4.11782 4.1104 4.10391 4.09836 4.09372 4.08998 4.08712 4.08514 4.08401 
4.07791 4.07853 4.08004 4.08244 4.08576 4.09001 4.0952 4.10134 4.10847 4.11659 4.12572 4.13588 4.14708 4.15931 4.17258 4.18688 4.20218 4.21847 4.2357 4.25384 4.27281 4.29257 4.31303 4.33411 4.35571 4.37774 4.40009 4.42265 4.4453 4.46793 4.49041 4.51263 4.53446 4.5558 4.57652 4.59652 4.6157 4.63395 4.6512 4.66736 4.68234 4.69609 4.70853 4.71963 4.72931 4.73756 4.74433 4.74959 4.75333 4.75552 4.75616 4.75524 4.75276 4.74874 4.74319 4.73612 4.72757 4.71756 4.70615 4.69338 4.67931 4.66401 4.64754 4.63 4.61146 4.59203 4.57181 4.5509 4.52943 4.50751 4.48526 4.46279 4.44025 4.41773 4.39537 4.37328 4.35156 4.33033 4.30967 4.28967 4.27041 4.25196 4.23437 4.21771 4.202 4.18727 4.17355 4.16084 4.14916 4.1385 4.12886 4.12022 4.11257 4.10589 4.10016 4.09538 4.09152 4.08857 4.08652 4.08536 
4.07916 4.07979 4.08134 4.08381 4.08722 4.09158 4.09691 4.10323 4.11054 4.11888 4.12826 4.13868 4.15017 4.16272 4.17632 4.19097 4.20665 4.22333 4.24098 4.25953 4.27895 4.29915 4.32006 4.3416 4.36366 4.38615 4.40896 4.43196 4.45506 4.47811 4.50101 4.52363 4.54585 4.56755 4.58862 4.60895 4.62843 4.64698 4.66449 4.68088 4.69609 4.71003 4.72265 4.7339 4.74372 4.75208 4.75894 4.76427 4.76806 4.77028 4.77094 4.77001 4.76751 4.76344 4.75782 4.75066 4.742 4.73186 4.72029 4.70735 4.69307 4.67754 4.66083 4.64301 4.62417 4.60442 4.58386 4.56259 4.54074 4.51841 4.49574 4.47285 4.44986 4.4269 4.40408 4.38153 4.35935 4.33765 4.31653 4.29608 4.27638 4.2575 4.2395 4.22243 4.20633 4.19124 4.17717 4.16414 4.15216 4.14122 4.13132 4.12245 4.11459 4.10772 4.10184 4.09693 4.09296 4.08992 4.08781 4.08662 
4.08031 4.08095 4.08254 4.08507 4.08857 4.09303 4.09849 4.10496 4.11245 4.12099 4.13058 4.14125 4.153 4.16583 4.17974 4.19472 4.21074 4.22778 4.2458 4.26474 4.28455 4.30515 4.32647 4.34842 4.3709 4.3938 4.41702 4.44043 4.46392 4.48737 4.51064 4.53362 4.55619 4.57822 4.5996 4.62022 4.63998 4.65878 4.67653 4.69314 4.70853 4.72265 4.73543 4.74681 4.75675 4.76521 4.77215 4.77755 4.78138 4.78364 4.7843 4.78337 4.78085 4.77674 4.77105 4.76382 4.75506 4.7448 4.7331 4.71999 4.70554 4.6898 4.67286 4.6548 4.6357 4.61566 4.59479 4.5732 4.55101 4.52832 4.50528 4.482 4.45861 4.43524 4.41201 4.38904 4.36644 4.34433 4.32279 4.30193 4.28183 4.26256 4.24418 4.22674 4.2103 4.19487 4.18049 4.16716 4.1549 4.14371 4.13358 4.12449 4.11644 4.10941 4.10339 4.09835 4.09428 4.09117 4.08901 4.08778 
4.08135 4.08201 4.08363 4.08622 4.08978 4.09435 4.09992 4.10652 4.11417 4.12289 4.13268 4.14357 4.15555 4.16864 4.18282 4.19809 4.21442 4.23178 4.25013 4.26941 4.28957 4.31054 4.33222 4.35454 4.37739 4.40066 4.42424 4.44801 4.47186 4.49564 4.51925 4.54255 4.56542 4.58774 4.6094 4.63028 4.65028 4.6693 4.68726 4.70406 4.71963 4.7339 4.74681 4.75831 4.76836 4.7769 4.78392 4.78937 4.79325 4.79553 4.7962 4.79527 4.79272 4.78857 4.78284 4.77554 4.76669 4.75633 4.74451 4.73126 4.71665 4.70074 4.6836 4.66532 4.64599 4.6257 4.60456 4.58268 4.56018 4.53718 4.5138 4.49018 4.46644 4.44271 4.41911 4.39577 4.3728 4.35031 4.32841 4.30719 4.28673 4.2671 4.24838 4.23062 4.21386 4.19814 4.18347 4.16988 4.15738 4.14596 4.13561 4.12634 4.11812 4.11094 4.10478 4.09964 4.09548 4.0923 4.09009 4.08883 
4.08228 4.08295 4.0846 4.08723 4.09086 4.09551 4.10119 4.10791 4.1157 4.12457 4.13454 4.14561 4.15781 4.17112 4.18554 4.20106 4.21766 4.2353 4.25393 4.27352 4.29399 4.31527 4.33727 4.35991 4.38308 4.40667 4.43057 4.45466 4.47881 4.50289 4.52679 4.55036 4.5735 4.59608 4.61797 4.63908 4.65929 4.6785 4.69663 4.7136 4.72931 4.74372 4.75675 4.76836 4.77849 4.78711 4.79419 4.79969 4.8036 4.8059 4.80659 4.80565 4.80309 4.79891 4.79313 4.78577 4.77685 4.7664 4.75447 4.74111 4.72636 4.71029 4.69299 4.67452 4.65499 4.63448 4.6131 4.59098 4.56821 4.54493 4.52127 4.49735 4.4733 4.44926 4.42534 4.40167 4.37838 4.35557 4.33334 4.3118 4.29103 4.2711 4.25208 4.23404 4.217 4.20102 4.18611 4.17228 4.15956 4.14794 4.13741 4.12797 4.1196 4.11229 4.10602 4.10078 4.09654 4.0933 4.09105 4.08977 
4.08308 4.08376 4.08543 4.08811 4.0918 4.09652 4.10228 4.1091 4.11701 4.12601 4.13613 4.14737 4.15974 4.17325 4.18787 4.20361 4.22043 4.23831 4.2572 4.27704 4.29777 4.31931 4.34159 4.3645 4.38794 4.41181 4.43598 4.46033 4.48473 4.50907 4.53321 4.55702 4.58039 4.60317 4.62527 4.64657 4.66695 4.68633 4.70462 4.72172 4.73756 4.75208 4.76521 4.7769 4.78711 4.7958 4.80293 4.80847 4.81241 4.81473 4.81542 4.81448 4.81191 4.8077 4.80189 4.79448 4.78549 4.77497 4.76295 4.74949 4.73462 4.71843 4.70098 4.68236 4.66265 4.64196 4.62038 4.59804 4.57506 4.55155 4.52764 4.50347 4.47916 4.45484 4.43066 4.40672 4.38315 4.36006 4.33756 4.31575 4.29471 4.27452 4.25525 4.23696 4.21969 4.20349 4.18836 4.17434 4.16144 4.14964 4.13896 4.12938 4.12088 4.11346 4.10709 4.10176 4.09746 4.09417 4.09188 4.09058 
4.08375 4.08444 4.08613 4.08884 4.09258 4.09736 4.10319 4.1101 4.1181 4.12722 4.13746 4.14883 4.16135 4.17501 4.1898 4.20572 4.22273 4.2408 4.25989 4.27994 4.30088 4.32265 4.34514 4.36828 4.39194 4.41603 4.44042 4.46499 4.48961 4.51415 4.53849 4.5625 4.58604 4.609 4.63127 4.65272 4.67325 4.69276 4.71117 4.72838 4.74433 4.75894 4.77215 4.78392 4.79419 4.80293 4.8101 4.81568 4.81964 4.82198 4.82268 4.82173 4.81915 4.81492 4.80907 4.80162 4.79259 4.78201 4.76992 4.75636 4.74141 4.72511 4.70754 4.68879 4.66894 4.6481 4.62636 4.60385 4.58068 4.55698 4.53287 4.50849 4.48397 4.45944 4.43503 4.41086 4.38707 4.36375 4.34103 4.319 4.29774 4.27734 4.25787 4.23938 4.22192 4.20553 4.19023 4.17605 4.16299 4.15106 4.14024 4.13054 4.12194 4.11443 4.10798 4.10259 4.09823 4.09489 4.09257 4.09126 
4.08429 4.08498 4.08669 4.08943 4.0932 4.09802 4.10391 4.11089 4.11897 4.12817 4.1385 4.14998 4.16261 4.17639 4.19132 4.20737 4.22452 4.24275 4.26199 4.2822 4.30331 4.32525 4.34791 4.37122 4.39506 4.41932 4.44388 4.46861 4.4934 4.5181 4.54259 4.56675 4.59044 4.61354 4.63593 4.6575 4.67814 4.69776 4.71626 4.73356 4.74959 4.76427 4.77755 4.78937 4.79969 4.80847 4.81568 4.82128 4.82527 4.82762 4.82832 4.82737 4.82478 4.82054 4.81466 4.80718 4.79811 4.78748 4.77533 4.76171 4.74668 4.7303 4.71264 4.69379 4.67383 4.65287 4.63101 4.60836 4.58505 4.5612 4.53694 4.5124 4.48771 4.46301 4.43843 4.41409 4.39012 4.36663 4.34374 4.32153 4.3001 4.27954 4.25991 4.24126 4.22366 4.20712 4.1917 4.17739 4.16421 4.15217 4.14126 4.13146 4.12278 4.11519 4.10868 4.10324 4.09884 4.09547 4.09312 4.0918 
4.08468 4.08538 4.0871 4.08985 4.09365 4.09851 4.10444 4.11146 4.11959 4.12885 4.13925 4.15081 4.16352 4.17738 4.1924 4.20855 4.22581 4.24413 4.26349 4.28381 4.30504 4.32709 4.34988 4.37331 4.39727 4.42165 4.44633 4.47118 4.49608 4.5209 4.5455 4.56976 4.59355 4.61675 4.63923 4.66089 4.68161 4.7013 4.71988 4.73724 4.75333 4.76806 4.78138 4.79325 4.8036 4.81241 4.81964 4.82527 4.82927 4.83163 4.83233 4.83138 4.82878 4.82453 4.81864 4.81113 4.80203 4.79136 4.77917 4.76551 4.75042 4.73398 4.71626 4.69733 4.6773 4.65625 4.6343 4.61156 4.58814 4.56419 4.53982 4.51516 4.49036 4.46554 4.44084 4.41638 4.39229 4.36868 4.34566 4.32333 4.30179 4.28111 4.26136 4.24261 4.2249 4.20827 4.19274 4.17835 4.16509 4.15297 4.14198 4.13213 4.12339 4.11575 4.1092 4.10371 4.09928 4.09589 4.09353 4.09219 
4.08493 4.08563 4.08736 4.09012 4.09394 4.09881 4.10476 4.11181 4.11998 4.12927 4.13971 4.15131 4.16406 4.17798 4.19305 4.20925 4.22657 4.24496 4.26437 4.28476 4.30606 4.32818 4.35103 4.37453 4.39856 4.42301 4.44776 4.47268 4.49765 4.52253 4.5472 4.57152 4.59537 4.61862 4.64116 4.66287 4.68364 4.70338 4.72199 4.7394 4.75552 4.77028 4.78364 4.79553 4.8059 4.81473 4.82198 4.82762 4.83163 4.83399 4.8347 4.83375 4.83114 4.82688 4.82098 4.81345 4.80433 4.79364 4.78143 4.76773 4.75262 4.73614 4.71837 4.6994 4.67932 4.65822 4.63622 4.61342 4.58995 4.56593 4.54149 4.51677 4.4919 4.46701 4.44224 4.41771 4.39355 4.36987 4.34678 4.32438 4.30277 4.28203 4.26222 4.2434 4.22563 4.20895 4.19337 4.17892 4.16561 4.15345 4.14243 4.13253 4.12376 4.11609 4.10952 4.10401 4.09956 4.09616 4.09379 4.09244 
