1.77513 1.77543 1.77572 1.77601 1.77629 1.77655 1.77679 1.77702 1.77723 1.77742 1.7776 1.77775 1.77789 1.77801 1.77812 1.77822 1.7783 1.77838 1.77845 1.77852 1.77859 1.77866 1.77873 1.77881 1.77889 1.77899 1.77909 1.7792 1.77933 1.77947 1.77962 1.77979 1.77997 1.78016 1.78036 1.78057 1.78079 1.78102 1.78124 1.78147 1.78169 1.78191 1.78212 1.78231 1.78249 1.78264 1.78278 1.78289 1.78298 1.78304 1.78307 1.78307 1.78304 1.78298 1.7829 1.78279 1.78266 1.78251 1.78233 1.78214 1.78194 1.78173 1.78151 1.78129 1.78107 1.78085 1.78064 1.78043 1.78023 1.78005 1.77987 1.77971 1.77956 1.77943 1.77931 1.7792 1.77911 1.77904 1.77898 1.77893 1.7789 1.77889 1.77889 1.77891 1.77895 1.77901 1.77908 1.77918 1.7793 1.77944 1.7796 1.77978 1.77998 1.78021 1.78045 1.78071 1.78099 1.78127 1.78157 1.78187 
1.77543 1.77573 1.77603 1.77631 1.77659 1.77685 1.77709 1.77732 1.77753 1.77772 1.7779 1.77805 1.77819 1.77831 1.77842 1.77851 1.7786 1.77868 1.77875 1.77882 1.77888 1.77895 1.77902 1.7791 1.77918 1.77928 1.77938 1.77949 1.77962 1.77976 1.77992 1.78008 1.78027 1.78046 1.78067 1.78088 1.78111 1.78133 1.78157 1.7818 1.78203 1.78225 1.78246 1.78266 1.78284 1.783 1.78314 1.78326 1.78334 1.7834 1.78343 1.78344 1.78341 1.78335 1.78326 1.78315 1.78302 1.78286 1.78268 1.78249 1.78228 1.78206 1.78184 1.78162 1.78139 1.78117 1.78095 1.78074 1.78054 1.78035 1.78017 1.78 1.77985 1.77972 1.7796 1.77949 1.7794 1.77933 1.77927 1.77922 1.7792 1.77918 1.77919 1.77921 1.77925 1.7793 1.77938 1.77948 1.7796 1.77973 1.7799 1.78008 1.78028 1.78051 1.78075 1.78101 1.78129 1.78157 1.78187 1.78217 
1.77572 1.77603 1.77632 1.77661 1.77688 1.77714 1.77739 1.77762 1.77783 1.77802 1.77819 1.77835 1.77848 1.77861 1.77871 1.77881 1.7789 1.77898 1.77905 1.77912 1.77919 1.77927 1.77934 1.77943 1.77952 1.77962 1.77973 1.77986 1.78 1.78016 1.78033 1.78052 1.78072 1.78094 1.78117 1.78141 1.78166 1.78192 1.78218 1.78243 1.78269 1.78294 1.78317 1.78339 1.7836 1.78378 1.78393 1.78406 1.78416 1.78422 1.78426 1.78426 1.78423 1.78416 1.78406 1.78394 1.78378 1.78361 1.78341 1.78319 1.78296 1.78272 1.78247 1.78222 1.78196 1.78171 1.78147 1.78123 1.78101 1.7808 1.7806 1.78042 1.78025 1.7801 1.77997 1.77985 1.77975 1.77966 1.7796 1.77955 1.77951 1.77949 1.77949 1.77951 1.77955 1.7796 1.77968 1.77978 1.77989 1.78003 1.78019 1.78038 1.78058 1.7808 1.78105 1.78131 1.78158 1.78187 1.78216 1.78246 
1.77601 1.77631 1.77661 1.77689 1.77717 1.77743 1.77768 1.7779 1.77811 1.77831 1.77848 1.77864 1.77877 1.7789 1.77901 1.77911 1.7792 1.77928 1.77936 1.77944 1.77952 1.7796 1.77969 1.77979 1.7799 1.78002 1.78015 1.78031 1.78048 1.78067 1.78088 1.7811 1.78135 1.78161 1.78189 1.78218 1.78248 1.78278 1.7831 1.78341 1.78371 1.78401 1.78429 1.78455 1.78479 1.78501 1.78519 1.78534 1.78546 1.78554 1.78557 1.78557 1.78553 1.78545 1.78533 1.78518 1.785 1.78478 1.78454 1.78428 1.78401 1.78372 1.78342 1.78311 1.78281 1.78251 1.78222 1.78194 1.78167 1.78141 1.78118 1.78096 1.78076 1.78057 1.78041 1.78027 1.78015 1.78005 1.77996 1.7799 1.77985 1.77982 1.77982 1.77983 1.77986 1.77991 1.77998 1.78007 1.78019 1.78032 1.78048 1.78067 1.78087 1.78109 1.78134 1.78159 1.78187 1.78216 1.78245 1.78275 
1.77629 1.77659 1.77688 1.77717 1.77744 1.77771 1.77795 1.77818 1.77839 1.77858 1.77876 1.77892 1.77906 1.77918 1.7793 1.7794 1.7795 1.77959 1.77968 1.77977 1.77986 1.77996 1.78007 1.78019 1.78033 1.78048 1.78065 1.78085 1.78106 1.7813 1.78157 1.78186 1.78217 1.7825 1.78285 1.78321 1.78359 1.78398 1.78437 1.78476 1.78514 1.78551 1.78586 1.78619 1.78649 1.78675 1.78698 1.78717 1.78731 1.7874 1.78745 1.78744 1.78739 1.78729 1.78714 1.78695 1.78671 1.78645 1.78615 1.78582 1.78547 1.78511 1.78473 1.78435 1.78397 1.7836 1.78323 1.78287 1.78253 1.78221 1.78191 1.78164 1.78138 1.78115 1.78095 1.78077 1.78061 1.78048 1.78037 1.78028 1.78021 1.78017 1.78015 1.78015 1.78017 1.78021 1.78028 1.78036 1.78048 1.78061 1.78077 1.78095 1.78115 1.78137 1.78161 1.78187 1.78215 1.78243 1.78273 1.78303 
1.77655 1.77685 1.77714 1.77743 1.77771 1.77797 1.77821 1.77844 1.77866 1.77885 1.77903 1.77919 1.77933 1.77946 1.77958 1.77969 1.77979 1.7799 1.78 1.78011 1.78022 1.78035 1.78048 1.78064 1.78082 1.78102 1.78124 1.7815 1.78178 1.7821 1.78244 1.78281 1.78322 1.78365 1.7841 1.78457 1.78506 1.78556 1.78606 1.78656 1.78704 1.78751 1.78796 1.78838 1.78876 1.78909 1.78938 1.78962 1.78979 1.78991 1.78996 1.78995 1.78988 1.78975 1.78956 1.78931 1.78901 1.78867 1.78828 1.78786 1.78742 1.78695 1.78647 1.78598 1.7855 1.78501 1.78454 1.78408 1.78365 1.78323 1.78285 1.78249 1.78216 1.78186 1.78159 1.78135 1.78115 1.78097 1.78082 1.7807 1.78061 1.78054 1.7805 1.78048 1.78048 1.78052 1.78057 1.78065 1.78076 1.78089 1.78104 1.78122 1.78141 1.78164 1.78188 1.78213 1.78241 1.78269 1.78299 1.78329 
1.77679 1.77709 1.77739 1.77768 1.77795 1.77821 1.77846 1.77869 1.77891 1.7791 1.77928 1.77944 1.77959 1.77973 1.77986 1.77998 1.78009 1.78021 1.78034 1.78047 1.78061 1.78077 1.78095 1.78115 1.78139 1.78165 1.78195 1.78229 1.78266 1.78308 1.78353 1.78402 1.78455 1.78511 1.7857 1.78632 1.78695 1.7876 1.78824 1.78889 1.78952 1.79012 1.7907 1.79123 1.79171 1.79214 1.79251 1.7928 1.79303 1.79317 1.79324 1.79322 1.79313 1.79295 1.7927 1.79238 1.792 1.79155 1.79106 1.79052 1.78994 1.78934 1.78872 1.78808 1.78745 1.78683 1.78621 1.78562 1.78505 1.78451 1.78401 1.78354 1.78311 1.78272 1.78236 1.78205 1.78177 1.78154 1.78134 1.78117 1.78103 1.78093 1.78086 1.78082 1.78081 1.78082 1.78086 1.78093 1.78103 1.78115 1.7813 1.78147 1.78167 1.78189 1.78213 1.78238 1.78266 1.78294 1.78323 1.78353 
1.77702 1.77732 1.77762 1.7779 1.77818 1.77844 1.77869 1.77892 1.77914 1.77934 1.77952 1.77969 1.77984 1.77999 1.78013 1.78026 1.7804 1.78054 1.78069 1.78085 1.78103 1.78124 1.78148 1.78175 1.78206 1.78241 1.7828 1.78325 1.78374 1.78429 1.78489 1.78554 1.78623 1.78696 1.78773 1.78854 1.78936 1.79019 1.79103 1.79186 1.79267 1.79345 1.79418 1.79487 1.79549 1.79603 1.7965 1.79687 1.79715 1.79733 1.79741 1.79739 1.79726 1.79704 1.79671 1.7963 1.7958 1.79523 1.79459 1.79389 1.79314 1.79237 1.79156 1.79075 1.78993 1.78912 1.78832 1.78755 1.78681 1.78611 1.78545 1.78484 1.78427 1.78376 1.78329 1.78288 1.78251 1.7822 1.78192 1.7817 1.78151 1.78136 1.78125 1.78118 1.78114 1.78113 1.78116 1.78121 1.7813 1.78141 1.78155 1.78172 1.78191 1.78212 1.78236 1.78262 1.78289 1.78317 1.78346 1.78376 
1.77723 1.77753 1.77783 1.77811 1.77839 1.77866 1.77891 1.77914 1.77936 1.77956 1.77975 1.77992 1.78009 1.78024 1.7804 1.78055 1.78071 1.78088 1.78107 1.78127 1.78151 1.78178 1.78209 1.78245 1.78285 1.78332 1.78384 1.78443 1.78508 1.7858 1.78658 1.78743 1.78833 1.78928 1.79029 1.79132 1.79238 1.79346 1.79454 1.7956 1.79663 1.79763 1.79857 1.79944 1.80023 1.80092 1.80151 1.80198 1.80233 1.80256 1.80265 1.80262 1.80245 1.80216 1.80174 1.80121 1.80057 1.79983 1.79901 1.79812 1.79716 1.79616 1.79513 1.79408 1.79303 1.79198 1.79096 1.78996 1.789 1.78809 1.78724 1.78644 1.7857 1.78503 1.78442 1.78388 1.78339 1.78297 1.78261 1.7823 1.78205 1.78184 1.78168 1.78157 1.78149 1.78145 1.78146 1.78149 1.78156 1.78166 1.78179 1.78195 1.78214 1.78235 1.78258 1.78283 1.7831 1.78338 1.78367 1.78397 
1.77742 1.77772 1.77802 1.77831 1.77858 1.77885 1.7791 1.77934 1.77956 1.77977 1.77996 1.78015 1.78032 1.7805 1.78067 1.78085 1.78104 1.78125 1.78148 1.78175 1.78205 1.78241 1.78281 1.78328 1.78382 1.78442 1.78511 1.78588 1.78673 1.78766 1.78868 1.78978 1.79094 1.79218 1.79346 1.79479 1.79615 1.79753 1.7989 1.80025 1.80157 1.80283 1.80401 1.80511 1.8061 1.80697 1.80771 1.8083 1.80874 1.80902 1.80914 1.80909 1.80887 1.80849 1.80796 1.80728 1.80647 1.80553 1.80449 1.80335 1.80214 1.80087 1.79955 1.79822 1.79687 1.79553 1.79422 1.79294 1.79171 1.79054 1.78944 1.78841 1.78746 1.78658 1.78579 1.78508 1.78445 1.7839 1.78342 1.78301 1.78266 1.78238 1.78216 1.78199 1.78187 1.78179 1.78176 1.78177 1.78182 1.7819 1.78202 1.78217 1.78235 1.78255 1.78278 1.78303 1.7833 1.78358 1.78387 1.78416 
1.7776 1.7779 1.77819 1.77848 1.77876 1.77903 1.77928 1.77952 1.77975 1.77996 1.78017 1.78036 1.78055 1.78075 1.78095 1.78116 1.78139 1.78166 1.78195 1.78229 1.78269 1.78315 1.78368 1.78429 1.78498 1.78577 1.78667 1.78766 1.78876 1.78997 1.79128 1.79268 1.79418 1.79575 1.79739 1.79908 1.8008 1.80254 1.80427 1.80598 1.80763 1.80921 1.8107 1.81207 1.81331 1.8144 1.81531 1.81605 1.81659 1.81693 1.81706 1.81699 1.81672 1.81624 1.81557 1.81471 1.81369 1.81251 1.8112 1.80977 1.80824 1.80664 1.80498 1.80329 1.80159 1.79989 1.79823 1.7966 1.79504 1.79355 1.79214 1.79082 1.7896 1.78848 1.78746 1.78654 1.78572 1.785 1.78437 1.78384 1.78338 1.783 1.78269 1.78245 1.78228 1.78215 1.78208 1.78206 1.78208 1.78215 1.78225 1.78238 1.78255 1.78275 1.78297 1.78321 1.78348 1.78375 1.78404 1.78434 
1.77775 1.77805 1.77835 1.77864 1.77892 1.77919 1.77944 1.77969 1.77992 1.78015 1.78036 1.78057 1.78079 1.78101 1.78124 1.7815 1.78179 1.78211 1.78249 1.78293 1.78344 1.78403 1.78471 1.7855 1.7864 1.78742 1.78857 1.78985 1.79126 1.7928 1.79447 1.79625 1.79815 1.80013 1.8022 1.80433 1.80649 1.80867 1.81083 1.81295 1.81501 1.81697 1.81882 1.82052 1.82204 1.82338 1.82451 1.82541 1.82607 1.82648 1.82664 1.82655 1.8262 1.8256 1.82476 1.8237 1.82242 1.82096 1.81932 1.81754 1.81564 1.81364 1.81157 1.80945 1.80732 1.8052 1.80311 1.80107 1.7991 1.79721 1.79543 1.79376 1.79221 1.79078 1.78948 1.78831 1.78726 1.78633 1.78552 1.78482 1.78422 1.78372 1.78331 1.78299 1.78273 1.78255 1.78243 1.78236 1.78235 1.78239 1.78247 1.78259 1.78274 1.78293 1.78314 1.78338 1.78364 1.78391 1.7842 1.78449 
1.77789 1.77819 1.77848 1.77877 1.77906 1.77933 1.77959 1.77984 1.78009 1.78032 1.78055 1.78079 1.78103 1.78129 1.78157 1.78188 1.78223 1.78264 1.78312 1.78368 1.78433 1.78509 1.78597 1.78698 1.78813 1.78944 1.7909 1.79252 1.79431 1.79626 1.79836 1.8006 1.80298 1.80546 1.80804 1.81069 1.81337 1.81606 1.81874 1.82136 1.82389 1.8263 1.82856 1.83064 1.83251 1.83414 1.83551 1.8366 1.8374 1.8379 1.83809 1.83796 1.83752 1.83678 1.83575 1.83444 1.83287 1.83107 1.82906 1.82686 1.82451 1.82204 1.81949 1.81687 1.81423 1.8116 1.809 1.80646 1.804 1.80165 1.79942 1.79732 1.79537 1.79357 1.79193 1.79044 1.78911 1.78793 1.78689 1.78599 1.78522 1.78457 1.78404 1.7836 1.78325 1.78299 1.78281 1.78269 1.78264 1.78264 1.78269 1.78279 1.78293 1.7831 1.7833 1.78353 1.78379 1.78406 1.78434 1.78463 
1.77801 1.77831 1.77861 1.7789 1.77918 1.77946 1.77973 1.77999 1.78024 1.7805 1.78075 1.78101 1.78129 1.78159 1.78192 1.78231 1.78275 1.78326 1.78387 1.78458 1.78541 1.78637 1.78749 1.78877 1.79023 1.79188 1.79373 1.79577 1.79801 1.80044 1.80306 1.80585 1.8088 1.81188 1.81506 1.81831 1.82161 1.82491 1.82818 1.83137 1.83446 1.83739 1.84013 1.84264 1.8449 1.84687 1.84852 1.84983 1.85079 1.85138 1.85159 1.85143 1.85089 1.84999 1.84873 1.84714 1.84523 1.84303 1.84058 1.83791 1.83505 1.83203 1.82891 1.82571 1.82247 1.81924 1.81604 1.81291 1.80988 1.80697 1.8042 1.8016 1.79917 1.79693 1.79487 1.79301 1.79134 1.78985 1.78854 1.7874 1.78641 1.78558 1.78488 1.78431 1.78385 1.7835 1.78323 1.78305 1.78294 1.7829 1.78292 1.78299 1.78311 1.78326 1.78346 1.78368 1.78392 1.78419 1.78447 1.78476 
1.77812 1.77842 1.77871 1.77901 1.7793 1.77958 1.77986 1.78013 1.7804 1.78067 1.78095 1.78124 1.78157 1.78192 1.78233 1.7828 1.78335 1.78399 1.78476 1.78565 1.7867 1.78792 1.78933 1.79094 1.79277 1.79484 1.79714 1.79968 1.80246 1.80547 1.8087 1.81214 1.81575 1.81952 1.8234 1.82737 1.83137 1.83537 1.83932 1.84318 1.84689 1.85041 1.8537 1.85671 1.85941 1.86176 1.86372 1.86528 1.86642 1.86711 1.86736 1.86715 1.8665 1.86541 1.86389 1.86197 1.85968 1.85704 1.85409 1.85087 1.84741 1.84377 1.84 1.83612 1.8322 1.82827 1.82438 1.82056 1.81686 1.8133 1.8099 1.8067 1.80371 1.80094 1.7984 1.79608 1.794 1.79214 1.7905 1.78907 1.78783 1.78677 1.78588 1.78515 1.78455 1.78408 1.78371 1.78345 1.78328 1.78319 1.78316 1.7832 1.78329 1.78343 1.7836 1.78381 1.78405 1.78431 1.78458 1.78487 
1.77822 1.77851 1.77881 1.77911 1.7794 1.77969 1.77998 1.78026 1.78055 1.78085 1.78116 1.7815 1.78188 1.78231 1.7828 1.78338 1.78406 1.78487 1.78582 1.78694 1.78825 1.78978 1.79153 1.79354 1.79582 1.79838 1.80122 1.80435 1.80777 1.81145 1.8154 1.81958 1.82397 1.82853 1.83322 1.838 1.84281 1.84761 1.85234 1.85694 1.86136 1.86555 1.86945 1.87302 1.87621 1.87898 1.88129 1.88313 1.88446 1.88527 1.88555 1.88529 1.88451 1.88321 1.8814 1.87912 1.87639 1.87325 1.86974 1.86589 1.86178 1.85743 1.85291 1.84827 1.84356 1.83884 1.83415 1.82955 1.82507 1.82075 1.81663 1.81273 1.80908 1.80569 1.80258 1.79973 1.79717 1.79487 1.79284 1.79106 1.78951 1.78819 1.78707 1.78613 1.78536 1.78475 1.78427 1.78391 1.78366 1.7835 1.78343 1.78342 1.78348 1.78359 1.78375 1.78394 1.78416 1.78441 1.78468 1.78497 
1.7783 1.7786 1.7789 1.7792 1.7795 1.77979 1.78009 1.7804 1.78071 1.78104 1.78139 1.78179 1.78223 1.78275 1.78335 1.78406 1.7849 1.7859 1.78709 1.78848 1.79011 1.792 1.79417 1.79665 1.79945 1.80259 1.80606 1.80988 1.81403 1.8185 1.82327 1.82831 1.83359 1.83905 1.84466 1.85035 1.85608 1.86177 1.86736 1.87279 1.87801 1.88293 1.88751 1.89169 1.89542 1.89866 1.90136 1.9035 1.90504 1.90598 1.90629 1.90598 1.90505 1.90351 1.90139 1.89871 1.8955 1.8918 1.88766 1.88313 1.87827 1.87314 1.86779 1.86229 1.8567 1.85108 1.84549 1.83999 1.83462 1.82944 1.82449 1.81979 1.81538 1.81128 1.8075 1.80404 1.80091 1.7981 1.79561 1.79341 1.7915 1.78986 1.78846 1.78729 1.78632 1.78554 1.78492 1.78444 1.78409 1.78385 1.78372 1.78366 1.78368 1.78376 1.78389 1.78406 1.78428 1.78452 1.78478 1.78506 
1.77838 1.77868 1.77898 1.77928 1.77959 1.7799 1.78021 1.78054 1.78088 1.78125 1.78166 1.78211 1.78264 1.78326 1.78399 1.78487 1.7859 1.78713 1.78859 1.79031 1.79231 1.79463 1.7973 1.80033 1.80374 1.80755 1.81175 1.81636 1.82136 1.82672 1.83243 1.83844 1.84472 1.8512 1.85783 1.86455 1.87128 1.87796 1.88451 1.89086 1.89694 1.90267 1.90799 1.91284 1.91716 1.9209 1.92402 1.92648 1.92825 1.92932 1.92966 1.92929 1.9282 1.92641 1.92394 1.92082 1.91709 1.91279 1.90797 1.90269 1.89702 1.89101 1.88475 1.87829 1.87172 1.8651 1.85851 1.852 1.84564 1.83949 1.83359 1.82798 1.82271 1.81778 1.81323 1.80907 1.80528 1.80188 1.79885 1.79618 1.79384 1.79183 1.7901 1.78865 1.78744 1.78646 1.78567 1.78505 1.78459 1.78426 1.78404 1.78392 1.78389 1.78394 1.78404 1.78419 1.78439 1.78461 1.78487 1.78514 
1.77845 1.77875 1.77905 1.77936 1.77968 1.78 1.78034 1.78069 1.78107 1.78148 1.78195 1.78249 1.78312 1.78387 1.78476 1.78582 1.78709 1.78859 1.79038 1.79247 1.79492 1.79774 1.80097 1.80464 1.80875 1.81333 1.81838 1.82389 1.82984 1.83621 1.84297 1.85007 1.85746 1.86507 1.87284 1.88068 1.88852 1.89629 1.90388 1.91122 1.91823 1.92483 1.93095 1.93651 1.94146 1.94574 1.9493 1.9521 1.95411 1.95532 1.95571 1.95527 1.95401 1.95195 1.94911 1.94552 1.94122 1.93627 1.93072 1.92463 1.91808 1.91113 1.90387 1.89637 1.88872 1.88101 1.8733 1.86568 1.85822 1.85098 1.84402 1.83739 1.83114 1.82529 1.81987 1.81489 1.81036 1.80627 1.80263 1.7994 1.79657 1.79412 1.79202 1.79024 1.78876 1.78753 1.78654 1.78576 1.78516 1.78471 1.78441 1.78422 1.78413 1.78413 1.7842 1.78432 1.7845 1.78471 1.78495 1.78521 
1.77852 1.77882 1.77912 1.77944 1.77977 1.78011 1.78047 1.78085 1.78127 1.78175 1.78229 1.78293 1.78368 1.78458 1.78565 1.78694 1.78848 1.79031 1.79247 1.79501 1.79797 1.80137 1.80525 1.80964 1.81456 1.82002 1.82601 1.83253 1.83956 1.84705 1.85498 1.86329 1.8719 1.88074 1.88975 1.89881 1.90786 1.91678 1.9255 1.9339 1.94191 1.94943 1.95639 1.96271 1.96832 1.97316 1.97718 1.98034 1.98261 1.98396 1.98438 1.98387 1.98244 1.98009 1.97686 1.97278 1.96789 1.96225 1.95592 1.94897 1.94148 1.93352 1.92519 1.91657 1.90776 1.89885 1.88994 1.8811 1.87242 1.86399 1.85586 1.84809 1.84075 1.83386 1.82747 1.82157 1.8162 1.81134 1.80699 1.80313 1.79974 1.79679 1.79425 1.79209 1.79028 1.78878 1.78756 1.78658 1.78582 1.78524 1.78483 1.78455 1.7844 1.78434 1.78437 1.78446 1.78461 1.7848 1.78503 1.78529 
1.77859 1.77888 1.77919 1.77952 1.77986 1.78022 1.78061 1.78103 1.78151 1.78205 1.78269 1.78344 1.78433 1.78541 1.7867 1.78825 1.79011 1.79231 1.79492 1.79797 1.8015 1.80556 1.81019 1.8154 1.82123 1.82766 1.83471 1.84236 1.85057 1.85931 1.86852 1.87813 1.88808 1.89826 1.9086 1.91898 1.9293 1.93946 1.94936 1.95889 1.96794 1.97643 1.98426 1.99136 1.99766 2.00308 2.00758 2.01111 2.01364 2.01514 2.0156 2.01502 2.0134 2.01076 2.00712 2.00253 1.99703 1.99067 1.98353 1.97568 1.9672 1.95818 1.94871 1.93891 1.92886 1.91867 1.90845 1.8983 1.88831 1.87857 1.86916 1.86015 1.8516 1.84357 1.83609 1.82918 1.82286 1.81713 1.81198 1.8074 1.80337 1.79985 1.79682 1.79423 1.79204 1.79022 1.78873 1.78753 1.78658 1.78585 1.78531 1.78494 1.7847 1.78458 1.78455 1.78461 1.78473 1.7849 1.78512 1.78536 
1.77866 1.77895 1.77927 1.7796 1.77996 1.78035 1.78077 1.78124 1.78178 1.78241 1.78315 1.78403 1.78509 1.78637 1.78792 1.78978 1.792 1.79463 1.79774 1.80137 1.80556 1.81037 1.81583 1.82197 1.8288 1.83632 1.84454 1.85342 1.86293 1.87302 1.88362 1.89465 1.90602 1.91763 1.92938 1.94115 1.95282 1.96428 1.97541 1.9861 1.99624 2.00572 2.01446 2.02236 2.02935 2.03536 2.04034 2.04425 2.04704 2.04869 2.04919 2.04853 2.04673 2.04379 2.03974 2.03463 2.02851 2.02142 2.01345 2.00467 1.99516 1.98504 1.97439 1.96334 1.95199 1.94045 1.92885 1.9173 1.9059 1.89475 1.88396 1.8736 1.86374 1.85445 1.84578 1.83774 1.83037 1.82368 1.81765 1.81227 1.80751 1.80335 1.79975 1.79667 1.79406 1.79188 1.79008 1.78861 1.78745 1.78654 1.78586 1.78537 1.78504 1.78484 1.78476 1.78477 1.78486 1.78501 1.7852 1.78544 
1.77873 1.77902 1.77934 1.77969 1.78007 1.78048 1.78095 1.78148 1.78209 1.78281 1.78368 1.78471 1.78597 1.78749 1.78933 1.79153 1.79417 1.7973 1.80097 1.80525 1.81019 1.81583 1.82222 1.82937 1.83731 1.84603 1.85552 1.86574 1.87666 1.8882 1.90028 1.91282 1.92571 1.93883 1.95206 1.96528 1.97835 1.99115 2.00355 2.01542 2.02666 2.03715 2.04679 2.0555 2.06319 2.0698 2.07526 2.07954 2.08259 2.08439 2.08493 2.0842 2.08221 2.07897 2.07452 2.06889 2.06214 2.05431 2.0455 2.03578 2.02524 2.01398 2.00213 1.98979 1.97708 1.96414 1.95109 1.93806 1.92517 1.91253 1.90026 1.88845 1.87718 1.86653 1.85656 1.8473 1.83878 1.83102 1.82401 1.81775 1.81219 1.80732 1.80309 1.79945 1.79636 1.79376 1.79161 1.78986 1.78845 1.78734 1.78649 1.78586 1.78543 1.78515 1.785 1.78496 1.785 1.78512 1.7853 1.78552 
1.77881 1.7791 1.77943 1.77979 1.78019 1.78064 1.78115 1.78175 1.78245 1.78328 1.78429 1.7855 1.78698 1.78877 1.79094 1.79354 1.79665 1.80033 1.80464 1.80964 1.8154 1.82197 1.82937 1.83764 1.84679 1.8568 1.86767 1.87934 1.89175 1.90483 1.91849 1.93261 1.94708 1.96177 1.97654 1.99124 2.00575 2.01991 2.0336 2.04667 2.05901 2.0705 2.08105 2.09055 2.09893 2.10611 2.11205 2.11669 2.11999 2.12194 2.12252 2.12172 2.11955 2.11602 2.11117 2.10504 2.09767 2.08912 2.07948 2.06882 2.05724 2.04485 2.03176 2.01811 2.00403 1.98964 1.97509 1.96053 1.94608 1.93188 1.91804 1.90469 1.89193 1.87982 1.86845 1.85787 1.84811 1.83919 1.83111 1.82386 1.81743 1.81176 1.80683 1.80258 1.79895 1.7959 1.79335 1.79127 1.78958 1.78824 1.7872 1.78642 1.78586 1.78549 1.78526 1.78516 1.78516 1.78525 1.7854 1.78561 
1.77889 1.77918 1.77952 1.7799 1.78033 1.78082 1.78139 1.78206 1.78285 1.78382 1.78498 1.7864 1.78813 1.79023 1.79277 1.79582 1.79945 1.80374 1.80875 1.81456 1.82123 1.8288 1.83731 1.84679 1.85724 1.86864 1.88097 1.89418 1.90817 1.92288 1.93817 1.95395 1.97005 1.98635 2.00268 2.0189 2.03485 2.05038 2.06535 2.0796 2.09303 2.10551 2.11693 2.1272 2.13624 2.14399 2.15037 2.15536 2.15891 2.161 2.16161 2.16074 2.1584 2.15461 2.14938 2.14276 2.1348 2.12555 2.1151 2.10352 2.09092 2.07741 2.0631 2.04814 2.03266 2.01681 2.00074 1.9846 1.96854 1.95272 1.93726 1.92229 1.90794 1.8943 1.88144 1.86944 1.85835 1.84818 1.83894 1.83064 1.82324 1.81671 1.81101 1.80608 1.80186 1.79829 1.79531 1.79285 1.79085 1.78926 1.78801 1.78706 1.78636 1.78587 1.78556 1.78539 1.78534 1.78539 1.78551 1.7857 
1.77899 1.77928 1.77962 1.78002 1.78048 1.78102 1.78165 1.78241 1.78332 1.78442 1.78577 1.78742 1.78944 1.79188 1.79484 1.79838 1.80259 1.80755 1.81333 1.82002 1.82766 1.83632 1.84603 1.8568 1.86864 1.88153 1.89541 1.91022 1.92587 1.94225 1.95925 1.97671 1.99449 2.01241 2.03033 2.04806 2.06544 2.08232 2.09854 2.11395 2.12843 2.14185 2.15411 2.16511 2.17478 2.18305 2.18986 2.19517 2.19894 2.20116 2.20181 2.20089 2.19839 2.19434 2.18876 2.18169 2.17317 2.16327 2.15204 2.13959 2.12601 2.1114 2.09591 2.07965 2.06279 2.04547 2.02787 2.01013 1.99244 1.97495 1.95781 1.94118 1.92517 1.90991 1.8955 1.882 1.86949 1.85798 1.84751 1.83806 1.82962 1.82216 1.81562 1.80995 1.80508 1.80095 1.79749 1.79462 1.79228 1.7904 1.78891 1.78777 1.78691 1.7863 1.78589 1.78565 1.78554 1.78554 1.78564 1.78581 
1.77909 1.77938 1.77973 1.78015 1.78065 1.78124 1.78195 1.7828 1.78384 1.78511 1.78667 1.78857 1.7909 1.79373 1.79714 1.80122 1.80606 1.81175 1.81838 1.82601 1.83471 1.84454 1.85552 1.86767 1.88097 1.89541 1.9109 1.92738 1.94474 1.96286 1.98158 2.00076 2.02021 2.03977 2.05925 2.07848 2.09727 2.11545 2.13288 2.14939 2.16486 2.17917 2.19221 2.20389 2.21414 2.22289 2.23009 2.23569 2.23968 2.24202 2.2427 2.24172 2.23909 2.23482 2.22892 2.22144 2.21241 2.2019 2.18996 2.17669 2.16217 2.14653 2.12988 2.11238 2.09417 2.07541 2.05628 2.03696 2.01762 1.99844 1.9796 1.96125 1.94354 1.92661 1.91057 1.89551 1.8815 1.86859 1.8568 1.84613 1.83658 1.82811 1.82067 1.81419 1.80863 1.80389 1.7999 1.79658 1.79386 1.79166 1.78992 1.78856 1.78753 1.78678 1.78626 1.78593 1.78576 1.78571 1.78577 1.78592 
1.7792 1.77949 1.77986 1.78031 1.78085 1.7815 1.78229 1.78325 1.78443 1.78588 1.78766 1.78985 1.79252 1.79577 1.79968 1.80435 1.80988 1.81636 1.82389 1.83253 1.84236 1.85342 1.86574 1.87934 1.89418 1.91022 1.92738 1.94558 1.96469 1.98455 2.00502 2.02591 2.04704 2.06821 2.08922 2.10989 2.13003 2.14947 2.16803 2.18558 2.20197 2.2171 2.23085 2.24315 2.25391 2.26309 2.27063 2.27649 2.28066 2.28311 2.28383 2.28281 2.28006 2.2756 2.26943 2.26159 2.25211 2.24105 2.22846 2.21444 2.19907 2.18245 2.16473 2.14603 2.12652 2.10637 2.08576 2.06487 2.04389 2.02303 2.00247 1.98238 1.96294 1.9443 1.92658 1.90989 1.89433 1.87994 1.86677 1.85482 1.84409 1.83455 1.82614 1.81881 1.81249 1.80709 1.80253 1.79873 1.7956 1.79305 1.79102 1.78943 1.78821 1.78731 1.78667 1.78625 1.786 1.7859 1.78593 1.78605 
1.77933 1.77962 1.78 1.78048 1.78106 1.78178 1.78266 1.78374 1.78508 1.78673 1.78876 1.79126 1.79431 1.79801 1.80246 1.80777 1.81403 1.82136 1.82984 1.83956 1.85057 1.86293 1.87666 1.89175 1.90817 1.92587 1.94474 1.96469 1.98555 2.00718 2.02938 2.05197 2.07473 2.09747 2.11996 2.14201 2.16343 2.18403 2.20366 2.22215 2.23938 2.25524 2.26962 2.28245 2.29367 2.30321 2.31104 2.31713 2.32145 2.32399 2.32474 2.3237 2.32086 2.31624 2.30984 2.3017 2.29184 2.28031 2.26716 2.25247 2.23632 2.21883 2.20011 2.1803 2.15957 2.13808 2.11604 2.09362 2.07105 2.04853 2.02626 2.00443 1.98324 1.96286 1.94343 1.92508 1.90791 1.892 1.87739 1.8641 1.85213 1.84146 1.83204 1.82379 1.81666 1.81056 1.80539 1.80107 1.79749 1.79458 1.79224 1.79039 1.78896 1.7879 1.78712 1.7866 1.78627 1.78611 1.7861 1.78619 
1.77947 1.77976 1.78016 1.78067 1.7813 1.7821 1.78308 1.78429 1.7858 1.78766 1.78997 1.7928 1.79626 1.80044 1.80547 1.81145 1.8185 1.82672 1.83621 1.84705 1.85931 1.87302 1.8882 1.90483 1.92288 1.94225 1.96286 1.98455 2.00718 2.03055 2.05446 2.0787 2.10305 2.12728 2.15118 2.17453 2.19714 2.21881 2.2394 2.25873 2.2767 2.29319 2.30812 2.3214 2.33299 2.34283 2.3509 2.35717 2.36162 2.36423 2.36502 2.36395 2.36105 2.35631 2.34974 2.34136 2.33119 2.31927 2.30565 2.29039 2.27357 2.25529 2.23567 2.21485 2.19298 2.17025 2.14685 2.12298 2.09887 2.07472 2.05077 2.02722 2.00429 1.98216 1.96101 1.94097 1.92216 1.90468 1.88859 1.87391 1.86066 1.84881 1.83831 1.82911 1.82113 1.81428 1.80847 1.80358 1.79953 1.79622 1.79355 1.79143 1.78978 1.78853 1.78761 1.78698 1.78657 1.78634 1.78628 1.78635 
1.77962 1.77992 1.78033 1.78088 1.78157 1.78244 1.78353 1.78489 1.78658 1.78868 1.79128 1.79447 1.79836 1.80306 1.8087 1.8154 1.82327 1.83243 1.84297 1.85498 1.86852 1.88362 1.90028 1.91849 1.93817 1.95925 1.98158 2.00502 2.02938 2.05446 2.08003 2.10587 2.13173 2.15738 2.18259 2.20714 2.23083 2.25347 2.27489 2.29497 2.31356 2.33058 2.34595 2.35959 2.37147 2.38155 2.38979 2.39619 2.40074 2.40342 2.40423 2.40316 2.40022 2.3954 2.38871 2.38016 2.36976 2.35754 2.34354 2.32781 2.31043 2.29148 2.27107 2.24935 2.22646 2.20258 2.17792 2.15268 2.12709 2.10138 2.0758 2.05057 2.02592 2.00206 1.97917 1.95743 1.93698 1.9179 1.9003 1.8842 1.86962 1.85655 1.84494 1.83475 1.82588 1.81824 1.81175 1.80627 1.80172 1.79799 1.79496 1.79255 1.79066 1.78922 1.78815 1.78739 1.78689 1.78659 1.78648 1.78652 
1.77979 1.78008 1.78052 1.7811 1.78186 1.78281 1.78402 1.78554 1.78743 1.78978 1.79268 1.79625 1.8006 1.80585 1.81214 1.81958 1.82831 1.83844 1.85007 1.86329 1.87813 1.89465 1.91282 1.93261 1.95395 1.97671 2.00076 2.02591 2.05197 2.0787 2.10587 2.13322 2.16051 2.18748 2.21389 2.23952 2.26417 2.28766 2.30981 2.3305 2.34961 2.36705 2.38275 2.39666 2.40875 2.41898 2.42735 2.43384 2.43844 2.44117 2.442 2.44094 2.43799 2.43313 2.42638 2.41772 2.40718 2.39475 2.38047 2.36439 2.34655 2.32705 2.30598 2.28347 2.25967 2.23476 2.20895 2.18243 2.15546 2.12827 2.10113 2.07427 2.04794 2.02238 1.99779 1.97436 1.95224 1.93157 1.91243 1.89488 1.87895 1.86463 1.85189 1.84066 1.83087 1.82242 1.81521 1.80912 1.80404 1.79986 1.79646 1.79374 1.7916 1.78995 1.78872 1.78783 1.78723 1.78686 1.7867 1.7867 
1.77997 1.78027 1.78072 1.78135 1.78217 1.78322 1.78455 1.78623 1.78833 1.79094 1.79418 1.79815 1.80298 1.8088 1.81575 1.82397 1.83359 1.84472 1.85746 1.8719 1.88808 1.90602 1.92571 1.94708 1.97005 1.99449 2.02021 2.04704 2.07473 2.10305 2.13173 2.16051 2.18911 2.21729 2.24479 2.27139 2.29687 2.32107 2.34382 2.365 2.3845 2.40225 2.41819 2.43227 2.44448 2.45481 2.46323 2.46977 2.47441 2.47716 2.47801 2.47697 2.47403 2.46918 2.46242 2.45373 2.44311 2.43057 2.41611 2.39978 2.38161 2.36168 2.34007 2.3169 2.29232 2.26651 2.23965 2.21198 2.18373 2.15516 2.12653 2.09811 2.07017 2.04295 2.01669 1.99159 1.96783 1.94556 1.92489 1.90588 1.88858 1.87299 1.85908 1.8468 1.83606 1.82678 1.81883 1.81211 1.80648 1.80184 1.79805 1.795 1.79259 1.79073 1.78933 1.7883 1.7876 1.78715 1.78693 1.7869 
1.78016 1.78046 1.78094 1.78161 1.7825 1.78365 1.78511 1.78696 1.78928 1.79218 1.79575 1.80013 1.80546 1.81188 1.81952 1.82853 1.83905 1.8512 1.86507 1.88074 1.89826 1.91763 1.93883 1.96177 1.98635 2.01241 2.03977 2.06821 2.09747 2.12728 2.15738 2.18748 2.21729 2.24655 2.27501 2.30244 2.32864 2.35342 2.37664 2.39819 2.41797 2.43591 2.45198 2.46615 2.47841 2.48875 2.49718 2.50371 2.50835 2.51111 2.51199 2.51098 2.50808 2.50327 2.49655 2.48788 2.47727 2.4647 2.45017 2.4337 2.41531 2.39507 2.37305 2.34936 2.32413 2.29753 2.26977 2.24105 2.21164 2.18179 2.15177 2.12189 2.0924 2.06359 2.0357 2.00898 1.98361 1.95976 1.93756 1.9171 1.89843 1.88157 1.86648 1.85313 1.84143 1.83129 1.82259 1.81521 1.80902 1.80389 1.7997 1.79632 1.79364 1.79155 1.78996 1.7888 1.78798 1.78746 1.78718 1.78711 
1.78036 1.78067 1.78117 1.78189 1.78285 1.7841 1.7857 1.78773 1.79029 1.79346 1.79739 1.8022 1.80804 1.81506 1.8234 1.83322 1.84466 1.85783 1.87284 1.88975 1.9086 1.92938 1.95206 1.97654 2.00268 2.03033 2.05925 2.08922 2.11996 2.15118 2.18259 2.21389 2.24479 2.27501 2.30431 2.33244 2.3592 2.38444 2.40801 2.42981 2.44975 2.46779 2.48389 2.49806 2.51028 2.52057 2.52896 2.53545 2.54006 2.54281 2.54371 2.54274 2.5399 2.53517 2.52854 2.51996 2.50943 2.49691 2.4824 2.46589 2.4474 2.42697 2.40466 2.38057 2.35482 2.32758 2.29904 2.26941 2.23895 2.20793 2.17664 2.14538 2.11443 2.08411 2.05467 2.02637 1.99943 1.97404 1.95034 1.92844 1.90841 1.89027 1.87401 1.85959 1.84692 1.83591 1.82645 1.8184 1.81164 1.80602 1.80141 1.79769 1.79472 1.7924 1.79063 1.78932 1.78839 1.78778 1.78744 1.78734 
1.78057 1.78088 1.78141 1.78218 1.78321 1.78457 1.78632 1.78854 1.79132 1.79479 1.79908 1.80433 1.81069 1.81831 1.82737 1.838 1.85035 1.86455 1.88068 1.89881 1.91898 1.94115 1.96528 1.99124 2.0189 2.04806 2.07848 2.10989 2.14201 2.17453 2.20714 2.23952 2.27139 2.30244 2.33244 2.36114 2.38836 2.41392 2.43772 2.45965 2.47965 2.49768 2.51374 2.52782 2.53994 2.55013 2.55842 2.56483 2.56939 2.57212 2.57303 2.57211 2.56935 2.56473 2.55822 2.54979 2.5394 2.52701 2.5126 2.49615 2.47766 2.45715 2.43468 2.41031 2.38418 2.35642 2.32722 2.29681 2.26543 2.23337 2.20091 2.16838 2.13608 2.10432 2.07341 2.0436 2.01515 1.98826 1.9631 1.9398 1.91843 1.89903 1.88161 1.86611 1.85247 1.8406 1.83037 1.82165 1.81431 1.8082 1.80317 1.79909 1.79584 1.79328 1.79132 1.78985 1.78881 1.78811 1.78771 1.78757 
1.78079 1.78111 1.78166 1.78248 1.78359 1.78506 1.78695 1.78936 1.79238 1.79615 1.8008 1.80649 1.81337 1.82161 1.83137 1.84281 1.85608 1.87128 1.88852 1.90786 1.9293 1.95282 1.97835 2.00575 2.03485 2.06544 2.09727 2.13003 2.16343 2.19714 2.23083 2.26417 2.29687 2.32864 2.3592 2.38836 2.4159 2.44168 2.4656 2.48756 2.50752 2.52546 2.54138 2.55531 2.56727 2.5773 2.58545 2.59175 2.59624 2.59894 2.59985 2.59898 2.59632 2.59184 2.5855 2.57726 2.56706 2.55487 2.54064 2.52433 2.50594 2.48545 2.46292 2.4384 2.41199 2.38384 2.35412 2.32305 2.29088 2.25789 2.22439 2.1907 2.15714 2.12405 2.09175 2.06051 2.03062 2.0023 1.97573 1.95106 1.92839 1.90776 1.88919 1.87264 1.85804 1.84531 1.83432 1.82493 1.81701 1.8104 1.80495 1.80052 1.79697 1.79417 1.79202 1.7904 1.78924 1.78845 1.78799 1.78781 
1.78102 1.78133 1.78192 1.78278 1.78398 1.78556 1.7876 1.79019 1.79346 1.79753 1.80254 1.80867 1.81606 1.82491 1.83537 1.84761 1.86177 1.87796 1.89629 1.91678 1.93946 1.96428 1.99115 2.01991 2.05038 2.08232 2.11545 2.14947 2.18403 2.21881 2.25347 2.28766 2.32107 2.35342 2.38444 2.41392 2.44168 2.46758 2.49151 2.51341 2.53324 2.55102 2.56674 2.58045 2.5922 2.60204 2.61002 2.61618 2.62058 2.62323 2.62415 2.62334 2.62079 2.61646 2.61031 2.6023 2.59235 2.58041 2.56642 2.55033 2.53211 2.51174 2.48925 2.46467 2.43811 2.40968 2.37956 2.34795 2.3151 2.28131 2.24688 2.21215 2.17745 2.14313 2.10953 2.07696 2.0457 2.01601 1.98809 1.96211 1.93818 1.91636 1.89668 1.8791 1.86357 1.84999 1.83825 1.8282 1.81971 1.8126 1.80674 1.80195 1.79811 1.79508 1.79273 1.79096 1.78967 1.7888 1.78827 1.78805 
1.78124 1.78157 1.78218 1.7831 1.78437 1.78606 1.78824 1.79103 1.79454 1.7989 1.80427 1.81083 1.81874 1.82818 1.83932 1.85234 1.86736 1.88451 1.90388 1.9255 1.94936 1.97541 2.00355 2.0336 2.06535 2.09854 2.13288 2.16803 2.20366 2.2394 2.27489 2.30981 2.34382 2.37664 2.40801 2.43772 2.4656 2.49151 2.51537 2.53713 2.55677 2.57431 2.58978 2.60324 2.61474 2.62434 2.63212 2.63813 2.64241 2.64501 2.64593 2.64519 2.64275 2.6386 2.63267 2.6249 2.61524 2.60359 2.58989 2.57408 2.5561 2.53593 2.51356 2.48902 2.4624 2.43379 2.40337 2.37134 2.33794 2.30347 2.26822 2.23256 2.19683 2.16139 2.12659 2.09277 2.06024 2.02927 2.00008 1.97285 1.94772 1.92476 1.904 1.88543 1.869 1.8546 1.84212 1.83143 1.82237 1.81479 1.80851 1.80338 1.79925 1.79598 1.79343 1.79151 1.79011 1.78915 1.78856 1.7883 
1.78147 1.7818 1.78243 1.78341 1.78476 1.78656 1.78889 1.79186 1.7956 1.80025 1.80598 1.81295 1.82136 1.83137 1.84318 1.85694 1.87279 1.89086 1.91122 1.9339 1.95889 1.9861 2.01542 2.04667 2.0796 2.11395 2.14939 2.18558 2.22215 2.25873 2.29497 2.3305 2.365 2.39819 2.42981 2.45965 2.48756 2.51341 2.53713 2.55869 2.57808 2.59534 2.61052 2.62368 2.6349 2.64425 2.65181 2.65764 2.66181 2.66435 2.66527 2.66459 2.66228 2.6583 2.6526 2.64511 2.63575 2.62443 2.61106 2.59557 2.57789 2.55796 2.53579 2.51137 2.48476 2.45608 2.42546 2.39311 2.35926 2.32421 2.28826 2.25178 2.21513 2.17867 2.14279 2.10783 2.07412 2.04195 2.01156 1.98317 1.9569 1.93286 1.91108 1.89156 1.87426 1.85907 1.84589 1.83458 1.82498 1.81692 1.81024 1.80477 1.80036 1.79686 1.79413 1.79206 1.79054 1.78949 1.78884 1.78854 
1.78169 1.78203 1.78269 1.78371 1.78514 1.78704 1.78952 1.79267 1.79663 1.80157 1.80763 1.81501 1.82389 1.83446 1.84689 1.86136 1.87801 1.89694 1.91823 1.94191 1.96794 1.99624 2.02666 2.05901 2.09303 2.12843 2.16486 2.20197 2.23938 2.2767 2.31356 2.34961 2.3845 2.41797 2.44975 2.47965 2.50752 2.53324 2.55677 2.57808 2.59719 2.61414 2.62899 2.64184 2.65275 2.66184 2.66917 2.67483 2.67887 2.68134 2.68226 2.68164 2.67945 2.67566 2.67019 2.66299 2.65394 2.64297 2.62996 2.61482 2.59746 2.57784 2.5559 2.53166 2.50515 2.47646 2.44573 2.41314 2.37894 2.34341 2.30687 2.26968 2.23222 2.19486 2.15799 2.12199 2.0872 2.05393 2.02244 1.99295 1.96562 1.94057 1.91783 1.89742 1.87929 1.86336 1.84952 1.83761 1.82749 1.81898 1.81192 1.80613 1.80145 1.79772 1.79481 1.79259 1.79096 1.78983 1.78912 1.78879 
1.78191 1.78225 1.78294 1.78401 1.78551 1.78751 1.79012 1.79345 1.79763 1.80283 1.80921 1.81697 1.8263 1.83739 1.85041 1.86555 1.88293 1.90267 1.92483 1.94943 1.97643 2.00572 2.03715 2.0705 2.10551 2.14185 2.17917 2.2171 2.25524 2.29319 2.33058 2.36705 2.40225 2.43591 2.46779 2.49768 2.52546 2.55102 2.57431 2.59534 2.61414 2.63076 2.64528 2.65779 2.6684 2.67721 2.68431 2.68979 2.6937 2.69611 2.69703 2.69646 2.6944 2.69079 2.68556 2.67863 2.66991 2.65929 2.64664 2.63187 2.61487 2.59557 2.57391 2.54989 2.52352 2.49488 2.4641 2.43137 2.3969 2.36098 2.32395 2.28615 2.24797 2.20981 2.17207 2.13514 2.09937 2.0651 2.0326 2.00211 1.97381 1.94781 1.92419 1.90295 1.88405 1.86742 1.85295 1.84049 1.82988 1.82094 1.81352 1.80742 1.80248 1.79854 1.79546 1.79311 1.79137 1.79016 1.78939 1.78902 
1.78212 1.78246 1.78317 1.78429 1.78586 1.78796 1.7907 1.79418 1.79857 1.80401 1.8107 1.81882 1.82856 1.84013 1.8537 1.86945 1.88751 1.90799 1.93095 1.95639 1.98426 2.01446 2.04679 2.08105 2.11693 2.15411 2.19221 2.23085 2.26962 2.30812 2.34595 2.38275 2.41819 2.45198 2.48389 2.51374 2.54138 2.56674 2.58978 2.61052 2.62899 2.64528 2.65946 2.67165 2.68196 2.6905 2.69737 2.70267 2.70646 2.7088 2.70971 2.70921 2.70726 2.70382 2.69882 2.69217 2.68377 2.67348 2.6612 2.64679 2.63016 2.61119 2.58983 2.56605 2.53986 2.51132 2.48055 2.44772 2.41306 2.37684 2.33939 2.30108 2.26229 2.22344 2.18493 2.14717 2.11053 2.07535 2.04194 2.01055 1.98136 1.95451 1.93007 1.90807 1.88847 1.8712 1.85615 1.84317 1.83211 1.82278 1.81502 1.80863 1.80345 1.79932 1.79608 1.79359 1.79176 1.79047 1.78965 1.78924 
1.78231 1.78266 1.78339 1.78455 1.78619 1.78838 1.79123 1.79487 1.79944 1.80511 1.81207 1.82052 1.83064 1.84264 1.85671 1.87302 1.89169 1.91284 1.93651 1.96271 1.99136 2.02236 2.0555 2.09055 2.1272 2.16511 2.20389 2.24315 2.28245 2.3214 2.35959 2.39666 2.43227 2.46615 2.49806 2.52782 2.55531 2.58045 2.60324 2.62368 2.64184 2.65779 2.67165 2.68353 2.69355 2.70184 2.70849 2.71362 2.71729 2.71957 2.72048 2.72002 2.71818 2.71491 2.71012 2.70373 2.69563 2.68567 2.67374 2.65968 2.6434 2.62476 2.6037 2.58018 2.55418 2.52577 2.49505 2.46217 2.42737 2.39092 2.35313 2.31439 2.27509 2.23564 2.19646 2.15797 2.12057 2.0846 2.05039 2.01819 1.98821 1.96059 1.93542 1.91274 1.8925 1.87465 1.85907 1.84563 1.83415 1.82447 1.8164 1.80975 1.80435 1.80003 1.79664 1.79404 1.79211 1.79075 1.78989 1.78945 
1.78249 1.78284 1.7836 1.78479 1.78649 1.78876 1.79171 1.79549 1.80023 1.8061 1.81331 1.82204 1.83251 1.8449 1.85941 1.87621 1.89542 1.91716 1.94146 1.96832 1.99766 2.02935 2.06319 2.09893 2.13624 2.17478 2.21414 2.25391 2.29367 2.33299 2.37147 2.40875 2.44448 2.47841 2.51028 2.53994 2.56727 2.5922 2.61474 2.6349 2.65275 2.6684 2.68196 2.69355 2.70331 2.71136 2.71782 2.72279 2.72635 2.72857 2.72947 2.72906 2.72732 2.72419 2.71961 2.71346 2.70562 2.69597 2.68435 2.67063 2.65467 2.63635 2.61558 2.59231 2.56651 2.53824 2.50758 2.4747 2.4398 2.40317 2.36512 2.32602 2.28629 2.24633 2.20659 2.16748 2.12942 2.09276 2.05785 2.02495 1.99428 1.96599 1.94018 1.91689 1.8961 1.87773 1.86169 1.84783 1.83599 1.82599 1.81764 1.81076 1.80516 1.80068 1.79716 1.79445 1.79244 1.79102 1.7901 1.78964 
1.78264 1.783 1.78378 1.78501 1.78675 1.78909 1.79214 1.79603 1.80092 1.80697 1.8144 1.82338 1.83414 1.84687 1.86176 1.87898 1.89866 1.9209 1.94574 1.97316 2.00308 2.03536 2.0698 2.10611 2.14399 2.18305 2.22289 2.26309 2.30321 2.34283 2.38155 2.41898 2.45481 2.48875 2.52057 2.55013 2.5773 2.60204 2.62434 2.64425 2.66184 2.67721 2.6905 2.70184 2.71136 2.7192 2.72548 2.73031 2.73378 2.73595 2.73684 2.73648 2.73482 2.73183 2.72741 2.72147 2.71388 2.70449 2.69316 2.67974 2.66407 2.64603 2.62553 2.60248 2.57687 2.54874 2.51816 2.48528 2.45033 2.41356 2.3753 2.33592 2.29583 2.25546 2.21525 2.17562 2.137 2.09977 2.06426 2.03077 1.99951 1.97065 1.9443 1.92049 1.89922 1.88041 1.86397 1.84975 1.83759 1.82731 1.81872 1.81164 1.80587 1.80125 1.79761 1.79481 1.79273 1.79125 1.7903 1.78981 
1.78278 1.78314 1.78393 1.78519 1.78698 1.78938 1.79251 1.7965 1.80151 1.80771 1.81531 1.82451 1.83551 1.84852 1.86372 1.88129 1.90136 1.92402 1.9493 1.97718 2.00758 2.04034 2.07526 2.11205 2.15037 2.18986 2.23009 2.27063 2.31104 2.3509 2.38979 2.42735 2.46323 2.49718 2.52896 2.55842 2.58545 2.61002 2.63212 2.65181 2.66917 2.68431 2.69737 2.70849 2.71782 2.72548 2.73162 2.73633 2.73972 2.74184 2.74273 2.7424 2.74082 2.73793 2.73366 2.7279 2.72051 2.71135 2.70026 2.68708 2.67166 2.65387 2.63359 2.61074 2.5853 2.55729 2.52678 2.49393 2.45893 2.42206 2.38364 2.34404 2.30367 2.26297 2.22237 2.18233 2.14327 2.10556 2.06957 2.03559 2.00385 1.97452 1.94772 1.92349 1.90182 1.88265 1.86587 1.85135 1.83893 1.82842 1.81964 1.81239 1.80648 1.80173 1.798 1.79512 1.79297 1.79145 1.79046 1.78996 
1.78289 1.78326 1.78406 1.78534 1.78717 1.78962 1.7928 1.79687 1.80198 1.8083 1.81605 1.82541 1.8366 1.84983 1.86528 1.88313 1.9035 1.92648 1.9521 1.98034 2.01111 2.04425 2.07954 2.11669 2.15536 2.19517 2.23569 2.27649 2.31713 2.35717 2.39619 2.43384 2.46977 2.50371 2.53545 2.56483 2.59175 2.61618 2.63813 2.65764 2.67483 2.68979 2.70267 2.71362 2.72279 2.73031 2.73633 2.74096 2.74428 2.74637 2.74726 2.74695 2.74543 2.74263 2.73847 2.73284 2.72562 2.71663 2.70573 2.69275 2.67753 2.65993 2.63982 2.61714 2.59183 2.56391 2.53347 2.50063 2.46561 2.42867 2.39012 2.35035 2.30977 2.26881 2.22793 2.18757 2.14815 2.11009 2.07373 2.03937 2.00726 1.97757 1.95041 1.92585 1.90387 1.88442 1.86738 1.85263 1.84 1.82931 1.82037 1.81298 1.80696 1.80212 1.79831 1.79537 1.79317 1.79161 1.7906 1.79008 
1.78298 1.78334 1.78416 1.78546 1.78731 1.78979 1.79303 1.79715 1.80233 1.80874 1.81659 1.82607 1.8374 1.85079 1.86642 1.88446 1.90504 1.92825 1.95411 1.98261 2.01364 2.04704 2.08259 2.11999 2.15891 2.19894 2.23968 2.28066 2.32145 2.36162 2.40074 2.43844 2.47441 2.50835 2.54006 2.56939 2.59624 2.62058 2.64241 2.66181 2.67887 2.6937 2.70646 2.71729 2.72635 2.73378 2.73972 2.74428 2.74756 2.74963 2.75051 2.75022 2.74874 2.746 2.74193 2.7364 2.72928 2.72042 2.70966 2.69681 2.68173 2.66426 2.64428 2.6217 2.59648 2.56863 2.53823 2.5054 2.47036 2.43336 2.39473 2.35484 2.31411 2.27297 2.23188 2.19129 2.15164 2.11332 2.07669 2.04207 2.0097 1.97975 1.95235 1.92755 1.90535 1.8857 1.86848 1.85356 1.84079 1.82997 1.82091 1.81342 1.80732 1.80241 1.79854 1.79555 1.79332 1.79173 1.7907 1.79017 
1.78304 1.7834 1.78422 1.78554 1.7874 1.78991 1.79317 1.79733 1.80256 1.80902 1.81693 1.82648 1.8379 1.85138 1.86711 1.88527 1.90598 1.92932 1.95532 1.98396 2.01514 2.04869 2.08439 2.12194 2.161 2.20116 2.24202 2.28311 2.32399 2.36423 2.40342 2.44117 2.47716 2.51111 2.54281 2.57212 2.59894 2.62323 2.64501 2.66435 2.68134 2.69611 2.7088 2.71957 2.72857 2.73595 2.74184 2.74637 2.74963 2.75168 2.75256 2.75229 2.75083 2.74812 2.74409 2.73862 2.73157 2.72278 2.71208 2.69931 2.6843 2.6669 2.64698 2.62445 2.59927 2.57145 2.54106 2.50823 2.47317 2.43613 2.39744 2.35748 2.31665 2.27541 2.2342 2.19348 2.15368 2.11522 2.07844 2.04367 2.01114 1.98105 1.95351 1.92858 1.90625 1.88648 1.86915 1.85413 1.84127 1.83037 1.82125 1.8137 1.80755 1.8026 1.79869 1.79568 1.79342 1.79181 1.79077 1.79023 
