6.80919 6.80938 6.8097 6.81015 6.81072 6.81143 6.81226 6.81322 6.81431 6.81552 6.81686 6.81832 6.8199 6.82161 6.82343 6.82536 6.8274 6.82955 6.8318 6.83414 6.83657 6.83908 6.84167 6.84433 6.84704 6.8498 6.85259 6.85541 6.85825 6.86108 6.86391 6.86671 6.86948 6.8722 6.87485 6.87743 6.87991 6.88229 6.88456 6.8867 6.88869 6.89054 6.89222 6.89373 6.89506 6.8962 6.89714 6.89789 6.89843 6.89876 6.89888 6.8988 6.8985 6.898 6.8973 6.89639 6.8953 6.89401 6.89255 6.89093 6.88914 6.8872 6.88513 6.88294 6.88063 6.87823 6.87574 6.87317 6.87055 6.86789 6.8652 6.86248 6.85977 6.85706 6.85437 6.85172 6.84911 6.84655 6.84405 6.84162 6.83928 6.83702 6.83486 6.8328 6.83085 6.829 6.82727 6.82566 6.82417 6.82281 6.82157 6.82046 6.81947 6.81862 6.81789 6.8173 6.81683 6.8165 6.8163 6.81622 
6.80938 6.80957 6.80989 6.81034 6.81092 6.81162 6.81246 6.81343 6.81452 6.81574 6.81708 6.81855 6.82014 6.82186 6.82368 6.82563 6.82768 6.82984 6.8321 6.83446 6.8369 6.83943 6.84203 6.8447 6.84743 6.8502 6.85302 6.85585 6.8587 6.86156 6.8644 6.86722 6.87 6.87274 6.87541 6.878 6.8805 6.88289 6.88517 6.88732 6.88933 6.89118 6.89287 6.89439 6.89573 6.89688 6.89783 6.89858 6.89912 6.89945 6.89958 6.89949 6.89919 6.89869 6.89798 6.89707 6.89597 6.89468 6.89321 6.89157 6.88977 6.88783 6.88574 6.88353 6.88121 6.87879 6.87629 6.87371 6.87107 6.86839 6.86568 6.86296 6.86022 6.8575 6.8548 6.85212 6.8495 6.84692 6.84441 6.84197 6.83961 6.83734 6.83517 6.83309 6.83113 6.82927 6.82753 6.82591 6.82442 6.82304 6.82179 6.82067 6.81968 6.81882 6.81809 6.8175 6.81703 6.81669 6.81649 6.81641 
6.8097 6.80989 6.81021 6.81066 6.81125 6.81197 6.81281 6.81379 6.8149 6.81614 6.8175 6.81899 6.8206 6.82234 6.82419 6.82616 6.82825 6.83044 6.83273 6.83512 6.8376 6.84016 6.8428 6.84551 6.84828 6.85109 6.85394 6.85682 6.85971 6.86261 6.86549 6.86835 6.87117 6.87394 6.87665 6.87928 6.88181 6.88424 6.88655 6.88873 6.89076 6.89264 6.89436 6.8959 6.89725 6.89841 6.89938 6.90014 6.90069 6.90102 6.90115 6.90106 6.90076 6.90025 6.89953 6.8986 6.89748 6.89617 6.89468 6.89302 6.8912 6.88922 6.88711 6.88487 6.88251 6.88006 6.87752 6.8749 6.87223 6.86951 6.86676 6.86399 6.86122 6.85846 6.85571 6.853 6.85033 6.84772 6.84517 6.8427 6.8403 6.838 6.83579 6.83369 6.83169 6.8298 6.82804 6.82639 6.82487 6.82348 6.82221 6.82107 6.82006 6.81919 6.81845 6.81784 6.81736 6.81702 6.81681 6.81673 
6.81015 6.81034 6.81066 6.81113 6.81172 6.81245 6.81332 6.81432 6.81545 6.81671 6.81811 6.81963 6.82128 6.82305 6.82495 6.82696 6.82909 6.83133 6.83368 6.83612 6.83866 6.84128 6.84398 6.84675 6.84958 6.85246 6.85537 6.85831 6.86127 6.86423 6.86718 6.8701 6.87298 6.87581 6.87858 6.88126 6.88385 6.88633 6.88869 6.89092 6.893 6.89492 6.89667 6.89824 6.89962 6.90081 6.90179 6.90257 6.90313 6.90347 6.9036 6.9035 6.90319 6.90267 6.90193 6.90099 6.89984 6.8985 6.89698 6.89528 6.89342 6.8914 6.88923 6.88694 6.88454 6.88203 6.87943 6.87675 6.87402 6.87124 6.86842 6.86559 6.86276 6.85993 6.85712 6.85435 6.85162 6.84894 6.84633 6.8438 6.84135 6.83899 6.83673 6.83457 6.83253 6.8306 6.82879 6.8271 6.82554 6.82411 6.82281 6.82164 6.82061 6.81971 6.81895 6.81832 6.81783 6.81748 6.81726 6.81718 
6.81072 6.81092 6.81125 6.81172 6.81233 6.81309 6.81398 6.815 6.81617 6.81747 6.8189 6.82047 6.82217 6.824 6.82596 6.82803 6.83023 6.83253 6.83495 6.83747 6.84008 6.84278 6.84557 6.84842 6.85133 6.8543 6.8573 6.86033 6.86337 6.86642 6.86945 6.87246 6.87543 6.87835 6.88119 6.88395 6.88662 6.88917 6.8916 6.89389 6.89603 6.898 6.8998 6.90142 6.90284 6.90406 6.90507 6.90586 6.90644 6.90679 6.90692 6.90682 6.9065 6.90596 6.9052 6.90422 6.90304 6.90166 6.90009 6.89834 6.89642 6.89434 6.89211 6.88975 6.88727 6.88469 6.88201 6.87925 6.87644 6.87357 6.87067 6.86775 6.86483 6.86191 6.85902 6.85616 6.85334 6.85059 6.84789 6.84528 6.84275 6.84032 6.83798 6.83576 6.83365 6.83165 6.82978 6.82804 6.82643 6.82495 6.8236 6.8224 6.82133 6.8204 6.8196 6.81895 6.81844 6.81807 6.81785 6.81776 
6.81143 6.81162 6.81197 6.81245 6.81309 6.81386 6.81478 6.81585 6.81706 6.81841 6.81989 6.82152 6.82328 6.82518 6.82721 6.82936 6.83164 6.83403 6.83654 6.83916 6.84187 6.84467 6.84756 6.85052 6.85354 6.85661 6.85972 6.86287 6.86602 6.86918 6.87232 6.87544 6.87852 6.88154 6.88449 6.88735 6.89011 6.89275 6.89526 6.89763 6.89984 6.90189 6.90375 6.90542 6.90689 6.90815 6.90919 6.91001 6.91061 6.91097 6.9111 6.911 6.91066 6.9101 6.90931 6.9083 6.90707 6.90564 6.90401 6.9022 6.90021 6.89805 6.89574 6.89329 6.89072 6.88804 6.88526 6.8824 6.87948 6.87651 6.8735 6.87047 6.86744 6.86441 6.86141 6.85844 6.85551 6.85265 6.84985 6.84714 6.84451 6.84198 6.83955 6.83724 6.83504 6.83297 6.83102 6.82921 6.82753 6.82598 6.82458 6.82332 6.82221 6.82124 6.82041 6.81973 6.81919 6.8188 6.81856 6.81847 
6.81226 6.81246 6.81281 6.81332 6.81398 6.81478 6.81574 6.81685 6.81811 6.81952 6.82107 6.82277 6.82461 6.82659 6.82871 6.83096 6.83333 6.83583 6.83845 6.84118 6.84401 6.84694 6.84995 6.85304 6.85619 6.85939 6.86264 6.86592 6.86921 6.8725 6.87578 6.87903 6.88224 6.88538 6.88845 6.89143 6.89431 6.89706 6.89967 6.90214 6.90444 6.90657 6.90851 6.91024 6.91177 6.91308 6.91416 6.91502 6.91563 6.91601 6.91614 6.91603 6.91568 6.91509 6.91426 6.91321 6.91193 6.91044 6.90874 6.90684 6.90477 6.90252 6.90011 6.89756 6.89487 6.89208 6.88918 6.8862 6.88315 6.88005 6.87691 6.87374 6.87058 6.86742 6.86428 6.86118 6.85812 6.85513 6.85221 6.84937 6.84662 6.84397 6.84143 6.83901 6.83671 6.83454 6.8325 6.8306 6.82884 6.82722 6.82575 6.82443 6.82325 6.82223 6.82136 6.82064 6.82008 6.81967 6.81941 6.8193 
6.81322 6.81343 6.81379 6.81432 6.815 6.81585 6.81685 6.81802 6.81934 6.82081 6.82244 6.82422 6.82615 6.82823 6.83045 6.83281 6.83531 6.83793 6.84068 6.84354 6.84651 6.84958 6.85274 6.85598 6.85928 6.86264 6.86605 6.86948 6.87293 6.87638 6.87982 6.88322 6.88658 6.88987 6.89308 6.8962 6.89921 6.90209 6.90483 6.90741 6.90981 6.91204 6.91406 6.91588 6.91747 6.91884 6.91997 6.92086 6.9215 6.92189 6.92202 6.92191 6.92153 6.92091 6.92005 6.91894 6.9176 6.91604 6.91426 6.91227 6.91009 6.90773 6.90521 6.90254 6.89972 6.89679 6.89375 6.89063 6.88743 6.88418 6.88088 6.87757 6.87424 6.87092 6.86763 6.86437 6.86117 6.85802 6.85495 6.85197 6.84908 6.84629 6.84362 6.84107 6.83865 6.83637 6.83422 6.83221 6.83036 6.82865 6.8271 6.82571 6.82447 6.82339 6.82246 6.8217 6.8211 6.82066 6.82039 6.82027 
6.81431 6.81452 6.8149 6.81545 6.81617 6.81706 6.81811 6.81934 6.82072 6.82228 6.82399 6.82587 6.82791 6.8301 6.83244 6.83493 6.83756 6.84032 6.84322 6.84623 6.84936 6.8526 6.85592 6.85933 6.86282 6.86636 6.86994 6.87355 6.87718 6.88081 6.88442 6.888 6.89153 6.895 6.89838 6.90165 6.90481 6.90784 6.91071 6.91342 6.91595 6.91828 6.9204 6.92231 6.92398 6.92541 6.9266 6.92753 6.9282 6.9286 6.92874 6.92861 6.92822 6.92757 6.92665 6.92549 6.92408 6.92243 6.92055 6.91846 6.91617 6.91369 6.91104 6.90822 6.90526 6.90217 6.89898 6.89568 6.89232 6.88889 6.88542 6.88193 6.87842 6.87493 6.87146 6.86802 6.86464 6.86132 6.85808 6.85493 6.85188 6.84894 6.84612 6.84343 6.84087 6.83845 6.83618 6.83405 6.83209 6.83028 6.82864 6.82716 6.82584 6.82469 6.82371 6.8229 6.82226 6.82179 6.82149 6.82136 
6.81552 6.81574 6.81614 6.81671 6.81747 6.81841 6.81952 6.82081 6.82228 6.82392 6.82573 6.82772 6.82987 6.83219 6.83466 6.8373 6.84008 6.843 6.84606 6.84925 6.85256 6.85598 6.8595 6.8631 6.86678 6.87052 6.87431 6.87812 6.88195 6.88578 6.8896 6.89337 6.8971 6.90075 6.90431 6.90777 6.9111 6.91428 6.91731 6.92017 6.92283 6.92528 6.92752 6.92952 6.93128 6.93279 6.93403 6.93501 6.93571 6.93613 6.93628 6.93614 6.93572 6.93503 6.93406 6.93283 6.93134 6.9296 6.92762 6.92541 6.92299 6.92037 6.91757 6.9146 6.91147 6.90821 6.90483 6.90136 6.8978 6.89418 6.89051 6.88682 6.88312 6.87942 6.87575 6.87211 6.86853 6.86502 6.86159 6.85826 6.85502 6.85191 6.84892 6.84606 6.84335 6.84078 6.83837 6.83612 6.83403 6.83211 6.83036 6.82878 6.82738 6.82616 6.82511 6.82424 6.82356 6.82305 6.82273 6.82258 
6.81686 6.81708 6.8175 6.81811 6.8189 6.81989 6.82107 6.82244 6.82399 6.82573 6.82766 6.82976 6.83205 6.8345 6.83713 6.83992 6.84287 6.84597 6.84922 6.8526 6.85611 6.85973 6.86346 6.86728 6.87117 6.87513 6.87914 6.88318 6.88724 6.89129 6.89532 6.89932 6.90326 6.90712 6.91088 6.91453 6.91805 6.92142 6.92462 6.92763 6.93044 6.93303 6.93539 6.9375 6.93936 6.94094 6.94225 6.94328 6.94402 6.94446 6.94461 6.94446 6.94402 6.94328 6.94225 6.94095 6.93937 6.93753 6.93543 6.9331 6.93054 6.92777 6.9248 6.92165 6.91834 6.91489 6.91132 6.90764 6.90387 6.90003 6.89615 6.89224 6.88831 6.88439 6.8805 6.87665 6.87285 6.86912 6.86548 6.86194 6.8585 6.85519 6.85202 6.84898 6.84609 6.84336 6.84079 6.83839 6.83617 6.83412 6.83226 6.83057 6.82908 6.82777 6.82665 6.82572 6.82499 6.82444 6.82409 6.82393 
6.81832 6.81855 6.81899 6.81963 6.82047 6.82152 6.82277 6.82422 6.82587 6.82772 6.82976 6.832 6.83442 6.83704 6.83983 6.84279 6.84593 6.84922 6.85267 6.85626 6.85999 6.86383 6.86779 6.87184 6.87598 6.88018 6.88443 6.88872 6.89302 6.89732 6.90159 6.90582 6.90999 6.91408 6.91807 6.92194 6.92566 6.92922 6.93261 6.93579 6.93876 6.9415 6.944 6.94623 6.94819 6.94986 6.95125 6.95233 6.95311 6.95357 6.95372 6.95356 6.95309 6.9523 6.95121 6.94983 6.94815 6.9462 6.94398 6.94151 6.93879 6.93585 6.93271 6.92937 6.92586 6.9222 6.91841 6.91451 6.91051 6.90644 6.90232 6.89816 6.894 6.88984 6.8857 6.8816 6.87757 6.87361 6.86973 6.86597 6.86231 6.85879 6.85541 6.85217 6.84909 6.84618 6.84345 6.84089 6.83851 6.83633 6.83433 6.83253 6.83093 6.82953 6.82833 6.82734 6.82655 6.82596 6.82557 6.82539 
6.8199 6.82014 6.8206 6.82128 6.82217 6.82328 6.82461 6.82615 6.82791 6.82987 6.83205 6.83442 6.83701 6.83978 6.84275 6.84591 6.84924 6.85275 6.85642 6.86024 6.8642 6.86829 6.87249 6.8768 6.88119 6.88566 6.89017 6.89472 6.89929 6.90385 6.90838 6.91287 6.9173 6.92163 6.92586 6.92996 6.93391 6.93768 6.94126 6.94464 6.94778 6.95068 6.95332 6.95568 6.95775 6.95952 6.96099 6.96213 6.96295 6.96343 6.96359 6.96341 6.96291 6.96207 6.96092 6.95945 6.95767 6.95559 6.95324 6.95061 6.94773 6.94461 6.94127 6.93773 6.93401 6.93012 6.9261 6.92195 6.91771 6.91338 6.909 6.90459 6.90016 6.89574 6.89134 6.88698 6.88269 6.87847 6.87435 6.87033 6.86644 6.86269 6.85908 6.85563 6.85235 6.84924 6.84632 6.84359 6.84105 6.83871 6.83658 6.83466 6.83294 6.83144 6.83016 6.82909 6.82823 6.8276 6.82718 6.82698 
6.82161 6.82186 6.82234 6.82305 6.824 6.82518 6.82659 6.82823 6.8301 6.83219 6.8345 6.83704 6.83978 6.84274 6.8459 6.84926 6.85281 6.85654 6.86045 6.86451 6.86873 6.87308 6.87755 6.88213 6.8868 6.89155 6.89635 6.90118 6.90603 6.91087 6.91569 6.92045 6.92515 6.92975 6.93423 6.93858 6.94276 6.94677 6.95056 6.95414 6.95747 6.96054 6.96333 6.96583 6.96802 6.9699 6.97144 6.97265 6.97351 6.97403 6.97419 6.974 6.97346 6.97257 6.97134 6.96977 6.96788 6.96568 6.96318 6.96039 6.95733 6.95402 6.95047 6.94671 6.94276 6.93863 6.93436 6.92995 6.92544 6.92085 6.91619 6.9115 6.90679 6.90208 6.8974 6.89276 6.88819 6.8837 6.87931 6.87503 6.87089 6.86688 6.86304 6.85936 6.85585 6.85254 6.84941 6.8465 6.84378 6.84128 6.839 6.83694 6.83511 6.8335 6.83212 6.83097 6.83005 6.82937 6.82891 6.82869 
6.82343 6.82368 6.82419 6.82495 6.82596 6.82721 6.82871 6.83045 6.83244 6.83466 6.83713 6.83983 6.84275 6.8459 6.84927 6.85285 6.85663 6.8606 6.86476 6.86908 6.87357 6.8782 6.88296 6.88783 6.8928 6.89784 6.90294 6.90808 6.91323 6.91837 6.92349 6.92855 6.93353 6.93841 6.94317 6.94778 6.95221 6.95646 6.96048 6.96427 6.9678 6.97105 6.97401 6.97665 6.97897 6.98096 6.98259 6.98387 6.98478 6.98532 6.98548 6.98528 6.9847 6.98375 6.98245 6.98078 6.97878 6.97644 6.97378 6.97082 6.96757 6.96405 6.96029 6.9563 6.9521 6.94771 6.94317 6.93849 6.93369 6.92881 6.92386 6.91887 6.91386 6.90885 6.90387 6.89894 6.89407 6.88929 6.88461 6.88005 6.87563 6.87136 6.86726 6.86333 6.85959 6.85605 6.85272 6.8496 6.8467 6.84403 6.84159 6.83938 6.83742 6.83569 6.83421 6.83298 6.83199 6.83125 6.83076 6.83052 
6.82536 6.82563 6.82616 6.82696 6.82803 6.82936 6.83096 6.83281 6.83493 6.8373 6.83992 6.84279 6.84591 6.84926 6.85285 6.85666 6.86068 6.86491 6.86933 6.87394 6.87871 6.88363 6.8887 6.89387 6.89915 6.90451 6.90993 6.91539 6.92086 6.92632 6.93175 6.93712 6.94241 6.94759 6.95264 6.95752 6.96223 6.96672 6.97099 6.975 6.97874 6.98219 6.98532 6.98812 6.99057 6.99267 6.9944 6.99574 6.9967 6.99727 6.99744 6.99722 6.99661 6.9956 6.99421 6.99244 6.99031 6.98783 6.98501 6.98186 6.97842 6.97468 6.97069 6.96645 6.96199 6.95733 6.95251 6.94754 6.94244 6.93725 6.93199 6.92669 6.92136 6.91604 6.91074 6.90549 6.9003 6.89521 6.89023 6.88538 6.88067 6.87612 6.87174 6.86756 6.86357 6.85979 6.85623 6.8529 6.8498 6.84695 6.84434 6.84198 6.83987 6.83803 6.83644 6.83511 6.83405 6.83326 6.83273 6.83246 
6.8274 6.82768 6.82825 6.82909 6.83023 6.83164 6.83333 6.83531 6.83756 6.84008 6.84287 6.84593 6.84924 6.85281 6.85663 6.86068 6.86496 6.86946 6.87417 6.87906 6.88414 6.88937 6.89475 6.90026 6.90586 6.91156 6.91731 6.92311 6.92891 6.93471 6.94047 6.94617 6.95178 6.95727 6.96261 6.96779 6.97278 6.97754 6.98206 6.98631 6.99027 6.99391 6.99722 7.00019 7.00278 7.005 7.00683 7.00825 7.00926 7.00986 7.01004 7.0098 7.00914 7.00807 7.00659 7.00472 7.00246 6.99982 6.99683 6.9935 6.98984 6.98588 6.98164 6.97714 6.97241 6.96747 6.96235 6.95707 6.95166 6.94615 6.94057 6.93493 6.92927 6.92361 6.91798 6.91239 6.90688 6.90147 6.89616 6.891 6.88598 6.88114 6.87648 6.87201 6.86776 6.86373 6.85994 6.85638 6.85308 6.85003 6.84724 6.84472 6.84246 6.84049 6.83879 6.83737 6.83623 6.83538 6.8348 6.83451 
6.82955 6.82984 6.83044 6.83133 6.83253 6.83403 6.83583 6.83793 6.84032 6.843 6.84597 6.84922 6.85275 6.85654 6.8606 6.86491 6.86946 6.87424 6.87924 6.88445 6.88984 6.8954 6.90111 6.90695 6.91291 6.91895 6.92506 6.9312 6.93736 6.94351 6.94961 6.95565 6.96159 6.96741 6.97307 6.97856 6.98383 6.98887 6.99365 6.99815 7.00234 7.00619 7.00969 7.01283 7.01557 7.01791 7.01984 7.02134 7.02241 7.02303 7.02322 7.02296 7.02226 7.02112 7.01956 7.01757 7.01517 7.01238 7.00921 7.00568 7.0018 6.99761 6.99311 6.98834 6.98333 6.97809 6.97266 6.96706 6.96133 6.95548 6.94955 6.94357 6.93756 6.93155 6.92557 6.91964 6.91378 6.90803 6.90239 6.8969 6.89156 6.88641 6.88145 6.8767 6.87217 6.86788 6.86383 6.86004 6.85651 6.85326 6.85029 6.84759 6.84519 6.84308 6.84126 6.83974 6.83852 6.8376 6.83698 6.83667 
6.8318 6.8321 6.83273 6.83368 6.83495 6.83654 6.83845 6.84068 6.84322 6.84606 6.84922 6.85267 6.85642 6.86045 6.86476 6.86933 6.87417 6.87924 6.88455 6.89007 6.89579 6.90169 6.90775 6.91395 6.92026 6.92667 6.93314 6.93965 6.94617 6.95268 6.95915 6.96554 6.97183 6.97798 6.98398 6.98978 6.99536 7.00069 7.00574 7.01049 7.01491 7.01899 7.02269 7.02599 7.02889 7.03136 7.03339 7.03497 7.0361 7.03676 7.03695 7.03667 7.03593 7.03472 7.03306 7.03096 7.02842 7.02547 7.02211 7.01837 7.01427 7.00982 7.00507 7.00002 6.99471 6.98917 6.98341 6.97748 6.97141 6.96521 6.95893 6.95259 6.94622 6.93984 6.9335 6.9272 6.92099 6.91488 6.90889 6.90306 6.89739 6.89191 6.88664 6.88159 6.87677 6.87221 6.8679 6.86386 6.86011 6.85664 6.85347 6.8506 6.84804 6.84579 6.84385 6.84222 6.84092 6.83993 6.83927 6.83893 
6.83414 6.83446 6.83512 6.83612 6.83747 6.83916 6.84118 6.84354 6.84623 6.84925 6.8526 6.85626 6.86024 6.86451 6.86908 6.87394 6.87906 6.88445 6.89007 6.89593 6.90199 6.90824 6.91466 6.92122 6.9279 6.93468 6.94153 6.94842 6.95533 6.96221 6.96905 6.97581 6.98245 6.98896 6.99529 7.00142 7.00731 7.01294 7.01827 7.02329 7.02796 7.03225 7.03616 7.03964 7.0427 7.0453 7.04744 7.04911 7.05029 7.05098 7.05118 7.05088 7.0501 7.04882 7.04706 7.04484 7.04216 7.03903 7.03548 7.03153 7.02719 7.0225 7.01747 7.01213 7.00652 7.00065 6.99457 6.9883 6.98187 6.97531 6.96866 6.96195 6.9552 6.94845 6.94173 6.93506 6.92848 6.922 6.91565 6.90946 6.90345 6.89764 6.89204 6.88668 6.88156 6.87671 6.87213 6.86785 6.86385 6.86017 6.85679 6.85374 6.85101 6.84861 6.84654 6.84481 6.84341 6.84236 6.84165 6.84128 
6.83657 6.8369 6.8376 6.83866 6.84008 6.84187 6.84401 6.84651 6.84936 6.85256 6.85611 6.85999 6.8642 6.86873 6.87357 6.87871 6.88414 6.88984 6.89579 6.90199 6.9084 6.91501 6.9218 6.92875 6.93581 6.94298 6.95022 6.9575 6.96479 6.97206 6.97928 6.98642 6.99343 7.0003 7.00698 7.01344 7.01966 7.02559 7.03122 7.0365 7.04142 7.04595 7.05006 7.05373 7.05695 7.05969 7.06194 7.06369 7.06494 7.06566 7.06587 7.06555 7.06471 7.06337 7.06151 7.05916 7.05633 7.05303 7.04929 7.04511 7.04054 7.03558 7.03027 7.02464 7.01871 7.01252 7.0061 6.99947 6.99268 6.98575 6.97872 6.97163 6.96449 6.95736 6.95025 6.94319 6.93622 6.92937 6.92265 6.91609 6.90973 6.90357 6.89763 6.89195 6.88652 6.88138 6.87652 6.87197 6.86773 6.86382 6.86023 6.85699 6.85409 6.85153 6.84933 6.84749 6.846 6.84488 6.84412 6.84372 
6.83908 6.83943 6.84016 6.84128 6.84278 6.84467 6.84694 6.84958 6.8526 6.85598 6.85973 6.86383 6.86829 6.87308 6.8782 6.88363 6.88937 6.8954 6.90169 6.90824 6.91501 6.922 6.92917 6.9365 6.94396 6.95153 6.95916 6.96684 6.97454 6.9822 6.98981 6.99733 7.00473 7.01196 7.019 7.02581 7.03235 7.0386 7.04452 7.05008 7.05526 7.06002 7.06434 7.06821 7.07159 7.07447 7.07684 7.07868 7.07998 7.08074 7.08095 7.08061 7.07973 7.07831 7.07635 7.07388 7.07089 7.06742 7.06347 7.05907 7.05425 7.04903 7.04344 7.0375 7.03125 7.02472 7.01795 7.01096 7.0038 6.99649 6.98908 6.98159 6.97406 6.96652 6.95901 6.95156 6.9442 6.93695 6.92985 6.92292 6.91619 6.90967 6.9034 6.89738 6.89164 6.88619 6.88105 6.87623 6.87174 6.86759 6.86379 6.86035 6.85727 6.85456 6.85222 6.85026 6.84868 6.84749 6.84667 6.84625 
6.84167 6.84203 6.8428 6.84398 6.84557 6.84756 6.84995 6.85274 6.85592 6.8595 6.86346 6.86779 6.87249 6.87755 6.88296 6.8887 6.89475 6.90111 6.90775 6.91466 6.9218 6.92917 6.93673 6.94445 6.95232 6.96029 6.96834 6.97642 6.98452 6.9926 7.00061 7.00852 7.0163 7.02391 7.03131 7.03847 7.04535 7.05191 7.05814 7.06398 7.06942 7.07442 7.07896 7.08302 7.08657 7.08959 7.09207 7.094 7.09537 7.09616 7.09638 7.09602 7.09509 7.09359 7.09154 7.08893 7.08579 7.08214 7.07798 7.07336 7.06829 7.06279 7.05691 7.05066 7.04409 7.03722 7.03009 7.02273 7.01519 7.00749 6.99968 6.99179 6.98386 6.97592 6.968 6.96015 6.95238 6.94474 6.93725 6.92993 6.92283 6.91595 6.90932 6.90296 6.89689 6.89114 6.8857 6.8806 6.87585 6.87146 6.86744 6.8638 6.86054 6.85767 6.85519 6.85311 6.85144 6.85017 6.8493 6.84884 
6.84433 6.8447 6.84551 6.84675 6.84842 6.85052 6.85304 6.85598 6.85933 6.8631 6.86728 6.87184 6.8768 6.88213 6.88783 6.89387 6.90026 6.90695 6.91395 6.92122 6.92875 6.9365 6.94445 6.95258 6.96086 6.96924 6.9777 6.98621 6.99472 7.0032 7.01162 7.01993 7.0281 7.03609 7.04386 7.05137 7.0586 7.06549 7.07201 7.07815 7.08385 7.08909 7.09385 7.09811 7.10183 7.10499 7.1076 7.10962 7.11104 7.11187 7.1121 7.11172 7.11074 7.10917 7.107 7.10427 7.10097 7.09713 7.09277 7.08792 7.08259 7.07682 7.07064 7.06408 7.05717 7.04996 7.04246 7.03474 7.02681 7.01872 7.01051 7.00221 6.99386 6.98551 6.97718 6.96891 6.96074 6.95269 6.9448 6.9371 6.92961 6.92236 6.91537 6.90867 6.90227 6.89619 6.89046 6.88508 6.88006 6.87543 6.87118 6.86733 6.86389 6.86085 6.85823 6.85603 6.85426 6.85291 6.852 6.85151 
6.84704 6.84743 6.84828 6.84958 6.85133 6.85354 6.85619 6.85928 6.86282 6.86678 6.87117 6.87598 6.88119 6.8868 6.8928 6.89915 6.90586 6.91291 6.92026 6.9279 6.93581 6.94396 6.95232 6.96086 6.96954 6.97834 6.98723 6.99615 7.00508 7.01398 7.02281 7.03153 7.04009 7.04847 7.05661 7.06448 7.07205 7.07927 7.0861 7.09252 7.09849 7.10398 7.10897 7.11342 7.11731 7.12062 7.12334 7.12545 7.12695 7.12781 7.12804 7.12764 7.12661 7.12496 7.12269 7.11983 7.11637 7.11235 7.10778 7.10269 7.09711 7.09106 7.08458 7.0777 7.07046 7.06289 7.05504 7.04693 7.03861 7.03012 7.0215 7.0128 7.00404 6.99526 6.98651 6.97783 6.96924 6.96078 6.95249 6.94439 6.93651 6.92888 6.92153 6.91448 6.90774 6.90135 6.89531 6.88964 6.88436 6.87947 6.875 6.87094 6.8673 6.8641 6.86134 6.85902 6.85714 6.85572 6.85475 6.85423 
6.8498 6.8502 6.85109 6.85246 6.8543 6.85661 6.85939 6.86264 6.86636 6.87052 6.87513 6.88018 6.88566 6.89155 6.89784 6.90451 6.91156 6.91895 6.92667 6.93468 6.94298 6.95153 6.96029 6.96924 6.97834 6.98757 6.99687 7.00622 7.01558 7.0249 7.03414 7.04326 7.05223 7.06099 7.06951 7.07774 7.08565 7.0932 7.10035 7.10706 7.1133 7.11903 7.12424 7.12889 7.13295 7.13641 7.13925 7.14145 7.14301 7.14391 7.14415 7.14373 7.14265 7.14092 7.13855 7.13555 7.13193 7.12772 7.12294 7.11762 7.11178 7.10545 7.09867 7.09148 7.0839 7.07598 7.06775 7.05926 7.05055 7.04166 7.03264 7.02351 7.01433 7.00514 6.99597 6.98686 6.97785 6.96898 6.96028 6.95178 6.94351 6.9355 6.92778 6.92037 6.9133 6.90658 6.90023 6.89427 6.88872 6.88358 6.87887 6.8746 6.87078 6.86741 6.8645 6.86205 6.86008 6.85857 6.85755 6.857 
6.85259 6.85302 6.85394 6.85537 6.8573 6.85972 6.86264 6.86605 6.86994 6.87431 6.87914 6.88443 6.89017 6.89635 6.90294 6.90993 6.91731 6.92506 6.93314 6.94153 6.95022 6.95916 6.96834 6.9777 6.98723 6.99687 7.00661 7.01638 7.02616 7.0359 7.04556 7.05509 7.06445 7.0736 7.0825 7.09109 7.09935 7.10723 7.11468 7.12169 7.12819 7.13418 7.13961 7.14445 7.14869 7.1523 7.15526 7.15755 7.15917 7.16011 7.16036 7.15991 7.15879 7.15698 7.1545 7.15137 7.14759 7.1432 7.13821 7.13265 7.12655 7.11995 7.11286 7.10535 7.09743 7.08915 7.08056 7.07169 7.06259 7.0533 7.04386 7.03431 7.02471 7.01509 7.0055 6.99597 6.98654 6.97725 6.96814 6.95924 6.95058 6.94219 6.9341 6.92633 6.91891 6.91187 6.90521 6.89896 6.89313 6.88774 6.88279 6.87831 6.87429 6.87075 6.86769 6.86512 6.86305 6.86147 6.86038 6.8598 
6.85541 6.85585 6.85682 6.85831 6.86033 6.86287 6.86592 6.86948 6.87355 6.87812 6.88318 6.88872 6.89472 6.90118 6.90808 6.91539 6.92311 6.9312 6.93965 6.94842 6.9575 6.96684 6.97642 6.98621 6.99615 7.00622 7.01638 7.02658 7.03678 7.04694 7.05702 7.06696 7.07672 7.08626 7.09553 7.10449 7.11309 7.12129 7.12906 7.13635 7.14313 7.14936 7.15501 7.16006 7.16447 7.16822 7.1713 7.17368 7.17537 7.17634 7.17659 7.17613 7.17495 7.17307 7.17048 7.16722 7.16328 7.15871 7.15351 7.14771 7.14136 7.13447 7.12709 7.11926 7.111 7.10237 7.09341 7.08416 7.07466 7.06497 7.05512 7.04516 7.03514 7.02509 7.01507 7.00512 6.99527 6.98557 6.97604 6.96674 6.95768 6.94891 6.94045 6.93232 6.92456 6.91719 6.91022 6.90367 6.89757 6.89192 6.88674 6.88204 6.87783 6.87412 6.87092 6.86822 6.86604 6.86438 6.86325 6.86263 
6.85825 6.8587 6.85971 6.86127 6.86337 6.86602 6.86921 6.87293 6.87718 6.88195 6.88724 6.89302 6.89929 6.90603 6.91323 6.92086 6.92891 6.93736 6.94617 6.95533 6.96479 6.97454 6.98452 6.99472 7.00508 7.01558 7.02616 7.03678 7.04741 7.05799 7.06847 7.07882 7.08898 7.0989 7.10855 7.11786 7.12681 7.13534 7.14342 7.151 7.15804 7.16451 7.17039 7.17563 7.18021 7.18411 7.1873 7.18978 7.19153 7.19253 7.1928 7.19231 7.19109 7.18912 7.18644 7.18304 7.17895 7.17418 7.16878 7.16275 7.15614 7.14898 7.1413 7.13315 7.12456 7.11558 7.10625 7.09662 7.08673 7.07663 7.06638 7.056 7.04556 7.0351 7.02465 7.01427 7.00401 6.99389 6.98395 6.97424 6.9648 6.95564 6.94681 6.93833 6.93022 6.92252 6.91524 6.9084 6.90202 6.89612 6.89071 6.88579 6.88139 6.87751 6.87415 6.87133 6.86905 6.86731 6.86612 6.86548 
6.86108 6.86156 6.86261 6.86423 6.86642 6.86918 6.8725 6.87638 6.88081 6.88578 6.89129 6.89732 6.90385 6.91087 6.91837 6.92632 6.93471 6.94351 6.95268 6.96221 6.97206 6.9822 6.9926 7.0032 7.01398 7.0249 7.0359 7.04694 7.05799 7.06898 7.07987 7.09062 7.10117 7.11148 7.12149 7.13117 7.14045 7.14931 7.15769 7.16555 7.17286 7.17958 7.18567 7.1911 7.19585 7.19989 7.2032 7.20577 7.20758 7.20862 7.20889 7.20839 7.20711 7.20508 7.20229 7.19876 7.19451 7.18957 7.18395 7.1777 7.17083 7.1634 7.15543 7.14696 7.13804 7.12871 7.11902 7.10901 7.09874 7.08824 7.07758 7.0668 7.05594 7.04505 7.03419 7.02339 7.01271 7.00218 6.99184 6.98173 6.97189 6.96235 6.95315 6.94432 6.93587 6.92784 6.92025 6.91312 6.90647 6.90031 6.89467 6.88954 6.88495 6.88089 6.87739 6.87445 6.87206 6.87025 6.869 6.86832 
6.86391 6.8644 6.86549 6.86718 6.86945 6.87232 6.87578 6.87982 6.88442 6.8896 6.89532 6.90159 6.90838 6.91569 6.92349 6.93175 6.94047 6.94961 6.95915 6.96905 6.97928 6.98981 7.00061 7.01162 7.02281 7.03414 7.04556 7.05702 7.06847 7.07987 7.09117 7.10232 7.11325 7.12394 7.13431 7.14434 7.15396 7.16313 7.17181 7.17996 7.18752 7.19448 7.20078 7.20641 7.21133 7.21551 7.21894 7.22159 7.22346 7.22454 7.22482 7.22429 7.22297 7.22086 7.21796 7.21431 7.20991 7.20479 7.19897 7.19249 7.18538 7.17767 7.16941 7.16063 7.15138 7.14171 7.13166 7.12129 7.11063 7.09975 7.08868 7.07749 7.06622 7.05493 7.04365 7.03244 7.02134 7.0104 6.99966 6.98916 6.97893 6.96902 6.95945 6.95027 6.94148 6.93313 6.92523 6.91782 6.91089 6.90449 6.89861 6.89327 6.88848 6.88426 6.88061 6.87755 6.87506 6.87317 6.87187 6.87116 
6.86671 6.86722 6.86835 6.8701 6.87246 6.87544 6.87903 6.88322 6.888 6.89337 6.89932 6.90582 6.91287 6.92045 6.92855 6.93712 6.94617 6.95565 6.96554 6.97581 6.98642 6.99733 7.00852 7.01993 7.03153 7.04326 7.05509 7.06696 7.07882 7.09062 7.10232 7.11385 7.12517 7.13622 7.14695 7.15732 7.16727 7.17676 7.18573 7.19415 7.20197 7.20916 7.21567 7.22149 7.22657 7.23089 7.23443 7.23717 7.2391 7.24021 7.24049 7.23995 7.23858 7.23639 7.2334 7.22962 7.22507 7.21978 7.21376 7.20706 7.1997 7.19173 7.18318 7.1741 7.16454 7.15453 7.14413 7.13339 7.12236 7.11109 7.09963 7.08804 7.07637 7.06467 7.05298 7.04137 7.02986 7.01852 7.00739 6.99649 6.98589 6.97561 6.96568 6.95615 6.94703 6.93836 6.93016 6.92246 6.91527 6.90861 6.90251 6.89696 6.89199 6.8876 6.88381 6.88062 6.87803 6.87606 6.87471 6.87397 
6.86948 6.87 6.87117 6.87298 6.87543 6.87852 6.88224 6.88658 6.89153 6.8971 6.90326 6.90999 6.9173 6.92515 6.93353 6.94241 6.95178 6.96159 6.97183 6.98245 6.99343 7.00473 7.0163 7.0281 7.04009 7.05223 7.06445 7.07672 7.08898 7.10117 7.11325 7.12517 7.13686 7.14827 7.15935 7.17006 7.18033 7.19012 7.19938 7.20806 7.21613 7.22355 7.23027 7.23626 7.2415 7.24596 7.24961 7.25244 7.25443 7.25557 7.25586 7.25529 7.25388 7.25162 7.24854 7.24463 7.23994 7.23447 7.22826 7.22134 7.21375 7.20552 7.19669 7.18732 7.17744 7.1671 7.15636 7.14526 7.13387 7.12222 7.11038 7.0984 7.08634 7.07424 7.06215 7.05014 7.03824 7.0265 7.01498 7.00371 6.99273 6.98208 6.97181 6.96193 6.95249 6.94351 6.93502 6.92703 6.91958 6.91268 6.90635 6.9006 6.89544 6.89089 6.88696 6.88365 6.88097 6.87892 6.87751 6.87675 
6.8722 6.87274 6.87394 6.87581 6.87835 6.88154 6.88538 6.88987 6.895 6.90075 6.90712 6.91408 6.92163 6.92975 6.93841 6.94759 6.95727 6.96741 6.97798 6.98896 7.0003 7.01196 7.02391 7.03609 7.04847 7.06099 7.0736 7.08626 7.0989 7.11148 7.12394 7.13622 7.14827 7.16003 7.17146 7.18249 7.19307 7.20315 7.21269 7.22164 7.22995 7.23758 7.24451 7.25068 7.25607 7.26066 7.26441 7.26732 7.26937 7.27054 7.27084 7.27026 7.2688 7.26647 7.26329 7.25927 7.25443 7.2488 7.2424 7.23528 7.22745 7.21897 7.20988 7.20021 7.19003 7.17937 7.1683 7.15686 7.14511 7.13309 7.12088 7.10852 7.09607 7.08359 7.07111 7.05871 7.04643 7.03431 7.02241 7.01076 6.99942 6.98842 6.9778 6.9676 6.95784 6.94855 6.93977 6.93151 6.92381 6.91667 6.91012 6.90417 6.89883 6.89412 6.89005 6.88662 6.88384 6.88172 6.88027 6.87947 
6.87485 6.87541 6.87665 6.87858 6.88119 6.88449 6.88845 6.89308 6.89838 6.90431 6.91088 6.91807 6.92586 6.93423 6.94317 6.95264 6.96261 6.97307 6.98398 6.99529 7.00698 7.019 7.03131 7.04386 7.05661 7.06951 7.0825 7.09553 7.10855 7.12149 7.13431 7.14695 7.15935 7.17146 7.18321 7.19455 7.20543 7.21581 7.22561 7.23481 7.24336 7.2512 7.25832 7.26466 7.2702 7.27491 7.27877 7.28176 7.28386 7.28507 7.28537 7.28477 7.28327 7.28088 7.27761 7.27347 7.2685 7.2627 7.25613 7.2488 7.24075 7.23202 7.22267 7.21273 7.20225 7.19129 7.17989 7.16812 7.15602 7.14366 7.13108 7.11836 7.10553 7.09267 7.07982 7.06705 7.05439 7.0419 7.02963 7.01763 7.00594 6.99459 6.98364 6.97311 6.96304 6.95346 6.9444 6.93588 6.92792 6.92055 6.91379 6.90765 6.90214 6.89727 6.89306 6.88952 6.88665 6.88446 6.88295 6.88213 
6.87743 6.878 6.87928 6.88126 6.88395 6.88735 6.89143 6.8962 6.90165 6.90777 6.91453 6.92194 6.92996 6.93858 6.94778 6.95752 6.96779 6.97856 6.98978 7.00142 7.01344 7.02581 7.03847 7.05137 7.06448 7.07774 7.09109 7.10449 7.11786 7.13117 7.14434 7.15732 7.17006 7.18249 7.19455 7.2062 7.21737 7.22802 7.23808 7.24752 7.25629 7.26434 7.27164 7.27815 7.28383 7.28866 7.29262 7.29569 7.29784 7.29908 7.29939 7.29877 7.29723 7.29477 7.29141 7.28717 7.28206 7.27612 7.26936 7.26184 7.25358 7.24462 7.23502 7.22481 7.21405 7.20279 7.19108 7.17899 7.16656 7.15386 7.14093 7.12786 7.11468 7.10145 7.08824 7.0751 7.06208 7.04924 7.03662 7.02427 7.01224 7.00056 6.98929 6.97845 6.96808 6.95822 6.94888 6.94011 6.93191 6.92432 6.91735 6.91102 6.90534 6.90033 6.89599 6.89234 6.88938 6.88712 6.88556 6.88472 
6.87991 6.8805 6.88181 6.88385 6.88662 6.89011 6.89431 6.89921 6.90481 6.9111 6.91805 6.92566 6.93391 6.94276 6.95221 6.96223 6.97278 6.98383 6.99536 7.00731 7.01966 7.03235 7.04535 7.0586 7.07205 7.08565 7.09935 7.11309 7.12681 7.14045 7.15396 7.16727 7.18033 7.19307 7.20543 7.21737 7.22882 7.23973 7.25004 7.25971 7.26869 7.27694 7.28441 7.29107 7.29689 7.30184 7.3059 7.30903 7.31124 7.3125 7.31282 7.31219 7.31061 7.30809 7.30465 7.3003 7.29507 7.28897 7.28206 7.27434 7.26588 7.2567 7.24686 7.23639 7.22537 7.21382 7.20182 7.18942 7.17667 7.16365 7.15039 7.13697 7.12345 7.10988 7.09633 7.08284 7.06948 7.05629 7.04333 7.03065 7.01829 7.0063 6.99472 6.98358 6.97293 6.96279 6.9532 6.94418 6.93575 6.92795 6.92078 6.91427 6.90843 6.90327 6.89881 6.89505 6.89201 6.88968 6.88808 6.88721 
6.88229 6.88289 6.88424 6.88633 6.88917 6.89275 6.89706 6.90209 6.90784 6.91428 6.92142 6.92922 6.93768 6.94677 6.95646 6.96672 6.97754 6.98887 7.00069 7.01294 7.02559 7.0386 7.05191 7.06549 7.07927 7.0932 7.10723 7.12129 7.13534 7.14931 7.16313 7.17676 7.19012 7.20315 7.21581 7.22802 7.23973 7.25088 7.26143 7.27132 7.2805 7.28893 7.29657 7.30339 7.30934 7.31439 7.31854 7.32174 7.324 7.32529 7.32561 7.32496 7.32334 7.32077 7.31725 7.3128 7.30745 7.30122 7.29414 7.28626 7.2776 7.26821 7.25814 7.24743 7.23615 7.22434 7.21205 7.19936 7.18632 7.17298 7.15941 7.14567 7.13182 7.11793 7.10404 7.09023 7.07653 7.06302 7.04974 7.03674 7.02408 7.01178 6.99991 6.98849 6.97756 6.96717 6.95733 6.94807 6.93943 6.93142 6.92406 6.91738 6.91139 6.90609 6.90151 6.89766 6.89453 6.89214 6.8905 6.8896 
6.88456 6.88517 6.88655 6.88869 6.8916 6.89526 6.89967 6.90483 6.91071 6.91731 6.92462 6.93261 6.94126 6.95056 6.96048 6.97099 6.98206 6.99365 7.00574 7.01827 7.03122 7.04452 7.05814 7.07201 7.0861 7.10035 7.11468 7.12906 7.14342 7.15769 7.17181 7.18573 7.19938 7.21269 7.22561 7.23808 7.25004 7.26143 7.2722 7.28229 7.29166 7.30027 7.30807 7.31502 7.32109 7.32625 7.33048 7.33375 7.33605 7.33737 7.33769 7.33703 7.33538 7.33275 7.32916 7.32462 7.31915 7.31279 7.30557 7.29751 7.28867 7.27909 7.2688 7.25787 7.24634 7.23428 7.22173 7.20876 7.19544 7.18181 7.16794 7.1539 7.13975 7.12554 7.11134 7.09722 7.08322 7.0694 7.05581 7.04252 7.02956 7.01698 7.00483 6.99314 6.98196 6.97132 6.96124 6.95177 6.94292 6.93471 6.92718 6.92034 6.9142 6.90877 6.90408 6.90013 6.89693 6.89448 6.89279 6.89187 
6.8867 6.88732 6.88873 6.89092 6.89389 6.89763 6.90214 6.90741 6.91342 6.92017 6.92763 6.93579 6.94464 6.95414 6.96427 6.975 6.98631 6.99815 7.01049 7.02329 7.0365 7.05008 7.06398 7.07815 7.09252 7.10706 7.12169 7.13635 7.151 7.16555 7.17996 7.19415 7.20806 7.22164 7.23481 7.24752 7.25971 7.27132 7.28229 7.29258 7.30213 7.3109 7.31884 7.32593 7.33211 7.33737 7.34167 7.34501 7.34735 7.34869 7.34902 7.34834 7.34666 7.34398 7.34032 7.33569 7.33012 7.32364 7.31628 7.30807 7.29906 7.28928 7.2788 7.26766 7.2559 7.2436 7.23081 7.21759 7.20399 7.19009 7.17595 7.16162 7.14718 7.13269 7.1182 7.10378 7.08949 7.07538 7.06152 7.04794 7.03471 7.02186 7.00945 6.99752 6.98609 6.97522 6.96492 6.95524 6.9462 6.93781 6.93012 6.92312 6.91684 6.9113 6.9065 6.90246 6.89918 6.89668 6.89495 6.89401 
6.88869 6.88933 6.89076 6.893 6.89603 6.89984 6.90444 6.90981 6.91595 6.92283 6.93044 6.93876 6.94778 6.95747 6.9678 6.97874 6.99027 7.00234 7.01491 7.02796 7.04142 7.05526 7.06942 7.08385 7.09849 7.1133 7.12819 7.14313 7.15804 7.17286 7.18752 7.20197 7.21613 7.22995 7.24336 7.25629 7.26869 7.2805 7.29166 7.30213 7.31185 7.32077 7.32885 7.33605 7.34234 7.34769 7.35206 7.35545 7.35783 7.35919 7.35953 7.35884 7.35713 7.3544 7.35067 7.34597 7.3403 7.33371 7.32622 7.31787 7.3087 7.29875 7.28808 7.27674 7.26478 7.25226 7.23924 7.22578 7.21194 7.19779 7.18339 7.1688 7.15409 7.13933 7.12457 7.10989 7.09533 7.08095 7.06682 7.05299 7.0395 7.02641 7.01376 7.00159 6.98994 6.97885 6.96836 6.95848 6.94926 6.94071 6.93285 6.92572 6.91931 6.91366 6.90876 6.90464 6.90129 6.89874 6.89698 6.89601 
6.89054 6.89118 6.89264 6.89492 6.898 6.90189 6.90657 6.91204 6.91828 6.92528 6.93303 6.9415 6.95068 6.96054 6.97105 6.98219 6.99391 7.00619 7.01899 7.03225 7.04595 7.06002 7.07442 7.08909 7.10398 7.11903 7.13418 7.14936 7.16451 7.17958 7.19448 7.20916 7.22355 7.23758 7.2512 7.26434 7.27694 7.28893 7.30027 7.3109 7.32077 7.32982 7.33803 7.34534 7.35173 7.35716 7.3616 7.36504 7.36745 7.36883 7.36918 7.36847 7.36674 7.36397 7.36018 7.3554 7.34965 7.34295 7.33534 7.32686 7.31755 7.30745 7.29661 7.28509 7.27294 7.26022 7.24699 7.23331 7.21924 7.20486 7.19022 7.1754 7.16045 7.14544 7.13043 7.1155 7.10069 7.08608 7.0717 7.05763 7.04391 7.03059 7.01772 7.00534 6.99348 6.9822 6.97152 6.96147 6.95208 6.94337 6.93538 6.92811 6.92159 6.91583 6.91084 6.90665 6.90324 6.90064 6.89884 6.89786 
6.89222 6.89287 6.89436 6.89667 6.8998 6.90375 6.90851 6.91406 6.9204 6.92752 6.93539 6.944 6.95332 6.96333 6.97401 6.98532 6.99722 7.00969 7.02269 7.03616 7.05006 7.06434 7.07896 7.09385 7.10897 7.12424 7.13961 7.15501 7.17039 7.18567 7.20078 7.21567 7.23027 7.24451 7.25832 7.27164 7.28441 7.29657 7.30807 7.31884 7.32885 7.33803 7.34635 7.35376 7.36023 7.36573 7.37024 7.37372 7.37617 7.37757 7.37791 7.3772 7.37544 7.37263 7.36879 7.36395 7.35811 7.35132 7.34361 7.33501 7.32556 7.31532 7.30433 7.29265 7.28033 7.26743 7.25401 7.24013 7.22586 7.21127 7.19642 7.18138 7.16621 7.15098 7.13575 7.12059 7.10556 7.09073 7.07613 7.06185 7.04792 7.03439 7.02132 7.00874 6.99671 6.98524 6.97439 6.96418 6.95464 6.9458 6.93767 6.93029 6.92366 6.91781 6.91274 6.90848 6.90502 6.90237 6.90055 6.89955 
6.89373 6.89439 6.8959 6.89824 6.90142 6.90542 6.91024 6.91588 6.92231 6.92952 6.9375 6.94623 6.95568 6.96583 6.97665 6.98812 7.00019 7.01283 7.02599 7.03964 7.05373 7.06821 7.08302 7.09811 7.11342 7.12889 7.14445 7.16006 7.17563 7.1911 7.20641 7.22149 7.23626 7.25068 7.26466 7.27815 7.29107 7.30339 7.31502 7.32593 7.33605 7.34534 7.35376 7.36126 7.36781 7.37338 7.37793 7.38146 7.38394 7.38535 7.3857 7.38498 7.38319 7.38035 7.37647 7.37156 7.36566 7.35879 7.35098 7.34227 7.33271 7.32234 7.31122 7.29939 7.28692 7.27385 7.26027 7.24622 7.23177 7.21699 7.20195 7.18671 7.17135 7.15592 7.14049 7.12514 7.10991 7.09488 7.08009 7.06561 7.05149 7.03779 7.02454 7.01179 6.99959 6.98797 6.97696 6.96661 6.95694 6.94797 6.93973 6.93224 6.92552 6.91959 6.91445 6.91012 6.90661 6.90392 6.90207 6.90106 
6.89506 6.89573 6.89725 6.89962 6.90284 6.90689 6.91177 6.91747 6.92398 6.93128 6.93936 6.94819 6.95775 6.96802 6.97897 6.99057 7.00278 7.01557 7.02889 7.0427 7.05695 7.07159 7.08657 7.10183 7.11731 7.13295 7.14869 7.16447 7.18021 7.19585 7.21133 7.22657 7.2415 7.25607 7.2702 7.28383 7.29689 7.30934 7.32109 7.33211 7.34234 7.35173 7.36023 7.36781 7.37443 7.38005 7.38465 7.38822 7.39072 7.39215 7.3925 7.39177 7.38996 7.38709 7.38317 7.37821 7.37225 7.3653 7.35741 7.34861 7.33895 7.32848 7.31723 7.30528 7.29267 7.27947 7.26573 7.25153 7.23693 7.22199 7.20678 7.19138 7.17584 7.16024 7.14464 7.12911 7.11371 7.09851 7.08355 7.06891 7.05463 7.04076 7.02735 7.01446 7.00211 6.99035 6.97922 6.96874 6.95895 6.94988 6.94154 6.93396 6.92716 6.92115 6.91595 6.91156 6.90801 6.90529 6.90342 6.90239 
6.8962 6.89688 6.89841 6.90081 6.90406 6.90815 6.91308 6.91884 6.92541 6.93279 6.94094 6.94986 6.95952 6.9699 6.98096 6.99267 7.005 7.01791 7.03136 7.0453 7.05969 7.07447 7.08959 7.10499 7.12062 7.13641 7.1523 7.16822 7.18411 7.19989 7.21551 7.23089 7.24596 7.26066 7.27491 7.28866 7.30184 7.31439 7.32625 7.33737 7.34769 7.35716 7.36573 7.37338 7.38005 7.38572 7.39037 7.39396 7.39648 7.39792 7.39827 7.39754 7.39572 7.39282 7.38886 7.38386 7.37784 7.37084 7.36288 7.354 7.34426 7.33369 7.32235 7.31029 7.29756 7.28424 7.27038 7.25605 7.24131 7.22624 7.21089 7.19535 7.17967 7.16392 7.14817 7.1325 7.11695 7.1016 7.0865 7.07172 7.0573 7.04329 7.02976 7.01673 7.00426 6.99239 6.98114 6.97056 6.96068 6.95151 6.94309 6.93543 6.92856 6.92249 6.91723 6.9128 6.90921 6.90647 6.90457 6.90353 
6.89714 6.89783 6.89938 6.90179 6.90507 6.90919 6.91416 6.91997 6.9266 6.93403 6.94225 6.95125 6.96099 6.97144 6.98259 6.9944 7.00683 7.01984 7.03339 7.04744 7.06194 7.07684 7.09207 7.1076 7.12334 7.13925 7.15526 7.1713 7.1873 7.2032 7.21894 7.23443 7.24961 7.26441 7.27877 7.29262 7.3059 7.31854 7.33048 7.34167 7.35206 7.3616 7.37024 7.37793 7.38465 7.39037 7.39504 7.39866 7.4012 7.40265 7.403 7.40226 7.40043 7.39751 7.39352 7.38849 7.38243 7.37537 7.36735 7.35842 7.3486 7.33796 7.32653 7.31438 7.30157 7.28815 7.27419 7.25976 7.24491 7.22972 7.21426 7.1986 7.1828 7.16693 7.15107 7.13527 7.11961 7.10414 7.08893 7.07402 7.05949 7.04538 7.03173 7.01861 7.00604 6.99407 6.98273 6.97206 6.9621 6.95285 6.94436 6.93664 6.92971 6.92359 6.91829 6.91383 6.91021 6.90744 6.90553 6.90448 
6.89789 6.89858 6.90014 6.90257 6.90586 6.91001 6.91502 6.92086 6.92753 6.93501 6.94328 6.95233 6.96213 6.97265 6.98387 6.99574 7.00825 7.02134 7.03497 7.04911 7.06369 7.07868 7.094 7.10962 7.12545 7.14145 7.15755 7.17368 7.18978 7.20577 7.22159 7.23717 7.25244 7.26732 7.28176 7.29569 7.30903 7.32174 7.33375 7.34501 7.35545 7.36504 7.37372 7.38146 7.38822 7.39396 7.39866 7.40229 7.40484 7.4063 7.40666 7.40591 7.40407 7.40114 7.39713 7.39206 7.38597 7.37888 7.37082 7.36183 7.35196 7.34126 7.32977 7.31755 7.30467 7.29118 7.27714 7.26262 7.24769 7.23242 7.21687 7.20112 7.18523 7.16927 7.15332 7.13743 7.12167 7.10611 7.09081 7.07582 7.0612 7.047 7.03327 7.02006 7.00742 6.99537 6.98397 6.97324 6.96321 6.95391 6.94536 6.93759 6.93062 6.92446 6.91913 6.91463 6.91099 6.9082 6.90628 6.90523 
6.89843 6.89912 6.90069 6.90313 6.90644 6.91061 6.91563 6.9215 6.9282 6.93571 6.94402 6.95311 6.96295 6.97351 6.98478 6.9967 7.00926 7.02241 7.0361 7.05029 7.06494 7.07998 7.09537 7.11104 7.12695 7.14301 7.15917 7.17537 7.19153 7.20758 7.22346 7.2391 7.25443 7.26937 7.28386 7.29784 7.31124 7.324 7.33605 7.34735 7.35783 7.36745 7.37617 7.38394 7.39072 7.39648 7.4012 7.40484 7.40741 7.40887 7.40923 7.40848 7.40663 7.40368 7.39966 7.39458 7.38846 7.38134 7.37325 7.36423 7.35432 7.34358 7.33204 7.31978 7.30685 7.2933 7.27921 7.26464 7.24965 7.23432 7.21871 7.20289 7.18694 7.17092 7.1549 7.13895 7.12313 7.1075 7.09214 7.07708 7.0624 7.04815 7.03436 7.0211 7.0084 6.99631 6.98485 6.97407 6.964 6.95466 6.94608 6.93828 6.93127 6.92509 6.91973 6.91522 6.91156 6.90876 6.90683 6.90577 
6.89876 6.89945 6.90102 6.90347 6.90679 6.91097 6.91601 6.92189 6.9286 6.93613 6.94446 6.95357 6.96343 6.97403 6.98532 6.99727 7.00986 7.02303 7.03676 7.05098 7.06566 7.08074 7.09616 7.11187 7.12781 7.14391 7.16011 7.17634 7.19253 7.20862 7.22454 7.24021 7.25557 7.27054 7.28507 7.29908 7.3125 7.32529 7.33737 7.34869 7.35919 7.36883 7.37757 7.38535 7.39215 7.39792 7.40265 7.4063 7.40887 7.41034 7.41069 7.40994 7.40809 7.40514 7.40111 7.39601 7.38988 7.38274 7.37464 7.3656 7.35567 7.3449 7.33335 7.32106 7.3081 7.29452 7.2804 7.26579 7.25077 7.23541 7.21976 7.20391 7.18793 7.17187 7.15581 7.13983 7.12397 7.10831 7.09291 7.07782 7.06311 7.04882 7.035 7.02171 7.00898 6.99686 6.98538 6.97457 6.96447 6.95511 6.94651 6.93869 6.93167 6.92547 6.9201 6.91557 6.91191 6.9091 6.90716 6.9061 
