4.96908 4.96927 4.96952 4.96983 4.97022 4.97067 4.97119 4.97178 4.97244 4.97317 4.97398 4.97486 4.97582 4.97685 4.97797 4.97917 4.98045 4.98182 4.98326 4.98479 4.98639 4.98807 4.98983 4.99166 4.99355 4.9955 4.9975 4.99955 5.00163 5.00374 5.00587 5.00801 5.01014 5.01225 5.01433 5.01638 5.01837 5.02029 5.02213 5.02388 5.02552 5.02705 5.02846 5.02972 5.03085 5.03181 5.03262 5.03326 5.03372 5.03401 5.03413 5.03406 5.03382 5.0334 5.03282 5.03206 5.03115 5.03008 5.02887 5.02752 5.02604 5.02446 5.02277 5.02099 5.01913 5.01721 5.01523 5.01322 5.01118 5.00913 5.00708 5.00504 5.00302 5.00103 4.99908 4.99718 4.99534 4.99357 4.99187 4.99025 4.98871 4.98725 4.98588 4.98461 4.98342 4.98233 4.98133 4.98042 4.9796 4.97887 4.97823 4.97767 4.9772 4.97681 4.97649 4.97626 4.97609 4.976 4.97598 4.97603 
4.96927 4.96945 4.9697 4.97002 4.9704 4.97086 4.97138 4.97197 4.97264 4.97337 4.97418 4.97507 4.97604 4.97708 4.97821 4.97942 4.98071 4.98208 4.98354 4.98508 4.98669 4.98839 4.99016 4.992 4.99391 4.99588 4.9979 4.99996 5.00207 5.0042 5.00634 5.0085 5.01065 5.01278 5.01488 5.01694 5.01895 5.02089 5.02275 5.02452 5.02618 5.02772 5.02914 5.03042 5.03155 5.03252 5.03333 5.03398 5.03445 5.03474 5.03486 5.03479 5.03455 5.03413 5.03353 5.03277 5.03185 5.03077 5.02954 5.02818 5.0267 5.02509 5.02339 5.02159 5.01972 5.01778 5.01578 5.01375 5.01169 5.00962 5.00755 5.00549 5.00345 5.00144 4.99948 4.99756 4.99571 4.99392 4.9922 4.99057 4.98901 4.98754 4.98616 4.98487 4.98368 4.98258 4.98157 4.98065 4.97983 4.97909 4.97844 4.97788 4.9774 4.97701 4.97669 4.97645 4.97628 4.97619 4.97617 4.97621 
4.96952 4.9697 4.96995 4.97028 4.97067 4.97113 4.97166 4.97226 4.97294 4.97369 4.97452 4.97543 4.97641 4.97748 4.97863 4.97987 4.98119 4.98259 4.98408 4.98566 4.98731 4.98905 4.99086 4.99275 4.9947 4.99672 4.99878 5.0009 5.00305 5.00523 5.00743 5.00964 5.01184 5.01402 5.01617 5.01828 5.02034 5.02232 5.02422 5.02603 5.02773 5.02931 5.03076 5.03206 5.03322 5.03422 5.03505 5.0357 5.03618 5.03648 5.0366 5.03653 5.03628 5.03585 5.03524 5.03446 5.03351 5.03241 5.03115 5.02976 5.02824 5.0266 5.02485 5.02301 5.02109 5.0191 5.01706 5.01498 5.01288 5.01075 5.00863 5.00652 5.00443 5.00237 5.00036 4.9984 4.9965 4.99466 4.99291 4.99123 4.98963 4.98813 4.98671 4.98539 4.98416 4.98303 4.982 4.98105 4.9802 4.97945 4.97878 4.9782 4.97771 4.9773 4.97697 4.97672 4.97655 4.97645 4.97642 4.97647 
4.96983 4.97002 4.97028 4.97061 4.97101 4.97148 4.97203 4.97265 4.97335 4.97412 4.97498 4.97592 4.97694 4.97805 4.97924 4.98052 4.98189 4.98335 4.9849 4.98653 4.98825 4.99006 4.99194 4.9939 4.99593 4.99802 5.00016 5.00236 5.00459 5.00686 5.00914 5.01142 5.01371 5.01597 5.0182 5.02039 5.02252 5.02458 5.02655 5.02842 5.03018 5.03181 5.03331 5.03467 5.03586 5.03689 5.03775 5.03843 5.03893 5.03923 5.03935 5.03928 5.03902 5.03857 5.03794 5.03713 5.03615 5.035 5.0337 5.03225 5.03067 5.02897 5.02716 5.02525 5.02326 5.02119 5.01908 5.01692 5.01473 5.01253 5.01032 5.00813 5.00596 5.00382 5.00173 4.99969 4.99772 4.99581 4.99398 4.99223 4.99057 4.989 4.98753 4.98615 4.98488 4.98369 4.98261 4.98163 4.98074 4.97995 4.97925 4.97864 4.97812 4.97769 4.97734 4.97708 4.97689 4.97678 4.97675 4.97679 
4.97022 4.9704 4.97067 4.97101 4.97142 4.97191 4.97248 4.97313 4.97386 4.97467 4.97557 4.97656 4.97763 4.97879 4.98004 4.98139 4.98283 4.98436 4.98599 4.98771 4.98952 4.99141 4.99339 4.99545 4.99758 4.99978 5.00204 5.00434 5.00669 5.00907 5.01146 5.01387 5.01626 5.01864 5.02098 5.02327 5.02551 5.02766 5.02973 5.03169 5.03353 5.03524 5.03681 5.03823 5.03948 5.04056 5.04146 5.04217 5.04268 5.043 5.04312 5.04305 5.04277 5.0423 5.04163 5.04078 5.03975 5.03855 5.03718 5.03566 5.034 5.03221 5.03031 5.02831 5.02622 5.02405 5.02183 5.01956 5.01726 5.01495 5.01263 5.01032 5.00804 5.00579 5.00359 5.00144 4.99936 4.99735 4.99543 4.99358 4.99183 4.99018 4.98862 4.98717 4.98582 4.98457 4.98342 4.98238 4.98144 4.98059 4.97985 4.9792 4.97865 4.97818 4.97781 4.97752 4.97731 4.97719 4.97714 4.97717 
4.97067 4.97086 4.97113 4.97148 4.97191 4.97243 4.97303 4.97371 4.97448 4.97534 4.97629 4.97733 4.97847 4.97971 4.98104 4.98247 4.984 4.98563 4.98736 4.98919 4.99111 4.99312 4.99523 4.99742 4.99968 5.00202 5.00441 5.00686 5.00935 5.01188 5.01442 5.01696 5.0195 5.02202 5.0245 5.02693 5.0293 5.03158 5.03377 5.03584 5.03779 5.0396 5.04126 5.04276 5.04408 5.04522 5.04616 5.04691 5.04745 5.04779 5.04791 5.04783 5.04753 5.04703 5.04632 5.04542 5.04432 5.04305 5.0416 5.03999 5.03823 5.03634 5.03432 5.03219 5.02997 5.02768 5.02532 5.02291 5.02047 5.01801 5.01555 5.0131 5.01067 5.00829 5.00594 5.00366 5.00144 4.9993 4.99725 4.99529 4.99342 4.99165 4.98999 4.98843 4.98699 4.98565 4.98442 4.9833 4.98229 4.98138 4.98058 4.97988 4.97928 4.97877 4.97836 4.97804 4.97781 4.97766 4.97761 4.97763 
4.97119 4.97138 4.97166 4.97203 4.97248 4.97303 4.97366 4.97439 4.97521 4.97613 4.97714 4.97826 4.97948 4.9808 4.98223 4.98376 4.9854 4.98715 4.98901 4.99097 4.99303 4.99519 4.99745 4.99979 5.00222 5.00472 5.00729 5.00991 5.01258 5.01528 5.018 5.02072 5.02344 5.02613 5.02878 5.03138 5.0339 5.03634 5.03867 5.04088 5.04296 5.04489 5.04666 5.04825 5.04966 5.05087 5.05187 5.05267 5.05324 5.0536 5.05373 5.05363 5.05331 5.05277 5.05201 5.05105 5.04987 5.04851 5.04696 5.04524 5.04336 5.04133 5.03918 5.0369 5.03453 5.03207 5.02955 5.02697 5.02436 5.02173 5.01909 5.01647 5.01387 5.0113 5.00879 5.00634 5.00396 5.00166 4.99945 4.99734 4.99533 4.99343 4.99163 4.98996 4.98839 4.98695 4.98562 4.9844 4.9833 4.98232 4.98144 4.98067 4.98001 4.97946 4.979 4.97865 4.97838 4.97822 4.97814 4.97816 
4.97178 4.97197 4.97226 4.97265 4.97313 4.97371 4.97439 4.97517 4.97605 4.97704 4.97813 4.97933 4.98064 4.98207 4.98361 4.98527 4.98704 4.98893 4.99094 4.99305 4.99528 4.99762 5.00005 5.00258 5.0052 5.0079 5.01067 5.0135 5.01638 5.01928 5.02221 5.02515 5.02807 5.03096 5.03381 5.0366 5.03931 5.04193 5.04443 5.04681 5.04904 5.05111 5.053 5.05471 5.05621 5.05751 5.05858 5.05943 5.06005 5.06042 5.06056 5.06045 5.0601 5.05952 5.0587 5.05766 5.0564 5.05493 5.05327 5.05141 5.04939 5.04721 5.04489 5.04245 5.03989 5.03725 5.03453 5.03175 5.02894 5.0261 5.02326 5.02043 5.01762 5.01485 5.01214 5.00949 5.00692 5.00443 5.00204 4.99975 4.99757 4.99551 4.99356 4.99174 4.99003 4.98846 4.98701 4.98568 4.98448 4.9834 4.98244 4.98159 4.98087 4.98025 4.97974 4.97934 4.97904 4.97885 4.97875 4.97875 
4.97244 4.97264 4.97294 4.97335 4.97386 4.97448 4.97521 4.97605 4.977 4.97807 4.97925 4.98055 4.98198 4.98353 4.9852 4.987 4.98892 4.99098 4.99315 4.99545 4.99787 5.00041 5.00305 5.0058 5.00864 5.01157 5.01457 5.01763 5.02075 5.0239 5.02706 5.03024 5.0334 5.03653 5.0396 5.04262 5.04554 5.04837 5.05107 5.05363 5.05603 5.05826 5.0603 5.06213 5.06375 5.06514 5.0663 5.06721 5.06787 5.06827 5.06841 5.06829 5.06791 5.06728 5.06639 5.06527 5.0639 5.06232 5.06051 5.05851 5.05633 5.05397 5.05146 5.04882 5.04606 5.0432 5.04025 5.03725 5.0342 5.03113 5.02805 5.02498 5.02194 5.01894 5.01599 5.01311 5.01032 5.00761 5.00501 5.00252 5.00015 4.99789 4.99577 4.99378 4.99192 4.99019 4.9886 4.98714 4.98582 4.98463 4.98357 4.98264 4.98183 4.98114 4.98057 4.98012 4.97978 4.97955 4.97943 4.97942 
4.97317 4.97337 4.97369 4.97412 4.97467 4.97534 4.97613 4.97704 4.97807 4.97923 4.98051 4.98193 4.98348 4.98517 4.98699 4.98895 4.99105 4.99329 4.99566 4.99817 5.00081 5.00357 5.00645 5.00944 5.01253 5.01572 5.01898 5.02231 5.0257 5.02912 5.03256 5.036 5.03943 5.04282 5.04616 5.04942 5.05259 5.05564 5.05857 5.06133 5.06393 5.06634 5.06854 5.07052 5.07227 5.07377 5.07502 5.076 5.0767 5.07713 5.07728 5.07714 5.07673 5.07604 5.07508 5.07386 5.07238 5.07066 5.0687 5.06654 5.06417 5.06161 5.05889 5.05602 5.05303 5.04992 5.04673 5.04347 5.04016 5.03682 5.03348 5.03014 5.02683 5.02356 5.02035 5.01722 5.01417 5.01122 5.00838 5.00565 5.00306 5.00059 4.99826 4.99608 4.99404 4.99214 4.99039 4.98879 4.98733 4.98602 4.98484 4.98381 4.98291 4.98214 4.9815 4.98099 4.9806 4.98033 4.98019 4.98016 
4.97398 4.97418 4.97452 4.97498 4.97557 4.97629 4.97714 4.97813 4.97925 4.98051 4.98192 4.98346 4.98516 4.987 4.98899 4.99113 4.99343 4.99587 4.99847 5.0012 5.00408 5.0071 5.01024 5.01351 5.01688 5.02035 5.02391 5.02754 5.03123 5.03495 5.03869 5.04243 5.04616 5.04984 5.05347 5.05701 5.06045 5.06376 5.06693 5.06993 5.07274 5.07535 5.07773 5.07988 5.08176 5.08339 5.08473 5.08578 5.08654 5.087 5.08716 5.08701 5.08656 5.08581 5.08476 5.08343 5.08182 5.07995 5.07783 5.07548 5.0729 5.07013 5.06718 5.06406 5.0608 5.05743 5.05396 5.05041 5.04681 5.04318 5.03953 5.03589 5.03228 5.02872 5.02522 5.02179 5.01846 5.01524 5.01213 5.00915 5.0063 5.0036 5.00105 4.99865 4.99641 4.99432 4.99239 4.99062 4.98901 4.98756 4.98625 4.9851 4.9841 4.98324 4.98253 4.98195 4.98151 4.9812 4.98102 4.98097 
4.97486 4.97507 4.97543 4.97592 4.97656 4.97733 4.97826 4.97933 4.98055 4.98193 4.98346 4.98515 4.987 4.98902 4.9912 4.99354 4.99605 4.99873 5.00157 5.00456 5.00771 5.01101 5.01444 5.01801 5.02169 5.02548 5.02936 5.03332 5.03734 5.04139 5.04547 5.04954 5.05359 5.0576 5.06154 5.06539 5.06912 5.07272 5.07615 5.07941 5.08245 5.08528 5.08786 5.09018 5.09223 5.09398 5.09543 5.09657 5.09739 5.09788 5.09804 5.09788 5.09738 5.09656 5.09543 5.09398 5.09223 5.0902 5.08789 5.08533 5.08254 5.07952 5.07631 5.07292 5.06938 5.06571 5.06193 5.05807 5.05415 5.05019 5.04622 5.04225 5.03831 5.03442 5.0306 5.02685 5.02321 5.01968 5.01628 5.01302 5.0099 5.00693 5.00413 5.00149 4.99902 4.99672 4.9946 4.99264 4.99086 4.98925 4.98781 4.98653 4.98541 4.98445 4.98365 4.983 4.9825 4.98214 4.98193 4.98186 
4.97582 4.97604 4.97641 4.97694 4.97763 4.97847 4.97948 4.98064 4.98198 4.98348 4.98516 4.987 4.98903 4.99124 4.99362 4.99619 4.99894 5.00186 5.00497 5.00825 5.01169 5.01529 5.01905 5.02294 5.02696 5.0311 5.03534 5.03965 5.04403 5.04845 5.05288 5.05732 5.06173 5.06608 5.07036 5.07455 5.0786 5.0825 5.08623 5.08976 5.09306 5.09612 5.09892 5.10143 5.10364 5.10554 5.10711 5.10834 5.10922 5.10975 5.10992 5.10973 5.10919 5.1083 5.10706 5.10549 5.10359 5.10138 5.09888 5.0961 5.09306 5.08978 5.08629 5.0826 5.07875 5.07476 5.07065 5.06644 5.06217 5.05786 5.05353 5.0492 5.04491 5.04066 5.03648 5.0324 5.02841 5.02455 5.02083 5.01725 5.01383 5.01058 5.0075 5.0046 5.00188 4.99935 4.99701 4.99486 4.99289 4.99111 4.98951 4.98809 4.98685 4.98578 4.98488 4.98415 4.98358 4.98317 4.98293 4.98283 
4.97685 4.97708 4.97748 4.97805 4.97879 4.97971 4.9808 4.98207 4.98353 4.98517 4.987 4.98902 4.99124 4.99365 4.99626 4.99907 5.00207 5.00528 5.00867 5.01225 5.01602 5.01996 5.02406 5.02831 5.0327 5.03721 5.04183 5.04653 5.0513 5.05611 5.06094 5.06576 5.07055 5.07529 5.07994 5.08447 5.08887 5.09311 5.09715 5.10097 5.10455 5.10786 5.11089 5.11361 5.116 5.11805 5.11974 5.12107 5.12202 5.12259 5.12277 5.12256 5.12197 5.121 5.11965 5.11794 5.11588 5.11348 5.11077 5.10775 5.10445 5.10089 5.0971 5.09309 5.08891 5.08457 5.0801 5.07552 5.07088 5.06618 5.06146 5.05675 5.05207 5.04744 5.04288 5.03841 5.03406 5.02984 5.02577 5.02185 5.01811 5.01454 5.01116 5.00798 5.005 5.00221 4.99964 4.99726 4.99509 4.99312 4.99135 4.98978 4.9884 4.98721 4.98621 4.98539 4.98475 4.98429 4.984 4.98388 
4.97797 4.97821 4.97863 4.97924 4.98004 4.98104 4.98223 4.98361 4.9852 4.98699 4.98899 4.9912 4.99362 4.99626 4.99911 5.00218 5.00547 5.00897 5.01268 5.01659 5.0207 5.025 5.02947 5.03411 5.03889 5.04381 5.04883 5.05395 5.05914 5.06437 5.06962 5.07486 5.08006 5.0852 5.09024 5.09516 5.09993 5.10452 5.10889 5.11303 5.1169 5.12049 5.12376 5.1267 5.12928 5.13149 5.13332 5.13475 5.13577 5.13638 5.13657 5.13634 5.1357 5.13464 5.13318 5.13133 5.12909 5.12649 5.12354 5.12027 5.11669 5.11283 5.10872 5.10438 5.09984 5.09512 5.09027 5.0853 5.08025 5.07515 5.07002 5.06489 5.05979 5.05474 5.04978 5.04491 5.04016 5.03555 5.0311 5.02682 5.02273 5.01882 5.01512 5.01163 5.00836 5.00531 5.00247 4.99986 4.99747 4.9953 4.99334 4.99161 4.99008 4.98876 4.98764 4.98673 4.98601 4.98549 4.98516 4.98501 
4.97917 4.97942 4.97987 4.98052 4.98139 4.98247 4.98376 4.98527 4.987 4.98895 4.99113 4.99354 4.99619 4.99907 5.00218 5.00554 5.00912 5.01294 5.01699 5.02125 5.02573 5.03041 5.03529 5.04033 5.04554 5.05088 5.05635 5.06191 5.06754 5.07322 5.07891 5.0846 5.09024 5.0958 5.10126 5.10659 5.11175 5.11671 5.12144 5.12591 5.1301 5.13397 5.1375 5.14067 5.14345 5.14584 5.14781 5.14935 5.15044 5.1511 5.1513 5.15105 5.15034 5.1492 5.14762 5.14561 5.14319 5.14038 5.13719 5.13364 5.12977 5.12559 5.12114 5.11644 5.11152 5.10641 5.10115 5.09576 5.09028 5.08474 5.07917 5.0736 5.06806 5.06257 5.05717 5.05187 5.0467 5.04168 5.03683 5.03216 5.02768 5.02342 5.01938 5.01556 5.01197 5.00863 5.00552 5.00265 5.00002 4.99764 4.99548 4.99357 4.99188 4.99042 4.98918 4.98816 4.98736 4.98677 4.9864 4.98623 
4.98045 4.98071 4.98119 4.98189 4.98283 4.984 4.9854 4.98704 4.98892 4.99105 4.99343 4.99605 4.99894 5.00207 5.00547 5.00912 5.01303 5.01719 5.02159 5.02623 5.03111 5.0362 5.04149 5.04698 5.05263 5.05843 5.06436 5.07039 5.0765 5.08265 5.08881 5.09496 5.10106 5.10708 5.11299 5.11874 5.12431 5.12966 5.13477 5.13959 5.1441 5.14827 5.15208 5.15549 5.15849 5.16105 5.16317 5.16482 5.166 5.1667 5.16691 5.16664 5.16588 5.16464 5.16293 5.16076 5.15815 5.15511 5.15166 5.14784 5.14365 5.13914 5.13433 5.12925 5.12393 5.11841 5.11272 5.10689 5.10095 5.09495 5.08892 5.08288 5.07687 5.07092 5.06505 5.05929 5.05368 5.04822 5.04293 5.03785 5.03298 5.02833 5.02392 5.01975 5.01583 5.01217 5.00877 5.00563 5.00275 5.00013 4.99777 4.99566 4.9938 4.99219 4.99083 4.9897 4.98881 4.98815 4.98772 4.98752 
4.98182 4.98208 4.98259 4.98335 4.98436 4.98563 4.98715 4.98893 4.99098 4.99329 4.99587 4.99873 5.00186 5.00528 5.00897 5.01294 5.01719 5.02171 5.02649 5.03153 5.03682 5.04235 5.04809 5.05403 5.06016 5.06644 5.07286 5.07939 5.08599 5.09264 5.0993 5.10594 5.11252 5.11902 5.12538 5.13159 5.13759 5.14335 5.14885 5.15404 5.15889 5.16337 5.16746 5.17113 5.17435 5.1771 5.17938 5.18115 5.18241 5.18316 5.18338 5.18308 5.18225 5.18092 5.17907 5.17674 5.17392 5.17065 5.16694 5.16282 5.15831 5.15345 5.14826 5.14278 5.13705 5.13109 5.12494 5.11865 5.11224 5.10576 5.09924 5.0927 5.0862 5.07976 5.0734 5.06716 5.06107 5.05515 5.04942 5.04389 5.0386 5.03354 5.02874 5.0242 5.01994 5.01594 5.01223 5.0088 5.00566 5.00279 5.0002 4.99789 4.99585 4.99408 4.99258 4.99133 4.99034 4.98961 4.98913 4.9889 
4.98326 4.98354 4.98408 4.9849 4.98599 4.98736 4.98901 4.99094 4.99315 4.99566 4.99847 5.00157 5.00497 5.00867 5.01268 5.01699 5.02159 5.02649 5.03168 5.03714 5.04287 5.04885 5.05506 5.06149 5.06811 5.0749 5.08183 5.08887 5.09599 5.10316 5.11034 5.11749 5.12459 5.13157 5.13842 5.14509 5.15154 5.15774 5.16364 5.16921 5.17441 5.17922 5.18361 5.18754 5.19099 5.19394 5.19637 5.19827 5.19962 5.20041 5.20065 5.20032 5.19943 5.19799 5.19601 5.1935 5.19048 5.18696 5.18298 5.17855 5.1737 5.16848 5.1629 5.157 5.15083 5.14442 5.13781 5.13103 5.12412 5.11714 5.1101 5.10305 5.09603 5.08907 5.08221 5.07547 5.06888 5.06247 5.05626 5.05028 5.04454 5.03905 5.03384 5.02891 5.02427 5.01993 5.0159 5.01216 5.00873 5.0056 5.00278 5.00025 4.99802 4.99608 4.99443 4.99306 4.99197 4.99116 4.99062 4.99036 
4.98479 4.98508 4.98566 4.98653 4.98771 4.98919 4.99097 4.99305 4.99545 4.99817 5.0012 5.00456 5.00825 5.01225 5.01659 5.02125 5.02623 5.03153 5.03714 5.04304 5.04923 5.05569 5.06239 5.06933 5.07646 5.08378 5.09125 5.09883 5.10649 5.1142 5.12192 5.1296 5.13722 5.14472 5.15207 5.15922 5.16614 5.17277 5.17909 5.18506 5.19063 5.19578 5.20047 5.20467 5.20836 5.21152 5.21411 5.21614 5.21758 5.21842 5.21867 5.21831 5.21736 5.21582 5.21369 5.211 5.20776 5.20399 5.19972 5.19497 5.18978 5.18418 5.1782 5.17188 5.16525 5.15837 5.15127 5.14399 5.13657 5.12905 5.12149 5.1139 5.10635 5.09885 5.09145 5.08418 5.07707 5.07016 5.06345 5.05699 5.05078 5.04485 5.03921 5.03387 5.02884 5.02414 5.01975 5.0157 5.01197 5.00857 5.00549 5.00274 5.00031 4.99819 4.99638 4.99488 4.99369 4.9928 4.9922 4.9919 
4.98639 4.98669 4.98731 4.98825 4.98952 4.99111 4.99303 4.99528 4.99787 5.00081 5.00408 5.00771 5.01169 5.01602 5.0207 5.02573 5.03111 5.03682 5.04287 5.04923 5.05589 5.06285 5.07006 5.07753 5.0852 5.09307 5.10108 5.10922 5.11745 5.12572 5.13399 5.14223 5.15039 5.15842 5.16628 5.17393 5.18133 5.18842 5.19518 5.20155 5.2075 5.21299 5.21799 5.22248 5.22641 5.22977 5.23254 5.23469 5.23622 5.23712 5.23738 5.237 5.23598 5.23432 5.23205 5.22918 5.22571 5.22169 5.21712 5.21205 5.2065 5.20051 5.19411 5.18735 5.18026 5.17289 5.16529 5.15748 5.14953 5.14148 5.13336 5.12522 5.11711 5.10906 5.10111 5.09329 5.08564 5.0782 5.07098 5.06401 5.05732 5.05092 5.04483 5.03906 5.03363 5.02854 5.0238 5.01941 5.01537 5.01168 5.00834 5.00535 5.00271 5.0004 4.99844 4.9968 4.9955 4.99452 4.99386 4.99352 
4.98807 4.98839 4.98905 4.99006 4.99141 4.99312 4.99519 4.99762 5.00041 5.00357 5.0071 5.01101 5.01529 5.01996 5.025 5.03041 5.0362 5.04235 5.04885 5.05569 5.06285 5.07031 5.07806 5.08607 5.0943 5.10273 5.11132 5.12003 5.12884 5.13768 5.14653 5.15533 5.16405 5.17262 5.18102 5.18918 5.19706 5.20463 5.21182 5.21861 5.22495 5.23079 5.23612 5.24089 5.24507 5.24864 5.25158 5.25387 5.2555 5.25645 5.25672 5.2563 5.25521 5.25345 5.25103 5.24797 5.24428 5.23999 5.23512 5.22972 5.2238 5.21741 5.21059 5.20337 5.19581 5.18794 5.17982 5.17148 5.16299 5.15437 5.14569 5.13698 5.12829 5.11967 5.11114 5.10276 5.09456 5.08656 5.07881 5.07132 5.06413 5.05725 5.05069 5.04448 5.03863 5.03314 5.02802 5.02328 5.01892 5.01493 5.01132 5.00808 5.00522 5.00272 5.00058 4.99881 4.99739 4.99632 4.99559 4.99522 
4.98983 4.99016 4.99086 4.99194 4.99339 4.99523 4.99745 5.00005 5.00305 5.00645 5.01024 5.01444 5.01905 5.02406 5.02947 5.03529 5.04149 5.04809 5.05506 5.06239 5.07006 5.07806 5.08635 5.09492 5.10372 5.11273 5.12191 5.13122 5.14062 5.15005 5.15949 5.16887 5.17815 5.18729 5.19622 5.2049 5.21329 5.22133 5.22898 5.23619 5.24291 5.24912 5.25477 5.25983 5.26427 5.26806 5.27117 5.2736 5.27532 5.27632 5.2766 5.27616 5.275 5.27313 5.27056 5.2673 5.26338 5.25882 5.25365 5.24791 5.24162 5.23482 5.22757 5.21989 5.21184 5.20347 5.19481 5.18593 5.17688 5.16769 5.15843 5.14913 5.13986 5.13064 5.12153 5.11257 5.10379 5.09524 5.08693 5.07891 5.0712 5.06381 5.05678 5.05011 5.04382 5.03792 5.03242 5.02731 5.02261 5.01832 5.01442 5.01093 5.00784 5.00513 5.00282 5.0009 4.99936 4.99819 4.99741 4.99699 
4.99166 4.992 4.99275 4.9939 4.99545 4.99742 4.99979 5.00258 5.0058 5.00944 5.01351 5.01801 5.02294 5.02831 5.03411 5.04033 5.04698 5.05403 5.06149 5.06933 5.07753 5.08607 5.09492 5.10406 5.11345 5.12305 5.13283 5.14274 5.15275 5.16279 5.17282 5.18279 5.19265 5.20235 5.21184 5.22105 5.22995 5.23847 5.24657 5.25421 5.26134 5.26791 5.27389 5.27924 5.28394 5.28794 5.29123 5.2938 5.29561 5.29667 5.29697 5.2965 5.29527 5.29328 5.29056 5.28711 5.28295 5.27812 5.27265 5.26655 5.25989 5.25268 5.24499 5.23684 5.2283 5.21941 5.21022 5.20078 5.19115 5.18139 5.17153 5.16164 5.15176 5.14194 5.13224 5.12268 5.11332 5.10418 5.09531 5.08674 5.0785 5.0706 5.06307 5.05593 5.04919 5.04287 5.03696 5.03149 5.02644 5.02182 5.01764 5.01388 5.01055 5.00764 5.00515 5.00307 5.00141 5.00015 4.99929 4.99883 
4.99355 4.99391 4.9947 4.99593 4.99758 4.99968 5.00222 5.0052 5.00864 5.01253 5.01688 5.02169 5.02696 5.0327 5.03889 5.04554 5.05263 5.06016 5.06811 5.07646 5.0852 5.0943 5.10372 5.11345 5.12343 5.13364 5.14404 5.15456 5.16518 5.17583 5.18647 5.19704 5.20749 5.21776 5.2278 5.23755 5.24696 5.25597 5.26454 5.27261 5.28014 5.28708 5.29339 5.29904 5.30399 5.30821 5.31169 5.31439 5.3163 5.31741 5.31772 5.31722 5.31592 5.31382 5.31094 5.3073 5.30291 5.29781 5.29202 5.28558 5.27853 5.27092 5.26277 5.25416 5.24512 5.2357 5.22597 5.21597 5.20577 5.19541 5.18495 5.17445 5.16396 5.15353 5.14322 5.13305 5.12309 5.11337 5.10393 5.09479 5.086 5.07758 5.06955 5.06192 5.05473 5.04796 5.04165 5.03579 5.03039 5.02544 5.02096 5.01693 5.01335 5.01023 5.00755 5.00532 5.00352 5.00216 5.00124 5.00074 
4.9955 4.99588 4.99672 4.99802 4.99978 5.00202 5.00472 5.0079 5.01157 5.01572 5.02035 5.02548 5.0311 5.03721 5.04381 5.05088 5.05843 5.06644 5.0749 5.08378 5.09307 5.10273 5.11273 5.12305 5.13364 5.14447 5.15548 5.16663 5.17787 5.18914 5.20039 5.21157 5.22261 5.23346 5.24406 5.25435 5.26427 5.27377 5.2828 5.2913 5.29923 5.30654 5.31319 5.31913 5.32434 5.32879 5.33244 5.33528 5.33729 5.33846 5.33878 5.33825 5.33688 5.33467 5.33163 5.32779 5.32317 5.31779 5.3117 5.30491 5.29748 5.28945 5.28086 5.27177 5.26222 5.25228 5.242 5.23144 5.22065 5.2097 5.19864 5.18752 5.17641 5.16537 5.15443 5.14365 5.13308 5.12276 5.11274 5.10303 5.09369 5.08473 5.07618 5.06807 5.0604 5.05319 5.04646 5.04021 5.03444 5.02916 5.02437 5.02006 5.01624 5.01289 5.01003 5.00763 5.00571 5.00425 5.00325 5.00271 
4.9975 4.9979 4.99878 5.00016 5.00204 5.00441 5.00729 5.01067 5.01457 5.01898 5.02391 5.02936 5.03534 5.04183 5.04883 5.05635 5.06436 5.07286 5.08183 5.09125 5.10108 5.11132 5.12191 5.13283 5.14404 5.15548 5.16711 5.17889 5.19076 5.20265 5.21452 5.2263 5.23794 5.24936 5.26052 5.27135 5.28179 5.29179 5.30128 5.31022 5.31855 5.32622 5.3332 5.33944 5.34491 5.34957 5.3534 5.35638 5.35849 5.35971 5.36005 5.35949 5.35805 5.35572 5.35254 5.3485 5.34365 5.338 5.33159 5.32446 5.31664 5.3082 5.29916 5.2896 5.27955 5.26908 5.25825 5.24712 5.23575 5.2242 5.21252 5.20079 5.18906 5.17739 5.16583 5.15443 5.14325 5.13233 5.12171 5.11143 5.10152 5.09202 5.08295 5.07433 5.06619 5.05853 5.05138 5.04473 5.03859 5.03297 5.02786 5.02327 5.01919 5.01563 5.01256 5.01001 5.00795 5.00638 5.00531 5.00473 
4.99955 4.99996 5.0009 5.00236 5.00434 5.00686 5.00991 5.0135 5.01763 5.02231 5.02754 5.03332 5.03965 5.04653 5.05395 5.06191 5.07039 5.07939 5.08887 5.09883 5.10922 5.12003 5.13122 5.14274 5.15456 5.16663 5.17889 5.1913 5.20379 5.21631 5.22879 5.24118 5.25341 5.26541 5.27713 5.2885 5.29946 5.30994 5.31989 5.32926 5.33799 5.34603 5.35334 5.35987 5.3656 5.37048 5.37448 5.3776 5.3798 5.38108 5.38143 5.38084 5.37933 5.3769 5.37356 5.36933 5.36424 5.35832 5.35161 5.34413 5.33594 5.32708 5.3176 5.30756 5.29702 5.28602 5.27465 5.26295 5.25099 5.23884 5.22656 5.21421 5.20185 5.18955 5.17737 5.16535 5.15355 5.14202 5.1308 5.11994 5.10947 5.09942 5.08982 5.0807 5.07208 5.06396 5.05638 5.04932 5.04281 5.03684 5.03142 5.02654 5.02221 5.01841 5.01515 5.01243 5.01023 5.00856 5.00742 5.00679 
5.00163 5.00207 5.00305 5.00459 5.00669 5.00935 5.01258 5.01638 5.02075 5.0257 5.03123 5.03734 5.04403 5.0513 5.05914 5.06754 5.0765 5.08599 5.09599 5.10649 5.11745 5.12884 5.14062 5.15275 5.16518 5.17787 5.19076 5.20379 5.21691 5.23005 5.24314 5.25614 5.26896 5.28153 5.29381 5.30571 5.31718 5.32814 5.33855 5.34835 5.35747 5.36587 5.37351 5.38033 5.38631 5.3914 5.39558 5.39883 5.40113 5.40247 5.40283 5.40222 5.40063 5.39809 5.3946 5.39019 5.38487 5.37868 5.37166 5.36385 5.35528 5.34601 5.3361 5.32559 5.31455 5.30303 5.29111 5.27885 5.26631 5.25356 5.24067 5.2277 5.21473 5.2018 5.18899 5.17635 5.16393 5.15179 5.13998 5.12853 5.11749 5.10689 5.09677 5.08714 5.07803 5.06946 5.06144 5.05398 5.04709 5.04077 5.03503 5.02986 5.02526 5.02124 5.01778 5.01489 5.01256 5.01078 5.00956 5.00889 
5.00374 5.0042 5.00523 5.00686 5.00907 5.01188 5.01528 5.01928 5.0239 5.02912 5.03495 5.04139 5.04845 5.05611 5.06437 5.07322 5.08265 5.09264 5.10316 5.1142 5.12572 5.13768 5.15005 5.16279 5.17583 5.18914 5.20265 5.21631 5.23005 5.2438 5.25751 5.2711 5.2845 5.29765 5.31047 5.3229 5.33487 5.34631 5.35717 5.36739 5.3769 5.38566 5.39361 5.40072 5.40694 5.41225 5.41661 5.41999 5.42238 5.42377 5.42414 5.4235 5.42185 5.41921 5.41557 5.41097 5.40543 5.39898 5.39166 5.38351 5.37457 5.3649 5.35455 5.34358 5.33205 5.32002 5.30756 5.29474 5.28163 5.26829 5.2548 5.24122 5.22762 5.21408 5.20064 5.18738 5.17435 5.16161 5.1492 5.13717 5.12556 5.11441 5.10376 5.09362 5.08402 5.07499 5.06654 5.05867 5.0514 5.04473 5.03867 5.03321 5.02835 5.0241 5.02044 5.01738 5.01491 5.01303 5.01173 5.01102 
5.00587 5.00634 5.00743 5.00914 5.01146 5.01442 5.018 5.02221 5.02706 5.03256 5.03869 5.04547 5.05288 5.06094 5.06962 5.07891 5.08881 5.0993 5.11034 5.12192 5.13399 5.14653 5.15949 5.17282 5.18647 5.20039 5.21452 5.22879 5.24314 5.25751 5.27182 5.28599 5.29997 5.31368 5.32704 5.33999 5.35245 5.36437 5.37567 5.38629 5.39618 5.40529 5.41356 5.42095 5.42741 5.43292 5.43745 5.44096 5.44344 5.44488 5.44527 5.44461 5.44289 5.44014 5.43636 5.43158 5.42582 5.41912 5.4115 5.40302 5.39373 5.38366 5.37289 5.36147 5.34945 5.33692 5.32393 5.31056 5.29688 5.28296 5.26887 5.25469 5.24048 5.22632 5.21227 5.1984 5.18476 5.17141 5.15841 5.1458 5.13363 5.12193 5.11075 5.10011 5.09003 5.08054 5.07165 5.06338 5.05573 5.04871 5.04233 5.03658 5.03146 5.02697 5.02312 5.01989 5.01728 5.01529 5.01392 5.01316 
5.00801 5.0085 5.00964 5.01142 5.01387 5.01696 5.02072 5.02515 5.03024 5.036 5.04243 5.04954 5.05732 5.06576 5.07486 5.0846 5.09496 5.10594 5.11749 5.1296 5.14223 5.15533 5.16887 5.18279 5.19704 5.21157 5.2263 5.24118 5.25614 5.2711 5.28599 5.30075 5.31529 5.32954 5.34343 5.35689 5.36984 5.38221 5.39394 5.40496 5.41523 5.42467 5.43325 5.44091 5.44761 5.45332 5.45801 5.46165 5.46422 5.46571 5.46612 5.46543 5.46365 5.46079 5.45688 5.45192 5.44595 5.43899 5.4311 5.4223 5.41265 5.4022 5.39102 5.37915 5.36667 5.35364 5.34013 5.32622 5.31199 5.29749 5.28282 5.26805 5.25324 5.23847 5.22381 5.20933 5.19509 5.18115 5.16757 5.15439 5.14166 5.12942 5.11772 5.10658 5.09602 5.08607 5.07675 5.06808 5.06005 5.05269 5.04598 5.03994 5.03457 5.02985 5.0258 5.0224 5.01965 5.01756 5.01611 5.01531 
5.01014 5.01065 5.01184 5.01371 5.01626 5.0195 5.02344 5.02807 5.0334 5.03943 5.04616 5.05359 5.06173 5.07055 5.08006 5.09024 5.10106 5.11252 5.12459 5.13722 5.15039 5.16405 5.17815 5.19265 5.20749 5.22261 5.23794 5.25341 5.26896 5.2845 5.29997 5.31529 5.33038 5.34517 5.35957 5.37352 5.38694 5.39975 5.4119 5.42332 5.43394 5.44371 5.45258 5.46051 5.46744 5.47335 5.47819 5.48196 5.48462 5.48616 5.48657 5.48586 5.48402 5.48107 5.47702 5.47189 5.46571 5.45852 5.45034 5.44124 5.43125 5.42043 5.40884 5.39654 5.3836 5.37009 5.35608 5.34165 5.32687 5.31182 5.29658 5.28122 5.26583 5.25047 5.23522 5.22014 5.20531 5.19079 5.17663 5.16289 5.14961 5.13684 5.12462 5.11299 5.10196 5.09156 5.08182 5.07274 5.06435 5.05664 5.04962 5.04329 5.03766 5.03272 5.02846 5.0249 5.02202 5.01982 5.0183 5.01746 
5.01225 5.01278 5.01402 5.01597 5.01864 5.02202 5.02613 5.03096 5.03653 5.04282 5.04984 5.0576 5.06608 5.07529 5.0852 5.0958 5.10708 5.11902 5.13157 5.14472 5.15842 5.17262 5.18729 5.20235 5.21776 5.23346 5.24936 5.26541 5.28153 5.29765 5.31368 5.32954 5.34517 5.36047 5.37537 5.38979 5.40367 5.41691 5.42947 5.44126 5.45223 5.46232 5.47148 5.47965 5.48681 5.4929 5.4979 5.50178 5.50452 5.50611 5.50654 5.50581 5.50391 5.50087 5.49669 5.49139 5.48502 5.47759 5.46915 5.45975 5.44943 5.43825 5.42627 5.41356 5.40018 5.3862 5.3717 5.35676 5.34146 5.32587 5.31007 5.29415 5.27818 5.26225 5.24642 5.23076 5.21536 5.20027 5.18554 5.17125 5.15744 5.14415 5.13143 5.1193 5.10781 5.09698 5.08682 5.07735 5.06859 5.06054 5.05321 5.0466 5.04072 5.03555 5.03111 5.02738 5.02437 5.02206 5.02047 5.01959 
5.01433 5.01488 5.01617 5.0182 5.02098 5.0245 5.02878 5.03381 5.0396 5.04616 5.05347 5.06154 5.07036 5.07994 5.09024 5.10126 5.11299 5.12538 5.13842 5.15207 5.16628 5.18102 5.19622 5.21184 5.2278 5.24406 5.26052 5.27713 5.29381 5.31047 5.32704 5.34343 5.35957 5.37537 5.39075 5.40564 5.41994 5.4336 5.44654 5.4587 5.47 5.48039 5.48983 5.49825 5.50561 5.51189 5.51703 5.52103 5.52385 5.52549 5.52593 5.52517 5.52322 5.52009 5.51578 5.51034 5.50377 5.49612 5.48743 5.47774 5.46711 5.45558 5.44323 5.43012 5.41631 5.40189 5.38692 5.37149 5.35567 5.33956 5.32323 5.30676 5.29024 5.27374 5.25735 5.24114 5.22518 5.20953 5.19426 5.17944 5.1651 5.15131 5.13809 5.1255 5.11355 5.10229 5.09172 5.08187 5.07276 5.06438 5.05674 5.04986 5.04373 5.03834 5.03371 5.02982 5.02668 5.02427 5.02261 5.02168 
5.01638 5.01694 5.01828 5.02039 5.02327 5.02693 5.03138 5.0366 5.04262 5.04942 5.05701 5.06539 5.07455 5.08447 5.09516 5.10659 5.11874 5.13159 5.14509 5.15922 5.17393 5.18918 5.2049 5.22105 5.23755 5.25435 5.27135 5.2885 5.30571 5.3229 5.33999 5.35689 5.37352 5.38979 5.40564 5.42096 5.43568 5.44974 5.46305 5.47555 5.48717 5.49785 5.50755 5.5162 5.52377 5.53021 5.5355 5.5396 5.5425 5.54418 5.54464 5.54386 5.54186 5.53864 5.53422 5.52862 5.52188 5.51402 5.50508 5.49512 5.48419 5.47234 5.45963 5.44613 5.43192 5.41706 5.40164 5.38574 5.36944 5.35283 5.33598 5.31899 5.30193 5.2849 5.26797 5.25122 5.23471 5.21853 5.20274 5.1874 5.17256 5.15827 5.14458 5.13153 5.11915 5.10747 5.09651 5.08629 5.07682 5.06812 5.06019 5.05304 5.04667 5.04107 5.03625 5.03221 5.02894 5.02644 5.02471 5.02374 
5.01837 5.01895 5.02034 5.02252 5.02551 5.0293 5.0339 5.03931 5.04554 5.05259 5.06045 5.06912 5.0786 5.08887 5.09993 5.11175 5.12431 5.13759 5.15154 5.16614 5.18133 5.19706 5.21329 5.22995 5.24696 5.26427 5.28179 5.29946 5.31718 5.33487 5.35245 5.36984 5.38694 5.40367 5.41994 5.43568 5.45081 5.46524 5.4789 5.49173 5.50365 5.51461 5.52455 5.53342 5.54118 5.54779 5.55321 5.55742 5.56039 5.56211 5.56258 5.56178 5.55973 5.55643 5.5519 5.54617 5.53925 5.53119 5.52203 5.51181 5.50059 5.48842 5.47538 5.46152 5.44692 5.43165 5.41581 5.39946 5.38269 5.3656 5.34826 5.33077 5.3132 5.29566 5.27821 5.26093 5.24392 5.22722 5.21093 5.19509 5.17976 5.165 5.15086 5.13736 5.12456 5.11248 5.10114 5.09056 5.08076 5.07175 5.06354 5.05613 5.04952 5.04372 5.03873 5.03453 5.03114 5.02854 5.02675 5.02574 
5.02029 5.02089 5.02232 5.02458 5.02766 5.03158 5.03634 5.04193 5.04837 5.05564 5.06376 5.07272 5.0825 5.09311 5.10452 5.11671 5.12966 5.14335 5.15774 5.17277 5.18842 5.20463 5.22133 5.23847 5.25597 5.27377 5.29179 5.30994 5.32814 5.34631 5.36437 5.38221 5.39975 5.41691 5.4336 5.44974 5.46524 5.48002 5.49402 5.50715 5.51936 5.53058 5.54075 5.54983 5.55777 5.56453 5.57008 5.57438 5.57742 5.57919 5.57966 5.57885 5.57675 5.57338 5.56875 5.56288 5.5558 5.54756 5.53818 5.52772 5.51623 5.50377 5.4904 5.4762 5.46123 5.44558 5.42933 5.41256 5.39536 5.37781 5.36 5.34203 5.32399 5.30595 5.28801 5.27024 5.25273 5.23555 5.21878 5.20246 5.18667 5.17146 5.15688 5.14297 5.12976 5.1173 5.10559 5.09467 5.08455 5.07525 5.06676 5.05911 5.05228 5.04628 5.04111 5.03678 5.03326 5.03058 5.02872 5.02767 
5.02213 5.02275 5.02422 5.02655 5.02973 5.03377 5.03867 5.04443 5.05107 5.05857 5.06693 5.07615 5.08623 5.09715 5.10889 5.12144 5.13477 5.14885 5.16364 5.17909 5.19518 5.21182 5.22898 5.24657 5.26454 5.2828 5.30128 5.31989 5.33855 5.35717 5.37567 5.39394 5.4119 5.42947 5.44654 5.46305 5.4789 5.49402 5.50832 5.52175 5.53422 5.54568 5.55608 5.56535 5.57346 5.58036 5.58602 5.59042 5.59352 5.59532 5.59581 5.59498 5.59284 5.5894 5.58467 5.57868 5.57146 5.56303 5.55345 5.54277 5.53103 5.51829 5.50463 5.4901 5.47479 5.45878 5.44215 5.42498 5.40736 5.38939 5.37114 5.35273 5.33422 5.31573 5.29732 5.27909 5.26111 5.24347 5.22624 5.20948 5.19325 5.17762 5.16262 5.14831 5.13472 5.12189 5.10984 5.0986 5.08817 5.07859 5.06984 5.06195 5.05491 5.04873 5.0434 5.03892 5.0353 5.03253 5.0306 5.02953 
5.02388 5.02452 5.02603 5.02842 5.03169 5.03584 5.04088 5.04681 5.05363 5.06133 5.06993 5.07941 5.08976 5.10097 5.11303 5.12591 5.13959 5.15404 5.16921 5.18506 5.20155 5.21861 5.23619 5.25421 5.27261 5.2913 5.31022 5.32926 5.34835 5.36739 5.38629 5.40496 5.42332 5.44126 5.4587 5.47555 5.49173 5.50715 5.52175 5.53544 5.54816 5.55985 5.57044 5.5799 5.58816 5.59519 5.60096 5.60544 5.60861 5.61045 5.61095 5.6101 5.60792 5.60442 5.5996 5.59349 5.58613 5.57755 5.56778 5.55688 5.54491 5.53192 5.51798 5.50315 5.48753 5.47118 5.45419 5.43665 5.41865 5.40027 5.38162 5.36278 5.34386 5.32493 5.30609 5.28742 5.26901 5.25094 5.23328 5.2161 5.19946 5.18342 5.16804 5.15335 5.13941 5.12623 5.11386 5.10231 5.0916 5.08175 5.07276 5.06464 5.05741 5.05105 5.04556 5.04096 5.03723 5.03438 5.0324 5.03129 
5.02552 5.02618 5.02773 5.03018 5.03353 5.03779 5.04296 5.04904 5.05603 5.06393 5.07274 5.08245 5.09306 5.10455 5.1169 5.1301 5.1441 5.15889 5.17441 5.19063 5.2075 5.22495 5.24291 5.26134 5.28014 5.29923 5.31855 5.33799 5.35747 5.3769 5.39618 5.41523 5.43394 5.45223 5.47 5.48717 5.50365 5.51936 5.53422 5.54816 5.56111 5.573 5.58379 5.5934 5.60181 5.60897 5.61484 5.61939 5.62261 5.62448 5.62499 5.62414 5.62192 5.61836 5.61346 5.60725 5.59976 5.59103 5.58109 5.57 5.55781 5.54458 5.53038 5.51529 5.49937 5.48271 5.46539 5.44751 5.42915 5.41041 5.39138 5.37215 5.35283 5.3335 5.31426 5.29519 5.27638 5.2579 5.23985 5.22228 5.20526 5.18885 5.1731 5.15807 5.14379 5.13029 5.11762 5.10578 5.09481 5.08471 5.07549 5.06717 5.05975 5.05322 5.0476 5.04287 5.03905 5.03612 5.03408 5.03294 
5.02705 5.02772 5.02931 5.03181 5.03524 5.0396 5.04489 5.05111 5.05826 5.06634 5.07535 5.08528 5.09612 5.10786 5.12049 5.13397 5.14827 5.16337 5.17922 5.19578 5.21299 5.23079 5.24912 5.26791 5.28708 5.30654 5.32622 5.34603 5.36587 5.38566 5.40529 5.42467 5.44371 5.46232 5.48039 5.49785 5.51461 5.53058 5.54568 5.55985 5.573 5.58509 5.59604 5.60581 5.61435 5.62161 5.62757 5.6322 5.63547 5.63737 5.63789 5.63702 5.63477 5.63116 5.62618 5.61988 5.61227 5.6034 5.59331 5.58205 5.56966 5.55622 5.54179 5.52644 5.51025 5.49331 5.4757 5.4575 5.43882 5.41974 5.40036 5.38078 5.3611 5.3414 5.32179 5.30235 5.28317 5.26433 5.24591 5.22798 5.21061 5.19386 5.17778 5.16242 5.14784 5.13405 5.12109 5.109 5.09778 5.08745 5.07802 5.06951 5.06192 5.05524 5.04949 5.04465 5.04073 5.03773 5.03565 5.03448 
5.02846 5.02914 5.03076 5.03331 5.03681 5.04126 5.04666 5.053 5.0603 5.06854 5.07773 5.08786 5.09892 5.11089 5.12376 5.1375 5.15208 5.16746 5.18361 5.20047 5.21799 5.23612 5.25477 5.27389 5.29339 5.31319 5.3332 5.35334 5.37351 5.39361 5.41356 5.43325 5.45258 5.47148 5.48983 5.50755 5.52455 5.54075 5.55608 5.57044 5.58379 5.59604 5.60714 5.61705 5.6257 5.63307 5.63911 5.6438 5.64712 5.64905 5.64957 5.64869 5.64642 5.64275 5.63771 5.63133 5.62362 5.61462 5.60439 5.59297 5.58041 5.56677 5.55213 5.53656 5.52013 5.50293 5.48505 5.46657 5.44759 5.42821 5.40852 5.38862 5.36861 5.34859 5.32864 5.30887 5.28935 5.27018 5.25143 5.23317 5.21548 5.19842 5.18204 5.1664 5.15153 5.13748 5.12427 5.11193 5.10049 5.08995 5.08034 5.07165 5.0639 5.05709 5.05121 5.04628 5.04228 5.03921 5.03709 5.03589 
5.02972 5.03042 5.03206 5.03467 5.03823 5.04276 5.04825 5.05471 5.06213 5.07052 5.07988 5.09018 5.10143 5.11361 5.1267 5.14067 5.15549 5.17113 5.18754 5.20467 5.22248 5.24089 5.25983 5.27924 5.29904 5.31913 5.33944 5.35987 5.38033 5.40072 5.42095 5.44091 5.46051 5.47965 5.49825 5.5162 5.53342 5.54983 5.56535 5.5799 5.5934 5.60581 5.61705 5.62707 5.63583 5.64329 5.6494 5.65415 5.65751 5.65945 5.65999 5.6591 5.6568 5.65309 5.648 5.64153 5.63373 5.62463 5.61428 5.60271 5.59 5.57619 5.56136 5.54559 5.52895 5.51152 5.4934 5.47467 5.45543 5.43578 5.41581 5.39563 5.37533 5.35501 5.33477 5.31469 5.29488 5.27541 5.25636 5.23782 5.21985 5.20251 5.18586 5.16996 5.15484 5.14055 5.12712 5.11457 5.10293 5.09221 5.08242 5.07358 5.06569 5.05875 5.05277 5.04774 5.04367 5.04055 5.03838 5.03717 
5.03085 5.03155 5.03322 5.03586 5.03948 5.04408 5.04966 5.05621 5.06375 5.07227 5.08176 5.09223 5.10364 5.116 5.12928 5.14345 5.15849 5.17435 5.19099 5.20836 5.22641 5.24507 5.26427 5.28394 5.30399 5.32434 5.34491 5.3656 5.38631 5.40694 5.42741 5.44761 5.46744 5.48681 5.50561 5.52377 5.54118 5.55777 5.57346 5.58816 5.60181 5.61435 5.6257 5.63583 5.64468 5.65221 5.65839 5.66319 5.66658 5.66855 5.66909 5.6682 5.66587 5.66213 5.65698 5.65045 5.64257 5.63338 5.62291 5.61123 5.59838 5.58442 5.56943 5.55349 5.53666 5.51903 5.5007 5.48176 5.46229 5.4424 5.4222 5.40176 5.38121 5.36064 5.34013 5.3198 5.29973 5.28 5.2607 5.2419 5.22368 5.2061 5.18922 5.17309 5.15775 5.14325 5.12962 5.11689 5.10507 5.09419 5.08426 5.07528 5.06727 5.06022 5.05415 5.04904 5.0449 5.04173 5.03953 5.03829 
5.03181 5.03252 5.03422 5.03689 5.04056 5.04522 5.05087 5.05751 5.06514 5.07377 5.08339 5.09398 5.10554 5.11805 5.13149 5.14584 5.16105 5.1771 5.19394 5.21152 5.22977 5.24864 5.26806 5.28794 5.30821 5.32879 5.34957 5.37048 5.3914 5.41225 5.43292 5.45332 5.47335 5.4929 5.51189 5.53021 5.54779 5.56453 5.58036 5.59519 5.60897 5.62161 5.63307 5.64329 5.65221 5.65981 5.66604 5.67088 5.6743 5.67629 5.67684 5.67593 5.67359 5.66982 5.66463 5.65804 5.65009 5.64082 5.63027 5.61848 5.60551 5.59143 5.57631 5.56021 5.54322 5.52543 5.50692 5.48779 5.46814 5.44805 5.42763 5.40699 5.38623 5.36543 5.34471 5.32416 5.30386 5.28391 5.26439 5.24538 5.22695 5.20917 5.19209 5.17576 5.16024 5.14557 5.13177 5.11887 5.10691 5.09589 5.08583 5.07674 5.06862 5.06149 5.05533 5.05015 5.04596 5.04275 5.04052 5.03927 
5.03262 5.03333 5.03505 5.03775 5.04146 5.04616 5.05187 5.05858 5.0663 5.07502 5.08473 5.09543 5.10711 5.11974 5.13332 5.14781 5.16317 5.17938 5.19637 5.21411 5.23254 5.25158 5.27117 5.29123 5.31169 5.33244 5.3534 5.37448 5.39558 5.41661 5.43745 5.45801 5.47819 5.4979 5.51703 5.5355 5.55321 5.57008 5.58602 5.60096 5.61484 5.62757 5.63911 5.6494 5.65839 5.66604 5.67232 5.67719 5.68064 5.68264 5.68319 5.68228 5.67992 5.67612 5.6709 5.66427 5.65627 5.64693 5.6363 5.62442 5.61136 5.59718 5.58194 5.56573 5.54861 5.53068 5.51203 5.49275 5.47293 5.45268 5.4321 5.41129 5.39034 5.36937 5.34847 5.32774 5.30726 5.28713 5.26744 5.24825 5.22965 5.21169 5.19445 5.17797 5.1623 5.14747 5.13354 5.12052 5.10843 5.0973 5.08713 5.07795 5.06975 5.06253 5.05631 5.05108 5.04684 5.0436 5.04134 5.04008 
5.03326 5.03398 5.0357 5.03843 5.04217 5.04691 5.05267 5.05943 5.06721 5.076 5.08578 5.09657 5.10834 5.12107 5.13475 5.14935 5.16482 5.18115 5.19827 5.21614 5.23469 5.25387 5.2736 5.2938 5.31439 5.33528 5.35638 5.3776 5.39883 5.41999 5.44096 5.46165 5.48196 5.50178 5.52103 5.5396 5.55742 5.57438 5.59042 5.60544 5.61939 5.6322 5.6438 5.65415 5.66319 5.67088 5.67719 5.68209 5.68555 5.68757 5.68812 5.68721 5.68484 5.68102 5.67577 5.6691 5.66106 5.65167 5.64098 5.62904 5.6159 5.60164 5.58632 5.57001 5.55279 5.53476 5.51599 5.49659 5.47665 5.45628 5.43557 5.41462 5.39354 5.37243 5.35139 5.33052 5.3099 5.28964 5.2698 5.25048 5.23175 5.21366 5.19629 5.17969 5.1639 5.14897 5.13492 5.1218 5.10962 5.0984 5.08816 5.0789 5.07063 5.06336 5.05709 5.05181 5.04754 5.04427 5.04199 5.04072 
5.03372 5.03445 5.03618 5.03893 5.04268 5.04745 5.05324 5.06005 5.06787 5.0767 5.08654 5.09739 5.10922 5.12202 5.13577 5.15044 5.166 5.18241 5.19962 5.21758 5.23622 5.2555 5.27532 5.29561 5.3163 5.33729 5.35849 5.3798 5.40113 5.42238 5.44344 5.46422 5.48462 5.50452 5.52385 5.5425 5.56039 5.57742 5.59352 5.60861 5.62261 5.63547 5.64712 5.65751 5.66658 5.6743 5.68064 5.68555 5.68903 5.69105 5.69161 5.69069 5.68832 5.68448 5.67921 5.67252 5.66444 5.65502 5.64428 5.6323 5.61911 5.60479 5.58941 5.57303 5.55574 5.53763 5.51879 5.49931 5.47928 5.45882 5.43802 5.41698 5.3958 5.3746 5.35346 5.33249 5.31177 5.29141 5.27148 5.25206 5.23323 5.21506 5.1976 5.18091 5.16504 5.15003 5.13591 5.12272 5.11047 5.09919 5.08889 5.07958 5.07127 5.06396 5.05765 5.05235 5.04805 5.04476 5.04247 5.04119 
5.03401 5.03474 5.03648 5.03923 5.043 5.04779 5.0536 5.06042 5.06827 5.07713 5.087 5.09788 5.10975 5.12259 5.13638 5.1511 5.1667 5.18316 5.20041 5.21842 5.23712 5.25645 5.27632 5.29667 5.31741 5.33846 5.35971 5.38108 5.40247 5.42377 5.44488 5.46571 5.48616 5.50611 5.52549 5.54418 5.56211 5.57919 5.59532 5.61045 5.62448 5.63737 5.64905 5.65945 5.66855 5.67629 5.68264 5.68757 5.69105 5.69308 5.69364 5.69272 5.69034 5.68649 5.68121 5.6745 5.66641 5.65696 5.6462 5.63419 5.62097 5.60662 5.5912 5.57478 5.55745 5.5393 5.52041 5.50088 5.4808 5.46029 5.43943 5.41834 5.39711 5.37585 5.35466 5.33363 5.31286 5.29244 5.27246 5.25299 5.23411 5.21588 5.19837 5.18163 5.16572 5.15066 5.1365 5.12327 5.11099 5.09967 5.08934 5.08 5.07166 5.06432 5.05799 5.05267 5.04836 5.04506 5.04276 5.04148 
