1.95824 1.95853 1.95881 1.95908 1.95935 1.9596 1.95984 1.96007 1.96028 1.96047 1.96065 1.96081 1.96096 1.96109 1.96122 1.96133 1.96144 1.96154 1.96164 1.96174 1.96184 1.96195 1.96206 1.96218 1.96232 1.96246 1.96263 1.96281 1.963 1.96321 1.96345 1.96369 1.96396 1.96424 1.96453 1.96483 1.96514 1.96546 1.96578 1.96609 1.9664 1.96669 1.96697 1.96723 1.96747 1.96768 1.96787 1.96801 1.96813 1.9682 1.96824 1.96824 1.9682 1.96812 1.96801 1.96786 1.96768 1.96747 1.96724 1.96698 1.9667 1.96641 1.96611 1.9658 1.9655 1.96519 1.96489 1.96459 1.96431 1.96404 1.96378 1.96354 1.96332 1.96312 1.96293 1.96277 1.96263 1.96251 1.96241 1.96232 1.96226 1.96222 1.96221 1.96221 1.96223 1.96228 1.96234 1.96243 1.96254 1.96267 1.96283 1.963 1.9632 1.96342 1.96365 1.9639 1.96416 1.96443 1.96471 1.965 
1.95853 1.95881 1.9591 1.95937 1.95964 1.95989 1.96013 1.96035 1.96056 1.96076 1.96093 1.96109 1.96124 1.96138 1.9615 1.96161 1.96172 1.96182 1.96192 1.96202 1.96212 1.96222 1.96234 1.96246 1.96259 1.96274 1.96291 1.96309 1.96328 1.9635 1.96374 1.96399 1.96426 1.96454 1.96484 1.96515 1.96547 1.96579 1.96611 1.96643 1.96675 1.96705 1.96734 1.96761 1.96785 1.96807 1.96825 1.96841 1.96852 1.9686 1.96864 1.96864 1.9686 1.96852 1.9684 1.96825 1.96806 1.96785 1.96761 1.96734 1.96706 1.96676 1.96645 1.96614 1.96582 1.96551 1.9652 1.9649 1.96461 1.96433 1.96407 1.96383 1.96361 1.9634 1.96322 1.96305 1.96291 1.96279 1.96268 1.9626 1.96254 1.9625 1.96249 1.96249 1.96251 1.96256 1.96262 1.96271 1.96282 1.96296 1.96311 1.96329 1.96349 1.9637 1.96393 1.96418 1.96444 1.96472 1.965 1.96528 
1.95881 1.9591 1.95938 1.95965 1.95992 1.96017 1.96041 1.96064 1.96084 1.96104 1.96122 1.96138 1.96153 1.96166 1.96179 1.9619 1.96201 1.96211 1.96222 1.96232 1.96243 1.96254 1.96266 1.96279 1.96294 1.9631 1.96328 1.96348 1.9637 1.96394 1.96419 1.96447 1.96477 1.96508 1.96541 1.96575 1.9661 1.96646 1.96681 1.96717 1.96752 1.96785 1.96817 1.96846 1.96873 1.96897 1.96917 1.96934 1.96947 1.96955 1.96959 1.96959 1.96955 1.96946 1.96933 1.96916 1.96895 1.96871 1.96845 1.96815 1.96784 1.96751 1.96717 1.96683 1.96648 1.96613 1.96579 1.96546 1.96514 1.96484 1.96455 1.96428 1.96404 1.96381 1.96361 1.96343 1.96327 1.96313 1.96302 1.96293 1.96286 1.96281 1.96279 1.96279 1.96281 1.96285 1.96291 1.963 1.96311 1.96324 1.9634 1.96357 1.96377 1.96398 1.96422 1.96446 1.96473 1.965 1.96528 1.96556 
1.95908 1.95937 1.95965 1.95993 1.96019 1.96045 1.96069 1.96091 1.96112 1.96132 1.96149 1.96166 1.96181 1.96195 1.96207 1.96219 1.96231 1.96242 1.96253 1.96265 1.96277 1.96289 1.96303 1.96319 1.96336 1.96355 1.96376 1.96399 1.96425 1.96453 1.96483 1.96516 1.96551 1.96588 1.96626 1.96666 1.96707 1.96749 1.96791 1.96832 1.96873 1.96912 1.96949 1.96983 1.97014 1.97042 1.97065 1.97085 1.97099 1.97109 1.97114 1.97113 1.97108 1.97097 1.97082 1.97062 1.97038 1.9701 1.96979 1.96944 1.96908 1.96869 1.9683 1.96789 1.96748 1.96708 1.96668 1.96629 1.96591 1.96556 1.96522 1.96491 1.96462 1.96435 1.96411 1.9639 1.96371 1.96355 1.96342 1.96331 1.96322 1.96316 1.96312 1.96311 1.96312 1.96315 1.96321 1.96329 1.9634 1.96353 1.96368 1.96385 1.96405 1.96426 1.96449 1.96474 1.965 1.96527 1.96555 1.96584 
1.95935 1.95964 1.95992 1.96019 1.96046 1.96071 1.96095 1.96118 1.96139 1.96159 1.96177 1.96193 1.96209 1.96223 1.96237 1.96249 1.96262 1.96274 1.96287 1.963 1.96314 1.96329 1.96346 1.96365 1.96386 1.96409 1.96435 1.96464 1.96495 1.9653 1.96567 1.96607 1.9665 1.96696 1.96743 1.96792 1.96842 1.96893 1.96944 1.96994 1.97043 1.9709 1.97135 1.97177 1.97214 1.97248 1.97276 1.97299 1.97317 1.97328 1.97334 1.97333 1.97326 1.97313 1.97294 1.97269 1.9724 1.97206 1.97168 1.97126 1.97081 1.97034 1.96986 1.96937 1.96887 1.96837 1.96789 1.96741 1.96696 1.96652 1.96611 1.96572 1.96537 1.96504 1.96475 1.96448 1.96425 1.96405 1.96388 1.96373 1.96362 1.96353 1.96348 1.96345 1.96344 1.96347 1.96351 1.96359 1.96369 1.96381 1.96396 1.96413 1.96432 1.96453 1.96476 1.96501 1.96527 1.96554 1.96582 1.9661 
1.9596 1.95989 1.96017 1.96045 1.96071 1.96097 1.96121 1.96144 1.96165 1.96185 1.96203 1.9622 1.96236 1.96251 1.96266 1.9628 1.96294 1.96308 1.96322 1.96338 1.96355 1.96374 1.96395 1.96419 1.96445 1.96474 1.96507 1.96544 1.96583 1.96627 1.96674 1.96725 1.96779 1.96836 1.96895 1.96957 1.97019 1.97083 1.97146 1.97209 1.9727 1.97328 1.97384 1.97435 1.97481 1.97522 1.97557 1.97586 1.97607 1.97621 1.97627 1.97626 1.97617 1.976 1.97576 1.97546 1.97509 1.97467 1.97419 1.97367 1.97312 1.97253 1.97193 1.97131 1.97069 1.97007 1.96947 1.96887 1.9683 1.96776 1.96724 1.96676 1.96631 1.9659 1.96552 1.96519 1.96489 1.96463 1.96441 1.96422 1.96407 1.96395 1.96386 1.96381 1.96378 1.96379 1.96382 1.96389 1.96397 1.96409 1.96423 1.9644 1.96458 1.96479 1.96502 1.96527 1.96552 1.96579 1.96607 1.96636 
1.95984 1.96013 1.96041 1.96069 1.96095 1.96121 1.96145 1.96168 1.9619 1.9621 1.96229 1.96247 1.96263 1.9628 1.96295 1.96311 1.96327 1.96343 1.96361 1.9638 1.96401 1.96425 1.96452 1.96482 1.96515 1.96553 1.96595 1.96642 1.96693 1.96749 1.96809 1.96874 1.96943 1.97015 1.9709 1.97168 1.97247 1.97327 1.97406 1.97485 1.97561 1.97634 1.97703 1.97767 1.97825 1.97876 1.97919 1.97954 1.9798 1.97997 1.98005 1.98003 1.97991 1.9797 1.9794 1.97902 1.97855 1.97802 1.97742 1.97677 1.97607 1.97534 1.97458 1.9738 1.97302 1.97224 1.97147 1.97073 1.97 1.96931 1.96866 1.96804 1.96747 1.96695 1.96647 1.96604 1.96566 1.96532 1.96503 1.96478 1.96458 1.96441 1.96429 1.9642 1.96415 1.96413 1.96414 1.96419 1.96426 1.96437 1.9645 1.96466 1.96484 1.96504 1.96527 1.96551 1.96577 1.96604 1.96631 1.9666 
1.96007 1.96035 1.96064 1.96091 1.96118 1.96144 1.96168 1.96191 1.96213 1.96234 1.96254 1.96272 1.9629 1.96308 1.96325 1.96343 1.96362 1.96381 1.96403 1.96427 1.96454 1.96484 1.96518 1.96556 1.966 1.96648 1.96702 1.96762 1.96828 1.969 1.96977 1.97059 1.97147 1.97239 1.97334 1.97432 1.97532 1.97633 1.97734 1.97832 1.97928 1.9802 1.98106 1.98186 1.98258 1.98321 1.98375 1.98418 1.9845 1.98471 1.9848 1.98477 1.98462 1.98435 1.98397 1.98349 1.9829 1.98223 1.98148 1.98066 1.97978 1.97886 1.9779 1.97692 1.97594 1.97496 1.97398 1.97304 1.97212 1.97124 1.97041 1.96963 1.9689 1.96823 1.96762 1.96707 1.96657 1.96614 1.96576 1.96543 1.96516 1.96493 1.96475 1.96462 1.96453 1.96448 1.96447 1.96449 1.96455 1.96464 1.96476 1.96491 1.96509 1.96528 1.9655 1.96574 1.966 1.96626 1.96654 1.96682 
1.96028 1.96056 1.96084 1.96112 1.96139 1.96165 1.9619 1.96213 1.96236 1.96257 1.96278 1.96298 1.96317 1.96336 1.96356 1.96377 1.96399 1.96423 1.9645 1.9648 1.96514 1.96552 1.96596 1.96645 1.96701 1.96763 1.96833 1.9691 1.96994 1.97085 1.97184 1.97289 1.974 1.97516 1.97637 1.97761 1.97887 1.98014 1.98139 1.98263 1.98383 1.98497 1.98605 1.98704 1.98794 1.98872 1.98938 1.98992 1.99031 1.99056 1.99067 1.99062 1.99043 1.99009 1.98962 1.98901 1.98828 1.98744 1.98649 1.98547 1.98437 1.98321 1.98201 1.98078 1.97954 1.9783 1.97708 1.97589 1.97473 1.97362 1.97257 1.97158 1.97065 1.9698 1.96901 1.96831 1.96767 1.96711 1.96661 1.96619 1.96582 1.96552 1.96528 1.96509 1.96495 1.96486 1.96481 1.96481 1.96485 1.96492 1.96502 1.96516 1.96532 1.96551 1.96573 1.96596 1.96621 1.96648 1.96675 1.96703 
1.96047 1.96076 1.96104 1.96132 1.96159 1.96185 1.9621 1.96234 1.96257 1.9628 1.96301 1.96323 1.96344 1.96366 1.96389 1.96413 1.9644 1.96469 1.96503 1.9654 1.96583 1.96632 1.96688 1.96752 1.96823 1.96903 1.96991 1.97089 1.97196 1.97312 1.97437 1.9757 1.9771 1.97857 1.98008 1.98164 1.98321 1.9848 1.98637 1.9879 1.98939 1.99081 1.99214 1.99337 1.99447 1.99544 1.99625 1.99691 1.99739 1.99769 1.99781 1.99775 1.99751 1.99709 1.99649 1.99574 1.99483 1.99378 1.99261 1.99133 1.98996 1.98852 1.98702 1.98549 1.98394 1.98239 1.98086 1.97937 1.97791 1.97652 1.97519 1.97394 1.97277 1.97169 1.9707 1.96979 1.96898 1.96826 1.96763 1.96707 1.9666 1.9662 1.96587 1.96561 1.96541 1.96527 1.96518 1.96514 1.96515 1.96519 1.96528 1.9654 1.96555 1.96574 1.96594 1.96617 1.96642 1.96668 1.96695 1.96723 
1.96065 1.96093 1.96122 1.96149 1.96177 1.96203 1.96229 1.96254 1.96278 1.96301 1.96325 1.96348 1.96372 1.96397 1.96423 1.96453 1.96485 1.96522 1.96563 1.96611 1.96665 1.96728 1.96799 1.96879 1.9697 1.97071 1.97184 1.97307 1.97443 1.97589 1.97746 1.97912 1.98088 1.98271 1.9846 1.98653 1.98849 1.99045 1.99239 1.99429 1.99612 1.99787 1.9995 2.001 2.00235 2.00353 2.00453 2.00532 2.00591 2.00627 2.00641 2.00633 2.00602 2.0055 2.00477 2.00383 2.00271 2.00142 1.99997 1.99839 1.9967 1.99492 1.99307 1.99118 1.98926 1.98734 1.98544 1.98357 1.98176 1.98002 1.97836 1.9768 1.97533 1.97397 1.97272 1.97158 1.97055 1.96964 1.96883 1.96812 1.96751 1.96699 1.96656 1.96621 1.96593 1.96572 1.96558 1.9655 1.96546 1.96548 1.96554 1.96564 1.96578 1.96595 1.96614 1.96636 1.9666 1.96686 1.96713 1.96741 
1.96081 1.96109 1.96138 1.96166 1.96193 1.9622 1.96247 1.96272 1.96298 1.96323 1.96348 1.96374 1.96401 1.9643 1.96461 1.96497 1.96536 1.96582 1.96634 1.96694 1.96762 1.96841 1.96931 1.97032 1.97147 1.97274 1.97416 1.97571 1.9774 1.97923 1.98119 1.98326 1.98543 1.9877 1.99003 1.99242 1.99482 1.99723 1.99961 2.00193 2.00417 2.0063 2.00828 2.01011 2.01175 2.01318 2.01438 2.01534 2.01604 2.01647 2.01664 2.01653 2.01615 2.01551 2.01461 2.01347 2.01209 2.01051 2.00875 2.00682 2.00475 2.00257 2.0003 1.99798 1.99562 1.99326 1.99092 1.98862 1.98638 1.98423 1.98217 1.98023 1.9784 1.97671 1.97515 1.97372 1.97243 1.97128 1.97025 1.96935 1.96857 1.96791 1.96735 1.96689 1.96652 1.96623 1.96602 1.96588 1.9658 1.96578 1.96581 1.96588 1.966 1.96615 1.96634 1.96655 1.96678 1.96703 1.9673 1.96757 
1.96096 1.96124 1.96153 1.96181 1.96209 1.96236 1.96263 1.9629 1.96317 1.96344 1.96372 1.96401 1.96432 1.96466 1.96504 1.96546 1.96595 1.96651 1.96716 1.96791 1.96877 1.96976 1.97089 1.97216 1.97359 1.97518 1.97695 1.97888 1.98098 1.98324 1.98565 1.98821 1.99088 1.99366 1.99652 1.99943 2.00236 2.00529 2.00817 2.01099 2.0137 2.01626 2.01866 2.02086 2.02283 2.02454 2.02598 2.02713 2.02796 2.02848 2.02867 2.02853 2.02807 2.02728 2.02619 2.02481 2.02315 2.02124 2.0191 2.01676 2.01425 2.01161 2.00886 2.00603 2.00316 2.00029 1.99743 1.99462 1.99188 1.98924 1.98671 1.98432 1.98207 1.97997 1.97804 1.97627 1.97467 1.97322 1.97194 1.97081 1.96983 1.96899 1.96827 1.96767 1.96719 1.9668 1.96651 1.9663 1.96616 1.96609 1.96608 1.96613 1.96622 1.96635 1.96652 1.96672 1.96695 1.96719 1.96745 1.96772 
1.96109 1.96138 1.96166 1.96195 1.96223 1.96251 1.9628 1.96308 1.96336 1.96366 1.96397 1.9643 1.96466 1.96506 1.96551 1.96604 1.96664 1.96733 1.96814 1.96907 1.97014 1.97137 1.97277 1.97435 1.97613 1.9781 1.98028 1.98266 1.98524 1.98801 1.99097 1.99408 1.99734 2.00072 2.00418 2.0077 2.01124 2.01477 2.01824 2.02161 2.02486 2.02793 2.03079 2.03341 2.03576 2.0378 2.0395 2.04086 2.04185 2.04245 2.04267 2.04249 2.04193 2.04099 2.03968 2.03802 2.03603 2.03374 2.03118 2.02837 2.02536 2.02219 2.01888 2.01547 2.01202 2.00854 2.00509 2.00168 1.99836 1.99515 1.99208 1.98916 1.98641 1.98384 1.98147 1.97929 1.97731 1.97553 1.97394 1.97254 1.97131 1.97025 1.96935 1.96859 1.96796 1.96746 1.96706 1.96677 1.96656 1.96643 1.96638 1.96639 1.96645 1.96656 1.96671 1.96689 1.9671 1.96734 1.96759 1.96786 
1.96122 1.9615 1.96179 1.96207 1.96237 1.96266 1.96295 1.96325 1.96356 1.96389 1.96423 1.96461 1.96504 1.96551 1.96606 1.9667 1.96743 1.96829 1.96928 1.97043 1.97176 1.97328 1.97501 1.97696 1.97914 1.98156 1.98423 1.98714 1.99028 1.99365 1.99723 2.001 2.00493 2.00899 2.01315 2.01736 2.0216 2.0258 2.02994 2.03395 2.0378 2.04144 2.04483 2.04792 2.05069 2.05309 2.05509 2.05668 2.05783 2.05854 2.05878 2.05857 2.05789 2.05677 2.05522 2.05325 2.05089 2.04817 2.04513 2.0418 2.03823 2.03444 2.0305 2.02644 2.02231 2.01816 2.01402 2.00993 2.00594 2.00208 1.99836 1.99483 1.9915 1.98839 1.9855 1.98285 1.98043 1.97825 1.9763 1.97457 1.97305 1.97173 1.9706 1.96965 1.96886 1.96821 1.96769 1.9673 1.96701 1.96681 1.9667 1.96666 1.96668 1.96676 1.96689 1.96705 1.96725 1.96748 1.96772 1.96799 
1.96133 1.96161 1.9619 1.96219 1.96249 1.9628 1.96311 1.96343 1.96377 1.96413 1.96453 1.96497 1.96546 1.96604 1.9667 1.96747 1.96837 1.96942 1.97064 1.97205 1.97368 1.97554 1.97766 1.98004 1.9827 1.98564 1.98888 1.99239 1.99619 2.00024 2.00454 2.00905 2.01375 2.01859 2.02354 2.02855 2.03356 2.03853 2.04341 2.04813 2.05266 2.05693 2.06089 2.06451 2.06774 2.07054 2.07287 2.07472 2.07606 2.07687 2.07714 2.07688 2.07608 2.07476 2.07293 2.07062 2.06785 2.06466 2.06109 2.05718 2.05296 2.04851 2.04386 2.03906 2.03418 2.02925 2.02434 2.01948 2.01472 2.01011 2.00567 2.00144 1.99744 1.99369 1.99021 1.98701 1.98408 1.98143 1.97905 1.97694 1.97508 1.97347 1.97207 1.97089 1.9699 1.96908 1.96842 1.9679 1.96751 1.96723 1.96705 1.96695 1.96693 1.96697 1.96707 1.96722 1.9674 1.96761 1.96785 1.9681 
1.96144 1.96172 1.96201 1.96231 1.96262 1.96294 1.96327 1.96362 1.96399 1.9644 1.96485 1.96536 1.96595 1.96664 1.96743 1.96837 1.96946 1.97074 1.97223 1.97395 1.97594 1.9782 1.98077 1.98365 1.98686 1.99041 1.9943 1.99851 2.00305 2.00789 2.013 2.01836 2.02392 2.02964 2.03547 2.04135 2.04724 2.05306 2.05875 2.06427 2.06953 2.07449 2.0791 2.08329 2.08702 2.09025 2.09294 2.09507 2.0966 2.09753 2.09783 2.09752 2.09659 2.09505 2.09292 2.09024 2.08702 2.08331 2.07915 2.07459 2.06969 2.06448 2.05905 2.05344 2.04771 2.04192 2.03614 2.03042 2.0248 2.01935 2.01409 2.00906 2.0043 1.99984 1.99568 1.99184 1.98832 1.98513 1.98227 1.97971 1.97746 1.97549 1.97378 1.97233 1.9711 1.97008 1.96925 1.96859 1.96808 1.9677 1.96744 1.96727 1.9672 1.9672 1.96726 1.96738 1.96754 1.96774 1.96797 1.96822 
1.96154 1.96182 1.96211 1.96242 1.96274 1.96308 1.96343 1.96381 1.96423 1.96469 1.96522 1.96582 1.96651 1.96733 1.96829 1.96942 1.97074 1.97229 1.97409 1.97618 1.97857 1.9813 1.98439 1.98785 1.9917 1.99594 2.00056 2.00557 2.01095 2.01667 2.0227 2.029 2.03552 2.04222 2.04902 2.05588 2.06272 2.06947 2.07606 2.08243 2.0885 2.09422 2.09951 2.10431 2.10859 2.11229 2.11536 2.11779 2.11953 2.12058 2.12092 2.12055 2.11947 2.11769 2.11525 2.11216 2.10845 2.10418 2.09939 2.09413 2.08847 2.08245 2.07616 2.06965 2.063 2.05627 2.04953 2.04285 2.03628 2.02988 2.0237 2.01778 2.01217 2.00688 2.00196 1.99739 1.99321 1.98941 1.98598 1.98291 1.9802 1.97783 1.97577 1.974 1.9725 1.97125 1.97022 1.96939 1.96873 1.96824 1.96787 1.96763 1.96749 1.96744 1.96747 1.96755 1.96769 1.96787 1.96808 1.96832 
1.96164 1.96192 1.96222 1.96253 1.96287 1.96322 1.96361 1.96403 1.9645 1.96503 1.96563 1.96634 1.96716 1.96814 1.96928 1.97064 1.97223 1.97409 1.97626 1.97876 1.98163 1.9849 1.98858 1.9927 1.99727 2.00228 2.00775 2.01365 2.01997 2.02667 2.03371 2.04105 2.04864 2.0564 2.06428 2.07219 2.08007 2.08783 2.09539 2.10268 2.10961 2.11613 2.12215 2.12762 2.13247 2.13666 2.14014 2.14288 2.14485 2.14603 2.1464 2.14596 2.14473 2.14271 2.13992 2.1364 2.13218 2.12731 2.12184 2.11583 2.10935 2.10246 2.09524 2.08776 2.08011 2.07235 2.06456 2.05683 2.04921 2.04177 2.03457 2.02767 2.0211 2.01491 2.00911 2.00374 1.99881 1.99431 1.99024 1.9866 1.98336 1.98052 1.97805 1.97592 1.97411 1.97258 1.97132 1.9703 1.96948 1.96884 1.96837 1.96804 1.96782 1.96771 1.96769 1.96773 1.96784 1.968 1.9682 1.96843 
1.96174 1.96202 1.96232 1.96265 1.963 1.96338 1.9638 1.96427 1.9648 1.9654 1.96611 1.96694 1.96791 1.96907 1.97043 1.97205 1.97395 1.97618 1.97876 1.98174 1.98516 1.98903 1.99338 1.99825 2.00362 2.00951 2.01591 2.0228 2.03015 2.03794 2.0461 2.05458 2.06332 2.07225 2.08128 2.09033 2.09932 2.10815 2.11675 2.12501 2.13287 2.14023 2.14702 2.15318 2.15864 2.16334 2.16725 2.17032 2.17251 2.17382 2.17423 2.17373 2.17233 2.17005 2.1669 2.16293 2.15817 2.15267 2.14649 2.13969 2.13234 2.12452 2.11632 2.1078 2.09907 2.0902 2.08129 2.07241 2.06365 2.05507 2.04676 2.03877 2.03116 2.02396 2.01721 2.01093 2.00515 1.99987 1.99509 1.99079 1.98697 1.9836 1.98066 1.97812 1.97595 1.97412 1.97259 1.97134 1.97033 1.96954 1.96893 1.96849 1.96819 1.96801 1.96793 1.96793 1.968 1.96814 1.96832 1.96853 
1.96184 1.96212 1.96243 1.96277 1.96314 1.96355 1.96401 1.96454 1.96514 1.96583 1.96665 1.96762 1.96877 1.97014 1.97176 1.97368 1.97594 1.97857 1.98163 1.98516 1.98918 1.99373 1.99885 2.00453 2.01081 2.01766 2.02509 2.03307 2.04156 2.05052 2.05989 2.06961 2.0796 2.08977 2.10003 2.11029 2.12046 2.13044 2.14012 2.14941 2.15822 2.16646 2.17406 2.18093 2.18701 2.19225 2.19659 2.19999 2.20243 2.20387 2.20431 2.20375 2.20218 2.19963 2.19612 2.19168 2.18636 2.1802 2.17328 2.16566 2.15741 2.14861 2.13937 2.12976 2.11988 2.10984 2.09972 2.08962 2.07962 2.06983 2.06031 2.05114 2.04238 2.03407 2.02627 2.01901 2.0123 2.00615 2.00057 1.99554 1.99106 1.9871 1.98363 1.98063 1.97805 1.97586 1.97403 1.97252 1.9713 1.97032 1.96957 1.969 1.9686 1.96834 1.96819 1.96814 1.96818 1.96828 1.96844 1.96864 
1.96195 1.96222 1.96254 1.96289 1.96329 1.96374 1.96425 1.96484 1.96552 1.96632 1.96728 1.96841 1.96976 1.97137 1.97328 1.97554 1.9782 1.9813 1.9849 1.98903 1.99373 1.99905 2.005 2.0116 2.01886 2.02678 2.03533 2.04449 2.05421 2.06444 2.07512 2.08615 2.09746 2.10895 2.12052 2.13206 2.14346 2.15462 2.16543 2.17578 2.18558 2.19473 2.20314 2.21075 2.21747 2.22324 2.22803 2.23177 2.23444 2.23603 2.2365 2.23587 2.23413 2.23131 2.22742 2.22251 2.21661 2.20979 2.20211 2.19364 2.18446 2.17466 2.16434 2.15359 2.14252 2.13123 2.11984 2.10844 2.09714 2.08605 2.07523 2.06479 2.05479 2.04529 2.03635 2.028 2.02026 2.01316 2.0067 2.00087 1.99566 1.99104 1.98698 1.98346 1.98042 1.97784 1.97567 1.97387 1.97239 1.97121 1.97028 1.96958 1.96906 1.9687 1.96848 1.96838 1.96837 1.96844 1.96857 1.96876 
1.96206 1.96234 1.96266 1.96303 1.96346 1.96395 1.96452 1.96518 1.96596 1.96688 1.96799 1.96931 1.97089 1.97277 1.97501 1.97766 1.98077 1.98439 1.98858 1.99338 1.99885 2.005 2.01187 2.01947 2.02781 2.03687 2.04664 2.05707 2.06812 2.0797 2.09176 2.10419 2.11689 2.12976 2.14269 2.15555 2.16824 2.18062 2.19258 2.20401 2.21481 2.22488 2.23412 2.24246 2.24982 2.25613 2.26136 2.26544 2.26835 2.27007 2.27058 2.26988 2.26798 2.26488 2.26062 2.25524 2.24877 2.24128 2.23283 2.2235 2.21338 2.20255 2.19112 2.17919 2.16689 2.15432 2.1416 2.12885 2.11618 2.1037 2.09152 2.07972 2.0684 2.05762 2.04744 2.03792 2.02908 2.02094 2.01352 2.00681 2.00079 1.99544 1.99073 1.98663 1.98309 1.98006 1.97751 1.97538 1.97363 1.97222 1.97109 1.97023 1.96958 1.96911 1.96881 1.96864 1.96858 1.96861 1.96871 1.96888 
1.96218 1.96246 1.96279 1.96319 1.96365 1.96419 1.96482 1.96556 1.96645 1.96752 1.96879 1.97032 1.97216 1.97435 1.97696 1.98004 1.98365 1.98785 1.9927 1.99825 2.00453 2.0116 2.01947 2.02816 2.03766 2.04796 2.05902 2.07081 2.08325 2.09627 2.10977 2.12366 2.13782 2.15212 2.16645 2.18067 2.19466 2.20828 2.22141 2.23393 2.24574 2.25672 2.26679 2.27585 2.28384 2.29069 2.29634 2.30076 2.3039 2.30576 2.3063 2.30554 2.30347 2.30011 2.29548 2.28963 2.2826 2.27445 2.26524 2.25506 2.24399 2.23212 2.21958 2.20646 2.19289 2.17901 2.16492 2.15077 2.13667 2.12275 2.10913 2.09591 2.08319 2.07104 2.05955 2.04877 2.03874 2.02949 2.02103 2.01336 2.00646 2.00032 1.9949 1.99016 1.98606 1.98255 1.97957 1.97708 1.97502 1.97334 1.972 1.97095 1.97016 1.96957 1.96917 1.96893 1.96881 1.96879 1.96887 1.96902 
1.96232 1.96259 1.96294 1.96336 1.96386 1.96445 1.96515 1.966 1.96701 1.96823 1.9697 1.97147 1.97359 1.97613 1.97914 1.9827 1.98686 1.9917 1.99727 2.00362 2.01081 2.01886 2.02781 2.03766 2.0484 2.06001 2.07246 2.08567 2.09958 2.11409 2.1291 2.1445 2.16015 2.17592 2.19168 2.20727 2.22257 2.23743 2.25173 2.26533 2.27813 2.29001 2.30088 2.31065 2.31925 2.32661 2.33268 2.33742 2.3408 2.34278 2.34336 2.34253 2.3403 2.33669 2.33172 2.32542 2.31785 2.30905 2.2991 2.28808 2.27607 2.26318 2.24952 2.23521 2.22038 2.20516 2.18968 2.17409 2.15853 2.14313 2.12801 2.1133 2.09912 2.08554 2.07266 2.06055 2.04926 2.03881 2.02923 2.02053 2.01268 2.00568 1.99949 1.99406 1.98934 1.98529 1.98185 1.97896 1.97656 1.97459 1.97301 1.97176 1.9708 1.97009 1.96958 1.96925 1.96906 1.969 1.96904 1.96917 
1.96246 1.96274 1.9631 1.96355 1.96409 1.96474 1.96553 1.96648 1.96763 1.96903 1.97071 1.97274 1.97518 1.9781 1.98156 1.98564 1.99041 1.99594 2.00228 2.00951 2.01766 2.02678 2.03687 2.04796 2.06001 2.07301 2.08689 2.1016 2.11703 2.13309 2.14965 2.16659 2.18376 2.20101 2.2182 2.23517 2.25178 2.26787 2.28331 2.29797 2.31173 2.32448 2.33612 2.34657 2.35575 2.3636 2.37007 2.37511 2.37869 2.3808 2.38141 2.38053 2.37816 2.37431 2.36901 2.36229 2.3542 2.34479 2.33413 2.3223 2.30939 2.2955 2.28075 2.26526 2.24917 2.23261 2.21574 2.1987 2.18165 2.16472 2.14808 2.13184 2.11613 2.10106 2.08673 2.07322 2.06059 2.04888 2.03812 2.02831 2.01945 2.01153 2.0045 1.99832 1.99295 1.98831 1.98436 1.98103 1.97826 1.97598 1.97413 1.97266 1.97152 1.97065 1.97003 1.9696 1.96934 1.96922 1.96923 1.96933 
1.96263 1.96291 1.96328 1.96376 1.96435 1.96507 1.96595 1.96702 1.96833 1.96991 1.97184 1.97416 1.97695 1.98028 1.98423 1.98888 1.9943 2.00056 2.00775 2.01591 2.02509 2.03533 2.04664 2.05902 2.07246 2.08689 2.10227 2.11852 2.13551 2.15315 2.17129 2.18979 2.20848 2.22722 2.24583 2.26416 2.28205 2.29934 2.31589 2.33156 2.34624 2.35982 2.37219 2.38327 2.39299 2.4013 2.40813 2.41345 2.41723 2.41946 2.4201 2.41917 2.41667 2.41261 2.40701 2.3999 2.39133 2.38135 2.37002 2.35742 2.34365 2.3288 2.313 2.29636 2.27904 2.26117 2.24291 2.22442 2.20587 2.18742 2.16921 2.1514 2.13414 2.11753 2.1017 2.08674 2.07271 2.05967 2.04766 2.03669 2.02676 2.01785 2.00993 2.00295 1.99687 1.99161 1.98711 1.9833 1.98012 1.97749 1.97536 1.97365 1.9723 1.97128 1.97052 1.96999 1.96965 1.96947 1.96943 1.96951 
1.96281 1.96309 1.96348 1.96399 1.96464 1.96544 1.96642 1.96762 1.9691 1.97089 1.97307 1.97571 1.97888 1.98266 1.98714 1.99239 1.99851 2.00557 2.01365 2.0228 2.03307 2.04449 2.05707 2.07081 2.08567 2.1016 2.11852 2.13633 2.15492 2.17416 2.19388 2.21393 2.23415 2.25435 2.27436 2.29401 2.31314 2.33157 2.34918 2.36581 2.38135 2.3957 2.40874 2.42041 2.43063 2.43934 2.44651 2.45208 2.45604 2.45837 2.45905 2.45808 2.45546 2.45121 2.44534 2.43789 2.42888 2.41838 2.40644 2.39314 2.37856 2.36281 2.346 2.32827 2.30975 2.2906 2.27099 2.25108 2.23104 2.21105 2.19128 2.17189 2.15304 2.13487 2.11749 2.10103 2.08556 2.07114 2.05783 2.04564 2.03458 2.02463 2.01577 2.00794 2.00109 1.99516 1.99008 1.98576 1.98215 1.97915 1.9767 1.97472 1.97316 1.97196 1.97106 1.97042 1.96999 1.96975 1.96966 1.9697 
1.963 1.96328 1.9637 1.96425 1.96495 1.96583 1.96693 1.96828 1.96994 1.97196 1.97443 1.9774 1.98098 1.98524 1.99028 1.99619 2.00305 2.01095 2.01997 2.03015 2.04156 2.05421 2.06812 2.08325 2.09958 2.11703 2.13551 2.15492 2.17512 2.19595 2.21725 2.23885 2.26055 2.28218 2.30354 2.32446 2.34477 2.36429 2.38288 2.40041 2.41674 2.43178 2.44544 2.45763 2.46829 2.47737 2.48482 2.49062 2.49473 2.49715 2.49786 2.49686 2.49415 2.48974 2.48364 2.47589 2.46651 2.45554 2.44305 2.42911 2.4138 2.39721 2.37947 2.3607 2.34105 2.32068 2.29975 2.27845 2.25696 2.23545 2.21413 2.19316 2.17272 2.15296 2.13401 2.11602 2.09906 2.08323 2.06857 2.05511 2.04288 2.03184 2.02199 2.01327 2.00562 1.99898 1.99327 1.98842 1.98433 1.98093 1.97814 1.97589 1.9741 1.9727 1.97165 1.97088 1.97036 1.97004 1.9699 1.96992 
1.96321 1.9635 1.96394 1.96453 1.9653 1.96627 1.96749 1.969 1.97085 1.97312 1.97589 1.97923 1.98324 1.98801 1.99365 2.00024 2.00789 2.01667 2.02667 2.03794 2.05052 2.06444 2.0797 2.09627 2.11409 2.13309 2.15315 2.17416 2.19595 2.21837 2.24122 2.26432 2.28747 2.31047 2.33313 2.35525 2.37666 2.39719 2.41669 2.43502 2.45207 2.46774 2.48192 2.49457 2.50561 2.515 2.5227 2.52868 2.53293 2.53543 2.53617 2.53515 2.53237 2.52783 2.52155 2.51354 2.50384 2.49248 2.47952 2.46501 2.44904 2.4317 2.4131 2.39338 2.37267 2.35114 2.32897 2.30633 2.28342 2.26044 2.23759 2.21505 2.19302 2.17167 2.15115 2.1316 2.11314 2.09586 2.07982 2.06506 2.05161 2.03945 2.02856 2.01891 2.01042 2.00304 1.99667 1.99124 1.98666 1.98284 1.9797 1.97714 1.9751 1.9735 1.97228 1.97139 1.97076 1.97037 1.97017 1.97015 
1.96345 1.96374 1.96419 1.96483 1.96567 1.96674 1.96809 1.96977 1.97184 1.97437 1.97746 1.98119 1.98565 1.99097 1.99723 2.00454 2.013 2.0227 2.03371 2.0461 2.05989 2.07512 2.09176 2.10977 2.1291 2.14965 2.17129 2.19388 2.21725 2.24122 2.26559 2.29014 2.31468 2.33898 2.36285 2.3861 2.40852 2.42997 2.45029 2.46934 2.48702 2.50322 2.51787 2.53089 2.54224 2.55189 2.55979 2.56592 2.57028 2.57285 2.57362 2.57258 2.56975 2.56512 2.55869 2.55049 2.54053 2.52885 2.51549 2.50051 2.48397 2.46596 2.4466 2.42601 2.40433 2.38172 2.35837 2.33447 2.31021 2.2858 2.26146 2.23739 2.2138 2.19087 2.16878 2.14768 2.1277 2.10895 2.0915 2.07542 2.06072 2.0474 2.03546 2.02483 2.01548 2.00732 2.00027 1.99424 1.98914 1.98487 1.98135 1.97848 1.97617 1.97436 1.97296 1.97192 1.97119 1.97071 1.97046 1.9704 
1.96369 1.96399 1.96447 1.96516 1.96607 1.96725 1.96874 1.97059 1.97289 1.9757 1.97912 1.98326 1.98821 1.99408 2.001 2.00905 2.01836 2.029 2.04105 2.05458 2.06961 2.08615 2.10419 2.12366 2.1445 2.16659 2.18979 2.21393 2.23885 2.26432 2.29014 2.31609 2.34194 2.36747 2.39246 2.41673 2.44009 2.46235 2.48339 2.50307 2.52127 2.53792 2.55294 2.56627 2.57787 2.5877 2.59576 2.60201 2.60645 2.60907 2.60986 2.60883 2.60597 2.60127 2.59475 2.58641 2.57627 2.56434 2.55066 2.53528 2.51827 2.49969 2.47967 2.4583 2.43575 2.41216 2.38772 2.36263 2.33709 2.31133 2.28556 2.26 2.23489 2.21041 2.18676 2.16412 2.14262 2.1224 2.10354 2.08611 2.07014 2.05565 2.04262 2.03101 2.02075 2.01179 2.00403 1.99738 1.99174 1.98701 1.98309 1.97989 1.97731 1.97526 1.97368 1.9725 1.97165 1.97108 1.97077 1.97067 
1.96396 1.96426 1.96477 1.96551 1.9665 1.96779 1.96943 1.97147 1.974 1.9771 1.98088 1.98543 1.99088 1.99734 2.00493 2.01375 2.02392 2.03552 2.04864 2.06332 2.0796 2.09746 2.11689 2.13782 2.16015 2.18376 2.20848 2.23415 2.26055 2.28747 2.31468 2.34194 2.36901 2.39567 2.4217 2.4469 2.47107 2.49405 2.51571 2.53591 2.55455 2.57155 2.58685 2.60041 2.61218 2.62216 2.63031 2.63664 2.64113 2.64379 2.64461 2.64359 2.64072 2.636 2.62943 2.62101 2.61074 2.59864 2.58473 2.56905 2.55165 2.53261 2.51202 2.48999 2.46667 2.4422 2.41677 2.39058 2.36385 2.3368 2.30967 2.28269 2.2561 2.23012 2.20495 2.18079 2.1578 2.13611 2.11584 2.09706 2.07982 2.06414 2.05 2.03738 2.02621 2.01643 2.00794 2.00065 1.99445 1.98924 1.98492 1.98137 1.9785 1.97622 1.97444 1.9731 1.97213 1.97147 1.97109 1.97096 
1.96424 1.96454 1.96508 1.96588 1.96696 1.96836 1.97015 1.97239 1.97516 1.97857 1.98271 1.9877 1.99366 2.00072 2.00899 2.01859 2.02964 2.04222 2.0564 2.07225 2.08977 2.10895 2.12976 2.15212 2.17592 2.20101 2.22722 2.25435 2.28218 2.31047 2.33898 2.36747 2.39567 2.42337 2.45032 2.47634 2.50122 2.52482 2.54698 2.5676 2.58657 2.60384 2.61935 2.63305 2.64494 2.65499 2.6632 2.66957 2.67409 2.67678 2.67762 2.67662 2.67376 2.66905 2.66247 2.65402 2.64369 2.63149 2.61743 2.60154 2.58386 2.56446 2.54341 2.52082 2.49683 2.47158 2.44527 2.41809 2.39026 2.36202 2.33361 2.30528 2.27727 2.24984 2.2232 2.19755 2.17309 2.14996 2.12829 2.10817 2.08966 2.07278 2.05754 2.0439 2.03181 2.02119 2.01197 2.00402 1.99726 1.99156 1.98681 1.9829 1.97973 1.97721 1.97523 1.97373 1.97263 1.97188 1.97144 1.97126 
1.96453 1.96484 1.96541 1.96626 1.96743 1.96895 1.9709 1.97334 1.97637 1.98008 1.9846 1.99003 1.99652 2.00418 2.01315 2.02354 2.03547 2.04902 2.06428 2.08128 2.10003 2.12052 2.14269 2.16645 2.19168 2.2182 2.24583 2.27436 2.30354 2.33313 2.36285 2.39246 2.4217 2.45032 2.4781 2.50482 2.53031 2.55441 2.57698 2.59791 2.61713 2.63458 2.6502 2.66398 2.67591 2.68599 2.69421 2.70058 2.70511 2.70781 2.70867 2.7077 2.70488 2.7002 2.69366 2.68523 2.6749 2.66267 2.64855 2.63253 2.61466 2.59499 2.57359 2.55055 2.526 2.50009 2.473 2.44492 2.4161 2.38676 2.35716 2.32756 2.29822 2.2694 2.24134 2.21427 2.18838 2.16384 2.1408 2.11935 2.09958 2.08152 2.06517 2.05052 2.0375 2.02605 2.01607 2.00747 2.00013 1.99393 1.98875 1.98448 1.98101 1.97823 1.97605 1.97438 1.97316 1.97231 1.97179 1.97157 
1.96483 1.96515 1.96575 1.96666 1.96792 1.96957 1.97168 1.97432 1.97761 1.98164 1.98653 1.99242 1.99943 2.0077 2.01736 2.02855 2.04135 2.05588 2.07219 2.09033 2.11029 2.13206 2.15555 2.18067 2.20727 2.23517 2.26416 2.29401 2.32446 2.35525 2.3861 2.41673 2.4469 2.47634 2.50482 2.53215 2.55814 2.58263 2.6055 2.62666 2.64603 2.66357 2.67924 2.69303 2.70494 2.71499 2.72317 2.72952 2.73404 2.73673 2.73762 2.73668 2.73391 2.7293 2.72282 2.71446 2.7042 2.69201 2.67788 2.66183 2.64386 2.62401 2.60235 2.57897 2.55397 2.5275 2.49974 2.47089 2.44117 2.41083 2.38014 2.34936 2.31877 2.28864 2.25923 2.23078 2.20352 2.17762 2.15324 2.1305 2.1095 2.09027 2.07283 2.05717 2.04323 2.03094 2.02022 2.01096 2.00304 1.99633 1.99072 1.98609 1.98231 1.97928 1.97689 1.97505 1.9737 1.97275 1.97216 1.9719 
1.96514 1.96547 1.9661 1.96707 1.96842 1.97019 1.97247 1.97532 1.97887 1.98321 1.98849 1.99482 2.00236 2.01124 2.0216 2.03356 2.04724 2.06272 2.08007 2.09932 2.12046 2.14346 2.16824 2.19466 2.22257 2.25178 2.28205 2.31314 2.34477 2.37666 2.40852 2.44009 2.47107 2.50122 2.53031 2.55814 2.58452 2.60931 2.63239 2.65368 2.67312 2.69067 2.70631 2.72005 2.7319 2.74187 2.74999 2.75628 2.76076 2.76345 2.76434 2.76344 2.76074 2.75622 2.74985 2.7416 2.73144 2.71935 2.7053 2.68927 2.67129 2.65136 2.62954 2.6059 2.58055 2.55363 2.52531 2.49578 2.46528 2.43405 2.40236 2.37049 2.33874 2.30739 2.27671 2.24696 2.21838 2.19117 2.16551 2.14152 2.11932 2.09895 2.08045 2.06379 2.04895 2.03584 2.02438 2.01446 2.00596 1.99875 1.99272 1.98771 1.98363 1.98034 1.97774 1.97573 1.97424 1.9732 1.97254 1.97223 
1.96546 1.96579 1.96646 1.96749 1.96893 1.97083 1.97327 1.97633 1.98014 1.9848 1.99045 1.99723 2.00529 2.01477 2.0258 2.03853 2.05306 2.06947 2.08783 2.10815 2.13044 2.15462 2.18062 2.20828 2.23743 2.26787 2.29934 2.33157 2.36429 2.39719 2.42997 2.46235 2.49405 2.52482 2.55441 2.58263 2.60931 2.6343 2.65751 2.67885 2.69828 2.71578 2.73134 2.74497 2.7567 2.76656 2.77458 2.78079 2.78522 2.78788 2.78879 2.78794 2.78532 2.7809 2.77466 2.76656 2.75656 2.74461 2.73069 2.71476 2.69683 2.67689 2.655 2.6312 2.6056 2.57833 2.54955 2.51945 2.48826 2.45623 2.42365 2.3908 2.35799 2.3255 2.29363 2.26266 2.23283 2.20438 2.17749 2.15231 2.12895 2.10748 2.08794 2.07033 2.05459 2.04068 2.0285 2.01793 2.00887 2.00117 1.9947 1.98934 1.98494 1.9814 1.97859 1.97642 1.9748 1.97365 1.97292 1.97257 
1.96578 1.96611 1.96681 1.96791 1.96944 1.97146 1.97406 1.97734 1.98139 1.98637 1.99239 1.99961 2.00817 2.01824 2.02994 2.04341 2.05875 2.07606 2.09539 2.11675 2.14012 2.16543 2.19258 2.22141 2.25173 2.28331 2.31589 2.34918 2.38288 2.41669 2.45029 2.48339 2.51571 2.54698 2.57698 2.6055 2.63239 2.65751 2.68076 2.70209 2.72145 2.73883 2.75425 2.76774 2.77931 2.78903 2.79692 2.80303 2.80739 2.81003 2.81095 2.81015 2.80761 2.80332 2.79723 2.78931 2.77949 2.76773 2.75398 2.73821 2.72039 2.70052 2.67863 2.65475 2.62899 2.60145 2.5723 2.54173 2.50996 2.47725 2.44387 2.41013 2.37635 2.34281 2.30985 2.27774 2.24675 2.21713 2.18907 2.16275 2.13829 2.11577 2.09524 2.0767 2.06011 2.04542 2.03253 2.02134 2.01172 2.00354 1.99666 1.99094 1.98624 1.98245 1.97944 1.9771 1.97535 1.9741 1.9733 1.9729 
1.96609 1.96643 1.96717 1.96832 1.96994 1.97209 1.97485 1.97832 1.98263 1.9879 1.99429 2.00193 2.01099 2.02161 2.03395 2.04813 2.06427 2.08243 2.10268 2.12501 2.14941 2.17578 2.20401 2.23393 2.26533 2.29797 2.33156 2.36581 2.40041 2.43502 2.46934 2.50307 2.53591 2.5676 2.59791 2.62666 2.65368 2.67885 2.70209 2.72333 2.74257 2.7598 2.77505 2.78834 2.79974 2.80928 2.81703 2.82303 2.82731 2.82991 2.83083 2.83008 2.82765 2.82349 2.81757 2.80984 2.80023 2.78869 2.77516 2.75958 2.74193 2.72218 2.70035 2.67647 2.65061 2.6229 2.59347 2.56251 2.53025 2.49694 2.46287 2.42835 2.39368 2.35921 2.32523 2.29207 2.26001 2.22929 2.20015 2.17276 2.14726 2.12375 2.10227 2.08285 2.06545 2.05001 2.03645 2.02465 2.0145 2.00585 1.99857 1.9925 1.98752 1.98348 1.98026 1.97777 1.97589 1.97455 1.97368 1.97324 
1.9664 1.96675 1.96752 1.96873 1.97043 1.9727 1.97561 1.97928 1.98383 1.98939 1.99612 2.00417 2.0137 2.02486 2.0378 2.05266 2.06953 2.0885 2.10961 2.13287 2.15822 2.18558 2.21481 2.24574 2.27813 2.31173 2.34624 2.38135 2.41674 2.45207 2.48702 2.52127 2.55455 2.58657 2.61713 2.64603 2.67312 2.69828 2.72145 2.74257 2.76165 2.77868 2.79372 2.80681 2.818 2.82736 2.83495 2.84082 2.84502 2.84758 2.84851 2.84781 2.84547 2.84145 2.83571 2.82818 2.81881 2.80751 2.79421 2.77887 2.76142 2.74184 2.72012 2.69628 2.67041 2.64258 2.61294 2.58168 2.54902 2.51521 2.48054 2.44532 2.40988 2.37455 2.33966 2.30554 2.27249 2.24077 2.21062 2.18223 2.15577 2.13132 2.10896 2.08871 2.07054 2.0544 2.0402 2.02783 2.01717 2.00808 2.00041 1.99401 1.98875 1.98447 1.98107 1.97841 1.97641 1.97498 1.97405 1.97357 
1.96669 1.96705 1.96785 1.96912 1.9709 1.97328 1.97634 1.9802 1.98497 1.99081 1.99787 2.0063 2.01626 2.02793 2.04144 2.05693 2.07449 2.09422 2.11613 2.14023 2.16646 2.19473 2.22488 2.25672 2.29001 2.32448 2.35982 2.3957 2.43178 2.46774 2.50322 2.53792 2.57155 2.60384 2.63458 2.66357 2.69067 2.71578 2.73883 2.7598 2.77868 2.79551 2.81032 2.82318 2.83416 2.84333 2.85075 2.85649 2.8606 2.86312 2.86405 2.86341 2.86116 2.85729 2.85173 2.84441 2.83527 2.82422 2.81118 2.79609 2.77886 2.75948 2.73791 2.71417 2.68831 2.66043 2.63066 2.59917 2.56618 2.53194 2.49676 2.46093 2.42481 2.38873 2.35303 2.31804 2.28409 2.25146 2.22038 2.19109 2.16373 2.13842 2.11524 2.09422 2.07533 2.05853 2.04373 2.03083 2.0197 2.01019 2.00215 1.99545 1.98992 1.98542 1.98184 1.97903 1.97692 1.97539 1.9744 1.97388 
1.96697 1.96734 1.96817 1.96949 1.97135 1.97384 1.97703 1.98106 1.98605 1.99214 1.9995 2.00828 2.01866 2.03079 2.04483 2.06089 2.0791 2.09951 2.12215 2.14702 2.17406 2.20314 2.23412 2.26679 2.30088 2.33612 2.37219 2.40874 2.44544 2.48192 2.51787 2.55294 2.58685 2.61935 2.6502 2.67924 2.70631 2.73134 2.75425 2.77505 2.79372 2.81032 2.8249 2.83753 2.84829 2.85727 2.86453 2.87014 2.87416 2.87663 2.87757 2.87697 2.87482 2.87108 2.8657 2.85859 2.84969 2.83889 2.82612 2.81127 2.79429 2.77512 2.75372 2.73011 2.70432 2.67643 2.64656 2.6149 2.58165 2.54707 2.51145 2.47511 2.43839 2.40164 2.36522 2.32947 2.29472 2.26126 2.22936 2.19923 2.17106 2.14497 2.12105 2.09932 2.07977 2.06237 2.04702 2.03363 2.02205 2.01215 2.00378 1.99679 1.99101 1.98631 1.98256 1.97962 1.97739 1.97579 1.97473 1.97418 
1.96723 1.96761 1.96846 1.96983 1.97177 1.97435 1.97767 1.98186 1.98704 1.99337 2.001 2.01011 2.02086 2.03341 2.04792 2.06451 2.08329 2.10431 2.12762 2.15318 2.18093 2.21075 2.24246 2.27585 2.31065 2.34657 2.38327 2.42041 2.45763 2.49457 2.53089 2.56627 2.60041 2.63305 2.66398 2.69303 2.72005 2.74497 2.76774 2.78834 2.80681 2.82318 2.83753 2.84994 2.86049 2.86927 2.87637 2.88186 2.8858 2.88822 2.88916 2.88861 2.88655 2.88295 2.87773 2.87083 2.86215 2.8516 2.83907 2.82448 2.80774 2.78879 2.76758 2.7441 2.7184 2.69053 2.66062 2.62884 2.59539 2.56052 2.52454 2.48776 2.45053 2.41321 2.37616 2.33974 2.30428 2.27009 2.23745 2.20659 2.1777 2.15091 2.12631 2.10395 2.08382 2.06587 2.05002 2.03618 2.0242 2.01396 2.00528 1.99802 1.99202 1.98713 1.98322 1.98016 1.97783 1.97615 1.97504 1.97446 
1.96747 1.96785 1.96873 1.97014 1.97214 1.97481 1.97825 1.98258 1.98794 1.99447 2.00235 2.01175 2.02283 2.03576 2.05069 2.06774 2.08702 2.10859 2.13247 2.15864 2.18701 2.21747 2.24982 2.28384 2.31925 2.35575 2.39299 2.43063 2.46829 2.50561 2.54224 2.57787 2.61218 2.64494 2.67591 2.70494 2.7319 2.7567 2.77931 2.79974 2.818 2.83416 2.84829 2.86049 2.87085 2.87946 2.88641 2.89178 2.89564 2.89802 2.89896 2.89845 2.89647 2.89299 2.88793 2.88121 2.87274 2.86242 2.85013 2.83578 2.81927 2.80052 2.77949 2.75617 2.73056 2.70274 2.67281 2.64094 2.60734 2.57225 2.53597 2.49882 2.46116 2.42336 2.38577 2.34877 2.3127 2.27788 2.2446 2.2131 2.18358 2.15618 2.13099 2.10807 2.08741 2.06898 2.0527 2.03846 2.02613 2.01557 2.00662 1.99913 1.99293 1.98787 1.98382 1.98064 1.97823 1.97648 1.97532 1.97471 
1.96768 1.96807 1.96897 1.97042 1.97248 1.97522 1.97876 1.98321 1.98872 1.99544 2.00353 2.01318 2.02454 2.0378 2.05309 2.07054 2.09025 2.11229 2.13666 2.16334 2.19225 2.22324 2.25613 2.29069 2.32661 2.3636 2.4013 2.43934 2.47737 2.515 2.55189 2.5877 2.62216 2.65499 2.68599 2.71499 2.74187 2.76656 2.78903 2.80928 2.82736 2.84333 2.85727 2.86927 2.87946 2.88791 2.89473 2.9 2.90378 2.90613 2.90707 2.9066 2.90469 2.90131 2.89639 2.88984 2.88156 2.87144 2.85936 2.84522 2.82892 2.81037 2.78951 2.76632 2.74081 2.71304 2.68312 2.65119 2.61747 2.5822 2.54569 2.50824 2.47023 2.43202 2.39398 2.3565 2.31992 2.28457 2.25075 2.2187 2.18864 2.16072 2.13503 2.11163 2.09053 2.07168 2.05502 2.04044 2.02781 2.01698 2.00779 2.00009 1.99372 1.98852 1.98435 1.98107 1.97858 1.97677 1.97557 1.97493 
1.96787 1.96825 1.96917 1.97065 1.97276 1.97557 1.97919 1.98375 1.98938 1.99625 2.00453 2.01438 2.02598 2.0395 2.05509 2.07287 2.09294 2.11536 2.14014 2.16725 2.19659 2.22803 2.26136 2.29634 2.33268 2.37007 2.40813 2.44651 2.48482 2.5227 2.55979 2.59576 2.63031 2.6632 2.69421 2.72317 2.74999 2.77458 2.79692 2.81703 2.83495 2.85075 2.86453 2.87637 2.88641 2.89473 2.90144 2.90662 2.91035 2.91266 2.9136 2.91316 2.91132 2.90803 2.90322 2.89681 2.88868 2.87873 2.86684 2.85288 2.83676 2.81837 2.79766 2.77459 2.74918 2.72146 2.69154 2.65958 2.62577 2.59036 2.55366 2.51598 2.47768 2.43914 2.40075 2.36287 2.32587 2.29009 2.25583 2.22334 2.19284 2.16448 2.13838 2.11459 2.09312 2.07394 2.05696 2.0421 2.02921 2.01816 2.00878 2.00091 1.99439 1.98907 1.98479 1.98143 1.97888 1.97702 1.97579 1.97512 
1.96801 1.96841 1.96934 1.97085 1.97299 1.97586 1.97954 1.98418 1.98992 1.99691 2.00532 2.01534 2.02713 2.04086 2.05668 2.07472 2.09507 2.11779 2.14288 2.17032 2.19999 2.23177 2.26544 2.30076 2.33742 2.37511 2.41345 2.45208 2.49062 2.52868 2.56592 2.60201 2.63664 2.66957 2.70058 2.72952 2.75628 2.78079 2.80303 2.82303 2.84082 2.85649 2.87014 2.88186 2.89178 2.9 2.90662 2.91173 2.91541 2.91771 2.91865 2.91823 2.91643 2.91321 2.9085 2.90219 2.89419 2.88438 2.87263 2.85882 2.84283 2.82457 2.80398 2.78101 2.75566 2.72799 2.69808 2.66609 2.63221 2.59671 2.55985 2.52199 2.48348 2.44469 2.40602 2.36784 2.33052 2.29441 2.2598 2.22697 2.19613 2.16744 2.14102 2.11693 2.09517 2.07572 2.0585 2.04341 2.03033 2.0191 2.00956 2.00156 1.99493 1.98951 1.98515 1.98173 1.97912 1.97722 1.97596 1.97528 
1.96813 1.96852 1.96947 1.97099 1.97317 1.97607 1.9798 1.9845 1.99031 1.99739 2.00591 2.01604 2.02796 2.04185 2.05783 2.07606 2.0966 2.11953 2.14485 2.17251 2.20243 2.23444 2.26835 2.3039 2.3408 2.37869 2.41723 2.45604 2.49473 2.53293 2.57028 2.60645 2.64113 2.67409 2.70511 2.73404 2.76076 2.78522 2.80739 2.82731 2.84502 2.8606 2.87416 2.8858 2.89564 2.90378 2.91035 2.91541 2.91906 2.92134 2.92228 2.92188 2.92012 2.91695 2.9123 2.90607 2.89815 2.88843 2.87678 2.86306 2.84717 2.82901 2.80849 2.78558 2.76028 2.73264 2.70273 2.67072 2.6368 2.60121 2.56426 2.52627 2.4876 2.44863 2.40976 2.37137 2.33383 2.29748 2.26264 2.22956 2.19848 2.16956 2.14291 2.1186 2.09664 2.077 2.05961 2.04437 2.03114 2.01978 2.01014 2.00204 1.99532 1.98983 1.98542 1.98195 1.9793 1.97737 1.97609 1.9754 
1.9682 1.9686 1.96955 1.97109 1.97328 1.97621 1.97997 1.98471 1.99056 1.99769 2.00627 2.01647 2.02848 2.04245 2.05854 2.07687 2.09753 2.12058 2.14603 2.17382 2.20387 2.23603 2.27007 2.30576 2.34278 2.3808 2.41946 2.45837 2.49715 2.53543 2.57285 2.60907 2.64379 2.67678 2.70781 2.73673 2.76345 2.78788 2.81003 2.82991 2.84758 2.86312 2.87663 2.88822 2.89802 2.90613 2.91266 2.91771 2.92134 2.92361 2.92455 2.92416 2.92242 2.91928 2.91466 2.90847 2.9006 2.89093 2.87933 2.86566 2.84982 2.8317 2.81122 2.78834 2.76305 2.73541 2.7055 2.67346 2.63951 2.60387 2.56685 2.52878 2.49002 2.45095 2.41196 2.37345 2.33577 2.29929 2.26431 2.2311 2.19988 2.17082 2.14404 2.11961 2.09753 2.07778 2.06029 2.04495 2.03164 2.02021 2.0105 2.00234 1.99557 1.99004 1.98559 1.98209 1.97942 1.97747 1.97618 1.97548 
