1.28215 1.2825 1.28285 1.28318 1.28349 1.28378 1.28405 1.28429 1.2845 1.28469 1.28485 1.28498 1.2851 1.28519 1.28527 1.28533 1.28538 1.28542 1.28545 1.28547 1.28549 1.28551 1.28553 1.28554 1.28555 1.28557 1.28558 1.2856 1.28562 1.28565 1.28568 1.28571 1.28574 1.28578 1.28583 1.28587 1.28593 1.28598 1.28604 1.28609 1.28615 1.28621 1.28627 1.28632 1.28637 1.28642 1.28646 1.28649 1.28652 1.28654 1.28655 1.28655 1.28655 1.28653 1.28651 1.28648 1.28644 1.2864 1.28635 1.2863 1.28625 1.28619 1.28613 1.28608 1.28602 1.28597 1.28591 1.28587 1.28582 1.28578 1.28574 1.28571 1.28568 1.28565 1.28563 1.28561 1.2856 1.28559 1.28559 1.28559 1.28559 1.2856 1.28562 1.28565 1.28569 1.28574 1.28581 1.2859 1.28601 1.28614 1.2863 1.28648 1.28669 1.28693 1.2872 1.28749 1.28781 1.28814 1.28848 1.28884 
1.2825 1.28286 1.2832 1.28353 1.28384 1.28413 1.2844 1.28464 1.28485 1.28504 1.2852 1.28534 1.28545 1.28554 1.28562 1.28568 1.28573 1.28577 1.2858 1.28583 1.28585 1.28586 1.28588 1.28589 1.2859 1.28592 1.28593 1.28595 1.28597 1.28599 1.28602 1.28605 1.28608 1.28612 1.28616 1.28621 1.28626 1.28632 1.28637 1.28643 1.28649 1.28655 1.2866 1.28666 1.28671 1.28676 1.2868 1.28683 1.28686 1.28688 1.28689 1.28689 1.28688 1.28687 1.28685 1.28682 1.28678 1.28674 1.28669 1.28664 1.28658 1.28653 1.28647 1.28641 1.28636 1.2863 1.28625 1.2862 1.28616 1.28612 1.28608 1.28605 1.28602 1.286 1.28598 1.28596 1.28595 1.28594 1.28593 1.28593 1.28594 1.28595 1.28597 1.286 1.28604 1.28609 1.28616 1.28625 1.28636 1.28649 1.28665 1.28683 1.28705 1.28729 1.28755 1.28785 1.28816 1.28849 1.28884 1.28919 
1.28285 1.2832 1.28355 1.28388 1.28419 1.28448 1.28474 1.28498 1.2852 1.28538 1.28554 1.28568 1.28579 1.28589 1.28596 1.28603 1.28608 1.28612 1.28615 1.28617 1.28619 1.28621 1.28622 1.28624 1.28625 1.28626 1.28628 1.2863 1.28632 1.28635 1.28638 1.28642 1.28646 1.2865 1.28655 1.28661 1.28667 1.28673 1.2868 1.28686 1.28693 1.287 1.28707 1.28713 1.28719 1.28725 1.2873 1.28734 1.28737 1.28739 1.2874 1.28741 1.2874 1.28738 1.28735 1.28732 1.28727 1.28722 1.28717 1.2871 1.28704 1.28697 1.28691 1.28684 1.28677 1.28671 1.28665 1.28659 1.28654 1.2865 1.28645 1.28642 1.28638 1.28636 1.28633 1.28631 1.2863 1.28629 1.28628 1.28628 1.28629 1.2863 1.28632 1.28634 1.28638 1.28644 1.28651 1.2866 1.2867 1.28684 1.28699 1.28718 1.28739 1.28763 1.2879 1.28819 1.2885 1.28883 1.28918 1.28953 
1.28318 1.28353 1.28388 1.28421 1.28452 1.28481 1.28507 1.28531 1.28553 1.28571 1.28587 1.28601 1.28612 1.28622 1.28629 1.28636 1.28641 1.28645 1.28648 1.2865 1.28652 1.28654 1.28656 1.28657 1.28659 1.28661 1.28663 1.28666 1.28669 1.28672 1.28676 1.28681 1.28687 1.28693 1.28699 1.28707 1.28715 1.28723 1.28732 1.28741 1.2875 1.28759 1.28768 1.28777 1.28785 1.28792 1.28798 1.28804 1.28808 1.28811 1.28812 1.28812 1.28811 1.28809 1.28805 1.288 1.28794 1.28788 1.2878 1.28772 1.28763 1.28754 1.28745 1.28736 1.28728 1.28719 1.28712 1.28704 1.28697 1.28691 1.28686 1.28681 1.28676 1.28673 1.28669 1.28667 1.28665 1.28663 1.28662 1.28662 1.28662 1.28663 1.28665 1.28668 1.28672 1.28677 1.28684 1.28693 1.28703 1.28717 1.28732 1.28751 1.28772 1.28796 1.28823 1.28852 1.28883 1.28916 1.28951 1.28986 
1.28349 1.28384 1.28419 1.28452 1.28483 1.28512 1.28539 1.28563 1.28584 1.28602 1.28618 1.28632 1.28644 1.28653 1.28661 1.28667 1.28672 1.28676 1.28679 1.28682 1.28684 1.28686 1.28688 1.2869 1.28693 1.28695 1.28699 1.28702 1.28707 1.28712 1.28718 1.28724 1.28732 1.28741 1.28751 1.28761 1.28773 1.28785 1.28797 1.2881 1.28823 1.28836 1.28848 1.2886 1.28871 1.28881 1.2889 1.28897 1.28903 1.28907 1.28909 1.28909 1.28907 1.28904 1.28899 1.28892 1.28883 1.28874 1.28863 1.28851 1.28839 1.28827 1.28814 1.28802 1.28789 1.28777 1.28766 1.28756 1.28746 1.28737 1.28729 1.28722 1.28716 1.28711 1.28707 1.28703 1.287 1.28698 1.28696 1.28695 1.28695 1.28695 1.28697 1.287 1.28703 1.28708 1.28715 1.28724 1.28735 1.28748 1.28764 1.28782 1.28803 1.28827 1.28854 1.28883 1.28914 1.28948 1.28982 1.29017 
1.28378 1.28413 1.28448 1.28481 1.28512 1.28541 1.28568 1.28592 1.28613 1.28631 1.28647 1.28661 1.28673 1.28682 1.2869 1.28696 1.28701 1.28706 1.28709 1.28712 1.28715 1.28717 1.2872 1.28723 1.28726 1.2873 1.28734 1.2874 1.28746 1.28754 1.28763 1.28773 1.28784 1.28797 1.28812 1.28827 1.28844 1.28861 1.28879 1.28898 1.28917 1.28935 1.28953 1.2897 1.28986 1.29 1.29012 1.29023 1.29031 1.29036 1.29039 1.29039 1.29036 1.29031 1.29023 1.29013 1.29001 1.28987 1.28972 1.28955 1.28937 1.28919 1.28901 1.28883 1.28865 1.28848 1.28832 1.28817 1.28803 1.2879 1.28779 1.28768 1.28759 1.28752 1.28745 1.28739 1.28735 1.28731 1.28729 1.28727 1.28726 1.28726 1.28727 1.2873 1.28733 1.28738 1.28745 1.28753 1.28764 1.28777 1.28793 1.28811 1.28832 1.28856 1.28883 1.28912 1.28944 1.28977 1.29011 1.29046 
1.28405 1.2844 1.28474 1.28507 1.28539 1.28568 1.28594 1.28618 1.28639 1.28658 1.28674 1.28688 1.28699 1.28709 1.28717 1.28723 1.28728 1.28733 1.28737 1.2874 1.28743 1.28746 1.2875 1.28754 1.28759 1.28765 1.28772 1.2878 1.28789 1.28801 1.28814 1.28829 1.28846 1.28865 1.28886 1.28909 1.28933 1.28959 1.28985 1.29012 1.29039 1.29065 1.29091 1.29116 1.29138 1.29158 1.29176 1.2919 1.29201 1.29209 1.29213 1.29212 1.29208 1.29201 1.29189 1.29175 1.29157 1.29137 1.29115 1.29091 1.29066 1.2904 1.29013 1.28987 1.28962 1.28937 1.28913 1.28891 1.28871 1.28852 1.28835 1.2882 1.28807 1.28796 1.28786 1.28778 1.28771 1.28765 1.28761 1.28758 1.28756 1.28755 1.28756 1.28758 1.28761 1.28765 1.28772 1.2878 1.28791 1.28804 1.28819 1.28838 1.28859 1.28883 1.2891 1.28939 1.2897 1.29003 1.29038 1.29073 
1.28429 1.28464 1.28498 1.28531 1.28563 1.28592 1.28618 1.28642 1.28663 1.28682 1.28698 1.28712 1.28723 1.28733 1.28741 1.28748 1.28753 1.28758 1.28762 1.28766 1.2877 1.28775 1.2878 1.28786 1.28793 1.28801 1.28812 1.28824 1.28838 1.28855 1.28875 1.28897 1.28922 1.2895 1.28981 1.29014 1.29049 1.29085 1.29123 1.29162 1.292 1.29238 1.29275 1.29309 1.29341 1.2937 1.29394 1.29415 1.2943 1.2944 1.29445 1.29445 1.29439 1.29427 1.29411 1.2939 1.29365 1.29336 1.29305 1.2927 1.29234 1.29197 1.29159 1.29122 1.29085 1.2905 1.29016 1.28984 1.28955 1.28928 1.28903 1.28881 1.28862 1.28845 1.28831 1.28819 1.28809 1.288 1.28794 1.28789 1.28785 1.28783 1.28783 1.28784 1.28786 1.28791 1.28797 1.28805 1.28815 1.28828 1.28844 1.28862 1.28883 1.28907 1.28934 1.28963 1.28994 1.29027 1.29062 1.29097 
1.2845 1.28485 1.2852 1.28553 1.28584 1.28613 1.28639 1.28663 1.28685 1.28703 1.28719 1.28733 1.28745 1.28755 1.28763 1.2877 1.28776 1.28781 1.28786 1.28791 1.28796 1.28802 1.2881 1.28818 1.28829 1.28841 1.28857 1.28875 1.28896 1.28921 1.2895 1.28982 1.29019 1.29059 1.29103 1.2915 1.292 1.29252 1.29306 1.2936 1.29415 1.29468 1.29519 1.29568 1.29612 1.29652 1.29686 1.29713 1.29735 1.29748 1.29755 1.29754 1.29745 1.29729 1.29706 1.29677 1.29641 1.29601 1.29556 1.29508 1.29457 1.29404 1.29351 1.29298 1.29246 1.29196 1.29148 1.29102 1.2906 1.29022 1.28987 1.28955 1.28928 1.28903 1.28882 1.28865 1.2885 1.28837 1.28828 1.2882 1.28814 1.2881 1.28809 1.28808 1.2881 1.28814 1.28819 1.28827 1.28837 1.2885 1.28865 1.28883 1.28904 1.28928 1.28955 1.28984 1.29015 1.29049 1.29083 1.29118 
1.28469 1.28504 1.28538 1.28571 1.28602 1.28631 1.28658 1.28682 1.28703 1.28722 1.28738 1.28752 1.28764 1.28774 1.28782 1.2879 1.28796 1.28802 1.28808 1.28815 1.28822 1.28831 1.28841 1.28854 1.28869 1.28887 1.28909 1.28936 1.28967 1.29003 1.29044 1.29091 1.29143 1.292 1.29262 1.29329 1.29399 1.29472 1.29547 1.29623 1.29699 1.29772 1.29843 1.2991 1.29971 1.30025 1.30071 1.30109 1.30138 1.30156 1.30164 1.30162 1.3015 1.30128 1.30095 1.30055 1.30005 1.29949 1.29887 1.2982 1.2975 1.29677 1.29603 1.29529 1.29456 1.29386 1.29319 1.29255 1.29196 1.29141 1.29092 1.29047 1.29008 1.28973 1.28944 1.28918 1.28896 1.28879 1.28864 1.28853 1.28844 1.28837 1.28834 1.28832 1.28832 1.28835 1.2884 1.28847 1.28857 1.28869 1.28884 1.28902 1.28923 1.28947 1.28974 1.29003 1.29034 1.29067 1.29102 1.29137 
1.28485 1.2852 1.28554 1.28587 1.28618 1.28647 1.28674 1.28698 1.28719 1.28738 1.28755 1.28769 1.28781 1.28791 1.288 1.28808 1.28815 1.28823 1.2883 1.28839 1.28849 1.28861 1.28876 1.28894 1.28916 1.28942 1.28974 1.29012 1.29057 1.29108 1.29166 1.29232 1.29305 1.29385 1.29472 1.29564 1.29662 1.29763 1.29866 1.2997 1.30073 1.30173 1.30269 1.30359 1.30442 1.30515 1.30577 1.30628 1.30666 1.3069 1.30701 1.30697 1.3068 1.30649 1.30605 1.30549 1.30482 1.30405 1.30321 1.30229 1.30133 1.30033 1.29932 1.29831 1.29731 1.29634 1.29541 1.29453 1.29371 1.29296 1.29227 1.29164 1.29109 1.29061 1.29018 1.28982 1.28952 1.28926 1.28905 1.28888 1.28875 1.28865 1.28859 1.28855 1.28853 1.28855 1.28859 1.28865 1.28874 1.28886 1.28901 1.28919 1.2894 1.28963 1.2899 1.29019 1.2905 1.29083 1.29118 1.29153 
1.28498 1.28534 1.28568 1.28601 1.28632 1.28661 1.28688 1.28712 1.28733 1.28752 1.28769 1.28783 1.28795 1.28806 1.28816 1.28824 1.28833 1.28842 1.28852 1.28864 1.28878 1.28895 1.28916 1.28941 1.28973 1.29011 1.29056 1.2911 1.29172 1.29244 1.29326 1.29417 1.29518 1.29628 1.29747 1.29874 1.30006 1.30143 1.30282 1.30423 1.30561 1.30696 1.30824 1.30944 1.31053 1.3115 1.31232 1.31299 1.31349 1.3138 1.31394 1.31388 1.31364 1.31322 1.31263 1.31188 1.31098 1.30995 1.30882 1.30759 1.30629 1.30495 1.30359 1.30222 1.30087 1.29956 1.2983 1.2971 1.29598 1.29495 1.294 1.29314 1.29238 1.29171 1.29112 1.29062 1.29019 1.28983 1.28953 1.28929 1.2891 1.28896 1.28885 1.28878 1.28874 1.28874 1.28876 1.28882 1.2889 1.28901 1.28916 1.28933 1.28954 1.28977 1.29004 1.29033 1.29064 1.29097 1.29131 1.29167 
1.2851 1.28545 1.28579 1.28612 1.28644 1.28673 1.28699 1.28723 1.28745 1.28764 1.28781 1.28795 1.28808 1.28819 1.2883 1.2884 1.28851 1.28862 1.28875 1.28891 1.28911 1.28935 1.28964 1.29001 1.29045 1.29098 1.29161 1.29236 1.29322 1.29421 1.29533 1.29658 1.29796 1.29945 1.30106 1.30276 1.30453 1.30636 1.30821 1.31007 1.3119 1.31368 1.31536 1.31693 1.31836 1.31963 1.3207 1.32156 1.3222 1.32261 1.32277 1.32269 1.32237 1.32181 1.32103 1.32003 1.31885 1.31749 1.31599 1.31437 1.31266 1.31088 1.30907 1.30725 1.30546 1.30371 1.30202 1.30041 1.29891 1.29751 1.29623 1.29507 1.29403 1.29312 1.29231 1.29162 1.29103 1.29053 1.29011 1.28978 1.28951 1.2893 1.28914 1.28903 1.28896 1.28893 1.28893 1.28897 1.28904 1.28915 1.28929 1.28946 1.28966 1.28989 1.29016 1.29044 1.29076 1.29109 1.29143 1.29178 
1.28519 1.28554 1.28589 1.28622 1.28653 1.28682 1.28709 1.28733 1.28755 1.28774 1.28791 1.28806 1.28819 1.28832 1.28844 1.28856 1.28869 1.28884 1.28902 1.28923 1.2895 1.28983 1.29025 1.29075 1.29137 1.2921 1.29297 1.29399 1.29517 1.29652 1.29803 1.29971 1.30155 1.30355 1.30568 1.30793 1.31026 1.31267 1.3151 1.31752 1.3199 1.3222 1.32438 1.32641 1.32825 1.32987 1.33124 1.33234 1.33315 1.33366 1.33386 1.33375 1.33332 1.33259 1.33157 1.33029 1.32875 1.32699 1.32504 1.32293 1.3207 1.31839 1.31602 1.31365 1.31129 1.30899 1.30677 1.30465 1.30265 1.3008 1.29909 1.29754 1.29615 1.29491 1.29383 1.29289 1.29209 1.2914 1.29084 1.29037 1.28999 1.28969 1.28947 1.2893 1.28919 1.28912 1.2891 1.28912 1.28918 1.28927 1.2894 1.28957 1.28976 1.28999 1.29025 1.29054 1.29085 1.29118 1.29152 1.29188 
1.28527 1.28562 1.28596 1.28629 1.28661 1.2869 1.28717 1.28741 1.28763 1.28782 1.288 1.28816 1.2883 1.28844 1.28858 1.28872 1.28889 1.28909 1.28932 1.28962 1.28999 1.29045 1.29101 1.29171 1.29255 1.29355 1.29473 1.29611 1.29769 1.29949 1.3015 1.30373 1.30616 1.30877 1.31156 1.31449 1.31752 1.32063 1.32376 1.32687 1.32992 1.33285 1.33563 1.3382 1.34053 1.34257 1.3443 1.34568 1.3467 1.34733 1.34757 1.34741 1.34686 1.34592 1.34462 1.34298 1.34102 1.33877 1.33628 1.33358 1.33073 1.32776 1.32472 1.32166 1.31862 1.31564 1.31275 1.31 1.30739 1.30496 1.30272 1.30068 1.29884 1.2972 1.29576 1.2945 1.29342 1.29251 1.29174 1.29111 1.29059 1.29018 1.28986 1.28962 1.28944 1.28933 1.28928 1.28927 1.28931 1.28939 1.28951 1.28966 1.28985 1.29008 1.29034 1.29062 1.29093 1.29126 1.2916 1.29195 
1.28533 1.28568 1.28603 1.28636 1.28667 1.28696 1.28723 1.28748 1.2877 1.2879 1.28808 1.28824 1.2884 1.28856 1.28872 1.28891 1.28912 1.28938 1.2897 1.2901 1.2906 1.29123 1.292 1.29294 1.29407 1.29541 1.29699 1.29882 1.30091 1.30328 1.30592 1.30882 1.31197 1.31536 1.31895 1.3227 1.32658 1.33053 1.3345 1.33843 1.34227 1.34596 1.34944 1.35265 1.35555 1.35809 1.36023 1.36194 1.36318 1.36395 1.36424 1.36402 1.36332 1.36215 1.36051 1.35845 1.35598 1.35316 1.35003 1.34664 1.34304 1.3393 1.33545 1.33157 1.3277 1.3239 1.32021 1.31667 1.31332 1.31019 1.30729 1.30463 1.30223 1.30009 1.2982 1.29654 1.29512 1.2939 1.29288 1.29203 1.29133 1.29077 1.29033 1.28999 1.28975 1.28958 1.28947 1.28943 1.28944 1.2895 1.2896 1.28975 1.28993 1.29015 1.29041 1.29069 1.291 1.29132 1.29167 1.29202 
1.28538 1.28573 1.28608 1.28641 1.28672 1.28701 1.28728 1.28753 1.28776 1.28796 1.28815 1.28833 1.28851 1.28869 1.28889 1.28912 1.2894 1.28974 1.29017 1.29071 1.29139 1.29222 1.29326 1.29451 1.29601 1.29779 1.29986 1.30226 1.30499 1.30806 1.31146 1.31519 1.31922 1.32353 1.32808 1.33282 1.3377 1.34265 1.3476 1.3525 1.35726 1.36182 1.36611 1.37006 1.37362 1.37672 1.37933 1.38141 1.38293 1.38385 1.38418 1.3839 1.38303 1.38157 1.37955 1.377 1.37396 1.37048 1.3666 1.3624 1.35794 1.35328 1.34848 1.34363 1.33879 1.33401 1.32936 1.32489 1.32064 1.31665 1.31295 1.30955 1.30647 1.3037 1.30125 1.29911 1.29724 1.29565 1.29431 1.29319 1.29226 1.29151 1.29092 1.29046 1.29011 1.28986 1.2897 1.28961 1.28958 1.28962 1.2897 1.28983 1.29001 1.29022 1.29047 1.29075 1.29105 1.29138 1.29172 1.29207 
1.28542 1.28577 1.28612 1.28645 1.28676 1.28706 1.28733 1.28758 1.28781 1.28802 1.28823 1.28842 1.28862 1.28884 1.28909 1.28938 1.28974 1.29019 1.29076 1.29148 1.29238 1.29349 1.29486 1.2965 1.29847 1.30079 1.30348 1.30657 1.31007 1.31399 1.31832 1.32304 1.32812 1.33353 1.33921 1.34511 1.35115 1.35726 1.36335 1.36935 1.37516 1.38071 1.38592 1.3907 1.395 1.39874 1.40188 1.40437 1.40618 1.40727 1.40765 1.4073 1.40623 1.40445 1.402 1.3989 1.3952 1.39097 1.38625 1.38113 1.37568 1.36997 1.36408 1.35811 1.35213 1.34622 1.34044 1.33487 1.32956 1.32456 1.31989 1.3156 1.31169 1.30817 1.30504 1.30229 1.29989 1.29784 1.29609 1.29463 1.29342 1.29244 1.29165 1.29103 1.29056 1.29021 1.28997 1.28982 1.28975 1.28974 1.2898 1.28992 1.29008 1.29028 1.29052 1.29079 1.2911 1.29142 1.29176 1.29211 
1.28545 1.2858 1.28615 1.28648 1.28679 1.28709 1.28737 1.28762 1.28786 1.28808 1.2883 1.28852 1.28875 1.28902 1.28932 1.2897 1.29017 1.29076 1.29152 1.29246 1.29364 1.2951 1.29687 1.29901 1.30155 1.30452 1.30797 1.3119 1.31633 1.32127 1.32669 1.33258 1.33889 1.34558 1.35257 1.35979 1.36716 1.37459 1.38197 1.3892 1.3962 1.40286 1.40908 1.41479 1.41989 1.42433 1.42805 1.43099 1.43311 1.43439 1.43482 1.43438 1.43309 1.43097 1.42803 1.42433 1.41991 1.41484 1.40919 1.40304 1.39647 1.38959 1.38247 1.37523 1.36795 1.36074 1.35367 1.34682 1.34027 1.33408 1.32829 1.32294 1.31805 1.31363 1.30968 1.30619 1.30315 1.30053 1.2983 1.29642 1.29486 1.29358 1.29255 1.29173 1.2911 1.29063 1.29029 1.29006 1.28994 1.28989 1.28992 1.29 1.29015 1.29034 1.29057 1.29084 1.29113 1.29145 1.29179 1.29214 
1.28547 1.28583 1.28617 1.2865 1.28682 1.28712 1.2874 1.28766 1.28791 1.28815 1.28839 1.28864 1.28891 1.28923 1.28962 1.2901 1.29071 1.29148 1.29246 1.29369 1.29522 1.2971 1.29938 1.30211 1.30535 1.30912 1.31346 1.31839 1.32392 1.33005 1.33675 1.34399 1.35172 1.35986 1.36834 1.37707 1.38593 1.39482 1.40363 1.41224 1.42053 1.42839 1.43572 1.44242 1.4484 1.45359 1.45792 1.46134 1.4638 1.46528 1.46576 1.46523 1.46371 1.4612 1.45775 1.4534 1.4482 1.44222 1.43555 1.42828 1.42049 1.4123 1.40382 1.39517 1.38644 1.37776 1.36922 1.36092 1.35296 1.3454 1.3383 1.33172 1.32568 1.3202 1.31529 1.31094 1.30712 1.30382 1.301 1.29861 1.29662 1.29499 1.29366 1.2926 1.29177 1.29115 1.29068 1.29036 1.29016 1.29006 1.29004 1.2901 1.29022 1.2904 1.29062 1.29088 1.29117 1.29148 1.29182 1.29217 
1.28549 1.28585 1.28619 1.28652 1.28684 1.28715 1.28743 1.2877 1.28796 1.28822 1.28849 1.28878 1.28911 1.2895 1.28999 1.2906 1.29139 1.29238 1.29364 1.29522 1.29718 1.29957 1.30247 1.30592 1.30998 1.31469 1.32009 1.32619 1.333 1.3405 1.34867 1.35745 1.36677 1.37655 1.38669 1.39708 1.40759 1.41809 1.42845 1.43853 1.44821 1.45736 1.46587 1.47362 1.48053 1.4865 1.49148 1.4954 1.49821 1.49989 1.50042 1.49979 1.49802 1.49512 1.49112 1.48608 1.48006 1.47313 1.46537 1.45689 1.4478 1.43821 1.42825 1.41804 1.40772 1.39742 1.38725 1.37733 1.36778 1.35867 1.35009 1.34209 1.33473 1.32802 1.32199 1.31662 1.31189 1.30779 1.30427 1.30128 1.29877 1.2967 1.29502 1.29366 1.2926 1.29178 1.29117 1.29073 1.29043 1.29026 1.2902 1.29022 1.29031 1.29046 1.29067 1.29092 1.2912 1.29151 1.29184 1.29219 
1.28551 1.28586 1.28621 1.28654 1.28686 1.28717 1.28746 1.28775 1.28802 1.28831 1.28861 1.28895 1.28935 1.28983 1.29045 1.29123 1.29222 1.29349 1.2951 1.2971 1.29957 1.30259 1.30621 1.31051 1.31554 1.32135 1.32797 1.33542 1.34369 1.35275 1.36257 1.37307 1.38417 1.39576 1.40772 1.41991 1.4322 1.44442 1.45643 1.46808 1.47922 1.48972 1.49945 1.50829 1.51615 1.52293 1.52856 1.53298 1.53615 1.53804 1.53862 1.53789 1.53586 1.53256 1.52801 1.52226 1.51539 1.50746 1.49858 1.48884 1.47837 1.4673 1.45576 1.4439 1.43186 1.4198 1.40785 1.39616 1.38484 1.37401 1.36376 1.35417 1.34531 1.33721 1.32988 1.32334 1.31756 1.31252 1.30817 1.30447 1.30136 1.29877 1.29666 1.29495 1.2936 1.29255 1.29175 1.29117 1.29076 1.29051 1.29038 1.29035 1.29041 1.29053 1.29072 1.29096 1.29123 1.29154 1.29186 1.29221 
1.28553 1.28588 1.28622 1.28656 1.28688 1.2872 1.2875 1.2878 1.2881 1.28841 1.28876 1.28916 1.28964 1.29025 1.29101 1.292 1.29326 1.29486 1.29687 1.29938 1.30247 1.30621 1.31069 1.31598 1.32213 1.3292 1.33722 1.34619 1.3561 1.36691 1.37856 1.39096 1.40399 1.41754 1.43146 1.44558 1.45974 1.47377 1.4875 1.50077 1.51342 1.52529 1.53626 1.5462 1.55501 1.56259 1.56888 1.5738 1.57733 1.57941 1.58005 1.57922 1.57694 1.57323 1.56813 1.56168 1.55395 1.54503 1.535 1.52398 1.5121 1.49949 1.48631 1.47271 1.45886 1.44493 1.43107 1.41745 1.40421 1.3915 1.37941 1.36806 1.35753 1.34785 1.33907 1.33119 1.3242 1.31808 1.31279 1.30826 1.30443 1.30124 1.29862 1.2965 1.2948 1.29347 1.29246 1.2917 1.29116 1.2908 1.29059 1.29051 1.29052 1.29062 1.29078 1.291 1.29126 1.29156 1.29188 1.29222 
1.28554 1.28589 1.28624 1.28657 1.2869 1.28723 1.28754 1.28786 1.28818 1.28854 1.28894 1.28941 1.29001 1.29075 1.29171 1.29294 1.29451 1.2965 1.29901 1.30211 1.30592 1.31051 1.31598 1.3224 1.32983 1.33833 1.34792 1.35859 1.37032 1.38304 1.39668 1.41113 1.42624 1.44188 1.45785 1.47399 1.4901 1.50599 1.52148 1.53639 1.55054 1.56379 1.57598 1.587 1.59674 1.6051 1.61202 1.61743 1.62129 1.62357 1.62425 1.62333 1.62081 1.61672 1.61108 1.60395 1.59539 1.58549 1.57433 1.56204 1.54874 1.53458 1.51973 1.50435 1.48862 1.47273 1.45686 1.4412 1.42592 1.41117 1.3971 1.38382 1.37144 1.36002 1.34962 1.34024 1.33189 1.32455 1.31817 1.31269 1.30805 1.30416 1.30095 1.29833 1.29623 1.29458 1.2933 1.29234 1.29164 1.29116 1.29085 1.2907 1.29066 1.29071 1.29085 1.29105 1.2913 1.29159 1.2919 1.29224 
1.28555 1.2859 1.28625 1.28659 1.28693 1.28726 1.28759 1.28793 1.28829 1.28869 1.28916 1.28973 1.29045 1.29137 1.29255 1.29407 1.29601 1.29847 1.30155 1.30535 1.30998 1.31554 1.32213 1.32983 1.33871 1.3488 1.36012 1.37266 1.38636 1.40116 1.41694 1.43356 1.45087 1.46867 1.48678 1.50499 1.52308 1.54085 1.55809 1.57461 1.59024 1.60482 1.61819 1.63024 1.64085 1.64995 1.65746 1.66332 1.6675 1.66996 1.67069 1.66968 1.66694 1.66249 1.65636 1.64859 1.63925 1.62841 1.61617 1.60265 1.58797 1.57228 1.55576 1.53859 1.52096 1.50307 1.48513 1.46735 1.44991 1.43301 1.41681 1.40146 1.38708 1.37377 1.36158 1.35055 1.34069 1.33198 1.32438 1.31782 1.31224 1.30755 1.30366 1.30048 1.29792 1.29588 1.2943 1.2931 1.29221 1.29158 1.29116 1.29092 1.29082 1.29083 1.29093 1.29111 1.29134 1.29162 1.29193 1.29226 
1.28557 1.28592 1.28626 1.28661 1.28695 1.2873 1.28765 1.28801 1.28841 1.28887 1.28942 1.29011 1.29098 1.2921 1.29355 1.29541 1.29779 1.30079 1.30452 1.30912 1.31469 1.32135 1.3292 1.33833 1.3488 1.36064 1.37385 1.38841 1.40423 1.42123 1.43926 1.45816 1.47773 1.49776 1.51804 1.53832 1.55838 1.57799 1.59694 1.61502 1.63206 1.64788 1.66235 1.67535 1.68677 1.69653 1.70457 1.71084 1.7153 1.71792 1.7187 1.71761 1.71468 1.70992 1.70335 1.69501 1.68496 1.67326 1.66002 1.64534 1.62935 1.6122 1.59406 1.57513 1.55561 1.53572 1.51569 1.49573 1.47607 1.45693 1.4385 1.42096 1.40445 1.38909 1.37497 1.36214 1.35062 1.3404 1.33144 1.32369 1.31706 1.31146 1.30681 1.30298 1.29988 1.29741 1.29547 1.29398 1.29287 1.29207 1.29153 1.29118 1.29101 1.29097 1.29103 1.29118 1.29139 1.29165 1.29195 1.29227 
1.28558 1.28593 1.28628 1.28663 1.28699 1.28734 1.28772 1.28812 1.28857 1.28909 1.28974 1.29056 1.29161 1.29297 1.29473 1.29699 1.29986 1.30348 1.30797 1.31346 1.32009 1.32797 1.33722 1.34792 1.36012 1.37385 1.38909 1.4058 1.42386 1.44316 1.46353 1.48476 1.50663 1.52891 1.55134 1.57367 1.59564 1.61702 1.63759 1.65712 1.67545 1.69242 1.70787 1.72171 1.73384 1.74418 1.75267 1.75929 1.76399 1.76675 1.76756 1.76643 1.76334 1.75831 1.75137 1.74254 1.73188 1.71944 1.7053 1.68957 1.67238 1.65387 1.63421 1.6136 1.59225 1.5704 1.54828 1.52614 1.50424 1.4828 1.46207 1.44224 1.42349 1.40596 1.38978 1.37501 1.36169 1.34982 1.33938 1.3303 1.32251 1.31591 1.31039 1.30584 1.30213 1.29916 1.29682 1.29502 1.29365 1.29265 1.29195 1.2915 1.29123 1.29113 1.29114 1.29126 1.29145 1.29169 1.29198 1.29229 
1.2856 1.28595 1.2863 1.28666 1.28702 1.2874 1.2878 1.28824 1.28875 1.28936 1.29012 1.2911 1.29236 1.29399 1.29611 1.29882 1.30226 1.30657 1.3119 1.31839 1.32619 1.33542 1.34619 1.35859 1.37266 1.38841 1.4058 1.42475 1.44515 1.46682 1.48956 1.51315 1.53732 1.56181 1.58634 1.61063 1.63442 1.65745 1.6795 1.70036 1.71984 1.7378 1.7541 1.76865 1.78136 1.79217 1.80104 1.80793 1.81282 1.81569 1.81654 1.81537 1.81216 1.80694 1.79971 1.7905 1.77933 1.76627 1.75138 1.73475 1.7165 1.69676 1.67571 1.65354 1.63046 1.60673 1.58259 1.55831 1.53416 1.51042 1.48735 1.46517 1.4441 1.42432 1.40596 1.38914 1.3739 1.36026 1.34821 1.33769 1.32863 1.32092 1.31444 1.30908 1.30469 1.30117 1.29837 1.2962 1.29455 1.29332 1.29245 1.29186 1.29149 1.29131 1.29127 1.29135 1.29151 1.29174 1.29201 1.29232 
1.28562 1.28597 1.28632 1.28669 1.28707 1.28746 1.28789 1.28838 1.28896 1.28967 1.29057 1.29172 1.29322 1.29517 1.29769 1.30091 1.30499 1.31007 1.31633 1.32392 1.333 1.34369 1.3561 1.37032 1.38636 1.40423 1.42386 1.44515 1.46793 1.492 1.51713 1.54305 1.56948 1.59611 1.62263 1.64877 1.67423 1.69876 1.72213 1.74413 1.7646 1.78338 1.80037 1.81548 1.82864 1.8398 1.84893 1.85602 1.86105 1.86401 1.86489 1.8637 1.86043 1.85507 1.84765 1.83816 1.82663 1.81309 1.7976 1.78024 1.7611 1.74031 1.71803 1.69445 1.6698 1.6443 1.61824 1.5919 1.56557 1.53955 1.51413 1.48958 1.46615 1.44404 1.42343 1.40445 1.38719 1.37167 1.3579 1.34584 1.33539 1.32648 1.31896 1.3127 1.30757 1.30343 1.30012 1.29754 1.29556 1.29408 1.29301 1.29227 1.29179 1.29153 1.29143 1.29146 1.29158 1.29179 1.29205 1.29235 
1.28565 1.28599 1.28635 1.28672 1.28712 1.28754 1.28801 1.28855 1.28921 1.29003 1.29108 1.29244 1.29421 1.29652 1.29949 1.30328 1.30806 1.31399 1.32127 1.33005 1.3405 1.35275 1.36691 1.38304 1.40116 1.42123 1.44316 1.46682 1.492 1.51847 1.54596 1.57415 1.60274 1.63139 1.65978 1.68759 1.71456 1.7404 1.76489 1.78785 1.8091 1.82852 1.84602 1.86152 1.87498 1.88637 1.89567 1.90287 1.90798 1.91099 1.9119 1.91071 1.90742 1.90201 1.89448 1.88484 1.87308 1.85923 1.84332 1.8254 1.80557 1.78392 1.76062 1.73582 1.70976 1.68267 1.65483 1.62654 1.59812 1.56989 1.54217 1.51526 1.48945 1.46498 1.44207 1.42087 1.40149 1.38401 1.36843 1.35471 1.3428 1.33258 1.32394 1.31672 1.31077 1.30594 1.30208 1.29905 1.29671 1.29494 1.29365 1.29274 1.29213 1.29177 1.2916 1.29158 1.29167 1.29185 1.29209 1.29238 
1.28568 1.28602 1.28638 1.28676 1.28718 1.28763 1.28814 1.28875 1.2895 1.29044 1.29166 1.29326 1.29533 1.29803 1.3015 1.30592 1.31146 1.31832 1.32669 1.33675 1.34867 1.36257 1.37856 1.39668 1.41694 1.43926 1.46353 1.48956 1.51713 1.54596 1.57572 1.60609 1.63671 1.66723 1.69731 1.72662 1.75488 1.78182 1.80723 1.83092 1.85275 1.87261 1.89042 1.90615 1.91976 1.93124 1.9406 1.94784 1.95297 1.956 1.95693 1.95577 1.9525 1.9471 1.93958 1.9299 1.91806 1.90406 1.88791 1.86964 1.84932 1.82703 1.80291 1.77711 1.74984 1.72135 1.69191 1.66184 1.63146 1.60112 1.57118 1.54196 1.51379 1.48697 1.46172 1.43826 1.41672 1.39719 1.37972 1.36428 1.35081 1.33921 1.32936 1.32111 1.31428 1.30872 1.30425 1.30072 1.29798 1.2959 1.29436 1.29326 1.29252 1.29205 1.2918 1.29172 1.29177 1.29191 1.29214 1.29241 
1.28571 1.28605 1.28642 1.28681 1.28724 1.28773 1.28829 1.28897 1.28982 1.29091 1.29232 1.29417 1.29658 1.29971 1.30373 1.30882 1.31519 1.32304 1.33258 1.34399 1.35745 1.37307 1.39096 1.41113 1.43356 1.45816 1.48476 1.51315 1.54305 1.57415 1.60609 1.6385 1.671 1.7032 1.73477 1.76536 1.79469 1.8225 1.84859 1.87279 1.89498 1.91508 1.93303 1.94881 1.96242 1.97387 1.98318 1.99037 1.99547 1.99849 1.99944 1.99832 1.99511 1.98981 1.98238 1.97279 1.96101 1.94702 1.93081 1.91239 1.8918 1.86909 1.84438 1.81781 1.78957 1.75989 1.72905 1.69737 1.6652 1.63289 1.60084 1.5694 1.53894 1.50978 1.48221 1.45647 1.43273 1.41112 1.3917 1.37447 1.35938 1.34633 1.33521 1.32585 1.31809 1.31173 1.30661 1.30255 1.29938 1.29696 1.29515 1.29385 1.29294 1.29235 1.29201 1.29187 1.29187 1.29199 1.29219 1.29245 
1.28574 1.28608 1.28646 1.28687 1.28732 1.28784 1.28846 1.28922 1.29019 1.29143 1.29305 1.29518 1.29796 1.30155 1.30616 1.31197 1.31922 1.32812 1.33889 1.35172 1.36677 1.38417 1.40399 1.42624 1.45087 1.47773 1.50663 1.53732 1.56948 1.60274 1.63671 1.671 1.70518 1.73887 1.7717 1.80335 1.83351 1.86196 1.8885 1.91299 1.93533 1.95546 1.97337 1.98904 2.00251 2.0138 2.02297 2.03004 2.03505 2.03802 2.03898 2.03792 2.03483 2.02967 2.02242 2.01303 2.00144 1.98763 1.97154 1.95316 1.9325 1.9096 1.88454 1.85743 1.82845 1.79781 1.7658 1.73273 1.69895 1.66485 1.63082 1.59728 1.56461 1.53318 1.50333 1.47532 1.44939 1.42567 1.40426 1.3852 1.36843 1.35389 1.34144 1.33093 1.32217 1.31498 1.30917 1.30453 1.3009 1.29811 1.29602 1.29449 1.29341 1.29269 1.29226 1.29204 1.29199 1.29207 1.29225 1.2925 
1.28578 1.28612 1.2865 1.28693 1.28741 1.28797 1.28865 1.2895 1.29059 1.292 1.29385 1.29628 1.29945 1.30355 1.30877 1.31536 1.32353 1.33353 1.34558 1.35986 1.37655 1.39576 1.41754 1.44188 1.46867 1.49776 1.52891 1.56181 1.59611 1.63139 1.66723 1.7032 1.73887 1.77383 1.8077 1.84016 1.87092 1.89977 1.92654 1.9511 1.97338 1.99337 2.01105 2.02647 2.03967 2.0507 2.05962 2.0665 2.07138 2.07429 2.07525 2.07426 2.07131 2.06637 2.05937 2.05028 2.03901 2.0255 2.00969 1.99154 1.97102 1.94814 1.92295 1.89554 1.86606 1.83471 1.80176 1.76751 1.73233 1.69662 1.66079 1.62529 1.59053 1.55693 1.52486 1.49464 1.46652 1.4407 1.4173 1.39637 1.3779 1.36182 1.348 1.33629 1.3265 1.31844 1.31189 1.30665 1.30254 1.29936 1.29695 1.29518 1.29391 1.29306 1.29252 1.29223 1.29213 1.29217 1.29232 1.29255 
1.28583 1.28616 1.28655 1.28699 1.28751 1.28812 1.28886 1.28981 1.29103 1.29262 1.29472 1.29747 1.30106 1.30568 1.31156 1.31895 1.32808 1.33921 1.35257 1.36834 1.38669 1.40772 1.43146 1.45785 1.48678 1.51804 1.55134 1.58634 1.62263 1.65978 1.69731 1.73477 1.7717 1.8077 1.84238 1.87542 1.90655 1.93558 1.96235 1.98678 2.00883 2.0285 2.04582 2.06084 2.07365 2.08433 2.09294 2.09957 2.10427 2.10708 2.10804 2.10714 2.10436 2.09967 2.093 2.08428 2.07343 2.06036 2.04498 2.02722 2.00702 1.98436 1.95925 1.93177 1.90202 1.8702 1.83654 1.80135 1.76499 1.72787 1.69043 1.65312 1.61642 1.58077 1.54657 1.5142 1.48395 1.45605 1.43067 1.40788 1.38769 1.37004 1.35483 1.34189 1.33104 1.32207 1.31476 1.3089 1.30427 1.30068 1.29794 1.29592 1.29446 1.29345 1.2928 1.29243 1.29227 1.29227 1.29239 1.2926 
1.28587 1.28621 1.28661 1.28707 1.28761 1.28827 1.28909 1.29014 1.2915 1.29329 1.29564 1.29874 1.30276 1.30793 1.31449 1.3227 1.33282 1.34511 1.35979 1.37707 1.39708 1.41991 1.44558 1.47399 1.50499 1.53832 1.57367 1.61063 1.64877 1.68759 1.72662 1.76536 1.80335 1.84016 1.87542 1.90881 1.9401 1.9691 1.99569 2.01981 2.04146 2.06066 2.07748 2.09201 2.10434 2.11458 2.12282 2.12914 2.13363 2.13634 2.13728 2.13647 2.13389 2.12948 2.12319 2.11492 2.10458 2.09204 2.07721 2.05998 2.04026 2.01799 1.99317 1.96581 1.93602 1.90394 1.8698 1.8339 1.79658 1.75827 1.71941 1.68049 1.642 1.60443 1.56822 1.53379 1.50148 1.47156 1.44422 1.41959 1.39768 1.37847 1.36185 1.34767 1.33574 1.32585 1.31776 1.31124 1.30608 1.30206 1.29899 1.2967 1.29503 1.29387 1.2931 1.29264 1.29242 1.29238 1.29247 1.29266 
1.28593 1.28626 1.28667 1.28715 1.28773 1.28844 1.28933 1.29049 1.292 1.29399 1.29662 1.30006 1.30453 1.31026 1.31752 1.32658 1.3377 1.35115 1.36716 1.38593 1.40759 1.4322 1.45974 1.4901 1.52308 1.55838 1.59564 1.63442 1.67423 1.71456 1.75488 1.79469 1.83351 1.87092 1.90655 1.9401 1.97134 2.00013 2.02637 2.05003 2.07114 2.08976 2.10598 2.11992 2.1317 2.14144 2.14926 2.15525 2.15951 2.16208 2.16301 2.16229 2.15991 2.15582 2.14994 2.14217 2.13239 2.12048 2.10629 2.0897 2.07059 2.04887 2.02449 1.99745 1.96781 1.93568 1.90128 1.86488 1.82682 1.78752 1.74744 1.70709 1.66699 1.62765 1.58957 1.55319 1.51891 1.48704 1.45782 1.43137 1.40778 1.38702 1.36899 1.35357 1.34055 1.32972 1.32084 1.31366 1.30796 1.3035 1.30008 1.29751 1.29564 1.29431 1.29342 1.29287 1.29258 1.29249 1.29255 1.29272 
1.28598 1.28632 1.28673 1.28723 1.28785 1.28861 1.28959 1.29085 1.29252 1.29472 1.29763 1.30143 1.30636 1.31267 1.32063 1.33053 1.34265 1.35726 1.37459 1.39482 1.41809 1.44442 1.47377 1.50599 1.54085 1.57799 1.61702 1.65745 1.69876 1.7404 1.78182 1.8225 1.86196 1.89977 1.93558 1.9691 2.00013 2.02855 2.05429 2.07737 2.09783 2.11578 2.13133 2.14462 2.15579 2.165 2.17236 2.178 2.182 2.18443 2.18533 2.18471 2.18255 2.17878 2.17333 2.16609 2.15692 2.14568 2.1322 2.11634 2.09795 2.0769 2.05311 2.02653 1.99721 1.96522 1.93075 1.89404 1.85545 1.81536 1.77427 1.73268 1.69114 1.6502 1.61039 1.5722 1.53606 1.50233 1.47128 1.44309 1.41785 1.39557 1.37617 1.35951 1.34541 1.33365 1.32397 1.31613 1.30988 1.30498 1.3012 1.29835 1.29626 1.29477 1.29375 1.29311 1.29275 1.29261 1.29263 1.29279 
1.28604 1.28637 1.2868 1.28732 1.28797 1.28879 1.28985 1.29123 1.29306 1.29547 1.29866 1.30282 1.30821 1.3151 1.32376 1.3345 1.3476 1.36335 1.38197 1.40363 1.42845 1.45643 1.4875 1.52148 1.55809 1.59694 1.63759 1.6795 1.72213 1.76489 1.80723 1.84859 1.8885 1.92654 1.96235 1.99569 2.02637 2.05429 2.07944 2.10184 2.12158 2.13879 2.15361 2.16621 2.17676 2.1854 2.19229 2.19756 2.2013 2.20358 2.20446 2.20393 2.20198 2.19854 2.19353 2.18682 2.17829 2.16775 2.15503 2.13996 2.12235 2.10205 2.07895 2.05297 2.0241 1.99241 1.95803 1.92121 1.88226 1.84158 1.79966 1.75701 1.71421 1.67184 1.63046 1.59059 1.55272 1.51724 1.48446 1.45461 1.42778 1.40403 1.38328 1.36542 1.35026 1.33757 1.32711 1.31861 1.31181 1.30647 1.30233 1.2992 1.29689 1.29523 1.29409 1.29335 1.29292 1.29273 1.29272 1.29285 
1.28609 1.28643 1.28686 1.28741 1.2881 1.28898 1.29012 1.29162 1.2936 1.29623 1.2997 1.30423 1.31007 1.31752 1.32687 1.33843 1.3525 1.36935 1.3892 1.41224 1.43853 1.46808 1.50077 1.53639 1.57461 1.61502 1.65712 1.70036 1.74413 1.78785 1.83092 1.87279 1.91299 1.9511 1.98678 2.01981 2.05003 2.07737 2.10184 2.1235 2.14248 2.15891 2.17299 2.18488 2.19478 2.20286 2.20928 2.21417 2.21765 2.21979 2.22063 2.22019 2.21844 2.21532 2.21075 2.20458 2.19668 2.18685 2.17491 2.16065 2.14387 2.12439 2.10205 2.07675 2.04844 2.01716 1.98302 1.94623 1.90709 1.86599 1.82341 1.77989 1.73601 1.69237 1.64957 1.60818 1.56871 1.5316 1.49721 1.46577 1.43744 1.41228 1.39025 1.37122 1.35503 1.34145 1.33022 1.32107 1.31374 1.30795 1.30347 1.30006 1.29752 1.2957 1.29443 1.29359 1.2931 1.29286 1.29282 1.29292 
1.28615 1.28649 1.28693 1.2875 1.28823 1.28917 1.29039 1.292 1.29415 1.29699 1.30073 1.30561 1.3119 1.3199 1.32992 1.34227 1.35726 1.37516 1.3962 1.42053 1.44821 1.47922 1.51342 1.55054 1.59024 1.63206 1.67545 1.71984 1.7646 1.8091 1.85275 1.89498 1.93533 1.97338 2.00883 2.04146 2.07114 2.09783 2.12158 2.14248 2.16066 2.17632 2.18964 2.20084 2.2101 2.21763 2.22359 2.22812 2.23133 2.23332 2.23413 2.23377 2.23221 2.2294 2.22525 2.2196 2.21232 2.20319 2.19202 2.17858 2.16264 2.14399 2.12246 2.09789 2.07023 2.03945 2.00565 1.96902 1.92982 1.88845 1.84538 1.80114 1.75634 1.7116 1.66754 1.62478 1.58386 1.54526 1.50936 1.47645 1.44671 1.42023 1.39697 1.37684 1.35966 1.34522 1.33325 1.32348 1.31562 1.30941 1.30458 1.3009 1.29815 1.29616 1.29476 1.29384 1.29327 1.29298 1.29291 1.29299 
1.28621 1.28655 1.287 1.28759 1.28836 1.28935 1.29065 1.29238 1.29468 1.29772 1.30173 1.30696 1.31368 1.3222 1.33285 1.34596 1.36182 1.38071 1.40286 1.42839 1.45736 1.48972 1.52529 1.56379 1.60482 1.64788 1.69242 1.7378 1.78338 1.82852 1.87261 1.91508 1.95546 1.99337 2.0285 2.06066 2.08976 2.11578 2.13879 2.15891 2.17632 2.19121 2.2038 2.21432 2.22298 2.22997 2.23549 2.23967 2.24264 2.24449 2.24526 2.24497 2.24359 2.24107 2.23731 2.23216 2.22546 2.21701 2.20658 2.19393 2.17882 2.16101 2.14029 2.11649 2.0895 2.05929 2.02591 1.98952 1.95038 1.90886 1.86542 1.82062 1.77505 1.72936 1.68421 1.64023 1.59801 1.55805 1.52078 1.48652 1.45548 1.42775 1.40335 1.38218 1.36408 1.34882 1.33615 1.32579 1.31744 1.31082 1.30566 1.30171 1.29876 1.29661 1.29509 1.29407 1.29344 1.2931 1.293 1.29306 
1.28627 1.2866 1.28707 1.28768 1.28848 1.28953 1.29091 1.29275 1.29519 1.29843 1.30269 1.30824 1.31536 1.32438 1.33563 1.34944 1.36611 1.38592 1.40908 1.43572 1.46587 1.49945 1.53626 1.57598 1.61819 1.66235 1.70787 1.7541 1.80037 1.84602 1.89042 1.93303 1.97337 2.01105 2.04582 2.07748 2.10598 2.13133 2.15361 2.17299 2.18964 2.2038 2.21571 2.22559 2.23367 2.24017 2.24527 2.24913 2.25187 2.25358 2.25431 2.25409 2.25288 2.25062 2.24722 2.24253 2.23638 2.22855 2.21882 2.20693 2.19261 2.1756 2.15568 2.13263 2.10633 2.07671 2.04379 2.00771 1.96871 1.92714 1.88346 1.83822 1.79202 1.74554 1.69944 1.65439 1.61101 1.56984 1.53134 1.49585 1.46362 1.43477 1.40932 1.38719 1.36823 1.35222 1.3389 1.32798 1.31916 1.31216 1.30669 1.30249 1.29934 1.29704 1.29541 1.2943 1.29361 1.29322 1.29308 1.29313 
1.28632 1.28666 1.28713 1.28777 1.2886 1.2897 1.29116 1.29309 1.29568 1.2991 1.30359 1.30944 1.31693 1.32641 1.3382 1.35265 1.37006 1.3907 1.41479 1.44242 1.47362 1.50829 1.5462 1.587 1.63024 1.67535 1.72171 1.76865 1.81548 1.86152 1.90615 1.94881 1.98904 2.02647 2.06084 2.09201 2.11992 2.14462 2.16621 2.18488 2.20084 2.21432 2.22559 2.23488 2.24244 2.24849 2.25322 2.25678 2.25931 2.26089 2.26159 2.26142 2.26035 2.25833 2.25526 2.25098 2.24532 2.23807 2.22898 2.21779 2.2042 2.18795 2.16878 2.14646 2.12083 2.0918 2.05936 2.02362 1.98481 1.94326 1.89943 1.85385 1.80715 1.76 1.7131 1.66713 1.62274 1.58051 1.54091 1.50434 1.47105 1.44118 1.41478 1.39179 1.37205 1.35535 1.34143 1.33 1.32076 1.3134 1.30764 1.30322 1.29989 1.29744 1.2957 1.29452 1.29376 1.29334 1.29317 1.2932 
1.28637 1.28671 1.28719 1.28785 1.28871 1.28986 1.29138 1.29341 1.29612 1.29971 1.30442 1.31053 1.31836 1.32825 1.34053 1.35555 1.37362 1.395 1.41989 1.4484 1.48053 1.51615 1.55501 1.59674 1.64085 1.68677 1.73384 1.78136 1.82864 1.87498 1.91976 1.96242 2.00251 2.03967 2.07365 2.10434 2.1317 2.15579 2.17676 2.19478 2.2101 2.22298 2.23367 2.24244 2.24954 2.25519 2.25958 2.26288 2.26522 2.26669 2.26736 2.26723 2.26629 2.26448 2.26169 2.25777 2.25256 2.24582 2.2373 2.22673 2.21381 2.19825 2.17976 2.15812 2.13311 2.10463 2.07266 2.03727 1.99868 1.9572 1.91328 1.86745 1.82035 1.77266 1.72509 1.67835 1.6331 1.58995 1.54941 1.51188 1.47766 1.44691 1.41967 1.39591 1.37548 1.35817 1.34372 1.33183 1.3222 1.31453 1.30851 1.30388 1.30039 1.29781 1.29598 1.29471 1.2939 1.29344 1.29324 1.29326 
1.28642 1.28676 1.28725 1.28792 1.28881 1.29 1.29158 1.2937 1.29652 1.30025 1.30515 1.3115 1.31963 1.32987 1.34257 1.35809 1.37672 1.39874 1.42433 1.45359 1.4865 1.52293 1.56259 1.6051 1.64995 1.69653 1.74418 1.79217 1.8398 1.88637 1.93124 1.97387 2.0138 2.0507 2.08433 2.11458 2.14144 2.165 2.1854 2.20286 2.21763 2.22997 2.24017 2.24849 2.25519 2.26048 2.26459 2.26766 2.26984 2.27122 2.27186 2.27177 2.27093 2.26929 2.26675 2.26314 2.25831 2.252 2.24398 2.23395 2.22161 2.20666 2.18878 2.16772 2.14328 2.1153 2.08376 2.04871 2.01033 1.96895 1.92499 1.87898 1.83157 1.78345 1.73533 1.68795 1.64198 1.59806 1.55673 1.5184 1.48339 1.45187 1.42392 1.3995 1.37848 1.36064 1.34572 1.33344 1.32348 1.31553 1.30928 1.30447 1.30083 1.29814 1.29622 1.29489 1.29403 1.29353 1.29331 1.29331 
1.28646 1.2868 1.2873 1.28798 1.2889 1.29012 1.29176 1.29394 1.29686 1.30071 1.30577 1.31232 1.3207 1.33124 1.3443 1.36023 1.37933 1.40188 1.42805 1.45792 1.49148 1.52856 1.56888 1.61202 1.65746 1.70457 1.75267 1.80104 1.84893 1.89567 1.9406 1.98318 2.02297 2.05962 2.09294 2.12282 2.14926 2.17236 2.19229 2.20928 2.22359 2.23549 2.24527 2.25322 2.25958 2.26459 2.26845 2.27134 2.27339 2.27469 2.2753 2.27524 2.27449 2.27299 2.27064 2.2673 2.26277 2.25684 2.24923 2.23965 2.2278 2.21334 2.19598 2.17542 2.15145 2.12391 2.09273 2.05797 2.0198 1.97852 1.93454 1.88842 1.84077 1.79231 1.74376 1.69586 1.64932 1.60478 1.5628 1.52381 1.48815 1.45601 1.42748 1.40251 1.38099 1.36271 1.34741 1.3348 1.32456 1.31637 1.30994 1.30497 1.30121 1.29843 1.29643 1.29504 1.29414 1.29361 1.29337 1.29336 
1.28649 1.28683 1.28734 1.28804 1.28897 1.29023 1.2919 1.29415 1.29713 1.30109 1.30628 1.31299 1.32156 1.33234 1.34568 1.36194 1.38141 1.40437 1.43099 1.46134 1.4954 1.53298 1.5738 1.61743 1.66332 1.71084 1.75929 1.80793 1.85602 1.90287 1.94784 1.99037 2.03004 2.0665 2.09957 2.12914 2.15525 2.178 2.19756 2.21417 2.22812 2.23967 2.24913 2.25678 2.26288 2.26766 2.27134 2.27409 2.27602 2.27726 2.27785 2.27781 2.27713 2.27575 2.27356 2.27041 2.26613 2.26048 2.2532 2.24398 2.2325 2.21844 2.20148 2.18132 2.15773 2.13053 2.09965 2.06513 2.02712 1.98592 1.94195 1.89574 1.84792 1.7992 1.75033 1.70204 1.65506 1.61004 1.56756 1.52807 1.49191 1.45928 1.43029 1.4049 1.38299 1.36436 1.34876 1.33589 1.32543 1.31705 1.31047 1.30538 1.30152 1.29866 1.2966 1.29517 1.29423 1.29368 1.29342 1.2934 
1.28652 1.28686 1.28737 1.28808 1.28903 1.29031 1.29201 1.2943 1.29735 1.30138 1.30666 1.31349 1.3222 1.33315 1.3467 1.36318 1.38293 1.40618 1.43311 1.4638 1.49821 1.53615 1.57733 1.62129 1.6675 1.7153 1.76399 1.81282 1.86105 1.90798 1.95297 1.99547 2.03505 2.07138 2.10427 2.13363 2.15951 2.182 2.2013 2.21765 2.23133 2.24264 2.25187 2.25931 2.26522 2.26984 2.27339 2.27602 2.27789 2.27908 2.27965 2.27963 2.279 2.2777 2.27562 2.27262 2.26852 2.26307 2.25602 2.24705 2.23585 2.22207 2.20539 2.18552 2.16219 2.13523 2.10456 2.0702 2.03231 1.99118 1.9472 1.90093 1.853 1.8041 1.75499 1.70643 1.65915 1.6138 1.57096 1.53112 1.4946 1.46164 1.43232 1.40663 1.38444 1.36557 1.34975 1.33669 1.32607 1.31756 1.31086 1.30568 1.30175 1.29883 1.29673 1.29527 1.2943 1.29373 1.29346 1.29343 
1.28654 1.28688 1.28739 1.28811 1.28907 1.29036 1.29209 1.2944 1.29748 1.30156 1.3069 1.3138 1.32261 1.33366 1.34733 1.36395 1.38385 1.40727 1.43439 1.46528 1.49989 1.53804 1.57941 1.62357 1.66996 1.71792 1.76675 1.81569 1.86401 1.91099 1.956 1.99849 2.03802 2.07429 2.10708 2.13634 2.16208 2.18443 2.20358 2.21979 2.23332 2.24449 2.25358 2.26089 2.26669 2.27122 2.27469 2.27726 2.27908 2.28024 2.28081 2.2808 2.2802 2.27894 2.27693 2.27403 2.27003 2.2647 2.25779 2.24897 2.23792 2.22431 2.20779 2.18808 2.16489 2.13807 2.10751 2.07324 2.0354 1.99429 1.95031 1.904 1.85598 1.80698 1.75774 1.70902 1.66155 1.61601 1.57298 1.53293 1.49621 1.46305 1.43354 1.40768 1.38533 1.36631 1.35036 1.33719 1.32647 1.31788 1.31112 1.30588 1.3019 1.29895 1.29681 1.29533 1.29435 1.29377 1.29349 1.29345 
