2.91621 2.91644 2.91668 2.91692 2.91716 2.91741 2.91765 2.9179 2.91815 2.91841 2.91866 2.91893 2.9192 2.91949 2.91978 2.9201 2.92043 2.92079 2.92117 2.92158 2.92203 2.92251 2.92302 2.92358 2.92417 2.9248 2.92548 2.92619 2.92695 2.92774 2.92856 2.92941 2.93028 2.93117 2.93208 2.93299 2.93389 2.93479 2.93567 2.93651 2.93733 2.9381 2.93881 2.93947 2.94005 2.94057 2.941 2.94135 2.94161 2.94178 2.94186 2.94184 2.94172 2.94152 2.94122 2.94084 2.94038 2.93984 2.93923 2.93856 2.93783 2.93706 2.93624 2.9354 2.93453 2.93365 2.93277 2.93189 2.93101 2.93016 2.92933 2.92852 2.92775 2.92702 2.92632 2.92568 2.92508 2.92453 2.92402 2.92357 2.92317 2.92282 2.92252 2.92226 2.92205 2.92189 2.92177 2.92169 2.92165 2.92165 2.92167 2.92174 2.92182 2.92194 2.92208 2.92224 2.92241 2.92261 2.92281 2.92303 
2.91644 2.91667 2.91691 2.91715 2.91739 2.91764 2.91788 2.91813 2.91838 2.91864 2.91889 2.91916 2.91943 2.91972 2.92002 2.92033 2.92067 2.92103 2.92141 2.92183 2.92228 2.92276 2.92328 2.92384 2.92444 2.92509 2.92577 2.9265 2.92726 2.92806 2.9289 2.92976 2.93065 2.93156 2.93248 2.93341 2.93433 2.93524 2.93613 2.937 2.93783 2.93861 2.93934 2.94 2.9406 2.94113 2.94157 2.94192 2.94219 2.94236 2.94244 2.94242 2.9423 2.94209 2.94179 2.9414 2.94093 2.94038 2.93976 2.93907 2.93833 2.93754 2.93671 2.93586 2.93497 2.93408 2.93318 2.93228 2.93139 2.93052 2.92967 2.92886 2.92807 2.92733 2.92662 2.92597 2.92536 2.9248 2.92429 2.92383 2.92342 2.92307 2.92276 2.9225 2.92229 2.92213 2.922 2.92192 2.92188 2.92188 2.92191 2.92197 2.92206 2.92217 2.92231 2.92247 2.92265 2.92284 2.92304 2.92326 
2.91668 2.91691 2.91715 2.91739 2.91763 2.91788 2.91813 2.91838 2.91863 2.91889 2.91915 2.91942 2.9197 2.92 2.9203 2.92063 2.92098 2.92136 2.92176 2.92219 2.92266 2.92317 2.92372 2.92431 2.92495 2.92562 2.92635 2.92711 2.92792 2.92877 2.92965 2.93056 2.9315 2.93246 2.93343 2.93441 2.93538 2.93635 2.93729 2.9382 2.93907 2.9399 2.94067 2.94137 2.942 2.94255 2.94302 2.94339 2.94367 2.94385 2.94393 2.9439 2.94378 2.94356 2.94324 2.94283 2.94233 2.94174 2.94109 2.94036 2.93958 2.93875 2.93787 2.93697 2.93604 2.93509 2.93414 2.93319 2.93225 2.93133 2.93044 2.92957 2.92875 2.92796 2.92721 2.92652 2.92588 2.92528 2.92474 2.92426 2.92382 2.92345 2.92312 2.92284 2.92262 2.92244 2.9223 2.92221 2.92216 2.92215 2.92217 2.92222 2.92231 2.92242 2.92256 2.92271 2.92289 2.92308 2.92328 2.9235 
2.91692 2.91715 2.91739 2.91763 2.91788 2.91812 2.91838 2.91863 2.91889 2.91916 2.91943 2.91972 2.92001 2.92032 2.92065 2.921 2.92137 2.92177 2.92221 2.92268 2.92319 2.92375 2.92434 2.92499 2.92568 2.92642 2.92721 2.92805 2.92893 2.92986 2.93082 2.93182 2.93284 2.93389 2.93495 2.93601 2.93707 2.93812 2.93915 2.94014 2.94109 2.94198 2.94282 2.94358 2.94427 2.94486 2.94537 2.94577 2.94607 2.94626 2.94635 2.94632 2.94618 2.94594 2.94559 2.94514 2.94459 2.94396 2.94324 2.94245 2.9416 2.94069 2.93974 2.93875 2.93774 2.9367 2.93567 2.93463 2.93361 2.9326 2.93163 2.93068 2.92978 2.92892 2.9281 2.92734 2.92663 2.92598 2.92539 2.92485 2.92438 2.92396 2.92359 2.92328 2.92303 2.92282 2.92266 2.92255 2.92248 2.92245 2.92246 2.92251 2.92258 2.92268 2.92281 2.92296 2.92314 2.92332 2.92353 2.92374 
2.91716 2.91739 2.91763 2.91788 2.91812 2.91838 2.91864 2.9189 2.91917 2.91945 2.91974 2.92004 2.92036 2.92069 2.92105 2.92143 2.92184 2.92229 2.92277 2.9233 2.92387 2.92449 2.92516 2.92588 2.92666 2.92749 2.92838 2.92932 2.93031 2.93135 2.93243 2.93355 2.9347 2.93587 2.93705 2.93824 2.93943 2.9406 2.94174 2.94284 2.9439 2.9449 2.94583 2.94667 2.94743 2.9481 2.94865 2.9491 2.94943 2.94964 2.94973 2.9497 2.94954 2.94926 2.94887 2.94837 2.94776 2.94705 2.94625 2.94537 2.94442 2.9434 2.94234 2.94123 2.9401 2.93895 2.93779 2.93663 2.93548 2.93436 2.93326 2.9322 2.93118 2.93022 2.9293 2.92844 2.92765 2.92691 2.92624 2.92563 2.92509 2.92461 2.92419 2.92383 2.92353 2.92328 2.92309 2.92295 2.92285 2.9228 2.92279 2.92281 2.92287 2.92297 2.92308 2.92323 2.92339 2.92357 2.92377 2.92398 
2.91741 2.91764 2.91788 2.91812 2.91838 2.91864 2.91891 2.91918 2.91947 2.91977 2.92008 2.9204 2.92075 2.92111 2.92151 2.92194 2.9224 2.92291 2.92346 2.92405 2.92471 2.92541 2.92618 2.92701 2.9279 2.92886 2.92987 2.93095 2.93209 2.93327 2.93451 2.93579 2.9371 2.93843 2.93978 2.94113 2.94248 2.94381 2.94511 2.94636 2.94756 2.94868 2.94973 2.95069 2.95155 2.95229 2.95292 2.95342 2.95379 2.95403 2.95412 2.95408 2.9539 2.95358 2.95314 2.95256 2.95187 2.95106 2.95015 2.94915 2.94807 2.94692 2.94571 2.94445 2.94316 2.94185 2.94052 2.9392 2.9379 2.93661 2.93536 2.93415 2.93299 2.93188 2.93083 2.92984 2.92893 2.92808 2.9273 2.9266 2.92596 2.9254 2.92491 2.92448 2.92412 2.92382 2.92358 2.9234 2.92327 2.92318 2.92315 2.92315 2.92319 2.92326 2.92337 2.9235 2.92365 2.92383 2.92402 2.92423 
2.91765 2.91788 2.91813 2.91838 2.91864 2.91891 2.91919 2.91948 2.91978 2.9201 2.92044 2.9208 2.92118 2.92159 2.92204 2.92253 2.92306 2.92363 2.92427 2.92496 2.92571 2.92654 2.92743 2.92839 2.92942 2.93053 2.93171 2.93296 2.93428 2.93565 2.93708 2.93856 2.94007 2.94161 2.94317 2.94473 2.94628 2.9478 2.94929 2.95073 2.9521 2.95339 2.95459 2.95568 2.95666 2.95751 2.95822 2.95879 2.95921 2.95947 2.95958 2.95953 2.95932 2.95895 2.95843 2.95777 2.95697 2.95605 2.955 2.95385 2.95261 2.95128 2.94989 2.94844 2.94696 2.94545 2.94392 2.9424 2.94089 2.93941 2.93796 2.93656 2.93521 2.93393 2.93271 2.93156 2.93049 2.9295 2.92859 2.92776 2.92702 2.92635 2.92577 2.92525 2.92482 2.92445 2.92415 2.92391 2.92373 2.92361 2.92354 2.92351 2.92353 2.92358 2.92366 2.92378 2.92392 2.92409 2.92428 2.92448 
2.9179 2.91813 2.91838 2.91863 2.9189 2.91918 2.91948 2.91979 2.92012 2.92047 2.92084 2.92123 2.92167 2.92213 2.92264 2.9232 2.92381 2.92449 2.92522 2.92603 2.92691 2.92787 2.92891 2.93004 2.93125 2.93255 2.93393 2.93539 2.93693 2.93853 2.9402 2.94192 2.94367 2.94546 2.94727 2.94907 2.95087 2.95263 2.95435 2.95601 2.95759 2.95908 2.96046 2.96171 2.96283 2.96381 2.96462 2.96527 2.96575 2.96605 2.96616 2.9661 2.96585 2.96542 2.96483 2.96406 2.96313 2.96206 2.96086 2.95952 2.95808 2.95655 2.95494 2.95326 2.95154 2.94979 2.94803 2.94626 2.94451 2.94278 2.9411 2.93946 2.93789 2.93639 2.93497 2.93362 2.93237 2.9312 2.93013 2.92915 2.92827 2.92748 2.92677 2.92616 2.92563 2.92517 2.9248 2.9245 2.92426 2.92408 2.92397 2.9239 2.92389 2.92391 2.92398 2.92407 2.9242 2.92436 2.92453 2.92473 
2.91815 2.91838 2.91863 2.91889 2.91917 2.91947 2.91978 2.92012 2.92047 2.92086 2.92127 2.92172 2.92221 2.92274 2.92333 2.92398 2.92469 2.92547 2.92633 2.92728 2.92832 2.92944 2.93067 2.93199 2.93342 2.93494 2.93656 2.93827 2.94007 2.94194 2.94389 2.9459 2.94795 2.95003 2.95213 2.95423 2.95631 2.95835 2.96034 2.96226 2.96409 2.9658 2.96739 2.96884 2.97013 2.97125 2.97219 2.97293 2.97348 2.97381 2.97394 2.97386 2.97357 2.97307 2.97238 2.97149 2.97041 2.96917 2.96777 2.96623 2.96456 2.96278 2.96091 2.95897 2.95697 2.95494 2.95288 2.95083 2.94879 2.94678 2.94481 2.9429 2.94106 2.9393 2.93763 2.93606 2.93458 2.93321 2.93194 2.93078 2.92973 2.92878 2.92794 2.9272 2.92656 2.926 2.92554 2.92515 2.92485 2.92461 2.92444 2.92433 2.92427 2.92427 2.9243 2.92438 2.92449 2.92463 2.9248 2.92499 
2.91841 2.91864 2.91889 2.91916 2.91945 2.91977 2.9201 2.92047 2.92086 2.92128 2.92175 2.92225 2.92281 2.92343 2.92411 2.92486 2.92569 2.92661 2.92762 2.92873 2.92995 2.93128 2.93272 2.93427 2.93595 2.93774 2.93963 2.94164 2.94374 2.94594 2.94821 2.95055 2.95294 2.95537 2.95781 2.96024 2.96266 2.96503 2.96733 2.96955 2.97166 2.97364 2.97547 2.97714 2.97862 2.97991 2.98098 2.98184 2.98246 2.98284 2.98298 2.98288 2.98254 2.98196 2.98115 2.98012 2.97888 2.97744 2.97582 2.97403 2.9721 2.97004 2.96787 2.96562 2.9633 2.96093 2.95855 2.95616 2.95378 2.95144 2.94914 2.94691 2.94476 2.94271 2.94075 2.93889 2.93716 2.93554 2.93405 2.93267 2.93143 2.9303 2.92929 2.9284 2.92762 2.92695 2.92637 2.92589 2.9255 2.92519 2.92496 2.92479 2.92469 2.92464 2.92465 2.9247 2.92478 2.92491 2.92506 2.92525 
2.91866 2.91889 2.91915 2.91943 2.91974 2.92008 2.92044 2.92084 2.92127 2.92175 2.92227 2.92285 2.92349 2.9242 2.92499 2.92587 2.92684 2.92791 2.9291 2.93041 2.93184 2.93339 2.93509 2.93691 2.93888 2.94097 2.9432 2.94554 2.948 2.95056 2.95321 2.95593 2.95871 2.96153 2.96436 2.96718 2.96998 2.97272 2.97538 2.97794 2.98037 2.98265 2.98476 2.98667 2.98838 2.98985 2.99108 2.99206 2.99276 2.9932 2.99336 2.99323 2.99283 2.99216 2.99123 2.99003 2.9886 2.98694 2.98506 2.983 2.98077 2.97838 2.97588 2.97327 2.97058 2.96784 2.96507 2.9623 2.95954 2.95681 2.95414 2.95154 2.94904 2.94663 2.94434 2.94217 2.94013 2.93823 2.93647 2.93485 2.93337 2.93204 2.93084 2.92977 2.92883 2.92802 2.92732 2.92673 2.92624 2.92584 2.92553 2.9253 2.92514 2.92505 2.92501 2.92503 2.92509 2.9252 2.92534 2.92551 
2.91893 2.91916 2.91942 2.91972 2.92004 2.9204 2.9208 2.92123 2.92172 2.92225 2.92285 2.92351 2.92425 2.92507 2.92599 2.92701 2.92814 2.9294 2.93079 2.93232 2.934 2.93583 2.93781 2.93995 2.94224 2.94469 2.94728 2.95002 2.95288 2.95586 2.95894 2.9621 2.96532 2.96858 2.97185 2.97511 2.97833 2.98149 2.98455 2.98749 2.99028 2.9929 2.99531 2.99751 2.99946 3.00114 3.00255 3.00366 3.00446 3.00495 3.00513 3.00498 3.00452 3.00374 3.00266 3.00129 2.99963 2.99772 2.99557 2.99319 2.99062 2.98788 2.98499 2.98198 2.97888 2.97572 2.97252 2.9693 2.96611 2.96295 2.95985 2.95684 2.95392 2.95112 2.94845 2.94592 2.94353 2.94131 2.93924 2.93734 2.9356 2.93402 2.9326 2.93133 2.93021 2.92923 2.92838 2.92766 2.92706 2.92656 2.92616 2.92586 2.92564 2.92549 2.92541 2.92539 2.92542 2.9255 2.92562 2.92578 
2.9192 2.91943 2.9197 2.92001 2.92036 2.92075 2.92118 2.92167 2.92221 2.92281 2.92349 2.92425 2.9251 2.92605 2.92712 2.9283 2.92963 2.9311 2.93272 2.93451 2.93646 2.9386 2.94091 2.9434 2.94608 2.94892 2.95194 2.95511 2.95843 2.96188 2.96544 2.96909 2.97281 2.97656 2.98033 2.98407 2.98777 2.99139 2.9949 2.99827 3.00146 3.00445 3.00721 3.00971 3.01193 3.01384 3.01544 3.0167 3.01761 3.01816 3.01835 3.01818 3.01764 3.01675 3.01551 3.01394 3.01205 3.00986 3.00739 3.00467 3.00172 2.99858 2.99526 2.99181 2.98825 2.98461 2.98093 2.97723 2.97355 2.9699 2.96633 2.96284 2.95946 2.95621 2.95311 2.95017 2.9474 2.9448 2.94239 2.94016 2.93812 2.93627 2.93459 2.93309 2.93176 2.93059 2.92958 2.92871 2.92797 2.92736 2.92686 2.92647 2.92617 2.92596 2.92583 2.92576 2.92576 2.92581 2.92591 2.92606 
2.91949 2.91972 2.92 2.92032 2.92069 2.92111 2.92159 2.92213 2.92274 2.92343 2.9242 2.92507 2.92605 2.92715 2.92839 2.92977 2.93131 2.93301 2.9349 2.93698 2.93926 2.94174 2.94443 2.94732 2.95042 2.95372 2.9572 2.96087 2.9647 2.96867 2.97277 2.97696 2.98123 2.98553 2.98984 2.99413 2.99836 3.00249 3.00649 3.01032 3.01395 3.01735 3.02048 3.02332 3.02584 3.02801 3.02981 3.03123 3.03226 3.03288 3.03309 3.03288 3.03227 3.03125 3.02984 3.02804 3.02589 3.02339 3.02058 3.01748 3.01412 3.01053 3.00675 3.00281 2.99874 2.99458 2.99036 2.98612 2.9819 2.97771 2.9736 2.96959 2.9657 2.96195 2.95837 2.95497 2.95176 2.94875 2.94594 2.94335 2.94097 2.9388 2.93684 2.93508 2.93351 2.93213 2.93092 2.92988 2.92899 2.92825 2.92763 2.92714 2.92676 2.92647 2.92628 2.92616 2.92612 2.92614 2.92622 2.92636 
2.91978 2.92002 2.9203 2.92065 2.92105 2.92151 2.92204 2.92264 2.92333 2.92411 2.92499 2.92599 2.92712 2.92839 2.92981 2.93141 2.9332 2.93518 2.93737 2.93977 2.94241 2.94528 2.94839 2.95173 2.9553 2.9591 2.96311 2.96733 2.97172 2.97628 2.98097 2.98576 2.99063 2.99554 3.00045 3.00533 3.01013 3.01482 3.01935 3.02369 3.0278 3.03165 3.03518 3.03839 3.04122 3.04367 3.0457 3.0473 3.04845 3.04914 3.04937 3.04913 3.04843 3.04727 3.04567 3.04364 3.0412 3.03837 3.03518 3.03167 3.02786 3.02379 3.0195 3.01502 3.01039 3.00566 3.00086 2.99603 2.9912 2.98642 2.98172 2.97713 2.97267 2.96837 2.96426 2.96034 2.95664 2.95317 2.94993 2.94693 2.94417 2.94165 2.93936 2.9373 2.93547 2.93384 2.93242 2.93118 2.93013 2.92923 2.92849 2.92788 2.9274 2.92703 2.92677 2.9266 2.92651 2.92649 2.92655 2.92666 
2.9201 2.92033 2.92063 2.921 2.92143 2.92194 2.92253 2.9232 2.92398 2.92486 2.92587 2.92701 2.9283 2.92977 2.93141 2.93326 2.93531 2.9376 2.94013 2.9429 2.94594 2.94925 2.95282 2.95666 2.96076 2.96511 2.9697 2.97452 2.97954 2.98473 2.99007 2.99552 3.00105 3.00662 3.01218 3.0177 3.02312 3.02842 3.03353 3.03842 3.04305 3.04737 3.05134 3.05493 3.05811 3.06085 3.06313 3.06491 3.0662 3.06697 3.06721 3.06694 3.06614 3.06484 3.06303 3.06074 3.058 3.05481 3.05123 3.04727 3.04297 3.03838 3.03353 3.02847 3.02324 3.01789 3.01245 3.00697 3.0015 2.99607 2.99072 2.98549 2.98041 2.9755 2.9708 2.96632 2.96208 2.95809 2.95437 2.95092 2.94773 2.94482 2.94217 2.93979 2.93765 2.93576 2.93409 2.93264 2.93139 2.93032 2.92943 2.92869 2.9281 2.92764 2.9273 2.92706 2.92692 2.92687 2.92689 2.92699 
2.92043 2.92067 2.92098 2.92137 2.92184 2.9224 2.92306 2.92381 2.92469 2.92569 2.92684 2.92814 2.92963 2.93131 2.9332 2.93531 2.93768 2.9403 2.94321 2.94639 2.94988 2.95366 2.95775 2.96213 2.96681 2.97177 2.977 2.98248 2.98817 2.99406 3.00011 3.00627 3.01251 3.01879 3.02506 3.03127 3.03737 3.04331 3.04904 3.05452 3.05969 3.06452 3.06896 3.07297 3.07652 3.07957 3.0821 3.08408 3.08551 3.08636 3.08663 3.08631 3.08542 3.08395 3.08193 3.07937 3.0763 3.07273 3.06872 3.06428 3.05947 3.05432 3.04888 3.0432 3.03732 3.03129 3.02516 3.01899 3.01281 3.00668 3.00063 2.99471 2.98894 2.98337 2.97803 2.97293 2.9681 2.96355 2.95929 2.95534 2.95169 2.94834 2.9453 2.94254 2.94008 2.93788 2.93594 2.93425 2.93278 2.93153 2.93047 2.92959 2.92887 2.92831 2.92788 2.92757 2.92737 2.92727 2.92726 2.92734 
2.92079 2.92103 2.92136 2.92177 2.92229 2.92291 2.92363 2.92449 2.92547 2.92661 2.92791 2.9294 2.9311 2.93301 2.93518 2.9376 2.9403 2.94331 2.94662 2.95026 2.95423 2.95855 2.9632 2.96818 2.97349 2.97912 2.98504 2.99123 2.99766 3.0043 3.0111 3.01803 3.02504 3.03208 3.0391 3.04605 3.05286 3.05949 3.06589 3.07199 3.07775 3.08311 3.08804 3.09249 3.09642 3.0998 3.1026 3.1048 3.10637 3.10731 3.1076 3.10724 3.10624 3.10461 3.10236 3.09951 3.09609 3.09213 3.08765 3.08272 3.07735 3.07161 3.06554 3.05919 3.05262 3.04588 3.03902 3.0321 3.02516 3.01827 3.01147 3.00479 2.9983 2.99201 2.98596 2.98019 2.97472 2.96955 2.96472 2.96021 2.95605 2.95223 2.94875 2.94559 2.94275 2.94022 2.93799 2.93602 2.93432 2.93285 2.93161 2.93057 2.92972 2.92903 2.9285 2.92811 2.92785 2.9277 2.92765 2.92771 
2.92117 2.92141 2.92176 2.92221 2.92277 2.92346 2.92427 2.92522 2.92633 2.92762 2.9291 2.93079 2.93272 2.9349 2.93737 2.94013 2.94321 2.94662 2.95039 2.95453 2.95903 2.96392 2.96918 2.97482 2.98081 2.98716 2.99382 3.00078 3.008 3.01544 3.02306 3.03081 3.03864 3.0465 3.05431 3.06204 3.06961 3.07697 3.08405 3.09081 3.09718 3.10311 3.10856 3.11347 3.1178 3.12152 3.1246 3.12702 3.12874 3.12977 3.13008 3.12968 3.12857 3.12677 3.12428 3.12113 3.11734 3.11296 3.10801 3.10254 3.0966 3.09024 3.0835 3.07645 3.06915 3.06165 3.05401 3.04629 3.03855 3.03085 3.02324 3.01577 3.00848 3.00142 2.99462 2.98813 2.98195 2.97612 2.97066 2.96556 2.96084 2.9565 2.95254 2.94894 2.9457 2.9428 2.94024 2.93798 2.93601 2.93431 2.93287 2.93165 2.93064 2.92983 2.92919 2.92871 2.92837 2.92816 2.92807 2.9281 
2.92158 2.92183 2.92219 2.92268 2.9233 2.92405 2.92496 2.92603 2.92728 2.92873 2.93041 2.93232 2.93451 2.93698 2.93977 2.9429 2.94639 2.95026 2.95453 2.9592 2.96428 2.96979 2.97572 2.98205 2.98879 2.9959 3.00336 3.01115 3.01921 3.02751 3.03599 3.04461 3.0533 3.06201 3.07067 3.07922 3.08758 3.0957 3.10351 3.11095 3.11796 3.12448 3.13046 3.13584 3.1406 3.14467 3.14805 3.15068 3.15257 3.15368 3.15402 3.15357 3.15235 3.15036 3.14763 3.14417 3.14001 3.13519 3.12975 3.12373 3.11718 3.11017 3.10274 3.09495 3.08688 3.07858 3.07012 3.06157 3.05298 3.04442 3.03595 3.02762 3.0195 3.01161 3.00401 2.99674 2.98981 2.98327 2.97712 2.97138 2.96606 2.96116 2.95668 2.9526 2.94892 2.94563 2.9427 2.94012 2.93786 2.93591 2.93424 2.93282 2.93165 2.93069 2.92993 2.92935 2.92893 2.92866 2.92853 2.92853 
2.92203 2.92228 2.92266 2.92319 2.92387 2.92471 2.92571 2.92691 2.92832 2.92995 2.93184 2.934 2.93646 2.93926 2.94241 2.94594 2.94988 2.95423 2.95903 2.96428 2.97 2.97617 2.98281 2.9899 2.99742 3.00535 3.01366 3.02232 3.03127 3.04048 3.04987 3.0594 3.06901 3.07861 3.08815 3.09755 3.10674 3.11565 3.12422 3.13236 3.14003 3.14715 3.15368 3.15955 3.16473 3.16918 3.17285 3.17571 3.17776 3.17897 3.17933 3.17884 3.1775 3.17533 3.17234 3.16856 3.16401 3.15874 3.15279 3.14621 3.13904 3.13135 3.1232 3.11465 3.10578 3.09665 3.08733 3.0779 3.06842 3.05896 3.04958 3.04036 3.03134 3.02258 3.01413 3.00603 2.9983 2.991 2.98412 2.97769 2.97172 2.96622 2.96117 2.95658 2.95243 2.9487 2.94538 2.94245 2.93988 2.93765 2.93573 2.9341 2.93275 2.93163 2.93074 2.93005 2.92954 2.9292 2.92902 2.92899 
2.92251 2.92276 2.92317 2.92375 2.92449 2.92541 2.92654 2.92787 2.92944 2.93128 2.93339 2.93583 2.9386 2.94174 2.94528 2.94925 2.95366 2.95855 2.96392 2.96979 2.97617 2.98306 2.99046 2.99835 3.0067 3.0155 3.02471 3.03429 3.04418 3.05433 3.06468 3.07516 3.08571 3.09625 3.1067 3.11698 3.12703 3.13675 3.14609 3.15496 3.1633 3.17104 3.17813 3.1845 3.19012 3.19493 3.1989 3.20201 3.20422 3.20552 3.2059 3.20536 3.20391 3.20155 3.1983 3.1942 3.18926 3.18353 3.17706 3.1699 3.16209 3.15371 3.14482 3.13549 3.12579 3.1158 3.10559 3.09524 3.08483 3.07443 3.06411 3.05395 3.044 3.03432 3.02496 3.01599 3.00742 2.9993 2.99165 2.98449 2.97783 2.97168 2.96603 2.96088 2.95622 2.95202 2.94828 2.94497 2.94206 2.93953 2.93735 2.93549 2.93393 2.93265 2.93161 2.9308 2.9302 2.92978 2.92955 2.92949 
2.92302 2.92328 2.92372 2.92434 2.92516 2.92618 2.92743 2.92891 2.93067 2.93272 2.93509 2.93781 2.94091 2.94443 2.94839 2.95282 2.95775 2.9632 2.96918 2.97572 2.98281 2.99046 2.99866 3.00738 3.01662 3.02633 3.03648 3.04702 3.05789 3.06903 3.08037 3.09184 3.10337 3.11486 3.12625 3.13744 3.14836 3.15892 3.16904 3.17865 3.18767 3.19604 3.2037 3.21058 3.21663 3.22182 3.22609 3.22943 3.23181 3.2332 3.23361 3.23303 3.23145 3.22891 3.2254 3.22097 3.21564 3.20945 3.20245 3.1947 3.18625 3.17716 3.16752 3.15738 3.14684 3.13597 3.12484 3.11355 3.10218 3.09081 3.07951 3.06836 3.05743 3.04679 3.0365 3.0266 3.01714 3.00816 2.9997 2.99176 2.98437 2.97753 2.97124 2.9655 2.96029 2.9556 2.95141 2.94769 2.94442 2.94156 2.9391 2.93699 2.93522 2.93374 2.93255 2.93161 2.9309 2.93041 2.93012 2.93002 
2.92358 2.92384 2.92431 2.92499 2.92588 2.92701 2.92839 2.93004 2.93199 2.93427 2.93691 2.93995 2.9434 2.94732 2.95173 2.95666 2.96213 2.96818 2.97482 2.98205 2.9899 2.99835 3.00738 3.017 3.02715 3.03782 3.04895 3.06048 3.07237 3.08453 3.09689 3.10938 3.12191 3.13438 3.14673 3.15884 3.17065 3.18205 3.19297 3.20332 3.21304 3.22203 3.23026 3.23764 3.24413 3.24969 3.25427 3.25785 3.26039 3.26188 3.26231 3.26168 3.25999 3.25726 3.25349 3.24873 3.24301 3.23636 3.22883 3.22049 3.21139 3.2016 3.19119 3.18024 3.16884 3.15706 3.14501 3.13275 3.12039 3.10802 3.09571 3.08355 3.07161 3.05997 3.04869 3.03784 3.02745 3.01758 3.00825 2.9995 2.99134 2.98377 2.97681 2.97044 2.96466 2.95944 2.95476 2.95061 2.94695 2.94375 2.94098 2.9386 2.93659 2.93492 2.93356 2.93248 2.93167 2.93109 2.93073 2.93059 
2.92417 2.92444 2.92495 2.92568 2.92666 2.9279 2.92942 2.93125 2.93342 2.93595 2.93888 2.94224 2.94608 2.95042 2.9553 2.96076 2.96681 2.97349 2.98081 2.98879 2.99742 3.0067 3.01662 3.02715 3.03827 3.04992 3.06206 3.07463 3.08756 3.10076 3.11417 3.1277 3.14124 3.15472 3.16803 3.18108 3.19378 3.20603 3.21775 3.22885 3.23924 3.24887 3.25766 3.26554 3.27247 3.27839 3.28328 3.28708 3.28979 3.29137 3.29183 3.29115 3.28935 3.28643 3.28242 3.27734 3.27122 3.26411 3.25607 3.24713 3.23738 3.22688 3.21571 3.20394 3.19168 3.17899 3.16599 3.15276 3.1394 3.126 3.11265 3.09945 3.08648 3.07381 3.06152 3.04967 3.03832 3.02751 3.01729 3.00769 2.99872 2.99039 2.98272 2.97569 2.9693 2.96352 2.95834 2.95372 2.94965 2.94608 2.94298 2.94032 2.93807 2.93619 2.93465 2.93342 2.93248 2.93181 2.93139 2.93121 
2.9248 2.92509 2.92562 2.92642 2.92749 2.92886 2.93053 2.93255 2.93494 2.93774 2.94097 2.94469 2.94892 2.95372 2.9591 2.96511 2.97177 2.97912 2.98716 2.9959 3.00535 3.0155 3.02633 3.03782 3.04992 3.06259 3.07577 3.0894 3.10339 3.11766 3.13214 3.14671 3.16129 3.17577 3.19006 3.20404 3.21763 3.23073 3.24324 3.25507 3.26615 3.2764 3.28574 3.29411 3.30147 3.30776 3.31293 3.31697 3.31983 3.32151 3.32199 3.32127 3.31936 3.31626 3.312 3.3066 3.30011 3.29255 3.28399 3.27448 3.26409 3.25288 3.24095 3.22837 3.21524 3.20165 3.18769 3.17347 3.1591 3.14466 3.13026 3.116 3.10197 3.08824 3.07491 3.06204 3.0497 3.03793 3.02678 3.01629 3.00648 2.99737 2.98895 2.98123 2.9742 2.96784 2.96212 2.95702 2.95251 2.94855 2.94511 2.94215 2.93964 2.93753 2.9358 2.93441 2.93335 2.93258 2.93209 2.93187 
2.92548 2.92577 2.92635 2.92721 2.92838 2.92987 2.93171 2.93393 2.93656 2.93963 2.9432 2.94728 2.95194 2.9572 2.96311 2.9697 2.977 2.98504 2.99382 3.00336 3.01366 3.02471 3.03648 3.04895 3.06206 3.07577 3.09001 3.10471 3.11978 3.13514 3.15069 3.16632 3.18193 3.19742 3.21267 3.22759 3.24207 3.256 3.26929 3.28185 3.29359 3.30444 3.31432 3.32318 3.33095 3.33759 3.34305 3.3473 3.35032 3.35209 3.3526 3.35184 3.34982 3.34655 3.34205 3.33635 3.32948 3.32149 3.31243 3.30236 3.29134 3.27945 3.26676 3.25338 3.23939 3.22489 3.20999 3.19479 3.17939 3.16391 3.14846 3.13312 3.11801 3.10322 3.08882 3.07491 3.06154 3.04879 3.03669 3.02529 3.01461 3.00467 2.99549 2.98705 2.97935 2.97238 2.9661 2.9605 2.95553 2.95117 2.94737 2.94409 2.9413 2.93895 2.93702 2.93547 2.93427 2.9334 2.93283 2.93256 
2.92619 2.9265 2.92711 2.92805 2.92932 2.93095 2.93296 2.93539 2.93827 2.94164 2.94554 2.95002 2.95511 2.96087 2.96733 2.97452 2.98248 2.99123 3.00078 3.01115 3.02232 3.03429 3.04702 3.06048 3.07463 3.0894 3.10471 3.12049 3.13666 3.1531 3.16972 3.1864 3.20305 3.21953 3.23575 3.25159 3.26693 3.28168 3.29573 3.309 3.32139 3.33282 3.34323 3.35255 3.36072 3.36769 3.37342 3.37789 3.38106 3.38292 3.38345 3.38265 3.38053 3.3771 3.37238 3.36639 3.35917 3.35076 3.34122 3.3306 3.31897 3.3064 3.29299 3.27882 3.26399 3.2486 3.23276 3.21658 3.20017 3.18365 3.16713 3.15072 3.13452 3.11864 3.10317 3.0882 3.0738 3.06003 3.04696 3.03462 3.02305 3.01227 3.0023 2.99312 2.98473 2.97713 2.97027 2.96414 2.9587 2.95391 2.94973 2.94612 2.94304 2.94045 2.93831 2.93658 2.93524 2.93426 2.93362 2.9333 
2.92695 2.92726 2.92792 2.92893 2.93031 2.93209 2.93428 2.93693 2.94007 2.94374 2.948 2.95288 2.95843 2.9647 2.97172 2.97954 2.98817 2.99766 3.008 3.01921 3.03127 3.04418 3.05789 3.07237 3.08756 3.10339 3.11978 3.13666 3.15391 3.17143 3.18912 3.20685 3.22451 3.24198 3.25914 3.27588 3.29207 3.30761 3.3224 3.33635 3.34936 3.36136 3.37227 3.38203 3.39057 3.39787 3.40386 3.40853 3.41184 3.41378 3.41434 3.41351 3.4113 3.40771 3.40278 3.39652 3.38896 3.38016 3.37015 3.35901 3.3468 3.33359 3.31947 3.30453 3.28888 3.27262 3.25586 3.23871 3.2213 3.20375 3.18617 3.16869 3.15141 3.13444 3.11789 3.10185 3.0864 3.07161 3.05755 3.04426 3.03178 3.02014 3.00935 2.99941 2.99032 2.98206 2.97461 2.96794 2.96201 2.95678 2.9522 2.94825 2.94487 2.94202 2.93966 2.93775 2.93626 2.93517 2.93445 2.93408 
2.92774 2.92806 2.92877 2.92986 2.93135 2.93327 2.93565 2.93853 2.94194 2.94594 2.95056 2.95586 2.96188 2.96867 2.97628 2.98473 2.99406 3.0043 3.01544 3.02751 3.04048 3.05433 3.06903 3.08453 3.10076 3.11766 3.13514 3.1531 3.17143 3.19003 3.20877 3.22753 3.24619 3.26462 3.2827 3.3003 3.31732 3.33363 3.34913 3.36373 3.37733 3.38986 3.40125 3.41142 3.42033 3.42792 3.43416 3.43901 3.44246 3.44448 3.44506 3.4442 3.44191 3.43818 3.43305 3.42653 3.41867 3.40949 3.39905 3.38742 3.37465 3.36082 3.34603 3.33035 3.31391 3.2968 3.27914 3.26105 3.24266 3.22409 3.20547 3.18692 3.16857 3.15052 3.13289 3.11578 3.09927 3.08346 3.06839 3.05414 3.04074 3.02823 3.01661 3.0059 2.99609 2.98716 2.9791 2.97186 2.96543 2.95974 2.95477 2.95046 2.94677 2.94365 2.94106 2.93897 2.93733 2.93612 2.93531 2.93489 
2.92856 2.9289 2.92965 2.93082 2.93243 2.93451 2.93708 2.9402 2.94389 2.94821 2.95321 2.95894 2.96544 2.97277 2.98097 2.99007 3.00011 3.0111 3.02306 3.03599 3.04987 3.06468 3.08037 3.09689 3.11417 3.13214 3.15069 3.16972 3.18912 3.20877 3.22855 3.24831 3.26795 3.28731 3.30627 3.32471 3.34251 3.35955 3.37573 3.39094 3.40511 3.41814 3.42997 3.44053 3.44977 3.45764 3.46411 3.46914 3.47271 3.47481 3.47541 3.47453 3.47216 3.46831 3.463 3.45625 3.44809 3.43857 3.42773 3.41563 3.40234 3.38793 3.37249 3.35612 3.33891 3.32099 3.30246 3.28346 3.26411 3.24455 3.22491 3.20531 3.18589 3.16677 3.14807 3.1299 3.11234 3.09549 3.07943 3.06421 3.04989 3.03648 3.02403 3.01254 3.00199 2.99239 2.9837 2.9759 2.96895 2.9628 2.95741 2.95274 2.94873 2.94534 2.94252 2.94023 2.93843 2.9371 2.93621 2.93574 
2.92941 2.92976 2.93056 2.93182 2.93355 2.93579 2.93856 2.94192 2.9459 2.95055 2.95593 2.9621 2.96909 2.97696 2.98576 2.99552 3.00627 3.01803 3.03081 3.04461 3.0594 3.07516 3.09184 3.10938 3.1277 3.14671 3.16632 3.1864 3.20685 3.22753 3.24831 3.26906 3.28963 3.30989 3.3297 3.34894 3.36749 3.38522 3.40203 3.41783 3.43251 3.44601 3.45825 3.46917 3.47872 3.48685 3.49353 3.49872 3.50241 3.50457 3.5052 3.5043 3.50186 3.4979 3.49242 3.48546 3.47704 3.4672 3.45599 3.44346 3.42969 3.41473 3.39869 3.38165 3.36372 3.34502 3.32567 3.30579 3.28552 3.26499 3.24435 3.22374 3.20328 3.18311 3.16335 3.14412 3.12552 3.10765 3.09059 3.07441 3.05915 3.04487 3.03157 3.01929 3.00801 2.99772 2.9884 2.98002 2.97255 2.96593 2.96012 2.95508 2.95074 2.94707 2.94401 2.94153 2.93957 2.93812 2.93714 2.93661 
2.93028 2.93065 2.9315 2.93284 2.9347 2.9371 2.94007 2.94367 2.94795 2.95294 2.95871 2.96532 2.97281 2.98123 2.99063 3.00105 3.01251 3.02504 3.03864 3.0533 3.06901 3.08571 3.10337 3.12191 3.14124 3.16129 3.18193 3.20305 3.22451 3.24619 3.26795 3.28963 3.3111 3.33221 3.35283 3.37283 3.39208 3.41046 3.42787 3.4442 3.45937 3.4733 3.48592 3.49716 3.50699 3.51535 3.52222 3.52756 3.53135 3.53358 3.53423 3.53331 3.53082 3.52676 3.52114 3.51399 3.50534 3.49521 3.48367 3.47075 3.45652 3.44106 3.42445 3.4068 3.38819 3.36875 3.34861 3.32789 3.30674 3.28529 3.26368 3.24208 3.2206 3.1994 3.17861 3.15835 3.13872 3.11985 3.1018 3.08466 3.06848 3.05331 3.03918 3.02611 3.01409 3.00311 2.99316 2.98421 2.9762 2.96911 2.96288 2.95746 2.9528 2.94884 2.94554 2.94285 2.94074 2.93916 2.93809 2.93751 
2.93117 2.93156 2.93246 2.93389 2.93587 2.93843 2.94161 2.94546 2.95003 2.95537 2.96153 2.96858 2.97656 2.98553 2.99554 3.00662 3.01879 3.03208 3.0465 3.06201 3.07861 3.09625 3.11486 3.13438 3.15472 3.17577 3.19742 3.21953 3.24198 3.26462 3.28731 3.30989 3.33221 3.35414 3.37552 3.39623 3.41614 3.43512 3.45307 3.4699 3.48551 3.49983 3.51279 3.52433 3.53441 3.54298 3.55002 3.55549 3.55937 3.56166 3.56234 3.56141 3.55887 3.55472 3.54898 3.54167 3.53281 3.52243 3.51058 3.49731 3.48267 3.46675 3.44963 3.43139 3.41215 3.39203 3.37114 3.34963 3.32763 3.30529 3.28277 3.26021 3.23775 3.21556 3.19376 3.17249 3.15186 3.132 3.11298 3.0949 3.07781 3.06177 3.04681 3.03295 3.0202 3.00854 2.99796 2.98842 2.97989 2.97232 2.96567 2.95987 2.95488 2.95064 2.94709 2.9442 2.94193 2.94022 2.93906 2.93843 
2.93208 2.93248 2.93343 2.93495 2.93705 2.93978 2.94317 2.94727 2.95213 2.95781 2.96436 2.97185 2.98033 2.98984 3.00045 3.01218 3.02506 3.0391 3.05431 3.07067 3.08815 3.1067 3.12625 3.14673 3.16803 3.19006 3.21267 3.23575 3.25914 3.2827 3.30627 3.3297 3.35283 3.37552 3.39762 3.41899 3.4395 3.45904 3.4775 3.49477 3.51079 3.52546 3.53872 3.55053 3.56083 3.56958 3.57677 3.58235 3.58632 3.58866 3.58937 3.58843 3.58585 3.58163 3.57579 3.56833 3.55929 3.54869 3.53657 3.52299 3.50799 3.49165 3.47405 3.45529 3.43546 3.4147 3.39312 3.37086 3.34806 3.32489 3.30148 3.27801 3.25462 3.23146 3.20869 3.18645 3.16485 3.14402 3.12406 3.10505 3.08707 3.07018 3.0544 3.03977 3.02629 3.01395 3.00275 2.99264 2.98358 2.97554 2.96846 2.96229 2.95697 2.95244 2.94866 2.94557 2.94312 2.94129 2.94004 2.93936 
2.93299 2.93341 2.93441 2.93601 2.93824 2.94113 2.94473 2.94907 2.95423 2.96024 2.96718 2.97511 2.98407 2.99413 3.00533 3.0177 3.03127 3.04605 3.06204 3.07922 3.09755 3.11698 3.13744 3.15884 3.18108 3.20404 3.22759 3.25159 3.27588 3.3003 3.32471 3.34894 3.37283 3.39623 3.41899 3.44097 3.46204 3.48209 3.501 3.51868 3.53505 3.55003 3.56356 3.5756 3.58609 3.59501 3.60232 3.60801 3.61205 3.61444 3.61517 3.61423 3.61162 3.60735 3.60142 3.59384 3.58465 3.57386 3.56151 3.54764 3.53232 3.5156 3.49758 3.47834 3.45798 3.43662 3.4144 3.39144 3.3679 3.34394 3.3197 3.29536 3.27108 3.24701 3.22331 3.20012 3.17758 3.15582 3.13494 3.11504 3.0962 3.07847 3.06189 3.04651 3.03232 3.01932 3.0075 2.99682 2.98725 2.97874 2.97125 2.9647 2.95905 2.95424 2.95022 2.94693 2.94432 2.94237 2.94103 2.94029 
2.93389 2.93433 2.93538 2.93707 2.93943 2.94248 2.94628 2.95087 2.95631 2.96266 2.96998 2.97833 2.98777 2.99836 3.01013 3.02312 3.03737 3.05286 3.06961 3.08758 3.10674 3.12703 3.14836 3.17065 3.19378 3.21763 3.24207 3.26693 3.29207 3.31732 3.34251 3.36749 3.39208 3.41614 3.4395 3.46204 3.48362 3.50412 3.52344 3.54148 3.55817 3.57342 3.58719 3.59942 3.61008 3.61914 3.62656 3.63233 3.63644 3.63887 3.63962 3.63868 3.63605 3.63174 3.62574 3.61807 3.60875 3.5978 3.58525 3.57114 3.55554 3.53849 3.52009 3.50041 3.47956 3.45767 3.43485 3.41125 3.38702 3.36232 3.33731 3.31215 3.28702 3.26208 3.23749 3.21341 3.18998 3.16733 3.14557 3.1248 3.10512 3.08658 3.06924 3.05312 3.03824 3.02459 3.01217 3.00094 2.99087 2.9819 2.97399 2.96709 2.96112 2.95603 2.95177 2.94828 2.94551 2.94344 2.94201 2.94122 
2.93479 2.93524 2.93635 2.93812 2.9406 2.94381 2.9478 2.95263 2.95835 2.96503 2.97272 2.98149 2.99139 3.00249 3.01482 3.02842 3.04331 3.05949 3.07697 3.0957 3.11565 3.13675 3.15892 3.18205 3.20603 3.23073 3.256 3.28168 3.30761 3.33363 3.35955 3.38522 3.41046 3.43512 3.45904 3.48209 3.50412 3.52503 3.54471 3.56307 3.58003 3.59552 3.60949 3.62189 3.63269 3.64186 3.64938 3.65522 3.65939 3.66186 3.66263 3.66169 3.65905 3.6547 3.64865 3.64091 3.63148 3.6204 3.60768 3.59337 3.57752 3.56019 3.54145 3.52138 3.5001 3.47772 3.45436 3.43017 3.40531 3.37992 3.35418 3.32826 3.30234 3.27658 3.25116 3.22623 3.20195 3.17844 3.15584 3.13426 3.11377 3.09446 3.07637 3.05954 3.044 3.02973 3.01672 3.00496 2.9944 2.98499 2.97668 2.96942 2.96314 2.95778 2.95329 2.94961 2.94669 2.94449 2.94298 2.94213 
2.93567 2.93613 2.93729 2.93915 2.94174 2.94511 2.94929 2.95435 2.96034 2.96733 2.97538 2.98455 2.9949 3.00649 3.01935 3.03353 3.04904 3.06589 3.08405 3.10351 3.12422 3.14609 3.16904 3.19297 3.21775 3.24324 3.26929 3.29573 3.3224 3.34913 3.37573 3.40203 3.42787 3.45307 3.4775 3.501 3.52344 3.54471 3.56471 3.58334 3.60054 3.61623 3.63037 3.64292 3.65383 3.6631 3.67069 3.67659 3.6808 3.6833 3.68409 3.68317 3.68052 3.67615 3.67006 3.66226 3.65276 3.64157 3.62871 3.61424 3.59818 3.58059 3.56156 3.54115 3.51949 3.49666 3.47282 3.44809 3.42264 3.39663 3.37022 3.3436 3.31694 3.29042 3.26421 3.23849 3.2134 3.18909 3.1657 3.14333 3.12208 3.10203 3.08324 3.06574 3.04955 3.03469 3.02113 3.00885 2.99782 2.98798 2.97929 2.97169 2.96511 2.95949 2.95477 2.9509 2.94783 2.94552 2.94393 2.94303 
2.93651 2.937 2.9382 2.94014 2.94284 2.94636 2.95073 2.95601 2.96226 2.96955 2.97794 2.98749 2.99827 3.01032 3.02369 3.03842 3.05452 3.07199 3.09081 3.11095 3.13236 3.15496 3.17865 3.20332 3.22885 3.25507 3.28185 3.309 3.33635 3.36373 3.39094 3.41783 3.4442 3.4699 3.49477 3.51868 3.54148 3.56307 3.58334 3.60222 3.61961 3.63548 3.64975 3.66241 3.67342 3.68276 3.69042 3.69637 3.70062 3.70315 3.70395 3.70304 3.70039 3.69601 3.6899 3.68206 3.67249 3.66122 3.64826 3.63364 3.6174 3.59961 3.58032 3.55962 3.53761 3.5144 3.49012 3.46491 3.43893 3.41234 3.38532 3.35805 3.33071 3.30349 3.27655 3.25009 3.22425 3.1992 3.17506 3.15196 3.12999 3.10925 3.08979 3.07165 3.05486 3.03943 3.02534 3.01257 3.00109 2.99085 2.9818 2.97386 2.967 2.96113 2.9562 2.95215 2.94894 2.94651 2.94484 2.9439 
2.93733 2.93783 2.93907 2.94109 2.9439 2.94756 2.9521 2.95759 2.96409 2.97166 2.98037 2.99028 3.00146 3.01395 3.0278 3.04305 3.05969 3.07775 3.09718 3.11796 3.14003 3.1633 3.18767 3.21304 3.23924 3.26615 3.29359 3.32139 3.34936 3.37733 3.40511 3.43251 3.45937 3.48551 3.51079 3.53505 3.55817 3.58003 3.60054 3.61961 3.63718 3.65318 3.66758 3.68033 3.69141 3.70081 3.70851 3.7145 3.71878 3.72133 3.72216 3.72125 3.71861 3.71423 3.7081 3.70024 3.69063 3.67929 3.66625 3.65151 3.63514 3.61716 3.59766 3.5767 3.55439 3.53084 3.50617 3.48053 3.45408 3.42697 3.3994 3.37154 3.34358 3.3157 3.2881 3.26096 3.23443 3.20868 3.18385 3.16007 3.13744 3.11605 3.09596 3.07722 3.05987 3.04391 3.02932 3.0161 3.0042 2.99358 2.98417 2.97593 2.96879 2.96269 2.95756 2.95334 2.94999 2.94746 2.94572 2.94473 
2.9381 2.93861 2.9399 2.94198 2.9449 2.94868 2.95339 2.95908 2.9658 2.97364 2.98265 2.9929 3.00445 3.01735 3.03165 3.04737 3.06452 3.08311 3.10311 3.12448 3.14715 3.17104 3.19604 3.22203 3.24887 3.2764 3.30444 3.33282 3.36136 3.38986 3.41814 3.44601 3.4733 3.49983 3.52546 3.55003 3.57342 3.59552 3.61623 3.63548 3.65318 3.6693 3.68378 3.69661 3.70775 3.7172 3.72494 3.73096 3.73526 3.73783 3.73867 3.73778 3.73515 3.73077 3.72464 3.71675 3.70712 3.69574 3.68262 3.6678 3.65131 3.63319 3.6135 3.59233 3.56976 3.54591 3.5209 3.49488 3.468 3.44044 3.41236 3.38397 3.35545 3.32699 3.29878 3.27101 3.24386 3.21747 3.19201 3.1676 3.14436 3.12237 3.10171 3.08242 3.06454 3.04809 3.03305 3.0194 3.0071 2.99612 2.9864 2.97787 2.97048 2.96416 2.95884 2.95447 2.95099 2.94836 2.94654 2.94552 
2.93881 2.93934 2.94067 2.94282 2.94583 2.94973 2.95459 2.96046 2.96739 2.97547 2.98476 2.99531 3.00721 3.02048 3.03518 3.05134 3.06896 3.08804 3.10856 3.13046 3.15368 3.17813 3.2037 3.23026 3.25766 3.28574 3.31432 3.34323 3.37227 3.40125 3.42997 3.45825 3.48592 3.51279 3.53872 3.56356 3.58719 3.60949 3.63037 3.64975 3.66758 3.68378 3.69834 3.71123 3.72241 3.73189 3.73966 3.7457 3.75002 3.75261 3.75347 3.75259 3.74997 3.74559 3.73946 3.73157 3.72192 3.71051 3.69735 3.68246 3.66587 3.64763 3.62779 3.60643 3.58365 3.55954 3.53423 3.50788 3.48063 3.45266 3.42414 3.39528 3.36625 3.33727 3.30852 3.28019 3.25246 3.22551 3.19947 3.1745 3.1507 3.12816 3.10698 3.08719 3.06884 3.05193 3.03647 3.02243 3.00978 2.99848 2.98846 2.97967 2.97204 2.96552 2.96002 2.95551 2.95191 2.94919 2.94731 2.94625 
2.93947 2.94 2.94137 2.94358 2.94667 2.95069 2.95568 2.96171 2.96884 2.97714 2.98667 2.99751 3.00971 3.02332 3.03839 3.05493 3.07297 3.09249 3.11347 3.13584 3.15955 3.1845 3.21058 3.23764 3.26554 3.29411 3.32318 3.35255 3.38203 3.41142 3.44053 3.46917 3.49716 3.52433 3.55053 3.5756 3.59942 3.62189 3.64292 3.66241 3.68033 3.69661 3.71123 3.72415 3.73537 3.74488 3.75266 3.75872 3.76305 3.76566 3.76653 3.76566 3.76305 3.75869 3.75257 3.74468 3.73502 3.72359 3.71039 3.69545 3.67879 3.66045 3.64049 3.61897 3.596 3.57167 3.54611 3.51947 3.4919 3.46357 3.43467 3.40539 3.37592 3.34648 3.31725 3.28842 3.26019 3.23273 3.20618 3.1807 3.1564 3.13339 3.11174 3.0915 3.07272 3.05541 3.03957 3.02518 3.01221 3.00061 2.99033 2.9813 2.97346 2.96675 2.9611 2.95646 2.95276 2.94996 2.94802 2.94692 
2.94005 2.9406 2.942 2.94427 2.94743 2.95155 2.95666 2.96283 2.97013 2.97862 2.98838 2.99946 3.01193 3.02584 3.04122 3.05811 3.07652 3.09642 3.1178 3.1406 3.16473 3.19012 3.21663 3.24413 3.27247 3.30147 3.33095 3.36072 3.39057 3.42033 3.44977 3.47872 3.50699 3.53441 3.56083 3.58609 3.61008 3.63269 3.65383 3.67342 3.69141 3.70775 3.72241 3.73537 3.74662 3.75614 3.76394 3.77001 3.77435 3.77697 3.77785 3.777 3.7744 3.77005 3.76394 3.75605 3.74639 3.73494 3.72172 3.70674 3.69002 3.67161 3.65154 3.6299 3.60677 3.58226 3.55649 3.5296 3.50175 3.47312 3.44389 3.41425 3.38441 3.35456 3.32491 3.29566 3.26699 3.23908 3.21209 3.18617 3.16144 3.138 3.11593 3.09531 3.07615 3.05849 3.04232 3.02762 3.01436 3.0025 2.99199 2.98275 2.97473 2.96786 2.96207 2.9573 2.95351 2.95064 2.94865 2.94752 
2.94057 2.94113 2.94255 2.94486 2.9481 2.95229 2.95751 2.96381 2.97125 2.97991 2.98985 3.00114 3.01384 3.02801 3.04367 3.06085 3.07957 3.0998 3.12152 3.14467 3.16918 3.19493 3.22182 3.24969 3.27839 3.30776 3.33759 3.36769 3.39787 3.42792 3.45764 3.48685 3.51535 3.54298 3.56958 3.59501 3.61914 3.64186 3.6631 3.68276 3.70081 3.7172 3.73189 3.74488 3.75614 3.76568 3.77348 3.77956 3.78392 3.78654 3.78744 3.78659 3.78401 3.77967 3.77357 3.76569 3.75602 3.74457 3.73133 3.71632 3.69956 3.68108 3.66093 3.63918 3.61593 3.59126 3.56531 3.53822 3.51014 3.48126 3.45175 3.42181 3.39164 3.36146 3.33146 3.30184 3.2728 3.24452 3.21715 3.19086 3.16576 3.14196 3.11954 3.09858 3.0791 3.06114 3.04468 3.02972 3.01622 3.00414 2.99342 2.984 2.97582 2.96881 2.96291 2.95804 2.95417 2.95123 2.9492 2.94804 
2.941 2.94157 2.94302 2.94537 2.94865 2.95292 2.95822 2.96462 2.97219 2.98098 2.99108 3.00255 3.01544 3.02981 3.0457 3.06313 3.0821 3.1026 3.1246 3.14805 3.17285 3.1989 3.22609 3.25427 3.28328 3.31293 3.34305 3.37342 3.40386 3.43416 3.46411 3.49353 3.52222 3.55002 3.57677 3.60232 3.62656 3.64938 3.67069 3.69042 3.70851 3.72494 3.73966 3.75266 3.76394 3.77348 3.7813 3.78739 3.79175 3.79438 3.79528 3.79445 3.79188 3.78755 3.78145 3.77358 3.76391 3.75246 3.73921 3.72417 3.70737 3.68884 3.66863 3.6468 3.62344 3.59865 3.57256 3.5453 3.51704 3.48794 3.45821 3.42802 3.3976 3.36714 3.33685 3.30694 3.27759 3.249 3.22133 3.19473 3.16932 3.14523 3.12253 3.10129 3.08155 3.06333 3.04665 3.03147 3.01777 3.0055 2.99462 2.98505 2.97674 2.96961 2.96361 2.95866 2.95472 2.95173 2.94966 2.94848 
2.94135 2.94192 2.94339 2.94577 2.9491 2.95342 2.95879 2.96527 2.97293 2.98184 2.99206 3.00366 3.0167 3.03123 3.0473 3.06491 3.08408 3.1048 3.12702 3.15068 3.17571 3.20201 3.22943 3.25785 3.28708 3.31697 3.3473 3.37789 3.40853 3.43901 3.46914 3.49872 3.52756 3.55549 3.58235 3.60801 3.63233 3.65522 3.67659 3.69637 3.7145 3.73096 3.7457 3.75872 3.77001 3.77956 3.78739 3.79348 3.79785 3.80049 3.8014 3.80057 3.798 3.79368 3.78759 3.77972 3.77006 3.7586 3.74534 3.73028 3.71346 3.69489 3.67462 3.65272 3.62928 3.6044 3.57819 3.55081 3.5224 3.49314 3.46323 3.43286 3.40223 3.37156 3.34105 3.31091 3.28133 3.2525 3.22459 3.19775 3.17211 3.14779 3.12486 3.10341 3.08347 3.06506 3.04819 3.03284 3.01899 3.00658 2.99556 2.98588 2.97747 2.97025 2.96417 2.95916 2.95516 2.95213 2.95004 2.94884 
2.94161 2.94219 2.94367 2.94607 2.94943 2.95379 2.95921 2.96575 2.97348 2.98246 2.99276 3.00446 3.01761 3.03226 3.04845 3.0662 3.08551 3.10637 3.12874 3.15257 3.17776 3.20422 3.23181 3.26039 3.28979 3.31983 3.35032 3.38106 3.41184 3.44246 3.47271 3.50241 3.53135 3.55937 3.58632 3.61205 3.63644 3.65939 3.6808 3.70062 3.71878 3.73526 3.75002 3.76305 3.77435 3.78392 3.79175 3.79785 3.80222 3.80486 3.80578 3.80496 3.8024 3.79808 3.79199 3.78412 3.77446 3.76299 3.74972 3.73465 3.7178 3.69919 3.67889 3.65694 3.63344 3.60849 3.5822 3.55472 3.52621 3.49684 3.4668 3.43629 3.40552 3.3747 3.34403 3.31373 3.28398 3.25499 3.22691 3.1999 3.1741 3.14961 3.12653 3.10493 3.08484 3.0663 3.0493 3.03383 3.01987 3.00736 2.99625 2.98648 2.978 2.97072 2.96458 2.95952 2.95549 2.95243 2.95031 2.94911 
2.94178 2.94236 2.94385 2.94626 2.94964 2.95403 2.95947 2.96605 2.97381 2.98284 2.9932 3.00495 3.01816 3.03288 3.04914 3.06697 3.08636 3.10731 3.12977 3.15368 3.17897 3.20552 3.2332 3.26188 3.29137 3.32151 3.35209 3.38292 3.41378 3.44448 3.47481 3.50457 3.53358 3.56166 3.58866 3.61444 3.63887 3.66186 3.6833 3.70315 3.72133 3.73783 3.75261 3.76566 3.77697 3.78654 3.79438 3.80049 3.80486 3.80751 3.80843 3.80761 3.80505 3.80073 3.79465 3.78677 3.7771 3.76563 3.75234 3.73726 3.72039 3.70176 3.68142 3.65944 3.6359 3.6109 3.58456 3.55702 3.52844 3.499 3.46889 3.4383 3.40744 3.37653 3.34577 3.31538 3.28554 3.25645 3.22827 3.20117 3.17527 3.15069 3.12752 3.10583 3.08566 3.06704 3.04997 3.03443 3.0204 3.00783 2.99667 2.98686 2.97832 2.97101 2.96484 2.95975 2.9557 2.95262 2.95049 2.94928 
