4.29113 4.29133 4.29156 4.29184 4.29215 4.29251 4.29291 4.29336 4.29385 4.29439 4.29499 4.29563 4.29633 4.29709 4.29791 4.29879 4.29974 4.30075 4.30183 4.30298 4.3042 4.30549 4.30684 4.30826 4.30975 4.31129 4.31289 4.31454 4.31623 4.31795 4.3197 4.32147 4.32324 4.32502 4.32678 4.32851 4.33021 4.33186 4.33344 4.33496 4.33639 4.33772 4.33895 4.34006 4.34105 4.3419 4.34261 4.34318 4.3436 4.34386 4.34397 4.34391 4.34371 4.34334 4.34283 4.34217 4.34137 4.34044 4.33938 4.33821 4.33693 4.33555 4.33409 4.33256 4.33097 4.32933 4.32766 4.32596 4.32424 4.32253 4.32083 4.31914 4.31749 4.31587 4.3143 4.31279 4.31134 4.30995 4.30863 4.30739 4.30622 4.30514 4.30413 4.30321 4.30237 4.3016 4.30092 4.30031 4.29978 4.29932 4.29893 4.2986 4.29834 4.29814 4.29799 4.29791 4.29787 4.29788 4.29794 4.29804 
4.29133 4.29152 4.29175 4.29203 4.29235 4.29271 4.29311 4.29356 4.29405 4.2946 4.29519 4.29584 4.29655 4.29731 4.29814 4.29902 4.29998 4.301 4.30209 4.30325 4.30448 4.30578 4.30715 4.30859 4.31009 4.31165 4.31326 4.31492 4.31663 4.31837 4.32014 4.32193 4.32373 4.32552 4.3273 4.32905 4.33077 4.33244 4.33404 4.33557 4.33702 4.33837 4.33961 4.34073 4.34173 4.34259 4.34332 4.34389 4.34431 4.34457 4.34468 4.34463 4.34442 4.34405 4.34353 4.34286 4.34205 4.34111 4.34004 4.33885 4.33756 4.33617 4.33469 4.33314 4.33153 4.32987 4.32818 4.32646 4.32473 4.32299 4.32127 4.31957 4.3179 4.31626 4.31468 4.31315 4.31168 4.31027 4.30894 4.30769 4.30651 4.30541 4.3044 4.30346 4.30261 4.30184 4.30115 4.30054 4.3 4.29953 4.29914 4.29881 4.29854 4.29834 4.29819 4.2981 4.29806 4.29807 4.29813 4.29824 
4.29156 4.29175 4.29199 4.29227 4.29259 4.29295 4.29336 4.29382 4.29433 4.29488 4.29549 4.29616 4.29688 4.29766 4.29851 4.29942 4.30041 4.30146 4.30258 4.30377 4.30504 4.30638 4.30779 4.30927 4.31081 4.31242 4.31408 4.3158 4.31756 4.31935 4.32118 4.32302 4.32487 4.32671 4.32855 4.33035 4.33212 4.33383 4.33549 4.33706 4.33855 4.33994 4.34122 4.34237 4.3434 4.34429 4.34503 4.34562 4.34605 4.34632 4.34643 4.34637 4.34615 4.34577 4.34524 4.34455 4.34372 4.34274 4.34164 4.34042 4.33908 4.33765 4.33613 4.33453 4.33288 4.33117 4.32942 4.32765 4.32586 4.32408 4.3223 4.32054 4.31882 4.31714 4.3155 4.31392 4.31241 4.31096 4.30959 4.30829 4.30708 4.30594 4.30489 4.30393 4.30305 4.30225 4.30153 4.3009 4.30034 4.29985 4.29944 4.2991 4.29882 4.29861 4.29845 4.29835 4.29831 4.29831 4.29837 4.29847 
4.29184 4.29203 4.29227 4.29255 4.29288 4.29326 4.29368 4.29415 4.29468 4.29525 4.29589 4.29658 4.29734 4.29815 4.29904 4.29999 4.30102 4.30212 4.3033 4.30455 4.30588 4.30728 4.30876 4.31031 4.31193 4.31362 4.31536 4.31716 4.31901 4.32089 4.3228 4.32473 4.32667 4.3286 4.33052 4.33241 4.33426 4.33605 4.33778 4.33943 4.34099 4.34244 4.34377 4.34498 4.34605 4.34698 4.34775 4.34837 4.34882 4.3491 4.34921 4.34915 4.34892 4.34852 4.34796 4.34724 4.34636 4.34534 4.34419 4.34291 4.34151 4.34001 4.33841 4.33674 4.335 4.33321 4.33138 4.32952 4.32765 4.32578 4.32392 4.32207 4.32026 4.3185 4.31678 4.31512 4.31353 4.31201 4.31056 4.3092 4.30792 4.30673 4.30562 4.3046 4.30367 4.30283 4.30207 4.3014 4.3008 4.30029 4.29985 4.29948 4.29918 4.29895 4.29877 4.29866 4.2986 4.2986 4.29865 4.29875 
4.29215 4.29235 4.29259 4.29288 4.29322 4.29361 4.29405 4.29455 4.2951 4.29571 4.29638 4.29711 4.29791 4.29878 4.29972 4.30074 4.30183 4.303 4.30425 4.30559 4.307 4.3085 4.31007 4.31173 4.31345 4.31525 4.31711 4.31902 4.32099 4.32299 4.32502 4.32707 4.32914 4.33119 4.33323 4.33524 4.3372 4.33911 4.34094 4.34269 4.34434 4.34588 4.34729 4.34857 4.34971 4.35069 4.35151 4.35215 4.35263 4.35292 4.35304 4.35297 4.35272 4.3523 4.3517 4.35093 4.35 4.34892 4.34769 4.34633 4.34484 4.34325 4.34155 4.33977 4.33793 4.33602 4.33407 4.3321 4.3301 4.32811 4.32613 4.32416 4.32224 4.32035 4.31852 4.31675 4.31505 4.31343 4.31188 4.31042 4.30905 4.30777 4.30659 4.30549 4.30449 4.30359 4.30277 4.30204 4.30139 4.30083 4.30035 4.29995 4.29962 4.29936 4.29916 4.29903 4.29895 4.29894 4.29898 4.29907 
4.29251 4.29271 4.29295 4.29326 4.29361 4.29402 4.29449 4.29502 4.2956 4.29625 4.29697 4.29775 4.29861 4.29954 4.30056 4.30165 4.30283 4.30409 4.30545 4.30689 4.30841 4.31003 4.31173 4.31352 4.31538 4.31732 4.31932 4.32139 4.3235 4.32566 4.32785 4.33006 4.33228 4.33449 4.33669 4.33885 4.34096 4.343 4.34497 4.34685 4.34862 4.35027 4.35178 4.35315 4.35437 4.35542 4.35629 4.35698 4.35749 4.3578 4.35792 4.35785 4.35758 4.35712 4.35647 4.35565 4.35465 4.35348 4.35216 4.35069 4.34909 4.34738 4.34555 4.34364 4.34165 4.3396 4.3375 4.33537 4.33323 4.33108 4.32894 4.32682 4.32474 4.32271 4.32073 4.31881 4.31697 4.31522 4.31354 4.31196 4.31047 4.30908 4.30779 4.3066 4.30551 4.30452 4.30362 4.30282 4.30211 4.30149 4.30096 4.30051 4.30013 4.29983 4.29961 4.29945 4.29935 4.29932 4.29935 4.29943 
4.29291 4.29311 4.29336 4.29368 4.29405 4.29449 4.29499 4.29555 4.29618 4.29688 4.29766 4.29851 4.29944 4.30045 4.30156 4.30275 4.30403 4.30541 4.30688 4.30846 4.31012 4.31189 4.31374 4.31569 4.31772 4.31983 4.32202 4.32427 4.32657 4.32892 4.3313 4.33371 4.33612 4.33852 4.3409 4.34324 4.34553 4.34775 4.34989 4.35192 4.35383 4.35562 4.35726 4.35874 4.36005 4.36118 4.36213 4.36287 4.36341 4.36375 4.36387 4.36379 4.36349 4.36299 4.36229 4.36139 4.3603 4.35904 4.3576 4.35601 4.35427 4.35241 4.35043 4.34835 4.34619 4.34396 4.34168 4.33937 4.33703 4.33469 4.33236 4.33006 4.32779 4.32557 4.32341 4.32132 4.31931 4.31739 4.31556 4.31382 4.31219 4.31067 4.30925 4.30794 4.30673 4.30563 4.30464 4.30375 4.30296 4.30227 4.30167 4.30116 4.30073 4.30039 4.30012 4.29993 4.29981 4.29975 4.29976 4.29984 
4.29336 4.29356 4.29382 4.29415 4.29455 4.29502 4.29555 4.29616 4.29684 4.29761 4.29845 4.29938 4.3004 4.30151 4.30272 4.30403 4.30544 4.30695 4.30858 4.3103 4.31214 4.31408 4.31612 4.31826 4.32049 4.32281 4.32521 4.32767 4.3302 4.33278 4.33539 4.33802 4.34066 4.34329 4.34589 4.34845 4.35095 4.35337 4.3557 4.35791 4.36 4.36194 4.36373 4.36534 4.36676 4.36799 4.36902 4.36982 4.37041 4.37077 4.3709 4.37081 4.37048 4.36993 4.36916 4.36818 4.36699 4.3656 4.36403 4.36229 4.3604 4.35836 4.3562 4.35392 4.35156 4.34912 4.34662 4.34409 4.34153 4.33897 4.33641 4.33388 4.33139 4.32895 4.32658 4.32428 4.32207 4.31995 4.31793 4.31602 4.31421 4.31252 4.31095 4.3095 4.30816 4.30694 4.30583 4.30483 4.30394 4.30316 4.30248 4.3019 4.30141 4.30101 4.3007 4.30047 4.30032 4.30024 4.30023 4.30029 
4.29385 4.29405 4.29433 4.29468 4.2951 4.2956 4.29618 4.29684 4.29759 4.29842 4.29935 4.30037 4.30149 4.30272 4.30406 4.3055 4.30706 4.30873 4.31053 4.31244 4.31446 4.31661 4.31886 4.32123 4.32369 4.32625 4.3289 4.33162 4.3344 4.33724 4.34012 4.34301 4.34591 4.3488 4.35166 4.35447 4.35721 4.35986 4.36241 4.36484 4.36713 4.36925 4.3712 4.37296 4.37452 4.37586 4.37698 4.37786 4.3785 4.37889 4.37902 4.37891 4.37855 4.37795 4.3771 4.37601 4.37471 4.37319 4.37146 4.36955 4.36747 4.36523 4.36286 4.36036 4.35776 4.35508 4.35234 4.34955 4.34673 4.34391 4.34109 4.33831 4.33556 4.33287 4.33024 4.3277 4.32525 4.32291 4.32067 4.31855 4.31654 4.31467 4.31292 4.31129 4.3098 4.30843 4.30719 4.30607 4.30507 4.30418 4.30341 4.30274 4.30218 4.30172 4.30135 4.30107 4.30088 4.30077 4.30074 4.30079 
4.29439 4.2946 4.29488 4.29525 4.29571 4.29625 4.29688 4.29761 4.29842 4.29934 4.30036 4.30149 4.30273 4.30409 4.30557 4.30717 4.3089 4.31076 4.31275 4.31487 4.31712 4.31949 4.32199 4.32461 4.32734 4.33018 4.3331 4.33611 4.33919 4.34233 4.3455 4.34869 4.35189 4.35508 4.35822 4.36132 4.36433 4.36725 4.37005 4.37272 4.37523 4.37756 4.3797 4.38163 4.38333 4.3848 4.38602 4.38698 4.38767 4.3881 4.38825 4.38812 4.38772 4.38705 4.38611 4.38492 4.38348 4.3818 4.37991 4.3778 4.37551 4.37305 4.37043 4.36768 4.36482 4.36186 4.35884 4.35576 4.35265 4.34953 4.34642 4.34334 4.3403 4.33732 4.33442 4.3316 4.32888 4.32628 4.32379 4.32143 4.31919 4.3171 4.31514 4.31333 4.31165 4.31012 4.30872 4.30746 4.30633 4.30533 4.30445 4.30369 4.30304 4.3025 4.30207 4.30174 4.3015 4.30136 4.30131 4.30134 
4.29499 4.29519 4.29549 4.29589 4.29638 4.29697 4.29766 4.29845 4.29935 4.30036 4.30149 4.30274 4.30412 4.30562 4.30727 4.30905 4.31097 4.31303 4.31524 4.3176 4.3201 4.32274 4.32551 4.32842 4.33145 4.33459 4.33784 4.34117 4.34458 4.34805 4.35155 4.35508 4.35861 4.36213 4.3656 4.36901 4.37233 4.37554 4.37862 4.38156 4.38431 4.38687 4.38922 4.39134 4.39321 4.39482 4.39615 4.3972 4.39796 4.39842 4.39857 4.39843 4.39798 4.39724 4.39621 4.39489 4.3933 4.39146 4.38937 4.38705 4.38453 4.38181 4.37893 4.37589 4.37274 4.36947 4.36613 4.36273 4.3593 4.35585 4.35241 4.349 4.34563 4.34233 4.33911 4.33598 4.33296 4.33006 4.32729 4.32466 4.32217 4.31983 4.31765 4.31562 4.31374 4.31201 4.31044 4.30902 4.30774 4.3066 4.3056 4.30473 4.30399 4.30337 4.30287 4.30248 4.30219 4.30201 4.30193 4.30194 
4.29563 4.29584 4.29616 4.29658 4.29711 4.29775 4.29851 4.29938 4.30037 4.30149 4.30274 4.30413 4.30566 4.30733 4.30915 4.31113 4.31327 4.31557 4.31803 4.32065 4.32342 4.32636 4.32944 4.33267 4.33603 4.33951 4.34311 4.3468 4.35057 4.35441 4.35829 4.36219 4.36608 4.36996 4.37379 4.37754 4.3812 4.38474 4.38813 4.39136 4.39439 4.3972 4.39978 4.4021 4.40415 4.40591 4.40737 4.40852 4.40935 4.40984 4.41001 4.40985 4.40935 4.40853 4.40739 4.40594 4.40419 4.40216 4.39986 4.3973 4.39452 4.39153 4.38835 4.385 4.38152 4.37792 4.37423 4.37048 4.36668 4.36287 4.35906 4.35529 4.35156 4.3479 4.34432 4.34085 4.3375 4.33427 4.33119 4.32826 4.32549 4.32288 4.32043 4.31816 4.31605 4.31412 4.31235 4.31075 4.3093 4.30802 4.30688 4.30589 4.30504 4.30433 4.30374 4.30328 4.30294 4.30271 4.3026 4.3026 
4.29633 4.29655 4.29688 4.29734 4.29791 4.29861 4.29944 4.3004 4.30149 4.30273 4.30412 4.30566 4.30735 4.30921 4.31124 4.31344 4.31582 4.31837 4.3211 4.32401 4.3271 4.33035 4.33378 4.33736 4.34108 4.34494 4.34893 4.35301 4.35718 4.36142 4.36571 4.37001 4.37431 4.37859 4.3828 4.38694 4.39097 4.39486 4.39859 4.40213 4.40545 4.40854 4.41137 4.41391 4.41616 4.41809 4.41969 4.42094 4.42184 4.42238 4.42256 4.42238 4.42183 4.42092 4.41966 4.41807 4.41614 4.4139 4.41137 4.40856 4.4055 4.4022 4.3987 4.39502 4.39118 4.38721 4.38314 4.379 4.37481 4.3706 4.36639 4.36221 4.35809 4.35403 4.35007 4.34622 4.3425 4.33892 4.33549 4.33223 4.32914 4.32623 4.3235 4.32096 4.31861 4.31644 4.31445 4.31265 4.31102 4.30957 4.30828 4.30716 4.30619 4.30537 4.30469 4.30416 4.30376 4.30348 4.30333 4.30331 
4.29709 4.29731 4.29766 4.29815 4.29878 4.29954 4.30045 4.30151 4.30272 4.30409 4.30562 4.30733 4.30921 4.31128 4.31353 4.31597 4.31861 4.32145 4.32448 4.32771 4.33113 4.33474 4.33853 4.3425 4.34662 4.35089 4.3553 4.35981 4.36442 4.3691 4.37382 4.37856 4.3833 4.388 4.39264 4.39719 4.40162 4.40589 4.40998 4.41386 4.41751 4.42089 4.42399 4.42678 4.42923 4.43134 4.43309 4.43446 4.43544 4.43602 4.43621 4.436 4.4354 4.4344 4.43302 4.43126 4.42915 4.42669 4.4239 4.42082 4.41745 4.41383 4.40998 4.40593 4.40171 4.39734 4.39287 4.3883 4.38368 4.37904 4.3744 4.36979 4.36523 4.36075 4.35636 4.3521 4.34798 4.34401 4.34021 4.33658 4.33315 4.32991 4.32687 4.32403 4.3214 4.31898 4.31675 4.31473 4.3129 4.31127 4.30981 4.30854 4.30744 4.30651 4.30573 4.30511 4.30464 4.30431 4.30413 4.30408 
4.29791 4.29814 4.29851 4.29904 4.29972 4.30056 4.30156 4.30272 4.30406 4.30557 4.30727 4.30915 4.31124 4.31353 4.31602 4.31873 4.32166 4.3248 4.32816 4.33174 4.33553 4.33952 4.34372 4.3481 4.35265 4.35737 4.36223 4.36721 4.37228 4.37743 4.38263 4.38785 4.39305 4.39822 4.40331 4.4083 4.41315 4.41783 4.42231 4.42656 4.43055 4.43425 4.43763 4.44068 4.44336 4.44566 4.44756 4.44905 4.45012 4.45075 4.45096 4.45072 4.45005 4.44896 4.44744 4.44551 4.4432 4.4405 4.43745 4.43407 4.43038 4.42641 4.42219 4.41775 4.41311 4.40832 4.4034 4.39838 4.39331 4.3882 4.38309 4.378 4.37298 4.36804 4.3632 4.35849 4.35393 4.34954 4.34533 4.34132 4.33751 4.33391 4.33053 4.32738 4.32445 4.32174 4.31926 4.317 4.31495 4.31311 4.31148 4.31004 4.3088 4.30774 4.30686 4.30614 4.3056 4.30521 4.30499 4.30491 
4.29879 4.29902 4.29942 4.29999 4.30074 4.30165 4.30275 4.30403 4.3055 4.30717 4.30905 4.31113 4.31344 4.31597 4.31873 4.32173 4.32497 4.32844 4.33216 4.33611 4.34029 4.3447 4.34933 4.35416 4.35918 4.36437 4.36972 4.37519 4.38077 4.38643 4.39213 4.39786 4.40356 4.40922 4.4148 4.42025 4.42556 4.43067 4.43557 4.44021 4.44456 4.44859 4.45228 4.4556 4.45852 4.46102 4.46309 4.46471 4.46587 4.46655 4.46677 4.46651 4.46577 4.46457 4.46291 4.46081 4.45828 4.45533 4.452 4.4483 4.44427 4.43993 4.43531 4.43045 4.42538 4.42013 4.41474 4.40924 4.40367 4.39806 4.39245 4.38687 4.38134 4.3759 4.37058 4.36539 4.36037 4.35552 4.35087 4.34644 4.34222 4.33824 4.3345 4.331 4.32774 4.32473 4.32197 4.31945 4.31716 4.31511 4.31328 4.31167 4.31027 4.30907 4.30807 4.30726 4.30663 4.30618 4.30591 4.30581 
4.29974 4.29998 4.30041 4.30102 4.30183 4.30283 4.30403 4.30544 4.30706 4.3089 4.31097 4.31327 4.31582 4.31861 4.32166 4.32497 4.32853 4.33237 4.33646 4.34082 4.34543 4.35028 4.35537 4.36068 4.3662 4.3719 4.37777 4.38377 4.38988 4.39608 4.40232 4.40858 4.41482 4.421 4.42709 4.43304 4.43882 4.4444 4.44973 4.45478 4.45952 4.4639 4.46791 4.47151 4.47468 4.4774 4.47965 4.4814 4.48265 4.48339 4.48362 4.48333 4.48253 4.48122 4.47941 4.47712 4.47436 4.47115 4.46752 4.46349 4.4591 4.45436 4.44933 4.44402 4.43849 4.43275 4.42686 4.42085 4.41476 4.40863 4.40249 4.39637 4.39031 4.38435 4.3785 4.37281 4.36728 4.36195 4.35683 4.35194 4.3473 4.3429 4.33876 4.33489 4.33129 4.32796 4.32489 4.32209 4.31955 4.31726 4.31521 4.31341 4.31184 4.3105 4.30937 4.30845 4.30774 4.30722 4.3069 4.30677 
4.30075 4.301 4.30146 4.30212 4.303 4.30409 4.30541 4.30695 4.30873 4.31076 4.31303 4.31557 4.31837 4.32145 4.3248 4.32844 4.33237 4.33658 4.34108 4.34587 4.35093 4.35626 4.36184 4.36766 4.37371 4.37995 4.38637 4.39293 4.39961 4.40637 4.41319 4.42001 4.42681 4.43354 4.44016 4.44664 4.45293 4.45898 4.46477 4.47025 4.47539 4.48015 4.48449 4.48839 4.49183 4.49476 4.49719 4.49909 4.50044 4.50124 4.50148 4.50116 4.50028 4.49886 4.49689 4.4944 4.49141 4.48792 4.48398 4.47961 4.47483 4.46969 4.46421 4.45844 4.45242 4.44618 4.43976 4.43322 4.42658 4.41988 4.41318 4.4065 4.39988 4.39336 4.38696 4.38072 4.37467 4.36882 4.36321 4.35784 4.35273 4.34789 4.34334 4.33907 4.33509 4.33141 4.32802 4.32492 4.3221 4.31956 4.31729 4.31529 4.31353 4.31203 4.31077 4.30973 4.30893 4.30834 4.30796 4.3078 
4.30183 4.30209 4.30258 4.3033 4.30425 4.30545 4.30688 4.30858 4.31053 4.31275 4.31524 4.31803 4.3211 4.32448 4.32816 4.33216 4.33646 4.34108 4.34602 4.35126 4.3568 4.36263 4.36873 4.3751 4.3817 4.38851 4.39551 4.40266 4.40993 4.4173 4.42471 4.43212 4.43951 4.44681 4.454 4.46102 4.46783 4.47439 4.48066 4.48659 4.49214 4.49728 4.50198 4.50619 4.5099 4.51307 4.51568 4.51772 4.51918 4.52004 4.52029 4.51994 4.51899 4.51745 4.51532 4.51262 4.50938 4.50561 4.50134 4.49661 4.49144 4.48587 4.47993 4.47368 4.46715 4.46038 4.45341 4.4463 4.43909 4.43181 4.42451 4.41724 4.41003 4.40292 4.39594 4.38914 4.38252 4.37613 4.36999 4.36411 4.35851 4.3532 4.34821 4.34352 4.33915 4.3351 4.33136 4.32794 4.32483 4.32202 4.31951 4.31728 4.31534 4.31367 4.31226 4.3111 4.31019 4.30952 4.30909 4.30889 
4.30298 4.30325 4.30377 4.30455 4.30559 4.30689 4.30846 4.3103 4.31244 4.31487 4.3176 4.32065 4.32401 4.32771 4.33174 4.33611 4.34082 4.34587 4.35126 4.35698 4.36303 4.36939 4.37604 4.38297 4.39015 4.39756 4.40517 4.41294 4.42084 4.42882 4.43686 4.44489 4.45289 4.46079 4.46856 4.47615 4.48351 4.49059 4.49735 4.50375 4.50973 4.51527 4.52032 4.52486 4.52884 4.53225 4.53507 4.53726 4.53882 4.53974 4.54001 4.53963 4.5386 4.53693 4.53464 4.53173 4.52823 4.52416 4.51956 4.51445 4.50887 4.50286 4.49645 4.48969 4.48263 4.47531 4.46778 4.46008 4.45226 4.44438 4.43646 4.42857 4.42075 4.41302 4.40544 4.39803 4.39083 4.38386 4.37716 4.37075 4.36464 4.35884 4.35337 4.34824 4.34345 4.33901 4.33491 4.33115 4.32773 4.32464 4.32187 4.31941 4.31726 4.31541 4.31384 4.31255 4.31154 4.31079 4.3103 4.31006 
4.3042 4.30448 4.30504 4.30588 4.307 4.30841 4.31012 4.31214 4.31446 4.31712 4.3201 4.32342 4.3271 4.33113 4.33553 4.34029 4.34543 4.35093 4.3568 4.36303 4.3696 4.37652 4.38374 4.39127 4.39906 4.4071 4.41534 4.42375 4.4323 4.44093 4.44961 4.45829 4.46691 4.47544 4.48381 4.49199 4.49991 4.50753 4.5148 4.52167 4.5281 4.53404 4.53947 4.54433 4.54861 4.55226 4.55528 4.55762 4.55929 4.56027 4.56056 4.56015 4.55904 4.55724 4.55478 4.55165 4.54789 4.54352 4.53857 4.53308 4.52708 4.52061 4.51371 4.50644 4.49883 4.49094 4.48281 4.47451 4.46607 4.45755 4.449 4.44047 4.432 4.42363 4.41541 4.40738 4.39957 4.39201 4.38473 4.37775 4.3711 4.36478 4.35883 4.35323 4.348 4.34315 4.33866 4.33455 4.33079 4.3274 4.32436 4.32166 4.31929 4.31725 4.31552 4.31409 4.31296 4.31212 4.31157 4.3113 
4.30549 4.30578 4.30638 4.30728 4.3085 4.31003 4.31189 4.31408 4.31661 4.31949 4.32274 4.32636 4.33035 4.33474 4.33952 4.3447 4.35028 4.35626 4.36263 4.36939 4.37652 4.384 4.39183 4.39997 4.4084 4.41708 4.42598 4.43506 4.44427 4.45358 4.46293 4.47227 4.48154 4.49071 4.4997 4.50848 4.51698 4.52515 4.53294 4.5403 4.54718 4.55355 4.55935 4.56455 4.56912 4.57302 4.57624 4.57875 4.58053 4.58157 4.58187 4.58143 4.58024 4.57831 4.57567 4.57233 4.5683 4.56362 4.55832 4.55243 4.546 4.53906 4.53166 4.52386 4.51569 4.50721 4.49848 4.48955 4.48047 4.4713 4.46209 4.4529 4.44376 4.43473 4.42585 4.41717 4.40872 4.40054 4.39266 4.3851 4.37788 4.37103 4.36456 4.35847 4.35278 4.3475 4.34261 4.33812 4.33402 4.33032 4.32699 4.32403 4.32143 4.31919 4.31728 4.31571 4.31447 4.31354 4.31292 4.3126 
4.30684 4.30715 4.30779 4.30876 4.31007 4.31173 4.31374 4.31612 4.31886 4.32199 4.32551 4.32944 4.33378 4.33853 4.34372 4.34933 4.35537 4.36184 4.36873 4.37604 4.38374 4.39183 4.40028 4.40906 4.41814 4.42749 4.43707 4.44683 4.45674 4.46673 4.47676 4.48678 4.49673 4.50654 4.51618 4.52556 4.53465 4.54338 4.5517 4.55956 4.56691 4.5737 4.57988 4.58543 4.5903 4.59445 4.59788 4.60055 4.60244 4.60355 4.60386 4.60338 4.60211 4.60006 4.59724 4.59367 4.58937 4.58438 4.57872 4.57243 4.56556 4.55815 4.55024 4.54189 4.53315 4.52408 4.51473 4.50515 4.49542 4.48558 4.47569 4.46581 4.45599 4.44628 4.43672 4.42737 4.41827 4.40944 4.40093 4.39276 4.38496 4.37755 4.37055 4.36396 4.35779 4.35205 4.34674 4.34187 4.33741 4.33337 4.32975 4.32652 4.32368 4.32123 4.31914 4.31742 4.31605 4.31502 4.31433 4.31398 
4.30826 4.30859 4.30927 4.31031 4.31173 4.31352 4.31569 4.31826 4.32123 4.32461 4.32842 4.33267 4.33736 4.3425 4.3481 4.35416 4.36068 4.36766 4.3751 4.38297 4.39127 4.39997 4.40906 4.41849 4.42825 4.43829 4.44856 4.45903 4.46964 4.48034 4.49107 4.50178 4.51241 4.52289 4.53317 4.54318 4.55286 4.56217 4.57103 4.57939 4.5872 4.59442 4.60099 4.60688 4.61205 4.61647 4.6201 4.62293 4.62494 4.62611 4.62644 4.62593 4.62458 4.62239 4.61939 4.6156 4.61103 4.60571 4.59969 4.593 4.58569 4.57779 4.56937 4.56047 4.55115 4.54147 4.53148 4.52126 4.51086 4.50034 4.48975 4.47917 4.46865 4.45824 4.44799 4.43795 4.42817 4.41868 4.40953 4.40073 4.39233 4.38434 4.37678 4.36967 4.36301 4.3568 4.35106 4.34577 4.34095 4.33657 4.33263 4.32912 4.32603 4.32336 4.32109 4.3192 4.3177 4.31657 4.31581 4.31542 
4.30975 4.31009 4.31081 4.31193 4.31345 4.31538 4.31772 4.32049 4.32369 4.32734 4.33145 4.33603 4.34108 4.34662 4.35265 4.35918 4.3662 4.37371 4.3817 4.39015 4.39906 4.4084 4.41814 4.42825 4.4387 4.44944 4.46042 4.47161 4.48293 4.49435 4.5058 4.51721 4.52852 4.53968 4.55061 4.56125 4.57154 4.58142 4.59082 4.59969 4.60798 4.61562 4.62259 4.62882 4.6343 4.63897 4.64281 4.6458 4.64792 4.64916 4.64951 4.64896 4.64753 4.64521 4.64204 4.63801 4.63317 4.62754 4.62115 4.61406 4.6063 4.59791 4.58897 4.57951 4.56961 4.55931 4.54869 4.5378 4.52672 4.51551 4.50422 4.49293 4.48169 4.47057 4.45961 4.44887 4.43839 4.42823 4.41841 4.40898 4.39996 4.39137 4.38324 4.37559 4.36841 4.36173 4.35554 4.34983 4.34462 4.33988 4.33562 4.33183 4.32848 4.32558 4.32311 4.32106 4.31943 4.3182 4.31736 4.31692 
4.31129 4.31165 4.31242 4.31362 4.31525 4.31732 4.31983 4.32281 4.32625 4.33018 4.33459 4.33951 4.34494 4.35089 4.35737 4.36437 4.3719 4.37995 4.38851 4.39756 4.4071 4.41708 4.42749 4.43829 4.44944 4.46089 4.4726 4.48451 4.49657 4.50871 4.52087 4.53299 4.54501 4.55684 4.56843 4.5797 4.5906 4.60105 4.611 4.62038 4.62913 4.63721 4.64457 4.65115 4.65692 4.66185 4.6659 4.66906 4.67129 4.6726 4.67296 4.67238 4.67086 4.66842 4.66506 4.66081 4.6557 4.64975 4.643 4.6355 4.62729 4.61842 4.60896 4.59894 4.58845 4.57753 4.56627 4.55472 4.54295 4.53104 4.51904 4.50703 4.49506 4.48321 4.47153 4.46008 4.4489 4.43804 4.42755 4.41746 4.40781 4.39862 4.38991 4.3817 4.374 4.36682 4.36016 4.35403 4.34842 4.34332 4.33873 4.33463 4.33102 4.32789 4.32521 4.323 4.32122 4.31988 4.31897 4.31848 
4.31289 4.31326 4.31408 4.31536 4.31711 4.31932 4.32202 4.32521 4.3289 4.3331 4.33784 4.34311 4.34893 4.3553 4.36223 4.36972 4.37777 4.38637 4.39551 4.40517 4.41534 4.42598 4.43707 4.44856 4.46042 4.4726 4.48504 4.49768 4.51047 4.52335 4.53623 4.54907 4.56178 4.57429 4.58654 4.59845 4.60995 4.62098 4.63147 4.64135 4.65058 4.65909 4.66683 4.67376 4.67983 4.68501 4.68927 4.69259 4.69493 4.6963 4.69668 4.69607 4.69448 4.6919 4.68837 4.6839 4.67851 4.67224 4.66514 4.65723 4.64858 4.63923 4.62924 4.61867 4.60759 4.59605 4.58414 4.57193 4.55947 4.54685 4.53414 4.5214 4.50871 4.49613 4.48371 4.47154 4.45964 4.44809 4.43691 4.42616 4.41586 4.40605 4.39674 4.38797 4.37974 4.37205 4.36492 4.35835 4.35233 4.34686 4.34192 4.33752 4.33364 4.33026 4.32738 4.32499 4.32307 4.32162 4.32063 4.3201 
4.31454 4.31492 4.3158 4.31716 4.31902 4.32139 4.32427 4.32767 4.33162 4.33611 4.34117 4.3468 4.35301 4.35981 4.36721 4.37519 4.38377 4.39293 4.40266 4.41294 4.42375 4.43506 4.44683 4.45903 4.47161 4.48451 4.49768 4.51106 4.52459 4.5382 4.55181 4.56536 4.57877 4.59196 4.60486 4.6174 4.62951 4.64111 4.65213 4.66252 4.67221 4.68114 4.68926 4.69653 4.7029 4.70833 4.7128 4.71627 4.71873 4.72017 4.72056 4.71992 4.71825 4.71555 4.71184 4.70715 4.70149 4.69492 4.68745 4.67915 4.67006 4.66023 4.64972 4.6386 4.62693 4.61478 4.60223 4.58935 4.5762 4.56288 4.54945 4.53599 4.52256 4.50924 4.4961 4.48319 4.47058 4.45832 4.44645 4.43502 4.42407 4.41363 4.40373 4.39438 4.3856 4.3774 4.36979 4.36277 4.35634 4.35048 4.3452 4.34049 4.33633 4.33271 4.32962 4.32704 4.32498 4.32342 4.32235 4.32177 
4.31623 4.31663 4.31756 4.31901 4.32099 4.3235 4.32657 4.3302 4.3344 4.33919 4.34458 4.35057 4.35718 4.36442 4.37228 4.38077 4.38988 4.39961 4.40993 4.42084 4.4323 4.44427 4.45674 4.46964 4.48293 4.49657 4.51047 4.52459 4.53886 4.55319 4.56753 4.58178 4.59588 4.60975 4.6233 4.63647 4.64917 4.66133 4.67289 4.68377 4.69391 4.70326 4.71176 4.71937 4.72603 4.73171 4.73637 4.74 4.74257 4.74407 4.74448 4.74381 4.74206 4.73924 4.73536 4.73045 4.72454 4.71765 4.70984 4.70115 4.69162 4.68132 4.6703 4.65863 4.64639 4.63363 4.62044 4.6069 4.59307 4.57905 4.5649 4.55071 4.53655 4.5225 4.50862 4.49499 4.48165 4.46868 4.45612 4.44402 4.43241 4.42134 4.41083 4.4009 4.39157 4.38285 4.37476 4.36728 4.36043 4.35419 4.34855 4.34352 4.33907 4.3352 4.3319 4.32914 4.32693 4.32526 4.3241 4.32347 
4.31795 4.31837 4.31935 4.32089 4.32299 4.32566 4.32892 4.33278 4.33724 4.34233 4.34805 4.35441 4.36142 4.3691 4.37743 4.38643 4.39608 4.40637 4.4173 4.42882 4.44093 4.45358 4.46673 4.48034 4.49435 4.50871 4.52335 4.5382 4.55319 4.56825 4.5833 4.59826 4.61304 4.62757 4.64177 4.65555 4.66883 4.68155 4.69363 4.70499 4.71559 4.72535 4.73421 4.74214 4.74909 4.75501 4.75987 4.76365 4.76633 4.76789 4.76832 4.76762 4.76579 4.76285 4.75881 4.75369 4.74752 4.74034 4.73219 4.72311 4.71316 4.70239 4.69088 4.67867 4.66586 4.6525 4.63869 4.62449 4.60999 4.59527 4.58042 4.56551 4.55062 4.53584 4.52123 4.50687 4.49281 4.47913 4.46588 4.45309 4.44083 4.42912 4.418 4.40749 4.39761 4.38837 4.37978 4.37185 4.36457 4.35794 4.35195 4.3466 4.34187 4.33774 4.33422 4.33128 4.32892 4.32713 4.3259 4.32522 
4.3197 4.32014 4.32118 4.3228 4.32502 4.32785 4.3313 4.33539 4.34012 4.3455 4.35155 4.35829 4.36571 4.37382 4.38263 4.39213 4.40232 4.41319 4.42471 4.43686 4.44961 4.46293 4.47676 4.49107 4.5058 4.52087 4.53623 4.55181 4.56753 4.5833 4.59905 4.6147 4.63016 4.64534 4.66016 4.67454 4.6884 4.70166 4.71425 4.72609 4.73712 4.74727 4.7565 4.76474 4.77196 4.77812 4.78318 4.78711 4.78989 4.79151 4.79195 4.79123 4.78933 4.78627 4.78207 4.77675 4.77033 4.76286 4.75438 4.74493 4.73457 4.72335 4.71134 4.69862 4.68524 4.6713 4.65687 4.64203 4.62687 4.61147 4.59592 4.5803 4.56469 4.54919 4.53385 4.51877 4.504 4.48961 4.47567 4.46221 4.44929 4.43695 4.42522 4.41413 4.40369 4.39393 4.38485 4.37646 4.36876 4.36174 4.35539 4.34971 4.34469 4.34032 4.33657 4.33345 4.33094 4.32903 4.32771 4.32699 
4.32147 4.32193 4.32302 4.32473 4.32707 4.33006 4.33371 4.33802 4.34301 4.34869 4.35508 4.36219 4.37001 4.37856 4.38785 4.39786 4.40858 4.42001 4.43212 4.44489 4.45829 4.47227 4.48678 4.50178 4.51721 4.53299 4.54907 4.56536 4.58178 4.59826 4.6147 4.63102 4.64714 4.66296 4.67839 4.69336 4.70778 4.72156 4.73464 4.74694 4.75839 4.76893 4.7785 4.78706 4.79454 4.80093 4.80617 4.81024 4.81312 4.8148 4.81526 4.81451 4.81255 4.80938 4.80502 4.7995 4.79285 4.7851 4.7763 4.76649 4.75573 4.74407 4.73159 4.71836 4.70445 4.68993 4.6749 4.65943 4.64362 4.62755 4.61132 4.595 4.57869 4.56247 4.54643 4.53063 4.51516 4.50007 4.48544 4.47132 4.45775 4.44478 4.43245 4.42077 4.40979 4.39951 4.38994 4.38109 4.37296 4.36555 4.35884 4.35284 4.34754 4.34291 4.33894 4.33564 4.33297 4.33095 4.32955 4.32877 
4.32324 4.32373 4.32487 4.32667 4.32914 4.33228 4.33612 4.34066 4.34591 4.35189 4.35861 4.36608 4.37431 4.3833 4.39305 4.40356 4.41482 4.42681 4.43951 4.45289 4.46691 4.48154 4.49673 4.51241 4.52852 4.54501 4.56178 4.57877 4.59588 4.61304 4.63016 4.64714 4.66389 4.68033 4.69636 4.7119 4.72685 4.74115 4.7547 4.76744 4.7793 4.79021 4.80012 4.80897 4.81671 4.82331 4.82873 4.83294 4.83592 4.83765 4.83813 4.83736 4.83533 4.83205 4.82755 4.82185 4.81497 4.80695 4.79784 4.78768 4.77654 4.76446 4.75153 4.7378 4.72336 4.70829 4.69267 4.6766 4.66016 4.64344 4.62653 4.60954 4.59254 4.57562 4.55888 4.54238 4.52622 4.51045 4.49514 4.48036 4.46615 4.45256 4.43963 4.42739 4.41586 4.40506 4.39501 4.38571 4.37715 4.36935 4.3623 4.35598 4.35038 4.3455 4.34132 4.33783 4.33501 4.33287 4.33139 4.33057 
4.32502 4.32552 4.32671 4.3286 4.33119 4.33449 4.33852 4.34329 4.3488 4.35508 4.36213 4.36996 4.37859 4.388 4.39822 4.40922 4.421 4.43354 4.44681 4.46079 4.47544 4.49071 4.50654 4.52289 4.53968 4.55684 4.57429 4.59196 4.60975 4.62757 4.64534 4.66296 4.68033 4.69736 4.71397 4.73005 4.74553 4.76031 4.77432 4.78749 4.79973 4.811 4.82123 4.83036 4.83834 4.84515 4.85074 4.85508 4.85816 4.85995 4.86044 4.85964 4.85755 4.85418 4.84954 4.84366 4.83656 4.82829 4.81889 4.8084 4.79688 4.78441 4.77103 4.75683 4.74189 4.72628 4.71011 4.69344 4.67639 4.65904 4.64149 4.62383 4.60616 4.58857 4.57114 4.55397 4.53712 4.52069 4.50472 4.4893 4.47446 4.46026 4.44674 4.43394 4.42187 4.41057 4.40003 4.39028 4.38132 4.37313 4.36573 4.35909 4.35321 4.34808 4.34368 4.34001 4.33705 4.33479 4.33323 4.33236 
4.32678 4.3273 4.32855 4.33052 4.33323 4.33669 4.3409 4.34589 4.35166 4.35822 4.3656 4.37379 4.3828 4.39264 4.40331 4.4148 4.42709 4.44016 4.454 4.46856 4.48381 4.4997 4.51618 4.53317 4.55061 4.56843 4.58654 4.60486 4.6233 4.64177 4.66016 4.67839 4.69636 4.71397 4.73112 4.74773 4.7637 4.77895 4.7934 4.80697 4.81959 4.83119 4.84172 4.85112 4.85934 4.86635 4.8721 4.87656 4.87973 4.88157 4.88208 4.88126 4.87911 4.87565 4.87088 4.86482 4.85752 4.84901 4.83933 4.82853 4.81667 4.8038 4.79001 4.77536 4.75993 4.74382 4.7271 4.70987 4.69223 4.67427 4.6561 4.6378 4.61948 4.60123 4.58315 4.56531 4.54781 4.53072 4.51412 4.49806 4.48262 4.46782 4.45373 4.44038 4.42779 4.41599 4.40499 4.3948 4.38542 4.37686 4.36911 4.36216 4.35601 4.35063 4.34602 4.34217 4.33906 4.33669 4.33505 4.33414 
4.32851 4.32905 4.33035 4.33241 4.33524 4.33885 4.34324 4.34845 4.35447 4.36132 4.36901 4.37754 4.38694 4.39719 4.4083 4.42025 4.43304 4.44664 4.46102 4.47615 4.49199 4.50848 4.52556 4.54318 4.56125 4.5797 4.59845 4.6174 4.63647 4.65555 4.67454 4.69336 4.7119 4.73005 4.74773 4.76484 4.78128 4.79698 4.81184 4.82579 4.83876 4.85069 4.8615 4.87115 4.8796 4.88679 4.89269 4.89727 4.90052 4.90242 4.90294 4.90211 4.8999 4.89635 4.89145 4.88525 4.87775 4.86901 4.85907 4.84797 4.83578 4.82255 4.80836 4.79328 4.77739 4.76079 4.74356 4.72579 4.70759 4.68905 4.67028 4.65137 4.63243 4.61355 4.59483 4.57636 4.55822 4.5405 4.52328 4.50662 4.49057 4.47521 4.46056 4.44667 4.43358 4.42129 4.40983 4.39922 4.38945 4.38052 4.37243 4.36518 4.35875 4.35314 4.34832 4.3443 4.34105 4.33857 4.33685 4.33589 
4.33021 4.33077 4.33212 4.33426 4.3372 4.34096 4.34553 4.35095 4.35721 4.36433 4.37233 4.3812 4.39097 4.40162 4.41315 4.42556 4.43882 4.45293 4.46783 4.48351 4.49991 4.51698 4.53465 4.55286 4.57154 4.5906 4.60995 4.62951 4.64917 4.66883 4.6884 4.70778 4.72685 4.74553 4.7637 4.78128 4.79817 4.81429 4.82954 4.84385 4.85716 4.86938 4.88047 4.89036 4.899 4.90637 4.91241 4.91711 4.92044 4.92238 4.92292 4.92207 4.91982 4.91618 4.91117 4.90482 4.89715 4.88819 4.878 4.86662 4.85412 4.84055 4.82598 4.8105 4.79418 4.77712 4.7594 4.74112 4.72238 4.70329 4.68395 4.66446 4.64492 4.62544 4.60611 4.58703 4.56829 4.54997 4.53215 4.5149 4.49829 4.48237 4.46719 4.45278 4.43919 4.42644 4.41455 4.40352 4.39336 4.38408 4.37567 4.36812 4.36143 4.35558 4.35057 4.34637 4.34299 4.3404 4.33861 4.3376 
4.33186 4.33244 4.33383 4.33605 4.33911 4.343 4.34775 4.35337 4.35986 4.36725 4.37554 4.38474 4.39486 4.40589 4.41783 4.43067 4.4444 4.45898 4.47439 4.49059 4.50753 4.52515 4.54338 4.56217 4.58142 4.60105 4.62098 4.64111 4.66133 4.68155 4.70166 4.72156 4.74115 4.76031 4.77895 4.79698 4.81429 4.83079 4.84641 4.86107 4.87468 4.88718 4.89852 4.90863 4.91747 4.925 4.93118 4.93598 4.93938 4.94137 4.94193 4.94106 4.93876 4.93505 4.92994 4.92344 4.9156 4.90645 4.89603 4.8844 4.8716 4.85771 4.84279 4.82693 4.81021 4.79271 4.77453 4.75577 4.73653 4.71692 4.69704 4.67699 4.65689 4.63684 4.61693 4.59727 4.57795 4.55906 4.54067 4.52286 4.50571 4.48926 4.47356 4.45867 4.44461 4.43141 4.41909 4.40767 4.39714 4.38752 4.3788 4.37097 4.36402 4.35795 4.35274 4.34839 4.34487 4.34218 4.34031 4.33926 
4.33344 4.33404 4.33549 4.33778 4.34094 4.34497 4.34989 4.3557 4.36241 4.37005 4.37862 4.38813 4.39859 4.40998 4.42231 4.43557 4.44973 4.46477 4.48066 4.49735 4.5148 4.53294 4.5517 4.57103 4.59082 4.611 4.63147 4.65213 4.67289 4.69363 4.71425 4.73464 4.7547 4.77432 4.7934 4.81184 4.82954 4.84641 4.86237 4.87734 4.89124 4.90401 4.91558 4.92589 4.93491 4.94259 4.9489 4.95379 4.95727 4.95929 4.95987 4.95898 4.95665 4.95286 4.94765 4.94104 4.93304 4.92371 4.91308 4.9012 4.88813 4.87394 4.8587 4.84249 4.82538 4.80748 4.78887 4.76966 4.74995 4.72985 4.70946 4.6889 4.66827 4.64767 4.62722 4.60702 4.58715 4.56771 4.54879 4.53046 4.51279 4.49583 4.47965 4.46429 4.44978 4.43616 4.42344 4.41164 4.40076 4.39082 4.3818 4.3737 4.36651 4.36023 4.35483 4.35032 4.34667 4.34389 4.34195 4.34086 
4.33496 4.33557 4.33706 4.33943 4.34269 4.34685 4.35192 4.35791 4.36484 4.37272 4.38156 4.39136 4.40213 4.41386 4.42656 4.44021 4.45478 4.47025 4.48659 4.50375 4.52167 4.5403 4.55956 4.57939 4.59969 4.62038 4.64135 4.66252 4.68377 4.70499 4.72609 4.74694 4.76744 4.78749 4.80697 4.82579 4.84385 4.86107 4.87734 4.8926 4.90676 4.91977 4.93155 4.94206 4.95125 4.95906 4.96548 4.97047 4.974 4.97607 4.97665 4.97576 4.97338 4.96954 4.96424 4.95751 4.94937 4.93987 4.92905 4.91695 4.90364 4.88917 4.87363 4.85709 4.83963 4.82136 4.80235 4.78272 4.76258 4.74202 4.72116 4.70011 4.67898 4.65789 4.63693 4.61621 4.59583 4.57589 4.55646 4.53763 4.51948 4.50205 4.48542 4.46961 4.45469 4.44066 4.42756 4.41541 4.4042 4.39395 4.38465 4.37629 4.36888 4.36239 4.35682 4.35216 4.3484 4.34552 4.34352 4.34239 
4.33639 4.33702 4.33855 4.34099 4.34434 4.34862 4.35383 4.36 4.36713 4.37523 4.38431 4.39439 4.40545 4.41751 4.43055 4.44456 4.45952 4.47539 4.49214 4.50973 4.5281 4.54718 4.56691 4.5872 4.60798 4.62913 4.65058 4.67221 4.69391 4.71559 4.73712 4.75839 4.7793 4.79973 4.81959 4.83876 4.85716 4.87468 4.89124 4.90676 4.92117 4.9344 4.94638 4.95706 4.96639 4.97433 4.98086 4.98592 4.98952 4.99162 4.99222 4.99131 4.9889 4.985 4.97962 4.97279 4.96453 4.95487 4.94387 4.93157 4.91803 4.90332 4.8875 4.87066 4.85288 4.83426 4.81489 4.79488 4.77433 4.75335 4.73206 4.71056 4.68898 4.66742 4.64599 4.6248 4.60395 4.58353 4.56364 4.54435 4.52574 4.50787 4.49081 4.4746 4.45928 4.44488 4.43143 4.41894 4.40743 4.39689 4.38732 4.37873 4.3711 4.36443 4.3587 4.3539 4.35002 4.34706 4.34499 4.34383 
4.33772 4.33837 4.33994 4.34244 4.34588 4.35027 4.35562 4.36194 4.36925 4.37756 4.38687 4.3972 4.40854 4.42089 4.43425 4.44859 4.4639 4.48015 4.49728 4.51527 4.53404 4.55355 4.5737 4.59442 4.61562 4.63721 4.65909 4.68114 4.70326 4.72535 4.74727 4.76893 4.79021 4.811 4.83119 4.85069 4.86938 4.88718 4.90401 4.91977 4.9344 4.94782 4.95997 4.97081 4.98028 4.98834 4.99495 5.0001 5.00374 5.00588 5.00649 5.00557 5.00314 4.99918 4.99373 4.9868 4.97843 4.96863 4.95747 4.94499 4.93125 4.91631 4.90024 4.88313 4.86506 4.84613 4.82643 4.80607 4.78515 4.76379 4.7421 4.7202 4.69819 4.67621 4.65435 4.63272 4.61144 4.59059 4.57026 4.55055 4.53153 4.51326 4.49581 4.47922 4.46354 4.4488 4.43502 4.42222 4.41042 4.39962 4.38981 4.381 4.37318 4.36633 4.36045 4.35552 4.35154 4.34849 4.34637 4.34518 
4.33895 4.33961 4.34122 4.34377 4.34729 4.35178 4.35726 4.36373 4.3712 4.3797 4.38922 4.39978 4.41137 4.42399 4.43763 4.45228 4.46791 4.48449 4.50198 4.52032 4.53947 4.55935 4.57988 4.60099 4.62259 4.64457 4.66683 4.68926 4.71176 4.73421 4.7565 4.7785 4.80012 4.82123 4.84172 4.8615 4.88047 4.89852 4.91558 4.93155 4.94638 4.95997 4.97229 4.98327 4.99286 5.00102 5.00772 5.01292 5.01662 5.01878 5.0194 5.01848 5.01602 5.01202 5.00651 4.99949 4.99101 4.9811 4.9698 4.95715 4.94323 4.92808 4.9118 4.89444 4.87611 4.8569 4.8369 4.81622 4.79498 4.77327 4.75123 4.72895 4.70658 4.6842 4.66195 4.63994 4.61826 4.59702 4.5763 4.55621 4.53681 4.51818 4.50037 4.48344 4.46743 4.45237 4.4383 4.42522 4.41316 4.40212 4.39209 4.38308 4.37507 4.36807 4.36205 4.35701 4.35293 4.34981 4.34764 4.34642 
4.34006 4.34073 4.34237 4.34498 4.34857 4.35315 4.35874 4.36534 4.37296 4.38163 4.39134 4.4021 4.41391 4.42678 4.44068 4.4556 4.47151 4.48839 4.50619 4.52486 4.54433 4.56455 4.58543 4.60688 4.62882 4.65115 4.67376 4.69653 4.71937 4.74214 4.76474 4.78706 4.80897 4.83036 4.85112 4.87115 4.89036 4.90863 4.92589 4.94206 4.95706 4.97081 4.98327 4.99437 5.00406 5.01231 5.01909 5.02435 5.02809 5.03027 5.03091 5.02998 5.02749 5.02346 5.01789 5.0108 5.00223 4.99221 4.98078 4.968 4.95391 4.93859 4.9221 4.90454 4.88598 4.86652 4.84625 4.8253 4.80376 4.78175 4.75938 4.73679 4.71407 4.69136 4.66876 4.6464 4.62437 4.60278 4.58172 4.56128 4.54155 4.52259 4.50446 4.48723 4.47092 4.45559 4.44125 4.42793 4.41563 4.40437 4.39415 4.38495 4.37679 4.36964 4.3635 4.35835 4.35419 4.351 4.34879 4.34754 
4.34105 4.34173 4.3434 4.34605 4.34971 4.35437 4.36005 4.36676 4.37452 4.38333 4.39321 4.40415 4.41616 4.42923 4.44336 4.45852 4.47468 4.49183 4.5099 4.52884 4.54861 4.56912 4.5903 4.61205 4.6343 4.65692 4.67983 4.7029 4.72603 4.74909 4.77196 4.79454 4.81671 4.83834 4.85934 4.8796 4.899 4.91747 4.93491 4.95125 4.96639 4.98028 4.99286 5.00406 5.01385 5.02218 5.02902 5.03433 5.0381 5.04031 5.04095 5.04002 5.03752 5.03345 5.02783 5.02068 5.01203 5.00192 4.99038 4.97747 4.96325 4.94777 4.93112 4.91336 4.8946 4.87493 4.85444 4.83324 4.81144 4.78917 4.76653 4.74365 4.72064 4.69763 4.67473 4.65206 4.62973 4.60783 4.58647 4.56574 4.54571 4.52647 4.50806 4.49056 4.474 4.45842 4.44385 4.43031 4.41781 4.40636 4.39596 4.38661 4.3783 4.37103 4.36478 4.35954 4.3553 4.35206 4.34981 4.34853 
4.3419 4.34259 4.34429 4.34698 4.35069 4.35542 4.36118 4.36799 4.37586 4.3848 4.39482 4.40591 4.41809 4.43134 4.44566 4.46102 4.4774 4.49476 4.51307 4.53225 4.55226 4.57302 4.59445 4.61647 4.63897 4.66185 4.68501 4.70833 4.73171 4.75501 4.77812 4.80093 4.82331 4.84515 4.86635 4.88679 4.90637 4.925 4.94259 4.95906 4.97433 4.98834 5.00102 5.01231 5.02218 5.03058 5.03747 5.04282 5.04663 5.04886 5.0495 5.04857 5.04605 5.04195 5.03629 5.02909 5.02037 5.01018 4.99855 4.98554 4.9712 4.95559 4.93879 4.92088 4.90195 4.88209 4.86141 4.84 4.81799 4.79549 4.77262 4.7495 4.72624 4.70298 4.67983 4.6569 4.63431 4.61215 4.59053 4.56955 4.54927 4.52978 4.51114 4.49341 4.47663 4.46084 4.44608 4.43235 4.41968 4.40806 4.39752 4.38804 4.37961 4.37223 4.36588 4.36057 4.35627 4.35298 4.35069 4.34939 
4.34261 4.34332 4.34503 4.34775 4.35151 4.35629 4.36213 4.36902 4.37698 4.38602 4.39615 4.40737 4.41969 4.43309 4.44756 4.46309 4.47965 4.49719 4.51568 4.53507 4.55528 4.57624 4.59788 4.6201 4.64281 4.6659 4.68927 4.7128 4.73637 4.75987 4.78318 4.80617 4.82873 4.85074 4.8721 4.89269 4.91241 4.93118 4.9489 4.96548 4.98086 4.99495 5.00772 5.01909 5.02902 5.03747 5.0444 5.04979 5.05362 5.05587 5.05652 5.05558 5.05305 5.04892 5.04323 5.03599 5.02722 5.01696 5.00526 4.99216 4.97772 4.96201 4.94509 4.92705 4.90798 4.88797 4.86713 4.84556 4.82337 4.80069 4.77763 4.7543 4.73085 4.70738 4.68402 4.66088 4.63807 4.61571 4.59388 4.57268 4.55221 4.53252 4.51368 4.49577 4.47881 4.46285 4.44792 4.43404 4.42122 4.40948 4.39881 4.38922 4.38069 4.37322 4.3668 4.36142 4.35707 4.35374 4.35142 4.35011 
4.34318 4.34389 4.34562 4.34837 4.35215 4.35698 4.36287 4.36982 4.37786 4.38698 4.3972 4.40852 4.42094 4.43446 4.44905 4.46471 4.4814 4.49909 4.51772 4.53726 4.55762 4.57875 4.60055 4.62293 4.6458 4.66906 4.69259 4.71627 4.74 4.76365 4.78711 4.81024 4.83294 4.85508 4.87656 4.89727 4.91711 4.93598 4.95379 4.97047 4.98592 5.0001 5.01292 5.02435 5.03433 5.04282 5.04979 5.05521 5.05906 5.06132 5.06198 5.06103 5.05849 5.05435 5.04863 5.04135 5.03254 5.02224 5.01047 4.99731 4.98279 4.96699 4.94998 4.93185 4.91267 4.89254 4.87158 4.84988 4.82755 4.80473 4.78151 4.75804 4.73443 4.7108 4.68728 4.66397 4.641 4.61847 4.59648 4.57513 4.55449 4.53465 4.51567 4.4976 4.48051 4.46442 4.44936 4.43536 4.42244 4.41059 4.39983 4.39015 4.38155 4.37401 4.36753 4.3621 4.35771 4.35435 4.352 4.35068 
4.3436 4.34431 4.34605 4.34882 4.35263 4.35749 4.36341 4.37041 4.3785 4.38767 4.39796 4.40935 4.42184 4.43544 4.45012 4.46587 4.48265 4.50044 4.51918 4.53882 4.55929 4.58053 4.60244 4.62494 4.64792 4.67129 4.69493 4.71873 4.74257 4.76633 4.78989 4.81312 4.83592 4.85816 4.87973 4.90052 4.92044 4.93938 4.95727 4.974 4.98952 5.00374 5.01662 5.02809 5.0381 5.04663 5.05362 5.05906 5.06292 5.06519 5.06585 5.06491 5.06235 5.0582 5.05246 5.04516 5.03632 5.02597 5.01417 5.00095 4.98638 4.97053 4.95345 4.93524 4.91599 4.89578 4.87472 4.85293 4.83051 4.80758 4.78427 4.76068 4.73696 4.71322 4.68958 4.66616 4.64308 4.62043 4.59833 4.57686 4.55612 4.53617 4.51708 4.49892 4.48172 4.46554 4.45039 4.43631 4.42331 4.41139 4.40056 4.39082 4.38216 4.37458 4.36806 4.36259 4.35817 4.35479 4.35243 4.3511 
4.34386 4.34457 4.34632 4.3491 4.35292 4.3578 4.36375 4.37077 4.37889 4.3881 4.39842 4.40984 4.42238 4.43602 4.45075 4.46655 4.48339 4.50124 4.52004 4.53974 4.56027 4.58157 4.60355 4.62611 4.64916 4.6726 4.6963 4.72017 4.74407 4.76789 4.79151 4.8148 4.83765 4.85995 4.88157 4.90242 4.92238 4.94137 4.95929 4.97607 4.99162 5.00588 5.01878 5.03027 5.04031 5.04886 5.05587 5.06132 5.06519 5.06746 5.06813 5.06718 5.06462 5.06046 5.05471 5.04739 5.03853 5.02816 5.01633 5.00309 4.98848 4.97259 4.95547 4.93722 4.91792 4.89766 4.87655 4.85471 4.83223 4.80924 4.78586 4.76222 4.73843 4.71463 4.69093 4.66744 4.64429 4.62158 4.59941 4.57788 4.55707 4.53706 4.51791 4.49969 4.48244 4.4662 4.45101 4.43688 4.42383 4.41187 4.40101 4.39123 4.38254 4.37493 4.36839 4.3629 4.35846 4.35507 4.3527 4.35136 
