5.20938 5.20957 5.20982 5.21016 5.21057 5.21105 5.21162 5.21226 5.21298 5.21378 5.21466 5.21563 5.21668 5.21782 5.21904 5.22035 5.22174 5.22322 5.22479 5.22644 5.22818 5.22999 5.23188 5.23384 5.23586 5.23794 5.24007 5.24225 5.24445 5.24669 5.24893 5.25118 5.25342 5.25564 5.25782 5.25996 5.26203 5.26404 5.26596 5.26778 5.26949 5.27107 5.27253 5.27384 5.275 5.276 5.27683 5.27749 5.27797 5.27827 5.27838 5.27831 5.27806 5.27763 5.27702 5.27624 5.27529 5.27418 5.27293 5.27153 5.27 5.26835 5.26659 5.26473 5.2628 5.26079 5.25872 5.25662 5.25448 5.25232 5.25016 5.24801 5.24587 5.24376 5.24169 5.23967 5.23771 5.23581 5.23399 5.23224 5.23057 5.22899 5.2275 5.22611 5.22481 5.2236 5.22249 5.22148 5.22056 5.21974 5.21901 5.21837 5.21782 5.21736 5.21699 5.2167 5.21649 5.21636 5.21632 5.21634 
5.20957 5.20975 5.21001 5.21034 5.21076 5.21124 5.21181 5.21245 5.21318 5.21398 5.21487 5.21584 5.2169 5.21805 5.21928 5.22059 5.222 5.22349 5.22507 5.22674 5.22849 5.23031 5.23221 5.23419 5.23623 5.23833 5.24048 5.24267 5.2449 5.24715 5.24941 5.25168 5.25394 5.25617 5.25838 5.26053 5.26263 5.26465 5.26658 5.26842 5.27014 5.27174 5.27321 5.27453 5.2757 5.27671 5.27755 5.27821 5.2787 5.279 5.27911 5.27904 5.27879 5.27835 5.27774 5.27695 5.27599 5.27487 5.27361 5.27219 5.27065 5.26898 5.26721 5.26534 5.26339 5.26136 5.25928 5.25715 5.25499 5.25282 5.25064 5.24847 5.24631 5.24419 5.2421 5.24006 5.23808 5.23617 5.23433 5.23256 5.23088 5.22929 5.22779 5.22638 5.22507 5.22385 5.22273 5.22171 5.22079 5.21996 5.21922 5.21858 5.21802 5.21756 5.21718 5.21689 5.21668 5.21655 5.2165 5.21653 
5.20982 5.21001 5.21027 5.21061 5.21103 5.21152 5.2121 5.21276 5.21349 5.21431 5.21522 5.21621 5.21729 5.21846 5.21971 5.22106 5.2225 5.22402 5.22564 5.22734 5.22912 5.23099 5.23293 5.23495 5.23704 5.23918 5.24138 5.24362 5.24589 5.2482 5.25051 5.25283 5.25514 5.25742 5.25967 5.26187 5.26401 5.26608 5.26805 5.26993 5.27169 5.27332 5.27482 5.27617 5.27736 5.27839 5.27925 5.27992 5.28042 5.28072 5.28084 5.28077 5.28051 5.28006 5.27943 5.27863 5.27765 5.27651 5.27521 5.27376 5.27219 5.27048 5.26867 5.26676 5.26476 5.26269 5.26056 5.25839 5.25618 5.25396 5.25173 5.24951 5.2473 5.24513 5.243 5.24091 5.23889 5.23693 5.23504 5.23324 5.23152 5.22989 5.22835 5.22691 5.22557 5.22432 5.22318 5.22213 5.22118 5.22033 5.21957 5.21891 5.21834 5.21786 5.21747 5.21717 5.21695 5.21682 5.21676 5.21679 
5.21016 5.21034 5.21061 5.21096 5.21138 5.21189 5.21249 5.21316 5.21392 5.21477 5.2157 5.21673 5.21784 5.21905 5.22035 5.22174 5.22323 5.22481 5.22648 5.22824 5.23009 5.23202 5.23404 5.23613 5.23828 5.2405 5.24278 5.2451 5.24745 5.24984 5.25223 5.25463 5.25701 5.25938 5.2617 5.26398 5.26619 5.26833 5.27037 5.27231 5.27412 5.27581 5.27736 5.27875 5.27999 5.28105 5.28193 5.28263 5.28314 5.28345 5.28357 5.2835 5.28322 5.28276 5.28211 5.28127 5.28026 5.27908 5.27773 5.27624 5.27461 5.27285 5.27097 5.26899 5.26692 5.26478 5.26258 5.26033 5.25804 5.25574 5.25343 5.25113 5.24885 5.2466 5.24439 5.24223 5.24013 5.2381 5.23614 5.23427 5.23249 5.23079 5.2292 5.2277 5.2263 5.22501 5.22382 5.22273 5.22174 5.22085 5.22006 5.21937 5.21878 5.21827 5.21786 5.21754 5.21731 5.21717 5.2171 5.21713 
5.21057 5.21076 5.21103 5.21138 5.21183 5.21235 5.21297 5.21367 5.21447 5.21535 5.21633 5.2174 5.21857 5.21983 5.22119 5.22265 5.2242 5.22586 5.22761 5.22946 5.23139 5.23342 5.23553 5.23771 5.23997 5.2423 5.24468 5.24711 5.24958 5.25207 5.25457 5.25708 5.25958 5.26205 5.26448 5.26686 5.26917 5.2714 5.27353 5.27556 5.27746 5.27922 5.28083 5.28229 5.28357 5.28468 5.2856 5.28632 5.28685 5.28718 5.2873 5.28722 5.28693 5.28645 5.28576 5.28489 5.28383 5.28259 5.28119 5.27962 5.27791 5.27607 5.27411 5.27204 5.26988 5.26763 5.26533 5.26297 5.26058 5.25817 5.25575 5.25334 5.25095 5.24859 5.24627 5.24401 5.2418 5.23967 5.23762 5.23566 5.23378 5.232 5.23032 5.22875 5.22728 5.22592 5.22466 5.22351 5.22246 5.22153 5.22069 5.21996 5.21933 5.21879 5.21835 5.21801 5.21776 5.2176 5.21752 5.21754 
5.21105 5.21124 5.21152 5.21189 5.21235 5.21291 5.21355 5.21429 5.21513 5.21606 5.21709 5.21822 5.21946 5.22079 5.22223 5.22377 5.22542 5.22717 5.22903 5.23098 5.23303 5.23517 5.2374 5.23972 5.24211 5.24457 5.24709 5.24966 5.25226 5.25489 5.25754 5.26019 5.26283 5.26544 5.268 5.27051 5.27295 5.2753 5.27755 5.27968 5.28168 5.28354 5.28524 5.28677 5.28812 5.28928 5.29025 5.29101 5.29156 5.29191 5.29203 5.29194 5.29164 5.29112 5.2904 5.28948 5.28835 5.28705 5.28556 5.28391 5.28211 5.28016 5.27809 5.2759 5.27362 5.27125 5.26881 5.26632 5.2638 5.26125 5.25869 5.25614 5.25361 5.25111 5.24865 5.24625 5.24392 5.24166 5.23948 5.2374 5.23541 5.23352 5.23174 5.23006 5.2285 5.22704 5.2257 5.22447 5.22336 5.22236 5.22146 5.22068 5.22 5.21942 5.21894 5.21857 5.21829 5.21811 5.21802 5.21803 
5.21162 5.21181 5.2121 5.21249 5.21297 5.21355 5.21424 5.21502 5.21591 5.2169 5.218 5.2192 5.22052 5.22194 5.22348 5.22512 5.22688 5.22875 5.23073 5.23281 5.235 5.23729 5.23967 5.24214 5.24469 5.24732 5.25 5.25274 5.25551 5.25832 5.26114 5.26396 5.26676 5.26954 5.27227 5.27494 5.27753 5.28003 5.28241 5.28468 5.2868 5.28877 5.29057 5.2922 5.29363 5.29486 5.29588 5.29669 5.29727 5.29763 5.29776 5.29767 5.29734 5.29679 5.29602 5.29503 5.29384 5.29245 5.29087 5.28911 5.28719 5.28512 5.28291 5.28058 5.27815 5.27563 5.27303 5.27038 5.26769 5.26497 5.26224 5.25952 5.25682 5.25415 5.25153 5.24897 5.24648 5.24406 5.24173 5.2395 5.23737 5.23535 5.23343 5.23163 5.22995 5.22839 5.22695 5.22563 5.22443 5.22334 5.22237 5.22152 5.22078 5.22015 5.21963 5.21922 5.21891 5.21871 5.2186 5.2186 
5.21226 5.21245 5.21276 5.21316 5.21367 5.21429 5.21502 5.21586 5.21681 5.21787 5.21905 5.22034 5.22175 5.22328 5.22493 5.2267 5.22859 5.2306 5.23273 5.23497 5.23732 5.23978 5.24234 5.24499 5.24773 5.25054 5.25342 5.25636 5.25934 5.26234 5.26537 5.26839 5.27139 5.27436 5.27728 5.28014 5.28291 5.28558 5.28813 5.29055 5.29281 5.29492 5.29684 5.29857 5.3001 5.30141 5.3025 5.30336 5.30398 5.30436 5.30449 5.30439 5.30403 5.30344 5.30261 5.30156 5.30028 5.29879 5.29709 5.29521 5.29316 5.29094 5.28857 5.28608 5.28347 5.28077 5.27799 5.27515 5.27226 5.26934 5.26642 5.2635 5.2606 5.25773 5.25492 5.25216 5.24948 5.24688 5.24437 5.24196 5.23967 5.23748 5.23542 5.23347 5.23166 5.22997 5.2284 5.22697 5.22566 5.22448 5.22343 5.2225 5.22169 5.221 5.22043 5.21997 5.21962 5.21939 5.21926 5.21925 
5.21298 5.21318 5.21349 5.21392 5.21447 5.21513 5.21591 5.21681 5.21783 5.21897 5.22024 5.22163 5.22316 5.22481 5.22659 5.2285 5.23055 5.23272 5.23501 5.23744 5.23998 5.24263 5.24539 5.24826 5.25121 5.25425 5.25736 5.26052 5.26373 5.26697 5.27022 5.27348 5.27671 5.2799 5.28304 5.28611 5.28909 5.29196 5.2947 5.29729 5.29972 5.30198 5.30404 5.30589 5.30753 5.30893 5.3101 5.31101 5.31167 5.31208 5.31222 5.3121 5.31172 5.31108 5.31018 5.30904 5.30767 5.30606 5.30424 5.30222 5.30001 5.29762 5.29508 5.2924 5.28959 5.28668 5.28369 5.28062 5.27751 5.27437 5.27122 5.26807 5.26494 5.26184 5.2588 5.25582 5.25292 5.25011 5.2474 5.24479 5.2423 5.23993 5.23769 5.23558 5.2336 5.23177 5.23006 5.2285 5.22707 5.22578 5.22463 5.22361 5.22272 5.22196 5.22132 5.22081 5.22042 5.22015 5.22001 5.21997 
5.21378 5.21398 5.21431 5.21477 5.21535 5.21606 5.2169 5.21787 5.21897 5.22021 5.22158 5.22309 5.22474 5.22653 5.22846 5.23054 5.23275 5.23511 5.2376 5.24023 5.24298 5.24586 5.24885 5.25195 5.25515 5.25844 5.2618 5.26523 5.2687 5.2722 5.27571 5.27923 5.28272 5.28616 5.28955 5.29286 5.29607 5.29916 5.30211 5.3049 5.30752 5.30994 5.31216 5.31415 5.31591 5.31742 5.31867 5.31965 5.32036 5.32079 5.32093 5.3208 5.32038 5.31969 5.31873 5.31749 5.31601 5.31428 5.31231 5.31013 5.30774 5.30516 5.30242 5.29952 5.29649 5.29335 5.29012 5.28681 5.28344 5.28005 5.27663 5.27322 5.26984 5.26649 5.26319 5.25996 5.25681 5.25376 5.25082 5.24798 5.24528 5.2427 5.24026 5.23796 5.2358 5.23379 5.23193 5.23022 5.22866 5.22724 5.22597 5.22485 5.22387 5.22302 5.22232 5.22175 5.22131 5.22101 5.22083 5.22078 
5.21466 5.21487 5.21522 5.2157 5.21633 5.21709 5.218 5.21905 5.22024 5.22158 5.22307 5.22471 5.2265 5.22845 5.23055 5.23281 5.23522 5.23778 5.24048 5.24334 5.24633 5.24946 5.25271 5.25608 5.25955 5.26312 5.26676 5.27048 5.27424 5.27803 5.28184 5.28564 5.28941 5.29314 5.2968 5.30038 5.30384 5.30718 5.31036 5.31337 5.3162 5.31881 5.3212 5.32335 5.32524 5.32686 5.3282 5.32926 5.33002 5.33047 5.33063 5.33048 5.33003 5.32927 5.32823 5.3269 5.32529 5.32342 5.32129 5.31893 5.31635 5.31356 5.31059 5.30746 5.30418 5.30078 5.29728 5.2937 5.29005 5.28637 5.28267 5.27898 5.2753 5.27166 5.26808 5.26457 5.26115 5.25783 5.25463 5.25154 5.24859 5.24578 5.24312 5.2406 5.23825 5.23605 5.23401 5.23214 5.23042 5.22886 5.22747 5.22623 5.22514 5.22421 5.22342 5.22279 5.2223 5.22195 5.22174 5.22167 
5.21563 5.21584 5.21621 5.21673 5.2174 5.21822 5.2192 5.22034 5.22163 5.22309 5.22471 5.2265 5.22845 5.23057 5.23285 5.23531 5.23793 5.24072 5.24367 5.24678 5.25003 5.25343 5.25697 5.26063 5.26441 5.26828 5.27224 5.27627 5.28035 5.28446 5.28859 5.2927 5.29679 5.30083 5.30479 5.30866 5.31241 5.31601 5.31945 5.3227 5.32575 5.32857 5.33115 5.33346 5.3355 5.33725 5.3387 5.33983 5.34064 5.34113 5.34129 5.34113 5.34063 5.33982 5.33868 5.33724 5.3355 5.33347 5.33117 5.32862 5.32582 5.32281 5.31959 5.3162 5.31265 5.30897 5.30517 5.30129 5.29734 5.29334 5.28933 5.28531 5.28132 5.27737 5.27348 5.26966 5.26594 5.26233 5.25883 5.25547 5.25225 5.24918 5.24627 5.24352 5.24094 5.23854 5.2363 5.23424 5.23236 5.23065 5.22911 5.22774 5.22654 5.22551 5.22464 5.22392 5.22337 5.22298 5.22274 5.22265 
5.21668 5.2169 5.21729 5.21784 5.21857 5.21946 5.22052 5.22175 5.22316 5.22474 5.2265 5.22845 5.23057 5.23288 5.23537 5.23805 5.24091 5.24394 5.24716 5.25054 5.25408 5.25778 5.26163 5.26561 5.26971 5.27392 5.27822 5.2826 5.28703 5.29149 5.29596 5.30042 5.30485 5.30922 5.31351 5.3177 5.32175 5.32565 5.32936 5.33288 5.33617 5.33921 5.34199 5.34449 5.34669 5.34857 5.35013 5.35135 5.35222 5.35274 5.35291 5.35273 5.35219 5.3513 5.35007 5.34851 5.34663 5.34443 5.34194 5.33918 5.33615 5.33289 5.32941 5.32573 5.32189 5.3179 5.31378 5.30957 5.30529 5.30095 5.2966 5.29224 5.2879 5.28361 5.27937 5.27522 5.27117 5.26724 5.26343 5.25976 5.25625 5.2529 5.24972 5.24671 5.24389 5.24126 5.23881 5.23655 5.23448 5.2326 5.2309 5.22939 5.22807 5.22692 5.22595 5.22516 5.22454 5.2241 5.22382 5.22371 
5.21782 5.21805 5.21846 5.21905 5.21983 5.22079 5.22194 5.22328 5.22481 5.22653 5.22845 5.23057 5.23288 5.2354 5.23811 5.24103 5.24414 5.24745 5.25094 5.25462 5.25848 5.26251 5.26669 5.27102 5.27548 5.28005 5.28472 5.28946 5.29427 5.2991 5.30395 5.30879 5.31358 5.31831 5.32295 5.32748 5.33186 5.33607 5.34009 5.34388 5.34743 5.35072 5.35372 5.35641 5.35878 5.3608 5.36248 5.36379 5.36473 5.36529 5.36547 5.36526 5.36468 5.36372 5.36238 5.36069 5.35865 5.35628 5.35358 5.35059 5.34732 5.34379 5.34002 5.33604 5.33188 5.32756 5.3231 5.31854 5.3139 5.3092 5.30447 5.29974 5.29503 5.29037 5.28577 5.28125 5.27685 5.27256 5.26841 5.26442 5.26059 5.25693 5.25346 5.25018 5.24709 5.24421 5.24153 5.23905 5.23678 5.23471 5.23284 5.23118 5.22972 5.22845 5.22738 5.2265 5.22581 5.22531 5.22499 5.22486 
5.21904 5.21928 5.21971 5.22035 5.22119 5.22223 5.22348 5.22493 5.22659 5.22846 5.23055 5.23285 5.23537 5.23811 5.24107 5.24424 5.24763 5.25123 5.25503 5.25903 5.26323 5.2676 5.27215 5.27685 5.28169 5.28665 5.29171 5.29686 5.30206 5.3073 5.31255 5.31778 5.32297 5.32809 5.3331 5.33799 5.34272 5.34727 5.3516 5.3557 5.35953 5.36307 5.3663 5.3692 5.37175 5.37393 5.37573 5.37714 5.37814 5.37874 5.37893 5.37871 5.37807 5.37703 5.37559 5.37376 5.37155 5.36899 5.36608 5.36284 5.35931 5.35549 5.35142 5.34712 5.34262 5.33794 5.33312 5.32818 5.32315 5.31806 5.31294 5.30781 5.3027 5.29764 5.29265 5.28775 5.28296 5.2783 5.27378 5.26944 5.26526 5.26128 5.25749 5.25391 5.25054 5.24739 5.24445 5.24174 5.23925 5.23698 5.23494 5.23311 5.2315 5.2301 5.22892 5.22794 5.22718 5.22661 5.22625 5.22609 
5.22035 5.22059 5.22106 5.22174 5.22265 5.22377 5.22512 5.2267 5.2285 5.23054 5.23281 5.23531 5.23805 5.24103 5.24424 5.24769 5.25137 5.25528 5.25941 5.26376 5.26832 5.27306 5.278 5.28309 5.28834 5.29371 5.2992 5.30477 5.3104 5.31607 5.32174 5.3274 5.333 5.33853 5.34394 5.34921 5.35432 5.35922 5.36389 5.3683 5.37242 5.37623 5.37971 5.38283 5.38557 5.38791 5.38985 5.39136 5.39244 5.39308 5.39328 5.39303 5.39234 5.39121 5.38966 5.38768 5.3853 5.38253 5.37939 5.37591 5.37209 5.36797 5.36358 5.35894 5.35407 5.34902 5.34381 5.33847 5.33304 5.32753 5.32199 5.31644 5.31091 5.30542 5.30001 5.29469 5.2895 5.28444 5.27954 5.27481 5.27027 5.26594 5.26181 5.25791 5.25424 5.2508 5.24759 5.24463 5.24191 5.23943 5.23718 5.23518 5.23341 5.23187 5.23057 5.22949 5.22864 5.22801 5.2276 5.22741 
5.22174 5.222 5.2225 5.22323 5.2242 5.22542 5.22688 5.22859 5.23055 5.23275 5.23522 5.23793 5.24091 5.24414 5.24763 5.25137 5.25537 5.25961 5.26409 5.26881 5.27374 5.27889 5.28423 5.28974 5.29542 5.30123 5.30716 5.31318 5.31927 5.32539 5.33151 5.33761 5.34365 5.34961 5.35544 5.36112 5.36662 5.37189 5.37691 5.38166 5.38609 5.39019 5.39392 5.39727 5.40021 5.40273 5.4048 5.40642 5.40758 5.40826 5.40847 5.4082 5.40745 5.40623 5.40456 5.40243 5.39987 5.39689 5.39351 5.38975 5.38564 5.38121 5.37647 5.37147 5.36623 5.36078 5.35516 5.3494 5.34353 5.33759 5.3316 5.32561 5.31963 5.3137 5.30784 5.30208 5.29645 5.29097 5.28566 5.28053 5.27561 5.2709 5.26642 5.26218 5.25818 5.25443 5.25094 5.24771 5.24474 5.24203 5.23957 5.23738 5.23544 5.23376 5.23232 5.23114 5.23019 5.2295 5.22904 5.22882 
5.22322 5.22349 5.22402 5.22481 5.22586 5.22717 5.22875 5.2306 5.23272 5.23511 5.23778 5.24072 5.24394 5.24745 5.25123 5.25528 5.25961 5.2642 5.26905 5.27415 5.27949 5.28506 5.29083 5.29679 5.30292 5.3092 5.31559 5.32209 5.32865 5.33524 5.34184 5.3484 5.35491 5.36131 5.36759 5.37369 5.37959 5.38526 5.39065 5.39574 5.4005 5.40489 5.4089 5.41249 5.41564 5.41833 5.42055 5.42229 5.42352 5.42425 5.42446 5.42417 5.42336 5.42206 5.42025 5.41797 5.41521 5.41201 5.40838 5.40434 5.39992 5.39516 5.39007 5.38469 5.37905 5.37319 5.36714 5.36094 5.35462 5.34822 5.34177 5.3353 5.32885 5.32245 5.31612 5.3099 5.30382 5.29789 5.29215 5.2866 5.28126 5.27616 5.2713 5.2667 5.26236 5.25829 5.25449 5.25098 5.24774 5.24479 5.24211 5.23972 5.2376 5.23576 5.23419 5.23288 5.23185 5.23108 5.23057 5.23032 
5.22479 5.22507 5.22564 5.22648 5.22761 5.22903 5.23073 5.23273 5.23501 5.2376 5.24048 5.24367 5.24716 5.25094 5.25503 5.25941 5.26409 5.26905 5.27429 5.2798 5.28557 5.29157 5.29779 5.30422 5.31082 5.31758 5.32447 5.33146 5.33851 5.3456 5.35269 5.35975 5.36673 5.37361 5.38034 5.38689 5.39322 5.39929 5.40507 5.41052 5.41561 5.42031 5.4246 5.42843 5.4318 5.43468 5.43705 5.4389 5.44022 5.44099 5.44122 5.4409 5.44003 5.43863 5.4367 5.43424 5.43129 5.42786 5.42397 5.41964 5.4149 5.40979 5.40433 5.39856 5.39251 5.38622 5.37972 5.37306 5.36627 5.35939 5.35245 5.34549 5.33855 5.33165 5.32484 5.31814 5.31158 5.30518 5.29898 5.29299 5.28722 5.28171 5.27645 5.27147 5.26677 5.26236 5.25824 5.25443 5.25092 5.24771 5.2448 5.24219 5.23988 5.23787 5.23616 5.23473 5.2336 5.23275 5.23218 5.2319 
5.22644 5.22674 5.22734 5.22824 5.22946 5.23098 5.23281 5.23497 5.23744 5.24023 5.24334 5.24678 5.25054 5.25462 5.25903 5.26376 5.26881 5.27415 5.2798 5.28574 5.29194 5.2984 5.3051 5.31201 5.31911 5.32638 5.33378 5.34128 5.34885 5.35645 5.36406 5.37162 5.3791 5.38646 5.39367 5.40067 5.40744 5.41393 5.42011 5.42593 5.43137 5.43639 5.44097 5.44506 5.44866 5.45173 5.45426 5.45623 5.45763 5.45845 5.45868 5.45834 5.45741 5.45591 5.45384 5.45122 5.44806 5.44439 5.44022 5.43559 5.43053 5.42506 5.41922 5.41304 5.40656 5.39983 5.39287 5.38573 5.37845 5.37107 5.36362 5.35615 5.3487 5.34129 5.33397 5.32677 5.31971 5.31283 5.30615 5.29969 5.29348 5.28753 5.28186 5.27648 5.2714 5.26663 5.26218 5.25806 5.25425 5.25077 5.24762 5.24479 5.24229 5.2401 5.23823 5.23668 5.23544 5.23451 5.23388 5.23356 
5.22818 5.22849 5.22912 5.23009 5.23139 5.23303 5.235 5.23732 5.23998 5.24298 5.24633 5.25003 5.25408 5.25848 5.26323 5.26832 5.27374 5.27949 5.28557 5.29194 5.29861 5.30555 5.31273 5.32015 5.32776 5.33555 5.34348 5.35151 5.35962 5.36776 5.37589 5.38397 5.39197 5.39983 5.40753 5.41501 5.42223 5.42915 5.43574 5.44195 5.44774 5.45309 5.45796 5.46232 5.46614 5.46941 5.4721 5.47419 5.47568 5.47655 5.4768 5.47643 5.47543 5.47383 5.47162 5.46882 5.46546 5.46154 5.4571 5.45216 5.44676 5.44092 5.43468 5.42809 5.42117 5.41397 5.40654 5.39891 5.39112 5.38322 5.37526 5.36726 5.35928 5.35134 5.34349 5.33576 5.32819 5.3208 5.31363 5.30669 5.30001 5.29361 5.28751 5.28172 5.27625 5.27111 5.26631 5.26185 5.25774 5.25399 5.25058 5.24752 5.2448 5.24243 5.24041 5.23872 5.23737 5.23635 5.23567 5.23531 
5.22999 5.23031 5.23099 5.23202 5.23342 5.23517 5.23729 5.23978 5.24263 5.24586 5.24946 5.25343 5.25778 5.26251 5.2676 5.27306 5.27889 5.28506 5.29157 5.2984 5.30555 5.31298 5.32067 5.32861 5.33675 5.34508 5.35355 5.36214 5.37079 5.37948 5.38815 5.39677 5.4053 5.41368 5.42188 5.42984 5.43752 5.44489 5.45189 5.4585 5.46466 5.47034 5.47551 5.48014 5.4842 5.48767 5.49052 5.49274 5.49432 5.49524 5.4955 5.4951 5.49404 5.49233 5.48998 5.487 5.48342 5.47926 5.47453 5.46928 5.46353 5.45731 5.45067 5.44365 5.43628 5.42862 5.42069 5.41255 5.40425 5.39582 5.38732 5.37878 5.37025 5.36176 5.35337 5.34511 5.337 5.32909 5.3214 5.31397 5.30681 5.29994 5.29339 5.28717 5.28129 5.27577 5.27061 5.26581 5.26139 5.25734 5.25366 5.25036 5.24743 5.24487 5.24268 5.24085 5.23938 5.23828 5.23753 5.23714 
5.23188 5.23221 5.23293 5.23404 5.23553 5.2374 5.23967 5.24234 5.24539 5.24885 5.25271 5.25697 5.26163 5.26669 5.27215 5.278 5.28423 5.29083 5.29779 5.3051 5.31273 5.32067 5.32889 5.33736 5.34605 5.35493 5.36397 5.37311 5.38233 5.39158 5.40081 5.40998 5.41904 5.42795 5.43666 5.44512 5.45328 5.46109 5.46852 5.47553 5.48206 5.48808 5.49356 5.49847 5.50277 5.50644 5.50946 5.51181 5.51347 5.51444 5.51471 5.51429 5.51316 5.51135 5.50885 5.50569 5.50189 5.49747 5.49246 5.48688 5.48078 5.47418 5.46713 5.45967 5.45185 5.4437 5.43527 5.42662 5.41778 5.40881 5.39976 5.39066 5.38157 5.37253 5.36358 5.35476 5.34611 5.33766 5.32945 5.3215 5.31384 5.3065 5.29948 5.29282 5.28652 5.2806 5.27506 5.26992 5.26517 5.26082 5.25686 5.25331 5.25016 5.2474 5.24504 5.24306 5.24148 5.24028 5.23947 5.23904 
5.23384 5.23419 5.23495 5.23613 5.23771 5.23972 5.24214 5.24499 5.24826 5.25195 5.25608 5.26063 5.26561 5.27102 5.27685 5.28309 5.28974 5.29679 5.30422 5.31201 5.32015 5.32861 5.33736 5.34638 5.35563 5.36508 5.37468 5.3844 5.39419 5.40401 5.41381 5.42354 5.43315 5.4426 5.45183 5.46078 5.46943 5.4777 5.48556 5.49297 5.49988 5.50625 5.51204 5.51722 5.52177 5.52564 5.52883 5.53131 5.53306 5.53409 5.53437 5.53392 5.53272 5.5308 5.52816 5.52482 5.5208 5.51612 5.51082 5.50492 5.49845 5.49147 5.484 5.4761 5.46781 5.45917 5.45023 5.44105 5.43168 5.42216 5.41254 5.40288 5.39322 5.3836 5.37408 5.3647 5.35549 5.34649 5.33774 5.32926 5.3211 5.31326 5.30577 5.29865 5.29192 5.28559 5.27967 5.27416 5.26907 5.26441 5.26018 5.25637 5.25298 5.25002 5.24748 5.24536 5.24365 5.24236 5.24148 5.24102 
5.23586 5.23623 5.23704 5.23828 5.23997 5.24211 5.24469 5.24773 5.25121 5.25515 5.25955 5.26441 5.26971 5.27548 5.28169 5.28834 5.29542 5.30292 5.31082 5.31911 5.32776 5.33675 5.34605 5.35563 5.36545 5.37547 5.38565 5.39596 5.40633 5.41673 5.42711 5.43741 5.44757 5.45756 5.46731 5.47678 5.48591 5.49465 5.50295 5.51076 5.51805 5.52477 5.53087 5.53634 5.54112 5.54521 5.54856 5.55117 5.55302 5.5541 5.55439 5.55391 5.55265 5.55062 5.54783 5.54431 5.54006 5.53513 5.52953 5.5233 5.51647 5.5091 5.50121 5.49286 5.48409 5.47496 5.46551 5.4558 5.44588 5.4358 5.42561 5.41537 5.40513 5.39494 5.38484 5.37488 5.3651 5.35554 5.34624 5.33723 5.32854 5.3202 5.31223 5.30465 5.29747 5.29072 5.28441 5.27853 5.2731 5.26812 5.26359 5.25952 5.25589 5.25272 5.25 5.24773 5.2459 5.24451 5.24356 5.24306 
5.23794 5.23833 5.23918 5.2405 5.2423 5.24457 5.24732 5.25054 5.25425 5.25844 5.26312 5.26828 5.27392 5.28005 5.28665 5.29371 5.30123 5.3092 5.31758 5.32638 5.33555 5.34508 5.35493 5.36508 5.37547 5.38607 5.39685 5.40774 5.41871 5.42969 5.44065 5.45152 5.46225 5.47278 5.48306 5.49304 5.50266 5.51186 5.5206 5.52883 5.53649 5.54356 5.54998 5.55573 5.56076 5.56505 5.56858 5.57132 5.57326 5.57438 5.57469 5.57418 5.57285 5.57072 5.56778 5.56407 5.55961 5.55441 5.54851 5.54196 5.53477 5.527 5.51869 5.50989 5.50065 5.49102 5.48105 5.4708 5.46033 5.44968 5.43892 5.4281 5.41728 5.4065 5.39581 5.38526 5.37491 5.36478 5.35492 5.34537 5.33615 5.3273 5.31883 5.31078 5.30316 5.29598 5.28926 5.283 5.27722 5.27191 5.26709 5.26275 5.25888 5.2555 5.25259 5.25016 5.2482 5.24672 5.2457 5.24515 
5.24007 5.24048 5.24138 5.24278 5.24468 5.24709 5.25 5.25342 5.25736 5.2618 5.26676 5.27224 5.27822 5.28472 5.29171 5.2992 5.30716 5.31559 5.32447 5.33378 5.34348 5.35355 5.36397 5.37468 5.38565 5.39685 5.40821 5.4197 5.43126 5.44284 5.45438 5.46582 5.47711 5.48819 5.49901 5.50949 5.5196 5.52927 5.53845 5.54708 5.55513 5.56255 5.56928 5.57531 5.58059 5.58508 5.58878 5.59165 5.59368 5.59486 5.59518 5.59464 5.59325 5.591 5.58793 5.58403 5.57934 5.57389 5.5677 5.56081 5.55326 5.5451 5.53637 5.52712 5.5174 5.50727 5.49678 5.48599 5.47497 5.46375 5.45242 5.44101 5.4296 5.41822 5.40694 5.39581 5.38487 5.37417 5.36375 5.35365 5.34389 5.33452 5.32556 5.31703 5.30895 5.30134 5.29421 5.28757 5.28143 5.27579 5.27067 5.26605 5.26194 5.25834 5.25524 5.25265 5.25056 5.24898 5.24789 5.2473 
5.24225 5.24267 5.24362 5.2451 5.24711 5.24966 5.25274 5.25636 5.26052 5.26523 5.27048 5.27627 5.2826 5.28946 5.29686 5.30477 5.31318 5.32209 5.33146 5.34128 5.35151 5.36214 5.37311 5.3844 5.39596 5.40774 5.4197 5.43178 5.44394 5.45611 5.46823 5.48025 5.4921 5.50373 5.51507 5.52607 5.53666 5.54679 5.55641 5.56546 5.57388 5.58164 5.58869 5.595 5.60052 5.60522 5.60909 5.61209 5.61421 5.61544 5.61577 5.61521 5.61375 5.6114 5.60817 5.6041 5.59919 5.59347 5.58699 5.57978 5.57187 5.56331 5.55416 5.54446 5.53427 5.52364 5.51264 5.50131 5.48973 5.47795 5.46604 5.45405 5.44204 5.43007 5.4182 5.40648 5.39495 5.38368 5.37269 5.36203 5.35174 5.34184 5.33238 5.32336 5.31482 5.30677 5.29923 5.2922 5.2857 5.27973 5.2743 5.2694 5.26505 5.26123 5.25794 5.25519 5.25297 5.25128 5.25012 5.24949 
5.24445 5.2449 5.24589 5.24745 5.24958 5.25226 5.25551 5.25934 5.26373 5.2687 5.27424 5.28035 5.28703 5.29427 5.30206 5.3104 5.31927 5.32865 5.33851 5.34885 5.35962 5.37079 5.38233 5.39419 5.40633 5.41871 5.43126 5.44394 5.45668 5.46944 5.48214 5.49473 5.50715 5.51932 5.53119 5.54269 5.55377 5.56436 5.57441 5.58386 5.59266 5.60076 5.60813 5.6147 5.62046 5.62537 5.6294 5.63253 5.63475 5.63603 5.63637 5.63578 5.63425 5.6318 5.62843 5.62418 5.61905 5.61308 5.60631 5.59877 5.59051 5.58157 5.572 5.56185 5.55119 5.54007 5.52855 5.51669 5.50455 5.49221 5.47972 5.46715 5.45455 5.44199 5.42953 5.41721 5.4051 5.39325 5.38169 5.37048 5.35964 5.34923 5.33926 5.32976 5.32075 5.31227 5.30431 5.29689 5.29003 5.28372 5.27798 5.2728 5.2682 5.26415 5.26068 5.25776 5.25541 5.25362 5.25239 5.25171 
5.24669 5.24715 5.2482 5.24984 5.25207 5.25489 5.25832 5.26234 5.26697 5.2722 5.27803 5.28446 5.29149 5.2991 5.3073 5.31607 5.32539 5.33524 5.3456 5.35645 5.36776 5.37948 5.39158 5.40401 5.41673 5.42969 5.44284 5.45611 5.46944 5.48278 5.49606 5.50922 5.52218 5.53489 5.54728 5.55929 5.57084 5.58189 5.59236 5.60221 5.61138 5.61982 5.62749 5.63434 5.64034 5.64544 5.64964 5.6529 5.6552 5.65653 5.65689 5.65627 5.65468 5.65212 5.64862 5.64418 5.63884 5.63262 5.62556 5.61771 5.60909 5.59977 5.58979 5.5792 5.56808 5.55647 5.54443 5.53205 5.51937 5.50647 5.49341 5.48025 5.46707 5.45392 5.44087 5.42797 5.41528 5.40284 5.39072 5.37896 5.36758 5.35664 5.34617 5.33618 5.32672 5.31779 5.30941 5.30161 5.29438 5.28774 5.28169 5.27623 5.27137 5.26711 5.26344 5.26036 5.25788 5.25598 5.25468 5.25396 
5.24893 5.24941 5.25051 5.25223 5.25457 5.25754 5.26114 5.26537 5.27022 5.27571 5.28184 5.28859 5.29596 5.30395 5.31255 5.32174 5.33151 5.34184 5.35269 5.36406 5.37589 5.38815 5.40081 5.41381 5.42711 5.44065 5.45438 5.46823 5.48214 5.49606 5.50991 5.52362 5.53713 5.55037 5.56327 5.57577 5.58779 5.59928 5.61018 5.62042 5.62995 5.63873 5.64669 5.65381 5.66004 5.66534 5.6697 5.67308 5.67547 5.67685 5.67722 5.67658 5.67492 5.67226 5.66862 5.66401 5.65846 5.652 5.64466 5.63649 5.62754 5.61784 5.60745 5.59644 5.58485 5.57276 5.56023 5.54732 5.53411 5.52065 5.50703 5.4933 5.47954 5.46581 5.45217 5.43869 5.42542 5.41242 5.39974 5.38742 5.37551 5.36405 5.35308 5.34261 5.33268 5.32332 5.31453 5.30633 5.29874 5.29177 5.28541 5.27967 5.27456 5.27007 5.26621 5.26297 5.26035 5.25836 5.25698 5.25622 
5.25118 5.25168 5.25283 5.25463 5.25708 5.26019 5.26396 5.26839 5.27348 5.27923 5.28564 5.2927 5.30042 5.30879 5.31778 5.3274 5.33761 5.3484 5.35975 5.37162 5.38397 5.39677 5.40998 5.42354 5.43741 5.45152 5.46582 5.48025 5.49473 5.50922 5.52362 5.53788 5.55193 5.56569 5.57909 5.59207 5.60455 5.61648 5.62778 5.6384 5.64829 5.65739 5.66565 5.67302 5.67947 5.68497 5.68948 5.69299 5.69546 5.69689 5.69727 5.69661 5.69489 5.69214 5.68836 5.68358 5.67783 5.67113 5.66352 5.65504 5.64575 5.63568 5.6249 5.61347 5.60144 5.58888 5.57585 5.56243 5.54869 5.5347 5.52052 5.50623 5.4919 5.4776 5.46339 5.44933 5.43549 5.42193 5.40869 5.39583 5.3834 5.37142 5.35995 5.34901 5.33862 5.32882 5.31962 5.31104 5.30309 5.29578 5.28912 5.2831 5.27774 5.27303 5.26898 5.26558 5.26283 5.26073 5.25928 5.25848 
5.25342 5.25394 5.25514 5.25701 5.25958 5.26283 5.26676 5.27139 5.27671 5.28272 5.28941 5.29679 5.30485 5.31358 5.32297 5.333 5.34365 5.35491 5.36673 5.3791 5.39197 5.4053 5.41904 5.43315 5.44757 5.46225 5.47711 5.4921 5.50715 5.52218 5.53713 5.55193 5.5665 5.58076 5.59465 5.6081 5.62103 5.63338 5.64508 5.65608 5.66631 5.67572 5.68426 5.69188 5.69856 5.70424 5.7089 5.71252 5.71508 5.71656 5.71695 5.71626 5.71449 5.71164 5.70774 5.70279 5.69684 5.68991 5.68204 5.67327 5.66365 5.65323 5.64206 5.63022 5.61775 5.60473 5.59123 5.57731 5.56305 5.54853 5.53381 5.51897 5.50409 5.48922 5.47445 5.45983 5.44544 5.43132 5.41754 5.40415 5.39119 5.37871 5.36675 5.35534 5.34451 5.33428 5.32467 5.31571 5.30741 5.29977 5.2928 5.28651 5.2809 5.27598 5.27174 5.26818 5.2653 5.2631 5.26158 5.26074 
5.25564 5.25617 5.25742 5.25938 5.26205 5.26544 5.26954 5.27436 5.2799 5.28616 5.29314 5.30083 5.30922 5.31831 5.32809 5.33853 5.34961 5.36131 5.37361 5.38646 5.39983 5.41368 5.42795 5.4426 5.45756 5.47278 5.48819 5.50373 5.51932 5.53489 5.55037 5.56569 5.58076 5.59552 5.60988 5.62378 5.63714 5.6499 5.66199 5.67335 5.68391 5.69362 5.70244 5.71031 5.71719 5.72305 5.72786 5.7316 5.73423 5.73576 5.73617 5.73545 5.73362 5.73068 5.72665 5.72156 5.71541 5.70826 5.70013 5.69108 5.68114 5.67038 5.65884 5.6466 5.63371 5.62025 5.60628 5.59188 5.57712 5.56209 5.54684 5.53147 5.51604 5.50063 5.48531 5.47015 5.45521 5.44055 5.42624 5.41233 5.39886 5.38589 5.37345 5.36157 5.3503 5.33965 5.32965 5.32032 5.31166 5.3037 5.29644 5.28988 5.28403 5.27889 5.27446 5.27074 5.26774 5.26544 5.26385 5.26297 
5.25782 5.25838 5.25967 5.2617 5.26448 5.268 5.27227 5.27728 5.28304 5.28955 5.2968 5.30479 5.31351 5.32295 5.3331 5.34394 5.35544 5.36759 5.38034 5.39367 5.40753 5.42188 5.43666 5.45183 5.46731 5.48306 5.49901 5.51507 5.53119 5.54728 5.56327 5.57909 5.59465 5.60988 5.6247 5.63904 5.65282 5.66597 5.67843 5.69013 5.70101 5.71102 5.7201 5.7282 5.73529 5.74132 5.74628 5.75012 5.75283 5.7544 5.75482 5.75408 5.7522 5.74918 5.74503 5.73978 5.73345 5.72608 5.71771 5.70838 5.69814 5.68705 5.67516 5.66253 5.64924 5.63535 5.62093 5.60607 5.59083 5.5753 5.55954 5.54365 5.5277 5.51176 5.49591 5.48021 5.46474 5.44957 5.43474 5.42032 5.40636 5.3929 5.38 5.36768 5.35597 5.34492 5.33453 5.32483 5.31584 5.30756 5.30001 5.29318 5.2871 5.28175 5.27714 5.27327 5.27014 5.26774 5.26608 5.26516 
5.25996 5.26053 5.26187 5.26398 5.26686 5.27051 5.27494 5.28014 5.28611 5.29286 5.30038 5.30866 5.3177 5.32748 5.33799 5.34921 5.36112 5.37369 5.38689 5.40067 5.41501 5.42984 5.44512 5.46078 5.47678 5.49304 5.50949 5.52607 5.54269 5.55929 5.57577 5.59207 5.6081 5.62378 5.63904 5.6538 5.66798 5.68151 5.69432 5.70635 5.71754 5.72782 5.73715 5.74548 5.75276 5.75896 5.76405 5.76799 5.77078 5.77239 5.77282 5.77207 5.77013 5.76703 5.76276 5.75737 5.75087 5.7433 5.73469 5.7251 5.71457 5.70316 5.69093 5.67794 5.66426 5.64996 5.63511 5.6198 5.6041 5.58809 5.57185 5.55546 5.539 5.52255 5.50619 5.48998 5.474 5.45832 5.44299 5.42808 5.41365 5.39973 5.38637 5.37362 5.3615 5.35004 5.33928 5.32923 5.31991 5.31132 5.30349 5.29641 5.29009 5.28454 5.27976 5.27574 5.27248 5.26999 5.26827 5.26731 
5.26203 5.26263 5.26401 5.26619 5.26917 5.27295 5.27753 5.28291 5.28909 5.29607 5.30384 5.31241 5.32175 5.33186 5.34272 5.35432 5.36662 5.37959 5.39322 5.40744 5.42223 5.43752 5.45328 5.46943 5.48591 5.50266 5.5196 5.53666 5.55377 5.57084 5.58779 5.60455 5.62103 5.63714 5.65282 5.66798 5.68254 5.69643 5.70958 5.72192 5.7334 5.74395 5.75352 5.76205 5.76952 5.77588 5.78109 5.78514 5.78799 5.78965 5.79009 5.78931 5.78733 5.78415 5.77978 5.77425 5.76758 5.75982 5.75099 5.74115 5.73035 5.71864 5.70608 5.69274 5.67869 5.664 5.64874 5.63301 5.61686 5.6004 5.58369 5.56683 5.54989 5.53295 5.51609 5.4994 5.48293 5.46676 5.45096 5.43558 5.42068 5.40632 5.39253 5.37936 5.36684 5.355 5.34388 5.33349 5.32385 5.31497 5.30686 5.29954 5.293 5.28725 5.28229 5.27813 5.27476 5.27218 5.2704 5.2694 
5.26404 5.26465 5.26608 5.26833 5.2714 5.2753 5.28003 5.28558 5.29196 5.29916 5.30718 5.31601 5.32565 5.33607 5.34727 5.35922 5.37189 5.38526 5.39929 5.41393 5.42915 5.44489 5.46109 5.4777 5.49465 5.51186 5.52927 5.54679 5.56436 5.58189 5.59928 5.61648 5.63338 5.6499 5.66597 5.68151 5.69643 5.71066 5.72413 5.73677 5.74852 5.75932 5.76911 5.77785 5.78549 5.79199 5.79733 5.80147 5.80439 5.80608 5.80653 5.80574 5.80371 5.80046 5.79599 5.79033 5.78351 5.77556 5.76653 5.75645 5.74539 5.7334 5.72053 5.70686 5.69246 5.6774 5.66176 5.64562 5.62906 5.61216 5.59501 5.57769 5.5603 5.54289 5.52557 5.50841 5.49148 5.47485 5.45859 5.44276 5.42743 5.41264 5.39843 5.38486 5.37196 5.35976 5.3483 5.33758 5.32763 5.31847 5.31011 5.30255 5.2958 5.28986 5.28474 5.28044 5.27696 5.27429 5.27245 5.27142 
5.26596 5.26658 5.26805 5.27037 5.27353 5.27755 5.28241 5.28813 5.2947 5.30211 5.31036 5.31945 5.32936 5.34009 5.3516 5.36389 5.37691 5.39065 5.40507 5.42011 5.43574 5.45189 5.46852 5.48556 5.50295 5.5206 5.53845 5.55641 5.57441 5.59236 5.61018 5.62778 5.64508 5.66199 5.67843 5.69432 5.70958 5.72413 5.7379 5.75082 5.76282 5.77386 5.78386 5.79279 5.80059 5.80723 5.81268 5.81691 5.81989 5.82162 5.82208 5.82127 5.8192 5.81588 5.81131 5.80553 5.79857 5.79045 5.78122 5.77093 5.75962 5.74736 5.73421 5.72023 5.7055 5.6901 5.67409 5.65757 5.64061 5.62331 5.60575 5.588 5.57017 5.55234 5.53457 5.51697 5.4996 5.48253 5.46584 5.4496 5.43384 5.41865 5.40405 5.39011 5.37684 5.3643 5.3525 5.34148 5.33124 5.32181 5.3132 5.30542 5.29847 5.29235 5.28708 5.28265 5.27906 5.27631 5.27441 5.27334 
5.26778 5.26842 5.26993 5.27231 5.27556 5.27968 5.28468 5.29055 5.29729 5.3049 5.31337 5.3227 5.33288 5.34388 5.3557 5.3683 5.38166 5.39574 5.41052 5.42593 5.44195 5.4585 5.47553 5.49297 5.51076 5.52883 5.54708 5.56546 5.58386 5.60221 5.62042 5.6384 5.65608 5.67335 5.69013 5.70635 5.72192 5.73677 5.75082 5.764 5.77624 5.78749 5.79769 5.80679 5.81475 5.82152 5.82707 5.83138 5.83442 5.83618 5.83665 5.83583 5.83372 5.83033 5.82568 5.81979 5.81269 5.80442 5.79501 5.78451 5.77298 5.76047 5.74705 5.73279 5.71775 5.70202 5.68568 5.6688 5.65148 5.63379 5.61584 5.5977 5.57946 5.56122 5.54305 5.52503 5.50725 5.48977 5.47268 5.45603 5.43989 5.42432 5.40936 5.39505 5.38145 5.36858 5.35648 5.34516 5.33466 5.32498 5.31613 5.30814 5.301 5.29472 5.2893 5.28474 5.28105 5.27823 5.27627 5.27517 
5.26949 5.27014 5.27169 5.27412 5.27746 5.28168 5.2868 5.29281 5.29972 5.30752 5.3162 5.32575 5.33617 5.34743 5.35953 5.37242 5.38609 5.4005 5.41561 5.43137 5.44774 5.46466 5.48206 5.49988 5.51805 5.53649 5.55513 5.57388 5.59266 5.61138 5.62995 5.64829 5.66631 5.68391 5.70101 5.71754 5.7334 5.74852 5.76282 5.77624 5.78871 5.80016 5.81054 5.8198 5.82789 5.83478 5.84043 5.84481 5.84791 5.8497 5.85018 5.84935 5.8472 5.84376 5.83902 5.83303 5.82581 5.81739 5.80781 5.79712 5.78539 5.77265 5.75898 5.74446 5.72914 5.71311 5.69645 5.67925 5.66158 5.64355 5.62524 5.60673 5.58812 5.56949 5.55094 5.53254 5.51438 5.49652 5.47906 5.46204 5.44554 5.42961 5.41431 5.39968 5.38576 5.37259 5.3602 5.34861 5.33785 5.32794 5.31888 5.31069 5.30337 5.29693 5.29137 5.2867 5.28292 5.28002 5.27801 5.27689 
5.27107 5.27174 5.27332 5.27581 5.27922 5.28354 5.28877 5.29492 5.30198 5.30994 5.31881 5.32857 5.33921 5.35072 5.36307 5.37623 5.39019 5.40489 5.42031 5.43639 5.45309 5.47034 5.48808 5.50625 5.52477 5.54356 5.56255 5.58164 5.60076 5.61982 5.63873 5.65739 5.67572 5.69362 5.71102 5.72782 5.74395 5.75932 5.77386 5.78749 5.80016 5.81179 5.82234 5.83174 5.83996 5.84696 5.8527 5.85715 5.86029 5.86211 5.8626 5.86176 5.85958 5.85608 5.85128 5.84519 5.83785 5.8293 5.81957 5.80872 5.79679 5.78384 5.76995 5.75518 5.73961 5.72331 5.70636 5.68886 5.67088 5.65253 5.63389 5.61504 5.59609 5.57712 5.55821 5.53946 5.52095 5.50275 5.48494 5.46758 5.45075 5.4345 5.41888 5.40395 5.38974 5.37629 5.36363 5.3518 5.34081 5.33068 5.32142 5.31304 5.30556 5.29898 5.2933 5.28853 5.28466 5.28169 5.27964 5.27849 
5.27253 5.27321 5.27482 5.27736 5.28083 5.28524 5.29057 5.29684 5.30404 5.31216 5.3212 5.33115 5.34199 5.35372 5.3663 5.37971 5.39392 5.4089 5.4246 5.44097 5.45796 5.47551 5.49356 5.51204 5.53087 5.54998 5.56928 5.58869 5.60813 5.62749 5.64669 5.66565 5.68426 5.70244 5.7201 5.73715 5.75352 5.76911 5.78386 5.79769 5.81054 5.82234 5.83303 5.84257 5.8509 5.858 5.86382 5.86833 5.87152 5.87336 5.87386 5.873 5.8708 5.86725 5.86238 5.85621 5.84877 5.8401 5.83023 5.81922 5.80712 5.79399 5.7799 5.76491 5.7491 5.73256 5.71535 5.69758 5.67933 5.66068 5.64174 5.62259 5.60333 5.58404 5.56482 5.54576 5.52693 5.50841 5.49029 5.47263 5.45549 5.43895 5.42305 5.40784 5.39336 5.37966 5.36677 5.35471 5.34351 5.33318 5.32374 5.3152 5.30757 5.30086 5.29507 5.29019 5.28625 5.28322 5.28112 5.27995 
5.27384 5.27453 5.27617 5.27875 5.28229 5.28677 5.2922 5.29857 5.30589 5.31415 5.32335 5.33346 5.34449 5.35641 5.3692 5.38283 5.39727 5.41249 5.42843 5.44506 5.46232 5.48014 5.49847 5.51722 5.53634 5.55573 5.57531 5.595 5.6147 5.63434 5.65381 5.67302 5.69188 5.71031 5.7282 5.74548 5.76205 5.77785 5.79279 5.80679 5.8198 5.83174 5.84257 5.85222 5.86066 5.86784 5.87373 5.8783 5.88152 5.88339 5.8839 5.88303 5.8808 5.87721 5.87228 5.86604 5.85851 5.84973 5.83974 5.8286 5.81635 5.80305 5.78878 5.77359 5.75758 5.74082 5.72338 5.70537 5.68687 5.66797 5.64876 5.62934 5.6098 5.59024 5.57074 5.55139 5.53227 5.51348 5.49508 5.47714 5.45974 5.44293 5.42678 5.41132 5.39661 5.38269 5.36958 5.35732 5.34593 5.33542 5.32582 5.31714 5.30938 5.30255 5.29665 5.29169 5.28768 5.2846 5.28246 5.28127 
5.275 5.2757 5.27736 5.27999 5.28357 5.28812 5.29363 5.3001 5.30753 5.31591 5.32524 5.3355 5.34669 5.35878 5.37175 5.38557 5.40021 5.41564 5.4318 5.44866 5.46614 5.4842 5.50277 5.52177 5.54112 5.56076 5.58059 5.60052 5.62046 5.64034 5.66004 5.67947 5.69856 5.71719 5.73529 5.75276 5.76952 5.78549 5.80059 5.81475 5.82789 5.83996 5.8509 5.86066 5.86919 5.87644 5.88239 5.88701 5.89027 5.89216 5.89266 5.89179 5.88954 5.88591 5.88093 5.87463 5.86702 5.85815 5.84806 5.83679 5.82441 5.81097 5.79654 5.78119 5.76499 5.74804 5.73041 5.71218 5.69346 5.67434 5.6549 5.63525 5.61547 5.59566 5.57591 5.55632 5.53696 5.51792 5.49928 5.4811 5.46347 5.44643 5.43005 5.41439 5.39947 5.38535 5.37205 5.35962 5.34806 5.3374 5.32766 5.31885 5.31097 5.30404 5.29805 5.29302 5.28894 5.28582 5.28365 5.28243 
5.276 5.27671 5.27839 5.28105 5.28468 5.28928 5.29486 5.30141 5.30893 5.31742 5.32686 5.33725 5.34857 5.3608 5.37393 5.38791 5.40273 5.41833 5.43468 5.45173 5.46941 5.48767 5.50644 5.52564 5.54521 5.56505 5.58508 5.60522 5.62537 5.64544 5.66534 5.68497 5.70424 5.72305 5.74132 5.75896 5.77588 5.79199 5.80723 5.82152 5.83478 5.84696 5.858 5.86784 5.87644 5.88376 5.88976 5.89442 5.89771 5.89961 5.90013 5.89924 5.89697 5.89332 5.8883 5.88193 5.87426 5.86531 5.85513 5.84376 5.83127 5.81771 5.80314 5.78765 5.7713 5.75419 5.73639 5.71799 5.69908 5.67977 5.66013 5.64028 5.6203 5.60028 5.58033 5.56052 5.54095 5.52171 5.50286 5.48448 5.46665 5.44942 5.43285 5.417 5.40191 5.38762 5.37417 5.36158 5.34988 5.3391 5.32924 5.32031 5.31234 5.30532 5.29926 5.29416 5.29003 5.28686 5.28467 5.28344 
5.27683 5.27755 5.27925 5.28193 5.2856 5.29025 5.29588 5.3025 5.3101 5.31867 5.3282 5.3387 5.35013 5.36248 5.37573 5.38985 5.4048 5.42055 5.43705 5.45426 5.4721 5.49052 5.50946 5.52883 5.54856 5.56858 5.58878 5.60909 5.6294 5.64964 5.6697 5.68948 5.7089 5.72786 5.74628 5.76405 5.78109 5.79733 5.81268 5.82707 5.84043 5.8527 5.86382 5.87373 5.88239 5.88976 5.89581 5.9005 5.90381 5.90573 5.90625 5.90536 5.90307 5.89939 5.89433 5.88793 5.8802 5.87119 5.86093 5.84948 5.8369 5.82323 5.80856 5.79295 5.77648 5.75923 5.74129 5.72275 5.70369 5.68422 5.66443 5.64441 5.62426 5.60408 5.58395 5.56398 5.54424 5.52482 5.5058 5.48726 5.46927 5.45188 5.43516 5.41916 5.40393 5.3895 5.37592 5.36321 5.35139 5.3405 5.33054 5.32153 5.31347 5.30638 5.30026 5.29511 5.29093 5.28774 5.28551 5.28427 
5.27749 5.27821 5.27992 5.28263 5.28632 5.29101 5.29669 5.30336 5.31101 5.31965 5.32926 5.33983 5.35135 5.36379 5.37714 5.39136 5.40642 5.42229 5.4389 5.45623 5.47419 5.49274 5.51181 5.53131 5.55117 5.57132 5.59165 5.61209 5.63253 5.6529 5.67308 5.69299 5.71252 5.7316 5.75012 5.76799 5.78514 5.80147 5.81691 5.83138 5.84481 5.85715 5.86833 5.8783 5.88701 5.89442 5.9005 5.90521 5.90854 5.91047 5.91099 5.9101 5.9078 5.9041 5.89902 5.89258 5.88481 5.87574 5.86543 5.85392 5.84126 5.82752 5.81276 5.79706 5.7805 5.76315 5.7451 5.72644 5.70727 5.68768 5.66776 5.64762 5.62734 5.60703 5.58677 5.56666 5.54679 5.52724 5.5081 5.48943 5.4713 5.45379 5.43696 5.42084 5.4055 5.39096 5.37728 5.36448 5.35257 5.3416 5.33156 5.32248 5.31436 5.30722 5.30105 5.29586 5.29165 5.28842 5.28619 5.28493 
5.27797 5.2787 5.28042 5.28314 5.28685 5.29156 5.29727 5.30398 5.31167 5.32036 5.33002 5.34064 5.35222 5.36473 5.37814 5.39244 5.40758 5.42352 5.44022 5.45763 5.47568 5.49432 5.51347 5.53306 5.55302 5.57326 5.59368 5.61421 5.63475 5.6552 5.67547 5.69546 5.71508 5.73423 5.75283 5.77078 5.78799 5.80439 5.81989 5.83442 5.84791 5.86029 5.87152 5.88152 5.89027 5.89771 5.90381 5.90854 5.91188 5.91382 5.91435 5.91345 5.91114 5.90743 5.90233 5.89586 5.88806 5.87896 5.86861 5.85705 5.84434 5.83055 5.81573 5.79996 5.78333 5.76591 5.74778 5.72905 5.7098 5.69012 5.67011 5.64988 5.62951 5.60911 5.58876 5.56856 5.5486 5.52896 5.50972 5.49096 5.47275 5.45515 5.43823 5.42204 5.40662 5.39201 5.37826 5.36538 5.35342 5.34239 5.3323 5.32317 5.31501 5.30782 5.30162 5.2964 5.29217 5.28893 5.28668 5.28542 
5.27827 5.279 5.28072 5.28345 5.28718 5.29191 5.29763 5.30436 5.31208 5.32079 5.33047 5.34113 5.35274 5.36529 5.37874 5.39308 5.40826 5.42425 5.44099 5.45845 5.47655 5.49524 5.51444 5.53409 5.5541 5.57438 5.59486 5.61544 5.63603 5.65653 5.67685 5.69689 5.71656 5.73576 5.7544 5.77239 5.78965 5.80608 5.82162 5.83618 5.8497 5.86211 5.87336 5.88339 5.89216 5.89961 5.90573 5.91047 5.91382 5.91577 5.91629 5.91539 5.91308 5.90935 5.90424 5.89776 5.88994 5.88082 5.87045 5.85886 5.84612 5.8323 5.81744 5.80164 5.78497 5.7675 5.74934 5.73055 5.71125 5.69153 5.67148 5.65119 5.63077 5.61031 5.58991 5.56966 5.54965 5.52995 5.51067 5.49186 5.4736 5.45595 5.43898 5.42274 5.40728 5.39263 5.37884 5.36593 5.35393 5.34286 5.33274 5.32358 5.3154 5.30819 5.30197 5.29673 5.29249 5.28924 5.28698 5.28572 
