0.127734 0.128778 0.129584 0.130126 0.130449 0.130622 0.130707 0.130745 0.130762 0.130768 0.13077 0.130771 0.130771 0.130772 0.130772 0.130772 0.130772 0.130772 0.130772 0.130772 0.130772 0.130772 0.130772 0.130772 0.130772 0.130772 0.130772 0.130772 0.130772 0.130772 0.130772 0.130772 0.130772 0.130772 0.130772 0.130772 0.130772 0.130772 0.130772 0.130772 0.130772 0.130772 0.130772 0.130772 0.130772 0.130772 0.130772 0.130772 0.130772 0.130772 0.130772 0.130772 0.130772 0.130772 0.130772 0.130772 0.130772 0.130772 0.130772 0.130772 0.130772 0.130772 0.130772 0.130772 0.130772 0.130772 0.130772 0.130772 0.130772 0.130772 0.130772 0.130772 0.130772 0.130772 0.130772 0.130772 0.130772 0.130772 0.130772 0.130772 0.130772 0.130772 0.130772 0.130772 0.130772 0.130772 0.130772 0.130772 0.130772 0.130772 0.130772 0.130772 0.130776 0.130791 0.130837 0.130964 0.131247 0.131773 0.132586 0.13363 
0.128778 0.129814 0.130617 0.131158 0.131482 0.131656 0.131741 0.13178 0.131797 0.131803 0.131806 0.131807 0.131807 0.131807 0.131807 0.131807 0.131807 0.131807 0.131807 0.131807 0.131807 0.131807 0.131807 0.131807 0.131807 0.131807 0.131807 0.131807 0.131807 0.131807 0.131807 0.131807 0.131807 0.131807 0.131807 0.131807 0.131807 0.131807 0.131807 0.131807 0.131807 0.131807 0.131807 0.131807 0.131807 0.131807 0.131807 0.131807 0.131807 0.131807 0.131807 0.131807 0.131807 0.131807 0.131807 0.131807 0.131807 0.131807 0.131807 0.131807 0.131807 0.131807 0.131807 0.131807 0.131807 0.131807 0.131807 0.131807 0.131807 0.131807 0.131807 0.131807 0.131807 0.131807 0.131807 0.131807 0.131807 0.131807 0.131807 0.131807 0.131807 0.131807 0.131807 0.131807 0.131807 0.131807 0.131807 0.131807 0.131807 0.131807 0.131807 0.131808 0.131812 0.131827 0.131874 0.132002 0.132286 0.132812 0.133621 0.134658 
0.129584 0.130617 0.131418 0.131959 0.132283 0.132458 0.132545 0.132584 0.132601 0.132607 0.13261 0.132611 0.132611 0.132611 0.132611 0.132611 0.132611 0.132611 0.132611 0.132611 0.132611 0.132611 0.132611 0.132611 0.132611 0.132611 0.132611 0.132611 0.132611 0.132611 0.132611 0.132611 0.132611 0.132611 0.132611 0.132611 0.132611 0.132611 0.132611 0.132611 0.132611 0.132611 0.132611 0.132611 0.132611 0.132611 0.132611 0.132611 0.132611 0.132611 0.132611 0.132611 0.132611 0.132611 0.132611 0.132611 0.132611 0.132611 0.132611 0.132611 0.132611 0.132611 0.132611 0.132611 0.132611 0.132611 0.132611 0.132611 0.132611 0.132611 0.132611 0.132611 0.132611 0.132611 0.132611 0.132611 0.132611 0.132611 0.132611 0.132611 0.132611 0.132611 0.132611 0.132611 0.132611 0.132611 0.132611 0.132611 0.132611 0.132611 0.132611 0.132612 0.132616 0.132632 0.13268 0.132809 0.133095 0.133621 0.134429 0.135461 
0.130126 0.131158 0.131959 0.132501 0.132826 0.133002 0.133089 0.133129 0.133146 0.133152 0.133155 0.133156 0.133156 0.133156 0.133156 0.133156 0.133156 0.133156 0.133156 0.133156 0.133156 0.133156 0.133156 0.133156 0.133156 0.133156 0.133156 0.133156 0.133156 0.133156 0.133156 0.133156 0.133156 0.133156 0.133156 0.133156 0.133156 0.133156 0.133156 0.133156 0.133156 0.133156 0.133156 0.133156 0.133156 0.133156 0.133156 0.133156 0.133156 0.133156 0.133156 0.133156 0.133156 0.133156 0.133156 0.133156 0.133156 0.133156 0.133156 0.133156 0.133156 0.133156 0.133156 0.133156 0.133156 0.133156 0.133156 0.133156 0.133156 0.133156 0.133156 0.133156 0.133156 0.133156 0.133156 0.133156 0.133156 0.133156 0.133156 0.133156 0.133156 0.133156 0.133156 0.133156 0.133156 0.133156 0.133156 0.133156 0.133156 0.133156 0.133157 0.133158 0.133162 0.133177 0.133226 0.133356 0.133643 0.134171 0.134978 0.13601 
0.130449 0.131482 0.132283 0.132826 0.133152 0.133329 0.133417 0.133457 0.133474 0.133481 0.133483 0.133484 0.133484 0.133485 0.133485 0.133485 0.133485 0.133485 0.133485 0.133485 0.133485 0.133485 0.133485 0.133485 0.133485 0.133485 0.133485 0.133485 0.133485 0.133485 0.133485 0.133485 0.133485 0.133485 0.133485 0.133485 0.133485 0.133485 0.133485 0.133485 0.133485 0.133485 0.133485 0.133485 0.133485 0.133485 0.133485 0.133485 0.133485 0.133485 0.133485 0.133485 0.133485 0.133485 0.133485 0.133485 0.133485 0.133485 0.133485 0.133485 0.133485 0.133485 0.133485 0.133485 0.133485 0.133485 0.133485 0.133485 0.133485 0.133485 0.133485 0.133485 0.133485 0.133485 0.133485 0.133485 0.133485 0.133485 0.133485 0.133485 0.133485 0.133485 0.133485 0.133485 0.133485 0.133485 0.133485 0.133485 0.133485 0.133485 0.133485 0.133486 0.13349 0.133506 0.133555 0.133686 0.133974 0.134503 0.135312 0.136344 
0.130622 0.131656 0.132458 0.133002 0.133329 0.133506 0.133594 0.133635 0.133652 0.133659 0.133661 0.133662 0.133663 0.133663 0.133663 0.133663 0.133663 0.133663 0.133663 0.133663 0.133663 0.133663 0.133663 0.133663 0.133663 0.133663 0.133663 0.133663 0.133663 0.133663 0.133663 0.133663 0.133663 0.133663 0.133663 0.133663 0.133663 0.133663 0.133663 0.133663 0.133663 0.133663 0.133663 0.133663 0.133663 0.133663 0.133663 0.133663 0.133663 0.133663 0.133663 0.133663 0.133663 0.133663 0.133663 0.133663 0.133663 0.133663 0.133663 0.133663 0.133663 0.133663 0.133663 0.133663 0.133663 0.133663 0.133663 0.133663 0.133663 0.133663 0.133663 0.133663 0.133663 0.133663 0.133663 0.133663 0.133663 0.133663 0.133663 0.133663 0.133663 0.133663 0.133663 0.133663 0.133663 0.133663 0.133663 0.133663 0.133663 0.133663 0.133663 0.133664 0.133668 0.133684 0.133734 0.133865 0.134154 0.134684 0.135493 0.136527 
0.130707 0.131741 0.132545 0.133089 0.133417 0.133594 0.133682 0.133723 0.13374 0.133747 0.13375 0.133751 0.133751 0.133751 0.133751 0.133751 0.133751 0.133751 0.133751 0.133751 0.133751 0.133751 0.133751 0.133751 0.133751 0.133751 0.133751 0.133751 0.133751 0.133751 0.133751 0.133751 0.133751 0.133751 0.133751 0.133751 0.133751 0.133751 0.133751 0.133751 0.133751 0.133751 0.133751 0.133751 0.133751 0.133751 0.133751 0.133751 0.133751 0.133751 0.133751 0.133751 0.133751 0.133751 0.133751 0.133751 0.133751 0.133751 0.133751 0.133751 0.133751 0.133751 0.133751 0.133751 0.133751 0.133751 0.133751 0.133751 0.133751 0.133751 0.133751 0.133751 0.133751 0.133751 0.133751 0.133751 0.133751 0.133751 0.133751 0.133751 0.133751 0.133751 0.133751 0.133751 0.133751 0.133751 0.133751 0.133751 0.133751 0.133751 0.133751 0.133752 0.133756 0.133772 0.133822 0.133954 0.134243 0.134774 0.135584 0.136619 
0.130745 0.13178 0.132584 0.133129 0.133457 0.133635 0.133723 0.133763 0.133781 0.133788 0.13379 0.133791 0.133791 0.133792 0.133792 0.133792 0.133792 0.133792 0.133792 0.133792 0.133792 0.133792 0.133792 0.133792 0.133792 0.133792 0.133792 0.133792 0.133792 0.133792 0.133792 0.133792 0.133792 0.133792 0.133792 0.133792 0.133792 0.133792 0.133792 0.133792 0.133792 0.133792 0.133792 0.133792 0.133792 0.133792 0.133792 0.133792 0.133792 0.133792 0.133792 0.133792 0.133792 0.133792 0.133792 0.133792 0.133792 0.133792 0.133792 0.133792 0.133792 0.133792 0.133792 0.133792 0.133792 0.133792 0.133792 0.133792 0.133792 0.133792 0.133792 0.133792 0.133792 0.133792 0.133792 0.133792 0.133792 0.133792 0.133792 0.133792 0.133792 0.133792 0.133792 0.133792 0.133792 0.133792 0.133792 0.133792 0.133792 0.133792 0.133792 0.133793 0.133797 0.133813 0.133863 0.133995 0.134285 0.134815 0.135626 0.136661 
0.130762 0.131797 0.132601 0.133146 0.133474 0.133652 0.13374 0.133781 0.133798 0.133805 0.133807 0.133808 0.133809 0.133809 0.133809 0.133809 0.133809 0.133809 0.133809 0.133809 0.133809 0.133809 0.133809 0.133809 0.133809 0.133809 0.133809 0.133809 0.133809 0.133809 0.133809 0.133809 0.133809 0.133809 0.133809 0.133809 0.133809 0.133809 0.133809 0.133809 0.133809 0.133809 0.133809 0.133809 0.133809 0.133809 0.133809 0.133809 0.133809 0.133809 0.133809 0.133809 0.133809 0.133809 0.133809 0.133809 0.133809 0.133809 0.133809 0.133809 0.133809 0.133809 0.133809 0.133809 0.133809 0.133809 0.133809 0.133809 0.133809 0.133809 0.133809 0.133809 0.133809 0.133809 0.133809 0.133809 0.133809 0.133809 0.133809 0.133809 0.133809 0.133809 0.133809 0.133809 0.133809 0.133809 0.133809 0.133809 0.133809 0.133809 0.133809 0.13381 0.133814 0.13383 0.13388 0.134012 0.134302 0.134833 0.135644 0.136679 
0.130768 0.131803 0.132607 0.133152 0.133481 0.133659 0.133747 0.133788 0.133805 0.133812 0.133814 0.133815 0.133816 0.133816 0.133816 0.133816 0.133816 0.133816 0.133816 0.133816 0.133816 0.133816 0.133816 0.133816 0.133816 0.133816 0.133816 0.133816 0.133816 0.133816 0.133816 0.133816 0.133816 0.133816 0.133816 0.133816 0.133816 0.133816 0.133816 0.133816 0.133816 0.133816 0.133816 0.133816 0.133816 0.133816 0.133816 0.133816 0.133816 0.133816 0.133816 0.133816 0.133816 0.133816 0.133816 0.133816 0.133816 0.133816 0.133816 0.133816 0.133816 0.133816 0.133816 0.133816 0.133816 0.133816 0.133816 0.133816 0.133816 0.133816 0.133816 0.133816 0.133816 0.133816 0.133816 0.133816 0.133816 0.133816 0.133816 0.133816 0.133816 0.133816 0.133816 0.133816 0.133816 0.133816 0.133816 0.133816 0.133816 0.133816 0.133816 0.133817 0.133821 0.133837 0.133887 0.134019 0.134309 0.13484 0.135652 0.136687 
0.13077 0.131806 0.13261 0.133155 0.133483 0.133661 0.13375 0.13379 0.133807 0.133814 0.133817 0.133818 0.133818 0.133818 0.133819 0.133819 0.133819 0.133819 0.133819 0.133819 0.133819 0.133819 0.133819 0.133819 0.133819 0.133819 0.133819 0.133819 0.133819 0.133819 0.133819 0.133819 0.133819 0.133819 0.133819 0.133819 0.133819 0.133819 0.133819 0.133819 0.133819 0.133819 0.133819 0.133819 0.133819 0.133819 0.133819 0.133819 0.133819 0.133819 0.133819 0.133819 0.133819 0.133819 0.133819 0.133819 0.133819 0.133819 0.133819 0.133819 0.133819 0.133819 0.133819 0.133819 0.133819 0.133819 0.133819 0.133819 0.133819 0.133819 0.133819 0.133819 0.133819 0.133819 0.133819 0.133819 0.133819 0.133819 0.133819 0.133819 0.133819 0.133819 0.133819 0.133819 0.133819 0.133819 0.133819 0.133819 0.133819 0.133819 0.133819 0.13382 0.133824 0.13384 0.13389 0.134022 0.134312 0.134843 0.135654 0.13669 
0.130771 0.131807 0.132611 0.133156 0.133484 0.133662 0.133751 0.133791 0.133808 0.133815 0.133818 0.133819 0.133819 0.133819 0.133819 0.13382 0.13382 0.13382 0.13382 0.13382 0.13382 0.13382 0.13382 0.13382 0.13382 0.13382 0.13382 0.13382 0.13382 0.13382 0.13382 0.13382 0.13382 0.13382 0.13382 0.13382 0.13382 0.13382 0.13382 0.13382 0.13382 0.13382 0.13382 0.13382 0.13382 0.13382 0.13382 0.13382 0.13382 0.13382 0.13382 0.13382 0.13382 0.13382 0.13382 0.13382 0.13382 0.13382 0.13382 0.13382 0.13382 0.13382 0.13382 0.13382 0.13382 0.13382 0.13382 0.13382 0.13382 0.13382 0.13382 0.13382 0.13382 0.13382 0.13382 0.13382 0.13382 0.13382 0.13382 0.13382 0.13382 0.13382 0.13382 0.13382 0.13382 0.13382 0.13382 0.13382 0.13382 0.13382 0.13382 0.133821 0.133825 0.133841 0.133891 0.134023 0.134313 0.134844 0.135655 0.136691 
0.130771 0.131807 0.132611 0.133156 0.133484 0.133663 0.133751 0.133791 0.133809 0.133816 0.133818 0.133819 0.13382 0.13382 0.13382 0.13382 0.13382 0.13382 0.13382 0.13382 0.13382 0.13382 0.13382 0.13382 0.13382 0.13382 0.13382 0.13382 0.13382 0.13382 0.13382 0.13382 0.13382 0.13382 0.13382 0.13382 0.13382 0.13382 0.13382 0.13382 0.13382 0.13382 0.13382 0.13382 0.13382 0.13382 0.13382 0.13382 0.13382 0.13382 0.13382 0.13382 0.13382 0.13382 0.13382 0.13382 0.13382 0.13382 0.13382 0.13382 0.13382 0.13382 0.13382 0.13382 0.13382 0.13382 0.13382 0.13382 0.13382 0.13382 0.13382 0.13382 0.13382 0.13382 0.13382 0.13382 0.13382 0.13382 0.13382 0.13382 0.13382 0.13382 0.13382 0.13382 0.13382 0.13382 0.13382 0.13382 0.13382 0.13382 0.13382 0.133821 0.133825 0.133841 0.133891 0.134023 0.134313 0.134844 0.135656 0.136691 
0.130772 0.131807 0.132611 0.133156 0.133485 0.133663 0.133751 0.133792 0.133809 0.133816 0.133818 0.133819 0.13382 0.13382 0.13382 0.13382 0.13382 0.13382 0.13382 0.13382 0.13382 0.13382 0.13382 0.13382 0.13382 0.13382 0.13382 0.13382 0.13382 0.13382 0.13382 0.13382 0.13382 0.13382 0.13382 0.13382 0.13382 0.13382 0.13382 0.13382 0.13382 0.13382 0.13382 0.13382 0.13382 0.13382 0.13382 0.13382 0.13382 0.13382 0.13382 0.13382 0.13382 0.13382 0.13382 0.13382 0.13382 0.13382 0.13382 0.13382 0.13382 0.13382 0.13382 0.13382 0.13382 0.13382 0.13382 0.13382 0.13382 0.13382 0.13382 0.13382 0.13382 0.13382 0.13382 0.13382 0.13382 0.13382 0.13382 0.13382 0.13382 0.13382 0.13382 0.13382 0.13382 0.13382 0.13382 0.13382 0.13382 0.13382 0.13382 0.133821 0.133825 0.133841 0.133892 0.134023 0.134313 0.134844 0.135656 0.136691 
0.130772 0.131807 0.132611 0.133156 0.133485 0.133663 0.133751 0.133792 0.133809 0.133816 0.133819 0.133819 0.13382 0.13382 0.13382 0.13382 0.13382 0.13382 0.13382 0.13382 0.13382 0.13382 0.13382 0.13382 0.13382 0.13382 0.13382 0.13382 0.13382 0.13382 0.13382 0.13382 0.13382 0.13382 0.13382 0.13382 0.13382 0.13382 0.13382 0.13382 0.13382 0.13382 0.13382 0.13382 0.13382 0.13382 0.13382 0.133821 0.133821 0.133821 0.133821 0.133821 0.133821 0.133821 0.133821 0.133821 0.133821 0.13382 0.13382 0.13382 0.13382 0.13382 0.13382 0.13382 0.13382 0.13382 0.13382 0.13382 0.13382 0.13382 0.13382 0.13382 0.13382 0.13382 0.13382 0.13382 0.13382 0.13382 0.13382 0.13382 0.13382 0.13382 0.13382 0.13382 0.13382 0.13382 0.13382 0.13382 0.13382 0.13382 0.13382 0.133821 0.133825 0.133841 0.133892 0.134023 0.134313 0.134844 0.135656 0.136691 
0.130772 0.131807 0.132611 0.133156 0.133485 0.133663 0.133751 0.133792 0.133809 0.133816 0.133819 0.13382 0.13382 0.13382 0.13382 0.13382 0.13382 0.13382 0.13382 0.13382 0.13382 0.13382 0.13382 0.13382 0.13382 0.13382 0.13382 0.13382 0.13382 0.13382 0.13382 0.13382 0.13382 0.13382 0.13382 0.13382 0.13382 0.13382 0.13382 0.13382 0.13382 0.13382 0.133821 0.133821 0.133822 0.133823 0.133824 0.133824 0.133825 0.133825 0.133825 0.133825 0.133825 0.133825 0.133825 0.133825 0.133824 0.133823 0.133823 0.133822 0.133821 0.133821 0.13382 0.13382 0.13382 0.13382 0.13382 0.13382 0.13382 0.13382 0.13382 0.13382 0.13382 0.13382 0.13382 0.13382 0.13382 0.13382 0.13382 0.13382 0.13382 0.13382 0.13382 0.13382 0.13382 0.13382 0.13382 0.13382 0.13382 0.13382 0.13382 0.133821 0.133825 0.133841 0.133892 0.134023 0.134313 0.134844 0.135656 0.136691 
0.130772 0.131807 0.132611 0.133156 0.133485 0.133663 0.133751 0.133792 0.133809 0.133816 0.133819 0.13382 0.13382 0.13382 0.13382 0.13382 0.13382 0.13382 0.13382 0.13382 0.13382 0.13382 0.13382 0.13382 0.13382 0.13382 0.13382 0.13382 0.13382 0.13382 0.13382 0.13382 0.13382 0.13382 0.13382 0.13382 0.13382 0.13382 0.13382 0.133821 0.133822 0.133823 0.133826 0.133831 0.133836 0.133842 0.133847 0.13385 0.133852 0.133853 0.133854 0.133854 0.133854 0.133854 0.133853 0.133851 0.133847 0.133842 0.133836 0.133831 0.133827 0.133824 0.133822 0.133821 0.133821 0.13382 0.13382 0.13382 0.13382 0.13382 0.13382 0.13382 0.13382 0.13382 0.13382 0.13382 0.13382 0.13382 0.13382 0.13382 0.13382 0.13382 0.13382 0.13382 0.13382 0.13382 0.13382 0.13382 0.13382 0.13382 0.13382 0.133821 0.133825 0.133841 0.133892 0.134023 0.134313 0.134844 0.135656 0.136691 
0.130772 0.131807 0.132611 0.133156 0.133485 0.133663 0.133751 0.133792 0.133809 0.133816 0.133819 0.13382 0.13382 0.13382 0.13382 0.13382 0.13382 0.13382 0.13382 0.13382 0.13382 0.13382 0.13382 0.13382 0.13382 0.13382 0.13382 0.13382 0.13382 0.13382 0.13382 0.13382 0.13382 0.13382 0.13382 0.13382 0.13382 0.133821 0.133822 0.133826 0.133832 0.133843 0.133862 0.133888 0.133919 0.133949 0.133973 0.133989 0.133999 0.134004 0.134006 0.134007 0.134007 0.134005 0.134 0.133988 0.133966 0.133938 0.133908 0.133881 0.13386 0.133845 0.133834 0.133828 0.133824 0.133822 0.133821 0.13382 0.13382 0.13382 0.13382 0.13382 0.13382 0.13382 0.13382 0.13382 0.13382 0.13382 0.13382 0.13382 0.13382 0.13382 0.13382 0.13382 0.13382 0.13382 0.13382 0.13382 0.13382 0.13382 0.13382 0.133821 0.133825 0.133841 0.133892 0.134023 0.134313 0.134844 0.135656 0.136691 
0.130772 0.131807 0.132611 0.133156 0.133485 0.133663 0.133751 0.133792 0.133809 0.133816 0.133819 0.13382 0.13382 0.13382 0.13382 0.13382 0.13382 0.13382 0.13382 0.13382 0.13382 0.13382 0.13382 0.13382 0.13382 0.13382 0.13382 0.13382 0.13382 0.13382 0.13382 0.13382 0.13382 0.13382 0.13382 0.133821 0.133823 0.133828 0.133838 0.133859 0.133897 0.133959 0.134052 0.134176 0.134315 0.134446 0.134548 0.134616 0.134656 0.134676 0.134686 0.134689 0.134688 0.134678 0.134648 0.134586 0.134486 0.134358 0.134225 0.134106 0.134011 0.13394 0.133892 0.13386 0.133842 0.133831 0.133825 0.133822 0.133821 0.13382 0.13382 0.13382 0.13382 0.13382 0.13382 0.13382 0.13382 0.13382 0.13382 0.13382 0.13382 0.13382 0.13382 0.13382 0.13382 0.13382 0.13382 0.13382 0.13382 0.13382 0.13382 0.133821 0.133825 0.133841 0.133892 0.134023 0.134313 0.134844 0.135656 0.136691 
0.130772 0.131807 0.132611 0.133156 0.133485 0.133663 0.133751 0.133792 0.133809 0.133816 0.133819 0.13382 0.13382 0.13382 0.13382 0.13382 0.13382 0.13382 0.13382 0.13382 0.13382 0.13382 0.13382 0.13382 0.13382 0.13382 0.13382 0.13382 0.13382 0.13382 0.13382 0.13382 0.13382 0.133821 0.133822 0.133827 0.13384 0.13387 0.133931 0.134041 0.134224 0.134501 0.134891 0.135379 0.135904 0.136379 0.136741 0.13698 0.137118 0.137188 0.137221 0.137231 0.137221 0.137171 0.137041 0.136786 0.136393 0.13591 0.135413 0.134967 0.134603 0.134327 0.134131 0.134001 0.13392 0.133872 0.133846 0.133832 0.133825 0.133822 0.133821 0.13382 0.13382 0.13382 0.13382 0.13382 0.13382 0.13382 0.13382 0.13382 0.13382 0.13382 0.13382 0.13382 0.13382 0.13382 0.13382 0.13382 0.13382 0.13382 0.13382 0.133821 0.133825 0.133841 0.133892 0.134023 0.134313 0.134844 0.135656 0.136691 
0.130772 0.131807 0.132611 0.133156 0.133485 0.133663 0.133751 0.133792 0.133809 0.133816 0.133819 0.13382 0.13382 0.13382 0.13382 0.13382 0.13382 0.13382 0.13382 0.13382 0.13382 0.13382 0.13382 0.13382 0.13382 0.13382 0.13382 0.13382 0.13382 0.13382 0.13382 0.13382 0.133821 0.133825 0.133837 0.133869 0.133942 0.134093 0.134373 0.134844 0.135566 0.136593 0.137946 0.139548 0.141197 0.142642 0.143725 0.144428 0.14483 0.145036 0.145128 0.145151 0.145099 0.144902 0.144434 0.14357 0.142298 0.140767 0.139202 0.137781 0.136594 0.135669 0.134991 0.134524 0.134222 0.134038 0.133932 0.133874 0.133845 0.133831 0.133825 0.133822 0.133821 0.13382 0.13382 0.13382 0.13382 0.13382 0.13382 0.13382 0.13382 0.13382 0.13382 0.13382 0.13382 0.13382 0.13382 0.13382 0.13382 0.13382 0.13382 0.133821 0.133825 0.133841 0.133892 0.134023 0.134313 0.134844 0.135656 0.136691 
0.130772 0.131807 0.132611 0.133156 0.133485 0.133663 0.133751 0.133792 0.133809 0.133816 0.133819 0.13382 0.13382 0.13382 0.13382 0.13382 0.13382 0.13382 0.13382 0.13382 0.13382 0.13382 0.13382 0.13382 0.13382 0.13382 0.13382 0.13382 0.13382 0.13382 0.133821 0.133823 0.133831 0.133856 0.133924 0.134084 0.134417 0.135042 0.136105 0.137755 0.140115 0.143262 0.147159 0.15154 0.155868 0.159559 0.162274 0.164018 0.165009 0.165514 0.165734 0.165766 0.165572 0.164951 0.163575 0.161164 0.157731 0.153663 0.149493 0.14564 0.142334 0.13967 0.13765 0.136206 0.135233 0.134614 0.134242 0.134033 0.133922 0.133866 0.13384 0.133828 0.133823 0.133821 0.13382 0.13382 0.13382 0.13382 0.13382 0.13382 0.13382 0.13382 0.13382 0.13382 0.13382 0.13382 0.13382 0.13382 0.13382 0.13382 0.13382 0.133821 0.133825 0.133841 0.133892 0.134023 0.134313 0.134844 0.135656 0.136691 
0.130772 0.131807 0.132611 0.133156 0.133485 0.133663 0.133751 0.133792 0.133809 0.133816 0.133819 0.13382 0.13382 0.13382 0.13382 0.13382 0.13382 0.13382 0.13382 0.13382 0.13382 0.13382 0.13382 0.13382 0.13382 0.13382 0.13382 0.13382 0.13382 0.133821 0.133825 0.133841 0.133889 0.134019 0.13433 0.134987 0.136229 0.138354 0.141679 0.146466 0.152859 0.160853 0.170192 0.180182 0.189691 0.197593 0.203315 0.206955 0.209015 0.210058 0.210497 0.210506 0.209956 0.208377 0.205076 0.19952 0.191805 0.182724 0.173321 0.164422 0.156539 0.149954 0.144762 0.140895 0.138172 0.136361 0.135226 0.134558 0.134188 0.133994 0.133898 0.133853 0.133834 0.133825 0.133822 0.133821 0.13382 0.13382 0.13382 0.13382 0.13382 0.13382 0.13382 0.13382 0.13382 0.13382 0.13382 0.13382 0.13382 0.13382 0.13382 0.133821 0.133825 0.133841 0.133892 0.134023 0.134313 0.134844 0.135656 0.136691 
0.130772 0.131807 0.132611 0.133156 0.133485 0.133663 0.133751 0.133792 0.133809 0.133816 0.133819 0.13382 0.13382 0.13382 0.13382 0.13382 0.13382 0.13382 0.13382 0.13382 0.13382 0.13382 0.13382 0.13382 0.13382 0.13382 0.13382 0.13382 0.133822 0.133829 0.133856 0.13394 0.134168 0.134712 0.135874 0.13809 0.141903 0.147879 0.156503 0.168035 0.182426 0.199322 0.217975 0.237009 0.254497 0.268694 0.27883 0.285233 0.288846 0.290667 0.291402 0.291309 0.290086 0.286848 0.280378 0.269815 0.255366 0.238328 0.220363 0.202842 0.186745 0.172749 0.161232 0.152254 0.145623 0.140998 0.137962 0.136089 0.135 0.134403 0.134093 0.133941 0.133871 0.13384 0.133828 0.133823 0.133821 0.13382 0.13382 0.13382 0.13382 0.13382 0.13382 0.13382 0.13382 0.13382 0.13382 0.13382 0.13382 0.13382 0.13382 0.133821 0.133825 0.133841 0.133892 0.134023 0.134313 0.134844 0.135656 0.136691 
0.130772 0.131807 0.132611 0.133156 0.133485 0.133663 0.133751 0.133792 0.133809 0.133816 0.133819 0.13382 0.13382 0.13382 0.13382 0.13382 0.13382 0.13382 0.13382 0.13382 0.13382 0.13382 0.13382 0.13382 0.13382 0.13382 0.13382 0.133823 0.133833 0.133875 0.134009 0.134378 0.135256 0.137124 0.1407 0.146885 0.156596 0.170575 0.189209 0.212372 0.239403 0.269237 0.300398 0.330774 0.357763 0.379206 0.394334 0.403841 0.4092 0.411893 0.412936 0.412647 0.410503 0.405136 0.394769 0.37818 0.355608 0.328698 0.299585 0.270159 0.24199 0.216389 0.194298 0.176192 0.162117 0.151789 0.144663 0.140039 0.137208 0.13557 0.134676 0.134216 0.133993 0.133891 0.133848 0.13383 0.133824 0.133821 0.13382 0.13382 0.13382 0.13382 0.13382 0.13382 0.13382 0.13382 0.13382 0.13382 0.13382 0.13382 0.13382 0.133821 0.133825 0.133841 0.133892 0.134023 0.134313 0.134844 0.135656 0.136691 
0.130772 0.131807 0.132611 0.133156 0.133485 0.133663 0.133751 0.133792 0.133809 0.133816 0.133819 0.13382 0.13382 0.13382 0.13382 0.13382 0.13382 0.13382 0.13382 0.13382 0.13382 0.13382 0.13382 0.13382 0.13382 0.13382 0.133823 0.133836 0.133893 0.134086 0.134632 0.135951 0.138744 0.144052 0.153206 0.167588 0.188252 0.21562 0.249369 0.288409 0.331047 0.375323 0.41912 0.459954 0.495086 0.522442 0.541546 0.553513 0.560266 0.56366 0.564931 0.564427 0.561436 0.554228 0.540606 0.519017 0.48951 0.453637 0.413541 0.371318 0.329013 0.288636 0.251929 0.220159 0.194073 0.173875 0.15917 0.149083 0.142544 0.13854 0.13623 0.134979 0.134345 0.134044 0.13391 0.133854 0.133833 0.133824 0.133821 0.13382 0.13382 0.13382 0.13382 0.13382 0.13382 0.13382 0.13382 0.13382 0.13382 0.13382 0.13382 0.133821 0.133825 0.133841 0.133892 0.134023 0.134313 0.134844 0.135656 0.136691 
0.130772 0.131807 0.132611 0.133156 0.133485 0.133663 0.133751 0.133792 0.133809 0.133816 0.133819 0.13382 0.13382 0.13382 0.13382 0.13382 0.13382 0.13382 0.13382 0.13382 0.13382 0.13382 0.13382 0.13382 0.13382 0.133823 0.133838 0.133905 0.134148 0.134876 0.136698 0.140611 0.148012 0.160629 0.180281 0.208394 0.24543 0.290657 0.342339 0.398042 0.455046 0.510807 0.563104 0.609778 0.648693 0.678424 0.699001 0.711872 0.719157 0.722831 0.72419 0.723577 0.720226 0.712315 0.697524 0.67408 0.641607 0.601044 0.553933 0.502012 0.447334 0.392278 0.339299 0.290692 0.248411 0.213749 0.186995 0.16749 0.154037 0.14528 0.13993 0.136877 0.135255 0.134452 0.134083 0.133923 0.133858 0.133834 0.133825 0.133821 0.13382 0.13382 0.13382 0.13382 0.13382 0.13382 0.13382 0.13382 0.13382 0.13382 0.13382 0.133821 0.133825 0.133841 0.133892 0.134023 0.134313 0.134844 0.135656 0.136691 
0.130772 0.131807 0.132611 0.133156 0.133485 0.133663 0.133751 0.133792 0.133809 0.133816 0.133819 0.13382 0.13382 0.13382 0.13382 0.13382 0.13382 0.13382 0.13382 0.13382 0.13382 0.13382 0.13382 0.13382 0.133823 0.133836 0.133905 0.134172 0.135029 0.137296 0.142356 0.152087 0.168612 0.193974 0.229736 0.2764 0.332891 0.396655 0.464329 0.532427 0.597843 0.658225 0.711996 0.757972 0.795134 0.823 0.84213 0.85409 0.860892 0.864347 0.865639 0.865087 0.86202 0.854822 0.841379 0.819892 0.789513 0.750305 0.702788 0.647792 0.586686 0.521503 0.454863 0.389861 0.329789 0.27744 0.234377 0.200827 0.176089 0.158921 0.147791 0.141091 0.137357 0.135431 0.134509 0.134097 0.133926 0.133858 0.133833 0.133824 0.133821 0.13382 0.13382 0.13382 0.13382 0.13382 0.13382 0.13382 0.13382 0.13382 0.13382 0.133821 0.133825 0.133841 0.133892 0.134023 0.134313 0.134844 0.135656 0.136691 
0.130772 0.131807 0.132611 0.133156 0.133485 0.133663 0.133751 0.133792 0.133809 0.133816 0.133819 0.13382 0.13382 0.13382 0.13382 0.13382 0.13382 0.13382 0.13382 0.13382 0.13382 0.13382 0.13382 0.133822 0.133833 0.133893 0.134148 0.135029 0.137527 0.143436 0.155282 0.17581 0.207267 0.250907 0.306756 0.373354 0.447608 0.525301 0.602124 0.674496 0.739916 0.797027 0.845402 0.885064 0.916146 0.939016 0.954587 0.964322 0.96989 0.972748 0.973848 0.97347 0.971126 0.965589 0.955184 0.938311 0.913846 0.881107 0.839604 0.789038 0.729589 0.662208 0.588838 0.512598 0.437531 0.36768 0.306097 0.25456 0.213784 0.183542 0.162706 0.149458 0.141708 0.137533 0.135456 0.134498 0.134085 0.133918 0.133855 0.133832 0.133824 0.133821 0.13382 0.13382 0.13382 0.13382 0.13382 0.13382 0.13382 0.13382 0.13382 0.133821 0.133825 0.133841 0.133892 0.134023 0.134313 0.134844 0.135656 0.136691 
0.130772 0.131807 0.132611 0.133156 0.133485 0.133663 0.133751 0.133792 0.133809 0.133816 0.133819 0.13382 0.13382 0.13382 0.13382 0.13382 0.13382 0.13382 0.13382 0.13382 0.13382 0.13382 0.133821 0.133829 0.133875 0.134086 0.134876 0.137296 0.143436 0.156506 0.180193 0.217395 0.26912 0.334281 0.410208 0.49313 0.578472 0.661492 0.73824 0.806157 0.864096 0.912057 0.950774 0.981242 1.00439 1.02109 1.03236 1.0394 1.04345 1.04556 1.0464 1.04621 1.04468 1.041 1.03401 1.02247 1.00527 0.981358 0.949622 0.908871 0.858101 0.796871 0.725792 0.646999 0.564085 0.481297 0.402654 0.331657 0.27121 0.223208 0.188013 0.164352 0.149802 0.141607 0.137363 0.135331 0.134427 0.13405 0.133903 0.133849 0.133829 0.133823 0.133821 0.13382 0.13382 0.13382 0.13382 0.13382 0.13382 0.13382 0.13382 0.133821 0.133825 0.133841 0.133892 0.134023 0.134313 0.134844 0.135656 0.136691 
0.130772 0.131807 0.132611 0.133156 0.133485 0.133663 0.133751 0.133792 0.133809 0.133816 0.133819 0.13382 0.13382 0.13382 0.13382 0.13382 0.13382 0.13382 0.13382 0.13382 0.13382 0.133821 0.133825 0.133856 0.134009 0.134632 0.136698 0.142356 0.155282 0.180193 0.221232 0.279973 0.354498 0.4402 0.531495 0.62305 0.710201 0.789223 0.857743 0.914895 0.961053 0.997378 1.02538 1.04655 1.06214 1.07316 1.08052 1.08511 1.08776 1.08916 1.08975 1.08968 1.08881 1.08666 1.08252 1.07554 1.06482 1.04934 1.02785 0.998752 0.960339 0.911056 0.85007 0.777856 0.696364 0.608631 0.518424 0.430282 0.349349 0.280426 0.226581 0.188249 0.163429 0.148779 0.140861 0.13692 0.135102 0.134321 0.134005 0.133885 0.133842 0.133827 0.133822 0.133821 0.13382 0.13382 0.13382 0.13382 0.13382 0.13382 0.13382 0.133821 0.133825 0.133841 0.133892 0.134023 0.134313 0.134844 0.135656 0.136691 
0.130772 0.131807 0.132611 0.133156 0.133485 0.133663 0.133751 0.133792 0.133809 0.133816 0.133819 0.13382 0.13382 0.13382 0.13382 0.13382 0.13382 0.13382 0.13382 0.13382 0.13382 0.133823 0.133841 0.13394 0.134378 0.135951 0.140611 0.152087 0.17581 0.217395 0.279973 0.362041 0.457589 0.558471 0.65719 0.748383 0.828818 0.896909 0.952414 0.996174 1.02973 1.05489 1.07346 1.08695 1.09658 1.10324 1.10763 1.11036 1.11195 1.1128 1.11317 1.11317 1.11273 1.11161 1.1094 1.10561 1.09961 1.09063 1.07757 1.05897 1.03298 0.997554 0.950842 0.89167 0.819804 0.736014 0.642417 0.54318 0.444752 0.354755 0.279748 0.22311 0.184399 0.160382 0.146789 0.139729 0.136344 0.134835 0.134206 0.133959 0.133868 0.133836 0.133825 0.133822 0.13382 0.13382 0.13382 0.13382 0.13382 0.13382 0.13382 0.133821 0.133825 0.133841 0.133892 0.134023 0.134313 0.134844 0.135656 0.136691 
0.130772 0.131807 0.132611 0.133156 0.133485 0.133663 0.133751 0.133792 0.133809 0.133816 0.133819 0.13382 0.13382 0.13382 0.13382 0.13382 0.13382 0.13382 0.13382 0.13382 0.133821 0.133831 0.133889 0.134168 0.135256 0.138744 0.148012 0.168612 0.207267 0.26912 0.354498 0.457589 0.56835 0.67635 0.773957 0.857326 0.925587 0.97958 1.021 1.05191 1.07446 1.09061 1.10203 1.11002 1.11554 1.11927 1.12169 1.1232 1.12407 1.12455 1.12476 1.12478 1.12458 1.12405 1.12299 1.12111 1.11806 1.11332 1.10614 1.09538 1.07951 1.05656 1.02432 0.980554 0.923131 0.850336 0.761731 0.659618 0.550113 0.442541 0.346779 0.26991 0.214272 0.177846 0.156172 0.144384 0.138487 0.135755 0.134577 0.134101 0.133919 0.133853 0.133831 0.133823 0.133821 0.13382 0.13382 0.13382 0.13382 0.13382 0.13382 0.133821 0.133825 0.133841 0.133892 0.134023 0.134313 0.134844 0.135656 0.136691 
0.130772 0.131807 0.132611 0.133156 0.133485 0.133663 0.133751 0.133792 0.133809 0.133816 0.133819 0.13382 0.13382 0.13382 0.13382 0.13382 0.13382 0.13382 0.13382 0.133821 0.133825 0.133856 0.134019 0.134712 0.137124 0.144052 0.160629 0.193974 0.250907 0.334281 0.4402 0.558471 0.67635 0.783123 0.872754 0.943853 0.998016 1.03806 1.06696 1.08739 1.10157 1.11129 1.11787 1.12231 1.12528 1.12724 1.12849 1.12927 1.12972 1.12996 1.13007 1.13009 1.13001 1.12978 1.12931 1.12846 1.12703 1.12474 1.12112 1.11544 1.10661 1.09308 1.07284 1.04329 1.00126 0.943108 0.865824 0.768949 0.656638 0.538066 0.425151 0.328514 0.254153 0.202569 0.170177 0.151668 0.141985 0.137316 0.135228 0.134356 0.134013 0.133887 0.133842 0.133827 0.133822 0.133821 0.13382 0.13382 0.13382 0.13382 0.13382 0.133821 0.133825 0.133841 0.133892 0.134023 0.134313 0.134844 0.135656 0.136691 
0.130772 0.131807 0.132611 0.133156 0.133485 0.133663 0.133751 0.133792 0.133809 0.133816 0.133819 0.13382 0.13382 0.13382 0.13382 0.13382 0.13382 0.13382 0.13382 0.133822 0.133837 0.133924 0.13433 0.135874 0.1407 0.153206 0.180281 0.229736 0.306756 0.410208 0.531495 0.65719 0.773957 0.872754 0.950241 1.00762 1.04841 1.07663 1.09577 1.10857 1.11702 1.12255 1.12615 1.12849 1.13 1.13097 1.13159 1.13196 1.13218 1.13229 1.13235 1.13237 1.13234 1.13224 1.13205 1.13169 1.13107 1.13005 1.12836 1.1256 1.12108 1.11376 1.10206 1.08365 1.05512 1.01193 0.949207 0.86376 0.756745 0.635268 0.51125 0.397699 0.304454 0.235673 0.189962 0.162461 0.147393 0.139822 0.136309 0.134792 0.13418 0.133947 0.133863 0.133834 0.133824 0.133821 0.13382 0.13382 0.13382 0.13382 0.13382 0.133821 0.133825 0.133841 0.133892 0.134023 0.134313 0.134844 0.135656 0.136691 
0.130772 0.131807 0.132611 0.133156 0.133485 0.133663 0.133751 0.133792 0.133809 0.133816 0.133819 0.13382 0.13382 0.13382 0.13382 0.13382 0.13382 0.13382 0.133821 0.133827 0.133869 0.134084 0.134987 0.13809 0.146885 0.167588 0.208394 0.2764 0.373354 0.49313 0.62305 0.748383 0.857326 0.943853 1.00762 1.05194 1.08148 1.10062 1.11283 1.12053 1.12536 1.12838 1.13026 1.13144 1.13218 1.13264 1.13292 1.13309 1.13319 1.13324 1.13327 1.13328 1.13327 1.13323 1.13316 1.13302 1.13277 1.13234 1.13161 1.13036 1.12822 1.12454 1.11825 1.10754 1.08937 1.05925 1.01149 0.940901 0.845451 0.728817 0.600826 0.475058 0.364525 0.277636 0.216418 0.177598 0.155306 0.143629 0.138007 0.135499 0.134456 0.134049 0.133898 0.133846 0.133828 0.133822 0.133821 0.13382 0.13382 0.13382 0.13382 0.133821 0.133825 0.133841 0.133892 0.134023 0.134313 0.134844 0.135656 0.136691 
0.130772 0.131807 0.132611 0.133156 0.133485 0.133663 0.133751 0.133792 0.133809 0.133816 0.133819 0.13382 0.13382 0.13382 0.13382 0.13382 0.13382 0.13382 0.133823 0.13384 0.133942 0.134417 0.136229 0.141903 0.156596 0.188252 0.24543 0.332891 0.447608 0.578472 0.710201 0.828818 0.925587 0.998016 1.04841 1.08148 1.10224 1.11489 1.12248 1.127 1.12967 1.13127 1.13222 1.13279 1.13313 1.13334 1.13347 1.13354 1.13359 1.13361 1.13362 1.13363 1.13362 1.13361 1.13359 1.13353 1.13344 1.13327 1.13297 1.13245 1.13149 1.12977 1.12659 1.1207 1.10975 1.08987 1.05552 1.00052 0.920204 0.814369 0.689238 0.557001 0.432437 0.327977 0.249904 0.197698 0.16627 0.149107 0.140534 0.136583 0.134892 0.134214 0.133958 0.133866 0.133835 0.133825 0.133821 0.13382 0.13382 0.13382 0.13382 0.133821 0.133825 0.133841 0.133892 0.134023 0.134313 0.134844 0.135656 0.136691 
0.130772 0.131807 0.132611 0.133156 0.133485 0.133663 0.133751 0.133792 0.133809 0.133816 0.133819 0.13382 0.13382 0.13382 0.13382 0.13382 0.13382 0.133821 0.133828 0.13387 0.134093 0.135042 0.138354 0.147879 0.170575 0.21562 0.290657 0.396655 0.525301 0.661492 0.789223 0.896909 0.97958 1.03806 1.07663 1.10062 1.11489 1.12311 1.12776 1.13036 1.13182 1.13265 1.13311 1.13338 1.13354 1.13363 1.13369 1.13372 1.13374 1.13375 1.13375 1.13375 1.13375 1.13375 1.13374 1.13372 1.13369 1.13362 1.13351 1.1333 1.1329 1.13214 1.13061 1.12753 1.12124 1.10874 1.08526 1.04454 0.980261 0.888765 0.772048 0.639291 0.505206 0.385232 0.290096 0.223011 0.18068 0.156584 0.144099 0.138159 0.135542 0.134466 0.13405 0.133898 0.133845 0.133828 0.133822 0.133821 0.13382 0.13382 0.13382 0.133821 0.133825 0.133841 0.133892 0.134023 0.134313 0.134844 0.135656 0.136691 
0.130772 0.131807 0.132611 0.133156 0.133485 0.133663 0.133751 0.133792 0.133809 0.133816 0.133819 0.13382 0.13382 0.13382 0.13382 0.13382 0.13382 0.133822 0.133838 0.133931 0.134373 0.136105 0.141679 0.156503 0.189209 0.249369 0.342339 0.464329 0.602124 0.73824 0.857743 0.952414 1.021 1.06696 1.09577 1.11283 1.12248 1.12776 1.13058 1.13207 1.13286 1.13329 1.13351 1.13364 1.13371 1.13375 1.13377 1.13378 1.13379 1.1338 1.1338 1.1338 1.1338 1.1338 1.13379 1.13379 1.13378 1.13375 1.13371 1.13363 1.13348 1.13315 1.13245 1.1309 1.12743 1.11991 1.10454 1.07567 1.02634 0.95041 0.845867 0.7179 0.579364 0.447151 0.33596 0.253311 0.198674 0.166276 0.148877 0.140334 0.136463 0.134831 0.134187 0.133947 0.133862 0.133833 0.133824 0.133821 0.13382 0.13382 0.13382 0.133821 0.133825 0.133841 0.133892 0.134023 0.134313 0.134844 0.135656 0.136691 
0.130772 0.131807 0.132611 0.133156 0.133485 0.133663 0.133751 0.133792 0.133809 0.133816 0.133819 0.13382 0.13382 0.13382 0.13382 0.13382 0.133821 0.133826 0.133859 0.134041 0.134844 0.137755 0.146466 0.168035 0.212372 0.288409 0.398042 0.532427 0.674496 0.806157 0.914895 0.996174 1.05191 1.08739 1.10857 1.12053 1.127 1.13036 1.13207 1.13293 1.13336 1.13358 1.13369 1.13375 1.13378 1.13379 1.1338 1.13381 1.13381 1.13381 1.13381 1.13381 1.13381 1.13381 1.13381 1.13381 1.13381 1.1338 1.13378 1.13376 1.1337 1.13356 1.13326 1.1325 1.13066 1.12628 1.11658 1.09681 1.06022 0.999298 0.908787 0.789637 0.651496 0.511016 0.385844 0.287868 0.220076 0.178236 0.154968 0.143187 0.137703 0.135335 0.13438 0.134017 0.133886 0.133841 0.133827 0.133822 0.133821 0.13382 0.13382 0.133821 0.133825 0.133841 0.133892 0.134023 0.134313 0.134844 0.135656 0.136691 
0.130772 0.131807 0.132611 0.133156 0.133485 0.133663 0.133751 0.133792 0.133809 0.133816 0.133819 0.13382 0.13382 0.13382 0.13382 0.13382 0.133822 0.133832 0.133897 0.134224 0.135566 0.140115 0.152859 0.182426 0.239403 0.331047 0.455046 0.597843 0.739916 0.864096 0.961053 1.02973 1.07446 1.10157 1.11702 1.12536 1.12967 1.13182 1.13286 1.13336 1.1336 1.13371 1.13376 1.13379 1.1338 1.13381 1.13381 1.13382 1.13382 1.13382 1.13382 1.13382 1.13382 1.13382 1.13382 1.13382 1.13382 1.13381 1.13381 1.1338 1.13378 1.13373 1.13359 1.13324 1.13228 1.12982 1.12386 1.11067 1.08422 1.03659 0.960293 0.852421 0.71871 0.574073 0.437752 0.325548 0.244391 0.192325 0.162374 0.146754 0.139292 0.135995 0.134637 0.134112 0.133919 0.133852 0.13383 0.133823 0.133821 0.13382 0.13382 0.133821 0.133825 0.133841 0.133892 0.134023 0.134313 0.134844 0.135656 0.136691 
0.130772 0.131807 0.132611 0.133156 0.133485 0.133663 0.133751 0.133792 0.133809 0.133816 0.133819 0.13382 0.13382 0.13382 0.13382 0.13382 0.133823 0.133843 0.133959 0.134501 0.136593 0.143262 0.160853 0.199322 0.269237 0.375323 0.510807 0.658225 0.797027 0.912057 0.997378 1.05489 1.09061 1.11129 1.12255 1.12838 1.13127 1.13265 1.13329 1.13358 1.13371 1.13377 1.13379 1.13381 1.13381 1.13382 1.13382 1.13382 1.13382 1.13382 1.13382 1.13382 1.13382 1.13382 1.13382 1.13382 1.13382 1.13382 1.13382 1.13381 1.13381 1.13379 1.13373 1.13357 1.13308 1.13172 1.12813 1.11948 1.10068 1.06409 1.001 0.905418 0.779058 0.633993 0.489652 0.364946 0.270823 0.208165 0.170949 0.150994 0.141225 0.136815 0.134963 0.134234 0.133963 0.133867 0.133835 0.133825 0.133821 0.13382 0.13382 0.133821 0.133825 0.133841 0.133892 0.134023 0.134313 0.134844 0.135656 0.136691 
0.130772 0.131807 0.132611 0.133156 0.133485 0.133663 0.133751 0.133792 0.133809 0.133816 0.133819 0.13382 0.13382 0.13382 0.13382 0.133821 0.133826 0.133862 0.134052 0.134891 0.137946 0.147159 0.170192 0.217975 0.300398 0.41912 0.563104 0.711996 0.845402 0.950774 1.02538 1.07346 1.10203 1.11787 1.12615 1.13026 1.13222 1.13311 1.13351 1.13369 1.13376 1.13379 1.13381 1.13381 1.13382 1.13382 1.13382 1.13382 1.13382 1.13382 1.13382 1.13382 1.13382 1.13382 1.13382 1.13382 1.13382 1.13382 1.13382 1.13382 1.13382 1.13381 1.13379 1.13371 1.13347 1.13272 1.13057 1.12494 1.11168 1.08384 1.03231 0.948883 0.831554 0.688937 0.539488 0.40431 0.298151 0.225034 0.180322 0.155735 0.143432 0.137769 0.135349 0.134381 0.134016 0.133885 0.133841 0.133826 0.133822 0.133821 0.13382 0.133821 0.133825 0.133841 0.133892 0.134023 0.134313 0.134844 0.135656 0.136691 
0.130772 0.131807 0.132611 0.133156 0.133485 0.133663 0.133751 0.133792 0.133809 0.133816 0.133819 0.13382 0.13382 0.13382 0.13382 0.133821 0.133831 0.133888 0.134176 0.135379 0.139548 0.15154 0.180182 0.237009 0.330774 0.459954 0.609778 0.757972 0.885064 0.981242 1.04655 1.08695 1.11002 1.12231 1.12849 1.13144 1.13279 1.13338 1.13364 1.13375 1.13379 1.13381 1.13381 1.13382 1.13382 1.13382 1.13382 1.13382 1.13382 1.13382 1.13382 1.13382 1.13382 1.13382 1.13382 1.13382 1.13382 1.13382 1.13382 1.13382 1.13382 1.13382 1.13381 1.13377 1.13365 1.13324 1.13195 1.12828 1.11892 1.09778 1.05588 0.983556 0.875624 0.737142 0.584894 0.441357 0.324606 0.241778 0.189836 0.160649 0.145763 0.138795 0.135771 0.134544 0.134076 0.133906 0.133848 0.133829 0.133823 0.133821 0.13382 0.133821 0.133825 0.133841 0.133892 0.134023 0.134313 0.134844 0.135656 0.136691 
0.130772 0.131807 0.132611 0.133156 0.133485 0.133663 0.133751 0.133792 0.133809 0.133816 0.133819 0.13382 0.13382 0.13382 0.13382 0.133822 0.133836 0.133919 0.134315 0.135904 0.141197 0.155868 0.189691 0.254497 0.357763 0.495086 0.648693 0.795134 0.916146 1.00439 1.06214 1.09658 1.11554 1.12528 1.13 1.13218 1.13313 1.13354 1.13371 1.13378 1.1338 1.13381 1.13382 1.13382 1.13382 1.13382 1.13382 1.13382 1.13382 1.13382 1.13382 1.13382 1.13382 1.13382 1.13382 1.13382 1.13382 1.13382 1.13382 1.13382 1.13382 1.13382 1.13381 1.1338 1.13374 1.13351 1.13273 1.1303 1.12362 1.10742 1.07309 1.01008 0.910684 0.776792 0.623331 0.473527 0.348116 0.256979 0.19865 0.165288 0.148004 0.139798 0.136191 0.13471 0.134138 0.133928 0.133855 0.133831 0.133823 0.133821 0.13382 0.133821 0.133825 0.133841 0.133892 0.134023 0.134313 0.134844 0.135656 0.136691 
0.130772 0.131807 0.132611 0.133156 0.133485 0.133663 0.133751 0.133792 0.133809 0.133816 0.133819 0.13382 0.13382 0.13382 0.13382 0.133823 0.133842 0.133949 0.134446 0.136379 0.142642 0.159559 0.197593 0.268694 0.379206 0.522442 0.678424 0.823 0.939016 1.02109 1.07316 1.10324 1.11927 1.12724 1.13097 1.13264 1.13334 1.13363 1.13375 1.13379 1.13381 1.13382 1.13382 1.13382 1.13382 1.13382 1.13382 1.13382 1.13382 1.13382 1.13382 1.13382 1.13382 1.13382 1.13382 1.13382 1.13382 1.13382 1.13382 1.13382 1.13382 1.13382 1.13382 1.13381 1.13378 1.13365 1.13316 1.13151 1.12661 1.11384 1.08501 1.02907 0.936506 0.806713 0.652985 0.498869 0.367011 0.269439 0.206013 0.169236 0.149947 0.140683 0.136568 0.134861 0.134195 0.133949 0.133863 0.133834 0.133824 0.133821 0.133821 0.133821 0.133825 0.133841 0.133892 0.134023 0.134313 0.134844 0.135656 0.136691 
