0.761045 0.761502 0.761939 0.762347 0.762717 0.763045 0.763328 0.763567 0.763763 0.76392 0.764044 0.764138 0.764209 0.76426 0.764297 0.764323 0.764341 0.764353 0.764361 0.764366 0.764369 0.764371 0.764373 0.764374 0.764374 0.764374 0.764375 0.764375 0.764375 0.764376 0.764376 0.764377 0.764378 0.764379 0.76438 0.764381 0.764383 0.764385 0.764387 0.764389 0.764392 0.764394 0.764397 0.7644 0.764402 0.764405 0.764407 0.764409 0.76441 0.764411 0.764412 0.764413 0.764412 0.764412 0.764411 0.76441 0.764408 0.764406 0.764403 0.764401 0.764398 0.764396 0.764393 0.764391 0.764389 0.764386 0.764384 0.764383 0.764381 0.76438 0.764379 0.764378 0.764377 0.764376 0.764376 0.764376 0.764375 0.764375 0.764376 0.764376 0.764378 0.76438 0.764384 0.764392 0.764404 0.764422 0.764451 0.764494 0.764555 0.76464 0.764754 0.764905 0.765096 0.765333 0.765616 0.765946 0.766319 0.76673 0.767169 0.767625 
0.761502 0.761958 0.762395 0.762802 0.763172 0.7635 0.763784 0.764022 0.764218 0.764376 0.764499 0.764593 0.764664 0.764716 0.764753 0.764779 0.764797 0.764809 0.764816 0.764822 0.764825 0.764827 0.764828 0.764829 0.764829 0.76483 0.76483 0.76483 0.76483 0.764831 0.764831 0.764831 0.764832 0.764833 0.764834 0.764835 0.764836 0.764837 0.764839 0.764841 0.764843 0.764845 0.764847 0.764849 0.764851 0.764853 0.764855 0.764856 0.764858 0.764859 0.764859 0.76486 0.76486 0.764859 0.764858 0.764857 0.764856 0.764854 0.764852 0.76485 0.764848 0.764846 0.764844 0.764842 0.76484 0.764839 0.764837 0.764836 0.764835 0.764834 0.764833 0.764832 0.764832 0.764831 0.764831 0.764831 0.764831 0.764831 0.764831 0.764832 0.764833 0.764835 0.76484 0.764847 0.764859 0.764878 0.764907 0.764949 0.76501 0.765095 0.76521 0.765361 0.765552 0.765788 0.766072 0.766401 0.766775 0.767185 0.767624 0.76808 
0.761939 0.762395 0.762831 0.763239 0.763609 0.763937 0.76422 0.764458 0.764654 0.764812 0.764935 0.765029 0.7651 0.765152 0.765189 0.765215 0.765233 0.765245 0.765253 0.765258 0.765261 0.765263 0.765264 0.765265 0.765266 0.765266 0.765266 0.765266 0.765267 0.765267 0.765267 0.765268 0.765268 0.765269 0.76527 0.765271 0.765273 0.765274 0.765276 0.765278 0.765281 0.765283 0.765286 0.765288 0.765291 0.765293 0.765295 0.765297 0.765299 0.7653 0.765301 0.765301 0.765301 0.765301 0.7653 0.765298 0.765297 0.765294 0.765292 0.76529 0.765287 0.765285 0.765282 0.76528 0.765278 0.765276 0.765274 0.765273 0.765271 0.76527 0.765269 0.765268 0.765268 0.765267 0.765267 0.765267 0.765267 0.765267 0.765267 0.765268 0.765269 0.765272 0.765276 0.765283 0.765295 0.765314 0.765343 0.765386 0.765447 0.765532 0.765647 0.765797 0.765989 0.766225 0.766508 0.766838 0.767211 0.767621 0.76806 0.768515 
0.762347 0.762802 0.763239 0.763646 0.764016 0.764344 0.764627 0.764865 0.765061 0.765219 0.765342 0.765436 0.765507 0.765559 0.765596 0.765622 0.76564 0.765652 0.76566 0.765665 0.765668 0.76567 0.765672 0.765672 0.765673 0.765673 0.765673 0.765674 0.765674 0.765674 0.765675 0.765676 0.765677 0.765678 0.765679 0.765681 0.765684 0.765687 0.76569 0.765693 0.765697 0.765701 0.765706 0.76571 0.765714 0.765718 0.765722 0.765725 0.765728 0.76573 0.765731 0.765732 0.765731 0.76573 0.765728 0.765726 0.765723 0.76572 0.765716 0.765712 0.765707 0.765703 0.765699 0.765695 0.765692 0.765688 0.765686 0.765683 0.765681 0.765679 0.765678 0.765677 0.765676 0.765675 0.765675 0.765674 0.765674 0.765674 0.765674 0.765675 0.765676 0.765679 0.765683 0.765691 0.765703 0.765721 0.76575 0.765793 0.765854 0.765939 0.766054 0.766205 0.766396 0.766632 0.766915 0.767245 0.767618 0.768028 0.768466 0.768922 
0.762717 0.763172 0.763609 0.764016 0.764386 0.764714 0.764997 0.765235 0.765431 0.765588 0.765712 0.765806 0.765877 0.765929 0.765966 0.765992 0.76601 0.766022 0.76603 0.766035 0.766038 0.76604 0.766042 0.766042 0.766043 0.766043 0.766044 0.766044 0.766045 0.766046 0.766047 0.766048 0.76605 0.766053 0.766056 0.766059 0.766064 0.766069 0.766076 0.766082 0.76609 0.766098 0.766106 0.766114 0.766122 0.766129 0.766136 0.766142 0.766147 0.76615 0.766152 0.766153 0.766152 0.76615 0.766147 0.766142 0.766137 0.76613 0.766123 0.766115 0.766107 0.766099 0.766092 0.766084 0.766078 0.766072 0.766066 0.766062 0.766058 0.766055 0.766052 0.76605 0.766048 0.766047 0.766046 0.766045 0.766045 0.766045 0.766045 0.766045 0.766047 0.766049 0.766053 0.766061 0.766073 0.766092 0.76612 0.766163 0.766224 0.766309 0.766424 0.766575 0.766766 0.767003 0.767286 0.767615 0.767988 0.768398 0.768836 0.769292 
0.763045 0.7635 0.763937 0.764344 0.764714 0.765041 0.765324 0.765563 0.765759 0.765916 0.766039 0.766134 0.766205 0.766257 0.766294 0.76632 0.766338 0.76635 0.766358 0.766363 0.766366 0.766368 0.76637 0.766371 0.766371 0.766372 0.766373 0.766373 0.766375 0.766376 0.766378 0.766381 0.766385 0.76639 0.766396 0.766404 0.766413 0.766424 0.766436 0.766449 0.766463 0.766479 0.766494 0.76651 0.766524 0.766538 0.766551 0.766562 0.766571 0.766577 0.766581 0.766582 0.766581 0.766576 0.76657 0.766561 0.76655 0.766537 0.766523 0.766508 0.766493 0.766478 0.766464 0.76645 0.766437 0.766426 0.766416 0.766407 0.766399 0.766393 0.766388 0.766384 0.766381 0.766378 0.766376 0.766375 0.766374 0.766373 0.766373 0.766374 0.766375 0.766377 0.766381 0.766389 0.766401 0.76642 0.766449 0.766491 0.766552 0.766638 0.766753 0.766903 0.767095 0.767331 0.767614 0.767944 0.768316 0.768726 0.769164 0.769619 
0.763328 0.763784 0.76422 0.764627 0.764997 0.765324 0.765607 0.765846 0.766042 0.766199 0.766323 0.766417 0.766488 0.76654 0.766577 0.766603 0.766621 0.766633 0.766641 0.766646 0.76665 0.766652 0.766653 0.766654 0.766655 0.766656 0.766657 0.766659 0.766662 0.766665 0.766669 0.766676 0.766683 0.766693 0.766706 0.766721 0.766738 0.766759 0.766782 0.766807 0.766834 0.766863 0.766892 0.766921 0.766949 0.766974 0.766998 0.767017 0.767033 0.767044 0.767051 0.767053 0.767049 0.767041 0.767029 0.767011 0.766991 0.766967 0.766941 0.766913 0.766885 0.766857 0.76683 0.766804 0.76678 0.766758 0.766739 0.766722 0.766708 0.766696 0.766687 0.766679 0.766673 0.766668 0.766664 0.766661 0.766659 0.766658 0.766658 0.766658 0.766659 0.766661 0.766665 0.766672 0.766684 0.766703 0.766732 0.766775 0.766836 0.766921 0.767036 0.767187 0.767378 0.767614 0.767898 0.768227 0.7686 0.76901 0.769447 0.769903 
0.763567 0.764022 0.764458 0.764865 0.765235 0.765563 0.765846 0.766084 0.76628 0.766438 0.766561 0.766656 0.766727 0.766778 0.766816 0.766842 0.76686 0.766872 0.76688 0.766885 0.766889 0.766891 0.766893 0.766894 0.766895 0.766897 0.7669 0.766903 0.766908 0.766915 0.766924 0.766936 0.766951 0.76697 0.766994 0.767023 0.767056 0.767095 0.767138 0.767185 0.767235 0.767287 0.76734 0.767393 0.767443 0.767489 0.76753 0.767565 0.767593 0.767613 0.767624 0.767626 0.76762 0.767604 0.76758 0.767549 0.767511 0.767468 0.76742 0.76737 0.767319 0.767267 0.767218 0.76717 0.767127 0.767087 0.767051 0.767021 0.766994 0.766972 0.766954 0.766939 0.766928 0.766919 0.766912 0.766906 0.766903 0.7669 0.766898 0.766898 0.766898 0.7669 0.766904 0.766911 0.766923 0.766942 0.766971 0.767014 0.767075 0.76716 0.767275 0.767426 0.767617 0.767853 0.768137 0.768466 0.768839 0.769249 0.769686 0.770142 
0.763763 0.764218 0.764654 0.765061 0.765431 0.765759 0.766042 0.76628 0.766476 0.766634 0.766757 0.766852 0.766923 0.766975 0.767012 0.767038 0.767056 0.767068 0.767076 0.767082 0.767085 0.767088 0.76709 0.767092 0.767095 0.767098 0.767103 0.76711 0.76712 0.767133 0.76715 0.767173 0.767202 0.767238 0.767283 0.767336 0.767397 0.767468 0.767546 0.767631 0.767721 0.767814 0.767908 0.768 0.768087 0.768168 0.76824 0.7683 0.768348 0.768381 0.768399 0.768402 0.768389 0.76836 0.768317 0.768262 0.768194 0.768117 0.768033 0.767944 0.767853 0.767762 0.767674 0.76759 0.767512 0.767441 0.767378 0.767322 0.767275 0.767235 0.767202 0.767175 0.767154 0.767137 0.767124 0.767114 0.767107 0.767102 0.767099 0.767097 0.767096 0.767098 0.767101 0.767108 0.76712 0.767139 0.767167 0.76721 0.767271 0.767357 0.767472 0.767622 0.767814 0.76805 0.768333 0.768663 0.769036 0.769445 0.769883 0.770338 
0.76392 0.764376 0.764812 0.765219 0.765588 0.765916 0.766199 0.766438 0.766634 0.766791 0.766915 0.767009 0.76708 0.767132 0.76717 0.767196 0.767214 0.767226 0.767234 0.76724 0.767244 0.767247 0.76725 0.767254 0.767258 0.767265 0.767274 0.767288 0.767306 0.767331 0.767364 0.767406 0.76746 0.767527 0.767607 0.767702 0.767812 0.767936 0.768074 0.768222 0.768379 0.768539 0.7687 0.768858 0.769007 0.769143 0.769264 0.769365 0.769443 0.769498 0.769526 0.769529 0.769504 0.769454 0.76938 0.769283 0.769167 0.769035 0.76889 0.768737 0.768581 0.768425 0.768272 0.768127 0.767992 0.767869 0.767758 0.767661 0.767578 0.767508 0.767449 0.767402 0.767363 0.767333 0.76731 0.767293 0.76728 0.76727 0.767264 0.767259 0.767257 0.767258 0.76726 0.767267 0.767278 0.767297 0.767325 0.767368 0.767429 0.767514 0.76763 0.76778 0.767972 0.768208 0.768491 0.768821 0.769194 0.769603 0.770041 0.770496 
0.764044 0.764499 0.764935 0.765342 0.765712 0.766039 0.766323 0.766561 0.766757 0.766915 0.767038 0.767133 0.767204 0.767256 0.767293 0.76732 0.767338 0.76735 0.767359 0.767365 0.767369 0.767373 0.767378 0.767385 0.767393 0.767406 0.767424 0.767449 0.767483 0.767529 0.767589 0.767665 0.767761 0.767879 0.768021 0.768187 0.768377 0.768591 0.768825 0.769077 0.76934 0.76961 0.769878 0.770139 0.770385 0.770609 0.770805 0.770969 0.771096 0.771182 0.771226 0.771226 0.771183 0.771098 0.770972 0.77081 0.770616 0.770395 0.770154 0.769899 0.769638 0.769376 0.769121 0.768877 0.76865 0.768441 0.768254 0.76809 0.767947 0.767826 0.767726 0.767643 0.767577 0.767524 0.767484 0.767452 0.767429 0.767412 0.7674 0.767392 0.767387 0.767385 0.767387 0.767392 0.767403 0.767421 0.767449 0.767492 0.767553 0.767638 0.767753 0.767904 0.768096 0.768332 0.768615 0.768945 0.769318 0.769727 0.770165 0.770621 
0.764138 0.764593 0.765029 0.765436 0.765806 0.766134 0.766417 0.766656 0.766852 0.767009 0.767133 0.767228 0.767299 0.767351 0.767388 0.767414 0.767433 0.767445 0.767454 0.767461 0.767467 0.767474 0.767482 0.767493 0.767509 0.767533 0.767565 0.767611 0.767673 0.767754 0.76786 0.767995 0.768162 0.768365 0.768606 0.768887 0.769207 0.769564 0.769952 0.770365 0.770796 0.771234 0.771668 0.772087 0.772481 0.772838 0.773149 0.773407 0.773605 0.773739 0.773804 0.773799 0.773726 0.773584 0.773379 0.773116 0.772801 0.772443 0.772053 0.77164 0.771216 0.770791 0.770376 0.769978 0.769605 0.769262 0.768954 0.768681 0.768444 0.768242 0.768073 0.767934 0.767821 0.767732 0.767662 0.767608 0.767568 0.767538 0.767516 0.767501 0.767492 0.767487 0.767486 0.76749 0.767499 0.767517 0.767545 0.767587 0.767648 0.767733 0.767848 0.767999 0.768191 0.768427 0.76871 0.76904 0.769413 0.769823 0.770261 0.770716 
0.764209 0.764664 0.7651 0.765507 0.765877 0.766205 0.766488 0.766727 0.766923 0.76708 0.767204 0.767299 0.76737 0.767422 0.767459 0.767486 0.767504 0.767518 0.767528 0.767536 0.767544 0.767555 0.767569 0.767589 0.767619 0.767661 0.767719 0.7678 0.767908 0.76805 0.768232 0.768461 0.768743 0.769082 0.769482 0.769944 0.770465 0.771042 0.771666 0.772326 0.773009 0.7737 0.774382 0.775037 0.775648 0.7762 0.77668 0.777074 0.777375 0.777575 0.777668 0.777654 0.777533 0.777307 0.776982 0.776567 0.776072 0.77551 0.774896 0.774247 0.773578 0.772908 0.77225 0.771618 0.771024 0.770476 0.769981 0.769541 0.769157 0.768829 0.768552 0.768323 0.768137 0.767988 0.767871 0.767781 0.767712 0.767661 0.767624 0.767598 0.76758 0.767569 0.767564 0.767566 0.767574 0.76759 0.767617 0.767659 0.76772 0.767805 0.76792 0.76807 0.768262 0.768498 0.768782 0.769111 0.769484 0.769894 0.770332 0.770787 
0.76426 0.764716 0.765152 0.765559 0.765929 0.766257 0.76654 0.766778 0.766975 0.767132 0.767256 0.767351 0.767422 0.767474 0.767512 0.767539 0.767558 0.767572 0.767584 0.767595 0.767608 0.767625 0.76765 0.767686 0.767738 0.767811 0.767914 0.768052 0.768236 0.768476 0.76878 0.769159 0.76962 0.77017 0.770814 0.77155 0.772376 0.773282 0.774255 0.775279 0.776332 0.777391 0.778429 0.779422 0.780344 0.781174 0.78189 0.782477 0.78292 0.783211 0.783342 0.78331 0.783118 0.782768 0.78227 0.781635 0.780879 0.780022 0.779085 0.778092 0.777069 0.776039 0.775026 0.774051 0.77313 0.772278 0.771503 0.770812 0.770207 0.769685 0.769244 0.768877 0.768577 0.768336 0.768145 0.767997 0.767883 0.767799 0.767736 0.767692 0.76766 0.76764 0.767629 0.767626 0.767631 0.767645 0.767671 0.767712 0.767773 0.767857 0.767972 0.768123 0.768314 0.768551 0.768834 0.769164 0.769536 0.769946 0.770384 0.77084 
0.764297 0.764753 0.765189 0.765596 0.765966 0.766294 0.766577 0.766816 0.767012 0.76717 0.767293 0.767388 0.767459 0.767512 0.76755 0.767577 0.767597 0.767613 0.767628 0.767644 0.767665 0.767695 0.767738 0.7678 0.767889 0.768015 0.768188 0.76842 0.768725 0.769117 0.76961 0.770218 0.770952 0.77182 0.772825 0.773967 0.775236 0.776619 0.778095 0.779636 0.781212 0.782787 0.784324 0.785786 0.787138 0.788348 0.789388 0.790235 0.790871 0.791282 0.791459 0.7914 0.791105 0.790581 0.78984 0.788898 0.787779 0.786509 0.785119 0.783645 0.782122 0.780585 0.779068 0.777602 0.776213 0.774921 0.773742 0.772685 0.771754 0.770948 0.770262 0.769688 0.769215 0.768833 0.76853 0.768292 0.76811 0.767972 0.76787 0.767796 0.767744 0.767709 0.767687 0.767677 0.767677 0.767688 0.767712 0.767752 0.767811 0.767895 0.76801 0.76816 0.768352 0.768588 0.768871 0.769201 0.769574 0.769984 0.770422 0.770877 
0.764323 0.764779 0.765215 0.765622 0.765992 0.76632 0.766603 0.766842 0.767038 0.767196 0.76732 0.767414 0.767486 0.767539 0.767577 0.767606 0.767628 0.767647 0.767667 0.767692 0.767726 0.767776 0.767849 0.767954 0.768104 0.768313 0.768597 0.768974 0.769465 0.770089 0.770867 0.771816 0.772951 0.774281 0.775808 0.777527 0.779424 0.781475 0.783648 0.785904 0.788195 0.790472 0.792682 0.794774 0.796699 0.798414 0.799882 0.801071 0.801956 0.802522 0.802756 0.802654 0.802218 0.801457 0.800388 0.799032 0.797422 0.795595 0.793593 0.791465 0.78926 0.787029 0.784819 0.782675 0.780635 0.778728 0.77698 0.775403 0.774007 0.772791 0.771751 0.770874 0.770149 0.769559 0.769087 0.768715 0.768428 0.76821 0.768047 0.767928 0.767843 0.767785 0.767747 0.767725 0.767717 0.767723 0.767744 0.767781 0.76784 0.767923 0.768037 0.768187 0.768378 0.768615 0.768898 0.769228 0.7696 0.77001 0.770448 0.770904 
0.764341 0.764797 0.765233 0.76564 0.76601 0.766338 0.766621 0.76686 0.767056 0.767214 0.767338 0.767433 0.767504 0.767558 0.767597 0.767628 0.767653 0.767678 0.767707 0.767746 0.767802 0.767885 0.768006 0.76818 0.768425 0.768762 0.769216 0.769813 0.770581 0.771548 0.772741 0.774182 0.775889 0.77787 0.780126 0.782643 0.785399 0.788356 0.791467 0.794674 0.797912 0.801111 0.804199 0.807108 0.809773 0.812136 0.814149 0.815771 0.816972 0.817729 0.818028 0.817866 0.817243 0.816173 0.814676 0.812782 0.810533 0.807978 0.805175 0.802188 0.799084 0.795933 0.7928 0.789747 0.786827 0.784087 0.781559 0.779268 0.777226 0.775438 0.773897 0.772592 0.771504 0.770614 0.769896 0.769329 0.768887 0.768549 0.768296 0.768109 0.767974 0.76788 0.767816 0.767777 0.767758 0.767756 0.767771 0.767805 0.767861 0.767943 0.768056 0.768206 0.768397 0.768633 0.768916 0.769246 0.769619 0.770029 0.770467 0.770922 
0.764353 0.764809 0.765245 0.765652 0.766022 0.76635 0.766633 0.766872 0.767068 0.767226 0.76735 0.767445 0.767518 0.767572 0.767613 0.767647 0.767678 0.767712 0.767756 0.767818 0.767909 0.768044 0.76824 0.768519 0.768909 0.769439 0.770145 0.771064 0.772234 0.773691 0.775471 0.777601 0.780098 0.782971 0.786211 0.789798 0.793691 0.797838 0.802169 0.806604 0.811053 0.815422 0.819618 0.82355 0.827136 0.830302 0.832986 0.835139 0.836723 0.83771 0.838084 0.837839 0.836979 0.835519 0.833485 0.830916 0.827864 0.824392 0.820576 0.816498 0.812248 0.807916 0.803591 0.799357 0.795288 0.791447 0.787884 0.784636 0.781723 0.779156 0.776929 0.775031 0.773438 0.772126 0.771061 0.770213 0.769549 0.769038 0.768652 0.768365 0.768157 0.768009 0.767908 0.767842 0.767804 0.76779 0.767797 0.767826 0.767878 0.767958 0.76807 0.768219 0.76841 0.768645 0.768928 0.769258 0.769631 0.770041 0.770479 0.770934 
0.764361 0.764816 0.765253 0.76566 0.76603 0.766358 0.766641 0.76688 0.767076 0.767234 0.767359 0.767454 0.767528 0.767584 0.767628 0.767667 0.767707 0.767756 0.767823 0.767921 0.768067 0.768282 0.768591 0.769028 0.769631 0.770443 0.771513 0.77289 0.774625 0.776765 0.779351 0.782414 0.785972 0.790025 0.794557 0.799529 0.804883 0.810541 0.816407 0.822372 0.828319 0.834125 0.83967 0.84484 0.849533 0.853658 0.85714 0.859921 0.861954 0.863208 0.863663 0.863313 0.862163 0.860231 0.857548 0.854162 0.850137 0.845552 0.840498 0.835082 0.829417 0.823619 0.817804 0.812083 0.806555 0.801307 0.79641 0.791916 0.787861 0.784262 0.781119 0.778421 0.776143 0.774252 0.772708 0.77147 0.770493 0.769737 0.769161 0.768731 0.768416 0.768191 0.768034 0.767929 0.767864 0.767831 0.767826 0.767847 0.767895 0.767971 0.768081 0.768229 0.768419 0.768654 0.768937 0.769266 0.769639 0.770049 0.770487 0.770942 
0.764366 0.764822 0.765258 0.765665 0.766035 0.766363 0.766646 0.766885 0.767082 0.76724 0.767365 0.767461 0.767536 0.767595 0.767644 0.767692 0.767746 0.767818 0.767921 0.768075 0.768303 0.768636 0.769113 0.769779 0.770689 0.771901 0.77348 0.775491 0.777998 0.781058 0.784719 0.789011 0.793948 0.799519 0.805692 0.812404 0.819573 0.827088 0.834821 0.842631 0.850366 0.857873 0.865004 0.871619 0.877594 0.882824 0.887221 0.890716 0.893258 0.89481 0.895351 0.894874 0.893385 0.890903 0.887467 0.883131 0.877971 0.87208 0.86557 0.85857 0.851218 0.843659 0.836042 0.828506 0.821183 0.814188 0.807619 0.801551 0.796037 0.791109 0.786777 0.78303 0.779843 0.777179 0.774989 0.77322 0.771815 0.77072 0.769881 0.76925 0.768784 0.768448 0.768211 0.76805 0.767946 0.767886 0.767863 0.767872 0.767912 0.767984 0.768091 0.768237 0.768425 0.76866 0.768943 0.769272 0.769644 0.770054 0.770492 0.770948 
0.764369 0.764825 0.765261 0.765668 0.766038 0.766366 0.76665 0.766889 0.767085 0.767244 0.767369 0.767467 0.767544 0.767608 0.767665 0.767726 0.767802 0.767909 0.768067 0.768303 0.768652 0.769157 0.769873 0.770864 0.772201 0.773964 0.776236 0.7791 0.782632 0.786899 0.79195 0.797813 0.804491 0.811954 0.820146 0.828977 0.838326 0.848049 0.85798 0.867937 0.877734 0.887185 0.89611 0.904349 0.911756 0.918211 0.923616 0.927894 0.930989 0.932862 0.933492 0.932868 0.930999 0.927906 0.92363 0.918232 0.911799 0.904436 0.896274 0.887463 0.87817 0.86857 0.858842 0.849163 0.839699 0.830601 0.821998 0.813996 0.806672 0.800079 0.794238 0.78915 0.784792 0.78112 0.77808 0.775607 0.773629 0.772077 0.770879 0.769973 0.7693 0.768809 0.76846 0.768219 0.768059 0.767962 0.767913 0.767905 0.767934 0.767998 0.768101 0.768244 0.768431 0.768665 0.768947 0.769276 0.769648 0.770058 0.770496 0.770951 
0.764371 0.764827 0.765263 0.76567 0.76604 0.766368 0.766652 0.766891 0.767088 0.767247 0.767373 0.767474 0.767555 0.767625 0.767695 0.767776 0.767885 0.768044 0.768282 0.768636 0.769157 0.769905 0.770954 0.77239 0.774308 0.776811 0.780001 0.78398 0.788835 0.794639 0.801438 0.809251 0.818059 0.827811 0.838413 0.849738 0.861626 0.873887 0.886314 0.898683 0.910772 0.92236 0.933243 0.943235 0.952177 0.959936 0.966406 0.971508 0.975182 0.977389 0.978105 0.977323 0.975048 0.971303 0.966131 0.959598 0.951793 0.942837 0.932873 0.922073 0.910626 0.898738 0.886624 0.874495 0.862558 0.851003 0.839999 0.829687 0.820179 0.811553 0.803854 0.797095 0.79126 0.786309 0.782178 0.778793 0.776067 0.773912 0.772238 0.770962 0.770008 0.769309 0.768806 0.768455 0.768218 0.768066 0.767981 0.767949 0.767962 0.768017 0.768113 0.768252 0.768436 0.768669 0.76895 0.769278 0.76965 0.77006 0.770498 0.770953 
0.764373 0.764828 0.765264 0.765672 0.766042 0.76637 0.766653 0.766893 0.76709 0.76725 0.767378 0.767482 0.767569 0.76765 0.767738 0.767849 0.768006 0.76824 0.768591 0.769113 0.769873 0.770954 0.772455 0.774488 0.777174 0.780641 0.785015 0.790411 0.796926 0.804633 0.813568 0.82373 0.835072 0.847505 0.860894 0.875066 0.88981 0.90489 0.920053 0.935034 0.949574 0.963423 0.976353 0.988163 0.998681 1.00777 1.01532 1.02124 1.0255 1.02803 1.02884 1.02789 1.0252 1.0208 1.01472 1.00702 0.997809 0.987201 0.975353 0.96245 0.948705 0.934349 0.919628 0.904793 0.89009 0.875754 0.861998 0.849008 0.836935 0.825895 0.815964 0.807175 0.799529 0.79299 0.787493 0.782955 0.779273 0.776342 0.774049 0.77229 0.770965 0.769986 0.769278 0.768778 0.768435 0.768211 0.768075 0.76801 0.768 0.768041 0.768128 0.768261 0.768443 0.768673 0.768953 0.76928 0.769652 0.770062 0.770499 0.770954 
0.764374 0.764829 0.765265 0.765672 0.766042 0.766371 0.766654 0.766894 0.767092 0.767254 0.767385 0.767493 0.767589 0.767686 0.7678 0.767954 0.76818 0.768519 0.769028 0.769779 0.770864 0.77239 0.774488 0.777298 0.780973 0.785667 0.791524 0.798674 0.807217 0.817215 0.828687 0.841598 0.855863 0.871345 0.887857 0.905171 0.923022 0.941124 0.959176 0.976877 0.993935 1.01008 1.02506 1.03866 1.05072 1.0611 1.06968 1.0764 1.0812 1.08405 1.08493 1.08383 1.08075 1.07572 1.06876 1.05994 1.04935 1.03711 1.02338 1.00835 0.992251 0.975334 0.957871 0.940149 0.922455 0.90507 0.888255 0.872247 0.857248 0.843418 0.830874 0.819684 0.809868 0.801407 0.794239 0.788275 0.783402 0.779492 0.776414 0.774034 0.77223 0.770888 0.76991 0.769213 0.76873 0.768407 0.768204 0.768092 0.768053 0.768074 0.768148 0.768274 0.76845 0.768678 0.768956 0.769282 0.769654 0.770063 0.7705 0.770955 
0.764374 0.764829 0.765266 0.765673 0.766043 0.766371 0.766655 0.766895 0.767095 0.767258 0.767393 0.767509 0.767619 0.767738 0.767889 0.768104 0.768425 0.768909 0.769631 0.770689 0.772201 0.774308 0.777174 0.780973 0.785889 0.792101 0.799772 0.809036 0.819988 0.83267 0.847069 0.863108 0.880647 0.899491 0.919391 0.940057 0.96117 0.982392 1.00338 1.0238 1.04333 1.06169 1.07862 1.09391 1.1074 1.11895 1.12848 1.1359 1.1412 1.14432 1.14527 1.14404 1.14061 1.13501 1.12726 1.11742 1.10556 1.0918 1.07628 1.05921 1.04081 1.02134 1.00111 0.980423 0.959605 0.938984 0.918873 0.899566 0.88132 0.864353 0.848832 0.834868 0.822519 0.811786 0.802621 0.794936 0.788609 0.783495 0.779438 0.776281 0.77387 0.772065 0.77074 0.769789 0.769122 0.768669 0.768376 0.768204 0.768124 0.768118 0.768176 0.768291 0.76846 0.768684 0.768959 0.769285 0.769655 0.770064 0.770501 0.770956 
0.764374 0.76483 0.765266 0.765673 0.766043 0.766372 0.766656 0.766897 0.767098 0.767265 0.767406 0.767533 0.767661 0.767811 0.768015 0.768313 0.768762 0.769439 0.770443 0.771901 0.773964 0.776811 0.780641 0.785667 0.792101 0.800146 0.809976 0.821722 0.835461 0.851205 0.86889 0.888384 0.909481 0.931917 0.955374 0.979498 1.00391 1.02823 1.05207 1.07508 1.09692 1.11731 1.13599 1.15277 1.1675 1.18005 1.19036 1.19838 1.20407 1.20743 1.20844 1.2071 1.20339 1.19734 1.18894 1.17823 1.16529 1.1502 1.1331 1.11416 1.09363 1.07175 1.04884 1.02522 1.00126 0.977325 0.953777 0.930969 0.909224 0.888824 0.869997 0.852913 0.837674 0.824319 0.812823 0.803106 0.795043 0.788478 0.783232 0.779119 0.775957 0.773572 0.77181 0.770534 0.769633 0.769013 0.768604 0.768352 0.768218 0.768178 0.768212 0.768313 0.768474 0.768692 0.768964 0.769288 0.769657 0.770065 0.770502 0.770956 
0.764375 0.76483 0.765266 0.765673 0.766044 0.766373 0.766657 0.7669 0.767103 0.767274 0.767424 0.767565 0.767719 0.767914 0.768188 0.768597 0.769216 0.770145 0.771513 0.77348 0.776236 0.780001 0.785015 0.791524 0.799772 0.809976 0.822312 0.836899 0.853781 0.872921 0.894195 0.917398 0.942248 0.968401 0.995467 1.02303 1.05065 1.07791 1.1044 1.12975 1.15363 1.17575 1.1959 1.21388 1.22957 1.24289 1.25379 1.26224 1.26823 1.27175 1.27281 1.2714 1.26751 1.26113 1.25226 1.24092 1.22714 1.21099 1.19259 1.17209 1.1497 1.12566 1.10029 1.07391 1.04692 1.01971 0.992691 0.966285 0.940878 0.916823 0.894422 0.873913 0.85546 0.83915 0.824992 0.812929 0.80284 0.794561 0.787897 0.782634 0.778559 0.775465 0.773162 0.771483 0.770287 0.769456 0.768899 0.768545 0.768342 0.768256 0.768261 0.768343 0.768492 0.768702 0.76897 0.769291 0.769659 0.770066 0.770502 0.770957 
0.764375 0.76483 0.765266 0.765674 0.766044 0.766373 0.766659 0.766903 0.76711 0.767288 0.767449 0.767611 0.7678 0.768052 0.76842 0.768974 0.769813 0.771064 0.77289 0.775491 0.7791 0.78398 0.790411 0.798674 0.809036 0.821722 0.836899 0.854657 0.874991 0.897801 0.922887 0.949958 0.978644 1.00852 1.03912 1.06996 1.10057 1.13049 1.1593 1.18663 1.21217 1.23565 1.25688 1.27571 1.29206 1.30587 1.31713 1.32583 1.33199 1.33561 1.3367 1.33527 1.33129 1.32475 1.31562 1.30389 1.28958 1.27272 1.25339 1.2317 1.20782 1.18199 1.15448 1.12564 1.09585 1.06553 1.03515 1.00516 0.976037 0.948201 0.922037 0.897864 0.875919 0.856353 0.839226 0.824511 0.812106 0.801847 0.793526 0.786908 0.781746 0.777799 0.774841 0.772669 0.77111 0.770017 0.769274 0.768791 0.768502 0.768357 0.768324 0.768381 0.768515 0.768716 0.768978 0.769296 0.769662 0.770067 0.770503 0.770957 
0.764375 0.76483 0.765267 0.765674 0.766045 0.766375 0.766662 0.766908 0.76712 0.767306 0.767483 0.767673 0.767908 0.768236 0.768725 0.769465 0.770581 0.772234 0.774625 0.777998 0.782632 0.788835 0.796926 0.807217 0.819988 0.835461 0.853781 0.874991 0.899024 0.925697 0.954721 0.985707 1.01819 1.05167 1.0856 1.11944 1.15269 1.18488 1.21557 1.24443 1.27117 1.29556 1.31746 1.33675 1.35341 1.36741 1.37878 1.38754 1.39373 1.39737 1.39849 1.39708 1.39312 1.38658 1.37741 1.36559 1.35108 1.33388 1.31403 1.29158 1.26668 1.2395 1.2103 1.17939 1.14716 1.11403 1.0805 1.04708 1.0143 0.982665 0.952645 0.924649 0.899002 0.875931 0.855561 0.837913 0.822914 0.810413 0.800196 0.792008 0.785577 0.780624 0.776887 0.774124 0.772125 0.770713 0.769743 0.769101 0.768703 0.768485 0.768405 0.768431 0.768545 0.768734 0.768989 0.769302 0.769665 0.770069 0.770504 0.770958 
0.764376 0.764831 0.765267 0.765674 0.766046 0.766376 0.766665 0.766915 0.767133 0.767331 0.767529 0.767754 0.76805 0.768476 0.769117 0.770089 0.771548 0.773691 0.776765 0.781058 0.786899 0.794639 0.804633 0.817215 0.83267 0.851205 0.872921 0.897801 0.925697 0.956332 0.98931 1.02414 1.06027 1.0971 1.13404 1.17049 1.20593 1.23989 1.27197 1.30184 1.32928 1.3541 1.37621 1.39557 1.41218 1.42606 1.43729 1.44592 1.45201 1.45561 1.45673 1.45539 1.45155 1.44517 1.4362 1.42456 1.41019 1.39304 1.37309 1.35037 1.32494 1.29693 1.26654 1.23406 1.19983 1.1643 1.12797 1.09138 1.05513 1.01979 0.985923 0.95404 0.924559 0.8978 0.873966 0.853141 0.835296 0.820304 0.807956 0.797988 0.7901 0.783984 0.779337 0.775878 0.773358 0.771563 0.770319 0.769484 0.768953 0.768646 0.768506 0.768494 0.768583 0.768757 0.769002 0.76931 0.769669 0.770072 0.770506 0.770959 
0.764376 0.764831 0.765267 0.765675 0.766047 0.766378 0.766669 0.766924 0.76715 0.767364 0.767589 0.76786 0.768232 0.76878 0.76961 0.770867 0.772741 0.775471 0.779351 0.784719 0.79195 0.801438 0.813568 0.828687 0.847069 0.86889 0.894195 0.922887 0.954721 0.98931 1.02615 1.06464 1.10414 1.14397 1.18348 1.22206 1.25917 1.29436 1.32727 1.35762 1.38523 1.41 1.43189 1.45092 1.46714 1.48063 1.49149 1.49981 1.50568 1.50916 1.51027 1.50903 1.50541 1.49934 1.49076 1.47956 1.46564 1.44892 1.42931 1.40678 1.38133 1.35303 1.32201 1.2885 1.25282 1.21538 1.17668 1.1373 1.09786 1.05903 1.02144 0.985704 0.952349 0.921794 0.894336 0.870139 0.849233 0.831527 0.816831 0.804877 0.795351 0.787911 0.78222 0.777955 0.774827 0.772583 0.771013 0.769949 0.769259 0.768843 0.768631 0.768571 0.768631 0.768786 0.769019 0.769319 0.769675 0.770075 0.770508 0.77096 
0.764377 0.764831 0.765268 0.765676 0.766048 0.766381 0.766676 0.766936 0.767173 0.767406 0.767665 0.767995 0.768461 0.769159 0.770218 0.771816 0.774182 0.777601 0.782414 0.789011 0.797813 0.809251 0.82373 0.841598 0.863108 0.888384 0.917398 0.949958 0.985707 1.02414 1.06464 1.10651 1.149 1.19138 1.23297 1.27313 1.31134 1.3472 1.38037 1.41067 1.43796 1.46223 1.48349 1.50183 1.51736 1.53021 1.5405 1.54836 1.5539 1.5572 1.55829 1.55718 1.55385 1.54822 1.54019 1.52966 1.51648 1.50051 1.48163 1.45973 1.43475 1.40668 1.37559 1.34163 1.30507 1.26627 1.22572 1.18401 1.14178 1.09976 1.05867 1.01922 0.982041 0.947667 0.916498 0.888792 0.864654 0.844046 0.826808 0.812681 0.801341 0.792424 0.785555 0.780374 0.776548 0.773785 0.771837 0.770503 0.769625 0.76908 0.768782 0.768666 0.768689 0.768821 0.76904 0.769332 0.769682 0.770079 0.77051 0.770961 
0.764378 0.764832 0.765268 0.765677 0.76605 0.766385 0.766683 0.766951 0.767202 0.76746 0.767761 0.768162 0.768743 0.76962 0.770952 0.772951 0.775889 0.780098 0.785972 0.793948 0.804491 0.818059 0.835072 0.855863 0.880647 0.909481 0.942248 0.978644 1.01819 1.06027 1.10414 1.149 1.19404 1.23847 1.28157 1.32275 1.3615 1.39745 1.43037 1.46011 1.48664 1.51 1.53028 1.54764 1.56223 1.57423 1.58379 1.59108 1.59621 1.59928 1.60033 1.59937 1.59637 1.59127 1.58393 1.57424 1.56201 1.54708 1.52925 1.50837 1.4843 1.45696 1.42633 1.39248 1.35561 1.31604 1.2742 1.23067 1.18612 1.14131 1.09704 1.0541 1.01324 0.975101 0.94021 0.908924 0.881437 0.85778 0.837838 0.821374 0.808062 0.797521 0.789348 0.783143 0.778531 0.775178 0.772798 0.771153 0.770056 0.769361 0.768962 0.768779 0.768759 0.768863 0.769065 0.769346 0.769691 0.770084 0.770512 0.770963 
0.764379 0.764833 0.765269 0.765678 0.766053 0.76639 0.766693 0.76697 0.767238 0.767527 0.767879 0.768365 0.769082 0.77017 0.77182 0.774281 0.77787 0.782971 0.790025 0.799519 0.811954 0.827811 0.847505 0.871345 0.899491 0.931917 0.968401 1.00852 1.05167 1.0971 1.14397 1.19138 1.23847 1.2844 1.32847 1.3701 1.40883 1.44436 1.47654 1.50529 1.53067 1.5528 1.57184 1.58798 1.60145 1.61245 1.62118 1.62781 1.63247 1.63527 1.63626 1.63547 1.63284 1.62831 1.62175 1.61301 1.6019 1.5882 1.57169 1.55214 1.52935 1.50315 1.47345 1.44024 1.40362 1.36385 1.32129 1.2765 1.23014 1.183 1.13592 1.0898 1.04548 1.00373 0.965173 0.930301 0.899408 0.872606 0.849837 0.8309 0.81548 0.803186 0.793591 0.786259 0.780776 0.776764 0.773897 0.771901 0.770555 0.769688 0.769172 0.768912 0.768841 0.768913 0.769095 0.769364 0.769701 0.77009 0.770516 0.770964 
0.76438 0.764834 0.76527 0.765679 0.766056 0.766396 0.766706 0.766994 0.767283 0.767607 0.768021 0.768606 0.769482 0.770814 0.772825 0.775808 0.780126 0.786211 0.794557 0.805692 0.820146 0.838413 0.860894 0.887857 0.919391 0.955374 0.995467 1.03912 1.0856 1.13404 1.18348 1.23297 1.28157 1.32847 1.37297 1.41451 1.45273 1.48739 1.51842 1.54584 1.56977 1.59042 1.60801 1.62279 1.63502 1.64494 1.65276 1.65868 1.66285 1.66536 1.66629 1.66564 1.66339 1.65946 1.65372 1.646 1.63609 1.62376 1.60873 1.59073 1.5695 1.54479 1.51642 1.4843 1.44844 1.40899 1.36627 1.32077 1.27313 1.22415 1.17472 1.12578 1.07829 1.03312 0.991042 0.952647 0.918348 0.888354 0.86268 0.841171 0.823533 0.809377 0.798257 0.789708 0.783275 0.77854 0.775135 0.772747 0.771123 0.770062 0.769414 0.769065 0.768937 0.768972 0.769131 0.769385 0.769713 0.770097 0.77052 0.770967 
0.764381 0.764835 0.765271 0.765681 0.766059 0.766404 0.766721 0.767023 0.767336 0.767702 0.768187 0.768887 0.769944 0.77155 0.773967 0.777527 0.782643 0.789798 0.799529 0.812404 0.828977 0.849738 0.875066 0.905171 0.940057 0.979498 1.02303 1.06996 1.11944 1.17049 1.22206 1.27313 1.32275 1.3701 1.41451 1.45551 1.49279 1.5262 1.55576 1.58158 1.60387 1.62288 1.63891 1.65225 1.66318 1.67198 1.67888 1.68408 1.68773 1.68995 1.6908 1.6903 1.68842 1.68508 1.68015 1.67346 1.66479 1.65387 1.64041 1.62411 1.60462 1.58165 1.55492 1.52426 1.48957 1.45093 1.40855 1.36287 1.31448 1.26416 1.21283 1.16149 1.11117 1.06286 1.01744 0.975645 0.938001 0.904823 0.87621 0.852067 0.832134 0.816033 0.803305 0.79346 0.78601 0.780495 0.776505 0.773689 0.771757 0.770482 0.769686 0.769239 0.769045 0.769038 0.769171 0.769409 0.769727 0.770105 0.770524 0.770969 
0.764383 0.764836 0.765273 0.765684 0.766064 0.766413 0.766738 0.767056 0.767397 0.767812 0.768377 0.769207 0.770465 0.772376 0.775236 0.779424 0.785399 0.793691 0.804883 0.819573 0.838326 0.861626 0.88981 0.923022 0.96117 1.00391 1.05065 1.10057 1.15269 1.20593 1.25917 1.31134 1.3615 1.40883 1.45273 1.49279 1.52878 1.56067 1.58854 1.61259 1.63311 1.65041 1.66483 1.67671 1.68635 1.69405 1.70004 1.70454 1.70769 1.70962 1.71039 1.71002 1.70848 1.70569 1.70154 1.69584 1.68838 1.67887 1.66701 1.65244 1.6348 1.61371 1.58884 1.55991 1.52674 1.48929 1.4477 1.40231 1.35366 1.30249 1.24973 1.19641 1.14363 1.09249 1.04398 0.998955 0.958078 0.921774 0.890237 0.863442 0.841173 0.82307 0.808674 0.797475 0.788952 0.782608 0.777993 0.774716 0.772454 0.770945 0.769988 0.769432 0.769166 0.769113 0.769216 0.769436 0.769743 0.770114 0.770529 0.770972 
0.764385 0.764837 0.765274 0.765687 0.766069 0.766424 0.766759 0.767095 0.767468 0.767936 0.768591 0.769564 0.771042 0.773282 0.776619 0.781475 0.788356 0.797838 0.810541 0.827088 0.848049 0.873887 0.90489 0.941124 0.982392 1.02823 1.07791 1.13049 1.18488 1.23989 1.29436 1.3472 1.39745 1.44436 1.48739 1.5262 1.56067 1.59083 1.61688 1.63908 1.65779 1.67337 1.68621 1.69666 1.70507 1.71171 1.71685 1.72068 1.72337 1.72502 1.7257 1.72544 1.7242 1.72192 1.71849 1.71372 1.70739 1.69923 1.68892 1.67607 1.66029 1.64116 1.61826 1.59123 1.55982 1.52387 1.48343 1.43873 1.39025 1.33869 1.28494 1.23007 1.17522 1.12158 1.07025 1.02222 0.978274 0.938951 0.90455 0.875124 0.850515 0.830388 0.81429 0.801697 0.792062 0.784854 0.779582 0.775819 0.773204 0.771445 0.770315 0.769642 0.769299 0.769195 0.769266 0.769466 0.76976 0.770124 0.770535 0.770975 
0.764387 0.764839 0.765276 0.76569 0.766076 0.766436 0.766782 0.767138 0.767546 0.768074 0.768825 0.769952 0.771666 0.774255 0.778095 0.783648 0.791467 0.802169 0.816407 0.834821 0.85798 0.886314 0.920053 0.959176 1.00338 1.05207 1.1044 1.1593 1.21557 1.27197 1.32727 1.38037 1.43037 1.47654 1.51842 1.55576 1.58854 1.61688 1.64104 1.66139 1.67831 1.69223 1.70356 1.71268 1.71993 1.7256 1.72995 1.73317 1.73543 1.73682 1.73742 1.73725 1.73628 1.73445 1.73165 1.72771 1.72243 1.71552 1.70666 1.69546 1.68149 1.66428 1.64339 1.61836 1.58885 1.55461 1.51558 1.47191 1.42397 1.3724 1.31807 1.26204 1.20551 1.14972 1.09588 1.0451 0.998274 0.95608 0.918917 0.886927 0.860009 0.837867 0.820061 0.806058 0.795292 0.787197 0.781248 0.77698 0.773997 0.771977 0.770665 0.769868 0.769442 0.769284 0.769321 0.769498 0.769779 0.770135 0.770542 0.770979 
0.764389 0.764841 0.765278 0.765693 0.766082 0.766449 0.766807 0.767185 0.767631 0.768222 0.769077 0.770365 0.772326 0.775279 0.779636 0.785904 0.794674 0.806604 0.822372 0.842631 0.867937 0.898683 0.935034 0.976877 1.0238 1.07508 1.12975 1.18663 1.24443 1.30184 1.35762 1.41067 1.46011 1.50529 1.54584 1.58158 1.61259 1.63908 1.66139 1.67993 1.69515 1.70751 1.71744 1.72533 1.73153 1.73633 1.73998 1.74266 1.74454 1.7457 1.74622 1.74611 1.74536 1.74391 1.74167 1.73847 1.73411 1.72832 1.72079 1.71111 1.69884 1.68349 1.66456 1.64153 1.61398 1.58158 1.54414 1.50173 1.45462 1.40337 1.34882 1.292 1.23413 1.17653 1.1205 1.06723 1.01777 0.972885 0.933103 0.898649 0.869493 0.845379 0.825887 0.810484 0.798584 0.789596 0.782962 0.77818 0.774821 0.772531 0.771031 0.770105 0.769593 0.769378 0.769378 0.769533 0.7698 0.770147 0.770548 0.770983 
0.764392 0.764843 0.765281 0.765697 0.76609 0.766463 0.766834 0.767235 0.767721 0.768379 0.76934 0.770796 0.773009 0.776332 0.781212 0.788195 0.797912 0.811053 0.828319 0.850366 0.877734 0.910772 0.949574 0.993935 1.04333 1.09692 1.15363 1.21217 1.27117 1.32928 1.38523 1.43796 1.48664 1.53067 1.56977 1.60387 1.63311 1.65779 1.67831 1.69515 1.7088 1.71973 1.7284 1.73519 1.74046 1.7445 1.74753 1.74974 1.75128 1.75224 1.75268 1.75263 1.75206 1.75094 1.74915 1.74658 1.74302 1.73822 1.73186 1.72356 1.71285 1.69923 1.68216 1.66107 1.63547 1.60493 1.56918 1.52818 1.4821 1.43143 1.37694 1.31965 1.26079 1.2017 1.14378 1.08831 1.03645 0.989097 0.946869 0.910089 0.878798 0.852788 0.831662 0.814891 0.801878 0.792007 0.784691 0.779395 0.775658 0.773097 0.771406 0.770349 0.769748 0.769476 0.769438 0.769569 0.769821 0.77016 0.770556 0.770987 
0.764394 0.764845 0.765283 0.765701 0.766098 0.766479 0.766863 0.767287 0.767814 0.768539 0.76961 0.771234 0.7737 0.777391 0.782787 0.790472 0.801111 0.815422 0.834125 0.857873 0.887185 0.92236 0.963423 1.01008 1.06169 1.11731 1.17575 1.23565 1.29556 1.3541 1.41 1.46223 1.51 1.5528 1.59042 1.62288 1.65041 1.67337 1.69223 1.70751 1.71973 1.72939 1.73694 1.74277 1.74724 1.75061 1.75312 1.75494 1.7562 1.75698 1.75735 1.75733 1.75691 1.75604 1.75465 1.7526 1.74971 1.74575 1.74042 1.73332 1.72401 1.71196 1.69661 1.67735 1.65361 1.6249 1.59086 1.55133 1.50641 1.4565 1.4023 1.3448 1.28522 1.22495 1.16543 1.10805 1.05405 1.00446 0.959986 0.921049 0.887757 0.859955 0.837274 0.819193 0.805107 0.794381 0.786401 0.780602 0.776492 0.773663 0.771782 0.770594 0.769905 0.769574 0.769499 0.769606 0.769844 0.770172 0.770563 0.770992 
0.764397 0.764847 0.765286 0.765706 0.766106 0.766494 0.766892 0.76734 0.767908 0.7687 0.769878 0.771668 0.774382 0.778429 0.784324 0.792682 0.804199 0.819618 0.83967 0.865004 0.89611 0.933243 0.976353 1.02506 1.07862 1.13599 1.1959 1.25688 1.31746 1.37621 1.43189 1.48349 1.53028 1.57184 1.60801 1.63891 1.66483 1.68621 1.70356 1.71744 1.7284 1.73694 1.74351 1.74853 1.75231 1.75513 1.75721 1.75869 1.75971 1.76035 1.76066 1.76067 1.76036 1.7597 1.75861 1.75698 1.75466 1.75141 1.74694 1.74088 1.73279 1.72214 1.70833 1.69073 1.66873 1.64176 1.60937 1.57132 1.52761 1.47857 1.42482 1.3673 1.30725 1.24605 1.18521 1.12619 1.07033 1.01874 0.972244 0.93134 0.89621 0.866748 0.842616 0.823306 0.808206 0.796669 0.788054 0.781773 0.777305 0.774216 0.772151 0.770836 0.770061 0.769672 0.76956 0.769643 0.769866 0.770185 0.770571 0.770996 
0.7644 0.764849 0.765288 0.76571 0.766114 0.76651 0.766921 0.767393 0.768 0.768858 0.770139 0.772087 0.775037 0.779422 0.785786 0.794774 0.807108 0.82355 0.84484 0.871619 0.904349 0.943235 0.988163 1.03866 1.09391 1.15277 1.21388 1.27571 1.33675 1.39557 1.45092 1.50183 1.54764 1.58798 1.62279 1.65225 1.67671 1.69666 1.71268 1.72533 1.73519 1.74277 1.74853 1.75286 1.75607 1.75843 1.76015 1.76136 1.76219 1.76271 1.76297 1.76299 1.76276 1.76226 1.76142 1.76014 1.75826 1.75559 1.75184 1.74667 1.73962 1.73017 1.71772 1.70161 1.68117 1.65579 1.62495 1.58831 1.54581 1.49767 1.44446 1.38708 1.32674 1.26484 1.20293 1.14253 1.08507 1.03174 0.983452 0.940792 0.904007 0.873041 0.847586 0.827146 0.811112 0.798821 0.789616 0.782883 0.778079 0.774744 0.772505 0.771068 0.770211 0.769767 0.769619 0.769679 0.769887 0.770198 0.770578 0.771001 
0.764402 0.764851 0.765291 0.765714 0.766122 0.766524 0.766949 0.767443 0.768087 0.769007 0.770385 0.772481 0.775648 0.780344 0.787138 0.796699 0.809773 0.827136 0.849533 0.877594 0.911756 0.952177 0.998681 1.05072 1.1074 1.1675 1.22957 1.29206 1.35341 1.41218 1.46714 1.51736 1.56223 1.60145 1.63502 1.66318 1.68635 1.70507 1.71993 1.73153 1.74046 1.74724 1.75231 1.75607 1.75882 1.76081 1.76224 1.76323 1.76391 1.76433 1.76454 1.76457 1.76441 1.76403 1.76338 1.76237 1.76085 1.75865 1.75549 1.75104 1.74486 1.73643 1.72514 1.71032 1.69126 1.6673 1.63785 1.60252 1.56114 1.51389 1.46126 1.40411 1.34362 1.28121 1.21845 1.15691 1.0981 1.04328 0.993447 0.949257 0.911018 0.878722 0.852088 0.830639 0.813764 0.800793 0.791052 0.783907 0.778795 0.775235 0.772835 0.771286 0.770351 0.769857 0.769674 0.769713 0.769908 0.77021 0.770585 0.771005 
0.764405 0.764853 0.765293 0.765718 0.766129 0.766538 0.766974 0.767489 0.768168 0.769143 0.770609 0.772838 0.7762 0.781174 0.788348 0.798414 0.812136 0.830302 0.853658 0.882824 0.918211 0.959936 1.00777 1.0611 1.11895 1.18005 1.24289 1.30587 1.36741 1.42606 1.48063 1.53021 1.57423 1.61245 1.64494 1.67198 1.69405 1.71171 1.7256 1.73633 1.7445 1.75061 1.75513 1.75843 1.76081 1.76251 1.76371 1.76453 1.76508 1.76543 1.76561 1.76564 1.76553 1.76524 1.76473 1.76392 1.76269 1.76085 1.75816 1.75429 1.74883 1.74124 1.73092 1.71719 1.6993 1.67655 1.64832 1.61413 1.57378 1.52734 1.47527 1.41839 1.35785 1.29508 1.23165 1.1692 1.10928 1.05322 1.00209 0.956608 0.91713 0.883691 0.856042 0.833717 0.81611 0.802543 0.792331 0.784823 0.779438 0.775677 0.773133 0.771483 0.770479 0.769938 0.769725 0.769744 0.769927 0.770222 0.770592 0.771009 
