2.07093 2.07121 2.07148 2.07175 2.07201 2.07226 2.0725 2.07272 2.07293 2.07312 2.07331 2.07347 2.07363 2.07377 2.07391 2.07404 2.07416 2.07428 2.0744 2.07452 2.07465 2.07478 2.07493 2.07509 2.07526 2.07545 2.07565 2.07588 2.07613 2.07639 2.07668 2.07698 2.07731 2.07765 2.078 2.07837 2.07874 2.07912 2.0795 2.07987 2.08023 2.08058 2.08091 2.08121 2.08149 2.08174 2.08195 2.08212 2.08225 2.08234 2.08238 2.08238 2.08233 2.08224 2.08211 2.08193 2.08172 2.08147 2.0812 2.08089 2.08057 2.08022 2.07987 2.0795 2.07914 2.07877 2.07841 2.07805 2.07771 2.07738 2.07707 2.07677 2.0765 2.07625 2.07602 2.07582 2.07564 2.07548 2.07534 2.07524 2.07515 2.07509 2.07505 2.07504 2.07505 2.07508 2.07514 2.07522 2.07532 2.07544 2.07559 2.07576 2.07595 2.07616 2.07639 2.07663 2.07688 2.07714 2.07742 2.07769 
2.07121 2.07148 2.07176 2.07203 2.07229 2.07254 2.07277 2.073 2.07321 2.0734 2.07358 2.07375 2.0739 2.07405 2.07418 2.07431 2.07443 2.07455 2.07467 2.07479 2.07492 2.07505 2.0752 2.07536 2.07553 2.07572 2.07593 2.07616 2.07641 2.07668 2.07697 2.07728 2.07761 2.07796 2.07832 2.07869 2.07907 2.07946 2.07984 2.08022 2.0806 2.08095 2.08129 2.0816 2.08189 2.08214 2.08236 2.08253 2.08267 2.08276 2.0828 2.0828 2.08275 2.08266 2.08252 2.08234 2.08212 2.08187 2.08158 2.08127 2.08094 2.08059 2.08022 2.07985 2.07948 2.0791 2.07873 2.07837 2.07802 2.07768 2.07736 2.07707 2.07679 2.07653 2.0763 2.07609 2.07591 2.07575 2.07562 2.07551 2.07542 2.07536 2.07532 2.07531 2.07532 2.07535 2.07541 2.07549 2.07559 2.07572 2.07587 2.07604 2.07623 2.07644 2.07666 2.0769 2.07716 2.07742 2.07769 2.07797 
2.07148 2.07176 2.07203 2.0723 2.07256 2.07281 2.07305 2.07327 2.07348 2.07368 2.07386 2.07403 2.07418 2.07433 2.07446 2.07459 2.07472 2.07484 2.07497 2.0751 2.07523 2.07537 2.07553 2.0757 2.07589 2.0761 2.07632 2.07657 2.07684 2.07714 2.07746 2.0778 2.07816 2.07854 2.07894 2.07934 2.07976 2.08018 2.08061 2.08102 2.08143 2.08182 2.08219 2.08253 2.08284 2.08312 2.08335 2.08354 2.08369 2.08379 2.08383 2.08383 2.08377 2.08367 2.08352 2.08332 2.08308 2.0828 2.08249 2.08215 2.08179 2.0814 2.081 2.08059 2.08018 2.07977 2.07937 2.07897 2.07859 2.07822 2.07787 2.07755 2.07724 2.07697 2.07671 2.07649 2.07628 2.07611 2.07596 2.07584 2.07574 2.07567 2.07563 2.07561 2.07561 2.07564 2.0757 2.07577 2.07587 2.076 2.07615 2.07632 2.0765 2.07671 2.07694 2.07718 2.07743 2.0777 2.07797 2.07824 
2.07175 2.07203 2.0723 2.07257 2.07283 2.07308 2.07332 2.07354 2.07375 2.07395 2.07413 2.0743 2.07446 2.07461 2.07475 2.07489 2.07502 2.07516 2.07529 2.07543 2.07558 2.07575 2.07592 2.07612 2.07634 2.07658 2.07684 2.07713 2.07745 2.07779 2.07816 2.07856 2.07897 2.07942 2.07987 2.08035 2.08083 2.08132 2.08181 2.08229 2.08275 2.0832 2.08363 2.08402 2.08438 2.0847 2.08497 2.08518 2.08535 2.08546 2.08551 2.0855 2.08544 2.08532 2.08514 2.08491 2.08463 2.08431 2.08395 2.08356 2.08313 2.08269 2.08223 2.08176 2.08128 2.0808 2.08033 2.07988 2.07943 2.07901 2.07861 2.07823 2.07788 2.07755 2.07726 2.07699 2.07676 2.07655 2.07638 2.07623 2.07612 2.07603 2.07597 2.07593 2.07593 2.07595 2.07599 2.07607 2.07616 2.07628 2.07643 2.07659 2.07678 2.07698 2.07721 2.07745 2.0777 2.07797 2.07824 2.07851 
2.07201 2.07229 2.07256 2.07283 2.07309 2.07334 2.07358 2.0738 2.07402 2.07422 2.0744 2.07458 2.07474 2.0749 2.07505 2.0752 2.07534 2.07549 2.07564 2.07581 2.07598 2.07618 2.07639 2.07662 2.07688 2.07717 2.07749 2.07784 2.07823 2.07865 2.07909 2.07957 2.08008 2.08061 2.08117 2.08174 2.08232 2.0829 2.08349 2.08406 2.08462 2.08516 2.08567 2.08614 2.08656 2.08694 2.08726 2.08751 2.08771 2.08784 2.0879 2.08788 2.0878 2.08766 2.08744 2.08717 2.08683 2.08645 2.08601 2.08554 2.08503 2.0845 2.08394 2.08338 2.0828 2.08223 2.08167 2.08112 2.08058 2.08007 2.07959 2.07913 2.0787 2.07831 2.07796 2.07763 2.07735 2.07709 2.07688 2.07669 2.07655 2.07643 2.07634 2.07629 2.07627 2.07627 2.0763 2.07636 2.07645 2.07657 2.0767 2.07687 2.07705 2.07725 2.07747 2.07771 2.07796 2.07823 2.0785 2.07877 
2.07226 2.07254 2.07281 2.07308 2.07334 2.07359 2.07383 2.07406 2.07428 2.07448 2.07467 2.07485 2.07502 2.07519 2.07535 2.07551 2.07568 2.07585 2.07603 2.07622 2.07643 2.07667 2.07693 2.07722 2.07755 2.07791 2.0783 2.07874 2.07922 2.07974 2.08029 2.08089 2.08152 2.08217 2.08286 2.08356 2.08427 2.08499 2.08571 2.08642 2.0871 2.08776 2.08837 2.08894 2.08946 2.08991 2.0903 2.09061 2.09085 2.091 2.09107 2.09105 2.09095 2.09076 2.0905 2.09016 2.08975 2.08928 2.08874 2.08816 2.08754 2.08688 2.0862 2.08551 2.08481 2.0841 2.08341 2.08273 2.08207 2.08144 2.08084 2.08028 2.07975 2.07926 2.07882 2.07842 2.07806 2.07774 2.07747 2.07723 2.07704 2.07688 2.07676 2.07668 2.07663 2.07661 2.07663 2.07667 2.07675 2.07685 2.07698 2.07714 2.07731 2.07751 2.07773 2.07797 2.07822 2.07848 2.07875 2.07902 
2.0725 2.07277 2.07305 2.07332 2.07358 2.07383 2.07407 2.0743 2.07452 2.07473 2.07493 2.07512 2.0753 2.07548 2.07566 2.07584 2.07603 2.07623 2.07645 2.07669 2.07695 2.07724 2.07757 2.07793 2.07834 2.0788 2.0793 2.07985 2.08045 2.0811 2.0818 2.08255 2.08333 2.08416 2.08501 2.08588 2.08677 2.08766 2.08855 2.08942 2.09027 2.09108 2.09184 2.09254 2.09317 2.09373 2.0942 2.09458 2.09486 2.09505 2.09512 2.0951 2.09497 2.09474 2.09441 2.09399 2.09348 2.09289 2.09223 2.09151 2.09074 2.08993 2.08909 2.08823 2.08735 2.08648 2.08562 2.08477 2.08395 2.08317 2.08242 2.08171 2.08105 2.08044 2.07988 2.07937 2.07892 2.07851 2.07816 2.07786 2.0776 2.07739 2.07722 2.0771 2.07702 2.07697 2.07696 2.07699 2.07705 2.07714 2.07726 2.0774 2.07757 2.07777 2.07798 2.07821 2.07846 2.07872 2.07899 2.07926 
2.07272 2.073 2.07327 2.07354 2.0738 2.07406 2.0743 2.07454 2.07476 2.07498 2.07519 2.07539 2.07559 2.07578 2.07599 2.07619 2.07642 2.07666 2.07692 2.07721 2.07754 2.07791 2.07832 2.07878 2.0793 2.07987 2.08051 2.08121 2.08197 2.08279 2.08367 2.08461 2.0856 2.08663 2.08769 2.08878 2.08989 2.091 2.0921 2.09318 2.09423 2.09523 2.09617 2.09703 2.09781 2.09849 2.09907 2.09953 2.09988 2.1001 2.10019 2.10015 2.09999 2.0997 2.09929 2.09877 2.09813 2.0974 2.09659 2.0957 2.09474 2.09373 2.09268 2.09161 2.09053 2.08944 2.08836 2.08731 2.08629 2.0853 2.08436 2.08348 2.08265 2.08188 2.08117 2.08053 2.07995 2.07943 2.07898 2.07859 2.07825 2.07797 2.07775 2.07757 2.07744 2.07736 2.07732 2.07732 2.07735 2.07743 2.07753 2.07766 2.07782 2.07801 2.07822 2.07845 2.07869 2.07895 2.07921 2.07948 
2.07293 2.07321 2.07348 2.07375 2.07402 2.07428 2.07452 2.07476 2.075 2.07522 2.07544 2.07566 2.07587 2.0761 2.07633 2.07657 2.07684 2.07713 2.07745 2.07781 2.07822 2.07869 2.07921 2.07979 2.08045 2.08118 2.08198 2.08286 2.08382 2.08486 2.08597 2.08714 2.08838 2.08967 2.091 2.09236 2.09373 2.09511 2.09648 2.09781 2.0991 2.10033 2.10148 2.10255 2.1035 2.10434 2.10504 2.10561 2.10603 2.10629 2.1064 2.10635 2.10614 2.10578 2.10527 2.10462 2.10384 2.10294 2.10193 2.10082 2.09964 2.09839 2.09709 2.09576 2.09442 2.09307 2.09173 2.09042 2.08914 2.08791 2.08674 2.08563 2.08459 2.08362 2.08273 2.08192 2.08118 2.08053 2.07995 2.07944 2.07901 2.07864 2.07834 2.0781 2.07791 2.07778 2.0777 2.07766 2.07767 2.07772 2.0778 2.07792 2.07807 2.07825 2.07845 2.07867 2.07891 2.07916 2.07942 2.07969 
2.07312 2.0734 2.07368 2.07395 2.07422 2.07448 2.07473 2.07498 2.07522 2.07546 2.07569 2.07593 2.07617 2.07642 2.07669 2.07698 2.0773 2.07766 2.07806 2.07851 2.07903 2.07961 2.08027 2.081 2.08183 2.08275 2.08376 2.08487 2.08608 2.08737 2.08876 2.09023 2.09177 2.09337 2.09502 2.0967 2.0984 2.1001 2.10178 2.10343 2.10501 2.10652 2.10793 2.10922 2.11039 2.11141 2.11226 2.11295 2.11346 2.11377 2.1139 2.11383 2.11357 2.11312 2.1125 2.1117 2.11073 2.10962 2.10838 2.10702 2.10557 2.10403 2.10243 2.10079 2.09913 2.09746 2.09581 2.09418 2.0926 2.09107 2.08961 2.08823 2.08693 2.08572 2.0846 2.08358 2.08266 2.08183 2.08109 2.08045 2.07989 2.07941 2.07901 2.07869 2.07843 2.07824 2.07811 2.07803 2.078 2.07802 2.07808 2.07818 2.07832 2.07848 2.07867 2.07888 2.07912 2.07936 2.07962 2.07989 
2.07331 2.07358 2.07386 2.07413 2.0744 2.07467 2.07493 2.07519 2.07544 2.07569 2.07595 2.07621 2.07648 2.07677 2.07709 2.07743 2.07782 2.07826 2.07876 2.07932 2.07997 2.0807 2.08152 2.08245 2.08349 2.08464 2.08591 2.08729 2.0888 2.09041 2.09213 2.09395 2.09585 2.09783 2.09986 2.10193 2.10402 2.1061 2.10816 2.11016 2.11209 2.11393 2.11564 2.11721 2.11862 2.11986 2.12089 2.12172 2.12232 2.1227 2.12285 2.12276 2.12244 2.12189 2.12112 2.12014 2.11896 2.11761 2.11609 2.11443 2.11265 2.11078 2.10882 2.10681 2.10477 2.10273 2.1007 2.09869 2.09674 2.09486 2.09306 2.09134 2.08973 2.08823 2.08684 2.08557 2.08441 2.08337 2.08244 2.08163 2.08092 2.08031 2.07979 2.07937 2.07902 2.07876 2.07856 2.07843 2.07836 2.07834 2.07837 2.07844 2.07856 2.07871 2.07888 2.07909 2.07931 2.07955 2.07981 2.08008 
2.07347 2.07375 2.07403 2.0743 2.07458 2.07485 2.07512 2.07539 2.07566 2.07593 2.07621 2.0765 2.07681 2.07715 2.07753 2.07794 2.07842 2.07896 2.07957 2.08028 2.08108 2.08199 2.08302 2.08418 2.08547 2.0869 2.08848 2.09019 2.09205 2.09405 2.09617 2.0984 2.10074 2.10316 2.10564 2.10816 2.1107 2.11324 2.11573 2.11816 2.12049 2.12271 2.12477 2.12666 2.12836 2.12984 2.13108 2.13206 2.13278 2.13323 2.1334 2.13328 2.13289 2.13222 2.13129 2.1301 2.12868 2.12704 2.12521 2.1232 2.12104 2.11876 2.11639 2.11395 2.11148 2.10898 2.10651 2.10406 2.10168 2.09937 2.09716 2.09506 2.09307 2.09122 2.08951 2.08793 2.08649 2.0852 2.08404 2.08302 2.08213 2.08135 2.0807 2.08015 2.0797 2.07934 2.07906 2.07887 2.07874 2.07868 2.07867 2.07871 2.0788 2.07893 2.07909 2.07928 2.0795 2.07973 2.07998 2.08025 
2.07363 2.0739 2.07418 2.07446 2.07474 2.07502 2.0753 2.07559 2.07587 2.07617 2.07648 2.07681 2.07717 2.07757 2.07802 2.07853 2.0791 2.07977 2.08053 2.0814 2.08239 2.08352 2.0848 2.08623 2.08783 2.0896 2.09154 2.09365 2.09593 2.09837 2.10096 2.10368 2.10653 2.10946 2.11247 2.11552 2.11859 2.12164 2.12464 2.12755 2.13035 2.133 2.13547 2.13773 2.13975 2.1415 2.14298 2.14415 2.145 2.14552 2.14571 2.14557 2.14509 2.14428 2.14316 2.14174 2.14004 2.13807 2.13587 2.13346 2.13087 2.12813 2.12528 2.12234 2.11935 2.11634 2.11335 2.11039 2.1075 2.1047 2.10201 2.09944 2.09702 2.09476 2.09266 2.09072 2.08895 2.08736 2.08593 2.08466 2.08354 2.08257 2.08174 2.08104 2.08046 2.08 2.07963 2.07935 2.07916 2.07904 2.07898 2.07899 2.07905 2.07915 2.0793 2.07947 2.07967 2.0799 2.08015 2.0804 
2.07377 2.07405 2.07433 2.07461 2.0749 2.07519 2.07548 2.07578 2.0761 2.07642 2.07677 2.07715 2.07757 2.07804 2.07858 2.07919 2.0799 2.08071 2.08164 2.08271 2.08394 2.08533 2.0869 2.08866 2.09062 2.09279 2.09516 2.09773 2.10051 2.10347 2.10661 2.1099 2.11333 2.11686 2.12047 2.12413 2.1278 2.13144 2.13501 2.13848 2.14181 2.14495 2.14787 2.15054 2.15293 2.155 2.15674 2.15811 2.15911 2.15972 2.15993 2.15975 2.15918 2.15822 2.15689 2.15519 2.15317 2.15083 2.14822 2.14535 2.14227 2.139 2.1356 2.1321 2.12852 2.12492 2.12133 2.11778 2.11431 2.11093 2.10769 2.10459 2.10166 2.09892 2.09636 2.094 2.09185 2.08989 2.08814 2.08658 2.0852 2.084 2.08296 2.08209 2.08135 2.08075 2.08027 2.07989 2.07962 2.07943 2.07932 2.07929 2.07931 2.07938 2.0795 2.07966 2.07985 2.08006 2.0803 2.08055 
2.07391 2.07418 2.07446 2.07475 2.07505 2.07535 2.07566 2.07599 2.07633 2.07669 2.07709 2.07753 2.07802 2.07858 2.07922 2.07996 2.08082 2.08181 2.08295 2.08427 2.08576 2.08746 2.08938 2.09153 2.09391 2.09654 2.09941 2.10253 2.10587 2.10943 2.1132 2.11715 2.12124 2.12546 2.12976 2.13411 2.13846 2.14276 2.14699 2.15108 2.15499 2.15869 2.16212 2.16525 2.16804 2.17046 2.17248 2.17408 2.17524 2.17595 2.17619 2.17597 2.17529 2.17416 2.17258 2.17059 2.16821 2.16546 2.16237 2.159 2.15536 2.15151 2.14749 2.14334 2.13911 2.13484 2.13057 2.12634 2.1222 2.11817 2.11429 2.11058 2.10707 2.10376 2.10068 2.09784 2.09523 2.09286 2.09072 2.08882 2.08713 2.08566 2.08438 2.08329 2.08237 2.08161 2.081 2.08051 2.08014 2.07987 2.0797 2.0796 2.07958 2.07962 2.07971 2.07984 2.08001 2.08022 2.08044 2.08069 
2.07404 2.07431 2.07459 2.07489 2.0752 2.07551 2.07584 2.07619 2.07657 2.07698 2.07743 2.07794 2.07853 2.07919 2.07996 2.08086 2.0819 2.0831 2.08449 2.08608 2.0879 2.08997 2.09229 2.09488 2.09776 2.10092 2.10437 2.1081 2.1121 2.11635 2.12084 2.12552 2.13038 2.13536 2.14044 2.14556 2.15067 2.15572 2.16066 2.16545 2.17001 2.17432 2.17831 2.18195 2.18519 2.18799 2.19033 2.19218 2.19351 2.19432 2.19459 2.19432 2.19352 2.1922 2.19036 2.18804 2.18526 2.18205 2.17846 2.17451 2.17026 2.16576 2.16105 2.15618 2.15121 2.14619 2.14116 2.13617 2.13128 2.12651 2.1219 2.1175 2.11331 2.10937 2.10569 2.10228 2.09915 2.0963 2.09373 2.09142 2.08938 2.08759 2.08603 2.08469 2.08356 2.08261 2.08183 2.08121 2.08072 2.08036 2.08011 2.07995 2.07987 2.07987 2.07992 2.08003 2.08018 2.08037 2.08058 2.08082 
2.07416 2.07443 2.07472 2.07502 2.07534 2.07568 2.07603 2.07642 2.07684 2.0773 2.07782 2.07842 2.0791 2.0799 2.08082 2.0819 2.08315 2.0846 2.08628 2.0882 2.09039 2.09288 2.09567 2.09878 2.10222 2.106 2.11011 2.11454 2.11928 2.12431 2.1296 2.13512 2.14082 2.14667 2.1526 2.15858 2.16453 2.17041 2.17614 2.18168 2.18697 2.19194 2.19654 2.20072 2.20445 2.20767 2.21035 2.21246 2.21399 2.21491 2.21521 2.21489 2.21396 2.21242 2.2103 2.20762 2.20441 2.2007 2.19654 2.19198 2.18706 2.18183 2.17636 2.17071 2.16492 2.15906 2.15319 2.14736 2.14162 2.13602 2.13061 2.12541 2.12047 2.11581 2.11145 2.1074 2.10367 2.10027 2.09719 2.09443 2.09198 2.08981 2.08793 2.0863 2.08492 2.08375 2.08279 2.08201 2.08139 2.08091 2.08056 2.08033 2.08019 2.08013 2.08015 2.08022 2.08035 2.08052 2.08072 2.08095 
2.07428 2.07455 2.07484 2.07516 2.07549 2.07585 2.07623 2.07666 2.07713 2.07766 2.07826 2.07896 2.07977 2.08071 2.08181 2.0831 2.0846 2.08634 2.08835 2.09066 2.09328 2.09625 2.09957 2.10328 2.10736 2.11183 2.11669 2.12191 2.12748 2.13338 2.13957 2.14601 2.15265 2.15945 2.16633 2.17324 2.18012 2.18689 2.19349 2.19985 2.20591 2.21159 2.21686 2.22163 2.22588 2.22954 2.23259 2.23499 2.23671 2.23775 2.23808 2.23771 2.23663 2.23488 2.23245 2.22938 2.2257 2.22146 2.21669 2.21146 2.20581 2.1998 2.19351 2.18699 2.18031 2.17354 2.16674 2.15998 2.15331 2.14679 2.14047 2.1344 2.12862 2.12315 2.11802 2.11325 2.10885 2.10482 2.10117 2.09789 2.09496 2.09237 2.09011 2.08816 2.08648 2.08506 2.08388 2.08292 2.08214 2.08153 2.08108 2.08075 2.08054 2.08042 2.08039 2.08043 2.08053 2.08067 2.08086 2.08108 
2.0744 2.07467 2.07497 2.07529 2.07564 2.07603 2.07645 2.07692 2.07745 2.07806 2.07876 2.07957 2.08053 2.08164 2.08295 2.08449 2.08628 2.08835 2.09074 2.09349 2.0966 2.10012 2.10405 2.10842 2.11323 2.11848 2.12416 2.13027 2.13677 2.14363 2.15081 2.15826 2.16594 2.17376 2.18168 2.18961 2.19748 2.20522 2.21274 2.21998 2.22687 2.23332 2.23928 2.24468 2.24948 2.25361 2.25705 2.25974 2.26168 2.26284 2.2632 2.26277 2.26155 2.25955 2.2568 2.25332 2.24915 2.24434 2.23893 2.23298 2.22655 2.21971 2.21253 2.20508 2.19743 2.18967 2.18186 2.17408 2.1664 2.15887 2.15156 2.14452 2.1378 2.13143 2.12545 2.11988 2.11472 2.11 2.1057 2.10183 2.09836 2.0953 2.09261 2.09027 2.08827 2.08656 2.08513 2.08395 2.083 2.08224 2.08165 2.08122 2.08093 2.08074 2.08065 2.08065 2.08071 2.08083 2.081 2.08121 
2.07452 2.07479 2.0751 2.07543 2.07581 2.07622 2.07669 2.07721 2.07781 2.07851 2.07932 2.08028 2.0814 2.08271 2.08427 2.08608 2.0882 2.09066 2.09349 2.09672 2.10039 2.10453 2.10914 2.11426 2.11987 2.12599 2.13259 2.13967 2.14718 2.1551 2.16336 2.17192 2.18071 2.18965 2.19868 2.2077 2.21663 2.2254 2.23391 2.24209 2.24984 2.2571 2.26379 2.26985 2.27522 2.27985 2.28368 2.28669 2.28885 2.29013 2.29053 2.29003 2.28866 2.28641 2.28332 2.27941 2.27473 2.26931 2.26322 2.25652 2.24927 2.24154 2.23342 2.22498 2.21631 2.20748 2.19859 2.18971 2.18093 2.1723 2.16392 2.15582 2.14807 2.14072 2.1338 2.12733 2.12134 2.11583 2.11082 2.10628 2.10222 2.09862 2.09545 2.09268 2.0903 2.08827 2.08655 2.08513 2.08397 2.08304 2.08231 2.08176 2.08136 2.08109 2.08094 2.08088 2.08091 2.081 2.08114 2.08134 
2.07465 2.07492 2.07523 2.07558 2.07598 2.07643 2.07695 2.07754 2.07822 2.07903 2.07997 2.08108 2.08239 2.08394 2.08576 2.0879 2.09039 2.09328 2.0966 2.10039 2.10469 2.10951 2.11488 2.12082 2.12733 2.1344 2.14201 2.15015 2.15877 2.16783 2.17726 2.18701 2.19699 2.20713 2.21733 2.22751 2.23757 2.24742 2.25696 2.26611 2.27478 2.28287 2.29033 2.29707 2.30303 2.30816 2.3124 2.31573 2.31812 2.31953 2.31996 2.3194 2.31786 2.31536 2.31192 2.30757 2.30236 2.29632 2.28953 2.28204 2.27393 2.26528 2.25617 2.24668 2.23692 2.22697 2.21693 2.20688 2.19691 2.18712 2.17756 2.16833 2.15947 2.15104 2.14309 2.13564 2.12873 2.12237 2.11656 2.11129 2.10656 2.10236 2.09865 2.0954 2.0926 2.09019 2.08816 2.08646 2.08507 2.08394 2.08304 2.08235 2.08184 2.08148 2.08126 2.08114 2.08112 2.08117 2.0813 2.08147 
2.07478 2.07505 2.07537 2.07575 2.07618 2.07667 2.07724 2.07791 2.07869 2.07961 2.0807 2.08199 2.08352 2.08533 2.08746 2.08997 2.09288 2.09625 2.10012 2.10453 2.10951 2.1151 2.1213 2.12815 2.13563 2.14374 2.15245 2.16174 2.17155 2.18183 2.19251 2.20352 2.21477 2.22617 2.23762 2.24901 2.26024 2.27122 2.28183 2.29199 2.30159 2.31054 2.31877 2.32621 2.33277 2.33841 2.34308 2.34673 2.34934 2.35088 2.35134 2.35072 2.34903 2.34627 2.34247 2.33767 2.33191 2.32525 2.31773 2.30944 2.30045 2.29084 2.2807 2.27014 2.25924 2.24811 2.23685 2.22557 2.21436 2.20331 2.19251 2.18205 2.172 2.16241 2.15335 2.14484 2.13693 2.12963 2.12294 2.11687 2.11141 2.10654 2.10223 2.09845 2.09518 2.09236 2.08997 2.08796 2.0863 2.08495 2.08387 2.08302 2.08238 2.08192 2.08161 2.08143 2.08135 2.08137 2.08146 2.08162 
2.07493 2.0752 2.07553 2.07592 2.07639 2.07693 2.07757 2.07832 2.07921 2.08027 2.08152 2.08302 2.0848 2.0869 2.08938 2.09229 2.09567 2.09957 2.10405 2.10914 2.11488 2.1213 2.12842 2.13625 2.14479 2.15402 2.16391 2.17442 2.18551 2.19709 2.2091 2.22144 2.23402 2.24673 2.25947 2.27212 2.28457 2.2967 2.30841 2.31959 2.33014 2.33996 2.34898 2.35711 2.36428 2.37043 2.37552 2.37949 2.38233 2.384 2.3845 2.38381 2.38196 2.37894 2.37479 2.36954 2.36324 2.35593 2.34769 2.33859 2.3287 2.31811 2.30693 2.29525 2.28318 2.27083 2.25831 2.24574 2.23322 2.22085 2.20875 2.19699 2.18566 2.17484 2.16458 2.15493 2.14594 2.13762 2.12999 2.12305 2.11678 2.11118 2.10621 2.10185 2.09805 2.09478 2.09199 2.08964 2.08769 2.08608 2.08479 2.08377 2.08299 2.0824 2.082 2.08174 2.0816 2.08158 2.08164 2.08178 
2.07509 2.07536 2.0757 2.07612 2.07662 2.07722 2.07793 2.07878 2.07979 2.081 2.08245 2.08418 2.08623 2.08866 2.09153 2.09488 2.09878 2.10328 2.10842 2.11426 2.12082 2.12815 2.13625 2.14514 2.15481 2.16524 2.17638 2.1882 2.20063 2.21358 2.22697 2.2407 2.25466 2.26873 2.2828 2.29674 2.31042 2.32373 2.33655 2.34876 2.36026 2.37096 2.38075 2.38957 2.39734 2.404 2.4095 2.41379 2.41685 2.41865 2.41918 2.41843 2.41642 2.41315 2.40865 2.40296 2.39612 2.38819 2.37923 2.36931 2.35852 2.34696 2.33471 2.3219 2.30864 2.29504 2.28123 2.26732 2.25344 2.2397 2.22622 2.2131 2.20044 2.1883 2.17678 2.16592 2.15577 2.14636 2.13771 2.12982 2.12269 2.11629 2.11061 2.1056 2.10124 2.09746 2.09423 2.09151 2.08922 2.08734 2.08582 2.0846 2.08366 2.08294 2.08243 2.08209 2.08189 2.08181 2.08183 2.08195 
2.07526 2.07553 2.07589 2.07634 2.07688 2.07755 2.07834 2.0793 2.08045 2.08183 2.08349 2.08547 2.08783 2.09062 2.09391 2.09776 2.10222 2.10736 2.11323 2.11987 2.12733 2.13563 2.14479 2.15481 2.16568 2.17738 2.18985 2.20303 2.21686 2.23124 2.24607 2.26123 2.27661 2.29207 2.30749 2.32273 2.33765 2.35214 2.36606 2.3793 2.39174 2.40329 2.41385 2.42335 2.4317 2.43885 2.44474 2.44935 2.45262 2.45454 2.45511 2.4543 2.45214 2.44863 2.4438 2.43768 2.43032 2.42177 2.4121 2.40139 2.38971 2.37717 2.36388 2.34994 2.33547 2.3206 2.30547 2.29021 2.27493 2.25979 2.24489 2.23035 2.21628 2.20278 2.18992 2.17778 2.1664 2.15583 2.14609 2.13719 2.12912 2.12188 2.11542 2.10972 2.10473 2.10041 2.09671 2.09356 2.09092 2.08874 2.08695 2.08552 2.0844 2.08354 2.08291 2.08247 2.08219 2.08206 2.08204 2.08213 
2.07545 2.07572 2.0761 2.07658 2.07717 2.07791 2.0788 2.07987 2.08118 2.08275 2.08464 2.0869 2.0896 2.09279 2.09654 2.10092 2.106 2.11183 2.11848 2.12599 2.1344 2.14374 2.15402 2.16524 2.17738 2.1904 2.20425 2.21886 2.23414 2.24999 2.26629 2.28291 2.29973 2.3166 2.33337 2.34991 2.36608 2.38173 2.39674 2.41098 2.42435 2.43672 2.44802 2.45816 2.46707 2.47469 2.48097 2.48586 2.48934 2.49138 2.49197 2.49112 2.48881 2.48508 2.47993 2.47341 2.46555 2.45642 2.44607 2.43458 2.42205 2.40856 2.39422 2.37916 2.3635 2.34737 2.33092 2.31427 2.29759 2.281 2.26465 2.24865 2.23314 2.21821 2.20396 2.19048 2.17781 2.16602 2.15513 2.14515 2.13609 2.12793 2.12065 2.1142 2.10854 2.10363 2.09941 2.09581 2.09279 2.09027 2.0882 2.08654 2.08521 2.08419 2.08343 2.08289 2.08253 2.08234 2.08228 2.08234 
2.07565 2.07593 2.07632 2.07684 2.07749 2.0783 2.0793 2.08051 2.08198 2.08376 2.08591 2.08848 2.09154 2.09516 2.09941 2.10437 2.11011 2.11669 2.12416 2.13259 2.14201 2.15245 2.16391 2.17638 2.18985 2.20425 2.21953 2.23561 2.25238 2.26972 2.28752 2.30562 2.32388 2.34215 2.36028 2.37811 2.39549 2.41228 2.42834 2.44355 2.4578 2.47096 2.48296 2.49372 2.50315 2.51121 2.51784 2.523 2.52667 2.52882 2.52945 2.52855 2.52611 2.52217 2.51673 2.50983 2.50152 2.49183 2.48084 2.46862 2.45526 2.44085 2.42551 2.40936 2.39253 2.37515 2.35738 2.33937 2.32127 2.30323 2.28539 2.26791 2.25092 2.23452 2.21884 2.20396 2.18996 2.17689 2.16479 2.15368 2.14357 2.13444 2.12628 2.11903 2.11267 2.10712 2.10234 2.09826 2.09481 2.09194 2.08957 2.08764 2.08611 2.08491 2.08401 2.08335 2.0829 2.08264 2.08253 2.08256 
2.07588 2.07616 2.07657 2.07713 2.07784 2.07874 2.07985 2.08121 2.08286 2.08487 2.08729 2.09019 2.09365 2.09773 2.10253 2.1081 2.11454 2.12191 2.13027 2.13967 2.15015 2.16174 2.17442 2.1882 2.20303 2.21886 2.23561 2.25318 2.27146 2.29032 2.30961 2.32919 2.34889 2.36855 2.388 2.40709 2.42565 2.44353 2.46061 2.47674 2.49181 2.50572 2.51837 2.52969 2.5396 2.54806 2.55502 2.56043 2.56427 2.56653 2.56719 2.56624 2.5637 2.55957 2.55387 2.54663 2.53789 2.5277 2.51611 2.50321 2.48907 2.4738 2.4575 2.4403 2.42233 2.40374 2.38468 2.36532 2.34581 2.32631 2.307 2.28802 2.26952 2.25163 2.23448 2.21817 2.20278 2.18839 2.17503 2.16275 2.15154 2.14139 2.1323 2.12422 2.11709 2.11088 2.1055 2.1009 2.097 2.09374 2.09104 2.08884 2.08708 2.08569 2.08463 2.08385 2.08331 2.08297 2.08281 2.08281 
2.07613 2.07641 2.07684 2.07745 2.07823 2.07922 2.08045 2.08197 2.08382 2.08608 2.0888 2.09205 2.09593 2.10051 2.10587 2.1121 2.11928 2.12748 2.13677 2.14718 2.15877 2.17155 2.18551 2.20063 2.21686 2.23414 2.25238 2.27146 2.29126 2.31163 2.33242 2.35346 2.37457 2.39558 2.41632 2.43661 2.4563 2.47523 2.49325 2.51024 2.52608 2.54067 2.55392 2.56575 2.5761 2.58492 2.59216 2.5978 2.6018 2.60415 2.60484 2.60386 2.60122 2.59693 2.591 2.58346 2.57435 2.5637 2.55158 2.53805 2.5232 2.50712 2.48992 2.47172 2.45267 2.43291 2.41261 2.39192 2.37103 2.3501 2.32931 2.30883 2.28882 2.26943 2.25079 2.23302 2.21622 2.20046 2.18581 2.1723 2.15995 2.14875 2.13869 2.12972 2.12181 2.11488 2.10888 2.10373 2.09935 2.09568 2.09263 2.09013 2.08812 2.08653 2.08531 2.08439 2.08374 2.08333 2.08311 2.08307 
2.07639 2.07668 2.07714 2.07779 2.07865 2.07974 2.0811 2.08279 2.08486 2.08737 2.09041 2.09405 2.09837 2.10347 2.10943 2.11635 2.12431 2.13338 2.14363 2.1551 2.16783 2.18183 2.19709 2.21358 2.23124 2.24999 2.26972 2.29032 2.31163 2.33351 2.35576 2.37823 2.40071 2.42303 2.445 2.46644 2.48719 2.50709 2.52599 2.54377 2.56031 2.57551 2.58929 2.60158 2.61231 2.62144 2.62893 2.63476 2.63889 2.64133 2.64204 2.64104 2.63833 2.63391 2.62779 2.61999 2.61056 2.59951 2.58692 2.57283 2.55733 2.54051 2.52248 2.50337 2.4833 2.46243 2.44093 2.41897 2.39674 2.37441 2.35217 2.33021 2.30869 2.28779 2.26766 2.24841 2.23018 2.21304 2.19706 2.1823 2.16877 2.15648 2.14541 2.13553 2.12678 2.11912 2.11246 2.10673 2.10185 2.09775 2.09433 2.09152 2.08924 2.08743 2.08603 2.08497 2.08421 2.08371 2.08344 2.08336 
2.07668 2.07697 2.07746 2.07816 2.07909 2.08029 2.0818 2.08367 2.08597 2.08876 2.09213 2.09617 2.10096 2.10661 2.1132 2.12084 2.1296 2.13957 2.15081 2.16336 2.17726 2.19251 2.2091 2.22697 2.24607 2.26629 2.28752 2.30961 2.33242 2.35576 2.37946 2.4033 2.4271 2.45067 2.4738 2.49632 2.51805 2.53884 2.55855 2.57703 2.59419 2.60993 2.62417 2.63685 2.6479 2.6573 2.665 2.67098 2.67523 2.67774 2.67848 2.67747 2.6747 2.67017 2.6639 2.6559 2.6462 2.63482 2.62182 2.60725 2.59118 2.57371 2.55493 2.53496 2.51395 2.49205 2.46942 2.44625 2.42273 2.39904 2.37539 2.35198 2.32899 2.30659 2.28496 2.26425 2.24456 2.22603 2.20871 2.19267 2.17794 2.16453 2.15243 2.1416 2.132 2.12356 2.11622 2.10989 2.10449 2.09993 2.09612 2.09298 2.09043 2.08839 2.0868 2.08559 2.08471 2.08412 2.08378 2.08367 
2.07698 2.07728 2.0778 2.07856 2.07957 2.08089 2.08255 2.08461 2.08714 2.09023 2.09395 2.0984 2.10368 2.1099 2.11715 2.12552 2.13512 2.14601 2.15826 2.17192 2.18701 2.20352 2.22144 2.2407 2.26123 2.28291 2.30562 2.32919 2.35346 2.37823 2.4033 2.42847 2.45352 2.47826 2.50248 2.52599 2.54863 2.57022 2.59064 2.60975 2.62745 2.64365 2.65827 2.67127 2.68258 2.69219 2.70006 2.70617 2.71051 2.71307 2.71384 2.71283 2.71002 2.70542 2.69904 2.69088 2.68097 2.66933 2.65599 2.64102 2.62447 2.60642 2.58697 2.56625 2.54438 2.52153 2.49785 2.47354 2.44879 2.42381 2.3988 2.37398 2.34954 2.32568 2.30258 2.2804 2.25928 2.23934 2.22067 2.20334 2.1874 2.17285 2.15969 2.1479 2.13742 2.1282 2.12015 2.1132 2.10725 2.10222 2.098 2.09452 2.09168 2.0894 2.08761 2.08625 2.08525 2.08456 2.08415 2.084 
2.07731 2.07761 2.07816 2.07897 2.08008 2.08152 2.08333 2.0856 2.08838 2.09177 2.09585 2.10074 2.10653 2.11333 2.12124 2.13038 2.14082 2.15265 2.16594 2.18071 2.19699 2.21477 2.23402 2.25466 2.27661 2.29973 2.32388 2.34889 2.37457 2.40071 2.4271 2.45352 2.47975 2.50558 2.5308 2.55522 2.57866 2.60097 2.62201 2.64165 2.6598 2.67638 2.69131 2.70456 2.71608 2.72584 2.73383 2.74003 2.74444 2.74705 2.74785 2.74683 2.74401 2.73937 2.73292 2.72466 2.71459 2.70275 2.68916 2.67386 2.65691 2.63838 2.61836 2.59697 2.57434 2.55062 2.52598 2.50061 2.47472 2.44851 2.42221 2.39603 2.37019 2.3449 2.32036 2.29674 2.2742 2.25287 2.23285 2.21424 2.19707 2.18138 2.16716 2.15438 2.14301 2.13298 2.12421 2.11662 2.11011 2.10459 2.09996 2.09612 2.09299 2.09046 2.08847 2.08694 2.0858 2.08502 2.08454 2.08434 
2.07765 2.07796 2.07854 2.07942 2.08061 2.08217 2.08416 2.08663 2.08967 2.09337 2.09783 2.10316 2.10946 2.11686 2.12546 2.13536 2.14667 2.15945 2.17376 2.18965 2.20713 2.22617 2.24673 2.26873 2.29207 2.3166 2.34215 2.36855 2.39558 2.42303 2.45067 2.47826 2.50558 2.53241 2.55853 2.58376 2.60792 2.63084 2.65241 2.67249 2.69101 2.70788 2.72305 2.73648 2.74813 2.758 2.76607 2.77234 2.77679 2.77943 2.78025 2.77925 2.77643 2.77178 2.7653 2.75698 2.74683 2.73485 2.72108 2.70554 2.68827 2.66934 2.64885 2.62688 2.60358 2.57909 2.55358 2.52725 2.5003 2.47294 2.44542 2.41795 2.39077 2.36411 2.33817 2.31314 2.2892 2.2665 2.24516 2.22527 2.20688 2.19004 2.17475 2.16099 2.14872 2.13787 2.12837 2.12014 2.11306 2.10704 2.10199 2.09778 2.09434 2.09156 2.08935 2.08765 2.08639 2.0855 2.08495 2.08471 
2.078 2.07832 2.07894 2.07987 2.08117 2.08286 2.08501 2.08769 2.091 2.09502 2.09986 2.10564 2.11247 2.12047 2.12976 2.14044 2.1526 2.16633 2.18168 2.19868 2.21733 2.23762 2.25947 2.2828 2.30749 2.33337 2.36028 2.388 2.41632 2.445 2.4738 2.50248 2.5308 2.55853 2.58547 2.61141 2.63618 2.65962 2.68162 2.70206 2.72085 2.73794 2.75327 2.76681 2.77855 2.78848 2.79659 2.80288 2.80735 2.81001 2.81086 2.80988 2.80708 2.80245 2.79597 2.78764 2.77746 2.76541 2.75153 2.73582 2.71832 2.69909 2.67821 2.65577 2.6319 2.60674 2.58046 2.55325 2.52532 2.49691 2.46824 2.43956 2.41111 2.38313 2.35585 2.32947 2.30417 2.28014 2.25749 2.23634 2.21675 2.19878 2.18243 2.16768 2.15451 2.14284 2.13261 2.12372 2.11607 2.10955 2.10406 2.09948 2.09573 2.09268 2.09026 2.08839 2.08699 2.086 2.08538 2.08508 
2.07837 2.07869 2.07934 2.08035 2.08174 2.08356 2.08588 2.08878 2.09236 2.0967 2.10193 2.10816 2.11552 2.12413 2.13411 2.14556 2.15858 2.17324 2.18961 2.2077 2.22751 2.24901 2.27212 2.29674 2.32273 2.34991 2.37811 2.40709 2.43661 2.46644 2.49632 2.52599 2.55522 2.58376 2.61141 2.63796 2.66325 2.68712 2.70946 2.73016 2.74915 2.76637 2.78179 2.79539 2.80716 2.8171 2.82521 2.8315 2.83598 2.83865 2.83951 2.83856 2.8358 2.83121 2.82477 2.81648 2.80631 2.79426 2.78033 2.76453 2.74688 2.72744 2.70626 2.68344 2.65909 2.63335 2.60639 2.57841 2.54961 2.52023 2.49051 2.46069 2.43105 2.40183 2.37326 2.34558 2.31898 2.29365 2.26974 2.24736 2.22659 2.2075 2.1901 2.17439 2.16032 2.14784 2.13688 2.12733 2.1191 2.11208 2.10616 2.10121 2.09714 2.09383 2.09119 2.08914 2.0876 2.08651 2.08581 2.08547 
2.07874 2.07907 2.07976 2.08083 2.08232 2.08427 2.08677 2.08989 2.09373 2.0984 2.10402 2.1107 2.11859 2.1278 2.13846 2.15067 2.16453 2.18012 2.19748 2.21663 2.23757 2.26024 2.28457 2.31042 2.33765 2.36608 2.39549 2.42565 2.4563 2.48719 2.51805 2.54863 2.57866 2.60792 2.63618 2.66325 2.68896 2.71317 2.73576 2.75664 2.77575 2.79304 2.80849 2.82209 2.83384 2.84374 2.85182 2.85808 2.86254 2.86521 2.86609 2.86518 2.86247 2.85794 2.85158 2.84335 2.83325 2.82124 2.80733 2.79151 2.77379 2.7542 2.73282 2.7097 2.68497 2.65876 2.63122 2.60256 2.57298 2.54272 2.51203 2.48118 2.45042 2.42003 2.39026 2.36134 2.3335 2.30693 2.28179 2.25822 2.23632 2.21614 2.19772 2.18105 2.1661 2.15282 2.14114 2.13094 2.12215 2.11463 2.10827 2.10295 2.09856 2.09499 2.09213 2.08991 2.08823 2.08703 2.08625 2.08587 
2.07912 2.07946 2.08018 2.08132 2.0829 2.08499 2.08766 2.091 2.09511 2.1001 2.1061 2.11324 2.12164 2.13144 2.14276 2.15572 2.17041 2.18689 2.20522 2.2254 2.24742 2.27122 2.2967 2.32373 2.35214 2.38173 2.41228 2.44353 2.47523 2.50709 2.53884 2.57022 2.60097 2.63084 2.65962 2.68712 2.71317 2.73763 2.76039 2.78138 2.80054 2.81784 2.83326 2.84681 2.85849 2.86833 2.87634 2.88255 2.88698 2.88964 2.89054 2.88967 2.88702 2.88257 2.8763 2.86818 2.85818 2.84627 2.83243 2.81664 2.79892 2.77927 2.75775 2.73443 2.7094 2.6828 2.65478 2.62553 2.59527 2.56423 2.53267 2.50086 2.46908 2.4376 2.40669 2.37662 2.3476 2.31985 2.29355 2.26884 2.24583 2.22461 2.20519 2.1876 2.1718 2.15774 2.14535 2.13452 2.12516 2.11715 2.11036 2.10468 2.09997 2.09614 2.09307 2.09067 2.08885 2.08755 2.0867 2.08627 
2.0795 2.07984 2.08061 2.08181 2.08349 2.08571 2.08855 2.0921 2.09648 2.10178 2.10816 2.11573 2.12464 2.13501 2.14699 2.16066 2.17614 2.19349 2.21274 2.23391 2.25696 2.28183 2.30841 2.33655 2.36606 2.39674 2.42834 2.46061 2.49325 2.52599 2.55855 2.59064 2.62201 2.65241 2.68162 2.70946 2.73576 2.76039 2.78326 2.80429 2.82345 2.84069 2.85604 2.86949 2.88107 2.8908 2.89873 2.90487 2.90926 2.9119 2.91281 2.91198 2.9094 2.90506 2.89891 2.89092 2.88105 2.86928 2.85555 2.83986 2.82218 2.80254 2.78096 2.7575 2.73226 2.70535 2.67693 2.64719 2.61633 2.5846 2.55227 2.51959 2.48688 2.4544 2.42244 2.39128 2.36116 2.3323 2.3049 2.27911 2.25506 2.23283 2.21246 2.19398 2.17736 2.16254 2.14946 2.13803 2.12812 2.11963 2.11242 2.10638 2.10137 2.09728 2.094 2.09143 2.08947 2.08806 2.08714 2.08667 
2.07987 2.08022 2.08102 2.08229 2.08406 2.08642 2.08942 2.09318 2.09781 2.10343 2.11016 2.11816 2.12755 2.13848 2.15108 2.16545 2.18168 2.19985 2.21998 2.24209 2.26611 2.29199 2.31959 2.34876 2.3793 2.41098 2.44355 2.47674 2.51024 2.54377 2.57703 2.60975 2.64165 2.67249 2.70206 2.73016 2.75664 2.78138 2.80429 2.82531 2.8444 2.86156 2.87679 2.89011 2.90156 2.91117 2.91899 2.92505 2.92937 2.93199 2.93291 2.93213 2.92963 2.92539 2.91938 2.91154 2.90184 2.89023 2.87665 2.86109 2.84352 2.82393 2.80234 2.77882 2.75343 2.7263 2.69756 2.66741 2.63604 2.60372 2.57069 2.53725 2.50368 2.4703 2.43738 2.40521 2.37407 2.34417 2.31574 2.28893 2.26389 2.24072 2.21945 2.20012 2.18272 2.16718 2.15345 2.14142 2.13099 2.12204 2.11443 2.10804 2.10274 2.0984 2.09491 2.09217 2.09008 2.08857 2.08758 2.08706 
2.08023 2.0806 2.08143 2.08275 2.08462 2.0871 2.09027 2.09423 2.0991 2.10501 2.11209 2.12049 2.13035 2.14181 2.15499 2.17001 2.18697 2.20591 2.22687 2.24984 2.27478 2.30159 2.33014 2.36026 2.39174 2.42435 2.4578 2.49181 2.52608 2.56031 2.59419 2.62745 2.6598 2.69101 2.72085 2.74915 2.77575 2.80054 2.82345 2.8444 2.8634 2.88042 2.8955 2.90867 2.91997 2.92944 2.93714 2.9431 2.94736 2.94996 2.95088 2.95015 2.94773 2.94361 2.93774 2.93007 2.92055 2.90912 2.89573 2.88033 2.86289 2.8434 2.82186 2.79833 2.77286 2.74556 2.71658 2.68609 2.6543 2.62145 2.58783 2.5537 2.51938 2.48517 2.45138 2.4183 2.38621 2.35536 2.32597 2.29823 2.27227 2.2482 2.22609 2.20597 2.18782 2.17161 2.15725 2.14467 2.13374 2.12435 2.11636 2.10963 2.10405 2.09947 2.09579 2.09288 2.09067 2.08906 2.088 2.08744 
2.08058 2.08095 2.08182 2.0832 2.08516 2.08776 2.09108 2.09523 2.10033 2.10652 2.11393 2.12271 2.133 2.14495 2.15869 2.17432 2.19194 2.21159 2.23332 2.2571 2.28287 2.31054 2.33996 2.37096 2.40329 2.43672 2.47096 2.50572 2.54067 2.57551 2.60993 2.64365 2.67638 2.70788 2.73794 2.76637 2.79304 2.81784 2.84069 2.86156 2.88042 2.8973 2.91221 2.92521 2.93634 2.94566 2.95323 2.95909 2.96329 2.96585 2.96678 2.96609 2.96376 2.95976 2.95403 2.94654 2.93721 2.92598 2.91278 2.89757 2.88029 2.86093 2.83948 2.81597 2.79047 2.76307 2.7339 2.70314 2.671 2.63772 2.60357 2.56885 2.53386 2.49892 2.46434 2.43044 2.3975 2.36578 2.33551 2.3069 2.28009 2.25521 2.23232 2.21146 2.19262 2.17577 2.16084 2.14773 2.13634 2.12653 2.11818 2.11115 2.1053 2.10049 2.09662 2.09357 2.09123 2.08954 2.08841 2.08781 
2.08091 2.08129 2.08219 2.08363 2.08567 2.08837 2.09184 2.09617 2.10148 2.10793 2.11564 2.12477 2.13547 2.14787 2.16212 2.17831 2.19654 2.21686 2.23928 2.26379 2.29033 2.31877 2.34898 2.38075 2.41385 2.44802 2.48296 2.51837 2.55392 2.58929 2.62417 2.65827 2.69131 2.72305 2.75327 2.78179 2.80849 2.83326 2.85604 2.87679 2.8955 2.91221 2.92695 2.93976 2.95073 2.95989 2.96733 2.97309 2.97722 2.97975 2.98069 2.98004 2.97779 2.9739 2.96833 2.96101 2.95187 2.94084 2.92785 2.91283 2.89574 2.87652 2.85519 2.83174 2.80624 2.77878 2.74948 2.71851 2.68608 2.65243 2.61784 2.5826 2.54703 2.51144 2.47617 2.44154 2.40783 2.37533 2.34427 2.31487 2.2873 2.26167 2.23807 2.21653 2.19707 2.17964 2.16417 2.15058 2.13876 2.12857 2.11988 2.11256 2.10646 2.10145 2.09741 2.09421 2.09176 2.08998 2.08879 2.08816 
2.08121 2.0816 2.08253 2.08402 2.08614 2.08894 2.09254 2.09703 2.10255 2.10922 2.11721 2.12666 2.13773 2.15054 2.16525 2.18195 2.20072 2.22163 2.24468 2.26985 2.29707 2.32621 2.35711 2.38957 2.42335 2.45816 2.49372 2.52969 2.56575 2.60158 2.63685 2.67127 2.70456 2.73648 2.76681 2.79539 2.82209 2.84681 2.86949 2.89011 2.90867 2.92521 2.93976 2.95241 2.9632 2.97222 2.97953 2.98519 2.98925 2.99174 2.99269 2.99208 2.98991 2.98613 2.9807 2.97355 2.9646 2.95377 2.94098 2.92616 2.90925 2.89019 2.86898 2.84562 2.82015 2.79266 2.76327 2.73214 2.69948 2.66553 2.63056 2.59488 2.5588 2.52266 2.48678 2.4515 2.41712 2.38393 2.35217 2.32208 2.29382 2.26752 2.24328 2.22114 2.20111 2.18315 2.1672 2.15318 2.14096 2.13043 2.12144 2.11386 2.10753 2.10233 2.09813 2.0948 2.09225 2.09039 2.08915 2.08848 
2.08149 2.08189 2.08284 2.08438 2.08656 2.08946 2.09317 2.09781 2.1035 2.11039 2.11862 2.12836 2.13975 2.15293 2.16804 2.18519 2.20445 2.22588 2.24948 2.27522 2.30303 2.33277 2.36428 2.39734 2.4317 2.46707 2.50315 2.5396 2.5761 2.61231 2.6479 2.68258 2.71608 2.74813 2.77855 2.80716 2.83384 2.85849 2.88107 2.90156 2.91997 2.93634 2.95073 2.9632 2.97384 2.98271 2.9899 2.99547 2.99946 3.00193 3.00288 3.00231 3.00021 2.99654 2.99124 2.98424 2.97546 2.96482 2.95222 2.93759 2.92085 2.90196 2.88087 2.8576 2.83218 2.80469 2.77524 2.74399 2.71115 2.67695 2.64168 2.60562 2.56912 2.5325 2.4961 2.46027 2.4253 2.39151 2.35915 2.32844 2.29958 2.2727 2.2479 2.22523 2.2047 2.18628 2.16991 2.1555 2.14294 2.1321 2.12284 2.11502 2.10849 2.10312 2.09878 2.09534 2.0927 2.09076 2.08947 2.08877 
2.08174 2.08214 2.08312 2.0847 2.08694 2.08991 2.09373 2.09849 2.10434 2.11141 2.11986 2.12984 2.1415 2.155 2.17046 2.18799 2.20767 2.22954 2.25361 2.27985 2.30816 2.33841 2.37043 2.404 2.43885 2.47469 2.51121 2.54806 2.58492 2.62144 2.6573 2.69219 2.72584 2.758 2.78848 2.8171 2.84374 2.86833 2.8908 2.91117 2.92944 2.94566 2.95989 2.97222 2.98271 2.99146 2.99854 3.00403 3.00797 3.0104 3.01135 3.01082 3.00878 3.0052 3.00002 2.99316 2.98454 2.97406 2.96164 2.94718 2.9306 2.91185 2.89089 2.86771 2.84234 2.81486 2.78537 2.75404 2.72105 2.68666 2.65113 2.61477 2.57792 2.5409 2.50407 2.46777 2.43231 2.39801 2.36514 2.33392 2.30454 2.27717 2.25189 2.22876 2.2078 2.18899 2.17225 2.15751 2.14465 2.13355 2.12405 2.11603 2.10933 2.10382 2.09935 2.09581 2.09308 2.09109 2.08976 2.08903 
2.08195 2.08236 2.08335 2.08497 2.08726 2.0903 2.0942 2.09907 2.10504 2.11226 2.12089 2.13108 2.14298 2.15674 2.17248 2.19033 2.21035 2.23259 2.25705 2.28368 2.3124 2.34308 2.37552 2.4095 2.44474 2.48097 2.51784 2.55502 2.59216 2.62893 2.665 2.70006 2.73383 2.76607 2.79659 2.82521 2.85182 2.87634 2.89873 2.91899 2.93714 2.95323 2.96733 2.97953 2.9899 2.99854 3.00553 3.01095 3.01484 3.01725 3.0182 3.0177 3.01572 3.01221 3.00713 3.00039 2.9919 2.98156 2.96929 2.95497 2.93853 2.91991 2.89905 2.87596 2.85064 2.82318 2.79366 2.76226 2.72917 2.69462 2.65889 2.62229 2.58515 2.54781 2.51063 2.47395 2.4381 2.40338 2.37009 2.33844 2.30866 2.28087 2.2552 2.2317 2.21039 2.19124 2.17421 2.15919 2.14609 2.13476 2.12508 2.11688 2.11004 2.1044 2.09983 2.0962 2.09342 2.09137 2.09 2.08925 
2.08212 2.08253 2.08354 2.08518 2.08751 2.09061 2.09458 2.09953 2.10561 2.11295 2.12172 2.13206 2.14415 2.15811 2.17408 2.19218 2.21246 2.23499 2.25974 2.28669 2.31573 2.34673 2.37949 2.41379 2.44935 2.48586 2.523 2.56043 2.5978 2.63476 2.67098 2.70617 2.74003 2.77234 2.80288 2.8315 2.85808 2.88255 2.90487 2.92505 2.9431 2.95909 2.97309 2.98519 2.99547 3.00403 3.01095 3.0163 3.02016 3.02255 3.02351 3.02303 3.02109 3.01764 3.01264 3.00599 2.9976 2.98738 2.97521 2.96101 2.94469 2.92616 2.90539 2.88236 2.85708 2.82963 2.8001 2.76865 2.73547 2.70081 2.66492 2.62814 2.59078 2.5532 2.51574 2.47877 2.44261 2.40758 2.37396 2.34199 2.31188 2.28378 2.2578 2.23401 2.21243 2.19303 2.17575 2.16052 2.14722 2.13573 2.12589 2.11756 2.11061 2.10487 2.10022 2.09652 2.09368 2.0916 2.0902 2.08943 
2.08225 2.08267 2.08369 2.08535 2.08771 2.09085 2.09486 2.09988 2.10603 2.11346 2.12232 2.13278 2.145 2.15911 2.17524 2.19351 2.21399 2.23671 2.26168 2.28885 2.31812 2.34934 2.38233 2.41685 2.45262 2.48934 2.52667 2.56427 2.6018 2.63889 2.67523 2.71051 2.74444 2.77679 2.80735 2.83598 2.86254 2.88698 2.90926 2.92937 2.94736 2.96329 2.97722 2.98925 2.99946 3.00797 3.01484 3.02016 3.02399 3.02637 3.02733 3.02686 3.02495 3.02155 3.0166 3.01001 3.0017 2.99155 2.97946 2.96534 2.94909 2.93063 2.90991 2.88692 2.86167 2.83423 2.80468 2.7732 2.73996 2.7052 2.66921 2.63229 2.59478 2.55702 2.51938 2.4822 2.44582 2.41057 2.37672 2.34452 2.31418 2.28586 2.25967 2.23567 2.21389 2.19431 2.17687 2.16149 2.14805 2.13643 2.12648 2.11806 2.11102 2.10521 2.1005 2.09676 2.09388 2.09177 2.09035 2.08957 
2.08234 2.08276 2.08379 2.08546 2.08784 2.091 2.09505 2.1001 2.10629 2.11377 2.1227 2.13323 2.14552 2.15972 2.17595 2.19432 2.21491 2.23775 2.26284 2.29013 2.31953 2.35088 2.384 2.41865 2.45454 2.49138 2.52882 2.56653 2.60415 2.64133 2.67774 2.71307 2.74705 2.77943 2.81001 2.83865 2.86521 2.88964 2.9119 2.93199 2.94996 2.96585 2.97975 2.99174 3.00193 3.0104 3.01725 3.02255 3.02637 3.02875 3.02971 3.02925 3.02736 3.02398 3.01906 3.0125 3.00422 2.99411 2.98207 2.96798 2.95176 2.93333 2.91264 2.88966 2.86442 2.83697 2.80741 2.77589 2.7426 2.70779 2.67173 2.63473 2.59713 2.55927 2.52151 2.48421 2.44771 2.41233 2.37835 2.34602 2.31555 2.2871 2.26078 2.23667 2.21478 2.19509 2.17755 2.16208 2.14856 2.13687 2.12685 2.11838 2.11129 2.10543 2.10069 2.09692 2.09401 2.09188 2.09045 2.08966 
