3.39541 3.39562 3.39585 3.39609 3.39635 3.39661 3.3969 3.39719 3.39751 3.39784 3.39819 3.39856 3.39895 3.39937 3.39983 3.40031 3.40083 3.4014 3.402 3.40265 3.40334 3.40409 3.40488 3.40573 3.40663 3.40758 3.40858 3.40962 3.41071 3.41184 3.413 3.41418 3.41539 3.41661 3.41784 3.41906 3.42027 3.42145 3.4226 3.42371 3.42477 3.42576 3.42667 3.42751 3.42826 3.42891 3.42945 3.42989 3.43022 3.43042 3.43051 3.43048 3.43033 3.43006 3.42968 3.42919 3.42859 3.4279 3.42711 3.42625 3.4253 3.4243 3.42323 3.42212 3.42098 3.41981 3.41863 3.41744 3.41625 3.41508 3.41392 3.4128 3.41171 3.41066 3.40966 3.40871 3.40782 3.40698 3.4062 3.40549 3.40484 3.40425 3.40372 3.40325 3.40285 3.4025 3.40221 3.40198 3.40179 3.40165 3.40156 3.40151 3.4015 3.40152 3.40158 3.40167 3.40178 3.40192 3.40208 3.40226 
3.39562 3.39583 3.39606 3.3963 3.39656 3.39683 3.39711 3.39741 3.39772 3.39805 3.3984 3.39877 3.39917 3.3996 3.40005 3.40054 3.40107 3.40163 3.40224 3.4029 3.4036 3.40435 3.40516 3.40602 3.40693 3.40789 3.4089 3.40996 3.41106 3.4122 3.41338 3.41458 3.41581 3.41705 3.41829 3.41953 3.42076 3.42196 3.42313 3.42426 3.42533 3.42633 3.42726 3.42811 3.42887 3.42953 3.43009 3.43053 3.43086 3.43107 3.43116 3.43113 3.43097 3.4307 3.43031 3.42982 3.42921 3.4285 3.42771 3.42682 3.42587 3.42484 3.42376 3.42264 3.42148 3.42029 3.41909 3.41788 3.41667 3.41548 3.41431 3.41317 3.41207 3.411 3.40999 3.40902 3.40812 3.40727 3.40648 3.40576 3.4051 3.4045 3.40397 3.4035 3.40309 3.40273 3.40244 3.4022 3.40201 3.40187 3.40178 3.40173 3.40171 3.40174 3.40179 3.40188 3.40199 3.40213 3.40229 3.40247 
3.39585 3.39606 3.39629 3.39653 3.39679 3.39706 3.39735 3.39765 3.39797 3.39831 3.39867 3.39905 3.39946 3.39989 3.40036 3.40087 3.40141 3.402 3.40264 3.40332 3.40405 3.40483 3.40567 3.40657 3.40752 3.40852 3.40958 3.41068 3.41183 3.41303 3.41425 3.41551 3.41679 3.41809 3.41939 3.42068 3.42196 3.42321 3.42443 3.42561 3.42672 3.42777 3.42874 3.42963 3.43042 3.4311 3.43168 3.43214 3.43248 3.4327 3.43279 3.43276 3.4326 3.43231 3.43191 3.43139 3.43075 3.43002 3.42918 3.42826 3.42726 3.42619 3.42506 3.42389 3.42268 3.42144 3.42018 3.41892 3.41766 3.41642 3.41519 3.414 3.41285 3.41174 3.41068 3.40967 3.40872 3.40783 3.40701 3.40625 3.40556 3.40493 3.40437 3.40388 3.40345 3.40308 3.40276 3.40251 3.40231 3.40216 3.40205 3.40199 3.40197 3.40199 3.40204 3.40212 3.40223 3.40236 3.40252 3.4027 
3.39609 3.3963 3.39653 3.39678 3.39704 3.39732 3.39761 3.39792 3.39825 3.3986 3.39898 3.39938 3.39981 3.40027 3.40077 3.4013 3.40188 3.40251 3.40318 3.40391 3.4047 3.40554 3.40644 3.40739 3.40841 3.40949 3.41062 3.41181 3.41304 3.41432 3.41563 3.41698 3.41835 3.41974 3.42113 3.42251 3.42388 3.42522 3.42652 3.42778 3.42897 3.43009 3.43112 3.43207 3.43291 3.43364 3.43425 3.43474 3.43511 3.43534 3.43543 3.43539 3.43522 3.43491 3.43448 3.43392 3.43324 3.43245 3.43156 3.43057 3.4295 3.42836 3.42715 3.42589 3.4246 3.42327 3.42192 3.42057 3.41923 3.41789 3.41658 3.4153 3.41406 3.41287 3.41173 3.41065 3.40963 3.40868 3.40779 3.40697 3.40623 3.40555 3.40494 3.4044 3.40393 3.40353 3.40318 3.4029 3.40267 3.4025 3.40238 3.4023 3.40226 3.40227 3.40231 3.40238 3.40249 3.40261 3.40277 3.40294 
3.39635 3.39656 3.39679 3.39704 3.39731 3.39759 3.3979 3.39822 3.39857 3.39894 3.39934 3.39977 3.40023 3.40072 3.40126 3.40184 3.40247 3.40316 3.40389 3.40469 3.40555 3.40647 3.40745 3.4085 3.40962 3.4108 3.41204 3.41334 3.41469 3.41609 3.41753 3.41901 3.4205 3.42202 3.42354 3.42505 3.42654 3.428 3.42942 3.43079 3.43208 3.4333 3.43443 3.43545 3.43637 3.43716 3.43783 3.43836 3.43875 3.43899 3.4391 3.43905 3.43886 3.43852 3.43804 3.43743 3.43669 3.43583 3.43485 3.43378 3.43261 3.43136 3.43004 3.42867 3.42725 3.4258 3.42433 3.42285 3.42138 3.41992 3.41849 3.41709 3.41573 3.41442 3.41317 3.41198 3.41086 3.40981 3.40883 3.40793 3.4071 3.40635 3.40568 3.40508 3.40455 3.40409 3.4037 3.40338 3.40311 3.40291 3.40276 3.40265 3.4026 3.40258 3.40261 3.40267 3.40276 3.40288 3.40303 3.4032 
3.39661 3.39683 3.39706 3.39732 3.39759 3.39789 3.39821 3.39856 3.39893 3.39932 3.39975 3.40022 3.40072 3.40126 3.40185 3.4025 3.4032 3.40395 3.40477 3.40566 3.40661 3.40764 3.40874 3.40991 3.41115 3.41247 3.41385 3.4153 3.41681 3.41836 3.41997 3.42161 3.42327 3.42495 3.42664 3.42831 3.42997 3.43159 3.43316 3.43467 3.4361 3.43744 3.43869 3.43982 3.44082 3.4417 3.44243 3.44301 3.44344 3.44371 3.44381 3.44376 3.44354 3.44317 3.44264 3.44196 3.44113 3.44018 3.4391 3.43791 3.43661 3.43523 3.43377 3.43224 3.43067 3.42906 3.42743 3.42579 3.42415 3.42253 3.42093 3.41937 3.41786 3.4164 3.415 3.41367 3.41242 3.41124 3.41014 3.40913 3.4082 3.40735 3.40659 3.4059 3.4053 3.40478 3.40433 3.40395 3.40363 3.40338 3.40319 3.40306 3.40297 3.40293 3.40294 3.40298 3.40306 3.40317 3.40331 3.40347 
3.3969 3.39711 3.39735 3.39761 3.3979 3.39821 3.39855 3.39892 3.39932 3.39975 3.40022 3.40073 3.40128 3.40189 3.40255 3.40327 3.40405 3.4049 3.40583 3.40683 3.4079 3.40906 3.4103 3.41163 3.41303 3.41452 3.41608 3.41771 3.41941 3.42116 3.42297 3.42481 3.42668 3.42857 3.43046 3.43234 3.43419 3.436 3.43776 3.43944 3.44104 3.44254 3.44393 3.44519 3.44631 3.44728 3.44809 3.44874 3.44921 3.44951 3.44962 3.44956 3.44931 3.44889 3.44829 3.44753 3.44661 3.44553 3.44432 3.44299 3.44154 3.43998 3.43835 3.43664 3.43487 3.43307 3.43124 3.42939 3.42755 3.42573 3.42393 3.42217 3.42047 3.41882 3.41724 3.41574 3.41432 3.41298 3.41174 3.41058 3.40952 3.40855 3.40768 3.40689 3.4062 3.40559 3.40506 3.40461 3.40423 3.40393 3.40369 3.40351 3.40339 3.40332 3.40329 3.40331 3.40337 3.40347 3.4036 3.40376 
3.39719 3.39741 3.39765 3.39792 3.39822 3.39856 3.39892 3.39932 3.39975 3.40022 3.40074 3.40131 3.40193 3.40261 3.40335 3.40417 3.40505 3.40602 3.40707 3.40821 3.40943 3.41075 3.41217 3.41367 3.41527 3.41696 3.41874 3.42059 3.42252 3.42451 3.42655 3.42864 3.43076 3.43289 3.43503 3.43715 3.43924 3.44128 3.44326 3.44516 3.44696 3.44864 3.4502 3.45161 3.45287 3.45395 3.45486 3.45558 3.45611 3.45643 3.45656 3.45648 3.4562 3.45572 3.45504 3.45418 3.45314 3.45193 3.45057 3.44906 3.44742 3.44567 3.44382 3.44189 3.4399 3.43786 3.43579 3.4337 3.43162 3.42955 3.42751 3.42552 3.42358 3.42171 3.41992 3.41821 3.41658 3.41506 3.41363 3.41231 3.41109 3.40997 3.40896 3.40805 3.40724 3.40653 3.4059 3.40537 3.40492 3.40454 3.40425 3.40402 3.40385 3.40374 3.40368 3.40368 3.40372 3.40379 3.40391 3.40406 
3.39751 3.39772 3.39797 3.39825 3.39857 3.39893 3.39932 3.39975 3.40023 3.40075 3.40133 3.40197 3.40267 3.40343 3.40428 3.4052 3.40621 3.40731 3.40851 3.40981 3.41122 3.41273 3.41434 3.41607 3.4179 3.41983 3.42185 3.42397 3.42617 3.42843 3.43076 3.43314 3.43554 3.43797 3.44039 3.44279 3.44516 3.44747 3.4497 3.45185 3.45388 3.45578 3.45753 3.45912 3.46053 3.46175 3.46277 3.46358 3.46417 3.46453 3.46466 3.46457 3.46425 3.4637 3.46293 3.46196 3.46078 3.45941 3.45786 3.45616 3.4543 3.45232 3.45023 3.44804 3.44578 3.44347 3.44112 3.43875 3.43638 3.43403 3.43171 3.42944 3.42723 3.4251 3.42305 3.42109 3.41923 3.41748 3.41584 3.41432 3.41291 3.41162 3.41045 3.40939 3.40844 3.40761 3.40687 3.40623 3.40569 3.40524 3.40487 3.40458 3.40436 3.4042 3.40411 3.40407 3.40408 3.40414 3.40424 3.40438 
3.39784 3.39805 3.39831 3.3986 3.39894 3.39932 3.39975 3.40022 3.40075 3.40134 3.40199 3.4027 3.40349 3.40437 3.40533 3.40638 3.40754 3.4088 3.41017 3.41167 3.41328 3.41501 3.41686 3.41884 3.42093 3.42314 3.42546 3.42787 3.43038 3.43297 3.43562 3.43833 3.44107 3.44382 3.44657 3.4493 3.45198 3.4546 3.45713 3.45955 3.46184 3.46399 3.46597 3.46776 3.46935 3.47072 3.47187 3.47277 3.47343 3.47383 3.47398 3.47387 3.4735 3.47287 3.472 3.4709 3.46956 3.46801 3.46626 3.46432 3.46222 3.45998 3.4576 3.45513 3.45256 3.44993 3.44726 3.44457 3.44188 3.4392 3.43656 3.43397 3.43144 3.429 3.42666 3.42441 3.42228 3.42027 3.41839 3.41663 3.41501 3.41352 3.41216 3.41092 3.40982 3.40883 3.40797 3.40722 3.40657 3.40602 3.40557 3.4052 3.40492 3.40471 3.40457 3.40449 3.40447 3.4045 3.40459 3.40472 
3.39819 3.3984 3.39867 3.39898 3.39934 3.39975 3.40022 3.40074 3.40133 3.40199 3.40271 3.40353 3.40442 3.40542 3.40651 3.40772 3.40904 3.41049 3.41207 3.41378 3.41562 3.41761 3.41973 3.422 3.4244 3.42692 3.42957 3.43233 3.4352 3.43815 3.44117 3.44425 3.44736 3.45049 3.45361 3.45671 3.45975 3.46271 3.46557 3.46831 3.4709 3.47332 3.47555 3.47757 3.47936 3.4809 3.48219 3.4832 3.48394 3.48439 3.48455 3.48441 3.48399 3.48328 3.48229 3.48104 3.47953 3.47777 3.47579 3.4736 3.47122 3.46868 3.46599 3.46318 3.46027 3.45729 3.45425 3.45119 3.44813 3.44508 3.44207 3.43912 3.43624 3.43346 3.43077 3.4282 3.42576 3.42346 3.42129 3.41927 3.4174 3.41567 3.41409 3.41266 3.41138 3.41023 3.40921 3.40832 3.40755 3.40689 3.40634 3.40589 3.40554 3.40526 3.40507 3.40494 3.40489 3.40489 3.40496 3.40507 
3.39856 3.39877 3.39905 3.39938 3.39977 3.40022 3.40073 3.40131 3.40197 3.4027 3.40353 3.40444 3.40547 3.4066 3.40785 3.40923 3.41075 3.4124 3.41421 3.41617 3.41828 3.42056 3.42299 3.42558 3.42832 3.43121 3.43423 3.43738 3.44064 3.444 3.44744 3.45094 3.45447 3.45802 3.46156 3.46506 3.46849 3.47184 3.47507 3.47816 3.48108 3.4838 3.48631 3.48858 3.49059 3.49233 3.49377 3.4949 3.49573 3.49622 3.4964 3.49624 3.49576 3.49496 3.49384 3.49242 3.49071 3.48873 3.48649 3.48402 3.48133 3.47845 3.47541 3.47223 3.46894 3.46556 3.46213 3.45866 3.45518 3.45172 3.4483 3.44494 3.44166 3.43848 3.43542 3.43249 3.42969 3.42705 3.42457 3.42225 3.42009 3.4181 3.41628 3.41462 3.41313 3.41179 3.4106 3.40955 3.40864 3.40786 3.4072 3.40666 3.40621 3.40587 3.40561 3.40544 3.40534 3.40531 3.40535 3.40545 
3.39895 3.39917 3.39946 3.39981 3.40023 3.40072 3.40128 3.40193 3.40267 3.40349 3.40442 3.40547 3.40663 3.40792 3.40935 3.41092 3.41265 3.41455 3.41662 3.41886 3.42127 3.42387 3.42665 3.4296 3.43273 3.43602 3.43946 3.44304 3.44675 3.45056 3.45446 3.45842 3.46242 3.46643 3.47043 3.47438 3.47825 3.48202 3.48566 3.48913 3.49241 3.49548 3.49829 3.50084 3.50309 3.50503 3.50664 3.50791 3.50882 3.50938 3.50956 3.50938 3.50884 3.50793 3.50667 3.50507 3.50314 3.50091 3.49839 3.49561 3.49258 3.48934 3.48591 3.48232 3.47861 3.47479 3.47091 3.46699 3.46305 3.45913 3.45525 3.45144 3.44772 3.44411 3.44062 3.43728 3.4341 3.43108 3.42824 3.42558 3.42311 3.42082 3.41873 3.41681 3.41508 3.41353 3.41215 3.41092 3.40986 3.40894 3.40815 3.40749 3.40696 3.40653 3.4062 3.40597 3.40583 3.40576 3.40577 3.40586 
3.39937 3.3996 3.39989 3.40027 3.40072 3.40126 3.40189 3.40261 3.40343 3.40437 3.40542 3.4066 3.40792 3.40939 3.41101 3.41281 3.41479 3.41695 3.4193 3.42186 3.42461 3.42757 3.43074 3.4341 3.43765 3.44138 3.44529 3.44935 3.45354 3.45785 3.46226 3.46673 3.47124 3.47576 3.48026 3.4847 3.48905 3.49329 3.49737 3.50126 3.50493 3.50836 3.51151 3.51435 3.51686 3.51903 3.52083 3.52224 3.52325 3.52387 3.52407 3.52386 3.52324 3.52222 3.52081 3.51901 3.51685 3.51435 3.51152 3.50839 3.505 3.50136 3.49751 3.49348 3.4893 3.48501 3.48064 3.47621 3.47178 3.46735 3.46297 3.45866 3.45445 3.45036 3.44641 3.44261 3.439 3.43556 3.43233 3.42929 3.42647 3.42385 3.42145 3.41925 3.41726 3.41547 3.41387 3.41245 3.4112 3.41012 3.4092 3.40842 3.40777 3.40725 3.40685 3.40655 3.40635 3.40624 3.40623 3.40629 
3.39983 3.40005 3.40036 3.40077 3.40126 3.40185 3.40255 3.40335 3.40428 3.40533 3.40651 3.40785 3.40935 3.41101 3.41286 3.41491 3.41715 3.41961 3.42229 3.42519 3.42832 3.43168 3.43527 3.43907 3.4431 3.44732 3.45173 3.45631 3.46105 3.4659 3.47086 3.47589 3.48096 3.48603 3.49107 3.49604 3.50092 3.50565 3.51021 3.51455 3.51865 3.52247 3.52598 3.52914 3.53194 3.53434 3.53634 3.5379 3.53903 3.5397 3.53992 3.53968 3.53899 3.53784 3.53626 3.53426 3.53185 3.52905 3.52589 3.5224 3.5186 3.51453 3.51023 3.50572 3.50104 3.49623 3.49132 3.48636 3.48138 3.4764 3.47148 3.46662 3.46188 3.45726 3.45279 3.44851 3.44441 3.44052 3.43685 3.4334 3.43019 3.42721 3.42446 3.42195 3.41967 3.41761 3.41577 3.41413 3.41269 3.41143 3.41035 3.40943 3.40866 3.40804 3.40754 3.40717 3.40692 3.40676 3.40671 3.40676 
3.40031 3.40054 3.40087 3.4013 3.40184 3.4025 3.40327 3.40417 3.4052 3.40638 3.40772 3.40923 3.41092 3.41281 3.41491 3.41722 3.41977 3.42255 3.42559 3.42887 3.43241 3.43621 3.44026 3.44456 3.44909 3.45385 3.45881 3.46397 3.46928 3.47473 3.48029 3.48592 3.49158 3.49725 3.50288 3.50843 3.51386 3.51913 3.5242 3.52903 3.53358 3.53782 3.54171 3.54521 3.54831 3.55097 3.55318 3.55491 3.55615 3.55689 3.55712 3.55685 3.55608 3.5548 3.55304 3.55081 3.54813 3.54502 3.54151 3.53763 3.5334 3.52887 3.52408 3.51905 3.51383 3.50846 3.50299 3.49744 3.49187 3.4863 3.48078 3.47534 3.47001 3.46482 3.4598 3.45497 3.45035 3.44596 3.44182 3.43792 3.43428 3.4309 3.42778 3.42492 3.42232 3.41997 3.41786 3.41598 3.41431 3.41286 3.41161 3.41053 3.40963 3.40889 3.4083 3.40785 3.40753 3.40732 3.40723 3.40725 
3.40083 3.40107 3.40141 3.40188 3.40247 3.4032 3.40405 3.40505 3.40621 3.40754 3.40904 3.41075 3.41265 3.41479 3.41715 3.41977 3.42264 3.42579 3.42921 3.43291 3.4369 3.44118 3.44573 3.45056 3.45565 3.46099 3.46655 3.47232 3.47826 3.48435 3.49055 3.49682 3.50313 3.50944 3.51569 3.52186 3.52788 3.53372 3.53934 3.54468 3.54972 3.5544 3.55869 3.56256 3.56598 3.56891 3.57134 3.57324 3.5746 3.57541 3.57566 3.57536 3.57449 3.57308 3.57113 3.56867 3.5657 3.56226 3.55837 3.55407 3.54939 3.54437 3.53905 3.53348 3.52769 3.52172 3.51563 3.50946 3.50326 3.49705 3.4909 3.48482 3.47886 3.47306 3.46744 3.46203 3.45685 3.45191 3.44725 3.44286 3.43875 3.43494 3.43141 3.42818 3.42523 3.42255 3.42015 3.418 3.4161 3.41443 3.41298 3.41174 3.41069 3.40983 3.40913 3.40858 3.40819 3.40793 3.4078 3.40779 
3.4014 3.40163 3.402 3.40251 3.40316 3.40395 3.4049 3.40602 3.40731 3.4088 3.41049 3.4124 3.41455 3.41695 3.41961 3.42255 3.42579 3.42932 3.43317 3.43733 3.4418 3.4466 3.4517 3.4571 3.46279 3.46875 3.47495 3.48138 3.48799 3.49476 3.50165 3.50861 3.51561 3.52259 3.52951 3.53632 3.54297 3.54942 3.55561 3.5615 3.56704 3.57219 3.57691 3.58116 3.58491 3.58812 3.59078 3.59287 3.59436 3.59524 3.59551 3.59517 3.59421 3.59266 3.59051 3.58779 3.58453 3.58074 3.57646 3.57172 3.56656 3.56102 3.55515 3.54899 3.54259 3.536 3.52926 3.52243 3.51555 3.50867 3.50183 3.49508 3.48845 3.48199 3.47572 3.46968 3.46389 3.45838 3.45315 3.44823 3.44362 3.43934 3.43537 3.43172 3.42839 3.42537 3.42264 3.4202 3.41804 3.41614 3.41448 3.41305 3.41184 3.41084 3.41002 3.40938 3.4089 3.40858 3.4084 3.40837 
3.402 3.40224 3.40264 3.40318 3.40389 3.40477 3.40583 3.40707 3.40851 3.41017 3.41207 3.41421 3.41662 3.4193 3.42229 3.42559 3.42921 3.43317 3.43747 3.44212 3.44712 3.45247 3.45816 3.46418 3.47051 3.47713 3.48402 3.49115 3.49848 3.50597 3.51358 3.52128 3.529 3.53669 3.54431 3.55181 3.55912 3.5662 3.573 3.57945 3.58552 3.59116 3.59632 3.60097 3.60507 3.60858 3.61148 3.61375 3.61537 3.61633 3.61662 3.61624 3.61519 3.61349 3.61113 3.60816 3.60458 3.60042 3.59573 3.59053 3.58487 3.5788 3.57235 3.56558 3.55854 3.55128 3.54386 3.53633 3.52873 3.52113 3.51357 3.5061 3.49876 3.4916 3.48464 3.47793 3.4715 3.46536 3.45953 3.45404 3.4489 3.4441 3.43966 3.43557 3.43182 3.42842 3.42535 3.42259 3.42015 3.41799 3.4161 3.41447 3.41309 3.41193 3.41098 3.41023 3.40967 3.40928 3.40905 3.40899 
3.40265 3.4029 3.40332 3.40391 3.40469 3.40566 3.40683 3.40821 3.40981 3.41167 3.41378 3.41617 3.41886 3.42186 3.42519 3.42887 3.43291 3.43733 3.44212 3.4473 3.45286 3.4588 3.46512 3.47179 3.4788 3.48613 3.49375 3.50162 3.50971 3.51796 3.52634 3.5348 3.54328 3.55173 3.56008 3.56829 3.57629 3.58403 3.59146 3.5985 3.60512 3.61127 3.61689 3.62195 3.6264 3.63022 3.63337 3.63584 3.63759 3.63863 3.63894 3.63852 3.63737 3.63551 3.63294 3.6297 3.62579 3.62126 3.61614 3.61047 3.60429 3.59765 3.5906 3.5832 3.57549 3.56754 3.5594 3.55114 3.54279 3.53444 3.52612 3.51789 3.5098 3.50189 3.49421 3.48679 3.47966 3.47286 3.46639 3.4603 3.45457 3.44923 3.44428 3.43971 3.43552 3.43171 3.42827 3.42518 3.42242 3.41999 3.41785 3.41601 3.41443 3.41311 3.41202 3.41115 3.41049 3.41003 3.40975 3.40965 
3.40334 3.4036 3.40405 3.4047 3.40555 3.40661 3.4079 3.40943 3.41122 3.41328 3.41562 3.41828 3.42127 3.42461 3.42832 3.43241 3.4369 3.4418 3.44712 3.45286 3.45902 3.46559 3.47257 3.47994 3.48767 3.49575 3.50413 3.51278 3.52166 3.53072 3.5399 3.54916 3.55843 3.56766 3.57678 3.58573 3.59444 3.60287 3.61094 3.61859 3.62578 3.63244 3.63854 3.64402 3.64884 3.65297 3.65638 3.65904 3.66094 3.66206 3.66239 3.66193 3.66068 3.65866 3.65587 3.65235 3.64811 3.6432 3.63764 3.63148 3.62476 3.61754 3.60987 3.60181 3.59341 3.58474 3.57585 3.56682 3.5577 3.54856 3.53944 3.53042 3.52154 3.51285 3.5044 3.49623 3.48837 3.48087 3.47373 3.46699 3.46065 3.45473 3.44923 3.44416 3.4395 3.43526 3.43141 3.42795 3.42487 3.42214 3.41974 3.41766 3.41588 3.41438 3.41314 3.41214 3.41138 3.41084 3.4105 3.41037 
3.40409 3.40435 3.40483 3.40554 3.40647 3.40764 3.40906 3.41075 3.41273 3.41501 3.41761 3.42056 3.42387 3.42757 3.43168 3.43621 3.44118 3.4466 3.45247 3.4588 3.46559 3.47283 3.48051 3.48861 3.49711 3.50596 3.51515 3.52461 3.53432 3.54421 3.55423 3.56432 3.57441 3.58444 3.59435 3.60406 3.61351 3.62264 3.63137 3.63965 3.64742 3.65462 3.66119 3.6671 3.6723 3.67675 3.68042 3.68329 3.68532 3.68652 3.68687 3.68637 3.68502 3.68284 3.67983 3.67603 3.67145 3.66614 3.66013 3.65347 3.64621 3.63839 3.63009 3.62135 3.61224 3.60282 3.59317 3.58335 3.57342 3.56345 3.55351 3.54366 3.53396 3.52445 3.5152 3.50625 3.49763 3.48938 3.48153 3.47411 3.46712 3.46059 3.45452 3.4489 3.44375 3.43904 3.43477 3.43092 3.42749 3.42444 3.42176 3.41943 3.41743 3.41573 3.41433 3.4132 3.41233 3.4117 3.4113 3.41113 
3.40488 3.40516 3.40567 3.40644 3.40745 3.40874 3.4103 3.41217 3.41434 3.41686 3.41973 3.42299 3.42665 3.43074 3.43527 3.44026 3.44573 3.4517 3.45816 3.46512 3.47257 3.48051 3.48893 3.49779 3.50707 3.51675 3.52676 3.53708 3.54765 3.5584 3.56928 3.58022 3.59116 3.60202 3.61274 3.62323 3.63343 3.64328 3.65269 3.6616 3.66996 3.67769 3.68476 3.6911 3.69668 3.70145 3.70539 3.70845 3.71064 3.71192 3.71229 3.71174 3.71029 3.70794 3.70471 3.70063 3.69571 3.69 3.68354 3.67637 3.66855 3.66013 3.65117 3.64174 3.6319 3.62173 3.61129 3.60065 3.58989 3.57908 3.56829 3.55758 3.54702 3.53667 3.52659 3.51681 3.5074 3.49838 3.48978 3.48164 3.47398 3.46681 3.46013 3.45394 3.44826 3.44306 3.43834 3.43409 3.43028 3.42689 3.42391 3.42131 3.41908 3.41718 3.41561 3.41433 3.41334 3.41262 3.41216 3.41195 
3.40573 3.40602 3.40657 3.40739 3.4085 3.40991 3.41163 3.41367 3.41607 3.41884 3.422 3.42558 3.4296 3.4341 3.43907 3.44456 3.45056 3.4571 3.46418 3.47179 3.47994 3.48861 3.49779 3.50745 3.51755 3.52807 3.53895 3.55014 3.56159 3.57323 3.585 3.59682 3.60862 3.62033 3.63187 3.64316 3.65412 3.66469 3.67478 3.68434 3.69329 3.70157 3.70913 3.71591 3.72187 3.72696 3.73116 3.73443 3.73676 3.73812 3.73851 3.73793 3.73637 3.73386 3.73041 3.72604 3.72078 3.71467 3.70775 3.70007 3.69169 3.68266 3.67304 3.66291 3.65233 3.64138 3.63014 3.61867 3.60706 3.59539 3.58372 3.57213 3.5607 3.54947 3.53852 3.5279 3.51765 3.50783 3.49846 3.48958 3.48121 3.47336 3.46605 3.45927 3.45303 3.44732 3.44213 3.43744 3.43323 3.42949 3.42619 3.42331 3.42083 3.41872 3.41696 3.41553 3.41442 3.4136 3.41307 3.41281 
3.40663 3.40693 3.40752 3.40841 3.40962 3.41115 3.41303 3.41527 3.4179 3.42093 3.4244 3.42832 3.43273 3.43765 3.4431 3.44909 3.45565 3.46279 3.47051 3.4788 3.48767 3.49711 3.50707 3.51755 3.52851 3.53989 3.55166 3.56375 3.57611 3.58865 3.60132 3.61404 3.62672 3.63928 3.65165 3.66374 3.67548 3.68678 3.69756 3.70776 3.7173 3.72613 3.73418 3.74139 3.74773 3.75315 3.75761 3.76109 3.76355 3.765 3.76541 3.76479 3.76313 3.76046 3.75678 3.75213 3.74653 3.74002 3.73265 3.72446 3.71551 3.70587 3.69559 3.68475 3.67343 3.6617 3.64964 3.63733 3.62486 3.6123 3.59974 3.58726 3.57492 3.5628 3.55096 3.53947 3.52837 3.51772 3.50755 3.49789 3.48879 3.48024 3.47226 3.46487 3.45805 3.4518 3.44611 3.44097 3.43635 3.43224 3.4286 3.42543 3.42268 3.42034 3.41839 3.4168 3.41556 3.41464 3.41403 3.41373 
3.40758 3.40789 3.40852 3.40949 3.4108 3.41247 3.41452 3.41696 3.41983 3.42314 3.42692 3.43121 3.43602 3.44138 3.44732 3.45385 3.46099 3.46875 3.47713 3.48613 3.49575 3.50596 3.51675 3.52807 3.53989 3.55217 3.56484 3.57785 3.59113 3.6046 3.61818 3.6318 3.64536 3.65879 3.672 3.6849 3.6974 3.70943 3.7209 3.73174 3.74187 3.75124 3.75977 3.76742 3.77414 3.77987 3.78459 3.78827 3.79088 3.79241 3.79284 3.79218 3.79043 3.78759 3.7837 3.77877 3.77283 3.76593 3.7581 3.74941 3.7399 3.72964 3.71871 3.70717 3.6951 3.68258 3.6697 3.65655 3.6432 3.62976 3.61629 3.60289 3.58963 3.5766 3.56385 3.55147 3.5395 3.52799 3.517 3.50655 3.49668 3.48741 3.47876 3.47072 3.4633 3.45649 3.45029 3.44467 3.43962 3.43512 3.43113 3.42765 3.42463 3.42205 3.4199 3.41814 3.41676 3.41573 3.41505 3.4147 
3.40858 3.4089 3.40958 3.41062 3.41204 3.41385 3.41608 3.41874 3.42185 3.42546 3.42957 3.43423 3.43946 3.44529 3.45173 3.45881 3.46655 3.47495 3.48402 3.49375 3.50413 3.51515 3.52676 3.53895 3.55166 3.56484 3.57844 3.59237 3.60658 3.62098 3.63548 3.65001 3.66447 3.67876 3.69281 3.70651 3.71978 3.73253 3.74468 3.75615 3.76687 3.77677 3.78578 3.79386 3.80094 3.80699 3.81196 3.81584 3.81859 3.82019 3.82065 3.81995 3.8181 3.81511 3.81101 3.8058 3.79953 3.79224 3.78398 3.77478 3.76472 3.75386 3.74228 3.73003 3.71722 3.70392 3.69023 3.67622 3.662 3.64766 3.63328 3.61896 3.60477 3.59081 3.57715 3.56385 3.55099 3.53862 3.52678 3.51552 3.50487 3.49486 3.4855 3.4768 3.46876 3.46137 3.45464 3.44853 3.44303 3.43813 3.43378 3.42997 3.42667 3.42384 3.42148 3.41954 3.41802 3.41688 3.41612 3.41572 
3.40962 3.40996 3.41068 3.41181 3.41334 3.4153 3.41771 3.42059 3.42397 3.42787 3.43233 3.43738 3.44304 3.44935 3.45631 3.46397 3.47232 3.48138 3.49115 3.50162 3.51278 3.52461 3.53708 3.55014 3.56375 3.57785 3.59237 3.60725 3.62239 3.63772 3.65315 3.66858 3.68393 3.69908 3.71396 3.72845 3.74248 3.75595 3.76877 3.78086 3.79215 3.80257 3.81205 3.82054 3.82798 3.83433 3.83956 3.84362 3.84651 3.8482 3.84867 3.84794 3.846 3.84286 3.83855 3.83308 3.82649 3.81883 3.81012 3.80044 3.78984 3.77839 3.76616 3.75323 3.73969 3.72561 3.7111 3.69626 3.68116 3.66592 3.65063 3.63538 3.62026 3.60537 3.59078 3.57656 3.5628 3.54954 3.53685 3.52476 3.51332 3.50255 3.49246 3.48308 3.47441 3.46643 3.45915 3.45253 3.44658 3.44125 3.43653 3.43239 3.42879 3.42571 3.42312 3.421 3.41933 3.41808 3.41724 3.41679 
3.41071 3.41106 3.41183 3.41304 3.41469 3.41681 3.41941 3.42252 3.42617 3.43038 3.4352 3.44064 3.44675 3.45354 3.46105 3.46928 3.47826 3.48799 3.49848 3.50971 3.52166 3.53432 3.54765 3.56159 3.57611 3.59113 3.60658 3.62239 3.63847 3.65473 3.67108 3.68741 3.70363 3.71964 3.73533 3.75061 3.76538 3.77955 3.79302 3.80572 3.81757 3.8285 3.83843 3.84732 3.85511 3.86176 3.86722 3.87147 3.87449 3.87625 3.87675 3.87598 3.87396 3.87068 3.86616 3.86044 3.85355 3.84552 3.8364 3.82625 3.81512 3.80309 3.79023 3.77663 3.76236 3.74753 3.73222 3.71653 3.70058 3.68445 3.66824 3.65207 3.63602 3.62019 3.60467 3.58953 3.57486 3.56071 3.54715 3.53422 3.52197 3.51043 3.49962 3.48955 3.48022 3.47164 3.46379 3.45666 3.45024 3.44448 3.43937 3.43489 3.43098 3.42764 3.42483 3.42252 3.42069 3.41932 3.4184 3.4179 
3.41184 3.4122 3.41303 3.41432 3.41609 3.41836 3.42116 3.42451 3.42843 3.43297 3.43815 3.444 3.45056 3.45785 3.4659 3.47473 3.48435 3.49476 3.50597 3.51796 3.53072 3.54421 3.5584 3.57323 3.58865 3.6046 3.62098 3.63772 3.65473 3.67192 3.68917 3.70639 3.72348 3.74032 3.75681 3.77286 3.78835 3.8032 3.81731 3.8306 3.84298 3.8544 3.86477 3.87404 3.88216 3.88909 3.89479 3.89922 3.90236 3.90419 3.90472 3.90392 3.90181 3.89839 3.89369 3.88773 3.88054 3.87216 3.86264 3.85204 3.8404 3.82782 3.81435 3.80009 3.78512 3.76954 3.75345 3.73695 3.72014 3.70313 3.68603 3.66894 3.65196 3.6352 3.61875 3.60269 3.5871 3.57206 3.55763 3.54386 3.5308 3.51848 3.50692 3.49615 3.48617 3.47697 3.46855 3.4609 3.45399 3.4478 3.4423 3.43746 3.43325 3.42963 3.42659 3.42409 3.4221 3.42061 3.4196 3.41905 
3.413 3.41338 3.41425 3.41563 3.41753 3.41997 3.42297 3.42655 3.43076 3.43562 3.44117 3.44744 3.45446 3.46226 3.47086 3.48029 3.49055 3.50165 3.51358 3.52634 3.5399 3.55423 3.56928 3.585 3.60132 3.61818 3.63548 3.65315 3.67108 3.68917 3.70732 3.72541 3.74334 3.761 3.77827 3.79506 3.81125 3.82675 3.84148 3.85533 3.86823 3.88011 3.8909 3.90054 3.90898 3.91618 3.92209 3.92669 3.92995 3.93186 3.9324 3.93158 3.92939 3.92585 3.92097 3.91479 3.90732 3.89861 3.88871 3.87767 3.86555 3.85243 3.83838 3.82348 3.80783 3.79153 3.77467 3.75737 3.73973 3.72186 3.70387 3.68588 3.66799 3.65031 3.63294 3.61596 3.59947 3.58353 3.56823 3.55362 3.53974 3.52664 3.51434 3.50286 3.49222 3.4824 3.4734 3.46522 3.45782 3.45119 3.44528 3.44009 3.43556 3.43168 3.4284 3.4257 3.42355 3.42194 3.42084 3.42023 
3.41418 3.41458 3.41551 3.41698 3.41901 3.42161 3.42481 3.42864 3.43314 3.43833 3.44425 3.45094 3.45842 3.46673 3.47589 3.48592 3.49682 3.50861 3.52128 3.5348 3.54916 3.56432 3.58022 3.59682 3.61404 3.6318 3.65001 3.66858 3.68741 3.70639 3.72541 3.74435 3.7631 3.78155 3.79958 3.81708 3.83394 3.85008 3.86539 3.87978 3.89317 3.90549 3.91668 3.92667 3.93541 3.94286 3.94898 3.95374 3.95711 3.95909 3.95965 3.95881 3.95655 3.95289 3.94785 3.94145 3.93372 3.9247 3.91444 3.90298 3.89041 3.87677 3.86216 3.84666 3.83036 3.81336 3.79577 3.77769 3.75924 3.74053 3.72168 3.70281 3.68402 3.66543 3.64715 3.62927 3.61187 3.59506 3.57889 3.56344 3.54875 3.53487 3.52183 3.50964 3.49833 3.48789 3.47832 3.4696 3.46171 3.45462 3.44832 3.44276 3.43792 3.43375 3.43024 3.42734 3.42503 3.42329 3.4221 3.42145 
3.41539 3.41581 3.41679 3.41835 3.4205 3.42327 3.42668 3.43076 3.43554 3.44107 3.44736 3.45447 3.46242 3.47124 3.48096 3.49158 3.50313 3.51561 3.529 3.54328 3.55843 3.57441 3.59116 3.60862 3.62672 3.64536 3.66447 3.68393 3.70363 3.72348 3.74334 3.7631 3.78265 3.80185 3.8206 3.83879 3.8563 3.87304 3.8889 3.9038 3.91766 3.9304 3.94196 3.95227 3.96129 3.96898 3.97529 3.9802 3.98368 3.98572 3.98631 3.98544 3.98312 3.97936 3.97416 3.96756 3.95959 3.95028 3.93968 3.92784 3.91483 3.90072 3.88558 3.8695 3.85257 3.83491 3.8166 3.79778 3.77855 3.75903 3.73934 3.71961 3.69995 3.68047 3.6613 3.64253 3.62425 3.60657 3.58955 3.57327 3.55777 3.54312 3.52934 3.51645 3.50447 3.49341 3.48326 3.474 3.46562 3.45809 3.45138 3.44546 3.4403 3.43586 3.4321 3.429 3.42653 3.42466 3.42338 3.42268 
3.41661 3.41705 3.41809 3.41974 3.42202 3.42495 3.42857 3.43289 3.43797 3.44382 3.45049 3.45802 3.46643 3.47576 3.48603 3.49725 3.50944 3.52259 3.53669 3.55173 3.56766 3.58444 3.60202 3.62033 3.63928 3.65879 3.67876 3.69908 3.71964 3.74032 3.761 3.78155 3.80185 3.82178 3.84123 3.86006 3.87819 3.89549 3.91187 3.92725 3.94155 3.95468 3.96658 3.9772 3.98649 3.99439 4.00089 4.00593 4.00952 4.01162 4.01223 4.01134 4.00896 4.0051 3.99977 3.99299 3.98479 3.97521 3.9643 3.9521 3.93869 3.92412 3.90848 3.89185 3.87434 3.85604 3.83706 3.81752 3.79754 3.77724 3.75674 3.73618 3.71567 3.69534 3.6753 3.65566 3.63652 3.61798 3.60013 3.58303 3.56675 3.55133 3.53682 3.52324 3.51061 3.49893 3.4882 3.47841 3.46954 3.46157 3.45446 3.44818 3.44269 3.43797 3.43398 3.43068 3.42804 3.42605 3.42468 3.42392 
3.41784 3.41829 3.41939 3.42113 3.42354 3.42664 3.43046 3.43503 3.44039 3.44657 3.45361 3.46156 3.47043 3.48026 3.49107 3.50288 3.51569 3.52951 3.54431 3.56008 3.57678 3.59435 3.61274 3.63187 3.65165 3.672 3.69281 3.71396 3.73533 3.75681 3.77827 3.79958 3.8206 3.84123 3.86132 3.88078 3.89947 3.91731 3.93418 3.95001 3.96471 3.9782 3.99043 4.00133 4.01086 4.01896 4.02562 4.0308 4.03447 4.03663 4.03726 4.03636 4.03393 4.02998 4.02452 4.01758 4.00918 3.99936 3.98815 3.97563 3.96183 3.94685 3.93074 3.9136 3.89553 3.87663 3.85702 3.8368 3.8161 3.79505 3.77378 3.75242 3.7311 3.70993 3.68905 3.66857 3.6486 3.62924 3.61057 3.59267 3.57561 3.55945 3.54422 3.52996 3.51669 3.5044 3.49311 3.4828 3.47345 3.46503 3.45752 3.45088 3.44508 3.44008 3.43585 3.43235 3.42956 3.42744 3.42598 3.42517 
3.41906 3.41953 3.42068 3.42251 3.42505 3.42831 3.43234 3.43715 3.44279 3.4493 3.45671 3.46506 3.47438 3.4847 3.49604 3.50843 3.52186 3.53632 3.55181 3.56829 3.58573 3.60406 3.62323 3.64316 3.66374 3.6849 3.70651 3.72845 3.75061 3.77286 3.79506 3.81708 3.83879 3.86006 3.88078 3.9008 3.92004 3.93837 3.9557 3.97194 3.98702 4.00085 4.01337 4.02452 4.03427 4.04256 4.04937 4.05467 4.05843 4.06064 4.06129 4.06038 4.0579 4.05388 4.04831 4.04121 4.03263 4.02258 4.01112 3.99829 3.98415 3.96877 3.95223 3.93462 3.91603 3.89657 3.87635 3.85549 3.83412 3.81236 3.79036 3.76823 3.74613 3.72417 3.70248 3.6812 3.66042 3.64025 3.62079 3.60212 3.58431 3.56743 3.5515 3.53658 3.52267 3.5098 3.49795 3.48712 3.4773 3.46845 3.46055 3.45356 3.44745 3.44218 3.43771 3.43402 3.43106 3.42882 3.42728 3.42641 
3.42027 3.42076 3.42196 3.42388 3.42654 3.42997 3.43419 3.43924 3.44516 3.45198 3.45975 3.46849 3.47825 3.48905 3.50092 3.51386 3.52788 3.54297 3.55912 3.57629 3.59444 3.61351 3.63343 3.65412 3.67548 3.6974 3.71978 3.74248 3.76538 3.78835 3.81125 3.83394 3.8563 3.87819 3.89947 3.92004 3.93977 3.95856 3.97631 3.99294 4.00835 4.02249 4.03528 4.04667 4.05661 4.06507 4.07202 4.07742 4.08126 4.08352 4.08419 4.08327 4.08076 4.07666 4.07099 4.06377 4.05502 4.04478 4.03307 4.01997 4.00551 3.98978 3.97284 3.95479 3.93572 3.91573 3.89495 3.87349 3.85148 3.82906 3.80636 3.78351 3.76067 3.73795 3.7155 3.69344 3.67189 3.65095 3.63073 3.61132 3.59279 3.5752 3.5586 3.54303 3.52852 3.51507 3.50269 3.49136 3.48107 3.4718 3.46352 3.45619 3.44977 3.44424 3.43954 3.43566 3.43255 3.43019 3.42856 3.42764 
3.42145 3.42196 3.42321 3.42522 3.428 3.43159 3.436 3.44128 3.44747 3.4546 3.46271 3.47184 3.48202 3.49329 3.50565 3.51913 3.53372 3.54942 3.5662 3.58403 3.60287 3.62264 3.64328 3.66469 3.68678 3.70943 3.73253 3.75595 3.77955 3.8032 3.82675 3.85008 3.87304 3.89549 3.91731 3.93837 3.95856 3.97778 3.99591 4.01288 4.02861 4.04302 4.05605 4.06765 4.07778 4.08639 4.09346 4.09896 4.10286 4.10517 4.10586 4.10493 4.10239 4.09824 4.09248 4.08515 4.07625 4.06582 4.05391 4.04055 4.02581 4.00976 3.99245 3.974 3.95449 3.93402 3.91272 3.8907 3.8681 3.84505 3.82169 3.79817 3.77462 3.75119 3.72801 3.70522 3.68293 3.66127 3.64033 3.6202 3.60098 3.58272 3.56548 3.54929 3.53419 3.52018 3.50728 3.49547 3.48474 3.47507 3.46641 3.45875 3.45204 3.44625 3.44133 3.43726 3.434 3.43152 3.42981 3.42884 
3.4226 3.42313 3.42443 3.42652 3.42942 3.43316 3.43776 3.44326 3.4497 3.45713 3.46557 3.47507 3.48566 3.49737 3.51021 3.5242 3.53934 3.55561 3.573 3.59146 3.61094 3.63137 3.65269 3.67478 3.69756 3.7209 3.74468 3.76877 3.79302 3.81731 3.84148 3.86539 3.8889 3.91187 3.93418 3.9557 3.97631 3.99591 4.0144 4.03168 4.04769 4.06235 4.0756 4.08739 4.09767 4.10642 4.1136 4.11918 4.12315 4.1255 4.12621 4.12528 4.12271 4.11851 4.11268 4.10524 4.09621 4.08563 4.07353 4.05995 4.04496 4.0286 4.01098 3.99215 3.97223 3.95133 3.92954 3.90701 3.88386 3.86023 3.83627 3.81211 3.78791 3.76381 3.73995 3.71646 3.69348 3.67112 3.6495 3.62871 3.60882 3.58993 3.57207 3.55529 3.53963 3.5251 3.51171 3.49944 3.48828 3.47821 3.46921 3.46123 3.45423 3.44819 3.44306 3.43881 3.43541 3.43282 3.43103 3.43001 
3.42371 3.42426 3.42561 3.42778 3.43079 3.43467 3.43944 3.44516 3.45185 3.45955 3.46831 3.47816 3.48913 3.50126 3.51455 3.52903 3.54468 3.5615 3.57945 3.5985 3.61859 3.63965 3.6616 3.68434 3.70776 3.73174 3.75615 3.78086 3.80572 3.8306 3.85533 3.87978 3.9038 3.92725 3.95001 3.97194 3.99294 4.01288 4.03168 4.04925 4.06551 4.08039 4.09383 4.10579 4.11622 4.12508 4.13236 4.13801 4.14204 4.14442 4.14515 4.14422 4.14163 4.13739 4.13149 4.12397 4.11483 4.10411 4.09184 4.07807 4.06285 4.04623 4.02831 4.00916 3.98887 3.96756 3.94534 3.92234 3.89868 3.87452 3.84999 3.82525 3.80044 3.77572 3.75122 3.72709 3.70346 3.68046 3.65819 3.63677 3.61627 3.59677 3.57833 3.56101 3.54482 3.52979 3.51592 3.50321 3.49165 3.48122 3.47188 3.46359 3.45633 3.45005 3.44472 3.4403 3.43676 3.43406 3.43219 3.43114 
3.42477 3.42533 3.42672 3.42897 3.43208 3.4361 3.44104 3.44696 3.45388 3.46184 3.4709 3.48108 3.49241 3.50493 3.51865 3.53358 3.54972 3.56704 3.58552 3.60512 3.62578 3.64742 3.66996 3.69329 3.7173 3.74187 3.76687 3.79215 3.81757 3.84298 3.86823 3.89317 3.91766 3.94155 3.96471 3.98702 4.00835 4.02861 4.04769 4.06551 4.08199 4.09706 4.11068 4.12278 4.13333 4.1423 4.14966 4.15539 4.15946 4.16188 4.16262 4.16169 4.15909 4.15481 4.14886 4.14126 4.13203 4.12119 4.10878 4.09483 4.07941 4.06257 4.04438 4.02493 4.00431 3.98264 3.96002 3.93659 3.91248 3.88783 3.86279 3.83751 3.81214 3.78684 3.76176 3.73703 3.71281 3.6892 3.66634 3.64433 3.62326 3.6032 3.58422 3.56638 3.54969 3.5342 3.51989 3.50678 3.49484 3.48406 3.4744 3.46583 3.45832 3.45182 3.4463 3.44172 3.43804 3.43525 3.43331 3.43221 
3.42576 3.42633 3.42777 3.43009 3.4333 3.43744 3.44254 3.44864 3.45578 3.46399 3.47332 3.4838 3.49548 3.50836 3.52247 3.53782 3.5544 3.57219 3.59116 3.61127 3.63244 3.65462 3.67769 3.70157 3.72613 3.75124 3.77677 3.80257 3.8285 3.8544 3.88011 3.90549 3.9304 3.95468 3.9782 4.00085 4.02249 4.04302 4.06235 4.08039 4.09706 4.11231 4.12607 4.1383 4.14896 4.15802 4.16545 4.17124 4.17536 4.1778 4.17856 4.17764 4.17502 4.17071 4.16472 4.15706 4.14775 4.13681 4.12427 4.11017 4.09457 4.07752 4.0591 4.03939 4.01848 3.99649 3.97351 3.9497 3.92517 3.90008 3.87458 3.84881 3.82294 3.79711 3.7715 3.74623 3.72145 3.6973 3.67389 3.65134 3.62974 3.60917 3.58969 3.57137 3.55423 3.5383 3.52359 3.5101 3.49781 3.4867 3.47675 3.46792 3.46017 3.45347 3.44777 3.44304 3.43925 3.43636 3.43435 3.43321 
3.42667 3.42726 3.42874 3.43112 3.43443 3.43869 3.44393 3.4502 3.45753 3.46597 3.47555 3.48631 3.49829 3.51151 3.52598 3.54171 3.55869 3.57691 3.59632 3.61689 3.63854 3.66119 3.68476 3.70913 3.73418 3.75977 3.78578 3.81205 3.83843 3.86477 3.8909 3.91668 3.94196 3.96658 3.99043 4.01337 4.03528 4.05605 4.0756 4.09383 4.11068 4.12607 4.13996 4.1523 4.16306 4.17219 4.17969 4.18552 4.18968 4.19215 4.19293 4.192 4.18937 4.18504 4.17902 4.1713 4.16192 4.1509 4.13825 4.12403 4.10827 4.09105 4.07243 4.05248 4.03132 4.00903 3.98575 3.96159 3.9367 3.91121 3.88529 3.85909 3.83276 3.80647 3.78037 3.75461 3.72934 3.70469 3.68079 3.65775 3.63567 3.61463 3.5947 3.57594 3.55839 3.54207 3.52699 3.51315 3.50054 3.48914 3.47892 3.46985 3.46189 3.45499 3.44913 3.44427 3.44036 3.43739 3.43532 3.43415 
3.42751 3.42811 3.42963 3.43207 3.43545 3.43982 3.44519 3.45161 3.45912 3.46776 3.47757 3.48858 3.50084 3.51435 3.52914 3.54521 3.56256 3.58116 3.60097 3.62195 3.64402 3.6671 3.6911 3.71591 3.74139 3.76742 3.79386 3.82054 3.84732 3.87404 3.90054 3.92667 3.95227 3.9772 4.00133 4.02452 4.04667 4.06765 4.08739 4.10579 4.12278 4.1383 4.1523 4.16474 4.17557 4.18477 4.19232 4.1982 4.20239 4.20488 4.20567 4.20475 4.20211 4.19777 4.19171 4.18396 4.17452 4.16342 4.15068 4.13635 4.12046 4.10309 4.08429 4.06415 4.04276 4.02022 3.99666 3.97221 3.94699 3.92116 3.89487 3.86828 3.84155 3.81485 3.78832 3.76212 3.73641 3.71132 3.68698 3.66351 3.641 3.61954 3.59921 3.58006 3.56214 3.54546 3.53005 3.5159 3.50301 3.49134 3.48088 3.47159 3.46344 3.45637 3.45037 3.44538 3.44137 3.43832 3.4362 3.43499 
3.42826 3.42887 3.43042 3.43291 3.43637 3.44082 3.44631 3.45287 3.46053 3.46935 3.47936 3.49059 3.50309 3.51686 3.53194 3.54831 3.56598 3.58491 3.60507 3.6264 3.64884 3.6723 3.69668 3.72187 3.74773 3.77414 3.80094 3.82798 3.85511 3.88216 3.90898 3.93541 3.96129 3.98649 4.01086 4.03427 4.05661 4.07778 4.09767 4.11622 4.13333 4.14896 4.16306 4.17557 4.18647 4.19573 4.20332 4.20924 4.21346 4.21597 4.21677 4.21585 4.21321 4.20885 4.20277 4.19498 4.18549 4.17433 4.16152 4.14709 4.1311 4.1136 4.09465 4.07434 4.05275 4.03001 4.00621 3.98149 3.956 3.92987 3.90326 3.87634 3.84926 3.82219 3.7953 3.76872 3.74263 3.71715 3.69243 3.66857 3.64569 3.62387 3.60319 3.5837 3.56545 3.54846 3.53276 3.51834 3.50519 3.49329 3.48262 3.47314 3.46481 3.4576 3.45147 3.44637 3.44227 3.43915 3.43699 3.43575 
3.42891 3.42953 3.4311 3.43364 3.43716 3.4417 3.44728 3.45395 3.46175 3.47072 3.4809 3.49233 3.50503 3.51903 3.53434 3.55097 3.56891 3.58812 3.60858 3.63022 3.65297 3.67675 3.70145 3.72696 3.75315 3.77987 3.80699 3.83433 3.86176 3.88909 3.91618 3.94286 3.96898 3.99439 4.01896 4.04256 4.06507 4.08639 4.10642 4.12508 4.1423 4.15802 4.17219 4.18477 4.19573 4.20503 4.21267 4.21861 4.22285 4.22538 4.22619 4.22528 4.22263 4.21826 4.21216 4.20434 4.19482 4.1836 4.17073 4.15623 4.14014 4.12253 4.10346 4.083 4.06126 4.03833 4.01434 3.98941 3.96368 3.9373 3.91042 3.88322 3.85584 3.82847 3.80126 3.77436 3.74794 3.72214 3.69709 3.67291 3.64971 3.62758 3.60659 3.58681 3.56829 3.55104 3.53509 3.52043 3.50707 3.49497 3.48412 3.47447 3.466 3.45866 3.45242 3.44723 3.44306 3.43988 3.43767 3.43641 
3.42945 3.43009 3.43168 3.43425 3.43783 3.44243 3.44809 3.45486 3.46277 3.47187 3.48219 3.49377 3.50664 3.52083 3.53634 3.55318 3.57134 3.59078 3.61148 3.63337 3.65638 3.68042 3.70539 3.73116 3.75761 3.78459 3.81196 3.83956 3.86722 3.89479 3.92209 3.94898 3.97529 4.00089 4.02562 4.04937 4.07202 4.09346 4.1136 4.13236 4.14966 4.16545 4.17969 4.19232 4.20332 4.21267 4.22033 4.2263 4.23056 4.2331 4.23392 4.23301 4.23036 4.22598 4.21986 4.21202 4.20247 4.19121 4.17829 4.16372 4.14756 4.12986 4.11069 4.09012 4.06824 4.04517 4.02101 3.9959 3.96998 3.9434 3.91631 3.88887 3.86126 3.83363 3.80616 3.779 3.75232 3.72625 3.70093 3.67649 3.65303 3.63064 3.60941 3.58939 3.57064 3.55317 3.53702 3.52217 3.50863 3.49637 3.48537 3.47559 3.46699 3.45955 3.45321 3.44794 3.44371 3.44049 3.43824 3.43696 
3.42989 3.43053 3.43214 3.43474 3.43836 3.44301 3.44874 3.45558 3.46358 3.47277 3.4832 3.4949 3.50791 3.52224 3.5379 3.55491 3.57324 3.59287 3.61375 3.63584 3.65904 3.68329 3.70845 3.73443 3.76109 3.78827 3.81584 3.84362 3.87147 3.89922 3.92669 3.95374 3.9802 4.00593 4.0308 4.05467 4.07742 4.09896 4.11918 4.13801 4.15539 4.17124 4.18552 4.1982 4.20924 4.21861 4.2263 4.23229 4.23657 4.23912 4.23994 4.23903 4.23638 4.23199 4.22587 4.21801 4.20842 4.19714 4.18417 4.16956 4.15334 4.13557 4.11632 4.09565 4.07368 4.05049 4.02621 4.00096 3.97489 3.94814 3.92088 3.89327 3.86547 3.83765 3.80998 3.78262 3.75573 3.72945 3.70393 3.67928 3.65562 3.63304 3.61161 3.59141 3.57248 3.55485 3.53853 3.52354 3.50986 3.49747 3.48635 3.47647 3.46778 3.46025 3.45384 3.44852 3.44424 3.44097 3.4387 3.43741 
3.43022 3.43086 3.43248 3.43511 3.43875 3.44344 3.44921 3.45611 3.46417 3.47343 3.48394 3.49573 3.50882 3.52325 3.53903 3.55615 3.5746 3.59436 3.61537 3.63759 3.66094 3.68532 3.71064 3.73676 3.76355 3.79088 3.81859 3.84651 3.87449 3.90236 3.92995 3.95711 3.98368 4.00952 4.03447 4.05843 4.08126 4.10286 4.12315 4.14204 4.15946 4.17536 4.18968 4.20239 4.21346 4.22285 4.23056 4.23657 4.24085 4.24342 4.24424 4.24333 4.24068 4.23629 4.23015 4.22227 4.21267 4.20136 4.18836 4.17371 4.15745 4.13963 4.12032 4.09959 4.07754 4.05426 4.02989 4.00455 3.97837 3.95151 3.92413 3.89638 3.86845 3.8405 3.81269 3.78519 3.75815 3.73173 3.70606 3.68127 3.65746 3.63474 3.61318 3.59285 3.5738 3.55604 3.53962 3.52452 3.51074 3.49826 3.48706 3.4771 3.46835 3.46076 3.4543 3.44894 3.44462 3.44133 3.43904 3.43773 
3.43042 3.43107 3.4327 3.43534 3.43899 3.44371 3.44951 3.45643 3.46453 3.47383 3.48439 3.49622 3.50938 3.52387 3.5397 3.55689 3.57541 3.59524 3.61633 3.63863 3.66206 3.68652 3.71192 3.73812 3.765 3.79241 3.82019 3.8482 3.87625 3.90419 3.93186 3.95909 3.98572 4.01162 4.03663 4.06064 4.08352 4.10517 4.1255 4.14442 4.16188 4.1778 4.19215 4.20488 4.21597 4.22538 4.2331 4.23912 4.24342 4.24598 4.24682 4.24591 4.24325 4.23885 4.2327 4.22482 4.2152 4.20387 4.19085 4.17618 4.15988 4.14203 4.12268 4.1019 4.0798 4.05648 4.03205 4.00664 3.9804 3.95348 3.92602 3.89821 3.87019 3.84216 3.81427 3.78669 3.75957 3.73306 3.70731 3.68243 3.65855 3.63575 3.61411 3.59371 3.57458 3.55676 3.54027 3.52511 3.51127 3.49874 3.4875 3.47749 3.4687 3.46108 3.45459 3.4492 3.44486 3.44156 3.43926 3.43794 
