2.67668 2.67692 2.67717 2.67741 2.67765 2.67789 2.67813 2.67837 2.6786 2.67883 2.67905 2.67928 2.6795 2.67974 2.67997 2.68022 2.68048 2.68075 2.68104 2.68135 2.68168 2.68204 2.68243 2.68285 2.68331 2.68379 2.68432 2.68488 2.68547 2.6861 2.68675 2.68744 2.68814 2.68887 2.68961 2.69036 2.69111 2.69185 2.69259 2.6933 2.69398 2.69463 2.69524 2.6958 2.6963 2.69674 2.69711 2.69741 2.69764 2.69779 2.69785 2.69784 2.69775 2.69757 2.69732 2.697 2.69661 2.69615 2.69563 2.69507 2.69445 2.6938 2.69312 2.69242 2.6917 2.69097 2.69023 2.68951 2.68879 2.6881 2.68742 2.68678 2.68616 2.68558 2.68503 2.68453 2.68406 2.68364 2.68326 2.68293 2.68264 2.68239 2.68218 2.68201 2.68189 2.6818 2.68175 2.68173 2.68174 2.68179 2.68187 2.68197 2.6821 2.68225 2.68242 2.68261 2.68281 2.68302 2.68325 2.68348 
2.67692 2.67716 2.67741 2.67765 2.6779 2.67814 2.67837 2.67861 2.67884 2.67907 2.67929 2.67952 2.67975 2.67998 2.68021 2.68046 2.68072 2.68099 2.68128 2.68159 2.68193 2.68229 2.68269 2.68311 2.68357 2.68407 2.6846 2.68517 2.68577 2.68641 2.68707 2.68777 2.68849 2.68923 2.68999 2.69075 2.69151 2.69227 2.69302 2.69375 2.69445 2.69511 2.69573 2.6963 2.69681 2.69726 2.69764 2.69795 2.69818 2.69833 2.69839 2.69838 2.69828 2.69811 2.69785 2.69752 2.69712 2.69665 2.69613 2.69555 2.69492 2.69426 2.69356 2.69284 2.69211 2.69136 2.69062 2.68988 2.68915 2.68844 2.68775 2.68709 2.68647 2.68588 2.68532 2.68481 2.68434 2.68391 2.68353 2.68319 2.68289 2.68264 2.68243 2.68226 2.68213 2.68204 2.68199 2.68197 2.68199 2.68203 2.68211 2.68221 2.68234 2.68249 2.68266 2.68285 2.68305 2.68327 2.68349 2.68373 
2.67717 2.67741 2.67765 2.6779 2.67814 2.67838 2.67862 2.67886 2.67909 2.67932 2.67955 2.67978 2.68001 2.68025 2.68049 2.68075 2.68102 2.6813 2.68161 2.68193 2.68229 2.68267 2.68309 2.68354 2.68403 2.68456 2.68512 2.68572 2.68637 2.68704 2.68775 2.68849 2.68926 2.69005 2.69085 2.69166 2.69248 2.69328 2.69408 2.69485 2.69559 2.6963 2.69696 2.69756 2.6981 2.69858 2.69898 2.69931 2.69955 2.69971 2.69978 2.69976 2.69966 2.69947 2.6992 2.69884 2.69842 2.69792 2.69736 2.69674 2.69608 2.69537 2.69463 2.69386 2.69308 2.69229 2.6915 2.69071 2.68993 2.68918 2.68845 2.68775 2.68708 2.68645 2.68586 2.68531 2.68481 2.68435 2.68394 2.68358 2.68326 2.68299 2.68277 2.68258 2.68244 2.68234 2.68228 2.68225 2.68226 2.6823 2.68237 2.68247 2.68259 2.68274 2.68291 2.6831 2.6833 2.68351 2.68374 2.68397 
2.67741 2.67765 2.6779 2.67814 2.67839 2.67863 2.67887 2.67911 2.67935 2.67959 2.67982 2.68006 2.6803 2.68055 2.68081 2.68108 2.68137 2.68168 2.68201 2.68237 2.68276 2.68318 2.68364 2.68414 2.68468 2.68526 2.68589 2.68655 2.68726 2.68801 2.6888 2.68962 2.69047 2.69134 2.69222 2.69312 2.69402 2.69491 2.69578 2.69663 2.69745 2.69823 2.69895 2.69961 2.70021 2.70073 2.70117 2.70153 2.70179 2.70196 2.70204 2.70202 2.7019 2.70169 2.70139 2.701 2.70052 2.69998 2.69936 2.69868 2.69794 2.69716 2.69634 2.6955 2.69464 2.69376 2.69289 2.69202 2.69116 2.69032 2.68952 2.68874 2.688 2.6873 2.68665 2.68604 2.68549 2.68498 2.68452 2.68412 2.68376 2.68345 2.68319 2.68298 2.68282 2.68269 2.68261 2.68257 2.68256 2.68259 2.68265 2.68274 2.68286 2.683 2.68317 2.68335 2.68355 2.68376 2.68398 2.68422 
2.67765 2.6779 2.67814 2.67839 2.67864 2.67888 2.67913 2.67937 2.67962 2.67986 2.68011 2.68036 2.68062 2.68089 2.68117 2.68147 2.68179 2.68213 2.6825 2.68291 2.68335 2.68383 2.68435 2.68492 2.68553 2.6862 2.68691 2.68768 2.68848 2.68934 2.69024 2.69117 2.69213 2.69312 2.69413 2.69515 2.69617 2.69718 2.69817 2.69913 2.70005 2.70093 2.70174 2.70249 2.70316 2.70375 2.70425 2.70464 2.70494 2.70513 2.70521 2.70518 2.70505 2.70481 2.70446 2.70402 2.70348 2.70286 2.70216 2.70139 2.70055 2.69967 2.69874 2.69778 2.6968 2.69581 2.69481 2.69383 2.69285 2.6919 2.69098 2.6901 2.68926 2.68846 2.68771 2.68702 2.68638 2.68579 2.68527 2.6848 2.68438 2.68402 2.68372 2.68346 2.68326 2.68311 2.683 2.68293 2.6829 2.68291 2.68296 2.68304 2.68314 2.68327 2.68343 2.68361 2.6838 2.68401 2.68423 2.68446 
2.67789 2.67814 2.67838 2.67863 2.67888 2.67913 2.67939 2.67964 2.67989 2.68015 2.68042 2.68069 2.68097 2.68126 2.68158 2.68191 2.68227 2.68266 2.68309 2.68356 2.68407 2.68462 2.68523 2.68589 2.68661 2.68739 2.68822 2.68911 2.69005 2.69105 2.69209 2.69318 2.6943 2.69544 2.69661 2.69779 2.69897 2.70013 2.70128 2.70239 2.70345 2.70445 2.70539 2.70625 2.70702 2.70769 2.70826 2.70871 2.70905 2.70926 2.70935 2.70932 2.70916 2.70888 2.70848 2.70796 2.70734 2.70662 2.70581 2.70492 2.70395 2.70293 2.70186 2.70075 2.69962 2.69847 2.69732 2.69617 2.69505 2.69394 2.69287 2.69184 2.69086 2.68994 2.68906 2.68825 2.6875 2.68682 2.68619 2.68564 2.68514 2.68471 2.68434 2.68403 2.68378 2.68358 2.68343 2.68333 2.68327 2.68326 2.68328 2.68334 2.68343 2.68355 2.6837 2.68387 2.68405 2.68426 2.68447 2.6847 
2.67813 2.67837 2.67862 2.67887 2.67913 2.67939 2.67965 2.67991 2.68018 2.68045 2.68074 2.68103 2.68135 2.68168 2.68203 2.68241 2.68283 2.68328 2.68378 2.68433 2.68493 2.68559 2.6863 2.68709 2.68794 2.68885 2.68984 2.69089 2.692 2.69317 2.6944 2.69568 2.697 2.69834 2.69971 2.70109 2.70247 2.70383 2.70517 2.70646 2.7077 2.70887 2.70996 2.71095 2.71185 2.71262 2.71328 2.7138 2.71419 2.71443 2.71453 2.71448 2.71429 2.71396 2.71349 2.71289 2.71216 2.71132 2.71037 2.70933 2.70821 2.70701 2.70576 2.70446 2.70314 2.70179 2.70044 2.6991 2.69777 2.69648 2.69522 2.69401 2.69286 2.69176 2.69073 2.68977 2.68888 2.68806 2.68732 2.68665 2.68606 2.68553 2.68508 2.6847 2.68438 2.68412 2.68392 2.68378 2.68368 2.68364 2.68363 2.68367 2.68374 2.68384 2.68397 2.68413 2.68431 2.68451 2.68472 2.68494 
2.67837 2.67861 2.67886 2.67911 2.67937 2.67964 2.67991 2.68019 2.68048 2.68077 2.68108 2.68141 2.68176 2.68213 2.68254 2.68298 2.68347 2.684 2.68459 2.68524 2.68595 2.68673 2.68759 2.68852 2.68953 2.69062 2.69179 2.69304 2.69436 2.69576 2.69721 2.69872 2.70028 2.70187 2.70349 2.70511 2.70673 2.70833 2.7099 2.71142 2.71287 2.71424 2.71551 2.71667 2.71771 2.71862 2.71938 2.71998 2.72043 2.72071 2.72082 2.72076 2.72053 2.72014 2.71959 2.71888 2.71802 2.71703 2.71592 2.7147 2.71338 2.71197 2.7105 2.70897 2.70741 2.70583 2.70424 2.70265 2.70109 2.69956 2.69807 2.69664 2.69527 2.69396 2.69274 2.69159 2.69053 2.68955 2.68866 2.68785 2.68713 2.6865 2.68595 2.68547 2.68507 2.68474 2.68448 2.68428 2.68413 2.68405 2.68401 2.68401 2.68406 2.68414 2.68426 2.6844 2.68457 2.68475 2.68496 2.68518 
2.6786 2.67884 2.67909 2.67935 2.67962 2.67989 2.68018 2.68048 2.68078 2.68111 2.68145 2.68182 2.68221 2.68264 2.68311 2.68363 2.6842 2.68483 2.68553 2.6863 2.68715 2.68808 2.6891 2.69022 2.69142 2.69273 2.69412 2.69561 2.69719 2.69884 2.70057 2.70237 2.70421 2.70609 2.708 2.70992 2.71183 2.71371 2.71555 2.71733 2.71903 2.72064 2.72213 2.72348 2.7247 2.72575 2.72664 2.72734 2.72786 2.72818 2.7283 2.72823 2.72796 2.72749 2.72684 2.726 2.725 2.72384 2.72253 2.72109 2.71953 2.71788 2.71615 2.71435 2.71251 2.71064 2.70876 2.70689 2.70504 2.70323 2.70147 2.69977 2.69814 2.69659 2.69512 2.69376 2.69248 2.69131 2.69024 2.68927 2.6884 2.68763 2.68695 2.68636 2.68586 2.68544 2.6851 2.68483 2.68463 2.68449 2.68441 2.68438 2.68439 2.68445 2.68454 2.68467 2.68482 2.685 2.6852 2.68541 
2.67883 2.67907 2.67932 2.67959 2.67986 2.68015 2.68045 2.68077 2.68111 2.68146 2.68185 2.68226 2.68272 2.68321 2.68376 2.68437 2.68504 2.68579 2.68661 2.68753 2.68855 2.68966 2.69088 2.69221 2.69366 2.69521 2.69688 2.69865 2.70052 2.70249 2.70454 2.70666 2.70884 2.71107 2.71332 2.71558 2.71783 2.72004 2.7222 2.72429 2.72628 2.72815 2.72989 2.73148 2.73289 2.73412 2.73515 2.73597 2.73656 2.73693 2.73707 2.73698 2.73666 2.73611 2.73534 2.73436 2.73318 2.73181 2.73027 2.72858 2.72676 2.72481 2.72278 2.72067 2.7185 2.7163 2.71408 2.71188 2.70969 2.70755 2.70546 2.70345 2.70151 2.69967 2.69793 2.6963 2.69478 2.69337 2.69209 2.69092 2.68987 2.68893 2.6881 2.68738 2.68676 2.68624 2.68581 2.68546 2.68518 2.68498 2.68485 2.68477 2.68475 2.68478 2.68484 2.68495 2.68508 2.68525 2.68544 2.68564 
2.67905 2.67929 2.67955 2.67982 2.68011 2.68042 2.68074 2.68108 2.68145 2.68185 2.68228 2.68275 2.68327 2.68385 2.68449 2.6852 2.686 2.68689 2.68787 2.68897 2.69017 2.6915 2.69296 2.69455 2.69626 2.69811 2.70009 2.7022 2.70442 2.70674 2.70917 2.71168 2.71425 2.71687 2.71951 2.72217 2.7248 2.72739 2.72992 2.73236 2.73468 2.73687 2.7389 2.74074 2.74238 2.74381 2.745 2.74595 2.74663 2.74706 2.74721 2.7471 2.74671 2.74607 2.74517 2.74402 2.74264 2.74104 2.73924 2.73726 2.73513 2.73286 2.73047 2.72799 2.72545 2.72287 2.72027 2.71767 2.7151 2.71257 2.71011 2.70773 2.70544 2.70326 2.70119 2.69925 2.69745 2.69577 2.69423 2.69283 2.69157 2.69044 2.68943 2.68856 2.68779 2.68715 2.6866 2.68615 2.6858 2.68553 2.68533 2.6852 2.68513 2.68512 2.68516 2.68523 2.68535 2.6855 2.68568 2.68588 
2.67928 2.67952 2.67978 2.68006 2.68036 2.68069 2.68103 2.68141 2.68182 2.68226 2.68275 2.68329 2.6839 2.68457 2.68532 2.68616 2.6871 2.68815 2.68932 2.69062 2.69205 2.69363 2.69536 2.69725 2.69929 2.70148 2.70382 2.7063 2.70892 2.71167 2.71452 2.71747 2.72049 2.72356 2.72665 2.72975 2.73283 2.73585 2.7388 2.74163 2.74433 2.74687 2.74922 2.75135 2.75326 2.7549 2.75628 2.75736 2.75815 2.75864 2.75881 2.75867 2.75822 2.75746 2.75641 2.75508 2.75347 2.75161 2.74952 2.74721 2.74473 2.74208 2.7393 2.73641 2.73344 2.73042 2.72738 2.72434 2.72132 2.71836 2.71547 2.71267 2.70997 2.7074 2.70496 2.70267 2.70052 2.69854 2.69671 2.69504 2.69352 2.69217 2.69096 2.6899 2.68897 2.68817 2.6875 2.68694 2.68648 2.68612 2.68585 2.68566 2.68554 2.68548 2.68548 2.68553 2.68562 2.68575 2.68592 2.68611 
2.6795 2.67975 2.68001 2.6803 2.68062 2.68097 2.68135 2.68176 2.68221 2.68272 2.68327 2.6839 2.68459 2.68538 2.68626 2.68725 2.68836 2.6896 2.69098 2.69252 2.69422 2.69609 2.69813 2.70036 2.70276 2.70535 2.7081 2.71102 2.7141 2.71732 2.72066 2.7241 2.72763 2.7312 2.73481 2.73842 2.74199 2.74549 2.7489 2.75218 2.7553 2.75823 2.76094 2.7634 2.76559 2.76748 2.76906 2.7703 2.77121 2.77176 2.77195 2.77178 2.77125 2.77037 2.76916 2.76761 2.76575 2.7636 2.76117 2.75851 2.75563 2.75256 2.74933 2.74598 2.74254 2.73903 2.73549 2.73195 2.72843 2.72497 2.72159 2.71831 2.71516 2.71214 2.70927 2.70658 2.70405 2.7017 2.69954 2.69756 2.69576 2.69414 2.6927 2.69142 2.6903 2.68934 2.68851 2.68782 2.68725 2.68679 2.68643 2.68616 2.68598 2.68587 2.68583 2.68584 2.68591 2.68601 2.68616 2.68634 
2.67974 2.67998 2.68025 2.68055 2.68089 2.68126 2.68168 2.68213 2.68264 2.68321 2.68385 2.68457 2.68538 2.68629 2.68732 2.68848 2.68979 2.69125 2.69288 2.69469 2.69669 2.6989 2.7013 2.70392 2.70674 2.70977 2.71299 2.71641 2.72 2.72375 2.72764 2.73164 2.73573 2.73988 2.74405 2.74822 2.75234 2.75638 2.76031 2.76408 2.76766 2.77102 2.77413 2.77695 2.77945 2.78161 2.78341 2.78483 2.78586 2.78648 2.78669 2.78649 2.78588 2.78487 2.78346 2.78168 2.77954 2.77707 2.77428 2.77122 2.7679 2.76437 2.76065 2.75678 2.7528 2.74875 2.74465 2.74055 2.73648 2.73247 2.72854 2.72472 2.72105 2.71753 2.71418 2.71102 2.70806 2.70531 2.70276 2.70043 2.69831 2.69639 2.69467 2.69315 2.69181 2.69065 2.68965 2.68881 2.6881 2.68753 2.68707 2.68672 2.68646 2.68629 2.6862 2.68617 2.6862 2.68628 2.68641 2.68658 
2.67997 2.68021 2.68049 2.68081 2.68117 2.68158 2.68203 2.68254 2.68311 2.68376 2.68449 2.68532 2.68626 2.68732 2.68852 2.68988 2.69141 2.69313 2.69504 2.69716 2.69951 2.70209 2.7049 2.70796 2.71125 2.71478 2.71854 2.72251 2.72667 2.73102 2.73552 2.74014 2.74486 2.74964 2.75444 2.75922 2.76395 2.76858 2.77307 2.77739 2.78148 2.78531 2.78885 2.79205 2.7949 2.79735 2.7994 2.801 2.80216 2.80286 2.8031 2.80286 2.80216 2.801 2.79939 2.79736 2.79491 2.79209 2.7889 2.7854 2.78161 2.77756 2.7733 2.76887 2.7643 2.75965 2.75494 2.75022 2.74553 2.74089 2.73636 2.73195 2.72769 2.72361 2.71972 2.71605 2.7126 2.70939 2.70641 2.70368 2.70119 2.69893 2.69691 2.69511 2.69352 2.69213 2.69094 2.68992 2.68906 2.68835 2.68778 2.68733 2.68699 2.68675 2.68659 2.68652 2.68651 2.68656 2.68667 2.68683 
2.68022 2.68046 2.68075 2.68108 2.68147 2.68191 2.68241 2.68298 2.68363 2.68437 2.6852 2.68616 2.68725 2.68848 2.68988 2.69147 2.69325 2.69525 2.69748 2.69996 2.7027 2.7057 2.70898 2.71253 2.71635 2.72043 2.72478 2.72936 2.73417 2.73917 2.74434 2.74965 2.75506 2.76053 2.76602 2.77148 2.77687 2.78214 2.78725 2.79215 2.79679 2.80113 2.80514 2.80876 2.81198 2.81475 2.81705 2.81886 2.82016 2.82095 2.8212 2.82093 2.82013 2.81881 2.81698 2.81467 2.8119 2.80869 2.80508 2.8011 2.79679 2.79218 2.78734 2.78229 2.77708 2.77177 2.76639 2.76099 2.75562 2.75031 2.7451 2.74003 2.73513 2.73042 2.72594 2.72169 2.7177 2.71397 2.71052 2.70734 2.70443 2.7018 2.69943 2.69731 2.69544 2.6938 2.69238 2.69116 2.69012 2.68926 2.68856 2.688 2.68756 2.68724 2.68702 2.68689 2.68684 2.68686 2.68694 2.68708 
2.68048 2.68072 2.68102 2.68137 2.68179 2.68227 2.68283 2.68347 2.6842 2.68504 2.686 2.6871 2.68836 2.68979 2.69141 2.69325 2.69532 2.69765 2.70024 2.70312 2.70629 2.70976 2.71355 2.71765 2.72205 2.72676 2.73175 2.73702 2.74253 2.74825 2.75416 2.76022 2.76638 2.7726 2.77883 2.78503 2.79113 2.7971 2.80287 2.8084 2.81363 2.81852 2.82302 2.8271 2.83071 2.83381 2.83639 2.83842 2.83988 2.84075 2.84102 2.84071 2.8398 2.83831 2.83625 2.83365 2.83052 2.82691 2.82283 2.81834 2.81347 2.80827 2.80279 2.79708 2.79118 2.78515 2.77904 2.77291 2.76679 2.76074 2.7548 2.74901 2.7434 2.73801 2.73286 2.72798 2.72339 2.7191 2.71511 2.71143 2.70806 2.705 2.70225 2.69978 2.69759 2.69566 2.69399 2.69254 2.69131 2.69028 2.68943 2.68874 2.68819 2.68778 2.68748 2.68729 2.68719 2.68717 2.68723 2.68735 
2.68075 2.68099 2.6813 2.68168 2.68213 2.68266 2.68328 2.684 2.68483 2.68579 2.68689 2.68815 2.6896 2.69125 2.69313 2.69525 2.69765 2.70033 2.70333 2.70665 2.7103 2.7143 2.71866 2.72336 2.72841 2.7338 2.7395 2.74551 2.75178 2.75829 2.765 2.77187 2.77884 2.78587 2.79291 2.79989 2.80676 2.81347 2.81995 2.82615 2.83201 2.83748 2.84251 2.84706 2.85109 2.85455 2.85742 2.85968 2.86129 2.86225 2.86255 2.86219 2.86117 2.8595 2.8572 2.85428 2.85079 2.84673 2.84217 2.83714 2.83167 2.82584 2.81968 2.81325 2.80661 2.79982 2.79293 2.786 2.77908 2.77223 2.76549 2.75891 2.75254 2.7464 2.74053 2.73496 2.72971 2.72479 2.72021 2.71598 2.71211 2.70858 2.70539 2.70253 2.69998 2.69774 2.69578 2.69408 2.69263 2.69141 2.69039 2.68955 2.68889 2.68837 2.68799 2.68773 2.68757 2.68751 2.68753 2.68763 
2.68104 2.68128 2.68161 2.68201 2.6825 2.68309 2.68378 2.68459 2.68553 2.68661 2.68787 2.68932 2.69098 2.69288 2.69504 2.69748 2.70024 2.70333 2.70677 2.71057 2.71476 2.71934 2.72431 2.72968 2.73544 2.74156 2.74804 2.75485 2.76195 2.76931 2.77689 2.78462 2.79247 2.80037 2.80826 2.81608 2.82377 2.83126 2.83848 2.84539 2.85191 2.85799 2.86358 2.86863 2.87309 2.87693 2.88011 2.8826 2.88438 2.88544 2.88576 2.88535 2.88421 2.88236 2.87979 2.87655 2.87266 2.86816 2.86308 2.85747 2.85138 2.84487 2.838 2.83082 2.82339 2.81578 2.80806 2.80027 2.7925 2.78478 2.77719 2.76977 2.76256 2.75561 2.74896 2.74264 2.73667 2.73106 2.72584 2.72101 2.71658 2.71253 2.70887 2.70557 2.70264 2.70004 2.69777 2.69579 2.6941 2.69266 2.69145 2.69045 2.68965 2.68902 2.68854 2.6882 2.68798 2.68787 2.68786 2.68793 
2.68135 2.68159 2.68193 2.68237 2.68291 2.68356 2.68433 2.68524 2.6863 2.68753 2.68897 2.69062 2.69252 2.69469 2.69716 2.69996 2.70312 2.70665 2.71057 2.71492 2.71969 2.7249 2.73055 2.73664 2.74315 2.75008 2.7574 2.76507 2.77306 2.78133 2.78982 2.79849 2.80726 2.81608 2.82487 2.83358 2.84212 2.85044 2.85845 2.86609 2.87331 2.88003 2.8862 2.89176 2.89668 2.9009 2.90439 2.90712 2.90908 2.91024 2.91059 2.91013 2.90887 2.90681 2.90398 2.9004 2.89611 2.89113 2.88551 2.87931 2.87257 2.86536 2.85773 2.84975 2.8415 2.83303 2.82442 2.81573 2.80705 2.79842 2.78991 2.78158 2.77348 2.76567 2.75817 2.75104 2.74429 2.73794 2.73203 2.72654 2.7215 2.71688 2.7127 2.70893 2.70557 2.70259 2.69996 2.69768 2.69571 2.69403 2.69262 2.69144 2.69049 2.68973 2.68914 2.68871 2.68842 2.68826 2.6882 2.68826 
2.68168 2.68193 2.68229 2.68276 2.68335 2.68407 2.68493 2.68595 2.68715 2.68855 2.69017 2.69205 2.69422 2.69669 2.69951 2.7027 2.70629 2.7103 2.71476 2.71969 2.72509 2.73099 2.73737 2.74424 2.75157 2.75936 2.76757 2.77617 2.78511 2.79434 2.80381 2.81345 2.8232 2.83298 2.84273 2.85236 2.8618 2.87097 2.8798 2.88821 2.89614 2.90351 2.91028 2.91638 2.92176 2.92637 2.93019 2.93317 2.9353 2.93656 2.93694 2.93643 2.93504 2.93279 2.92968 2.92576 2.92104 2.91558 2.90941 2.90259 2.89517 2.88723 2.87882 2.87002 2.8609 2.85153 2.84199 2.83236 2.82271 2.81311 2.80364 2.79435 2.78531 2.77657 2.76817 2.76016 2.75258 2.74544 2.73877 2.73258 2.72687 2.72165 2.7169 2.71262 2.70878 2.70538 2.70237 2.69975 2.69748 2.69554 2.6939 2.69253 2.69141 2.6905 2.6898 2.68927 2.6889 2.68868 2.68858 2.68861 
2.68204 2.68229 2.68267 2.68318 2.68383 2.68462 2.68559 2.68673 2.68808 2.68966 2.6915 2.69363 2.69609 2.6989 2.70209 2.7057 2.70976 2.7143 2.71934 2.7249 2.73099 2.73762 2.74478 2.75248 2.76069 2.7694 2.77856 2.78813 2.79807 2.80832 2.81881 2.82948 2.84025 2.85104 2.86177 2.87236 2.88273 2.89279 2.90245 2.91165 2.92031 2.92836 2.93574 2.94238 2.94823 2.95325 2.95739 2.96063 2.96294 2.9643 2.9647 2.96415 2.96263 2.96017 2.95679 2.95251 2.94737 2.94141 2.93467 2.92722 2.91912 2.91042 2.90121 2.89155 2.88154 2.87124 2.86073 2.85012 2.83946 2.82885 2.81836 2.80806 2.79802 2.7883 2.77895 2.77002 2.76154 2.75355 2.74608 2.73913 2.73271 2.72683 2.72147 2.71663 2.71229 2.70842 2.70501 2.70202 2.69942 2.6972 2.6953 2.69372 2.69241 2.69135 2.69051 2.68988 2.68942 2.68913 2.68899 2.68898 
2.68243 2.68269 2.68309 2.68364 2.68435 2.68523 2.6863 2.68759 2.6891 2.69088 2.69296 2.69536 2.69813 2.7013 2.7049 2.70898 2.71355 2.71866 2.72431 2.73055 2.73737 2.74478 2.75279 2.76137 2.77051 2.78018 2.79034 2.80094 2.81193 2.82324 2.83481 2.84654 2.85837 2.8702 2.88195 2.89353 2.90484 2.9158 2.92633 2.93633 2.94573 2.95446 2.96245 2.96964 2.97597 2.98139 2.98586 2.98936 2.99185 2.99331 2.99374 2.99313 2.99149 2.98883 2.98516 2.98053 2.97496 2.9685 2.96119 2.9531 2.9443 2.93484 2.9248 2.91428 2.90334 2.89208 2.88059 2.86895 2.85725 2.84559 2.83404 2.82269 2.8116 2.80085 2.79049 2.78058 2.77117 2.76228 2.75395 2.74619 2.73902 2.73243 2.72642 2.72098 2.71609 2.71173 2.70787 2.70448 2.70153 2.69899 2.69683 2.69501 2.6935 2.69227 2.69129 2.69054 2.68999 2.68962 2.68943 2.68939 
2.68285 2.68311 2.68354 2.68414 2.68492 2.68589 2.68709 2.68852 2.69022 2.69221 2.69455 2.69725 2.70036 2.70392 2.70796 2.71253 2.71765 2.72336 2.72968 2.73664 2.74424 2.75248 2.76137 2.77088 2.781 2.79169 2.80289 2.81457 2.82665 2.83906 2.85173 2.86457 2.87748 2.89038 2.90317 2.91575 2.92803 2.93991 2.9513 2.96211 2.97226 2.98167 2.99028 2.99801 3.00481 3.01064 3.01544 3.01919 3.02186 3.02342 3.02388 3.02322 3.02145 3.01859 3.01465 3.00966 3.00367 2.9967 2.98883 2.9801 2.97059 2.96036 2.9495 2.93809 2.92622 2.91398 2.90147 2.88879 2.87602 2.86327 2.85063 2.83818 2.826 2.81418 2.80277 2.79184 2.78144 2.7716 2.76237 2.75376 2.74578 2.73844 2.73174 2.72566 2.72018 2.71529 2.71095 2.70714 2.70381 2.70094 2.69848 2.69641 2.69468 2.69326 2.69213 2.69125 2.6906 2.69016 2.6899 2.68983 
2.68331 2.68357 2.68403 2.68468 2.68553 2.68661 2.68794 2.68953 2.69142 2.69366 2.69626 2.69929 2.70276 2.70674 2.71125 2.71635 2.72205 2.72841 2.73544 2.74315 2.75157 2.76069 2.77051 2.781 2.79214 2.80388 2.81617 2.82896 2.84217 2.85572 2.86952 2.88348 2.89751 2.91149 2.92533 2.93893 2.95218 2.96498 2.97723 2.98885 2.99974 3.00983 3.01905 3.02732 3.03459 3.04081 3.04594 3.04994 3.05278 3.05445 3.05493 3.05422 3.05233 3.04927 3.04506 3.03973 3.03331 3.02586 3.01742 3.00806 2.99784 2.98685 2.97515 2.96286 2.95005 2.93682 2.92328 2.90954 2.89568 2.88182 2.86805 2.85448 2.84118 2.82824 2.81575 2.80375 2.79232 2.7815 2.77132 2.76181 2.75299 2.74486 2.73742 2.73066 2.72457 2.71911 2.71427 2.71 2.70626 2.70303 2.70026 2.69791 2.69595 2.69433 2.69303 2.69202 2.69126 2.69073 2.69042 2.69031 
2.68379 2.68407 2.68456 2.68526 2.6862 2.68739 2.68885 2.69062 2.69273 2.69521 2.69811 2.70148 2.70535 2.70977 2.71478 2.72043 2.72676 2.7338 2.74156 2.75008 2.75936 2.7694 2.78018 2.79169 2.80388 2.81671 2.83013 2.84406 2.85842 2.87312 2.88808 2.90319 2.91833 2.93341 2.94831 2.96293 2.97714 2.99086 3.00397 3.01639 3.02801 3.03877 3.04858 3.05738 3.06511 3.07172 3.07716 3.0814 3.08441 3.08618 3.08669 3.08594 3.08393 3.08068 3.0762 3.07054 3.06371 3.05578 3.04679 3.0368 3.02589 3.01414 3.00163 2.98845 2.9747 2.96049 2.94592 2.9311 2.91614 2.90115 2.88624 2.87152 2.85707 2.84299 2.82937 2.81628 2.80378 2.79193 2.78077 2.77032 2.76062 2.75166 2.74345 2.73599 2.72924 2.72319 2.7178 2.71305 2.70888 2.70527 2.70216 2.69953 2.69731 2.69548 2.694 2.69284 2.69196 2.69134 2.69097 2.69082 
2.68432 2.6846 2.68512 2.68589 2.68691 2.68822 2.68984 2.69179 2.69412 2.69688 2.70009 2.70382 2.7081 2.71299 2.71854 2.72478 2.73175 2.7395 2.74804 2.7574 2.76757 2.77856 2.79034 2.80289 2.81617 2.83013 2.84469 2.85978 2.87532 2.8912 2.90732 2.92358 2.93985 2.95602 2.97198 2.9876 3.00278 3.01739 3.03135 3.04454 3.05689 3.06829 3.07868 3.08799 3.09616 3.10314 3.10889 3.11336 3.11654 3.1184 3.11894 3.11814 3.11602 3.11259 3.10787 3.10188 3.09466 3.08626 3.07674 3.06615 3.05457 3.04207 3.02875 3.01471 3.00003 2.98484 2.96924 2.95334 2.93728 2.92116 2.9051 2.8892 2.87359 2.85835 2.84359 2.82937 2.81577 2.80286 2.79068 2.77927 2.76865 2.75883 2.74982 2.74161 2.73417 2.7275 2.72155 2.71628 2.71167 2.70765 2.70419 2.70124 2.69876 2.69671 2.69504 2.69372 2.69272 2.692 2.69156 2.69136 
2.68488 2.68517 2.68572 2.68655 2.68768 2.68911 2.69089 2.69304 2.69561 2.69865 2.7022 2.7063 2.71102 2.71641 2.72251 2.72936 2.73702 2.74551 2.75485 2.76507 2.77617 2.78813 2.80094 2.81457 2.82896 2.84406 2.85978 2.87605 2.89277 2.90983 2.92712 2.94453 2.96192 2.97918 2.99617 3.01279 3.0289 3.0444 3.05918 3.07313 3.08616 3.09819 3.10914 3.11894 3.12753 3.13486 3.14089 3.14559 3.14892 3.15087 3.15144 3.15061 3.14838 3.14478 3.13982 3.13353 3.12594 3.1171 3.10707 3.0959 3.08367 3.07046 3.05636 3.04146 3.02588 3.00972 2.9931 2.97615 2.95898 2.94173 2.92451 2.90745 2.89066 2.87424 2.85831 2.84295 2.82824 2.81424 2.80102 2.78861 2.77704 2.76633 2.75649 2.7475 2.73936 2.73204 2.72549 2.7197 2.7146 2.71016 2.70633 2.70306 2.7003 2.69801 2.69614 2.69465 2.69352 2.6927 2.69218 2.69194 
2.68547 2.68577 2.68637 2.68726 2.68848 2.69005 2.692 2.69436 2.69719 2.70052 2.70442 2.70892 2.7141 2.72 2.72667 2.73417 2.74253 2.75178 2.76195 2.77306 2.78511 2.79807 2.81193 2.82665 2.84217 2.85842 2.87532 2.89277 2.91068 2.92892 2.94737 2.96591 2.98441 3.00273 3.02075 3.03833 3.05536 3.07171 3.08727 3.10195 3.11564 3.12826 3.13973 3.14999 3.15898 3.16664 3.17294 3.17785 3.18133 3.18337 3.18396 3.18309 3.18078 3.17702 3.17184 3.16527 3.15733 3.14808 3.13757 3.12585 3.113 3.0991 3.08425 3.06853 3.05207 3.03497 3.01736 2.99936 2.98111 2.96273 2.94437 2.92613 2.90816 2.89057 2.87347 2.85695 2.8411 2.826 2.81172 2.79829 2.78575 2.77413 2.76343 2.75365 2.74478 2.73678 2.72962 2.72327 2.71768 2.7128 2.70859 2.70498 2.70192 2.69938 2.6973 2.69564 2.69437 2.69344 2.69285 2.69256 
2.6861 2.68641 2.68704 2.68801 2.68934 2.69105 2.69317 2.69576 2.69884 2.70249 2.70674 2.71167 2.71732 2.72375 2.73102 2.73917 2.74825 2.75829 2.76931 2.78133 2.79434 2.80832 2.82324 2.83906 2.85572 2.87312 2.8912 2.90983 2.92892 2.94832 2.96792 2.98758 3.00716 3.02652 3.04552 3.06404 3.08195 3.09911 3.11543 3.13079 3.1451 3.15828 3.17025 3.18094 3.19029 3.19826 3.20481 3.20991 3.21353 3.21565 3.21627 3.21537 3.21297 3.20908 3.2037 3.19687 3.18861 3.17898 3.16801 3.15578 3.14235 3.12781 3.11223 3.09574 3.07843 3.06042 3.04184 3.02283 3.00352 2.98404 2.96454 2.94515 2.92601 2.90724 2.88896 2.87128 2.85429 2.83808 2.82272 2.80826 2.79474 2.78219 2.77062 2.76002 2.75039 2.7417 2.73391 2.72699 2.72089 2.71556 2.71094 2.70698 2.70362 2.70082 2.69852 2.69668 2.69526 2.69422 2.69355 2.69321 
2.68675 2.68707 2.68775 2.6888 2.69024 2.69209 2.6944 2.69721 2.70057 2.70454 2.70917 2.71452 2.72066 2.72764 2.73552 2.74434 2.75416 2.765 2.77689 2.78982 2.80381 2.81881 2.83481 2.85173 2.86952 2.88808 2.90732 2.92712 2.94737 2.96792 2.98864 3.00939 3.03002 3.05038 3.07034 3.08975 3.10849 3.12643 3.14345 3.15946 3.17435 3.18804 3.20047 3.21155 3.22124 3.2295 3.23628 3.24155 3.24529 3.24749 3.24813 3.24722 3.24474 3.24072 3.23517 3.2281 3.21956 3.20957 3.1982 3.18549 3.17152 3.15637 3.14013 3.12289 3.10477 3.0859 3.0664 3.0464 3.02606 3.00551 2.9849 2.96437 2.94407 2.92414 2.90469 2.88586 2.86773 2.85041 2.83396 2.81846 2.80395 2.79046 2.778 2.76657 2.75617 2.74678 2.73835 2.73084 2.72421 2.71841 2.71338 2.70905 2.70538 2.70231 2.69978 2.69776 2.69619 2.69504 2.69428 2.69389 
2.68744 2.68777 2.68849 2.68962 2.69117 2.69318 2.69568 2.69872 2.70237 2.70666 2.71168 2.71747 2.7241 2.73164 2.74014 2.74965 2.76022 2.77187 2.78462 2.79849 2.81345 2.82948 2.84654 2.86457 2.88348 2.90319 2.92358 2.94453 2.96591 2.98758 3.00939 3.03119 3.05283 3.07415 3.09502 3.11528 3.1348 3.15346 3.17115 3.18775 3.20318 3.21734 3.23018 3.24162 3.25162 3.26013 3.26711 3.27254 3.2764 3.27867 3.27934 3.2784 3.27586 3.27174 3.26603 3.25876 3.24996 3.23966 3.22791 3.21478 3.20031 3.1846 3.16773 3.1498 3.13093 3.11123 3.09085 3.06991 3.04857 3.02698 3.0053 2.98367 2.96224 2.94116 2.92056 2.90058 2.88132 2.86289 2.84537 2.82883 2.81332 2.79888 2.78552 2.77326 2.76209 2.75197 2.74289 2.73479 2.72763 2.72135 2.71589 2.71119 2.7072 2.70385 2.7011 2.69888 2.69715 2.69588 2.69504 2.6946 
2.68814 2.68849 2.68926 2.69047 2.69213 2.6943 2.697 2.70028 2.70421 2.70884 2.71425 2.72049 2.72763 2.73573 2.74486 2.75506 2.76638 2.77884 2.79247 2.80726 2.8232 2.84025 2.85837 2.87748 2.89751 2.91833 2.93985 2.96192 2.98441 3.00716 3.03002 3.05283 3.07543 3.09767 3.11938 3.14044 3.1607 3.18003 3.19833 3.21548 3.23139 3.24598 3.25919 3.27095 3.28122 3.28995 3.29712 3.30269 3.30664 3.30897 3.30967 3.30872 3.30614 3.30192 3.29607 3.28863 3.2796 3.26903 3.25696 3.24344 3.22853 3.2123 3.19486 3.17629 3.15671 3.13624 3.11503 3.0932 3.07091 3.04833 3.0256 3.0029 2.98037 2.95818 2.93646 2.91535 2.89498 2.87545 2.85686 2.83929 2.82278 2.8074 2.79315 2.78005 2.76809 2.75726 2.74751 2.73881 2.73111 2.72435 2.71846 2.71339 2.70907 2.70544 2.70244 2.70003 2.69814 2.69675 2.69582 2.69533 
2.68887 2.68923 2.69005 2.69134 2.69312 2.69544 2.69834 2.70187 2.70609 2.71107 2.71687 2.72356 2.7312 2.73988 2.74964 2.76053 2.7726 2.78587 2.80037 2.81608 2.83298 2.85104 2.8702 2.89038 2.91149 2.93341 2.95602 2.97918 3.00273 3.02652 3.05038 3.07415 3.09767 3.12076 3.14328 3.16508 3.18601 3.20596 3.22481 3.24245 3.2588 3.27377 3.28731 3.29935 3.30986 3.31878 3.3261 3.33179 3.33584 3.33822 3.33894 3.33799 3.33537 3.33107 3.32512 3.31753 3.30832 3.29751 3.28515 3.27129 3.25598 3.2393 3.22133 3.20218 3.18195 3.16077 3.13877 3.1161 3.09292 3.06939 3.04567 3.02194 2.99835 2.97508 2.95227 2.93006 2.9086 2.888 2.86836 2.84976 2.83228 2.81595 2.80082 2.78689 2.77415 2.7626 2.75219 2.74289 2.73464 2.72739 2.72107 2.71561 2.71096 2.70705 2.70382 2.7012 2.69916 2.69765 2.69663 2.69608 
2.68961 2.68999 2.69085 2.69222 2.69413 2.69661 2.69971 2.70349 2.708 2.71332 2.71951 2.72665 2.73481 2.74405 2.75444 2.76602 2.77883 2.79291 2.80826 2.82487 2.84273 2.86177 2.88195 2.90317 2.92533 2.94831 2.97198 2.99617 3.02075 3.04552 3.07034 3.09502 3.11938 3.14328 3.16654 3.18902 3.21058 3.23108 3.25043 3.26851 3.28524 3.30055 3.31437 3.32665 3.33736 3.34645 3.3539 3.35969 3.36381 3.36625 3.36699 3.36604 3.36338 3.35904 3.353 3.34529 3.33592 3.32492 3.31231 3.29816 3.2825 3.26542 3.24698 3.2273 3.20648 3.18464 3.16192 3.13847 3.11445 3.09003 3.06537 3.04065 3.01605 2.99174 2.96787 2.94461 2.92209 2.90044 2.87977 2.86018 2.84173 2.82448 2.80847 2.79372 2.78021 2.76794 2.75688 2.74698 2.73819 2.73045 2.7237 2.71786 2.71288 2.70868 2.70521 2.70239 2.70019 2.69855 2.69745 2.69685 
2.69036 2.69075 2.69166 2.69312 2.69515 2.69779 2.70109 2.70511 2.70992 2.71558 2.72217 2.72975 2.73842 2.74822 2.75922 2.77148 2.78503 2.79989 2.81608 2.83358 2.85236 2.87236 2.89353 2.91575 2.93893 2.96293 2.9876 3.01279 3.03833 3.06404 3.08975 3.11528 3.14044 3.16508 3.18902 3.21212 3.23424 3.25525 3.27503 3.2935 3.31057 3.32616 3.34022 3.35271 3.36358 3.3728 3.38036 3.38624 3.39042 3.3929 3.39366 3.39271 3.39005 3.38566 3.37956 3.37176 3.36226 3.3511 3.3383 3.32389 3.30794 3.2905 3.27166 3.2515 3.23014 3.20771 3.18433 3.16016 3.13536 3.11009 3.08455 3.05891 3.03335 3.00804 2.98317 2.95888 2.93535 2.91268 2.89102 2.87046 2.85107 2.83292 2.81606 2.80049 2.78623 2.77326 2.76154 2.75105 2.74172 2.7335 2.72632 2.72011 2.7148 2.71032 2.7066 2.70359 2.70123 2.69947 2.69827 2.69762 
2.69111 2.69151 2.69248 2.69402 2.69617 2.69897 2.70247 2.70673 2.71183 2.71783 2.7248 2.73283 2.74199 2.75234 2.76395 2.77687 2.79113 2.80676 2.82377 2.84212 2.8618 2.88273 2.90484 2.92803 2.95218 2.97714 3.00278 3.0289 3.05536 3.08195 3.10849 3.1348 3.1607 3.18601 3.21058 3.23424 3.25686 3.27831 3.29848 3.31728 3.33463 3.35047 3.36473 3.37738 3.38838 3.39772 3.40536 3.41131 3.41554 3.41805 3.41884 3.4179 3.41523 3.41082 3.40468 3.39681 3.38722 3.37593 3.36296 3.34835 3.33215 3.31441 3.29521 3.27464 3.25281 3.22983 3.20585 3.18102 3.1555 3.12946 3.10309 3.07658 3.05011 3.02387 2.99804 2.97278 2.94827 2.92464 2.90202 2.88052 2.86022 2.84121 2.82351 2.80715 2.79215 2.77849 2.76615 2.75508 2.74522 2.73653 2.72893 2.72234 2.71671 2.71195 2.70799 2.70478 2.70226 2.70038 2.6991 2.69839 
2.69185 2.69227 2.69328 2.69491 2.69718 2.70013 2.70383 2.70833 2.71371 2.72004 2.72739 2.73585 2.74549 2.75638 2.76858 2.78214 2.7971 2.81347 2.83126 2.85044 2.87097 2.89279 2.9158 2.93991 2.96498 2.99086 3.01739 3.0444 3.07171 3.09911 3.12643 3.15346 3.18003 3.20596 3.23108 3.25525 3.27831 3.30014 3.32065 3.33974 3.35733 3.37336 3.38778 3.40057 3.41167 3.42109 3.4288 3.4348 3.43907 3.44161 3.44242 3.44149 3.43882 3.4344 3.42824 3.42032 3.41067 3.39929 3.3862 3.37142 3.35501 3.33702 3.31752 3.29659 3.27433 3.25088 3.22636 3.20093 3.17475 3.148 3.12087 3.09355 3.06623 3.03911 3.01237 2.9862 2.96076 2.93621 2.91268 2.89028 2.86912 2.84926 2.83076 2.81365 2.79794 2.78361 2.77065 2.75902 2.74865 2.7395 2.73148 2.72454 2.71858 2.71355 2.70936 2.70596 2.70328 2.70128 2.69992 2.69916 
2.69259 2.69302 2.69408 2.69578 2.69817 2.70128 2.70517 2.7099 2.71555 2.7222 2.72992 2.7388 2.7489 2.76031 2.77307 2.78725 2.80287 2.81995 2.83848 2.85845 2.8798 2.90245 2.92633 2.9513 2.97723 3.00397 3.03135 3.05918 3.08727 3.11543 3.14345 3.17115 3.19833 3.22481 3.25043 3.27503 3.29848 3.32065 3.34144 3.36077 3.37855 3.39474 3.40929 3.42217 3.43336 3.44284 3.4506 3.45663 3.46093 3.4635 3.46432 3.46341 3.46075 3.45633 3.45016 3.44222 3.43253 3.42109 3.4079 3.39301 3.37643 3.35823 3.33847 3.31723 3.29462 3.27074 3.24574 3.21977 3.19299 3.16559 3.13776 3.10969 3.08159 3.05365 3.02607 2.99904 2.97273 2.94731 2.92291 2.89967 2.87768 2.85702 2.83776 2.81992 2.80353 2.78857 2.77502 2.76284 2.75198 2.74238 2.73397 2.72667 2.72041 2.71511 2.7107 2.70711 2.70429 2.70217 2.70072 2.69991 
2.6933 2.69375 2.69485 2.69663 2.69913 2.70239 2.70646 2.71142 2.71733 2.72429 2.73236 2.74163 2.75218 2.76408 2.77739 2.79215 2.8084 2.82615 2.84539 2.86609 2.88821 2.91165 2.93633 2.96211 2.98885 3.01639 3.04454 3.07313 3.10195 3.13079 3.15946 3.18775 3.21548 3.24245 3.26851 3.2935 3.31728 3.33974 3.36077 3.38029 3.39823 3.41454 3.42919 3.44214 3.45338 3.4629 3.47068 3.47674 3.48106 3.48365 3.4845 3.4836 3.48095 3.47655 3.47038 3.46245 3.45273 3.44125 3.42801 3.41302 3.39632 3.37795 3.35798 3.33648 3.31355 3.2893 3.26388 3.23743 3.21012 3.18213 3.15367 3.12492 3.09609 3.0674 3.03904 3.01121 2.98409 2.95785 2.93265 2.90861 2.88584 2.86443 2.84445 2.82592 2.80888 2.79331 2.7792 2.76651 2.75518 2.74516 2.73637 2.72873 2.72218 2.71662 2.712 2.70823 2.70526 2.70303 2.7015 2.70065 
2.69398 2.69445 2.69559 2.69745 2.70005 2.70345 2.7077 2.71287 2.71903 2.72628 2.73468 2.74433 2.7553 2.76766 2.78148 2.79679 2.81363 2.83201 2.85191 2.87331 2.89614 2.92031 2.94573 2.97226 2.99974 3.02801 3.05689 3.08616 3.11564 3.1451 3.17435 3.20318 3.23139 3.2588 3.28524 3.31057 3.33463 3.35733 3.37855 3.39823 3.41629 3.4327 3.44741 3.46041 3.47168 3.48122 3.48903 3.4951 3.49943 3.50203 3.5029 3.50202 3.4994 3.49501 3.48886 3.48094 3.47122 3.45973 3.44644 3.43139 3.4146 3.3961 3.37596 3.35424 3.33105 3.30649 3.28069 3.25382 3.22604 3.19753 3.16848 3.13912 3.10964 3.08025 3.05118 3.02261 2.99475 2.96776 2.9418 2.91702 2.89353 2.87142 2.85076 2.83159 2.81394 2.79781 2.78317 2.76999 2.75822 2.7478 2.73865 2.73069 2.72386 2.71806 2.71323 2.7093 2.70619 2.70385 2.70225 2.70135 
2.69463 2.69511 2.6963 2.69823 2.70093 2.70445 2.70887 2.71424 2.72064 2.72815 2.73687 2.74687 2.75823 2.77102 2.78531 2.80113 2.81852 2.83748 2.85799 2.88003 2.90351 2.92836 2.95446 2.98167 3.00983 3.03877 3.06829 3.09819 3.12826 3.15828 3.18804 3.21734 3.24598 3.27377 3.30055 3.32616 3.35047 3.37336 3.39474 3.41454 3.4327 3.44917 3.46393 3.47696 3.48824 3.49779 3.5056 3.51168 3.51602 3.51863 3.51951 3.51866 3.51606 3.5117 3.50558 3.49767 3.48797 3.47647 3.46318 3.44809 3.43123 3.41263 3.39235 3.37046 3.34704 3.32221 3.2961 3.26886 3.24066 3.21168 3.18213 3.15221 3.12213 3.09213 3.06241 3.03317 3.00462 2.97695 2.95031 2.92485 2.90069 2.87793 2.85665 2.83689 2.81867 2.80201 2.78688 2.77325 2.76107 2.75027 2.74079 2.73254 2.72544 2.71942 2.7144 2.7103 2.70707 2.70463 2.70296 2.70202 
2.69524 2.69573 2.69696 2.69895 2.70174 2.70539 2.70996 2.71551 2.72213 2.72989 2.7389 2.74922 2.76094 2.77413 2.78885 2.80514 2.82302 2.84251 2.86358 2.8862 2.91028 2.93574 2.96245 2.99028 3.01905 3.04858 3.07868 3.10914 3.13973 3.17025 3.20047 3.23018 3.25919 3.28731 3.31437 3.34022 3.36473 3.38778 3.40929 3.42919 3.44741 3.46393 3.47871 3.49175 3.50305 3.51259 3.5204 3.52647 3.53082 3.53344 3.53433 3.5335 3.53092 3.5266 3.5205 3.51263 3.50295 3.49147 3.47817 3.46306 3.44616 3.42749 3.4071 3.38507 3.36147 3.33641 3.31003 3.28247 3.2539 3.22452 3.19451 3.16411 3.13351 3.10295 3.07264 3.04281 3.01365 2.98535 2.95809 2.93202 2.90725 2.88391 2.86206 2.84176 2.82303 2.80589 2.79031 2.77627 2.7637 2.75256 2.74277 2.73425 2.72691 2.72068 2.71549 2.71124 2.70788 2.70536 2.70362 2.70264 
2.6958 2.6963 2.69756 2.69961 2.70249 2.70625 2.71095 2.71667 2.72348 2.73148 2.74074 2.75135 2.7634 2.77695 2.79205 2.80876 2.8271 2.84706 2.86863 2.89176 2.91638 2.94238 2.96964 2.99801 3.02732 3.05738 3.08799 3.11894 3.14999 3.18094 3.21155 3.24162 3.27095 3.29935 3.32665 3.35271 3.37738 3.40057 3.42217 3.44214 3.46041 3.47696 3.49175 3.5048 3.51608 3.52562 3.53342 3.53949 3.54383 3.54646 3.54737 3.54655 3.544 3.53971 3.53365 3.52581 3.51616 3.5047 3.49141 3.4763 3.45937 3.44065 3.42018 3.39803 3.37428 3.34903 3.32242 3.29459 3.26571 3.23598 3.20558 3.17475 3.14369 3.11264 3.08183 3.05146 3.02176 2.99291 2.9651 2.93847 2.91317 2.8893 2.86694 2.84616 2.82697 2.80939 2.79341 2.779 2.76609 2.75464 2.74457 2.7358 2.72825 2.72184 2.71648 2.7121 2.70863 2.70603 2.70423 2.70322 
2.6963 2.69681 2.6981 2.70021 2.70316 2.70702 2.71185 2.71771 2.7247 2.73289 2.74238 2.75326 2.76559 2.77945 2.7949 2.81198 2.83071 2.85109 2.87309 2.89668 2.92176 2.94823 2.97597 3.00481 3.03459 3.06511 3.09616 3.12753 3.15898 3.19029 3.22124 3.25162 3.28122 3.30986 3.33736 3.36358 3.38838 3.41167 3.43336 3.45338 3.47168 3.48824 3.50305 3.51608 3.52736 3.53689 3.54467 3.55073 3.55508 3.55771 3.55862 3.55783 3.55531 3.55104 3.54502 3.53721 3.5276 3.51616 3.50289 3.48778 3.47083 3.45208 3.43155 3.40931 3.38544 3.36004 3.33323 3.30518 3.27604 3.246 3.21527 3.18407 3.15262 3.12115 3.08989 3.05906 3.02889 2.99956 2.97127 2.94417 2.91839 2.89406 2.87126 2.85005 2.83046 2.8125 2.79617 2.78142 2.76822 2.75649 2.74618 2.73719 2.72945 2.72286 2.71736 2.71287 2.70931 2.70663 2.70478 2.70373 
2.69674 2.69726 2.69858 2.70073 2.70375 2.70769 2.71262 2.71862 2.72575 2.73412 2.74381 2.7549 2.76748 2.78161 2.79735 2.81475 2.83381 2.85455 2.87693 2.9009 2.92637 2.95325 2.98139 3.01064 3.04081 3.07172 3.10314 3.13486 3.16664 3.19826 3.2295 3.26013 3.28995 3.31878 3.34645 3.3728 3.39772 3.42109 3.44284 3.4629 3.48122 3.49779 3.51259 3.52562 3.53689 3.5464 3.55417 3.56023 3.56456 3.5672 3.56813 3.56735 3.56485 3.56061 3.55462 3.54684 3.53726 3.52585 3.5126 3.4975 3.48054 3.46176 3.44119 3.41888 3.39491 3.36938 3.34243 3.31418 3.28482 3.25453 3.22353 3.19202 3.16023 3.12841 3.09678 3.06557 3.03499 3.00526 2.97656 2.94905 2.92288 2.89815 2.87497 2.8534 2.83346 2.81518 2.79854 2.78351 2.77005 2.75809 2.74757 2.73839 2.73048 2.72376 2.71813 2.71353 2.70989 2.70715 2.70526 2.70418 
2.69711 2.69764 2.69898 2.70117 2.70425 2.70826 2.71328 2.71938 2.72664 2.73515 2.745 2.75628 2.76906 2.78341 2.7994 2.81705 2.83639 2.85742 2.88011 2.90439 2.93019 2.95739 2.98586 3.01544 3.04594 3.07716 3.10889 3.14089 3.17294 3.20481 3.23628 3.26711 3.29712 3.3261 3.3539 3.38036 3.40536 3.4288 3.4506 3.47068 3.48903 3.5056 3.5204 3.53342 3.54467 3.55417 3.56194 3.56798 3.57232 3.57495 3.57589 3.57513 3.57265 3.56843 3.56247 3.55472 3.54517 3.53378 3.52055 3.50545 3.4885 3.4697 3.44909 3.42672 3.40268 3.37705 3.34997 3.32157 3.29203 3.26155 3.23031 3.19855 3.1665 3.13439 3.10245 3.07092 3.04002 3.00996 2.98093 2.95308 2.92658 2.90154 2.87805 2.85617 2.83595 2.8174 2.80051 2.78526 2.77158 2.75943 2.74873 2.7394 2.73135 2.72451 2.71878 2.7141 2.71039 2.70759 2.70566 2.70457 
2.69741 2.69795 2.69931 2.70153 2.70464 2.70871 2.7138 2.71998 2.72734 2.73597 2.74595 2.75736 2.7703 2.78483 2.801 2.81886 2.83842 2.85968 2.8826 2.90712 2.93317 2.96063 2.98936 3.01919 3.04994 3.0814 3.11336 3.14559 3.17785 3.20991 3.24155 3.27254 3.30269 3.33179 3.35969 3.38624 3.41131 3.4348 3.45663 3.47674 3.4951 3.51168 3.52647 3.53949 3.55073 3.56023 3.56798 3.57402 3.57835 3.58099 3.58194 3.58118 3.57872 3.57452 3.56858 3.56085 3.55132 3.53995 3.52673 3.51164 3.49468 3.47587 3.45523 3.43282 3.40872 3.38301 3.35583 3.32732 3.29764 3.267 3.23559 3.20364 3.17138 3.13904 3.10687 3.0751 3.04395 3.01363 2.98434 2.95624 2.92948 2.90419 2.88046 2.85835 2.83791 2.81915 2.80207 2.78663 2.77279 2.76049 2.74965 2.74019 2.73204 2.7251 2.7193 2.71455 2.71078 2.70795 2.70599 2.70487 
2.69764 2.69818 2.69955 2.70179 2.70494 2.70905 2.71419 2.72043 2.72786 2.73656 2.74663 2.75815 2.77121 2.78586 2.80216 2.82016 2.83988 2.86129 2.88438 2.90908 2.9353 2.96294 2.99185 3.02186 3.05278 3.08441 3.11654 3.14892 3.18133 3.21353 3.24529 3.2764 3.30664 3.33584 3.36381 3.39042 3.41554 3.43907 3.46093 3.48106 3.49943 3.51602 3.53082 3.54383 3.55508 3.56456 3.57232 3.57835 3.58269 3.58533 3.58628 3.58553 3.58308 3.57889 3.57296 3.56525 3.55573 3.54437 3.53115 3.51607 3.4991 3.48027 3.45961 3.43717 3.41302 3.38725 3.36 3.3314 3.30163 3.27087 3.23934 3.20725 3.17484 3.14235 3.11001 3.07807 3.04674 3.01624 2.98676 2.95848 2.93155 2.90608 2.88218 2.85991 2.83932 2.82041 2.80319 2.78762 2.77366 2.76125 2.75032 2.74077 2.73254 2.72554 2.71968 2.71488 2.71108 2.70821 2.70623 2.7051 
2.69779 2.69833 2.69971 2.70196 2.70513 2.70926 2.71443 2.72071 2.72818 2.73693 2.74706 2.75864 2.77176 2.78648 2.80286 2.82095 2.84075 2.86225 2.88544 2.91024 2.93656 2.9643 2.99331 3.02342 3.05445 3.08618 3.1184 3.15087 3.18337 3.21565 3.24749 3.27867 3.30897 3.33822 3.36625 3.3929 3.41805 3.44161 3.4635 3.48365 3.50203 3.51863 3.53344 3.54646 3.55771 3.5672 3.57495 3.58099 3.58533 3.58797 3.58892 3.58818 3.58573 3.58155 3.57563 3.56792 3.5584 3.54704 3.53382 3.51873 3.50175 3.48291 3.46223 3.43975 3.41557 3.38976 3.36246 3.33381 3.30397 3.27315 3.24154 3.20937 3.17687 3.14428 3.11185 3.07981 3.04837 3.01777 2.98819 2.95981 2.93277 2.9072 2.8832 2.86084 2.84015 2.82116 2.80386 2.78822 2.77419 2.76172 2.75073 2.74113 2.73286 2.72581 2.71992 2.71509 2.71127 2.70838 2.70639 2.70525 
