1.11314 1.11352 1.11388 1.11423 1.11456 1.11486 1.11514 1.11538 1.11559 1.11577 1.11593 1.11605 1.11616 1.11624 1.1163 1.11636 1.1164 1.11643 1.11645 1.11646 1.11648 1.11649 1.11649 1.1165 1.11651 1.11651 1.11652 1.11652 1.11653 1.11654 1.11655 1.11657 1.11658 1.1166 1.11662 1.11664 1.11666 1.11669 1.11671 1.11674 1.11677 1.1168 1.11682 1.11685 1.11688 1.1169 1.11692 1.11694 1.11695 1.11696 1.11697 1.11697 1.11697 1.11696 1.11695 1.11694 1.11692 1.1169 1.11687 1.11685 1.11682 1.11679 1.11677 1.11674 1.11671 1.11669 1.11666 1.11664 1.11662 1.1166 1.11658 1.11657 1.11656 1.11655 1.11654 1.11653 1.11653 1.11652 1.11652 1.11652 1.11653 1.11654 1.11655 1.11658 1.11661 1.11665 1.11671 1.11679 1.11688 1.11701 1.11716 1.11733 1.11754 1.11779 1.11806 1.11837 1.1187 1.11905 1.11942 1.1198 
1.11352 1.11389 1.11426 1.11461 1.11494 1.11524 1.11552 1.11576 1.11597 1.11615 1.1163 1.11643 1.11653 1.11662 1.11668 1.11673 1.11677 1.1168 1.11683 1.11684 1.11685 1.11686 1.11687 1.11688 1.11688 1.11689 1.11689 1.1169 1.11691 1.11691 1.11692 1.11694 1.11695 1.11697 1.11698 1.117 1.11703 1.11705 1.11707 1.1171 1.11713 1.11716 1.11718 1.11721 1.11724 1.11726 1.11728 1.1173 1.11731 1.11732 1.11733 1.11733 1.11733 1.11732 1.11731 1.11729 1.11728 1.11726 1.11723 1.11721 1.11718 1.11715 1.11713 1.1171 1.11707 1.11705 1.11703 1.11701 1.11699 1.11697 1.11695 1.11694 1.11693 1.11692 1.11691 1.11691 1.1169 1.1169 1.1169 1.1169 1.11691 1.11692 1.11693 1.11695 1.11699 1.11703 1.11709 1.11717 1.11726 1.11738 1.11753 1.11771 1.11792 1.11817 1.11844 1.11874 1.11907 1.11943 1.1198 1.12017 
1.11388 1.11426 1.11463 1.11498 1.11531 1.11561 1.11588 1.11612 1.11634 1.11652 1.11667 1.1168 1.1169 1.11698 1.11705 1.1171 1.11714 1.11717 1.11719 1.11721 1.11722 1.11723 1.11724 1.11724 1.11725 1.11726 1.11726 1.11727 1.11728 1.11729 1.1173 1.11731 1.11733 1.11735 1.11737 1.11739 1.11742 1.11745 1.11748 1.11751 1.11754 1.11758 1.11761 1.11764 1.11767 1.1177 1.11772 1.11774 1.11776 1.11777 1.11778 1.11778 1.11778 1.11777 1.11776 1.11774 1.11772 1.11769 1.11766 1.11763 1.1176 1.11757 1.11754 1.11751 1.11747 1.11745 1.11742 1.11739 1.11737 1.11735 1.11733 1.11732 1.1173 1.11729 1.11728 1.11728 1.11727 1.11727 1.11727 1.11727 1.11727 1.11728 1.1173 1.11732 1.11735 1.1174 1.11746 1.11753 1.11763 1.11775 1.1179 1.11808 1.11829 1.11853 1.11881 1.11911 1.11944 1.11979 1.12016 1.12054 
1.11423 1.11461 1.11498 1.11533 1.11566 1.11596 1.11623 1.11648 1.11669 1.11687 1.11702 1.11715 1.11725 1.11733 1.1174 1.11745 1.11749 1.11752 1.11754 1.11756 1.11757 1.11758 1.11759 1.1176 1.1176 1.11761 1.11762 1.11763 1.11764 1.11765 1.11767 1.11769 1.11771 1.11774 1.11777 1.1178 1.11784 1.11788 1.11792 1.11797 1.11801 1.11806 1.11811 1.11815 1.1182 1.11823 1.11827 1.1183 1.11832 1.11834 1.11835 1.11835 1.11834 1.11833 1.11831 1.11829 1.11825 1.11822 1.11818 1.11814 1.11809 1.11805 1.118 1.11796 1.11791 1.11787 1.11783 1.1178 1.11777 1.11774 1.11771 1.11769 1.11767 1.11766 1.11765 1.11764 1.11763 1.11762 1.11762 1.11762 1.11763 1.11764 1.11765 1.11767 1.1177 1.11775 1.11781 1.11788 1.11798 1.1181 1.11825 1.11843 1.11864 1.11888 1.11916 1.11946 1.11979 1.12014 1.12051 1.12089 
1.11456 1.11494 1.11531 1.11566 1.11599 1.11629 1.11656 1.1168 1.11701 1.1172 1.11735 1.11748 1.11758 1.11766 1.11773 1.11778 1.11782 1.11785 1.11787 1.11789 1.1179 1.11791 1.11792 1.11793 1.11794 1.11795 1.11796 1.11798 1.11799 1.11801 1.11804 1.11807 1.11811 1.11815 1.11819 1.11824 1.1183 1.11836 1.11843 1.1185 1.11857 1.11864 1.11871 1.11878 1.11884 1.1189 1.11895 1.11899 1.11902 1.11905 1.11906 1.11906 1.11905 1.11903 1.119 1.11896 1.11892 1.11886 1.1188 1.11874 1.11867 1.1186 1.11853 1.11847 1.1184 1.11834 1.11828 1.11823 1.11818 1.11814 1.1181 1.11807 1.11804 1.11802 1.118 1.11798 1.11797 1.11796 1.11796 1.11796 1.11796 1.11797 1.11798 1.118 1.11803 1.11808 1.11814 1.11821 1.11831 1.11843 1.11858 1.11876 1.11897 1.11921 1.11949 1.11979 1.12012 1.12047 1.12084 1.12122 
1.11486 1.11524 1.11561 1.11596 1.11629 1.11659 1.11686 1.1171 1.11732 1.1175 1.11765 1.11778 1.11788 1.11796 1.11803 1.11808 1.11812 1.11815 1.11818 1.11819 1.11821 1.11822 1.11823 1.11824 1.11826 1.11827 1.11829 1.11831 1.11834 1.11837 1.11842 1.11846 1.11852 1.11858 1.11866 1.11874 1.11883 1.11892 1.11903 1.11913 1.11924 1.11935 1.11946 1.11956 1.11965 1.11974 1.11982 1.11988 1.11993 1.11996 1.11998 1.11998 1.11997 1.11994 1.11989 1.11983 1.11976 1.11968 1.11959 1.11949 1.11938 1.11928 1.11917 1.11907 1.11897 1.11887 1.11879 1.1187 1.11863 1.11856 1.1185 1.11845 1.11841 1.11837 1.11834 1.11832 1.1183 1.11828 1.11827 1.11827 1.11827 1.11828 1.11829 1.11831 1.11834 1.11838 1.11844 1.11851 1.11861 1.11873 1.11888 1.11906 1.11927 1.11951 1.11979 1.12009 1.12042 1.12077 1.12114 1.12152 
1.11514 1.11552 1.11588 1.11623 1.11656 1.11686 1.11714 1.11738 1.11759 1.11777 1.11792 1.11805 1.11815 1.11824 1.1183 1.11836 1.1184 1.11843 1.11845 1.11847 1.11849 1.1185 1.11852 1.11853 1.11855 1.11858 1.11861 1.11864 1.11869 1.11874 1.11881 1.11889 1.11897 1.11908 1.11919 1.11932 1.11946 1.11961 1.11976 1.11993 1.12009 1.12026 1.12042 1.12058 1.12072 1.12085 1.12097 1.12106 1.12114 1.12119 1.12121 1.12121 1.12119 1.12114 1.12107 1.12098 1.12087 1.12074 1.1206 1.12045 1.12029 1.12013 1.11997 1.11981 1.11965 1.11951 1.11937 1.11924 1.11913 1.11903 1.11894 1.11886 1.11879 1.11873 1.11868 1.11864 1.11861 1.11859 1.11857 1.11856 1.11856 1.11856 1.11857 1.11859 1.11861 1.11866 1.11871 1.11879 1.11889 1.11901 1.11916 1.11933 1.11954 1.11979 1.12006 1.12036 1.12069 1.12105 1.12142 1.12179 
1.11538 1.11576 1.11612 1.11648 1.1168 1.1171 1.11738 1.11762 1.11783 1.11801 1.11817 1.11829 1.1184 1.11848 1.11855 1.1186 1.11864 1.11867 1.1187 1.11872 1.11874 1.11876 1.11878 1.11881 1.11884 1.11888 1.11892 1.11898 1.11905 1.11914 1.11924 1.11936 1.1195 1.11966 1.11984 1.12004 1.12025 1.12048 1.12072 1.12096 1.12121 1.12146 1.12171 1.12194 1.12216 1.12235 1.12252 1.12266 1.12277 1.12284 1.12288 1.12288 1.12284 1.12276 1.12266 1.12252 1.12235 1.12215 1.12194 1.12171 1.12148 1.12123 1.12099 1.12075 1.12052 1.12029 1.12009 1.11989 1.11972 1.11956 1.11942 1.1193 1.1192 1.11911 1.11903 1.11897 1.11892 1.11888 1.11885 1.11883 1.11882 1.11882 1.11882 1.11884 1.11886 1.1189 1.11896 1.11903 1.11913 1.11925 1.1194 1.11958 1.11979 1.12003 1.1203 1.12061 1.12094 1.12129 1.12166 1.12204 
1.11559 1.11597 1.11634 1.11669 1.11701 1.11732 1.11759 1.11783 1.11804 1.11822 1.11838 1.1185 1.11861 1.11869 1.11876 1.11881 1.11886 1.11889 1.11892 1.11894 1.11897 1.119 1.11903 1.11907 1.11911 1.11917 1.11925 1.11934 1.11945 1.11959 1.11975 1.11993 1.12015 1.12039 1.12066 1.12096 1.12128 1.12162 1.12198 1.12235 1.12272 1.12309 1.12345 1.12379 1.12411 1.12439 1.12464 1.12484 1.125 1.1251 1.12515 1.12515 1.12509 1.12498 1.12482 1.12461 1.12436 1.12407 1.12376 1.12342 1.12307 1.12271 1.12234 1.12199 1.12164 1.12131 1.121 1.12071 1.12045 1.12021 1.12 1.11981 1.11965 1.11952 1.1194 1.11931 1.11923 1.11917 1.11912 1.11909 1.11907 1.11905 1.11905 1.11906 1.11908 1.11912 1.11917 1.11925 1.11934 1.11946 1.11961 1.11979 1.12 1.12024 1.12052 1.12082 1.12115 1.1215 1.12187 1.12225 
1.11577 1.11615 1.11652 1.11687 1.1172 1.1175 1.11777 1.11801 1.11822 1.11841 1.11856 1.11869 1.11879 1.11888 1.11894 1.119 1.11904 1.11908 1.11911 1.11915 1.11918 1.11922 1.11927 1.11932 1.1194 1.11949 1.1196 1.11975 1.11992 1.12012 1.12037 1.12065 1.12097 1.12134 1.12175 1.12219 1.12267 1.12317 1.1237 1.12424 1.12478 1.12532 1.12584 1.12633 1.12678 1.12719 1.12754 1.12783 1.12805 1.1282 1.12826 1.12825 1.12816 1.128 1.12776 1.12746 1.1271 1.12668 1.12622 1.12573 1.12522 1.12469 1.12416 1.12364 1.12313 1.12265 1.12219 1.12177 1.12138 1.12103 1.12071 1.12044 1.1202 1.11999 1.11982 1.11968 1.11956 1.11947 1.11939 1.11934 1.1193 1.11927 1.11926 1.11926 1.11928 1.11931 1.11936 1.11943 1.11953 1.11965 1.11979 1.11997 1.12018 1.12042 1.1207 1.121 1.12133 1.12168 1.12205 1.12243 
1.11593 1.1163 1.11667 1.11702 1.11735 1.11765 1.11792 1.11817 1.11838 1.11856 1.11871 1.11884 1.11895 1.11903 1.1191 1.11916 1.11921 1.11925 1.11929 1.11933 1.11938 1.11943 1.1195 1.11959 1.11971 1.11985 1.12002 1.12024 1.1205 1.12081 1.12117 1.12159 1.12207 1.12261 1.1232 1.12385 1.12454 1.12528 1.12603 1.12681 1.12758 1.12835 1.12909 1.12978 1.13043 1.131 1.13149 1.13189 1.1322 1.1324 1.13249 1.13247 1.13233 1.1321 1.13176 1.13132 1.1308 1.13021 1.12956 1.12886 1.12813 1.12737 1.12662 1.12587 1.12514 1.12444 1.12378 1.12316 1.1226 1.12209 1.12163 1.12123 1.12088 1.12058 1.12032 1.12011 1.11993 1.11979 1.11968 1.11959 1.11953 1.11948 1.11945 1.11945 1.11945 1.11948 1.11953 1.1196 1.11969 1.1198 1.11995 1.12013 1.12034 1.12058 1.12085 1.12115 1.12148 1.12184 1.1222 1.12258 
1.11605 1.11643 1.1168 1.11715 1.11748 1.11778 1.11805 1.11829 1.1185 1.11869 1.11884 1.11897 1.11908 1.11916 1.11924 1.1193 1.11935 1.1194 1.11945 1.11951 1.11957 1.11966 1.11976 1.1199 1.12007 1.12028 1.12054 1.12086 1.12125 1.12171 1.12224 1.12285 1.12355 1.12433 1.12518 1.12611 1.12709 1.12813 1.1292 1.13029 1.13138 1.13245 1.13348 1.13445 1.13533 1.13612 1.1368 1.13735 1.13777 1.13803 1.13815 1.13811 1.13793 1.13759 1.13711 1.1365 1.13578 1.13495 1.13404 1.13306 1.13203 1.13098 1.12991 1.12886 1.12783 1.12684 1.1259 1.12503 1.12422 1.12349 1.12284 1.12226 1.12175 1.12131 1.12094 1.12063 1.12037 1.12016 1.11999 1.11986 1.11976 1.11969 1.11964 1.11962 1.11961 1.11963 1.11967 1.11973 1.11982 1.11994 1.12008 1.12026 1.12047 1.12071 1.12098 1.12128 1.12161 1.12196 1.12233 1.12271 
1.11616 1.11653 1.1169 1.11725 1.11758 1.11788 1.11815 1.1184 1.11861 1.11879 1.11895 1.11908 1.11918 1.11927 1.11935 1.11942 1.11948 1.11954 1.11961 1.11968 1.11978 1.1199 1.12006 1.12026 1.12051 1.12082 1.12121 1.12168 1.12224 1.12291 1.12368 1.12456 1.12555 1.12665 1.12786 1.12915 1.13053 1.13198 1.13346 1.13497 1.13646 1.13793 1.13933 1.14065 1.14186 1.14293 1.14384 1.14458 1.14513 1.14549 1.14563 1.14558 1.14531 1.14485 1.14419 1.14336 1.14236 1.14123 1.13998 1.13863 1.13722 1.13577 1.1343 1.13284 1.13141 1.13004 1.12874 1.12751 1.12639 1.12536 1.12443 1.12361 1.12289 1.12227 1.12174 1.12129 1.12092 1.12061 1.12037 1.12017 1.12002 1.11991 1.11983 1.11979 1.11976 1.11977 1.1198 1.11985 1.11994 1.12005 1.12019 1.12036 1.12057 1.12081 1.12108 1.12139 1.12172 1.12207 1.12244 1.12281 
1.11624 1.11662 1.11698 1.11733 1.11766 1.11796 1.11824 1.11848 1.11869 1.11888 1.11903 1.11916 1.11927 1.11937 1.11945 1.11952 1.1196 1.11967 1.11977 1.11988 1.12002 1.12019 1.12042 1.12072 1.12108 1.12154 1.1221 1.12278 1.12358 1.12452 1.12561 1.12685 1.12823 1.12977 1.13144 1.13323 1.13512 1.13709 1.13911 1.14115 1.14317 1.14514 1.14702 1.14878 1.15038 1.15181 1.15301 1.15399 1.15471 1.15517 1.15536 1.15527 1.1549 1.15427 1.15339 1.15227 1.15093 1.14941 1.14772 1.14591 1.14401 1.14205 1.14006 1.13808 1.13614 1.13427 1.13248 1.1308 1.12925 1.12783 1.12655 1.1254 1.1244 1.12352 1.12278 1.12214 1.12162 1.12118 1.12083 1.12055 1.12033 1.12016 1.12004 1.11996 1.11991 1.1199 1.11992 1.11996 1.12004 1.12014 1.12028 1.12045 1.12066 1.1209 1.12117 1.12147 1.1218 1.12215 1.12252 1.1229 
1.1163 1.11668 1.11705 1.1174 1.11773 1.11803 1.1183 1.11855 1.11876 1.11894 1.1191 1.11924 1.11935 1.11945 1.11954 1.11963 1.11972 1.11982 1.11994 1.1201 1.1203 1.12056 1.12089 1.12131 1.12184 1.12249 1.12329 1.12424 1.12537 1.12669 1.1282 1.1299 1.13181 1.1339 1.13617 1.13859 1.14114 1.14378 1.14648 1.14918 1.15186 1.15446 1.15693 1.15924 1.16134 1.16319 1.16476 1.16602 1.16695 1.16754 1.16777 1.16764 1.16715 1.16631 1.16514 1.16366 1.1619 1.15989 1.15767 1.15527 1.15276 1.15015 1.14751 1.14487 1.14228 1.13977 1.13737 1.13511 1.133 1.13107 1.12932 1.12776 1.12638 1.12518 1.12414 1.12326 1.12252 1.12191 1.12141 1.12102 1.1207 1.12046 1.12028 1.12015 1.12007 1.12003 1.12003 1.12006 1.12013 1.12022 1.12036 1.12053 1.12073 1.12097 1.12124 1.12154 1.12187 1.12222 1.12259 1.12296 
1.11636 1.11673 1.1171 1.11745 1.11778 1.11808 1.11836 1.1186 1.11881 1.119 1.11916 1.1193 1.11942 1.11952 1.11963 1.11973 1.11985 1.11998 1.12016 1.12038 1.12066 1.12103 1.1215 1.1221 1.12285 1.12376 1.12487 1.1262 1.12775 1.12956 1.13162 1.13393 1.1365 1.13931 1.14233 1.14555 1.14891 1.15239 1.15592 1.15945 1.16293 1.16629 1.16949 1.17246 1.17515 1.17752 1.17952 1.18112 1.1823 1.18303 1.18331 1.18312 1.18248 1.18139 1.17988 1.17796 1.17569 1.17309 1.17021 1.16711 1.16383 1.16044 1.157 1.15354 1.15014 1.14683 1.14366 1.14066 1.13786 1.13528 1.13294 1.13083 1.12897 1.12733 1.12592 1.12472 1.1237 1.12286 1.12217 1.12161 1.12117 1.12083 1.12057 1.12038 1.12025 1.12018 1.12015 1.12016 1.12021 1.1203 1.12042 1.12059 1.12079 1.12102 1.12129 1.12159 1.12192 1.12227 1.12264 1.12302 
1.1164 1.11677 1.11714 1.11749 1.11782 1.11812 1.1184 1.11864 1.11886 1.11904 1.11921 1.11935 1.11948 1.1196 1.11972 1.11985 1.12 1.12019 1.12042 1.12073 1.12114 1.12166 1.12232 1.12315 1.12419 1.12545 1.12697 1.12878 1.13088 1.13331 1.13607 1.13915 1.14255 1.14625 1.15022 1.15441 1.15878 1.16326 1.1678 1.17233 1.17677 1.18105 1.18509 1.18884 1.19223 1.1952 1.19771 1.19971 1.20117 1.20208 1.2024 1.20215 1.20132 1.19994 1.19802 1.19559 1.1927 1.1894 1.18574 1.18179 1.17762 1.17328 1.16886 1.16442 1.16003 1.15575 1.15163 1.14772 1.14406 1.14067 1.13757 1.13479 1.1323 1.13012 1.12823 1.12661 1.12523 1.12409 1.12315 1.12239 1.12178 1.1213 1.12093 1.12066 1.12047 1.12034 1.12028 1.12026 1.12029 1.12037 1.12049 1.12064 1.12084 1.12107 1.12133 1.12163 1.12196 1.12231 1.12268 1.12306 
1.11643 1.1168 1.11717 1.11752 1.11785 1.11815 1.11843 1.11867 1.11889 1.11908 1.11925 1.1194 1.11954 1.11967 1.11982 1.11998 1.12019 1.12044 1.12077 1.1212 1.12176 1.12248 1.12339 1.12454 1.12595 1.12766 1.12971 1.13213 1.13494 1.13815 1.14178 1.14582 1.15024 1.15503 1.16013 1.1655 1.17107 1.17676 1.1825 1.18819 1.19375 1.19909 1.20413 1.20878 1.21297 1.21663 1.21971 1.22216 1.22395 1.22504 1.22542 1.22509 1.22405 1.22232 1.21992 1.21691 1.21331 1.2092 1.20464 1.1997 1.19446 1.18902 1.18345 1.17784 1.17227 1.16682 1.16156 1.15655 1.15183 1.14745 1.14344 1.1398 1.13655 1.13368 1.13118 1.12903 1.12721 1.12568 1.12441 1.12338 1.12255 1.1219 1.12139 1.12101 1.12074 1.12055 1.12043 1.12038 1.12039 1.12044 1.12054 1.12069 1.12088 1.12111 1.12137 1.12167 1.12199 1.12234 1.12271 1.12309 
1.11645 1.11683 1.11719 1.11754 1.11787 1.11818 1.11845 1.1187 1.11892 1.11911 1.11929 1.11945 1.11961 1.11977 1.11994 1.12016 1.12042 1.12077 1.12122 1.12181 1.12258 1.12356 1.1248 1.12634 1.12823 1.13052 1.13324 1.13642 1.1401 1.14429 1.14898 1.15417 1.15983 1.16592 1.17237 1.17913 1.1861 1.1932 1.20032 1.20735 1.2142 1.22075 1.2269 1.23256 1.23765 1.24209 1.24581 1.24876 1.2509 1.2522 1.25264 1.25221 1.25093 1.24881 1.24589 1.24221 1.23781 1.23278 1.22719 1.22113 1.21469 1.20797 1.20107 1.1941 1.18716 1.18035 1.17374 1.16741 1.16144 1.15587 1.15074 1.14607 1.14189 1.13817 1.13492 1.13211 1.12972 1.1277 1.12602 1.12465 1.12354 1.12267 1.12198 1.12146 1.12107 1.1208 1.12062 1.12052 1.12049 1.12052 1.12061 1.12074 1.12092 1.12114 1.1214 1.12169 1.12202 1.12237 1.12273 1.12311 
1.11646 1.11684 1.11721 1.11756 1.11789 1.11819 1.11847 1.11872 1.11894 1.11915 1.11933 1.11951 1.11968 1.11988 1.1201 1.12038 1.12073 1.1212 1.12181 1.12261 1.12364 1.12496 1.12662 1.12867 1.13116 1.13416 1.13771 1.14183 1.14657 1.15193 1.1579 1.16446 1.17158 1.17919 1.18722 1.19558 1.20417 1.21286 1.22154 1.23008 1.23836 1.24625 1.25364 1.26042 1.26649 1.27176 1.27618 1.27967 1.28219 1.28371 1.2842 1.28368 1.28213 1.27959 1.27609 1.27168 1.26641 1.26037 1.25364 1.24633 1.23854 1.23039 1.22199 1.21348 1.20497 1.19658 1.18841 1.18056 1.17312 1.16614 1.15969 1.1538 1.14848 1.14374 1.13958 1.13596 1.13287 1.13025 1.12806 1.12626 1.12481 1.12364 1.12273 1.12202 1.12149 1.12111 1.12085 1.12069 1.12062 1.12061 1.12067 1.12079 1.12096 1.12117 1.12143 1.12172 1.12204 1.12239 1.12275 1.12313 
1.11648 1.11685 1.11722 1.11757 1.1179 1.11821 1.11849 1.11874 1.11897 1.11918 1.11938 1.11957 1.11978 1.12002 1.1203 1.12066 1.12114 1.12176 1.12258 1.12364 1.12502 1.12676 1.12894 1.13161 1.13486 1.13873 1.14328 1.14854 1.15454 1.16128 1.16875 1.17692 1.18572 1.19509 1.20491 1.21508 1.22547 1.23594 1.24635 1.25655 1.26639 1.27573 1.28445 1.29242 1.29953 1.3057 1.31085 1.3149 1.31782 1.31957 1.32013 1.31949 1.31767 1.31468 1.31056 1.30537 1.29917 1.29204 1.28409 1.27542 1.26616 1.25644 1.2464 1.23617 1.22591 1.21575 1.20581 1.19622 1.18708 1.17848 1.17049 1.16315 1.1565 1.15055 1.1453 1.14071 1.13677 1.13342 1.13061 1.12828 1.12639 1.12487 1.12367 1.12274 1.12203 1.12151 1.12114 1.1209 1.12077 1.12073 1.12076 1.12085 1.121 1.12121 1.12145 1.12174 1.12206 1.1224 1.12276 1.12314 
1.11649 1.11686 1.11723 1.11758 1.11791 1.11822 1.1185 1.11876 1.119 1.11922 1.11943 1.11966 1.1199 1.12019 1.12056 1.12103 1.12166 1.12248 1.12356 1.12496 1.12676 1.12903 1.13184 1.13529 1.13944 1.14436 1.1501 1.1567 1.16418 1.17254 1.18175 1.19174 1.20246 1.21379 1.22561 1.23779 1.25016 1.26256 1.27483 1.2868 1.2983 1.30918 1.31929 1.3285 1.3367 1.34379 1.34968 1.35432 1.35765 1.35963 1.36025 1.3595 1.35738 1.35393 1.34918 1.34318 1.33601 1.32775 1.31851 1.30842 1.2976 1.2862 1.27438 1.26229 1.25011 1.238 1.2261 1.21457 1.20352 1.19307 1.18332 1.17432 1.16613 1.15876 1.15222 1.14649 1.14153 1.1373 1.13373 1.13077 1.12835 1.12639 1.12484 1.12363 1.1227 1.12201 1.12151 1.12117 1.12096 1.12086 1.12085 1.12092 1.12105 1.12124 1.12148 1.12176 1.12207 1.12241 1.12278 1.12315 
1.11649 1.11687 1.11724 1.11759 1.11792 1.11823 1.11852 1.11878 1.11903 1.11927 1.1195 1.11976 1.12006 1.12042 1.12089 1.1215 1.12232 1.12339 1.1248 1.12662 1.12894 1.13184 1.13544 1.1398 1.14503 1.15118 1.15832 1.16648 1.17567 1.18587 1.19703 1.20909 1.22193 1.23542 1.24943 1.26377 1.27826 1.29272 1.30695 1.32076 1.33398 1.34644 1.35797 1.36844 1.37773 1.38574 1.39238 1.39759 1.40132 1.40353 1.40421 1.40334 1.40094 1.39703 1.39165 1.38484 1.37669 1.36729 1.35675 1.34518 1.33275 1.3196 1.3059 1.29185 1.27762 1.26341 1.24938 1.23571 1.22255 1.21005 1.19832 1.18744 1.17748 1.16849 1.16046 1.1534 1.14725 1.14199 1.13753 1.13381 1.13075 1.12827 1.12629 1.12473 1.12353 1.12262 1.12196 1.1215 1.1212 1.12103 1.12097 1.121 1.12111 1.12128 1.12151 1.12178 1.12209 1.12243 1.12279 1.12316 
1.1165 1.11688 1.11724 1.1176 1.11793 1.11824 1.11853 1.11881 1.11907 1.11932 1.11959 1.1199 1.12026 1.12072 1.12131 1.1221 1.12315 1.12454 1.12634 1.12867 1.13161 1.13529 1.1398 1.14526 1.15174 1.15933 1.16807 1.17801 1.18912 1.20138 1.21472 1.22903 1.24418 1.26002 1.27635 1.29298 1.30969 1.32628 1.34253 1.35822 1.37317 1.38719 1.40013 1.41184 1.42219 1.43109 1.43845 1.44422 1.44833 1.45076 1.4515 1.45052 1.44785 1.44349 1.4375 1.42992 1.42082 1.4103 1.39846 1.38543 1.37137 1.35645 1.34084 1.32475 1.30838 1.29195 1.27565 1.25969 1.24425 1.2295 1.21559 1.20262 1.19069 1.17986 1.17014 1.16155 1.15404 1.14757 1.14207 1.13746 1.13365 1.13054 1.12805 1.12608 1.12455 1.12338 1.12252 1.12191 1.12149 1.12124 1.12112 1.12111 1.12118 1.12133 1.12154 1.1218 1.12211 1.12244 1.1228 1.12317 
1.11651 1.11688 1.11725 1.1176 1.11794 1.11826 1.11855 1.11884 1.11911 1.1194 1.11971 1.12007 1.12051 1.12108 1.12184 1.12285 1.12419 1.12595 1.12823 1.13116 1.13486 1.13944 1.14503 1.15174 1.15967 1.16889 1.17945 1.19137 1.20462 1.21915 1.23485 1.25159 1.26921 1.28751 1.30627 1.32527 1.34426 1.363 1.38125 1.39881 1.41545 1.431 1.44528 1.45815 1.46951 1.47924 1.48727 1.49354 1.49801 1.50064 1.50143 1.50035 1.49743 1.49268 1.48612 1.47782 1.46784 1.45625 1.44318 1.42874 1.4131 1.39643 1.37891 1.36077 1.34222 1.3235 1.30484 1.28647 1.2686 1.25144 1.23517 1.21992 1.20583 1.19295 1.18135 1.17103 1.16197 1.15413 1.14743 1.14179 1.1371 1.13326 1.13016 1.1277 1.12578 1.12431 1.1232 1.12241 1.12185 1.1215 1.1213 1.12123 1.12127 1.12139 1.12158 1.12183 1.12212 1.12245 1.1228 1.12317 
1.11651 1.11689 1.11726 1.11761 1.11795 1.11827 1.11858 1.11888 1.11917 1.11949 1.11985 1.12028 1.12082 1.12154 1.12249 1.12376 1.12545 1.12766 1.13052 1.13416 1.13873 1.14436 1.15118 1.15933 1.16889 1.17994 1.19252 1.20662 1.2222 1.23917 1.25739 1.27671 1.29691 1.31775 1.339 1.36038 1.38163 1.40249 1.4227 1.44204 1.46028 1.47724 1.49277 1.50671 1.51896 1.52943 1.53805 1.54477 1.54955 1.55236 1.55319 1.55204 1.54891 1.54381 1.53677 1.52783 1.51705 1.50451 1.4903 1.47456 1.45743 1.43908 1.41972 1.39956 1.37885 1.35783 1.33677 1.31591 1.29552 1.27583 1.25705 1.23936 1.22291 1.20781 1.19413 1.1819 1.17111 1.16172 1.15366 1.14684 1.14114 1.13646 1.13266 1.12963 1.12725 1.12541 1.12402 1.12301 1.12229 1.12181 1.12152 1.12139 1.12138 1.12146 1.12163 1.12186 1.12215 1.12247 1.12282 1.12318 
1.11652 1.11689 1.11726 1.11762 1.11796 1.11829 1.11861 1.11892 1.11925 1.1196 1.12002 1.12054 1.12121 1.1221 1.12329 1.12487 1.12697 1.12971 1.13324 1.13771 1.14328 1.1501 1.15832 1.16807 1.17945 1.19252 1.20729 1.22375 1.24182 1.26138 1.28225 1.30423 1.32706 1.35049 1.37421 1.39794 1.42139 1.44427 1.46632 1.4873 1.50701 1.52524 1.54186 1.55673 1.56975 1.58084 1.58995 1.59703 1.60207 1.60503 1.6059 1.60469 1.60139 1.59601 1.58858 1.57911 1.56767 1.55431 1.53912 1.52221 1.50374 1.48385 1.46276 1.44069 1.41788 1.39461 1.37116 1.3478 1.32484 1.30254 1.28114 1.26087 1.24193 1.22444 1.20851 1.19419 1.1815 1.17039 1.16081 1.15267 1.14583 1.14018 1.13558 1.13189 1.12898 1.12672 1.125 1.12372 1.12281 1.12218 1.12178 1.12157 1.1215 1.12155 1.12169 1.1219 1.12217 1.12248 1.12283 1.12319 
1.11652 1.1169 1.11727 1.11763 1.11798 1.11831 1.11864 1.11898 1.11934 1.11975 1.12024 1.12086 1.12168 1.12278 1.12424 1.1262 1.12878 1.13213 1.13642 1.14183 1.14854 1.1567 1.16648 1.17801 1.19137 1.20662 1.22375 1.24272 1.26341 1.28566 1.30925 1.33392 1.3594 1.38537 1.4115 1.43749 1.463 1.48775 1.51148 1.53393 1.5549 1.57422 1.59175 1.60737 1.62099 1.63257 1.64205 1.64941 1.65464 1.65771 1.65862 1.65737 1.65396 1.64839 1.64067 1.63081 1.61885 1.60484 1.58885 1.57097 1.55133 1.53009 1.50744 1.48361 1.45884 1.43342 1.40765 1.38184 1.3563 1.33136 1.30729 1.28436 1.26279 1.24278 1.22445 1.20789 1.19313 1.18016 1.16891 1.15929 1.15119 1.14446 1.13895 1.13451 1.13099 1.12824 1.12614 1.12457 1.12342 1.12262 1.1221 1.12179 1.12166 1.12166 1.12176 1.12195 1.1222 1.12251 1.12284 1.1232 
1.11653 1.11691 1.11728 1.11764 1.11799 1.11834 1.11869 1.11905 1.11945 1.11992 1.1205 1.12125 1.12224 1.12358 1.12537 1.12775 1.13088 1.13494 1.1401 1.14657 1.15454 1.16418 1.17567 1.18912 1.20462 1.2222 1.24182 1.26341 1.28681 1.3118 1.33813 1.36549 1.39356 1.42198 1.4504 1.47848 1.50588 1.53231 1.55749 1.58118 1.6032 1.62338 1.6416 1.65777 1.67183 1.68373 1.69346 1.701 1.70634 1.70948 1.71043 1.70917 1.70571 1.70003 1.69214 1.68203 1.66973 1.65526 1.63867 1.62004 1.59947 1.5771 1.55311 1.52772 1.50117 1.47376 1.4458 1.41763 1.38959 1.36203 1.33527 1.30963 1.28538 1.26275 1.24191 1.22297 1.206 1.19101 1.17795 1.16673 1.15723 1.1493 1.14278 1.1375 1.1333 1.13 1.12746 1.12554 1.12414 1.12314 1.12247 1.12205 1.12184 1.12178 1.12185 1.12201 1.12224 1.12253 1.12286 1.12321 
1.11654 1.11691 1.11729 1.11765 1.11801 1.11837 1.11874 1.11914 1.11959 1.12012 1.12081 1.12171 1.12291 1.12452 1.12669 1.12956 1.13331 1.13815 1.14429 1.15193 1.16128 1.17254 1.18587 1.20138 1.21915 1.23917 1.26138 1.28566 1.3118 1.33954 1.36858 1.39856 1.42911 1.45984 1.49037 1.52034 1.54941 1.57726 1.60363 1.62831 1.65112 1.67191 1.6906 1.70711 1.72141 1.73348 1.74331 1.75092 1.75631 1.75949 1.76046 1.75922 1.75576 1.75007 1.74213 1.73194 1.71947 1.70475 1.68779 1.66865 1.64739 1.62415 1.59908 1.57237 1.54428 1.5151 1.48513 1.45475 1.42432 1.39421 1.36482 1.33647 1.30951 1.2842 1.26075 1.23934 1.22005 1.20292 1.18792 1.17497 1.16395 1.15472 1.14709 1.14088 1.13591 1.132 1.12896 1.12666 1.12496 1.12374 1.12289 1.12235 1.12204 1.12192 1.12194 1.12207 1.12228 1.12256 1.12288 1.12322 
1.11655 1.11692 1.1173 1.11767 1.11804 1.11842 1.11881 1.11924 1.11975 1.12037 1.12117 1.12224 1.12368 1.12561 1.1282 1.13162 1.13607 1.14178 1.14898 1.1579 1.16875 1.18175 1.19703 1.21472 1.23485 1.25739 1.28225 1.30925 1.33813 1.36858 1.40024 1.43272 1.46559 1.49844 1.53086 1.56247 1.59293 1.62193 1.64922 1.67461 1.69793 1.71908 1.738 1.75463 1.76898 1.78105 1.79086 1.79843 1.80379 1.80696 1.80795 1.80675 1.80336 1.79774 1.78988 1.77975 1.76731 1.75254 1.73545 1.71604 1.69438 1.67054 1.64467 1.61693 1.58756 1.55685 1.52511 1.49272 1.46006 1.42754 1.39559 1.3646 1.33494 1.30693 1.28085 1.25689 1.23519 1.21582 1.19877 1.18398 1.17134 1.1607 1.15186 1.14464 1.13884 1.13424 1.13066 1.12793 1.12589 1.12441 1.12338 1.1227 1.12229 1.12209 1.12206 1.12215 1.12234 1.12259 1.1229 1.12324 
1.11657 1.11694 1.11731 1.11769 1.11807 1.11846 1.11889 1.11936 1.11993 1.12065 1.12159 1.12285 1.12456 1.12685 1.1299 1.13393 1.13915 1.14582 1.15417 1.16446 1.17692 1.19174 1.20909 1.22903 1.25159 1.27671 1.30423 1.33392 1.36549 1.39856 1.43272 1.46752 1.50251 1.53724 1.57129 1.60427 1.63583 1.66568 1.6936 1.71941 1.74297 1.76422 1.78312 1.79967 1.81388 1.82579 1.83544 1.84289 1.84815 1.85128 1.85227 1.85114 1.84786 1.84241 1.83474 1.82481 1.81257 1.79796 1.78096 1.76155 1.73975 1.7156 1.68922 1.66075 1.63041 1.59845 1.5652 1.53103 1.49635 1.46161 1.42724 1.3937 1.36141 1.33073 1.30199 1.27546 1.25129 1.22961 1.21043 1.19371 1.17936 1.16721 1.15709 1.14878 1.14207 1.13673 1.13255 1.12935 1.12694 1.12518 1.12393 1.12309 1.12256 1.12228 1.12219 1.12224 1.12239 1.12263 1.12292 1.12326 
1.11658 1.11695 1.11733 1.11771 1.11811 1.11852 1.11897 1.1195 1.12015 1.12097 1.12207 1.12355 1.12555 1.12823 1.13181 1.1365 1.14255 1.15024 1.15983 1.17158 1.18572 1.20246 1.22193 1.24418 1.26921 1.29691 1.32706 1.3594 1.39356 1.42911 1.46559 1.50251 1.53938 1.57574 1.61113 1.64517 1.67754 1.70794 1.73619 1.76213 1.78567 1.80678 1.82544 1.8417 1.8556 1.86721 1.87659 1.88381 1.88892 1.89196 1.89295 1.8919 1.88878 1.88357 1.8762 1.86661 1.85472 1.84046 1.82377 1.8046 1.78292 1.75875 1.73216 1.70326 1.67224 1.63933 1.60486 1.56919 1.53274 1.49597 1.45938 1.42343 1.3886 1.35532 1.32398 1.29486 1.26821 1.24417 1.22281 1.20409 1.18795 1.17423 1.16274 1.15327 1.14558 1.13945 1.13463 1.13091 1.1281 1.12603 1.12454 1.12352 1.12287 1.12249 1.12233 1.12233 1.12246 1.12267 1.12295 1.12328 
1.1166 1.11697 1.11735 1.11774 1.11815 1.11858 1.11908 1.11966 1.12039 1.12134 1.12261 1.12433 1.12665 1.12977 1.1339 1.13931 1.14625 1.15503 1.16592 1.17919 1.19509 1.21379 1.23542 1.26002 1.28751 1.31775 1.35049 1.38537 1.42198 1.45984 1.49844 1.53724 1.57574 1.61343 1.64987 1.68468 1.71754 1.7482 1.77649 1.8023 1.82557 1.8463 1.86453 1.88033 1.89377 1.90495 1.91395 1.92087 1.92577 1.92869 1.92968 1.92872 1.92581 1.92089 1.9139 1.90476 1.89337 1.87963 1.86344 1.84472 1.82341 1.79948 1.77296 1.74393 1.71254 1.679 1.6436 1.60672 1.56876 1.53022 1.4916 1.45342 1.41621 1.38044 1.34655 1.3149 1.28577 1.25937 1.23578 1.21502 1.19704 1.18168 1.16877 1.15808 1.14937 1.14238 1.13687 1.13261 1.12936 1.12695 1.12521 1.124 1.12321 1.12273 1.12249 1.12244 1.12253 1.12272 1.12299 1.1233 
1.11662 1.11698 1.11737 1.11777 1.11819 1.11866 1.11919 1.11984 1.12066 1.12175 1.1232 1.12518 1.12786 1.13144 1.13617 1.14233 1.15022 1.16013 1.17237 1.18722 1.20491 1.22561 1.24943 1.27635 1.30627 1.339 1.37421 1.4115 1.4504 1.49037 1.53086 1.57129 1.61113 1.64987 1.68707 1.72235 1.75542 1.78606 1.81413 1.83956 1.86234 1.88251 1.90013 1.91531 1.92817 1.93881 1.94736 1.95391 1.95855 1.96134 1.9623 1.96145 1.95877 1.95419 1.94765 1.93905 1.92827 1.91518 1.89966 1.88159 1.86086 1.83741 1.81123 1.78235 1.75088 1.717 1.68098 1.64317 1.60399 1.56393 1.52352 1.48332 1.44389 1.40577 1.36944 1.33533 1.30378 1.27502 1.24921 1.22639 1.20653 1.1895 1.17512 1.16317 1.15339 1.14552 1.13928 1.13443 1.13073 1.12796 1.12594 1.12453 1.12358 1.12299 1.12267 1.12257 1.12261 1.12278 1.12302 1.12332 
1.11664 1.117 1.11739 1.1178 1.11824 1.11874 1.11932 1.12004 1.12096 1.12219 1.12385 1.12611 1.12915 1.13323 1.13859 1.14555 1.15441 1.1655 1.17913 1.19558 1.21508 1.23779 1.26377 1.29298 1.32527 1.36038 1.39794 1.43749 1.47848 1.52034 1.56247 1.60427 1.64517 1.68468 1.72235 1.75782 1.79084 1.82121 1.84883 1.87368 1.89578 1.91522 1.93209 1.94654 1.95871 1.96875 1.97678 1.98292 1.98726 1.98989 1.99083 1.99009 1.98765 1.98345 1.97741 1.96941 1.95932 1.94699 1.93227 1.91499 1.89503 1.87227 1.84666 1.81817 1.78689 1.75295 1.71659 1.67815 1.63803 1.59672 1.55477 1.51277 1.47132 1.43101 1.39238 1.35592 1.32201 1.29095 1.26295 1.23807 1.21632 1.1976 1.18173 1.16848 1.1576 1.14881 1.14182 1.13636 1.13217 1.12903 1.12672 1.12509 1.12397 1.12326 1.12286 1.1227 1.1227 1.12284 1.12306 1.12335 
1.11666 1.11703 1.11742 1.11784 1.1183 1.11883 1.11946 1.12025 1.12128 1.12267 1.12454 1.12709 1.13053 1.13512 1.14114 1.14891 1.15878 1.17107 1.1861 1.20417 1.22547 1.25016 1.27826 1.30969 1.34426 1.38163 1.42139 1.463 1.50588 1.54941 1.59293 1.63583 1.67754 1.71754 1.75542 1.79084 1.82356 1.85345 1.88043 1.90453 1.9258 1.94438 1.96041 1.97404 1.98546 1.99483 2.0023 2.00799 2.01203 2.01448 2.01538 2.01475 2.01257 2.00876 2.00324 1.99589 1.98655 1.97505 1.96122 1.94486 1.9258 1.9039 1.87904 1.85117 1.82031 1.78656 1.75013 1.71132 1.67053 1.62823 1.585 1.54144 1.49819 1.45588 1.4151 1.37641 1.34025 1.30697 1.27682 1.24992 1.2263 1.20589 1.18851 1.17396 1.16196 1.15223 1.14447 1.13838 1.13369 1.13015 1.12755 1.12568 1.1244 1.12356 1.12307 1.12284 1.1228 1.1229 1.12311 1.12338 
1.11669 1.11705 1.11745 1.11788 1.11836 1.11892 1.11961 1.12048 1.12162 1.12317 1.12528 1.12813 1.13198 1.13709 1.14378 1.15239 1.16326 1.17676 1.1932 1.21286 1.23594 1.26256 1.29272 1.32628 1.363 1.40249 1.44427 1.48775 1.53231 1.57726 1.62193 1.66568 1.70794 1.7482 1.78606 1.82121 1.85345 1.88267 1.90886 1.93208 1.95242 1.97006 1.98516 1.99793 2.00856 2.01723 2.02412 2.02936 2.03307 2.03533 2.0362 2.03567 2.03374 2.03033 2.02534 2.01865 2.01008 1.99946 1.98658 1.97121 1.95316 1.93223 1.90828 1.88119 1.85095 1.81762 1.78135 1.74242 1.70121 1.65818 1.61391 1.56902 1.52418 1.48007 1.43733 1.39656 1.35827 1.32287 1.29065 1.26179 1.23634 1.21425 1.19539 1.17953 1.16641 1.15573 1.14719 1.14046 1.13526 1.13132 1.1284 1.1263 1.12484 1.12387 1.12328 1.12298 1.1229 1.12297 1.12315 1.12342 
1.11671 1.11707 1.11748 1.11792 1.11843 1.11903 1.11976 1.12072 1.12198 1.1237 1.12603 1.1292 1.13346 1.13911 1.14648 1.15592 1.1678 1.1825 1.20032 1.22154 1.24635 1.27483 1.30695 1.34253 1.38125 1.4227 1.46632 1.51148 1.55749 1.60363 1.64922 1.6936 1.73619 1.77649 1.81413 1.84883 1.88043 1.90886 1.93415 1.95639 1.97574 1.99239 2.00654 2.01842 2.02824 2.03622 2.04252 2.0473 2.05069 2.05276 2.05358 2.05316 2.05146 2.04844 2.04397 2.03794 2.03015 2.02042 2.0085 1.99417 1.97719 1.95732 1.93437 1.9082 1.87873 1.84599 1.81008 1.77124 1.72983 1.68631 1.64123 1.59525 1.54904 1.50333 1.45881 1.41613 1.37585 1.33845 1.30426 1.27351 1.24629 1.22258 1.20226 1.18512 1.17089 1.15927 1.14994 1.14257 1.13686 1.13251 1.12928 1.12694 1.12529 1.12419 1.12351 1.12314 1.123 1.12304 1.1232 1.12345 
1.11674 1.1171 1.11751 1.11797 1.1185 1.11913 1.11993 1.12096 1.12235 1.12424 1.12681 1.13029 1.13497 1.14115 1.14918 1.15945 1.17233 1.18819 1.20735 1.23008 1.25655 1.2868 1.32076 1.35822 1.39881 1.44204 1.4873 1.53393 1.58118 1.62831 1.67461 1.71941 1.76213 1.8023 1.83956 1.87368 1.90453 1.93208 1.95639 1.97762 1.99594 2.01158 2.02477 2.03577 2.04481 2.05209 2.05782 2.06216 2.06523 2.06712 2.06789 2.06755 2.06609 2.06343 2.05947 2.05406 2.04704 2.03817 2.02722 2.01393 1.99803 1.97926 1.95738 1.93221 1.90363 1.8716 1.83621 1.79765 1.75623 1.71242 1.66675 1.61988 1.57252 1.52542 1.47931 1.43489 1.39279 1.35352 1.31748 1.28495 1.25604 1.23077 1.20904 1.19065 1.17533 1.16279 1.15269 1.14469 1.13847 1.13372 1.13017 1.12758 1.12575 1.12452 1.12374 1.1233 1.12311 1.12311 1.12325 1.12349 
1.11677 1.11713 1.11754 1.11801 1.11857 1.11924 1.12009 1.12121 1.12272 1.12478 1.12758 1.13138 1.13646 1.14317 1.15186 1.16293 1.17677 1.19375 1.2142 1.23836 1.26639 1.2983 1.33398 1.37317 1.41545 1.46028 1.50701 1.5549 1.6032 1.65112 1.69793 1.74297 1.78567 1.82557 1.86234 1.89578 1.9258 1.95242 1.97574 1.99594 2.01324 2.02789 2.04015 2.05029 2.05857 2.0652 2.07038 2.0743 2.07706 2.07878 2.0795 2.07924 2.07798 2.07566 2.07217 2.06736 2.06105 2.05302 2.04301 2.03073 2.01591 1.99823 1.97745 1.95332 1.92568 1.89447 1.85971 1.82155 1.78029 1.73635 1.69028 1.64272 1.59441 1.54611 1.4986 1.45263 1.40887 1.36789 1.33014 1.29593 1.26543 1.23869 1.21561 1.19603 1.17967 1.16624 1.15539 1.14678 1.14005 1.13491 1.13105 1.12822 1.12622 1.12485 1.12396 1.12345 1.12322 1.12319 1.1233 1.12352 
1.1168 1.11716 1.11758 1.11806 1.11864 1.11935 1.12026 1.12146 1.12309 1.12532 1.12835 1.13245 1.13793 1.14514 1.15446 1.16629 1.18105 1.19909 1.22075 1.24625 1.27573 1.30918 1.34644 1.38719 1.431 1.47724 1.52524 1.57422 1.62338 1.67191 1.71908 1.76422 1.80678 1.8463 1.88251 1.91522 1.94438 1.97006 1.99239 2.01158 2.02789 2.04159 2.05297 2.06231 2.06987 2.07588 2.08056 2.08408 2.08656 2.08811 2.08878 2.08859 2.08752 2.08551 2.08245 2.07819 2.07255 2.06529 2.05616 2.04485 2.03105 2.01445 1.99474 1.97166 1.945 1.91464 1.88058 1.84292 1.80194 1.75802 1.7117 1.66362 1.61454 1.56523 1.51651 1.46917 1.42392 1.38139 1.34207 1.30632 1.27435 1.24623 1.2219 1.20118 1.18384 1.16957 1.158 1.1488 1.14159 1.13606 1.13191 1.12885 1.12667 1.12517 1.12419 1.12361 1.12333 1.12326 1.12335 1.12356 
1.11682 1.11718 1.11761 1.11811 1.11871 1.11946 1.12042 1.12171 1.12345 1.12584 1.12909 1.13348 1.13933 1.14702 1.15693 1.16949 1.18509 1.20413 1.2269 1.25364 1.28445 1.31929 1.35797 1.40013 1.44528 1.49277 1.54186 1.59175 1.6416 1.6906 1.738 1.78312 1.82544 1.86453 1.90013 1.93209 1.96041 1.98516 2.00654 2.02477 2.04015 2.05297 2.06353 2.07212 2.07903 2.08449 2.08871 2.09187 2.09409 2.09549 2.09611 2.09598 2.09507 2.09333 2.09065 2.08689 2.08185 2.07531 2.06698 2.05657 2.04374 2.02815 2.00947 1.9874 1.96169 1.9322 1.89887 1.86178 1.82115 1.77736 1.73091 1.68247 1.63277 1.58262 1.53287 1.48433 1.43778 1.39386 1.35313 1.31599 1.28267 1.25329 1.22779 1.20604 1.18778 1.17271 1.16048 1.15072 1.14306 1.13717 1.13273 1.12945 1.1271 1.12548 1.12441 1.12376 1.12343 1.12333 1.1234 1.1236 
1.11685 1.11721 1.11764 1.11815 1.11878 1.11956 1.12058 1.12194 1.12379 1.12633 1.12978 1.13445 1.14065 1.14878 1.15924 1.17246 1.18884 1.20878 1.23256 1.26042 1.29242 1.3285 1.36844 1.41184 1.45815 1.50671 1.55673 1.60737 1.65777 1.70711 1.75463 1.79967 1.8417 1.88033 1.91531 1.94654 1.97404 1.99793 2.01842 2.03577 2.05029 2.06231 2.07212 2.08005 2.08638 2.09134 2.09515 2.09798 2.09998 2.10124 2.10181 2.10172 2.10096 2.09946 2.09711 2.09379 2.08929 2.08338 2.07578 2.06618 2.05422 2.03956 2.02184 2.00072 1.97593 1.94728 1.91468 1.87816 1.83793 1.79434 1.74787 1.69917 1.64899 1.59816 1.54754 1.49798 1.45029 1.40516 1.36319 1.3248 1.29028 1.25975 1.23321 1.21051 1.19142 1.17562 1.16278 1.15251 1.14444 1.13821 1.1335 1.13002 1.12751 1.12577 1.12462 1.12391 1.12353 1.1234 1.12345 1.12363 
1.11688 1.11724 1.11767 1.1182 1.11884 1.11965 1.12072 1.12216 1.12411 1.12678 1.13043 1.13533 1.14186 1.15038 1.16134 1.17515 1.19223 1.21297 1.23765 1.26649 1.29953 1.3367 1.37773 1.42219 1.46951 1.51896 1.56975 1.62099 1.67183 1.72141 1.76898 1.81388 1.8556 1.89377 1.92817 1.95871 1.98546 2.00856 2.02824 2.04481 2.05857 2.06987 2.07903 2.08638 2.09219 2.09671 2.10016 2.10272 2.10452 2.10565 2.10619 2.10614 2.10549 2.10419 2.10213 2.09918 2.09515 2.08979 2.08283 2.07394 2.06277 2.04894 2.03208 2.01182 1.98788 1.96 1.92809 1.89214 1.85232 1.80896 1.76253 1.71367 1.66313 1.61175 1.56041 1.51 1.46134 1.41517 1.37212 1.33265 1.29707 1.26555 1.23808 1.21454 1.1947 1.17826 1.16486 1.15413 1.14569 1.13916 1.13421 1.13054 1.12789 1.12604 1.12481 1.12404 1.12362 1.12346 1.12349 1.12366 
1.1169 1.11726 1.1177 1.11823 1.1189 1.11974 1.12085 1.12235 1.12439 1.12719 1.131 1.13612 1.14293 1.15181 1.16319 1.17752 1.1952 1.21663 1.24209 1.27176 1.3057 1.34379 1.38574 1.43109 1.47924 1.52943 1.58084 1.63257 1.68373 1.73348 1.78105 1.82579 1.86721 1.90495 1.93881 1.96875 1.99483 2.01723 2.03622 2.05209 2.0652 2.07588 2.08449 2.09134 2.09671 2.10087 2.10402 2.10634 2.10797 2.109 2.10949 2.10947 2.10892 2.10779 2.10598 2.10334 2.0997 2.09481 2.08839 2.08011 2.06961 2.0565 2.04039 2.02089 1.99769 1.97051 1.93922 1.90379 1.86437 1.82124 1.7749 1.72594 1.67513 1.62332 1.57141 1.52029 1.47082 1.42378 1.37982 1.33943 1.30296 1.27058 1.24232 1.21805 1.19757 1.18057 1.1667 1.15557 1.14679 1.14 1.13484 1.131 1.12823 1.12628 1.12498 1.12416 1.1237 1.12352 1.12353 1.12369 
1.11692 1.11728 1.11772 1.11827 1.11895 1.11982 1.12097 1.12252 1.12464 1.12754 1.13149 1.1368 1.14384 1.15301 1.16476 1.17952 1.19771 1.21971 1.24581 1.27618 1.31085 1.34968 1.39238 1.43845 1.48727 1.53805 1.58995 1.64205 1.69346 1.74331 1.79086 1.83544 1.87659 1.91395 1.94736 1.97678 2.0023 2.02412 2.04252 2.05782 2.07038 2.08056 2.08871 2.09515 2.10016 2.10402 2.10692 2.10905 2.11054 2.11149 2.11195 2.11195 2.11148 2.11048 2.10886 2.10648 2.10316 2.09865 2.09268 2.08491 2.07496 2.06245 2.04696 2.0281 2.00551 1.97893 1.94817 1.91319 1.87412 1.83122 1.78496 1.73596 1.68496 1.63282 1.58045 1.52877 1.47866 1.43092 1.38622 1.34508 1.30788 1.27479 1.24587 1.22101 1.19999 1.18253 1.16825 1.15679 1.14773 1.14071 1.13537 1.1314 1.12852 1.12649 1.12513 1.12426 1.12378 1.12357 1.12357 1.12372 
1.11694 1.1173 1.11774 1.1183 1.11899 1.11988 1.12106 1.12266 1.12484 1.12783 1.13189 1.13735 1.14458 1.15399 1.16602 1.18112 1.19971 1.22216 1.24876 1.27967 1.3149 1.35432 1.39759 1.44422 1.49354 1.54477 1.59703 1.64941 1.701 1.75092 1.79843 1.84289 1.88381 1.92087 1.95391 1.98292 2.00799 2.02936 2.0473 2.06216 2.0743 2.08408 2.09187 2.09798 2.10272 2.10634 2.10905 2.11103 2.11241 2.11329 2.11373 2.11375 2.11333 2.11244 2.11097 2.10879 2.10571 2.10151 2.09588 2.0885 2.07899 2.06695 2.05195 2.03359 2.0115 1.98538 1.95504 1.92043 1.88163 1.83892 1.79275 1.74372 1.69258 1.6402 1.58749 1.53538 1.48478 1.4365 1.39124 1.34953 1.31175 1.27812 1.24869 1.22336 1.20192 1.18409 1.1695 1.15777 1.14849 1.14129 1.13581 1.13173 1.12876 1.12666 1.12525 1.12435 1.12384 1.12361 1.1236 1.12374 
1.11695 1.11731 1.11776 1.11832 1.11902 1.11993 1.12114 1.12277 1.125 1.12805 1.1322 1.13777 1.14513 1.15471 1.16695 1.1823 1.20117 1.22395 1.2509 1.28219 1.31782 1.35765 1.40132 1.44833 1.49801 1.54955 1.60207 1.65464 1.70634 1.75631 1.80379 1.84815 1.88892 1.92577 1.95855 1.98726 2.01203 2.03307 2.05069 2.06523 2.07706 2.08656 2.09409 2.09998 2.10452 2.10797 2.11054 2.11241 2.11371 2.11454 2.11496 2.11499 2.11462 2.1138 2.11244 2.11041 2.10751 2.10352 2.09814 2.09104 2.08185 2.07014 2.05549 2.03748 2.01574 1.98995 1.95991 1.92555 1.88696 1.84438 1.79827 1.74922 1.69799 1.64544 1.59249 1.54009 1.48915 1.4405 1.39483 1.35272 1.31454 1.28052 1.25073 1.22506 1.20333 1.18523 1.17042 1.15849 1.14905 1.14172 1.13614 1.13197 1.12894 1.1268 1.12534 1.12442 1.12388 1.12364 1.12362 1.12376 
1.11696 1.11732 1.11777 1.11834 1.11905 1.11996 1.12119 1.12284 1.1251 1.1282 1.1324 1.13803 1.14549 1.15517 1.16754 1.18303 1.20208 1.22504 1.2522 1.28371 1.31957 1.35963 1.40353 1.45076 1.50064 1.55236 1.60503 1.65771 1.70948 1.75949 1.80696 1.85128 1.89196 1.92869 1.96134 1.98989 2.01448 2.03533 2.05276 2.06712 2.07878 2.08811 2.09549 2.10124 2.10565 2.109 2.11149 2.11329 2.11454 2.11535 2.11575 2.11579 2.11545 2.11468 2.11338 2.11143 2.10865 2.10479 2.09956 2.09263 2.08362 2.07211 2.05766 2.03986 2.01832 1.99272 1.96284 1.92862 1.89013 1.84762 1.80154 1.75247 1.70118 1.64852 1.59544 1.54287 1.49173 1.44285 1.39696 1.35462 1.31621 1.28197 1.25196 1.2261 1.2042 1.18594 1.17099 1.15895 1.14941 1.142 1.13635 1.13213 1.12906 1.12688 1.12541 1.12446 1.12392 1.12367 1.12364 1.12377 
