6.38407 6.38425 6.38455 6.38497 6.38551 6.38616 6.38693 6.38781 6.38881 6.38992 6.39115 6.3925 6.39396 6.39553 6.39721 6.39899 6.40089 6.40288 6.40498 6.40716 6.40944 6.4118 6.41423 6.41673 6.41929 6.4219 6.42455 6.42723 6.42993 6.43264 6.43535 6.43803 6.44069 6.44331 6.44586 6.44835 6.45075 6.45306 6.45526 6.45733 6.45927 6.46107 6.4627 6.46418 6.46547 6.46659 6.46751 6.46824 6.46877 6.4691 6.46922 6.46914 6.46885 6.46836 6.46767 6.46679 6.46572 6.46448 6.46306 6.46147 6.45973 6.45786 6.45585 6.45372 6.45149 6.44916 6.44676 6.44429 6.44177 6.43921 6.43663 6.43403 6.43144 6.42886 6.42631 6.42379 6.42132 6.41891 6.41656 6.41429 6.4121 6.40999 6.40798 6.40608 6.40427 6.40257 6.40099 6.39952 6.39816 6.39692 6.3958 6.3948 6.39392 6.39315 6.39251 6.39199 6.39158 6.3913 6.39113 6.39108 
6.38425 6.38444 6.38474 6.38516 6.3857 6.38635 6.38712 6.38801 6.38902 6.39014 6.39137 6.39273 6.39419 6.39577 6.39746 6.39926 6.40116 6.40317 6.40528 6.40748 6.40977 6.41214 6.41459 6.4171 6.41968 6.42231 6.42497 6.42767 6.43039 6.43312 6.43584 6.43854 6.44122 6.44385 6.44642 6.44893 6.45134 6.45367 6.45588 6.45796 6.45992 6.46172 6.46337 6.46485 6.46616 6.46728 6.46821 6.46894 6.46947 6.4698 6.46993 6.46984 6.46955 6.46906 6.46837 6.46748 6.46641 6.46515 6.46372 6.46213 6.46038 6.45849 6.45646 6.45432 6.45207 6.44973 6.44731 6.44483 6.44229 6.43972 6.43712 6.43451 6.4319 6.4293 6.42673 6.4242 6.42171 6.41928 6.41692 6.41463 6.41242 6.41031 6.40829 6.40636 6.40455 6.40284 6.40124 6.39976 6.3984 6.39715 6.39602 6.39501 6.39412 6.39336 6.39271 6.39218 6.39177 6.39149 6.39132 6.39127 
6.38455 6.38474 6.38504 6.38547 6.38601 6.38668 6.38746 6.38836 6.38938 6.39052 6.39177 6.39315 6.39464 6.39624 6.39795 6.39978 6.40172 6.40376 6.40589 6.40813 6.41045 6.41286 6.41535 6.41791 6.42052 6.42319 6.4259 6.42865 6.43141 6.43418 6.43694 6.43969 6.4424 6.44508 6.44769 6.45023 6.45269 6.45504 6.45729 6.45941 6.46139 6.46322 6.4649 6.4664 6.46773 6.46886 6.46981 6.47055 6.47109 6.47142 6.47155 6.47146 6.47117 6.47067 6.46996 6.46906 6.46797 6.46669 6.46524 6.46362 6.46184 6.45992 6.45786 6.45569 6.4534 6.45103 6.44857 6.44604 6.44347 6.44085 6.43821 6.43555 6.4329 6.43026 6.42765 6.42508 6.42255 6.42008 6.41768 6.41535 6.41311 6.41095 6.4089 6.40694 6.4051 6.40336 6.40174 6.40023 6.39884 6.39757 6.39642 6.39539 6.39449 6.39371 6.39305 6.39251 6.39209 6.3918 6.39162 6.39157 
6.38497 6.38516 6.38547 6.3859 6.38646 6.38714 6.38794 6.38886 6.3899 6.39107 6.39235 6.39376 6.39529 6.39693 6.39869 6.40056 6.40254 6.40464 6.40683 6.40912 6.4115 6.41397 6.41652 6.41914 6.42183 6.42456 6.42734 6.43015 6.43298 6.43582 6.43865 6.44147 6.44425 6.44698 6.44966 6.45227 6.45478 6.45719 6.45949 6.46166 6.46369 6.46557 6.46728 6.46882 6.47018 6.47134 6.4723 6.47306 6.47362 6.47396 6.47408 6.47399 6.47369 6.47317 6.47245 6.47153 6.47041 6.4691 6.46761 6.46595 6.46413 6.46216 6.46005 6.45782 6.45548 6.45304 6.45052 6.44793 6.44529 6.4426 6.4399 6.43717 6.43445 6.43175 6.42907 6.42643 6.42383 6.4213 6.41883 6.41645 6.41414 6.41193 6.40982 6.40782 6.40592 6.40413 6.40246 6.40091 6.39949 6.39818 6.397 6.39594 6.39501 6.3942 6.39352 6.39297 6.39254 6.39223 6.39205 6.39199 
6.38551 6.3857 6.38601 6.38646 6.38703 6.38773 6.38855 6.3895 6.39058 6.39179 6.39311 6.39457 6.39614 6.39784 6.39966 6.4016 6.40365 6.40581 6.40808 6.41045 6.41291 6.41547 6.4181 6.42081 6.42358 6.42641 6.42928 6.43219 6.43511 6.43804 6.44097 6.44387 6.44675 6.44957 6.45234 6.45503 6.45762 6.46011 6.46249 6.46472 6.46682 6.46875 6.47052 6.47211 6.4735 6.4747 6.4757 6.47648 6.47705 6.47739 6.47752 6.47743 6.47711 6.47658 6.47583 6.47488 6.47372 6.47237 6.47083 6.46911 6.46723 6.46519 6.46301 6.46071 6.45829 6.45577 6.45316 6.45049 6.44776 6.44498 6.44218 6.43937 6.43656 6.43376 6.43098 6.42825 6.42557 6.42294 6.42039 6.41792 6.41554 6.41325 6.41106 6.40898 6.40701 6.40516 6.40343 6.40182 6.40034 6.39898 6.39776 6.39666 6.39569 6.39485 6.39414 6.39356 6.39311 6.39279 6.39259 6.39253 
6.38616 6.38635 6.38668 6.38714 6.38773 6.38845 6.38931 6.3903 6.39142 6.39267 6.39405 6.39557 6.39721 6.39898 6.40088 6.40289 6.40503 6.40728 6.40964 6.41211 6.41468 6.41734 6.42009 6.42291 6.42579 6.42874 6.43173 6.43475 6.43779 6.44084 6.44389 6.44691 6.4499 6.45284 6.45572 6.45851 6.46121 6.4638 6.46626 6.46859 6.47076 6.47277 6.47461 6.47625 6.4777 6.47895 6.47998 6.48079 6.48138 6.48173 6.48186 6.48176 6.48144 6.48088 6.4801 6.4791 6.4779 6.47649 6.47489 6.4731 6.47114 6.46902 6.46675 6.46435 6.46184 6.45921 6.4565 6.45372 6.45087 6.44798 6.44506 6.44213 6.4392 6.43628 6.43339 6.43054 6.42775 6.42501 6.42235 6.41977 6.41728 6.41489 6.4126 6.41043 6.40838 6.40644 6.40463 6.40295 6.4014 6.39998 6.39869 6.39754 6.39652 6.39564 6.39489 6.39428 6.39381 6.39346 6.39326 6.39318 
6.38693 6.38712 6.38746 6.38794 6.38855 6.38931 6.3902 6.39124 6.39241 6.39372 6.39517 6.39676 6.39848 6.40034 6.40233 6.40444 6.40668 6.40905 6.41152 6.41411 6.41681 6.4196 6.42247 6.42543 6.42846 6.43154 6.43468 6.43784 6.44103 6.44422 6.44741 6.45058 6.45371 6.45678 6.45979 6.46271 6.46553 6.46824 6.47082 6.47325 6.47552 6.47762 6.47954 6.48126 6.48277 6.48407 6.48514 6.48599 6.4866 6.48697 6.4871 6.487 6.48665 6.48606 6.48525 6.4842 6.48294 6.48146 6.47978 6.47791 6.47586 6.47364 6.47127 6.46875 6.46611 6.46337 6.46053 6.45761 6.45462 6.4516 6.44854 6.44546 6.44239 6.43933 6.4363 6.43331 6.43037 6.4275 6.4247 6.42199 6.41937 6.41686 6.41446 6.41217 6.41001 6.40797 6.40607 6.40429 6.40266 6.40116 6.3998 6.39859 6.39751 6.39658 6.39579 6.39514 6.39463 6.39426 6.39404 6.39396 
6.38781 6.38801 6.38836 6.38886 6.3895 6.3903 6.39124 6.39233 6.39356 6.39495 6.39647 6.39815 6.39996 6.40192 6.40402 6.40625 6.40861 6.4111 6.41372 6.41645 6.41929 6.42223 6.42526 6.42838 6.43157 6.43482 6.43812 6.44146 6.44481 6.44818 6.45153 6.45486 6.45815 6.46139 6.46455 6.46762 6.47059 6.47344 6.47614 6.4787 6.48108 6.48329 6.4853 6.4871 6.48869 6.49005 6.49118 6.49206 6.4927 6.49309 6.49323 6.49311 6.49274 6.49213 6.49126 6.49016 6.48883 6.48728 6.48551 6.48354 6.48138 6.47904 6.47654 6.47389 6.47112 6.46822 6.46523 6.46215 6.45901 6.45582 6.4526 6.44936 6.44612 6.44289 6.43969 6.43653 6.43343 6.4304 6.42745 6.42458 6.42182 6.41916 6.41662 6.4142 6.41191 6.40976 6.40774 6.40586 6.40412 6.40253 6.40109 6.3998 6.39865 6.39766 6.39682 6.39612 6.39558 6.39518 6.39494 6.39484 
6.38881 6.38902 6.38938 6.3899 6.39058 6.39142 6.39241 6.39356 6.39487 6.39633 6.39795 6.39972 6.40165 6.40372 6.40594 6.40831 6.41081 6.41345 6.41622 6.41911 6.42212 6.42524 6.42845 6.43175 6.43513 6.43857 6.44206 6.44559 6.44914 6.45269 6.45624 6.45976 6.46324 6.46666 6.47 6.47324 6.47637 6.47938 6.48223 6.48493 6.48744 6.48977 6.49189 6.49379 6.49546 6.49689 6.49808 6.49901 6.49968 6.50009 6.50023 6.5001 6.49971 6.49905 6.49814 6.49697 6.49556 6.49392 6.49205 6.48997 6.48768 6.48521 6.48257 6.47977 6.47683 6.47377 6.47061 6.46735 6.46403 6.46065 6.45724 6.45381 6.45037 6.44695 6.44357 6.44022 6.43693 6.43372 6.43058 6.42755 6.42461 6.42179 6.41909 6.41652 6.41408 6.41179 6.40964 6.40764 6.40579 6.40409 6.40256 6.40118 6.39995 6.39889 6.39798 6.39724 6.39665 6.39623 6.39596 6.39585 
6.38992 6.39014 6.39052 6.39107 6.39179 6.39267 6.39372 6.39495 6.39633 6.39789 6.39961 6.40149 6.40354 6.40574 6.4081 6.41062 6.41328 6.41609 6.41904 6.42211 6.42531 6.42862 6.43203 6.43554 6.43913 6.44278 6.44649 6.45023 6.454 6.45777 6.46153 6.46527 6.46895 6.47258 6.47612 6.47955 6.48287 6.48605 6.48907 6.49192 6.49459 6.49705 6.49929 6.5013 6.50306 6.50458 6.50583 6.50681 6.50751 6.50794 6.50808 6.50795 6.50753 6.50683 6.50586 6.50462 6.50313 6.50138 6.4994 6.49719 6.49476 6.49214 6.48934 6.48637 6.48325 6.48001 6.47665 6.47319 6.46966 6.46608 6.46245 6.45881 6.45516 6.45152 6.44792 6.44436 6.44087 6.43744 6.43411 6.43087 6.42774 6.42474 6.42186 6.41912 6.41652 6.41407 6.41177 6.40963 6.40766 6.40584 6.4042 6.40272 6.4014 6.40026 6.39929 6.39849 6.39785 6.39739 6.3971 6.39697 
6.39115 6.39137 6.39177 6.39235 6.39311 6.39405 6.39517 6.39647 6.39795 6.39961 6.40144 6.40345 6.40563 6.40798 6.4105 6.41318 6.41602 6.41902 6.42216 6.42543 6.42884 6.43237 6.43601 6.43974 6.44356 6.44745 6.4514 6.45538 6.45939 6.4634 6.4674 6.47137 6.47529 6.47914 6.4829 6.48655 6.49007 6.49344 6.49665 6.49968 6.5025 6.50511 6.50748 6.50961 6.51148 6.51308 6.51441 6.51544 6.51619 6.51664 6.51679 6.51664 6.51619 6.51544 6.51441 6.51309 6.5115 6.50965 6.50753 6.50518 6.50261 6.49982 6.49684 6.49368 6.49037 6.48691 6.48334 6.47966 6.47591 6.47209 6.46823 6.46435 6.46046 6.45659 6.45275 6.44895 6.44522 6.44157 6.43801 6.43456 6.43122 6.42801 6.42493 6.422 6.41922 6.41659 6.41414 6.41184 6.40972 6.40778 6.40601 6.40442 6.40301 6.40178 6.40073 6.39986 6.39918 6.39867 6.39835 6.39821 
6.3925 6.39273 6.39315 6.39376 6.39457 6.39557 6.39676 6.39815 6.39972 6.40149 6.40345 6.40559 6.40792 6.41044 6.41313 6.41599 6.41903 6.42222 6.42558 6.42908 6.43272 6.43648 6.44036 6.44435 6.44842 6.45257 6.45678 6.46103 6.4653 6.46957 6.47383 6.47806 6.48223 6.48633 6.49033 6.49421 6.49795 6.50154 6.50495 6.50817 6.51117 6.51393 6.51646 6.51872 6.5207 6.5224 6.5238 6.5249 6.52569 6.52616 6.52631 6.52615 6.52567 6.52487 6.52377 6.52237 6.52067 6.51869 6.51645 6.51394 6.5112 6.50823 6.50506 6.50169 6.49816 6.49448 6.49067 6.48675 6.48275 6.47868 6.47456 6.47042 6.46627 6.46214 6.45804 6.45399 6.45 6.4461 6.44229 6.4386 6.43503 6.43159 6.42829 6.42515 6.42217 6.41936 6.41672 6.41426 6.41199 6.4099 6.408 6.40628 6.40477 6.40344 6.40231 6.40137 6.40063 6.40008 6.39972 6.39956 
6.39396 6.39419 6.39464 6.39529 6.39614 6.39721 6.39848 6.39996 6.40165 6.40354 6.40563 6.40792 6.41042 6.4131 6.41598 6.41905 6.42229 6.42571 6.4293 6.43304 6.43693 6.44095 6.4451 6.44935 6.45371 6.45813 6.46262 6.46716 6.47171 6.47627 6.48081 6.48532 6.48976 6.49413 6.49839 6.50252 6.50651 6.51033 6.51395 6.51737 6.52056 6.52351 6.52619 6.52859 6.5307 6.5325 6.53399 6.53515 6.53598 6.53648 6.53664 6.53646 6.53595 6.5351 6.53392 6.53242 6.53061 6.5285 6.52611 6.52344 6.52051 6.51735 6.51397 6.51038 6.50661 6.50269 6.49863 6.49445 6.49017 6.48583 6.48144 6.47701 6.47258 6.46817 6.46378 6.45945 6.45519 6.45102 6.44694 6.44299 6.43916 6.43548 6.43195 6.42858 6.42538 6.42237 6.41953 6.41689 6.41445 6.4122 6.41015 6.40831 6.40667 6.40524 6.40402 6.403 6.4022 6.4016 6.40121 6.40103 
6.39553 6.39577 6.39624 6.39693 6.39784 6.39898 6.40034 6.40192 6.40372 6.40574 6.40798 6.41044 6.4131 6.41598 6.41906 6.42234 6.42581 6.42947 6.43331 6.43731 6.44147 6.44577 6.4502 6.45475 6.4594 6.46413 6.46892 6.47376 6.47862 6.48349 6.48833 6.49314 6.49788 6.50253 6.50706 6.51147 6.51571 6.51978 6.52364 6.52728 6.53067 6.5338 6.53665 6.5392 6.54144 6.54336 6.54494 6.54617 6.54705 6.54758 6.54775 6.54755 6.547 6.54609 6.54483 6.54323 6.5413 6.53905 6.5365 6.53365 6.53053 6.52716 6.52355 6.51973 6.51571 6.51152 6.50719 6.50273 6.49817 6.49353 6.48884 6.48411 6.47938 6.47466 6.46997 6.46534 6.46078 6.45631 6.45195 6.44772 6.44362 6.43967 6.43589 6.43227 6.42884 6.4256 6.42256 6.41972 6.41709 6.41467 6.41247 6.41049 6.40872 6.40718 6.40586 6.40476 6.40389 6.40324 6.40281 6.40261 
6.39721 6.39746 6.39795 6.39869 6.39966 6.40088 6.40233 6.40402 6.40594 6.4081 6.4105 6.41313 6.41598 6.41906 6.42236 6.42587 6.42958 6.4335 6.4376 6.44188 6.44633 6.45093 6.45566 6.46052 6.46549 6.47054 6.47566 6.48082 6.48601 6.4912 6.49637 6.50149 6.50654 6.5115 6.51634 6.52103 6.52555 6.52987 6.53398 6.53786 6.54147 6.54479 6.54782 6.55054 6.55292 6.55495 6.55663 6.55794 6.55887 6.55943 6.5596 6.55939 6.55879 6.55782 6.55648 6.55477 6.55271 6.55032 6.54759 6.54456 6.54123 6.53764 6.53379 6.52971 6.52543 6.52096 6.51633 6.51157 6.50671 6.50175 6.49674 6.4917 6.48664 6.4816 6.47659 6.47164 6.46676 6.46198 6.45731 6.45278 6.44839 6.44416 6.4401 6.43623 6.43255 6.42907 6.4258 6.42275 6.41993 6.41733 6.41496 6.41282 6.41092 6.40925 6.40783 6.40664 6.4057 6.40499 6.40452 6.4043 
6.39899 6.39926 6.39978 6.40056 6.4016 6.40289 6.40444 6.40625 6.40831 6.41062 6.41318 6.41599 6.41905 6.42234 6.42587 6.42962 6.4336 6.43778 6.44217 6.44674 6.4515 6.45641 6.46147 6.46666 6.47196 6.47736 6.48282 6.48833 6.49386 6.4994 6.50491 6.51037 6.51575 6.52103 6.52618 6.53117 6.53598 6.54059 6.54496 6.54908 6.55291 6.55645 6.55967 6.56255 6.56508 6.56724 6.56902 6.57041 6.5714 6.57198 6.57216 6.57193 6.5713 6.57026 6.56883 6.56701 6.56482 6.56226 6.55936 6.55612 6.55258 6.54875 6.54465 6.5403 6.53574 6.53097 6.52604 6.52097 6.51577 6.51049 6.50514 6.49976 6.49436 6.48897 6.48362 6.47833 6.47311 6.468 6.46301 6.45816 6.45346 6.44893 6.44458 6.44043 6.43649 6.43276 6.42925 6.42598 6.42294 6.42015 6.4176 6.4153 6.41326 6.41146 6.40993 6.40864 6.40762 6.40685 6.40634 6.40609 
6.40089 6.40116 6.40172 6.40254 6.40365 6.40503 6.40668 6.40861 6.41081 6.41328 6.41602 6.41903 6.42229 6.42581 6.42958 6.4336 6.43784 6.44232 6.447 6.45189 6.45696 6.46221 6.46761 6.47315 6.47881 6.48456 6.49039 6.49626 6.50216 6.50805 6.51392 6.51974 6.52547 6.53108 6.53656 6.54187 6.54699 6.55189 6.55653 6.56091 6.56499 6.56875 6.57216 6.57522 6.57791 6.5802 6.58208 6.58355 6.5846 6.58522 6.5854 6.58516 6.58448 6.58337 6.58185 6.57991 6.57757 6.57485 6.57176 6.56832 6.56455 6.56047 6.5561 6.55147 6.54661 6.54154 6.53629 6.53088 6.52534 6.51971 6.51401 6.50827 6.50251 6.49676 6.49105 6.4854 6.47983 6.47437 6.46903 6.46384 6.45882 6.45397 6.44932 6.44488 6.44065 6.43666 6.4329 6.42939 6.42613 6.42313 6.4204 6.41793 6.41573 6.4138 6.41214 6.41076 6.40966 6.40883 6.40827 6.408 
6.40288 6.40317 6.40376 6.40464 6.40581 6.40728 6.40905 6.4111 6.41345 6.41609 6.41902 6.42222 6.42571 6.42947 6.4335 6.43778 6.44232 6.44709 6.45209 6.45731 6.46272 6.46832 6.47408 6.47998 6.48601 6.49213 6.49834 6.50459 6.51087 6.51715 6.52339 6.52957 6.53567 6.54164 6.54746 6.55311 6.55854 6.56374 6.56868 6.57332 6.57765 6.58164 6.58526 6.58851 6.59135 6.59378 6.59578 6.59733 6.59844 6.59909 6.59929 6.59902 6.59829 6.59711 6.59549 6.59343 6.59094 6.58805 6.58477 6.58111 6.5771 6.57276 6.56812 6.56319 6.55802 6.55263 6.54704 6.54128 6.53539 6.52939 6.52332 6.5172 6.51107 6.50494 6.49885 6.49282 6.48689 6.48106 6.47536 6.46982 6.46446 6.45928 6.45431 6.44955 6.44504 6.44076 6.43674 6.43298 6.42949 6.42628 6.42334 6.4207 6.41833 6.41626 6.41448 6.413 6.4118 6.41091 6.41031 6.41 
6.40498 6.40528 6.40589 6.40683 6.40808 6.40964 6.41152 6.41372 6.41622 6.41904 6.42216 6.42558 6.4293 6.43331 6.4376 6.44217 6.447 6.45209 6.45742 6.46298 6.46874 6.4747 6.48084 6.48712 6.49354 6.50006 6.50665 6.51331 6.51998 6.52665 6.53328 6.53985 6.54632 6.55266 6.55884 6.56483 6.5706 6.57611 6.58135 6.58627 6.59086 6.59508 6.59893 6.60236 6.60537 6.60794 6.61006 6.6117 6.61287 6.61356 6.61376 6.61347 6.6127 6.61145 6.60972 6.60753 6.60489 6.60182 6.59833 6.59445 6.59019 6.58558 6.58065 6.57543 6.56993 6.5642 6.55826 6.55214 6.54588 6.53951 6.53305 6.52654 6.52001 6.51349 6.50701 6.50059 6.49427 6.48806 6.48199 6.47608 6.47036 6.46483 6.45953 6.45445 6.44963 6.44506 6.44076 6.43674 6.43301 6.42957 6.42643 6.4236 6.42106 6.41884 6.41693 6.41534 6.41406 6.41309 6.41244 6.41211 
6.40716 6.40748 6.40813 6.40912 6.41045 6.41211 6.41411 6.41645 6.41911 6.42211 6.42543 6.42908 6.43304 6.43731 6.44188 6.44674 6.45189 6.45731 6.46298 6.46889 6.47502 6.48136 6.48788 6.49456 6.50138 6.5083 6.51531 6.52237 6.52946 6.53653 6.54357 6.55054 6.5574 6.56412 6.57067 6.57702 6.58313 6.58897 6.59451 6.59972 6.60457 6.60905 6.61311 6.61674 6.61993 6.62264 6.62488 6.62662 6.62785 6.62857 6.62878 6.62847 6.62765 6.62632 6.62449 6.62217 6.61937 6.61611 6.61241 6.6083 6.60379 6.5989 6.59367 6.58813 6.58231 6.57623 6.56992 6.56343 6.55679 6.55002 6.54317 6.53625 6.52932 6.52239 6.5155 6.50868 6.50195 6.49534 6.48888 6.4826 6.4765 6.47062 6.46496 6.45956 6.45441 6.44954 6.44496 6.44067 6.43668 6.43301 6.42965 6.42662 6.42391 6.42154 6.41949 6.41778 6.41641 6.41537 6.41467 6.4143 
6.40944 6.40977 6.41045 6.4115 6.41291 6.41468 6.41681 6.41929 6.42212 6.42531 6.42884 6.43272 6.43693 6.44147 6.44633 6.4515 6.45696 6.46272 6.46874 6.47502 6.48154 6.48826 6.49518 6.50227 6.5095 6.51685 6.52428 6.53176 6.53927 6.54677 6.55422 6.5616 6.56886 6.57597 6.5829 6.58962 6.59608 6.60225 6.60811 6.61362 6.61875 6.62347 6.62777 6.6316 6.63496 6.63783 6.64019 6.64202 6.64332 6.64408 6.64429 6.64396 6.64309 6.64168 6.63974 6.63729 6.63433 6.63088 6.62697 6.62261 6.61784 6.61267 6.60714 6.60127 6.5951 6.58866 6.58199 6.57511 6.56807 6.5609 6.55364 6.54631 6.53895 6.5316 6.52429 6.51705 6.50991 6.50289 6.49603 6.48935 6.48287 6.47662 6.47061 6.46485 6.45938 6.45419 6.44931 6.44474 6.4405 6.43658 6.433 6.42976 6.42688 6.42434 6.42215 6.42032 6.41885 6.41774 6.41698 6.41659 
6.4118 6.41214 6.41286 6.41397 6.41547 6.41734 6.4196 6.42223 6.42524 6.42862 6.43237 6.43648 6.44095 6.44577 6.45093 6.45641 6.46221 6.46832 6.4747 6.48136 6.48826 6.49539 6.50272 6.51023 6.51789 6.52566 6.53353 6.54145 6.54939 6.55732 6.5652 6.57299 6.58067 6.58818 6.5955 6.60259 6.60941 6.61593 6.62211 6.62792 6.63334 6.63832 6.64284 6.64689 6.65043 6.65345 6.65593 6.65786 6.65923 6.66003 6.66025 6.6599 6.65897 6.65748 6.65543 6.65284 6.64971 6.64607 6.64194 6.63734 6.63229 6.62683 6.62099 6.61479 6.60827 6.60147 6.59441 6.58714 6.5797 6.57211 6.56442 6.55667 6.54888 6.5411 6.53336 6.52569 6.51812 6.51069 6.50341 6.49633 6.48945 6.48282 6.47643 6.47033 6.46451 6.459 6.45381 6.44895 6.44444 6.44027 6.43646 6.43302 6.42994 6.42724 6.42491 6.42295 6.42138 6.42019 6.41938 6.41896 
6.41423 6.41459 6.41535 6.41652 6.4181 6.42009 6.42247 6.42526 6.42845 6.43203 6.43601 6.44036 6.4451 6.4502 6.45566 6.46147 6.46761 6.47408 6.48084 6.48788 6.49518 6.50272 6.51048 6.51841 6.5265 6.53472 6.54303 6.55139 6.55977 6.56814 6.57646 6.58468 6.59278 6.6007 6.60842 6.61589 6.62308 6.62995 6.63646 6.64258 6.64828 6.65352 6.65829 6.66254 6.66627 6.66945 6.67206 6.67408 6.67552 6.67635 6.67658 6.67621 6.67523 6.67366 6.6715 6.66876 6.66547 6.66163 6.65727 6.65242 6.64711 6.64135 6.63519 6.62865 6.62177 6.6146 6.60715 6.59948 6.59162 6.58362 6.5755 6.5673 6.55908 6.55086 6.54267 6.53456 6.52656 6.51869 6.511 6.5035 6.49622 6.48919 6.48243 6.47595 6.46979 6.46395 6.45844 6.45329 6.4485 6.44407 6.44003 6.43637 6.4331 6.43022 6.42775 6.42567 6.42399 6.42272 6.42186 6.4214 
6.41673 6.4171 6.41791 6.41914 6.42081 6.42291 6.42543 6.42838 6.43175 6.43554 6.43974 6.44435 6.44935 6.45475 6.46052 6.46666 6.47315 6.47998 6.48712 6.49456 6.50227 6.51023 6.51841 6.52679 6.53532 6.54398 6.55274 6.56156 6.57039 6.57921 6.58797 6.59663 6.60515 6.61349 6.62161 6.62947 6.63703 6.64426 6.6511 6.65753 6.66352 6.66903 6.67404 6.67851 6.68242 6.68576 6.6885 6.69062 6.69213 6.693 6.69324 6.69284 6.69181 6.69016 6.68788 6.685 6.68153 6.6775 6.67292 6.66781 6.66222 6.65616 6.64968 6.6428 6.63556 6.628 6.62016 6.61208 6.6038 6.59537 6.58681 6.57817 6.5695 6.56083 6.55219 6.54364 6.53519 6.52688 6.51876 6.51083 6.50315 6.49571 6.48857 6.48172 6.4752 6.46902 6.46319 6.45774 6.45266 6.44798 6.44369 6.43981 6.43634 6.43329 6.43066 6.42846 6.42668 6.42533 6.4244 6.42391 
6.41929 6.41968 6.42052 6.42183 6.42358 6.42579 6.42846 6.43157 6.43513 6.43913 6.44356 6.44842 6.45371 6.4594 6.46549 6.47196 6.47881 6.48601 6.49354 6.50138 6.5095 6.51789 6.5265 6.53532 6.54431 6.55342 6.56264 6.57191 6.5812 6.59047 6.59968 6.60878 6.61774 6.6265 6.63503 6.64328 6.65122 6.6588 6.66598 6.67273 6.67901 6.68479 6.69004 6.69472 6.69883 6.70232 6.70519 6.70742 6.70899 6.7099 6.71015 6.70973 6.70865 6.70691 6.70452 6.70149 6.69785 6.69362 6.68881 6.68345 6.67757 6.67121 6.6644 6.65717 6.64957 6.64163 6.63339 6.6249 6.61619 6.60732 6.59832 6.58924 6.58011 6.57098 6.56189 6.55288 6.54398 6.53523 6.52667 6.51832 6.51021 6.50237 6.49483 6.48761 6.48072 6.4742 6.46804 6.46228 6.45692 6.45196 6.44743 6.44333 6.43966 6.43643 6.43364 6.43131 6.42942 6.42799 6.42701 6.42649 
6.4219 6.42231 6.42319 6.42456 6.42641 6.42874 6.43154 6.43482 6.43857 6.44278 6.44745 6.45257 6.45813 6.46413 6.47054 6.47736 6.48456 6.49213 6.50006 6.5083 6.51685 6.52566 6.53472 6.54398 6.55342 6.563 6.57268 6.58241 6.59216 6.60189 6.61155 6.6211 6.63049 6.63967 6.64861 6.65726 6.66557 6.67351 6.68104 6.6881 6.69468 6.70073 6.70622 6.71112 6.71541 6.71907 6.72207 6.7244 6.72604 6.727 6.72725 6.72681 6.72567 6.72385 6.72134 6.71817 6.71436 6.70992 6.70488 6.69926 6.69311 6.68644 6.6793 6.67172 6.66375 6.65543 6.64679 6.63788 6.62875 6.61943 6.60999 6.60045 6.59087 6.58128 6.57173 6.56226 6.5529 6.54371 6.5347 6.52591 6.51738 6.50913 6.50119 6.49359 6.48634 6.47946 6.47298 6.4669 6.46124 6.45602 6.45124 6.44691 6.44303 6.43962 6.43668 6.43421 6.43222 6.4307 6.42966 6.42911 
6.42455 6.42497 6.4259 6.42734 6.42928 6.43173 6.43468 6.43812 6.44206 6.44649 6.4514 6.45678 6.46262 6.46892 6.47566 6.48282 6.49039 6.49834 6.50665 6.51531 6.52428 6.53353 6.54303 6.55274 6.56264 6.57268 6.58282 6.59302 6.60323 6.61342 6.62353 6.63352 6.64335 6.65296 6.66231 6.67135 6.68005 6.68835 6.69621 6.70359 6.71046 6.71678 6.72252 6.72764 6.73212 6.73594 6.73907 6.7415 6.74321 6.74421 6.74447 6.744 6.74281 6.7409 6.73828 6.73497 6.73098 6.72634 6.72107 6.7152 6.70876 6.70179 6.69432 6.68639 6.67805 6.66934 6.6603 6.65097 6.64141 6.63166 6.62176 6.61177 6.60172 6.59167 6.58166 6.57173 6.56192 6.55227 6.54281 6.53359 6.52464 6.51597 6.50763 6.49964 6.49202 6.48479 6.47797 6.47158 6.46563 6.46013 6.4551 6.45054 6.44646 6.44287 6.43977 6.43716 6.43506 6.43346 6.43236 6.43177 
6.42723 6.42767 6.42865 6.43015 6.43219 6.43475 6.43784 6.44146 6.44559 6.45023 6.45538 6.46103 6.46716 6.47376 6.48082 6.48833 6.49626 6.50459 6.51331 6.52237 6.53176 6.54145 6.55139 6.56156 6.57191 6.58241 6.59302 6.60368 6.61436 6.625 6.63557 6.64601 6.65627 6.6663 6.67606 6.6855 6.69457 6.70323 6.71143 6.71914 6.7263 6.73289 6.73887 6.74421 6.74888 6.75285 6.75611 6.75864 6.76043 6.76146 6.76173 6.76125 6.76 6.75801 6.75527 6.75182 6.74765 6.74281 6.73731 6.73118 6.72446 6.71719 6.70939 6.70112 6.69241 6.68331 6.67386 6.66412 6.65413 6.64394 6.63359 6.62314 6.61264 6.60213 6.59165 6.58126 6.57099 6.56089 6.55099 6.54133 6.53194 6.52286 6.51412 6.50574 6.49775 6.49016 6.48301 6.4763 6.47005 6.46428 6.45899 6.4542 6.44992 6.44614 6.44288 6.44014 6.43793 6.43624 6.43509 6.43446 
6.42993 6.43039 6.43141 6.43298 6.43511 6.43779 6.44103 6.44481 6.44914 6.454 6.45939 6.4653 6.47171 6.47862 6.48601 6.49386 6.50216 6.51087 6.51998 6.52946 6.53927 6.54939 6.55977 6.57039 6.5812 6.59216 6.60323 6.61436 6.6255 6.6366 6.64761 6.6585 6.66919 6.67965 6.68982 6.69965 6.7091 6.71811 6.72665 6.73467 6.74212 6.74898 6.7552 6.76075 6.76561 6.76974 6.77314 6.77577 6.77762 6.77869 6.77897 6.77846 6.77716 6.77509 6.77224 6.76864 6.7643 6.75926 6.75353 6.74715 6.74016 6.73258 6.72445 6.71583 6.70676 6.69727 6.68743 6.67727 6.66685 6.65622 6.64543 6.63453 6.62357 6.6126 6.60166 6.59081 6.58008 6.56952 6.55918 6.54908 6.53927 6.52977 6.52063 6.51186 6.5035 6.49556 6.48807 6.48104 6.4745 6.46845 6.46291 6.45789 6.4534 6.44944 6.44602 6.44315 6.44082 6.43905 6.43783 6.43718 
6.43264 6.43312 6.43418 6.43582 6.43804 6.44084 6.44422 6.44818 6.45269 6.45777 6.4634 6.46957 6.47627 6.48349 6.4912 6.4994 6.50805 6.51715 6.52665 6.53653 6.54677 6.55732 6.56814 6.57921 6.59047 6.60189 6.61342 6.625 6.6366 6.64815 6.65962 6.67094 6.68206 6.69293 6.70351 6.71373 6.72355 6.73292 6.74179 6.75012 6.75786 6.76498 6.77144 6.77721 6.78225 6.78654 6.79006 6.79279 6.79471 6.79582 6.79611 6.79558 6.79423 6.79207 6.78911 6.78537 6.78086 6.77562 6.76967 6.76304 6.75576 6.74789 6.73944 6.73048 6.72104 6.71118 6.70093 6.69037 6.67953 6.66846 6.65723 6.64588 6.63446 6.62303 6.61164 6.60033 6.58915 6.57814 6.56735 6.55682 6.54658 6.53667 6.52713 6.51798 6.50924 6.50095 6.49313 6.48578 6.47895 6.47262 6.46683 6.46158 6.45688 6.45274 6.44916 6.44615 6.44372 6.44186 6.44059 6.43989 
6.43535 6.43584 6.43694 6.43865 6.44097 6.44389 6.44741 6.45153 6.45624 6.46153 6.4674 6.47383 6.48081 6.48833 6.49637 6.50491 6.51392 6.52339 6.53328 6.54357 6.55422 6.5652 6.57646 6.58797 6.59968 6.61155 6.62353 6.63557 6.64761 6.65962 6.67152 6.68327 6.69482 6.70611 6.71708 6.72768 6.73787 6.74759 6.75678 6.76542 6.77345 6.78083 6.78752 6.7935 6.79872 6.80316 6.80681 6.80963 6.81163 6.81277 6.81307 6.81252 6.81112 6.80887 6.80581 6.80193 6.79725 6.79182 6.78565 6.77877 6.77122 6.76305 6.75429 6.74499 6.73519 6.72495 6.71432 6.70335 6.69209 6.6806 6.66893 6.65714 6.64527 6.63339 6.62154 6.60978 6.59815 6.5867 6.57547 6.56451 6.55385 6.54354 6.53359 6.52406 6.51496 6.50632 6.49816 6.49051 6.48338 6.47678 6.47074 6.46526 6.46035 6.45603 6.45229 6.44915 6.44661 6.44467 6.44334 6.44261 
6.43803 6.43854 6.43969 6.44147 6.44387 6.44691 6.45058 6.45486 6.45976 6.46527 6.47137 6.47806 6.48532 6.49314 6.50149 6.51037 6.51974 6.52957 6.53985 6.55054 6.5616 6.57299 6.58468 6.59663 6.60878 6.6211 6.63352 6.64601 6.6585 6.67094 6.68327 6.69545 6.70741 6.7191 6.73047 6.74145 6.75199 6.76205 6.77157 6.7805 6.78881 6.79644 6.80337 6.80955 6.81495 6.81954 6.82331 6.82623 6.82829 6.82947 6.82978 6.82921 6.82775 6.82543 6.82226 6.81824 6.81341 6.80778 6.80139 6.79427 6.78646 6.778 6.76893 6.7593 6.74915 6.73855 6.72753 6.71616 6.70449 6.69258 6.68048 6.66825 6.65595 6.64362 6.63133 6.61912 6.60705 6.59516 6.5835 6.57212 6.56105 6.55033 6.53999 6.53008 6.52062 6.51163 6.50315 6.49519 6.48777 6.4809 6.47461 6.46891 6.4638 6.4593 6.4554 6.45213 6.44948 6.44746 6.44607 6.44531 
6.44069 6.44122 6.4424 6.44425 6.44675 6.4499 6.45371 6.45815 6.46324 6.46895 6.47529 6.48223 6.48976 6.49788 6.50654 6.51575 6.52547 6.53567 6.54632 6.5574 6.56886 6.58067 6.59278 6.60515 6.61774 6.63049 6.64335 6.65627 6.66919 6.68206 6.69482 6.70741 6.71978 6.73187 6.74361 6.75496 6.76585 6.77624 6.78607 6.7953 6.80388 6.81176 6.81891 6.82529 6.83086 6.83561 6.83949 6.84251 6.84463 6.84585 6.84616 6.84557 6.84407 6.84167 6.83839 6.83424 6.82925 6.82344 6.81684 6.80948 6.80141 6.79267 6.7833 6.77334 6.76285 6.75189 6.7405 6.72874 6.71668 6.70435 6.69183 6.67918 6.66644 6.65368 6.64095 6.62831 6.61581 6.60349 6.59141 6.57961 6.56813 6.55701 6.5463 6.53601 6.5262 6.51687 6.50807 6.4998 6.4921 6.48497 6.47844 6.47251 6.4672 6.46252 6.45848 6.45507 6.45232 6.45021 6.44877 6.44797 
6.44331 6.44385 6.44508 6.44698 6.44957 6.45284 6.45678 6.46139 6.46666 6.47258 6.47914 6.48633 6.49413 6.50253 6.5115 6.52103 6.53108 6.54164 6.55266 6.56412 6.57597 6.58818 6.6007 6.61349 6.6265 6.63967 6.65296 6.6663 6.67965 6.69293 6.70611 6.7191 6.73187 6.74433 6.75645 6.76815 6.77938 6.7901 6.80023 6.80975 6.81859 6.82671 6.83408 6.84065 6.84639 6.85128 6.85528 6.85838 6.86057 6.86182 6.86215 6.86153 6.85998 6.85751 6.85413 6.84985 6.84471 6.83871 6.83191 6.82433 6.81601 6.80699 6.79732 6.78705 6.77624 6.76492 6.75317 6.74104 6.72858 6.71586 6.70293 6.68986 6.6767 6.66352 6.65037 6.6373 6.62437 6.61164 6.59914 6.58694 6.57506 6.56356 6.55247 6.54183 6.53167 6.52201 6.51289 6.50433 6.49635 6.48896 6.48219 6.47605 6.47055 6.46569 6.4615 6.45797 6.45511 6.45293 6.45142 6.4506 
6.44586 6.44642 6.44769 6.44966 6.45234 6.45572 6.45979 6.46455 6.47 6.47612 6.4829 6.49033 6.49839 6.50706 6.51634 6.52618 6.53656 6.54746 6.55884 6.57067 6.5829 6.5955 6.60842 6.62161 6.63503 6.64861 6.66231 6.67606 6.68982 6.70351 6.71708 6.73047 6.74361 6.75645 6.76892 6.78097 6.79253 6.80355 6.81398 6.82377 6.83286 6.84122 6.8488 6.85555 6.86146 6.86648 6.8706 6.87379 6.87603 6.87732 6.87765 6.87702 6.87543 6.87288 6.8694 6.865 6.85971 6.85354 6.84654 6.83874 6.83017 6.82089 6.81094 6.80037 6.78923 6.77758 6.76548 6.75298 6.74015 6.72704 6.71372 6.70025 6.68668 6.67309 6.65953 6.64605 6.63271 6.61957 6.60668 6.59408 6.58182 6.56994 6.55849 6.5475 6.537 6.52702 6.51759 6.50874 6.50049 6.49286 6.48586 6.4795 6.47381 6.46879 6.46445 6.4608 6.45784 6.45558 6.45402 6.45316 
6.44835 6.44893 6.45023 6.45227 6.45503 6.45851 6.46271 6.46762 6.47324 6.47955 6.48655 6.49421 6.50252 6.51147 6.52103 6.53117 6.54187 6.55311 6.56483 6.57702 6.58962 6.60259 6.61589 6.62947 6.64328 6.65726 6.67135 6.6855 6.69965 6.71373 6.72768 6.74145 6.75496 6.76815 6.78097 6.79334 6.80522 6.81655 6.82726 6.83731 6.84665 6.85522 6.863 6.86994 6.876 6.88115 6.88538 6.88865 6.89095 6.89228 6.89261 6.89196 6.89033 6.88771 6.88414 6.87962 6.87418 6.86785 6.86066 6.85265 6.84385 6.83432 6.82409 6.81323 6.80179 6.78981 6.77737 6.76452 6.75133 6.73785 6.72415 6.71029 6.69633 6.68235 6.66839 6.65451 6.64078 6.62725 6.61397 6.60099 6.58836 6.57613 6.56432 6.55299 6.54216 6.53188 6.52216 6.51303 6.50452 6.49664 6.48941 6.48286 6.47698 6.4718 6.46732 6.46355 6.46049 6.45815 6.45654 6.45566 
6.45075 6.45134 6.45269 6.45478 6.45762 6.46121 6.46553 6.47059 6.47637 6.48287 6.49007 6.49795 6.50651 6.51571 6.52555 6.53598 6.54699 6.55854 6.5706 6.58313 6.59608 6.60941 6.62308 6.63703 6.65122 6.66557 6.68005 6.69457 6.7091 6.72355 6.73787 6.75199 6.76585 6.77938 6.79253 6.80522 6.8174 6.82901 6.83999 6.85029 6.85986 6.86866 6.87662 6.88373 6.88994 6.89522 6.89955 6.9029 6.90526 6.90661 6.90696 6.90629 6.90461 6.90193 6.89827 6.89364 6.88806 6.88157 6.8742 6.86599 6.85697 6.84719 6.83671 6.82557 6.81383 6.80155 6.78879 6.7756 6.76206 6.74823 6.73416 6.71993 6.70561 6.69124 6.6769 6.66265 6.64854 6.63464 6.62099 6.60765 6.59466 6.58208 6.56994 6.55828 6.54714 6.53656 6.52655 6.51716 6.5084 6.50029 6.49285 6.48609 6.48004 6.4747 6.47009 6.4662 6.46305 6.46064 6.45898 6.45807 
6.45306 6.45367 6.45504 6.45719 6.46011 6.4638 6.46824 6.47344 6.47938 6.48605 6.49344 6.50154 6.51033 6.51978 6.52987 6.54059 6.55189 6.56374 6.57611 6.58897 6.60225 6.61593 6.62995 6.64426 6.6588 6.67351 6.68835 6.70323 6.71811 6.73292 6.74759 6.76205 6.77624 6.7901 6.80355 6.81655 6.82901 6.84089 6.85213 6.86267 6.87246 6.88145 6.8896 6.89687 6.90322 6.90862 6.91305 6.91647 6.91888 6.92027 6.92062 6.91993 6.91822 6.91548 6.91173 6.90699 6.90129 6.89465 6.88711 6.8787 6.86947 6.85947 6.84874 6.83733 6.82532 6.81274 6.79967 6.78617 6.7723 6.75813 6.74372 6.72914 6.71445 6.69973 6.68503 6.67042 6.65595 6.64169 6.62769 6.614 6.60068 6.58776 6.5753 6.56334 6.5519 6.54103 6.53076 6.52111 6.51211 6.50378 6.49613 6.4892 6.48298 6.47749 6.47274 6.46875 6.46551 6.46303 6.46132 6.46038 
6.45526 6.45588 6.45729 6.45949 6.46249 6.46626 6.47082 6.47614 6.48223 6.48907 6.49665 6.50495 6.51395 6.52364 6.53398 6.54496 6.55653 6.56868 6.58135 6.59451 6.60811 6.62211 6.63646 6.6511 6.66598 6.68104 6.69621 6.71143 6.72665 6.74179 6.75678 6.77157 6.78607 6.80023 6.81398 6.82726 6.83999 6.85213 6.86361 6.87437 6.88437 6.89355 6.90187 6.90929 6.91577 6.92129 6.9258 6.9293 6.93176 6.93317 6.93353 6.93283 6.93108 6.92828 6.92445 6.91961 6.91379 6.90701 6.8993 6.89072 6.88129 6.87107 6.86011 6.84846 6.83618 6.82333 6.80997 6.79617 6.78199 6.7675 6.75276 6.73785 6.72283 6.70777 6.69273 6.67778 6.66297 6.64838 6.63404 6.62003 6.60639 6.59316 6.5804 6.56814 6.55642 6.54529 6.53476 6.52487 6.51564 6.5071 6.49926 6.49214 6.48577 6.48014 6.47527 6.47117 6.46785 6.46531 6.46355 6.46259 
6.45733 6.45796 6.45941 6.46166 6.46472 6.46859 6.47325 6.4787 6.48493 6.49192 6.49968 6.50817 6.51737 6.52728 6.53786 6.54908 6.56091 6.57332 6.58627 6.59972 6.61362 6.62792 6.64258 6.65753 6.67273 6.6881 6.70359 6.71914 6.73467 6.75012 6.76542 6.7805 6.7953 6.80975 6.82377 6.83731 6.85029 6.86267 6.87437 6.88534 6.89553 6.90489 6.91337 6.92094 6.92754 6.93316 6.93776 6.94133 6.94383 6.94527 6.94563 6.94492 6.94313 6.94028 6.93638 6.93144 6.92551 6.91859 6.91074 6.90199 6.89238 6.88196 6.87078 6.8589 6.84637 6.83326 6.81963 6.80555 6.79108 6.7763 6.76126 6.74604 6.7307 6.71533 6.69997 6.6847 6.66957 6.65466 6.64002 6.6257 6.61175 6.59823 6.58519 6.57266 6.56068 6.54929 6.53852 6.5284 6.51896 6.51022 6.5022 6.49492 6.4884 6.48264 6.47765 6.47346 6.47006 6.46745 6.46566 6.46467 
6.45927 6.45992 6.46139 6.46369 6.46682 6.47076 6.47552 6.48108 6.48744 6.49459 6.5025 6.51117 6.52056 6.53067 6.54147 6.55291 6.56499 6.57765 6.59086 6.60457 6.61875 6.63334 6.64828 6.66352 6.67901 6.69468 6.71046 6.7263 6.74212 6.75786 6.77345 6.78881 6.80388 6.81859 6.83286 6.84665 6.85986 6.87246 6.88437 6.89553 6.9059 6.91542 6.92405 6.93175 6.93847 6.94418 6.94887 6.95249 6.95504 6.9565 6.95687 6.95614 6.95432 6.95142 6.94745 6.94243 6.93639 6.92935 6.92136 6.91245 6.90267 6.89206 6.88069 6.86859 6.85584 6.84249 6.82861 6.81427 6.79954 6.78447 6.76915 6.75365 6.73802 6.72235 6.7067 6.69113 6.67571 6.66051 6.64558 6.63097 6.61675 6.60296 6.58965 6.57686 6.56464 6.55302 6.54203 6.5317 6.52206 6.51314 6.50495 6.49752 6.49085 6.48497 6.47988 6.47559 6.47212 6.46946 6.46763 6.46661 
6.46107 6.46172 6.46322 6.46557 6.46875 6.47277 6.47762 6.48329 6.48977 6.49705 6.50511 6.51393 6.52351 6.5338 6.54479 6.55645 6.56875 6.58164 6.59508 6.60905 6.62347 6.63832 6.65352 6.66903 6.68479 6.70073 6.71678 6.73289 6.74898 6.76498 6.78083 6.79644 6.81176 6.82671 6.84122 6.85522 6.86866 6.88145 6.89355 6.90489 6.91542 6.9251 6.93386 6.94168 6.9485 6.9543 6.95906 6.96274 6.96533 6.96681 6.96718 6.96644 6.9646 6.96165 6.95761 6.95252 6.94638 6.93923 6.93112 6.92206 6.91213 6.90135 6.88979 6.8775 6.86454 6.85097 6.83687 6.82229 6.80731 6.79199 6.77641 6.76064 6.74475 6.72881 6.71289 6.69705 6.68136 6.66589 6.65069 6.63583 6.62135 6.60731 6.59376 6.58074 6.56829 6.55646 6.54526 6.53474 6.52493 6.51584 6.50749 6.49992 6.49312 6.48713 6.48194 6.47757 6.47403 6.47132 6.46945 6.46841 
6.4627 6.46337 6.4649 6.46728 6.47052 6.47461 6.47954 6.4853 6.49189 6.49929 6.50748 6.51646 6.52619 6.53665 6.54782 6.55967 6.57216 6.58526 6.59893 6.61311 6.62777 6.64284 6.65829 6.67404 6.69004 6.70622 6.72252 6.73887 6.7552 6.77144 6.78752 6.80337 6.81891 6.83408 6.8488 6.863 6.87662 6.8896 6.90187 6.91337 6.92405 6.93386 6.94275 6.95067 6.95759 6.96347 6.96829 6.97202 6.97465 6.97615 6.97653 6.97578 6.9739 6.97091 6.96682 6.96166 6.95543 6.94819 6.93995 6.93077 6.92069 6.90976 6.89804 6.88557 6.87242 6.85866 6.84435 6.82955 6.81435 6.79881 6.783 6.76699 6.75086 6.73467 6.71851 6.70242 6.68649 6.67078 6.65534 6.64024 6.62553 6.61127 6.5975 6.58427 6.57162 6.55958 6.54821 6.53751 6.52753 6.51829 6.5098 6.5021 6.49519 6.48909 6.48382 6.47937 6.47577 6.47301 6.47111 6.47006 
6.46418 6.46485 6.4664 6.46882 6.47211 6.47625 6.48126 6.4871 6.49379 6.5013 6.50961 6.51872 6.52859 6.5392 6.55054 6.56255 6.57522 6.58851 6.60236 6.61674 6.6316 6.64689 6.66254 6.67851 6.69472 6.71112 6.72764 6.74421 6.76075 6.77721 6.7935 6.80955 6.82529 6.84065 6.85555 6.86994 6.88373 6.89687 6.90929 6.92094 6.93175 6.94168 6.95067 6.95869 6.96569 6.97165 6.97652 6.9803 6.98295 6.98448 6.98486 6.9841 6.9822 6.97917 6.97503 6.9698 6.9635 6.95617 6.94783 6.93854 6.92833 6.91727 6.90539 6.89277 6.87945 6.86552 6.85102 6.83604 6.82064 6.80489 6.78887 6.77265 6.75631 6.73991 6.72352 6.70722 6.69108 6.67515 6.6595 6.64419 6.62927 6.61481 6.60084 6.58742 6.57459 6.56238 6.55084 6.53999 6.52986 6.52048 6.51188 6.50406 6.49705 6.49086 6.4855 6.48099 6.47733 6.47453 6.4726 6.47153 
6.46547 6.46616 6.46773 6.47018 6.4735 6.4777 6.48277 6.48869 6.49546 6.50306 6.51148 6.5207 6.5307 6.54144 6.55292 6.56508 6.57791 6.59135 6.60537 6.61993 6.63496 6.65043 6.66627 6.68242 6.69883 6.71541 6.73212 6.74888 6.76561 6.78225 6.79872 6.81495 6.83086 6.84639 6.86146 6.876 6.88994 6.90322 6.91577 6.92754 6.93847 6.9485 6.95759 6.96569 6.97277 6.97878 6.98371 6.98753 6.99021 6.99175 6.99213 6.99136 6.98945 6.98639 6.9822 6.97692 6.97055 6.96314 6.95471 6.94532 6.93501 6.92382 6.91182 6.89906 6.8856 6.87151 6.85685 6.8417 6.82613 6.81021 6.79401 6.77761 6.76108 6.74449 6.72791 6.71142 6.69509 6.67897 6.66313 6.64764 6.63255 6.61791 6.60377 6.59019 6.5772 6.56484 6.55315 6.54217 6.53191 6.52241 6.5137 6.50578 6.49868 6.49241 6.48698 6.48241 6.47871 6.47587 6.47391 6.47283 
6.46659 6.46728 6.46886 6.47134 6.4747 6.47895 6.48407 6.49005 6.49689 6.50458 6.51308 6.5224 6.5325 6.54336 6.55495 6.56724 6.5802 6.59378 6.60794 6.62264 6.63783 6.65345 6.66945 6.68576 6.70232 6.71907 6.73594 6.75285 6.76974 6.78654 6.80316 6.81954 6.83561 6.85128 6.86648 6.88115 6.89522 6.90862 6.92129 6.93316 6.94418 6.9543 6.96347 6.97165 6.97878 6.98485 6.98982 6.99367 6.99638 6.99793 6.99832 6.99754 6.9956 6.99252 6.9883 6.98296 6.97654 6.96906 6.96056 6.95109 6.94068 6.9294 6.91728 6.90441 6.89082 6.8766 6.86181 6.84652 6.83081 6.81474 6.79838 6.78182 6.76513 6.74838 6.73165 6.715 6.6985 6.68222 6.66623 6.65058 6.63534 6.62055 6.60627 6.59255 6.57942 6.56694 6.55513 6.54403 6.53366 6.52407 6.51526 6.50725 6.50008 6.49374 6.48826 6.48364 6.47989 6.47702 6.47504 6.47395 
6.46751 6.46821 6.46981 6.4723 6.4757 6.47998 6.48514 6.49118 6.49808 6.50583 6.51441 6.5238 6.53399 6.54494 6.55663 6.56902 6.58208 6.59578 6.61006 6.62488 6.64019 6.65593 6.67206 6.6885 6.70519 6.72207 6.73907 6.75611 6.77314 6.79006 6.80681 6.82331 6.83949 6.85528 6.8706 6.88538 6.89955 6.91305 6.9258 6.93776 6.94887 6.95906 6.96829 6.97652 6.98371 6.98982 6.99483 6.9987 7.00143 7.00299 7.00338 7.0026 7.00065 6.99754 6.99329 6.98792 6.98145 6.97392 6.96536 6.95581 6.94533 6.93396 6.92176 6.90879 6.8951 6.88078 6.86588 6.85047 6.83464 6.81844 6.80197 6.78528 6.76846 6.75158 6.73472 6.71793 6.7013 6.6849 6.66878 6.653 6.63763 6.62272 6.60833 6.59449 6.58125 6.56866 6.55675 6.54556 6.53511 6.52543 6.51654 6.50847 6.50123 6.49484 6.48931 6.48465 6.48087 6.47798 6.47598 6.47488 
6.46824 6.46894 6.47055 6.47306 6.47648 6.48079 6.48599 6.49206 6.49901 6.50681 6.51544 6.5249 6.53515 6.54617 6.55794 6.57041 6.58355 6.59733 6.6117 6.62662 6.64202 6.65786 6.67408 6.69062 6.70742 6.7244 6.7415 6.75864 6.77577 6.79279 6.80963 6.82623 6.84251 6.85838 6.87379 6.88865 6.9029 6.91647 6.9293 6.94133 6.95249 6.96274 6.97202 6.9803 6.98753 6.99367 6.9987 7.0026 7.00534 7.00691 7.0073 7.00651 7.00455 7.00143 6.99715 6.99175 6.98525 6.97767 6.96906 6.95947 6.94893 6.93749 6.92522 6.91218 6.89842 6.88401 6.86903 6.85353 6.83761 6.82132 6.80474 6.78796 6.77104 6.75406 6.73709 6.72021 6.70348 6.68697 6.67075 6.65488 6.63942 6.62441 6.60993 6.596 6.58268 6.57001 6.55803 6.54676 6.53624 6.5265 6.51755 6.50943 6.50214 6.49571 6.49014 6.48545 6.48164 6.47873 6.47672 6.47561 
6.46877 6.46947 6.47109 6.47362 6.47705 6.48138 6.4866 6.4927 6.49968 6.50751 6.51619 6.52569 6.53598 6.54705 6.55887 6.5714 6.5846 6.59844 6.61287 6.62785 6.64332 6.65923 6.67552 6.69213 6.70899 6.72604 6.74321 6.76043 6.77762 6.79471 6.81163 6.82829 6.84463 6.86057 6.87603 6.89095 6.90526 6.91888 6.93176 6.94383 6.95504 6.96533 6.97465 6.98295 6.99021 6.99638 7.00143 7.00534 7.00808 7.00966 7.01005 7.00926 7.0073 7.00416 6.99987 6.99445 6.98792 6.98031 6.97167 6.96204 6.95146 6.93998 6.92766 6.91456 6.90075 6.88629 6.87124 6.85569 6.8397 6.82334 6.8067 6.78985 6.77286 6.75581 6.73877 6.72182 6.70502 6.68844 6.67215 6.65621 6.64068 6.62561 6.61106 6.59708 6.5837 6.57097 6.55893 6.54761 6.53705 6.52726 6.51828 6.51011 6.50279 6.49633 6.49074 6.48602 6.4822 6.47928 6.47725 6.47614 
6.4691 6.4698 6.47142 6.47396 6.47739 6.48173 6.48697 6.49309 6.50009 6.50794 6.51664 6.52616 6.53648 6.54758 6.55943 6.57198 6.58522 6.59909 6.61356 6.62857 6.64408 6.66003 6.67635 6.693 6.7099 6.727 6.74421 6.76146 6.77869 6.79582 6.81277 6.82947 6.84585 6.86182 6.87732 6.89228 6.90661 6.92027 6.93317 6.94527 6.9565 6.96681 6.97615 6.98448 6.99175 6.99793 7.00299 7.00691 7.00966 7.01124 7.01163 7.01084 7.00887 7.00573 7.00143 6.99599 6.98945 6.98183 6.97317 6.96351 6.95291 6.9414 6.92906 6.91593 6.90209 6.88759 6.87251 6.85692 6.8409 6.82451 6.80783 6.79094 6.77391 6.75682 6.73974 6.72275 6.70591 6.68929 6.67296 6.65699 6.64142 6.62631 6.61173 6.59771 6.5843 6.57154 6.55947 6.54812 6.53753 6.52772 6.51871 6.51053 6.50319 6.49671 6.4911 6.48638 6.48254 6.47961 6.47758 6.47647 
