4.2629 4.2631 4.26333 4.2636 4.26392 4.26427 4.26467 4.26511 4.2656 4.26613 4.26672 4.26735 4.26804 4.26879 4.26959 4.27046 4.27139 4.27239 4.27346 4.27459 4.27579 4.27707 4.2784 4.27981 4.28127 4.2828 4.28438 4.28601 4.28768 4.28939 4.29112 4.29287 4.29463 4.29639 4.29813 4.29985 4.30153 4.30317 4.30474 4.30625 4.30767 4.30899 4.31021 4.31132 4.3123 4.31314 4.31385 4.31442 4.31483 4.31509 4.3152 4.31515 4.31494 4.31458 4.31407 4.31342 4.31262 4.3117 4.31064 4.30948 4.30821 4.30684 4.3054 4.30388 4.3023 4.30067 4.29901 4.29732 4.29563 4.29393 4.29224 4.29057 4.28893 4.28734 4.28578 4.28429 4.28285 4.28148 4.28018 4.27895 4.27781 4.27674 4.27575 4.27484 4.27401 4.27326 4.27259 4.27199 4.27147 4.27102 4.27064 4.27032 4.27007 4.26988 4.26974 4.26966 4.26963 4.26964 4.2697 4.26981 
4.2631 4.26329 4.26352 4.2638 4.26411 4.26447 4.26487 4.26531 4.2658 4.26634 4.26692 4.26756 4.26826 4.26901 4.26982 4.27069 4.27163 4.27264 4.27372 4.27486 4.27607 4.27736 4.27871 4.28013 4.28161 4.28315 4.28475 4.28639 4.28808 4.28981 4.29156 4.29333 4.29511 4.29689 4.29865 4.30039 4.30209 4.30375 4.30534 4.30686 4.3083 4.30964 4.31087 4.31199 4.31298 4.31384 4.31455 4.31512 4.31554 4.3158 4.31591 4.31586 4.31565 4.31529 4.31477 4.31411 4.3133 4.31237 4.3113 4.31012 4.30884 4.30746 4.30599 4.30446 4.30286 4.30121 4.29953 4.29783 4.29611 4.29439 4.29268 4.291 4.28934 4.28772 4.28616 4.28464 4.28319 4.2818 4.28049 4.27925 4.27809 4.27701 4.27601 4.27509 4.27425 4.2735 4.27282 4.27222 4.27169 4.27123 4.27085 4.27053 4.27027 4.27008 4.26994 4.26985 4.26982 4.26984 4.2699 4.27 
4.26333 4.26352 4.26376 4.26403 4.26435 4.26471 4.26512 4.26557 4.26607 4.26662 4.26722 4.26788 4.26859 4.26936 4.27019 4.27109 4.27206 4.2731 4.2742 4.27538 4.27663 4.27795 4.27934 4.28081 4.28233 4.28392 4.28557 4.28726 4.289 4.29078 4.29259 4.29441 4.29625 4.29808 4.2999 4.30169 4.30344 4.30514 4.30678 4.30835 4.30983 4.31121 4.31247 4.31362 4.31464 4.31553 4.31626 4.31685 4.31728 4.31755 4.31766 4.3176 4.31738 4.31701 4.31648 4.31579 4.31496 4.314 4.3129 4.31169 4.31036 4.30894 4.30743 4.30584 4.3042 4.3025 4.30077 4.29901 4.29724 4.29547 4.29371 4.29197 4.29026 4.2886 4.28698 4.28542 4.28392 4.28249 4.28113 4.27985 4.27865 4.27754 4.2765 4.27555 4.27469 4.2739 4.2732 4.27258 4.27203 4.27156 4.27116 4.27082 4.27055 4.27035 4.2702 4.27011 4.27007 4.27008 4.27013 4.27024 
4.2636 4.2638 4.26403 4.26432 4.26464 4.26501 4.26543 4.2659 4.26642 4.26699 4.26761 4.2683 4.26904 4.26985 4.27072 4.27166 4.27267 4.27376 4.27492 4.27615 4.27746 4.27885 4.28031 4.28185 4.28345 4.28511 4.28684 4.28862 4.29045 4.29231 4.29421 4.29612 4.29804 4.29996 4.30187 4.30374 4.30558 4.30736 4.30908 4.31072 4.31226 4.3137 4.31503 4.31623 4.3173 4.31822 4.31899 4.3196 4.32005 4.32033 4.32044 4.32038 4.32015 4.31975 4.3192 4.31848 4.31761 4.3166 4.31545 4.31417 4.31278 4.31129 4.30971 4.30805 4.30632 4.30454 4.30273 4.30088 4.29903 4.29717 4.29532 4.29349 4.2917 4.28995 4.28825 4.28661 4.28503 4.28353 4.2821 4.28076 4.27949 4.27832 4.27723 4.27622 4.27531 4.27448 4.27373 4.27307 4.27249 4.27199 4.27156 4.2712 4.27091 4.27068 4.27052 4.27041 4.27036 4.27036 4.27041 4.27051 
4.26392 4.26411 4.26435 4.26464 4.26498 4.26537 4.26581 4.26629 4.26684 4.26744 4.2681 4.26882 4.26961 4.27047 4.27139 4.27239 4.27347 4.27463 4.27586 4.27718 4.27858 4.28006 4.28162 4.28325 4.28496 4.28674 4.28858 4.29047 4.29242 4.29441 4.29642 4.29846 4.3005 4.30255 4.30457 4.30657 4.30852 4.31041 4.31223 4.31397 4.31561 4.31714 4.31855 4.31982 4.32095 4.32193 4.32274 4.32339 4.32386 4.32415 4.32427 4.3242 4.32395 4.32353 4.32294 4.32217 4.32125 4.32017 4.31895 4.31759 4.31612 4.31453 4.31285 4.31108 4.30924 4.30735 4.30541 4.30345 4.30147 4.29949 4.29752 4.29558 4.29367 4.2918 4.28998 4.28823 4.28655 4.28494 4.28341 4.28197 4.28062 4.27936 4.27819 4.27711 4.27612 4.27523 4.27443 4.27371 4.27308 4.27253 4.27206 4.27166 4.27134 4.27109 4.2709 4.27077 4.27071 4.27069 4.27074 4.27083 
4.26427 4.26447 4.26471 4.26501 4.26537 4.26577 4.26624 4.26676 4.26733 4.26798 4.26868 4.26946 4.2703 4.27122 4.27222 4.2733 4.27447 4.27571 4.27705 4.27847 4.27998 4.28158 4.28327 4.28503 4.28688 4.2888 4.29078 4.29283 4.29493 4.29707 4.29925 4.30144 4.30364 4.30584 4.30802 4.31017 4.31227 4.3143 4.31626 4.31813 4.31989 4.32153 4.32304 4.3244 4.32561 4.32666 4.32753 4.32822 4.32872 4.32903 4.32915 4.32908 4.32881 4.32835 4.32771 4.32689 4.32589 4.32473 4.32341 4.32195 4.32036 4.31866 4.31684 4.31494 4.31296 4.31092 4.30884 4.30672 4.30459 4.30245 4.30033 4.29823 4.29616 4.29414 4.29218 4.29029 4.28846 4.28672 4.28507 4.2835 4.28203 4.28066 4.27938 4.27821 4.27713 4.27616 4.27527 4.27449 4.27379 4.27318 4.27266 4.27222 4.27185 4.27156 4.27134 4.27119 4.2711 4.27107 4.2711 4.27119 
4.26467 4.26487 4.26512 4.26543 4.26581 4.26624 4.26673 4.26729 4.26791 4.2686 4.26936 4.2702 4.27112 4.27213 4.27321 4.27439 4.27566 4.27702 4.27848 4.28003 4.28168 4.28343 4.28527 4.28719 4.28921 4.2913 4.29347 4.2957 4.29799 4.30032 4.30269 4.30508 4.30747 4.30986 4.31223 4.31456 4.31684 4.31905 4.32117 4.32319 4.3251 4.32688 4.32851 4.32999 4.33129 4.33242 4.33336 4.3341 4.33465 4.33498 4.33511 4.33502 4.33473 4.33423 4.33353 4.33263 4.33155 4.33029 4.32886 4.32727 4.32554 4.32369 4.32172 4.31965 4.3175 4.31528 4.31301 4.31071 4.30839 4.30606 4.30375 4.30146 4.2992 4.297 4.29486 4.29278 4.29079 4.28888 4.28707 4.28535 4.28374 4.28223 4.28083 4.27953 4.27834 4.27726 4.27628 4.27541 4.27463 4.27395 4.27336 4.27286 4.27245 4.27211 4.27185 4.27167 4.27155 4.2715 4.27152 4.27159 
4.26511 4.26531 4.26557 4.2659 4.26629 4.26676 4.26729 4.26789 4.26856 4.26932 4.27015 4.27107 4.27207 4.27317 4.27437 4.27566 4.27705 4.27855 4.28016 4.28187 4.28368 4.2856 4.28763 4.28975 4.29196 4.29426 4.29665 4.2991 4.30161 4.30417 4.30676 4.30938 4.31201 4.31462 4.31721 4.31976 4.32225 4.32466 4.32698 4.32919 4.33127 4.3332 4.33498 4.33659 4.33801 4.33924 4.34026 4.34106 4.34165 4.34201 4.34214 4.34204 4.34172 4.34117 4.3404 4.33942 4.33823 4.33685 4.33529 4.33356 4.33167 4.32964 4.32748 4.32522 4.32286 4.32043 4.31795 4.31542 4.31288 4.31033 4.30779 4.30527 4.30279 4.30037 4.29801 4.29573 4.29354 4.29143 4.28943 4.28753 4.28575 4.28408 4.28252 4.28108 4.27976 4.27855 4.27746 4.27648 4.27561 4.27484 4.27417 4.2736 4.27312 4.27273 4.27243 4.2722 4.27205 4.27198 4.27198 4.27204 
4.2656 4.2658 4.26607 4.26642 4.26684 4.26733 4.26791 4.26856 4.2693 4.27012 4.27104 4.27205 4.27316 4.27437 4.27569 4.27712 4.27866 4.28032 4.2821 4.28399 4.286 4.28812 4.29036 4.29271 4.29515 4.2977 4.30032 4.30303 4.3058 4.30862 4.31148 4.31436 4.31725 4.32013 4.32297 4.32577 4.32851 4.33115 4.3337 4.33612 4.33839 4.34052 4.34246 4.34422 4.34577 4.34711 4.34823 4.3491 4.34974 4.35013 4.35027 4.35016 4.3498 4.34919 4.34835 4.34727 4.34596 4.34444 4.34273 4.34082 4.33874 4.33651 4.33414 4.33165 4.32906 4.32639 4.32366 4.32088 4.31807 4.31526 4.31246 4.30968 4.30695 4.30427 4.30167 4.29914 4.29671 4.29438 4.29216 4.29005 4.28807 4.28621 4.28447 4.28287 4.28139 4.28003 4.27881 4.2777 4.27672 4.27585 4.27509 4.27443 4.27388 4.27343 4.27307 4.2728 4.27261 4.27251 4.27248 4.27254 
4.26613 4.26634 4.26662 4.26699 4.26744 4.26798 4.2686 4.26932 4.27012 4.27103 4.27204 4.27316 4.27438 4.27573 4.27719 4.27878 4.28049 4.28233 4.2843 4.2864 4.28863 4.29099 4.29347 4.29608 4.29879 4.30161 4.30452 4.30751 4.31058 4.3137 4.31686 4.32004 4.32323 4.3264 4.32954 4.33262 4.33563 4.33854 4.34134 4.344 4.3465 4.34883 4.35096 4.35289 4.35459 4.35606 4.35728 4.35824 4.35893 4.35935 4.3595 4.35937 4.35897 4.3583 4.35737 4.35618 4.35474 4.35307 4.35117 4.34908 4.34679 4.34433 4.34172 4.33897 4.33612 4.33317 4.33015 4.32709 4.32399 4.32088 4.31778 4.31471 4.31168 4.30872 4.30583 4.30303 4.30033 4.29774 4.29526 4.29292 4.2907 4.28863 4.28669 4.28489 4.28323 4.28171 4.28033 4.27908 4.27797 4.27698 4.27611 4.27537 4.27473 4.2742 4.27378 4.27346 4.27323 4.27309 4.27304 4.27308 
4.26672 4.26692 4.26722 4.26761 4.2681 4.26868 4.26936 4.27015 4.27104 4.27204 4.27316 4.27439 4.27576 4.27725 4.27887 4.28064 4.28254 4.28459 4.28678 4.28912 4.2916 4.29422 4.29698 4.29987 4.30288 4.30601 4.30924 4.31256 4.31595 4.31941 4.3229 4.32642 4.32994 4.33345 4.33691 4.34031 4.34363 4.34683 4.34991 4.35284 4.35559 4.35815 4.3605 4.36261 4.36448 4.36609 4.36742 4.36847 4.36923 4.36969 4.36984 4.3697 4.36925 4.36851 4.36748 4.36616 4.36458 4.36273 4.36065 4.35833 4.35581 4.3531 4.35022 4.34719 4.34404 4.34078 4.33745 4.33406 4.33063 4.32719 4.32376 4.32036 4.317 4.31372 4.31051 4.30739 4.30439 4.30151 4.29875 4.29614 4.29367 4.29135 4.28918 4.28716 4.2853 4.28359 4.28204 4.28063 4.27937 4.27824 4.27726 4.2764 4.27567 4.27506 4.27457 4.27418 4.2739 4.27373 4.27365 4.27367 
4.26735 4.26756 4.26788 4.2683 4.26882 4.26946 4.2702 4.27107 4.27205 4.27316 4.27439 4.27577 4.27728 4.27894 4.28075 4.28271 4.28483 4.28711 4.28955 4.29215 4.29491 4.29783 4.30089 4.3041 4.30745 4.31092 4.3145 4.31818 4.32194 4.32576 4.32963 4.33352 4.33741 4.34128 4.3451 4.34885 4.35251 4.35604 4.35943 4.36265 4.36568 4.36849 4.37107 4.37339 4.37544 4.3772 4.37866 4.37981 4.38063 4.38113 4.3813 4.38114 4.38064 4.37982 4.37868 4.37723 4.37548 4.37345 4.37115 4.3686 4.36581 4.36282 4.35965 4.35631 4.35283 4.34923 4.34555 4.3418 4.33801 4.33421 4.33041 4.32664 4.32292 4.31927 4.31571 4.31225 4.30891 4.30571 4.30264 4.29972 4.29697 4.29437 4.29195 4.28969 4.2876 4.28568 4.28393 4.28234 4.28092 4.27964 4.27852 4.27755 4.27671 4.276 4.27543 4.27498 4.27464 4.27442 4.27432 4.27432 
4.26804 4.26826 4.26859 4.26904 4.26961 4.2703 4.27112 4.27207 4.27316 4.27438 4.27576 4.27728 4.27896 4.2808 4.28282 4.285 4.28736 4.28989 4.29261 4.2955 4.29857 4.30181 4.30521 4.30878 4.31249 4.31634 4.32031 4.32438 4.32854 4.33277 4.33704 4.34134 4.34564 4.3499 4.35412 4.35825 4.36228 4.36617 4.36989 4.37343 4.37676 4.37985 4.38268 4.38522 4.38747 4.3894 4.391 4.39225 4.39316 4.3937 4.39388 4.39369 4.39314 4.39223 4.39098 4.38938 4.38745 4.38521 4.38268 4.37987 4.37681 4.37351 4.37001 4.36633 4.36249 4.35853 4.35446 4.35032 4.34614 4.34193 4.33773 4.33356 4.32945 4.3254 4.32145 4.31762 4.31391 4.31034 4.30693 4.30368 4.30061 4.29771 4.295 4.29248 4.29014 4.28799 4.28602 4.28423 4.28262 4.28118 4.27991 4.2788 4.27784 4.27704 4.27637 4.27584 4.27545 4.27518 4.27504 4.27502 
4.26879 4.26901 4.26936 4.26985 4.27047 4.27122 4.27213 4.27317 4.27437 4.27573 4.27725 4.27894 4.2808 4.28285 4.28509 4.28751 4.29013 4.29295 4.29597 4.29918 4.30259 4.30618 4.30996 4.31391 4.31802 4.32228 4.32667 4.33117 4.33577 4.34044 4.34516 4.3499 4.35463 4.35933 4.36397 4.36851 4.37294 4.37721 4.38131 4.38519 4.38884 4.39222 4.39532 4.39811 4.40057 4.40268 4.40443 4.4058 4.40678 4.40737 4.40756 4.40735 4.40674 4.40574 4.40436 4.4026 4.40048 4.39802 4.39524 4.39215 4.38878 4.38516 4.38131 4.37726 4.37304 4.36867 4.36419 4.35963 4.35502 4.35038 4.34574 4.34113 4.33658 4.33211 4.32774 4.32348 4.31937 4.31542 4.31163 4.30802 4.3046 4.30137 4.29835 4.29553 4.29292 4.29051 4.2883 4.2863 4.28449 4.28287 4.28143 4.28017 4.27908 4.27816 4.2774 4.27679 4.27632 4.276 4.27582 4.27578 
4.26959 4.26982 4.27019 4.27072 4.27139 4.27222 4.27321 4.27437 4.27569 4.27719 4.27887 4.28075 4.28282 4.28509 4.28757 4.29026 4.29317 4.29629 4.29963 4.30319 4.30697 4.31095 4.31513 4.31949 4.32404 4.32874 4.33359 4.33856 4.34363 4.34877 4.35397 4.35918 4.36439 4.36955 4.37465 4.37964 4.38449 4.38917 4.39366 4.39791 4.4019 4.40561 4.409 4.41204 4.41473 4.41703 4.41894 4.42043 4.4215 4.42214 4.42234 4.42211 4.42144 4.42034 4.41882 4.41689 4.41457 4.41187 4.40882 4.40543 4.40174 4.39777 4.39354 4.38909 4.38445 4.37966 4.37474 4.36972 4.36464 4.35953 4.35443 4.34935 4.34433 4.33939 4.33456 4.32987 4.32532 4.32094 4.31674 4.31274 4.30894 4.30536 4.302 4.29886 4.29595 4.29326 4.29079 4.28855 4.28652 4.2847 4.28308 4.28166 4.28043 4.27938 4.27851 4.2778 4.27727 4.27689 4.27667 4.27659 
4.27046 4.27069 4.27109 4.27166 4.27239 4.2733 4.27439 4.27566 4.27712 4.27878 4.28064 4.28271 4.285 4.28751 4.29026 4.29324 4.29646 4.29991 4.30361 4.30755 4.31172 4.31611 4.32072 4.32554 4.33055 4.33574 4.34108 4.34654 4.35212 4.35777 4.36348 4.3692 4.37491 4.38057 4.38615 4.39161 4.39692 4.40204 4.40694 4.41159 4.41595 4.41999 4.42368 4.427 4.42993 4.43244 4.43451 4.43613 4.43729 4.43798 4.4382 4.43794 4.4372 4.436 4.43434 4.43223 4.42969 4.42674 4.4234 4.4197 4.41566 4.41131 4.40669 4.40182 4.39674 4.39149 4.38609 4.38059 4.37502 4.36941 4.3638 4.35821 4.35269 4.34726 4.34194 4.33676 4.33174 4.32691 4.32227 4.31785 4.31364 4.30968 4.30595 4.30247 4.29923 4.29624 4.29349 4.29098 4.28871 4.28668 4.28486 4.28326 4.28188 4.28069 4.2797 4.2789 4.27829 4.27784 4.27758 4.27748 
4.27139 4.27163 4.27206 4.27267 4.27347 4.27447 4.27566 4.27705 4.27866 4.28049 4.28254 4.28483 4.28736 4.29013 4.29317 4.29646 4.30001 4.30382 4.3079 4.31224 4.31684 4.32168 4.32676 4.33206 4.33757 4.34326 4.34912 4.35512 4.36123 4.36743 4.37367 4.37994 4.38618 4.39236 4.39846 4.40442 4.41021 4.4158 4.42114 4.4262 4.43094 4.43534 4.43936 4.44297 4.44614 4.44887 4.45112 4.45288 4.45413 4.45488 4.4551 4.45481 4.45401 4.4527 4.45088 4.44858 4.44582 4.4426 4.43896 4.43493 4.43052 4.42578 4.42074 4.41542 4.40988 4.40414 4.39824 4.39222 4.38613 4.37999 4.37384 4.36772 4.36167 4.3557 4.34986 4.34417 4.33865 4.33333 4.32822 4.32334 4.31871 4.31432 4.3102 4.30635 4.30276 4.29944 4.29639 4.29361 4.29108 4.28881 4.28678 4.285 4.28344 4.28211 4.28099 4.28008 4.27938 4.27887 4.27855 4.27842 
4.27239 4.27264 4.2731 4.27376 4.27463 4.27571 4.27702 4.27855 4.28032 4.28233 4.28459 4.28711 4.28989 4.29295 4.29629 4.29991 4.30382 4.30802 4.31251 4.31728 4.32233 4.32764 4.33322 4.33903 4.34507 4.35131 4.35772 4.36428 4.37097 4.37773 4.38455 4.39138 4.39819 4.40493 4.41156 4.41805 4.42435 4.43042 4.43622 4.44171 4.44686 4.45163 4.45598 4.4599 4.46334 4.46629 4.46872 4.47062 4.47198 4.47278 4.47302 4.4727 4.47182 4.47039 4.46842 4.46593 4.46292 4.45943 4.45548 4.45109 4.4463 4.44115 4.43566 4.42988 4.42384 4.41759 4.41117 4.40461 4.39796 4.39126 4.38455 4.37786 4.37124 4.36472 4.35832 4.35208 4.34603 4.34019 4.33458 4.32922 4.32412 4.3193 4.31476 4.31051 4.30655 4.30288 4.29951 4.29642 4.29362 4.2911 4.28884 4.28685 4.28512 4.28363 4.28237 4.28135 4.28055 4.27997 4.2796 4.27944 
4.27346 4.27372 4.2742 4.27492 4.27586 4.27705 4.27848 4.28016 4.2821 4.2843 4.28678 4.28955 4.29261 4.29597 4.29963 4.30361 4.3079 4.31251 4.31743 4.32266 4.32819 4.33401 4.3401 4.34646 4.35306 4.35987 4.36686 4.37402 4.3813 4.38867 4.39609 4.40352 4.41091 4.41823 4.42543 4.43247 4.4393 4.44587 4.45215 4.4581 4.46367 4.46882 4.47353 4.47776 4.48147 4.48465 4.48728 4.48933 4.49079 4.49165 4.4919 4.49155 4.4906 4.48905 4.48691 4.48421 4.48096 4.47718 4.4729 4.46815 4.46296 4.45738 4.45143 4.44516 4.43861 4.43182 4.42485 4.41772 4.41049 4.4032 4.3959 4.38862 4.3814 4.37429 4.36731 4.3605 4.35389 4.3475 4.34136 4.33549 4.3299 4.3246 4.31962 4.31494 4.31059 4.30655 4.30283 4.29943 4.29633 4.29354 4.29104 4.28884 4.28691 4.28524 4.28385 4.2827 4.2818 4.28114 4.28071 4.28052 
4.27459 4.27486 4.27538 4.27615 4.27718 4.27847 4.28003 4.28187 4.28399 4.2864 4.28912 4.29215 4.2955 4.29918 4.30319 4.30755 4.31224 4.31728 4.32266 4.32837 4.3344 4.34076 4.3474 4.35433 4.36151 4.36893 4.37654 4.38431 4.39222 4.40022 4.40826 4.41631 4.42432 4.43225 4.44003 4.44764 4.45502 4.46212 4.4689 4.47531 4.48132 4.48687 4.49194 4.49649 4.50049 4.50391 4.50673 4.50893 4.5105 4.51142 4.51169 4.51131 4.51028 4.50861 4.5063 4.50339 4.49988 4.4958 4.49118 4.48605 4.48045 4.47442 4.468 4.46122 4.45414 4.4468 4.43925 4.43153 4.4237 4.4158 4.40787 4.39997 4.39213 4.3844 4.37681 4.36939 4.36219 4.35523 4.34853 4.34212 4.33602 4.33023 4.32477 4.31965 4.31488 4.31045 4.30637 4.30262 4.29922 4.29614 4.29338 4.29094 4.28881 4.28697 4.28541 4.28414 4.28313 4.28239 4.2819 4.28167 
4.27579 4.27607 4.27663 4.27746 4.27858 4.27998 4.28168 4.28368 4.286 4.28863 4.2916 4.29491 4.29857 4.30259 4.30697 4.31172 4.31684 4.32233 4.32819 4.3344 4.34097 4.34788 4.35511 4.36263 4.37043 4.37847 4.38671 4.39514 4.4037 4.41235 4.42104 4.42974 4.43838 4.44693 4.45533 4.46353 4.47147 4.47911 4.4864 4.4933 4.49975 4.50572 4.51116 4.51604 4.52033 4.524 4.52702 4.52938 4.53106 4.53204 4.53233 4.53191 4.5308 4.529 4.52652 4.52339 4.51961 4.51523 4.51026 4.50475 4.49873 4.49224 4.48532 4.47802 4.47039 4.46248 4.45433 4.446 4.43754 4.42901 4.42044 4.41189 4.4034 4.39502 4.3868 4.37875 4.37094 4.36337 4.35609 4.34912 4.34247 4.33617 4.33021 4.32463 4.31941 4.31457 4.3101 4.306 4.30227 4.29889 4.29586 4.29318 4.29082 4.28879 4.28707 4.28566 4.28454 4.28371 4.28316 4.28289 
4.27707 4.27736 4.27795 4.27885 4.28006 4.28158 4.28343 4.2856 4.28812 4.29099 4.29422 4.29783 4.30181 4.30618 4.31095 4.31611 4.32168 4.32764 4.33401 4.34076 4.34788 4.35537 4.36319 4.37134 4.37977 4.38846 4.39737 4.40647 4.4157 4.42502 4.43439 4.44375 4.45306 4.46225 4.47127 4.48007 4.4886 4.49679 4.50461 4.512 4.51891 4.52529 4.53112 4.53634 4.54092 4.54484 4.54807 4.55059 4.55238 4.55343 4.55373 4.55328 4.55209 4.55016 4.5475 4.54415 4.5401 4.53541 4.53009 4.52418 4.51772 4.51076 4.50334 4.4955 4.48731 4.4788 4.47005 4.46109 4.45199 4.44279 4.43356 4.42434 4.41518 4.40614 4.39725 4.38856 4.3801 4.37191 4.36402 4.35646 4.34925 4.3424 4.33594 4.32986 4.32418 4.31891 4.31403 4.30956 4.30548 4.30179 4.29847 4.29553 4.29295 4.29072 4.28882 4.28726 4.28603 4.2851 4.28449 4.28418 
4.2784 4.27871 4.27934 4.28031 4.28162 4.28327 4.28527 4.28763 4.29036 4.29347 4.29698 4.30089 4.30521 4.30996 4.31513 4.32072 4.32676 4.33322 4.3401 4.3474 4.35511 4.36319 4.37164 4.38043 4.38952 4.39889 4.40848 4.41826 4.42819 4.43821 4.44827 4.45831 4.46829 4.47813 4.4878 4.49722 4.50633 4.5151 4.52345 4.53134 4.53871 4.54553 4.55174 4.5573 4.56219 4.56637 4.56981 4.57248 4.57439 4.5755 4.57581 4.57533 4.57406 4.572 4.56917 4.56558 4.56127 4.55625 4.55057 4.54426 4.53736 4.52992 4.52198 4.5136 4.50483 4.49573 4.48635 4.47674 4.46698 4.45711 4.4472 4.43729 4.42744 4.41771 4.40814 4.39877 4.38965 4.38082 4.3723 4.36413 4.35633 4.34892 4.34192 4.33534 4.32918 4.32345 4.31816 4.31329 4.30885 4.30483 4.30121 4.298 4.29518 4.29274 4.29067 4.28895 4.28759 4.28657 4.28589 4.28554 
4.27981 4.28013 4.28081 4.28185 4.28325 4.28503 4.28719 4.28975 4.29271 4.29608 4.29987 4.3041 4.30878 4.31391 4.31949 4.32554 4.33206 4.33903 4.34646 4.35433 4.36263 4.37134 4.38043 4.38988 4.39965 4.4097 4.42 4.43049 4.44113 4.45185 4.46262 4.47336 4.48402 4.49454 4.50485 4.5149 4.52462 4.53395 4.54285 4.55124 4.55909 4.56634 4.57294 4.57885 4.58404 4.58848 4.59213 4.59497 4.59698 4.59816 4.59849 4.59798 4.59662 4.59443 4.59142 4.5876 4.58302 4.57768 4.57164 4.56492 4.55757 4.54965 4.54119 4.53225 4.5229 4.51318 4.50316 4.4929 4.48247 4.47191 4.4613 4.45069 4.44014 4.4297 4.41943 4.40937 4.39957 4.39007 4.3809 4.37211 4.3637 4.35571 4.34815 4.34104 4.33438 4.32819 4.32246 4.31719 4.31237 4.308 4.30408 4.30059 4.29752 4.29485 4.29259 4.29072 4.28923 4.28811 4.28735 4.28696 
4.28127 4.28161 4.28233 4.28345 4.28496 4.28688 4.28921 4.29196 4.29515 4.29879 4.30288 4.30745 4.31249 4.31802 4.32404 4.33055 4.33757 4.34507 4.35306 4.36151 4.37043 4.37977 4.38952 4.39965 4.41011 4.42087 4.43189 4.4431 4.45446 4.46591 4.47739 4.48884 4.50019 4.51139 4.52236 4.53304 4.54337 4.55329 4.56273 4.57163 4.57995 4.58763 4.59463 4.60089 4.60639 4.61108 4.61494 4.61794 4.62007 4.62132 4.62167 4.62112 4.61968 4.61735 4.61416 4.61012 4.60526 4.5996 4.59319 4.58606 4.57827 4.56985 4.56087 4.55138 4.54143 4.5311 4.52043 4.50951 4.49839 4.48713 4.47581 4.46449 4.45322 4.44206 4.43107 4.42031 4.40981 4.39963 4.3898 4.38036 4.37133 4.36274 4.35461 4.34696 4.33979 4.33311 4.32692 4.32123 4.31603 4.31131 4.30706 4.30328 4.29995 4.29706 4.2946 4.29256 4.29094 4.28971 4.28888 4.28844 
4.2828 4.28315 4.28392 4.28511 4.28674 4.2888 4.2913 4.29426 4.2977 4.30161 4.30601 4.31092 4.31634 4.32228 4.32874 4.33574 4.34326 4.35131 4.35987 4.36893 4.37847 4.38846 4.39889 4.4097 4.42087 4.43235 4.44409 4.45604 4.46813 4.48031 4.49251 4.50468 4.51673 4.52861 4.54025 4.55157 4.56251 4.573 4.58299 4.59241 4.6012 4.60932 4.61671 4.62332 4.62912 4.63407 4.63814 4.64131 4.64355 4.64486 4.64523 4.64465 4.64312 4.64067 4.6373 4.63303 4.62789 4.62191 4.61514 4.6076 4.59936 4.59045 4.58094 4.57089 4.56035 4.54939 4.53808 4.52649 4.51468 4.50272 4.49068 4.47863 4.46663 4.45474 4.44303 4.43154 4.42034 4.40946 4.39895 4.38885 4.37919 4.36998 4.36127 4.35306 4.34536 4.33819 4.33154 4.32542 4.31982 4.31473 4.31015 4.30607 4.30247 4.29935 4.29669 4.29448 4.29271 4.29138 4.29047 4.28999 
4.28438 4.28475 4.28557 4.28684 4.28858 4.29078 4.29347 4.29665 4.30032 4.30452 4.30924 4.3145 4.32031 4.32667 4.33359 4.34108 4.34912 4.35772 4.36686 4.37654 4.38671 4.39737 4.40848 4.42 4.43189 4.44409 4.45657 4.46925 4.48208 4.495 4.50793 4.52081 4.53357 4.54614 4.55843 4.57039 4.58194 4.59302 4.60355 4.61348 4.62275 4.63129 4.63907 4.64603 4.65213 4.65734 4.66162 4.66495 4.6673 4.66868 4.66906 4.66845 4.66685 4.66426 4.66071 4.65622 4.65081 4.64451 4.63738 4.62944 4.62074 4.61135 4.60132 4.5907 4.57957 4.56799 4.55603 4.54376 4.53126 4.51859 4.50583 4.49305 4.48031 4.46769 4.45524 4.44303 4.43111 4.41953 4.40833 4.39756 4.38724 4.37742 4.36811 4.35933 4.3511 4.34342 4.33629 4.32973 4.32372 4.31825 4.31333 4.30894 4.30507 4.30171 4.29884 4.29646 4.29455 4.2931 4.29212 4.29159 
4.28601 4.28639 4.28726 4.28862 4.29047 4.29283 4.2957 4.2991 4.30303 4.30751 4.31256 4.31818 4.32438 4.33117 4.33856 4.34654 4.35512 4.36428 4.37402 4.38431 4.39514 4.40647 4.41826 4.43049 4.4431 4.45604 4.46925 4.48267 4.49625 4.5099 4.52357 4.53717 4.55063 4.56388 4.57683 4.58943 4.60159 4.61324 4.62431 4.63474 4.64448 4.65345 4.66161 4.66891 4.67531 4.68077 4.68526 4.68875 4.69122 4.69266 4.69306 4.69241 4.69073 4.68802 4.68429 4.67958 4.6739 4.66729 4.6598 4.65146 4.64232 4.63245 4.62189 4.61072 4.599 4.5868 4.5742 4.56126 4.54806 4.53468 4.5212 4.50769 4.49421 4.48085 4.46766 4.45472 4.44207 4.42978 4.41788 4.40643 4.39547 4.38501 4.3751 4.36574 4.35696 4.34876 4.34116 4.33414 4.32771 4.32187 4.3166 4.31189 4.30774 4.30413 4.30105 4.29849 4.29644 4.29488 4.29382 4.29324 
4.28768 4.28808 4.289 4.29045 4.29242 4.29493 4.29799 4.30161 4.3058 4.31058 4.31595 4.32194 4.32854 4.33577 4.34363 4.35212 4.36123 4.37097 4.3813 4.39222 4.4037 4.4157 4.42819 4.44113 4.45446 4.46813 4.48208 4.49625 4.51056 4.52495 4.53934 4.55366 4.56782 4.58174 4.59535 4.60858 4.62133 4.63355 4.64516 4.65609 4.66628 4.67568 4.68422 4.69185 4.69855 4.70425 4.70894 4.71259 4.71517 4.71667 4.71709 4.71642 4.71466 4.71182 4.70793 4.70299 4.69705 4.69014 4.68229 4.67356 4.66399 4.65364 4.64257 4.63085 4.61855 4.60573 4.59249 4.57888 4.565 4.55092 4.53671 4.52247 4.50826 4.49416 4.48023 4.46655 4.45318 4.44017 4.42757 4.41544 4.40382 4.39272 4.3822 4.37226 4.36293 4.35421 4.34611 4.33864 4.33179 4.32556 4.31993 4.31491 4.31048 4.30662 4.30332 4.30058 4.29837 4.2967 4.29555 4.29493 
4.28939 4.28981 4.29078 4.29231 4.29441 4.29707 4.30032 4.30417 4.30862 4.3137 4.31941 4.32576 4.33277 4.34044 4.34877 4.35777 4.36743 4.37773 4.38867 4.40022 4.41235 4.42502 4.43821 4.45185 4.46591 4.48031 4.495 4.5099 4.52495 4.54007 4.55518 4.5702 4.58505 4.59964 4.6139 4.62774 4.64109 4.65387 4.666 4.67742 4.68806 4.69786 4.70677 4.71474 4.72172 4.72766 4.73255 4.73635 4.73904 4.74061 4.74104 4.74034 4.7385 4.73555 4.73149 4.72634 4.72015 4.71294 4.70474 4.69562 4.68563 4.67481 4.66324 4.65098 4.63811 4.62469 4.61081 4.59655 4.58199 4.56721 4.55229 4.53732 4.52238 4.50754 4.49288 4.47847 4.46437 4.45065 4.43735 4.42454 4.41225 4.40052 4.38938 4.37886 4.36897 4.35972 4.35114 4.3432 4.33593 4.3293 4.32332 4.31798 4.31325 4.30914 4.30563 4.3027 4.30035 4.29856 4.29733 4.29665 
4.29112 4.29156 4.29259 4.29421 4.29642 4.29925 4.30269 4.30676 4.31148 4.31686 4.3229 4.32963 4.33704 4.34516 4.35397 4.36348 4.37367 4.38455 4.39609 4.40826 4.42104 4.43439 4.44827 4.46262 4.47739 4.49251 4.50793 4.52357 4.53934 4.55518 4.571 4.58672 4.60224 4.61749 4.63238 4.64683 4.66075 4.67407 4.68672 4.69861 4.70969 4.7199 4.72916 4.73745 4.7447 4.75089 4.75597 4.75992 4.76271 4.76434 4.76479 4.76406 4.76215 4.75908 4.75486 4.74951 4.74307 4.73557 4.72704 4.71755 4.70714 4.69587 4.68381 4.67102 4.65758 4.64358 4.62908 4.61417 4.59894 4.58347 4.56786 4.55217 4.5365 4.52094 4.50555 4.49041 4.47559 4.46116 4.44717 4.43368 4.42073 4.40836 4.39661 4.3855 4.37505 4.36528 4.3562 4.34781 4.34011 4.33309 4.32675 4.32108 4.31607 4.3117 4.30796 4.30485 4.30235 4.30044 4.29913 4.29841 
4.29287 4.29333 4.29441 4.29612 4.29846 4.30144 4.30508 4.30938 4.31436 4.32004 4.32642 4.33352 4.34134 4.3499 4.35918 4.3692 4.37994 4.39138 4.40352 4.41631 4.42974 4.44375 4.45831 4.47336 4.48884 4.50468 4.52081 4.53717 4.55366 4.5702 4.58672 4.60311 4.6193 4.63519 4.65069 4.66573 4.68022 4.69407 4.70721 4.71956 4.73107 4.74166 4.75128 4.75987 4.76739 4.7738 4.77907 4.78316 4.78606 4.78775 4.78821 4.78746 4.78548 4.7823 4.77792 4.77238 4.7657 4.75791 4.74907 4.73921 4.7284 4.71669 4.70415 4.69086 4.67688 4.66229 4.64719 4.63165 4.61577 4.59963 4.58332 4.56694 4.55056 4.53427 4.51816 4.50231 4.48678 4.47165 4.45697 4.44281 4.4292 4.4162 4.40384 4.39215 4.38115 4.37086 4.36128 4.35243 4.3443 4.33689 4.33019 4.3242 4.3189 4.31427 4.31032 4.30702 4.30437 4.30234 4.30095 4.30018 
4.29463 4.29511 4.29625 4.29804 4.3005 4.30364 4.30747 4.31201 4.31725 4.32323 4.32994 4.33741 4.34564 4.35463 4.36439 4.37491 4.38618 4.39819 4.41091 4.42432 4.43838 4.45306 4.46829 4.48402 4.50019 4.51673 4.53357 4.55063 4.56782 4.58505 4.60224 4.6193 4.63613 4.65264 4.66874 4.68435 4.69938 4.71374 4.72736 4.74016 4.75208 4.76304 4.77299 4.78188 4.78966 4.79629 4.80174 4.80597 4.80896 4.81071 4.81119 4.81041 4.80837 4.80508 4.80056 4.79483 4.78792 4.77987 4.77071 4.76051 4.74931 4.73718 4.72418 4.71039 4.69588 4.68074 4.66505 4.6489 4.63238 4.61559 4.59861 4.58154 4.56446 4.54748 4.53066 4.51411 4.49788 4.48206 4.4667 4.45187 4.43763 4.424 4.41104 4.39878 4.38723 4.37642 4.36635 4.35704 4.34849 4.34069 4.33364 4.32732 4.32173 4.31685 4.31268 4.3092 4.30639 4.30425 4.30278 4.30195 
4.29639 4.29689 4.29808 4.29996 4.30255 4.30584 4.30986 4.31462 4.32013 4.3264 4.33345 4.34128 4.3499 4.35933 4.36955 4.38057 4.39236 4.40493 4.41823 4.43225 4.44693 4.46225 4.47813 4.49454 4.51139 4.52861 4.54614 4.56388 4.58174 4.59964 4.61749 4.63519 4.65264 4.66975 4.68644 4.70259 4.71814 4.733 4.74708 4.7603 4.77261 4.78393 4.7942 4.80337 4.8114 4.81824 4.82385 4.82821 4.8313 4.8331 4.8336 4.8328 4.8307 4.82731 4.82265 4.81674 4.80962 4.80131 4.79186 4.78132 4.76976 4.75722 4.74378 4.72951 4.7145 4.69882 4.68257 4.66582 4.64869 4.63126 4.61363 4.59589 4.57814 4.56048 4.54298 4.52573 4.50883 4.49233 4.47631 4.46083 4.44595 4.43171 4.41816 4.40533 4.39324 4.38192 4.37138 4.36162 4.35265 4.34446 4.33706 4.33042 4.32455 4.31942 4.31503 4.31136 4.30841 4.30616 4.3046 4.30373 
4.29813 4.29865 4.2999 4.30187 4.30457 4.30802 4.31223 4.31721 4.32297 4.32954 4.33691 4.3451 4.35412 4.36397 4.37465 4.38615 4.39846 4.41156 4.42543 4.44003 4.45533 4.47127 4.4878 4.50485 4.52236 4.54025 4.55843 4.57683 4.59535 4.6139 4.63238 4.65069 4.66874 4.68644 4.70367 4.72036 4.7364 4.75173 4.76624 4.77988 4.79256 4.80422 4.81479 4.82423 4.83249 4.83953 4.84531 4.8498 4.85297 4.85483 4.85534 4.85452 4.85236 4.84888 4.84409 4.83801 4.83068 4.82213 4.8124 4.80155 4.78963 4.77671 4.76285 4.74813 4.73263 4.71644 4.69964 4.68233 4.66461 4.64656 4.6283 4.60993 4.59152 4.57319 4.55503 4.53712 4.51955 4.5024 4.48574 4.46963 4.45413 4.4393 4.42517 4.41178 4.39917 4.38735 4.37633 4.36613 4.35675 4.34819 4.34044 4.33349 4.32733 4.32196 4.31736 4.31351 4.31041 4.30805 4.30641 4.30549 
4.29985 4.30039 4.30169 4.30374 4.30657 4.31017 4.31456 4.31976 4.32577 4.33262 4.34031 4.34885 4.35825 4.36851 4.37964 4.39161 4.40442 4.41805 4.43247 4.44764 4.46353 4.48007 4.49722 4.5149 4.53304 4.55157 4.57039 4.58943 4.60858 4.62774 4.64683 4.66573 4.68435 4.70259 4.72036 4.73754 4.75407 4.76984 4.78477 4.79879 4.81182 4.8238 4.83466 4.84436 4.85284 4.86006 4.86599 4.8706 4.87386 4.87577 4.8763 4.87546 4.87325 4.86968 4.86476 4.85853 4.851 4.84222 4.83223 4.82109 4.80883 4.79554 4.78129 4.76614 4.75018 4.73349 4.71618 4.69833 4.68004 4.66141 4.64255 4.62355 4.60452 4.58556 4.56676 4.54821 4.53 4.51222 4.49493 4.47821 4.46211 4.4467 4.43201 4.41809 4.40496 4.39265 4.38118 4.37055 4.36077 4.35184 4.34375 4.3365 4.33007 4.32446 4.31965 4.31563 4.31238 4.3099 4.30819 4.30723 
4.30153 4.30209 4.30344 4.30558 4.30852 4.31227 4.31684 4.32225 4.32851 4.33563 4.34363 4.35251 4.36228 4.37294 4.38449 4.39692 4.41021 4.42435 4.4393 4.45502 4.47147 4.4886 4.50633 4.52462 4.54337 4.56251 4.58194 4.60159 4.62133 4.64109 4.66075 4.68022 4.69938 4.71814 4.7364 4.75407 4.77104 4.78723 4.80255 4.81693 4.8303 4.84258 4.85371 4.86365 4.87234 4.87973 4.88581 4.89053 4.89387 4.89582 4.89637 4.89551 4.89325 4.8896 4.88457 4.87819 4.87048 4.86149 4.85125 4.83983 4.82726 4.81363 4.799 4.78344 4.76705 4.7499 4.73209 4.71373 4.6949 4.67572 4.65629 4.6367 4.61707 4.5975 4.57809 4.55893 4.54011 4.52171 4.50383 4.48652 4.46985 4.45388 4.43865 4.42421 4.41059 4.39781 4.38589 4.37485 4.36468 4.35539 4.34698 4.33943 4.33274 4.3269 4.32188 4.31769 4.31431 4.31172 4.30993 4.30893 
4.30317 4.30375 4.30514 4.30736 4.31041 4.3143 4.31905 4.32466 4.33115 4.33854 4.34683 4.35604 4.36617 4.37721 4.38917 4.40204 4.4158 4.43042 4.44587 4.46212 4.47911 4.49679 4.5151 4.53395 4.55329 4.573 4.59302 4.61324 4.63355 4.65387 4.67407 4.69407 4.71374 4.733 4.75173 4.76984 4.78723 4.80381 4.81951 4.83423 4.8479 4.86046 4.87185 4.88201 4.89089 4.89845 4.90466 4.90948 4.9129 4.91489 4.91545 4.91458 4.91228 4.90855 4.90342 4.8969 4.88903 4.87983 4.86937 4.85768 4.84483 4.83087 4.81589 4.79995 4.78315 4.76556 4.7473 4.72845 4.70912 4.68941 4.66943 4.64929 4.6291 4.60895 4.58896 4.56921 4.54981 4.53084 4.51238 4.49451 4.47729 4.46078 4.44504 4.43011 4.41601 4.40278 4.39044 4.379 4.36846 4.35883 4.3501 4.34227 4.33533 4.32926 4.32405 4.31969 4.31618 4.31349 4.31162 4.31058 
4.30474 4.30534 4.30678 4.30908 4.31223 4.31626 4.32117 4.32698 4.3337 4.34134 4.34991 4.35943 4.36989 4.38131 4.39366 4.40694 4.42114 4.43622 4.45215 4.4689 4.4864 4.50461 4.52345 4.54285 4.56273 4.58299 4.60355 4.62431 4.64516 4.666 4.68672 4.70721 4.72736 4.74708 4.76624 4.78477 4.80255 4.81951 4.83554 4.85058 4.86454 4.87736 4.88898 4.89935 4.90841 4.91612 4.92245 4.92737 4.93085 4.93289 4.93347 4.93258 4.93024 4.92644 4.92121 4.91457 4.90654 4.89717 4.88649 4.87456 4.86144 4.84718 4.83187 4.81558 4.7984 4.78041 4.76171 4.74241 4.72261 4.70241 4.68192 4.66126 4.64053 4.61984 4.59929 4.579 4.55905 4.53953 4.52053 4.50213 4.48439 4.46738 4.45115 4.43574 4.4212 4.40754 4.3948 4.38297 4.37208 4.36212 4.3531 4.34499 4.33781 4.33152 4.32613 4.32162 4.31797 4.31519 4.31325 4.31216 
4.30625 4.30686 4.30835 4.31072 4.31397 4.31813 4.32319 4.32919 4.33612 4.344 4.35284 4.36265 4.37343 4.38519 4.39791 4.41159 4.4262 4.44171 4.4581 4.47531 4.4933 4.512 4.53134 4.55124 4.57163 4.59241 4.61348 4.63474 4.65609 4.67742 4.69861 4.71956 4.74016 4.7603 4.77988 4.79879 4.81693 4.83423 4.85058 4.8659 4.88013 4.89319 4.90503 4.91558 4.92481 4.93266 4.9391 4.94411 4.94766 4.94974 4.95033 4.94943 4.94705 4.94319 4.93787 4.93111 4.92294 4.9134 4.90253 4.89038 4.87701 4.86248 4.84687 4.83025 4.81272 4.79435 4.77526 4.75553 4.73529 4.71463 4.69367 4.67252 4.65129 4.6301 4.60904 4.58823 4.56777 4.54773 4.52823 4.50933 4.4911 4.47362 4.45693 4.44108 4.42611 4.41205 4.39892 4.38674 4.37552 4.36525 4.35594 4.34758 4.34017 4.33368 4.32811 4.32345 4.31969 4.31681 4.31481 4.31368 
4.30767 4.3083 4.30983 4.31226 4.31561 4.31989 4.3251 4.33127 4.33839 4.3465 4.35559 4.36568 4.37676 4.38884 4.4019 4.41595 4.43094 4.44686 4.46367 4.48132 4.49975 4.51891 4.53871 4.55909 4.57995 4.6012 4.62275 4.64448 4.66628 4.68806 4.70969 4.73107 4.75208 4.77261 4.79256 4.81182 4.8303 4.8479 4.86454 4.88013 4.8946 4.90788 4.91991 4.93064 4.94001 4.94799 4.95454 4.95963 4.96324 4.96535 4.96595 4.96505 4.96263 4.95872 4.95332 4.94646 4.93816 4.92847 4.91742 4.90507 4.89147 4.87669 4.8608 4.84389 4.82603 4.80732 4.78786 4.76775 4.7471 4.72602 4.70462 4.68302 4.66134 4.63967 4.61814 4.59686 4.57591 4.55541 4.53543 4.51606 4.49738 4.47946 4.46234 4.44608 4.43071 4.41628 4.40279 4.39028 4.37875 4.36819 4.35862 4.35002 4.34239 4.33571 4.32998 4.32518 4.3213 4.31834 4.31628 4.31511 
4.30899 4.30964 4.31121 4.3137 4.31714 4.32153 4.32688 4.3332 4.34052 4.34883 4.35815 4.36849 4.37985 4.39222 4.40561 4.41999 4.43534 4.45163 4.46882 4.48687 4.50572 4.52529 4.54553 4.56634 4.58763 4.60932 4.63129 4.65345 4.67568 4.69786 4.7199 4.74166 4.76304 4.78393 4.80422 4.8238 4.84258 4.86046 4.87736 4.89319 4.90788 4.92136 4.93357 4.94445 4.95396 4.96206 4.9687 4.97386 4.97752 4.97967 4.98028 4.97937 4.97692 4.97296 4.96748 4.96053 4.95212 4.94229 4.93108 4.91855 4.90475 4.88974 4.87361 4.85642 4.83827 4.81925 4.79945 4.77899 4.75797 4.73651 4.71471 4.6927 4.67059 4.6485 4.62654 4.60482 4.58343 4.56249 4.54208 4.52229 4.50319 4.48486 4.46735 4.45071 4.43498 4.4202 4.40639 4.39356 4.38174 4.37092 4.3611 4.35228 4.34445 4.3376 4.33172 4.32679 4.32281 4.31976 4.31764 4.31645 
4.31021 4.31087 4.31247 4.31503 4.31855 4.32304 4.32851 4.33498 4.34246 4.35096 4.3605 4.37107 4.38268 4.39532 4.409 4.42368 4.43936 4.45598 4.47353 4.49194 4.51116 4.53112 4.55174 4.57294 4.59463 4.61671 4.63907 4.66161 4.68422 4.70677 4.72916 4.75128 4.77299 4.7942 4.81479 4.83466 4.85371 4.87185 4.88898 4.90503 4.91991 4.93357 4.94594 4.95696 4.96659 4.97478 4.98151 4.98674 4.99045 4.99262 4.99325 4.99232 4.98985 4.98584 4.98031 4.97327 4.96476 4.95481 4.94346 4.93077 4.91678 4.90157 4.88521 4.86778 4.84937 4.83007 4.80997 4.7892 4.76785 4.74604 4.72388 4.7015 4.67901 4.65654 4.63418 4.61206 4.59028 4.56895 4.54815 4.52797 4.5085 4.48979 4.47192 4.45493 4.43888 4.42378 4.40967 4.39657 4.38448 4.37342 4.36338 4.35436 4.34635 4.33934 4.33331 4.32827 4.32419 4.32107 4.3189 4.31768 
4.31132 4.31199 4.31362 4.31623 4.31982 4.3244 4.32999 4.33659 4.34422 4.35289 4.36261 4.37339 4.38522 4.39811 4.41204 4.427 4.44297 4.4599 4.47776 4.49649 4.51604 4.53634 4.5573 4.57885 4.60089 4.62332 4.64603 4.66891 4.69185 4.71474 4.73745 4.75987 4.78188 4.80337 4.82423 4.84436 4.86365 4.88201 4.89935 4.91558 4.93064 4.94445 4.95696 4.9681 4.97784 4.98612 4.99292 4.99821 5.00196 5.00416 5.0048 5.00387 5.00137 4.99733 4.99174 4.98463 4.97603 4.96597 4.95449 4.94166 4.92751 4.91212 4.89557 4.87792 4.85928 4.83973 4.81937 4.79831 4.77667 4.75455 4.73208 4.70937 4.68655 4.66373 4.64102 4.61855 4.59642 4.57473 4.55358 4.53306 4.51325 4.49422 4.47603 4.45873 4.44238 4.427 4.41262 4.39927 4.38695 4.37567 4.36543 4.35623 4.34806 4.3409 4.33476 4.32961 4.32545 4.32226 4.32004 4.31879 
4.3123 4.31298 4.31464 4.3173 4.32095 4.32561 4.33129 4.33801 4.34577 4.35459 4.36448 4.37544 4.38747 4.40057 4.41473 4.42993 4.44614 4.46334 4.48147 4.50049 4.52033 4.54092 4.56219 4.58404 4.60639 4.62912 4.65213 4.67531 4.69855 4.72172 4.7447 4.76739 4.78966 4.8114 4.83249 4.85284 4.87234 4.89089 4.90841 4.92481 4.94001 4.95396 4.96659 4.97784 4.98767 4.99603 5.00289 5.00823 5.01202 5.01424 5.01488 5.01395 5.01144 5.00735 5.00172 4.99455 4.98587 4.97572 4.96413 4.95117 4.93689 4.92135 4.90462 4.88679 4.86795 4.84818 4.82759 4.80629 4.78439 4.76201 4.73926 4.71627 4.69315 4.67003 4.64702 4.62424 4.6018 4.57981 4.55836 4.53754 4.51743 4.49811 4.47964 4.46207 4.44546 4.42984 4.41523 4.40165 4.38913 4.37766 4.36724 4.35788 4.34957 4.34229 4.33603 4.33079 4.32656 4.32331 4.32106 4.31978 
4.31314 4.31384 4.31553 4.31822 4.32193 4.32666 4.33242 4.33924 4.34711 4.35606 4.36609 4.3772 4.3894 4.40268 4.41703 4.43244 4.44887 4.46629 4.48465 4.50391 4.524 4.54484 4.56637 4.58848 4.61108 4.63407 4.65734 4.68077 4.70425 4.72766 4.75089 4.7738 4.79629 4.81824 4.83953 4.86006 4.87973 4.89845 4.91612 4.93266 4.94799 4.96206 4.97478 4.98612 4.99603 5.00446 5.01138 5.01675 5.02057 5.02281 5.02347 5.02253 5.02 5.01589 5.01021 5.00299 4.99424 4.98401 4.97234 4.95928 4.94487 4.9292 4.91233 4.89434 4.87533 4.85538 4.8346 4.81309 4.79098 4.76837 4.74538 4.72214 4.69878 4.6754 4.65214 4.6291 4.6064 4.58415 4.56244 4.54136 4.521 4.50144 4.48273 4.46493 4.4481 4.43227 4.41746 4.4037 4.391 4.37937 4.3688 4.35931 4.35087 4.34348 4.33713 4.33182 4.32751 4.32422 4.32193 4.32064 
4.31385 4.31455 4.31626 4.31899 4.32274 4.32753 4.33336 4.34026 4.34823 4.35728 4.36742 4.37866 4.391 4.40443 4.41894 4.43451 4.45112 4.46872 4.48728 4.50673 4.52702 4.54807 4.56981 4.59213 4.61494 4.63814 4.66162 4.68526 4.70894 4.73255 4.75597 4.77907 4.80174 4.82385 4.84531 4.86599 4.88581 4.90466 4.92245 4.9391 4.95454 4.9687 4.98151 4.99292 5.00289 5.01138 5.01834 5.02375 5.02759 5.02985 5.03051 5.02957 5.02703 5.02289 5.01718 5.00991 5.00112 4.99082 4.97908 4.96593 4.95143 4.93565 4.91866 4.90054 4.88139 4.86129 4.84035 4.81867 4.79638 4.77359 4.75041 4.72698 4.70341 4.67982 4.65635 4.6331 4.61018 4.58772 4.56579 4.54451 4.52394 4.50418 4.48528 4.4673 4.45028 4.43427 4.4193 4.40539 4.39255 4.38078 4.3701 4.36049 4.35195 4.34448 4.33805 4.33267 4.32831 4.32498 4.32266 4.32135 
4.31442 4.31512 4.31685 4.3196 4.32339 4.32822 4.3341 4.34106 4.3491 4.35824 4.36847 4.37981 4.39225 4.4058 4.42043 4.43613 4.45288 4.47062 4.48933 4.50893 4.52938 4.55059 4.57248 4.59497 4.61794 4.64131 4.66495 4.68875 4.71259 4.73635 4.75992 4.78316 4.80597 4.82821 4.8498 4.8706 4.89053 4.90948 4.92737 4.94411 4.95963 4.97386 4.98674 4.99821 5.00823 5.01675 5.02375 5.02919 5.03305 5.03532 5.03599 5.03504 5.03249 5.02834 5.0226 5.0153 5.00646 4.99612 4.98431 4.97109 4.95652 4.94066 4.92358 4.90536 4.8861 4.86588 4.84482 4.82301 4.80058 4.77764 4.75432 4.73073 4.707 4.68326 4.65962 4.63621 4.61313 4.5905 4.56841 4.54696 4.52624 4.50632 4.48727 4.46914 4.45199 4.43585 4.42075 4.40671 4.39376 4.38189 4.37111 4.36142 4.3528 4.34526 4.33878 4.33334 4.32895 4.32558 4.32324 4.32192 
4.31483 4.31554 4.31728 4.32005 4.32386 4.32872 4.33465 4.34165 4.34974 4.35893 4.36923 4.38063 4.39316 4.40678 4.4215 4.43729 4.45413 4.47198 4.49079 4.5105 4.53106 4.55238 4.57439 4.59698 4.62007 4.64355 4.6673 4.69122 4.71517 4.73904 4.76271 4.78606 4.80896 4.8313 4.85297 4.87386 4.89387 4.9129 4.93085 4.94766 4.96324 4.97752 4.99045 5.00196 5.01202 5.02057 5.02759 5.03305 5.03693 5.03921 5.03988 5.03893 5.03637 5.0322 5.02645 5.01912 5.01025 4.99987 4.98802 4.97476 4.96013 4.94421 4.92706 4.90877 4.88943 4.86913 4.84798 4.82608 4.80355 4.78051 4.75708 4.73339 4.70955 4.68569 4.66194 4.63841 4.61521 4.59247 4.57026 4.5487 4.52787 4.50784 4.48868 4.47045 4.4532 4.43697 4.42178 4.40766 4.39463 4.38269 4.37184 4.36209 4.35342 4.34583 4.3393 4.33384 4.32941 4.32603 4.32367 4.32233 
4.31509 4.3158 4.31755 4.32033 4.32415 4.32903 4.33498 4.34201 4.35013 4.35935 4.36969 4.38113 4.3937 4.40737 4.42214 4.43798 4.45488 4.47278 4.49165 4.51142 4.53204 4.55343 4.5755 4.59816 4.62132 4.64486 4.66868 4.69266 4.71667 4.74061 4.76434 4.78775 4.81071 4.8331 4.85483 4.87577 4.89582 4.91489 4.93289 4.94974 4.96535 4.97967 4.99262 5.00416 5.01424 5.02281 5.02985 5.03532 5.03921 5.04149 5.04216 5.04121 5.03865 5.03447 5.02871 5.02136 5.01247 5.00207 4.9902 4.9769 4.96224 4.94628 4.92909 4.91076 4.89137 4.87102 4.84982 4.82787 4.80528 4.78218 4.75869 4.73493 4.71103 4.68711 4.66329 4.63969 4.61643 4.59362 4.57135 4.54972 4.52883 4.50874 4.48952 4.47123 4.45392 4.43764 4.4224 4.40823 4.39516 4.38317 4.37229 4.3625 4.3538 4.34618 4.33963 4.33414 4.3297 4.3263 4.32394 4.3226 
