3.59984 3.60005 3.60028 3.60052 3.60079 3.60107 3.60138 3.6017 3.60205 3.60242 3.60282 3.60325 3.60371 3.6042 3.60473 3.6053 3.60591 3.60657 3.60728 3.60803 3.60885 3.60971 3.61064 3.61162 3.61265 3.61374 3.61487 3.61606 3.61729 3.61856 3.61986 3.62119 3.62254 3.62389 3.62525 3.6266 3.62793 3.62923 3.63049 3.6317 3.63285 3.63392 3.63492 3.63583 3.63664 3.63734 3.63793 3.6384 3.63875 3.63897 3.63906 3.63903 3.63886 3.63857 3.63815 3.63762 3.63697 3.63622 3.63536 3.63442 3.63339 3.63229 3.63113 3.62991 3.62866 3.62737 3.62607 3.62475 3.62344 3.62213 3.62085 3.61959 3.61836 3.61718 3.61604 3.61496 3.61394 3.61298 3.61208 3.61124 3.61048 3.60978 3.60914 3.60858 3.60808 3.60764 3.60727 3.60696 3.6067 3.60649 3.60634 3.60623 3.60617 3.60615 3.60616 3.60621 3.6063 3.60641 3.60655 3.60671 
3.60005 3.60026 3.60049 3.60073 3.601 3.60128 3.60159 3.60191 3.60226 3.60263 3.60303 3.60346 3.60392 3.60442 3.60495 3.60552 3.60614 3.60681 3.60752 3.60829 3.60911 3.60998 3.61092 3.61191 3.61295 3.61405 3.61521 3.61641 3.61765 3.61894 3.62026 3.62161 3.62297 3.62435 3.62572 3.62709 3.62844 3.62976 3.63103 3.63226 3.63343 3.63452 3.63553 3.63645 3.63727 3.63798 3.63858 3.63906 3.63941 3.63964 3.63973 3.63969 3.63953 3.63923 3.63881 3.63827 3.63761 3.63684 3.63598 3.63502 3.63397 3.63286 3.63168 3.63045 3.62917 3.62787 3.62654 3.62521 3.62388 3.62255 3.62125 3.61997 3.61873 3.61753 3.61638 3.61529 3.61425 3.61327 3.61236 3.61152 3.61074 3.61003 3.60939 3.60882 3.60832 3.60788 3.6075 3.60718 3.60692 3.60671 3.60655 3.60644 3.60638 3.60636 3.60637 3.60642 3.6065 3.60662 3.60675 3.60692 
3.60028 3.60049 3.60071 3.60096 3.60123 3.60152 3.60183 3.60216 3.60251 3.6029 3.6033 3.60374 3.60422 3.60473 3.60528 3.60587 3.60651 3.6072 3.60794 3.60873 3.60958 3.6105 3.61146 3.61249 3.61358 3.61473 3.61592 3.61717 3.61847 3.61981 3.62118 3.62258 3.624 3.62543 3.62686 3.62828 3.62968 3.63105 3.63238 3.63366 3.63487 3.636 3.63705 3.63801 3.63886 3.6396 3.64022 3.64071 3.64108 3.64131 3.64141 3.64137 3.64119 3.64088 3.64044 3.63988 3.6392 3.6384 3.6375 3.6365 3.63541 3.63425 3.63302 3.63174 3.63042 3.62906 3.62768 3.6263 3.62491 3.62353 3.62217 3.62085 3.61955 3.61831 3.61711 3.61597 3.61489 3.61387 3.61292 3.61204 3.61123 3.61049 3.60982 3.60922 3.6087 3.60823 3.60783 3.6075 3.60722 3.607 3.60683 3.60671 3.60664 3.60661 3.60662 3.60666 3.60674 3.60685 3.60698 3.60714 
3.60052 3.60073 3.60096 3.60121 3.60149 3.60178 3.6021 3.60244 3.60281 3.60321 3.60363 3.60409 3.60459 3.60513 3.60571 3.60633 3.60701 3.60774 3.60853 3.60937 3.61028 3.61125 3.61228 3.61338 3.61454 3.61576 3.61703 3.61836 3.61975 3.62117 3.62263 3.62412 3.62563 3.62715 3.62868 3.63019 3.63168 3.63313 3.63454 3.6359 3.63718 3.63839 3.6395 3.64051 3.64141 3.6422 3.64285 3.64338 3.64376 3.644 3.6441 3.64406 3.64387 3.64354 3.64307 3.64247 3.64174 3.64089 3.63993 3.63887 3.63772 3.63648 3.63518 3.63382 3.63241 3.63096 3.6295 3.62802 3.62654 3.62507 3.62363 3.62221 3.62084 3.61951 3.61823 3.61701 3.61586 3.61477 3.61375 3.61281 3.61194 3.61115 3.61043 3.60979 3.60922 3.60871 3.60828 3.60792 3.60761 3.60736 3.60717 3.60704 3.60695 3.6069 3.6069 3.60693 3.607 3.6071 3.60723 3.60739 
3.60079 3.601 3.60123 3.60149 3.60177 3.60207 3.6024 3.60276 3.60315 3.60357 3.60402 3.60451 3.60505 3.60562 3.60625 3.60692 3.60765 3.60845 3.6093 3.61022 3.6112 3.61226 3.61338 3.61457 3.61583 3.61716 3.61854 3.61999 3.62149 3.62304 3.62463 3.62624 3.62788 3.62953 3.63118 3.63282 3.63443 3.63601 3.63753 3.639 3.64038 3.64169 3.64289 3.64398 3.64495 3.64579 3.6465 3.64706 3.64747 3.64773 3.64784 3.64779 3.64758 3.64722 3.64671 3.64606 3.64527 3.64435 3.64331 3.64216 3.64091 3.63957 3.63816 3.63668 3.63515 3.63359 3.632 3.63039 3.62879 3.6272 3.62563 3.62409 3.62259 3.62114 3.61975 3.61842 3.61716 3.61598 3.61487 3.61384 3.61289 3.61201 3.61122 3.61051 3.60988 3.60933 3.60884 3.60843 3.60809 3.6078 3.60758 3.60742 3.6073 3.60724 3.60721 3.60723 3.60729 3.60738 3.60751 3.60766 
3.60107 3.60128 3.60152 3.60178 3.60207 3.60239 3.60274 3.60312 3.60353 3.60398 3.60447 3.60501 3.60558 3.60621 3.6069 3.60764 3.60844 3.60931 3.61026 3.61127 3.61236 3.61352 3.61476 3.61608 3.61747 3.61894 3.62047 3.62207 3.62373 3.62543 3.62718 3.62896 3.63077 3.63258 3.6344 3.6362 3.63797 3.6397 3.64137 3.64298 3.6445 3.64592 3.64724 3.64843 3.6495 3.65042 3.65119 3.6518 3.65225 3.65253 3.65264 3.65258 3.65235 3.65195 3.65139 3.65067 3.6498 3.64879 3.64765 3.64638 3.64501 3.64353 3.64198 3.64035 3.63867 3.63695 3.6352 3.63343 3.63167 3.62991 3.62818 3.62648 3.62483 3.62323 3.62169 3.62022 3.61882 3.61751 3.61627 3.61513 3.61407 3.61309 3.61221 3.61141 3.6107 3.61007 3.60952 3.60905 3.60865 3.60832 3.60806 3.60785 3.60771 3.60761 3.60757 3.60757 3.60761 3.60769 3.6078 3.60795 
3.60138 3.60159 3.60183 3.6021 3.6024 3.60274 3.60311 3.60352 3.60397 3.60445 3.60499 3.60557 3.60621 3.60691 3.60766 3.60849 3.60939 3.61036 3.61141 3.61254 3.61376 3.61506 3.61645 3.61792 3.61948 3.62112 3.62283 3.62462 3.62646 3.62837 3.63032 3.6323 3.63431 3.63633 3.63835 3.64035 3.64232 3.64424 3.64609 3.64787 3.64955 3.65113 3.65258 3.6539 3.65507 3.65609 3.65694 3.65761 3.6581 3.65841 3.65853 3.65845 3.6582 3.65775 3.65713 3.65633 3.65536 3.65424 3.65297 3.65156 3.65003 3.6484 3.64667 3.64487 3.643 3.64108 3.63913 3.63717 3.6352 3.63324 3.63131 3.62942 3.62757 3.62578 3.62406 3.62241 3.62085 3.61937 3.61798 3.61669 3.61549 3.6144 3.61339 3.61249 3.61167 3.61095 3.61032 3.60977 3.60931 3.60892 3.6086 3.60835 3.60816 3.60803 3.60796 3.60793 3.60795 3.60801 3.60812 3.60826 
3.6017 3.60191 3.60216 3.60244 3.60276 3.60312 3.60352 3.60396 3.60445 3.60498 3.60557 3.60622 3.60693 3.60771 3.60855 3.60948 3.61049 3.61158 3.61277 3.61404 3.61541 3.61688 3.61845 3.62011 3.62187 3.62371 3.62564 3.62765 3.62973 3.63187 3.63406 3.63629 3.63854 3.64081 3.64306 3.6453 3.6475 3.64964 3.65172 3.6537 3.65558 3.65733 3.65895 3.66042 3.66172 3.66285 3.66379 3.66453 3.66507 3.66541 3.66554 3.66545 3.66516 3.66466 3.66396 3.66306 3.66198 3.66072 3.6593 3.65773 3.65602 3.6542 3.65226 3.65024 3.64815 3.646 3.64382 3.64162 3.63941 3.63721 3.63504 3.63291 3.63083 3.62882 3.62688 3.62502 3.62325 3.62158 3.62001 3.61854 3.61718 3.61593 3.61479 3.61375 3.61281 3.61198 3.61125 3.61061 3.61006 3.6096 3.60922 3.60891 3.60867 3.6085 3.60839 3.60833 3.60832 3.60837 3.60846 3.60859 
3.60205 3.60226 3.60251 3.60281 3.60315 3.60353 3.60397 3.60445 3.60498 3.60558 3.60623 3.60695 3.60775 3.60862 3.60958 3.61062 3.61176 3.613 3.61434 3.61579 3.61734 3.61901 3.62078 3.62267 3.62465 3.62674 3.62893 3.6312 3.63355 3.63596 3.63843 3.64094 3.64348 3.64603 3.64857 3.65108 3.65355 3.65595 3.65828 3.6605 3.6626 3.66456 3.66637 3.66801 3.66946 3.67072 3.67176 3.67259 3.67319 3.67356 3.6737 3.6736 3.67327 3.6727 3.67191 3.67091 3.66969 3.66828 3.66669 3.66492 3.66301 3.66095 3.65878 3.65651 3.65416 3.65174 3.64929 3.64681 3.64432 3.64184 3.63939 3.63699 3.63464 3.63236 3.63016 3.62806 3.62605 3.62415 3.62236 3.62069 3.61914 3.61771 3.6164 3.6152 3.61413 3.61317 3.61231 3.61157 3.61092 3.61037 3.60991 3.60953 3.60924 3.60901 3.60886 3.60876 3.60873 3.60875 3.60882 3.60894 
3.60242 3.60263 3.6029 3.60321 3.60357 3.60398 3.60445 3.60498 3.60558 3.60623 3.60697 3.60778 3.60867 3.60966 3.61074 3.61192 3.61322 3.61462 3.61615 3.61779 3.61956 3.62145 3.62347 3.62561 3.62786 3.63023 3.63271 3.63528 3.63794 3.64067 3.64346 3.6463 3.64916 3.65203 3.65489 3.65772 3.6605 3.6632 3.66581 3.6683 3.67065 3.67285 3.67488 3.67671 3.67833 3.67974 3.6809 3.68183 3.68249 3.6829 3.68305 3.68293 3.68255 3.68192 3.68103 3.67989 3.67853 3.67694 3.67515 3.67316 3.67101 3.6687 3.66626 3.6637 3.66105 3.65833 3.65556 3.65277 3.64996 3.64716 3.64439 3.64167 3.63901 3.63643 3.63394 3.63155 3.62927 3.62711 3.62507 3.62316 3.62139 3.61975 3.61824 3.61687 3.61563 3.61451 3.61352 3.61265 3.61189 3.61124 3.61069 3.61023 3.60986 3.60958 3.60937 3.60924 3.60917 3.60916 3.60921 3.60932 
3.60282 3.60303 3.6033 3.60363 3.60402 3.60447 3.60499 3.60557 3.60623 3.60697 3.60779 3.6087 3.60971 3.61083 3.61205 3.6134 3.61487 3.61647 3.6182 3.62007 3.62208 3.62423 3.62652 3.62895 3.63151 3.6342 3.63701 3.63992 3.64293 3.64602 3.64918 3.65238 3.65561 3.65885 3.66207 3.66525 3.66837 3.67141 3.67434 3.67713 3.67977 3.68224 3.6845 3.68655 3.68837 3.68993 3.69124 3.69226 3.693 3.69346 3.69362 3.69348 3.69305 3.69233 3.69133 3.69005 3.68852 3.68673 3.68472 3.68249 3.68007 3.67747 3.67472 3.67185 3.66886 3.6658 3.66268 3.65952 3.65636 3.6532 3.65007 3.64699 3.64398 3.64106 3.63823 3.63551 3.63292 3.63046 3.62814 3.62596 3.62394 3.62206 3.62033 3.61875 3.61732 3.61603 3.61488 3.61386 3.61297 3.6122 3.61155 3.611 3.61055 3.6102 3.60994 3.60975 3.60964 3.6096 3.60963 3.60973 
3.60325 3.60346 3.60374 3.60409 3.60451 3.60501 3.60557 3.60622 3.60695 3.60778 3.6087 3.60973 3.61087 3.61214 3.61353 3.61505 3.61672 3.61854 3.62051 3.62264 3.62492 3.62737 3.62997 3.63273 3.63563 3.63868 3.64186 3.64515 3.64856 3.65205 3.65561 3.65922 3.66286 3.6665 3.67012 3.6737 3.67721 3.68061 3.68389 3.68703 3.68998 3.69274 3.69527 3.69756 3.69959 3.70134 3.70279 3.70393 3.70475 3.70525 3.70542 3.70526 3.70478 3.70397 3.70284 3.70141 3.69969 3.69768 3.69542 3.69292 3.6902 3.68729 3.6842 3.68097 3.67762 3.67417 3.67066 3.6671 3.66353 3.65997 3.65644 3.65297 3.64956 3.64625 3.64305 3.63997 3.63703 3.63423 3.63159 3.62911 3.6268 3.62465 3.62267 3.62086 3.61922 3.61773 3.6164 3.61522 3.61418 3.61328 3.61251 3.61185 3.61132 3.61088 3.61055 3.61031 3.61016 3.61008 3.61009 3.61016 
3.60371 3.60392 3.60422 3.60459 3.60505 3.60558 3.60621 3.60693 3.60775 3.60867 3.60971 3.61087 3.61216 3.61359 3.61517 3.6169 3.6188 3.62086 3.6231 3.62551 3.6281 3.63087 3.63382 3.63694 3.64023 3.64368 3.64727 3.65099 3.65483 3.65876 3.66277 3.66684 3.67093 3.67502 3.67908 3.68309 3.68702 3.69083 3.69451 3.69801 3.70131 3.70439 3.70721 3.70976 3.71202 3.71396 3.71558 3.71684 3.71776 3.71831 3.71849 3.71831 3.71776 3.71685 3.71559 3.71399 3.71205 3.70981 3.70728 3.70448 3.70144 3.69817 3.69472 3.69109 3.68734 3.68347 3.67953 3.67553 3.67152 3.66751 3.66354 3.65962 3.65578 3.65204 3.64843 3.64494 3.64161 3.63844 3.63545 3.63263 3.62999 3.62755 3.62529 3.62322 3.62133 3.61962 3.61809 3.61672 3.61552 3.61447 3.61356 3.61279 3.61215 3.61163 3.61122 3.61092 3.61071 3.6106 3.61057 3.61063 
3.6042 3.60442 3.60473 3.60513 3.60562 3.60621 3.60691 3.60771 3.60862 3.60966 3.61083 3.61214 3.61359 3.61521 3.61699 3.61896 3.6211 3.62344 3.62597 3.6287 3.63164 3.63477 3.6381 3.64163 3.64534 3.64922 3.65327 3.65746 3.66178 3.6662 3.6707 3.67526 3.67984 3.68442 3.68897 3.69345 3.69784 3.7021 3.70619 3.71009 3.71377 3.71719 3.72033 3.72317 3.72568 3.72783 3.72962 3.73102 3.73203 3.73264 3.73284 3.73263 3.73201 3.73099 3.72958 3.72779 3.72564 3.72314 3.72032 3.7172 3.7138 3.71015 3.70629 3.70224 3.69804 3.69372 3.6893 3.68483 3.68033 3.67584 3.67137 3.66697 3.66266 3.65845 3.65437 3.65045 3.64669 3.64311 3.63972 3.63652 3.63354 3.63076 3.62819 3.62582 3.62367 3.62171 3.61996 3.61839 3.617 3.61578 3.61472 3.61382 3.61307 3.61245 3.61195 3.61158 3.61131 3.61116 3.6111 3.61113 
3.60473 3.60495 3.60528 3.60571 3.60625 3.6069 3.60766 3.60855 3.60958 3.61074 3.61205 3.61353 3.61517 3.61699 3.61901 3.62122 3.62365 3.62629 3.62915 3.63223 3.63554 3.63907 3.64282 3.64679 3.65097 3.65533 3.65988 3.66458 3.66941 3.67437 3.6794 3.6845 3.68961 3.69473 3.6998 3.70479 3.70967 3.71441 3.71896 3.72329 3.72737 3.73117 3.73465 3.73779 3.74056 3.74295 3.74492 3.74647 3.74758 3.74825 3.74846 3.74823 3.74754 3.7464 3.74483 3.74284 3.74045 3.73767 3.73454 3.73106 3.72728 3.72323 3.71893 3.71443 3.70975 3.70493 3.7 3.69501 3.68999 3.68496 3.67997 3.67504 3.6702 3.66549 3.66091 3.6565 3.65227 3.64824 3.64442 3.64081 3.63744 3.63429 3.63138 3.6287 3.62625 3.62402 3.62201 3.62021 3.61862 3.61722 3.616 3.61495 3.61407 3.61334 3.61275 3.61229 3.61196 3.61176 3.61166 3.61167 
3.6053 3.60552 3.60587 3.60633 3.60692 3.60764 3.60849 3.60948 3.61062 3.61192 3.6134 3.61505 3.6169 3.61896 3.62122 3.62372 3.62645 3.62942 3.63263 3.6361 3.63982 3.64379 3.648 3.65246 3.65713 3.66202 3.6671 3.67236 3.67776 3.68328 3.68889 3.69457 3.70026 3.70594 3.71158 3.71712 3.72253 3.72777 3.73281 3.73761 3.74212 3.74631 3.75016 3.75362 3.75668 3.75931 3.76148 3.76318 3.76441 3.76513 3.76536 3.76509 3.76433 3.76307 3.76133 3.75913 3.75648 3.75341 3.74993 3.74609 3.7419 3.73741 3.73265 3.72765 3.72246 3.7171 3.71163 3.70608 3.70049 3.6949 3.68933 3.68384 3.67844 3.67317 3.66805 3.66311 3.65837 3.65385 3.64956 3.64551 3.64171 3.63816 3.63488 3.63185 3.62907 3.62654 3.62426 3.62222 3.62039 3.61879 3.61739 3.61618 3.61516 3.6143 3.61361 3.61307 3.61267 3.6124 3.61227 3.61226 
3.60591 3.60614 3.60651 3.60701 3.60765 3.60844 3.60939 3.61049 3.61176 3.61322 3.61487 3.61672 3.6188 3.6211 3.62365 3.62645 3.62951 3.63284 3.63645 3.64033 3.6445 3.64894 3.65365 3.65863 3.66385 3.6693 3.67496 3.68081 3.68682 3.69295 3.69918 3.70547 3.71179 3.71808 3.72431 3.73043 3.73641 3.7422 3.74775 3.75303 3.758 3.76261 3.76684 3.77065 3.77401 3.77689 3.77927 3.78114 3.78248 3.78327 3.78352 3.78322 3.78237 3.78098 3.77906 3.77663 3.77372 3.77033 3.7665 3.76226 3.75764 3.75269 3.74743 3.74191 3.73617 3.73025 3.7242 3.71805 3.71185 3.70565 3.69948 3.69337 3.68737 3.6815 3.6758 3.6703 3.66501 3.65995 3.65515 3.65062 3.64636 3.64238 3.63869 3.63528 3.63215 3.6293 3.62672 3.6244 3.62233 3.6205 3.6189 3.61752 3.61634 3.61535 3.61454 3.6139 3.61343 3.6131 3.61292 3.61288 
3.60657 3.60681 3.6072 3.60774 3.60845 3.60931 3.61036 3.61158 3.613 3.61462 3.61647 3.61854 3.62086 3.62344 3.62629 3.62942 3.63284 3.63656 3.64059 3.64493 3.64958 3.65453 3.65978 3.66531 3.67111 3.67717 3.68345 3.68994 3.69659 3.70338 3.71027 3.71722 3.72418 3.73112 3.73798 3.74472 3.7513 3.75766 3.76375 3.76955 3.775 3.78005 3.78468 3.78885 3.79252 3.79567 3.79828 3.80031 3.80177 3.80263 3.8029 3.80256 3.80162 3.8001 3.798 3.79533 3.79213 3.78841 3.78421 3.77956 3.77449 3.76904 3.76326 3.75719 3.75087 3.74436 3.73769 3.73091 3.72407 3.71722 3.71039 3.70364 3.69699 3.69049 3.68417 3.67805 3.67217 3.66655 3.66121 3.65615 3.6514 3.64695 3.64282 3.639 3.63549 3.63228 3.62938 3.62676 3.62443 3.62236 3.62054 3.61896 3.61762 3.61648 3.61555 3.61481 3.61425 3.61385 3.61363 3.61356 
3.60728 3.60752 3.60794 3.60853 3.6093 3.61026 3.61141 3.61277 3.61434 3.61615 3.6182 3.62051 3.6231 3.62597 3.62915 3.63263 3.63645 3.64059 3.64508 3.6499 3.65506 3.66056 3.66638 3.67251 3.67894 3.68563 3.69258 3.69974 3.70708 3.71456 3.72214 3.72979 3.73744 3.74505 3.75258 3.75997 3.76717 3.77413 3.7808 3.78713 3.79308 3.79859 3.80364 3.80818 3.81218 3.81561 3.81845 3.82066 3.82224 3.82317 3.82346 3.82308 3.82206 3.82039 3.81809 3.81518 3.81168 3.80762 3.80303 3.79795 3.79241 3.78645 3.78012 3.77347 3.76655 3.7594 3.75208 3.74464 3.73713 3.72959 3.72208 3.71463 3.7073 3.70013 3.69315 3.68639 3.67988 3.67365 3.66772 3.66211 3.65682 3.65188 3.64727 3.64301 3.63909 3.63551 3.63226 3.62932 3.62669 3.62436 3.62231 3.62053 3.619 3.6177 3.61663 3.61578 3.61513 3.61466 3.61438 3.61428 
3.60803 3.60829 3.60873 3.60937 3.61022 3.61127 3.61254 3.61404 3.61579 3.61779 3.62007 3.62264 3.62551 3.6287 3.63223 3.6361 3.64033 3.64493 3.6499 3.65524 3.66095 3.66703 3.67346 3.68023 3.68731 3.69469 3.70233 3.7102 3.71826 3.72647 3.73479 3.74316 3.75153 3.75986 3.76808 3.77614 3.784 3.79158 3.79884 3.80573 3.81219 3.81819 3.82367 3.8286 3.83294 3.83665 3.83972 3.84212 3.84383 3.84484 3.84513 3.84472 3.84361 3.84179 3.83929 3.83613 3.83233 3.82791 3.82292 3.81738 3.81135 3.80486 3.79797 3.79072 3.78317 3.77536 3.76736 3.75922 3.751 3.74275 3.73451 3.72635 3.7183 3.71041 3.70273 3.69529 3.68811 3.68124 3.67469 3.66849 3.66264 3.65716 3.65205 3.64732 3.64296 3.63897 3.63535 3.63207 3.62913 3.62652 3.62421 3.62221 3.62048 3.61901 3.6178 3.61682 3.61607 3.61553 3.6152 3.61506 
3.60885 3.60911 3.60958 3.61028 3.6112 3.61236 3.61376 3.61541 3.61734 3.61956 3.62208 3.62492 3.6281 3.63164 3.63554 3.63982 3.6445 3.64958 3.65506 3.66095 3.66725 3.67394 3.68101 3.68845 3.69623 3.70432 3.7127 3.72131 3.73013 3.7391 3.74818 3.75731 3.76644 3.7755 3.78444 3.7932 3.80173 3.80996 3.81783 3.82529 3.83229 3.83878 3.8447 3.85003 3.85472 3.85873 3.86204 3.86462 3.86646 3.86754 3.86786 3.86741 3.8662 3.86424 3.86153 3.85811 3.85399 3.84921 3.8438 3.83781 3.83127 3.82423 3.81675 3.80888 3.80067 3.79219 3.78349 3.77463 3.76566 3.75666 3.74767 3.73875 3.72995 3.72132 3.7129 3.70474 3.69687 3.68932 3.68212 3.67529 3.66884 3.6628 3.65716 3.65192 3.6471 3.64268 3.63865 3.63501 3.63174 3.62883 3.62625 3.62401 3.62207 3.62042 3.61905 3.61794 3.61708 3.61646 3.61606 3.61589 
3.60971 3.60998 3.6105 3.61125 3.61226 3.61352 3.61506 3.61688 3.61901 3.62145 3.62423 3.62737 3.63087 3.63477 3.63907 3.64379 3.64894 3.65453 3.66056 3.66703 3.67394 3.68128 3.68902 3.69717 3.70567 3.71451 3.72365 3.73305 3.74265 3.75242 3.76228 3.7722 3.7821 3.79193 3.80161 3.8111 3.82031 3.8292 3.8377 3.84575 3.8533 3.86029 3.86667 3.8724 3.87744 3.88175 3.88531 3.88808 3.89006 3.89121 3.89155 3.89106 3.88975 3.88764 3.88472 3.88103 3.8766 3.87145 3.86561 3.85915 3.85209 3.8445 3.83641 3.8279 3.81903 3.80984 3.80041 3.7908 3.78108 3.7713 3.76153 3.75182 3.74224 3.73283 3.72365 3.71474 3.70613 3.69787 3.68999 3.6825 3.67542 3.66878 3.66258 3.65682 3.6515 3.64662 3.64217 3.63814 3.63452 3.63129 3.62843 3.62592 3.62376 3.62192 3.62038 3.61913 3.61816 3.61745 3.61699 3.61678 
3.61064 3.61092 3.61146 3.61228 3.61338 3.61476 3.61645 3.61845 3.62078 3.62347 3.62652 3.62997 3.63382 3.6381 3.64282 3.648 3.65365 3.65978 3.66638 3.67346 3.68101 3.68902 3.69748 3.70635 3.71562 3.72524 3.73517 3.74537 3.75579 3.76637 3.77706 3.78778 3.79848 3.80909 3.81953 3.82976 3.83968 3.84924 3.85838 3.86703 3.87513 3.88263 3.88947 3.89561 3.90101 3.90563 3.90943 3.9124 3.91451 3.91574 3.9161 3.91557 3.91417 3.91189 3.90877 3.90481 3.90005 3.89452 3.88827 3.88132 3.87374 3.86557 3.85688 3.84771 3.83815 3.82825 3.81808 3.8077 3.79719 3.78661 3.77603 3.76552 3.75513 3.74491 3.73494 3.72524 3.71588 3.70688 3.69828 3.6901 3.68237 3.6751 3.66831 3.66199 3.65616 3.6508 3.6459 3.64146 3.63747 3.6339 3.63073 3.62796 3.62556 3.62351 3.62179 3.6204 3.6193 3.6185 3.61797 3.61772 
3.61162 3.61191 3.61249 3.61338 3.61457 3.61608 3.61792 3.62011 3.62267 3.62561 3.62895 3.63273 3.63694 3.64163 3.64679 3.65246 3.65863 3.66531 3.67251 3.68023 3.68845 3.69717 3.70635 3.71599 3.72604 3.73646 3.74721 3.75824 3.7695 3.78092 3.79244 3.80399 3.81551 3.82691 3.83814 3.84911 3.85975 3.87 3.87978 3.88903 3.8977 3.90571 3.91301 3.91957 3.92533 3.93025 3.9343 3.93746 3.93971 3.94102 3.9414 3.94083 3.93933 3.9369 3.93356 3.92934 3.92426 3.91835 3.91166 3.90423 3.89612 3.88737 3.87806 3.86824 3.85797 3.84734 3.83641 3.82525 3.81394 3.80255 3.79114 3.77979 3.76857 3.75753 3.74673 3.73623 3.72608 3.71631 3.70697 3.69808 3.68966 3.68174 3.67434 3.66744 3.66106 3.6552 3.64983 3.64497 3.64058 3.63665 3.63317 3.63011 3.62746 3.62519 3.62329 3.62173 3.62051 3.61961 3.61901 3.61872 
3.61265 3.61295 3.61358 3.61454 3.61583 3.61747 3.61948 3.62187 3.62465 3.62786 3.63151 3.63563 3.64023 3.64534 3.65097 3.65713 3.66385 3.67111 3.67894 3.68731 3.69623 3.70567 3.71562 3.72604 3.73689 3.74814 3.75973 3.77162 3.78373 3.79601 3.80838 3.82077 3.83311 3.84533 3.85734 3.86906 3.88043 3.89137 3.9018 3.91166 3.92089 3.92941 3.93718 3.94415 3.95027 3.9555 3.9598 3.96315 3.96553 3.96693 3.96732 3.96672 3.96512 3.96254 3.95899 3.95449 3.94909 3.9428 3.93568 3.92777 3.91912 3.9098 3.89986 3.88937 3.87841 3.86704 3.85534 3.84339 3.83126 3.81904 3.80679 3.79459 3.78252 3.77063 3.75899 3.74766 3.7367 3.72614 3.71603 3.7064 3.69728 3.68869 3.68064 3.67314 3.6662 3.65981 3.65396 3.64864 3.64385 3.63955 3.63573 3.63238 3.62946 3.62696 3.62486 3.62315 3.62179 3.62078 3.62011 3.61977 
3.61374 3.61405 3.61473 3.61576 3.61716 3.61894 3.62112 3.62371 3.62674 3.63023 3.6342 3.63868 3.64368 3.64922 3.65533 3.66202 3.6693 3.67717 3.68563 3.69469 3.70432 3.71451 3.72524 3.73646 3.74814 3.76023 3.77269 3.78544 3.79842 3.81156 3.8248 3.83804 3.85122 3.86425 3.87705 3.88954 3.90163 3.91326 3.92434 3.93481 3.94459 3.95363 3.96186 3.96924 3.97571 3.98124 3.98579 3.98933 3.99185 3.99332 3.99374 3.99309 3.9914 3.98867 3.98491 3.98015 3.97442 3.96776 3.96021 3.95182 3.94265 3.93275 3.92218 3.91103 3.89936 3.88725 3.87478 3.86203 3.84908 3.83602 3.82291 3.80985 3.79691 3.78416 3.77166 3.75949 3.74769 3.73633 3.72543 3.71504 3.70519 3.69591 3.6872 3.67908 3.67155 3.66462 3.65827 3.65248 3.64726 3.64258 3.63841 3.63475 3.63156 3.62882 3.62652 3.62463 3.62313 3.62202 3.62127 3.62088 
3.61487 3.61521 3.61592 3.61703 3.61854 3.62047 3.62283 3.62564 3.62893 3.63271 3.63701 3.64186 3.64727 3.65327 3.65988 3.6671 3.67496 3.68345 3.69258 3.70233 3.7127 3.72365 3.73517 3.74721 3.75973 3.77269 3.78601 3.79963 3.8135 3.82752 3.84162 3.85572 3.86974 3.88358 3.89717 3.91042 3.92324 3.93555 3.94727 3.95834 3.96868 3.97822 3.98691 3.99469 4.00152 4.00734 4.01214 4.01587 4.01852 4.02006 4.0205 4.01982 4.01804 4.01516 4.01119 4.00618 4.00013 3.99311 3.98513 3.97627 3.96657 3.95609 3.94491 3.9331 3.92073 3.90788 3.89464 3.88109 3.86731 3.8534 3.83944 3.82551 3.81169 3.79806 3.7847 3.77166 3.75902 3.74683 3.73513 3.72397 3.71337 3.70338 3.69399 3.68523 3.67711 3.66961 3.66274 3.65648 3.65081 3.64573 3.6412 3.63722 3.63374 3.63076 3.62824 3.62617 3.62453 3.6233 3.62248 3.62204 
3.61606 3.61641 3.61717 3.61836 3.61999 3.62207 3.62462 3.62765 3.6312 3.63528 3.63992 3.64515 3.65099 3.65746 3.66458 3.67236 3.68081 3.68994 3.69974 3.7102 3.72131 3.73305 3.74537 3.75824 3.77162 3.78544 3.79963 3.81414 3.82889 3.84379 3.85876 3.87372 3.88857 3.90323 3.9176 3.9316 3.94513 3.95812 3.97049 3.98214 3.99303 4.00307 4.0122 4.02038 4.02755 4.03367 4.0387 4.04261 4.04539 4.04701 4.04747 4.04676 4.04488 4.04186 4.0377 4.03243 4.02608 4.01869 4.0103 4.00097 3.99076 3.97972 3.96793 3.95546 3.9424 3.92881 3.9148 3.90046 3.88586 3.8711 3.85628 3.84147 3.82678 3.81227 3.79803 3.78413 3.77063 3.7576 3.74509 3.73314 3.72178 3.71106 3.70099 3.69157 3.68283 3.67476 3.66735 3.6606 3.65449 3.64899 3.6441 3.63978 3.63601 3.63277 3.63003 3.62778 3.62599 3.62465 3.62374 3.62325 
3.61729 3.61765 3.61847 3.61975 3.62149 3.62373 3.62646 3.62973 3.63355 3.63794 3.64293 3.64856 3.65483 3.66178 3.66941 3.67776 3.68682 3.69659 3.70708 3.71826 3.73013 3.74265 3.75579 3.7695 3.78373 3.79842 3.8135 3.82889 3.84452 3.8603 3.87613 3.89194 3.90762 3.92308 3.93823 3.95297 3.96721 3.98086 3.99385 4.00608 4.0175 4.02802 4.03759 4.04615 4.05366 4.06006 4.06532 4.06941 4.07232 4.07401 4.07449 4.07375 4.07179 4.06862 4.06427 4.05876 4.05211 4.04437 4.03558 4.0258 4.01508 4.0035 3.99111 3.978 3.96425 3.94995 3.93518 3.92004 3.90463 3.88903 3.87335 3.85767 3.8421 3.82671 3.81159 3.79682 3.78246 3.76859 3.75525 3.7425 3.73038 3.71892 3.70815 3.69807 3.68871 3.68005 3.6721 3.66484 3.65826 3.65235 3.64707 3.64241 3.63835 3.63484 3.63188 3.62944 3.6275 3.62603 3.62504 3.6245 
3.61856 3.61894 3.61981 3.62117 3.62304 3.62543 3.62837 3.63187 3.63596 3.64067 3.64602 3.65205 3.65876 3.6662 3.67437 3.68328 3.69295 3.70338 3.71456 3.72647 3.7391 3.75242 3.76637 3.78092 3.79601 3.81156 3.82752 3.84379 3.8603 3.87694 3.89364 3.91028 3.92678 3.94303 3.95894 3.9744 3.98933 4.00363 4.01722 4.03002 4.04195 4.05294 4.06294 4.07187 4.0797 4.08637 4.09185 4.09612 4.09915 4.10091 4.10141 4.10064 4.0986 4.0953 4.09077 4.08502 4.07809 4.07001 4.06084 4.05062 4.03941 4.02729 4.01432 4.00058 3.98617 3.97116 3.95565 3.93973 3.92351 3.90709 3.89056 3.87402 3.85757 3.8413 3.82531 3.80966 3.79445 3.77973 3.76557 3.75202 3.73913 3.72693 3.71544 3.7047 3.6947 3.68545 3.67694 3.66918 3.66213 3.65579 3.65013 3.64512 3.64074 3.63697 3.63378 3.63115 3.62905 3.62746 3.62638 3.62579 
3.61986 3.62026 3.62118 3.62263 3.62463 3.62718 3.63032 3.63406 3.63843 3.64346 3.64918 3.65561 3.66277 3.6707 3.6794 3.68889 3.69918 3.71027 3.72214 3.73479 3.74818 3.76228 3.77706 3.79244 3.80838 3.8248 3.84162 3.85876 3.87613 3.89364 3.91117 3.92864 3.94594 3.96296 3.97961 3.99578 4.01138 4.02631 4.04049 4.05383 4.06625 4.0777 4.08809 4.09738 4.10552 4.11245 4.11815 4.12258 4.12573 4.12756 4.12808 4.12728 4.12517 4.12175 4.11704 4.11106 4.10386 4.09546 4.08592 4.07528 4.0636 4.05097 4.03744 4.02309 4.00803 3.99233 3.97609 3.95942 3.94241 3.92517 3.90781 3.89042 3.87311 3.85597 3.83911 3.8226 3.80653 3.79097 3.77598 3.76164 3.74797 3.73503 3.72283 3.71141 3.70077 3.69093 3.68187 3.67358 3.66606 3.65929 3.65324 3.64788 3.64319 3.63915 3.63572 3.63289 3.63063 3.62893 3.62776 3.62712 
3.62119 3.62161 3.62258 3.62412 3.62624 3.62896 3.6323 3.63629 3.64094 3.6463 3.65238 3.65922 3.66684 3.67526 3.6845 3.69457 3.70547 3.71722 3.72979 3.74316 3.75731 3.7722 3.78778 3.80399 3.82077 3.83804 3.85572 3.87372 3.89194 3.91028 3.92864 3.94691 3.96499 3.98276 4.00013 4.01698 4.03322 4.04876 4.0635 4.07736 4.09027 4.10214 4.11292 4.12255 4.13098 4.13816 4.14407 4.14866 4.15191 4.15381 4.15435 4.15353 4.15134 4.1478 4.14293 4.13675 4.12929 4.12058 4.11068 4.09964 4.08752 4.07439 4.06032 4.0454 4.0297 4.01334 3.9964 3.97899 3.96121 3.94318 3.925 3.90678 3.88862 3.87063 3.85291 3.83555 3.81863 3.80224 3.78644 3.77129 3.75686 3.74317 3.73027 3.71818 3.7069 3.69646 3.68684 3.67804 3.67004 3.66283 3.65639 3.65067 3.64567 3.64136 3.6377 3.63467 3.63225 3.63042 3.62916 3.62847 
3.62254 3.62297 3.624 3.62563 3.62788 3.63077 3.63431 3.63854 3.64348 3.64916 3.65561 3.66286 3.67093 3.67984 3.68961 3.70026 3.71179 3.72418 3.73744 3.75153 3.76644 3.7821 3.79848 3.81551 3.83311 3.85122 3.86974 3.88857 3.90762 3.92678 3.94594 3.96499 3.98382 4.00232 4.02037 4.03788 4.05474 4.07086 4.08614 4.10049 4.11385 4.12613 4.13728 4.14723 4.15594 4.16336 4.16945 4.17419 4.17755 4.17951 4.18008 4.17923 4.17698 4.17333 4.16831 4.16193 4.15422 4.14523 4.135 4.12358 4.11104 4.09744 4.08285 4.06737 4.05108 4.03407 4.01645 3.99833 3.97981 3.96101 3.94204 3.923 3.90402 3.8852 3.86663 3.84843 3.83068 3.81347 3.79686 3.78094 3.76574 3.75132 3.73772 3.72495 3.71305 3.702 3.69183 3.68251 3.67404 3.6664 3.65956 3.65349 3.64818 3.64359 3.63969 3.63646 3.63388 3.63193 3.63058 3.62984 
3.62389 3.62435 3.62543 3.62715 3.62953 3.63258 3.63633 3.64081 3.64603 3.65203 3.65885 3.6665 3.67502 3.68442 3.69473 3.70594 3.71808 3.73112 3.74505 3.75986 3.7755 3.79193 3.80909 3.82691 3.84533 3.86425 3.88358 3.90323 3.92308 3.94303 3.96296 3.98276 4.00232 4.02151 4.04023 4.05836 4.07581 4.09248 4.10827 4.12309 4.13688 4.14955 4.16104 4.17129 4.18026 4.1879 4.19417 4.19905 4.20251 4.20453 4.20511 4.20425 4.20194 4.19819 4.19302 4.18646 4.17853 4.16927 4.15873 4.14696 4.13401 4.11997 4.10489 4.08888 4.07202 4.0544 4.03614 4.01733 3.9981 3.97856 3.95881 3.93899 3.91921 3.89957 3.8802 3.86118 3.84261 3.8246 3.8072 3.7905 3.77456 3.75942 3.74512 3.7317 3.71916 3.70753 3.69681 3.68698 3.67804 3.66996 3.66273 3.65631 3.65069 3.64582 3.64169 3.63827 3.63552 3.63345 3.63201 3.63121 
3.62525 3.62572 3.62686 3.62868 3.63118 3.6344 3.63835 3.64306 3.64857 3.65489 3.66207 3.67012 3.67908 3.68897 3.6998 3.71158 3.72431 3.73798 3.75258 3.76808 3.78444 3.80161 3.81953 3.83814 3.85734 3.87705 3.89717 3.9176 3.93823 3.95894 3.97961 4.00013 4.02037 4.04023 4.05957 4.0783 4.09631 4.1135 4.12977 4.14503 4.15922 4.17225 4.18406 4.1946 4.20381 4.21165 4.21809 4.2231 4.22665 4.22873 4.22933 4.22845 4.22609 4.22225 4.21695 4.21022 4.20208 4.19258 4.18174 4.16964 4.15632 4.14186 4.12633 4.10982 4.09241 4.07422 4.05534 4.03588 4.01597 3.99571 3.97523 3.95466 3.9341 3.91368 3.89351 3.8737 3.85435 3.83555 3.81739 3.79993 3.78326 3.76741 3.75244 3.73836 3.72522 3.71301 3.70174 3.69141 3.682 3.6735 3.66588 3.65912 3.65318 3.64805 3.64369 3.64007 3.63716 3.63496 3.63344 3.63259 
3.6266 3.62709 3.62828 3.63019 3.63282 3.6362 3.64035 3.6453 3.65108 3.65772 3.66525 3.6737 3.68309 3.69345 3.70479 3.71712 3.73043 3.74472 3.75997 3.77614 3.7932 3.8111 3.82976 3.84911 3.86906 3.88954 3.91042 3.9316 3.95297 3.9744 3.99578 4.01698 4.03788 4.05836 4.0783 4.09759 4.11613 4.1338 4.15052 4.1662 4.18075 4.19412 4.20623 4.21703 4.22646 4.23449 4.24109 4.24622 4.24985 4.25199 4.25261 4.25172 4.2493 4.24538 4.23997 4.23308 4.22476 4.21502 4.20392 4.19151 4.17784 4.16299 4.14704 4.13006 4.11214 4.0934 4.07394 4.05387 4.0333 4.01237 3.99119 3.96989 3.9486 3.92742 3.9065 3.88592 3.86581 3.84625 3.82735 3.80917 3.79178 3.77525 3.75961 3.74491 3.73117 3.7184 3.7066 3.69577 3.68591 3.67699 3.66899 3.66189 3.65565 3.65025 3.64566 3.64185 3.63879 3.63647 3.63486 3.63396 
3.62793 3.62844 3.62968 3.63168 3.63443 3.63797 3.64232 3.6475 3.65355 3.6605 3.66837 3.67721 3.68702 3.69784 3.70967 3.72253 3.73641 3.7513 3.76717 3.784 3.80173 3.82031 3.83968 3.85975 3.88043 3.90163 3.92324 3.94513 3.96721 3.98933 4.01138 4.03322 4.05474 4.07581 4.09631 4.11613 4.13515 4.15328 4.17041 4.18647 4.20137 4.21505 4.22743 4.23847 4.24811 4.25632 4.26305 4.26829 4.27201 4.2742 4.27484 4.27393 4.27147 4.26748 4.26196 4.25494 4.24644 4.23649 4.22515 4.21245 4.19847 4.18326 4.16691 4.14949 4.1311 4.11185 4.09184 4.07119 4.05002 4.02844 4.0066 3.98461 3.96261 3.94072 3.91907 3.89777 3.87692 3.85665 3.83702 3.81814 3.80007 3.78288 3.76661 3.7513 3.73697 3.72365 3.71134 3.70004 3.68973 3.68041 3.67204 3.66461 3.65807 3.65241 3.6476 3.6436 3.64039 3.63795 3.63626 3.63531 
3.62923 3.62976 3.63105 3.63313 3.63601 3.6397 3.64424 3.64964 3.65595 3.6632 3.67141 3.68061 3.69083 3.7021 3.71441 3.72777 3.7422 3.75766 3.77413 3.79158 3.80996 3.8292 3.84924 3.87 3.89137 3.91326 3.93555 3.95812 3.98086 4.00363 4.02631 4.04876 4.07086 4.09248 4.1135 4.1338 4.15328 4.17182 4.18934 4.20575 4.22097 4.23493 4.24756 4.25882 4.26865 4.27701 4.28388 4.28922 4.29301 4.29524 4.2959 4.29498 4.29249 4.28843 4.28282 4.27567 4.26702 4.25688 4.24532 4.23237 4.21809 4.20255 4.18583 4.16801 4.14919 4.12946 4.10894 4.08775 4.066 4.04383 4.02136 3.99873 3.97606 3.9535 3.93115 3.90916 3.88762 3.86665 3.84635 3.8268 3.80808 3.79025 3.77337 3.75747 3.74259 3.72874 3.71594 3.70417 3.69344 3.68373 3.675 3.66725 3.66043 3.65452 3.64949 3.64531 3.64195 3.6394 3.63762 3.63663 
3.63049 3.63103 3.63238 3.63454 3.63753 3.64137 3.64609 3.65172 3.65828 3.66581 3.67434 3.68389 3.69451 3.70619 3.71896 3.73281 3.74775 3.76375 3.7808 3.79884 3.81783 3.8377 3.85838 3.87978 3.9018 3.92434 3.94727 3.97049 3.99385 4.01722 4.04049 4.0635 4.08614 4.10827 4.12977 4.15052 4.17041 4.18934 4.20722 4.22395 4.23946 4.25367 4.26653 4.27799 4.28799 4.29649 4.30347 4.30891 4.31277 4.31504 4.31572 4.31479 4.31227 4.30815 4.30246 4.2952 4.2864 4.2761 4.26433 4.25115 4.2366 4.22077 4.20371 4.18553 4.1663 4.14614 4.12515 4.10345 4.08117 4.05844 4.03539 4.01215 3.98886 3.96566 3.94267 3.92002 3.89783 3.87621 3.85526 3.83508 3.81574 3.7973 3.77984 3.76339 3.74798 3.73363 3.72035 3.70815 3.69701 3.68692 3.67786 3.66979 3.6627 3.65655 3.65131 3.64696 3.64346 3.6408 3.63895 3.6379 
3.6317 3.63226 3.63366 3.6359 3.639 3.64298 3.64787 3.6537 3.6605 3.6683 3.67713 3.68703 3.69801 3.71009 3.72329 3.73761 3.75303 3.76955 3.78713 3.80573 3.82529 3.84575 3.86703 3.88903 3.91166 3.93481 3.95834 3.98214 4.00608 4.03002 4.05383 4.07736 4.10049 4.12309 4.14503 4.1662 4.18647 4.20575 4.22395 4.24097 4.25674 4.27118 4.28425 4.29588 4.30603 4.31467 4.32176 4.32727 4.33119 4.3335 4.33419 4.33327 4.33072 4.32655 4.32078 4.31342 4.3045 4.29405 4.28211 4.26871 4.25393 4.23782 4.22047 4.20194 4.18235 4.16178 4.14036 4.11821 4.09544 4.07219 4.04859 4.0248 4.00093 3.97713 3.95354 3.93028 3.90748 3.88525 3.8637 3.84292 3.82299 3.804 3.78599 3.76901 3.7531 3.73828 3.72456 3.71194 3.70041 3.68996 3.68058 3.67222 3.66487 3.65849 3.65306 3.64854 3.64491 3.64214 3.64022 3.63913 
3.63285 3.63343 3.63487 3.63718 3.64038 3.6445 3.64955 3.65558 3.6626 3.67065 3.67977 3.68998 3.70131 3.71377 3.72737 3.74212 3.758 3.775 3.79308 3.81219 3.83229 3.8533 3.87513 3.8977 3.92089 3.94459 3.96868 3.99303 4.0175 4.04195 4.06625 4.09027 4.11385 4.13688 4.15922 4.18075 4.20137 4.22097 4.23946 4.25674 4.27274 4.28739 4.30064 4.31243 4.32272 4.33147 4.33865 4.34424 4.34821 4.35056 4.35127 4.35034 4.34776 4.34356 4.33772 4.33028 4.32125 4.31067 4.29856 4.28498 4.26999 4.25364 4.23601 4.21718 4.19725 4.17633 4.15451 4.13193 4.10872 4.085 4.06091 4.03659 4.01219 3.98785 3.9637 3.93988 3.91651 3.89372 3.8716 3.85027 3.8298 3.81028 3.79176 3.77429 3.75791 3.74265 3.72851 3.7155 3.70362 3.69284 3.68315 3.67452 3.66692 3.66033 3.65471 3.65004 3.64628 3.64341 3.64142 3.64029 
3.63392 3.63452 3.636 3.63839 3.64169 3.64592 3.65113 3.65733 3.66456 3.67285 3.68224 3.69274 3.70439 3.71719 3.73117 3.74631 3.76261 3.78005 3.79859 3.81819 3.83878 3.86029 3.88263 3.90571 3.92941 3.95363 3.97822 4.00307 4.02802 4.05294 4.0777 4.10214 4.12613 4.14955 4.17225 4.19412 4.21505 4.23493 4.25367 4.27118 4.28739 4.30223 4.31564 4.32757 4.33798 4.34683 4.35409 4.35975 4.36377 4.36615 4.36687 4.36594 4.36335 4.3591 4.35321 4.3457 4.33657 4.32587 4.31363 4.29989 4.2847 4.26814 4.25026 4.23117 4.21094 4.18969 4.16752 4.14456 4.12094 4.09679 4.07225 4.04747 4.02259 3.99775 3.97309 3.94875 3.92486 3.90155 3.87892 3.85708 3.83612 3.81611 3.79712 3.7792 3.76239 3.74671 3.73219 3.71882 3.7066 3.69551 3.68554 3.67666 3.66884 3.66205 3.65626 3.65144 3.64756 3.64461 3.64255 3.64139 
3.63492 3.63553 3.63705 3.6395 3.64289 3.64724 3.65258 3.65895 3.66637 3.67488 3.6845 3.69527 3.70721 3.72033 3.73465 3.75016 3.76684 3.78468 3.80364 3.82367 3.8447 3.86667 3.88947 3.91301 3.93718 3.96186 3.98691 4.0122 4.03759 4.06294 4.08809 4.11292 4.13728 4.16104 4.18406 4.20623 4.22743 4.24756 4.26653 4.28425 4.30064 4.31564 4.32919 4.34125 4.35176 4.3607 4.36803 4.37374 4.37781 4.38021 4.38095 4.38002 4.37741 4.37313 4.3672 4.35962 4.35042 4.33961 4.32725 4.31336 4.29801 4.28126 4.26317 4.24384 4.22335 4.2018 4.17932 4.15603 4.13204 4.10751 4.08257 4.05736 4.03204 4.00675 3.98164 3.95684 3.93248 3.9087 3.8856 3.8633 3.84188 3.82143 3.80202 3.78369 3.76649 3.75044 3.73556 3.72187 3.70934 3.69797 3.68774 3.67863 3.6706 3.66363 3.65768 3.65273 3.64875 3.64571 3.6436 3.6424 
3.63583 3.63645 3.63801 3.64051 3.64398 3.64843 3.6539 3.66042 3.66801 3.67671 3.68655 3.69756 3.70976 3.72317 3.73779 3.75362 3.77065 3.78885 3.80818 3.8286 3.85003 3.8724 3.89561 3.91957 3.94415 3.96924 3.99469 4.02038 4.04615 4.07187 4.09738 4.12255 4.14723 4.17129 4.1946 4.21703 4.23847 4.25882 4.27799 4.29588 4.31243 4.32757 4.34125 4.35341 4.36401 4.37302 4.38042 4.38618 4.39028 4.39271 4.39346 4.39253 4.38991 4.38561 4.37963 4.372 4.36273 4.35184 4.33937 4.32536 4.30987 4.29295 4.27467 4.25513 4.23441 4.21261 4.18986 4.16626 4.14196 4.11709 4.09179 4.06621 4.04051 4.01482 3.9893 3.96408 3.93931 3.91511 3.8916 3.86889 3.84707 3.82622 3.80643 3.78773 3.77018 3.7538 3.73861 3.72461 3.71181 3.70019 3.68973 3.68041 3.6722 3.66506 3.65898 3.65391 3.64982 3.64671 3.64455 3.64331 
3.63664 3.63727 3.63886 3.64141 3.64495 3.6495 3.65507 3.66172 3.66946 3.67833 3.68837 3.69959 3.71202 3.72568 3.74056 3.75668 3.77401 3.79252 3.81218 3.83294 3.85472 3.87744 3.90101 3.92533 3.95027 3.97571 4.00152 4.02755 4.05366 4.0797 4.10552 4.13098 4.15594 4.18026 4.20381 4.22646 4.24811 4.26865 4.28799 4.30603 4.32272 4.33798 4.35176 4.36401 4.37469 4.38377 4.39122 4.39702 4.40115 4.4036 4.40436 4.40343 4.4008 4.39648 4.39048 4.3828 4.37346 4.3625 4.34994 4.33583 4.32021 4.30315 4.28472 4.265 4.24408 4.22206 4.19907 4.17522 4.15064 4.12547 4.09987 4.07397 4.04793 4.02189 3.99602 3.97044 3.94531 3.92074 3.89687 3.8738 3.85163 3.83044 3.81031 3.79129 3.77343 3.75676 3.74129 3.72704 3.714 3.70216 3.6915 3.68199 3.67362 3.66634 3.66012 3.65495 3.65078 3.6476 3.64539 3.64413 
3.63734 3.63798 3.6396 3.6422 3.64579 3.65042 3.65609 3.66285 3.67072 3.67974 3.68993 3.70134 3.71396 3.72783 3.74295 3.75931 3.77689 3.79567 3.81561 3.83665 3.85873 3.88175 3.90563 3.93025 3.9555 3.98124 4.00734 4.03367 4.06006 4.08637 4.11245 4.13816 4.16336 4.1879 4.21165 4.23449 4.25632 4.27701 4.29649 4.31467 4.33147 4.34683 4.3607 4.37302 4.38377 4.3929 4.4004 4.40623 4.41039 4.41286 4.41363 4.4127 4.41006 4.40573 4.39969 4.39197 4.38259 4.37157 4.35894 4.34474 4.32902 4.31184 4.29327 4.2734 4.25231 4.23011 4.20692 4.18285 4.15804 4.13262 4.10676 4.08058 4.05426 4.02793 4.00176 3.97588 3.95043 3.92556 3.90138 3.878 3.85553 3.83405 3.81364 3.79435 3.77622 3.7593 3.7436 3.72913 3.71588 3.70385 3.69301 3.68335 3.67484 3.66743 3.66112 3.65585 3.65161 3.64838 3.64612 3.64484 
3.63793 3.63858 3.64022 3.64285 3.6465 3.65119 3.65694 3.66379 3.67176 3.6809 3.69124 3.70279 3.71558 3.72962 3.74492 3.76148 3.77927 3.79828 3.81845 3.83972 3.86204 3.88531 3.90943 3.9343 3.9598 3.98579 4.01214 4.0387 4.06532 4.09185 4.11815 4.14407 4.16945 4.19417 4.21809 4.24109 4.26305 4.28388 4.30347 4.32176 4.33865 4.35409 4.36803 4.38042 4.39122 4.4004 4.40793 4.41379 4.41797 4.42046 4.42124 4.42031 4.41766 4.41331 4.40725 4.39951 4.39008 4.37901 4.36632 4.35204 4.33624 4.31897 4.30029 4.28029 4.25907 4.23672 4.21336 4.18911 4.16411 4.1385 4.11242 4.08602 4.05947 4.0329 4.00648 3.98035 3.95465 3.92953 3.9051 3.88147 3.85875 3.83703 3.81639 3.79687 3.77853 3.7614 3.74551 3.73086 3.71744 3.70525 3.69428 3.68449 3.67585 3.66835 3.66194 3.65661 3.65231 3.64902 3.64674 3.64544 
3.6384 3.63906 3.64071 3.64338 3.64706 3.6518 3.65761 3.66453 3.67259 3.68183 3.69226 3.70393 3.71684 3.73102 3.74647 3.76318 3.78114 3.80031 3.82066 3.84212 3.86462 3.88808 3.9124 3.93746 3.96315 3.98933 4.01587 4.04261 4.06941 4.09612 4.12258 4.14866 4.17419 4.19905 4.2231 4.24622 4.26829 4.28922 4.30891 4.32727 4.34424 4.35975 4.37374 4.38618 4.39702 4.40623 4.41379 4.41968 4.42388 4.42637 4.42716 4.42623 4.42358 4.41922 4.41314 4.40537 4.39592 4.3848 4.37206 4.35773 4.34186 4.32451 4.30575 4.28566 4.26433 4.24186 4.21837 4.19399 4.16884 4.14307 4.11682 4.09025 4.06352 4.03677 4.01015 3.98383 3.95794 3.93262 3.90799 3.88418 3.86127 3.83936 3.81854 3.79884 3.78034 3.76305 3.74701 3.73221 3.71867 3.70636 3.69527 3.68538 3.67666 3.66908 3.6626 3.65721 3.65286 3.64954 3.64723 3.64592 
3.63875 3.63941 3.64108 3.64376 3.64747 3.65225 3.6581 3.66507 3.67319 3.68249 3.693 3.70475 3.71776 3.73203 3.74758 3.76441 3.78248 3.80177 3.82224 3.84383 3.86646 3.89006 3.91451 3.93971 3.96553 3.99185 4.01852 4.04539 4.07232 4.09915 4.12573 4.15191 4.17755 4.20251 4.22665 4.24985 4.27201 4.29301 4.31277 4.33119 4.34821 4.36377 4.37781 4.39028 4.40115 4.41039 4.41797 4.42388 4.42809 4.43059 4.43138 4.43045 4.4278 4.42343 4.41734 4.40955 4.40007 4.38893 4.37615 4.36178 4.34586 4.32845 4.30963 4.28947 4.26806 4.24551 4.22193 4.19744 4.17219 4.14631 4.11994 4.09325 4.06639 4.03951 4.01276 3.9863 3.96028 3.93482 3.91005 3.8861 3.86306 3.84102 3.82007 3.80025 3.78163 3.76423 3.74808 3.73319 3.71955 3.70716 3.69599 3.68603 3.67724 3.6696 3.66308 3.65764 3.65327 3.64992 3.64759 3.64627 
3.63897 3.63964 3.64131 3.644 3.64773 3.65253 3.65841 3.66541 3.67356 3.6829 3.69346 3.70525 3.71831 3.73264 3.74825 3.76513 3.78327 3.80263 3.82317 3.84484 3.86754 3.89121 3.91574 3.94102 3.96693 3.99332 4.02006 4.04701 4.07401 4.10091 4.12756 4.15381 4.17951 4.20453 4.22873 4.25199 4.2742 4.29524 4.31504 4.3335 4.35056 4.36615 4.38021 4.39271 4.4036 4.41286 4.42046 4.42637 4.43059 4.4331 4.4339 4.43296 4.43031 4.42593 4.41983 4.41203 4.40253 4.39137 4.37857 4.36417 4.34822 4.33078 4.31191 4.2917 4.27025 4.24764 4.22401 4.19946 4.17415 4.1482 4.12176 4.095 4.06806 4.0411 4.01428 3.98775 3.96164 3.9361 3.91126 3.88723 3.86411 3.842 3.82097 3.80109 3.7824 3.76494 3.74873 3.73377 3.72008 3.70764 3.69643 3.68643 3.6776 3.66993 3.66338 3.65792 3.65352 3.65016 3.64782 3.64649 
