5.43564 5.43583 5.43609 5.43644 5.43688 5.4374 5.438 5.43869 5.43947 5.44033 5.44129 5.44233 5.44347 5.44469 5.44601 5.44742 5.44892 5.45051 5.45219 5.45395 5.4558 5.45773 5.45974 5.46182 5.46396 5.46615 5.4684 5.47069 5.473 5.47534 5.47769 5.48004 5.48237 5.48468 5.48695 5.48917 5.49132 5.49339 5.49538 5.49726 5.49902 5.50066 5.50216 5.50351 5.5047 5.50573 5.50658 5.50725 5.50775 5.50805 5.50817 5.5081 5.50784 5.50739 5.50677 5.50596 5.50498 5.50384 5.50254 5.5011 5.49952 5.49782 5.496 5.49408 5.49208 5.49 5.48786 5.48566 5.48344 5.48119 5.47894 5.47668 5.47444 5.47223 5.47006 5.46793 5.46585 5.46384 5.46191 5.46004 5.45827 5.45657 5.45498 5.45347 5.45206 5.45075 5.44955 5.44844 5.44743 5.44652 5.44571 5.44499 5.44438 5.44385 5.44342 5.44309 5.44284 5.44268 5.4426 5.44262 
5.43583 5.43601 5.43628 5.43663 5.43706 5.43759 5.43819 5.43889 5.43967 5.44054 5.4415 5.44255 5.44369 5.44492 5.44625 5.44767 5.44918 5.45078 5.45247 5.45425 5.45612 5.45806 5.46008 5.46217 5.46433 5.46654 5.46881 5.47111 5.47345 5.47581 5.47818 5.48054 5.4829 5.48522 5.48751 5.48974 5.49191 5.49401 5.496 5.4979 5.49968 5.50133 5.50284 5.5042 5.5054 5.50644 5.5073 5.50798 5.50847 5.50878 5.5089 5.50883 5.50856 5.50811 5.50748 5.50667 5.50568 5.50453 5.50322 5.50177 5.50018 5.49846 5.49663 5.49469 5.49267 5.49057 5.48841 5.4862 5.48396 5.48169 5.47942 5.47715 5.47489 5.47266 5.47047 5.46832 5.46623 5.4642 5.46225 5.46037 5.45858 5.45688 5.45526 5.45375 5.45233 5.45101 5.44979 5.44867 5.44765 5.44674 5.44592 5.4452 5.44458 5.44405 5.44362 5.44328 5.44303 5.44286 5.44279 5.4428 
5.43609 5.43628 5.43655 5.4369 5.43734 5.43787 5.43849 5.4392 5.43999 5.44088 5.44186 5.44293 5.44409 5.44535 5.4467 5.44815 5.44969 5.45132 5.45305 5.45487 5.45677 5.45875 5.46081 5.46295 5.46515 5.46741 5.46972 5.47207 5.47446 5.47686 5.47928 5.4817 5.4841 5.48647 5.4888 5.49108 5.4933 5.49543 5.49747 5.4994 5.50122 5.5029 5.50444 5.50583 5.50705 5.5081 5.50898 5.50968 5.51018 5.51049 5.51061 5.51054 5.51027 5.50981 5.50916 5.50833 5.50733 5.50615 5.50482 5.50333 5.5017 5.49995 5.49808 5.49611 5.49404 5.4919 5.4897 5.48744 5.48515 5.48284 5.48051 5.4782 5.47589 5.47361 5.47137 5.46918 5.46705 5.46498 5.46298 5.46106 5.45923 5.45749 5.45584 5.45429 5.45284 5.45149 5.45024 5.4491 5.44806 5.44712 5.44628 5.44554 5.44491 5.44437 5.44392 5.44357 5.44331 5.44314 5.44306 5.44307 
5.43644 5.43663 5.4369 5.43727 5.43772 5.43826 5.4389 5.43962 5.44044 5.44135 5.44236 5.44347 5.44467 5.44596 5.44736 5.44886 5.45045 5.45214 5.45392 5.45579 5.45776 5.45981 5.46194 5.46414 5.46642 5.46875 5.47114 5.47357 5.47603 5.47851 5.48101 5.4835 5.48598 5.48843 5.49084 5.49319 5.49547 5.49767 5.49977 5.50177 5.50364 5.50537 5.50696 5.50839 5.50965 5.51073 5.51164 5.51235 5.51287 5.51319 5.51331 5.51323 5.51295 5.51248 5.51181 5.51095 5.50991 5.5087 5.50732 5.50579 5.50411 5.5023 5.50037 5.49833 5.4962 5.49398 5.49171 5.48938 5.48701 5.48462 5.48222 5.47983 5.47745 5.47509 5.47278 5.47051 5.4683 5.46616 5.4641 5.46211 5.46022 5.45841 5.45671 5.4551 5.4536 5.4522 5.4509 5.44972 5.44864 5.44766 5.44679 5.44602 5.44536 5.44479 5.44433 5.44396 5.44368 5.4435 5.44342 5.44342 
5.43688 5.43706 5.43734 5.43772 5.43819 5.43875 5.43941 5.44016 5.44101 5.44197 5.44302 5.44417 5.44542 5.44677 5.44823 5.44979 5.45145 5.45322 5.45508 5.45704 5.45909 5.46123 5.46346 5.46576 5.46813 5.47057 5.47306 5.47559 5.47816 5.48076 5.48336 5.48596 5.48854 5.4911 5.49361 5.49606 5.49844 5.50073 5.50292 5.50499 5.50694 5.50874 5.51039 5.51188 5.51319 5.51432 5.51526 5.516 5.51654 5.51687 5.51699 5.51691 5.51662 5.51612 5.51542 5.51453 5.51344 5.51217 5.51074 5.50914 5.50739 5.5055 5.50348 5.50136 5.49913 5.49682 5.49445 5.49202 5.48955 5.48705 5.48455 5.48205 5.47956 5.4771 5.47468 5.47231 5.47 5.46776 5.4656 5.46352 5.46154 5.45965 5.45786 5.45618 5.4546 5.45313 5.45178 5.45053 5.44939 5.44837 5.44745 5.44664 5.44594 5.44534 5.44484 5.44445 5.44416 5.44396 5.44386 5.44386 
5.4374 5.43759 5.43787 5.43826 5.43875 5.43934 5.44003 5.44082 5.44171 5.44271 5.44382 5.44503 5.44635 5.44778 5.44931 5.45096 5.45271 5.45457 5.45653 5.4586 5.46076 5.46302 5.46537 5.46779 5.4703 5.47286 5.47549 5.47816 5.48086 5.48359 5.48633 5.48907 5.49179 5.49447 5.49711 5.49969 5.50219 5.5046 5.5069 5.50908 5.51112 5.51302 5.51475 5.51631 5.51768 5.51887 5.51985 5.52063 5.52119 5.52153 5.52166 5.52157 5.52126 5.52073 5.52 5.51905 5.51791 5.51658 5.51506 5.51338 5.51154 5.50955 5.50743 5.50519 5.50285 5.50042 5.49792 5.49536 5.49276 5.49013 5.48749 5.48485 5.48223 5.47963 5.47708 5.47458 5.47214 5.46978 5.46749 5.4653 5.4632 5.4612 5.45931 5.45752 5.45585 5.4543 5.45286 5.45153 5.45032 5.44923 5.44825 5.44739 5.44664 5.446 5.44547 5.44504 5.44472 5.44451 5.44439 5.44438 
5.438 5.43819 5.43849 5.4389 5.43941 5.44003 5.44075 5.44159 5.44254 5.4436 5.44477 5.44606 5.44746 5.44898 5.45061 5.45236 5.45422 5.4562 5.45828 5.46048 5.46278 5.46518 5.46767 5.47025 5.47291 5.47564 5.47842 5.48126 5.48413 5.48703 5.48993 5.49283 5.49572 5.49856 5.50136 5.50409 5.50674 5.50928 5.51172 5.51402 5.51619 5.51819 5.52002 5.52167 5.52312 5.52437 5.52541 5.52622 5.52682 5.52718 5.52731 5.52721 5.52688 5.52632 5.52553 5.52453 5.52332 5.52191 5.5203 5.51852 5.51656 5.51445 5.51221 5.50983 5.50735 5.50477 5.50212 5.4994 5.49664 5.49385 5.49104 5.48824 5.48545 5.4827 5.47998 5.47732 5.47473 5.47221 5.46978 5.46744 5.4652 5.46307 5.46105 5.45914 5.45736 5.45569 5.45415 5.45273 5.45143 5.45026 5.44921 5.44828 5.44747 5.44678 5.4462 5.44574 5.44538 5.44514 5.44501 5.44499 
5.43869 5.43889 5.4392 5.43962 5.44016 5.44082 5.44159 5.44248 5.44349 5.44462 5.44587 5.44725 5.44875 5.45037 5.45212 5.45399 5.45598 5.4581 5.46033 5.46268 5.46514 5.46771 5.47038 5.47314 5.47598 5.47889 5.48187 5.4849 5.48797 5.49106 5.49416 5.49725 5.50033 5.50336 5.50634 5.50925 5.51207 5.51478 5.51738 5.51983 5.52213 5.52426 5.5262 5.52796 5.5295 5.53083 5.53192 5.53279 5.53342 5.5338 5.53393 5.53382 5.53347 5.53287 5.53203 5.53096 5.52967 5.52816 5.52645 5.52454 5.52246 5.52021 5.51781 5.51528 5.51263 5.50988 5.50704 5.50414 5.50119 5.49821 5.49521 5.49222 5.48924 5.48629 5.48338 5.48054 5.47776 5.47506 5.47245 5.46994 5.46754 5.46525 5.46308 5.46103 5.45911 5.45732 5.45565 5.45412 5.45272 5.45146 5.45032 5.44931 5.44843 5.44767 5.44704 5.44653 5.44614 5.44587 5.44572 5.44569 
5.43947 5.43967 5.43999 5.44044 5.44101 5.44171 5.44254 5.44349 5.44457 5.44579 5.44713 5.44861 5.45022 5.45196 5.45384 5.45586 5.458 5.46028 5.46268 5.46521 5.46785 5.47061 5.47348 5.47645 5.4795 5.48263 5.48583 5.48908 5.49237 5.49568 5.49901 5.50233 5.50562 5.50887 5.51206 5.51517 5.51819 5.5211 5.52387 5.52649 5.52894 5.53122 5.5333 5.53517 5.53681 5.53823 5.5394 5.54032 5.54099 5.54139 5.54153 5.54141 5.54102 5.54038 5.53948 5.53833 5.53695 5.53533 5.53349 5.53145 5.52922 5.52681 5.52424 5.52152 5.51868 5.51573 5.51269 5.50958 5.50642 5.50322 5.5 5.49678 5.49358 5.49041 5.48729 5.48422 5.48123 5.47833 5.47552 5.47281 5.47022 5.46775 5.46541 5.46319 5.46112 5.45917 5.45737 5.45571 5.45419 5.45281 5.45158 5.45048 5.44951 5.44869 5.44799 5.44743 5.447 5.4467 5.44652 5.44647 
5.44033 5.44054 5.44088 5.44135 5.44197 5.44271 5.4436 5.44462 5.44579 5.44709 5.44854 5.45014 5.45187 5.45376 5.45579 5.45796 5.46028 5.46273 5.46533 5.46806 5.47091 5.47389 5.47698 5.48018 5.48347 5.48685 5.49029 5.49379 5.49734 5.5009 5.50448 5.50805 5.51159 5.51508 5.51851 5.52186 5.5251 5.52821 5.53118 5.534 5.53663 5.53907 5.54129 5.5433 5.54506 5.54657 5.54782 5.54881 5.54951 5.54994 5.55009 5.54996 5.54954 5.54884 5.54787 5.54664 5.54515 5.54341 5.54144 5.53924 5.53684 5.53425 5.53149 5.52857 5.52551 5.52234 5.51907 5.51572 5.51231 5.50887 5.5054 5.50193 5.49848 5.49506 5.49169 5.48838 5.48515 5.48201 5.47898 5.47605 5.47325 5.47057 5.46803 5.46563 5.46337 5.46126 5.45931 5.4575 5.45584 5.45434 5.45299 5.45178 5.45073 5.44982 5.44906 5.44844 5.44795 5.44761 5.44741 5.44734 
5.44129 5.4415 5.44186 5.44236 5.44302 5.44382 5.44477 5.44587 5.44713 5.44854 5.45011 5.45183 5.45371 5.45575 5.45795 5.4603 5.46281 5.46547 5.46828 5.47123 5.47432 5.47754 5.48089 5.48434 5.4879 5.49155 5.49527 5.49905 5.50287 5.50672 5.51058 5.51442 5.51824 5.522 5.52569 5.52929 5.53278 5.53613 5.53932 5.54235 5.54517 5.54779 5.55018 5.55233 5.55422 5.55584 5.55718 5.55824 5.55899 5.55945 5.5596 5.55945 5.559 5.55825 5.5572 5.55587 5.55426 5.55239 5.55026 5.5479 5.54531 5.54252 5.53954 5.5364 5.53311 5.52969 5.52616 5.52255 5.51887 5.51515 5.51141 5.50766 5.50393 5.50024 5.49659 5.49301 5.48952 5.48612 5.48283 5.47965 5.47661 5.47371 5.47095 5.46834 5.46588 5.46359 5.46146 5.45948 5.45768 5.45603 5.45455 5.45323 5.45208 5.45108 5.45023 5.44954 5.44901 5.44863 5.44839 5.44831 
5.44233 5.44255 5.44293 5.44347 5.44417 5.44503 5.44606 5.44725 5.44861 5.45014 5.45183 5.4537 5.45574 5.45795 5.46033 5.46288 5.4656 5.46848 5.47153 5.47473 5.47808 5.48157 5.48519 5.48893 5.49278 5.49672 5.50075 5.50483 5.50896 5.51312 5.51729 5.52144 5.52555 5.52961 5.53359 5.53747 5.54123 5.54483 5.54827 5.55153 5.55457 5.55738 5.55995 5.56226 5.56429 5.56603 5.56747 5.5686 5.56941 5.56989 5.57005 5.56989 5.5694 5.56858 5.56745 5.56602 5.56428 5.56226 5.55997 5.55742 5.55463 5.55162 5.54841 5.54501 5.54146 5.53777 5.53396 5.53006 5.52609 5.52207 5.51802 5.51397 5.50994 5.50594 5.50199 5.49811 5.49433 5.49064 5.48707 5.48362 5.48032 5.47716 5.47416 5.47132 5.46865 5.46615 5.46382 5.46167 5.45969 5.45789 5.45627 5.45483 5.45355 5.45245 5.45152 5.45076 5.45016 5.44973 5.44947 5.44936 
5.44347 5.44369 5.44409 5.44467 5.44542 5.44635 5.44746 5.44875 5.45022 5.45187 5.45371 5.45574 5.45795 5.46035 5.46293 5.4657 5.46865 5.47178 5.47508 5.47855 5.48218 5.48596 5.48989 5.49394 5.49811 5.50238 5.50673 5.51115 5.51561 5.52011 5.52461 5.52909 5.53353 5.53791 5.5422 5.54638 5.55043 5.55432 5.55802 5.56152 5.5648 5.56783 5.57059 5.57307 5.57525 5.57712 5.57866 5.57987 5.58074 5.58126 5.58143 5.58124 5.58071 5.57983 5.57861 5.57706 5.57518 5.573 5.57053 5.56778 5.56477 5.56152 5.55806 5.55439 5.55056 5.54657 5.54246 5.53825 5.53396 5.52961 5.52524 5.52085 5.51649 5.51216 5.50788 5.50368 5.49957 5.49557 5.4917 5.48796 5.48437 5.48093 5.47767 5.47458 5.47167 5.46894 5.4664 5.46405 5.46189 5.45992 5.45815 5.45656 5.45516 5.45395 5.45292 5.45208 5.45142 5.45094 5.45063 5.4505 
5.44469 5.44492 5.44535 5.44596 5.44677 5.44778 5.44898 5.45037 5.45196 5.45376 5.45575 5.45795 5.46035 5.46295 5.46575 5.46876 5.47196 5.47535 5.47893 5.4827 5.48663 5.49073 5.49498 5.49937 5.50388 5.5085 5.51321 5.51798 5.52281 5.52767 5.53253 5.53736 5.54216 5.54688 5.55151 5.55602 5.56038 5.56457 5.56855 5.57232 5.57585 5.5791 5.58207 5.58474 5.58708 5.58909 5.59075 5.59204 5.59297 5.59352 5.5937 5.5935 5.59292 5.59197 5.59065 5.58897 5.58695 5.5846 5.58193 5.57897 5.57572 5.57222 5.56848 5.56453 5.56039 5.55609 5.55165 5.5471 5.54246 5.53777 5.53304 5.5283 5.52357 5.51888 5.51425 5.5097 5.50525 5.50092 5.49671 5.49265 5.48875 5.48502 5.48147 5.47811 5.47493 5.47196 5.46919 5.46663 5.46427 5.46212 5.46017 5.45844 5.4569 5.45557 5.45444 5.45351 5.45277 5.45224 5.45189 5.45174 
5.44601 5.44625 5.4467 5.44736 5.44823 5.44931 5.45061 5.45212 5.45384 5.45579 5.45795 5.46033 5.46293 5.46575 5.46879 5.47205 5.47552 5.4792 5.48308 5.48716 5.49142 5.49586 5.50046 5.50521 5.51009 5.51508 5.52017 5.52534 5.53055 5.53579 5.54103 5.54625 5.55142 5.55652 5.5615 5.56636 5.57105 5.57556 5.57985 5.5839 5.58769 5.59119 5.59438 5.59725 5.59976 5.60192 5.60369 5.60508 5.60607 5.60666 5.60685 5.60662 5.606 5.60497 5.60355 5.60174 5.59956 5.59703 5.59416 5.59096 5.58747 5.58369 5.57966 5.5754 5.57094 5.5663 5.56151 5.5566 5.5516 5.54653 5.54142 5.53629 5.53119 5.52612 5.52111 5.51618 5.51136 5.50666 5.5021 5.4977 5.49347 5.48942 5.48556 5.4819 5.47845 5.47522 5.4722 5.46941 5.46683 5.46448 5.46236 5.46045 5.45877 5.45731 5.45607 5.45504 5.45423 5.45363 5.45325 5.45307 
5.44742 5.44767 5.44815 5.44886 5.44979 5.45096 5.45236 5.45399 5.45586 5.45796 5.4603 5.46288 5.4657 5.46876 5.47205 5.47558 5.47934 5.48332 5.48753 5.49194 5.49655 5.50135 5.50632 5.51146 5.51673 5.52212 5.52762 5.53319 5.53881 5.54446 5.55012 5.55574 5.56131 5.56679 5.57216 5.57738 5.58243 5.58727 5.59188 5.59624 5.60031 5.60406 5.60749 5.61056 5.61326 5.61557 5.61747 5.61896 5.62002 5.62065 5.62084 5.62059 5.61992 5.61881 5.61728 5.61533 5.61299 5.61026 5.60717 5.60373 5.59997 5.59591 5.59157 5.58698 5.58218 5.57718 5.57202 5.56673 5.56134 5.55587 5.55036 5.54483 5.53931 5.53384 5.52842 5.5231 5.51788 5.5128 5.50787 5.5031 5.49851 5.49412 5.48993 5.48596 5.48222 5.4787 5.47542 5.47238 5.46957 5.46701 5.46469 5.46261 5.46078 5.45918 5.45781 5.45669 5.45579 5.45513 5.4547 5.45449 
5.44892 5.44918 5.44969 5.45045 5.45145 5.45271 5.45422 5.45598 5.458 5.46028 5.46281 5.4656 5.46865 5.47196 5.47552 5.47934 5.4834 5.48771 5.49226 5.49702 5.50201 5.50719 5.51256 5.5181 5.52379 5.5296 5.53553 5.54153 5.54759 5.55367 5.55975 5.5658 5.57179 5.57768 5.58345 5.58906 5.59448 5.59968 5.60463 5.6093 5.61366 5.61769 5.62136 5.62465 5.62754 5.63001 5.63204 5.63363 5.63477 5.63544 5.63564 5.63537 5.63464 5.63345 5.6318 5.62971 5.62719 5.62427 5.62094 5.61725 5.61321 5.60884 5.60418 5.59925 5.59409 5.58871 5.58316 5.57747 5.57166 5.56578 5.55984 5.55388 5.54794 5.54203 5.53619 5.53045 5.52482 5.51932 5.51399 5.50883 5.50387 5.49912 5.49458 5.49028 5.48622 5.48241 5.47884 5.47554 5.47249 5.4697 5.46718 5.46491 5.46291 5.46116 5.45967 5.45843 5.45745 5.45672 5.45624 5.456 
5.45051 5.45078 5.45132 5.45214 5.45322 5.45457 5.4562 5.4581 5.46028 5.46273 5.46547 5.46848 5.47178 5.47535 5.4792 5.48332 5.48771 5.49236 5.49726 5.50241 5.50778 5.51337 5.51916 5.52512 5.53125 5.53751 5.54388 5.55034 5.55685 5.56339 5.56992 5.57642 5.58285 5.58917 5.59535 5.60137 5.60718 5.61275 5.61805 5.62305 5.62772 5.63203 5.63596 5.63948 5.64256 5.6452 5.64738 5.64907 5.65028 5.65099 5.6512 5.65091 5.65013 5.64884 5.64708 5.64484 5.64214 5.639 5.63544 5.63148 5.62715 5.62247 5.61747 5.61218 5.60663 5.60087 5.59491 5.58879 5.58256 5.57623 5.56985 5.56344 5.55705 5.55069 5.5444 5.53821 5.53214 5.52622 5.52047 5.5149 5.50954 5.50441 5.49951 5.49485 5.49046 5.48633 5.48247 5.47888 5.47558 5.47255 5.46981 5.46735 5.46517 5.46326 5.46164 5.46029 5.45921 5.45841 5.45787 5.45761 
5.45219 5.45247 5.45305 5.45392 5.45508 5.45653 5.45828 5.46033 5.46268 5.46533 5.46828 5.47153 5.47508 5.47893 5.48308 5.48753 5.49226 5.49726 5.50254 5.50808 5.51387 5.51988 5.5261 5.53252 5.5391 5.54582 5.55267 5.5596 5.56658 5.5736 5.5806 5.58756 5.59445 5.60122 5.60784 5.61427 5.62049 5.62645 5.63211 5.63746 5.64245 5.64705 5.65124 5.655 5.65829 5.66111 5.66342 5.66523 5.66652 5.66727 5.66749 5.66718 5.66633 5.66496 5.66307 5.66067 5.65779 5.65443 5.65062 5.64638 5.64174 5.63673 5.63138 5.62572 5.61979 5.61361 5.60722 5.60067 5.59398 5.5872 5.58035 5.57348 5.56661 5.55978 5.55302 5.54637 5.53984 5.53347 5.52728 5.52129 5.51551 5.50997 5.50469 5.49967 5.49492 5.49046 5.48629 5.48241 5.47884 5.47556 5.47259 5.46992 5.46755 5.46548 5.46371 5.46224 5.46107 5.46019 5.4596 5.4593 
5.45395 5.45425 5.45487 5.45579 5.45704 5.4586 5.46048 5.46268 5.46521 5.46806 5.47123 5.47473 5.47855 5.4827 5.48716 5.49194 5.49702 5.50241 5.50808 5.51403 5.52024 5.5267 5.53338 5.54026 5.54731 5.55452 5.56185 5.56928 5.57676 5.58426 5.59176 5.5992 5.60656 5.6138 5.62087 5.62774 5.63437 5.64073 5.64678 5.65247 5.65779 5.6627 5.66716 5.67116 5.67467 5.67767 5.68013 5.68206 5.68342 5.68422 5.68445 5.68411 5.68321 5.68174 5.67972 5.67716 5.67408 5.67049 5.66643 5.66191 5.65696 5.65161 5.64589 5.63985 5.6335 5.6269 5.62008 5.61307 5.60591 5.59865 5.59132 5.58396 5.5766 5.56929 5.56204 5.55491 5.5479 5.54106 5.53441 5.52797 5.52176 5.51581 5.51012 5.50472 5.49961 5.4948 5.4903 5.48612 5.48226 5.47872 5.4755 5.47262 5.47005 5.46781 5.46589 5.4643 5.46302 5.46206 5.46141 5.46108 
5.4558 5.45612 5.45677 5.45776 5.45909 5.46076 5.46278 5.46514 5.46785 5.47091 5.47432 5.47808 5.48218 5.48663 5.49142 5.49655 5.50201 5.50778 5.51387 5.52024 5.5269 5.53381 5.54096 5.54833 5.55588 5.56359 5.57142 5.57936 5.58735 5.59536 5.60336 5.6113 5.61915 5.62686 5.6344 5.64172 5.64879 5.65556 5.66199 5.66805 5.67371 5.67893 5.68367 5.68792 5.69165 5.69483 5.69745 5.69949 5.70094 5.70178 5.70203 5.70166 5.70069 5.69913 5.69698 5.69425 5.69097 5.68715 5.68282 5.67801 5.67274 5.66704 5.66095 5.6545 5.64774 5.6407 5.63342 5.62595 5.61831 5.61056 5.60273 5.59487 5.587 5.57918 5.57143 5.56379 5.5563 5.54897 5.54184 5.53494 5.52828 5.5219 5.51579 5.50999 5.50449 5.49932 5.49448 5.48998 5.48583 5.48202 5.47855 5.47544 5.47267 5.47025 5.46817 5.46645 5.46506 5.46401 5.46331 5.46294 
5.45773 5.45806 5.45875 5.45981 5.46123 5.46302 5.46518 5.46771 5.47061 5.47389 5.47754 5.48157 5.48596 5.49073 5.49586 5.50135 5.50719 5.51337 5.51988 5.5267 5.53381 5.5412 5.54884 5.5567 5.56476 5.57299 5.58134 5.5898 5.59832 5.60685 5.61537 5.62382 5.63217 5.64038 5.64839 5.65618 5.66368 5.67087 5.6777 5.68414 5.69014 5.69568 5.70071 5.70522 5.70917 5.71254 5.71532 5.71747 5.71901 5.7199 5.72015 5.71976 5.71873 5.71707 5.71478 5.71189 5.7084 5.70435 5.69975 5.69463 5.68903 5.68297 5.6765 5.66965 5.66246 5.65497 5.64722 5.63927 5.63114 5.62288 5.61454 5.60616 5.59777 5.58943 5.58116 5.57301 5.565 5.55717 5.54956 5.54217 5.53505 5.52822 5.52168 5.51546 5.50957 5.50403 5.49884 5.49401 5.48954 5.48545 5.48172 5.47837 5.47539 5.47279 5.47055 5.46869 5.46719 5.46606 5.46529 5.46489 
5.45974 5.46008 5.46081 5.46194 5.46346 5.46537 5.46767 5.47038 5.47348 5.47698 5.48089 5.48519 5.48989 5.49498 5.50046 5.50632 5.51256 5.51916 5.5261 5.53338 5.54096 5.54884 5.55698 5.56535 5.57393 5.58269 5.59158 5.60057 5.60963 5.6187 5.62775 5.63672 5.64559 5.65429 5.6628 5.67105 5.679 5.68662 5.69386 5.70068 5.70703 5.71289 5.71822 5.72299 5.72716 5.73073 5.73366 5.73594 5.73756 5.7385 5.73876 5.73835 5.73725 5.73549 5.73307 5.73 5.7263 5.72201 5.71713 5.71171 5.70577 5.69935 5.69249 5.68522 5.6776 5.66965 5.66143 5.65298 5.64434 5.63557 5.62671 5.6178 5.60888 5.6 5.5912 5.58252 5.57399 5.56564 5.55752 5.54965 5.54205 5.53475 5.52777 5.52112 5.51483 5.5089 5.50335 5.49818 5.4934 5.48901 5.48501 5.48142 5.47822 5.47542 5.47302 5.47101 5.4694 5.46818 5.46735 5.46691 
5.46182 5.46217 5.46295 5.46414 5.46576 5.46779 5.47025 5.47314 5.47645 5.48018 5.48434 5.48893 5.49394 5.49937 5.50521 5.51146 5.5181 5.52512 5.53252 5.54026 5.54833 5.5567 5.56535 5.57425 5.58337 5.59266 5.6021 5.61164 5.62124 5.63086 5.64045 5.64996 5.65934 5.66856 5.67755 5.68628 5.6947 5.70275 5.7104 5.7176 5.72431 5.7305 5.73612 5.74116 5.74557 5.74933 5.75242 5.75482 5.75652 5.75751 5.75779 5.75735 5.75619 5.75432 5.75176 5.74852 5.74461 5.74007 5.73492 5.72919 5.72291 5.71612 5.70886 5.70118 5.6931 5.68469 5.67599 5.66704 5.65789 5.64859 5.63919 5.62974 5.62028 5.61086 5.60151 5.59229 5.58322 5.57436 5.56572 5.55734 5.54925 5.54148 5.53404 5.52696 5.52025 5.51392 5.508 5.50248 5.49737 5.49268 5.48841 5.48456 5.48114 5.47814 5.47557 5.47342 5.47168 5.47037 5.46948 5.469 
5.46396 5.46433 5.46515 5.46642 5.46813 5.4703 5.47291 5.47598 5.4795 5.48347 5.4879 5.49278 5.49811 5.50388 5.51009 5.51673 5.52379 5.53125 5.5391 5.54731 5.55588 5.56476 5.57393 5.58337 5.59303 5.60287 5.61286 5.62296 5.63312 5.64328 5.65342 5.66347 5.67339 5.68312 5.69261 5.70182 5.7107 5.71919 5.72726 5.73485 5.74192 5.74844 5.75436 5.75966 5.7643 5.76826 5.77151 5.77404 5.77583 5.77687 5.77715 5.77668 5.77546 5.77349 5.77079 5.76737 5.76326 5.75847 5.75304 5.74699 5.74037 5.73321 5.72555 5.71744 5.70892 5.70003 5.69084 5.68138 5.67172 5.66189 5.65195 5.64195 5.63193 5.62196 5.61206 5.60229 5.59268 5.58327 5.57411 5.56522 5.55663 5.54838 5.54047 5.53295 5.52581 5.51908 5.51277 5.50689 5.50145 5.49645 5.4919 5.4878 5.48415 5.48095 5.47819 5.47589 5.47404 5.47263 5.47167 5.47115 
5.46615 5.46654 5.46741 5.46875 5.47057 5.47286 5.47564 5.47889 5.48263 5.48685 5.49155 5.49672 5.50238 5.5085 5.51508 5.52212 5.5296 5.53751 5.54582 5.55452 5.56359 5.57299 5.58269 5.59266 5.60287 5.61327 5.62382 5.63448 5.6452 5.65593 5.66662 5.67721 5.68766 5.69791 5.70791 5.7176 5.72695 5.73588 5.74436 5.75234 5.75978 5.76663 5.77285 5.77842 5.78329 5.78745 5.79086 5.79351 5.79539 5.79648 5.79677 5.79628 5.79499 5.79292 5.79008 5.78648 5.78216 5.77712 5.77141 5.76505 5.75808 5.75055 5.74249 5.73395 5.72497 5.71562 5.70593 5.69596 5.68577 5.67541 5.66492 5.65437 5.64379 5.63326 5.6228 5.61247 5.60231 5.59237 5.58267 5.57326 5.56417 5.55542 5.54704 5.53906 5.53149 5.52435 5.51765 5.51141 5.50563 5.50032 5.49548 5.49111 5.48723 5.48382 5.48089 5.47843 5.47645 5.47495 5.47392 5.47337 
5.4684 5.46881 5.46972 5.47114 5.47306 5.47549 5.47842 5.48187 5.48583 5.49029 5.49527 5.50075 5.50673 5.51321 5.52017 5.52762 5.53553 5.54388 5.55267 5.56185 5.57142 5.58134 5.59158 5.6021 5.61286 5.62382 5.63494 5.64617 5.65745 5.66874 5.67998 5.69112 5.7021 5.71288 5.72338 5.73356 5.74337 5.75275 5.76164 5.77001 5.77781 5.78499 5.79152 5.79735 5.80246 5.80681 5.81038 5.81316 5.81512 5.81626 5.81657 5.81605 5.8147 5.81252 5.80954 5.80577 5.80123 5.79595 5.78996 5.78328 5.77597 5.76806 5.7596 5.75063 5.74121 5.73138 5.7212 5.71072 5.7 5.68909 5.67806 5.66695 5.65581 5.64471 5.63369 5.6228 5.61209 5.6016 5.59136 5.58143 5.57182 5.56258 5.55372 5.54528 5.53727 5.52972 5.52263 5.51601 5.50989 5.50425 5.49912 5.49449 5.49037 5.48675 5.48363 5.48102 5.47892 5.47732 5.47622 5.47563 
5.47069 5.47111 5.47207 5.47357 5.47559 5.47816 5.48126 5.4849 5.48908 5.49379 5.49905 5.50483 5.51115 5.51798 5.52534 5.53319 5.54153 5.55034 5.5596 5.56928 5.57936 5.5898 5.60057 5.61164 5.62296 5.63448 5.64617 5.65796 5.66981 5.68166 5.69345 5.70514 5.71666 5.72795 5.73896 5.74963 5.7599 5.76971 5.77903 5.78779 5.79594 5.80346 5.81028 5.81638 5.82171 5.82626 5.83 5.8329 5.83495 5.83614 5.83646 5.83591 5.83449 5.83222 5.8291 5.82515 5.8204 5.81488 5.8086 5.80162 5.79396 5.78568 5.77682 5.76742 5.75755 5.74724 5.73657 5.72558 5.71433 5.70289 5.6913 5.67964 5.66794 5.65628 5.64469 5.63324 5.62197 5.61092 5.60015 5.58968 5.57956 5.56982 5.56048 5.55158 5.54313 5.53515 5.52766 5.52068 5.5142 5.50825 5.50282 5.49792 5.49356 5.48973 5.48643 5.48366 5.48143 5.47973 5.47856 5.47793 
5.473 5.47345 5.47446 5.47603 5.47816 5.48086 5.48413 5.48797 5.49237 5.49734 5.50287 5.50896 5.51561 5.52281 5.53055 5.53881 5.54759 5.55685 5.56658 5.57676 5.58735 5.59832 5.60963 5.62124 5.63312 5.6452 5.65745 5.66981 5.68222 5.69463 5.70698 5.71921 5.73126 5.74307 5.75458 5.76572 5.77645 5.78671 5.79644 5.80558 5.8141 5.82193 5.82905 5.83541 5.84098 5.84572 5.84962 5.85264 5.85478 5.85601 5.85634 5.85577 5.85429 5.85192 5.84866 5.84454 5.83958 5.83381 5.82726 5.81997 5.81198 5.80333 5.79406 5.78425 5.77392 5.76315 5.75198 5.74048 5.72872 5.71673 5.7046 5.69238 5.68012 5.66789 5.65575 5.64373 5.6319 5.62031 5.60899 5.598 5.58736 5.57712 5.5673 5.55793 5.54904 5.54064 5.53275 5.52539 5.51857 5.51229 5.50656 5.50139 5.49679 5.49274 5.48925 5.48633 5.48397 5.48217 5.48094 5.48026 
5.47534 5.47581 5.47686 5.47851 5.48076 5.48359 5.48703 5.49106 5.49568 5.5009 5.50672 5.51312 5.52011 5.52767 5.53579 5.54446 5.55367 5.56339 5.5736 5.58426 5.59536 5.60685 5.6187 5.63086 5.64328 5.65593 5.66874 5.68166 5.69463 5.70759 5.72049 5.73326 5.74584 5.75816 5.77016 5.78178 5.79297 5.80366 5.81379 5.82332 5.83218 5.84034 5.84775 5.85437 5.86016 5.8651 5.86915 5.87229 5.87451 5.8758 5.87614 5.87554 5.874 5.87153 5.86814 5.86385 5.85869 5.85268 5.84585 5.83826 5.82993 5.82091 5.81126 5.80102 5.79025 5.77902 5.76737 5.75537 5.74308 5.73057 5.71789 5.70512 5.6923 5.67951 5.66681 5.65423 5.64185 5.62971 5.61785 5.60633 5.59518 5.58444 5.57413 5.5643 5.55497 5.54614 5.53786 5.53012 5.52295 5.51635 5.51033 5.50489 5.50004 5.49577 5.4921 5.48902 5.48654 5.48464 5.48333 5.48261 
5.47769 5.47818 5.47928 5.48101 5.48336 5.48633 5.48993 5.49416 5.49901 5.50448 5.51058 5.51729 5.52461 5.53253 5.54103 5.55012 5.55975 5.56992 5.5806 5.59176 5.60336 5.61537 5.62775 5.64045 5.65342 5.66662 5.67998 5.69345 5.70698 5.72049 5.73393 5.74723 5.76032 5.77315 5.78564 5.79773 5.80936 5.82048 5.83101 5.84091 5.85012 5.8586 5.86629 5.87317 5.87918 5.8843 5.88851 5.89177 5.89407 5.8954 5.89576 5.89513 5.89353 5.89096 5.88744 5.88299 5.87762 5.87138 5.86429 5.8564 5.84774 5.83836 5.82833 5.81768 5.80647 5.79478 5.78265 5.77015 5.75735 5.74432 5.73111 5.71779 5.70443 5.69108 5.67782 5.66469 5.65176 5.63908 5.62669 5.61464 5.60298 5.59174 5.58096 5.57067 5.56089 5.55165 5.54297 5.53486 5.52734 5.52041 5.51409 5.50838 5.50329 5.49882 5.49496 5.49172 5.48911 5.48711 5.48573 5.48498 
5.48004 5.48054 5.4817 5.4835 5.48596 5.48907 5.49283 5.49725 5.50233 5.50805 5.51442 5.52144 5.52909 5.53736 5.54625 5.55574 5.5658 5.57642 5.58756 5.5992 5.6113 5.62382 5.63672 5.64996 5.66347 5.67721 5.69112 5.70514 5.71921 5.73326 5.74723 5.76105 5.77465 5.78797 5.80094 5.81349 5.82556 5.83709 5.84801 5.85828 5.86783 5.87661 5.88459 5.89171 5.89794 5.90324 5.9076 5.91097 5.91336 5.91474 5.9151 5.91446 5.9128 5.91013 5.90648 5.90187 5.89631 5.88983 5.88248 5.8743 5.86532 5.8556 5.84518 5.83413 5.8225 5.81035 5.79776 5.78478 5.77148 5.75792 5.74419 5.73033 5.71643 5.70254 5.68873 5.67506 5.66159 5.64837 5.63546 5.62289 5.61073 5.599 5.58774 5.577 5.56678 5.55713 5.54805 5.53957 5.53171 5.52446 5.51785 5.51187 5.50654 5.50185 5.49781 5.49442 5.49167 5.48958 5.48813 5.48734 
5.48237 5.4829 5.4841 5.48598 5.48854 5.49179 5.49572 5.50033 5.50562 5.51159 5.51824 5.52555 5.53353 5.54216 5.55142 5.56131 5.57179 5.58285 5.59445 5.60656 5.61915 5.63217 5.64559 5.65934 5.67339 5.68766 5.7021 5.71666 5.73126 5.74584 5.76032 5.77465 5.78875 5.80255 5.81598 5.82898 5.84148 5.85341 5.86472 5.87534 5.88522 5.8943 5.90255 5.90991 5.91635 5.92183 5.92633 5.92982 5.93229 5.93371 5.93409 5.93342 5.9317 5.92895 5.92517 5.9204 5.91465 5.90795 5.90035 5.89188 5.88259 5.87253 5.86174 5.8503 5.83826 5.82567 5.81262 5.79917 5.78538 5.77132 5.75707 5.74269 5.72826 5.71384 5.6995 5.68529 5.67129 5.65754 5.64411 5.63104 5.61838 5.60617 5.59445 5.58325 5.57261 5.56254 5.55308 5.54424 5.53603 5.52847 5.52157 5.51533 5.50976 5.50486 5.50064 5.49709 5.49423 5.49203 5.49052 5.48969 
5.48468 5.48522 5.48647 5.48843 5.4911 5.49447 5.49856 5.50336 5.50887 5.51508 5.522 5.52961 5.53791 5.54688 5.55652 5.56679 5.57768 5.58917 5.60122 5.6138 5.62686 5.64038 5.65429 5.66856 5.68312 5.69791 5.71288 5.72795 5.74307 5.75816 5.77315 5.78797 5.80255 5.81682 5.8307 5.84414 5.85705 5.86937 5.88105 5.89201 5.90221 5.91158 5.92009 5.92768 5.93433 5.93998 5.94462 5.94822 5.95076 5.95223 5.95262 5.95193 5.95015 5.94731 5.94342 5.93849 5.93256 5.92565 5.9178 5.90906 5.89947 5.88907 5.87794 5.86611 5.85367 5.84066 5.82717 5.81325 5.79898 5.78444 5.76969 5.7548 5.73986 5.72492 5.71005 5.69533 5.68081 5.66655 5.65261 5.63904 5.6259 5.61322 5.60104 5.58941 5.57834 5.56788 5.55804 5.54884 5.5403 5.53243 5.52524 5.51874 5.51294 5.50784 5.50343 5.49974 5.49675 5.49446 5.49288 5.49201 
5.48695 5.48751 5.4888 5.49084 5.49361 5.49711 5.50136 5.50634 5.51206 5.51851 5.52569 5.53359 5.5422 5.55151 5.5615 5.57216 5.58345 5.59535 5.60784 5.62087 5.6344 5.64839 5.6628 5.67755 5.69261 5.70791 5.72338 5.73896 5.75458 5.77016 5.78564 5.80094 5.81598 5.8307 5.84503 5.85888 5.87219 5.88489 5.89692 5.90821 5.91871 5.92837 5.93713 5.94495 5.95179 5.95761 5.96238 5.96609 5.9687 5.97021 5.97061 5.9699 5.96807 5.96515 5.96114 5.95607 5.94996 5.94284 5.93476 5.92575 5.91587 5.90516 5.89368 5.88149 5.86866 5.85524 5.84132 5.82696 5.81223 5.79722 5.78198 5.76661 5.75116 5.73572 5.72034 5.70512 5.69009 5.67534 5.66091 5.64686 5.63324 5.62011 5.60749 5.59542 5.58395 5.5731 5.56289 5.55334 5.54447 5.5363 5.52884 5.52209 5.51606 5.51075 5.50618 5.50233 5.49922 5.49684 5.4952 5.49429 
5.48917 5.48974 5.49108 5.49319 5.49606 5.49969 5.50409 5.50925 5.51517 5.52186 5.52929 5.53747 5.54638 5.55602 5.56636 5.57738 5.58906 5.60137 5.61427 5.62774 5.64172 5.65618 5.67105 5.68628 5.70182 5.7176 5.73356 5.74963 5.76572 5.78178 5.79773 5.81349 5.82898 5.84414 5.85888 5.87313 5.88682 5.89988 5.91225 5.92386 5.93466 5.94458 5.95358 5.96162 5.96864 5.97462 5.97953 5.98333 5.98601 5.98757 5.98798 5.98724 5.98537 5.98236 5.97824 5.97303 5.96676 5.95944 5.95114 5.94188 5.93172 5.9207 5.90889 5.89636 5.88315 5.86934 5.85501 5.84022 5.82506 5.80958 5.79389 5.77804 5.76211 5.74618 5.73032 5.71461 5.6991 5.68387 5.66896 5.65445 5.64038 5.6268 5.61375 5.60128 5.58941 5.57817 5.56761 5.55772 5.54854 5.54008 5.53234 5.52535 5.5191 5.5136 5.50886 5.50487 5.50164 5.49917 5.49746 5.49652 
5.49132 5.49191 5.4933 5.49547 5.49844 5.50219 5.50674 5.51207 5.51819 5.5251 5.53278 5.54123 5.55043 5.56038 5.57105 5.58243 5.59448 5.60718 5.62049 5.63437 5.64879 5.66368 5.679 5.6947 5.7107 5.72695 5.74337 5.7599 5.77645 5.79297 5.80936 5.82556 5.84148 5.85705 5.87219 5.88682 5.90087 5.91428 5.92697 5.93889 5.94996 5.96014 5.96937 5.97761 5.98481 5.99094 5.99597 5.99987 6.00262 6.00421 6.00463 6.00388 6.00196 5.99888 5.99465 5.98931 5.98287 5.97537 5.96685 5.95736 5.94693 5.93563 5.92351 5.91063 5.89707 5.8829 5.86817 5.85298 5.83739 5.82148 5.80534 5.78904 5.77265 5.75626 5.73994 5.72375 5.70778 5.69209 5.67673 5.66177 5.64726 5.63326 5.6198 5.60693 5.59468 5.58308 5.57217 5.56196 5.55247 5.54373 5.53573 5.5285 5.52204 5.51636 5.51145 5.50733 5.50399 5.50143 5.49966 5.49868 
5.49339 5.49401 5.49543 5.49767 5.50073 5.5046 5.50928 5.51478 5.5211 5.52821 5.53613 5.54483 5.55432 5.56457 5.57556 5.58727 5.59968 5.61275 5.62645 5.64073 5.65556 5.67087 5.68662 5.70275 5.71919 5.73588 5.75275 5.76971 5.78671 5.80366 5.82048 5.83709 5.85341 5.86937 5.88489 5.89988 5.91428 5.92802 5.94101 5.95321 5.96455 5.97497 5.98442 5.99285 6.00022 6.00649 6.01163 6.01562 6.01844 6.02007 6.02049 6.01972 6.01776 6.01461 6.01029 6.00482 5.99823 5.99056 5.98184 5.97211 5.96143 5.94986 5.93744 5.92426 5.91036 5.89583 5.88073 5.86515 5.84916 5.83285 5.81628 5.79955 5.78273 5.76589 5.74913 5.7325 5.71609 5.69996 5.68417 5.66878 5.65386 5.63945 5.62559 5.61234 5.59973 5.58779 5.57655 5.56603 5.55625 5.54724 5.539 5.53154 5.52488 5.51901 5.51395 5.50969 5.50624 5.50361 5.50178 5.50076 
5.49538 5.496 5.49747 5.49977 5.50292 5.5069 5.51172 5.51738 5.52387 5.53118 5.53932 5.54827 5.55802 5.56855 5.57985 5.59188 5.60463 5.61805 5.63211 5.64678 5.66199 5.6777 5.69386 5.7104 5.72726 5.74436 5.76164 5.77903 5.79644 5.81379 5.83101 5.84801 5.86472 5.88105 5.89692 5.91225 5.92697 5.94101 5.9543 5.96677 5.97835 5.98899 5.99865 6.00726 6.01479 6.02119 6.02645 6.03052 6.03339 6.03505 6.03549 6.03471 6.0327 6.02948 6.02507 6.01949 6.01276 6.00492 5.99601 5.98607 5.97516 5.96333 5.95064 5.93715 5.92294 5.90807 5.89263 5.87669 5.86032 5.84362 5.82666 5.80952 5.79228 5.77504 5.75785 5.74081 5.72398 5.70743 5.69123 5.67545 5.66013 5.64533 5.63111 5.6175 5.60454 5.59227 5.58071 5.5699 5.55985 5.55058 5.54211 5.53443 5.52758 5.52154 5.51633 5.51195 5.5084 5.50569 5.5038 5.50276 
5.49726 5.4979 5.4994 5.50177 5.50499 5.50908 5.51402 5.51983 5.52649 5.534 5.54235 5.55153 5.56152 5.57232 5.5839 5.59624 5.6093 5.62305 5.63746 5.65247 5.66805 5.68414 5.70068 5.7176 5.73485 5.75234 5.77001 5.78779 5.80558 5.82332 5.84091 5.85828 5.87534 5.89201 5.90821 5.92386 5.93889 5.95321 5.96677 5.97948 5.9913 6.00215 6.01199 6.02077 6.02845 6.03498 6.04033 6.04448 6.04741 6.04911 6.04955 6.04875 6.04671 6.04343 6.03893 6.03324 6.02638 6.01839 6.0093 5.99916 5.98803 5.97597 5.96302 5.94925 5.93475 5.91957 5.90381 5.88752 5.87081 5.85374 5.83641 5.81889 5.80127 5.78364 5.76606 5.74862 5.7314 5.71447 5.69789 5.68172 5.66603 5.65088 5.63631 5.62236 5.60908 5.5965 5.58465 5.57356 5.56325 5.55374 5.54504 5.53717 5.53014 5.52394 5.51859 5.51409 5.51045 5.50766 5.50572 5.50465 
5.49902 5.49968 5.50122 5.50364 5.50694 5.51112 5.51619 5.52213 5.52894 5.53663 5.54517 5.55457 5.5648 5.57585 5.58769 5.60031 5.61366 5.62772 5.64245 5.65779 5.67371 5.69014 5.70703 5.72431 5.74192 5.75978 5.77781 5.79594 5.8141 5.83218 5.85012 5.86783 5.88522 5.90221 5.91871 5.93466 5.94996 5.96455 5.97835 5.9913 6.00332 6.01437 6.02439 6.03332 6.04113 6.04778 6.05322 6.05745 6.06043 6.06215 6.06261 6.0618 6.05971 6.05638 6.0518 6.04601 6.03903 6.03089 6.02165 6.01133 6 5.98771 5.97452 5.96051 5.94573 5.93027 5.9142 5.8976 5.88056 5.86316 5.84548 5.82762 5.80964 5.79164 5.77371 5.75591 5.73832 5.72103 5.70409 5.68758 5.67155 5.65606 5.64116 5.6269 5.61332 5.60045 5.58833 5.57698 5.56643 5.5567 5.5478 5.53974 5.53253 5.52618 5.52071 5.5161 5.51236 5.5095 5.50752 5.50642 
5.50066 5.50133 5.5029 5.50537 5.50874 5.51302 5.51819 5.52426 5.53122 5.53907 5.54779 5.55738 5.56783 5.5791 5.59119 5.60406 5.61769 5.63203 5.64705 5.6627 5.67893 5.69568 5.71289 5.7305 5.74844 5.76663 5.78499 5.80346 5.82193 5.84034 5.8586 5.87661 5.8943 5.91158 5.92837 5.94458 5.96014 5.97497 5.98899 6.00215 6.01437 6.0256 6.03577 6.04485 6.05278 6.05953 6.06506 6.06936 6.07238 6.07413 6.0746 6.07377 6.07166 6.06827 6.06362 6.05774 6.05065 6.04239 6.03299 6.02251 6.01099 5.9985 5.9851 5.97085 5.95582 5.9401 5.92376 5.90687 5.88954 5.87183 5.85384 5.83565 5.81735 5.79902 5.78075 5.76262 5.7447 5.72707 5.70981 5.69297 5.67663 5.66083 5.64564 5.63109 5.61723 5.6041 5.59173 5.58014 5.56937 5.55943 5.55034 5.54211 5.53475 5.52826 5.52267 5.51796 5.51414 5.51122 5.50919 5.50806 
5.50216 5.50284 5.50444 5.50696 5.51039 5.51475 5.52002 5.5262 5.5333 5.54129 5.55018 5.55995 5.57059 5.58207 5.59438 5.60749 5.62136 5.63596 5.65124 5.66716 5.68367 5.70071 5.71822 5.73612 5.75436 5.77285 5.79152 5.81028 5.82905 5.84775 5.86629 5.88459 5.90255 5.92009 5.93713 5.95358 5.96937 5.98442 5.99865 6.01199 6.02439 6.03577 6.04609 6.0553 6.06334 6.07018 6.07579 6.08014 6.08322 6.08499 6.08546 6.08462 6.08248 6.07905 6.07434 6.06837 6.06118 6.0528 6.04327 6.03264 6.02096 6.00829 5.99469 5.98023 5.96498 5.94902 5.93243 5.91529 5.89768 5.8797 5.86142 5.84294 5.82434 5.80572 5.78715 5.76871 5.7505 5.73257 5.71501 5.69788 5.68125 5.66518 5.64971 5.6349 5.62079 5.60742 5.59482 5.58303 5.57205 5.56193 5.55266 5.54427 5.53677 5.53017 5.52446 5.51966 5.51577 5.51278 5.51072 5.50957 
5.50351 5.5042 5.50583 5.50839 5.51188 5.51631 5.52167 5.52796 5.53517 5.5433 5.55233 5.56226 5.57307 5.58474 5.59725 5.61056 5.62465 5.63948 5.655 5.67116 5.68792 5.70522 5.72299 5.74116 5.75966 5.77842 5.79735 5.81638 5.83541 5.85437 5.87317 5.89171 5.90991 5.92768 5.94495 5.96162 5.97761 5.99285 6.00726 6.02077 6.03332 6.04485 6.0553 6.06461 6.07275 6.07968 6.08536 6.08977 6.09287 6.09467 6.09515 6.0943 6.09213 6.08866 6.08389 6.07785 6.07057 6.06209 6.05244 6.04168 6.02985 6.01702 6.00324 5.9886 5.97315 5.95698 5.94017 5.9228 5.90495 5.88672 5.86819 5.84946 5.8306 5.81171 5.79287 5.77416 5.75568 5.73749 5.71967 5.70228 5.68539 5.66907 5.65336 5.63832 5.62399 5.6104 5.5976 5.58561 5.57446 5.56417 5.55475 5.54622 5.53859 5.53187 5.52607 5.52119 5.51723 5.5142 5.51209 5.51092 
5.5047 5.5054 5.50705 5.50965 5.51319 5.51768 5.52312 5.5295 5.53681 5.54506 5.55422 5.56429 5.57525 5.58708 5.59976 5.61326 5.62754 5.64256 5.65829 5.67467 5.69165 5.70917 5.72716 5.74557 5.7643 5.78329 5.80246 5.82171 5.84098 5.86016 5.87918 5.89794 5.91635 5.93433 5.95179 5.96864 5.98481 6.00022 6.01479 6.02845 6.04113 6.05278 6.06334 6.07275 6.08098 6.08798 6.09372 6.09817 6.10131 6.10313 6.10361 6.10275 6.10056 6.09705 6.09224 6.08614 6.07878 6.07021 6.06046 6.04958 6.03762 6.02465 6.01073 5.99592 5.9803 5.96394 5.94694 5.92937 5.91132 5.89287 5.87412 5.85516 5.83607 5.81695 5.79788 5.77894 5.76022 5.7418 5.72374 5.70613 5.68902 5.67248 5.65657 5.64132 5.62679 5.61302 5.60004 5.58789 5.57658 5.56614 5.55659 5.54794 5.5402 5.53338 5.52749 5.52254 5.51852 5.51544 5.51331 5.51212 
5.50573 5.50644 5.5081 5.51073 5.51432 5.51887 5.52437 5.53083 5.53823 5.54657 5.55584 5.56603 5.57712 5.58909 5.60192 5.61557 5.63001 5.6452 5.66111 5.67767 5.69483 5.71254 5.73073 5.74933 5.76826 5.78745 5.80681 5.82626 5.84572 5.8651 5.8843 5.90324 5.92183 5.93998 5.95761 5.97462 5.99094 6.00649 6.02119 6.03498 6.04778 6.05953 6.07018 6.07968 6.08798 6.09504 6.10083 6.10532 6.10849 6.11032 6.11081 6.10995 6.10774 6.1042 6.09934 6.09318 6.08576 6.07711 6.06728 6.0563 6.04424 6.03114 6.01709 6.00214 5.98638 5.96987 5.9527 5.93496 5.91673 5.89811 5.87917 5.86002 5.84074 5.82142 5.80215 5.78301 5.76409 5.74547 5.72722 5.70942 5.69212 5.6754 5.6593 5.64389 5.62919 5.61526 5.60213 5.58983 5.57839 5.56783 5.55816 5.54941 5.54157 5.53467 5.52871 5.5237 5.51963 5.51652 5.51436 5.51315 
5.50658 5.5073 5.50898 5.51164 5.51526 5.51985 5.52541 5.53192 5.5394 5.54782 5.55718 5.56747 5.57866 5.59075 5.60369 5.61747 5.63204 5.64738 5.66342 5.68013 5.69745 5.71532 5.73366 5.75242 5.77151 5.79086 5.81038 5.83 5.84962 5.86915 5.88851 5.9076 5.92633 5.94462 5.96238 5.97953 5.99597 6.01163 6.02645 6.04033 6.05322 6.06506 6.07579 6.08536 6.09372 6.10083 6.10666 6.11119 6.11438 6.11622 6.11671 6.11584 6.11362 6.11005 6.10516 6.09896 6.09149 6.08278 6.07287 6.06181 6.04966 6.03647 6.02231 6.00725 5.99137 5.97473 5.95743 5.93955 5.92118 5.9024 5.88331 5.864 5.84456 5.82508 5.80565 5.78635 5.76727 5.74849 5.73008 5.71212 5.69467 5.6778 5.66156 5.646 5.63117 5.61711 5.60386 5.59144 5.57989 5.56922 5.55946 5.55062 5.54271 5.53575 5.52973 5.52466 5.52055 5.51741 5.51523 5.51401 
5.50725 5.50798 5.50968 5.51235 5.516 5.52063 5.52622 5.53279 5.54032 5.54881 5.55824 5.5686 5.57987 5.59204 5.60508 5.61896 5.63363 5.64907 5.66523 5.68206 5.69949 5.71747 5.73594 5.75482 5.77404 5.79351 5.81316 5.8329 5.85264 5.87229 5.89177 5.91097 5.92982 5.94822 5.96609 5.98333 5.99987 6.01562 6.03052 6.04448 6.05745 6.06936 6.08014 6.08977 6.09817 6.10532 6.11119 6.11573 6.11894 6.1208 6.12129 6.12041 6.11818 6.11459 6.10967 6.10344 6.09593 6.08717 6.0772 6.06608 6.05386 6.0406 6.02636 6.01121 5.99523 5.9785 5.9611 5.94311 5.92463 5.90573 5.88653 5.8671 5.84753 5.82793 5.80837 5.78895 5.76975 5.75084 5.73231 5.71423 5.69666 5.67967 5.66331 5.64764 5.63271 5.61855 5.6052 5.5927 5.58106 5.57032 5.56049 5.55158 5.54361 5.53659 5.53053 5.52542 5.52128 5.51811 5.51591 5.51469 
5.50775 5.50847 5.51018 5.51287 5.51654 5.52119 5.52682 5.53342 5.54099 5.54951 5.55899 5.56941 5.58074 5.59297 5.60607 5.62002 5.63477 5.65028 5.66652 5.68342 5.70094 5.71901 5.73756 5.75652 5.77583 5.79539 5.81512 5.83495 5.85478 5.87451 5.89407 5.91336 5.93229 5.95076 5.9687 5.98601 6.00262 6.01844 6.03339 6.04741 6.06043 6.07238 6.08322 6.09287 6.10131 6.10849 6.11438 6.11894 6.12216 6.12402 6.12452 6.12364 6.1214 6.1178 6.11286 6.1066 6.09906 6.09026 6.08026 6.0691 6.05683 6.04351 6.02921 6.014 5.99796 5.98116 5.96368 5.94562 5.92706 5.90809 5.8888 5.86928 5.84963 5.82994 5.8103 5.79079 5.77149 5.7525 5.73388 5.71572 5.69807 5.68099 5.66456 5.64882 5.63381 5.61958 5.60616 5.5936 5.5819 5.5711 5.56122 5.55227 5.54426 5.5372 5.5311 5.52597 5.52181 5.51863 5.51641 5.51518 
5.50805 5.50878 5.51049 5.51319 5.51687 5.52153 5.52718 5.5338 5.54139 5.54994 5.55945 5.56989 5.58126 5.59352 5.60666 5.62065 5.63544 5.65099 5.66727 5.68422 5.70178 5.7199 5.7385 5.75751 5.77687 5.79648 5.81626 5.83614 5.85601 5.8758 5.8954 5.91474 5.93371 5.95223 5.97021 5.98757 6.00421 6.02007 6.03505 6.04911 6.06215 6.07413 6.08499 6.09467 6.10313 6.11032 6.11622 6.1208 6.12402 6.12589 6.12638 6.12551 6.12326 6.11965 6.1147 6.10843 6.10087 6.09205 6.08203 6.07084 6.05854 6.04519 6.03086 6.01561 5.99953 5.98269 5.96517 5.94707 5.92846 5.90944 5.89011 5.87054 5.85085 5.83111 5.81141 5.79185 5.77251 5.75347 5.7348 5.71659 5.69889 5.68177 5.66529 5.64951 5.63446 5.62019 5.60673 5.59413 5.5824 5.57157 5.56166 5.55268 5.54465 5.53757 5.53146 5.52631 5.52214 5.51894 5.51672 5.51549 
