3.12759 3.12782 3.12805 3.12829 3.12853 3.12879 3.12905 3.12931 3.12959 3.12987 3.13017 3.13047 3.1308 3.13114 3.1315 3.13188 3.13229 3.13274 3.13321 3.13372 3.13427 3.13487 3.1355 3.13618 3.13691 3.13768 3.13849 3.13935 3.14025 3.14119 3.14216 3.14316 3.14418 3.14522 3.14627 3.14732 3.14836 3.14938 3.15038 3.15135 3.15227 3.15314 3.15395 3.15469 3.15535 3.15592 3.15641 3.1568 3.15709 3.15727 3.15736 3.15733 3.1572 3.15697 3.15663 3.1562 3.15568 3.15507 3.15438 3.15362 3.15279 3.15191 3.15099 3.15003 3.14903 3.14803 3.14701 3.14599 3.14497 3.14398 3.143 3.14206 3.14114 3.14027 3.13945 3.13867 3.13794 3.13727 3.13665 3.13608 3.13557 3.13512 3.13472 3.13438 3.13409 3.13385 3.13366 3.13352 3.13342 3.13336 3.13334 3.13336 3.13341 3.13348 3.13359 3.13372 3.13387 3.13404 3.13423 3.13443 
3.12782 3.12804 3.12827 3.12851 3.12876 3.12901 3.12927 3.12954 3.12981 3.13009 3.13039 3.1307 3.13102 3.13136 3.13172 3.13211 3.13253 3.13297 3.13345 3.13397 3.13452 3.13512 3.13577 3.13645 3.13719 3.13797 3.1388 3.13967 3.14058 3.14153 3.14252 3.14353 3.14457 3.14563 3.14669 3.14776 3.14882 3.14986 3.15088 3.15186 3.1528 3.15368 3.15451 3.15526 3.15593 3.15651 3.15701 3.1574 3.1577 3.15789 3.15797 3.15794 3.15781 3.15757 3.15723 3.15679 3.15626 3.15564 3.15494 3.15416 3.15332 3.15243 3.15149 3.15051 3.1495 3.14847 3.14744 3.1464 3.14537 3.14436 3.14337 3.14241 3.14148 3.1406 3.13976 3.13897 3.13823 3.13754 3.13692 3.13634 3.13583 3.13537 3.13497 3.13462 3.13433 3.13409 3.13389 3.13375 3.13365 3.13359 3.13357 3.13358 3.13363 3.13371 3.13381 3.13394 3.13409 3.13426 3.13445 3.13465 
3.12805 3.12827 3.1285 3.12874 3.12899 3.12925 3.12951 3.12978 3.13006 3.13035 3.13065 3.13096 3.1313 3.13165 3.13202 3.13242 3.13285 3.13332 3.13382 3.13436 3.13494 3.13556 3.13624 3.13696 3.13773 3.13855 3.13942 3.14033 3.14129 3.14229 3.14333 3.14439 3.14549 3.14659 3.14771 3.14883 3.14994 3.15104 3.15211 3.15314 3.15412 3.15505 3.15591 3.15669 3.1574 3.15801 3.15853 3.15894 3.15925 3.15945 3.15953 3.1595 3.15936 3.15911 3.15875 3.15829 3.15773 3.15708 3.15634 3.15553 3.15465 3.15371 3.15272 3.15169 3.15063 3.14955 3.14846 3.14737 3.14629 3.14523 3.14419 3.14318 3.14221 3.14128 3.14039 3.13956 3.13879 3.13806 3.1374 3.1368 3.13626 3.13577 3.13535 3.13498 3.13467 3.13441 3.1342 3.13404 3.13393 3.13386 3.13383 3.13384 3.13388 3.13396 3.13406 3.13418 3.13433 3.1345 3.13468 3.13488 
3.12829 3.12851 3.12874 3.12899 3.12924 3.1295 3.12976 3.13004 3.13033 3.13063 3.13094 3.13127 3.13162 3.13199 3.13239 3.13282 3.13328 3.13377 3.13431 3.13489 3.13552 3.1362 3.13692 3.1377 3.13854 3.13943 3.14037 3.14136 3.14239 3.14348 3.1446 3.14575 3.14693 3.14813 3.14934 3.15055 3.15175 3.15293 3.15408 3.15519 3.15625 3.15725 3.15818 3.15902 3.15978 3.16044 3.16099 3.16144 3.16176 3.16197 3.16206 3.16203 3.16188 3.1616 3.16121 3.16071 3.16011 3.1594 3.15861 3.15773 3.15678 3.15576 3.15469 3.15358 3.15244 3.15127 3.1501 3.14892 3.14775 3.1466 3.14547 3.14438 3.14332 3.14232 3.14136 3.14046 3.13961 3.13883 3.13811 3.13745 3.13686 3.13633 3.13586 3.13546 3.13511 3.13482 3.13459 3.13441 3.13427 3.13418 3.13414 3.13413 3.13416 3.13423 3.13432 3.13444 3.13458 3.13474 3.13493 3.13512 
3.12853 3.12876 3.12899 3.12924 3.12949 3.12976 3.13003 3.13032 3.13062 3.13094 3.13127 3.13162 3.132 3.1324 3.13283 3.1333 3.1338 3.13435 3.13494 3.13558 3.13627 3.13702 3.13783 3.1387 3.13962 3.14061 3.14165 3.14275 3.1439 3.1451 3.14635 3.14762 3.14893 3.15026 3.15159 3.15293 3.15425 3.15556 3.15683 3.15805 3.15922 3.16031 3.16133 3.16226 3.16309 3.16382 3.16443 3.16491 3.16527 3.1655 3.16559 3.16555 3.16538 3.16508 3.16464 3.16409 3.16342 3.16264 3.16176 3.16079 3.15974 3.15862 3.15744 3.15621 3.15495 3.15366 3.15236 3.15105 3.14976 3.14848 3.14723 3.14602 3.14485 3.14373 3.14267 3.14167 3.14073 3.13985 3.13905 3.13831 3.13765 3.13705 3.13652 3.13606 3.13566 3.13533 3.13505 3.13484 3.13467 3.13455 3.13449 3.13446 3.13447 3.13452 3.1346 3.13471 3.13484 3.135 3.13518 3.13537 
3.12879 3.12901 3.12925 3.1295 3.12976 3.13003 3.13032 3.13062 3.13094 3.13128 3.13164 3.13202 3.13243 3.13287 3.13335 3.13387 3.13443 3.13504 3.13571 3.13643 3.13721 3.13806 3.13897 3.13995 3.141 3.14212 3.14329 3.14454 3.14584 3.14719 3.14859 3.15004 3.15151 3.153 3.1545 3.156 3.15749 3.15895 3.16038 3.16175 3.16305 3.16428 3.16542 3.16646 3.16739 3.16819 3.16887 3.16941 3.1698 3.17005 3.17015 3.17011 3.16991 3.16957 3.16908 3.16846 3.1677 3.16683 3.16584 3.16475 3.16357 3.16231 3.16098 3.1596 3.15818 3.15673 3.15527 3.1538 3.15235 3.15091 3.1495 3.14813 3.14681 3.14554 3.14434 3.1432 3.14213 3.14114 3.14022 3.13938 3.13862 3.13794 3.13733 3.13679 3.13633 3.13593 3.1356 3.13534 3.13513 3.13498 3.13488 3.13482 3.13481 3.13484 3.1349 3.135 3.13512 3.13527 3.13544 3.13563 
3.12905 3.12927 3.12951 3.12976 3.13003 3.13032 3.13062 3.13095 3.13129 3.13165 3.13204 3.13246 3.13292 3.13341 3.13395 3.13454 3.13517 3.13587 3.13663 3.13745 3.13835 3.13932 3.14037 3.14149 3.14269 3.14397 3.14532 3.14674 3.14823 3.14977 3.15137 3.15302 3.15469 3.15639 3.1581 3.15981 3.1615 3.16316 3.16477 3.16632 3.1678 3.16919 3.17048 3.17165 3.17269 3.1736 3.17436 3.17497 3.17541 3.17569 3.1758 3.17574 3.17551 3.17512 3.17457 3.17386 3.173 3.17201 3.17088 3.16965 3.16831 3.16687 3.16537 3.1638 3.16218 3.16054 3.15887 3.1572 3.15554 3.1539 3.15229 3.15073 3.14922 3.14777 3.14639 3.14508 3.14386 3.14271 3.14166 3.14068 3.1398 3.139 3.13829 3.13766 3.13711 3.13664 3.13624 3.13592 3.13565 3.13545 3.13531 3.13522 3.13518 3.13518 3.13522 3.1353 3.13541 3.13554 3.13571 3.13589 
3.12931 3.12954 3.12978 3.13004 3.13032 3.13062 3.13095 3.13129 3.13166 3.13206 3.13249 3.13296 3.13347 3.13403 3.13464 3.13531 3.13604 3.13684 3.13771 3.13866 3.1397 3.14082 3.14203 3.14332 3.14471 3.14618 3.14774 3.14938 3.1511 3.15288 3.15472 3.15661 3.15853 3.16048 3.16244 3.16439 3.16632 3.16822 3.17006 3.17183 3.17351 3.17509 3.17655 3.17788 3.17907 3.1801 3.18096 3.18164 3.18214 3.18245 3.18257 3.1825 3.18224 3.18179 3.18115 3.18034 3.17936 3.17822 3.17694 3.17553 3.17399 3.17236 3.17064 3.16884 3.16699 3.16511 3.1632 3.16128 3.15938 3.15749 3.15565 3.15385 3.15211 3.15044 3.14885 3.14734 3.14592 3.14459 3.14336 3.14223 3.14119 3.14026 3.13942 3.13868 3.13802 3.13746 3.13698 3.13658 3.13625 3.13599 3.1358 3.13566 3.13558 3.13555 3.13556 3.13562 3.13571 3.13583 3.13598 3.13616 
3.12959 3.12981 3.13006 3.13033 3.13062 3.13094 3.13129 3.13166 3.13207 3.13251 3.13299 3.13352 3.1341 3.13473 3.13543 3.1362 3.13704 3.13796 3.13898 3.14008 3.14128 3.14258 3.14398 3.14548 3.14709 3.1488 3.1506 3.1525 3.15448 3.15654 3.15866 3.16084 3.16305 3.1653 3.16755 3.16979 3.172 3.17417 3.17628 3.17831 3.18023 3.18203 3.1837 3.18522 3.18657 3.18774 3.18871 3.18949 3.19005 3.1904 3.19053 3.19044 3.19014 3.18962 3.18889 3.18796 3.18683 3.18553 3.18406 3.18244 3.18068 3.17881 3.17683 3.17477 3.17265 3.17049 3.16829 3.16609 3.1639 3.16173 3.1596 3.15752 3.15551 3.15358 3.15173 3.14998 3.14833 3.14679 3.14536 3.14403 3.14282 3.14172 3.14074 3.13985 3.13908 3.1384 3.13782 3.13733 3.13692 3.13659 3.13633 3.13615 3.13602 3.13595 3.13593 3.13596 3.13603 3.13613 3.13627 3.13644 
3.12987 3.13009 3.13035 3.13063 3.13094 3.13128 3.13165 3.13206 3.13251 3.133 3.13354 3.13414 3.1348 3.13553 3.13633 3.13721 3.13819 3.13926 3.14043 3.14171 3.14311 3.14462 3.14624 3.14799 3.14986 3.15184 3.15393 3.15613 3.15842 3.1608 3.16325 3.16576 3.16831 3.17089 3.17348 3.17605 3.1786 3.18109 3.1835 3.18581 3.18801 3.19007 3.19198 3.1937 3.19524 3.19657 3.19768 3.19856 3.1992 3.19959 3.19973 3.19963 3.19927 3.19867 3.19783 3.19676 3.19548 3.19398 3.1923 3.19044 3.18843 3.18628 3.18401 3.18165 3.17921 3.17672 3.1742 3.17167 3.16914 3.16664 3.16418 3.16178 3.15946 3.15722 3.15508 3.15305 3.15114 3.14934 3.14767 3.14612 3.1447 3.14341 3.14225 3.14121 3.14028 3.13947 3.13877 3.13817 3.13767 3.13726 3.13693 3.13668 3.1365 3.13638 3.13632 3.13632 3.13636 3.13645 3.13657 3.13673 
3.13017 3.13039 3.13065 3.13094 3.13127 3.13164 3.13204 3.13249 3.13299 3.13354 3.13416 3.13484 3.13559 3.13642 3.13735 3.13837 3.1395 3.14074 3.1421 3.14359 3.14521 3.14696 3.14885 3.15088 3.15304 3.15534 3.15776 3.1603 3.16295 3.16569 3.16852 3.17141 3.17435 3.17731 3.18028 3.18324 3.18615 3.189 3.19176 3.1944 3.19691 3.19926 3.20143 3.2034 3.20515 3.20666 3.20791 3.20891 3.20963 3.21007 3.21023 3.2101 3.20969 3.209 3.20804 3.20682 3.20534 3.20363 3.20171 3.19958 3.19728 3.19481 3.19222 3.18951 3.18672 3.18386 3.18096 3.17805 3.17515 3.17227 3.16944 3.16667 3.16399 3.1614 3.15893 3.15657 3.15435 3.15226 3.15032 3.14851 3.14686 3.14534 3.14397 3.14274 3.14165 3.14069 3.13985 3.13912 3.13851 3.138 3.13759 3.13727 3.13702 3.13685 3.13675 3.1367 3.13671 3.13678 3.13688 3.13703 
3.13047 3.1307 3.13096 3.13127 3.13162 3.13202 3.13246 3.13296 3.13352 3.13414 3.13484 3.13561 3.13647 3.13743 3.1385 3.13968 3.14098 3.14242 3.144 3.14572 3.1476 3.14963 3.15182 3.15417 3.15667 3.15933 3.16212 3.16505 3.16811 3.17127 3.17452 3.17784 3.18121 3.18461 3.18801 3.19139 3.19471 3.19796 3.20111 3.20413 3.20698 3.20965 3.21212 3.21435 3.21633 3.21804 3.21947 3.22059 3.22141 3.2219 3.22207 3.22192 3.22145 3.22066 3.21956 3.21816 3.21648 3.21453 3.21233 3.20991 3.20728 3.20447 3.2015 3.19841 3.19522 3.19195 3.18863 3.18529 3.18196 3.17866 3.1754 3.17222 3.16914 3.16616 3.1633 3.16058 3.15801 3.15559 3.15333 3.15123 3.1493 3.14753 3.14593 3.14449 3.1432 3.14206 3.14106 3.14019 3.13945 3.13883 3.13832 3.13791 3.13759 3.13736 3.1372 3.13711 3.13709 3.13712 3.13721 3.13735 
3.1308 3.13102 3.1313 3.13162 3.132 3.13243 3.13292 3.13347 3.1341 3.1348 3.13559 3.13647 3.13746 3.13856 3.13979 3.14115 3.14266 3.14432 3.14615 3.14814 3.15031 3.15266 3.15519 3.1579 3.16079 3.16384 3.16706 3.17043 3.17393 3.17756 3.18128 3.18508 3.18894 3.19282 3.1967 3.20054 3.20433 3.20803 3.2116 3.21503 3.21827 3.22129 3.22408 3.22661 3.22885 3.23078 3.23239 3.23365 3.23457 3.23512 3.23531 3.23513 3.23459 3.23369 3.23244 3.23085 3.22894 3.22672 3.22423 3.22147 3.21848 3.21529 3.21191 3.20839 3.20475 3.20103 3.19724 3.19343 3.18962 3.18585 3.18212 3.17848 3.17493 3.17151 3.16823 3.1651 3.16213 3.15934 3.15672 3.1543 3.15205 3.15 3.14813 3.14645 3.14493 3.14359 3.14241 3.14138 3.1405 3.13975 3.13913 3.13862 3.13822 3.13791 3.13769 3.13756 3.13749 3.13749 3.13756 3.13768 
3.13114 3.13136 3.13165 3.13199 3.1324 3.13287 3.13341 3.13403 3.13473 3.13553 3.13642 3.13743 3.13856 3.13983 3.14124 3.14281 3.14454 3.14646 3.14857 3.15086 3.15336 3.15607 3.15898 3.16209 3.16541 3.16891 3.1726 3.17646 3.18046 3.1846 3.18885 3.19318 3.19757 3.20198 3.20639 3.21075 3.21505 3.21923 3.22328 3.22715 3.2308 3.23422 3.23737 3.24021 3.24273 3.2449 3.24671 3.24813 3.24915 3.24976 3.24997 3.24976 3.24915 3.24812 3.24671 3.24491 3.24275 3.24025 3.23742 3.23431 3.23092 3.22731 3.22348 3.21949 3.21536 3.21114 3.20684 3.20251 3.19817 3.19387 3.18963 3.18547 3.18142 3.17751 3.17374 3.17015 3.16675 3.16354 3.16053 3.15773 3.15514 3.15277 3.1506 3.14864 3.14688 3.14531 3.14393 3.14271 3.14167 3.14077 3.14002 3.1394 3.1389 3.13851 3.13823 3.13803 3.13792 3.13789 3.13792 3.13803 
3.1315 3.13172 3.13202 3.13239 3.13283 3.13335 3.13395 3.13464 3.13543 3.13633 3.13735 3.1385 3.13979 3.14124 3.14286 3.14466 3.14665 3.14886 3.15127 3.15391 3.15678 3.15988 3.16321 3.16678 3.17056 3.17457 3.17877 3.18317 3.18773 3.19244 3.19726 3.20217 3.20714 3.21214 3.21712 3.22205 3.22689 3.23161 3.23617 3.24052 3.24463 3.24846 3.25199 3.25518 3.258 3.26043 3.26245 3.26404 3.26518 3.26586 3.26608 3.26585 3.26515 3.26399 3.2624 3.26038 3.25795 3.25513 3.25195 3.24844 3.24463 3.24056 3.23625 3.23175 3.22709 3.22231 3.21745 3.21255 3.20764 3.20276 3.19795 3.19322 3.18862 3.18416 3.17988 3.17578 3.17189 3.16822 3.16477 3.16156 3.15859 3.15585 3.15335 3.15109 3.14905 3.14722 3.14561 3.14419 3.14296 3.1419 3.14101 3.14026 3.13965 3.13917 3.13881 3.13855 3.13838 3.13831 3.13831 3.1384 
3.13188 3.13211 3.13242 3.13282 3.1333 3.13387 3.13454 3.13531 3.1362 3.13721 3.13837 3.13968 3.14115 3.14281 3.14466 3.14672 3.149 3.15152 3.15428 3.1573 3.16058 3.16411 3.16792 3.17197 3.17629 3.18084 3.18561 3.19059 3.19576 3.20109 3.20654 3.21208 3.21769 3.22331 3.22891 3.23446 3.23989 3.24519 3.25029 3.25516 3.25975 3.26404 3.26798 3.27154 3.27469 3.27739 3.27964 3.2814 3.28266 3.28342 3.28366 3.28339 3.2826 3.28131 3.27952 3.27726 3.27454 3.27138 3.26783 3.2639 3.25963 3.25506 3.25023 3.24517 3.23994 3.23457 3.2291 3.22359 3.21805 3.21255 3.20711 3.20177 3.19656 3.19152 3.18666 3.182 3.17758 3.1734 3.16947 3.1658 3.1624 3.15927 3.1564 3.1538 3.15145 3.14934 3.14747 3.14582 3.14438 3.14314 3.14209 3.1412 3.14047 3.13989 3.13943 3.1391 3.13888 3.13876 3.13873 3.1388 
3.13229 3.13253 3.13285 3.13328 3.1338 3.13443 3.13517 3.13604 3.13704 3.13819 3.1395 3.14098 3.14266 3.14454 3.14665 3.149 3.1516 3.15447 3.15762 3.16105 3.16478 3.1688 3.17311 3.17771 3.18259 3.18774 3.19314 3.19876 3.20458 3.21057 3.2167 3.22293 3.22922 3.23552 3.24179 3.24799 3.25406 3.25997 3.26565 3.27108 3.27619 3.28096 3.28533 3.28928 3.29277 3.29577 3.29826 3.30021 3.3016 3.30244 3.3027 3.30239 3.30151 3.30006 3.29807 3.29555 3.29253 3.28901 3.28505 3.28068 3.27592 3.27082 3.26543 3.25979 3.25394 3.24793 3.24182 3.23563 3.22943 3.22325 3.21714 3.21113 3.20527 3.19958 3.19409 3.18884 3.18383 3.1791 3.17464 3.17048 3.16661 3.16304 3.15977 3.15679 3.1541 3.15168 3.14952 3.14762 3.14595 3.14451 3.14328 3.14224 3.14137 3.14067 3.14012 3.1397 3.13942 3.13924 3.13918 3.13922 
3.13274 3.13297 3.13332 3.13377 3.13435 3.13504 3.13587 3.13684 3.13796 3.13926 3.14074 3.14242 3.14432 3.14646 3.14886 3.15152 3.15447 3.15773 3.16129 3.16518 3.1694 3.17394 3.17881 3.184 3.1895 3.19529 3.20136 3.20767 3.2142 3.22092 3.22777 3.23473 3.24175 3.24877 3.25576 3.26265 3.2694 3.27595 3.28226 3.28827 3.29393 3.2992 3.30404 3.3084 3.31225 3.31556 3.3183 3.32044 3.32197 3.32289 3.32317 3.32282 3.32184 3.32024 3.31804 3.31525 3.31189 3.30801 3.30362 3.29877 3.29349 3.28784 3.28186 3.27559 3.26909 3.2624 3.25559 3.2487 3.24178 3.23488 3.22805 3.22132 3.21475 3.20837 3.20221 3.1963 3.19067 3.18533 3.1803 3.1756 3.17122 3.16717 3.16346 3.16007 3.157 3.15424 3.15178 3.14959 3.14768 3.14601 3.14458 3.14336 3.14235 3.14152 3.14086 3.14036 3.14 3.13977 3.13966 3.13968 
3.13321 3.13345 3.13382 3.13431 3.13494 3.13571 3.13663 3.13771 3.13898 3.14043 3.1421 3.144 3.14615 3.14857 3.15127 3.15428 3.15762 3.16129 3.16532 3.1697 3.17445 3.17956 3.18503 3.19086 3.19703 3.20351 3.2103 3.21735 3.22464 3.23212 3.23975 3.24748 3.25527 3.26307 3.2708 3.27843 3.28589 3.29313 3.30009 3.30671 3.31295 3.31875 3.32406 3.32886 3.33308 3.33671 3.33971 3.34206 3.34374 3.34473 3.34503 3.34464 3.34356 3.3418 3.33937 3.3363 3.33261 3.32833 3.32349 3.31815 3.31233 3.3061 3.29949 3.29256 3.28537 3.27797 3.27042 3.26278 3.2551 3.24743 3.23983 3.23235 3.22502 3.2179 3.21101 3.2044 3.19809 3.19211 3.18646 3.18117 3.17624 3.17168 3.16749 3.16365 3.16018 3.15704 3.15424 3.15175 3.14956 3.14765 3.146 3.1446 3.14342 3.14245 3.14167 3.14106 3.14062 3.14033 3.14018 3.14017 
3.13372 3.13397 3.13436 3.13489 3.13558 3.13643 3.13745 3.13866 3.14008 3.14171 3.14359 3.14572 3.14814 3.15086 3.15391 3.1573 3.16105 3.16518 3.1697 3.17462 3.17994 3.18566 3.19178 3.19829 3.20517 3.2124 3.21995 3.22779 3.23588 3.24417 3.25262 3.26118 3.26979 3.27838 3.28691 3.29531 3.30352 3.31147 3.3191 3.32637 3.3332 3.33955 3.34536 3.3506 3.35522 3.35917 3.36245 3.36501 3.36683 3.36791 3.36823 3.3678 3.36661 3.36468 3.36202 3.35866 3.35462 3.34993 3.34463 3.33877 3.33239 3.32555 3.31829 3.31067 3.30276 3.29462 3.2863 3.27786 3.26938 3.2609 3.25249 3.24419 3.23607 3.22816 3.22051 3.21315 3.20611 3.19943 3.19313 3.18721 3.18169 3.17657 3.17186 3.16755 3.16363 3.16009 3.15691 3.15409 3.1516 3.14943 3.14754 3.14593 3.14457 3.14345 3.14254 3.14183 3.1413 3.14094 3.14074 3.1407 
3.13427 3.13452 3.13494 3.13552 3.13627 3.13721 3.13835 3.1397 3.14128 3.14311 3.14521 3.1476 3.15031 3.15336 3.15678 3.16058 3.16478 3.1694 3.17445 3.17994 3.18587 3.19225 3.19906 3.2063 3.21393 3.22195 3.23031 3.23898 3.24791 3.25706 3.26638 3.27579 3.28525 3.29469 3.30405 3.31325 3.32222 3.33092 3.33925 3.34718 3.35462 3.36154 3.36787 3.37356 3.37858 3.38288 3.38643 3.3892 3.39118 3.39234 3.39269 3.39221 3.39092 3.38881 3.38592 3.38225 3.37785 3.37274 3.36697 3.36058 3.35362 3.34614 3.33821 3.32988 3.32122 3.3123 3.30317 3.29392 3.28459 3.27527 3.266 3.25686 3.24789 3.23915 3.23068 3.22253 3.21473 3.20731 3.2003 3.19371 3.18756 3.18185 3.17658 3.17175 3.16736 3.16338 3.15981 3.15663 3.15382 3.15135 3.14922 3.14738 3.14583 3.14453 3.14348 3.14265 3.14203 3.14159 3.14134 3.14126 
3.13487 3.13512 3.13556 3.1362 3.13702 3.13806 3.13932 3.14082 3.14258 3.14462 3.14696 3.14963 3.15266 3.15607 3.15988 3.16411 3.1688 3.17394 3.17956 3.18566 3.19225 3.19932 3.20687 3.21487 3.22331 3.23215 3.24136 3.25091 3.26073 3.27077 3.28098 3.29129 3.30164 3.31195 3.32216 3.33218 3.34196 3.35141 3.36047 3.36907 3.37715 3.38464 3.39149 3.39765 3.40307 3.40772 3.41155 3.41455 3.41668 3.41793 3.4183 3.41778 3.41637 3.41409 3.41096 3.40699 3.40222 3.39669 3.39043 3.38349 3.37594 3.36782 3.35919 3.35013 3.3407 3.33097 3.32101 3.3109 3.3007 3.29049 3.28034 3.27031 3.26045 3.25084 3.24152 3.23253 3.22393 3.21573 3.20797 3.20067 3.19385 3.1875 3.18164 3.17627 3.17136 3.16692 3.16293 3.15936 3.15621 3.15343 3.15102 3.14894 3.14718 3.1457 3.1445 3.14354 3.14281 3.1423 3.14199 3.14187 
3.1355 3.13577 3.13624 3.13692 3.13783 3.13897 3.14037 3.14203 3.14398 3.14624 3.14885 3.15182 3.15519 3.15898 3.16321 3.16792 3.17311 3.17881 3.18503 3.19178 3.19906 3.20687 3.21518 3.22399 3.23327 3.24298 3.25309 3.26354 3.27428 3.28525 3.29639 3.30763 3.31889 3.3301 3.34118 3.35206 3.36265 3.37288 3.38267 3.39196 3.40068 3.40875 3.41613 3.42277 3.4286 3.43359 3.43771 3.44093 3.44321 3.44455 3.44494 3.44438 3.44286 3.44041 3.43703 3.43276 3.42762 3.42165 3.4149 3.40742 3.39926 3.39048 3.38115 3.37134 3.36112 3.35056 3.33975 3.32876 3.31766 3.30654 3.29546 3.28451 3.27374 3.26322 3.253 3.24315 3.23369 3.22468 3.21613 3.20808 3.20055 3.19354 3.18705 3.18109 3.17565 3.17072 3.16627 3.16229 3.15876 3.15566 3.15295 3.15061 3.14862 3.14695 3.14558 3.14449 3.14365 3.14305 3.14268 3.14253 
3.13618 3.13645 3.13696 3.1377 3.1387 3.13995 3.14149 3.14332 3.14548 3.14799 3.15088 3.15417 3.1579 3.16209 3.16678 3.17197 3.17771 3.184 3.19086 3.19829 3.2063 3.21487 3.22399 3.23364 3.2438 3.25441 3.26544 3.27683 3.28853 3.30046 3.31256 3.32475 3.33694 3.34907 3.36104 3.37278 3.3842 3.39522 3.40575 3.41574 3.4251 3.43376 3.44168 3.44878 3.45503 3.46037 3.46477 3.46821 3.47065 3.47208 3.47249 3.47188 3.47026 3.46763 3.46401 3.45943 3.45392 3.44752 3.44028 3.43224 3.42347 3.41403 3.40399 3.39342 3.3824 3.371 3.35932 3.34742 3.33541 3.32335 3.31132 3.29942 3.2877 3.27624 3.2651 3.25433 3.24399 3.23413 3.22476 3.21593 3.20765 3.19994 3.1928 3.18622 3.18021 3.17475 3.16983 3.16542 3.16149 3.15804 3.15501 3.1524 3.15017 3.14829 3.14675 3.14551 3.14455 3.14386 3.14342 3.14323 
3.13691 3.13719 3.13773 3.13854 3.13962 3.141 3.14269 3.14471 3.14709 3.14986 3.15304 3.15667 3.16079 3.16541 3.17056 3.17629 3.18259 3.1895 3.19703 3.20517 3.21393 3.22331 3.23327 3.2438 3.25486 3.2664 3.27839 3.29075 3.30342 3.31633 3.32941 3.34256 3.35572 3.36877 3.38165 3.39426 3.40651 3.41832 3.42961 3.44029 3.45029 3.45954 3.46798 3.47556 3.48221 3.4879 3.49259 3.49624 3.49884 3.50036 3.50079 3.50014 3.49841 3.4956 3.49174 3.48686 3.48099 3.47416 3.46642 3.45784 3.44846 3.43835 3.4276 3.41626 3.40443 3.39219 3.37962 3.36681 3.35386 3.34084 3.32785 3.31497 3.30228 3.28985 3.27776 3.26606 3.25481 3.24406 3.23384 3.22419 3.21514 3.20669 3.19886 3.19165 3.18504 3.17903 3.1736 3.16873 3.16439 3.16056 3.15721 3.1543 3.15182 3.14972 3.14799 3.14659 3.14551 3.14472 3.14421 3.14398 
3.13768 3.13797 3.13855 3.13943 3.14061 3.14212 3.14397 3.14618 3.1488 3.15184 3.15534 3.15933 3.16384 3.16891 3.17457 3.18084 3.18774 3.19529 3.20351 3.2124 3.22195 3.23215 3.24298 3.25441 3.2664 3.27891 3.29187 3.30522 3.31889 3.3328 3.34687 3.361 3.37512 3.38912 3.4029 3.41638 3.42947 3.44207 3.4541 3.46547 3.47611 3.48594 3.49491 3.50295 3.51 3.51603 3.521 3.52487 3.52761 3.52922 3.52968 3.52899 3.52715 3.52417 3.52008 3.5149 3.50867 3.50141 3.4932 3.48406 3.47408 3.46332 3.45185 3.43976 3.42712 3.41402 3.40057 3.38684 3.37294 3.35895 3.34498 3.33111 3.31743 3.30401 3.29094 3.27828 3.26609 3.25443 3.24333 3.23284 3.22298 3.21378 3.20523 3.19734 3.19011 3.18353 3.17757 3.17222 3.16745 3.16323 3.15952 3.15631 3.15356 3.15123 3.1493 3.14774 3.14652 3.14563 3.14505 3.14477 
3.13849 3.1388 3.13942 3.14037 3.14165 3.14329 3.14532 3.14774 3.1506 3.15393 3.15776 3.16212 3.16706 3.1726 3.17877 3.18561 3.19314 3.20136 3.2103 3.21995 3.23031 3.24136 3.25309 3.26544 3.27839 3.29187 3.30582 3.32018 3.33486 3.34978 3.36485 3.37997 3.39505 3.40999 3.42468 3.43903 3.45295 3.46633 3.47909 3.49114 3.50241 3.51281 3.52229 3.53078 3.53823 3.5446 3.54983 3.55391 3.55681 3.5585 3.55898 3.55825 3.55631 3.55317 3.54886 3.54339 3.5368 3.52913 3.52044 3.51078 3.5002 3.48879 3.47662 3.46377 3.45033 3.43639 3.42204 3.40739 3.39254 3.37759 3.36262 3.34775 3.33306 3.31864 3.30458 3.29094 3.27779 3.26519 3.2532 3.24184 3.23115 3.22116 3.21187 3.2033 3.19542 3.18824 3.18173 3.17588 3.17065 3.16602 3.16196 3.15843 3.15539 3.15282 3.15068 3.14895 3.14759 3.14659 3.14594 3.14561 
3.13935 3.13967 3.14033 3.14136 3.14275 3.14454 3.14674 3.14938 3.1525 3.15613 3.1603 3.16505 3.17043 3.17646 3.18317 3.19059 3.19876 3.20767 3.21735 3.22779 3.23898 3.25091 3.26354 3.27683 3.29075 3.30522 3.32018 3.33555 3.35125 3.36718 3.38325 3.39936 3.4154 3.43127 3.44686 3.46207 3.4768 3.49095 3.50443 3.51715 3.52903 3.53999 3.54997 3.5589 3.56673 3.57342 3.57892 3.5832 3.58623 3.58801 3.58852 3.58775 3.58571 3.58242 3.57789 3.57214 3.56521 3.55715 3.548 3.53781 3.52666 3.51462 3.50176 3.48816 3.47393 3.45915 3.44393 3.42837 3.41257 3.39664 3.38069 3.36481 3.34911 3.33368 3.31861 3.30397 3.28985 3.2763 3.26339 3.25115 3.23962 3.22882 3.21877 3.20948 3.20094 3.19314 3.18607 3.1797 3.174 3.16895 3.16451 3.16064 3.15731 3.15448 3.15213 3.15021 3.14871 3.14761 3.14687 3.14649 
3.14025 3.14058 3.14129 3.14239 3.1439 3.14584 3.14823 3.1511 3.15448 3.15842 3.16295 3.16811 3.17393 3.18046 3.18773 3.19576 3.20458 3.2142 3.22464 3.23588 3.24791 3.26073 3.27428 3.28853 3.30342 3.31889 3.33486 3.35125 3.36796 3.3849 3.40197 3.41906 3.43605 3.45284 3.46931 3.48537 3.5009 3.5158 3.52998 3.54334 3.55582 3.56731 3.57777 3.58713 3.59532 3.60231 3.60806 3.61254 3.61571 3.61757 3.6181 3.6173 3.61518 3.61173 3.60699 3.60098 3.59373 3.58529 3.57569 3.56501 3.5533 3.54064 3.52711 3.5128 3.49779 3.48219 3.46611 3.44964 3.43291 3.41601 3.39907 3.38219 3.36548 3.34903 3.33295 3.31732 3.30221 3.28771 3.27386 3.26072 3.24833 3.23671 3.22588 3.21586 3.20664 3.19821 3.19056 3.18365 3.17747 3.17199 3.16715 3.16294 3.1593 3.15622 3.15364 3.15154 3.14989 3.14866 3.14784 3.14741 
3.14119 3.14153 3.14229 3.14348 3.1451 3.14719 3.14977 3.15288 3.15654 3.1608 3.16569 3.17127 3.17756 3.1846 3.19244 3.20109 3.21057 3.22092 3.23212 3.24417 3.25706 3.27077 3.28525 3.30046 3.31633 3.3328 3.34978 3.36718 3.3849 3.40285 3.4209 3.43895 3.45687 3.47456 3.4919 3.50878 3.52508 3.54071 3.55556 3.56955 3.58259 3.5946 3.60552 3.61528 3.62382 3.63111 3.63709 3.64175 3.64506 3.64699 3.64755 3.64672 3.64451 3.64093 3.63599 3.62973 3.62218 3.61337 3.60336 3.5922 3.57996 3.56671 3.55253 3.53752 3.52176 3.50536 3.48843 3.47108 3.45343 3.43559 3.41767 3.3998 3.38208 3.36462 3.34753 3.3309 3.31481 3.29933 3.28455 3.2705 3.25724 3.24479 3.23318 3.22242 3.2125 3.20343 3.19518 3.18773 3.18106 3.17512 3.16989 3.16532 3.16137 3.15801 3.1552 3.15291 3.15111 3.14976 3.14886 3.14837 
3.14216 3.14252 3.14333 3.1446 3.14635 3.14859 3.15137 3.15472 3.15866 3.16325 3.16852 3.17452 3.18128 3.18885 3.19726 3.20654 3.2167 3.22777 3.23975 3.25262 3.26638 3.28098 3.29639 3.31256 3.32941 3.34687 3.36485 3.38325 3.40197 3.4209 3.43992 3.45891 3.47774 3.49631 3.51449 3.53216 3.54921 3.56553 3.58103 3.59561 3.60919 3.62169 3.63304 3.64318 3.65205 3.65961 3.66582 3.67066 3.67409 3.67609 3.67667 3.67582 3.67353 3.66982 3.66471 3.65822 3.65038 3.64123 3.63082 3.61921 3.60646 3.59265 3.57786 3.56217 3.54569 3.52852 3.51078 3.49257 3.47401 3.45524 3.43637 3.41752 3.39881 3.38035 3.36226 3.34463 3.32756 3.31112 3.2954 3.28044 3.2663 3.25302 3.24061 3.2291 3.21849 3.20876 3.19991 3.19191 3.18473 3.17833 3.17269 3.16776 3.1635 3.15986 3.15682 3.15433 3.15237 3.1509 3.1499 3.14937 
3.14316 3.14353 3.14439 3.14575 3.14762 3.15004 3.15302 3.15661 3.16084 3.16576 3.17141 3.17784 3.18508 3.19318 3.20217 3.21208 3.22293 3.23473 3.24748 3.26118 3.27579 3.29129 3.30763 3.32475 3.34256 3.361 3.37997 3.39936 3.41906 3.43895 3.45891 3.47881 3.49853 3.51794 3.53692 3.55535 3.57312 3.59011 3.60622 3.62137 3.63546 3.64841 3.66017 3.67066 3.67984 3.68766 3.69408 3.69907 3.70262 3.70469 3.7053 3.70442 3.70206 3.69824 3.69296 3.68625 3.67815 3.66869 3.65791 3.64588 3.63266 3.61831 3.60294 3.58661 3.56944 3.55153 3.533 3.51396 3.49454 3.47486 3.45505 3.43525 3.41556 3.39612 3.37705 3.35843 3.34039 3.323 3.30634 3.29047 3.27546 3.26134 3.24814 3.23588 3.22456 3.21418 3.20472 3.19616 3.18847 3.18161 3.17556 3.17026 3.16567 3.16175 3.15847 3.15578 3.15366 3.15206 3.15098 3.15039 
3.14418 3.14457 3.14549 3.14693 3.14893 3.15151 3.15469 3.15853 3.16305 3.16831 3.17435 3.18121 3.18894 3.19757 3.20714 3.21769 3.22922 3.24175 3.25527 3.26979 3.28525 3.30164 3.31889 3.33694 3.35572 3.37512 3.39505 3.4154 3.43605 3.45687 3.47774 3.49853 3.5191 3.53933 3.55908 3.57823 3.59667 3.61429 3.63098 3.64665 3.66122 3.6746 3.68673 3.69755 3.70701 3.71507 3.72168 3.72683 3.73048 3.73262 3.73325 3.73235 3.72993 3.726 3.72058 3.71368 3.70534 3.69558 3.68447 3.67205 3.65838 3.64354 3.62761 3.61068 3.59286 3.57425 3.55496 3.53512 3.51486 3.49431 3.4736 3.45287 3.43224 3.41184 3.3918 3.37222 3.35321 3.33488 3.3173 3.30054 3.28466 3.26971 3.25572 3.2427 3.23068 3.21964 3.20957 3.20045 3.19225 3.18493 3.17846 3.17279 3.16788 3.16368 3.16015 3.15726 3.15497 3.15325 3.15208 3.15144 
3.14522 3.14563 3.14659 3.14813 3.15026 3.153 3.15639 3.16048 3.1653 3.17089 3.17731 3.18461 3.19282 3.20198 3.21214 3.22331 3.23552 3.24877 3.26307 3.27838 3.29469 3.31195 3.3301 3.34907 3.36877 3.38912 3.40999 3.43127 3.45284 3.47456 3.49631 3.51794 3.53933 3.56032 3.5808 3.60064 3.61972 3.63793 3.65516 3.67132 3.68632 3.7001 3.71258 3.7237 3.73342 3.74169 3.74848 3.75376 3.75751 3.75972 3.76036 3.75945 3.75698 3.75296 3.74741 3.74033 3.73177 3.72175 3.71033 3.69755 3.68347 3.66817 3.65173 3.63424 3.6158 3.59652 3.57652 3.55593 3.53487 3.51348 3.49191 3.47027 3.44873 3.4274 3.40641 3.3859 3.36596 3.3467 3.32821 3.31056 3.29383 3.27806 3.26329 3.24953 3.23681 3.22512 3.21444 3.20476 3.19605 3.18827 3.18138 3.17534 3.1701 3.16562 3.16185 3.15876 3.15631 3.15446 3.1532 3.1525 
3.14627 3.14669 3.14771 3.14934 3.15159 3.1545 3.1581 3.16244 3.16755 3.17348 3.18028 3.18801 3.1967 3.20639 3.21712 3.22891 3.24179 3.25576 3.2708 3.28691 3.30405 3.32216 3.34118 3.36104 3.38165 3.4029 3.42468 3.44686 3.46931 3.4919 3.51449 3.53692 3.55908 3.5808 3.60197 3.62245 3.64212 3.66088 3.67861 3.69522 3.71063 3.72477 3.73756 3.74896 3.75891 3.76738 3.77433 3.77973 3.78357 3.78583 3.7865 3.78558 3.78306 3.77896 3.77329 3.76606 3.75731 3.74706 3.73535 3.72224 3.70779 3.69207 3.67516 3.65714 3.63813 3.61823 3.59756 3.57625 3.55443 3.53225 3.50984 3.48735 3.46492 3.44269 3.4208 3.39937 3.37852 3.35837 3.33899 3.32049 3.30292 3.28634 3.2708 3.25632 3.24291 3.23057 3.2193 3.20907 3.19985 3.19161 3.18431 3.1779 3.17233 3.16757 3.16356 3.16027 3.15765 3.15568 3.15432 3.15357 
3.14732 3.14776 3.14883 3.15055 3.15293 3.156 3.15981 3.16439 3.16979 3.17605 3.18324 3.19139 3.20054 3.21075 3.22205 3.23446 3.24799 3.26265 3.27843 3.29531 3.31325 3.33218 3.35206 3.37278 3.39426 3.41638 3.43903 3.46207 3.48537 3.50878 3.53216 3.55535 3.57823 3.60064 3.62245 3.64353 3.66375 3.68301 3.7012 3.71822 3.734 3.74846 3.76154 3.77319 3.78335 3.79199 3.79908 3.80459 3.80851 3.81083 3.81152 3.81059 3.80804 3.80387 3.7981 3.79074 3.78181 3.77135 3.75939 3.74599 3.73121 3.7151 3.69775 3.67926 3.65971 3.63923 3.61793 3.59595 3.57342 3.55049 3.52729 3.50398 3.48071 3.45763 3.43487 3.41256 3.39084 3.36981 3.34958 3.33024 3.31186 3.2945 3.27821 3.26301 3.24893 3.23596 3.2241 3.21332 3.20361 3.19492 3.18721 3.18043 3.17455 3.16951 3.16526 3.16176 3.15899 3.15689 3.15545 3.15464 
3.14836 3.14882 3.14994 3.15175 3.15425 3.15749 3.1615 3.16632 3.172 3.1786 3.18615 3.19471 3.20433 3.21505 3.22689 3.23989 3.25406 3.2694 3.28589 3.30352 3.32222 3.34196 3.36265 3.3842 3.40651 3.42947 3.45295 3.4768 3.5009 3.52508 3.54921 3.57312 3.59667 3.61972 3.64212 3.66375 3.68448 3.7042 3.72281 3.7402 3.75632 3.77107 3.7844 3.79626 3.80661 3.81541 3.82262 3.82823 3.83223 3.83458 3.8353 3.83436 3.83178 3.82756 3.8217 3.81423 3.80515 3.79451 3.78233 3.76867 3.75358 3.73713 3.71939 3.70045 3.68042 3.65941 3.63753 3.61493 3.59173 3.56808 3.54415 3.52007 3.496 3.4721 3.44851 3.42537 3.4028 3.38094 3.35989 3.33974 3.32058 3.30246 3.28544 3.26956 3.25482 3.24124 3.22881 3.2175 3.2073 3.19817 3.19006 3.18293 3.17673 3.17142 3.16694 3.16325 3.16031 3.15809 3.15656 3.15571 
3.14938 3.14986 3.15104 3.15293 3.15556 3.15895 3.16316 3.16822 3.17417 3.18109 3.189 3.19796 3.20803 3.21923 3.23161 3.24519 3.25997 3.27595 3.29313 3.31147 3.33092 3.35141 3.37288 3.39522 3.41832 3.44207 3.46633 3.49095 3.5158 3.54071 3.56553 3.59011 3.61429 3.63793 3.66088 3.68301 3.7042 3.72434 3.74332 3.76105 3.77746 3.79247 3.80603 3.81808 3.82859 3.83752 3.84485 3.85055 3.8546 3.857 3.85773 3.8568 3.8542 3.84993 3.844 3.83643 3.82723 3.81643 3.80406 3.79017 3.77481 3.75805 3.73996 3.72062 3.70015 3.67865 3.65624 3.63305 3.60924 3.58494 3.56031 3.53551 3.51069 3.48602 3.46164 3.4377 3.41435 3.39169 3.36986 3.34894 3.32902 3.31018 3.29247 3.27591 3.26055 3.24637 3.23339 3.22158 3.21091 3.20135 3.19285 3.18538 3.17887 3.17329 3.16858 3.1647 3.16161 3.15927 3.15766 3.15675 
3.15038 3.15088 3.15211 3.15408 3.15683 3.16038 3.16477 3.17006 3.17628 3.1835 3.19176 3.20111 3.2116 3.22328 3.23617 3.25029 3.26565 3.28226 3.30009 3.3191 3.33925 3.36047 3.38267 3.40575 3.42961 3.4541 3.47909 3.50443 3.52998 3.55556 3.58103 3.60622 3.63098 3.65516 3.67861 3.7012 3.72281 3.74332 3.76264 3.78067 3.79734 3.81258 3.82633 3.83855 3.8492 3.85825 3.86567 3.87144 3.87555 3.87798 3.87874 3.87781 3.87519 3.87088 3.8649 3.85724 3.84794 3.837 3.82447 3.81039 3.79479 3.77776 3.75935 3.73966 3.71879 3.69684 3.67394 3.65023 3.62584 3.60093 3.57566 3.55019 3.52468 3.49928 3.47417 3.44949 3.42538 3.40198 3.3794 3.35775 3.33712 3.31759 3.29921 3.28203 3.26606 3.25132 3.23781 3.22551 3.21439 3.20441 3.19555 3.18774 3.18095 3.17511 3.17018 3.16612 3.16288 3.16042 3.15873 3.15777 
3.15135 3.15186 3.15314 3.15519 3.15805 3.16175 3.16632 3.17183 3.17831 3.18581 3.1944 3.20413 3.21503 3.22715 3.24052 3.25516 3.27108 3.28827 3.30671 3.32637 3.34718 3.36907 3.39196 3.41574 3.44029 3.46547 3.49114 3.51715 3.54334 3.56955 3.59561 3.62137 3.64665 3.67132 3.69522 3.71822 3.7402 3.76105 3.78067 3.79896 3.81586 3.8313 3.84522 3.85758 3.86835 3.8775 3.885 3.89083 3.89499 3.89746 3.89823 3.89731 3.89468 3.89034 3.88431 3.8766 3.8672 3.85616 3.84349 3.82923 3.81343 3.79616 3.77747 3.75747 3.73623 3.71389 3.69055 3.66636 3.64145 3.61599 3.59013 3.56403 3.53787 3.51181 3.48602 3.46064 3.43583 3.41173 3.38845 3.36612 3.34482 3.32464 3.30564 3.28785 3.27132 3.25604 3.24203 3.22926 3.21771 3.20735 3.19813 3.19001 3.18293 3.17685 3.17172 3.16748 3.16409 3.16153 3.15976 3.15876 
3.15227 3.1528 3.15412 3.15625 3.15922 3.16305 3.1678 3.17351 3.18023 3.18801 3.19691 3.20698 3.21827 3.2308 3.24463 3.25975 3.27619 3.29393 3.31295 3.3332 3.35462 3.37715 3.40068 3.4251 3.45029 3.47611 3.50241 3.52903 3.55582 3.58259 3.60919 3.63546 3.66122 3.68632 3.71063 3.734 3.75632 3.77746 3.79734 3.81586 3.83296 3.84856 3.86263 3.87512 3.88599 3.89522 3.90278 3.90867 3.91287 3.91537 3.91616 3.91524 3.9126 3.90825 3.90219 3.89442 3.88495 3.87382 3.86103 3.84663 3.83065 3.81317 3.79424 3.77396 3.75241 3.72971 3.70598 3.68135 3.65598 3.63001 3.60361 3.57695 3.5502 3.52352 3.4971 3.47108 3.44562 3.42087 3.39695 3.37398 3.35206 3.33127 3.31168 3.29334 3.27627 3.2605 3.24601 3.23281 3.22086 3.21013 3.20058 3.19216 3.18482 3.17851 3.17318 3.16877 3.16525 3.16259 3.16074 3.1597 
3.15314 3.15368 3.15505 3.15725 3.16031 3.16428 3.16919 3.17509 3.18203 3.19007 3.19926 3.20965 3.22129 3.23422 3.24846 3.26404 3.28096 3.2992 3.31875 3.33955 3.36154 3.38464 3.40875 3.43376 3.45954 3.48594 3.51281 3.53999 3.56731 3.5946 3.62169 3.64841 3.6746 3.7001 3.72477 3.74846 3.77107 3.79247 3.81258 3.8313 3.84856 3.86432 3.87851 3.8911 3.90205 3.91135 3.91897 3.9249 3.92914 3.93166 3.93247 3.93155 3.92892 3.92455 3.91846 3.91065 3.90113 3.88992 3.87704 3.86251 3.84639 3.82873 3.8096 3.78907 3.76724 3.74422 3.72014 3.69513 3.66933 3.64291 3.61603 3.58886 3.56157 3.53434 3.50734 3.48073 3.45468 3.42934 3.40483 3.38127 3.35878 3.33743 3.31731 3.29845 3.28089 3.26465 3.24973 3.23612 3.2238 3.21273 3.20287 3.19418 3.18659 3.18006 3.17455 3.16999 3.16635 3.16358 3.16167 3.16058 
3.15395 3.15451 3.15591 3.15818 3.16133 3.16542 3.17048 3.17655 3.1837 3.19198 3.20143 3.21212 3.22408 3.23737 3.25199 3.26798 3.28533 3.30404 3.32406 3.34536 3.36787 3.39149 3.41613 3.44168 3.46798 3.49491 3.52229 3.54997 3.57777 3.60552 3.63304 3.66017 3.68673 3.71258 3.73756 3.76154 3.7844 3.80603 3.82633 3.84522 3.86263 3.87851 3.8928 3.90547 3.9165 3.92585 3.93352 3.93949 3.94375 3.9463 3.94712 3.94622 3.94358 3.93921 3.9331 3.92526 3.9157 3.90442 3.89146 3.87683 3.86059 3.84278 3.82346 3.80272 3.78066 3.75737 3.73298 3.70762 3.68145 3.65463 3.62731 3.59968 3.57192 3.54419 3.51667 3.48954 3.46296 3.43707 3.41203 3.38794 3.36493 3.34308 3.32246 3.30313 3.28512 3.26846 3.25315 3.23917 3.22651 3.21513 3.20498 3.19603 3.18822 3.1815 3.17581 3.17111 3.16736 3.1645 3.16253 3.1614 
3.15469 3.15526 3.15669 3.15902 3.16226 3.16646 3.17165 3.17788 3.18522 3.1937 3.2034 3.21435 3.22661 3.24021 3.25518 3.27154 3.28928 3.3084 3.32886 3.3506 3.37356 3.39765 3.42277 3.44878 3.47556 3.50295 3.53078 3.5589 3.58713 3.61528 3.64318 3.67066 3.69755 3.7237 3.74896 3.77319 3.79626 3.81808 3.83855 3.85758 3.87512 3.8911 3.90547 3.91822 3.9293 3.9387 3.94641 3.95241 3.95669 3.95926 3.96009 3.9592 3.95656 3.95218 3.94607 3.9382 3.92861 3.91729 3.90426 3.88955 3.8732 3.85526 3.8358 3.81488 3.7926 3.76907 3.74442 3.71877 3.69228 3.6651 3.6374 3.60937 3.58118 3.55301 3.52504 3.49744 3.47038 3.44402 3.4185 3.39394 3.37047 3.34816 3.32711 3.30736 3.28895 3.27191 3.25624 3.24193 3.22896 3.2173 3.2069 3.19772 3.18971 3.1828 3.17697 3.17214 3.16828 3.16535 3.16331 3.16216 
3.15535 3.15593 3.1574 3.15978 3.16309 3.16739 3.17269 3.17907 3.18657 3.19524 3.20515 3.21633 3.22885 3.24273 3.258 3.27469 3.29277 3.31225 3.33308 3.35522 3.37858 3.40307 3.4286 3.45503 3.48221 3.51 3.53823 3.56673 3.59532 3.62382 3.65205 3.67984 3.70701 3.73342 3.75891 3.78335 3.80661 3.82859 3.8492 3.86835 3.88599 3.90205 3.9165 3.9293 3.94043 3.94987 3.95761 3.96363 3.96794 3.97052 3.97136 3.97048 3.96784 3.96347 3.95734 3.94946 3.93984 3.92848 3.9154 3.90062 3.88419 3.86615 3.84655 3.82548 3.80303 3.7793 3.75442 3.72852 3.70174 3.67426 3.64624 3.61786 3.5893 3.56075 3.53238 3.50438 3.47691 3.45013 3.42419 3.39923 3.37534 3.35264 3.3312 3.31108 3.29233 3.27495 3.25897 3.24437 3.23113 3.21922 3.2086 3.19922 3.19102 3.18397 3.17799 3.17305 3.1691 3.1661 3.16401 3.16283 
3.15592 3.15651 3.15801 3.16044 3.16382 3.16819 3.1736 3.1801 3.18774 3.19657 3.20666 3.21804 3.23078 3.2449 3.26043 3.27739 3.29577 3.31556 3.33671 3.35917 3.38288 3.40772 3.43359 3.46037 3.4879 3.51603 3.5446 3.57342 3.60231 3.63111 3.65961 3.68766 3.71507 3.74169 3.76738 3.79199 3.81541 3.83752 3.85825 3.8775 3.89522 3.91135 3.92585 3.9387 3.94987 3.95934 3.9671 3.97315 3.97747 3.98006 3.98092 3.98004 3.97741 3.97303 3.9669 3.95901 3.94937 3.93798 3.92486 3.91003 3.89353 3.87539 3.85569 3.8345 3.8119 3.788 3.76293 3.73682 3.70981 3.68207 3.65378 3.6251 3.59624 3.56736 3.53866 3.51031 3.48249 3.45536 3.42907 3.40375 3.37953 3.35649 3.33472 3.31429 3.29523 3.27757 3.26132 3.24647 3.233 3.22088 3.21006 3.20051 3.19216 3.18497 3.17888 3.17385 3.16982 3.16675 3.16463 3.16341 
3.15641 3.15701 3.15853 3.16099 3.16443 3.16887 3.17436 3.18096 3.18871 3.19768 3.20791 3.21947 3.23239 3.24671 3.26245 3.27964 3.29826 3.3183 3.33971 3.36245 3.38643 3.41155 3.43771 3.46477 3.49259 3.521 3.54983 3.57892 3.60806 3.63709 3.66582 3.69408 3.72168 3.74848 3.77433 3.79908 3.82262 3.84485 3.86567 3.885 3.90278 3.91897 3.93352 3.94641 3.95761 3.9671 3.97488 3.98095 3.98528 3.98789 3.98875 3.98788 3.98525 3.98088 3.97474 3.96684 3.95718 3.94577 3.93262 3.91774 3.90118 3.88298 3.86319 3.8419 3.81918 3.79515 3.76992 3.74363 3.71643 3.68849 3.65997 3.63106 3.60194 3.5728 3.54382 3.51519 3.48709 3.45967 3.43309 3.40749 3.38298 3.35966 3.33763 3.31694 3.29763 3.27974 3.26327 3.24821 3.23455 3.22226 3.21129 3.20159 3.19312 3.18581 3.17963 3.17451 3.17042 3.1673 3.16514 3.16391 
3.1568 3.1574 3.15894 3.16144 3.16491 3.16941 3.17497 3.18164 3.18949 3.19856 3.20891 3.22059 3.23365 3.24813 3.26404 3.2814 3.30021 3.32044 3.34206 3.36501 3.3892 3.41455 3.44093 3.46821 3.49624 3.52487 3.55391 3.5832 3.61254 3.64175 3.67066 3.69907 3.72683 3.75376 3.77973 3.80459 3.82823 3.85055 3.87144 3.89083 3.90867 3.9249 3.93949 3.95241 3.96363 3.97315 3.98095 3.98702 3.99137 3.99398 3.99486 3.99399 3.99136 3.98699 3.98085 3.97294 3.96327 3.95184 3.93865 3.92375 3.90714 3.88888 3.86903 3.84766 3.82485 3.80071 3.77536 3.74893 3.72159 3.69348 3.66479 3.63569 3.60638 3.57703 3.54784 3.519 3.49067 3.46303 3.43623 3.4104 3.38568 3.36215 3.33991 3.31901 3.29952 3.28144 3.2648 3.24959 3.23578 3.22335 3.21225 3.20244 3.19387 3.18648 3.18022 3.17504 3.1709 3.16774 3.16555 3.1643 
3.15709 3.1577 3.15925 3.16176 3.16527 3.1698 3.17541 3.18214 3.19005 3.1992 3.20963 3.22141 3.23457 3.24915 3.26518 3.28266 3.3016 3.32197 3.34374 3.36683 3.39118 3.41668 3.44321 3.47065 3.49884 3.52761 3.55681 3.58623 3.61571 3.64506 3.67409 3.70262 3.73048 3.75751 3.78357 3.80851 3.83223 3.8546 3.87555 3.89499 3.91287 3.92914 3.94375 3.95669 3.96794 3.97747 3.98528 3.99137 3.99573 3.99835 3.99922 3.99836 3.99574 3.99136 3.98521 3.9773 3.96762 3.95617 3.94296 3.92803 3.91139 3.89309 3.87319 3.85175 3.82887 3.80465 3.77922 3.7527 3.72525 3.69702 3.66821 3.63898 3.60953 3.58004 3.5507 3.5217 3.49322 3.46542 3.43846 3.41248 3.3876 3.36392 3.34153 3.3205 3.30087 3.28266 3.2659 3.25057 3.23666 3.22413 3.21295 3.20306 3.19442 3.18697 3.18066 3.17543 3.17125 3.16807 3.16586 3.1646 
3.15727 3.15789 3.15945 3.16197 3.1655 3.17005 3.17569 3.18245 3.1904 3.19959 3.21007 3.2219 3.23512 3.24976 3.26586 3.28342 3.30244 3.32289 3.34473 3.36791 3.39234 3.41793 3.44455 3.47208 3.50036 3.52922 3.5585 3.58801 3.61757 3.64699 3.67609 3.70469 3.73262 3.75972 3.78583 3.81083 3.83458 3.857 3.87798 3.89746 3.91537 3.93166 3.9463 3.95926 3.97052 3.98006 3.98789 3.99398 3.99835 4.00097 4.00185 4.00099 3.99837 3.99398 3.98783 3.97991 3.97022 3.95876 3.94554 3.93058 3.91391 3.89558 3.87564 3.85417 3.83125 3.80698 3.78149 3.75491 3.72739 3.6991 3.67021 3.6409 3.61137 3.58179 3.55237 3.52328 3.49471 3.46682 3.43977 3.4137 3.38873 3.36497 3.34249 3.32138 3.30167 3.28339 3.26656 3.25117 3.2372 3.22461 3.21338 3.20344 3.19476 3.18727 3.18093 3.17568 3.17147 3.16828 3.16605 3.16479 
