1.31032 1.31067 1.31101 1.31134 1.31165 1.31194 1.3122 1.31244 1.31265 1.31284 1.313 1.31314 1.31325 1.31335 1.31343 1.31349 1.31354 1.31359 1.31362 1.31364 1.31367 1.31368 1.3137 1.31372 1.31373 1.31375 1.31377 1.31379 1.31381 1.31384 1.31387 1.31391 1.31395 1.31399 1.31404 1.3141 1.31415 1.31421 1.31428 1.31434 1.31441 1.31447 1.31453 1.31459 1.31465 1.3147 1.31474 1.31478 1.31481 1.31483 1.31484 1.31485 1.31484 1.31482 1.3148 1.31476 1.31472 1.31468 1.31462 1.31457 1.31451 1.31444 1.31438 1.31432 1.31426 1.3142 1.31414 1.31408 1.31403 1.31399 1.31394 1.31391 1.31387 1.31384 1.31382 1.3138 1.31378 1.31377 1.31377 1.31377 1.31377 1.31378 1.3138 1.31383 1.31387 1.31392 1.314 1.31408 1.31419 1.31433 1.31449 1.31467 1.31488 1.31512 1.31539 1.31568 1.31599 1.31632 1.31666 1.31701 
1.31067 1.31102 1.31136 1.31169 1.312 1.31229 1.31255 1.31279 1.313 1.31319 1.31335 1.31349 1.3136 1.3137 1.31378 1.31384 1.31389 1.31393 1.31397 1.31399 1.31401 1.31403 1.31405 1.31406 1.31408 1.31409 1.31411 1.31413 1.31415 1.31418 1.31421 1.31424 1.31428 1.31433 1.31438 1.31443 1.31448 1.31455 1.31461 1.31467 1.31474 1.3148 1.31487 1.31493 1.31498 1.31503 1.31508 1.31512 1.31515 1.31517 1.31518 1.31518 1.31518 1.31516 1.31513 1.3151 1.31506 1.31501 1.31496 1.3149 1.31484 1.31478 1.31471 1.31465 1.31459 1.31453 1.31447 1.31442 1.31437 1.31432 1.31428 1.31424 1.31421 1.31418 1.31416 1.31414 1.31413 1.31412 1.31411 1.31411 1.31412 1.31413 1.31415 1.31418 1.31422 1.31427 1.31434 1.31443 1.31454 1.31468 1.31483 1.31502 1.31523 1.31547 1.31574 1.31603 1.31634 1.31667 1.31701 1.31736 
1.31101 1.31136 1.3117 1.31203 1.31234 1.31263 1.31289 1.31313 1.31334 1.31353 1.31369 1.31383 1.31394 1.31404 1.31412 1.31418 1.31423 1.31427 1.31431 1.31433 1.31435 1.31437 1.31439 1.3144 1.31442 1.31444 1.31446 1.31448 1.31451 1.31454 1.31457 1.31461 1.31466 1.31471 1.31477 1.31483 1.31489 1.31496 1.31504 1.31511 1.31519 1.31527 1.31534 1.31541 1.31548 1.31554 1.31559 1.31564 1.31567 1.3157 1.31571 1.31571 1.3157 1.31568 1.31565 1.31561 1.31556 1.31551 1.31545 1.31538 1.31531 1.31523 1.31516 1.31508 1.31501 1.31494 1.31487 1.31481 1.31475 1.3147 1.31465 1.31461 1.31457 1.31454 1.31451 1.31449 1.31448 1.31446 1.31446 1.31445 1.31446 1.31447 1.31449 1.31452 1.31456 1.31461 1.31468 1.31477 1.31488 1.31502 1.31518 1.31536 1.31557 1.31581 1.31608 1.31637 1.31668 1.31701 1.31735 1.3177 
1.31134 1.31169 1.31203 1.31236 1.31266 1.31295 1.31322 1.31346 1.31367 1.31386 1.31402 1.31415 1.31427 1.31437 1.31445 1.31451 1.31456 1.3146 1.31464 1.31466 1.31469 1.3147 1.31472 1.31474 1.31476 1.31478 1.31481 1.31484 1.31487 1.31491 1.31496 1.31501 1.31507 1.31514 1.31522 1.3153 1.31539 1.31548 1.31558 1.31568 1.31578 1.31588 1.31598 1.31607 1.31616 1.31624 1.31631 1.31636 1.31641 1.31644 1.31646 1.31646 1.31645 1.31642 1.31638 1.31632 1.31626 1.31619 1.3161 1.31601 1.31592 1.31582 1.31572 1.31563 1.31553 1.31544 1.31535 1.31527 1.31519 1.31512 1.31506 1.315 1.31496 1.31491 1.31488 1.31485 1.31483 1.31481 1.3148 1.31479 1.31479 1.3148 1.31482 1.31485 1.31489 1.31494 1.31501 1.3151 1.31521 1.31534 1.3155 1.31569 1.3159 1.31614 1.31641 1.3167 1.31701 1.31734 1.31768 1.31803 
1.31165 1.312 1.31234 1.31266 1.31297 1.31326 1.31353 1.31377 1.31398 1.31416 1.31433 1.31446 1.31458 1.31468 1.31476 1.31482 1.31487 1.31491 1.31495 1.31498 1.315 1.31503 1.31505 1.31507 1.3151 1.31513 1.31517 1.31521 1.31526 1.31531 1.31538 1.31546 1.31555 1.31564 1.31575 1.31587 1.31599 1.31612 1.31626 1.3164 1.31654 1.31668 1.31682 1.31695 1.31707 1.31717 1.31727 1.31735 1.31741 1.31745 1.31747 1.31747 1.31745 1.31742 1.31736 1.31728 1.31719 1.31709 1.31697 1.31685 1.31671 1.31658 1.31644 1.3163 1.31617 1.31604 1.31592 1.3158 1.3157 1.3156 1.31551 1.31543 1.31536 1.3153 1.31525 1.31521 1.31518 1.31515 1.31513 1.31512 1.31512 1.31512 1.31514 1.31516 1.3152 1.31526 1.31532 1.31541 1.31552 1.31565 1.31581 1.316 1.31621 1.31645 1.31671 1.317 1.31732 1.31764 1.31799 1.31834 
1.31194 1.31229 1.31263 1.31295 1.31326 1.31355 1.31381 1.31405 1.31427 1.31445 1.31461 1.31475 1.31487 1.31497 1.31505 1.31511 1.31516 1.31521 1.31524 1.31528 1.31531 1.31533 1.31536 1.3154 1.31543 1.31548 1.31553 1.31559 1.31567 1.31575 1.31585 1.31596 1.31609 1.31623 1.31639 1.31656 1.31674 1.31693 1.31712 1.31732 1.31753 1.31773 1.31792 1.3181 1.31827 1.31842 1.31856 1.31867 1.31875 1.31881 1.31884 1.31884 1.31881 1.31875 1.31867 1.31856 1.31843 1.31828 1.31811 1.31794 1.31775 1.31755 1.31736 1.31716 1.31697 1.31678 1.31661 1.31644 1.31629 1.31615 1.31602 1.31591 1.31581 1.31572 1.31565 1.31559 1.31554 1.31549 1.31546 1.31544 1.31543 1.31543 1.31544 1.31546 1.3155 1.31555 1.31562 1.3157 1.31581 1.31594 1.3161 1.31629 1.3165 1.31674 1.317 1.31729 1.3176 1.31793 1.31827 1.31862 
1.3122 1.31255 1.31289 1.31322 1.31353 1.31381 1.31408 1.31432 1.31453 1.31472 1.31488 1.31502 1.31513 1.31523 1.31531 1.31538 1.31543 1.31548 1.31552 1.31556 1.31559 1.31563 1.31567 1.31572 1.31577 1.31584 1.31591 1.31601 1.31611 1.31624 1.31639 1.31655 1.31674 1.31695 1.31718 1.31742 1.31768 1.31796 1.31824 1.31853 1.31882 1.3191 1.31938 1.31964 1.31988 1.32009 1.32028 1.32043 1.32055 1.32062 1.32066 1.32066 1.32062 1.32054 1.32042 1.32026 1.32007 1.31986 1.31962 1.31937 1.3191 1.31882 1.31854 1.31826 1.31798 1.31772 1.31746 1.31722 1.317 1.3168 1.31662 1.31645 1.31631 1.31618 1.31607 1.31598 1.3159 1.31584 1.31579 1.31576 1.31574 1.31573 1.31573 1.31575 1.31578 1.31582 1.31589 1.31597 1.31608 1.31621 1.31637 1.31655 1.31676 1.317 1.31727 1.31756 1.31787 1.3182 1.31854 1.31889 
1.31244 1.31279 1.31313 1.31346 1.31377 1.31405 1.31432 1.31456 1.31477 1.31496 1.31512 1.31526 1.31538 1.31547 1.31556 1.31563 1.31568 1.31573 1.31578 1.31582 1.31587 1.31592 1.31598 1.31604 1.31612 1.31622 1.31633 1.31647 1.31663 1.31682 1.31703 1.31727 1.31755 1.31785 1.31818 1.31853 1.3189 1.3193 1.3197 1.32011 1.32052 1.32092 1.32131 1.32167 1.32201 1.32231 1.32257 1.32278 1.32294 1.32305 1.3231 1.32309 1.32303 1.32291 1.32274 1.32252 1.32226 1.32195 1.32162 1.32125 1.32087 1.32048 1.32008 1.31968 1.31928 1.31891 1.31854 1.3182 1.31789 1.31759 1.31733 1.31709 1.31688 1.3167 1.31654 1.31641 1.3163 1.3162 1.31613 1.31607 1.31604 1.31601 1.316 1.31601 1.31604 1.31608 1.31614 1.31622 1.31633 1.31645 1.31661 1.31679 1.317 1.31724 1.31751 1.3178 1.31811 1.31844 1.31878 1.31913 
1.31265 1.313 1.31334 1.31367 1.31398 1.31427 1.31453 1.31477 1.31498 1.31517 1.31533 1.31547 1.31559 1.31569 1.31578 1.31585 1.31591 1.31597 1.31602 1.31608 1.31614 1.31621 1.31629 1.31638 1.3165 1.31664 1.31681 1.31701 1.31724 1.31751 1.31782 1.31817 1.31857 1.319 1.31947 1.31997 1.3205 1.32105 1.32162 1.3222 1.32277 1.32333 1.32387 1.32438 1.32484 1.32526 1.32561 1.3259 1.32612 1.32627 1.32633 1.32632 1.32623 1.32606 1.32582 1.32551 1.32514 1.32472 1.32424 1.32374 1.3232 1.32265 1.32209 1.32153 1.32098 1.32044 1.31993 1.31945 1.319 1.31859 1.31821 1.31788 1.31758 1.31731 1.31708 1.31689 1.31673 1.31659 1.31648 1.3164 1.31633 1.31629 1.31627 1.31626 1.31628 1.31631 1.31637 1.31644 1.31655 1.31667 1.31683 1.31701 1.31722 1.31746 1.31772 1.31801 1.31832 1.31865 1.31899 1.31934 
1.31284 1.31319 1.31353 1.31386 1.31416 1.31445 1.31472 1.31496 1.31517 1.31536 1.31552 1.31566 1.31578 1.31589 1.31597 1.31605 1.31612 1.31619 1.31625 1.31633 1.31641 1.3165 1.31662 1.31676 1.31693 1.31713 1.31737 1.31766 1.318 1.31838 1.31883 1.31933 1.31988 1.32049 1.32115 1.32186 1.3226 1.32337 1.32416 1.32495 1.32574 1.32651 1.32725 1.32794 1.32858 1.32914 1.32962 1.33002 1.33031 1.3305 1.33059 1.33057 1.33044 1.3302 1.32987 1.32944 1.32893 1.32834 1.3277 1.327 1.32626 1.3255 1.32472 1.32395 1.32318 1.32244 1.32173 1.32106 1.32043 1.31985 1.31933 1.31885 1.31843 1.31806 1.31773 1.31746 1.31722 1.31703 1.31687 1.31674 1.31664 1.31657 1.31652 1.3165 1.3165 1.31653 1.31658 1.31665 1.31674 1.31687 1.31702 1.3172 1.31741 1.31765 1.31791 1.3182 1.31851 1.31884 1.31918 1.31953 
1.313 1.31335 1.31369 1.31402 1.31433 1.31461 1.31488 1.31512 1.31533 1.31552 1.31569 1.31583 1.31595 1.31606 1.31615 1.31624 1.31632 1.3164 1.31648 1.31658 1.31669 1.31682 1.31699 1.31718 1.31743 1.31772 1.31806 1.31847 1.31895 1.3195 1.32012 1.32082 1.3216 1.32245 1.32336 1.32433 1.32535 1.3264 1.32748 1.32856 1.32964 1.33068 1.33167 1.33261 1.33346 1.33421 1.33486 1.33538 1.33577 1.33602 1.33613 1.33609 1.33591 1.33559 1.33513 1.33456 1.33386 1.33307 1.33219 1.33124 1.33024 1.3292 1.32815 1.32709 1.32605 1.32504 1.32407 1.32314 1.32228 1.32148 1.32075 1.32009 1.3195 1.31898 1.31853 1.31814 1.31781 1.31753 1.3173 1.31712 1.31697 1.31686 1.31679 1.31674 1.31672 1.31673 1.31677 1.31683 1.31692 1.31704 1.31719 1.31737 1.31757 1.31781 1.31807 1.31836 1.31867 1.319 1.31934 1.31969 
1.31314 1.31349 1.31383 1.31415 1.31446 1.31475 1.31502 1.31526 1.31547 1.31566 1.31583 1.31597 1.3161 1.31621 1.31631 1.31641 1.3165 1.3166 1.31671 1.31684 1.317 1.31718 1.31741 1.3177 1.31804 1.31845 1.31894 1.31951 1.32018 1.32094 1.32181 1.32277 1.32384 1.325 1.32624 1.32756 1.32894 1.33036 1.33181 1.33326 1.33469 1.33608 1.3374 1.33863 1.33976 1.34075 1.3416 1.34228 1.34279 1.34312 1.34325 1.34319 1.34295 1.34252 1.34191 1.34113 1.34021 1.33915 1.33798 1.33671 1.33537 1.33399 1.33257 1.33116 1.32976 1.32839 1.32708 1.32583 1.32466 1.32357 1.32257 1.32167 1.32086 1.32015 1.31952 1.31898 1.31852 1.31814 1.31781 1.31755 1.31734 1.31718 1.31706 1.31699 1.31694 1.31693 1.31695 1.317 1.31708 1.3172 1.31734 1.31751 1.31772 1.31795 1.31821 1.3185 1.31881 1.31914 1.31948 1.31983 
1.31325 1.3136 1.31394 1.31427 1.31458 1.31487 1.31513 1.31538 1.31559 1.31578 1.31595 1.3161 1.31623 1.31635 1.31646 1.31657 1.31669 1.31682 1.31696 1.31714 1.31735 1.31761 1.31794 1.31833 1.31881 1.31938 1.32006 1.32085 1.32177 1.32282 1.32399 1.3253 1.32674 1.3283 1.32997 1.33173 1.33357 1.33546 1.33737 1.33928 1.34117 1.34299 1.34471 1.34632 1.34779 1.34908 1.35017 1.35105 1.3517 1.35212 1.35228 1.3522 1.35187 1.3513 1.3505 1.34948 1.34827 1.34688 1.34534 1.34367 1.34192 1.34009 1.33823 1.33636 1.3345 1.33269 1.33094 1.32928 1.32771 1.32625 1.32491 1.3237 1.3226 1.32163 1.32078 1.32005 1.31942 1.31888 1.31844 1.31807 1.31778 1.31755 1.31737 1.31725 1.31717 1.31713 1.31713 1.31716 1.31723 1.31734 1.31747 1.31764 1.31784 1.31807 1.31833 1.31862 1.31893 1.31925 1.31959 1.31994 
1.31335 1.3137 1.31404 1.31437 1.31468 1.31497 1.31523 1.31547 1.31569 1.31589 1.31606 1.31621 1.31635 1.31648 1.31661 1.31674 1.31688 1.31705 1.31724 1.31748 1.31778 1.31814 1.31859 1.31913 1.31979 1.32057 1.3215 1.32258 1.32382 1.32524 1.32682 1.32857 1.33049 1.33255 1.33476 1.33708 1.33948 1.34195 1.34444 1.34692 1.34936 1.35171 1.35393 1.356 1.35787 1.35951 1.36091 1.36203 1.36285 1.36337 1.36357 1.36345 1.36302 1.36228 1.36124 1.35993 1.35836 1.35657 1.35458 1.35243 1.35015 1.34778 1.34536 1.34293 1.34051 1.33814 1.33585 1.33366 1.33159 1.32967 1.32789 1.32628 1.32482 1.32352 1.32238 1.32139 1.32054 1.31981 1.31921 1.3187 1.3183 1.31797 1.31772 1.31754 1.31741 1.31734 1.31731 1.31732 1.31737 1.31746 1.31759 1.31775 1.31795 1.31818 1.31843 1.31872 1.31903 1.31935 1.31969 1.32004 
1.31343 1.31378 1.31412 1.31445 1.31476 1.31505 1.31531 1.31556 1.31578 1.31597 1.31615 1.31631 1.31646 1.31661 1.31676 1.31692 1.3171 1.31732 1.31758 1.3179 1.3183 1.3188 1.31941 1.32015 1.32105 1.32211 1.32336 1.32481 1.32646 1.32834 1.33043 1.33274 1.33525 1.33795 1.34082 1.34382 1.34693 1.3501 1.35329 1.35647 1.35957 1.36255 1.36537 1.36798 1.37034 1.37241 1.37415 1.37555 1.37658 1.37722 1.37746 1.37729 1.37673 1.37579 1.37447 1.3728 1.37081 1.36853 1.366 1.36326 1.36036 1.35734 1.35424 1.35112 1.34801 1.34496 1.342 1.33917 1.33649 1.33398 1.33166 1.32954 1.32763 1.32592 1.32441 1.32309 1.32195 1.32098 1.32017 1.31949 1.31894 1.31849 1.31814 1.31788 1.31769 1.31756 1.3175 1.31748 1.31751 1.31758 1.3177 1.31785 1.31804 1.31827 1.31852 1.3188 1.31911 1.31943 1.31977 1.32012 
1.31349 1.31384 1.31418 1.31451 1.31482 1.31511 1.31538 1.31563 1.31585 1.31605 1.31624 1.31641 1.31657 1.31674 1.31692 1.31712 1.31735 1.31763 1.31799 1.31842 1.31896 1.31963 1.32046 1.32146 1.32265 1.32407 1.32573 1.32764 1.32982 1.33228 1.335 1.338 1.34124 1.34471 1.34838 1.35222 1.35617 1.36019 1.36422 1.36821 1.3721 1.37583 1.37934 1.38259 1.38552 1.38808 1.39024 1.39196 1.39322 1.39399 1.39427 1.39406 1.39335 1.39216 1.39051 1.38842 1.38594 1.38309 1.37992 1.37649 1.37285 1.36905 1.36515 1.36121 1.35727 1.3534 1.34963 1.34601 1.34258 1.33936 1.33637 1.33364 1.33115 1.32893 1.32696 1.32523 1.32373 1.32245 1.32137 1.32047 1.31973 1.31913 1.31865 1.31829 1.31802 1.31783 1.31771 1.31765 1.31765 1.31771 1.3178 1.31795 1.31813 1.31834 1.31859 1.31887 1.31918 1.3195 1.31984 1.32018 
1.31354 1.31389 1.31423 1.31456 1.31487 1.31516 1.31543 1.31568 1.31591 1.31612 1.31632 1.3165 1.31669 1.31688 1.3171 1.31735 1.31765 1.31803 1.31849 1.31908 1.3198 1.3207 1.32179 1.32312 1.3247 1.32656 1.32873 1.33122 1.33405 1.33721 1.34071 1.34454 1.34867 1.35307 1.3577 1.36252 1.36747 1.37248 1.37749 1.38244 1.38724 1.39184 1.39616 1.40013 1.40371 1.40683 1.40946 1.41154 1.41306 1.41399 1.41432 1.41404 1.41316 1.41169 1.40966 1.40709 1.40403 1.40053 1.39663 1.3924 1.38789 1.38319 1.37834 1.37344 1.36853 1.36368 1.35896 1.3544 1.35007 1.34599 1.3422 1.33871 1.33553 1.33267 1.33013 1.3279 1.32596 1.32429 1.32288 1.32169 1.32072 1.31992 1.31928 1.31879 1.31841 1.31814 1.31795 1.31785 1.31781 1.31783 1.31791 1.31804 1.3182 1.31841 1.31866 1.31893 1.31923 1.31955 1.31989 1.32024 
1.31359 1.31393 1.31427 1.3146 1.31491 1.31521 1.31548 1.31573 1.31597 1.31619 1.3164 1.3166 1.31682 1.31705 1.31732 1.31763 1.31803 1.31852 1.31913 1.31991 1.32086 1.32205 1.32348 1.32522 1.32727 1.32969 1.33248 1.33568 1.33929 1.34331 1.34775 1.35257 1.35774 1.36324 1.369 1.37497 1.38107 1.38724 1.39338 1.39941 1.40526 1.41084 1.41606 1.42086 1.42517 1.42892 1.43206 1.43455 1.43636 1.43746 1.43783 1.43748 1.4364 1.43462 1.43216 1.42905 1.42535 1.4211 1.41637 1.41122 1.40574 1.4 1.39408 1.38806 1.38202 1.37604 1.3702 1.36455 1.35915 1.35406 1.3493 1.34491 1.3409 1.33728 1.33405 1.3312 1.32872 1.32657 1.32475 1.32321 1.32194 1.3209 1.32006 1.3194 1.31889 1.31851 1.31824 1.31807 1.31799 1.31797 1.31802 1.31813 1.31828 1.31848 1.31871 1.31898 1.31928 1.3196 1.31993 1.32028 
1.31362 1.31397 1.31431 1.31464 1.31495 1.31524 1.31552 1.31578 1.31602 1.31625 1.31648 1.31671 1.31696 1.31724 1.31758 1.31799 1.31849 1.31913 1.31994 1.32095 1.3222 1.32374 1.3256 1.32784 1.33048 1.33356 1.33712 1.34116 1.34571 1.35076 1.35629 1.36227 1.36868 1.37544 1.38251 1.38979 1.39721 1.40468 1.41209 1.41935 1.42636 1.43303 1.43925 1.44496 1.45006 1.4545 1.45821 1.46114 1.46326 1.46454 1.46497 1.46453 1.46324 1.46111 1.45818 1.45448 1.45006 1.44499 1.43934 1.43318 1.4266 1.4197 1.41256 1.40528 1.39796 1.3907 1.38356 1.37665 1.37002 1.36374 1.35786 1.3524 1.34741 1.34288 1.33883 1.33524 1.3321 1.32938 1.32705 1.32509 1.32345 1.32211 1.32102 1.32015 1.31947 1.31896 1.31859 1.31834 1.31819 1.31813 1.31814 1.31822 1.31836 1.31854 1.31877 1.31903 1.31932 1.31964 1.31997 1.32031 
1.31364 1.31399 1.31433 1.31466 1.31498 1.31528 1.31556 1.31582 1.31608 1.31633 1.31658 1.31684 1.31714 1.31748 1.3179 1.31842 1.31908 1.31991 1.32095 1.32225 1.32387 1.32584 1.32822 1.33107 1.33442 1.3383 1.34277 1.34782 1.35347 1.3597 1.36651 1.37384 1.38165 1.38986 1.3984 1.40717 1.41606 1.42498 1.4338 1.4424 1.45069 1.45854 1.46585 1.47254 1.4785 1.48367 1.48799 1.49139 1.49384 1.49531 1.49579 1.49526 1.49374 1.49124 1.4878 1.48346 1.47828 1.47232 1.46566 1.4584 1.45062 1.44243 1.43395 1.42528 1.41653 1.40781 1.39923 1.39088 1.38284 1.3752 1.36802 1.36134 1.35519 1.34961 1.34458 1.34012 1.33619 1.33279 1.32986 1.32738 1.3253 1.32359 1.32219 1.32107 1.32019 1.31952 1.31902 1.31866 1.31844 1.31832 1.31829 1.31833 1.31844 1.31861 1.31882 1.31907 1.31936 1.31967 1.32 1.32034 
1.31367 1.31401 1.31435 1.31469 1.315 1.31531 1.31559 1.31587 1.31614 1.31641 1.31669 1.317 1.31735 1.31778 1.3183 1.31896 1.3198 1.32086 1.3222 1.32387 1.32592 1.32842 1.33143 1.335 1.33919 1.34403 1.34955 1.35577 1.3627 1.37031 1.37857 1.38743 1.39682 1.40665 1.41683 1.42724 1.43775 1.44824 1.45859 1.46865 1.4783 1.48741 1.49588 1.5036 1.51047 1.51641 1.52135 1.52525 1.52804 1.52971 1.53024 1.52962 1.52785 1.52496 1.52099 1.51598 1.50998 1.50308 1.49536 1.48692 1.47785 1.46829 1.45835 1.44816 1.43784 1.42752 1.41733 1.40738 1.39777 1.3886 1.37994 1.37185 1.36439 1.35758 1.35143 1.34594 1.3411 1.33688 1.33324 1.33015 1.32755 1.32539 1.32362 1.32219 1.32107 1.32019 1.31953 1.31906 1.31873 1.31854 1.31845 1.31845 1.31853 1.31868 1.31887 1.31911 1.31939 1.3197 1.32002 1.32036 
1.31368 1.31403 1.31437 1.3147 1.31503 1.31533 1.31563 1.31592 1.31621 1.3165 1.31682 1.31718 1.31761 1.31814 1.3188 1.31963 1.3207 1.32205 1.32374 1.32584 1.32842 1.33156 1.33531 1.33974 1.3449 1.35084 1.35759 1.36516 1.37353 1.3827 1.39259 1.40316 1.4143 1.42592 1.43788 1.45007 1.46232 1.47451 1.48647 1.49807 1.50915 1.51959 1.52925 1.53803 1.54583 1.55257 1.55816 1.56255 1.56569 1.56756 1.56814 1.56741 1.5654 1.56212 1.5576 1.55189 1.54507 1.5372 1.52837 1.51869 1.50828 1.49726 1.48577 1.47396 1.46195 1.44991 1.43796 1.42625 1.41491 1.40403 1.39372 1.38406 1.3751 1.3669 1.35946 1.3528 1.3469 1.34174 1.33727 1.33346 1.33023 1.32755 1.32534 1.32355 1.32212 1.32101 1.32016 1.31953 1.31909 1.3188 1.31865 1.3186 1.31864 1.31876 1.31893 1.31916 1.31943 1.31973 1.32005 1.32038 
1.3137 1.31405 1.31439 1.31472 1.31505 1.31536 1.31567 1.31598 1.31629 1.31662 1.31699 1.31741 1.31794 1.31859 1.31941 1.32046 1.32179 1.32348 1.3256 1.32822 1.33143 1.33531 1.33992 1.34535 1.35164 1.35884 1.36698 1.37607 1.38607 1.39696 1.40867 1.4211 1.43415 1.44769 1.46158 1.47566 1.48976 1.50372 1.51737 1.53055 1.54311 1.55489 1.56577 1.57563 1.58436 1.59188 1.59811 1.60299 1.60648 1.60855 1.60918 1.60835 1.60609 1.60242 1.59736 1.59096 1.5833 1.57445 1.5645 1.55357 1.54178 1.52925 1.51616 1.50263 1.48885 1.47497 1.46115 1.44755 1.43431 1.42158 1.40946 1.39805 1.38743 1.37767 1.36878 1.36079 1.35368 1.34744 1.34201 1.33736 1.33342 1.33011 1.32739 1.32517 1.32339 1.32199 1.32091 1.3201 1.31952 1.31912 1.31888 1.31877 1.31877 1.31885 1.319 1.31921 1.31946 1.31975 1.32007 1.3204 
1.31372 1.31406 1.3144 1.31474 1.31507 1.3154 1.31572 1.31604 1.31638 1.31676 1.31718 1.3177 1.31833 1.31913 1.32015 1.32146 1.32312 1.32522 1.32784 1.33107 1.335 1.33974 1.34535 1.35191 1.35948 1.36811 1.37781 1.38858 1.40038 1.41316 1.42683 1.44128 1.45638 1.47197 1.48788 1.50393 1.51994 1.53573 1.5511 1.56588 1.57991 1.59304 1.60512 1.61603 1.62568 1.63396 1.64081 1.64617 1.64999 1.65225 1.65292 1.65201 1.64951 1.64546 1.63987 1.63281 1.62434 1.61453 1.60347 1.59129 1.57811 1.56407 1.54933 1.53406 1.51844 1.50264 1.48685 1.47125 1.456 1.44126 1.42718 1.41387 1.40144 1.38995 1.37945 1.36997 1.3615 1.35403 1.34752 1.34191 1.33714 1.33313 1.3298 1.32708 1.32489 1.32315 1.3218 1.32078 1.32003 1.3195 1.31916 1.31898 1.31892 1.31896 1.31908 1.31927 1.31951 1.31978 1.32009 1.32042 
1.31373 1.31408 1.31442 1.31476 1.3151 1.31543 1.31577 1.31612 1.3165 1.31693 1.31743 1.31804 1.31881 1.31979 1.32105 1.32265 1.3247 1.32727 1.33048 1.33442 1.33919 1.3449 1.35164 1.35948 1.36849 1.3787 1.39012 1.40274 1.41649 1.43131 1.44708 1.46367 1.48092 1.49864 1.51664 1.53472 1.55267 1.57029 1.58737 1.60374 1.61922 1.63365 1.64688 1.65881 1.66931 1.67831 1.68574 1.69155 1.69568 1.69811 1.69883 1.69784 1.69513 1.69072 1.68465 1.67697 1.66772 1.65699 1.64488 1.63149 1.61695 1.60142 1.58505 1.56803 1.55054 1.53278 1.51496 1.49727 1.47992 1.46307 1.4469 1.43155 1.41714 1.40377 1.39151 1.38039 1.37042 1.36158 1.35385 1.34717 1.34145 1.33663 1.33262 1.32932 1.32665 1.32452 1.32286 1.32158 1.32063 1.31995 1.3195 1.31922 1.31909 1.31908 1.31917 1.31933 1.31955 1.31982 1.32012 1.32044 
1.31375 1.31409 1.31444 1.31478 1.31513 1.31548 1.31584 1.31622 1.31664 1.31713 1.31772 1.31845 1.31938 1.32057 1.32211 1.32407 1.32656 1.32969 1.33356 1.3383 1.34403 1.35084 1.35884 1.36811 1.3787 1.39064 1.40394 1.41854 1.43439 1.45137 1.46935 1.48817 1.50764 1.52754 1.54766 1.56778 1.58765 1.60708 1.62584 1.64373 1.66058 1.67624 1.69055 1.70341 1.7147 1.72436 1.73232 1.73852 1.74293 1.74552 1.74629 1.74522 1.74232 1.7376 1.7311 1.72285 1.71291 1.70134 1.68824 1.67372 1.65789 1.64092 1.62297 1.60423 1.58489 1.56517 1.5453 1.52548 1.50595 1.4869 1.46854 1.45103 1.43453 1.41915 1.40498 1.39207 1.38045 1.37012 1.36103 1.35315 1.34638 1.34065 1.33586 1.33191 1.32869 1.32612 1.32409 1.32252 1.32134 1.32048 1.31989 1.31951 1.3193 1.31923 1.31927 1.31941 1.3196 1.31986 1.32014 1.32046 
1.31377 1.31411 1.31446 1.31481 1.31517 1.31553 1.31591 1.31633 1.31681 1.31737 1.31806 1.31894 1.32006 1.3215 1.32336 1.32573 1.32873 1.33248 1.33712 1.34277 1.34955 1.35759 1.36698 1.37781 1.39012 1.40394 1.41923 1.43595 1.454 1.47324 1.49351 1.51462 1.53634 1.55844 1.58067 1.60279 1.62454 1.64569 1.66603 1.68536 1.70349 1.72026 1.73554 1.74923 1.76122 1.77145 1.77986 1.7864 1.79105 1.79378 1.79458 1.79346 1.7904 1.78543 1.77856 1.76983 1.75928 1.74697 1.73299 1.71744 1.70044 1.68213 1.66269 1.6423 1.62117 1.59953 1.57761 1.55566 1.53392 1.51263 1.49201 1.47226 1.45355 1.43604 1.41984 1.40502 1.39162 1.37965 1.36909 1.35988 1.35195 1.34521 1.33955 1.33486 1.33103 1.32795 1.3255 1.32361 1.32216 1.3211 1.32034 1.31984 1.31954 1.31941 1.3194 1.31949 1.31967 1.3199 1.32018 1.32048 
1.31379 1.31413 1.31448 1.31484 1.31521 1.31559 1.31601 1.31647 1.31701 1.31766 1.31847 1.31951 1.32085 1.32258 1.32481 1.32764 1.33122 1.33568 1.34116 1.34782 1.35577 1.36516 1.37607 1.38858 1.40274 1.41854 1.43595 1.45488 1.47522 1.49679 1.51939 1.54281 1.56678 1.59104 1.61532 1.63936 1.66289 1.68567 1.70747 1.72809 1.74735 1.76511 1.78123 1.79562 1.80819 1.81889 1.82766 1.83448 1.83932 1.84216 1.84301 1.84184 1.83867 1.8335 1.82634 1.81722 1.80618 1.79326 1.77853 1.76209 1.74404 1.72453 1.70371 1.68179 1.65897 1.63548 1.61159 1.58754 1.56361 1.54006 1.51714 1.49509 1.47411 1.45438 1.43604 1.41919 1.40389 1.39017 1.37802 1.36738 1.35818 1.35032 1.3437 1.3382 1.33368 1.33003 1.32712 1.32485 1.32311 1.32181 1.32087 1.32023 1.31982 1.31961 1.31954 1.31959 1.31974 1.31995 1.32021 1.32051 
1.31381 1.31415 1.31451 1.31487 1.31526 1.31567 1.31611 1.31663 1.31724 1.318 1.31895 1.32018 1.32177 1.32382 1.32646 1.32982 1.33405 1.33929 1.34571 1.35347 1.3627 1.37353 1.38607 1.40038 1.41649 1.43439 1.454 1.47522 1.49789 1.52181 1.54675 1.57245 1.59863 1.62498 1.65122 1.67707 1.70224 1.72649 1.7496 1.77135 1.79158 1.81016 1.82697 1.84191 1.85494 1.86599 1.87503 1.88205 1.88703 1.88996 1.89084 1.88965 1.88641 1.88111 1.87375 1.86435 1.85294 1.83954 1.82422 1.80704 1.78812 1.76756 1.74554 1.72223 1.69785 1.67264 1.64686 1.6208 1.59473 1.56895 1.54374 1.51936 1.49606 1.47405 1.45349 1.43453 1.41723 1.40166 1.3878 1.37562 1.36505 1.35599 1.34832 1.34192 1.33665 1.33237 1.32894 1.32625 1.32418 1.32261 1.32147 1.32067 1.32014 1.31984 1.31971 1.31971 1.31982 1.32001 1.32025 1.32054 
1.31384 1.31418 1.31454 1.31491 1.31531 1.31575 1.31624 1.31682 1.31751 1.31838 1.3195 1.32094 1.32282 1.32524 1.32834 1.33228 1.33721 1.34331 1.35076 1.3597 1.37031 1.3827 1.39696 1.41316 1.43131 1.45137 1.47324 1.49679 1.52181 1.54808 1.57533 1.60325 1.63154 1.65988 1.68795 1.71545 1.7421 1.76764 1.79186 1.81456 1.83558 1.85479 1.87211 1.88746 1.90079 1.91207 1.92129 1.92843 1.9335 1.93648 1.93739 1.9362 1.93293 1.92757 1.92011 1.91055 1.8989 1.88518 1.86943 1.8517 1.83208 1.81067 1.78762 1.76311 1.73735 1.71057 1.68304 1.65507 1.62695 1.59901 1.57154 1.54486 1.51923 1.4949 1.47208 1.45093 1.43156 1.41404 1.39839 1.38458 1.37255 1.36219 1.3534 1.34603 1.33993 1.33497 1.33098 1.32782 1.32538 1.32352 1.32215 1.32117 1.32051 1.3201 1.3199 1.31984 1.31991 1.32007 1.3203 1.32058 
1.31387 1.31421 1.31457 1.31496 1.31538 1.31585 1.31639 1.31703 1.31782 1.31883 1.32012 1.32181 1.32399 1.32682 1.33043 1.335 1.34071 1.34775 1.35629 1.36651 1.37857 1.39259 1.40867 1.42683 1.44708 1.46935 1.49351 1.51939 1.54675 1.57533 1.60481 1.63486 1.66514 1.69531 1.72504 1.75402 1.78195 1.80858 1.83371 1.85714 1.87875 1.89841 1.91606 1.93165 1.94514 1.95653 1.96582 1.97301 1.9781 1.98111 1.98203 1.98087 1.97762 1.97227 1.96479 1.95519 1.94344 1.92956 1.91355 1.89546 1.87534 1.85329 1.82943 1.80392 1.77696 1.7488 1.7197 1.68997 1.65993 1.62992 1.60028 1.57133 1.5434 1.51676 1.49165 1.46828 1.44678 1.42726 1.40974 1.39422 1.38064 1.36892 1.35892 1.35051 1.34353 1.33782 1.33321 1.32956 1.32671 1.32453 1.3229 1.32173 1.32092 1.3204 1.32011 1.31999 1.32002 1.32015 1.32035 1.32062 
1.31391 1.31424 1.31461 1.31501 1.31546 1.31596 1.31655 1.31727 1.31817 1.31933 1.32082 1.32277 1.3253 1.32857 1.33274 1.338 1.34454 1.35257 1.36227 1.37384 1.38743 1.40316 1.4211 1.44128 1.46367 1.48817 1.51462 1.54281 1.57245 1.60325 1.63486 1.66691 1.69903 1.73087 1.76206 1.7923 1.8213 1.84881 1.87462 1.89858 1.92056 1.94048 1.95828 1.97394 1.98746 1.99883 2.00808 2.01523 2.0203 2.0233 2.02425 2.02313 2.01994 2.01466 2.00726 1.99773 1.98603 1.97214 1.95605 1.93779 1.91738 1.89489 1.87043 1.84415 1.81622 1.78688 1.7564 1.72509 1.69329 1.66135 1.62963 1.59851 1.56833 1.53941 1.51203 1.48642 1.46277 1.44119 1.42175 1.40446 1.38928 1.37612 1.36486 1.35535 1.34743 1.34092 1.33565 1.33146 1.32816 1.32563 1.32373 1.32234 1.32137 1.32073 1.32034 1.32016 1.32014 1.32023 1.32041 1.32066 
1.31395 1.31428 1.31466 1.31507 1.31555 1.31609 1.31674 1.31755 1.31857 1.31988 1.3216 1.32384 1.32674 1.33049 1.33525 1.34124 1.34867 1.35774 1.36868 1.38165 1.39682 1.4143 1.43415 1.45638 1.48092 1.50764 1.53634 1.56678 1.59863 1.63154 1.66514 1.69903 1.73282 1.76612 1.79857 1.82985 1.85969 1.88784 1.91412 1.93839 1.96054 1.98052 1.9983 2.01388 2.02728 2.03852 2.04764 2.05468 2.05967 2.06264 2.06359 2.06253 2.05944 2.0543 2.04707 2.03772 2.02619 2.01244 1.99645 1.9782 1.95771 1.935 1.91017 1.88333 1.85466 1.82437 1.79272 1.76003 1.72665 1.69294 1.6593 1.62611 1.59377 1.56263 1.53301 1.50519 1.47937 1.45572 1.43433 1.41523 1.3984 1.38375 1.37117 1.36051 1.3516 1.34425 1.33828 1.3335 1.32974 1.32684 1.32464 1.32302 1.32187 1.32109 1.3206 1.32035 1.32027 1.32032 1.32048 1.32071 
1.31399 1.31433 1.31471 1.31514 1.31564 1.31623 1.31695 1.31785 1.319 1.32049 1.32245 1.325 1.3283 1.33255 1.33795 1.34471 1.35307 1.36324 1.37544 1.38986 1.40665 1.42592 1.44769 1.47197 1.49864 1.52754 1.55844 1.59104 1.62498 1.65988 1.69531 1.73087 1.76612 1.80067 1.83415 1.86626 1.89671 1.92528 1.95181 1.97617 1.9983 2.01816 2.03576 2.0511 2.06425 2.07525 2.08416 2.09102 2.09589 2.0988 2.09975 2.09876 2.09581 2.09087 2.08388 2.0748 2.06356 2.05009 2.03436 2.0163 1.99591 1.9732 1.94821 1.92105 1.89186 1.86085 1.82826 1.79441 1.75964 1.72435 1.68893 1.65383 1.61944 1.58617 1.55438 1.52438 1.49643 1.47072 1.44737 1.42643 1.40791 1.39174 1.3778 1.36595 1.35601 1.34778 1.34108 1.33569 1.33144 1.32813 1.32561 1.32375 1.3224 1.32148 1.32088 1.32055 1.32041 1.32042 1.32055 1.32077 
1.31404 1.31438 1.31477 1.31522 1.31575 1.31639 1.31718 1.31818 1.31947 1.32115 1.32336 1.32624 1.32997 1.33476 1.34082 1.34838 1.3577 1.369 1.38251 1.3984 1.41683 1.43788 1.46158 1.48788 1.51664 1.54766 1.58067 1.61532 1.65122 1.68795 1.72504 1.76206 1.79857 1.83415 1.86845 1.90115 1.93199 1.96077 1.98733 2.0116 2.03353 2.05311 2.07036 2.08536 2.09815 2.10881 2.11743 2.12406 2.12876 2.13158 2.13253 2.13163 2.12884 2.12413 2.11745 2.10873 2.09788 2.08482 2.06948 2.05178 2.03167 2.00914 1.98421 1.95695 1.92747 1.89596 1.86265 1.82785 1.79192 1.75523 1.71823 1.68136 1.64506 1.60978 1.57591 1.5438 1.51376 1.48601 1.46071 1.43795 1.41773 1.40001 1.38469 1.37162 1.36062 1.35149 1.34402 1.338 1.33323 1.3295 1.32665 1.32452 1.32298 1.3219 1.32119 1.32077 1.32056 1.32053 1.32063 1.32083 
1.3141 1.31443 1.31483 1.3153 1.31587 1.31656 1.31742 1.31853 1.31997 1.32186 1.32433 1.32756 1.33173 1.33708 1.34382 1.35222 1.36252 1.37497 1.38979 1.40717 1.42724 1.45007 1.47566 1.50393 1.53472 1.56778 1.60279 1.63936 1.67707 1.71545 1.75402 1.7923 1.82985 1.86626 1.90115 1.93423 1.96525 1.99403 2.02045 2.04444 2.06601 2.08516 2.10196 2.11648 2.12882 2.13908 2.14734 2.15369 2.15819 2.1609 2.16185 2.16103 2.15843 2.154 2.14767 2.13937 2.129 2.11645 2.10162 2.08441 2.06475 2.04257 2.01788 1.99071 1.96116 1.92937 1.89557 1.86004 1.82315 1.78527 1.74687 1.70841 1.67036 1.6332 1.59736 1.56324 1.53118 1.50145 1.47423 1.44965 1.42775 1.40848 1.39177 1.37747 1.36539 1.35534 1.34709 1.34041 1.3351 1.33094 1.32774 1.32534 1.32358 1.32234 1.32151 1.321 1.32073 1.32065 1.32072 1.32089 
1.31415 1.31448 1.31489 1.31539 1.31599 1.31674 1.31768 1.3189 1.3205 1.3226 1.32535 1.32894 1.33357 1.33948 1.34693 1.35617 1.36747 1.38107 1.39721 1.41606 1.43775 1.46232 1.48976 1.51994 1.55267 1.58765 1.62454 1.66289 1.70224 1.7421 1.78195 1.8213 1.85969 1.89671 1.93199 1.96525 1.99626 2.02486 2.05097 2.07454 2.09561 2.11422 2.13045 2.14442 2.15624 2.16603 2.17388 2.17992 2.1842 2.18679 2.18772 2.18699 2.18458 2.18045 2.17453 2.1667 2.15687 2.14491 2.13068 2.11408 2.09498 2.07331 2.04903 2.02213 1.99269 1.96082 1.92673 1.89069 1.85304 1.81419 1.77458 1.73471 1.69507 1.65618 1.6185 1.58248 1.54849 1.51684 1.48777 1.46142 1.43785 1.41706 1.39896 1.38342 1.37026 1.35928 1.35023 1.34289 1.33703 1.33243 1.32888 1.32619 1.32422 1.32281 1.32185 1.32124 1.3209 1.32078 1.32081 1.32096 
1.31421 1.31455 1.31496 1.31548 1.31612 1.31693 1.31796 1.3193 1.32105 1.32337 1.3264 1.33036 1.33546 1.34195 1.3501 1.36019 1.37248 1.38724 1.40468 1.42498 1.44824 1.47451 1.50372 1.53573 1.57029 1.60708 1.64569 1.68567 1.72649 1.76764 1.80858 1.84881 1.88784 1.92528 1.96077 1.99403 2.02486 2.05314 2.07879 2.10183 2.12229 2.14026 2.15586 2.16921 2.18045 2.18972 2.19715 2.20284 2.20688 2.20933 2.21024 2.20961 2.20741 2.20359 2.19808 2.19076 2.18151 2.17019 2.15665 2.14074 2.12231 2.10127 2.07752 2.05105 2.02188 1.99012 1.95593 1.91956 1.88136 1.84172 1.8011 1.76 1.71895 1.67848 1.6391 1.6013 1.5655 1.53203 1.50118 1.47311 1.44792 1.42563 1.40617 1.38941 1.37518 1.36326 1.35342 1.34542 1.33901 1.33395 1.33004 1.32707 1.32487 1.32329 1.3222 1.32149 1.32108 1.32091 1.3209 1.32103 
1.31428 1.31461 1.31504 1.31558 1.31626 1.31712 1.31824 1.3197 1.32162 1.32416 1.32748 1.33181 1.33737 1.34444 1.35329 1.36422 1.37749 1.39338 1.41209 1.4338 1.45859 1.48647 1.51737 1.5511 1.58737 1.62584 1.66603 1.70747 1.7496 1.79186 1.83371 1.87462 1.91412 1.95181 1.98733 2.02045 2.05097 2.07879 2.10389 2.12629 2.14607 2.16334 2.17825 2.19094 2.20158 2.21032 2.21729 2.22262 2.22641 2.22873 2.22961 2.22906 2.22707 2.22357 2.21849 2.21169 2.20305 2.1924 2.17958 2.16442 2.14674 2.12641 2.10331 2.07738 2.04863 2.01711 1.98298 1.94647 1.9079 1.86765 1.8262 1.78405 1.74176 1.69988 1.65896 1.61952 1.58202 1.54684 1.51429 1.48458 1.45784 1.4341 1.41331 1.39536 1.38008 1.36724 1.35662 1.34795 1.34099 1.33549 1.33121 1.32796 1.32553 1.32377 1.32255 1.32175 1.32127 1.32104 1.321 1.32111 
1.31434 1.31467 1.31511 1.31568 1.3164 1.31732 1.31853 1.32011 1.3222 1.32495 1.32856 1.33326 1.33928 1.34692 1.35647 1.36821 1.38244 1.39941 1.41935 1.4424 1.46865 1.49807 1.53055 1.56588 1.60374 1.64373 1.68536 1.72809 1.77135 1.81456 1.85714 1.89858 1.93839 1.97617 2.0116 2.04444 2.07454 2.10183 2.12629 2.148 2.16705 2.18358 2.19777 2.20979 2.21981 2.228 2.23451 2.23949 2.24302 2.24519 2.24604 2.24559 2.24379 2.24061 2.23594 2.22967 2.22164 2.21168 2.19961 2.18522 2.16833 2.14877 2.12639 2.1011 2.07286 2.04172 2.00779 1.97128 1.93249 1.89181 1.84969 1.80667 1.7633 1.72018 1.67787 1.63693 1.59786 1.56109 1.52695 1.4957 1.46748 1.44236 1.4203 1.4012 1.38489 1.37117 1.35978 1.35047 1.34296 1.33702 1.33238 1.32884 1.32619 1.32426 1.32291 1.32201 1.32146 1.32117 1.3211 1.32119 
1.31441 1.31474 1.31519 1.31578 1.31654 1.31753 1.31882 1.32052 1.32277 1.32574 1.32964 1.33469 1.34117 1.34936 1.35957 1.3721 1.38724 1.40526 1.42636 1.45069 1.4783 1.50915 1.54311 1.57991 1.61922 1.66058 1.70349 1.74735 1.79158 1.83558 1.87875 1.92056 1.96054 1.9983 2.03353 2.06601 2.09561 2.12229 2.14607 2.16705 2.18534 2.20113 2.2146 2.22594 2.23535 2.243 2.24907 2.25369 2.25697 2.259 2.25982 2.25944 2.25784 2.25496 2.2507 2.24494 2.23751 2.22823 2.21689 2.20329 2.18721 2.16844 2.14682 2.12223 2.09458 2.0639 2.03028 1.99389 1.95502 1.91405 1.87142 1.82768 1.7834 1.73919 1.69565 1.65336 1.61287 1.57463 1.53902 1.50633 1.47672 1.4503 1.42703 1.40684 1.38956 1.37498 1.36286 1.35292 1.34489 1.33852 1.33354 1.32972 1.32685 1.32475 1.32327 1.32227 1.32164 1.32131 1.3212 1.32126 
1.31447 1.3148 1.31527 1.31588 1.31668 1.31773 1.3191 1.32092 1.32333 1.32651 1.33068 1.33608 1.34299 1.35171 1.36255 1.37583 1.39184 1.41084 1.43303 1.45854 1.48741 1.51959 1.55489 1.59304 1.63365 1.67624 1.72026 1.76511 1.81016 1.85479 1.89841 1.94048 1.98052 2.01816 2.05311 2.08516 2.11422 2.14026 2.16334 2.18358 2.20113 2.21619 2.22895 2.23963 2.24845 2.25559 2.26123 2.26551 2.26855 2.27044 2.27123 2.27092 2.2695 2.2669 2.26303 2.25775 2.25089 2.24226 2.23165 2.21881 2.20352 2.18555 2.16471 2.14083 2.11383 2.08367 2.05042 2.01425 1.97541 1.93426 1.89126 1.84695 1.8019 1.75676 1.71213 1.66865 1.62688 1.58731 1.55036 1.51634 1.48546 1.45782 1.43343 1.41221 1.39402 1.37863 1.36581 1.35527 1.34675 1.33997 1.33465 1.33056 1.32748 1.32522 1.32361 1.32252 1.32182 1.32144 1.3213 1.32134 
1.31453 1.31487 1.31534 1.31598 1.31682 1.31792 1.31938 1.32131 1.32387 1.32725 1.33167 1.3374 1.34471 1.35393 1.36537 1.37934 1.39616 1.41606 1.43925 1.46585 1.49588 1.52925 1.56577 1.60512 1.64688 1.69055 1.73554 1.78123 1.82697 1.87211 1.91606 1.95828 1.9983 2.03576 2.07036 2.10196 2.13045 2.15586 2.17825 2.19777 2.2146 2.22895 2.24104 2.25111 2.25937 2.26602 2.27126 2.27522 2.27804 2.2798 2.28055 2.28031 2.27905 2.27671 2.27319 2.26836 2.26204 2.25402 2.24409 2.23198 2.21746 2.20026 2.18018 2.15702 2.13067 2.10106 2.06824 2.03234 1.9936 1.95238 1.90912 1.86436 1.81869 1.77275 1.72719 1.68266 1.63976 1.599 1.56084 1.52562 1.49357 1.46482 1.4394 1.41724 1.39819 1.38206 1.36859 1.3575 1.34851 1.34134 1.33571 1.33137 1.32809 1.32567 1.32394 1.32276 1.322 1.32157 1.32139 1.32141 
1.31459 1.31493 1.31541 1.31607 1.31695 1.3181 1.31964 1.32167 1.32438 1.32794 1.33261 1.33863 1.34632 1.356 1.36798 1.38259 1.40013 1.42086 1.44496 1.47254 1.5036 1.53803 1.57563 1.61603 1.65881 1.70341 1.74923 1.79562 1.84191 1.88746 1.93165 1.97394 2.01388 2.0511 2.08536 2.11648 2.14442 2.16921 2.19094 2.20979 2.22594 2.23963 2.25111 2.2606 2.26835 2.27457 2.27943 2.28311 2.28572 2.28736 2.28807 2.28789 2.28677 2.28467 2.28147 2.27705 2.27121 2.26376 2.25445 2.24302 2.2292 2.21274 2.19338 2.17091 2.14519 2.11613 2.08375 2.04816 2.00959 1.96837 1.92494 1.87983 1.83365 1.78705 1.7407 1.69527 1.65137 1.60957 1.57034 1.53405 1.50096 1.47122 1.44487 1.42185 1.40204 1.38522 1.37115 1.35956 1.35014 1.34261 1.33669 1.33212 1.32866 1.3261 1.32426 1.32299 1.32216 1.32169 1.32148 1.32148 
1.31465 1.31498 1.31548 1.31616 1.31707 1.31827 1.31988 1.32201 1.32484 1.32858 1.33346 1.33976 1.34779 1.35787 1.37034 1.38552 1.40371 1.42517 1.45006 1.4785 1.51047 1.54583 1.58436 1.62568 1.66931 1.7147 1.76122 1.80819 1.85494 1.90079 1.94514 1.98746 2.02728 2.06425 2.09815 2.12882 2.15624 2.18045 2.20158 2.21981 2.23535 2.24845 2.25937 2.26835 2.27565 2.28147 2.286 2.28942 2.29185 2.29338 2.29406 2.29392 2.29293 2.29103 2.28812 2.28405 2.27865 2.2717 2.26295 2.25213 2.23896 2.22315 2.20445 2.18263 2.1575 2.12896 2.09702 2.06175 2.02337 1.9822 1.93866 1.8933 1.84671 1.79957 1.75256 1.70636 1.66162 1.61892 1.57877 1.54155 1.50755 1.47693 1.44976 1.42598 1.40549 1.38806 1.37347 1.36142 1.35162 1.34377 1.33759 1.33281 1.32918 1.32648 1.32454 1.3232 1.32232 1.3218 1.32156 1.32155 
1.3147 1.31503 1.31554 1.31624 1.31717 1.31842 1.32009 1.32231 1.32526 1.32914 1.33421 1.34075 1.34908 1.35951 1.37241 1.38808 1.40683 1.42892 1.4545 1.48367 1.51641 1.55257 1.59188 1.63396 1.67831 1.72436 1.77145 1.81889 1.86599 1.91207 1.95653 1.99883 2.03852 2.07525 2.10881 2.13908 2.16603 2.18972 2.21032 2.228 2.243 2.25559 2.26602 2.27457 2.28147 2.28694 2.2912 2.2944 2.29666 2.2981 2.29876 2.29865 2.29777 2.29604 2.29337 2.28962 2.28459 2.27807 2.2698 2.25951 2.2469 2.23168 2.21356 2.1923 2.16771 2.13965 2.1081 2.07314 2.03496 1.99386 1.95027 1.90472 1.85782 1.81024 1.76269 1.71586 1.67041 1.62696 1.58603 1.54802 1.51324 1.48188 1.454 1.42958 1.4085 1.39055 1.37549 1.36305 1.35292 1.34479 1.33838 1.33341 1.32964 1.32683 1.3248 1.32338 1.32245 1.3219 1.32164 1.32161 
1.31474 1.31508 1.31559 1.31631 1.31727 1.31856 1.32028 1.32257 1.32561 1.32962 1.33486 1.3416 1.35017 1.36091 1.37415 1.39024 1.40946 1.43206 1.45821 1.48799 1.52135 1.55816 1.59811 1.64081 1.68574 1.73232 1.77986 1.82766 1.87503 1.92129 1.96582 2.00808 2.04764 2.08416 2.11743 2.14734 2.17388 2.19715 2.21729 2.23451 2.24907 2.26123 2.27126 2.27943 2.286 2.2912 2.29522 2.29823 2.30037 2.30172 2.30236 2.30228 2.30149 2.29991 2.29744 2.29393 2.28921 2.28305 2.27519 2.26534 2.2532 2.23847 2.22084 2.20006 2.17592 2.14827 2.11707 2.08238 2.04438 2.00336 1.95975 1.91407 1.86693 1.81901 1.77103 1.72369 1.67768 1.63362 1.59205 1.5534 1.51798 1.48601 1.45755 1.4326 1.41102 1.39264 1.3772 1.36443 1.35402 1.34566 1.33906 1.33393 1.33003 1.32712 1.32502 1.32354 1.32257 1.32199 1.3217 1.32166 
1.31478 1.31512 1.31564 1.31636 1.31735 1.31867 1.32043 1.32278 1.3259 1.33002 1.33538 1.34228 1.35105 1.36203 1.37555 1.39196 1.41154 1.43455 1.46114 1.49139 1.52525 1.56255 1.60299 1.64617 1.69155 1.73852 1.7864 1.83448 1.88205 1.92843 1.97301 2.01523 2.05468 2.09102 2.12406 2.15369 2.17992 2.20284 2.22262 2.23949 2.25369 2.26551 2.27522 2.28311 2.28942 2.2944 2.29823 2.3011 2.30313 2.30442 2.30504 2.30499 2.30426 2.30279 2.30048 2.29717 2.2927 2.28682 2.27927 2.26977 2.258 2.24365 2.22642 2.20602 2.18223 2.15491 2.12399 2.08952 2.05166 2.01072 1.96709 1.92132 1.874 1.82583 1.77752 1.7298 1.68336 1.63883 1.59677 1.55762 1.52172 1.48927 1.46036 1.43499 1.41303 1.39431 1.37857 1.36553 1.3549 1.34636 1.3396 1.33435 1.33035 1.32736 1.3252 1.32368 1.32267 1.32206 1.32176 1.3217 
1.31481 1.31515 1.31567 1.31641 1.31741 1.31875 1.32055 1.32294 1.32612 1.33031 1.33577 1.34279 1.3517 1.36285 1.37658 1.39322 1.41306 1.43636 1.46326 1.49384 1.52804 1.56569 1.60648 1.64999 1.69568 1.74293 1.79105 1.83932 1.88703 1.9335 1.9781 2.0203 2.05967 2.09589 2.12876 2.15819 2.1842 2.20688 2.22641 2.24302 2.25697 2.26855 2.27804 2.28572 2.29185 2.29666 2.30037 2.30313 2.30509 2.30634 2.30694 2.30691 2.30623 2.30484 2.30264 2.29948 2.29517 2.28949 2.28218 2.27292 2.26142 2.24734 2.23038 2.21025 2.18672 2.15963 2.1289 2.09458 2.05683 2.01594 1.97231 1.92646 1.87903 1.83068 1.78214 1.73415 1.6874 1.64255 1.60014 1.56065 1.5244 1.49161 1.46239 1.43672 1.41449 1.39552 1.37957 1.36635 1.35555 1.34687 1.34 1.33466 1.33059 1.32754 1.32533 1.32378 1.32274 1.32211 1.3218 1.32174 
1.31483 1.31517 1.3157 1.31644 1.31745 1.31881 1.32062 1.32305 1.32627 1.3305 1.33602 1.34312 1.35212 1.36337 1.37722 1.39399 1.41399 1.43746 1.46454 1.49531 1.52971 1.56756 1.60855 1.65225 1.69811 1.74552 1.79378 1.84216 1.88996 1.93648 1.98111 2.0233 2.06264 2.0988 2.13158 2.1609 2.18679 2.20933 2.22873 2.24519 2.259 2.27044 2.2798 2.28736 2.29338 2.2981 2.30172 2.30442 2.30634 2.30756 2.30815 2.30813 2.30748 2.30614 2.30401 2.30094 2.29674 2.29118 2.284 2.27489 2.26354 2.24962 2.23281 2.21283 2.18944 2.16247 2.13184 2.0976 2.05991 2.01903 1.97539 1.9295 1.88198 1.83352 1.78485 1.73671 1.68979 1.64474 1.60214 1.56245 1.526 1.49302 1.46361 1.43776 1.41538 1.39627 1.38019 1.36685 1.35596 1.3472 1.34026 1.33487 1.33074 1.32766 1.32542 1.32385 1.32279 1.32215 1.32183 1.32176 
