6.1716 6.17179 6.17208 6.17249 6.173 6.17362 6.17435 6.1752 6.17615 6.17721 6.17838 6.17967 6.18106 6.18256 6.18416 6.18587 6.18768 6.18959 6.1916 6.1937 6.19589 6.19816 6.20051 6.20293 6.2054 6.20793 6.2105 6.21311 6.21573 6.21837 6.221 6.22362 6.22622 6.22877 6.23128 6.23371 6.23607 6.23833 6.24049 6.24252 6.24443 6.2462 6.24781 6.24926 6.25054 6.25163 6.25255 6.25326 6.25379 6.25411 6.25423 6.25415 6.25387 6.25339 6.25271 6.25185 6.25079 6.24957 6.24817 6.24661 6.2449 6.24306 6.24108 6.23899 6.23681 6.23453 6.23217 6.22976 6.22729 6.2248 6.22228 6.21975 6.21723 6.21472 6.21224 6.2098 6.20741 6.20508 6.20282 6.20063 6.19852 6.1965 6.19457 6.19275 6.19102 6.18941 6.1879 6.1865 6.18522 6.18405 6.18299 6.18205 6.18122 6.18051 6.17991 6.17943 6.17906 6.1788 6.17865 6.17861 
6.17179 6.17197 6.17227 6.17267 6.17319 6.17381 6.17455 6.1754 6.17636 6.17742 6.1786 6.17989 6.18129 6.1828 6.18441 6.18613 6.18796 6.18988 6.1919 6.19402 6.19622 6.1985 6.20087 6.2033 6.20579 6.20833 6.21092 6.21354 6.21619 6.21884 6.22149 6.22413 6.22675 6.22932 6.23184 6.23429 6.23666 6.23894 6.24111 6.24316 6.24508 6.24686 6.24848 6.24994 6.25123 6.25233 6.25325 6.25397 6.2545 6.25482 6.25495 6.25486 6.25458 6.2541 6.25342 6.25254 6.25148 6.25025 6.24884 6.24727 6.24555 6.24369 6.2417 6.2396 6.2374 6.2351 6.23273 6.2303 6.22782 6.2253 6.22277 6.22022 6.21768 6.21516 6.21266 6.21021 6.2078 6.20545 6.20317 6.20097 6.19884 6.19681 6.19487 6.19303 6.1913 6.18967 6.18815 6.18675 6.18545 6.18427 6.18321 6.18226 6.18143 6.18071 6.18011 6.17962 6.17925 6.17898 6.17883 6.1788 
6.17208 6.17227 6.17256 6.17297 6.1735 6.17413 6.17488 6.17574 6.17671 6.1778 6.17899 6.1803 6.18172 6.18326 6.1849 6.18665 6.1885 6.19046 6.19251 6.19466 6.1969 6.19922 6.20163 6.2041 6.20663 6.20922 6.21185 6.21452 6.2172 6.2199 6.2226 6.22528 6.22794 6.23055 6.23311 6.23561 6.23802 6.24033 6.24254 6.24462 6.24657 6.24838 6.25003 6.25151 6.25282 6.25394 6.25487 6.2556 6.25614 6.25647 6.25659 6.25651 6.25622 6.25572 6.25503 6.25414 6.25307 6.25181 6.25038 6.24878 6.24703 6.24514 6.24312 6.24098 6.23874 6.23641 6.234 6.23152 6.229 6.22644 6.22386 6.22127 6.21869 6.21612 6.21358 6.21108 6.20863 6.20625 6.20392 6.20168 6.19952 6.19745 6.19548 6.19361 6.19184 6.19018 6.18864 6.1872 6.18589 6.18469 6.1836 6.18264 6.18179 6.18105 6.18044 6.17994 6.17956 6.17929 6.17913 6.17909 
6.17249 6.17267 6.17297 6.17339 6.17393 6.17458 6.17534 6.17622 6.17722 6.17833 6.17956 6.1809 6.18236 6.18393 6.18562 6.18741 6.18932 6.19132 6.19343 6.19564 6.19794 6.20033 6.20279 6.20533 6.20793 6.21059 6.21329 6.21602 6.21878 6.22155 6.22432 6.22707 6.2298 6.23248 6.2351 6.23766 6.24013 6.24251 6.24477 6.24691 6.24891 6.25076 6.25245 6.25396 6.2553 6.25645 6.25741 6.25816 6.2587 6.25904 6.25916 6.25908 6.25878 6.25827 6.25756 6.25665 6.25554 6.25425 6.25278 6.25114 6.24935 6.24741 6.24533 6.24314 6.24083 6.23844 6.23597 6.23343 6.23084 6.22821 6.22556 6.2229 6.22025 6.21761 6.215 6.21244 6.20992 6.20746 6.20508 6.20277 6.20055 6.19842 6.19639 6.19447 6.19265 6.19095 6.18935 6.18788 6.18652 6.18528 6.18417 6.18317 6.18229 6.18154 6.1809 6.18038 6.17999 6.17971 6.17954 6.1795 
6.173 6.17319 6.1735 6.17393 6.17448 6.17515 6.17594 6.17685 6.17788 6.17903 6.1803 6.18169 6.1832 6.18483 6.18657 6.18843 6.1904 6.19248 6.19467 6.19696 6.19934 6.20181 6.20436 6.20699 6.20969 6.21244 6.21523 6.21807 6.22092 6.22379 6.22665 6.2295 6.23232 6.23509 6.23781 6.24045 6.24301 6.24546 6.2478 6.25001 6.25208 6.25399 6.25573 6.2573 6.25868 6.25987 6.26085 6.26163 6.26219 6.26254 6.26266 6.26257 6.26226 6.26174 6.261 6.26005 6.25891 6.25757 6.25605 6.25435 6.25249 6.25048 6.24834 6.24606 6.24368 6.2412 6.23864 6.23601 6.23333 6.23061 6.22786 6.22511 6.22236 6.21963 6.21692 6.21426 6.21165 6.2091 6.20663 6.20424 6.20193 6.19972 6.19762 6.19562 6.19373 6.19196 6.1903 6.18877 6.18736 6.18607 6.1849 6.18386 6.18295 6.18216 6.1815 6.18095 6.18054 6.18024 6.18007 6.18001 
6.17362 6.17381 6.17413 6.17458 6.17515 6.17584 6.17666 6.17761 6.17869 6.17989 6.18121 6.18266 6.18424 6.18594 6.18776 6.1897 6.19176 6.19393 6.19622 6.19861 6.20109 6.20367 6.20634 6.20908 6.21189 6.21477 6.21768 6.22064 6.22362 6.22661 6.22959 6.23256 6.2355 6.23839 6.24122 6.24398 6.24664 6.24919 6.25163 6.25393 6.25608 6.25807 6.25989 6.26152 6.26295 6.26419 6.26521 6.26602 6.2666 6.26696 6.26709 6.26699 6.26666 6.26611 6.26534 6.26435 6.26316 6.26176 6.26017 6.2584 6.25647 6.25437 6.25213 6.24976 6.24727 6.24469 6.24201 6.23927 6.23647 6.23363 6.23077 6.22789 6.22502 6.22216 6.21934 6.21656 6.21383 6.21117 6.20858 6.20608 6.20366 6.20135 6.19915 6.19705 6.19507 6.19322 6.19148 6.18987 6.18839 6.18704 6.18581 6.18472 6.18376 6.18293 6.18222 6.18165 6.18121 6.18089 6.1807 6.18064 
6.17435 6.17455 6.17488 6.17534 6.17594 6.17666 6.17752 6.17852 6.17964 6.18091 6.1823 6.18382 6.18548 6.18727 6.18918 6.19123 6.19339 6.19568 6.19808 6.20059 6.2032 6.20592 6.20872 6.2116 6.21456 6.21757 6.22064 6.22374 6.22687 6.23001 6.23314 6.23626 6.23934 6.24237 6.24534 6.24823 6.25102 6.2537 6.25625 6.25866 6.26091 6.263 6.2649 6.26661 6.26811 6.2694 6.27047 6.27131 6.27192 6.27229 6.27242 6.27231 6.27197 6.27139 6.27058 6.26954 6.26829 6.26682 6.26515 6.26329 6.26126 6.25906 6.25671 6.25422 6.25161 6.24889 6.24608 6.2432 6.24026 6.23728 6.23427 6.23124 6.22822 6.22522 6.22225 6.21932 6.21645 6.21365 6.21092 6.20829 6.20575 6.20331 6.20098 6.19877 6.19669 6.19472 6.19289 6.19119 6.18962 6.18819 6.18689 6.18574 6.18471 6.18383 6.18308 6.18247 6.18199 6.18165 6.18145 6.18138 
6.1752 6.1754 6.17574 6.17622 6.17685 6.17761 6.17852 6.17957 6.18076 6.18209 6.18356 6.18517 6.18692 6.18881 6.19084 6.193 6.19529 6.19771 6.20025 6.2029 6.20567 6.20854 6.2115 6.21455 6.21767 6.22086 6.2241 6.22737 6.23068 6.23399 6.2373 6.24058 6.24384 6.24704 6.25017 6.25321 6.25615 6.25897 6.26166 6.2642 6.26657 6.26876 6.27076 6.27256 6.27414 6.2755 6.27662 6.2775 6.27814 6.27853 6.27866 6.27855 6.27818 6.27757 6.27671 6.27561 6.27429 6.27274 6.27098 6.26902 6.26687 6.26455 6.26206 6.25944 6.25668 6.25381 6.25085 6.2478 6.2447 6.24154 6.23836 6.23517 6.23197 6.2288 6.22566 6.22256 6.21952 6.21655 6.21367 6.21087 6.20818 6.20559 6.20313 6.20078 6.19856 6.19648 6.19453 6.19272 6.19105 6.18953 6.18815 6.18691 6.18582 6.18487 6.18407 6.18342 6.1829 6.18254 6.18231 6.18223 
6.17615 6.17636 6.17671 6.17722 6.17788 6.17869 6.17964 6.18076 6.18202 6.18343 6.18499 6.18671 6.18857 6.19058 6.19273 6.19503 6.19746 6.20003 6.20273 6.20555 6.20849 6.21153 6.21468 6.21792 6.22123 6.22461 6.22805 6.23153 6.23503 6.23854 6.24205 6.24553 6.24898 6.25237 6.25568 6.25891 6.26202 6.26501 6.26785 6.27053 6.27304 6.27536 6.27747 6.27937 6.28104 6.28247 6.28365 6.28458 6.28525 6.28566 6.2858 6.28567 6.28528 6.28463 6.28372 6.28255 6.28115 6.27951 6.27764 6.27556 6.27328 6.27082 6.26819 6.26541 6.26248 6.25944 6.2563 6.25307 6.24977 6.24642 6.24305 6.23965 6.23626 6.23289 6.22955 6.22626 6.22303 6.21987 6.2168 6.21382 6.21095 6.2082 6.20557 6.20307 6.20071 6.19848 6.1964 6.19447 6.19268 6.19105 6.18957 6.18825 6.18708 6.18606 6.1852 6.18449 6.18393 6.18353 6.18328 6.18318 
6.17721 6.17742 6.1778 6.17833 6.17903 6.17989 6.18091 6.18209 6.18343 6.18494 6.1866 6.18843 6.19041 6.19256 6.19485 6.1973 6.1999 6.20264 6.20552 6.20852 6.21166 6.21491 6.21826 6.22171 6.22524 6.22884 6.2325 6.2362 6.23993 6.24367 6.2474 6.2511 6.25476 6.25837 6.26189 6.26531 6.26862 6.27179 6.2748 6.27765 6.28031 6.28277 6.28501 6.28702 6.28879 6.2903 6.29156 6.29254 6.29325 6.29368 6.29382 6.29368 6.29326 6.29257 6.29159 6.29036 6.28886 6.28711 6.28513 6.28292 6.28049 6.27788 6.27508 6.27211 6.269 6.26577 6.26242 6.25898 6.25547 6.25191 6.24831 6.2447 6.24109 6.23749 6.23393 6.23042 6.22697 6.2236 6.22032 6.21714 6.21408 6.21113 6.20832 6.20564 6.20311 6.20073 6.1985 6.19642 6.19451 6.19276 6.19117 6.18974 6.18848 6.18738 6.18645 6.18569 6.18508 6.18464 6.18437 6.18425 
6.17838 6.1786 6.17899 6.17956 6.1803 6.18121 6.1823 6.18356 6.18499 6.1866 6.18838 6.19034 6.19246 6.19475 6.19721 6.19983 6.2026 6.20553 6.20861 6.21183 6.21518 6.21865 6.22223 6.22591 6.22969 6.23353 6.23744 6.24139 6.24536 6.24935 6.25333 6.25728 6.26118 6.26502 6.26877 6.27241 6.27593 6.27931 6.28252 6.28554 6.28837 6.29099 6.29337 6.2955 6.29738 6.29899 6.30032 6.30136 6.30211 6.30256 6.30271 6.30256 6.30211 6.30136 6.30032 6.299 6.2974 6.29554 6.29342 6.29107 6.28849 6.28569 6.28271 6.27955 6.27624 6.27278 6.26921 6.26555 6.2618 6.258 6.25416 6.2503 6.24644 6.24259 6.23879 6.23503 6.23134 6.22774 6.22423 6.22082 6.21754 6.21438 6.21137 6.2085 6.20578 6.20322 6.20082 6.19859 6.19653 6.19464 6.19293 6.19139 6.19003 6.18885 6.18784 6.18701 6.18635 6.18587 6.18556 6.18543 
6.17967 6.17989 6.1803 6.1809 6.18169 6.18266 6.18382 6.18517 6.18671 6.18843 6.19034 6.19243 6.1947 6.19716 6.19979 6.2026 6.20557 6.20871 6.21201 6.21545 6.21904 6.22275 6.22659 6.23053 6.23457 6.23868 6.24286 6.24708 6.25133 6.25558 6.25983 6.26405 6.26822 6.27231 6.27631 6.2802 6.28395 6.28755 6.29097 6.29419 6.29721 6.29999 6.30252 6.30479 6.30679 6.3085 6.30991 6.31102 6.31181 6.31229 6.31244 6.31228 6.31179 6.31099 6.30988 6.30847 6.30677 6.30478 6.30252 6.3 6.29724 6.29426 6.29108 6.2877 6.28416 6.28047 6.27666 6.27274 6.26874 6.26467 6.26056 6.25643 6.2523 6.24819 6.24411 6.24009 6.23614 6.23228 6.22851 6.22486 6.22134 6.21795 6.21471 6.21162 6.2087 6.20595 6.20337 6.20097 6.19875 6.19671 6.19487 6.19321 6.19173 6.19045 6.18936 6.18845 6.18774 6.18721 6.18687 6.18672 
6.18106 6.18129 6.18172 6.18236 6.1832 6.18424 6.18548 6.18692 6.18857 6.19041 6.19246 6.1947 6.19714 6.19977 6.2026 6.20561 6.2088 6.21217 6.2157 6.2194 6.22324 6.22722 6.23133 6.23555 6.23987 6.24428 6.24875 6.25326 6.25781 6.26236 6.2669 6.27141 6.27586 6.28023 6.2845 6.28865 6.29266 6.29649 6.30014 6.30358 6.30679 6.30976 6.31246 6.31488 6.317 6.31882 6.32032 6.3215 6.32234 6.32284 6.323 6.32282 6.3223 6.32145 6.32026 6.31875 6.31692 6.3148 6.31238 6.30969 6.30675 6.30356 6.30016 6.29655 6.29277 6.28882 6.28475 6.28055 6.27627 6.27192 6.26752 6.2631 6.25868 6.25427 6.2499 6.24559 6.24136 6.23721 6.23317 6.22925 6.22547 6.22183 6.21834 6.21503 6.21188 6.20892 6.20614 6.20355 6.20116 6.19896 6.19697 6.19517 6.19358 6.19219 6.191 6.19002 6.18924 6.18867 6.18829 6.18812 
6.18256 6.1828 6.18326 6.18393 6.18483 6.18594 6.18727 6.18881 6.19058 6.19256 6.19475 6.19716 6.19977 6.2026 6.20563 6.20886 6.21229 6.2159 6.21969 6.22365 6.22777 6.23204 6.23645 6.24097 6.2456 6.25031 6.2551 6.25993 6.26479 6.26967 6.27452 6.27934 6.2841 6.28877 6.29333 6.29776 6.30203 6.30613 6.31002 6.31369 6.31711 6.32027 6.32315 6.32573 6.32799 6.32993 6.33153 6.33277 6.33367 6.3342 6.33437 6.33417 6.33361 6.33269 6.33142 6.3298 6.32785 6.32558 6.323 6.32013 6.31698 6.31357 6.30993 6.30608 6.30203 6.29782 6.29345 6.28897 6.28439 6.27973 6.27502 6.27029 6.26555 6.26083 6.25615 6.25152 6.24698 6.24253 6.23819 6.23399 6.22992 6.22601 6.22226 6.2187 6.21531 6.21212 6.20913 6.20634 6.20376 6.20139 6.19923 6.19729 6.19557 6.19407 6.19278 6.19171 6.19086 6.19023 6.18982 6.18963 
6.18416 6.18441 6.1849 6.18562 6.18657 6.18776 6.18918 6.19084 6.19273 6.19485 6.19721 6.19979 6.2026 6.20563 6.20888 6.21235 6.21602 6.2199 6.22397 6.22821 6.23263 6.23721 6.24193 6.24677 6.25173 6.25678 6.2619 6.26707 6.27227 6.27748 6.28267 6.28782 6.29291 6.2979 6.30277 6.3075 6.31206 6.31643 6.32058 6.32449 6.32814 6.33151 6.33458 6.33732 6.33973 6.34179 6.34349 6.34482 6.34576 6.34633 6.3465 6.34629 6.34569 6.3447 6.34334 6.34161 6.33953 6.3371 6.33434 6.33127 6.32791 6.32427 6.32038 6.31626 6.31194 6.30743 6.30277 6.29797 6.29307 6.28808 6.28305 6.27798 6.2729 6.26785 6.26283 6.25787 6.253 6.24823 6.24357 6.23906 6.23469 6.23049 6.22646 6.22263 6.21899 6.21555 6.21233 6.20932 6.20654 6.20398 6.20166 6.19956 6.1977 6.19607 6.19468 6.19352 6.1926 6.19191 6.19146 6.19124 
6.18587 6.18613 6.18665 6.18741 6.18843 6.1897 6.19123 6.193 6.19503 6.1973 6.19983 6.2026 6.20561 6.20886 6.21235 6.21607 6.22001 6.22416 6.22852 6.23307 6.23781 6.24271 6.24776 6.25295 6.25826 6.26366 6.26914 6.27467 6.28023 6.28579 6.29134 6.29684 6.30227 6.30759 6.31279 6.31784 6.32271 6.32736 6.33179 6.33596 6.33985 6.34344 6.3467 6.34962 6.35219 6.35438 6.35619 6.3576 6.3586 6.35919 6.35938 6.35914 6.3585 6.35745 6.35599 6.35415 6.35192 6.34933 6.34638 6.34311 6.33951 6.33563 6.33148 6.32708 6.32246 6.31764 6.31266 6.30753 6.30229 6.29696 6.29157 6.28615 6.28072 6.27531 6.26994 6.26463 6.25941 6.25429 6.2493 6.24445 6.23977 6.23526 6.23093 6.22681 6.2229 6.2192 6.21574 6.2125 6.2095 6.20675 6.20424 6.20198 6.19997 6.19821 6.19671 6.19545 6.19445 6.1937 6.19321 6.19296 
6.18768 6.18796 6.1885 6.18932 6.1904 6.19176 6.19339 6.19529 6.19746 6.1999 6.2026 6.20557 6.2088 6.21229 6.21602 6.22001 6.22423 6.22868 6.23335 6.23822 6.24329 6.24853 6.25394 6.25949 6.26516 6.27094 6.27679 6.2827 6.28864 6.29458 6.3005 6.30637 6.31216 6.31784 6.32338 6.32876 6.33395 6.33891 6.34362 6.34806 6.3522 6.35602 6.35949 6.3626 6.36533 6.36766 6.36958 6.37107 6.37214 6.37277 6.37296 6.3727 6.37201 6.37089 6.36934 6.36737 6.36499 6.36222 6.35908 6.35559 6.35176 6.34762 6.34319 6.33849 6.33356 6.32842 6.3231 6.31763 6.31203 6.30634 6.30059 6.29479 6.28899 6.2832 6.27745 6.27177 6.26618 6.2607 6.25536 6.25017 6.24514 6.24031 6.23567 6.23124 6.22704 6.22307 6.21935 6.21587 6.21265 6.20968 6.20698 6.20455 6.20238 6.20048 6.19885 6.1975 6.19641 6.1956 6.19506 6.19479 
6.18959 6.18988 6.19046 6.19132 6.19248 6.19393 6.19568 6.19771 6.20003 6.20264 6.20553 6.20871 6.21217 6.2159 6.2199 6.22416 6.22868 6.23344 6.23843 6.24364 6.24906 6.25467 6.26044 6.26637 6.27243 6.27859 6.28484 6.29115 6.29748 6.30382 6.31013 6.31639 6.32255 6.3286 6.33451 6.34023 6.34575 6.35103 6.35605 6.36077 6.36517 6.36923 6.37292 6.37622 6.37911 6.38159 6.38362 6.38521 6.38634 6.387 6.3872 6.38693 6.38619 6.38499 6.38333 6.38123 6.3787 6.37576 6.37241 6.36869 6.36461 6.3602 6.35548 6.35048 6.34522 6.33975 6.33407 6.32824 6.32227 6.3162 6.31006 6.30387 6.29767 6.29149 6.28535 6.27928 6.27331 6.26745 6.26173 6.25618 6.2508 6.24562 6.24065 6.23591 6.2314 6.22715 6.22315 6.21942 6.21596 6.21277 6.20987 6.20725 6.20492 6.20287 6.20112 6.19965 6.19848 6.1976 6.19701 6.19671 
6.1916 6.1919 6.19251 6.19343 6.19467 6.19622 6.19808 6.20025 6.20273 6.20552 6.20861 6.21201 6.2157 6.21969 6.22397 6.22852 6.23335 6.23843 6.24376 6.24933 6.25511 6.26109 6.26726 6.27358 6.28004 6.28661 6.29327 6.29999 6.30674 6.31348 6.3202 6.32686 6.33342 6.33986 6.34613 6.35222 6.35808 6.36369 6.36902 6.37403 6.3787 6.38301 6.38693 6.39043 6.3935 6.39612 6.39828 6.39996 6.40115 6.40185 6.40206 6.40177 6.40098 6.3997 6.39794 6.3957 6.39301 6.38988 6.38632 6.38237 6.37803 6.37333 6.36831 6.36299 6.3574 6.35158 6.34554 6.33933 6.33297 6.32651 6.31996 6.31337 6.30676 6.30017 6.29362 6.28715 6.28077 6.27452 6.26841 6.26247 6.25673 6.25119 6.24588 6.2408 6.23598 6.23142 6.22714 6.22314 6.21943 6.21601 6.2129 6.21008 6.20758 6.20538 6.20349 6.20192 6.20065 6.1997 6.19906 6.19873 
6.1937 6.19402 6.19466 6.19564 6.19696 6.19861 6.20059 6.2029 6.20555 6.20852 6.21183 6.21545 6.2194 6.22365 6.22821 6.23307 6.23822 6.24364 6.24933 6.25526 6.26142 6.2678 6.27436 6.28109 6.28797 6.29497 6.30205 6.3092 6.31637 6.32354 6.33068 6.33776 6.34473 6.35156 6.35822 6.36468 6.3709 6.37685 6.3825 6.38782 6.39277 6.39733 6.40148 6.40519 6.40844 6.41122 6.4135 6.41528 6.41654 6.41728 6.41749 6.41718 6.41634 6.41498 6.4131 6.41073 6.40788 6.40455 6.40078 6.39657 6.39197 6.38699 6.38166 6.37601 6.37007 6.36388 6.35746 6.35086 6.34411 6.33723 6.33027 6.32326 6.31623 6.30921 6.30224 6.29534 6.28854 6.28188 6.27537 6.26904 6.26291 6.257 6.25132 6.24591 6.24075 6.23588 6.2313 6.22703 6.22305 6.2194 6.21606 6.21305 6.21036 6.208 6.20598 6.20428 6.20292 6.20189 6.2012 6.20084 
6.19589 6.19622 6.1969 6.19794 6.19934 6.20109 6.2032 6.20567 6.20849 6.21166 6.21518 6.21904 6.22324 6.22777 6.23263 6.23781 6.24329 6.24906 6.25511 6.26142 6.26798 6.27476 6.28174 6.28889 6.2962 6.30363 6.31116 6.31874 6.32636 6.33397 6.34154 6.34904 6.35643 6.36368 6.37074 6.37758 6.38417 6.39047 6.39645 6.40207 6.40732 6.41214 6.41653 6.42046 6.42389 6.42683 6.42924 6.43111 6.43244 6.43322 6.43344 6.4331 6.43221 6.43077 6.42878 6.42627 6.42324 6.41972 6.41572 6.41127 6.40639 6.40111 6.39546 6.38947 6.38317 6.37661 6.36981 6.3628 6.35563 6.34834 6.34095 6.3335 6.32603 6.31858 6.31117 6.30383 6.29661 6.28952 6.28259 6.27585 6.26932 6.26303 6.25698 6.25121 6.24571 6.24052 6.23563 6.23106 6.22682 6.22292 6.21935 6.21613 6.21325 6.21073 6.20856 6.20674 6.20528 6.20418 6.20343 6.20304 
6.19816 6.1985 6.19922 6.20033 6.20181 6.20367 6.20592 6.20854 6.21153 6.21491 6.21865 6.22275 6.22722 6.23204 6.23721 6.24271 6.24853 6.25467 6.26109 6.2678 6.27476 6.28195 6.28936 6.29695 6.3047 6.31258 6.32056 6.3286 6.33667 6.34473 6.35275 6.36068 6.3685 6.37617 6.38364 6.39087 6.39784 6.4045 6.41081 6.41676 6.42229 6.42739 6.43202 6.43616 6.43979 6.44289 6.44543 6.44741 6.44881 6.44962 6.44985 6.44949 6.44855 6.44702 6.44492 6.44226 6.43906 6.43533 6.4311 6.4264 6.42123 6.41565 6.40967 6.40334 6.39668 6.38973 6.38253 6.37511 6.36752 6.35979 6.35196 6.34407 6.33615 6.32825 6.32039 6.3126 6.30494 6.29741 6.29005 6.28289 6.27596 6.26926 6.26283 6.25669 6.25085 6.24532 6.24011 6.23525 6.23073 6.22656 6.22276 6.21932 6.21625 6.21356 6.21124 6.2093 6.20774 6.20655 6.20575 6.20533 
6.20051 6.20087 6.20163 6.20279 6.20436 6.20634 6.20872 6.2115 6.21468 6.21826 6.22223 6.22659 6.23133 6.23645 6.24193 6.24776 6.25394 6.26044 6.26726 6.27436 6.28174 6.28936 6.29721 6.30524 6.31345 6.32179 6.33022 6.33873 6.34726 6.35578 6.36425 6.37264 6.3809 6.38899 6.39687 6.40451 6.41186 6.41888 6.42555 6.43181 6.43765 6.44302 6.4479 6.45226 6.45608 6.45934 6.46202 6.4641 6.46557 6.46643 6.46667 6.46628 6.46528 6.46367 6.46145 6.45865 6.45527 6.45133 6.44687 6.4419 6.43645 6.43056 6.42425 6.41756 6.41053 6.40319 6.39558 6.38774 6.37972 6.37155 6.36327 6.35492 6.34655 6.33818 6.32986 6.32162 6.3135 6.30552 6.29773 6.29014 6.28278 6.27568 6.26886 6.26234 6.25613 6.25026 6.24473 6.23956 6.23475 6.23032 6.22627 6.22262 6.21935 6.21648 6.21401 6.21193 6.21027 6.209 6.20814 6.20768 
6.20293 6.2033 6.2041 6.20533 6.20699 6.20908 6.2116 6.21455 6.21792 6.22171 6.22591 6.23053 6.23555 6.24097 6.24677 6.25295 6.25949 6.26637 6.27358 6.28109 6.28889 6.29695 6.30524 6.31374 6.32241 6.33121 6.34012 6.34909 6.35809 6.36708 6.37602 6.38486 6.39356 6.40209 6.4104 6.41844 6.42618 6.43357 6.44059 6.44718 6.45332 6.45897 6.4641 6.46869 6.47271 6.47613 6.47894 6.48113 6.48267 6.48357 6.48382 6.48341 6.48235 6.48065 6.47832 6.47536 6.47181 6.46766 6.46296 6.45773 6.45199 6.44578 6.43914 6.43209 6.42467 6.41694 6.40892 6.40066 6.39219 6.38357 6.37484 6.36603 6.35718 6.34835 6.33956 6.33085 6.32227 6.31384 6.30559 6.29756 6.28978 6.28226 6.27504 6.26813 6.26155 6.25533 6.24947 6.24398 6.23888 6.23418 6.22989 6.226 6.22253 6.21948 6.21685 6.21465 6.21287 6.21152 6.2106 6.21011 
6.2054 6.20579 6.20663 6.20793 6.20969 6.21189 6.21456 6.21767 6.22123 6.22524 6.22969 6.23457 6.23987 6.2456 6.25173 6.25826 6.26516 6.27243 6.28004 6.28797 6.2962 6.3047 6.31345 6.32241 6.33154 6.34082 6.3502 6.35965 6.36913 6.3786 6.388 6.3973 6.40646 6.41543 6.42416 6.43261 6.44074 6.44851 6.45588 6.4628 6.46925 6.47518 6.48057 6.48538 6.4896 6.49319 6.49614 6.49843 6.50005 6.50098 6.50124 6.50081 6.4997 6.49791 6.49545 6.49235 6.48861 6.48426 6.47932 6.47382 6.46779 6.46126 6.45427 6.44686 6.43907 6.43093 6.42249 6.4138 6.40489 6.39581 6.38661 6.37733 6.36802 6.35871 6.34944 6.34026 6.33121 6.32231 6.31361 6.30514 6.29692 6.28898 6.28135 6.27405 6.26709 6.26051 6.25431 6.24851 6.24311 6.23813 6.23358 6.22946 6.22579 6.22255 6.21976 6.21742 6.21554 6.2141 6.21312 6.2126 
6.20793 6.20833 6.20922 6.21059 6.21244 6.21477 6.21757 6.22086 6.22461 6.22884 6.23353 6.23868 6.24428 6.25031 6.25678 6.26366 6.27094 6.27859 6.28661 6.29497 6.30363 6.31258 6.32179 6.33121 6.34082 6.35058 6.36044 6.37038 6.38034 6.39028 6.40015 6.40992 6.41953 6.42894 6.4381 6.44697 6.4555 6.46364 6.47137 6.47862 6.48538 6.49159 6.49723 6.50228 6.50669 6.51045 6.51353 6.51593 6.51762 6.5186 6.51886 6.51841 6.51724 6.51537 6.51279 6.50953 6.50561 6.50105 6.49587 6.4901 6.48378 6.47693 6.4696 6.46182 6.45364 6.4451 6.43624 6.42711 6.41776 6.40822 6.39856 6.38881 6.37901 6.36922 6.35947 6.34982 6.34029 6.33092 6.32176 6.31283 6.30417 6.29581 6.28776 6.28006 6.27273 6.26578 6.25924 6.25311 6.24741 6.24216 6.23735 6.233 6.22911 6.22569 6.22274 6.22026 6.21826 6.21674 6.2157 6.21514 
6.2105 6.21092 6.21185 6.21329 6.21523 6.21768 6.22064 6.2241 6.22805 6.2325 6.23744 6.24286 6.24875 6.2551 6.2619 6.26914 6.27679 6.28484 6.29327 6.30205 6.31116 6.32056 6.33022 6.34012 6.3502 6.36044 6.37079 6.38121 6.39165 6.40207 6.41242 6.42266 6.43273 6.44258 6.45217 6.46145 6.47038 6.4789 6.48698 6.49457 6.50163 6.50813 6.51403 6.5193 6.52391 6.52783 6.53106 6.53356 6.53532 6.53635 6.53662 6.53614 6.53492 6.53295 6.53026 6.52685 6.52275 6.51797 6.51255 6.50651 6.4999 6.49273 6.48505 6.47691 6.46835 6.4594 6.45012 6.44055 6.43075 6.42076 6.41062 6.40039 6.39012 6.37984 6.36962 6.35948 6.34947 6.33963 6.33001 6.32062 6.31152 6.30272 6.29426 6.28616 6.27844 6.27113 6.26424 6.25778 6.25178 6.24624 6.24117 6.23658 6.23248 6.22887 6.22575 6.22314 6.22103 6.21942 6.21832 6.21772 
6.21311 6.21354 6.21452 6.21602 6.21807 6.22064 6.22374 6.22737 6.23153 6.2362 6.24139 6.24708 6.25326 6.25993 6.26707 6.27467 6.2827 6.29115 6.29999 6.3092 6.31874 6.3286 6.33873 6.34909 6.35965 6.37038 6.38121 6.39212 6.40304 6.41394 6.42477 6.43547 6.44599 6.45629 6.46631 6.476 6.48532 6.49422 6.50265 6.51058 6.51795 6.52473 6.53088 6.53637 6.54118 6.54528 6.54864 6.55124 6.55308 6.55415 6.55443 6.55393 6.55265 6.55059 6.54778 6.54422 6.53994 6.53495 6.52929 6.52299 6.51608 6.50859 6.50057 6.49207 6.48311 6.47376 6.46406 6.45406 6.44381 6.43336 6.42275 6.41205 6.40129 6.39053 6.37982 6.3692 6.35872 6.34841 6.33831 6.32848 6.31892 6.30969 6.30081 6.29231 6.28421 6.27652 6.26928 6.2625 6.25619 6.25036 6.24503 6.2402 6.23589 6.23209 6.22881 6.22605 6.22383 6.22213 6.22097 6.22034 
6.21573 6.21619 6.2172 6.21878 6.22092 6.22362 6.22687 6.23068 6.23503 6.23993 6.24536 6.25133 6.25781 6.26479 6.27227 6.28023 6.28864 6.29748 6.30674 6.31637 6.32636 6.33667 6.34726 6.35809 6.36913 6.38034 6.39165 6.40304 6.41445 6.42583 6.43712 6.44829 6.45926 6.47 6.48045 6.49056 6.50027 6.50954 6.51833 6.52658 6.53425 6.54131 6.54772 6.55344 6.55844 6.5627 6.5662 6.56891 6.57082 6.57193 6.57222 6.57169 6.57036 6.56822 6.56529 6.56158 6.55711 6.55192 6.54602 6.53945 6.53225 6.52445 6.51609 6.50722 6.49789 6.48813 6.47802 6.46758 6.45688 6.44597 6.4349 6.42372 6.41249 6.40125 6.39005 6.37895 6.36799 6.35721 6.34665 6.33635 6.32636 6.31669 6.30739 6.29849 6.29 6.28195 6.27436 6.26724 6.26063 6.25451 6.24892 6.24385 6.23932 6.23533 6.23188 6.22899 6.22665 6.22487 6.22364 6.22298 
6.21837 6.21884 6.2199 6.22155 6.22379 6.22661 6.23001 6.23399 6.23854 6.24367 6.24935 6.25558 6.26236 6.26967 6.27748 6.28579 6.29458 6.30382 6.31348 6.32354 6.33397 6.34473 6.35578 6.36708 6.3786 6.39028 6.40207 6.41394 6.42583 6.43768 6.44944 6.46106 6.47249 6.48366 6.49454 6.50505 6.51515 6.52479 6.53393 6.5425 6.55048 6.55781 6.56447 6.57041 6.57561 6.58003 6.58366 6.58648 6.58846 6.58961 6.58991 6.58936 6.58797 6.58575 6.5827 6.57884 6.5742 6.5688 6.56267 6.55584 6.54835 6.54023 6.53154 6.52231 6.5126 6.50245 6.49191 6.48105 6.46991 6.45854 6.44701 6.43536 6.42365 6.41193 6.40026 6.38868 6.37724 6.36599 6.35497 6.34422 6.33378 6.32369 6.31397 6.30466 6.29579 6.28737 6.27943 6.27199 6.26507 6.25867 6.25281 6.24751 6.24276 6.23858 6.23497 6.23194 6.22948 6.22761 6.22633 6.22562 
6.221 6.22149 6.2226 6.22432 6.22665 6.22959 6.23314 6.2373 6.24205 6.2474 6.25333 6.25983 6.2669 6.27452 6.28267 6.29134 6.3005 6.31013 6.3202 6.33068 6.34154 6.35275 6.36425 6.37602 6.388 6.40015 6.41242 6.42477 6.43712 6.44944 6.46167 6.47374 6.48561 6.49722 6.5085 6.51942 6.5299 6.53991 6.54938 6.55828 6.56655 6.57416 6.58106 6.58722 6.59261 6.59719 6.60095 6.60387 6.60593 6.60711 6.60742 6.60685 6.60541 6.6031 6.59994 6.59594 6.59112 6.58552 6.57915 6.57207 6.56429 6.55587 6.54684 6.53726 6.52718 6.51664 6.5057 6.49441 6.48283 6.47102 6.45902 6.44691 6.43473 6.42255 6.4104 6.39835 6.38644 6.37472 6.36325 6.35205 6.34117 6.33065 6.32052 6.31081 6.30155 6.29277 6.28449 6.27672 6.26949 6.26281 6.2567 6.25115 6.24619 6.24182 6.23805 6.23488 6.23231 6.23035 6.22901 6.22827 
6.22362 6.22413 6.22528 6.22707 6.2295 6.23256 6.23626 6.24058 6.24553 6.2511 6.25728 6.26405 6.27141 6.27934 6.28782 6.29684 6.30637 6.31639 6.32686 6.33776 6.34904 6.36068 6.37264 6.38486 6.3973 6.40992 6.42266 6.43547 6.44829 6.46106 6.47374 6.48626 6.49856 6.51059 6.52229 6.53359 6.54445 6.55482 6.56463 6.57384 6.5824 6.59027 6.59742 6.60379 6.60936 6.61411 6.618 6.62101 6.62314 6.62436 6.62468 6.62409 6.62259 6.6202 6.61693 6.61278 6.6078 6.602 6.59541 6.58807 6.58002 6.57129 6.56194 6.55202 6.54157 6.53064 6.5193 6.5076 6.49559 6.48334 6.4709 6.45833 6.44569 6.43304 6.42042 6.40791 6.39554 6.38336 6.37144 6.35979 6.34848 6.33754 6.327 6.3169 6.30727 6.29813 6.2895 6.28142 6.27389 6.26693 6.26055 6.25478 6.2496 6.24505 6.24111 6.2378 6.23513 6.23308 6.23167 6.2309 
6.22622 6.22675 6.22794 6.2298 6.23232 6.2355 6.23934 6.24384 6.24898 6.25476 6.26118 6.26822 6.27586 6.2841 6.29291 6.30227 6.31216 6.32255 6.33342 6.34473 6.35643 6.3685 6.3809 6.39356 6.40646 6.41953 6.43273 6.44599 6.45926 6.47249 6.48561 6.49856 6.51129 6.52373 6.53583 6.54751 6.55874 6.56945 6.57959 6.58911 6.59795 6.60608 6.61346 6.62004 6.6258 6.63069 6.63471 6.63782 6.64001 6.64128 6.6416 6.64099 6.63945 6.63697 6.63359 6.62931 6.62416 6.61816 6.61136 6.60377 6.59545 6.58643 6.57677 6.5665 6.55569 6.54439 6.53266 6.52055 6.50813 6.49544 6.48257 6.46955 6.45646 6.44335 6.43029 6.41731 6.40449 6.39187 6.3795 6.36742 6.35569 6.34433 6.3334 6.32291 6.3129 6.30341 6.29445 6.28605 6.27822 6.27099 6.26436 6.25835 6.25298 6.24824 6.24414 6.2407 6.23791 6.23578 6.23431 6.23351 
6.22877 6.22932 6.23055 6.23248 6.23509 6.23839 6.24237 6.24704 6.25237 6.25837 6.26502 6.27231 6.28023 6.28877 6.2979 6.30759 6.31784 6.3286 6.33986 6.35156 6.36368 6.37617 6.38899 6.40209 6.41543 6.42894 6.44258 6.45629 6.47 6.48366 6.49722 6.51059 6.52373 6.53657 6.54905 6.56112 6.5727 6.58374 6.5942 6.60401 6.61313 6.62152 6.62912 6.6359 6.64183 6.64688 6.65102 6.65422 6.65648 6.65778 6.65812 6.65748 6.65589 6.65334 6.64985 6.64544 6.64013 6.63394 6.62692 6.6191 6.61051 6.60121 6.59124 6.58065 6.56949 6.55783 6.54572 6.53321 6.52038 6.50728 6.49398 6.48053 6.467 6.45345 6.43994 6.42652 6.41326 6.4002 6.3874 6.3749 6.36275 6.35099 6.33966 6.3288 6.31843 6.30859 6.29931 6.29059 6.28248 6.27498 6.2681 6.26187 6.25629 6.25137 6.24712 6.24354 6.24065 6.23844 6.23691 6.23607 
6.23128 6.23184 6.23311 6.2351 6.23781 6.24122 6.24534 6.25017 6.25568 6.26189 6.26877 6.27631 6.2845 6.29333 6.30277 6.31279 6.32338 6.33451 6.34613 6.35822 6.37074 6.38364 6.39687 6.4104 6.42416 6.4381 6.45217 6.46631 6.48045 6.49454 6.5085 6.52229 6.53583 6.54905 6.56191 6.57433 6.58626 6.59763 6.60839 6.61849 6.62788 6.6365 6.64432 6.6513 6.6574 6.66259 6.66684 6.67014 6.67246 6.6738 6.67414 6.67349 6.67185 6.66922 6.66563 6.66109 6.65563 6.64926 6.64204 6.63398 6.62515 6.61557 6.6053 6.59439 6.5829 6.57089 6.55841 6.54552 6.5323 6.5188 6.50508 6.49121 6.47725 6.46328 6.44933 6.43549 6.4218 6.40832 6.39509 6.38219 6.36963 6.35748 6.34578 6.33455 6.32383 6.31365 6.30405 6.29503 6.28664 6.27887 6.27176 6.26531 6.25953 6.25443 6.25003 6.24633 6.24333 6.24104 6.23945 6.23858 
6.23371 6.23429 6.23561 6.23766 6.24045 6.24398 6.24823 6.25321 6.25891 6.26531 6.27241 6.2802 6.28865 6.29776 6.3075 6.31784 6.32876 6.34023 6.35222 6.36468 6.37758 6.39087 6.40451 6.41844 6.43261 6.44697 6.46145 6.476 6.49056 6.50505 6.51942 6.53359 6.54751 6.56112 6.57433 6.5871 6.59935 6.61104 6.62209 6.63247 6.64211 6.65096 6.659 6.66616 6.67242 6.67775 6.68212 6.6855 6.68788 6.68925 6.6896 6.68893 6.68725 6.68455 6.68086 6.6762 6.67059 6.66405 6.65663 6.64835 6.63927 6.62943 6.61888 6.60767 6.59586 6.58351 6.57067 6.55742 6.54382 6.52993 6.51581 6.50154 6.48717 6.47278 6.45843 6.44417 6.43006 6.41617 6.40255 6.38924 6.3763 6.36378 6.3517 6.34012 6.32906 6.31856 6.30865 6.29934 6.29068 6.28266 6.27531 6.26865 6.26268 6.25742 6.25287 6.24904 6.24594 6.24357 6.24193 6.24103 
6.23607 6.23666 6.23802 6.24013 6.24301 6.24664 6.25102 6.25615 6.26202 6.26862 6.27593 6.28395 6.29266 6.30203 6.31206 6.32271 6.33395 6.34575 6.35808 6.3709 6.38417 6.39784 6.41186 6.42618 6.44074 6.4555 6.47038 6.48532 6.50027 6.51515 6.5299 6.54445 6.55874 6.5727 6.58626 6.59935 6.61192 6.6239 6.63524 6.64588 6.65576 6.66484 6.67307 6.68041 6.68683 6.69229 6.69676 6.70023 6.70267 6.70407 6.70443 6.70374 6.70201 6.69925 6.69547 6.69069 6.68493 6.67823 6.67062 6.66214 6.65283 6.64273 6.63191 6.62041 6.60829 6.59562 6.58245 6.56885 6.55488 6.54062 6.52612 6.51147 6.49671 6.48192 6.46717 6.45251 6.43802 6.42373 6.40972 6.39604 6.38273 6.36983 6.35741 6.34549 6.3341 6.32329 6.31308 6.3035 6.29457 6.28631 6.27874 6.27187 6.26572 6.26029 6.2556 6.25166 6.24846 6.24601 6.24432 6.24339 
6.23833 6.23894 6.24033 6.24251 6.24546 6.24919 6.2537 6.25897 6.26501 6.27179 6.27931 6.28755 6.29649 6.30613 6.31643 6.32736 6.33891 6.35103 6.36369 6.37685 6.39047 6.4045 6.41888 6.43357 6.44851 6.46364 6.4789 6.49422 6.50954 6.52479 6.53991 6.55482 6.56945 6.58374 6.59763 6.61104 6.6239 6.63617 6.64777 6.65866 6.66877 6.67806 6.68648 6.69399 6.70056 6.70614 6.71071 6.71426 6.71675 6.71819 6.71855 6.71785 6.71608 6.71325 6.70938 6.70449 6.6986 6.69175 6.68396 6.67528 6.66574 6.65541 6.64433 6.63256 6.62015 6.60717 6.59368 6.57975 6.56544 6.55082 6.53597 6.52094 6.50581 6.49065 6.47552 6.46049 6.44561 6.43096 6.41658 6.40253 6.38887 6.37563 6.36287 6.35062 6.33893 6.32782 6.31733 6.30748 6.2983 6.28981 6.28203 6.27496 6.26864 6.26306 6.25823 6.25417 6.25088 6.24836 6.24662 6.24566 
6.24049 6.24111 6.24254 6.24477 6.2478 6.25163 6.25625 6.26166 6.26785 6.2748 6.28252 6.29097 6.30014 6.31002 6.32058 6.33179 6.34362 6.35605 6.36902 6.3825 6.39645 6.41081 6.42555 6.44059 6.45588 6.47137 6.48698 6.50265 6.51833 6.53393 6.54938 6.56463 6.57959 6.5942 6.60839 6.62209 6.63524 6.64777 6.65963 6.67074 6.68107 6.69056 6.69916 6.70683 6.71353 6.71923 6.7239 6.72752 6.73007 6.73153 6.7319 6.73118 6.72938 6.72649 6.72254 6.71754 6.71153 6.70452 6.69657 6.6877 6.67796 6.66741 6.65608 6.64405 6.63137 6.6181 6.60431 6.59007 6.57543 6.56048 6.54529 6.52992 6.51444 6.49892 6.48343 6.46804 6.45282 6.43781 6.42308 6.40869 6.39469 6.38113 6.36805 6.3555 6.34351 6.33212 6.32137 6.31127 6.30185 6.29314 6.28515 6.27791 6.27141 6.26569 6.26073 6.25656 6.25318 6.2506 6.24881 6.24783 
6.24252 6.24316 6.24462 6.24691 6.25001 6.25393 6.25866 6.2642 6.27053 6.27765 6.28554 6.29419 6.30358 6.31369 6.32449 6.33596 6.34806 6.36077 6.37403 6.38782 6.40207 6.41676 6.43181 6.44718 6.4628 6.47862 6.49457 6.51058 6.52658 6.5425 6.55828 6.57384 6.58911 6.60401 6.61849 6.63247 6.64588 6.65866 6.67074 6.68208 6.69261 6.70228 6.71105 6.71887 6.7257 6.73151 6.73627 6.73995 6.74255 6.74404 6.74442 6.74368 6.74184 6.7389 6.73487 6.72978 6.72365 6.71651 6.70839 6.69935 6.68942 6.67866 6.66711 6.65483 6.6419 6.62836 6.61429 6.59975 6.58482 6.56956 6.55404 6.53834 6.52254 6.50669 6.49087 6.47515 6.45959 6.44425 6.4292 6.41449 6.40017 6.3863 6.37293 6.36009 6.34783 6.33618 6.32517 6.31483 6.30519 6.29628 6.2881 6.28068 6.27403 6.26817 6.26309 6.25882 6.25536 6.25271 6.25088 6.24987 
6.24443 6.24508 6.24657 6.24891 6.25208 6.25608 6.26091 6.26657 6.27304 6.28031 6.28837 6.29721 6.30679 6.31711 6.32814 6.33985 6.3522 6.36517 6.3787 6.39277 6.40732 6.42229 6.43765 6.45332 6.46925 6.48538 6.50163 6.51795 6.53425 6.55048 6.56655 6.5824 6.59795 6.61313 6.62788 6.64211 6.65576 6.66877 6.68107 6.69261 6.70333 6.71317 6.72209 6.73004 6.73699 6.7429 6.74775 6.7515 6.75414 6.75565 6.75604 6.75529 6.75341 6.75042 6.74632 6.74114 6.7349 6.72763 6.71938 6.71017 6.70006 6.6891 6.67735 6.66485 6.65168 6.63789 6.62356 6.60875 6.59354 6.57799 6.56218 6.54618 6.53007 6.51392 6.49779 6.48176 6.46589 6.45025 6.43489 6.41988 6.40528 6.39113 6.37748 6.36437 6.35185 6.33995 6.32871 6.31816 6.30832 6.29921 6.29085 6.28327 6.27648 6.27049 6.2653 6.26094 6.2574 6.25469 6.25282 6.25179 
6.2462 6.24686 6.24838 6.25076 6.25399 6.25807 6.263 6.26876 6.27536 6.28277 6.29099 6.29999 6.30976 6.32027 6.33151 6.34344 6.35602 6.36923 6.38301 6.39733 6.41214 6.42739 6.44302 6.45897 6.47518 6.49159 6.50813 6.52473 6.54131 6.55781 6.57416 6.59027 6.60608 6.62152 6.6365 6.65096 6.66484 6.67806 6.69056 6.70228 6.71317 6.72317 6.73223 6.74031 6.74737 6.75337 6.75829 6.76209 6.76477 6.76631 6.7667 6.76595 6.76404 6.761 6.75683 6.75157 6.74523 6.73785 6.72946 6.72011 6.70984 6.6987 6.68676 6.67406 6.66067 6.64665 6.63208 6.61703 6.60156 6.58574 6.56967 6.55339 6.537 6.52057 6.50416 6.48784 6.47169 6.45577 6.44014 6.42486 6.40998 6.39557 6.38167 6.36832 6.35556 6.34344 6.33199 6.32123 6.3112 6.30191 6.2934 6.28567 6.27874 6.27263 6.26734 6.26289 6.25928 6.25652 6.25461 6.25356 
6.24781 6.24848 6.25003 6.25245 6.25573 6.25989 6.2649 6.27076 6.27747 6.28501 6.29337 6.30252 6.31246 6.32315 6.33458 6.3467 6.35949 6.37292 6.38693 6.40148 6.41653 6.43202 6.4479 6.4641 6.48057 6.49723 6.51403 6.53088 6.54772 6.56447 6.58106 6.59742 6.61346 6.62912 6.64432 6.659 6.67307 6.68648 6.69916 6.71105 6.72209 6.73223 6.74142 6.74961 6.75676 6.76285 6.76783 6.7717 6.77441 6.77597 6.77637 6.7756 6.77367 6.77058 6.76636 6.76102 6.75459 6.74711 6.7386 6.72912 6.7187 6.7074 6.69528 6.6824 6.66882 6.6546 6.63981 6.62453 6.60883 6.59278 6.57646 6.55994 6.5433 6.5266 6.50994 6.49337 6.47696 6.46078 6.4449 6.42937 6.41426 6.39961 6.38547 6.3719 6.35894 6.34661 6.33496 6.32402 6.31382 6.30438 6.29571 6.28785 6.2808 6.27459 6.26921 6.26468 6.261 6.25819 6.25625 6.25517 
6.24926 6.24994 6.25151 6.25396 6.2573 6.26152 6.26661 6.27256 6.27937 6.28702 6.2955 6.30479 6.31488 6.32573 6.33732 6.34962 6.3626 6.37622 6.39043 6.40519 6.42046 6.43616 6.45226 6.46869 6.48538 6.50228 6.5193 6.53637 6.55344 6.57041 6.58722 6.60379 6.62004 6.6359 6.6513 6.66616 6.68041 6.69399 6.70683 6.71887 6.73004 6.74031 6.74961 6.7579 6.76514 6.7713 6.77635 6.78026 6.78301 6.78458 6.78499 6.78421 6.78225 6.77913 6.77485 6.76945 6.76294 6.75536 6.74675 6.73715 6.7266 6.71516 6.70289 6.68984 6.67608 6.66168 6.64671 6.63123 6.61532 6.59906 6.58252 6.56578 6.54891 6.53199 6.5151 6.4983 6.48166 6.46526 6.44916 6.43341 6.41808 6.40322 6.38888 6.37511 6.36196 6.34945 6.33763 6.32653 6.31617 6.30659 6.29779 6.28981 6.28266 6.27634 6.27088 6.26628 6.26255 6.25969 6.25772 6.25663 
6.25054 6.25123 6.25282 6.2553 6.25868 6.26295 6.26811 6.27414 6.28104 6.28879 6.29738 6.30679 6.317 6.32799 6.33973 6.35219 6.36533 6.37911 6.3935 6.40844 6.42389 6.43979 6.45608 6.47271 6.4896 6.50669 6.52391 6.54118 6.55844 6.57561 6.59261 6.60936 6.6258 6.64183 6.6574 6.67242 6.68683 6.70056 6.71353 6.7257 6.73699 6.74737 6.75676 6.76514 6.77246 6.77869 6.78378 6.78773 6.79051 6.79211 6.79251 6.79172 6.78975 6.78659 6.78227 6.77681 6.77023 6.76257 6.75387 6.74416 6.7335 6.72194 6.70954 6.69635 6.68244 6.66788 6.65273 6.63708 6.62099 6.60455 6.58782 6.57089 6.55382 6.53671 6.51962 6.50262 6.48578 6.46918 6.45288 6.43695 6.42143 6.40638 6.39187 6.37793 6.36461 6.35194 6.33997 6.32873 6.31824 6.30853 6.29962 6.29153 6.28428 6.27789 6.27235 6.26769 6.26391 6.26102 6.25902 6.25791 
6.25163 6.25233 6.25394 6.25645 6.25987 6.26419 6.2694 6.2755 6.28247 6.2903 6.29899 6.3085 6.31882 6.32993 6.34179 6.35438 6.36766 6.38159 6.39612 6.41122 6.42683 6.44289 6.45934 6.47613 6.49319 6.51045 6.52783 6.54528 6.5627 6.58003 6.59719 6.61411 6.63069 6.64688 6.66259 6.67775 6.69229 6.70614 6.71923 6.73151 6.7429 6.75337 6.76285 6.7713 6.77869 6.78496 6.79011 6.79409 6.79689 6.7985 6.79891 6.79811 6.79612 6.79294 6.78858 6.78307 6.77643 6.76871 6.75992 6.75013 6.73937 6.72771 6.71519 6.70188 6.68784 6.67314 6.65786 6.64206 6.62582 6.60922 6.59233 6.57523 6.55801 6.54072 6.52346 6.5063 6.48929 6.47253 6.45606 6.43996 6.42428 6.40908 6.39442 6.38033 6.36687 6.35407 6.34197 6.3306 6.32 6.31019 6.30118 6.29301 6.28568 6.27921 6.27362 6.2689 6.26508 6.26215 6.26013 6.25901 
6.25255 6.25325 6.25487 6.25741 6.26085 6.26521 6.27047 6.27662 6.28365 6.29156 6.30032 6.30991 6.32032 6.33153 6.34349 6.35619 6.36958 6.38362 6.39828 6.4135 6.42924 6.44543 6.46202 6.47894 6.49614 6.51353 6.53106 6.54864 6.5662 6.58366 6.60095 6.618 6.63471 6.65102 6.66684 6.68212 6.69676 6.71071 6.7239 6.73627 6.74775 6.75829 6.76783 6.77635 6.78378 6.79011 6.79529 6.7993 6.80212 6.80374 6.80415 6.80335 6.80134 6.79813 6.79374 6.78819 6.78151 6.77373 6.76488 6.75502 6.74418 6.73243 6.71982 6.70641 6.69227 6.67746 6.66206 6.64614 6.62978 6.61305 6.59603 6.5788 6.56144 6.54402 6.52662 6.50931 6.49218 6.47527 6.45867 6.44244 6.42663 6.4113 6.39651 6.38231 6.36873 6.35582 6.34362 6.33215 6.32146 6.31156 6.30247 6.29423 6.28683 6.28031 6.27466 6.26991 6.26605 6.2631 6.26105 6.25993 
6.25326 6.25397 6.2556 6.25816 6.26163 6.26602 6.27131 6.2775 6.28458 6.29254 6.30136 6.31102 6.3215 6.33277 6.34482 6.3576 6.37107 6.38521 6.39996 6.41528 6.43111 6.44741 6.4641 6.48113 6.49843 6.51593 6.53356 6.55124 6.56891 6.58648 6.60387 6.62101 6.63782 6.65422 6.67014 6.6855 6.70023 6.71426 6.72752 6.73995 6.7515 6.76209 6.7717 6.78026 6.78773 6.79409 6.7993 6.80333 6.80617 6.8078 6.80821 6.8074 6.80538 6.80216 6.79774 6.79216 6.78544 6.77762 6.76872 6.7588 6.74791 6.73609 6.72341 6.70992 6.6957 6.68081 6.66532 6.6493 6.63285 6.61602 6.5989 6.58157 6.5641 6.54657 6.52907 6.51166 6.49441 6.4774 6.4607 6.44436 6.42846 6.41303 6.39815 6.38385 6.37018 6.35719 6.34491 6.33337 6.3226 6.31263 6.30349 6.29518 6.28774 6.28117 6.27548 6.2707 6.26681 6.26384 6.26178 6.26065 
6.25379 6.2545 6.25614 6.2587 6.26219 6.2666 6.27192 6.27814 6.28525 6.29325 6.30211 6.31181 6.32234 6.33367 6.34576 6.3586 6.37214 6.38634 6.40115 6.41654 6.43244 6.44881 6.46557 6.48267 6.50005 6.51762 6.53532 6.55308 6.57082 6.58846 6.60593 6.62314 6.64001 6.65648 6.67246 6.68788 6.70267 6.71675 6.73007 6.74255 6.75414 6.76477 6.77441 6.78301 6.79051 6.79689 6.80212 6.80617 6.80901 6.81065 6.81106 6.81025 6.80823 6.80499 6.80056 6.79496 6.78821 6.78035 6.77142 6.76147 6.75053 6.73866 6.72593 6.71239 6.69811 6.68316 6.66761 6.65153 6.63501 6.61811 6.60092 6.58351 6.56597 6.54838 6.5308 6.51331 6.49599 6.47891 6.46214 6.44573 6.42975 6.41426 6.39931 6.38494 6.37122 6.35816 6.34582 6.33423 6.32342 6.3134 6.30421 6.29587 6.28839 6.28179 6.27608 6.27127 6.26737 6.26438 6.26231 6.26117 
6.25411 6.25482 6.25647 6.25904 6.26254 6.26696 6.27229 6.27853 6.28566 6.29368 6.30256 6.31229 6.32284 6.3342 6.34633 6.35919 6.37277 6.387 6.40185 6.41728 6.43322 6.44962 6.46643 6.48357 6.50098 6.5186 6.53635 6.55415 6.57193 6.58961 6.60711 6.62436 6.64128 6.65778 6.6738 6.68925 6.70407 6.71819 6.73153 6.74404 6.75565 6.76631 6.77597 6.78458 6.79211 6.7985 6.80374 6.8078 6.81065 6.81229 6.8127 6.81189 6.80986 6.80661 6.80217 6.79656 6.7898 6.78192 6.77297 6.76299 6.75203 6.74014 6.72738 6.71381 6.6995 6.68451 6.66892 6.65281 6.63625 6.61931 6.60208 6.58464 6.56706 6.54942 6.5318 6.51427 6.49691 6.47979 6.46297 6.44652 6.43051 6.41498 6.39999 6.38559 6.37183 6.35874 6.34637 6.33475 6.3239 6.31386 6.30465 6.29629 6.28879 6.28217 6.27644 6.27162 6.26771 6.26471 6.26264 6.26149 
