2.84575 2.84599 2.84623 2.84647 2.84671 2.84696 2.8472 2.84744 2.84769 2.84793 2.84818 2.84843 2.84869 2.84896 2.84924 2.84953 2.84984 2.85017 2.85053 2.85091 2.85132 2.85176 2.85224 2.85275 2.8533 2.85389 2.85452 2.85519 2.85589 2.85663 2.85741 2.85821 2.85903 2.85988 2.86073 2.86159 2.86245 2.8633 2.86414 2.86495 2.86572 2.86646 2.86714 2.86777 2.86833 2.86882 2.86924 2.86958 2.86983 2.86999 2.87006 2.87004 2.86994 2.86974 2.86946 2.86909 2.86865 2.86813 2.86755 2.86691 2.86622 2.86548 2.8647 2.8639 2.86308 2.86224 2.8614 2.86057 2.85974 2.85893 2.85815 2.85739 2.85666 2.85598 2.85533 2.85472 2.85416 2.85365 2.85319 2.85277 2.8524 2.85208 2.85181 2.85158 2.8514 2.85126 2.85116 2.8511 2.85108 2.85109 2.85113 2.85121 2.85131 2.85144 2.85159 2.85175 2.85194 2.85214 2.85235 2.85257 
2.84599 2.84622 2.84646 2.8467 2.84695 2.84719 2.84743 2.84768 2.84792 2.84817 2.84841 2.84867 2.84893 2.84919 2.84947 2.84977 2.85008 2.85041 2.85077 2.85115 2.85156 2.85201 2.85249 2.85301 2.85357 2.85417 2.85481 2.85549 2.8562 2.85696 2.85774 2.85856 2.8594 2.86026 2.86113 2.862 2.86288 2.86375 2.8646 2.86542 2.86621 2.86696 2.86766 2.8683 2.86887 2.86937 2.8698 2.87014 2.87039 2.87056 2.87063 2.87061 2.8705 2.8703 2.87001 2.86964 2.86919 2.86866 2.86807 2.86742 2.86671 2.86596 2.86517 2.86435 2.86351 2.86266 2.86181 2.86095 2.86011 2.85929 2.85849 2.85772 2.85698 2.85628 2.85562 2.85501 2.85444 2.85392 2.85345 2.85303 2.85266 2.85233 2.85206 2.85183 2.85164 2.8515 2.8514 2.85134 2.85131 2.85133 2.85137 2.85144 2.85154 2.85167 2.85182 2.85199 2.85217 2.85237 2.85258 2.85281 
2.84623 2.84646 2.8467 2.84694 2.84719 2.84743 2.84768 2.84792 2.84817 2.84842 2.84867 2.84893 2.84919 2.84947 2.84976 2.85006 2.85039 2.85073 2.85111 2.85151 2.85194 2.85241 2.85292 2.85347 2.85406 2.85469 2.85537 2.85609 2.85684 2.85764 2.85847 2.85933 2.86022 2.86113 2.86205 2.86298 2.86391 2.86483 2.86572 2.8666 2.86743 2.86822 2.86896 2.86963 2.87024 2.87077 2.87121 2.87157 2.87184 2.87202 2.87209 2.87207 2.87195 2.87174 2.87143 2.87104 2.87056 2.87 2.86938 2.86868 2.86793 2.86714 2.8663 2.86544 2.86455 2.86365 2.86274 2.86184 2.86095 2.86008 2.85923 2.85842 2.85764 2.8569 2.8562 2.85555 2.85495 2.8544 2.8539 2.85345 2.85305 2.8527 2.85241 2.85216 2.85196 2.8518 2.85169 2.85162 2.85159 2.85159 2.85163 2.8517 2.8518 2.85192 2.85207 2.85223 2.85241 2.85261 2.85282 2.85304 
2.84647 2.8467 2.84694 2.84719 2.84743 2.84768 2.84793 2.84818 2.84843 2.84869 2.84895 2.84922 2.8495 2.84979 2.85009 2.85042 2.85077 2.85114 2.85154 2.85198 2.85245 2.85297 2.85352 2.85412 2.85477 2.85546 2.85621 2.85699 2.85782 2.8587 2.85961 2.86055 2.86153 2.86252 2.86353 2.86454 2.86556 2.86656 2.86754 2.86849 2.8694 2.87026 2.87107 2.8718 2.87246 2.87304 2.87352 2.87391 2.8742 2.87439 2.87447 2.87444 2.87431 2.87408 2.87374 2.87331 2.87278 2.87217 2.87149 2.87073 2.86991 2.86904 2.86813 2.86718 2.86621 2.86522 2.86423 2.86325 2.86227 2.86132 2.86039 2.85949 2.85864 2.85782 2.85706 2.85634 2.85568 2.85507 2.85452 2.85403 2.85358 2.8532 2.85287 2.85259 2.85236 2.85218 2.85204 2.85195 2.85191 2.8519 2.85192 2.85198 2.85207 2.85218 2.85232 2.85248 2.85266 2.85286 2.85307 2.85329 
2.84671 2.84695 2.84719 2.84743 2.84768 2.84793 2.84819 2.84844 2.84871 2.84897 2.84925 2.84954 2.84983 2.85015 2.85048 2.85084 2.85122 2.85164 2.85209 2.85257 2.85311 2.85368 2.85431 2.85499 2.85571 2.8565 2.85733 2.85822 2.85916 2.86014 2.86117 2.86223 2.86333 2.86445 2.86558 2.86672 2.86786 2.86898 2.87008 2.87114 2.87216 2.87312 2.87402 2.87484 2.87557 2.87621 2.87675 2.87718 2.8775 2.87771 2.87779 2.87776 2.87761 2.87735 2.87697 2.87648 2.87589 2.87521 2.87444 2.87359 2.87267 2.87169 2.87067 2.86961 2.86852 2.86741 2.8663 2.86519 2.86409 2.86302 2.86197 2.86097 2.86 2.85908 2.85822 2.85741 2.85666 2.85597 2.85534 2.85477 2.85427 2.85382 2.85344 2.85311 2.85284 2.85262 2.85246 2.85234 2.85226 2.85223 2.85224 2.85228 2.85236 2.85246 2.85259 2.85274 2.85292 2.85311 2.85331 2.85353 
2.84696 2.84719 2.84743 2.84768 2.84793 2.84819 2.84845 2.84872 2.849 2.84928 2.84958 2.84988 2.85021 2.85056 2.85093 2.85132 2.85176 2.85223 2.85274 2.8533 2.85391 2.85457 2.85529 2.85607 2.85691 2.85781 2.85877 2.85979 2.86087 2.862 2.86318 2.8644 2.86566 2.86694 2.86824 2.86954 2.87084 2.87212 2.87337 2.87458 2.87574 2.87684 2.87785 2.87878 2.87962 2.88034 2.88095 2.88144 2.8818 2.88203 2.88212 2.88208 2.88191 2.8816 2.88117 2.88061 2.87994 2.87916 2.87827 2.8773 2.87626 2.87514 2.87397 2.87276 2.87151 2.87024 2.86897 2.8677 2.86645 2.86522 2.86402 2.86286 2.86175 2.86069 2.8597 2.85876 2.85789 2.85709 2.85636 2.8557 2.85511 2.85459 2.85413 2.85374 2.85341 2.85315 2.85293 2.85278 2.85267 2.85261 2.85259 2.85261 2.85266 2.85275 2.85287 2.85301 2.85318 2.85336 2.85356 2.85378 
2.8472 2.84743 2.84768 2.84793 2.84819 2.84845 2.84873 2.84901 2.8493 2.84961 2.84993 2.85027 2.85063 2.85101 2.85143 2.85189 2.85238 2.85292 2.85352 2.85416 2.85487 2.85564 2.85648 2.85739 2.85837 2.85943 2.86055 2.86174 2.863 2.86431 2.86569 2.8671 2.86856 2.87004 2.87155 2.87305 2.87455 2.87603 2.87748 2.87887 2.88021 2.88146 2.88263 2.8837 2.88465 2.88548 2.88618 2.88673 2.88714 2.8874 2.8875 2.88745 2.88725 2.88689 2.88639 2.88575 2.88497 2.88406 2.88305 2.88193 2.88072 2.87943 2.87808 2.87667 2.87523 2.87377 2.87229 2.87082 2.86937 2.86794 2.86655 2.8652 2.86391 2.86268 2.86151 2.86042 2.8594 2.85847 2.85761 2.85683 2.85612 2.8555 2.85496 2.85448 2.85408 2.85375 2.85348 2.85327 2.85312 2.85302 2.85297 2.85296 2.85299 2.85306 2.85316 2.85329 2.85344 2.85362 2.85381 2.85402 
2.84744 2.84768 2.84792 2.84818 2.84844 2.84872 2.84901 2.84931 2.84962 2.84995 2.85031 2.85068 2.85109 2.85153 2.85201 2.85253 2.8531 2.85373 2.85443 2.85519 2.85602 2.85692 2.85791 2.85898 2.86014 2.86137 2.86269 2.86409 2.86556 2.86711 2.86871 2.87037 2.87207 2.87381 2.87556 2.87731 2.87906 2.88077 2.88245 2.88407 2.88561 2.88706 2.88841 2.88964 2.89074 2.8917 2.8925 2.89314 2.8936 2.8939 2.89401 2.89395 2.89371 2.89329 2.8927 2.89195 2.89105 2.89 2.88882 2.88752 2.88611 2.88461 2.88304 2.88141 2.87973 2.87803 2.87631 2.8746 2.8729 2.87123 2.8696 2.86803 2.86651 2.86507 2.8637 2.86242 2.86122 2.86011 2.85909 2.85816 2.85733 2.85658 2.85592 2.85535 2.85485 2.85444 2.8541 2.85383 2.85362 2.85347 2.85338 2.85334 2.85334 2.85338 2.85346 2.85357 2.85371 2.85388 2.85406 2.85427 
2.84769 2.84792 2.84817 2.84843 2.84871 2.849 2.8493 2.84962 2.84996 2.85033 2.85072 2.85114 2.8516 2.85211 2.85266 2.85327 2.85394 2.85467 2.85549 2.85638 2.85736 2.85843 2.8596 2.86086 2.86222 2.86368 2.86524 2.86688 2.86862 2.87043 2.87232 2.87426 2.87625 2.87828 2.88032 2.88237 2.8844 2.8864 2.88835 2.89023 2.89202 2.89371 2.89527 2.89669 2.89796 2.89906 2.89998 2.90072 2.90125 2.90159 2.90171 2.90163 2.90135 2.90086 2.90017 2.8993 2.89825 2.89703 2.89565 2.89414 2.8925 2.89076 2.88893 2.88703 2.88507 2.88308 2.88108 2.87908 2.87709 2.87514 2.87323 2.87138 2.8696 2.8679 2.86629 2.86477 2.86336 2.86204 2.86083 2.85973 2.85873 2.85784 2.85704 2.85635 2.85574 2.85523 2.8548 2.85445 2.85418 2.85397 2.85383 2.85374 2.85371 2.85372 2.85378 2.85387 2.85399 2.85414 2.85432 2.85452 
2.84793 2.84817 2.84842 2.84869 2.84897 2.84928 2.84961 2.84995 2.85033 2.85073 2.85117 2.85165 2.85218 2.85276 2.8534 2.85411 2.85489 2.85576 2.85672 2.85777 2.85893 2.86019 2.86157 2.86306 2.86467 2.86639 2.86822 2.87016 2.8722 2.87433 2.87654 2.87882 2.88115 2.88352 2.8859 2.88829 2.89066 2.89298 2.89525 2.89743 2.8995 2.90146 2.90326 2.90491 2.90637 2.90765 2.90871 2.90955 2.91016 2.91054 2.91069 2.91059 2.91025 2.90968 2.90888 2.90786 2.90664 2.90522 2.90362 2.90186 2.89996 2.89793 2.8958 2.89359 2.89131 2.88899 2.88665 2.88431 2.88199 2.8797 2.87747 2.8753 2.87321 2.87121 2.86932 2.86753 2.86585 2.8643 2.86286 2.86155 2.86036 2.85929 2.85833 2.85749 2.85676 2.85613 2.8556 2.85516 2.85481 2.85453 2.85433 2.85419 2.85411 2.85408 2.85411 2.85417 2.85428 2.85441 2.85458 2.85477 
2.84818 2.84841 2.84867 2.84895 2.84925 2.84958 2.84993 2.85031 2.85072 2.85117 2.85167 2.85221 2.85282 2.85349 2.85424 2.85506 2.85598 2.857 2.85813 2.85937 2.86074 2.86223 2.86386 2.86561 2.86751 2.86953 2.87169 2.87396 2.87635 2.87885 2.88144 2.8841 2.88682 2.88958 2.89236 2.89514 2.89789 2.90058 2.90321 2.90573 2.90814 2.91039 2.91248 2.91437 2.91606 2.91752 2.91874 2.91971 2.92041 2.92084 2.921 2.92088 2.92049 2.91982 2.91889 2.91771 2.91629 2.91465 2.9128 2.91076 2.90855 2.9062 2.90372 2.90115 2.8985 2.89581 2.89308 2.89036 2.88765 2.88498 2.88237 2.87983 2.87739 2.87504 2.87282 2.87071 2.86874 2.86691 2.86521 2.86365 2.86224 2.86096 2.85982 2.85881 2.85792 2.85715 2.8565 2.85595 2.8555 2.85515 2.85487 2.85467 2.85454 2.85447 2.85446 2.85449 2.85457 2.85469 2.85484 2.85502 
2.84843 2.84867 2.84893 2.84922 2.84954 2.84988 2.85027 2.85068 2.85114 2.85165 2.85221 2.85284 2.85354 2.85432 2.85518 2.85615 2.85723 2.85843 2.85975 2.86121 2.86282 2.86458 2.86649 2.86855 2.87077 2.87315 2.87567 2.87834 2.88113 2.88404 2.88706 2.89016 2.89332 2.89653 2.89975 2.90297 2.90615 2.90927 2.9123 2.91522 2.91798 2.92058 2.92298 2.92516 2.92709 2.92877 2.93016 2.93127 2.93207 2.93256 2.93273 2.93259 2.93213 2.93136 2.93028 2.92892 2.92728 2.92538 2.92324 2.92089 2.91834 2.91562 2.91276 2.90978 2.90672 2.9036 2.90044 2.89728 2.89413 2.89102 2.88798 2.88503 2.88217 2.87944 2.87683 2.87437 2.87205 2.86989 2.8679 2.86606 2.86438 2.86287 2.86151 2.8603 2.85924 2.85831 2.85752 2.85684 2.85628 2.85583 2.85547 2.8552 2.85501 2.85489 2.85483 2.85483 2.85488 2.85497 2.85511 2.85528 
2.84869 2.84893 2.84919 2.8495 2.84983 2.85021 2.85063 2.85109 2.8516 2.85218 2.85282 2.85354 2.85434 2.85524 2.85626 2.85739 2.85865 2.86005 2.8616 2.86332 2.8652 2.86726 2.8695 2.87191 2.87451 2.87728 2.88023 2.88333 2.88658 2.88997 2.89346 2.89706 2.90072 2.90443 2.90815 2.91186 2.91552 2.91911 2.92259 2.92594 2.92911 2.93208 2.93483 2.93732 2.93953 2.94144 2.94303 2.94429 2.9452 2.94575 2.94594 2.94577 2.94524 2.94435 2.94311 2.94155 2.93966 2.93748 2.93503 2.93232 2.92939 2.92627 2.92297 2.91955 2.91602 2.91242 2.90877 2.90512 2.90148 2.89789 2.89436 2.89093 2.88762 2.88443 2.8814 2.87852 2.87582 2.8733 2.87095 2.8688 2.86683 2.86504 2.86343 2.862 2.86073 2.85962 2.85866 2.85784 2.85715 2.85659 2.85613 2.85578 2.85551 2.85533 2.85523 2.85518 2.8552 2.85527 2.85539 2.85555 
2.84896 2.84919 2.84947 2.84979 2.85015 2.85056 2.85101 2.85153 2.85211 2.85276 2.85349 2.85432 2.85524 2.85629 2.85746 2.85878 2.86025 2.86189 2.8637 2.86571 2.86791 2.87031 2.87291 2.87573 2.87875 2.88197 2.88539 2.88898 2.89275 2.89666 2.9007 2.90484 2.90906 2.91332 2.91759 2.92185 2.92605 2.93016 2.93414 2.93795 2.94157 2.94496 2.94809 2.95092 2.95344 2.9556 2.95741 2.95883 2.95986 2.96048 2.96069 2.96049 2.95987 2.95885 2.95744 2.95565 2.9535 2.95101 2.9482 2.94511 2.94176 2.93819 2.93442 2.9305 2.92645 2.92232 2.91814 2.91394 2.90975 2.90561 2.90155 2.89759 2.89376 2.89008 2.88656 2.88323 2.88008 2.87715 2.87442 2.8719 2.86959 2.86749 2.8656 2.86391 2.86241 2.86109 2.85994 2.85896 2.85812 2.85743 2.85686 2.85641 2.85607 2.85582 2.85565 2.85556 2.85554 2.85558 2.85568 2.85582 
2.84924 2.84947 2.84976 2.85009 2.85048 2.85093 2.85143 2.85201 2.85266 2.8534 2.85424 2.85518 2.85626 2.85746 2.85883 2.86036 2.86207 2.86397 2.86608 2.86841 2.87096 2.87375 2.87677 2.88003 2.88353 2.88725 2.8912 2.89534 2.89968 2.90417 2.90881 2.91356 2.91839 2.92326 2.92815 2.933 2.93778 2.94246 2.94698 2.95132 2.95542 2.95926 2.9628 2.96601 2.96885 2.9713 2.97333 2.97494 2.97609 2.97678 2.97701 2.97677 2.97607 2.97491 2.97331 2.97128 2.96883 2.96601 2.96282 2.95931 2.9555 2.95144 2.94715 2.94268 2.93807 2.93336 2.92858 2.92378 2.91899 2.91425 2.90959 2.90505 2.90064 2.8964 2.89235 2.8885 2.88487 2.88147 2.87831 2.87538 2.8727 2.87025 2.86804 2.86606 2.86429 2.86274 2.86138 2.86021 2.85921 2.85837 2.85767 2.85711 2.85667 2.85634 2.85611 2.85597 2.85591 2.85591 2.85598 2.85611 
2.84953 2.84977 2.85006 2.85042 2.85084 2.85132 2.85189 2.85253 2.85327 2.85411 2.85506 2.85615 2.85739 2.85878 2.86036 2.86212 2.8641 2.86631 2.86875 2.87144 2.8744 2.87762 2.88111 2.88486 2.88889 2.89317 2.89769 2.90244 2.90741 2.91255 2.91784 2.92326 2.92875 2.9343 2.93984 2.94534 2.95076 2.95605 2.96117 2.96606 2.97069 2.97502 2.97901 2.98261 2.9858 2.98855 2.99083 2.99263 2.99392 2.99469 2.99494 2.99466 2.99387 2.99256 2.99075 2.98845 2.98569 2.9825 2.97891 2.97494 2.97064 2.96604 2.96119 2.95613 2.95091 2.94556 2.94014 2.93468 2.92923 2.92383 2.91852 2.91333 2.9083 2.90345 2.8988 2.89439 2.89022 2.8863 2.88265 2.87928 2.87617 2.87334 2.87077 2.86846 2.8664 2.86458 2.86298 2.8616 2.86041 2.85941 2.85857 2.85788 2.85734 2.85692 2.85661 2.85641 2.85629 2.85626 2.8563 2.85641 
2.84984 2.85008 2.85039 2.85077 2.85122 2.85176 2.85238 2.8531 2.85394 2.85489 2.85598 2.85723 2.85865 2.86025 2.86207 2.8641 2.86639 2.86893 2.87174 2.87484 2.87824 2.88193 2.88594 2.89024 2.89485 2.89974 2.9049 2.91032 2.91597 2.92181 2.92782 2.93396 2.94018 2.94645 2.95271 2.95892 2.96502 2.97097 2.97672 2.98221 2.9874 2.99225 2.99671 3.00074 3.00431 3.00737 3.00992 3.01192 3.01335 3.01421 3.01448 3.01416 3.01326 3.01179 3.00976 3.00719 3.00409 3.00052 2.99648 2.99203 2.9872 2.98203 2.97658 2.97088 2.965 2.95897 2.95284 2.94668 2.94051 2.9344 2.92838 2.92249 2.91677 2.91124 2.90595 2.90091 2.89615 2.89167 2.88749 2.88361 2.88004 2.87677 2.87381 2.87114 2.86875 2.86663 2.86476 2.86314 2.86174 2.86055 2.85956 2.85873 2.85807 2.85755 2.85716 2.85688 2.85671 2.85663 2.85664 2.85673 
2.85017 2.85041 2.85073 2.85114 2.85164 2.85223 2.85292 2.85373 2.85467 2.85576 2.857 2.85843 2.86005 2.86189 2.86397 2.86631 2.86893 2.87184 2.87506 2.87861 2.8825 2.88672 2.89129 2.8962 2.90144 2.907 2.91286 2.919 2.92539 2.932 2.93878 2.9457 2.9527 2.95974 2.96677 2.97373 2.98056 2.98722 2.99364 2.99977 3.00556 3.01095 3.01591 3.02039 3.02435 3.02776 3.03058 3.03279 3.03437 3.03532 3.03561 3.03525 3.03425 3.03261 3.03034 3.02747 3.02403 3.02004 3.01554 3.01057 3.00518 2.99941 2.99331 2.98694 2.98034 2.97358 2.96671 2.95978 2.95285 2.94597 2.93918 2.93253 2.92606 2.91982 2.91382 2.9081 2.90268 2.89759 2.89282 2.8884 2.88431 2.88057 2.87717 2.8741 2.87135 2.8689 2.86674 2.86485 2.86322 2.86182 2.86065 2.85967 2.85887 2.85823 2.85775 2.85739 2.85716 2.85704 2.85701 2.85708 
2.85053 2.85077 2.85111 2.85154 2.85209 2.85274 2.85352 2.85443 2.85549 2.85672 2.85813 2.85975 2.8616 2.8637 2.86608 2.86875 2.87174 2.87506 2.87874 2.88278 2.8872 2.892 2.89719 2.90275 2.90868 2.91497 2.92158 2.9285 2.93569 2.94312 2.95073 2.95848 2.96632 2.97418 2.98203 2.98978 2.99739 3.00479 3.01191 3.01872 3.02513 3.03111 3.03659 3.04154 3.04591 3.04967 3.05278 3.05521 3.05696 3.05799 3.05831 3.0579 3.05679 3.05496 3.05245 3.04928 3.04546 3.04104 3.03606 3.03055 3.02456 3.01816 3.01138 3.00429 2.99695 2.98941 2.98175 2.97401 2.96626 2.95855 2.95094 2.94348 2.93621 2.92918 2.92242 2.91597 2.90985 2.90408 2.89868 2.89365 2.88901 2.88475 2.88087 2.87736 2.87421 2.8714 2.86891 2.86674 2.86484 2.86322 2.86184 2.86069 2.85974 2.85898 2.85839 2.85795 2.85765 2.85747 2.8574 2.85745 
2.85091 2.85115 2.85151 2.85198 2.85257 2.8533 2.85416 2.85519 2.85638 2.85777 2.85937 2.86121 2.86332 2.86571 2.86841 2.87144 2.87484 2.87861 2.88278 2.88736 2.89236 2.89779 2.90364 2.90991 2.91659 2.92365 2.93108 2.93883 2.94688 2.95517 2.96367 2.9723 2.98102 2.98976 2.99846 3.00706 3.01548 3.02365 3.03152 3.03902 3.04609 3.05267 3.0587 3.06414 3.06894 3.07305 3.07646 3.07913 3.08103 3.08216 3.0825 3.08205 3.08082 3.07881 3.07605 3.07255 3.06835 3.06349 3.058 3.05192 3.04532 3.03825 3.03076 3.02292 3.01479 3.00644 2.99794 2.98934 2.98072 2.97214 2.96366 2.95533 2.9472 2.93934 2.93176 2.92452 2.91764 2.91115 2.90507 2.8994 2.89415 2.88933 2.88493 2.88094 2.87735 2.87414 2.8713 2.8688 2.86663 2.86475 2.86316 2.86181 2.8607 2.8598 2.85909 2.85855 2.85817 2.85793 2.85783 2.85784 
2.85132 2.85156 2.85194 2.85245 2.85311 2.85391 2.85487 2.85602 2.85736 2.85893 2.86074 2.86282 2.8652 2.86791 2.87096 2.8744 2.87824 2.8825 2.8872 2.89236 2.89799 2.90409 2.91066 2.91769 2.92516 2.93306 2.94135 2.94999 2.95894 2.96816 2.97758 2.98715 2.99679 3.00645 3.01605 3.02552 3.03478 3.04377 3.05241 3.06064 3.06838 3.07557 3.08217 3.08811 3.09334 3.09784 3.10155 3.10445 3.10652 3.10774 3.10811 3.10761 3.10626 3.10406 3.10104 3.09722 3.09262 3.0873 3.08129 3.07463 3.06739 3.05963 3.05141 3.04279 3.03384 3.02464 3.01526 3.00576 2.99623 2.98673 2.97732 2.96808 2.95905 2.95029 2.94185 2.93377 2.92608 2.91882 2.912 2.90563 2.89974 2.89431 2.88934 2.88483 2.88077 2.87713 2.8739 2.87106 2.86857 2.86643 2.86459 2.86304 2.86175 2.86069 2.85985 2.85921 2.85874 2.85844 2.85828 2.85827 
2.85176 2.85201 2.85241 2.85297 2.85368 2.85457 2.85564 2.85692 2.85843 2.86019 2.86223 2.86458 2.86726 2.87031 2.87375 2.87762 2.88193 2.88672 2.892 2.89779 2.90409 2.91091 2.91825 2.92609 2.93441 2.94318 2.95238 2.96196 2.97187 2.98206 2.99245 3.00299 3.0136 3.02421 3.03475 3.04512 3.05526 3.06508 3.07451 3.08348 3.09191 3.09974 3.10691 3.11336 3.11904 3.12391 3.12793 3.13107 3.13331 3.13463 3.13502 3.13448 3.133 3.13062 3.12733 3.12317 3.11818 3.11239 3.10584 3.09859 3.0907 3.08223 3.07325 3.06382 3.05403 3.04395 3.03366 3.02323 3.01275 3.00229 2.99192 2.98171 2.97173 2.96203 2.95267 2.9437 2.93516 2.92707 2.91947 2.91236 2.90577 2.89969 2.89412 2.88906 2.88448 2.88038 2.87673 2.87351 2.87069 2.86824 2.86615 2.86437 2.86288 2.86166 2.86068 2.85992 2.85936 2.85898 2.85878 2.85873 
2.85224 2.85249 2.85292 2.85352 2.85431 2.85529 2.85648 2.85791 2.8596 2.86157 2.86386 2.86649 2.8695 2.87291 2.87677 2.88111 2.88594 2.89129 2.89719 2.90364 2.91066 2.91825 2.9264 2.93509 2.9443 2.95401 2.96416 2.97472 2.98563 2.99682 3.00823 3.01978 3.0314 3.04299 3.05448 3.06578 3.07681 3.08749 3.09773 3.10745 3.11658 3.12505 3.1328 3.13977 3.1459 3.15115 3.15548 3.15887 3.16128 3.16269 3.16311 3.16251 3.16092 3.15834 3.15479 3.1503 3.1449 3.13864 3.13155 3.1237 3.11515 3.10596 3.0962 3.08596 3.0753 3.06431 3.05308 3.04169 3.03023 3.01877 3.0074 2.99618 2.98521 2.97453 2.96421 2.95431 2.94486 2.9359 2.92747 2.91958 2.91225 2.90547 2.89926 2.8936 2.88848 2.88388 2.87978 2.87616 2.87298 2.87021 2.86783 2.86581 2.86411 2.8627 2.86157 2.86069 2.86002 2.85957 2.85931 2.85922 
2.85275 2.85301 2.85347 2.85412 2.85499 2.85607 2.85739 2.85898 2.86086 2.86306 2.86561 2.86855 2.87191 2.87573 2.88003 2.88486 2.89024 2.8962 2.90275 2.90991 2.91769 2.92609 2.93509 2.94468 2.95483 2.9655 2.97666 2.98824 3.00018 3.01242 3.02487 3.03746 3.0501 3.0627 3.07517 3.08742 3.09936 3.1109 3.12195 3.13243 3.14227 3.15139 3.15972 3.1672 3.17378 3.17941 3.18406 3.18768 3.19026 3.19177 3.19221 3.19157 3.18986 3.18709 3.18328 3.17845 3.17265 3.16591 3.15829 3.14984 3.14062 3.1307 3.12016 3.10908 3.09755 3.08564 3.07345 3.06108 3.0486 3.03612 3.02371 3.01146 2.99945 2.98776 2.97644 2.96556 2.95516 2.9453 2.93599 2.92727 2.91916 2.91165 2.90476 2.89847 2.89277 2.88764 2.88306 2.879 2.87543 2.87233 2.86964 2.86735 2.86543 2.86383 2.86253 2.86151 2.86074 2.8602 2.85988 2.85976 
2.8533 2.85357 2.85406 2.85477 2.85571 2.85691 2.85837 2.86014 2.86222 2.86467 2.86751 2.87077 2.87451 2.87875 2.88353 2.88889 2.89485 2.90144 2.90868 2.91659 2.92516 2.93441 2.9443 2.95483 2.96595 2.97764 2.98983 3.00246 3.01547 3.02878 3.0423 3.05595 3.06964 3.08326 3.09672 3.10993 3.12278 3.13519 3.14706 3.1583 3.16884 3.1786 3.18751 3.1955 3.20253 3.20854 3.21349 3.21735 3.22009 3.2217 3.22216 3.22148 3.21965 3.21669 3.21262 3.20747 3.20127 3.19406 3.1859 3.17685 3.16697 3.15633 3.14501 3.13309 3.12067 3.10783 3.09468 3.0813 3.06779 3.05426 3.0408 3.02748 3.01441 3.00167 2.98931 2.97742 2.96604 2.95522 2.94501 2.93543 2.92649 2.91822 2.91061 2.90365 2.89734 2.89165 2.88656 2.88204 2.87806 2.87459 2.87158 2.86901 2.86684 2.86503 2.86356 2.8624 2.86151 2.86088 2.86049 2.86033 
2.85389 2.85417 2.85469 2.85546 2.8565 2.85781 2.85943 2.86137 2.86368 2.86639 2.86953 2.87315 2.87728 2.88197 2.88725 2.89317 2.89974 2.907 2.91497 2.92365 2.93306 2.94318 2.95401 2.9655 2.97764 2.99036 3.00361 3.01732 3.03142 3.04583 3.06044 3.07516 3.08991 3.10456 3.11902 3.13318 3.14695 3.16022 3.1729 3.1849 3.19613 3.20652 3.216 3.22449 3.23196 3.23833 3.24358 3.24768 3.25058 3.25229 3.25277 3.25205 3.25011 3.24697 3.24264 3.23717 3.23058 3.22292 3.21424 3.20459 3.19405 3.18269 3.1706 3.15785 3.14454 3.13077 3.11664 3.10225 3.08771 3.07312 3.05857 3.04418 3.03002 3.0162 3.00278 2.98984 2.97745 2.96565 2.95449 2.94401 2.93423 2.92515 2.91679 2.90914 2.90218 2.8959 2.89028 2.88527 2.88086 2.877 2.87365 2.87078 2.86835 2.86632 2.86466 2.86334 2.86233 2.8616 2.86115 2.86094 
2.85452 2.85481 2.85537 2.85621 2.85733 2.85877 2.86055 2.86269 2.86524 2.86822 2.87169 2.87567 2.88023 2.88539 2.8912 2.89769 2.9049 2.91286 2.92158 2.93108 2.94135 2.95238 2.96416 2.97666 2.98983 3.00361 3.01795 3.03276 3.04797 3.06347 3.07918 3.09499 3.11079 3.12648 3.14193 3.15705 3.17172 3.18585 3.19933 3.21206 3.22398 3.23498 3.24501 3.254 3.26188 3.26861 3.27415 3.27847 3.28153 3.28333 3.28384 3.28308 3.28103 3.27771 3.27315 3.26737 3.2604 3.2523 3.24311 3.23289 3.22171 3.20964 3.19678 3.18321 3.16903 3.15433 3.13923 3.12383 3.10825 3.09259 3.07695 3.06146 3.0462 3.03128 3.01678 3.00277 2.98934 2.97653 2.96441 2.953 2.94233 2.93242 2.92328 2.9149 2.90727 2.90038 2.8942 2.88868 2.88381 2.87955 2.87584 2.87265 2.86995 2.86769 2.86583 2.86434 2.8632 2.86237 2.86184 2.86159 
2.85519 2.85549 2.85609 2.85699 2.85822 2.85979 2.86174 2.86409 2.86688 2.87016 2.87396 2.87834 2.88333 2.88898 2.89534 2.90244 2.91032 2.919 2.9285 2.93883 2.94999 2.96196 2.97472 2.98824 3.00246 3.01732 3.03276 3.04868 3.06501 3.08163 3.09844 3.11533 3.13218 3.14889 3.16533 3.18138 3.19694 3.2119 3.22616 3.23962 3.25219 3.26379 3.27436 3.28381 3.2921 3.29917 3.30499 3.30952 3.31274 3.31462 3.31516 3.31436 3.31221 3.30873 3.30394 3.29786 3.29054 3.28201 3.27233 3.26155 3.24975 3.237 3.2234 3.20902 3.19398 3.17837 3.16231 3.14591 3.12929 3.11256 3.09584 3.07924 3.06287 3.04684 3.03124 3.01615 3.00166 2.98782 2.9747 2.96234 2.95076 2.94 2.93005 2.92092 2.9126 2.90507 2.8983 2.89226 2.88692 2.88222 2.87814 2.87463 2.87164 2.86913 2.86706 2.8654 2.86412 2.86319 2.86258 2.86228 
2.85589 2.8562 2.85684 2.85782 2.85916 2.86087 2.863 2.86556 2.86862 2.8722 2.87635 2.88113 2.88658 2.89275 2.89968 2.90741 2.91597 2.92539 2.93569 2.94688 2.95894 2.97187 2.98563 3.00018 3.01547 3.03142 3.04797 3.06501 3.08244 3.10017 3.11808 3.13604 3.15394 3.17165 3.18905 3.20602 3.22245 3.23822 3.25323 3.26739 3.28059 3.29276 3.30383 3.31373 3.3224 3.3298 3.33589 3.34062 3.34398 3.34595 3.34651 3.34567 3.34343 3.3398 3.3348 3.32845 3.32078 3.31185 3.3017 3.2904 3.278 3.2646 3.25027 3.23512 3.21924 3.20274 3.18573 3.16835 3.1507 3.13292 3.11511 3.09742 3.07994 3.06279 3.04608 3.0299 3.01434 2.99946 2.98533 2.97199 2.95949 2.94785 2.93708 2.92718 2.91815 2.90996 2.90258 2.896 2.89016 2.88503 2.88055 2.87669 2.8734 2.87064 2.86836 2.86652 2.86509 2.86405 2.86336 2.86301 
2.85663 2.85696 2.85764 2.8587 2.86014 2.862 2.86431 2.86711 2.87043 2.87433 2.87885 2.88404 2.88997 2.89666 2.90417 2.91255 2.92181 2.932 2.94312 2.95517 2.96816 2.98206 2.99682 3.01242 3.02878 3.04583 3.06347 3.08163 3.10017 3.119 3.13799 3.157 3.17592 3.19461 3.21295 3.23081 3.24808 3.26463 3.28036 3.29518 3.30898 3.32169 3.33324 3.34356 3.3526 3.3603 3.36663 3.37155 3.37505 3.3771 3.37769 3.37682 3.37449 3.37072 3.36552 3.35891 3.35093 3.34163 3.33104 3.31924 3.30628 3.29225 3.27723 3.26133 3.24464 3.22728 3.20936 3.19101 3.17236 3.15353 3.13466 3.11587 3.09729 3.07904 3.06122 3.04395 3.0273 3.01137 2.99622 2.9819 2.96846 2.95593 2.94432 2.93364 2.92387 2.91501 2.90702 2.89987 2.89352 2.88793 2.88306 2.87884 2.87524 2.87221 2.86971 2.86768 2.86611 2.86494 2.86417 2.86378 
2.85741 2.85774 2.85847 2.85961 2.86117 2.86318 2.86569 2.86871 2.87232 2.87654 2.88144 2.88706 2.89346 2.9007 2.90881 2.91784 2.92782 2.93878 2.95073 2.96367 2.97758 2.99245 3.00823 3.02487 3.0423 3.06044 3.07918 3.09844 3.11808 3.13799 3.15803 3.17807 3.19799 3.21763 3.23687 3.25559 3.27365 3.29095 3.30736 3.3228 3.33717 3.35039 3.36239 3.3731 3.38247 3.39045 3.39701 3.40211 3.40573 3.40785 3.40847 3.40758 3.40518 3.40128 3.3959 3.38906 3.38079 3.37114 3.36014 3.34787 3.33439 3.31977 3.3041 3.28748 3.27002 3.25183 3.23303 3.21375 3.19412 3.17428 3.15436 3.1345 3.11483 3.09548 3.07657 3.0582 3.04048 3.02349 3.00732 2.99201 2.97763 2.9642 2.95173 2.94025 2.92974 2.92019 2.91157 2.90385 2.89699 2.89093 2.88564 2.88107 2.87715 2.87385 2.87111 2.86889 2.86716 2.86588 2.86502 2.86457 
2.85821 2.85856 2.85933 2.86055 2.86223 2.8644 2.8671 2.87037 2.87426 2.87882 2.8841 2.89016 2.89706 2.90484 2.91356 2.92326 2.93396 2.9457 2.95848 2.9723 2.98715 3.00299 3.01978 3.03746 3.05595 3.07516 3.09499 3.11533 3.13604 3.157 3.17807 3.19912 3.21999 3.24055 3.26066 3.28018 3.29901 3.317 3.33406 3.35008 3.36498 3.37867 3.39108 3.40215 3.41183 3.42007 3.42683 3.43209 3.43583 3.43802 3.43866 3.43775 3.43528 3.43127 3.42573 3.41868 3.41015 3.40018 3.38882 3.37612 3.36214 3.34698 3.3307 3.31341 3.29521 3.27623 3.25659 3.23641 3.21584 3.19501 3.17408 3.15317 3.13244 3.11201 3.09201 3.07256 3.05378 3.03575 3.01855 3.00226 2.98693 2.97259 2.95928 2.94699 2.93573 2.92549 2.91623 2.90793 2.90054 2.89401 2.8883 2.88335 2.87911 2.87553 2.87255 2.87014 2.86825 2.86684 2.8659 2.8654 
2.85903 2.8594 2.86022 2.86153 2.86333 2.86566 2.86856 2.87207 2.87625 2.88115 2.88682 2.89332 2.90072 2.90906 2.91839 2.92875 2.94018 2.9527 2.96632 2.98102 2.99679 3.0136 3.0314 3.0501 3.06964 3.08991 3.11079 3.13218 3.15394 3.17592 3.19799 3.21999 3.24177 3.26321 3.28414 3.30443 3.32397 3.34262 3.36028 3.37684 3.39222 3.40634 3.41913 3.43052 3.44048 3.44895 3.4559 3.46131 3.46514 3.4674 3.46807 3.46714 3.46462 3.46051 3.45483 3.4476 3.43884 3.42858 3.41688 3.40379 3.38937 3.37369 3.35685 3.33893 3.32005 3.30032 3.27988 3.25885 3.23737 3.2156 3.19368 3.17176 3.14999 3.12851 3.10745 3.08695 3.06711 3.04805 3.02984 3.01257 2.9963 2.98106 2.96689 2.95381 2.9418 2.93086 2.92096 2.91207 2.90415 2.89714 2.891 2.88568 2.88111 2.87724 2.87403 2.87141 2.86936 2.86784 2.86681 2.86625 
2.85988 2.86026 2.86113 2.86252 2.86445 2.86694 2.87004 2.87381 2.87828 2.88352 2.88958 2.89653 2.90443 2.91332 2.92326 2.9343 2.94645 2.95974 2.97418 2.98976 3.00645 3.02421 3.04299 3.0627 3.08326 3.10456 3.12648 3.14889 3.17165 3.19461 3.21763 3.24055 3.26321 3.28546 3.30717 3.32818 3.34838 3.36764 3.38585 3.40291 3.41873 3.43324 3.44636 3.45805 3.46825 3.47692 3.48404 3.48958 3.49351 3.49583 3.49652 3.49558 3.49301 3.48882 3.48302 3.47563 3.46666 3.45616 3.44416 3.43072 3.41589 3.39976 3.38239 3.36389 3.34438 3.32395 3.30275 3.28091 3.25858 3.23591 3.21304 3.19015 3.16738 3.14488 3.12279 3.10125 3.08039 3.06031 3.04112 3.02288 3.00568 2.98955 2.97454 2.96065 2.94789 2.93626 2.92572 2.91624 2.90779 2.90031 2.89374 2.88804 2.88314 2.87898 2.87553 2.87271 2.8705 2.86885 2.86773 2.86712 
2.86073 2.86113 2.86205 2.86353 2.86558 2.86824 2.87155 2.87556 2.88032 2.8859 2.89236 2.89975 2.90815 2.91759 2.92815 2.93984 2.95271 2.96677 2.98203 2.99846 3.01605 3.03475 3.05448 3.07517 3.09672 3.11902 3.14193 3.16533 3.18905 3.21295 3.23687 3.26066 3.28414 3.30717 3.32959 3.35128 3.37209 3.3919 3.41061 3.42812 3.44434 3.45919 3.47262 3.48456 3.49498 3.50383 3.5111 3.51674 3.52076 3.52313 3.52384 3.5229 3.5203 3.51604 3.51014 3.50261 3.49347 3.48275 3.47049 3.45674 3.44155 3.425 3.40716 3.38814 3.36803 3.34696 3.32506 3.30246 3.27932 3.25579 3.23204 3.20821 3.18448 3.161 3.13792 3.11538 3.09352 3.07245 3.05229 3.03311 3.015 2.998 2.98215 2.96747 2.95398 2.94166 2.93048 2.92043 2.91144 2.90348 2.89649 2.89041 2.88518 2.88074 2.87704 2.87402 2.87165 2.86987 2.86866 2.868 
2.86159 2.862 2.86298 2.86454 2.86672 2.86954 2.87305 2.87731 2.88237 2.88829 2.89514 2.90297 2.91186 2.92185 2.933 2.94534 2.95892 2.97373 2.98978 3.00706 3.02552 3.04512 3.06578 3.08742 3.10993 3.13318 3.15705 3.18138 3.20602 3.23081 3.25559 3.28018 3.30443 3.32818 3.35128 3.37358 3.39494 3.41526 3.43443 3.45233 3.4689 3.48406 3.49775 3.50992 3.52052 3.52953 3.53692 3.54266 3.54675 3.54916 3.5499 3.54896 3.54633 3.54202 3.53604 3.5284 3.51912 3.50822 3.49573 3.48171 3.4662 3.44928 3.43102 3.41152 3.39087 3.36921 3.34666 3.32336 3.29946 3.27513 3.25053 3.22582 3.20117 3.17675 3.15272 3.12922 3.1064 3.08438 3.06328 3.04319 3.02419 3.00633 2.98967 2.97423 2.96001 2.94701 2.93521 2.92458 2.91507 2.90664 2.89923 2.89277 2.88722 2.8825 2.87855 2.87534 2.8728 2.8709 2.8696 2.86888 
2.86245 2.86288 2.86391 2.86556 2.86786 2.87084 2.87455 2.87906 2.8844 2.89066 2.89789 2.90615 2.91552 2.92605 2.93778 2.95076 2.96502 2.98056 2.99739 3.01548 3.03478 3.05526 3.07681 3.09936 3.12278 3.14695 3.17172 3.19694 3.22245 3.24808 3.27365 3.29901 3.32397 3.34838 3.37209 3.39494 3.41682 3.43759 3.45716 3.47542 3.4923 3.50772 3.52164 3.53399 3.54476 3.55389 3.56139 3.56721 3.57136 3.57381 3.57457 3.57363 3.57099 3.56664 3.5606 3.55287 3.54347 3.53242 3.51974 3.50549 3.48971 3.47246 3.45383 3.43389 3.41277 3.39056 3.36741 3.34347 3.31887 3.29379 3.26839 3.24286 3.21735 3.19204 3.1671 3.14269 3.11895 3.09602 3.07401 3.05304 3.03318 3.0145 2.99704 2.98085 2.96593 2.95227 2.93987 2.92868 2.91866 2.90976 2.90194 2.89511 2.88923 2.88424 2.88006 2.87664 2.87395 2.87192 2.87054 2.86977 
2.8633 2.86375 2.86483 2.86656 2.86898 2.87212 2.87603 2.88077 2.8864 2.89298 2.90058 2.90927 2.91911 2.93016 2.94246 2.95605 2.97097 2.98722 3.00479 3.02365 3.04377 3.06508 3.08749 3.1109 3.13519 3.16022 3.18585 3.2119 3.23822 3.26463 3.29095 3.317 3.34262 3.36764 3.3919 3.41526 3.43759 3.45877 3.47869 3.49726 3.51441 3.53006 3.54416 3.55668 3.56757 3.57682 3.58439 3.59028 3.59448 3.59697 3.59775 3.59682 3.59417 3.5898 3.58371 3.57591 3.56642 3.55524 3.54241 3.52797 3.51195 3.49443 3.47546 3.45515 3.43359 3.4109 3.38721 3.36267 3.33743 3.31166 3.28552 3.25921 3.23289 3.20675 3.18096 3.15568 3.13107 3.10726 3.0844 3.06258 3.0419 3.02243 3.00422 2.9873 2.9717 2.95741 2.94441 2.93268 2.92216 2.91282 2.90459 2.89741 2.89122 2.88595 2.88154 2.87793 2.87508 2.87293 2.87146 2.87064 
2.86414 2.8646 2.86572 2.86754 2.87008 2.87337 2.87748 2.88245 2.88835 2.89525 2.90321 2.9123 2.92259 2.93414 2.94698 2.96117 2.97672 2.99364 3.01191 3.03152 3.05241 3.07451 3.09773 3.12195 3.14706 3.1729 3.19933 3.22616 3.25323 3.28036 3.30736 3.33406 3.36028 3.38585 3.41061 3.43443 3.45716 3.47869 3.49892 3.51776 3.53513 3.55097 3.56523 3.57788 3.58888 3.59821 3.60585 3.6118 3.61604 3.61856 3.61936 3.61844 3.61578 3.6114 3.60528 3.59744 3.58787 3.5766 3.56365 3.54904 3.53283 3.51506 3.49582 3.47517 3.45323 3.4301 3.40593 3.38085 3.35502 3.32861 3.3018 3.27477 3.24771 3.22079 3.19419 3.1681 3.14267 3.11804 3.09436 3.07174 3.05028 3.03006 3.01112 2.99352 2.97727 2.96237 2.9488 2.93655 2.92556 2.91578 2.90716 2.89964 2.89314 2.88761 2.88298 2.87918 2.87618 2.87392 2.87237 2.87149 
2.86495 2.86542 2.8666 2.86849 2.87114 2.87458 2.87887 2.88407 2.89023 2.89743 2.90573 2.91522 2.92594 2.93795 2.95132 2.96606 2.98221 2.99977 3.01872 3.03902 3.06064 3.08348 3.10745 3.13243 3.1583 3.1849 3.21206 3.23962 3.26739 3.29518 3.3228 3.35008 3.37684 3.40291 3.42812 3.45233 3.47542 3.49726 3.51776 3.53682 3.55438 3.57038 3.58477 3.59752 3.60861 3.618 3.6257 3.63169 3.63596 3.63851 3.63933 3.63841 3.63577 3.63138 3.62524 3.61737 3.60775 3.59641 3.58336 3.56863 3.55225 3.53429 3.5148 3.49386 3.47159 3.44808 3.42347 3.39791 3.37155 3.34456 3.31713 3.28944 3.26169 3.23405 3.20671 3.17986 3.15366 3.12827 3.10383 3.08046 3.05826 3.03733 3.01771 2.99946 2.98259 2.96711 2.95301 2.94026 2.92881 2.91863 2.90964 2.90178 2.895 2.88921 2.88437 2.8804 2.87725 2.87487 2.87324 2.87232 
2.86572 2.86621 2.86743 2.8694 2.87216 2.87574 2.88021 2.88561 2.89202 2.8995 2.90814 2.91798 2.92911 2.94157 2.95542 2.97069 2.9874 3.00556 3.02513 3.04609 3.06838 3.09191 3.11658 3.14227 3.16884 3.19613 3.22398 3.25219 3.28059 3.30898 3.33717 3.36498 3.39222 3.41873 3.44434 3.4689 3.4923 3.51441 3.53513 3.55438 3.5721 3.58822 3.60272 3.61555 3.6267 3.63615 3.64388 3.6499 3.6542 3.65677 3.65761 3.65671 3.65407 3.64968 3.64354 3.63565 3.626 3.61461 3.60149 3.58666 3.57015 3.55202 3.53232 3.51115 3.48858 3.46473 3.43974 3.41375 3.38691 3.35941 3.33142 3.30313 3.27474 3.24644 3.21843 3.19088 3.16397 3.13787 3.11273 3.08866 3.06578 3.04418 3.02393 3.00506 2.98762 2.9716 2.95699 2.94377 2.9319 2.92133 2.91199 2.90382 2.89676 2.89074 2.88569 2.88155 2.87827 2.87579 2.87408 2.87312 
2.86646 2.86696 2.86822 2.87026 2.87312 2.87684 2.88146 2.88706 2.89371 2.90146 2.91039 2.92058 2.93208 2.94496 2.95926 2.97502 2.99225 3.01095 3.03111 3.05267 3.07557 3.09974 3.12505 3.15139 3.1786 3.20652 3.23498 3.26379 3.29276 3.32169 3.35039 3.37867 3.40634 3.43324 3.45919 3.48406 3.50772 3.53006 3.55097 3.57038 3.58822 3.60445 3.61903 3.63192 3.64312 3.6526 3.66036 3.66641 3.67072 3.67331 3.67416 3.67328 3.67065 3.66628 3.66014 3.65224 3.64258 3.63116 3.61798 3.60307 3.58646 3.5682 3.54833 3.52694 3.50413 3.47999 3.45466 3.42829 3.40104 3.37307 3.34458 3.31575 3.28679 3.2579 3.22926 3.20108 3.17353 3.14678 3.12098 3.09627 3.07277 3.05056 3.02971 3.01029 2.99231 2.97579 2.96071 2.94706 2.93479 2.92386 2.91419 2.90574 2.89842 2.89218 2.88694 2.88264 2.87923 2.87665 2.87487 2.87387 
2.86714 2.86766 2.86896 2.87107 2.87402 2.87785 2.88263 2.88841 2.89527 2.90326 2.91248 2.92298 2.93483 2.94809 2.9628 2.97901 2.99671 3.01591 3.03659 3.0587 3.08217 3.10691 3.1328 3.15972 3.18751 3.216 3.24501 3.27436 3.30383 3.33324 3.36239 3.39108 3.41913 3.44636 3.47262 3.49775 3.52164 3.54416 3.56523 3.58477 3.60272 3.61903 3.63366 3.6466 3.65783 3.66734 3.67512 3.68118 3.68551 3.68811 3.68898 3.68812 3.6855 3.68114 3.67501 3.66712 3.65745 3.64601 3.63279 3.61783 3.60114 3.58276 3.56276 3.5412 3.51817 3.49379 3.46817 3.44147 3.41384 3.38547 3.35653 3.32723 3.29776 3.26833 3.23914 3.21039 3.18226 3.15492 3.12854 3.10325 3.07917 3.05641 3.03503 3.01509 2.99662 2.97964 2.96414 2.95009 2.93746 2.92619 2.91623 2.90751 2.89996 2.89351 2.8881 2.88365 2.88012 2.87745 2.87561 2.87457 
2.86777 2.8683 2.86963 2.8718 2.87484 2.87878 2.8837 2.88964 2.89669 2.90491 2.91437 2.92516 2.93732 2.95092 2.96601 2.98261 3.00074 3.02039 3.04154 3.06414 3.08811 3.11336 3.13977 3.1672 3.1955 3.22449 3.254 3.28381 3.31373 3.34356 3.3731 3.40215 3.43052 3.45805 3.48456 3.50992 3.53399 3.55668 3.57788 3.59752 3.61555 3.63192 3.6466 3.65957 3.67082 3.68035 3.68815 3.69421 3.69856 3.70117 3.70205 3.7012 3.6986 3.69426 3.68814 3.68026 3.67059 3.65914 3.6459 3.6309 3.61415 3.59569 3.57557 3.55386 3.53066 3.50606 3.4802 3.45321 3.42527 3.39654 3.36721 3.33749 3.30757 3.27768 3.248 3.21874 3.19009 3.16224 3.13533 3.10953 3.08494 3.06168 3.03982 3.01942 3.00052 2.98313 2.96724 2.95284 2.93988 2.92831 2.91808 2.90912 2.90136 2.89472 2.88915 2.88458 2.88094 2.87819 2.87629 2.87521 
2.86833 2.86887 2.87024 2.87246 2.87557 2.87962 2.88465 2.89074 2.89796 2.90637 2.91606 2.92709 2.93953 2.95344 2.96885 2.9858 3.00431 3.02435 3.04591 3.06894 3.09334 3.11904 3.1459 3.17378 3.20253 3.23196 3.26188 3.2921 3.3224 3.3526 3.38247 3.41183 3.44048 3.46825 3.49498 3.52052 3.54476 3.56757 3.58888 3.60861 3.6267 3.64312 3.65783 3.67082 3.68209 3.69162 3.69943 3.7055 3.70985 3.71248 3.71337 3.71253 3.70995 3.70562 3.69953 3.69165 3.68199 3.67054 3.65729 3.64226 3.62546 3.60693 3.58672 3.5649 3.54154 3.51677 3.4907 3.46347 3.43525 3.40622 3.37656 3.34648 3.31618 3.28588 3.25577 3.22608 3.19698 3.16867 3.14132 3.11506 3.09003 3.06633 3.04406 3.02326 3.00397 2.98622 2.96999 2.95527 2.94202 2.93019 2.91972 2.91055 2.9026 2.8958 2.89009 2.8854 2.88167 2.87885 2.8769 2.87579 
2.86882 2.86937 2.87077 2.87304 2.87621 2.88034 2.88548 2.8917 2.89906 2.90765 2.91752 2.92877 2.94144 2.9556 2.9713 2.98855 3.00737 3.02776 3.04967 3.07305 3.09784 3.12391 3.15115 3.17941 3.20854 3.23833 3.26861 3.29917 3.3298 3.3603 3.39045 3.42007 3.44895 3.47692 3.50383 3.52953 3.55389 3.57682 3.59821 3.618 3.63615 3.6526 3.66734 3.68035 3.69162 3.70117 3.70897 3.71505 3.71941 3.72204 3.72295 3.72212 3.71956 3.71524 3.70916 3.7013 3.69165 3.68019 3.66694 3.65188 3.63505 3.61647 3.59619 3.57427 3.5508 3.52588 3.49963 3.4722 3.44376 3.41447 3.38453 3.35415 3.32353 3.29288 3.26242 3.23235 3.20288 3.17418 3.14644 3.1198 3.09439 3.07033 3.04769 3.02655 3.00694 2.98888 2.97236 2.95737 2.94388 2.93182 2.92115 2.91179 2.90368 2.89674 2.89091 2.88612 2.88231 2.87942 2.87743 2.87629 
2.86924 2.8698 2.87121 2.87352 2.87675 2.88095 2.88618 2.8925 2.89998 2.90871 2.91874 2.93016 2.94303 2.95741 2.97333 2.99083 3.00992 3.03058 3.05278 3.07646 3.10155 3.12793 3.15548 3.18406 3.21349 3.24358 3.27415 3.30499 3.33589 3.36663 3.39701 3.42683 3.4559 3.48404 3.5111 3.53692 3.56139 3.58439 3.60585 3.6257 3.64388 3.66036 3.67512 3.68815 3.69943 3.70897 3.71679 3.72287 3.72723 3.72987 3.73078 3.72997 3.72741 3.72311 3.71704 3.70919 3.69955 3.6881 3.67484 3.65977 3.64291 3.62429 3.60395 3.58195 3.55838 3.53335 3.50696 3.47937 3.45074 3.42125 3.39109 3.36046 3.32957 3.29864 3.26789 3.23752 3.20774 3.17873 3.15067 3.12372 3.098 3.07363 3.0507 3.02928 3.0094 2.99108 2.97433 2.95912 2.94542 2.93318 2.92233 2.91283 2.90458 2.89753 2.8916 2.88672 2.88284 2.87991 2.87787 2.87672 
2.86958 2.87014 2.87157 2.87391 2.87718 2.88144 2.88673 2.89314 2.90072 2.90955 2.91971 2.93127 2.94429 2.95883 2.97494 2.99263 3.01192 3.03279 3.05521 3.07913 3.10445 3.13107 3.15887 3.18768 3.21735 3.24768 3.27847 3.30952 3.34062 3.37155 3.40211 3.43209 3.46131 3.48958 3.51674 3.54266 3.56721 3.59028 3.6118 3.63169 3.6499 3.66641 3.68118 3.69421 3.7055 3.71505 3.72287 3.72896 3.73332 3.73596 3.73688 3.73608 3.73353 3.72924 3.72318 3.71534 3.70571 3.69426 3.68099 3.66591 3.64903 3.63037 3.60999 3.58793 3.56429 3.53916 3.51266 3.48495 3.45618 3.42652 3.39618 3.36536 3.33427 3.30313 3.27215 3.24155 3.21153 3.18228 3.15397 3.12678 3.10082 3.07622 3.05306 3.03142 3.01133 2.99281 2.97588 2.96049 2.94663 2.93425 2.92327 2.91365 2.9053 2.89816 2.89215 2.8872 2.88327 2.88029 2.87823 2.87706 
2.86983 2.87039 2.87184 2.8742 2.8775 2.8818 2.88714 2.8936 2.90125 2.91016 2.92041 2.93207 2.9452 2.95986 2.97609 2.99392 3.01335 3.03437 3.05696 3.08103 3.10652 3.13331 3.16128 3.19026 3.22009 3.25058 3.28153 3.31274 3.34398 3.37505 3.40573 3.43583 3.46514 3.49351 3.52076 3.54675 3.57136 3.59448 3.61604 3.63596 3.6542 3.67072 3.68551 3.69856 3.70985 3.71941 3.72723 3.73332 3.73769 3.74033 3.74126 3.74046 3.73792 3.73364 3.72759 3.71975 3.71011 3.69866 3.68539 3.6703 3.6534 3.63471 3.61429 3.59219 3.56849 3.54329 3.51672 3.48891 3.46004 3.43027 3.3998 3.36885 3.33761 3.30632 3.27518 3.24441 3.21422 3.1848 3.15632 3.12896 3.10283 3.07806 3.05475 3.03295 3.01271 2.99406 2.97699 2.96149 2.94751 2.93502 2.92396 2.91425 2.90582 2.89861 2.89255 2.88756 2.88359 2.88058 2.8785 2.87731 
2.86999 2.87056 2.87202 2.87439 2.87771 2.88203 2.8874 2.8939 2.90159 2.91054 2.92084 2.93256 2.94575 2.96048 2.97678 2.99469 3.01421 3.03532 3.05799 3.08216 3.10774 3.13463 3.16269 3.19177 3.2217 3.25229 3.28333 3.31462 3.34595 3.3771 3.40785 3.43802 3.4674 3.49583 3.52313 3.54916 3.57381 3.59697 3.61856 3.63851 3.65677 3.67331 3.68811 3.70117 3.71248 3.72204 3.72987 3.73596 3.74033 3.74299 3.74392 3.74312 3.74058 3.7363 3.73025 3.72241 3.71277 3.70131 3.68803 3.67292 3.656 3.6373 3.61685 3.59471 3.57097 3.54573 3.51911 3.49124 3.4623 3.43246 3.40192 3.37089 3.33956 3.30818 3.27695 3.24609 3.2158 3.18628 3.1577 3.13024 3.10402 3.07915 3.05575 3.03386 3.01354 2.9948 2.97766 2.96208 2.94805 2.9355 2.92437 2.91461 2.90615 2.8989 2.8928 2.88778 2.88379 2.88077 2.87867 2.87748 
