3.26854 3.26876 3.26899 3.26923 3.26948 3.26974 3.27001 3.27029 3.27058 3.27089 3.27121 3.27155 3.27191 3.27229 3.2727 3.27314 3.27361 3.27411 3.27465 3.27523 3.27586 3.27653 3.27725 3.27802 3.27883 3.2797 3.28061 3.28156 3.28256 3.2836 3.28467 3.28577 3.28689 3.28802 3.28917 3.29031 3.29144 3.29255 3.29363 3.29467 3.29566 3.2966 3.29746 3.29825 3.29896 3.29958 3.30009 3.30051 3.30082 3.30102 3.3011 3.30107 3.30093 3.30068 3.30032 3.29986 3.2993 3.29864 3.2979 3.29708 3.29619 3.29525 3.29425 3.29321 3.29213 3.29104 3.28993 3.28882 3.28772 3.28663 3.28556 3.28452 3.28351 3.28255 3.28163 3.28076 3.27995 3.27919 3.27849 3.27784 3.27726 3.27674 3.27627 3.27587 3.27552 3.27523 3.27498 3.27479 3.27465 3.27455 3.27449 3.27448 3.27449 3.27454 3.27463 3.27473 3.27487 3.27502 3.27519 3.27538 
3.26876 3.26897 3.2692 3.26944 3.26969 3.26995 3.27023 3.27051 3.2708 3.27111 3.27143 3.27177 3.27213 3.27252 3.27293 3.27337 3.27384 3.27434 3.27489 3.27548 3.27611 3.27679 3.27752 3.27829 3.27912 3.28 3.28092 3.28189 3.2829 3.28395 3.28504 3.28616 3.28729 3.28845 3.28961 3.29077 3.29191 3.29304 3.29414 3.2952 3.29621 3.29716 3.29804 3.29884 3.29956 3.30019 3.30071 3.30113 3.30145 3.30165 3.30173 3.3017 3.30156 3.3013 3.30094 3.30047 3.2999 3.29923 3.29848 3.29764 3.29674 3.29578 3.29476 3.29371 3.29262 3.2915 3.29038 3.28925 3.28813 3.28702 3.28594 3.28488 3.28386 3.28288 3.28195 3.28107 3.28024 3.27947 3.27876 3.27811 3.27752 3.27699 3.27652 3.27611 3.27576 3.27546 3.27521 3.27502 3.27487 3.27477 3.27471 3.2747 3.27471 3.27476 3.27484 3.27495 3.27508 3.27524 3.27541 3.2756 
3.26899 3.2692 3.26943 3.26967 3.26993 3.27019 3.27046 3.27075 3.27105 3.27136 3.27169 3.27204 3.27241 3.27281 3.27323 3.27369 3.27418 3.2747 3.27527 3.27588 3.27654 3.27725 3.27801 3.27883 3.27969 3.28061 3.28157 3.28259 3.28365 3.28475 3.28589 3.28705 3.28825 3.28945 3.29067 3.29188 3.29308 3.29426 3.29541 3.29652 3.29757 3.29856 3.29948 3.30032 3.30107 3.30173 3.30227 3.30271 3.30304 3.30325 3.30334 3.30331 3.30315 3.30288 3.3025 3.30201 3.30141 3.30071 3.29992 3.29905 3.29811 3.2971 3.29603 3.29493 3.29379 3.29262 3.29144 3.29026 3.28909 3.28793 3.28679 3.28568 3.28462 3.28359 3.28261 3.28169 3.28082 3.28002 3.27927 3.27859 3.27797 3.27741 3.27691 3.27648 3.27611 3.27579 3.27553 3.27532 3.27516 3.27505 3.27498 3.27496 3.27497 3.27501 3.27509 3.27519 3.27532 3.27547 3.27564 3.27583 
3.26923 3.26944 3.26967 3.26992 3.27017 3.27044 3.27072 3.27102 3.27133 3.27165 3.272 3.27236 3.27275 3.27317 3.27362 3.2741 3.27462 3.27519 3.27579 3.27645 3.27716 3.27792 3.27874 3.27961 3.28054 3.28153 3.28257 3.28366 3.28481 3.28599 3.28722 3.28847 3.28975 3.29105 3.29236 3.29366 3.29495 3.29622 3.29745 3.29864 3.29977 3.30083 3.30181 3.30271 3.30352 3.30421 3.3048 3.30527 3.30562 3.30584 3.30593 3.30589 3.30573 3.30544 3.30502 3.30449 3.30385 3.3031 3.30225 3.30131 3.3003 3.29921 3.29807 3.29688 3.29565 3.2944 3.29314 3.29187 3.2906 3.28936 3.28813 3.28694 3.28579 3.28468 3.28363 3.28263 3.2817 3.28082 3.28002 3.27928 3.2786 3.278 3.27746 3.27698 3.27657 3.27622 3.27593 3.2757 3.27552 3.27538 3.2753 3.27526 3.27525 3.27529 3.27535 3.27545 3.27557 3.27572 3.27588 3.27607 
3.26948 3.26969 3.26993 3.27017 3.27044 3.27071 3.271 3.27131 3.27163 3.27198 3.27234 3.27273 3.27315 3.2736 3.27409 3.27461 3.27518 3.2758 3.27647 3.27719 3.27797 3.27881 3.27971 3.28067 3.2817 3.28278 3.28393 3.28514 3.28639 3.2877 3.28905 3.29043 3.29184 3.29326 3.2947 3.29613 3.29754 3.29893 3.30028 3.30158 3.30282 3.30398 3.30506 3.30604 3.30691 3.30767 3.30831 3.30882 3.3092 3.30944 3.30953 3.30949 3.30931 3.30899 3.30853 3.30795 3.30724 3.30641 3.30548 3.30446 3.30334 3.30215 3.3009 3.29959 3.29825 3.29687 3.29548 3.29408 3.29269 3.29132 3.28997 3.28866 3.28739 3.28617 3.28501 3.28391 3.28287 3.2819 3.28101 3.28019 3.27944 3.27876 3.27816 3.27762 3.27716 3.27676 3.27643 3.27615 3.27594 3.27578 3.27566 3.2756 3.27558 3.27559 3.27564 3.27573 3.27584 3.27598 3.27614 3.27632 
3.26974 3.26995 3.27019 3.27044 3.27071 3.271 3.2713 3.27162 3.27197 3.27234 3.27273 3.27315 3.27361 3.27411 3.27464 3.27523 3.27586 3.27655 3.27729 3.2781 3.27897 3.27991 3.28093 3.28201 3.28316 3.28438 3.28567 3.28702 3.28843 3.28989 3.2914 3.29295 3.29452 3.29611 3.29771 3.29931 3.30089 3.30243 3.30393 3.30538 3.30675 3.30804 3.30924 3.31033 3.3113 3.31214 3.31285 3.31341 3.31382 3.31408 3.31419 3.31414 3.31393 3.31357 3.31306 3.3124 3.31161 3.31069 3.30966 3.30851 3.30727 3.30594 3.30454 3.30309 3.30158 3.30005 3.29849 3.29693 3.29538 3.29384 3.29233 3.29086 3.28944 3.28807 3.28677 3.28553 3.28436 3.28327 3.28226 3.28133 3.28048 3.27971 3.27902 3.2784 3.27787 3.27741 3.27701 3.27669 3.27643 3.27623 3.27608 3.27598 3.27593 3.27593 3.27596 3.27603 3.27613 3.27626 3.27641 3.27659 
3.27001 3.27023 3.27046 3.27072 3.271 3.2713 3.27162 3.27197 3.27234 3.27274 3.27317 3.27364 3.27414 3.27469 3.27529 3.27595 3.27666 3.27744 3.27828 3.2792 3.28019 3.28126 3.28241 3.28364 3.28495 3.28633 3.2878 3.28933 3.29093 3.29259 3.2943 3.29605 3.29783 3.29963 3.30144 3.30324 3.30501 3.30675 3.30845 3.31007 3.31161 3.31306 3.3144 3.31562 3.31671 3.31765 3.31844 3.31907 3.31953 3.31981 3.31993 3.31986 3.31963 3.31922 3.31864 3.3179 3.31701 3.31597 3.3148 3.31351 3.31211 3.31062 3.30904 3.30739 3.3057 3.30397 3.30221 3.30045 3.29869 3.29695 3.29524 3.29358 3.29196 3.29041 3.28892 3.28751 3.28618 3.28494 3.28378 3.28271 3.28173 3.28085 3.28005 3.27934 3.27871 3.27817 3.2777 3.27731 3.27699 3.27674 3.27654 3.27641 3.27633 3.27629 3.2763 3.27635 3.27643 3.27655 3.27669 3.27686 
3.27029 3.27051 3.27075 3.27102 3.27131 3.27162 3.27197 3.27234 3.27274 3.27318 3.27366 3.27418 3.27474 3.27537 3.27604 3.27679 3.2776 3.27849 3.27945 3.2805 3.28164 3.28286 3.28418 3.28559 3.28709 3.28868 3.29035 3.2921 3.29393 3.29583 3.29778 3.29977 3.3018 3.30385 3.3059 3.30795 3.30996 3.31194 3.31385 3.31569 3.31744 3.31908 3.32059 3.32197 3.32319 3.32425 3.32514 3.32584 3.32635 3.32667 3.3268 3.32672 3.32645 3.32598 3.32532 3.32448 3.32347 3.32229 3.32097 3.3195 3.31791 3.31622 3.31442 3.31256 3.31063 3.30866 3.30666 3.30466 3.30266 3.30067 3.29872 3.29682 3.29498 3.2932 3.2915 3.28988 3.28835 3.28692 3.28559 3.28435 3.28322 3.28219 3.28126 3.28043 3.27969 3.27905 3.2785 3.27802 3.27763 3.27732 3.27707 3.27688 3.27676 3.27669 3.27666 3.27669 3.27675 3.27685 3.27698 3.27715 
3.27058 3.2708 3.27105 3.27133 3.27163 3.27197 3.27234 3.27274 3.27318 3.27367 3.2742 3.27478 3.27543 3.27613 3.2769 3.27775 3.27868 3.2797 3.28081 3.28202 3.28333 3.28474 3.28625 3.28788 3.2896 3.29143 3.29335 3.29537 3.29746 3.29963 3.30187 3.30415 3.30647 3.30881 3.31115 3.31348 3.31578 3.31803 3.3202 3.32229 3.32427 3.32613 3.32785 3.3294 3.33079 3.33198 3.33298 3.33378 3.33435 3.33471 3.33484 3.33475 3.33444 3.3339 3.33315 3.33219 3.33104 3.3297 3.32819 3.32652 3.32471 3.32278 3.32074 3.31861 3.31642 3.31417 3.31189 3.3096 3.30731 3.30504 3.30281 3.30063 3.29851 3.29647 3.29452 3.29265 3.29089 3.28924 3.2877 3.28627 3.28495 3.28375 3.28267 3.28169 3.28083 3.28006 3.2794 3.27884 3.27836 3.27797 3.27765 3.27741 3.27723 3.27712 3.27706 3.27705 3.27709 3.27717 3.27729 3.27745 
3.27089 3.27111 3.27136 3.27165 3.27198 3.27234 3.27274 3.27318 3.27367 3.27421 3.27481 3.27547 3.27619 3.277 3.27788 3.27886 3.27993 3.2811 3.28238 3.28377 3.28528 3.28691 3.28866 3.29052 3.29251 3.29462 3.29683 3.29915 3.30155 3.30405 3.30661 3.30922 3.31188 3.31455 3.31723 3.31989 3.3225 3.32506 3.32754 3.32991 3.33217 3.33427 3.33622 3.33798 3.33955 3.3409 3.34203 3.34292 3.34357 3.34397 3.34412 3.34401 3.34364 3.34303 3.34217 3.34108 3.33977 3.33824 3.33652 3.33462 3.33256 3.33036 3.32803 3.32561 3.3231 3.32054 3.31793 3.31531 3.31269 3.3101 3.30754 3.30504 3.30261 3.30026 3.29801 3.29586 3.29383 3.29192 3.29014 3.28848 3.28695 3.28555 3.28428 3.28314 3.28212 3.28122 3.28043 3.27975 3.27917 3.27869 3.2783 3.27799 3.27775 3.27759 3.27749 3.27744 3.27745 3.27751 3.27762 3.27776 
3.27121 3.27143 3.27169 3.272 3.27234 3.27273 3.27317 3.27366 3.2742 3.27481 3.27548 3.27623 3.27706 3.27797 3.27899 3.28011 3.28134 3.28269 3.28417 3.28577 3.28751 3.28939 3.29141 3.29356 3.29585 3.29827 3.30082 3.30348 3.30624 3.3091 3.31203 3.31503 3.31806 3.32111 3.32417 3.3272 3.33018 3.33309 3.33591 3.3386 3.34116 3.34355 3.34575 3.34775 3.34952 3.35105 3.35232 3.35333 3.35406 3.3545 3.35466 3.35453 3.35411 3.35341 3.35243 3.35119 3.3497 3.34796 3.34601 3.34384 3.3415 3.33899 3.33634 3.33358 3.33072 3.3278 3.32483 3.32183 3.31884 3.31587 3.31294 3.31007 3.30729 3.30459 3.302 3.29953 3.29719 3.29499 3.29292 3.291 3.28923 3.2876 3.28612 3.28479 3.28359 3.28253 3.28159 3.28078 3.28009 3.2795 3.27902 3.27863 3.27833 3.2781 3.27795 3.27787 3.27784 3.27787 3.27796 3.27809 
3.27155 3.27177 3.27204 3.27236 3.27273 3.27315 3.27364 3.27418 3.27478 3.27547 3.27623 3.27708 3.27802 3.27907 3.28024 3.28152 3.28294 3.2845 3.2862 3.28805 3.29005 3.29221 3.29453 3.29701 3.29964 3.30242 3.30534 3.30839 3.31156 3.31483 3.31818 3.3216 3.32506 3.32854 3.33202 3.33546 3.33885 3.34215 3.34535 3.3484 3.3513 3.354 3.35649 3.35874 3.36074 3.36246 3.3639 3.36503 3.36585 3.36634 3.36652 3.36636 3.36589 3.36509 3.36398 3.36257 3.36087 3.3589 3.35668 3.35423 3.35157 3.34872 3.34571 3.34257 3.33932 3.33599 3.33261 3.3292 3.32579 3.3224 3.31905 3.31577 3.31258 3.30949 3.30653 3.30369 3.301 3.29846 3.29608 3.29386 3.29181 3.28992 3.2882 3.28665 3.28525 3.284 3.2829 3.28194 3.28111 3.28041 3.27982 3.27934 3.27895 3.27866 3.27845 3.27832 3.27826 3.27826 3.27832 3.27844 
3.27191 3.27213 3.27241 3.27275 3.27315 3.27361 3.27414 3.27474 3.27543 3.27619 3.27706 3.27802 3.2791 3.2803 3.28164 3.28312 3.28474 3.28653 3.28848 3.29061 3.29291 3.2954 3.29806 3.3009 3.30392 3.3071 3.31044 3.31393 3.31754 3.32127 3.32509 3.32898 3.33291 3.33687 3.34081 3.34472 3.34855 3.35229 3.3559 3.35935 3.36262 3.36566 3.36847 3.37101 3.37325 3.37519 3.3768 3.37807 3.37898 3.37954 3.37973 3.37955 3.379 3.3781 3.37684 3.37524 3.37333 3.3711 3.36859 3.36582 3.36281 3.35958 3.35618 3.35262 3.34894 3.34516 3.34132 3.33745 3.33357 3.32971 3.32591 3.32217 3.31853 3.315 3.31161 3.30836 3.30528 3.30236 3.29962 3.29707 3.29471 3.29253 3.29054 3.28873 3.2871 3.28565 3.28436 3.28323 3.28225 3.28141 3.2807 3.28011 3.27964 3.27927 3.27899 3.27881 3.2787 3.27867 3.2787 3.27881 
3.27229 3.27252 3.27281 3.27317 3.2736 3.27411 3.27469 3.27537 3.27613 3.277 3.27797 3.27907 3.2803 3.28168 3.2832 3.2849 3.28676 3.28881 3.29105 3.29348 3.29612 3.29897 3.30201 3.30526 3.3087 3.31233 3.31614 3.32011 3.32422 3.32845 3.33279 3.3372 3.34165 3.34613 3.35059 3.355 3.35932 3.36354 3.3676 3.37149 3.37516 3.37858 3.38173 3.38457 3.38709 3.38926 3.39106 3.39248 3.39349 3.39411 3.39431 3.3941 3.39349 3.39246 3.39105 3.38925 3.38709 3.38459 3.38176 3.37864 3.37524 3.37161 3.36777 3.36376 3.3596 3.35534 3.351 3.34661 3.34222 3.33785 3.33353 3.32929 3.32515 3.32114 3.31727 3.31357 3.31005 3.30672 3.30359 3.30066 3.29794 3.29544 3.29315 3.29106 3.28917 3.28748 3.28598 3.28466 3.28351 3.28252 3.28167 3.28097 3.28039 3.27993 3.27958 3.27934 3.27918 3.27911 3.27911 3.2792 
3.2727 3.27293 3.27323 3.27362 3.27409 3.27464 3.27529 3.27604 3.2769 3.27788 3.27899 3.28024 3.28164 3.2832 3.28495 3.28688 3.28901 3.29135 3.29391 3.29669 3.2997 3.30294 3.30641 3.31011 3.31402 3.31815 3.32247 3.32696 3.33162 3.33641 3.34131 3.34629 3.35131 3.35635 3.36137 3.36633 3.37119 3.37592 3.38048 3.38483 3.38893 3.39276 3.39628 3.39945 3.40226 3.40468 3.40669 3.40826 3.4094 3.41008 3.4103 3.41006 3.40936 3.40821 3.40662 3.40461 3.40219 3.39938 3.39621 3.39271 3.38891 3.38483 3.38052 3.37601 3.37134 3.36654 3.36166 3.35672 3.35177 3.34684 3.34196 3.33716 3.33248 3.32793 3.32355 3.31935 3.31534 3.31155 3.30798 3.30464 3.30154 3.29867 3.29604 3.29364 3.29147 3.28952 3.28778 3.28625 3.2849 3.28374 3.28274 3.28191 3.28122 3.28066 3.28023 3.27991 3.27969 3.27958 3.27955 3.27962 
3.27314 3.27337 3.27369 3.2741 3.27461 3.27523 3.27595 3.27679 3.27775 3.27886 3.28011 3.28152 3.28312 3.2849 3.28688 3.28908 3.2915 3.29416 3.29707 3.30024 3.30366 3.30734 3.31127 3.31546 3.3199 3.32456 3.32944 3.33452 3.33977 3.34516 3.35067 3.35627 3.36191 3.36756 3.37318 3.37873 3.38417 3.38945 3.39454 3.39939 3.40396 3.40822 3.41214 3.41567 3.41879 3.42147 3.4237 3.42544 3.42669 3.42744 3.42768 3.42741 3.42663 3.42534 3.42357 3.42132 3.41862 3.41549 3.41196 3.40805 3.40381 3.39926 3.39444 3.3894 3.38417 3.3788 3.37333 3.36779 3.36223 3.35669 3.3512 3.34581 3.34053 3.3354 3.33045 3.3257 3.32117 3.31688 3.31283 3.30904 3.3055 3.30224 3.29923 3.29649 3.29401 3.29177 3.28977 3.28799 3.28644 3.28508 3.28392 3.28294 3.28212 3.28145 3.28092 3.28053 3.28025 3.28009 3.28003 3.28007 
3.27361 3.27384 3.27418 3.27462 3.27518 3.27586 3.27666 3.2776 3.27868 3.27993 3.28134 3.28294 3.28474 3.28676 3.28901 3.2915 3.29425 3.29727 3.30056 3.30415 3.30802 3.31217 3.31662 3.32135 3.32634 3.3316 3.33709 3.34279 3.34868 3.35473 3.3609 3.36716 3.37346 3.37977 3.38603 3.39221 3.39826 3.40414 3.40979 3.41517 3.42024 3.42497 3.4293 3.43321 3.43666 3.43962 3.44208 3.444 3.44538 3.4462 3.44646 3.44615 3.44528 3.44385 3.44188 3.43939 3.43639 3.43292 3.429 3.42466 3.41994 3.41489 3.40953 3.40392 3.3981 3.39212 3.38601 3.37983 3.37362 3.36743 3.36129 3.35524 3.34932 3.34357 3.33801 3.33266 3.32756 3.32271 3.31814 3.31386 3.30986 3.30615 3.30275 3.29963 3.29679 3.29424 3.29195 3.28991 3.28812 3.28656 3.28521 3.28406 3.2831 3.28231 3.28168 3.2812 3.28085 3.28063 3.28053 3.28055 
3.27411 3.27434 3.2747 3.27519 3.2758 3.27655 3.27744 3.27849 3.2797 3.2811 3.28269 3.2845 3.28653 3.28881 3.29135 3.29416 3.29727 3.30067 3.30439 3.30843 3.31279 3.31747 3.32247 3.32778 3.33338 3.33927 3.34541 3.35179 3.35837 3.36512 3.37199 3.37896 3.38597 3.39297 3.39993 3.40678 3.41348 3.41998 3.42622 3.43217 3.43777 3.44297 3.44775 3.45205 3.45585 3.45911 3.4618 3.46391 3.46543 3.46632 3.4666 3.46625 3.46529 3.46371 3.46154 3.45878 3.45548 3.45164 3.44731 3.44252 3.4373 3.43171 3.42579 3.41958 3.41313 3.40649 3.39971 3.39285 3.38595 3.37905 3.37221 3.36547 3.35887 3.35244 3.34622 3.34023 3.33451 3.32908 3.32394 3.31911 3.31461 3.31043 3.30658 3.30305 3.29984 3.29694 3.29433 3.29201 3.28996 3.28817 3.28661 3.28529 3.28417 3.28324 3.2825 3.28192 3.2815 3.28122 3.28108 3.28107 
3.27465 3.27489 3.27527 3.27579 3.27647 3.27729 3.27828 3.27945 3.28081 3.28238 3.28417 3.2862 3.28848 3.29105 3.29391 3.29707 3.30056 3.30439 3.30857 3.3131 3.31799 3.32323 3.32882 3.33476 3.34102 3.34758 3.35443 3.36152 3.36884 3.37633 3.38396 3.39167 3.39943 3.40717 3.41485 3.42241 3.42979 3.43695 3.44382 3.45035 3.4565 3.46222 3.46745 3.47216 3.47632 3.47989 3.48284 3.48514 3.48679 3.48777 3.48806 3.48768 3.48661 3.48488 3.48249 3.47947 3.47584 3.47163 3.46687 3.4616 3.45587 3.44971 3.44319 3.43635 3.42924 3.42191 3.41443 3.40684 3.3992 3.39157 3.38399 3.3765 3.36917 3.36202 3.35509 3.34842 3.34204 3.33597 3.33022 3.32482 3.31977 3.31508 3.31075 3.30678 3.30315 3.29987 3.29692 3.29429 3.29196 3.28992 3.28814 3.28662 3.28533 3.28426 3.28339 3.28271 3.2822 3.28185 3.28167 3.28162 
3.27523 3.27548 3.27588 3.27645 3.27719 3.2781 3.2792 3.2805 3.28202 3.28377 3.28577 3.28805 3.29061 3.29348 3.29669 3.30024 3.30415 3.30843 3.3131 3.31816 3.32361 3.32946 3.33569 3.34229 3.34925 3.35654 3.36413 3.37199 3.38008 3.38836 3.39677 3.40528 3.41382 3.42234 3.43078 3.43908 3.44718 3.45502 3.46254 3.46969 3.47641 3.48265 3.48836 3.4935 3.49803 3.50191 3.50512 3.50763 3.50942 3.51048 3.51079 3.51036 3.5092 3.5073 3.5047 3.50139 3.49743 3.49282 3.48762 3.48186 3.47559 3.46885 3.4617 3.4542 3.4464 3.43835 3.43013 3.42178 3.41337 3.40496 3.39659 3.38833 3.38022 3.3723 3.36463 3.35723 3.35014 3.34339 3.337 3.33098 3.32534 3.3201 3.31526 3.31081 3.30674 3.30305 3.29973 3.29676 3.29413 3.29181 3.2898 3.28806 3.28659 3.28535 3.28435 3.28355 3.28295 3.28254 3.2823 3.28222 
3.27586 3.27611 3.27654 3.27716 3.27797 3.27897 3.28019 3.28164 3.28333 3.28528 3.28751 3.29005 3.29291 3.29612 3.2997 3.30366 3.30802 3.31279 3.31799 3.32361 3.32967 3.33616 3.34307 3.35038 3.35808 3.36613 3.37451 3.38317 3.39208 3.40118 3.41043 3.41977 3.42913 3.43845 3.44768 3.45675 3.46559 3.47414 3.48233 3.49011 3.49742 3.5042 3.51041 3.51598 3.5209 3.52511 3.52858 3.5313 3.53323 3.53437 3.53471 3.53424 3.53297 3.53091 3.52807 3.52448 3.52017 3.51517 3.50951 3.50324 3.49641 3.48907 3.48128 3.47309 3.46457 3.45578 3.44678 3.43764 3.42843 3.41919 3.41001 3.40092 3.392 3.38328 3.37482 3.36665 3.35882 3.35135 3.34426 3.33759 3.33133 3.3255 3.32011 3.31514 3.3106 3.30648 3.30276 3.29943 3.29647 3.29386 3.29158 3.28962 3.28794 3.28653 3.28538 3.28446 3.28376 3.28327 3.28298 3.28287 
3.27653 3.27679 3.27725 3.27792 3.27881 3.27991 3.28126 3.28286 3.28474 3.28691 3.28939 3.29221 3.2954 3.29897 3.30294 3.30734 3.31217 3.31747 3.32323 3.32946 3.33616 3.34333 3.35095 3.35901 3.36749 3.37634 3.38554 3.39505 3.40481 3.41478 3.42489 3.43509 3.4453 3.45546 3.46551 3.47537 3.48497 3.49425 3.50313 3.51156 3.51947 3.52681 3.53351 3.53954 3.54484 3.54938 3.55312 3.55605 3.55813 3.55935 3.55971 3.5592 3.55782 3.5556 3.55253 3.54865 3.54399 3.53857 3.53245 3.52566 3.51826 3.51031 3.50185 3.49296 3.4837 3.47414 3.46434 3.45438 3.44433 3.43425 3.42421 3.41427 3.40449 3.39493 3.38564 3.37667 3.36805 3.35982 3.35201 3.34464 3.33772 3.33127 3.3253 3.31979 3.31474 3.31016 3.30601 3.30229 3.29898 3.29606 3.2935 3.29129 3.28939 3.2878 3.28649 3.28544 3.28463 3.28406 3.2837 3.28356 
3.27725 3.27752 3.27801 3.27874 3.27971 3.28093 3.28241 3.28418 3.28625 3.28866 3.29141 3.29453 3.29806 3.30201 3.30641 3.31127 3.31662 3.32247 3.32882 3.33569 3.34307 3.35095 3.35933 3.36817 3.37746 3.38715 3.39722 3.4076 3.41825 3.42911 3.44011 3.4512 3.46229 3.47331 3.4842 3.49487 3.50525 3.51527 3.52486 3.53395 3.54247 3.55036 3.55757 3.56405 3.56975 3.57462 3.57864 3.58178 3.58401 3.58531 3.58569 3.58514 3.58366 3.58126 3.57796 3.57379 3.56877 3.56294 3.55635 3.54903 3.54106 3.53247 3.52334 3.51373 3.50372 3.49337 3.48275 3.47195 3.46103 3.45008 3.43915 3.42832 3.41766 3.40723 3.39708 3.38726 3.37782 3.3688 3.36023 3.35212 3.34451 3.33741 3.33082 3.32473 3.31916 3.31408 3.30948 3.30535 3.30167 3.29841 3.29555 3.29307 3.29095 3.28916 3.28768 3.28649 3.28556 3.2849 3.28448 3.2843 
3.27802 3.27829 3.27883 3.27961 3.28067 3.28201 3.28364 3.28559 3.28788 3.29052 3.29356 3.29701 3.3009 3.30526 3.31011 3.31546 3.32135 3.32778 3.33476 3.34229 3.35038 3.35901 3.36817 3.37783 3.38797 3.39853 3.40949 3.42078 3.43234 3.44412 3.45604 3.46803 3.48002 3.49193 3.50367 3.51516 3.52634 3.53711 3.54741 3.55716 3.5663 3.57476 3.58248 3.58941 3.5955 3.60071 3.60501 3.60835 3.61073 3.61213 3.61253 3.61193 3.61035 3.60778 3.60425 3.59978 3.59441 3.58816 3.5811 3.57325 3.56469 3.55547 3.54566 3.53532 3.52454 3.51338 3.50193 3.49027 3.47847 3.46662 3.45478 3.44304 3.43147 3.42014 3.40909 3.3984 3.38811 3.37826 3.36889 3.36003 3.35169 3.3439 3.33666 3.32997 3.32383 3.31823 3.31316 3.3086 3.30452 3.30091 3.29773 3.29497 3.29261 3.2906 3.28894 3.2876 3.28656 3.2858 3.28531 3.28508 
3.27883 3.27912 3.27969 3.28054 3.2817 3.28316 3.28495 3.28709 3.2896 3.29251 3.29585 3.29964 3.30392 3.3087 3.31402 3.3199 3.32634 3.33338 3.34102 3.34925 3.35808 3.36749 3.37746 3.38797 3.39897 3.41044 3.42231 3.43453 3.44703 3.45975 3.47261 3.48553 3.49843 3.51123 3.52383 3.53616 3.54814 3.55967 3.57068 3.5811 3.59086 3.59988 3.60811 3.61549 3.62198 3.62752 3.63209 3.63564 3.63817 3.63965 3.64007 3.63944 3.63775 3.63501 3.63125 3.62649 3.62077 3.61411 3.60657 3.5982 3.58905 3.57919 3.5687 3.55763 3.54607 3.5341 3.52181 3.50927 3.49657 3.4838 3.47104 3.45837 3.44587 3.4336 3.42164 3.41005 3.39887 3.38817 3.37797 3.36832 3.35923 3.35072 3.34281 3.33549 3.32876 3.32262 3.31705 3.31203 3.30753 3.30355 3.30004 3.29699 3.29436 3.29213 3.29028 3.28878 3.28761 3.28675 3.28619 3.28592 
3.2797 3.28 3.28061 3.28153 3.28278 3.28438 3.28633 3.28868 3.29143 3.29462 3.29827 3.30242 3.3071 3.31233 3.31815 3.32456 3.3316 3.33927 3.34758 3.35654 3.36613 3.37634 3.38715 3.39853 3.41044 3.42282 3.43563 3.4488 3.46227 3.47594 3.48975 3.50361 3.51743 3.53112 3.5446 3.55776 3.57054 3.58283 3.59455 3.60564 3.61601 3.62559 3.63432 3.64215 3.64902 3.65489 3.65973 3.66349 3.66616 3.66773 3.66817 3.6675 3.66571 3.66281 3.65882 3.65378 3.6477 3.64064 3.63263 3.62373 3.61401 3.60352 3.59234 3.58054 3.56821 3.55543 3.54228 3.52886 3.51526 3.50156 3.48786 3.47424 3.46078 3.44757 3.43467 3.42215 3.41008 3.39849 3.38745 3.37698 3.36711 3.35786 3.34925 3.34127 3.33394 3.32723 3.32113 3.31563 3.31071 3.30633 3.30248 3.29911 3.29621 3.29375 3.2917 3.29003 3.28872 3.28776 3.28712 3.28681 
3.28061 3.28092 3.28157 3.28257 3.28393 3.28567 3.2878 3.29035 3.29335 3.29683 3.30082 3.30534 3.31044 3.31614 3.32247 3.32944 3.33709 3.34541 3.35443 3.36413 3.37451 3.38554 3.39722 3.40949 3.42231 3.43563 3.4494 3.46353 3.47796 3.4926 3.50737 3.52217 3.53692 3.55151 3.56585 3.57985 3.59342 3.60646 3.61889 3.63063 3.6416 3.65174 3.66096 3.66923 3.67648 3.68267 3.68777 3.69174 3.69455 3.6962 3.69667 3.69596 3.69407 3.69101 3.6868 3.68148 3.67506 3.6676 3.65914 3.64973 3.63943 3.62832 3.61646 3.60394 3.59083 3.57724 3.56324 3.54894 3.53443 3.5198 3.50515 3.49058 3.47616 3.46198 3.44813 3.43467 3.42167 3.40919 3.39727 3.38596 3.37529 3.36528 3.35595 3.3473 3.33933 3.33203 3.3254 3.3194 3.31403 3.30924 3.30502 3.30134 3.29816 3.29545 3.29318 3.29134 3.28989 3.28882 3.28811 3.28774 
3.28156 3.28189 3.28259 3.28366 3.28514 3.28702 3.28933 3.2921 3.29537 3.29915 3.30348 3.30839 3.31393 3.32011 3.32696 3.33452 3.34279 3.35179 3.36152 3.37199 3.38317 3.39505 3.4076 3.42078 3.43453 3.4488 3.46353 3.47864 3.49404 3.50965 3.52538 3.54112 3.55679 3.57227 3.58748 3.6023 3.61665 3.63043 3.64356 3.65594 3.6675 3.67817 3.68788 3.69657 3.7042 3.7107 3.71605 3.72022 3.72317 3.7249 3.72539 3.72464 3.72266 3.71945 3.71503 3.70943 3.70269 3.69484 3.68593 3.67602 3.66517 3.65344 3.64092 3.62769 3.61382 3.59943 3.58459 3.56941 3.55399 3.53843 3.52284 3.50729 3.49191 3.47676 3.46194 3.44753 3.4336 3.4202 3.4074 3.39524 3.38375 3.37296 3.36289 3.35354 3.34492 3.33702 3.32983 3.32332 3.31748 3.31228 3.30768 3.30366 3.30018 3.29722 3.29474 3.29271 3.29112 3.28993 3.28913 3.28872 
3.28256 3.2829 3.28365 3.28481 3.28639 3.28843 3.29093 3.29393 3.29746 3.30155 3.30624 3.31156 3.31754 3.32422 3.33162 3.33977 3.34868 3.35837 3.36884 3.38008 3.39208 3.40481 3.41825 3.43234 3.44703 3.46227 3.47796 3.49404 3.51041 3.52699 3.54367 3.56035 3.57693 3.59329 3.60935 3.62498 3.6401 3.65461 3.66841 3.68142 3.69355 3.70474 3.71492 3.72402 3.732 3.7388 3.7444 3.74875 3.75184 3.75365 3.75416 3.75338 3.75131 3.74795 3.74333 3.73748 3.73042 3.7222 3.71286 3.70246 3.69107 3.67875 3.66558 3.65165 3.63704 3.62186 3.60619 3.59015 3.57383 3.55735 3.54081 3.52431 3.50795 3.49183 3.47605 3.46068 3.4458 3.43148 3.41779 3.40476 3.39244 3.38085 3.37003 3.35997 3.35069 3.34217 3.33441 3.32738 3.32106 3.31542 3.31043 3.30607 3.30229 3.29906 3.29635 3.29414 3.29239 3.29109 3.29021 3.28974 
3.2836 3.28395 3.28475 3.28599 3.2877 3.28989 3.29259 3.29583 3.29963 3.30405 3.3091 3.31483 3.32127 3.32845 3.33641 3.34516 3.35473 3.36512 3.37633 3.38836 3.40118 3.41478 3.42911 3.44412 3.45975 3.47594 3.4926 3.50965 3.52699 3.54453 3.56215 3.57975 3.59722 3.61446 3.63134 3.64776 3.66363 3.67884 3.69329 3.7069 3.71959 3.73128 3.7419 3.7514 3.75972 3.76681 3.77264 3.77718 3.78039 3.78228 3.78281 3.782 3.77984 3.77635 3.77154 3.76544 3.75809 3.74951 3.73976 3.7289 3.71699 3.70409 3.6903 3.67569 3.66036 3.6444 3.62793 3.61103 3.59383 3.57644 3.55896 3.54151 3.52419 3.50711 3.49036 3.47403 3.45821 3.44297 3.42837 3.41446 3.4013 3.38892 3.37733 3.36656 3.3566 3.34745 3.33911 3.33154 3.32473 3.31865 3.31327 3.30855 3.30446 3.30096 3.29802 3.29562 3.29371 3.29229 3.29132 3.2908 
3.28467 3.28504 3.28589 3.28722 3.28905 3.2914 3.2943 3.29778 3.30187 3.30661 3.31203 3.31818 3.32509 3.33279 3.34131 3.35067 3.3609 3.37199 3.38396 3.39677 3.41043 3.42489 3.44011 3.45604 3.47261 3.48975 3.50737 3.52538 3.54367 3.56215 3.5807 3.5992 3.61755 3.63562 3.65331 3.67051 3.68709 3.70298 3.71806 3.73225 3.74546 3.75763 3.76868 3.77855 3.78719 3.79455 3.8006 3.80531 3.80865 3.81061 3.81117 3.81033 3.80809 3.80447 3.79949 3.79316 3.78552 3.77661 3.76647 3.75517 3.74276 3.72932 3.71492 3.69966 3.68363 3.66693 3.64967 3.63195 3.61388 3.5956 3.5772 3.55882 3.54055 3.52251 3.5048 3.48752 3.47076 3.45459 3.43909 3.42431 3.41031 3.39711 3.38476 3.37326 3.36262 3.35284 3.3439 3.3358 3.32849 3.32196 3.31618 3.3111 3.30669 3.30291 3.29974 3.29713 3.29507 3.29352 3.29247 3.2919 
3.28577 3.28616 3.28705 3.28847 3.29043 3.29295 3.29605 3.29977 3.30415 3.30922 3.31503 3.3216 3.32898 3.3372 3.34629 3.35627 3.36716 3.37896 3.39167 3.40528 3.41977 3.43509 3.4512 3.46803 3.48553 3.50361 3.52217 3.54112 3.56035 3.57975 3.5992 3.61859 3.63778 3.65667 3.67514 3.69307 3.71035 3.72688 3.74256 3.7573 3.77101 3.78363 3.79508 3.8053 3.81424 3.82186 3.82812 3.83299 3.83645 3.83847 3.83905 3.83819 3.83589 3.83215 3.827 3.82046 3.81255 3.80333 3.79283 3.78111 3.76823 3.75427 3.73931 3.72343 3.70672 3.68931 3.67128 3.65276 3.63386 3.6147 3.59542 3.57611 3.55691 3.53793 3.51928 3.50106 3.48336 3.46628 3.44988 3.43423 3.41939 3.40539 3.39227 3.38004 3.36872 3.3583 3.34877 3.34012 3.33231 3.32533 3.31913 3.31369 3.30896 3.3049 3.30149 3.29869 3.29646 3.29479 3.29364 3.29302 
3.28689 3.28729 3.28825 3.28975 3.29184 3.29452 3.29783 3.3018 3.30647 3.31188 3.31806 3.32506 3.33291 3.34165 3.35131 3.36191 3.37346 3.38597 3.39943 3.41382 3.42913 3.4453 3.46229 3.48002 3.49843 3.51743 3.53692 3.55679 3.57693 3.59722 3.61755 3.63778 3.6578 3.67747 3.69669 3.71532 3.73326 3.7504 3.76665 3.7819 3.79609 3.80913 3.82095 3.8315 3.84073 3.84859 3.85504 3.86006 3.86362 3.86571 3.86631 3.86543 3.86306 3.85922 3.85392 3.84718 3.83904 3.82952 3.81868 3.80657 3.79326 3.77881 3.7633 3.74683 3.72949 3.71139 3.69263 3.67334 3.65364 3.63364 3.61349 3.59329 3.57318 3.55328 3.53371 3.51456 3.49595 3.47796 3.46068 3.44417 3.42849 3.4137 3.39981 3.38686 3.37486 3.3638 3.35368 3.34447 3.33617 3.32873 3.32212 3.31631 3.31126 3.30692 3.30327 3.30027 3.29787 3.29607 3.29484 3.29416 
3.28802 3.28845 3.28945 3.29105 3.29326 3.29611 3.29963 3.30385 3.30881 3.31455 3.32111 3.32854 3.33687 3.34613 3.35635 3.36756 3.37977 3.39297 3.40717 3.42234 3.43845 3.45546 3.47331 3.49193 3.51123 3.53112 3.55151 3.57227 3.59329 3.61446 3.63562 3.65667 3.67747 3.6979 3.71782 3.73712 3.75568 3.7734 3.79018 3.80592 3.82054 3.83397 3.84615 3.857 3.86649 3.87456 3.8812 3.88635 3.89001 3.89216 3.89279 3.89189 3.88947 3.88553 3.8801 3.87318 3.86481 3.85503 3.84388 3.83141 3.81768 3.80278 3.78677 3.76974 3.7518 3.73305 3.7136 3.69357 3.6731 3.6523 3.6313 3.61025 3.58926 3.56847 3.54799 3.52795 3.50844 3.48956 3.47141 3.45406 3.43756 3.42198 3.40734 3.39367 3.38099 3.3693 3.35859 3.34884 3.34004 3.33215 3.32513 3.31895 3.31358 3.30896 3.30507 3.30186 3.2993 3.29738 3.29605 3.29532 
3.28917 3.28961 3.29067 3.29236 3.2947 3.29771 3.30144 3.3059 3.31115 3.31723 3.32417 3.33202 3.34081 3.35059 3.36137 3.37318 3.38603 3.39993 3.41485 3.43078 3.44768 3.46551 3.4842 3.50367 3.52383 3.5446 3.56585 3.58748 3.60935 3.63134 3.65331 3.67514 3.69669 3.71782 3.73841 3.75833 3.77748 3.79574 3.81301 3.82921 3.84424 3.85803 3.87052 3.88165 3.89138 3.89966 3.90645 3.91173 3.91549 3.91769 3.91834 3.91743 3.91496 3.91094 3.90538 3.8983 3.88974 3.87971 3.86827 3.85548 3.84138 3.82605 3.80957 3.79202 3.77352 3.75415 3.73405 3.71333 3.69212 3.67055 3.64875 3.62687 3.60504 3.58339 3.56204 3.54112 3.52074 3.50101 3.48201 3.46383 3.44653 3.43018 3.4148 3.40043 3.38708 3.37476 3.36347 3.35319 3.34389 3.33555 3.32813 3.32159 3.31589 3.311 3.30686 3.30345 3.30074 3.29868 3.29727 3.29648 
3.29031 3.29077 3.29188 3.29366 3.29613 3.29931 3.30324 3.30795 3.31348 3.31989 3.3272 3.33546 3.34472 3.355 3.36633 3.37873 3.39221 3.40678 3.42241 3.43908 3.45675 3.47537 3.49487 3.51516 3.53616 3.55776 3.57985 3.6023 3.62498 3.64776 3.67051 3.69307 3.71532 3.73712 3.75833 3.77885 3.79854 3.8173 3.83503 3.85164 3.86704 3.88116 3.89395 3.90533 3.91527 3.92373 3.93067 3.93607 3.93991 3.94217 3.94284 3.94192 3.93941 3.93531 3.92965 3.92243 3.91368 3.90344 3.89174 3.87864 3.8642 3.84848 3.83157 3.81355 3.79452 3.77458 3.75387 3.73249 3.71058 3.68828 3.66573 3.64306 3.62042 3.59794 3.57576 3.554 3.53279 3.51222 3.49241 3.47342 3.45535 3.43824 3.42214 3.40708 3.39308 3.38016 3.3683 3.35749 3.3477 3.33892 3.3311 3.3242 3.31819 3.31302 3.30865 3.30504 3.30216 3.29999 3.29849 3.29765 
3.29144 3.29191 3.29308 3.29495 3.29754 3.30089 3.30501 3.30996 3.31578 3.3225 3.33018 3.33885 3.34855 3.35932 3.37119 3.38417 3.39826 3.41348 3.42979 3.44718 3.46559 3.48497 3.50525 3.52634 3.54814 3.57054 3.59342 3.61665 3.6401 3.66363 3.68709 3.71035 3.73326 3.75568 3.77748 3.79854 3.81873 3.83796 3.85611 3.87309 3.88883 3.90326 3.9163 3.92792 3.93805 3.94667 3.95375 3.95925 3.96316 3.96547 3.96616 3.96523 3.96269 3.95853 3.95277 3.94542 3.93652 3.92609 3.91416 3.90079 3.88604 3.86997 3.85266 3.83419 3.81468 3.79422 3.77293 3.75094 3.72838 3.7054 3.68213 3.65871 3.63531 3.61204 3.58907 3.56651 3.54449 3.52313 3.50252 3.48277 3.46394 3.4461 3.4293 3.41358 3.39896 3.38544 3.37302 3.3617 3.35144 3.34223 3.33402 3.32677 3.32045 3.31501 3.31041 3.30661 3.30357 3.30128 3.29969 3.2988 
3.29255 3.29304 3.29426 3.29622 3.29893 3.30243 3.30675 3.31194 3.31803 3.32506 3.33309 3.34215 3.35229 3.36354 3.37592 3.38945 3.40414 3.41998 3.43695 3.45502 3.47414 3.49425 3.51527 3.53711 3.55967 3.58283 3.60646 3.63043 3.65461 3.67884 3.70298 3.72688 3.7504 3.7734 3.79574 3.8173 3.83796 3.8576 3.87613 3.89346 3.90951 3.9242 3.93748 3.9493 3.95961 3.96837 3.97556 3.98116 3.98513 3.98748 3.9882 3.98727 3.98469 3.98048 3.97464 3.96719 3.95815 3.94755 3.93542 3.92181 3.90678 3.89039 3.87272 3.85385 3.83389 3.81294 3.79113 3.76857 3.74541 3.72178 3.69784 3.67373 3.6496 3.6256 3.60187 3.57855 3.55576 3.53364 3.51229 3.49179 3.47225 3.45371 3.43625 3.41988 3.40465 3.39056 3.37762 3.3658 3.35509 3.34545 3.33687 3.32928 3.32266 3.31696 3.31213 3.30814 3.30496 3.30254 3.30087 3.29993 
3.29363 3.29414 3.29541 3.29745 3.30028 3.30393 3.30845 3.31385 3.3202 3.32754 3.33591 3.34535 3.3559 3.3676 3.38048 3.39454 3.40979 3.42622 3.44382 3.46254 3.48233 3.50313 3.52486 3.54741 3.57068 3.59455 3.61889 3.64356 3.66841 3.69329 3.71806 3.74256 3.76665 3.79018 3.81301 3.83503 3.85611 3.87613 3.89501 3.91264 3.92896 3.9439 3.95739 3.96938 3.97984 3.98873 3.99603 4.0017 4.00574 4.00813 4.00886 4.00793 4.00534 4.00108 3.99518 3.98763 3.97847 3.96772 3.95541 3.94159 3.92631 3.90964 3.89164 3.87242 3.85205 3.83066 3.80836 3.78528 3.76156 3.73734 3.71278 3.68801 3.66321 3.63851 3.61407 3.59004 3.56654 3.5437 3.52163 3.50044 3.48021 3.46102 3.44291 3.42594 3.41013 3.3955 3.38204 3.36975 3.3586 3.34857 3.33962 3.33171 3.3248 3.31884 3.3138 3.30963 3.3063 3.30377 3.30202 3.30103 
3.29467 3.2952 3.29652 3.29864 3.30158 3.30538 3.31007 3.31569 3.32229 3.32991 3.3386 3.3484 3.35935 3.37149 3.38483 3.39939 3.41517 3.43217 3.45035 3.46969 3.49011 3.51156 3.53395 3.55716 3.5811 3.60564 3.63063 3.65594 3.68142 3.7069 3.73225 3.7573 3.7819 3.80592 3.82921 3.85164 3.87309 3.89346 3.91264 3.93055 3.94711 3.96226 3.97593 3.98809 3.99868 4.00768 4.01507 4.02081 4.0249 4.02733 4.02808 4.02715 4.02454 4.02025 4.01428 4.00666 3.9974 3.98652 3.97406 3.96005 3.94456 3.92763 3.90935 3.88979 3.86907 3.84727 3.82453 3.80098 3.77675 3.75198 3.72684 3.70148 3.67605 3.65071 3.62561 3.60091 3.57673 3.55322 3.53049 3.50864 3.48777 3.46796 3.44925 3.43171 3.41535 3.4002 3.38626 3.37352 3.36195 3.35154 3.34225 3.33403 3.32685 3.32065 3.3154 3.31106 3.30759 3.30495 3.30312 3.30209 
3.29566 3.29621 3.29757 3.29977 3.30282 3.30675 3.31161 3.31744 3.32427 3.33217 3.34116 3.3513 3.36262 3.37516 3.38893 3.40396 3.42024 3.43777 3.4565 3.47641 3.49742 3.51947 3.54247 3.5663 3.59086 3.61601 3.6416 3.6675 3.69355 3.71959 3.74546 3.77101 3.79609 3.82054 3.84424 3.86704 3.88883 3.90951 3.92896 3.94711 3.96389 3.97922 3.99305 4.00534 4.01605 4.02515 4.03261 4.03842 4.04255 4.04501 4.04577 4.04485 4.04222 4.03791 4.0319 4.02422 4.01487 4.00388 3.99129 3.97712 3.96143 3.94428 3.92575 3.9059 3.88485 3.8627 3.83956 3.81558 3.79088 3.76562 3.73995 3.71404 3.68803 3.6621 3.6364 3.61108 3.58629 3.56215 3.5388 3.51635 3.49488 3.47448 3.45522 3.43713 3.42027 3.40463 3.39024 3.37707 3.36512 3.35435 3.34474 3.33623 3.32879 3.32237 3.31693 3.31242 3.30881 3.30607 3.30417 3.3031 
3.2966 3.29716 3.29856 3.30083 3.30398 3.30804 3.31306 3.31908 3.32613 3.33427 3.34355 3.354 3.36566 3.37858 3.39276 3.40822 3.42497 3.44297 3.46222 3.48265 3.5042 3.52681 3.55036 3.57476 3.59988 3.62559 3.65174 3.67817 3.70474 3.73128 3.75763 3.78363 3.80913 3.83397 3.85803 3.88116 3.90326 3.9242 3.9439 3.96226 3.97922 3.99471 4.00868 4.02109 4.03189 4.04107 4.0486 4.05446 4.05864 4.06112 4.0619 4.06098 4.05835 4.05401 4.04797 4.04023 4.03081 4.01974 4.00703 3.99272 3.97687 3.95953 3.94077 3.92067 3.89933 3.87686 3.85337 3.829 3.80388 3.77817 3.75203 3.72562 3.69909 3.67262 3.64637 3.62049 3.59512 3.57042 3.5465 3.52349 3.50147 3.48054 3.46076 3.44218 3.42484 3.40876 3.39395 3.38039 3.36808 3.35698 3.34706 3.33828 3.3306 3.32397 3.31835 3.31369 3.30997 3.30713 3.30516 3.30405 
3.29746 3.29804 3.29948 3.30181 3.30506 3.30924 3.3144 3.32059 3.32785 3.33622 3.34575 3.35649 3.36847 3.38173 3.39628 3.41214 3.4293 3.44775 3.46745 3.48836 3.51041 3.53351 3.55757 3.58248 3.60811 3.63432 3.66096 3.68788 3.71492 3.7419 3.76868 3.79508 3.82095 3.84615 3.87052 3.89395 3.9163 3.93748 3.95739 3.97593 3.99305 4.00868 4.02277 4.03527 4.04617 4.05541 4.063 4.0689 4.07311 4.07562 4.07642 4.0755 4.07286 4.06851 4.06244 4.05466 4.04518 4.03403 4.02122 4.0068 3.99081 3.9733 3.95435 3.93403 3.91244 3.88968 3.86588 3.84117 3.81568 3.78958 3.76301 3.73615 3.70916 3.68221 3.65545 3.62906 3.60319 3.57797 3.55354 3.53002 3.5075 3.48609 3.46584 3.44681 3.42904 3.41255 3.39735 3.38344 3.3708 3.3594 3.34921 3.34018 3.33228 3.32546 3.31967 3.31487 3.31103 3.30811 3.30608 3.30493 
3.29825 3.29884 3.30032 3.30271 3.30604 3.31033 3.31562 3.32197 3.3294 3.33798 3.34775 3.35874 3.37101 3.38457 3.39945 3.41567 3.43321 3.45205 3.47216 3.4935 3.51598 3.53954 3.56405 3.58941 3.61549 3.64215 3.66923 3.69657 3.72402 3.7514 3.77855 3.8053 3.8315 3.857 3.88165 3.90533 3.92792 3.9493 3.96938 3.98809 4.00534 4.02109 4.03527 4.04786 4.05882 4.06813 4.07576 4.0817 4.08594 4.08847 4.08928 4.08837 4.08573 4.08136 4.07527 4.06746 4.05793 4.04672 4.03384 4.01932 4.00321 3.98556 3.96644 3.94593 3.92412 3.90112 3.87704 3.85203 3.82622 3.79977 3.77283 3.74557 3.71817 3.69079 3.6636 3.63676 3.61043 3.58475 3.55986 3.53589 3.51293 3.49108 3.47041 3.45098 3.43282 3.41597 3.40043 3.3862 3.37326 3.36159 3.35115 3.3419 3.3338 3.3268 3.32087 3.31595 3.312 3.309 3.30692 3.30573 
3.29896 3.29956 3.30107 3.30352 3.30691 3.3113 3.31671 3.32319 3.33079 3.33955 3.34952 3.36074 3.37325 3.38709 3.40226 3.41879 3.43666 3.45585 3.47632 3.49803 3.5209 3.54484 3.56975 3.5955 3.62198 3.64902 3.67648 3.7042 3.732 3.75972 3.78719 3.81424 3.84073 3.86649 3.89138 3.91527 3.93805 3.95961 3.97984 3.99868 4.01605 4.03189 4.04617 4.05882 4.06984 4.0792 4.08687 4.09284 4.09711 4.09965 4.10047 4.09957 4.09693 4.09255 4.08644 4.0786 4.06904 4.05777 4.04482 4.03022 4.01401 3.99624 3.97698 3.95631 3.93432 3.91111 3.8868 3.86153 3.83544 3.80869 3.78143 3.75383 3.72607 3.69832 3.67074 3.64351 3.61678 3.59071 3.56542 3.54105 3.51771 3.49548 3.47444 3.45466 3.43616 3.41899 3.40315 3.38864 3.37544 3.36352 3.35287 3.34342 3.33515 3.328 3.32193 3.3169 3.31287 3.3098 3.30766 3.30645 
3.29958 3.30019 3.30173 3.30421 3.30767 3.31214 3.31765 3.32425 3.33198 3.3409 3.35105 3.36246 3.37519 3.38926 3.40468 3.42147 3.43962 3.45911 3.47989 3.50191 3.52511 3.54938 3.57462 3.60071 3.62752 3.65489 3.68267 3.7107 3.7388 3.76681 3.79455 3.82186 3.84859 3.87456 3.89966 3.92373 3.94667 3.96837 3.98873 4.00768 4.02515 4.04107 4.05541 4.06813 4.0792 4.08859 4.09629 4.10229 4.10658 4.10914 4.10997 4.10907 4.10643 4.10205 4.09592 4.08806 4.07847 4.06716 4.05416 4.03949 4.0232 4.00533 3.98595 3.96515 3.943 3.91961 3.89511 3.86962 3.8433 3.81629 3.78876 3.76088 3.73281 3.70475 3.67685 3.64929 3.62222 3.59581 3.57018 3.54548 3.5218 3.49925 3.4779 3.45781 3.43903 3.42159 3.40549 3.39074 3.37731 3.3652 3.35435 3.34474 3.33632 3.32904 3.32286 3.31773 3.31362 3.31049 3.30831 3.30707 
3.30009 3.30071 3.30227 3.3048 3.30831 3.31285 3.31844 3.32514 3.33298 3.34203 3.35232 3.3639 3.3768 3.39106 3.40669 3.4237 3.44208 3.4618 3.48284 3.50512 3.52858 3.55312 3.57864 3.60501 3.63209 3.65973 3.68777 3.71605 3.7444 3.77264 3.8006 3.82812 3.85504 3.8812 3.90645 3.93067 3.95375 3.97556 3.99603 4.01507 4.03261 4.0486 4.063 4.07576 4.08687 4.09629 4.10402 4.11004 4.11435 4.11692 4.11776 4.11686 4.11422 4.10984 4.1037 4.09582 4.08621 4.07486 4.06182 4.0471 4.03073 4.01279 3.99332 3.9724 3.95012 3.92659 3.90193 3.87627 3.84976 3.82254 3.79479 3.76667 3.73836 3.71004 3.68187 3.65404 3.6267 3.60001 3.57411 3.54913 3.52518 3.50237 3.48076 3.46043 3.44141 3.42374 3.40743 3.39248 3.37887 3.36659 3.35559 3.34584 3.33729 3.3299 3.32363 3.31842 3.31425 3.31107 3.30886 3.3076 
3.30051 3.30113 3.30271 3.30527 3.30882 3.31341 3.31907 3.32584 3.33378 3.34292 3.35333 3.36503 3.37807 3.39248 3.40826 3.42544 3.444 3.46391 3.48514 3.50763 3.5313 3.55605 3.58178 3.60835 3.63564 3.66349 3.69174 3.72022 3.74875 3.77718 3.80531 3.83299 3.86006 3.88635 3.91173 3.93607 3.95925 3.98116 4.0017 4.02081 4.03842 4.05446 4.0689 4.0817 4.09284 4.10229 4.11004 4.11608 4.1204 4.12298 4.12383 4.12294 4.12029 4.1159 4.10976 4.10187 4.09223 4.08086 4.06778 4.05301 4.0366 4.01859 3.99904 3.97804 3.95566 3.93202 3.90724 3.88144 3.85478 3.8274 3.79947 3.77117 3.74268 3.71415 3.68578 3.65774 3.63019 3.60329 3.57717 3.55198 3.52782 3.5048 3.483 3.46247 3.44327 3.42543 3.40895 3.39385 3.3801 3.36768 3.35656 3.3467 3.33806 3.33059 3.32424 3.31898 3.31475 3.31153 3.3093 3.30802 
3.30082 3.30145 3.30304 3.30562 3.3092 3.31382 3.31953 3.32635 3.33435 3.34357 3.35406 3.36585 3.37898 3.39349 3.4094 3.42669 3.44538 3.46543 3.48679 3.50942 3.53323 3.55813 3.58401 3.61073 3.63817 3.66616 3.69455 3.72317 3.75184 3.78039 3.80865 3.83645 3.86362 3.89001 3.91549 3.93991 3.96316 3.98513 4.00574 4.0249 4.04255 4.05864 4.07311 4.08594 4.09711 4.10658 4.11435 4.1204 4.12472 4.12731 4.12817 4.12728 4.12463 4.12024 4.11409 4.10618 4.09653 4.08514 4.07203 4.05723 4.04078 4.02272 4.00312 3.98205 3.9596 3.93588 3.91101 3.88511 3.85834 3.83085 3.8028 3.77437 3.74574 3.71707 3.68856 3.66037 3.63267 3.60561 3.57935 3.55401 3.5297 3.50654 3.48459 3.46393 3.4446 3.42664 3.41005 3.39483 3.38098 3.36847 3.35727 3.34733 3.33862 3.33109 3.32469 3.31938 3.31512 3.31188 3.30962 3.30833 
3.30102 3.30165 3.30325 3.30584 3.30944 3.31408 3.31981 3.32667 3.33471 3.34397 3.3545 3.36634 3.37954 3.39411 3.41008 3.42744 3.4462 3.46632 3.48777 3.51048 3.53437 3.55935 3.58531 3.61213 3.63965 3.66773 3.6962 3.7249 3.75365 3.78228 3.81061 3.83847 3.86571 3.89216 3.91769 3.94217 3.96547 3.98748 4.00813 4.02733 4.04501 4.06112 4.07562 4.08847 4.09965 4.10914 4.11692 4.12298 4.12731 4.12991 4.13077 4.12988 4.12723 4.12283 4.11668 4.10876 4.09909 4.08769 4.07456 4.05974 4.04325 4.02516 4.00552 3.98441 3.96192 3.93815 3.91322 3.88726 3.86042 3.83286 3.80474 3.77624 3.74752 3.71878 3.69018 3.66191 3.63412 3.60698 3.58063 3.5552 3.53081 3.50756 3.48554 3.4648 3.4454 3.42736 3.4107 3.39543 3.38152 3.36895 3.3577 3.34772 3.33897 3.3314 3.32497 3.31964 3.31536 3.31209 3.30983 3.30853 
