2.11319 2.11346 2.11373 2.114 2.11426 2.11451 2.11474 2.11497 2.11518 2.11537 2.11556 2.11573 2.11588 2.11603 2.11617 2.11631 2.11644 2.11656 2.11669 2.11682 2.11696 2.11711 2.11727 2.11744 2.11763 2.11783 2.11806 2.1183 2.11857 2.11885 2.11916 2.11949 2.11984 2.1202 2.12058 2.12097 2.12137 2.12177 2.12217 2.12256 2.12295 2.12332 2.12367 2.12399 2.12428 2.12454 2.12476 2.12494 2.12508 2.12517 2.12522 2.12522 2.12517 2.12507 2.12493 2.12474 2.12452 2.12426 2.12396 2.12364 2.1233 2.12294 2.12256 2.12217 2.12178 2.12139 2.121 2.12062 2.12026 2.11991 2.11957 2.11926 2.11896 2.11869 2.11845 2.11822 2.11803 2.11786 2.11771 2.11759 2.11749 2.11742 2.11738 2.11735 2.11736 2.11739 2.11744 2.11751 2.11761 2.11774 2.11788 2.11805 2.11823 2.11844 2.11866 2.1189 2.11915 2.11941 2.11968 2.11995 
2.11346 2.11374 2.11401 2.11428 2.11453 2.11478 2.11502 2.11524 2.11545 2.11565 2.11583 2.116 2.11616 2.1163 2.11644 2.11658 2.1167 2.11683 2.11696 2.11709 2.11723 2.11738 2.11753 2.11771 2.1179 2.1181 2.11833 2.11858 2.11885 2.11914 2.11945 2.11979 2.12014 2.12052 2.1209 2.1213 2.12171 2.12212 2.12252 2.12293 2.12332 2.1237 2.12406 2.12439 2.12469 2.12495 2.12518 2.12537 2.12551 2.1256 2.12565 2.12564 2.12559 2.12549 2.12535 2.12516 2.12493 2.12466 2.12436 2.12403 2.12368 2.1233 2.12292 2.12252 2.12212 2.12172 2.12133 2.12094 2.12057 2.12021 2.11987 2.11955 2.11925 2.11898 2.11873 2.1185 2.1183 2.11813 2.11798 2.11786 2.11776 2.11769 2.11764 2.11762 2.11763 2.11766 2.11771 2.11778 2.11788 2.11801 2.11815 2.11832 2.11851 2.11871 2.11894 2.11917 2.11943 2.11969 2.11996 2.12023 
2.11373 2.11401 2.11428 2.11455 2.1148 2.11505 2.11529 2.11551 2.11572 2.11592 2.1161 2.11627 2.11643 2.11658 2.11672 2.11686 2.11699 2.11712 2.11726 2.1174 2.11754 2.1177 2.11787 2.11805 2.11826 2.11848 2.11873 2.119 2.1193 2.11961 2.11996 2.12032 2.12071 2.12111 2.12154 2.12197 2.12241 2.12286 2.12331 2.12375 2.12418 2.12459 2.12498 2.12534 2.12567 2.12596 2.1262 2.1264 2.12656 2.12666 2.12671 2.1267 2.12664 2.12653 2.12637 2.12617 2.12591 2.12562 2.12529 2.12493 2.12455 2.12414 2.12372 2.12329 2.12285 2.12241 2.12198 2.12156 2.12115 2.12076 2.12039 2.12004 2.11972 2.11942 2.11914 2.1189 2.11868 2.11849 2.11833 2.11819 2.11809 2.11801 2.11795 2.11792 2.11792 2.11794 2.11799 2.11807 2.11816 2.11829 2.11843 2.1186 2.11878 2.11899 2.11921 2.11945 2.1197 2.11996 2.12023 2.1205 
2.114 2.11428 2.11455 2.11481 2.11507 2.11532 2.11556 2.11578 2.11599 2.11619 2.11638 2.11655 2.11671 2.11687 2.11701 2.11716 2.1173 2.11744 2.11758 2.11774 2.1179 2.11808 2.11827 2.11848 2.11872 2.11898 2.11926 2.11958 2.11992 2.12029 2.12068 2.1211 2.12155 2.12202 2.12251 2.12301 2.12352 2.12403 2.12455 2.12505 2.12555 2.12602 2.12646 2.12688 2.12725 2.12758 2.12786 2.12809 2.12827 2.12838 2.12843 2.12843 2.12836 2.12823 2.12804 2.1278 2.12751 2.12717 2.1268 2.12638 2.12594 2.12547 2.12498 2.12449 2.12398 2.12348 2.12298 2.1225 2.12203 2.12158 2.12115 2.12075 2.12037 2.12002 2.11971 2.11942 2.11917 2.11895 2.11876 2.1186 2.11847 2.11837 2.1183 2.11825 2.11824 2.11825 2.11829 2.11836 2.11845 2.11857 2.11871 2.11887 2.11905 2.11926 2.11948 2.11972 2.11997 2.12023 2.12049 2.12077 
2.11426 2.11453 2.1148 2.11507 2.11533 2.11558 2.11582 2.11604 2.11626 2.11646 2.11665 2.11682 2.11699 2.11715 2.11731 2.11747 2.11762 2.11778 2.11794 2.11812 2.11831 2.11852 2.11875 2.119 2.11929 2.1196 2.11994 2.12032 2.12073 2.12117 2.12165 2.12216 2.1227 2.12326 2.12385 2.12445 2.12506 2.12567 2.12629 2.12689 2.12747 2.12804 2.12856 2.12905 2.1295 2.12989 2.13022 2.13049 2.13069 2.13082 2.13088 2.13087 2.13079 2.13063 2.13041 2.13012 2.12977 2.12937 2.12892 2.12842 2.12789 2.12733 2.12675 2.12616 2.12556 2.12496 2.12436 2.12378 2.12322 2.12268 2.12216 2.12168 2.12123 2.12081 2.12043 2.12008 2.11977 2.1195 2.11927 2.11907 2.11891 2.11878 2.11868 2.11861 2.11858 2.11858 2.11861 2.11866 2.11874 2.11885 2.11899 2.11914 2.11932 2.11952 2.11974 2.11998 2.12023 2.12048 2.12075 2.12102 
2.11451 2.11478 2.11505 2.11532 2.11558 2.11583 2.11607 2.1163 2.11651 2.11672 2.11691 2.1171 2.11728 2.11745 2.11762 2.11779 2.11796 2.11814 2.11834 2.11855 2.11878 2.11903 2.11931 2.11963 2.11998 2.12036 2.12079 2.12125 2.12176 2.12231 2.1229 2.12353 2.12419 2.12488 2.1256 2.12633 2.12708 2.12783 2.12858 2.12931 2.13003 2.13071 2.13135 2.13194 2.13248 2.13295 2.13335 2.13367 2.13391 2.13407 2.13414 2.13412 2.13402 2.13382 2.13355 2.1332 2.13277 2.13228 2.13173 2.13112 2.13048 2.12979 2.12908 2.12836 2.12762 2.12689 2.12616 2.12545 2.12476 2.1241 2.12347 2.12287 2.12231 2.1218 2.12133 2.1209 2.12051 2.12018 2.11988 2.11963 2.11941 2.11924 2.11911 2.11901 2.11895 2.11893 2.11893 2.11897 2.11904 2.11914 2.11926 2.11942 2.11959 2.11978 2.12 2.12023 2.12048 2.12073 2.121 2.12127 
2.11474 2.11502 2.11529 2.11556 2.11582 2.11607 2.11631 2.11654 2.11676 2.11697 2.11718 2.11737 2.11756 2.11775 2.11794 2.11813 2.11833 2.11854 2.11878 2.11903 2.11931 2.11963 2.11998 2.12037 2.12081 2.12129 2.12182 2.12241 2.12304 2.12373 2.12447 2.12525 2.12607 2.12693 2.12782 2.12874 2.12966 2.13059 2.13151 2.13241 2.13329 2.13412 2.13491 2.13563 2.13629 2.13686 2.13735 2.13774 2.13803 2.13822 2.1383 2.13827 2.13814 2.1379 2.13756 2.13712 2.1366 2.13599 2.13531 2.13457 2.13377 2.13293 2.13205 2.13116 2.13025 2.12934 2.12845 2.12756 2.12671 2.12589 2.1251 2.12436 2.12367 2.12302 2.12243 2.12189 2.12141 2.12098 2.1206 2.12028 2.12 2.11977 2.11959 2.11945 2.11935 2.1193 2.11928 2.1193 2.11935 2.11943 2.11954 2.11968 2.11985 2.12004 2.12025 2.12048 2.12072 2.12097 2.12124 2.12151 
2.11497 2.11524 2.11551 2.11578 2.11604 2.1163 2.11654 2.11678 2.11701 2.11722 2.11744 2.11764 2.11785 2.11806 2.11827 2.11849 2.11873 2.11898 2.11927 2.11958 2.11993 2.12032 2.12076 2.12126 2.12181 2.12242 2.12309 2.12383 2.12463 2.12549 2.12641 2.12739 2.12842 2.12949 2.1306 2.13173 2.13288 2.13402 2.13516 2.13628 2.13735 2.13838 2.13934 2.14023 2.14103 2.14173 2.14233 2.1428 2.14315 2.14338 2.14347 2.14344 2.14327 2.14297 2.14255 2.14201 2.14136 2.14061 2.13977 2.13885 2.13786 2.13682 2.13574 2.13464 2.13352 2.13239 2.13128 2.13018 2.12912 2.12809 2.12712 2.12619 2.12532 2.12451 2.12377 2.12309 2.12248 2.12194 2.12146 2.12104 2.12068 2.12038 2.12013 2.11994 2.11979 2.1197 2.11965 2.11963 2.11966 2.11973 2.11982 2.11995 2.1201 2.12029 2.12049 2.12071 2.12095 2.1212 2.12146 2.12173 
2.11518 2.11545 2.11572 2.11599 2.11626 2.11651 2.11676 2.11701 2.11724 2.11747 2.1177 2.11792 2.11815 2.11838 2.11862 2.11888 2.11916 2.11948 2.11982 2.12021 2.12065 2.12114 2.1217 2.12232 2.12301 2.12378 2.12462 2.12555 2.12655 2.12764 2.12879 2.13001 2.13129 2.13263 2.134 2.1354 2.13682 2.13824 2.13964 2.14102 2.14234 2.1436 2.14478 2.14587 2.14684 2.1477 2.14842 2.14899 2.14942 2.14969 2.1498 2.14975 2.14954 2.14917 2.14864 2.14798 2.14718 2.14626 2.14522 2.14409 2.14287 2.14159 2.14026 2.13889 2.13751 2.13612 2.13474 2.13338 2.13206 2.13079 2.12957 2.12842 2.12733 2.12632 2.12539 2.12454 2.12377 2.12308 2.12247 2.12193 2.12147 2.12107 2.12075 2.12049 2.12028 2.12014 2.12004 2.11999 2.11999 2.12003 2.1201 2.12021 2.12036 2.12053 2.12072 2.12094 2.12117 2.12142 2.12168 2.12195 
2.11537 2.11565 2.11592 2.11619 2.11646 2.11672 2.11697 2.11722 2.11747 2.11771 2.11795 2.1182 2.11845 2.11872 2.119 2.11931 2.11965 2.12003 2.12046 2.12094 2.12149 2.12211 2.1228 2.12358 2.12445 2.12542 2.12648 2.12764 2.12889 2.13024 2.13168 2.13319 2.13478 2.13643 2.13813 2.13986 2.14161 2.14335 2.14507 2.14675 2.14837 2.14991 2.15135 2.15267 2.15385 2.15489 2.15576 2.15646 2.15697 2.15729 2.15742 2.15735 2.15709 2.15663 2.15599 2.15517 2.15419 2.15306 2.15179 2.15041 2.14892 2.14735 2.14571 2.14404 2.14233 2.14062 2.13892 2.13725 2.13562 2.13404 2.13253 2.1311 2.12975 2.1285 2.12733 2.12627 2.1253 2.12443 2.12366 2.12298 2.12239 2.12188 2.12146 2.12111 2.12083 2.12062 2.12047 2.12038 2.12033 2.12034 2.12039 2.12048 2.12061 2.12076 2.12095 2.12115 2.12138 2.12162 2.12188 2.12214 
2.11556 2.11583 2.1161 2.11638 2.11665 2.11691 2.11718 2.11744 2.1177 2.11795 2.11822 2.11849 2.11878 2.11908 2.11942 2.11979 2.1202 2.12067 2.1212 2.1218 2.12248 2.12325 2.12412 2.1251 2.12618 2.12738 2.12871 2.13014 2.1317 2.13337 2.13515 2.13702 2.13898 2.14101 2.14309 2.14521 2.14734 2.14947 2.15157 2.15361 2.15557 2.15744 2.15918 2.16078 2.16221 2.16346 2.16451 2.16534 2.16596 2.16634 2.16649 2.1664 2.16607 2.16551 2.16473 2.16374 2.16254 2.16117 2.15963 2.15794 2.15613 2.15422 2.15222 2.15018 2.14809 2.146 2.14392 2.14187 2.13987 2.13793 2.13608 2.13431 2.13265 2.13109 2.12965 2.12833 2.12713 2.12604 2.12507 2.12421 2.12346 2.12282 2.12227 2.12182 2.12145 2.12116 2.12094 2.12079 2.1207 2.12067 2.12069 2.12075 2.12085 2.12099 2.12116 2.12136 2.12158 2.12182 2.12207 2.12233 
2.11573 2.116 2.11627 2.11655 2.11682 2.1171 2.11737 2.11764 2.11792 2.1182 2.11849 2.1188 2.11913 2.11948 2.11988 2.12033 2.12083 2.1214 2.12205 2.1228 2.12364 2.1246 2.12568 2.12689 2.12824 2.12973 2.13137 2.13314 2.13506 2.13711 2.13929 2.14159 2.14398 2.14646 2.14899 2.15157 2.15415 2.15673 2.15926 2.16173 2.16409 2.16634 2.16843 2.17035 2.17206 2.17355 2.17481 2.1758 2.17653 2.17698 2.17715 2.17703 2.17663 2.17596 2.17501 2.17381 2.17237 2.17071 2.16886 2.16682 2.16463 2.16232 2.15991 2.15743 2.15491 2.15238 2.14985 2.14735 2.14492 2.14256 2.14029 2.13813 2.13609 2.13418 2.13241 2.13077 2.12929 2.12794 2.12673 2.12566 2.12473 2.12391 2.12322 2.12263 2.12215 2.12177 2.12147 2.12125 2.1211 2.12102 2.121 2.12103 2.12111 2.12122 2.12138 2.12156 2.12177 2.122 2.12224 2.1225 
2.11588 2.11616 2.11643 2.11671 2.11699 2.11728 2.11756 2.11785 2.11815 2.11845 2.11878 2.11913 2.11951 2.11993 2.1204 2.12094 2.12155 2.12225 2.12306 2.12397 2.12502 2.1262 2.12754 2.12903 2.13069 2.13252 2.13452 2.1367 2.13905 2.14155 2.1442 2.14699 2.14989 2.15288 2.15594 2.15905 2.16216 2.16525 2.16829 2.17124 2.17407 2.17674 2.17923 2.18151 2.18355 2.18532 2.1868 2.18798 2.18884 2.18937 2.18956 2.18941 2.18893 2.18812 2.18698 2.18555 2.18383 2.18184 2.17962 2.17719 2.17457 2.1718 2.16891 2.16593 2.1629 2.15985 2.15681 2.1538 2.15085 2.14799 2.14524 2.14262 2.14014 2.13782 2.13565 2.13366 2.13183 2.13018 2.12869 2.12737 2.1262 2.12519 2.12432 2.12358 2.12296 2.12246 2.12206 2.12176 2.12154 2.1214 2.12133 2.12132 2.12137 2.12146 2.12159 2.12176 2.12195 2.12217 2.12241 2.12266 
2.11603 2.1163 2.11658 2.11687 2.11715 2.11745 2.11775 2.11806 2.11838 2.11872 2.11908 2.11948 2.11993 2.12043 2.121 2.12164 2.12239 2.12325 2.12423 2.12535 2.12663 2.12809 2.12972 2.13155 2.13358 2.13581 2.13825 2.14089 2.14374 2.14676 2.14997 2.15332 2.15681 2.1604 2.16406 2.16777 2.17148 2.17516 2.17877 2.18227 2.18562 2.18879 2.19173 2.19442 2.19682 2.1989 2.20064 2.20202 2.20302 2.20363 2.20385 2.20367 2.20309 2.20212 2.20078 2.19908 2.19704 2.19469 2.19206 2.18917 2.18606 2.18277 2.17934 2.1758 2.17218 2.16854 2.1649 2.1613 2.15777 2.15434 2.15104 2.14788 2.14489 2.14207 2.13945 2.13703 2.13481 2.1328 2.13098 2.12936 2.12792 2.12667 2.12559 2.12467 2.12389 2.12325 2.12273 2.12233 2.12203 2.12182 2.12169 2.12163 2.12164 2.1217 2.1218 2.12195 2.12213 2.12234 2.12257 2.12282 
2.11617 2.11644 2.11672 2.11701 2.11731 2.11762 2.11794 2.11827 2.11862 2.119 2.11942 2.11988 2.1204 2.121 2.12168 2.12246 2.12336 2.1244 2.1256 2.12697 2.12853 2.1303 2.13229 2.13451 2.13697 2.13967 2.14261 2.1458 2.14921 2.15285 2.15668 2.16069 2.16484 2.16911 2.17346 2.17785 2.18224 2.18658 2.19083 2.19495 2.19888 2.20259 2.20604 2.20918 2.21198 2.21441 2.21644 2.21804 2.2192 2.21991 2.22015 2.21993 2.21924 2.2181 2.21653 2.21453 2.21214 2.20938 2.20628 2.20289 2.19923 2.19536 2.19131 2.18713 2.18286 2.17855 2.17424 2.16997 2.16578 2.16169 2.15775 2.15398 2.1504 2.14703 2.14388 2.14096 2.13829 2.13585 2.13365 2.13168 2.12993 2.1284 2.12707 2.12593 2.12496 2.12416 2.1235 2.12298 2.12258 2.12228 2.12208 2.12197 2.12192 2.12195 2.12202 2.12214 2.12231 2.1225 2.12272 2.12296 
2.11631 2.11658 2.11686 2.11716 2.11747 2.11779 2.11813 2.11849 2.11888 2.11931 2.11979 2.12033 2.12094 2.12164 2.12246 2.1234 2.12449 2.12575 2.1272 2.12886 2.13075 2.13289 2.13529 2.13796 2.14092 2.14416 2.14768 2.15149 2.15556 2.15988 2.16443 2.16917 2.17408 2.17912 2.18423 2.18939 2.19453 2.19961 2.20458 2.20937 2.21396 2.21827 2.22227 2.22591 2.22915 2.23196 2.2343 2.23614 2.23748 2.23828 2.23855 2.23829 2.23748 2.23616 2.23432 2.232 2.22921 2.226 2.2224 2.21844 2.21418 2.20966 2.20493 2.20004 2.19504 2.18999 2.18492 2.1799 2.17495 2.17013 2.16547 2.161 2.15675 2.15274 2.14899 2.14551 2.14231 2.13938 2.13674 2.13437 2.13226 2.1304 2.12878 2.12738 2.12619 2.1252 2.12438 2.12371 2.12319 2.1228 2.12251 2.12233 2.12223 2.12221 2.12225 2.12234 2.12248 2.12266 2.12287 2.1231 
2.11644 2.1167 2.11699 2.1173 2.11762 2.11796 2.11833 2.11873 2.11916 2.11965 2.1202 2.12083 2.12155 2.12239 2.12336 2.12449 2.1258 2.12732 2.12906 2.13106 2.13333 2.13589 2.13877 2.14196 2.14549 2.14934 2.15353 2.15804 2.16285 2.16794 2.17329 2.17887 2.18462 2.1905 2.19647 2.20247 2.20845 2.21434 2.22009 2.22564 2.23093 2.2359 2.2405 2.24468 2.2484 2.25161 2.25429 2.2564 2.25792 2.25883 2.25913 2.25882 2.25789 2.25635 2.25423 2.25156 2.24835 2.24464 2.24048 2.23592 2.23099 2.22577 2.22029 2.21462 2.20881 2.20293 2.19703 2.19116 2.18538 2.17974 2.17427 2.16902 2.16402 2.15929 2.15485 2.15073 2.14693 2.14345 2.1403 2.13746 2.13493 2.1327 2.13075 2.12906 2.12761 2.12639 2.12538 2.12455 2.12389 2.12338 2.123 2.12273 2.12257 2.12249 2.12249 2.12255 2.12266 2.12282 2.12301 2.12323 
2.11656 2.11683 2.11712 2.11744 2.11778 2.11814 2.11854 2.11898 2.11948 2.12003 2.12067 2.1214 2.12225 2.12325 2.1244 2.12575 2.12732 2.12913 2.13122 2.1336 2.13631 2.13936 2.14277 2.14656 2.15073 2.15528 2.16021 2.16551 2.17115 2.17711 2.18335 2.18984 2.19652 2.20335 2.21025 2.21718 2.22407 2.23084 2.23744 2.2438 2.24985 2.25552 2.26077 2.26554 2.26977 2.27342 2.27645 2.27884 2.28056 2.28159 2.28192 2.28155 2.28048 2.27873 2.27631 2.27325 2.26958 2.26535 2.26059 2.25537 2.24973 2.24373 2.23744 2.23092 2.22423 2.21745 2.21063 2.20384 2.19714 2.19059 2.18422 2.1781 2.17226 2.16672 2.16152 2.15668 2.1522 2.1481 2.14437 2.14101 2.138 2.13534 2.13301 2.13098 2.12924 2.12776 2.12652 2.12551 2.12468 2.12403 2.12354 2.12318 2.12294 2.1228 2.12275 2.12277 2.12285 2.12298 2.12316 2.12337 
2.11669 2.11696 2.11726 2.11758 2.11794 2.11834 2.11878 2.11927 2.11982 2.12046 2.1212 2.12205 2.12306 2.12423 2.1256 2.1272 2.12906 2.13122 2.13369 2.13652 2.13972 2.14333 2.14735 2.15181 2.1567 2.16203 2.16779 2.17397 2.18053 2.18744 2.19467 2.20216 2.20986 2.2177 2.22563 2.23356 2.24142 2.24915 2.25666 2.26389 2.27075 2.27718 2.28311 2.28849 2.29326 2.29737 2.30079 2.30347 2.3054 2.30655 2.30691 2.30648 2.30526 2.30328 2.30054 2.29708 2.29293 2.28813 2.28274 2.27681 2.27041 2.26359 2.25642 2.24898 2.24135 2.23359 2.22578 2.21798 2.21028 2.20273 2.19538 2.1883 2.18153 2.1751 2.16905 2.16341 2.15818 2.15337 2.14899 2.14504 2.1415 2.13835 2.13558 2.13317 2.13109 2.12932 2.12783 2.12659 2.12558 2.12478 2.12415 2.12368 2.12335 2.12314 2.12303 2.123 2.12304 2.12315 2.12331 2.1235 
2.11682 2.11709 2.1174 2.11774 2.11812 2.11855 2.11903 2.11958 2.12021 2.12094 2.1218 2.1228 2.12397 2.12535 2.12697 2.12886 2.13106 2.1336 2.13652 2.13985 2.14361 2.14784 2.15254 2.15774 2.16344 2.16964 2.17632 2.18345 2.19102 2.19898 2.20728 2.21586 2.22466 2.2336 2.24262 2.25162 2.26054 2.26928 2.27776 2.28589 2.29361 2.30083 2.30749 2.31351 2.31885 2.32344 2.32725 2.33024 2.33238 2.33365 2.33405 2.33356 2.33219 2.32996 2.32689 2.323 2.31835 2.31296 2.30691 2.30024 2.29302 2.28533 2.27724 2.26883 2.26018 2.25138 2.2425 2.23362 2.22483 2.2162 2.20779 2.19966 2.19187 2.18447 2.17748 2.17095 2.16489 2.1593 2.15421 2.14959 2.14544 2.14175 2.1385 2.13566 2.13319 2.13109 2.12931 2.12782 2.1266 2.12561 2.12484 2.12424 2.12381 2.12351 2.12333 2.12325 2.12325 2.12333 2.12346 2.12365 
2.11696 2.11723 2.11754 2.1179 2.11831 2.11878 2.11931 2.11993 2.12065 2.12149 2.12248 2.12364 2.12502 2.12663 2.12853 2.13075 2.13333 2.13631 2.13972 2.14361 2.148 2.15292 2.15838 2.16441 2.17099 2.17814 2.18582 2.194 2.20267 2.21175 2.2212 2.23096 2.24093 2.25105 2.26123 2.27137 2.28139 2.2912 2.30069 2.30978 2.31839 2.32644 2.33384 2.34053 2.34644 2.35153 2.35575 2.35905 2.36141 2.36281 2.36324 2.36269 2.36116 2.35868 2.35526 2.35095 2.34577 2.33978 2.33303 2.32559 2.31753 2.30893 2.29987 2.29044 2.28072 2.27081 2.2608 2.25077 2.24082 2.23102 2.22146 2.21221 2.20332 2.19485 2.18685 2.17934 2.17237 2.16593 2.16004 2.15469 2.14987 2.14558 2.14178 2.13845 2.13556 2.13308 2.13098 2.12921 2.12775 2.12656 2.12561 2.12487 2.12432 2.12393 2.12367 2.12353 2.12348 2.12352 2.12363 2.12379 
2.11711 2.11738 2.1177 2.11808 2.11852 2.11903 2.11963 2.12032 2.12114 2.12211 2.12325 2.1246 2.1262 2.12809 2.1303 2.13289 2.13589 2.13936 2.14333 2.14784 2.15292 2.1586 2.1649 2.17182 2.17938 2.18755 2.19632 2.20564 2.21548 2.22577 2.23646 2.24745 2.25868 2.27004 2.28143 2.29277 2.30394 2.31485 2.32539 2.33547 2.345 2.35389 2.36205 2.36942 2.37593 2.38152 2.38615 2.38977 2.39235 2.39388 2.39434 2.39372 2.39204 2.3893 2.38554 2.38078 2.37507 2.36846 2.36101 2.35278 2.34386 2.33432 2.32425 2.31375 2.30292 2.29185 2.28064 2.2694 2.25822 2.2472 2.23641 2.22595 2.21588 2.20627 2.19717 2.18861 2.18064 2.17327 2.16651 2.16036 2.15481 2.14985 2.14545 2.14158 2.13822 2.13532 2.13285 2.13077 2.12904 2.12762 2.12648 2.12558 2.12489 2.12439 2.12404 2.12383 2.12373 2.12373 2.1238 2.12395 
2.11727 2.11753 2.11787 2.11827 2.11875 2.11931 2.11998 2.12076 2.1217 2.1228 2.12412 2.12568 2.12754 2.12972 2.13229 2.13529 2.13877 2.14277 2.14735 2.15254 2.15838 2.1649 2.1721 2.18001 2.18861 2.19789 2.20782 2.21836 2.22945 2.24103 2.25301 2.26532 2.27785 2.2905 2.30317 2.31574 2.3281 2.34014 2.35176 2.36285 2.37331 2.38305 2.39198 2.40003 2.40714 2.41323 2.41827 2.42221 2.42501 2.42667 2.42716 2.42648 2.42464 2.42165 2.41754 2.41234 2.4061 2.39886 2.3907 2.38167 2.37187 2.36137 2.35028 2.33869 2.3267 2.31443 2.30199 2.28948 2.27702 2.2647 2.25262 2.24088 2.22956 2.21873 2.20844 2.19876 2.18972 2.18134 2.17363 2.16661 2.16026 2.15457 2.14951 2.14506 2.14117 2.13781 2.13494 2.1325 2.13047 2.1288 2.12744 2.12636 2.12553 2.1249 2.12446 2.12417 2.124 2.12395 2.124 2.12412 
2.11744 2.11771 2.11805 2.11848 2.119 2.11963 2.12037 2.12126 2.12232 2.12358 2.1251 2.12689 2.12903 2.13155 2.13451 2.13796 2.14196 2.14656 2.15181 2.15774 2.16441 2.17182 2.18001 2.18897 2.19869 2.20915 2.22032 2.23215 2.24456 2.25748 2.27083 2.2845 2.29838 2.31237 2.32634 2.34017 2.35375 2.36694 2.37965 2.39175 2.40314 2.41373 2.42343 2.43216 2.43985 2.44645 2.45189 2.45614 2.45916 2.46094 2.46147 2.46073 2.45873 2.4555 2.45105 2.44541 2.43864 2.43079 2.42191 2.41209 2.40141 2.38995 2.37782 2.36512 2.35196 2.33847 2.32475 2.31094 2.29714 2.28347 2.27005 2.25697 2.24432 2.2322 2.22067 2.20979 2.1996 2.19014 2.18142 2.17346 2.16625 2.15976 2.15399 2.14889 2.14443 2.14056 2.13725 2.13443 2.13207 2.13011 2.12851 2.12724 2.12623 2.12547 2.12492 2.12453 2.1243 2.1242 2.12421 2.12431 
2.11763 2.1179 2.11826 2.11872 2.11929 2.11998 2.12081 2.12181 2.12301 2.12445 2.12618 2.12824 2.13069 2.13358 2.13697 2.14092 2.14549 2.15073 2.1567 2.16344 2.17099 2.17938 2.18861 2.19869 2.2096 2.22132 2.23379 2.24696 2.26075 2.27508 2.28983 2.30491 2.32019 2.33554 2.35083 2.36594 2.38073 2.39509 2.40887 2.42198 2.4343 2.44573 2.45618 2.46558 2.47384 2.48091 2.48675 2.4913 2.49454 2.49644 2.49699 2.4962 2.49406 2.49058 2.4858 2.47975 2.47247 2.46401 2.45444 2.44384 2.43228 2.41987 2.4067 2.39289 2.37855 2.36382 2.34881 2.33366 2.3185 2.30345 2.28863 2.27415 2.26013 2.24666 2.23382 2.22167 2.21027 2.19966 2.18987 2.1809 2.17276 2.16543 2.15888 2.15308 2.148 2.14359 2.13978 2.13655 2.13382 2.13156 2.1297 2.1282 2.12701 2.1261 2.12542 2.12494 2.12463 2.12447 2.12444 2.12451 
2.11783 2.1181 2.11848 2.11898 2.1196 2.12036 2.12129 2.12242 2.12378 2.12542 2.12738 2.12973 2.13252 2.13581 2.13967 2.14416 2.14934 2.15528 2.16203 2.16964 2.17814 2.18755 2.19789 2.20915 2.22132 2.23434 2.24818 2.26275 2.27797 2.29373 2.30993 2.32644 2.34313 2.35986 2.37649 2.39287 2.40888 2.42438 2.43923 2.45333 2.46655 2.47879 2.48997 2.5 2.50881 2.51635 2.52255 2.52739 2.53083 2.53285 2.53344 2.53259 2.53031 2.52662 2.52152 2.51507 2.5073 2.49827 2.48803 2.47667 2.46426 2.45091 2.43673 2.42182 2.40631 2.39034 2.37403 2.35753 2.34098 2.32452 2.30827 2.29237 2.27693 2.26205 2.24784 2.23437 2.2217 2.20989 2.19895 2.18892 2.17979 2.17155 2.16418 2.15764 2.15189 2.14688 2.14256 2.13886 2.13575 2.13314 2.131 2.12926 2.12787 2.12679 2.12597 2.12539 2.12499 2.12477 2.12469 2.12473 
2.11806 2.11833 2.11873 2.11926 2.11994 2.12079 2.12182 2.12309 2.12462 2.12648 2.12871 2.13137 2.13452 2.13825 2.14261 2.14768 2.15353 2.16021 2.16779 2.17632 2.18582 2.19632 2.20782 2.22032 2.23379 2.24818 2.26342 2.27943 2.29611 2.31335 2.33101 2.34897 2.36708 2.38518 2.40313 2.42078 2.43798 2.4546 2.47049 2.48553 2.49962 2.51264 2.52451 2.53514 2.54447 2.55244 2.559 2.56411 2.56774 2.56987 2.57049 2.56959 2.56719 2.56328 2.5579 2.55108 2.54285 2.53327 2.5224 2.51032 2.4971 2.48285 2.46768 2.4517 2.43504 2.41784 2.40025 2.3824 2.36446 2.34657 2.32888 2.31151 2.29462 2.27831 2.26268 2.24784 2.23385 2.22078 2.20865 2.1975 2.18733 2.17813 2.16988 2.16255 2.15608 2.15044 2.14556 2.14138 2.13783 2.13487 2.13241 2.13041 2.1288 2.12754 2.12658 2.12587 2.12539 2.12509 2.12496 2.12498 
2.1183 2.11858 2.119 2.11958 2.12032 2.12125 2.12241 2.12383 2.12555 2.12764 2.13014 2.13314 2.1367 2.14089 2.1458 2.15149 2.15804 2.16551 2.17397 2.18345 2.194 2.20564 2.21836 2.23215 2.24696 2.26275 2.27943 2.29691 2.31507 2.33379 2.35293 2.37234 2.39185 2.41132 2.43057 2.44945 2.46781 2.4855 2.50238 2.51834 2.53324 2.54699 2.55951 2.5707 2.58051 2.58888 2.59575 2.60111 2.60491 2.60715 2.6078 2.60686 2.60434 2.60025 2.59461 2.58745 2.57881 2.56873 2.55727 2.54451 2.53053 2.51542 2.4993 2.48229 2.46452 2.44613 2.42727 2.4081 2.38878 2.36946 2.35031 2.33148 2.31311 2.29533 2.27826 2.26201 2.24666 2.23228 2.21892 2.2066 2.19534 2.18514 2.17597 2.1678 2.16058 2.15426 2.14878 2.14408 2.14008 2.13673 2.13394 2.13165 2.12981 2.12836 2.12724 2.1264 2.12582 2.12545 2.12526 2.12524 
2.11857 2.11885 2.1193 2.11992 2.12073 2.12176 2.12304 2.12463 2.12655 2.12889 2.1317 2.13506 2.13905 2.14374 2.14921 2.15556 2.16285 2.17115 2.18053 2.19102 2.20267 2.21548 2.22945 2.24456 2.26075 2.27797 2.29611 2.31507 2.33473 2.35493 2.37554 2.39637 2.41727 2.43806 2.45858 2.47865 2.49812 2.51683 2.53465 2.55145 2.56712 2.58154 2.59465 2.60635 2.61659 2.62532 2.63248 2.63806 2.64202 2.64434 2.64502 2.64406 2.64144 2.6372 2.63133 2.62387 2.61485 2.60431 2.59232 2.57894 2.56425 2.54835 2.53134 2.51335 2.49452 2.47498 2.45489 2.43443 2.41375 2.39302 2.37243 2.35213 2.33228 2.31302 2.29449 2.27681 2.26007 2.24435 2.22971 2.21618 2.2038 2.19255 2.18241 2.17336 2.16535 2.15833 2.15223 2.14697 2.14249 2.13872 2.13558 2.13299 2.1309 2.12924 2.12794 2.12697 2.12628 2.12583 2.12558 2.12553 
2.11885 2.11914 2.11961 2.12029 2.12117 2.12231 2.12373 2.12549 2.12764 2.13024 2.13337 2.13711 2.14155 2.14676 2.15285 2.15988 2.16794 2.17711 2.18744 2.19898 2.21175 2.22577 2.24103 2.25748 2.27508 2.29373 2.31335 2.33379 2.35493 2.37661 2.39865 2.42089 2.44314 2.46521 2.48694 2.50814 2.52865 2.54832 2.56701 2.58459 2.60095 2.61599 2.62962 2.64178 2.6524 2.66144 2.66886 2.67462 2.67872 2.68113 2.68184 2.68085 2.67816 2.67378 2.66771 2.66 2.65065 2.63973 2.62726 2.61333 2.598 2.58136 2.56353 2.54463 2.52479 2.50416 2.4829 2.46118 2.43919 2.41709 2.39507 2.37332 2.35199 2.33126 2.31126 2.29213 2.27398 2.2569 2.24095 2.22619 2.21265 2.20031 2.18918 2.17923 2.17039 2.16263 2.15587 2.15003 2.14505 2.14084 2.13732 2.13442 2.13206 2.13018 2.1287 2.12759 2.12678 2.12624 2.12593 2.12583 
2.11916 2.11945 2.11996 2.12068 2.12165 2.1229 2.12447 2.12641 2.12879 2.13168 2.13515 2.13929 2.1442 2.14997 2.15668 2.16443 2.17329 2.18335 2.19467 2.20728 2.2212 2.23646 2.25301 2.27083 2.28983 2.30993 2.33101 2.35293 2.37554 2.39865 2.4221 2.4457 2.46924 2.49254 2.51541 2.53767 2.55916 2.57971 2.5992 2.61748 2.63446 2.65003 2.66413 2.67668 2.68762 2.69693 2.70456 2.71049 2.7147 2.71718 2.71791 2.71691 2.71416 2.70967 2.70346 2.69553 2.68592 2.67465 2.66178 2.64736 2.63146 2.61418 2.5956 2.57586 2.55509 2.53344 2.51107 2.48816 2.46489 2.44147 2.41807 2.39489 2.37211 2.34991 2.32845 2.30787 2.2883 2.26984 2.25258 2.23656 2.22183 2.20839 2.19624 2.18535 2.17566 2.16713 2.15969 2.15326 2.14775 2.14308 2.13917 2.13593 2.13329 2.13117 2.12951 2.12824 2.12731 2.12667 2.1263 2.12616 
2.11949 2.11979 2.12032 2.1211 2.12216 2.12353 2.12525 2.12739 2.13001 2.13319 2.13702 2.14159 2.14699 2.15332 2.16069 2.16917 2.17887 2.18984 2.20216 2.21586 2.23096 2.24745 2.26532 2.2845 2.30491 2.32644 2.34897 2.37234 2.39637 2.42089 2.4457 2.47059 2.49536 2.51981 2.54376 2.567 2.58938 2.61074 2.63093 2.64984 2.66735 2.68339 2.69788 2.71075 2.72196 2.73149 2.73929 2.74534 2.74965 2.75219 2.75295 2.75194 2.74915 2.74459 2.73826 2.73017 2.72034 2.70881 2.6956 2.68077 2.66438 2.64652 2.62729 2.60679 2.58517 2.56257 2.53917 2.51513 2.49067 2.46597 2.44123 2.41667 2.39247 2.36883 2.34593 2.32391 2.30293 2.2831 2.26451 2.24723 2.23129 2.21673 2.20354 2.19169 2.18113 2.17182 2.16367 2.15662 2.15056 2.14542 2.1411 2.13752 2.13459 2.13222 2.13036 2.12892 2.12787 2.12714 2.1267 2.12652 
2.11984 2.12014 2.12071 2.12155 2.1227 2.12419 2.12607 2.12842 2.13129 2.13478 2.13898 2.14398 2.14989 2.15681 2.16484 2.17408 2.18462 2.19652 2.20986 2.22466 2.24093 2.25868 2.27785 2.29838 2.32019 2.34313 2.36708 2.39185 2.41727 2.44314 2.46924 2.49536 2.52129 2.54682 2.57175 2.59589 2.61908 2.64114 2.66196 2.6814 2.69938 2.7158 2.7306 2.74373 2.75516 2.76484 2.77277 2.77893 2.7833 2.78589 2.78668 2.78567 2.78287 2.77826 2.77185 2.76365 2.75366 2.74192 2.72844 2.71328 2.69649 2.67814 2.65833 2.63716 2.61478 2.59133 2.56697 2.54189 2.5163 2.49039 2.46438 2.43849 2.41292 2.38788 2.36356 2.34013 2.31776 2.29656 2.27665 2.2581 2.24096 2.22527 2.21103 2.19821 2.18677 2.17665 2.16779 2.16009 2.15348 2.14785 2.14311 2.13917 2.13593 2.13332 2.13125 2.12964 2.12845 2.12762 2.12711 2.12689 
2.1202 2.12052 2.12111 2.12202 2.12326 2.12488 2.12693 2.12949 2.13263 2.13643 2.14101 2.14646 2.15288 2.1604 2.16911 2.17912 2.1905 2.20335 2.2177 2.2336 2.25105 2.27004 2.2905 2.31237 2.33554 2.35986 2.38518 2.41132 2.43806 2.46521 2.49254 2.51981 2.54682 2.57334 2.59917 2.62412 2.64801 2.6707 2.69204 2.71194 2.73028 2.74701 2.76206 2.77538 2.78696 2.79676 2.80478 2.811 2.81543 2.81805 2.81886 2.81787 2.81506 2.81043 2.80398 2.79571 2.78563 2.77374 2.76007 2.74465 2.72754 2.70879 2.68849 2.66675 2.6437 2.61948 2.59426 2.56822 2.54158 2.51454 2.48733 2.46017 2.43329 2.4069 2.38121 2.35641 2.33266 2.31012 2.2889 2.26909 2.25076 2.23394 2.21864 2.20485 2.19251 2.18159 2.172 2.16366 2.15648 2.15035 2.14518 2.14087 2.13733 2.13445 2.13217 2.13039 2.12907 2.12813 2.12754 2.12727 
2.12058 2.1209 2.12154 2.12251 2.12385 2.1256 2.12782 2.1306 2.134 2.13813 2.14309 2.14899 2.15594 2.16406 2.17346 2.18423 2.19647 2.21025 2.22563 2.24262 2.26123 2.28143 2.30317 2.32634 2.35083 2.37649 2.40313 2.43057 2.45858 2.48694 2.51541 2.54376 2.57175 2.59917 2.6258 2.65146 2.67597 2.69919 2.72097 2.74123 2.75987 2.77682 2.79204 2.8055 2.81717 2.82704 2.8351 2.84136 2.84582 2.84846 2.8493 2.84832 2.84553 2.84091 2.83446 2.82617 2.81604 2.80407 2.79028 2.77468 2.75732 2.73825 2.71756 2.69534 2.67171 2.64681 2.62082 2.59392 2.56632 2.53824 2.5099 2.48155 2.45341 2.42573 2.39872 2.37259 2.34752 2.32367 2.30117 2.28012 2.26061 2.24267 2.22632 2.21156 2.19833 2.1866 2.17628 2.16729 2.15953 2.1529 2.1473 2.14262 2.13876 2.13562 2.13311 2.13116 2.1297 2.12866 2.12799 2.12768 
2.12097 2.1213 2.12197 2.12301 2.12445 2.12633 2.12874 2.13173 2.1354 2.13986 2.14521 2.15157 2.15905 2.16777 2.17785 2.18939 2.20247 2.21718 2.23356 2.25162 2.27137 2.29277 2.31574 2.34017 2.36594 2.39287 2.42078 2.44945 2.47865 2.50814 2.53767 2.567 2.59589 2.62412 2.65146 2.67774 2.70277 2.72642 2.74856 2.7691 2.78794 2.80505 2.82038 2.83391 2.84562 2.85551 2.86359 2.86986 2.87432 2.87698 2.87783 2.87688 2.87412 2.86954 2.86312 2.85485 2.84472 2.83273 2.81887 2.80317 2.78564 2.76635 2.74535 2.72273 2.69862 2.67314 2.64648 2.6188 2.59033 2.56129 2.53191 2.50244 2.47313 2.44423 2.41596 2.38856 2.3622 2.33708 2.31334 2.29109 2.27042 2.25138 2.234 2.21828 2.20417 2.19163 2.18058 2.17094 2.16261 2.15548 2.14944 2.14439 2.14021 2.1368 2.13408 2.13195 2.13034 2.12919 2.12845 2.12809 
2.12137 2.12171 2.12241 2.12352 2.12506 2.12708 2.12966 2.13288 2.13682 2.14161 2.14734 2.15415 2.16216 2.17148 2.18224 2.19453 2.20845 2.22407 2.24142 2.26054 2.28139 2.30394 2.3281 2.35375 2.38073 2.40888 2.43798 2.46781 2.49812 2.52865 2.55916 2.58938 2.61908 2.64801 2.67597 2.70277 2.72824 2.75224 2.77465 2.79538 2.81437 2.83156 2.84693 2.86047 2.87218 2.88205 2.89011 2.89636 2.90081 2.90347 2.90435 2.90343 2.90072 2.89619 2.88983 2.88162 2.87154 2.85957 2.84572 2.82997 2.81235 2.7929 2.77168 2.74875 2.72425 2.69829 2.67104 2.64268 2.61343 2.58352 2.55319 2.52269 2.49229 2.46224 2.43279 2.40417 2.37659 2.35026 2.32531 2.3019 2.28011 2.26 2.24161 2.22495 2.20997 2.19664 2.18488 2.1746 2.1657 2.15807 2.15159 2.14616 2.14167 2.13799 2.13505 2.13274 2.13099 2.12974 2.12892 2.12851 
2.12177 2.12212 2.12286 2.12403 2.12567 2.12783 2.13059 2.13402 2.13824 2.14335 2.14947 2.15673 2.16525 2.17516 2.18658 2.19961 2.21434 2.23084 2.24915 2.26928 2.2912 2.31485 2.34014 2.36694 2.39509 2.42438 2.4546 2.4855 2.51683 2.54832 2.57971 2.61074 2.64114 2.6707 2.69919 2.72642 2.75224 2.7765 2.7991 2.81996 2.83902 2.85624 2.8716 2.88511 2.89676 2.90658 2.91459 2.9208 2.92523 2.92788 2.92877 2.9279 2.92524 2.92078 2.91451 2.90639 2.8964 2.88451 2.8707 2.85497 2.83733 2.8178 2.79642 2.77327 2.74845 2.72209 2.69435 2.66541 2.63548 2.60479 2.57359 2.54215 2.51074 2.47962 2.44906 2.41929 2.39056 2.36307 2.33698 2.31245 2.28958 2.26844 2.24908 2.2315 2.21569 2.20158 2.18912 2.17821 2.16875 2.16063 2.15373 2.14793 2.14312 2.13918 2.13602 2.13353 2.13164 2.13028 2.12939 2.12893 
2.12217 2.12252 2.12331 2.12455 2.12629 2.12858 2.13151 2.13516 2.13964 2.14507 2.15157 2.15926 2.16829 2.17877 2.19083 2.20458 2.22009 2.23744 2.25666 2.27776 2.30069 2.32539 2.35176 2.37965 2.40887 2.43923 2.47049 2.50238 2.53465 2.56701 2.5992 2.63093 2.66196 2.69204 2.72097 2.74856 2.77465 2.7991 2.82183 2.84275 2.86181 2.879 2.89431 2.90774 2.91931 2.92905 2.93698 2.94313 2.94752 2.95016 2.95107 2.95023 2.94764 2.94328 2.93711 2.92911 2.91923 2.90746 2.89375 2.87809 2.86047 2.84092 2.81946 2.79616 2.77111 2.74444 2.71628 2.68684 2.65631 2.62493 2.59297 2.56067 2.52834 2.49623 2.46464 2.43381 2.404 2.37541 2.34825 2.32265 2.29875 2.27663 2.25634 2.23788 2.22126 2.20641 2.19327 2.18175 2.17174 2.16315 2.15583 2.14967 2.14455 2.14036 2.13698 2.13432 2.13229 2.13082 2.12986 2.12936 
2.12256 2.12293 2.12375 2.12505 2.12689 2.12931 2.13241 2.13628 2.14102 2.14675 2.15361 2.16173 2.17124 2.18227 2.19495 2.20937 2.22564 2.2438 2.26389 2.28589 2.30978 2.33547 2.36285 2.39175 2.42198 2.45333 2.48553 2.51834 2.55145 2.58459 2.61748 2.64984 2.6814 2.71194 2.74123 2.7691 2.79538 2.81996 2.84275 2.86367 2.8827 2.89982 2.91503 2.92835 2.93981 2.94944 2.95728 2.96335 2.96769 2.97032 2.97123 2.97044 2.96792 2.96366 2.95761 2.94975 2.94002 2.92839 2.91481 2.89926 2.88173 2.8622 2.84072 2.81734 2.79212 2.7652 2.73672 2.70685 2.67582 2.64384 2.61118 2.57813 2.54495 2.51195 2.47941 2.4476 2.41678 2.38718 2.359 2.33241 2.30754 2.28449 2.26331 2.24402 2.22662 2.21106 2.19727 2.18517 2.17465 2.16559 2.15787 2.15136 2.14595 2.1415 2.13792 2.13509 2.13293 2.13136 2.13032 2.12977 
2.12295 2.12332 2.12418 2.12555 2.12747 2.13003 2.13329 2.13735 2.14234 2.14837 2.15557 2.16409 2.17407 2.18562 2.19888 2.21396 2.23093 2.24985 2.27075 2.29361 2.31839 2.345 2.37331 2.40314 2.4343 2.46655 2.49962 2.53324 2.56712 2.60095 2.63446 2.66735 2.69938 2.73028 2.75987 2.78794 2.81437 2.83902 2.86181 2.8827 2.90165 2.91866 2.93375 2.94693 2.95826 2.96776 2.97549 2.98148 2.98577 2.98837 2.98929 2.98855 2.98611 2.98195 2.97604 2.96832 2.95876 2.94729 2.93388 2.91847 2.90105 2.8816 2.86014 2.83672 2.81141 2.78431 2.75557 2.72535 2.69388 2.66139 2.62813 2.59439 2.56047 2.52666 2.49326 2.46055 2.42881 2.39827 2.36916 2.34164 2.31587 2.29194 2.26993 2.24986 2.23173 2.2155 2.2011 2.18844 2.17742 2.16793 2.15982 2.15299 2.14729 2.14261 2.13882 2.13583 2.13354 2.13187 2.13077 2.13017 
2.12332 2.1237 2.12459 2.12602 2.12804 2.13071 2.13412 2.13838 2.1436 2.14991 2.15744 2.16634 2.17674 2.18879 2.20259 2.21827 2.2359 2.25552 2.27718 2.30083 2.32644 2.35389 2.38305 2.41373 2.44573 2.47879 2.51264 2.54699 2.58154 2.61599 2.65003 2.68339 2.7158 2.74701 2.77682 2.80505 2.83156 2.85624 2.879 2.89982 2.91866 2.93554 2.95048 2.96352 2.97469 2.98406 2.99167 2.99757 3.0018 3.00437 3.00531 3.0046 3.00224 2.99819 2.99242 2.98486 2.97547 2.96419 2.95095 2.93571 2.91842 2.89908 2.87769 2.85428 2.82891 2.80169 2.77275 2.74226 2.71042 2.67748 2.64371 2.60937 2.57479 2.54026 2.50608 2.47256 2.43998 2.40859 2.37861 2.35025 2.32364 2.29892 2.27614 2.25534 2.23653 2.21967 2.2047 2.19153 2.18005 2.17014 2.16168 2.15453 2.14857 2.14366 2.13968 2.13654 2.13413 2.13237 2.13119 2.13056 
2.12367 2.12406 2.12498 2.12646 2.12856 2.13135 2.13491 2.13934 2.14478 2.15135 2.15918 2.16843 2.17923 2.19173 2.20604 2.22227 2.2405 2.26077 2.28311 2.30749 2.33384 2.36205 2.39198 2.42343 2.45618 2.48997 2.52451 2.55951 2.59465 2.62962 2.66413 2.69788 2.7306 2.76206 2.79204 2.82038 2.84693 2.8716 2.89431 2.91503 2.93375 2.95048 2.96526 2.97814 2.98916 2.99839 3.00588 3.01169 3.01585 3.01839 3.01933 3.01867 3.01639 3.01245 3.00681 2.99942 2.99021 2.97911 2.96605 2.95099 2.93386 2.91465 2.89335 2.86997 2.84459 2.81729 2.7882 2.75749 2.72536 2.69205 2.65783 2.62298 2.58781 2.55264 2.51778 2.48354 2.4502 2.41804 2.3873 2.35816 2.3308 2.30534 2.28186 2.26041 2.24098 2.22354 2.20804 2.19439 2.18248 2.1722 2.16341 2.15597 2.14976 2.14464 2.14049 2.1372 2.13468 2.13283 2.1316 2.13093 
2.12399 2.12439 2.12534 2.12688 2.12905 2.13194 2.13563 2.14023 2.14587 2.15267 2.16078 2.17035 2.18151 2.19442 2.20918 2.22591 2.24468 2.26554 2.28849 2.31351 2.34053 2.36942 2.40003 2.43216 2.46558 2.5 2.53514 2.5707 2.60635 2.64178 2.67668 2.71075 2.74373 2.77538 2.8055 2.83391 2.86047 2.88511 2.90774 2.92835 2.94693 2.96352 2.97814 2.99085 3.00172 3.01081 3.01819 3.0239 3.028 3.03052 3.03146 3.03084 3.02863 3.0248 3.01929 3.01206 3.00302 2.9921 2.97923 2.96434 2.94738 2.92831 2.90711 2.8838 2.85843 2.83109 2.80189 2.77101 2.73864 2.70502 2.67042 2.63513 2.59946 2.56373 2.52828 2.4934 2.4594 2.42656 2.39513 2.36531 2.33727 2.31116 2.28705 2.265 2.24501 2.22706 2.21109 2.19701 2.18471 2.17408 2.16499 2.15729 2.15085 2.14554 2.14123 2.13782 2.13519 2.13326 2.13197 2.13127 
2.12428 2.12469 2.12567 2.12725 2.1295 2.13248 2.13629 2.14103 2.14684 2.15385 2.16221 2.17206 2.18355 2.19682 2.21198 2.22915 2.2484 2.26977 2.29326 2.31885 2.34644 2.37593 2.40714 2.43985 2.47384 2.50881 2.54447 2.58051 2.61659 2.6524 2.68762 2.72196 2.75516 2.78696 2.81717 2.84562 2.87218 2.89676 2.91931 2.93981 2.95826 2.97469 2.98916 3.00172 3.01245 3.02141 3.02867 3.0343 3.03834 3.04083 3.04178 3.0412 3.03906 3.03532 3.02994 3.02285 3.01397 3.00322 2.99053 2.97581 2.95901 2.94007 2.91898 2.89575 2.87041 2.84305 2.81378 2.78276 2.7502 2.71633 2.68141 2.64575 2.60966 2.57347 2.53749 2.50207 2.4675 2.43407 2.40204 2.37162 2.343 2.31631 2.29165 2.26908 2.2486 2.23019 2.2138 2.19934 2.1867 2.17576 2.1664 2.15847 2.15183 2.14635 2.1419 2.13837 2.13565 2.13365 2.13231 2.13157 
2.12454 2.12495 2.12596 2.12758 2.12989 2.13295 2.13686 2.14173 2.1477 2.15489 2.16346 2.17355 2.18532 2.1989 2.21441 2.23196 2.25161 2.27342 2.29737 2.32344 2.35153 2.38152 2.41323 2.44645 2.48091 2.51635 2.55244 2.58888 2.62532 2.66144 2.69693 2.73149 2.76484 2.79676 2.82704 2.85551 2.88205 2.90658 2.92905 2.94944 2.96776 2.98406 2.99839 3.01081 3.02141 3.03025 3.03742 3.04297 3.04696 3.04943 3.05038 3.04983 3.04775 3.0441 3.03883 3.03186 3.02313 3.01254 3 2.98544 2.96878 2.94998 2.92899 2.90584 2.88054 2.85317 2.82385 2.79274 2.76002 2.72595 2.69077 2.65481 2.61836 2.58177 2.54537 2.50949 2.47443 2.44051 2.40797 2.37704 2.34792 2.32075 2.29562 2.2726 2.2517 2.2329 2.21615 2.20136 2.18843 2.17723 2.16763 2.1595 2.15269 2.14706 2.14249 2.13885 2.13605 2.13399 2.13261 2.13185 
2.12476 2.12518 2.1262 2.12786 2.13022 2.13335 2.13735 2.14233 2.14842 2.15576 2.16451 2.17481 2.1868 2.20064 2.21644 2.2343 2.25429 2.27645 2.30079 2.32725 2.35575 2.38615 2.41827 2.45189 2.48675 2.52255 2.559 2.59575 2.63248 2.66886 2.70456 2.73929 2.77277 2.80478 2.8351 2.86359 2.89011 2.91459 2.93698 2.95728 2.97549 2.99167 3.00588 3.01819 3.02867 3.03742 3.0445 3.04999 3.05394 3.05638 3.05734 3.05681 3.05478 3.0512 3.04603 3.03917 3.03056 3.0201 3.0077 2.99327 2.97674 2.95805 2.93716 2.91407 2.88881 2.86144 2.83209 2.8009 2.76807 2.73383 2.69846 2.66225 2.62552 2.58861 2.55186 2.5156 2.48016 2.44582 2.41287 2.38153 2.352 2.32443 2.29892 2.27553 2.25428 2.23516 2.21811 2.20305 2.18987 2.17845 2.16867 2.16036 2.15341 2.14766 2.14298 2.13926 2.13639 2.13428 2.13286 2.13208 
2.12494 2.12537 2.1264 2.12809 2.13049 2.13367 2.13774 2.1428 2.14899 2.15646 2.16534 2.1758 2.18798 2.20202 2.21804 2.23614 2.2564 2.27884 2.30347 2.33024 2.35905 2.38977 2.42221 2.45614 2.4913 2.52739 2.56411 2.60111 2.63806 2.67462 2.71049 2.74534 2.77893 2.811 2.84136 2.86986 2.89636 2.9208 2.94313 2.96335 2.98148 2.99757 3.01169 3.0239 3.0343 3.04297 3.04999 3.05543 3.05934 3.06177 3.06273 3.06222 3.06023 3.05671 3.05161 3.04484 3.03632 3.02597 3.01367 2.99935 2.98291 2.96431 2.94349 2.92046 2.89523 2.86787 2.83849 2.80724 2.77432 2.73996 2.70443 2.66803 2.63109 2.59393 2.55692 2.52037 2.48462 2.44998 2.41671 2.38505 2.3552 2.32732 2.3015 2.27783 2.25631 2.23694 2.21966 2.20438 2.19102 2.17943 2.16949 2.16105 2.15398 2.14813 2.14338 2.13959 2.13667 2.13452 2.13307 2.13227 
2.12508 2.12551 2.12656 2.12827 2.13069 2.13391 2.13803 2.14315 2.14942 2.15697 2.16596 2.17653 2.18884 2.20302 2.2192 2.23748 2.25792 2.28056 2.3054 2.33238 2.36141 2.39235 2.42501 2.45916 2.49454 2.53083 2.56774 2.60491 2.64202 2.67872 2.7147 2.74965 2.7833 2.81543 2.84582 2.87432 2.90081 2.92523 2.94752 2.96769 2.98577 3.0018 3.01585 3.028 3.03834 3.04696 3.05394 3.05934 3.06323 3.06565 3.06661 3.06612 3.06416 3.06068 3.05562 3.04892 3.04047 3.03018 3.01795 3.0037 2.98733 2.96878 2.94802 2.92501 2.8998 2.87244 2.84304 2.81175 2.77877 2.74432 2.70868 2.67214 2.63504 2.59772 2.56051 2.52376 2.4878 2.45294 2.41944 2.38756 2.35749 2.32938 2.30336 2.27948 2.25778 2.23823 2.22078 2.20535 2.19185 2.18014 2.17009 2.16156 2.15441 2.14849 2.14367 2.13984 2.13688 2.1347 2.13323 2.13241 
2.12517 2.1256 2.12666 2.12838 2.13082 2.13407 2.13822 2.14338 2.14969 2.15729 2.16634 2.17698 2.18937 2.20363 2.21991 2.23828 2.25883 2.28159 2.30655 2.33365 2.36281 2.39388 2.42667 2.46094 2.49644 2.53285 2.56987 2.60715 2.64434 2.68113 2.71718 2.75219 2.78589 2.81805 2.84846 2.87698 2.90347 2.92788 2.95016 2.97032 2.98837 3.00437 3.01839 3.03052 3.04083 3.04943 3.05638 3.06177 3.06565 3.06806 3.06903 3.06855 3.0666 3.06314 3.05811 3.05143 3.04301 3.03276 3.02057 3.00635 2.99001 2.97149 2.95074 2.92775 2.90254 2.87517 2.84575 2.81443 2.78139 2.74689 2.71117 2.67456 2.63737 2.59994 2.56262 2.52575 2.48967 2.45468 2.42105 2.38904 2.35884 2.33061 2.30447 2.28047 2.25866 2.239 2.22146 2.20595 2.19236 2.18058 2.17046 2.16188 2.15467 2.14871 2.14386 2.14 2.13701 2.13481 2.13333 2.13251 
