3.32492 3.32514 3.32537 3.32561 3.32586 3.32612 3.3264 3.32669 3.32699 3.32731 3.32764 3.32799 3.32837 3.32877 3.3292 3.32965 3.33015 3.33067 3.33124 3.33185 3.33251 3.33322 3.33397 3.33477 3.33562 3.33653 3.33748 3.33847 3.33951 3.34059 3.3417 3.34283 3.34399 3.34517 3.34635 3.34752 3.34869 3.34983 3.35094 3.35202 3.35304 3.354 3.35489 3.3557 3.35642 3.35705 3.35758 3.35801 3.35832 3.35853 3.35861 3.35858 3.35844 3.35818 3.35781 3.35733 3.35676 3.35608 3.35532 3.35448 3.35357 3.3526 3.35157 3.3505 3.34939 3.34827 3.34712 3.34598 3.34484 3.34371 3.3426 3.34152 3.34048 3.33948 3.33853 3.33762 3.33677 3.33598 3.33524 3.33457 3.33395 3.3334 3.33291 3.33248 3.33211 3.33179 3.33152 3.33131 3.33115 3.33104 3.33096 3.33093 3.33094 3.33098 3.33105 3.33115 3.33127 3.33142 3.33158 3.33177 
3.32514 3.32535 3.32558 3.32582 3.32608 3.32634 3.32662 3.3269 3.32721 3.32752 3.32786 3.32821 3.32859 3.32899 3.32942 3.32988 3.33038 3.33091 3.33148 3.3321 3.33277 3.33348 3.33424 3.33505 3.33592 3.33683 3.33779 3.3388 3.33985 3.34095 3.34207 3.34323 3.34441 3.3456 3.34679 3.34799 3.34917 3.35033 3.35146 3.35255 3.35359 3.35456 3.35547 3.35629 3.35703 3.35767 3.35821 3.35864 3.35896 3.35916 3.35925 3.35922 3.35907 3.35881 3.35844 3.35795 3.35736 3.35668 3.35591 3.35505 3.35413 3.35314 3.35209 3.351 3.34988 3.34874 3.34758 3.34641 3.34525 3.34411 3.34299 3.34189 3.34083 3.33982 3.33885 3.33793 3.33707 3.33626 3.33552 3.33484 3.33421 3.33365 3.33316 3.33272 3.33234 3.33202 3.33175 3.33154 3.33138 3.33126 3.33118 3.33115 3.33116 3.33119 3.33126 3.33136 3.33149 3.33163 3.3318 3.33198 
3.32537 3.32558 3.32581 3.32605 3.32631 3.32657 3.32685 3.32715 3.32745 3.32778 3.32812 3.32848 3.32887 3.32929 3.32973 3.33021 3.33072 3.33127 3.33187 3.33251 3.33321 3.33395 3.33474 3.33559 3.33649 3.33745 3.33846 3.33951 3.34061 3.34175 3.34293 3.34414 3.34537 3.34662 3.34787 3.34912 3.35035 3.35157 3.35275 3.35388 3.35497 3.35598 3.35693 3.35779 3.35856 3.35922 3.35979 3.36023 3.36057 3.36078 3.36087 3.36084 3.36068 3.36041 3.36001 3.3595 3.35889 3.35818 3.35737 3.35647 3.3555 3.35447 3.35338 3.35224 3.35106 3.34987 3.34865 3.34744 3.34623 3.34503 3.34385 3.34271 3.3416 3.34054 3.33952 3.33856 3.33766 3.33682 3.33604 3.33532 3.33467 3.33408 3.33356 3.3331 3.3327 3.33236 3.33207 3.33184 3.33167 3.33154 3.33145 3.33141 3.33141 3.33144 3.33151 3.3316 3.33172 3.33187 3.33203 3.33221 
3.32561 3.32582 3.32605 3.3263 3.32656 3.32683 3.32712 3.32742 3.32773 3.32807 3.32843 3.32881 3.32922 3.32965 3.33012 3.33063 3.33118 3.33177 3.33241 3.33309 3.33384 3.33463 3.33549 3.3364 3.33737 3.33839 3.33947 3.34061 3.34179 3.34302 3.34428 3.34558 3.3469 3.34824 3.34958 3.35092 3.35225 3.35355 3.35481 3.35603 3.35718 3.35827 3.35928 3.3602 3.36102 3.36173 3.36233 3.36281 3.36316 3.36339 3.36348 3.36345 3.36328 3.36298 3.36256 3.36201 3.36135 3.36058 3.35972 3.35876 3.35772 3.35661 3.35544 3.35422 3.35296 3.35167 3.35037 3.34906 3.34776 3.34648 3.34521 3.34398 3.34279 3.34165 3.34056 3.33952 3.33855 3.33764 3.3368 3.33602 3.33532 3.33468 3.33411 3.33361 3.33317 3.3328 3.33248 3.33223 3.33203 3.33188 3.33177 3.33172 3.3317 3.33172 3.33178 3.33186 3.33198 3.33211 3.33227 3.33246 
3.32586 3.32608 3.32631 3.32656 3.32682 3.3271 3.3274 3.32771 3.32805 3.3284 3.32878 3.32919 3.32962 3.3301 3.3306 3.33115 3.33175 3.3324 3.33309 3.33385 3.33466 3.33554 3.33648 3.33748 3.33854 3.33967 3.34086 3.34211 3.34341 3.34476 3.34615 3.34757 3.34902 3.35048 3.35195 3.35342 3.35487 3.35629 3.35767 3.359 3.36027 3.36145 3.36255 3.36355 3.36445 3.36522 3.36587 3.36639 3.36677 3.36702 3.36712 3.36707 3.36688 3.36656 3.36609 3.36549 3.36477 3.36393 3.36298 3.36193 3.36079 3.35958 3.35829 3.35696 3.35558 3.35417 3.35274 3.35131 3.34988 3.34847 3.34708 3.34573 3.34442 3.34317 3.34196 3.34082 3.33975 3.33874 3.33781 3.33695 3.33617 3.33546 3.33483 3.33426 3.33377 3.33335 3.33299 3.33269 3.33246 3.33228 3.33215 3.33206 3.33203 3.33203 3.33207 3.33214 3.33225 3.33238 3.33253 3.33271 
3.32612 3.32634 3.32657 3.32683 3.3271 3.32739 3.3277 3.32804 3.32839 3.32877 3.32918 3.32962 3.3301 3.33062 3.33118 3.33179 3.33245 3.33317 3.33394 3.33479 3.3357 3.33667 3.33772 3.33885 3.34004 3.3413 3.34263 3.34403 3.34548 3.34698 3.34854 3.35012 3.35174 3.35337 3.35501 3.35664 3.35825 3.35983 3.36136 3.36284 3.36424 3.36555 3.36677 3.36788 3.36886 3.36972 3.37044 3.37101 3.37143 3.37169 3.3718 3.37175 3.37153 3.37117 3.37065 3.36998 3.36918 3.36824 3.36719 3.36602 3.36475 3.3634 3.36197 3.36049 3.35895 3.35738 3.35579 3.3542 3.35261 3.35103 3.34948 3.34797 3.34651 3.3451 3.34375 3.34247 3.34127 3.34014 3.33909 3.33812 3.33724 3.33643 3.33571 3.33507 3.3345 3.33401 3.33359 3.33324 3.33296 3.33274 3.33257 3.33246 3.33239 3.33237 3.33239 3.33245 3.33254 3.33266 3.33281 3.33298 
3.3264 3.32662 3.32685 3.32712 3.3274 3.3277 3.32803 3.32839 3.32877 3.32918 3.32963 3.33012 3.33064 3.33122 3.33185 3.33253 3.33327 3.33408 3.33496 3.33592 3.33695 3.33806 3.33925 3.34052 3.34187 3.3433 3.34481 3.34638 3.34803 3.34973 3.35148 3.35327 3.35509 3.35693 3.35878 3.36061 3.36242 3.3642 3.36592 3.36757 3.36914 3.37061 3.37197 3.37321 3.37431 3.37527 3.37607 3.3767 3.37717 3.37746 3.37757 3.37751 3.37727 3.37685 3.37626 3.37551 3.37461 3.37356 3.37237 3.37106 3.36963 3.36811 3.36651 3.36484 3.36311 3.36134 3.35955 3.35775 3.35596 3.35418 3.35243 3.35073 3.34907 3.34747 3.34595 3.3445 3.34313 3.34184 3.34064 3.33954 3.33852 3.3376 3.33677 3.33602 3.33537 3.33479 3.3343 3.33388 3.33354 3.33326 3.33305 3.33289 3.33279 3.33274 3.33274 3.33277 3.33285 3.33295 3.33309 3.33326 
3.32669 3.3269 3.32715 3.32742 3.32771 3.32804 3.32839 3.32877 3.32919 3.32964 3.33014 3.33068 3.33127 3.33191 3.33262 3.3334 3.33424 3.33516 3.33617 3.33725 3.33843 3.3397 3.34106 3.34251 3.34405 3.34569 3.34741 3.3492 3.35108 3.35302 3.35501 3.35705 3.35911 3.3612 3.36329 3.36537 3.36742 3.36943 3.37137 3.37323 3.37501 3.37666 3.3782 3.37959 3.38083 3.3819 3.3828 3.38351 3.38403 3.38435 3.38447 3.3844 3.38412 3.38364 3.38298 3.38213 3.38111 3.37991 3.37857 3.37709 3.37547 3.37375 3.37194 3.37004 3.36808 3.36608 3.36405 3.36201 3.35997 3.35795 3.35596 3.35402 3.35213 3.35031 3.34857 3.34691 3.34534 3.34387 3.34249 3.34122 3.34005 3.33898 3.33801 3.33714 3.33638 3.3357 3.33512 3.33462 3.3342 3.33386 3.33359 3.33338 3.33324 3.33315 3.33311 3.33312 3.33318 3.33327 3.33339 3.33355 
3.32699 3.32721 3.32745 3.32773 3.32805 3.32839 3.32877 3.32919 3.32964 3.33015 3.3307 3.3313 3.33197 3.3327 3.33351 3.33439 3.33536 3.33641 3.33756 3.33881 3.34016 3.34162 3.34318 3.34485 3.34662 3.34849 3.35046 3.35252 3.35466 3.35688 3.35915 3.36148 3.36384 3.36621 3.36859 3.37096 3.37328 3.37556 3.37776 3.37988 3.38188 3.38376 3.38549 3.38706 3.38846 3.38967 3.39067 3.39147 3.39205 3.39241 3.39255 3.39245 3.39214 3.3916 3.39084 3.38987 3.38871 3.38736 3.38583 3.38414 3.38231 3.38036 3.3783 3.37614 3.37392 3.37164 3.36933 3.367 3.36468 3.36237 3.3601 3.35788 3.35572 3.35364 3.35164 3.34973 3.34793 3.34623 3.34465 3.34318 3.34182 3.34058 3.33946 3.33844 3.33754 3.33674 3.33605 3.33545 3.33495 3.33453 3.33419 3.33392 3.33373 3.3336 3.33352 3.3335 3.33353 3.3336 3.33371 3.33386 
3.32731 3.32752 3.32778 3.32807 3.3284 3.32877 3.32918 3.32964 3.33015 3.33071 3.33133 3.33201 3.33277 3.3336 3.33452 3.33553 3.33664 3.33785 3.33917 3.34061 3.34216 3.34384 3.34563 3.34755 3.34958 3.35173 3.35399 3.35636 3.35881 3.36135 3.36395 3.3666 3.3693 3.37201 3.37472 3.37741 3.38005 3.38264 3.38514 3.38754 3.38981 3.39193 3.39389 3.39567 3.39724 3.39861 3.39974 3.40064 3.4013 3.4017 3.40184 3.40173 3.40136 3.40075 3.39988 3.39879 3.39746 3.39593 3.39419 3.39228 3.3902 3.38797 3.38563 3.38318 3.38064 3.37805 3.37542 3.37276 3.37011 3.36748 3.36488 3.36234 3.35987 3.35748 3.35518 3.353 3.35092 3.34896 3.34713 3.34543 3.34386 3.34242 3.34111 3.33993 3.33887 3.33793 3.33711 3.3364 3.33579 3.33528 3.33486 3.33452 3.33427 3.33408 3.33396 3.33391 3.3339 3.33395 3.33404 3.33418 
3.32764 3.32786 3.32812 3.32843 3.32878 3.32918 3.32963 3.33014 3.3307 3.33133 3.33202 3.3328 3.33366 3.33461 3.33566 3.33682 3.33809 3.33949 3.34101 3.34266 3.34445 3.34637 3.34844 3.35064 3.35298 3.35545 3.35804 3.36075 3.36356 3.36646 3.36943 3.37246 3.37553 3.37862 3.38171 3.38476 3.38777 3.39071 3.39354 3.39626 3.39883 3.40123 3.40345 3.40545 3.40723 3.40877 3.41005 3.41106 3.41179 3.41224 3.4124 3.41227 3.41185 3.41114 3.41016 3.40891 3.40741 3.40567 3.4037 3.40152 3.39916 3.39664 3.39397 3.39119 3.38831 3.38535 3.38235 3.37933 3.37631 3.3733 3.37034 3.36743 3.3646 3.36186 3.35923 3.35672 3.35433 3.35208 3.34997 3.34801 3.34619 3.34452 3.343 3.34162 3.34038 3.33928 3.33831 3.33746 3.33673 3.33612 3.3356 3.33519 3.33486 3.33461 3.33444 3.33434 3.3343 3.33432 3.3344 3.33452 
3.32799 3.32821 3.32848 3.32881 3.32919 3.32962 3.33012 3.33068 3.3313 3.33201 3.3328 3.33368 3.33466 3.33575 3.33695 3.33828 3.33974 3.34134 3.34309 3.34499 3.34704 3.34925 3.35162 3.35415 3.35683 3.35966 3.36263 3.36572 3.36893 3.37224 3.37563 3.37909 3.38258 3.38609 3.3896 3.39307 3.39648 3.3998 3.40301 3.40608 3.40899 3.4117 3.4142 3.41646 3.41847 3.42019 3.42163 3.42277 3.42358 3.42408 3.42425 3.4241 3.42362 3.42282 3.42171 3.42029 3.41859 3.41661 3.41439 3.41192 3.40925 3.40639 3.40337 3.40021 3.39694 3.39359 3.39018 3.38674 3.3833 3.37988 3.3765 3.37318 3.36995 3.36682 3.36381 3.36093 3.3582 3.35561 3.35318 3.35092 3.34882 3.34689 3.34512 3.34352 3.34208 3.34079 3.33965 3.33865 3.33779 3.33705 3.33643 3.33592 3.33551 3.33519 3.33496 3.33481 3.33473 3.33472 3.33477 3.33488 
3.32837 3.32859 3.32887 3.32922 3.32962 3.3301 3.33064 3.33127 3.33197 3.33277 3.33366 3.33466 3.33577 3.33702 3.33839 3.33991 3.34159 3.34342 3.34543 3.34761 3.34996 3.3525 3.35521 3.3581 3.36117 3.3644 3.36779 3.37132 3.37497 3.37874 3.38259 3.38652 3.39048 3.39446 3.39843 3.40235 3.40621 3.40996 3.41359 3.41705 3.42032 3.42337 3.42618 3.42872 3.43097 3.43291 3.43452 3.43579 3.43671 3.43726 3.43745 3.43727 3.43672 3.43581 3.43456 3.43296 3.43104 3.42881 3.42629 3.42351 3.4205 3.41727 3.41385 3.41028 3.40658 3.40279 3.39893 3.39503 3.39113 3.38724 3.3834 3.37963 3.37595 3.37239 3.36895 3.36566 3.36253 3.35957 3.35679 3.35419 3.35177 3.34955 3.34751 3.34565 3.34398 3.34248 3.34115 3.33998 3.33896 3.33808 3.33734 3.33672 3.33622 3.33582 3.33553 3.33532 3.3352 3.33515 3.33518 3.33527 
3.32877 3.32899 3.32929 3.32965 3.3301 3.33062 3.33122 3.33191 3.3327 3.3336 3.33461 3.33575 3.33702 3.33843 3.34 3.34174 3.34366 3.34576 3.34805 3.35054 3.35323 3.35612 3.35922 3.36252 3.36601 3.36969 3.37354 3.37755 3.3817 3.38597 3.39034 3.39478 3.39926 3.40375 3.40823 3.41265 3.417 3.42122 3.42529 3.42918 3.43285 3.43627 3.43942 3.44227 3.44478 3.44695 3.44875 3.45016 3.45118 3.4518 3.452 3.45179 3.45117 3.45015 3.44874 3.44694 3.44478 3.44227 3.43945 3.43632 3.43293 3.42929 3.42545 3.42143 3.41726 3.41298 3.40863 3.40423 3.39981 3.39542 3.39107 3.3868 3.38262 3.37858 3.37467 3.37093 3.36736 3.36398 3.3608 3.35783 3.35507 3.35251 3.35017 3.34803 3.3461 3.34436 3.34282 3.34145 3.34026 3.33923 3.33835 3.33761 3.337 3.33651 3.33614 3.33587 3.33569 3.33561 3.3356 3.33568 
3.3292 3.32942 3.32973 3.33012 3.3306 3.33118 3.33185 3.33262 3.33351 3.33452 3.33566 3.33695 3.33839 3.34 3.34179 3.34378 3.34596 3.34835 3.35096 3.3538 3.35686 3.36016 3.36368 3.36743 3.37139 3.37556 3.37992 3.38446 3.38915 3.39397 3.3989 3.4039 3.40894 3.414 3.41903 3.42399 3.42886 3.43359 3.43815 3.4425 3.4466 3.45043 3.45394 3.45711 3.45992 3.46233 3.46433 3.4659 3.46703 3.46771 3.46793 3.46769 3.46699 3.46584 3.46426 3.46225 3.45983 3.45703 3.45386 3.45037 3.44657 3.44249 3.43819 3.43367 3.429 3.4242 3.4193 3.41435 3.40938 3.40443 3.39953 3.39471 3.39 3.38542 3.381 3.37676 3.37271 3.36887 3.36526 3.36187 3.35872 3.3558 3.35312 3.35067 3.34845 3.34645 3.34466 3.34308 3.34169 3.34049 3.33945 3.33858 3.33785 3.33727 3.33681 3.33646 3.33623 3.3361 3.33606 3.33612 
3.32965 3.32988 3.33021 3.33063 3.33115 3.33179 3.33253 3.3334 3.33439 3.33553 3.33682 3.33828 3.33991 3.34174 3.34378 3.34603 3.34851 3.35122 3.35419 3.35741 3.36088 3.36462 3.3686 3.37284 3.37732 3.38203 3.38695 3.39206 3.39734 3.40276 3.40829 3.4139 3.41956 3.42522 3.43084 3.43639 3.44182 3.4471 3.45218 3.45702 3.46159 3.46584 3.46974 3.47326 3.47637 3.47905 3.48126 3.483 3.48425 3.48499 3.48523 3.48496 3.48418 3.4829 3.48113 3.47889 3.4762 3.47308 3.46956 3.46566 3.46142 3.45688 3.45207 3.44704 3.44181 3.43644 3.43097 3.42543 3.41986 3.41431 3.40881 3.40339 3.39809 3.39293 3.38795 3.38316 3.37859 3.37425 3.37016 3.36632 3.36274 3.35942 3.35637 3.35357 3.35103 3.34874 3.34669 3.34487 3.34327 3.34187 3.34067 3.33964 3.33879 3.33809 3.33753 3.33711 3.33681 3.33663 3.33656 3.33659 
3.33015 3.33038 3.33072 3.33118 3.33175 3.33245 3.33327 3.33424 3.33536 3.33664 3.33809 3.33974 3.34159 3.34366 3.34596 3.34851 3.35131 3.35439 3.35774 3.36138 3.3653 3.36951 3.37401 3.37878 3.38382 3.38911 3.39464 3.40037 3.40628 3.41235 3.41854 3.4248 3.43111 3.43741 3.44368 3.44985 3.45589 3.46175 3.46738 3.47275 3.47781 3.48251 3.48683 3.49072 3.49415 3.4971 3.49954 3.50146 3.50283 3.50365 3.5039 3.50359 3.50273 3.50131 3.49935 3.49687 3.49388 3.49042 3.48652 3.48219 3.47749 3.47245 3.46712 3.46152 3.45571 3.44974 3.44364 3.43746 3.43125 3.42505 3.4189 3.41284 3.40691 3.40113 3.39554 3.39017 3.38503 3.38014 3.37553 3.37119 3.36715 3.36339 3.35993 3.35676 3.35387 3.35126 3.34892 3.34684 3.345 3.34339 3.34199 3.3408 3.3398 3.33898 3.33832 3.33781 3.33744 3.3372 3.33709 3.33709 
3.33067 3.33091 3.33127 3.33177 3.3324 3.33317 3.33408 3.33516 3.33641 3.33785 3.33949 3.34134 3.34342 3.34576 3.34835 3.35122 3.35439 3.35785 3.36163 3.36572 3.37013 3.37486 3.37991 3.38526 3.39091 3.39683 3.403 3.4094 3.41599 3.42275 3.42963 3.4366 3.4436 3.4506 3.45754 3.46437 3.47105 3.47753 3.48375 3.48967 3.49524 3.50042 3.50517 3.50945 3.51323 3.51647 3.51915 3.52125 3.52275 3.52364 3.52391 3.52357 3.52261 3.52104 3.51888 3.51614 3.51285 3.50904 3.50473 3.49996 3.49477 3.4892 3.4833 3.47712 3.47069 3.46407 3.45731 3.45046 3.44357 3.43668 3.42984 3.42309 3.41647 3.41003 3.40379 3.39778 3.39202 3.38655 3.38137 3.37651 3.37196 3.36773 3.36382 3.36024 3.35697 3.35402 3.35136 3.34898 3.34688 3.34504 3.34344 3.34207 3.34091 3.33995 3.33917 3.33856 3.33812 3.33782 3.33766 3.33764 
3.33124 3.33148 3.33187 3.33241 3.33309 3.33394 3.33496 3.33617 3.33756 3.33917 3.34101 3.34309 3.34543 3.34805 3.35096 3.35419 3.35774 3.36163 3.36586 3.37045 3.37539 3.38068 3.38631 3.39229 3.39858 3.40517 3.41204 3.41915 3.42647 3.43396 3.44159 3.44929 3.45703 3.46475 3.47241 3.47994 3.48729 3.49441 3.50125 3.50775 3.51386 3.51954 3.52475 3.52943 3.53356 3.5371 3.54003 3.54232 3.54396 3.54493 3.54522 3.54484 3.54378 3.54206 3.53968 3.53668 3.53307 3.52889 3.52416 3.51892 3.51322 3.5071 3.50061 3.4938 3.48672 3.47943 3.47197 3.46441 3.45679 3.44917 3.4416 3.43412 3.42678 3.41962 3.41268 3.406 3.39959 3.39348 3.3877 3.38226 3.37717 3.37243 3.36805 3.36402 3.36034 3.35701 3.354 3.35131 3.34893 3.34683 3.34501 3.34344 3.34211 3.341 3.34009 3.33938 3.33885 3.33848 3.33828 3.33822 
3.33185 3.3321 3.33251 3.33309 3.33385 3.33479 3.33592 3.33725 3.33881 3.34061 3.34266 3.34499 3.34761 3.35054 3.3538 3.35741 3.36138 3.36572 3.37045 3.37556 3.38106 3.38695 3.39322 3.39986 3.40684 3.41415 3.42175 3.42962 3.43771 3.44598 3.45438 3.46287 3.47138 3.47987 3.48827 3.49653 3.50458 3.51238 3.51986 3.52696 3.53363 3.53983 3.5455 3.5506 3.5551 3.55896 3.56214 3.56463 3.5664 3.56745 3.56776 3.56734 3.56618 3.5643 3.56171 3.55844 3.5545 3.54993 3.54476 3.53904 3.53281 3.52612 3.51901 3.51155 3.50379 3.49579 3.4876 3.47929 3.47091 3.46252 3.45418 3.44593 3.43782 3.42991 3.42223 3.41483 3.40772 3.40094 3.39452 3.38846 3.38279 3.3775 3.3726 3.3681 3.36398 3.36024 3.35686 3.35384 3.35115 3.34878 3.34671 3.34492 3.3434 3.34213 3.34109 3.34026 3.33963 3.33919 3.33894 3.33885 
3.33251 3.33277 3.33321 3.33384 3.33466 3.3357 3.33695 3.33843 3.34016 3.34216 3.34445 3.34704 3.34996 3.35323 3.35686 3.36088 3.3653 3.37013 3.37539 3.38106 3.38717 3.3937 3.40064 3.40798 3.41569 3.42375 3.43213 3.44079 3.44969 3.45877 3.46799 3.47729 3.48662 3.4959 3.50508 3.51409 3.52288 3.53137 3.53951 3.54723 3.55449 3.56122 3.56737 3.5729 3.57778 3.58195 3.5854 3.58809 3.59001 3.59113 3.59147 3.591 3.58974 3.5877 3.58489 3.58133 3.57705 3.57209 3.56647 3.56025 3.55347 3.54619 3.53845 3.53032 3.52185 3.51311 3.50417 3.49508 3.4859 3.47671 3.46755 3.4585 3.44959 3.44088 3.43243 3.42426 3.41641 3.40892 3.40182 3.39511 3.38881 3.38294 3.3775 3.37249 3.3679 3.36372 3.35994 3.35655 3.35353 3.35087 3.34854 3.34652 3.3448 3.34335 3.34216 3.3412 3.34048 3.33996 3.33965 3.33953 
3.33322 3.33348 3.33395 3.33463 3.33554 3.33667 3.33806 3.3397 3.34162 3.34384 3.34637 3.34925 3.3525 3.35612 3.36016 3.36462 3.36951 3.37486 3.38068 3.38695 3.3937 3.4009 3.40855 3.41663 3.42511 3.43397 3.44316 3.45265 3.46239 3.47233 3.4824 3.49254 3.5027 3.51281 3.52279 3.53259 3.54212 3.55133 3.56015 3.56851 3.57635 3.58363 3.59027 3.59625 3.6015 3.606 3.60971 3.61261 3.61467 3.61588 3.61624 3.61573 3.61437 3.61216 3.60912 3.60528 3.60065 3.59528 3.58921 3.58248 3.57514 3.56725 3.55886 3.55004 3.54085 3.53135 3.52162 3.51172 3.50172 3.49169 3.4817 3.4718 3.46205 3.45252 3.44324 3.43428 3.42566 3.41742 3.40959 3.40219 3.39524 3.38876 3.38273 3.37718 3.37208 3.36744 3.36324 3.35946 3.35609 3.35311 3.3505 3.34824 3.34629 3.34466 3.3433 3.34222 3.34138 3.34078 3.34041 3.34025 
3.33397 3.33424 3.33474 3.33549 3.33648 3.33772 3.33925 3.34106 3.34318 3.34563 3.34844 3.35162 3.35521 3.35922 3.36368 3.3686 3.37401 3.37991 3.38631 3.39322 3.40064 3.40855 3.41694 3.4258 3.43508 3.44477 3.45481 3.46517 3.47578 3.48659 3.49754 3.50856 3.51958 3.53054 3.54134 3.55194 3.56224 3.57218 3.58169 3.5907 3.59914 3.60697 3.61411 3.62053 3.62617 3.631 3.63498 3.63809 3.6403 3.64159 3.64197 3.64142 3.63995 3.63757 3.63431 3.63017 3.6252 3.61943 3.61289 3.60564 3.59773 3.58922 3.58017 3.57064 3.56071 3.55043 3.5399 3.52917 3.51832 3.50743 3.49657 3.48579 3.47518 3.46478 3.45466 3.44486 3.43543 3.4264 3.41782 3.4097 3.40207 3.39493 3.3883 3.38217 3.37654 3.37141 3.36676 3.36257 3.35883 3.35551 3.3526 3.35007 3.34789 3.34605 3.34453 3.3433 3.34235 3.34166 3.34122 3.34102 
3.33477 3.33505 3.33559 3.3364 3.33748 3.33885 3.34052 3.34251 3.34485 3.34755 3.35064 3.35415 3.3581 3.36252 3.36743 3.37284 3.37878 3.38526 3.39229 3.39986 3.40798 3.41663 3.4258 3.43546 3.44558 3.45612 3.46705 3.47829 3.48981 3.50152 3.51338 3.52529 3.5372 3.54901 3.56066 3.57206 3.58315 3.59383 3.60403 3.6137 3.62275 3.63113 3.63878 3.64564 3.65167 3.65683 3.66108 3.66439 3.66675 3.66813 3.66853 3.66794 3.66637 3.66382 3.66033 3.6559 3.65058 3.6444 3.6374 3.62963 3.62114 3.61201 3.60229 3.59204 3.58135 3.57029 3.55893 3.54736 3.53564 3.52387 3.51211 3.50044 3.48892 3.47764 3.46664 3.45597 3.4457 3.43586 3.42649 3.41762 3.40927 3.40145 3.39417 3.38745 3.38126 3.37561 3.37048 3.36586 3.36173 3.35805 3.35482 3.35201 3.34959 3.34754 3.34583 3.34445 3.34338 3.34259 3.34209 3.34185 
3.33562 3.33592 3.33649 3.33737 3.33854 3.34004 3.34187 3.34405 3.34662 3.34958 3.35298 3.35683 3.36117 3.36601 3.37139 3.37732 3.38382 3.39091 3.39858 3.40684 3.41569 3.42511 3.43508 3.44558 3.45656 3.46799 3.47982 3.49198 3.50442 3.51706 3.52984 3.54266 3.55547 3.56816 3.58066 3.59288 3.60475 3.61617 3.62708 3.6374 3.64706 3.656 3.66415 3.67145 3.67787 3.68336 3.68788 3.6914 3.6939 3.69536 3.69578 3.69515 3.69348 3.69077 3.68705 3.68233 3.67666 3.67007 3.66261 3.65432 3.64526 3.6355 3.6251 3.61414 3.60269 3.59083 3.57864 3.5662 3.55361 3.54093 3.52826 3.51567 3.50324 3.49104 3.47913 3.46758 3.45645 3.44576 3.43558 3.42592 3.41682 3.4083 3.40036 3.393 3.38623 3.38004 3.37442 3.36934 3.36479 3.36074 3.35718 3.35407 3.35139 3.34911 3.34721 3.34567 3.34447 3.34358 3.343 3.34272 
3.33653 3.33683 3.33745 3.33839 3.33967 3.3413 3.3433 3.34569 3.34849 3.35173 3.35545 3.35966 3.3644 3.36969 3.37556 3.38203 3.38911 3.39683 3.40517 3.41415 3.42375 3.43397 3.44477 3.45612 3.46799 3.48033 3.49308 3.50618 3.51956 3.53314 3.54685 3.5606 3.5743 3.58788 3.60123 3.61428 3.62693 3.6391 3.65072 3.66169 3.67195 3.68144 3.69008 3.69783 3.70463 3.71044 3.71522 3.71895 3.72159 3.72314 3.72358 3.72291 3.72114 3.71827 3.71432 3.70933 3.70331 3.69632 3.6884 3.67959 3.66997 3.65958 3.64851 3.63683 3.62461 3.61195 3.59893 3.58563 3.57214 3.55855 3.54496 3.53144 3.51807 3.50494 3.49211 3.47965 3.46762 3.45607 3.44504 3.43458 3.42471 3.41545 3.40682 3.39881 3.39144 3.38469 3.37854 3.37299 3.36801 3.36357 3.35966 3.35624 3.35328 3.35077 3.34867 3.34696 3.34562 3.34463 3.34397 3.34364 
3.33748 3.33779 3.33846 3.33947 3.34086 3.34263 3.34481 3.34741 3.35046 3.35399 3.35804 3.36263 3.36779 3.37354 3.37992 3.38695 3.39464 3.403 3.41204 3.42175 3.43213 3.44316 3.45481 3.46705 3.47982 3.49308 3.50677 3.52081 3.53514 3.54968 3.56433 3.579 3.59362 3.60808 3.62229 3.63615 3.64958 3.6625 3.6748 3.68642 3.69728 3.70731 3.71644 3.72462 3.73179 3.73792 3.74296 3.74689 3.74967 3.7513 3.75176 3.75106 3.74919 3.74616 3.742 3.73673 3.73038 3.72299 3.71462 3.70531 3.69512 3.68412 3.67238 3.65999 3.64701 3.63355 3.61969 3.60553 3.59114 3.57664 3.56212 3.54765 3.53334 3.51926 3.50549 3.4921 3.47917 3.46673 3.45485 3.44356 3.4329 3.42289 3.41354 3.40487 3.39686 3.38953 3.38284 3.3768 3.37137 3.36653 3.36225 3.35851 3.35527 3.35251 3.3502 3.34831 3.34683 3.34573 3.34499 3.34461 
3.33847 3.3388 3.33951 3.34061 3.34211 3.34403 3.34638 3.3492 3.35252 3.35636 3.36075 3.36572 3.37132 3.37755 3.38446 3.39206 3.40037 3.4094 3.41915 3.42962 3.44079 3.45265 3.46517 3.47829 3.49198 3.50618 3.52081 3.53582 3.5511 3.56659 3.58218 3.59778 3.6133 3.62864 3.6437 3.65837 3.67258 3.68622 3.69921 3.71146 3.7229 3.73346 3.74306 3.75166 3.7592 3.76564 3.77093 3.77505 3.77798 3.77969 3.78017 3.77943 3.77746 3.77429 3.76992 3.76438 3.75771 3.74994 3.74112 3.73132 3.72058 3.70897 3.69658 3.68349 3.66977 3.65551 3.64083 3.6258 3.61052 3.59511 3.57965 3.56424 3.54897 3.53394 3.51922 3.5049 3.49104 3.47771 3.46495 3.45282 3.44135 3.43057 3.42049 3.41113 3.40248 3.39455 3.38731 3.38076 3.37486 3.3696 3.36495 3.36087 3.35734 3.35432 3.35179 3.34973 3.34809 3.34688 3.34606 3.34563 
3.33951 3.33985 3.34061 3.34179 3.34341 3.34548 3.34803 3.35108 3.35466 3.35881 3.36356 3.36893 3.37497 3.3817 3.38915 3.39734 3.40628 3.41599 3.42647 3.43771 3.44969 3.46239 3.47578 3.48981 3.50442 3.51956 3.53514 3.5511 3.56735 3.58378 3.60031 3.61683 3.63325 3.64946 3.66535 3.68082 3.69578 3.71014 3.72379 3.73666 3.74866 3.75974 3.7698 3.77881 3.7867 3.79344 3.79897 3.80328 3.80634 3.80812 3.80863 3.80786 3.8058 3.80248 3.79791 3.79212 3.78513 3.777 3.76776 3.75747 3.7462 3.73401 3.72098 3.7072 3.69274 3.67771 3.66221 3.64633 3.63017 3.61385 3.59746 3.58111 3.56489 3.5489 3.53323 3.51797 3.50318 3.48894 3.4753 3.46232 3.45003 3.43846 3.42764 3.41757 3.40827 3.39972 3.39192 3.38484 3.37847 3.37278 3.36774 3.36332 3.35949 3.35621 3.35345 3.35119 3.34941 3.34807 3.34717 3.34669 
3.34059 3.34095 3.34175 3.34302 3.34476 3.34698 3.34973 3.35302 3.35688 3.36135 3.36646 3.37224 3.37874 3.38597 3.39397 3.40276 3.41235 3.42275 3.43396 3.44598 3.45877 3.47233 3.48659 3.50152 3.51706 3.53314 3.54968 3.56659 3.58378 3.60116 3.61861 3.63604 3.65334 3.6704 3.68711 3.70336 3.71906 3.7341 3.7484 3.76187 3.77442 3.78598 3.7965 3.80589 3.81412 3.82114 3.82691 3.8314 3.83458 3.83644 3.83697 3.83617 3.83403 3.83057 3.82582 3.81978 3.8125 3.80401 3.79436 3.78361 3.77183 3.75907 3.74543 3.73098 3.71581 3.70002 3.68372 3.667 3.64998 3.63276 3.61545 3.59816 3.581 3.56406 3.54744 3.53123 3.51552 3.50036 3.48584 3.47199 3.45888 3.44652 3.43494 3.42417 3.4142 3.40503 3.39665 3.38904 3.38219 3.37606 3.37062 3.36584 3.3617 3.35815 3.35516 3.35271 3.35077 3.34931 3.34833 3.34779 
3.3417 3.34207 3.34293 3.34428 3.34615 3.34854 3.35148 3.35501 3.35915 3.36395 3.36943 3.37563 3.38259 3.39034 3.3989 3.40829 3.41854 3.42963 3.44159 3.45438 3.46799 3.4824 3.49754 3.51338 3.52984 3.54685 3.56433 3.58218 3.60031 3.61861 3.63698 3.6553 3.67346 3.69135 3.70885 3.72586 3.74227 3.75798 3.7729 3.78694 3.80001 3.81205 3.82298 3.83275 3.8413 3.84859 3.85458 3.85924 3.86254 3.86447 3.86503 3.8642 3.86198 3.8584 3.85346 3.8472 3.83963 3.83081 3.82078 3.8096 3.79732 3.78402 3.76978 3.75469 3.73883 3.72231 3.70522 3.68769 3.66982 3.65172 3.63351 3.6153 3.5972 3.57933 3.56177 3.54462 3.52798 3.51192 3.4965 3.4818 3.46785 3.4547 3.44237 3.43088 3.42023 3.41043 3.40147 3.39333 3.38598 3.3794 3.37356 3.36843 3.36396 3.36014 3.35692 3.35427 3.35217 3.35059 3.34951 3.34893 
3.34283 3.34323 3.34414 3.34558 3.34757 3.35012 3.35327 3.35705 3.36148 3.3666 3.37246 3.37909 3.38652 3.39478 3.4039 3.4139 3.4248 3.4366 3.44929 3.46287 3.47729 3.49254 3.50856 3.52529 3.54266 3.5606 3.579 3.59778 3.61683 3.63604 3.6553 3.67449 3.69348 3.71217 3.73044 3.74818 3.76527 3.78162 3.79713 3.81172 3.82529 3.83777 3.8491 3.85922 3.86807 3.87562 3.88181 3.88663 3.89005 3.89205 3.89263 3.89177 3.88949 3.88579 3.88069 3.87421 3.86638 3.85725 3.84686 3.83526 3.82251 3.8087 3.7939 3.77819 3.76166 3.74443 3.7266 3.70828 3.68958 3.67063 3.65154 3.63243 3.61342 3.59461 3.57613 3.55806 3.5405 3.52353 3.50724 3.49168 3.4769 3.46296 3.44987 3.43766 3.42634 3.41591 3.40636 3.39767 3.38983 3.3828 3.37655 3.37106 3.36627 3.36217 3.35871 3.35586 3.3536 3.35189 3.35073 3.35009 
3.34399 3.34441 3.34537 3.3469 3.34902 3.35174 3.35509 3.35911 3.36384 3.3693 3.37553 3.38258 3.39048 3.39926 3.40894 3.41956 3.43111 3.4436 3.45703 3.47138 3.48662 3.5027 3.51958 3.5372 3.55547 3.5743 3.59362 3.6133 3.63325 3.65334 3.67346 3.69348 3.71328 3.73275 3.75175 3.77018 3.78793 3.80489 3.82096 3.83606 3.8501 3.863 3.87471 3.88515 3.89429 3.90207 3.90846 3.91343 3.91695 3.91902 3.91962 3.91874 3.9164 3.91259 3.90733 3.90066 3.89259 3.88317 3.87243 3.86045 3.84727 3.83297 3.81763 3.80133 3.78418 3.76628 3.74772 3.72864 3.70915 3.68937 3.66942 3.64944 3.62953 3.60982 3.59043 3.57145 3.55299 3.53514 3.51797 3.50157 3.48597 3.47124 3.4574 3.44447 3.43248 3.42142 3.41128 3.40205 3.39371 3.38623 3.37958 3.37372 3.36861 3.36423 3.36053 3.35748 3.35505 3.35322 3.35197 3.35127 
3.34517 3.3456 3.34662 3.34824 3.35048 3.35337 3.35693 3.3612 3.36621 3.37201 3.37862 3.38609 3.39446 3.40375 3.414 3.42522 3.43741 3.4506 3.46475 3.47987 3.4959 3.51281 3.53054 3.54901 3.56816 3.58788 3.60808 3.62864 3.64946 3.6704 3.69135 3.71217 3.73275 3.75295 3.77265 3.79175 3.81011 3.82764 3.84424 3.85982 3.8743 3.8876 3.89965 3.9104 3.91979 3.92779 3.93436 3.93947 3.9431 3.94523 3.94584 3.94495 3.94255 3.93864 3.93325 3.9264 3.91811 3.90842 3.89737 3.88503 3.87144 3.85668 3.84084 3.824 3.80625 3.7877 3.76846 3.74865 3.7284 3.70782 3.68706 3.66622 3.64545 3.62486 3.60458 3.58472 3.56538 3.54666 3.52864 3.5114 3.495 3.47949 3.4649 3.45127 3.43861 3.42693 3.41621 3.40644 3.39761 3.38967 3.38261 3.37639 3.37096 3.3663 3.36236 3.35911 3.35652 3.35456 3.35322 3.35247 
3.34635 3.34679 3.34787 3.34958 3.35195 3.35501 3.35878 3.36329 3.36859 3.37472 3.38171 3.3896 3.39843 3.40823 3.41903 3.43084 3.44368 3.45754 3.47241 3.48827 3.50508 3.52279 3.54134 3.56066 3.58066 3.60123 3.62229 3.6437 3.66535 3.68711 3.70885 3.73044 3.75175 3.77265 3.79302 3.81274 3.83168 3.84975 3.86684 3.88287 3.89775 3.91141 3.92379 3.93482 3.94445 3.95265 3.95939 3.96462 3.96834 3.97053 3.97117 3.97026 3.96781 3.96382 3.9583 3.95129 3.94279 3.93286 3.92153 3.90885 3.89489 3.87971 3.8634 3.84604 3.82773 3.80857 3.78869 3.76819 3.74721 3.72588 3.70432 3.68267 3.66107 3.63964 3.6185 3.59778 3.57759 3.55802 3.53917 3.52111 3.50392 3.48765 3.47234 3.45802 3.4447 3.4324 3.4211 3.41081 3.40148 3.3931 3.38564 3.37906 3.37331 3.36837 3.36419 3.36074 3.35799 3.3559 3.35447 3.35367 
3.34752 3.34799 3.34912 3.35092 3.35342 3.35664 3.36061 3.36537 3.37096 3.37741 3.38476 3.39307 3.40235 3.41265 3.42399 3.43639 3.44985 3.46437 3.47994 3.49653 3.51409 3.53259 3.55194 3.57206 3.59288 3.61428 3.63615 3.65837 3.68082 3.70336 3.72586 3.74818 3.77018 3.79175 3.81274 3.83303 3.85252 3.87109 3.88864 3.90508 3.92034 3.93433 3.94699 3.95828 3.96813 3.97652 3.9834 3.98875 3.99255 3.99479 3.99545 3.99454 3.99204 3.98798 3.98235 3.97519 3.96652 3.95636 3.94477 3.93179 3.91748 3.90192 3.88517 3.86733 3.8485 3.82878 3.80829 3.78714 3.76548 3.74342 3.72112 3.69869 3.67629 3.65405 3.63209 3.61055 3.58953 3.56914 3.54948 3.53064 3.51269 3.49567 3.47965 3.46465 3.4507 3.43779 3.42593 3.41512 3.40531 3.3965 3.38864 3.3817 3.37564 3.37042 3.36601 3.36236 3.35945 3.35724 3.35572 3.35487 
3.34869 3.34917 3.35035 3.35225 3.35487 3.35825 3.36242 3.36742 3.37328 3.38005 3.38777 3.39648 3.40621 3.417 3.42886 3.44182 3.45589 3.47105 3.48729 3.50458 3.52288 3.54212 3.56224 3.58315 3.60475 3.62693 3.64958 3.67258 3.69578 3.71906 3.74227 3.76527 3.78793 3.81011 3.83168 3.85252 3.8725 3.89153 3.9095 3.92633 3.94192 3.95622 3.96915 3.98066 3.99072 3.99927 4.00628 4.01174 4.01562 4.0179 4.01859 4.01766 4.01513 4.011 4.00528 3.99799 3.98916 3.97881 3.96698 3.95373 3.93911 3.92319 3.90604 3.88777 3.86845 3.8482 3.82714 3.80539 3.78308 3.76035 3.73734 3.71418 3.69102 3.66801 3.64527 3.62293 3.60112 3.57995 3.55952 3.53992 3.52122 3.5035 3.48679 3.47113 3.45656 3.44307 3.43067 3.41934 3.40907 3.39983 3.39158 3.3843 3.37793 3.37245 3.3678 3.36396 3.36089 3.35856 3.35696 3.35605 
3.34983 3.35033 3.35157 3.35355 3.35629 3.35983 3.3642 3.36943 3.37556 3.38264 3.39071 3.3998 3.40996 3.42122 3.43359 3.4471 3.46175 3.47753 3.49441 3.51238 3.53137 3.55133 3.57218 3.59383 3.61617 3.6391 3.6625 3.68622 3.71014 3.7341 3.75798 3.78162 3.80489 3.82764 3.84975 3.87109 3.89153 3.91098 3.92934 3.94651 3.96241 3.97698 3.99015 4.00187 4.0121 4.0208 4.02793 4.03348 4.03743 4.03976 4.04046 4.03953 4.03697 4.03279 4.02699 4.01959 4.01061 4.00008 3.98805 3.97455 3.95965 3.94341 3.9259 3.90722 3.88746 3.86673 3.84515 3.82283 3.79992 3.77656 3.75288 3.72903 3.70516 3.68142 3.65794 3.63485 3.61229 3.59038 3.56921 3.54888 3.52948 3.51107 3.4937 3.47742 3.46224 3.44819 3.43526 3.42344 3.41272 3.40307 3.39445 3.38683 3.38017 3.37442 3.36955 3.36553 3.3623 3.35986 3.35817 3.35722 
3.35094 3.35146 3.35275 3.35481 3.35767 3.36136 3.36592 3.37137 3.37776 3.38514 3.39354 3.40301 3.41359 3.42529 3.43815 3.45218 3.46738 3.48375 3.50125 3.51986 3.53951 3.56015 3.58169 3.60403 3.62708 3.65072 3.6748 3.69921 3.72379 3.7484 3.7729 3.79713 3.82096 3.84424 3.86684 3.88864 3.9095 3.92934 3.94804 3.96552 3.9817 3.99651 4.00989 4.0218 4.03218 4.04101 4.04825 4.05389 4.0579 4.06027 4.06099 4.06006 4.05747 4.05324 4.04737 4.03987 4.03077 4.02009 4.00788 3.99416 3.97901 3.96248 3.94465 3.9256 3.90544 3.88426 3.8622 3.83936 3.8159 3.79195 3.76765 3.74316 3.71863 3.6942 3.67002 3.64623 3.62297 3.60034 3.57848 3.55746 3.53739 3.51833 3.50033 3.48345 3.46771 3.45312 3.43968 3.4274 3.41625 3.4062 3.39722 3.38928 3.38233 3.37633 3.37125 3.36704 3.36368 3.36112 3.35935 3.35835 
3.35202 3.35255 3.35388 3.35603 3.359 3.36284 3.36757 3.37323 3.37988 3.38754 3.39626 3.40608 3.41705 3.42918 3.4425 3.45702 3.47275 3.48967 3.50775 3.52696 3.54723 3.56851 3.5907 3.6137 3.6374 3.66169 3.68642 3.71146 3.73666 3.76187 3.78694 3.81172 3.83606 3.85982 3.88287 3.90508 3.92633 3.94651 3.96552 3.98328 3.9997 4.01473 4.0283 4.04037 4.05089 4.05983 4.06717 4.07288 4.07694 4.07935 4.08009 4.07915 4.07655 4.07228 4.06635 4.05877 4.04956 4.03876 4.02638 4.01248 3.9971 3.98031 3.96219 3.94281 3.92228 3.90071 3.8782 3.85489 3.83092 3.80643 3.78156 3.75648 3.73133 3.70627 3.68144 3.65699 3.63307 3.60978 3.58726 3.5656 3.5449 3.52523 3.50664 3.48919 3.47291 3.45781 3.4439 3.43117 3.41961 3.40919 3.39987 3.39162 3.3844 3.37817 3.37288 3.3685 3.36499 3.36233 3.36048 3.35944 
3.35304 3.35359 3.35497 3.35718 3.36027 3.36424 3.36914 3.37501 3.38188 3.38981 3.39883 3.40899 3.42032 3.43285 3.4466 3.46159 3.47781 3.49524 3.51386 3.53363 3.55449 3.57635 3.59914 3.62275 3.64706 3.67195 3.69728 3.7229 3.74866 3.77442 3.80001 3.82529 3.8501 3.8743 3.89775 3.92034 3.94192 3.96241 3.9817 3.9997 4.01635 4.03157 4.0453 4.05751 4.06815 4.07719 4.08461 4.09038 4.09449 4.09693 4.09768 4.09676 4.09414 4.08984 4.08386 4.07621 4.06691 4.05599 4.04348 4.02941 4.01384 3.99682 3.97844 3.95877 3.93792 3.91598 3.89307 3.86934 3.8449 3.81992 3.79453 3.7689 3.74319 3.71754 3.69212 3.66706 3.64253 3.61863 3.5955 3.57324 3.55195 3.53171 3.51257 3.49459 3.47781 3.46224 3.44788 3.43474 3.42279 3.41201 3.40237 3.39384 3.38636 3.3799 3.37442 3.36988 3.36625 3.36348 3.36156 3.36047 
3.354 3.35456 3.35598 3.35827 3.36145 3.36555 3.37061 3.37666 3.38376 3.39193 3.40123 3.4117 3.42337 3.43627 3.45043 3.46584 3.48251 3.50042 3.51954 3.53983 3.56122 3.58363 3.60697 3.63113 3.656 3.68144 3.70731 3.73346 3.75974 3.78598 3.81205 3.83777 3.863 3.8876 3.91141 3.93433 3.95622 3.97698 3.99651 4.01473 4.03157 4.04695 4.06083 4.07316 4.0839 4.09303 4.10051 4.10634 4.11049 4.11296 4.11373 4.11281 4.11018 4.10585 4.09983 4.09213 4.08276 4.07174 4.0591 4.04489 4.02915 4.01194 3.99333 3.9734 3.95226 3.93 3.90674 3.88262 3.85777 3.83234 3.80648 3.78036 3.75413 3.72795 3.70198 3.67638 3.65128 3.62682 3.60313 3.58033 3.5585 3.53773 3.51808 3.49962 3.48237 3.46635 3.45158 3.43806 3.42575 3.41465 3.40471 3.39591 3.3882 3.38153 3.37587 3.37118 3.36742 3.36456 3.36258 3.36145 
3.35489 3.35547 3.35693 3.35928 3.36255 3.36677 3.37197 3.3782 3.38549 3.39389 3.40345 3.4142 3.42618 3.43942 3.45394 3.46974 3.48683 3.50517 3.52475 3.5455 3.56737 3.59027 3.61411 3.63878 3.66415 3.69008 3.71644 3.74306 3.7698 3.7965 3.82298 3.8491 3.87471 3.89965 3.92379 3.94699 3.96915 3.99015 4.00989 4.0283 4.0453 4.06083 4.07483 4.08726 4.09809 4.10729 4.11484 4.12071 4.1249 4.12739 4.12818 4.12726 4.12463 4.12028 4.11423 4.10648 4.09704 4.08594 4.07321 4.05887 4.04299 4.0256 4.0068 3.98665 3.96524 3.9427 3.91913 3.89466 3.86944 3.84362 3.81734 3.79078 3.76408 3.73743 3.71097 3.68486 3.65926 3.6343 3.61011 3.5868 3.56448 3.54323 3.52313 3.50422 3.48655 3.47013 3.45499 3.44111 3.42848 3.41707 3.40687 3.39782 3.38989 3.38303 3.37721 3.37238 3.36851 3.36556 3.36352 3.36235 
3.3557 3.35629 3.35779 3.3602 3.36355 3.36788 3.37321 3.37959 3.38706 3.39567 3.40545 3.41646 3.42872 3.44227 3.45711 3.47326 3.49072 3.50945 3.52943 3.5506 3.5729 3.59625 3.62053 3.64564 3.67145 3.69783 3.72462 3.75166 3.77881 3.80589 3.83275 3.85922 3.88515 3.9104 3.93482 3.95828 3.98066 4.00187 4.0218 4.04037 4.05751 4.07316 4.08726 4.09979 4.11069 4.11995 4.12755 4.13346 4.13768 4.1402 4.141 4.14008 4.13744 4.13308 4.127 4.11921 4.10973 4.09856 4.08574 4.0713 4.05529 4.03776 4.01878 3.99844 3.97682 3.95402 3.93018 3.90542 3.87987 3.8537 3.82705 3.8001 3.773 3.74592 3.71903 3.69248 3.66643 3.64101 3.61637 3.59262 3.56987 3.54819 3.52767 3.50837 3.49032 3.47354 3.45806 3.44386 3.43094 3.41927 3.40882 3.39955 3.39142 3.38439 3.37842 3.37347 3.3695 3.36647 3.36437 3.36318 
3.35642 3.35703 3.35856 3.36102 3.36445 3.36886 3.37431 3.38083 3.38846 3.39724 3.40723 3.41847 3.43097 3.44478 3.45992 3.47637 3.49415 3.51323 3.53356 3.5551 3.57778 3.6015 3.62617 3.65167 3.67787 3.70463 3.73179 3.7592 3.7867 3.81412 3.8413 3.86807 3.89429 3.91979 3.94445 3.96813 3.99072 4.0121 4.03218 4.05089 4.06815 4.0839 4.09809 4.11069 4.12166 4.13097 4.13861 4.14456 4.1488 4.15134 4.15215 4.15124 4.14859 4.14422 4.13812 4.13031 4.12078 4.10955 4.09666 4.08214 4.06602 4.04837 4.02925 4.00873 3.98692 3.96392 3.93984 3.91482 3.889 3.86252 3.83556 3.80826 3.78081 3.75337 3.7261 3.69916 3.67272 3.64692 3.62188 3.59774 3.57461 3.55256 3.53168 3.51203 3.49364 3.47655 3.46077 3.4463 3.43312 3.42121 3.41054 3.40108 3.39278 3.3856 3.3795 3.37444 3.37038 3.36729 3.36514 3.36391 
3.35705 3.35767 3.35922 3.36173 3.36522 3.36972 3.37527 3.3819 3.38967 3.39861 3.40877 3.42019 3.43291 3.44695 3.46233 3.47905 3.4971 3.51647 3.5371 3.55896 3.58195 3.606 3.631 3.65683 3.68336 3.71044 3.73792 3.76564 3.79344 3.82114 3.84859 3.87562 3.90207 3.92779 3.95265 3.97652 3.99927 4.0208 4.04101 4.05983 4.07719 4.09303 4.10729 4.11995 4.13097 4.14033 4.148 4.15398 4.15825 4.16079 4.16162 4.16071 4.15806 4.15368 4.14757 4.13972 4.13016 4.11889 4.10595 4.09135 4.07515 4.05739 4.03815 4.0175 3.99553 3.97234 3.94807 3.92283 3.89677 3.87005 3.84281 3.81523 3.78748 3.75973 3.73214 3.70487 3.6781 3.65196 3.6266 3.60213 3.57867 3.5563 3.53512 3.51517 3.4965 3.47914 3.46311 3.4484 3.435 3.42289 3.41204 3.40241 3.39396 3.38665 3.38044 3.37528 3.37115 3.36799 3.3658 3.36455 
3.35758 3.35821 3.35979 3.36233 3.36587 3.37044 3.37607 3.3828 3.39067 3.39974 3.41005 3.42163 3.43452 3.44875 3.46433 3.48126 3.49954 3.51915 3.54003 3.56214 3.5854 3.60971 3.63498 3.66108 3.68788 3.71522 3.74296 3.77093 3.79897 3.82691 3.85458 3.88181 3.90846 3.93436 3.95939 3.9834 4.00628 4.02793 4.04825 4.06717 4.08461 4.10051 4.11484 4.12755 4.13861 4.148 4.15571 4.1617 4.16599 4.16855 4.16938 4.16848 4.16583 4.16144 4.15532 4.14745 4.13786 4.12656 4.11356 4.09891 4.08263 4.06479 4.04545 4.02469 4.00259 3.97926 3.95483 3.92941 3.90316 3.87623 3.84877 3.82096 3.79297 3.76496 3.73711 3.70958 3.68253 3.65612 3.63049 3.60575 3.58202 3.5594 3.53796 3.51776 3.49886 3.48128 3.46504 3.45014 3.43656 3.42428 3.41328 3.40351 3.39494 3.38753 3.38122 3.37599 3.37179 3.36859 3.36636 3.36509 
3.35801 3.35864 3.36023 3.36281 3.36639 3.37101 3.3767 3.38351 3.39147 3.40064 3.41106 3.42277 3.43579 3.45016 3.4659 3.483 3.50146 3.52125 3.54232 3.56463 3.58809 3.61261 3.63809 3.66439 3.6914 3.71895 3.74689 3.77505 3.80328 3.8314 3.85924 3.88663 3.91343 3.93947 3.96462 3.98875 4.01174 4.03348 4.05389 4.07288 4.09038 4.10634 4.12071 4.13346 4.14456 4.15398 4.1617 4.16772 4.17202 4.17459 4.17543 4.17453 4.17188 4.16749 4.16135 4.15347 4.14386 4.13252 4.11949 4.10479 4.08846 4.07055 4.05113 4.03028 4.00808 3.98464 3.96008 3.93453 3.90813 3.88104 3.85341 3.82542 3.79724 3.76903 3.74098 3.71324 3.68599 3.65937 3.63352 3.60857 3.58464 3.56181 3.54018 3.5198 3.50072 3.48296 3.46656 3.4515 3.43778 3.42538 3.41426 3.40438 3.39572 3.38822 3.38184 3.37655 3.3723 3.36906 3.36681 3.36552 
3.35832 3.35896 3.36057 3.36316 3.36677 3.37143 3.37717 3.38403 3.39205 3.4013 3.41179 3.42358 3.43671 3.45118 3.46703 3.48425 3.50283 3.52275 3.54396 3.5664 3.59001 3.61467 3.6403 3.66675 3.6939 3.72159 3.74967 3.77798 3.80634 3.83458 3.86254 3.89005 3.91695 3.9431 3.96834 3.99255 4.01562 4.03743 4.0579 4.07694 4.09449 4.11049 4.1249 4.13768 4.1488 4.15825 4.16599 4.17202 4.17633 4.17891 4.17975 4.17885 4.1762 4.17181 4.16566 4.15777 4.14813 4.13678 4.12371 4.10898 4.09261 4.07465 4.05518 4.03426 4.01198 3.98846 3.96381 3.93816 3.91166 3.88445 3.8567 3.82858 3.80026 3.77192 3.74372 3.71584 3.68844 3.66167 3.63568 3.61058 3.5865 3.56353 3.54176 3.52125 3.50204 3.48417 3.46765 3.45249 3.43867 3.42617 3.41497 3.40502 3.39629 3.38873 3.3823 3.37696 3.37268 3.36941 3.36714 3.36584 
3.35853 3.35916 3.36078 3.36339 3.36702 3.37169 3.37746 3.38435 3.39241 3.4017 3.41224 3.42408 3.43726 3.4518 3.46771 3.48499 3.50365 3.52364 3.54493 3.56745 3.59113 3.61588 3.64159 3.66813 3.69536 3.72314 3.7513 3.77969 3.80812 3.83644 3.86447 3.89205 3.91902 3.94523 3.97053 3.99479 4.0179 4.03976 4.06027 4.07935 4.09693 4.11296 4.12739 4.1402 4.15134 4.16079 4.16855 4.17459 4.17891 4.1815 4.18234 4.18144 4.17879 4.17439 4.16823 4.16033 4.15068 4.13931 4.12623 4.11146 4.09506 4.07708 4.05756 4.0366 4.01428 3.99071 3.966 3.94029 3.91372 3.88644 3.85862 3.83043 3.80203 3.77361 3.74533 3.71736 3.68988 3.66302 3.63694 3.61176 3.5876 3.56455 3.5427 3.52211 3.50283 3.48489 3.4683 3.45308 3.4392 3.42665 3.4154 3.40541 3.39663 3.38904 3.38258 3.37722 3.37291 3.36963 3.36735 3.36605 
