5.69029 5.69048 5.69075 5.69112 5.69158 5.69214 5.69279 5.69353 5.69437 5.69531 5.69634 5.69747 5.6987 5.70002 5.70144 5.70296 5.70457 5.70628 5.70808 5.70997 5.71194 5.714 5.71613 5.71833 5.72059 5.72291 5.72528 5.72769 5.73012 5.73257 5.73503 5.73748 5.73991 5.74231 5.74467 5.74697 5.7492 5.75135 5.75339 5.75534 5.75715 5.75884 5.76038 5.76177 5.763 5.76405 5.76493 5.76562 5.76612 5.76644 5.76656 5.76648 5.76621 5.76575 5.76511 5.76428 5.76327 5.7621 5.76076 5.75927 5.75764 5.75589 5.75401 5.75203 5.74995 5.74779 5.74557 5.7433 5.74098 5.73864 5.73628 5.73393 5.73158 5.72926 5.72697 5.72473 5.72254 5.72041 5.71835 5.71637 5.71447 5.71266 5.71094 5.70932 5.7078 5.70638 5.70506 5.70385 5.70274 5.70173 5.70084 5.70004 5.69935 5.69876 5.69827 5.69788 5.69758 5.69739 5.69729 5.69728 
5.69048 5.69066 5.69094 5.69131 5.69177 5.69233 5.69298 5.69373 5.69458 5.69552 5.69655 5.69769 5.69893 5.70026 5.70169 5.70322 5.70484 5.70656 5.70837 5.71027 5.71226 5.71433 5.71648 5.71869 5.72097 5.72331 5.7257 5.72812 5.73057 5.73304 5.73551 5.73798 5.74043 5.74285 5.74523 5.74755 5.74979 5.75196 5.75402 5.75598 5.75781 5.75951 5.76106 5.76246 5.7637 5.76476 5.76564 5.76634 5.76685 5.76716 5.76728 5.7672 5.76693 5.76647 5.76582 5.76498 5.76397 5.76278 5.76144 5.75994 5.7583 5.75652 5.75463 5.75263 5.75054 5.74837 5.74613 5.74384 5.7415 5.73914 5.73677 5.7344 5.73203 5.72969 5.72739 5.72513 5.72292 5.72077 5.7187 5.7167 5.71479 5.71296 5.71123 5.7096 5.70807 5.70663 5.70531 5.70409 5.70297 5.70196 5.70105 5.70025 5.69955 5.69896 5.69846 5.69807 5.69777 5.69757 5.69747 5.69746 
5.69075 5.69094 5.69122 5.69159 5.69206 5.69263 5.69329 5.69405 5.69491 5.69587 5.69693 5.69808 5.69934 5.7007 5.70215 5.70371 5.70536 5.70712 5.70896 5.7109 5.71293 5.71503 5.71722 5.71948 5.72181 5.72419 5.72662 5.72909 5.73159 5.7341 5.73662 5.73914 5.74164 5.7441 5.74652 5.74888 5.75117 5.75337 5.75548 5.75747 5.75933 5.76106 5.76265 5.76407 5.76533 5.76641 5.76731 5.76802 5.76853 5.76885 5.76897 5.76889 5.76862 5.76815 5.76748 5.76663 5.76559 5.76439 5.76301 5.76149 5.75981 5.75801 5.75608 5.75404 5.75191 5.74969 5.74741 5.74507 5.74269 5.74029 5.73787 5.73545 5.73304 5.73065 5.7283 5.726 5.72374 5.72156 5.71944 5.7174 5.71545 5.71359 5.71182 5.71015 5.70859 5.70713 5.70577 5.70452 5.70338 5.70235 5.70142 5.7006 5.69989 5.69928 5.69877 5.69837 5.69806 5.69786 5.69775 5.69774 
5.69112 5.69131 5.69159 5.69197 5.69246 5.69304 5.69372 5.6945 5.69538 5.69637 5.69745 5.69864 5.69994 5.70133 5.70284 5.70444 5.70614 5.70795 5.70985 5.71185 5.71394 5.71611 5.71836 5.72069 5.72309 5.72554 5.72805 5.73059 5.73316 5.73575 5.73835 5.74094 5.74351 5.74605 5.74854 5.75097 5.75333 5.7556 5.75776 5.75981 5.76173 5.76351 5.76513 5.7666 5.76789 5.769 5.76992 5.77065 5.77118 5.77151 5.77163 5.77155 5.77126 5.77078 5.77009 5.76921 5.76815 5.7669 5.76549 5.76391 5.76219 5.76033 5.75834 5.75624 5.75405 5.75176 5.74941 5.747 5.74455 5.74207 5.73958 5.73708 5.7346 5.73214 5.72972 5.72734 5.72501 5.72276 5.72057 5.71847 5.71646 5.71453 5.71271 5.71099 5.70937 5.70786 5.70646 5.70516 5.70398 5.70291 5.70195 5.7011 5.70036 5.69973 5.6992 5.69878 5.69846 5.69824 5.69813 5.69811 
5.69158 5.69177 5.69206 5.69246 5.69295 5.69355 5.69426 5.69507 5.69599 5.69701 5.69814 5.69938 5.70072 5.70218 5.70374 5.70541 5.70718 5.70906 5.71104 5.71312 5.7153 5.71756 5.71991 5.72233 5.72482 5.72738 5.72998 5.73263 5.73531 5.738 5.7407 5.7434 5.74607 5.74871 5.7513 5.75382 5.75627 5.75862 5.76087 5.763 5.76499 5.76684 5.76853 5.77004 5.77138 5.77254 5.77349 5.77425 5.77479 5.77513 5.77526 5.77517 5.77487 5.77436 5.77365 5.77273 5.77162 5.77033 5.76886 5.76722 5.76543 5.76349 5.76143 5.75924 5.75696 5.75458 5.75214 5.74963 5.74708 5.7445 5.7419 5.7393 5.73672 5.73416 5.73163 5.72915 5.72673 5.72438 5.7221 5.71991 5.7178 5.7158 5.71389 5.71209 5.7104 5.70882 5.70736 5.706 5.70477 5.70365 5.70264 5.70175 5.70097 5.7003 5.69974 5.6993 5.69896 5.69873 5.6986 5.69858 
5.69214 5.69233 5.69263 5.69304 5.69355 5.69418 5.69492 5.69576 5.69672 5.6978 5.69898 5.70028 5.70169 5.70322 5.70486 5.70661 5.70848 5.71045 5.71254 5.71472 5.717 5.71938 5.72185 5.72439 5.72701 5.72969 5.73243 5.7352 5.73801 5.74084 5.74367 5.7465 5.7493 5.75207 5.75478 5.75742 5.75999 5.76245 5.76481 5.76703 5.76912 5.77105 5.77282 5.7744 5.77581 5.77701 5.77801 5.77879 5.77937 5.77972 5.77984 5.77975 5.77943 5.7789 5.77815 5.77719 5.77602 5.77466 5.77312 5.7714 5.76952 5.76749 5.76533 5.76304 5.76064 5.75815 5.75558 5.75295 5.75027 5.74756 5.74484 5.74211 5.73939 5.7367 5.73404 5.73144 5.72889 5.72642 5.72402 5.72171 5.71949 5.71738 5.71537 5.71347 5.71169 5.71002 5.70848 5.70705 5.70574 5.70455 5.70348 5.70254 5.70171 5.701 5.7004 5.69993 5.69956 5.69931 5.69917 5.69914 
5.69279 5.69298 5.69329 5.69372 5.69426 5.69492 5.69569 5.69659 5.6976 5.69873 5.69998 5.70136 5.70285 5.70447 5.70621 5.70806 5.71004 5.71213 5.71433 5.71664 5.71906 5.72158 5.72419 5.72688 5.72965 5.73249 5.73538 5.73831 5.74128 5.74427 5.74727 5.75025 5.75321 5.75613 5.75899 5.76178 5.76449 5.76709 5.76957 5.77191 5.77411 5.77615 5.77801 5.77968 5.78115 5.78242 5.78347 5.78429 5.78489 5.78526 5.78539 5.78529 5.78495 5.78438 5.78359 5.78257 5.78134 5.77991 5.77828 5.77646 5.77448 5.77233 5.77004 5.76762 5.76509 5.76246 5.75974 5.75696 5.75413 5.75127 5.74838 5.7455 5.74262 5.73977 5.73696 5.7342 5.7315 5.72887 5.72633 5.72388 5.72153 5.71929 5.71715 5.71513 5.71324 5.71146 5.70981 5.70829 5.7069 5.70563 5.70449 5.70347 5.70259 5.70182 5.70118 5.70067 5.70027 5.69999 5.69983 5.69979 
5.69353 5.69373 5.69405 5.6945 5.69507 5.69576 5.69659 5.69753 5.69861 5.69981 5.70115 5.70261 5.7042 5.70592 5.70777 5.70975 5.71185 5.71408 5.71643 5.71889 5.72147 5.72415 5.72693 5.72979 5.73274 5.73576 5.73884 5.74196 5.74512 5.7483 5.75148 5.75465 5.75779 5.76089 5.76393 5.76689 5.76976 5.77252 5.77515 5.77763 5.77996 5.78212 5.78409 5.78586 5.78742 5.78875 5.78986 5.79074 5.79137 5.79175 5.79189 5.79178 5.79141 5.79081 5.78996 5.78888 5.78757 5.78605 5.78432 5.78239 5.78028 5.778 5.77557 5.773 5.7703 5.76751 5.76462 5.76166 5.75865 5.75561 5.75254 5.74946 5.7464 5.74337 5.74037 5.73743 5.73455 5.73175 5.72904 5.72642 5.72391 5.72151 5.71923 5.71707 5.71504 5.71314 5.71137 5.70974 5.70824 5.70688 5.70565 5.70456 5.7036 5.70277 5.70208 5.70152 5.70108 5.70078 5.7006 5.70054 
5.69437 5.69458 5.69491 5.69538 5.69599 5.69672 5.6976 5.69861 5.69976 5.70104 5.70247 5.70403 5.70574 5.70758 5.70956 5.71168 5.71393 5.71632 5.71883 5.72147 5.72423 5.7271 5.73007 5.73314 5.73629 5.73952 5.7428 5.74614 5.74952 5.75291 5.7563 5.75969 5.76304 5.76635 5.76959 5.77274 5.7758 5.77874 5.78154 5.78419 5.78667 5.78896 5.79105 5.79294 5.79459 5.79601 5.79719 5.79812 5.79878 5.79919 5.79933 5.79921 5.79882 5.79817 5.79727 5.79611 5.79471 5.79309 5.79124 5.78918 5.78693 5.7845 5.7819 5.77916 5.77628 5.77329 5.77021 5.76705 5.76384 5.76058 5.7573 5.75401 5.75074 5.74749 5.74428 5.74113 5.73805 5.73505 5.73214 5.72933 5.72664 5.72406 5.72161 5.71929 5.7171 5.71505 5.71315 5.71139 5.70977 5.7083 5.70697 5.70579 5.70475 5.70385 5.70309 5.70248 5.702 5.70166 5.70146 5.70139 
5.69531 5.69552 5.69587 5.69637 5.69701 5.6978 5.69873 5.69981 5.70104 5.70242 5.70395 5.70563 5.70746 5.70944 5.71157 5.71385 5.71627 5.71884 5.72154 5.72437 5.72734 5.73042 5.73361 5.7369 5.74029 5.74375 5.74728 5.75086 5.75447 5.75811 5.76174 5.76537 5.76896 5.7725 5.77596 5.77934 5.78261 5.78575 5.78874 5.79157 5.79422 5.79666 5.7989 5.8009 5.80267 5.80419 5.80544 5.80642 5.80713 5.80756 5.80771 5.80757 5.80715 5.80646 5.80549 5.80425 5.80275 5.80101 5.79903 5.79683 5.79441 5.79181 5.78903 5.78609 5.78301 5.77981 5.77651 5.77312 5.76968 5.76618 5.76266 5.75914 5.75562 5.75213 5.74869 5.7453 5.74199 5.73876 5.73563 5.73261 5.7297 5.72693 5.72428 5.72178 5.71942 5.71721 5.71515 5.71324 5.71149 5.70989 5.70845 5.70716 5.70603 5.70505 5.70423 5.70355 5.70302 5.70265 5.70242 5.70233 
5.69634 5.69655 5.69693 5.69745 5.69814 5.69898 5.69998 5.70115 5.70247 5.70395 5.7056 5.70741 5.70938 5.71152 5.71381 5.71626 5.71887 5.72164 5.72455 5.7276 5.73079 5.73411 5.73755 5.74109 5.74473 5.74846 5.75225 5.7561 5.75998 5.76389 5.76779 5.77168 5.77554 5.77933 5.78305 5.78667 5.79017 5.79353 5.79674 5.79977 5.8026 5.80522 5.80761 5.80975 5.81164 5.81326 5.8146 5.81565 5.8164 5.81686 5.81701 5.81686 5.81641 5.81566 5.81461 5.81328 5.81168 5.8098 5.80768 5.80532 5.80273 5.79993 5.79695 5.7938 5.79049 5.78705 5.78351 5.77987 5.77616 5.77241 5.76863 5.76483 5.76105 5.7573 5.75359 5.74994 5.74637 5.74289 5.73951 5.73625 5.73311 5.73011 5.72725 5.72455 5.72199 5.7196 5.71736 5.71529 5.71339 5.71166 5.71009 5.70869 5.70745 5.70638 5.70548 5.70474 5.70416 5.70374 5.70347 5.70337 
5.69747 5.69769 5.69808 5.69864 5.69938 5.70028 5.70136 5.70261 5.70403 5.70563 5.70741 5.70936 5.71149 5.71379 5.71627 5.71892 5.72174 5.72472 5.72786 5.73116 5.7346 5.73818 5.74188 5.7457 5.74962 5.75364 5.75772 5.76186 5.76604 5.77024 5.77444 5.77863 5.78277 5.78684 5.79083 5.79472 5.79848 5.80209 5.80552 5.80877 5.81181 5.81461 5.81717 5.81947 5.82149 5.82322 5.82465 5.82577 5.82657 5.82706 5.82721 5.82705 5.82656 5.82575 5.82463 5.8232 5.82147 5.81946 5.81718 5.81464 5.81186 5.80885 5.80565 5.80226 5.7987 5.79501 5.79119 5.78728 5.7833 5.77925 5.77518 5.77109 5.76702 5.76297 5.75897 5.75504 5.75118 5.74743 5.74378 5.74025 5.73686 5.73362 5.73052 5.72759 5.72482 5.72222 5.7198 5.71755 5.71548 5.7136 5.71189 5.71036 5.70901 5.70784 5.70685 5.70603 5.70539 5.70493 5.70463 5.70451 
5.6987 5.69893 5.69934 5.69994 5.70072 5.70169 5.70285 5.7042 5.70574 5.70746 5.70938 5.71149 5.71379 5.71628 5.71895 5.72182 5.72486 5.72808 5.73148 5.73503 5.73875 5.74261 5.74661 5.75073 5.75496 5.75928 5.76368 5.76815 5.77265 5.77717 5.78169 5.78619 5.79064 5.79502 5.79931 5.80348 5.80752 5.81139 5.81508 5.81856 5.82182 5.82483 5.82757 5.83003 5.83219 5.83404 5.83557 5.83677 5.83763 5.83814 5.83831 5.83812 5.83759 5.83672 5.83551 5.83397 5.83212 5.82996 5.8275 5.82477 5.82178 5.81855 5.81511 5.81146 5.80764 5.80366 5.79956 5.79535 5.79106 5.7867 5.78232 5.77791 5.77352 5.76915 5.76484 5.76059 5.75643 5.75237 5.74843 5.74462 5.74095 5.73744 5.73409 5.73091 5.7279 5.72509 5.72245 5.72001 5.71776 5.71571 5.71385 5.71218 5.71071 5.70943 5.70834 5.70745 5.70674 5.70622 5.70589 5.70575 
5.70002 5.70026 5.7007 5.70133 5.70218 5.70322 5.70447 5.70592 5.70758 5.70944 5.71152 5.71379 5.71628 5.71897 5.72186 5.72495 5.72824 5.73172 5.73539 5.73923 5.74324 5.74741 5.75172 5.75617 5.76073 5.76539 5.77013 5.77494 5.77978 5.78465 5.78952 5.79435 5.79914 5.80385 5.80846 5.81294 5.81728 5.82143 5.82539 5.82913 5.83262 5.83584 5.83878 5.84142 5.84373 5.84571 5.84735 5.84863 5.84954 5.85009 5.85026 5.85006 5.84949 5.84855 5.84725 5.84559 5.8436 5.84127 5.83863 5.8357 5.83249 5.82902 5.82531 5.82139 5.81728 5.81301 5.80859 5.80406 5.79944 5.79475 5.79002 5.78528 5.78054 5.77584 5.77118 5.7666 5.7621 5.75772 5.75346 5.74934 5.74537 5.74157 5.73794 5.73449 5.73124 5.72818 5.72532 5.72267 5.72023 5.71799 5.71597 5.71415 5.71254 5.71114 5.70995 5.70897 5.70819 5.70762 5.70725 5.70708 
5.70144 5.70169 5.70215 5.70284 5.70374 5.70486 5.70621 5.70777 5.70956 5.71157 5.71381 5.71627 5.71895 5.72186 5.72498 5.72833 5.73188 5.73564 5.73959 5.74374 5.74807 5.75256 5.75722 5.76201 5.76692 5.77195 5.77705 5.78223 5.78744 5.79268 5.79791 5.80311 5.80825 5.81331 5.81826 5.82308 5.82773 5.83219 5.83643 5.84044 5.84418 5.84763 5.85078 5.8536 5.85608 5.8582 5.85995 5.86132 5.8623 5.86288 5.86306 5.86284 5.86222 5.86121 5.85981 5.85803 5.85588 5.85338 5.85055 5.8474 5.84395 5.84022 5.83624 5.83203 5.82761 5.82301 5.81827 5.81339 5.80842 5.80338 5.79829 5.79318 5.78808 5.783 5.77798 5.77304 5.76819 5.76346 5.75886 5.75441 5.75012 5.74601 5.74208 5.73835 5.73482 5.73151 5.72841 5.72553 5.72288 5.72044 5.71824 5.71626 5.71451 5.71299 5.71168 5.71061 5.70975 5.70912 5.70871 5.70851 
5.70296 5.70322 5.70371 5.70444 5.70541 5.70661 5.70806 5.70975 5.71168 5.71385 5.71626 5.71892 5.72182 5.72495 5.72833 5.73193 5.73576 5.73982 5.74409 5.74856 5.75322 5.75807 5.76308 5.76824 5.77354 5.77894 5.78444 5.79 5.79561 5.80124 5.80686 5.81244 5.81796 5.82339 5.8287 5.83387 5.83885 5.84363 5.84818 5.85247 5.85648 5.86017 5.86354 5.86656 5.86921 5.87148 5.87335 5.87481 5.87585 5.87647 5.87665 5.87641 5.87575 5.87466 5.87315 5.87125 5.86894 5.86626 5.86322 5.85984 5.85614 5.85214 5.84787 5.84334 5.8386 5.83367 5.82857 5.82333 5.81799 5.81256 5.80709 5.8016 5.79611 5.79064 5.78524 5.77991 5.77469 5.76958 5.76462 5.75982 5.75519 5.75074 5.7465 5.74246 5.73865 5.73506 5.7317 5.72858 5.7257 5.72306 5.72067 5.71852 5.71661 5.71495 5.71353 5.71235 5.71142 5.71072 5.71026 5.71004 
5.70457 5.70484 5.70536 5.70614 5.70718 5.70848 5.71004 5.71185 5.71393 5.71627 5.71887 5.72174 5.72486 5.72824 5.73188 5.73576 5.7399 5.74426 5.74886 5.75368 5.7587 5.76392 5.76931 5.77486 5.78055 5.78636 5.79227 5.79824 5.80426 5.8103 5.81633 5.82232 5.82824 5.83407 5.83976 5.84529 5.85062 5.85574 5.86061 5.8652 5.86948 5.87343 5.87703 5.88026 5.88309 5.88551 5.88751 5.88906 5.89017 5.89082 5.89102 5.89076 5.89004 5.88887 5.88726 5.88521 5.88275 5.87988 5.87662 5.873 5.86903 5.86474 5.86016 5.85532 5.85023 5.84494 5.83947 5.83385 5.82812 5.8223 5.81642 5.81052 5.80461 5.79874 5.79293 5.7872 5.78158 5.77608 5.77073 5.76556 5.76056 5.75577 5.75119 5.74683 5.74271 5.73883 5.7352 5.73183 5.72871 5.72585 5.72325 5.72092 5.71885 5.71704 5.71549 5.71421 5.71319 5.71242 5.71192 5.71167 
5.70628 5.70656 5.70712 5.70795 5.70906 5.71045 5.71213 5.71408 5.71632 5.71884 5.72164 5.72472 5.72808 5.73172 5.73564 5.73982 5.74426 5.74896 5.75391 5.75909 5.76449 5.77009 5.77589 5.78185 5.78796 5.79419 5.80053 5.80694 5.81339 5.81986 5.82632 5.83274 5.83907 5.8453 5.85139 5.8573 5.86301 5.86848 5.87368 5.87858 5.88315 5.88737 5.89122 5.89466 5.89768 5.90026 5.90238 5.90404 5.90522 5.90591 5.90612 5.90583 5.90506 5.90381 5.90208 5.89989 5.89726 5.89419 5.8907 5.88683 5.88258 5.878 5.8731 5.86791 5.86247 5.8568 5.85095 5.84493 5.83878 5.83255 5.82624 5.81991 5.81358 5.80728 5.80104 5.79489 5.78884 5.78294 5.77719 5.77162 5.76624 5.76108 5.75614 5.75145 5.747 5.74282 5.7389 5.73525 5.73188 5.72879 5.72598 5.72345 5.72121 5.71925 5.71757 5.71617 5.71506 5.71422 5.71367 5.71339 
5.70808 5.70837 5.70896 5.70985 5.71104 5.71254 5.71433 5.71643 5.71883 5.72154 5.72455 5.72786 5.73148 5.73539 5.73959 5.74409 5.74886 5.75391 5.75922 5.76478 5.77057 5.77658 5.78279 5.78919 5.79573 5.80241 5.80919 5.81606 5.82296 5.82989 5.83679 5.84365 5.85042 5.85708 5.86358 5.86989 5.87598 5.88181 5.88736 5.89258 5.89746 5.90196 5.90605 5.90971 5.91293 5.91567 5.91793 5.91969 5.92095 5.92168 5.9219 5.92159 5.92076 5.91943 5.91758 5.91524 5.91243 5.90915 5.90543 5.90129 5.89676 5.89187 5.88663 5.88109 5.87528 5.86923 5.86297 5.85653 5.84996 5.84329 5.83654 5.82977 5.82299 5.81624 5.80955 5.80295 5.79647 5.79013 5.78396 5.77798 5.77221 5.76666 5.76135 5.7563 5.75152 5.74701 5.74279 5.73886 5.73522 5.73189 5.72885 5.72612 5.7237 5.72158 5.71976 5.71824 5.71703 5.71612 5.71551 5.7152 
5.70997 5.71027 5.7109 5.71185 5.71312 5.71472 5.71664 5.71889 5.72147 5.72437 5.7276 5.73116 5.73503 5.73923 5.74374 5.74856 5.75368 5.75909 5.76478 5.77073 5.77694 5.78337 5.79002 5.79686 5.80386 5.811 5.81825 5.82558 5.83295 5.84035 5.84772 5.85503 5.86225 5.86935 5.87627 5.883 5.88949 5.8957 5.9016 5.90716 5.91235 5.91713 5.92148 5.92538 5.92879 5.93171 5.93411 5.93598 5.93731 5.93808 5.93831 5.93798 5.9371 5.93567 5.9337 5.93121 5.92821 5.92472 5.92076 5.91635 5.91152 5.90631 5.90073 5.89482 5.88863 5.88217 5.87549 5.86863 5.86161 5.85449 5.84729 5.84005 5.8328 5.82559 5.81843 5.81137 5.80444 5.79765 5.79104 5.78463 5.77844 5.77249 5.7668 5.76138 5.75624 5.7514 5.74686 5.74263 5.73872 5.73513 5.73186 5.72892 5.7263 5.72401 5.72205 5.72041 5.7191 5.71811 5.71744 5.7171 
5.71194 5.71226 5.71293 5.71394 5.7153 5.717 5.71906 5.72147 5.72423 5.72734 5.73079 5.7346 5.73875 5.74324 5.74807 5.75322 5.7587 5.76449 5.77057 5.77694 5.78357 5.79044 5.79754 5.80484 5.81231 5.81993 5.82766 5.83548 5.84334 5.85121 5.85906 5.86685 5.87453 5.88208 5.88945 5.8966 5.90349 5.91009 5.91636 5.92227 5.92777 5.93285 5.93747 5.9416 5.94522 5.94832 5.95086 5.95284 5.95424 5.95506 5.9553 5.95494 5.954 5.95248 5.95039 5.94774 5.94455 5.94084 5.93663 5.93195 5.92682 5.92127 5.91534 5.90906 5.90246 5.89559 5.88848 5.88118 5.87371 5.86611 5.85844 5.85072 5.843 5.8353 5.82767 5.82013 5.81272 5.80548 5.79841 5.79156 5.78494 5.77857 5.77248 5.76667 5.76117 5.75598 5.75111 5.74657 5.74237 5.73852 5.735 5.73184 5.72903 5.72656 5.72444 5.72268 5.72126 5.72019 5.71946 5.71909 
5.714 5.71433 5.71503 5.71611 5.71756 5.71938 5.72158 5.72415 5.7271 5.73042 5.73411 5.73818 5.74261 5.74741 5.75256 5.75807 5.76392 5.77009 5.77658 5.78337 5.79044 5.79777 5.80534 5.81311 5.82107 5.82918 5.8374 5.84572 5.85408 5.86245 5.87079 5.87906 5.88722 5.89523 5.90305 5.91064 5.91795 5.92495 5.93159 5.93785 5.94369 5.94906 5.95395 5.95833 5.96216 5.96543 5.96812 5.97021 5.9717 5.97256 5.97281 5.97243 5.97143 5.96981 5.96759 5.96479 5.9614 5.95747 5.953 5.94803 5.94259 5.9367 5.93041 5.92375 5.91675 5.90945 5.9019 5.89414 5.8862 5.87813 5.86997 5.86176 5.85354 5.84535 5.83722 5.8292 5.8213 5.81358 5.80604 5.79873 5.79167 5.78487 5.77836 5.77216 5.76627 5.76072 5.75552 5.75066 5.74616 5.74203 5.73827 5.73488 5.73185 5.72921 5.72693 5.72503 5.72351 5.72235 5.72157 5.72116 
5.71613 5.71648 5.71722 5.71836 5.71991 5.72185 5.72419 5.72693 5.73007 5.73361 5.73755 5.74188 5.74661 5.75172 5.75722 5.76308 5.76931 5.77589 5.78279 5.79002 5.79754 5.80534 5.81338 5.82164 5.8301 5.83871 5.84744 5.85627 5.86514 5.87401 5.88286 5.89162 5.90027 5.90876 5.91704 5.92507 5.9328 5.94021 5.94724 5.95385 5.96002 5.9657 5.97087 5.97549 5.97954 5.98299 5.98583 5.98804 5.9896 5.99051 5.99077 5.99036 5.9893 5.98759 5.98525 5.98227 5.97869 5.97453 5.9698 5.96455 5.95879 5.95256 5.94589 5.93884 5.93142 5.92369 5.91569 5.90747 5.89905 5.89049 5.88184 5.87312 5.8644 5.8557 5.84707 5.83854 5.83015 5.82193 5.81392 5.80613 5.79861 5.79137 5.78444 5.77782 5.77155 5.76563 5.76007 5.75489 5.75008 5.74567 5.74164 5.73802 5.73478 5.73195 5.72951 5.72747 5.72583 5.72459 5.72375 5.7233 
5.71833 5.71869 5.71948 5.72069 5.72233 5.72439 5.72688 5.72979 5.73314 5.7369 5.74109 5.7457 5.75073 5.75617 5.76201 5.76824 5.77486 5.78185 5.78919 5.79686 5.80484 5.81311 5.82164 5.83041 5.83937 5.84849 5.85775 5.86709 5.87648 5.88587 5.89522 5.9045 5.91364 5.92261 5.93135 5.93983 5.948 5.95582 5.96324 5.97022 5.97672 5.98272 5.98816 5.99303 5.9973 6.00094 6.00393 6.00625 6.00789 6.00885 6.00912 6.00869 6.00756 6.00576 6.00328 6.00014 5.99636 5.99197 5.98698 5.98143 5.97535 5.96877 5.96173 5.95427 5.94644 5.93827 5.92982 5.92111 5.91221 5.90316 5.894 5.88477 5.87553 5.86631 5.85716 5.84812 5.83922 5.8305 5.822 5.81374 5.80575 5.79806 5.79069 5.78365 5.77698 5.77068 5.76476 5.75924 5.75412 5.74942 5.74512 5.74125 5.7378 5.73478 5.73217 5.72999 5.72824 5.72691 5.726 5.72552 
5.72059 5.72097 5.72181 5.72309 5.72482 5.72701 5.72965 5.73274 5.73629 5.74029 5.74473 5.74962 5.75496 5.76073 5.76692 5.77354 5.78055 5.78796 5.79573 5.80386 5.81231 5.82107 5.8301 5.83937 5.84884 5.85849 5.86827 5.87814 5.88805 5.89797 5.90785 5.91763 5.92727 5.93673 5.94595 5.95488 5.96349 5.97172 5.97953 5.98688 5.99372 6.00003 6.00576 6.01088 6.01536 6.01919 6.02233 6.02477 6.0265 6.0275 6.02778 6.02732 6.02614 6.02423 6.02162 6.01832 6.01434 6.00971 6.00446 5.99861 5.9922 5.98527 5.97786 5.97 5.96174 5.95313 5.94421 5.93503 5.92563 5.91608 5.9064 5.89666 5.88689 5.87715 5.86748 5.85791 5.8485 5.83927 5.83027 5.82152 5.81305 5.8049 5.79708 5.78962 5.78254 5.77585 5.76957 5.7637 5.75826 5.75326 5.7487 5.74458 5.7409 5.73768 5.73491 5.73258 5.73071 5.72929 5.72832 5.72779 
5.72291 5.72331 5.72419 5.72554 5.72738 5.72969 5.73249 5.73576 5.73952 5.74375 5.74846 5.75364 5.75928 5.76539 5.77195 5.77894 5.78636 5.79419 5.80241 5.811 5.81993 5.82918 5.83871 5.84849 5.85849 5.86867 5.87898 5.88938 5.89983 5.91027 5.92067 5.93096 5.94111 5.95106 5.96075 5.97015 5.9792 5.98784 5.99605 6.00377 6.01095 6.01757 6.02359 6.02896 6.03367 6.03768 6.04097 6.04353 6.04534 6.04639 6.04667 6.04619 6.04495 6.04295 6.0402 6.03673 6.03255 6.02769 6.02217 6.01603 6.00929 6.00201 5.99421 5.98595 5.97726 5.9682 5.95882 5.94915 5.93926 5.9292 5.91901 5.90874 5.89845 5.88818 5.87797 5.86788 5.85794 5.8482 5.83869 5.82944 5.82049 5.81187 5.8036 5.79571 5.78821 5.78113 5.77447 5.76826 5.76249 5.75719 5.75235 5.74797 5.74407 5.74065 5.7377 5.73523 5.73324 5.73172 5.73069 5.73013 
5.72528 5.7257 5.72662 5.72805 5.72998 5.73243 5.73538 5.73884 5.7428 5.74728 5.75225 5.75772 5.76368 5.77013 5.77705 5.78444 5.79227 5.80053 5.80919 5.81825 5.82766 5.8374 5.84744 5.85775 5.86827 5.87898 5.88982 5.90076 5.91174 5.92272 5.93364 5.94445 5.95511 5.96555 5.97572 5.98557 5.99506 6.00413 6.01273 6.02081 6.02834 6.03528 6.04157 6.0472 6.05212 6.05632 6.05977 6.06244 6.06434 6.06543 6.06573 6.06522 6.06392 6.06182 6.05894 6.0553 6.05092 6.04583 6.04004 6.0336 6.02654 6.0189 6.01073 6.00206 5.99294 5.98343 5.97358 5.96343 5.95305 5.94247 5.93176 5.92097 5.91014 5.89934 5.8886 5.87797 5.86751 5.85725 5.84722 5.83748 5.82804 5.81895 5.81022 5.80189 5.79398 5.78649 5.77946 5.77289 5.7668 5.76118 5.75606 5.75143 5.7473 5.74368 5.74055 5.73793 5.73582 5.73421 5.73311 5.73251 
5.72769 5.72812 5.72909 5.73059 5.73263 5.7352 5.73831 5.74196 5.74614 5.75086 5.7561 5.76186 5.76815 5.77494 5.78223 5.79 5.79824 5.80694 5.81606 5.82558 5.83548 5.84572 5.85627 5.86709 5.87814 5.88938 5.90076 5.91223 5.92375 5.93526 5.94671 5.95804 5.96919 5.98013 5.99078 6.00109 6.01101 6.0205 6.02949 6.03795 6.04582 6.05306 6.05964 6.06552 6.07066 6.07505 6.07864 6.08144 6.08341 6.08455 6.08486 6.08433 6.08296 6.08077 6.07776 6.07395 6.06937 6.06404 6.05799 6.05126 6.04387 6.03588 6.02733 6.01825 6.00871 5.99876 5.98844 5.97781 5.96692 5.95583 5.9446 5.93328 5.92193 5.91059 5.89931 5.88816 5.87716 5.86638 5.85584 5.8456 5.83567 5.8261 5.81692 5.80815 5.79981 5.79192 5.78451 5.77758 5.77115 5.76523 5.75983 5.75494 5.75058 5.74675 5.74344 5.74067 5.73844 5.73673 5.73556 5.73493 
5.73012 5.73057 5.73159 5.73316 5.73531 5.73801 5.74128 5.74512 5.74952 5.75447 5.75998 5.76604 5.77265 5.77978 5.78744 5.79561 5.80426 5.81339 5.82296 5.83295 5.84334 5.85408 5.86514 5.87648 5.88805 5.89983 5.91174 5.92375 5.9358 5.94784 5.95981 5.97165 5.98331 5.99473 6.00586 6.01663 6.02699 6.03689 6.04627 6.05509 6.0633 6.07085 6.07771 6.08384 6.0892 6.09377 6.09751 6.10042 6.10248 6.10367 6.10398 6.10343 6.102 6.09971 6.09657 6.0926 6.08783 6.08227 6.07595 6.06892 6.06122 6.05288 6.04394 6.03447 6.02451 6.0141 6.00332 5.99221 5.98083 5.96923 5.95749 5.94564 5.93375 5.92188 5.91007 5.89839 5.88686 5.87556 5.86451 5.85376 5.84334 5.8333 5.82365 5.81444 5.80568 5.79739 5.7896 5.78231 5.77555 5.76932 5.76362 5.75848 5.75389 5.74985 5.74637 5.74345 5.74109 5.73929 5.73805 5.73737 
5.73257 5.73304 5.7341 5.73575 5.738 5.74084 5.74427 5.7483 5.75291 5.75811 5.76389 5.77024 5.77717 5.78465 5.79268 5.80124 5.8103 5.81986 5.82989 5.84035 5.85121 5.86245 5.87401 5.88587 5.89797 5.91027 5.92272 5.93526 5.94784 5.9604 5.97289 5.98524 5.9974 6.00931 6.0209 6.03212 6.04291 6.05322 6.06299 6.07217 6.08071 6.08857 6.0957 6.10207 6.10765 6.1124 6.1163 6.11932 6.12145 6.12269 6.12302 6.12243 6.12095 6.11857 6.1153 6.11117 6.1062 6.10041 6.09384 6.08652 6.0785 6.06981 6.0605 6.05063 6.04025 6.02941 6.01816 6.00658 5.99471 5.98261 5.97035 5.95798 5.94557 5.93316 5.92083 5.90861 5.89656 5.88474 5.87318 5.86193 5.85102 5.84051 5.8304 5.82075 5.81156 5.80288 5.7947 5.78706 5.77996 5.77342 5.76744 5.76204 5.75721 5.75296 5.74931 5.74623 5.74375 5.74186 5.74055 5.73984 
5.73503 5.73551 5.73662 5.73835 5.7407 5.74367 5.74727 5.75148 5.7563 5.76174 5.76779 5.77444 5.78169 5.78952 5.79791 5.80686 5.81633 5.82632 5.83679 5.84772 5.85906 5.87079 5.88286 5.89522 5.90785 5.92067 5.93364 5.94671 5.95981 5.97289 5.98589 5.99874 6.01139 6.02377 6.03583 6.04749 6.05871 6.06942 6.07956 6.0891 6.09797 6.10613 6.11353 6.12015 6.12593 6.13086 6.1349 6.13804 6.14025 6.14153 6.14187 6.14126 6.13972 6.13725 6.13385 6.12956 6.1244 6.11839 6.11156 6.10396 6.09563 6.0866 6.07693 6.06667 6.05587 6.0446 6.0329 6.02085 6.00849 5.9959 5.98313 5.97025 5.95731 5.94439 5.93153 5.91879 5.90622 5.89388 5.88182 5.87007 5.85868 5.84769 5.83713 5.82704 5.81744 5.80835 5.7998 5.7918 5.78437 5.77752 5.77125 5.76559 5.76053 5.75608 5.75225 5.74902 5.74642 5.74443 5.74306 5.74231 
5.73748 5.73798 5.73914 5.74094 5.7434 5.7465 5.75025 5.75465 5.75969 5.76537 5.77168 5.77863 5.78619 5.79435 5.80311 5.81244 5.82232 5.83274 5.84365 5.85503 5.86685 5.87906 5.89162 5.9045 5.91763 5.93096 5.94445 5.95804 5.97165 5.98524 5.99874 6.01209 6.02522 6.03807 6.05058 6.06267 6.07431 6.08541 6.09593 6.10581 6.115 6.12345 6.13112 6.13797 6.14396 6.14907 6.15325 6.1565 6.15879 6.16011 6.16046 6.15983 6.15823 6.15566 6.15215 6.14771 6.14235 6.13613 6.12905 6.12117 6.11253 6.10317 6.09315 6.0825 6.0713 6.0596 6.04746 6.03495 6.02212 6.00904 5.99577 5.98239 5.96894 5.9555 5.94212 5.92886 5.91579 5.90294 5.89038 5.87814 5.86627 5.85482 5.84381 5.83329 5.82327 5.81379 5.80486 5.79651 5.78875 5.78159 5.77505 5.76913 5.76385 5.75919 5.75518 5.75181 5.74908 5.747 5.74556 5.74477 
5.73991 5.74043 5.74164 5.74351 5.74607 5.7493 5.75321 5.75779 5.76304 5.76896 5.77554 5.78277 5.79064 5.79914 5.80825 5.81796 5.82824 5.83907 5.85042 5.86225 5.87453 5.88722 5.90027 5.91364 5.92727 5.94111 5.95511 5.96919 5.98331 5.9974 6.01139 6.02522 6.03882 6.05213 6.06507 6.0776 6.08963 6.10112 6.112 6.12222 6.13172 6.14046 6.14839 6.15547 6.16166 6.16693 6.17125 6.17461 6.17697 6.17834 6.17869 6.17804 6.17639 6.17374 6.1701 6.16551 6.15998 6.15354 6.14622 6.13807 6.12913 6.11945 6.10908 6.09806 6.08647 6.07435 6.06178 6.04882 6.03552 6.02197 6.00821 5.99433 5.98039 5.96644 5.95256 5.9388 5.92522 5.91187 5.89882 5.8861 5.87377 5.86186 5.85041 5.83946 5.82903 5.81916 5.80987 5.80117 5.79308 5.78563 5.77881 5.77264 5.76713 5.76227 5.75808 5.75457 5.75172 5.74954 5.74804 5.74721 
5.74231 5.74285 5.7441 5.74605 5.74871 5.75207 5.75613 5.76089 5.76635 5.7725 5.77933 5.78684 5.79502 5.80385 5.81331 5.82339 5.83407 5.8453 5.85708 5.86935 5.88208 5.89523 5.90876 5.92261 5.93673 5.95106 5.96555 5.98013 5.99473 6.00931 6.02377 6.03807 6.05213 6.06588 6.07925 6.09219 6.10461 6.11647 6.1277 6.13825 6.14805 6.15707 6.16525 6.17255 6.17893 6.18437 6.18882 6.19228 6.19472 6.19613 6.19649 6.19582 6.19411 6.19138 6.18763 6.18289 6.17718 6.17054 6.16299 6.15458 6.14535 6.13536 6.12464 6.11327 6.10129 6.08878 6.07578 6.06238 6.04864 6.03462 6.02039 6.00603 5.9916 5.97716 5.96279 5.94853 5.93446 5.92064 5.9071 5.89392 5.88113 5.86877 5.85689 5.84552 5.8347 5.82445 5.81479 5.80575 5.79735 5.7896 5.78251 5.77609 5.77036 5.76531 5.76095 5.75729 5.75432 5.75206 5.75049 5.74963 
5.74467 5.74523 5.74652 5.74854 5.7513 5.75478 5.75899 5.76393 5.76959 5.77596 5.78305 5.79083 5.79931 5.80846 5.81826 5.8287 5.83976 5.85139 5.86358 5.87627 5.88945 5.90305 5.91704 5.93135 5.94595 5.96075 5.97572 5.99078 6.00586 6.0209 6.03583 6.05058 6.06507 6.07925 6.09304 6.10637 6.11918 6.13139 6.14296 6.15382 6.16392 6.1732 6.18162 6.18914 6.19571 6.2013 6.20588 6.20944 6.21195 6.2134 6.21377 6.21308 6.21132 6.20851 6.20465 6.19977 6.19389 6.18705 6.17928 6.17062 6.16111 6.15081 6.13977 6.12805 6.11571 6.1028 6.0894 6.07558 6.0614 6.04694 6.03225 6.01742 6.00252 5.98761 5.97275 5.95802 5.94348 5.92918 5.91519 5.90155 5.88831 5.87552 5.86322 5.85145 5.84023 5.82961 5.8196 5.81024 5.80152 5.79349 5.78613 5.77948 5.77352 5.76828 5.76376 5.75996 5.75688 5.75452 5.75289 5.752 
5.74697 5.74755 5.74888 5.75097 5.75382 5.75742 5.76178 5.76689 5.77274 5.77934 5.78667 5.79472 5.80348 5.81294 5.82308 5.83387 5.84529 5.8573 5.86989 5.883 5.8966 5.91064 5.92507 5.93983 5.95488 5.97015 5.98557 6.00109 6.01663 6.03212 6.04749 6.06267 6.0776 6.09219 6.10637 6.12008 6.13325 6.14581 6.1577 6.16887 6.17924 6.18878 6.19743 6.20515 6.2119 6.21764 6.22235 6.226 6.22858 6.23006 6.23045 6.22974 6.22793 6.22504 6.22108 6.21606 6.21002 6.20299 6.19501 6.1861 6.17633 6.16575 6.15439 6.14234 6.12964 6.11636 6.10258 6.08835 6.07375 6.05885 6.04373 6.02845 6.0131 5.99772 5.98241 5.96722 5.95222 5.93747 5.92303 5.90894 5.89528 5.88207 5.86936 5.8572 5.84561 5.83463 5.82428 5.8146 5.80559 5.79727 5.78966 5.78277 5.77661 5.77118 5.7665 5.76256 5.75937 5.75693 5.75524 5.75431 
5.7492 5.74979 5.75117 5.75333 5.75627 5.75999 5.76449 5.76976 5.7758 5.78261 5.79017 5.79848 5.80752 5.81728 5.82773 5.83885 5.85062 5.86301 5.87598 5.88949 5.90349 5.91795 5.9328 5.948 5.96349 5.9792 5.99506 6.01101 6.02699 6.04291 6.05871 6.07431 6.08963 6.10461 6.11918 6.13325 6.14677 6.15966 6.17186 6.18331 6.19395 6.20373 6.2126 6.22051 6.22743 6.23332 6.23815 6.24189 6.24453 6.24605 6.24645 6.24572 6.24386 6.2409 6.23683 6.23169 6.2255 6.21829 6.2101 6.20097 6.19094 6.18008 6.16843 6.15606 6.14302 6.12939 6.11523 6.10062 6.08562 6.07031 6.05477 6.03906 6.02327 6.00746 5.99171 5.97608 5.96064 5.94545 5.93058 5.91608 5.90199 5.88838 5.87529 5.86275 5.8508 5.83948 5.8288 5.81881 5.80951 5.80092 5.79307 5.78596 5.77959 5.77399 5.76915 5.76508 5.76178 5.75926 5.75751 5.75655 
5.75135 5.75196 5.75337 5.7556 5.75862 5.76245 5.76709 5.77252 5.77874 5.78575 5.79353 5.80209 5.81139 5.82143 5.83219 5.84363 5.85574 5.86848 5.88181 5.8957 5.91009 5.92495 5.94021 5.95582 5.97172 5.98784 6.00413 6.0205 6.03689 6.05322 6.06942 6.08541 6.10112 6.11647 6.13139 6.14581 6.15966 6.17286 6.18535 6.19707 6.20797 6.21798 6.22705 6.23515 6.24223 6.24825 6.25319 6.25702 6.25972 6.26128 6.26168 6.26093 6.25904 6.256 6.25185 6.24659 6.24025 6.23287 6.22448 6.21514 6.20487 6.19375 6.18182 6.16914 6.15579 6.14182 6.12731 6.11233 6.09695 6.08125 6.06531 6.0492 6.03299 6.01677 6.00059 5.98455 5.96869 5.95309 5.93781 5.9229 5.90843 5.89443 5.88097 5.86807 5.85578 5.84412 5.83314 5.82285 5.81327 5.80443 5.79634 5.78902 5.78246 5.77668 5.7717 5.7675 5.7641 5.7615 5.7597 5.7587 
5.75339 5.75402 5.75548 5.75776 5.76087 5.76481 5.76957 5.77515 5.78154 5.78874 5.79674 5.80552 5.81508 5.82539 5.83643 5.84818 5.86061 5.87368 5.88736 5.9016 5.91636 5.93159 5.94724 5.96324 5.97953 5.99605 6.01273 6.02949 6.04627 6.06299 6.07956 6.09593 6.112 6.1277 6.14296 6.1577 6.17186 6.18535 6.19812 6.2101 6.22122 6.23145 6.24072 6.24899 6.25622 6.26238 6.26742 6.27133 6.27408 6.27567 6.27609 6.27532 6.27339 6.27029 6.26604 6.26067 6.2542 6.24666 6.23809 6.22854 6.21805 6.20668 6.19449 6.18153 6.16787 6.15359 6.13875 6.12342 6.10769 6.09162 6.0753 6.05881 6.04221 6.02559 6.00902 5.99258 5.97633 5.96034 5.94467 5.92938 5.91454 5.90018 5.88636 5.87312 5.86051 5.84854 5.83726 5.82669 5.81686 5.80778 5.79946 5.79193 5.78519 5.77926 5.77413 5.76981 5.76632 5.76364 5.76179 5.76076 
5.75534 5.75598 5.75747 5.75981 5.763 5.76703 5.77191 5.77763 5.78419 5.79157 5.79977 5.80877 5.81856 5.82913 5.84044 5.85247 5.8652 5.87858 5.89258 5.90716 5.92227 5.93785 5.95385 5.97022 5.98688 6.00377 6.02081 6.03795 6.05509 6.07217 6.0891 6.10581 6.12222 6.13825 6.15382 6.16887 6.18331 6.19707 6.2101 6.22231 6.23366 6.24409 6.25354 6.26198 6.26935 6.27562 6.28076 6.28474 6.28755 6.28917 6.28959 6.28881 6.28684 6.28368 6.27935 6.27387 6.26728 6.25959 6.25085 6.24111 6.23042 6.21882 6.20638 6.19315 6.17922 6.16464 6.14948 6.13384 6.11777 6.10136 6.08469 6.06783 6.05087 6.03389 6.01695 6.00014 5.98352 5.96716 5.95113 5.93549 5.92029 5.90559 5.89145 5.87789 5.86497 5.85271 5.84115 5.83032 5.82024 5.81093 5.80241 5.79469 5.78778 5.78169 5.77643 5.772 5.76841 5.76567 5.76376 5.76271 
5.75715 5.75781 5.75933 5.76173 5.76499 5.76912 5.77411 5.77996 5.78667 5.79422 5.8026 5.81181 5.82182 5.83262 5.84418 5.85648 5.86948 5.88315 5.89746 5.91235 5.92777 5.94369 5.96002 5.97672 5.99372 6.01095 6.02834 6.04582 6.0633 6.08071 6.09797 6.115 6.13172 6.14805 6.16392 6.17924 6.19395 6.20797 6.22122 6.23366 6.24522 6.25583 6.26545 6.27403 6.28153 6.28791 6.29314 6.2972 6.30005 6.3017 6.30213 6.30134 6.29933 6.29612 6.29171 6.28614 6.27942 6.2716 6.26271 6.25279 6.2419 6.23009 6.21742 6.20396 6.18976 6.17491 6.15947 6.14352 6.12715 6.11042 6.09342 6.07624 6.05894 6.04161 6.02433 6.00717 5.99021 5.97351 5.95715 5.94117 5.92565 5.91064 5.89619 5.88234 5.86913 5.8566 5.84479 5.83371 5.8234 5.81388 5.80516 5.79726 5.79019 5.78396 5.77858 5.77405 5.77037 5.76756 5.76562 5.76454 
5.75884 5.75951 5.76106 5.76351 5.76684 5.77105 5.77615 5.78212 5.78896 5.79666 5.80522 5.81461 5.82483 5.83584 5.84763 5.86017 5.87343 5.88737 5.90196 5.91713 5.93285 5.94906 5.9657 5.98272 6.00003 6.01757 6.03528 6.05306 6.07085 6.08857 6.10613 6.12345 6.14046 6.15707 6.1732 6.18878 6.20373 6.21798 6.23145 6.24409 6.25583 6.26661 6.27639 6.2851 6.29272 6.2992 6.30451 6.30863 6.31154 6.31321 6.31365 6.31284 6.3108 6.30754 6.30306 6.2974 6.29058 6.28263 6.2736 6.26352 6.25245 6.24045 6.22758 6.21389 6.19945 6.18435 6.16865 6.15243 6.13577 6.11876 6.10146 6.08397 6.06636 6.04872 6.03113 6.01365 5.99638 5.97937 5.96269 5.94642 5.9306 5.9153 5.90056 5.88644 5.87297 5.86019 5.84814 5.83684 5.82633 5.81661 5.80771 5.79965 5.79243 5.78607 5.78057 5.77594 5.77219 5.76932 5.76733 5.76623 
5.76038 5.76106 5.76265 5.76513 5.76853 5.77282 5.77801 5.78409 5.79105 5.7989 5.80761 5.81717 5.82757 5.83878 5.85078 5.86354 5.87703 5.89122 5.90605 5.92148 5.93747 5.95395 5.97087 5.98816 6.00576 6.02359 6.04157 6.05964 6.07771 6.0957 6.11353 6.13112 6.14839 6.16525 6.18162 6.19743 6.2126 6.22705 6.24072 6.25354 6.26545 6.27639 6.2863 6.29514 6.30286 6.30943 6.31482 6.319 6.32194 6.32364 6.32408 6.32326 6.3212 6.31789 6.31335 6.30761 6.30069 6.29263 6.28347 6.27325 6.26202 6.24985 6.23678 6.22289 6.20824 6.19292 6.17698 6.16051 6.1436 6.12632 6.10875 6.09099 6.0731 6.05518 6.0373 6.01954 6.00198 5.98469 5.96774 5.95119 5.9351 5.91953 5.90454 5.89017 5.87647 5.86346 5.8512 5.8397 5.82899 5.81909 5.81003 5.80182 5.79447 5.78799 5.78239 5.77768 5.77386 5.77093 5.7689 5.76778 
5.76177 5.76246 5.76407 5.7666 5.77004 5.7744 5.77968 5.78586 5.79294 5.8009 5.80975 5.81947 5.83003 5.84142 5.8536 5.86656 5.88026 5.89466 5.90971 5.92538 5.9416 5.95833 5.97549 5.99303 6.01088 6.02896 6.0472 6.06552 6.08384 6.10207 6.12015 6.13797 6.15547 6.17255 6.18914 6.20515 6.22051 6.23515 6.24899 6.26198 6.27403 6.2851 6.29514 6.30409 6.31191 6.31856 6.32401 6.32824 6.33122 6.33293 6.33338 6.33256 6.33046 6.32711 6.32252 6.31671 6.30971 6.30155 6.29227 6.28192 6.27056 6.25823 6.24499 6.23092 6.21609 6.20056 6.18441 6.16773 6.15059 6.13307 6.11527 6.09726 6.07912 6.06095 6.04282 6.02481 6.00699 5.98945 5.97225 5.95545 5.93912 5.92333 5.90811 5.89352 5.8796 5.86639 5.85394 5.84225 5.83138 5.82133 5.81212 5.80377 5.7963 5.78972 5.78403 5.77924 5.77535 5.77238 5.77032 5.76917 
5.763 5.7637 5.76533 5.76789 5.77138 5.77581 5.78115 5.78742 5.79459 5.80267 5.81164 5.82149 5.83219 5.84373 5.85608 5.86921 5.88309 5.89768 5.91293 5.92879 5.94522 5.96216 5.97954 5.9973 6.01536 6.03367 6.05212 6.07066 6.0892 6.10765 6.12593 6.14396 6.16166 6.17893 6.19571 6.2119 6.22743 6.24223 6.25622 6.26935 6.28153 6.29272 6.30286 6.31191 6.31981 6.32653 6.33204 6.33631 6.33932 6.34106 6.34151 6.34068 6.33856 6.33518 6.33054 6.32466 6.31758 6.30934 6.29996 6.2895 6.27801 6.26555 6.25217 6.23795 6.22295 6.20724 6.19091 6.17404 6.1567 6.13898 6.12097 6.10274 6.08439 6.066 6.04765 6.02941 6.01138 5.99362 5.9762 5.95919 5.94265 5.92665 5.91123 5.89645 5.88235 5.86897 5.85634 5.8445 5.83348 5.82329 5.81395 5.80549 5.79792 5.79124 5.78547 5.78061 5.77667 5.77365 5.77156 5.7704 
5.76405 5.76476 5.76641 5.769 5.77254 5.77701 5.78242 5.78875 5.79601 5.80419 5.81326 5.82322 5.83404 5.84571 5.8582 5.87148 5.88551 5.90026 5.91567 5.93171 5.94832 5.96543 5.98299 6.00094 6.01919 6.03768 6.05632 6.07505 6.09377 6.1124 6.13086 6.14907 6.16693 6.18437 6.2013 6.21764 6.23332 6.24825 6.26238 6.27562 6.28791 6.2992 6.30943 6.31856 6.32653 6.33331 6.33887 6.34318 6.34621 6.34797 6.34842 6.34758 6.34545 6.34203 6.33735 6.33143 6.32429 6.31597 6.30651 6.29595 6.28436 6.27178 6.25828 6.24392 6.22878 6.21293 6.19645 6.17941 6.1619 6.14401 6.12582 6.10741 6.08888 6.0703 6.05176 6.03334 6.01512 5.99717 5.97957 5.96238 5.94566 5.92949 5.9139 5.89896 5.8847 5.87117 5.8584 5.84643 5.83527 5.82497 5.81553 5.80697 5.7993 5.79255 5.78671 5.78179 5.77781 5.77475 5.77264 5.77146 
5.76493 5.76564 5.76731 5.76992 5.77349 5.77801 5.78347 5.78986 5.79719 5.80544 5.8146 5.82465 5.83557 5.84735 5.85995 5.87335 5.88751 5.90238 5.91793 5.93411 5.95086 5.96812 5.98583 6.00393 6.02233 6.04097 6.05977 6.07864 6.09751 6.1163 6.1349 6.15325 6.17125 6.18882 6.20588 6.22235 6.23815 6.25319 6.26742 6.28076 6.29314 6.30451 6.31482 6.32401 6.33204 6.33887 6.34447 6.34881 6.35186 6.35363 6.35409 6.35324 6.35109 6.34765 6.34294 6.33697 6.32978 6.3214 6.31187 6.30124 6.28956 6.27689 6.26329 6.24882 6.23357 6.21759 6.20098 6.18381 6.16617 6.14814 6.1298 6.11125 6.09256 6.07383 6.05514 6.03657 6.01819 6.00009 5.98234 5.965 5.94814 5.93182 5.9161 5.90102 5.88663 5.87298 5.8601 5.84801 5.83676 5.82636 5.81683 5.80819 5.80045 5.79363 5.78774 5.78277 5.77875 5.77566 5.77353 5.77234 
5.76562 5.76634 5.76802 5.77065 5.77425 5.77879 5.78429 5.79074 5.79812 5.80642 5.81565 5.82577 5.83677 5.84863 5.86132 5.87481 5.88906 5.90404 5.91969 5.93598 5.95284 5.97021 5.98804 6.00625 6.02477 6.04353 6.06244 6.08144 6.10042 6.11932 6.13804 6.1565 6.17461 6.19228 6.20944 6.226 6.24189 6.25702 6.27133 6.28474 6.2972 6.30863 6.319 6.32824 6.33631 6.34318 6.34881 6.35317 6.35624 6.35802 6.35848 6.35763 6.35547 6.35201 6.34727 6.34127 6.33404 6.32561 6.31603 6.30534 6.29359 6.28085 6.26717 6.25262 6.23727 6.22121 6.2045 6.18723 6.16948 6.15134 6.13289 6.11422 6.09542 6.07657 6.05776 6.03907 6.02058 6.00236 5.98449 5.96704 5.95007 5.93364 5.91781 5.90263 5.88814 5.8744 5.86142 5.84925 5.83792 5.82744 5.81785 5.80914 5.80135 5.79448 5.78854 5.78354 5.77949 5.77638 5.77423 5.77303 
5.76612 5.76685 5.76853 5.77118 5.77479 5.77937 5.78489 5.79137 5.79878 5.80713 5.8164 5.82657 5.83763 5.84954 5.8623 5.87585 5.89017 5.90522 5.92095 5.93731 5.95424 5.9717 5.9896 6.00789 6.0265 6.04534 6.06434 6.08341 6.10248 6.12145 6.14025 6.15879 6.17697 6.19472 6.21195 6.22858 6.24453 6.25972 6.27408 6.28755 6.30005 6.31154 6.32194 6.33122 6.33932 6.34621 6.35186 6.35624 6.35933 6.36111 6.36157 6.36072 6.35855 6.35508 6.35032 6.3443 6.33704 6.32858 6.31896 6.30822 6.29643 6.28364 6.2699 6.25529 6.23989 6.22375 6.20698 6.18963 6.17181 6.15359 6.13507 6.11632 6.09744 6.07851 6.05962 6.04084 6.02227 6.00397 5.98601 5.96848 5.95143 5.93493 5.91903 5.90377 5.88922 5.87541 5.86237 5.85014 5.83875 5.82822 5.81858 5.80983 5.802 5.7951 5.78913 5.7841 5.78003 5.77691 5.77474 5.77354 
5.76644 5.76716 5.76885 5.77151 5.77513 5.77972 5.78526 5.79175 5.79919 5.80756 5.81686 5.82706 5.83814 5.85009 5.86288 5.87647 5.89082 5.90591 5.92168 5.93808 5.95506 5.97256 5.99051 6.00885 6.0275 6.04639 6.06543 6.08455 6.10367 6.12269 6.14153 6.16011 6.17834 6.19613 6.2134 6.23006 6.24605 6.26128 6.27567 6.28917 6.3017 6.31321 6.32364 6.33293 6.34106 6.34797 6.35363 6.35802 6.36111 6.36289 6.36336 6.3625 6.36033 6.35685 6.35208 6.34604 6.33876 6.33028 6.32064 6.30989 6.29807 6.28524 6.27148 6.25683 6.24139 6.22522 6.2084 6.19102 6.17315 6.15489 6.13632 6.11753 6.0986 6.07963 6.06069 6.04187 6.02324 6.0049 5.9869 5.96932 5.95223 5.93568 5.91974 5.90445 5.88985 5.876 5.86293 5.85067 5.83925 5.82869 5.81902 5.81025 5.8024 5.79547 5.78949 5.78445 5.78036 5.77723 5.77506 5.77385 
