2.29631 2.29657 2.29684 2.29709 2.29734 2.29759 2.29782 2.29804 2.29826 2.29846 2.29865 2.29884 2.29901 2.29918 2.29935 2.29951 2.29967 2.29984 2.30001 2.30019 2.30038 2.30058 2.3008 2.30105 2.30131 2.30159 2.30191 2.30224 2.3026 2.30299 2.3034 2.30384 2.3043 2.30477 2.30526 2.30576 2.30627 2.30678 2.30728 2.30778 2.30826 2.30871 2.30915 2.30954 2.30991 2.31022 2.31049 2.31071 2.31088 2.31099 2.31104 2.31104 2.31097 2.31085 2.31068 2.31045 2.31017 2.30985 2.30948 2.30908 2.30865 2.3082 2.30772 2.30724 2.30674 2.30625 2.30575 2.30527 2.30479 2.30434 2.3039 2.30349 2.3031 2.30273 2.3024 2.3021 2.30182 2.30158 2.30137 2.30119 2.30104 2.30092 2.30084 2.30078 2.30075 2.30075 2.30078 2.30083 2.30091 2.30101 2.30114 2.3013 2.30147 2.30166 2.30187 2.30209 2.30233 2.30258 2.30283 2.30309 
2.29657 2.29684 2.2971 2.29736 2.29761 2.29785 2.29808 2.29831 2.29852 2.29872 2.29891 2.2991 2.29927 2.29944 2.2996 2.29977 2.29993 2.30009 2.30027 2.30045 2.30064 2.30084 2.30107 2.30131 2.30158 2.30186 2.30218 2.30252 2.30289 2.30328 2.3037 2.30414 2.30461 2.30509 2.30559 2.30611 2.30662 2.30714 2.30766 2.30816 2.30866 2.30912 2.30957 2.30997 2.31034 2.31067 2.31095 2.31117 2.31134 2.31146 2.31151 2.3115 2.31144 2.31131 2.31113 2.3109 2.31061 2.31028 2.30991 2.3095 2.30906 2.30859 2.30811 2.30761 2.30711 2.3066 2.30609 2.3056 2.30512 2.30465 2.30421 2.30378 2.30339 2.30302 2.30268 2.30237 2.30209 2.30185 2.30164 2.30145 2.3013 2.30118 2.3011 2.30104 2.30101 2.30101 2.30103 2.30109 2.30117 2.30128 2.3014 2.30156 2.30173 2.30192 2.30213 2.30235 2.30259 2.30284 2.30309 2.30335 
2.29684 2.2971 2.29736 2.29762 2.29787 2.29811 2.29835 2.29857 2.29878 2.29899 2.29918 2.29937 2.29954 2.29971 2.29988 2.30005 2.30022 2.30039 2.30057 2.30076 2.30096 2.30118 2.30142 2.30168 2.30196 2.30228 2.30261 2.30298 2.30338 2.30381 2.30426 2.30474 2.30524 2.30577 2.30631 2.30686 2.30742 2.30798 2.30854 2.30908 2.30961 2.31012 2.3106 2.31104 2.31144 2.31179 2.31208 2.31233 2.31251 2.31263 2.31269 2.31268 2.31261 2.31247 2.31227 2.31202 2.31171 2.31135 2.31095 2.3105 2.31003 2.30953 2.309 2.30846 2.30792 2.30737 2.30682 2.30629 2.30577 2.30526 2.30478 2.30433 2.3039 2.3035 2.30313 2.3028 2.3025 2.30223 2.302 2.3018 2.30164 2.30151 2.30141 2.30134 2.3013 2.3013 2.30132 2.30137 2.30144 2.30155 2.30167 2.30182 2.30199 2.30219 2.30239 2.30262 2.30285 2.3031 2.30335 2.30362 
2.29709 2.29736 2.29762 2.29788 2.29813 2.29837 2.29861 2.29883 2.29905 2.29925 2.29945 2.29964 2.29982 2.3 2.30018 2.30035 2.30053 2.30072 2.30091 2.30112 2.30135 2.3016 2.30186 2.30216 2.30248 2.30283 2.30322 2.30364 2.30409 2.30457 2.30509 2.30563 2.30621 2.3068 2.30741 2.30804 2.30868 2.30931 2.30994 2.31056 2.31116 2.31173 2.31227 2.31276 2.31321 2.3136 2.31394 2.31421 2.31442 2.31455 2.31461 2.3146 2.31451 2.31436 2.31413 2.31385 2.31349 2.31309 2.31263 2.31213 2.31159 2.31102 2.31043 2.30982 2.3092 2.30858 2.30796 2.30735 2.30676 2.30619 2.30564 2.30513 2.30464 2.30419 2.30377 2.30339 2.30305 2.30274 2.30247 2.30224 2.30205 2.3019 2.30178 2.30169 2.30164 2.30161 2.30162 2.30166 2.30173 2.30183 2.30195 2.3021 2.30226 2.30245 2.30266 2.30288 2.30311 2.30336 2.30361 2.30387 
2.29734 2.29761 2.29787 2.29813 2.29838 2.29862 2.29886 2.29909 2.29931 2.29952 2.29972 2.29992 2.30011 2.3003 2.30049 2.30068 2.30088 2.30109 2.30131 2.30155 2.30181 2.3021 2.30241 2.30276 2.30314 2.30355 2.30401 2.3045 2.30504 2.30561 2.30622 2.30686 2.30753 2.30823 2.30895 2.30969 2.31043 2.31117 2.31191 2.31263 2.31333 2.314 2.31462 2.3152 2.31572 2.31618 2.31656 2.31688 2.31711 2.31726 2.31733 2.31731 2.31721 2.31703 2.31677 2.31643 2.31601 2.31554 2.315 2.31441 2.31378 2.31312 2.31242 2.31171 2.31098 2.31025 2.30953 2.30882 2.30812 2.30745 2.30681 2.3062 2.30563 2.30509 2.3046 2.30415 2.30374 2.30338 2.30306 2.30278 2.30255 2.30235 2.3022 2.30208 2.30201 2.30196 2.30196 2.30198 2.30204 2.30212 2.30223 2.30237 2.30253 2.30272 2.30292 2.30314 2.30337 2.30361 2.30386 2.30412 
2.29759 2.29785 2.29811 2.29837 2.29862 2.29887 2.29911 2.29934 2.29957 2.29979 2.3 2.3002 2.30041 2.30061 2.30082 2.30103 2.30126 2.3015 2.30176 2.30204 2.30235 2.30269 2.30307 2.30349 2.30395 2.30445 2.305 2.3056 2.30625 2.30694 2.30767 2.30844 2.30925 2.3101 2.31096 2.31184 2.31273 2.31362 2.3145 2.31536 2.3162 2.31699 2.31773 2.31841 2.31903 2.31957 2.32003 2.32039 2.32067 2.32085 2.32092 2.3209 2.32078 2.32055 2.32024 2.31983 2.31934 2.31877 2.31813 2.31742 2.31667 2.31587 2.31504 2.31419 2.31332 2.31245 2.31158 2.31073 2.30989 2.30909 2.30832 2.30758 2.30689 2.30624 2.30565 2.3051 2.30461 2.30416 2.30377 2.30342 2.30313 2.30289 2.30269 2.30253 2.30242 2.30235 2.30231 2.30231 2.30235 2.30242 2.30252 2.30265 2.3028 2.30298 2.30317 2.30339 2.30362 2.30386 2.30411 2.30437 
2.29782 2.29808 2.29835 2.29861 2.29886 2.29911 2.29936 2.29959 2.29982 2.30005 2.30027 2.30049 2.30071 2.30094 2.30117 2.30142 2.30168 2.30196 2.30227 2.30261 2.30299 2.3034 2.30386 2.30438 2.30494 2.30556 2.30623 2.30696 2.30775 2.3086 2.30949 2.31044 2.31143 2.31245 2.3135 2.31457 2.31565 2.31672 2.31779 2.31882 2.31982 2.32078 2.32167 2.32249 2.32322 2.32387 2.32441 2.32485 2.32518 2.32538 2.32547 2.32544 2.32529 2.32501 2.32463 2.32414 2.32354 2.32285 2.32208 2.32123 2.32032 2.31936 2.31835 2.31732 2.31627 2.31522 2.31417 2.31313 2.31212 2.31114 2.3102 2.3093 2.30846 2.30767 2.30694 2.30627 2.30566 2.30511 2.30462 2.30419 2.30382 2.3035 2.30324 2.30304 2.30288 2.30276 2.3027 2.30267 2.30268 2.30273 2.30282 2.30293 2.30307 2.30324 2.30343 2.30364 2.30386 2.3041 2.30435 2.3046 
2.29804 2.29831 2.29857 2.29883 2.29909 2.29934 2.29959 2.29984 2.30008 2.30032 2.30055 2.30079 2.30104 2.30129 2.30155 2.30184 2.30215 2.30248 2.30286 2.30327 2.30373 2.30424 2.30481 2.30544 2.30613 2.3069 2.30773 2.30863 2.3096 2.31064 2.31174 2.3129 2.31411 2.31535 2.31664 2.31794 2.31925 2.32055 2.32184 2.3231 2.32431 2.32545 2.32653 2.32751 2.3284 2.32917 2.32983 2.33035 2.33074 2.33098 2.33108 2.33104 2.33085 2.33052 2.33005 2.32945 2.32873 2.32789 2.32695 2.32593 2.32482 2.32365 2.32244 2.32118 2.31991 2.31863 2.31735 2.31608 2.31485 2.31365 2.31251 2.31141 2.31037 2.30941 2.30851 2.30768 2.30692 2.30624 2.30563 2.30509 2.30462 2.30422 2.30388 2.30361 2.30339 2.30323 2.30312 2.30305 2.30304 2.30306 2.30312 2.30322 2.30334 2.3035 2.30368 2.30388 2.3041 2.30433 2.30457 2.30483 
2.29826 2.29852 2.29878 2.29905 2.29931 2.29957 2.29982 2.30008 2.30033 2.30058 2.30084 2.3011 2.30137 2.30166 2.30197 2.3023 2.30267 2.30308 2.30353 2.30403 2.3046 2.30523 2.30593 2.30671 2.30757 2.30851 2.30954 2.31065 2.31184 2.31312 2.31447 2.31588 2.31736 2.31889 2.32045 2.32203 2.32362 2.32521 2.32677 2.32828 2.32974 2.33113 2.33242 2.33361 2.33467 2.3356 2.33638 2.337 2.33746 2.33775 2.33787 2.33781 2.33757 2.33717 2.3366 2.33587 2.335 2.33399 2.33285 2.33161 2.33027 2.32886 2.32738 2.32586 2.32431 2.32275 2.3212 2.31966 2.31816 2.3167 2.31529 2.31395 2.31269 2.3115 2.31039 2.30937 2.30843 2.30758 2.30683 2.30615 2.30556 2.30505 2.30462 2.30426 2.30397 2.30374 2.30358 2.30347 2.30341 2.3034 2.30344 2.30351 2.30362 2.30376 2.30392 2.30411 2.30432 2.30455 2.30479 2.30504 
2.29846 2.29872 2.29899 2.29925 2.29952 2.29979 2.30005 2.30032 2.30058 2.30086 2.30114 2.30143 2.30174 2.30207 2.30243 2.30282 2.30326 2.30375 2.30431 2.30492 2.30562 2.30639 2.30726 2.30822 2.30927 2.31043 2.3117 2.31306 2.31453 2.31609 2.31774 2.31947 2.32127 2.32312 2.32502 2.32694 2.32886 2.33078 2.33266 2.33449 2.33625 2.33791 2.33946 2.34088 2.34215 2.34326 2.34419 2.34494 2.34548 2.34582 2.34595 2.34587 2.34559 2.3451 2.34441 2.34353 2.34248 2.34126 2.33989 2.33839 2.33678 2.33507 2.33329 2.33145 2.32958 2.32769 2.32581 2.32394 2.32212 2.32034 2.31863 2.31699 2.31544 2.31399 2.31263 2.31137 2.31022 2.30918 2.30824 2.3074 2.30666 2.30602 2.30547 2.30501 2.30463 2.30432 2.30409 2.30392 2.30382 2.30377 2.30376 2.30381 2.30389 2.30401 2.30417 2.30434 2.30455 2.30477 2.305 2.30525 
2.29865 2.29891 2.29918 2.29945 2.29972 2.3 2.30027 2.30055 2.30084 2.30114 2.30144 2.30177 2.30213 2.30251 2.30294 2.30341 2.30394 2.30453 2.30521 2.30596 2.30681 2.30776 2.30883 2.31 2.3113 2.31272 2.31427 2.31594 2.31773 2.31963 2.32163 2.32373 2.32591 2.32816 2.33044 2.33276 2.33508 2.33738 2.33964 2.34183 2.34393 2.34592 2.34777 2.34946 2.35097 2.35229 2.35339 2.35427 2.35492 2.35531 2.35546 2.35536 2.35502 2.35442 2.3536 2.35254 2.35128 2.34982 2.34818 2.34638 2.34445 2.3424 2.34026 2.33805 2.3358 2.33353 2.33125 2.32901 2.3268 2.32465 2.32258 2.32059 2.31871 2.31694 2.31528 2.31375 2.31234 2.31105 2.30989 2.30886 2.30794 2.30714 2.30645 2.30586 2.30537 2.30498 2.30466 2.30442 2.30426 2.30416 2.30411 2.30412 2.30418 2.30428 2.30441 2.30457 2.30476 2.30497 2.3052 2.30544 
2.29884 2.2991 2.29937 2.29964 2.29992 2.3002 2.30049 2.30079 2.3011 2.30143 2.30177 2.30215 2.30255 2.30301 2.30351 2.30407 2.30471 2.30543 2.30625 2.30717 2.30821 2.30938 2.31067 2.31211 2.3137 2.31543 2.31731 2.31933 2.3215 2.3238 2.32622 2.32876 2.33138 2.33407 2.33682 2.33959 2.34236 2.34511 2.3478 2.35041 2.35291 2.35527 2.35746 2.35946 2.36125 2.36281 2.36411 2.36514 2.3659 2.36636 2.36653 2.36641 2.36599 2.36528 2.36429 2.36304 2.36153 2.35979 2.35784 2.3557 2.3534 2.35096 2.3484 2.34577 2.34308 2.34036 2.33764 2.33494 2.33229 2.32971 2.32721 2.32482 2.32254 2.3204 2.31839 2.31653 2.31482 2.31325 2.31183 2.31056 2.30944 2.30844 2.30758 2.30685 2.30623 2.30571 2.3053 2.30498 2.30474 2.30458 2.30449 2.30445 2.30447 2.30454 2.30465 2.3048 2.30497 2.30517 2.30539 2.30563 
2.29901 2.29927 2.29954 2.29982 2.30011 2.30041 2.30071 2.30104 2.30137 2.30174 2.30213 2.30255 2.30303 2.30356 2.30416 2.30483 2.3056 2.30648 2.30747 2.30859 2.30985 2.31127 2.31284 2.31459 2.3165 2.3186 2.32087 2.32331 2.32592 2.32869 2.33159 2.33462 2.33776 2.34097 2.34424 2.34754 2.35083 2.35408 2.35727 2.36035 2.3633 2.36608 2.36866 2.37101 2.37311 2.37494 2.37646 2.37767 2.37854 2.37908 2.37927 2.37912 2.37862 2.37778 2.37661 2.37513 2.37335 2.3713 2.36899 2.36646 2.36374 2.36085 2.35783 2.3547 2.35151 2.34828 2.34504 2.34183 2.33867 2.33559 2.33261 2.32974 2.32702 2.32444 2.32202 2.31978 2.31771 2.31581 2.31409 2.31255 2.31117 2.30995 2.30889 2.30798 2.3072 2.30656 2.30603 2.3056 2.30528 2.30505 2.30489 2.30481 2.30479 2.30482 2.3049 2.30502 2.30518 2.30537 2.30558 2.30581 
2.29918 2.29944 2.29971 2.3 2.3003 2.30061 2.30094 2.30129 2.30166 2.30207 2.30251 2.30301 2.30356 2.30419 2.3049 2.30571 2.30663 2.30768 2.30888 2.31023 2.31176 2.31347 2.31537 2.31747 2.31978 2.3223 2.32502 2.32795 2.33106 2.33436 2.33782 2.34142 2.34514 2.34895 2.35281 2.3567 2.36058 2.3644 2.36814 2.37176 2.37521 2.37846 2.38147 2.38422 2.38667 2.38879 2.39056 2.39196 2.39297 2.39359 2.39381 2.39362 2.39302 2.39204 2.39067 2.38893 2.38685 2.38444 2.38174 2.37877 2.37558 2.37218 2.36863 2.36496 2.3612 2.35739 2.35357 2.34978 2.34604 2.34238 2.33884 2.33544 2.33219 2.32912 2.32623 2.32354 2.32106 2.31878 2.31671 2.31484 2.31317 2.3117 2.3104 2.30928 2.30832 2.30752 2.30685 2.30631 2.30588 2.30556 2.30533 2.30519 2.30512 2.30511 2.30516 2.30525 2.30539 2.30556 2.30576 2.30598 
2.29935 2.2996 2.29988 2.30018 2.30049 2.30082 2.30117 2.30155 2.30197 2.30243 2.30294 2.30351 2.30416 2.3049 2.30574 2.30671 2.30782 2.30908 2.31052 2.31214 2.31397 2.31602 2.3183 2.32082 2.32358 2.32658 2.32982 2.3333 2.337 2.3409 2.34499 2.34923 2.35361 2.35808 2.36262 2.36717 2.3717 2.37617 2.38053 2.38473 2.38874 2.39251 2.396 2.39918 2.40201 2.40446 2.4065 2.40811 2.40928 2.40998 2.41022 2.40999 2.4093 2.40815 2.40655 2.40453 2.40211 2.39932 2.39618 2.39273 2.38901 2.38506 2.38091 2.37662 2.37223 2.36778 2.3633 2.35885 2.35446 2.35016 2.34598 2.34197 2.33813 2.33449 2.33107 2.32788 2.32492 2.3222 2.31972 2.31749 2.31548 2.3137 2.31214 2.31077 2.3096 2.30861 2.30778 2.3071 2.30655 2.30613 2.30582 2.3056 2.30547 2.30542 2.30543 2.30549 2.3056 2.30575 2.30594 2.30615 
2.29951 2.29977 2.30005 2.30035 2.30068 2.30103 2.30142 2.30184 2.3023 2.30282 2.30341 2.30407 2.30483 2.30571 2.30671 2.30786 2.30918 2.31069 2.31241 2.31435 2.31653 2.31898 2.32169 2.32468 2.32795 2.3315 2.33533 2.33943 2.34379 2.34837 2.35317 2.35814 2.36325 2.36846 2.37374 2.37903 2.38428 2.38946 2.39449 2.39935 2.40397 2.40831 2.41233 2.41598 2.41922 2.42203 2.42436 2.4262 2.42753 2.42833 2.42859 2.42832 2.42752 2.42619 2.42435 2.42202 2.41923 2.41601 2.41239 2.40841 2.40411 2.39954 2.39475 2.38978 2.38469 2.37952 2.37432 2.36913 2.36401 2.35899 2.35411 2.3494 2.3449 2.34063 2.3366 2.33283 2.32934 2.32612 2.32318 2.32052 2.31813 2.316 2.31412 2.31248 2.31107 2.30986 2.30884 2.308 2.30731 2.30677 2.30636 2.30606 2.30586 2.30575 2.30571 2.30574 2.30582 2.30595 2.30612 2.30632 
2.29967 2.29993 2.30022 2.30053 2.30088 2.30126 2.30168 2.30215 2.30267 2.30326 2.30394 2.30471 2.3056 2.30663 2.30782 2.30918 2.31075 2.31254 2.31458 2.31688 2.31947 2.32236 2.32556 2.32909 2.33294 2.33712 2.34161 2.34641 2.3515 2.35685 2.36242 2.3682 2.37412 2.38016 2.38625 2.39235 2.3984 2.40434 2.41012 2.41568 2.42097 2.42593 2.43051 2.43466 2.43836 2.44154 2.44419 2.44628 2.44778 2.44868 2.44897 2.44865 2.44773 2.44621 2.4441 2.44144 2.43825 2.43457 2.43043 2.42587 2.42095 2.41571 2.41021 2.4045 2.39864 2.39268 2.38668 2.38069 2.37476 2.36894 2.36328 2.35781 2.35256 2.34758 2.34287 2.33846 2.33436 2.33058 2.32712 2.32397 2.32115 2.31862 2.31639 2.31443 2.31273 2.31128 2.31004 2.30901 2.30817 2.30749 2.30696 2.30657 2.30629 2.30611 2.30602 2.306 2.30605 2.30615 2.3063 2.30649 
2.29984 2.30009 2.30039 2.30072 2.30109 2.3015 2.30196 2.30248 2.30308 2.30375 2.30453 2.30543 2.30648 2.30768 2.30908 2.31069 2.31254 2.31465 2.31706 2.31977 2.32282 2.32622 2.32998 2.33411 2.33861 2.34348 2.34871 2.35429 2.36019 2.36638 2.37282 2.37947 2.38629 2.39322 2.4002 2.40718 2.41409 2.42086 2.42744 2.43376 2.43976 2.44538 2.45057 2.45527 2.45943 2.46303 2.46601 2.46836 2.47004 2.47105 2.47137 2.471 2.46995 2.46822 2.46584 2.46282 2.4592 2.45503 2.45033 2.44515 2.43956 2.4336 2.42733 2.42082 2.41413 2.40732 2.40044 2.39358 2.38677 2.38007 2.37355 2.36723 2.36117 2.35539 2.34993 2.3448 2.34003 2.33561 2.33157 2.32789 2.32457 2.32159 2.31896 2.31664 2.31462 2.31288 2.3114 2.31016 2.30913 2.3083 2.30764 2.30713 2.30676 2.3065 2.30635 2.30628 2.30629 2.30636 2.30649 2.30667 
2.30001 2.30027 2.30057 2.30091 2.30131 2.30176 2.30227 2.30286 2.30353 2.30431 2.30521 2.30625 2.30747 2.30888 2.31052 2.31241 2.31458 2.31706 2.31987 2.32305 2.32662 2.33058 2.33496 2.33976 2.34499 2.35063 2.35668 2.36311 2.3699 2.37701 2.38439 2.39201 2.39979 2.40769 2.41563 2.42355 2.43138 2.43905 2.44648 2.45361 2.46036 2.46669 2.47251 2.47778 2.48245 2.48647 2.48981 2.49243 2.49431 2.49543 2.49578 2.49535 2.49416 2.49222 2.48954 2.48614 2.48208 2.47738 2.47209 2.46626 2.45995 2.45322 2.44614 2.43877 2.43119 2.42346 2.41565 2.40783 2.40006 2.39242 2.38495 2.37772 2.37076 2.36411 2.35782 2.3519 2.34638 2.34127 2.33657 2.33229 2.32842 2.32494 2.32185 2.31913 2.31675 2.3147 2.31294 2.31145 2.31022 2.3092 2.30839 2.30775 2.30727 2.30693 2.3067 2.30658 2.30654 2.30658 2.30669 2.30685 
2.30019 2.30045 2.30076 2.30112 2.30155 2.30204 2.30261 2.30327 2.30403 2.30492 2.30596 2.30717 2.30859 2.31023 2.31214 2.31435 2.31688 2.31977 2.32305 2.32675 2.33089 2.33548 2.34055 2.34609 2.35211 2.3586 2.36554 2.37291 2.38067 2.38877 2.39718 2.40582 2.41465 2.42358 2.43255 2.44147 2.45028 2.45889 2.46722 2.4752 2.48276 2.48981 2.4963 2.50217 2.50737 2.51183 2.51553 2.51844 2.52051 2.52175 2.52212 2.52165 2.52031 2.51814 2.51515 2.51137 2.50684 2.50159 2.49568 2.48917 2.48211 2.47457 2.46663 2.45835 2.44982 2.44111 2.4323 2.42346 2.41468 2.40601 2.39753 2.38929 2.38136 2.37377 2.36657 2.35979 2.35345 2.34757 2.34215 2.33721 2.33272 2.32869 2.3251 2.32193 2.31914 2.31673 2.31466 2.3129 2.31143 2.31022 2.30923 2.30845 2.30785 2.30741 2.3071 2.30691 2.30682 2.30682 2.3069 2.30704 
2.30038 2.30064 2.30096 2.30135 2.30181 2.30235 2.30299 2.30373 2.3046 2.30562 2.30681 2.30821 2.30985 2.31176 2.31397 2.31653 2.31947 2.32282 2.32662 2.33089 2.33566 2.34095 2.34677 2.35313 2.36002 2.36743 2.37534 2.38371 2.39251 2.40169 2.41119 2.42093 2.43086 2.44089 2.45095 2.46093 2.47077 2.48036 2.48964 2.4985 2.50688 2.5147 2.52188 2.52836 2.53409 2.53902 2.5431 2.54629 2.54857 2.54992 2.55033 2.54979 2.54831 2.54591 2.5426 2.53842 2.5334 2.52759 2.52104 2.51382 2.50598 2.4976 2.48876 2.47953 2.47 2.46026 2.45039 2.44048 2.4306 2.42085 2.41128 2.40198 2.39299 2.38439 2.37621 2.36849 2.36126 2.35454 2.34834 2.34266 2.33751 2.33287 2.32872 2.32504 2.32181 2.31901 2.31659 2.31453 2.31279 2.31135 2.31017 2.30923 2.30849 2.30793 2.30753 2.30727 2.30712 2.30708 2.30712 2.30724 
2.30058 2.30084 2.30118 2.3016 2.3021 2.30269 2.3034 2.30424 2.30523 2.30639 2.30776 2.30938 2.31127 2.31347 2.31602 2.31898 2.32236 2.32622 2.33058 2.33548 2.34095 2.347 2.35364 2.36088 2.36871 2.37711 2.38606 2.39552 2.40544 2.41575 2.42641 2.43732 2.44842 2.4596 2.47079 2.48188 2.49278 2.5034 2.51364 2.52342 2.53265 2.54124 2.54913 2.55624 2.56252 2.56791 2.57237 2.57585 2.57834 2.57981 2.58025 2.57965 2.57803 2.57539 2.57176 2.56717 2.56166 2.55528 2.54808 2.54012 2.53148 2.52223 2.51246 2.50225 2.49169 2.48087 2.4699 2.45885 2.44783 2.43692 2.4262 2.41576 2.40566 2.39597 2.38674 2.37801 2.36982 2.36219 2.35514 2.34867 2.34279 2.33748 2.33272 2.32849 2.32477 2.32153 2.31872 2.31633 2.3143 2.31261 2.31121 2.31009 2.3092 2.30851 2.30801 2.30766 2.30745 2.30736 2.30736 2.30746 
2.3008 2.30107 2.30142 2.30186 2.30241 2.30307 2.30386 2.30481 2.30593 2.30726 2.30883 2.31067 2.31284 2.31537 2.3183 2.32169 2.32556 2.32998 2.33496 2.34055 2.34677 2.35364 2.36117 2.36936 2.3782 2.38766 2.39772 2.40833 2.41942 2.43094 2.44282 2.45495 2.46726 2.47964 2.492 2.50424 2.51624 2.52791 2.53914 2.54985 2.55994 2.56932 2.57792 2.58567 2.59249 2.59835 2.60318 2.60696 2.60966 2.61125 2.61171 2.61106 2.60929 2.60642 2.60247 2.59747 2.59146 2.5845 2.57664 2.56795 2.5585 2.54836 2.53764 2.52642 2.5148 2.50287 2.49075 2.47853 2.46631 2.4542 2.44228 2.43064 2.41936 2.40851 2.39816 2.38836 2.37914 2.37053 2.36257 2.35525 2.34857 2.34253 2.33711 2.33229 2.32803 2.32431 2.32108 2.31831 2.31597 2.31399 2.31237 2.31104 2.30998 2.30916 2.30854 2.3081 2.30781 2.30766 2.30763 2.3077 
2.30105 2.30131 2.30168 2.30216 2.30276 2.30349 2.30438 2.30544 2.30671 2.30822 2.31 2.31211 2.31459 2.31747 2.32082 2.32468 2.32909 2.33411 2.33976 2.34609 2.35313 2.36088 2.36936 2.37856 2.38847 2.39906 2.41029 2.42211 2.43444 2.44722 2.46036 2.47376 2.48733 2.50095 2.51451 2.52791 2.54103 2.55376 2.566 2.57764 2.58859 2.59877 2.60807 2.61645 2.62382 2.63014 2.63535 2.63942 2.64232 2.64402 2.64452 2.64381 2.6419 2.63879 2.63453 2.62913 2.62263 2.6151 2.60658 2.59715 2.58688 2.57586 2.56418 2.55193 2.53923 2.52617 2.51287 2.49944 2.48599 2.47262 2.45945 2.44656 2.43404 2.42199 2.41046 2.39951 2.3892 2.37956 2.37062 2.36239 2.35486 2.34804 2.34191 2.33644 2.3316 2.32736 2.32367 2.3205 2.3178 2.31552 2.31363 2.31208 2.31084 2.30986 2.30911 2.30857 2.3082 2.30799 2.30791 2.30795 
2.30131 2.30158 2.30196 2.30248 2.30314 2.30395 2.30494 2.30613 2.30757 2.30927 2.3113 2.3137 2.3165 2.31978 2.32358 2.32795 2.33294 2.33861 2.34499 2.35211 2.36002 2.36871 2.3782 2.38847 2.39951 2.41129 2.42374 2.43682 2.45044 2.46452 2.47897 2.49367 2.50852 2.5234 2.53819 2.55277 2.56701 2.58081 2.59405 2.60663 2.61843 2.62938 2.63939 2.64838 2.65629 2.66306 2.66863 2.67299 2.67608 2.6779 2.67843 2.67767 2.67561 2.67229 2.66771 2.66192 2.65495 2.64685 2.63769 2.62753 2.61646 2.60455 2.59191 2.57864 2.56484 2.55064 2.53615 2.52149 2.50677 2.49212 2.47765 2.46347 2.44967 2.43635 2.42359 2.41145 2.4 2.38926 2.37929 2.37008 2.36166 2.354 2.34711 2.34094 2.33547 2.33067 2.32649 2.32288 2.3198 2.31719 2.31502 2.31323 2.31178 2.31063 2.30974 2.30909 2.30863 2.30835 2.30822 2.30823 
2.30159 2.30186 2.30228 2.30283 2.30355 2.30445 2.30556 2.3069 2.30851 2.31043 2.31272 2.31543 2.3186 2.3223 2.32658 2.3315 2.33712 2.34348 2.35063 2.3586 2.36743 2.37711 2.38766 2.39906 2.41129 2.42429 2.43802 2.4524 2.46735 2.48277 2.49855 2.51458 2.53073 2.54688 2.5629 2.57866 2.59402 2.60888 2.62311 2.6366 2.64924 2.66095 2.67164 2.68123 2.68965 2.69685 2.70278 2.7074 2.71069 2.71262 2.71318 2.71237 2.71018 2.70665 2.70178 2.69561 2.68818 2.67954 2.66975 2.65889 2.64702 2.63425 2.62066 2.60637 2.59149 2.57615 2.56046 2.54455 2.52856 2.5126 2.49681 2.4813 2.46618 2.45156 2.43752 2.42414 2.41148 2.39961 2.38854 2.37832 2.36894 2.3604 2.35269 2.34579 2.33966 2.33425 2.32954 2.32546 2.32196 2.319 2.31652 2.31447 2.3128 2.31147 2.31043 2.30965 2.3091 2.30874 2.30856 2.30854 
2.30191 2.30218 2.30261 2.30322 2.30401 2.305 2.30623 2.30773 2.30954 2.3117 2.31427 2.31731 2.32087 2.32502 2.32982 2.33533 2.34161 2.34871 2.35668 2.36554 2.37534 2.38606 2.39772 2.41029 2.42374 2.43802 2.45306 2.46878 2.48509 2.50186 2.519 2.53636 2.55382 2.57124 2.58848 2.6054 2.62188 2.63777 2.65296 2.66734 2.6808 2.69324 2.70457 2.71473 2.72364 2.73125 2.73752 2.7424 2.74586 2.7479 2.74849 2.74763 2.74533 2.74159 2.73645 2.72993 2.72206 2.71291 2.70252 2.69098 2.67835 2.66474 2.65023 2.63495 2.619 2.60252 2.58564 2.56849 2.55122 2.53395 2.51682 2.49996 2.48349 2.46753 2.45218 2.43751 2.42362 2.41056 2.39836 2.38707 2.37669 2.36722 2.35866 2.35097 2.34413 2.3381 2.33281 2.32823 2.3243 2.32095 2.31814 2.31581 2.31391 2.31237 2.31117 2.31026 2.3096 2.30916 2.30893 2.30887 
2.30224 2.30252 2.30298 2.30364 2.3045 2.3056 2.30696 2.30863 2.31065 2.31306 2.31594 2.31933 2.32331 2.32795 2.3333 2.33943 2.34641 2.35429 2.36311 2.37291 2.38371 2.39552 2.40833 2.42211 2.43682 2.4524 2.46878 2.48586 2.50354 2.52169 2.54018 2.55888 2.57764 2.59631 2.61475 2.63282 2.65037 2.66726 2.68339 2.69861 2.71284 2.72597 2.73792 2.74861 2.75798 2.76598 2.77255 2.77767 2.78131 2.78344 2.78406 2.78316 2.78075 2.77684 2.77144 2.76459 2.75633 2.74669 2.73575 2.72356 2.71021 2.69579 2.6804 2.66415 2.64717 2.62958 2.61153 2.59316 2.5746 2.55602 2.53755 2.51933 2.5015 2.48418 2.46749 2.45151 2.43635 2.42206 2.40869 2.39629 2.38487 2.37444 2.36498 2.35648 2.3489 2.34219 2.33631 2.3312 2.3268 2.32305 2.31989 2.31725 2.31509 2.31335 2.31197 2.31092 2.31014 2.30962 2.30932 2.30923 
2.3026 2.30289 2.30338 2.30409 2.30504 2.30625 2.30775 2.3096 2.31184 2.31453 2.31773 2.3215 2.32592 2.33106 2.337 2.34379 2.3515 2.36019 2.3699 2.38067 2.39251 2.40544 2.41942 2.43444 2.45044 2.46735 2.48509 2.50354 2.52259 2.54211 2.56195 2.58197 2.602 2.62191 2.64152 2.66069 2.67928 2.69713 2.71414 2.73017 2.74512 2.7589 2.77142 2.7826 2.79239 2.80074 2.8076 2.81294 2.81672 2.81895 2.8196 2.81867 2.81616 2.81209 2.80646 2.79932 2.79069 2.78061 2.76915 2.75637 2.74235 2.72717 2.71094 2.69377 2.67579 2.65713 2.63794 2.61836 2.59856 2.57867 2.55887 2.5393 2.5201 2.50141 2.48336 2.46606 2.4496 2.43405 2.41949 2.40595 2.39346 2.38202 2.37164 2.36228 2.35392 2.34651 2.34001 2.33434 2.32945 2.32527 2.32174 2.31879 2.31636 2.31439 2.31282 2.31162 2.31073 2.31011 2.30975 2.30961 
2.30299 2.30328 2.30381 2.30457 2.30561 2.30694 2.3086 2.31064 2.31312 2.31609 2.31963 2.3238 2.32869 2.33436 2.3409 2.34837 2.35685 2.36638 2.37701 2.38877 2.40169 2.41575 2.43094 2.44722 2.46452 2.48277 2.50186 2.52169 2.54211 2.56298 2.58415 2.60546 2.62675 2.64784 2.66858 2.68881 2.70838 2.72715 2.74498 2.76176 2.77738 2.79175 2.80479 2.81642 2.82659 2.83525 2.84236 2.84789 2.85182 2.85413 2.8548 2.85385 2.85126 2.84705 2.84123 2.83383 2.82487 2.8144 2.80247 2.78915 2.7745 2.75862 2.7416 2.72357 2.70465 2.68497 2.66468 2.64394 2.62291 2.60175 2.58063 2.55972 2.53916 2.51911 2.4997 2.48106 2.46328 2.44647 2.43069 2.41598 2.40239 2.38993 2.37859 2.36835 2.35919 2.35106 2.34389 2.33765 2.33224 2.32762 2.3237 2.32042 2.3177 2.31549 2.31373 2.31236 2.31134 2.31063 2.3102 2.31002 
2.3034 2.3037 2.30426 2.30509 2.30622 2.30767 2.30949 2.31174 2.31447 2.31774 2.32163 2.32622 2.33159 2.33782 2.34499 2.35317 2.36242 2.37282 2.38439 2.39718 2.41119 2.42641 2.44282 2.46036 2.47897 2.49855 2.519 2.54018 2.56195 2.58415 2.60662 2.62919 2.65168 2.67391 2.69573 2.71696 2.73745 2.75706 2.77566 2.79312 2.80935 2.82426 2.83776 2.84979 2.86029 2.86923 2.87656 2.88226 2.88631 2.88869 2.88939 2.88842 2.88577 2.88144 2.87545 2.86783 2.85859 2.84778 2.83544 2.82163 2.80642 2.7899 2.77216 2.75333 2.73351 2.71287 2.69153 2.66968 2.64747 2.62508 2.60268 2.58045 2.55856 2.53715 2.51639 2.49641 2.47732 2.45923 2.44221 2.42633 2.41162 2.39811 2.38579 2.37466 2.36467 2.35579 2.34795 2.3411 2.33517 2.33008 2.32576 2.32212 2.31911 2.31666 2.31469 2.31315 2.312 2.31119 2.31068 2.31045 
2.30384 2.30414 2.30474 2.30563 2.30686 2.30844 2.31044 2.3129 2.31588 2.31947 2.32373 2.32876 2.33462 2.34142 2.34923 2.35814 2.3682 2.37947 2.39201 2.40582 2.42093 2.43732 2.45495 2.47376 2.49367 2.51458 2.53636 2.55888 2.58197 2.60546 2.62919 2.65296 2.6766 2.69992 2.72274 2.74491 2.76626 2.78664 2.80593 2.82402 2.84079 2.85617 2.87007 2.88244 2.89323 2.90241 2.90992 2.91577 2.91992 2.92236 2.9231 2.92211 2.91941 2.91499 2.90887 2.90107 2.8916 2.88049 2.8678 2.85356 2.83786 2.82076 2.80237 2.7828 2.76217 2.74062 2.71831 2.6954 2.67207 2.64849 2.62485 2.60134 2.57814 2.55541 2.53331 2.512 2.49161 2.47224 2.45398 2.43692 2.42108 2.40651 2.3932 2.38115 2.37032 2.36068 2.35215 2.34469 2.33821 2.33264 2.3279 2.32391 2.32059 2.31787 2.31569 2.31398 2.31269 2.31177 2.31119 2.31091 
2.3043 2.30461 2.30524 2.30621 2.30753 2.30925 2.31143 2.31411 2.31736 2.32127 2.32591 2.33138 2.33776 2.34514 2.35361 2.36325 2.37412 2.38629 2.39979 2.41465 2.43086 2.44842 2.46726 2.48733 2.50852 2.53073 2.55382 2.57764 2.602 2.62675 2.65168 2.6766 2.70132 2.72566 2.74942 2.77245 2.79458 2.81567 2.83558 2.85421 2.87146 2.88724 2.90149 2.91415 2.92518 2.93454 2.94221 2.94817 2.95241 2.95491 2.95567 2.95468 2.95194 2.94746 2.94124 2.9333 2.92364 2.9123 2.8993 2.88471 2.86858 2.85098 2.83201 2.81178 2.7904 2.76802 2.7448 2.7209 2.6965 2.6718 2.64698 2.62223 2.59776 2.57373 2.55034 2.52772 2.50604 2.4854 2.46592 2.44767 2.43071 2.41508 2.40077 2.38779 2.37612 2.36569 2.35647 2.34837 2.34134 2.33528 2.33011 2.32575 2.32212 2.31913 2.31673 2.31484 2.3134 2.31238 2.31172 2.31139 
2.30477 2.30509 2.30577 2.3068 2.30823 2.3101 2.31245 2.31535 2.31889 2.32312 2.32816 2.33407 2.34097 2.34895 2.35808 2.36846 2.38016 2.39322 2.40769 2.42358 2.44089 2.4596 2.47964 2.50095 2.5234 2.54688 2.57124 2.59631 2.62191 2.64784 2.67391 2.69992 2.72566 2.75094 2.77557 2.79938 2.82222 2.84393 2.86439 2.88349 2.90114 2.91726 2.93179 2.94469 2.9559 2.96541 2.9732 2.97925 2.98355 2.9861 2.98688 2.9859 2.98315 2.97863 2.97234 2.96429 2.95449 2.94297 2.92974 2.91486 2.89837 2.88034 2.86086 2.84004 2.818 2.79487 2.77081 2.74599 2.7206 2.69483 2.66889 2.64297 2.61727 2.592 2.56733 2.54345 2.5205 2.49862 2.47793 2.45851 2.44043 2.42374 2.40844 2.39453 2.382 2.3708 2.36086 2.35214 2.34454 2.33798 2.33237 2.32764 2.32369 2.32043 2.3178 2.31573 2.31415 2.313 2.31226 2.31189 
2.30526 2.30559 2.30631 2.30741 2.30895 2.31096 2.3135 2.31664 2.32045 2.32502 2.33044 2.33682 2.34424 2.35281 2.36262 2.37374 2.38625 2.4002 2.41563 2.43255 2.45095 2.47079 2.492 2.51451 2.53819 2.5629 2.58848 2.61475 2.64152 2.66858 2.69573 2.72274 2.74942 2.77557 2.80099 2.82551 2.84897 2.87122 2.89216 2.91166 2.92964 2.94603 2.96079 2.97386 2.98521 2.99483 3.00271 3.00882 3.01317 3.01575 3.01656 3.01558 3.01283 3.00829 3.00197 2.99386 2.98397 2.97231 2.95891 2.94379 2.92701 2.90863 2.88873 2.8674 2.84476 2.82096 2.79614 2.77049 2.74418 2.71742 2.69042 2.66338 2.63652 2.61005 2.58417 2.55906 2.53488 2.51179 2.48991 2.46935 2.45017 2.43242 2.41614 2.40131 2.38793 2.37595 2.36531 2.35595 2.34778 2.34072 2.33468 2.32956 2.32528 2.32176 2.3189 2.31664 2.3149 2.31365 2.31283 2.31241 
2.30576 2.30611 2.30686 2.30804 2.30969 2.31184 2.31457 2.31794 2.32203 2.32694 2.33276 2.33959 2.34754 2.3567 2.36717 2.37903 2.39235 2.40718 2.42355 2.44147 2.46093 2.48188 2.50424 2.52791 2.55277 2.57866 2.6054 2.63282 2.66069 2.68881 2.71696 2.74491 2.77245 2.79938 2.82551 2.85065 2.87466 2.89738 2.91871 2.93853 2.95678 2.97339 2.9883 3.0015 3.01295 3.02264 3.03057 3.03672 3.0411 3.04371 3.04453 3.04358 3.04084 3.03631 3.02997 3.02184 3.0119 3.00016 2.98664 2.97136 2.95435 2.93568 2.91542 2.89366 2.87052 2.84612 2.82063 2.79421 2.76706 2.73939 2.7114 2.68332 2.65537 2.62776 2.60072 2.57442 2.54907 2.52481 2.50178 2.48009 2.45983 2.44106 2.42381 2.40808 2.39386 2.3811 2.36976 2.35977 2.35104 2.34348 2.337 2.3315 2.3269 2.3231 2.32001 2.31756 2.31568 2.31431 2.3134 2.31293 
2.30627 2.30662 2.30742 2.30868 2.31043 2.31273 2.31565 2.31925 2.32362 2.32886 2.33508 2.34236 2.35083 2.36058 2.3717 2.38428 2.3984 2.41409 2.43138 2.45028 2.47077 2.49278 2.51624 2.54103 2.56701 2.59402 2.62188 2.65037 2.67928 2.70838 2.73745 2.76626 2.79458 2.82222 2.84897 2.87466 2.89913 2.92224 2.94389 2.96397 2.98242 2.99918 3.01421 3.02748 3.03898 3.04871 3.05666 3.06283 3.06722 3.06985 3.0707 3.06977 3.06705 3.06254 3.05623 3.0481 3.03815 3.02638 3.01278 2.99739 2.98023 2.96134 2.9408 2.91868 2.8951 2.87019 2.8441 2.81701 2.7891 2.76059 2.73169 2.70264 2.67366 2.64499 2.61684 2.58943 2.56294 2.53755 2.51342 2.49065 2.46935 2.44958 2.43139 2.41477 2.39973 2.38622 2.37419 2.36357 2.35428 2.34623 2.33932 2.33345 2.32852 2.32444 2.32112 2.31848 2.31645 2.31497 2.31398 2.31346 
2.30678 2.30714 2.30798 2.30931 2.31117 2.31362 2.31672 2.32055 2.32521 2.33078 2.33738 2.34511 2.35408 2.3644 2.37617 2.38946 2.40434 2.42086 2.43905 2.45889 2.48036 2.5034 2.52791 2.55376 2.58081 2.60888 2.63777 2.66726 2.69713 2.72715 2.75706 2.78664 2.81567 2.84393 2.87122 2.89738 2.92224 2.94568 2.96758 2.98785 3.00644 3.0233 3.03839 3.0517 3.06321 3.07294 3.08089 3.08706 3.09145 3.09409 3.09495 3.09405 3.09137 3.0869 3.08063 3.07254 3.06261 3.05085 3.03724 3.02179 3.00452 2.98548 2.96472 2.94232 2.91838 2.89303 2.86642 2.83873 2.81014 2.78087 2.75114 2.7212 2.69127 2.6616 2.63241 2.60394 2.57639 2.54993 2.52474 2.50094 2.47864 2.45791 2.4388 2.42133 2.40549 2.39124 2.37854 2.36732 2.35748 2.34895 2.34161 2.33537 2.33012 2.32577 2.32223 2.31941 2.31723 2.31563 2.31456 2.31399 
2.30728 2.30766 2.30854 2.30994 2.31191 2.3145 2.31779 2.32184 2.32677 2.33266 2.33964 2.3478 2.35727 2.36814 2.38053 2.39449 2.41012 2.42744 2.44648 2.46722 2.48964 2.51364 2.53914 2.566 2.59405 2.62311 2.65296 2.68339 2.71414 2.74498 2.77566 2.80593 2.83558 2.86439 2.89216 2.91871 2.94389 2.96758 2.98967 3.01008 3.02876 3.04566 3.06077 3.07408 3.08557 3.09528 3.1032 3.10935 3.11373 3.11637 3.11725 3.11638 3.11375 3.10933 3.10312 3.09509 3.08522 3.0735 3.0599 3.04444 3.02713 3.00799 2.98707 2.96445 2.94022 2.91451 2.88746 2.85924 2.83005 2.8001 2.76962 2.73886 2.70806 2.67746 2.64732 2.61786 2.5893 2.56184 2.53565 2.51087 2.48761 2.46597 2.44599 2.42769 2.41109 2.39613 2.38278 2.37097 2.36061 2.3516 2.34385 2.33725 2.3317 2.32708 2.32332 2.32031 2.31799 2.31628 2.31514 2.31452 
2.30778 2.30816 2.30908 2.31056 2.31263 2.31536 2.31882 2.3231 2.32828 2.33449 2.34183 2.35041 2.36035 2.37176 2.38473 2.39935 2.41568 2.43376 2.45361 2.4752 2.4985 2.52342 2.54985 2.57764 2.60663 2.6366 2.66734 2.69861 2.73017 2.76176 2.79312 2.82402 2.85421 2.88349 2.91166 2.93853 2.96397 2.98785 3.01008 3.03058 3.0493 3.06621 3.0813 3.09457 3.10602 3.11568 3.12355 3.12967 3.13404 3.13667 3.13757 3.13673 3.13415 3.1298 3.12366 3.11572 3.10593 3.09427 3.08073 3.0653 3.04798 3.02879 3.00777 2.98499 2.96053 2.93452 2.90709 2.87842 2.84871 2.81816 2.78701 2.75551 2.72391 2.69247 2.66144 2.63107 2.60158 2.57318 2.54605 2.52034 2.49619 2.47368 2.45288 2.4338 2.41647 2.40084 2.38687 2.3745 2.36363 2.35417 2.34603 2.33908 2.33322 2.32836 2.32438 2.3212 2.31874 2.31692 2.3157 2.31504 
2.30826 2.30866 2.30961 2.31116 2.31333 2.3162 2.31982 2.32431 2.32974 2.33625 2.34393 2.35291 2.3633 2.37521 2.38874 2.40397 2.42097 2.43976 2.46036 2.48276 2.50688 2.53265 2.55994 2.58859 2.61843 2.64924 2.6808 2.71284 2.74512 2.77738 2.80935 2.84079 2.87146 2.90114 2.92964 2.95678 2.98242 3.00644 3.02876 3.0493 3.06803 3.08491 3.09995 3.11316 3.12455 3.13414 3.14195 3.14802 3.15236 3.15498 3.1559 3.1551 3.15257 3.1483 3.14225 3.1344 3.12471 3.11315 3.09969 3.08431 3.06702 3.04782 3.02674 3.00385 2.97922 2.95297 2.92524 2.89619 2.86601 2.83494 2.80319 2.77103 2.73871 2.70651 2.67467 2.64346 2.61311 2.58385 2.55585 2.52929 2.5043 2.48098 2.45941 2.4396 2.42158 2.40532 2.39076 2.37786 2.36651 2.35663 2.3481 2.34083 2.33469 2.32958 2.3254 2.32205 2.31946 2.31754 2.31625 2.31554 
2.30871 2.30912 2.31012 2.31173 2.314 2.31699 2.32078 2.32545 2.33113 2.33791 2.34592 2.35527 2.36608 2.37846 2.39251 2.40831 2.42593 2.44538 2.46669 2.48981 2.5147 2.54124 2.56932 2.59877 2.62938 2.66095 2.69324 2.72597 2.7589 2.79175 2.82426 2.85617 2.88724 2.91726 2.94603 2.97339 2.99918 3.0233 3.04566 3.06621 3.08491 3.10175 3.11672 3.12985 3.14115 3.15066 3.15841 3.16443 3.16873 3.17134 3.17227 3.1715 3.16903 3.16484 3.15889 3.15114 3.14156 3.13011 3.11675 3.10146 3.08422 3.06504 3.04395 3.02099 2.99623 2.9698 2.94181 2.91244 2.88188 2.85034 2.81808 2.78533 2.75238 2.71948 2.68692 2.65495 2.62382 2.59376 2.56497 2.53763 2.51187 2.4878 2.46551 2.44503 2.42637 2.40952 2.39442 2.38102 2.36923 2.35895 2.35007 2.34248 2.33608 2.33074 2.32637 2.32286 2.32014 2.31813 2.31677 2.31602 
2.30915 2.30957 2.3106 2.31227 2.31462 2.31773 2.32167 2.32653 2.33242 2.33946 2.34777 2.35746 2.36866 2.38147 2.396 2.41233 2.43051 2.45057 2.47251 2.4963 2.52188 2.54913 2.57792 2.60807 2.63939 2.67164 2.70457 2.73792 2.77142 2.80479 2.83776 2.87007 2.90149 2.93179 2.96079 2.9883 3.01421 3.03839 3.06077 3.0813 3.09995 3.11672 3.13161 3.14464 3.15586 3.16528 3.17296 3.17892 3.18319 3.18578 3.18672 3.18599 3.18358 3.17946 3.17361 3.16597 3.15651 3.14517 3.13193 3.11673 3.09957 3.08044 3.05935 3.03636 3.01152 2.98494 2.95675 2.92711 2.89622 2.8643 2.83158 2.79832 2.76481 2.7313 2.69809 2.66545 2.63362 2.60284 2.57334 2.54528 2.51882 2.49408 2.47114 2.45004 2.4308 2.4134 2.39781 2.38395 2.37175 2.3611 2.35189 2.34402 2.33737 2.33182 2.32727 2.32362 2.32078 2.31868 2.31725 2.31646 
2.30954 2.30997 2.31104 2.31276 2.3152 2.31841 2.32249 2.32751 2.33361 2.34088 2.34946 2.35946 2.37101 2.38422 2.39918 2.41598 2.43466 2.45527 2.47778 2.50217 2.52836 2.55624 2.58567 2.61645 2.64838 2.68123 2.71473 2.74861 2.7826 2.81642 2.84979 2.88244 2.91415 2.94469 2.97386 3.0015 3.02748 3.0517 3.07408 3.09457 3.11316 3.12985 3.14464 3.15758 3.1687 3.17804 3.18564 3.19154 3.19578 3.19836 3.1993 3.19861 3.19625 3.19221 3.18645 3.17892 3.16958 3.15836 3.14523 3.13014 3.11307 3.094 3.07294 3.04993 3.02504 2.99835 2.97001 2.94015 2.90899 2.87673 2.84363 2.80993 2.77593 2.74189 2.70811 2.67487 2.64242 2.61102 2.58088 2.55219 2.52511 2.49976 2.47623 2.45458 2.43481 2.41693 2.40089 2.38662 2.37404 2.36306 2.35356 2.34543 2.33855 2.33281 2.3281 2.32431 2.32137 2.31919 2.3177 2.31688 
2.30991 2.31034 2.31144 2.31321 2.31572 2.31903 2.32322 2.3284 2.33467 2.34215 2.35097 2.36125 2.37311 2.38667 2.40201 2.41922 2.43836 2.45943 2.48245 2.50737 2.53409 2.56252 2.59249 2.62382 2.65629 2.68965 2.72364 2.75798 2.79239 2.82659 2.86029 2.89323 2.92518 2.9559 2.98521 3.01295 3.03898 3.06321 3.08557 3.10602 3.12455 3.14115 3.15586 3.1687 3.17973 3.18898 3.19651 3.20236 3.20656 3.20912 3.21008 3.20941 3.20711 3.20314 3.19747 3.19004 3.18081 3.16971 3.15669 3.14171 3.12472 3.10572 3.0847 3.0617 3.03677 3.01001 2.98154 2.95152 2.92013 2.8876 2.85416 2.82009 2.78567 2.75118 2.71692 2.68316 2.65017 2.61822 2.58753 2.55828 2.53066 2.50478 2.48074 2.4586 2.43838 2.42006 2.40362 2.38899 2.37608 2.36481 2.35505 2.34669 2.33961 2.3337 2.32884 2.32494 2.3219 2.31964 2.31811 2.31725 
2.31022 2.31067 2.31179 2.3136 2.31618 2.31957 2.32387 2.32917 2.3356 2.34326 2.35229 2.36281 2.37494 2.38879 2.40446 2.42203 2.44154 2.46303 2.48647 2.51183 2.53902 2.56791 2.59835 2.63014 2.66306 2.69685 2.73125 2.76598 2.80074 2.83525 2.86923 2.90241 2.93454 2.96541 2.99483 3.02264 3.04871 3.07294 3.09528 3.11568 3.13414 3.15066 3.16528 3.17804 3.18898 3.19816 3.20563 3.21142 3.21559 3.21814 3.2191 3.21846 3.21621 3.2123 3.20671 3.19938 3.19025 3.17925 3.16634 3.15145 3.13455 3.11562 3.09464 3.07165 3.04671 3.01989 2.99133 2.96116 2.92959 2.89684 2.86313 2.82876 2.79399 2.75911 2.72444 2.69024 2.65681 2.6244 2.59323 2.56352 2.53543 2.5091 2.48463 2.46207 2.44145 2.42277 2.40599 2.39105 2.37786 2.36633 2.35634 2.34778 2.34053 2.33447 2.32949 2.32549 2.32236 2.32005 2.31847 2.31758 
2.31049 2.31095 2.31208 2.31394 2.31656 2.32003 2.32441 2.32983 2.33638 2.34419 2.35339 2.36411 2.37646 2.39056 2.4065 2.42436 2.44419 2.46601 2.48981 2.51553 2.5431 2.57237 2.60318 2.63535 2.66863 2.70278 2.73752 2.77255 2.8076 2.84236 2.87656 2.90992 2.94221 2.9732 3.00271 3.03057 3.05666 3.08089 3.1032 3.12355 3.14195 3.15841 3.17296 3.18564 3.19651 3.20563 3.21304 3.21879 3.22293 3.22547 3.22644 3.22582 3.2236 3.21976 3.21423 3.20698 3.19793 3.18703 3.1742 3.1594 3.14257 3.12369 3.10276 3.07979 3.05484 3.02798 2.99934 2.96907 2.93736 2.90442 2.8705 2.83587 2.80082 2.76564 2.73063 2.69609 2.66229 2.62949 2.59794 2.56785 2.53938 2.51268 2.48785 2.46495 2.44401 2.42502 2.40796 2.39276 2.37934 2.3676 2.35742 2.3487 2.34131 2.33512 2.33004 2.32595 2.32276 2.32039 2.31877 2.31787 
2.31071 2.31117 2.31233 2.31421 2.31688 2.32039 2.32485 2.33035 2.337 2.34494 2.35427 2.36514 2.37767 2.39196 2.40811 2.4262 2.44628 2.46836 2.49243 2.51844 2.54629 2.57585 2.60696 2.63942 2.67299 2.7074 2.7424 2.77767 2.81294 2.84789 2.88226 2.91577 2.94817 2.97925 3.00882 3.03672 3.06283 3.08706 3.10935 3.12967 3.14802 3.16443 3.17892 3.19154 3.20236 3.21142 3.21879 3.22451 3.22863 3.23117 3.23213 3.23154 3.22935 3.22555 3.22007 3.21288 3.2039 3.19307 3.18031 3.16557 3.1488 3.12997 3.10907 3.08611 3.06115 3.03427 3.00557 2.97522 2.94339 2.91031 2.87623 2.84141 2.80614 2.77073 2.73546 2.70064 2.66656 2.63347 2.60163 2.57124 2.54248 2.51549 2.49038 2.46721 2.44602 2.4268 2.40952 2.39412 2.38051 2.3686 2.35828 2.34943 2.34192 2.33565 2.33048 2.32632 2.32308 2.32066 2.31902 2.31809 
2.31088 2.31134 2.31251 2.31442 2.31711 2.32067 2.32518 2.33074 2.33746 2.34548 2.35492 2.3659 2.37854 2.39297 2.40928 2.42753 2.44778 2.47004 2.49431 2.52051 2.54857 2.57834 2.60966 2.64232 2.67608 2.71069 2.74586 2.78131 2.81672 2.85182 2.88631 2.91992 2.95241 2.98355 3.01317 3.0411 3.06722 3.09145 3.11373 3.13404 3.15236 3.16873 3.18319 3.19578 3.20656 3.21559 3.22293 3.22863 3.23273 3.23526 3.23624 3.23565 3.23349 3.22971 3.22427 3.21712 3.20819 3.1974 3.18469 3.16999 3.15326 3.13446 3.11357 3.09062 3.06565 3.03874 3.01 2.97959 2.94768 2.9145 2.8803 2.84535 2.80993 2.77434 2.73889 2.70388 2.6696 2.63631 2.60425 2.57365 2.54469 2.5175 2.49219 2.46884 2.44747 2.42808 2.41064 2.3951 2.38136 2.36934 2.35891 2.34996 2.34238 2.33603 2.33081 2.3266 2.32331 2.32087 2.3192 2.31827 
2.31099 2.31146 2.31263 2.31455 2.31726 2.32085 2.32538 2.33098 2.33775 2.34582 2.35531 2.36636 2.37908 2.39359 2.40998 2.42833 2.44868 2.47105 2.49543 2.52175 2.54992 2.57981 2.61125 2.64402 2.6779 2.71262 2.7479 2.78344 2.81895 2.85413 2.88869 2.92236 2.95491 2.9861 3.01575 3.04371 3.06985 3.09409 3.11637 3.13667 3.15498 3.17134 3.18578 3.19836 3.20912 3.21814 3.22547 3.23117 3.23526 3.23779 3.23877 3.23819 3.23604 3.23228 3.22686 3.21973 3.21081 3.20004 3.18735 3.17267 3.15595 3.13716 3.11628 3.09332 3.06834 3.0414 3.01263 2.98217 2.95021 2.91697 2.88269 2.84766 2.81214 2.77646 2.7409 2.70578 2.67138 2.63797 2.6058 2.57508 2.54599 2.51869 2.49327 2.46981 2.44833 2.42885 2.41132 2.39569 2.38188 2.36979 2.3593 2.3503 2.34266 2.33627 2.33101 2.32677 2.32347 2.321 2.31932 2.31838 
