1.08497 1.08535 1.08572 1.08608 1.08641 1.08671 1.08699 1.08723 1.08744 1.08762 1.08777 1.0879 1.088 1.08808 1.08814 1.08819 1.08823 1.08826 1.08828 1.0883 1.08831 1.08832 1.08832 1.08833 1.08833 1.08834 1.08834 1.08835 1.08836 1.08836 1.08837 1.08838 1.0884 1.08841 1.08843 1.08844 1.08846 1.08849 1.08851 1.08853 1.08856 1.08858 1.08861 1.08863 1.08865 1.08867 1.08869 1.08871 1.08872 1.08873 1.08873 1.08873 1.08873 1.08873 1.08872 1.0887 1.08869 1.08867 1.08865 1.08863 1.0886 1.08858 1.08856 1.08853 1.08851 1.08849 1.08847 1.08845 1.08843 1.08841 1.0884 1.08839 1.08838 1.08837 1.08836 1.08835 1.08835 1.08835 1.08835 1.08835 1.08835 1.08836 1.08838 1.0884 1.08843 1.08847 1.08853 1.0886 1.0887 1.08882 1.08896 1.08914 1.08935 1.08959 1.08987 1.09018 1.09051 1.09087 1.09124 1.09162 
1.08535 1.08573 1.08611 1.08646 1.08679 1.0871 1.08737 1.08761 1.08782 1.088 1.08816 1.08828 1.08838 1.08846 1.08853 1.08858 1.08861 1.08864 1.08866 1.08868 1.08869 1.0887 1.0887 1.08871 1.08871 1.08872 1.08872 1.08873 1.08873 1.08874 1.08875 1.08876 1.08877 1.08878 1.0888 1.08882 1.08883 1.08885 1.08888 1.0889 1.08892 1.08895 1.08897 1.08899 1.08902 1.08904 1.08905 1.08907 1.08908 1.08909 1.0891 1.0891 1.08909 1.08909 1.08908 1.08907 1.08905 1.08903 1.08901 1.08899 1.08897 1.08895 1.08892 1.0889 1.08888 1.08886 1.08884 1.08882 1.0888 1.08879 1.08877 1.08876 1.08875 1.08875 1.08874 1.08873 1.08873 1.08873 1.08873 1.08873 1.08874 1.08875 1.08876 1.08878 1.08881 1.08885 1.08891 1.08899 1.08908 1.0892 1.08935 1.08953 1.08974 1.08998 1.09025 1.09056 1.09089 1.09125 1.09162 1.09201 
1.08572 1.08611 1.08648 1.08683 1.08716 1.08747 1.08774 1.08798 1.0882 1.08838 1.08853 1.08865 1.08875 1.08884 1.0889 1.08895 1.08899 1.08901 1.08904 1.08905 1.08906 1.08907 1.08908 1.08908 1.08909 1.08909 1.0891 1.0891 1.08911 1.08912 1.08913 1.08914 1.08915 1.08917 1.08918 1.0892 1.08923 1.08925 1.08928 1.08931 1.08933 1.08936 1.08939 1.08942 1.08945 1.08947 1.08949 1.08951 1.08953 1.08954 1.08954 1.08954 1.08954 1.08953 1.08952 1.08951 1.08949 1.08947 1.08944 1.08941 1.08939 1.08936 1.08933 1.0893 1.08928 1.08925 1.08923 1.08921 1.08919 1.08917 1.08915 1.08914 1.08913 1.08912 1.08911 1.08911 1.0891 1.0891 1.0891 1.0891 1.08911 1.08912 1.08913 1.08915 1.08918 1.08923 1.08928 1.08936 1.08945 1.08957 1.08972 1.0899 1.09011 1.09035 1.09063 1.09093 1.09126 1.09162 1.09199 1.09238 
1.08608 1.08646 1.08683 1.08719 1.08752 1.08782 1.0881 1.08834 1.08855 1.08873 1.08888 1.08901 1.08911 1.08919 1.08925 1.0893 1.08934 1.08937 1.08939 1.0894 1.08942 1.08943 1.08943 1.08944 1.08944 1.08945 1.08946 1.08946 1.08947 1.08948 1.0895 1.08951 1.08953 1.08956 1.08958 1.08961 1.08964 1.08968 1.08971 1.08975 1.08979 1.08984 1.08988 1.08992 1.08995 1.08999 1.09002 1.09004 1.09006 1.09008 1.09009 1.09009 1.09008 1.09007 1.09006 1.09003 1.09001 1.08998 1.08994 1.0899 1.08986 1.08982 1.08978 1.08975 1.08971 1.08967 1.08964 1.08961 1.08958 1.08956 1.08954 1.08952 1.0895 1.08949 1.08948 1.08947 1.08946 1.08946 1.08946 1.08946 1.08946 1.08947 1.08949 1.08951 1.08954 1.08958 1.08964 1.08971 1.08981 1.08993 1.09007 1.09025 1.09046 1.0907 1.09098 1.09129 1.09162 1.09197 1.09235 1.09273 
1.08641 1.08679 1.08716 1.08752 1.08785 1.08815 1.08843 1.08867 1.08888 1.08906 1.08921 1.08934 1.08944 1.08952 1.08958 1.08963 1.08967 1.0897 1.08972 1.08974 1.08975 1.08976 1.08977 1.08977 1.08978 1.08979 1.0898 1.08981 1.08983 1.08984 1.08986 1.08989 1.08992 1.08996 1.09 1.09004 1.09009 1.09014 1.0902 1.09026 1.09032 1.09039 1.09045 1.09051 1.09057 1.09062 1.09066 1.0907 1.09073 1.09075 1.09076 1.09077 1.09076 1.09074 1.09071 1.09068 1.09064 1.09059 1.09054 1.09048 1.09042 1.09036 1.0903 1.09024 1.09018 1.09013 1.09008 1.09003 1.08999 1.08995 1.08992 1.08989 1.08987 1.08985 1.08983 1.08982 1.08981 1.0898 1.0898 1.0898 1.0898 1.08981 1.08982 1.08984 1.08987 1.08991 1.08997 1.09004 1.09014 1.09026 1.0904 1.09058 1.09079 1.09104 1.09131 1.09162 1.09195 1.09231 1.09268 1.09306 
1.08671 1.0871 1.08747 1.08782 1.08815 1.08846 1.08873 1.08897 1.08918 1.08936 1.08952 1.08964 1.08974 1.08982 1.08989 1.08994 1.08998 1.09 1.09003 1.09004 1.09006 1.09007 1.09008 1.09009 1.0901 1.09011 1.09012 1.09014 1.09017 1.0902 1.09023 1.09027 1.09032 1.09038 1.09044 1.09051 1.09059 1.09068 1.09077 1.09086 1.09096 1.09106 1.09115 1.09125 1.09133 1.09141 1.09148 1.09154 1.09158 1.09161 1.09163 1.09163 1.09162 1.09159 1.09155 1.0915 1.09143 1.09136 1.09127 1.09118 1.09109 1.091 1.0909 1.09081 1.09072 1.09064 1.09056 1.09048 1.09042 1.09036 1.09031 1.09027 1.09023 1.0902 1.09017 1.09015 1.09013 1.09012 1.09011 1.09011 1.09011 1.09012 1.09013 1.09015 1.09018 1.09022 1.09027 1.09035 1.09044 1.09056 1.09071 1.09089 1.0911 1.09134 1.09161 1.09192 1.09225 1.09261 1.09298 1.09337 
1.08699 1.08737 1.08774 1.0881 1.08843 1.08873 1.089 1.08925 1.08946 1.08964 1.08979 1.08992 1.09002 1.0901 1.09016 1.09021 1.09025 1.09028 1.0903 1.09032 1.09033 1.09035 1.09036 1.09038 1.09039 1.09041 1.09044 1.09047 1.09051 1.09055 1.09061 1.09068 1.09075 1.09084 1.09095 1.09106 1.09118 1.09132 1.09146 1.09161 1.09176 1.09191 1.09206 1.0922 1.09233 1.09245 1.09256 1.09264 1.09271 1.09276 1.09278 1.09278 1.09276 1.09272 1.09265 1.09257 1.09247 1.09235 1.09222 1.09208 1.09194 1.09179 1.09165 1.0915 1.09137 1.09123 1.09111 1.091 1.0909 1.0908 1.09072 1.09065 1.0906 1.09055 1.0905 1.09047 1.09044 1.09042 1.09041 1.0904 1.0904 1.0904 1.09041 1.09043 1.09045 1.09049 1.09055 1.09062 1.09072 1.09084 1.09098 1.09116 1.09137 1.09161 1.09189 1.09219 1.09253 1.09288 1.09326 1.09364 
1.08723 1.08761 1.08798 1.08834 1.08867 1.08897 1.08925 1.08949 1.0897 1.08988 1.09003 1.09016 1.09026 1.09034 1.09041 1.09046 1.09049 1.09052 1.09055 1.09057 1.09059 1.0906 1.09062 1.09064 1.09067 1.0907 1.09074 1.09079 1.09085 1.09093 1.09102 1.09112 1.09125 1.09139 1.09155 1.09173 1.09192 1.09213 1.09235 1.09257 1.0928 1.09303 1.09326 1.09347 1.09367 1.09385 1.09401 1.09414 1.09424 1.09431 1.09434 1.09434 1.09431 1.09424 1.09414 1.09401 1.09385 1.09368 1.09348 1.09327 1.09305 1.09283 1.0926 1.09238 1.09217 1.09197 1.09178 1.09161 1.09145 1.09131 1.09118 1.09108 1.09098 1.0909 1.09084 1.09078 1.09074 1.09071 1.09068 1.09067 1.09066 1.09065 1.09066 1.09068 1.0907 1.09074 1.09079 1.09087 1.09096 1.09108 1.09123 1.0914 1.09161 1.09186 1.09213 1.09244 1.09277 1.09313 1.0935 1.09388 
1.08744 1.08782 1.0882 1.08855 1.08888 1.08918 1.08946 1.0897 1.08991 1.09009 1.09024 1.09037 1.09047 1.09055 1.09062 1.09067 1.09071 1.09074 1.09077 1.09079 1.09081 1.09084 1.09086 1.09089 1.09093 1.09099 1.09105 1.09113 1.09123 1.09135 1.09149 1.09166 1.09185 1.09207 1.09231 1.09259 1.09288 1.0932 1.09353 1.09387 1.09421 1.09456 1.09489 1.09521 1.0955 1.09577 1.096 1.09619 1.09634 1.09643 1.09648 1.09648 1.09642 1.09632 1.09617 1.09598 1.09574 1.09548 1.09518 1.09487 1.09454 1.09421 1.09387 1.09354 1.09322 1.09292 1.09263 1.09237 1.09213 1.09191 1.09172 1.09156 1.09141 1.09129 1.09119 1.09111 1.09104 1.09099 1.09095 1.09092 1.0909 1.09089 1.09089 1.0909 1.09092 1.09096 1.09101 1.09108 1.09117 1.09129 1.09144 1.09162 1.09183 1.09207 1.09234 1.09265 1.09298 1.09334 1.09371 1.09409 
1.08762 1.088 1.08838 1.08873 1.08906 1.08936 1.08964 1.08988 1.09009 1.09027 1.09042 1.09055 1.09065 1.09073 1.0908 1.09085 1.09089 1.09093 1.09096 1.09099 1.09102 1.09105 1.09109 1.09114 1.0912 1.09128 1.09138 1.09151 1.09166 1.09185 1.09206 1.09232 1.09261 1.09295 1.09332 1.09373 1.09417 1.09464 1.09513 1.09563 1.09614 1.09664 1.09713 1.0976 1.09802 1.09841 1.09874 1.09901 1.09922 1.09936 1.09943 1.09942 1.09933 1.09918 1.09896 1.09867 1.09833 1.09794 1.09751 1.09705 1.09656 1.09607 1.09558 1.09509 1.09462 1.09417 1.09374 1.09335 1.09299 1.09267 1.09239 1.09214 1.09192 1.09174 1.09158 1.09145 1.09135 1.09127 1.0912 1.09115 1.09112 1.0911 1.09109 1.09109 1.09111 1.09115 1.0912 1.09126 1.09136 1.09147 1.09162 1.0918 1.09201 1.09225 1.09252 1.09283 1.09316 1.09352 1.09389 1.09427 
1.08777 1.08816 1.08853 1.08888 1.08921 1.08952 1.08979 1.09003 1.09024 1.09042 1.09058 1.0907 1.0908 1.09089 1.09095 1.09101 1.09105 1.09109 1.09113 1.09116 1.09121 1.09125 1.09131 1.09139 1.09149 1.09161 1.09177 1.09196 1.09219 1.09247 1.09281 1.09319 1.09363 1.09413 1.09468 1.09528 1.09593 1.09661 1.09732 1.09805 1.09879 1.09951 1.10021 1.10087 1.10148 1.10203 1.1025 1.10288 1.10317 1.10336 1.10345 1.10343 1.10331 1.10308 1.10276 1.10235 1.10185 1.10129 1.10067 1.10001 1.09932 1.0986 1.09789 1.09719 1.0965 1.09585 1.09523 1.09466 1.09413 1.09366 1.09324 1.09287 1.09255 1.09227 1.09204 1.09185 1.0917 1.09157 1.09147 1.09139 1.09134 1.0913 1.09128 1.09127 1.09128 1.09131 1.09136 1.09142 1.09151 1.09163 1.09177 1.09195 1.09216 1.0924 1.09268 1.09298 1.09331 1.09367 1.09404 1.09443 
1.0879 1.08828 1.08865 1.08901 1.08934 1.08964 1.08992 1.09016 1.09037 1.09055 1.0907 1.09083 1.09093 1.09102 1.09109 1.09114 1.09119 1.09124 1.09128 1.09133 1.09139 1.09146 1.09155 1.09167 1.09182 1.09201 1.09224 1.09253 1.09288 1.0933 1.09379 1.09436 1.095 1.09573 1.09653 1.0974 1.09833 1.09931 1.10032 1.10136 1.10239 1.10341 1.1044 1.10532 1.10617 1.10693 1.10758 1.10811 1.10851 1.10877 1.10888 1.10885 1.10867 1.10835 1.10789 1.10731 1.10662 1.10582 1.10495 1.10402 1.10304 1.10203 1.10102 1.10002 1.09904 1.09811 1.09723 1.09641 1.09565 1.09497 1.09436 1.09382 1.09336 1.09296 1.09262 1.09233 1.0921 1.09191 1.09176 1.09165 1.09156 1.09149 1.09145 1.09143 1.09143 1.09145 1.09149 1.09156 1.09164 1.09176 1.0919 1.09208 1.09229 1.09253 1.0928 1.09311 1.09344 1.0938 1.09417 1.09455 
1.088 1.08838 1.08875 1.08911 1.08944 1.08974 1.09002 1.09026 1.09047 1.09065 1.0908 1.09093 1.09104 1.09112 1.0912 1.09126 1.09131 1.09137 1.09143 1.09149 1.09158 1.09169 1.09182 1.092 1.09222 1.09251 1.09286 1.09329 1.0938 1.09441 1.09512 1.09594 1.09687 1.09791 1.09905 1.10028 1.10159 1.10296 1.10438 1.10582 1.10726 1.10867 1.11002 1.11129 1.11246 1.11349 1.11437 1.11509 1.11563 1.11597 1.11612 1.11606 1.11581 1.11536 1.11472 1.11392 1.11296 1.11187 1.11066 1.10937 1.10801 1.10662 1.10521 1.10382 1.10245 1.10115 1.09991 1.09875 1.09769 1.09672 1.09585 1.09509 1.09442 1.09384 1.09335 1.09294 1.0926 1.09233 1.09211 1.09193 1.0918 1.0917 1.09163 1.09159 1.09158 1.09158 1.09162 1.09167 1.09176 1.09187 1.09201 1.09218 1.09239 1.09263 1.0929 1.09321 1.09354 1.0939 1.09427 1.09465 
1.08808 1.08846 1.08884 1.08919 1.08952 1.08982 1.0901 1.09034 1.09055 1.09073 1.09089 1.09102 1.09112 1.09121 1.09129 1.09136 1.09142 1.09149 1.09157 1.09167 1.09179 1.09195 1.09215 1.09242 1.09275 1.09316 1.09367 1.0943 1.09504 1.09592 1.09693 1.0981 1.09941 1.10086 1.10245 1.10416 1.10597 1.10786 1.10981 1.11177 1.11372 1.11563 1.11746 1.11917 1.12073 1.12211 1.12329 1.12424 1.12495 1.1254 1.12558 1.12549 1.12514 1.12453 1.12367 1.12258 1.12128 1.1198 1.11817 1.11641 1.11457 1.11267 1.11075 1.10885 1.10698 1.10518 1.10348 1.10188 1.1004 1.09905 1.09784 1.09677 1.09583 1.09501 1.09432 1.09373 1.09325 1.09285 1.09253 1.09227 1.09208 1.09193 1.09182 1.09175 1.09172 1.09171 1.09173 1.09177 1.09185 1.09196 1.0921 1.09227 1.09247 1.09271 1.09299 1.09329 1.09362 1.09398 1.09435 1.09473 
1.08814 1.08853 1.0889 1.08925 1.08958 1.08989 1.09016 1.09041 1.09062 1.0908 1.09095 1.09109 1.0912 1.09129 1.09137 1.09145 1.09153 1.09163 1.09173 1.09187 1.09205 1.09228 1.09258 1.09296 1.09344 1.09404 1.09477 1.09566 1.09671 1.09795 1.09937 1.10099 1.1028 1.1048 1.10698 1.1093 1.11176 1.11432 1.11693 1.11956 1.12216 1.1247 1.12711 1.12937 1.13142 1.13323 1.13477 1.13601 1.13693 1.1375 1.13773 1.1376 1.13712 1.13631 1.13516 1.13372 1.132 1.13003 1.12786 1.12553 1.12307 1.12054 1.11797 1.11541 1.11291 1.11048 1.10817 1.106 1.10398 1.10214 1.10047 1.09899 1.09769 1.09656 1.09559 1.09477 1.09408 1.09352 1.09307 1.0927 1.09242 1.0922 1.09204 1.09193 1.09186 1.09183 1.09183 1.09187 1.09193 1.09204 1.09217 1.09234 1.09254 1.09278 1.09305 1.09336 1.09369 1.09404 1.09442 1.0948 
1.08819 1.08858 1.08895 1.0893 1.08963 1.08994 1.09021 1.09046 1.09067 1.09085 1.09101 1.09114 1.09126 1.09136 1.09145 1.09155 1.09165 1.09177 1.09193 1.09212 1.09238 1.09271 1.09314 1.09368 1.09437 1.09521 1.09625 1.09749 1.09895 1.10066 1.10262 1.10483 1.10729 1.10999 1.11291 1.11603 1.11929 1.12268 1.12612 1.12958 1.13298 1.13628 1.13942 1.14234 1.14499 1.14732 1.14929 1.15087 1.15204 1.15276 1.15303 1.15285 1.15222 1.15115 1.14966 1.14778 1.14554 1.14299 1.14016 1.13712 1.13391 1.13059 1.12722 1.12385 1.12053 1.11732 1.11424 1.11134 1.10865 1.10617 1.10392 1.10191 1.10014 1.09859 1.09726 1.09613 1.09518 1.0944 1.09376 1.09325 1.09285 1.09254 1.0923 1.09214 1.09202 1.09196 1.09194 1.09196 1.09201 1.0921 1.09223 1.0924 1.0926 1.09283 1.0931 1.09341 1.09374 1.09409 1.09447 1.09485 
1.08823 1.08861 1.08899 1.08934 1.08967 1.08998 1.09025 1.09049 1.09071 1.09089 1.09105 1.09119 1.09131 1.09142 1.09153 1.09165 1.09179 1.09195 1.09216 1.09244 1.0928 1.09328 1.09388 1.09465 1.09561 1.09679 1.09821 1.09992 1.10192 1.10424 1.10687 1.10984 1.11312 1.11671 1.12056 1.12464 1.12891 1.13331 1.13777 1.14222 1.14659 1.15081 1.1548 1.15851 1.16186 1.1648 1.16729 1.16927 1.17072 1.17162 1.17194 1.17169 1.17088 1.16951 1.16761 1.16521 1.16235 1.15909 1.15548 1.15158 1.14746 1.1432 1.13885 1.13449 1.13019 1.12601 1.12199 1.11818 1.11463 1.11135 1.10837 1.10569 1.10332 1.10124 1.09944 1.09791 1.09662 1.09555 1.09467 1.09396 1.0934 1.09297 1.09263 1.09239 1.09222 1.09211 1.09206 1.09205 1.09209 1.09217 1.09229 1.09245 1.09264 1.09288 1.09315 1.09345 1.09378 1.09413 1.0945 1.09489 
1.08826 1.08864 1.08901 1.08937 1.0897 1.09 1.09028 1.09052 1.09074 1.09093 1.09109 1.09124 1.09137 1.09149 1.09163 1.09177 1.09195 1.09218 1.09248 1.09286 1.09337 1.09403 1.09487 1.09593 1.09725 1.09886 1.1008 1.1031 1.10579 1.10888 1.11237 1.11628 1.12058 1.12524 1.13023 1.1355 1.14097 1.14658 1.15224 1.15786 1.16337 1.16866 1.17366 1.17828 1.18244 1.18609 1.18915 1.19159 1.19337 1.19446 1.19484 1.19451 1.19348 1.19176 1.18938 1.18639 1.18281 1.17873 1.1742 1.1693 1.16412 1.15873 1.15323 1.14769 1.14221 1.13686 1.1317 1.12679 1.12219 1.11793 1.11404 1.11052 1.10739 1.10464 1.10225 1.10021 1.09848 1.09703 1.09585 1.09489 1.09412 1.09352 1.09305 1.09271 1.09246 1.09229 1.0922 1.09216 1.09217 1.09223 1.09234 1.09249 1.09268 1.09291 1.09318 1.09348 1.09381 1.09416 1.09453 1.09492 
1.08828 1.08866 1.08904 1.08939 1.08972 1.09003 1.0903 1.09055 1.09077 1.09096 1.09113 1.09128 1.09143 1.09157 1.09173 1.09193 1.09216 1.09248 1.09288 1.09342 1.09412 1.09503 1.09618 1.09762 1.09941 1.10157 1.10416 1.10721 1.11075 1.1148 1.11935 1.1244 1.12994 1.1359 1.14225 1.14891 1.1558 1.16282 1.16988 1.17687 1.18368 1.1902 1.19633 1.20198 1.20706 1.21149 1.2152 1.21815 1.22029 1.22159 1.22203 1.22161 1.22033 1.21822 1.2153 1.21163 1.20725 1.20223 1.19666 1.19062 1.18421 1.17753 1.17068 1.16378 1.15691 1.15017 1.14366 1.13744 1.13158 1.12613 1.12113 1.1166 1.11254 1.10895 1.10583 1.10314 1.10086 1.09894 1.09736 1.09608 1.09504 1.09423 1.09359 1.09311 1.09276 1.09252 1.09236 1.09228 1.09226 1.0923 1.0924 1.09253 1.09272 1.09294 1.09321 1.0935 1.09383 1.09418 1.09456 1.09494 
1.0883 1.08868 1.08905 1.0894 1.08974 1.09004 1.09032 1.09057 1.09079 1.09099 1.09116 1.09133 1.09149 1.09167 1.09187 1.09212 1.09244 1.09286 1.09342 1.09415 1.09511 1.09633 1.09788 1.09982 1.10219 1.10505 1.10845 1.11242 1.11701 1.12222 1.12804 1.13447 1.14147 1.14897 1.1569 1.16518 1.1737 1.18235 1.19099 1.19951 1.20778 1.21566 1.22305 1.22984 1.23592 1.24121 1.24563 1.24913 1.25166 1.25318 1.25368 1.25316 1.25161 1.24907 1.24556 1.24114 1.23587 1.22982 1.22309 1.21578 1.208 1.19986 1.19149 1.18302 1.17457 1.16624 1.15815 1.1504 1.14306 1.1362 1.12988 1.12412 1.11894 1.11434 1.11031 1.10683 1.10386 1.10137 1.09929 1.09759 1.09622 1.09513 1.09428 1.09363 1.09315 1.09281 1.09257 1.09244 1.09238 1.09239 1.09246 1.09258 1.09275 1.09297 1.09323 1.09352 1.09385 1.0942 1.09457 1.09495 
1.08831 1.08869 1.08906 1.08942 1.08975 1.09006 1.09033 1.09059 1.09081 1.09102 1.09121 1.09139 1.09158 1.09179 1.09205 1.09238 1.0928 1.09337 1.09412 1.09511 1.09638 1.09802 1.10007 1.10261 1.10571 1.10943 1.11382 1.11892 1.12476 1.13136 1.13869 1.14673 1.15542 1.16469 1.17444 1.18456 1.19491 1.20536 1.21577 1.22597 1.23583 1.24521 1.25395 1.26196 1.26911 1.27531 1.28048 1.28456 1.28749 1.28926 1.28982 1.28918 1.28735 1.28434 1.28021 1.27499 1.26876 1.26161 1.25363 1.24493 1.23565 1.22591 1.21586 1.20565 1.19541 1.18529 1.17541 1.16589 1.15685 1.14835 1.14048 1.13327 1.12677 1.12096 1.11585 1.11141 1.10761 1.10439 1.10171 1.0995 1.09771 1.09628 1.09516 1.09429 1.09364 1.09317 1.09284 1.09263 1.09251 1.09249 1.09253 1.09263 1.09279 1.093 1.09325 1.09354 1.09387 1.09422 1.09458 1.09497 
1.08832 1.0887 1.08907 1.08943 1.08976 1.09007 1.09035 1.0906 1.09084 1.09105 1.09125 1.09146 1.09169 1.09195 1.09228 1.09271 1.09328 1.09403 1.09503 1.09633 1.09802 1.10016 1.10283 1.10613 1.11011 1.11487 1.12044 1.12688 1.1342 1.14241 1.15149 1.16138 1.17201 1.18327 1.19505 1.20721 1.21958 1.23201 1.24431 1.25633 1.26789 1.27883 1.289 1.29828 1.30654 1.31368 1.31962 1.32429 1.32765 1.32965 1.33027 1.32952 1.32739 1.32391 1.31913 1.31308 1.30586 1.29755 1.28825 1.27809 1.26721 1.25576 1.2439 1.23179 1.21959 1.20748 1.19561 1.18412 1.17314 1.16278 1.15313 1.14426 1.1362 1.12897 1.12259 1.11701 1.1122 1.10812 1.1047 1.10187 1.09957 1.09772 1.09626 1.09512 1.09426 1.09362 1.09317 1.09287 1.09269 1.09261 1.09261 1.09269 1.09284 1.09303 1.09328 1.09356 1.09388 1.09423 1.0946 1.09497 
1.08832 1.0887 1.08908 1.08943 1.08977 1.09008 1.09036 1.09062 1.09086 1.09109 1.09131 1.09155 1.09182 1.09215 1.09258 1.09314 1.09388 1.09487 1.09618 1.09788 1.10007 1.10283 1.10627 1.11047 1.11552 1.12149 1.12846 1.13646 1.1455 1.15557 1.16662 1.17859 1.19138 1.20485 1.21885 1.23321 1.24776 1.26228 1.2766 1.29051 1.30383 1.31638 1.32801 1.33858 1.34795 1.35604 1.36275 1.36801 1.37178 1.37401 1.3747 1.37383 1.3714 1.36745 1.36202 1.35515 1.34693 1.33744 1.3268 1.31514 1.30261 1.28936 1.27559 1.26146 1.24717 1.23291 1.21887 1.2052 1.19208 1.17964 1.16798 1.15721 1.14738 1.13852 1.13065 1.12374 1.11776 1.11265 1.10835 1.10478 1.10185 1.09949 1.09762 1.09615 1.09503 1.09419 1.09359 1.09317 1.0929 1.09276 1.09272 1.09277 1.09289 1.09307 1.0933 1.09358 1.09389 1.09424 1.0946 1.09498 
1.08833 1.08871 1.08908 1.08944 1.08977 1.09009 1.09038 1.09064 1.09089 1.09114 1.09139 1.09167 1.092 1.09242 1.09296 1.09368 1.09465 1.09593 1.09762 1.09982 1.10261 1.10613 1.11047 1.11574 1.12204 1.12945 1.13802 1.1478 1.15878 1.17094 1.1842 1.19847 1.21361 1.22946 1.24584 1.26255 1.27937 1.29607 1.31245 1.32829 1.34338 1.35755 1.37062 1.38245 1.39292 1.40192 1.40936 1.41519 1.41935 1.42181 1.42255 1.42157 1.41887 1.41447 1.40841 1.40075 1.39155 1.38091 1.36895 1.35579 1.34159 1.32652 1.31078 1.29457 1.27809 1.26157 1.2452 1.2292 1.21375 1.19902 1.18515 1.17226 1.16044 1.14973 1.14016 1.13172 1.12437 1.11807 1.11274 1.10828 1.10462 1.10165 1.09928 1.09742 1.09598 1.0949 1.0941 1.09354 1.09317 1.09295 1.09285 1.09286 1.09295 1.09311 1.09333 1.0936 1.09391 1.09425 1.09461 1.09499 
1.08833 1.08871 1.08909 1.08944 1.08978 1.0901 1.09039 1.09067 1.09093 1.0912 1.09149 1.09182 1.09222 1.09275 1.09344 1.09437 1.09561 1.09725 1.09941 1.10219 1.10571 1.11011 1.11552 1.12204 1.12978 1.13882 1.14923 1.16101 1.17416 1.18861 1.20428 1.22103 1.23868 1.25706 1.27593 1.29506 1.31421 1.33312 1.35156 1.36931 1.38614 1.40186 1.41631 1.42934 1.44083 1.45068 1.45881 1.46516 1.46968 1.47234 1.47314 1.47206 1.4691 1.46429 1.45766 1.44926 1.43915 1.42743 1.4142 1.3996 1.38378 1.36692 1.34922 1.3309 1.31219 1.29332 1.27454 1.25607 1.23815 1.22096 1.20469 1.18948 1.17545 1.16268 1.15121 1.14103 1.13214 1.12446 1.11794 1.11246 1.10793 1.10425 1.10129 1.09895 1.09714 1.09576 1.09473 1.094 1.0935 1.09318 1.09302 1.09297 1.09303 1.09316 1.09337 1.09362 1.09393 1.09426 1.09462 1.09499 
1.08834 1.08872 1.08909 1.08945 1.08979 1.09011 1.09041 1.0907 1.09099 1.09128 1.09161 1.09201 1.09251 1.09316 1.09404 1.09521 1.09679 1.09886 1.10157 1.10505 1.10943 1.11487 1.12149 1.12945 1.13882 1.14971 1.16215 1.17614 1.19166 1.2086 1.22684 1.24621 1.26651 1.28749 1.30891 1.33049 1.35196 1.37304 1.39349 1.41306 1.43153 1.44871 1.46443 1.47855 1.49095 1.50156 1.51028 1.51709 1.52192 1.52477 1.52561 1.52445 1.52128 1.51611 1.50899 1.49994 1.48902 1.47632 1.46193 1.44599 1.42865 1.41008 1.39049 1.3701 1.34917 1.32795 1.3067 1.2857 1.26518 1.24541 1.22658 1.20888 1.19246 1.17743 1.16386 1.15175 1.14112 1.13189 1.12401 1.11736 1.11184 1.10732 1.10368 1.10078 1.09852 1.09679 1.0955 1.09456 1.0939 1.09346 1.09321 1.09311 1.09312 1.09323 1.09341 1.09365 1.09394 1.09427 1.09463 1.095 
1.08834 1.08872 1.0891 1.08946 1.0898 1.09012 1.09044 1.09074 1.09105 1.09138 1.09177 1.09224 1.09286 1.09367 1.09477 1.09625 1.09821 1.1008 1.10416 1.10845 1.11382 1.12044 1.12846 1.13802 1.14923 1.16215 1.17682 1.19321 1.21126 1.23084 1.25178 1.27388 1.29688 1.32051 1.34447 1.36845 1.39217 1.41533 1.43766 1.45892 1.47888 1.49736 1.51419 1.52925 1.54244 1.55367 1.5629 1.57007 1.57516 1.57816 1.57905 1.57782 1.57448 1.56904 1.56151 1.55193 1.54034 1.5268 1.51142 1.49429 1.47557 1.45543 1.43407 1.41172 1.38864 1.36511 1.34142 1.31785 1.2947 1.27224 1.25074 1.23042 1.21145 1.19399 1.17813 1.16392 1.15136 1.14041 1.131 1.12304 1.11639 1.11091 1.10648 1.10294 1.10016 1.09802 1.09641 1.09522 1.09438 1.09381 1.09345 1.09328 1.09324 1.09331 1.09346 1.09369 1.09397 1.09429 1.09464 1.09501 
1.08835 1.08873 1.0891 1.08946 1.08981 1.09014 1.09047 1.09079 1.09113 1.09151 1.09196 1.09253 1.09329 1.0943 1.09566 1.09749 1.09992 1.1031 1.10721 1.11242 1.11892 1.12688 1.13646 1.1478 1.16101 1.17614 1.19321 1.21215 1.23288 1.25521 1.27894 1.3038 1.32951 1.35575 1.38218 1.40848 1.43431 1.45939 1.48343 1.50618 1.52744 1.54701 1.56477 1.58059 1.59438 1.6061 1.6157 1.62315 1.62844 1.63154 1.63247 1.63121 1.62776 1.62212 1.61431 1.60433 1.59222 1.57803 1.56183 1.54372 1.52382 1.5023 1.47935 1.4552 1.43011 1.40438 1.37831 1.35222 1.32643 1.30127 1.27703 1.25398 1.23235 1.21231 1.19401 1.17752 1.16287 1.15004 1.13895 1.12952 1.1216 1.11505 1.10972 1.10545 1.10208 1.09947 1.09748 1.09601 1.09495 1.09421 1.09374 1.09348 1.09337 1.0934 1.09352 1.09373 1.09399 1.09431 1.09465 1.09502 
1.08836 1.08873 1.08911 1.08947 1.08983 1.09017 1.09051 1.09085 1.09123 1.09166 1.09219 1.09288 1.0938 1.09504 1.09671 1.09895 1.10192 1.10579 1.11075 1.11701 1.12476 1.1342 1.1455 1.15878 1.17416 1.19166 1.21126 1.23288 1.25636 1.28151 1.30804 1.33567 1.36403 1.39279 1.42156 1.45001 1.47777 1.50456 1.53007 1.55409 1.5764 1.59684 1.61529 1.63166 1.64588 1.65793 1.66776 1.67538 1.68078 1.68396 1.68492 1.68365 1.68015 1.67441 1.66644 1.65622 1.64377 1.62913 1.61233 1.59346 1.57262 1.54996 1.52564 1.49991 1.47301 1.44524 1.41693 1.38842 1.36006 1.33222 1.30522 1.2794 1.25502 1.23231 1.21144 1.19254 1.17565 1.16077 1.14786 1.13681 1.1275 1.11976 1.11343 1.10833 1.10429 1.10114 1.09873 1.09693 1.09561 1.09469 1.09408 1.09371 1.09354 1.09351 1.0936 1.09378 1.09403 1.09433 1.09466 1.09503 
1.08836 1.08874 1.08912 1.08948 1.08984 1.0902 1.09055 1.09093 1.09135 1.09185 1.09247 1.0933 1.09441 1.09592 1.09795 1.10066 1.10424 1.10888 1.1148 1.12222 1.13136 1.14241 1.15557 1.17094 1.18861 1.2086 1.23084 1.25521 1.28151 1.30947 1.33879 1.3691 1.40001 1.43113 1.46207 1.49244 1.5219 1.55013 1.57686 1.60186 1.62496 1.64601 1.66492 1.68161 1.69607 1.70826 1.71819 1.72587 1.73131 1.73452 1.7355 1.73425 1.73076 1.72502 1.71701 1.70671 1.69412 1.67924 1.66209 1.64271 1.6212 1.59765 1.57225 1.54519 1.51672 1.48713 1.45677 1.426 1.39519 1.36474 1.33504 1.30644 1.27928 1.25383 1.23031 1.20888 1.18963 1.17259 1.15771 1.14493 1.13409 1.12505 1.11761 1.11159 1.1068 1.10305 1.10016 1.09798 1.09638 1.09524 1.09447 1.09399 1.09373 1.09364 1.09369 1.09384 1.09407 1.09435 1.09468 1.09504 
1.08837 1.08875 1.08913 1.0895 1.08986 1.09023 1.09061 1.09102 1.09149 1.09206 1.09281 1.09379 1.09512 1.09693 1.09937 1.10262 1.10687 1.11237 1.11935 1.12804 1.13869 1.15149 1.16662 1.1842 1.20428 1.22684 1.25178 1.27894 1.30804 1.33879 1.3708 1.40366 1.43696 1.47025 1.50311 1.53515 1.56602 1.59541 1.62306 1.64876 1.67236 1.69375 1.71286 1.72966 1.74414 1.75631 1.7662 1.77383 1.77924 1.78243 1.78343 1.78222 1.77881 1.77316 1.76524 1.75502 1.74248 1.72757 1.71031 1.69069 1.66878 1.64466 1.61846 1.59036 1.5606 1.52946 1.49729 1.46446 1.43137 1.39846 1.36614 1.33482 1.3049 1.27668 1.25046 1.22643 1.20473 1.18541 1.16847 1.15382 1.14135 1.1309 1.12226 1.11524 1.10962 1.1052 1.10178 1.09918 1.09726 1.09588 1.09492 1.0943 1.09395 1.09379 1.09379 1.0939 1.09411 1.09438 1.0947 1.09505 
1.08838 1.08876 1.08914 1.08951 1.08989 1.09027 1.09068 1.09112 1.09166 1.09232 1.09319 1.09436 1.09594 1.0981 1.10099 1.10483 1.10984 1.11628 1.1244 1.13447 1.14673 1.16138 1.17859 1.19847 1.22103 1.24621 1.27388 1.3038 1.33567 1.3691 1.40366 1.43891 1.47438 1.50958 1.5441 1.57753 1.6095 1.63974 1.668 1.6941 1.71791 1.73937 1.75844 1.77512 1.78944 1.80143 1.81114 1.81862 1.82391 1.82705 1.82806 1.82692 1.82363 1.81816 1.81045 1.80047 1.78815 1.77343 1.75629 1.7367 1.71468 1.69028 1.66359 1.63477 1.60403 1.57164 1.53793 1.5033 1.46815 1.43295 1.39815 1.36423 1.3316 1.30065 1.27171 1.24505 1.22083 1.19916 1.18005 1.16346 1.14926 1.13729 1.12737 1.11926 1.11274 1.10759 1.10358 1.10053 1.09825 1.09659 1.09544 1.09466 1.0942 1.09396 1.0939 1.09398 1.09416 1.09442 1.09472 1.09506 
1.0884 1.08877 1.08915 1.08953 1.08992 1.09032 1.09075 1.09125 1.09185 1.09261 1.09363 1.095 1.09687 1.09941 1.1028 1.10729 1.11312 1.12058 1.12994 1.14147 1.15542 1.17201 1.19138 1.21361 1.23868 1.26651 1.29688 1.32951 1.36403 1.40001 1.43696 1.47438 1.51176 1.54861 1.58449 1.61898 1.65175 1.68252 1.71108 1.73728 1.76103 1.78231 1.80111 1.81746 1.83143 1.84309 1.8525 1.85974 1.86486 1.86791 1.86891 1.86786 1.86475 1.85952 1.85214 1.84252 1.83059 1.81626 1.79947 1.78016 1.7583 1.7339 1.70704 1.67781 1.64641 1.61308 1.57814 1.54198 1.50503 1.46777 1.43069 1.39429 1.35907 1.32546 1.29384 1.26454 1.23778 1.21371 1.19238 1.17376 1.15775 1.1442 1.1329 1.12364 1.11615 1.11021 1.10557 1.10201 1.09935 1.09739 1.09601 1.09507 1.09448 1.09415 1.09404 1.09407 1.09422 1.09445 1.09475 1.09508 
1.08841 1.08878 1.08917 1.08956 1.08996 1.09038 1.09084 1.09139 1.09207 1.09295 1.09413 1.09573 1.09791 1.10086 1.1048 1.10999 1.11671 1.12524 1.1359 1.14897 1.16469 1.18327 1.20485 1.22946 1.25706 1.28749 1.32051 1.35575 1.39279 1.43113 1.47025 1.50958 1.54861 1.58681 1.62374 1.65899 1.69223 1.72323 1.75179 1.77782 1.80126 1.82211 1.84043 1.85628 1.86975 1.88094 1.88996 1.89687 1.90177 1.90469 1.90568 1.90473 1.90183 1.89692 1.88994 1.8808 1.8694 1.85563 1.83939 1.82058 1.79913 1.77503 1.74828 1.71895 1.68721 1.65326 1.61741 1.58003 1.54155 1.50248 1.46333 1.42465 1.38698 1.35081 1.31659 1.2847 1.25541 1.22892 1.20532 1.18463 1.16675 1.15155 1.13883 1.12834 1.11984 1.11305 1.10773 1.10364 1.10055 1.09827 1.09664 1.09552 1.09479 1.09437 1.09418 1.09417 1.09429 1.0945 1.09478 1.0951 
1.08843 1.0888 1.08918 1.08958 1.09 1.09044 1.09095 1.09155 1.09231 1.09332 1.09468 1.09653 1.09905 1.10245 1.10698 1.11291 1.12056 1.13023 1.14225 1.1569 1.17444 1.19505 1.21885 1.24584 1.27593 1.30891 1.34447 1.38218 1.42156 1.46207 1.50311 1.5441 1.58449 1.62374 1.6614 1.6971 1.73052 1.76145 1.78975 1.81535 1.83825 1.85848 1.87615 1.89134 1.90419 1.91481 1.92334 1.92987 1.93449 1.93726 1.93823 1.93739 1.93473 1.93018 1.92367 1.91511 1.90435 1.89128 1.87575 1.85763 1.83683 1.81326 1.78689 1.75776 1.72598 1.69173 1.65527 1.61697 1.57726 1.53665 1.49568 1.45494 1.415 1.37642 1.3397 1.30528 1.2735 1.24461 1.21875 1.19596 1.17618 1.15928 1.14508 1.13333 1.12376 1.11609 1.11006 1.10539 1.10185 1.09922 1.09732 1.09601 1.09513 1.09461 1.09434 1.09428 1.09436 1.09455 1.09481 1.09512 
1.08844 1.08882 1.0892 1.08961 1.09004 1.09051 1.09106 1.09173 1.09259 1.09373 1.09528 1.0974 1.10028 1.10416 1.1093 1.11603 1.12464 1.1355 1.14891 1.16518 1.18456 1.20721 1.23321 1.26255 1.29506 1.33049 1.36845 1.40848 1.45001 1.49244 1.53515 1.57753 1.61898 1.65899 1.6971 1.73295 1.76627 1.79688 1.82468 1.84964 1.87181 1.89126 1.90812 1.92254 1.93467 1.94465 1.95262 1.95872 1.96304 1.96564 1.96658 1.96585 1.96344 1.95929 1.9533 1.94537 1.93534 1.92307 1.90838 1.89112 1.87114 1.84831 1.82257 1.7939 1.76235 1.72808 1.69132 1.6524 1.61176 1.56989 1.52736 1.48478 1.44278 1.40196 1.36288 1.32605 1.29185 1.26061 1.2325 1.20762 1.18592 1.16731 1.1516 1.13855 1.12788 1.1193 1.11251 1.10724 1.10323 1.10024 1.09806 1.09653 1.0955 1.09487 1.09452 1.0944 1.09444 1.0946 1.09484 1.09515 
1.08846 1.08883 1.08923 1.08964 1.09009 1.09059 1.09118 1.09192 1.09288 1.09417 1.09593 1.09833 1.10159 1.10597 1.11176 1.11929 1.12891 1.14097 1.1558 1.1737 1.19491 1.21958 1.24776 1.27937 1.31421 1.35196 1.39217 1.43431 1.47777 1.5219 1.56602 1.6095 1.65175 1.69223 1.73052 1.76627 1.79926 1.82932 1.85642 1.88057 1.90185 1.9204 1.93636 1.94992 1.96126 1.97054 1.97793 1.98357 1.98756 1.98998 1.99088 1.99027 1.98812 1.98437 1.97892 1.97166 1.96242 1.95102 1.93727 1.92098 1.90196 1.88004 1.85512 1.82712 1.79606 1.76203 1.72524 1.68599 1.64468 1.60183 1.558 1.51384 1.46999 1.42713 1.38585 1.34673 1.31023 1.27671 1.24641 1.21946 1.19587 1.17554 1.15831 1.14394 1.13215 1.12263 1.11508 1.10919 1.10468 1.10131 1.09884 1.09709 1.0959 1.09514 1.09471 1.09453 1.09452 1.09466 1.09488 1.09518 
1.08849 1.08885 1.08925 1.08968 1.09014 1.09068 1.09132 1.09213 1.0932 1.09464 1.09661 1.09931 1.10296 1.10786 1.11432 1.12268 1.13331 1.14658 1.16282 1.18235 1.20536 1.23201 1.26228 1.29607 1.33312 1.37304 1.41533 1.45939 1.50456 1.55013 1.59541 1.63974 1.68252 1.72323 1.76145 1.79688 1.82932 1.85867 1.88491 1.90812 1.92842 1.94597 1.96097 1.97363 1.98414 1.9927 1.99949 2.00465 2.0083 2.01053 2.01138 2.01088 2.00899 2.00564 2.00075 1.99417 1.98573 1.97524 1.96249 1.94724 1.92928 1.9084 1.88444 1.85729 1.82691 1.79335 1.75677 1.71744 1.67574 1.63217 1.5873 1.5418 1.49634 1.45163 1.40834 1.3671 1.32841 1.29272 1.2603 1.23134 1.20588 1.18386 1.16512 1.14944 1.13652 1.12605 1.11772 1.1112 1.10619 1.10242 1.09965 1.09767 1.09631 1.09543 1.09491 1.09466 1.09461 1.09472 1.09492 1.0952 
1.08851 1.08888 1.08928 1.08971 1.0902 1.09077 1.09146 1.09235 1.09353 1.09513 1.09732 1.10032 1.10438 1.10981 1.11693 1.12612 1.13777 1.15224 1.16988 1.19099 1.21577 1.24431 1.2766 1.31245 1.35156 1.39349 1.43766 1.48343 1.53007 1.57686 1.62306 1.668 1.71108 1.75179 1.78975 1.82468 1.85642 1.88491 1.9102 1.93238 1.95163 1.96814 1.98215 1.99388 2.00356 2.01139 2.01758 2.02226 2.02558 2.02761 2.02842 2.02802 2.02637 2.02342 2.01907 2.01316 2.00552 1.99595 1.98421 1.97004 1.9532 1.93344 1.91055 1.88438 1.85483 1.82192 1.78575 1.74656 1.70471 1.66065 1.61499 1.56838 1.52153 1.47519 1.43009 1.38688 1.34617 1.30842 1.27399 1.2431 1.21583 1.19216 1.17194 1.15496 1.14092 1.12952 1.1204 1.11325 1.10773 1.10356 1.10048 1.09827 1.09674 1.09573 1.09511 1.0948 1.09471 1.09478 1.09497 1.09523 
1.08853 1.0889 1.08931 1.08975 1.09026 1.09086 1.09161 1.09257 1.09387 1.09563 1.09805 1.10136 1.10582 1.11177 1.11956 1.12958 1.14222 1.15786 1.17687 1.19951 1.22597 1.25633 1.29051 1.32829 1.36931 1.41306 1.45892 1.50618 1.55409 1.60186 1.64876 1.6941 1.73728 1.77782 1.81535 1.84964 1.88057 1.90812 1.93238 1.95349 1.97167 1.98713 2.00015 2.01096 2.01982 2.02695 2.03255 2.03678 2.03977 2.04161 2.04237 2.04205 2.04064 2.03806 2.03422 2.02896 2.0221 2.01343 2.00268 1.98959 1.97388 1.95527 1.93351 1.9084 1.8798 1.84767 1.81208 1.77321 1.73139 1.68708 1.64083 1.59334 1.54532 1.49757 1.45084 1.40586 1.36327 1.32361 1.28729 1.25457 1.22558 1.20032 1.17868 1.16043 1.1453 1.13297 1.12308 1.1153 1.10928 1.10471 1.10133 1.09888 1.09717 1.09603 1.09533 1.09495 1.09481 1.09485 1.09501 1.09527 
1.08856 1.08892 1.08933 1.08979 1.09032 1.09096 1.09176 1.0928 1.09421 1.09614 1.09879 1.10239 1.10726 1.11372 1.12216 1.13298 1.14659 1.16337 1.18368 1.20778 1.23583 1.26789 1.30383 1.34338 1.38614 1.43153 1.47888 1.52744 1.5764 1.62496 1.67236 1.71791 1.76103 1.80126 1.83825 1.87181 1.90185 1.92842 1.95163 1.97167 1.98877 2.00321 2.01526 2.0252 2.03328 2.03974 2.04478 2.04858 2.05126 2.05292 2.05362 2.05338 2.05218 2.04995 2.04658 2.04193 2.0358 2.02798 2.0182 2.00616 1.99156 1.9741 1.95348 1.92947 1.90188 1.87063 1.83572 1.79731 1.75569 1.71128 1.66466 1.61648 1.56751 1.51854 1.47038 1.42381 1.37953 1.33812 1.30004 1.26561 1.23499 1.20823 1.18522 1.16576 1.14958 1.13635 1.12572 1.11733 1.11081 1.10586 1.10217 1.09949 1.09761 1.09634 1.09554 1.09509 1.09491 1.09491 1.09506 1.0953 
1.08858 1.08895 1.08936 1.08984 1.09039 1.09106 1.09191 1.09303 1.09456 1.09664 1.09951 1.10341 1.10867 1.11563 1.1247 1.13628 1.15081 1.16866 1.1902 1.21566 1.24521 1.27883 1.31638 1.35755 1.40186 1.44871 1.49736 1.54701 1.59684 1.64601 1.69375 1.73937 1.78231 1.82211 1.85848 1.89126 1.9204 1.94597 1.96814 1.98713 2.00321 2.01667 2.02781 2.03693 2.04428 2.05011 2.05464 2.05803 2.06043 2.06192 2.06257 2.0624 2.06138 2.05946 2.05652 2.05243 2.04698 2.03995 2.03107 2.02002 2.00649 1.99014 1.97065 1.94774 1.92118 1.89084 1.85668 1.81883 1.77753 1.73318 1.68633 1.63765 1.5879 1.53791 1.48852 1.44055 1.39474 1.35174 1.31206 1.27605 1.24393 1.21576 1.19147 1.17087 1.1537 1.13962 1.12828 1.11929 1.1123 1.10697 1.10299 1.10008 1.09803 1.09664 1.09575 1.09523 1.095 1.09498 1.0951 1.09533 
1.08861 1.08897 1.08939 1.08988 1.09045 1.09115 1.09206 1.09326 1.09489 1.09713 1.10021 1.1044 1.11002 1.11746 1.12711 1.13942 1.1548 1.17366 1.19633 1.22305 1.25395 1.289 1.32801 1.37062 1.41631 1.46443 1.51419 1.56477 1.61529 1.66492 1.71286 1.75844 1.80111 1.84043 1.87615 1.90812 1.93636 1.96097 1.98215 2.00015 2.01526 2.02781 2.03812 2.04647 2.05316 2.05843 2.06249 2.06552 2.06765 2.06899 2.06959 2.06947 2.06862 2.06697 2.06441 2.06082 2.05598 2.04967 2.04161 2.03149 2.01895 2.00364 1.98523 1.96337 1.93783 1.9084 1.87504 1.8378 1.79689 1.75271 1.70576 1.65673 1.60637 1.55553 1.50509 1.4559 1.40875 1.36434 1.32321 1.28577 1.25228 1.22282 1.19735 1.17569 1.15759 1.14272 1.1307 1.12116 1.11373 1.10804 1.10378 1.10066 1.09844 1.09693 1.09595 1.09537 1.0951 1.09504 1.09515 1.09536 
1.08863 1.08899 1.08942 1.08992 1.09051 1.09125 1.0922 1.09347 1.09521 1.0976 1.10087 1.10532 1.11129 1.11917 1.12937 1.14234 1.15851 1.17828 1.20198 1.22984 1.26196 1.29828 1.33858 1.38245 1.42934 1.47855 1.52925 1.58059 1.63166 1.68161 1.72966 1.77512 1.81746 1.85628 1.89134 1.92254 1.94992 1.97363 1.99388 2.01096 2.0252 2.03693 2.04647 2.05415 2.06024 2.06501 2.06866 2.07136 2.07327 2.07447 2.07502 2.07494 2.07423 2.07281 2.0706 2.06744 2.06314 2.05747 2.05015 2.04085 2.02921 2.01487 1.99744 1.97658 1.95199 1.92346 1.89087 1.85425 1.81379 1.76984 1.7229 1.67363 1.6228 1.57128 1.51996 1.46972 1.42141 1.37575 1.33334 1.29464 1.25991 1.22929 1.20275 1.18014 1.16119 1.14559 1.13296 1.12291 1.11506 1.10904 1.10452 1.1012 1.09883 1.0972 1.09614 1.09551 1.09519 1.0951 1.09519 1.09539 
1.08865 1.08902 1.08945 1.08995 1.09057 1.09133 1.09233 1.09367 1.0955 1.09802 1.10148 1.10617 1.11246 1.12073 1.13142 1.14499 1.16186 1.18244 1.20706 1.23592 1.26911 1.30654 1.34795 1.39292 1.44083 1.49095 1.54244 1.59438 1.64588 1.69607 1.74414 1.78944 1.83143 1.86975 1.90419 1.93467 1.96126 1.98414 2.00356 2.01982 2.03328 2.04428 2.05316 2.06024 2.06582 2.07015 2.07344 2.07587 2.07757 2.07865 2.07916 2.07912 2.07852 2.0773 2.07537 2.07258 2.06875 2.06364 2.05696 2.04839 2.03755 2.02406 2.00753 1.98757 1.96386 1.93614 1.90429 1.86828 1.82827 1.78458 1.73771 1.68829 1.63712 1.58504 1.533 1.48189 1.43259 1.38586 1.34235 1.30254 1.26673 1.23509 1.20761 1.18414 1.16444 1.14818 1.135 1.12449 1.11627 1.10995 1.10519 1.10169 1.09919 1.09746 1.09632 1.09563 1.09527 1.09516 1.09523 1.09542 
1.08867 1.08904 1.08947 1.08999 1.09062 1.09141 1.09245 1.09385 1.09577 1.09841 1.10203 1.10693 1.11349 1.12211 1.13323 1.14732 1.1648 1.18609 1.21149 1.24121 1.27531 1.31368 1.35604 1.40192 1.45068 1.50156 1.55367 1.6061 1.65793 1.70826 1.75631 1.80143 1.84309 1.88094 1.91481 1.94465 1.97054 1.9927 2.01139 2.02695 2.03974 2.05011 2.05843 2.06501 2.07015 2.07411 2.0771 2.07929 2.08082 2.0818 2.08227 2.08225 2.08175 2.0807 2.079 2.07653 2.07309 2.06845 2.06232 2.05436 2.04421 2.03146 2.01569 1.99652 1.97358 1.9466 1.9154 1.87995 1.84037 1.79696 1.75019 1.7007 1.64926 1.59676 1.54413 1.4923 1.44218 1.39457 1.35012 1.30937 1.27265 1.24014 1.21184 1.18764 1.16729 1.15047 1.1368 1.1259 1.11734 1.11076 1.1058 1.10214 1.09951 1.09769 1.09648 1.09574 1.09535 1.09521 1.09526 1.09545 
1.08869 1.08905 1.08949 1.09002 1.09066 1.09148 1.09256 1.09401 1.096 1.09874 1.1025 1.10758 1.11437 1.12329 1.13477 1.14929 1.16729 1.18915 1.2152 1.24563 1.28048 1.31962 1.36275 1.40936 1.45881 1.51028 1.5629 1.6157 1.66776 1.71819 1.7662 1.81114 1.8525 1.88996 1.92334 1.95262 1.97793 1.99949 2.01758 2.03255 2.04478 2.05464 2.06249 2.06866 2.07344 2.0771 2.07984 2.08184 2.08324 2.08412 2.08456 2.08457 2.08414 2.08322 2.08172 2.0795 2.07637 2.07211 2.06643 2.05898 2.0494 2.03726 2.02214 2.00362 1.98133 1.95497 1.92434 1.88937 1.85017 1.80701 1.76035 1.71082 1.6592 1.60637 1.55328 1.50089 1.45011 1.40177 1.35658 1.31506 1.27759 1.24435 1.21539 1.19058 1.16969 1.1524 1.13833 1.12709 1.11826 1.11145 1.10631 1.10252 1.09978 1.09788 1.09662 1.09584 1.09542 1.09526 1.0953 1.09547 
1.08871 1.08907 1.08951 1.09004 1.0907 1.09154 1.09264 1.09414 1.09619 1.09901 1.10288 1.10811 1.11509 1.12424 1.13601 1.15087 1.16927 1.19159 1.21815 1.24913 1.28456 1.32429 1.36801 1.41519 1.46516 1.51709 1.57007 1.62315 1.67538 1.72587 1.77383 1.81862 1.85974 1.89687 1.92987 1.95872 1.98357 2.00465 2.02226 2.03678 2.04858 2.05803 2.06552 2.07136 2.07587 2.07929 2.08184 2.08369 2.08498 2.0858 2.08621 2.08624 2.08586 2.08504 2.08369 2.08167 2.07879 2.07483 2.06949 2.06245 2.0533 2.04164 2.02702 2.00902 1.98725 1.96138 1.93119 1.89661 1.85771 1.81476 1.7682 1.71866 1.66691 1.61384 1.56041 1.50759 1.45631 1.40742 1.36164 1.31953 1.28148 1.24769 1.2182 1.19292 1.1716 1.15394 1.13956 1.12805 1.119 1.11201 1.10673 1.10283 1.10001 1.09804 1.09673 1.09592 1.09547 1.0953 1.09532 1.09549 
1.08872 1.08908 1.08953 1.09006 1.09073 1.09158 1.09271 1.09424 1.09634 1.09922 1.10317 1.10851 1.11563 1.12495 1.13693 1.15204 1.17072 1.19337 1.22029 1.25166 1.28749 1.32765 1.37178 1.41935 1.46968 1.52192 1.57516 1.62844 1.68078 1.73131 1.77924 1.82391 1.86486 1.90177 1.93449 1.96304 1.98756 2.0083 2.02558 2.03977 2.05126 2.06043 2.06765 2.07327 2.07757 2.08082 2.08324 2.08498 2.08619 2.08696 2.08735 2.08739 2.08706 2.08631 2.08506 2.08318 2.08048 2.07674 2.07165 2.06489 2.05606 2.04474 2.03048 2.01285 1.99144 1.96592 1.93605 1.90174 1.86306 1.82025 1.77377 1.72422 1.67238 1.61915 1.56548 1.51236 1.46073 1.41146 1.36527 1.32275 1.28428 1.2501 1.22024 1.19462 1.173 1.15507 1.14046 1.12875 1.11955 1.11243 1.10705 1.10306 1.10018 1.09817 1.09682 1.09598 1.09552 1.09533 1.09534 1.09551 
1.08873 1.08909 1.08954 1.09008 1.09075 1.09161 1.09276 1.09431 1.09643 1.09936 1.10336 1.10877 1.11597 1.1254 1.1375 1.15276 1.17162 1.19446 1.22159 1.25318 1.28926 1.32965 1.37401 1.42181 1.47234 1.52477 1.57816 1.63154 1.68396 1.73452 1.78243 1.82705 1.86791 1.90469 1.93726 1.96564 1.98998 2.01053 2.02761 2.04161 2.05292 2.06192 2.06899 2.07447 2.07865 2.0818 2.08412 2.0858 2.08696 2.0877 2.08808 2.08813 2.08782 2.08712 2.08594 2.08415 2.08156 2.07794 2.07301 2.06642 2.05778 2.04666 2.03262 2.0152 1.994 1.96867 1.93897 1.90481 1.86624 1.82351 1.77706 1.7275 1.67561 1.62227 1.56846 1.51516 1.46334 1.41384 1.36742 1.32466 1.28596 1.25155 1.22148 1.19566 1.17386 1.15577 1.14102 1.1292 1.1199 1.1127 1.10725 1.10321 1.10029 1.09825 1.09688 1.09602 1.09555 1.09535 1.09536 1.09552 
