6.79502 6.79521 6.79552 6.79597 6.79654 6.79725 6.79808 6.79904 6.80012 6.80133 6.80267 6.80412 6.8057 6.8074 6.80922 6.81114 6.81318 6.81532 6.81757 6.81991 6.82233 6.82484 6.82742 6.83007 6.83278 6.83553 6.83833 6.84114 6.84397 6.84681 6.84963 6.85243 6.85519 6.85791 6.86056 6.86313 6.86561 6.86799 6.87025 6.87239 6.87438 6.87623 6.87791 6.87941 6.88074 6.88188 6.88283 6.88357 6.88411 6.88444 6.88457 6.88448 6.88419 6.88369 6.88298 6.88208 6.88098 6.8797 6.87824 6.87662 6.87483 6.8729 6.87083 6.86864 6.86633 6.86393 6.86144 6.85888 6.85627 6.8536 6.85091 6.84821 6.84549 6.84279 6.84011 6.83745 6.83485 6.83229 6.8298 6.82738 6.82504 6.82279 6.82063 6.81858 6.81663 6.81479 6.81306 6.81146 6.80997 6.80861 6.80737 6.80626 6.80528 6.80443 6.80371 6.80312 6.80265 6.80232 6.80212 6.80205 
6.79521 6.79539 6.79571 6.79616 6.79674 6.79744 6.79828 6.79924 6.80033 6.80155 6.80289 6.80436 6.80594 6.80765 6.80947 6.81141 6.81346 6.81562 6.81787 6.82022 6.82266 6.82519 6.82779 6.83045 6.83317 6.83594 6.83875 6.84158 6.84443 6.84728 6.85012 6.85294 6.85572 6.85844 6.86111 6.8637 6.8662 6.86859 6.87087 6.87301 6.87502 6.87687 6.87856 6.88008 6.88142 6.88256 6.88351 6.88426 6.8848 6.88514 6.88526 6.88518 6.88488 6.88437 6.88367 6.88276 6.88165 6.88037 6.8789 6.87726 6.87546 6.87352 6.87144 6.86923 6.86691 6.8645 6.86199 6.85942 6.85679 6.85411 6.8514 6.84868 6.84595 6.84323 6.84053 6.83786 6.83524 6.83267 6.83016 6.82773 6.82537 6.82311 6.82094 6.81887 6.81691 6.81506 6.81332 6.81171 6.81021 6.80884 6.8076 6.80648 6.8055 6.80464 6.80391 6.80331 6.80285 6.80251 6.80231 6.80224 
6.79552 6.79571 6.79603 6.79649 6.79707 6.79779 6.79863 6.79961 6.80071 6.80195 6.80331 6.80479 6.8064 6.80813 6.80998 6.81195 6.81403 6.81621 6.8185 6.82088 6.82336 6.82592 6.82856 6.83126 6.83402 6.83683 6.83968 6.84255 6.84544 6.84833 6.85121 6.85406 6.85688 6.85965 6.86235 6.86498 6.86751 6.86994 6.87225 6.87442 6.87646 6.87834 6.88005 6.88159 6.88294 6.8841 6.88506 6.88582 6.88637 6.88671 6.88684 6.88675 6.88645 6.88593 6.88521 6.88429 6.88317 6.88186 6.88038 6.87871 6.87689 6.87492 6.87281 6.87057 6.86822 6.86576 6.86322 6.86061 6.85794 6.85523 6.85248 6.84971 6.84694 6.84418 6.84144 6.83874 6.83607 6.83347 6.83092 6.82845 6.82606 6.82376 6.82156 6.81946 6.81747 6.81559 6.81383 6.81219 6.81067 6.80928 6.80801 6.80688 6.80587 6.805 6.80426 6.80366 6.80318 6.80284 6.80263 6.80256 
6.79597 6.79616 6.79649 6.79695 6.79754 6.79827 6.79914 6.80013 6.80126 6.80252 6.80391 6.80543 6.80708 6.80885 6.81074 6.81275 6.81487 6.81711 6.81945 6.82189 6.82442 6.82704 6.82973 6.8325 6.83532 6.83819 6.84111 6.84404 6.847 6.84995 6.85289 6.85581 6.85869 6.86152 6.86429 6.86697 6.86956 6.87204 6.87439 6.87662 6.87869 6.88061 6.88236 6.88393 6.88531 6.8865 6.88748 6.88826 6.88882 6.88916 6.88929 6.88919 6.88888 6.88836 6.88762 6.88668 6.88553 6.8842 6.88267 6.88098 6.87911 6.87709 6.87493 6.87264 6.87024 6.86773 6.86513 6.86246 6.85973 6.85695 6.85414 6.85131 6.84848 6.84566 6.84285 6.84008 6.83736 6.83469 6.83208 6.82955 6.82711 6.82475 6.8225 6.82035 6.81831 6.81638 6.81458 6.81289 6.81134 6.80991 6.80861 6.80745 6.80642 6.80553 6.80477 6.80414 6.80365 6.8033 6.80308 6.803 
6.79654 6.79674 6.79707 6.79754 6.79815 6.7989 6.79979 6.80082 6.80198 6.80328 6.80471 6.80627 6.80797 6.80979 6.81174 6.81381 6.816 6.81831 6.82072 6.82323 6.82584 6.82854 6.83132 6.83417 6.83708 6.84003 6.84303 6.84606 6.8491 6.85214 6.85517 6.85818 6.86115 6.86406 6.8669 6.86966 6.87232 6.87488 6.8773 6.87959 6.88173 6.8837 6.8855 6.88711 6.88853 6.88975 6.89076 6.89155 6.89213 6.89248 6.89261 6.89251 6.89219 6.89165 6.89089 6.88992 6.88874 6.88736 6.88579 6.88404 6.88212 6.88004 6.87782 6.87546 6.87298 6.87039 6.86772 6.86497 6.86215 6.85929 6.85639 6.85348 6.85056 6.84764 6.84475 6.8419 6.83909 6.83633 6.83365 6.83104 6.82851 6.82608 6.82375 6.82153 6.81942 6.81743 6.81557 6.81383 6.81222 6.81075 6.80941 6.8082 6.80713 6.80621 6.80542 6.80477 6.80426 6.80389 6.80367 6.80358 
6.79725 6.79744 6.79779 6.79827 6.7989 6.79968 6.8006 6.80166 6.80287 6.80421 6.8057 6.80732 6.80908 6.81097 6.81299 6.81515 6.81742 6.81981 6.82231 6.82492 6.82763 6.83043 6.83331 6.83626 6.83928 6.84235 6.84546 6.8486 6.85175 6.8549 6.85805 6.86116 6.86423 6.86725 6.8702 6.87306 6.87581 6.87846 6.88097 6.88334 6.88555 6.88759 6.88945 6.89112 6.89259 6.89385 6.89489 6.89571 6.89631 6.89667 6.8968 6.8967 6.89636 6.8958 6.89501 6.894 6.89277 6.89134 6.88972 6.8879 6.88591 6.88375 6.88145 6.879 6.87643 6.87375 6.87097 6.86812 6.8652 6.86223 6.85922 6.8562 6.85317 6.85014 6.84714 6.84418 6.84126 6.8384 6.8356 6.83289 6.83027 6.82774 6.82532 6.82301 6.82082 6.81875 6.81681 6.81499 6.81332 6.81178 6.81038 6.80913 6.80801 6.80705 6.80622 6.80554 6.80501 6.80462 6.80438 6.80429 
6.79808 6.79828 6.79863 6.79914 6.79979 6.8006 6.80156 6.80266 6.80392 6.80532 6.80687 6.80857 6.8104 6.81238 6.81449 6.81674 6.81911 6.82161 6.82422 6.82694 6.82977 6.83269 6.8357 6.83878 6.84193 6.84513 6.84838 6.85165 6.85494 6.85823 6.8615 6.86475 6.86796 6.8711 6.87417 6.87715 6.88002 6.88277 6.88539 6.88785 6.89015 6.89228 6.89421 6.89595 6.89748 6.89879 6.89987 6.90072 6.90134 6.90171 6.90184 6.90173 6.90138 6.90079 6.89997 6.89891 6.89764 6.89614 6.89445 6.89255 6.89048 6.88823 6.88582 6.88327 6.88059 6.87779 6.8749 6.87192 6.86887 6.86577 6.86263 6.85947 6.85631 6.85315 6.85002 6.84692 6.84387 6.84088 6.83796 6.83512 6.83238 6.82973 6.8272 6.82478 6.82249 6.82032 6.81828 6.81639 6.81463 6.81302 6.81155 6.81023 6.80906 6.80804 6.80717 6.80646 6.80589 6.80548 6.80523 6.80512 
6.79904 6.79924 6.79961 6.80013 6.80082 6.80166 6.80266 6.80382 6.80514 6.80661 6.80824 6.81002 6.81194 6.81402 6.81624 6.81859 6.82108 6.8237 6.82645 6.8293 6.83227 6.83534 6.83849 6.84173 6.84503 6.84839 6.85179 6.85522 6.85866 6.86211 6.86554 6.86895 6.8723 6.87559 6.87881 6.88192 6.88493 6.88781 6.89054 6.89312 6.89553 6.89775 6.89978 6.90159 6.90319 6.90455 6.90568 6.90657 6.90721 6.9076 6.90774 6.90762 6.90725 6.90663 6.90576 6.90466 6.90332 6.90175 6.89997 6.89799 6.89581 6.89345 6.89093 6.88825 6.88544 6.88251 6.87947 6.87635 6.87315 6.8699 6.86661 6.8633 6.85997 6.85666 6.85337 6.85011 6.84691 6.84377 6.8407 6.83772 6.83484 6.83206 6.82939 6.82684 6.82443 6.82214 6.82 6.818 6.81615 6.81445 6.8129 6.81151 6.81027 6.80919 6.80827 6.80751 6.80692 6.80648 6.8062 6.80608 
6.80012 6.80033 6.80071 6.80126 6.80198 6.80287 6.80392 6.80514 6.80653 6.80808 6.80979 6.81166 6.8137 6.81588 6.81822 6.8207 6.82333 6.82609 6.82898 6.832 6.83512 6.83835 6.84168 6.84508 6.84856 6.8521 6.85568 6.85929 6.86292 6.86655 6.87016 6.87373 6.87726 6.88072 6.8841 6.88738 6.89054 6.89356 6.89644 6.89914 6.90167 6.904 6.90613 6.90803 6.9097 6.91114 6.91232 6.91325 6.91392 6.91432 6.91446 6.91434 6.91394 6.91329 6.91238 6.91121 6.9098 6.90815 6.90628 6.90419 6.9019 6.89941 6.89676 6.89394 6.89098 6.8879 6.8847 6.88141 6.87804 6.87462 6.87115 6.86766 6.86416 6.86067 6.8572 6.85376 6.85038 6.84707 6.84383 6.84069 6.83764 6.8347 6.83188 6.8292 6.82664 6.82422 6.82196 6.81984 6.81788 6.81607 6.81443 6.81296 6.81164 6.8105 6.80952 6.80871 6.80807 6.8076 6.8073 6.80717 
6.80133 6.80155 6.80195 6.80252 6.80328 6.80421 6.80532 6.80661 6.80808 6.80972 6.81153 6.81351 6.81566 6.81797 6.82045 6.82307 6.82585 6.82877 6.83183 6.83502 6.83832 6.84174 6.84525 6.84885 6.85253 6.85627 6.86005 6.86386 6.86769 6.87152 6.87533 6.87911 6.88283 6.88648 6.89004 6.8935 6.89683 6.90002 6.90304 6.9059 6.90856 6.91101 6.91325 6.91525 6.91701 6.91852 6.91977 6.92074 6.92144 6.92187 6.92201 6.92187 6.92145 6.92076 6.91979 6.91856 6.91707 6.91533 6.91335 6.91114 6.90873 6.90611 6.9033 6.90033 6.8972 6.89394 6.89057 6.88709 6.88353 6.87991 6.87625 6.87256 6.86886 6.86516 6.86149 6.85786 6.85428 6.85077 6.84735 6.84401 6.84078 6.83767 6.83468 6.83183 6.82912 6.82656 6.82415 6.8219 6.81981 6.8179 6.81615 6.81458 6.81318 6.81196 6.81091 6.81005 6.80936 6.80886 6.80853 6.80839 
6.80267 6.80289 6.80331 6.80391 6.80471 6.8057 6.80687 6.80824 6.80979 6.81153 6.81345 6.81555 6.81783 6.82028 6.82291 6.8257 6.82864 6.83174 6.83498 6.83836 6.84187 6.84549 6.84921 6.85303 6.85692 6.86088 6.86489 6.86892 6.87298 6.87703 6.88106 6.88506 6.889 6.89286 6.89662 6.90027 6.90379 6.90716 6.91036 6.91337 6.91618 6.91877 6.92113 6.92324 6.9251 6.92669 6.928 6.92903 6.92976 6.93021 6.93036 6.93021 6.92976 6.92902 6.928 6.92669 6.92511 6.92327 6.92118 6.91884 6.91628 6.91351 6.91054 6.90739 6.90408 6.90063 6.89706 6.89338 6.88961 6.88577 6.88189 6.87798 6.87406 6.87014 6.86624 6.86239 6.8586 6.85487 6.85123 6.84769 6.84426 6.84096 6.83778 6.83475 6.83186 6.82913 6.82657 6.82417 6.82195 6.81991 6.81805 6.81637 6.81487 6.81357 6.81245 6.81152 6.81079 6.81024 6.80989 6.80973 
6.80412 6.80436 6.80479 6.80543 6.80627 6.80732 6.80857 6.81002 6.81166 6.81351 6.81555 6.81778 6.82021 6.82281 6.8256 6.82857 6.8317 6.83499 6.83844 6.84202 6.84575 6.84959 6.85355 6.8576 6.86173 6.86593 6.87018 6.87447 6.87877 6.88306 6.88734 6.89157 6.89574 6.89983 6.90382 6.90769 6.91141 6.91497 6.91836 6.92155 6.92452 6.92726 6.92975 6.93198 6.93394 6.93562 6.93701 6.93809 6.93887 6.93933 6.93948 6.93932 6.93885 6.93806 6.93697 6.93559 6.93391 6.93196 6.92974 6.92726 6.92454 6.9216 6.91846 6.91512 6.91161 6.90795 6.90416 6.90025 6.89626 6.89219 6.88807 6.88391 6.87974 6.87558 6.87145 6.86735 6.86332 6.85936 6.85549 6.85172 6.84807 6.84455 6.84117 6.83794 6.83486 6.83196 6.82922 6.82667 6.82429 6.82211 6.82012 6.81832 6.81673 6.81533 6.81413 6.81314 6.81235 6.81176 6.81138 6.8112 
6.8057 6.80594 6.8064 6.80708 6.80797 6.80908 6.8104 6.81194 6.8137 6.81566 6.81783 6.82021 6.82278 6.82556 6.82853 6.83168 6.83501 6.83852 6.84218 6.846 6.84996 6.85405 6.85825 6.86256 6.86695 6.87141 6.87593 6.88047 6.88504 6.8896 6.89414 6.89863 6.90305 6.90739 6.91162 6.91572 6.91966 6.92344 6.92703 6.9304 6.93355 6.93645 6.93909 6.94145 6.94352 6.9453 6.94676 6.9479 6.94872 6.94921 6.94937 6.94919 6.94868 6.94785 6.94669 6.94522 6.94344 6.94136 6.93901 6.93638 6.9335 6.93038 6.92703 6.92349 6.91977 6.91588 6.91185 6.90771 6.90346 6.89914 6.89476 6.89034 6.88591 6.88149 6.87709 6.87273 6.86844 6.86422 6.8601 6.85609 6.8522 6.84845 6.84484 6.8414 6.83812 6.83501 6.83209 6.82936 6.82683 6.8245 6.82237 6.82045 6.81873 6.81724 6.81595 6.81488 6.81403 6.8134 6.81298 6.81278 
6.8074 6.80765 6.80813 6.80885 6.80979 6.81097 6.81238 6.81402 6.81588 6.81797 6.82028 6.82281 6.82556 6.82852 6.83167 6.83503 6.83858 6.84231 6.84621 6.85028 6.85449 6.85884 6.86331 6.86789 6.87256 6.8773 6.8821 6.88694 6.89179 6.89663 6.90145 6.90622 6.91091 6.91552 6.92 6.92435 6.92854 6.93254 6.93634 6.93991 6.94325 6.94632 6.94912 6.95162 6.95381 6.95569 6.95723 6.95844 6.9593 6.95982 6.95998 6.95979 6.95925 6.95836 6.95713 6.95556 6.95367 6.95147 6.94896 6.94617 6.94311 6.9398 6.93625 6.93249 6.92853 6.9244 6.92012 6.91572 6.9112 6.90661 6.90195 6.89726 6.89254 6.88784 6.88316 6.87852 6.87395 6.86946 6.86507 6.86079 6.85665 6.85264 6.8488 6.84512 6.84162 6.83831 6.83519 6.83227 6.82956 6.82706 6.82478 6.82273 6.82089 6.81929 6.81791 6.81676 6.81584 6.81516 6.81471 6.81449 
6.80922 6.80947 6.80998 6.81074 6.81174 6.81299 6.81449 6.81624 6.81822 6.82045 6.82291 6.8256 6.82853 6.83167 6.83504 6.83862 6.84239 6.84637 6.85052 6.85485 6.85933 6.86396 6.86872 6.87359 6.87856 6.8836 6.8887 6.89384 6.89899 6.90414 6.90925 6.91432 6.9193 6.92419 6.92895 6.93356 6.938 6.94224 6.94627 6.95006 6.95359 6.95685 6.95981 6.96246 6.96478 6.96676 6.9684 6.96967 6.97058 6.97113 6.97129 6.97109 6.97051 6.96956 6.96825 6.96659 6.96458 6.96224 6.95958 6.95662 6.95337 6.94985 6.94608 6.94208 6.93788 6.93349 6.92895 6.92426 6.91947 6.91458 6.90963 6.90464 6.89962 6.89462 6.88963 6.8847 6.87983 6.87505 6.87037 6.86581 6.86139 6.85713 6.85302 6.8491 6.84536 6.84182 6.83849 6.83537 6.83248 6.82981 6.82737 6.82516 6.8232 6.82148 6.82 6.81877 6.81778 6.81704 6.81655 6.81631 
6.81114 6.81141 6.81195 6.81275 6.81381 6.81515 6.81674 6.81859 6.8207 6.82307 6.8257 6.82857 6.83168 6.83503 6.83862 6.84242 6.84645 6.85068 6.8551 6.8597 6.86447 6.8694 6.87446 6.87964 6.88492 6.89028 6.8957 6.90116 6.90663 6.9121 6.91753 6.92291 6.9282 6.93338 6.93843 6.94332 6.94803 6.95253 6.9568 6.96081 6.96455 6.968 6.97113 6.97394 6.9764 6.9785 6.98022 6.98157 6.98253 6.9831 6.98327 6.98305 6.98243 6.98143 6.98004 6.97827 6.97614 6.97365 6.97083 6.96768 6.96423 6.96049 6.95649 6.95225 6.94779 6.94313 6.9383 6.93332 6.92823 6.92303 6.91777 6.91246 6.90713 6.90181 6.8965 6.89125 6.88607 6.88098 6.87599 6.87114 6.86643 6.86188 6.85751 6.85332 6.84933 6.84556 6.842 6.83867 6.83557 6.83272 6.83011 6.82775 6.82565 6.82381 6.82222 6.8209 6.81984 6.81904 6.81851 6.81825 
6.81318 6.81346 6.81403 6.81487 6.816 6.81742 6.81911 6.82108 6.82333 6.82585 6.82864 6.8317 6.83501 6.83858 6.84239 6.84645 6.85073 6.85523 6.85993 6.86483 6.8699 6.87514 6.88052 6.88602 6.89163 6.89733 6.90309 6.90888 6.91469 6.92049 6.92626 6.93196 6.93757 6.94307 6.94842 6.9536 6.95859 6.96336 6.96788 6.97213 6.9761 6.97974 6.98306 6.98603 6.98863 6.99085 6.99267 6.9941 6.99511 6.99571 6.99589 6.99565 6.99499 6.99392 6.99244 6.99056 6.9883 6.98566 6.98267 6.97933 6.97567 6.9717 6.96746 6.96296 6.95822 6.95328 6.94815 6.94287 6.93746 6.93194 6.92635 6.92071 6.91505 6.90939 6.90375 6.89816 6.89265 6.88723 6.88193 6.87676 6.87175 6.8669 6.86224 6.85778 6.85353 6.8495 6.8457 6.84215 6.83884 6.8358 6.83301 6.83049 6.82824 6.82626 6.82457 6.82315 6.82201 6.82116 6.82058 6.82029 
6.81532 6.81562 6.81621 6.81711 6.81831 6.81981 6.82161 6.8237 6.82609 6.82877 6.83174 6.83499 6.83852 6.84231 6.84637 6.85068 6.85523 6.86001 6.86501 6.87021 6.8756 6.88117 6.88688 6.89273 6.89868 6.90473 6.91084 6.91699 6.92315 6.9293 6.93541 6.94145 6.9474 6.95322 6.95889 6.96438 6.96966 6.97471 6.97949 6.98399 6.98819 6.99204 6.99555 6.99869 7.00143 7.00378 7.00571 7.00721 7.00828 7.00891 7.00909 7.00883 7.00813 7.007 7.00543 7.00344 7.00104 6.99824 6.99507 6.99153 6.98765 6.98345 6.97895 6.97418 6.96916 6.96392 6.95848 6.95288 6.94714 6.94129 6.93535 6.92937 6.92335 6.91734 6.91135 6.90542 6.89956 6.8938 6.88816 6.88267 6.87733 6.87217 6.86721 6.86246 6.85793 6.85364 6.8496 6.84581 6.84228 6.83903 6.83605 6.83336 6.83096 6.82885 6.82703 6.82552 6.8243 6.82338 6.82276 6.82245 
6.81757 6.81787 6.8185 6.81945 6.82072 6.82231 6.82422 6.82645 6.82898 6.83183 6.83498 6.83844 6.84218 6.84621 6.85052 6.8551 6.85993 6.86501 6.87032 6.87584 6.88156 6.88746 6.89353 6.89973 6.90604 6.91245 6.91893 6.92544 6.93197 6.93849 6.94496 6.95136 6.95765 6.96381 6.96981 6.97562 6.9812 6.98654 6.9916 6.99635 7.00078 7.00486 7.00856 7.01188 7.01478 7.01725 7.01929 7.02087 7.022 7.02266 7.02285 7.02257 7.02183 7.02062 7.01896 7.01685 7.01431 7.01135 7.00799 7.00424 7.00014 6.99569 6.99093 6.98587 6.98056 6.97501 6.96925 6.96331 6.95723 6.95103 6.94474 6.93839 6.93202 6.92564 6.91929 6.91299 6.90677 6.90066 6.89467 6.88883 6.88316 6.87768 6.87241 6.86735 6.86254 6.85797 6.85366 6.84963 6.84588 6.84241 6.83924 6.83637 6.83381 6.83155 6.82962 6.82799 6.82669 6.8257 6.82504 6.8247 
6.81991 6.82022 6.82088 6.82189 6.82323 6.82492 6.82694 6.8293 6.832 6.83502 6.83836 6.84202 6.846 6.85028 6.85485 6.8597 6.86483 6.87021 6.87584 6.8817 6.88776 6.89401 6.90044 6.907 6.91369 6.92048 6.92733 6.93423 6.94114 6.94803 6.95487 6.96164 6.96829 6.9748 6.98114 6.98728 6.99318 6.99881 7.00415 7.00917 7.01385 7.01815 7.02206 7.02555 7.02861 7.03122 7.03336 7.03503 7.03621 7.03691 7.0371 7.03681 7.03602 7.03474 7.03298 7.03075 7.02807 7.02494 7.02138 7.01743 7.01308 7.00838 7.00335 6.998 6.99238 6.98651 6.98042 6.97414 6.96771 6.96114 6.95449 6.94777 6.94101 6.93426 6.92753 6.92086 6.91427 6.90778 6.90143 6.89524 6.88923 6.88341 6.87781 6.87244 6.86733 6.86247 6.8579 6.85361 6.84962 6.84593 6.84256 6.8395 6.83677 6.83437 6.8323 6.83057 6.82918 6.82813 6.82742 6.82705 
6.82233 6.82266 6.82336 6.82442 6.82584 6.82763 6.82977 6.83227 6.83512 6.83832 6.84187 6.84575 6.84996 6.85449 6.85933 6.86447 6.8699 6.8756 6.88156 6.88776 6.89418 6.90079 6.90759 6.91453 6.92161 6.92878 6.93603 6.94331 6.95061 6.95789 6.96512 6.97226 6.97929 6.98616 6.99285 6.99932 7.00554 7.01148 7.01712 7.02241 7.02733 7.03187 7.03599 7.03966 7.04288 7.04563 7.04789 7.04964 7.05088 7.05161 7.05182 7.0515 7.05066 7.04931 7.04746 7.0451 7.04227 7.03896 7.03521 7.03103 7.02645 7.02149 7.01617 7.01053 7.0046 6.9984 6.99196 6.98533 6.97853 6.9716 6.96456 6.95746 6.95032 6.94317 6.93605 6.92899 6.92202 6.91516 6.90843 6.90187 6.8955 6.88934 6.8834 6.87771 6.87229 6.86714 6.86229 6.85773 6.85349 6.84958 6.846 6.84275 6.83985 6.83729 6.83509 6.83325 6.83177 6.83064 6.82988 6.82948 
6.82484 6.82519 6.82592 6.82704 6.82854 6.83043 6.83269 6.83534 6.83835 6.84174 6.84549 6.84959 6.85405 6.85884 6.86396 6.8694 6.87514 6.88117 6.88746 6.89401 6.90079 6.90778 6.91496 6.9223 6.92976 6.93734 6.94498 6.95267 6.96037 6.96805 6.97567 6.98319 6.9906 6.99784 7.00489 7.0117 7.01826 7.02451 7.03044 7.03601 7.0412 7.04597 7.0503 7.05417 7.05755 7.06044 7.06281 7.06465 7.06596 7.06672 7.06693 7.06659 7.06571 7.06428 7.06232 7.05984 7.05686 7.05338 7.04942 7.04502 7.04019 7.03496 7.02936 7.02341 7.01715 7.01062 7.00384 6.99684 6.98967 6.98235 6.97493 6.96743 6.95989 6.95235 6.94483 6.93737 6.93 6.92275 6.91564 6.90871 6.90197 6.89545 6.88917 6.88315 6.87741 6.87196 6.86681 6.86199 6.8575 6.85335 6.84955 6.8461 6.84302 6.84031 6.83798 6.83602 6.83444 6.83324 6.83243 6.832 
6.82742 6.82779 6.82856 6.82973 6.83132 6.83331 6.8357 6.83849 6.84168 6.84525 6.84921 6.85355 6.85825 6.86331 6.86872 6.87446 6.88052 6.88688 6.89353 6.90044 6.90759 6.91496 6.92253 6.93026 6.93813 6.94611 6.95416 6.96226 6.97037 6.97845 6.98647 6.9944 7.00219 7.0098 7.01722 7.02438 7.03127 7.03785 7.04408 7.04994 7.05538 7.06039 7.06494 7.069 7.07256 7.07559 7.07807 7.08001 7.08137 7.08217 7.08239 7.08203 7.0811 7.0796 7.07754 7.07493 7.07178 7.06812 7.06396 7.05933 7.05425 7.04875 7.04285 7.0366 7.03001 7.02313 7.01599 7.00863 7.00107 6.99337 6.98555 6.97765 6.96971 6.96176 6.95383 6.94597 6.93819 6.93054 6.92304 6.91572 6.90861 6.90173 6.89509 6.88873 6.88266 6.8769 6.87146 6.86636 6.86161 6.85722 6.8532 6.84955 6.84629 6.84342 6.84094 6.83886 6.83719 6.83592 6.83505 6.8346 
6.83007 6.83045 6.83126 6.8325 6.83417 6.83626 6.83878 6.84173 6.84508 6.84885 6.85303 6.8576 6.86256 6.86789 6.87359 6.87964 6.88602 6.89273 6.89973 6.907 6.91453 6.9223 6.93026 6.9384 6.94668 6.95507 6.96354 6.97206 6.98058 6.98907 6.9975 7.00583 7.01401 7.02201 7.02979 7.03731 7.04455 7.05145 7.05799 7.06413 7.06984 7.07509 7.07986 7.08412 7.08785 7.09102 7.09363 7.09565 7.09708 7.09791 7.09814 7.09776 7.09678 7.0952 7.09303 7.09029 7.08699 7.08314 7.07878 7.07392 7.06858 7.0628 7.05661 7.05004 7.04312 7.03589 7.02839 7.02065 7.01271 7.00461 6.99639 6.98808 6.97972 6.97136 6.96302 6.95474 6.94656 6.9385 6.9306 6.92289 6.9154 6.90814 6.90115 6.89444 6.88804 6.88196 6.87622 6.87084 6.86582 6.86118 6.85693 6.85308 6.84964 6.8466 6.84398 6.84178 6.84001 6.83866 6.83774 6.83726 
6.83278 6.83317 6.83402 6.83532 6.83708 6.83928 6.84193 6.84503 6.84856 6.85253 6.85692 6.86173 6.86695 6.87256 6.87856 6.88492 6.89163 6.89868 6.90604 6.91369 6.92161 6.92976 6.93813 6.94668 6.95537 6.96419 6.97308 6.98202 6.99096 6.99987 7.00871 7.01744 7.02602 7.03441 7.04256 7.05045 7.05802 7.06525 7.0721 7.07853 7.08451 7.09001 7.095 7.09946 7.10336 7.10668 7.1094 7.11152 7.11301 7.11388 7.11411 7.11371 7.11268 7.11103 7.10875 7.10588 7.10242 7.09839 7.09381 7.08872 7.08312 7.07707 7.07058 7.06369 7.05643 7.04885 7.04098 7.03286 7.02453 7.01603 7.0074 6.99868 6.98991 6.98112 6.97237 6.96367 6.95507 6.9466 6.9383 6.93019 6.92231 6.91467 6.90731 6.90025 6.89351 6.88711 6.88107 6.8754 6.87011 6.86523 6.86075 6.85669 6.85305 6.84985 6.84708 6.84476 6.84289 6.84146 6.84049 6.83997 
6.83553 6.83594 6.83683 6.83819 6.84003 6.84235 6.84513 6.84839 6.8521 6.85627 6.86088 6.86593 6.87141 6.8773 6.8836 6.89028 6.89733 6.90473 6.91245 6.92048 6.92878 6.93734 6.94611 6.95507 6.96419 6.97342 6.98274 6.9921 7.00147 7.0108 7.02006 7.02919 7.03817 7.04695 7.05548 7.06373 7.07165 7.07921 7.08637 7.09309 7.09934 7.10509 7.1103 7.11496 7.11903 7.1225 7.12534 7.12755 7.12911 7.13001 7.13025 7.12983 7.12875 7.12702 7.12464 7.12163 7.11801 7.11379 7.10901 7.10368 7.09782 7.09149 7.0847 7.07749 7.06989 7.06196 7.05372 7.04522 7.0365 7.02759 7.01855 7.00941 7.00022 6.99101 6.98183 6.97271 6.96369 6.95481 6.9461 6.93759 6.92931 6.9213 6.91357 6.90615 6.89907 6.89235 6.88599 6.88003 6.87447 6.86933 6.86462 6.86035 6.85652 6.85315 6.85024 6.84779 6.84582 6.84431 6.84329 6.84274 
6.83833 6.83875 6.83968 6.84111 6.84303 6.84546 6.84838 6.85179 6.85568 6.86005 6.86489 6.87018 6.87593 6.8821 6.8887 6.8957 6.90309 6.91084 6.91893 6.92733 6.93603 6.94498 6.95416 6.96354 6.97308 6.98274 6.99248 7.00227 7.01207 7.02182 7.03149 7.04104 7.05042 7.05958 7.06849 7.0771 7.08537 7.09326 7.10074 7.10775 7.11427 7.12026 7.1257 7.13056 7.1348 7.13842 7.14138 7.14368 7.1453 7.14624 7.14649 7.14605 7.14492 7.14311 7.14062 7.13748 7.1337 7.1293 7.1243 7.11873 7.11262 7.10601 7.09891 7.09138 7.08345 7.07516 7.06655 7.05767 7.04855 7.03924 7.02979 7.02023 7.01062 7.00098 6.99138 6.98183 6.97239 6.96309 6.95397 6.94505 6.93638 6.92798 6.91989 6.91211 6.90469 6.89763 6.89097 6.88471 6.87888 6.87349 6.86854 6.86405 6.86003 6.85649 6.85343 6.85086 6.84878 6.8472 6.84612 6.84554 
6.84114 6.84158 6.84255 6.84404 6.84606 6.8486 6.85165 6.85522 6.85929 6.86386 6.86892 6.87447 6.88047 6.88694 6.89384 6.90116 6.90888 6.91699 6.92544 6.93423 6.94331 6.95267 6.96226 6.97206 6.98202 6.9921 7.00227 7.01249 7.02271 7.03288 7.04297 7.05293 7.06271 7.07226 7.08155 7.09052 7.09914 7.10736 7.11514 7.12244 7.12923 7.13548 7.14114 7.14619 7.15061 7.15437 7.15745 7.15984 7.16153 7.1625 7.16276 7.1623 7.16112 7.15923 7.15664 7.15337 7.14943 7.14484 7.13963 7.13383 7.12746 7.12056 7.11317 7.10532 7.09705 7.0884 7.07943 7.07016 7.06065 7.05094 7.04107 7.0311 7.02106 7.011 7.00097 6.991 6.98113 6.97141 6.96188 6.95256 6.9435 6.93471 6.92624 6.91811 6.91034 6.90296 6.89598 6.88943 6.88332 6.87767 6.87249 6.86778 6.86357 6.85986 6.85665 6.85395 6.85177 6.85011 6.84898 6.84836 
6.84397 6.84443 6.84544 6.847 6.8491 6.85175 6.85494 6.85866 6.86292 6.86769 6.87298 6.87877 6.88504 6.89179 6.89899 6.90663 6.91469 6.92315 6.93197 6.94114 6.95061 6.96037 6.97037 6.98058 6.99096 7.00147 7.01207 7.02271 7.03335 7.04394 7.05445 7.06481 7.07498 7.08493 7.09459 7.10392 7.11288 7.12143 7.12952 7.13712 7.14417 7.15066 7.15654 7.16179 7.16638 7.17029 7.17349 7.17597 7.17772 7.17873 7.179 7.17851 7.17728 7.17532 7.17262 7.16922 7.16512 7.16035 7.15493 7.14889 7.14227 7.13509 7.1274 7.11923 7.11063 7.10163 7.09229 7.08264 7.07274 7.06262 7.05235 7.04196 7.0315 7.02102 7.01056 7.00016 6.98988 6.97975 6.9698 6.96008 6.95062 6.94145 6.93261 6.92412 6.916 6.90829 6.90101 6.89416 6.88778 6.88187 6.87645 6.87153 6.86713 6.86324 6.85989 6.85706 6.85478 6.85304 6.85185 6.8512 
6.84681 6.84728 6.84833 6.84995 6.85214 6.8549 6.85823 6.86211 6.86655 6.87152 6.87703 6.88306 6.8896 6.89663 6.90414 6.9121 6.92049 6.9293 6.93849 6.94803 6.95789 6.96805 6.97845 6.98907 6.99987 7.0108 7.02182 7.03288 7.04394 7.05495 7.06587 7.07663 7.0872 7.09753 7.10756 7.11725 7.12655 7.13543 7.14382 7.1517 7.15902 7.16575 7.17185 7.1773 7.18206 7.18611 7.18943 7.192 7.19381 7.19486 7.19513 7.19462 7.19334 7.1913 7.18851 7.18497 7.18072 7.17576 7.17014 7.16387 7.15699 7.14954 7.14156 7.13307 7.12413 7.11479 7.10508 7.09506 7.08476 7.07425 7.06357 7.05277 7.04189 7.03099 7.02011 7.0093 6.99859 6.98805 6.97769 6.96757 6.95772 6.94817 6.93896 6.93011 6.92166 6.91362 6.90602 6.89888 6.89223 6.88606 6.88041 6.87528 6.87068 6.86663 6.86312 6.86017 6.85779 6.85597 6.85472 6.85405 
6.84963 6.85012 6.85121 6.85289 6.85517 6.85805 6.8615 6.86554 6.87016 6.87533 6.88106 6.88734 6.89414 6.90145 6.90925 6.91753 6.92626 6.93541 6.94496 6.95487 6.96512 6.97567 6.98647 6.9975 7.00871 7.02006 7.03149 7.04297 7.05445 7.06587 7.07718 7.08835 7.09931 7.11001 7.1204 7.13045 7.14009 7.14928 7.15797 7.16613 7.17372 7.18068 7.187 7.19264 7.19756 7.20175 7.20519 7.20785 7.20973 7.2108 7.21108 7.21056 7.20923 7.20711 7.20422 7.20055 7.19615 7.19101 7.18519 7.17869 7.17157 7.16384 7.15556 7.14677 7.13751 7.12782 7.11775 7.10735 7.09668 7.08577 7.07469 7.06348 7.05219 7.04088 7.02958 7.01835 7.00724 6.99628 6.98552 6.97501 6.96477 6.95484 6.94526 6.93606 6.92727 6.91891 6.911 6.90358 6.89665 6.89023 6.88435 6.879 6.87422 6.86999 6.86634 6.86327 6.86078 6.85889 6.85758 6.85688 
6.85243 6.85294 6.85406 6.85581 6.85818 6.86116 6.86475 6.86895 6.87373 6.87911 6.88506 6.89157 6.89863 6.90622 6.91432 6.92291 6.93196 6.94145 6.95136 6.96164 6.97226 6.98319 6.9944 7.00583 7.01744 7.02919 7.04104 7.05293 7.06481 7.07663 7.08835 7.0999 7.11124 7.12231 7.13307 7.14346 7.15342 7.16293 7.17192 7.18035 7.18819 7.19539 7.20192 7.20775 7.21284 7.21716 7.22071 7.22346 7.2254 7.22651 7.22679 7.22625 7.22488 7.22269 7.21969 7.2159 7.21134 7.20603 7.20001 7.19329 7.18592 7.17793 7.16937 7.16027 7.15069 7.14066 7.13024 7.11948 7.10843 7.09714 7.08566 7.07405 7.06236 7.05064 7.03893 7.0273 7.01577 7.00442 6.99326 6.98235 6.97173 6.96144 6.9515 6.94195 6.93282 6.92414 6.91594 6.90822 6.90103 6.89436 6.88825 6.8827 6.87772 6.87333 6.86953 6.86634 6.86375 6.86178 6.86042 6.85969 
6.85519 6.85572 6.85688 6.85869 6.86115 6.86423 6.86796 6.8723 6.87726 6.88283 6.889 6.89574 6.90305 6.91091 6.9193 6.9282 6.93757 6.9474 6.95765 6.96829 6.97929 6.9906 7.00219 7.01401 7.02602 7.03817 7.05042 7.06271 7.07498 7.0872 7.09931 7.11124 7.12295 7.13439 7.14549 7.15621 7.16651 7.17631 7.18559 7.1943 7.20238 7.20981 7.21655 7.22255 7.2278 7.23227 7.23593 7.23876 7.24075 7.2419 7.24219 7.24163 7.24021 7.23795 7.23485 7.23094 7.22624 7.22076 7.21454 7.2076 7.2 7.19175 7.18291 7.17351 7.16361 7.15326 7.14249 7.13138 7.11996 7.10829 7.09643 7.08443 7.07234 7.06022 7.04812 7.03608 7.02416 7.01241 7.00087 6.98958 6.97858 6.96792 6.95763 6.94774 6.93829 6.92929 6.92079 6.9128 6.90534 6.89843 6.89209 6.88633 6.88117 6.87662 6.87268 6.86936 6.86668 6.86463 6.86322 6.86246 
6.85791 6.85844 6.85965 6.86152 6.86406 6.86725 6.8711 6.87559 6.88072 6.88648 6.89286 6.89983 6.90739 6.91552 6.92419 6.93338 6.94307 6.95322 6.96381 6.9748 6.98616 6.99784 7.0098 7.02201 7.03441 7.04695 7.05958 7.07226 7.08493 7.09753 7.11001 7.12231 7.13439 7.14617 7.15762 7.16867 7.17927 7.18938 7.19894 7.2079 7.21623 7.22388 7.23081 7.237 7.2424 7.247 7.25076 7.25368 7.25573 7.25691 7.2572 7.25662 7.25516 7.25283 7.24964 7.24561 7.24076 7.23512 7.22871 7.22157 7.21373 7.20523 7.19612 7.18643 7.17623 7.16555 7.15446 7.14299 7.13122 7.11918 7.10695 7.09457 7.08209 7.06958 7.05709 7.04467 7.03236 7.02022 7.0083 6.99664 6.98528 6.97427 6.96363 6.95341 6.94364 6.93434 6.92555 6.91728 6.90956 6.90242 6.89586 6.8899 6.88456 6.87984 6.87577 6.87234 6.86956 6.86743 6.86597 6.86518 
6.86056 6.86111 6.86235 6.86429 6.8669 6.8702 6.87417 6.87881 6.8841 6.89004 6.89662 6.90382 6.91162 6.92 6.92895 6.93843 6.94842 6.95889 6.96981 6.98114 6.99285 7.00489 7.01722 7.02979 7.04256 7.05548 7.06849 7.08155 7.09459 7.10756 7.1204 7.13307 7.14549 7.15762 7.16939 7.18076 7.19166 7.20206 7.21188 7.2211 7.22966 7.23753 7.24465 7.25101 7.25656 7.26128 7.26515 7.26815 7.27025 7.27146 7.27177 7.27117 7.26966 7.26727 7.26399 7.25984 7.25486 7.24905 7.24246 7.23512 7.22705 7.21831 7.20894 7.19898 7.18848 7.17749 7.16607 7.15427 7.14215 7.12977 7.11717 7.10442 7.09157 7.07869 7.06582 7.05301 7.04033 7.02783 7.01554 7.00351 6.9918 6.98044 6.96947 6.95893 6.94885 6.93925 6.93018 6.92165 6.91368 6.9063 6.89953 6.89338 6.88786 6.88299 6.87878 6.87524 6.87236 6.87017 6.86866 6.86784 
6.86313 6.8637 6.86498 6.86697 6.86966 6.87306 6.87715 6.88192 6.88738 6.8935 6.90027 6.90769 6.91572 6.92435 6.93356 6.94332 6.9536 6.96438 6.97562 6.98728 6.99932 7.0117 7.02438 7.03731 7.05045 7.06373 7.0771 7.09052 7.10392 7.11725 7.13045 7.14346 7.15621 7.16867 7.18076 7.19243 7.20362 7.21429 7.22438 7.23384 7.24262 7.25069 7.258 7.26452 7.27022 7.27506 7.27903 7.2821 7.28426 7.2855 7.28581 7.28519 7.28365 7.28119 7.27782 7.27357 7.26845 7.26249 7.25573 7.24819 7.23991 7.23093 7.22131 7.21108 7.2003 7.18902 7.17729 7.16517 7.15271 7.13998 7.12704 7.11393 7.10073 7.08748 7.07425 7.06108 7.04804 7.03518 7.02253 7.01016 6.99811 6.98642 6.97513 6.96427 6.95389 6.94401 6.93466 6.92588 6.91767 6.91007 6.90309 6.89675 6.89107 6.88605 6.88171 6.87805 6.87509 6.87283 6.87127 6.87042 
6.86561 6.8662 6.86751 6.86956 6.87232 6.87581 6.88002 6.88493 6.89054 6.89683 6.90379 6.91141 6.91966 6.92854 6.938 6.94803 6.95859 6.96966 6.9812 6.99318 7.00554 7.01826 7.03127 7.04455 7.05802 7.07165 7.08537 7.09914 7.11288 7.12655 7.14009 7.15342 7.16651 7.17927 7.19166 7.20362 7.2151 7.22602 7.23636 7.24605 7.25505 7.26331 7.2708 7.27748 7.28331 7.28827 7.29234 7.29548 7.29769 7.29896 7.29927 7.29864 7.29706 7.29453 7.29109 7.28673 7.28148 7.27538 7.26845 7.26072 7.25224 7.24304 7.23317 7.22269 7.21164 7.20007 7.18805 7.17562 7.16285 7.14979 7.13651 7.12307 7.10952 7.09593 7.08235 7.06884 7.05545 7.04224 7.02926 7.01655 7.00418 6.99217 6.98057 6.96941 6.95874 6.94859 6.93898 6.92995 6.92151 6.9137 6.90652 6.9 6.89416 6.88899 6.88453 6.88076 6.87772 6.87539 6.87378 6.87291 
6.86799 6.86859 6.86994 6.87204 6.87488 6.87846 6.88277 6.88781 6.89356 6.90002 6.90716 6.91497 6.92344 6.93254 6.94224 6.95253 6.96336 6.97471 6.98654 6.99881 7.01148 7.02451 7.03785 7.05145 7.06525 7.07921 7.09326 7.10736 7.12143 7.13543 7.14928 7.16293 7.17631 7.18938 7.20206 7.21429 7.22602 7.2372 7.24777 7.25768 7.26689 7.27534 7.28299 7.28982 7.29578 7.30085 7.305 7.30822 7.31047 7.31177 7.31209 7.31144 7.30982 7.30724 7.30371 7.29926 7.29389 7.28765 7.28056 7.27266 7.26398 7.25457 7.24448 7.23375 7.22244 7.21061 7.1983 7.18558 7.17251 7.15914 7.14555 7.13178 7.11791 7.10399 7.09008 7.07623 7.06252 7.04898 7.03568 7.02266 7.00997 6.99766 6.98576 6.97432 6.96338 6.95297 6.94311 6.93385 6.92519 6.91717 6.90981 6.90311 6.89711 6.89181 6.88723 6.88336 6.88023 6.87784 6.8762 6.87529 
6.87025 6.87087 6.87225 6.87439 6.8773 6.88097 6.88539 6.89054 6.89644 6.90304 6.91036 6.91836 6.92703 6.93634 6.94627 6.9568 6.96788 6.97949 6.9916 7.00415 7.01712 7.03044 7.04408 7.05799 7.0721 7.08637 7.10074 7.11514 7.12952 7.14382 7.15797 7.17192 7.18559 7.19894 7.21188 7.22438 7.23636 7.24777 7.25856 7.26868 7.27807 7.2867 7.29451 7.30148 7.30757 7.31274 7.31697 7.32025 7.32256 7.32387 7.3242 7.32354 7.32188 7.31925 7.31565 7.3111 7.30562 7.29925 7.29201 7.28394 7.27508 7.26547 7.25517 7.24421 7.23266 7.22057 7.208 7.195 7.18165 7.16799 7.1541 7.14003 7.12585 7.11161 7.09739 7.08324 7.06921 7.05537 7.04176 7.02844 7.01546 7.00286 6.99069 6.97898 6.96778 6.95712 6.94703 6.93754 6.92868 6.92047 6.91292 6.90607 6.89992 6.89449 6.88979 6.88584 6.88263 6.88018 6.87849 6.87756 
6.87239 6.87301 6.87442 6.87662 6.87959 6.88334 6.88785 6.89312 6.89914 6.9059 6.91337 6.92155 6.9304 6.93991 6.95006 6.96081 6.97213 6.98399 6.99635 7.00917 7.02241 7.03601 7.04994 7.06413 7.07853 7.09309 7.10775 7.12244 7.13712 7.1517 7.16613 7.18035 7.1943 7.2079 7.2211 7.23384 7.24605 7.25768 7.26868 7.27899 7.28856 7.29735 7.30531 7.31241 7.31861 7.32388 7.32819 7.33153 7.33388 7.33522 7.33555 7.33487 7.33319 7.3305 7.32683 7.3222 7.31662 7.31012 7.30274 7.29451 7.28548 7.27569 7.26519 7.25402 7.24224 7.22991 7.21709 7.20384 7.19022 7.17629 7.16212 7.14777 7.1333 7.11877 7.10426 7.08981 7.07549 7.06136 7.04747 7.03387 7.02061 7.00775 6.99531 6.98336 6.97192 6.96103 6.95072 6.94102 6.93196 6.92357 6.91586 6.90885 6.90257 6.89702 6.89221 6.88817 6.88489 6.88238 6.88065 6.8797 
6.87438 6.87502 6.87646 6.87869 6.88173 6.88555 6.89015 6.89553 6.90167 6.90856 6.91618 6.92452 6.93355 6.94325 6.95359 6.96455 6.9761 6.98819 7.00078 7.01385 7.02733 7.0412 7.05538 7.06984 7.08451 7.09934 7.11427 7.12923 7.14417 7.15902 7.17372 7.18819 7.20238 7.21623 7.22966 7.24262 7.25505 7.26689 7.27807 7.28856 7.2983 7.30724 7.31534 7.32255 7.32886 7.33422 7.3386 7.342 7.34438 7.34575 7.34609 7.3454 7.34368 7.34095 7.33721 7.3325 7.32682 7.32021 7.3127 7.30433 7.29514 7.28518 7.27449 7.26312 7.25114 7.23859 7.22554 7.21205 7.19819 7.184 7.16957 7.15496 7.14022 7.12543 7.11064 7.09593 7.08134 7.06694 7.05278 7.03892 7.02541 7.0123 6.99962 6.98744 6.97577 6.96466 6.95415 6.94426 6.93502 6.92646 6.9186 6.91145 6.90504 6.89937 6.89447 6.89034 6.88699 6.88443 6.88267 6.8817 
6.87623 6.87687 6.87834 6.88061 6.8837 6.88759 6.89228 6.89775 6.904 6.91101 6.91877 6.92726 6.93645 6.94632 6.95685 6.968 6.97974 6.99204 7.00486 7.01815 7.03187 7.04597 7.06039 7.07509 7.09001 7.10509 7.12026 7.13548 7.15066 7.16575 7.18068 7.19539 7.20981 7.22388 7.23753 7.25069 7.26331 7.27534 7.2867 7.29735 7.30724 7.31631 7.32454 7.33187 7.33827 7.34371 7.34816 7.35161 7.35403 7.35541 7.35575 7.35505 7.35331 7.35054 7.34674 7.34195 7.33619 7.32947 7.32185 7.31335 7.30401 7.29389 7.28303 7.27149 7.25931 7.24656 7.2333 7.2196 7.2055 7.19109 7.17642 7.16157 7.14659 7.13155 7.11651 7.10155 7.08672 7.07207 7.05767 7.04357 7.02983 7.01649 7.00359 6.99119 6.97932 6.96801 6.95731 6.94725 6.93784 6.92913 6.92112 6.91384 6.90731 6.90155 6.89655 6.89235 6.88894 6.88633 6.88454 6.88355 
6.87791 6.87856 6.88005 6.88236 6.8855 6.88945 6.89421 6.89978 6.90613 6.91325 6.92113 6.92975 6.93909 6.94912 6.95981 6.97113 6.98306 6.99555 7.00856 7.02206 7.03599 7.0503 7.06494 7.07986 7.095 7.1103 7.1257 7.14114 7.15654 7.17185 7.187 7.20192 7.21655 7.23081 7.24465 7.258 7.2708 7.28299 7.29451 7.30531 7.31534 7.32454 7.33287 7.3403 7.34679 7.3523 7.35682 7.36031 7.36276 7.36417 7.36451 7.3638 7.36203 7.35922 7.35537 7.35052 7.34467 7.33787 7.33013 7.32151 7.31205 7.30179 7.29077 7.27907 7.26672 7.25379 7.24034 7.22643 7.21214 7.19751 7.18263 7.16756 7.15236 7.1371 7.12184 7.10665 7.09159 7.07673 7.06211 7.0478 7.03384 7.02029 7.0072 6.9946 6.98254 6.97106 6.96019 6.94996 6.94041 6.93155 6.92342 6.91602 6.90939 6.90353 6.89845 6.89418 6.89071 6.88806 6.88624 6.88524 
6.87941 6.88008 6.88159 6.88393 6.88711 6.89112 6.89595 6.90159 6.90803 6.91525 6.92324 6.93198 6.94145 6.95162 6.96246 6.97394 6.98603 6.99869 7.01188 7.02555 7.03966 7.05417 7.069 7.08412 7.09946 7.11496 7.13056 7.14619 7.16179 7.1773 7.19264 7.20775 7.22255 7.237 7.25101 7.26452 7.27748 7.28982 7.30148 7.31241 7.32255 7.33187 7.3403 7.34782 7.35439 7.35996 7.36453 7.36807 7.37055 7.37197 7.37232 7.37159 7.3698 7.36696 7.36307 7.35815 7.35223 7.34534 7.33752 7.32879 7.31921 7.30882 7.29768 7.28582 7.27332 7.26023 7.24661 7.23253 7.21805 7.20325 7.18817 7.1729 7.15751 7.14205 7.12659 7.11121 7.09595 7.08089 7.06607 7.05157 7.03742 7.02369 7.01042 6.99765 6.98542 6.97379 6.96276 6.9524 6.94271 6.93373 6.92548 6.91798 6.91125 6.9053 6.90016 6.89582 6.89231 6.88962 6.88776 6.88675 
6.88074 6.88142 6.88294 6.88531 6.88853 6.89259 6.89748 6.90319 6.9097 6.91701 6.9251 6.93394 6.94352 6.95381 6.96478 6.9764 6.98863 7.00143 7.01478 7.02861 7.04288 7.05755 7.07256 7.08785 7.10336 7.11903 7.1348 7.15061 7.16638 7.18206 7.19756 7.21284 7.2278 7.2424 7.25656 7.27022 7.28331 7.29578 7.30757 7.31861 7.32886 7.33827 7.34679 7.35439 7.36102 7.36665 7.37127 7.37484 7.37734 7.37878 7.37913 7.3784 7.37659 7.37371 7.36978 7.36481 7.35883 7.35187 7.34397 7.33515 7.32547 7.31497 7.3037 7.29172 7.27909 7.26586 7.25209 7.23786 7.22322 7.20825 7.19302 7.17758 7.16201 7.14638 7.13075 7.11519 7.09976 7.08452 7.06954 7.05487 7.04056 7.02667 7.01324 7.00032 6.98795 6.97617 6.96502 6.95453 6.94472 6.93564 6.92728 6.91969 6.91288 6.90686 6.90165 6.89727 6.89371 6.89098 6.88911 6.88808 
6.88188 6.88256 6.8841 6.8865 6.88975 6.89385 6.89879 6.90455 6.91114 6.91852 6.92669 6.93562 6.9453 6.95569 6.96676 6.9785 6.99085 7.00378 7.01725 7.03122 7.04563 7.06044 7.07559 7.09102 7.10668 7.1225 7.13842 7.15437 7.17029 7.18611 7.20175 7.21716 7.23227 7.247 7.26128 7.27506 7.28827 7.30085 7.31274 7.32388 7.33422 7.34371 7.3523 7.35996 7.36665 7.37234 7.37699 7.38059 7.38312 7.38456 7.38492 7.38418 7.38236 7.37945 7.37549 7.37048 7.36444 7.35742 7.34945 7.34055 7.33079 7.32019 7.30883 7.29674 7.28399 7.27064 7.25675 7.24239 7.22762 7.21251 7.19713 7.18155 7.16584 7.15006 7.13429 7.11858 7.103 7.08762 7.0725 7.05768 7.04323 7.02921 7.01565 7.0026 6.99011 6.97821 6.96695 6.95635 6.94645 6.93727 6.92883 6.92116 6.91428 6.9082 6.90294 6.8985 6.89491 6.89216 6.89026 6.88922 
6.88283 6.88351 6.88506 6.88748 6.89076 6.89489 6.89987 6.90568 6.91232 6.91977 6.928 6.93701 6.94676 6.95723 6.9684 6.98022 6.99267 7.00571 7.01929 7.03336 7.04789 7.06281 7.07807 7.09363 7.1094 7.12534 7.14138 7.15745 7.17349 7.18943 7.20519 7.22071 7.23593 7.25076 7.26515 7.27903 7.29234 7.305 7.31697 7.32819 7.3386 7.34816 7.35682 7.36453 7.37127 7.37699 7.38168 7.3853 7.38785 7.3893 7.38966 7.38892 7.38708 7.38415 7.38016 7.37511 7.36904 7.36197 7.35393 7.34498 7.33514 7.32447 7.31302 7.30085 7.288 7.27456 7.26057 7.2461 7.23122 7.216 7.20051 7.18481 7.16898 7.15308 7.13719 7.12136 7.10567 7.09017 7.07492 7.05999 7.04543 7.03129 7.01762 7.00447 6.99188 6.97989 6.96854 6.95785 6.94787 6.93861 6.93011 6.92238 6.91544 6.90931 6.904 6.89953 6.8959 6.89313 6.89122 6.89017 
6.88357 6.88426 6.88582 6.88826 6.89155 6.89571 6.90072 6.90657 6.91325 6.92074 6.92903 6.93809 6.9479 6.95844 6.96967 6.98157 6.9941 7.00721 7.02087 7.03503 7.04964 7.06465 7.08001 7.09565 7.11152 7.12755 7.14368 7.15984 7.17597 7.192 7.20785 7.22346 7.23876 7.25368 7.26815 7.2821 7.29548 7.30822 7.32025 7.33153 7.342 7.35161 7.36031 7.36807 7.37484 7.38059 7.3853 7.38894 7.3915 7.39296 7.39332 7.39258 7.39073 7.38779 7.38377 7.3787 7.37259 7.36548 7.3574 7.3484 7.33851 7.32778 7.31627 7.30402 7.29111 7.27759 7.26352 7.24897 7.23401 7.21871 7.20312 7.18734 7.17142 7.15543 7.13944 7.12352 7.10773 7.09214 7.07681 7.06179 7.04714 7.03291 7.01916 7.00593 6.99327 6.9812 6.96978 6.95903 6.94898 6.93967 6.93111 6.92333 6.91634 6.91018 6.90483 6.90034 6.89669 6.8939 6.89197 6.89091 
6.88411 6.8848 6.88637 6.88882 6.89213 6.89631 6.90134 6.90721 6.91392 6.92144 6.92976 6.93887 6.94872 6.9593 6.97058 6.98253 6.99511 7.00828 7.022 7.03621 7.05088 7.06596 7.08137 7.09708 7.11301 7.12911 7.1453 7.16153 7.17772 7.19381 7.20973 7.2254 7.24075 7.25573 7.27025 7.28426 7.29769 7.31047 7.32256 7.33388 7.34438 7.35403 7.36276 7.37055 7.37734 7.38312 7.38785 7.3915 7.39407 7.39554 7.3959 7.39515 7.39329 7.39034 7.38631 7.38121 7.37508 7.36795 7.35984 7.3508 7.34087 7.3301 7.31855 7.30626 7.2933 7.27972 7.2656 7.25099 7.23597 7.22061 7.20497 7.18912 7.17313 7.15708 7.14103 7.12504 7.10919 7.09353 7.07814 7.06306 7.04835 7.03406 7.02026 7.00697 6.99425 6.98213 6.97066 6.95986 6.94977 6.94042 6.93182 6.92401 6.917 6.9108 6.90544 6.90092 6.89725 6.89445 6.89252 6.89145 
6.88444 6.88514 6.88671 6.88916 6.89248 6.89667 6.90171 6.9076 6.91432 6.92187 6.93021 6.93933 6.94921 6.95982 6.97113 6.9831 6.99571 7.00891 7.02266 7.03691 7.05161 7.06672 7.08217 7.09791 7.11388 7.13001 7.14624 7.1625 7.17873 7.19486 7.2108 7.22651 7.2419 7.25691 7.27146 7.2855 7.29896 7.31177 7.32387 7.33522 7.34575 7.35541 7.36417 7.37197 7.37878 7.38456 7.3893 7.39296 7.39554 7.39701 7.39737 7.39662 7.39476 7.3918 7.38776 7.38265 7.37651 7.36936 7.36123 7.35217 7.34222 7.33143 7.31985 7.30754 7.29455 7.28094 7.26679 7.25215 7.2371 7.2217 7.20602 7.19014 7.17412 7.15803 7.14194 7.12592 7.11003 7.09434 7.07891 7.0638 7.04905 7.03474 7.0209 7.00758 6.99483 6.98269 6.97119 6.96036 6.95025 6.94087 6.93226 6.92442 6.91739 6.91118 6.90581 6.90127 6.8976 6.89479 6.89285 6.89179 
