6.90843 6.90862 6.90894 6.90939 6.90998 6.91069 6.91154 6.91252 6.91362 6.91486 6.91622 6.91771 6.91932 6.92105 6.9229 6.92486 6.92694 6.92912 6.9314 6.93377 6.93624 6.93879 6.94141 6.9441 6.94684 6.94963 6.95245 6.9553 6.95817 6.96103 6.96388 6.96671 6.9695 6.97224 6.97491 6.9775 6.98001 6.9824 6.98468 6.98683 6.98884 6.99069 6.99238 6.9939 6.99524 6.99638 6.99733 6.99808 6.99862 6.99896 6.99908 6.99899 6.9987 6.99819 6.99748 6.99658 6.99547 6.99418 6.99272 6.99108 6.98928 6.98734 6.98525 6.98304 6.98072 6.9783 6.97579 6.97321 6.97057 6.96789 6.96517 6.96243 6.95969 6.95696 6.95424 6.95155 6.94891 6.94632 6.94379 6.94134 6.93896 6.93667 6.93448 6.93238 6.9304 6.92852 6.92676 6.92512 6.9236 6.92221 6.92094 6.91981 6.9188 6.91792 6.91718 6.91657 6.91609 6.91575 6.91554 6.91546 
6.90862 6.90881 6.90913 6.90958 6.91017 6.91089 6.91174 6.91272 6.91384 6.91508 6.91645 6.91794 6.91956 6.9213 6.92316 6.92513 6.92722 6.92941 6.9317 6.93409 6.93657 6.93913 6.94177 6.94447 6.94723 6.95004 6.95288 6.95574 6.95862 6.9615 6.96437 6.96722 6.97002 6.97278 6.97546 6.97807 6.98059 6.983 6.98529 6.98745 6.98947 6.99134 6.99304 6.99456 6.99591 6.99706 6.99801 6.99876 6.99931 6.99965 6.99977 6.99968 6.99938 6.99888 6.99816 6.99725 6.99614 6.99484 6.99337 6.99172 6.98991 6.98796 6.98586 6.98364 6.9813 6.97887 6.97634 6.97375 6.97109 6.96839 6.96566 6.9629 6.96014 6.95739 6.95466 6.95196 6.9493 6.9467 6.94415 6.94168 6.93929 6.93699 6.93478 6.93268 6.93068 6.92879 6.92702 6.92537 6.92384 6.92244 6.92117 6.92002 6.91901 6.91813 6.91738 6.91677 6.91629 6.91594 6.91573 6.91565 
6.90894 6.90913 6.90945 6.90991 6.91051 6.91124 6.9121 6.91309 6.91422 6.91548 6.91686 6.91838 6.92002 6.92178 6.92367 6.92567 6.92778 6.93001 6.93233 6.93476 6.93727 6.93987 6.94254 6.94528 6.94808 6.95092 6.9538 6.95671 6.95963 6.96255 6.96546 6.96834 6.97118 6.97398 6.9767 6.97935 6.9819 6.98434 6.98666 6.98885 6.9909 6.99279 6.99451 6.99606 6.99742 6.99858 6.99955 7.00031 7.00087 7.00121 7.00133 7.00124 7.00094 7.00042 6.9997 6.99877 6.99765 6.99633 6.99483 6.99316 6.99133 6.98935 6.98722 6.98497 6.9826 6.98013 6.97757 6.97493 6.97224 6.9695 6.96673 6.96394 6.96114 6.95835 6.95558 6.95284 6.95014 6.9475 6.94492 6.94241 6.93998 6.93765 6.93541 6.93327 6.93124 6.92932 6.92753 6.92585 6.9243 6.92288 6.92158 6.92042 6.91939 6.9185 6.91774 6.91711 6.91662 6.91627 6.91605 6.91597 
6.90939 6.90958 6.90991 6.91038 6.91099 6.91173 6.91261 6.91362 6.91478 6.91606 6.91748 6.91903 6.9207 6.9225 6.92443 6.92648 6.92864 6.93091 6.93329 6.93576 6.93833 6.94099 6.94372 6.94652 6.94938 6.95228 6.95523 6.9582 6.96118 6.96416 6.96714 6.97008 6.97299 6.97584 6.97862 6.98132 6.98393 6.98642 6.98879 6.99103 6.99312 6.99505 6.9968 6.99838 6.99977 7.00096 7.00195 7.00272 7.00329 7.00363 7.00376 7.00366 7.00335 7.00283 7.00209 7.00114 6.99999 6.99864 6.99711 6.99541 6.99353 6.9915 6.98933 6.98703 6.98461 6.98208 6.97947 6.97677 6.97402 6.97122 6.96838 6.96553 6.96267 6.95982 6.95698 6.95418 6.95142 6.94872 6.94608 6.94351 6.94103 6.93864 6.93635 6.93416 6.93208 6.93012 6.92828 6.92656 6.92498 6.92352 6.92219 6.921 6.91995 6.91903 6.91825 6.91761 6.9171 6.91674 6.91651 6.91643 
6.90998 6.91017 6.91051 6.91099 6.91161 6.91237 6.91328 6.91432 6.9155 6.91683 6.91828 6.91988 6.9216 6.92346 6.92544 6.92755 6.92977 6.93211 6.93456 6.93711 6.93976 6.94249 6.9453 6.94819 6.95113 6.95412 6.95715 6.96021 6.96328 6.96635 6.9694 6.97243 6.97542 6.97835 6.98122 6.98399 6.98667 6.98924 6.99168 6.99398 6.99612 6.9981 6.99991 7.00153 7.00296 7.00418 7.00519 7.00599 7.00657 7.00692 7.00705 7.00695 7.00663 7.00608 7.00532 7.00434 7.00316 7.00178 7.0002 6.99844 6.99651 6.99442 6.99219 6.98982 6.98732 6.98472 6.98203 6.97926 6.97643 6.97354 6.97062 6.96768 6.96474 6.9618 6.95888 6.95599 6.95315 6.95036 6.94764 6.94499 6.94243 6.93997 6.9376 6.93535 6.9332 6.93118 6.92928 6.92751 6.92587 6.92436 6.92299 6.92176 6.92067 6.91972 6.91891 6.91825 6.91772 6.91734 6.91711 6.91702 
6.91069 6.91089 6.91124 6.91173 6.91237 6.91316 6.9141 6.91518 6.9164 6.91777 6.91928 6.92093 6.92272 6.92465 6.9267 6.92889 6.93119 6.93362 6.93616 6.9388 6.94154 6.94438 6.94729 6.95028 6.95333 6.95643 6.95957 6.96274 6.96592 6.9691 6.97226 6.9754 6.97849 6.98153 6.98449 6.98736 6.99014 6.99279 6.99531 6.99769 6.99991 7.00196 7.00383 7.0055 7.00697 7.00824 7.00928 7.0101 7.0107 7.01106 7.01119 7.01109 7.01075 7.01019 7.0094 7.00838 7.00716 7.00572 7.00409 7.00227 7.00027 6.9981 6.99579 6.99333 6.99075 6.98805 6.98526 6.98239 6.97945 6.97646 6.97344 6.97039 6.96733 6.96428 6.96126 6.95826 6.95531 6.95242 6.9496 6.94685 6.94419 6.94163 6.93918 6.93683 6.9346 6.9325 6.93053 6.92868 6.92698 6.92541 6.92398 6.9227 6.92156 6.92057 6.91973 6.91903 6.91848 6.91808 6.91784 6.91774 
6.91154 6.91174 6.9121 6.91261 6.91328 6.9141 6.91507 6.91619 6.91747 6.9189 6.92047 6.9222 6.92406 6.92607 6.92821 6.93049 6.9329 6.93543 6.93807 6.94083 6.94369 6.94664 6.94968 6.9528 6.95598 6.95921 6.96248 6.96578 6.96909 6.9724 6.9757 6.97897 6.98219 6.98535 6.98843 6.99142 6.9943 6.99707 6.99969 7.00216 7.00447 7.0066 7.00854 7.01028 7.01181 7.01312 7.01421 7.01506 7.01568 7.01605 7.01618 7.01607 7.01572 7.01513 7.01431 7.01325 7.01197 7.01047 7.00877 7.00687 7.00479 7.00254 7.00012 6.99756 6.99487 6.99206 6.98915 6.98616 6.9831 6.97998 6.97682 6.97365 6.97046 6.96728 6.96412 6.96099 6.95791 6.9549 6.95195 6.94908 6.9463 6.94363 6.94106 6.93861 6.93628 6.93408 6.93201 6.93008 6.9283 6.92665 6.92516 6.92381 6.92262 6.92158 6.92069 6.91996 6.91938 6.91896 6.9187 6.91859 
6.91252 6.91272 6.91309 6.91362 6.91432 6.91518 6.91619 6.91737 6.91871 6.9202 6.92185 6.92366 6.92561 6.92772 6.92997 6.93235 6.93488 6.93753 6.9403 6.94319 6.94619 6.94929 6.95247 6.95573 6.95906 6.96245 6.96587 6.96933 6.9728 6.97626 6.97971 6.98313 6.9865 6.98981 6.99303 6.99616 6.99917 7.00206 7.0048 7.00738 7.0098 7.01202 7.01405 7.01586 7.01746 7.01883 7.01996 7.02085 7.02149 7.02188 7.02201 7.0219 7.02152 7.0209 7.02004 7.01893 7.01759 7.01602 7.01424 7.01225 7.01007 7.00771 7.00518 7.0025 6.99968 6.99674 6.9937 6.99056 6.98735 6.98409 6.98078 6.97745 6.97411 6.97077 6.96746 6.96418 6.96095 6.95778 6.95469 6.95168 6.94876 6.94595 6.94326 6.94068 6.93823 6.93592 6.93374 6.93171 6.92983 6.9281 6.92652 6.92511 6.92385 6.92275 6.92181 6.92104 6.92042 6.91997 6.91969 6.91957 
6.91362 6.91384 6.91422 6.91478 6.9155 6.9164 6.91747 6.91871 6.92012 6.92169 6.92343 6.92532 6.92738 6.9296 6.93196 6.93448 6.93713 6.93993 6.94285 6.94589 6.94904 6.9523 6.95565 6.95909 6.96259 6.96615 6.96975 6.97338 6.97703 6.98067 6.9843 6.98789 6.99143 6.9949 6.99828 7.00157 7.00473 7.00776 7.01064 7.01335 7.01587 7.01821 7.02033 7.02223 7.02391 7.02534 7.02652 7.02745 7.02812 7.02853 7.02867 7.02854 7.02815 7.02749 7.02658 7.02541 7.024 7.02235 7.02048 7.01839 7.0161 7.01361 7.01096 7.00814 7.00518 7.00208 6.99888 6.99558 6.99221 6.98877 6.98529 6.98179 6.97827 6.97476 6.97127 6.96782 6.96441 6.96108 6.95781 6.95464 6.95157 6.9486 6.94576 6.94304 6.94045 6.93801 6.93571 6.93356 6.93157 6.92974 6.92808 6.92657 6.92524 6.92407 6.92308 6.92225 6.9216 6.92112 6.92081 6.92068 
6.91486 6.91508 6.91548 6.91606 6.91683 6.91777 6.9189 6.9202 6.92169 6.92335 6.92518 6.92719 6.92936 6.9317 6.9342 6.93686 6.93967 6.94262 6.9457 6.94891 6.95225 6.95569 6.95922 6.96285 6.96654 6.9703 6.9741 6.97793 6.98178 6.98562 6.98944 6.99322 6.99695 7.00061 7.00418 7.00763 7.01096 7.01415 7.01718 7.02003 7.02269 7.02514 7.02738 7.02938 7.03114 7.03264 7.03388 7.03486 7.03556 7.03598 7.03612 7.03599 7.03557 7.03488 7.03391 7.03268 7.03119 7.02945 7.02748 7.02527 7.02286 7.02024 7.01743 7.01446 7.01134 7.00808 7.0047 7.00122 6.99765 6.99403 6.99035 6.98665 6.98294 6.97923 6.97554 6.9719 6.9683 6.96477 6.96132 6.95796 6.95471 6.95157 6.94856 6.94568 6.94294 6.94035 6.93791 6.93564 6.93353 6.93158 6.92981 6.92822 6.9268 6.92555 6.92449 6.92361 6.92292 6.9224 6.92207 6.92192 
6.91622 6.91645 6.91686 6.91748 6.91828 6.91928 6.92047 6.92185 6.92343 6.92518 6.92713 6.92925 6.93155 6.93403 6.93668 6.93949 6.94247 6.94559 6.94886 6.95226 6.95579 6.95943 6.96318 6.96701 6.97092 6.9749 6.97892 6.98297 6.98703 6.99109 6.99513 6.99913 7.00307 7.00693 7.01069 7.01435 7.01786 7.02123 7.02442 7.02743 7.03023 7.03282 7.03517 7.03728 7.03913 7.04072 7.04202 7.04305 7.04378 7.04423 7.04437 7.04422 7.04378 7.04305 7.04202 7.04072 7.03915 7.03731 7.03522 7.03289 7.03033 7.02756 7.0246 7.02146 7.01815 7.0147 7.01113 7.00745 7.00368 6.99984 6.99596 6.99204 6.98811 6.98418 6.98028 6.97641 6.9726 6.96886 6.9652 6.96164 6.95819 6.95486 6.95166 6.9486 6.94569 6.94294 6.94035 6.93793 6.93568 6.93361 6.93173 6.93003 6.92851 6.92719 6.92606 6.92511 6.92437 6.92381 6.92345 6.92329 
6.91771 6.91794 6.91838 6.91903 6.91988 6.92093 6.9222 6.92366 6.92532 6.92719 6.92925 6.93151 6.93395 6.93658 6.93939 6.94238 6.94553 6.94885 6.95232 6.95593 6.95967 6.96353 6.9675 6.97157 6.97571 6.97992 6.98418 6.98848 6.99278 6.99708 7.00136 7.00559 7.00976 7.01384 7.01783 7.02169 7.0254 7.02896 7.03234 7.03552 7.03848 7.04121 7.0437 7.04592 7.04787 7.04955 7.05092 7.052 7.05278 7.05324 7.05339 7.05323 7.05276 7.05198 7.05089 7.04951 7.04784 7.04589 7.04368 7.04121 7.0385 7.03557 7.03243 7.02911 7.02561 7.02195 7.01817 7.01427 7.01027 7.0062 7.00208 6.99793 6.99376 6.98959 6.98545 6.98135 6.9773 6.97333 6.96945 6.96566 6.962 6.95845 6.95505 6.9518 6.9487 6.94577 6.94301 6.94044 6.93804 6.93584 6.93382 6.93201 6.93039 6.92897 6.92776 6.92675 6.92595 6.92535 6.92497 6.92478 
6.91932 6.91956 6.92002 6.9207 6.9216 6.92272 6.92406 6.92561 6.92738 6.92936 6.93155 6.93395 6.93655 6.93934 6.94233 6.94551 6.94886 6.95238 6.95606 6.9599 6.96387 6.96798 6.97219 6.97651 6.98091 6.98538 6.9899 6.99445 6.99901 7.00357 7.0081 7.01259 7.01701 7.02133 7.02555 7.02964 7.03358 7.03734 7.04091 7.04427 7.04741 7.0503 7.05292 7.05528 7.05734 7.0591 7.06056 7.0617 7.06251 7.063 7.06315 7.06298 7.06247 7.06164 7.06049 7.05903 7.05726 7.05519 7.05284 7.05023 7.04736 7.04425 7.04092 7.03739 7.03368 7.0298 7.02579 7.02165 7.01741 7.0131 7.00872 7.00431 6.99989 6.99546 6.99106 6.9867 6.9824 6.97818 6.97405 6.97002 6.96612 6.96235 6.95873 6.95527 6.95197 6.94884 6.9459 6.94315 6.9406 6.93824 6.93609 6.93415 6.93242 6.93091 6.92961 6.92853 6.92767 6.92702 6.9266 6.9264 
6.92105 6.9213 6.92178 6.9225 6.92346 6.92465 6.92607 6.92772 6.9296 6.9317 6.93403 6.93658 6.93934 6.94232 6.9455 6.94887 6.95244 6.95618 6.9601 6.96417 6.9684 6.97276 6.97724 6.98182 6.9865 6.99124 6.99604 7.00087 7.00571 7.01055 7.01536 7.02011 7.0248 7.02938 7.03385 7.03818 7.04235 7.04634 7.05012 7.05368 7.057 7.06005 7.06283 7.06532 7.0675 7.06937 7.0709 7.0721 7.07296 7.07347 7.07363 7.07344 7.0729 7.07202 7.0708 7.06924 7.06736 7.06517 7.06268 7.05991 7.05686 7.05356 7.05003 7.04629 7.04235 7.03824 7.03398 7.02959 7.02509 7.0205 7.01586 7.01117 7.00647 7.00177 6.99709 6.99246 6.98788 6.98339 6.97899 6.97471 6.97056 6.96654 6.96269 6.95899 6.95548 6.95215 6.94901 6.94607 6.94335 6.94083 6.93853 6.93646 6.93461 6.93299 6.9316 6.93044 6.92951 6.92882 6.92836 6.92814 
6.9229 6.92316 6.92367 6.92443 6.92544 6.9267 6.92821 6.92997 6.93196 6.9342 6.93668 6.93939 6.94233 6.9455 6.94888 6.95247 6.95626 6.96024 6.96441 6.96874 6.97323 6.97787 6.98263 6.9875 6.99246 6.9975 7.00259 7.00772 7.01286 7.018 7.02309 7.02814 7.03311 7.03797 7.04271 7.0473 7.05171 7.05594 7.05994 7.06371 7.06722 7.07045 7.0734 7.07603 7.07833 7.0803 7.08193 7.08319 7.0841 7.08464 7.0848 7.0846 7.08402 7.08308 7.08178 7.08013 7.07814 7.07581 7.07317 7.07022 7.06699 7.0635 7.05975 7.05578 7.0516 7.04723 7.04271 7.03805 7.03327 7.02841 7.02347 7.01849 7.0135 7.0085 7.00353 6.9986 6.99373 6.98895 6.98428 6.97972 6.97529 6.97102 6.96691 6.96297 6.95922 6.95567 6.95233 6.94919 6.94628 6.9436 6.94114 6.93892 6.93694 6.93521 6.93372 6.93247 6.93148 6.93073 6.93024 6.93 
6.92486 6.92513 6.92567 6.92648 6.92755 6.92889 6.93049 6.93235 6.93448 6.93686 6.93949 6.94238 6.94551 6.94887 6.95247 6.95629 6.96032 6.96455 6.96898 6.97359 6.97836 6.98329 6.98834 6.99352 6.99879 7.00414 7.00955 7.01499 7.02045 7.02589 7.0313 7.03665 7.04191 7.04707 7.05209 7.05695 7.06163 7.0661 7.07034 7.07433 7.07805 7.08147 7.08458 7.08736 7.0898 7.09188 7.0936 7.09494 7.09589 7.09645 7.09663 7.0964 7.09579 7.09479 7.09341 7.09166 7.08954 7.08708 7.08427 7.08115 7.07772 7.07401 7.07004 7.06583 7.06139 7.05676 7.05196 7.04702 7.04195 7.03678 7.03154 7.02625 7.02094 7.01564 7.01035 7.00511 6.99994 6.99486 6.98988 6.98503 6.98032 6.97577 6.97139 6.9672 6.9632 6.95942 6.95585 6.95251 6.9494 6.94653 6.94391 6.94154 6.93942 6.93757 6.93597 6.93464 6.93357 6.93277 6.93223 6.93197 
6.92694 6.92722 6.92778 6.92864 6.92977 6.93119 6.9329 6.93488 6.93713 6.93967 6.94247 6.94553 6.94886 6.95244 6.95626 6.96032 6.9646 6.96911 6.97381 6.97871 6.98378 6.98901 6.99438 6.99987 7.00547 7.01114 7.01688 7.02265 7.02844 7.03421 7.03995 7.04562 7.05119 7.05666 7.06197 7.06712 7.07208 7.07681 7.0813 7.08552 7.08945 7.09307 7.09636 7.0993 7.10187 7.10407 7.10588 7.1073 7.1083 7.10889 7.10907 7.10883 7.10818 7.10712 7.10565 7.10379 7.10155 7.09893 7.09596 7.09265 7.08902 7.08509 7.08088 7.07641 7.07171 7.0668 7.06171 7.05646 7.05109 7.0456 7.04004 7.03443 7.0288 7.02316 7.01755 7.01198 7.00648 7.00108 6.99579 6.99063 6.98562 6.98078 6.97612 6.97166 6.9674 6.96337 6.95956 6.956 6.95269 6.94963 6.94683 6.9443 6.94204 6.94006 6.93835 6.93692 6.93578 6.93492 6.93434 6.93405 
6.92912 6.92941 6.93001 6.93091 6.93211 6.93362 6.93543 6.93753 6.93993 6.94262 6.94559 6.94885 6.95238 6.95618 6.96024 6.96455 6.96911 6.97389 6.97888 6.98408 6.98946 6.99501 7.00071 7.00654 7.01247 7.01849 7.02457 7.03069 7.03682 7.04294 7.04901 7.05501 7.06092 7.0667 7.07233 7.07778 7.08302 7.08802 7.09277 7.09723 7.10138 7.10521 7.10868 7.11179 7.11451 7.11683 7.11874 7.12023 7.12129 7.12191 7.12209 7.12184 7.12114 7.12002 7.11846 7.11649 7.11412 7.11135 7.1082 7.1047 7.10085 7.09669 7.09223 7.0875 7.08252 7.07732 7.07192 7.06636 7.06066 7.05485 7.04896 7.04301 7.03703 7.03105 7.02509 7.01918 7.01335 7.00761 7.00199 6.99651 6.99119 6.98604 6.98108 6.97634 6.97181 6.96752 6.96347 6.95967 6.95614 6.95288 6.9499 6.9472 6.94479 6.94267 6.94085 6.93932 6.9381 6.93718 6.93656 6.93624 
6.9314 6.9317 6.93233 6.93329 6.93456 6.93616 6.93807 6.9403 6.94285 6.9457 6.94886 6.95232 6.95606 6.9601 6.96441 6.96898 6.97381 6.97888 6.98418 6.98969 6.9954 7.00128 7.00732 7.01349 7.01978 7.02616 7.0326 7.03908 7.04557 7.05204 7.05846 7.06481 7.07106 7.07717 7.08312 7.08888 7.09442 7.0997 7.10472 7.10943 7.11382 7.11785 7.12152 7.1248 7.12767 7.13012 7.13213 7.1337 7.13481 7.13547 7.13566 7.13538 7.13465 7.13345 7.13181 7.12972 7.12721 7.12428 7.12095 7.11724 7.11317 7.10877 7.10405 7.09905 7.09378 7.08828 7.08257 7.07668 7.07065 7.06449 7.05825 7.05195 7.04561 7.03927 7.03296 7.0267 7.02051 7.01443 7.00846 7.00265 6.997 6.99153 6.98627 6.98122 6.97641 6.97185 6.96754 6.96351 6.95975 6.95628 6.95311 6.95024 6.94767 6.94541 6.94346 6.94184 6.94053 6.93954 6.93887 6.93853 
6.93377 6.93409 6.93476 6.93576 6.93711 6.9388 6.94083 6.94319 6.94589 6.94891 6.95226 6.95593 6.9599 6.96417 6.96874 6.97359 6.97871 6.98408 6.98969 6.99553 7.00157 7.0078 7.01419 7.02073 7.02738 7.03412 7.04094 7.04779 7.05465 7.06148 7.06827 7.07498 7.08158 7.08804 7.09432 7.1004 7.10624 7.11182 7.11711 7.12208 7.12671 7.13096 7.13483 7.13829 7.14131 7.14389 7.14601 7.14766 7.14883 7.14952 7.14971 7.14942 7.14864 7.14737 7.14563 7.14343 7.14077 7.13768 7.13416 7.13025 7.12595 7.1213 7.11631 7.11102 7.10546 7.09964 7.09361 7.08739 7.08101 7.0745 7.0679 7.06123 7.05453 7.04782 7.04114 7.0345 7.02795 7.02151 7.01519 7.00902 7.00303 6.99724 6.99166 6.98631 6.9812 6.97636 6.97179 6.9675 6.96351 6.95982 6.95645 6.95339 6.95066 6.94826 6.94619 6.94445 6.94305 6.942 6.94129 6.94092 
6.93624 6.93657 6.93727 6.93833 6.93976 6.94154 6.94369 6.94619 6.94904 6.95225 6.95579 6.95967 6.96387 6.9684 6.97323 6.97836 6.98378 6.98946 6.9954 7.00157 7.00796 7.01454 7.0213 7.02821 7.03523 7.04236 7.04955 7.05679 7.06403 7.07125 7.07841 7.08549 7.09245 7.09926 7.10588 7.11229 7.11845 7.12433 7.1299 7.13514 7.14001 7.14449 7.14856 7.1522 7.15538 7.1581 7.16033 7.16206 7.16329 7.16401 7.16421 7.1639 7.16307 7.16174 7.1599 7.15757 7.15477 7.15151 7.1478 7.14367 7.13913 7.13423 7.12897 7.12339 7.11751 7.11138 7.10501 7.09844 7.09171 7.08483 7.07786 7.07082 7.06374 7.05665 7.04958 7.04257 7.03565 7.02883 7.02214 7.01562 7.00928 7.00314 6.99723 6.99157 6.98616 6.98102 6.97618 6.97163 6.9674 6.96349 6.95991 6.95666 6.95376 6.95121 6.94901 6.94716 6.94568 6.94455 6.94379 6.94339 
6.93879 6.93913 6.93987 6.94099 6.94249 6.94438 6.94664 6.94929 6.9523 6.95569 6.95943 6.96353 6.96798 6.97276 6.97787 6.98329 6.98901 6.99501 7.00128 7.0078 7.01454 7.02149 7.02862 7.03591 7.04333 7.05084 7.05843 7.06605 7.07369 7.08129 7.08884 7.0963 7.10363 7.1108 7.11777 7.12452 7.131 7.13719 7.14305 7.14856 7.15368 7.15839 7.16267 7.16649 7.16984 7.17269 7.17503 7.17685 7.17814 7.17889 7.1791 7.17877 7.17789 7.17649 7.17455 7.1721 7.16915 7.16571 7.16181 7.15746 7.15268 7.14751 7.14197 7.1361 7.12991 7.12344 7.11673 7.10981 7.10271 7.09547 7.08811 7.08068 7.07322 7.06574 7.05828 7.05088 7.04357 7.03637 7.02931 7.02242 7.01572 7.00923 7.00298 6.99699 6.99127 6.98584 6.98071 6.9759 6.97142 6.96727 6.96348 6.96004 6.95697 6.95426 6.95192 6.94996 6.94838 6.94719 6.94638 6.94595 
6.94141 6.94177 6.94254 6.94372 6.9453 6.94729 6.94968 6.95247 6.95565 6.95922 6.96318 6.9675 6.97219 6.97724 6.98263 6.98834 6.99438 7.00071 7.00732 7.01419 7.0213 7.02862 7.03614 7.04381 7.05162 7.05954 7.06752 7.07555 7.08358 7.09159 7.09953 7.10737 7.11508 7.12261 7.12994 7.13703 7.14384 7.15034 7.1565 7.16228 7.16766 7.17261 7.1771 7.18111 7.18462 7.18762 7.19007 7.19198 7.19333 7.19411 7.19433 7.19397 7.19305 7.19157 7.18954 7.18696 7.18386 7.18024 7.17613 7.17156 7.16654 7.16111 7.15528 7.1491 7.14259 7.13579 7.12873 7.12145 7.11398 7.10635 7.09861 7.09079 7.08293 7.07505 7.0672 7.0594 7.05169 7.0441 7.03666 7.02939 7.02232 7.01548 7.00888 7.00255 6.99651 6.99078 6.98536 6.98028 6.97554 6.97116 6.96715 6.96351 6.96026 6.95739 6.95492 6.95284 6.95117 6.9499 6.94904 6.94858 
6.9441 6.94447 6.94528 6.94652 6.94819 6.95028 6.9528 6.95573 6.95909 6.96285 6.96701 6.97157 6.97651 6.98182 6.9875 6.99352 6.99987 7.00654 7.01349 7.02073 7.02821 7.03591 7.04381 7.05189 7.0601 7.06841 7.07681 7.08524 7.09368 7.10209 7.11043 7.11866 7.12675 7.13466 7.14235 7.14979 7.15693 7.16375 7.17021 7.17627 7.18191 7.1871 7.1918 7.19601 7.19968 7.20282 7.20539 7.20738 7.20879 7.20961 7.20984 7.20946 7.20849 7.20694 7.2048 7.20209 7.19884 7.19504 7.19073 7.18593 7.18067 7.17496 7.16885 7.16236 7.15552 7.14838 7.14097 7.13332 7.12547 7.11746 7.10933 7.10111 7.09284 7.08455 7.07629 7.06809 7.05998 7.05199 7.04416 7.03651 7.02907 7.02186 7.01491 7.00824 7.00188 6.99583 6.99012 6.98476 6.97976 6.97514 6.97091 6.96707 6.96363 6.9606 6.95799 6.95579 6.95402 6.95268 6.95176 6.95128 
6.94684 6.94723 6.94808 6.94938 6.95113 6.95333 6.95598 6.95906 6.96259 6.96654 6.97092 6.97571 6.98091 6.9865 6.99246 6.99879 7.00547 7.01247 7.01978 7.02738 7.03523 7.04333 7.05162 7.0601 7.06871 7.07744 7.08625 7.09509 7.10394 7.11276 7.1215 7.13013 7.13861 7.1469 7.15495 7.16274 7.17022 7.17736 7.18412 7.19047 7.19637 7.20179 7.20672 7.21111 7.21496 7.21823 7.22092 7.22301 7.22448 7.22533 7.22556 7.22517 7.22415 7.22252 7.22028 7.21744 7.21403 7.21006 7.20554 7.20051 7.19499 7.18902 7.18261 7.17581 7.16865 7.16117 7.15339 7.14537 7.13714 7.12874 7.12021 7.11158 7.10291 7.09421 7.08554 7.07693 7.06842 7.06002 7.05179 7.04375 7.03593 7.02835 7.02105 7.01404 7.00734 7.00098 6.99497 6.98932 6.98406 6.9792 6.97474 6.97069 6.96707 6.96387 6.96112 6.9588 6.95693 6.95551 6.95455 6.95403 
6.94963 6.95004 6.95092 6.95228 6.95412 6.95643 6.95921 6.96245 6.96615 6.9703 6.9749 6.97992 6.98538 6.99124 6.9975 7.00414 7.01114 7.01849 7.02616 7.03412 7.04236 7.05084 7.05954 7.06841 7.07744 7.08659 7.09581 7.10507 7.11433 7.12356 7.13271 7.14174 7.1506 7.15927 7.1677 7.17584 7.18366 7.19112 7.19818 7.20481 7.21098 7.21664 7.22179 7.22638 7.23039 7.23381 7.23661 7.23879 7.24032 7.24121 7.24145 7.24103 7.23997 7.23826 7.23592 7.23295 7.22938 7.22523 7.2205 7.21525 7.20948 7.20322 7.19653 7.18941 7.18192 7.17409 7.16596 7.15756 7.14895 7.14015 7.13122 7.12219 7.1131 7.10399 7.09491 7.08588 7.07696 7.06816 7.05953 7.05109 7.04289 7.03494 7.02727 7.01991 7.01288 7.0062 6.99988 6.99396 6.98843 6.98331 6.97862 6.97437 6.97056 6.9672 6.9643 6.96186 6.9599 6.9584 6.95738 6.95683 
6.95245 6.95288 6.9538 6.95523 6.95715 6.95957 6.96248 6.96587 6.96975 6.9741 6.97892 6.98418 6.9899 6.99604 7.00259 7.00955 7.01688 7.02457 7.0326 7.04094 7.04955 7.05843 7.06752 7.07681 7.08625 7.09581 7.10545 7.11512 7.1248 7.13444 7.144 7.15343 7.16269 7.17173 7.18053 7.18902 7.19718 7.20497 7.21233 7.21925 7.22568 7.23159 7.23695 7.24173 7.24592 7.24948 7.2524 7.25467 7.25626 7.25719 7.25743 7.25699 7.25588 7.2541 7.25165 7.24855 7.24483 7.24049 7.23556 7.23007 7.22405 7.21752 7.21053 7.2031 7.19528 7.1871 7.17861 7.16984 7.16084 7.15165 7.14231 7.13287 7.12337 7.11385 7.10435 7.09491 7.08557 7.07636 7.06733 7.0585 7.04991 7.04159 7.03355 7.02584 7.01848 7.01147 7.00485 6.99864 6.99284 6.98748 6.98256 6.97809 6.97409 6.97057 6.96752 6.96496 6.96289 6.96132 6.96024 6.95966 
6.9553 6.95574 6.95671 6.9582 6.96021 6.96274 6.96578 6.96933 6.97338 6.97793 6.98297 6.98848 6.99445 7.00087 7.00772 7.01499 7.02265 7.03069 7.03908 7.04779 7.05679 7.06605 7.07555 7.08524 7.09509 7.10507 7.11512 7.12522 7.13532 7.14537 7.15533 7.16516 7.17481 7.18424 7.1934 7.20225 7.21075 7.21885 7.22652 7.23372 7.24041 7.24656 7.25214 7.25712 7.26147 7.26518 7.26822 7.27057 7.27223 7.27319 7.27344 7.27298 7.27182 7.26996 7.26741 7.26418 7.2603 7.25578 7.25065 7.24493 7.23866 7.23186 7.22457 7.21683 7.20868 7.20015 7.1913 7.18216 7.17277 7.16319 7.15345 7.1436 7.13369 7.12375 7.11383 7.10398 7.09422 7.08461 7.07517 7.06595 7.05697 7.04827 7.03987 7.03181 7.0241 7.01678 7.00986 7.00335 6.99728 6.99167 6.98652 6.98184 6.97765 6.97396 6.97077 6.96808 6.96591 6.96426 6.96313 6.96252 
6.95817 6.95862 6.95963 6.96118 6.96328 6.96592 6.96909 6.9728 6.97703 6.98178 6.98703 6.99278 6.99901 7.00571 7.01286 7.02045 7.02844 7.03682 7.04557 7.05465 7.06403 7.07369 7.08358 7.09368 7.10394 7.11433 7.1248 7.13532 7.14583 7.15629 7.16665 7.17688 7.18692 7.19672 7.20625 7.21545 7.22429 7.23271 7.24069 7.24817 7.25512 7.26151 7.26731 7.27248 7.277 7.28084 7.28399 7.28644 7.28816 7.28915 7.28941 7.28893 7.28772 7.28579 7.28314 7.27978 7.27574 7.27105 7.26571 7.25976 7.25324 7.24617 7.23859 7.23054 7.22206 7.21319 7.20397 7.19446 7.18469 7.17471 7.16458 7.15432 7.14399 7.13364 7.12331 7.11304 7.10288 7.09286 7.08302 7.0734 7.06404 7.05496 7.0462 7.03779 7.02974 7.0221 7.01487 7.00807 7.00174 6.99587 6.99049 6.9856 6.98122 6.97736 6.97403 6.97122 6.96895 6.96722 6.96603 6.9654 
6.96103 6.9615 6.96255 6.96416 6.96635 6.9691 6.9724 6.97626 6.98067 6.98562 6.99109 6.99708 7.00357 7.01055 7.018 7.02589 7.03421 7.04294 7.05204 7.06148 7.07125 7.08129 7.09159 7.10209 7.11276 7.12356 7.13444 7.14537 7.15629 7.16715 7.17792 7.18854 7.19896 7.20914 7.21903 7.22858 7.23775 7.24649 7.25476 7.26252 7.26974 7.27636 7.28237 7.28773 7.29242 7.2964 7.29967 7.3022 7.30399 7.30501 7.30528 7.30478 7.30352 7.30151 7.29876 7.29528 7.29109 7.28621 7.28067 7.2745 7.26773 7.26039 7.25252 7.24416 7.23536 7.22615 7.21658 7.2067 7.19655 7.18618 7.17565 7.16499 7.15426 7.14349 7.13275 7.12207 7.1115 7.10107 7.09084 7.08083 7.07108 7.06163 7.05251 7.04374 7.03537 7.0274 7.01987 7.01279 7.00618 7.00007 6.99446 6.98936 6.98479 6.98076 6.97728 6.97435 6.97198 6.97018 6.96894 6.96827 
6.96388 6.96437 6.96546 6.96714 6.9694 6.97226 6.9757 6.97971 6.9843 6.98944 6.99513 7.00136 7.0081 7.01536 7.02309 7.0313 7.03995 7.04901 7.05846 7.06827 7.07841 7.08884 7.09953 7.11043 7.1215 7.13271 7.144 7.15533 7.16665 7.17792 7.18908 7.20009 7.21089 7.22144 7.23169 7.24158 7.25108 7.26013 7.2687 7.27673 7.2842 7.29106 7.29727 7.30282 7.30767 7.31179 7.31518 7.31779 7.31964 7.3207 7.32097 7.32045 7.31915 7.31706 7.31421 7.31061 7.30626 7.30121 7.29548 7.28908 7.28207 7.27446 7.26631 7.25765 7.24852 7.23898 7.22906 7.21881 7.20829 7.19754 7.18662 7.17556 7.16442 7.15326 7.14211 7.13102 7.12005 7.10922 7.09859 7.08819 7.07807 7.06825 7.05877 7.04966 7.04095 7.03267 7.02484 7.01747 7.0106 7.00424 6.9984 6.9931 6.98834 6.98415 6.98052 6.97747 6.975 6.97312 6.97183 6.97113 
6.96671 6.96722 6.96834 6.97008 6.97243 6.9754 6.97897 6.98313 6.98789 6.99322 6.99913 7.00559 7.01259 7.02011 7.02814 7.03665 7.04562 7.05501 7.06481 7.07498 7.08549 7.0963 7.10737 7.11866 7.13013 7.14174 7.15343 7.16516 7.17688 7.18854 7.20009 7.21148 7.22265 7.23356 7.24416 7.25439 7.26421 7.27357 7.28242 7.29072 7.29844 7.30553 7.31195 7.31768 7.32269 7.32695 7.33044 7.33314 7.33505 7.33614 7.33642 7.33588 7.33453 7.33238 7.32943 7.3257 7.32121 7.31599 7.31005 7.30344 7.29619 7.28833 7.27989 7.27094 7.2615 7.25162 7.24136 7.23076 7.21987 7.20874 7.19743 7.18599 7.17446 7.16289 7.15134 7.13986 7.12848 7.11727 7.10625 7.09547 7.08497 7.07479 7.06496 7.05551 7.04648 7.03788 7.02975 7.02211 7.01498 7.00837 7.0023 6.9968 6.99186 6.9875 6.98373 6.98056 6.978 6.97604 6.97469 6.97396 
6.9695 6.97002 6.97118 6.97299 6.97542 6.97849 6.98219 6.9865 6.99143 6.99695 7.00307 7.00976 7.01701 7.0248 7.03311 7.04191 7.05119 7.06092 7.07106 7.08158 7.09245 7.10363 7.11508 7.12675 7.13861 7.1506 7.16269 7.17481 7.18692 7.19896 7.21089 7.22265 7.23419 7.24546 7.25639 7.26695 7.27709 7.28674 7.29588 7.30444 7.3124 7.31971 7.32634 7.33225 7.33741 7.3418 7.3454 7.34819 7.35015 7.35127 7.35156 7.351 7.34961 7.34738 7.34434 7.34049 7.33586 7.33047 7.32435 7.31752 7.31003 7.30192 7.29321 7.28397 7.27422 7.26403 7.25343 7.24248 7.23123 7.21974 7.20805 7.19622 7.1843 7.17235 7.16041 7.14854 7.13677 7.12517 7.11377 7.10262 7.09176 7.08122 7.07104 7.06126 7.05191 7.04301 7.03459 7.02667 7.01928 7.01243 7.00615 7.00044 6.99532 6.99081 6.9869 6.98361 6.98095 6.97892 6.97752 6.97676 
6.97224 6.97278 6.97398 6.97584 6.97835 6.98153 6.98535 6.98981 6.9949 7.00061 7.00693 7.01384 7.02133 7.02938 7.03797 7.04707 7.05666 7.0667 7.07717 7.08804 7.09926 7.1108 7.12261 7.13466 7.1469 7.15927 7.17173 7.18424 7.19672 7.20914 7.22144 7.23356 7.24546 7.25706 7.26833 7.27921 7.28965 7.2996 7.309 7.31782 7.32602 7.33355 7.34037 7.34645 7.35176 7.35628 7.35999 7.36285 7.36487 7.36603 7.36632 7.36574 7.36431 7.36201 7.35888 7.35491 7.35014 7.34459 7.33828 7.33125 7.32354 7.31518 7.30621 7.29668 7.28664 7.27613 7.2652 7.25392 7.24232 7.23047 7.21842 7.20622 7.19392 7.18159 7.16927 7.15702 7.14488 7.1329 7.12113 7.10961 7.09839 7.08751 7.077 7.06689 7.05722 7.04803 7.03932 7.03114 7.0235 7.01642 7.00992 7.00402 6.99872 6.99405 6.99 6.9866 6.98384 6.98174 6.98029 6.97951 
6.97491 6.97546 6.9767 6.97862 6.98122 6.98449 6.98843 6.99303 6.99828 7.00418 7.01069 7.01783 7.02555 7.03385 7.04271 7.05209 7.06197 7.07233 7.08312 7.09432 7.10588 7.11777 7.12994 7.14235 7.15495 7.1677 7.18053 7.1934 7.20625 7.21903 7.23169 7.24416 7.25639 7.26833 7.27992 7.29111 7.30184 7.31207 7.32174 7.33081 7.33923 7.34697 7.35398 7.36023 7.36569 7.37033 7.37413 7.37708 7.37915 7.38033 7.38063 7.38004 7.37856 7.3762 7.37298 7.3689 7.364 7.35829 7.3518 7.34458 7.33664 7.32804 7.31882 7.30902 7.29869 7.28788 7.27664 7.26502 7.25309 7.24089 7.22848 7.21592 7.20327 7.19057 7.17788 7.16526 7.15275 7.14041 7.12828 7.11642 7.10485 7.09363 7.08279 7.07237 7.0624 7.05291 7.04393 7.03549 7.02761 7.0203 7.01359 7.0075 7.00203 6.99721 6.99303 6.98952 6.98667 6.9845 6.983 6.98219 
6.9775 6.97807 6.97935 6.98132 6.98399 6.98736 6.99142 6.99616 7.00157 7.00763 7.01435 7.02169 7.02964 7.03818 7.0473 7.05695 7.06712 7.07778 7.08888 7.1004 7.11229 7.12452 7.13703 7.14979 7.16274 7.17584 7.18902 7.20225 7.21545 7.22858 7.24158 7.25439 7.26695 7.27921 7.29111 7.3026 7.31361 7.32411 7.33403 7.34334 7.35198 7.35991 7.3671 7.37351 7.37911 7.38388 7.38778 7.39079 7.39292 7.39413 7.39444 7.39383 7.39231 7.38989 7.38658 7.38239 7.37736 7.3715 7.36484 7.35743 7.34928 7.34046 7.33099 7.32093 7.31032 7.29922 7.28767 7.27575 7.26349 7.25096 7.23821 7.2253 7.2123 7.19924 7.1862 7.17322 7.16036 7.14767 7.1352 7.12299 7.1111 7.09955 7.0884 7.07767 7.06741 7.05764 7.0484 7.03971 7.03159 7.02406 7.01715 7.01088 7.00524 7.00027 6.99597 6.99235 6.98941 6.98717 6.98563 6.98479 
6.98001 6.98059 6.9819 6.98393 6.98667 6.99014 6.9943 6.99917 7.00473 7.01096 7.01786 7.0254 7.03358 7.04235 7.05171 7.06163 7.07208 7.08302 7.09442 7.10624 7.11845 7.131 7.14384 7.15693 7.17022 7.18366 7.19718 7.21075 7.22429 7.23775 7.25108 7.26421 7.27709 7.28965 7.30184 7.31361 7.3249 7.33565 7.34581 7.35535 7.3642 7.37232 7.37969 7.38625 7.39199 7.39686 7.40085 7.40394 7.40611 7.40736 7.40767 7.40704 7.40548 7.403 7.39961 7.39533 7.39017 7.38417 7.37735 7.36975 7.36141 7.35236 7.34266 7.33235 7.32147 7.31009 7.29826 7.28603 7.27347 7.26062 7.24754 7.23431 7.22096 7.20757 7.19419 7.18087 7.16768 7.15465 7.14185 7.12932 7.1171 7.10524 7.09379 7.08277 7.07223 7.0622 7.0527 7.04376 7.03542 7.02768 7.02058 7.01413 7.00834 7.00323 6.9988 6.99508 6.99206 6.98975 6.98816 6.9873 
6.9824 6.983 6.98434 6.98642 6.98924 6.99279 6.99707 7.00206 7.00776 7.01415 7.02123 7.02896 7.03734 7.04634 7.05594 7.0661 7.07681 7.08802 7.0997 7.11182 7.12433 7.13719 7.15034 7.16375 7.17736 7.19112 7.20497 7.21885 7.23271 7.24649 7.26013 7.27357 7.28674 7.2996 7.31207 7.32411 7.33565 7.34664 7.35704 7.36678 7.37583 7.38414 7.39167 7.39838 7.40424 7.40922 7.4133 7.41646 7.41868 7.41995 7.42026 7.41962 7.41803 7.41549 7.41202 7.40764 7.40237 7.39623 7.38925 7.38148 7.37295 7.3637 7.35377 7.34322 7.3321 7.32046 7.30835 7.29584 7.28297 7.26982 7.25644 7.24289 7.22923 7.21552 7.20181 7.18817 7.17465 7.16131 7.14819 7.13535 7.12283 7.11068 7.09894 7.08764 7.07683 7.06654 7.0568 7.04764 7.03908 7.03115 7.02386 7.01724 7.0113 7.00605 7.00151 6.99769 6.99459 6.99222 6.99059 6.9897 
6.98468 6.98529 6.98666 6.98879 6.99168 6.99531 6.99969 7.0048 7.01064 7.01718 7.02442 7.03234 7.04091 7.05012 7.05994 7.07034 7.0813 7.09277 7.10472 7.11711 7.1299 7.14305 7.1565 7.17021 7.18412 7.19818 7.21233 7.22652 7.24069 7.25476 7.2687 7.28242 7.29588 7.309 7.32174 7.33403 7.34581 7.35704 7.36765 7.3776 7.38683 7.39531 7.40299 7.40984 7.41582 7.4209 7.42506 7.42829 7.43055 7.43184 7.43216 7.43151 7.42988 7.42729 7.42375 7.41928 7.41389 7.40762 7.40051 7.39257 7.38386 7.37441 7.36428 7.35351 7.34215 7.33026 7.31789 7.30511 7.29197 7.27853 7.26486 7.25101 7.23705 7.22303 7.20903 7.19508 7.18126 7.16762 7.1542 7.14107 7.12826 7.11583 7.10382 7.09226 7.0812 7.07067 7.0607 7.05132 7.04256 7.03444 7.02698 7.0202 7.01411 7.00874 7.00409 7.00017 6.997 6.99457 6.9929 6.99199 
6.98683 6.98745 6.98885 6.99103 6.99398 6.99769 7.00216 7.00738 7.01335 7.02003 7.02743 7.03552 7.04427 7.05368 7.06371 7.07433 7.08552 7.09723 7.10943 7.12208 7.13514 7.14856 7.16228 7.17627 7.19047 7.20481 7.21925 7.23372 7.24817 7.26252 7.27673 7.29072 7.30444 7.31782 7.33081 7.34334 7.35535 7.36678 7.3776 7.38773 7.39714 7.40578 7.4136 7.42058 7.42667 7.43185 7.43609 7.43937 7.44167 7.44299 7.44332 7.44265 7.44099 7.43835 7.43474 7.43018 7.42469 7.41831 7.41105 7.40297 7.39409 7.38446 7.37413 7.36315 7.35157 7.33945 7.32684 7.31381 7.30041 7.2867 7.27276 7.25863 7.24439 7.23009 7.2158 7.20157 7.18746 7.17354 7.15984 7.14644 7.13336 7.12067 7.1084 7.0966 7.08531 7.07455 7.06436 7.05478 7.04583 7.03753 7.02991 7.02298 7.01676 7.01127 7.00651 7.00251 6.99926 6.99678 6.99508 6.99414 
6.98884 6.98947 6.9909 6.99312 6.99612 6.99991 7.00447 7.0098 7.01587 7.02269 7.03023 7.03848 7.04741 7.057 7.06722 7.07805 7.08945 7.10138 7.11382 7.12671 7.14001 7.15368 7.16766 7.18191 7.19637 7.21098 7.22568 7.24041 7.25512 7.26974 7.2842 7.29844 7.3124 7.32602 7.33923 7.35198 7.3642 7.37583 7.38683 7.39714 7.40671 7.4155 7.42346 7.43055 7.43674 7.44201 7.44632 7.44965 7.452 7.45334 7.45366 7.45298 7.4513 7.44861 7.44494 7.4403 7.43472 7.42822 7.42084 7.41262 7.40358 7.39379 7.38328 7.3721 7.36032 7.34798 7.33515 7.32188 7.30824 7.29429 7.28009 7.26571 7.25121 7.23665 7.22209 7.2076 7.19323 7.17904 7.16509 7.15143 7.13811 7.12517 7.11267 7.10064 7.08913 7.07816 7.06778 7.05801 7.04888 7.04042 7.03264 7.02557 7.01923 7.01363 7.00878 7.00469 7.00138 6.99885 6.99711 6.99615 
6.99069 6.99134 6.99279 6.99505 6.9981 7.00196 7.0066 7.01202 7.01821 7.02514 7.03282 7.04121 7.0503 7.06005 7.07045 7.08147 7.09307 7.10521 7.11785 7.13096 7.14449 7.15839 7.17261 7.1871 7.20179 7.21664 7.23159 7.24656 7.26151 7.27636 7.29106 7.30553 7.31971 7.33355 7.34697 7.35991 7.37232 7.38414 7.39531 7.40578 7.4155 7.42442 7.4325 7.4397 7.44599 7.45133 7.45571 7.45909 7.46147 7.46283 7.46316 7.46247 7.46076 7.45803 7.4543 7.44959 7.44392 7.43732 7.42983 7.42147 7.4123 7.40235 7.39167 7.38032 7.36835 7.35582 7.34278 7.3293 7.31544 7.30127 7.28684 7.27222 7.25748 7.24268 7.22788 7.21314 7.19854 7.18411 7.16992 7.15603 7.14248 7.12932 7.1166 7.10436 7.09265 7.08149 7.07092 7.06098 7.05169 7.04308 7.03516 7.02797 7.02151 7.01581 7.01087 7.00671 7.00334 7.00076 6.99898 6.99801 
6.99238 6.99304 6.99451 6.9968 6.99991 7.00383 7.00854 7.01405 7.02033 7.02738 7.03517 7.0437 7.05292 7.06283 7.0734 7.08458 7.09636 7.10868 7.12152 7.13483 7.14856 7.16267 7.1771 7.1918 7.20672 7.22179 7.23695 7.25214 7.26731 7.28237 7.29727 7.31195 7.32634 7.34037 7.35398 7.3671 7.37969 7.39167 7.40299 7.4136 7.42346 7.4325 7.44069 7.44799 7.45436 7.45978 7.46421 7.46764 7.47005 7.47143 7.47177 7.47106 7.46932 7.46656 7.46278 7.458 7.45226 7.44557 7.43797 7.4295 7.42019 7.41011 7.39928 7.38777 7.37563 7.36292 7.3497 7.33603 7.32197 7.30759 7.29295 7.27812 7.26316 7.24814 7.23313 7.21817 7.20335 7.18871 7.1743 7.1602 7.14644 7.13308 7.12017 7.10774 7.09584 7.08451 7.07378 7.06368 7.05424 7.04549 7.03745 7.03014 7.02358 7.01779 7.01277 7.00855 7.00512 7.0025 7.00069 6.99971 
6.9939 6.99456 6.99606 6.99838 7.00153 7.0055 7.01028 7.01586 7.02223 7.02938 7.03728 7.04592 7.05528 7.06532 7.07603 7.08736 7.0993 7.11179 7.1248 7.13829 7.1522 7.16649 7.18111 7.19601 7.21111 7.22638 7.24173 7.25712 7.27248 7.28773 7.30282 7.31768 7.33225 7.34645 7.36023 7.37351 7.38625 7.39838 7.40984 7.42058 7.43055 7.4397 7.44799 7.45538 7.46182 7.46731 7.47179 7.47526 7.4777 7.47909 7.47943 7.47872 7.47696 7.47416 7.47033 7.4655 7.45968 7.45291 7.44522 7.43665 7.42723 7.41702 7.40606 7.39441 7.38212 7.36925 7.35587 7.34202 7.32779 7.31323 7.2984 7.28338 7.26823 7.25302 7.23781 7.22266 7.20764 7.19281 7.17822 7.16392 7.14998 7.13645 7.12336 7.11076 7.0987 7.08722 7.07634 7.0661 7.05653 7.04766 7.03951 7.0321 7.02544 7.01957 7.01448 7.01019 7.00672 7.00406 7.00223 7.00123 
6.99524 6.99591 6.99742 6.99977 7.00296 7.00697 7.01181 7.01746 7.02391 7.03114 7.03913 7.04787 7.05734 7.0675 7.07833 7.0898 7.10187 7.11451 7.12767 7.14131 7.15538 7.16984 7.18462 7.19968 7.21496 7.23039 7.24592 7.26147 7.277 7.29242 7.30767 7.32269 7.33741 7.35176 7.36569 7.37911 7.39199 7.40424 7.41582 7.42667 7.43674 7.44599 7.45436 7.46182 7.46834 7.47388 7.47841 7.48191 7.48437 7.48578 7.48612 7.4854 7.48363 7.4808 7.47693 7.47205 7.46617 7.45933 7.45156 7.44289 7.43338 7.42306 7.41199 7.40021 7.38779 7.37479 7.36126 7.34726 7.33287 7.31815 7.30317 7.28798 7.27267 7.25729 7.24191 7.22659 7.2114 7.1964 7.18164 7.16719 7.15309 7.13939 7.12615 7.11341 7.10121 7.08959 7.07858 7.06822 7.05854 7.04956 7.04131 7.03381 7.02708 7.02113 7.01598 7.01164 7.00812 7.00543 7.00358 7.00256 
6.99638 6.99706 6.99858 7.00096 7.00418 7.00824 7.01312 7.01883 7.02534 7.03264 7.04072 7.04955 7.0591 7.06937 7.0803 7.09188 7.10407 7.11683 7.13012 7.14389 7.1581 7.17269 7.18762 7.20282 7.21823 7.23381 7.24948 7.26518 7.28084 7.2964 7.31179 7.32695 7.3418 7.35628 7.37033 7.38388 7.39686 7.40922 7.4209 7.43185 7.44201 7.45133 7.45978 7.46731 7.47388 7.47946 7.48403 7.48756 7.49005 7.49146 7.49181 7.49108 7.48929 7.48643 7.48253 7.47761 7.47168 7.46478 7.45694 7.4482 7.4386 7.42819 7.41702 7.40514 7.39261 7.37949 7.36584 7.35172 7.3372 7.32234 7.30722 7.2919 7.27644 7.26092 7.24539 7.22993 7.2146 7.19946 7.18456 7.16996 7.15573 7.1419 7.12853 7.11567 7.10335 7.09161 7.0805 7.07003 7.06025 7.05119 7.04285 7.03528 7.02848 7.02247 7.01727 7.01288 7.00933 7.00661 7.00474 7.00371 
6.99733 6.99801 6.99955 7.00195 7.00519 7.00928 7.01421 7.01996 7.02652 7.03388 7.04202 7.05092 7.06056 7.0709 7.08193 7.0936 7.10588 7.11874 7.13213 7.14601 7.16033 7.17503 7.19007 7.20539 7.22092 7.23661 7.2524 7.26822 7.28399 7.29967 7.31518 7.33044 7.3454 7.35999 7.37413 7.38778 7.40085 7.4133 7.42506 7.43609 7.44632 7.45571 7.46421 7.47179 7.47841 7.48403 7.48863 7.49219 7.49469 7.49612 7.49646 7.49573 7.49392 7.49105 7.48712 7.48216 7.47619 7.46924 7.46135 7.45254 7.44288 7.43239 7.42114 7.40918 7.39656 7.38334 7.36959 7.35537 7.34074 7.32578 7.31054 7.2951 7.27953 7.26389 7.24825 7.23267 7.21722 7.20196 7.18695 7.17225 7.1579 7.14397 7.13049 7.11752 7.10511 7.09328 7.08207 7.07153 7.06167 7.05253 7.04413 7.03649 7.02963 7.02358 7.01833 7.01391 7.01033 7.00759 7.0057 7.00466 
6.99808 6.99876 7.00031 7.00272 7.00599 7.0101 7.01506 7.02085 7.02745 7.03486 7.04305 7.052 7.0617 7.0721 7.08319 7.09494 7.1073 7.12023 7.1337 7.14766 7.16206 7.17685 7.19198 7.20738 7.22301 7.23879 7.25467 7.27057 7.28644 7.3022 7.31779 7.33314 7.34819 7.36285 7.37708 7.39079 7.40394 7.41646 7.42829 7.43937 7.44965 7.45909 7.46764 7.47526 7.48191 7.48756 7.49219 7.49577 7.49828 7.49971 7.50006 7.49933 7.49751 7.49462 7.49067 7.48568 7.47968 7.47269 7.46475 7.4559 7.44618 7.43564 7.42433 7.4123 7.39961 7.38632 7.37249 7.35819 7.34348 7.32843 7.31311 7.29759 7.28193 7.2662 7.25047 7.2348 7.21926 7.20391 7.18881 7.17402 7.15959 7.14557 7.13202 7.11897 7.10648 7.09458 7.0833 7.07269 7.06277 7.05358 7.04512 7.03744 7.03054 7.02444 7.01917 7.01472 7.01111 7.00836 7.00646 7.00541 
6.99862 6.99931 7.00087 7.00329 7.00657 7.0107 7.01568 7.02149 7.02812 7.03556 7.04378 7.05278 7.06251 7.07296 7.0841 7.09589 7.1083 7.12129 7.13481 7.14883 7.16329 7.17814 7.19333 7.20879 7.22448 7.24032 7.25626 7.27223 7.28816 7.30399 7.31964 7.33505 7.35015 7.36487 7.37915 7.39292 7.40611 7.41868 7.43055 7.44167 7.452 7.46147 7.47005 7.4777 7.48437 7.49005 7.49469 7.49828 7.5008 7.50224 7.50259 7.50185 7.50002 7.49712 7.49316 7.48815 7.48213 7.47511 7.46715 7.45826 7.44851 7.43792 7.42657 7.41449 7.40175 7.38841 7.37453 7.36018 7.34541 7.3303 7.31492 7.29934 7.28362 7.26782 7.25203 7.2363 7.2207 7.20529 7.19013 7.17527 7.16078 7.14671 7.1331 7.12 7.10745 7.0955 7.08418 7.07353 7.06357 7.05433 7.04584 7.03812 7.03119 7.02507 7.01977 7.0153 7.01168 7.00891 7.007 7.00596 
6.99896 6.99965 7.00121 7.00363 7.00692 7.01106 7.01605 7.02188 7.02853 7.03598 7.04423 7.05324 7.063 7.07347 7.08464 7.09645 7.10889 7.12191 7.13547 7.14952 7.16401 7.17889 7.19411 7.20961 7.22533 7.24121 7.25719 7.27319 7.28915 7.30501 7.3207 7.33614 7.35127 7.36603 7.38033 7.39413 7.40736 7.41995 7.43184 7.44299 7.45334 7.46283 7.47143 7.47909 7.48578 7.49146 7.49612 7.49971 7.50224 7.50368 7.50403 7.50329 7.50146 7.49855 7.49458 7.48956 7.48353 7.4765 7.46851 7.45961 7.44983 7.43923 7.42785 7.41575 7.40298 7.38961 7.3757 7.36131 7.34652 7.33138 7.31596 7.30034 7.28459 7.26876 7.25293 7.23717 7.22153 7.20609 7.19089 7.176 7.16148 7.14737 7.13373 7.1206 7.10803 7.09605 7.0847 7.07402 7.06404 7.05478 7.04627 7.03853 7.03159 7.02545 7.02014 7.01566 7.01203 7.00926 7.00734 7.00629 
