1.15539 1.15576 1.15612 1.15647 1.15679 1.15709 1.15736 1.1576 1.15782 1.158 1.15815 1.15828 1.15839 1.15848 1.15855 1.1586 1.15864 1.15867 1.1587 1.15872 1.15873 1.15874 1.15875 1.15876 1.15877 1.15877 1.15878 1.15879 1.1588 1.15881 1.15883 1.15884 1.15886 1.15888 1.15891 1.15893 1.15896 1.15899 1.15903 1.15906 1.15909 1.15913 1.15916 1.1592 1.15923 1.15926 1.15928 1.1593 1.15932 1.15933 1.15934 1.15934 1.15934 1.15933 1.15931 1.1593 1.15927 1.15925 1.15922 1.15919 1.15916 1.15912 1.15909 1.15906 1.15902 1.15899 1.15896 1.15893 1.15891 1.15889 1.15887 1.15885 1.15883 1.15882 1.15881 1.1588 1.15879 1.15879 1.15879 1.15879 1.15879 1.1588 1.15882 1.15884 1.15888 1.15892 1.15898 1.15906 1.15916 1.15929 1.15944 1.15962 1.15983 1.16008 1.16035 1.16065 1.16098 1.16132 1.16169 1.16206 
1.15576 1.15613 1.15649 1.15684 1.15716 1.15746 1.15773 1.15798 1.15819 1.15837 1.15853 1.15866 1.15876 1.15885 1.15892 1.15897 1.15901 1.15904 1.15907 1.15909 1.1591 1.15911 1.15912 1.15913 1.15913 1.15914 1.15915 1.15916 1.15917 1.15918 1.15919 1.1592 1.15922 1.15924 1.15927 1.15929 1.15932 1.15935 1.15938 1.15941 1.15945 1.15948 1.15952 1.15955 1.15958 1.15961 1.15963 1.15965 1.15967 1.15968 1.15969 1.15969 1.15969 1.15968 1.15967 1.15965 1.15963 1.1596 1.15957 1.15954 1.15951 1.15948 1.15944 1.15941 1.15938 1.15935 1.15932 1.15929 1.15927 1.15925 1.15923 1.15921 1.1592 1.15918 1.15917 1.15916 1.15916 1.15916 1.15915 1.15916 1.15916 1.15917 1.15919 1.15921 1.15925 1.15929 1.15936 1.15944 1.15954 1.15966 1.15981 1.15999 1.1602 1.16045 1.16072 1.16102 1.16135 1.16169 1.16206 1.16243 
1.15612 1.15649 1.15686 1.1572 1.15753 1.15782 1.1581 1.15834 1.15855 1.15873 1.15889 1.15902 1.15912 1.15921 1.15928 1.15933 1.15937 1.15941 1.15943 1.15945 1.15946 1.15947 1.15948 1.15949 1.1595 1.1595 1.15951 1.15952 1.15953 1.15954 1.15956 1.15958 1.1596 1.15962 1.15965 1.15968 1.15971 1.15975 1.15979 1.15983 1.15987 1.15991 1.15995 1.15999 1.16002 1.16006 1.16009 1.16011 1.16013 1.16015 1.16015 1.16016 1.16015 1.16014 1.16013 1.1601 1.16008 1.16005 1.16001 1.15998 1.15994 1.1599 1.15986 1.15982 1.15978 1.15974 1.15971 1.15968 1.15965 1.15962 1.1596 1.15958 1.15956 1.15955 1.15954 1.15953 1.15952 1.15952 1.15952 1.15952 1.15952 1.15953 1.15955 1.15958 1.15961 1.15966 1.15972 1.1598 1.1599 1.16002 1.16017 1.16035 1.16057 1.16081 1.16108 1.16138 1.16171 1.16205 1.16242 1.16279 
1.15647 1.15684 1.1572 1.15755 1.15787 1.15817 1.15844 1.15868 1.15889 1.15908 1.15923 1.15936 1.15947 1.15955 1.15962 1.15968 1.15972 1.15975 1.15978 1.15979 1.15981 1.15982 1.15983 1.15984 1.15985 1.15986 1.15987 1.15988 1.15989 1.15991 1.15993 1.15996 1.15999 1.16002 1.16006 1.1601 1.16015 1.1602 1.16025 1.1603 1.16036 1.16042 1.16047 1.16053 1.16058 1.16062 1.16066 1.1607 1.16072 1.16074 1.16075 1.16076 1.16075 1.16073 1.16071 1.16068 1.16064 1.1606 1.16055 1.1605 1.16045 1.16039 1.16034 1.16028 1.16023 1.16018 1.16014 1.16009 1.16005 1.16002 1.15999 1.15996 1.15994 1.15992 1.1599 1.15989 1.15988 1.15987 1.15987 1.15987 1.15987 1.15988 1.1599 1.15992 1.15995 1.16 1.16006 1.16014 1.16024 1.16037 1.16052 1.1607 1.16091 1.16115 1.16143 1.16173 1.16205 1.1624 1.16276 1.16313 
1.15679 1.15716 1.15753 1.15787 1.15819 1.15849 1.15876 1.15901 1.15922 1.1594 1.15956 1.15968 1.15979 1.15988 1.15995 1.16 1.16004 1.16008 1.1601 1.16012 1.16013 1.16015 1.16016 1.16017 1.16018 1.16019 1.16021 1.16023 1.16025 1.16028 1.16031 1.16035 1.16039 1.16044 1.1605 1.16056 1.16063 1.16071 1.16079 1.16087 1.16095 1.16103 1.16112 1.16119 1.16127 1.16134 1.16139 1.16144 1.16148 1.16151 1.16152 1.16153 1.16152 1.16149 1.16146 1.16141 1.16136 1.16129 1.16122 1.16115 1.16107 1.16099 1.16091 1.16083 1.16075 1.16067 1.16061 1.16054 1.16048 1.16043 1.16038 1.16034 1.16031 1.16028 1.16026 1.16024 1.16022 1.16021 1.1602 1.1602 1.1602 1.16021 1.16022 1.16025 1.16028 1.16033 1.16039 1.16047 1.16057 1.16069 1.16084 1.16102 1.16124 1.16148 1.16175 1.16205 1.16238 1.16272 1.16309 1.16346 
1.15709 1.15746 1.15782 1.15817 1.15849 1.15879 1.15906 1.1593 1.15952 1.1597 1.15985 1.15998 1.16009 1.16018 1.16025 1.1603 1.16034 1.16038 1.1604 1.16042 1.16044 1.16045 1.16047 1.16048 1.1605 1.16052 1.16054 1.16057 1.16061 1.16065 1.1607 1.16076 1.16083 1.16091 1.161 1.16109 1.1612 1.16131 1.16143 1.16156 1.16168 1.16181 1.16193 1.16205 1.16216 1.16226 1.16235 1.16242 1.16248 1.16252 1.16254 1.16254 1.16252 1.16249 1.16243 1.16236 1.16228 1.16218 1.16208 1.16196 1.16184 1.16172 1.1616 1.16148 1.16136 1.16125 1.16114 1.16104 1.16096 1.16088 1.16081 1.16074 1.16069 1.16065 1.16061 1.16058 1.16055 1.16053 1.16052 1.16051 1.16051 1.16052 1.16053 1.16055 1.16058 1.16063 1.16069 1.16077 1.16087 1.16099 1.16114 1.16132 1.16153 1.16178 1.16205 1.16235 1.16268 1.16302 1.16338 1.16376 
1.15736 1.15773 1.1581 1.15844 1.15876 1.15906 1.15933 1.15957 1.15979 1.15997 1.16013 1.16025 1.16036 1.16045 1.16052 1.16057 1.16062 1.16065 1.16068 1.1607 1.16072 1.16074 1.16076 1.16078 1.1608 1.16083 1.16087 1.16092 1.16097 1.16104 1.16112 1.16121 1.16132 1.16144 1.16158 1.16173 1.16189 1.16206 1.16224 1.16243 1.16262 1.16281 1.163 1.16317 1.16334 1.16348 1.16361 1.16372 1.1638 1.16386 1.16389 1.16389 1.16386 1.16381 1.16372 1.16362 1.16349 1.16335 1.16319 1.16302 1.16284 1.16265 1.16247 1.16228 1.16211 1.16194 1.16178 1.16163 1.1615 1.16137 1.16127 1.16117 1.16109 1.16102 1.16096 1.16091 1.16088 1.16085 1.16082 1.16081 1.1608 1.1608 1.16081 1.16083 1.16086 1.1609 1.16096 1.16104 1.16114 1.16126 1.16141 1.16159 1.16181 1.16205 1.16232 1.16262 1.16295 1.16329 1.16365 1.16403 
1.1576 1.15798 1.15834 1.15868 1.15901 1.1593 1.15957 1.15982 1.16003 1.16021 1.16037 1.1605 1.1606 1.16069 1.16076 1.16082 1.16086 1.1609 1.16093 1.16095 1.16098 1.161 1.16103 1.16106 1.1611 1.16114 1.1612 1.16128 1.16136 1.16147 1.16159 1.16173 1.1619 1.16208 1.16229 1.16252 1.16276 1.16302 1.1633 1.16358 1.16386 1.16414 1.16441 1.16467 1.16491 1.16513 1.16532 1.16547 1.16559 1.16567 1.16571 1.16571 1.16567 1.16559 1.16546 1.16531 1.16512 1.1649 1.16467 1.16441 1.16414 1.16387 1.16359 1.16332 1.16306 1.1628 1.16257 1.16234 1.16214 1.16196 1.1618 1.16165 1.16153 1.16142 1.16133 1.16126 1.1612 1.16115 1.16111 1.16109 1.16107 1.16106 1.16107 1.16108 1.16111 1.16115 1.16121 1.16128 1.16138 1.16151 1.16166 1.16184 1.16205 1.16229 1.16256 1.16286 1.16319 1.16353 1.1639 1.16427 
1.15782 1.15819 1.15855 1.15889 1.15922 1.15952 1.15979 1.16003 1.16024 1.16042 1.16058 1.16071 1.16082 1.1609 1.16097 1.16103 1.16108 1.16112 1.16115 1.16118 1.16121 1.16124 1.16128 1.16133 1.16139 1.16146 1.16156 1.16167 1.1618 1.16196 1.16215 1.16237 1.16262 1.1629 1.16321 1.16355 1.16391 1.1643 1.1647 1.16511 1.16552 1.16593 1.16633 1.16671 1.16706 1.16737 1.16764 1.16786 1.16803 1.16814 1.16819 1.16819 1.16812 1.168 1.16782 1.16759 1.16732 1.167 1.16665 1.16628 1.16589 1.16549 1.16508 1.16468 1.1643 1.16392 1.16357 1.16325 1.16295 1.16267 1.16243 1.16222 1.16203 1.16187 1.16174 1.16162 1.16153 1.16146 1.1614 1.16135 1.16132 1.16131 1.1613 1.16131 1.16133 1.16137 1.16143 1.1615 1.1616 1.16172 1.16187 1.16205 1.16226 1.1625 1.16277 1.16307 1.1634 1.16375 1.16411 1.16448 
1.158 1.15837 1.15873 1.15908 1.1594 1.1597 1.15997 1.16021 1.16042 1.16061 1.16076 1.16089 1.161 1.16109 1.16116 1.16122 1.16127 1.16131 1.16135 1.16139 1.16143 1.16148 1.16154 1.16161 1.1617 1.16181 1.16195 1.16212 1.16232 1.16256 1.16285 1.16317 1.16354 1.16396 1.16441 1.16491 1.16544 1.166 1.16659 1.16718 1.16778 1.16836 1.16893 1.16947 1.16996 1.1704 1.17078 1.17109 1.17133 1.17148 1.17156 1.17154 1.17145 1.17127 1.17101 1.17068 1.17028 1.16983 1.16933 1.1688 1.16823 1.16766 1.16708 1.1665 1.16594 1.1654 1.16489 1.16441 1.16398 1.16358 1.16322 1.16291 1.16264 1.1624 1.1622 1.16203 1.16189 1.16178 1.16169 1.16162 1.16157 1.16154 1.16152 1.16152 1.16153 1.16157 1.16162 1.16169 1.16179 1.16191 1.16206 1.16223 1.16244 1.16269 1.16296 1.16326 1.16358 1.16393 1.16429 1.16466 
1.15815 1.15853 1.15889 1.15923 1.15956 1.15985 1.16013 1.16037 1.16058 1.16076 1.16092 1.16105 1.16116 1.16125 1.16132 1.16138 1.16144 1.16149 1.16153 1.16159 1.16164 1.16171 1.1618 1.16191 1.16204 1.16221 1.16242 1.16267 1.16297 1.16333 1.16375 1.16423 1.16477 1.16537 1.16603 1.16674 1.16751 1.16831 1.16913 1.16998 1.17082 1.17164 1.17244 1.17319 1.17388 1.17449 1.17502 1.17545 1.17577 1.17598 1.17607 1.17605 1.17591 1.17565 1.17529 1.17482 1.17426 1.17363 1.17292 1.17217 1.17138 1.17056 1.16974 1.16892 1.16813 1.16736 1.16664 1.16596 1.16533 1.16476 1.16425 1.16379 1.16339 1.16305 1.16275 1.16251 1.1623 1.16213 1.162 1.1619 1.16182 1.16176 1.16173 1.16171 1.16172 1.16174 1.16179 1.16186 1.16195 1.16207 1.16221 1.16239 1.1626 1.16284 1.16311 1.16341 1.16374 1.16409 1.16445 1.16482 
1.15828 1.15866 1.15902 1.15936 1.15968 1.15998 1.16025 1.1605 1.16071 1.16089 1.16105 1.16118 1.16129 1.16138 1.16146 1.16153 1.16159 1.16165 1.16171 1.16178 1.16186 1.16196 1.16209 1.16225 1.16245 1.1627 1.16301 1.16338 1.16382 1.16434 1.16494 1.16563 1.1664 1.16726 1.1682 1.16921 1.17028 1.1714 1.17256 1.17373 1.17489 1.17603 1.17713 1.17816 1.1791 1.17994 1.18065 1.18123 1.18167 1.18195 1.18207 1.18203 1.18183 1.18147 1.18096 1.18032 1.17955 1.17867 1.1777 1.17665 1.17556 1.17443 1.17329 1.17215 1.17104 1.16997 1.16895 1.168 1.16711 1.16631 1.16558 1.16493 1.16436 1.16387 1.16345 1.16309 1.1628 1.16255 1.16235 1.1622 1.16208 1.16199 1.16193 1.1619 1.16189 1.1619 1.16194 1.162 1.16209 1.1622 1.16235 1.16253 1.16273 1.16297 1.16324 1.16354 1.16387 1.16422 1.16458 1.16495 
1.15839 1.15876 1.15912 1.15947 1.15979 1.16009 1.16036 1.1606 1.16082 1.161 1.16116 1.16129 1.1614 1.1615 1.16158 1.16166 1.16173 1.1618 1.16188 1.16197 1.16209 1.16224 1.16243 1.16266 1.16296 1.16332 1.16377 1.1643 1.16494 1.16568 1.16653 1.16751 1.16859 1.1698 1.1711 1.1725 1.17399 1.17553 1.17711 1.17871 1.18029 1.18184 1.18332 1.18471 1.18597 1.18709 1.18805 1.18882 1.1894 1.18977 1.18992 1.18985 1.18957 1.18908 1.18839 1.18752 1.18647 1.18528 1.18396 1.18254 1.18105 1.17951 1.17796 1.17641 1.17488 1.17341 1.17201 1.17069 1.16947 1.16835 1.16733 1.16643 1.16563 1.16494 1.16434 1.16383 1.16341 1.16306 1.16278 1.16255 1.16237 1.16224 1.16214 1.16208 1.16205 1.16205 1.16207 1.16213 1.16221 1.16232 1.16246 1.16264 1.16284 1.16308 1.16335 1.16365 1.16398 1.16432 1.16468 1.16506 
1.15848 1.15885 1.15921 1.15955 1.15988 1.16018 1.16045 1.16069 1.1609 1.16109 1.16125 1.16138 1.1615 1.1616 1.16169 1.16177 1.16186 1.16195 1.16206 1.16219 1.16236 1.16258 1.16285 1.16319 1.16361 1.16413 1.16477 1.16553 1.16642 1.16746 1.16866 1.17001 1.17151 1.17316 1.17495 1.17686 1.17887 1.18096 1.18308 1.18523 1.18734 1.1894 1.19136 1.1932 1.19487 1.19634 1.1976 1.19861 1.19935 1.19983 1.20002 1.19992 1.19954 1.19888 1.19796 1.19679 1.1954 1.19381 1.19206 1.19017 1.18818 1.18612 1.18403 1.18195 1.1799 1.17791 1.17601 1.17422 1.17256 1.17102 1.16963 1.16839 1.16729 1.16632 1.16549 1.16479 1.16419 1.1637 1.1633 1.16297 1.16272 1.16252 1.16238 1.16228 1.16222 1.16219 1.1622 1.16224 1.16232 1.16242 1.16256 1.16273 1.16293 1.16317 1.16344 1.16374 1.16406 1.16441 1.16477 1.16514 
1.15855 1.15892 1.15928 1.15962 1.15995 1.16025 1.16052 1.16076 1.16097 1.16116 1.16132 1.16146 1.16158 1.16169 1.16179 1.16189 1.162 1.16212 1.16227 1.16245 1.16269 1.163 1.16338 1.16387 1.16447 1.16521 1.16609 1.16715 1.1684 1.16983 1.17147 1.17331 1.17535 1.17758 1.17999 1.18254 1.18522 1.18799 1.1908 1.19362 1.1964 1.19909 1.20164 1.20403 1.20619 1.20809 1.20971 1.211 1.21196 1.21256 1.21279 1.21265 1.21214 1.21128 1.21007 1.20855 1.20673 1.20466 1.20236 1.19988 1.19727 1.19457 1.19182 1.18907 1.18636 1.18372 1.18119 1.1788 1.17656 1.1745 1.17263 1.17094 1.16945 1.16813 1.167 1.16602 1.1652 1.16452 1.16396 1.1635 1.16314 1.16286 1.16265 1.1625 1.1624 1.16234 1.16233 1.16235 1.16241 1.16251 1.16264 1.16281 1.16301 1.16325 1.16351 1.16381 1.16413 1.16448 1.16484 1.16521 
1.1586 1.15897 1.15933 1.15968 1.16 1.1603 1.16057 1.16082 1.16103 1.16122 1.16138 1.16153 1.16166 1.16177 1.16189 1.16201 1.16215 1.16231 1.16252 1.16278 1.16311 1.16354 1.16408 1.16476 1.1656 1.16662 1.16785 1.1693 1.17099 1.17294 1.17515 1.17762 1.18034 1.1833 1.18648 1.18984 1.19334 1.19695 1.2006 1.20424 1.20782 1.21128 1.21455 1.21759 1.22034 1.22276 1.2248 1.22643 1.22763 1.22838 1.22865 1.22846 1.2278 1.22669 1.22514 1.22318 1.22085 1.21819 1.21524 1.21206 1.20869 1.2052 1.20165 1.19808 1.19455 1.1911 1.18779 1.18465 1.1817 1.17898 1.17649 1.17424 1.17224 1.17047 1.16894 1.16762 1.16651 1.16558 1.16481 1.16418 1.16368 1.16328 1.16298 1.16276 1.16261 1.16251 1.16247 1.16247 1.16251 1.16259 1.16272 1.16288 1.16307 1.16331 1.16357 1.16387 1.16419 1.16454 1.1649 1.16527 
1.15864 1.15901 1.15937 1.15972 1.16004 1.16034 1.16062 1.16086 1.16108 1.16127 1.16144 1.16159 1.16173 1.16186 1.162 1.16215 1.16233 1.16255 1.16283 1.16319 1.16366 1.16425 1.165 1.16594 1.16709 1.16848 1.17014 1.1721 1.17436 1.17696 1.17989 1.18314 1.18671 1.19058 1.1947 1.19904 1.20355 1.20817 1.21283 1.21746 1.22199 1.22635 1.23046 1.23427 1.23771 1.24072 1.24326 1.24529 1.24677 1.24768 1.248 1.24774 1.2469 1.2455 1.24354 1.24108 1.23815 1.23479 1.23107 1.22705 1.22279 1.21836 1.21384 1.20928 1.20477 1.20035 1.19608 1.19202 1.1882 1.18465 1.1814 1.17845 1.17581 1.17347 1.17144 1.16968 1.16819 1.16693 1.16589 1.16504 1.16436 1.16382 1.1634 1.16308 1.16286 1.1627 1.16262 1.16259 1.16261 1.16267 1.16278 1.16294 1.16313 1.16336 1.16362 1.16391 1.16423 1.16458 1.16494 1.16531 
1.15867 1.15904 1.15941 1.15975 1.16008 1.16038 1.16065 1.1609 1.16112 1.16131 1.16149 1.16165 1.1618 1.16195 1.16212 1.16231 1.16255 1.16285 1.16323 1.16373 1.16437 1.16518 1.1662 1.16747 1.16902 1.17089 1.1731 1.1757 1.17869 1.18209 1.1859 1.19013 1.19473 1.19969 1.20495 1.21047 1.21617 1.22198 1.22782 1.2336 1.23924 1.24464 1.24973 1.25443 1.25865 1.26234 1.26544 1.2679 1.2697 1.27079 1.27117 1.27083 1.26978 1.26804 1.26563 1.26258 1.25896 1.25481 1.2502 1.2452 1.2399 1.23438 1.22872 1.223 1.21732 1.21174 1.20633 1.20117 1.19629 1.19174 1.18755 1.18374 1.18031 1.17727 1.17461 1.1723 1.17033 1.16867 1.16728 1.16615 1.16523 1.16449 1.16392 1.16348 1.16316 1.16294 1.1628 1.16272 1.16271 1.16276 1.16285 1.16299 1.16318 1.1634 1.16366 1.16395 1.16427 1.16461 1.16497 1.16534 
1.1587 1.15907 1.15943 1.15978 1.1601 1.1604 1.16068 1.16093 1.16115 1.16135 1.16153 1.16171 1.16188 1.16206 1.16227 1.16252 1.16283 1.16323 1.16375 1.16443 1.16529 1.16639 1.16776 1.16945 1.17151 1.17397 1.17688 1.18026 1.18414 1.18853 1.19342 1.1988 1.20464 1.2109 1.21751 1.2244 1.23149 1.23868 1.24588 1.25298 1.25987 1.26646 1.27264 1.27832 1.28342 1.28786 1.29159 1.29454 1.29667 1.29797 1.29841 1.29798 1.29669 1.29457 1.29164 1.28795 1.28354 1.2785 1.27288 1.26679 1.26031 1.25353 1.24657 1.23952 1.23248 1.22555 1.21881 1.21233 1.2062 1.20046 1.19515 1.19029 1.18592 1.18201 1.17858 1.17559 1.17303 1.17086 1.16904 1.16755 1.16633 1.16535 1.16458 1.16399 1.16355 1.16323 1.16301 1.16289 1.16284 1.16285 1.16292 1.16305 1.16322 1.16344 1.16369 1.16398 1.1643 1.16464 1.165 1.16537 
1.15872 1.15909 1.15945 1.15979 1.16012 1.16042 1.1607 1.16095 1.16118 1.16139 1.16159 1.16178 1.16197 1.16219 1.16245 1.16278 1.16319 1.16373 1.16443 1.16533 1.16648 1.16794 1.16975 1.17198 1.17466 1.17787 1.18162 1.18596 1.19091 1.19648 1.20265 1.20941 1.2167 1.22446 1.23263 1.2411 1.24977 1.25853 1.26725 1.27582 1.28411 1.292 1.29938 1.30615 1.3122 1.31746 1.32185 1.32532 1.32783 1.32934 1.32984 1.32931 1.32777 1.32523 1.32174 1.31734 1.31208 1.30606 1.29934 1.29203 1.28423 1.27606 1.26763 1.25907 1.2505 1.24201 1.23374 1.22576 1.21816 1.21102 1.20439 1.1983 1.19279 1.18785 1.18349 1.17968 1.17639 1.1736 1.17125 1.1693 1.16771 1.16643 1.16542 1.16463 1.16403 1.16359 1.16328 1.16309 1.16298 1.16296 1.16301 1.16311 1.16327 1.16348 1.16372 1.16401 1.16432 1.16466 1.16502 1.16539 
1.15873 1.1591 1.15946 1.15981 1.16013 1.16044 1.16072 1.16098 1.16121 1.16143 1.16164 1.16186 1.16209 1.16236 1.16269 1.16311 1.16366 1.16437 1.16529 1.16648 1.168 1.16991 1.17227 1.17515 1.1786 1.1827 1.18747 1.19296 1.19918 1.20614 1.21381 1.22215 1.23111 1.2406 1.25052 1.26076 1.2712 1.28169 1.29209 1.30227 1.31207 1.32137 1.33004 1.33796 1.34502 1.35114 1.35625 1.36027 1.36316 1.36489 1.36545 1.36481 1.363 1.36003 1.35594 1.35078 1.34463 1.33755 1.32964 1.32102 1.3118 1.3021 1.29207 1.28184 1.27155 1.26134 1.25133 1.24164 1.23238 1.22363 1.21547 1.20794 1.2011 1.19494 1.18947 1.18468 1.18052 1.17697 1.17398 1.17149 1.16944 1.16778 1.16646 1.16542 1.16463 1.16404 1.16362 1.16333 1.16317 1.16309 1.1631 1.16318 1.16332 1.16351 1.16375 1.16403 1.16434 1.16468 1.16503 1.1654 
1.15874 1.15911 1.15947 1.15982 1.16015 1.16045 1.16074 1.161 1.16124 1.16148 1.16171 1.16196 1.16224 1.16258 1.163 1.16354 1.16425 1.16518 1.16639 1.16794 1.16991 1.17237 1.17539 1.17906 1.18345 1.1886 1.19458 1.20142 1.20912 1.21768 1.22706 1.23721 1.24805 1.25946 1.27134 1.28353 1.29589 1.30826 1.32047 1.33236 1.34377 1.35455 1.36456 1.37368 1.38179 1.3888 1.39463 1.39921 1.4025 1.40446 1.40507 1.40432 1.40223 1.39881 1.39411 1.38818 1.38108 1.37291 1.36376 1.35376 1.34302 1.3317 1.31995 1.30792 1.29576 1.28365 1.27173 1.26013 1.249 1.23844 1.22854 1.21937 1.21099 1.20341 1.19666 1.1907 1.18553 1.18108 1.17731 1.17416 1.17156 1.16944 1.16775 1.16641 1.16538 1.1646 1.16404 1.16364 1.16339 1.16325 1.16322 1.16327 1.16338 1.16356 1.16379 1.16406 1.16436 1.16469 1.16505 1.16541 
1.15875 1.15912 1.15948 1.15983 1.16016 1.16047 1.16076 1.16103 1.16128 1.16154 1.1618 1.16209 1.16243 1.16285 1.16338 1.16408 1.165 1.1662 1.16776 1.16975 1.17227 1.17539 1.17922 1.18383 1.1893 1.19571 1.20309 1.21148 1.22087 1.23125 1.24256 1.25472 1.26763 1.28116 1.29515 1.30945 1.32387 1.33822 1.35233 1.366 1.37907 1.39137 1.40276 1.41309 1.42225 1.43015 1.4367 1.44184 1.44551 1.44769 1.44836 1.4475 1.44513 1.44127 1.43596 1.42925 1.42121 1.41194 1.40153 1.3901 1.37781 1.3648 1.35124 1.3373 1.32316 1.30901 1.29501 1.28134 1.26815 1.25557 1.24373 1.23271 1.22259 1.2134 1.20516 1.19787 1.1915 1.186 1.18132 1.17739 1.17413 1.17147 1.16932 1.16762 1.1663 1.1653 1.16455 1.16402 1.16366 1.16345 1.16336 1.16337 1.16345 1.16361 1.16382 1.16408 1.16438 1.16471 1.16506 1.16542 
1.15876 1.15913 1.15949 1.15984 1.16017 1.16048 1.16078 1.16106 1.16133 1.16161 1.16191 1.16225 1.16266 1.16319 1.16387 1.16476 1.16594 1.16747 1.16945 1.17198 1.17515 1.17906 1.18383 1.18954 1.19629 1.20413 1.21311 1.22325 1.23455 1.24695 1.26039 1.27475 1.28991 1.30571 1.32196 1.33847 1.35503 1.37144 1.38749 1.40298 1.41772 1.43154 1.44428 1.4558 1.46599 1.47475 1.48199 1.48766 1.49171 1.4941 1.49482 1.49386 1.49123 1.48694 1.48104 1.47358 1.46463 1.45427 1.44261 1.42978 1.41592 1.4012 1.38579 1.36988 1.35367 1.33737 1.32118 1.30529 1.28987 1.27511 1.26113 1.24807 1.236 1.225 1.21509 1.20627 1.19853 1.19183 1.18609 1.18125 1.17721 1.1739 1.17123 1.16909 1.16742 1.16614 1.16518 1.16448 1.164 1.16369 1.16353 1.16349 1.16354 1.16367 1.16386 1.16411 1.1644 1.16472 1.16507 1.16543 
1.15877 1.15913 1.1595 1.15985 1.16018 1.1605 1.1608 1.1611 1.16139 1.1617 1.16204 1.16245 1.16296 1.16361 1.16447 1.1656 1.16709 1.16902 1.17151 1.17466 1.1786 1.18345 1.1893 1.19629 1.20448 1.21394 1.22472 1.23683 1.25022 1.26484 1.28058 1.29731 1.31486 1.33304 1.35164 1.37043 1.38919 1.40767 1.42566 1.44294 1.45932 1.4746 1.48864 1.50129 1.51245 1.52201 1.5299 1.53606 1.54045 1.54304 1.54381 1.54275 1.53988 1.53521 1.52877 1.52061 1.5108 1.49941 1.48656 1.47237 1.45698 1.44057 1.42332 1.40543 1.38713 1.36862 1.35014 1.33192 1.31415 1.29705 1.28078 1.26548 1.25129 1.23828 1.22651 1.21599 1.2067 1.19862 1.19167 1.18578 1.18086 1.1768 1.17349 1.17085 1.16876 1.16715 1.16594 1.16504 1.16441 1.16399 1.16374 1.16364 1.16364 1.16374 1.16391 1.16415 1.16442 1.16474 1.16508 1.16544 
1.15877 1.15914 1.1595 1.15986 1.16019 1.16052 1.16083 1.16114 1.16146 1.16181 1.16221 1.1627 1.16332 1.16413 1.16521 1.16662 1.16848 1.17089 1.17397 1.17787 1.1827 1.1886 1.19571 1.20413 1.21394 1.22522 1.23799 1.25223 1.2679 1.28489 1.30309 1.32231 1.34235 1.36299 1.38399 1.40508 1.42602 1.44654 1.46642 1.48542 1.50334 1.51999 1.53523 1.54892 1.56095 1.57123 1.5797 1.58629 1.59098 1.59375 1.59456 1.59343 1.59035 1.58534 1.57842 1.56965 1.55906 1.54675 1.5328 1.51735 1.50052 1.4825 1.46346 1.44363 1.42324 1.40251 1.38172 1.36109 1.34089 1.32133 1.30263 1.28496 1.26847 1.25329 1.23947 1.22706 1.21606 1.20644 1.19813 1.19106 1.18511 1.18018 1.17616 1.17292 1.17036 1.16836 1.16684 1.16571 1.1649 1.16434 1.164 1.16381 1.16377 1.16383 1.16397 1.16419 1.16445 1.16476 1.1651 1.16545 
1.15878 1.15915 1.15951 1.15987 1.16021 1.16054 1.16087 1.1612 1.16156 1.16195 1.16242 1.16301 1.16377 1.16477 1.16609 1.16785 1.17014 1.1731 1.17688 1.18162 1.18747 1.19458 1.20309 1.21311 1.22472 1.23799 1.25291 1.26946 1.28755 1.30705 1.32781 1.3496 1.37219 1.39531 1.4187 1.44206 1.46511 1.48759 1.50924 1.52983 1.54917 1.56706 1.58336 1.59795 1.61073 1.62162 1.63057 1.63753 1.64247 1.64538 1.64624 1.64504 1.6418 1.63652 1.62921 1.61992 1.60869 1.59557 1.58067 1.56408 1.54595 1.52643 1.50573 1.48405 1.46163 1.43874 1.41564 1.3926 1.36991 1.34783 1.3266 1.30643 1.28752 1.27 1.25398 1.23952 1.22665 1.21532 1.2055 1.1971 1.19 1.1841 1.17926 1.17534 1.17222 1.16978 1.16791 1.1665 1.16548 1.16476 1.1643 1.16403 1.16392 1.16393 1.16404 1.16423 1.16448 1.16478 1.16511 1.16546 
1.15879 1.15916 1.15952 1.15988 1.16023 1.16057 1.16092 1.16128 1.16167 1.16212 1.16267 1.16338 1.1643 1.16553 1.16715 1.1693 1.1721 1.1757 1.18026 1.18596 1.19296 1.20142 1.21148 1.22325 1.23683 1.25223 1.26946 1.28844 1.30907 1.33118 1.35456 1.37896 1.4041 1.42967 1.45538 1.48091 1.50596 1.53025 1.55352 1.57554 1.59612 1.61507 1.63226 1.64759 1.66097 1.67235 1.68166 1.6889 1.69403 1.69705 1.69795 1.69672 1.69337 1.68789 1.68029 1.67061 1.65886 1.64511 1.62941 1.61187 1.59261 1.57177 1.54955 1.52617 1.50185 1.47689 1.45155 1.42614 1.40098 1.37634 1.35253 1.32978 1.30834 1.28837 1.27001 1.25336 1.23845 1.22528 1.2138 1.20393 1.19557 1.18857 1.1828 1.17812 1.17437 1.17143 1.16915 1.16743 1.16616 1.16526 1.16465 1.16428 1.16409 1.16405 1.16413 1.16429 1.16452 1.16481 1.16513 1.16547 
1.1588 1.15917 1.15953 1.15989 1.16025 1.16061 1.16097 1.16136 1.1618 1.16232 1.16297 1.16382 1.16494 1.16642 1.1684 1.17099 1.17436 1.17869 1.18414 1.19091 1.19918 1.20912 1.22087 1.23455 1.25022 1.2679 1.28755 1.30907 1.33232 1.35708 1.3831 1.41009 1.43772 1.46567 1.49358 1.52114 1.54802 1.57393 1.59862 1.62186 1.64346 1.66326 1.68115 1.69704 1.71085 1.72256 1.73213 1.73955 1.74481 1.7479 1.74883 1.74759 1.74418 1.73859 1.73082 1.72088 1.70878 1.69456 1.67827 1.65997 1.63979 1.61785 1.59432 1.56942 1.54338 1.51649 1.48904 1.46135 1.43377 1.40661 1.3802 1.35485 1.3308 1.30829 1.28749 1.26852 1.25145 1.2363 1.22303 1.21157 1.20181 1.19361 1.18682 1.18128 1.17683 1.17331 1.17058 1.1685 1.16695 1.16584 1.16507 1.16457 1.1643 1.1642 1.16422 1.16436 1.16457 1.16484 1.16515 1.16549 
1.15881 1.15918 1.15954 1.15991 1.16028 1.16065 1.16104 1.16147 1.16196 1.16256 1.16333 1.16434 1.16568 1.16746 1.16983 1.17294 1.17696 1.18209 1.18853 1.19648 1.20614 1.21768 1.23125 1.24695 1.26484 1.28489 1.30705 1.33118 1.35708 1.3845 1.41313 1.44264 1.47266 1.50284 1.53279 1.56218 1.59068 1.61799 1.64385 1.66807 1.69046 1.71088 1.72925 1.74549 1.75957 1.77146 1.78115 1.78866 1.79397 1.79711 1.79806 1.79683 1.79342 1.7878 1.77997 1.76992 1.75764 1.74315 1.72647 1.70766 1.68678 1.66397 1.63937 1.61319 1.58564 1.55702 1.52763 1.49781 1.46792 1.43831 1.40936 1.38139 1.35472 1.32962 1.3063 1.28492 1.26559 1.24834 1.23316 1.21999 1.20872 1.19921 1.19131 1.18483 1.1796 1.17545 1.1722 1.16972 1.16785 1.1665 1.16554 1.16491 1.16454 1.16436 1.16434 1.16443 1.16462 1.16487 1.16517 1.1655 
1.15883 1.15919 1.15956 1.15993 1.16031 1.1607 1.16112 1.16159 1.16215 1.16285 1.16375 1.16494 1.16653 1.16866 1.17147 1.17515 1.17989 1.1859 1.19342 1.20265 1.21381 1.22706 1.24256 1.26039 1.28058 1.30309 1.32781 1.35456 1.3831 1.41313 1.44429 1.4762 1.50847 1.54069 1.57248 1.60347 1.63333 1.66178 1.68857 1.7135 1.73642 1.75723 1.77585 1.79225 1.8064 1.81832 1.82801 1.8355 1.8408 1.84394 1.84491 1.84372 1.84036 1.8348 1.82703 1.81701 1.80472 1.79016 1.77331 1.75421 1.7329 1.70948 1.68408 1.65686 1.62806 1.59795 1.56683 1.53506 1.50301 1.47108 1.43967 1.40914 1.37987 1.35217 1.32629 1.30244 1.28076 1.26133 1.24414 1.22916 1.21628 1.20537 1.19626 1.18876 1.18268 1.17783 1.17402 1.17108 1.16887 1.16724 1.16609 1.1653 1.16481 1.16455 1.16447 1.16452 1.16468 1.16491 1.1652 1.16552 
1.15884 1.1592 1.15958 1.15996 1.16035 1.16076 1.16121 1.16173 1.16237 1.16317 1.16423 1.16563 1.16751 1.17001 1.17331 1.17762 1.18314 1.19013 1.1988 1.20941 1.22215 1.23721 1.25472 1.27475 1.29731 1.32231 1.3496 1.37896 1.41009 1.44264 1.4762 1.51036 1.54468 1.57873 1.61211 1.64444 1.6754 1.70471 1.73214 1.75752 1.78072 1.80167 1.82032 1.83667 1.85073 1.86252 1.87209 1.87947 1.88469 1.88779 1.88877 1.88764 1.88438 1.87896 1.87136 1.86151 1.84938 1.83493 1.81814 1.79899 1.7775 1.75374 1.7278 1.69984 1.67006 1.63872 1.60612 1.57262 1.53862 1.50453 1.47078 1.4378 1.40599 1.37571 1.34727 1.32093 1.29686 1.27517 1.25591 1.23903 1.22446 1.21206 1.20166 1.19306 1.18606 1.18045 1.17603 1.17261 1.17001 1.16808 1.16669 1.16574 1.16512 1.16477 1.16462 1.16463 1.16475 1.16496 1.16523 1.16555 
1.15886 1.15922 1.1596 1.15999 1.16039 1.16083 1.16132 1.1619 1.16262 1.16354 1.16477 1.1664 1.16859 1.17151 1.17535 1.18034 1.18671 1.19473 1.20464 1.2167 1.23111 1.24805 1.26763 1.28991 1.31486 1.34235 1.37219 1.4041 1.43772 1.47266 1.50847 1.54468 1.58083 1.61646 1.65117 1.68457 1.71634 1.74622 1.77402 1.79957 1.8228 1.84366 1.86213 1.87824 1.89203 1.90357 1.9129 1.92008 1.92517 1.9282 1.92918 1.92813 1.92501 1.91981 1.91246 1.90292 1.8911 1.87695 1.86041 1.84144 1.82002 1.79619 1.77 1.74158 1.7111 1.67881 1.645 1.61002 1.5743 1.53825 1.50234 1.46704 1.43279 1.4 1.36904 1.3402 1.31372 1.28975 1.26835 1.24952 1.23318 1.21922 1.20747 1.19771 1.18973 1.18331 1.17823 1.17428 1.17126 1.169 1.16737 1.16622 1.16547 1.16501 1.16479 1.16474 1.16483 1.16501 1.16527 1.16557 
1.15888 1.15924 1.15962 1.16002 1.16044 1.16091 1.16144 1.16208 1.1629 1.16396 1.16537 1.16726 1.1698 1.17316 1.17758 1.1833 1.19058 1.19969 1.2109 1.22446 1.2406 1.25946 1.28116 1.30571 1.33304 1.36299 1.39531 1.42967 1.46567 1.50284 1.54069 1.57873 1.61646 1.65342 1.68917 1.72335 1.75565 1.78583 1.81372 1.83921 1.86223 1.88277 1.90087 1.91658 1.92996 1.94111 1.95011 1.95702 1.96192 1.96484 1.96582 1.96486 1.96193 1.957 1.95 1.94086 1.92949 1.9158 1.8997 1.88112 1.86001 1.83635 1.81017 1.78157 1.75068 1.71773 1.68299 1.64681 1.60961 1.57183 1.53396 1.4965 1.45994 1.42475 1.39134 1.36006 1.33118 1.30491 1.28135 1.26053 1.24238 1.22681 1.21364 1.20267 1.19366 1.18639 1.1806 1.17608 1.17262 1.17001 1.1681 1.16676 1.16585 1.16528 1.16497 1.16487 1.16491 1.16507 1.16531 1.1656 
1.15891 1.15927 1.15965 1.16006 1.1605 1.161 1.16158 1.16229 1.16321 1.16441 1.16603 1.1682 1.1711 1.17495 1.17999 1.18648 1.1947 1.20495 1.21751 1.23263 1.25052 1.27134 1.29515 1.32196 1.35164 1.38399 1.4187 1.45538 1.49358 1.53279 1.57248 1.61211 1.65117 1.68917 1.72569 1.76038 1.79293 1.82315 1.85089 1.87607 1.89867 1.91872 1.93628 1.95143 1.96429 1.97495 1.98353 1.99011 1.99477 1.99757 1.99853 1.99767 1.99495 1.99034 1.98376 1.97512 1.9643 1.9512 1.9357 1.9177 1.89709 1.87384 1.84793 1.81941 1.78839 1.75506 1.71967 1.68256 1.64414 1.60487 1.56526 1.52585 1.48715 1.44969 1.41392 1.38027 1.34904 1.3205 1.29478 1.27194 1.25197 1.23475 1.22013 1.2079 1.19783 1.18965 1.18313 1.17802 1.17407 1.17109 1.1689 1.16733 1.16626 1.16557 1.16518 1.16501 1.16501 1.16513 1.16535 1.16563 
1.15893 1.15929 1.15968 1.1601 1.16056 1.16109 1.16173 1.16252 1.16355 1.16491 1.16674 1.16921 1.1725 1.17686 1.18254 1.18984 1.19904 1.21047 1.2244 1.2411 1.26076 1.28353 1.30945 1.33847 1.37043 1.40508 1.44206 1.48091 1.52114 1.56218 1.60347 1.64444 1.68457 1.72335 1.76038 1.7953 1.82787 1.85788 1.88525 1.90992 1.93192 1.95131 1.96819 1.98268 1.99491 2.00501 2.01311 2.0193 2.0237 2.02635 2.02729 2.02653 2.02405 2.01979 2.01367 2.00559 1.99542 1.98302 1.96825 1.95096 1.93105 1.9084 1.88297 1.85477 1.82387 1.79042 1.75466 1.71689 1.67752 1.63702 1.5959 1.55473 1.51408 1.47451 1.43652 1.40059 1.3671 1.33633 1.30848 1.28364 1.26183 1.24295 1.22686 1.21334 1.20217 1.19308 1.18579 1.18006 1.17561 1.17225 1.16975 1.16795 1.1667 1.16588 1.16539 1.16516 1.16511 1.1652 1.1654 1.16567 
1.15896 1.15932 1.15971 1.16015 1.16063 1.1612 1.16189 1.16276 1.16391 1.16544 1.16751 1.17028 1.17399 1.17887 1.18522 1.19334 1.20355 1.21617 1.23149 1.24977 1.2712 1.29589 1.32387 1.35503 1.38919 1.42602 1.46511 1.50596 1.54802 1.59068 1.63333 1.6754 1.71634 1.75565 1.79293 1.82787 1.86021 1.88982 1.91663 1.94063 1.96188 1.98049 1.99659 2.01033 2.02186 2.03134 2.03891 2.04469 2.04879 2.05128 2.05219 2.05154 2.0493 2.04541 2.03978 2.03231 2.02284 2.01122 1.99727 1.98083 1.96173 1.93985 1.9151 1.88743 1.85687 1.82355 1.78765 1.74948 1.70941 1.66792 1.62554 1.58285 1.54044 1.49893 1.45888 1.4208 1.38513 1.35221 1.32229 1.29549 1.27185 1.25132 1.23375 1.21894 1.20666 1.19662 1.18856 1.18218 1.17723 1.17345 1.17064 1.1686 1.16717 1.16621 1.16563 1.16532 1.16522 1.16528 1.16545 1.1657 
1.15899 1.15935 1.15975 1.1602 1.16071 1.16131 1.16206 1.16302 1.1643 1.166 1.16831 1.1714 1.17553 1.18096 1.18799 1.19695 1.20817 1.22198 1.23868 1.25853 1.28169 1.30826 1.33822 1.37144 1.40767 1.44654 1.48759 1.53025 1.57393 1.61799 1.66178 1.70471 1.74622 1.78583 1.82315 1.85788 1.88982 1.91885 1.94495 1.96815 1.98855 2.00629 2.02154 2.03446 2.04525 2.05408 2.0611 2.06646 2.07025 2.07256 2.07344 2.07289 2.07089 2.06738 2.06226 2.05541 2.04668 2.03587 2.02281 2.00729 1.98913 1.96814 1.9442 1.91722 1.8872 1.85421 1.81841 1.78006 1.73954 1.69731 1.65389 1.60989 1.56594 1.52268 1.48073 1.44065 1.40292 1.36795 1.33603 1.30732 1.28191 1.25974 1.24071 1.22462 1.21122 1.20024 1.19139 1.18436 1.17889 1.1747 1.17156 1.16927 1.16765 1.16656 1.16587 1.16549 1.16534 1.16536 1.16551 1.16574 
1.15903 1.15938 1.15979 1.16025 1.16079 1.16143 1.16224 1.1633 1.1647 1.16659 1.16913 1.17256 1.17711 1.18308 1.1908 1.2006 1.21283 1.22782 1.24588 1.26725 1.29209 1.32047 1.35233 1.38749 1.42566 1.46642 1.50924 1.55352 1.59862 1.64385 1.68857 1.73214 1.77402 1.81372 1.85089 1.88525 1.91663 1.94495 1.97023 1.99254 2.01202 2.02884 2.04319 2.05528 2.06531 2.07347 2.07994 2.08485 2.08834 2.09047 2.09131 2.09086 2.08909 2.08595 2.08134 2.07512 2.06712 2.05716 2.04501 2.03046 2.01328 1.99327 1.97025 1.9441 1.91477 1.88228 1.84676 1.80845 1.76769 1.72492 1.68069 1.6356 1.59032 1.54551 1.50183 1.4599 1.42027 1.38336 1.34954 1.319 1.29186 1.26812 1.24766 1.2303 1.2158 1.20389 1.19425 1.18657 1.18057 1.17597 1.1725 1.16996 1.16815 1.16691 1.16612 1.16566 1.16546 1.16544 1.16556 1.16578 
1.15906 1.15941 1.15983 1.1603 1.16087 1.16156 1.16243 1.16358 1.16511 1.16718 1.16998 1.17373 1.17871 1.18523 1.19362 1.20424 1.21746 1.2336 1.25298 1.27582 1.30227 1.33236 1.366 1.40298 1.44294 1.48542 1.52983 1.57554 1.62186 1.66807 1.7135 1.75752 1.79957 1.83921 1.87607 1.90992 1.94063 1.96815 1.99254 2.01391 2.03243 2.0483 2.06175 2.07301 2.08228 2.08979 2.09571 2.1002 2.10338 2.10534 2.10613 2.10576 2.10422 2.10144 2.09731 2.0917 2.08443 2.0753 2.06407 2.0505 2.03434 2.01535 1.99332 1.96808 1.93954 1.90768 1.8726 1.83449 1.79367 1.75057 1.70573 1.65976 1.61334 1.56717 1.52196 1.47835 1.43695 1.39825 1.36264 1.33037 1.3016 1.27633 1.25449 1.23591 1.22034 1.2075 1.19709 1.18878 1.18226 1.17724 1.17345 1.17066 1.16865 1.16727 1.16637 1.16584 1.16558 1.16553 1.16562 1.16583 
1.15909 1.15945 1.15987 1.16036 1.16095 1.16168 1.16262 1.16386 1.16552 1.16778 1.17082 1.17489 1.18029 1.18734 1.1964 1.20782 1.22199 1.23924 1.25987 1.28411 1.31207 1.34377 1.37907 1.41772 1.45932 1.50334 1.54917 1.59612 1.64346 1.69046 1.73642 1.78072 1.8228 1.86223 1.89867 1.93192 1.96188 1.98855 2.01202 2.03243 2.04999 2.06493 2.07749 2.08793 2.09648 2.10335 2.10875 2.11282 2.11571 2.1175 2.11824 2.11796 2.11663 2.11418 2.11051 2.10548 2.0989 2.09057 2.08023 2.06763 2.05248 2.03452 2.0135 1.98922 1.96155 1.93041 1.89588 1.8581 1.81738 1.77412 1.72884 1.68218 1.63481 1.58747 1.5409 1.49579 1.45279 1.41243 1.37516 1.34128 1.31097 1.28426 1.26111 1.24136 1.22476 1.21104 1.19988 1.19095 1.18393 1.1785 1.17439 1.17135 1.16916 1.16763 1.16663 1.16602 1.1657 1.16561 1.16568 1.16587 
1.15913 1.15948 1.15991 1.16042 1.16103 1.16181 1.16281 1.16414 1.16593 1.16836 1.17164 1.17603 1.18184 1.1894 1.19909 1.21128 1.22635 1.24464 1.26646 1.292 1.32137 1.35455 1.39137 1.43154 1.4746 1.51999 1.56706 1.61507 1.66326 1.71088 1.75723 1.80167 1.84366 1.88277 1.91872 1.95131 1.98049 2.00629 2.02884 2.0483 2.06493 2.07896 2.09068 2.10034 2.1082 2.11448 2.11939 2.12308 2.12569 2.12732 2.12802 2.12781 2.12666 2.12451 2.12126 2.11677 2.11085 2.10327 2.09378 2.0821 2.06793 2.05098 2.03097 2.00766 1.98087 1.95051 1.9166 1.87926 1.83874 1.79545 1.7499 1.7027 1.65455 1.60622 1.55847 1.51203 1.4676 1.42575 1.38697 1.3516 1.31985 1.29181 1.26743 1.24657 1.229 1.21445 1.20258 1.19305 1.18554 1.17973 1.17531 1.17202 1.16965 1.16799 1.16688 1.16619 1.16583 1.1657 1.16574 1.16591 
1.15916 1.15952 1.15995 1.16047 1.16112 1.16193 1.163 1.16441 1.16633 1.16893 1.17244 1.17713 1.18332 1.19136 1.20164 1.21455 1.23046 1.24973 1.27264 1.29938 1.33004 1.36456 1.40276 1.44428 1.48864 1.53523 1.58336 1.63226 1.68115 1.72925 1.77585 1.82032 1.86213 1.90087 1.93628 1.96819 1.99659 2.02154 2.04319 2.06175 2.07749 2.09068 2.10161 2.11056 2.11778 2.12351 2.12797 2.13131 2.13367 2.13515 2.1358 2.13564 2.13466 2.13279 2.12992 2.12592 2.12059 2.1137 2.10499 2.09418 2.08093 2.06494 2.04589 2.02353 1.99763 1.96806 1.9348 1.89795 1.85773 1.81451 1.7688 1.72121 1.67245 1.62329 1.57452 1.52693 1.48122 1.43804 1.3979 1.36118 1.32813 1.29886 1.27335 1.25147 1.233 1.21766 1.20512 1.19505 1.18708 1.18089 1.17618 1.17267 1.17012 1.16833 1.16712 1.16636 1.16594 1.16578 1.1658 1.16596 
1.1592 1.15955 1.15999 1.16053 1.16119 1.16205 1.16317 1.16467 1.16671 1.16947 1.17319 1.17816 1.18471 1.1932 1.20403 1.21759 1.23427 1.25443 1.27832 1.30615 1.33796 1.37368 1.41309 1.4558 1.50129 1.54892 1.59795 1.64759 1.69704 1.74549 1.79225 1.83667 1.87824 1.91658 1.95143 1.98268 2.01033 2.03446 2.05528 2.07301 2.08793 2.10034 2.11056 2.11885 2.1255 2.13075 2.1348 2.13782 2.13996 2.1413 2.14191 2.1418 2.14096 2.13933 2.1368 2.13323 2.12842 2.12216 2.11416 2.10413 2.09173 2.07662 2.05848 2.03701 2.01196 1.98316 1.95056 1.91422 1.87434 1.83127 1.78549 1.73762 1.68838 1.63854 1.58892 1.54033 1.49353 1.44917 1.40782 1.36991 1.33569 1.30532 1.27879 1.25598 1.23669 1.22064 1.20749 1.1969 1.18851 1.18199 1.177 1.17328 1.17057 1.16865 1.16735 1.16652 1.16606 1.16586 1.16585 1.166 
1.15923 1.15958 1.16002 1.16058 1.16127 1.16216 1.16334 1.16491 1.16706 1.16996 1.17388 1.1791 1.18597 1.19487 1.20619 1.22034 1.23771 1.25865 1.28342 1.3122 1.34502 1.38179 1.42225 1.46599 1.51245 1.56095 1.61073 1.66097 1.71085 1.75957 1.8064 1.85073 1.89203 1.92996 1.96429 1.99491 2.02186 2.04525 2.06531 2.08228 2.09648 2.1082 2.11778 2.1255 2.13165 2.13647 2.14016 2.14291 2.14485 2.14607 2.14664 2.14657 2.14585 2.14442 2.14218 2.13899 2.13465 2.12893 2.12156 2.11222 2.10057 2.08626 2.06894 2.04828 2.02401 1.99593 1.96396 1.92812 1.8886 1.84571 1.79994 1.75189 1.70227 1.65188 1.60156 1.55213 1.50439 1.45903 1.41664 1.37768 1.34244 1.3111 1.28367 1.26004 1.24002 1.22333 1.20963 1.19858 1.18981 1.18298 1.17775 1.17384 1.17097 1.16894 1.16756 1.16667 1.16616 1.16593 1.1659 1.16604 
1.15926 1.15961 1.16006 1.16062 1.16134 1.16226 1.16348 1.16513 1.16737 1.1704 1.17449 1.17994 1.18709 1.19634 1.20809 1.22276 1.24072 1.26234 1.28786 1.31746 1.35114 1.3888 1.43015 1.47475 1.52201 1.57123 1.62162 1.67235 1.72256 1.77146 1.81832 1.86252 1.90357 1.94111 1.97495 2.00501 2.03134 2.05408 2.07347 2.08979 2.10335 2.11448 2.12351 2.13075 2.13647 2.14092 2.14431 2.14683 2.1486 2.14972 2.15025 2.15021 2.14959 2.14834 2.14634 2.14346 2.13951 2.13425 2.12742 2.11867 2.10768 2.09406 2.07745 2.0575 2.03393 2.0065 1.97509 1.93972 1.90055 1.85786 1.81213 1.76396 1.71406 1.66324 1.61235 1.56224 1.51371 1.46751 1.42424 1.38439 1.34829 1.31612 1.28791 1.26358 1.24293 1.22568 1.21151 1.20006 1.19097 1.18386 1.17842 1.17433 1.17134 1.16921 1.16775 1.16681 1.16625 1.16599 1.16595 1.16607 
1.15928 1.15963 1.16009 1.16066 1.16139 1.16235 1.16361 1.16532 1.16764 1.17078 1.17502 1.18065 1.18805 1.1976 1.20971 1.2248 1.24326 1.26544 1.29159 1.32185 1.35625 1.39463 1.4367 1.48199 1.5299 1.5797 1.63057 1.68166 1.73213 1.78115 1.82801 1.87209 1.9129 1.95011 1.98353 2.01311 2.03891 2.0611 2.07994 2.09571 2.10875 2.11939 2.12797 2.1348 2.14016 2.14431 2.14746 2.14978 2.15141 2.15245 2.15295 2.15294 2.1524 2.15128 2.14948 2.14686 2.14323 2.13836 2.13196 2.12371 2.11325 2.10021 2.0842 2.06485 2.04186 2.01498 1.98406 1.9491 1.91023 1.86774 1.82207 1.77382 1.72372 1.67257 1.62122 1.57056 1.52142 1.47453 1.43055 1.38998 1.35317 1.32032 1.29147 1.26655 1.24538 1.22767 1.21311 1.20132 1.19194 1.18461 1.17899 1.17476 1.17165 1.16943 1.16791 1.16692 1.16633 1.16605 1.16599 1.1661 
1.1593 1.15965 1.16011 1.1607 1.16144 1.16242 1.16372 1.16547 1.16786 1.17109 1.17545 1.18123 1.18882 1.19861 1.211 1.22643 1.24529 1.2679 1.29454 1.32532 1.36027 1.39921 1.44184 1.48766 1.53606 1.58629 1.63753 1.6889 1.73955 1.78866 1.8355 1.87947 1.92008 1.95702 1.99011 2.0193 2.04469 2.06646 2.08485 2.1002 2.11282 2.12308 2.13131 2.13782 2.14291 2.14683 2.14978 2.15195 2.15347 2.15444 2.15492 2.15493 2.15445 2.15344 2.15179 2.14937 2.14599 2.14142 2.13536 2.1275 2.11747 2.10487 2.08933 2.07046 2.04793 2.02148 1.99095 1.95632 1.9177 1.87536 1.82976 1.78147 1.73122 1.67982 1.62814 1.57706 1.52744 1.48003 1.43551 1.39438 1.35702 1.32363 1.29429 1.26891 1.24733 1.22926 1.21438 1.20233 1.19273 1.18522 1.17945 1.1751 1.17191 1.16962 1.16805 1.16702 1.1664 1.1661 1.16603 1.16613 
1.15932 1.15967 1.16013 1.16072 1.16148 1.16248 1.1638 1.16559 1.16803 1.17133 1.17577 1.18167 1.1894 1.19935 1.21196 1.22763 1.24677 1.2697 1.29667 1.32783 1.36316 1.4025 1.44551 1.49171 1.54045 1.59098 1.64247 1.69403 1.74481 1.79397 1.8408 1.88469 1.92517 1.96192 1.99477 2.0237 2.04879 2.07025 2.08834 2.10338 2.11571 2.12569 2.13367 2.13996 2.14485 2.1486 2.15141 2.15347 2.15491 2.15583 2.15629 2.15631 2.15588 2.15495 2.15341 2.15114 2.14794 2.14358 2.13777 2.13019 2.12045 2.10818 2.09297 2.07444 2.05224 2.0261 1.99584 1.96144 1.92299 1.88077 1.83521 1.78689 1.73654 1.68497 1.63305 1.58169 1.53173 1.48396 1.43905 1.39753 1.35978 1.32602 1.29633 1.27063 1.24875 1.23042 1.21532 1.20308 1.19332 1.18567 1.17979 1.17536 1.1721 1.16976 1.16815 1.16709 1.16645 1.16614 1.16605 1.16615 
1.15933 1.15968 1.16015 1.16074 1.16151 1.16252 1.16386 1.16567 1.16814 1.17148 1.17598 1.18195 1.18977 1.19983 1.21256 1.22838 1.24768 1.27079 1.29797 1.32934 1.36489 1.40446 1.44769 1.4941 1.54304 1.59375 1.64538 1.69705 1.7479 1.79711 1.84394 1.88779 1.9282 1.96484 1.99757 2.02635 2.05128 2.07256 2.09047 2.10534 2.1175 2.12732 2.13515 2.1413 2.14607 2.14972 2.15245 2.15444 2.15583 2.15672 2.15717 2.1572 2.1568 2.15591 2.15445 2.15226 2.14918 2.14494 2.13929 2.13186 2.12231 2.11023 2.09522 2.07687 2.05486 2.02888 1.99878 1.9645 1.92615 1.88398 1.83843 1.79009 1.73967 1.68799 1.63594 1.58441 1.53426 1.48628 1.44115 1.39941 1.36144 1.32746 1.29756 1.27167 1.24962 1.23114 1.2159 1.20354 1.19369 1.18596 1.18002 1.17553 1.17223 1.16986 1.16822 1.16714 1.16649 1.16616 1.16607 1.16616 
