4.24879 4.24898 4.24921 4.24949 4.2498 4.25015 4.25055 4.25099 4.25147 4.252 4.25258 4.25321 4.2539 4.25464 4.25544 4.2563 4.25722 4.25821 4.25927 4.2604 4.26159 4.26285 4.26418 4.26558 4.26704 4.26855 4.27012 4.27174 4.27341 4.2751 4.27683 4.27857 4.28032 4.28207 4.28381 4.28552 4.2872 4.28883 4.2904 4.29189 4.29331 4.29463 4.29584 4.29694 4.29792 4.29877 4.29947 4.30004 4.30045 4.30071 4.30081 4.30076 4.30056 4.3002 4.29969 4.29904 4.29825 4.29732 4.29628 4.29512 4.29385 4.29249 4.29105 4.28953 4.28796 4.28634 4.28469 4.28301 4.28132 4.27963 4.27795 4.27629 4.27466 4.27307 4.27152 4.27004 4.26861 4.26725 4.26595 4.26474 4.2636 4.26253 4.26155 4.26065 4.25983 4.25909 4.25842 4.25783 4.25732 4.25687 4.2565 4.25619 4.25594 4.25575 4.25561 4.25553 4.2555 4.25552 4.25559 4.2557 
4.24898 4.24917 4.24941 4.24968 4.24999 4.25035 4.25075 4.25119 4.25167 4.25221 4.25279 4.25342 4.25411 4.25486 4.25566 4.25653 4.25746 4.25846 4.25953 4.26067 4.26187 4.26315 4.26449 4.2659 4.26737 4.2689 4.27049 4.27213 4.27381 4.27553 4.27727 4.27903 4.2808 4.28257 4.28433 4.28606 4.28776 4.2894 4.29099 4.29251 4.29394 4.29527 4.2965 4.29761 4.2986 4.29946 4.30017 4.30074 4.30116 4.30142 4.30153 4.30147 4.30127 4.3009 4.30039 4.29973 4.29893 4.29799 4.29693 4.29576 4.29448 4.2931 4.29164 4.29011 4.28852 4.28688 4.28521 4.28351 4.2818 4.28009 4.27839 4.27671 4.27506 4.27346 4.2719 4.27039 4.26895 4.26757 4.26626 4.26503 4.26388 4.26281 4.26182 4.2609 4.26007 4.25932 4.25865 4.25806 4.25754 4.25709 4.25671 4.25639 4.25614 4.25595 4.25581 4.25573 4.2557 4.25572 4.25578 4.25589 
4.24921 4.24941 4.24964 4.24992 4.25024 4.2506 4.251 4.25145 4.25194 4.25249 4.25309 4.25374 4.25444 4.25521 4.25604 4.25693 4.25789 4.25892 4.26002 4.26118 4.26243 4.26374 4.26512 4.26658 4.26809 4.26967 4.27131 4.273 4.27473 4.2765 4.2783 4.28011 4.28194 4.28376 4.28557 4.28735 4.2891 4.2908 4.29243 4.29399 4.29546 4.29684 4.2981 4.29925 4.30027 4.30115 4.30188 4.30247 4.30289 4.30316 4.30327 4.30322 4.303 4.30262 4.30209 4.30141 4.30059 4.29962 4.29853 4.29732 4.296 4.29458 4.29308 4.2915 4.28986 4.28817 4.28644 4.28469 4.28293 4.28117 4.27941 4.27768 4.27598 4.27433 4.27272 4.27116 4.26967 4.26825 4.2669 4.26563 4.26444 4.26333 4.26231 4.26136 4.26051 4.25973 4.25903 4.25842 4.25788 4.25741 4.25701 4.25668 4.25642 4.25622 4.25607 4.25598 4.25594 4.25596 4.25602 4.25612 
4.24949 4.24968 4.24992 4.2502 4.25052 4.25089 4.25131 4.25178 4.25229 4.25286 4.25348 4.25415 4.25489 4.25569 4.25656 4.25749 4.2585 4.25958 4.26073 4.26195 4.26326 4.26464 4.26609 4.26761 4.26921 4.27086 4.27258 4.27435 4.27617 4.27803 4.27991 4.28182 4.28373 4.28564 4.28754 4.28941 4.29124 4.29301 4.29473 4.29636 4.2979 4.29934 4.30066 4.30186 4.30292 4.30384 4.30461 4.30522 4.30566 4.30594 4.30605 4.30599 4.30576 4.30537 4.30481 4.3041 4.30323 4.30222 4.30108 4.29981 4.29842 4.29694 4.29536 4.2937 4.29198 4.29021 4.2884 4.28656 4.28471 4.28286 4.28102 4.27921 4.27742 4.27568 4.27399 4.27235 4.27079 4.26929 4.26787 4.26654 4.26528 4.26411 4.26303 4.26203 4.26113 4.2603 4.25957 4.25891 4.25834 4.25784 4.25741 4.25706 4.25677 4.25655 4.25639 4.25629 4.25624 4.25624 4.2563 4.2564 
4.2498 4.24999 4.25024 4.25052 4.25086 4.25125 4.25168 4.25217 4.25271 4.25331 4.25396 4.25468 4.25546 4.25631 4.25723 4.25822 4.25929 4.26044 4.26167 4.26298 4.26437 4.26584 4.26739 4.26902 4.27071 4.27248 4.27431 4.2762 4.27814 4.28012 4.28212 4.28415 4.28619 4.28822 4.29024 4.29223 4.29417 4.29606 4.29788 4.29961 4.30125 4.30277 4.30418 4.30545 4.30657 4.30755 4.30836 4.309 4.30947 4.30977 4.30988 4.30981 4.30957 4.30915 4.30855 4.30779 4.30687 4.30579 4.30458 4.30322 4.30175 4.30017 4.29849 4.29673 4.2949 4.29301 4.29108 4.28913 4.28716 4.28518 4.28322 4.28129 4.27938 4.27752 4.27572 4.27397 4.2723 4.2707 4.26918 4.26775 4.2664 4.26515 4.26399 4.26292 4.26194 4.26105 4.26025 4.25954 4.25892 4.25838 4.25791 4.25752 4.25721 4.25696 4.25677 4.25665 4.25658 4.25657 4.25662 4.25671 
4.25015 4.25035 4.2506 4.25089 4.25125 4.25165 4.25211 4.25263 4.2532 4.25384 4.25454 4.25531 4.25615 4.25707 4.25806 4.25913 4.26028 4.26152 4.26285 4.26427 4.26577 4.26736 4.26903 4.27079 4.27263 4.27454 4.27651 4.27855 4.28064 4.28278 4.28494 4.28713 4.28933 4.29152 4.29369 4.29583 4.29792 4.29995 4.3019 4.30377 4.30552 4.30716 4.30867 4.31003 4.31123 4.31228 4.31314 4.31383 4.31433 4.31465 4.31477 4.31469 4.31442 4.31397 4.31333 4.31251 4.31151 4.31035 4.30904 4.30759 4.306 4.3043 4.30249 4.30059 4.29862 4.29658 4.29451 4.2924 4.29027 4.28814 4.28602 4.28393 4.28187 4.27986 4.27791 4.27602 4.27421 4.27248 4.27083 4.26927 4.26781 4.26645 4.26518 4.26401 4.26294 4.26197 4.2611 4.26032 4.25963 4.25903 4.25851 4.25807 4.25771 4.25743 4.25721 4.25706 4.25698 4.25695 4.25698 4.25707 
4.25055 4.25075 4.251 4.25131 4.25168 4.25211 4.2526 4.25315 4.25377 4.25446 4.25522 4.25605 4.25697 4.25796 4.25904 4.26021 4.26147 4.26283 4.26428 4.26582 4.26746 4.2692 4.27103 4.27295 4.27495 4.27704 4.2792 4.28142 4.2837 4.28602 4.28838 4.29076 4.29315 4.29553 4.29789 4.30022 4.30249 4.30469 4.30681 4.30883 4.31073 4.31251 4.31414 4.31561 4.31692 4.31804 4.31898 4.31972 4.32026 4.32059 4.32072 4.32064 4.32034 4.31984 4.31915 4.31825 4.31717 4.31591 4.31448 4.3129 4.31118 4.30933 4.30736 4.3053 4.30315 4.30094 4.29868 4.29638 4.29406 4.29175 4.28944 4.28715 4.28491 4.28271 4.28058 4.27851 4.27653 4.27463 4.27283 4.27112 4.26951 4.26801 4.26662 4.26533 4.26415 4.26308 4.26211 4.26124 4.26047 4.25979 4.25921 4.25871 4.2583 4.25797 4.25772 4.25754 4.25742 4.25738 4.25739 4.25747 
4.25099 4.25119 4.25145 4.25178 4.25217 4.25263 4.25315 4.25375 4.25442 4.25517 4.256 4.25691 4.25791 4.259 4.26019 4.26148 4.26286 4.26435 4.26595 4.26765 4.26946 4.27137 4.27338 4.2755 4.2777 4.27999 4.28237 4.28481 4.28731 4.28986 4.29245 4.29506 4.29768 4.30029 4.30287 4.30541 4.3079 4.3103 4.31262 4.31482 4.3169 4.31883 4.32061 4.32221 4.32363 4.32486 4.32588 4.32668 4.32727 4.32763 4.32776 4.32766 4.32734 4.32679 4.32602 4.32504 4.32386 4.32248 4.32092 4.31919 4.3173 4.31527 4.31312 4.31086 4.30851 4.30609 4.30361 4.30109 4.29855 4.29601 4.29347 4.29096 4.2885 4.28608 4.28373 4.28146 4.27927 4.27718 4.27518 4.27329 4.27152 4.26985 4.26831 4.26688 4.26556 4.26436 4.26328 4.2623 4.26144 4.26067 4.26001 4.25945 4.25898 4.25859 4.25829 4.25807 4.25792 4.25785 4.25785 4.25792 
4.25147 4.25167 4.25194 4.25229 4.25271 4.2532 4.25377 4.25442 4.25516 4.25597 4.25688 4.25789 4.25899 4.2602 4.26151 4.26293 4.26446 4.26611 4.26788 4.26976 4.27176 4.27388 4.27611 4.27845 4.28088 4.28342 4.28604 4.28874 4.2915 4.29431 4.29716 4.30004 4.30292 4.30579 4.30863 4.31143 4.31415 4.3168 4.31934 4.32175 4.32403 4.32615 4.32809 4.32985 4.3314 4.33274 4.33385 4.33472 4.33536 4.33575 4.33589 4.33578 4.33542 4.33481 4.33397 4.33289 4.33159 4.33007 4.32835 4.32645 4.32438 4.32215 4.31978 4.3173 4.31471 4.31205 4.30932 4.30654 4.30374 4.30094 4.29814 4.29537 4.29265 4.28998 4.28738 4.28486 4.28244 4.28012 4.2779 4.27581 4.27383 4.27198 4.27025 4.26865 4.26718 4.26584 4.26462 4.26352 4.26254 4.26168 4.26092 4.26028 4.25973 4.25928 4.25893 4.25866 4.25848 4.25838 4.25835 4.25841 
4.252 4.25221 4.25249 4.25286 4.25331 4.25384 4.25446 4.25517 4.25597 4.25688 4.25788 4.25899 4.26021 4.26155 4.263 4.26458 4.26628 4.26812 4.27008 4.27217 4.27439 4.27674 4.27922 4.28181 4.28451 4.28732 4.29023 4.29321 4.29627 4.29938 4.30254 4.30571 4.30889 4.31206 4.31519 4.31827 4.32128 4.32419 4.32698 4.32963 4.33214 4.33446 4.3366 4.33852 4.34022 4.34169 4.3429 4.34386 4.34456 4.34498 4.34513 4.345 4.3446 4.34393 4.343 4.34181 4.34037 4.3387 4.33681 4.33471 4.33243 4.32997 4.32736 4.32462 4.32177 4.31882 4.31581 4.31275 4.30965 4.30655 4.30346 4.3004 4.29738 4.29442 4.29153 4.28874 4.28605 4.28346 4.281 4.27866 4.27646 4.27439 4.27246 4.27067 4.26902 4.26751 4.26614 4.2649 4.26379 4.26281 4.26195 4.26121 4.26058 4.26005 4.25964 4.25932 4.25909 4.25896 4.25891 4.25895 
4.25258 4.25279 4.25309 4.25348 4.25396 4.25454 4.25522 4.256 4.25688 4.25788 4.25899 4.26022 4.26158 4.26306 4.26468 4.26643 4.26833 4.27037 4.27255 4.27488 4.27735 4.27997 4.28272 4.2856 4.2886 4.29172 4.29494 4.29825 4.30164 4.30509 4.30858 4.31209 4.31561 4.3191 4.32256 4.32596 4.32927 4.33248 4.33556 4.33848 4.34123 4.34379 4.34613 4.34825 4.35011 4.35172 4.35305 4.3541 4.35486 4.35532 4.35548 4.35533 4.35489 4.35414 4.35311 4.3518 4.35021 4.34837 4.34628 4.34397 4.34145 4.33874 4.33586 4.33284 4.32969 4.32643 4.3231 4.31972 4.31629 4.31286 4.30944 4.30604 4.30269 4.29941 4.29621 4.2931 4.29011 4.28723 4.28449 4.28188 4.27942 4.2771 4.27494 4.27294 4.27108 4.26938 4.26784 4.26644 4.26518 4.26407 4.26309 4.26224 4.26151 4.26091 4.26042 4.26004 4.25976 4.25959 4.25951 4.25953 
4.25321 4.25342 4.25374 4.25415 4.25468 4.25531 4.25605 4.25691 4.25789 4.25899 4.26022 4.26159 4.26309 4.26474 4.26654 4.2685 4.27061 4.27288 4.27531 4.2779 4.28065 4.28356 4.28662 4.28982 4.29316 4.29662 4.30019 4.30387 4.30762 4.31144 4.3153 4.31919 4.32307 4.32694 4.33076 4.3345 4.33816 4.34169 4.34508 4.34829 4.35132 4.35413 4.35671 4.35903 4.36108 4.36284 4.3643 4.36545 4.36628 4.36678 4.36694 4.36678 4.36629 4.36546 4.36432 4.36287 4.36113 4.35909 4.35679 4.35424 4.35146 4.34847 4.34529 4.34196 4.33848 4.33489 4.3312 4.32746 4.32367 4.31987 4.31608 4.31232 4.3086 4.30496 4.30141 4.29796 4.29462 4.29142 4.28836 4.28546 4.28271 4.28012 4.2777 4.27546 4.27338 4.27147 4.26972 4.26814 4.26672 4.26546 4.26434 4.26337 4.26254 4.26184 4.26127 4.26083 4.2605 4.26028 4.26017 4.26017 
4.2539 4.25411 4.25444 4.25489 4.25546 4.25615 4.25697 4.25791 4.25899 4.26021 4.26158 4.26309 4.26477 4.2666 4.2686 4.27078 4.27313 4.27566 4.27836 4.28124 4.2843 4.28754 4.29093 4.29449 4.29819 4.30203 4.30599 4.31006 4.31422 4.31844 4.32271 4.32701 4.3313 4.33556 4.33978 4.34391 4.34793 4.35182 4.35555 4.35909 4.36241 4.3655 4.36833 4.37088 4.37312 4.37505 4.37665 4.37791 4.37881 4.37935 4.37953 4.37935 4.3788 4.37789 4.37663 4.37503 4.37311 4.37087 4.36833 4.36552 4.36246 4.35917 4.35566 4.35198 4.34815 4.34418 4.34012 4.33598 4.3318 4.3276 4.3234 4.31924 4.31512 4.31109 4.30714 4.30331 4.29961 4.29605 4.29265 4.28941 4.28634 4.28346 4.28075 4.27824 4.27591 4.27376 4.2718 4.27002 4.26842 4.26699 4.26573 4.26462 4.26367 4.26287 4.26221 4.26169 4.2613 4.26103 4.26089 4.26087 
4.25464 4.25486 4.25521 4.25569 4.25631 4.25707 4.25796 4.259 4.2602 4.26155 4.26306 4.26474 4.2666 4.26864 4.27087 4.27328 4.2759 4.27871 4.28171 4.28492 4.28831 4.2919 4.29567 4.29961 4.30371 4.30797 4.31235 4.31685 4.32144 4.32611 4.33082 4.33556 4.34029 4.34499 4.34963 4.35417 4.3586 4.36287 4.36697 4.37085 4.3745 4.37789 4.38099 4.38378 4.38624 4.38835 4.3901 4.39147 4.39245 4.39304 4.39323 4.39302 4.39241 4.39141 4.39003 4.38827 4.38615 4.38369 4.38091 4.37782 4.37445 4.37082 4.36697 4.36292 4.3587 4.35433 4.34985 4.34529 4.34068 4.33604 4.33141 4.3268 4.32226 4.31779 4.31342 4.30917 4.30507 4.30112 4.29734 4.29374 4.29032 4.28711 4.28409 4.28128 4.27868 4.27628 4.27408 4.27208 4.27028 4.26867 4.26724 4.26598 4.2649 4.26399 4.26323 4.26262 4.26216 4.26185 4.26167 4.26162 
4.25544 4.25566 4.25604 4.25656 4.25723 4.25806 4.25904 4.26019 4.26151 4.263 4.26468 4.26654 4.2686 4.27087 4.27334 4.27602 4.27892 4.28204 4.28537 4.28892 4.29269 4.29666 4.30083 4.30519 4.30973 4.31443 4.31927 4.32424 4.3293 4.33444 4.33964 4.34485 4.35005 4.35522 4.36031 4.3653 4.37016 4.37484 4.37933 4.38359 4.38758 4.39129 4.39468 4.39773 4.40041 4.40272 4.40463 4.40612 4.40719 4.40783 4.40803 4.4078 4.40713 4.40603 4.40451 4.40258 4.40025 4.39756 4.3945 4.39111 4.38742 4.38344 4.37921 4.37476 4.37012 4.36533 4.3604 4.35539 4.35031 4.3452 4.3401 4.33502 4.33 4.32507 4.32025 4.31555 4.31101 4.30663 4.30244 4.29845 4.29466 4.29109 4.28773 4.2846 4.2817 4.27902 4.27656 4.27432 4.2723 4.27049 4.26888 4.26746 4.26624 4.2652 4.26433 4.26364 4.2631 4.26273 4.26251 4.26244 
4.2563 4.25653 4.25693 4.25749 4.25822 4.25913 4.26021 4.26148 4.26293 4.26458 4.26643 4.2685 4.27078 4.27328 4.27602 4.27899 4.2822 4.28565 4.28934 4.29327 4.29743 4.30182 4.30642 4.31124 4.31624 4.32142 4.32675 4.33222 4.33779 4.34344 4.34915 4.35487 4.36058 4.36624 4.37182 4.37728 4.3826 4.38772 4.39263 4.39728 4.40164 4.40568 4.40938 4.41271 4.41563 4.41815 4.42022 4.42184 4.42301 4.4237 4.42391 4.42365 4.42291 4.42171 4.42004 4.41793 4.41539 4.41244 4.4091 4.4054 4.40135 4.397 4.39237 4.3875 4.38242 4.37716 4.37177 4.36626 4.36069 4.35508 4.34947 4.34389 4.33837 4.33293 4.32762 4.32244 4.31743 4.3126 4.30797 4.30355 4.29936 4.2954 4.29168 4.2882 4.28497 4.28199 4.27925 4.27675 4.27449 4.27246 4.27065 4.26906 4.26768 4.26651 4.26552 4.26473 4.26411 4.26368 4.26341 4.26331 
4.25722 4.25746 4.25789 4.2585 4.25929 4.26028 4.26147 4.26286 4.26446 4.26628 4.26833 4.27061 4.27313 4.2759 4.27892 4.2822 4.28574 4.28955 4.29362 4.29795 4.30254 4.30738 4.31245 4.31774 4.32325 4.32894 4.3348 4.3408 4.34691 4.3531 4.35935 4.36561 4.37186 4.37805 4.38414 4.39011 4.3959 4.40149 4.40684 4.4119 4.41665 4.42105 4.42508 4.42869 4.43187 4.4346 4.43685 4.43861 4.43987 4.44062 4.44084 4.44055 4.43975 4.43843 4.43662 4.43432 4.43155 4.42833 4.42469 4.42065 4.41624 4.41149 4.40644 4.40112 4.39557 4.38983 4.38393 4.37791 4.37181 4.36566 4.35952 4.3534 4.34734 4.34138 4.33554 4.32985 4.32433 4.31902 4.31391 4.30904 4.30441 4.30003 4.29592 4.29207 4.2885 4.28519 4.28215 4.27937 4.27685 4.27459 4.27257 4.27079 4.26924 4.26791 4.2668 4.2659 4.2652 4.26469 4.26438 4.26425 
4.25821 4.25846 4.25892 4.25958 4.26044 4.26152 4.26283 4.26435 4.26611 4.26812 4.27037 4.27288 4.27566 4.27871 4.28204 4.28565 4.28955 4.29374 4.29822 4.30298 4.30802 4.31334 4.3189 4.32471 4.33075 4.33698 4.3434 4.34996 4.35664 4.36341 4.37023 4.37707 4.38388 4.39062 4.39726 4.40375 4.41006 4.41613 4.42194 4.42744 4.4326 4.43737 4.44173 4.44565 4.4491 4.45205 4.45448 4.45639 4.45775 4.45855 4.45879 4.45847 4.45759 4.45616 4.45419 4.45169 4.44868 4.44518 4.44122 4.43683 4.43204 4.42688 4.42138 4.4156 4.40955 4.4033 4.39687 4.3903 4.38365 4.37694 4.37023 4.36354 4.35692 4.35039 4.344 4.33776 4.33172 4.32588 4.32027 4.31492 4.30982 4.305 4.30047 4.29623 4.29228 4.28862 4.28525 4.28217 4.27938 4.27687 4.27462 4.27264 4.27091 4.26942 4.26818 4.26716 4.26636 4.26579 4.26542 4.26526 
4.25927 4.25953 4.26002 4.26073 4.26167 4.26285 4.26428 4.26595 4.26788 4.27008 4.27255 4.27531 4.27836 4.28171 4.28537 4.28934 4.29362 4.29822 4.30313 4.30835 4.31388 4.31969 4.32579 4.33214 4.33873 4.34554 4.35254 4.3597 4.36698 4.37435 4.38178 4.38921 4.39661 4.40394 4.41115 4.41819 4.42503 4.43161 4.4379 4.44385 4.44943 4.45459 4.4593 4.46354 4.46726 4.47045 4.47307 4.47513 4.47659 4.47745 4.47771 4.47736 4.4764 4.47485 4.47271 4.47 4.46674 4.46296 4.45867 4.45392 4.44872 4.44313 4.43717 4.4309 4.42434 4.41755 4.41056 4.40343 4.39619 4.3889 4.38159 4.37431 4.36708 4.35997 4.35299 4.34618 4.33957 4.33318 4.32704 4.32117 4.31559 4.3103 4.30532 4.30066 4.29631 4.29228 4.28857 4.28517 4.28208 4.2793 4.27681 4.27461 4.27269 4.27103 4.26964 4.2685 4.26761 4.26695 4.26653 4.26633 
4.2604 4.26067 4.26118 4.26195 4.26298 4.26427 4.26582 4.26765 4.26976 4.27217 4.27488 4.2779 4.28124 4.28492 4.28892 4.29327 4.29795 4.30298 4.30835 4.31406 4.32009 4.32644 4.33308 4.34001 4.34719 4.35461 4.36222 4.37 4.37791 4.38591 4.39396 4.40202 4.41004 4.41797 4.42577 4.43338 4.44077 4.44788 4.45467 4.46109 4.46711 4.47267 4.47775 4.48231 4.48631 4.48974 4.49257 4.49477 4.49634 4.49726 4.49753 4.49715 4.49612 4.49444 4.49213 4.48921 4.4857 4.48161 4.47699 4.47185 4.46625 4.4602 4.45377 4.44698 4.43989 4.43254 4.42498 4.41726 4.40942 4.40151 4.39357 4.38567 4.37782 4.37008 4.36249 4.35508 4.34787 4.34091 4.33422 4.32781 4.3217 4.31592 4.31047 4.30536 4.30059 4.29617 4.29209 4.28836 4.28496 4.28189 4.27914 4.27671 4.27458 4.27275 4.2712 4.26993 4.26893 4.26819 4.26771 4.26747 
4.26159 4.26187 4.26243 4.26326 4.26437 4.26577 4.26746 4.26946 4.27176 4.27439 4.27735 4.28065 4.2843 4.28831 4.29269 4.29743 4.30254 4.30802 4.31388 4.32009 4.32666 4.33356 4.34079 4.34831 4.35611 4.36415 4.3724 4.38083 4.38939 4.39805 4.40676 4.41546 4.42412 4.43268 4.44108 4.44929 4.45725 4.4649 4.47221 4.47911 4.48557 4.49155 4.497 4.50189 4.50619 4.50987 4.5129 4.51526 4.51694 4.51792 4.51821 4.51779 4.51668 4.51488 4.5124 4.50925 4.50547 4.50108 4.49611 4.49059 4.48455 4.47805 4.47112 4.46381 4.45617 4.44824 4.44009 4.43175 4.42328 4.41473 4.40615 4.39759 4.3891 4.38072 4.37248 4.36444 4.35662 4.34906 4.34178 4.3348 4.32816 4.32185 4.31591 4.31033 4.30512 4.30028 4.29582 4.29173 4.288 4.28463 4.28161 4.27893 4.27659 4.27456 4.27285 4.27144 4.27033 4.2695 4.26895 4.26869 
4.26285 4.26315 4.26374 4.26464 4.26584 4.26736 4.2692 4.27137 4.27388 4.27674 4.27997 4.28356 4.28754 4.2919 4.29666 4.30182 4.30738 4.31334 4.31969 4.32644 4.33356 4.34105 4.34887 4.35702 4.36546 4.37415 4.38307 4.39217 4.40141 4.41074 4.42012 4.4295 4.43881 4.44801 4.45705 4.46586 4.4744 4.48261 4.49044 4.49784 4.50477 4.51116 4.517 4.52223 4.52683 4.53075 4.53399 4.53651 4.5383 4.53935 4.53966 4.53921 4.53801 4.53608 4.53342 4.53005 4.52601 4.5213 4.51597 4.51005 4.50358 4.49661 4.48917 4.48132 4.47311 4.4646 4.45583 4.44686 4.43774 4.42854 4.41929 4.41006 4.4009 4.39184 4.38295 4.37425 4.36579 4.3576 4.34971 4.34214 4.33493 4.32809 4.32162 4.31555 4.30988 4.30461 4.29975 4.29528 4.29121 4.28752 4.28422 4.28128 4.27871 4.27648 4.27459 4.27304 4.27181 4.27089 4.27028 4.26997 
4.26418 4.26449 4.26512 4.26609 4.26739 4.26903 4.27103 4.27338 4.27611 4.27922 4.28272 4.28662 4.29093 4.29567 4.30083 4.30642 4.31245 4.3189 4.32579 4.33308 4.34079 4.34887 4.35733 4.36612 4.37521 4.38458 4.39419 4.40398 4.41391 4.42394 4.43402 4.44407 4.45406 4.46393 4.4736 4.48304 4.49217 4.50095 4.50932 4.51722 4.52461 4.53144 4.53766 4.54324 4.54814 4.55232 4.55577 4.55845 4.56036 4.56147 4.56179 4.56131 4.56003 4.55797 4.55513 4.55154 4.54721 4.54219 4.5365 4.53017 4.52326 4.5158 4.50785 4.49946 4.49067 4.48155 4.47215 4.46254 4.45276 4.44287 4.43295 4.42303 4.41317 4.40343 4.39385 4.38447 4.37535 4.36651 4.35799 4.34981 4.34201 4.33461 4.32761 4.32103 4.31487 4.30915 4.30386 4.299 4.29457 4.29055 4.28695 4.28374 4.28093 4.27849 4.27643 4.27472 4.27336 4.27235 4.27166 4.27132 
4.26558 4.2659 4.26658 4.26761 4.26902 4.27079 4.27295 4.2755 4.27845 4.28181 4.2856 4.28982 4.29449 4.29961 4.30519 4.31124 4.31774 4.32471 4.33214 4.34001 4.34831 4.35702 4.36612 4.37557 4.38535 4.39541 4.40572 4.41622 4.42687 4.43761 4.44839 4.45915 4.46982 4.48036 4.49069 4.50075 4.51049 4.51985 4.52876 4.53717 4.54503 4.55229 4.55891 4.56484 4.57004 4.57448 4.57814 4.58099 4.58301 4.58419 4.58452 4.584 4.58264 4.58045 4.57743 4.57361 4.56901 4.56366 4.55761 4.55088 4.54351 4.53557 4.5271 4.51814 4.50877 4.49904 4.489 4.47872 4.46827 4.4577 4.44707 4.43644 4.42588 4.41543 4.40515 4.39508 4.38527 4.37576 4.36659 4.35779 4.34938 4.34139 4.33383 4.32673 4.32007 4.31388 4.30816 4.30289 4.29808 4.29372 4.28981 4.28632 4.28326 4.2806 4.27835 4.27648 4.27499 4.27387 4.27312 4.27273 
4.26704 4.26737 4.26809 4.26921 4.27071 4.27263 4.27495 4.2777 4.28088 4.28451 4.2886 4.29316 4.29819 4.30371 4.30973 4.31624 4.32325 4.33075 4.33873 4.34719 4.35611 4.36546 4.37521 4.38535 4.39582 4.40659 4.41762 4.42884 4.44022 4.45168 4.46318 4.47465 4.48602 4.49724 4.50823 4.51893 4.52928 4.53922 4.54868 4.5576 4.56594 4.57364 4.58065 4.58692 4.59243 4.59713 4.601 4.60401 4.60615 4.6074 4.60775 4.6072 4.60575 4.60342 4.60022 4.59617 4.5913 4.58563 4.57921 4.57207 4.56426 4.55582 4.54682 4.53731 4.52734 4.51699 4.5063 4.49536 4.48422 4.47295 4.46161 4.45026 4.43898 4.4278 4.4168 4.40603 4.39552 4.38533 4.37549 4.36604 4.35701 4.34842 4.34029 4.33264 4.32547 4.3188 4.31262 4.30693 4.30173 4.29702 4.29278 4.289 4.28568 4.2828 4.28035 4.27831 4.27669 4.27547 4.27464 4.27421 
4.26855 4.2689 4.26967 4.27086 4.27248 4.27454 4.27704 4.27999 4.28342 4.28732 4.29172 4.29662 4.30203 4.30797 4.31443 4.32142 4.32894 4.33698 4.34554 4.35461 4.36415 4.37415 4.38458 4.39541 4.40659 4.41808 4.42984 4.4418 4.45391 4.46611 4.47833 4.49052 4.5026 4.5145 4.52616 4.5375 4.54846 4.55898 4.56899 4.57843 4.58724 4.59537 4.60277 4.6094 4.61521 4.62018 4.62426 4.62743 4.62968 4.63099 4.63136 4.63078 4.62925 4.62679 4.62341 4.61913 4.61399 4.608 4.60121 4.59366 4.58539 4.57647 4.56694 4.55686 4.5463 4.53532 4.52399 4.51237 4.50054 4.48856 4.4765 4.46443 4.45241 4.4405 4.42877 4.41728 4.40606 4.39517 4.38465 4.37454 4.36487 4.35567 4.34695 4.33874 4.33105 4.32387 4.31723 4.31111 4.30551 4.30043 4.29586 4.29178 4.28819 4.28508 4.28242 4.28022 4.27846 4.27713 4.27622 4.27574 
4.27012 4.27049 4.27131 4.27258 4.27431 4.27651 4.2792 4.28237 4.28604 4.29023 4.29494 4.30019 4.30599 4.31235 4.31927 4.32675 4.3348 4.3434 4.35254 4.36222 4.3724 4.38307 4.39419 4.40572 4.41762 4.42984 4.44233 4.45503 4.46788 4.48082 4.49378 4.50669 4.51947 4.53206 4.54438 4.55636 4.56794 4.57904 4.5896 4.59955 4.60883 4.6174 4.62519 4.63216 4.63828 4.6435 4.64779 4.65113 4.65349 4.65487 4.65525 4.65464 4.65303 4.65044 4.64688 4.64238 4.63696 4.63065 4.6235 4.61554 4.60683 4.59741 4.58736 4.57672 4.56556 4.55396 4.54197 4.52968 4.51715 4.50446 4.49168 4.47887 4.46612 4.45347 4.44101 4.42878 4.41684 4.40524 4.39403 4.38325 4.37293 4.3631 4.35379 4.34501 4.33678 4.3291 4.32198 4.31541 4.30941 4.30395 4.29904 4.29465 4.29079 4.28743 4.28457 4.28219 4.28028 4.27884 4.27786 4.27733 
4.27174 4.27213 4.273 4.27435 4.2762 4.27855 4.28142 4.28481 4.28874 4.29321 4.29825 4.30387 4.31006 4.31685 4.32424 4.33222 4.3408 4.34996 4.3597 4.37 4.38083 4.39217 4.40398 4.41622 4.42884 4.4418 4.45503 4.46848 4.48208 4.49576 4.50944 4.52307 4.53656 4.54983 4.56282 4.57544 4.58762 4.5993 4.6104 4.62086 4.63061 4.6396 4.64778 4.6551 4.66152 4.66699 4.67149 4.67498 4.67746 4.6789 4.6793 4.67866 4.67697 4.67425 4.67052 4.6658 4.6601 4.65348 4.64597 4.63761 4.62845 4.61856 4.60798 4.59678 4.58504 4.57281 4.56018 4.54721 4.53399 4.52059 4.50708 4.49354 4.48004 4.46665 4.45345 4.44048 4.42782 4.41551 4.4036 4.39214 4.38116 4.3707 4.36078 4.35142 4.34264 4.33444 4.32684 4.31982 4.3134 4.30756 4.3023 4.2976 4.29345 4.28985 4.28677 4.28422 4.28216 4.28061 4.27955 4.27897 
4.27341 4.27381 4.27473 4.27617 4.27814 4.28064 4.2837 4.28731 4.2915 4.29627 4.30164 4.30762 4.31422 4.32144 4.3293 4.33779 4.34691 4.35664 4.36698 4.37791 4.38939 4.40141 4.41391 4.42687 4.44022 4.45391 4.46788 4.48208 4.49642 4.51083 4.52525 4.5396 4.55378 4.56774 4.58138 4.59463 4.60742 4.61966 4.6313 4.64225 4.65247 4.66188 4.67044 4.6781 4.68481 4.69053 4.69523 4.69888 4.70147 4.70298 4.70339 4.70272 4.70096 4.69811 4.69421 4.68927 4.68331 4.67638 4.66852 4.65976 4.65017 4.6398 4.6287 4.61696 4.60463 4.59178 4.57851 4.56487 4.55096 4.53685 4.52262 4.50835 4.49411 4.47998 4.46603 4.45233 4.43894 4.42591 4.4133 4.40116 4.38952 4.37842 4.36788 4.35794 4.3486 4.33988 4.33179 4.32432 4.31747 4.31124 4.30563 4.30061 4.29618 4.29232 4.28903 4.28629 4.28409 4.28242 4.28128 4.28065 
4.2751 4.27553 4.2765 4.27803 4.28012 4.28278 4.28602 4.28986 4.29431 4.29938 4.30509 4.31144 4.31844 4.32611 4.33444 4.34344 4.3531 4.36341 4.37435 4.38591 4.39805 4.41074 4.42394 4.43761 4.45168 4.46611 4.48082 4.49576 4.51083 4.52598 4.54112 4.55617 4.57105 4.58568 4.59997 4.61384 4.62722 4.64002 4.65218 4.66363 4.6743 4.68412 4.69305 4.70104 4.70803 4.714 4.7189 4.7227 4.7254 4.72697 4.7274 4.7267 4.72486 4.7219 4.71783 4.71267 4.70646 4.69923 4.69102 4.68188 4.67186 4.66102 4.64942 4.63714 4.62423 4.61079 4.59687 4.58258 4.56799 4.55318 4.53823 4.52323 4.50826 4.49339 4.4787 4.46426 4.45014 4.4364 4.42309 4.41026 4.39796 4.38622 4.37507 4.36454 4.35465 4.3454 4.33681 4.32888 4.32161 4.31498 4.30901 4.30367 4.29895 4.29484 4.29133 4.28841 4.28606 4.28427 4.28305 4.28237 
4.27683 4.27727 4.2783 4.27991 4.28212 4.28494 4.28838 4.29245 4.29716 4.30254 4.30858 4.3153 4.32271 4.33082 4.33964 4.34915 4.35935 4.37023 4.38178 4.39396 4.40676 4.42012 4.43402 4.44839 4.46318 4.47833 4.49378 4.50944 4.52525 4.54112 4.55698 4.57272 4.58828 4.60357 4.61849 4.63297 4.64693 4.66028 4.67295 4.68487 4.69598 4.70621 4.7155 4.7238 4.73108 4.73727 4.74237 4.74632 4.74913 4.75076 4.75121 4.75048 4.74857 4.74549 4.74126 4.7359 4.72944 4.72192 4.71338 4.70386 4.69342 4.68213 4.67004 4.65722 4.64376 4.62972 4.61518 4.60024 4.58498 4.56948 4.55382 4.53811 4.52241 4.50681 4.49139 4.47623 4.46138 4.44693 4.43292 4.41941 4.40644 4.39406 4.3823 4.37118 4.36073 4.35096 4.34187 4.33348 4.32578 4.31876 4.31243 4.30676 4.30175 4.29739 4.29366 4.29055 4.28805 4.28615 4.28484 4.28411 
4.27857 4.27903 4.28011 4.28182 4.28415 4.28713 4.29076 4.29506 4.30004 4.30571 4.31209 4.31919 4.32701 4.33556 4.34485 4.35487 4.36561 4.37707 4.38921 4.40202 4.41546 4.4295 4.44407 4.45915 4.47465 4.49052 4.50669 4.52307 4.5396 4.55617 4.57272 4.58915 4.60538 4.6213 4.63685 4.65192 4.66644 4.68032 4.69349 4.70588 4.71741 4.72802 4.73766 4.74628 4.75382 4.76024 4.76552 4.76962 4.77253 4.77422 4.77469 4.77393 4.77195 4.76876 4.76438 4.75882 4.75212 4.74432 4.73546 4.72558 4.71474 4.703 4.69044 4.67711 4.66309 4.64848 4.63334 4.61776 4.60184 4.58567 4.56932 4.5529 4.53649 4.52017 4.50403 4.48815 4.47259 4.45743 4.44273 4.42855 4.41493 4.40191 4.38954 4.37784 4.36683 4.35653 4.34695 4.3381 4.32997 4.32256 4.31587 4.30988 4.30458 4.29996 4.29601 4.29271 4.29006 4.28804 4.28665 4.28588 
4.28032 4.2808 4.28194 4.28373 4.28619 4.28933 4.29315 4.29768 4.30292 4.30889 4.31561 4.32307 4.3313 4.34029 4.35005 4.36058 4.37186 4.38388 4.39661 4.41004 4.42412 4.43881 4.45406 4.46982 4.48602 4.5026 4.51947 4.53656 4.55378 4.57105 4.58828 4.60538 4.62224 4.6388 4.65494 4.67058 4.68565 4.70004 4.71369 4.72652 4.73847 4.74945 4.75943 4.76834 4.77614 4.78279 4.78824 4.79248 4.79549 4.79723 4.79772 4.79694 4.79489 4.7916 4.78707 4.78132 4.7744 4.76633 4.75715 4.74692 4.7357 4.72354 4.71051 4.69669 4.68214 4.66697 4.65124 4.63505 4.6185 4.60166 4.58464 4.56753 4.55042 4.5334 4.51656 4.49997 4.48371 4.46786 4.45248 4.43763 4.42336 4.40972 4.39674 4.38447 4.37291 4.36209 4.35202 4.34271 4.33416 4.32636 4.3193 4.31299 4.3074 4.30253 4.29836 4.29488 4.29208 4.28994 4.28847 4.28765 
4.28207 4.28257 4.28376 4.28564 4.28822 4.29152 4.29553 4.30029 4.30579 4.31206 4.3191 4.32694 4.33556 4.34499 4.35522 4.36624 4.37805 4.39062 4.40394 4.41797 4.43268 4.44801 4.46393 4.48036 4.49724 4.5145 4.53206 4.54983 4.56774 4.58568 4.60357 4.6213 4.6388 4.65595 4.67267 4.68887 4.70445 4.71934 4.73345 4.74671 4.75905 4.77039 4.78069 4.78988 4.79793 4.80478 4.81041 4.81478 4.81788 4.81968 4.82019 4.81938 4.81728 4.81388 4.80921 4.80329 4.79615 4.78782 4.77835 4.76779 4.75619 4.74363 4.73016 4.71586 4.70081 4.68509 4.6688 4.65202 4.63484 4.61737 4.5997 4.58192 4.56413 4.54643 4.52889 4.51162 4.49468 4.47815 4.4621 4.4466 4.4317 4.41744 4.40387 4.39103 4.37893 4.3676 4.35705 4.34729 4.33831 4.33013 4.32272 4.31609 4.31022 4.30509 4.30071 4.29704 4.29409 4.29184 4.29028 4.28941 
4.28381 4.28433 4.28557 4.28754 4.29024 4.29369 4.29789 4.30287 4.30863 4.31519 4.32256 4.33076 4.33978 4.34963 4.36031 4.37182 4.38414 4.39726 4.41115 4.42577 4.44108 4.45705 4.4736 4.49069 4.50823 4.52616 4.54438 4.56282 4.58138 4.59997 4.61849 4.63685 4.65494 4.67267 4.68995 4.70667 4.72276 4.73812 4.75267 4.76633 4.77904 4.79073 4.80133 4.81079 4.81907 4.82613 4.83192 4.83641 4.8396 4.84146 4.84198 4.84115 4.83899 4.8355 4.8307 4.82461 4.81726 4.80869 4.79894 4.78806 4.77612 4.76316 4.74927 4.73452 4.71898 4.70275 4.68591 4.66856 4.65079 4.63271 4.61441 4.59599 4.57754 4.55917 4.54097 4.52303 4.50542 4.48824 4.47154 4.45541 4.43988 4.42503 4.41088 4.39748 4.38486 4.37302 4.362 4.3518 4.34241 4.33385 4.3261 4.31915 4.313 4.30763 4.30303 4.29918 4.29608 4.29372 4.29208 4.29117 
4.28552 4.28606 4.28735 4.28941 4.29223 4.29583 4.30022 4.30541 4.31143 4.31827 4.32596 4.3345 4.34391 4.35417 4.3653 4.37728 4.39011 4.40375 4.41819 4.43338 4.44929 4.46586 4.48304 4.50075 4.51893 4.5375 4.55636 4.57544 4.59463 4.61384 4.63297 4.65192 4.67058 4.68887 4.70667 4.7239 4.74046 4.75627 4.77124 4.78529 4.79835 4.81036 4.82125 4.83097 4.83947 4.84671 4.85265 4.85727 4.86054 4.86244 4.86298 4.86214 4.85992 4.85634 4.85142 4.84517 4.83763 4.82883 4.81882 4.80765 4.79537 4.78205 4.76775 4.75257 4.73657 4.71985 4.70249 4.6846 4.66626 4.64759 4.62869 4.60965 4.59057 4.57157 4.55272 4.53414 4.51589 4.49807 4.48075 4.464 4.44788 4.43244 4.41773 4.40379 4.39065 4.37833 4.36685 4.35622 4.34643 4.3375 4.32941 4.32216 4.31573 4.31012 4.30531 4.30129 4.29805 4.29557 4.29386 4.2929 
4.2872 4.28776 4.2891 4.29124 4.29417 4.29792 4.30249 4.3079 4.31415 4.32128 4.32927 4.33816 4.34793 4.3586 4.37016 4.3826 4.3959 4.41006 4.42503 4.44077 4.45725 4.4744 4.49217 4.51049 4.52928 4.54846 4.56794 4.58762 4.60742 4.62722 4.64693 4.66644 4.68565 4.70445 4.72276 4.74046 4.75747 4.7737 4.78906 4.80348 4.81687 4.82918 4.84034 4.8503 4.85901 4.86642 4.87251 4.87724 4.88059 4.88254 4.88309 4.88223 4.87997 4.87631 4.87127 4.86488 4.85715 4.84814 4.83788 4.82643 4.81384 4.80017 4.78551 4.76991 4.75348 4.73629 4.71844 4.70003 4.68116 4.66194 4.64245 4.62282 4.60315 4.58354 4.56408 4.54487 4.52601 4.50758 4.48966 4.47232 4.45562 4.43963 4.42438 4.40992 4.39628 4.38349 4.37157 4.36051 4.35034 4.34105 4.33263 4.32509 4.3184 4.31255 4.30754 4.30335 4.29997 4.29739 4.29559 4.29459 
4.28883 4.2894 4.2908 4.29301 4.29606 4.29995 4.30469 4.3103 4.3168 4.32419 4.33248 4.34169 4.35182 4.36287 4.37484 4.38772 4.40149 4.41613 4.43161 4.44788 4.4649 4.48261 4.50095 4.51985 4.53922 4.55898 4.57904 4.5993 4.61966 4.64002 4.66028 4.68032 4.70004 4.71934 4.73812 4.75627 4.7737 4.79033 4.80605 4.82081 4.83452 4.84711 4.85852 4.8687 4.8776 4.88518 4.8914 4.89623 4.89966 4.90166 4.90222 4.90135 4.89904 4.8953 4.89016 4.88363 4.87574 4.86653 4.85604 4.84433 4.83144 4.81746 4.80244 4.78646 4.76962 4.752 4.73369 4.71479 4.69541 4.67566 4.65563 4.63545 4.6152 4.59501 4.57497 4.55518 4.53573 4.51672 4.49823 4.48032 4.46308 4.44655 4.43078 4.41582 4.40171 4.38847 4.37612 4.36467 4.35412 4.34449 4.33575 4.32792 4.32098 4.31491 4.3097 4.30535 4.30183 4.29914 4.29728 4.29623 
4.2904 4.29099 4.29243 4.29473 4.29788 4.3019 4.30681 4.31262 4.31934 4.32698 4.33556 4.34508 4.35555 4.36697 4.37933 4.39263 4.40684 4.42194 4.4379 4.45467 4.47221 4.49044 4.50932 4.52876 4.54868 4.56899 4.5896 4.6104 4.6313 4.65218 4.67295 4.69349 4.71369 4.73345 4.75267 4.77124 4.78906 4.80605 4.82213 4.8372 4.85119 4.86404 4.87569 4.88607 4.89515 4.90288 4.90923 4.91416 4.91765 4.91969 4.92027 4.91939 4.91704 4.91323 4.90799 4.90134 4.89329 4.8839 4.8732 4.86125 4.84809 4.83381 4.81846 4.80213 4.78491 4.76688 4.74813 4.72879 4.70893 4.68868 4.66815 4.64744 4.62666 4.60592 4.58533 4.56499 4.54499 4.52543 4.5064 4.48796 4.47019 4.45315 4.43689 4.42147 4.4069 4.39323 4.38047 4.36864 4.35774 4.34778 4.33875 4.33064 4.32345 4.31717 4.31178 4.30727 4.30362 4.30084 4.2989 4.29782 
4.29189 4.29251 4.29399 4.29636 4.29961 4.30377 4.30883 4.31482 4.32175 4.32963 4.33848 4.34829 4.35909 4.37085 4.38359 4.39728 4.4119 4.42744 4.44385 4.46109 4.47911 4.49784 4.51722 4.53717 4.5576 4.57843 4.59955 4.62086 4.64225 4.66363 4.68487 4.70588 4.72652 4.74671 4.76633 4.78529 4.80348 4.82081 4.8372 4.85256 4.86682 4.87991 4.89177 4.90235 4.91159 4.91946 4.92592 4.93093 4.93449 4.93657 4.93717 4.93627 4.93388 4.93002 4.92469 4.91792 4.90973 4.90017 4.88928 4.8771 4.8637 4.84914 4.83349 4.81684 4.79926 4.78085 4.76171 4.74194 4.72165 4.70094 4.67993 4.65873 4.63745 4.6162 4.5951 4.57424 4.55373 4.53366 4.51411 4.49517 4.47691 4.4594 4.44268 4.42681 4.41182 4.39774 4.3846 4.37241 4.36118 4.3509 4.34159 4.33323 4.32581 4.31932 4.31375 4.30909 4.30533 4.30245 4.30045 4.29933 
4.29331 4.29394 4.29546 4.2979 4.30125 4.30552 4.31073 4.3169 4.32403 4.33214 4.34123 4.35132 4.36241 4.3745 4.38758 4.40164 4.41665 4.4326 4.44943 4.46711 4.48557 4.50477 4.52461 4.54503 4.56594 4.58724 4.60883 4.63061 4.65247 4.6743 4.69598 4.71741 4.73847 4.75905 4.77904 4.79835 4.81687 4.83452 4.85119 4.86682 4.88132 4.89463 4.90669 4.91744 4.92683 4.93482 4.94139 4.94649 4.9501 4.95222 4.95283 4.95192 4.9495 4.94558 4.94017 4.93329 4.92498 4.91527 4.9042 4.89182 4.87819 4.86338 4.84746 4.83051 4.8126 4.79385 4.77434 4.75419 4.73349 4.71236 4.69091 4.66926 4.64752 4.6258 4.60422 4.58288 4.56189 4.54134 4.52132 4.50192 4.48321 4.46525 4.4481 4.43181 4.41643 4.40197 4.38847 4.37595 4.3644 4.35384 4.34426 4.33566 4.32803 4.32135 4.31562 4.31082 4.30694 4.30398 4.30192 4.30075 
4.29463 4.29527 4.29684 4.29934 4.30277 4.30716 4.31251 4.31883 4.32615 4.33446 4.34379 4.35413 4.3655 4.37789 4.39129 4.40568 4.42105 4.43737 4.45459 4.47267 4.49155 4.51116 4.53144 4.55229 4.57364 4.59537 4.6174 4.6396 4.66188 4.68412 4.70621 4.72802 4.74945 4.77039 4.79073 4.81036 4.82918 4.84711 4.86404 4.87991 4.89463 4.90814 4.92037 4.93128 4.94081 4.94892 4.95557 4.96075 4.96441 4.96656 4.96718 4.96627 4.96382 4.95984 4.95436 4.9474 4.93897 4.92912 4.91789 4.90533 4.8915 4.87646 4.86029 4.84307 4.82487 4.8058 4.78596 4.76545 4.74438 4.72287 4.70102 4.67896 4.6568 4.63465 4.61264 4.59086 4.56943 4.54844 4.52799 4.50816 4.48903 4.47066 4.45311 4.43645 4.4207 4.4059 4.39207 4.37923 4.3674 4.35657 4.34675 4.33792 4.33009 4.32324 4.31735 4.31243 4.30844 4.3054 4.30328 4.30208 
4.29584 4.2965 4.2981 4.30066 4.30418 4.30867 4.31414 4.32061 4.32809 4.3366 4.34613 4.35671 4.36833 4.38099 4.39468 4.40938 4.42508 4.44173 4.4593 4.47775 4.497 4.517 4.53766 4.55891 4.58065 4.60277 4.62519 4.64778 4.67044 4.69305 4.7155 4.73766 4.75943 4.78069 4.80133 4.82125 4.84034 4.85852 4.87569 4.89177 4.90669 4.92037 4.93277 4.94381 4.95346 4.96167 4.96841 4.97365 4.97737 4.97954 4.98017 4.97925 4.97677 4.97276 4.96721 4.96017 4.95164 4.94167 4.9303 4.91757 4.90356 4.88832 4.87193 4.85446 4.836 4.81665 4.79651 4.77568 4.75428 4.73242 4.71021 4.68778 4.66524 4.6427 4.6203 4.59812 4.5763 4.55491 4.53407 4.51385 4.49434 4.4756 4.4577 4.44068 4.4246 4.40948 4.39535 4.38224 4.37014 4.35907 4.34902 4.34 4.33198 4.32497 4.31895 4.3139 4.30982 4.30671 4.30454 4.30331 
4.29694 4.29761 4.29925 4.30186 4.30545 4.31003 4.31561 4.32221 4.32985 4.33852 4.34825 4.35903 4.37088 4.38378 4.39773 4.41271 4.42869 4.44565 4.46354 4.48231 4.50189 4.52223 4.54324 4.56484 4.58692 4.6094 4.63216 4.6551 4.6781 4.70104 4.7238 4.74628 4.76834 4.78988 4.81079 4.83097 4.8503 4.8687 4.88607 4.90235 4.91744 4.93128 4.94381 4.95498 4.96473 4.97303 4.97985 4.98514 4.9889 4.99111 4.99174 4.99081 4.98832 4.98426 4.97866 4.97154 4.96293 4.95285 4.94135 4.92849 4.91432 4.8989 4.8823 4.86462 4.84593 4.82634 4.80593 4.78482 4.76313 4.74096 4.71843 4.69567 4.67279 4.64991 4.62715 4.60463 4.58245 4.56071 4.53951 4.51895 4.4991 4.48003 4.46181 4.44448 4.4281 4.4127 4.39831 4.38494 4.37261 4.36132 4.35107 4.34187 4.33369 4.32653 4.32039 4.31524 4.31107 4.30789 4.30567 4.30442 
4.29792 4.2986 4.30027 4.30292 4.30657 4.31123 4.31692 4.32363 4.3314 4.34022 4.35011 4.36108 4.37312 4.38624 4.40041 4.41563 4.43187 4.4491 4.46726 4.48631 4.50619 4.52683 4.54814 4.57004 4.59243 4.61521 4.63828 4.66152 4.68481 4.70803 4.73108 4.75382 4.77614 4.79793 4.81907 4.83947 4.85901 4.8776 4.89515 4.91159 4.92683 4.94081 4.95346 4.96473 4.97458 4.98296 4.98983 4.99518 4.99898 5.0012 5.00185 5.00092 4.9984 4.99431 4.98867 4.98148 4.97279 4.96262 4.95101 4.93803 4.92371 4.90814 4.89138 4.87351 4.85462 4.83481 4.81417 4.79282 4.77087 4.74843 4.72563 4.70258 4.6794 4.65622 4.63316 4.61033 4.58784 4.5658 4.5443 4.52343 4.50328 4.48393 4.46542 4.44783 4.43119 4.41554 4.40091 4.38733 4.37479 4.36331 4.35289 4.34352 4.3352 4.32792 4.32166 4.31642 4.31218 4.30894 4.30668 4.30541 
4.29877 4.29946 4.30115 4.30384 4.30755 4.31228 4.31804 4.32486 4.33274 4.34169 4.35172 4.36284 4.37505 4.38835 4.40272 4.41815 4.4346 4.45205 4.47045 4.48974 4.50987 4.53075 4.55232 4.57448 4.59713 4.62018 4.6435 4.66699 4.69053 4.714 4.73727 4.76024 4.78279 4.80478 4.82613 4.84671 4.86642 4.88518 4.90288 4.91946 4.93482 4.94892 4.96167 4.97303 4.98296 4.9914 4.99833 5.00372 5.00755 5.00979 5.01045 5.00951 5.00698 5.00286 4.99718 4.98994 4.98118 4.97093 4.95924 4.94615 4.93172 4.91601 4.8991 4.88108 4.86202 4.84202 4.82119 4.79964 4.77747 4.7548 4.73176 4.70847 4.68505 4.66161 4.63829 4.6152 4.59245 4.57014 4.54838 4.52726 4.50686 4.48726 4.46852 4.45069 4.43383 4.41798 4.40315 4.38937 4.37666 4.36501 4.35444 4.34494 4.3365 4.32911 4.32276 4.31744 4.31314 4.30985 4.30755 4.30626 
4.29947 4.30017 4.30188 4.30461 4.30836 4.31314 4.31898 4.32588 4.33385 4.3429 4.35305 4.3643 4.37665 4.3901 4.40463 4.42022 4.43685 4.45448 4.47307 4.49257 4.5129 4.53399 4.55577 4.57814 4.601 4.62426 4.64779 4.67149 4.69523 4.7189 4.74237 4.76552 4.78824 4.81041 4.83192 4.85265 4.87251 4.8914 4.90923 4.92592 4.94139 4.95557 4.96841 4.97985 4.98983 4.99833 5.00531 5.01073 5.01458 5.01684 5.01751 5.01656 5.01402 5.00988 5.00416 4.99688 4.98807 4.97776 4.96599 4.95281 4.93828 4.92247 4.90545 4.88729 4.86809 4.84795 4.82696 4.80523 4.78289 4.76004 4.7368 4.71331 4.68968 4.66604 4.64251 4.61921 4.59624 4.57372 4.55175 4.53042 4.50981 4.49001 4.47107 4.45306 4.43602 4.41999 4.40499 4.39106 4.37821 4.36643 4.35574 4.34612 4.33758 4.3301 4.32368 4.31829 4.31394 4.3106 4.30828 4.30697 
4.30004 4.30074 4.30247 4.30522 4.309 4.31383 4.31972 4.32668 4.33472 4.34386 4.3541 4.36545 4.37791 4.39147 4.40612 4.42184 4.43861 4.45639 4.47513 4.49477 4.51526 4.53651 4.55845 4.58099 4.60401 4.62743 4.65113 4.67498 4.69888 4.7227 4.74632 4.76962 4.79248 4.81478 4.83641 4.85727 4.87724 4.89623 4.91416 4.93093 4.94649 4.96075 4.97365 4.98514 4.99518 5.00372 5.01073 5.01618 5.02005 5.02233 5.02299 5.02205 5.01949 5.01534 5.00959 5.00228 4.99342 4.98306 4.97123 4.95799 4.94339 4.92749 4.91038 4.89212 4.87281 4.85255 4.83144 4.80958 4.7871 4.7641 4.74072 4.71708 4.69329 4.66949 4.64579 4.62232 4.59919 4.57651 4.55437 4.53288 4.51211 4.49215 4.47306 4.45491 4.43772 4.42156 4.40644 4.39239 4.37942 4.36754 4.35675 4.34705 4.33843 4.33088 4.3244 4.31896 4.31457 4.3112 4.30886 4.30754 
4.30045 4.30116 4.30289 4.30566 4.30947 4.31433 4.32026 4.32727 4.33536 4.34456 4.35486 4.36628 4.37881 4.39245 4.40719 4.42301 4.43987 4.45775 4.47659 4.49634 4.51694 4.5383 4.56036 4.58301 4.60615 4.62968 4.65349 4.67746 4.70147 4.7254 4.74913 4.77253 4.79549 4.81788 4.8396 4.86054 4.88059 4.89966 4.91765 4.93449 4.9501 4.96441 4.97737 4.9889 4.99898 5.00755 5.01458 5.02005 5.02394 5.02622 5.02689 5.02594 5.02338 5.01921 5.01345 5.00611 4.99722 4.98682 4.97495 4.96166 4.94701 4.93105 4.91387 4.89554 4.87615 4.85581 4.83461 4.81266 4.79008 4.76698 4.74349 4.71974 4.69584 4.67193 4.64812 4.62453 4.60128 4.57848 4.55623 4.53462 4.51375 4.49368 4.47448 4.45622 4.43894 4.42268 4.40748 4.39334 4.38029 4.36834 4.35748 4.34772 4.33905 4.33145 4.32493 4.31946 4.31503 4.31164 4.30929 4.30795 
4.30071 4.30142 4.30316 4.30594 4.30977 4.31465 4.32059 4.32763 4.33575 4.34498 4.35532 4.36678 4.37935 4.39304 4.40783 4.4237 4.44062 4.45855 4.47745 4.49726 4.51792 4.53935 4.56147 4.58419 4.6074 4.63099 4.65487 4.6789 4.70298 4.72697 4.75076 4.77422 4.79723 4.81968 4.84146 4.86244 4.88254 4.90166 4.91969 4.93657 4.95222 4.96656 4.97954 4.99111 5.0012 5.00979 5.01684 5.02233 5.02622 5.02851 5.02918 5.02823 5.02566 5.02148 5.01571 5.00835 4.99945 4.98903 4.97713 4.96381 4.94912 4.93313 4.9159 4.89753 4.8781 4.85771 4.83645 4.81445 4.79181 4.76865 4.74511 4.72129 4.69733 4.67335 4.64947 4.62582 4.6025 4.57963 4.55732 4.53565 4.51471 4.49457 4.47532 4.457 4.43966 4.42335 4.40809 4.39391 4.38082 4.36882 4.35793 4.34813 4.33943 4.3318 4.32525 4.31976 4.31532 4.31192 4.30955 4.30821 
