2.46536 2.46561 2.46586 2.46611 2.46636 2.4666 2.46683 2.46706 2.46728 2.46749 2.4677 2.4679 2.46809 2.46829 2.46848 2.46867 2.46887 2.46908 2.4693 2.46953 2.46978 2.47005 2.47034 2.47066 2.471 2.47137 2.47177 2.4722 2.47266 2.47315 2.47367 2.47421 2.47478 2.47536 2.47596 2.47657 2.47718 2.47779 2.4784 2.47899 2.47956 2.4801 2.48061 2.48108 2.48151 2.48188 2.4822 2.48245 2.48264 2.48277 2.48283 2.48282 2.48274 2.4826 2.48239 2.48212 2.48179 2.48141 2.48098 2.4805 2.47999 2.47945 2.47889 2.4783 2.47771 2.47711 2.47651 2.47592 2.47535 2.47478 2.47424 2.47373 2.47324 2.47279 2.47237 2.47198 2.47162 2.47131 2.47103 2.47078 2.47058 2.4704 2.47027 2.47017 2.4701 2.47006 2.47006 2.47009 2.47014 2.47023 2.47033 2.47047 2.47062 2.4708 2.47099 2.4712 2.47142 2.47166 2.4719 2.47215 
2.46561 2.46586 2.46612 2.46637 2.46661 2.46685 2.46709 2.46731 2.46753 2.46774 2.46795 2.46815 2.46834 2.46854 2.46873 2.46892 2.46912 2.46933 2.46955 2.46979 2.47004 2.47031 2.4706 2.47092 2.47127 2.47164 2.47205 2.47248 2.47295 2.47345 2.47398 2.47453 2.4751 2.4757 2.47631 2.47693 2.47756 2.47818 2.4788 2.4794 2.47999 2.48054 2.48106 2.48154 2.48198 2.48236 2.48268 2.48294 2.48314 2.48327 2.48333 2.48332 2.48324 2.48309 2.48288 2.4826 2.48226 2.48187 2.48143 2.48095 2.48043 2.47987 2.47929 2.4787 2.47809 2.47748 2.47687 2.47627 2.47568 2.47511 2.47456 2.47404 2.47354 2.47308 2.47265 2.47225 2.47189 2.47157 2.47129 2.47104 2.47083 2.47066 2.47052 2.47042 2.47035 2.47032 2.47031 2.47034 2.47039 2.47048 2.47059 2.47072 2.47087 2.47105 2.47124 2.47145 2.47168 2.47191 2.47215 2.4724 
2.46586 2.46612 2.46637 2.46662 2.46687 2.46711 2.46734 2.46757 2.46779 2.468 2.46821 2.46841 2.46861 2.46881 2.469 2.46921 2.46941 2.46963 2.46986 2.47011 2.47037 2.47066 2.47097 2.47131 2.47168 2.47209 2.47252 2.47299 2.47349 2.47402 2.47459 2.47518 2.4758 2.47644 2.47709 2.47776 2.47843 2.4791 2.47976 2.48041 2.48103 2.48163 2.48219 2.4827 2.48316 2.48357 2.48392 2.4842 2.48441 2.48454 2.48461 2.48459 2.48451 2.48435 2.48412 2.48382 2.48346 2.48304 2.48256 2.48204 2.48148 2.48089 2.48027 2.47963 2.47898 2.47832 2.47767 2.47702 2.47639 2.47578 2.47519 2.47463 2.4741 2.4736 2.47314 2.47271 2.47233 2.47198 2.47168 2.47141 2.47118 2.47099 2.47084 2.47073 2.47065 2.47061 2.4706 2.47062 2.47067 2.47075 2.47085 2.47098 2.47113 2.47131 2.4715 2.47171 2.47193 2.47216 2.47241 2.47265 
2.46611 2.46637 2.46662 2.46687 2.46712 2.46736 2.4676 2.46783 2.46805 2.46827 2.46848 2.46869 2.46889 2.4691 2.46931 2.46952 2.46975 2.46998 2.47023 2.4705 2.4708 2.47112 2.47146 2.47184 2.47226 2.47271 2.4732 2.47372 2.47428 2.47488 2.47552 2.47618 2.47687 2.47759 2.47832 2.47907 2.47982 2.48057 2.48131 2.48203 2.48273 2.48339 2.48401 2.48458 2.4851 2.48555 2.48593 2.48624 2.48647 2.48662 2.48669 2.48668 2.48658 2.4864 2.48614 2.4858 2.4854 2.48493 2.4844 2.48381 2.48319 2.48252 2.48183 2.48112 2.48039 2.47966 2.47892 2.4782 2.47749 2.47681 2.47615 2.47551 2.47492 2.47436 2.47384 2.47337 2.47293 2.47254 2.47219 2.47189 2.47163 2.47141 2.47124 2.4711 2.471 2.47094 2.47091 2.47092 2.47096 2.47103 2.47113 2.47125 2.4714 2.47157 2.47176 2.47197 2.47219 2.47242 2.47266 2.4729 
2.46636 2.46661 2.46687 2.46712 2.46737 2.46761 2.46785 2.46808 2.46831 2.46854 2.46876 2.46897 2.46919 2.46941 2.46964 2.46987 2.47012 2.47038 2.47067 2.47098 2.47131 2.47168 2.47208 2.47252 2.473 2.47352 2.47409 2.4747 2.47535 2.47605 2.47678 2.47755 2.47836 2.47918 2.48003 2.48089 2.48176 2.48262 2.48347 2.4843 2.4851 2.48586 2.48658 2.48723 2.48782 2.48834 2.48877 2.48913 2.48939 2.48956 2.48963 2.48961 2.48949 2.48928 2.48898 2.4886 2.48813 2.48759 2.48697 2.4863 2.48558 2.48482 2.48402 2.48319 2.48235 2.48151 2.48066 2.47983 2.47901 2.47821 2.47745 2.47672 2.47603 2.47538 2.47478 2.47422 2.47371 2.47326 2.47285 2.47249 2.47218 2.47192 2.4717 2.47153 2.4714 2.47131 2.47126 2.47125 2.47128 2.47133 2.47142 2.47153 2.47167 2.47184 2.47202 2.47222 2.47244 2.47267 2.47291 2.47315 
2.4666 2.46685 2.46711 2.46736 2.46761 2.46786 2.4681 2.46834 2.46858 2.46881 2.46904 2.46927 2.46951 2.46975 2.47 2.47026 2.47054 2.47085 2.47118 2.47153 2.47193 2.47236 2.47284 2.47336 2.47393 2.47455 2.47523 2.47595 2.47673 2.47755 2.47842 2.47933 2.48028 2.48126 2.48226 2.48328 2.4843 2.48531 2.48631 2.48729 2.48822 2.48911 2.48995 2.49071 2.4914 2.492 2.4925 2.49291 2.49321 2.49341 2.49349 2.49346 2.49332 2.49307 2.49272 2.49226 2.49171 2.49107 2.49035 2.48956 2.48872 2.48782 2.48688 2.48591 2.48492 2.48392 2.48293 2.48194 2.48098 2.48004 2.47913 2.47827 2.47745 2.47668 2.47596 2.4753 2.47469 2.47414 2.47365 2.47322 2.47284 2.47252 2.47225 2.47203 2.47186 2.47173 2.47165 2.47161 2.47161 2.47165 2.47172 2.47182 2.47195 2.4721 2.47228 2.47248 2.47269 2.47291 2.47315 2.47339 
2.46683 2.46709 2.46734 2.4676 2.46785 2.4681 2.46835 2.4686 2.46884 2.46909 2.46933 2.46959 2.46984 2.47011 2.47039 2.47069 2.47102 2.47137 2.47176 2.47219 2.47266 2.47318 2.47375 2.47438 2.47507 2.47582 2.47663 2.4775 2.47844 2.47943 2.48047 2.48157 2.4827 2.48387 2.48507 2.48628 2.48749 2.4887 2.48989 2.49104 2.49215 2.4932 2.49419 2.49509 2.4959 2.4966 2.4972 2.49768 2.49803 2.49826 2.49835 2.49831 2.49814 2.49784 2.49742 2.49687 2.49622 2.49546 2.4946 2.49367 2.49266 2.49159 2.49047 2.48932 2.48814 2.48695 2.48577 2.48459 2.48344 2.48231 2.48123 2.48019 2.47921 2.47829 2.47742 2.47662 2.47589 2.47522 2.47462 2.47409 2.47363 2.47322 2.47288 2.4726 2.47238 2.4722 2.47208 2.47201 2.47198 2.47199 2.47204 2.47212 2.47223 2.47238 2.47254 2.47273 2.47293 2.47315 2.47339 2.47363 
2.46706 2.46731 2.46757 2.46783 2.46808 2.46834 2.4686 2.46886 2.46911 2.46937 2.46964 2.46991 2.4702 2.4705 2.47083 2.47118 2.47156 2.47198 2.47244 2.47296 2.47352 2.47415 2.47485 2.47561 2.47644 2.47735 2.47834 2.47939 2.48052 2.48172 2.48298 2.4843 2.48567 2.48707 2.48851 2.48996 2.49141 2.49285 2.49427 2.49565 2.49697 2.49822 2.49939 2.50046 2.50141 2.50225 2.50295 2.50351 2.50393 2.50419 2.5043 2.50425 2.50404 2.50368 2.50317 2.50252 2.50173 2.50083 2.49981 2.49869 2.49748 2.49621 2.49487 2.49349 2.49208 2.49066 2.48924 2.48783 2.48644 2.48509 2.48379 2.48254 2.48136 2.48024 2.47919 2.47822 2.47733 2.47652 2.47578 2.47513 2.47455 2.47405 2.47362 2.47326 2.47297 2.47273 2.47256 2.47244 2.47237 2.47235 2.47237 2.47243 2.47252 2.47265 2.4728 2.47298 2.47318 2.47339 2.47362 2.47386 
2.46728 2.46753 2.46779 2.46805 2.46831 2.46858 2.46884 2.46911 2.46939 2.46967 2.46996 2.47026 2.47059 2.47093 2.47131 2.47172 2.47217 2.47267 2.47323 2.47385 2.47454 2.4753 2.47615 2.47707 2.47809 2.47919 2.48038 2.48167 2.48303 2.48448 2.48601 2.48759 2.48924 2.49093 2.49265 2.49439 2.49613 2.49786 2.49955 2.50119 2.50276 2.50425 2.50564 2.50691 2.50804 2.50903 2.50986 2.51052 2.51101 2.51131 2.51143 2.51137 2.51111 2.51068 2.51007 2.50929 2.50836 2.50727 2.50606 2.50472 2.50328 2.50175 2.50016 2.49851 2.49682 2.49512 2.49341 2.49172 2.49006 2.48844 2.48687 2.48536 2.48393 2.48257 2.48131 2.48013 2.47904 2.47805 2.47715 2.47635 2.47564 2.47501 2.47447 2.47402 2.47364 2.47333 2.47309 2.47292 2.4728 2.47274 2.47272 2.47275 2.47282 2.47293 2.47306 2.47323 2.47342 2.47362 2.47384 2.47408 
2.46749 2.46774 2.468 2.46827 2.46854 2.46881 2.46909 2.46937 2.46967 2.46997 2.4703 2.47064 2.47101 2.47141 2.47185 2.47233 2.47287 2.47347 2.47414 2.47489 2.47573 2.47665 2.47768 2.4788 2.48003 2.48137 2.48282 2.48437 2.48602 2.48777 2.48961 2.49152 2.4935 2.49552 2.49759 2.49966 2.50174 2.5038 2.50581 2.50777 2.50963 2.5114 2.51304 2.51454 2.51588 2.51705 2.51803 2.5188 2.51937 2.51973 2.51986 2.51978 2.51947 2.51896 2.51823 2.5173 2.51618 2.5149 2.51345 2.51186 2.51014 2.50832 2.50642 2.50445 2.50244 2.5004 2.49837 2.49634 2.49435 2.4924 2.49051 2.4887 2.48697 2.48534 2.48381 2.48238 2.48106 2.47986 2.47876 2.47778 2.4769 2.47613 2.47546 2.47488 2.4744 2.474 2.47368 2.47344 2.47327 2.47315 2.4731 2.47309 2.47313 2.47321 2.47333 2.47348 2.47365 2.47385 2.47406 2.47429 
2.4677 2.46795 2.46821 2.46848 2.46876 2.46904 2.46933 2.46964 2.46996 2.4703 2.47066 2.47104 2.47147 2.47193 2.47245 2.47303 2.47367 2.47439 2.4752 2.47611 2.47712 2.47824 2.47948 2.48084 2.48233 2.48395 2.48569 2.48756 2.48955 2.49165 2.49385 2.49614 2.4985 2.50093 2.50338 2.50586 2.50833 2.51077 2.51316 2.51547 2.51768 2.51976 2.5217 2.52346 2.52504 2.52641 2.52756 2.52847 2.52914 2.52955 2.5297 2.52959 2.52923 2.52861 2.52774 2.52665 2.52532 2.5238 2.52208 2.5202 2.51816 2.51601 2.51375 2.51141 2.50902 2.5066 2.50417 2.50176 2.49938 2.49705 2.49479 2.49262 2.49055 2.48859 2.48675 2.48503 2.48343 2.48197 2.48064 2.47944 2.47837 2.47742 2.4766 2.47588 2.47527 2.47477 2.47435 2.47403 2.47378 2.47361 2.4735 2.47345 2.47346 2.47351 2.4736 2.47373 2.47389 2.47407 2.47428 2.4745 
2.4679 2.46815 2.46841 2.46869 2.46897 2.46927 2.46959 2.46991 2.47026 2.47064 2.47104 2.47149 2.47198 2.47252 2.47313 2.47382 2.47459 2.47545 2.47643 2.47752 2.47873 2.48009 2.48158 2.48322 2.48501 2.48696 2.48905 2.49129 2.49367 2.49618 2.49881 2.50153 2.50434 2.50722 2.51013 2.51306 2.51598 2.51886 2.52168 2.5244 2.527 2.52944 2.53171 2.53378 2.53563 2.53723 2.53857 2.53963 2.5404 2.54088 2.54105 2.54092 2.54048 2.53975 2.53873 2.53743 2.53588 2.53408 2.53206 2.52984 2.52744 2.5249 2.52223 2.51948 2.51665 2.51379 2.51091 2.50805 2.50522 2.50246 2.49978 2.49719 2.49472 2.49237 2.49017 2.4881 2.48619 2.48443 2.48283 2.48138 2.48007 2.47892 2.4779 2.47702 2.47627 2.47563 2.47511 2.47468 2.47435 2.4741 2.47394 2.47384 2.4738 2.47381 2.47388 2.47398 2.47412 2.47429 2.47449 2.47471 
2.46809 2.46834 2.46861 2.46889 2.46919 2.46951 2.46984 2.4702 2.47059 2.47101 2.47147 2.47198 2.47255 2.47319 2.47391 2.47472 2.47564 2.47668 2.47784 2.47915 2.48061 2.48223 2.48402 2.48599 2.48813 2.49045 2.49295 2.49562 2.49845 2.50143 2.50455 2.50777 2.5111 2.51449 2.51792 2.52137 2.5248 2.52818 2.53147 2.53465 2.53769 2.54054 2.54319 2.5456 2.54774 2.5496 2.55115 2.55238 2.55327 2.55382 2.55401 2.55385 2.55333 2.55247 2.55128 2.54976 2.54794 2.54584 2.54348 2.54088 2.53808 2.5351 2.53197 2.52873 2.52542 2.52205 2.51867 2.51529 2.51196 2.5087 2.50552 2.50246 2.49953 2.49675 2.49412 2.49166 2.48938 2.48727 2.48535 2.48361 2.48204 2.48064 2.47941 2.47833 2.4774 2.47662 2.47596 2.47542 2.47499 2.47466 2.47441 2.47425 2.47416 2.47414 2.47417 2.47424 2.47436 2.47451 2.4747 2.47491 
2.46829 2.46854 2.46881 2.4691 2.46941 2.46975 2.47011 2.4705 2.47093 2.47141 2.47193 2.47252 2.47319 2.47394 2.47479 2.47575 2.47685 2.47808 2.47948 2.48104 2.48278 2.48471 2.48685 2.48919 2.49174 2.49449 2.49746 2.50061 2.50396 2.50747 2.51114 2.51494 2.51884 2.52281 2.52683 2.53086 2.53486 2.53879 2.54263 2.54632 2.54984 2.55315 2.55621 2.559 2.56148 2.56362 2.56541 2.56682 2.56784 2.56846 2.56868 2.56848 2.56788 2.56688 2.56549 2.56373 2.56161 2.55917 2.55643 2.55341 2.55015 2.54668 2.54304 2.53927 2.5354 2.53147 2.52752 2.52357 2.51967 2.51583 2.51211 2.5085 2.50505 2.50176 2.49866 2.49575 2.49304 2.49054 2.48825 2.48617 2.48429 2.48261 2.48113 2.47983 2.4787 2.47773 2.47692 2.47624 2.4757 2.47527 2.47494 2.47471 2.47456 2.47448 2.47447 2.47451 2.4746 2.47474 2.47491 2.47511 
2.46848 2.46873 2.469 2.46931 2.46964 2.47 2.47039 2.47083 2.47131 2.47185 2.47245 2.47313 2.47391 2.47479 2.47579 2.47693 2.47823 2.4797 2.48135 2.4832 2.48527 2.48757 2.4901 2.49286 2.49587 2.49913 2.50261 2.50633 2.51025 2.51437 2.51866 2.52309 2.52764 2.53226 2.53693 2.5416 2.54624 2.55079 2.55522 2.55948 2.56354 2.56735 2.57087 2.57406 2.5769 2.57936 2.5814 2.58302 2.58418 2.58489 2.58512 2.58489 2.58419 2.58303 2.58143 2.5794 2.57696 2.57415 2.57098 2.5675 2.56374 2.55974 2.55553 2.55116 2.54668 2.54212 2.53753 2.53294 2.5284 2.52394 2.51958 2.51537 2.51133 2.50748 2.50384 2.50041 2.49722 2.49427 2.49156 2.48909 2.48686 2.48487 2.48309 2.48153 2.48017 2.479 2.47801 2.47718 2.47649 2.47595 2.47552 2.4752 2.47498 2.47485 2.47479 2.4748 2.47486 2.47497 2.47512 2.47531 
2.46867 2.46892 2.46921 2.46952 2.46987 2.47026 2.47069 2.47118 2.47172 2.47233 2.47303 2.47382 2.47472 2.47575 2.47693 2.47828 2.47981 2.48154 2.48349 2.48568 2.48812 2.49083 2.4938 2.49706 2.50059 2.5044 2.50848 2.51281 2.51739 2.52218 2.52716 2.5323 2.53756 2.54291 2.5483 2.55368 2.55901 2.56424 2.56932 2.5742 2.57884 2.58319 2.58721 2.59085 2.59409 2.59688 2.5992 2.60103 2.60235 2.60314 2.6034 2.60313 2.60233 2.601 2.59916 2.59684 2.59405 2.59083 2.58721 2.58322 2.57891 2.57432 2.56949 2.56448 2.55932 2.55407 2.54878 2.54348 2.53823 2.53306 2.52802 2.52313 2.51843 2.51395 2.5097 2.5057 2.50197 2.49851 2.49532 2.49242 2.48979 2.48743 2.48532 2.48346 2.48184 2.48044 2.47924 2.47823 2.47739 2.47671 2.47617 2.47575 2.47545 2.47525 2.47513 2.47509 2.47512 2.4752 2.47533 2.47551 
2.46887 2.46912 2.46941 2.46975 2.47012 2.47054 2.47102 2.47156 2.47217 2.47287 2.47367 2.47459 2.47564 2.47685 2.47823 2.47981 2.48161 2.48364 2.48593 2.4885 2.49137 2.49453 2.49801 2.50181 2.50593 2.51036 2.5151 2.52013 2.52542 2.53096 2.5367 2.54262 2.54867 2.55481 2.56098 2.56713 2.57322 2.57918 2.58497 2.59052 2.59579 2.60073 2.60528 2.60941 2.61306 2.61622 2.61884 2.6209 2.62238 2.62327 2.62355 2.62324 2.62232 2.62081 2.61872 2.61609 2.61292 2.60926 2.60515 2.60061 2.59571 2.59048 2.58498 2.57926 2.57337 2.56737 2.5613 2.55523 2.5492 2.54326 2.53746 2.53182 2.5264 2.52121 2.51629 2.51165 2.50731 2.50328 2.49957 2.49618 2.49309 2.49032 2.48784 2.48565 2.48373 2.48206 2.48062 2.47941 2.47839 2.47756 2.47689 2.47636 2.47597 2.47569 2.47551 2.47541 2.4754 2.47545 2.47556 2.47572 
2.46908 2.46933 2.46963 2.46998 2.47038 2.47085 2.47137 2.47198 2.47267 2.47347 2.47439 2.47545 2.47668 2.47808 2.4797 2.48154 2.48364 2.48602 2.4887 2.49169 2.49503 2.49871 2.50276 2.50716 2.51193 2.51705 2.52252 2.52831 2.5344 2.54075 2.54733 2.5541 2.56101 2.568 2.57502 2.58201 2.58891 2.59567 2.60221 2.60848 2.61442 2.61998 2.6251 2.62974 2.63384 2.63738 2.64032 2.64262 2.64428 2.64526 2.64557 2.64521 2.64417 2.64246 2.64012 2.63714 2.63358 2.62945 2.62481 2.6197 2.61416 2.60825 2.60202 2.59554 2.58886 2.58205 2.57515 2.56824 2.56137 2.55459 2.54795 2.5415 2.53527 2.52931 2.52365 2.5183 2.51329 2.50864 2.50433 2.50039 2.49681 2.49357 2.49068 2.48811 2.48585 2.48388 2.48218 2.48073 2.47952 2.47851 2.47769 2.47703 2.47653 2.47616 2.47591 2.47576 2.4757 2.47571 2.47579 2.47594 
2.4693 2.46955 2.46986 2.47023 2.47067 2.47118 2.47176 2.47244 2.47323 2.47414 2.4752 2.47643 2.47784 2.47948 2.48135 2.48349 2.48593 2.4887 2.49181 2.49528 2.49914 2.5034 2.50807 2.51314 2.51863 2.52451 2.53078 2.5374 2.54435 2.55159 2.55908 2.56677 2.57459 2.58251 2.59044 2.59832 2.6061 2.61369 2.62104 2.62807 2.63473 2.64094 2.64666 2.65184 2.65641 2.66035 2.66362 2.66618 2.66801 2.6691 2.66944 2.66902 2.66786 2.66595 2.66332 2.66 2.65601 2.6514 2.6462 2.64047 2.63426 2.62762 2.62063 2.61334 2.60582 2.59813 2.59035 2.58253 2.57475 2.56706 2.55952 2.55218 2.54509 2.53829 2.53181 2.52569 2.51995 2.51459 2.50964 2.5051 2.50095 2.49721 2.49385 2.49086 2.48822 2.48592 2.48392 2.48221 2.48077 2.47956 2.47858 2.47778 2.47716 2.47669 2.47635 2.47613 2.47602 2.47599 2.47604 2.47617 
2.46953 2.46979 2.47011 2.4705 2.47098 2.47153 2.47219 2.47296 2.47385 2.47489 2.47611 2.47752 2.47915 2.48104 2.4832 2.48568 2.4885 2.49169 2.49528 2.49928 2.50373 2.50862 2.51397 2.51978 2.52605 2.53276 2.53989 2.54742 2.5553 2.5635 2.57196 2.58063 2.58945 2.59834 2.60724 2.61608 2.62477 2.63325 2.64144 2.64928 2.65668 2.66358 2.66993 2.67566 2.68072 2.68508 2.68868 2.69151 2.69353 2.69473 2.69509 2.69462 2.69332 2.69121 2.68829 2.6846 2.68017 2.67505 2.66927 2.6629 2.65598 2.64859 2.64079 2.63264 2.62423 2.61562 2.60689 2.59811 2.58936 2.58069 2.57218 2.56389 2.55586 2.54815 2.5408 2.53384 2.52729 2.52118 2.51552 2.51031 2.50555 2.50125 2.49737 2.49392 2.49086 2.48819 2.48586 2.48386 2.48217 2.48074 2.47956 2.47861 2.47785 2.47726 2.47683 2.47654 2.47636 2.47629 2.47631 2.47641 
2.46978 2.47004 2.47037 2.4708 2.47131 2.47193 2.47266 2.47352 2.47454 2.47573 2.47712 2.47873 2.48061 2.48278 2.48527 2.48812 2.49137 2.49503 2.49914 2.50373 2.5088 2.51439 2.52049 2.5271 2.53421 2.54182 2.54988 2.55838 2.56726 2.57649 2.58599 2.5957 2.60556 2.61549 2.62541 2.63524 2.6449 2.65431 2.66338 2.67204 2.68021 2.68783 2.69482 2.70113 2.70669 2.71148 2.71543 2.71853 2.72074 2.72205 2.72244 2.72192 2.72048 2.71815 2.71493 2.71087 2.70599 2.70034 2.69396 2.68692 2.67928 2.6711 2.66245 2.65341 2.64407 2.63449 2.62477 2.61497 2.60519 2.59549 2.58595 2.57664 2.56761 2.55892 2.55063 2.54275 2.53534 2.52841 2.52198 2.51605 2.51063 2.5057 2.50127 2.4973 2.49379 2.4907 2.48801 2.48569 2.48371 2.48204 2.48066 2.47952 2.47861 2.4779 2.47736 2.47698 2.47674 2.47661 2.4766 2.47668 
2.47005 2.47031 2.47066 2.47112 2.47168 2.47236 2.47318 2.47415 2.4753 2.47665 2.47824 2.48009 2.48223 2.48471 2.48757 2.49083 2.49453 2.49871 2.5034 2.50862 2.51439 2.52072 2.52763 2.5351 2.54313 2.55169 2.56076 2.57029 2.58023 2.59054 2.60113 2.61195 2.6229 2.63392 2.6449 2.65577 2.66643 2.67679 2.68677 2.69628 2.70525 2.71359 2.72124 2.72813 2.73422 2.73943 2.74374 2.74712 2.74952 2.75094 2.75136 2.75078 2.74921 2.74665 2.74314 2.73869 2.73335 2.72716 2.72018 2.71246 2.70406 2.69507 2.68555 2.6756 2.66528 2.6547 2.64394 2.63308 2.62222 2.61143 2.60081 2.59041 2.58033 2.5706 2.56129 2.55245 2.54411 2.5363 2.52903 2.52232 2.51618 2.51059 2.50554 2.50102 2.49701 2.49347 2.49038 2.48771 2.48542 2.48348 2.48186 2.48053 2.47945 2.4786 2.47794 2.47747 2.47715 2.47697 2.47691 2.47696 
2.47034 2.4706 2.47097 2.47146 2.47208 2.47284 2.47375 2.47485 2.47615 2.47768 2.47948 2.48158 2.48402 2.48685 2.4901 2.4938 2.49801 2.50276 2.50807 2.51397 2.52049 2.52763 2.5354 2.54379 2.55279 2.56237 2.5725 2.58312 2.59419 2.60563 2.61737 2.62933 2.64143 2.65357 2.66565 2.67758 2.68927 2.70061 2.71152 2.7219 2.73167 2.74075 2.74906 2.75655 2.76314 2.7688 2.77347 2.77711 2.77971 2.78124 2.78169 2.78106 2.77935 2.77657 2.77275 2.76793 2.76213 2.7554 2.74779 2.73938 2.73023 2.72041 2.71001 2.6991 2.6878 2.67618 2.66434 2.65238 2.6404 2.62848 2.61672 2.60519 2.59399 2.58317 2.57279 2.56292 2.55359 2.54484 2.53668 2.52914 2.52222 2.51591 2.5102 2.50508 2.50052 2.4965 2.49297 2.48991 2.48729 2.48506 2.48318 2.48163 2.48037 2.47936 2.47858 2.478 2.4776 2.47735 2.47724 2.47727 
2.47066 2.47092 2.47131 2.47184 2.47252 2.47336 2.47438 2.47561 2.47707 2.4788 2.48084 2.48322 2.48599 2.48919 2.49286 2.49706 2.50181 2.50716 2.51314 2.51978 2.5271 2.5351 2.54379 2.55316 2.56319 2.57384 2.58508 2.59685 2.60909 2.62171 2.63464 2.64779 2.66107 2.67436 2.68757 2.70059 2.71332 2.72566 2.7375 2.74875 2.75933 2.76915 2.77813 2.7862 2.79331 2.7994 2.80442 2.80834 2.81113 2.81276 2.81324 2.81256 2.81071 2.80772 2.80361 2.7984 2.79214 2.78487 2.77666 2.76755 2.75764 2.74698 2.73568 2.72383 2.71151 2.69883 2.68589 2.6728 2.65966 2.64658 2.63363 2.62094 2.60856 2.5966 2.5851 2.57415 2.56377 2.55402 2.54493 2.5365 2.52874 2.52167 2.51525 2.50949 2.50434 2.49979 2.49579 2.49232 2.48933 2.48677 2.48462 2.48283 2.48137 2.48019 2.47927 2.47858 2.47808 2.47777 2.47761 2.4776 
2.471 2.47127 2.47168 2.47226 2.473 2.47393 2.47507 2.47644 2.47809 2.48003 2.48233 2.48501 2.48813 2.49174 2.49587 2.50059 2.50593 2.51193 2.51863 2.52605 2.53421 2.54313 2.55279 2.56319 2.5743 2.58608 2.59848 2.61144 2.62488 2.63873 2.65289 2.66725 2.68173 2.69619 2.71054 2.72467 2.73845 2.75178 2.76456 2.77669 2.78807 2.79862 2.80825 2.8169 2.82451 2.83102 2.83639 2.84058 2.84355 2.8453 2.84581 2.84507 2.8431 2.8399 2.83549 2.82991 2.8232 2.81541 2.80658 2.7968 2.78613 2.77465 2.76245 2.74963 2.7363 2.72255 2.7085 2.69426 2.67994 2.66565 2.65149 2.63758 2.624 2.61084 2.59819 2.5861 2.57463 2.56383 2.55374 2.54438 2.53574 2.52785 2.52069 2.51423 2.50846 2.50334 2.49884 2.49492 2.49153 2.48864 2.48619 2.48414 2.48246 2.48109 2.48002 2.4792 2.47861 2.47822 2.47801 2.47796 
2.47137 2.47164 2.47209 2.47271 2.47352 2.47455 2.47582 2.47735 2.47919 2.48137 2.48395 2.48696 2.49045 2.49449 2.49913 2.5044 2.51036 2.51705 2.52451 2.53276 2.54182 2.55169 2.56237 2.57384 2.58608 2.59902 2.61262 2.62681 2.6415 2.6566 2.67201 2.68761 2.7033 2.71895 2.73445 2.74967 2.7645 2.77883 2.79253 2.80552 2.81769 2.82895 2.83922 2.84844 2.85654 2.86346 2.86916 2.8736 2.87676 2.87862 2.87915 2.87837 2.87627 2.87286 2.86818 2.86225 2.8551 2.84679 2.83738 2.82693 2.81551 2.80322 2.79013 2.77636 2.76201 2.7472 2.73203 2.71663 2.70111 2.6856 2.67021 2.65506 2.64024 2.62586 2.61199 2.59873 2.58613 2.57424 2.56311 2.55276 2.54321 2.53445 2.52649 2.51931 2.51288 2.50716 2.50212 2.49772 2.49391 2.49065 2.48787 2.48555 2.48363 2.48207 2.48083 2.47988 2.47918 2.4787 2.47843 2.47835 
2.47177 2.47205 2.47252 2.4732 2.47409 2.47523 2.47663 2.47834 2.48038 2.48282 2.48569 2.48905 2.49295 2.49746 2.50261 2.50848 2.5151 2.52252 2.53078 2.53989 2.54988 2.56076 2.5725 2.58508 2.59848 2.61262 2.62746 2.6429 2.65886 2.67523 2.6919 2.70875 2.72566 2.7425 2.75914 2.77545 2.79131 2.80661 2.82122 2.83504 2.84798 2.85993 2.87082 2.88058 2.88914 2.89646 2.90248 2.90717 2.9105 2.91245 2.91302 2.91219 2.90997 2.90638 2.90143 2.89516 2.8876 2.8788 2.86882 2.85773 2.84559 2.8325 2.81855 2.80385 2.7885 2.77262 2.75634 2.73978 2.72307 2.70633 2.68969 2.67327 2.65719 2.64156 2.62646 2.61199 2.59822 2.5852 2.57299 2.56162 2.5511 2.54145 2.53266 2.52471 2.51758 2.51123 2.50562 2.50072 2.49646 2.4928 2.48968 2.48707 2.48489 2.48312 2.4817 2.48061 2.47979 2.47923 2.47889 2.47877 
2.4722 2.47248 2.47299 2.47372 2.4747 2.47595 2.4775 2.47939 2.48167 2.48437 2.48756 2.49129 2.49562 2.50061 2.50633 2.51281 2.52013 2.52831 2.5374 2.54742 2.55838 2.57029 2.58312 2.59685 2.61144 2.62681 2.6429 2.65962 2.67686 2.6945 2.71244 2.73054 2.74866 2.76667 2.78443 2.80182 2.81869 2.83494 2.85042 2.86505 2.87872 2.89133 2.90281 2.91308 2.92209 2.92977 2.93609 2.94101 2.94451 2.94655 2.94715 2.94628 2.94396 2.94019 2.935 2.92841 2.92046 2.9112 2.90068 2.88898 2.87615 2.8623 2.84751 2.8319 2.81558 2.79866 2.78128 2.76357 2.74567 2.7277 2.70981 2.69213 2.67477 2.65787 2.64151 2.62581 2.61084 2.59666 2.58334 2.57091 2.5594 2.54882 2.53916 2.53041 2.52255 2.51554 2.50934 2.50389 2.49916 2.49509 2.49161 2.48868 2.48624 2.48424 2.48264 2.48138 2.48044 2.47979 2.47939 2.47922 
2.47266 2.47295 2.47349 2.47428 2.47535 2.47673 2.47844 2.48052 2.48303 2.48602 2.48955 2.49367 2.49845 2.50396 2.51025 2.51739 2.52542 2.5344 2.54435 2.5553 2.56726 2.58023 2.59419 2.60909 2.62488 2.6415 2.65886 2.67686 2.69538 2.71431 2.7335 2.75283 2.77215 2.79131 2.81017 2.8286 2.84645 2.8636 2.87992 2.89532 2.90968 2.92291 2.93494 2.94569 2.95511 2.96313 2.96973 2.97487 2.97851 2.98065 2.98127 2.98037 2.97795 2.97403 2.96861 2.96173 2.95343 2.94374 2.93272 2.92044 2.90697 2.89239 2.87681 2.86032 2.84305 2.82513 2.80668 2.78785 2.76877 2.74959 2.73045 2.7115 2.69287 2.67469 2.65707 2.64011 2.62392 2.60857 2.59411 2.5806 2.56806 2.55652 2.54596 2.53639 2.52777 2.52007 2.51324 2.50724 2.50202 2.49751 2.49365 2.49039 2.48767 2.48543 2.48363 2.48221 2.48114 2.48039 2.47991 2.47971 
2.47315 2.47345 2.47402 2.47488 2.47605 2.47755 2.47943 2.48172 2.48448 2.48777 2.49165 2.49618 2.50143 2.50747 2.51437 2.52218 2.53096 2.54075 2.55159 2.5635 2.57649 2.59054 2.60563 2.62171 2.63873 2.6566 2.67523 2.6945 2.71431 2.7345 2.75493 2.77547 2.79595 2.81623 2.83616 2.85558 2.87437 2.89238 2.9095 2.92561 2.94062 2.95443 2.96697 2.97816 2.98795 2.99629 3.00314 3.00847 3.01225 3.01448 3.01512 3.0142 3.0117 3.00763 3.00202 2.99488 2.98625 2.97617 2.96469 2.95188 2.9378 2.92255 2.90621 2.8889 2.87073 2.85184 2.83236 2.81243 2.79221 2.77184 2.75148 2.73127 2.71137 2.69191 2.67302 2.65481 2.63739 2.62084 2.60523 2.59062 2.57704 2.56451 2.55304 2.54261 2.53321 2.5248 2.51733 2.51075 2.50501 2.50004 2.49579 2.49219 2.48917 2.48669 2.48467 2.48309 2.48188 2.48102 2.48047 2.48022 
2.47367 2.47398 2.47459 2.47552 2.47678 2.47842 2.48047 2.48298 2.48601 2.48961 2.49385 2.49881 2.50455 2.51114 2.51866 2.52716 2.5367 2.54733 2.55908 2.57196 2.58599 2.60113 2.61737 2.63464 2.65289 2.67201 2.6919 2.71244 2.7335 2.75493 2.77658 2.7983 2.81991 2.84126 2.8622 2.88258 2.90224 2.92107 2.93893 2.95571 2.97131 2.98565 2.99865 3.01024 3.02037 3.02899 3.03606 3.04157 3.04547 3.04777 3.04845 3.0475 3.04493 3.04074 3.03496 3.02759 3.01868 3.00825 2.99636 2.98306 2.96843 2.95255 2.93552 2.91743 2.89841 2.8786 2.85813 2.83715 2.81582 2.79429 2.77273 2.7513 2.73015 2.70943 2.68927 2.66982 2.65116 2.63341 2.61664 2.60092 2.58627 2.57275 2.56034 2.54904 2.53884 2.5297 2.52157 2.5144 2.50812 2.50269 2.49803 2.49407 2.49074 2.488 2.48577 2.484 2.48266 2.48169 2.48106 2.48076 
2.47421 2.47453 2.47518 2.47618 2.47755 2.47933 2.48157 2.4843 2.48759 2.49152 2.49614 2.50153 2.50777 2.51494 2.52309 2.5323 2.54262 2.5541 2.56677 2.58063 2.5957 2.61195 2.62933 2.64779 2.66725 2.68761 2.70875 2.73054 2.75283 2.77547 2.7983 2.82114 2.84384 2.86622 2.88812 2.90939 2.92988 2.94945 2.96799 2.98539 3.00153 3.01634 3.02975 3.0417 3.05212 3.06099 3.06826 3.07391 3.07793 3.08029 3.081 3.08003 3.07741 3.07312 3.06719 3.05963 3.05047 3.03974 3.02748 3.01376 2.99863 2.98218 2.9645 2.9457 2.92589 2.90522 2.88381 2.86183 2.83944 2.8168 2.79408 2.77145 2.74907 2.72711 2.70571 2.68501 2.66514 2.64619 2.62826 2.61141 2.59571 2.58117 2.56782 2.55565 2.54463 2.53474 2.52594 2.51816 2.51134 2.50543 2.50034 2.49601 2.49238 2.48936 2.48691 2.48496 2.48347 2.48238 2.48168 2.48133 
2.47478 2.4751 2.4758 2.47687 2.47836 2.48028 2.4827 2.48567 2.48924 2.4935 2.4985 2.50434 2.5111 2.51884 2.52764 2.53756 2.54867 2.56101 2.57459 2.58945 2.60556 2.6229 2.64143 2.66107 2.68173 2.7033 2.72566 2.74866 2.77215 2.79595 2.81991 2.84384 2.86756 2.89091 2.91371 2.93581 2.95706 2.97733 2.99649 3.01443 3.03105 3.04629 3.06006 3.0723 3.08298 3.09206 3.0995 3.10528 3.10939 3.11182 3.11254 3.11158 3.10891 3.10454 3.0985 3.09078 3.08141 3.07042 3.05785 3.04375 3.02818 3.01122 2.99297 2.97351 2.95297 2.93149 2.90921 2.88629 2.86289 2.83918 2.81535 2.79156 2.768 2.74483 2.72221 2.70029 2.67921 2.65908 2.64 2.62204 2.60528 2.58973 2.57543 2.56237 2.55053 2.53989 2.5304 2.52201 2.51464 2.50824 2.50272 2.49802 2.49406 2.49077 2.48809 2.48595 2.48431 2.48311 2.48232 2.48192 
2.47536 2.4757 2.47644 2.47759 2.47918 2.48126 2.48387 2.48707 2.49093 2.49552 2.50093 2.50722 2.51449 2.52281 2.53226 2.54291 2.55481 2.568 2.58251 2.59834 2.61549 2.63392 2.65357 2.67436 2.69619 2.71895 2.7425 2.76667 2.79131 2.81623 2.84126 2.86622 2.89091 2.91516 2.9388 2.96167 2.98361 3.0045 3.02421 3.04264 3.05968 3.07528 3.08936 3.10186 3.11275 3.122 3.12958 3.13547 3.13966 3.14213 3.14289 3.14192 3.13922 3.1348 3.12866 3.12082 3.11128 3.10008 3.08725 3.07283 3.05689 3.03948 3.02071 3.00066 2.97946 2.95725 2.93416 2.91035 2.886 2.86129 2.83639 2.8115 2.78679 2.76245 2.73865 2.71555 2.69329 2.672 2.65178 2.63273 2.6149 2.59836 2.58311 2.56916 2.55651 2.54512 2.53494 2.52592 2.518 2.5111 2.50515 2.50007 2.49578 2.49221 2.4893 2.48697 2.48517 2.48385 2.48298 2.48253 
2.47596 2.47631 2.47709 2.47832 2.48003 2.48226 2.48507 2.48851 2.49265 2.49759 2.50338 2.51013 2.51792 2.52683 2.53693 2.5483 2.56098 2.57502 2.59044 2.60724 2.62541 2.6449 2.66565 2.68757 2.71054 2.73445 2.75914 2.78443 2.81017 2.83616 2.8622 2.88812 2.91371 2.9388 2.96321 2.98677 3.00934 3.03078 3.05098 3.06983 3.08724 3.10314 3.11747 3.13019 3.14125 3.15064 3.15832 3.1643 3.16855 3.17106 3.17184 3.17088 3.16817 3.16371 3.15751 3.14957 3.13991 3.12855 3.1155 3.10082 3.08455 3.06677 3.04754 3.02698 3.00518 2.9823 2.95846 2.93385 2.90861 2.88295 2.85705 2.83111 2.80532 2.77986 2.75492 2.73067 2.70726 2.68483 2.66351 2.64338 2.62452 2.60698 2.5908 2.57598 2.56251 2.55037 2.53951 2.52987 2.52139 2.514 2.50761 2.50215 2.49753 2.49368 2.49053 2.488 2.48605 2.48461 2.48366 2.48315 
2.47657 2.47693 2.47776 2.47907 2.48089 2.48328 2.48628 2.48996 2.49439 2.49966 2.50586 2.51306 2.52137 2.53086 2.5416 2.55368 2.56713 2.58201 2.59832 2.61608 2.63524 2.65577 2.67758 2.70059 2.72467 2.74967 2.77545 2.80182 2.8286 2.85558 2.88258 2.90939 2.93581 2.96167 2.98677 3.01096 3.03409 3.05602 3.07663 3.09584 3.11355 3.1297 3.14424 3.15712 3.16832 3.17781 3.18557 3.19161 3.19591 3.19846 3.19926 3.1983 3.19559 3.19112 3.18488 3.17689 3.16714 3.15565 3.14244 3.12755 3.11102 3.09292 3.0733 3.05228 3.02997 3.00648 2.98198 2.95661 2.93057 2.90403 2.87719 2.85026 2.82343 2.79691 2.77088 2.74553 2.72101 2.69749 2.67509 2.65391 2.63404 2.61554 2.59844 2.58276 2.56849 2.55561 2.54407 2.53382 2.52479 2.5169 2.51007 2.50423 2.49929 2.49516 2.49177 2.48905 2.48694 2.48538 2.48434 2.48378 
2.47718 2.47756 2.47843 2.47982 2.48176 2.4843 2.48749 2.49141 2.49613 2.50174 2.50833 2.51598 2.5248 2.53486 2.54624 2.55901 2.57322 2.58891 2.6061 2.62477 2.6449 2.66643 2.68927 2.71332 2.73845 2.7645 2.79131 2.81869 2.84645 2.87437 2.90224 2.92988 2.95706 2.98361 3.00934 3.03409 3.0577 3.08005 3.10102 3.12053 3.13848 3.15483 3.16952 3.18253 3.19382 3.20338 3.21121 3.21728 3.22161 3.22419 3.22501 3.22408 3.22137 3.2169 3.21065 3.20263 3.19283 3.18126 3.16793 3.15288 3.13615 3.11778 3.09784 3.07644 3.05366 3.02965 3.00454 2.9785 2.95171 2.92437 2.89666 2.8688 2.84101 2.81348 2.78641 2.76001 2.73445 2.70988 2.68644 2.66425 2.6434 2.62396 2.60597 2.58945 2.5744 2.56079 2.54859 2.53773 2.52816 2.51978 2.51253 2.50631 2.50104 2.49663 2.49301 2.49009 2.48783 2.48616 2.48503 2.48442 
2.47779 2.47818 2.4791 2.48057 2.48262 2.48531 2.4887 2.49285 2.49786 2.5038 2.51077 2.51886 2.52818 2.53879 2.55079 2.56424 2.57918 2.59567 2.61369 2.63325 2.65431 2.67679 2.70061 2.72566 2.75178 2.77883 2.80661 2.83494 2.8636 2.89238 2.92107 2.94945 2.97733 3.0045 3.03078 3.05602 3.08005 3.10275 3.12402 3.14377 3.16192 3.17841 3.19322 3.20631 3.21766 3.22727 3.23512 3.24122 3.24558 3.24817 3.24902 3.2481 3.24541 3.24096 3.23472 3.22669 3.21687 3.20525 3.19186 3.1767 3.1598 3.14123 3.12103 3.0993 3.07613 3.05166 3.02602 2.99938 2.97192 2.94383 2.91532 2.88661 2.85791 2.82944 2.80141 2.77402 2.74745 2.72188 2.69746 2.6743 2.65251 2.63217 2.61332 2.59599 2.58018 2.56587 2.55302 2.54158 2.53147 2.52262 2.51495 2.50836 2.50277 2.49809 2.49423 2.49113 2.48871 2.48692 2.48572 2.48506 
2.4784 2.4788 2.47976 2.48131 2.48347 2.48631 2.48989 2.49427 2.49955 2.50581 2.51316 2.52168 2.53147 2.54263 2.55522 2.56932 2.58497 2.60221 2.62104 2.64144 2.66338 2.68677 2.71152 2.7375 2.76456 2.79253 2.82122 2.85042 2.87992 2.9095 2.93893 2.96799 2.99649 3.02421 3.05098 3.07663 3.10102 3.12402 3.14553 3.16547 3.18376 3.20036 3.21524 3.22838 3.23976 3.24938 3.25725 3.26336 3.26772 3.27033 3.27119 3.2703 3.26764 3.26322 3.257 3.24899 3.23918 3.22756 3.21412 3.19889 3.18189 3.16316 3.14275 3.12075 3.09726 3.07239 3.04628 3.01911 2.99105 2.96229 2.93306 2.90356 2.87403 2.84469 2.81575 2.78743 2.75993 2.73341 2.70805 2.68398 2.6613 2.6401 2.62043 2.60232 2.58579 2.5708 2.55733 2.54532 2.5347 2.52539 2.51731 2.51036 2.50446 2.49952 2.49544 2.49215 2.48959 2.48768 2.48639 2.48568 
2.47899 2.4794 2.48041 2.48203 2.4843 2.48729 2.49104 2.49565 2.50119 2.50777 2.51547 2.5244 2.53465 2.54632 2.55948 2.5742 2.59052 2.60848 2.62807 2.64928 2.67204 2.69628 2.7219 2.74875 2.77669 2.80552 2.83504 2.86505 2.89532 2.92561 2.95571 2.98539 3.01443 3.04264 3.06983 3.09584 3.12053 3.14377 3.16547 3.18554 3.20393 3.2206 3.23552 3.24868 3.26006 3.26968 3.27754 3.28365 3.28801 3.29063 3.29151 3.29064 3.28802 3.28363 3.27746 3.26949 3.25971 3.2481 3.23466 3.2194 3.20233 3.18349 3.16292 3.14071 3.11694 3.09173 3.06523 3.03759 3.00899 2.97964 2.94975 2.91954 2.88925 2.8591 2.82933 2.80015 2.77177 2.74438 2.71815 2.69321 2.66969 2.64768 2.62723 2.60839 2.59116 2.57553 2.56147 2.54892 2.53781 2.52806 2.51959 2.5123 2.5061 2.5009 2.49661 2.49314 2.49043 2.48842 2.48705 2.48629 
2.47956 2.47999 2.48103 2.48273 2.4851 2.48822 2.49215 2.49697 2.50276 2.50963 2.51768 2.527 2.53769 2.54984 2.56354 2.57884 2.59579 2.61442 2.63473 2.65668 2.68021 2.70525 2.73167 2.75933 2.78807 2.81769 2.84798 2.87872 2.90968 2.94062 2.97131 3.00153 3.03105 3.05968 3.08724 3.11355 3.13848 3.16192 3.18376 3.20393 3.22239 3.23909 3.25402 3.26717 3.27854 3.28814 3.29598 3.30207 3.30643 3.30905 3.30994 3.3091 3.30652 3.30218 3.29606 3.28814 3.27841 3.26684 3.25342 3.23816 3.22106 3.20214 3.18146 3.15908 3.13509 3.10961 3.08276 3.05471 3.02565 2.99577 2.96529 2.93444 2.90346 2.87258 2.84205 2.81208 2.7829 2.75469 2.72765 2.70191 2.67761 2.65484 2.63367 2.61414 2.59626 2.58003 2.56541 2.55234 2.54077 2.53061 2.52177 2.51415 2.50767 2.50223 2.49773 2.49409 2.49125 2.48913 2.48769 2.48689 
2.4801 2.48054 2.48163 2.48339 2.48586 2.48911 2.4932 2.49822 2.50425 2.5114 2.51976 2.52944 2.54054 2.55315 2.56735 2.58319 2.60073 2.61998 2.64094 2.66358 2.68783 2.71359 2.74075 2.76915 2.79862 2.82895 2.85993 2.89133 2.92291 2.95443 2.98565 3.01634 3.04629 3.07528 3.10314 3.1297 3.15483 3.17841 3.20036 3.2206 3.23909 3.2558 3.27072 3.28384 3.29518 3.30475 3.31255 3.31862 3.32296 3.32559 3.3265 3.32569 3.32314 3.31885 3.3128 3.30494 3.29527 3.28376 3.27038 3.25514 3.23803 3.21908 3.19832 3.17582 3.15165 3.12593 3.0988 3.07041 3.04094 3.01059 2.97959 2.94817 2.91658 2.88504 2.85382 2.82313 2.79322 2.76427 2.73648 2.71001 2.68499 2.66152 2.63968 2.61951 2.60103 2.58424 2.5691 2.55556 2.54355 2.533 2.52382 2.5159 2.50915 2.50348 2.49879 2.49499 2.49202 2.4898 2.48829 2.48745 
2.48061 2.48106 2.48219 2.48401 2.48658 2.48995 2.49419 2.49939 2.50564 2.51304 2.5217 2.53171 2.54319 2.55621 2.57087 2.58721 2.60528 2.6251 2.64666 2.66993 2.69482 2.72124 2.74906 2.77813 2.80825 2.83922 2.87082 2.90281 2.93494 2.96697 2.99865 3.02975 3.06006 3.08936 3.11747 3.14424 3.16952 3.19322 3.21524 3.23552 3.25402 3.27072 3.28561 3.29869 3.30999 3.31951 3.32728 3.33332 3.33764 3.34026 3.34119 3.3404 3.3379 3.33367 3.32768 3.31989 3.31029 3.29884 3.28553 3.27032 3.25323 3.23426 3.21345 3.19086 3.16656 3.14065 3.11328 3.08459 3.05478 3.02403 2.99258 2.96066 2.92851 2.89639 2.86455 2.83323 2.80265 2.77304 2.74458 2.71744 2.69177 2.66766 2.64521 2.62446 2.60543 2.58812 2.57251 2.55853 2.54613 2.53522 2.52572 2.51752 2.51053 2.50464 2.49977 2.49583 2.49274 2.49043 2.48886 2.48797 
2.48108 2.48154 2.4827 2.48458 2.48723 2.49071 2.49509 2.50046 2.50691 2.51454 2.52346 2.53378 2.5456 2.559 2.57406 2.59085 2.60941 2.62974 2.65184 2.67566 2.70113 2.72813 2.75655 2.7862 2.8169 2.84844 2.88058 2.91308 2.94569 2.97816 3.01024 3.0417 3.0723 3.10186 3.13019 3.15712 3.18253 3.20631 3.22838 3.24868 3.26717 3.28384 3.29869 3.31173 3.32297 3.33245 3.34018 3.34619 3.35049 3.35311 3.35404 3.35328 3.35083 3.34665 3.34072 3.33301 3.32348 3.31211 3.29885 3.28369 3.26663 3.24767 3.22683 3.20417 3.17977 3.15372 3.12615 3.09722 3.0671 3.03601 3.00417 2.97181 2.93919 2.90656 2.87418 2.84229 2.81113 2.78093 2.75187 2.72414 2.69788 2.67321 2.65021 2.62894 2.60942 2.59165 2.5756 2.56123 2.54847 2.53724 2.52745 2.519 2.51178 2.50571 2.50068 2.4966 2.4934 2.49101 2.48938 2.48846 
2.48151 2.48198 2.48316 2.4851 2.48782 2.4914 2.4959 2.50141 2.50804 2.51588 2.52504 2.53563 2.54774 2.56148 2.5769 2.59409 2.61306 2.63384 2.65641 2.68072 2.70669 2.73422 2.76314 2.79331 2.82451 2.85654 2.88914 2.92209 2.95511 2.98795 3.02037 3.05212 3.08298 3.11275 3.14125 3.16832 3.19382 3.21766 3.23976 3.26006 3.27854 3.29518 3.30999 3.32297 3.33417 3.34359 3.35128 3.35726 3.36154 3.36415 3.3651 3.36437 3.36195 3.35782 3.35196 3.34431 3.33486 3.32355 3.31036 3.29526 3.27823 3.25929 3.23844 3.21574 3.19126 3.16509 3.13736 3.10822 3.07787 3.04649 3.01431 2.98158 2.94855 2.91548 2.88263 2.85025 2.81859 2.78787 2.7583 2.73005 2.70328 2.67811 2.65463 2.6329 2.61295 2.59477 2.57835 2.56363 2.55056 2.53904 2.52899 2.52032 2.5129 2.50666 2.50149 2.49729 2.494 2.49153 2.48985 2.4889 
2.48188 2.48236 2.48357 2.48555 2.48834 2.492 2.4966 2.50225 2.50903 2.51705 2.52641 2.53723 2.5496 2.56362 2.57936 2.59688 2.61622 2.63738 2.66035 2.68508 2.71148 2.73943 2.7688 2.7994 2.83102 2.86346 2.89646 2.92977 2.96313 2.99629 3.02899 3.06099 3.09206 3.122 3.15064 3.17781 3.20338 3.22727 3.24938 3.26968 3.28814 3.30475 3.31951 3.33245 3.34359 3.35297 3.36062 3.36657 3.37084 3.37344 3.3744 3.37369 3.3713 3.36722 3.36141 3.35384 3.34445 3.33321 3.32008 3.30503 3.28804 3.26911 3.24827 3.22554 3.20099 3.17473 3.14688 3.11758 3.08702 3.0554 3.02295 2.98991 2.95654 2.9231 2.88986 2.85707 2.82498 2.79382 2.76381 2.73512 2.70792 2.68233 2.65844 2.63632 2.616 2.59747 2.58073 2.56571 2.55236 2.5406 2.53033 2.52146 2.51388 2.50749 2.50219 2.4979 2.49452 2.49199 2.49026 2.48928 
2.4822 2.48268 2.48392 2.48593 2.48877 2.4925 2.4972 2.50295 2.50986 2.51803 2.52756 2.53857 2.55115 2.56541 2.5814 2.5992 2.61884 2.64032 2.66362 2.68868 2.71543 2.74374 2.77347 2.80442 2.83639 2.86916 2.90248 2.93609 2.96973 3.00314 3.03606 3.06826 3.0995 3.12958 3.15832 3.18557 3.21121 3.23512 3.25725 3.27754 3.29598 3.31255 3.32728 3.34018 3.35128 3.36062 3.36824 3.37416 3.37841 3.38102 3.38197 3.38128 3.37893 3.37489 3.36913 3.36161 3.35227 3.34109 3.32801 3.31301 3.29606 3.27715 3.25631 3.23356 3.20897 3.18264 3.15468 3.12525 3.09453 3.06272 3.03005 2.99676 2.96311 2.92937 2.89581 2.86268 2.83025 2.79873 2.76836 2.73932 2.71176 2.68582 2.6616 2.63915 2.61852 2.59971 2.5827 2.56744 2.55387 2.54191 2.53146 2.52242 2.5147 2.50819 2.50279 2.4984 2.49496 2.49238 2.49061 2.48961 
2.48245 2.48294 2.4842 2.48624 2.48913 2.49291 2.49768 2.50351 2.51052 2.5188 2.52847 2.53963 2.55238 2.56682 2.58302 2.60103 2.6209 2.64262 2.66618 2.69151 2.71853 2.74712 2.77711 2.80834 2.84058 2.8736 2.90717 2.94101 2.97487 3.00847 3.04157 3.07391 3.10528 3.13547 3.1643 3.19161 3.21728 3.24122 3.26336 3.28365 3.30207 3.31862 3.33332 3.34619 3.35726 3.36657 3.37416 3.38006 3.38431 3.3869 3.38787 3.38719 3.38487 3.38086 3.37513 3.36765 3.35836 3.34722 3.33419 3.31922 3.30229 3.2834 3.26256 3.23979 3.21517 3.18878 3.16075 3.13122 3.10037 3.06841 3.03557 3.00209 2.96823 2.93426 2.90045 2.86706 2.83436 2.80257 2.77192 2.7426 2.71477 2.68856 2.66407 2.64138 2.62051 2.60148 2.58426 2.56881 2.55506 2.54294 2.53235 2.52319 2.51535 2.50875 2.50326 2.49881 2.49531 2.49269 2.49089 2.48987 
2.48264 2.48314 2.48441 2.48647 2.48939 2.49321 2.49803 2.50393 2.51101 2.51937 2.52914 2.5404 2.55327 2.56784 2.58418 2.60235 2.62238 2.64428 2.66801 2.69353 2.72074 2.74952 2.77971 2.81113 2.84355 2.87676 2.9105 2.94451 2.97851 3.01225 3.04547 3.07793 3.10939 3.13966 3.16855 3.19591 3.22161 3.24558 3.26772 3.28801 3.30643 3.32296 3.33764 3.35049 3.36154 3.37084 3.37841 3.38431 3.38854 3.39114 3.39211 3.39144 3.38913 3.38514 3.37944 3.37199 3.36273 3.35162 3.33861 3.32366 3.30675 3.28786 3.26702 3.24424 3.21959 3.19316 3.16507 3.13546 3.10452 3.07246 3.03949 3.00587 2.97186 2.93772 2.90374 2.87017 2.83728 2.8053 2.77445 2.74493 2.71691 2.69051 2.66585 2.64298 2.62194 2.60275 2.58538 2.5698 2.55592 2.54369 2.53299 2.52374 2.51583 2.50915 2.50361 2.49911 2.49557 2.49292 2.4911 2.49007 
2.48277 2.48327 2.48454 2.48662 2.48956 2.49341 2.49826 2.50419 2.51131 2.51973 2.52955 2.54088 2.55382 2.56846 2.58489 2.60314 2.62327 2.64526 2.6691 2.69473 2.72205 2.75094 2.78124 2.81276 2.8453 2.87862 2.91245 2.94655 2.98065 3.01448 3.04777 3.08029 3.11182 3.14213 3.17106 3.19846 3.22419 3.24817 3.27033 3.29063 3.30905 3.32559 3.34026 3.35311 3.36415 3.37344 3.38102 3.3869 3.39114 3.39374 3.39471 3.39405 3.39175 3.38777 3.38208 3.37463 3.36539 3.35429 3.34128 3.32634 3.30943 3.29054 3.26969 3.24689 3.22222 3.19575 3.16762 3.13797 3.10697 3.07484 3.04179 3.00809 2.97399 2.93976 2.90567 2.872 2.83899 2.8069 2.77594 2.74631 2.71818 2.69167 2.6669 2.64393 2.6228 2.60352 2.58606 2.5704 2.55645 2.54415 2.53339 2.52409 2.51613 2.50941 2.50384 2.49931 2.49574 2.49307 2.49124 2.4902 
