0.465341 0.46592 0.46646 0.466941 0.467354 0.467693 0.467961 0.468165 0.468314 0.46842 0.468492 0.46854 0.46857 0.468589 0.468601 0.468607 0.468611 0.468613 0.468614 0.468615 0.468615 0.468615 0.468615 0.468615 0.468615 0.468615 0.468615 0.468615 0.468616 0.468616 0.468616 0.468616 0.468616 0.468616 0.468616 0.468616 0.468616 0.468616 0.468616 0.468616 0.468616 0.468616 0.468616 0.468616 0.468616 0.468616 0.468616 0.468616 0.468616 0.468616 0.468616 0.468616 0.468616 0.468616 0.468616 0.468616 0.468616 0.468616 0.468616 0.468616 0.468616 0.468616 0.468616 0.468616 0.468616 0.468616 0.468616 0.468616 0.468616 0.468616 0.468616 0.468616 0.468616 0.468616 0.468616 0.468616 0.468616 0.468616 0.468616 0.468616 0.468616 0.468616 0.468616 0.468616 0.468618 0.46862 0.468626 0.468637 0.468657 0.468691 0.468749 0.468839 0.468975 0.469168 0.46943 0.469768 0.470183 0.470669 0.471212 0.471791 
0.46592 0.466498 0.467037 0.467518 0.467931 0.468269 0.468537 0.468741 0.468891 0.468997 0.469069 0.469117 0.469147 0.469166 0.469178 0.469184 0.469188 0.46919 0.469191 0.469192 0.469192 0.469192 0.469193 0.469193 0.469193 0.469193 0.469193 0.469193 0.469193 0.469193 0.469193 0.469193 0.469193 0.469193 0.469193 0.469193 0.469193 0.469193 0.469193 0.469193 0.469193 0.469193 0.469193 0.469193 0.469193 0.469193 0.469193 0.469193 0.469193 0.469193 0.469193 0.469193 0.469193 0.469193 0.469193 0.469193 0.469193 0.469193 0.469193 0.469193 0.469193 0.469193 0.469193 0.469193 0.469193 0.469193 0.469193 0.469193 0.469193 0.469193 0.469193 0.469193 0.469193 0.469193 0.469193 0.469193 0.469193 0.469193 0.469193 0.469193 0.469193 0.469193 0.469193 0.469194 0.469195 0.469198 0.469203 0.469214 0.469234 0.469269 0.469326 0.469417 0.469552 0.469746 0.470008 0.470345 0.47076 0.471246 0.471788 0.472366 
0.46646 0.467037 0.467576 0.468056 0.468468 0.468807 0.469075 0.469279 0.469429 0.469534 0.469607 0.469655 0.469685 0.469704 0.469716 0.469723 0.469726 0.469728 0.46973 0.46973 0.46973 0.469731 0.469731 0.469731 0.469731 0.469731 0.469731 0.469731 0.469731 0.469731 0.469731 0.469731 0.469731 0.469731 0.469731 0.469731 0.469731 0.469731 0.469731 0.469731 0.469731 0.469731 0.469731 0.469731 0.469731 0.469731 0.469731 0.469731 0.469731 0.469731 0.469731 0.469731 0.469731 0.469731 0.469731 0.469731 0.469731 0.469731 0.469731 0.469731 0.469731 0.469731 0.469731 0.469731 0.469731 0.469731 0.469731 0.469731 0.469731 0.469731 0.469731 0.469731 0.469731 0.469731 0.469731 0.469731 0.469731 0.469731 0.469731 0.469731 0.469731 0.469731 0.469731 0.469732 0.469733 0.469736 0.469741 0.469752 0.469772 0.469807 0.469865 0.469955 0.470091 0.470285 0.470546 0.470884 0.471298 0.471784 0.472325 0.472903 
0.466941 0.467518 0.468056 0.468537 0.468949 0.469287 0.469555 0.469759 0.469909 0.470015 0.470087 0.470135 0.470166 0.470185 0.470197 0.470203 0.470207 0.470209 0.47021 0.470211 0.470211 0.470211 0.470212 0.470212 0.470212 0.470212 0.470212 0.470212 0.470212 0.470212 0.470212 0.470212 0.470212 0.470212 0.470212 0.470212 0.470212 0.470212 0.470212 0.470212 0.470212 0.470212 0.470212 0.470212 0.470212 0.470212 0.470212 0.470212 0.470212 0.470212 0.470212 0.470212 0.470212 0.470212 0.470212 0.470212 0.470212 0.470212 0.470212 0.470212 0.470212 0.470212 0.470212 0.470212 0.470212 0.470212 0.470212 0.470212 0.470212 0.470212 0.470212 0.470212 0.470212 0.470212 0.470212 0.470212 0.470212 0.470212 0.470212 0.470212 0.470212 0.470212 0.470212 0.470213 0.470214 0.470217 0.470222 0.470233 0.470253 0.470288 0.470346 0.470437 0.470573 0.470766 0.471028 0.471365 0.47178 0.472265 0.472806 0.473383 
0.467354 0.467931 0.468468 0.468949 0.46936 0.469699 0.469967 0.470171 0.470321 0.470427 0.470499 0.470547 0.470578 0.470597 0.470609 0.470615 0.470619 0.470621 0.470623 0.470623 0.470623 0.470624 0.470624 0.470624 0.470624 0.470624 0.470624 0.470624 0.470624 0.470624 0.470624 0.470624 0.470624 0.470624 0.470624 0.470624 0.470624 0.470624 0.470624 0.470624 0.470624 0.470624 0.470624 0.470624 0.470624 0.470624 0.470625 0.470625 0.470625 0.470625 0.470625 0.470625 0.470625 0.470625 0.470625 0.470625 0.470625 0.470625 0.470624 0.470624 0.470624 0.470624 0.470624 0.470624 0.470624 0.470624 0.470624 0.470624 0.470624 0.470624 0.470624 0.470624 0.470624 0.470624 0.470624 0.470624 0.470624 0.470624 0.470624 0.470624 0.470624 0.470624 0.470624 0.470625 0.470626 0.470629 0.470634 0.470645 0.470665 0.4707 0.470758 0.470849 0.470985 0.471179 0.471441 0.471778 0.472192 0.472677 0.473218 0.473795 
0.467693 0.468269 0.468807 0.469287 0.469699 0.470038 0.470306 0.47051 0.47066 0.470766 0.470838 0.470886 0.470917 0.470936 0.470948 0.470955 0.470959 0.470961 0.470962 0.470962 0.470963 0.470963 0.470963 0.470963 0.470963 0.470963 0.470963 0.470963 0.470963 0.470963 0.470963 0.470963 0.470963 0.470963 0.470963 0.470963 0.470963 0.470963 0.470963 0.470964 0.470964 0.470964 0.470964 0.470964 0.470965 0.470965 0.470965 0.470966 0.470966 0.470966 0.470966 0.470966 0.470966 0.470966 0.470966 0.470966 0.470966 0.470965 0.470965 0.470965 0.470964 0.470964 0.470964 0.470964 0.470964 0.470963 0.470963 0.470963 0.470963 0.470963 0.470963 0.470963 0.470963 0.470963 0.470963 0.470963 0.470963 0.470963 0.470963 0.470963 0.470963 0.470963 0.470963 0.470964 0.470965 0.470968 0.470974 0.470985 0.471005 0.47104 0.471098 0.471189 0.471325 0.471519 0.471781 0.472118 0.472532 0.473017 0.473558 0.474134 
0.467961 0.468537 0.469075 0.469555 0.469967 0.470306 0.470574 0.470778 0.470928 0.471034 0.471107 0.471155 0.471186 0.471205 0.471216 0.471223 0.471227 0.471229 0.47123 0.471231 0.471231 0.471231 0.471232 0.471232 0.471232 0.471232 0.471232 0.471232 0.471232 0.471232 0.471232 0.471232 0.471232 0.471232 0.471232 0.471232 0.471232 0.471232 0.471233 0.471233 0.471234 0.471234 0.471235 0.471236 0.471237 0.471237 0.471238 0.471239 0.471239 0.47124 0.47124 0.47124 0.47124 0.47124 0.47124 0.471239 0.471239 0.471238 0.471237 0.471236 0.471236 0.471235 0.471234 0.471234 0.471233 0.471233 0.471232 0.471232 0.471232 0.471232 0.471232 0.471232 0.471232 0.471232 0.471232 0.471232 0.471232 0.471232 0.471232 0.471232 0.471232 0.471232 0.471232 0.471233 0.471234 0.471237 0.471242 0.471253 0.471274 0.471309 0.471367 0.471458 0.471594 0.471788 0.47205 0.472387 0.472801 0.473286 0.473827 0.474404 
0.468165 0.468741 0.469279 0.469759 0.470171 0.47051 0.470778 0.470982 0.471132 0.471238 0.471311 0.471359 0.47139 0.471409 0.471421 0.471428 0.471432 0.471434 0.471435 0.471436 0.471436 0.471436 0.471436 0.471436 0.471436 0.471436 0.471436 0.471436 0.471436 0.471436 0.471436 0.471436 0.471436 0.471437 0.471437 0.471437 0.471438 0.471439 0.47144 0.471441 0.471442 0.471444 0.471446 0.471448 0.47145 0.471452 0.471454 0.471456 0.471457 0.471458 0.471459 0.471459 0.471459 0.471458 0.471458 0.471456 0.471455 0.471453 0.471451 0.471449 0.471447 0.471445 0.471443 0.471442 0.471441 0.471439 0.471439 0.471438 0.471437 0.471437 0.471437 0.471437 0.471436 0.471436 0.471436 0.471436 0.471436 0.471436 0.471436 0.471436 0.471436 0.471436 0.471437 0.471437 0.471439 0.471441 0.471447 0.471458 0.471478 0.471513 0.471571 0.471663 0.471799 0.471993 0.472255 0.472593 0.473007 0.473491 0.474032 0.474609 
0.468314 0.468891 0.469429 0.469909 0.470321 0.47066 0.470928 0.471132 0.471282 0.471389 0.471461 0.47151 0.471541 0.47156 0.471571 0.471578 0.471582 0.471584 0.471585 0.471586 0.471586 0.471586 0.471586 0.471587 0.471587 0.471587 0.471587 0.471587 0.471587 0.471587 0.471587 0.471587 0.471587 0.471588 0.471589 0.47159 0.471591 0.471593 0.471596 0.471599 0.471603 0.471608 0.471613 0.471618 0.471623 0.471628 0.471633 0.471637 0.47164 0.471643 0.471644 0.471645 0.471644 0.471643 0.471641 0.471638 0.471634 0.471629 0.471624 0.471619 0.471614 0.471609 0.471605 0.471601 0.471598 0.471595 0.471593 0.471591 0.47159 0.471589 0.471588 0.471587 0.471587 0.471587 0.471587 0.471587 0.471587 0.471587 0.471587 0.471587 0.471587 0.471587 0.471587 0.471588 0.471589 0.471592 0.471597 0.471608 0.471629 0.471664 0.471722 0.471813 0.47195 0.472143 0.472406 0.472743 0.473158 0.473643 0.474184 0.47476 
0.46842 0.468997 0.469534 0.470015 0.470427 0.470766 0.471034 0.471238 0.471389 0.471495 0.471568 0.471616 0.471647 0.471666 0.471678 0.471685 0.471689 0.471691 0.471692 0.471692 0.471693 0.471693 0.471693 0.471693 0.471693 0.471693 0.471693 0.471693 0.471693 0.471694 0.471694 0.471694 0.471695 0.471697 0.471699 0.471702 0.471706 0.471711 0.471718 0.471727 0.471737 0.471748 0.47176 0.471773 0.471785 0.471797 0.471808 0.471817 0.471825 0.471831 0.471834 0.471835 0.471834 0.471831 0.471825 0.471817 0.471808 0.471797 0.471785 0.471773 0.471761 0.471749 0.471738 0.471729 0.471721 0.471714 0.471708 0.471704 0.471701 0.471698 0.471697 0.471695 0.471695 0.471694 0.471694 0.471693 0.471693 0.471693 0.471693 0.471693 0.471693 0.471693 0.471693 0.471694 0.471695 0.471698 0.471704 0.471715 0.471735 0.47177 0.471829 0.47192 0.472056 0.47225 0.472513 0.47285 0.473265 0.47375 0.474291 0.474868 
0.468492 0.469069 0.469607 0.470087 0.470499 0.470838 0.471107 0.471311 0.471461 0.471568 0.471641 0.471689 0.47172 0.471739 0.471751 0.471758 0.471761 0.471764 0.471765 0.471765 0.471766 0.471766 0.471766 0.471766 0.471766 0.471766 0.471766 0.471766 0.471767 0.471767 0.471768 0.47177 0.471772 0.471776 0.471781 0.471789 0.471799 0.471813 0.47183 0.47185 0.471874 0.4719 0.471928 0.471957 0.471986 0.472013 0.472037 0.472058 0.472075 0.472087 0.472094 0.472096 0.472093 0.472085 0.472072 0.472054 0.472032 0.472007 0.471979 0.471951 0.471923 0.471897 0.471872 0.47185 0.471831 0.471815 0.471803 0.471793 0.471785 0.471779 0.471775 0.471772 0.47177 0.471768 0.471768 0.471767 0.471767 0.471766 0.471766 0.471766 0.471766 0.471766 0.471766 0.471767 0.471768 0.471771 0.471777 0.471788 0.471808 0.471843 0.471902 0.471993 0.47213 0.472324 0.472586 0.472924 0.473338 0.473823 0.474365 0.474941 
0.46854 0.469117 0.469655 0.470135 0.470547 0.470886 0.471155 0.471359 0.47151 0.471616 0.471689 0.471737 0.471768 0.471788 0.471799 0.471806 0.47181 0.471812 0.471813 0.471814 0.471814 0.471814 0.471814 0.471814 0.471814 0.471815 0.471815 0.471815 0.471816 0.471818 0.47182 0.471825 0.471831 0.47184 0.471854 0.471872 0.471897 0.471928 0.471967 0.472014 0.472067 0.472126 0.472188 0.472252 0.472314 0.472372 0.472424 0.472468 0.472503 0.472527 0.472541 0.472544 0.472537 0.472518 0.472488 0.472449 0.472401 0.472346 0.472286 0.472225 0.472164 0.472105 0.472051 0.472003 0.471961 0.471926 0.471898 0.471875 0.471858 0.471845 0.471835 0.471828 0.471823 0.47182 0.471818 0.471817 0.471816 0.471815 0.471815 0.471815 0.471815 0.471815 0.471815 0.471815 0.471817 0.47182 0.471825 0.471836 0.471857 0.471892 0.47195 0.472041 0.472178 0.472372 0.472634 0.472972 0.473387 0.473872 0.474413 0.47499 
0.46857 0.469147 0.469685 0.470166 0.470578 0.470917 0.471186 0.47139 0.471541 0.471647 0.47172 0.471768 0.471799 0.471819 0.47183 0.471837 0.471841 0.471843 0.471844 0.471845 0.471845 0.471845 0.471845 0.471846 0.471846 0.471846 0.471847 0.471848 0.471851 0.471855 0.471861 0.471872 0.471887 0.47191 0.471941 0.471984 0.472039 0.47211 0.472196 0.472296 0.47241 0.472535 0.472666 0.472797 0.472925 0.473044 0.473149 0.473237 0.473306 0.473354 0.473381 0.473385 0.473367 0.473326 0.473263 0.47318 0.47308 0.472966 0.472842 0.472714 0.472587 0.472465 0.472352 0.472251 0.472163 0.472089 0.472028 0.47198 0.471942 0.471913 0.471892 0.471877 0.471866 0.471859 0.471854 0.471851 0.471848 0.471847 0.471846 0.471846 0.471846 0.471846 0.471846 0.471846 0.471848 0.471851 0.471856 0.471867 0.471888 0.471923 0.471981 0.472072 0.472209 0.472403 0.472666 0.473004 0.473418 0.473903 0.474445 0.475022 
0.468589 0.469166 0.469704 0.470185 0.470597 0.470936 0.471205 0.471409 0.47156 0.471666 0.471739 0.471788 0.471819 0.471838 0.471849 0.471856 0.47186 0.471862 0.471863 0.471864 0.471864 0.471865 0.471865 0.471865 0.471866 0.471867 0.471869 0.471872 0.471878 0.471888 0.471904 0.471928 0.471964 0.472015 0.472085 0.472179 0.472299 0.472448 0.472627 0.472834 0.473067 0.473317 0.473578 0.473838 0.474088 0.474318 0.474521 0.474689 0.47482 0.474909 0.474956 0.47496 0.47492 0.474836 0.47471 0.474545 0.474346 0.47412 0.473876 0.473623 0.473371 0.473129 0.472903 0.472701 0.472523 0.472373 0.472248 0.472148 0.47207 0.47201 0.471965 0.471933 0.47191 0.471894 0.471883 0.471876 0.471872 0.471869 0.471867 0.471866 0.471865 0.471865 0.471865 0.471866 0.471867 0.47187 0.471876 0.471887 0.471907 0.471942 0.472 0.472092 0.472228 0.472423 0.472685 0.473023 0.473438 0.473923 0.474464 0.475041 
0.468601 0.469178 0.469716 0.470197 0.470609 0.470948 0.471216 0.471421 0.471571 0.471678 0.471751 0.471799 0.47183 0.471849 0.471861 0.471868 0.471872 0.471874 0.471875 0.471876 0.471876 0.471876 0.471877 0.471878 0.471879 0.471882 0.471887 0.471895 0.47191 0.471933 0.47197 0.472024 0.472102 0.472212 0.47236 0.472554 0.4728 0.4731 0.473456 0.473863 0.474312 0.474792 0.475285 0.475774 0.476239 0.476664 0.477035 0.477341 0.477576 0.477734 0.477814 0.477813 0.477732 0.47757 0.47733 0.477017 0.476642 0.476216 0.475756 0.475279 0.474803 0.474343 0.473915 0.473526 0.473184 0.472892 0.472649 0.472452 0.472296 0.472176 0.472086 0.47202 0.471972 0.471939 0.471917 0.471902 0.471892 0.471886 0.471882 0.471879 0.471878 0.471877 0.471877 0.471878 0.471879 0.471882 0.471887 0.471898 0.471919 0.471954 0.472012 0.472103 0.47224 0.472434 0.472697 0.473035 0.47345 0.473935 0.474476 0.475053 
0.468607 0.469184 0.469723 0.470203 0.470615 0.470955 0.471223 0.471428 0.471578 0.471685 0.471758 0.471806 0.471837 0.471856 0.471868 0.471875 0.471879 0.471881 0.471882 0.471883 0.471883 0.471884 0.471885 0.471887 0.47189 0.471897 0.471909 0.471929 0.471962 0.472014 0.472092 0.472208 0.472372 0.472597 0.472895 0.473278 0.473756 0.474331 0.475002 0.47576 0.476588 0.477461 0.478349 0.479222 0.480046 0.480793 0.481439 0.481969 0.482371 0.482638 0.482766 0.482752 0.482597 0.4823 0.481865 0.481304 0.480631 0.479868 0.479043 0.478186 0.477328 0.476496 0.475716 0.475005 0.474375 0.473833 0.473378 0.473006 0.472709 0.472478 0.472303 0.472173 0.472079 0.472013 0.471967 0.471936 0.471916 0.471903 0.471895 0.47189 0.471887 0.471885 0.471885 0.471885 0.471886 0.471888 0.471894 0.471905 0.471925 0.471961 0.472019 0.47211 0.472247 0.472441 0.472704 0.473042 0.473457 0.473942 0.474483 0.47506 
0.468611 0.469188 0.469726 0.470207 0.470619 0.470959 0.471227 0.471432 0.471582 0.471689 0.471761 0.47181 0.471841 0.47186 0.471872 0.471879 0.471882 0.471885 0.471886 0.471887 0.471888 0.471889 0.471891 0.471896 0.471904 0.47192 0.471946 0.471991 0.472062 0.472171 0.472334 0.472568 0.472894 0.473332 0.473902 0.474623 0.475506 0.476554 0.47776 0.479104 0.480553 0.482065 0.483589 0.485072 0.48646 0.48771 0.488784 0.489657 0.490312 0.49074 0.490936 0.490895 0.490616 0.4901 0.489354 0.488395 0.487247 0.485946 0.484536 0.483068 0.481591 0.480154 0.478798 0.477553 0.476444 0.47548 0.474664 0.473991 0.473449 0.473022 0.472695 0.472451 0.472271 0.472144 0.472055 0.471994 0.471954 0.471928 0.471911 0.471901 0.471895 0.471892 0.47189 0.471889 0.47189 0.471893 0.471898 0.471909 0.471929 0.471965 0.472023 0.472114 0.472251 0.472445 0.472708 0.473046 0.47346 0.473946 0.474487 0.475064 
0.468613 0.46919 0.469728 0.470209 0.470621 0.470961 0.471229 0.471434 0.471584 0.471691 0.471764 0.471812 0.471843 0.471862 0.471874 0.471881 0.471885 0.471887 0.471888 0.471889 0.471891 0.471894 0.471899 0.47191 0.471929 0.471963 0.47202 0.472113 0.472259 0.472479 0.4728 0.473251 0.473867 0.474679 0.475718 0.477009 0.478564 0.480382 0.482444 0.484712 0.487129 0.489623 0.492112 0.49451 0.496739 0.49873 0.500429 0.5018 0.50282 0.503476 0.50376 0.503667 0.503195 0.502346 0.50113 0.499571 0.497708 0.495594 0.493299 0.490899 0.488475 0.486102 0.483848 0.481765 0.479893 0.478252 0.47685 0.475681 0.47473 0.473975 0.473388 0.472944 0.472616 0.472379 0.472212 0.472097 0.47202 0.47197 0.471938 0.471918 0.471906 0.471898 0.471895 0.471893 0.471893 0.471895 0.4719 0.471911 0.471932 0.471967 0.472025 0.472116 0.472253 0.472447 0.47271 0.473048 0.473463 0.473948 0.474489 0.475066 
0.468614 0.469191 0.46973 0.47021 0.470623 0.470962 0.47123 0.471435 0.471585 0.471692 0.471765 0.471813 0.471844 0.471863 0.471875 0.471882 0.471886 0.471888 0.47189 0.471892 0.471895 0.471902 0.471914 0.471936 0.471978 0.472048 0.472166 0.472352 0.472638 0.47306 0.473661 0.47449 0.475598 0.477034 0.478838 0.48104 0.48365 0.486656 0.490016 0.493663 0.497503 0.501422 0.505294 0.508993 0.512402 0.515425 0.517988 0.520041 0.521554 0.522512 0.522905 0.522728 0.521975 0.52065 0.518766 0.516356 0.513475 0.510203 0.506638 0.502896 0.499095 0.495351 0.491768 0.488432 0.485405 0.482727 0.480416 0.478469 0.476867 0.47558 0.474569 0.473795 0.473215 0.472792 0.47249 0.472281 0.472138 0.472044 0.471984 0.471946 0.471922 0.471909 0.471901 0.471897 0.471896 0.471897 0.471902 0.471913 0.471933 0.471968 0.472026 0.472118 0.472254 0.472448 0.472711 0.473049 0.473464 0.473949 0.474491 0.475068 
0.468615 0.469192 0.46973 0.470211 0.470623 0.470962 0.471231 0.471436 0.471586 0.471692 0.471765 0.471814 0.471845 0.471864 0.471876 0.471883 0.471887 0.471889 0.471892 0.471896 0.471903 0.471916 0.471942 0.471989 0.472073 0.472215 0.472443 0.472799 0.473332 0.474103 0.475179 0.476633 0.478537 0.480958 0.483945 0.487529 0.491707 0.496445 0.501666 0.507259 0.513076 0.518948 0.524692 0.53013 0.535104 0.539481 0.543168 0.546101 0.548245 0.549583 0.550103 0.5498 0.548665 0.546701 0.543926 0.54038 0.536137 0.531306 0.526025 0.520451 0.514757 0.509108 0.503658 0.498539 0.49385 0.489659 0.486002 0.482886 0.480292 0.478182 0.476506 0.475206 0.474221 0.473492 0.472967 0.472597 0.472344 0.472175 0.472065 0.471995 0.471951 0.471926 0.471911 0.471902 0.471899 0.471899 0.471903 0.471914 0.471934 0.471969 0.472027 0.472118 0.472255 0.472449 0.472712 0.47305 0.473464 0.47395 0.474491 0.475068 
0.468615 0.469192 0.46973 0.470211 0.470623 0.470963 0.471231 0.471436 0.471586 0.471693 0.471766 0.471814 0.471845 0.471864 0.471876 0.471883 0.471888 0.471891 0.471895 0.471903 0.471917 0.471945 0.471997 0.472092 0.472255 0.472524 0.47295 0.473598 0.474548 0.475892 0.47773 0.480165 0.483291 0.487189 0.491914 0.497482 0.503869 0.510998 0.518743 0.526928 0.535339 0.543734 0.551866 0.559497 0.566419 0.57247 0.577532 0.581533 0.584436 0.586222 0.586882 0.586408 0.58479 0.582026 0.578135 0.573166 0.567211 0.560407 0.552935 0.545005 0.536846 0.52869 0.520753 0.513224 0.506257 0.499961 0.494404 0.48961 0.48557 0.482242 0.479565 0.47746 0.475846 0.474637 0.473755 0.473127 0.472691 0.472397 0.472203 0.472079 0.472002 0.471955 0.471927 0.471912 0.471904 0.471902 0.471905 0.471915 0.471934 0.471969 0.472027 0.472119 0.472255 0.472449 0.472712 0.47305 0.473465 0.47395 0.474491 0.475069 
0.468615 0.469192 0.469731 0.470211 0.470624 0.470963 0.471231 0.471436 0.471586 0.471693 0.471766 0.471814 0.471845 0.471865 0.471876 0.471884 0.471889 0.471894 0.471902 0.471916 0.471945 0.472 0.472102 0.472281 0.472584 0.473073 0.47383 0.474958 0.476577 0.478819 0.481823 0.485721 0.490629 0.496633 0.503776 0.512048 0.521379 0.531633 0.542611 0.554057 0.565673 0.577139 0.588134 0.598359 0.607563 0.615551 0.622191 0.627407 0.631163 0.633448 0.634253 0.633568 0.631381 0.627683 0.62249 0.615853 0.60788 0.598733 0.588633 0.577844 0.56666 0.555382 0.544303 0.533684 0.523748 0.514662 0.506543 0.49945 0.493392 0.488336 0.484213 0.480929 0.478376 0.476441 0.47501 0.47398 0.473257 0.472763 0.472434 0.472221 0.472087 0.472005 0.471956 0.471928 0.471913 0.471907 0.471908 0.471916 0.471935 0.47197 0.472027 0.472119 0.472255 0.472449 0.472712 0.47305 0.473465 0.47395 0.474492 0.475069 
0.468615 0.469193 0.469731 0.470212 0.470624 0.470963 0.471232 0.471436 0.471586 0.471693 0.471766 0.471814 0.471845 0.471865 0.471877 0.471885 0.471891 0.471899 0.471914 0.471942 0.471997 0.472102 0.472291 0.472616 0.473154 0.474004 0.475292 0.477171 0.479812 0.483393 0.488094 0.494071 0.501449 0.510302 0.520642 0.532406 0.545454 0.559566 0.574452 0.589761 0.605105 0.620079 0.634291 0.647391 0.659088 0.669169 0.677497 0.684001 0.688655 0.691455 0.692401 0.691481 0.688676 0.683969 0.677364 0.668911 0.65872 0.646972 0.633919 0.619875 0.605193 0.59025 0.575416 0.56104 0.547426 0.53482 0.523407 0.5133 0.504548 0.497141 0.491016 0.48607 0.482174 0.479181 0.47694 0.475305 0.474145 0.473343 0.472804 0.472451 0.472226 0.472087 0.472003 0.471954 0.471927 0.471915 0.471912 0.471918 0.471936 0.47197 0.472028 0.472119 0.472255 0.47245 0.472712 0.47305 0.473465 0.47395 0.474492 0.475069 
0.468615 0.469193 0.469731 0.470212 0.470624 0.470963 0.471232 0.471436 0.471587 0.471693 0.471766 0.471814 0.471846 0.471865 0.471878 0.471887 0.471896 0.47191 0.471936 0.471989 0.472092 0.472281 0.472616 0.473182 0.474096 0.475511 0.477612 0.480612 0.48474 0.490227 0.49728 0.506069 0.516706 0.529226 0.543576 0.559613 0.577099 0.595708 0.615044 0.634655 0.65406 0.672779 0.690364 0.706423 0.72065 0.732825 0.742822 0.750585 0.756108 0.759403 0.760478 0.759321 0.755905 0.750199 0.74219 0.731912 0.719467 0.70504 0.688901 0.671393 0.652922 0.633928 0.614864 0.596164 0.578227 0.561397 0.545944 0.532063 0.519869 0.509397 0.500612 0.493418 0.487671 0.483196 0.479801 0.477295 0.475493 0.474234 0.473378 0.472811 0.472447 0.472218 0.47208 0.471998 0.471952 0.471928 0.471919 0.471922 0.471938 0.471971 0.472028 0.472119 0.472256 0.47245 0.472712 0.47305 0.473465 0.47395 0.474492 0.475069 
0.468615 0.469193 0.469731 0.470212 0.470624 0.470963 0.471232 0.471436 0.471587 0.471693 0.471766 0.471814 0.471846 0.471866 0.471879 0.47189 0.471904 0.471929 0.471978 0.472073 0.472255 0.472584 0.473154 0.474096 0.475587 0.477846 0.481133 0.485731 0.491929 0.499999 0.510164 0.522579 0.537309 0.554312 0.573438 0.594427 0.616919 0.640466 0.66456 0.68865 0.712179 0.734609 0.755457 0.774321 0.790895 0.804981 0.816477 0.825358 0.831644 0.83537 0.836554 0.835188 0.831232 0.824638 0.815368 0.803429 0.7889 0.771947 0.752833 0.731914 0.709623 0.686445 0.6629 0.639507 0.616762 0.595113 0.574942 0.55655 0.540147 0.525846 0.513668 0.503549 0.495349 0.488876 0.4839 0.480179 0.477471 0.475556 0.474238 0.473357 0.472784 0.472422 0.472199 0.472066 0.47199 0.471948 0.47193 0.471928 0.471941 0.471973 0.472029 0.47212 0.472256 0.47245 0.472712 0.47305 0.473465 0.47395 0.474492 0.475069 
0.468615 0.469193 0.469731 0.470212 0.470624 0.470963 0.471232 0.471436 0.471587 0.471693 0.471766 0.471815 0.471846 0.471867 0.471882 0.471897 0.47192 0.471963 0.472048 0.472215 0.472524 0.473073 0.474004 0.475511 0.477846 0.481314 0.486256 0.493031 0.501981 0.513398 0.527492 0.544365 0.563988 0.586204 0.610722 0.637139 0.664952 0.693588 0.722431 0.750853 0.778242 0.804037 0.827754 0.849009 0.86753 0.883159 0.895838 0.905584 0.912453 0.916506 0.917775 0.916254 0.911894 0.904624 0.894373 0.881113 0.864877 0.845795 0.824097 0.800117 0.774284 0.747104 0.719133 0.690958 0.663164 0.636308 0.610895 0.587357 0.56603 0.547144 0.530813 0.517036 0.50571 0.496642 0.489576 0.484222 0.480278 0.477454 0.475488 0.474159 0.473286 0.472727 0.47238 0.472171 0.472049 0.471981 0.471947 0.471937 0.471946 0.471975 0.47203 0.47212 0.472256 0.47245 0.472712 0.47305 0.473465 0.47395 0.474492 0.475069 
0.468615 0.469193 0.469731 0.470212 0.470624 0.470963 0.471232 0.471436 0.471587 0.471693 0.471766 0.471815 0.471847 0.471869 0.471887 0.471909 0.471946 0.47202 0.472166 0.472443 0.47295 0.47383 0.475292 0.477612 0.481133 0.486256 0.493413 0.503028 0.515476 0.531041 0.549874 0.571972 0.597169 0.625141 0.655427 0.687455 0.720577 0.754102 0.78733 0.819585 0.850242 0.878756 0.904681 0.927686 0.94756 0.964211 0.977638 0.98791 0.995125 0.99937 1.0007 0.999098 0.994518 0.986861 0.976022 0.961923 0.944544 0.923951 0.900314 0.873913 0.845137 0.814468 0.782469 0.749761 0.716994 0.684825 0.653886 0.624755 0.597925 0.573779 0.552566 0.534394 0.519229 0.506913 0.497183 0.489711 0.484136 0.480095 0.477249 0.475302 0.474008 0.473172 0.472647 0.472327 0.472138 0.47203 0.471974 0.471951 0.471953 0.471979 0.472032 0.472121 0.472256 0.47245 0.472712 0.47305 0.473465 0.47395 0.474492 0.475069 
0.468615 0.469193 0.469731 0.470212 0.470624 0.470963 0.471232 0.471436 0.471587 0.471693 0.471766 0.471815 0.471848 0.471872 0.471895 0.471929 0.471991 0.472113 0.472352 0.472799 0.473598 0.474958 0.477171 0.480612 0.485731 0.493031 0.503028 0.516194 0.532904 0.553387 0.577681 0.605626 0.636865 0.67087 0.706984 0.744461 0.782517 0.820369 0.857271 0.892543 0.925593 0.955936 0.983206 1.00716 1.02767 1.04472 1.05839 1.0688 1.07609 1.08038 1.08173 1.08014 1.07555 1.06784 1.05687 1.04251 1.02466 1.00333 0.978599 0.950654 0.919804 0.886471 0.851175 0.814527 0.777211 0.739957 0.703511 0.668603 0.635903 0.605979 0.57926 0.556008 0.536307 0.52007 0.507061 0.496935 0.489279 0.483659 0.479654 0.476881 0.475018 0.4738 0.473028 0.472552 0.472267 0.472103 0.472014 0.471972 0.471964 0.471984 0.472035 0.472122 0.472257 0.47245 0.472713 0.47305 0.473465 0.47395 0.474492 0.475069 
0.468616 0.469193 0.469731 0.470212 0.470624 0.470963 0.471232 0.471436 0.471587 0.471693 0.471767 0.471816 0.471851 0.471878 0.47191 0.471962 0.472062 0.472259 0.472638 0.473332 0.474548 0.476577 0.479812 0.48474 0.491929 0.501981 0.515476 0.532904 0.554594 0.580661 0.610975 0.64516 0.682628 0.722618 0.764269 0.806675 0.848943 0.89024 0.929821 0.967056 1.00143 1.03257 1.06022 1.08424 1.10462 1.12144 1.13484 1.145 1.1521 1.15627 1.15761 1.15612 1.15173 1.1443 1.13365 1.11961 1.10203 1.0808 1.0559 1.02743 0.995561 0.960616 0.923026 0.883344 0.842236 0.800465 0.758868 0.718312 0.67965 0.643658 0.610982 0.582085 0.557218 0.536415 0.519506 0.506161 0.495937 0.488334 0.482847 0.479004 0.476391 0.474665 0.473558 0.472868 0.472451 0.472207 0.472071 0.472003 0.47198 0.471993 0.472039 0.472124 0.472258 0.472451 0.472713 0.473051 0.473465 0.47395 0.474492 0.475069 
0.468616 0.469193 0.469731 0.470212 0.470624 0.470963 0.471232 0.471436 0.471587 0.471694 0.471767 0.471818 0.471855 0.471888 0.471933 0.472014 0.472171 0.472479 0.47306 0.474103 0.475892 0.478819 0.483393 0.490227 0.499999 0.513398 0.531041 0.553387 0.580661 0.612806 0.649463 0.689999 0.733558 0.779143 0.825701 0.872195 0.91767 0.961295 1.00238 1.0404 1.07496 1.10583 1.13289 1.15615 1.17569 1.19168 1.20434 1.21389 1.22055 1.22449 1.22579 1.22446 1.22044 1.21357 1.20366 1.19048 1.17382 1.15349 1.12937 1.1014 1.06964 1.03425 0.995546 0.95396 0.910089 0.864679 0.818612 0.772864 0.728459 0.686387 0.647536 0.612608 0.582072 0.556134 0.53474 0.517615 0.504316 0.494296 0.486973 0.481781 0.478209 0.475823 0.474276 0.473301 0.472706 0.472353 0.472153 0.472047 0.472004 0.472005 0.472045 0.472127 0.47226 0.472452 0.472713 0.473051 0.473465 0.47395 0.474492 0.475069 
0.468616 0.469193 0.469731 0.470212 0.470624 0.470963 0.471232 0.471436 0.471587 0.471694 0.471768 0.47182 0.471861 0.471904 0.47197 0.472092 0.472334 0.4728 0.473661 0.475179 0.47773 0.481823 0.488094 0.49728 0.510164 0.527492 0.549874 0.577681 0.610975 0.649463 0.692512 0.739194 0.788383 0.838856 0.889402 0.938903 0.986396 1.03111 1.07247 1.1101 1.14376 1.17338 1.199 1.22076 1.23886 1.25354 1.26509 1.27376 1.2798 1.28338 1.2846 1.28349 1.27996 1.27388 1.26501 1.25312 1.23793 1.21917 1.19663 1.17011 1.13952 1.10487 1.06627 1.02402 0.978594 0.930655 0.881076 0.830898 0.781279 0.733415 0.688438 0.647319 0.610787 0.579269 0.552883 0.531456 0.514584 0.501702 0.492165 0.48532 0.480554 0.477334 0.475223 0.473879 0.473048 0.472551 0.472264 0.472109 0.472037 0.472022 0.472054 0.472132 0.472262 0.472453 0.472714 0.473051 0.473465 0.47395 0.474492 0.475069 
0.468616 0.469193 0.469731 0.470212 0.470624 0.470963 0.471232 0.471436 0.471587 0.471694 0.47177 0.471825 0.471872 0.471928 0.472024 0.472208 0.472568 0.473251 0.47449 0.476633 0.480165 0.485721 0.494071 0.506069 0.522579 0.544365 0.571972 0.605626 0.64516 0.689999 0.739194 0.791518 0.845585 0.899985 0.953399 1.00469 1.05294 1.09752 1.13799 1.17415 1.20597 1.23354 1.25706 1.27678 1.293 1.30604 1.31622 1.32383 1.32912 1.33228 1.3334 1.33252 1.32955 1.32437 1.31674 1.30641 1.29306 1.27637 1.25603 1.23173 1.20322 1.17033 1.13299 1.09132 1.0456 0.996372 0.944435 0.890831 0.836807 0.783724 0.73295 0.685732 0.643086 0.605708 0.573936 0.547757 0.52685 0.510671 0.498537 0.489718 0.483503 0.479257 0.476441 0.47463 0.473499 0.472814 0.472414 0.472191 0.472081 0.472045 0.472066 0.472138 0.472265 0.472454 0.472714 0.473051 0.473466 0.47395 0.474492 0.475069 
0.468616 0.469193 0.469731 0.470212 0.470624 0.470963 0.471232 0.471436 0.471587 0.471695 0.471772 0.471831 0.471887 0.471964 0.472102 0.472372 0.472894 0.473867 0.475598 0.478537 0.483291 0.490629 0.501449 0.516706 0.537309 0.563988 0.597169 0.636865 0.682628 0.733558 0.788383 0.845585 0.903559 0.960757 1.01582 1.06765 1.11547 1.15878 1.19736 1.2312 1.26046 1.28541 1.30637 1.32371 1.33781 1.34903 1.35773 1.3642 1.36868 1.37138 1.37238 1.37171 1.36933 1.36508 1.35876 1.3501 1.33878 1.32444 1.30668 1.28512 1.25936 1.22906 1.19398 1.15399 1.10918 1.05993 1.00688 0.951013 0.893602 0.836122 0.780138 0.727163 0.67851 0.635177 0.597772 0.566491 0.541152 0.521274 0.506171 0.495054 0.487126 0.481645 0.477971 0.475583 0.474076 0.473154 0.472609 0.4723 0.472141 0.472077 0.472082 0.472146 0.472269 0.472456 0.472715 0.473052 0.473466 0.473951 0.474492 0.475069 
0.468616 0.469193 0.469731 0.470212 0.470624 0.470963 0.471232 0.471437 0.471588 0.471697 0.471776 0.47184 0.47191 0.472015 0.472212 0.472597 0.473332 0.474679 0.477034 0.480958 0.487189 0.496633 0.510302 0.529226 0.554312 0.586204 0.625141 0.67087 0.722618 0.779143 0.838856 0.899985 0.960757 1.01956 1.07506 1.12627 1.17258 1.2137 1.24962 1.28053 1.30677 1.32876 1.34695 1.36178 1.37369 1.38306 1.39027 1.3956 1.39929 1.40152 1.40238 1.40192 1.40007 1.39672 1.39167 1.38467 1.37539 1.36346 1.34845 1.32989 1.30729 1.28015 1.24804 1.21065 1.16782 1.11971 1.06677 1.00987 0.950223 0.889345 0.82895 0.770782 0.716447 0.667261 0.624135 0.587527 0.557446 0.533522 0.515104 0.501377 0.49147 0.484542 0.479848 0.476764 0.474798 0.473584 0.472858 0.472441 0.472218 0.472118 0.472104 0.472157 0.472274 0.472459 0.472716 0.473052 0.473466 0.473951 0.474492 0.475069 
0.468616 0.469193 0.469731 0.470212 0.470624 0.470963 0.471232 0.471437 0.471589 0.471699 0.471781 0.471854 0.471941 0.472085 0.47236 0.472895 0.473902 0.475718 0.478838 0.483945 0.491914 0.503776 0.520642 0.543576 0.573438 0.610722 0.655427 0.706984 0.764269 0.825701 0.889402 0.953399 1.01582 1.07506 1.12988 1.17947 1.22342 1.26166 1.2944 1.32203 1.34504 1.36398 1.37937 1.39173 1.40152 1.40915 1.41495 1.41921 1.42216 1.42395 1.42468 1.42438 1.423 1.42045 1.41655 1.41108 1.40372 1.3941 1.38179 1.36627 1.34696 1.32328 1.29462 1.26047 1.22046 1.17448 1.12279 1.06605 1.00533 0.942155 0.878295 0.815678 0.756175 0.70142 0.652651 0.610627 0.575596 0.547353 0.525324 0.508701 0.49656 0.487975 0.482095 0.478192 0.475681 0.474113 0.473167 0.472617 0.472315 0.472171 0.472132 0.472171 0.472281 0.472462 0.472718 0.473053 0.473466 0.473951 0.474492 0.475069 
0.468616 0.469193 0.469731 0.470212 0.470624 0.470963 0.471232 0.471437 0.47159 0.471702 0.471789 0.471872 0.471984 0.472179 0.472554 0.473278 0.474623 0.477009 0.48104 0.487529 0.497482 0.512048 0.532406 0.559613 0.594427 0.637139 0.687455 0.744461 0.806675 0.872195 0.938903 1.00469 1.06765 1.12627 1.17947 1.22664 1.26761 1.30254 1.33184 1.35607 1.37585 1.39182 1.40457 1.41464 1.4225 1.42854 1.43309 1.43641 1.4387 1.4401 1.44069 1.44051 1.43952 1.43765 1.43474 1.43059 1.42493 1.41741 1.40759 1.39495 1.37888 1.35869 1.33368 1.30315 1.26653 1.22348 1.17398 1.11845 1.0578 0.99343 0.927121 0.860916 0.796908 0.737026 0.682846 0.635453 0.595382 0.562632 0.536758 0.516993 0.50239 0.49195 0.484724 0.479879 0.476732 0.47475 0.473542 0.472831 0.472435 0.472236 0.472166 0.472189 0.47229 0.472467 0.47272 0.473054 0.473467 0.473951 0.474492 0.475069 
0.468616 0.469193 0.469731 0.470212 0.470624 0.470963 0.471232 0.471438 0.471591 0.471706 0.471799 0.471897 0.472039 0.472299 0.4728 0.473756 0.475506 0.478564 0.48365 0.491707 0.503869 0.521379 0.545454 0.577099 0.616919 0.664952 0.720577 0.782517 0.848943 0.91767 0.986396 1.05294 1.11547 1.17258 1.22342 1.26761 1.30523 1.33664 1.36245 1.38335 1.40007 1.41329 1.42365 1.43169 1.43787 1.44254 1.44603 1.44855 1.45028 1.45134 1.45182 1.45172 1.45104 1.44971 1.4476 1.44456 1.44033 1.4346 1.42697 1.41692 1.40384 1.38701 1.36562 1.33885 1.30595 1.26634 1.21975 1.16632 1.10674 1.04222 0.974474 0.905594 0.837836 0.773392 0.714165 0.661583 0.616493 0.579149 0.549271 0.526174 0.508915 0.496444 0.487725 0.481824 0.477955 0.475497 0.473985 0.473088 0.472579 0.472315 0.472208 0.472211 0.472301 0.472472 0.472723 0.473055 0.473467 0.473951 0.474492 0.475069 
0.468616 0.469193 0.469731 0.470212 0.470624 0.470963 0.471232 0.471439 0.471593 0.471711 0.471813 0.471928 0.47211 0.472448 0.4731 0.474331 0.476554 0.480382 0.486656 0.496445 0.510998 0.531633 0.559566 0.595708 0.640466 0.693588 0.754102 0.820369 0.89024 0.961295 1.03111 1.09752 1.15878 1.2137 1.26166 1.30254 1.33664 1.36454 1.38698 1.40477 1.4187 1.42949 1.43778 1.44408 1.44884 1.45239 1.455 1.45687 1.45815 1.45894 1.4593 1.45927 1.45881 1.4579 1.45642 1.45425 1.45117 1.44692 1.44113 1.43332 1.42289 1.40911 1.39113 1.36805 1.33897 1.30308 1.25988 1.20923 1.15153 1.08777 1.01954 0.948884 0.87817 0.809807 0.746001 0.688521 0.638549 0.59662 0.562663 0.536109 0.516051 0.501408 0.491072 0.484012 0.479342 0.476352 0.474497 0.473385 0.472747 0.472408 0.472258 0.472237 0.472315 0.472479 0.472726 0.473057 0.473468 0.473952 0.474492 0.475069 
0.468616 0.469193 0.469731 0.470212 0.470624 0.470963 0.471233 0.47144 0.471596 0.471718 0.47183 0.471967 0.472196 0.472627 0.473456 0.475002 0.47776 0.482444 0.490016 0.501666 0.518743 0.542611 0.574452 0.615044 0.66456 0.722431 0.78733 0.857271 0.929821 1.00238 1.07247 1.13799 1.19736 1.24962 1.2944 1.33184 1.36245 1.38698 1.4063 1.42129 1.43277 1.44147 1.44801 1.45289 1.4565 1.45915 1.46106 1.46242 1.46335 1.46392 1.46419 1.46419 1.4639 1.46329 1.46228 1.46077 1.45859 1.45551 1.4512 1.44525 1.43708 1.42598 1.4111 1.39148 1.3661 1.33401 1.29445 1.24701 1.19181 1.12956 1.06166 0.99006 0.917171 0.845566 0.777717 0.715722 0.661103 0.614701 0.576677 0.546615 0.523672 0.50676 0.494712 0.486411 0.480877 0.477304 0.47507 0.473721 0.472939 0.472514 0.472315 0.472267 0.47233 0.472487 0.47273 0.473059 0.473469 0.473952 0.474493 0.475069 
0.468616 0.469193 0.469731 0.470212 0.470624 0.470964 0.471233 0.471441 0.471599 0.471727 0.47185 0.472014 0.472296 0.472834 0.473863 0.47576 0.479104 0.484712 0.493663 0.507259 0.526928 0.554057 0.589761 0.634655 0.68865 0.750853 0.819585 0.892543 0.967056 1.0404 1.1101 1.17415 1.2312 1.28053 1.32203 1.35607 1.38335 1.40477 1.42129 1.43382 1.44322 1.45018 1.45529 1.45902 1.46173 1.46368 1.46506 1.46603 1.46669 1.46709 1.46729 1.46731 1.46713 1.46673 1.46606 1.46504 1.46353 1.46134 1.4582 1.45373 1.44742 1.4386 1.42643 1.40994 1.38803 1.35962 1.32374 1.27974 1.22743 1.16725 1.10034 1.02852 0.954181 0.880002 0.80868 0.742619 0.683673 0.632997 0.591009 0.557466 0.531616 0.512388 0.498572 0.488976 0.482529 0.478337 0.475698 0.474091 0.473151 0.472632 0.47238 0.472302 0.472348 0.472495 0.472734 0.473061 0.47347 0.473952 0.474493 0.475069 
0.468616 0.469193 0.469731 0.470212 0.470624 0.470964 0.471234 0.471442 0.471603 0.471737 0.471874 0.472067 0.47241 0.473067 0.474312 0.476588 0.480553 0.487129 0.497503 0.513076 0.535339 0.565673 0.605105 0.65406 0.712179 0.778242 0.850242 0.925593 1.00143 1.07496 1.14376 1.20597 1.26046 1.30677 1.34504 1.37585 1.40007 1.4187 1.43277 1.44322 1.45087 1.45641 1.46039 1.46322 1.46524 1.46665 1.46764 1.46833 1.46878 1.46906 1.46921 1.46923 1.46912 1.46887 1.46844 1.46776 1.46673 1.4652 1.46295 1.45964 1.45482 1.44787 1.43801 1.42425 1.40548 1.3805 1.34819 1.30766 1.25844 1.20067 1.13524 1.0638 0.988636 0.912506 0.838285 0.768646 0.705758 0.651087 0.605318 0.5684 0.539693 0.518157 0.50256 0.491647 0.484262 0.479428 0.476364 0.474487 0.473379 0.472761 0.47245 0.472339 0.472368 0.472505 0.472739 0.473063 0.473471 0.473953 0.474493 0.475069 
0.468616 0.469193 0.469731 0.470212 0.470624 0.470964 0.471234 0.471444 0.471608 0.471748 0.4719 0.472126 0.472535 0.473317 0.474792 0.477461 0.482065 0.489623 0.501422 0.518948 0.543734 0.577139 0.620079 0.672779 0.734609 0.804037 0.878756 0.955936 1.03257 1.10583 1.17338 1.23354 1.28541 1.32876 1.36398 1.39182 1.41329 1.42949 1.44147 1.45018 1.45641 1.46082 1.46391 1.46606 1.46755 1.46857 1.46927 1.46975 1.47006 1.47026 1.47036 1.47038 1.47032 1.47016 1.46989 1.46945 1.46876 1.46771 1.46611 1.46368 1.46002 1.45459 1.44663 1.4352 1.41918 1.3973 1.36832 1.33112 1.28501 1.22983 1.1662 1.09555 1.02008 0.942558 0.865985 0.793268 0.726868 0.668547 0.619255 0.579142 0.547691 0.523914 0.50657 0.49435 0.486029 0.480547 0.477052 0.474898 0.473618 0.472895 0.472524 0.472379 0.472388 0.472516 0.472745 0.473066 0.473472 0.473954 0.474493 0.47507 
0.468616 0.469193 0.469731 0.470212 0.470624 0.470964 0.471235 0.471446 0.471613 0.47176 0.471928 0.472188 0.472666 0.473578 0.475285 0.478349 0.483589 0.492112 0.505294 0.524692 0.551866 0.588134 0.634291 0.690364 0.755457 0.827754 0.904681 0.983206 1.06022 1.13289 1.199 1.25706 1.30637 1.34695 1.37937 1.40457 1.42365 1.43778 1.44801 1.45529 1.46039 1.46391 1.46632 1.46795 1.46905 1.46979 1.47029 1.47062 1.47083 1.47096 1.47103 1.47105 1.47102 1.47092 1.47075 1.47047 1.47002 1.4693 1.46817 1.4664 1.46363 1.45939 1.45297 1.44348 1.4298 1.41064 1.38464 1.35055 1.3074 1.25482 1.19313 1.12357 1.0482 0.969741 0.891314 0.816013 0.746553 0.684974 0.632477 0.589413 0.555397 0.529502 0.510488 0.497009 0.487777 0.481662 0.477742 0.475312 0.47386 0.473033 0.4726 0.47242 0.47241 0.472527 0.47275 0.473068 0.473474 0.473954 0.474494 0.47507 
0.468616 0.469193 0.469731 0.470212 0.470624 0.470964 0.471236 0.471448 0.471618 0.471773 0.471957 0.472252 0.472797 0.473838 0.475774 0.479222 0.485072 0.49451 0.508993 0.53013 0.559497 0.598359 0.647391 0.706423 0.774321 0.849009 0.927686 1.00716 1.08424 1.15615 1.22076 1.27678 1.32371 1.36178 1.39173 1.41464 1.43169 1.44408 1.45289 1.45902 1.46322 1.46606 1.46795 1.4692 1.47002 1.47056 1.47091 1.47114 1.47128 1.47137 1.47142 1.47143 1.47141 1.47136 1.47126 1.47108 1.47078 1.47029 1.4695 1.4682 1.46611 1.46278 1.45758 1.44967 1.43794 1.42109 1.3977 1.36637 1.32596 1.27584 1.21612 1.14778 1.07277 0.993755 0.913913 0.836493 0.764431 0.700013 0.644675 0.598958 0.562608 0.534765 0.514203 0.499547 0.489456 0.482738 0.478412 0.475717 0.474098 0.473169 0.472676 0.472461 0.472432 0.472538 0.472756 0.473071 0.473475 0.473955 0.474494 0.47507 
0.468616 0.469193 0.469731 0.470212 0.470624 0.470965 0.471237 0.47145 0.471623 0.471785 0.471986 0.472314 0.472925 0.474088 0.476239 0.480046 0.48646 0.496739 0.512402 0.535104 0.566419 0.607563 0.659088 0.72065 0.790895 0.86753 0.94756 1.02767 1.10462 1.17569 1.23886 1.293 1.33781 1.37369 1.40152 1.4225 1.43787 1.44884 1.4565 1.46173 1.46524 1.46755 1.46905 1.47002 1.47064 1.47104 1.47129 1.47144 1.47154 1.4716 1.47163 1.47165 1.47164 1.4716 1.47154 1.47143 1.47124 1.4709 1.47034 1.46939 1.46779 1.46515 1.4609 1.45424 1.44409 1.42916 1.40798 1.37904 1.34105 1.29317 1.23529 1.16822 1.09372 1.01442 0.933533 0.85442 0.780201 0.713377 0.65559 0.607557 0.569146 0.539567 0.517613 0.50189 0.491015 0.483743 0.479041 0.476099 0.474323 0.473298 0.472748 0.4725 0.472453 0.472549 0.472761 0.473074 0.473476 0.473955 0.474494 0.47507 
