5.47808 5.47826 5.47853 5.47888 5.47932 5.47985 5.48046 5.48116 5.48195 5.48282 5.48379 5.48485 5.486 5.48724 5.48857 5.49 5.49152 5.49313 5.49483 5.49662 5.49849 5.50044 5.50247 5.50457 5.50673 5.50894 5.51121 5.51352 5.51586 5.51822 5.52058 5.52295 5.5253 5.52762 5.52991 5.53214 5.53431 5.53639 5.53839 5.54028 5.54205 5.5437 5.5452 5.54656 5.54776 5.54879 5.54965 5.55032 5.55082 5.55113 5.55124 5.55117 5.55091 5.55046 5.54983 5.54902 5.54804 5.54689 5.54559 5.54414 5.54255 5.54084 5.53901 5.53708 5.53506 5.53297 5.53081 5.52861 5.52637 5.5241 5.52183 5.51956 5.5173 5.51507 5.51288 5.51073 5.50863 5.5066 5.50464 5.50276 5.50096 5.49925 5.49763 5.49611 5.49468 5.49335 5.49213 5.491 5.48997 5.48905 5.48822 5.48749 5.48686 5.48633 5.48589 5.48554 5.48529 5.48512 5.48504 5.48505 
5.47826 5.47844 5.47871 5.47907 5.47951 5.48004 5.48065 5.48135 5.48215 5.48303 5.484 5.48506 5.48622 5.48747 5.48882 5.49025 5.49178 5.49341 5.49512 5.49692 5.4988 5.50077 5.50281 5.50492 5.5071 5.50934 5.51162 5.51395 5.5163 5.51868 5.52107 5.52345 5.52582 5.52816 5.53047 5.53272 5.5349 5.537 5.53901 5.54092 5.54271 5.54437 5.54588 5.54725 5.54846 5.5495 5.55036 5.55105 5.55154 5.55185 5.55197 5.5519 5.55164 5.55118 5.55055 5.54973 5.54874 5.54758 5.54627 5.54481 5.5432 5.54148 5.53963 5.53769 5.53565 5.53354 5.53137 5.52915 5.52689 5.52461 5.52231 5.52002 5.51775 5.5155 5.51329 5.51112 5.50901 5.50696 5.50499 5.50309 5.50128 5.49955 5.49792 5.49638 5.49495 5.49361 5.49237 5.49123 5.4902 5.48927 5.48844 5.4877 5.48707 5.48653 5.48608 5.48573 5.48548 5.48531 5.48523 5.48524 
5.47853 5.47871 5.47898 5.47934 5.47979 5.48033 5.48095 5.48167 5.48247 5.48337 5.48436 5.48545 5.48662 5.4879 5.48927 5.49074 5.4923 5.49395 5.4957 5.49753 5.49946 5.50146 5.50355 5.5057 5.50792 5.51021 5.51254 5.51491 5.51731 5.51974 5.52217 5.52461 5.52702 5.52941 5.53176 5.53406 5.53628 5.53843 5.54048 5.54242 5.54424 5.54593 5.54748 5.54887 5.55011 5.55116 5.55205 5.55274 5.55325 5.55356 5.55368 5.55361 5.55334 5.55287 5.55222 5.55139 5.55038 5.5492 5.54786 5.54636 5.54473 5.54297 5.54109 5.5391 5.53703 5.53487 5.53265 5.53038 5.52808 5.52575 5.52341 5.52107 5.51875 5.51645 5.5142 5.51198 5.50983 5.50774 5.50572 5.50378 5.50193 5.50017 5.4985 5.49693 5.49546 5.49409 5.49283 5.49166 5.49061 5.48965 5.4888 5.48805 5.4874 5.48684 5.48639 5.48603 5.48576 5.48558 5.4855 5.48551 
5.47888 5.47907 5.47934 5.47971 5.48017 5.48072 5.48136 5.48209 5.48292 5.48385 5.48487 5.48599 5.4872 5.48852 5.48993 5.49145 5.49306 5.49477 5.49657 5.49847 5.50045 5.50252 5.50467 5.5069 5.50919 5.51155 5.51396 5.5164 5.51889 5.52139 5.5239 5.52641 5.5289 5.53137 5.53379 5.53616 5.53845 5.54067 5.54278 5.54478 5.54666 5.5484 5.54999 5.55143 5.5527 5.55379 5.55469 5.55541 5.55593 5.55625 5.55637 5.5563 5.55602 5.55554 5.55487 5.554 5.55296 5.55174 5.55036 5.54882 5.54713 5.54531 5.54337 5.54132 5.53918 5.53695 5.53466 5.53232 5.52994 5.52754 5.52512 5.52271 5.52031 5.51793 5.5156 5.51331 5.51109 5.50893 5.50684 5.50484 5.50292 5.5011 5.49937 5.49774 5.49622 5.4948 5.49349 5.49229 5.49119 5.4902 5.48931 5.48853 5.48785 5.48728 5.4868 5.48642 5.48614 5.48595 5.48586 5.48586 
5.47932 5.47951 5.47979 5.48017 5.48064 5.48121 5.48188 5.48264 5.4835 5.48447 5.48553 5.48669 5.48796 5.48933 5.49081 5.49239 5.49407 5.49585 5.49774 5.49971 5.50179 5.50395 5.50619 5.50852 5.51091 5.51337 5.51588 5.51844 5.52102 5.52363 5.52625 5.52887 5.53147 5.53404 5.53656 5.53902 5.54141 5.54372 5.54592 5.548 5.54995 5.55177 5.55342 5.55492 5.55623 5.55737 5.55831 5.55905 5.55959 5.55992 5.56005 5.55996 5.55967 5.55917 5.55847 5.55757 5.55648 5.55521 5.55377 5.55216 5.5504 5.5485 5.54648 5.54434 5.54211 5.53979 5.5374 5.53496 5.53248 5.52997 5.52744 5.52492 5.52242 5.51994 5.5175 5.51512 5.51279 5.51053 5.50835 5.50625 5.50425 5.50234 5.50053 5.49883 5.49723 5.49574 5.49437 5.4931 5.49195 5.49091 5.48997 5.48915 5.48843 5.48782 5.48732 5.48692 5.48662 5.48641 5.48631 5.4863 
5.47985 5.48004 5.48033 5.48072 5.48121 5.4818 5.4825 5.4833 5.48421 5.48522 5.48634 5.48756 5.4889 5.49034 5.4919 5.49356 5.49533 5.49721 5.4992 5.50128 5.50347 5.50575 5.50811 5.51056 5.51308 5.51567 5.51831 5.521 5.52373 5.52647 5.52923 5.53198 5.53471 5.53741 5.54006 5.54265 5.54516 5.54758 5.54989 5.55208 5.55413 5.55603 5.55777 5.55933 5.56072 5.5619 5.56289 5.56366 5.56423 5.56458 5.5647 5.56461 5.5643 5.56377 5.56303 5.56209 5.56094 5.5596 5.55808 5.55639 5.55454 5.55255 5.55042 5.54817 5.54582 5.54338 5.54087 5.5383 5.53568 5.53304 5.53038 5.52773 5.52509 5.52248 5.51991 5.51739 5.51493 5.51255 5.51025 5.50803 5.50591 5.50389 5.50198 5.50018 5.49849 5.49691 5.49546 5.49411 5.49289 5.49178 5.49079 5.48991 5.48914 5.48849 5.48795 5.48752 5.48719 5.48697 5.48685 5.48683 
5.48046 5.48065 5.48095 5.48136 5.48188 5.4825 5.48324 5.48408 5.48504 5.48611 5.4873 5.4886 5.49002 5.49155 5.4932 5.49497 5.49685 5.49885 5.50096 5.50317 5.50549 5.50791 5.51042 5.51302 5.5157 5.51845 5.52125 5.52411 5.52699 5.52991 5.53283 5.53574 5.53864 5.5415 5.5443 5.54705 5.5497 5.55226 5.5547 5.55702 5.55918 5.56119 5.56303 5.56468 5.56614 5.56739 5.56843 5.56925 5.56984 5.5702 5.57033 5.57023 5.5699 5.56934 5.56855 5.56755 5.56634 5.56492 5.56331 5.56152 5.55956 5.55744 5.55519 5.55281 5.55031 5.54773 5.54506 5.54233 5.53956 5.53676 5.53394 5.53112 5.52832 5.52554 5.52281 5.52013 5.51752 5.51499 5.51254 5.51018 5.50792 5.50577 5.50373 5.5018 5.5 5.49832 5.49676 5.49532 5.49401 5.49282 5.49175 5.49081 5.48998 5.48928 5.48869 5.48822 5.48786 5.48761 5.48748 5.48745 
5.48116 5.48135 5.48167 5.48209 5.48264 5.4833 5.48408 5.48498 5.486 5.48715 5.48841 5.4898 5.49132 5.49296 5.49472 5.49661 5.49862 5.50076 5.50301 5.50538 5.50786 5.51045 5.51314 5.51591 5.51877 5.52171 5.5247 5.52775 5.53083 5.53393 5.53705 5.54016 5.54324 5.54629 5.54928 5.5522 5.55503 5.55775 5.56035 5.56281 5.56511 5.56725 5.5692 5.57095 5.5725 5.57383 5.57493 5.57579 5.57642 5.5768 5.57694 5.57683 5.57647 5.57587 5.57503 5.57396 5.57266 5.57115 5.56944 5.56753 5.56544 5.56318 5.56078 5.55824 5.55558 5.55282 5.54998 5.54707 5.54411 5.54112 5.53811 5.5351 5.5321 5.52914 5.52622 5.52335 5.52056 5.51784 5.51522 5.51269 5.51027 5.50796 5.50577 5.5037 5.50176 5.49995 5.49827 5.49672 5.4953 5.49402 5.49287 5.49184 5.49095 5.49018 5.48954 5.48902 5.48863 5.48835 5.48819 5.48816 
5.48195 5.48215 5.48247 5.48292 5.4835 5.48421 5.48504 5.486 5.4871 5.48832 5.48968 5.49117 5.4928 5.49456 5.49646 5.49849 5.50065 5.50295 5.50537 5.50792 5.51058 5.51336 5.51625 5.51923 5.5223 5.52545 5.52866 5.53193 5.53523 5.53856 5.5419 5.54523 5.54853 5.55179 5.55499 5.55811 5.56114 5.56405 5.56682 5.56945 5.57191 5.57419 5.57627 5.57814 5.57979 5.5812 5.58238 5.5833 5.58396 5.58437 5.58451 5.58439 5.584 5.58336 5.58246 5.58131 5.57992 5.5783 5.57646 5.57442 5.57218 5.56977 5.56719 5.56447 5.56163 5.55867 5.55562 5.5525 5.54933 5.54612 5.54289 5.53966 5.53645 5.53326 5.53012 5.52704 5.52404 5.52112 5.51829 5.51557 5.51296 5.51047 5.50811 5.50587 5.50378 5.50182 5.5 5.49832 5.49678 5.49539 5.49414 5.49302 5.49205 5.49121 5.4905 5.48993 5.48949 5.48918 5.489 5.48895 
5.48282 5.48303 5.48337 5.48385 5.48447 5.48522 5.48611 5.48715 5.48832 5.48964 5.49111 5.49271 5.49447 5.49637 5.49841 5.5006 5.50294 5.50542 5.50803 5.51078 5.51365 5.51665 5.51976 5.52297 5.52628 5.52967 5.53313 5.53664 5.5402 5.54378 5.54737 5.55094 5.55449 5.558 5.56143 5.56478 5.56803 5.57115 5.57412 5.57694 5.57957 5.58201 5.58424 5.58624 5.58801 5.58952 5.59077 5.59176 5.59246 5.59289 5.59304 5.5929 5.59249 5.59179 5.59082 5.58959 5.58809 5.58635 5.58438 5.58218 5.57978 5.57719 5.57442 5.5715 5.56844 5.56526 5.56199 5.55863 5.55522 5.55176 5.54829 5.54481 5.54134 5.53791 5.53453 5.53121 5.52796 5.52481 5.52175 5.51881 5.51599 5.5133 5.51074 5.50832 5.50605 5.50392 5.50194 5.50012 5.49845 5.49693 5.49556 5.49434 5.49327 5.49235 5.49158 5.49095 5.49046 5.49011 5.4899 5.48984 
5.48379 5.484 5.48436 5.48487 5.48553 5.48634 5.4873 5.48841 5.48968 5.49111 5.49269 5.49442 5.49632 5.49838 5.50059 5.50296 5.50548 5.50816 5.51099 5.51396 5.51707 5.52031 5.52367 5.52714 5.53071 5.53437 5.5381 5.54189 5.54573 5.54959 5.55345 5.55731 5.56113 5.5649 5.5686 5.5722 5.57569 5.57904 5.58224 5.58526 5.58809 5.59071 5.5931 5.59525 5.59714 5.59876 5.6001 5.60115 5.60191 5.60236 5.60252 5.60237 5.60191 5.60116 5.60012 5.59879 5.59718 5.59531 5.59318 5.59082 5.58823 5.58544 5.58246 5.57931 5.57601 5.57259 5.56906 5.56545 5.56176 5.55804 5.55429 5.55053 5.54679 5.54309 5.53943 5.53584 5.53233 5.52892 5.52561 5.52242 5.51936 5.51644 5.51367 5.51104 5.50857 5.50626 5.5041 5.50212 5.50029 5.49863 5.49714 5.4958 5.49463 5.49362 5.49277 5.49207 5.49153 5.49114 5.4909 5.49081 
5.48485 5.48506 5.48545 5.48599 5.48669 5.48756 5.4886 5.4898 5.49117 5.49271 5.49442 5.49631 5.49836 5.50059 5.50298 5.50555 5.50829 5.51119 5.51425 5.51747 5.52083 5.52434 5.52797 5.53173 5.53559 5.53955 5.54358 5.54768 5.55182 5.55598 5.56016 5.56431 5.56843 5.5725 5.57648 5.58036 5.58411 5.58772 5.59116 5.59441 5.59746 5.60027 5.60284 5.60514 5.60717 5.60891 5.61035 5.61147 5.61228 5.61277 5.61293 5.61276 5.61227 5.61146 5.61033 5.60889 5.60716 5.60514 5.60285 5.6003 5.59751 5.5945 5.59129 5.5879 5.58435 5.58065 5.57684 5.57294 5.56897 5.56494 5.56089 5.55684 5.55279 5.54878 5.54483 5.54094 5.53714 5.53344 5.52986 5.5264 5.52308 5.51991 5.51689 5.51403 5.51134 5.50883 5.50648 5.50431 5.50232 5.50051 5.49887 5.49741 5.49612 5.49501 5.49407 5.4933 5.4927 5.49226 5.49199 5.49188 
5.486 5.48622 5.48662 5.4872 5.48796 5.4889 5.49002 5.49132 5.4928 5.49447 5.49632 5.49836 5.50059 5.503 5.5056 5.50838 5.51135 5.5145 5.51782 5.5213 5.52495 5.52874 5.53268 5.53674 5.54092 5.5452 5.54956 5.55399 5.55846 5.56296 5.56746 5.57195 5.57639 5.58077 5.58507 5.58925 5.59329 5.59718 5.60088 5.60438 5.60765 5.61067 5.61343 5.61591 5.61809 5.61996 5.6215 5.6227 5.62357 5.62409 5.62425 5.62407 5.62354 5.62266 5.62144 5.61989 5.61802 5.61584 5.61337 5.61063 5.60762 5.60438 5.60091 5.59725 5.59342 5.58943 5.58532 5.58111 5.57682 5.57247 5.56809 5.56371 5.55934 5.555 5.55071 5.54651 5.54239 5.53838 5.53449 5.53074 5.52713 5.52369 5.52041 5.5173 5.51437 5.51163 5.50907 5.50671 5.50453 5.50255 5.50076 5.49916 5.49775 5.49652 5.49549 5.49464 5.49397 5.49348 5.49317 5.49304 
5.48724 5.48747 5.4879 5.48852 5.48933 5.49034 5.49155 5.49296 5.49456 5.49637 5.49838 5.50059 5.503 5.50562 5.50844 5.51146 5.51467 5.51808 5.52168 5.52546 5.5294 5.53352 5.53778 5.54217 5.5467 5.55132 5.55604 5.56082 5.56565 5.57051 5.57537 5.58021 5.585 5.58972 5.59435 5.59885 5.60321 5.60739 5.61137 5.61514 5.61866 5.62191 5.62487 5.62753 5.62987 5.63188 5.63353 5.63482 5.63575 5.6363 5.63647 5.63627 5.63569 5.63474 5.63343 5.63176 5.62974 5.62739 5.62473 5.62177 5.61853 5.61503 5.6113 5.60735 5.60322 5.59892 5.59449 5.58994 5.5853 5.58061 5.57588 5.57114 5.56641 5.56172 5.55708 5.55253 5.54807 5.54372 5.53951 5.53544 5.53153 5.52778 5.52422 5.52084 5.51765 5.51467 5.51188 5.5093 5.50693 5.50476 5.5028 5.50105 5.4995 5.49816 5.49702 5.49608 5.49534 5.49479 5.49445 5.49429 
5.48857 5.48882 5.48927 5.48993 5.49081 5.4919 5.4932 5.49472 5.49646 5.49841 5.50059 5.50298 5.5056 5.50844 5.51149 5.51476 5.51825 5.52194 5.52584 5.52993 5.5342 5.53865 5.54326 5.54802 5.5529 5.5579 5.563 5.56816 5.57338 5.57862 5.58386 5.58908 5.59424 5.59933 5.60431 5.60916 5.61384 5.61834 5.62263 5.62667 5.63045 5.63395 5.63713 5.63999 5.6425 5.64464 5.64642 5.6478 5.64879 5.64938 5.64956 5.64934 5.64871 5.64769 5.64627 5.64447 5.6423 5.63977 5.6369 5.63372 5.63023 5.62646 5.62244 5.61819 5.61373 5.6091 5.60432 5.59941 5.59441 5.58935 5.58424 5.57912 5.57401 5.56894 5.56393 5.559 5.55417 5.54947 5.5449 5.54049 5.53625 5.53219 5.52832 5.52465 5.52118 5.51793 5.5149 5.51209 5.50951 5.50714 5.505 5.50309 5.50139 5.49992 5.49867 5.49763 5.49681 5.49621 5.49582 5.49564 
5.49 5.49025 5.49074 5.49145 5.49239 5.49356 5.49497 5.49661 5.49849 5.5006 5.50296 5.50555 5.50838 5.51146 5.51476 5.51831 5.52208 5.52608 5.53029 5.53471 5.53934 5.54414 5.54913 5.55426 5.55954 5.56494 5.57043 5.576 5.58162 5.58727 5.59292 5.59854 5.6041 5.60957 5.61493 5.62014 5.62518 5.63001 5.63461 5.63896 5.64301 5.64676 5.65018 5.65324 5.65593 5.65823 5.66013 5.66161 5.66267 5.6633 5.66349 5.66324 5.66257 5.66146 5.65994 5.658 5.65566 5.65294 5.64986 5.64643 5.64268 5.63863 5.6343 5.62973 5.62493 5.61994 5.61479 5.60951 5.60412 5.59866 5.59316 5.58764 5.58212 5.57665 5.57124 5.56591 5.56069 5.55561 5.55067 5.54589 5.5413 5.53689 5.5327 5.52872 5.52496 5.52143 5.51813 5.51508 5.51226 5.50969 5.50735 5.50526 5.50341 5.5018 5.50043 5.49929 5.49839 5.49772 5.49728 5.49708 
5.49152 5.49178 5.4923 5.49306 5.49407 5.49533 5.49685 5.49862 5.50065 5.50294 5.50548 5.50829 5.51135 5.51467 5.51825 5.52208 5.52616 5.53048 5.53503 5.53981 5.5448 5.54999 5.55536 5.5609 5.56659 5.57241 5.57833 5.58433 5.59038 5.59646 5.60253 5.60857 5.61455 5.62043 5.62618 5.63178 5.63718 5.64237 5.6473 5.65196 5.65631 5.66033 5.66399 5.66726 5.67014 5.67261 5.67463 5.67622 5.67735 5.67801 5.67821 5.67795 5.67722 5.67603 5.67439 5.67231 5.6698 5.66688 5.66357 5.65989 5.65586 5.65151 5.64686 5.64195 5.63679 5.63143 5.6259 5.62021 5.61442 5.60854 5.60262 5.59667 5.59073 5.58483 5.579 5.57325 5.56762 5.56213 5.55679 5.55163 5.54666 5.5419 5.53736 5.53305 5.52897 5.52515 5.52157 5.51825 5.51519 5.51239 5.50986 5.50758 5.50556 5.5038 5.5023 5.50106 5.50007 5.49933 5.49885 5.49861 
5.49313 5.49341 5.49395 5.49477 5.49585 5.49721 5.49885 5.50076 5.50295 5.50542 5.50816 5.51119 5.5145 5.51808 5.52194 5.52608 5.53048 5.53514 5.54005 5.5452 5.55058 5.55617 5.56196 5.56792 5.57404 5.5803 5.58667 5.59312 5.59962 5.60615 5.61267 5.61915 5.62556 5.63187 5.63804 5.64404 5.64983 5.65538 5.66067 5.66565 5.67031 5.6746 5.67851 5.68202 5.6851 5.68772 5.68989 5.69158 5.69278 5.69349 5.6937 5.69341 5.69263 5.69135 5.68959 5.68736 5.68467 5.68154 5.678 5.67405 5.66973 5.66507 5.66008 5.65481 5.64929 5.64354 5.6376 5.6315 5.62527 5.61896 5.61259 5.6062 5.59981 5.59347 5.58719 5.581 5.57494 5.56902 5.56326 5.5577 5.55233 5.54719 5.54229 5.53763 5.53322 5.52908 5.52521 5.52161 5.5183 5.51526 5.51251 5.51003 5.50784 5.50592 5.50429 5.50293 5.50185 5.50104 5.5005 5.50023 
5.49483 5.49512 5.4957 5.49657 5.49774 5.4992 5.50096 5.50301 5.50537 5.50803 5.51099 5.51425 5.51782 5.52168 5.52584 5.53029 5.53503 5.54005 5.54533 5.55087 5.55666 5.56267 5.56889 5.57531 5.58188 5.5886 5.59543 5.60235 5.60933 5.61632 5.62331 5.63026 5.63712 5.64387 5.65048 5.65689 5.66308 5.66902 5.67467 5.67999 5.68496 5.68955 5.69372 5.69746 5.70074 5.70355 5.70585 5.70765 5.70893 5.70968 5.7099 5.70959 5.70875 5.70738 5.7055 5.70311 5.70024 5.69689 5.6931 5.68888 5.68426 5.67927 5.67394 5.6683 5.66238 5.65622 5.64986 5.64333 5.63666 5.62989 5.62306 5.6162 5.60935 5.60254 5.59579 5.58915 5.58263 5.57626 5.57007 5.56408 5.5583 5.55276 5.54747 5.54245 5.53769 5.53322 5.52904 5.52516 5.52157 5.51828 5.5153 5.51262 5.51024 5.50816 5.50638 5.50491 5.50372 5.50284 5.50224 5.50195 
5.49662 5.49692 5.49753 5.49847 5.49971 5.50128 5.50317 5.50538 5.50792 5.51078 5.51396 5.51747 5.5213 5.52546 5.52993 5.53471 5.53981 5.5452 5.55087 5.55683 5.56304 5.56949 5.57616 5.58304 5.59009 5.59728 5.6046 5.61201 5.61947 5.62696 5.63443 5.64185 5.64919 5.6564 5.66345 5.6703 5.67691 5.68324 5.68926 5.69493 5.70023 5.70512 5.70956 5.71354 5.71704 5.72002 5.72247 5.72439 5.72574 5.72654 5.72677 5.72643 5.72553 5.72407 5.72206 5.71951 5.71645 5.71288 5.70883 5.70432 5.6994 5.69407 5.68838 5.68235 5.67604 5.66946 5.66266 5.65567 5.64854 5.64131 5.634 5.62666 5.61932 5.61202 5.60479 5.59766 5.59067 5.58384 5.57719 5.57076 5.56455 5.5586 5.55291 5.5475 5.54238 5.53757 5.53306 5.52887 5.525 5.52145 5.51823 5.51533 5.51276 5.51051 5.50858 5.50698 5.50569 5.50473 5.50408 5.50375 
5.49849 5.4988 5.49946 5.50045 5.50179 5.50347 5.50549 5.50786 5.51058 5.51365 5.51707 5.52083 5.52495 5.5294 5.5342 5.53934 5.5448 5.55058 5.55666 5.56304 5.56969 5.5766 5.58374 5.59109 5.59863 5.60633 5.61414 5.62206 5.63003 5.63802 5.64599 5.65391 5.66173 5.66941 5.67692 5.68421 5.69125 5.69799 5.7044 5.71043 5.71606 5.72126 5.72598 5.73021 5.73392 5.73709 5.73969 5.74172 5.74316 5.74401 5.74425 5.74388 5.74292 5.74136 5.73922 5.73651 5.73324 5.72944 5.72513 5.72034 5.71509 5.70942 5.70336 5.69694 5.69021 5.6832 5.67595 5.6685 5.66089 5.65317 5.64536 5.63752 5.62968 5.62188 5.61415 5.60653 5.59905 5.59173 5.58462 5.57772 5.57107 5.56468 5.55858 5.55277 5.54728 5.5421 5.53726 5.53275 5.52859 5.52477 5.52129 5.51817 5.51539 5.51297 5.51088 5.50915 5.50776 5.50671 5.506 5.50563 
5.50044 5.50077 5.50146 5.50252 5.50395 5.50575 5.50791 5.51045 5.51336 5.51665 5.52031 5.52434 5.52874 5.53352 5.53865 5.54414 5.54999 5.55617 5.56267 5.56949 5.5766 5.58397 5.5916 5.59945 5.60749 5.6157 5.62404 5.63247 5.64096 5.64946 5.65795 5.66638 5.6747 5.68287 5.69085 5.6986 5.70607 5.71323 5.72003 5.72643 5.73241 5.73792 5.74293 5.74741 5.75134 5.7547 5.75746 5.7596 5.76113 5.76202 5.76227 5.76188 5.76085 5.7592 5.75692 5.75404 5.75057 5.74654 5.74196 5.73687 5.7313 5.72527 5.71883 5.71201 5.70485 5.69739 5.68968 5.68176 5.67366 5.66544 5.65713 5.64877 5.64042 5.6321 5.62385 5.61572 5.60773 5.59992 5.59232 5.58495 5.57783 5.571 5.56447 5.55825 5.55236 5.54682 5.54162 5.53679 5.53232 5.52822 5.52448 5.52112 5.51814 5.51552 5.51328 5.51141 5.5099 5.50877 5.508 5.5076 
5.50247 5.50281 5.50355 5.50467 5.50619 5.50811 5.51042 5.51314 5.51625 5.51976 5.52367 5.52797 5.53268 5.53778 5.54326 5.54913 5.55536 5.56196 5.56889 5.57616 5.58374 5.5916 5.59972 5.60808 5.61664 5.62537 5.63424 5.6432 5.65223 5.66126 5.67028 5.67922 5.68805 5.69672 5.70518 5.71339 5.72131 5.7289 5.7361 5.74288 5.7492 5.75503 5.76033 5.76508 5.76923 5.77278 5.77569 5.77796 5.77957 5.78051 5.78077 5.78035 5.77927 5.77751 5.7751 5.77205 5.76837 5.7641 5.75925 5.75386 5.74795 5.74156 5.73473 5.7275 5.71991 5.712 5.70382 5.6954 5.68681 5.67807 5.66924 5.66036 5.65148 5.64263 5.63386 5.6252 5.61669 5.60837 5.60027 5.59241 5.58482 5.57753 5.57056 5.56392 5.55763 5.5517 5.54614 5.54097 5.53618 5.53179 5.52779 5.52419 5.52098 5.51818 5.51577 5.51375 5.51214 5.51091 5.51008 5.50964 
5.50457 5.50492 5.5057 5.5069 5.50852 5.51056 5.51302 5.51591 5.51923 5.52297 5.52714 5.53173 5.53674 5.54217 5.54802 5.55426 5.5609 5.56792 5.57531 5.58304 5.59109 5.59945 5.60808 5.61696 5.62605 5.63532 5.64472 5.65423 5.66379 5.67337 5.68292 5.69239 5.70174 5.71091 5.71986 5.72855 5.73692 5.74494 5.75255 5.75971 5.76639 5.77254 5.77813 5.78314 5.78752 5.79126 5.79434 5.79673 5.79842 5.79941 5.79968 5.79924 5.79808 5.79623 5.79368 5.79046 5.78657 5.78206 5.77693 5.77123 5.76499 5.75823 5.75101 5.74337 5.73533 5.72696 5.7183 5.70939 5.70029 5.69103 5.68167 5.67226 5.66283 5.65345 5.64413 5.63494 5.6259 5.61706 5.60845 5.60009 5.59202 5.58425 5.57683 5.56975 5.56305 5.55673 5.5508 5.54528 5.54017 5.53547 5.5312 5.52735 5.52392 5.52092 5.51834 5.51618 5.51444 5.51312 5.51223 5.51175 
5.50673 5.5071 5.50792 5.50919 5.51091 5.51308 5.5157 5.51877 5.5223 5.52628 5.53071 5.53559 5.54092 5.5467 5.5529 5.55954 5.56659 5.57404 5.58188 5.59009 5.59863 5.60749 5.61664 5.62605 5.63568 5.64549 5.65544 5.6655 5.67562 5.68575 5.69584 5.70584 5.71571 5.72539 5.73484 5.74401 5.75284 5.76129 5.76931 5.77685 5.78389 5.79037 5.79626 5.80153 5.80614 5.81008 5.81331 5.81583 5.8176 5.81864 5.81892 5.81845 5.81724 5.81528 5.81259 5.8092 5.8051 5.80034 5.79494 5.78893 5.78235 5.77522 5.76761 5.75954 5.75106 5.74222 5.73308 5.72367 5.71405 5.70426 5.69437 5.68441 5.67444 5.6645 5.65464 5.6449 5.63533 5.62596 5.61682 5.60795 5.59938 5.59114 5.58325 5.57574 5.56861 5.56189 5.55558 5.5497 5.54426 5.53926 5.53471 5.5306 5.52694 5.52374 5.52098 5.51867 5.51682 5.51541 5.51444 5.51393 
5.50894 5.50934 5.51021 5.51155 5.51337 5.51567 5.51845 5.52171 5.52545 5.52967 5.53437 5.53955 5.5452 5.55132 5.5579 5.56494 5.57241 5.5803 5.5886 5.59728 5.60633 5.6157 5.62537 5.63532 5.64549 5.65585 5.66636 5.67698 5.68765 5.69833 5.70897 5.71951 5.72991 5.74011 5.75006 5.7597 5.76899 5.77788 5.78631 5.79425 5.80164 5.80845 5.81464 5.82017 5.82502 5.82915 5.83254 5.83518 5.83704 5.83813 5.83842 5.83793 5.83665 5.83459 5.83176 5.82819 5.82389 5.81888 5.8132 5.80688 5.79995 5.79246 5.78444 5.77595 5.76703 5.75772 5.74809 5.73817 5.72803 5.71771 5.70728 5.69677 5.68625 5.67576 5.66534 5.65505 5.64493 5.63502 5.62535 5.61597 5.6069 5.59817 5.58982 5.58185 5.57429 5.56716 5.56047 5.55423 5.54845 5.54313 5.53829 5.53393 5.53004 5.52662 5.52369 5.52123 5.51925 5.51774 5.51671 5.51616 
5.51121 5.51162 5.51254 5.51396 5.51588 5.51831 5.52125 5.5247 5.52866 5.53313 5.5381 5.54358 5.54956 5.55604 5.563 5.57043 5.57833 5.58667 5.59543 5.6046 5.61414 5.62404 5.63424 5.64472 5.65544 5.66636 5.67744 5.68861 5.69984 5.71108 5.72227 5.73335 5.74428 5.75499 5.76544 5.77557 5.78532 5.79464 5.80349 5.81181 5.81957 5.8267 5.83319 5.83899 5.84406 5.84839 5.85194 5.8547 5.85665 5.85778 5.85809 5.85757 5.85623 5.85407 5.8511 5.84735 5.84284 5.83759 5.83163 5.825 5.81773 5.80987 5.80146 5.79254 5.78317 5.77339 5.76327 5.75284 5.74218 5.73133 5.72035 5.70929 5.69821 5.68716 5.67619 5.66535 5.65467 5.64422 5.63402 5.62412 5.61454 5.60532 5.59649 5.58806 5.58007 5.57252 5.56544 5.55883 5.55271 5.54708 5.54195 5.53732 5.53319 5.52957 5.52646 5.52384 5.52174 5.52013 5.51904 5.51844 
5.51352 5.51395 5.51491 5.5164 5.51844 5.521 5.52411 5.52775 5.53193 5.53664 5.54189 5.54768 5.55399 5.56082 5.56816 5.576 5.58433 5.59312 5.60235 5.61201 5.62206 5.63247 5.6432 5.65423 5.6655 5.67698 5.68861 5.70035 5.71214 5.72393 5.73567 5.7473 5.75875 5.76998 5.78093 5.79154 5.80175 5.81151 5.82077 5.82948 5.83759 5.84505 5.85183 5.85789 5.8632 5.86772 5.87143 5.87431 5.87635 5.87753 5.87785 5.8773 5.87589 5.87363 5.87053 5.86661 5.86189 5.8564 5.85016 5.84322 5.83561 5.82738 5.81857 5.80923 5.79941 5.78916 5.77855 5.76762 5.75644 5.74505 5.73353 5.72192 5.71028 5.69867 5.68714 5.67574 5.66451 5.65351 5.64278 5.63235 5.62226 5.61255 5.60324 5.59435 5.58592 5.57796 5.57048 5.56351 5.55704 5.55109 5.54566 5.54077 5.5364 5.53257 5.52927 5.5265 5.52427 5.52257 5.5214 5.52076 
5.51586 5.5163 5.51731 5.51889 5.52102 5.52373 5.52699 5.53083 5.53523 5.5402 5.54573 5.55182 5.55846 5.56565 5.57338 5.58162 5.59038 5.59962 5.60933 5.61947 5.63003 5.64096 5.65223 5.66379 5.67562 5.68765 5.69984 5.71214 5.72449 5.73684 5.74912 5.76129 5.77327 5.78501 5.79646 5.80754 5.81821 5.8284 5.83807 5.84716 5.85562 5.86341 5.87049 5.87681 5.88234 5.88705 5.89092 5.89392 5.89605 5.89728 5.8976 5.89703 5.89556 5.8932 5.88997 5.88587 5.88095 5.87521 5.8687 5.86146 5.85351 5.84491 5.83571 5.82595 5.81568 5.80497 5.79387 5.78244 5.77074 5.75882 5.74676 5.7346 5.72241 5.71024 5.69815 5.68619 5.67441 5.66286 5.65159 5.64064 5.63004 5.61983 5.61004 5.60069 5.59182 5.58344 5.57557 5.56822 5.56141 5.55513 5.54941 5.54425 5.53964 5.53559 5.53211 5.52919 5.52683 5.52503 5.52379 5.52311 
5.51822 5.51868 5.51974 5.52139 5.52363 5.52647 5.52991 5.53393 5.53856 5.54378 5.54959 5.55598 5.56296 5.57051 5.57862 5.58727 5.59646 5.60615 5.61632 5.62696 5.63802 5.64946 5.66126 5.67337 5.68575 5.69833 5.71108 5.72393 5.73684 5.74974 5.76256 5.77526 5.78777 5.80002 5.81195 5.8235 5.83462 5.84525 5.85532 5.86478 5.87359 5.8817 5.88907 5.89564 5.9014 5.9063 5.91033 5.91345 5.91565 5.91693 5.91727 5.91667 5.91514 5.91269 5.90932 5.90505 5.89992 5.89395 5.88717 5.87963 5.87135 5.86239 5.85279 5.84262 5.83192 5.82075 5.80917 5.79724 5.78502 5.77258 5.75997 5.74727 5.73452 5.7218 5.70915 5.69664 5.68432 5.67223 5.66042 5.64894 5.63783 5.62713 5.61686 5.60706 5.59774 5.58895 5.58068 5.57296 5.56579 5.5592 5.55319 5.54775 5.5429 5.53864 5.53497 5.53189 5.52941 5.52751 5.5262 5.52549 
5.52058 5.52107 5.52217 5.5239 5.52625 5.52923 5.53283 5.53705 5.5419 5.54737 5.55345 5.56016 5.56746 5.57537 5.58386 5.59292 5.60253 5.61267 5.62331 5.63443 5.64599 5.65795 5.67028 5.68292 5.69584 5.70897 5.72227 5.73567 5.74912 5.76256 5.77593 5.78915 5.80217 5.81492 5.82733 5.83935 5.85092 5.86196 5.87243 5.88226 5.89142 5.89984 5.90749 5.91431 5.92029 5.92538 5.92955 5.9328 5.93508 5.93641 5.93676 5.93614 5.93455 5.93199 5.92849 5.92407 5.91874 5.91253 5.90549 5.89764 5.88904 5.87973 5.86975 5.85917 5.84803 5.83641 5.82436 5.81194 5.79921 5.78625 5.77311 5.75987 5.74658 5.73331 5.72011 5.70705 5.69418 5.68156 5.66922 5.65723 5.64561 5.63441 5.62367 5.61341 5.60366 5.59445 5.58578 5.57769 5.57019 5.56327 5.55696 5.55126 5.54617 5.5417 5.53785 5.53461 5.532 5.53 5.52862 5.52787 
5.52295 5.52345 5.52461 5.52641 5.52887 5.53198 5.53574 5.54016 5.54523 5.55094 5.55731 5.56431 5.57195 5.58021 5.58908 5.59854 5.60857 5.61915 5.63026 5.64185 5.65391 5.66638 5.67922 5.69239 5.70584 5.71951 5.73335 5.7473 5.76129 5.77526 5.78915 5.80289 5.81641 5.82965 5.84254 5.85501 5.86701 5.87847 5.88932 5.89952 5.90901 5.91774 5.92566 5.93273 5.93892 5.94419 5.94852 5.95187 5.95424 5.95561 5.95598 5.95533 5.95368 5.95103 5.94741 5.94282 5.9373 5.93087 5.92356 5.91543 5.90651 5.89685 5.8865 5.87551 5.86396 5.85189 5.83937 5.82647 5.81325 5.79978 5.78612 5.77235 5.75852 5.74471 5.73097 5.71737 5.70397 5.69081 5.67796 5.66545 5.65333 5.64165 5.63044 5.61972 5.60954 5.59992 5.59086 5.58241 5.57456 5.56733 5.56072 5.55476 5.54943 5.54475 5.54071 5.53732 5.53458 5.53249 5.53104 5.53025 
5.5253 5.52582 5.52702 5.5289 5.53147 5.53471 5.53864 5.54324 5.54853 5.55449 5.56113 5.56843 5.57639 5.585 5.59424 5.6041 5.61455 5.62556 5.63712 5.64919 5.66173 5.6747 5.68805 5.70174 5.71571 5.72991 5.74428 5.75875 5.77327 5.78777 5.80217 5.81641 5.83043 5.84414 5.85749 5.87041 5.88283 5.89469 5.90592 5.91647 5.92628 5.93531 5.9435 5.95082 5.95721 5.96266 5.96713 5.9706 5.97304 5.97446 5.97483 5.97416 5.97246 5.96972 5.96597 5.96123 5.95551 5.94886 5.94131 5.9329 5.92366 5.91366 5.90295 5.89158 5.87961 5.86711 5.85414 5.84077 5.82706 5.81309 5.79893 5.78464 5.77029 5.75595 5.74168 5.72755 5.71362 5.69994 5.68657 5.67356 5.66096 5.6488 5.63712 5.62597 5.61536 5.60533 5.59589 5.58707 5.57888 5.57134 5.56445 5.55822 5.55266 5.54777 5.54355 5.54001 5.53715 5.53496 5.53344 5.53261 
5.52762 5.52816 5.52941 5.53137 5.53404 5.53741 5.5415 5.54629 5.55179 5.558 5.5649 5.5725 5.58077 5.58972 5.59933 5.60957 5.62043 5.63187 5.64387 5.6564 5.66941 5.68287 5.69672 5.71091 5.72539 5.74011 5.75499 5.76998 5.78501 5.80002 5.81492 5.82965 5.84414 5.85832 5.87212 5.88547 5.8983 5.91054 5.92214 5.93303 5.94316 5.95248 5.96093 5.96847 5.97507 5.98069 5.9853 5.98887 5.9914 5.99285 5.99324 5.99255 5.99079 5.98797 5.9841 5.9792 5.97331 5.96644 5.95865 5.94996 5.94043 5.9301 5.91904 5.90729 5.89493 5.882 5.86859 5.85477 5.84059 5.82613 5.81147 5.79668 5.78182 5.76696 5.75218 5.73754 5.72309 5.70891 5.69504 5.68154 5.66845 5.65582 5.6437 5.63211 5.62108 5.61065 5.60084 5.59167 5.58315 5.5753 5.56813 5.56164 5.55585 5.55075 5.54636 5.54267 5.53968 5.5374 5.53582 5.53495 
5.52991 5.53047 5.53176 5.53379 5.53656 5.54006 5.5443 5.54928 5.55499 5.56143 5.5686 5.57648 5.58507 5.59435 5.60431 5.61493 5.62618 5.63804 5.65048 5.66345 5.67692 5.69085 5.70518 5.71986 5.73484 5.75006 5.76544 5.78093 5.79646 5.81195 5.82733 5.84254 5.85749 5.87212 5.88635 5.90011 5.91334 5.92596 5.93791 5.94913 5.95956 5.96915 5.97785 5.98562 5.99241 5.9982 6.00294 6.00662 6.00921 6.01071 6.01111 6.0104 6.00859 6.00568 6.0017 5.99666 5.99059 5.98352 5.97549 5.96654 5.95672 5.94608 5.93468 5.92257 5.90982 5.89649 5.88266 5.86839 5.85375 5.83883 5.82369 5.80841 5.79305 5.7777 5.76242 5.74727 5.73233 5.71765 5.7033 5.68932 5.67577 5.66269 5.65012 5.63811 5.62668 5.61586 5.60569 5.59617 5.58733 5.57918 5.57173 5.56499 5.55898 5.55368 5.54912 5.54528 5.54217 5.5398 5.53815 5.53724 
5.53214 5.53272 5.53406 5.53616 5.53902 5.54265 5.54705 5.5522 5.55811 5.56478 5.5722 5.58036 5.58925 5.59885 5.60916 5.62014 5.63178 5.64404 5.65689 5.6703 5.68421 5.6986 5.71339 5.72855 5.74401 5.7597 5.77557 5.79154 5.80754 5.8235 5.83935 5.85501 5.87041 5.88547 5.90011 5.91427 5.92787 5.94085 5.95314 5.96467 5.9754 5.98526 5.9942 6.00218 6.00916 6.0151 6.01997 6.02375 6.02641 6.02795 6.02836 6.02763 6.02576 6.02278 6.01869 6.01351 6.00727 6.00001 5.99176 5.98256 5.97246 5.96152 5.94979 5.93733 5.92421 5.9105 5.89626 5.88157 5.8665 5.85112 5.83552 5.81977 5.80394 5.78811 5.77234 5.75672 5.7413 5.72614 5.71132 5.69688 5.68288 5.66936 5.65637 5.64394 5.63212 5.62093 5.6104 5.60055 5.59139 5.58295 5.57524 5.56826 5.56202 5.55654 5.5518 5.54782 5.5446 5.54214 5.54043 5.53949 
5.53431 5.5349 5.53628 5.53845 5.54141 5.54516 5.5497 5.55503 5.56114 5.56803 5.57569 5.58411 5.59329 5.60321 5.61384 5.62518 5.63718 5.64983 5.66308 5.67691 5.69125 5.70607 5.72131 5.73692 5.75284 5.76899 5.78532 5.80175 5.81821 5.83462 5.85092 5.86701 5.88283 5.8983 5.91334 5.92787 5.94184 5.95516 5.96777 5.9796 5.9906 6.00071 6.00988 6.01806 6.02522 6.03131 6.0363 6.04017 6.04291 6.04448 6.0449 6.04415 6.04224 6.03918 6.03499 6.02968 6.02328 6.01583 6.00737 5.99793 5.98757 5.97634 5.96431 5.95152 5.93805 5.92396 5.90933 5.89424 5.87875 5.86295 5.84691 5.8307 5.81442 5.79813 5.7819 5.76581 5.74993 5.73432 5.71905 5.70417 5.68973 5.67579 5.66239 5.64958 5.63738 5.62583 5.61495 5.60478 5.59532 5.58661 5.57863 5.57142 5.56498 5.5593 5.55441 5.55029 5.54696 5.54441 5.54264 5.54166 
5.53639 5.537 5.53843 5.54067 5.54372 5.54758 5.55226 5.55775 5.56405 5.57115 5.57904 5.58772 5.59718 5.60739 5.61834 5.63001 5.64237 5.65538 5.66902 5.68324 5.69799 5.71323 5.7289 5.74494 5.76129 5.77788 5.79464 5.81151 5.8284 5.84525 5.86196 5.87847 5.89469 5.91054 5.92596 5.94085 5.95516 5.9688 5.98171 5.99383 6.00509 6.01544 6.02483 6.0332 6.04052 6.04675 6.05186 6.05582 6.05862 6.06023 6.06066 6.05989 6.05794 6.05481 6.05051 6.04508 6.03854 6.03091 6.02225 6.01259 6.00198 5.99048 5.97815 5.96505 5.95124 5.93681 5.92181 5.90633 5.89045 5.87424 5.85778 5.84115 5.82444 5.80771 5.79104 5.77451 5.7582 5.74215 5.72645 5.71115 5.6963 5.68196 5.66817 5.65498 5.64242 5.63052 5.61932 5.60884 5.5991 5.59011 5.5819 5.57446 5.56782 5.56196 5.55691 5.55267 5.54923 5.54659 5.54477 5.54376 
5.53839 5.53901 5.54048 5.54278 5.54592 5.54989 5.5547 5.56035 5.56682 5.57412 5.58224 5.59116 5.60088 5.61137 5.62263 5.63461 5.6473 5.66067 5.67467 5.68926 5.7044 5.72003 5.7361 5.75255 5.76931 5.78631 5.80349 5.82077 5.83807 5.85532 5.87243 5.88932 5.90592 5.92214 5.93791 5.95314 5.96777 5.98171 5.99491 6.00729 6.0188 6.02937 6.03896 6.04751 6.05499 6.06135 6.06657 6.07062 6.07347 6.07512 6.07556 6.07477 6.07278 6.06958 6.0652 6.05965 6.05296 6.04517 6.03632 6.02645 6.01561 6.00386 5.99125 5.97786 5.96374 5.94897 5.93363 5.91779 5.90154 5.88494 5.86809 5.85106 5.83394 5.81679 5.79972 5.78277 5.76604 5.74959 5.73348 5.71778 5.70254 5.68782 5.67366 5.66012 5.64721 5.635 5.62349 5.61271 5.6027 5.59346 5.58501 5.57736 5.57052 5.5645 5.55931 5.55494 5.55139 5.54868 5.54681 5.54576 
5.54028 5.54092 5.54242 5.54478 5.548 5.55208 5.55702 5.56281 5.56945 5.57694 5.58526 5.59441 5.60438 5.61514 5.62667 5.63896 5.65196 5.66565 5.67999 5.69493 5.71043 5.72643 5.74288 5.75971 5.77685 5.79425 5.81181 5.82948 5.84716 5.86478 5.88226 5.89952 5.91647 5.93303 5.94913 5.96467 5.9796 5.99383 6.00729 6.01992 6.03166 6.04244 6.05222 6.06094 6.06856 6.07505 6.08037 6.08449 6.0874 6.08908 6.08952 6.08873 6.08669 6.08343 6.07896 6.07331 6.06649 6.05855 6.04952 6.03946 6.0284 6.01641 6.00355 5.98988 5.97547 5.9604 5.94473 5.92856 5.91195 5.895 5.87778 5.86037 5.84287 5.82534 5.80788 5.79054 5.77343 5.75659 5.7401 5.72403 5.70842 5.69334 5.67884 5.66496 5.65174 5.63921 5.62741 5.61637 5.6061 5.59662 5.58795 5.5801 5.57309 5.56691 5.56157 5.55708 5.55345 5.55066 5.54874 5.54766 
5.54205 5.54271 5.54424 5.54666 5.54995 5.55413 5.55918 5.56511 5.57191 5.57957 5.58809 5.59746 5.60765 5.61866 5.63045 5.64301 5.65631 5.67031 5.68496 5.70023 5.71606 5.73241 5.7492 5.76639 5.78389 5.80164 5.81957 5.83759 5.85562 5.87359 5.89142 5.90901 5.92628 5.94316 5.95956 5.9754 5.9906 6.00509 6.0188 6.03166 6.04361 6.05458 6.06453 6.0734 6.08116 6.08776 6.09317 6.09737 6.10033 6.10204 6.10249 6.10168 6.09961 6.0963 6.09175 6.08599 6.07906 6.07098 6.06179 6.05154 6.04028 6.02808 6.01498 6.00105 5.98638 5.97102 5.95506 5.93857 5.92164 5.90436 5.8868 5.86904 5.85119 5.8333 5.81548 5.79779 5.78031 5.76311 5.74627 5.72985 5.71391 5.6985 5.68368 5.66948 5.65596 5.64315 5.63109 5.61978 5.60927 5.59957 5.5907 5.58267 5.57548 5.56916 5.56369 5.5591 5.55537 5.55252 5.55054 5.54944 
5.5437 5.54437 5.54593 5.5484 5.55177 5.55603 5.56119 5.56725 5.57419 5.58201 5.59071 5.60027 5.61067 5.62191 5.63395 5.64676 5.66033 5.6746 5.68955 5.70512 5.72126 5.73792 5.75503 5.77254 5.79037 5.80845 5.8267 5.84505 5.86341 5.8817 5.89984 5.91774 5.93531 5.95248 5.96915 5.98526 6.00071 6.01544 6.02937 6.04244 6.05458 6.06573 6.07584 6.08485 6.09273 6.09944 6.10493 6.1092 6.1122 6.11394 6.1144 6.11358 6.11148 6.10811 6.10349 6.09764 6.0906 6.08239 6.07305 6.06264 6.0512 6.03879 6.02548 6.01132 5.9964 5.98078 5.96455 5.94778 5.93056 5.91297 5.89509 5.87702 5.85884 5.84063 5.82248 5.80446 5.78665 5.76913 5.75196 5.73522 5.71897 5.70325 5.68814 5.67366 5.65987 5.64679 5.63448 5.62294 5.61221 5.60231 5.59325 5.58504 5.57771 5.57124 5.56566 5.56096 5.55716 5.55424 5.55222 5.5511 
5.5452 5.54588 5.54748 5.54999 5.55342 5.55777 5.56303 5.5692 5.57627 5.58424 5.5931 5.60284 5.61343 5.62487 5.63713 5.65018 5.66399 5.67851 5.69372 5.70956 5.72598 5.74293 5.76033 5.77813 5.79626 5.81464 5.83319 5.85183 5.87049 5.88907 5.90749 5.92566 5.9435 5.96093 5.97785 5.9942 6.00988 6.02483 6.03896 6.05222 6.06453 6.07584 6.08609 6.09523 6.10322 6.11002 6.11559 6.11991 6.12296 6.12472 6.12519 6.12435 6.12223 6.11881 6.11413 6.1082 6.10106 6.09273 6.08327 6.0727 6.0611 6.04851 6.035 6.02064 6.0055 5.98964 5.97316 5.95614 5.93865 5.92078 5.90263 5.88427 5.8658 5.84729 5.82884 5.81052 5.79241 5.77459 5.75714 5.74011 5.72357 5.70758 5.6922 5.67746 5.66342 5.65011 5.63757 5.62582 5.61489 5.6048 5.59557 5.58721 5.57973 5.57315 5.56746 5.56267 5.55879 5.55582 5.55376 5.55261 
5.54656 5.54725 5.54887 5.55143 5.55492 5.55933 5.56468 5.57095 5.57814 5.58624 5.59525 5.60514 5.61591 5.62753 5.63999 5.65324 5.66726 5.68202 5.69746 5.71354 5.73021 5.74741 5.76508 5.78314 5.80153 5.82017 5.83899 5.85789 5.87681 5.89564 5.91431 5.93273 5.95082 5.96847 5.98562 6.00218 6.01806 6.0332 6.04751 6.06094 6.0734 6.08485 6.09523 6.10449 6.11257 6.11945 6.12509 6.12947 6.13256 6.13434 6.13481 6.13397 6.13181 6.12836 6.12362 6.11762 6.11039 6.10196 6.09237 6.08168 6.06993 6.05718 6.0435 6.02895 6.01361 5.99755 5.98085 5.9636 5.94587 5.92776 5.90936 5.89074 5.87201 5.85324 5.83452 5.81594 5.79757 5.77949 5.76177 5.74448 5.72769 5.71146 5.69583 5.68087 5.6666 5.65308 5.64034 5.6284 5.61729 5.60704 5.59766 5.58916 5.58156 5.57486 5.56907 5.56421 5.56026 5.55724 5.55514 5.55397 
5.54776 5.54846 5.55011 5.5527 5.55623 5.56072 5.56614 5.5725 5.57979 5.58801 5.59714 5.60717 5.61809 5.62987 5.6425 5.65593 5.67014 5.6851 5.70074 5.71704 5.73392 5.75134 5.76923 5.78752 5.80614 5.82502 5.84406 5.8632 5.88234 5.9014 5.92029 5.93892 5.95721 5.97507 5.99241 6.00916 6.02522 6.04052 6.05499 6.06856 6.08116 6.09273 6.10322 6.11257 6.12075 6.1277 6.1334 6.13782 6.14094 6.14274 6.14322 6.14236 6.14019 6.1367 6.13191 6.12585 6.11854 6.11002 6.10033 6.08953 6.07765 6.06476 6.05093 6.03622 6.02071 6.00447 5.98758 5.97012 5.95219 5.93387 5.91525 5.89641 5.87745 5.85845 5.8395 5.82068 5.80208 5.78377 5.76582 5.74831 5.7313 5.71486 5.69902 5.68386 5.6694 5.65569 5.64277 5.63067 5.61941 5.60901 5.59949 5.59087 5.58316 5.57637 5.5705 5.56556 5.56156 5.55849 5.55636 5.55518 
5.54879 5.5495 5.55116 5.55379 5.55737 5.5619 5.56739 5.57383 5.5812 5.58952 5.59876 5.60891 5.61996 5.63188 5.64464 5.65823 5.67261 5.68772 5.70355 5.72002 5.73709 5.7547 5.77278 5.79126 5.81008 5.82915 5.84839 5.86772 5.88705 5.9063 5.92538 5.94419 5.96266 5.98069 5.9982 6.0151 6.03131 6.04675 6.06135 6.07505 6.08776 6.09944 6.11002 6.11945 6.1277 6.13471 6.14046 6.14492 6.14807 6.14989 6.15037 6.14951 6.14731 6.14379 6.13896 6.13285 6.12547 6.11688 6.10711 6.0962 6.08422 6.07121 6.05725 6.04241 6.02675 6.01035 5.9933 5.97568 5.95757 5.93907 5.92026 5.90124 5.88208 5.86289 5.84374 5.82473 5.80593 5.78742 5.76929 5.75159 5.73439 5.71776 5.70175 5.68641 5.67179 5.65793 5.64486 5.63261 5.62122 5.6107 5.60107 5.59235 5.58454 5.57766 5.57172 5.56672 5.56267 5.55957 5.55741 5.55621 
5.54965 5.55036 5.55205 5.55469 5.55831 5.56289 5.56843 5.57493 5.58238 5.59077 5.6001 5.61035 5.6215 5.63353 5.64642 5.66013 5.67463 5.68989 5.70585 5.72247 5.73969 5.75746 5.77569 5.79434 5.81331 5.83254 5.85194 5.87143 5.89092 5.91033 5.92955 5.94852 5.96713 5.9853 6.00294 6.01997 6.0363 6.05186 6.06657 6.08037 6.09317 6.10493 6.11559 6.12509 6.1334 6.14046 6.14625 6.15075 6.15391 6.15575 6.15623 6.15536 6.15315 6.14961 6.14475 6.13859 6.13116 6.1225 6.11266 6.10167 6.0896 6.0765 6.06244 6.04748 6.0317 6.01518 5.998 5.98024 5.96199 5.94334 5.92438 5.9052 5.88589 5.86653 5.84723 5.82805 5.80909 5.79043 5.77213 5.75427 5.73693 5.72015 5.70399 5.68851 5.67376 5.65977 5.64658 5.63422 5.62271 5.61209 5.60237 5.59356 5.58568 5.57874 5.57274 5.56769 5.5636 5.56046 5.55829 5.55707 
5.55032 5.55105 5.55274 5.55541 5.55905 5.56366 5.56925 5.57579 5.5833 5.59176 5.60115 5.61147 5.6227 5.63482 5.6478 5.66161 5.67622 5.69158 5.70765 5.72439 5.74172 5.7596 5.77796 5.79673 5.81583 5.83518 5.8547 5.87431 5.89392 5.91345 5.9328 5.95187 5.9706 5.98887 6.00662 6.02375 6.04017 6.05582 6.07062 6.08449 6.09737 6.1092 6.11991 6.12947 6.13782 6.14492 6.15075 6.15526 6.15845 6.16029 6.16078 6.15991 6.15768 6.15412 6.14923 6.14304 6.13557 6.12686 6.11697 6.10592 6.09378 6.0806 6.06646 6.05141 6.03554 6.01892 6.00164 5.98377 5.96541 5.94665 5.92757 5.90827 5.88884 5.86936 5.84993 5.83063 5.81155 5.79276 5.77434 5.75637 5.7389 5.72201 5.70574 5.69015 5.67529 5.6612 5.64792 5.63547 5.62388 5.61319 5.60339 5.59452 5.58658 5.57958 5.57354 5.56845 5.56433 5.56117 5.55898 5.55775 
5.55082 5.55154 5.55325 5.55593 5.55959 5.56423 5.56984 5.57642 5.58396 5.59246 5.60191 5.61228 5.62357 5.63575 5.64879 5.66267 5.67735 5.69278 5.70893 5.72574 5.74316 5.76113 5.77957 5.79842 5.8176 5.83704 5.85665 5.87635 5.89605 5.91565 5.93508 5.95424 5.97304 5.9914 6.00921 6.02641 6.04291 6.05862 6.07347 6.0874 6.10033 6.1122 6.12296 6.13256 6.14094 6.14807 6.15391 6.15845 6.16165 6.16349 6.16398 6.16311 6.16088 6.1573 6.15239 6.14617 6.13868 6.12994 6.12 6.10891 6.09672 6.08349 6.06929 6.05418 6.03825 6.02156 6.0042 5.98626 5.96783 5.94898 5.92982 5.91044 5.89092 5.87136 5.85184 5.83246 5.81329 5.79441 5.77591 5.75785 5.7403 5.72333 5.70698 5.69132 5.67639 5.66223 5.64888 5.63637 5.62472 5.61397 5.60413 5.59521 5.58723 5.5802 5.57412 5.56901 5.56486 5.56168 5.55948 5.55825 
5.55113 5.55185 5.55356 5.55625 5.55992 5.56458 5.5702 5.5768 5.58437 5.59289 5.60236 5.61277 5.62409 5.6363 5.64938 5.6633 5.67801 5.69349 5.70968 5.72654 5.74401 5.76202 5.78051 5.79941 5.81864 5.83813 5.85778 5.87753 5.89728 5.91693 5.93641 5.95561 5.97446 5.99285 6.01071 6.02795 6.04448 6.06023 6.07512 6.08908 6.10204 6.11394 6.12472 6.13434 6.14274 6.14989 6.15575 6.16029 6.16349 6.16535 6.16584 6.16496 6.16272 6.15914 6.15422 6.14799 6.14047 6.13171 6.12175 6.11064 6.09842 6.08516 6.07092 6.05578 6.03981 6.02308 6.00568 5.9877 5.96922 5.95033 5.93112 5.91169 5.89213 5.87252 5.85295 5.83352 5.8143 5.79537 5.77682 5.75872 5.74112 5.7241 5.70771 5.69201 5.67703 5.66284 5.64945 5.6369 5.62522 5.61444 5.60457 5.59562 5.58762 5.58057 5.57447 5.56935 5.56519 5.562 5.55979 5.55856 
