3.47999 3.48021 3.48043 3.48068 3.48094 3.48121 3.4815 3.48181 3.48214 3.48248 3.48285 3.48325 3.48367 3.48412 3.4846 3.48512 3.48568 3.48628 3.48693 3.48762 3.48836 3.48916 3.49001 3.49091 3.49186 3.49287 3.49392 3.49503 3.49617 3.49736 3.49858 3.49982 3.50109 3.50237 3.50365 3.50492 3.50618 3.50742 3.50861 3.50976 3.51086 3.51188 3.51284 3.5137 3.51448 3.51515 3.51571 3.51616 3.5165 3.51671 3.5168 3.51677 3.51661 3.51633 3.51594 3.51543 3.51481 3.51409 3.51328 3.51238 3.5114 3.51035 3.50925 3.50809 3.5069 3.50569 3.50445 3.50321 3.50197 3.50074 3.49953 3.49835 3.4972 3.4961 3.49504 3.49404 3.49309 3.4922 3.49138 3.49061 3.48991 3.48928 3.48871 3.4882 3.48776 3.48738 3.48705 3.48678 3.48657 3.4864 3.48629 3.48621 3.48618 3.48619 3.48623 3.4863 3.4864 3.48653 3.48668 3.48685 
3.48021 3.48042 3.48064 3.48089 3.48115 3.48142 3.48171 3.48202 3.48235 3.4827 3.48307 3.48346 3.48388 3.48434 3.48482 3.48535 3.48591 3.48652 3.48717 3.48787 3.48862 3.48943 3.49028 3.49119 3.49216 3.49318 3.49425 3.49537 3.49653 3.49773 3.49897 3.50023 3.50152 3.50281 3.50411 3.5054 3.50668 3.50793 3.50915 3.51032 3.51143 3.51247 3.51344 3.51431 3.5151 3.51578 3.51635 3.51681 3.51715 3.51737 3.51746 3.51742 3.51726 3.51698 3.51658 3.51606 3.51544 3.51471 3.51388 3.51296 3.51197 3.51091 3.50979 3.50862 3.50741 3.50617 3.50492 3.50366 3.5024 3.50115 3.49993 3.49873 3.49757 3.49645 3.49538 3.49436 3.4934 3.4925 3.49166 3.49088 3.49018 3.48953 3.48896 3.48844 3.488 3.48761 3.48728 3.48701 3.48679 3.48662 3.4865 3.48643 3.4864 3.4864 3.48644 3.48651 3.48661 3.48674 3.48689 3.48706 
3.48043 3.48064 3.48087 3.48112 3.48138 3.48166 3.48195 3.48227 3.4826 3.48295 3.48333 3.48374 3.48417 3.48464 3.48514 3.48568 3.48627 3.4869 3.48757 3.4883 3.48908 3.48992 3.49081 3.49176 3.49277 3.49383 3.49494 3.49611 3.49732 3.49857 3.49986 3.50118 3.50252 3.50387 3.50522 3.50657 3.5079 3.50921 3.51047 3.51169 3.51284 3.51393 3.51493 3.51585 3.51666 3.51737 3.51797 3.51844 3.51879 3.51902 3.51911 3.51907 3.51891 3.51861 3.51819 3.51765 3.517 3.51624 3.51537 3.51442 3.51338 3.51228 3.51111 3.50989 3.50863 3.50734 3.50603 3.50472 3.5034 3.50211 3.50083 3.49958 3.49837 3.4972 3.49608 3.49502 3.49401 3.49307 3.4922 3.49139 3.49065 3.48998 3.48937 3.48884 3.48836 3.48796 3.48761 3.48732 3.48709 3.48691 3.48678 3.48669 3.48665 3.48665 3.48668 3.48675 3.48685 3.48697 3.48712 3.48729 
3.48068 3.48089 3.48112 3.48137 3.48163 3.48192 3.48222 3.48254 3.48289 3.48326 3.48365 3.48408 3.48453 3.48503 3.48556 3.48613 3.48675 3.48742 3.48814 3.48892 3.48975 3.49064 3.4916 3.49261 3.49369 3.49482 3.49602 3.49726 3.49856 3.4999 3.50127 3.50268 3.50411 3.50555 3.507 3.50844 3.50985 3.51124 3.51259 3.51389 3.51512 3.51627 3.51734 3.51832 3.51918 3.51994 3.52057 3.52107 3.52144 3.52168 3.52178 3.52173 3.52155 3.52124 3.52079 3.52021 3.51951 3.5187 3.51778 3.51676 3.51565 3.51447 3.51322 3.51192 3.51058 3.5092 3.5078 3.5064 3.505 3.50361 3.50224 3.50091 3.49961 3.49836 3.49716 3.49603 3.49495 3.49394 3.493 3.49213 3.49133 3.49061 3.48996 3.48938 3.48886 3.48842 3.48804 3.48772 3.48746 3.48726 3.48711 3.48701 3.48695 3.48694 3.48696 3.48702 3.48711 3.48722 3.48737 3.48754 
3.48094 3.48115 3.48138 3.48163 3.4819 3.4822 3.48251 3.48285 3.48321 3.48361 3.48403 3.48448 3.48497 3.4855 3.48607 3.48669 3.48736 3.48809 3.48887 3.48972 3.49063 3.49161 3.49265 3.49376 3.49493 3.49617 3.49748 3.49884 3.50025 3.50171 3.50321 3.50475 3.50631 3.50788 3.50945 3.51101 3.51256 3.51407 3.51553 3.51694 3.51827 3.51953 3.52068 3.52174 3.52268 3.52349 3.52417 3.52472 3.52512 3.52537 3.52547 3.52542 3.52523 3.52488 3.52439 3.52376 3.523 3.52211 3.52111 3.52 3.5188 3.51751 3.51615 3.51474 3.51327 3.51177 3.51025 3.50872 3.50719 3.50568 3.50419 3.50273 3.50131 3.49995 3.49864 3.49739 3.49621 3.49511 3.49407 3.49312 3.49224 3.49144 3.49072 3.49007 3.4895 3.489 3.48858 3.48822 3.48792 3.48768 3.4875 3.48737 3.48729 3.48726 3.48726 3.48731 3.48739 3.4875 3.48763 3.4878 
3.48121 3.48142 3.48166 3.48192 3.4822 3.4825 3.48284 3.48319 3.48358 3.484 3.48445 3.48494 3.48548 3.48606 3.48669 3.48737 3.48811 3.48892 3.48978 3.49072 3.49173 3.49282 3.49398 3.49521 3.49651 3.49789 3.49934 3.50085 3.50242 3.50404 3.5057 3.5074 3.50912 3.51086 3.5126 3.51433 3.51603 3.5177 3.51931 3.52086 3.52233 3.52371 3.52498 3.52614 3.52717 3.52807 3.52881 3.52941 3.52984 3.53012 3.53023 3.53017 3.52995 3.52956 3.52902 3.52832 3.52748 3.5265 3.5254 3.52417 3.52284 3.52142 3.51992 3.51835 3.51674 3.51508 3.5134 3.5117 3.51001 3.50833 3.50668 3.50506 3.50349 3.50197 3.50051 3.49913 3.49781 3.49658 3.49542 3.49435 3.49337 3.49247 3.49166 3.49093 3.49028 3.48971 3.48922 3.4888 3.48846 3.48817 3.48795 3.48779 3.48768 3.48762 3.4876 3.48763 3.48769 3.48779 3.48792 3.48808 
3.4815 3.48171 3.48195 3.48222 3.48251 3.48284 3.48319 3.48357 3.48399 3.48444 3.48494 3.48548 3.48607 3.48671 3.48741 3.48817 3.489 3.4899 3.49088 3.49193 3.49307 3.49429 3.49559 3.49698 3.49845 3.49999 3.50162 3.50332 3.50508 3.50689 3.50876 3.51066 3.51259 3.51454 3.51648 3.51841 3.52031 3.52217 3.52397 3.52569 3.52733 3.52886 3.53027 3.53156 3.5327 3.53369 3.53452 3.53518 3.53566 3.53596 3.53607 3.536 3.53575 3.53532 3.53471 3.53393 3.53299 3.5319 3.53066 3.5293 3.52781 3.52623 3.52455 3.5228 3.52099 3.51914 3.51726 3.51536 3.51347 3.51159 3.50974 3.50792 3.50615 3.50445 3.50281 3.50125 3.49977 3.49837 3.49707 3.49586 3.49474 3.49372 3.49279 3.49195 3.49121 3.49055 3.48998 3.48949 3.48908 3.48874 3.48847 3.48826 3.48811 3.48802 3.48797 3.48798 3.48802 3.4881 3.48822 3.48837 
3.48181 3.48202 3.48227 3.48254 3.48285 3.48319 3.48357 3.48399 3.48444 3.48494 3.48549 3.48609 3.48675 3.48746 3.48825 3.48911 3.49005 3.49107 3.49217 3.49337 3.49465 3.49604 3.49751 3.49908 3.50075 3.5025 3.50434 3.50626 3.50825 3.51031 3.51241 3.51456 3.51674 3.51893 3.52111 3.52328 3.52542 3.52751 3.52952 3.53146 3.53329 3.535 3.53659 3.53802 3.5393 3.5404 3.54132 3.54206 3.54259 3.54292 3.54304 3.54296 3.54268 3.54219 3.5415 3.54063 3.53957 3.53834 3.53695 3.53541 3.53375 3.53196 3.53008 3.52811 3.52608 3.52399 3.52187 3.51974 3.5176 3.51548 3.51338 3.51133 3.50934 3.5074 3.50555 3.50377 3.50209 3.5005 3.49902 3.49764 3.49636 3.49519 3.49412 3.49315 3.49229 3.49153 3.49086 3.49028 3.48979 3.48938 3.48905 3.48879 3.48859 3.48846 3.48838 3.48835 3.48837 3.48844 3.48854 3.48868 
3.48214 3.48235 3.4826 3.48289 3.48321 3.48358 3.48399 3.48444 3.48494 3.4855 3.4861 3.48678 3.48751 3.48833 3.48922 3.49019 3.49125 3.49241 3.49367 3.49503 3.4965 3.49807 3.49976 3.50155 3.50344 3.50544 3.50753 3.50971 3.51198 3.51431 3.51669 3.51913 3.52159 3.52406 3.52654 3.52899 3.5314 3.53375 3.53602 3.5382 3.54026 3.54218 3.54396 3.54557 3.547 3.54824 3.54927 3.55008 3.55068 3.55104 3.55118 3.55108 3.55076 3.5502 3.54943 3.54844 3.54724 3.54585 3.54429 3.54256 3.54068 3.53866 3.53654 3.53431 3.53202 3.52966 3.52726 3.52485 3.52243 3.52002 3.51765 3.51532 3.51305 3.51086 3.50874 3.50672 3.5048 3.50299 3.50129 3.49971 3.49824 3.49689 3.49566 3.49454 3.49354 3.49265 3.49187 3.49119 3.4906 3.49011 3.4897 3.48938 3.48912 3.48894 3.48882 3.48876 3.48875 3.4888 3.48888 3.48902 
3.48248 3.4827 3.48295 3.48326 3.48361 3.484 3.48444 3.48494 3.4855 3.48611 3.48679 3.48755 3.48838 3.4893 3.49031 3.49142 3.49263 3.49396 3.49539 3.49695 3.49862 3.50042 3.50235 3.50439 3.50655 3.50883 3.51121 3.5137 3.51627 3.51892 3.52163 3.52439 3.52718 3.52999 3.53278 3.53555 3.53828 3.54093 3.54349 3.54595 3.54827 3.55043 3.55243 3.55424 3.55585 3.55723 3.55839 3.5593 3.55996 3.56037 3.56051 3.5604 3.56003 3.5594 3.55852 3.5574 3.55605 3.55448 3.55272 3.55076 3.54864 3.54636 3.54396 3.54145 3.53885 3.53618 3.53347 3.53073 3.52799 3.52526 3.52256 3.51992 3.51734 3.51484 3.51243 3.51012 3.50793 3.50585 3.50391 3.50209 3.5004 3.49884 3.49742 3.49613 3.49497 3.49393 3.49301 3.49221 3.49152 3.49093 3.49043 3.49003 3.48971 3.48947 3.4893 3.4892 3.48916 3.48918 3.48925 3.48937 
3.48285 3.48307 3.48333 3.48365 3.48403 3.48445 3.48494 3.48549 3.4861 3.48679 3.48756 3.48841 3.48936 3.4904 3.49155 3.49282 3.4942 3.49571 3.49735 3.49913 3.50105 3.5031 3.5053 3.50763 3.5101 3.51269 3.51541 3.51824 3.52116 3.52417 3.52725 3.53038 3.53355 3.53672 3.53989 3.54302 3.54609 3.54909 3.55198 3.55474 3.55735 3.55979 3.56204 3.56407 3.56587 3.56742 3.56872 3.56974 3.57048 3.57093 3.57108 3.57095 3.57052 3.56981 3.56882 3.56755 3.56603 3.56426 3.56227 3.56006 3.55766 3.55509 3.55238 3.54954 3.5466 3.54358 3.54051 3.53741 3.5343 3.53121 3.52815 3.52514 3.52221 3.51936 3.51662 3.51399 3.51148 3.50911 3.50688 3.50479 3.50285 3.50106 3.49942 3.49793 3.49658 3.49538 3.4943 3.49336 3.49254 3.49184 3.49125 3.49076 3.49036 3.49005 3.48983 3.48968 3.4896 3.48959 3.48964 3.48975 
3.48325 3.48346 3.48374 3.48408 3.48448 3.48494 3.48548 3.48609 3.48678 3.48755 3.48841 3.48938 3.49045 3.49164 3.49295 3.49439 3.49597 3.49769 3.49957 3.5016 3.50378 3.50613 3.50863 3.51129 3.51411 3.51706 3.52015 3.52336 3.52669 3.5301 3.53359 3.53714 3.54072 3.54431 3.54788 3.55141 3.55488 3.55825 3.56151 3.56461 3.56755 3.57029 3.57281 3.57509 3.57711 3.57884 3.58029 3.58143 3.58225 3.58275 3.58292 3.58277 3.58228 3.58148 3.58035 3.57893 3.57721 3.57522 3.57297 3.57049 3.56779 3.56489 3.56183 3.55863 3.55531 3.5519 3.54843 3.54493 3.54141 3.53791 3.53444 3.53103 3.5277 3.52446 3.52134 3.51835 3.51549 3.51278 3.51023 3.50784 3.50562 3.50357 3.50168 3.49996 3.4984 3.497 3.49575 3.49464 3.49368 3.49285 3.49215 3.49155 3.49107 3.49069 3.4904 3.4902 3.49008 3.49003 3.49006 3.49015 
3.48367 3.48388 3.48417 3.48453 3.48497 3.48548 3.48607 3.48675 3.48751 3.48838 3.48936 3.49045 3.49166 3.49301 3.4945 3.49615 3.49795 3.49991 3.50205 3.50436 3.50686 3.50953 3.51238 3.5154 3.5186 3.52195 3.52546 3.5291 3.53287 3.53673 3.54068 3.54468 3.54872 3.55277 3.55679 3.56077 3.56467 3.56846 3.57211 3.5756 3.57889 3.58195 3.58477 3.58732 3.58958 3.59152 3.59313 3.5944 3.59532 3.59587 3.59605 3.59587 3.59532 3.59441 3.59315 3.59155 3.58962 3.58739 3.58486 3.58207 3.57904 3.57578 3.57234 3.56874 3.56501 3.56117 3.55726 3.5533 3.54933 3.54538 3.54146 3.5376 3.53383 3.53016 3.52662 3.52322 3.51997 3.51689 3.51398 3.51126 3.50871 3.50636 3.5042 3.50222 3.50042 3.4988 3.49735 3.49607 3.49495 3.49397 3.49314 3.49244 3.49185 3.49139 3.49103 3.49077 3.4906 3.49051 3.49051 3.49058 
3.48412 3.48434 3.48464 3.48503 3.4855 3.48606 3.48671 3.48746 3.48833 3.4893 3.4904 3.49164 3.49301 3.49454 3.49624 3.4981 3.50015 3.50239 3.50482 3.50745 3.51028 3.51331 3.51655 3.51998 3.5236 3.5274 3.53136 3.53548 3.53973 3.54409 3.54853 3.55304 3.55758 3.56213 3.56665 3.57111 3.57548 3.57972 3.58381 3.58771 3.59138 3.59481 3.59796 3.6008 3.60331 3.60547 3.60726 3.60867 3.60969 3.6103 3.6105 3.61029 3.60967 3.60865 3.60724 3.60544 3.60329 3.60078 3.59796 3.59483 3.59143 3.58779 3.58394 3.5799 3.57571 3.5714 3.56701 3.56257 3.5581 3.55365 3.54923 3.54488 3.54062 3.53648 3.53248 3.52863 3.52495 3.52145 3.51815 3.51505 3.51215 3.50947 3.50699 3.50473 3.50267 3.50081 3.49914 3.49765 3.49635 3.49521 3.49423 3.4934 3.49271 3.49215 3.49171 3.49138 3.49115 3.49102 3.49099 3.49104 
3.4846 3.48482 3.48514 3.48556 3.48607 3.48669 3.48741 3.48825 3.48922 3.49031 3.49155 3.49295 3.4945 3.49624 3.49816 3.50027 3.50259 3.50513 3.50788 3.51086 3.51407 3.5175 3.52116 3.52504 3.52912 3.53341 3.53788 3.54251 3.54729 3.55219 3.55718 3.56224 3.56733 3.57242 3.57747 3.58246 3.58734 3.59207 3.59663 3.60097 3.60506 3.60887 3.61237 3.61552 3.61831 3.6207 3.62269 3.62425 3.62537 3.62604 3.62626 3.62602 3.62533 3.62419 3.62261 3.62061 3.61821 3.61542 3.61227 3.60878 3.60499 3.60093 3.59663 3.59212 3.58743 3.58262 3.57771 3.57273 3.56773 3.56273 3.55777 3.55289 3.5481 3.54344 3.53893 3.53459 3.53043 3.52648 3.52274 3.51923 3.51595 3.5129 3.51008 3.5075 3.50515 3.50302 3.5011 3.4994 3.49789 3.49657 3.49543 3.49446 3.49365 3.49298 3.49244 3.49204 3.49175 3.49158 3.49151 3.49154 
3.48512 3.48535 3.48568 3.48613 3.48669 3.48737 3.48817 3.48911 3.49019 3.49142 3.49282 3.49439 3.49615 3.4981 3.50027 3.50266 3.50529 3.50815 3.51126 3.51463 3.51824 3.52211 3.52624 3.5306 3.53519 3.54001 3.54502 3.55022 3.55557 3.56106 3.56664 3.57229 3.57797 3.58364 3.58927 3.59482 3.60025 3.60551 3.61056 3.61538 3.61991 3.62413 3.62801 3.6315 3.63458 3.63722 3.63942 3.64114 3.64237 3.6431 3.64334 3.64307 3.64229 3.64103 3.63928 3.63706 3.63439 3.63129 3.6278 3.62393 3.61972 3.61521 3.61042 3.60541 3.6002 3.59484 3.58936 3.58381 3.57823 3.57265 3.56711 3.56164 3.55628 3.55106 3.54599 3.54112 3.53645 3.532 3.52779 3.52383 3.52012 3.51667 3.51348 3.51055 3.50787 3.50545 3.50326 3.50131 3.49958 3.49806 3.49675 3.49562 3.49467 3.49388 3.49325 3.49276 3.4924 3.49217 3.49206 3.49207 
3.48568 3.48591 3.48627 3.48675 3.48736 3.48811 3.489 3.49005 3.49125 3.49263 3.4942 3.49597 3.49795 3.50015 3.50259 3.50529 3.50824 3.51147 3.51497 3.51875 3.52281 3.52716 3.53178 3.53668 3.54182 3.54721 3.55282 3.55862 3.56459 3.5707 3.57692 3.5832 3.58951 3.59581 3.60206 3.6082 3.61421 3.62003 3.62562 3.63094 3.63595 3.6406 3.64487 3.64871 3.6521 3.65501 3.65742 3.65931 3.66066 3.66147 3.66172 3.66141 3.66055 3.65915 3.65722 3.65477 3.65182 3.6484 3.64454 3.64026 3.63561 3.63062 3.62532 3.61977 3.614 3.60805 3.60198 3.59582 3.58961 3.5834 3.57724 3.57115 3.56517 3.55934 3.55368 3.54823 3.543 3.53802 3.53329 3.52884 3.52467 3.52078 3.51719 3.51388 3.51085 3.5081 3.50562 3.5034 3.50143 3.49969 3.49818 3.49688 3.49578 3.49486 3.49411 3.49353 3.4931 3.49281 3.49266 3.49264 
3.48628 3.48652 3.4869 3.48742 3.48809 3.48892 3.4899 3.49107 3.49241 3.49396 3.49571 3.49769 3.49991 3.50239 3.50513 3.50815 3.51147 3.51508 3.51901 3.52324 3.52779 3.53265 3.53782 3.54328 3.54902 3.55502 3.56126 3.56771 3.57434 3.58112 3.58801 3.59497 3.60196 3.60892 3.61582 3.6226 3.62922 3.63563 3.64179 3.64763 3.65314 3.65825 3.66293 3.66714 3.67086 3.67405 3.67669 3.67875 3.68023 3.6811 3.68137 3.68103 3.68008 3.67854 3.67641 3.67372 3.67048 3.66672 3.66247 3.65776 3.65264 3.64715 3.64131 3.63519 3.62882 3.62226 3.61555 3.60874 3.60187 3.595 3.58817 3.58141 3.57478 3.56829 3.562 3.55593 3.5501 3.54454 3.53926 3.53428 3.52961 3.52526 3.52122 3.5175 3.51409 3.51099 3.50819 3.50567 3.50344 3.50146 3.49974 3.49825 3.49698 3.49592 3.49505 3.49437 3.49386 3.49351 3.49331 3.49326 
3.48693 3.48717 3.48757 3.48814 3.48887 3.48978 3.49088 3.49217 3.49367 3.49539 3.49735 3.49957 3.50205 3.50482 3.50788 3.51126 3.51497 3.51901 3.52339 3.52811 3.53318 3.53859 3.54434 3.55041 3.55678 3.56344 3.57035 3.5775 3.58483 3.59232 3.59993 3.6076 3.61529 3.62296 3.63054 3.63799 3.64526 3.65229 3.65903 3.66543 3.67145 3.67704 3.68215 3.68676 3.69081 3.69429 3.69716 3.69941 3.70102 3.70196 3.70225 3.70187 3.70083 3.69914 3.69681 3.69386 3.69032 3.6862 3.68155 3.6764 3.67079 3.66477 3.65837 3.65165 3.64466 3.63745 3.63007 3.62257 3.61501 3.60743 3.59989 3.59243 3.58509 3.57792 3.57095 3.56422 3.55775 3.55157 3.5457 3.54016 3.53495 3.53009 3.52558 3.52141 3.51759 3.51411 3.51096 3.50813 3.50561 3.50338 3.50142 3.49973 3.49828 3.49707 3.49607 3.49527 3.49467 3.49425 3.494 3.49392 
3.48762 3.48787 3.4883 3.48892 3.48972 3.49072 3.49193 3.49337 3.49503 3.49695 3.49913 3.5016 3.50436 3.50745 3.51086 3.51463 3.51875 3.52324 3.52811 3.53336 3.53899 3.54499 3.55135 3.55807 3.56511 3.57247 3.5801 3.58797 3.59605 3.60429 3.61264 3.62106 3.6295 3.6379 3.6462 3.65435 3.66229 3.66996 3.67731 3.68429 3.69085 3.69693 3.70249 3.7075 3.7119 3.71568 3.7188 3.72123 3.72297 3.724 3.7243 3.72388 3.72275 3.72091 3.71837 3.71516 3.7113 3.70681 3.70175 3.69613 3.69001 3.68344 3.67645 3.66911 3.66147 3.65358 3.6455 3.63729 3.62899 3.62068 3.61239 3.60419 3.59611 3.58821 3.58053 3.5731 3.56595 3.55911 3.55261 3.54647 3.54069 3.53529 3.53027 3.52563 3.52137 3.51748 3.51396 3.51079 3.50795 3.50544 3.50324 3.50132 3.49968 3.4983 3.49716 3.49624 3.49555 3.49505 3.49475 3.49463 
3.48836 3.48862 3.48908 3.48975 3.49063 3.49173 3.49307 3.49465 3.4965 3.49862 3.50105 3.50378 3.50686 3.51028 3.51407 3.51824 3.52281 3.52779 3.53318 3.53899 3.54521 3.55183 3.55885 3.56625 3.57401 3.58209 3.59047 3.59911 3.60797 3.61699 3.62613 3.63534 3.64455 3.65371 3.66275 3.67163 3.68026 3.6886 3.69659 3.70416 3.71127 3.71786 3.72389 3.7293 3.73407 3.73815 3.74152 3.74415 3.74602 3.74712 3.74744 3.74699 3.74576 3.74376 3.74101 3.73753 3.73334 3.72848 3.72299 3.71689 3.71025 3.70311 3.69552 3.68754 3.67922 3.67062 3.66182 3.65286 3.6438 3.63471 3.62565 3.61667 3.60782 3.59915 3.59072 3.58255 3.57468 3.56715 3.55999 3.55321 3.54682 3.54085 3.53529 3.53014 3.52541 3.52109 3.51717 3.51363 3.51047 3.50766 3.50519 3.50304 3.50119 3.49962 3.49833 3.49729 3.49648 3.49591 3.49555 3.49539 
3.48916 3.48943 3.48992 3.49064 3.49161 3.49282 3.49429 3.49604 3.49807 3.50042 3.5031 3.50613 3.50953 3.51331 3.5175 3.52211 3.52716 3.53265 3.53859 3.54499 3.55183 3.55912 3.56683 3.57495 3.58345 3.5923 3.60147 3.61091 3.62057 3.63041 3.64037 3.65038 3.6604 3.67034 3.68016 3.68978 3.69913 3.70816 3.71679 3.72497 3.73265 3.73976 3.74625 3.75208 3.75722 3.76161 3.76523 3.76806 3.77007 3.77125 3.77159 3.7711 3.76977 3.76761 3.76464 3.76089 3.75637 3.75113 3.74519 3.73862 3.73144 3.72372 3.7155 3.70686 3.69785 3.68853 3.67897 3.66923 3.65939 3.6495 3.63963 3.62984 3.62019 3.61072 3.6015 3.59256 3.58394 3.57569 3.56782 3.56037 3.55334 3.54676 3.54063 3.53495 3.52973 3.52494 3.5206 3.51667 3.51316 3.51003 3.50727 3.50487 3.5028 3.50104 3.49958 3.4984 3.49748 3.49682 3.4964 3.49621 
3.49001 3.49028 3.49081 3.4916 3.49265 3.49398 3.49559 3.49751 3.49976 3.50235 3.5053 3.50863 3.51238 3.51655 3.52116 3.52624 3.53178 3.53782 3.54434 3.55135 3.55885 3.56683 3.57526 3.58413 3.59341 3.60306 3.61305 3.62332 3.63382 3.6445 3.6553 3.66616 3.67699 3.68775 3.69835 3.70873 3.71882 3.72854 3.73784 3.74664 3.75489 3.76252 3.76949 3.77575 3.78125 3.78596 3.78984 3.79287 3.79502 3.79628 3.79664 3.79611 3.79468 3.79236 3.78917 3.78514 3.78029 3.77466 3.76828 3.76121 3.75349 3.74517 3.73633 3.72701 3.71729 3.70722 3.6969 3.68637 3.67571 3.665 3.6543 3.64367 3.63318 3.62289 3.61284 3.6031 3.5937 3.58469 3.57609 3.56793 3.56024 3.55302 3.54629 3.54005 3.5343 3.52903 3.52424 3.5199 3.51601 3.51255 3.50949 3.50682 3.50451 3.50255 3.50091 3.49959 3.49855 3.4978 3.49731 3.49708 
3.49091 3.49119 3.49176 3.49261 3.49376 3.49521 3.49698 3.49908 3.50155 3.50439 3.50763 3.51129 3.5154 3.51998 3.52504 3.5306 3.53668 3.54328 3.55041 3.55807 3.56625 3.57495 3.58413 3.59378 3.60387 3.61435 3.62517 3.6363 3.64767 3.65922 3.67088 3.68259 3.69427 3.70585 3.71726 3.72841 3.73924 3.74968 3.75964 3.76907 3.7779 3.78606 3.79351 3.8002 3.80607 3.8111 3.81523 3.81846 3.82075 3.82209 3.82248 3.8219 3.82037 3.81789 3.81449 3.81018 3.80499 3.79897 3.79215 3.78457 3.7763 3.76739 3.7579 3.7479 3.73746 3.72664 3.71553 3.70419 3.69271 3.68115 3.66959 3.65811 3.64676 3.63561 3.62472 3.61415 3.60394 3.59414 3.58478 3.57589 3.5675 3.55962 3.55226 3.54543 3.53913 3.53335 3.52809 3.52332 3.51903 3.51521 3.51184 3.50888 3.50632 3.50415 3.50233 3.50084 3.49968 3.49883 3.49827 3.498 
3.49186 3.49216 3.49277 3.49369 3.49493 3.49651 3.49845 3.50075 3.50344 3.50655 3.5101 3.51411 3.5186 3.5236 3.52912 3.53519 3.54182 3.54902 3.55678 3.56511 3.57401 3.58345 3.59341 3.60387 3.61478 3.62611 3.63781 3.64981 3.66207 3.6745 3.68705 3.69963 3.71216 3.72458 3.7368 3.74874 3.76032 3.77146 3.7821 3.79215 3.80156 3.81026 3.81819 3.8253 3.83155 3.83688 3.84128 3.8447 3.84714 3.84856 3.84896 3.84835 3.84672 3.84408 3.84046 3.83587 3.83036 3.82394 3.81667 3.8086 3.79978 3.79027 3.78014 3.76945 3.75828 3.7467 3.73479 3.72264 3.71031 3.69789 3.68546 3.6731 3.66087 3.64884 3.63709 3.62566 3.61462 3.604 3.59385 3.58421 3.57509 3.56652 3.55852 3.55107 3.5442 3.53789 3.53213 3.52691 3.52222 3.51802 3.51431 3.51106 3.50824 3.50583 3.50382 3.50217 3.50088 3.49992 3.49929 3.49897 
3.49287 3.49318 3.49383 3.49482 3.49617 3.49789 3.49999 3.5025 3.50544 3.50883 3.51269 3.51706 3.52195 3.5274 3.53341 3.54001 3.54721 3.55502 3.56344 3.57247 3.58209 3.5923 3.60306 3.61435 3.62611 3.63831 3.65089 3.66379 3.67695 3.69028 3.70372 3.71718 3.73058 3.74384 3.75688 3.7696 3.78193 3.79379 3.8051 3.81578 3.82577 3.83499 3.8434 3.85093 3.85755 3.86319 3.86784 3.87147 3.87403 3.87554 3.87596 3.87531 3.87358 3.87079 3.86696 3.8621 3.85625 3.84945 3.84174 3.83317 3.82381 3.8137 3.80292 3.79155 3.77964 3.7673 3.75459 3.74161 3.72843 3.71514 3.70183 3.68857 3.67545 3.66253 3.64989 3.63759 3.62569 3.61424 3.60329 3.59286 3.583 3.57372 3.56504 3.55696 3.5495 3.54263 3.53636 3.53067 3.52555 3.52097 3.51691 3.51334 3.51025 3.5076 3.50539 3.50357 3.50214 3.50107 3.50037 3.5 
3.49392 3.49425 3.49494 3.49602 3.49748 3.49934 3.50162 3.50434 3.50753 3.51121 3.51541 3.52015 3.52546 3.53136 3.53788 3.54502 3.55282 3.56126 3.57035 3.5801 3.59047 3.60147 3.61305 3.62517 3.63781 3.65089 3.66437 3.67818 3.69224 3.70648 3.72082 3.73517 3.74944 3.76354 3.7774 3.7909 3.80398 3.81655 3.82852 3.83982 3.85038 3.86013 3.869 3.87695 3.88393 3.88988 3.89478 3.8986 3.9013 3.90288 3.90333 3.90264 3.90082 3.89788 3.89383 3.8887 3.88253 3.87535 3.86721 3.85815 3.84825 3.83755 3.82614 3.81407 3.80145 3.78834 3.77484 3.76102 3.74699 3.73283 3.71862 3.70447 3.69044 3.67661 3.66308 3.64989 3.63712 3.62482 3.61304 3.60182 3.59119 3.58118 3.5718 3.56308 3.555 3.54756 3.54076 3.53459 3.52902 3.52404 3.51961 3.51573 3.51235 3.50946 3.50703 3.50503 3.50346 3.50228 3.50149 3.50108 
3.49503 3.49537 3.49611 3.49726 3.49884 3.50085 3.50332 3.50626 3.50971 3.5137 3.51824 3.52336 3.5291 3.53548 3.54251 3.55022 3.55862 3.56771 3.5775 3.58797 3.59911 3.61091 3.62332 3.6363 3.64981 3.66379 3.67818 3.6929 3.70788 3.72303 3.73827 3.7535 3.76863 3.78358 3.79824 3.81253 3.82635 3.83961 3.85224 3.86415 3.87527 3.88552 3.89486 3.90322 3.91054 3.9168 3.92194 3.92594 3.92878 3.93044 3.93091 3.93018 3.92827 3.92518 3.92093 3.91555 3.90906 3.90151 3.89294 3.88341 3.87297 3.8617 3.84965 3.83692 3.82358 3.80971 3.79541 3.78078 3.76589 3.75086 3.73576 3.7207 3.70576 3.69103 3.67658 3.6625 3.64884 3.63568 3.62306 3.61103 3.59962 3.58887 3.57878 3.56939 3.56068 3.55266 3.54532 3.53865 3.53262 3.52722 3.52242 3.5182 3.51453 3.51138 3.50873 3.50656 3.50483 3.50354 3.50267 3.50221 
3.49617 3.49653 3.49732 3.49856 3.50025 3.50242 3.50508 3.50825 3.51198 3.51627 3.52116 3.52669 3.53287 3.53973 3.54729 3.55557 3.56459 3.57434 3.58483 3.59605 3.60797 3.62057 3.63382 3.64767 3.66207 3.67695 3.69224 3.70788 3.72377 3.73983 3.75596 3.77207 3.78806 3.80384 3.8193 3.83435 3.8489 3.86285 3.87611 3.88862 3.90028 3.91104 3.92082 3.92957 3.93724 3.94378 3.94916 3.95335 3.95631 3.95805 3.95854 3.95778 3.95578 3.95255 3.94811 3.94247 3.93568 3.92778 3.9188 3.9088 3.89785 3.88601 3.87335 3.85995 3.8459 3.83129 3.81621 3.80076 3.78503 3.76913 3.75315 3.73718 3.72133 3.70569 3.69033 3.67535 3.66081 3.64677 3.63331 3.62045 3.60826 3.59674 3.58594 3.57587 3.56652 3.5579 3.55001 3.54282 3.53633 3.53051 3.52532 3.52076 3.51679 3.51338 3.5105 3.50813 3.50625 3.50484 3.50389 3.50338 
3.49736 3.49773 3.49857 3.4999 3.50171 3.50404 3.50689 3.51031 3.51431 3.51892 3.52417 3.5301 3.53673 3.54409 3.55219 3.56106 3.5707 3.58112 3.59232 3.60429 3.61699 3.63041 3.6445 3.65922 3.6745 3.69028 3.70648 3.72303 3.73983 3.75679 3.7738 3.79078 3.80762 3.82421 3.84046 3.85625 3.87151 3.88612 3.90002 3.9131 3.92529 3.93653 3.94674 3.95587 3.96387 3.97069 3.97629 3.98065 3.98375 3.98555 3.98606 3.98528 3.9832 3.97983 3.9752 3.96933 3.96225 3.954 3.94462 3.93418 3.92273 3.91034 3.89708 3.88304 3.86831 3.85297 3.83712 3.82087 3.80431 3.78755 3.77069 3.75383 3.73708 3.72052 3.70426 3.68838 3.67294 3.65804 3.64372 3.63004 3.61705 3.60477 3.59325 3.58248 3.57249 3.56327 3.55481 3.5471 3.54013 3.53387 3.5283 3.52339 3.51911 3.51543 3.51232 3.50976 3.50772 3.50619 3.50515 3.50458 
3.49858 3.49897 3.49986 3.50127 3.50321 3.5057 3.50876 3.51241 3.51669 3.52163 3.52725 3.53359 3.54068 3.54853 3.55718 3.56664 3.57692 3.58801 3.59993 3.61264 3.62613 3.64037 3.6553 3.67088 3.68705 3.70372 3.72082 3.73827 3.75596 3.7738 3.79169 3.80952 3.82718 3.84457 3.86158 3.87811 3.89405 3.90931 3.9238 3.93744 3.95014 3.96184 3.97246 3.98195 3.99026 3.99735 4.00317 4.0077 4.01091 4.01279 4.01332 4.01251 4.01035 4.00686 4.00206 3.99596 3.9886 3.98002 3.97027 3.9594 3.94747 3.93455 3.92072 3.90606 3.89066 3.87461 3.85802 3.84098 3.82361 3.806 3.78828 3.77054 3.7529 3.73545 3.71829 3.70151 3.68519 3.66941 3.65424 3.63974 3.62595 3.61291 3.60065 3.5892 3.57855 3.56872 3.55969 3.55146 3.54401 3.53731 3.53134 3.52607 3.52148 3.51752 3.51418 3.51142 3.50923 3.50757 3.50644 3.50583 
3.49982 3.50023 3.50118 3.50268 3.50475 3.5074 3.51066 3.51456 3.51913 3.52439 3.53038 3.53714 3.54468 3.55304 3.56224 3.57229 3.5832 3.59497 3.6076 3.62106 3.63534 3.65038 3.66616 3.68259 3.69963 3.71718 3.73517 3.7535 3.77207 3.79078 3.80952 3.82818 3.84664 3.86481 3.88255 3.89978 3.91638 3.93227 3.94733 3.9615 3.97469 3.98682 3.99784 4.00768 4.01629 4.02362 4.02965 4.03434 4.03766 4.03961 4.04016 4.03932 4.0371 4.03349 4.02852 4.02221 4.01459 4.0057 3.9956 3.98432 3.97193 3.95851 3.94413 3.92887 3.91283 3.8961 3.87878 3.86098 3.84282 3.8244 3.80583 3.78723 3.76871 3.75037 3.73233 3.71466 3.69747 3.68083 3.66482 3.64949 3.63491 3.62111 3.60812 3.59597 3.58467 3.57423 3.56463 3.55587 3.54793 3.54079 3.53443 3.5288 3.52389 3.51966 3.51608 3.51312 3.51077 3.50899 3.50777 3.50709 
3.50109 3.50152 3.50252 3.50411 3.50631 3.50912 3.51259 3.51674 3.52159 3.52718 3.53355 3.54072 3.54872 3.55758 3.56733 3.57797 3.58951 3.60196 3.61529 3.6295 3.64455 3.6604 3.67699 3.69427 3.71216 3.73058 3.74944 3.76863 3.78806 3.80762 3.82718 3.84664 3.86589 3.88479 3.90325 3.92115 3.93839 3.95486 3.97048 3.98515 3.99879 4.01134 4.02273 4.03289 4.04178 4.04935 4.05557 4.06041 4.06384 4.06585 4.06643 4.06557 4.06328 4.05956 4.05444 4.04793 4.04007 4.03089 4.02045 4.00879 3.99597 3.98207 3.96717 3.95134 3.93468 3.9173 3.89928 3.88076 3.86183 3.84261 3.82322 3.80379 3.78441 3.76521 3.7463 3.72777 3.70971 3.69222 3.67538 3.65924 3.64387 3.62931 3.6156 3.60277 3.59082 3.57976 3.56959 3.56031 3.55189 3.5443 3.53754 3.53155 3.52632 3.52181 3.518 3.51484 3.51232 3.51042 3.50911 3.50838 
3.50237 3.50281 3.50387 3.50555 3.50788 3.51086 3.51454 3.51893 3.52406 3.52999 3.53672 3.54431 3.55277 3.56213 3.57242 3.58364 3.59581 3.60892 3.62296 3.6379 3.65371 3.67034 3.68775 3.70585 3.72458 3.74384 3.76354 3.78358 3.80384 3.82421 3.84457 3.86481 3.88479 3.90441 3.92355 3.94209 3.95993 3.97696 3.99309 4.00824 4.02232 4.03526 4.04699 4.05745 4.06661 4.0744 4.0808 4.08578 4.08931 4.09138 4.09198 4.0911 4.08875 4.08493 4.07967 4.07298 4.0649 4.05545 4.04469 4.03268 4.01946 4.00511 3.98971 3.97334 3.9561 3.93809 3.91941 3.90018 3.88052 3.86054 3.84036 3.82011 3.79991 3.77987 3.76011 3.74073 3.72184 3.70352 3.68586 3.66893 3.65278 3.63748 3.62305 3.60954 3.59694 3.58528 3.57455 3.56474 3.55584 3.54782 3.54065 3.53431 3.52876 3.52398 3.51992 3.51657 3.51389 3.51186 3.51046 3.50968 
3.50365 3.50411 3.50522 3.507 3.50945 3.5126 3.51648 3.52111 3.52654 3.53278 3.53989 3.54788 3.55679 3.56665 3.57747 3.58927 3.60206 3.61582 3.63054 3.6462 3.66275 3.68016 3.69835 3.71726 3.7368 3.75688 3.7774 3.79824 3.8193 3.84046 3.86158 3.88255 3.90325 3.92355 3.94333 3.96247 3.98088 3.99844 4.01506 4.03065 4.04514 4.05844 4.07049 4.08124 4.09063 4.09863 4.1052 4.1103 4.11393 4.11605 4.11667 4.11578 4.11338 4.10947 4.10408 4.09723 4.08893 4.07924 4.0682 4.05585 4.04225 4.02748 4.01162 3.99475 3.97696 3.95836 3.93905 3.91915 3.89879 3.87807 3.85714 3.83611 3.81511 3.79426 3.77368 3.75348 3.73377 3.71465 3.69619 3.67848 3.66158 3.64555 3.63042 3.61624 3.60302 3.59076 3.57947 3.56915 3.55977 3.55131 3.54375 3.53706 3.5312 3.52614 3.52185 3.5183 3.51545 3.5133 3.51181 3.51098 
3.50492 3.5054 3.50657 3.50844 3.51101 3.51433 3.51841 3.52328 3.52899 3.53555 3.54302 3.55141 3.56077 3.57111 3.58246 3.59482 3.6082 3.6226 3.63799 3.65435 3.67163 3.68978 3.70873 3.72841 3.74874 3.7696 3.7909 3.81253 3.83435 3.85625 3.87811 3.89978 3.92115 3.94209 3.96247 3.98219 4.00113 4.01918 4.03626 4.05226 4.06712 4.08076 4.0931 4.10411 4.11373 4.12191 4.12863 4.13386 4.13757 4.13975 4.14039 4.13948 4.13703 4.13305 4.12754 4.12054 4.11206 4.10214 4.09083 4.07818 4.06423 4.04908 4.03278 4.01544 3.99713 3.97798 3.95807 3.93755 3.91652 3.89511 3.87345 3.85168 3.82991 3.80829 3.78692 3.76594 3.74544 3.72553 3.7063 3.68784 3.67021 3.65347 3.63766 3.62283 3.60899 3.59615 3.58432 3.57349 3.56365 3.55476 3.54682 3.53978 3.53361 3.52828 3.52376 3.52001 3.51701 3.51473 3.51316 3.51228 
3.50618 3.50668 3.5079 3.50985 3.51256 3.51603 3.52031 3.52542 3.5314 3.53828 3.54609 3.55488 3.56467 3.57548 3.58734 3.60025 3.61421 3.62922 3.64526 3.66229 3.68026 3.69913 3.71882 3.73924 3.76032 3.78193 3.80398 3.82635 3.8489 3.87151 3.89405 3.91638 3.93839 3.95993 3.98088 4.00113 4.02056 4.03908 4.05657 4.07296 4.08816 4.1021 4.11472 4.12596 4.13578 4.14414 4.151 4.15633 4.16012 4.16235 4.16301 4.16209 4.1596 4.15555 4.14994 4.1428 4.13416 4.12403 4.11248 4.09955 4.08529 4.06977 4.05308 4.0353 4.01651 3.99684 3.97638 3.95526 3.93361 3.91154 3.8892 3.86672 3.84423 3.82187 3.79975 3.77801 3.75676 3.7361 3.71613 3.69694 3.67861 3.66118 3.64472 3.62926 3.61482 3.60142 3.58906 3.57774 3.56744 3.55815 3.54982 3.54244 3.53597 3.53038 3.52563 3.5217 3.51854 3.51615 3.51449 3.51356 
3.50742 3.50793 3.50921 3.51124 3.51407 3.5177 3.52217 3.52751 3.53375 3.54093 3.54909 3.55825 3.56846 3.57972 3.59207 3.60551 3.62003 3.63563 3.65229 3.66996 3.6886 3.70816 3.72854 3.74968 3.77146 3.79379 3.81655 3.83961 3.86285 3.88612 3.90931 3.93227 3.95486 3.97696 3.99844 4.01918 4.03908 4.05801 4.07589 4.09262 4.10814 4.12236 4.13523 4.14669 4.15669 4.1652 4.17218 4.17762 4.18148 4.18375 4.18443 4.18351 4.18099 4.17687 4.17117 4.16391 4.15511 4.14481 4.13304 4.11985 4.1053 4.08946 4.07241 4.05422 4.03499 4.01484 3.99387 3.9722 3.94996 3.92728 3.9043 3.88115 3.85798 3.83491 3.81209 3.78963 3.76766 3.74629 3.72561 3.70573 3.68672 3.66864 3.65154 3.63548 3.62046 3.60652 3.59366 3.58187 3.57113 3.56143 3.55275 3.54504 3.53828 3.53243 3.52747 3.52334 3.52004 3.51753 3.51579 3.51481 
3.50861 3.50915 3.51047 3.51259 3.51553 3.51931 3.52397 3.52952 3.53602 3.54349 3.55198 3.56151 3.57211 3.58381 3.59663 3.61056 3.62562 3.64179 3.65903 3.67731 3.69659 3.71679 3.73784 3.75964 3.7821 3.8051 3.82852 3.85224 3.87611 3.90002 3.9238 3.94733 3.97048 3.99309 4.01506 4.03626 4.05657 4.07589 4.09412 4.11117 4.12697 4.14145 4.15453 4.16619 4.17635 4.185 4.1921 4.19762 4.20155 4.20386 4.20456 4.20363 4.20108 4.19691 4.19114 4.18377 4.17484 4.16437 4.15241 4.13899 4.12419 4.10805 4.09066 4.0721 4.05247 4.03188 4.01043 3.98825 3.96547 3.94222 3.91864 3.89487 3.87106 3.84733 3.82384 3.80071 3.77806 3.75602 3.73468 3.71414 3.69448 3.67578 3.65809 3.64145 3.62589 3.61143 3.59808 3.58583 3.57468 3.5646 3.55556 3.54754 3.54051 3.53442 3.52924 3.52494 3.52149 3.51887 3.51705 3.51603 
3.50976 3.51032 3.51169 3.51389 3.51694 3.52086 3.52569 3.53146 3.5382 3.54595 3.55474 3.56461 3.5756 3.58771 3.60097 3.61538 3.63094 3.64763 3.66543 3.68429 3.70416 3.72497 3.74664 3.76907 3.79215 3.81578 3.83982 3.86415 3.88862 3.9131 3.93744 3.9615 3.98515 4.00824 4.03065 4.05226 4.07296 4.09262 4.11117 4.12851 4.14457 4.15927 4.17256 4.18438 4.19469 4.20347 4.21066 4.21626 4.22025 4.2226 4.22331 4.22238 4.21981 4.2156 4.20975 4.2023 4.19325 4.18264 4.1705 4.15688 4.14184 4.12544 4.10775 4.08886 4.06886 4.04787 4.02598 4.00333 3.98005 3.95628 3.93214 3.9078 3.88339 3.85906 3.83495 3.81118 3.78791 3.76523 3.74326 3.72211 3.70185 3.68256 3.6643 3.64712 3.63105 3.6161 3.60229 3.58962 3.57807 3.56762 3.55826 3.54994 3.54263 3.53631 3.53093 3.52647 3.52288 3.52016 3.51826 3.51719 
3.51086 3.51143 3.51284 3.51512 3.51827 3.52233 3.52733 3.53329 3.54026 3.54827 3.55735 3.56755 3.57889 3.59138 3.60506 3.61991 3.63595 3.65314 3.67145 3.69085 3.71127 3.73265 3.75489 3.7779 3.80156 3.82577 3.85038 3.87527 3.90028 3.92529 3.95014 3.97469 3.99879 4.02232 4.04514 4.06712 4.08816 4.10814 4.12697 4.14457 4.16085 4.17575 4.18922 4.20119 4.21164 4.22052 4.2278 4.23347 4.23751 4.23989 4.24063 4.23969 4.2371 4.23285 4.22695 4.21941 4.21026 4.19953 4.18724 4.17344 4.1582 4.14156 4.1236 4.10441 4.08408 4.06272 4.04044 4.01737 3.99363 3.96937 3.94474 3.91986 3.89491 3.87001 3.84532 3.82098 3.79712 3.77386 3.75131 3.72958 3.70877 3.68893 3.67015 3.65246 3.6359 3.62049 3.60626 3.59318 3.58126 3.57048 3.5608 3.5522 3.54465 3.53811 3.53254 3.52792 3.5242 3.52138 3.51942 3.5183 
3.51188 3.51247 3.51393 3.51627 3.51953 3.52371 3.52886 3.535 3.54218 3.55043 3.55979 3.57029 3.58195 3.59481 3.60887 3.62413 3.6406 3.65825 3.67704 3.69693 3.71786 3.73976 3.76252 3.78606 3.81026 3.83499 3.86013 3.88552 3.91104 3.93653 3.96184 3.98682 4.01134 4.03526 4.05844 4.08076 4.1021 4.12236 4.14145 4.15927 4.17575 4.19083 4.20445 4.21656 4.22712 4.23609 4.24346 4.24919 4.25327 4.25569 4.25643 4.2555 4.25289 4.24861 4.24266 4.23505 4.22582 4.21497 4.20255 4.1886 4.17317 4.15632 4.13813 4.11867 4.09805 4.07636 4.05373 4.03027 4.00613 3.98144 3.95634 3.93099 3.90553 3.88013 3.85491 3.83004 3.80564 3.78184 3.75876 3.73651 3.71518 3.69484 3.67557 3.65741 3.64041 3.62458 3.60995 3.5965 3.58424 3.57314 3.56317 3.55431 3.54653 3.53979 3.53405 3.52927 3.52544 3.52252 3.5205 3.51934 
3.51284 3.51344 3.51493 3.51734 3.52068 3.52498 3.53027 3.53659 3.54396 3.55243 3.56204 3.57281 3.58477 3.59796 3.61237 3.62801 3.64487 3.66293 3.68215 3.70249 3.72389 3.74625 3.76949 3.79351 3.81819 3.8434 3.869 3.89486 3.92082 3.94674 3.97246 3.99784 4.02273 4.04699 4.07049 4.0931 4.11472 4.13523 4.15453 4.17256 4.18922 4.20445 4.2182 4.23043 4.24108 4.25014 4.25757 4.26336 4.26748 4.26992 4.27068 4.26975 4.26713 4.26282 4.25683 4.24917 4.23986 4.22892 4.21639 4.2023 4.18671 4.16968 4.15128 4.13159 4.11071 4.08873 4.06578 4.04199 4.01748 3.99239 3.96688 3.9411 3.9152 3.88933 3.86365 3.8383 3.81341 3.78913 3.76557 3.74284 3.72104 3.70025 3.68053 3.66195 3.64454 3.62833 3.61334 3.59955 3.58697 3.57558 3.56535 3.55626 3.54827 3.54134 3.53543 3.53053 3.52659 3.52358 3.5215 3.52031 
3.5137 3.51431 3.51585 3.51832 3.52174 3.52614 3.53156 3.53802 3.54557 3.55424 3.56407 3.57509 3.58732 3.6008 3.61552 3.6315 3.64871 3.66714 3.68676 3.7075 3.7293 3.75208 3.77575 3.8002 3.8253 3.85093 3.87695 3.90322 3.92957 3.95587 3.98195 4.00768 4.03289 4.05745 4.08124 4.10411 4.12596 4.14669 4.16619 4.18438 4.20119 4.21656 4.23043 4.24275 4.25349 4.26262 4.27011 4.27594 4.2801 4.28256 4.28334 4.28241 4.27978 4.27545 4.26942 4.26171 4.25234 4.24132 4.22869 4.21449 4.19877 4.18158 4.163 4.1431 4.12199 4.09976 4.07654 4.05244 4.02761 4.00218 3.97631 3.95015 3.92386 3.89758 3.87148 3.8457 3.82038 3.79567 3.77168 3.74852 3.72631 3.70511 3.685 3.66604 3.64827 3.63171 3.61639 3.6023 3.58944 3.57779 3.56733 3.55802 3.54984 3.54274 3.53669 3.53167 3.52763 3.52455 3.5224 3.52119 
3.51448 3.5151 3.51666 3.51918 3.52268 3.52717 3.5327 3.5393 3.547 3.55585 3.56587 3.57711 3.58958 3.60331 3.61831 3.63458 3.6521 3.67086 3.69081 3.7119 3.73407 3.75722 3.78125 3.80607 3.83155 3.85755 3.88393 3.91054 3.93724 3.96387 3.99026 4.01629 4.04178 4.06661 4.09063 4.11373 4.13578 4.15669 4.17635 4.19469 4.21164 4.22712 4.24108 4.25349 4.26431 4.27349 4.28103 4.2869 4.29109 4.29357 4.29436 4.29343 4.29079 4.28645 4.28039 4.27265 4.26322 4.25214 4.23942 4.22512 4.20928 4.19196 4.17322 4.15316 4.13185 4.10941 4.08594 4.06159 4.03648 4.01076 3.98457 3.95808 3.93144 3.90481 3.87834 3.85219 3.82651 3.80142 3.77705 3.75353 3.73094 3.70939 3.68893 3.66964 3.65155 3.6347 3.61909 3.60473 3.59163 3.57975 3.56908 3.55958 3.55123 3.54398 3.53781 3.53268 3.52855 3.5254 3.52322 3.52197 
3.51515 3.51578 3.51737 3.51994 3.52349 3.52807 3.53369 3.5404 3.54824 3.55723 3.56742 3.57884 3.59152 3.60547 3.6207 3.63722 3.65501 3.67405 3.69429 3.71568 3.73815 3.76161 3.78596 3.8111 3.83688 3.86319 3.88988 3.9168 3.94378 3.97069 3.99735 4.02362 4.04935 4.0744 4.09863 4.12191 4.14414 4.1652 4.185 4.20347 4.22052 4.23609 4.25014 4.26262 4.27349 4.28273 4.29031 4.29621 4.30042 4.30293 4.30372 4.3028 4.30015 4.29579 4.28972 4.28194 4.27247 4.26133 4.24855 4.23417 4.21823 4.20079 4.18193 4.16171 4.14024 4.11762 4.09396 4.06938 4.04404 4.01807 3.99162 3.96485 3.93792 3.91099 3.88421 3.85775 3.83174 3.80633 3.78165 3.75781 3.73491 3.71306 3.69231 3.67273 3.65437 3.63726 3.62141 3.60683 3.59351 3.58143 3.57058 3.56093 3.55243 3.54506 3.53878 3.53356 3.52935 3.52615 3.52392 3.52265 
3.51571 3.51635 3.51797 3.52057 3.52417 3.52881 3.53452 3.54132 3.54927 3.55839 3.56872 3.58029 3.59313 3.60726 3.62269 3.63942 3.65742 3.67669 3.69716 3.7188 3.74152 3.76523 3.78984 3.81523 3.84128 3.86784 3.89478 3.92194 3.94916 3.97629 4.00317 4.02965 4.05557 4.0808 4.1052 4.12863 4.151 4.17218 4.1921 4.21066 4.2278 4.24346 4.25757 4.27011 4.28103 4.29031 4.29792 4.30385 4.30808 4.3106 4.3114 4.31048 4.30783 4.30346 4.29737 4.28956 4.28005 4.26887 4.25604 4.24159 4.22557 4.20804 4.18907 4.16874 4.14713 4.12436 4.10054 4.07579 4.05025 4.02407 3.99741 3.97041 3.94324 3.91607 3.88904 3.86232 3.83605 3.81038 3.78544 3.76134 3.73819 3.71609 3.6951 3.67529 3.65671 3.63938 3.62333 3.60856 3.59507 3.58283 3.57184 3.56205 3.55344 3.54596 3.53959 3.53429 3.53003 3.52677 3.52451 3.52322 
3.51616 3.51681 3.51844 3.52107 3.52472 3.52941 3.53518 3.54206 3.55008 3.5593 3.56974 3.58143 3.5944 3.60867 3.62425 3.64114 3.65931 3.67875 3.69941 3.72123 3.74415 3.76806 3.79287 3.81846 3.8447 3.87147 3.8986 3.92594 3.95335 3.98065 4.0077 4.03434 4.06041 4.08578 4.1103 4.13386 4.15633 4.17762 4.19762 4.21626 4.23347 4.24919 4.26336 4.27594 4.2869 4.29621 4.30385 4.3098 4.31405 4.31658 4.31739 4.31647 4.31382 4.30943 4.30332 4.2955 4.28596 4.27474 4.26186 4.24736 4.23128 4.21368 4.19463 4.1742 4.15249 4.1296 4.10565 4.08077 4.05508 4.02875 4.00191 3.97474 3.94739 3.92002 3.8928 3.86588 3.83941 3.81354 3.78839 3.76409 3.74075 3.71845 3.69728 3.67729 3.65853 3.64104 3.62484 3.60992 3.59629 3.58394 3.57283 3.56293 3.55423 3.54667 3.54023 3.53487 3.53056 3.52727 3.52498 3.52368 
3.5165 3.51715 3.51879 3.52144 3.52512 3.52984 3.53566 3.54259 3.55068 3.55996 3.57048 3.58225 3.59532 3.60969 3.62537 3.64237 3.66066 3.68023 3.70102 3.72297 3.74602 3.77007 3.79502 3.82075 3.84714 3.87403 3.9013 3.92878 3.95631 3.98375 4.01091 4.03766 4.06384 4.08931 4.11393 4.13757 4.16012 4.18148 4.20155 4.22025 4.23751 4.25327 4.26748 4.2801 4.29109 4.30042 4.30808 4.31405 4.31831 4.32085 4.32166 4.32074 4.31808 4.31369 4.30757 4.29973 4.29017 4.27893 4.26601 4.25147 4.23535 4.2177 4.19858 4.17808 4.1563 4.13332 4.10928 4.0843 4.05851 4.03206 4.0051 3.97781 3.95032 3.92282 3.89546 3.8684 3.84179 3.81578 3.79049 3.76605 3.74257 3.72014 3.69883 3.67872 3.65984 3.64223 3.62592 3.6109 3.59718 3.58473 3.57354 3.56358 3.55481 3.54719 3.5407 3.5353 3.53096 3.52764 3.52533 3.52402 
3.51671 3.51737 3.51902 3.52168 3.52537 3.53012 3.53596 3.54292 3.55104 3.56037 3.57093 3.58275 3.59587 3.6103 3.62604 3.6431 3.66147 3.6811 3.70196 3.724 3.74712 3.77125 3.79628 3.82209 3.84856 3.87554 3.90288 3.93044 3.95805 3.98555 4.01279 4.03961 4.06585 4.09138 4.11605 4.13975 4.16235 4.18375 4.20386 4.2226 4.23989 4.25569 4.26992 4.28256 4.29357 4.30293 4.3106 4.31658 4.32085 4.32339 4.32421 4.32329 4.32063 4.31623 4.3101 4.30225 4.29267 4.28141 4.26847 4.25391 4.23775 4.22006 4.20091 4.18037 4.15853 4.13551 4.11141 4.08636 4.06051 4.03399 4.00697 3.9796 3.95204 3.92446 3.89702 3.86988 3.84319 3.81709 3.79172 3.7672 3.74364 3.72113 3.69975 3.67956 3.66062 3.64294 3.62657 3.61149 3.59771 3.58521 3.57398 3.56397 3.55516 3.54751 3.54099 3.53557 3.5312 3.52787 3.52555 3.52423 
