5.49222 5.49241 5.49267 5.49303 5.49347 5.494 5.49461 5.49531 5.4961 5.49699 5.49796 5.49902 5.50017 5.50142 5.50276 5.5042 5.50572 5.50734 5.50905 5.51084 5.51272 5.51468 5.51671 5.51882 5.52098 5.52321 5.52548 5.5278 5.53014 5.53251 5.53488 5.53725 5.53961 5.54194 5.54423 5.54646 5.54863 5.55072 5.55272 5.55462 5.55639 5.55804 5.55955 5.56091 5.56211 5.56314 5.564 5.56468 5.56518 5.56548 5.5656 5.56553 5.56527 5.56482 5.56419 5.56337 5.56239 5.56124 5.55994 5.55848 5.55689 5.55518 5.55334 5.55141 5.54939 5.54729 5.54513 5.54292 5.54068 5.53841 5.53613 5.53385 5.53159 5.52935 5.52715 5.52499 5.52289 5.52086 5.51889 5.517 5.5152 5.51348 5.51185 5.51032 5.50889 5.50755 5.50632 5.50519 5.50416 5.50322 5.50239 5.50166 5.50103 5.50049 5.50005 5.4997 5.49944 5.49927 5.49919 5.4992 
5.49241 5.49259 5.49286 5.49321 5.49366 5.49419 5.4948 5.49551 5.49631 5.49719 5.49817 5.49924 5.5004 5.50166 5.50301 5.50445 5.50599 5.50761 5.50933 5.51114 5.51303 5.51501 5.51705 5.51917 5.52136 5.5236 5.52589 5.52823 5.53059 5.53297 5.53536 5.53775 5.54013 5.54248 5.54479 5.54704 5.54923 5.55134 5.55335 5.55526 5.55705 5.55871 5.56023 5.5616 5.56281 5.56385 5.56472 5.5654 5.5659 5.56621 5.56633 5.56626 5.56599 5.56554 5.5649 5.56408 5.56309 5.56193 5.56062 5.55915 5.55755 5.55582 5.55397 5.55202 5.54998 5.54787 5.54569 5.54346 5.5412 5.53891 5.53661 5.53432 5.53203 5.52978 5.52756 5.52539 5.52327 5.52122 5.51924 5.51733 5.51551 5.51378 5.51214 5.5106 5.50915 5.50781 5.50656 5.50542 5.50438 5.50345 5.50261 5.50187 5.50123 5.50069 5.50024 5.49989 5.49963 5.49946 5.49937 5.49938 
5.49267 5.49286 5.49313 5.49349 5.49394 5.49448 5.4951 5.49582 5.49663 5.49753 5.49853 5.49962 5.5008 5.50208 5.50346 5.50493 5.5065 5.50816 5.50991 5.51176 5.51369 5.5157 5.51779 5.51995 5.52218 5.52447 5.52681 5.52919 5.5316 5.53403 5.53647 5.53891 5.54133 5.54373 5.54608 5.54838 5.55061 5.55276 5.55481 5.55676 5.55858 5.56028 5.56183 5.56322 5.56446 5.56552 5.5664 5.5671 5.5676 5.56792 5.56804 5.56796 5.56769 5.56723 5.56658 5.56574 5.56473 5.56355 5.5622 5.56071 5.55907 5.55731 5.55542 5.55343 5.55135 5.54919 5.54697 5.5447 5.54239 5.54005 5.53771 5.53536 5.53304 5.53073 5.52847 5.52625 5.52409 5.52199 5.51997 5.51802 5.51616 5.51439 5.51272 5.51114 5.50967 5.50829 5.50702 5.50585 5.50479 5.50383 5.50297 5.50222 5.50156 5.501 5.50054 5.50018 5.49991 5.49973 5.49965 5.49965 
5.49303 5.49321 5.49349 5.49386 5.49432 5.49487 5.49551 5.49625 5.49709 5.49801 5.49904 5.50016 5.50138 5.50271 5.50413 5.50564 5.50726 5.50898 5.51079 5.51269 5.51468 5.51676 5.51892 5.52115 5.52345 5.52581 5.52823 5.53068 5.53317 5.53568 5.5382 5.54071 5.54321 5.54568 5.54811 5.55048 5.55278 5.555 5.55711 5.55912 5.561 5.56274 5.56434 5.56578 5.56705 5.56814 5.56905 5.56976 5.57028 5.57061 5.57073 5.57065 5.57037 5.56989 5.56922 5.56835 5.56731 5.56609 5.5647 5.56316 5.56147 5.55965 5.5577 5.55565 5.5535 5.55128 5.54898 5.54663 5.54425 5.54184 5.53942 5.537 5.53459 5.53222 5.52988 5.52758 5.52535 5.52318 5.52109 5.51908 5.51715 5.51532 5.51359 5.51196 5.51043 5.509 5.50769 5.50648 5.50537 5.50438 5.50349 5.5027 5.50202 5.50144 5.50096 5.50058 5.50029 5.5001 5.50001 5.50001 
5.49347 5.49366 5.49394 5.49432 5.49479 5.49536 5.49603 5.4968 5.49767 5.49863 5.4997 5.50087 5.50214 5.50352 5.505 5.50659 5.50828 5.51007 5.51195 5.51394 5.51602 5.51819 5.52044 5.52277 5.52517 5.52764 5.53015 5.53272 5.53531 5.53792 5.54055 5.54317 5.54578 5.54835 5.55088 5.55335 5.55574 5.55805 5.56025 5.56234 5.56429 5.56611 5.56777 5.56926 5.57058 5.57172 5.57266 5.5734 5.57394 5.57428 5.5744 5.57431 5.57402 5.57352 5.57282 5.57192 5.57083 5.56955 5.56811 5.5665 5.56474 5.56284 5.56081 5.55867 5.55643 5.55411 5.55172 5.54927 5.54678 5.54427 5.54174 5.53922 5.53671 5.53422 5.53178 5.52939 5.52705 5.52479 5.5226 5.52049 5.51848 5.51657 5.51475 5.51304 5.51144 5.50995 5.50856 5.50729 5.50614 5.50509 5.50415 5.50332 5.5026 5.50199 5.50148 5.50107 5.50077 5.50057 5.50046 5.50045 
5.494 5.49419 5.49448 5.49487 5.49536 5.49596 5.49666 5.49746 5.49837 5.49939 5.50051 5.50174 5.50308 5.50453 5.50609 5.50776 5.50954 5.51143 5.51342 5.51551 5.5177 5.51999 5.52236 5.52481 5.52734 5.52994 5.53259 5.53528 5.53801 5.54076 5.54352 5.54628 5.54902 5.55172 5.55438 5.55697 5.55949 5.56191 5.56422 5.56641 5.56847 5.57037 5.57211 5.57368 5.57506 5.57625 5.57723 5.57801 5.57857 5.57892 5.57905 5.57896 5.57865 5.57812 5.57738 5.57643 5.57528 5.57394 5.57242 5.57073 5.56888 5.56688 5.56475 5.5625 5.56015 5.5577 5.55518 5.55261 5.54999 5.54734 5.54468 5.54202 5.53938 5.53676 5.53418 5.53166 5.5292 5.52681 5.5245 5.52228 5.52015 5.51813 5.51621 5.5144 5.5127 5.51112 5.50966 5.50831 5.50708 5.50596 5.50496 5.50408 5.50331 5.50266 5.50211 5.50167 5.50134 5.50112 5.501 5.50099 
5.49461 5.4948 5.4951 5.49551 5.49603 5.49666 5.4974 5.49825 5.49921 5.50029 5.50148 5.50278 5.5042 5.50574 5.5074 5.50917 5.51106 5.51307 5.51518 5.5174 5.51973 5.52216 5.52468 5.52728 5.52996 5.53272 5.53553 5.53839 5.54128 5.5442 5.54712 5.55004 5.55294 5.55581 5.55862 5.56136 5.56402 5.56658 5.56903 5.57134 5.57351 5.57552 5.57736 5.57902 5.58047 5.58173 5.58277 5.58359 5.58418 5.58454 5.58468 5.58457 5.58424 5.58368 5.58289 5.58189 5.58067 5.57925 5.57764 5.57585 5.57389 5.57177 5.56951 5.56713 5.56463 5.56204 5.55938 5.55664 5.55387 5.55106 5.54824 5.54541 5.54261 5.53983 5.53709 5.53441 5.53179 5.52925 5.52679 5.52442 5.52216 5.52 5.51796 5.51603 5.51421 5.51252 5.51096 5.50952 5.5082 5.507 5.50593 5.50498 5.50415 5.50344 5.50285 5.50238 5.50202 5.50177 5.50163 5.5016 
5.49531 5.49551 5.49582 5.49625 5.4968 5.49746 5.49825 5.49915 5.50018 5.50132 5.50259 5.50399 5.50551 5.50715 5.50892 5.51082 5.51284 5.51498 5.51724 5.51962 5.5221 5.5247 5.52739 5.53017 5.53304 5.53598 5.53898 5.54203 5.54512 5.54823 5.55135 5.55446 5.55755 5.5606 5.56359 5.56651 5.56935 5.57207 5.57467 5.57713 5.57944 5.58157 5.58353 5.58528 5.58683 5.58816 5.58926 5.59013 5.59075 5.59114 5.59127 5.59116 5.5908 5.5902 5.58936 5.58829 5.58699 5.58548 5.58376 5.58185 5.57976 5.57751 5.5751 5.57256 5.5699 5.56714 5.56429 5.56138 5.55842 5.55542 5.5524 5.54939 5.54639 5.54342 5.54049 5.53763 5.53482 5.5321 5.52947 5.52694 5.52451 5.5222 5.52 5.51793 5.51598 5.51416 5.51248 5.51092 5.5095 5.50821 5.50705 5.50602 5.50512 5.50435 5.50371 5.50319 5.50279 5.50251 5.50235 5.50231 
5.4961 5.49631 5.49663 5.49709 5.49767 5.49837 5.49921 5.50018 5.50127 5.5025 5.50387 5.50536 5.50699 5.50876 5.51066 5.5127 5.51487 5.51717 5.5196 5.52215 5.52483 5.52761 5.5305 5.53349 5.53657 5.53972 5.54294 5.54621 5.54952 5.55285 5.55619 5.55953 5.56283 5.5661 5.5693 5.57242 5.57545 5.57836 5.58114 5.58377 5.58623 5.58851 5.59059 5.59246 5.59411 5.59553 5.5967 5.59762 5.59829 5.59869 5.59884 5.59871 5.59833 5.59768 5.59678 5.59563 5.59424 5.59262 5.59078 5.58874 5.5865 5.58409 5.58151 5.57879 5.57594 5.57298 5.56993 5.56681 5.56363 5.56042 5.55719 5.55395 5.55073 5.54754 5.5444 5.54132 5.53831 5.53538 5.53255 5.52982 5.5272 5.52471 5.52234 5.5201 5.518 5.51603 5.51421 5.51252 5.51098 5.50958 5.50832 5.5072 5.50622 5.50538 5.50467 5.5041 5.50366 5.50335 5.50316 5.50311 
5.49699 5.49719 5.49753 5.49801 5.49863 5.49939 5.50029 5.50132 5.5025 5.50383 5.50529 5.50691 5.50867 5.51057 5.51262 5.51482 5.51716 5.51964 5.52226 5.52502 5.5279 5.5309 5.53401 5.53723 5.54055 5.54394 5.54741 5.55092 5.55448 5.55807 5.56166 5.56524 5.56879 5.5723 5.57574 5.57909 5.58233 5.58546 5.58843 5.59125 5.59389 5.59633 5.59855 5.60056 5.60232 5.60383 5.60509 5.60607 5.60678 5.60721 5.60736 5.60722 5.6068 5.60611 5.60514 5.6039 5.60241 5.60067 5.59869 5.5965 5.59409 5.5915 5.58873 5.58581 5.58275 5.57957 5.57629 5.57293 5.56952 5.56606 5.56258 5.5591 5.55563 5.55219 5.54881 5.54548 5.54223 5.53907 5.53601 5.53307 5.53024 5.52754 5.52497 5.52255 5.52027 5.51814 5.51616 5.51433 5.51265 5.51112 5.50975 5.50853 5.50746 5.50653 5.50575 5.50512 5.50463 5.50428 5.50407 5.504 
5.49796 5.49817 5.49853 5.49904 5.4997 5.50051 5.50148 5.50259 5.50387 5.50529 5.50688 5.50862 5.51052 5.51258 5.5148 5.51718 5.51971 5.52239 5.52523 5.5282 5.53132 5.53456 5.53793 5.5414 5.54498 5.54864 5.55238 5.55618 5.56001 5.56388 5.56775 5.5716 5.57543 5.5792 5.5829 5.5865 5.58999 5.59334 5.59654 5.59957 5.6024 5.60501 5.60741 5.60955 5.61144 5.61306 5.6144 5.61546 5.61621 5.61667 5.61682 5.61667 5.61622 5.61547 5.61442 5.61309 5.61148 5.60961 5.60748 5.60512 5.60253 5.59974 5.59676 5.59361 5.59032 5.58689 5.58336 5.57974 5.57606 5.57233 5.56858 5.56482 5.56108 5.55737 5.55371 5.55011 5.5466 5.54318 5.53987 5.53668 5.53361 5.53069 5.52791 5.52527 5.5228 5.52048 5.51832 5.51633 5.5145 5.51283 5.51133 5.50999 5.50882 5.5078 5.50695 5.50625 5.5057 5.50531 5.50507 5.50498 
5.49902 5.49924 5.49962 5.50016 5.50087 5.50174 5.50278 5.50399 5.50536 5.50691 5.50862 5.51051 5.51257 5.5148 5.5172 5.51978 5.52252 5.52543 5.52849 5.53171 5.53509 5.5386 5.54224 5.546 5.54986 5.55382 5.55786 5.56196 5.5661 5.57027 5.57444 5.5786 5.58272 5.58679 5.59077 5.59465 5.59841 5.60202 5.60546 5.60871 5.61175 5.61456 5.61713 5.61944 5.62146 5.6232 5.62464 5.62576 5.62657 5.62706 5.62722 5.62705 5.62656 5.62575 5.62462 5.62318 5.62145 5.61943 5.61714 5.61459 5.61181 5.6088 5.60559 5.60219 5.59864 5.59495 5.59114 5.58723 5.58326 5.57923 5.57518 5.57112 5.56708 5.56307 5.55911 5.55522 5.55141 5.54771 5.54412 5.54066 5.53733 5.53416 5.53113 5.52827 5.52558 5.52305 5.5207 5.51853 5.51653 5.51471 5.51307 5.51161 5.51031 5.5092 5.50825 5.50748 5.50687 5.50643 5.50616 5.50605 
5.50017 5.5004 5.5008 5.50138 5.50214 5.50308 5.5042 5.50551 5.50699 5.50867 5.51052 5.51257 5.5148 5.51722 5.51982 5.52261 5.52559 5.52874 5.53206 5.53555 5.5392 5.543 5.54694 5.55101 5.55519 5.55948 5.56384 5.56827 5.57274 5.57724 5.58175 5.58623 5.59068 5.59506 5.59935 5.60353 5.60758 5.61146 5.61516 5.61866 5.62193 5.62496 5.62771 5.63019 5.63237 5.63423 5.63577 5.63698 5.63784 5.63836 5.63853 5.63835 5.63781 5.63693 5.63572 5.63417 5.6323 5.63012 5.62765 5.62491 5.6219 5.61866 5.6152 5.61154 5.6077 5.60372 5.59961 5.5954 5.5911 5.58676 5.58238 5.57799 5.57362 5.56928 5.56499 5.56078 5.55666 5.55265 5.54876 5.545 5.54139 5.53794 5.53465 5.53154 5.52861 5.52586 5.5233 5.52093 5.51875 5.51676 5.51496 5.51336 5.51194 5.51072 5.50968 5.50882 5.50815 5.50766 5.50735 5.50722 
5.50142 5.50166 5.50208 5.50271 5.50352 5.50453 5.50574 5.50715 5.50876 5.51057 5.51258 5.5148 5.51722 5.51984 5.52266 5.52569 5.52891 5.53233 5.53593 5.53971 5.54366 5.54778 5.55204 5.55644 5.56097 5.5656 5.57031 5.5751 5.57993 5.58479 5.58965 5.59449 5.59928 5.604 5.60863 5.61313 5.61748 5.62166 5.62565 5.62941 5.63292 5.63617 5.63914 5.6418 5.64413 5.64614 5.64779 5.64908 5.65001 5.65056 5.65073 5.65053 5.64995 5.649 5.64769 5.64602 5.644 5.64166 5.639 5.63604 5.6328 5.6293 5.62557 5.62163 5.61749 5.6132 5.60876 5.60422 5.59958 5.59489 5.59016 5.58542 5.58069 5.576 5.57136 5.5668 5.56234 5.55799 5.55377 5.5497 5.54578 5.54204 5.53847 5.53508 5.53189 5.5289 5.52611 5.52353 5.52115 5.51898 5.51701 5.51526 5.51371 5.51236 5.51121 5.51027 5.50953 5.50898 5.50863 5.50848 
5.50276 5.50301 5.50346 5.50413 5.505 5.50609 5.5074 5.50892 5.51066 5.51262 5.5148 5.5172 5.51982 5.52266 5.52573 5.529 5.53249 5.53619 5.54009 5.54418 5.54846 5.55291 5.55753 5.56229 5.56717 5.57218 5.57727 5.58244 5.58765 5.59289 5.59813 5.60335 5.60851 5.6136 5.61858 5.62342 5.62811 5.6326 5.63689 5.64093 5.64471 5.6482 5.65138 5.65423 5.65674 5.65889 5.66066 5.66204 5.66303 5.66362 5.6638 5.66358 5.66295 5.66193 5.66051 5.65871 5.65654 5.65402 5.65115 5.64797 5.64448 5.64071 5.6367 5.63245 5.62799 5.62336 5.61858 5.61368 5.60868 5.60362 5.59851 5.59339 5.58829 5.58322 5.5782 5.57327 5.56844 5.56374 5.55917 5.55475 5.55051 5.54644 5.54257 5.53889 5.53543 5.53217 5.52914 5.52632 5.52373 5.52136 5.51922 5.5173 5.5156 5.51412 5.51287 5.51183 5.51101 5.5104 5.51001 5.50983 
5.5042 5.50445 5.50493 5.50564 5.50659 5.50776 5.50917 5.51082 5.5127 5.51482 5.51718 5.51978 5.52261 5.52569 5.529 5.53255 5.53633 5.54033 5.54455 5.54897 5.5536 5.55841 5.56339 5.56853 5.57381 5.57921 5.5847 5.59027 5.59589 5.60154 5.60718 5.6128 5.61836 5.62383 5.62918 5.63439 5.63943 5.64426 5.64886 5.6532 5.65725 5.66099 5.66441 5.66747 5.67015 5.67245 5.67435 5.67583 5.67689 5.67751 5.6777 5.67746 5.67678 5.67568 5.67415 5.67222 5.66989 5.66717 5.66409 5.66066 5.65691 5.65287 5.64854 5.64397 5.63918 5.6342 5.62905 5.62377 5.61839 5.61293 5.60742 5.6019 5.59639 5.59092 5.58551 5.58018 5.57496 5.56987 5.56493 5.56015 5.55556 5.55115 5.54695 5.54297 5.5392 5.53567 5.53237 5.52931 5.52649 5.52391 5.52157 5.51948 5.51762 5.51601 5.51463 5.5135 5.51259 5.51192 5.51148 5.51127 
5.50572 5.50599 5.5065 5.50726 5.50828 5.50954 5.51106 5.51284 5.51487 5.51716 5.51971 5.52252 5.52559 5.52891 5.53249 5.53633 5.54041 5.54473 5.54929 5.55407 5.55906 5.56425 5.56963 5.57517 5.58086 5.58667 5.59259 5.59859 5.60464 5.61072 5.61679 5.62282 5.6288 5.63467 5.64042 5.64602 5.65142 5.6566 5.66153 5.66618 5.67053 5.67454 5.67819 5.68147 5.68434 5.6868 5.68883 5.69041 5.69154 5.6922 5.69241 5.69214 5.69141 5.69022 5.68858 5.68651 5.684 5.68108 5.67778 5.6741 5.67007 5.66573 5.66108 5.65617 5.65103 5.64567 5.64014 5.63446 5.62867 5.6228 5.61687 5.61093 5.60499 5.5991 5.59326 5.58752 5.58189 5.57639 5.57106 5.56589 5.56092 5.55616 5.55161 5.5473 5.54322 5.53939 5.53581 5.53249 5.52943 5.52662 5.52408 5.5218 5.51978 5.51802 5.51652 5.51527 5.51428 5.51354 5.51305 5.51281 
5.50734 5.50761 5.50816 5.50898 5.51007 5.51143 5.51307 5.51498 5.51717 5.51964 5.52239 5.52543 5.52874 5.53233 5.53619 5.54033 5.54473 5.54939 5.55431 5.55946 5.56484 5.57043 5.57622 5.58219 5.58831 5.59456 5.60093 5.60738 5.61388 5.6204 5.62692 5.6334 5.6398 5.6461 5.65227 5.65826 5.66405 5.66959 5.67487 5.67985 5.6845 5.68879 5.6927 5.6962 5.69927 5.7019 5.70406 5.70575 5.70695 5.70766 5.70787 5.70758 5.70679 5.70552 5.70376 5.70153 5.69885 5.69572 5.69218 5.68824 5.68393 5.67927 5.67429 5.66903 5.6635 5.65776 5.65182 5.64573 5.63951 5.63321 5.62684 5.62045 5.61407 5.60773 5.60145 5.59526 5.5892 5.58328 5.57753 5.57196 5.5666 5.56145 5.55655 5.55188 5.54747 5.54333 5.53946 5.53586 5.53254 5.5295 5.52674 5.52426 5.52206 5.52015 5.51851 5.51715 5.51606 5.51525 5.51471 5.51444 
5.50905 5.50933 5.50991 5.51079 5.51195 5.51342 5.51518 5.51724 5.5196 5.52226 5.52523 5.52849 5.53206 5.53593 5.54009 5.54455 5.54929 5.55431 5.55959 5.56514 5.57092 5.57694 5.58316 5.58957 5.59614 5.60286 5.60969 5.6166 5.62357 5.63057 5.63755 5.64449 5.65135 5.65809 5.66469 5.67109 5.67728 5.68321 5.68885 5.69417 5.69913 5.70371 5.70788 5.71161 5.71489 5.71769 5.72 5.72179 5.72307 5.72382 5.72404 5.72373 5.72289 5.72152 5.71964 5.71726 5.71439 5.71105 5.70726 5.70304 5.69843 5.69345 5.68812 5.68249 5.67658 5.67043 5.66407 5.65755 5.65088 5.64412 5.6373 5.63045 5.6236 5.61679 5.61005 5.6034 5.59689 5.59052 5.58433 5.57834 5.57257 5.56703 5.56174 5.55671 5.55195 5.54748 5.54329 5.5394 5.53581 5.53252 5.52954 5.52685 5.52447 5.52239 5.52061 5.51913 5.51794 5.51705 5.51646 5.51616 
5.51084 5.51114 5.51176 5.51269 5.51394 5.51551 5.5174 5.51962 5.52215 5.52502 5.5282 5.53171 5.53555 5.53971 5.54418 5.54897 5.55407 5.55946 5.56514 5.57109 5.5773 5.58375 5.59042 5.59729 5.60434 5.61154 5.61885 5.62625 5.63371 5.64119 5.64865 5.65607 5.6634 5.6706 5.67764 5.68448 5.69108 5.69741 5.70342 5.70909 5.71437 5.71925 5.72369 5.72767 5.73116 5.73413 5.73659 5.7385 5.73985 5.74065 5.74088 5.74054 5.73964 5.73818 5.73617 5.73363 5.73057 5.727 5.72296 5.71846 5.71354 5.70822 5.70254 5.69652 5.69021 5.68364 5.67685 5.66987 5.66275 5.65552 5.64822 5.64089 5.63355 5.62626 5.61904 5.61191 5.60493 5.5981 5.59145 5.58502 5.57882 5.57286 5.56717 5.56176 5.55664 5.55183 5.54732 5.54312 5.53925 5.5357 5.53247 5.52957 5.527 5.52474 5.52281 5.52121 5.51992 5.51895 5.5183 5.51797 
5.51272 5.51303 5.51369 5.51468 5.51602 5.5177 5.51973 5.5221 5.52483 5.5279 5.53132 5.53509 5.5392 5.54366 5.54846 5.5536 5.55906 5.56484 5.57092 5.5773 5.58395 5.59086 5.598 5.60535 5.61288 5.62057 5.62838 5.63629 5.64425 5.65223 5.6602 5.66811 5.67592 5.6836 5.69109 5.69838 5.7054 5.71213 5.71853 5.72456 5.73018 5.73537 5.74008 5.74431 5.74801 5.75117 5.75377 5.7558 5.75724 5.75808 5.75832 5.75796 5.75699 5.75544 5.7533 5.75059 5.74733 5.74354 5.73924 5.73445 5.72921 5.72355 5.71749 5.71109 5.70436 5.69736 5.69012 5.68268 5.67508 5.66737 5.65957 5.65174 5.64391 5.63611 5.62839 5.62077 5.6133 5.60599 5.59887 5.59198 5.58533 5.57895 5.57284 5.56704 5.56154 5.55637 5.55152 5.54701 5.54284 5.53902 5.53554 5.53242 5.52964 5.5272 5.52512 5.52338 5.52199 5.52094 5.52023 5.51986 
5.51468 5.51501 5.5157 5.51676 5.51819 5.51999 5.52216 5.5247 5.52761 5.5309 5.53456 5.5386 5.543 5.54778 5.55291 5.55841 5.56425 5.57043 5.57694 5.58375 5.59086 5.59823 5.60585 5.6137 5.62174 5.62994 5.63826 5.64669 5.65517 5.66367 5.67215 5.68056 5.68887 5.69703 5.705 5.71274 5.7202 5.72735 5.73414 5.74053 5.7465 5.752 5.757 5.76147 5.7654 5.76875 5.7715 5.77365 5.77517 5.77605 5.7763 5.77592 5.77489 5.77324 5.77097 5.76809 5.76463 5.7606 5.75603 5.75095 5.74538 5.73937 5.73294 5.72613 5.71898 5.71154 5.70383 5.69592 5.68783 5.67962 5.67132 5.66298 5.65463 5.64632 5.63808 5.62996 5.62197 5.61417 5.60657 5.5992 5.59209 5.58526 5.57873 5.57252 5.56663 5.56108 5.55589 5.55105 5.54658 5.54247 5.53874 5.53537 5.53239 5.52977 5.52752 5.52565 5.52414 5.52301 5.52224 5.52183 
5.51671 5.51705 5.51779 5.51892 5.52044 5.52236 5.52468 5.52739 5.5305 5.53401 5.53793 5.54224 5.54694 5.55204 5.55753 5.56339 5.56963 5.57622 5.58316 5.59042 5.598 5.60585 5.61397 5.62232 5.63088 5.6396 5.64846 5.65741 5.66642 5.67545 5.68445 5.69338 5.7022 5.71086 5.71931 5.72751 5.73542 5.74299 5.75018 5.75695 5.76326 5.76908 5.77437 5.77911 5.78325 5.78679 5.7897 5.79197 5.79357 5.79451 5.79477 5.79435 5.79327 5.79152 5.78911 5.78606 5.7824 5.77813 5.77329 5.7679 5.76201 5.75563 5.74881 5.74159 5.73401 5.72612 5.71795 5.70955 5.70096 5.69224 5.68342 5.67455 5.66568 5.65684 5.64808 5.63943 5.63093 5.62261 5.61452 5.60666 5.59908 5.59179 5.58482 5.57818 5.57189 5.56596 5.56041 5.55523 5.55044 5.54605 5.54205 5.53844 5.53524 5.53243 5.53002 5.528 5.52638 5.52516 5.52432 5.52388 
5.51882 5.51917 5.51995 5.52115 5.52277 5.52481 5.52728 5.53017 5.53349 5.53723 5.5414 5.546 5.55101 5.55644 5.56229 5.56853 5.57517 5.58219 5.58957 5.59729 5.60535 5.6137 5.62232 5.63119 5.64027 5.64953 5.65893 5.66842 5.67798 5.68754 5.69708 5.70654 5.71587 5.72503 5.73397 5.74264 5.751 5.759 5.76659 5.77374 5.78041 5.78655 5.79214 5.79713 5.80151 5.80524 5.80831 5.8107 5.81239 5.81337 5.81364 5.8132 5.81205 5.8102 5.80765 5.80444 5.80056 5.79605 5.79094 5.78525 5.77901 5.77227 5.76506 5.75743 5.74941 5.74105 5.73241 5.72351 5.71442 5.70518 5.69583 5.68643 5.67702 5.66764 5.65834 5.64916 5.64013 5.6313 5.62269 5.61433 5.60627 5.59851 5.59109 5.58402 5.57731 5.57099 5.56507 5.55954 5.55443 5.54974 5.54546 5.54161 5.53818 5.53517 5.53259 5.53043 5.52869 5.52738 5.52648 5.526 
5.52098 5.52136 5.52218 5.52345 5.52517 5.52734 5.52996 5.53304 5.53657 5.54055 5.54498 5.54986 5.55519 5.56097 5.56717 5.57381 5.58086 5.58831 5.59614 5.60434 5.61288 5.62174 5.63088 5.64027 5.64989 5.65969 5.66964 5.67968 5.68979 5.6999 5.70997 5.71996 5.72982 5.73949 5.74892 5.75807 5.76688 5.77532 5.78332 5.79086 5.79788 5.80435 5.81023 5.81549 5.82009 5.82402 5.82725 5.82975 5.83153 5.83256 5.83284 5.83238 5.83116 5.82921 5.82653 5.82314 5.81905 5.8143 5.80891 5.80291 5.79634 5.78923 5.78162 5.77357 5.76511 5.75629 5.74715 5.73776 5.72815 5.71839 5.70851 5.69856 5.68861 5.67868 5.66884 5.65911 5.64955 5.64018 5.63105 5.62219 5.61363 5.6054 5.59751 5.59 5.58287 5.57615 5.56985 5.56397 5.55853 5.55353 5.54897 5.54486 5.54121 5.538 5.53524 5.53293 5.53107 5.52966 5.5287 5.52818 
5.52321 5.5236 5.52447 5.52581 5.52764 5.52994 5.53272 5.53598 5.53972 5.54394 5.54864 5.55382 5.55948 5.5656 5.57218 5.57921 5.58667 5.59456 5.60286 5.61154 5.62057 5.62994 5.6396 5.64953 5.65969 5.67004 5.68054 5.69114 5.7018 5.71246 5.72309 5.73361 5.74399 5.75417 5.76411 5.77373 5.78301 5.79188 5.8003 5.80822 5.8156 5.82239 5.82857 5.83409 5.83893 5.84305 5.84644 5.84907 5.85093 5.85201 5.8523 5.85181 5.85053 5.84848 5.84566 5.84209 5.8378 5.8328 5.82713 5.82082 5.81391 5.80643 5.79843 5.78995 5.78104 5.77176 5.76214 5.75224 5.74211 5.73182 5.7214 5.71091 5.7004 5.68992 5.67952 5.66925 5.65914 5.64924 5.63958 5.63021 5.62115 5.61243 5.60407 5.59611 5.58855 5.58143 5.57474 5.5685 5.56272 5.55741 5.55257 5.5482 5.54431 5.54089 5.53796 5.5355 5.53352 5.53201 5.53098 5.53042 
5.52548 5.52589 5.52681 5.52823 5.53015 5.53259 5.53553 5.53898 5.54294 5.54741 5.55238 5.55786 5.56384 5.57031 5.57727 5.5847 5.59259 5.60093 5.60969 5.61885 5.62838 5.63826 5.64846 5.65893 5.66964 5.68054 5.6916 5.70276 5.71397 5.72519 5.73636 5.74743 5.75834 5.76903 5.77946 5.78957 5.7993 5.80861 5.81744 5.82575 5.83348 5.84061 5.84708 5.85287 5.85793 5.86225 5.86579 5.86855 5.8705 5.87163 5.87193 5.87141 5.87007 5.86791 5.86496 5.86122 5.85671 5.85147 5.84553 5.83891 5.83165 5.82381 5.81541 5.80651 5.79715 5.78739 5.77729 5.76688 5.75624 5.74541 5.73445 5.72341 5.71235 5.70131 5.69036 5.67953 5.66887 5.65843 5.64824 5.63834 5.62878 5.61957 5.61074 5.60232 5.59433 5.58679 5.57971 5.57311 5.56699 5.56136 5.55623 5.5516 5.54747 5.54385 5.54073 5.53812 5.53601 5.53441 5.53331 5.53271 
5.5278 5.52823 5.52919 5.53068 5.53272 5.53528 5.53839 5.54203 5.54621 5.55092 5.55618 5.56196 5.56827 5.5751 5.58244 5.59027 5.59859 5.60738 5.6166 5.62625 5.63629 5.64669 5.65741 5.66842 5.67968 5.69114 5.70276 5.71448 5.72625 5.73803 5.74974 5.76135 5.77279 5.784 5.79492 5.80551 5.8157 5.82544 5.83468 5.84337 5.85147 5.85892 5.86568 5.87173 5.87703 5.88154 5.88524 5.88812 5.89015 5.89133 5.89165 5.8911 5.8897 5.88744 5.88435 5.88043 5.87572 5.87024 5.86402 5.85709 5.8495 5.84128 5.83249 5.82316 5.81336 5.80314 5.79254 5.78164 5.77047 5.75911 5.7476 5.73602 5.7244 5.7128 5.70129 5.6899 5.6787 5.66771 5.65699 5.64657 5.63649 5.62679 5.61749 5.60861 5.60018 5.59223 5.58475 5.57778 5.57131 5.56537 5.55994 5.55505 5.55068 5.54685 5.54355 5.54078 5.53854 5.53684 5.53568 5.53504 
5.53014 5.53059 5.5316 5.53317 5.53531 5.53801 5.54128 5.54512 5.54952 5.55448 5.56001 5.5661 5.57274 5.57993 5.58765 5.59589 5.60464 5.61388 5.62357 5.63371 5.64425 5.65517 5.66642 5.67798 5.68979 5.7018 5.71397 5.72625 5.73858 5.75091 5.76317 5.77531 5.78728 5.799 5.81042 5.82148 5.83213 5.8423 5.85195 5.86102 5.86947 5.87724 5.8843 5.89061 5.89613 5.90083 5.90469 5.90769 5.90981 5.91103 5.91136 5.91079 5.90932 5.90697 5.90374 5.89965 5.89474 5.88901 5.88252 5.87529 5.86736 5.85878 5.84959 5.83985 5.82961 5.81892 5.80784 5.79643 5.78475 5.77285 5.76081 5.74867 5.7365 5.72435 5.71228 5.70034 5.68858 5.67705 5.66579 5.65485 5.64426 5.63406 5.62428 5.61495 5.60608 5.59771 5.58984 5.5825 5.57568 5.56942 5.5637 5.55853 5.55393 5.54988 5.54639 5.54347 5.54111 5.53931 5.53807 5.5374 
5.53251 5.53297 5.53403 5.53568 5.53792 5.54076 5.5442 5.54823 5.55285 5.55807 5.56388 5.57027 5.57724 5.58479 5.59289 5.60154 5.61072 5.6204 5.63057 5.64119 5.65223 5.66367 5.67545 5.68754 5.6999 5.71246 5.72519 5.73803 5.75091 5.76378 5.77659 5.78926 5.80174 5.81397 5.82588 5.83741 5.84851 5.85911 5.86916 5.87861 5.8874 5.89549 5.90284 5.9094 5.91514 5.92004 5.92405 5.92717 5.92937 5.93064 5.93098 5.93039 5.92886 5.92641 5.92304 5.91879 5.91367 5.90771 5.90095 5.89341 5.88516 5.87621 5.86664 5.85649 5.84581 5.83466 5.8231 5.81119 5.799 5.78658 5.774 5.76132 5.7486 5.73589 5.72327 5.71078 5.69847 5.6864 5.67461 5.66315 5.65205 5.64136 5.6311 5.62131 5.612 5.60321 5.59495 5.58723 5.58007 5.57349 5.56747 5.56204 5.55719 5.55293 5.54926 5.54618 5.5437 5.5418 5.54049 5.53978 
5.53488 5.53536 5.53647 5.5382 5.54055 5.54352 5.54712 5.55135 5.55619 5.56166 5.56775 5.57444 5.58175 5.58965 5.59813 5.60718 5.61679 5.62692 5.63755 5.64865 5.6602 5.67215 5.68445 5.69708 5.70997 5.72309 5.73636 5.74974 5.76317 5.77659 5.78993 5.80312 5.81612 5.82884 5.84123 5.85323 5.86477 5.87579 5.88623 5.89605 5.90518 5.91359 5.92122 5.92803 5.93399 5.93907 5.94324 5.94647 5.94876 5.95008 5.95043 5.94981 5.94822 5.94567 5.94218 5.93776 5.93244 5.92625 5.91922 5.91139 5.90281 5.89351 5.88356 5.873 5.86189 5.85029 5.83826 5.82586 5.81316 5.80023 5.78712 5.7739 5.76063 5.74738 5.73421 5.72117 5.70832 5.69572 5.6834 5.67142 5.65982 5.64864 5.63791 5.62766 5.61792 5.60871 5.60006 5.59197 5.58447 5.57756 5.57125 5.56555 5.56046 5.55599 5.55214 5.54891 5.54629 5.5443 5.54292 5.54216 
5.53725 5.53775 5.53891 5.54071 5.54317 5.54628 5.55004 5.55446 5.55953 5.56524 5.5716 5.5786 5.58623 5.59449 5.60335 5.6128 5.62282 5.6334 5.64449 5.65607 5.66811 5.68056 5.69338 5.70654 5.71996 5.73361 5.74743 5.76135 5.77531 5.78926 5.80312 5.81684 5.83033 5.84354 5.85641 5.86886 5.88083 5.89226 5.90309 5.91327 5.92274 5.93145 5.93935 5.94641 5.95259 5.95785 5.96216 5.96551 5.96787 5.96924 5.9696 5.96896 5.96731 5.96467 5.96105 5.95647 5.95096 5.94454 5.93726 5.92914 5.92024 5.9106 5.90027 5.88931 5.87778 5.86574 5.85324 5.84037 5.82717 5.81373 5.8001 5.78635 5.77255 5.75877 5.74505 5.73148 5.71809 5.70496 5.69212 5.67963 5.66753 5.65586 5.64467 5.63397 5.6238 5.61418 5.60513 5.59668 5.58884 5.58161 5.57501 5.56905 5.56373 5.55905 5.55501 5.55162 5.54888 5.54679 5.54534 5.54455 
5.53961 5.54013 5.54133 5.54321 5.54578 5.54902 5.55294 5.55755 5.56283 5.56879 5.57543 5.58272 5.59068 5.59928 5.60851 5.61836 5.6288 5.6398 5.65135 5.6634 5.67592 5.68887 5.7022 5.71587 5.72982 5.74399 5.75834 5.77279 5.78728 5.80174 5.81612 5.83033 5.84432 5.85801 5.87133 5.88422 5.89661 5.90844 5.91965 5.93018 5.93997 5.94898 5.95716 5.96445 5.97084 5.97627 5.98073 5.98419 5.98663 5.98804 5.98842 5.98775 5.98605 5.98332 5.97957 5.97484 5.96914 5.9625 5.95497 5.94657 5.93736 5.92738 5.91669 5.90534 5.8934 5.88093 5.86798 5.85464 5.84096 5.82702 5.81288 5.79862 5.7843 5.76998 5.75574 5.74164 5.72773 5.71408 5.70073 5.68774 5.67515 5.66301 5.65135 5.6402 5.62961 5.61959 5.61016 5.60135 5.59317 5.58563 5.57874 5.57252 5.56696 5.56207 5.55786 5.55432 5.55145 5.54926 5.54775 5.54692 
5.54194 5.54248 5.54373 5.54568 5.54835 5.55172 5.55581 5.5606 5.5661 5.5723 5.5792 5.58679 5.59506 5.604 5.6136 5.62383 5.63467 5.6461 5.65809 5.6706 5.6836 5.69703 5.71086 5.72503 5.73949 5.75417 5.76903 5.784 5.799 5.81397 5.82884 5.84354 5.85801 5.87216 5.88593 5.89925 5.91205 5.92427 5.93584 5.94671 5.95681 5.96611 5.97454 5.98207 5.98866 5.99426 5.99886 6.00243 6.00494 6.0064 6.00678 6.00609 6.00434 6.00152 5.99766 5.99277 5.98689 5.98004 5.97226 5.9636 5.95408 5.94378 5.93274 5.92102 5.90868 5.89579 5.8824 5.8686 5.85446 5.84003 5.8254 5.81063 5.7958 5.78098 5.76622 5.7516 5.73719 5.72303 5.70918 5.6957 5.68263 5.67002 5.65791 5.64634 5.63533 5.62491 5.61511 5.60594 5.59743 5.58959 5.58242 5.57594 5.57015 5.56506 5.56067 5.55698 5.55399 5.55171 5.55013 5.54926 
5.54423 5.54479 5.54608 5.54811 5.55088 5.55438 5.55862 5.56359 5.5693 5.57574 5.5829 5.59077 5.59935 5.60863 5.61858 5.62918 5.64042 5.65227 5.66469 5.67764 5.69109 5.705 5.71931 5.73397 5.74892 5.76411 5.77946 5.79492 5.81042 5.82588 5.84123 5.85641 5.87133 5.88593 5.90013 5.91386 5.92705 5.93965 5.95157 5.96277 5.97318 5.98275 5.99143 5.99918 6.00596 6.01173 6.01646 6.02013 6.02272 6.02422 6.02461 6.0239 6.02209 6.01919 6.01522 6.01019 6.00413 5.99708 5.98907 5.98014 5.97034 5.95972 5.94834 5.93626 5.92354 5.91024 5.89644 5.8822 5.8676 5.8527 5.8376 5.82234 5.80702 5.7917 5.77644 5.76133 5.74641 5.73176 5.71743 5.70347 5.68994 5.67688 5.66433 5.65234 5.64092 5.63012 5.61995 5.61044 5.60161 5.59347 5.58603 5.57929 5.57328 5.56799 5.56343 5.55959 5.55649 5.55411 5.55247 5.55156 
5.54646 5.54704 5.54838 5.55048 5.55335 5.55697 5.56136 5.56651 5.57242 5.57909 5.5865 5.59465 5.60353 5.61313 5.62342 5.63439 5.64602 5.65826 5.67109 5.68448 5.69838 5.71274 5.72751 5.74264 5.75807 5.77373 5.78957 5.80551 5.82148 5.83741 5.85323 5.86886 5.88422 5.89925 5.91386 5.92799 5.94156 5.95451 5.96677 5.97828 5.98898 5.99882 6.00774 6.0157 6.02266 6.02859 6.03345 6.03722 6.03988 6.04142 6.04182 6.04109 6.03923 6.03625 6.03217 6.027 6.02078 6.01353 6.0053 5.99612 5.98605 5.97513 5.96342 5.95099 5.9379 5.92422 5.91001 5.89535 5.88031 5.86497 5.8494 5.83368 5.81788 5.80208 5.78635 5.77075 5.75536 5.74023 5.72543 5.71102 5.69704 5.68354 5.67057 5.65816 5.64636 5.63518 5.62466 5.61482 5.60568 5.59724 5.58954 5.58256 5.57633 5.57085 5.56612 5.56214 5.55892 5.55646 5.55475 5.55381 
5.54863 5.54923 5.55061 5.55278 5.55574 5.55949 5.56402 5.56935 5.57545 5.58233 5.58999 5.59841 5.60758 5.61748 5.62811 5.63943 5.65142 5.66405 5.67728 5.69108 5.7054 5.7202 5.73542 5.751 5.76688 5.78301 5.7993 5.8157 5.83213 5.84851 5.86477 5.88083 5.89661 5.91205 5.92705 5.94156 5.95549 5.96878 5.98136 5.99317 6.00415 6.01424 6.02339 6.03155 6.03869 6.04476 6.04975 6.05361 6.05634 6.05791 6.05833 6.05758 6.05567 6.05262 6.04843 6.04313 6.03675 6.02932 6.02087 6.01146 6.00112 5.98992 5.97791 5.96515 5.95171 5.93765 5.92306 5.90799 5.89254 5.87677 5.86076 5.84459 5.82834 5.81208 5.79589 5.77983 5.76398 5.7484 5.73315 5.7183 5.70389 5.68997 5.67659 5.66379 5.65161 5.64007 5.62921 5.61905 5.60961 5.6009 5.59293 5.58573 5.57929 5.57362 5.56873 5.56461 5.56128 5.55873 5.55697 5.55599 
5.55072 5.55134 5.55276 5.555 5.55805 5.56191 5.56658 5.57207 5.57836 5.58546 5.59334 5.60202 5.61146 5.62166 5.6326 5.64426 5.6566 5.66959 5.68321 5.69741 5.71213 5.72735 5.74299 5.759 5.77532 5.79188 5.80861 5.82544 5.8423 5.85911 5.87579 5.89226 5.90844 5.92427 5.93965 5.95451 5.96878 5.9824 5.99528 6.00737 6.01861 6.02893 6.0383 6.04665 6.05396 6.06017 6.06527 6.06923 6.07201 6.07362 6.07405 6.07328 6.07133 6.06821 6.06393 6.0585 6.05197 6.04437 6.03572 6.02608 6.0155 6.00402 5.99172 5.97865 5.96487 5.95047 5.93551 5.92006 5.90421 5.88804 5.87161 5.85502 5.83834 5.82164 5.80501 5.78852 5.77223 5.75622 5.74054 5.72527 5.71044 5.69613 5.68236 5.66919 5.65665 5.64477 5.63358 5.62311 5.61338 5.60441 5.5962 5.58877 5.58213 5.57628 5.57124 5.56699 5.56355 5.56092 5.5591 5.55809 
5.55272 5.55335 5.55481 5.55711 5.56025 5.56422 5.56903 5.57467 5.58114 5.58843 5.59654 5.60546 5.61516 5.62565 5.63689 5.64886 5.66153 5.67487 5.68885 5.70342 5.71853 5.73414 5.75018 5.76659 5.78332 5.8003 5.81744 5.83468 5.85195 5.86916 5.88623 5.90309 5.91965 5.93584 5.95157 5.96677 5.98136 5.99528 6.00845 6.0208 6.03229 6.04284 6.0524 6.06094 6.0684 6.07475 6.07995 6.08399 6.08684 6.08848 6.08891 6.08813 6.08614 6.08295 6.07858 6.07304 6.06637 6.0586 6.04976 6.03991 6.0291 6.01737 6.00479 5.99143 5.97734 5.96261 5.9473 5.9315 5.91528 5.89872 5.8819 5.86491 5.84782 5.83071 5.81367 5.79676 5.78006 5.76364 5.74756 5.73189 5.71668 5.70198 5.68785 5.67432 5.66144 5.64924 5.63774 5.62698 5.61698 5.60775 5.59931 5.59167 5.58484 5.57882 5.57363 5.56926 5.56573 5.56302 5.56114 5.5601 
5.55462 5.55526 5.55676 5.55912 5.56234 5.56641 5.57134 5.57713 5.58377 5.59125 5.59957 5.60871 5.61866 5.62941 5.64093 5.6532 5.66618 5.67985 5.69417 5.70909 5.72456 5.74053 5.75695 5.77374 5.79086 5.80822 5.82575 5.84337 5.86102 5.87861 5.89605 5.91327 5.93018 5.94671 5.96277 5.97828 5.99317 6.00737 6.0208 6.03341 6.04512 6.05588 6.06563 6.07433 6.08194 6.08841 6.09371 6.09783 6.10073 6.10241 6.10285 6.10205 6.10002 6.09677 6.09231 6.08667 6.07987 6.07194 6.06293 6.05289 6.04186 6.02989 6.01706 6.00342 5.98905 5.97401 5.95838 5.94224 5.92567 5.90875 5.89157 5.8742 5.85673 5.83924 5.82181 5.80452 5.78743 5.77063 5.75417 5.73813 5.72255 5.7075 5.69302 5.67916 5.66596 5.65345 5.64167 5.63064 5.62038 5.61091 5.60225 5.59441 5.5874 5.58123 5.5759 5.57141 5.56778 5.565 5.56307 5.562 
5.55639 5.55705 5.55858 5.561 5.56429 5.56847 5.57351 5.57944 5.58623 5.59389 5.6024 5.61175 5.62193 5.63292 5.64471 5.65725 5.67053 5.6845 5.69913 5.71437 5.73018 5.7465 5.76326 5.78041 5.79788 5.8156 5.83348 5.85147 5.86947 5.8874 5.90518 5.92274 5.93997 5.95681 5.97318 5.98898 6.00415 6.01861 6.03229 6.04512 6.05704 6.06799 6.07791 6.08677 6.09451 6.10109 6.10649 6.11068 6.11363 6.11534 6.11579 6.11498 6.11291 6.10961 6.10507 6.09933 6.0924 6.08434 6.07517 6.06495 6.05371 6.04153 6.02846 6.01457 5.99993 5.9846 5.96868 5.95223 5.93534 5.91809 5.90057 5.88285 5.86503 5.84719 5.8294 5.81175 5.7943 5.77714 5.76033 5.74394 5.72803 5.71265 5.69785 5.68368 5.67018 5.65739 5.64534 5.63405 5.62355 5.61387 5.605 5.59698 5.5898 5.58348 5.57802 5.57343 5.56971 5.56686 5.56488 5.56379 
5.55804 5.55871 5.56028 5.56274 5.56611 5.57037 5.57552 5.58157 5.58851 5.59633 5.60501 5.61456 5.62496 5.63617 5.6482 5.66099 5.67454 5.68879 5.70371 5.71925 5.73537 5.752 5.76908 5.78655 5.80435 5.82239 5.84061 5.85892 5.87724 5.89549 5.91359 5.93145 5.94898 5.96611 5.98275 5.99882 6.01424 6.02893 6.04284 6.05588 6.06799 6.07911 6.0892 6.09819 6.10605 6.11274 6.11823 6.12248 6.12548 6.12721 6.12767 6.12685 6.12475 6.12139 6.11678 6.11095 6.10392 6.09573 6.08641 6.07602 6.06461 6.05223 6.03894 6.02482 6.00993 5.99435 5.97815 5.96142 5.94423 5.92668 5.90885 5.89082 5.87267 5.8545 5.83639 5.8184 5.80063 5.78314 5.76601 5.74931 5.73308 5.71739 5.7023 5.68785 5.67408 5.66102 5.64872 5.63721 5.62649 5.6166 5.60755 5.59935 5.59202 5.58557 5.57999 5.5753 5.5715 5.56858 5.56657 5.56544 
5.55955 5.56023 5.56183 5.56434 5.56777 5.57211 5.57736 5.58353 5.59059 5.59855 5.60741 5.61713 5.62771 5.63914 5.65138 5.66441 5.67819 5.6927 5.70788 5.72369 5.74008 5.757 5.77437 5.79214 5.81023 5.82857 5.84708 5.86568 5.8843 5.90284 5.92122 5.93935 5.95716 5.97454 5.99143 6.00774 6.02339 6.0383 6.0524 6.06563 6.07791 6.0892 6.09943 6.10855 6.11652 6.1233 6.12886 6.13317 6.13621 6.13797 6.13843 6.1376 6.13548 6.13207 6.1274 6.12148 6.11436 6.10605 6.0966 6.08606 6.07448 6.06192 6.04845 6.03411 6.019 6.00319 5.98674 5.96976 5.95231 5.93448 5.91637 5.89805 5.87961 5.86115 5.84273 5.82445 5.80638 5.7886 5.77118 5.75418 5.73768 5.72172 5.70636 5.69165 5.67763 5.66434 5.65181 5.64008 5.62917 5.61909 5.60987 5.60152 5.59405 5.58747 5.58179 5.57701 5.57313 5.57016 5.5681 5.56696 
5.56091 5.5616 5.56322 5.56578 5.56926 5.57368 5.57902 5.58528 5.59246 5.60056 5.60955 5.61944 5.63019 5.6418 5.65423 5.66747 5.68147 5.6962 5.71161 5.72767 5.74431 5.76147 5.77911 5.79713 5.81549 5.83409 5.85287 5.87173 5.89061 5.9094 5.92803 5.94641 5.96445 5.98207 5.99918 6.0157 6.03155 6.04665 6.06094 6.07433 6.08677 6.09819 6.10855 6.11778 6.12585 6.13272 6.13834 6.14271 6.14579 6.14756 6.14803 6.14719 6.14504 6.14159 6.13687 6.13088 6.12366 6.11525 6.10569 6.09502 6.08329 6.07058 6.05692 6.04241 6.0271 6.01108 5.99441 5.9772 5.95951 5.94145 5.92308 5.90451 5.88581 5.86709 5.84841 5.82986 5.81153 5.79348 5.7758 5.75855 5.74179 5.72559 5.70999 5.69505 5.68081 5.66731 5.65458 5.64266 5.63157 5.62133 5.61196 5.60347 5.59588 5.58919 5.58341 5.57854 5.5746 5.57158 5.56949 5.56832 
5.56211 5.56281 5.56446 5.56705 5.57058 5.57506 5.58047 5.58683 5.59411 5.60232 5.61144 5.62146 5.63237 5.64413 5.65674 5.67015 5.68434 5.69927 5.71489 5.73116 5.74801 5.7654 5.78325 5.80151 5.82009 5.83893 5.85793 5.87703 5.89613 5.91514 5.93399 5.95259 5.97084 5.98866 6.00596 6.02266 6.03869 6.05396 6.0684 6.08194 6.09451 6.10605 6.11652 6.12585 6.134 6.14094 6.14663 6.15104 6.15415 6.15595 6.15642 6.15557 6.1534 6.14992 6.14514 6.13909 6.1318 6.1233 6.11363 6.10285 6.091 6.07814 6.06434 6.04966 6.03418 6.01797 6.00112 5.98371 5.96582 5.94754 5.92896 5.91016 5.89124 5.87228 5.85338 5.8346 5.81603 5.79776 5.77985 5.76237 5.7454 5.72898 5.71317 5.69803 5.6836 5.66992 5.65702 5.64493 5.63368 5.6233 5.6138 5.60519 5.59748 5.5907 5.58483 5.5799 5.5759 5.57284 5.57071 5.56953 
5.56314 5.56385 5.56552 5.56814 5.57172 5.57625 5.58173 5.58816 5.59553 5.60383 5.61306 5.6232 5.63423 5.64614 5.65889 5.67245 5.6868 5.7019 5.71769 5.73413 5.75117 5.76875 5.78679 5.80524 5.82402 5.84305 5.86225 5.88154 5.90083 5.92004 5.93907 5.95785 5.97627 5.99426 6.01173 6.02859 6.04476 6.06017 6.07475 6.08841 6.10109 6.11274 6.1233 6.13272 6.14094 6.14794 6.15368 6.15813 6.16126 6.16308 6.16356 6.1627 6.16051 6.157 6.15218 6.14607 6.13872 6.13014 6.12039 6.10951 6.09755 6.08457 6.07064 6.05583 6.04021 6.02385 6.00683 5.98925 5.97119 5.95273 5.93396 5.91498 5.89587 5.87671 5.85761 5.83864 5.81988 5.80141 5.78331 5.76564 5.74848 5.73188 5.71589 5.70058 5.68599 5.67215 5.6591 5.64687 5.63549 5.62499 5.61537 5.60666 5.59886 5.59199 5.58606 5.58107 5.57702 5.57391 5.57176 5.57056 
5.564 5.56472 5.5664 5.56905 5.57266 5.57723 5.58277 5.58926 5.5967 5.60509 5.6144 5.62464 5.63577 5.64779 5.66066 5.67435 5.68883 5.70406 5.72 5.73659 5.75377 5.7715 5.7897 5.80831 5.82725 5.84644 5.86579 5.88524 5.90469 5.92405 5.94324 5.96216 5.98073 5.99886 6.01646 6.03345 6.04975 6.06527 6.07995 6.09371 6.10649 6.11823 6.12886 6.13834 6.14663 6.15368 6.15946 6.16394 6.1671 6.16892 6.16941 6.16854 6.16634 6.1628 6.15794 6.1518 6.14439 6.13575 6.12593 6.11497 6.10292 6.08985 6.07582 6.06089 6.04515 6.02866 6.01152 5.9938 5.97559 5.95699 5.93807 5.91893 5.89966 5.88035 5.86109 5.84195 5.82303 5.80441 5.78615 5.76833 5.75101 5.73426 5.71813 5.70268 5.68795 5.67399 5.66081 5.64847 5.63699 5.62638 5.61667 5.60787 5.6 5.59307 5.58708 5.58203 5.57794 5.57481 5.57264 5.57143 
5.56468 5.5654 5.5671 5.56976 5.5734 5.57801 5.58359 5.59013 5.59762 5.60607 5.61546 5.62576 5.63698 5.64908 5.66204 5.67583 5.69041 5.70575 5.72179 5.7385 5.7558 5.77365 5.79197 5.8107 5.82975 5.84907 5.86855 5.88812 5.90769 5.92717 5.94647 5.96551 5.98419 6.00243 6.02013 6.03722 6.05361 6.06923 6.08399 6.09783 6.11068 6.12248 6.13317 6.14271 6.15104 6.15813 6.16394 6.16844 6.17162 6.17346 6.17394 6.17307 6.17086 6.1673 6.16242 6.15624 6.14879 6.1401 6.13022 6.1192 6.10709 6.09394 6.07983 6.06481 6.04898 6.0324 6.01515 5.99733 5.97901 5.96029 5.94125 5.922 5.90261 5.88317 5.86379 5.84453 5.82549 5.80674 5.78835 5.77041 5.75298 5.73612 5.71988 5.70432 5.68949 5.67542 5.66216 5.64973 5.63816 5.62747 5.61769 5.60883 5.6009 5.59391 5.58788 5.5828 5.57867 5.57552 5.57333 5.57211 
5.56518 5.5659 5.5676 5.57028 5.57394 5.57857 5.58418 5.59075 5.59829 5.60678 5.61621 5.62657 5.63784 5.65001 5.66303 5.67689 5.69154 5.70695 5.72307 5.73985 5.75724 5.77517 5.79357 5.81239 5.83153 5.85093 5.8705 5.89015 5.90981 5.92937 5.94876 5.96787 5.98663 6.00494 6.02272 6.03988 6.05634 6.07201 6.08684 6.10073 6.11363 6.12548 6.13621 6.14579 6.15415 6.16126 6.1671 6.17162 6.17481 6.17665 6.17714 6.17627 6.17404 6.17047 6.16557 6.15937 6.15189 6.14317 6.13325 6.12218 6.11002 6.09682 6.08265 6.06758 6.05168 6.03503 6.01771 5.99981 5.98142 5.96262 5.9435 5.92416 5.90469 5.88517 5.86569 5.84635 5.82722 5.80838 5.78992 5.77189 5.75438 5.73744 5.72112 5.70549 5.69058 5.67644 5.66311 5.65062 5.639 5.62826 5.61843 5.60952 5.60155 5.59453 5.58846 5.58335 5.57921 5.57603 5.57383 5.57261 
5.56548 5.56621 5.56792 5.57061 5.57428 5.57892 5.58454 5.59114 5.59869 5.60721 5.61667 5.62706 5.63836 5.65056 5.66362 5.67751 5.6922 5.70766 5.72382 5.74065 5.75808 5.77605 5.79451 5.81337 5.83256 5.85201 5.87163 5.89133 5.91103 5.93064 5.95008 5.96924 5.98804 6.0064 6.02422 6.04142 6.05791 6.07362 6.08848 6.10241 6.11534 6.12721 6.13797 6.14756 6.15595 6.16308 6.16892 6.17346 6.17665 6.1785 6.17899 6.17812 6.17588 6.1723 6.16739 6.16118 6.15368 6.14494 6.135 6.12391 6.11172 6.09849 6.08428 6.06917 6.05324 6.03655 6.01919 6.00125 5.98281 5.96396 5.9448 5.92541 5.90589 5.88632 5.8668 5.84741 5.82823 5.80934 5.79083 5.77276 5.7552 5.73821 5.72185 5.70617 5.69123 5.67705 5.66368 5.65116 5.6395 5.62873 5.61887 5.60994 5.60194 5.5949 5.58881 5.58369 5.57953 5.57635 5.57414 5.57291 
