6.22825 6.22844 6.22873 6.22914 6.22966 6.23029 6.23103 6.23189 6.23285 6.23393 6.23512 6.23642 6.23783 6.23934 6.24097 6.2427 6.24453 6.24647 6.2485 6.25062 6.25284 6.25513 6.2575 6.25994 6.26244 6.26499 6.26758 6.27021 6.27285 6.27551 6.27817 6.2808 6.28342 6.28599 6.28851 6.29095 6.29332 6.2956 6.29777 6.29981 6.30173 6.3035 6.30512 6.30658 6.30786 6.30896 6.30988 6.3106 6.31113 6.31145 6.31157 6.31149 6.31121 6.31072 6.31005 6.30917 6.30812 6.30688 6.30548 6.30391 6.3022 6.30034 6.29836 6.29626 6.29406 6.29177 6.2894 6.28697 6.28449 6.28198 6.27944 6.2769 6.27435 6.27183 6.26933 6.26687 6.26446 6.2621 6.25981 6.2576 6.25547 6.25343 6.25148 6.24963 6.24789 6.24625 6.24472 6.2433 6.242 6.24081 6.23974 6.23878 6.23794 6.23721 6.2366 6.2361 6.23572 6.23546 6.2353 6.23526 
6.22844 6.22862 6.22892 6.22933 6.22985 6.23048 6.23123 6.23209 6.23306 6.23414 6.23534 6.23664 6.23806 6.23959 6.24122 6.24296 6.24481 6.24675 6.2488 6.25094 6.25316 6.25547 6.25786 6.26031 6.26283 6.26539 6.268 6.27065 6.27331 6.27598 6.27866 6.28131 6.28394 6.28653 6.28907 6.29153 6.29392 6.29621 6.29839 6.30045 6.30238 6.30416 6.30579 6.30726 6.30855 6.30966 6.31058 6.31131 6.31184 6.31216 6.31228 6.3122 6.31192 6.31143 6.31075 6.30987 6.30881 6.30756 6.30615 6.30457 6.30285 6.30098 6.29898 6.29687 6.29465 6.29234 6.28996 6.28751 6.28502 6.28249 6.27993 6.27737 6.27481 6.27227 6.26975 6.26727 6.26484 6.26247 6.26017 6.25794 6.2558 6.25374 6.25178 6.24992 6.24816 6.24651 6.24497 6.24355 6.24223 6.24104 6.23995 6.23899 6.23814 6.23741 6.2368 6.2363 6.23591 6.23564 6.23549 6.23545 
6.22873 6.22892 6.22922 6.22963 6.23016 6.2308 6.23156 6.23243 6.23342 6.23452 6.23573 6.23706 6.2385 6.24005 6.24171 6.24348 6.24535 6.24733 6.24941 6.25158 6.25385 6.25619 6.25862 6.26111 6.26367 6.26628 6.26893 6.27162 6.27433 6.27705 6.27976 6.28246 6.28513 6.28776 6.29034 6.29285 6.29527 6.2976 6.29981 6.30191 6.30387 6.30568 6.30734 6.30882 6.31013 6.31126 6.3122 6.31293 6.31347 6.3138 6.31392 6.31384 6.31355 6.31305 6.31236 6.31146 6.31038 6.30912 6.30768 6.30608 6.30432 6.30242 6.30039 6.29824 6.29599 6.29364 6.29122 6.28873 6.2862 6.28362 6.28102 6.27842 6.27582 6.27323 6.27067 6.26815 6.26568 6.26327 6.26092 6.25866 6.25648 6.25438 6.25239 6.25049 6.24871 6.24703 6.24546 6.24401 6.24267 6.24145 6.24035 6.23937 6.2385 6.23776 6.23713 6.23662 6.23623 6.23595 6.23579 6.23574 
6.22914 6.22933 6.22963 6.23006 6.2306 6.23125 6.23203 6.23292 6.23393 6.23505 6.2363 6.23766 6.23914 6.24073 6.24243 6.24425 6.24617 6.2482 6.25034 6.25257 6.25489 6.2573 6.25979 6.26235 6.26497 6.26765 6.27037 6.27313 6.2759 6.27869 6.28148 6.28425 6.28699 6.28969 6.29233 6.2949 6.29738 6.29976 6.30204 6.30418 6.30619 6.30805 6.30974 6.31127 6.31261 6.31377 6.31472 6.31548 6.31602 6.31636 6.31649 6.3164 6.3161 6.31559 6.31487 6.31396 6.31285 6.31155 6.31008 6.30843 6.30663 6.30468 6.3026 6.30039 6.29808 6.29567 6.29319 6.29063 6.28803 6.28539 6.28272 6.28005 6.27737 6.27472 6.27209 6.2695 6.26696 6.26449 6.26208 6.25975 6.25751 6.25536 6.25331 6.25136 6.24952 6.24779 6.24618 6.24468 6.24331 6.24205 6.24092 6.2399 6.23901 6.23824 6.23759 6.23707 6.23666 6.23637 6.2362 6.23615 
6.22966 6.22985 6.23016 6.2306 6.23115 6.23183 6.23263 6.23355 6.23459 6.23576 6.23704 6.23845 6.23998 6.24163 6.24339 6.24527 6.24727 6.24937 6.25158 6.25389 6.25629 6.25878 6.26136 6.26401 6.26673 6.2695 6.27232 6.27517 6.27804 6.28093 6.28381 6.28667 6.2895 6.29229 6.29502 6.29768 6.30025 6.30271 6.30506 6.30728 6.30935 6.31127 6.31302 6.31459 6.31598 6.31717 6.31816 6.31893 6.3195 6.31984 6.31997 6.31988 6.31957 6.31904 6.3183 6.31735 6.3162 6.31486 6.31333 6.31163 6.30976 6.30775 6.30559 6.30331 6.30092 6.29843 6.29585 6.29321 6.29051 6.28778 6.28502 6.28225 6.27948 6.27673 6.27401 6.27133 6.2687 6.26613 6.26363 6.26122 6.25889 6.25666 6.25453 6.25251 6.2506 6.24881 6.24713 6.24558 6.24415 6.24284 6.24166 6.2406 6.23968 6.23887 6.23819 6.23764 6.23722 6.23691 6.23673 6.23668 
6.23029 6.23048 6.2308 6.23125 6.23183 6.23253 6.23336 6.23432 6.23541 6.23662 6.23796 6.23943 6.24103 6.24275 6.24459 6.24655 6.24863 6.25082 6.25313 6.25554 6.25805 6.26065 6.26334 6.2661 6.26894 6.27183 6.27477 6.27774 6.28073 6.28374 6.28674 6.28973 6.29268 6.29559 6.29843 6.30119 6.30387 6.30643 6.30887 6.31118 6.31334 6.31533 6.31716 6.31879 6.32023 6.32147 6.32249 6.3233 6.32388 6.32424 6.32437 6.32427 6.32394 6.32339 6.32262 6.32163 6.32043 6.31903 6.31744 6.31566 6.31372 6.31162 6.30937 6.30699 6.3045 6.3019 6.29922 6.29646 6.29365 6.2908 6.28792 6.28503 6.28214 6.27927 6.27642 6.27362 6.27088 6.26819 6.26559 6.26306 6.26063 6.25829 6.25607 6.25395 6.25195 6.25007 6.24832 6.24669 6.24519 6.24382 6.24258 6.24147 6.24049 6.23964 6.23893 6.23835 6.23789 6.23757 6.23738 6.23731 
6.23103 6.23123 6.23156 6.23203 6.23263 6.23336 6.23423 6.23524 6.23638 6.23765 6.23906 6.2406 6.24228 6.24408 6.24602 6.24808 6.25027 6.25257 6.25499 6.25753 6.26016 6.2629 6.26572 6.26862 6.2716 6.27463 6.27772 6.28084 6.28398 6.28714 6.29029 6.29342 6.29651 6.29956 6.30254 6.30543 6.30823 6.31092 6.31348 6.31589 6.31815 6.32024 6.32215 6.32386 6.32536 6.32665 6.32773 6.32857 6.32918 6.32955 6.32968 6.32957 6.32923 6.32865 6.32783 6.3268 6.32554 6.32407 6.3224 6.32054 6.3185 6.31629 6.31393 6.31144 6.30882 6.30609 6.30328 6.30038 6.29743 6.29443 6.29141 6.28837 6.28534 6.28232 6.27933 6.27639 6.2735 6.27068 6.26793 6.26528 6.26271 6.26026 6.25791 6.25568 6.25357 6.25159 6.24973 6.24801 6.24643 6.24498 6.24367 6.24249 6.24145 6.24056 6.2398 6.23918 6.23869 6.23834 6.23813 6.23806 
6.23189 6.23209 6.23243 6.23292 6.23355 6.23432 6.23524 6.2363 6.2375 6.23884 6.24033 6.24196 6.24373 6.24564 6.24768 6.24986 6.25217 6.25461 6.25717 6.25985 6.26263 6.26552 6.2685 6.27157 6.27471 6.27792 6.28117 6.28447 6.28778 6.29111 6.29443 6.29773 6.30099 6.3042 6.30734 6.3104 6.31334 6.31617 6.31887 6.32141 6.32378 6.32598 6.32798 6.32978 6.33137 6.33272 6.33385 6.33473 6.33537 6.33575 6.33589 6.33578 6.33541 6.33479 6.33393 6.33284 6.33151 6.32996 6.3282 6.32623 6.32408 6.32175 6.31927 6.31663 6.31387 6.311 6.30802 6.30497 6.30185 6.29869 6.2955 6.29229 6.28908 6.28589 6.28274 6.27962 6.27657 6.27358 6.27068 6.26786 6.26515 6.26255 6.26006 6.25769 6.25546 6.25335 6.25138 6.24955 6.24787 6.24633 6.24493 6.24368 6.24257 6.24161 6.2408 6.24013 6.23961 6.23924 6.239 6.23892 
6.23285 6.23306 6.23342 6.23393 6.23459 6.23541 6.23638 6.2375 6.23877 6.2402 6.24178 6.24351 6.24539 6.24741 6.24958 6.2519 6.25435 6.25694 6.25966 6.2625 6.26546 6.26852 6.27169 6.27494 6.27827 6.28167 6.28512 6.28861 6.29213 6.29566 6.29917 6.30267 6.30612 6.30952 6.31284 6.31607 6.31919 6.32218 6.32503 6.32771 6.33023 6.33254 6.33466 6.33656 6.33823 6.33966 6.34084 6.34177 6.34244 6.34285 6.34299 6.34287 6.34247 6.34182 6.34091 6.33974 6.33834 6.33669 6.33483 6.33275 6.33047 6.328 6.32537 6.32258 6.31965 6.3166 6.31345 6.31022 6.30691 6.30356 6.30017 6.29677 6.29336 6.28998 6.28663 6.28332 6.28007 6.2769 6.27381 6.27082 6.26793 6.26516 6.26251 6.25999 6.25761 6.25536 6.25326 6.25131 6.24951 6.24786 6.24636 6.24502 6.24384 6.24281 6.24194 6.24122 6.24065 6.24024 6.23999 6.23989 
6.23393 6.23414 6.23452 6.23505 6.23576 6.23662 6.23765 6.23884 6.2402 6.24172 6.2434 6.24524 6.24724 6.2494 6.25172 6.25418 6.2568 6.25956 6.26245 6.26548 6.26863 6.2719 6.27527 6.27873 6.28228 6.2859 6.28957 6.29328 6.29702 6.30077 6.30451 6.30822 6.31189 6.3155 6.31902 6.32245 6.32576 6.32893 6.33195 6.3348 6.33746 6.33992 6.34216 6.34417 6.34594 6.34746 6.34871 6.34969 6.3504 6.35082 6.35097 6.35083 6.35041 6.34971 6.34874 6.34751 6.34601 6.34426 6.34228 6.34007 6.33764 6.33502 6.33222 6.32926 6.32615 6.32291 6.31956 6.31611 6.3126 6.30903 6.30542 6.3018 6.29818 6.29457 6.291 6.28747 6.28401 6.28063 6.27733 6.27414 6.27106 6.2681 6.26526 6.26257 6.26002 6.25762 6.25537 6.25328 6.25135 6.24958 6.24797 6.24653 6.24526 6.24415 6.2432 6.24243 6.24182 6.24137 6.24109 6.24097 
6.23512 6.23534 6.23573 6.2363 6.23704 6.23796 6.23906 6.24033 6.24178 6.2434 6.24519 6.24716 6.2493 6.25161 6.25408 6.25672 6.25951 6.26246 6.26556 6.26879 6.27215 6.27564 6.27924 6.28294 6.28672 6.29058 6.2945 6.29846 6.30244 6.30644 6.31042 6.31438 6.31828 6.32212 6.32588 6.32952 6.33304 6.33642 6.33963 6.34266 6.34548 6.3481 6.35048 6.35261 6.35449 6.35609 6.35742 6.35846 6.35921 6.35966 6.35981 6.35966 6.35921 6.35846 6.35742 6.3561 6.35451 6.35265 6.35053 6.34818 6.3456 6.34281 6.33982 6.33666 6.33335 6.32989 6.32632 6.32265 6.3189 6.3151 6.31125 6.30738 6.30352 6.29966 6.29585 6.29208 6.28838 6.28476 6.28124 6.27782 6.27452 6.27135 6.26832 6.26543 6.26269 6.26012 6.2577 6.25546 6.25338 6.25148 6.24975 6.2482 6.24682 6.24563 6.24461 6.24376 6.2431 6.24261 6.2423 6.24217 
6.23642 6.23664 6.23706 6.23766 6.23845 6.23943 6.2406 6.24196 6.24351 6.24524 6.24716 6.24927 6.25156 6.25403 6.25668 6.2595 6.26249 6.26565 6.26896 6.27242 6.27602 6.27975 6.2836 6.28755 6.2916 6.29572 6.29991 6.30414 6.30839 6.31266 6.31691 6.32113 6.3253 6.32939 6.33339 6.33728 6.34103 6.34462 6.34804 6.35126 6.35427 6.35705 6.35958 6.36185 6.36385 6.36555 6.36696 6.36806 6.36886 6.36933 6.36949 6.36932 6.36884 6.36804 6.36693 6.36552 6.36382 6.36183 6.35958 6.35706 6.35431 6.35133 6.34815 6.34478 6.34124 6.33755 6.33374 6.32982 6.32582 6.32175 6.31764 6.3135 6.30937 6.30525 6.30117 6.29714 6.29318 6.2893 6.28552 6.28186 6.27832 6.27492 6.27167 6.26857 6.26563 6.26286 6.26026 6.25785 6.25561 6.25356 6.2517 6.25002 6.24854 6.24724 6.24614 6.24523 6.2445 6.24397 6.24363 6.24347 
6.23783 6.23806 6.2385 6.23914 6.23998 6.24103 6.24228 6.24373 6.24539 6.24724 6.2493 6.25156 6.25401 6.25666 6.2595 6.26253 6.26573 6.26911 6.27266 6.27637 6.28023 6.28422 6.28834 6.29257 6.2969 6.30131 6.30579 6.31031 6.31486 6.31941 6.32395 6.32846 6.33291 6.33728 6.34155 6.3457 6.3497 6.35353 6.35717 6.3606 6.36381 6.36677 6.36946 6.37188 6.374 6.37581 6.37731 6.37848 6.37932 6.37982 6.37998 6.37981 6.37929 6.37843 6.37725 6.37574 6.37392 6.3718 6.36939 6.3667 6.36376 6.36058 6.35718 6.35358 6.3498 6.34586 6.34179 6.3376 6.33332 6.32897 6.32458 6.32015 6.31573 6.31132 6.30695 6.30263 6.29838 6.29423 6.29018 6.28625 6.28246 6.2788 6.27531 6.27198 6.26882 6.26584 6.26304 6.26044 6.25803 6.25582 6.25381 6.25201 6.2504 6.249 6.2478 6.24681 6.24603 6.24544 6.24507 6.24489 
6.23934 6.23959 6.24005 6.24073 6.24163 6.24275 6.24408 6.24564 6.24741 6.2494 6.25161 6.25403 6.25666 6.2595 6.26255 6.26579 6.26923 6.27285 6.27666 6.28063 6.28476 6.28904 6.29345 6.29798 6.30262 6.30734 6.31213 6.31696 6.32182 6.32669 6.33155 6.33636 6.34111 6.34578 6.35034 6.35476 6.35903 6.36311 6.367 6.37066 6.37407 6.37723 6.3801 6.38267 6.38492 6.38685 6.38845 6.38969 6.39058 6.39111 6.39128 6.39108 6.39052 6.38961 6.38834 6.38673 6.38479 6.38252 6.37994 6.37708 6.37394 6.37054 6.36691 6.36306 6.35902 6.35482 6.35046 6.34598 6.3414 6.33675 6.33205 6.32732 6.32258 6.31786 6.31318 6.30855 6.304 6.29955 6.2952 6.29099 6.28691 6.28299 6.27923 6.27565 6.27225 6.26905 6.26604 6.26324 6.26065 6.25826 6.25609 6.25414 6.25241 6.25089 6.2496 6.24852 6.24767 6.24703 6.24661 6.24642 
6.24097 6.24122 6.24171 6.24243 6.24339 6.24459 6.24602 6.24768 6.24958 6.25172 6.25408 6.25668 6.2595 6.26255 6.26581 6.26929 6.27298 6.27686 6.28094 6.2852 6.28962 6.2942 6.29893 6.30378 6.30874 6.31379 6.31891 6.32408 6.32928 6.33448 6.33967 6.34481 6.34989 6.35487 6.35973 6.36445 6.369 6.37336 6.3775 6.3814 6.38504 6.3884 6.39145 6.39419 6.39659 6.39864 6.40034 6.40166 6.4026 6.40316 6.40334 6.40312 6.40253 6.40154 6.40019 6.39847 6.39639 6.39397 6.39122 6.38816 6.38481 6.38118 6.3773 6.37319 6.36888 6.36438 6.35973 6.35494 6.35005 6.34507 6.34004 6.33498 6.32991 6.32486 6.31984 6.31488 6.31001 6.30524 6.30058 6.29605 6.29168 6.28747 6.28344 6.27959 6.27594 6.27249 6.26926 6.26624 6.26344 6.26087 6.25854 6.25643 6.25456 6.25292 6.25152 6.25035 6.24942 6.24873 6.24827 6.24805 
6.2427 6.24296 6.24348 6.24425 6.24527 6.24655 6.24808 6.24986 6.2519 6.25418 6.25672 6.2595 6.26253 6.26579 6.26929 6.27302 6.27697 6.28113 6.2855 6.29006 6.2948 6.2997 6.30476 6.30995 6.31525 6.32065 6.32613 6.33165 6.33721 6.34277 6.3483 6.35379 6.35921 6.36452 6.36971 6.37474 6.37959 6.38423 6.38865 6.3928 6.39668 6.40025 6.4035 6.40642 6.40897 6.41115 6.41295 6.41436 6.41536 6.41595 6.41613 6.4159 6.41526 6.41421 6.41276 6.41092 6.4087 6.40612 6.40319 6.39992 6.39634 6.39247 6.38833 6.38395 6.37934 6.37454 6.36957 6.36446 6.35923 6.35391 6.34854 6.34312 6.3377 6.33229 6.32693 6.32162 6.3164 6.31129 6.3063 6.30145 6.29676 6.29224 6.28791 6.28378 6.27986 6.27615 6.27268 6.26943 6.26642 6.26366 6.26114 6.25887 6.25685 6.25508 6.25356 6.2523 6.25129 6.25054 6.25004 6.24979 
6.24453 6.24481 6.24535 6.24617 6.24727 6.24863 6.25027 6.25217 6.25435 6.2568 6.25951 6.26249 6.26573 6.26923 6.27298 6.27697 6.2812 6.28565 6.29033 6.2952 6.30027 6.30552 6.31093 6.31647 6.32214 6.32791 6.33376 6.33966 6.34559 6.35152 6.35742 6.36328 6.36905 6.37472 6.38024 6.3856 6.39077 6.39571 6.40041 6.40483 6.40896 6.41276 6.41622 6.41931 6.42203 6.42434 6.42625 6.42774 6.4288 6.42943 6.42962 6.42937 6.42868 6.42756 6.42601 6.42405 6.42169 6.41893 6.41581 6.41233 6.40851 6.40439 6.39997 6.3953 6.39039 6.38526 6.37996 6.37451 6.36893 6.36325 6.35751 6.35173 6.34593 6.34016 6.33442 6.32875 6.32316 6.31769 6.31235 6.30715 6.30213 6.29729 6.29265 6.28822 6.28401 6.28003 6.2763 6.27281 6.26958 6.2666 6.26389 6.26145 6.25927 6.25736 6.25573 6.25437 6.25327 6.25246 6.25191 6.25164 
6.24647 6.24675 6.24733 6.2482 6.24937 6.25082 6.25257 6.25461 6.25694 6.25956 6.26246 6.26565 6.26911 6.27285 6.27686 6.28113 6.28565 6.29042 6.29541 6.30063 6.30604 6.31165 6.31742 6.32334 6.32939 6.33555 6.34178 6.34808 6.3544 6.36072 6.36701 6.37325 6.37939 6.38542 6.39131 6.39701 6.40251 6.40776 6.41276 6.41746 6.42184 6.42588 6.42955 6.43284 6.43572 6.43818 6.44021 6.44178 6.44291 6.44357 6.44376 6.44349 6.44276 6.44156 6.43992 6.43783 6.43531 6.43238 6.42905 6.42534 6.42128 6.41689 6.41219 6.40721 6.40198 6.39652 6.39087 6.38506 6.37911 6.37306 6.36694 6.36077 6.35459 6.34842 6.3423 6.33624 6.33027 6.32442 6.31871 6.31316 6.30778 6.3026 6.29763 6.29289 6.28838 6.28412 6.28011 6.27637 6.2729 6.26971 6.26679 6.26417 6.26183 6.25977 6.25801 6.25654 6.25536 6.25448 6.25388 6.25358 
6.2485 6.2488 6.24941 6.25034 6.25158 6.25313 6.25499 6.25717 6.25966 6.26245 6.26556 6.26896 6.27266 6.27666 6.28094 6.2855 6.29033 6.29541 6.30074 6.30631 6.31209 6.31806 6.32422 6.33053 6.33698 6.34354 6.35018 6.35688 6.36361 6.37034 6.37703 6.38367 6.3902 6.39661 6.40287 6.40893 6.41476 6.42035 6.42565 6.43064 6.43529 6.43957 6.44347 6.44695 6.45001 6.45262 6.45476 6.45643 6.45762 6.45832 6.45852 6.45823 6.45744 6.45617 6.45442 6.4522 6.44952 6.44641 6.44287 6.43893 6.43461 6.42994 6.42495 6.41965 6.41409 6.40829 6.40228 6.39609 6.38976 6.38332 6.3768 6.37023 6.36364 6.35707 6.35054 6.34407 6.33771 6.33147 6.32537 6.31944 6.3137 6.30817 6.30286 6.29778 6.29296 6.2884 6.28411 6.2801 6.27639 6.27296 6.26984 6.26702 6.26451 6.2623 6.26041 6.25883 6.25756 6.2566 6.25596 6.25563 
6.25062 6.25094 6.25158 6.25257 6.25389 6.25554 6.25753 6.25985 6.2625 6.26548 6.26879 6.27242 6.27637 6.28063 6.2852 6.29006 6.2952 6.30063 6.30631 6.31223 6.31839 6.32476 6.33131 6.33803 6.34489 6.35187 6.35893 6.36605 6.3732 6.38035 6.38746 6.39451 6.40145 6.40825 6.41488 6.42131 6.4275 6.43343 6.43904 6.44433 6.44926 6.4538 6.45792 6.46161 6.46485 6.46761 6.46988 6.47164 6.4729 6.47363 6.47384 6.47353 6.47269 6.47134 6.46948 6.46712 6.46428 6.46097 6.45722 6.45304 6.44846 6.44351 6.4382 6.43258 6.42667 6.42051 6.41413 6.40756 6.40083 6.39398 6.38705 6.38007 6.37306 6.36607 6.35912 6.35224 6.34546 6.33881 6.33232 6.326 6.31987 6.31397 6.3083 6.30289 6.29774 6.29286 6.28828 6.284 6.28002 6.27636 6.27302 6.27 6.26731 6.26494 6.26291 6.26121 6.25985 6.25882 6.25812 6.25776 
6.25284 6.25316 6.25385 6.25489 6.25629 6.25805 6.26016 6.26263 6.26546 6.26863 6.27215 6.27602 6.28023 6.28476 6.28962 6.2948 6.30027 6.30604 6.31209 6.31839 6.32494 6.3317 6.33867 6.3458 6.35309 6.3605 6.368 6.37556 6.38315 6.39073 6.39827 6.40573 6.41309 6.4203 6.42732 6.43413 6.44069 6.44695 6.4529 6.45849 6.4637 6.4685 6.47287 6.47677 6.48018 6.4831 6.4855 6.48736 6.48868 6.48945 6.48967 6.48934 6.48845 6.48702 6.48504 6.48255 6.47954 6.47604 6.47206 6.46763 6.46278 6.45753 6.45191 6.44596 6.4397 6.43316 6.4264 6.41943 6.41229 6.40503 6.39767 6.39026 6.38282 6.37539 6.36801 6.3607 6.3535 6.34643 6.33952 6.33279 6.32628 6.31999 6.31396 6.30819 6.3027 6.2975 6.29262 6.28805 6.28381 6.2799 6.27633 6.2731 6.27022 6.26769 6.26552 6.2637 6.26223 6.26113 6.26038 6.25999 
6.25513 6.25547 6.25619 6.2573 6.25878 6.26065 6.2629 6.26552 6.26852 6.2719 6.27564 6.27975 6.28422 6.28904 6.2942 6.2997 6.30552 6.31165 6.31806 6.32476 6.3317 6.33888 6.34627 6.35384 6.36156 6.36941 6.37736 6.38537 6.3934 6.40143 6.40941 6.41731 6.42509 6.43271 6.44014 6.44734 6.45427 6.46089 6.46717 6.47307 6.47858 6.48364 6.48825 6.49236 6.49597 6.49904 6.50157 6.50353 6.50492 6.50573 6.50596 6.5056 6.50466 6.50315 6.50106 6.49842 6.49524 6.49153 6.48733 6.48265 6.47752 6.47197 6.46603 6.45973 6.45311 6.4462 6.43904 6.43166 6.42411 6.41642 6.40863 6.40077 6.39289 6.38502 6.37719 6.36944 6.36179 6.35429 6.34696 6.33982 6.3329 6.32622 6.3198 6.31367 6.30783 6.3023 6.2971 6.29224 6.28772 6.28355 6.27975 6.27631 6.27324 6.27054 6.26822 6.26627 6.26471 6.26352 6.26272 6.26229 
6.2575 6.25786 6.25862 6.25979 6.26136 6.26334 6.26572 6.2685 6.27169 6.27527 6.27924 6.2836 6.28834 6.29345 6.29893 6.30476 6.31093 6.31742 6.32422 6.33131 6.33867 6.34627 6.35409 6.3621 6.37027 6.37858 6.38698 6.39545 6.40394 6.41242 6.42085 6.42919 6.43741 6.44545 6.45329 6.46089 6.46819 6.47517 6.48179 6.48802 6.49382 6.49916 6.50401 6.50834 6.51214 6.51537 6.51803 6.5201 6.52156 6.52241 6.52265 6.52226 6.52127 6.51967 6.51747 6.51468 6.51132 6.50742 6.50298 6.49805 6.49263 6.48678 6.48051 6.47386 6.46687 6.45957 6.45201 6.44422 6.43624 6.42811 6.41987 6.41157 6.40323 6.3949 6.38662 6.37842 6.37032 6.36238 6.35461 6.34704 6.33971 6.33263 6.32582 6.31931 6.31311 6.30725 6.30173 6.29656 6.29175 6.28733 6.28328 6.27962 6.27635 6.27348 6.271 6.26893 6.26726 6.26599 6.26513 6.26468 
6.25994 6.26031 6.26111 6.26235 6.26401 6.2661 6.26862 6.27157 6.27494 6.27873 6.28294 6.28755 6.29257 6.29798 6.30378 6.30995 6.31647 6.32334 6.33053 6.33803 6.3458 6.35384 6.3621 6.37056 6.37919 6.38796 6.39683 6.40576 6.41472 6.42366 6.43255 6.44134 6.45 6.45847 6.46673 6.47472 6.48241 6.48976 6.49673 6.50328 6.50938 6.51499 6.52009 6.52464 6.52863 6.53203 6.53482 6.53699 6.53853 6.53942 6.53966 6.53926 6.53821 6.53652 6.5342 6.53127 6.52773 6.52362 6.51895 6.51375 6.50806 6.50189 6.49528 6.48828 6.48092 6.47323 6.46526 6.45704 6.44863 6.44006 6.43137 6.42261 6.41381 6.40502 6.39627 6.3876 6.37906 6.37066 6.36244 6.35444 6.34668 6.33919 6.33199 6.3251 6.31853 6.31232 6.30647 6.30099 6.2959 6.2912 6.2869 6.28302 6.27955 6.2765 6.27387 6.27166 6.26989 6.26854 6.26762 6.26713 
6.26244 6.26283 6.26367 6.26497 6.26673 6.26894 6.2716 6.27471 6.27827 6.28228 6.28672 6.2916 6.2969 6.30262 6.30874 6.31525 6.32214 6.32939 6.33698 6.34489 6.35309 6.36156 6.37027 6.37919 6.38829 6.39752 6.40686 6.41627 6.42569 6.43511 6.44446 6.45371 6.46281 6.47172 6.4804 6.4888 6.49687 6.50459 6.51191 6.51879 6.52519 6.53108 6.53643 6.54121 6.54539 6.54896 6.55188 6.55416 6.55576 6.55669 6.55695 6.55652 6.55542 6.55364 6.5512 6.54812 6.54441 6.54009 6.53518 6.52972 6.52373 6.51725 6.51031 6.50295 6.4952 6.48712 6.47874 6.4701 6.46124 6.45222 6.44308 6.43385 6.42458 6.41532 6.40611 6.39697 6.38796 6.3791 6.37044 6.36199 6.3538 6.34589 6.33829 6.331 6.32407 6.3175 6.31131 6.30552 6.30013 6.29516 6.29061 6.2865 6.28282 6.27959 6.2768 6.27446 6.27257 6.27114 6.27016 6.26964 
6.26499 6.26539 6.26628 6.26765 6.2695 6.27183 6.27463 6.27792 6.28167 6.2859 6.29058 6.29572 6.30131 6.30734 6.31379 6.32065 6.32791 6.33555 6.34354 6.35187 6.3605 6.36941 6.37858 6.38796 6.39752 6.40723 6.41705 6.42693 6.43683 6.44672 6.45653 6.46624 6.47579 6.48514 6.49424 6.50305 6.51152 6.51961 6.52728 6.53448 6.54119 6.54736 6.55296 6.55797 6.56235 6.56608 6.56914 6.57152 6.5732 6.57417 6.57443 6.57398 6.57282 6.57096 6.5684 6.56517 6.56128 6.55675 6.5516 6.54588 6.5396 6.5328 6.52552 6.5178 6.50967 6.50119 6.49239 6.48332 6.47403 6.46455 6.45495 6.44525 6.43551 6.42578 6.41609 6.40648 6.397 6.38768 6.37855 6.36967 6.36104 6.3527 6.34469 6.33701 6.3297 6.32277 6.31624 6.31013 6.30444 6.29919 6.29439 6.29004 6.28616 6.28274 6.27979 6.27732 6.27532 6.2738 6.27276 6.2722 
6.26758 6.268 6.26893 6.27037 6.27232 6.27477 6.27772 6.28117 6.28512 6.28957 6.2945 6.29991 6.30579 6.31213 6.31891 6.32613 6.33376 6.34178 6.35018 6.35893 6.368 6.37736 6.38698 6.39683 6.40686 6.41705 6.42734 6.4377 6.44808 6.45844 6.46873 6.47889 6.4889 6.49868 6.50821 6.51743 6.52629 6.53475 6.54277 6.55031 6.55732 6.56377 6.56962 6.57485 6.57943 6.58332 6.58652 6.589 6.59075 6.59177 6.59204 6.59157 6.59035 6.5884 6.58573 6.58234 6.57827 6.57353 6.56815 6.56216 6.55559 6.54848 6.54086 6.53277 6.52427 6.51539 6.50617 6.49667 6.48693 6.477 6.46693 6.45677 6.44655 6.43634 6.42617 6.41609 6.40613 6.39635 6.38677 6.37743 6.36836 6.3596 6.35117 6.3431 6.33541 6.32811 6.32124 6.3148 6.30881 6.30328 6.29822 6.29364 6.28954 6.28594 6.28283 6.28022 6.2781 6.2765 6.2754 6.2748 
6.27021 6.27065 6.27162 6.27313 6.27517 6.27774 6.28084 6.28447 6.28861 6.29328 6.29846 6.30414 6.31031 6.31696 6.32408 6.33165 6.33966 6.34808 6.35688 6.36605 6.37556 6.38537 6.39545 6.40576 6.41627 6.42693 6.4377 6.44854 6.4594 6.47023 6.48099 6.49161 6.50207 6.51229 6.52224 6.53187 6.54112 6.54996 6.55833 6.56619 6.5735 6.58023 6.58634 6.59179 6.59656 6.60062 6.60396 6.60654 6.60837 6.60942 6.6097 6.6092 6.60793 6.6059 6.6031 6.59957 6.59532 6.59038 6.58476 6.5785 6.57164 6.56421 6.55626 6.54781 6.53893 6.52964 6.52001 6.51008 6.4999 6.48951 6.47898 6.46835 6.45766 6.44697 6.43632 6.42576 6.41533 6.40508 6.39504 6.38525 6.37574 6.36655 6.3577 6.34923 6.34116 6.3335 6.32629 6.31952 6.31323 6.30741 6.30209 6.29728 6.29297 6.28917 6.2859 6.28315 6.28093 6.27923 6.27807 6.27744 
6.27285 6.27331 6.27433 6.2759 6.27804 6.28073 6.28398 6.28778 6.29213 6.29702 6.30244 6.30839 6.31486 6.32182 6.32928 6.33721 6.34559 6.3544 6.36361 6.3732 6.38315 6.3934 6.40394 6.41472 6.42569 6.43683 6.44808 6.4594 6.47073 6.48204 6.49326 6.50435 6.51525 6.52591 6.53628 6.54631 6.55595 6.56516 6.57388 6.58206 6.58968 6.59668 6.60304 6.60871 6.61368 6.6179 6.62137 6.62406 6.62596 6.62705 6.62734 6.62682 6.6255 6.62337 6.62046 6.61679 6.61236 6.6072 6.60135 6.59483 6.58769 6.57994 6.57165 6.56285 6.55358 6.5439 6.53386 6.5235 6.51288 6.50204 6.49104 6.47994 6.46878 6.45761 6.44649 6.43545 6.42455 6.41383 6.40333 6.39309 6.38314 6.37352 6.36427 6.3554 6.34694 6.33892 6.33135 6.32426 6.31767 6.31157 6.30599 6.30093 6.29641 6.29243 6.28899 6.2861 6.28377 6.28199 6.28076 6.2801 
6.27551 6.27598 6.27705 6.27869 6.28093 6.28374 6.28714 6.29111 6.29566 6.30077 6.30644 6.31266 6.31941 6.32669 6.33448 6.34277 6.35152 6.36072 6.37034 6.38035 6.39073 6.40143 6.41242 6.42366 6.43511 6.44672 6.45844 6.47023 6.48204 6.49381 6.50549 6.51703 6.52838 6.53947 6.55026 6.56069 6.57072 6.58029 6.58935 6.59786 6.60577 6.61305 6.61965 6.62555 6.6307 6.63509 6.63869 6.64148 6.64345 6.64458 6.64488 6.64434 6.64296 6.64075 6.63773 6.6339 6.6293 6.62394 6.61786 6.61108 6.60365 6.5956 6.58697 6.57782 6.56818 6.55811 6.54765 6.53687 6.52581 6.51452 6.50307 6.4915 6.47987 6.46823 6.45664 6.44513 6.43376 6.42257 6.41162 6.40092 6.39054 6.3805 6.37082 6.36156 6.35272 6.34433 6.33643 6.32901 6.32211 6.31573 6.30989 6.3046 6.29987 6.29569 6.29209 6.28907 6.28662 6.28475 6.28347 6.28277 
6.27817 6.27866 6.27976 6.28148 6.28381 6.28674 6.29029 6.29443 6.29917 6.30451 6.31042 6.31691 6.32395 6.33155 6.33967 6.3483 6.35742 6.36701 6.37703 6.38746 6.39827 6.40941 6.42085 6.43255 6.44446 6.45653 6.46873 6.48099 6.49326 6.50549 6.51763 6.52962 6.5414 6.55292 6.56412 6.57495 6.58535 6.59528 6.60468 6.61351 6.62172 6.62926 6.63611 6.64222 6.64756 6.65211 6.65583 6.65873 6.66076 6.66194 6.66225 6.66168 6.66025 6.65796 6.65482 6.65085 6.64608 6.64052 6.63421 6.62718 6.61946 6.61111 6.60216 6.59265 6.58264 6.57218 6.56133 6.55012 6.53863 6.52691 6.515 6.50298 6.49088 6.47878 6.46671 6.45474 6.4429 6.43126 6.41985 6.40871 6.3979 6.38743 6.37735 6.36769 6.35847 6.34973 6.34148 6.33374 6.32654 6.31988 6.31378 6.30826 6.30331 6.29895 6.29519 6.29202 6.28946 6.28751 6.28616 6.28543 
6.2808 6.28131 6.28246 6.28425 6.28667 6.28973 6.29342 6.29773 6.30267 6.30822 6.31438 6.32113 6.32846 6.33636 6.34481 6.35379 6.36328 6.37325 6.38367 6.39451 6.40573 6.41731 6.42919 6.44134 6.45371 6.46624 6.47889 6.49161 6.50435 6.51703 6.52962 6.54204 6.55426 6.56619 6.5778 6.58902 6.59979 6.61007 6.6198 6.62894 6.63743 6.64524 6.65232 6.65864 6.66417 6.66887 6.67273 6.67572 6.67783 6.67904 6.67935 6.67877 6.67729 6.67491 6.67166 6.66756 6.66261 6.65686 6.65032 6.64304 6.63506 6.6264 6.61713 6.60728 6.59692 6.58608 6.57482 6.56321 6.55129 6.53913 6.52679 6.51431 6.50176 6.4892 6.47667 6.46424 6.45195 6.43985 6.428 6.41642 6.40518 6.39429 6.38381 6.37376 6.36417 6.35507 6.34648 6.33843 6.33093 6.32399 6.31764 6.31188 6.30673 6.30219 6.29826 6.29496 6.29229 6.29025 6.28885 6.28808 
6.28342 6.28394 6.28513 6.28699 6.2895 6.29268 6.29651 6.30099 6.30612 6.31189 6.31828 6.3253 6.33291 6.34111 6.34989 6.35921 6.36905 6.37939 6.3902 6.40145 6.41309 6.42509 6.43741 6.45 6.46281 6.47579 6.4889 6.50207 6.51525 6.52838 6.5414 6.55426 6.56689 6.57923 6.59123 6.60283 6.61396 6.62459 6.63464 6.64408 6.65285 6.66092 6.66823 6.67476 6.68046 6.68532 6.6893 6.69238 6.69456 6.69581 6.69613 6.69553 6.69399 6.69154 6.68818 6.68394 6.67883 6.67289 6.66614 6.65861 6.65036 6.64141 6.63183 6.62165 6.61093 6.59972 6.58808 6.57607 6.56374 6.55115 6.53837 6.52545 6.51246 6.49945 6.48647 6.47359 6.46085 6.44831 6.43602 6.42402 6.41235 6.40106 6.39018 6.37975 6.36979 6.36034 6.35142 6.34306 6.33526 6.32806 6.32146 6.31547 6.31011 6.30539 6.3013 6.29787 6.29509 6.29297 6.2915 6.2907 
6.28599 6.28653 6.28776 6.28969 6.29229 6.29559 6.29956 6.3042 6.30952 6.3155 6.32212 6.32939 6.33728 6.34578 6.35487 6.36452 6.37472 6.38542 6.39661 6.40825 6.4203 6.43271 6.44545 6.45847 6.47172 6.48514 6.49868 6.51229 6.52591 6.53947 6.55292 6.56619 6.57923 6.59197 6.60435 6.61632 6.6278 6.63876 6.64913 6.65886 6.66791 6.67622 6.68376 6.69048 6.69636 6.70137 6.70547 6.70864 6.71088 6.71217 6.7125 6.71187 6.71029 6.70776 6.7043 6.69993 6.69466 6.68853 6.68157 6.67381 6.6653 6.65607 6.64618 6.63568 6.62462 6.61305 6.60103 6.58863 6.5759 6.5629 6.5497 6.53635 6.52292 6.50947 6.49606 6.48274 6.46956 6.45659 6.44387 6.43145 6.41938 6.40769 6.39642 6.38562 6.37531 6.36551 6.35627 6.3476 6.33952 6.33205 6.3252 6.31899 6.31343 6.30853 6.30429 6.30073 6.29784 6.29564 6.29412 6.29328 
6.28851 6.28907 6.29034 6.29233 6.29502 6.29843 6.30254 6.30734 6.31284 6.31902 6.32588 6.33339 6.34155 6.35034 6.35973 6.36971 6.38024 6.39131 6.40287 6.41488 6.42732 6.44014 6.45329 6.46673 6.4804 6.49424 6.50821 6.52224 6.53628 6.55026 6.56412 6.5778 6.59123 6.60435 6.6171 6.62942 6.64125 6.65253 6.6632 6.67322 6.68252 6.69107 6.69883 6.70575 6.71179 6.71694 6.72116 6.72442 6.72672 6.72805 6.72839 6.72774 6.72611 6.72351 6.71995 6.71545 6.71003 6.70372 6.69655 6.68857 6.6798 6.67031 6.66012 6.64931 6.63791 6.626 6.61362 6.60084 6.58772 6.57432 6.56071 6.54695 6.5331 6.51923 6.50539 6.49164 6.47805 6.46466 6.45152 6.4387 6.42623 6.41415 6.40251 6.39134 6.38068 6.37056 6.361 6.35203 6.34368 6.33595 6.32886 6.32243 6.31668 6.3116 6.30722 6.30353 6.30054 6.29825 6.29668 6.29581 
6.29095 6.29153 6.29285 6.2949 6.29768 6.30119 6.30543 6.3104 6.31607 6.32245 6.32952 6.33728 6.3457 6.35476 6.36445 6.37474 6.3856 6.39701 6.40893 6.42131 6.43413 6.44734 6.46089 6.47472 6.4888 6.50305 6.51743 6.53187 6.54631 6.56069 6.57495 6.58902 6.60283 6.61632 6.62942 6.64208 6.65424 6.66582 6.67679 6.68707 6.69663 6.70541 6.71338 6.72048 6.72669 6.73197 6.7363 6.73965 6.74201 6.74337 6.74371 6.74305 6.74138 6.7387 6.73505 6.73042 6.72485 6.71837 6.71101 6.70281 6.69381 6.68405 6.67359 6.66247 6.65076 6.63851 6.62578 6.61264 6.59915 6.58537 6.57136 6.5572 6.54295 6.52867 6.51442 6.50026 6.48626 6.47247 6.45894 6.44572 6.43286 6.42041 6.40841 6.39689 6.3859 6.37546 6.36559 6.35634 6.34771 6.33973 6.33241 6.32578 6.31983 6.31459 6.31006 6.30625 6.30316 6.3008 6.29917 6.29827 
6.29332 6.29392 6.29527 6.29738 6.30025 6.30387 6.30823 6.31334 6.31919 6.32576 6.33304 6.34103 6.3497 6.35903 6.369 6.37959 6.39077 6.40251 6.41476 6.4275 6.44069 6.45427 6.46819 6.48241 6.49687 6.51152 6.52629 6.54112 6.55595 6.57072 6.58535 6.59979 6.61396 6.6278 6.64125 6.65424 6.6667 6.67858 6.68982 6.70037 6.71017 6.71917 6.72733 6.73461 6.74097 6.74638 6.75081 6.75425 6.75667 6.75806 6.75841 6.75773 6.75601 6.75327 6.74952 6.74478 6.73908 6.73243 6.72489 6.71648 6.70724 6.69724 6.68651 6.6751 6.66309 6.65052 6.63746 6.62397 6.61012 6.59597 6.5816 6.56705 6.55241 6.53774 6.5231 6.50855 6.49416 6.47998 6.46607 6.45247 6.43925 6.42644 6.41409 6.40224 6.39092 6.38017 6.37002 6.36049 6.3516 6.34338 6.33584 6.32901 6.32288 6.31748 6.31281 6.30888 6.30569 6.30325 6.30157 6.30065 
6.2956 6.29621 6.2976 6.29976 6.30271 6.30643 6.31092 6.31617 6.32218 6.32893 6.33642 6.34462 6.35353 6.36311 6.37336 6.38423 6.39571 6.40776 6.42035 6.43343 6.44695 6.46089 6.47517 6.48976 6.50459 6.51961 6.53475 6.54996 6.56516 6.58029 6.59528 6.61007 6.62459 6.63876 6.65253 6.66582 6.67858 6.69074 6.70225 6.71304 6.72306 6.73227 6.74062 6.74807 6.75457 6.76011 6.76464 6.76815 6.77063 6.77205 6.77241 6.77171 6.76995 6.76715 6.76331 6.75846 6.75263 6.74583 6.73811 6.7295 6.72005 6.70981 6.69882 6.68715 6.67484 6.66197 6.6486 6.63478 6.62059 6.60609 6.59136 6.57646 6.56145 6.5464 6.53139 6.51647 6.50171 6.48716 6.47288 6.45893 6.44536 6.43221 6.41953 6.40736 6.39573 6.38469 6.37426 6.36446 6.35533 6.34688 6.33913 6.3321 6.3258 6.32025 6.31544 6.3114 6.30812 6.30561 6.30388 6.30293 
6.29777 6.29839 6.29981 6.30204 6.30506 6.30887 6.31348 6.31887 6.32503 6.33195 6.33963 6.34804 6.35717 6.367 6.3775 6.38865 6.40041 6.41276 6.42565 6.43904 6.4529 6.46717 6.48179 6.49673 6.51191 6.52728 6.54277 6.55833 6.57388 6.58935 6.60468 6.6198 6.63464 6.64913 6.6632 6.67679 6.68982 6.70225 6.714 6.72502 6.73526 6.74467 6.75319 6.76079 6.76743 6.77308 6.77771 6.7813 6.78382 6.78527 6.78564 6.78493 6.78313 6.78027 6.77635 6.7714 6.76544 6.75849 6.7506 6.74181 6.73216 6.72169 6.71047 6.69854 6.68597 6.67281 6.65914 6.64501 6.6305 6.61568 6.60061 6.58536 6.57001 6.55461 6.53925 6.52398 6.50886 6.49396 6.47934 6.46506 6.45115 6.43768 6.42469 6.41221 6.4003 6.38898 6.37828 6.36824 6.35887 6.3502 6.34226 6.33505 6.32858 6.32288 6.31795 6.3138 6.31044 6.30786 6.30608 6.3051 
6.29981 6.30045 6.30191 6.30418 6.30728 6.31118 6.31589 6.32141 6.32771 6.3348 6.34266 6.35126 6.3606 6.37066 6.3814 6.3928 6.40483 6.41746 6.43064 6.44433 6.45849 6.47307 6.48802 6.50328 6.51879 6.53448 6.55031 6.56619 6.58206 6.59786 6.61351 6.62894 6.64408 6.65886 6.67322 6.68707 6.70037 6.71304 6.72502 6.73626 6.7467 6.75628 6.76497 6.77272 6.77949 6.78525 6.78997 6.79362 6.79619 6.79767 6.79804 6.79731 6.79549 6.79257 6.78857 6.78352 6.77745 6.77037 6.76232 6.75336 6.74352 6.73284 6.7214 6.70923 6.6964 6.68298 6.66903 6.65462 6.63981 6.62468 6.60929 6.59372 6.57804 6.56232 6.54663 6.53103 6.51559 6.50036 6.48542 6.47082 6.4566 6.44283 6.42954 6.41678 6.4046 6.39302 6.38207 6.37179 6.36221 6.35334 6.34521 6.33782 6.33121 6.32537 6.32032 6.31607 6.31262 6.30999 6.30816 6.30716 
6.30173 6.30238 6.30387 6.30619 6.30935 6.31334 6.31815 6.32378 6.33023 6.33746 6.34548 6.35427 6.36381 6.37407 6.38504 6.39668 6.40896 6.42184 6.43529 6.44926 6.4637 6.47858 6.49382 6.50938 6.52519 6.54119 6.55732 6.5735 6.58968 6.60577 6.62172 6.63743 6.65285 6.66791 6.68252 6.69663 6.71017 6.72306 6.73526 6.7467 6.75732 6.76708 6.77592 6.7838 6.79069 6.79655 6.80134 6.80506 6.80768 6.80918 6.80956 6.80882 6.80696 6.80399 6.79992 6.79478 6.7886 6.78139 6.77321 6.76408 6.75406 6.7432 6.73155 6.71916 6.7061 6.69243 6.67822 6.66354 6.64846 6.63304 6.61736 6.6015 6.58552 6.5695 6.5535 6.53759 6.52184 6.50632 6.49108 6.47618 6.46168 6.44762 6.43406 6.42104 6.4086 6.39678 6.38561 6.37511 6.36533 6.35627 6.34796 6.34042 6.33366 6.32769 6.32253 6.31819 6.31467 6.31197 6.31011 6.30908 
6.3035 6.30416 6.30568 6.30805 6.31127 6.31533 6.32024 6.32598 6.33254 6.33992 6.3481 6.35705 6.36677 6.37723 6.3884 6.40025 6.41276 6.42588 6.43957 6.4538 6.4685 6.48364 6.49916 6.51499 6.53108 6.54736 6.56377 6.58023 6.59668 6.61305 6.62926 6.64524 6.66092 6.67622 6.69107 6.70541 6.71917 6.73227 6.74467 6.75628 6.76708 6.77699 6.78597 6.79397 6.80097 6.80692 6.81179 6.81556 6.81822 6.81974 6.82013 6.81938 6.81749 6.81447 6.81034 6.80512 6.79884 6.79152 6.7832 6.77393 6.76375 6.75272 6.74087 6.72828 6.71501 6.70112 6.68667 6.67175 6.65641 6.64073 6.62479 6.60865 6.5924 6.5761 6.55982 6.54363 6.5276 6.5118 6.49629 6.48112 6.46635 6.45204 6.43823 6.42497 6.4123 6.40025 6.38887 6.37818 6.3682 6.35897 6.3505 6.34281 6.33592 6.32984 6.32458 6.32015 6.31656 6.31381 6.31191 6.31086 
6.30512 6.30579 6.30734 6.30974 6.31302 6.31716 6.32215 6.32798 6.33466 6.34216 6.35048 6.35958 6.36946 6.3801 6.39145 6.4035 6.41622 6.42955 6.44347 6.45792 6.47287 6.48825 6.50401 6.52009 6.53643 6.55296 6.56962 6.58634 6.60304 6.61965 6.63611 6.65232 6.66823 6.68376 6.69883 6.71338 6.72733 6.74062 6.75319 6.76497 6.77592 6.78597 6.79507 6.80319 6.81028 6.81631 6.82126 6.82508 6.82777 6.82932 6.82971 6.82894 6.82703 6.82397 6.81978 6.81449 6.80812 6.8007 6.79226 6.78286 6.77254 6.76134 6.74932 6.73655 6.72309 6.70899 6.69433 6.67919 6.66362 6.64771 6.63152 6.61514 6.59864 6.58208 6.56555 6.54911 6.53283 6.51678 6.50102 6.48561 6.4706 6.45606 6.44202 6.42854 6.41566 6.40341 6.39184 6.38096 6.37082 6.36143 6.35282 6.34499 6.33798 6.3318 6.32645 6.32194 6.31828 6.31549 6.31355 6.31249 
6.30658 6.30726 6.30882 6.31127 6.31459 6.31879 6.32386 6.32978 6.33656 6.34417 6.35261 6.36185 6.37188 6.38267 6.39419 6.40642 6.41931 6.43284 6.44695 6.46161 6.47677 6.49236 6.50834 6.52464 6.54121 6.55797 6.57485 6.59179 6.60871 6.62555 6.64222 6.65864 6.67476 6.69048 6.70575 6.72048 6.73461 6.74807 6.76079 6.77272 6.7838 6.79397 6.80319 6.81141 6.81859 6.82469 6.82969 6.83356 6.83629 6.83785 6.83825 6.83747 6.83553 6.83244 6.8282 6.82284 6.81639 6.80888 6.80034 6.79082 6.78037 6.76903 6.75686 6.74393 6.73029 6.71601 6.70117 6.68582 6.67005 6.65393 6.63753 6.62093 6.60421 6.58743 6.57067 6.55401 6.53751 6.52123 6.50525 6.48962 6.4744 6.45965 6.44541 6.43174 6.41867 6.40624 6.3945 6.38346 6.37317 6.36364 6.35489 6.34695 6.33984 6.33356 6.32812 6.32355 6.31983 6.31699 6.31503 6.31395 
6.30786 6.30855 6.31013 6.31261 6.31598 6.32023 6.32536 6.33137 6.33823 6.34594 6.35449 6.36385 6.374 6.38492 6.39659 6.40897 6.42203 6.43572 6.45001 6.46485 6.48018 6.49597 6.51214 6.52863 6.54539 6.56235 6.57943 6.59656 6.61368 6.6307 6.64756 6.66417 6.68046 6.69636 6.71179 6.72669 6.74097 6.75457 6.76743 6.77949 6.79069 6.80097 6.81028 6.81859 6.82584 6.83201 6.83706 6.84097 6.84373 6.84531 6.84571 6.84492 6.84296 6.83983 6.83555 6.83013 6.82361 6.81602 6.80739 6.79777 6.78721 6.77575 6.76345 6.75038 6.73659 6.72215 6.70714 6.69163 6.67568 6.65938 6.64279 6.626 6.60908 6.59211 6.57516 6.5583 6.5416 6.52513 6.50895 6.49313 6.47773 6.4628 6.44838 6.43454 6.42131 6.40872 6.39683 6.38565 6.37523 6.36557 6.35672 6.34867 6.34147 6.3351 6.3296 6.32496 6.3212 6.31832 6.31633 6.31523 
6.30896 6.30966 6.31126 6.31377 6.31717 6.32147 6.32665 6.33272 6.33966 6.34746 6.35609 6.36555 6.37581 6.38685 6.39864 6.41115 6.42434 6.43818 6.45262 6.46761 6.4831 6.49904 6.51537 6.53203 6.54896 6.56608 6.58332 6.60062 6.6179 6.63509 6.65211 6.66887 6.68532 6.70137 6.71694 6.73197 6.74638 6.76011 6.77308 6.78525 6.79655 6.80692 6.81631 6.82469 6.83201 6.83823 6.84333 6.84727 6.85005 6.85164 6.85205 6.85126 6.84928 6.84612 6.8418 6.83634 6.82976 6.8221 6.81339 6.80369 6.79302 6.78146 6.76905 6.75586 6.74194 6.72738 6.71222 6.69656 6.68047 6.66401 6.64726 6.63031 6.61323 6.59609 6.57897 6.56195 6.54508 6.52845 6.51211 6.49613 6.48057 6.46548 6.45092 6.43693 6.42356 6.41084 6.39882 6.38753 6.37699 6.36723 6.35828 6.35015 6.34286 6.33643 6.33086 6.32617 6.32237 6.31946 6.31745 6.31634 
6.30988 6.31058 6.3122 6.31472 6.31816 6.32249 6.32773 6.33385 6.34084 6.34871 6.35742 6.36696 6.37731 6.38845 6.40034 6.41295 6.42625 6.44021 6.45476 6.46988 6.4855 6.50157 6.51803 6.53482 6.55188 6.56914 6.58652 6.60396 6.62137 6.63869 6.65583 6.67273 6.6893 6.70547 6.72116 6.7363 6.75081 6.76464 6.77771 6.78997 6.80134 6.81179 6.82126 6.82969 6.83706 6.84333 6.84846 6.85243 6.85523 6.85683 6.85724 6.85644 6.85445 6.85127 6.84692 6.84142 6.83479 6.82708 6.81831 6.80853 6.79779 6.78614 6.77364 6.76035 6.74633 6.73165 6.71639 6.70061 6.68439 6.6678 6.65093 6.63385 6.61663 6.59936 6.58211 6.56494 6.54794 6.53117 6.5147 6.49859 6.4829 6.46769 6.45301 6.4389 6.42541 6.41259 6.40047 6.38907 6.37844 6.3686 6.35957 6.35137 6.34402 6.33753 6.33191 6.32718 6.32334 6.32041 6.31838 6.31726 
6.3106 6.31131 6.31293 6.31548 6.31893 6.3233 6.32857 6.33473 6.34177 6.34969 6.35846 6.36806 6.37848 6.38969 6.40166 6.41436 6.42774 6.44178 6.45643 6.47164 6.48736 6.50353 6.5201 6.53699 6.55416 6.57152 6.589 6.60654 6.62406 6.64148 6.65873 6.67572 6.69238 6.70864 6.72442 6.73965 6.75425 6.76815 6.7813 6.79362 6.80506 6.81556 6.82508 6.83356 6.84097 6.84727 6.85243 6.85643 6.85924 6.86085 6.86126 6.86046 6.85845 6.85526 6.85088 6.84535 6.83869 6.83093 6.82211 6.81228 6.80148 6.78977 6.77719 6.76383 6.74973 6.73497 6.71962 6.70374 6.68743 6.67075 6.65378 6.63659 6.61927 6.6019 6.58454 6.56727 6.55016 6.53329 6.51672 6.50051 6.48472 6.46941 6.45463 6.44043 6.42686 6.41395 6.40175 6.39028 6.37958 6.36967 6.36058 6.35233 6.34492 6.33839 6.33274 6.32797 6.32411 6.32115 6.31911 6.31798 
6.31113 6.31184 6.31347 6.31602 6.3195 6.32388 6.32918 6.33537 6.34244 6.3504 6.35921 6.36886 6.37932 6.39058 6.4026 6.41536 6.4288 6.44291 6.45762 6.4729 6.48868 6.50492 6.52156 6.53853 6.55576 6.5732 6.59075 6.60837 6.62596 6.64345 6.66076 6.67783 6.69456 6.71088 6.72672 6.74201 6.75667 6.77063 6.78382 6.79619 6.80768 6.81822 6.82777 6.83629 6.84373 6.85005 6.85523 6.85924 6.86206 6.86368 6.86409 6.86328 6.86127 6.85806 6.85367 6.84812 6.84143 6.83364 6.82479 6.81492 6.80407 6.79231 6.77969 6.76627 6.75212 6.7373 6.72189 6.70595 6.68957 6.67282 6.65578 6.63852 6.62113 6.60368 6.58625 6.56891 6.55173 6.53479 6.51814 6.50186 6.486 6.47063 6.45578 6.44152 6.42789 6.41492 6.40266 6.39114 6.38039 6.37044 6.36131 6.35301 6.34558 6.33901 6.33333 6.32855 6.32467 6.3217 6.31964 6.31851 
6.31145 6.31216 6.3138 6.31636 6.31984 6.32424 6.32955 6.33575 6.34285 6.35082 6.35966 6.36933 6.37982 6.39111 6.40316 6.41595 6.42943 6.44357 6.45832 6.47363 6.48945 6.50573 6.52241 6.53942 6.55669 6.57417 6.59177 6.60942 6.62705 6.64458 6.66194 6.67904 6.69581 6.71217 6.72805 6.74337 6.75806 6.77205 6.78527 6.79767 6.80918 6.81974 6.82932 6.83785 6.84531 6.85164 6.85683 6.86085 6.86368 6.8653 6.86571 6.8649 6.86289 6.85967 6.85527 6.8497 6.843 6.83519 6.82632 6.81643 6.80556 6.79378 6.78113 6.76768 6.75349 6.73864 6.72319 6.70722 6.6908 6.67401 6.65693 6.63964 6.62221 6.60472 6.58724 6.56986 6.55264 6.53566 6.51897 6.50265 6.48675 6.47134 6.45646 6.44216 6.42849 6.4155 6.40321 6.39166 6.38088 6.3709 6.36174 6.35343 6.34597 6.33939 6.3337 6.3289 6.32501 6.32203 6.31997 6.31883 
