0.493499 0.494062 0.494589 0.495062 0.495471 0.49581 0.496082 0.496292 0.496449 0.496561 0.49664 0.496692 0.496727 0.496749 0.496762 0.49677 0.496775 0.496778 0.496779 0.49678 0.496781 0.496781 0.496781 0.496781 0.496781 0.496781 0.496781 0.496781 0.496781 0.496781 0.496781 0.496781 0.496781 0.496781 0.496781 0.496781 0.496781 0.496781 0.496781 0.496781 0.496781 0.496781 0.496782 0.496782 0.496782 0.496782 0.496782 0.496782 0.496782 0.496782 0.496782 0.496782 0.496782 0.496782 0.496782 0.496782 0.496782 0.496782 0.496782 0.496782 0.496782 0.496782 0.496781 0.496781 0.496781 0.496781 0.496781 0.496781 0.496781 0.496781 0.496781 0.496781 0.496781 0.496781 0.496781 0.496781 0.496781 0.496781 0.496781 0.496781 0.496781 0.496781 0.496782 0.496782 0.496784 0.496788 0.496795 0.496808 0.496832 0.496872 0.496936 0.497034 0.497178 0.497379 0.497646 0.497985 0.498396 0.498874 0.499404 0.499966 
0.494062 0.494624 0.49515 0.495623 0.496032 0.496371 0.496643 0.496853 0.497009 0.497122 0.4972 0.497253 0.497288 0.49731 0.497323 0.497332 0.497336 0.497339 0.49734 0.497341 0.497342 0.497342 0.497342 0.497342 0.497342 0.497342 0.497342 0.497342 0.497342 0.497342 0.497342 0.497342 0.497342 0.497342 0.497342 0.497342 0.497342 0.497342 0.497342 0.497342 0.497342 0.497342 0.497342 0.497342 0.497342 0.497343 0.497343 0.497343 0.497343 0.497343 0.497343 0.497343 0.497343 0.497343 0.497343 0.497343 0.497343 0.497343 0.497343 0.497343 0.497342 0.497342 0.497342 0.497342 0.497342 0.497342 0.497342 0.497342 0.497342 0.497342 0.497342 0.497342 0.497342 0.497342 0.497342 0.497342 0.497342 0.497342 0.497342 0.497342 0.497342 0.497342 0.497343 0.497344 0.497345 0.497349 0.497356 0.49737 0.497393 0.497433 0.497497 0.497596 0.49774 0.49794 0.498207 0.498546 0.498957 0.499434 0.499964 0.500526 
0.494589 0.49515 0.495676 0.496149 0.496557 0.496896 0.497168 0.497378 0.497534 0.497647 0.497725 0.497779 0.497813 0.497835 0.497849 0.497857 0.497862 0.497864 0.497866 0.497867 0.497867 0.497867 0.497867 0.497867 0.497867 0.497867 0.497868 0.497868 0.497868 0.497868 0.497868 0.497868 0.497868 0.497868 0.497868 0.497868 0.497868 0.497868 0.497868 0.497868 0.497868 0.497868 0.497868 0.497868 0.497868 0.497868 0.497868 0.497868 0.497868 0.497868 0.497868 0.497868 0.497868 0.497868 0.497868 0.497868 0.497868 0.497868 0.497868 0.497868 0.497868 0.497868 0.497868 0.497868 0.497868 0.497868 0.497868 0.497868 0.497868 0.497868 0.497868 0.497868 0.497868 0.497868 0.497868 0.497868 0.497868 0.497868 0.497868 0.497868 0.497868 0.497868 0.497868 0.497869 0.497871 0.497874 0.497882 0.497895 0.497919 0.497959 0.498023 0.498122 0.498266 0.498466 0.498733 0.499072 0.499483 0.49996 0.500488 0.50105 
0.495062 0.495623 0.496149 0.496621 0.497029 0.497368 0.49764 0.49785 0.498006 0.498119 0.498198 0.498251 0.498285 0.498307 0.498321 0.498329 0.498334 0.498337 0.498338 0.498339 0.498339 0.49834 0.49834 0.49834 0.49834 0.49834 0.49834 0.49834 0.49834 0.49834 0.49834 0.49834 0.49834 0.49834 0.49834 0.49834 0.49834 0.49834 0.49834 0.49834 0.49834 0.49834 0.49834 0.49834 0.49834 0.49834 0.49834 0.498341 0.498341 0.498341 0.498341 0.498341 0.498341 0.498341 0.498341 0.498341 0.498341 0.49834 0.49834 0.49834 0.49834 0.49834 0.49834 0.49834 0.49834 0.49834 0.49834 0.49834 0.49834 0.49834 0.49834 0.49834 0.49834 0.49834 0.49834 0.49834 0.49834 0.49834 0.49834 0.49834 0.49834 0.49834 0.498341 0.498341 0.498343 0.498347 0.498354 0.498368 0.498391 0.498431 0.498496 0.498595 0.498739 0.498939 0.499206 0.499545 0.499956 0.500432 0.50096 0.501522 
0.495471 0.496032 0.496557 0.497029 0.497437 0.497776 0.498048 0.498258 0.498414 0.498527 0.498606 0.498659 0.498694 0.498716 0.498729 0.498738 0.498742 0.498745 0.498747 0.498747 0.498748 0.498748 0.498748 0.498748 0.498748 0.498748 0.498748 0.498748 0.498748 0.498748 0.498748 0.498748 0.498748 0.498748 0.498748 0.498748 0.498748 0.498748 0.498749 0.498749 0.498749 0.498749 0.498749 0.498749 0.498749 0.49875 0.49875 0.49875 0.49875 0.49875 0.49875 0.49875 0.49875 0.49875 0.49875 0.49875 0.49875 0.49875 0.49875 0.498749 0.498749 0.498749 0.498749 0.498749 0.498749 0.498749 0.498749 0.498748 0.498748 0.498748 0.498748 0.498748 0.498748 0.498748 0.498748 0.498748 0.498748 0.498748 0.498748 0.498748 0.498748 0.498749 0.498749 0.49875 0.498752 0.498755 0.498763 0.498776 0.4988 0.49884 0.498905 0.499003 0.499147 0.499348 0.499615 0.499954 0.500364 0.500841 0.501369 0.50193 
0.49581 0.496371 0.496896 0.497368 0.497776 0.498115 0.498387 0.498597 0.498754 0.498867 0.498945 0.498998 0.499033 0.499055 0.499069 0.499077 0.499082 0.499085 0.499086 0.499087 0.499088 0.499088 0.499088 0.499088 0.499088 0.499088 0.499088 0.499088 0.499088 0.499088 0.499088 0.499088 0.499088 0.499088 0.499088 0.499088 0.499088 0.499089 0.499089 0.499089 0.499089 0.49909 0.49909 0.499091 0.499091 0.499092 0.499092 0.499093 0.499093 0.499093 0.499094 0.499094 0.499094 0.499094 0.499093 0.499093 0.499093 0.499092 0.499092 0.499091 0.499091 0.49909 0.49909 0.499089 0.499089 0.499089 0.499089 0.499088 0.499088 0.499088 0.499088 0.499088 0.499088 0.499088 0.499088 0.499088 0.499088 0.499088 0.499088 0.499088 0.499088 0.499088 0.499089 0.49909 0.499091 0.499095 0.499102 0.499116 0.49914 0.49918 0.499245 0.499343 0.499488 0.499689 0.499955 0.500294 0.500705 0.501181 0.501709 0.50227 
0.496082 0.496643 0.497168 0.49764 0.498048 0.498387 0.498659 0.498869 0.499026 0.499139 0.499217 0.499271 0.499306 0.499328 0.499341 0.49935 0.499354 0.499357 0.499359 0.499359 0.49936 0.49936 0.49936 0.49936 0.49936 0.49936 0.49936 0.49936 0.49936 0.49936 0.49936 0.49936 0.499361 0.499361 0.499361 0.499361 0.499361 0.499362 0.499363 0.499363 0.499364 0.499366 0.499367 0.499368 0.499369 0.499371 0.499372 0.499373 0.499374 0.499375 0.499375 0.499375 0.499375 0.499375 0.499374 0.499374 0.499373 0.499372 0.49937 0.499369 0.499368 0.499366 0.499365 0.499364 0.499363 0.499363 0.499362 0.499362 0.499361 0.499361 0.499361 0.499361 0.499361 0.49936 0.49936 0.49936 0.49936 0.49936 0.49936 0.49936 0.49936 0.499361 0.499361 0.499362 0.499364 0.499367 0.499375 0.499388 0.499412 0.499453 0.499517 0.499616 0.49976 0.499961 0.500228 0.500567 0.500978 0.501454 0.501982 0.502542 
0.496292 0.496853 0.497378 0.49785 0.498258 0.498597 0.498869 0.499079 0.499236 0.499349 0.499428 0.499481 0.499516 0.499538 0.499552 0.49956 0.499565 0.499568 0.499569 0.49957 0.49957 0.499571 0.499571 0.499571 0.499571 0.499571 0.499571 0.499571 0.499571 0.499571 0.499571 0.499571 0.499571 0.499572 0.499572 0.499573 0.499574 0.499575 0.499577 0.499579 0.499582 0.499585 0.499588 0.499591 0.499595 0.499598 0.499601 0.499604 0.499606 0.499607 0.499608 0.499609 0.499609 0.499608 0.499606 0.499604 0.499602 0.499599 0.499596 0.499593 0.499589 0.499586 0.499583 0.499581 0.499579 0.499577 0.499575 0.499574 0.499573 0.499572 0.499572 0.499572 0.499571 0.499571 0.499571 0.499571 0.499571 0.499571 0.499571 0.499571 0.499571 0.499571 0.499572 0.499572 0.499574 0.499578 0.499585 0.499599 0.499623 0.499663 0.499728 0.499827 0.499971 0.500172 0.500439 0.500778 0.501189 0.501665 0.502193 0.502754 
0.496449 0.497009 0.497534 0.498006 0.498414 0.498754 0.499026 0.499236 0.499393 0.499506 0.499585 0.499638 0.499673 0.499695 0.499709 0.499717 0.499722 0.499725 0.499726 0.499727 0.499728 0.499728 0.499728 0.499728 0.499728 0.499728 0.499728 0.499728 0.499728 0.499728 0.499729 0.499729 0.49973 0.499731 0.499732 0.499734 0.499737 0.49974 0.499745 0.49975 0.499757 0.499764 0.499772 0.49978 0.499788 0.499795 0.499802 0.499808 0.499813 0.499817 0.499819 0.49982 0.499819 0.499817 0.499814 0.499809 0.499803 0.499796 0.499789 0.499781 0.499773 0.499765 0.499759 0.499752 0.499747 0.499742 0.499739 0.499736 0.499734 0.499732 0.499731 0.49973 0.499729 0.499729 0.499728 0.499728 0.499728 0.499728 0.499728 0.499728 0.499728 0.499728 0.499729 0.49973 0.499731 0.499735 0.499742 0.499756 0.49978 0.49982 0.499885 0.499984 0.500129 0.50033 0.500597 0.500936 0.501347 0.501823 0.502351 0.502912 
0.496561 0.497122 0.497647 0.498119 0.498527 0.498867 0.499139 0.499349 0.499506 0.499619 0.499698 0.499751 0.499786 0.499809 0.499822 0.499831 0.499835 0.499838 0.49984 0.499841 0.499841 0.499841 0.499841 0.499841 0.499841 0.499841 0.499842 0.499842 0.499842 0.499842 0.499843 0.499844 0.499846 0.499848 0.499852 0.499857 0.499864 0.499873 0.499884 0.499897 0.499912 0.499929 0.499947 0.499965 0.499983 0.500001 0.500016 0.50003 0.500041 0.500049 0.500053 0.500055 0.500053 0.500048 0.50004 0.500028 0.500015 0.499999 0.499981 0.499964 0.499946 0.499928 0.499913 0.499898 0.499886 0.499875 0.499867 0.49986 0.499855 0.499851 0.499848 0.499846 0.499844 0.499843 0.499843 0.499842 0.499842 0.499842 0.499842 0.499842 0.499842 0.499842 0.499842 0.499843 0.499845 0.499849 0.499856 0.499869 0.499893 0.499934 0.499999 0.500098 0.500242 0.500444 0.500711 0.50105 0.501461 0.501937 0.502465 0.503026 
0.49664 0.4972 0.497725 0.498198 0.498606 0.498945 0.499217 0.499428 0.499585 0.499698 0.499777 0.49983 0.499865 0.499888 0.499901 0.49991 0.499915 0.499917 0.499919 0.49992 0.49992 0.49992 0.49992 0.49992 0.499921 0.499921 0.499921 0.499921 0.499922 0.499923 0.499925 0.499928 0.499932 0.499939 0.499948 0.49996 0.499976 0.499996 0.500022 0.500052 0.500086 0.500123 0.500163 0.500204 0.500243 0.500281 0.500314 0.500343 0.500365 0.500382 0.500391 0.500394 0.500389 0.500377 0.500359 0.500334 0.500303 0.500268 0.50023 0.500191 0.500152 0.500114 0.50008 0.500048 0.500021 0.499998 0.499978 0.499963 0.499951 0.499942 0.499936 0.499931 0.499927 0.499925 0.499923 0.499922 0.499922 0.499921 0.499921 0.499921 0.499921 0.499921 0.499921 0.499922 0.499924 0.499928 0.499935 0.499949 0.499973 0.500013 0.500078 0.500177 0.500322 0.500523 0.50079 0.501129 0.50154 0.502017 0.502545 0.503106 
0.496692 0.497253 0.497779 0.498251 0.498659 0.498998 0.499271 0.499481 0.499638 0.499751 0.49983 0.499884 0.499919 0.499941 0.499955 0.499963 0.499968 0.499971 0.499972 0.499973 0.499974 0.499974 0.499974 0.499974 0.499974 0.499975 0.499975 0.499976 0.499978 0.499981 0.499985 0.499993 0.500003 0.500018 0.500039 0.500067 0.500104 0.50015 0.500205 0.50027 0.500344 0.500423 0.500507 0.500592 0.500674 0.500751 0.500819 0.500877 0.500922 0.500955 0.500973 0.500976 0.500965 0.500939 0.500899 0.500847 0.500783 0.50071 0.500631 0.500549 0.500467 0.500388 0.500315 0.500249 0.500191 0.500141 0.500101 0.500068 0.500042 0.500022 0.500008 0.499997 0.499989 0.499984 0.49998 0.499978 0.499976 0.499975 0.499975 0.499975 0.499974 0.499974 0.499975 0.499976 0.499977 0.499981 0.499989 0.500002 0.500026 0.500067 0.500131 0.500231 0.500375 0.500577 0.500844 0.501183 0.501594 0.50207 0.502599 0.50316 
0.496727 0.497288 0.497813 0.498285 0.498694 0.499033 0.499306 0.499516 0.499673 0.499786 0.499865 0.499919 0.499954 0.499976 0.49999 0.499998 0.500003 0.500006 0.500007 0.500008 0.500009 0.500009 0.500009 0.500009 0.50001 0.500011 0.500012 0.500015 0.500019 0.500026 0.500037 0.500054 0.500078 0.500112 0.500159 0.500221 0.5003 0.500397 0.500514 0.500648 0.500798 0.50096 0.501129 0.501297 0.50146 0.50161 0.501743 0.501854 0.501941 0.502001 0.502034 0.502038 0.502013 0.501959 0.501879 0.501773 0.501644 0.501499 0.501341 0.501178 0.501014 0.500857 0.500709 0.500576 0.500459 0.500359 0.500275 0.500208 0.500154 0.500113 0.500082 0.500059 0.500043 0.500031 0.500023 0.500018 0.500015 0.500012 0.500011 0.50001 0.50001 0.50001 0.50001 0.500011 0.500012 0.500016 0.500024 0.500037 0.500061 0.500102 0.500167 0.500266 0.50041 0.500612 0.500879 0.501218 0.501629 0.502106 0.502634 0.503195 
0.496749 0.49731 0.497835 0.498307 0.498716 0.499055 0.499328 0.499538 0.499695 0.499809 0.499888 0.499941 0.499976 0.499998 0.500012 0.50002 0.500025 0.500028 0.50003 0.50003 0.500031 0.500031 0.500032 0.500032 0.500034 0.500036 0.500039 0.500046 0.500056 0.500072 0.500097 0.500135 0.500188 0.500262 0.500361 0.500489 0.500651 0.500849 0.501082 0.501348 0.501641 0.501954 0.502276 0.502596 0.502902 0.503182 0.503429 0.503633 0.503792 0.5039 0.503955 0.503958 0.503906 0.503802 0.503646 0.503442 0.503198 0.502921 0.502621 0.502309 0.501997 0.501695 0.501413 0.501155 0.500928 0.500732 0.500568 0.500435 0.500328 0.500245 0.500182 0.500136 0.500102 0.500078 0.500062 0.500051 0.500043 0.500039 0.500036 0.500034 0.500033 0.500032 0.500032 0.500033 0.500035 0.500039 0.500046 0.500059 0.500084 0.500124 0.500189 0.500288 0.500433 0.500634 0.500902 0.501241 0.501652 0.502128 0.502657 0.503218 
0.496762 0.497323 0.497849 0.498321 0.498729 0.499069 0.499341 0.499552 0.499709 0.499822 0.499901 0.499955 0.49999 0.500012 0.500026 0.500034 0.500039 0.500042 0.500043 0.500044 0.500045 0.500046 0.500046 0.500048 0.500051 0.500056 0.500064 0.500079 0.500102 0.500138 0.500193 0.500272 0.500383 0.500535 0.500735 0.500991 0.501308 0.50169 0.502134 0.502634 0.503181 0.503757 0.504346 0.504925 0.505474 0.505974 0.50641 0.50677 0.507045 0.50723 0.507321 0.507317 0.507216 0.507021 0.506735 0.506364 0.505919 0.505415 0.50487 0.504303 0.503734 0.503181 0.502661 0.502185 0.501763 0.501397 0.501088 0.500834 0.50063 0.50047 0.500348 0.500256 0.500189 0.500142 0.500108 0.500086 0.500071 0.500061 0.500055 0.500051 0.500048 0.500047 0.500047 0.500047 0.500049 0.500052 0.50006 0.500073 0.500097 0.500138 0.500203 0.500302 0.500447 0.500648 0.500915 0.501255 0.501666 0.502142 0.502671 0.503232 
0.49677 0.497332 0.497857 0.498329 0.498738 0.499077 0.49935 0.49956 0.499717 0.499831 0.49991 0.499963 0.499998 0.50002 0.500034 0.500043 0.500047 0.50005 0.500052 0.500053 0.500054 0.500055 0.500057 0.50006 0.500067 0.500078 0.500098 0.500129 0.50018 0.500256 0.500369 0.50053 0.500752 0.501049 0.501434 0.50192 0.502512 0.503215 0.504022 0.504922 0.505892 0.506907 0.507932 0.508932 0.509873 0.510725 0.511462 0.512065 0.512521 0.512823 0.512966 0.512945 0.512761 0.512416 0.511915 0.511269 0.510498 0.509624 0.508677 0.50769 0.506697 0.505729 0.504813 0.503971 0.503217 0.50256 0.502001 0.501538 0.501163 0.500866 0.500637 0.500464 0.500336 0.500244 0.50018 0.500135 0.500105 0.500085 0.500073 0.500065 0.50006 0.500057 0.500056 0.500056 0.500057 0.500061 0.500068 0.500082 0.500106 0.500146 0.500211 0.50031 0.500455 0.500656 0.500924 0.501263 0.501674 0.502151 0.502679 0.50324 
0.496775 0.497336 0.497862 0.498334 0.498742 0.499082 0.499354 0.499565 0.499722 0.499835 0.499915 0.499968 0.500003 0.500025 0.500039 0.500047 0.500052 0.500055 0.500057 0.500058 0.50006 0.500062 0.500066 0.500074 0.500089 0.500114 0.500156 0.500222 0.500325 0.50048 0.500702 0.501014 0.501436 0.501991 0.5027 0.503579 0.504636 0.505872 0.507273 0.508815 0.510462 0.512165 0.51387 0.515519 0.51706 0.518444 0.519633 0.520599 0.521324 0.521796 0.522007 0.521954 0.521635 0.521054 0.52022 0.519149 0.517871 0.516424 0.514853 0.513212 0.511553 0.509929 0.508383 0.506954 0.505665 0.504533 0.503563 0.502751 0.502087 0.501558 0.501144 0.500829 0.500594 0.500423 0.500301 0.500217 0.50016 0.500121 0.500097 0.500081 0.500072 0.500066 0.500063 0.500062 0.500063 0.500066 0.500073 0.500087 0.500111 0.500151 0.500216 0.500315 0.50046 0.500661 0.500929 0.501268 0.501679 0.502156 0.502684 0.503245 
0.496778 0.497339 0.497864 0.498337 0.498745 0.499085 0.499357 0.499568 0.499725 0.499838 0.499917 0.499971 0.500006 0.500028 0.500042 0.50005 0.500055 0.500058 0.50006 0.500062 0.500065 0.50007 0.50008 0.500097 0.500128 0.50018 0.500265 0.500399 0.500601 0.500898 0.501317 0.501894 0.502662 0.503654 0.504899 0.506418 0.508219 0.510294 0.512618 0.515145 0.517812 0.520542 0.52325 0.52585 0.528258 0.530407 0.532241 0.533721 0.534821 0.535525 0.535825 0.535715 0.535193 0.534263 0.532939 0.531246 0.529226 0.526935 0.524444 0.521832 0.519181 0.51657 0.514072 0.511744 0.509629 0.507756 0.506137 0.504769 0.50364 0.502729 0.502011 0.501458 0.501041 0.500734 0.500514 0.500359 0.500253 0.500182 0.500135 0.500106 0.500087 0.500076 0.50007 0.500067 0.500067 0.500069 0.500076 0.500089 0.500113 0.500154 0.500219 0.500318 0.500463 0.500664 0.500931 0.501271 0.501682 0.502158 0.502687 0.503248 
0.496779 0.49734 0.497866 0.498338 0.498747 0.499086 0.499359 0.499569 0.499726 0.49984 0.499919 0.499972 0.500007 0.50003 0.500043 0.500052 0.500057 0.50006 0.500063 0.500066 0.500072 0.500083 0.500103 0.500139 0.500202 0.500306 0.500472 0.500728 0.501107 0.501652 0.502409 0.50343 0.504764 0.506458 0.50855 0.511061 0.513994 0.517326 0.521008 0.524963 0.529092 0.533277 0.537389 0.541303 0.544903 0.548093 0.550797 0.552964 0.554561 0.555569 0.555976 0.555776 0.554965 0.553549 0.551546 0.548991 0.545941 0.542477 0.538699 0.53472 0.530662 0.526641 0.522767 0.519129 0.515798 0.51282 0.510221 0.508003 0.506153 0.504645 0.503443 0.502507 0.501793 0.501263 0.500877 0.500603 0.500414 0.500286 0.500201 0.500147 0.500112 0.500092 0.50008 0.500073 0.500071 0.500072 0.500078 0.500091 0.500115 0.500155 0.50022 0.500319 0.500464 0.500666 0.500933 0.501272 0.501683 0.50216 0.502688 0.50325 
0.49678 0.497341 0.497867 0.498339 0.498747 0.499087 0.499359 0.49957 0.499727 0.499841 0.49992 0.499973 0.500008 0.50003 0.500044 0.500053 0.500058 0.500062 0.500066 0.500073 0.500085 0.500107 0.500148 0.50022 0.500342 0.50054 0.50085 0.501318 0.501999 0.502957 0.504265 0.505993 0.508212 0.510981 0.514343 0.518316 0.522885 0.528003 0.533585 0.539508 0.545622 0.551754 0.557726 0.563363 0.568509 0.573038 0.576853 0.57989 0.582111 0.583492 0.584022 0.583692 0.582498 0.580445 0.577555 0.573873 0.569474 0.564464 0.55898 0.553178 0.547224 0.541287 0.535522 0.530065 0.525022 0.52047 0.516455 0.512994 0.510074 0.507667 0.505727 0.504197 0.503019 0.502132 0.50148 0.501013 0.500685 0.500462 0.500313 0.500216 0.500155 0.500117 0.500094 0.500082 0.500076 0.500075 0.50008 0.500093 0.500116 0.500156 0.500221 0.50032 0.500465 0.500666 0.500934 0.501273 0.501684 0.502161 0.502689 0.50325 
0.496781 0.497342 0.497867 0.498339 0.498748 0.499088 0.49936 0.49957 0.499728 0.499841 0.49992 0.499974 0.500009 0.500031 0.500045 0.500054 0.50006 0.500065 0.500072 0.500085 0.500108 0.500152 0.500231 0.500368 0.500595 0.500957 0.501512 0.502332 0.503502 0.505118 0.507279 0.510084 0.513621 0.517957 0.523134 0.529152 0.535971 0.543499 0.5516 0.560091 0.568757 0.57736 0.585661 0.59343 0.600472 0.606626 0.611779 0.615855 0.618814 0.620631 0.621294 0.620793 0.619123 0.616286 0.612306 0.607236 0.601169 0.594238 0.586616 0.578508 0.570135 0.561723 0.553488 0.54562 0.538279 0.531585 0.525616 0.52041 0.515969 0.512262 0.509238 0.506826 0.504945 0.503513 0.502449 0.501676 0.50113 0.500753 0.500499 0.500332 0.500226 0.500159 0.500119 0.500096 0.500084 0.50008 0.500083 0.500094 0.500117 0.500157 0.500222 0.500321 0.500465 0.500667 0.500934 0.501274 0.501685 0.502161 0.50269 0.503251 
0.496781 0.497342 0.497867 0.49834 0.498748 0.499088 0.49936 0.499571 0.499728 0.499841 0.49992 0.499974 0.500009 0.500031 0.500046 0.500055 0.500062 0.50007 0.500083 0.500107 0.500152 0.500235 0.500382 0.500631 0.501036 0.501669 0.50262 0.503998 0.505927 0.50854 0.511968 0.516335 0.521741 0.528255 0.535898 0.544642 0.554397 0.565012 0.576281 0.587946 0.599715 0.611277 0.622328 0.632587 0.641815 0.649827 0.656494 0.661738 0.665518 0.667813 0.668612 0.667906 0.665684 0.661945 0.656711 0.650039 0.642033 0.632852 0.622704 0.611841 0.600543 0.5891 0.577796 0.566891 0.556609 0.547129 0.538577 0.531028 0.524508 0.518999 0.514447 0.51077 0.507869 0.505633 0.503951 0.502717 0.501834 0.501218 0.500799 0.500521 0.500342 0.500229 0.50016 0.50012 0.500097 0.500087 0.500087 0.500097 0.500119 0.500158 0.500222 0.500321 0.500466 0.500667 0.500935 0.501274 0.501685 0.502162 0.50269 0.503251 
0.496781 0.497342 0.497867 0.49834 0.498748 0.499088 0.49936 0.499571 0.499728 0.499841 0.49992 0.499974 0.500009 0.500032 0.500046 0.500057 0.500066 0.50008 0.500103 0.500148 0.500231 0.500382 0.500644 0.501079 0.501772 0.502834 0.504398 0.506623 0.509676 0.513732 0.518955 0.525485 0.533423 0.542818 0.553655 0.565851 0.579246 0.593611 0.608651 0.624023 0.639352 0.654254 0.668362 0.681347 0.692941 0.702941 0.711214 0.717684 0.722318 0.725104 0.726036 0.725102 0.722288 0.717585 0.711007 0.702607 0.692495 0.680843 0.667889 0.653927 0.639289 0.624332 0.609412 0.594868 0.581 0.568062 0.556245 0.545682 0.536439 0.528528 0.521905 0.516486 0.512155 0.508775 0.506203 0.504293 0.502911 0.501937 0.501267 0.500819 0.500527 0.500341 0.500227 0.500158 0.500119 0.500099 0.500094 0.5001 0.50012 0.500159 0.500223 0.500321 0.500466 0.500667 0.500935 0.501274 0.501685 0.502162 0.50269 0.503251 
0.496781 0.497342 0.497867 0.49834 0.498748 0.499088 0.49936 0.499571 0.499728 0.499841 0.49992 0.499974 0.500009 0.500032 0.500048 0.50006 0.500074 0.500097 0.500139 0.50022 0.500368 0.500631 0.501079 0.501808 0.502947 0.504659 0.507134 0.510585 0.515232 0.521288 0.528941 0.538331 0.54954 0.562571 0.577346 0.593699 0.611377 0.630053 0.649336 0.668791 0.687962 0.706398 0.723684 0.739459 0.753436 0.765413 0.775263 0.782927 0.788386 0.791641 0.792694 0.791534 0.788138 0.782487 0.774579 0.764455 0.752218 0.738041 0.722176 0.704943 0.686721 0.667921 0.648971 0.630288 0.61226 0.595227 0.579467 0.565189 0.552527 0.541539 0.532216 0.524485 0.518226 0.513279 0.509468 0.506604 0.504508 0.503014 0.501976 0.501274 0.500812 0.500516 0.500331 0.500219 0.500154 0.500119 0.500104 0.500106 0.500123 0.50016 0.500224 0.500322 0.500466 0.500667 0.500935 0.501274 0.501685 0.502162 0.50269 0.503251 
0.496781 0.497342 0.497867 0.49834 0.498748 0.499088 0.49936 0.499571 0.499728 0.499841 0.499921 0.499974 0.50001 0.500034 0.500051 0.500067 0.500089 0.500128 0.500202 0.500342 0.500595 0.501036 0.501772 0.502947 0.50475 0.507406 0.511173 0.516327 0.523136 0.531845 0.542644 0.555652 0.570895 0.588302 0.607697 0.628804 0.651258 0.674621 0.698402 0.722077 0.745124 0.767046 0.787396 0.805805 0.821992 0.835769 0.847036 0.855758 0.861941 0.865605 0.866762 0.865401 0.861493 0.855001 0.845901 0.834212 0.820012 0.80346 0.784802 0.764364 0.742548 0.719806 0.696621 0.673486 0.650875 0.629226 0.608917 0.590258 0.573474 0.558703 0.545994 0.53531 0.526542 0.519524 0.514048 0.509883 0.506799 0.504576 0.503015 0.501948 0.501239 0.500779 0.50049 0.500312 0.500207 0.500149 0.500121 0.500115 0.500128 0.500163 0.500225 0.500322 0.500466 0.500668 0.500935 0.501274 0.501685 0.502162 0.50269 0.503251 
0.496781 0.497342 0.497867 0.49834 0.498748 0.499088 0.49936 0.499571 0.499728 0.499841 0.499921 0.499975 0.500011 0.500036 0.500056 0.500078 0.500114 0.50018 0.500306 0.50054 0.500957 0.501669 0.502834 0.504659 0.507406 0.511377 0.516905 0.524326 0.533949 0.546027 0.560727 0.578107 0.598103 0.620529 0.64508 0.671346 0.698835 0.726996 0.755243 0.782986 0.809657 0.834738 0.857785 0.878446 0.896471 0.911711 0.924102 0.933649 0.940389 0.944367 0.945605 0.944096 0.939802 0.932664 0.922633 0.90969 0.893878 0.87532 0.85423 0.830917 0.805775 0.77927 0.751921 0.724276 0.696888 0.670292 0.644979 0.621379 0.599835 0.580595 0.5638 0.549482 0.537571 0.527908 0.520271 0.514392 0.509987 0.506773 0.504492 0.502917 0.501858 0.501166 0.500725 0.500452 0.500288 0.500195 0.500146 0.500128 0.500135 0.500166 0.500227 0.500323 0.500467 0.500668 0.500935 0.501274 0.501685 0.502162 0.50269 0.503251 
0.496781 0.497342 0.497868 0.49834 0.498748 0.499088 0.49936 0.499571 0.499728 0.499842 0.499921 0.499975 0.500012 0.500039 0.500064 0.500098 0.500156 0.500265 0.500472 0.50085 0.501512 0.50262 0.504398 0.507134 0.511173 0.516905 0.524737 0.535056 0.548191 0.564372 0.583703 0.606138 0.631482 0.659393 0.68941 0.720974 0.753462 0.786218 0.818586 0.849933 0.879683 0.907333 0.932475 0.954805 0.974129 0.990354 1.00347 1.01353 1.02061 1.02478 1.02607 1.02449 1.01998 1.01246 1.00186 0.988104 0.971192 0.951191 0.928259 0.902655 0.874735 0.844946 0.813807 0.781894 0.74982 0.718206 0.687656 0.658733 0.631923 0.607615 0.58608 0.567453 0.551739 0.538818 0.528472 0.520406 0.514288 0.509773 0.506532 0.50427 0.502732 0.501717 0.501063 0.500655 0.500407 0.500263 0.500184 0.500149 0.500146 0.500172 0.50023 0.500325 0.500468 0.500668 0.500935 0.501274 0.501685 0.502162 0.50269 0.503251 
0.496781 0.497342 0.497868 0.49834 0.498748 0.499088 0.49936 0.499571 0.499728 0.499842 0.499921 0.499976 0.500015 0.500046 0.500079 0.500129 0.500222 0.500399 0.500728 0.501318 0.502332 0.503998 0.506623 0.510585 0.516327 0.524326 0.535056 0.548935 0.566279 0.587256 0.611856 0.639885 0.67097 0.704586 0.740095 0.776785 0.813913 0.850743 0.886578 0.920787 0.952823 0.982236 1.00869 1.03196 1.05193 1.06858 1.08196 1.09218 1.09935 1.10357 1.10489 1.10331 1.09878 1.09119 1.08043 1.06639 1.049 1.02825 1.00424 0.977141 0.947235 0.91491 0.880649 0.845019 0.808659 0.772253 0.736509 0.702123 0.66974 0.639919 0.613093 0.589545 0.569392 0.552593 0.538959 0.528195 0.519927 0.513754 0.50927 0.506105 0.503932 0.502481 0.501538 0.500942 0.500577 0.50036 0.500239 0.500179 0.500162 0.500181 0.500234 0.500327 0.500469 0.500669 0.500935 0.501274 0.501685 0.502162 0.50269 0.503251 
0.496781 0.497342 0.497868 0.49834 0.498748 0.499088 0.49936 0.499571 0.499728 0.499842 0.499922 0.499978 0.500019 0.500056 0.500102 0.50018 0.500325 0.500601 0.501107 0.501999 0.503502 0.505927 0.509676 0.515232 0.523136 0.533949 0.548191 0.566279 0.588475 0.614832 0.64518 0.679127 0.71609 0.755339 0.796053 0.83738 0.878483 0.918582 0.956984 0.993099 1.02645 1.05669 1.08358 1.107 1.12691 1.1434 1.15657 1.16659 1.1736 1.17773 1.17904 1.17755 1.17319 1.16583 1.15534 1.14156 1.12434 1.10363 1.07939 1.05171 1.02077 0.986866 0.950394 0.911871 0.871919 0.831253 0.790657 0.750949 0.712938 0.677368 0.644867 0.615904 0.590752 0.569488 0.551995 0.538002 0.527118 0.518891 0.512847 0.508531 0.505535 0.503512 0.502185 0.501338 0.500813 0.500498 0.500317 0.500222 0.500186 0.500193 0.50024 0.50033 0.50047 0.500669 0.500936 0.501274 0.501685 0.502162 0.50269 0.503251 
0.496781 0.497342 0.497868 0.49834 0.498748 0.499088 0.49936 0.499571 0.499728 0.499842 0.499923 0.499981 0.500026 0.500072 0.500138 0.500256 0.50048 0.500898 0.501652 0.502957 0.505118 0.50854 0.513732 0.521288 0.531845 0.546027 0.564372 0.587256 0.614832 0.646989 0.683347 0.72328 0.765969 0.810473 0.855806 0.900999 0.945161 0.987516 1.02742 1.06437 1.09801 1.1281 1.15454 1.17733 1.19653 1.2123 1.22482 1.23431 1.24093 1.24485 1.24613 1.24479 1.24076 1.23391 1.22407 1.21104 1.19463 1.17467 1.15106 1.12375 1.09281 1.05839 1.02077 0.980378 0.937771 0.893648 0.848831 0.804236 0.76082 0.719518 0.681172 0.646467 0.615879 0.589643 0.567762 0.550022 0.536047 0.525351 0.517399 0.511654 0.507622 0.504871 0.503047 0.501871 0.501134 0.500686 0.500425 0.500283 0.500219 0.500211 0.500249 0.500335 0.500473 0.500671 0.500936 0.501275 0.501686 0.502162 0.50269 0.503251 
0.496781 0.497342 0.497868 0.49834 0.498748 0.499088 0.49936 0.499571 0.499729 0.499843 0.499925 0.499985 0.500037 0.500097 0.500193 0.500369 0.500702 0.501317 0.502409 0.504265 0.507279 0.511968 0.518955 0.528941 0.542644 0.560727 0.583703 0.611856 0.64518 0.683347 0.725726 0.771433 0.819407 0.868513 0.917621 0.965695 1.01184 1.05532 1.09561 1.13232 1.16524 1.19428 1.21948 1.24095 1.25887 1.27347 1.28499 1.29367 1.29973 1.30332 1.30454 1.3034 1.29983 1.2937 1.28481 1.27294 1.25785 1.23929 1.21706 1.191 1.16103 1.12715 1.08951 1.04838 1.00422 0.957648 0.909487 0.860708 0.812386 0.765635 0.721517 0.680954 0.644655 0.613063 0.586341 0.564381 0.546855 0.533271 0.523048 0.515577 0.510273 0.506616 0.504165 0.502569 0.501558 0.500938 0.50057 0.500365 0.500264 0.500235 0.500262 0.500342 0.500476 0.500672 0.500937 0.501275 0.501686 0.502162 0.50269 0.503251 
0.496781 0.497342 0.497868 0.49834 0.498748 0.499088 0.49936 0.499571 0.499729 0.499844 0.499928 0.499993 0.500054 0.500135 0.500272 0.50053 0.501014 0.501894 0.50343 0.505993 0.510084 0.516335 0.525485 0.538331 0.555652 0.578107 0.606138 0.639885 0.679127 0.72328 0.771433 0.822435 0.875001 0.927826 0.97969 1.02954 1.07651 1.12 1.15959 1.19507 1.2264 1.25363 1.27695 1.29658 1.3128 1.32589 1.33616 1.34386 1.34922 1.35242 1.35355 1.35263 1.34959 1.3443 1.33656 1.32613 1.31272 1.29604 1.27579 1.2517 1.22355 1.19119 1.15459 1.11386 1.06929 1.0214 0.970946 0.9189 0.866417 0.814756 0.765186 0.718872 0.676783 0.639603 0.607701 0.581121 0.559625 0.542751 0.529895 0.520388 0.513563 0.508805 0.505582 0.503462 0.502107 0.501266 0.500762 0.500474 0.500324 0.500268 0.50028 0.500351 0.500481 0.500674 0.500938 0.501276 0.501686 0.502162 0.50269 0.503251 
0.496781 0.497342 0.497868 0.49834 0.498748 0.499088 0.499361 0.499571 0.49973 0.499846 0.499932 0.500003 0.500078 0.500188 0.500383 0.500752 0.501436 0.502662 0.504764 0.508212 0.513621 0.521741 0.533423 0.54954 0.570895 0.598103 0.631482 0.67097 0.71609 0.765969 0.819407 0.875001 0.931267 0.986784 1.04029 1.09077 1.13748 1.17993 1.21789 1.25133 1.28037 1.30524 1.32623 1.34367 1.35792 1.36933 1.3782 1.38482 1.38943 1.3922 1.39321 1.3925 1.39002 1.38562 1.37912 1.37026 1.35874 1.34423 1.32635 1.30475 1.27907 1.24902 1.21438 1.17507 1.13121 1.08316 1.03155 0.977295 0.921581 0.865766 0.811291 0.759559 0.711801 0.668973 0.631687 0.600186 0.574367 0.553837 0.538003 0.526154 0.51755 0.511487 0.507338 0.50458 0.5028 0.501685 0.501008 0.500615 0.500403 0.500311 0.500303 0.500363 0.500487 0.500677 0.50094 0.501276 0.501686 0.502162 0.50269 0.503252 
0.496781 0.497342 0.497868 0.49834 0.498748 0.499088 0.499361 0.499572 0.499731 0.499848 0.499939 0.500018 0.500112 0.500262 0.500535 0.501049 0.501991 0.503654 0.506458 0.510981 0.517957 0.528255 0.542818 0.562571 0.588302 0.620529 0.659393 0.704586 0.755339 0.810473 0.868513 0.927826 0.986784 1.0439 1.09795 1.14799 1.19344 1.23398 1.26957 1.30037 1.32666 1.34881 1.36722 1.38232 1.39451 1.40417 1.41162 1.41715 1.421 1.42332 1.42421 1.4237 1.42174 1.41821 1.41293 1.40565 1.39607 1.38383 1.36851 1.34969 1.32691 1.29972 1.26775 1.23073 1.18857 1.14143 1.08978 1.03445 0.976545 0.917487 0.858845 0.802223 0.749112 0.700751 0.658027 0.621421 0.591011 0.566518 0.547391 0.53291 0.522275 0.514699 0.509462 0.505946 0.503655 0.502206 0.501317 0.500794 0.500504 0.500366 0.500332 0.500378 0.500495 0.500681 0.500942 0.501277 0.501687 0.502162 0.502691 0.503252 
0.496781 0.497342 0.497868 0.49834 0.498748 0.499088 0.499361 0.499572 0.499732 0.499852 0.499948 0.500039 0.500159 0.500361 0.500735 0.501434 0.5027 0.504899 0.50855 0.514343 0.523134 0.535898 0.553655 0.577346 0.607697 0.64508 0.68941 0.740095 0.796053 0.855806 0.917621 0.97969 1.04029 1.09795 1.15151 1.20018 1.24355 1.28151 1.31422 1.342 1.3653 1.38459 1.40038 1.41313 1.4233 1.43126 1.43735 1.44185 1.44497 1.44686 1.44762 1.44728 1.44579 1.44306 1.43891 1.43312 1.42539 1.41536 1.4026 1.38664 1.36694 1.34294 1.31411 1.28001 1.24035 1.19506 1.14443 1.08909 1.03008 0.968774 0.906828 0.846002 0.788023 0.734409 0.686342 0.644573 0.609404 0.580711 0.55803 0.540654 0.527752 0.518462 0.511974 0.507577 0.504685 0.502839 0.501696 0.501015 0.50063 0.500436 0.50037 0.500398 0.500505 0.500687 0.500944 0.501278 0.501687 0.502163 0.502691 0.503252 
0.496781 0.497342 0.497868 0.49834 0.498748 0.499088 0.499361 0.499573 0.499734 0.499857 0.49996 0.500067 0.500221 0.500489 0.500991 0.50192 0.503579 0.506418 0.511061 0.518316 0.529152 0.544642 0.565851 0.593699 0.628804 0.671346 0.720974 0.776785 0.83738 0.900999 0.965695 1.02954 1.09077 1.14799 1.20018 1.24672 1.28741 1.32236 1.35189 1.3765 1.39676 1.41323 1.42649 1.43703 1.44532 1.45173 1.45658 1.46014 1.46261 1.46411 1.46474 1.46453 1.46344 1.46139 1.45823 1.45376 1.4477 1.43972 1.42937 1.41617 1.39952 1.37881 1.35337 1.3226 1.286 1.24331 1.19457 1.14021 1.08112 1.01858 0.954258 0.890018 0.827784 0.769339 0.716162 0.669299 0.629309 0.596266 0.569828 0.54934 0.53396 0.522771 0.51488 0.509481 0.505898 0.503591 0.50215 0.501281 0.500782 0.500521 0.500416 0.500423 0.500518 0.500693 0.500947 0.50128 0.501688 0.502163 0.502691 0.503252 
0.496781 0.497342 0.497868 0.49834 0.498748 0.499088 0.499361 0.499574 0.499737 0.499864 0.499976 0.500104 0.5003 0.500651 0.501308 0.502512 0.504636 0.508219 0.513994 0.522885 0.535971 0.554397 0.579246 0.611377 0.651258 0.698835 0.753462 0.813913 0.878483 0.945161 1.01184 1.07651 1.13748 1.19344 1.24355 1.28741 1.32504 1.35674 1.38301 1.40447 1.4218 1.43562 1.44655 1.4551 1.46171 1.46676 1.47055 1.4733 1.4752 1.47636 1.47687 1.47675 1.47598 1.47449 1.47216 1.46881 1.46419 1.45799 1.4498 1.43913 1.42537 1.40785 1.38582 1.35855 1.32537 1.28579 1.23963 1.18709 1.12884 1.06602 1.00025 0.933425 0.867632 0.804884 0.746949 0.695178 0.650413 0.61296 0.582637 0.558874 0.540845 0.527597 0.518164 0.511653 0.507293 0.504462 0.502679 0.501595 0.500963 0.500623 0.500472 0.500452 0.500533 0.500701 0.500951 0.501282 0.501689 0.502164 0.502691 0.503252 
0.496781 0.497342 0.497868 0.49834 0.498748 0.499089 0.499362 0.499575 0.49974 0.499873 0.499996 0.50015 0.500397 0.500849 0.50169 0.503215 0.505872 0.510294 0.517326 0.528003 0.543499 0.565012 0.593611 0.630053 0.674621 0.726996 0.786218 0.850743 0.918582 0.987516 1.05532 1.12 1.17993 1.23398 1.28151 1.32236 1.35674 1.38514 1.40821 1.42669 1.44131 1.45276 1.46163 1.46844 1.47363 1.47753 1.48042 1.4825 1.48393 1.48481 1.48521 1.48516 1.48463 1.48358 1.4819 1.47945 1.47602 1.47133 1.46499 1.45654 1.44538 1.43082 1.41207 1.38827 1.35864 1.32248 1.27938 1.22929 1.17264 1.11039 1.04403 0.975448 0.906825 0.840371 0.778121 0.72173 0.672337 0.630507 0.59625 0.569112 0.548313 0.53288 0.521792 0.514071 0.508859 0.505448 0.503283 0.501955 0.501172 0.500741 0.500537 0.500488 0.500552 0.500711 0.500956 0.501284 0.50169 0.502164 0.502691 0.503252 
0.496781 0.497342 0.497868 0.49834 0.498749 0.499089 0.499363 0.499577 0.499745 0.499884 0.500022 0.500205 0.500514 0.501082 0.502134 0.504022 0.507273 0.512618 0.521008 0.533585 0.5516 0.576281 0.608651 0.649336 0.698402 0.755243 0.818586 0.886578 0.956984 1.02742 1.09561 1.15959 1.21789 1.26957 1.31422 1.35189 1.38301 1.40821 1.42829 1.44404 1.45625 1.46561 1.47272 1.47808 1.48209 1.48505 1.48722 1.48876 1.48981 1.49047 1.49078 1.49076 1.49041 1.48969 1.48852 1.48678 1.48429 1.48081 1.476 1.46943 1.46053 1.44861 1.43287 1.41239 1.38625 1.35362 1.31385 1.26664 1.21217 1.15118 1.08498 1.01541 0.944674 0.875139 0.809076 0.748432 0.69465 0.648565 0.610407 0.579866 0.556229 0.538531 0.525704 0.5167 0.510576 0.506536 0.503954 0.502357 0.501407 0.500875 0.500612 0.500528 0.500573 0.500722 0.500962 0.501287 0.501691 0.502165 0.502692 0.503252 
0.496781 0.497342 0.497868 0.49834 0.498749 0.499089 0.499363 0.499579 0.49975 0.499897 0.500052 0.50027 0.500648 0.501348 0.502634 0.504922 0.508815 0.515145 0.524963 0.539508 0.560091 0.587946 0.624023 0.668791 0.722077 0.782986 0.849933 0.920787 0.993099 1.06437 1.13232 1.19507 1.25133 1.30037 1.342 1.3765 1.40447 1.42669 1.44404 1.45738 1.4675 1.47509 1.48075 1.48492 1.48797 1.4902 1.49179 1.49292 1.49368 1.49416 1.49439 1.49439 1.49417 1.49369 1.49289 1.49168 1.48991 1.48738 1.48379 1.47876 1.47176 1.46213 1.44906 1.43161 1.40879 1.37961 1.34325 1.29916 1.24727 1.18806 1.12264 1.05274 0.980562 0.908562 0.839219 0.774748 0.716887 0.666753 0.624808 0.590907 0.56443 0.544434 0.529824 0.51949 0.512409 0.507707 0.504681 0.502796 0.501665 0.501023 0.500694 0.500573 0.500597 0.500734 0.500968 0.50129 0.501693 0.502165 0.502692 0.503252 
0.496781 0.497342 0.497868 0.49834 0.498749 0.499089 0.499364 0.499582 0.499757 0.499912 0.500086 0.500344 0.500798 0.501641 0.503181 0.505892 0.510462 0.517812 0.529092 0.545622 0.568757 0.599715 0.639352 0.687962 0.745124 0.809657 0.879683 0.952823 1.02645 1.09801 1.16524 1.2264 1.28037 1.32666 1.3653 1.39676 1.4218 1.44131 1.45625 1.4675 1.47585 1.48199 1.48645 1.48968 1.49199 1.49364 1.49481 1.49562 1.49616 1.4965 1.49667 1.49669 1.49655 1.49624 1.49571 1.49488 1.49365 1.49183 1.4892 1.48539 1.47994 1.47222 1.46146 1.44671 1.42692 1.401 1.36797 1.32706 1.27795 1.22087 1.1567 1.08701 1.01397 0.940079 0.867988 0.800149 0.738577 0.684669 0.639125 0.60198 0.572722 0.550449 0.534053 0.522374 0.514318 0.508935 0.505448 0.503262 0.501941 0.501181 0.500783 0.500622 0.500623 0.500748 0.500975 0.501294 0.501695 0.502166 0.502692 0.503252 
0.496781 0.497342 0.497868 0.49834 0.498749 0.49909 0.499366 0.499585 0.499764 0.499929 0.500123 0.500423 0.50096 0.501954 0.503757 0.506907 0.512165 0.520542 0.533277 0.551754 0.57736 0.611277 0.654254 0.706398 0.767046 0.834738 0.907333 0.982236 1.05669 1.1281 1.19428 1.25363 1.30524 1.34881 1.38459 1.41323 1.43562 1.45276 1.46561 1.47509 1.48199 1.48694 1.49047 1.49295 1.4947 1.49591 1.49676 1.49733 1.49772 1.49795 1.49807 1.4981 1.49801 1.49782 1.49747 1.49692 1.49607 1.49479 1.49287 1.49001 1.4858 1.47965 1.47083 1.4584 1.4413 1.41836 1.38846 1.35065 1.30436 1.24958 1.18696 1.1179 1.04447 0.969209 0.894877 0.824138 0.759262 0.701911 0.653022 0.612816 0.580899 0.556424 0.538285 0.525279 0.516254 0.510186 0.506235 0.503743 0.502227 0.501347 0.500877 0.500673 0.500651 0.500762 0.500982 0.501297 0.501696 0.502167 0.502693 0.503253 
0.496782 0.497342 0.497868 0.49834 0.498749 0.49909 0.499367 0.499588 0.499772 0.499947 0.500163 0.500507 0.501129 0.502276 0.504346 0.507932 0.51387 0.52325 0.537389 0.557726 0.585661 0.622328 0.668362 0.723684 0.787396 0.857785 0.932475 1.00869 1.08358 1.15454 1.21948 1.27695 1.32623 1.36722 1.40038 1.42649 1.44655 1.46163 1.47272 1.48075 1.48645 1.49047 1.49325 1.49517 1.49649 1.49739 1.49799 1.4984 1.49867 1.49883 1.49892 1.49894 1.49889 1.49877 1.49855 1.49818 1.49761 1.49671 1.49532 1.49319 1.48994 1.48505 1.47782 1.46735 1.45257 1.43227 1.40521 1.37029 1.32673 1.27428 1.21337 1.14522 1.07177 0.995569 0.91946 0.84628 0.778527 0.718104 0.666178 0.623151 0.588753 0.562203 0.542403 0.528125 0.518161 0.511427 0.507019 0.504225 0.502515 0.501515 0.500972 0.500726 0.500679 0.500777 0.50099 0.501301 0.501698 0.502168 0.502693 0.503253 
0.496782 0.497342 0.497868 0.49834 0.498749 0.499091 0.499368 0.499591 0.49978 0.499965 0.500204 0.500592 0.501297 0.502596 0.504925 0.508932 0.515519 0.52585 0.541303 0.563363 0.59343 0.632587 0.681347 0.739459 0.805805 0.878446 0.954805 1.03196 1.107 1.17733 1.24095 1.29658 1.34367 1.38232 1.41313 1.43703 1.4551 1.46844 1.47808 1.48492 1.48968 1.49295 1.49517 1.49667 1.49767 1.49833 1.49877 1.49906 1.49924 1.49936 1.49942 1.49943 1.49941 1.49933 1.49919 1.49895 1.49857 1.49794 1.49694 1.49534 1.49283 1.48892 1.48297 1.47412 1.46129 1.44326 1.4187 1.38639 1.34536 1.29515 1.23598 1.16887 1.09567 1.01888 0.941406 0.866219 0.796015 0.732917 0.678299 0.632739 0.596088 0.567635 0.546298 0.530832 0.519985 0.512621 0.507778 0.504694 0.502797 0.50168 0.501066 0.500778 0.500707 0.500792 0.500998 0.501305 0.5017 0.502169 0.502694 0.503253 
0.496782 0.497342 0.497868 0.49834 0.498749 0.499091 0.499369 0.499595 0.499788 0.499983 0.500243 0.500674 0.50146 0.502902 0.505474 0.509873 0.51706 0.528258 0.544903 0.568509 0.600472 0.641815 0.692941 0.753436 0.821992 0.896471 0.974129 1.05193 1.12691 1.19653 1.25887 1.3128 1.35792 1.39451 1.4233 1.44532 1.46171 1.47363 1.48209 1.48797 1.49199 1.4947 1.49649 1.49767 1.49843 1.49893 1.49925 1.49945 1.49958 1.49966 1.4997 1.49972 1.4997 1.49966 1.49957 1.49942 1.49915 1.49872 1.49799 1.49679 1.49482 1.49167 1.48673 1.47918 1.46796 1.45182 1.42941 1.39937 1.36059 1.31243 1.25491 1.18889 1.1161 1.03899 0.960486 0.883689 0.81145 0.746081 0.689143 0.641371 0.602733 0.572583 0.549867 0.533326 0.521676 0.513733 0.508489 0.505135 0.503064 0.501837 0.501156 0.500828 0.500735 0.500807 0.501005 0.501309 0.501702 0.50217 0.502694 0.503253 
