4.68651 4.68669 4.68693 4.68723 4.68759 4.688 4.68847 4.689 4.68959 4.69024 4.69095 4.69174 4.69259 4.69351 4.6945 4.69557 4.69671 4.69793 4.69923 4.7006 4.70205 4.70357 4.70516 4.70682 4.70855 4.71034 4.71218 4.71407 4.71599 4.71795 4.71993 4.72192 4.72391 4.72589 4.72785 4.72977 4.73165 4.73346 4.73521 4.73686 4.73843 4.73988 4.74122 4.74242 4.74349 4.74442 4.74519 4.7458 4.74625 4.74653 4.74664 4.74658 4.74635 4.74595 4.74539 4.74468 4.74381 4.74279 4.74164 4.74036 4.73896 4.73745 4.73585 4.73417 4.73241 4.7306 4.72874 4.72685 4.72494 4.72302 4.72111 4.71921 4.71733 4.71549 4.7137 4.71195 4.71027 4.70865 4.70711 4.70564 4.70425 4.70295 4.70173 4.7006 4.69955 4.6986 4.69773 4.69694 4.69624 4.69563 4.69509 4.69463 4.69424 4.69393 4.69369 4.69351 4.6934 4.69335 4.69337 4.69344 
4.68669 4.68688 4.68712 4.68742 4.68778 4.68819 4.68866 4.68919 4.68978 4.69044 4.69116 4.69195 4.6928 4.69373 4.69473 4.69581 4.69696 4.69819 4.69949 4.70088 4.70234 4.70387 4.70548 4.70716 4.7089 4.71071 4.71257 4.71447 4.71642 4.71839 4.72039 4.7224 4.72441 4.72641 4.72839 4.73033 4.73223 4.73406 4.73582 4.73749 4.73907 4.74054 4.74189 4.74311 4.74419 4.74512 4.7459 4.74652 4.74697 4.74725 4.74736 4.7473 4.74707 4.74667 4.74611 4.74538 4.7445 4.74347 4.74231 4.74102 4.7396 4.73808 4.73646 4.73476 4.73299 4.73116 4.72928 4.72738 4.72545 4.72351 4.72157 4.71965 4.71776 4.7159 4.71409 4.71233 4.71063 4.70899 4.70743 4.70595 4.70455 4.70323 4.702 4.70086 4.6998 4.69884 4.69796 4.69717 4.69646 4.69584 4.6953 4.69483 4.69444 4.69413 4.69388 4.69371 4.69359 4.69354 4.69355 4.69363 
4.68693 4.68712 4.68737 4.68767 4.68803 4.68845 4.68893 4.68947 4.69008 4.69074 4.69148 4.69229 4.69316 4.69411 4.69514 4.69624 4.69742 4.69868 4.70002 4.70144 4.70294 4.70451 4.70616 4.70788 4.70967 4.71152 4.71343 4.71539 4.71738 4.71941 4.72146 4.72352 4.72559 4.72764 4.72967 4.73166 4.7336 4.73548 4.73729 4.739 4.74062 4.74213 4.74351 4.74476 4.74587 4.74682 4.74762 4.74825 4.74871 4.749 4.74911 4.74905 4.74881 4.7484 4.74782 4.74707 4.74617 4.74512 4.74392 4.74259 4.74114 4.73958 4.73792 4.73618 4.73436 4.73248 4.73055 4.72859 4.72661 4.72462 4.72264 4.72067 4.71872 4.71681 4.71495 4.71314 4.71139 4.70972 4.70811 4.70659 4.70515 4.70379 4.70253 4.70135 4.70027 4.69928 4.69837 4.69756 4.69683 4.69618 4.69562 4.69514 4.69474 4.69441 4.69416 4.69397 4.69385 4.69379 4.6938 4.69387 
4.68723 4.68742 4.68767 4.68798 4.68835 4.68878 4.68927 4.68983 4.69046 4.69115 4.69191 4.69275 4.69366 4.69465 4.69571 4.69686 4.69809 4.6994 4.7008 4.70228 4.70384 4.70548 4.7072 4.709 4.71086 4.71279 4.71478 4.71681 4.71889 4.72101 4.72314 4.72529 4.72744 4.72957 4.73168 4.73376 4.73578 4.73773 4.73961 4.7414 4.74308 4.74464 4.74608 4.74738 4.74853 4.74952 4.75034 4.751 4.75148 4.75177 4.75189 4.75182 4.75157 4.75114 4.75054 4.74976 4.74882 4.74772 4.74648 4.74509 4.74358 4.74196 4.74023 4.73841 4.73652 4.73456 4.73255 4.73051 4.72845 4.72637 4.7243 4.72225 4.72022 4.71823 4.71629 4.7144 4.71258 4.71083 4.70915 4.70756 4.70605 4.70464 4.70331 4.70208 4.70095 4.69991 4.69896 4.6981 4.69734 4.69666 4.69607 4.69556 4.69513 4.69478 4.69451 4.6943 4.69417 4.69411 4.69411 4.69417 
4.68759 4.68778 4.68803 4.68835 4.68873 4.68918 4.6897 4.69028 4.69094 4.69166 4.69246 4.69334 4.6943 4.69534 4.69647 4.69768 4.69898 4.70036 4.70184 4.7034 4.70505 4.70679 4.7086 4.7105 4.71247 4.71451 4.71661 4.71876 4.72095 4.72318 4.72544 4.7277 4.72997 4.73222 4.73445 4.73663 4.73876 4.74082 4.74279 4.74467 4.74644 4.74809 4.7496 4.75097 4.75217 4.75321 4.75408 4.75477 4.75527 4.75558 4.7557 4.75562 4.75536 4.7549 4.75426 4.75344 4.75245 4.75129 4.74998 4.74852 4.74693 4.74521 4.74339 4.74147 4.73948 4.73741 4.73529 4.73314 4.73096 4.72877 4.72658 4.72441 4.72227 4.72016 4.71811 4.71611 4.71418 4.71233 4.71055 4.70886 4.70727 4.70576 4.70436 4.70305 4.70184 4.70073 4.69972 4.69881 4.69799 4.69726 4.69663 4.69608 4.69562 4.69524 4.69494 4.69471 4.69456 4.69448 4.69447 4.69453 
4.688 4.68819 4.68845 4.68878 4.68918 4.68965 4.69019 4.69081 4.69151 4.69228 4.69313 4.69407 4.69509 4.6962 4.6974 4.69869 4.70008 4.70156 4.70314 4.70481 4.70658 4.70843 4.71037 4.7124 4.71451 4.71668 4.71893 4.72122 4.72357 4.72595 4.72836 4.73077 4.73319 4.73559 4.73796 4.74028 4.74255 4.74474 4.74685 4.74885 4.75073 4.75248 4.75408 4.75553 4.75681 4.75792 4.75884 4.75956 4.76009 4.76042 4.76054 4.76046 4.76018 4.75969 4.75901 4.75813 4.75707 4.75584 4.75443 4.75288 4.75118 4.74935 4.74741 4.74537 4.74323 4.74103 4.73877 4.73647 4.73415 4.73181 4.72947 4.72715 4.72486 4.72261 4.72041 4.71827 4.71621 4.71422 4.71232 4.71051 4.70879 4.70718 4.70567 4.70426 4.70296 4.70176 4.70067 4.69968 4.69879 4.698 4.69731 4.69671 4.6962 4.69578 4.69545 4.69519 4.69502 4.69492 4.6949 4.69494 
4.68847 4.68866 4.68893 4.68927 4.6897 4.69019 4.69077 4.69143 4.69217 4.693 4.69392 4.69492 4.69602 4.69722 4.69852 4.69991 4.70141 4.70301 4.70471 4.70651 4.70842 4.71042 4.71252 4.71471 4.71698 4.71933 4.72174 4.72422 4.72675 4.72931 4.7319 4.7345 4.7371 4.73968 4.74223 4.74473 4.74716 4.74951 4.75177 4.75392 4.75593 4.75781 4.75953 4.76108 4.76245 4.76363 4.76461 4.76539 4.76595 4.7663 4.76643 4.76634 4.76603 4.7655 4.76477 4.76382 4.76268 4.76135 4.75985 4.75818 4.75635 4.75438 4.75229 4.7501 4.7478 4.74543 4.743 4.74052 4.73802 4.7355 4.73298 4.73048 4.72801 4.72558 4.72321 4.7209 4.71866 4.71651 4.71445 4.71249 4.71063 4.70888 4.70724 4.70571 4.70429 4.70298 4.70179 4.70071 4.69974 4.69887 4.69811 4.69745 4.69688 4.69641 4.69604 4.69575 4.69554 4.69542 4.69538 4.69542 
4.689 4.68919 4.68947 4.68983 4.69028 4.69081 4.69143 4.69214 4.69294 4.69383 4.69483 4.69592 4.69711 4.69841 4.69982 4.70133 4.70296 4.7047 4.70655 4.70851 4.71058 4.71276 4.71504 4.71742 4.71989 4.72244 4.72506 4.72775 4.73049 4.73327 4.73608 4.7389 4.74171 4.7445 4.74726 4.74996 4.75259 4.75514 4.75757 4.75989 4.76207 4.76409 4.76594 4.76762 4.76909 4.77036 4.77142 4.77225 4.77286 4.77323 4.77336 4.77326 4.77292 4.77235 4.77155 4.77053 4.76929 4.76785 4.76622 4.76441 4.76244 4.76031 4.75805 4.75567 4.75319 4.75062 4.74798 4.7453 4.74258 4.73985 4.73712 4.7344 4.73172 4.72908 4.7265 4.72398 4.72155 4.71921 4.71696 4.71482 4.71279 4.71088 4.70908 4.7074 4.70585 4.70442 4.7031 4.70191 4.70084 4.69988 4.69903 4.69829 4.69766 4.69714 4.69671 4.69638 4.69614 4.69599 4.69593 4.69595 
4.68959 4.68978 4.69008 4.69046 4.69094 4.69151 4.69217 4.69294 4.69381 4.69478 4.69586 4.69705 4.69835 4.69977 4.7013 4.70296 4.70474 4.70664 4.70867 4.71081 4.71308 4.71546 4.71795 4.72055 4.72324 4.72603 4.72889 4.73183 4.73481 4.73784 4.7409 4.74397 4.74703 4.75007 4.75306 4.756 4.75886 4.76162 4.76426 4.76678 4.76914 4.77133 4.77333 4.77514 4.77674 4.77812 4.77926 4.78016 4.78081 4.7812 4.78134 4.78123 4.78086 4.78023 4.77936 4.77825 4.77691 4.77534 4.77357 4.7716 4.76945 4.76714 4.76468 4.76209 4.75939 4.75659 4.75373 4.7508 4.74784 4.74486 4.74189 4.73892 4.73599 4.73311 4.73029 4.72754 4.72488 4.72232 4.71986 4.71751 4.71528 4.71318 4.7112 4.70935 4.70764 4.70606 4.7046 4.70328 4.70209 4.70102 4.70008 4.69926 4.69855 4.69795 4.69746 4.69708 4.6968 4.69662 4.69654 4.69655 
4.69024 4.69044 4.69074 4.69115 4.69166 4.69228 4.693 4.69383 4.69478 4.69584 4.69702 4.69832 4.69975 4.7013 4.70299 4.70481 4.70676 4.70885 4.71107 4.71342 4.71591 4.71852 4.72125 4.7241 4.72706 4.73011 4.73324 4.73645 4.73972 4.74303 4.74637 4.74972 4.75306 4.75638 4.75964 4.76285 4.76596 4.76896 4.77184 4.77458 4.77714 4.77952 4.7817 4.78367 4.7854 4.78689 4.78813 4.7891 4.7898 4.79023 4.79038 4.79025 4.78984 4.78915 4.7882 4.78699 4.78552 4.78382 4.78188 4.77974 4.7774 4.77487 4.77219 4.76936 4.76642 4.76337 4.76023 4.75704 4.75381 4.75055 4.74729 4.74405 4.74084 4.73768 4.73459 4.73158 4.72865 4.72584 4.72313 4.72055 4.7181 4.71578 4.7136 4.71156 4.70966 4.70791 4.7063 4.70483 4.7035 4.70231 4.70126 4.70033 4.69954 4.69886 4.69831 4.69787 4.69754 4.69732 4.69721 4.69721 
4.69095 4.69116 4.69148 4.69191 4.69246 4.69313 4.69392 4.69483 4.69586 4.69702 4.69831 4.69974 4.70131 4.70302 4.70487 4.70687 4.70902 4.71132 4.71376 4.71635 4.71908 4.72195 4.72496 4.72808 4.73133 4.73467 4.73811 4.74163 4.74521 4.74884 4.75249 4.75616 4.75981 4.76344 4.76701 4.7705 4.7739 4.77718 4.78031 4.78329 4.78609 4.78868 4.79105 4.79319 4.79507 4.79669 4.79803 4.79909 4.79985 4.80031 4.80046 4.80031 4.79986 4.79912 4.79807 4.79675 4.79515 4.79328 4.79117 4.78883 4.78627 4.78351 4.78058 4.77749 4.77427 4.77094 4.76751 4.76402 4.76048 4.75691 4.75334 4.74979 4.74627 4.7428 4.7394 4.73609 4.73288 4.72978 4.7268 4.72396 4.72125 4.71869 4.71628 4.71402 4.71192 4.70998 4.70819 4.70656 4.70508 4.70375 4.70257 4.70153 4.70063 4.69987 4.69924 4.69873 4.69835 4.6981 4.69796 4.69793 
4.69174 4.69195 4.69229 4.69275 4.69334 4.69407 4.69492 4.69592 4.69705 4.69832 4.69974 4.70131 4.70304 4.70492 4.70696 4.70916 4.71153 4.71405 4.71674 4.71959 4.7226 4.72576 4.72906 4.7325 4.73606 4.73974 4.74351 4.74737 4.7513 4.75527 4.75928 4.76329 4.76729 4.77125 4.77515 4.77897 4.78268 4.78625 4.78968 4.79292 4.79597 4.79879 4.80138 4.8037 4.80575 4.80751 4.80897 4.81011 4.81093 4.81143 4.81159 4.81143 4.81093 4.81011 4.80897 4.80752 4.80577 4.80373 4.80143 4.79887 4.79607 4.79306 4.78986 4.78648 4.78296 4.77931 4.77556 4.77173 4.76786 4.76395 4.76003 4.75614 4.75227 4.74847 4.74474 4.7411 4.73756 4.73415 4.73087 4.72773 4.72474 4.72191 4.71925 4.71675 4.71442 4.71227 4.71028 4.70847 4.70682 4.70533 4.70401 4.70285 4.70184 4.70098 4.70026 4.69968 4.69925 4.69894 4.69877 4.69873 
4.69259 4.6928 4.69316 4.69366 4.6943 4.69509 4.69602 4.69711 4.69835 4.69975 4.70131 4.70304 4.70493 4.707 4.70925 4.71168 4.71428 4.71706 4.72003 4.72316 4.72647 4.72995 4.73357 4.73735 4.74126 4.7453 4.74944 4.75367 4.75798 4.76233 4.76672 4.77111 4.77548 4.77981 4.78407 4.78824 4.79229 4.7962 4.79993 4.80347 4.80678 4.80986 4.81267 4.8152 4.81743 4.81934 4.82092 4.82216 4.82305 4.82359 4.82376 4.82358 4.82303 4.82213 4.82088 4.8193 4.81739 4.81516 4.81264 4.80985 4.8068 4.80351 4.80001 4.79632 4.79247 4.78848 4.78438 4.78019 4.77594 4.77166 4.76738 4.7631 4.75886 4.75469 4.75059 4.74659 4.7427 4.73894 4.73533 4.73187 4.72858 4.72546 4.72251 4.71975 4.71717 4.71478 4.71258 4.71056 4.70872 4.70707 4.70559 4.70429 4.70316 4.70219 4.70137 4.70072 4.70022 4.69986 4.69965 4.69959 
4.69351 4.69373 4.69411 4.69465 4.69534 4.6962 4.69722 4.69841 4.69977 4.7013 4.70302 4.70492 4.707 4.70928 4.71175 4.71442 4.71729 4.72035 4.72361 4.72706 4.7307 4.73451 4.7385 4.74265 4.74694 4.75137 4.75591 4.76054 4.76526 4.77002 4.77482 4.77962 4.7844 4.78912 4.79378 4.79833 4.80274 4.807 4.81106 4.81491 4.81852 4.82187 4.82493 4.82767 4.83009 4.83217 4.83389 4.83523 4.83619 4.83677 4.83695 4.83675 4.83615 4.83516 4.8338 4.83207 4.82999 4.82756 4.82482 4.82177 4.81844 4.81485 4.81103 4.807 4.8028 4.79844 4.79396 4.78938 4.78474 4.78006 4.77536 4.77068 4.76604 4.76146 4.75696 4.75257 4.7483 4.74417 4.7402 4.73639 4.73276 4.72932 4.72607 4.72302 4.72017 4.71752 4.71508 4.71284 4.7108 4.70896 4.70732 4.70586 4.70459 4.7035 4.70259 4.70184 4.70127 4.70086 4.70061 4.70052 
4.6945 4.69473 4.69514 4.69571 4.69647 4.6974 4.69852 4.69982 4.7013 4.70299 4.70487 4.70696 4.70925 4.71175 4.71447 4.71741 4.72056 4.72392 4.7275 4.73129 4.73528 4.73947 4.74384 4.74839 4.75309 4.75794 4.7629 4.76798 4.77313 4.77834 4.78357 4.78881 4.79402 4.79918 4.80425 4.8092 4.81401 4.81864 4.82306 4.82725 4.83117 4.83481 4.83813 4.84111 4.84373 4.84598 4.84784 4.8493 4.85034 4.85096 4.85115 4.85092 4.85027 4.84919 4.84771 4.84582 4.84355 4.84091 4.83792 4.8346 4.83098 4.82707 4.82291 4.81852 4.81394 4.80919 4.8043 4.7993 4.79424 4.78912 4.78399 4.77887 4.77379 4.76878 4.76386 4.75904 4.75436 4.74983 4.74547 4.74128 4.73729 4.7335 4.72992 4.72656 4.72341 4.72049 4.71779 4.71531 4.71305 4.71101 4.70918 4.70756 4.70614 4.70492 4.70389 4.70306 4.70241 4.70194 4.70164 4.70153 
4.69557 4.69581 4.69624 4.69686 4.69768 4.69869 4.69991 4.70133 4.70296 4.70481 4.70687 4.70916 4.71168 4.71442 4.71741 4.72063 4.72408 4.72777 4.7317 4.73585 4.74022 4.74481 4.74959 4.75456 4.75971 4.765 4.77043 4.77597 4.78159 4.78727 4.79297 4.79868 4.80436 4.80997 4.81548 4.82087 4.82609 4.83111 4.83591 4.84046 4.84471 4.84865 4.85225 4.85548 4.85832 4.86075 4.86276 4.86433 4.86546 4.86612 4.86633 4.86607 4.86536 4.86419 4.86258 4.86053 4.85806 4.85519 4.85194 4.84834 4.8444 4.84015 4.83563 4.83086 4.82587 4.8207 4.81538 4.80994 4.80442 4.79885 4.79325 4.78767 4.78212 4.77665 4.77127 4.766 4.76088 4.75592 4.75114 4.74655 4.74217 4.73801 4.73407 4.73037 4.72691 4.72369 4.72071 4.71797 4.71547 4.71321 4.71118 4.70938 4.7078 4.70645 4.7053 4.70436 4.70363 4.70309 4.70275 4.70261 
4.69671 4.69696 4.69742 4.69809 4.69898 4.70008 4.70141 4.70296 4.70474 4.70676 4.70902 4.71153 4.71428 4.71729 4.72056 4.72408 4.72786 4.7319 4.7362 4.74074 4.74552 4.75053 4.75575 4.76118 4.76679 4.77257 4.77848 4.78451 4.79063 4.79681 4.80301 4.80921 4.81538 4.82147 4.82745 4.83329 4.83895 4.8444 4.84959 4.85451 4.85911 4.86337 4.86726 4.87075 4.87382 4.87645 4.87862 4.88031 4.88152 4.88224 4.88245 4.88217 4.88139 4.88013 4.87838 4.87616 4.87348 4.87038 4.86686 4.86295 4.85868 4.85407 4.84917 4.84399 4.83858 4.83297 4.82719 4.82129 4.81528 4.80922 4.80314 4.79706 4.79102 4.78505 4.77918 4.77344 4.76785 4.76243 4.7572 4.75218 4.74739 4.74283 4.73852 4.73446 4.73066 4.72712 4.72384 4.72082 4.71807 4.71557 4.71333 4.71134 4.70959 4.70808 4.70681 4.70576 4.70493 4.70433 4.70394 4.70377 
4.69793 4.69819 4.69868 4.6994 4.70036 4.70156 4.70301 4.7047 4.70664 4.70885 4.71132 4.71405 4.71706 4.72035 4.72392 4.72777 4.7319 4.73631 4.741 4.74595 4.75116 4.75662 4.76232 4.76823 4.77433 4.78061 4.78704 4.79359 4.80023 4.80694 4.81367 4.82039 4.82707 4.83366 4.84014 4.84645 4.85257 4.85846 4.86407 4.86938 4.87435 4.87895 4.88314 4.8869 4.89021 4.89304 4.89537 4.89719 4.89849 4.89926 4.89949 4.89918 4.89833 4.89696 4.89507 4.89267 4.88978 4.88642 4.88262 4.87839 4.87378 4.8688 4.8635 4.8579 4.85204 4.84597 4.83971 4.83331 4.8268 4.82023 4.81362 4.80702 4.80046 4.79398 4.7876 4.78135 4.77526 4.76936 4.76366 4.75818 4.75295 4.74797 4.74325 4.73881 4.73465 4.73077 4.72718 4.72387 4.72084 4.71809 4.71563 4.71343 4.7115 4.70983 4.70841 4.70725 4.70633 4.70565 4.70521 4.705 
4.69923 4.69949 4.70002 4.7008 4.70184 4.70314 4.70471 4.70655 4.70867 4.71107 4.71376 4.71674 4.72003 4.72361 4.7275 4.7317 4.7362 4.741 4.7461 4.75149 4.75716 4.76309 4.76927 4.77569 4.78232 4.78913 4.7961 4.80319 4.81039 4.81764 4.82492 4.83219 4.8394 4.84652 4.85351 4.86032 4.86692 4.87327 4.87932 4.88503 4.89038 4.89532 4.89983 4.90388 4.90743 4.91047 4.91297 4.91493 4.91632 4.91714 4.91738 4.91705 4.91613 4.91465 4.91261 4.91003 4.90691 4.9033 4.8992 4.89464 4.88967 4.8843 4.87858 4.87254 4.86622 4.85966 4.8529 4.84598 4.83895 4.83184 4.82469 4.81755 4.81044 4.80341 4.79649 4.78971 4.7831 4.77669 4.77049 4.76454 4.75884 4.75341 4.74828 4.74343 4.73889 4.73465 4.73072 4.7271 4.72378 4.72077 4.71806 4.71565 4.71352 4.71168 4.71012 4.70883 4.70781 4.70705 4.70655 4.70631 
4.7006 4.70088 4.70144 4.70228 4.7034 4.70481 4.70651 4.70851 4.71081 4.71342 4.71635 4.71959 4.72316 4.72706 4.73129 4.73585 4.74074 4.74595 4.75149 4.75733 4.76348 4.76991 4.77661 4.78356 4.79073 4.7981 4.80563 4.8133 4.82106 4.82889 4.83674 4.84458 4.85235 4.86002 4.86754 4.87487 4.88196 4.88878 4.89528 4.90142 4.90715 4.91246 4.91729 4.92163 4.92544 4.92869 4.93138 4.93347 4.93496 4.93583 4.93608 4.93572 4.93474 4.93314 4.93095 4.92817 4.92483 4.92094 4.91654 4.91164 4.9063 4.90053 4.89437 4.88788 4.88108 4.87402 4.86674 4.85928 4.8517 4.84403 4.83632 4.82861 4.82093 4.81334 4.80585 4.79852 4.79136 4.78441 4.7777 4.77124 4.76505 4.75916 4.75358 4.74831 4.74336 4.73874 4.73446 4.73051 4.72689 4.7236 4.72064 4.71799 4.71566 4.71364 4.71192 4.7105 4.70937 4.70853 4.70798 4.7077 
4.70205 4.70234 4.70294 4.70384 4.70505 4.70658 4.70842 4.71058 4.71308 4.71591 4.71908 4.7226 4.72647 4.7307 4.73528 4.74022 4.74552 4.75116 4.75716 4.76348 4.77013 4.77708 4.78432 4.79182 4.79955 4.8075 4.81562 4.82388 4.83224 4.84066 4.8491 4.85752 4.86587 4.87411 4.88218 4.89004 4.89765 4.90495 4.91191 4.91848 4.92462 4.9303 4.93547 4.9401 4.94417 4.94765 4.95052 4.95275 4.95433 4.95526 4.95553 4.95514 4.95408 4.95237 4.95002 4.94705 4.94347 4.93931 4.93459 4.92935 4.92362 4.91743 4.91083 4.90387 4.89657 4.88899 4.88117 4.87317 4.86502 4.85677 4.84848 4.84017 4.83191 4.82372 4.81565 4.80774 4.80001 4.79251 4.78525 4.77827 4.77158 4.7652 4.75914 4.75343 4.74807 4.74305 4.7384 4.7341 4.73016 4.72658 4.72335 4.72046 4.71792 4.71571 4.71383 4.71227 4.71103 4.7101 4.70948 4.70916 
4.70357 4.70387 4.70451 4.70548 4.70679 4.70843 4.71042 4.71276 4.71546 4.71852 4.72195 4.72576 4.72995 4.73451 4.73947 4.74481 4.75053 4.75662 4.76309 4.76991 4.77708 4.78457 4.79236 4.80044 4.80876 4.8173 4.82603 4.8349 4.84387 4.85291 4.86197 4.87099 4.87993 4.88874 4.89738 4.90579 4.91392 4.92173 4.92916 4.93617 4.94273 4.94878 4.9543 4.95924 4.96357 4.96728 4.97033 4.9727 4.97439 4.97538 4.97566 4.97523 4.9741 4.97228 4.96977 4.96659 4.96277 4.95832 4.95329 4.94769 4.94157 4.93496 4.92791 4.92045 4.91265 4.90454 4.89617 4.88759 4.87886 4.87002 4.86112 4.85221 4.84334 4.83454 4.82587 4.81736 4.80904 4.80096 4.79314 4.78561 4.77839 4.7715 4.76497 4.75879 4.75299 4.74756 4.74252 4.73787 4.73359 4.7297 4.72619 4.72305 4.72028 4.71788 4.71582 4.71412 4.71276 4.71174 4.71106 4.7107 
4.70516 4.70548 4.70616 4.7072 4.7086 4.71037 4.71252 4.71504 4.71795 4.72125 4.72496 4.72906 4.73357 4.7385 4.74384 4.74959 4.75575 4.76232 4.76927 4.77661 4.78432 4.79236 4.80073 4.8094 4.81833 4.82748 4.83683 4.84633 4.85594 4.86561 4.87528 4.88492 4.89448 4.90388 4.9131 4.92206 4.93073 4.93904 4.94696 4.95443 4.9614 4.96784 4.9737 4.97895 4.98356 4.9875 4.99073 4.99325 4.99504 4.99609 4.99638 4.99593 4.99472 4.99278 4.99011 4.98673 4.98266 4.97793 4.97256 4.9666 4.96008 4.95304 4.94552 4.93758 4.92926 4.9206 4.91167 4.90251 4.89318 4.88373 4.87421 4.86468 4.85518 4.84576 4.83646 4.82733 4.81841 4.80974 4.80134 4.79324 4.78548 4.77807 4.77103 4.76438 4.75812 4.75226 4.74682 4.74179 4.73717 4.73296 4.72916 4.72576 4.72276 4.72014 4.71791 4.71606 4.71458 4.71346 4.71271 4.71231 
4.70682 4.70716 4.70788 4.709 4.7105 4.7124 4.71471 4.71742 4.72055 4.7241 4.72808 4.7325 4.73735 4.74265 4.74839 4.75456 4.76118 4.76823 4.77569 4.78356 4.79182 4.80044 4.8094 4.81867 4.82822 4.83801 4.84799 4.85814 4.86839 4.8787 4.88901 4.89928 4.90945 4.91947 4.92927 4.9388 4.94801 4.95684 4.96524 4.97317 4.98057 4.9874 4.99361 4.99918 5.00406 5.00822 5.01165 5.01432 5.01621 5.01732 5.01763 5.01714 5.01586 5.0138 5.01096 5.00737 5.00306 4.99804 4.99234 4.98602 4.97909 4.97161 4.96363 4.95518 4.94633 4.93712 4.92762 4.91787 4.90793 4.89786 4.88771 4.87754 4.8674 4.85733 4.8474 4.83764 4.8281 4.81881 4.80982 4.80114 4.79282 4.78487 4.77731 4.77016 4.76344 4.75714 4.75129 4.74587 4.74089 4.73635 4.73225 4.72858 4.72533 4.7225 4.72009 4.71808 4.71647 4.71525 4.71443 4.71399 
4.70855 4.7089 4.70967 4.71086 4.71247 4.71451 4.71698 4.71989 4.72324 4.72706 4.73133 4.73606 4.74126 4.74694 4.75309 4.75971 4.76679 4.77433 4.78232 4.79073 4.79955 4.80876 4.81833 4.82822 4.8384 4.84883 4.85947 4.87027 4.88117 4.89214 4.9031 4.91401 4.9248 4.93543 4.94582 4.95593 4.96569 4.97504 4.98394 4.99232 5.00015 5.00737 5.01394 5.01982 5.02498 5.02938 5.033 5.03582 5.03781 5.03897 5.0393 5.03878 5.03742 5.03524 5.03224 5.02845 5.02388 5.01857 5.01255 5.00585 4.99852 4.9906 4.98214 4.97319 4.9638 4.95404 4.94395 4.9336 4.92304 4.91234 4.90155 4.89074 4.87994 4.86923 4.85865 4.84825 4.83807 4.82816 4.81855 4.80929 4.80039 4.79188 4.78379 4.77614 4.76893 4.76218 4.7559 4.75008 4.74474 4.73986 4.73544 4.73149 4.72799 4.72495 4.72234 4.72017 4.71843 4.71711 4.71622 4.71574 
4.71034 4.71071 4.71152 4.71279 4.71451 4.71668 4.71933 4.72244 4.72603 4.73011 4.73467 4.73974 4.7453 4.75137 4.75794 4.765 4.77257 4.78061 4.78913 4.7981 4.8075 4.8173 4.82748 4.83801 4.84883 4.85992 4.87121 4.88267 4.89424 4.90587 4.91748 4.92904 4.94047 4.95171 4.9627 4.97338 4.98369 4.99357 5.00296 5.01181 5.02007 5.02768 5.0346 5.0408 5.04623 5.05087 5.05468 5.05764 5.05974 5.06096 5.0613 5.06075 5.05932 5.05702 5.05386 5.04986 5.04504 5.03944 5.03308 5.02601 5.01828 5.00991 5.00098 4.99152 4.9816 4.97127 4.9606 4.94965 4.93847 4.92713 4.91569 4.90422 4.89277 4.88139 4.87015 4.8591 4.84828 4.83773 4.82751 4.81763 4.80815 4.79908 4.79045 4.78228 4.77458 4.76737 4.76065 4.75442 4.7487 4.74347 4.73874 4.7345 4.73074 4.72747 4.72467 4.72233 4.72046 4.71903 4.71806 4.71754 
4.71218 4.71257 4.71343 4.71478 4.71661 4.71893 4.72174 4.72506 4.72889 4.73324 4.73811 4.74351 4.74944 4.75591 4.7629 4.77043 4.77848 4.78704 4.7961 4.80563 4.81562 4.82603 4.83683 4.84799 4.85947 4.87121 4.88318 4.89531 4.90754 4.91983 4.93211 4.94431 4.95637 4.96823 4.97982 4.99108 5.00194 5.01234 5.02223 5.03154 5.04022 5.04823 5.05551 5.06202 5.06773 5.07259 5.07659 5.07971 5.08191 5.08319 5.08354 5.08296 5.08146 5.07904 5.07571 5.07151 5.06644 5.06055 5.05386 5.04643 5.03828 5.02948 5.02006 5.0101 4.99964 4.98876 4.9775 4.96594 4.95413 4.94216 4.93007 4.91794 4.90582 4.89378 4.88187 4.87016 4.85868 4.8475 4.83664 4.82616 4.81608 4.80644 4.79726 4.78856 4.78036 4.77267 4.76551 4.75887 4.75276 4.74717 4.74212 4.73758 4.73357 4.73006 4.72706 4.72455 4.72254 4.72101 4.71997 4.7194 
4.71407 4.71447 4.71539 4.71681 4.71876 4.72122 4.72422 4.72775 4.73183 4.73645 4.74163 4.74737 4.75367 4.76054 4.76798 4.77597 4.78451 4.79359 4.80319 4.8133 4.82388 4.8349 4.84633 4.85814 4.87027 4.88267 4.89531 4.9081 4.92101 4.93397 4.9469 4.95975 4.97245 4.98492 4.99711 5.00894 5.02035 5.03128 5.04165 5.05142 5.06053 5.06892 5.07655 5.08338 5.08936 5.09446 5.09864 5.1019 5.10421 5.10555 5.10591 5.10531 5.10373 5.10119 5.0977 5.09329 5.08798 5.0818 5.07479 5.06699 5.05844 5.0492 5.03931 5.02885 5.01786 5.00641 4.99456 4.9824 4.96997 4.95735 4.94461 4.93182 4.91904 4.90633 4.89375 4.88137 4.86924 4.85741 4.84592 4.83482 4.82415 4.81392 4.80419 4.79496 4.78625 4.77808 4.77047 4.7634 4.7569 4.75096 4.74557 4.74074 4.73646 4.73271 4.72951 4.72683 4.72468 4.72304 4.72192 4.72131 
4.71599 4.71642 4.71738 4.71889 4.72095 4.72357 4.72675 4.73049 4.73481 4.73972 4.74521 4.7513 4.75798 4.76526 4.77313 4.78159 4.79063 4.80023 4.81039 4.82106 4.83224 4.84387 4.85594 4.86839 4.88117 4.89424 4.90754 4.92101 4.93459 4.94821 4.9618 4.97529 4.98861 5.0017 5.01448 5.02688 5.03884 5.05028 5.06114 5.07136 5.08089 5.08967 5.09764 5.10478 5.11102 5.11635 5.12072 5.12412 5.12653 5.12793 5.12831 5.12767 5.12603 5.12337 5.11973 5.11512 5.10956 5.1031 5.09577 5.0876 5.07866 5.06898 5.05863 5.04766 5.03615 5.02414 5.01172 4.99895 4.9859 4.97265 4.95926 4.94581 4.93236 4.91898 4.90574 4.8927 4.87991 4.86743 4.85531 4.84358 4.8323 4.8215 4.8112 4.80144 4.79222 4.78357 4.7755 4.76801 4.76111 4.7548 4.74908 4.74395 4.73939 4.73541 4.732 4.72915 4.72685 4.72511 4.72391 4.72325 
4.71795 4.71839 4.71941 4.72101 4.72318 4.72595 4.72931 4.73327 4.73784 4.74303 4.74884 4.75527 4.76233 4.77002 4.77834 4.78727 4.79681 4.80694 4.81764 4.82889 4.84066 4.85291 4.86561 4.8787 4.89214 4.90587 4.91983 4.93397 4.94821 4.96248 4.97672 4.99085 5.0048 5.01849 5.03186 5.04482 5.05731 5.06926 5.0806 5.09127 5.10121 5.11036 5.11868 5.12611 5.13262 5.13817 5.14273 5.14627 5.14877 5.15023 5.15063 5.14996 5.14824 5.14548 5.14168 5.13687 5.13108 5.12434 5.11669 5.10818 5.09884 5.08874 5.07793 5.06647 5.05443 5.04188 5.02888 5.01552 5.00185 4.98797 4.97394 4.95983 4.94572 4.93168 4.91778 4.90407 4.89063 4.8775 4.86474 4.8524 4.84052 4.82913 4.81828 4.80797 4.79824 4.78911 4.78058 4.77266 4.76536 4.75869 4.75263 4.7472 4.74237 4.73815 4.73453 4.7315 4.72906 4.72721 4.72593 4.72523 
4.71993 4.72039 4.72146 4.72314 4.72544 4.72836 4.7319 4.73608 4.7409 4.74637 4.75249 4.75928 4.76672 4.77482 4.78357 4.79297 4.80301 4.81367 4.82492 4.83674 4.8491 4.86197 4.87528 4.88901 4.9031 4.91748 4.93211 4.9469 4.9618 4.97672 4.9916 5.00636 5.02092 5.03521 5.04915 5.06266 5.07568 5.08812 5.09993 5.11104 5.12138 5.1309 5.13955 5.14728 5.15405 5.15981 5.16455 5.16823 5.17083 5.17234 5.17275 5.17206 5.17027 5.1674 5.16345 5.15845 5.15244 5.14543 5.13747 5.1286 5.11889 5.10837 5.0971 5.08517 5.07262 5.05952 5.04597 5.03202 5.01775 5.00324 4.98858 4.97382 4.95906 4.94437 4.9298 4.91544 4.90135 4.88758 4.87419 4.86124 4.84875 4.83679 4.82537 4.81453 4.80429 4.79467 4.78568 4.77734 4.76964 4.7626 4.75621 4.75047 4.74537 4.74091 4.73708 4.73388 4.7313 4.72933 4.72797 4.72722 
4.72192 4.7224 4.72352 4.72529 4.7277 4.73077 4.7345 4.7389 4.74397 4.74972 4.75616 4.76329 4.77111 4.77962 4.78881 4.79868 4.80921 4.82039 4.83219 4.84458 4.85752 4.87099 4.88492 4.89928 4.91401 4.92904 4.94431 4.95975 4.97529 4.99085 5.00636 5.02173 5.0369 5.05177 5.06627 5.08032 5.09385 5.10678 5.11904 5.13058 5.14131 5.15119 5.16016 5.16818 5.17519 5.18117 5.18608 5.18989 5.19259 5.19415 5.19458 5.19386 5.19201 5.18903 5.18494 5.17976 5.17351 5.16624 5.15799 5.14879 5.1387 5.12777 5.11607 5.10366 5.09061 5.077 5.06289 5.04837 5.03351 5.01839 5.0031 4.98772 4.97231 4.95697 4.94176 4.92675 4.91202 4.89761 4.8836 4.87004 4.85696 4.84442 4.83245 4.82107 4.81033 4.80023 4.79078 4.78202 4.77393 4.76652 4.75979 4.75374 4.74837 4.74367 4.73964 4.73626 4.73354 4.73146 4.73002 4.72923 
4.72391 4.72441 4.72559 4.72744 4.72997 4.73319 4.7371 4.74171 4.74703 4.75306 4.75981 4.76729 4.77548 4.7844 4.79402 4.80436 4.81538 4.82707 4.8394 4.85235 4.86587 4.87993 4.89448 4.90945 4.9248 4.94047 4.95637 4.97245 4.98861 5.0048 5.02092 5.0369 5.05265 5.06808 5.08313 5.0977 5.11173 5.12513 5.13784 5.14978 5.16089 5.17112 5.1804 5.1887 5.19595 5.20213 5.20721 5.21115 5.21394 5.21556 5.216 5.21526 5.21334 5.21026 5.20603 5.20067 5.19421 5.18669 5.17814 5.16862 5.15817 5.14685 5.13473 5.12186 5.10833 5.09421 5.07956 5.06448 5.04904 5.03333 5.01744 5.00143 4.9854 4.96942 4.95358 4.93794 4.92257 4.90755 4.89293 4.87876 4.8651 4.85199 4.83947 4.82757 4.81632 4.80575 4.79586 4.78667 4.77819 4.77042 4.76336 4.75701 4.75137 4.74643 4.74219 4.73864 4.73578 4.73359 4.73208 4.73124 
4.72589 4.72641 4.72764 4.72957 4.73222 4.73559 4.73968 4.7445 4.75007 4.75638 4.76344 4.77125 4.77981 4.78912 4.79918 4.80997 4.82147 4.83366 4.84652 4.86002 4.87411 4.88874 4.90388 4.91947 4.93543 4.95171 4.96823 4.98492 5.0017 5.01849 5.03521 5.05177 5.06808 5.08407 5.09964 5.11472 5.12923 5.14309 5.15622 5.16856 5.18004 5.1906 5.20018 5.20874 5.21622 5.2226 5.22784 5.23191 5.23478 5.23645 5.23691 5.23614 5.23417 5.23099 5.22663 5.2211 5.21443 5.20667 5.19784 5.18801 5.17721 5.16552 5.15298 5.13968 5.12568 5.11106 5.0959 5.08028 5.06428 5.048 5.03151 5.0149 4.99826 4.98166 4.9652 4.94894 4.93296 4.91733 4.90211 4.88735 4.87312 4.85946 4.8464 4.83399 4.82225 4.81121 4.80088 4.79127 4.7824 4.77428 4.76689 4.76025 4.75434 4.74917 4.74473 4.74101 4.738 4.7357 4.73412 4.73323 
4.72785 4.72839 4.72967 4.73168 4.73445 4.73796 4.74223 4.74726 4.75306 4.75964 4.76701 4.77515 4.78407 4.79378 4.80425 4.81548 4.82745 4.84014 4.85351 4.86754 4.88218 4.89738 4.9131 4.92927 4.94582 4.9627 4.97982 4.99711 5.01448 5.03186 5.04915 5.06627 5.08313 5.09964 5.11573 5.13129 5.14626 5.16055 5.17409 5.18681 5.19864 5.20952 5.21939 5.2282 5.23591 5.24248 5.24786 5.25205 5.25501 5.25673 5.2572 5.25642 5.25438 5.25111 5.24662 5.24093 5.23407 5.22607 5.21699 5.20685 5.19573 5.18367 5.17074 5.15702 5.14257 5.12747 5.11181 5.09567 5.07914 5.0623 5.04524 5.02805 5.01082 4.99363 4.97656 4.9597 4.94313 4.9269 4.9111 4.89578 4.88099 4.86678 4.8532 4.84029 4.82807 4.81657 4.80581 4.7958 4.78655 4.77808 4.77037 4.76344 4.75727 4.75187 4.74723 4.74334 4.7402 4.7378 4.73613 4.7352 
4.72977 4.73033 4.73166 4.73376 4.73663 4.74028 4.74473 4.74996 4.756 4.76285 4.7705 4.77897 4.78824 4.79833 4.8092 4.82087 4.83329 4.84645 4.86032 4.87487 4.89004 4.90579 4.92206 4.9388 4.95593 4.97338 4.99108 5.00894 5.02688 5.04482 5.06266 5.08032 5.0977 5.11472 5.13129 5.14732 5.16273 5.17744 5.19137 5.20445 5.21661 5.22779 5.23793 5.24699 5.25491 5.26165 5.26719 5.27149 5.27453 5.27629 5.27678 5.27597 5.27389 5.27053 5.26592 5.26008 5.25303 5.24481 5.23547 5.22506 5.21362 5.20121 5.18792 5.17379 5.15891 5.14336 5.12723 5.11059 5.09354 5.07616 5.05855 5.0408 5.023 5.00524 4.9876 4.97016 4.95301 4.93622 4.91985 4.90397 4.88865 4.87392 4.85983 4.84643 4.83374 4.8218 4.81062 4.80022 4.79061 4.78179 4.77378 4.76656 4.76014 4.75452 4.74968 4.74563 4.74235 4.73985 4.73811 4.73714 
4.73165 4.73223 4.7336 4.73578 4.73876 4.74255 4.74716 4.75259 4.75886 4.76596 4.7739 4.78268 4.79229 4.80274 4.81401 4.82609 4.83895 4.85257 4.86692 4.88196 4.89765 4.91392 4.93073 4.94801 4.96569 4.98369 5.00194 5.02035 5.03884 5.05731 5.07568 5.09385 5.11173 5.12923 5.14626 5.16273 5.17856 5.19366 5.20796 5.22138 5.23386 5.24533 5.25573 5.26501 5.27313 5.28004 5.28571 5.29012 5.29324 5.29505 5.29554 5.29472 5.29259 5.28915 5.28443 5.27844 5.27122 5.26279 5.25322 5.24253 5.23079 5.21807 5.20441 5.18991 5.17462 5.15864 5.14205 5.12494 5.1074 5.08951 5.07138 5.0531 5.03476 5.01644 4.99825 4.98026 4.96256 4.94522 4.92831 4.9119 4.89605 4.88082 4.86625 4.85238 4.83924 4.82687 4.81529 4.80451 4.79454 4.7854 4.77708 4.7696 4.76293 4.75709 4.75207 4.74786 4.74445 4.74185 4.74004 4.73903 
4.73346 4.73406 4.73548 4.73773 4.74082 4.74474 4.74951 4.75514 4.76162 4.76896 4.77718 4.78625 4.7962 4.807 4.81864 4.83111 4.8444 4.85846 4.87327 4.88878 4.90495 4.92173 4.93904 4.95684 4.97504 4.99357 5.01234 5.03128 5.05028 5.06926 5.08812 5.10678 5.12513 5.14309 5.16055 5.17744 5.19366 5.20913 5.22378 5.23752 5.2503 5.26203 5.27268 5.28217 5.29048 5.29755 5.30335 5.30786 5.31105 5.3129 5.31341 5.31257 5.31039 5.30688 5.30205 5.29593 5.28854 5.27992 5.27012 5.25919 5.24717 5.23414 5.22015 5.20528 5.18962 5.17323 5.15622 5.13866 5.12065 5.10228 5.08366 5.06487 5.04601 5.02717 5.00846 4.98994 4.97171 4.95385 4.93643 4.91951 4.90317 4.88746 4.87242 4.8581 4.84453 4.83176 4.81978 4.80864 4.79834 4.78888 4.78027 4.77252 4.76563 4.75958 4.75437 4.75001 4.74648 4.74378 4.74191 4.74086 
4.73521 4.73582 4.73729 4.73961 4.74279 4.74685 4.75177 4.75757 4.76426 4.77184 4.78031 4.78968 4.79993 4.81106 4.82306 4.83591 4.84959 4.86407 4.87932 4.89528 4.91191 4.92916 4.94696 4.96524 4.98394 5.00296 5.02223 5.04165 5.06114 5.0806 5.09993 5.11904 5.13784 5.15622 5.17409 5.19137 5.20796 5.22378 5.23875 5.25279 5.26584 5.27783 5.2887 5.2984 5.30688 5.3141 5.32002 5.32462 5.32787 5.32977 5.33029 5.32944 5.32721 5.32363 5.3187 5.31245 5.30492 5.29612 5.28611 5.27494 5.26267 5.24935 5.23505 5.21985 5.20382 5.18706 5.16964 5.15166 5.13321 5.1144 5.09531 5.07604 5.0567 5.03737 5.01815 4.99914 4.98042 4.96206 4.94415 4.92676 4.90995 4.89378 4.8783 4.86356 4.84958 4.83642 4.82408 4.81259 4.80196 4.79221 4.78333 4.77533 4.76821 4.76196 4.75658 4.75208 4.74843 4.74564 4.7437 4.74262 
4.73686 4.73749 4.739 4.7414 4.74467 4.74885 4.75392 4.75989 4.76678 4.77458 4.78329 4.79292 4.80347 4.81491 4.82725 4.84046 4.85451 4.86938 4.88503 4.90142 4.91848 4.93617 4.95443 4.97317 4.99232 5.01181 5.03154 5.05142 5.07136 5.09127 5.11104 5.13058 5.14978 5.16856 5.18681 5.20445 5.22138 5.23752 5.25279 5.26712 5.28042 5.29264 5.30372 5.31361 5.32225 5.3296 5.33564 5.34032 5.34364 5.34557 5.3461 5.34524 5.34297 5.33933 5.33431 5.32795 5.32027 5.3113 5.30111 5.28972 5.2772 5.26362 5.24903 5.23352 5.21716 5.20004 5.18225 5.16388 5.14503 5.12579 5.10626 5.08655 5.06676 5.04697 5.02729 5.00781 4.98862 4.96981 4.95144 4.9336 4.91635 4.89975 4.88386 4.86871 4.85436 4.84083 4.82814 4.81633 4.80539 4.79536 4.78622 4.77799 4.77065 4.76422 4.75868 4.75404 4.75028 4.7474 4.74541 4.74429 
4.73843 4.73907 4.74062 4.74308 4.74644 4.75073 4.75593 4.76207 4.76914 4.77714 4.78609 4.79597 4.80678 4.81852 4.83117 4.84471 4.85911 4.87435 4.89038 4.90715 4.92462 4.94273 4.9614 4.98057 5.00015 5.02007 5.04022 5.06053 5.08089 5.10121 5.12138 5.14131 5.16089 5.18004 5.19864 5.21661 5.23386 5.2503 5.26584 5.28042 5.29396 5.3064 5.31767 5.32772 5.33651 5.34399 5.35013 5.35489 5.35827 5.36023 5.36077 5.3599 5.3576 5.35389 5.34879 5.34233 5.33452 5.3254 5.31503 5.30345 5.29071 5.27688 5.26203 5.24623 5.22956 5.21212 5.19399 5.17526 5.15603 5.1364 5.11647 5.09635 5.07613 5.05592 5.03582 5.01591 4.99629 4.97704 4.95825 4.93999 4.92233 4.90534 4.88906 4.87354 4.85883 4.84495 4.83195 4.81983 4.80861 4.79831 4.78894 4.78048 4.77295 4.76635 4.76066 4.75588 4.75202 4.74907 4.74701 4.74586 
4.73988 4.74054 4.74213 4.74464 4.74809 4.75248 4.75781 4.76409 4.77133 4.77952 4.78868 4.79879 4.80986 4.82187 4.83481 4.84865 4.86337 4.87895 4.89532 4.91246 4.9303 4.94878 4.96784 4.9874 5.00737 5.02768 5.04823 5.06892 5.08967 5.11036 5.1309 5.15119 5.17112 5.1906 5.20952 5.22779 5.24533 5.26203 5.27783 5.29264 5.3064 5.31903 5.33047 5.34068 5.3496 5.35719 5.36343 5.36826 5.37169 5.37368 5.37424 5.37335 5.37102 5.36726 5.36209 5.35552 5.3476 5.33835 5.32782 5.31605 5.30311 5.28906 5.27397 5.25791 5.24097 5.22323 5.20478 5.18572 5.16615 5.14617 5.12587 5.10538 5.08478 5.06418 5.04368 5.02337 5.00335 4.98372 4.96454 4.9459 4.92786 4.9105 4.89386 4.878 4.86296 4.84878 4.83547 4.82307 4.8116 4.80105 4.79145 4.7828 4.77509 4.76832 4.76249 4.7576 4.75364 4.75061 4.74851 4.74732 
4.74122 4.74189 4.74351 4.74608 4.7496 4.75408 4.75953 4.76594 4.77333 4.7817 4.79105 4.80138 4.81267 4.82493 4.83813 4.85225 4.86726 4.88314 4.89983 4.91729 4.93547 4.9543 4.9737 4.99361 5.01394 5.0346 5.05551 5.07655 5.09764 5.11868 5.13955 5.16016 5.1804 5.20018 5.21939 5.23793 5.25573 5.27268 5.2887 5.30372 5.31767 5.33047 5.34208 5.35242 5.36146 5.36916 5.37547 5.38038 5.38385 5.38587 5.38643 5.38554 5.38318 5.37937 5.37413 5.36748 5.35945 5.35008 5.3394 5.32748 5.31436 5.30011 5.2848 5.26851 5.25132 5.23331 5.21458 5.19522 5.17534 5.15504 5.13442 5.11358 5.09263 5.07168 5.05082 5.03016 5.00979 4.98979 4.97026 4.95127 4.9329 4.9152 4.89824 4.88207 4.86674 4.85226 4.83869 4.82604 4.81432 4.80356 4.79376 4.78492 4.77704 4.77013 4.76417 4.75918 4.75513 4.75203 4.74988 4.74867 
4.74242 4.74311 4.74476 4.74738 4.75097 4.75553 4.76108 4.76762 4.77514 4.78367 4.79319 4.8037 4.8152 4.82767 4.84111 4.85548 4.87075 4.8869 4.90388 4.92163 4.9401 4.95924 4.97895 4.99918 5.01982 5.0408 5.06202 5.08338 5.10478 5.12611 5.14728 5.16818 5.1887 5.20874 5.2282 5.24699 5.26501 5.28217 5.2984 5.31361 5.32772 5.34068 5.35242 5.36289 5.37204 5.37982 5.38621 5.39117 5.39468 5.39673 5.3973 5.3964 5.39402 5.39017 5.38487 5.37815 5.37002 5.36054 5.34974 5.33767 5.32439 5.30997 5.29447 5.27797 5.26055 5.24231 5.22333 5.20371 5.18356 5.16297 5.14205 5.12091 5.09966 5.07839 5.05722 5.03624 5.01555 4.99524 4.97539 4.95609 4.93741 4.91942 4.90218 4.88573 4.87012 4.8554 4.84158 4.8287 4.81678 4.80582 4.79583 4.78683 4.7788 4.77176 4.76569 4.7606 4.75647 4.75331 4.75112 4.74988 
4.74349 4.74419 4.74587 4.74853 4.75217 4.75681 4.76245 4.76909 4.77674 4.7854 4.79507 4.80575 4.81743 4.83009 4.84373 4.85832 4.87382 4.89021 4.90743 4.92544 4.94417 4.96357 4.98356 5.00406 5.02498 5.04623 5.06773 5.08936 5.11102 5.13262 5.15405 5.17519 5.19595 5.21622 5.23591 5.25491 5.27313 5.29048 5.30688 5.32225 5.33651 5.3496 5.36146 5.37204 5.38128 5.38914 5.39559 5.4006 5.40415 5.40622 5.4068 5.40589 5.40349 5.3996 5.39425 5.38746 5.37926 5.36968 5.35877 5.34658 5.33316 5.31859 5.30292 5.28624 5.26863 5.25018 5.23099 5.21114 5.19075 5.16991 5.14874 5.12733 5.10581 5.08427 5.06282 5.04157 5.0206 5.00001 4.97989 4.96032 4.94138 4.92313 4.90563 4.88894 4.8731 4.85815 4.84413 4.83105 4.81894 4.8078 4.79766 4.78851 4.78036 4.7732 4.76703 4.76185 4.75766 4.75445 4.75222 4.75096 
4.74442 4.74512 4.74682 4.74952 4.75321 4.75792 4.76363 4.77036 4.77812 4.78689 4.79669 4.80751 4.81934 4.83217 4.84598 4.86075 4.87645 4.89304 4.91047 4.92869 4.94765 4.96728 4.9875 5.00822 5.02938 5.05087 5.07259 5.09446 5.11635 5.13817 5.15981 5.18117 5.20213 5.2226 5.24248 5.26165 5.28004 5.29755 5.3141 5.3296 5.34399 5.35719 5.36916 5.37982 5.38914 5.39707 5.40358 5.40863 5.41221 5.4143 5.41488 5.41397 5.41154 5.40763 5.40224 5.39539 5.38712 5.37747 5.36646 5.35417 5.34063 5.32593 5.31012 5.29328 5.27551 5.25689 5.23751 5.21747 5.19687 5.17582 5.15443 5.13281 5.11106 5.08929 5.06761 5.04611 5.02491 5.00408 4.98373 4.96393 4.94476 4.92629 4.90858 4.89169 4.87565 4.86051 4.84631 4.83306 4.82079 4.80951 4.79923 4.78996 4.78169 4.77444 4.76818 4.76293 4.75868 4.75543 4.75316 4.75189 
4.74519 4.7459 4.74762 4.75034 4.75408 4.75884 4.76461 4.77142 4.77926 4.78813 4.79803 4.80897 4.82092 4.83389 4.84784 4.86276 4.87862 4.89537 4.91297 4.93138 4.95052 4.97033 4.99073 5.01165 5.033 5.05468 5.07659 5.09864 5.12072 5.14273 5.16455 5.18608 5.20721 5.22784 5.24786 5.26719 5.28571 5.30335 5.32002 5.33564 5.35013 5.36343 5.37547 5.38621 5.39559 5.40358 5.41013 5.41522 5.41882 5.42093 5.42152 5.42059 5.41816 5.41422 5.40879 5.4019 5.39357 5.38385 5.37277 5.36039 5.34676 5.33195 5.31602 5.29907 5.28116 5.26239 5.24286 5.22266 5.2019 5.18068 5.15911 5.13731 5.11537 5.09341 5.07154 5.04985 5.02845 5.00744 4.98689 4.96691 4.94755 4.9289 4.91102 4.89395 4.87775 4.86246 4.84811 4.83472 4.82232 4.81092 4.80053 4.79116 4.7828 4.77546 4.76914 4.76383 4.75954 4.75624 4.75395 4.75266 
4.7458 4.74652 4.74825 4.751 4.75477 4.75956 4.76539 4.77225 4.78016 4.7891 4.79909 4.81011 4.82216 4.83523 4.8493 4.86433 4.88031 4.89719 4.91493 4.93347 4.95275 4.9727 4.99325 5.01432 5.03582 5.05764 5.07971 5.1019 5.12412 5.14627 5.16823 5.18989 5.21115 5.23191 5.25205 5.27149 5.29012 5.30786 5.32462 5.34032 5.35489 5.36826 5.38038 5.39117 5.4006 5.40863 5.41522 5.42034 5.42396 5.42607 5.42667 5.42574 5.42329 5.41933 5.41388 5.40695 5.39858 5.38881 5.37767 5.36522 5.35152 5.33662 5.32061 5.30355 5.28554 5.26666 5.24701 5.22669 5.2058 5.18445 5.16275 5.1408 5.11872 5.09661 5.07459 5.05275 5.03121 5.01004 4.98935 4.96922 4.94973 4.93094 4.91292 4.89572 4.87939 4.86398 4.84952 4.83602 4.82352 4.81203 4.80155 4.7921 4.78368 4.77628 4.7699 4.76455 4.76021 4.75689 4.75458 4.75328 
4.74625 4.74697 4.74871 4.75148 4.75527 4.76009 4.76595 4.77286 4.78081 4.7898 4.79985 4.81093 4.82305 4.83619 4.85034 4.86546 4.88152 4.89849 4.91632 4.93496 4.95433 4.97439 4.99504 5.01621 5.03781 5.05974 5.08191 5.10421 5.12653 5.14877 5.17083 5.19259 5.21394 5.23478 5.25501 5.27453 5.29324 5.31105 5.32787 5.34364 5.35827 5.37169 5.38385 5.39468 5.40415 5.41221 5.41882 5.42396 5.4276 5.42972 5.43032 5.42939 5.42693 5.42296 5.41748 5.41053 5.40213 5.39232 5.38114 5.36864 5.35488 5.33993 5.32385 5.30673 5.28864 5.26968 5.24995 5.22954 5.20856 5.18712 5.16532 5.14327 5.12109 5.09888 5.07675 5.05481 5.03316 5.01189 4.9911 4.97087 4.95127 4.93238 4.91427 4.89698 4.88057 4.86507 4.85052 4.83696 4.82438 4.81282 4.80229 4.79278 4.78431 4.77686 4.77045 4.76506 4.7607 4.75736 4.75504 4.75373 
4.74653 4.74725 4.749 4.75177 4.75558 4.76042 4.7663 4.77323 4.7812 4.79023 4.80031 4.81143 4.82359 4.83677 4.85096 4.86612 4.88224 4.89926 4.91714 4.93583 4.95526 4.97538 4.99609 5.01732 5.03897 5.06096 5.08319 5.10555 5.12793 5.15023 5.17234 5.19415 5.21556 5.23645 5.25673 5.27629 5.29505 5.3129 5.32977 5.34557 5.36023 5.37368 5.38587 5.39673 5.40622 5.4143 5.42093 5.42607 5.42972 5.43185 5.43245 5.43151 5.42905 5.42507 5.41958 5.41262 5.4042 5.39436 5.38315 5.37063 5.35684 5.34185 5.32573 5.30857 5.29044 5.27144 5.25166 5.2312 5.21016 5.18866 5.16681 5.1447 5.12246 5.10019 5.07801 5.05601 5.0343 5.01297 4.99212 4.97183 4.95217 4.93323 4.91506 4.89772 4.88126 4.86572 4.85112 4.83751 4.8249 4.8133 4.80273 4.7932 4.78469 4.77722 4.77079 4.76538 4.76101 4.75765 4.75532 4.75401 
