1.04272 1.04311 1.04349 1.04385 1.04418 1.04449 1.04476 1.04501 1.04522 1.0454 1.04555 1.04567 1.04577 1.04584 1.0459 1.04595 1.04599 1.04601 1.04603 1.04604 1.04605 1.04606 1.04607 1.04607 1.04608 1.04608 1.04608 1.04609 1.04609 1.0461 1.0461 1.04611 1.04612 1.04613 1.04615 1.04616 1.04618 1.04619 1.04621 1.04623 1.04625 1.04627 1.04629 1.04631 1.04633 1.04634 1.04636 1.04637 1.04638 1.04639 1.04639 1.04639 1.04639 1.04639 1.04638 1.04637 1.04636 1.04634 1.04632 1.04631 1.04629 1.04627 1.04625 1.04623 1.04621 1.04619 1.04618 1.04616 1.04615 1.04614 1.04613 1.04612 1.04611 1.0461 1.0461 1.04609 1.04609 1.04609 1.04609 1.04609 1.04609 1.0461 1.04612 1.04613 1.04616 1.0462 1.04625 1.04633 1.04642 1.04653 1.04668 1.04685 1.04706 1.0473 1.04758 1.04789 1.04823 1.04859 1.04897 1.04936 
1.04311 1.0435 1.04388 1.04424 1.04457 1.04488 1.04516 1.0454 1.04561 1.04579 1.04594 1.04606 1.04616 1.04623 1.04629 1.04634 1.04638 1.0464 1.04642 1.04643 1.04644 1.04645 1.04646 1.04646 1.04646 1.04647 1.04647 1.04647 1.04648 1.04648 1.04649 1.0465 1.04651 1.04652 1.04653 1.04654 1.04655 1.04657 1.04659 1.04661 1.04662 1.04664 1.04666 1.04668 1.0467 1.04671 1.04673 1.04674 1.04675 1.04676 1.04676 1.04676 1.04676 1.04676 1.04675 1.04674 1.04673 1.04671 1.0467 1.04668 1.04666 1.04664 1.04663 1.04661 1.04659 1.04657 1.04656 1.04654 1.04653 1.04652 1.04651 1.0465 1.04649 1.04649 1.04648 1.04648 1.04648 1.04648 1.04648 1.04648 1.04648 1.04649 1.04651 1.04652 1.04655 1.04659 1.04665 1.04672 1.04681 1.04692 1.04707 1.04724 1.04745 1.0477 1.04797 1.04828 1.04862 1.04898 1.04936 1.04975 
1.04349 1.04388 1.04426 1.04462 1.04495 1.04526 1.04553 1.04578 1.04599 1.04617 1.04631 1.04644 1.04653 1.04661 1.04667 1.04672 1.04675 1.04678 1.0468 1.04681 1.04682 1.04683 1.04684 1.04684 1.04684 1.04685 1.04685 1.04685 1.04686 1.04686 1.04687 1.04688 1.04689 1.0469 1.04692 1.04693 1.04695 1.04697 1.04699 1.04701 1.04703 1.04706 1.04708 1.0471 1.04712 1.04714 1.04716 1.04717 1.04719 1.04719 1.0472 1.0472 1.0472 1.04719 1.04718 1.04717 1.04716 1.04714 1.04712 1.0471 1.04708 1.04705 1.04703 1.04701 1.04699 1.04697 1.04695 1.04693 1.04692 1.04691 1.04689 1.04688 1.04688 1.04687 1.04686 1.04686 1.04686 1.04686 1.04686 1.04686 1.04686 1.04687 1.04688 1.0469 1.04693 1.04697 1.04702 1.04709 1.04719 1.0473 1.04745 1.04762 1.04783 1.04807 1.04835 1.04866 1.049 1.04936 1.04974 1.05013 
1.04385 1.04424 1.04462 1.04498 1.04531 1.04562 1.04589 1.04614 1.04635 1.04652 1.04667 1.0468 1.04689 1.04697 1.04703 1.04708 1.04711 1.04714 1.04716 1.04717 1.04718 1.04719 1.0472 1.0472 1.04721 1.04721 1.04721 1.04722 1.04723 1.04723 1.04724 1.04726 1.04727 1.04729 1.04731 1.04733 1.04736 1.04738 1.04741 1.04745 1.04748 1.04751 1.04754 1.04758 1.04761 1.04764 1.04766 1.04768 1.0477 1.04771 1.04772 1.04772 1.04772 1.04771 1.04769 1.04767 1.04765 1.04763 1.0476 1.04757 1.04754 1.0475 1.04747 1.04744 1.04741 1.04738 1.04736 1.04733 1.04731 1.04729 1.04727 1.04726 1.04725 1.04724 1.04723 1.04723 1.04722 1.04722 1.04722 1.04722 1.04722 1.04723 1.04724 1.04726 1.04729 1.04733 1.04738 1.04745 1.04755 1.04766 1.04781 1.04798 1.04819 1.04843 1.04871 1.04902 1.04936 1.04972 1.0501 1.05049 
1.04418 1.04457 1.04495 1.04531 1.04565 1.04595 1.04623 1.04647 1.04668 1.04686 1.04701 1.04713 1.04723 1.04731 1.04737 1.04741 1.04745 1.04748 1.0475 1.04751 1.04752 1.04753 1.04753 1.04754 1.04755 1.04755 1.04756 1.04757 1.04758 1.04759 1.04761 1.04763 1.04765 1.04768 1.04771 1.04775 1.04779 1.04783 1.04788 1.04793 1.04798 1.04803 1.04808 1.04813 1.04818 1.04822 1.04826 1.04829 1.04831 1.04833 1.04834 1.04834 1.04834 1.04832 1.0483 1.04827 1.04824 1.0482 1.04816 1.04811 1.04806 1.04801 1.04796 1.04791 1.04786 1.04782 1.04778 1.04774 1.04771 1.04768 1.04765 1.04763 1.04761 1.0476 1.04758 1.04757 1.04757 1.04756 1.04756 1.04756 1.04756 1.04757 1.04758 1.0476 1.04763 1.04767 1.04772 1.04779 1.04788 1.048 1.04814 1.04832 1.04853 1.04877 1.04905 1.04936 1.04969 1.05006 1.05044 1.05083 
1.04449 1.04488 1.04526 1.04562 1.04595 1.04626 1.04654 1.04678 1.04699 1.04717 1.04732 1.04744 1.04754 1.04761 1.04768 1.04772 1.04776 1.04778 1.0478 1.04782 1.04783 1.04784 1.04785 1.04785 1.04786 1.04787 1.04788 1.0479 1.04791 1.04794 1.04796 1.048 1.04803 1.04808 1.04813 1.04819 1.04825 1.04832 1.0484 1.04848 1.04856 1.04864 1.04872 1.0488 1.04888 1.04894 1.049 1.04905 1.04909 1.04912 1.04913 1.04913 1.04912 1.0491 1.04907 1.04902 1.04896 1.0489 1.04883 1.04875 1.04868 1.0486 1.04852 1.04844 1.04836 1.04829 1.04823 1.04817 1.04812 1.04807 1.04803 1.04799 1.04796 1.04794 1.04792 1.0479 1.04789 1.04788 1.04787 1.04787 1.04787 1.04788 1.04789 1.04791 1.04794 1.04797 1.04803 1.0481 1.04819 1.04831 1.04845 1.04863 1.04883 1.04908 1.04935 1.04966 1.05 1.05036 1.05074 1.05113 
1.04476 1.04516 1.04553 1.04589 1.04623 1.04654 1.04681 1.04705 1.04726 1.04744 1.04759 1.04771 1.04781 1.04789 1.04795 1.048 1.04803 1.04806 1.04808 1.0481 1.04811 1.04812 1.04813 1.04814 1.04815 1.04817 1.04819 1.04821 1.04824 1.04828 1.04832 1.04837 1.04844 1.04851 1.0486 1.04869 1.04879 1.04891 1.04903 1.04915 1.04928 1.04941 1.04954 1.04966 1.04977 1.04988 1.04997 1.05005 1.05011 1.05015 1.05017 1.05017 1.05015 1.05011 1.05006 1.04999 1.0499 1.0498 1.04969 1.04957 1.04944 1.04932 1.04919 1.04907 1.04895 1.04884 1.04874 1.04864 1.04856 1.04848 1.04842 1.04836 1.04831 1.04827 1.04824 1.04821 1.04819 1.04818 1.04817 1.04816 1.04816 1.04816 1.04817 1.04819 1.04821 1.04825 1.0483 1.04837 1.04847 1.04858 1.04873 1.0489 1.04911 1.04935 1.04963 1.04994 1.05028 1.05064 1.05102 1.05141 
1.04501 1.0454 1.04578 1.04614 1.04647 1.04678 1.04705 1.0473 1.04751 1.04769 1.04783 1.04796 1.04806 1.04813 1.04819 1.04824 1.04828 1.0483 1.04833 1.04834 1.04836 1.04837 1.04838 1.0484 1.04842 1.04844 1.04848 1.04852 1.04856 1.04862 1.0487 1.04879 1.04889 1.04901 1.04914 1.04929 1.04946 1.04963 1.04982 1.05002 1.05022 1.05042 1.05061 1.0508 1.05098 1.05114 1.05128 1.05139 1.05148 1.05154 1.05157 1.05157 1.05154 1.05148 1.0514 1.05128 1.05115 1.05099 1.05082 1.05064 1.05044 1.05025 1.05005 1.04986 1.04968 1.04951 1.04934 1.0492 1.04906 1.04894 1.04884 1.04875 1.04867 1.04861 1.04856 1.04851 1.04848 1.04845 1.04843 1.04842 1.04841 1.04841 1.04842 1.04844 1.04846 1.0485 1.04855 1.04862 1.04871 1.04883 1.04897 1.04914 1.04935 1.0496 1.04987 1.05018 1.05052 1.05088 1.05126 1.05165 
1.04522 1.04561 1.04599 1.04635 1.04668 1.04699 1.04726 1.04751 1.04772 1.0479 1.04804 1.04817 1.04827 1.04834 1.04841 1.04845 1.04849 1.04852 1.04854 1.04856 1.04858 1.0486 1.04862 1.04864 1.04867 1.04871 1.04876 1.04883 1.04891 1.049 1.04912 1.04926 1.04942 1.04961 1.04982 1.05005 1.05031 1.05058 1.05087 1.05117 1.05148 1.05178 1.05208 1.05237 1.05263 1.05287 1.05308 1.05325 1.05338 1.05347 1.05351 1.05351 1.05346 1.05337 1.05324 1.05306 1.05286 1.05262 1.05236 1.05208 1.05179 1.05149 1.05119 1.0509 1.05062 1.05035 1.05011 1.04988 1.04967 1.04949 1.04933 1.04919 1.04907 1.04897 1.04888 1.04881 1.04876 1.04872 1.04868 1.04866 1.04865 1.04864 1.04864 1.04865 1.04868 1.04871 1.04876 1.04883 1.04892 1.04904 1.04918 1.04936 1.04956 1.04981 1.05008 1.05039 1.05073 1.05109 1.05147 1.05186 
1.0454 1.04579 1.04617 1.04652 1.04686 1.04717 1.04744 1.04769 1.0479 1.04807 1.04822 1.04835 1.04844 1.04852 1.04858 1.04863 1.04867 1.0487 1.04873 1.04875 1.04877 1.0488 1.04883 1.04887 1.04892 1.04898 1.04907 1.04917 1.04929 1.04945 1.04963 1.04985 1.0501 1.05039 1.05071 1.05107 1.05146 1.05187 1.05231 1.05276 1.05322 1.05367 1.05411 1.05453 1.05492 1.05527 1.05558 1.05583 1.05602 1.05614 1.0562 1.0562 1.05612 1.05598 1.05578 1.05552 1.05521 1.05486 1.05447 1.05405 1.05362 1.05317 1.05273 1.05229 1.05187 1.05147 1.0511 1.05076 1.05044 1.05016 1.04992 1.0497 1.04952 1.04937 1.04924 1.04913 1.04904 1.04898 1.04892 1.04889 1.04886 1.04884 1.04884 1.04885 1.04886 1.0489 1.04894 1.04901 1.0491 1.04922 1.04936 1.04953 1.04974 1.04999 1.05026 1.05057 1.05091 1.05127 1.05165 1.05204 
1.04555 1.04594 1.04631 1.04667 1.04701 1.04732 1.04759 1.04783 1.04804 1.04822 1.04837 1.04849 1.04859 1.04867 1.04874 1.04879 1.04883 1.04886 1.04889 1.04892 1.04895 1.04899 1.04904 1.0491 1.04918 1.04928 1.04941 1.04957 1.04976 1.05 1.05028 1.05061 1.051 1.05143 1.05192 1.05246 1.05304 1.05365 1.0543 1.05496 1.05563 1.05629 1.05693 1.05754 1.0581 1.0586 1.05904 1.05939 1.05966 1.05984 1.05992 1.05991 1.0598 1.05959 1.05929 1.05891 1.05846 1.05795 1.05738 1.05677 1.05613 1.05549 1.05484 1.0542 1.05358 1.05299 1.05244 1.05193 1.05146 1.05104 1.05068 1.05035 1.05008 1.04984 1.04965 1.04948 1.04935 1.04925 1.04917 1.0491 1.04906 1.04903 1.04902 1.04901 1.04903 1.04906 1.0491 1.04917 1.04925 1.04937 1.04951 1.04968 1.04989 1.05014 1.05041 1.05072 1.05106 1.05142 1.0518 1.05219 
1.04567 1.04606 1.04644 1.0468 1.04713 1.04744 1.04771 1.04796 1.04817 1.04835 1.04849 1.04862 1.04872 1.0488 1.04886 1.04891 1.04896 1.049 1.04903 1.04907 1.04912 1.04918 1.04925 1.04934 1.04947 1.04962 1.04982 1.05006 1.05036 1.05072 1.05115 1.05165 1.05222 1.05287 1.05358 1.05437 1.05521 1.05611 1.05704 1.05799 1.05895 1.05989 1.06081 1.06167 1.06246 1.06317 1.06378 1.06428 1.06465 1.0649 1.06501 1.06498 1.06481 1.06451 1.06409 1.06355 1.0629 1.06216 1.06135 1.06048 1.05957 1.05864 1.05771 1.05679 1.0559 1.05505 1.05425 1.0535 1.05283 1.05222 1.05168 1.0512 1.05079 1.05044 1.05015 1.04991 1.04971 1.04955 1.04943 1.04933 1.04926 1.04921 1.04918 1.04917 1.04917 1.04919 1.04923 1.0493 1.04938 1.04949 1.04963 1.04981 1.05002 1.05026 1.05053 1.05084 1.05118 1.05154 1.05192 1.05231 
1.04577 1.04616 1.04653 1.04689 1.04723 1.04754 1.04781 1.04806 1.04827 1.04844 1.04859 1.04872 1.04882 1.0489 1.04897 1.04902 1.04907 1.04912 1.04916 1.04922 1.04929 1.04937 1.04948 1.04963 1.04982 1.05005 1.05035 1.05072 1.05117 1.0517 1.05233 1.05307 1.0539 1.05484 1.05587 1.057 1.05821 1.05948 1.0608 1.06214 1.06348 1.0648 1.06608 1.06728 1.06837 1.06935 1.07019 1.07087 1.07138 1.07171 1.07185 1.0718 1.07156 1.07114 1.07054 1.06978 1.06888 1.06785 1.06671 1.0655 1.06422 1.06292 1.06161 1.06031 1.05905 1.05784 1.0567 1.05564 1.05467 1.0538 1.05302 1.05233 1.05174 1.05123 1.0508 1.05044 1.05015 1.04992 1.04973 1.04958 1.04947 1.04939 1.04934 1.04931 1.0493 1.04931 1.04935 1.0494 1.04949 1.0496 1.04974 1.04991 1.05012 1.05036 1.05063 1.05094 1.05128 1.05164 1.05202 1.05241 
1.04584 1.04623 1.04661 1.04697 1.04731 1.04761 1.04789 1.04813 1.04834 1.04852 1.04867 1.0488 1.0489 1.04898 1.04905 1.04911 1.04917 1.04923 1.04929 1.04937 1.04947 1.0496 1.04977 1.04999 1.05027 1.05062 1.05106 1.05161 1.05226 1.05304 1.05396 1.05501 1.0562 1.05753 1.059 1.06058 1.06227 1.06404 1.06587 1.06773 1.06958 1.07139 1.07312 1.07475 1.07624 1.07757 1.0787 1.07961 1.08029 1.08072 1.0809 1.08082 1.08048 1.0799 1.07908 1.07804 1.0768 1.07539 1.07384 1.07217 1.07042 1.06863 1.06682 1.06502 1.06327 1.06159 1.06 1.05852 1.05716 1.05592 1.05482 1.05385 1.053 1.05227 1.05166 1.05114 1.05072 1.05037 1.0501 1.04988 1.04972 1.04959 1.04951 1.04945 1.04942 1.04942 1.04945 1.0495 1.04957 1.04968 1.04982 1.04999 1.0502 1.05044 1.05071 1.05102 1.05136 1.05172 1.0521 1.05249 
1.0459 1.04629 1.04667 1.04703 1.04737 1.04768 1.04795 1.04819 1.04841 1.04858 1.04874 1.04886 1.04897 1.04905 1.04913 1.0492 1.04927 1.04934 1.04943 1.04954 1.04969 1.04988 1.05013 1.05045 1.05087 1.05139 1.05203 1.05282 1.05376 1.05487 1.05617 1.05765 1.05932 1.06118 1.06321 1.0654 1.06771 1.07013 1.07262 1.07513 1.07762 1.08005 1.08237 1.08455 1.08653 1.08828 1.08977 1.09097 1.09186 1.09242 1.09264 1.09252 1.09206 1.09127 1.09017 1.08878 1.08712 1.08523 1.08314 1.0809 1.07854 1.07612 1.07367 1.07124 1.06886 1.06657 1.06439 1.06235 1.06048 1.05877 1.05723 1.05587 1.05469 1.05366 1.05279 1.05206 1.05146 1.05096 1.05057 1.05025 1.05001 1.04983 1.04969 1.0496 1.04955 1.04953 1.04954 1.04958 1.04965 1.04975 1.04989 1.05006 1.05026 1.0505 1.05077 1.05108 1.05142 1.05178 1.05216 1.05255 
1.04595 1.04634 1.04672 1.04708 1.04741 1.04772 1.048 1.04824 1.04845 1.04863 1.04879 1.04891 1.04902 1.04911 1.0492 1.04928 1.04937 1.04947 1.04959 1.04975 1.04997 1.05024 1.05061 1.05108 1.05168 1.05242 1.05334 1.05446 1.05579 1.05735 1.05915 1.0612 1.0635 1.06604 1.0688 1.07175 1.07487 1.07811 1.08142 1.08475 1.08804 1.09124 1.09428 1.09712 1.0997 1.10197 1.1039 1.10544 1.10658 1.10729 1.10756 1.10739 1.10678 1.10574 1.10429 1.10246 1.10028 1.0978 1.09505 1.0921 1.08899 1.08579 1.08254 1.0793 1.07612 1.07306 1.07013 1.06739 1.06484 1.06252 1.06043 1.05856 1.05693 1.05551 1.0543 1.05328 1.05243 1.05174 1.05118 1.05073 1.05038 1.05012 1.04992 1.04978 1.04969 1.04964 1.04963 1.04966 1.04972 1.04981 1.04994 1.05011 1.05031 1.05055 1.05082 1.05113 1.05147 1.05183 1.05221 1.0526 
1.04599 1.04638 1.04675 1.04711 1.04745 1.04776 1.04803 1.04828 1.04849 1.04867 1.04883 1.04896 1.04907 1.04917 1.04927 1.04937 1.04948 1.04962 1.04979 1.05002 1.05033 1.05073 1.05126 1.05193 1.05277 1.05383 1.05512 1.05667 1.05851 1.06065 1.06311 1.06589 1.06899 1.07239 1.07607 1.07999 1.0841 1.08835 1.09267 1.097 1.10126 1.10539 1.1093 1.11294 1.11623 1.11912 1.12156 1.12352 1.12495 1.12583 1.12616 1.12592 1.12512 1.12378 1.12191 1.11956 1.11675 1.11356 1.11002 1.10621 1.10218 1.09803 1.0938 1.08957 1.08542 1.08138 1.07752 1.07389 1.07051 1.0674 1.06459 1.06208 1.05987 1.05794 1.05629 1.05489 1.05373 1.05276 1.05198 1.05136 1.05087 1.05049 1.0502 1.05 1.04986 1.04977 1.04973 1.04974 1.04979 1.04987 1.04999 1.05015 1.05035 1.05059 1.05086 1.05117 1.0515 1.05186 1.05224 1.05263 
1.04601 1.0464 1.04678 1.04714 1.04748 1.04778 1.04806 1.0483 1.04852 1.0487 1.04886 1.049 1.04912 1.04923 1.04934 1.04947 1.04962 1.0498 1.05005 1.05038 1.05082 1.05139 1.05212 1.05307 1.05425 1.05571 1.05748 1.0596 1.06209 1.06498 1.06828 1.07198 1.07609 1.08056 1.08537 1.09046 1.09578 1.10125 1.10679 1.11231 1.11772 1.12294 1.12787 1.13243 1.13655 1.14016 1.1432 1.14562 1.14738 1.14847 1.14885 1.14853 1.14751 1.14581 1.14346 1.14049 1.13696 1.13293 1.12846 1.12363 1.11853 1.11323 1.10784 1.10243 1.09708 1.09187 1.08688 1.08215 1.07773 1.07365 1.06995 1.06662 1.06368 1.0611 1.05889 1.057 1.05542 1.0541 1.05304 1.05218 1.0515 1.05097 1.05057 1.05027 1.05006 1.04993 1.04985 1.04983 1.04985 1.04993 1.05004 1.05019 1.05039 1.05062 1.05089 1.0512 1.05153 1.05189 1.05227 1.05266 
1.04603 1.04642 1.0468 1.04716 1.0475 1.0478 1.04808 1.04833 1.04854 1.04873 1.04889 1.04903 1.04916 1.04929 1.04943 1.04959 1.04979 1.05005 1.0504 1.05086 1.05147 1.05226 1.05329 1.05458 1.0562 1.05819 1.06058 1.06343 1.06675 1.07057 1.07491 1.07975 1.08508 1.09085 1.09703 1.10353 1.11028 1.11718 1.12414 1.13105 1.13779 1.14426 1.15035 1.15597 1.16103 1.16545 1.16915 1.1721 1.17423 1.17553 1.17598 1.17556 1.17429 1.17219 1.16929 1.16562 1.16126 1.15627 1.15074 1.14474 1.13838 1.13177 1.12501 1.11821 1.11146 1.10486 1.0985 1.09245 1.08678 1.08152 1.07672 1.07239 1.06853 1.06515 1.06222 1.05971 1.0576 1.05584 1.0544 1.05324 1.05232 1.05159 1.05104 1.05062 1.05032 1.05012 1.04999 1.04993 1.04993 1.04998 1.05008 1.05023 1.05042 1.05065 1.05091 1.05122 1.05155 1.05191 1.05229 1.05268 
1.04604 1.04643 1.04681 1.04717 1.04751 1.04782 1.0481 1.04834 1.04856 1.04875 1.04892 1.04907 1.04922 1.04937 1.04954 1.04975 1.05002 1.05038 1.05086 1.05149 1.05233 1.05342 1.05482 1.05658 1.05875 1.0614 1.06458 1.06833 1.07268 1.07765 1.08325 1.08946 1.09626 1.10358 1.11135 1.1195 1.12791 1.13647 1.14505 1.15353 1.16177 1.16964 1.17703 1.18382 1.18991 1.19521 1.19965 1.20316 1.2057 1.20724 1.20774 1.20722 1.20568 1.20313 1.19961 1.19518 1.1899 1.18385 1.17712 1.16982 1.16205 1.15395 1.14563 1.13723 1.12886 1.12065 1.11269 1.10509 1.09792 1.09126 1.08514 1.07959 1.07463 1.07025 1.06644 1.06316 1.06039 1.05807 1.05616 1.05461 1.05337 1.0524 1.05164 1.05107 1.05066 1.05036 1.05017 1.05006 1.05003 1.05005 1.05013 1.05027 1.05045 1.05067 1.05093 1.05124 1.05157 1.05193 1.0523 1.05269 
1.04605 1.04644 1.04682 1.04718 1.04752 1.04783 1.04811 1.04836 1.04858 1.04877 1.04895 1.04912 1.04929 1.04947 1.04969 1.04997 1.05033 1.05082 1.05147 1.05233 1.05347 1.05494 1.05681 1.05915 1.06202 1.0655 1.06965 1.0745 1.08009 1.08645 1.09355 1.10139 1.1099 1.11901 1.12864 1.13866 1.14895 1.15937 1.16976 1.17997 1.18986 1.19926 1.20806 1.21611 1.22331 1.22955 1.23476 1.23888 1.24184 1.24362 1.24419 1.24355 1.24171 1.23868 1.23452 1.22926 1.223 1.2158 1.20778 1.19904 1.18973 1.17998 1.16993 1.15974 1.14954 1.13949 1.12971 1.12032 1.11142 1.1031 1.09542 1.08843 1.08215 1.07657 1.07169 1.06748 1.0639 1.06088 1.05839 1.05636 1.05472 1.05343 1.05242 1.05165 1.05108 1.05067 1.0504 1.05022 1.05014 1.05013 1.05019 1.05031 1.05048 1.05069 1.05095 1.05125 1.05158 1.05194 1.05232 1.0527 
1.04606 1.04645 1.04683 1.04719 1.04753 1.04784 1.04812 1.04837 1.0486 1.0488 1.04899 1.04918 1.04937 1.0496 1.04988 1.05024 1.05073 1.05139 1.05226 1.05342 1.05494 1.05689 1.05935 1.06241 1.06615 1.07064 1.07595 1.08213 1.0892 1.09718 1.10605 1.11575 1.12623 1.13739 1.14909 1.16121 1.17357 1.18602 1.19838 1.21047 1.22211 1.23315 1.24342 1.25279 1.26114 1.26836 1.27437 1.2791 1.2825 1.28452 1.28516 1.2844 1.28225 1.27873 1.27389 1.26779 1.26049 1.25209 1.2427 1.23245 1.22149 1.20996 1.19803 1.18588 1.17368 1.16158 1.14976 1.13835 1.12748 1.11727 1.10779 1.09911 1.09127 1.08428 1.07813 1.0728 1.06823 1.06438 1.06117 1.05855 1.05642 1.05473 1.05341 1.05239 1.05163 1.05107 1.05068 1.05043 1.05029 1.05024 1.05026 1.05036 1.05051 1.05072 1.05097 1.05127 1.05159 1.05195 1.05232 1.05271 
1.04607 1.04646 1.04684 1.0472 1.04753 1.04785 1.04813 1.04838 1.04862 1.04883 1.04904 1.04925 1.04948 1.04977 1.05013 1.05061 1.05126 1.05212 1.05329 1.05482 1.05681 1.05935 1.06254 1.06648 1.07126 1.07696 1.08366 1.09139 1.10019 1.11004 1.12092 1.13275 1.14544 1.15885 1.17284 1.18724 1.20185 1.21647 1.23091 1.24496 1.25844 1.27115 1.28293 1.29364 1.30315 1.31136 1.31816 1.32351 1.32733 1.3296 1.3303 1.32942 1.32696 1.32296 1.31744 1.31048 1.30214 1.29252 1.28174 1.26993 1.25724 1.24386 1.22995 1.21571 1.20134 1.18703 1.17297 1.15933 1.14626 1.13392 1.12241 1.1118 1.10217 1.09354 1.08591 1.07925 1.07352 1.06866 1.0646 1.06125 1.05853 1.05635 1.05464 1.05332 1.05231 1.05157 1.05104 1.05069 1.05047 1.05036 1.05035 1.05042 1.05056 1.05075 1.05099 1.05128 1.0516 1.05196 1.05233 1.05272 
1.04607 1.04646 1.04684 1.0472 1.04754 1.04785 1.04814 1.0484 1.04864 1.04887 1.0491 1.04934 1.04963 1.04999 1.05045 1.05108 1.05193 1.05307 1.05458 1.05658 1.05915 1.06241 1.06648 1.07147 1.07748 1.0846 1.09291 1.10244 1.11321 1.12518 1.13831 1.15249 1.1676 1.18348 1.19993 1.21675 1.23372 1.2506 1.26719 1.28324 1.29856 1.31295 1.32623 1.33826 1.3489 1.35805 1.36563 1.37155 1.37579 1.37829 1.37905 1.37805 1.3753 1.37083 1.36467 1.35688 1.34753 1.33671 1.32455 1.31118 1.29677 1.28149 1.26555 1.24915 1.2325 1.21584 1.19938 1.18333 1.16787 1.15318 1.1394 1.12664 1.11499 1.10448 1.09514 1.08695 1.07986 1.07382 1.06875 1.06454 1.06111 1.05835 1.05616 1.05446 1.05316 1.0522 1.0515 1.05101 1.0507 1.05052 1.05046 1.0505 1.05061 1.05078 1.05102 1.0513 1.05162 1.05197 1.05234 1.05272 
1.04608 1.04646 1.04684 1.04721 1.04755 1.04786 1.04815 1.04842 1.04867 1.04892 1.04918 1.04947 1.04982 1.05027 1.05087 1.05168 1.05277 1.05425 1.0562 1.05875 1.06202 1.06615 1.07126 1.07748 1.08493 1.09369 1.10384 1.1154 1.12837 1.14269 1.15829 1.17503 1.19274 1.21122 1.23025 1.24959 1.26898 1.28816 1.30689 1.32493 1.34205 1.35806 1.37277 1.38605 1.39775 1.40778 1.41606 1.42253 1.42713 1.42985 1.43066 1.42956 1.42655 1.42165 1.4149 1.40634 1.39605 1.38411 1.37063 1.35577 1.33967 1.32253 1.30455 1.28596 1.26699 1.24791 1.22894 1.21033 1.19232 1.17509 1.15884 1.14371 1.12981 1.1172 1.10593 1.096 1.08736 1.07995 1.0737 1.06849 1.06421 1.06076 1.05801 1.05586 1.05421 1.05297 1.05205 1.05141 1.05098 1.05072 1.0506 1.05059 1.05067 1.05083 1.05105 1.05132 1.05163 1.05197 1.05234 1.05273 
1.04608 1.04647 1.04685 1.04721 1.04755 1.04787 1.04817 1.04844 1.04871 1.04898 1.04928 1.04962 1.05005 1.05062 1.05139 1.05242 1.05383 1.05571 1.05819 1.0614 1.0655 1.07064 1.07696 1.0846 1.09369 1.10431 1.11652 1.13033 1.14572 1.16261 1.18086 1.20031 1.22076 1.24195 1.26362 1.2855 1.3073 1.32875 1.34956 1.36949 1.38832 1.40583 1.42186 1.43626 1.44891 1.45972 1.46862 1.47555 1.48048 1.48339 1.48425 1.48306 1.47983 1.47457 1.46731 1.45808 1.44695 1.434 1.41933 1.40308 1.3854 1.36648 1.34653 1.32579 1.30452 1.28299 1.26146 1.24022 1.21952 1.19962 1.18073 1.16304 1.14668 1.13177 1.11837 1.10648 1.09609 1.08713 1.07952 1.07315 1.0679 1.06364 1.06023 1.05755 1.05547 1.0539 1.05274 1.0519 1.05133 1.05097 1.05077 1.05071 1.05075 1.05088 1.05108 1.05134 1.05164 1.05198 1.05235 1.05273 
1.04608 1.04647 1.04685 1.04721 1.04756 1.04788 1.04819 1.04848 1.04876 1.04907 1.04941 1.04982 1.05035 1.05106 1.05203 1.05334 1.05512 1.05748 1.06058 1.06458 1.06965 1.07595 1.08366 1.09291 1.10384 1.11652 1.131 1.14727 1.16527 1.18488 1.20593 1.2282 1.25145 1.27539 1.29971 1.32409 1.34824 1.37183 1.3946 1.41629 1.43665 1.45551 1.47269 1.48805 1.5015 1.51296 1.52236 1.52967 1.53486 1.53791 1.53882 1.53757 1.53417 1.52863 1.52096 1.51119 1.49937 1.48556 1.46986 1.45238 1.43328 1.41274 1.39095 1.36818 1.34468 1.32074 1.29667 1.27277 1.24933 1.22666 1.205 1.18459 1.16561 1.14821 1.13247 1.11843 1.10609 1.0954 1.08627 1.07859 1.07222 1.06703 1.06285 1.05955 1.05698 1.05502 1.05356 1.05249 1.05175 1.05126 1.05098 1.05085 1.05084 1.05094 1.05112 1.05137 1.05166 1.052 1.05236 1.05274 
1.04609 1.04647 1.04685 1.04722 1.04757 1.0479 1.04821 1.04852 1.04883 1.04917 1.04957 1.05006 1.05072 1.05161 1.05282 1.05446 1.05667 1.0596 1.06343 1.06833 1.0745 1.08213 1.09139 1.10244 1.1154 1.13033 1.14727 1.16617 1.18692 1.20938 1.23331 1.25847 1.28453 1.31119 1.33808 1.36486 1.39121 1.41679 1.44133 1.46455 1.48625 1.50623 1.52434 1.54048 1.55455 1.56649 1.57627 1.58385 1.58923 1.5924 1.59334 1.59206 1.58855 1.58281 1.57486 1.56469 1.55235 1.53788 1.52136 1.50287 1.48256 1.46059 1.43717 1.41253 1.38695 1.36072 1.33418 1.30766 1.28148 1.256 1.2315 1.20827 1.18653 1.16648 1.14824 1.13187 1.11741 1.10481 1.09399 1.08484 1.07721 1.07096 1.06591 1.06189 1.05875 1.05634 1.05453 1.0532 1.05226 1.05162 1.05122 1.05102 1.05096 1.05102 1.05117 1.0514 1.05168 1.05201 1.05237 1.05274 
1.04609 1.04648 1.04686 1.04723 1.04758 1.04791 1.04824 1.04856 1.04891 1.04929 1.04976 1.05036 1.05117 1.05226 1.05376 1.05579 1.05851 1.06209 1.06675 1.07268 1.08009 1.0892 1.10019 1.11321 1.12837 1.14572 1.16527 1.18692 1.21054 1.23591 1.26277 1.29079 1.31962 1.34889 1.37822 1.40723 1.43558 1.46292 1.48897 1.51349 1.53626 1.55711 1.57592 1.5926 1.60709 1.61935 1.62935 1.6371 1.64259 1.64582 1.64679 1.64551 1.64195 1.63613 1.62802 1.61762 1.60496 1.59004 1.57292 1.55368 1.53241 1.50928 1.48446 1.45818 1.43073 1.4024 1.37353 1.34449 1.31564 1.28736 1.26001 1.2339 1.20932 1.1865 1.16561 1.14677 1.13002 1.11535 1.10268 1.09191 1.08289 1.07546 1.06942 1.0646 1.06081 1.05788 1.05567 1.05403 1.05285 1.05204 1.05152 1.05122 1.0511 1.05111 1.05123 1.05144 1.05171 1.05203 1.05238 1.05275 
1.0461 1.04648 1.04686 1.04723 1.04759 1.04794 1.04828 1.04862 1.049 1.04945 1.05 1.05072 1.0517 1.05304 1.05487 1.05735 1.06065 1.06498 1.07057 1.07765 1.08645 1.09718 1.11004 1.12518 1.14269 1.16261 1.18488 1.20938 1.23591 1.26422 1.29396 1.32478 1.35626 1.38799 1.41956 1.45057 1.48065 1.50947 1.53676 1.56227 1.58583 1.60728 1.62653 1.64351 1.65821 1.67059 1.68067 1.68847 1.69398 1.69724 1.69823 1.69697 1.69344 1.68762 1.6795 1.66905 1.65626 1.64112 1.62367 1.60393 1.582 1.55799 1.53207 1.50444 1.47537 1.44517 1.41418 1.38279 1.35139 1.32041 1.29023 1.26124 1.23378 1.20812 1.1845 1.16306 1.14389 1.127 1.11234 1.09981 1.08927 1.08053 1.0734 1.06768 1.06316 1.05965 1.05698 1.05499 1.05355 1.05254 1.05187 1.05146 1.05126 1.05122 1.05131 1.05149 1.05174 1.05205 1.05239 1.05276 
1.0461 1.04649 1.04687 1.04724 1.04761 1.04796 1.04832 1.0487 1.04912 1.04963 1.05028 1.05115 1.05233 1.05396 1.05617 1.05915 1.06311 1.06828 1.07491 1.08325 1.09355 1.10605 1.12092 1.13831 1.15829 1.18086 1.20593 1.23331 1.26277 1.29396 1.32651 1.35999 1.39394 1.42792 1.46147 1.4942 1.52572 1.55571 1.58392 1.61011 1.63415 1.65591 1.67533 1.69238 1.70706 1.7194 1.72941 1.73713 1.74259 1.74582 1.74683 1.74562 1.74217 1.73647 1.72846 1.71812 1.70541 1.6903 1.67276 1.65283 1.63053 1.60596 1.57924 1.55058 1.5202 1.48841 1.45555 1.42204 1.38828 1.35473 1.32183 1.29002 1.25968 1.23116 1.20474 1.18062 1.15892 1.1397 1.12293 1.10852 1.09633 1.08618 1.07786 1.07114 1.06581 1.06166 1.05847 1.05609 1.05434 1.0531 1.05226 1.05174 1.05145 1.05135 1.05139 1.05154 1.05178 1.05207 1.05241 1.05277 
1.04611 1.0465 1.04688 1.04726 1.04763 1.048 1.04837 1.04879 1.04926 1.04985 1.05061 1.05165 1.05307 1.05501 1.05765 1.0612 1.06589 1.07198 1.07975 1.08946 1.10139 1.11575 1.13275 1.15249 1.17503 1.20031 1.2282 1.25847 1.29079 1.32478 1.35999 1.39594 1.43214 1.46809 1.50335 1.53748 1.57011 1.60095 1.62973 1.65629 1.6805 1.70228 1.72161 1.73849 1.75297 1.76507 1.77487 1.78241 1.78775 1.79091 1.79193 1.79079 1.78748 1.78198 1.77422 1.76415 1.75171 1.73684 1.71948 1.69962 1.67726 1.65245 1.62528 1.5959 1.56455 1.53149 1.49707 1.46169 1.42581 1.38989 1.35442 1.31989 1.28674 1.25538 1.22615 1.1993 1.17501 1.15337 1.13439 1.11799 1.10405 1.09239 1.08277 1.07498 1.06877 1.0639 1.06015 1.05733 1.05524 1.05375 1.05272 1.05206 1.05167 1.0515 1.05149 1.05161 1.05182 1.0521 1.05242 1.05278 
1.04612 1.04651 1.04689 1.04727 1.04765 1.04803 1.04844 1.04889 1.04942 1.0501 1.051 1.05222 1.0539 1.0562 1.05932 1.0635 1.06899 1.07609 1.08508 1.09626 1.1099 1.12623 1.14544 1.1676 1.19274 1.22076 1.25145 1.28453 1.31962 1.35626 1.39394 1.43214 1.47032 1.50796 1.54459 1.57979 1.6132 1.64453 1.67358 1.70018 1.72427 1.7458 1.7648 1.7813 1.79537 1.80709 1.81655 1.82382 1.82896 1.83202 1.83303 1.83198 1.82887 1.82364 1.81624 1.80658 1.79458 1.78015 1.76321 1.7437 1.72156 1.69682 1.66952 1.63979 1.60779 1.5738 1.53814 1.50121 1.46347 1.42542 1.38758 1.35048 1.31464 1.28051 1.24849 1.21891 1.192 1.16789 1.14662 1.12816 1.11238 1.09911 1.08813 1.07918 1.07202 1.06638 1.06201 1.0587 1.05625 1.05447 1.05323 1.05241 1.05192 1.05167 1.0516 1.05168 1.05187 1.05213 1.05244 1.0528 
1.04613 1.04652 1.0469 1.04729 1.04768 1.04808 1.04851 1.04901 1.04961 1.05039 1.05143 1.05287 1.05484 1.05753 1.06118 1.06604 1.07239 1.08056 1.09085 1.10358 1.11901 1.13739 1.15885 1.18348 1.21122 1.24195 1.27539 1.31119 1.34889 1.38799 1.42792 1.46809 1.50796 1.54697 1.58465 1.62058 1.65443 1.68594 1.71492 1.74128 1.76498 1.78602 1.80446 1.82039 1.83391 1.84511 1.85413 1.86103 1.86592 1.86885 1.86984 1.8689 1.86602 1.86113 1.85417 1.84504 1.83363 1.81983 1.80351 1.78456 1.76293 1.73855 1.71144 1.68166 1.64937 1.61479 1.57823 1.54007 1.50077 1.46086 1.42088 1.38142 1.34303 1.30625 1.27152 1.23925 1.20971 1.18311 1.15952 1.13893 1.12125 1.10631 1.09388 1.08372 1.07554 1.06907 1.06405 1.06021 1.05735 1.05527 1.0538 1.05281 1.05219 1.05185 1.05173 1.05177 1.05192 1.05216 1.05247 1.05281 
1.04615 1.04653 1.04692 1.04731 1.04771 1.04813 1.0486 1.04914 1.04982 1.05071 1.05192 1.05358 1.05587 1.059 1.06321 1.0688 1.07607 1.08537 1.09703 1.11135 1.12864 1.14909 1.17284 1.19993 1.23025 1.26362 1.29971 1.33808 1.37822 1.41956 1.46147 1.50335 1.54459 1.58465 1.62305 1.65939 1.69335 1.72473 1.75337 1.77922 1.80229 1.82263 1.84034 1.85554 1.86837 1.87896 1.88744 1.89393 1.89852 1.90128 1.90224 1.90142 1.89879 1.8943 1.88785 1.87934 1.86863 1.85559 1.84006 1.82189 1.80098 1.77722 1.75058 1.72108 1.68882 1.65398 1.61685 1.57778 1.53724 1.49576 1.45391 1.41231 1.37157 1.33228 1.29496 1.26006 1.22795 1.19886 1.17293 1.15019 1.13056 1.1139 1.09998 1.08855 1.07931 1.07197 1.06624 1.06185 1.05855 1.05614 1.05442 1.05325 1.0525 1.05206 1.05187 1.05186 1.05198 1.0522 1.05249 1.05283 
1.04616 1.04654 1.04693 1.04733 1.04775 1.04819 1.04869 1.04929 1.05005 1.05107 1.05246 1.05437 1.057 1.06058 1.0654 1.07175 1.07999 1.09046 1.10353 1.1195 1.13866 1.16121 1.18724 1.21675 1.24959 1.2855 1.32409 1.36486 1.40723 1.45057 1.4942 1.53748 1.57979 1.62058 1.65939 1.69582 1.72962 1.76059 1.78864 1.81377 1.83602 1.85549 1.87232 1.88668 1.89872 1.90861 1.9165 1.92253 1.92679 1.92936 1.93029 1.92959 1.92723 1.92315 1.91725 1.90942 1.8995 1.88733 1.87272 1.85549 1.83549 1.81257 1.78665 1.75769 1.72575 1.69096 1.65357 1.61392 1.57246 1.5297 1.48626 1.44277 1.39989 1.35827 1.3185 1.2811 1.24648 1.21495 1.1867 1.16181 1.14022 1.12181 1.10636 1.09362 1.08328 1.07503 1.06857 1.06359 1.05984 1.05708 1.05509 1.05372 1.05282 1.05229 1.05202 1.05196 1.05205 1.05225 1.05252 1.05285 
1.04618 1.04655 1.04695 1.04736 1.04779 1.04825 1.04879 1.04946 1.05031 1.05146 1.05304 1.05521 1.05821 1.06227 1.06771 1.07487 1.0841 1.09578 1.11028 1.12791 1.14895 1.17357 1.20185 1.23372 1.26898 1.3073 1.34824 1.39121 1.43558 1.48065 1.52572 1.57011 1.6132 1.65443 1.69335 1.72962 1.76299 1.79333 1.82059 1.84481 1.86608 1.88456 1.90042 1.91386 1.92505 1.9342 1.94146 1.94699 1.9509 1.95328 1.95417 1.95358 1.9515 1.94784 1.94252 1.9354 1.92632 1.91508 1.90148 1.8853 1.86635 1.84445 1.81944 1.79125 1.75989 1.72543 1.68808 1.64814 1.60605 1.56231 1.51755 1.47244 1.42766 1.38392 1.34187 1.30209 1.26507 1.23118 1.20067 1.17364 1.1501 1.12994 1.11295 1.09888 1.08741 1.07823 1.07101 1.06543 1.0612 1.05807 1.0558 1.05423 1.05318 1.05253 1.05219 1.05207 1.05212 1.0523 1.05255 1.05287 
1.04619 1.04657 1.04697 1.04738 1.04783 1.04832 1.04891 1.04963 1.05058 1.05187 1.05365 1.05611 1.05948 1.06404 1.07013 1.07811 1.08835 1.10125 1.11718 1.13647 1.15937 1.18602 1.21647 1.2506 1.28816 1.32875 1.37183 1.41679 1.46292 1.50947 1.55571 1.60095 1.64453 1.68594 1.72473 1.76059 1.79333 1.82285 1.84916 1.87235 1.89255 1.90996 1.92478 1.93725 1.94756 1.95594 1.96257 1.9676 1.97116 1.97333 1.97417 1.97369 1.97187 1.96864 1.96389 1.95749 1.94926 1.93899 1.92644 1.91139 1.89359 1.87282 1.84888 1.82164 1.79106 1.75716 1.7201 1.68015 1.6377 1.59327 1.54747 1.50099 1.45455 1.40891 1.36476 1.32277 1.28349 1.24734 1.21464 1.18554 1.16008 1.13818 1.11966 1.10425 1.09165 1.08153 1.07353 1.06733 1.06261 1.0591 1.05655 1.05476 1.05355 1.05279 1.05236 1.05219 1.0522 1.05235 1.05259 1.05289 
1.04621 1.04659 1.04699 1.04741 1.04788 1.0484 1.04903 1.04982 1.05087 1.05231 1.0543 1.05704 1.0608 1.06587 1.07262 1.08142 1.09267 1.10679 1.12414 1.14505 1.16976 1.19838 1.23091 1.26719 1.30689 1.34956 1.3946 1.44133 1.48897 1.53676 1.58392 1.62973 1.67358 1.71492 1.75337 1.78864 1.82059 1.84916 1.87442 1.89649 1.91556 1.93186 1.94562 1.95711 1.96655 1.97417 1.98016 1.9847 1.9879 1.98987 1.99066 1.99028 1.98871 1.98589 1.9817 1.976 1.96861 1.9593 1.94783 1.93393 1.91732 1.89775 1.87498 1.84883 1.81918 1.78603 1.74947 1.70973 1.66718 1.62231 1.57573 1.52813 1.48027 1.43295 1.38692 1.3429 1.3015 1.26322 1.22843 1.19733 1.17002 1.14642 1.12639 1.10966 1.09594 1.08487 1.0761 1.06927 1.06406 1.06016 1.05732 1.0553 1.05393 1.05305 1.05254 1.05231 1.05228 1.0524 1.05262 1.05292 
1.04623 1.04661 1.04701 1.04745 1.04793 1.04848 1.04915 1.05002 1.05117 1.05276 1.05496 1.05799 1.06214 1.06773 1.07513 1.08475 1.097 1.11231 1.13105 1.15353 1.17997 1.21047 1.24496 1.28324 1.32493 1.36949 1.41629 1.46455 1.51349 1.56227 1.61011 1.65629 1.70018 1.74128 1.77922 1.81377 1.84481 1.87235 1.89649 1.91741 1.93533 1.95051 1.96323 1.97376 1.98234 1.98923 1.99461 1.99867 2.00154 2.00331 2.00404 2.00375 2.00242 1.99998 1.99631 1.99128 1.98469 1.97632 1.9659 1.95314 1.93774 1.9194 1.89785 1.87286 1.84426 1.81199 1.77609 1.73676 1.69432 1.64923 1.60209 1.55361 1.50457 1.45579 1.40808 1.36222 1.31887 1.27861 1.24185 1.20886 1.17977 1.15454 1.13304 1.11504 1.10021 1.08821 1.07867 1.07122 1.06552 1.06124 1.0581 1.05586 1.05432 1.05332 1.05273 1.05244 1.05237 1.05246 1.05266 1.05294 
1.04625 1.04662 1.04703 1.04748 1.04798 1.04856 1.04928 1.05022 1.05148 1.05322 1.05563 1.05895 1.06348 1.06958 1.07762 1.08804 1.10126 1.11772 1.13779 1.16177 1.18986 1.22211 1.25844 1.29856 1.34205 1.38832 1.43665 1.48625 1.53626 1.58583 1.63415 1.6805 1.72427 1.76498 1.80229 1.83602 1.86608 1.89255 1.91556 1.93533 1.95212 1.96622 1.97793 1.98754 1.99532 2.00151 2.00632 2.00994 2.01249 2.01407 2.01475 2.01453 2.01341 2.01131 2.00813 2.00372 1.99789 1.9904 1.98097 1.96931 1.95509 1.93797 1.91765 1.89385 1.86636 1.83506 1.79994 1.76116 1.71898 1.67386 1.62637 1.57722 1.52721 1.47719 1.42801 1.3805 1.3354 1.29331 1.25473 1.21997 1.1892 1.16242 1.13953 1.12029 1.10439 1.0915 1.08121 1.07316 1.06697 1.06231 1.05888 1.05642 1.05472 1.0536 1.05292 1.05256 1.05245 1.05251 1.0527 1.05297 
1.04627 1.04664 1.04706 1.04751 1.04803 1.04864 1.04941 1.05042 1.05178 1.05367 1.05629 1.05989 1.0648 1.07139 1.08005 1.09124 1.10539 1.12294 1.14426 1.16964 1.19926 1.23315 1.27115 1.31295 1.35806 1.40583 1.45551 1.50623 1.55711 1.60728 1.65591 1.70228 1.7458 1.78602 1.82263 1.85549 1.88456 1.90996 1.93186 1.95051 1.96622 1.9793 1.99006 1.99882 2.00585 2.0114 2.01569 2.01889 2.02115 2.02256 2.02318 2.02303 2.02209 2.0203 2.01756 2.01371 2.00857 2.00189 1.9934 1.98277 1.96966 1.95372 1.9346 1.91198 1.88561 1.85531 1.82105 1.7829 1.74112 1.69611 1.64844 1.59881 1.54802 1.49696 1.44652 1.39756 1.35087 1.30714 1.26689 1.2305 1.19816 1.16994 1.14573 1.12533 1.10843 1.09467 1.08368 1.07504 1.06838 1.06335 1.05964 1.05697 1.05511 1.05387 1.0531 1.05269 1.05254 1.05257 1.05274 1.053 
1.04629 1.04666 1.04708 1.04754 1.04808 1.04872 1.04954 1.05061 1.05208 1.05411 1.05693 1.06081 1.06608 1.07312 1.08237 1.09428 1.1093 1.12787 1.15035 1.17703 1.20806 1.24342 1.28293 1.32623 1.37277 1.42186 1.47269 1.52434 1.57592 1.62653 1.67533 1.72161 1.7648 1.80446 1.84034 1.87232 1.90042 1.92478 1.94562 1.96323 1.97793 1.99006 1.99996 2.00794 2.01429 2.01926 2.02308 2.02591 2.02791 2.02916 2.02972 2.02962 2.02885 2.02733 2.02497 2.02163 2.0171 2.01116 2.00351 1.99383 1.98176 1.96692 1.94893 1.92744 1.90216 1.87287 1.83948 1.80202 1.76071 1.71593 1.66821 1.61825 1.56686 1.51495 1.46342 1.4132 1.36513 1.31992 1.27817 1.2403 1.20654 1.17699 1.15157 1.13009 1.11225 1.09769 1.08602 1.07683 1.06973 1.06436 1.06037 1.05749 1.05548 1.05413 1.05328 1.05281 1.05262 1.05262 1.05277 1.05302 
1.04631 1.04668 1.0471 1.04758 1.04813 1.0488 1.04966 1.0508 1.05237 1.05453 1.05754 1.06167 1.06728 1.07475 1.08455 1.09712 1.11294 1.13243 1.15597 1.18382 1.21611 1.25279 1.29364 1.33826 1.38605 1.43626 1.48805 1.54048 1.5926 1.64351 1.69238 1.73849 1.7813 1.82039 1.85554 1.88668 1.91386 1.93725 1.95711 1.97376 1.98754 1.99882 2.00794 2.01522 2.02097 2.02543 2.02883 2.03135 2.03311 2.03422 2.03473 2.03468 2.03404 2.03275 2.03072 2.02781 2.02383 2.01853 2.01164 2.00281 1.99167 1.97783 1.96089 1.94046 1.91621 1.88788 1.85534 1.81859 1.77779 1.7333 1.68562 1.63546 1.58362 1.53101 1.47858 1.42729 1.37801 1.33151 1.28844 1.24924 1.21422 1.18347 1.15695 1.13448 1.11578 1.10049 1.0882 1.07851 1.071 1.0653 1.06106 1.05799 1.05583 1.05438 1.05346 1.05293 1.0527 1.05268 1.05281 1.05305 
1.04633 1.0467 1.04712 1.04761 1.04818 1.04888 1.04977 1.05098 1.05263 1.05492 1.0581 1.06246 1.06837 1.07624 1.08653 1.0997 1.11623 1.13655 1.16103 1.18991 1.22331 1.26114 1.30315 1.3489 1.39775 1.44891 1.5015 1.55455 1.60709 1.65821 1.70706 1.75297 1.79537 1.83391 1.86837 1.89872 1.92505 1.94756 1.96655 1.98234 1.99532 2.00585 2.01429 2.02097 2.02619 2.03022 2.03326 2.0355 2.03706 2.03805 2.03852 2.03849 2.03796 2.03687 2.03512 2.03258 2.02906 2.02433 2.01808 2.01 1.99968 1.98673 1.97072 1.95124 1.92793 1.90049 1.86875 1.83268 1.79239 1.74822 1.70066 1.65038 1.59821 1.54505 1.49188 1.43969 1.38939 1.34179 1.29756 1.25722 1.22108 1.18927 1.16178 1.13845 1.11898 1.10303 1.09018 1.08003 1.07215 1.06616 1.0617 1.05845 1.05616 1.05461 1.05362 1.05304 1.05277 1.05273 1.05284 1.05307 
1.04634 1.04671 1.04714 1.04764 1.04822 1.04894 1.04988 1.05114 1.05287 1.05527 1.0586 1.06317 1.06935 1.07757 1.08828 1.10197 1.11912 1.14016 1.16545 1.19521 1.22955 1.26836 1.31136 1.35805 1.40778 1.45972 1.51296 1.56649 1.61935 1.67059 1.7194 1.76507 1.80709 1.84511 1.87896 1.90861 1.9342 1.95594 1.97417 1.98923 2.00151 2.0114 2.01926 2.02543 2.03022 2.03387 2.03662 2.03862 2.04001 2.0409 2.04133 2.04133 2.04089 2.03996 2.03844 2.03621 2.03308 2.02881 2.02311 2.01566 2.00604 1.99386 1.97865 1.96 1.93751 1.91087 1.87985 1.84439 1.80459 1.76074 1.71332 1.663 1.61058 1.55699 1.50324 1.45031 1.39915 1.35063 1.30544 1.26412 1.22703 1.19432 1.166 1.14191 1.12178 1.10526 1.09193 1.08138 1.07318 1.06693 1.06226 1.05886 1.05646 1.05482 1.05376 1.05314 1.05284 1.05277 1.05287 1.05309 
1.04636 1.04673 1.04716 1.04766 1.04826 1.049 1.04997 1.05128 1.05308 1.05558 1.05904 1.06378 1.07019 1.0787 1.08977 1.1039 1.12156 1.1432 1.16915 1.19965 1.23476 1.27437 1.31816 1.36563 1.41606 1.46862 1.52236 1.57627 1.62935 1.68067 1.72941 1.77487 1.81655 1.85413 1.88744 1.9165 1.94146 1.96257 1.98016 1.99461 2.00632 2.01569 2.02308 2.02883 2.03326 2.03662 2.03912 2.04093 2.04219 2.04299 2.04338 2.0434 2.04303 2.04223 2.0409 2.03891 2.03609 2.0322 2.02696 2.02002 2.01098 1.99943 1.98489 1.96693 1.94514 1.91915 1.88875 1.85382 1.81444 1.77089 1.72362 1.67329 1.6207 1.56679 1.51257 1.45906 1.40723 1.35796 1.31198 1.26987 1.232 1.19855 1.16954 1.14483 1.12415 1.10714 1.09342 1.08253 1.07405 1.06758 1.06275 1.05921 1.05671 1.05499 1.05388 1.05322 1.0529 1.05281 1.0529 1.05311 
1.04637 1.04674 1.04717 1.04768 1.04829 1.04905 1.05005 1.05139 1.05325 1.05583 1.05939 1.06428 1.07087 1.07961 1.09097 1.10544 1.12352 1.14562 1.1721 1.20316 1.23888 1.2791 1.32351 1.37155 1.42253 1.47555 1.52967 1.58385 1.6371 1.68847 1.73713 1.78241 1.82382 1.86103 1.89393 1.92253 1.94699 1.9676 1.9847 1.99867 2.00994 2.01889 2.02591 2.03135 2.0355 2.03862 2.04093 2.04259 2.04375 2.04448 2.04485 2.04488 2.04457 2.04386 2.04267 2.04088 2.0383 2.0347 2.02981 2.02327 2.01468 2.00362 1.98961 1.9722 1.95094 1.92549 1.89557 1.86106 1.82203 1.77872 1.73158 1.68125 1.62854 1.5744 1.51984 1.46588 1.41354 1.3637 1.31712 1.2744 1.23592 1.2019 1.17235 1.14715 1.12603 1.10866 1.09461 1.08345 1.07476 1.06812 1.06314 1.0595 1.05692 1.05514 1.05399 1.05329 1.05295 1.05284 1.05292 1.05313 
1.04638 1.04675 1.04719 1.0477 1.04831 1.04909 1.05011 1.05148 1.05338 1.05602 1.05966 1.06465 1.07138 1.08029 1.09186 1.10658 1.12495 1.14738 1.17423 1.2057 1.24184 1.2825 1.32733 1.37579 1.42713 1.48048 1.53486 1.58923 1.64259 1.69398 1.74259 1.78775 1.82896 1.86592 1.89852 1.92679 1.9509 1.97116 1.9879 2.00154 2.01249 2.02115 2.02791 2.03311 2.03706 2.04001 2.04219 2.04375 2.04482 2.04551 2.04586 2.0459 2.04562 2.04498 2.0439 2.04224 2.03984 2.03646 2.03181 2.02556 2.0173 2.00659 1.99295 1.97592 1.95506 1.92997 1.9004 1.86619 1.8274 1.78426 1.73721 1.68689 1.63411 1.57981 1.525 1.47074 1.41804 1.3678 1.3208 1.27765 1.23875 1.20432 1.17439 1.14884 1.12741 1.10977 1.09549 1.08414 1.07529 1.06851 1.06344 1.05972 1.05707 1.05525 1.05407 1.05335 1.05298 1.05287 1.05294 1.05314 
1.04639 1.04676 1.04719 1.04771 1.04833 1.04912 1.05015 1.05154 1.05347 1.05614 1.05984 1.0649 1.07171 1.08072 1.09242 1.10729 1.12583 1.14847 1.17553 1.20724 1.24362 1.28452 1.3296 1.37829 1.42985 1.48339 1.53791 1.5924 1.64582 1.69724 1.74582 1.79091 1.83202 1.86885 1.90128 1.92936 1.95328 1.97333 1.98987 2.00331 2.01407 2.02256 2.02916 2.03422 2.03805 2.0409 2.04299 2.04448 2.04551 2.04616 2.0465 2.04655 2.0463 2.0457 2.04468 2.04311 2.04081 2.03756 2.03307 2.02699 2.01893 2.00843 1.99501 1.97821 1.95756 1.93269 1.9033 1.86926 1.8306 1.78755 1.74055 1.69023 1.63739 1.58299 1.52804 1.4736 1.42069 1.37022 1.32299 1.27959 1.24044 1.20577 1.17562 1.14987 1.12826 1.11046 1.09604 1.08457 1.07562 1.06877 1.06363 1.05986 1.05718 1.05533 1.05412 1.05339 1.05301 1.05289 1.05295 1.05315 
