6.62494 6.62513 6.62544 6.62587 6.62643 6.62711 6.62792 6.62885 6.6299 6.63107 6.63236 6.63377 6.6353 6.63695 6.63871 6.64058 6.64256 6.64465 6.64683 6.64911 6.65148 6.65392 6.65645 6.65904 6.66169 6.66438 6.66712 6.66988 6.67266 6.67545 6.67822 6.68098 6.6837 6.68637 6.68899 6.69153 6.69398 6.69633 6.69857 6.70068 6.70265 6.70448 6.70614 6.70763 6.70895 6.71008 6.71102 6.71176 6.71229 6.71262 6.71275 6.71266 6.71237 6.71187 6.71118 6.71028 6.7092 6.70793 6.70648 6.70487 6.70311 6.70119 6.69915 6.69698 6.6947 6.69233 6.68988 6.68735 6.68477 6.68215 6.67951 6.67684 6.67418 6.67152 6.66889 6.66629 6.66374 6.66124 6.65881 6.65645 6.65416 6.65197 6.64987 6.64788 6.64599 6.6442 6.64253 6.64098 6.63955 6.63824 6.63705 6.63598 6.63504 6.63422 6.63353 6.63297 6.63253 6.63221 6.63203 6.63196 
6.62513 6.62531 6.62562 6.62606 6.62662 6.62731 6.62812 6.62905 6.63011 6.63128 6.63258 6.634 6.63554 6.6372 6.63897 6.64085 6.64284 6.64494 6.64713 6.64943 6.65181 6.65427 6.65681 6.65941 6.66208 6.66479 6.66754 6.67032 6.67312 6.67592 6.67871 6.68149 6.68422 6.68692 6.68954 6.6921 6.69457 6.69693 6.69918 6.70131 6.70329 6.70513 6.7068 6.70831 6.70963 6.71077 6.71171 6.71245 6.71299 6.71332 6.71345 6.71336 6.71307 6.71257 6.71186 6.71096 6.70987 6.7086 6.70714 6.70552 6.70374 6.70182 6.69976 6.69758 6.69529 6.6929 6.69043 6.68789 6.6853 6.68266 6.67999 6.67731 6.67463 6.67196 6.66931 6.6667 6.66413 6.66162 6.65917 6.65679 6.65449 6.65229 6.65018 6.64817 6.64626 6.64447 6.64279 6.64123 6.63979 6.63847 6.63727 6.6362 6.63525 6.63443 6.63373 6.63316 6.63272 6.6324 6.63221 6.63215 
6.62544 6.62562 6.62594 6.62638 6.62695 6.62764 6.62846 6.62941 6.63048 6.63167 6.63299 6.63443 6.63599 6.63767 6.63947 6.64138 6.6434 6.64553 6.64776 6.65008 6.6525 6.655 6.65758 6.66022 6.66292 6.66568 6.66847 6.67129 6.67413 6.67697 6.67981 6.68262 6.6854 6.68813 6.6908 6.69339 6.69589 6.69829 6.70058 6.70273 6.70475 6.70661 6.70831 6.70983 6.71117 6.71232 6.71328 6.71403 6.71458 6.71492 6.71504 6.71495 6.71465 6.71415 6.71343 6.71252 6.71141 6.71011 6.70864 6.70699 6.70519 6.70323 6.70114 6.69893 6.6966 6.69418 6.69167 6.68909 6.68646 6.68378 6.68108 6.67836 6.67563 6.67292 6.67023 6.66758 6.66497 6.66241 6.65993 6.65751 6.65518 6.65294 6.6508 6.64875 6.64682 6.645 6.64329 6.6417 6.64024 6.63889 6.63768 6.63659 6.63562 6.63479 6.63408 6.6335 6.63305 6.63272 6.63253 6.63246 
6.62587 6.62606 6.62638 6.62683 6.62741 6.62812 6.62896 6.62992 6.63102 6.63224 6.63359 6.63506 6.63666 6.63838 6.64022 6.64217 6.64424 6.64642 6.6487 6.65108 6.65356 6.65611 6.65875 6.66146 6.66423 6.66705 6.6699 6.67279 6.6757 6.6786 6.6815 6.68438 6.68723 6.69002 6.69275 6.6954 6.69796 6.70041 6.70275 6.70495 6.70701 6.70891 6.71065 6.71221 6.71358 6.71475 6.71573 6.7165 6.71706 6.7174 6.71752 6.71743 6.71713 6.71661 6.71587 6.71494 6.7138 6.71248 6.71097 6.70928 6.70743 6.70543 6.7033 6.70103 6.69865 6.69617 6.6936 6.69096 6.68826 6.68552 6.68275 6.67997 6.67718 6.6744 6.67165 6.66893 6.66625 6.66364 6.66109 6.65861 6.65623 6.65393 6.65173 6.64964 6.64765 6.64578 6.64403 6.6424 6.6409 6.63952 6.63827 6.63715 6.63616 6.6353 6.63457 6.63397 6.63351 6.63317 6.63297 6.6329 
6.62643 6.62662 6.62695 6.62741 6.62801 6.62873 6.6296 6.63059 6.63172 6.63298 6.63437 6.63589 6.63754 6.63931 6.64121 6.64323 6.64536 6.64761 6.64997 6.65242 6.65497 6.65761 6.66034 6.66313 6.66598 6.66889 6.67184 6.67482 6.67781 6.68081 6.6838 6.68677 6.6897 6.69258 6.69539 6.69812 6.70076 6.70329 6.70569 6.70796 6.71008 6.71204 6.71383 6.71543 6.71684 6.71805 6.71906 6.71985 6.72042 6.72077 6.7209 6.7208 6.72048 6.71994 6.71919 6.71822 6.71705 6.71568 6.71412 6.71239 6.71048 6.70842 6.70621 6.70387 6.70142 6.69886 6.69621 6.69349 6.69071 6.68788 6.68502 6.68214 6.67926 6.6764 6.67355 6.67075 6.66798 6.66528 6.66265 6.66009 6.65762 6.65525 6.65298 6.65081 6.64876 6.64683 6.64502 6.64333 6.64177 6.64034 6.63905 6.63789 6.63686 6.63597 6.63521 6.63459 6.6341 6.63375 6.63354 6.63346 
6.62711 6.62731 6.62764 6.62812 6.62873 6.62949 6.63038 6.63142 6.63259 6.6339 6.63534 6.63692 6.63863 6.64048 6.64245 6.64455 6.64676 6.6491 6.65155 6.6541 6.65675 6.6595 6.66232 6.66523 6.66819 6.67121 6.67428 6.67737 6.68048 6.68359 6.6867 6.68978 6.69282 6.6958 6.69872 6.70155 6.70429 6.70691 6.70941 6.71176 6.71396 6.71599 6.71784 6.7195 6.72096 6.72221 6.72325 6.72407 6.72466 6.72502 6.72515 6.72505 6.72472 6.72415 6.72337 6.72236 6.72115 6.71973 6.71811 6.7163 6.71432 6.71218 6.70989 6.70746 6.70491 6.70225 6.6995 6.69667 6.69378 6.69084 6.68787 6.68488 6.68189 6.67891 6.67595 6.67303 6.67016 6.66735 6.66461 6.66195 6.65938 6.65691 6.65454 6.65228 6.65014 6.64813 6.64624 6.64448 6.64285 6.64136 6.64001 6.63879 6.63772 6.63678 6.63599 6.63534 6.63483 6.63446 6.63423 6.63415 
6.62792 6.62812 6.62846 6.62896 6.6296 6.63038 6.63132 6.63239 6.63362 6.63498 6.63649 6.63815 6.63994 6.64187 6.64393 6.64612 6.64844 6.65089 6.65345 6.65612 6.65889 6.66176 6.66472 6.66775 6.67085 6.67401 6.67721 6.68044 6.68369 6.68694 6.69018 6.6934 6.69657 6.69969 6.70274 6.70569 6.70855 6.71128 6.71388 6.71633 6.71862 6.72074 6.72267 6.7244 6.72592 6.72723 6.72831 6.72916 6.72977 6.73014 6.73028 6.73017 6.72982 6.72923 6.72841 6.72736 6.72608 6.7246 6.72291 6.72102 6.71895 6.71672 6.71432 6.71178 6.70912 6.70634 6.70347 6.70051 6.69749 6.69442 6.69131 6.68818 6.68505 6.68193 6.67884 6.67578 6.67278 6.66983 6.66696 6.66418 6.66148 6.65889 6.65641 6.65404 6.6518 6.64968 6.6477 6.64585 6.64414 6.64258 6.64115 6.63987 6.63874 6.63776 6.63692 6.63623 6.63569 6.6353 6.63505 6.63496 
6.62885 6.62905 6.62941 6.62992 6.63059 6.63142 6.63239 6.63353 6.63481 6.63625 6.63783 6.63957 6.64145 6.64348 6.64565 6.64796 6.6504 6.65297 6.65566 6.65847 6.66138 6.6644 6.66751 6.6707 6.67396 6.67727 6.68063 6.68403 6.68744 6.69085 6.69426 6.69763 6.70096 6.70423 6.70743 6.71053 6.71352 6.71639 6.71911 6.72168 6.72408 6.7263 6.72831 6.73013 6.73172 6.73308 6.73421 6.7351 6.73574 6.73613 6.73627 6.73615 6.73578 6.73516 6.73429 6.73319 6.73185 6.73029 6.72851 6.72653 6.72436 6.72201 6.7195 6.71683 6.71404 6.71112 6.7081 6.70499 6.70182 6.69859 6.69532 6.69204 6.68875 6.68547 6.68221 6.67899 6.67583 6.67273 6.66971 6.66677 6.66394 6.66121 6.65859 6.65609 6.65373 6.65149 6.6494 6.64745 6.64564 6.64398 6.64248 6.64112 6.63993 6.63888 6.63799 6.63726 6.63668 6.63626 6.636 6.63589 
6.6299 6.63011 6.63048 6.63102 6.63172 6.63259 6.63362 6.63481 6.63617 6.63768 6.63936 6.64119 6.64318 6.64532 6.64761 6.65005 6.65263 6.65534 6.65819 6.66115 6.66423 6.66742 6.6707 6.67406 6.6775 6.681 6.68455 6.68813 6.69172 6.69532 6.69891 6.70247 6.70598 6.70942 6.71279 6.71605 6.7192 6.72222 6.72508 6.72779 6.73031 6.73264 6.73476 6.73667 6.73834 6.73977 6.74096 6.74189 6.74256 6.74296 6.7431 6.74298 6.74259 6.74193 6.74102 6.73985 6.73844 6.73679 6.73492 6.73283 6.73054 6.72806 6.72541 6.7226 6.71965 6.71657 6.71339 6.71011 6.70676 6.70335 6.69991 6.69644 6.69296 6.6895 6.68606 6.68266 6.67932 6.67604 6.67285 6.66974 6.66674 6.66385 6.66108 6.65843 6.65592 6.65356 6.65133 6.64926 6.64735 6.64559 6.64399 6.64255 6.64127 6.64016 6.63921 6.63842 6.63781 6.63735 6.63707 6.63695 
6.63107 6.63128 6.63167 6.63224 6.63298 6.6339 6.63498 6.63625 6.63768 6.63929 6.64106 6.64301 6.64511 6.64738 6.64981 6.6524 6.65513 6.65801 6.66102 6.66416 6.66743 6.6708 6.67428 6.67784 6.68148 6.68519 6.68894 6.69273 6.69654 6.70034 6.70414 6.7079 6.71161 6.71525 6.7188 6.72225 6.72558 6.72876 6.73179 6.73464 6.73731 6.73976 6.742 6.74401 6.74577 6.74728 6.74853 6.74951 6.75021 6.75064 6.75078 6.75064 6.75022 6.74953 6.74856 6.74733 6.74583 6.74409 6.74211 6.7399 6.73748 6.73486 6.73205 6.72908 6.72596 6.7227 6.71933 6.71586 6.71231 6.70871 6.70506 6.70138 6.6977 6.69403 6.69038 6.68678 6.68323 6.67976 6.67636 6.67307 6.66988 6.66681 6.66386 6.66105 6.65839 6.65587 6.6535 6.6513 6.64926 6.64738 6.64567 6.64414 6.64277 6.64158 6.64057 6.63973 6.63906 6.63857 6.63826 6.63812 
6.63236 6.63258 6.63299 6.63359 6.63437 6.63534 6.63649 6.63783 6.63936 6.64106 6.64295 6.64501 6.64725 6.64967 6.65225 6.655 6.6579 6.66096 6.66416 6.6675 6.67097 6.67456 6.67825 6.68203 6.6859 6.68983 6.69381 6.69783 6.70187 6.70591 6.70993 6.71391 6.71784 6.7217 6.72547 6.72912 6.73264 6.73601 6.73921 6.74223 6.74505 6.74765 6.75001 6.75213 6.754 6.75559 6.75691 6.75794 6.75868 6.75913 6.75927 6.75912 6.75868 6.75794 6.75691 6.7556 6.75401 6.75216 6.75006 6.74772 6.74515 6.74237 6.7394 6.73625 6.73293 6.72948 6.7259 6.72222 6.71846 6.71463 6.71076 6.70685 6.70294 6.69904 6.69517 6.69134 6.68757 6.68387 6.68026 6.67675 6.67336 6.67009 6.66695 6.66396 6.66111 6.65843 6.6559 6.65355 6.65137 6.64936 6.64754 6.64589 6.64443 6.64315 6.64206 6.64116 6.64045 6.63992 6.63958 6.63942 
6.63377 6.634 6.63443 6.63506 6.63589 6.63692 6.63815 6.63957 6.64119 6.64301 6.64501 6.64721 6.6496 6.65217 6.65492 6.65785 6.66094 6.6642 6.66761 6.67116 6.67485 6.67867 6.68259 6.68662 6.69073 6.69491 6.69915 6.70342 6.70771 6.712 6.71627 6.7205 6.72467 6.72877 6.73276 6.73663 6.74037 6.74394 6.74734 6.75054 6.75352 6.75627 6.75878 6.76102 6.763 6.76468 6.76607 6.76716 6.76794 6.76841 6.76856 6.7684 6.76792 6.76714 6.76604 6.76465 6.76296 6.761 6.75877 6.75628 6.75355 6.7506 6.74744 6.74409 6.74057 6.7369 6.7331 6.72919 6.72519 6.72112 6.717 6.71285 6.70869 6.70453 6.70041 6.69633 6.69232 6.68838 6.68453 6.68079 6.67717 6.67368 6.67033 6.66714 6.6641 6.66123 6.65853 6.65601 6.65368 6.65153 6.64957 6.64781 6.64624 6.64487 6.6437 6.64273 6.64196 6.64139 6.64101 6.64084 
6.6353 6.63554 6.63599 6.63666 6.63754 6.63863 6.63994 6.64145 6.64318 6.64511 6.64725 6.6496 6.65214 6.65489 6.65782 6.66094 6.66424 6.66771 6.67134 6.67513 6.67906 6.68313 6.68731 6.6916 6.69598 6.70043 6.70493 6.70948 6.71404 6.7186 6.72314 6.72764 6.73208 6.73643 6.74067 6.74478 6.74875 6.75254 6.75615 6.75954 6.7627 6.76562 6.76828 6.77066 6.77275 6.77453 6.776 6.77716 6.77798 6.77847 6.77863 6.77845 6.77794 6.7771 6.77594 6.77445 6.77266 6.77057 6.7682 6.76555 6.76265 6.75951 6.75616 6.75259 6.74885 6.74495 6.74091 6.73674 6.73249 6.72815 6.72377 6.71935 6.71491 6.71049 6.7061 6.70175 6.69747 6.69327 6.68916 6.68517 6.68131 6.67758 6.674 6.67059 6.66734 6.66427 6.66138 6.65868 6.65618 6.65388 6.65179 6.64989 6.64821 6.64674 6.64548 6.64443 6.6436 6.64298 6.64257 6.64238 
6.63695 6.6372 6.63767 6.63838 6.63931 6.64048 6.64187 6.64348 6.64532 6.64738 6.64967 6.65217 6.65489 6.65781 6.66094 6.66427 6.66779 6.67149 6.67537 6.67941 6.6836 6.68793 6.69239 6.69696 6.70163 6.70637 6.71116 6.716 6.72086 6.72571 6.73054 6.73533 6.74004 6.74467 6.74917 6.75355 6.75776 6.76179 6.76561 6.76921 6.77257 6.77567 6.77849 6.78101 6.78322 6.78511 6.78667 6.78789 6.78876 6.78928 6.78945 6.78925 6.78871 6.78781 6.78657 6.78499 6.78308 6.78086 6.77833 6.77552 6.77244 6.7691 6.76552 6.76174 6.75775 6.7536 6.7493 6.74487 6.74033 6.73572 6.73105 6.72634 6.72162 6.7169 6.71222 6.70758 6.70301 6.69853 6.69415 6.68989 6.68576 6.68178 6.67795 6.6743 6.67082 6.66754 6.66445 6.66156 6.65888 6.65642 6.65417 6.65214 6.65033 6.64875 6.64739 6.64626 6.64536 6.64469 6.64425 6.64404 
6.63871 6.63897 6.63947 6.64022 6.64121 6.64245 6.64393 6.64565 6.64761 6.64981 6.65225 6.65492 6.65782 6.66094 6.66428 6.66783 6.67159 6.67554 6.67967 6.68398 6.68845 6.69307 6.69783 6.70269 6.70766 6.71271 6.71782 6.72297 6.72814 6.73331 6.73845 6.74353 6.74855 6.75346 6.75825 6.7629 6.76737 6.77165 6.77571 6.77954 6.7831 6.78639 6.78938 6.79205 6.7944 6.7964 6.79805 6.79934 6.80026 6.80081 6.80098 6.80077 6.80019 6.79923 6.79791 6.79623 6.7942 6.79183 6.78915 6.78615 6.78287 6.77932 6.77552 6.77149 6.76725 6.76283 6.75825 6.75354 6.74871 6.7438 6.73882 6.7338 6.72877 6.72375 6.71875 6.71381 6.70893 6.70415 6.69948 6.69493 6.69052 6.68626 6.68217 6.67827 6.67455 6.67104 6.66773 6.66464 6.66177 6.65912 6.65671 6.65453 6.65259 6.65089 6.64943 6.64822 6.64725 6.64652 6.64604 6.6458 
6.64058 6.64085 6.64138 6.64217 6.64323 6.64455 6.64612 6.64796 6.65005 6.6524 6.655 6.65785 6.66094 6.66427 6.66783 6.67162 6.67563 6.67984 6.68425 6.68884 6.69361 6.69853 6.7036 6.70878 6.71408 6.71945 6.72489 6.73037 6.73587 6.74137 6.74683 6.75224 6.75757 6.76279 6.76789 6.77282 6.77757 6.78211 6.78642 6.79048 6.79426 6.79775 6.80092 6.80375 6.80624 6.80836 6.81011 6.81148 6.81245 6.81303 6.8132 6.81298 6.81235 6.81133 6.80992 6.80813 6.80598 6.80346 6.80061 6.79742 6.79393 6.79016 6.78612 6.78183 6.77733 6.77263 6.76775 6.76274 6.7576 6.75237 6.74707 6.74173 6.73637 6.73102 6.72569 6.72042 6.71522 6.71012 6.70513 6.70028 6.69557 6.69103 6.68666 6.68249 6.67851 6.67475 6.67122 6.66791 6.66483 6.662 6.65942 6.65708 6.655 6.65317 6.65161 6.6503 6.64925 6.64847 6.64794 6.64769 
6.64256 6.64284 6.6434 6.64424 6.64536 6.64676 6.64844 6.6504 6.65263 6.65513 6.6579 6.66094 6.66424 6.66779 6.67159 6.67563 6.6799 6.68439 6.68909 6.69398 6.69906 6.7043 6.70969 6.71521 6.72085 6.72657 6.73235 6.73818 6.74403 6.74987 6.75568 6.76143 6.76709 6.77263 6.77804 6.78328 6.78832 6.79314 6.79771 6.80201 6.80602 6.80972 6.81308 6.81608 6.81871 6.82096 6.82281 6.82426 6.82528 6.82589 6.82607 6.82583 6.82516 6.82408 6.82258 6.82068 6.81838 6.81571 6.81268 6.8093 6.80559 6.80158 6.79728 6.79273 6.78794 6.78295 6.77777 6.77243 6.76697 6.76141 6.75577 6.75009 6.74438 6.73868 6.73302 6.7274 6.72186 6.71643 6.71111 6.70593 6.70091 6.69606 6.6914 6.68694 6.6827 6.67868 6.6749 6.67136 6.66807 6.66504 6.66227 6.65977 6.65754 6.65558 6.6539 6.6525 6.65137 6.65052 6.64996 6.64967 
6.64465 6.64494 6.64553 6.64642 6.64761 6.6491 6.65089 6.65297 6.65534 6.65801 6.66096 6.6642 6.66771 6.67149 6.67554 6.67984 6.68439 6.68917 6.69417 6.69938 6.70478 6.71036 6.7161 6.72197 6.72796 6.73404 6.74019 6.74638 6.75259 6.7588 6.76496 6.77106 6.77707 6.78295 6.78869 6.79424 6.79959 6.80469 6.80954 6.8141 6.81835 6.82226 6.82581 6.82899 6.83178 6.83416 6.83612 6.83764 6.83873 6.83936 6.83955 6.83929 6.83858 6.83742 6.83583 6.83381 6.83138 6.82855 6.82532 6.82174 6.8178 6.81355 6.80899 6.80416 6.79907 6.79377 6.78827 6.7826 6.7768 6.77089 6.7649 6.75886 6.75279 6.74673 6.7407 6.73473 6.72883 6.72305 6.71738 6.71187 6.70652 6.70135 6.69638 6.69163 6.6871 6.68281 6.67877 6.67499 6.67148 6.66824 6.66528 6.6626 6.66022 6.65812 6.65632 6.65481 6.6536 6.65269 6.65208 6.65177 
6.64683 6.64713 6.64776 6.6487 6.64997 6.65155 6.65345 6.65566 6.65819 6.66102 6.66416 6.66761 6.67134 6.67537 6.67967 6.68425 6.68909 6.69417 6.69949 6.70503 6.71077 6.7167 6.72279 6.72903 6.73539 6.74185 6.74837 6.75495 6.76154 6.76811 6.77465 6.78112 6.78749 6.79372 6.7998 6.80568 6.81134 6.81675 6.82188 6.8267 6.8312 6.83533 6.83909 6.84246 6.8454 6.84791 6.84998 6.85159 6.85273 6.8534 6.8536 6.85332 6.85256 6.85134 6.84965 6.84751 6.84493 6.84192 6.83851 6.83471 6.83054 6.82603 6.8212 6.81607 6.81068 6.80506 6.79922 6.79322 6.78706 6.78079 6.77443 6.76801 6.76157 6.75514 6.74873 6.74238 6.73612 6.72996 6.72394 6.71807 6.71238 6.70688 6.70159 6.69652 6.6917 6.68713 6.68282 6.67879 6.67505 6.67159 6.66843 6.66557 6.66302 6.66078 6.65885 6.65723 6.65594 6.65496 6.6543 6.65396 
6.64911 6.64943 6.65008 6.65108 6.65242 6.6541 6.65612 6.65847 6.66115 6.66416 6.6675 6.67116 6.67513 6.67941 6.68398 6.68884 6.69398 6.69938 6.70503 6.71091 6.71701 6.7233 6.72976 6.73638 6.74312 6.74996 6.75688 6.76385 6.77083 6.7778 6.78472 6.79157 6.79831 6.8049 6.81133 6.81755 6.82354 6.82926 6.83468 6.83978 6.84453 6.8489 6.85287 6.85642 6.85953 6.86218 6.86436 6.86606 6.86726 6.86797 6.86817 6.86787 6.86706 6.86576 6.86398 6.86171 6.85898 6.8558 6.85219 6.84816 6.84375 6.83898 6.83386 6.82844 6.82273 6.81678 6.8106 6.80423 6.79771 6.79107 6.78433 6.77753 6.7707 6.76387 6.75708 6.75034 6.74369 6.73716 6.73076 6.72453 6.71848 6.71263 6.70701 6.70162 6.69649 6.69163 6.68704 6.68275 6.67876 6.67508 6.67171 6.66866 6.66594 6.66354 6.66148 6.65976 6.65837 6.65732 6.65662 6.65625 
6.65148 6.65181 6.6525 6.65356 6.65497 6.65675 6.65889 6.66138 6.66423 6.66743 6.67097 6.67485 6.67906 6.6836 6.68845 6.69361 6.69906 6.70478 6.71077 6.71701 6.72347 6.73013 6.73698 6.74398 6.75112 6.75837 6.76569 6.77306 6.78044 6.78781 6.79513 6.80237 6.80949 6.81646 6.82325 6.82982 6.83614 6.84218 6.8479 6.85328 6.85829 6.8629 6.86709 6.87083 6.87411 6.87691 6.8792 6.88099 6.88226 6.883 6.88321 6.88288 6.88203 6.88066 6.87877 6.87637 6.87349 6.87012 6.86631 6.86206 6.8574 6.85235 6.84695 6.84121 6.83518 6.82889 6.82236 6.81562 6.80873 6.80169 6.79456 6.78737 6.78014 6.77291 6.76571 6.75858 6.75153 6.7446 6.73782 6.73121 6.72479 6.71859 6.71262 6.7069 6.70146 6.69629 6.69142 6.68686 6.68261 6.6787 6.67511 6.67187 6.66897 6.66642 6.66422 6.66238 6.6609 6.65978 6.65902 6.65863 
6.65392 6.65427 6.655 6.65611 6.65761 6.6595 6.66176 6.6644 6.66742 6.6708 6.67456 6.67867 6.68313 6.68793 6.69307 6.69853 6.7043 6.71036 6.7167 6.7233 6.73013 6.73718 6.74442 6.75183 6.75937 6.76703 6.77477 6.78255 6.79035 6.79813 6.80586 6.81349 6.82101 6.82836 6.83552 6.84245 6.84911 6.85547 6.8615 6.86717 6.87245 6.8773 6.88171 6.88565 6.8891 6.89205 6.89446 6.89634 6.89767 6.89844 6.89866 6.89832 6.89742 6.89596 6.89397 6.89144 6.8884 6.88485 6.88083 6.87634 6.87143 6.8661 6.8604 6.85436 6.84799 6.84135 6.83445 6.82735 6.82006 6.81264 6.8051 6.7975 6.78986 6.78222 6.77461 6.76706 6.75961 6.75228 6.74511 6.73811 6.73131 6.72474 6.71842 6.71236 6.70658 6.7011 6.69594 6.6911 6.68659 6.68243 6.67863 6.67518 6.6721 6.66939 6.66705 6.6651 6.66352 6.66232 6.66151 6.66109 
6.65645 6.65681 6.65758 6.65875 6.66034 6.66232 6.66472 6.66751 6.6707 6.67428 6.67825 6.68259 6.68731 6.69239 6.69783 6.7036 6.70969 6.7161 6.72279 6.72976 6.73698 6.74442 6.75206 6.75988 6.76784 6.77592 6.78408 6.79229 6.80051 6.80871 6.81685 6.8249 6.83281 6.84055 6.84809 6.85538 6.86239 6.86909 6.87543 6.88139 6.88694 6.89205 6.89668 6.90082 6.90445 6.90754 6.91007 6.91205 6.91344 6.91425 6.91448 6.91411 6.91316 6.91163 6.90953 6.90687 6.90366 6.89993 6.89569 6.89097 6.88579 6.88019 6.87419 6.86782 6.86111 6.85411 6.84685 6.83936 6.83168 6.82385 6.81591 6.80789 6.79983 6.79177 6.78374 6.77577 6.7679 6.76016 6.75258 6.74519 6.738 6.73106 6.72437 6.71796 6.71185 6.70605 6.70058 6.69546 6.69069 6.68628 6.68225 6.67859 6.67532 6.67245 6.66997 6.66789 6.66621 6.66494 6.66408 6.66362 
6.65904 6.65941 6.66022 6.66146 6.66313 6.66523 6.66775 6.6707 6.67406 6.67784 6.68203 6.68662 6.6916 6.69696 6.70269 6.70878 6.71521 6.72197 6.72903 6.73638 6.74398 6.75183 6.75988 6.76812 6.7765 6.78501 6.7936 6.80224 6.81089 6.81951 6.82808 6.83654 6.84486 6.853 6.86092 6.86858 6.87594 6.88297 6.88964 6.89589 6.90172 6.90708 6.91194 6.91629 6.92009 6.92333 6.92599 6.92805 6.92951 6.93036 6.93059 6.93021 6.9292 6.92759 6.92538 6.92259 6.91922 6.9153 6.91084 6.90588 6.90044 6.89455 6.88824 6.88154 6.8745 6.86713 6.85949 6.85162 6.84354 6.8353 6.82694 6.8185 6.81002 6.80152 6.79306 6.78467 6.77638 6.76822 6.76023 6.75243 6.74485 6.73752 6.73046 6.7237 6.71724 6.71112 6.70534 6.69992 6.69488 6.69022 6.68595 6.68209 6.67863 6.67559 6.67296 6.67076 6.66898 6.66763 6.66671 6.66622 
6.66169 6.66208 6.66292 6.66423 6.66598 6.66819 6.67085 6.67396 6.6775 6.68148 6.6859 6.69073 6.69598 6.70163 6.70766 6.71408 6.72085 6.72796 6.73539 6.74312 6.75112 6.75937 6.76784 6.7765 6.78532 6.79426 6.80328 6.81236 6.82144 6.8305 6.83949 6.84837 6.8571 6.86564 6.87395 6.88198 6.88971 6.89708 6.90406 6.91062 6.91672 6.92233 6.92743 6.93198 6.93596 6.93935 6.94213 6.94429 6.94582 6.94671 6.94695 6.94654 6.94549 6.9438 6.94148 6.93854 6.93501 6.93089 6.92622 6.92102 6.91531 6.90913 6.90251 6.89549 6.88809 6.88036 6.87235 6.86408 6.85559 6.84694 6.83816 6.82929 6.82037 6.81145 6.80255 6.79373 6.78501 6.77642 6.76801 6.7598 6.75182 6.7441 6.73667 6.72954 6.72274 6.71628 6.71019 6.70448 6.69916 6.69424 6.68974 6.68566 6.68201 6.67879 6.67602 6.67369 6.67181 6.67038 6.6694 6.66888 
6.66438 6.66479 6.66568 6.66705 6.66889 6.67121 6.67401 6.67727 6.681 6.68519 6.68983 6.69491 6.70043 6.70637 6.71271 6.71945 6.72657 6.73404 6.74185 6.74996 6.75837 6.76703 6.77592 6.78501 6.79426 6.80363 6.8131 6.82261 6.83214 6.84163 6.85105 6.86035 6.8695 6.87844 6.88714 6.89555 6.90363 6.91134 6.91865 6.92551 6.93189 6.93776 6.94309 6.94784 6.952 6.95555 6.95845 6.96071 6.9623 6.96323 6.96347 6.96304 6.96194 6.96017 6.95774 6.95467 6.95097 6.94666 6.94177 6.93633 6.93035 6.92388 6.91695 6.90959 6.90185 6.89375 6.88535 6.87668 6.8678 6.85873 6.84952 6.84022 6.83087 6.8215 6.81217 6.80291 6.79375 6.78474 6.7759 6.76728 6.7589 6.75079 6.74297 6.73547 6.72832 6.72153 6.71512 6.70911 6.70351 6.69833 6.69359 6.68929 6.68544 6.68205 6.67912 6.67667 6.67468 6.67317 6.67214 6.67159 
6.66712 6.66754 6.66847 6.6699 6.67184 6.67428 6.67721 6.68063 6.68455 6.68894 6.69381 6.69915 6.70493 6.71116 6.71782 6.72489 6.73235 6.74019 6.74837 6.75688 6.76569 6.77477 6.78408 6.7936 6.80328 6.8131 6.823 6.83296 6.84292 6.85285 6.86271 6.87243 6.88199 6.89134 6.90043 6.90921 6.91766 6.92571 6.93334 6.94051 6.94717 6.95329 6.95885 6.96381 6.96815 6.97185 6.97488 6.97723 6.97889 6.97985 6.98011 6.97966 6.9785 6.97665 6.97411 6.9709 6.96704 6.96254 6.95743 6.95174 6.9455 6.93874 6.93149 6.9238 6.9157 6.90724 6.89846 6.88939 6.8801 6.87061 6.86098 6.85124 6.84145 6.83165 6.82188 6.81217 6.80258 6.79314 6.78388 6.77484 6.76605 6.75754 6.74934 6.74147 6.73397 6.72684 6.72011 6.71379 6.70791 6.70247 6.69748 6.69296 6.68892 6.68535 6.68228 6.67969 6.6776 6.67601 6.67492 6.67433 
6.66988 6.67032 6.67129 6.67279 6.67482 6.67737 6.68044 6.68403 6.68813 6.69273 6.69783 6.70342 6.70948 6.716 6.72297 6.73037 6.73818 6.74638 6.75495 6.76385 6.77306 6.78255 6.79229 6.80224 6.81236 6.82261 6.83296 6.84336 6.85376 6.86413 6.87441 6.88456 6.89454 6.90429 6.91377 6.92293 6.93173 6.94013 6.94808 6.95554 6.96249 6.96887 6.97466 6.97983 6.98435 6.98819 6.99135 6.9938 6.99552 6.99652 6.99678 6.99631 6.9951 6.99317 6.99052 6.98718 6.98315 6.97845 6.97313 6.96719 6.96068 6.95363 6.94608 6.93806 6.92961 6.92078 6.91161 6.90215 6.89245 6.88254 6.87248 6.86231 6.85209 6.84184 6.83163 6.82149 6.81146 6.80158 6.7919 6.78244 6.77324 6.76433 6.75575 6.74751 6.73965 6.73218 6.72513 6.71851 6.71235 6.70664 6.70141 6.69667 6.69243 6.68869 6.68545 6.68274 6.68054 6.67887 6.67773 6.67711 
6.67266 6.67312 6.67413 6.6757 6.67781 6.68048 6.68369 6.68744 6.69172 6.69654 6.70187 6.70771 6.71404 6.72086 6.72814 6.73587 6.74403 6.75259 6.76154 6.77083 6.78044 6.79035 6.80051 6.81089 6.82144 6.83214 6.84292 6.85376 6.86461 6.87541 6.88612 6.89669 6.90708 6.91723 6.9271 6.93663 6.94579 6.95453 6.9628 6.97056 6.97778 6.98442 6.99044 6.99581 7.00051 7.00451 7.00778 7.01033 7.01212 7.01315 7.01342 7.01293 7.01167 7.00966 7.0069 7.00342 6.99923 6.99435 6.9888 6.98263 6.97585 6.96851 6.96065 6.9523 6.9435 6.93431 6.92476 6.9149 6.90479 6.89447 6.88399 6.87339 6.86272 6.85204 6.84139 6.83081 6.82034 6.81004 6.79993 6.79005 6.78045 6.77114 6.76217 6.75357 6.74535 6.73754 6.73017 6.72325 6.7168 6.71083 6.70536 6.7004 6.69595 6.69204 6.68865 6.68581 6.6835 6.68175 6.68055 6.6799 
6.67545 6.67592 6.67697 6.6786 6.68081 6.68359 6.68694 6.69085 6.69532 6.70034 6.70591 6.712 6.7186 6.72571 6.73331 6.74137 6.74987 6.7588 6.76811 6.7778 6.78781 6.79813 6.80871 6.81951 6.8305 6.84163 6.85285 6.86413 6.87541 6.88664 6.89778 6.90877 6.91956 6.93011 6.94036 6.95026 6.95978 6.96885 6.97744 6.9855 6.99299 6.99988 7.00612 7.0117 7.01657 7.02072 7.02412 7.02675 7.02861 7.02968 7.02996 7.02944 7.02814 7.02605 7.02319 7.01957 7.01521 7.01014 7.00438 6.99797 6.99093 6.98331 6.97514 6.96646 6.95732 6.94776 6.93784 6.9276 6.91708 6.90635 6.89544 6.88442 6.87332 6.86221 6.85112 6.8401 6.8292 6.81847 6.80793 6.79764 6.78763 6.77794 6.76859 6.75961 6.75104 6.7429 6.73521 6.72798 6.72125 6.71502 6.7093 6.70412 6.69948 6.69539 6.69185 6.68888 6.68647 6.68463 6.68337 6.68269 
6.67822 6.67871 6.67981 6.6815 6.6838 6.6867 6.69018 6.69426 6.69891 6.70414 6.70993 6.71627 6.72314 6.73054 6.73845 6.74683 6.75568 6.76496 6.77465 6.78472 6.79513 6.80586 6.81685 6.82808 6.83949 6.85105 6.86271 6.87441 6.88612 6.89778 6.90933 6.92073 6.93193 6.94287 6.9535 6.96377 6.97363 6.98303 6.99193 7.00028 7.00805 7.01518 7.02165 7.02742 7.03247 7.03676 7.04028 7.04301 7.04493 7.04604 7.04632 7.04579 7.04443 7.04226 7.0393 7.03554 7.03103 7.02578 7.01981 7.01316 7.00586 6.99796 6.98949 6.98049 6.97101 6.9611 6.9508 6.94017 6.92926 6.91812 6.9068 6.89535 6.88383 6.87228 6.86076 6.84932 6.83799 6.82683 6.81589 6.80519 6.79477 6.78469 6.77496 6.76562 6.7567 6.74822 6.74021 6.73269 6.72567 6.71918 6.71323 6.70783 6.70299 6.69872 6.69504 6.69193 6.68942 6.68751 6.68619 6.68548 
6.68098 6.68149 6.68262 6.68438 6.68677 6.68978 6.6934 6.69763 6.70247 6.7079 6.71391 6.7205 6.72764 6.73533 6.74353 6.75224 6.76143 6.77106 6.78112 6.79157 6.80237 6.81349 6.8249 6.83654 6.84837 6.86035 6.87243 6.88456 6.89669 6.90877 6.92073 6.93254 6.94413 6.95545 6.96645 6.97708 6.98728 6.99701 7.00622 7.01485 7.02288 7.03026 7.03694 7.04291 7.04813 7.05256 7.0562 7.05902 7.061 7.06214 7.06244 7.06188 7.06048 7.05823 7.05516 7.05128 7.04661 7.04118 7.035 7.02812 7.02058 7.0124 7.00363 6.99431 6.9845 6.97424 6.96358 6.95258 6.94127 6.92973 6.918 6.90614 6.8942 6.88223 6.87029 6.85842 6.84668 6.8351 6.82374 6.81264 6.80183 6.79136 6.78126 6.77156 6.7623 6.75349 6.74517 6.73735 6.73006 6.72331 6.71712 6.71151 6.70647 6.70203 6.6982 6.69497 6.69235 6.69036 6.68899 6.68824 
6.6837 6.68422 6.6854 6.68723 6.6897 6.69282 6.69657 6.70096 6.70598 6.71161 6.71784 6.72467 6.73208 6.74004 6.74855 6.75757 6.76709 6.77707 6.78749 6.79831 6.80949 6.82101 6.83281 6.84486 6.8571 6.8695 6.88199 6.89454 6.90708 6.91956 6.93193 6.94413 6.95611 6.96781 6.97917 6.99014 7.00068 7.01072 7.02023 7.02914 7.03743 7.04504 7.05194 7.0581 7.06348 7.06805 7.07181 7.07471 7.07676 7.07793 7.07823 7.07766 7.07621 7.07389 7.07072 7.06671 7.06189 7.05628 7.0499 7.0428 7.03501 7.02656 7.0175 7.00788 6.99774 6.98714 6.97613 6.96475 6.95307 6.94114 6.92901 6.91674 6.90439 6.89201 6.87965 6.86737 6.85521 6.84323 6.83147 6.81997 6.80878 6.79793 6.78746 6.77741 6.76781 6.75868 6.75005 6.74194 6.73438 6.72738 6.72096 6.71513 6.70991 6.7053 6.70131 6.69796 6.69525 6.69318 6.69175 6.69097 
6.68637 6.68692 6.68813 6.69002 6.69258 6.6958 6.69969 6.70423 6.70942 6.71525 6.7217 6.72877 6.73643 6.74467 6.75346 6.76279 6.77263 6.78295 6.79372 6.8049 6.81646 6.82836 6.84055 6.853 6.86564 6.87844 6.89134 6.90429 6.91723 6.93011 6.94287 6.95545 6.96781 6.97987 6.99158 7.0029 7.01376 7.02411 7.0339 7.04309 7.05162 7.05946 7.06657 7.07291 7.07845 7.08316 7.08703 7.09002 7.09212 7.09333 7.09364 7.09304 7.09155 7.08916 7.08589 7.08176 7.07679 7.07101 7.06444 7.05712 7.04908 7.04038 7.03104 7.02112 7.01067 6.99974 6.98837 6.97664 6.96459 6.95228 6.93976 6.9271 6.91435 6.90157 6.88881 6.87612 6.86356 6.85118 6.83903 6.82714 6.81557 6.80436 6.79354 6.78314 6.77321 6.76376 6.75483 6.74644 6.73862 6.73137 6.72472 6.71869 6.71328 6.7085 6.70438 6.7009 6.69809 6.69594 6.69446 6.69366 
6.68899 6.68954 6.6908 6.69275 6.69539 6.69872 6.70274 6.70743 6.71279 6.7188 6.72547 6.73276 6.74067 6.74917 6.75825 6.76789 6.77804 6.78869 6.7998 6.81133 6.82325 6.83552 6.84809 6.86092 6.87395 6.88714 6.90043 6.91377 6.9271 6.94036 6.9535 6.96645 6.97917 6.99158 7.00364 7.01528 7.02645 7.0371 7.04717 7.05662 7.06539 7.07346 7.08077 7.08728 7.09298 7.09782 7.10179 7.10487 7.10703 7.10827 7.10858 7.10797 7.10643 7.10397 7.10061 7.09637 7.09125 7.0853 7.07855 7.07102 7.06275 7.05379 7.04418 7.03398 7.02322 7.01197 7.00027 6.98819 6.97578 6.9631 6.95021 6.93717 6.92403 6.91086 6.89771 6.88463 6.87168 6.85892 6.84638 6.83413 6.82219 6.81062 6.79945 6.78872 6.77847 6.76872 6.7595 6.75083 6.74275 6.73526 6.72839 6.72216 6.71657 6.71163 6.70737 6.70378 6.70087 6.69864 6.69711 6.69628 
6.69153 6.6921 6.69339 6.6954 6.69812 6.70155 6.70569 6.71053 6.71605 6.72225 6.72912 6.73663 6.74478 6.75355 6.7629 6.77282 6.78328 6.79424 6.80568 6.81755 6.82982 6.84245 6.85538 6.86858 6.88198 6.89555 6.90921 6.92293 6.93663 6.95026 6.96377 6.97708 6.99014 7.0029 7.01528 7.02724 7.03871 7.04964 7.05998 7.06968 7.07869 7.08696 7.09446 7.10115 7.10699 7.11196 7.11604 7.11919 7.12141 7.12268 7.123 7.12237 7.12079 7.11826 7.11481 7.11045 7.1052 7.0991 7.09216 7.08443 7.07594 7.06674 7.05687 7.04639 7.03534 7.02377 7.01176 6.99934 6.98659 6.97356 6.96031 6.9469 6.93339 6.91984 6.90631 6.89286 6.87954 6.8664 6.8535 6.84088 6.8286 6.81668 6.80518 6.79413 6.78356 6.77352 6.76401 6.75509 6.74675 6.73904 6.73195 6.72552 6.71976 6.71467 6.71027 6.70656 6.70356 6.70127 6.69969 6.69882 
6.69398 6.69457 6.69589 6.69796 6.70076 6.70429 6.70855 6.71352 6.7192 6.72558 6.73264 6.74037 6.74875 6.75776 6.76737 6.77757 6.78832 6.79959 6.81134 6.82354 6.83614 6.84911 6.86239 6.87594 6.88971 6.90363 6.91766 6.93173 6.94579 6.95978 6.97363 6.98728 7.00068 7.01376 7.02645 7.03871 7.05047 7.06167 7.07227 7.0822 7.09143 7.09991 7.10759 7.11445 7.12043 7.12552 7.12969 7.13292 7.13519 7.13649 7.13682 7.13617 7.13455 7.13196 7.12843 7.12396 7.11858 7.11232 7.10521 7.09729 7.08859 7.07915 7.06904 7.05829 7.04696 7.03511 7.02278 7.01005 6.99697 6.9836 6.97 6.95624 6.94238 6.92847 6.91458 6.90077 6.88709 6.8736 6.86034 6.84738 6.83475 6.82251 6.81069 6.79933 6.78847 6.77814 6.76837 6.75918 6.75061 6.74267 6.73539 6.72877 6.72284 6.7176 6.71307 6.70926 6.70617 6.7038 6.70218 6.70128 
6.69633 6.69693 6.69829 6.70041 6.70329 6.70691 6.71128 6.71639 6.72222 6.72876 6.73601 6.74394 6.75254 6.76179 6.77165 6.78211 6.79314 6.80469 6.81675 6.82926 6.84218 6.85547 6.86909 6.88297 6.89708 6.91134 6.92571 6.94013 6.95453 6.96885 6.98303 6.99701 7.01072 7.02411 7.0371 7.04964 7.06167 7.07313 7.08397 7.09414 7.10358 7.11225 7.1201 7.12711 7.13323 7.13843 7.14269 7.14599 7.14831 7.14964 7.14998 7.14931 7.14765 7.14501 7.14139 7.13682 7.13132 7.12492 7.11764 7.10953 7.10063 7.09098 7.08063 7.06964 7.05804 7.04591 7.03329 7.02025 7.00686 6.99317 6.97924 6.96515 6.95095 6.9367 6.92247 6.90832 6.8943 6.88046 6.86688 6.85359 6.84064 6.82808 6.81595 6.8043 6.79316 6.78256 6.77253 6.7631 6.7543 6.74615 6.73867 6.73188 6.72579 6.72041 6.71575 6.71184 6.70866 6.70623 6.70456 6.70364 
6.69857 6.69918 6.70058 6.70275 6.70569 6.70941 6.71388 6.71911 6.72508 6.73179 6.73921 6.74734 6.75615 6.76561 6.77571 6.78642 6.79771 6.80954 6.82188 6.83468 6.8479 6.8615 6.87543 6.88964 6.90406 6.91865 6.93334 6.94808 6.9628 6.97744 6.99193 7.00622 7.02023 7.0339 7.04717 7.05998 7.07227 7.08397 7.09504 7.10542 7.11506 7.12391 7.13193 7.13908 7.14532 7.15063 7.15498 7.15835 7.16072 7.16207 7.16241 7.16173 7.16004 7.15734 7.15364 7.14898 7.14336 7.13682 7.12939 7.12112 7.11203 7.10217 7.0916 7.08036 7.06852 7.05612 7.04323 7.02991 7.01622 7.00223 6.98799 6.97359 6.95906 6.9445 6.92994 6.91546 6.90112 6.88697 6.87307 6.85947 6.84622 6.83336 6.82095 6.80902 6.7976 6.78675 6.77648 6.76682 6.75781 6.74946 6.74179 6.73483 6.72859 6.72307 6.71831 6.71429 6.71103 6.70854 6.70683 6.70589 
6.70068 6.70131 6.70273 6.70495 6.70796 6.71176 6.71633 6.72168 6.72779 6.73464 6.74223 6.75054 6.75954 6.76921 6.77954 6.79048 6.80201 6.8141 6.8267 6.83978 6.85328 6.86717 6.88139 6.89589 6.91062 6.92551 6.94051 6.95554 6.97056 6.9855 7.00028 7.01485 7.02914 7.04309 7.05662 7.06968 7.0822 7.09414 7.10542 7.116 7.12582 7.13484 7.14301 7.1503 7.15666 7.16207 7.1665 7.16993 7.17234 7.17372 7.17407 7.17337 7.17165 7.16889 7.16513 7.16037 7.15465 7.14798 7.14041 7.13197 7.12271 7.11266 7.10188 7.09042 7.07835 7.0657 7.05256 7.03897 7.02501 7.01073 6.99621 6.9815 6.96668 6.95181 6.93696 6.92218 6.90753 6.89309 6.87889 6.86499 6.85146 6.83833 6.82564 6.81345 6.80179 6.79069 6.7802 6.77033 6.76111 6.75257 6.74474 6.73761 6.73123 6.72559 6.72071 6.7166 6.71327 6.71072 6.70897 6.708 
6.70265 6.70329 6.70475 6.70701 6.71008 6.71396 6.71862 6.72408 6.73031 6.73731 6.74505 6.75352 6.7627 6.77257 6.7831 6.79426 6.80602 6.81835 6.8312 6.84453 6.85829 6.87245 6.88694 6.90172 6.91672 6.93189 6.94717 6.96249 6.97778 6.99299 7.00805 7.02288 7.03743 7.05162 7.06539 7.07869 7.09143 7.10358 7.11506 7.12582 7.13581 7.14499 7.1533 7.16071 7.16718 7.17269 7.17719 7.18068 7.18313 7.18453 7.18488 7.18418 7.18242 7.17962 7.17579 7.17095 7.16513 7.15834 7.15064 7.14205 7.13262 7.1224 7.11143 7.09977 7.08747 7.0746 7.06122 7.04739 7.03317 7.01863 7.00384 6.98886 6.97377 6.95862 6.94348 6.92842 6.9135 6.89877 6.8843 6.87014 6.85634 6.84295 6.83002 6.81758 6.80569 6.79437 6.78366 6.77359 6.76419 6.75548 6.74748 6.74021 6.73369 6.72794 6.72296 6.71876 6.71536 6.71276 6.71097 6.70998 
6.70448 6.70513 6.70661 6.70891 6.71204 6.71599 6.72074 6.7263 6.73264 6.73976 6.74765 6.75627 6.76562 6.77567 6.78639 6.79775 6.80972 6.82226 6.83533 6.8489 6.8629 6.8773 6.89205 6.90708 6.92233 6.93776 6.95329 6.96887 6.98442 6.99988 7.01518 7.03026 7.04504 7.05946 7.07346 7.08696 7.09991 7.11225 7.12391 7.13484 7.14499 7.1543 7.16275 7.17027 7.17684 7.18243 7.18701 7.19055 7.19304 7.19446 7.19481 7.1941 7.19231 7.18947 7.18558 7.18066 7.17474 7.16786 7.16003 7.15131 7.14173 7.13134 7.1202 7.10835 7.09586 7.08278 7.06918 7.05512 7.04067 7.02589 7.01085 6.99563 6.98028 6.96488 6.94948 6.93417 6.91899 6.90401 6.88928 6.87487 6.86083 6.8472 6.83404 6.82139 6.80928 6.79776 6.78685 6.7766 6.76703 6.75816 6.75001 6.74261 6.73597 6.73011 6.72503 6.72076 6.71729 6.71464 6.71281 6.71181 
6.70614 6.7068 6.70831 6.71065 6.71383 6.71784 6.72267 6.72831 6.73476 6.742 6.75001 6.75878 6.76828 6.77849 6.78938 6.80092 6.81308 6.82581 6.83909 6.85287 6.86709 6.88171 6.89668 6.91194 6.92743 6.94309 6.95885 6.97466 6.99044 7.00612 7.02165 7.03694 7.05194 7.06657 7.08077 7.09446 7.10759 7.1201 7.13193 7.14301 7.1533 7.16275 7.1713 7.17893 7.1856 7.19126 7.1959 7.19949 7.20201 7.20345 7.20381 7.20308 7.20127 7.19839 7.19444 7.18946 7.18346 7.17647 7.16854 7.15969 7.14998 7.13945 7.12815 7.11613 7.10346 7.09019 7.07639 7.06213 7.04747 7.03247 7.01722 7.00176 6.98619 6.97055 6.95493 6.93938 6.92397 6.90876 6.89381 6.87917 6.86491 6.85107 6.8377 6.82484 6.81254 6.80084 6.78976 6.77934 6.76961 6.76059 6.75231 6.74479 6.73804 6.73208 6.72692 6.72258 6.71905 6.71636 6.7145 6.71348 
6.70763 6.70831 6.70983 6.71221 6.71543 6.7195 6.7244 6.73013 6.73667 6.74401 6.75213 6.76102 6.77066 6.78101 6.79205 6.80375 6.81608 6.82899 6.84246 6.85642 6.87083 6.88565 6.90082 6.91629 6.93198 6.94784 6.96381 6.97983 6.99581 7.0117 7.02742 7.04291 7.0581 7.07291 7.08728 7.10115 7.11445 7.12711 7.13908 7.1503 7.16071 7.17027 7.17893 7.18665 7.1934 7.19913 7.20382 7.20745 7.21 7.21146 7.21183 7.21109 7.20926 7.20634 7.20234 7.1973 7.19123 7.18416 7.17612 7.16717 7.15734 7.14667 7.13523 7.12306 7.11023 7.0968 7.08283 7.06838 7.05353 7.03835 7.02289 7.00724 6.99146 6.97562 6.95979 6.94403 6.92841 6.913 6.89785 6.88301 6.86856 6.85453 6.84097 6.82794 6.81546 6.80359 6.79236 6.78179 6.77192 6.76278 6.75438 6.74675 6.7399 6.73385 6.72862 6.72421 6.72064 6.7179 6.71601 6.71498 
6.70895 6.70963 6.71117 6.71358 6.71684 6.72096 6.72592 6.73172 6.73834 6.74577 6.754 6.763 6.77275 6.78322 6.7944 6.80624 6.81871 6.83178 6.8454 6.85953 6.87411 6.8891 6.90445 6.92009 6.93596 6.952 6.96815 6.98435 7.00051 7.01657 7.03247 7.04813 7.06348 7.07845 7.09298 7.10699 7.12043 7.13323 7.14532 7.15666 7.16718 7.17684 7.1856 7.1934 7.20021 7.206 7.21074 7.21441 7.21699 7.21846 7.21883 7.21808 7.21623 7.21328 7.20924 7.20414 7.19801 7.19086 7.18275 7.1737 7.16376 7.15298 7.14142 7.12912 7.11615 7.10258 7.08845 7.07385 7.05883 7.04348 7.02785 7.01203 6.99607 6.98005 6.96404 6.9481 6.9323 6.91671 6.90138 6.88638 6.87175 6.85755 6.84384 6.83064 6.81802 6.80601 6.79464 6.78394 6.77395 6.76469 6.75619 6.74847 6.74153 6.73541 6.73011 6.72565 6.72203 6.71926 6.71735 6.7163 
6.71008 6.71077 6.71232 6.71475 6.71805 6.72221 6.72723 6.73308 6.73977 6.74728 6.75559 6.76468 6.77453 6.78511 6.7964 6.80836 6.82096 6.83416 6.84791 6.86218 6.87691 6.89205 6.90754 6.92333 6.93935 6.95555 6.97185 6.98819 7.00451 7.02072 7.03676 7.05256 7.06805 7.08316 7.09782 7.11196 7.12552 7.13843 7.15063 7.16207 7.17269 7.18243 7.19126 7.19913 7.206 7.21184 7.21662 7.22032 7.22292 7.22441 7.22478 7.22402 7.22215 7.21918 7.21511 7.20996 7.20377 7.19657 7.18838 7.17925 7.16922 7.15835 7.14668 7.13427 7.12119 7.10749 7.09323 7.0785 7.06334 7.04785 7.03207 7.0161 6.99999 6.98382 6.96766 6.95157 6.93562 6.91987 6.90439 6.88924 6.87447 6.86013 6.84628 6.83296 6.82021 6.80807 6.79658 6.78578 6.77569 6.76633 6.75774 6.74994 6.74293 6.73675 6.73139 6.72688 6.72322 6.72042 6.71849 6.71743 
6.71102 6.71171 6.71328 6.71573 6.71906 6.72325 6.72831 6.73421 6.74096 6.74853 6.75691 6.76607 6.776 6.78667 6.79805 6.81011 6.82281 6.83612 6.84998 6.86436 6.8792 6.89446 6.91007 6.92599 6.94213 6.95845 6.97488 6.99135 7.00778 7.02412 7.04028 7.0562 7.07181 7.08703 7.10179 7.11604 7.12969 7.14269 7.15498 7.1665 7.17719 7.18701 7.1959 7.20382 7.21074 7.21662 7.22144 7.22516 7.22778 7.22928 7.22965 7.22889 7.227 7.22401 7.21991 7.21473 7.20849 7.20123 7.19299 7.18379 7.17369 7.16274 7.15099 7.13849 7.12531 7.11151 7.09715 7.0823 7.06704 7.05142 7.03553 7.01944 7.00321 6.98691 6.97062 6.95441 6.93834 6.92247 6.90687 6.8916 6.87671 6.86225 6.84829 6.83486 6.822 6.80977 6.79819 6.78729 6.77712 6.76769 6.75902 6.75115 6.74409 6.73785 6.73245 6.7279 6.72421 6.72139 6.71944 6.71837 
6.71176 6.71245 6.71403 6.7165 6.71985 6.72407 6.72916 6.7351 6.74189 6.74951 6.75794 6.76716 6.77716 6.78789 6.79934 6.81148 6.82426 6.83764 6.85159 6.86606 6.88099 6.89634 6.91205 6.92805 6.94429 6.96071 6.97723 6.9938 7.01033 7.02675 7.04301 7.05902 7.07471 7.09002 7.10487 7.11919 7.13292 7.14599 7.15835 7.16993 7.18068 7.19055 7.19949 7.20745 7.21441 7.22032 7.22516 7.22891 7.23154 7.23304 7.23341 7.23265 7.23076 7.22774 7.22362 7.21841 7.21214 7.20485 7.19655 7.18731 7.17715 7.16614 7.15432 7.14176 7.1285 7.11462 7.10018 7.08525 7.0699 7.0542 7.03821 7.02202 7.0057 6.98931 6.97293 6.95662 6.94045 6.92448 6.90879 6.89342 6.87845 6.8639 6.84985 6.83634 6.82341 6.81109 6.79944 6.78848 6.77824 6.76875 6.76003 6.75211 6.745 6.73872 6.73328 6.7287 6.72499 6.72215 6.72019 6.71911 
6.71229 6.71299 6.71458 6.71706 6.72042 6.72466 6.72977 6.73574 6.74256 6.75021 6.75868 6.76794 6.77798 6.78876 6.80026 6.81245 6.82528 6.83873 6.85273 6.86726 6.88226 6.89767 6.91344 6.92951 6.94582 6.9623 6.97889 6.99552 7.01212 7.02861 7.04493 7.061 7.07676 7.09212 7.10703 7.12141 7.13519 7.14831 7.16072 7.17234 7.18313 7.19304 7.20201 7.21 7.21699 7.22292 7.22778 7.23154 7.23418 7.23569 7.23606 7.2353 7.23339 7.23037 7.22623 7.221 7.21471 7.20738 7.19906 7.18978 7.17959 7.16853 7.15667 7.14405 7.13074 7.11681 7.10231 7.08733 7.07191 7.05615 7.0401 7.02385 7.00746 6.991 6.97455 6.95817 6.94194 6.92591 6.91015 6.89472 6.87968 6.86507 6.85096 6.83739 6.8244 6.81204 6.80033 6.78932 6.77904 6.7695 6.76075 6.75279 6.74565 6.73934 6.73388 6.72928 6.72555 6.7227 6.72073 6.71965 
6.71262 6.71332 6.71492 6.7174 6.72077 6.72502 6.73014 6.73613 6.74296 6.75064 6.75913 6.76841 6.77847 6.78928 6.80081 6.81303 6.82589 6.83936 6.8534 6.86797 6.883 6.89844 6.91425 6.93036 6.94671 6.96323 6.97985 6.99652 7.01315 7.02968 7.04604 7.06214 7.07793 7.09333 7.10827 7.12268 7.13649 7.14964 7.16207 7.17372 7.18453 7.19446 7.20345 7.21146 7.21846 7.22441 7.22928 7.23304 7.23569 7.2372 7.23758 7.23681 7.2349 7.23187 7.22772 7.22248 7.21618 7.20884 7.20049 7.19119 7.18098 7.1699 7.15801 7.14536 7.13203 7.11806 7.10354 7.08851 7.07307 7.05727 7.04119 7.0249 7.00847 6.99197 6.97549 6.95907 6.9428 6.92673 6.91094 6.89547 6.8804 6.86576 6.85161 6.83801 6.82499 6.8126 6.80086 6.78983 6.77952 6.76996 6.76118 6.7532 6.74605 6.73972 6.73425 6.72964 6.7259 6.72304 6.72106 6.71998 
