6.52575 6.52593 6.52624 6.52667 6.52722 6.52789 6.52868 6.52959 6.53062 6.53177 6.53303 6.53442 6.53592 6.53753 6.53926 6.5411 6.54305 6.54509 6.54724 6.54948 6.55181 6.55422 6.55671 6.55926 6.56188 6.56454 6.56724 6.56997 6.57272 6.57547 6.57822 6.58095 6.58365 6.5863 6.58889 6.59141 6.59384 6.59617 6.59839 6.60049 6.60245 6.60426 6.60592 6.6074 6.60871 6.60983 6.61077 6.6115 6.61203 6.61236 6.61249 6.6124 6.61211 6.61162 6.61093 6.61004 6.60896 6.6077 6.60626 6.60466 6.60291 6.60101 6.59898 6.59683 6.59457 6.59221 6.58978 6.58728 6.58472 6.58213 6.5795 6.57687 6.57423 6.57161 6.56901 6.56644 6.56392 6.56146 6.55906 6.55673 6.55449 6.55233 6.55027 6.54831 6.54645 6.5447 6.54307 6.54155 6.54015 6.53886 6.5377 6.53666 6.53574 6.53495 6.53428 6.53373 6.53331 6.533 6.53282 6.53277 
6.52593 6.52612 6.52643 6.52686 6.52741 6.52808 6.52887 6.52979 6.53082 6.53198 6.53325 6.53465 6.53616 6.53778 6.53952 6.54137 6.54332 6.54538 6.54754 6.5498 6.55214 6.55457 6.55707 6.55964 6.56227 6.56495 6.56766 6.57041 6.57318 6.57595 6.57871 6.58146 6.58417 6.58684 6.58945 6.59198 6.59443 6.59678 6.59901 6.60112 6.60309 6.60492 6.60658 6.60808 6.60939 6.61052 6.61146 6.6122 6.61273 6.61307 6.61319 6.6131 6.61281 6.61232 6.61162 6.61072 6.60964 6.60837 6.60692 6.60531 6.60355 6.60164 6.59959 6.59743 6.59515 6.59278 6.59033 6.58782 6.58524 6.58263 6.57999 6.57734 6.57469 6.57205 6.56943 6.56685 6.56431 6.56183 6.55942 6.55708 6.55482 6.55265 6.55057 6.5486 6.54673 6.54497 6.54333 6.5418 6.54038 6.53909 6.53792 6.53688 6.53595 6.53515 6.53448 6.53393 6.5335 6.53319 6.53301 6.53295 
6.52624 6.52643 6.52674 6.52717 6.52773 6.52841 6.52922 6.53014 6.53119 6.53237 6.53366 6.53507 6.5366 6.53825 6.54002 6.54189 6.54388 6.54597 6.54816 6.55045 6.55283 6.5553 6.55784 6.56045 6.56311 6.56583 6.56859 6.57138 6.57419 6.577 6.57981 6.5826 6.58535 6.58806 6.5907 6.59328 6.59576 6.59814 6.60041 6.60255 6.60456 6.60641 6.60809 6.60961 6.61095 6.61209 6.61304 6.61379 6.61434 6.61467 6.61479 6.61471 6.61441 6.61391 6.6132 6.61229 6.61118 6.6099 6.60843 6.60679 6.605 6.60306 6.60098 6.59878 6.59647 6.59407 6.59158 6.58902 6.58641 6.58376 6.58108 6.57839 6.57569 6.57301 6.57035 6.56773 6.56515 6.56263 6.56018 6.5578 6.5555 6.5533 6.55119 6.54918 6.54728 6.5455 6.54382 6.54227 6.54083 6.53952 6.53833 6.53726 6.53632 6.53551 6.53482 6.53426 6.53382 6.53351 6.53332 6.53326 
6.52667 6.52686 6.52717 6.52761 6.52818 6.52888 6.5297 6.53065 6.53173 6.53293 6.53425 6.5357 6.53726 6.53895 6.54076 6.54268 6.54472 6.54686 6.5491 6.55145 6.55389 6.55641 6.55901 6.56168 6.56442 6.5672 6.57003 6.57289 6.57576 6.57864 6.58151 6.58437 6.58719 6.58996 6.59266 6.5953 6.59784 6.60028 6.6026 6.60479 6.60683 6.60873 6.61045 6.612 6.61337 6.61454 6.61551 6.61628 6.61683 6.61717 6.6173 6.61721 6.6169 6.61639 6.61566 6.61473 6.6136 6.61228 6.61077 6.6091 6.60726 6.60527 6.60315 6.6009 6.59853 6.59607 6.59352 6.5909 6.58822 6.58551 6.58276 6.58 6.57724 6.57449 6.57177 6.56908 6.56644 6.56385 6.56134 6.5589 6.55654 6.55428 6.55212 6.55006 6.54811 6.54628 6.54456 6.54296 6.54149 6.54014 6.53892 6.53782 6.53685 6.53602 6.53531 6.53473 6.53428 6.53395 6.53376 6.53369 
6.52722 6.52741 6.52773 6.52818 6.52877 6.52949 6.53033 6.53131 6.53242 6.53366 6.53502 6.53652 6.53813 6.53988 6.54174 6.54373 6.54583 6.54804 6.55036 6.55278 6.5553 6.55791 6.56059 6.56335 6.56617 6.56905 6.57197 6.57492 6.57788 6.58085 6.58382 6.58676 6.58967 6.59253 6.59532 6.59804 6.60066 6.60317 6.60556 6.60782 6.60993 6.61188 6.61366 6.61525 6.61666 6.61787 6.61887 6.61965 6.62022 6.62057 6.6207 6.6206 6.62029 6.61975 6.619 6.61804 6.61687 6.61551 6.61396 6.61223 6.61033 6.60828 6.60608 6.60376 6.60132 6.59878 6.59614 6.59344 6.59068 6.58787 6.58504 6.58218 6.57933 6.57649 6.57368 6.5709 6.56817 6.5655 6.5629 6.56038 6.55794 6.5556 6.55336 6.55123 6.54921 6.54731 6.54553 6.54388 6.54235 6.54095 6.53968 6.53855 6.53754 6.53667 6.53594 6.53533 6.53486 6.53452 6.53432 6.53424 
6.52789 6.52808 6.52841 6.52888 6.52949 6.53023 6.53111 6.53212 6.53327 6.53456 6.53598 6.53753 6.53922 6.54103 6.54297 6.54504 6.54722 6.54952 6.55194 6.55446 6.55708 6.55979 6.56258 6.56545 6.56838 6.57137 6.57441 6.57747 6.58056 6.58364 6.58672 6.58978 6.5928 6.59577 6.59867 6.60149 6.60421 6.60682 6.6093 6.61164 6.61383 6.61585 6.6177 6.61935 6.62081 6.62206 6.6231 6.62391 6.6245 6.62486 6.62499 6.62489 6.62456 6.624 6.62322 6.62222 6.621 6.61958 6.61797 6.61617 6.6142 6.61207 6.60979 6.60737 6.60483 6.60219 6.59945 6.59664 6.59377 6.59085 6.5879 6.58493 6.58197 6.57901 6.57608 6.57319 6.57035 6.56757 6.56486 6.56223 6.55969 6.55725 6.55492 6.55269 6.55059 6.54861 6.54675 6.54502 6.54342 6.54196 6.54064 6.53945 6.53839 6.53748 6.53671 6.53607 6.53558 6.53522 6.535 6.53492 
6.52868 6.52887 6.52922 6.5297 6.53033 6.53111 6.53203 6.53309 6.53429 6.53563 6.53712 6.53875 6.54051 6.54241 6.54444 6.5466 6.54889 6.5513 6.55383 6.55647 6.55921 6.56205 6.56497 6.56797 6.57105 6.57417 6.57735 6.58055 6.58378 6.58701 6.59023 6.59342 6.59658 6.59968 6.60271 6.60565 6.6085 6.61122 6.61381 6.61625 6.61854 6.62065 6.62257 6.6243 6.62582 6.62712 6.6282 6.62904 6.62966 6.63003 6.63016 6.63005 6.62971 6.62912 6.6283 6.62725 6.62598 6.6245 6.62281 6.62093 6.61887 6.61664 6.61425 6.61173 6.60907 6.60631 6.60344 6.6005 6.5975 6.59444 6.59135 6.58825 6.58514 6.58204 6.57898 6.57594 6.57297 6.57005 6.56721 6.56445 6.56179 6.55923 6.55678 6.55445 6.55224 6.55015 6.5482 6.54638 6.5447 6.54316 6.54177 6.54051 6.5394 6.53844 6.53762 6.53695 6.53642 6.53604 6.5358 6.53571 
6.52959 6.52979 6.53014 6.53065 6.53131 6.53212 6.53309 6.5342 6.53547 6.53688 6.53844 6.54015 6.54201 6.54401 6.54615 6.54843 6.55084 6.55337 6.55604 6.55881 6.5617 6.56468 6.56776 6.57092 6.57415 6.57744 6.58078 6.58415 6.58754 6.59094 6.59432 6.59768 6.60099 6.60425 6.60743 6.61052 6.6135 6.61636 6.61908 6.62164 6.62404 6.62625 6.62827 6.63007 6.63167 6.63303 6.63416 6.63504 6.63568 6.63607 6.63621 6.63609 6.63572 6.6351 6.63424 6.63314 6.6318 6.63024 6.62847 6.62649 6.62432 6.62198 6.61947 6.61681 6.61402 6.61111 6.60811 6.60501 6.60185 6.59864 6.59539 6.59212 6.58885 6.58559 6.58236 6.57916 6.57602 6.57295 6.56996 6.56705 6.56424 6.56154 6.55896 6.55649 6.55415 6.55195 6.54989 6.54797 6.54619 6.54456 6.54308 6.54175 6.54057 6.53955 6.53868 6.53796 6.5374 6.53699 6.53673 6.53663 
6.53062 6.53082 6.53119 6.53173 6.53242 6.53327 6.53429 6.53547 6.5368 6.5383 6.53995 6.54176 6.54372 6.54583 6.5481 6.55051 6.55306 6.55574 6.55855 6.56149 6.56454 6.5677 6.57095 6.57429 6.57771 6.58118 6.58471 6.58827 6.59184 6.59543 6.599 6.60254 6.60604 6.60947 6.61283 6.61608 6.61923 6.62224 6.6251 6.6278 6.63032 6.63265 6.63477 6.63668 6.63835 6.63978 6.64097 6.6419 6.64257 6.64297 6.64311 6.64299 6.64259 6.64194 6.64103 6.63986 6.63845 6.6368 6.63493 6.63284 6.63056 6.62808 6.62543 6.62263 6.61968 6.61661 6.61343 6.61016 6.60682 6.60343 6.6 6.59654 6.59308 6.58964 6.58622 6.58284 6.57952 6.57627 6.57309 6.57002 6.56704 6.56418 6.56143 6.55882 6.55634 6.554 6.55181 6.54977 6.54788 6.54614 6.54457 6.54315 6.5419 6.5408 6.53987 6.5391 6.5385 6.53806 6.53778 6.53766 
6.53177 6.53198 6.53237 6.53293 6.53366 6.53456 6.53563 6.53688 6.5383 6.53988 6.54163 6.54355 6.54564 6.54788 6.55028 6.55284 6.55555 6.5584 6.56138 6.5645 6.56773 6.57108 6.57454 6.57808 6.5817 6.58538 6.58912 6.59289 6.59668 6.60047 6.60425 6.608 6.6117 6.61534 6.61889 6.62233 6.62565 6.62884 6.63186 6.63472 6.63738 6.63984 6.64208 6.64409 6.64585 6.64736 6.64861 6.64959 6.65029 6.65072 6.65086 6.65073 6.65031 6.64961 6.64864 6.64741 6.64591 6.64417 6.64218 6.63997 6.63755 6.63493 6.63213 6.62915 6.62603 6.62278 6.61941 6.61595 6.61241 6.60881 6.60517 6.60151 6.59784 6.59418 6.59055 6.58697 6.58344 6.57999 6.57662 6.57334 6.57018 6.56713 6.56422 6.56143 6.55879 6.5563 6.55397 6.55179 6.54977 6.54792 6.54624 6.54472 6.54338 6.54221 6.54121 6.54038 6.53973 6.53925 6.53895 6.53882 
6.53303 6.53325 6.53366 6.53425 6.53502 6.53598 6.53712 6.53844 6.53995 6.54163 6.5435 6.54554 6.54776 6.55015 6.5527 6.55543 6.55831 6.56134 6.56451 6.56783 6.57127 6.57484 6.57851 6.58227 6.58612 6.59003 6.594 6.59801 6.60203 6.60606 6.61008 6.61405 6.61798 6.62184 6.6256 6.62925 6.63277 6.63614 6.63935 6.64237 6.64519 6.64779 6.65016 6.65229 6.65415 6.65575 6.65707 6.65811 6.65885 6.65929 6.65944 6.65929 6.65885 6.6581 6.65707 6.65576 6.65417 6.65232 6.65021 6.64787 6.6453 6.64251 6.63954 6.63638 6.63307 6.62961 6.62604 6.62236 6.6186 6.61477 6.6109 6.60701 6.60311 6.59922 6.59536 6.59154 6.58779 6.58411 6.58052 6.57703 6.57366 6.57041 6.5673 6.56433 6.56151 6.55885 6.55635 6.55402 6.55186 6.54988 6.54808 6.54646 6.54502 6.54376 6.54269 6.5418 6.54109 6.54057 6.54024 6.54009 
6.53442 6.53465 6.53507 6.5357 6.53652 6.53753 6.53875 6.54015 6.54176 6.54355 6.54554 6.54772 6.55008 6.55263 6.55536 6.55826 6.56133 6.56456 6.56795 6.57148 6.57515 6.57895 6.58286 6.58687 6.59096 6.59513 6.59936 6.60362 6.6079 6.61219 6.61645 6.62068 6.62486 6.62895 6.63295 6.63683 6.64057 6.64415 6.64755 6.65075 6.65374 6.6565 6.65902 6.66127 6.66324 6.66494 6.66633 6.66742 6.66821 6.66868 6.66883 6.66867 6.66819 6.6674 6.6663 6.6649 6.66321 6.66124 6.659 6.65651 6.65377 6.65082 6.64765 6.6443 6.64077 6.6371 6.63329 6.62938 6.62537 6.6213 6.61718 6.61304 6.60888 6.60474 6.60062 6.59655 6.59255 6.58862 6.58479 6.58107 6.57747 6.574 6.57067 6.5675 6.56448 6.56164 6.55896 6.55647 6.55416 6.55203 6.5501 6.54835 6.54681 6.54545 6.5443 6.54334 6.54258 6.54202 6.54165 6.54148 
6.53592 6.53616 6.5366 6.53726 6.53813 6.53922 6.54051 6.54201 6.54372 6.54564 6.54776 6.55008 6.55261 6.55533 6.55824 6.56134 6.56461 6.56806 6.57168 6.57545 6.57937 6.58341 6.58758 6.59186 6.59623 6.60067 6.60517 6.60971 6.61427 6.61883 6.62338 6.62788 6.63232 6.63667 6.64092 6.64504 6.64902 6.65282 6.65644 6.65984 6.66302 6.66594 6.66861 6.671 6.67309 6.67489 6.67637 6.67752 6.67835 6.67885 6.67901 6.67883 6.67831 6.67747 6.6763 6.67481 6.67301 6.67091 6.66853 6.66588 6.66297 6.65982 6.65645 6.65287 6.64912 6.64521 6.64116 6.63699 6.63272 6.62839 6.624 6.61957 6.61514 6.61072 6.60633 6.60199 6.59772 6.59352 6.58943 6.58546 6.58161 6.5779 6.57434 6.57094 6.56771 6.56466 6.5618 6.55912 6.55664 6.55436 6.55229 6.55041 6.54875 6.54729 6.54605 6.54501 6.54419 6.54358 6.54318 6.54299 
6.53753 6.53778 6.53825 6.53895 6.53988 6.54103 6.54241 6.54401 6.54583 6.54788 6.55015 6.55263 6.55533 6.55823 6.56134 6.56465 6.56815 6.57184 6.5757 6.57973 6.58391 6.58823 6.59268 6.59724 6.60189 6.60663 6.61143 6.61627 6.62113 6.62599 6.63082 6.63562 6.64034 6.64498 6.6495 6.65388 6.65811 6.66215 6.66599 6.66961 6.67298 6.67609 6.67892 6.68146 6.68368 6.68558 6.68715 6.68838 6.68925 6.68977 6.68994 6.68975 6.6892 6.68829 6.68705 6.68546 6.68354 6.68131 6.67877 6.67594 6.67285 6.66949 6.6659 6.6621 6.6581 6.65394 6.64962 6.64518 6.64063 6.63601 6.63133 6.62661 6.62188 6.61717 6.61248 6.60784 6.60328 6.5988 6.59443 6.59018 6.58606 6.58209 6.57828 6.57465 6.57119 6.56792 6.56485 6.56198 6.55932 6.55687 6.55464 6.55263 6.55084 6.54927 6.54793 6.54681 6.54592 6.54526 6.54483 6.54462 
6.53926 6.53952 6.54002 6.54076 6.54174 6.54297 6.54444 6.54615 6.5481 6.55028 6.5527 6.55536 6.55824 6.56134 6.56467 6.5682 6.57194 6.57588 6.58 6.5843 6.58876 6.59337 6.59812 6.60299 6.60796 6.61301 6.61812 6.62328 6.62846 6.63363 6.63878 6.64389 6.64891 6.65385 6.65866 6.66332 6.66781 6.67211 6.67619 6.68004 6.68362 6.68692 6.68993 6.69262 6.69498 6.697 6.69866 6.69996 6.70088 6.70143 6.7016 6.70139 6.70081 6.69984 6.69851 6.69682 6.69478 6.6924 6.6897 6.68669 6.68339 6.67982 6.676 6.67195 6.66769 6.66325 6.65866 6.65392 6.64908 6.64415 6.63916 6.63413 6.62909 6.62405 6.61905 6.6141 6.60923 6.60444 6.59977 6.59523 6.59082 6.58658 6.5825 6.57861 6.57491 6.57141 6.56812 6.56504 6.56219 6.55956 6.55716 6.555 6.55308 6.55139 6.54994 6.54874 6.54778 6.54706 6.54659 6.54635 
6.5411 6.54137 6.54189 6.54268 6.54373 6.54504 6.5466 6.54843 6.55051 6.55284 6.55543 6.55826 6.56134 6.56465 6.5682 6.57198 6.57597 6.58017 6.58457 6.58916 6.59392 6.59885 6.60391 6.6091 6.61439 6.61978 6.62523 6.63072 6.63624 6.64175 6.64723 6.65266 6.65801 6.66326 6.66837 6.67333 6.67811 6.68268 6.68701 6.6911 6.6949 6.69841 6.7016 6.70445 6.70695 6.70909 6.71085 6.71223 6.71321 6.71379 6.71396 6.71374 6.71311 6.71208 6.71066 6.70886 6.70669 6.70416 6.70128 6.69808 6.69457 6.69077 6.6867 6.68239 6.67786 6.67314 6.66824 6.6632 6.65804 6.65279 6.64747 6.64211 6.63673 6.63136 6.62603 6.62075 6.61554 6.61044 6.60545 6.60059 6.59589 6.59135 6.58699 6.58282 6.57886 6.57511 6.57159 6.56829 6.56523 6.56241 6.55984 6.55752 6.55545 6.55364 6.55209 6.55079 6.54975 6.54897 6.54846 6.5482 
6.54305 6.54332 6.54388 6.54472 6.54583 6.54722 6.54889 6.55084 6.55306 6.55555 6.55831 6.56133 6.56461 6.56815 6.57194 6.57597 6.58023 6.58472 6.58941 6.5943 6.59938 6.60463 6.61002 6.61555 6.6212 6.62693 6.63273 6.63858 6.64445 6.65031 6.65615 6.66192 6.66761 6.67319 6.67862 6.68389 6.68896 6.69381 6.69842 6.70275 6.70679 6.71051 6.71389 6.71692 6.71957 6.72184 6.7237 6.72516 6.72619 6.7268 6.72699 6.72674 6.72607 6.72498 6.72347 6.72155 6.71924 6.71655 6.71349 6.71009 6.70635 6.70231 6.69799 6.69341 6.68859 6.68356 6.67835 6.67298 6.66749 6.6619 6.65624 6.65053 6.6448 6.63908 6.63339 6.62776 6.62221 6.61677 6.61144 6.60626 6.60123 6.59638 6.59173 6.58727 6.58304 6.57903 6.57526 6.57173 6.56845 6.56543 6.56268 6.56019 6.55797 6.55602 6.55435 6.55296 6.55184 6.551 6.55044 6.55016 
6.54509 6.54538 6.54597 6.54686 6.54804 6.54952 6.5513 6.55337 6.55574 6.5584 6.56134 6.56456 6.56806 6.57184 6.57588 6.58017 6.58472 6.5895 6.5945 6.59971 6.60512 6.61071 6.61645 6.62234 6.62834 6.63444 6.64062 6.64684 6.65308 6.65931 6.66551 6.67164 6.67768 6.6836 6.68937 6.69496 6.70035 6.70549 6.71038 6.71497 6.71925 6.72319 6.72678 6.72998 6.73279 6.73519 6.73717 6.7387 6.7398 6.74044 6.74063 6.74037 6.73965 6.73849 6.73688 6.73484 6.73239 6.72953 6.72628 6.72267 6.7187 6.71441 6.70982 6.70495 6.69983 6.69449 6.68895 6.68325 6.67741 6.67147 6.66544 6.65937 6.65327 6.64718 6.64113 6.63513 6.62922 6.62342 6.61774 6.61221 6.60685 6.60168 6.59671 6.59196 6.58743 6.58315 6.57912 6.57535 6.57184 6.56861 6.56566 6.563 6.56062 6.55853 6.55674 6.55524 6.55403 6.55313 6.55252 6.55221 
6.54724 6.54754 6.54816 6.5491 6.55036 6.55194 6.55383 6.55604 6.55855 6.56138 6.56451 6.56795 6.57168 6.5757 6.58 6.58457 6.58941 6.5945 6.59982 6.60537 6.61112 6.61707 6.62318 6.62943 6.63582 6.6423 6.64886 6.65546 6.66209 6.6687 6.67528 6.68179 6.6882 6.69448 6.70059 6.70652 6.71222 6.71768 6.72285 6.72771 6.73225 6.73642 6.74021 6.74361 6.74658 6.74911 6.7512 6.75282 6.75398 6.75466 6.75485 6.75457 6.75381 6.75257 6.75086 6.7487 6.7461 6.74307 6.73962 6.73579 6.73158 6.72703 6.72216 6.717 6.71156 6.70589 6.70002 6.69397 6.68777 6.68145 6.67505 6.6686 6.66212 6.65565 6.64921 6.64284 6.63655 6.63037 6.62432 6.61844 6.61273 6.60722 6.60192 6.59686 6.59203 6.58746 6.58316 6.57913 6.57539 6.57194 6.56878 6.56593 6.56339 6.56116 6.55923 6.55763 6.55634 6.55536 6.55471 6.55437 
6.54948 6.5498 6.55045 6.55145 6.55278 6.55446 6.55647 6.55881 6.56149 6.5645 6.56783 6.57148 6.57545 6.57973 6.5843 6.58916 6.5943 6.59971 6.60537 6.61127 6.61738 6.62369 6.63018 6.63682 6.64359 6.65047 6.65743 6.66443 6.67146 6.67847 6.68544 6.69233 6.69912 6.70577 6.71225 6.71852 6.72456 6.73033 6.7358 6.74094 6.74573 6.75015 6.75415 6.75774 6.76088 6.76356 6.76576 6.76747 6.76869 6.7694 6.7696 6.7693 6.76849 6.76718 6.76537 6.76308 6.76033 6.75711 6.75347 6.74941 6.74495 6.74013 6.73497 6.7295 6.72375 6.71774 6.71151 6.7051 6.69852 6.69183 6.68504 6.67819 6.67132 6.66445 6.65762 6.65085 6.64416 6.6376 6.63118 6.62492 6.61885 6.61299 6.60735 6.60196 6.59682 6.59195 6.58737 6.58308 6.57909 6.57541 6.57204 6.569 6.56628 6.56389 6.56184 6.56012 6.55874 6.55769 6.55699 6.55662 
6.55181 6.55214 6.55283 6.55389 6.5553 6.55708 6.55921 6.5617 6.56454 6.56773 6.57127 6.57515 6.57937 6.58391 6.58876 6.59392 6.59938 6.60512 6.61112 6.61738 6.62386 6.63055 6.63743 6.64447 6.65165 6.65893 6.6663 6.67372 6.68115 6.68857 6.69595 6.70324 6.71042 6.71745 6.7243 6.73093 6.7373 6.7434 6.74918 6.75461 6.75967 6.76432 6.76855 6.77234 6.77565 6.77847 6.78079 6.7826 6.78388 6.78463 6.78484 6.78451 6.78365 6.78226 6.78035 6.77793 6.77502 6.77162 6.76777 6.76347 6.75876 6.75367 6.74821 6.74242 6.73634 6.72998 6.72339 6.7166 6.70965 6.70256 6.69537 6.68812 6.68084 6.67356 6.66632 6.65914 6.65205 6.64509 6.63828 6.63164 6.62519 6.61897 6.61298 6.60725 6.60179 6.59661 6.59174 6.58717 6.58292 6.57901 6.57542 6.57218 6.56928 6.56674 6.56455 6.56271 6.56123 6.56012 6.55936 6.55896 
6.55422 6.55457 6.5553 6.55641 6.55791 6.55979 6.56205 6.56468 6.5677 6.57108 6.57484 6.57895 6.58341 6.58823 6.59337 6.59885 6.60463 6.61071 6.61707 6.62369 6.63055 6.63763 6.64491 6.65236 6.65995 6.66766 6.67545 6.68329 6.69114 6.69899 6.70678 6.71448 6.72206 6.72948 6.7367 6.7437 6.75042 6.75685 6.76294 6.76867 6.774 6.77891 6.78336 6.78735 6.79083 6.79381 6.79625 6.79815 6.79949 6.80028 6.8005 6.80015 6.79924 6.79777 6.79575 6.7932 6.79012 6.78654 6.78247 6.77794 6.77297 6.76759 6.76183 6.75572 6.74929 6.74258 6.73562 6.72845 6.7211 6.71361 6.70601 6.69835 6.69065 6.68295 6.67529 6.66769 6.66019 6.65282 6.6456 6.63856 6.63174 6.62514 6.61879 6.61271 6.60691 6.60142 6.59625 6.5914 6.58689 6.58273 6.57892 6.57547 6.57239 6.56968 6.56735 6.56539 6.56382 6.56262 6.56181 6.56139 
6.55671 6.55707 6.55784 6.55901 6.56059 6.56258 6.56497 6.56776 6.57095 6.57454 6.57851 6.58286 6.58758 6.59268 6.59812 6.60391 6.61002 6.61645 6.62318 6.63018 6.63743 6.64491 6.6526 6.66047 6.66848 6.67662 6.68484 6.69311 6.7014 6.70967 6.71788 6.726 6.73399 6.7418 6.74941 6.75678 6.76386 6.77063 6.77704 6.78307 6.78867 6.79384 6.79852 6.80271 6.80638 6.8095 6.81207 6.81406 6.81547 6.8163 6.81652 6.81615 6.81519 6.81364 6.81152 6.80883 6.80558 6.80181 6.79752 6.79275 6.78752 6.78185 6.77578 6.76934 6.76257 6.7555 6.74816 6.7406 6.73285 6.72494 6.71693 6.70884 6.70071 6.69258 6.68449 6.67646 6.66854 6.66075 6.65312 6.64568 6.63846 6.63148 6.62476 6.61832 6.61219 6.60637 6.60089 6.59575 6.59097 6.58655 6.58251 6.57886 6.57559 6.57271 6.57023 6.56815 6.56648 6.56521 6.56434 6.56388 
6.55926 6.55964 6.56045 6.56168 6.56335 6.56545 6.56797 6.57092 6.57429 6.57808 6.58227 6.58687 6.59186 6.59724 6.60299 6.6091 6.61555 6.62234 6.62943 6.63682 6.64447 6.65236 6.66047 6.66876 6.67721 6.68578 6.69444 6.70315 6.71187 6.72058 6.72922 6.73776 6.74617 6.75439 6.76239 6.77013 6.77758 6.78468 6.79142 6.79775 6.80364 6.80906 6.81398 6.81838 6.82223 6.8255 6.8282 6.83029 6.83176 6.83262 6.83286 6.83247 6.83145 6.82983 6.82759 6.82476 6.82135 6.81738 6.81288 6.80786 6.80235 6.7964 6.79001 6.78324 6.77612 6.76868 6.76096 6.753 6.74484 6.73652 6.72808 6.71956 6.71099 6.70243 6.6939 6.68544 6.67708 6.66886 6.66081 6.65296 6.64534 6.63797 6.63087 6.62407 6.61759 6.61144 6.60564 6.60021 6.59515 6.59048 6.5862 6.58233 6.57887 6.57582 6.57319 6.57099 6.56921 6.56786 6.56694 6.56645 
6.56188 6.56227 6.56311 6.56442 6.56617 6.56838 6.57105 6.57415 6.57771 6.5817 6.58612 6.59096 6.59623 6.60189 6.60796 6.61439 6.6212 6.62834 6.63582 6.64359 6.65165 6.65995 6.66848 6.67721 6.68609 6.69511 6.70421 6.71336 6.72253 6.73168 6.74076 6.74973 6.75855 6.76718 6.77558 6.7837 6.79151 6.79897 6.80603 6.81267 6.81884 6.82452 6.82968 6.83428 6.83831 6.84175 6.84457 6.84675 6.8483 6.8492 6.84944 6.84903 6.84796 6.84625 6.8439 6.84093 6.83735 6.83319 6.82846 6.8232 6.81742 6.81117 6.80447 6.79736 6.78988 6.78207 6.77396 6.7656 6.75703 6.74829 6.73941 6.73046 6.72145 6.71245 6.70347 6.69457 6.68578 6.67712 6.66865 6.66038 6.65235 6.64458 6.6371 6.62993 6.6231 6.61661 6.6105 6.60476 6.59942 6.59449 6.58997 6.58588 6.58222 6.579 6.57622 6.57389 6.572 6.57057 6.56959 6.56907 
6.56454 6.56495 6.56583 6.5672 6.56905 6.57137 6.57417 6.57744 6.58118 6.58538 6.59003 6.59513 6.60067 6.60663 6.61301 6.61978 6.62693 6.63444 6.6423 6.65047 6.65893 6.66766 6.67662 6.68578 6.69511 6.70456 6.71411 6.72372 6.73334 6.74293 6.75244 6.76185 6.77109 6.78013 6.78893 6.79743 6.80561 6.81341 6.82081 6.82775 6.83421 6.84016 6.84555 6.85037 6.85458 6.85817 6.86111 6.8634 6.86501 6.86595 6.8662 6.86576 6.86465 6.86285 6.86039 6.85728 6.85354 6.84918 6.84423 6.83871 6.83266 6.82611 6.8191 6.81165 6.80381 6.79562 6.78712 6.77836 6.76937 6.7602 6.7509 6.7415 6.73206 6.7226 6.71318 6.70383 6.69459 6.6855 6.6766 6.66791 6.65946 6.6513 6.64343 6.63589 6.62869 6.62187 6.61543 6.60939 6.60376 6.59856 6.5938 6.58949 6.58563 6.58223 6.5793 6.57684 6.57485 6.57334 6.5723 6.57175 
6.56724 6.56766 6.56859 6.57003 6.57197 6.57441 6.57735 6.58078 6.58471 6.58912 6.594 6.59936 6.60517 6.61143 6.61812 6.62523 6.63273 6.64062 6.64886 6.65743 6.6663 6.67545 6.68484 6.69444 6.70421 6.71411 6.72412 6.73417 6.74424 6.75427 6.76423 6.77407 6.78373 6.79319 6.80238 6.81127 6.81982 6.82797 6.8357 6.84295 6.8497 6.8559 6.86153 6.86656 6.87096 6.8747 6.87777 6.88016 6.88184 6.88281 6.88307 6.88261 6.88144 6.87957 6.877 6.87375 6.86983 6.86527 6.8601 6.85434 6.84801 6.84117 6.83383 6.82604 6.81785 6.80928 6.8004 6.79123 6.78182 6.77222 6.76248 6.75265 6.74275 6.73285 6.72298 6.71318 6.7035 6.69397 6.68463 6.67552 6.66666 6.65808 6.64983 6.64191 6.63435 6.62718 6.62042 6.61407 6.60816 6.60269 6.59769 6.59315 6.58909 6.58551 6.58242 6.57983 6.57773 6.57614 6.57505 6.57446 
6.56997 6.57041 6.57138 6.57289 6.57492 6.57747 6.58055 6.58415 6.58827 6.59289 6.59801 6.60362 6.60971 6.61627 6.62328 6.63072 6.63858 6.64684 6.65546 6.66443 6.67372 6.68329 6.69311 6.70315 6.71336 6.72372 6.73417 6.74468 6.75519 6.76568 6.77607 6.78634 6.79643 6.8063 6.81589 6.82517 6.83408 6.84258 6.85063 6.8582 6.86523 6.87169 6.87756 6.8828 6.88738 6.89128 6.89448 6.89696 6.89871 6.89972 6.89998 6.89951 6.89828 6.89633 6.89364 6.89025 6.88617 6.88141 6.87602 6.87001 6.86341 6.85627 6.84861 6.84049 6.83194 6.823 6.81372 6.80414 6.79432 6.7843 6.77412 6.76384 6.7535 6.74315 6.73283 6.72258 6.71246 6.70249 6.69271 6.68317 6.6739 6.66492 6.65627 6.64797 6.64006 6.63254 6.62545 6.61879 6.61259 6.60686 6.6016 6.59684 6.59258 6.58882 6.58558 6.58285 6.58065 6.57897 6.57782 6.5772 
6.57272 6.57318 6.57419 6.57576 6.57788 6.58056 6.58378 6.58754 6.59184 6.59668 6.60203 6.6079 6.61427 6.62113 6.62846 6.63624 6.64445 6.65308 6.66209 6.67146 6.68115 6.69114 6.7014 6.71187 6.72253 6.73334 6.74424 6.75519 6.76616 6.77708 6.78792 6.79862 6.80913 6.8194 6.82939 6.83905 6.84833 6.85718 6.86556 6.87342 6.88074 6.88746 6.89356 6.89901 6.90377 6.90782 6.91115 6.91373 6.91554 6.91659 6.91687 6.91637 6.91509 6.91306 6.91026 6.90673 6.90248 6.89753 6.89192 6.88566 6.87879 6.87135 6.86338 6.85492 6.84601 6.8367 6.82703 6.81706 6.80682 6.79637 6.78576 6.77504 6.76426 6.75346 6.74269 6.732 6.72142 6.71102 6.70081 6.69084 6.68115 6.67177 6.66273 6.65406 6.64578 6.63792 6.63049 6.62353 6.61704 6.61104 6.60554 6.60055 6.59609 6.59215 6.58875 6.58589 6.58358 6.58182 6.58061 6.57996 
6.57547 6.57595 6.577 6.57864 6.58085 6.58364 6.58701 6.59094 6.59543 6.60047 6.60606 6.61219 6.61883 6.62599 6.63363 6.64175 6.65031 6.65931 6.6687 6.67847 6.68857 6.69899 6.70967 6.72058 6.73168 6.74293 6.75427 6.76568 6.77708 6.78845 6.79972 6.81084 6.82177 6.83245 6.84283 6.85286 6.8625 6.87169 6.8804 6.88857 6.89616 6.90314 6.90948 6.91513 6.92007 6.92427 6.92772 6.9304 6.93228 6.93337 6.93365 6.93313 6.9318 6.92968 6.92678 6.92311 6.9187 6.91356 6.90772 6.90122 6.89409 6.88636 6.87808 6.86928 6.86002 6.85034 6.84029 6.82991 6.81927 6.8084 6.79736 6.7862 6.77498 6.76373 6.75252 6.74138 6.73037 6.71952 6.70888 6.6985 6.68839 6.67861 6.66918 6.66013 6.65149 6.64329 6.63554 6.62827 6.62149 6.61522 6.60947 6.60426 6.59959 6.59548 6.59193 6.58894 6.58652 6.58468 6.58341 6.58272 
6.57822 6.57871 6.57981 6.58151 6.58382 6.58672 6.59023 6.59432 6.599 6.60425 6.61008 6.61645 6.62338 6.63082 6.63878 6.64723 6.65615 6.66551 6.67528 6.68544 6.69595 6.70678 6.71788 6.72922 6.74076 6.75244 6.76423 6.77607 6.78792 6.79972 6.81141 6.82296 6.8343 6.84538 6.85614 6.86655 6.87654 6.88607 6.89509 6.90356 6.91143 6.91867 6.92523 6.93108 6.9362 6.94055 6.94412 6.94689 6.94884 6.94996 6.95025 6.94971 6.94834 6.94614 6.94313 6.93933 6.93475 6.92942 6.92337 6.91663 6.90923 6.90122 6.89263 6.88351 6.8739 6.86386 6.85342 6.84265 6.8316 6.82032 6.80886 6.79727 6.78561 6.77392 6.76227 6.7507 6.73925 6.72797 6.71691 6.7061 6.69559 6.6854 6.67559 6.66617 6.65717 6.64863 6.64056 6.63298 6.62592 6.61938 6.61339 6.60796 6.60309 6.5988 6.59509 6.59197 6.58945 6.58752 6.5862 6.58548 
6.58095 6.58146 6.5826 6.58437 6.58676 6.58978 6.59342 6.59768 6.60254 6.608 6.61405 6.62068 6.62788 6.63562 6.64389 6.65266 6.66192 6.67164 6.68179 6.69233 6.70324 6.71448 6.726 6.73776 6.74973 6.76185 6.77407 6.78634 6.79862 6.81084 6.82296 6.83491 6.84666 6.85813 6.86928 6.88005 6.89039 6.90025 6.90958 6.91834 6.92648 6.93396 6.94075 6.9468 6.95209 6.95659 6.96028 6.96314 6.96515 6.96631 6.96661 6.96605 6.96462 6.96235 6.95924 6.9553 6.95056 6.94505 6.93879 6.93181 6.92416 6.91586 6.90697 6.89753 6.88758 6.87718 6.86638 6.85522 6.84377 6.83208 6.8202 6.80819 6.7961 6.78399 6.7719 6.7599 6.74802 6.73632 6.72483 6.71361 6.7027 6.69213 6.68193 6.67214 6.6628 6.65392 6.64553 6.63765 6.6303 6.62351 6.61728 6.61162 6.60656 6.60209 6.59823 6.59498 6.59236 6.59035 6.58897 6.58822 
6.58365 6.58417 6.58535 6.58719 6.58967 6.5928 6.59658 6.60099 6.60604 6.6117 6.61798 6.62486 6.63232 6.64034 6.64891 6.65801 6.66761 6.67768 6.6882 6.69912 6.71042 6.72206 6.73399 6.74617 6.75855 6.77109 6.78373 6.79643 6.80913 6.82177 6.8343 6.84666 6.85879 6.87065 6.88216 6.89329 6.90397 6.91416 6.92379 6.93284 6.94124 6.94896 6.95596 6.96221 6.96767 6.97231 6.97612 6.97907 6.98115 6.98234 6.98265 6.98206 6.98059 6.97824 6.97503 6.97096 6.96607 6.96038 6.95391 6.94671 6.9388 6.93023 6.92105 6.91129 6.90101 6.89026 6.87909 6.86756 6.85573 6.84363 6.83135 6.81892 6.80642 6.79388 6.78137 6.76894 6.75664 6.74452 6.73263 6.72101 6.7097 6.69874 6.68817 6.67803 6.66834 6.65913 6.65042 6.64225 6.63463 6.62758 6.62111 6.61524 6.60998 6.60534 6.60133 6.59796 6.59523 6.59314 6.59171 6.59092 
6.5863 6.58684 6.58806 6.58996 6.59253 6.59577 6.59968 6.60425 6.60947 6.61534 6.62184 6.62895 6.63667 6.64498 6.65385 6.66326 6.67319 6.6836 6.69448 6.70577 6.71745 6.72948 6.7418 6.75439 6.76718 6.78013 6.79319 6.8063 6.8194 6.83245 6.84538 6.85813 6.87065 6.88287 6.89475 6.90622 6.91723 6.92773 6.93766 6.94698 6.95564 6.9636 6.97081 6.97724 6.98287 6.98765 6.99157 6.99461 6.99674 6.99797 6.99829 6.99768 6.99617 6.99374 6.99043 6.98624 6.9812 6.97533 6.96867 6.96124 6.95309 6.94425 6.93478 6.92472 6.91412 6.90303 6.89151 6.87962 6.8674 6.85492 6.84224 6.82941 6.8165 6.80355 6.79063 6.77779 6.76508 6.75256 6.74026 6.72825 6.71655 6.70522 6.69429 6.68379 6.67376 6.66423 6.65522 6.64676 6.63887 6.63157 6.62487 6.61879 6.61334 6.60853 6.60438 6.60088 6.59805 6.59589 6.5944 6.59358 
6.58889 6.58945 6.5907 6.59266 6.59532 6.59867 6.60271 6.60743 6.61283 6.61889 6.6256 6.63295 6.64092 6.6495 6.65866 6.66837 6.67862 6.68937 6.70059 6.71225 6.7243 6.7367 6.74941 6.76239 6.77558 6.78893 6.80238 6.81589 6.82939 6.84283 6.85614 6.86928 6.88216 6.89475 6.90698 6.91878 6.93011 6.94091 6.95113 6.96072 6.96962 6.9778 6.98522 6.99183 6.99762 7.00253 7.00656 7.00968 7.01188 7.01314 7.01346 7.01284 7.01128 7.00878 7.00537 7.00107 6.99588 6.98984 6.98298 6.97534 6.96696 6.95787 6.94812 6.93777 6.92685 6.91544 6.90358 6.89133 6.87874 6.86589 6.85283 6.83961 6.8263 6.81296 6.79964 6.7864 6.77329 6.76037 6.74769 6.7353 6.72323 6.71153 6.70025 6.68941 6.67905 6.66921 6.6599 6.65116 6.64301 6.63546 6.62854 6.62225 6.61662 6.61165 6.60735 6.60374 6.60081 6.59857 6.59702 6.59618 
6.59141 6.59198 6.59328 6.5953 6.59804 6.60149 6.60565 6.61052 6.61608 6.62233 6.62925 6.63683 6.64504 6.65388 6.66332 6.67333 6.68389 6.69496 6.70652 6.71852 6.73093 6.7437 6.75678 6.77013 6.7837 6.79743 6.81127 6.82517 6.83905 6.85286 6.86655 6.88005 6.89329 6.90622 6.91878 6.93091 6.94255 6.95364 6.96413 6.97397 6.98311 6.99151 6.99912 7.00591 7.01184 7.01689 7.02102 7.02422 7.02648 7.02777 7.0281 7.02746 7.02585 7.02329 7.01979 7.01537 7.01004 7.00384 6.9968 6.98896 6.98034 6.97101 6.961 6.95036 6.93915 6.92742 6.91523 6.90264 6.8897 6.87649 6.86306 6.84947 6.83578 6.82205 6.80835 6.79472 6.78123 6.76794 6.75488 6.74212 6.72969 6.71764 6.70602 6.69485 6.68418 6.67403 6.66444 6.65543 6.64702 6.63924 6.6321 6.62562 6.6198 6.61468 6.61024 6.60651 6.60348 6.60117 6.59958 6.59871 
6.59384 6.59443 6.59576 6.59784 6.60066 6.60421 6.6085 6.6135 6.61923 6.62565 6.63277 6.64057 6.64902 6.65811 6.66781 6.67811 6.68896 6.70035 6.71222 6.72456 6.7373 6.75042 6.76386 6.77758 6.79151 6.80561 6.81982 6.83408 6.84833 6.8625 6.87654 6.89039 6.90397 6.91723 6.93011 6.94255 6.95448 6.96584 6.9766 6.98668 6.99605 7.00466 7.01245 7.01941 7.02549 7.03065 7.03489 7.03816 7.04047 7.04179 7.04213 7.04147 7.03983 7.0372 7.03362 7.02908 7.02362 7.01727 7.01005 7.00201 6.99318 6.98361 6.97335 6.96244 6.95094 6.93891 6.92641 6.9135 6.90023 6.88667 6.87288 6.85893 6.84488 6.83079 6.81671 6.80272 6.78887 6.77521 6.76179 6.74868 6.7359 6.72352 6.71157 6.70009 6.68911 6.67868 6.66881 6.65954 6.65089 6.64288 6.63553 6.62886 6.62288 6.6176 6.61303 6.60919 6.60607 6.60369 6.60205 6.60115 
6.59617 6.59678 6.59814 6.60028 6.60317 6.60682 6.61122 6.61636 6.62224 6.62884 6.63614 6.64415 6.65282 6.66215 6.67211 6.68268 6.69381 6.70549 6.71768 6.73033 6.7434 6.75685 6.77063 6.78468 6.79897 6.81341 6.82797 6.84258 6.85718 6.87169 6.88607 6.90025 6.91416 6.92773 6.94091 6.95364 6.96584 6.97748 6.98848 6.99879 7.00838 7.01718 7.02515 7.03227 7.03848 7.04376 7.04809 7.05144 7.0538 7.05515 7.05549 7.05482 7.05314 7.05045 7.04678 7.04214 7.03656 7.03006 7.02268 7.01445 7.00541 6.99562 6.98512 6.97395 6.96219 6.94987 6.93707 6.92385 6.91026 6.89637 6.88225 6.86796 6.85356 6.83912 6.8247 6.81036 6.79616 6.78215 6.7684 6.75494 6.74184 6.72914 6.71688 6.70509 6.69383 6.68312 6.67299 6.66347 6.65459 6.64637 6.63882 6.63196 6.62582 6.62039 6.6157 6.61175 6.60855 6.6061 6.60441 6.60349 
6.59839 6.59901 6.60041 6.6026 6.60556 6.6093 6.61381 6.61908 6.6251 6.63186 6.63935 6.64755 6.65644 6.66599 6.67619 6.68701 6.69842 6.71038 6.72285 6.7358 6.74918 6.76294 6.77704 6.79142 6.80603 6.82081 6.8357 6.85063 6.86556 6.8804 6.89509 6.90958 6.92379 6.93766 6.95113 6.96413 6.9766 6.98848 6.99971 7.01025 7.02003 7.02901 7.03716 7.04442 7.05076 7.05615 7.06057 7.06399 7.06639 7.06777 7.06812 7.06743 7.06571 7.06297 7.05923 7.05449 7.04879 7.04215 7.03461 7.02621 7.01698 7.00698 6.99625 6.98484 6.97282 6.96024 6.94716 6.93364 6.91976 6.90556 6.89112 6.87651 6.86179 6.84702 6.83227 6.8176 6.80306 6.78873 6.77465 6.76088 6.74747 6.73447 6.72191 6.70985 6.69831 6.68734 6.67696 6.66721 6.65811 6.64968 6.64194 6.63492 6.62862 6.62306 6.61825 6.61419 6.61091 6.6084 6.60667 6.60572 
6.60049 6.60112 6.60255 6.60479 6.60782 6.61164 6.61625 6.62164 6.6278 6.63472 6.64237 6.65075 6.65984 6.66961 6.68004 6.6911 6.70275 6.71497 6.72771 6.74094 6.75461 6.76867 6.78307 6.79775 6.81267 6.82775 6.84295 6.8582 6.87342 6.88857 6.90356 6.91834 6.93284 6.94698 6.96072 6.97397 6.98668 6.99879 7.01025 7.02098 7.03096 7.04011 7.04841 7.05581 7.06227 7.06777 7.07227 7.07575 7.0782 7.07961 7.07996 7.07926 7.0775 7.07471 7.07089 7.06606 7.06025 7.05348 7.0458 7.03723 7.02783 7.01763 7.00669 6.99506 6.9828 6.96996 6.95662 6.94283 6.92867 6.91418 6.89945 6.88454 6.86951 6.85443 6.83937 6.82439 6.80955 6.79492 6.78054 6.76647 6.75277 6.73948 6.72664 6.71431 6.70252 6.69131 6.6807 6.67073 6.66142 6.6528 6.64488 6.6377 6.63125 6.62556 6.62064 6.6165 6.61314 6.61057 6.60879 6.60782 
6.60245 6.60309 6.60456 6.60683 6.60993 6.61383 6.61854 6.62404 6.63032 6.63738 6.64519 6.65374 6.66302 6.67298 6.68362 6.6949 6.70679 6.71925 6.73225 6.74573 6.75967 6.774 6.78867 6.80364 6.81884 6.83421 6.8497 6.86523 6.88074 6.89616 6.91143 6.92648 6.94124 6.95564 6.96962 6.98311 6.99605 7.00838 7.02003 7.03096 7.0411 7.05042 7.05886 7.06639 7.07296 7.07855 7.08313 7.08667 7.08916 7.09059 7.09094 7.09023 7.08845 7.0856 7.08172 7.0768 7.07089 7.06401 7.05619 7.04747 7.0379 7.02752 7.01638 7.00454 6.99206 6.979 6.96541 6.95137 6.93695 6.92219 6.90719 6.892 6.87669 6.86133 6.84598 6.83071 6.81559 6.80067 6.78601 6.77167 6.75769 6.74414 6.73105 6.71848 6.70645 6.695 6.68418 6.674 6.66451 6.65571 6.64763 6.64029 6.63372 6.62791 6.62288 6.61865 6.61522 6.61259 6.61078 6.60979 
6.60426 6.60492 6.60641 6.60873 6.61188 6.61585 6.62065 6.62625 6.63265 6.63984 6.64779 6.6565 6.66594 6.67609 6.68692 6.69841 6.71051 6.72319 6.73642 6.75015 6.76432 6.77891 6.79384 6.80906 6.82452 6.84016 6.8559 6.87169 6.88746 6.90314 6.91867 6.93396 6.94896 6.9636 6.9778 6.99151 7.00466 7.01718 7.02901 7.04011 7.05042 7.05988 7.06845 7.0761 7.08277 7.08845 7.09309 7.09669 7.09922 7.10067 7.10103 7.1003 7.09849 7.09561 7.09166 7.08667 7.08066 7.07367 7.06573 7.05687 7.04714 7.0366 7.02528 7.01326 7.00057 6.9873 6.97349 6.95922 6.94456 6.92956 6.9143 6.89886 6.88329 6.86767 6.85206 6.83653 6.82114 6.80596 6.79105 6.77645 6.76223 6.74844 6.73512 6.72231 6.71006 6.69841 6.68739 6.67703 6.66735 6.65839 6.65016 6.64269 6.63599 6.63007 6.62495 6.62064 6.61714 6.61446 6.61262 6.6116 
6.60592 6.60658 6.60809 6.61045 6.61366 6.6177 6.62257 6.62827 6.63477 6.64208 6.65016 6.65902 6.66861 6.67892 6.68993 6.7016 6.71389 6.72678 6.74021 6.75415 6.76855 6.78336 6.79852 6.81398 6.82968 6.84555 6.86153 6.87756 6.89356 6.90948 6.92523 6.94075 6.95596 6.97081 6.98522 6.99912 7.01245 7.02515 7.03716 7.04841 7.05886 7.06845 7.07714 7.08489 7.09166 7.09741 7.10212 7.10577 7.10833 7.1098 7.11017 7.10943 7.10759 7.10467 7.10066 7.0956 7.08951 7.08242 7.07437 7.06539 7.05552 7.04483 7.03335 7.02115 7.00829 6.99482 6.98082 6.96634 6.95145 6.93624 6.92076 6.90508 6.88928 6.87342 6.85757 6.84181 6.82618 6.81077 6.79562 6.7808 6.76635 6.75234 6.73881 6.7258 6.71335 6.70151 6.69031 6.67978 6.66995 6.66084 6.65247 6.64487 6.63806 6.63204 6.62684 6.62245 6.61889 6.61617 6.61429 6.61326 
6.6074 6.60808 6.60961 6.612 6.61525 6.61935 6.6243 6.63007 6.63668 6.64409 6.65229 6.66127 6.671 6.68146 6.69262 6.70445 6.71692 6.72998 6.74361 6.75774 6.77234 6.78735 6.80271 6.81838 6.83428 6.85037 6.86656 6.8828 6.89901 6.91513 6.93108 6.9468 6.96221 6.97724 6.99183 7.00591 7.01941 7.03227 7.04442 7.05581 7.06639 7.0761 7.08489 7.09273 7.09958 7.10541 7.11017 7.11386 7.11646 7.11794 7.11831 7.11757 7.11571 7.11274 7.10869 7.10357 7.0974 7.09023 7.08207 7.07298 7.06299 7.05217 7.04055 7.0282 7.01517 7.00153 6.98735 6.97268 6.95761 6.9422 6.92651 6.91063 6.89462 6.87855 6.8625 6.84652 6.83069 6.81506 6.79971 6.78468 6.77004 6.75583 6.74211 6.72891 6.71629 6.70429 6.69292 6.68224 6.67227 6.66303 6.65454 6.64683 6.63992 6.63381 6.62853 6.62408 6.62047 6.61771 6.6158 6.61475 
6.60871 6.60939 6.61095 6.61337 6.61666 6.62081 6.62582 6.63167 6.63835 6.64585 6.65415 6.66324 6.67309 6.68368 6.69498 6.70695 6.71957 6.73279 6.74658 6.76088 6.77565 6.79083 6.80638 6.82223 6.83831 6.85458 6.87096 6.88738 6.90377 6.92007 6.9362 6.95209 6.96767 6.98287 6.99762 7.01184 7.02549 7.03848 7.05076 7.06227 7.07296 7.08277 7.09166 7.09958 7.1065 7.11239 7.1172 7.12093 7.12355 7.12505 7.12542 7.12467 7.12279 7.11979 7.1157 7.11052 7.10429 7.09704 7.0888 7.07961 7.06952 7.05858 7.04683 7.03435 7.02118 7.00739 6.99305 6.97823 6.96299 6.9474 6.93155 6.91548 6.89929 6.88304 6.8668 6.85064 6.83462 6.81882 6.80328 6.78808 6.77326 6.75888 6.745 6.73165 6.71887 6.70672 6.69522 6.6844 6.6743 6.66495 6.65636 6.64855 6.64155 6.63537 6.63002 6.62551 6.62185 6.61906 6.61712 6.61606 
6.60983 6.61052 6.61209 6.61454 6.61787 6.62206 6.62712 6.63303 6.63978 6.64736 6.65575 6.66494 6.67489 6.68558 6.697 6.70909 6.72184 6.73519 6.74911 6.76356 6.77847 6.79381 6.8095 6.8255 6.84175 6.85817 6.8747 6.89128 6.90782 6.92427 6.94055 6.95659 6.97231 6.98765 7.00253 7.01689 7.03065 7.04376 7.05615 7.06777 7.07855 7.08845 7.09741 7.10541 7.11239 7.11832 7.12318 7.12694 7.12958 7.13109 7.13147 7.13071 7.12881 7.12579 7.12166 7.11644 7.11015 7.10283 7.09452 7.08525 7.07507 7.06403 7.05218 7.03958 7.02629 7.01238 6.99791 6.98295 6.96757 6.95184 6.93583 6.91962 6.90327 6.88686 6.87047 6.85415 6.83798 6.82202 6.80633 6.79098 6.77601 6.76149 6.74746 6.73398 6.72107 6.70879 6.69718 6.68625 6.67605 6.66659 6.65791 6.65002 6.64295 6.6367 6.63129 6.62674 6.62304 6.62022 6.61826 6.61719 
6.61077 6.61146 6.61304 6.61551 6.61887 6.6231 6.6282 6.63416 6.64097 6.64861 6.65707 6.66633 6.67637 6.68715 6.69866 6.71085 6.7237 6.73717 6.7512 6.76576 6.78079 6.79625 6.81207 6.8282 6.84457 6.86111 6.87777 6.89448 6.91115 6.92772 6.94412 6.96028 6.97612 6.99157 7.00656 7.02102 7.03489 7.04809 7.06057 7.07227 7.08313 7.09309 7.10212 7.11017 7.1172 7.12318 7.12807 7.13185 7.13452 7.13604 7.13642 7.13565 7.13374 7.1307 7.12654 7.12128 7.11495 7.10758 7.0992 7.08987 7.07961 7.06849 7.05655 7.04386 7.03048 7.01646 7.00189 6.98681 6.97132 6.95547 6.93934 6.923 6.90653 6.89 6.87348 6.85703 6.84073 6.82465 6.80883 6.79336 6.77827 6.76363 6.74949 6.73589 6.72289 6.7105 6.69879 6.68777 6.67748 6.66795 6.6592 6.65124 6.64411 6.6378 6.63235 6.62775 6.62403 6.62118 6.61921 6.61812 
6.6115 6.6122 6.61379 6.61628 6.61965 6.62391 6.62904 6.63504 6.6419 6.64959 6.65811 6.66742 6.67752 6.68838 6.69996 6.71223 6.72516 6.7387 6.75282 6.76747 6.7826 6.79815 6.81406 6.83029 6.84675 6.8634 6.88016 6.89696 6.91373 6.9304 6.94689 6.96314 6.97907 6.99461 7.00968 7.02422 7.03816 7.05144 7.06399 7.07575 7.08667 7.09669 7.10577 7.11386 7.12093 7.12694 7.13185 7.13566 7.13833 7.13987 7.14025 7.13947 7.13755 7.13449 7.13031 7.12502 7.11866 7.11125 7.10283 7.09344 7.08313 7.07194 7.05994 7.04718 7.03372 7.01963 7.00497 6.98981 6.97422 6.95828 6.94206 6.92563 6.90906 6.89243 6.87581 6.85927 6.84287 6.82669 6.81078 6.79521 6.78003 6.7653 6.75107 6.73739 6.7243 6.71184 6.70005 6.68896 6.67861 6.66901 6.6602 6.6522 6.64501 6.63867 6.63318 6.62855 6.6248 6.62193 6.61995 6.61886 
6.61203 6.61273 6.61434 6.61683 6.62022 6.6245 6.62966 6.63568 6.64257 6.65029 6.65885 6.66821 6.67835 6.68925 6.70088 6.71321 6.72619 6.7398 6.75398 6.76869 6.78388 6.79949 6.81547 6.83176 6.8483 6.86501 6.88184 6.89871 6.91554 6.93228 6.94884 6.96515 6.98115 6.99674 7.01188 7.02648 7.04047 7.0538 7.06639 7.0782 7.08916 7.09922 7.10833 7.11646 7.12355 7.12958 7.13452 7.13833 7.14102 7.14256 7.14294 7.14216 7.14023 7.13716 7.13296 7.12766 7.12127 7.11383 7.10537 7.09595 7.0856 7.07437 7.06232 7.04951 7.036 7.02185 7.00713 6.99191 6.97626 6.96026 6.94397 6.92748 6.91084 6.89414 6.87745 6.86084 6.84438 6.82813 6.81215 6.79652 6.78127 6.76648 6.75219 6.73845 6.7253 6.71279 6.70095 6.68981 6.67941 6.66977 6.66092 6.65288 6.64567 6.63929 6.63378 6.62913 6.62537 6.62248 6.62049 6.61939 
6.61236 6.61307 6.61467 6.61717 6.62057 6.62486 6.63003 6.63607 6.64297 6.65072 6.65929 6.66868 6.67885 6.68977 6.70143 6.71379 6.7268 6.74044 6.75466 6.7694 6.78463 6.80028 6.8163 6.83262 6.8492 6.86595 6.88281 6.89972 6.91659 6.93337 6.94996 6.96631 6.98234 6.99797 7.01314 7.02777 7.04179 7.05515 7.06777 7.07961 7.09059 7.10067 7.1098 7.11794 7.12505 7.13109 7.13604 7.13987 7.14256 7.1441 7.14448 7.1437 7.14177 7.13869 7.13448 7.12916 7.12276 7.1153 7.10683 7.09739 7.08701 7.07576 7.06369 7.05085 7.03731 7.02312 7.00837 6.99312 6.97744 6.9614 6.94507 6.92854 6.91187 6.89513 6.87841 6.86176 6.84525 6.82896 6.81295 6.79728 6.782 6.76717 6.75285 6.73907 6.72589 6.71335 6.70148 6.69032 6.67989 6.67023 6.66136 6.6533 6.64606 6.63967 6.63415 6.62949 6.62571 6.62282 6.62082 6.61972 
