5.67614 5.67633 5.6766 5.67697 5.67743 5.67798 5.67863 5.67937 5.68021 5.68114 5.68217 5.68329 5.68452 5.68583 5.68725 5.68876 5.69037 5.69207 5.69386 5.69575 5.69771 5.69976 5.70188 5.70408 5.70634 5.70865 5.71101 5.71341 5.71584 5.71828 5.72073 5.72318 5.7256 5.728 5.73035 5.73265 5.73487 5.73702 5.73906 5.741 5.74282 5.7445 5.74604 5.74743 5.74865 5.7497 5.75058 5.75127 5.75177 5.75209 5.7522 5.75213 5.75186 5.7514 5.75076 5.74993 5.74893 5.74775 5.74642 5.74493 5.74331 5.74155 5.73968 5.7377 5.73563 5.73347 5.73126 5.72898 5.72667 5.72434 5.72199 5.71964 5.7173 5.71498 5.7127 5.71046 5.70828 5.70616 5.7041 5.70213 5.70024 5.69843 5.69672 5.6951 5.69359 5.69217 5.69086 5.68966 5.68855 5.68755 5.68666 5.68587 5.68518 5.68459 5.68411 5.68372 5.68343 5.68323 5.68313 5.68313 
5.67633 5.67651 5.67679 5.67716 5.67762 5.67817 5.67883 5.67957 5.68041 5.68135 5.68238 5.68351 5.68474 5.68607 5.68749 5.68902 5.69063 5.69235 5.69415 5.69605 5.69803 5.70009 5.70223 5.70444 5.70672 5.70905 5.71142 5.71384 5.71629 5.71875 5.72122 5.72368 5.72613 5.72854 5.73091 5.73323 5.73547 5.73763 5.73969 5.74164 5.74347 5.74517 5.74672 5.74812 5.74935 5.75041 5.75129 5.75199 5.7525 5.75281 5.75293 5.75285 5.75258 5.75212 5.75147 5.75064 5.74962 5.74844 5.7471 5.7456 5.74396 5.74219 5.7403 5.73831 5.73622 5.73405 5.73181 5.72953 5.7272 5.72484 5.72247 5.72011 5.71775 5.71542 5.71312 5.71086 5.70866 5.70652 5.70445 5.70246 5.70055 5.69874 5.69701 5.69538 5.69386 5.69243 5.69111 5.68989 5.68878 5.68778 5.68687 5.68608 5.68538 5.68479 5.6843 5.68391 5.68362 5.68342 5.68332 5.68331 
5.6766 5.67679 5.67706 5.67744 5.67791 5.67847 5.67913 5.67989 5.68075 5.6817 5.68275 5.6839 5.68516 5.68651 5.68796 5.68951 5.69116 5.6929 5.69474 5.69667 5.69869 5.7008 5.70298 5.70523 5.70755 5.70992 5.71235 5.71481 5.7173 5.71981 5.72233 5.72484 5.72733 5.72979 5.73221 5.73456 5.73685 5.73905 5.74115 5.74313 5.745 5.74672 5.7483 5.74973 5.75098 5.75206 5.75296 5.75367 5.75418 5.7545 5.75462 5.75455 5.75427 5.7538 5.75313 5.75228 5.75125 5.75004 5.74867 5.74715 5.74548 5.74367 5.74175 5.73971 5.73758 5.73537 5.73309 5.73076 5.72839 5.72599 5.72357 5.72116 5.71875 5.71637 5.71403 5.71173 5.70948 5.7073 5.70519 5.70316 5.70122 5.69936 5.6976 5.69594 5.69438 5.69292 5.69157 5.69033 5.6892 5.68817 5.68725 5.68643 5.68572 5.68511 5.68461 5.68421 5.68391 5.6837 5.6836 5.68359 
5.67697 5.67716 5.67744 5.67782 5.6783 5.67888 5.67956 5.68034 5.68122 5.6822 5.68328 5.68446 5.68575 5.68714 5.68864 5.69024 5.69194 5.69374 5.69563 5.69762 5.6997 5.70187 5.70412 5.70644 5.70883 5.71128 5.71377 5.71631 5.71888 5.72146 5.72406 5.72664 5.72921 5.73174 5.73423 5.73665 5.73901 5.74127 5.74343 5.74548 5.74739 5.74917 5.75079 5.75226 5.75355 5.75466 5.75558 5.75631 5.75684 5.75716 5.75728 5.7572 5.75692 5.75643 5.75574 5.75487 5.7538 5.75256 5.75115 5.74958 5.74785 5.746 5.74401 5.74192 5.73972 5.73745 5.7351 5.73269 5.73025 5.72777 5.72528 5.72279 5.72032 5.71786 5.71544 5.71307 5.71075 5.7085 5.70632 5.70423 5.70222 5.7003 5.69848 5.69677 5.69516 5.69365 5.69226 5.69097 5.6898 5.68873 5.68778 5.68693 5.68619 5.68556 5.68504 5.68462 5.6843 5.68409 5.68397 5.68396 
5.67743 5.67762 5.67791 5.6783 5.6788 5.67939 5.6801 5.6809 5.68182 5.68284 5.68396 5.68519 5.68654 5.68798 5.68954 5.6912 5.69297 5.69485 5.69682 5.69889 5.70106 5.70332 5.70566 5.70808 5.71056 5.71311 5.71571 5.71835 5.72102 5.72371 5.72641 5.7291 5.73176 5.7344 5.73698 5.7395 5.74195 5.7443 5.74654 5.74867 5.75066 5.7525 5.75419 5.75571 5.75704 5.75819 5.75915 5.7599 5.76045 5.76079 5.76091 5.76083 5.76053 5.76002 5.7593 5.75839 5.75728 5.75599 5.75452 5.75289 5.75109 5.74916 5.7471 5.74492 5.74264 5.74027 5.73782 5.73532 5.73277 5.7302 5.72761 5.72501 5.72243 5.71988 5.71736 5.71488 5.71247 5.71012 5.70785 5.70566 5.70357 5.70157 5.69967 5.69787 5.69619 5.69462 5.69316 5.69181 5.69058 5.68946 5.68846 5.68757 5.6868 5.68613 5.68558 5.68514 5.6848 5.68457 5.68444 5.68442 
5.67798 5.67817 5.67847 5.67888 5.67939 5.68002 5.68075 5.6816 5.68255 5.68362 5.6848 5.6861 5.68751 5.68903 5.69066 5.69241 5.69427 5.69624 5.69831 5.70049 5.70277 5.70514 5.7076 5.71014 5.71275 5.71542 5.71815 5.72092 5.72373 5.72655 5.72938 5.7322 5.735 5.73776 5.74047 5.74311 5.74567 5.74813 5.75048 5.75271 5.75479 5.75672 5.75848 5.76007 5.76147 5.76267 5.76367 5.76446 5.76503 5.76538 5.7655 5.76541 5.76509 5.76456 5.76381 5.76285 5.76169 5.76033 5.75879 5.75707 5.75519 5.75317 5.751 5.74871 5.74632 5.74383 5.74127 5.73864 5.73597 5.73326 5.73054 5.72782 5.72511 5.72242 5.71977 5.71717 5.71463 5.71216 5.70977 5.70746 5.70526 5.70315 5.70115 5.69925 5.69748 5.69582 5.69427 5.69285 5.69155 5.69036 5.6893 5.68836 5.68754 5.68683 5.68624 5.68576 5.6854 5.68515 5.68501 5.68498 
5.67863 5.67883 5.67913 5.67956 5.6801 5.68075 5.68153 5.68242 5.68343 5.68455 5.6858 5.68717 5.68866 5.69027 5.692 5.69385 5.69582 5.69791 5.70011 5.70241 5.70482 5.70733 5.70994 5.71262 5.71539 5.71822 5.7211 5.72404 5.727 5.72998 5.73297 5.73595 5.73891 5.74182 5.74468 5.74747 5.75017 5.75277 5.75524 5.75759 5.75979 5.76182 5.76368 5.76535 5.76682 5.76808 5.76913 5.76996 5.77056 5.77092 5.77106 5.77095 5.77062 5.77005 5.76926 5.76824 5.76701 5.76558 5.76395 5.76214 5.76015 5.75801 5.75572 5.7533 5.75077 5.74814 5.74543 5.74266 5.73983 5.73697 5.73409 5.7312 5.72833 5.72549 5.72268 5.71993 5.71723 5.71461 5.71208 5.70963 5.70729 5.70505 5.70292 5.70091 5.69902 5.69725 5.69561 5.69409 5.6927 5.69144 5.6903 5.68929 5.68841 5.68765 5.68701 5.6865 5.68611 5.68583 5.68567 5.68563 
5.67937 5.67957 5.67989 5.68034 5.6809 5.6816 5.68242 5.68336 5.68443 5.68563 5.68696 5.68842 5.69001 5.69172 5.69357 5.69554 5.69764 5.69986 5.7022 5.70466 5.70723 5.7099 5.71267 5.71554 5.71848 5.72149 5.72456 5.72768 5.73083 5.73401 5.73718 5.74035 5.74349 5.74658 5.74962 5.75258 5.75545 5.7582 5.76083 5.76331 5.76564 5.7678 5.76976 5.77153 5.77309 5.77443 5.77554 5.77641 5.77704 5.77743 5.77756 5.77745 5.77709 5.77648 5.77564 5.77456 5.77325 5.77173 5.77 5.76807 5.76596 5.76368 5.76125 5.75868 5.75599 5.7532 5.75031 5.74736 5.74435 5.74131 5.73824 5.73517 5.73212 5.72909 5.72609 5.72316 5.72028 5.71749 5.71478 5.71217 5.70967 5.70727 5.705 5.70285 5.70082 5.69893 5.69716 5.69553 5.69404 5.69268 5.69146 5.69037 5.68942 5.6886 5.68791 5.68735 5.68692 5.68661 5.68643 5.68638 
5.68021 5.68041 5.68075 5.68122 5.68182 5.68255 5.68343 5.68443 5.68558 5.68686 5.68828 5.68984 5.69154 5.69338 5.69535 5.69747 5.69971 5.70209 5.7046 5.70723 5.70998 5.71285 5.71581 5.71888 5.72202 5.72525 5.72853 5.73186 5.73523 5.73862 5.74201 5.74539 5.74874 5.75204 5.75528 5.75844 5.76149 5.76443 5.76723 5.76987 5.77235 5.77464 5.77674 5.77862 5.78028 5.7817 5.78287 5.7838 5.78447 5.78487 5.78501 5.78489 5.7845 5.78385 5.78295 5.78179 5.7804 5.77877 5.77692 5.77487 5.77261 5.77018 5.76759 5.76485 5.76197 5.75899 5.75591 5.75275 5.74954 5.74628 5.74301 5.73972 5.73645 5.73321 5.73 5.72686 5.72378 5.72078 5.71788 5.71508 5.71239 5.70982 5.70737 5.70506 5.70288 5.70084 5.69894 5.69718 5.69557 5.6941 5.69278 5.6916 5.69056 5.68967 5.68892 5.68831 5.68783 5.68749 5.68729 5.68722 
5.68114 5.68135 5.6817 5.6822 5.68284 5.68362 5.68455 5.68563 5.68686 5.68824 5.68976 5.69144 5.69326 5.69524 5.69736 5.69963 5.70205 5.70461 5.7073 5.71013 5.71309 5.71617 5.71935 5.72264 5.72602 5.72948 5.733 5.73658 5.74019 5.74382 5.74745 5.75108 5.75466 5.7582 5.76166 5.76504 5.76831 5.77144 5.77444 5.77726 5.77991 5.78236 5.78459 5.7866 5.78836 5.78988 5.79113 5.79212 5.79283 5.79326 5.7934 5.79327 5.79285 5.79215 5.79118 5.78994 5.78845 5.7867 5.78472 5.78252 5.78011 5.77751 5.77473 5.77179 5.76871 5.76551 5.76221 5.75883 5.75538 5.75189 5.74837 5.74485 5.74134 5.73785 5.73441 5.73103 5.72772 5.7245 5.72137 5.71835 5.71546 5.71268 5.71005 5.70755 5.70519 5.70299 5.70093 5.69903 5.69728 5.69569 5.69425 5.69297 5.69185 5.69087 5.69005 5.68937 5.68885 5.68848 5.68825 5.68816 
5.68217 5.68238 5.68275 5.68328 5.68396 5.6848 5.6858 5.68696 5.68828 5.68976 5.69141 5.69321 5.69518 5.69731 5.6996 5.70204 5.70465 5.70741 5.71031 5.71336 5.71654 5.71986 5.72329 5.72683 5.73047 5.73419 5.73798 5.74182 5.7457 5.7496 5.75351 5.75739 5.76124 5.76504 5.76876 5.77237 5.77588 5.77924 5.78244 5.78547 5.7883 5.79092 5.79331 5.79546 5.79735 5.79896 5.8003 5.80135 5.80211 5.80256 5.80271 5.80256 5.80211 5.80136 5.80032 5.79899 5.79738 5.79551 5.79338 5.79102 5.78843 5.78564 5.78265 5.7795 5.7762 5.77276 5.76921 5.76558 5.76187 5.75812 5.75434 5.75055 5.74677 5.74302 5.73931 5.73567 5.7321 5.72862 5.72525 5.72199 5.71886 5.71587 5.71302 5.71031 5.70776 5.70537 5.70315 5.70108 5.69918 5.69745 5.69589 5.69449 5.69326 5.6922 5.6913 5.69056 5.68998 5.68956 5.6893 5.6892 
5.68329 5.68351 5.6839 5.68446 5.68519 5.6861 5.68717 5.68842 5.68984 5.69144 5.69321 5.69516 5.69728 5.69958 5.70205 5.7047 5.70751 5.71048 5.71362 5.71691 5.72035 5.72392 5.72762 5.73144 5.73536 5.73937 5.74345 5.74759 5.75176 5.75596 5.76016 5.76434 5.76848 5.77256 5.77655 5.78043 5.78419 5.7878 5.79124 5.79448 5.79752 5.80033 5.80289 5.80518 5.8072 5.80893 5.81037 5.81149 5.81229 5.81277 5.81293 5.81277 5.81228 5.81147 5.81034 5.80891 5.80719 5.80518 5.80289 5.80035 5.79757 5.79457 5.79136 5.78797 5.78442 5.78072 5.77691 5.773 5.76901 5.76497 5.7609 5.75681 5.75274 5.74869 5.7447 5.74077 5.73692 5.73316 5.72952 5.726 5.72261 5.71937 5.71628 5.71335 5.71059 5.708 5.70558 5.70334 5.70127 5.69939 5.69769 5.69616 5.69482 5.69365 5.69266 5.69185 5.69121 5.69075 5.69045 5.69033 
5.68452 5.68474 5.68516 5.68575 5.68654 5.68751 5.68866 5.69001 5.69154 5.69326 5.69518 5.69728 5.69958 5.70206 5.70473 5.70759 5.71063 5.71384 5.71723 5.72079 5.7245 5.72835 5.73235 5.73646 5.74069 5.74501 5.74941 5.75387 5.75837 5.76289 5.76741 5.77191 5.77636 5.78074 5.78503 5.78921 5.79324 5.79712 5.8008 5.80429 5.80754 5.81055 5.8133 5.81576 5.81792 5.81978 5.82131 5.8225 5.82336 5.82388 5.82404 5.82386 5.82333 5.82246 5.82125 5.81971 5.81785 5.81569 5.81323 5.8105 5.80751 5.80428 5.80083 5.79718 5.79336 5.78939 5.78528 5.78107 5.77678 5.77243 5.76804 5.76364 5.75924 5.75488 5.75057 5.74632 5.74216 5.73811 5.73417 5.73036 5.7267 5.72319 5.71984 5.71667 5.71367 5.71086 5.70823 5.70579 5.70355 5.7015 5.69964 5.69798 5.69651 5.69523 5.69415 5.69326 5.69255 5.69204 5.69171 5.69156 
5.68583 5.68607 5.68651 5.68714 5.68798 5.68903 5.69027 5.69172 5.69338 5.69524 5.69731 5.69958 5.70206 5.70474 5.70763 5.71072 5.714 5.71748 5.72114 5.72498 5.72899 5.73315 5.73746 5.7419 5.74646 5.75112 5.75586 5.76067 5.76551 5.77038 5.77524 5.78008 5.78487 5.78958 5.79419 5.79867 5.80301 5.80717 5.81113 5.81486 5.81836 5.82158 5.82452 5.82716 5.82948 5.83146 5.8331 5.83438 5.8353 5.83584 5.83602 5.83581 5.83524 5.8343 5.833 5.83134 5.82934 5.82702 5.82438 5.82144 5.81823 5.81476 5.81105 5.80713 5.80301 5.79874 5.79432 5.78979 5.78517 5.78048 5.77575 5.77101 5.76627 5.76156 5.75691 5.75233 5.74784 5.74345 5.7392 5.73508 5.73112 5.72732 5.72369 5.72025 5.717 5.71395 5.7111 5.70845 5.70601 5.70378 5.70175 5.69994 5.69834 5.69694 5.69576 5.69478 5.694 5.69343 5.69306 5.69289 
5.68725 5.68749 5.68796 5.68864 5.68954 5.69066 5.692 5.69357 5.69535 5.69736 5.6996 5.70205 5.70473 5.70763 5.71075 5.71409 5.71764 5.72139 5.72534 5.72949 5.73381 5.73831 5.74295 5.74774 5.75266 5.75768 5.76279 5.76796 5.77318 5.77841 5.78364 5.78884 5.79399 5.79905 5.804 5.80882 5.81347 5.81794 5.82218 5.82619 5.82993 5.83339 5.83654 5.83937 5.84185 5.84397 5.84572 5.84709 5.84807 5.84865 5.84883 5.84861 5.84799 5.84697 5.84557 5.84379 5.84165 5.83915 5.83631 5.83316 5.8297 5.82597 5.82199 5.81777 5.81336 5.80876 5.80401 5.79913 5.79416 5.78911 5.78402 5.77891 5.77381 5.76874 5.76372 5.75877 5.75393 5.7492 5.7446 5.74015 5.73586 5.73175 5.72783 5.7241 5.72058 5.71727 5.71418 5.7113 5.70865 5.70622 5.70402 5.70205 5.7003 5.69878 5.69748 5.69641 5.69555 5.69492 5.69451 5.69432 
5.68876 5.68902 5.68951 5.69024 5.6912 5.69241 5.69385 5.69554 5.69747 5.69963 5.70204 5.7047 5.70759 5.71072 5.71409 5.71769 5.72152 5.72557 5.72984 5.7343 5.73897 5.74381 5.74882 5.75398 5.75927 5.76468 5.77017 5.77574 5.78135 5.78698 5.7926 5.79818 5.80371 5.80914 5.81446 5.81962 5.82461 5.8294 5.83395 5.83824 5.84225 5.84595 5.84932 5.85235 5.855 5.85727 5.85914 5.8606 5.86164 5.86226 5.86245 5.86221 5.86154 5.86045 5.85894 5.85703 5.85473 5.85205 5.849 5.84562 5.84191 5.83791 5.83363 5.82911 5.82436 5.81942 5.81432 5.80908 5.80373 5.79831 5.79283 5.78734 5.78184 5.77638 5.77098 5.76565 5.76042 5.75532 5.75036 5.74556 5.74093 5.73649 5.73225 5.72822 5.7244 5.72082 5.71747 5.71435 5.71147 5.70884 5.70645 5.7043 5.7024 5.70074 5.69932 5.69815 5.69721 5.69652 5.69606 5.69584 
5.69037 5.69063 5.69116 5.69194 5.69297 5.69427 5.69582 5.69764 5.69971 5.70205 5.70465 5.70751 5.71063 5.714 5.71764 5.72152 5.72565 5.73001 5.73461 5.73942 5.74444 5.74966 5.75505 5.7606 5.76629 5.7721 5.77801 5.78399 5.79001 5.79605 5.80208 5.80808 5.814 5.81983 5.82552 5.83106 5.8364 5.84152 5.84639 5.85098 5.85527 5.85923 5.86284 5.86606 5.8689 5.87132 5.87332 5.87488 5.87599 5.87664 5.87684 5.87658 5.87586 5.87469 5.87307 5.87102 5.86856 5.86568 5.86242 5.85879 5.85482 5.85053 5.84595 5.8411 5.83601 5.83071 5.82524 5.81961 5.81387 5.80805 5.80217 5.79626 5.79036 5.78449 5.77867 5.77294 5.76732 5.76182 5.75647 5.7513 5.74631 5.74151 5.73694 5.73258 5.72846 5.72459 5.72096 5.71759 5.71447 5.71162 5.70902 5.70669 5.70463 5.70282 5.70128 5.7 5.69898 5.69821 5.69771 5.69746 
5.69207 5.69235 5.6929 5.69374 5.69485 5.69624 5.69791 5.69986 5.70209 5.70461 5.70741 5.71048 5.71384 5.71748 5.72139 5.72557 5.73001 5.73471 5.73965 5.74483 5.75023 5.75583 5.76163 5.76759 5.7737 5.77994 5.78627 5.79268 5.79914 5.80562 5.81208 5.8185 5.82484 5.83108 5.83717 5.84309 5.8488 5.85428 5.85948 5.86439 5.86897 5.87319 5.87704 5.88049 5.88351 5.88609 5.88822 5.88988 5.89106 5.89175 5.89196 5.89168 5.8909 5.88965 5.88792 5.88573 5.88309 5.88001 5.87653 5.87265 5.8684 5.86381 5.8589 5.85371 5.84826 5.84259 5.83673 5.8307 5.82455 5.81831 5.81201 5.80567 5.79934 5.79303 5.78679 5.78063 5.77459 5.76868 5.76293 5.75736 5.75198 5.74682 5.74189 5.7372 5.73275 5.72857 5.72465 5.72101 5.71764 5.71456 5.71175 5.70923 5.70698 5.70503 5.70335 5.70196 5.70084 5.70001 5.69945 5.69918 
5.69386 5.69415 5.69474 5.69563 5.69682 5.69831 5.70011 5.7022 5.7046 5.7073 5.71031 5.71362 5.71723 5.72114 5.72534 5.72984 5.73461 5.73965 5.74496 5.75052 5.75631 5.76233 5.76854 5.77493 5.78148 5.78816 5.79495 5.80181 5.80872 5.81565 5.82256 5.82943 5.83621 5.84287 5.84937 5.85569 5.86179 5.86763 5.87318 5.87841 5.8833 5.8878 5.8919 5.89557 5.89879 5.90153 5.9038 5.90556 5.90682 5.90755 5.90777 5.90746 5.90663 5.90529 5.90345 5.9011 5.89828 5.895 5.89128 5.88714 5.8826 5.8777 5.87246 5.86691 5.86109 5.85503 5.84876 5.84232 5.83574 5.82906 5.82232 5.81553 5.80875 5.802 5.7953 5.7887 5.78222 5.77588 5.76971 5.76372 5.75795 5.7524 5.7471 5.74205 5.73727 5.73276 5.72854 5.72461 5.72098 5.71765 5.71462 5.71189 5.70947 5.70735 5.70553 5.70402 5.70281 5.7019 5.70129 5.70098 
5.69575 5.69605 5.69667 5.69762 5.69889 5.70049 5.70241 5.70466 5.70723 5.71013 5.71336 5.71691 5.72079 5.72498 5.72949 5.7343 5.73942 5.74483 5.75052 5.75647 5.76268 5.76912 5.77577 5.78261 5.78961 5.79676 5.80401 5.81134 5.81873 5.82612 5.8335 5.84082 5.84805 5.85515 5.86209 5.86882 5.87532 5.88154 5.88745 5.89302 5.89821 5.903 5.90736 5.91126 5.91468 5.9176 5.92 5.92188 5.92321 5.92398 5.92421 5.92388 5.92299 5.92156 5.91959 5.9171 5.9141 5.9106 5.90663 5.90222 5.89738 5.89216 5.88658 5.88066 5.87446 5.86799 5.86131 5.85443 5.84741 5.84028 5.83307 5.82582 5.81857 5.81135 5.80419 5.79713 5.79019 5.7834 5.77679 5.77038 5.76419 5.75824 5.75255 5.74712 5.74199 5.73715 5.73261 5.72838 5.72448 5.72089 5.71762 5.71468 5.71207 5.70978 5.70782 5.70618 5.70487 5.70388 5.70322 5.70288 
5.69771 5.69803 5.69869 5.6997 5.70106 5.70277 5.70482 5.70723 5.70998 5.71309 5.71654 5.72035 5.7245 5.72899 5.73381 5.73897 5.74444 5.75023 5.75631 5.76268 5.76931 5.77619 5.78329 5.79059 5.79807 5.80569 5.81343 5.82125 5.82912 5.837 5.84486 5.85266 5.86035 5.86791 5.87528 5.88244 5.88935 5.89596 5.90224 5.90815 5.91366 5.91875 5.92337 5.92751 5.93114 5.93424 5.93678 5.93877 5.94017 5.941 5.94123 5.94088 5.93993 5.93841 5.93632 5.93366 5.93047 5.92675 5.92253 5.91784 5.9127 5.90715 5.90121 5.89492 5.88832 5.88144 5.87432 5.867 5.85952 5.85192 5.84424 5.83651 5.82878 5.82108 5.81344 5.8059 5.79848 5.79123 5.78416 5.77731 5.77068 5.76432 5.75822 5.75241 5.74691 5.74172 5.73685 5.73232 5.72812 5.72427 5.72076 5.7176 5.71478 5.71232 5.71021 5.70844 5.70702 5.70595 5.70523 5.70486 
5.69976 5.70009 5.7008 5.70187 5.70332 5.70514 5.70733 5.7099 5.71285 5.71617 5.71986 5.72392 5.72835 5.73315 5.73831 5.74381 5.74966 5.75583 5.76233 5.76912 5.77619 5.78352 5.79109 5.79887 5.80683 5.81495 5.82318 5.8315 5.83987 5.84825 5.8566 5.86488 5.87306 5.88108 5.88891 5.8965 5.90383 5.91084 5.91749 5.92376 5.9296 5.93499 5.93989 5.94427 5.94811 5.95138 5.95408 5.95617 5.95766 5.95853 5.95877 5.95839 5.95739 5.95577 5.95355 5.95074 5.94735 5.94341 5.93893 5.93396 5.92851 5.92261 5.91631 5.90963 5.90262 5.89532 5.88776 5.87998 5.87203 5.86395 5.85579 5.84757 5.83934 5.83114 5.823 5.81497 5.80707 5.79934 5.7918 5.78448 5.77742 5.77062 5.7641 5.7579 5.75202 5.74646 5.74126 5.7364 5.73191 5.72778 5.72402 5.72063 5.71761 5.71496 5.71269 5.71079 5.70927 5.70811 5.70733 5.70692 
5.70188 5.70223 5.70298 5.70412 5.70566 5.7076 5.70994 5.71267 5.71581 5.71935 5.72329 5.72762 5.73235 5.73746 5.74295 5.74882 5.75505 5.76163 5.76854 5.77577 5.78329 5.79109 5.79914 5.80741 5.81587 5.82449 5.83324 5.84207 5.85095 5.85983 5.86869 5.87747 5.88613 5.89463 5.90292 5.91096 5.91871 5.92612 5.93316 5.93979 5.94597 5.95166 5.95684 5.96147 5.96552 5.96898 5.97182 5.97404 5.9756 5.97652 5.97677 5.97636 5.9753 5.97359 5.97124 5.96826 5.96467 5.9605 5.95577 5.9505 5.94473 5.93849 5.93182 5.92475 5.91733 5.90959 5.90157 5.89333 5.8849 5.87633 5.86767 5.85894 5.85021 5.8415 5.83286 5.82432 5.81592 5.8077 5.79968 5.79189 5.78436 5.77712 5.77018 5.76357 5.75729 5.75137 5.74581 5.74063 5.73583 5.73141 5.72739 5.72376 5.72053 5.7177 5.71526 5.71323 5.71159 5.71035 5.7095 5.70906 
5.70408 5.70444 5.70523 5.70644 5.70808 5.71014 5.71262 5.71554 5.71888 5.72264 5.72683 5.73144 5.73646 5.7419 5.74774 5.75398 5.7606 5.76759 5.77493 5.78261 5.79059 5.79887 5.80741 5.81618 5.82515 5.83429 5.84355 5.8529 5.8623 5.87171 5.88108 5.89036 5.89952 5.9085 5.91726 5.92575 5.93393 5.94176 5.94919 5.95619 5.9627 5.9687 5.97416 5.97904 5.98331 5.98696 5.98995 5.99228 5.99393 5.99489 5.99515 5.99472 5.9936 5.99179 5.98931 5.98616 5.98238 5.97797 5.97298 5.96742 5.96132 5.95473 5.94768 5.94022 5.93237 5.92419 5.91572 5.907 5.89809 5.88902 5.87984 5.87061 5.86135 5.85213 5.84297 5.83391 5.82501 5.81628 5.80777 5.7995 5.7915 5.78381 5.77643 5.7694 5.76272 5.75642 5.7505 5.74498 5.73986 5.73515 5.73086 5.72699 5.72354 5.72052 5.71792 5.71574 5.71398 5.71265 5.71175 5.71126 
5.70634 5.70672 5.70755 5.70883 5.71056 5.71275 5.71539 5.71848 5.72202 5.72602 5.73047 5.73536 5.74069 5.74646 5.75266 5.75927 5.76629 5.7737 5.78148 5.78961 5.79807 5.80683 5.81587 5.82515 5.83464 5.8443 5.85409 5.86397 5.8739 5.88383 5.89372 5.90351 5.91317 5.92264 5.93187 5.94083 5.94945 5.95769 5.96552 5.97288 5.97974 5.98605 5.99179 5.99692 6.00142 6.00525 6.0084 6.01084 6.01257 6.01358 6.01385 6.0134 6.01221 6.0103 6.00769 6.00438 6.00039 5.99575 5.99049 5.98463 5.97821 5.97127 5.96384 5.95597 5.9477 5.93907 5.93014 5.92094 5.91153 5.90196 5.89227 5.88251 5.87273 5.86298 5.85329 5.84372 5.83429 5.82506 5.81604 5.80728 5.79881 5.79065 5.78283 5.77537 5.76828 5.76159 5.7553 5.74944 5.744 5.73899 5.73443 5.73031 5.72664 5.72342 5.72064 5.71832 5.71645 5.71503 5.71406 5.71354 
5.70865 5.70905 5.70992 5.71128 5.71311 5.71542 5.71822 5.72149 5.72525 5.72948 5.73419 5.73937 5.74501 5.75112 5.75768 5.76468 5.7721 5.77994 5.78816 5.79676 5.80569 5.81495 5.82449 5.83429 5.8443 5.85448 5.86481 5.87522 5.88568 5.89615 5.90656 5.91687 5.92703 5.937 5.94671 5.95612 5.96518 5.97385 5.98207 5.9898 5.997 6.00363 6.00966 6.01504 6.01975 6.02377 6.02707 6.02964 6.03145 6.0325 6.03279 6.03231 6.03106 6.02906 6.02631 6.02283 6.01864 6.01377 6.00824 6.00208 5.99534 5.98804 5.98023 5.97195 5.96325 5.95417 5.94477 5.93509 5.92518 5.9151 5.90489 5.89461 5.8843 5.87402 5.8638 5.8537 5.84375 5.83399 5.82447 5.81521 5.80626 5.79763 5.78935 5.78146 5.77396 5.76687 5.76021 5.75399 5.74823 5.74292 5.73808 5.73371 5.72981 5.72638 5.72344 5.72097 5.71897 5.71746 5.71642 5.71586 
5.71101 5.71142 5.71235 5.71377 5.71571 5.71815 5.7211 5.72456 5.72853 5.733 5.73798 5.74345 5.74941 5.75586 5.76279 5.77017 5.77801 5.78627 5.79495 5.80401 5.81343 5.82318 5.83324 5.84355 5.85409 5.86481 5.87567 5.88662 5.89762 5.90861 5.91955 5.93038 5.94105 5.95151 5.9617 5.97157 5.98108 5.99016 5.99878 6.00688 6.01442 6.02137 6.02768 6.03332 6.03825 6.04246 6.04591 6.04859 6.05049 6.05159 6.05188 6.05138 6.05007 6.04797 6.04508 6.04144 6.03705 6.03194 6.02615 6.01969 6.01262 6.00497 5.99677 5.98809 5.97896 5.96943 5.95956 5.9494 5.93899 5.9284 5.91767 5.90686 5.89602 5.88519 5.87444 5.8638 5.85333 5.84305 5.83301 5.82326 5.81381 5.80471 5.79598 5.78764 5.77972 5.77223 5.7652 5.75862 5.75253 5.74691 5.74179 5.73716 5.73303 5.7294 5.72628 5.72366 5.72155 5.71994 5.71884 5.71824 
5.71341 5.71384 5.71481 5.71631 5.71835 5.72092 5.72404 5.72768 5.73186 5.73658 5.74182 5.74759 5.75387 5.76067 5.76796 5.77574 5.78399 5.79268 5.80181 5.81134 5.82125 5.8315 5.84207 5.8529 5.86397 5.87522 5.88662 5.89811 5.90965 5.92117 5.93264 5.94399 5.95517 5.96612 5.97679 5.98712 5.99706 6.00657 6.01558 6.02405 6.03193 6.03919 6.04578 6.05167 6.05683 6.06122 6.06483 6.06763 6.0696 6.07075 6.07106 6.07052 6.06915 6.06696 6.06394 6.06013 6.05554 6.0502 6.04414 6.03739 6.02999 6.02198 6.01341 6.00432 5.99476 5.98479 5.97445 5.9638 5.95289 5.94178 5.93053 5.9192 5.90782 5.89646 5.88517 5.874 5.86299 5.85219 5.84164 5.83138 5.82145 5.81187 5.80268 5.7939 5.78555 5.77766 5.77024 5.76331 5.75688 5.75096 5.74555 5.74066 5.7363 5.73247 5.72917 5.7264 5.72416 5.72246 5.72129 5.72065 
5.71584 5.71629 5.7173 5.71888 5.72102 5.72373 5.727 5.73083 5.73523 5.74019 5.7457 5.75176 5.75837 5.76551 5.77318 5.78135 5.79001 5.79914 5.80872 5.81873 5.82912 5.83987 5.85095 5.8623 5.8739 5.88568 5.89762 5.90965 5.92172 5.93378 5.94577 5.95763 5.96931 5.98075 5.9919 6.00269 6.01307 6.02299 6.03239 6.04123 6.04945 6.05702 6.06389 6.07003 6.07541 6.07998 6.08374 6.08665 6.08871 6.0899 6.09022 6.08966 6.08823 6.08594 6.0828 6.07882 6.07403 6.06846 6.06213 6.05509 6.04737 6.03901 6.03006 6.02057 6.01058 6.00016 5.98936 5.97823 5.96682 5.95521 5.94344 5.93157 5.91967 5.90777 5.89595 5.88424 5.8727 5.86138 5.85032 5.83955 5.82913 5.81907 5.80942 5.80019 5.79142 5.78313 5.77533 5.76804 5.76127 5.75504 5.74935 5.7442 5.7396 5.73556 5.73208 5.72916 5.7268 5.725 5.72377 5.72309 
5.71828 5.71875 5.71981 5.72146 5.72371 5.72655 5.72998 5.73401 5.73862 5.74382 5.7496 5.75596 5.76289 5.77038 5.77841 5.78698 5.79605 5.80562 5.81565 5.82612 5.837 5.84825 5.85983 5.87171 5.88383 5.89615 5.90861 5.92117 5.93378 5.94636 5.95887 5.97125 5.98343 5.99535 6.00697 6.01821 6.02902 6.03935 6.04914 6.05834 6.0669 6.07477 6.08192 6.08831 6.0939 6.09866 6.10256 6.10559 6.10773 6.10897 6.1093 6.10871 6.10722 6.10484 6.10156 6.09742 6.09244 6.08664 6.08006 6.07272 6.06468 6.05598 6.04665 6.03676 6.02636 6.0155 6.00423 5.99262 5.98073 5.96861 5.95632 5.94394 5.9315 5.91908 5.90672 5.89448 5.88242 5.87058 5.859 5.84773 5.83682 5.82628 5.81617 5.80651 5.79731 5.78862 5.78044 5.77279 5.76568 5.75914 5.75316 5.74775 5.74292 5.73868 5.73502 5.73194 5.72946 5.72757 5.72626 5.72555 
5.72073 5.72122 5.72233 5.72406 5.72641 5.72938 5.73297 5.73718 5.74201 5.74745 5.75351 5.76016 5.76741 5.77524 5.78364 5.7926 5.80208 5.81208 5.82256 5.8335 5.84486 5.8566 5.86869 5.88108 5.89372 5.90656 5.91955 5.93264 5.94577 5.95887 5.97189 5.98477 5.99744 6.00985 6.02193 6.03361 6.04485 6.05558 6.06575 6.07531 6.0842 6.09237 6.09979 6.10642 6.11222 6.11716 6.12121 6.12435 6.12657 6.12785 6.12819 6.12758 6.12604 6.12356 6.12016 6.11586 6.11068 6.10466 6.09782 6.0902 6.08185 6.0728 6.06311 6.05283 6.04202 6.03072 6.019 6.00692 5.99454 5.98192 5.96913 5.95623 5.94327 5.93032 5.91744 5.90467 5.89209 5.87973 5.86765 5.85588 5.84448 5.83348 5.82291 5.8128 5.80319 5.79409 5.78553 5.77753 5.77009 5.76324 5.75697 5.75131 5.74625 5.74179 5.73796 5.73473 5.73212 5.73014 5.72876 5.72801 
5.72318 5.72368 5.72484 5.72664 5.7291 5.7322 5.73595 5.74035 5.74539 5.75108 5.75739 5.76434 5.77191 5.78008 5.78884 5.79818 5.80808 5.8185 5.82943 5.84082 5.85266 5.86488 5.87747 5.89036 5.90351 5.91687 5.93038 5.94399 5.95763 5.97125 5.98477 5.99814 6.0113 6.02418 6.03671 6.04883 6.06048 6.07161 6.08215 6.09205 6.10126 6.10973 6.11742 6.12429 6.13029 6.1354 6.1396 6.14285 6.14514 6.14647 6.14682 6.14619 6.14459 6.14202 6.13849 6.13404 6.12868 6.12244 6.11535 6.10745 6.09879 6.08941 6.07937 6.0687 6.05748 6.04575 6.03359 6.02105 6.00819 5.99509 5.9818 5.96838 5.95491 5.94145 5.92805 5.91477 5.90167 5.8888 5.87622 5.86396 5.85208 5.84061 5.82959 5.81905 5.80903 5.79953 5.7906 5.78224 5.77447 5.76731 5.76076 5.75484 5.74955 5.7449 5.74088 5.73751 5.73478 5.7327 5.73126 5.73047 
5.7256 5.72613 5.72733 5.72921 5.73176 5.735 5.73891 5.74349 5.74874 5.75466 5.76124 5.76848 5.77636 5.78487 5.79399 5.80371 5.814 5.82484 5.83621 5.84805 5.86035 5.87306 5.88613 5.89952 5.91317 5.92703 5.94105 5.95517 5.96931 5.98343 5.99744 6.0113 6.02493 6.03826 6.05123 6.06378 6.07584 6.08735 6.09826 6.1085 6.11802 6.12678 6.13472 6.14182 6.14802 6.1533 6.15764 6.161 6.16337 6.16474 6.1651 6.16444 6.16279 6.16013 6.15649 6.15188 6.14634 6.13989 6.13256 6.12439 6.11543 6.10573 6.09533 6.08429 6.07267 6.06053 6.04794 6.03494 6.02162 6.00804 5.99426 5.98035 5.96638 5.95241 5.9385 5.92472 5.91111 5.89775 5.88467 5.87194 5.85959 5.84766 5.8362 5.82523 5.81479 5.80491 5.79561 5.7869 5.77881 5.77134 5.76452 5.75835 5.75283 5.74797 5.74378 5.74026 5.73741 5.73524 5.73374 5.73291 
5.728 5.72854 5.72979 5.73174 5.7344 5.73776 5.74182 5.74658 5.75204 5.7582 5.76504 5.77256 5.78074 5.78958 5.79905 5.80914 5.81983 5.83108 5.84287 5.85515 5.86791 5.88108 5.89463 5.9085 5.92264 5.937 5.95151 5.96612 5.98075 5.99535 6.00985 6.02418 6.03826 6.05204 6.06544 6.0784 6.09085 6.10274 6.11399 6.12456 6.13439 6.14342 6.15162 6.15894 6.16534 6.17078 6.17525 6.17871 6.18116 6.18257 6.18294 6.18226 6.18055 6.17781 6.17405 6.1693 6.16358 6.15692 6.14936 6.14093 6.13169 6.12167 6.11093 6.09953 6.08753 6.07499 6.06197 6.04854 6.03477 6.02072 6.00647 5.99207 5.97761 5.96315 5.94875 5.93447 5.92038 5.90653 5.89297 5.87976 5.86695 5.85458 5.84268 5.8313 5.82046 5.8102 5.80053 5.79148 5.78307 5.77531 5.76822 5.7618 5.75606 5.75101 5.74665 5.74298 5.74001 5.73775 5.73618 5.73532 
5.73035 5.73091 5.73221 5.73423 5.73698 5.74047 5.74468 5.74962 5.75528 5.76166 5.76876 5.77655 5.78503 5.79419 5.804 5.81446 5.82552 5.83717 5.84937 5.86209 5.87528 5.88891 5.90292 5.91726 5.93187 5.94671 5.9617 5.97679 5.9919 6.00697 6.02193 6.03671 6.05123 6.06544 6.07926 6.09262 6.10545 6.11769 6.12929 6.14017 6.15029 6.15959 6.16803 6.17556 6.18215 6.18775 6.19235 6.19591 6.19842 6.19987 6.20025 6.19956 6.1978 6.19498 6.19111 6.18622 6.18033 6.17347 6.16568 6.157 6.14748 6.13716 6.1261 6.11435 6.10198 6.08904 6.07562 6.06177 6.04756 6.03306 6.01835 6.00349 5.98856 5.97361 5.95873 5.94398 5.92941 5.91508 5.90106 5.8874 5.87414 5.86133 5.84902 5.83723 5.826 5.81537 5.80535 5.79597 5.78725 5.7792 5.77184 5.76518 5.75922 5.75398 5.74945 5.74565 5.74256 5.74021 5.73858 5.73768 
5.73265 5.73323 5.73456 5.73665 5.7395 5.74311 5.74747 5.75258 5.75844 5.76504 5.77237 5.78043 5.78921 5.79867 5.80882 5.81962 5.83106 5.84309 5.85569 5.86882 5.88244 5.8965 5.91096 5.92575 5.94083 5.95612 5.97157 5.98712 6.00269 6.01821 6.03361 6.04883 6.06378 6.0784 6.09262 6.10636 6.11955 6.13214 6.14406 6.15525 6.16565 6.1752 6.18387 6.19161 6.19837 6.20413 6.20885 6.21251 6.21509 6.21658 6.21697 6.21626 6.21444 6.21155 6.20757 6.20255 6.1965 6.18945 6.18145 6.17253 6.16274 6.15212 6.14075 6.12867 6.11594 6.10263 6.08882 6.07456 6.05993 6.045 6.02985 6.01454 5.99915 5.98375 5.96841 5.95319 5.93816 5.92338 5.90892 5.89481 5.88112 5.86789 5.85517 5.84299 5.83138 5.82039 5.81003 5.80033 5.79131 5.78298 5.77537 5.76847 5.76231 5.75687 5.75219 5.74824 5.74505 5.74261 5.74092 5.73999 
5.73487 5.73547 5.73685 5.73901 5.74195 5.74567 5.75017 5.75545 5.76149 5.76831 5.77588 5.78419 5.79324 5.80301 5.81347 5.82461 5.8364 5.8488 5.86179 5.87532 5.88935 5.90383 5.91871 5.93393 5.94945 5.96518 5.98108 5.99706 6.01307 6.02902 6.04485 6.06048 6.07584 6.09085 6.10545 6.11955 6.1331 6.14602 6.15824 6.16972 6.18038 6.19019 6.19908 6.20701 6.21394 6.21984 6.22468 6.22843 6.23108 6.2326 6.233 6.23227 6.23041 6.22744 6.22337 6.21822 6.21201 6.20478 6.19658 6.18742 6.17738 6.16649 6.15482 6.14242 6.12935 6.11569 6.1015 6.08686 6.07183 6.05649 6.04091 6.02517 6.00935 5.99351 5.97772 5.96206 5.94659 5.93138 5.91648 5.90195 5.88785 5.87422 5.8611 5.84854 5.83658 5.82524 5.81455 5.80454 5.79523 5.78664 5.77878 5.77166 5.76529 5.75968 5.75483 5.75076 5.74746 5.74494 5.74319 5.74222 
5.73702 5.73763 5.73905 5.74127 5.7443 5.74813 5.75277 5.7582 5.76443 5.77144 5.77924 5.7878 5.79712 5.80717 5.81794 5.8294 5.84152 5.85428 5.86763 5.88154 5.89596 5.91084 5.92612 5.94176 5.95769 5.97385 5.99016 6.00657 6.02299 6.03935 6.05558 6.07161 6.08735 6.10274 6.11769 6.13214 6.14602 6.15925 6.17177 6.18351 6.19443 6.20446 6.21356 6.22168 6.22877 6.23481 6.23976 6.2436 6.2463 6.24786 6.24827 6.24752 6.24562 6.24258 6.23841 6.23314 6.22679 6.2194 6.21099 6.20162 6.19134 6.18019 6.16823 6.15553 6.14215 6.12815 6.1136 6.09859 6.08318 6.06745 6.05147 6.03533 6.01909 6.00283 5.98662 5.97054 5.95466 5.93903 5.92372 5.90879 5.89429 5.88027 5.86678 5.85387 5.84156 5.82989 5.81889 5.80859 5.799 5.79015 5.78205 5.77471 5.76815 5.76237 5.75738 5.75318 5.74978 5.74717 5.74537 5.74437 
5.73906 5.73969 5.74115 5.74343 5.74654 5.75048 5.75524 5.76083 5.76723 5.77444 5.78244 5.79124 5.8008 5.81113 5.82218 5.83395 5.84639 5.85948 5.87318 5.88745 5.90224 5.91749 5.93316 5.94919 5.96552 5.98207 5.99878 6.01558 6.03239 6.04914 6.06575 6.08215 6.09826 6.11399 6.12929 6.14406 6.15824 6.17177 6.18456 6.19657 6.20772 6.21797 6.22726 6.23555 6.2428 6.24896 6.25402 6.25794 6.2607 6.26229 6.26271 6.26194 6.26 6.2569 6.25264 6.24726 6.24077 6.23322 6.22463 6.21506 6.20455 6.19315 6.18093 6.16794 6.15426 6.13994 6.12507 6.10971 6.09394 6.07784 6.06148 6.04495 6.02832 6.01167 5.99507 5.97859 5.96231 5.94629 5.93059 5.91528 5.90041 5.88603 5.87219 5.85893 5.84629 5.83431 5.82302 5.81243 5.80259 5.79349 5.78517 5.77763 5.77088 5.76494 5.75981 5.75549 5.75199 5.74931 5.74746 5.74643 
5.741 5.74164 5.74313 5.74548 5.74867 5.75271 5.75759 5.76331 5.76987 5.77726 5.78547 5.79448 5.80429 5.81486 5.82619 5.83824 5.85098 5.86439 5.87841 5.89302 5.90815 5.92376 5.93979 5.95619 5.97288 5.9898 6.00688 6.02405 6.04123 6.05834 6.07531 6.09205 6.1085 6.12456 6.14017 6.15525 6.16972 6.18351 6.19657 6.20881 6.22019 6.23064 6.24011 6.24856 6.25595 6.26223 6.26739 6.27138 6.2742 6.27582 6.27624 6.27546 6.27349 6.27032 6.26598 6.26049 6.25388 6.24618 6.23742 6.22766 6.21694 6.20531 6.19285 6.17959 6.16563 6.15101 6.13583 6.12015 6.10404 6.0876 6.07089 6.054 6.03701 6.01998 6.00301 5.98616 5.96951 5.95312 5.93706 5.92139 5.90617 5.89145 5.87728 5.8637 5.85075 5.83848 5.82691 5.81606 5.80597 5.79665 5.78811 5.78038 5.77347 5.76737 5.7621 5.75767 5.75408 5.75133 5.74943 5.74838 
5.74282 5.74347 5.745 5.74739 5.75066 5.75479 5.75979 5.76564 5.77235 5.77991 5.7883 5.79752 5.80754 5.81836 5.82993 5.84225 5.85527 5.86897 5.8833 5.89821 5.91366 5.9296 5.94597 5.9627 5.97974 5.997 6.01442 6.03193 6.04945 6.0669 6.0842 6.10126 6.11802 6.13439 6.15029 6.16565 6.18038 6.19443 6.20772 6.22019 6.23177 6.2424 6.25204 6.26065 6.26816 6.27456 6.2798 6.28386 6.28673 6.28838 6.28881 6.28802 6.28601 6.28278 6.27837 6.27278 6.26605 6.25821 6.2493 6.23936 6.22845 6.21662 6.20392 6.19042 6.17619 6.16131 6.14584 6.12985 6.11344 6.09668 6.07964 6.06242 6.04509 6.02772 6.01041 5.99321 5.97622 5.95949 5.94309 5.92709 5.91154 5.8965 5.88202 5.86815 5.85492 5.84238 5.83054 5.81945 5.80913 5.7996 5.79087 5.78296 5.77588 5.76964 5.76426 5.75972 5.75604 5.75323 5.75128 5.7502 
5.7445 5.74517 5.74672 5.74917 5.7525 5.75672 5.76182 5.7678 5.77464 5.78236 5.79092 5.80033 5.81055 5.82158 5.83339 5.84595 5.85923 5.87319 5.8878 5.903 5.91875 5.93499 5.95166 5.9687 5.98605 6.00363 6.02137 6.03919 6.05702 6.07477 6.09237 6.10973 6.12678 6.14342 6.15959 6.1752 6.19019 6.20446 6.21797 6.23064 6.2424 6.25321 6.26301 6.27174 6.27938 6.28587 6.2912 6.29532 6.29823 6.29991 6.30035 6.29954 6.2975 6.29423 6.28975 6.28407 6.27723 6.26927 6.26022 6.25012 6.23903 6.227 6.21409 6.20037 6.18591 6.17077 6.15504 6.13878 6.12209 6.10503 6.0877 6.07017 6.05253 6.03485 6.01722 5.99971 5.9824 5.96535 5.94865 5.93234 5.9165 5.90117 5.8864 5.87226 5.85877 5.84597 5.8339 5.82259 5.81205 5.80233 5.79342 5.78534 5.77812 5.77175 5.76625 5.76162 5.75786 5.75499 5.753 5.75189 
5.74604 5.74672 5.7483 5.75079 5.75419 5.75848 5.76368 5.76976 5.77674 5.78459 5.79331 5.80289 5.8133 5.82452 5.83654 5.84932 5.86284 5.87704 5.8919 5.90736 5.92337 5.93989 5.95684 5.97416 5.99179 6.00966 6.02768 6.04578 6.06389 6.08192 6.09979 6.11742 6.13472 6.15162 6.16803 6.18387 6.19908 6.21356 6.22726 6.24011 6.25204 6.26301 6.27294 6.2818 6.28954 6.29613 6.30153 6.30571 6.30866 6.31036 6.31081 6.30999 6.30792 6.3046 6.30006 6.2943 6.28737 6.27929 6.27011 6.25987 6.24862 6.23641 6.22332 6.2094 6.19472 6.17936 6.16338 6.14688 6.12993 6.11261 6.09501 6.0772 6.05928 6.04132 6.0234 6.00561 5.98801 5.97068 5.9537 5.93712 5.921 5.90541 5.89039 5.876 5.86227 5.84924 5.83696 5.82544 5.81472 5.80481 5.79574 5.78752 5.78016 5.77367 5.76807 5.76335 5.75952 5.75659 5.75456 5.75344 
5.74743 5.74812 5.74973 5.75226 5.75571 5.76007 5.76535 5.77153 5.77862 5.7866 5.79546 5.80518 5.81576 5.82716 5.83937 5.85235 5.86606 5.88049 5.89557 5.91126 5.92751 5.94427 5.96147 5.97904 5.99692 6.01504 6.03332 6.05167 6.07003 6.08831 6.10642 6.12429 6.14182 6.15894 6.17556 6.19161 6.20701 6.22168 6.23555 6.24856 6.26065 6.27174 6.2818 6.29077 6.29861 6.30527 6.31074 6.31497 6.31796 6.31968 6.32013 6.3193 6.31721 6.31385 6.30925 6.30342 6.29641 6.28823 6.27893 6.26856 6.25717 6.24481 6.23155 6.21745 6.20258 6.18702 6.17083 6.15411 6.13693 6.11938 6.10154 6.08349 6.06531 6.0471 6.02893 6.01088 5.99303 5.97545 5.95822 5.94139 5.92503 5.9092 5.89396 5.87934 5.8654 5.85218 5.8397 5.828 5.81711 5.80704 5.79783 5.78947 5.78199 5.7754 5.7697 5.7649 5.76102 5.75804 5.75597 5.75483 
5.74865 5.74935 5.75098 5.75355 5.75704 5.76147 5.76682 5.77309 5.78028 5.78836 5.79735 5.8072 5.81792 5.82948 5.84185 5.855 5.8689 5.88351 5.89879 5.91468 5.93114 5.94811 5.96552 5.98331 6.00142 6.01975 6.03825 6.05683 6.07541 6.0939 6.11222 6.13029 6.14802 6.16534 6.18215 6.19837 6.21394 6.22877 6.2428 6.25595 6.26816 6.27938 6.28954 6.29861 6.30653 6.31326 6.31878 6.32306 6.32608 6.32782 6.32828 6.32744 6.32532 6.32193 6.31728 6.31139 6.3043 6.29604 6.28664 6.27616 6.26464 6.25215 6.23874 6.22449 6.20945 6.19371 6.17735 6.16044 6.14306 6.1253 6.10725 6.08898 6.07059 6.05216 6.03377 6.0155 5.99743 5.97963 5.96217 5.94513 5.92857 5.91253 5.89709 5.88228 5.86816 5.85475 5.84211 5.83025 5.81921 5.80901 5.79966 5.79119 5.78361 5.77692 5.77114 5.76628 5.76233 5.75931 5.75722 5.75606 
5.7497 5.75041 5.75206 5.75466 5.75819 5.76267 5.76808 5.77443 5.7817 5.78988 5.79896 5.80893 5.81978 5.83146 5.84397 5.85727 5.87132 5.88609 5.90153 5.9176 5.93424 5.95138 5.96898 5.98696 6.00525 6.02377 6.04246 6.06122 6.07998 6.09866 6.11716 6.1354 6.1533 6.17078 6.18775 6.20413 6.21984 6.23481 6.24896 6.26223 6.27456 6.28587 6.29613 6.30527 6.31326 6.32006 6.32563 6.32995 6.33299 6.33475 6.3352 6.33436 6.33223 6.3288 6.32411 6.31818 6.31102 6.30268 6.2932 6.28262 6.271 6.2584 6.24487 6.23048 6.2153 6.19942 6.18289 6.16582 6.14827 6.13034 6.11211 6.09367 6.07509 6.05647 6.03789 6.01943 6.00117 5.98319 5.96555 5.94833 5.93158 5.91537 5.89976 5.88479 5.87051 5.85696 5.84417 5.83218 5.82101 5.81069 5.80123 5.79266 5.78499 5.77823 5.77238 5.76746 5.76347 5.76041 5.75829 5.75711 
5.75058 5.75129 5.75296 5.75558 5.75915 5.76367 5.76913 5.77554 5.78287 5.79113 5.8003 5.81037 5.82131 5.8331 5.84572 5.85914 5.87332 5.88822 5.9038 5.92 5.93678 5.95408 5.97182 5.98995 6.0084 6.02707 6.04591 6.06483 6.08374 6.10256 6.12121 6.1396 6.15764 6.17525 6.19235 6.20885 6.22468 6.23976 6.25402 6.26739 6.2798 6.2912 6.30153 6.31074 6.31878 6.32563 6.33124 6.33559 6.33865 6.34042 6.34088 6.34004 6.33788 6.33444 6.32971 6.32373 6.31652 6.30813 6.29858 6.28792 6.27622 6.26352 6.24989 6.23539 6.2201 6.20409 6.18744 6.17023 6.15255 6.13448 6.1161 6.09751 6.07878 6.06001 6.04128 6.02266 6.00425 5.98611 5.96832 5.95095 5.93406 5.91771 5.90196 5.88686 5.87245 5.85877 5.84587 5.83376 5.82249 5.81208 5.80253 5.79388 5.78614 5.77931 5.77341 5.76844 5.76441 5.76132 5.75918 5.75799 
5.75127 5.75199 5.75367 5.75631 5.7599 5.76446 5.76996 5.77641 5.7838 5.79212 5.80135 5.81149 5.8225 5.83438 5.84709 5.8606 5.87488 5.88988 5.90556 5.92188 5.93877 5.95617 5.97404 5.99228 6.01084 6.02964 6.04859 6.06763 6.08665 6.10559 6.12435 6.14285 6.161 6.17871 6.19591 6.21251 6.22843 6.2436 6.25794 6.27138 6.28386 6.29532 6.30571 6.31497 6.32306 6.32995 6.33559 6.33996 6.34304 6.34482 6.34528 6.34443 6.34227 6.3388 6.33405 6.32804 6.32079 6.31235 6.30274 6.29203 6.28026 6.26748 6.25377 6.23919 6.22381 6.20771 6.19096 6.17366 6.15587 6.13768 6.1192 6.10049 6.08165 6.06276 6.04391 6.02517 6.00664 5.98839 5.97048 5.95299 5.93599 5.91953 5.90367 5.88847 5.87396 5.86019 5.84719 5.83501 5.82365 5.81316 5.80355 5.79484 5.78704 5.78016 5.77421 5.76921 5.76515 5.76204 5.75988 5.75869 
5.75177 5.7525 5.75418 5.75684 5.76045 5.76503 5.77056 5.77704 5.78447 5.79283 5.80211 5.81229 5.82336 5.8353 5.84807 5.86164 5.87599 5.89106 5.90682 5.92321 5.94017 5.95766 5.9756 5.99393 6.01257 6.03145 6.05049 6.0696 6.08871 6.10773 6.12657 6.14514 6.16337 6.18116 6.19842 6.21509 6.23108 6.2463 6.2607 6.2742 6.28673 6.29823 6.30866 6.31796 6.32608 6.33299 6.33865 6.34304 6.34614 6.34792 6.34839 6.34753 6.34536 6.34188 6.33711 6.33107 6.3238 6.31532 6.30568 6.29492 6.2831 6.27028 6.25652 6.24188 6.22643 6.21027 6.19345 6.17607 6.1582 6.13995 6.12138 6.10259 6.08367 6.0647 6.04576 6.02695 6.00833 5.99 5.97201 5.95444 5.93736 5.92083 5.90489 5.88961 5.87503 5.8612 5.84814 5.83589 5.82449 5.81394 5.80428 5.79553 5.78769 5.78077 5.7748 5.76977 5.76569 5.76256 5.7604 5.75919 
5.75209 5.75281 5.7545 5.75716 5.76079 5.76538 5.77092 5.77743 5.78487 5.79326 5.80256 5.81277 5.82388 5.83584 5.84865 5.86226 5.87664 5.89175 5.90755 5.92398 5.941 5.95853 5.97652 5.99489 6.01358 6.0325 6.05159 6.07075 6.0899 6.10897 6.12785 6.14647 6.16474 6.18257 6.19987 6.21658 6.2326 6.24786 6.26229 6.27582 6.28838 6.29991 6.31036 6.31968 6.32782 6.33475 6.34042 6.34482 6.34792 6.34971 6.35018 6.34932 6.34714 6.34365 6.33887 6.33282 6.32553 6.31703 6.30737 6.29659 6.28474 6.27189 6.25809 6.24342 6.22794 6.21174 6.19488 6.17746 6.15955 6.14125 6.12264 6.1038 6.08483 6.06582 6.04684 6.02798 6.00931 5.99093 5.9729 5.95529 5.93816 5.92158 5.90561 5.89029 5.87567 5.8618 5.8487 5.83642 5.82498 5.81441 5.80473 5.79594 5.78808 5.78115 5.77516 5.77011 5.76602 5.76288 5.76071 5.7595 
